-345.5 504.4 2564.9 51 0.5847133398 0.1505055130 -0.7971564531 0.0236697607 0.9790560007 0.2022104412 0.8108946085 -0.1371036470 0.5689046979
-376.1 305.6 2592.7 0.5847133398 0.1505055130 -0.7971564531 0.0236697607 0.9790560007 0.2022104412 0.8108946085 -0.1371036470 0.5689046979
-404.7 113.8 2619.9 0.5852978230 0.1460321844 -0.7975594401 0.0275299456 0.9795011282 0.1995486319 0.8103508949 -0.1387521476 0.5692796111
-459.5 301.7 2477.2 -0.3031972945 0.3626303971 -0.8812324405 0.8883830309 0.4421174526 -0.1237245873 0.3447419405 -0.8203848600 -0.4562034905
-371.4 43.7 2377.1 -0.7951762676 0.3626303971 -0.4859978855 0.6058636904 0.4421174526 -0.6614086032 -0.0249787215 -0.8203848600 -0.5712658763
-292.6 309.5 2708.2 0.7551257014 0.5544023514 0.3498902619 -0.6544587016 0.6062905788 0.4517693222 0.0383267887 -0.5701313615 0.8206590414
-82.5 127.5 2718.9 0.2142750323 0.5544023514 0.8041917086 -0.7659396529 0.6062905788 -0.2138882875 -0.6061540246 -0.5701313615 0.5545516610
-485.6 -78.6 2572.4 -0.4923679531 0.1687228829 0.8538772464 0.0802774280 0.9856529832 -0.1484711915 -0.8666771650 -0.0045553893 -0.4988485873
-551.7 -464.6 2574.2 -0.4888018370 -0.1717412919 0.8553231359 0.0594821572 0.9715886712 0.2290793657 -0.8703646660 0.1628508866 -0.4646987617
-378.5 -74.1 2718.0 -0.9005348086 -0.0418162718 -0.4327684045 -0.0358546674 0.9991163611 -0.0219307709 0.4333030283 -0.0042326548 -0.9012383223
-362.1 -465.4 2719.6 -0.8911468387 0.1491250545 -0.4285078943 0.0458659008 0.9692137837 0.2419110537 0.4513907731 0.1959243715 -0.8705515862
-147.1 -127.2 2384.2 0 0 0 0 0 0 0 0 0
-23.4 -84.1 2551.4 0 0 0 0 0 0 0 0 0
-497.1 -773.4 2522.4 0 0 0 0 0 0 0 0 0
-418.2 -830.3 2645.9 0 0 0 0 0 0 0 0 0
-342.6 504.7 2565.1 52 0.5763229728 0.1601780504 -0.8013706207 0.0240440108 0.9768552780 0.2125457227 0.8168682456 -0.1417631358 0.5591328144
-375.1 306.3 2593.9 0.5763229728 0.1601780504 -0.8013706207 0.0240440108 0.9768552780 0.2125457227 0.8168682456 -0.1417631358 0.5591328144
-405.5 114.8 2621.8 0.5768880844 0.1551648825 -0.8019500971 0.0275466610 0.9775373936 0.2089541554 0.8163585663 -0.1426342130 0.5596554279
-457.3 302.4 2477.5 -0.2941556275 0.3472009599 -0.8904627562 0.8918111324 0.4347740114 -0.1250779927 0.3437228799 -0.8309170008 -0.4375288785
-372.4 44.9 2378.3 -0.7942572832 0.3472009599 -0.4986049235 0.6074190140 0.4347740114 -0.6648410559 -0.0140529992 -0.8309170008 -0.5562189221
-292.9 310.2 2710.2 0.7345970869 0.6251655817 0.2636951208 -0.6726916432 0.6202918887 0.4033905268 0.0886179283 -0.4737150073 0.8762083054
-92.8 127.0 2734.3 0.2502096593 0.6251655817 0.7392990589 -0.7341893911 0.6202918887 -0.2760505378 -0.6311585307 -0.4737150073 0.6141929626
-486.2 -80.5 2573.8 -0.4821062386 0.1660738438 0.8602284789 0.0816259310 0.9861131907 -0.1446304470 -0.8723019958 0.0004897072 -0.4889672399
-551.2 -466.8 2573.6 -0.4784813523 -0.1739599854 0.8606936336 0.0607853495 0.9712666273 0.2301006615 -0.8759912848 0.1624164432 -0.4541587234
-380.4 -75.5 2720.3 -0.9045408368 -0.0461575314 -0.4238812327 -0.0459108390 0.9988871813 -0.0108000385 0.4239080250 0.0096916677 -0.9056533575
-362.3 -466.8 2716.5 -0.8935285807 0.1508174092 -0.4229193628 0.0586208329 0.9730226398 0.2231379598 0.4451632202 0.1745882481 -0.8782645464
-148.2 -126.5 2382.3 0 0 0 0 0 0 0 0 0
-22.3 -79.9 2556.4 0 0 0 0 0 0 0 0 0
-496.4 -773.1 2522.4 0 0 0 0 0 0 0 0 0
-419.1 -833.1 2650.8 0 0 0 0 0 0 0 0 0
-336.7 512.0 2565.2 53 0.5703347921 0.1752126068 -0.8025078177 0.0214736406 0.9734710455 0.2278003544 0.8211315870 -0.1471552402 0.5514419675
-372.7 311.7 2595.5 0.5703347921 0.1752126068 -0.8025078177 0.0214736406 0.9734710455 0.2278003544 0.8211315870 -0.1471552402 0.5514419675
-405.6 120.7 2623.5 0.5705122948 0.1677000970 -0.8039852977 0.0224824548 0.9753751755 0.2194032967 0.8209812641 -0.1432478428 0.5526932478
-454.0 308.5 2478.5 -0.2710915506 0.3355702162 -0.9021651745 0.8969184756 0.4282372296 -0.1102274284 0.3493516743 -0.8390503526 -0.4170706272
-374.8 46.6 2376.4 -0.7897457480 0.3355702162 -0.5135116577 0.6134280562 0.4282372296 -0.6635652781 -0.0027679252 -0.8390503526 -0.5440467596
-291.4 315.0 2712.5 0.7100968957 0.6556798816 0.2566052377 -0.7008762360 0.6233733296 0.3466673493 0.0673419610 -0.4260159135 0.9022058845
-95.8 121.9 2731.0 0.2797069848 0.6556798816 0.7013186812 -0.7246276140 0.6233733296 -0.2938036025 -0.6298244596 -0.4260159135 0.6494856477
-488.0 -79.1 2575.9 -0.4734083414 0.1607880294 0.8660437465 0.0889883712 0.9868986011 -0.1345817000 -0.8763364553 0.0133557236 -0.4815143049
-551.0 -465.6 2570.7 -0.4673732817 -0.1735596955 0.8668559790 0.0534303263 0.9732017517 0.2236594260 -0.8824440241 0.1508488357 -0.4455751479
-383.7 -74.1 2723.5 -0.9069365859 -0.0574397370 -0.4173327982 -0.0669684559 0.9977213144 0.0082123876 0.4159100950 0.0353962481 -0.9087166190
-361.3 -464.7 2709.6 -0.8935272694 0.1566234529 -0.4208065569 0.0819268152 0.9783266783 0.1901706606 0.4414714575 0.1354473233 -0.8869932294
-153.3 -125.5 2377.2 0 0 0 0 0 0 0 0 0
-16.8 -82.9 2553.0 0 0 0 0 0 0 0 0 0
-496.3 -772.6 2523.1 0 0 0 0 0 0 0 0 0
-420.2 -832.9 2658.7 0 0 0 0 0 0 0 0 0
-337.1 512.9 2572.7 54 0.5716069341 0.1776380092 -0.8010681868 0.0057720663 0.9753895998 0.2204127163 0.8205072880 -0.1306132674 0.5565141439
-373.4 313.2 2599.5 0.5716069341 0.1776380092 -0.8010681868 0.0057720663 0.9753895998 0.2204127163 0.8205072880 -0.1306132674 0.5565141439
-407.0 121.9 2625.2 0.5723433495 0.1711491495 -0.8019545078 0.0098931687 0.9764641523 0.2154527456 0.8199543953 -0.1312468201 0.5571795702
-455.0 311.8 2482.6 -0.2708785534 0.3533939719 -0.8953979611 0.8920413256 0.4417454004 -0.0955158547 0.3617832065 -0.8246051669 -0.4349013865
-375.7 50.5 2376.7 -0.7806202173 0.3533939719 -0.5155043602 0.6250056028 0.4417454004 -0.6436062455 0.0002751224 -0.8246051669 -0.5657086372
-291.9 314.6 2716.3 0.6871628165 0.6956446171 0.2094894499 -0.7250828743 0.6386647820 0.2576084435 0.0454103984 -0.3289161623 0.9432666898
-99.4 111.5 2729.0 0.3179834783 0.6956446171 0.6441778541 -0.6843054295 0.6386647820 -0.3518995941 -0.6562107801 -0.3289161623 0.6791182756
-490.0 -72.3 2577.3 -0.4770590663 0.1563459486 0.8648529053 0.0888008401 0.9875885248 -0.1295505911 -0.8743734956 0.0149963805 -0.4850217104
-551.2 -459.2 2571.4 -0.4707694352 -0.1699732840 0.8657281399 0.0507158637 0.9744297862 0.2188937962 -0.8807973862 0.1469546556 -0.4501114190
-386.8 -68.2 2725.7 -0.9061238170 -0.0691456646 -0.4173229635 -0.0716172159 0.9973844886 -0.0097544305 0.4169059396 0.0210487861 -0.9087058902
-359.8 -458.8 2717.5 -0.8923175931 0.1603925973 -0.4219520092 0.0694455802 0.9723948240 0.2227680236 0.4460343122 0.1694771349 -0.8788235784
-156.8 -124.8 2376.6 0 0 0 0 0 0 0 0 0
-8.6 -83.9 2541.6 0 0 0 0 0 0 0 0 0
-496.7 -771.7 2524.3 0 0 0 0 0 0 0 0 0
-420.1 -824.6 2653.7 0 0 0 0 0 0 0 0 0
-333.9 515.5 2578.0 55 0.5916929245 0.1758667678 -0.7867466807 -0.0093972003 0.9773529768 0.2114068568 0.8061086535 -0.1176947206 0.5799455047
-369.9 315.1 2602.1 0.5916929245 0.1758667678 -0.7867466807 -0.0093972003 0.9773529768 0.2114068568 0.8061086535 -0.1176947206 0.5799455047
-402.9 123.5 2626.2 0.5932039618 0.1682559997 -0.7872731090 -0.0008110196 0.9780400395 0.2084155977 0.8050518036 -0.1229944602 0.5803136826
-454.5 315.2 2487.5 -0.2637903392 0.3343329430 -0.9047851562 0.8916856647 0.4422366619 -0.0965574905 0.3678468168 -0.8322548866 -0.4147776663
-376.9 53.1 2379.3 -0.7760241032 0.3343329430 -0.5347971916 0.6302775741 0.4422366619 -0.6381041408 0.0231676847 -0.8322548866 -0.5539088845
-285.4 315.0 2716.8 0.6656370759 0.7247689962 0.1778685004 -0.7448228598 0.6303316355 0.2189085037 0.0465419553 -0.2781941295 0.9593966007
-99.2 106.6 2729.8 0.3254014552 0.7247689962 0.6073086858 -0.6690562963 0.6303316355 -0.3937584460 -0.6681897640 -0.2781941295 0.6900221109
-492.2 -70.2 2576.8 -0.5022920370 0.1508704275 0.8514345884 0.0809518024 0.9885412455 -0.1274087280 -0.8609004021 0.0049287821 -0.5087496042
-551.3 -457.4 2574.8 -0.4978329539 -0.1698925942 0.8504697680 0.0543799624 0.9725808501 0.2261178643 -0.8655663729 0.1588174403 -0.4749440551
-388.8 -68.4 2725.0 -0.8950542212 -0.0730864555 -0.4399275780 -0.0783558860 0.9969061613 -0.0062000435 0.4390196502 0.0289215371 -0.8980118632
-360.1 -458.8 2713.7 -0.8817799091 0.1560200155 -0.4451089501 0.0624717399 0.9740240574 0.2176566422 0.4675056040 0.1641185284 -0.8686216474
-158.7 -124.1 2372.8 0 0 0 0 0 0 0 0 0
-5.4 -86.2 2537.3 0 0 0 0 0 0 0 0 0
-496.3 -772.1 2523.4 0 0 0 0 0 0 0 0 0
-418.9 -825.5 2651.9 0 0 0 0 0 0 0 0 0
-333.9 511.8 2579.6 56 0.5875832438 0.1788764149 -0.7891445756 -0.0107732480 0.9769024253 0.2134141475 0.8090919852 -0.1168969348 0.5759385824
-370.4 312.4 2603.5 0.5875832438 0.1788764149 -0.7891445756 -0.0107732480 0.9769024253 0.2134141475 0.8090919852 -0.1168969348 0.5759385824
-404.0 120.9 2627.5 0.5891964436 0.1711532772 -0.7896544337 -0.0017657779 0.9775778055 0.2105671167 0.8079879284 -0.1226710379 0.5762875676
-454.4 312.6 2488.4 -0.2641436458 0.3354372084 -0.9042732120 0.8886429071 0.4490717947 -0.0929962248 0.3748891950 -0.8281403184 -0.4167033434
-377.9 55.4 2379.8 -0.7722609043 0.3354372084 -0.5395321846 0.6345348358 0.4490717947 -0.6290469170 0.0312829390 -0.8281403184 -0.5596472025
-286.5 312.1 2718.6 0.6664271951 0.7204018831 0.1920831203 -0.7452366352 0.6359375715 0.2005138546 0.0222976860 -0.2767752707 0.9606759548
-101.4 105.1 2724.8 0.3518375456 0.7204018831 0.5976884365 -0.6789991260 0.6359375715 -0.3668018579 -0.6443372369 -0.2767752707 0.7128989697
-489.5 -67.9 2577.6 -0.4976510108 0.1555040628 0.8533240557 0.0827519968 0.9878223538 -0.1317539066 -0.8634208441 0.0050468072 -0.5044590831
-550.4 -454.9 2575.6 -0.4940367043 -0.1635987014 0.8539105654 0.0604957230 0.9732888341 0.2214703858 -0.8673338294 0.1610724330 -0.4709433615
-382.3 -68.1 2723.0 -0.8988668919 -0.0554138683 -0.4347040057 -0.0529104173 0.9984393716 -0.0178695507 0.4350158274 0.0069380230 -0.9003961086
-360.6 -459.0 2720.3 -0.8864709139 0.1592585742 -0.4345182180 0.0583737493 0.9699016809 0.2363963872 0.4590880871 0.1841940582 -0.8690861464
-160.0 -123.7 2371.0 0 0 0 0 0 0 0 0 0
-2.7 -85.2 2544.2 0 0 0 0 0 0 0 0 0
-497.0 -772.6 2523.0 0 0 0 0 0 0 0 0 0
-420.6 -824.1 2651.0 0 0 0 0 0 0 0 0 0
-326.8 515.5 2572.5 57 0.5772062540 0.1924985945 -0.7935850620 0.0018099530 0.9715140462 0.2369749844 0.8165963888 -0.1382197887 0.5604155660
-366.5 315.2 2601.0 0.5772062540 0.1924985945 -0.7935850620 0.0018099530 0.9715140462 0.2369749844 0.8165963888 -0.1382197887 0.5604155660
-402.7 124.6 2627.8 0.5779348612 0.1844153255 -0.7949731350 0.0055691814 0.9732188582 0.2298129201 0.8160639405 -0.1372442394 0.5614300370
-448.9 314.4 2484.7 -0.2412769049 0.3097108305 -0.9197090268 0.9022865891 0.4205179811 -0.0950974151 0.3573014736 -0.8527859449 -0.3809092045
-379.0 53.0 2381.2 -0.7768210769 0.3097108305 -0.5482957959 0.6290945411 0.4205179811 -0.6537619233 0.0280910861 -0.8527859449 -0.5215046406
-284.2 316.0 2717.2 0.6485093236 0.7426761985 0.1669362336 -0.7609506249 0.6268213391 0.1674788296 0.0197433382 -0.2356418222 0.9716393948
-99.8 99.7 2722.8 0.3500561118 0.7426761985 0.5708702207 -0.6633799672 0.6268213391 -0.4086832106 -0.6613529325 -0.2356418222 0.7120991945
-490.7 -70.4 2578.5 -0.4826444089 0.1498582214 0.8629002571 0.0860369280 0.9885996580 -0.1235653087 -0.8715801835 0.0146031855 -0.4900354147
-549.4 -457.6 2572.8 -0.4784530699 -0.1617199928 0.8630928397 0.0597484633 0.9746214151 0.2157387733 -0.8760780692 0.1547893584 -0.4566481113
-384.2 -70.7 2724.6 -0.9044119120 -0.0571869500 -0.4228105843 -0.0533046760 0.9983572364 -0.0210108832 0.4233175516 0.0035352882 -0.9059744477
-361.8 -461.7 2723.2 -0.8937188387 0.1510875970 -0.4224205613 0.0446286611 0.9668551683 0.2513948381 0.4464021623 0.2058242410 -0.8708395362
-160.8 -123.7 2373.3 0 0 0 0 0 0 0 0 0
-3.0 -83.8 2539.9 0 0 0 0 0 0 0 0 0
-497.0 -773.5 2522.6 0 0 0 0 0 0 0 0 0
-418.7 -825.7 2645.7 0 0 0 0 0 0 0 0 0
-328.8 510.3 2576.9 58 0.5867229700 0.1891930997 -0.7873767614 -0.0087257465 0.9737454653 0.2274722159 0.8097407222 -0.1265927255 0.5729696751
-367.5 311.0 2602.8 0.5867229700 0.1891930997 -0.7873767614 -0.0087257465 0.9737454653 0.2274722159 0.8097407222 -0.1265927255 0.5729696751
-402.7 120.0 2627.9 0.5880097747 0.1795044094 -0.7886841297 -0.0019232032 0.9753714204 0.2205605358 0.8088515401 -0.1281749457 0.5738731027
-451.3 311.3 2487.5 -0.2532893419 0.2976129949 -0.9204732776 0.8944313526 0.4345535040 -0.1056208238 0.3685607612 -0.8500527740 -0.3762621880
-378.4 53.7 2381.4 -0.7750949860 0.2976129949 -0.5573636293 0.6298155785 0.4345535040 -0.6438133121 0.0505971126 -0.8500527740 -0.5242615342
-283.7 310.8 2718.0 0.6550483704 0.7343450785 0.1779015511 -0.7555274963 0.6336286664 0.1664119661 0.0094802864 -0.2434173822 0.9698752761
-101.8 100.9 2720.7 0.3675630093 0.7343450785 0.5706441402 -0.6726881862 0.6336286664 -0.3821064234 -0.6421744823 -0.2434173822 0.7268837094
-491.0 -66.5 2580.9 -0.4928230047 0.1529469490 0.8565819860 0.1003911123 0.9878508449 -0.1186269671 -0.8643188477 0.0275311209 -0.5021901131
-550.9 -453.4 2570.1 -0.4844368696 -0.1659308821 0.8589457870 0.0468562022 0.9755166173 0.2148764133 -0.8735705018 0.1443409920 -0.4648013115
-386.6 -65.5 2728.4 -0.8976612687 -0.0710650980 -0.4349183738 -0.0801341832 0.9967808723 0.0025223570 0.4333390892 0.0371160507 -0.9004663229
-358.7 -455.6 2713.9 -0.8830491900 0.1631373465 -0.4400117099 0.0715335906 0.9734666944 0.2173603326 0.4637963474 0.1604642421 -0.8712887764
-160.7 -123.2 2367.2 0 0 0 0 0 0 0 0 0
-1.9 -81.9 2546.1 0 0 0 0 0 0 0 0 0
-496.5 -773.6 2522.7 0 0 0 0 0 0 0 0 0
-420.1 -821.8 2653.5 0 0 0 0 0 0 0 0 0
-331.3 510.8 2597.1 59 0.5841497183 0.1815473139 -0.7910813093 -0.0531053469 0.9811236858 0.1859466136 0.8099067211 -0.0666100234 0.5827642679
-368.2 311.4 2610.6 0.5841497183 0.1815473139 -0.7910813093 -0.0531053469 0.9811236858 0.1859466136 0.8099067211 -0.0666100234 0.5827642679
-401.7 119.3 2625.4 0.5865353346 0.1708409488 -0.7917004824 -0.0398126245 0.9824001193 0.1824966073 0.8089445233 -0.0755210370 0.5830140114
-451.8 317.1 2495.5 -0.2496152967 0.3429586887 -0.9055780172 0.8849266171 0.4605128467 -0.0695183948 0.3931883872 -0.8187229037 -0.4184443355
-378.0 55.4 2379.2 -0.7711423635 0.3429586887 -0.5363942385 0.6357244253 0.4605128467 -0.6195017099 0.0345529467 -0.8187229037 -0.5731481910
-284.6 305.8 2725.7 0.6569228768 0.7319919467 0.1806658655 -0.7538078427 0.6424357891 0.1380217075 -0.0150354356 -0.2268569618 0.9738120437
-103.7 98.2 2721.6 0.3769893050 0.7319919467 0.5675093532 -0.6592711210 0.6424357891 -0.3906889856 -0.6505694985 -0.2268569618 0.7247725725
-491.0 -70.8 2579.8 -0.4971240461 0.1503105611 0.8545609713 0.1085723117 0.9879160523 -0.1106068715 -0.8608598709 0.0377963223 -0.5074363947
-549.9 -457.8 2565.0 -0.4858244956 -0.1638534665 0.8585607409 0.0323764347 0.9782239795 0.2050112933 -0.8734565377 0.1273966432 -0.4699401855
-384.7 -71.2 2726.0 -0.9005306959 -0.0626178682 -0.4302597344 -0.0714863911 0.9974316359 0.0044592875 0.4288754165 0.0347734392 -0.9026941061
-360.2 -461.7 2712.4 -0.8870400190 0.1582092047 -0.4337393343 0.0679405928 0.9739574790 0.2163119763 0.4566662312 0.1624088734 -0.8746881485
-161.1 -123.4 2369.5 0 0 0 0 0 0 0 0 0
-2.1 -79.6 2546.2 0 0 0 0 0 0 0 0 0
-497.1 -773.1 2524.0 0 0 0 0 0 0 0 0 0
-419.8 -828.3 2651.3 0 0 0 0 0 0 0 0 0
-330.8 508.8 2598.2 60 0.5843725801 0.1869421303 -0.7896589637 -0.0647908971 0.9807449579 0.1842321008 0.8088948131 -0.0564974733 0.5852326155
-368.8 309.4 2609.7 0.5843725801 0.1869421303 -0.7896589637 -0.0647908971 0.9807449579 0.1842321008 0.8088948131 -0.0564974733 0.5852326155
-403.2 117.2 2622.7 0.5870965719 0.1753990501 -0.7902864814 -0.0500335917 0.9822404385 0.1808324903 0.8079692125 -0.0666252673 0.5854458809
-452.5 316.6 2494.6 -0.2527087927 0.3138293624 -0.9152318835 0.8886626363 0.4493847191 -0.0912804082 0.3826447427 -0.8363997340 -0.3924518824
-379.0 58.0 2383.2 -0.7678112984 0.3138293624 -0.5585489869 0.6383223534 0.4493847191 -0.6249783635 0.0548668168 -0.8363997340 -0.5453669429
-285.2 302.3 2724.7 0.6671797037 0.7135769725 0.2137268931 -0.7440193295 0.6522971392 0.1447192729 -0.0361450948 -0.2555707097 0.9661144614
-100.5 96.4 2714.7 0.3723486960 0.7135769725 0.5934343934 -0.6621316075 0.6522971392 -0.3689040840 -0.6503369808 -0.2555707097 0.7153638005
-488.2 -69.2 2567.1 -0.5046801567 0.1504838765 0.8500897288 0.0718404055 0.9885959029 -0.1323522776 -0.8603121042 -0.0057247817 -0.5097355843
-547.1 -456.1 2569.3 -0.5007047057 -0.1541323066 0.8517851830 0.0454764329 0.9779767394 0.2036993355 -0.8644227386 0.1407293677 -0.4826681614
-382.1 -76.4 2713.1 -0.9012480974 -0.0523272008 -0.4301322699 -0.0568711571 0.9983788729 -0.0022954580 0.4295551181 0.0223933440 -0.9027629495
-361.6 -467.4 2704.4 -0.8873467445 0.1598316878 -0.4325154424 0.0898303837 0.9799515605 0.1778355241 0.4522679448 0.1189487427 -0.8839145303
-161.0 -123.3 2367.7 0 0 0 0 0 0 0 0 0
-1.0 -80.5 2541.0 0 0 0 0 0 0 0 0 0
-497.1 -773.1 2523.7 0 0 0 0 0 0 0 0 0
-421.7 -836.0 2659.6 0 0 0 0 0 0 0 0 0
-330.3 505.3 2590.7 61 0.6045597196 0.1944361627 -0.7724649310 -0.0622982010 0.9783222675 0.1974953711 0.7941198945 -0.0712745711 0.6035673022
-369.6 307.3 2605.1 0.6045597196 0.1944361627 -0.7724649310 -0.0622982010 0.9783222675 0.1974953711 0.7941198945 -0.0712745711 0.6035673022
-405.3 115.4 2620.5 0.6070007682 0.1823983341 -0.7734861970 -0.0496121719 0.9801033139 0.1921877712 0.7931511402 -0.0782837868 0.6039726138
-456.1 314.4 2492.2 -0.2695120871 0.3385666907 -0.9015186429 0.8848199844 0.4565443397 -0.0930640250 0.3800748587 -0.8227635622 -0.4226147830
-377.8 57.5 2381.8 -0.7723734379 0.3385666907 -0.5374121666 0.6342521310 0.4565443397 -0.6239322424 0.0341098048 -0.8227635622 -0.5673593879
-283.1 300.2 2718.1 0.6740178466 0.7103896141 0.2025995404 -0.7387148142 0.6484056115 0.1840398014 -0.0006267211 -0.2737093866 0.9618122578
-98.6 97.9 2717.9 0.3664707541 0.7103896141 0.6008709073 -0.6727975011 0.6484056115 -0.3562495410 -0.6426840425 -0.2737093866 0.7155699730
-490.6 -70.5 2562.7 -0.5280852914 0.1537074745 0.8351646066 0.0555642284 0.9876290560 -0.1466337442 -0.8473715186 -0.0310298521 -0.5300930142
-550.8 -457.1 2574.9 -0.5273033977 -0.1643937081 0.8336220980 0.0509000272 0.9732310176 0.2241217196 -0.8481510878 0.1606115252 -0.5048204064
-384.5 -79.5 2708.7 -0.8908672929 -0.0543603525 -0.4509993494 -0.0379452594 0.9982494116 -0.0453681350 0.4526760578 -0.0233036987 -0.8913704753
-363.2 -470.1 2717.8 -0.8800170422 0.1539287716 -0.4493060112 0.0577727482 0.9736915827 0.2204246819 0.4714151919 0.1680198461 -0.8657580614
-158.4 -122.7 2372.1 0 0 0 0 0 0 0 0 0
-0.5 -82.1 2546.0 0 0 0 0 0 0 0 0 0
-497.2 -774.1 2522.6 0 0 0 0 0 0 0 0 0
-421.1 -836.2 2654.7 0 0 0 0 0 0 0 0 0
-331.7 506.2 2595.0 62 0.5946943164 0.1862698197 -0.7820755839 -0.0595444888 0.9803223014 0.1882090420 0.8017438054 -0.0653585494 0.5940834284
-369.4 307.6 2608.2 0.5946943164 0.1862698197 -0.7820755839 -0.0595444888 0.9803223014 0.1882090420 0.8017438054 -0.0653585494 0.5940834284
-403.5 115.4 2623.0 0.5974006057 0.1744629592 -0.7827357054 -0.0448242873 0.9817875624 0.1846185178 0.8006892800 -0.0752056465 0.5943406224
-454.5 314.0 2494.2 -0.2643171847 0.3521672189 -0.8978388906 0.8834347725 0.4618604481 -0.0789171457 0.3868842125 -0.8140412569 -0.4331944287
-377.4 56.2 2381.2 -0.7765709758 0.3521672189 -0.5224134326 0.6296697259 0.4618604481 -0.6246606708 0.0212970674 -0.8140412569 -0.5804164410
-284.3 301.2 2722.3 0.6615154743 0.7476083636 0.0589834675 -0.7457374930 0.6474715471 0.1570229828 0.0792015791 -0.1478593200 0.9858319759
-112.0 107.1 2742.9 0.4138338864 0.7476083636 0.5194451809 -0.6282808185 0.6474715471 -0.4313279688 -0.6587903500 -0.1478593200 0.7376536131
-495.9 -71.9 2564.2 -0.5178768039 0.1406701356 0.8438101411 0.0514703766 0.9897240400 -0.1334059685 -0.8539053798 -0.0256566238 -0.5197954178
-550.9 -459.4 2574.2 -0.5181761980 -0.1675498784 0.8387016654 0.0532033592 0.9724096656 0.2271318138 -0.8536174893 0.1623160392 -0.4949653149
-386.1 -80.9 2707.5 -0.8966622353 -0.0555821136 -0.4392123222 -0.0371488631 0.9980348945 -0.0504605770 0.4411539137 -0.0289298538 -0.8969650269
-364.4 -471.6 2718.8 -0.8866720200 0.1478860527 -0.4381123483 0.0549210235 0.9744520187 0.2177772969 0.4591256678 0.1690354645 -0.8721414208
-156.6 -122.8 2375.2 0 0 0 0 0 0 0 0 0
-2.8 -58.7 2569.1 0 0 0 0 0 0 0 0 0
-496.7 -774.4 2521.6 0 0 0 0 0 0 0 0 0
-420.0 -838.3 2655.2 0 0 0 0 0 0 0 0 0
-334.9 507.4 2607.1 63 0.5725050569 0.1716983318 -0.8017216325 -0.0689577088 0.9844459891 0.1615886241 0.8169961572 -0.0372254215 0.5754402876
-369.5 308.8 2614.6 0.5725050569 0.1716983318 -0.8017216325 -0.0689577088 0.9844459891 0.1615886241 0.8169961572 -0.0372254215 0.5754402876
-401.4 115.9 2624.9 0.5753880739 0.1632117480 -0.8014302850 -0.0520023219 0.9852045774 0.1633023620 0.8162256479 -0.0522859991 0.5753623843
-451.5 316.3 2498.4 -0.2488553673 0.3363271356 -0.9082703590 0.8848037720 0.4603751302 -0.0719516203 0.3939458132 -0.8215466142 -0.4121503234
-378.2 55.5 2382.3 -0.7756038308 0.3363271356 -0.5341560841 0.6302132010 0.4603751302 -0.6252088547 0.0356374830 -0.8215466142 -0.5690265298
-287.6 301.4 2730.9 0.6675688028 0.7430295348 0.0475295335 -0.7406736016 0.6562363505 0.1440710574 0.0758584440 -0.1313812137 0.9884252548
-118.3 113.5 2750.1 0.4386276901 0.7430295348 0.5054828525 -0.6257705688 0.6562363505 -0.4216219783 -0.6449937820 -0.1313812137 0.7528094053
-491.7 -72.8 2565.4 -0.4954407811 0.1458786726 0.8563047647 0.0539266467 0.9890612960 -0.1372939795 -0.8669661880 -0.0218433887 -0.4978880286
-548.8 -460.1 2573.9 -0.4961775243 -0.1615001708 0.8530682921 0.0583404936 0.9741247892 0.2183512896 -0.8662587404 0.1581094265 -0.4739168286
-383.7 -80.9 2710.1 -0.9098101258 -0.0483107120 -0.4122034013 -0.0266054273 0.9979481697 -0.0582375079 0.4141711295 -0.0420182236 -0.9092286825
-364.8 -471.7 2726.5 -0.9018323421 0.1442642808 -0.4072912931 0.0423320383 0.9675807953 0.2489887327 0.4300074279 0.2073046267 -0.8787027001
-158.2 -123.3 2372.2 0 0 0 0 0 0 0 0 0
-3.7 -50.0 2581.6 0 0 0 0 0 0 0 0 0
-496.7 -774.4 2522.9 0 0 0 0 0 0 0 0 0
-419.1 -835.7 2648.5 0 0 0 0 0 0 0 0 0
-333.9 508.6 2602.7 64 0.5522935390 0.1767804921 -0.8146904707 -0.0565918423 0.9829536080 0.1749274284 0.8317266703 -0.0505064540 0.5528832674
-369.8 309.0 2613.0 0.5522935390 0.1767804921 -0.8146904707 -0.0565918423 0.9829536080 0.1749274284 0.8317266703 -0.0505064540 0.5528832674
-402.7 116.4 2625.5 0.5550444722 0.1683668792 -0.8146030903 -0.0409172922 0.9836421013 0.1754250973 0.8308137059 -0.0640373826 0.5528542399
-448.8 314.8 2494.6 -0.2422091067 0.3124493957 -0.9185369611 0.8925043941 0.4430248737 -0.0846453086 0.3804873526 -0.8403001428 -0.3861671090
-378.6 56.2 2384.4 -0.7723397017 0.3124493957 -0.5530522466 0.6334828734 0.4430248737 -0.6343724728 0.0468066074 -0.8403001428 -0.5400969982
-290.7 303.2 2731.3 0.6695322394 0.7419388890 0.0354013778 -0.7380715013 0.6591697335 0.1440337151 0.0835287049 -0.1225639656 0.9889393449
-120.4 115.5 2752.5 0.4508507848 0.7419388890 0.4962461293 -0.6258063316 0.6591697335 -0.4169672430 -0.6364746094 -0.1225639656 0.7614972591
-485.3 -72.2 2561.5 -0.4711008072 0.1636706293 0.8667617440 0.0591703877 0.9862850308 -0.1540800184 -0.8800925612 -0.0213005897 -0.4743241370
-549.4 -458.4 2569.8 -0.4698625505 -0.1630528420 0.8675499558 0.0516769662 0.9760263562 0.2114286721 -0.8812256455 0.1441747695 -0.4501721561
-381.3 -81.7 2708.9 -0.9190456867 -0.0458794832 -0.3914717436 -0.0327614173 0.9986573458 -0.0401271433 0.3927871585 -0.0240535084 -0.9193148017
-363.4 -472.7 2718.4 -0.9090575576 0.1477731168 -0.3895863295 0.0608458519 0.9720550179 0.2267307788 0.4122040570 0.1824066192 -0.8926452994
-159.7 -123.4 2371.1 0 0 0 0 0 0 0 0 0
-3.6 -46.7 2587.6 0 0 0 0 0 0 0 0 0
-496.7 -773.9 2523.2 0 0 0 0 0 0 0 0 0
-419.0 -838.5 2649.7 0 0 0 0 0 0 0 0 0
-328.9 510.7 2592.0 65 0.5672061443 0.1884078532 -0.8017354012 -0.0482980050 0.9794151187 0.1959930658 0.8221584558 -0.0724462494 0.5646299720
-367.2 311.5 2606.7 0.5672061443 0.1884078532 -0.8017354012 -0.0482980050 0.9794151187 0.1959930658 0.8221584558 -0.0724462494 0.5646299720
-402.2 119.6 2623.1 0.5698658228 0.1788254976 -0.8020438552 -0.0341043100 0.9803398252 0.1943470538 0.8210297227 -0.0833985955 0.5647608638
-448.4 316.4 2489.8 -0.2441169620 0.3129380941 -0.9178652763 0.8965224028 0.4336357117 -0.0905962810 0.3696681261 -0.8450028300 -0.3864138424
-378.0 58.1 2383.3 -0.7670589089 0.3129380941 -0.5600807071 0.6400398016 0.4336357117 -0.6342784166 0.0443811119 -0.8450028300 -0.5329169631
-286.0 306.6 2723.7 0.6478016973 0.7594283223 -0.0601790212 -0.7464199662 0.6485298872 0.1492186189 0.1523487419 -0.0517452508 0.9869712591
-127.4 123.9 2761.0 0.4762056768 0.7594283223 0.4432795346 -0.6083008051 0.6485298872 -0.4575796723 -0.6349790096 -0.0517452508 0.7707944512
-485.8 -72.5 2563.0 -0.4850059450 0.1645645797 0.8588874936 0.0600154400 0.9860827327 -0.1550452709 -0.8724490404 -0.0236513671 -0.4881323874
-550.3 -458.7 2572.3 -0.4836690724 -0.1671917289 0.8591339588 0.0521339104 0.9743397832 0.2189613134 -0.8736969233 0.1506948322 -0.4625416398
-385.5 -79.9 2713.1 -0.9104166031 -0.0587679446 -0.4094972014 -0.0471367016 0.9981481433 -0.0384497866 0.4109984934 -0.0157029759 -0.9115007520
-362.5 -470.8 2719.3 -0.8991068006 0.1537805796 -0.4098274112 0.0572220422 0.9695152044 0.2382560670 0.4339730740 0.1907664835 -0.8804973364
-160.6 -123.3 2370.7 0 0 0 0 0 0 0 0 0
-5.4 -31.9 2598.3 0 0 0 0 0 0 0 0 0
-496.3 -773.5 2523.6 0 0 0 0 0 0 0 0 0
-420.4 -835.8 2647.4 0 0 0 0 0 0 0 0 0
-334.1 508.0 2596.1 66 0.5700144768 0.1732472032 -0.8031617999 -0.0499106832 0.9830128551 0.1766199768 0.8201172948 -0.0605895892 0.5689784884
-369.2 308.8 2608.4 0.5700144768 0.1732472032 -0.8031617999 -0.0499106832 0.9830128551 0.1766199768 0.8201172948 -0.0605895892 0.5689784884
-401.6 116.2 2622.7 0.5724488497 0.1654953063 -0.8030651212 -0.0357781760 0.9835277200 0.1771811992 0.8191594481 -0.0726949647 0.5689404011
-450.8 313.9 2491.7 -0.2550767958 0.3664883375 -0.8947749138 0.8822655082 0.4668762088 -0.0602841899 0.3956556618 -0.8048061132 -0.4424293041
-377.2 59.3 2377.5 -0.7637128234 0.3664883375 -0.5314404964 0.6450158954 0.4668762088 -0.6049637198 0.0264047682 -0.8048061132 -0.5929501653
-287.7 303.7 2725.1 0.6581448913 0.7482722402 -0.0832703784 -0.7301759124 0.6613350511 0.1716947258 0.1835440099 -0.0521979854 0.9816246629
-129.2 127.8 2769.3 0.4694242477 0.7482722402 0.4687531888 -0.5834429264 0.6613350511 -0.4714131057 -0.6627482772 -0.0521979854 0.7470208406
-488.6 -69.3 2565.2 -0.4890127182 0.1549722999 0.8583997488 0.0573824830 0.9876748323 -0.1456215233 -0.8703871369 -0.0219536647 -0.4918782711
-549.3 -456.1 2573.8 -0.4881806374 -0.1625472009 0.8574718833 0.0523517542 0.9752793312 0.2146846354 -0.8711709976 0.1496950388 -0.4676028788
-385.6 -75.5 2713.6 -0.9091205597 -0.0613061413 -0.4119967520 -0.0563557781 0.9981182218 -0.0241666455 0.4127030075 0.0012480015 -0.9108647704
-361.6 -466.3 2713.1 -0.8963205218 0.1557779759 -0.4151418209 0.0754004866 0.9761667848 0.2035022229 0.4369488358 0.1511013210 -0.8867040873
-161.0 -123.3 2370.1 0 0 0 0 0 0 0 0 0
-8.5 -22.2 2599.0 0 0 0 0 0 0 0 0 0
-496.7 -771.7 2525.4 0 0 0 0 0 0 0 0 0
-420.3 -833.6 2656.3 0 0 0 0 0 0 0 0 0
-332.4 506.5 2588.7 67 0.5631045103 0.1819792390 -0.8060998321 -0.0294910055 0.9792561531 0.2004686892 0.8258593082 -0.0891121179 0.5567902923
-369.4 307.5 2606.8 0.5631045103 0.1819792390 -0.8060998321 -0.0294910055 0.9792561531 0.2004686892 0.8258593082 -0.0891121179 0.5567902923
-403.0 115.6 2625.8 0.5653255582 0.1715373099 -0.8068345785 -0.0171791576 0.9803742170 0.1963958144 0.8246889710 -0.0971668363 0.5571774244
-449.9 309.9 2489.3 -0.2538481951 0.3365568817 -0.9068023562 0.8883316517 0.4520177245 -0.0809125826 0.3826590478 -0.8260807991 -0.4137180150
-378.1 58.6 2381.1 -0.7657908797 0.3365568817 -0.5479906797 0.6418914795 0.4520177245 -0.6193991899 0.0392384380 -0.8260807991 -0.5621840358
-288.8 305.1 2724.3 0.6693671942 0.7424736619 -0.0260849744 -0.7286181450 0.6629250646 0.1721800864 0.1451315731 -0.0962457135 0.9847200513
-123.3 124.9 2760.2 0.4409222603 0.7424736619 0.5043019056 -0.5918015242 0.6629250646 -0.4585862756 -0.6748026013 -0.0962457135 0.7316954136
-485.8 -73.1 2562.9 -0.4778534770 0.1582971960 0.8640590310 0.0585699417 0.9871820807 -0.1484624296 -0.8764848113 -0.0203353968 -0.4809998572
-547.8 -459.8 2570.8 -0.4766499996 -0.1613610238 0.8641570210 0.0512083136 0.9762439728 0.2105360031 -0.8776004314 0.1446040124 -0.4570636749
-382.3 -79.6 2710.9 -0.9131266475 -0.0464509092 -0.4050211012 -0.0354225077 0.9987702966 -0.0346859843 0.4061342478 -0.0173258334 -0.9136491418
-364.1 -470.7 2717.7 -0.9044666290 0.1383165568 -0.4034954906 0.0504359268 0.9740074277 0.2208295763 0.4235520065 0.1793823242 -0.8879333735
-161.0 -123.4 2369.9 0 0 0 0 0 0 0 0 0
-10.1 -27.0 2587.0 0 0 0 0 0 0 0 0 0
-496.1 -772.3 2524.5 0 0 0 0 0 0 0 0 0
-416.1 -837.2 2650.2 0 0 0 0 0 0 0 0 0
-335.1 504.6 2594.5 68 0.5721272230 0.1592231244 -0.8045610189 -0.0456530042 0.9856363535 0.1625939757 0.8188933134 -0.0562938154 0.5711784363
-367.3 305.7 2605.9 0.5721272230 0.1592231244 -0.8045610189 -0.0456530042 0.9856363535 0.1625939757 0.8188933134 -0.0562938154 0.5711784363
-397.1 112.7 2618.5 0.5738954544 0.1518930942 -0.8047189116 -0.0344460085 0.9862561226 0.1615931690 0.8182038069 -0.0650182292 0.5712400079
-449.1 310.6 2489.3 -0.2494727820 0.3386410177 -0.9072406292 0.8863611221 0.4571909904 -0.0730780140 0.3900350332 -0.8223738074 -0.4142149389
-377.8 57.4 2377.9 -0.7678599358 0.3386410177 -0.5437953472 0.6394122243 0.4571909904 -0.6181653142 0.0392821915 -0.8223738074 -0.5675898790
-285.5 300.8 2722.4 0.6617537737 0.7496137619 -0.0126948981 -0.7403604388 0.6560650468 0.1464414001 0.1181031615 -0.0875093490 0.9891378880
-118.4 113.9 2752.2 0.4203792810 0.7496137619 0.5112342834 -0.5740476847 0.6560650468 -0.4899468720 -0.7026738524 -0.0875093490 0.7061101794
-487.7 -74.8 2570.3 -0.4902345836 0.1629324704 0.8562260866 0.0630553588 0.9864276648 -0.1516062021 -0.8693066835 -0.0203329623 -0.4938547313
-551.5 -461.2 2578.3 -0.4910690486 -0.1726504564 0.8538401723 0.0677109435 0.9696324468 0.2350067943 -0.8684850931 0.1732188910 -0.4644661546
-385.5 -77.9 2719.4 -0.9086552262 -0.0593225956 -0.4133116007 -0.0583476312 0.9981837273 -0.0149934487 0.4134503603 0.0104918787 -0.9104661942
-362.3 -468.6 2715.3 -0.8957842588 0.1566354781 -0.4159758091 0.0718138516 0.9745575190 0.2123214155 0.4386494160 0.1603213549 -0.8842418790
-161.0 -123.2 2366.8 0 0 0 0 0 0 0 0 0
-9.5 -34.9 2570.1 0 0 0 0 0 0 0 0 0
-495.9 -773.4 2522.5 0 0 0 0 0 0 0 0 0
-421.2 -835.4 2654.9 0 0 0 0 0 0 0 0 0
-335.9 508.0 2596.9 69 0.5925666690 0.1595241725 -0.7895674706 -0.0545963198 0.9858940244 0.1582157016 0.8036690950 -0.0506458655 0.5929173231
-368.2 308.3 2607.1 0.5925666690 0.1595241725 -0.7895674706 -0.0545963198 0.9858940244 0.1582157016 0.8036690950 -0.0506458655 0.5929173231
-398.8 115.4 2619.5 0.5944795609 0.1561826319 -0.7887971997 -0.0426501594 0.9856994748 0.1630260497 0.8029788136 -0.0632733256 0.5926393867
-452.9 314.4 2492.8 -0.2564897239 0.3374152780 -0.9057394266 0.8830571771 0.4627945125 -0.0776615739 0.3929670453 -0.8197391033 -0.4166590273
-377.9 56.3 2377.9 -0.7699778080 0.3374152780 -0.5415580869 0.6366538405 0.4627945125 -0.6168412566 0.0424984172 -0.8197391033 -0.5711582303
-283.5 302.3 2721.5 0.6579604149 0.7529522777 0.0122836558 -0.7484870553 0.6520910263 0.1206001937 0.0827961341 -0.0885443166 0.9926251769
-115.6 111.3 2742.6 0.4245429635 0.7529522777 0.5028181672 -0.5841404200 0.6520910263 -0.4832775891 -0.6917682290 -0.0885443166 0.7166705132
-478.7 -77.2 2557.3 -0.5153368115 0.1759720594 0.8387262821 0.0518934168 0.9833028316 -0.1744207144 -0.8554151058 -0.0463610440 -0.5158639550
-547.6 -462.2 2575.5 -0.5163359642 -0.1604511887 0.8412209153 0.0578969307 0.9735040069 0.2212191075 -0.8544268012 0.1629274786 -0.4933654964
-375.0 -83.4 2705.2 -0.9002621174 -0.0273835007 -0.4344861805 -0.0012885160 0.9981830716 -0.0602406822 0.4353463352 -0.0536725633 -0.8986616731
-364.3 -473.3 2726.1 -0.8946649432 0.1490717828 -0.4211320579 0.0404068716 0.9658216238 0.2560387850 0.4449066222 0.2120523006 -0.8701102734
-160.9 -123.2 2365.9 0 0 0 0 0 0 0 0 0
-5.1 -40.7 2562.6 0 0 0 0 0 0 0 0 0
-496.5 -772.3 2523.6 0 0 0 0 0 0 0 0 0
-420.3 -836.4 2646.4 0 0 0 0 0 0 0 0 0
-337.0 505.6 2589.6 70 0.5982270837 0.1644847244 -0.7842634320 -0.0427613854 0.9838646054 0.1737294644 0.8001849055 -0.0703934804 0.5956079960
-370.2 307.5 2603.8 0.5982270837 0.1644847244 -0.7842634320 -0.0427613854 0.9838646054 0.1737294644 0.8001849055 -0.0703934804 0.5956079960
-402.0 114.9 2619.3 0.5996055603 0.1626162678 -0.7836000919 -0.0344704241 0.9834773540 0.1777191609 0.7995529771 -0.0795503706 0.5953039527
-455.6 312.4 2489.9 -0.2713607550 0.3453096151 -0.8984011412 0.8829395175 0.4608668983 -0.0895517170 0.3831202686 -0.8175346851 -0.4299487174
-377.2 57.3 2379.2 -0.7722231150 0.3453096151 -0.5333223343 0.6345674992 0.4608668983 -0.6204239130 0.0315522775 -0.8175346851 -0.5750143528
-284.7 302.5 2717.7 0.6683951020 0.7331882715 0.1252316982 -0.7436918616 0.6557968259 0.1298189461 0.0130551839 -0.1799041480 0.9835975170
-109.8 108.0 2721.1 0.4077633619 0.7331882715 0.5442095399 -0.6356945038 0.6557968259 -0.4072137773 -0.6554552317 -0.1799041480 0.7334936261
-483.1 -73.8 2559.4 -0.5191713572 0.1680129915 0.8379932642 0.0512442514 0.9848426580 -0.1657075435 -0.8531325459 -0.0430882722 -0.5199118257
-548.9 -459.5 2576.2 -0.5201946497 -0.1604882777 0.8388331532 0.0573890880 0.9733967185 0.2218227386 -0.8521173596 0.1635308713 -0.4971455038
-375.6 -81.5 2704.4 -0.8968201280 -0.0283994805 -0.4414829314 -0.0065838988 0.9986836910 -0.0508683883 0.4423464239 -0.0427131131 -0.8958265781
-364.5 -472.1 2721.2 -0.8902537823 0.1458339989 -0.4314865172 0.0458317399 0.9712291360 0.2336952239 0.4531529844 0.1882722825 -0.8713242412
-158.0 -122.8 2370.2 0 0 0 0 0 0 0 0 0
-4.8 -55.8 2552.3 0 0 0 0 0 0 0 0 0
-497.0 -774.3 2523.4 0 0 0 0 0 0 0 0 0
-419.4 -837.5 2650.3 0 0 0 0 0 0 0 0 0
-338.0 505.8 2585.9 71 0.6021521688 0.1679726541 -0.7805113196 -0.0404251516 0.9827778935 0.1803147644 0.7973572016 -0.0770246387 0.5985721946
-372.0 306.7 2601.5 0.6021521688 0.1679726541 -0.7805113196 -0.0404251516 0.9827778935 0.1803147644 0.7973572016 -0.0770246387 0.5985721946
-403.6 114.1 2618.2 0.6039082408 0.1609451175 -0.7806352973 -0.0299283974 0.9832891822 0.1795737147 0.7964917421 -0.0850828886 0.5986332893
-458.1 310.9 2488.0 -0.2819829881 0.3782116771 -0.8817264438 0.8796846867 0.4687342346 -0.0802690685 0.3829366565 -0.7982757688 -0.4648820758
-377.1 58.1 2378.0 -0.7569082975 0.3782116771 -0.5329594612 0.6530485749 0.4687342346 -0.5948241353 0.0248469040 -0.7982757688 -0.6017794013
-286.0 302.4 2715.0 0.6721263528 0.7091462612 0.2129734457 -0.7393001318 0.6586642265 0.1399885416 -0.0410056300 -0.2515412867 0.9669775367
-105.8 104.3 2704.0 0.4058564901 0.7091462612 0.5765345097 -0.6730751991 0.6586642265 -0.3363499045 -0.6182639599 -0.2515412867 0.7446318865
-488.0 -74.5 2562.7 -0.5238850117 0.1583480537 0.8369410634 0.0459252782 0.9863902926 -0.1578766108 -0.8505500555 -0.0442724377 -0.5240272880
-550.1 -460.9 2580.0 -0.5267289281 -0.1627874076 0.8343002200 0.0624509379 0.9714277983 0.2289714515 -0.8477361202 0.1727087200 -0.5015128851
-379.6 -80.8 2707.2 -0.8936923742 -0.0426153913 -0.4466518164 -0.0261034463 0.9987314343 -0.0430601165 0.4479202330 -0.0268233456 -0.8936710954
-363.0 -471.6 2717.7 -0.8848466873 0.1496864706 -0.4411806464 0.0481962524 0.9713086486 0.2328875512 0.4633826911 0.1848065108 -0.8666735291
-162.5 -127.0 2370.9 0 0 0 0 0 0 0 0 0
-3.3 -65.8 2547.8 0 0 0 0 0 0 0 0 0
-497.6 -774.2 2524.3 0 0 0 0 0 0 0 0 0
-419.3 -837.2 2648.1 0 0 0 0 0 0 0 0 0
-337.5 506.0 2583.6 72 0.5910794139 0.1642805934 -0.7897069454 -0.0268149022 0.9825010896 0.1843166351 0.8061675429 -0.0877698511 0.5851413012
-370.8 306.6 2601.4 0.5910794139 0.1642805934 -0.7897069454 -0.0268149022 0.9825010896 0.1843166351 0.8061675429 -0.0877698511 0.5851413012
-401.5 114.1 2620.2 0.5928376317 0.1567792445 -0.7899137735 -0.0160511471 0.9829725027 0.1830503047 0.8051620126 -0.0958400965 0.5852596164
-455.3 308.9 2486.7 -0.2759239376 0.3776701987 -0.8838728666 0.8823382258 0.4642622471 -0.0770701841 0.3812416792 -0.8011403084 -0.4613339305
-377.2 59.0 2378.7 -0.7592268586 0.3776701987 -0.5300375819 0.6505463123 0.4642622471 -0.6010407805 0.0190812405 -0.8011403084 -0.5981723070
-286.3 304.3 2716.1 0.6702470779 0.6966672540 0.2557803392 -0.7398762703 0.6541508436 0.1570661366 -0.0578960963 -0.2945189178 0.9538902640
-106.2 105.4 2700.6 0.4068125486 0.6966672540 0.5908961892 -0.6983807087 0.6541508436 -0.2904324830 -0.5888700485 -0.2945189178 0.7526557446
-489.7 -75.7 2562.9 -0.5090759993 0.1450594068 0.8484098911 0.0521366857 0.9890830517 -0.1378275603 -0.8591410518 -0.0259314198 -0.5110813975
-546.5 -463.0 2573.0 -0.5095011592 -0.1538183540 0.8466100097 0.0548224188 0.9760907888 0.2103362381 -0.8587217927 0.1535797566 -0.4888866544
-380.5 -81.1 2706.8 -0.8998866677 -0.0427746996 -0.4340210855 -0.0217302237 0.9983401299 -0.0533360280 0.4355821013 -0.0385650061 -0.8993225098
-363.7 -472.0 2721.9 -0.8919373751 0.1474804133 -0.4274309576 0.0441102162 0.9691832066 0.2423595935 0.4500022233 0.1973155141 -0.8709561229
-162.0 -125.4 2373.3 0 0 0 0 0 0 0 0 0
-3.5 -70.8 2552.0 0 0 0 0 0 0 0 0 0
-497.5 -774.0 2524.1 0 0 0 0 0 0 0 0 0
-419.3 -836.9 2647.6 0 0 0 0 0 0 0 0 0
-337.5 511.0 2591.4 73 0.5751869678 0.1643292159 -0.8013462424 -0.0410097055 0.9841755033 0.1723855883 0.8169933558 -0.0662909672 0.5728240609
-371.2 309.7 2605.0 0.5751869678 0.1643292159 -0.8013462424 -0.0410097055 0.9841755033 0.1723855883 0.8169933558 -0.0662909672 0.5728240609
-402.2 116.9 2619.6 0.5768052936 0.1586229503 -0.8013328910 -0.0311444439 0.9845227599 0.1724671870 0.8162876964 -0.0745229274 0.5728182197
-453.3 314.2 2488.7 -0.2637440562 0.3654605150 -0.8926800489 0.8865593076 0.4564864337 -0.0750515088 0.3800679743 -0.8112081885 -0.4443980157
-376.8 56.8 2378.4 -0.7697940469 0.3654605150 -0.5233122706 0.6381735802 0.4564864337 -0.6199634075 0.0123127839 -0.8112081885 -0.5846278071
-289.0 305.3 2721.3 0.6649212837 0.6803433299 0.3082412481 -0.7389488816 0.6593068838 0.1388127655 -0.1087852344 -0.3200740814 0.9411261082
-107.4 103.5 2691.6 0.3964154422 0.6803433299 0.6164314747 -0.6983705759 0.6593068838 -0.2785551250 -0.5959306359 -0.3200740814 0.7364912033
-485.8 -76.9 2566.2 -0.4919818938 0.1676759720 0.8543059230 0.0682677478 0.9856865406 -0.1541478932 -0.8679247499 -0.0175164323 -0.4963867664
-551.5 -462.9 2573.1 -0.4891455770 -0.1702114195 0.8554324508 0.0516468436 0.9733997583 0.2232164145 -0.8706716895 0.1533657163 -0.4673432708
-378.7 -79.8 2711.7 -0.9083628058 -0.0405201204 -0.4162152410 -0.0284640305 0.9989771843 -0.0351332910 0.4172131419 -0.0200666115 -0.9085870981
-362.8 -471.0 2719.6 -0.8979142904 0.1568437368 -0.4112785161 0.0586526357 0.9686630964 0.2413539439 0.4362451434 0.1925925761 -0.8789756894
-158.8 -123.9 2374.9 0 0 0 0 0 0 0 0 0
-7.0 -73.3 2540.7 0 0 0 0 0 0 0 0 0
-496.9 -775.3 2523.8 0 0 0 0 0 0 0 0 0
-421.9 -835.8 2647.1 0 0 0 0 0 0 0 0 0
-337.8 514.8 2595.4 74 0.5803431273 0.1687346548 -0.7966997623 -0.0476253890 0.9836571813 0.1736387908 0.8129782677 -0.0628269389 0.5788947344
-372.2 314.5 2608.2 0.5803431273 0.1687346548 -0.7966997623 -0.0476253890 0.9836571813 0.1736387908 0.8129782677 -0.0628269389 0.5788947344
-404.1 121.8 2621.9 0.5818841457 0.1630322933 -0.7967630029 -0.0384853482 0.9841232896 0.1732634008 0.8123605847 -0.0701555163 0.5789200664
-455.1 320.0 2492.4 -0.2604556382 0.3495998681 -0.8999682069 0.8850470185 0.4589445889 -0.0778566450 0.3858168721 -0.8167923689 -0.4289470315
-377.7 57.0 2377.8 -0.7704223990 0.3495998681 -0.5331315398 0.6369132996 0.4589445889 -0.6194443703 0.0281201601 -0.8167923689 -0.5762460232
