-24.4 365.7 2494.1 7 0.2706846297 0.4029156566 -0.8742933273 -0.2984547913 0.8985725641 0.3217019141 0.9152346849 0.1738572717 0.3634818792
-103.6 188.8 2459.8 0.2706846297 0.4029156566 -0.8742933273 -0.2984547913 0.8985725641 0.3217019141 0.9152346849 0.1738572717 0.3634818792
-177.4 11.4 2432.4 0.2865224481 0.3798722923 -0.8795464039 -0.2617788613 0.9141436219 0.3095371723 0.9216163754 0.1415573210 0.3613651991
-142.8 224.6 2334.1 -0.1152022555 0.5341728926 -0.8374889493 0.6323485970 0.6896414757 0.3528879881 0.7660703063 -0.4889314771 -0.4172317386
-110.9 49.6 2122.1 -0.7676153183 0.5341728926 -0.3541553617 0.6379792094 0.6896414757 -0.3426035047 0.0612307116 -0.4889314771 -0.8701705933
-64.5 153.1 2585.6 -0.3185208142 0.8310945630 -0.4558797479 -0.9211680889 -0.1579453349 0.3556720912 0.2235930562 0.5332308412 0.8158866167
-141.5 -69.6 2639.7 0.1147193015 0.8310945630 -0.5441703200 -0.8895105720 -0.1579453349 -0.4287472665 -0.4422786534 0.5332308412 0.7211480141
-274.1 -138.9 2321.8 0.3661314249 -0.0332779363 -0.9299679399 0.0422145389 0.9989255071 -0.0191255100 0.9296051264 -0.0322557166 0.3671428263
-261.2 -526.6 2334.3 0.3675613999 0.1462973356 -0.9184201956 0.0517081991 0.9828069210 0.1772478074 0.9285606742 -0.1126393080 0.3536771238
-229.1 -182.8 2489.4 0.3730219305 -0.0916962028 -0.9232802391 -0.0038743648 0.9949417710 -0.1003786325 0.9278144240 0.0410205573 0.3707798421
-193.5 -569.0 2473.5 0.3676280975 -0.1226691827 -0.9218469858 0.0431454740 0.9924445748 -0.1148573309 0.9289714694 0.0024512592 0.3701431453
103.9 -128.9 2105.0 0 0 0 0 0 0 0 0 0
-111.2 -304.8 2522.7 0 0 0 0 0 0 0 0 0
-315.8 -893.3 2376.3 0 0 0 0 0 0 0 0 0
-158.0 -855.8 2472.8 0 0 0 0 0 0 0 0 0
-24.8 366.4 2485.5 8 0.3116018474 0.4016769826 -0.8611387014 -0.2898620069 0.9032449126 0.3164311945 0.9049222469 0.1510108560 0.3978836834
-104.1 188.2 2455.7 0.3116018474 0.4016769826 -0.8611387014 -0.2898620069 0.9032449126 0.3164311945 0.9049222469 0.1510108560 0.3978836834
-177.5 10.1 2432.2 0.3265982270 0.3786201775 -0.8660140634 -0.2548676133 0.9175969958 0.3050544262 0.9101517200 0.1210887060 0.3961835802
-148.6 222.9 2331.6 -0.1096413508 0.5372215509 -0.8362845182 0.6322952509 0.6868719459 0.3583429754 0.7669299245 -0.4894894958 -0.4149921834
-118.9 51.3 2123.4 -0.7642639279 0.5372215509 -0.3567823768 0.6419186592 0.6868719459 -0.3408040404 0.0619765334 -0.4894894958 -0.8698039651
-59.5 153.4 2579.9 -0.3016511202 0.8537884355 -0.4243252277 -0.9224196076 -0.1487819552 0.3563790321 0.2411403507 0.4989080429 0.8324314356
-132.4 -69.6 2638.2 0.1030906811 0.8537884355 -0.5103113055 -0.8910059333 -0.1487819552 -0.4289199710 -0.4421320260 0.4989080429 0.7453925014
-276.8 -142.6 2322.4 0.4045363069 -0.0416648388 -0.9135723114 0.0418215096 0.9987593889 -0.0270310622 0.9135651588 -0.0272719283 0.4057769179
-260.6 -530.3 2333.0 0.4056176543 0.1482684761 -0.9019372463 0.0489132628 0.9818211794 0.1833976954 0.9127331376 -0.1185060292 0.3909916878
-225.5 -189.4 2487.3 0.4112014174 -0.0831092820 -0.9077479243 0.0054105655 0.9960399270 -0.0887419656 0.9115284681 0.0315793902 0.4100227058
-193.3 -576.1 2475.1 0.4068548381 -0.1305365413 -0.9041180015 0.0403633267 0.9913396239 -0.1249660254 0.9126006365 0.0143498210 0.4086002111
94.9 -128.3 2106.0 0 0 0 0 0 0 0 0 0
-105.2 -305.3 2521.2 0 0 0 0 0 0 0 0 0
-316.0 -896.7 2377.2 0 0 0 0 0 0 0 0 0
-156.6 -854.7 2471.0 0 0 0 0 0 0 0 0 0
-28.1 372.9 2481.7 9 0.3083396554 0.3955911994 -0.8651209474 -0.2747576535 0.9077070355 0.3171374202 0.9107331634 0.1399125606 0.3885737956
-106.5 193.0 2454.0 0.3083396554 0.3955911994 -0.8651209474 -0.2747576535 0.9077070355 0.3171374202 0.9107331634 0.1399125606 0.3885737956
-179.1 14.2 2432.6 0.3227557838 0.3740794659 -0.8694212437 -0.2405084372 0.9208447933 0.3069210351 0.9154148698 0.1100426018 0.3871772587
-150.5 225.8 2329.0 -0.0854099765 0.5243396163 -0.8472148776 0.6358909011 0.6833086610 0.3587925434 0.7670384049 -0.5080917478 -0.3917841613
-127.6 55.0 2123.0 -0.7714474797 0.5243396163 -0.3604673445 0.6338015199 0.6833086610 -0.3624705672 0.0562527776 -0.5080917478 -0.8594639897
-62.4 160.1 2579.0 -0.2991863191 0.8516858816 -0.4302542210 -0.9200775027 -0.1380003840 0.3666241765 0.2528733909 0.5055561662 0.8249048591
-134.7 -62.3 2640.1 0.1093548462 0.8516858816 -0.5125160217 -0.8966675401 -0.1380003840 -0.4206462204 -0.4289858639 0.5055561662 0.7485880852
-280.1 -145.2 2327.3 0.4004325569 -0.0511734150 -0.9148961902 0.0356629193 0.9985532761 -0.0402436778 0.9156320095 -0.0165129900 0.4016782343
-260.3 -532.9 2333.7 0.4025454521 0.1494428962 -0.9031190276 0.0492914803 0.9816140532 0.1844023764 0.9140719175 -0.1187464148 0.3877779841
-221.7 -190.8 2490.1 0.4084395170 -0.0840739235 -0.9089052081 -0.0052982187 0.9955139756 -0.0944661349 0.9127700329 0.0433992818 0.4061618149
-189.1 -577.3 2473.3 0.4032371938 -0.1188078001 -0.9073502421 0.0420527086 0.9928944707 -0.1113201752 0.9141287208 0.0067319036 0.4053681791
87.7 -121.9 2107.3 0 0 0 0 0 0 0 0 0
-105.8 -299.5 2526.7 0 0 0 0 0 0 0 0 0
-316.1 -899.2 2378.0 0 0 0 0 0 0 0 0 0
-155.6 -856.6 2471.4 0 0 0 0 0 0 0 0 0
-27.9 368.5 2479.9 0 0.3243088722 0.3950128853 -0.8595281243 -0.2802000344 0.9079762697 0.3115558028 0.9034996629 0.1397994906 0.4051474035
-105.8 189.4 2452.3 0.3243088722 0.3950128853 -0.8595281243 -0.2802000344 0.9079762697 0.3115558028 0.9034996629 0.1397994906 0.4051474035
-177.9 10.5 2430.4 0.3380102515 0.3717769682 -0.8645987511 -0.2475110292 0.9214462042 0.2994582355 0.9080128670 0.1127777696 0.4034771621
-151.9 223.2 2328.3 -0.0502709039 0.5021404624 -0.8633236885 0.6482669115 0.6739792824 0.3542625904 0.7597518563 -0.5418550372 -0.3594025970
-138.8 53.1 2128.9 -0.7812806964 0.5021404624 -0.3707497716 0.6221837997 0.6739792824 -0.3982954621 0.0498773940 -0.5418550372 -0.8389906883
-59.6 155.6 2576.3 -0.2912862301 0.8600599170 -0.4188666940 -0.9236699939 -0.1389012933 0.3571277261 0.2489701211 0.4909209609 0.8348715305
-130.1 -67.8 2636.5 0.1065045893 0.8600599170 -0.4989526570 -0.8921460509 -0.1389012933 -0.4298625886 -0.4390127659 0.4909209609 0.7525054216
-280.5 -142.9 2329.3 0.4142599702 -0.0526519790 -0.9086343646 0.0332330316 0.9985346198 -0.0427099280 0.9095516801 -0.0125036640 0.4154027104
-260.1 -530.6 2334.2 0.4156001806 0.1482873559 -0.8973780274 0.0420041941 0.9824386239 0.1817964911 0.9085769653 -0.1132482961 0.4020729661
-222.7 -186.0 2493.2 0.4222848713 -0.0873711780 -0.9022426009 -0.0080062179 0.9949456453 -0.1000955552 0.9064278007 0.0494923890 0.4194509983
-188.8 -572.3 2474.0 0.4173220694 -0.1169824749 -0.9011977315 0.0379525833 0.9930583239 -0.1113317981 0.9079657793 0.0122584347 0.4188649654
79.1 -120.4 2115.0 0 0 0 0 0 0 0 0 0
-101.9 -303.8 2520.4 0 0 0 0 0 0 0 0 0
-315.4 -897.3 2376.5 0 0 0 0 0 0 0 0 0
-155.7 -853.5 2470.5 0 0 0 0 0 0 0 0 0
-25.0 364.5 2481.4 1 0.3369961977 0.3980185091 -0.8532378674 -0.2995900214 0.9044759870 0.3035935163 0.8925690055 0.1533116698 0.4240473509
-103.5 186.0 2451.1 0.3369961977 0.3980185091 -0.8532378674 -0.2995900214 0.9044759870 0.3035935163 0.8925690055 0.1533116698 0.4240473509
-176.6 7.9 2426.5 0.3504698575 0.3761550188 -0.8577169180 -0.2678751945 0.9178040624 0.2930505574 0.8974484801 0.1270556897 0.4224252403
-151.4 222.6 2328.6 -0.0189347696 0.4933561683 -0.8696212769 0.6570311785 0.6617438197 0.3611165583 0.7536255717 -0.5645306110 -0.3366803527
-146.5 52.7 2133.8 -0.7883546948 0.4933561683 -0.3675548434 0.6144257784 0.6617438197 -0.4296231866 0.0312698819 -0.5645306110 -0.8248196244
-55.7 149.4 2573.7 -0.2905473709 0.8666584492 -0.4055679739 -0.9279549122 -0.1518147588 0.3403703272 0.2334136218 0.4752424955 0.8483293056
-125.9 -75.0 2630.1 0.0973691195 0.8666584492 -0.4893080890 -0.8827891350 -0.1518147588 -0.4445623457 -0.4595678747 0.4752424955 0.7502945662
-280.4 -146.2 2327.2 0.4267738461 -0.0489429981 -0.9030330181 0.0288457312 0.9987631440 -0.0404989161 0.9038982391 -0.0087647690 0.4276577830
-261.4 -533.9 2330.6 0.4309318960 0.1445225328 -0.8907361627 0.0559719391 0.9809101820 0.1862321496 0.9006469250 -0.1301096082 0.4146162570
-219.8 -190.5 2489.8 0.4336811602 -0.0865041018 -0.8969045281 -0.0081404950 0.9949644208 -0.0998979062 0.9010296464 0.0506250858 0.4307931364
-186.3 -576.8 2470.1 0.4283041060 -0.1001251712 -0.8980704546 0.0535559803 0.9949080348 -0.0853798166 0.9020462036 -0.0115285181 0.4314855039
73.2 -118.5 2125.1 0 0 0 0 0 0 0 0 0
-100.2 -308.4 2508.6 0 0 0 0 0 0 0 0 0
-315.3 -900.0 2379.1 0 0 0 0 0 0 0 0 0
-157.9 -858.4 2473.4 0 0 0 0 0 0 0 0 0
-18.6 366.7 2479.7 2 0.3669928014 0.4017982185 -0.8389722705 -0.3079524934 0.9035252333 0.2980056703 0.8777707815 0.1489976794 0.4553220272
-98.4 187.1 2450.1 0.3669928014 0.4017982185 -0.8389722705 -0.3079524934 0.9035252333 0.2980056703 0.8777707815 0.1489976794 0.4553220272
-171.2 8.7 2426.5 0.3821581602 0.3749467134 -0.8446124196 -0.2723673880 0.9190872312 0.2847712338 0.8830465078 0.1212172359 0.4533599317
-150.6 224.3 2329.5 0.0021111050 0.4967121780 -0.8679127693 0.6638886929 0.6483565569 0.3726735413 0.7478284240 -0.5769842267 -0.3283928633
-151.2 53.3 2136.9 -0.7910372019 0.4967121780 -0.3571234643 0.6117343903 0.6483565569 -0.4532271624 0.0064199003 -0.5769842267 -0.8167300224
-46.3 150.0 2570.6 -0.2770260274 0.8831272125 -0.3786065876 -0.9314541817 -0.1500834972 0.3314634562 0.2359018028 0.4444786906 0.8641695380
-113.3 -75.3 2627.7 0.0867737085 0.8831272125 -0.4610387087 -0.8788397908 -0.1500834972 -0.4528968930 -0.4691598415 0.4444786906 0.7631040215
-281.0 -146.3 2321.5 0.4555204511 -0.0519911833 -0.8887057900 0.0510111079 0.9981772900 -0.0322489329 0.8887625933 -0.0306438170 0.4573422968
-260.8 -533.7 2333.4 0.4521584809 0.1418011338 -0.8805936575 0.0267167836 0.9846854210 0.1722812057 0.8915373683 -0.1014250368 0.4414453804
-218.2 -194.2 2482.2 0.4622278512 -0.0781248510 -0.8833130598 0.0081169372 0.9964425564 -0.0838831216 0.8867240548 0.0316033177 0.4612176418
-187.9 -581.0 2469.9 0.4575885236 -0.0992814824 -0.8836039305 0.0612068996 0.9949066639 -0.0800904408 0.8870549202 -0.0174341891 0.4613345563
69.2 -117.2 2135.1 0 0 0 0 0 0 0 0 0
-90.3 -307.7 2503.6 0 0 0 0 0 0 0 0 0
-313.7 -901.1 2371.2 0 0 0 0 0 0 0 0 0
-160.2 -858.2 2474.8 0 0 0 0 0 0 0 0 0
-18.2 368.6 2478.8 3 0.3673084378 0.4094633460 -0.8351193070 -0.3062308431 0.9010598063 0.3071055710 0.8782409430 0.1429368258 0.4563572109
-99.7 189.3 2450.4 0.3673084378 0.4094633460 -0.8351193070 -0.3062308431 0.9010598063 0.3071055710 0.8782409430 0.1429368258 0.4563572109
-173.9 11.3 2428.5 0.3836768568 0.3824033141 -0.8405711055 -0.2686485648 0.9170854688 0.2945881486 0.8835270405 0.1127915606 0.4545965791
-152.1 226.0 2329.7 0.0034464379 0.5066857338 -0.8621239662 0.6715083718 0.6376592517 0.3774482310 0.7409889698 -0.5802242756 -0.3380460441
-152.9 53.4 2139.3 -0.7912945151 0.5066857338 -0.3422316611 0.6111278534 0.6376592517 -0.4689492583 -0.0193827040 -0.5802242756 -0.8142260313
-47.3 152.6 2571.0 -0.2830782235 0.8837981820 -0.3725151122 -0.9274973869 -0.1533818394 0.3409143388 0.2441624105 0.4420122206 0.8631395698
-115.7 -71.7 2630.1 0.0783156529 0.8837981820 -0.4612672329 -0.8829085827 -0.1533818394 -0.4437864721 -0.4629676640 0.4420122206 0.7683007717
-278.2 -145.3 2324.0 0.4598535001 -0.0435801558 -0.8869247437 0.0465096608 0.9986061454 -0.0249533914 0.8867759705 -0.0297756642 0.4612393975
-261.3 -532.9 2335.5 0.4555636048 0.1432175785 -0.8786071539 0.0154371802 0.9855542779 0.1686548144 0.8900693655 -0.0903962106 0.4467718005
-209.8 -194.0 2482.1 0.4663378298 -0.0582453609 -0.8826870918 0.0042561339 0.9979661703 -0.0636036322 0.8845964670 0.0259039439 0.4656372666
-187.2 -581.4 2472.0 0.4622446597 -0.0975104272 -0.8813748360 0.0513646603 0.9952110648 -0.0831659958 0.8852635622 -0.0068284785 0.4650396109
67.4 -116.8 2144.7 0 0 0 0 0 0 0 0 0
-95.0 -305.2 2507.6 0 0 0 0 0 0 0 0 0
-314.7 -900.7 2369.3 0 0 0 0 0 0 0 0 0
-160.1 -857.9 2473.9 0 0 0 0 0 0 0 0 0
-20.3 371.2 2486.9 4 0.3616580367 0.4017624557 -0.8413028121 -0.3163626194 0.9017279148 0.2946208417 0.8769938350 0.1596047580 0.4532197714
-100.7 190.8 2455.0 0.3616580367 0.4017624557 -0.8413028121 -0.3163626194 0.9017279148 0.2946208417 0.8769938350 0.1596047580 0.4532197714
-173.7 12.7 2429.7 0.3773540556 0.3759751320 -0.8463135362 -0.2796480656 0.9174771905 0.2829002142 0.8828368187 0.1299164146 0.4513544738
-152.3 229.0 2334.4 -0.0016312138 0.5315435529 -0.8470293880 0.6750505567 0.6254996061 0.3912250400 0.7377696633 -0.5711494684 -0.3598390818
-151.9 52.3 2141.3 -0.7899956703 0.5315435529 -0.3055621982 0.6093423963 0.6254996061 -0.4872906208 -0.0678871572 -0.5711494684 -0.8180339932
-49.2 152.6 2575.5 -0.2797260880 0.8807125688 -0.3822285235 -0.9326641560 -0.1548131257 0.3258381188 0.2277957499 0.4476362765 0.8647143245
-116.8 -73.0 2630.6 0.0877515599 0.8807125688 -0.4654513896 -0.8753842115 -0.1548131257 -0.4579687715 -0.4753968418 0.4476362765 0.7573767900
-282.5 -142.6 2327.5 0.4510865211 -0.0560104102 -0.8907209635 0.0463952683 0.9981509447 -0.0392699465 0.8912734985 -0.0236110929 0.4528510571
-260.7 -530.1 2336.6 0.4460345209 0.1435672790 -0.8834260702 0.0095585063 0.9862304926 0.1651002318 0.8949646950 -0.0820846334 0.4385205507
-213.7 -190.8 2485.7 0.4584446549 -0.0755207390 -0.8855083585 -0.0070434767 0.9960429072 -0.0885942355 0.8886950612 0.0468526110 0.4560986161
-184.4 -577.3 2467.5 0.4529860616 -0.1015015841 -0.8857206106 0.0552434102 0.9947842360 -0.0857467651 0.8898043633 -0.0100881374 0.4562307000
67.9 -117.3 2160.2 0 0 0 0 0 0 0 0 0
-93.6 -304.5 2504.9 0 0 0 0 0 0 0 0 0
-314.3 -898.2 2367.3 0 0 0 0 0 0 0 0 0
-156.0 -855.5 2470.4 0 0 0 0 0 0 0 0 0
-19.9 368.1 2490.4 5 0.3670536280 0.4051364660 -0.8373386860 -0.3186470568 0.9004707336 0.2960008681 0.8739197254 0.1581673026 0.4596165717
-100.4 189.2 2459.0 0.3670536280 0.4051364660 -0.8373386860 -0.3186470568 0.9004707336 0.2960008681 0.8739197254 0.1581673026 0.4596165717
-174.7 11.7 2433.4 0.3811532557 0.3827612102 -0.8415557146 -0.2861692607 0.9144106507 0.2862871289 0.8791071177 0.1317081153 0.4580650926
-152.5 228.3 2338.9 -0.0102797262 0.5587859750 -0.8292481899 0.6720929146 0.6178975105 0.4080365002 0.7403954268 -0.5531373620 -0.3819079399
-149.8 50.7 2143.3 -0.7835146189 0.5587859750 -0.2717775404 0.6119248271 0.6178975105 -0.4937111735 -0.1079482287 -0.5531373620 -0.8260667324
-48.4 150.1 2579.1 -0.2843598723 0.8825275898 -0.3745456934 -0.9318563342 -0.1625978500 0.3243542314 0.2253512442 0.4412561059 0.8686252832
-117.1 -75.3 2633.6 0.0790167004 0.8825275898 -0.4635745585 -0.8737092614 -0.1625978500 -0.4584693015 -0.4799880385 0.4412561059 0.7582246065
-280.5 -140.3 2325.5 0.4569381773 -0.0464162678 -0.8882865906 0.0418568850 0.9986532927 -0.0306519903 0.8885130882 -0.0231748447 0.4582656920
-262.5 -528.0 2334.5 0.4553146660 0.1422162801 -0.8788987994 0.0304114334 0.9840997458 0.1749937236 0.8898110390 -0.1064057797 0.4437500536
-212.9 -190.4 2483.6 0.4639047682 -0.0738273934 -0.8828034401 -0.0120622935 0.9959025979 -0.0896243155 0.8858029246 0.0522257797 0.4611134529
-184.2 -577.0 2463.3 0.4577182233 -0.0906872675 -0.8844602108 0.0754421875 0.9951583147 -0.0629953966 0.8858907819 -0.0378914699 0.4623437524
68.3 -119.5 2173.3 0 0 0 0 0 0 0 0 0
-96.2 -306.4 2506.6 0 0 0 0 0 0 0 0 0
-315.5 -895.2 2374.2 0 0 0 0 0 0 0 0 0
-158.5 -858.8 2474.1 0 0 0 0 0 0 0 0 0
-21.3 365.6 2492.7 6 0.3493647873 0.4087584019 -0.8431256413 -0.3246437609 0.8968964815 0.3003050685 0.8789486289 0.1687994450 0.4460448921
-102.2 188.2 2459.3 0.3493647873 0.4087584019 -0.8431256413 -0.3246437609 0.8968964815 0.3003050685 0.8789486289 0.1687994450 0.4460448921
-177.1 11.2 2432.0 0.3642541468 0.3860003948 -0.8475391269 -0.2907605469 0.9117053151 0.2902613878 0.8847469687 0.1407020241 0.4443261623
-151.9 227.9 2338.5 -0.0531743653 0.6032533646 -0.7957750559 0.6841068864 0.6025274992 0.4110455215 0.7274408937 -0.5225380659 -0.4447287619
-137.7 45.1 2144.1 -0.7626190186 0.6032533646 -0.2334472686 0.6275562048 0.6025274992 -0.4930860400 -0.1567973942 -0.5225380659 -0.8380743265
-52.4 148.4 2580.2 -0.2938111126 0.8738146424 -0.3874570429 -0.9306995869 -0.1691234708 0.3243386447 0.2178837806 0.4559004009 0.8629493117
-123.5 -76.7 2632.9 0.0819472373 0.8738146424 -0.4793042541 -0.8729390502 -0.1691234708 -0.4575747252 -0.4808970988 0.4559004009 0.7489277720
-283.1 -140.1 2329.1 0.4417999983 -0.0526592843 -0.8955667019 0.0380866155 0.9984766841 -0.0399215370 0.8963047266 -0.0164717715 0.4431326091
-262.7 -527.7 2335.5 0.4393834770 0.1395200342 -0.8873986006 0.0205182545 0.9860484004 0.1651894599 0.8980652094 -0.0907893926 0.4303906858
-214.9 -191.4 2486.6 0.4482757449 -0.0668769106 -0.8913901448 -0.0132261673 0.9965920448 -0.0814211071 0.8937974572 0.0482887812 0.4458635151
-188.9 -578.2 2467.9 0.4411190748 -0.1015810072 -0.8916811347 0.0734269992 0.9943274856 -0.0769498572 0.8944397569 -0.0315294154 0.4460756183
74.9 -129.9 2187.8 0 0 0 0 0 0 0 0 0
-101.8 -307.6 2505.6 0 0 0 0 0 0 0 0 0
-314.8 -895.7 2369.4 0 0 0 0 0 0 0 0 0
-160.3 -858.5 2476.8 0 0 0 0 0 0 0 0 0
-23.0 364.8 2484.8 7 0.3516782522 0.4055124223 -0.8437310457 -0.3129650354 0.9003747106 0.3022884130 0.8822557926 0.1577500701 0.4435534179
-103.0 187.0 2453.7 0.3516782522 0.4055124223 -0.8437310457 -0.3129650354 0.9003747106 0.3022884130 0.8822557926 0.1577500701 0.4435534179
-177.5 9.5 2428.6 0.3663100600 0.3837127984 -0.8476918340 -0.2793211639 0.9143437743 0.2931811213 0.8875790834 0.1293830574 0.4421124160
-153.0 225.2 2332.5 -0.1039198041 0.6443839669 -0.7576080561 0.6999676824 0.5885342956 0.4045647681 0.7065733671 -0.4882588685 -0.5122082829
-125.3 38.6 2144.1 -0.7404485345 0.6443839669 -0.1910636723 0.6397355795 0.5885342956 -0.4943336844 -0.2060931623 -0.4882588685 -0.8480146527
-53.0 148.9 2574.9 -0.2909995914 0.8749078512 -0.3871117532 -0.9288375378 -0.1613797247 0.3334926963 0.2293033898 0.4566101730 0.8596087098
-123.3 -75.8 2630.4 0.0836591944 0.8749078512 -0.4770088196 -0.8783078194 -0.1613797247 -0.4500355124 -0.4707191586 0.4566101730 0.7549374700
-284.6 -139.7 2325.4 0.4436061382 -0.0571483560 -0.8943979144 0.0386546627 0.9982562661 -0.0446124226 0.8953878284 -0.0147823039 0.4450416565
-262.4 -527.3 2331.2 0.4437700808 0.1429561079 -0.8846647143 0.0397799350 0.9830784202 0.1788137555 0.8952573538 -0.1145440936 0.4305739999
-219.4 -191.8 2483.9 0.4496906102 -0.0804931521 -0.8895499706 -0.0028472051 0.9957967401 -0.0915464833 0.8931798339 0.0437003262 0.4475712776
-188.1 -578.4 2467.0 0.4436931610 -0.0996155366 -0.8906251192 0.0686022490 0.9946622849 -0.0770756081 0.8935491443 -0.0269009657 0.4481586814
81.5 -140.1 2201.7 0 0 0 0 0 0 0 0 0
-101.2 -308.1 2505.9 0 0 0 0 0 0 0 0 0
-315.8 -894.1 2373.9 0 0 0 0 0 0 0 0 0
-160.1 -857.7 2474.5 0 0 0 0 0 0 0 0 0
-20.8 366.2 2480.9 8 0.3600554168 0.4096328616 -0.8381891251 -0.3068558872 0.9004563689 0.3082495034 0.8810218573 0.1462163776 0.4499124587
-102.0 187.7 2451.9 0.3600554168 0.4096328616 -0.8381891251 -0.3068558872 0.9004563689 0.3082495034 0.8810218573 0.1462163776 0.4499124587
-177.2 10.3 2429.0 0.3747948706 0.3873755634 -0.8422998190 -0.2732944489 0.9143167734 0.2988895476 0.8859113455 0.1181735843 0.4485488236
-153.2 225.1 2330.9 -0.1513194889 0.6543675065 -0.7408816218 0.7157018781 0.5895112157 0.3744961917 0.6818161607 -0.4735817909 -0.5575365424
-112.3 31.6 2146.6 -0.7362021804 0.6543675065 -0.1726543754 0.6396625638 0.5895112157 -0.4932629168 -0.2209935337 -0.4735817909 -0.8525738716
-50.8 150.4 2572.9 -0.2909428775 0.8792008758 -0.3773037195 -0.9262387753 -0.1600552797 0.3412683606 0.2396539748 0.4487629235 0.8609168530
-121.2 -73.6 2630.9 0.0765351206 0.8792008758 -0.4702639878 -0.8822106123 -0.1600552797 -0.4428168535 -0.4645932019 0.4487629235 0.7633904815
-284.8 -142.9 2324.0 0.4535348117 -0.0601940453 -0.8892034888 0.0349194258 0.9981506467 -0.0497586317 0.8905541897 -0.0084832041 0.4547980130
-261.4 -530.4 2327.3 0.4551507831 0.1466125399 -0.8782610893 0.0455583297 0.9812245369 0.1874109358 0.8892481327 -0.1253123432 0.4399257004
-219.1 -192.9 2483.0 0.4585607648 -0.0803616568 -0.8850220442 0.0077379532 0.9962261319 -0.0864498913 0.8886293769 0.0327942669 0.4574520588
-187.9 -579.7 2470.2 0.4538821578 -0.1002507955 -0.8854042888 0.0605912395 0.9948233962 -0.0815791711 0.8889992833 -0.0166204143 0.4576068819
94.1 -147.8 2208.5 0 0 0 0 0 0 0 0 0
-100.9 -307.0 2508.0 0 0 0 0 0 0 0 0 0
-316.1 -896.6 2374.0 0 0 0 0 0 0 0 0 0
-160.0 -857.3 2474.9 0 0 0 0 0 0 0 0 0
-21.5 367.7 2478.9 9 0.3692255914 0.4073561132 -0.8353043795 -0.3010416627 0.9027771354 0.3071927726 0.8792305589 0.1380379945 0.4559595883
-102.2 188.8 2451.6 0.3692255914 0.4073561132 -0.8353043795 -0.3010416627 0.9027771354 0.3071927726 0.8792305589 0.1380379945 0.4559595883
-176.6 10.8 2430.1 0.3840754926 0.3831075132 -0.8400682211 -0.2668531835 0.9170823693 0.2962251604 0.8838978410 0.1104020625 0.4544623196
-154.7 225.2 2330.8 -0.2087521404 0.6979391575 -0.6850572824 0.7085840702 0.5907375216 0.3859245777 0.6740409136 -0.4048580825 -0.6178663373
-97.5 31.2 2146.3 -0.7054982781 0.6979391575 -0.1230978221 0.6643127203 0.5907375216 -0.4579495788 -0.2469024360 -0.4048580825 -0.8804141879
-49.8 152.3 2572.3 -0.2834971249 0.8839887977 -0.3717433810 -0.9267218709 -0.1528538615 0.3432525694 0.2466090173 0.4418138266 0.8625453711
-118.3 -71.8 2632.0 0.0775724873 0.8839887977 -0.4610274136 -0.8839827776 -0.1528538615 -0.4418258965 -0.4610389769 0.4418138266 0.7695736289
-286.0 -142.7 2326.7 0.4608842731 -0.0596270151 -0.8854548335 0.0448183231 0.9980310202 -0.0438797660 0.8863278031 -0.0194611084 0.4626491964
-262.8 -530.2 2334.2 0.4570096433 0.1382458210 -0.8786525130 0.0157627221 0.9864335656 0.1634025127 0.8893220425 -0.0885264874 0.4486305118
-218.8 -191.7 2485.4 0.4671228826 -0.0774312541 -0.8807954192 0.0038716435 0.9963276982 -0.0855344683 0.8841839433 0.0365449823 0.4657072425
-188.8 -578.5 2471.2 0.4618199766 -0.1122618988 -0.8798406720 0.0566395260 0.9936659932 -0.0970557258 0.8851634264 -0.0050114878 0.4652532637
100.2 -155.0 2215.4 0 0 0 0 0 0 0 0 0
-97.8 -305.7 2510.0 0 0 0 0 0 0 0 0 0
-314.4 -898.1 2367.3 0 0 0 0 0 0 0 0 0
-157.6 -854.5 2472.6 0 0 0 0 0 0 0 0 0
-21.4 369.1 2477.5 0 0.3611437976 0.4077706933 -0.8386287689 -0.2998199761 0.9023476243 0.3096397221 0.8829966784 0.1396132112 0.4481350482
-102.2 190.3 2449.8 0.3611437976 0.4077706933 -0.8386287689 -0.2998199761 0.9023476243 0.3096397221 0.8829966784 0.1396132112 0.4481350482
-176.8 12.4 2428.3 0.3763237298 0.3844019175 -0.8429802060 -0.2649661601 0.9165171385 0.2996486425 0.8877912760 0.1105963141 0.4467606544
-153.6 226.5 2328.5 -0.2362497598 0.6918735504 -0.6822734475 0.7142102122 0.5997339487 0.3608641624 0.6588549018 -0.4020326138 -0.6358301640
-88.5 29.6 2146.8 -0.7115464807 0.6918735504 -0.1225259379 0.6608502865 0.5997339487 -0.4512162209 -0.2387015820 -0.4020326138 -0.8839634061
-50.8 154.1 2571.1 -0.2877097130 0.8800445795 -0.3778156638 -0.9252576232 -0.1535791308 0.3468599319 0.2472275943 0.4493717849 0.8584541082
-120.4 -69.7 2630.9 0.0791215450 0.8800445795 -0.4682534933 -0.8856187463 -0.1535791308 -0.4382839799 -0.4576233923 0.4493717849 0.7672325373
-285.4 -143.3 2329.5 0.4534862638 -0.0584659390 -0.8893435597 0.0529184230 0.9978519082 -0.0386156440 0.8896908760 -0.0295509920 0.4556060433
-262.7 -530.7 2341.0 0.4471654296 0.1370081156 -0.8838958144 0.0032690691 0.9879420400 0.1547896117 0.8944453001 -0.0721060783 0.4413256347
-216.5 -191.2 2487.9 0.4610025883 -0.0736547485 -0.8843368292 -0.0076648141 0.9961817861 -0.0869657546 0.8873656988 0.0468697175 0.4586778581
-187.9 -577.9 2469.7 0.4538985789 -0.1175104827 -0.8832708597 0.0619025305 0.9930294752 -0.1003020778 0.8889005184 -0.0091497321 0.4580088556
111.3 -156.0 2213.8 0 0 0 0 0 0 0 0 0
-99.5 -304.0 2509.8 0 0 0 0 0 0 0 0 0
-313.8 -899.3 2367.9 0 0 0 0 0 0 0 0 0
-154.9 -857.2 2472.3 0 0 0 0 0 0 0 0 0
-23.8 371.1 2477.2 1 0.3470894396 0.4020783603 -0.8472673297 -0.2931886017 0.9046701789 0.3092124760 0.8908250928 0.1410847306 0.4318862557
-103.1 192.6 2449.4 0.3470894396 0.4020783603 -0.8472673297 -0.2931886017 0.9046701789 0.3092124760 0.8908250928 0.1410847306 0.4318862557
-176.9 14.4 2427.7 0.3618124127 0.3804567754 -0.8510842919 -0.2588955462 0.9180303812 0.3003219366 0.8955807686 0.1116817370 0.4306533635
-152.5 228.0 2327.0 -0.2641724050 0.6769682169 -0.6869693995 0.7201640606 0.6122378111 0.3263871968 0.6415423751 -0.4085082114 -0.6492645144
-78.5 26.1 2147.2 -0.7238715291 0.6769682169 -0.1331317872 0.6542292833 0.6122378111 -0.4440145493 -0.2190754265 -0.4085082114 -0.8860739470
-53.7 157.2 2571.7 -0.2898358107 0.8726397753 -0.3930585086 -0.9244493246 -0.1489383280 0.3510139287 0.2477672547 0.4650990963 0.8498789668
-123.8 -66.4 2631.6 0.0887592807 0.8726397753 -0.4802307487 -0.8881303072 -0.1489383280 -0.4347895682 -0.4509394467 0.4650990963 0.7617982030
-285.2 -141.8 2327.3 0.4384840727 -0.0588191710 -0.8968121409 0.0549504235 0.9977437854 -0.0385717116 0.8970575333 -0.0323671252 0.4407269061
-262.3 -529.1 2339.9 0.4320487380 0.1358024627 -0.8915669322 0.0039288416 0.9883047342 0.1524413526 0.9018417001 -0.0693649203 0.4264622629
-217.7 -189.2 2486.4 0.4465655386 -0.0690998286 -0.8920786977 -0.0102311932 0.9965538979 -0.0823140442 0.8946924210 0.0458856449 0.4443196654
-190.9 -576.1 2468.6 0.4381202757 -0.1252848357 -0.8901428580 0.0674385801 0.9920303226 -0.1064325124 0.8963831067 -0.0133997314 0.4430776238
125.1 -157.9 2208.9 0 0 0 0 0 0 0 0 0
-100.3 -301.3 2512.3 0 0 0 0 0 0 0 0 0
-313.0 -898.0 2365.8 0 0 0 0 0 0 0 0 0
-155.8 -854.4 2472.3 0 0 0 0 0 0 0 0 0
-23.3 370.5 2476.1 2 0.3413867950 0.4049624801 -0.8482101560 -0.2904780209 0.9037052393 0.3145462871 0.8939114213 0.1390044391 0.4261457324
-103.1 192.5 2448.7 0.3413867950 0.4049624801 -0.8482101560 -0.2904780209 0.9037052393 0.3145462871 0.8939114213 0.1390044391 0.4261457324
-177.5 14.4 2427.9 0.3571425676 0.3831976056 -0.8518267274 -0.2540722787 0.9174394608 0.3061896861 0.8988305926 0.1070721969 0.4250165820
-151.9 227.2 2325.9 -0.2817278802 0.6465192437 -0.7089726925 0.7197894454 0.6309978366 0.2893869877 0.6344544888 -0.4287827015 -0.6431274414
-72.8 25.1 2147.8 -0.7475831509 0.6465192437 -0.1520932764 0.6360566616 0.6309978366 -0.4441549778 -0.1911842078 -0.4287827015 -0.8829461932
-54.3 157.8 2571.5 -0.2941230536 0.8701538444 -0.3953781426 -0.9217296839 -0.1488248855 0.3581417501 0.2527963221 0.4697695374 0.8458194733
-125.4 -65.1 2632.6 0.0875453055 0.8701538444 -0.4849413037 -0.8914527893 -0.1488248855 -0.4279755950 -0.4445759654 0.4697695374 0.7626721263
-283.2 -140.6 2325.8 0.4355034530 -0.0531102121 -0.8986189365 0.0484981388 0.9981924891 -0.0354912505 0.8988796473 -0.0281247869 0.4372920394
-262.6 -528.2 2336.7 0.4330794215 0.1406595111 -0.8903129101 0.0310550481 0.9848337173 0.1706990004 0.9008206129 -0.1015749350 0.4221430123
-218.4 -187.0 2486.3 0.4429549277 -0.0651080906 -0.8941766620 -0.0085470052 0.9970076084 -0.0768295601 0.8965031505 0.0416745655 0.4410729408
-193.1 -574.1 2470.1 0.4347047210 -0.1333928853 -0.8906391859 0.0607734919 0.9910600781 -0.1187707037 0.8985201120 -0.0024970686 0.4389252365
137.3 -153.6 2201.5 0 0 0 0 0 0 0 0 0
-102.3 -301.0 2515.0 0 0 0 0 0 0 0 0 0
-315.1 -895.6 2374.6 0 0 0 0 0 0 0 0 0
-155.5 -853.3 2470.8 0 0 0 0 0 0 0 0 0
-25.0 370.4 2477.5 3 0.3271059096 0.3997654617 -0.8562647700 -0.2874712646 0.9052634239 0.3128232360 0.9002010822 0.1438251734 0.4110381007
-103.5 192.6 2449.3 0.3271059096 0.3997654617 -0.8562647700 -0.2874712646 0.9052634239 0.3128232360 0.9002010822 0.1438251734 0.4110381007
-177.4 14.4 2428.2 0.3433609605 0.3805224299 -0.8586652279 -0.2494813651 0.9183567762 0.3072130978 0.9054625034 0.1087359861 0.4102611244
-150.4 226.7 2325.6 -0.2929645181 0.6349105239 -0.7148848772 0.7114690542 0.6442556977 0.2806179523 0.6387359500 -0.4264073372 -0.6404632330
-68.7 28.3 2147.4 -0.7550273538 0.6349105239 -0.1637750268 0.6344146132 0.6442556977 -0.4271448851 -0.1656858027 -0.4264073372 -0.8892272115
-56.6 158.6 2573.0 -0.2970547080 0.8628846407 -0.4088869691 -0.9208750129 -0.1456583589 0.3616253734 0.2524831593 0.4839563072 0.8378773928
-128.4 -64.2 2634.0 0.0953762159 0.8628846407 -0.4963198900 -0.8934330344 -0.1456583589 -0.4249247909 -0.4389542341 0.4839563072 0.7570372820
-283.8 -140.9 2326.6 0.4216732383 -0.0530995913 -0.9051917791 0.0479707979 0.9981922507 -0.0362084582 0.9054780602 -0.0281546339 0.4234581590
-263.2 -528.4 2337.6 0.4187795222 0.1431319416 -0.8967368603 0.0274352226 0.9850549698 0.1700411290 0.9076734185 -0.0958119184 0.4085940123
-219.9 -186.4 2487.7 0.4287197590 -0.0794260129 -0.8999393582 -0.0008424367 0.9960923791 -0.0883135200 0.9034371376 0.0386198945 0.4269775748
-189.0 -573.1 2472.7 0.4237676859 -0.1201240122 -0.8977701068 0.0436357558 0.9927234650 -0.1122319698 0.9047192335 0.0083854049 0.4259258509
143.3 -149.8 2194.0 0 0 0 0 0 0 0 0 0
-103.2 -300.5 2517.9 0 0 0 0 0 0 0 0 0
-316.6 -896.0 2373.3 0 0 0 0 0 0 0 0 0
-154.9 -855.0 2470.3 0 0 0 0 0 0 0 0 0
-24.5 374.4 2477.2 4 0.3126441836 0.4003808796 -0.8613644838 -0.2807020247 0.9052664638 0.3189027607 0.9074469805 0.1420836449 0.3954140246
-103.4 196.0 2449.2 0.3126441836 0.4003808796 -0.8613644838 -0.2807020247 0.9052664638 0.3189027607 0.9074469805 0.1420836449 0.3954140246
-177.2 17.6 2428.7 0.3293798268 0.3800943494 -0.8643131256 -0.2415877432 0.9188494682 0.3120112121 0.9127674103 0.1060372666 0.3944766223
-148.4 229.0 2324.6 -0.2899573445 0.6170939207 -0.7315188646 0.7127758265 0.6493143439 0.2652198672 0.6386512518 -0.4445064962 -0.6281230450
-67.8 30.9 2147.1 -0.7610833049 0.6170939207 -0.1998683065 0.6359863281 0.6493143439 -0.4170279205 -0.1275680363 -0.4445064962 -0.8866455555
-58.4 163.0 2573.9 -0.3020986021 0.8553081751 -0.4209326804 -0.9181537628 -0.1423088163 0.3697861731 0.2563787103 0.4981928170 0.8282957673
-131.5 -59.1 2635.9 0.1007061452 0.8553081751 -0.5082383156 -0.8975408077 -0.1423088163 -0.4173352718 -0.4292770624 0.4981928170 0.7533426285
-282.0 -141.5 2326.0 0.4086734354 -0.0405238196 -0.9117805958 0.0430151224 0.9987588525 -0.0251095332 0.9116664529 -0.0289587528 0.4099093378
-266.2 -529.3 2337.2 0.4094122946 0.1313500702 -0.9028447866 0.0485091768 0.9850484729 0.1653068662 0.9110589623 -0.1114749238 0.3969192803
-220.5 -186.2 2488.2 0.4158413410 -0.0819655210 -0.9057359695 -0.0023103973 0.9958317876 -0.0911795869 0.9094342589 0.0400088504 0.4139186442
-188.6 -572.8 2472.7 0.4114495814 -0.1093993112 -0.9048430920 0.0412105098 0.9939879179 -0.1014380828 0.9105004072 0.0044476124 0.4134843051
145.6 -147.4 2182.8 0 0 0 0 0 0 0 0 0
-104.9 -296.5 2522.4 0 0 0 0 0 0 0 0 0
-315.3 -896.9 2378.8 0 0 0 0 0 0 0 0 0
-157.7 -854.2 2471.4 0 0 0 0 0 0 0 0 0
-25.1 372.8 2479.1 5 0.3181678057 0.3986059129 -0.8601642847 -0.2848148048 0.9055895805 0.3143056333 0.9042398930 0.1449855715 0.4016582966
-103.5 194.7 2450.6 0.3181678057 0.3986059129 -0.8601642847 -0.2848148048 0.9055895805 0.3143056333 0.9042398930 0.1449855715 0.4016582966
-176.4 16.0 2429.6 0.3357033432 0.3751217723 -0.8640525937 -0.2434248477 0.9206743836 0.3051277995 0.9099712372 0.1078994498 0.4003874362
-149.4 227.9 2326.3 -0.2911581397 0.6088354588 -0.7379338741 0.6999561191 0.6613841653 0.2695041001 0.6521413922 -0.4380529821 -0.6187254190
-67.9 32.0 2143.7 -0.7657670975 0.6088354588 -0.2071719021 0.6341880560 0.6613841653 -0.4004703760 -0.1068003401 -0.4380529821 -0.8925823569
-57.7 161.4 2574.9 -0.2951821983 0.8588108420 -0.4187020063 -0.9210294485 -0.1392201185 0.3637616932 0.2541107535 0.4930128455 0.8320853710
-129.1 -61.3 2636.4 0.1038377061 0.8588108420 -0.5016589165 -0.8950828910 -0.1392201185 -0.4236087501 -0.4336408079 0.4930128455 0.7542505860
-280.5 -139.1 2326.3 0.4136156738 -0.0429598056 -0.9094374776 0.0340960063 0.9989163280 -0.0316795930 0.9098129272 -0.0179050080 0.4146322012
-263.8 -526.9 2333.3 0.4171794355 0.1409634352 -0.8978254795 0.0580682047 0.9817450047 0.1811209470 0.9069671631 -0.1276950538 0.4013783336
-221.5 -182.4 2489.8 0.4210388958 -0.0915748700 -0.9024080634 -0.0073241265 0.9945148230 -0.1043389514 0.9070129991 0.0505401045 0.4180586934
-185.9 -568.4 2470.2 0.4167300165 -0.0949103907 -0.9040620327 0.0436477736 0.9954765439 -0.0843877196 0.9079818130 -0.0042933980 0.4189875722
147.3 -146.2 2173.7 0 0 0 0 0 0 0 0 0
-101.6 -298.1 2521.6 0 0 0 0 0 0 0 0 0
-316.4 -893.2 2380.9 0 0 0 0 0 0 0 0 0
-158.7 -854.0 2471.5 0 0 0 0 0 0 0 0 0
-23.7 371.6 2478.5 6 0.3266456723 0.3994769454 -0.8565750122 -0.2793755829 0.9065995216 0.3162697852 0.9029129744 0.1359979808 0.4077409208
-102.3 193.2 2451.8 0.3266456723 0.3994769454 -0.8565750122 -0.2793755829 0.9065995216 0.3162697852 0.9029129744 0.1359979808 0.4077409208
-175.4 14.5 2432.1 0.3431827724 0.3767311871 -0.8604063988 -0.2404439151 0.9207519889 0.3072499037 0.9079715610 0.1014366150 0.4065689445
-149.2 226.1 2327.7 -0.2844370604 0.5971756577 -0.7499845624 0.6871209145 0.6725268960 0.2749043703 0.6685509682 -0.4371370971 -0.6016234756
-69.6 33.8 2140.7 -0.7694177628 0.5971756577 -0.2266660780 0.6342976093 0.6725268960 -0.3812796474 -0.0752518922 -0.4371370971 -0.8962412477
-55.4 160.4 2575.8 -0.2937071621 0.8628368974 -0.4113983214 -0.9198831916 -0.1381068826 0.3670714200 0.2599058151 0.4862498939 0.8342721462
-126.5 -62.1 2638.7 0.0995249525 0.8628368974 -0.4955877960 -0.8967067003 -0.1381068826 -0.4205277264 -0.4312909245 0.4862498939 0.7599665523
-279.3 -140.9 2327.2 0.4217684567 -0.0387048386 -0.9058771133 0.0256013405 0.9991984963 -0.0307723619 0.9063420892 -0.0102128554 0.4224213064
-264.2 -528.8 2331.1 0.4286549091 0.1384860128 -0.8927914500 0.0711409748 0.9799402952 0.1861610115 0.9006630778 -0.1433128864 0.4102042019
-219.1 -184.6 2490.2 0.4292228818 -0.0817706212 -0.8994894624 -0.0107816681 0.9953584671 -0.0956307203 0.9031342268 0.0507448912 0.4263490140
-187.4 -570.9 2470.5 0.4237690866 -0.1033387855 -0.8998560309 0.0492021069 0.9946299195 -0.0910518095 0.9044329524 -0.0056898724 0.4265778959
146.7 -144.5 2161.8 0 0 0 0 0 0 0 0 0
-100.1 -299.3 2524.6 0 0 0 0 0 0 0 0 0
-315.9 -894.6 2384.6 0 0 0 0 0 0 0 0 0
-157.9 -854.9 2472.1 0 0 0 0 0 0 0 0 0
-25.4 370.1 2478.3 7 0.2995000780 0.3978311121 -0.8671966791 -0.2740490735 0.9064886570 0.3212093413 0.9138910174 0.1414522231 0.3805186450
-103.5 192.2 2450.5 0.2995000780 0.3978311121 -0.8671966791 -0.2740490735 0.9064886570 0.3212093413 0.9138910174 0.1414522231 0.3805186450
-176.6 13.6 2430.0 0.3161932230 0.3765167594 -0.8707795143 -0.2346657515 0.9203886986 0.3127565682 0.9192137122 0.1054506227 0.3793762624
-146.7 224.3 2325.0 -0.2702748775 0.5688273311 -0.7767798901 0.6839809418 0.6812540889 0.2608886659 0.6775850654 -0.4607909918 -0.5731929541
-72.4 36.2 2138.6 -0.7751703262 0.5688273311 -0.2748571038 0.6313130260 0.6812540889 -0.3705896437 -0.0235539861 -0.4607909918 -0.8871960640
-60.3 160.2 2576.0 -0.3039011061 0.8480619192 -0.4340911508 -0.9171081185 -0.1370295584 0.3743468225 0.2579859793 0.5118729472 0.8194079399
-133.8 -61.6 2638.4 0.1089732796 0.8480619192 -0.5185709596 -0.9002379179 -0.1370295584 -0.4132730961 -0.4215407073 0.5118729472 0.7485249043
-279.3 -142.7 2331.1 0.3961926997 -0.0417057537 -0.9172196984 0.0162408520 0.9991298914 -0.0384149626 0.9180237055 0.0003232978 0.3965253234
-263.1 -530.6 2330.9 0.4063996673 0.1492365152 -0.9014254212 0.0779536217 0.9773106575 0.1969444901 0.9103639722 -0.1503075510 0.3855451941
-217.8 -185.8 2493.7 0.4038822353 -0.0739077404 -0.9118205905 -0.0160661694 0.9960043430 -0.0878476202 0.9146698713 0.0501295589 0.4010810554
-189.1 -572.4 2474.3 0.3986054361 -0.1176194251 -0.9095489979 0.0325481147 0.9929316044 -0.1141380966 0.9165447950 0.0158919636 0.3996162117
145.4 -141.2 2145.3 0 0 0 0 0 0 0 0 0
-105.0 -299.8 2526.9 0 0 0 0 0 0 0 0 0
-318.8 -895.3 2387.0 0 0 0 0 0 0 0 0 0
-155.9 -853.4 2469.8 0 0 0 0 0 0 0 0 0
-23.6 371.8 2478.1 8 0.3024330139 0.3992880285 -0.8655075431 -0.2693440318 0.9068228006 0.3242316544 0.9143238068 0.1350609511 0.3817990124
-102.3 193.1 2451.5 0.3024330139 0.3992880285 -0.8655075431 -0.2693440318 0.9068228006 0.3242316544 0.9143238068 0.1350609511 0.3817990124
-174.5 14.0 2432.1 0.3196629882 0.3719092906 -0.8714924455 -0.2284653485 0.9228670001 0.3100324273 0.9195755124 0.0999999344 0.3799748123
-145.9 224.3 2325.9 -0.2548423111 0.5457633138 -0.7982466817 0.6727881432 0.6930100918 0.2590233982 0.6945585012 -0.4710408151 -0.5437913537
-75.5 38.3 2133.9 -0.7800604701 0.5457633138 -0.3060197532 0.6254882812 0.6930100918 -0.3584709764 0.0164344609 -0.4710408151 -0.8819583058
-58.6 161.9 2577.1 -0.2984381020 0.8500180840 -0.4340552986 -0.9173872471 -0.1300060898 0.3761635423 0.2633159757 0.5104583502 0.8185945153
-130.8 -60.0 2640.8 0.1127806380 0.8500180840 -0.5145384669 -0.9016757607 -0.1300060898 -0.4124066830 -0.4174462557 0.5104583502 0.7517784834
-278.0 -144.1 2327.2 0.3977912068 -0.0287059564 -0.9170267582 0.0371795893 0.9991937280 -0.0151501559 0.9167223573 -0.0280680805 0.3985377550
-266.8 -531.8 2338.1 0.3998801112 0.1286420822 -0.9074949622 0.0527997389 0.9852244258 0.1629263908 0.9150453806 -0.1130665243 0.3871793747
-221.4 -186.1 2491.9 0.4070532024 -0.0773023888 -0.9101274610 -0.0204804894 0.9953894019 -0.0937040448 0.9131748080 0.0567823909 0.4035932720
-191.3 -572.5 2469.8 0.3994187713 -0.1245856062 -0.9082637429 0.0479933508 0.9922060966 -0.1149942949 0.9155114889 0.0023402583 0.4022850096
143.9 -137.6 2129.2 0 0 0 0 0 0 0 0 0
-101.0 -298.5 2530.4 0 0 0 0 0 0 0 0 0
-314.8 -899.2 2380.3 0 0 0 0 0 0 0 0 0
-156.1 -853.3 2469.2 0 0 0 0 0 0 0 0 0
-23.5 369.9 2479.0 9 0.3221257925 0.3961527050 -0.8598244190 -0.2781819403 0.9077495933 0.3140151203 0.9049031734 0.1380352378 0.4026120603
-101.6 191.0 2451.8 0.3221257925 0.3961527050 -0.8598244190 -0.2781819403 0.9077495933 0.3140151203 0.9049031734 0.1380352378 0.4026120603
-173.7 11.9 2431.9 0.3389880061 0.3714593351 -0.8643524051 -0.2379716039 0.9227289557 0.3032174706 0.9101959467 0.1029042527 0.4011908174
-147.9 223.5 2327.5 -0.2517637610 0.5583724976 -0.7904651165 0.6569721103 0.6983534694 0.2840600908 0.7106354237 -0.4477975070 -0.5426552296
-77.3 39.3 2128.3 -0.7700263262 0.5583724976 -0.3086739480 0.6371341348 0.6983534694 -0.3261327446 0.0334599651 -0.4477975070 -0.8935087323
-55.3 158.5 2576.2 -0.2906494439 0.8605985045 -0.4182021916 -0.9211582541 -0.1334433109 0.3655959070 0.2588250041 0.4914906323 0.8315326571
-125.6 -64.3 2638.8 0.1064919531 0.8605985045 -0.4980257154 -0.8965770006 -0.1334433109 -0.4223062098 -0.4298943281 0.4914906323 0.7573822141
-275.3 -144.7 2330.3 0.4163697958 -0.0299182162 -0.9087029696 0.0271464325 0.9994219542 -0.0204664972 0.9087899923 -0.0161464140 0.4169412851
-263.7 -532.6 2336.6 0.4198711812 0.1388910115 -0.8968932629 0.0510648899 0.9830402136 0.1761370450 0.9061459899 -0.1197546273 0.4056578279
-218.0 -185.6 2495.0 0.4260518551 -0.0774136707 -0.9013805985 -0.0343567878 0.9942291379 -0.1016271040 0.9040461183 0.0742669553 0.4209334850
-188.0 -571.6 2466.2 0.4171211421 -0.1117182747 -0.9019584060 0.0631788746 0.9935798049 -0.0938488618 0.9066522717 -0.0178383701 0.4215013981
140.0 -140.4 2118.9 0 0 0 0 0 0 0 0 0
-97.4 -301.4 2525.0 0 0 0 0 0 0 0 0 0
-315.5 -899.4 2381.3 0 0 0 0 0 0 0 0 0
-156.1 -854.8 2471.3 0 0 0 0 0 0 0 0 0
-23.8 367.8 2478.5 0 0.3337675929 0.3957076967 -0.8555785418 -0.2809390128 0.9081370234 0.3104197383 0.8998180032 0.1367573142 0.4142764509
-101.5 189.5 2451.7 0.3337675929 0.3957076967 -0.8555785418 -0.2809390128 0.9081370234 0.3104197383 0.8998180032 0.1367573142 0.4142764509
-173.7 10.4 2431.6 0.3499894142 0.3714815676 -0.8599470258 -0.2422274649 0.9226748943 0.2999948561 0.9048940539 0.1033077613 0.4129094779
-149.3 222.6 2328.1 -0.2215003669 0.5407576561 -0.8114916682 0.6451776624 0.7052591443 0.2938627303 0.7312204838 -0.4584656358 -0.5050998926
-87.9 43.7 2125.3 -0.7739662528 0.5407576561 -0.3294805884 0.6306362152 0.7052591443 -0.3238942623 0.0572208948 -0.4584656358 -0.8868681192
-53.7 156.4 2575.3 -0.2864003181 0.8665049076 -0.4088325799 -0.9228632450 -0.1348146051 0.3607609272 0.2574844956 0.4806185961 0.8382765055
