155.6 461.5 2583.5 1 0.4761742949 0.3529886007 -0.8053925037 -0.0175066348 0.9195182323 0.3926573098 0.8791766167 -0.1728736013 0.4440305829
85.6 279.4 2617.7 0.4761742949 0.3529886007 -0.8053925037 -0.0175066348 0.9195182323 0.3926573098 0.8791766167 -0.1728736013 0.4440305829
17.8 96.0 2653.8 0.4807879925 0.3410676420 -0.8077844977 -0.0052629169 0.9223542213 0.3863095045 0.8768211007 -0.1814816594 0.4452518225
18.1 280.1 2494.5 -0.1887014955 0.3619500101 -0.9128986597 0.9755833745 0.1754709035 -0.1320873201 0.1123781502 -0.9155338407 -0.3862240314
66.8 27.9 2465.5 -0.9266350865 0.3619500101 -0.1016837284 0.1748543382 0.1754709035 -0.9688322544 -0.3328262866 -0.9155338407 -0.2258860320
153.2 278.7 2741.0 0.2171102613 0.9590337276 -0.1819818467 -0.8911027908 0.2708268464 0.3641272187 0.3984958827 0.0831087753 0.9133969545
223.4 -9.2 2869.7 0.0974564105 0.9590337276 0.2660009563 -0.0399423763 0.2708268464 -0.9617990255 -0.9944379330 0.0831087753 0.0646999031
-90.8 -89.1 2614.3 0.7764205933 0.0473652370 -0.6284326315 -0.0626531020 0.9980329871 -0.0021849463 0.6270930171 0.0410696939 0.7778609395
-109.7 -485.9 2598.0 0.7797607780 0.0421993695 -0.6246537566 -0.0096587064 0.9984179139 0.0553924888 0.6260030270 -0.0371595435 0.7789347768
-4.7 -87.2 2775.8 0.8146400452 -0.1455046386 -0.5614178777 0.0746453628 0.9862708449 -0.1473018378 0.5751432180 0.0780907348 0.8143169880
53.1 -479.0 2744.8 0.8077757955 0.1312822104 -0.5746853352 0.0110477349 0.9713432789 0.2374241650 0.5893862844 -0.1981344670 0.7831771970
303.5 -16.7 2550.5 0 0 0 0 0 0 0 0 0
249.2 -19.8 2606.1 0 0 0 0 0 0 0 0 0
-121.3 -760.3 2608.2 0 0 0 0 0 0 0 0 0
18.6 -734.2 2796.9 0 0 0 0 0 0 0 0 0
159.9 460.8 2582.6 2 0.4964879751 0.3660677373 -0.7870795131 -0.0435800776 0.9160963297 0.3985827863 0.8669489622 -0.1635905802 0.4707840681
87.4 279.3 2615.1 0.4964879751 0.3660677373 -0.7870795131 -0.0435800776 0.9160963297 0.3985827863 0.8669489622 -0.1635905802 0.4707840681
18.0 96.2 2649.5 0.5026010871 0.3488978148 -0.7909882665 -0.0278724190 0.9210106134 0.3885390759 0.8640690446 -0.1732334048 0.4726255238
16.7 283.2 2493.6 -0.1104250029 0.3598840833 -0.9264392853 0.9876546860 0.1439374983 -0.0618075728 0.1111057922 -0.9218272567 -0.3713355064
45.1 29.5 2465.1 -0.9295464158 0.3598840833 -0.0801678747 0.1402119547 0.1439374983 -0.9796032906 -0.3410044611 -0.9218272567 -0.1842566431
158.0 275.4 2736.5 0.3294121921 0.9407219887 -0.0808069035 -0.8950238228 0.3383707106 0.2905815840 0.3006991744 -0.0233970173 0.9534320235
261.0 -4.5 2830.5 -0.0214001834 0.9407219887 0.3385028541 -0.0096313059 0.3383707106 -0.9409636259 -0.9997246265 -0.0233970173 0.0018191860
-94.1 -86.8 2609.6 0.7927855849 0.0336659774 -0.6085700989 -0.0481290706 0.9988133907 -0.0074436879 0.6075973511 0.0351911634 0.7934651971
-107.5 -483.9 2595.6 0.7951304317 0.0577728488 -0.6036802530 -0.0151726650 0.9970354438 0.0754328594 0.6062485576 -0.0508195274 0.7936497927
-6.0 -87.8 2770.2 0.8253652453 -0.1459339559 -0.5454130769 0.0849892870 0.9871243238 -0.1355078518 0.5581657290 0.0654892027 0.8271409869
52.0 -480.1 2744.2 0.8174313307 0.1297412217 -0.5612247586 0.0044804513 0.9728429317 0.2314229459 0.5760086179 -0.1916868985 0.7946509719
283.0 -6.4 2552.3 0 0 0 0 0 0 0 0 0
255.5 -7.1 2570.1 0 0 0 0 0 0 0 0 0
-123.6 -762.3 2609.8 0 0 0 0 0 0 0 0 0
18.3 -732.9 2794.0 0 0 0 0 0 0 0 0 0
164.7 460.3 2583.7 3 0.5512251258 0.3612416983 -0.7521005869 -0.0765137225 0.9195014238 0.3855680525 0.8308408260 -0.1549887955 0.5344922543
92.9 277.5 2614.5 0.5512251258 0.3612416983 -0.7521005869 -0.0765137225 0.9195014238 0.3855680525 0.8308408260 -0.1549887955 0.5344922543
24.8 93.6 2646.8 0.5572367907 0.3424702585 -0.7564398646 -0.0607534908 0.9253590107 0.3741921186 0.8281280994 -0.1625572741 0.5364503264
14.7 286.0 2498.4 -0.0317965709 0.3500431478 -0.9361937642 0.9881848693 0.1515172720 0.0230899807 0.1499320269 -0.9243983626 -0.3507250845
22.9 32.2 2459.9 -0.9284201860 0.3500431478 -0.1245220378 0.1872989088 0.1515172720 -0.9705470800 -0.3208661377 -0.9243983626 -0.2062343955
171.1 269.1 2730.7 0.3959049582 0.9179927707 0.0234197360 -0.8960237503 0.3805966377 0.2286649942 0.2009993345 -0.1115142405 0.9732234478
293.5 -7.8 2792.8 -0.1336443573 0.9179927707 0.3734011352 0.0321305320 0.3805966377 -0.9241827726 -0.9905083776 -0.1115142405 -0.0803601891
-97.5 -84.3 2604.8 0.8312991858 0.0195076335 -0.5554827452 -0.0340441540 0.9992945790 -0.0158546884 0.5547816157 0.0320909284 0.8313769102
-105.2 -481.6 2592.0 0.8323450685 0.0665706843 -0.5502454638 -0.0196965188 0.9956864715 0.0906672329 0.5539076924 -0.0646285042 0.8300659060
-5.4 -89.4 2763.2 0.8537386656 -0.1449027210 -0.5001334548 0.1074533686 0.9888527393 -0.1030731946 0.5094939470 0.0342565402 0.8597920537
52.2 -482.3 2749.5 0.8432708383 0.1346460730 -0.5203505754 -0.0251797438 0.9769475460 0.2119894028 0.5368987918 -0.1656621844 0.8272216916
262.1 -16.1 2542.5 0 0 0 0 0 0 0 0 0
258.9 0.5 2536.9 0 0 0 0 0 0 0 0 0
-123.9 -760.7 2610.1 0 0 0 0 0 0 0 0 0
17.5 -734.3 2792.3 0 0 0 0 0 0 0 0 0
170.9 467.5 2609.2 4 0.5095857382 0.3650679290 -0.7791327238 -0.1089371443 0.9256135821 0.3624530435 0.8534957767 -0.0998244137 0.5114489198
98.2 283.0 2629.1 0.5095857382 0.3650679290 -0.7791327238 -0.1089371443 0.9256135821 0.3624530435 0.8534957767 -0.0998244137 0.5114489198
26.7 99.3 2653.0 0.5167969465 0.3606077731 -0.7764553428 -0.0905481651 0.9248962402 0.3692804277 0.8513060212 -0.1205363870 0.5106359124
25.7 295.8 2509.7 0.0483501218 0.3426148593 -0.9382309318 0.9757311940 0.1846435070 0.1177091151 0.2135671377 -0.9211524725 -0.3253724575
12.7 34.1 2452.4 -0.9159023166 0.3426148593 -0.2091364413 0.2839153707 0.1846435070 -0.9409031868 -0.2837517262 -0.9211524725 -0.2663890421
170.7 270.3 2748.6 0.4064401388 0.9136745930 -0.0022716406 -0.8966041803 0.3993224502 0.1914224774 0.1758049726 -0.0757650137 0.9815050960
296.4 -7.0 2802.9 -0.1101610959 0.9136745930 0.3912330270 0.0638660118 0.3993224502 -0.9145833850 -0.9918596745 -0.0757650137 -0.1023425460
-94.4 -84.8 2603.3 0.8043701649 0.0247964952 -0.5936108232 -0.0370536000 0.9992774129 -0.0084672142 0.5929719210 0.0288061909 0.8047077060
-104.3 -482.1 2591.9 0.8057354093 0.0707353354 -0.5880365372 -0.0195888393 0.9954821467 0.0929063708 0.5919516683 -0.0633390024 0.8034808040
7.6 -95.8 2754.8 0.8295753002 -0.1085058674 -0.5477511287 0.0854989290 0.9940541387 -0.0674264282 0.5518104434 0.0091031613 0.8339198828
50.6 -490.5 2751.2 0.8210891485 0.1282896399 -0.5561963916 -0.0075687831 0.9767768979 0.2141252905 0.5707498193 -0.1716062278 0.8029918671
249.1 -39.1 2525.7 0 0 0 0 0 0 0 0 0
267.9 9.6 2546.1 0 0 0 0 0 0 0 0 0
-123.9 -759.2 2609.5 0 0 0 0 0 0 0 0 0
18.2 -737.7 2794.6 0 0 0 0 0 0 0 0 0
174.7 473.1 2614.0 5 0.5162005424 0.3755324781 -0.7697482109 -0.1422654390 0.9238579869 0.3553124964 0.8445694447 -0.0739039406 0.5303213000
99.7 288.5 2628.8 0.5162005424 0.3755324781 -0.7697482109 -0.1422654390 0.9238579869 0.3553124964 0.8445694447 -0.0739039406 0.5303213000
25.3 105.2 2646.5 0.5212666988 0.3744432926 -0.7668593526 -0.1297902465 0.9229310155 0.3624263108 0.8434664011 -0.0893898904 0.5296922922
26.5 306.7 2510.4 0.0732101947 0.3263649046 -0.9424045086 0.9675589800 0.2058638930 0.1464572102 0.2418055534 -0.9225540757 -0.3007059693
6.1 36.6 2442.9 -0.9107595682 0.3263649046 -0.2529881597 0.3297043741 0.2058638930 -0.9213658571 -0.2486203611 -0.9225540757 -0.2950964570
172.9 270.3 2747.2 0.4077888131 0.9129187465 0.0169604365 -0.9038393497 0.4009584188 0.1493546814 0.1295482665 -0.0762346834 0.9886382222
299.0 -9.2 2787.2 -0.1279121190 0.9129187465 0.3875794709 0.1036999300 0.4009584188 -0.9102080464 -0.9863492250 -0.0762346834 -0.1459570527
-92.2 -76.1 2599.0 0.8091611862 0.0262442082 -0.5870003700 -0.0318189189 0.9994933009 0.0008249991 0.5867245793 0.0180101600 0.8095862865
-102.6 -473.5 2591.8 0.8092392683 0.0783498809 -0.5822311640 -0.0308320802 0.9953651428 0.0910913274 0.5866695642 -0.0557632819 0.8079042435
2.4 -92.7 2754.7 0.8304542303 -0.1167779490 -0.5447097421 0.0924643576 0.9931137562 -0.0719399229 0.5493597388 0.0093765752 0.8355333209
48.8 -487.3 2751.0 0.8230041265 0.1168041527 -0.5558965206 -0.0025762557 0.9793876410 0.2019733340 0.5680295229 -0.1647927612 0.8063409925
242.7 -49.1 2507.5 0 0 0 0 0 0 0 0 0
265.8 17.7 2531.6 0 0 0 0 0 0 0 0 0
-124.9 -756.4 2607.7 0 0 0 0 0 0 0 0 0
19.4 -734.0 2792.5 0 0 0 0 0 0 0 0 0
174.4 476.7 2616.4 6 0.5380592942 0.3794775605 -0.7526546121 -0.1701689810 0.9234446883 0.3439366817 0.8255511522 -0.0569798499 0.5614433289
98.4 291.8 2627.8 0.5380592942 0.3794775605 -0.7526546121 -0.1701689810 0.9234446883 0.3439366817 0.8255511522 -0.0569798499 0.5614433289
23.7 108.2 2642.3 0.5438396931 0.3756121099 -0.7504358292 -0.1560270786 0.9239045382 0.3493650258 0.8245568275 -0.0729102567 0.5610616207
22.0 313.7 2512.0 0.0675604343 0.3260520995 -0.9429345727 0.9574015141 0.2447516918 0.1532282978 0.2807452381 -0.9131191969 -0.2956272364
2.6 39.8 2431.7 -0.9016277790 0.3260520995 -0.2841784656 0.3708672225 0.2447516918 -0.8958538771 -0.2225418687 -0.9131191969 -0.3415969610
174.8 269.9 2743.6 0.4059863985 0.9118682742 0.0605908409 -0.9065113068 0.3934252262 0.1531466395 0.1158115938 -0.1171017364 0.9863442183
300.3 -10.3 2779.4 -0.1650101691 0.9118682742 0.3758561611 0.0901166573 0.3934252262 -0.9149292707 -0.9821662903 -0.1171017364 -0.1470936835
-96.8 -66.2 2587.1 0.8258616328 0.0118274530 -0.5637487769 -0.0078626219 0.9999243617 0.0094601018 0.5638180375 -0.0033801913 0.8258921504
-101.5 -463.6 2588.4 0.8247947693 0.0791836902 -0.5598602891 -0.0223569870 0.9939384460 0.1076407656 0.5649900436 -0.0762647465 0.8215655088
-1.3 -89.9 2741.5 0.8392022848 -0.1289815307 -0.5283022523 0.1270081252 0.9910860658 -0.0402161554 0.5287801027 -0.0333491862 0.8481034040
49.9 -483.5 2754.7 0.8308439851 0.1182969809 -0.5437868237 -0.0185793117 0.9824972153 0.1853482723 0.5561951995 -0.1438923180 0.8184998035
238.6 -57.3 2489.9 0 0 0 0 0 0 0 0 0
252.4 15.8 2494.4 0 0 0 0 0 0 0 0 0
-124.9 -757.8 2611.0 0 0 0 0 0 0 0 0 0
19.1 -739.3 2792.2 0 0 0 0 0 0 0 0 0
175.3 477.1 2626.6 7 0.5198845863 0.3793793023 -0.7653700709 -0.1995089501 0.9251155853 0.3230438530 0.8306119442 -0.0152473291 0.5566428900
99.7 292.8 2629.6 0.5198845863 0.3793793023 -0.7653700709 -0.1995089501 0.9251155853 0.3230438530 0.8306119442 -0.0152473291 0.5566428900
23.8 109.5 2637.1 0.5262386799 0.3823972046 -0.7595033050 -0.1840916425 0.9232298136 0.3372788131 0.8301705718 -0.0376709327 0.5562353730
25.8 318.7 2513.0 0.0906569809 0.2460076362 -0.9650189281 0.9501317739 0.2689632773 0.1578239501 0.2983805537 -0.9312030077 -0.2093562633
-0.3 45.6 2427.2 -0.9005107284 0.2460076362 -0.3585536182 0.4188170135 0.2689632773 -0.8673240542 -0.1169305891 -0.9312030077 -0.3452365100
173.7 266.9 2746.3 0.3970750868 0.9166838527 0.0449675731 -0.9113631845 0.3880362809 0.1372771114 0.1083906591 -0.0954911113 0.9895114303
296.4 -14.7 2779.8 -0.1452585757 0.9166838527 0.3722776473 0.1009465605 0.3880362809 -0.9160991311 -0.9842305183 -0.0954911113 -0.1489016861
-100.8 -61.0 2581.3 0.8145303726 -0.0083350129 -0.5800610781 0.0179342832 0.9997806549 0.0108175389 0.5798436403 -0.0192141943 0.8145011663
-97.5 -458.3 2588.9 0.8109201193 0.0924858376 -0.5778018236 -0.0317560248 0.9929310679 0.1143652797 0.5842945576 -0.0743924156 0.8081247807
-1.2 -89.6 2732.3 0.8241468072 -0.1357587874 -0.5498650670 0.1440208256 0.9891682267 -0.0283596199 0.5477590561 -0.0558195300 0.8347719312
52.8 -482.5 2754.4 0.8141607046 0.1284763217 -0.5662474632 -0.0235365145 0.9817141294 0.1889006346 0.5801624060 -0.1404679865 0.8022969365
234.9 -63.8 2457.8 0 0 0 0 0 0 0 0 0
252.0 16.2 2478.8 0 0 0 0 0 0 0 0 0
-125.2 -756.2 2611.2 0 0 0 0 0 0 0 0 0
19.4 -737.2 2790.9 0 0 0 0 0 0 0 0 0
173.6 473.2 2622.7 8 0.4891198575 0.3943901956 -0.7779576778 -0.1798003167 0.9183663726 0.3525266051 0.8534832001 -0.0325507261 0.5201027393
94.9 289.9 2629.2 0.4891198575 0.3943901956 -0.7779576778 -0.1798003167 0.9183663726 0.3525266051 0.8534832001 -0.0325507261 0.5201027393
17.9 107.0 2638.9 0.4960876405 0.3873537481 -0.7770805359 -0.1634091288 0.9206320643 0.3545900285 0.8527570367 -0.0489256792 0.5200113058
25.2 312.9 2509.4 0.0896623954 0.1892287582 -0.9778308272 0.9431562424 0.2993359864 0.1444100738 0.3200265169 -0.9351953864 -0.1516330987
0.4 51.6 2420.7 -0.9017110467 0.1892287582 -0.3887282908 0.4300101101 0.2993359864 -0.8517565727 -0.0448164679 -0.9351953864 -0.3512848616
164.7 267.0 2749.0 0.3879545033 0.9215806127 0.0134348422 -0.9089703560 0.3801524937 0.1710465997 0.1525259465 -0.0785701722 0.9851713181
284.4 -13.6 2796.1 -0.1107898951 0.9215806127 0.3720413744 0.0635938495 0.3801524937 -0.9227350354 -0.9918071628 -0.0785701722 -0.1007239148
-100.4 -57.0 2568.5 0.7937464714 -0.0110198157 -0.6081489325 0.0394088291 0.9986668229 0.0333396867 0.6069707870 -0.0504296981 0.7931225300
-96.0 -453.8 2588.6 0.7891338468 0.0953166410 -0.6067804694 -0.0271289721 0.9923304915 0.1205991730 0.6136218905 -0.0787075609 0.7856674194
-3.9 -90.8 2720.6 0.8038698435 -0.1468644738 -0.5763888359 0.1645930856 0.9861225486 -0.0217126925 0.5715788603 -0.0774154365 0.8168870211
54.4 -482.6 2751.4 0.7919994593 0.1377676278 -0.5947747231 -0.0102299843 0.9770650268 0.2126953006 0.6104360819 -0.1623700261 0.7752442956
236.6 -61.1 2432.4 0 0 0 0 0 0 0 0 0
249.7 6.3 2485.4 0 0 0 0 0 0 0 0 0
-125.0 -755.4 2612.5 0 0 0 0 0 0 0 0 0
17.6 -743.6 2794.8 0 0 0 0 0 0 0 0 0
175.9 471.2 2621.2 9 0.5606335998 0.3979817927 -0.7261545658 -0.2037450522 0.9162693620 0.3448745012 0.8026069403 -0.0453978293 0.5947782397
96.4 288.2 2630.3 0.5606335998 0.3979817927 -0.7261545658 -0.2037450522 0.9162693620 0.3448745012 0.8026069403 -0.0453978293 0.5947782397
21.2 104.7 2641.6 0.5690391064 0.3789775074 -0.7297742963 -0.1838401407 0.9236359596 0.3363026083 0.8014969230 -0.0572075173 0.5952562094
16.7 314.0 2518.1 0.0453001074 0.1427145451 -0.9887266755 0.9243413210 0.3693791926 0.0956670269 0.3788681328 -0.9182546139 -0.1151840314
3.8 50.7 2410.2 -0.9195172787 0.1427145451 -0.3662247062 0.3927601278 0.3693791926 -0.8421986103 0.0150817959 -0.9182546139 -0.3957031071
176.2 262.5 2742.5 0.4008204341 0.9104852676 0.1017819345 -0.9111340642 0.3845383227 0.1482058614 0.0958002061 -0.1521409303 0.9837049842
299.7 -18.4 2772.1 -0.1991825551 0.9104852676 0.3624126017 0.0853677765 0.3845383227 -0.9191532135 -0.9762369990 -0.1521409303 -0.1543194205
-104.6 -60.9 2570.5 0.8431667089 -0.0205007270 -0.5372612476 0.0466477796 0.9982939959 0.0351153240 0.5356248021 -0.0546701141 0.8426845670
-96.4 -457.7 2592.2 0.8381505609 0.0925195962 -0.5375348926 -0.0495060645 0.9943450093 0.0939527154 0.5431876183 -0.0521352887 0.8379911184
-13.6 -90.8 2726.7 0.8464514613 -0.1746166945 -0.5030198693 0.1755270362 0.9833989739 -0.0460076667 0.5027029514 -0.0493503287 0.8630494475
55.7 -481.4 2746.3 0.8340584040 0.1462724358 -0.5319314003 -0.0195620637 0.9714446664 0.2364584506 0.5513292551 -0.1868144721 0.8131029606
244.3 -52.0 2406.2 0 0 0 0 0 0 0 0 0
236.8 8.6 2463.5 0 0 0 0 0 0 0 0 0
-124.2 -755.9 2607.8 0 0 0 0 0 0 0 0 0
16.4 -742.6 2796.5 0 0 0 0 0 0 0 0 0
175.2 478.4 2620.0 0 0.5031856894 0.3964422047 -0.7678787112 -0.1605352759 0.9159803987 0.3677068353 0.8491364121 -0.0617531911 0.5245511532
96.1 295.7 2632.3 0.5031856894 0.3964422047 -0.7678787112 -0.1605352759 0.9159803987 0.3677068353 0.8491364121 -0.0617531911 0.5245511532
20.9 112.3 2646.9 0.5111432076 0.3780216575 -0.7719017267 -0.1416414529 0.9228557348 0.3581549227 0.8477442861 -0.0737351775 0.5252549648
24.6 315.4 2513.7 0.0394914560 0.0402857289 -0.9984074831 0.9279712439 0.3690625429 0.0515970588 0.3705534339 -0.9285310507 -0.0228091795
13.2 48.5 2407.2 -0.9369944930 0.0402857289 -0.3470135331 0.3366904557 0.3690625429 -0.8662750125 0.0931711793 -0.9285310507 -0.3593733907
167.6 275.9 2750.9 0.3961040676 0.9177005887 0.0304509494 -0.9025361538 0.3830296397 0.1967658997 0.1689085513 -0.1054228470 0.9799774885
289.5 -1.9 2802.9 -0.1285387725 0.9177005887 0.3759035468 0.0351868756 0.3830296397 -0.9230656624 -0.9910800457 -0.1054228470 -0.0815251768
-106.1 -62.2 2579.7 0.8034818769 -0.0212941989 -0.5949482322 0.0338987522 0.9993751049 0.0100111878 0.5943633318 -0.0282118097 0.8037016392
-97.6 -459.3 2590.9 0.7990188003 0.0909042433 -0.5943949819 -0.0375279970 0.9941183925 0.1015890166 0.6001338363 -0.0588650815 0.7977306843
-2.1 -95.7 2726.0 0.8153605461 -0.1500509232 -0.5591707230 0.1585554779 0.9867782593 -0.0335981697 0.5568189621 -0.0612649620 0.8283714056
57.5 -487.7 2750.3 0.8001889586 0.1569471210 -0.5788482428 -0.0155301811 0.9702510834 0.2416022420 0.5995469093 -0.1843378246 0.7788215876
257.8 -39.4 2382.8 0 0 0 0 0 0 0 0 0
248.7 9.3 2488.1 0 0 0 0 0 0 0 0 0
-125.2 -760.4 2608.7 0 0 0 0 0 0 0 0 0
16.6 -740.1 2798.3 0 0 0 0 0 0 0 0 0
166.7 473.0 2591.9 1 0.5389208794 0.3746544421 -0.7544523478 -0.0947579518 0.9169238210 0.3876488209 0.8370096684 -0.1374216974 0.5296509266
92.5 291.4 2619.1 0.5389208794 0.3746544421 -0.7544523478 -0.0947579518 0.9169238210 0.3876488209 0.8370096684 -0.1374216974 0.5296509266
21.3 108.8 2648.3 0.5451627374 0.3592545688 -0.7574521303 -0.0791219175 0.9215409160 0.3801342249 0.8345881104 -0.1473039389 0.5308147073
16.1 302.5 2502.4 -0.0378676020 -0.0038137366 -0.9992755055 0.9265026450 0.3745100200 -0.0365391895 0.3743780255 -0.9272150397 -0.0106483586
26.3 51.5 2401.0 -0.9356312752 -0.0038137366 -0.3529582918 0.3259366155 0.3745100200 -0.8680481315 0.1354969144 -0.9272150397 -0.3491602540
168.9 280.3 2735.8 0.4199212492 0.9052879810 0.0641857684 -0.8827413321 0.3909883797 0.2605683208 0.2107934654 -0.1660775989 0.9633194208
298.2 8.5 2800.8 -0.1667916179 0.9052879810 0.3906843066 -0.0324008055 0.3909883797 -0.9198251367 -0.9854596853 -0.1660775989 -0.0358815193
-101.0 -58.2 2584.2 0.8261816502 -0.0099103600 -0.5633166432 0.0234815404 0.9995822310 0.0168533958 0.5629142523 -0.0271515101 0.8260691762
-97.1 -455.5 2595.0 0.8215543032 0.0937153324 -0.5623752475 -0.0485865809 0.9943178892 0.0947166830 0.5680561662 -0.0504910089 0.8214395046
-7.8 -83.9 2738.8 0.8430671096 -0.1610072106 -0.5131418109 0.1462147534 0.9868150353 -0.0694067255 0.5175510049 -0.0165143721 0.8554929495
56.2 -475.7 2745.4 0.8296592236 0.1500312388 -0.5377324820 -0.0162699837 0.9693007469 0.2453391850 0.5580330491 -0.1947990209 0.8066303134
270.9 -33.7 2365.5 0 0 0 0 0 0 0 0 0
245.1 -1.9 2486.8 0 0 0 0 0 0 0 0 0
-125.7 -759.4 2610.4 0 0 0 0 0 0 0 0 0
15.4 -739.1 2798.3 0 0 0 0 0 0 0 0 0
169.2 475.3 2604.8 2 0.5117967129 0.3670268059 -0.7767595649 -0.1073228493 0.9243798256 0.3660652339 0.8523766398 -0.1039869413 0.5124849081
96.5 292.0 2625.5 0.5117967129 0.3670268059 -0.7767595649 -0.1073228493 0.9243798256 0.3660652339 0.8523766398 -0.1039869413 0.5124849081
25.7 108.4 2651.3 0.5218139291 0.3569058776 -0.7748086452 -0.0817325115 0.9250093699 0.3710491955 0.8491348624 -0.1302915663 0.5118535757
23.2 303.5 2506.4 -0.0826437250 -0.0308641158 -0.9961010814 0.9142174125 0.3955299854 -0.0881055295 0.3967071474 -0.9179343581 -0.0044715605
45.7 54.6 2398.4 -0.9252248406 -0.0308641158 -0.3781619370 0.3361531794 0.3955299854 -0.8547263145 0.1759547591 -0.9179343581 -0.3555791080
169.7 280.5 2744.5 0.4197293520 0.9069815278 0.0348100215 -0.8813371658 0.3980943561 0.2544910312 0.2169609964 -0.1374967247 0.9664484262
299.2 8.6 2811.5 -0.1385622025 0.9069815278 0.3977247477 -0.0262480211 0.3980943561 -0.9169688821 -0.9900058508 -0.1374967247 -0.0313543603
-99.7 -66.7 2601.3 0.8100359440 -0.0015407259 -0.5863782167 -0.0126448218 0.9997181296 -0.0200946275 0.5862438679 0.0236920193 0.8097881079
-99.1 -463.6 2591.9 0.8085594773 0.0838840082 -0.5824044943 -0.0319643393 0.9945864081 0.0988742709 0.5875455737 -0.0613295548 0.8068636060
-0.1 -81.1 2753.5 0.8332195878 -0.1454150975 -0.5334787965 0.1088345572 0.9890564084 -0.0996115506 0.5421256423 0.0249373708 0.8399273157
57.6 -473.7 2743.6 0.8205617666 0.1527220011 -0.5507761240 -0.0123486640 0.9681524038 0.2500568330 0.5714244246 -0.1983857304 0.7963147759
287.7 -33.3 2352.4 0 0 0 0 0 0 0 0 0
254.9 0.2 2494.7 0 0 0 0 0 0 0 0 0
-124.2 -761.3 2610.3 0 0 0 0 0 0 0 0 0
15.9 -738.5 2797.9 0 0 0 0 0 0 0 0 0
162.7 469.4 2584.8 3 0.5247192383 0.3558893204 -0.7733126879 -0.0482600071 0.9193919301 0.3903709650 0.8499062657 -0.1675150841 0.4995978773
92.0 286.8 2618.1 0.5247192383 0.3558893204 -0.7733126879 -0.0482600071 0.9193919301 0.3903709650 0.8499062657 -0.1675150841 0.4995978773
24.5 104.0 2654.6 0.5325132012 0.3403482139 -0.7749792337 -0.0276456513 0.9220998883 0.3859631121 0.8459700942 -0.1841056496 0.5004395247
17.2 290.7 2499.4 -0.1765688658 -0.0266094171 -0.9839285612 0.8980162144 0.4049046934 -0.1721019149 0.4029768109 -0.9139716029 -0.0475978777
63.8 53.8 2393.1 -0.9282865524 -0.0266094171 -0.3709124625 0.3292349875 0.4049046934 -0.8530278802 0.1728827804 -0.9139716029 -0.3671068251
166.8 282.9 2736.7 0.4370487034 0.8984912038 0.0412548333 -0.8613334894 0.4048837721 0.3068774045 0.2590232491 -0.1696545333 0.9508545399
301.6 17.3 2816.6 -0.1490460038 0.8984912038 0.4129150212 -0.0821544826 0.4048837721 -0.9106699824 -0.9854115248 -0.1696545333 0.0134687759
-92.9 -67.7 2599.5 0.8164101839 0.0254195426 -0.5769127011 -0.0224073473 0.9996727705 0.0123374620 0.5770375133 0.0028546522 0.8167126775
-103.0 -464.7 2598.4 0.8157632351 0.0665937811 -0.5745394826 -0.0327529497 0.9970743656 0.0690645427 0.5774578452 -0.0375224501 0.8155577779
2.6 -82.7 2754.8 0.8440824747 -0.1392304003 -0.5178220272 0.1065408364 0.9899946451 -0.0925184563 0.5255224109 0.0229240172 0.8504708409
58.0 -476.0 2745.7 0.8301021457 0.1600617319 -0.5341448188 -0.0236487854 0.9671596885 0.2530668378 0.5571097136 -0.1974394321 0.8066266179
308.2 -32.9 2347.6 0 0 0 0 0 0 0 0 0
253.9 -9.0 2501.0 0 0 0 0 0 0 0 0 0
-122.6 -758.8 2609.4 0 0 0 0 0 0 0 0 0
14.4 -739.0 2799.4 0 0 0 0 0 0 0 0 0
156.9 471.9 2592.3 4 0.4319731891 0.3556313217 -0.8288097382 -0.0037359598 0.9196711779 0.3926716149 0.9018787146 -0.1665271968 0.3986018896
86.3 289.1 2625.4 0.4319731891 0.3556313217 -0.8288097382 -0.0037359598 0.9196711779 0.3926716149 0.9018787146 -0.1665271968 0.3986018896
18.1 106.3 2662.1 0.4396860301 0.3432390392 -0.8299778104 0.0165761709 0.9208369255 0.3895953596 0.8979985714 -0.1850574911 0.3991895318
24.9 286.8 2500.1 -0.2062923312 -0.0782151222 -0.9753593802 0.8980095387 0.3807541430 -0.2204656303 0.3886158764 -0.9213624001 -0.0083087320
78.9 51.8 2398.3 -0.9277635813 -0.0782151222 -0.3648796678 0.3104561567 0.3807541430 -0.8710013032 0.2070549130 -0.9213624001 -0.3289674520
147.7 291.5 2750.7 0.4173907042 0.9064428210 -0.0643923581 -0.8430104256 0.4126897454 0.3449936211 0.3392910361 -0.0897137001 0.9363936186
276.0 32.2 2855.1 -0.0417105816 0.9064428210 0.4202637374 -0.1239076182 0.4126897454 -0.9024046063 -0.9914167523 -0.0897137001 0.0951016471
-91.8 -76.4 2613.8 0.7492408156 0.0289235748 -0.6616657972 -0.0499245375 0.9986699820 -0.0128771933 0.6604133248 0.0426814780 0.7496883273
-103.3 -472.9 2596.8 0.7518056631 0.0703356788 -0.6556227207 -0.0188068673 0.9961773753 0.0853047073 0.6591165066 -0.0518023558 0.7502545714
5.7 -81.4 2768.5 0.7919453979 -0.1335719228 -0.5958028436 0.0728358626 0.9894776940 -0.1250151992 0.6062321663 0.0556093939 0.7933411598
58.8 -474.5 2746.4 0.7814707160 0.1622584909 -0.6024746299 -0.0045294883 0.9670439959 0.2545691133 0.6239254475 -0.1962094158 0.7564514875
321.7 -29.5 2344.2 0 0 0 0 0 0 0 0 0
262.8 -7.3 2539.1 0 0 0 0 0 0 0 0 0
-123.8 -763.6 2611.9 0 0 0 0 0 0 0 0 0
14.5 -738.8 2800.0 0 0 0 0 0 0 0 0 0
153.7 472.7 2601.5 5 0.3652797639 0.3569977880 -0.8597227931 0.0208334774 0.9201751351 0.3909522295 0.9306646585 -0.1607179493 0.3286838531
82.9 290.2 2633.4 0.3652797639 0.3569977880 -0.8597227931 0.0208334774 0.9201751351 0.3909522295 0.9306646585 -0.1607179493 0.3286838531
14.1 107.2 2668.8 0.3722995222 0.3465104699 -0.8610014915 0.0392050371 0.9209911823 0.3876057267 0.9272842407 -0.1780610234 0.3292996287
30.9 284.7 2503.8 -0.2544562519 -0.0600853339 -0.9652159214 0.8872669935 0.3825408518 -0.2577203214 0.3847197294 -0.9219827652 -0.0440281853
97.4 52.8 2403.3 -0.9137734771 -0.0600853339 -0.4017558396 0.3506748378 0.3825408518 -0.8548038602 0.2050492018 -0.9219827652 -0.3284852803
134.9 295.7 2763.0 0.3998608291 0.9063224196 -0.1367149353 -0.8312166333 0.4214222729 0.3626046777 0.3862514794 -0.0313516781 0.9218605757
258.0 39.8 2881.9 0.0326459073 0.9063224196 0.4213239849 -0.1437909305 0.4214222729 -0.8953923583 -0.9890694618 -0.0313516781 0.1440786570
-90.1 -78.1 2617.1 0.6985144615 0.0332269855 -0.7148241401 -0.0540111028 0.9985200763 -0.0063648173 0.7135547400 0.0430543534 0.6992753148
-103.3 -474.8 2600.0 0.7007538676 0.0800327808 -0.7088996768 -0.0289190076 0.9960573912 0.0838653743 0.7128167152 -0.0382683128 0.7003055215
-10.1 -75.0 2780.5 0.7471596599 -0.1856602877 -0.6381870508 0.0779231340 0.9780402184 -0.1933010370 0.6600609422 0.0946971998 0.7452194095
63.6 -462.9 2743.0 0.7360695601 0.1749336123 -0.6539111733 0.0052498337 0.9645252824 0.2639381886 0.6768855453 -0.1977097988 0.7090393305
333.7 -37.9 2350.3 0 0 0 0 0 0 0 0 0
268.4 -6.1 2566.2 0 0 0 0 0 0 0 0 0
-126.2 -759.4 2610.9 0 0 0 0 0 0 0 0 0
13.8 -737.2 2799.2 0 0 0 0 0 0 0 0 0
151.7 471.0 2583.7 6 0.3860345781 0.3485222161 -0.8541133404 0.0609307066 0.9142286777 0.4005913138 0.9204698801 -0.2066838145 0.3316881657
82.7 289.9 2624.6 0.3860345781 0.3485222161 -0.8541133404 0.0609307066 0.9142286777 0.4005913138 0.9204698801 -0.2066838145 0.3316881657
15.9 108.1 2668.5 0.3922304511 0.3363637626 -0.8561627865 0.0774822384 0.9153575897 0.3951164484 0.9165979624 -0.2213141173 0.3329688907
27.7 279.0 2496.2 -0.3323193789 -0.0951826796 -0.9383518100 0.8880749941 0.3034686744 -0.3452964127 0.3176265955 -0.9480754137 -0.0163191650
113.7 49.1 2414.0 -0.9215949178 -0.0951826796 -0.3763018548 0.3331606686 0.3034686744 -0.8926985860 0.1991652697 -0.9480754137 -0.2479640543
137.6 300.7 2753.0 0.4155072868 0.9017498493 -0.1191676110 -0.8123522401 0.4268276691 0.3973687887 0.4091912806 -0.0683035553 0.9098885059
265.7 50.3 2879.2 0.0118086711 0.9017498493 0.4320969582 -0.1822816283 0.4268276691 -0.8857717514 -0.9831754565 -0.0683035553 0.1694127023
-88.6 -79.4 2619.6 0.7129702568 0.0394980982 -0.7000809908 -0.0619467683 0.9980564713 -0.0067775981 0.6984525919 0.0481999777 0.7140313387
-104.3 -476.1 2600.5 0.7159907818 0.0736593306 -0.6942129135 -0.0270443950 0.9965981245 0.0778510645 0.6975857019 -0.0369660780 0.7155470848
-20.8 -72.3 2788.6 0.7651851773 -0.2103734761 -0.6084690690 0.0870074555 0.9702265263 -0.2260313928 0.6379038692 0.1200145259 0.7607070208
62.6 -457.3 2741.0 0.7538050413 0.1670304537 -0.6355145574 0.0058044707 0.9654228687 0.2606241703 0.6570724845 -0.2001486421 0.7267711163
351.1 -36.7 2362.7 0 0 0 0 0 0 0 0 0
269.5 -8.0 2564.5 0 0 0 0 0 0 0 0 0
-125.2 -757.6 2610.9 0 0 0 0 0 0 0 0 0
14.7 -734.6 2798.5 0 0 0 0 0 0 0 0 0
149.0 465.9 2582.7 7 0.4057433307 0.3420834839 -0.8475560546 0.0625255108 0.9147562385 0.3991385698 0.9118458629 -0.2149416953 0.3497672975
81.4 285.1 2625.2 0.4057433307 0.3420834839 -0.8475560546 0.0625255108 0.9147562385 0.3991385698 0.9118458629 -0.2149416953 0.3497672975
15.5 103.1 2669.9 0.4103300869 0.3315560818 -0.8495291471 0.0749919564 0.9161423445 0.3937757909 0.9088484049 -0.2252859026 0.3510567248
23.7 274.6 2497.6 -0.3902863860 -0.0835988969 -0.9168902636 0.8767369390 0.2702899575 -0.3978387117 0.2810851038 -0.9591426253 -0.0321962498
123.8 49.7 2425.5 -0.9331265092 -0.0835988969 -0.3496944010 0.3165341318 0.2702899575 -0.9092576504 0.1705318242 -0.9591426253 -0.2257528156
139.0 295.7 2752.8 0.4242318571 0.8998758793 -0.1012460366 -0.8130750060 0.4277416468 0.3949002028 0.3986682892 -0.0852086246 0.9131281972
269.9 44.7 2875.8 -0.0079098893 0.8998758793 0.4360743761 -0.1793294698 0.4277416468 -0.8859333992 -0.9837572575 -0.0852086246 0.1579908729
-86.7 -80.7 2628.7 0.7261307240 0.0474357754 -0.6859183908 -0.0772377998 0.9969302416 -0.0128216138 0.6832045913 0.0622889958 0.7275655270
-105.5 -477.0 2604.0 0.7295442820 0.0704489797 -0.6802955866 -0.0372584276 0.9972974658 0.0633208901 0.6829179525 -0.0208486505 0.7301974893
-15.0 -66.6 2796.2 0.7812092900 -0.1940774322 -0.5933346748 0.0684244335 0.9713404179 -0.2276311368 0.6205080152 0.1372289658 0.7720997334
62.1 -452.3 2741.7 0.7724254131 0.1563541293 -0.6155585647 0.0031512899 0.9682670832 0.2498977333 0.6350976825 -0.1949671656 0.7474213839
364.4 -31.9 2381.5 0 0 0 0 0 0 0 0 0
267.4 -12.8 2560.3 0 0 0 0 0 0 0 0 0
-125.2 -756.4 2609.8 0 0 0 0 0 0 0 0 0
15.9 -738.3 2799.3 0 0 0 0 0 0 0 0 0
147.2 463.0 2593.2 8 0.3851310611 0.3385950029 -0.8585030437 0.0523106307 0.9207565188 0.3866148293 0.9213781357 -0.1938062161 0.3368998170
80.7 282.0 2631.3 0.3851310611 0.3385950029 -0.8585030437 0.0523106307 0.9207565188 0.3866148293 0.9213781357 -0.1938062161 0.3368998170
15.1 99.0 2672.4 0.3901466429 0.3300706744 -0.8595573902 0.0661260486 0.9210827947 0.3837105632 0.9183751345 -0.2065425366 0.3375310898
25.8 272.8 2502.3 -0.4037899971 -0.0546592586 -0.9132173657 0.8820827007 0.2415100783 -0.4044786394 0.2426597029 -0.9688577056 -0.0493053682
129.7 45.9 2439.9 -0.9451625347 -0.0546592586 -0.3219940662 0.3003870249 0.2415100783 -0.9227353334 0.1282008439 -0.9688577056 -0.2118473500
135.5 291.3 2760.4 0.4213387072 0.8984268904 -0.1237044334 -0.8150878549 0.4349476099 0.3826909661 0.3976248205 -0.0604125373 0.9155570865
265.6 39.6 2883.2 0.0144285243 0.8984268904 0.4388859868 -0.1667405665 0.4349476099 -0.8848831654 -0.9858952165 -0.0604125373 0.1560798585
-87.9 -85.8 2631.5 0.7117788196 0.0432414636 -0.7010713816 -0.0807817206 0.9965199232 -0.0205510296 0.6977429390 0.0712615401 0.7127948999
-105.1 -482.0 2603.2 0.7163364291 0.0775318593 -0.6934341788 -0.0328978226 0.9964550734 0.0774278268 0.6969791055 -0.0326518975 0.7163476348
-12.8 -72.1 2797.9 0.7692375779 -0.1875211746 -0.6108267903 0.0554647036 0.9719539881 -0.2285368443 0.6365510225 0.1419197917 0.7580643296
61.7 -458.3 2741.5 0.7624492049 0.1564995646 -0.6278368235 0.0077496143 0.9680311680 0.2507102787 0.6470016837 -0.1960193366 0.7368617654
372.2 -31.1 2407.0 0 0 0 0 0 0 0 0 0
270.2 -13.9 2566.7 0 0 0 0 0 0 0 0 0
-126.6 -758.5 2612.2 0 0 0 0 0 0 0 0 0
16.1 -740.5 2798.6 0 0 0 0 0 0 0 0 0
148.6 463.2 2605.5 9 0.3444178700 0.3466022909 -0.8724924922 0.0426988304 0.9226086736 0.3833666742 0.9378449321 -0.1692927331 0.3029634058
80.3 281.5 2638.9 0.3444178700 0.3466022909 -0.8724924922 0.0426988304 0.9226086736 0.3833666742 0.9378449321 -0.1692927331 0.3029634058
13.2 98.1 2675.5 0.3503237665 0.3382146955 -0.8734323382 0.0586136021 0.9227837920 0.3808340430 0.9347928762 -0.1846102327 0.3034490943
31.1 273.2 2507.5 -0.3985421360 0.0124226045 -0.9170658588 0.8898853660 0.2472309768 -0.3833809197 0.2219645083 -0.9688769579 -0.1095866635
134.2 43.0 2450.1 -0.9521500468 0.0124226045 -0.3053784072 0.2988445163 0.2472309768 -0.9217205644 0.0640488341 -0.9688769579 -0.2391134202
129.5 289.7 2770.2 0.4041998684 0.9000411034 -0.1629370898 -0.8184024096 0.4354237318 0.3749982417 0.4084604979 -0.0182261262 0.9125940204
254.4 36.9 2896.3 0.0568410642 0.9000411034 0.4320822954 -0.1587521136 0.4354237318 -0.8861173391 -0.9856809378 -0.0182261262 0.1676333696
-86.2 -90.1 2629.3 0.6812848449 0.0476908349 -0.7304632068 -0.0845006257 0.9963283539 -0.0137628661 0.7271248698 0.0711010322 0.6828133464
-105.1 -486.2 2601.0 0.6875978112 0.0703984350 -0.7226709723 -0.0173310023 0.9965964556 0.0805927962 0.7258849144 -0.0428908132 0.6864776015
-14.7 -78.0 2797.5 0.7407842875 -0.1856359541 -0.6455833912 0.0522891395 0.9740763903 -0.2200933695 0.6697047949 0.1292847097 0.7312871814
59.1 -465.1 2746.2 0.7351476550 0.1557296365 -0.6597774029 0.0135446107 0.9696879983 0.2439708412 0.6777716875 -0.1882910132 0.7107545137
378.2 -33.5 2433.7 0 0 0 0 0 0 0 0 0
272.6 -14.0 2580.0 0 0 0 0 0 0 0 0 0
-124.5 -760.0 2612.8 0 0 0 0 0 0 0 0 0
15.1 -739.4 2799.4 0 0 0 0 0 0 0 0 0
148.2 464.1 2603.1 0 0.3471432924 0.3464677036 -0.8714652658 0.0533834659 0.9204464555 0.3872061074 0.9362914562 -0.1809378415 0.3010311723
79.8 282.4 2638.9 0.3471432924 0.3464677036 -0.8714652658 0.0533834659 0.9204464555 0.3872061074 0.9362914562 -0.1809378415 0.3010311723
12.8 99.3 2677.6 0.3527136445 0.3371534646 -0.8728806376 0.0683885068 0.9210497141 0.3833933771 0.9332288504 -0.1949230731 0.3018093705
30.2 272.7 2507.6 -0.3903699517 0.0779184178 -0.9173548818 0.8989874125 0.2471773028 -0.3615590930 0.1985772103 -0.9658323526 -0.1665382683
129.3 44.4 2457.2 -0.9481181502 0.0779184178 -0.3082219064 0.3178810775 0.2471773028 -0.9153441787 0.0048632897 -0.9658323526 -0.2591220737
129.4 292.0 2770.1 0.4059284329 0.8996249437 -0.1609255672 -0.8137627840 0.4359429479 0.3843745887 0.4159473479 -0.0250733308 0.9090429544
254.8 40.6 2898.6 0.0543342605 0.8996249437 0.4332697988 -0.1687301397 0.4359429479 -0.8840157986 -0.9841635823 -0.0250733308 0.1754804850
-86.0 -90.7 2626.5 0.6825601459 0.0538814738 -0.7288404703 -0.0897308215 0.9959116578 -0.0104076127 0.7252999544 0.0725032762 0.6846044064
-107.4 -486.7 2597.7 0.6898326874 0.0636678562 -0.7211638093 -0.0102795903 0.9968864918 0.0781770051 0.7238958478 -0.0465157852 0.6883394122
-21.8 -80.0 2797.8 0.7415541410 -0.2053841650 -0.6386821270 0.0642286912 0.9693488479 -0.2371443659 0.6678114533 0.1348336637 0.7320162058
59.8 -465.2 2744.2 0.7346386909 0.1582538635 -0.6597436666 0.0164739881 0.9679680467 0.2505323291 0.6782584786 -0.1949193627 0.7084997296
371.3 -36.8 2456.0 0 0 0 0 0 0 0 0 0
272.2 -13.6 2582.4 0 0 0 0 0 0 0 0 0
-125.0 -762.5 2610.6 0 0 0 0 0 0 0 0 0
14.9 -740.1 2799.6 0 0 0 0 0 0 0 0 0
145.7 466.1 2610.5 1 0.3594308794 0.3342011273 -0.8712744117 0.0351530463 0.9281581044 0.3705222905 0.9325093627 -0.1638050973 0.3218604922
79.8 283.2 2642.7 0.3594308794 0.3342011273 -0.8712744117 0.0351530463 0.9281581044 0.3705222905 0.9325093627 -0.1638050973 0.3218604922
15.3 98.7 2678.5 0.3656520545 0.3244013488 -0.8723888397 0.0526918359 0.9285770059 0.3673803210 0.9292589426 -0.1803011447 0.3224427998
28.4 275.8 2512.0 -0.3683588505 0.1196835041 -0.9219477177 0.9109669924 0.2444531173 -0.3322376311 0.1856096387 -0.9622465968 -0.1990741938
122.2 43.8 2464.8 -0.9569235444 0.1196835041 -0.2645243704 0.2866402566 0.2444531173 -0.9263260961 -0.0462021455 -0.9622465968 -0.2682290673
131.3 290.6 2773.4 0.4207304418 0.8944365382 -0.1515557617 -0.8177070618 0.4462499619 0.3636153042 0.3928625584 -0.0290558077 0.9191380739
261.2 38.1 2894.8 0.0414853431 0.8944365382 0.4452664852 -0.1474930048 0.4462499619 -0.8826702833 -0.9881926775 -0.0290558077 0.1504359543
-86.5 -90.1 2630.8 0.6943899393 0.0477847047 -0.7180106044 -0.0905597657 0.9956628084 -0.0213176999 0.7138777971 0.0798256695 0.6957056522
-105.5 -485.9 2599.0 0.7010343075 0.0713938326 -0.7095448375 -0.0214501973 0.9966368675 0.0790878907 0.7128049135 -0.0402234457 0.7002080083
-21.8 -77.5 2801.9 0.7499198914 -0.2079306692 -0.6280007362 0.0613342337 0.9670829177 -0.2469589859 0.6586791277 0.1466815174 0.7379879951
60.8 -461.9 2743.6 0.7429843545 0.1593035907 -0.6500743032 0.0137728332 0.9674175978 0.2528112531 0.6691670418 -0.1967881620 0.7165820599
368.2 -29.9 2476.7 0 0 0 0 0 0 0 0 0
274.5 -9.3 2577.3 0 0 0 0 0 0 0 0 0
-125.4 -763.2 2610.2 0 0 0 0 0 0 0 0 0
15.1 -739.9 2800.1 0 0 0 0 0 0 0 0 0
147.1 467.2 2604.1 2 0.4049112797 0.3246320784 -0.8547870517 0.0214328337 0.9312248230 0.3638144433 0.9141047597 -0.1656330824 0.3701056540
83.0 283.4 2636.8 0.4049112797 0.3246320784 -0.8547870517 0.0214328337 0.9312248230 0.3638144433 0.9141047597 -0.1656330824 0.3701056540
20.3 98.2 2672.5 0.4102566242 0.3156550229 -0.8555999994 0.0369847976 0.9316580296 0.3614490330 0.9112198353 -0.1799310595 0.3705444336
25.4 278.1 2508.8 -0.3514008820 0.1546750963 -0.9233596325 0.9241351485 0.2152927518 -0.3156315982 0.1499723047 -0.9642223120 -0.2185947448
114.6 43.3 2470.7 -0.9460706711 0.1546750963 -0.2846504450 0.3134704530 0.2152927518 -0.9248704314 -0.0817712396 -0.9642223120 -0.2521682382
140.7 288.6 2764.9 0.4384622276 0.8924246430 -0.1064381525 -0.8244310617 0.4465304911 0.3477412462 0.3578607440 -0.0647204965 0.9315293431
276.0 34.1 2875.3 -0.0065108775 0.8924246430 0.4511494339 -0.1306822747 0.4465304911 -0.8851737976 -0.9914029241 -0.0647204965 0.1137167811
-82.7 -90.7 2629.1 0.7284358144 0.0532294326 -0.6830431223 -0.0964358822 0.9950175285 -0.0253031366 0.6782929897 0.0843015760 0.7299396396
-103.8 -486.3 2595.6 0.7355932593 0.0736649781 -0.6734063029 -0.0252003055 0.9963575006 0.0814656541 0.6769546270 -0.0429555364 0.7347702384
-15.6 -81.0 2799.5 0.7764988542 -0.2020111829 -0.5968592763 0.0719053596 0.9694372416 -0.2345657498 0.6260024905 0.1392226666 0.7672926188
64.7 -466.4 2744.2 0.7644222379 0.1765167713 -0.6200810075 -0.0087237628 0.9645333886 0.2638166249 0.6446568966 -0.1962578595 0.7388507128
359.0 -37.6 2491.8 0 0 0 0 0 0 0 0 0
274.0 -7.8 2557.1 0 0 0 0 0 0 0 0 0
-124.2 -762.2 2607.5 0 0 0 0 0 0 0 0 0
14.9 -738.5 2799.5 0 0 0 0 0 0 0 0 0
152.0 468.4 2602.5 3 0.4878627956 0.3199072778 -0.8121879101 -0.0209838133 0.9344552159 0.3554618061 0.8726680875 -0.1563737988 0.4625988007
88.8 283.6 2633.4 0.4878627956 0.3199072778 -0.8121879101 -0.0209838133 0.9344552159 0.3554618061 0.8726680875 -0.1563737988 0.4625988007
27.4 97.6 2666.9 0.4932242334 0.3083560169 -0.8134165406 -0.0050212736 0.9360602498 0.3518039882 0.8698877096 -0.1694338620 0.4632359445
19.7 284.2 2511.7 -0.3205022514 0.1693922281 -0.9319788218 0.9374606609 0.1977896243 -0.2864380777 0.1358153671 -0.9654975533 -0.2221905738
103.6 38.9 2476.1 -0.9493953586 0.1693922281 -0.2644896507 0.2956561446 0.1977896243 -0.9345943928 -0.1059997156 -0.9654975533 -0.2378624082
157.8 283.0 2755.0 0.4582934380 0.8886746168 -0.0149854850 -0.8433356881 0.4401117563 0.3083611131 0.2806279659 -0.1286820769 0.9511513114
298.9 23.4 2841.4 -0.0998151079 0.8886746168 0.4475426078 -0.0882319063 0.4401117563 -0.8935976624 -0.9910863042 -0.1286820769 0.0344796479
-80.1 -90.4 2624.8 0.7892152071 0.0697255656 -0.6101456881 -0.0987646058 0.9950117469 -0.0140438108 0.6061228514 0.0713443831 0.7921648026
-107.8 -486.0 2596.4 0.7957053185 0.0586767010 -0.6028350592 -0.0252925567 0.9976471663 0.0637209490 0.6051556468 -0.0354558602 0.7953172326
-4.9 -83.6 2791.7 0.8254764080 -0.1728113294 -0.5373312831 0.0747573897 0.9770648479 -0.1993880123 0.5594640374 0.1244206131 0.8194629550
63.8 -471.9 2742.3 0.8114227653 0.1787514091 -0.5564539433 -0.0239730664 0.9614606500 0.2738953829 0.5839677453 -0.2089050412 0.7844363451
349.5 -37.7 2503.6 0 0 0 0 0 0 0 0 0
267.0 -4.8 2524.7 0 0 0 0 0 0 0 0 0
-123.9 -759.4 2606.1 0 0 0 0 0 0 0 0 0
14.2 -738.5 2800.2 0 0 0 0 0 0 0 0 0
153.4 469.7 2601.6 4 0.5481238961 0.3175280094 -0.7737804651 -0.0523876287 0.9363523126 0.3471309841 0.8347548842 -0.1497342587 0.5298715830
90.4 284.2 2631.3 0.5481238961 0.3175280094 -0.7737804651 -0.0523876287 0.9363523126 0.3471309841 0.8347548842 -0.1497342587 0.5298715830
28.7 98.0 2663.6 0.5529141426 0.3099183738 -0.7734575272 -0.0380878896 0.9366852641 0.3480949104 0.8323673010 -0.1630072296 0.5297106504
13.0 289.5 2514.9 -0.2881327868 0.2329313457 -0.9288285375 0.9473427534 0.2108613551 -0.2409963310 0.1397184432 -0.9493579268 -0.2814218700
89.5 37.9 2477.8 -0.9278667569 0.2329313457 -0.2912151217 0.3405160606 0.2108613551 -0.9162893891 -0.1520265192 -0.9493579268 -0.2749681175
167.9 278.9 2747.7 0.4639096260 0.8840869665 0.0563741811 -0.8574777246 0.4321395755 0.2792621851 0.2225305587 -0.1778920293 0.9585586190
310.7 14.9 2816.2 -0.1704811603 0.8840869665 0.4351164997 -0.0561911575 0.4321395755 -0.9000543952 -0.9837574363 -0.1778920293 -0.0239937864
-79.1 -88.1 2621.2 0.8313604593 0.0708560422 -0.5511979461 -0.0885419920 0.9960572124 -0.0055037211 0.5486347675 0.0533797406 0.8343563676
-107.2 -484.0 2600.0 0.8360142112 0.0610411465 -0.5453019738 -0.0334356800 0.9976133704 0.0604119599 0.5476881862 -0.0322727114 0.8360598683
