-376.9 507.1 2562.7 41 0.6063436866 0.0779113770 -0.7913767695 0.0639406145 0.9871894717 0.1461797804 0.7926278710 -0.1392363012 0.5935944319
-392.6 307.5 2590.8 0.6063436866 0.0779113770 -0.7913767695 0.0639406145 0.9871894717 0.1461797804 0.7926278710 -0.1392363012 0.5935944319
-408.3 114.2 2618.5 0.6063789725 0.0797655955 -0.7911649346 0.0643822849 0.9867645502 0.1488310695 0.7925651073 -0.1411850303 0.5932177901
-479.0 298.3 2477.9 -0.3596120775 0.2562692761 -0.8972208500 0.8750410676 0.4265059531 -0.2289012223 0.3240096867 -0.8674207330 -0.3776228428
-375.0 45.0 2384.1 -0.7859880924 0.2562692761 -0.5626266599 0.6142853498 0.4265059531 -0.6638871431 0.0698297322 -0.8674207330 -0.4926511049
-306.2 316.6 2703.8 0.9196542501 0.3233997524 0.2228196710 -0.3902298808 0.6885836124 0.6112063527 0.0442340039 -0.6490494609 0.7594591379
-63.0 213.4 2715.5 0.2776933312 0.3233997524 0.9045988321 -0.7247700691 0.6885836124 -0.0236833729 -0.6305511594 -0.6490494609 0.4256055355
-478.5 -85.4 2572.7 -0.5115838051 0.1625402868 0.8437195420 0.0978338122 0.9865776300 -0.1307406127 -0.8536454439 0.0156595185 -0.5206190944
-542.2 -471.8 2566.5 -0.5046826601 -0.1470168680 0.8506946564 0.0474735685 0.9791758657 0.1973851174 -0.8619986176 0.1400023550 -0.4871937037
-370.2 -73.4 2716.9 -0.8914997578 -0.0209052414 -0.4525385499 -0.0139617315 0.9997280836 -0.0186783560 0.4528059661 -0.0103335287 -0.8915492296
-362.0 -464.9 2720.9 -0.8847220540 0.1463594884 -0.4425446391 0.0401082896 0.9698067904 0.2405536771 0.4643900990 0.1950734407 -0.8638797402
-160.2 -122.8 2365.0 0 0 0 0 0 0 0 0 0
15.6 8.2 2537.0 0 0 0 0 0 0 0 0 0
-496.9 -773.7 2523.4 0 0 0 0 0 0 0 0 0
-417.1 -830.1 2647.5 0 0 0 0 0 0 0 0 0
-379.3 508.3 2563.5 42 0.6076057553 0.0650109500 -0.7915736437 0.0692095533 0.9885194302 0.1343105733 0.7912175655 -0.1363923401 0.5961307287
-392.4 308.5 2591.0 0.6076057553 0.0650109500 -0.7915736437 0.0692095533 0.9885194302 0.1343105733 0.7912175655 -0.1363923401 0.5961307287
-406.4 115.1 2618.7 0.6076176763 0.0713586435 -0.7910175323 0.0693818033 0.9873791337 0.1423680782 0.7911933661 -0.1413875818 0.5949980021
-479.0 298.6 2478.3 -0.3595416844 0.2336721271 -0.9033975601 0.8769725561 0.4154029787 -0.2415770441 0.3188242018 -0.8791118860 -0.3542787433
-375.2 45.2 2386.2 -0.7849935293 0.2336721271 -0.5737442970 0.6141155958 0.4154029787 -0.6710457802 0.0815303922 -0.8791118860 -0.4695903361
-305.8 318.4 2703.8 0.9112100601 0.3159970939 0.2642765939 -0.4118899405 0.6886875033 0.5967044234 0.0065528820 -0.6525759697 0.7576949596
-60.1 207.3 2705.6 0.2891950011 0.3159970939 0.9036105871 -0.7250048518 0.6886875033 -0.0088040903 -0.6250873804 -0.6525759697 0.4282643795
-478.7 -84.9 2574.5 -0.5137019753 0.1609904468 0.8427290916 0.0973018557 0.9868322611 -0.1292068958 -0.8524333239 0.0156252645 -0.5226023793
-541.8 -471.4 2568.4 -0.5074725747 -0.1456303895 0.8492722511 0.0517972670 0.9786761999 0.1987709999 -0.8601096272 0.1448608190 -0.4891081154
-369.1 -73.2 2717.8 -0.8905317783 -0.0173606034 -0.4545897245 -0.0126369353 0.9998300076 -0.0134276226 0.4547455311 -0.0062131034 -0.8905997276
-362.3 -464.9 2720.2 -0.8838117123 0.1468692571 -0.4441916645 0.0405727029 0.9699311256 0.2399739623 0.4660801291 0.1940697581 -0.8631953597
-160.4 -122.8 2363.9 0 0 0 0 0 0 0 0 0
21.9 1.9 2528.4 0 0 0 0 0 0 0 0 0
-496.7 -774.5 2523.5 0 0 0 0 0 0 0 0 0
-417.6 -830.2 2647.1 0 0 0 0 0 0 0 0 0
-380.4 506.4 2565.4 43 0.5982398391 0.0641356856 -0.7987462878 0.0739753023 0.9881148934 0.1347466707 0.7978951931 -0.1396983266 0.5863852501
-393.3 306.9 2593.6 0.5982398391 0.0641356856 -0.7987462878 0.0739753023 0.9881148934 0.1347466707 0.7978951931 -0.1396983266 0.5863852501
-407.1 113.5 2621.7 0.5981917381 0.0702876374 -0.7982645631 0.0732680634 0.9871763587 0.1418259740 0.7979965210 -0.1433264315 0.5853708982
-478.6 296.4 2479.9 -0.3701438904 0.3232805133 -0.8709093928 0.8684047461 0.4533867240 -0.2007827759 0.3299496174 -0.8306203485 -0.4485566616
-369.3 40.1 2382.5 -0.7837822437 0.3232805133 -0.5302594900 0.6201345921 0.4533867240 -0.6402136683 0.0334440060 -0.8306203485 -0.5558338761
-308.1 317.3 2707.3 0.9165323973 0.3143257797 0.2473210245 -0.3998528421 0.7057569027 0.5848289728 0.0092783077 -0.6349067092 0.7725331187
-59.4 208.8 2709.8 0.2909054756 0.3143257797 0.9036444426 -0.7082381248 0.7057569027 -0.0174927469 -0.6432517171 -0.6349067092 0.4279260337
-475.3 -84.5 2574.9 -0.5046684146 0.1717148870 0.8460637331 0.0896777958 0.9851447344 -0.1464505047 -0.8586429358 0.0019641842 -0.5125704408
-542.6 -470.4 2574.1 -0.5018354058 -0.1469250619 0.8523932695 0.0702223033 0.9752942324 0.2094516754 -0.8621079326 0.1649672836 -0.4791197479
-365.5 -72.0 2717.9 -0.8958851695 -0.0090808170 -0.4441928267 -0.0022889404 0.9998721480 -0.0158242732 0.4442797303 -0.0131600015 -0.8957914710
-361.9 -463.6 2723.1 -0.8889102340 0.1489524692 -0.4331879020 0.0525385514 0.9725677371 0.2266090661 0.4550585747 0.1786760539 -0.8723511696
-153.9 -130.4 2373.3 0 0 0 0 0 0 0 0 0
22.7 9.0 2528.3 0 0 0 0 0 0 0 0 0
-496.8 -774.3 2522.7 0 0 0 0 0 0 0 0 0
-418.0 -829.9 2655.8 0 0 0 0 0 0 0 0 0
-378.9 504.8 2555.3 44 0.5964128375 0.0762777030 -0.7990453243 0.0863788053 0.9835944772 0.1583686918 0.7980165482 -0.1634736955 0.5800396204
-394.3 305.9 2588.4 0.5964128375 0.0762777030 -0.7990453243 0.0863788053 0.9835944772 0.1583686918 0.7980165482 -0.1634736955 0.5800396204
-409.5 113.3 2620.5 0.5963963866 0.0773117393 -0.7989581823 0.0861681700 0.9834326506 0.1594842821 0.7980515957 -0.1639606208 0.5798538923
-479.3 293.6 2474.7 -0.3828194439 0.4258036017 -0.8198418021 0.8686354756 0.4680393636 -0.1625163704 0.3145181537 -0.7743580937 -0.5490427017
-366.4 37.4 2381.9 -0.7755343914 0.4258036017 -0.4660876095 0.6296355724 0.4680393636 -0.6200791597 -0.0458845980 -0.7743580937 -0.6310817003
-309.3 318.2 2702.1 0.9194402695 0.3300201893 0.2138135880 -0.3923121989 0.7327234745 0.5560642481 0.0268461872 -0.5951495171 0.8031664491
-60.8 212.1 2709.4 0.2835035324 0.3300201893 0.9003956914 -0.6783010960 0.7327234745 -0.0549900159 -0.6778888702 -0.5951495171 0.4315827489
-474.9 -86.5 2577.6 -0.4976848066 0.1710868329 0.8503170609 0.0969559252 0.9851824641 -0.1414745748 -0.8619219065 0.0120335342 -0.5068982244
-542.0 -472.3 2572.9 -0.4940605164 -0.1476006210 0.8568069935 0.0719603449 0.9751606584 0.2094836831 -0.8664444089 0.1651537418 -0.4711669683
-366.8 -73.2 2721.9 -0.8969907761 -0.0102346083 -0.4419307113 -0.0108083580 0.9999408722 -0.0012196612 0.4419170618 0.0036825202 -0.8970483541
-362.8 -464.8 2720.4 -0.8898838758 0.1417214274 -0.4336147606 0.0501117557 0.9751355648 0.2158689648 0.4534264207 0.1703691036 -0.8748593330
-151.6 -137.0 2394.6 0 0 0 0 0 0 0 0 0
18.6 22.1 2519.4 0 0 0 0 0 0 0 0 0
-496.3 -773.9 2521.8 0 0 0 0 0 0 0 0 0
-416.2 -832.1 2656.3 0 0 0 0 0 0 0 0 0
-379.9 507.8 2559.8 45 0.6059426665 0.0699613690 -0.7924259305 0.0797379613 0.9857670665 0.1480040550 0.7915019393 -0.1528684050 0.5917397738
-394.0 308.3 2590.7 0.6059426665 0.0699613690 -0.7924259305 0.0797379613 0.9857670665 0.1480040550 0.7915019393 -0.1528684050 0.5917397738
-407.8 115.3 2621.0 0.6060397029 0.0701587871 -0.7923343182 0.0811024085 0.9854612947 0.1492931098 0.7912890315 -0.1547377706 0.5915386081
-480.4 296.7 2478.0 -0.3734545708 0.3732205927 -0.8492573500 0.8655456305 0.4695310295 -0.1742738336 0.3337101042 -0.8001543880 -0.4983879626
-370.0 40.8 2379.3 -0.7840192318 0.3732205927 -0.4960042536 0.6207348108 0.4695310295 -0.6278765202 -0.0014470567 -0.8001543880 -0.5997923613
-307.7 319.8 2703.5 0.9215177894 0.2989660203 0.2478392571 -0.3882691562 0.6974653602 0.6023197770 0.0072138375 -0.6512767076 0.7588060498
-64.0 217.2 2705.4 0.2852215469 0.2989660203 0.9106415510 -0.7166041136 0.6974653602 -0.0045325332 -0.6364960074 -0.6512767076 0.4131724536
-478.5 -87.1 2580.5 -0.5081408024 0.1598133594 0.8463171124 0.1089414209 0.9866678119 -0.1209063679 -0.8543562889 0.0307615250 -0.5187764764
-541.1 -473.4 2568.4 -0.5011337399 -0.1486063302 0.8525145650 0.0585507974 0.9770646095 0.2047352344 -0.8633868098 0.1525151432 -0.4809390306
-370.7 -71.5 2724.7 -0.8910498023 -0.0212271251 -0.4534089863 -0.0301760994 0.9994663000 0.0125110252 0.4529014230 0.0248300619 -0.8912147880
-362.4 -462.8 2715.0 -0.8833110929 0.1346471608 -0.4490341544 0.0451536477 0.9778468609 0.2043933421 0.4666076005 0.1602673829 -0.8698228002
-152.3 -131.5 2379.7 0 0 0 0 0 0 0 0 0
15.3 17.9 2528.4 0 0 0 0 0 0 0 0 0
-495.4 -774.2 2521.5 0 0 0 0 0 0 0 0 0
-413.1 -831.1 2654.6 0 0 0 0 0 0 0 0 0
-379.1 508.3 2553.5 46 0.6074716449 0.0739141777 -0.7908949852 0.0909709707 0.9826368690 0.1617067754 0.7891150117 -0.1701807529 0.5901999474
-394.1 309.0 2588.1 0.6074716449 0.0739141777 -0.7908949852 0.0909709707 0.9826368690 0.1617067754 0.7891150117 -0.1701807529 0.5901999474
-408.8 116.6 2621.3 0.6074267626 0.0747038648 -0.7908552885 0.0903775543 0.9826050401 0.1622321308 0.7892177105 -0.1700197011 0.5901090503
-480.7 296.1 2475.6 -0.3714569807 0.3108408749 -0.8748700619 0.8701007962 0.4453267455 -0.2112076581 0.3239510655 -0.8396797180 -0.4358826280
-372.8 43.4 2381.5 -0.7901315093 0.3108408749 -0.5282709002 0.6120947599 0.4453267455 -0.6534708142 0.0321277343 -0.8396797180 -0.5421307683
-307.5 321.9 2700.5 0.9048014879 0.3485655189 0.2446147501 -0.4257802069 0.7314312458 0.5326533318 0.0067457086 -0.5860976577 0.8102123737
-68.1 209.2 2702.3 0.2954057157 0.3485655189 0.8895153403 -0.6791754365 0.7314312458 -0.0610662736 -0.6719049215 -0.5860976577 0.4528060853
-476.3 -85.0 2579.8 -0.5066112876 0.1644434184 0.8463470936 0.1106817350 0.9859243631 -0.1253104806 -0.8550406694 0.0301914643 -0.5176813006
-540.7 -471.2 2568.0 -0.4997467995 -0.1438529789 0.8541425467 0.0594021417 0.9780987501 0.1994848102 -0.8641322255 0.1504298002 -0.4802565575
-366.8 -70.4 2722.8 -0.8905459642 -0.0141793657 -0.4546722472 -0.0230100378 0.9996386766 0.0138940839 0.4543109536 0.0228353459 -0.8905504346
-361.2 -461.9 2713.9 -0.8814659715 0.1444839090 -0.4496022165 0.0602378547 0.9786705971 0.1964059025 0.4683899581 0.1460420489 -0.8713682294
-152.7 -127.1 2372.6 0 0 0 0 0 0 0 0 0
13.7 21.2 2516.2 0 0 0 0 0 0 0 0 0
-496.2 -774.1 2521.4 0 0 0 0 0 0 0 0 0
-415.6 -830.4 2658.9 0 0 0 0 0 0 0 0 0
-378.8 508.9 2558.4 47 0.6035878658 0.0678789765 -0.7944017053 0.0881601423 0.9845773578 0.1511130929 0.7924073935 -0.1612446010 0.5882947445
-392.6 309.2 2591.1 0.6035878658 0.0678789765 -0.7944017053 0.0881601423 0.9845773578 0.1511130929 0.7924073935 -0.1612446010 0.5882947445
-406.0 116.5 2623.3 0.6037096381 0.0687107891 -0.7942376733 0.0899147093 0.9840528965 0.1534772664 0.7921174169 -0.1640693545 0.5879040956
-478.6 296.4 2478.2 -0.3680891097 0.3545700014 -0.8595292568 0.8706877828 0.4557766914 -0.1848522723 0.3262103200 -0.8164237142 -0.4764862061
-370.7 41.2 2382.6 -0.7825862169 0.3545700014 -0.5117019415 0.6224952936 0.4557766914 -0.6362131834 0.0076397238 -0.8164237142 -0.5774027109
-306.5 322.0 2704.0 0.8919088244 0.3581461012 0.2760977745 -0.4518247843 0.7311308384 0.5111771226 -0.0187875070 -0.5806712508 0.8139213324
-66.2 200.2 2698.9 0.2684930861 0.3581461012 0.8942275047 -0.6763064265 0.7311308384 -0.0897624418 -0.6859453917 -0.5806712508 0.4385201037
-478.3 -84.0 2583.3 -0.5025519729 0.1570857018 0.8501562476 0.1212868094 0.9864398241 -0.1105710566 -0.8559970856 0.0475450344 -0.5147897005
-539.8 -470.3 2564.7 -0.4939155281 -0.1397729069 0.8582021594 0.0521883629 0.9804505110 0.1897187680 -0.8679422736 0.1384932101 -0.4769651890
-368.5 -67.6 2726.0 -0.8922904730 -0.0180758424 -0.4510998130 -0.0239330567 0.9996870160 0.0072823209 0.4508269727 0.0172941424 -0.8924437761
-361.4 -459.2 2719.2 -0.8837205768 0.1458949298 -0.4446938932 0.0507424995 0.9744372368 0.2188545018 0.4652560353 0.1708413363 -0.8685332537
-152.1 -132.7 2380.5 0 0 0 0 0 0 0 0 0
9.0 10.9 2506.9 0 0 0 0 0 0 0 0 0
-496.5 -773.9 2521.8 0 0 0 0 0 0 0 0 0
-416.3 -826.1 2654.9 0 0 0 0 0 0 0 0 0
-376.8 512.2 2560.3 48 0.5979753733 0.0666147843 -0.7987414598 0.0839623958 0.9858512878 0.1450778842 0.7971045971 -0.1538172513 0.5839216709
-390.3 311.9 2591.6 0.5979753733 0.0666147843 -0.7987414598 0.0839623958 0.9858512878 0.1450778842 0.7971045971 -0.1538172513 0.5839216709
-403.2 118.9 2622.1 0.5981045365 0.0658890978 -0.7987049818 0.0858833492 0.9856057763 0.1456205994 0.7968029976 -0.1556918025 0.5838364959
-475.6 299.7 2478.0 -0.3501648903 0.3075188398 -0.8847693205 0.8779650927 0.4369391799 -0.1956052631 0.3264380693 -0.8452906609 -0.4229915738
-373.7 44.3 2383.0 -0.7846459746 0.3075188398 -0.5382962823 0.6189832687 0.4369391799 -0.6526437402 0.0345024839 -0.8452906609 -0.5331915617
-305.1 324.2 2705.1 0.8702397943 0.3969757557 0.2917070091 -0.4921163321 0.7275298834 0.4780395031 -0.0224554781 -0.5595628023 0.8284837008
-67.0 189.5 2699.0 0.2562603652 0.3969757557 0.8813290596 -0.6732704639 0.7275298834 -0.1319361776 -0.6935687065 -0.5595628023 0.4537091255
-474.1 -84.4 2583.8 -0.4988095760 0.1752033383 0.8488184810 0.1175477952 0.9839816093 -0.1340250075 -0.8587033749 0.0329237767 -0.5114142299
-542.7 -469.7 2570.9 -0.4911566079 -0.1491184235 0.8582125902 0.0623652749 0.9766898155 0.2053961456 -0.8688358665 0.1544043422 -0.4704078436
-364.9 -68.1 2727.0 -0.8952207565 -0.0126926666 -0.4454421401 -0.0267713759 0.9993206859 0.0253282003 0.4448180497 0.0345994309 -0.8949524164
-359.9 -459.5 2713.4 -0.8853638768 0.1486099213 -0.4405064285 0.0624923110 0.9769759178 0.2039921880 0.4606794417 0.1530790478 -0.8742661476
-154.3 -128.8 2373.4 0 0 0 0 0 0 0 0 0
4.5 1.7 2505.6 0 0 0 0 0 0 0 0 0
-496.1 -774.7 2522.7 0 0 0 0 0 0 0 0 0
-415.9 -827.3 2655.8 0 0 0 0 0 0 0 0 0
-377.0 506.7 2553.3 49 0.5934177637 0.0610439628 -0.8025764823 0.0963015407 0.9845727086 0.1460910738 0.7991128564 -0.1639823914 0.5783842802
-389.4 306.0 2586.7 0.5934177637 0.0610439628 -0.8025764823 0.0963015407 0.9845727086 0.1460910738 0.7991128564 -0.1639823914 0.5783842802
-401.0 113.1 2619.0 0.5935230851 0.0591971539 -0.8026369214 0.0980260968 0.9845489860 0.1451007724 0.7988249063 -0.1648000181 0.5785496235
-474.0 292.0 2472.9 -0.3515784442 0.2603038847 -0.8992410898 0.8813619018 0.4158486426 -0.2242122144 0.3155848682 -0.8713849783 -0.3756253421
-376.1 46.6 2385.0 -0.7842600346 0.2603038847 -0.5631856918 0.6174849868 0.4158486426 -0.6676692367 0.0604031235 -0.8713849783 -0.4868671894
-304.9 319.9 2700.6 0.8652753830 0.3966690600 0.3065161407 -0.5003472567 0.7209993005 0.4793877006 -0.0308396593 -0.5681669116 0.8223352432
-67.3 182.6 2692.1 0.2519762814 0.3966690600 0.8827013373 -0.6806905866 0.7209993005 -0.1296930462 -0.6878722906 -0.5681669116 0.4516836405
-470.2 -81.9 2580.5 -0.4927565157 0.1848865896 0.8502987623 0.1206862628 0.9822438955 -0.1436374933 -0.8617573977 0.0318410695 -0.5063203573
-542.6 -466.5 2568.1 -0.4838298261 -0.1486418098 0.8624467254 0.0547962599 0.9783919454 0.1993653774 -0.8734449744 0.1437177658 -0.4652301967
-362.1 -66.3 2724.6 -0.8973497152 -0.0066594305 -0.4412698746 -0.0155851962 0.9997406602 0.0166058671 0.4410448372 0.0217785481 -0.8972207904
-359.5 -457.9 2716.1 -0.8891056776 0.1467083544 -0.4335524440 0.0545827113 0.9744636416 0.2178102434 0.4544356763 0.1699918658 -0.8744089603
-156.9 -126.0 2368.1 0 0 0 0 0 0 0 0 0
2.3 -5.3 2502.2 0 0 0 0 0 0 0 0 0
-495.9 -774.2 2522.9 0 0 0 0 0 0 0 0 0
-414.7 -824.8 2652.1 0 0 0 0 0 0 0 0 0
-378.6 507.5 2557.8 50 0.6092430949 0.0528825372 -0.7912182212 0.0878670737 0.9871277213 0.1336347163 0.7881004214 -0.1509380639 0.5967541337
-389.4 306.6 2588.5 0.6092430949 0.0528825372 -0.7912182212 0.0878670737 0.9871277213 0.1336347163 0.7881004214 -0.1509380639 0.5967541337
-399.6 113.3 2618.4 0.6093332767 0.0521858074 -0.7911950350 0.0895611867 0.9869164228 0.1340701580 0.7878399491 -0.1525537819 0.5966871381
-476.2 293.8 2476.3 -0.3537417054 0.2532488406 -0.9004064798 0.8772295117 0.4238549769 -0.2254225016 0.3245537877 -0.8696044683 -0.3720925450
-376.8 47.2 2385.0 -0.7840863466 0.2532488406 -0.5666335821 0.6164473891 0.4238549769 -0.6635808349 0.0721193999 -0.8696044683 -0.4884534776
-302.6 319.4 2700.8 0.8576822877 0.3923994899 0.3322704732 -0.5108125210 0.7240954638 0.4634181559 -0.0587504916 -0.5671934485 0.8214864135
-63.3 176.9 2684.4 0.2331859022 0.3923994899 0.8897454739 -0.6748211980 0.7240954638 -0.1424855739 -0.7001718879 -0.5671934485 0.4336483479
-466.3 -88.5 2579.1 -0.5108050108 0.1947680861 0.8373432159 0.1297307014 0.9803081155 -0.1488823742 -0.8498518467 0.0325792544 -0.5260136724
-542.6 -472.5 2566.3 -0.4999510646 -0.1515502185 0.8526906967 0.0487144366 0.9780905247 0.2024000734 -0.8646824956 0.1427284777 -0.4816147387
-359.0 -70.8 2723.5 -0.8881714344 0.0030180782 -0.4595023692 -0.0043381010 0.9998788238 0.0149524566 0.4594918191 0.0152737126 -0.8880506754
-360.2 -462.4 2717.5 -0.8813543320 0.1465889066 -0.4491393864 0.0502137616 0.9743277431 0.2194630802 0.4697798193 0.1708717644 -0.8660887480
-158.5 -124.4 2364.9 0 0 0 0 0 0 0 0 0
0.4 -7.6 2493.0 0 0 0 0 0 0 0 0 0
-495.9 -773.6 2522.4 0 0 0 0 0 0 0 0 0
-415.4 -829.4 2653.2 0 0 0 0 0 0 0 0 0
-380.9 506.4 2560.5 51 0.6164580584 0.0459919497 -0.7860434055 0.0832597017 0.9888883233 0.1231573373 0.7829734087 -0.1413670629 0.6057788730
-390.3 305.5 2589.3 0.6164580584 0.0459919497 -0.7860434055 0.0832597017 0.9888883233 0.1231573373 0.7829734087 -0.1413670629 0.6057788730
-399.5 112.0 2618.1 0.6166511178 0.0470840223 -0.7858272791 0.0873608589 0.9879516959 0.1277480721 0.7823742628 -0.1474265307 0.6051082015
-478.2 293.0 2477.8 -0.3590253890 0.2665105760 -0.8944679499 0.8731652498 0.4344255328 -0.2210358679 0.3296713233 -0.8603758216 -0.3886775970
-377.1 47.3 2385.0 -0.7839973569 0.2665105760 -0.5606427193 0.6169548631 0.4344255328 -0.6562325358 0.0686645880 -0.8603758216 -0.5050134659
-302.4 317.9 2700.7 0.8570138812 0.3805568218 0.3474244475 -0.5103946328 0.7196559310 0.4707363248 -0.0708841532 -0.5807511210 0.8109892607
-61.7 174.6 2680.8 0.2106683403 0.3805568218 0.9004417658 -0.6789572835 0.7196559310 -0.1453010738 -0.7033035755 -0.5807511210 0.4099905193
-465.0 -88.1 2577.0 -0.5203497410 0.2070137262 0.8284814358 0.1286394000 0.9781029820 -0.1636044681 -0.8442085385 0.0214438196 -0.5355857611
-546.0 -471.1 2568.6 -0.5084508657 -0.1622303873 0.8456707597 0.0463011675 0.9755206108 0.2149784267 -0.8598452806 0.1484615058 -0.4884928465
-354.8 -71.9 2719.4 -0.8835831285 0.0116373952 -0.4681296647 -0.0020227195 0.9995869994 0.0286669079 0.4682699144 0.0262764916 -0.8831946850
-359.4 -463.3 2709.1 -0.8753438592 0.1501327306 -0.4596012533 0.0652857870 0.9785651565 0.1953152716 0.4790729880 0.1409625858 -0.8663824797
-159.7 -123.8 2366.0 0 0 0 0 0 0 0 0 0
-4.7 -9.1 2490.6 0 0 0 0 0 0 0 0 0
-495.7 -773.6 2522.6 0 0 0 0 0 0 0 0 0
-415.9 -831.7 2656.1 0 0 0 0 0 0 0 0 0
-380.7 510.2 2562.4 52 0.6240384579 0.0486843288 -0.7798755169 0.0815471411 0.9885496497 0.1269631088 0.7771268487 -0.1428264827 0.6129229069
-390.7 309.0 2591.5 0.6240384579 0.0486843288 -0.7798755169 0.0815471411 0.9885496497 0.1269631088 0.7771268487 -0.1428264827 0.6129229069
-400.4 115.5 2620.2 0.6241550446 0.0497605614 -0.7797142863 0.0838884190 0.9879324436 0.1302008480 0.7767838836 -0.1466745138 0.6124486923
-479.6 297.0 2480.8 -0.3588827848 0.2825752199 -0.8895810246 0.8698810339 0.4467892349 -0.2090127319 0.3383934200 -0.8488407731 -0.4061518013
-376.4 46.8 2383.4 -0.7841876149 0.2825752199 -0.5524500012 0.6172322035 0.4467892349 -0.6476138830 0.0638290718 -0.8488407731 -0.5247811079
-301.7 321.0 2702.2 0.8474714160 0.3812564015 0.3693721592 -0.5230031013 0.7188081741 0.4580202997 -0.0908845440 -0.5813418627 0.8085676432
-60.1 171.8 2676.3 0.2010005116 0.3812564015 0.9023537636 -0.6782479882 0.7188081741 -0.1526253074 -0.7068086267 -0.5813418627 0.4030672014
-464.5 -89.4 2576.3 -0.5286948085 0.2034087628 0.8240792751 0.1263661236 0.9789046049 -0.1605533063 -0.8393529654 0.0192520004 -0.5432457924
-544.2 -472.8 2568.7 -0.5180854201 -0.1547948569 0.8412051201 0.0493836775 0.9764332771 0.2100936025 -0.8539021015 0.1503882259 -0.4982315004
-353.0 -73.6 2717.7 -0.8789564371 0.0254705995 -0.4762214422 0.0151803754 0.9995610118 0.0254430585 0.4766604304 0.0151341185 -0.8789572120
-363.0 -465.1 2711.8 -0.8747947812 0.1392734945 -0.4640441537 0.0478524268 0.9779461026 0.2033015937 0.4821246862 0.1556415409 -0.8621667624
-160.1 -123.5 2365.8 0 0 0 0 0 0 0 0 0
-6.6 -8.6 2488.3 0 0 0 0 0 0 0 0 0
-496.6 -772.6 2522.6 0 0 0 0 0 0 0 0 0
-415.4 -833.3 2653.2 0 0 0 0 0 0 0 0 0
-381.3 505.1 2563.8 53 0.6186400652 0.0458584689 -0.7843350768 0.0818561688 0.9891002178 0.1223942786 0.7813987732 -0.1399206668 0.6081432104
-390.6 304.4 2592.2 0.6186400652 0.0458584689 -0.7843350768 0.0818561688 0.9891002178 0.1223942786 0.7813987732 -0.1399206668 0.6081432104
-399.9 110.9 2620.7 0.6187951565 0.0471881926 -0.7841337919 0.0851522833 0.9882830977 0.1266711205 0.7809236050 -0.1451542675 0.6075266004
-478.8 292.3 2480.9 -0.3610840142 0.3160348535 -0.8773484230 0.8633537889 0.4689012468 -0.1864186525 0.3524749875 -0.8247748613 -0.4421626329
-376.2 47.1 2380.8 -0.7839220166 0.3160348535 -0.5344045758 0.6187297106 0.4689012468 -0.6303215027 0.0513793938 -0.8247748613 -0.5631221533
-302.4 316.6 2703.5 0.8544418812 0.3590842485 0.3754830658 -0.5109227896 0.7118782997 0.4818580747 -0.0942706168 -0.6035625935 0.7917229533
-59.2 171.1 2676.7 0.2011922449 0.3590842485 0.9113617539 -0.6905316114 0.7118782997 -0.1280442923 -0.6947573423 -0.6035625935 0.3911834061
-466.6 -85.6 2578.7 -0.5219498873 0.1971198469 0.8298867941 0.1340641081 0.9797967076 -0.1484089494 -0.8423746824 0.0337959938 -0.5378314853
-543.8 -469.3 2565.5 -0.5097169876 -0.1535190195 0.8465343714 0.0417346507 0.9783803821 0.2025586516 -0.8593292832 0.1385774165 -0.4922900796
-353.8 -70.4 2719.1 -0.8822101355 0.0267996099 -0.4700925946 0.0061700880 0.9989511967 0.0453701839 0.4708154500 0.0371255241 -0.8814502358
-364.2 -461.6 2704.6 -0.8760455847 0.1355039328 -0.4627989233 0.0607603788 0.9830771089 0.1728222519 0.4783851206 0.1232803389 -0.8694536686
-160.4 -123.3 2366.7 0 0 0 0 0 0 0 0 0
-6.5 -9.7 2494.7 0 0 0 0 0 0 0 0 0
-495.9 -774.4 2522.3 0 0 0 0 0 0 0 0 0
-415.2 -831.6 2658.2 0 0 0 0 0 0 0 0 0
-381.2 505.7 2564.1 54 0.6198273897 0.0469969846 -0.7833296061 0.0816074610 0.9889324903 0.1239061877 0.7804833055 -0.1407259852 0.6091321707
-390.7 305.2 2592.6 0.6198273897 0.0469969846 -0.7833296061 0.0816074610 0.9889324903 0.1239061877 0.7804833055 -0.1407259852 0.6091321707
-400.3 111.7 2621.3 0.6200072169 0.0486085378 -0.7830889225 0.0853251442 0.9879822135 0.1288826466 0.7799427509 -0.1467253417 0.6084085703
-479.1 293.0 2481.4 -0.3620871603 0.3432238698 -0.8666546345 0.8593980074 0.4829986095 -0.1677719355 0.3610096574 -0.8055493236 -0.4698534906
-375.2 46.3 2377.8 -0.7841448188 0.3432238698 -0.5170243979 0.6194549799 0.4829986095 -0.6188601255 0.0373145230 -0.8055493236 -0.5913526416
-302.4 317.3 2703.7 0.8448626995 0.3520271182 0.4028447568 -0.5242629647 0.6947809458 0.4923695624 -0.1065614298 -0.6271812916 0.7715492845
-56.8 164.9 2672.8 0.1967734098 0.3520271182 0.9150722027 -0.7100327611 0.6947809458 -0.1145987809 -0.6761165857 -0.6271812916 0.3866651952
-465.0 -90.4 2578.5 -0.5252906084 0.1980495751 0.8275542855 0.1217704937 0.9800235033 -0.1572444737 -0.8421648741 0.0181726478 -0.5389137864
-542.6 -474.2 2571.4 -0.5167675018 -0.1492206007 0.8430210948 0.0591483898 0.9761172533 0.2090371996 -0.8540800810 0.1578869671 -0.4955995083
-353.2 -75.0 2719.7 -0.8813367486 0.0307350438 -0.4714879692 0.0155493645 0.9992282391 0.0360711142 0.4722327590 0.0244594608 -0.8811344504
-365.2 -466.3 2710.1 -0.8773537874 0.1323885173 -0.4612197280 0.0488205515 0.9808267355 0.1886677593 0.4773540795 0.1430113614 -0.8669952750
-160.5 -123.2 2367.6 0 0 0 0 0 0 0 0 0
-4.6 -23.4 2493.5 0 0 0 0 0 0 0 0 0
-496.6 -775.1 2522.7 0 0 0 0 0 0 0 0 0
-415.0 -835.5 2656.3 0 0 0 0 0 0 0 0 0
-381.0 506.4 2563.2 55 0.6179436445 0.0497913882 -0.7846441865 0.0800870880 0.9888151884 0.1258198172 0.7821328044 -0.1405894160 0.6070443988
-391.1 305.8 2591.7 0.6179436445 0.0497913882 -0.7846441865 0.0800870880 0.9888151884 0.1258198172 0.7821328044 -0.1405894160 0.6070443988
-401.2 112.3 2620.4 0.6181262732 0.0517376512 -0.7843743563 0.0836433247 0.9878378510 0.1310733110 0.7816160917 -0.1466275454 0.6062810421
-479.2 293.9 2480.3 -0.3634735346 0.3245024979 -0.8732612133 0.8636351824 0.4688486755 -0.1852435172 0.3493153751 -0.8215102553 -0.4506658614
-374.6 45.4 2379.8 -0.7847294211 0.3245024979 -0.5281077623 0.6183500886 0.4688486755 -0.6307329535 0.0429282226 -0.8215102553 -0.5685755014
-303.0 317.7 2703.1 0.8224932551 0.3607601225 0.4397237301 -0.5564796329 0.6702896357 0.4909604788 -0.1176232845 -0.6485089660 0.7520644069
-57.9 151.9 2668.0 0.2047357410 0.3607601225 0.9099095464 -0.7352887392 0.6702896357 -0.1003109589 -0.6460911632 -0.6485089660 0.4024951160
-465.8 -89.6 2579.6 -0.5226315856 0.2072316557 0.8269892335 0.1233673170 0.9781820178 -0.1671540737 -0.8435856104 0.0146634476 -0.5367944241
-547.0 -472.7 2573.8 -0.5132375956 -0.1582830995 0.8435245156 0.0586877465 0.9740732312 0.2184881121 -0.8562376499 0.1616408676 -0.4906417131
-353.7 -74.1 2720.6 -0.8828476667 0.0286254976 -0.4687862694 0.0089383386 0.9989841580 0.0441677310 0.4695743620 0.0348032080 -0.8822066784
-364.9 -465.4 2706.9 -0.8759688735 0.1394997239 -0.4617557824 0.0690783188 0.9836809039 0.1661327481 0.4773958027 0.1136298031 -0.8713102341
-160.5 -123.3 2368.1 0 0 0 0 0 0 0 0 0
-2.6 -46.7 2493.5 0 0 0 0 0 0 0 0 0
-498.2 -772.9 2524.0 0 0 0 0 0 0 0 0 0
-417.4 -835.6 2664.2 0 0 0 0 0 0 0 0 0
-379.7 506.0 2554.7 56 0.6172192097 0.0620727427 -0.7843388319 0.0921003222 0.9843294621 0.1503764838 0.7813820839 -0.1650531143 0.6018301249
-392.3 305.8 2588.3 0.6172192097 0.0620727427 -0.7843388319 0.0921003222 0.9843294621 0.1503764838 0.7813820839 -0.1650531143 0.6018301249
-404.6 113.2 2621.1 0.6173007488 0.0630384535 -0.7841976285 0.0933834985 0.9838665128 0.1525981724 0.7811653018 -0.1674300879 0.6014547944
-480.3 292.5 2477.0 -0.3709293604 0.2947965562 -0.8806284070 0.8661309481 0.4519020915 -0.2135454863 0.3350053430 -0.8419498205 -0.4229561687
-374.3 45.1 2381.2 -0.7847756743 0.2947965562 -0.5451808572 0.6171998382 0.4519020915 -0.6440876126 0.0564935394 -0.8419498205 -0.5365901589
-304.3 319.2 2699.6 0.8141912222 0.3695170581 0.4478278160 -0.5710592866 0.6489067674 0.5028034449 -0.1048040390 -0.6651144028 0.7393503189
-58.8 147.0 2668.0 0.2072924227 0.3695170581 0.9058073759 -0.7553015947 0.6489067674 -0.0918669999 -0.6217309237 -0.6651144028 0.4136102796
-467.2 -88.7 2578.5 -0.5192411542 0.1994295567 0.8310334086 0.1118202731 0.9798864126 -0.1652841270 -0.8472808599 0.0071040611 -0.5310975909
-545.3 -472.5 2575.7 -0.5127037168 -0.1535955220 0.8447149396 0.0669901147 0.9737115502 0.2177110910 -0.8559481502 0.1682088375 -0.4889361262
-355.5 -73.6 2719.8 -0.8839331865 0.0249457154 -0.4669473171 0.0221600831 0.9996888041 0.0114572225 0.4670878053 -0.0002201718 -0.8842108846
-365.2 -464.9 2719.9 -0.8823763132 0.1374756843 -0.4500138462 0.0336062163 0.9723381400 0.2311473787 0.4693427980 0.1888357103 -0.8625882268
-160.5 -123.1 2365.8 0 0 0 0 0 0 0 0 0
-1.4 -62.0 2496.0 0 0 0 0 0 0 0 0 0
-498.0 -772.5 2523.9 0 0 0 0 0 0 0 0 0
-416.8 -830.0 2649.0 0 0 0 0 0 0 0 0 0
-378.5 504.5 2550.5 57 0.6080014110 0.0628856048 -0.7914415002 0.1039420366 0.9819732904 0.1578750759 0.7871025205 -0.1782523096 0.5905047059
-391.3 304.5 2586.8 0.6080014110 0.0628856048 -0.7914415002 0.1039420366 0.9819732904 0.1578750759 0.7871025205 -0.1782523096 0.5905047059
-403.9 112.3 2621.9 0.6080144048 0.0641053915 -0.7913336754 0.1041428000 0.9816824198 0.1595426351 0.7870659232 -0.1794159263 0.5902009606
-478.0 289.6 2474.7 -0.3784196973 0.3238212764 -0.8671437502 0.8645179272 0.4584058821 -0.2060892731 0.3307677209 -0.8276495934 -0.4534191191
-368.8 40.2 2379.2 -0.7804893851 0.3238212764 -0.5347673893 0.6238769293 0.4584058821 -0.6329625845 0.0401737504 -0.8276495934 -0.5598055124
-304.6 319.3 2699.0 0.7854671478 0.3985787034 0.4734727144 -0.6039721370 0.6606711149 0.4457929730 -0.1351261586 -0.6361200213 0.7596658468
-66.0 135.9 2657.9 0.2700727880 0.3985787034 0.8764677644 -0.7473911047 0.6606711149 -0.0701445490 -0.6070150137 -0.6361200213 0.4763234556
-472.8 -87.9 2583.2 -0.5071002841 0.1824189126 0.8423613310 0.1120025441 0.9830053449 -0.1454509348 -0.8545786738 0.0205884092 -0.5189136267
-544.2 -472.8 2575.2 -0.5023939013 -0.1431187540 0.8527117968 0.0778967068 0.9747034311 0.2094883323 -0.8611227870 0.1716690958 -0.4785365462
-361.2 -71.0 2724.4 -0.8897613883 0.0039788685 -0.4564085901 -0.0007550134 0.9999477863 0.0101892091 0.4564253092 0.0094105592 -0.8897119761
-362.7 -462.5 2720.8 -0.8839958906 0.1455330998 -0.4442650080 0.0440675244 0.9720193148 0.2307304591 0.4654130936 0.1843871176 -0.8656743169
-155.7 -130.1 2368.3 0 0 0 0 0 0 0 0 0
9.5 -73.2 2488.1 0 0 0 0 0 0 0 0 0
-500.8 -768.4 2523.1 0 0 0 0 0 0 0 0 0
-417.4 -828.0 2651.4 0 0 0 0 0 0 0 0 0
-378.9 503.2 2549.9 58 0.6133922935 0.0599085316 -0.7875029445 0.1086677089 0.9812331796 0.1592885107 0.7822667360 -0.1832824796 0.5953707099
-391.1 303.8 2587.1 0.6133922935 0.0599085316 -0.7875029445 0.1086677089 0.9812331796 0.1592885107 0.7822667360 -0.1832824796 0.5953707099
-403.0 111.7 2623.1 0.6133791208 0.0610586852 -0.7874248624 0.1084540412 0.9810503721 0.1605551243 0.7823067307 -0.1838805676 0.5951337218
-478.5 288.3 2475.6 -0.3801765144 0.3092366159 -0.8716871738 0.8633598089 0.4567170739 -0.2145213038 0.3317765892 -0.8341355920 -0.4406155646
-369.2 40.1 2380.3 -0.7897481918 0.3092366159 -0.5297834873 0.6119714379 0.4567170739 -0.6456782818 0.0422937870 -0.8341355920 -0.5499354601
-303.6 319.3 2698.6 0.8013904691 0.3352691829 0.4953462481 -0.5832148790 0.6218382716 0.5226638913 -0.1327921748 -0.7077511549 0.6938692331
-71.1 150.0 2660.1 0.2671899498 0.3352691829 0.9034401774 -0.7831451893 0.6218382716 0.0008471119 -0.5615096688 -0.7077511549 0.4287133813
-471.4 -89.4 2585.9 -0.5098499060 0.1852862835 0.8400726914 0.1263107955 0.9820696712 -0.1399456114 -0.8509398699 0.0347589925 -0.5241117477
-544.0 -474.0 2572.3 -0.5018219948 -0.1494090855 0.8519692421 0.0681943968 0.9750687480 0.2111644000 -0.8622785211 0.1640664637 -0.4791220725
-361.5 -70.6 2728.2 -0.8864970207 -0.0046731550 -0.4627106786 -0.0083650099 0.9999474287 0.0059273480 0.4626586735 0.0091251563 -0.8864895105
-359.7 -462.1 2724.6 -0.8792044520 0.1577195972 -0.4495820403 0.0444141477 0.9666410685 0.2522545755 0.4743699729 0.2018155456 -0.8568801880
-153.6 -126.9 2368.7 0 0 0 0 0 0 0 0 0
3.9 -69.7 2502.5 0 0 0 0 0 0 0 0 0
-497.9 -774.4 2521.8 0 0 0 0 0 0 0 0 0
-419.0 -825.8 2648.7 0 0 0 0 0 0 0 0 0
-379.0 501.8 2548.1 59 0.6047711372 0.0591229722 -0.7942017317 0.1128100082 0.9808255434 0.1589187682 0.7883690596 -0.1857033819 0.5865052938
-391.0 302.8 2585.8 0.6047711372 0.0591229722 -0.7942017317 0.1128100082 0.9808255434 0.1589187682 0.7883690596 -0.1857033819 0.5865052938
-403.3 110.7 2622.4 0.6047070622 0.0627120361 -0.7939751744 0.1117785126 0.9803459048 0.1625652164 0.7885650992 -0.1870536953 0.5858122110
-477.2 286.8 2473.4 -0.3775501251 0.2991483212 -0.8763368130 0.8669270277 0.4467691481 -0.2209860235 0.3254126608 -0.8431533575 -0.4280175269
-370.0 40.7 2381.0 -0.7936570048 0.2991483212 -0.5297347307 0.6070442796 0.4467691481 -0.6571868658 0.0400727913 -0.8431533575 -0.5361777544
-304.8 318.7 2698.1 0.8232622147 0.3394095898 0.4550170302 -0.5599643588 0.6171112061 0.5528233647 -0.0931625590 -0.7099118829 0.6981015801
-75.9 163.0 2672.2 0.2586483657 0.3394095898 0.9043794274 -0.7868485451 0.6171112061 -0.0065640095 -0.5603305697 -0.7099118829 0.4266787469
-470.4 -90.3 2588.4 -0.5006449819 0.1987006217 0.8425394297 0.1221021190 0.9797780514 -0.1585121006 -0.8569980264 0.0235175602 -0.5147827268
-548.3 -474.0 2579.2 -0.4937002957 -0.1640591174 0.8540167809 0.0781206340 0.9697064757 0.2314443737 -0.8661161661 0.1809804887 -0.4659279883
-359.5 -70.6 2729.9 -0.8915272355 0.0023311649 -0.4529611468 -0.0041998816 0.9999012351 0.0134122837 0.4529476762 0.0138597991 -0.8914293647
-360.5 -462.3 2724.4 -0.8828201890 0.1629273444 -0.4405487180 0.0587489493 0.9688496590 0.2405803204 0.4660225809 0.1865073889 -0.8648918867
-153.5 -124.9 2370.1 0 0 0 0 0 0 0 0 0
-2.1 -61.4 2512.4 0 0 0 0 0 0 0 0 0
-497.1 -776.2 2522.8 0 0 0 0 0 0 0 0 0
-421.8 -826.9 2654.2 0 0 0 0 0 0 0 0 0
-378.0 503.8 2546.7 60 0.6106175184 0.0647253245 -0.7892761827 0.1135822907 0.9791921973 0.1681716293 0.7837380767 -0.1923363358 0.5905602574
-391.1 305.1 2585.7 0.6106175184 0.0647253245 -0.7892761827 0.1135822907 0.9791921973 0.1681716293 0.7837380767 -0.1923363358 0.5905602574
-404.1 113.4 2623.3 0.6105374694 0.0665012673 -0.7891904116 0.1123885140 0.9791092873 0.1694513857 0.7839724422 -0.1921523660 0.5903089643
-478.1 289.1 2474.0 -0.3842720687 0.3277826905 -0.8630720973 0.8660939336 0.4517313242 -0.2140562832 0.3197127581 -0.8297573924 -0.4574783444
-366.2 36.9 2380.9 -0.7858486176 0.3277826905 -0.5244048238 0.6178745031 0.4517313242 -0.6435602903 0.0259421561 -0.8297573924 -0.5575210452
-304.1 321.1 2697.4 0.8178346157 0.3497377336 0.4569792747 -0.5694881678 0.6059409976 0.5554446578 -0.0826425329 -0.7145061493 0.6947310567
-84.7 168.4 2675.3 0.2783114016 0.3497377336 0.8945536613 -0.7954393029 0.6059409976 0.0105744218 -0.5383484960 -0.7145061493 0.4468354285
-470.2 -91.4 2587.7 -0.5040555000 0.1950894743 0.8413490057 0.1288644075 0.9802379608 -0.1500914693 -0.8540035486 0.0327655077 -0.5192344189
-546.6 -475.3 2574.9 -0.4950098395 -0.1603193581 0.8539689183 0.0682582408 0.9726179242 0.2221602947 -0.8662021160 0.1682619452 -0.4705123305
-360.9 -71.1 2730.3 -0.8885561228 -0.0005993357 -0.4587675333 -0.0175592173 0.9993108511 0.0327037722 0.4584317505 0.0371147357 -0.8879542947
-360.7 -462.5 2715.8 -0.8776472211 0.1602274030 -0.4517328441 0.0711424351 0.9755778313 0.2078138441 0.4739980400 0.1502498537 -0.8676121235
-151.8 -131.7 2373.8 0 0 0 0 0 0 0 0 0
-6.6 -54.9 2524.2 0 0 0 0 0 0 0 0 0
-497.5 -773.1 2523.4 0 0 0 0 0 0 0 0 0
-421.0 -829.5 2659.2 0 0 0 0 0 0 0 0 0
-378.2 503.5 2547.5 61 0.6071480513 0.0682472512 -0.7916523814 0.1130295247 0.9787551165 0.1710637212 0.7865084410 -0.1933411062 0.5865353346
-392.0 305.7 2586.6 0.6071480513 0.0682472512 -0.7916523814 0.1130295247 0.9787551165 0.1710637212 0.7865084410 -0.1933411062 0.5865353346
-406.1 114.1 2624.8 0.6070961952 0.0718908906 -0.7913696170 0.1123053804 0.9781401157 0.1750124544 0.7866522074 -0.1951244622 0.5857514739
-478.5 289.7 2474.4 -0.3795023859 0.3244539499 -0.8664338589 0.8682853580 0.4482697248 -0.2124495506 0.3194659650 -0.8329369426 -0.4518380165
-369.1 39.3 2382.3 -0.7872681618 0.3244539499 -0.5243457556 0.6161072850 0.4482697248 -0.6476619840 0.0249118283 -0.8329369426 -0.5528069139
-305.4 321.7 2698.7 0.8134649992 0.3488471508 0.4653819799 -0.5744211674 0.6073260903 0.5488126874 -0.0911868885 -0.7137651443 0.6944236755
-89.6 169.3 2674.5 0.2596745491 0.3488471508 0.9004858732 -0.7944285870 0.6073260903 -0.0061867572 -0.5490467548 -0.7137651443 0.4348412752
-472.3 -88.6 2590.1 -0.4984312952 0.1843800247 0.8470951915 0.1320239156 0.9818680882 -0.1360319704 -0.8568173051 0.0440342352 -0.5137363672
-544.6 -473.1 2572.9 -0.4887487292 -0.1535901725 0.8587984443 0.0628218204 0.9756299257 0.2102370560 -0.8701598048 0.1567043662 -0.4671890736
-362.0 -68.2 2731.8 -0.8909184933 -0.0030251364 -0.4541531205 -0.0176099241 0.9994559288 0.0278882068 0.4538216591 0.0328437202 -0.8904870749
-360.8 -459.7 2719.0 -0.8813964725 0.1559836715 -0.4458804727 0.0589079596 0.9728341699 0.2238828242 0.4686897993 0.1710636169 -0.8666412830
-154.6 -128.5 2375.5 0 0 0 0 0 0 0 0 0
-17.5 -51.3 2522.0 0 0 0 0 0 0 0 0 0
-497.3 -773.1 2524.7 0 0 0 0 0 0 0 0 0
-419.5 -825.8 2654.6 0 0 0 0 0 0 0 0 0
-376.1 509.4 2554.9 62 0.6042835116 0.0702606887 -0.7936654687 0.0973178521 0.9821378589 0.1610417217 0.7908038497 -0.1745526791 0.5866521001
-390.3 310.7 2590.2 0.6042835116 0.0702606887 -0.7936654687 0.0973178521 0.9821378589 0.1610417217 0.7908038497 -0.1745526791 0.5866521001
-404.8 118.5 2625.1 0.6043266654 0.0740854517 -0.7932847142 0.0979048610 0.9812162519 0.1662207395 0.7906984091 -0.1781180501 0.5857217908
-476.4 296.7 2477.5 -0.3604950905 0.2880989909 -0.8871540427 0.8740689754 0.4363913536 -0.2134619951 0.3256481588 -0.8523858190 -0.4091353118
-371.1 41.4 2382.4 -0.7869131565 0.2880989909 -0.5456799865 0.6151191592 0.4363913536 -0.6566513181 0.0489494242 -0.8523858190 -0.5206173062
-304.2 324.6 2702.9 0.8093313575 0.3370072842 0.4810497463 -0.5788073540 0.5968133211 0.5556940436 -0.0998239741 -0.7281757593 0.6780820489
-92.9 173.6 2676.8 0.2441131473 0.3370072842 0.9093046188 -0.8023592234 0.5968133211 -0.0057890406 -0.5446360707 -0.7281757593 0.4160908759
-475.0 -87.6 2591.9 -0.4966495633 0.1808867753 0.8488929272 0.1387689859 0.9820095301 -0.1280644238 -0.8567860723 0.0541968755 -0.5128160715
-545.9 -472.2 2570.6 -0.4848162830 -0.1585886329 0.8601179123 0.0551194325 0.9759284854 0.2110105455 -0.8728774190 0.1497105658 -0.4644047022
-365.3 -67.3 2734.1 -0.8925696611 -0.0105936024 -0.4507850707 -0.0337896049 0.9984844923 0.0434398279 0.4496417046 0.0540049225 -0.8915749192
-361.1 -458.3 2712.9 -0.8805611730 0.1568283141 -0.4472324848 0.0759700909 0.9781683683 0.1934300065 0.4678039849 0.1363506466 -0.8732513785
-157.0 -125.9 2369.1 0 0 0 0 0 0 0 0 0
-25.8 -47.2 2526.9 0 0 0 0 0 0 0 0 0
-496.9 -773.6 2524.4 0 0 0 0 0 0 0 0 0
-420.1 -826.4 2661.6 0 0 0 0 0 0 0 0 0
-377.2 509.3 2551.1 63 0.5997469425 0.0747414753 -0.7966914773 0.0986109748 0.9811356068 0.1662791222 0.7940903306 -0.1782879233 0.5810627937
-392.3 310.7 2587.2 0.5997469425 0.0747414753 -0.7966914773 0.0986109748 0.9811356068 0.1662791222 0.7940903306 -0.1782879233 0.5810627937
-407.4 118.7 2622.5 0.5997895598 0.0771022514 -0.7964343429 0.0991613939 0.9805114269 0.1696004272 0.7939895988 -0.1807001084 0.5804550052
-477.8 296.6 2474.0 -0.3632760644 0.2824502587 -0.8878358006 0.8763157129 0.4271934628 -0.2226578593 0.3163878620 -0.8589106798 -0.4027047455
-372.9 43.6 2382.7 -0.7854118943 0.2824502587 -0.5507721901 0.6170606017 0.4271934628 -0.6608645320 0.0486249328 -0.8589106798 -0.5098117590
-306.8 324.8 2700.3 0.8403701782 0.3359372616 0.4253517985 -0.5394271016 0.5949375629 0.5958755612 -0.0528809614 -0.7302023172 0.6811814308
-95.8 189.4 2687.0 0.1995213330 0.3359372616 0.9205093384 -0.8026126623 0.5949375629 -0.0431536548 -0.5621424913 -0.7302023172 0.3883302212
-473.9 -82.5 2588.5 -0.4926570654 0.1875452846 0.8497739434 0.1296211630 0.9814222455 -0.1414521337 -0.8605157733 0.0404612906 -0.5078144670
-547.4 -466.8 2572.6 -0.4823323190 -0.1622218490 0.8608365655 0.0604213215 0.9742018580 0.2174396217 -0.8739020824 0.1568910331 -0.4600873888
-364.7 -64.8 2731.4 -0.8953382373 -0.0098316260 -0.4452782869 -0.0269335881 0.9991218448 0.0320960581 0.4445717037 0.0407297723 -0.8948167562
-360.8 -456.1 2715.5 -0.8844643235 0.1540558338 -0.4404425621 0.0696410090 0.9769353867 0.2018597275 0.4613816142 0.1478648633 -0.8747931123
-158.7 -124.7 2369.4 0 0 0 0 0 0 0 0 0
-41.3 -30.1 2533.3 0 0 0 0 0 0 0 0 0
-496.4 -773.1 2523.3 0 0 0 0 0 0 0 0 0
-418.8 -823.8 2659.8 0 0 0 0 0 0 0 0 0
-378.6 510.0 2557.7 64 0.6067816615 0.0701085478 -0.7917706370 0.0825268552 0.9851627946 0.1504780501 0.7905727625 -0.1566496640 0.5919928551
-392.7 312.2 2589.1 0.6067816615 0.0701085478 -0.7917706370 0.0825268552 0.9851627946 0.1504780501 0.7905727625 -0.1566496640 0.5919928551
-406.6 119.4 2620.7 0.6070030928 0.0711022839 -0.7915122509 0.0856153071 0.9843418002 0.1540818959 0.7900741696 -0.1612937599 0.5914111137
-479.2 300.0 2476.6 -0.3607983887 0.2697910666 -0.8927694559 0.8757195473 0.4273055792 -0.2247780412 0.3208422661 -0.8629152179 -0.3904324770
-374.0 44.5 2383.0 -0.7849737406 0.2697910666 -0.5576997399 0.6166242361 0.4273055792 -0.6611992717 0.0599225461 -0.8629152179 -0.5017833710
-306.2 324.4 2701.7 0.8453751802 0.3269875944 0.4223978519 -0.5301721692 0.6102102399 0.5886942744 -0.0652557686 -0.7216110826 0.6892163157
