152.7 465.1 2619.0 18 0.5952709913 0.3407689333 -0.7276874185 -0.1002247259 0.9300349355 0.3535393178 0.7972499132 -0.1375194341 0.5877762437
85.1 280.6 2646.3 0.5952709913 0.3407689333 -0.7276874185 -0.1002247259 0.9300349355 0.3535393178 0.7972499132 -0.1375194341 0.5877762437
19.9 95.0 2675.2 0.6002011299 0.3274660110 -0.7297428250 -0.0864752829 0.9335696101 0.3478071094 0.7951607704 -0.1456494927 0.5886472464
0.7 292.8 2534.5 -0.2202457935 0.2578034401 -0.9407598972 0.9604603648 0.2257106900 -0.1630047858 0.1703163832 -0.9394637346 -0.2973217964
56.5 49.4 2491.3 -0.9224491715 0.2578034401 -0.2874454856 0.3467681110 0.2257106900 -0.9103881121 -0.1698216647 -0.9394637346 -0.2976046503
169.5 268.5 2758.1 0.0415289365 0.9431569576 0.3297426999 -0.8172118068 0.2219406366 -0.5318902135 -0.5748392940 -0.2473807931 0.7799759507
184.3 -23.1 2553.0 -0.2875191271 0.9431569576 0.1666962951 0.1715400368 0.2219406366 -0.9598522782 -0.9422880411 -0.2473807931 -0.2256013602
-97.8 -78.3 2636.3 0.9208621383 0.0391227268 -0.3879204988 -0.0782081485 0.9932656288 -0.0854805633 0.3819638789 0.1090543643 0.9177204370
-113.3 -473.2 2593.0 0.9261316061 0.0409989990 -0.3749657273 -0.0073237992 0.9958425164 0.0907969475 0.3771293759 -0.0813437551 0.9225814939
9.1 -91.4 2784.7 0.8009719849 -0.1781305075 -0.5715884566 0.0261206757 0.9642013311 -0.2638817132 0.5981317163 0.1964315772 0.7769511342
79.9 -474.6 2706.7 0.8009719849 0.2711485326 -0.5337811708 0.0261206757 0.8748887777 0.4836190045 0.5981317163 -0.4013080001 0.6936787963
303.7 -43.5 2536.9 0 0 0 0 0 0 0 0 0
127.7 10.7 2367.3 0 0 0 0 0 0 0 0 0
-125.2 -761.5 2616.5 0 0 0 0 0 0 0 0 0
-23.8 -809.0 2860.1 0 0 0 0 0 0 0 0 0
154.5 462.5 2620.4 19 0.6137763262 0.3457720876 -0.7097325325 -0.1197478697 0.9293600917 0.3492137790 0.7803454399 -0.1293501854 0.6118247509
85.6 277.5 2646.2 0.6137763262 0.3457720876 -0.7097325325 -0.1197478697 0.9293600917 0.3492137790 0.7803454399 -0.1293501854 0.6118247509
20.1 91.8 2673.6 0.6195723414 0.3296394944 -0.7123678327 -0.1037577689 0.9339748025 0.3419435322 0.7780516744 -0.1379450560 0.6128676534
-1.5 292.1 2536.8 -0.2019436061 0.2673387229 -0.9422042370 0.9634126425 0.2273214459 -0.1419895887 0.1762239039 -0.9364053607 -0.3034636378
50.5 43.9 2491.4 -0.9253620505 0.2673387229 -0.2687658370 0.3316098452 0.2273214459 -0.9156199098 -0.1836844385 -0.9364053607 -0.2990067899
172.8 262.9 2755.6 0.0217368901 0.9380128980 0.3459180892 -0.8074130416 0.2205154151 -0.5472267866 -0.5895860791 -0.2674037516 0.7621571422
180.5 -25.2 2545.2 -0.3101345599 0.9380128980 0.1547526419 0.1895313561 0.2205154151 -0.9567919374 -0.9316084981 -0.2674037516 -0.2461722940
-100.2 -82.6 2631.3 0.9304984808 0.0355800465 -0.3645635843 -0.0717692301 0.9936894178 -0.0862007141 0.3591959476 0.1063740849 0.9271800518
-114.4 -477.7 2589.0 0.9353784919 0.0360910781 -0.3518017530 -0.0015330656 0.9951833487 0.0980189666 0.3536448479 -0.0911455005 0.9309284687
9.9 -98.4 2777.1 0.8036660552 -0.1667212099 -0.5712485313 0.0322390795 0.9707400799 -0.2379586101 0.5942066312 0.1728227288 0.7855257988
76.1 -484.2 2708.4 0.8036660552 0.2684437335 -0.5310921073 0.0322390795 0.8715194464 0.4893000126 0.5942066312 -0.4103557467 0.6917561889
298.9 -45.1 2540.7 0 0 0 0 0 0 0 0 0
119.4 12.2 2361.7 0 0 0 0 0 0 0 0 0
-124.5 -757.5 2614.6 0 0 0 0 0 0 0 0 0
-26.5 -817.4 2865.3 0 0 0 0 0 0 0 0 0
160.4 473.8 2629.1 20 0.5969518423 0.3590959311 -0.7174249887 -0.1364341676 0.9266489744 0.3502961695 0.7905910611 -0.1112286597 0.6021577120
88.7 288.7 2651.3 0.5969518423 0.3590959311 -0.7174249887 -0.1364341676 0.9266489744 0.3502961695 0.7905910611 -0.1112286597 0.6021577120
20.2 103.7 2675.0 0.6024340987 0.3447366059 -0.7198818326 -0.1219640225 0.9310845733 0.3438114822 0.7887952924 -0.1193240806 0.6029624939
4.0 305.9 2540.4 -0.1441718191 0.2420372516 -0.9594959617 0.9703552127 0.2246456146 -0.0891356170 0.1939724237 -0.9439027309 -0.2672496736
43.6 39.6 2487.1 -0.9348305464 0.2420372516 -0.2598265707 0.3145045042 0.2246456146 -0.9222913384 -0.1648599505 -0.9439027309 -0.2861273885
173.5 271.6 2762.2 0.0230980199 0.9459811449 0.3233979046 -0.8000425100 0.2114705443 -0.5614376664 -0.5994985104 -0.2457639575 0.7617096305
181.7 -13.9 2548.3 -0.2888446748 0.9459811449 0.1472700983 0.2053741217 0.2114705443 -0.9555635452 -0.9350883365 -0.2457639575 -0.2553621829
-102.3 -84.3 2629.7 0.9230415821 0.0275213346 -0.3837145269 -0.0632303134 0.9947261214 -0.0807580054 0.3794682920 0.0988053828 0.9199137688
-113.2 -479.8 2590.4 0.9268727899 0.0403511748 -0.3732004464 -0.0062253713 0.9957212210 0.0921981558 0.3753238916 -0.0831326544 0.9231581092
11.3 -103.3 2772.3 0.7976902127 -0.1514726579 -0.5837348104 0.0350126438 0.9779424071 -0.2059193254 0.6020501852 0.1438217312 0.7853985429
71.5 -491.8 2715.2 0.7976902127 0.2602963746 -0.5440000892 0.0350126438 0.8805444241 0.4726685882 0.6020501852 -0.3960900009 0.6932880282
294.6 -44.9 2531.4 0 0 0 0 0 0 0 0 0
124.8 26.5 2364.0 0 0 0 0 0 0 0 0 0
-124.3 -753.1 2613.2 0 0 0 0 0 0 0 0 0
-28.0 -828.4 2866.6 0 0 0 0 0 0 0 0 0
162.3 471.1 2633.9 21 0.6229656339 0.3625442088 -0.6931634545 -0.1721959412 0.9279361963 0.3305796981 0.7630612254 -0.0865798518 0.6405010223
90.0 286.0 2651.2 0.6229656339 0.3625442088 -0.6931634545 -0.1721959412 0.9279361963 0.3305796981 0.7630612254 -0.0865798518 0.6405010223
20.9 100.6 2670.3 0.6292372942 0.3469523787 -0.6954742670 -0.1557462364 0.9329687953 0.3245186806 0.7614483237 -0.0958817601 0.6410952806
1.5 307.8 2544.2 -0.0766537935 0.1774540693 -0.9811392426 0.9741199017 0.2231887579 -0.0357382856 0.2126373500 -0.9584867358 -0.1899698079
22.5 41.4 2486.1 -0.9529857635 0.1774540693 -0.2456178963 0.2820468545 0.2231887579 -0.9330789447 -0.1107595041 -0.9584867358 -0.2627460659
178.4 264.1 2758.2 -0.0044684825 0.9382063150 0.3460476696 -0.7766360641 0.2147354335 -0.5922204852 -0.6299337149 -0.2713994384 0.7276853323
176.8 -12.8 2533.6 -0.3204603493 0.9382063150 0.1306679696 0.2429569066 0.2147354335 -0.9459707141 -0.9155747294 -0.2713994384 -0.2967579067
-103.5 -70.2 2626.4 0.9364101887 0.0224233847 -0.3501901925 -0.0528586619 0.9955826998 -0.0775951296 0.3469033837 0.0911714509 0.9334590435
-112.4 -466.0 2590.1 0.9389798045 0.0449268371 -0.3410257399 -0.0128030200 0.9953114390 0.0958708301 0.3437339962 -0.0856546089 0.9351525307
6.9 -92.6 2771.0 0.8084557652 -0.1744212508 -0.5621178746 0.0401601940 0.9692004919 -0.2429764718 0.5871852040 0.1738609672 0.7905605435
76.2 -477.5 2702.0 0.8084557652 0.2605069578 -0.5277644992 0.0401601940 0.8702022433 0.4910551608 0.5871852040 -0.4181915224 0.6930580139
279.3 -34.6 2515.9 0 0 0 0 0 0 0 0 0
113.7 35.0 2353.3 0 0 0 0 0 0 0 0 0
-125.4 -753.6 2614.9 0 0 0 0 0 0 0 0 0
-23.3 -810.0 2861.8 0 0 0 0 0 0 0 0 0
171.1 475.2 2645.4 22 0.6828179359 0.3714456260 -0.6291167140 -0.2393818796 0.9273220897 0.2876978219 0.6902579069 -0.0458460823 0.7221094966
96.4 288.7 2654.6 0.6828179359 0.3714456260 -0.6291167140 -0.2393818796 0.9273220897 0.2876978219 0.6902579069 -0.0458460823 0.7221094966
25.5 103.5 2665.8 0.6899498701 0.3548086882 -0.6309357882 -0.2211105078 0.9332737923 0.2830374837 0.6892600060 -0.0557751320 0.7223640084
-0.1 319.4 2558.4 -0.0153106181 0.1608119011 -0.9868662953 0.9616827965 0.2725732327 0.0294964593 0.2737367153 -0.9486007690 -0.1588233113
4.3 43.7 2479.9 -0.9476761222 0.1608119011 -0.2757707834 0.3111832142 0.2725732327 -0.9104223251 -0.0712390170 -0.9486007690 -0.3083530962
192.9 258.0 2750.8 -0.0757204145 0.9153811336 0.3954032958 -0.7272754312 0.2205817848 -0.6499339342 -0.6821560264 -0.3367803693 0.6490316987
166.0 -0.2 2508.7 -0.3937839270 0.9153811336 0.0837350264 0.3165841997 0.2205817848 -0.9225606322 -0.8629650474 -0.3367803693 -0.3766567707
-105.8 -70.5 2619.6 0.9637446404 0.0135054365 -0.2664842308 -0.0301486645 0.9978342056 -0.0584628507 0.2651175261 0.0643774047 0.9620645642
-111.2 -467.1 2594.0 0.9638123512 0.0480404198 -0.2622171640 -0.0287633575 0.9966263771 0.0768670887 0.2650252879 -0.0665432066 0.9619426131
9.5 -99.0 2759.1 0.8003950715 -0.1565359682 -0.5786744952 0.0514036305 0.9796717167 -0.1939097792 0.5972648859 0.1254584640 0.7921709418
71.6 -487.8 2709.3 0.8003950715 0.2538760602 -0.5430604219 0.0514036305 0.8734943867 0.4841128290 0.5972648859 -0.4153968096 0.6860904694
258.3 -39.7 2499.0 0 0 0 0 0 0 0 0 0
88.9 61.8 2339.8 0 0 0 0 0 0 0 0 0
-124.9 -752.7 2613.1 0 0 0 0 0 0 0 0 0
-25.4 -821.7 2868.0 0 0 0 0 0 0 0 0 0
166.5 477.8 2623.1 23 0.7417511344 0.3644624352 -0.5630030036 -0.2258984447 0.9261747003 0.3019441664 0.6314864755 -0.0967859104 0.7693226337
93.2 291.6 2642.5 0.7417511344 0.3644624352 -0.5630030036 -0.2258984447 0.9261747003 0.3019441664 0.6314864755 -0.0967859104 0.7693226337
24.0 106.4 2660.8 0.7454059124 0.3487177193 -0.5681249499 -0.2163724303 0.9326823354 0.2885941863 0.6305180192 -0.0921932384 0.7706798315
-11.0 321.9 2554.5 0.0243885107 0.0935729668 -0.9953136444 0.9598060250 0.2762661576 0.0494912155 0.2796025276 -0.9565150738 -0.0830741823
-17.8 52.8 2476.1 -0.9385586977 0.0935729668 -0.3321922719 0.3450306952 0.2762661576 -0.8970121741 0.0078373868 -0.9565150738 -0.2915775478
197.5 261.3 2730.6 -0.1312439591 0.8836027980 0.4494675994 -0.7326746583 0.2189616263 -0.6443939805 -0.6678044796 -0.4138863385 0.6186559796
150.9 0.9 2493.2 -0.4652712345 0.8836027980 0.0526192486 0.3112484515 0.2189616263 -0.9247595668 -0.8286417127 -0.4138863385 -0.3768965304
-108.4 -61.6 2614.2 0.9827602506 0.0021781083 -0.1848716587 -0.0134690665 0.9981170893 -0.0598407350 0.1843932271 0.0612991452 0.9809390903
-109.2 -458.4 2589.8 0.9821512699 0.0451795235 -0.1825861931 -0.0298098549 0.9958435893 0.0860632062 0.1857155859 -0.0790842175 0.9794158340
17.5 -101.7 2739.7 0.7797337770 -0.1373397857 -0.6108625531 0.0652332231 0.9881556034 -0.1388995498 0.6227036715 0.0684561357 0.7794574499
71.9 -493.5 2712.5 0.7797337770 0.2635655403 -0.5679334998 0.0652332231 0.8679462075 0.4923556149 0.6227036715 -0.4209544063 0.6595737338
232.5 -39.3 2474.0 0 0 0 0 0 0 0 0 0
59.7 61.9 2330.9 0 0 0 0 0 0 0 0 0
-122.8 -757.9 2613.6 0 0 0 0 0 0 0 0 0
-28.8 -825.3 2873.4 0 0 0 0 0 0 0 0 0
168.6 477.3 2629.9 24 0.6785454750 0.3717767298 -0.6335282922 -0.2193966508 0.9256677032 0.3082278967 0.7010286450 -0.0701526627 0.7096741796
94.2 292.0 2644.0 0.6785454750 0.3717767298 -0.6335282922 -0.2193966508 0.9256677032 0.3082278967 0.7010286450 -0.0701526627 0.7096741796
23.5 106.9 2657.9 0.6826198101 0.3573085964 -0.6374643445 -0.2090192586 0.9313356876 0.2982026637 0.7002436519 -0.0703167096 0.7104325294
-1.1 321.3 2546.2 0.0983654112 0.0390309952 -0.9943846464 0.9545286894 0.2788769901 0.1053691357 0.2814236581 -0.9595333338 -0.0098243523
-28.2 58.2 2468.6 -0.9335412383 0.0390309952 -0.3563388586 0.3526176512 0.2788769901 -0.8932459950 0.0645104274 -0.9595333338 -0.2741061747
189.5 262.7 2741.7 -0.0686462522 0.9191245437 0.3879404366 -0.7412868738 0.2132494897 -0.6364105940 -0.6676687002 -0.3312623501 0.6666961312
165.1 -0.8 2504.4 -0.3844339848 0.9191245437 0.0861429423 0.3016185462 0.2132494897 -0.9292743802 -0.8724888563 -0.3312623501 -0.3592053354
-113.1 -59.1 2621.7 0.9610559344 -0.0155193480 -0.2759177983 -0.0062392172 0.9969489574 -0.0778066292 0.2762834728 0.0764980391 0.9580268860
-107.0 -455.3 2591.3 0.9600909352 0.0517617427 -0.2748564780 -0.0301295798 0.9961476922 0.0823528022 0.2780603766 -0.0707848668 0.9579519629
22.8 -98.6 2736.5 0.7558028698 -0.1332571208 -0.6410963535 0.0665310547 0.9896344543 -0.1272686422 0.6514104605 0.0535371900 0.7568342686
75.7 -491.5 2715.3 0.7558028698 0.2727444470 -0.5952919126 0.0665310547 0.8724294901 0.4841904640 0.6514104605 -0.4055579603 0.6412387490
220.7 -35.8 2451.4 0 0 0 0 0 0 0 0 0
89.9 58.2 2333.6 0 0 0 0 0 0 0 0 0
-122.7 -758.4 2612.9 0 0 0 0 0 0 0 0 0
-28.6 -824.9 2870.3 0 0 0 0 0 0 0 0 0
163.4 476.9 2624.4 25 0.6851136684 0.3676390648 -0.6288567781 -0.2057210952 0.9258059859 0.3171153069 0.6987833381 -0.0878909230 0.7099134326
89.8 291.4 2642.0 0.6851136684 0.3676390648 -0.6288567781 -0.2057210952 0.9258059859 0.3171153069 0.6987833381 -0.0878909230 0.7099134326
19.4 106.4 2659.4 0.6887916327 0.3545780480 -0.6323294640 -0.1962658316 0.9308598042 0.3081877828 0.6978867054 -0.0881725103 0.7107599974
-6.8 319.0 2544.2 0.1034361497 -0.0176922064 -0.9944787025 0.9464538097 0.3091718554 0.0929407552 0.3058204949 -0.9508416057 0.0487244017
-34.8 62.7 2461.3 -0.9140688777 -0.0176922064 -0.4051728547 0.3803743720 0.3091718554 -0.8716238141 0.1406889856 -0.9508416057 -0.2758747041
186.3 263.9 2739.8 -0.0720864981 0.9156088829 0.3955551982 -0.7508932948 0.2112094015 -0.6257394552 -0.6564775705 -0.3421271145 0.6722992063
160.6 -3.6 2505.9 -0.3925829530 0.9156088829 0.0868274048 0.2858692408 0.2112094015 -0.9347028136 -0.8741609454 -0.3421271145 -0.3446616232
-109.4 -59.1 2608.0 0.9633293152 -0.0083155334 -0.2681929469 -0.0027399864 0.9991626740 -0.0408216566 0.2683078349 0.0400595441 0.9624999166
-106.1 -456.0 2592.1 0.9620192647 0.0561676212 -0.2671405971 -0.0348370746 0.9958624244 0.0839306638 0.2707494795 -0.0714365244 0.9599956274
14.8 -97.2 2735.5 0.7377923131 -0.1522554755 -0.6576327085 0.0808015987 0.9871455431 -0.1378938705 0.6701743007 0.0485992692 0.7406108975
75.3 -489.4 2716.2 0.7377923131 0.2707829773 -0.6183357239 0.0808015987 0.8740022182 0.4791567624 0.6701743007 -0.4034806788 0.6229524612
208.4 -38.5 2423.9 0 0 0 0 0 0 0 0 0
83.5 52.5 2334.2 0 0 0 0 0 0 0 0 0
-123.1 -756.6 2613.7 0 0 0 0 0 0 0 0 0
-28.2 -823.5 2870.4 0 0 0 0 0 0 0 0 0
161.7 484.6 2630.6 26 0.6482984424 0.3682644963 -0.6664010882 -0.1967042089 0.9265434742 0.3206628263 0.7355383039 -0.0768013149 0.6731158495
88.0 298.9 2646.0 0.6482984424 0.3682644963 -0.6664010882 -0.1967042089 0.9265434742 0.3206628263 0.7355383039 -0.0768013149 0.6731158495
18.0 113.7 2663.3 0.6550956964 0.3525196314 -0.6682660580 -0.1791799217 0.9317351580 0.3158546686 0.7339919209 -0.0871751755 0.6735401154
-3.9 324.1 2543.0 0.1107072532 -0.0777232945 -0.9908092618 0.9394561052 0.3334836364 0.0788094699 0.3242933452 -0.9395465851 0.1099366844
-34.7 63.0 2452.9 -0.9037237167 -0.0777232945 -0.4210018814 0.3743884861 0.3334836364 -0.8652294278 0.2076457143 -0.9395465851 -0.2722783685
179.9 273.8 2748.9 -0.0351762213 0.9299184084 0.3660797179 -0.7624422312 0.2118457854 -0.6113945246 -0.6460994482 -0.3006211817 0.7015570998
167.3 2.1 2518.7 -0.3510553539 0.9299184084 0.1095986888 0.2677227855 0.2118457854 -0.9399180412 -0.8972650766 -0.3006211817 -0.3233299255
-113.9 -60.6 2613.2 0.9492143989 -0.0193191916 -0.3140363395 0.0003905524 0.9981846213 -0.0602267943 0.3146297932 0.0570454933 0.9474987388
-106.2 -457.2 2590.5 0.9483430386 0.0493045822 -0.3133920133 -0.0220927000 0.9957149625 0.0897976011 0.3164765537 -0.0782352537 0.9453686476
12.0 -96.5 2740.7 0.7246338725 -0.1598955989 -0.6703276634 0.0789491758 0.9855675101 -0.1497456580 0.6845967770 0.0555889569 0.7267991900
75.6 -488.2 2718.6 0.7246338725 0.2734494805 -0.6325591803 0.0789491758 0.8789200187 0.4703899324 0.6845967770 -0.3908005059 0.6153065562
205.8 -36.6 2397.6 0 0 0 0 0 0 0 0 0
98.3 54.7 2342.3 0 0 0 0 0 0 0 0 0
-120.9 -755.0 2613.9 0 0 0 0 0 0 0 0 0
-29.0 -824.2 2868.0 0 0 0 0 0 0 0 0 0
161.1 478.9 2625.2 27 0.6384905577 0.3748134375 -0.6721939445 -0.1860318929 0.9226614833 0.3377690613 0.7468078136 -0.0906128436 0.6588379145
85.9 293.8 2643.4 0.6384905577 0.3748134375 -0.6721939445 -0.1860318929 0.9226614833 0.3377690613 0.7468078136 -0.0906128436 0.6588379145
14.3 109.4 2662.9 0.6444007754 0.3603354990 -0.6744671464 -0.1711567491 0.9276043177 0.3320476115 0.7452871799 -0.0985321403 0.6594228148
-4.6 317.8 2538.7 0.0896876454 -0.1228895858 -0.9883593917 0.9377478957 0.3447396159 0.0422310904 0.3355368972 -0.9306195378 0.1461583376
-29.6 56.7 2445.2 -0.9032224417 -0.1228895858 -0.4112024009 0.3496890068 0.3447396159 -0.8711327314 0.2488109022 -0.9306195378 -0.2684034109
176.4 269.7 2748.1 -0.0324069671 0.9350332618 0.3530759513 -0.7726766467 0.2006376833 -0.6022585034 -0.6339720488 -0.2923309207 0.7159762979
164.9 -5.8 2522.0 -0.3378824592 0.9350332618 0.1074629799 0.2543334067 0.2006376833 -0.9460756183 -0.9061732292 -0.2923309207 -0.3056021333
-111.9 -55.1 2613.5 0.9451225400 -0.0178659465 -0.3262271583 -0.0012158705 0.9983044863 -0.0581950359 0.3267137408 0.0553980917 0.9434983730
-104.8 -451.9 2591.5 0.9438554645 0.0572881326 -0.3253536224 -0.0301947817 0.9956870079 0.0877246857 0.3289759457 -0.0729754418 0.9415144324
7.9 -87.9 2747.7 0.7207176089 -0.1786314845 -0.6698185802 0.0728683919 0.9803987145 -0.1830533594 0.6893883348 0.0831211880 0.7196072340
78.8 -477.4 2714.7 0.7207176089 0.2754485905 -0.6361557841 0.0728683919 0.8824852705 0.4646611214 0.6893883348 -0.3812451065 0.6159511805
211.6 -36.7 2378.8 0 0 0 0 0 0 0 0 0
98.4 44.2 2343.6 0 0 0 0 0 0 0 0 0
-122.3 -755.8 2613.7 0 0 0 0 0 0 0 0 0
-26.5 -814.7 2860.4 0 0 0 0 0 0 0 0 0
158.4 479.7 2623.5 28 0.6226906776 0.3724813461 -0.6881235242 -0.1730192602 0.9232029319 0.3431628048 0.7630993724 -0.0946256593 0.6393163204
83.6 294.2 2642.5 0.6226906776 0.3724813461 -0.6881235242 -0.1730192602 0.9232029319 0.3431628048 0.7630993724 -0.0946256593 0.6393163204
12.8 109.4 2661.9 0.6276115179 0.3562209904 -0.6922502518 -0.1605096906 0.9292825460 0.3326719105 0.7618007660 -0.0976758450 0.6404053569
-4.6 316.7 2535.4 0.0592106842 -0.1416392773 -0.9881459475 0.9281966090 0.3720831275 0.0022846544 0.3673488200 -0.9173290133 0.1535003930
-21.4 53.4 2431.2 -0.9053457975 -0.1416392773 -0.4003589153 0.3260895908 0.3720831275 -0.8690338135 0.2720561028 -0.9173290133 -0.2906768024
171.8 271.6 2749.6 -0.0118832830 0.9403187037 0.3400875926 -0.7778860927 0.2050114125 -0.5940231681 -0.6282929182 -0.2716083527 0.7290246487
167.6 -5.9 2525.4 -0.3179060817 0.9403187037 0.1213939935 0.2444980294 0.2050114125 -0.9477294087 -0.9160548449 -0.2716083527 -0.2950804234
-116.3 -59.3 2614.2 0.9369264245 -0.0350538306 -0.3477645218 0.0122651299 0.9976428151 -0.0675160214 0.3493114710 0.0589921698 0.9351478219
-102.4 -455.9 2590.8 0.9346662760 0.0688963607 -0.3487868607 -0.0368131697 0.9945250750 0.0977993533 0.3536152840 -0.0785698071 0.9320853353
1.7 -90.7 2750.7 0.7149499059 -0.1830615848 -0.6747851968 0.0767903328 0.9798360467 -0.1844573617 0.6949459314 0.0800607875 0.7145910859
74.5 -480.1 2718.9 0.7149499059 0.2634305060 -0.6476503611 0.0767903328 0.8911165595 0.4472298026 0.6949459314 -0.3694801927 0.6168748140
221.6 -34.1 2358.2 0 0 0 0 0 0 0 0 0
105.0 42.3 2345.0 0 0 0 0 0 0 0 0 0
-123.2 -756.7 2614.5 0 0 0 0 0 0 0 0 0
-26.2 -820.7 2860.2 0 0 0 0 0 0 0 0 0
160.0 486.1 2620.6 29 0.6325626969 0.3660716712 -0.6825364232 -0.1822880507 0.9268624783 0.3281722069 0.7527519464 -0.0831712484 0.6530290842
86.2 299.0 2637.4 0.6325626969 0.3660716712 -0.6825364232 -0.1822880507 0.9268624783 0.3281722069 0.7527519464 -0.0831712484 0.6530290842
17.2 113.4 2655.0 0.6387929320 0.3467097580 -0.6868303418 -0.1660244465 0.9337934256 0.3169633448 0.7512519360 -0.0884433165 0.6540629268
-3.7 322.3 2531.8 0.0171605945 -0.1464595348 -0.9890677929 0.9239109159 0.3804781735 -0.0403104760 0.3822225630 -0.9131188393 0.1418447942
-8.7 53.0 2420.3 -0.9000701308 -0.1464595348 -0.4103941321 0.3316975534 0.3804781735 -0.8632572293 0.2825782597 -0.9131188393 -0.2938767672
176.0 275.7 2743.1 -0.0131563693 0.9348139167 0.3548941910 -0.7684624791 0.2176335007 -0.6017483473 -0.6397596002 -0.2806397080 0.7155061364
171.3 1.5 2514.8 -0.3319881558 0.9348139167 0.1261223406 0.2548861206 0.2176335007 -0.9421617389 -0.9081943035 -0.2806397080 -0.3105228543
-115.5 -60.6 2611.5 0.9413111210 -0.0343097188 -0.3357919753 0.0131231658 0.9977884293 -0.0651619509 0.3372850120 0.0569310151 0.9396795630
-101.9 -457.2 2588.9 0.9388362169 0.0723822713 -0.3366709352 -0.0377991982 0.9934133887 0.1081716642 0.3422830999 -0.0888295919 0.9353884459
-0.5 -90.0 2751.1 0.7001686096 -0.1930294335 -0.6873888969 0.0803116634 0.9779426455 -0.1928166151 0.7094461918 0.0797988027 0.7002272606
76.2 -478.7 2719.4 0.7001686096 0.2723724544 -0.6599826813 0.0803116634 0.8884627819 0.4518671632 0.7094461918 -0.3693875074 0.6001991034
233.2 -36.2 2344.4 0 0 0 0 0 0 0 0 0
105.9 51.7 2335.8 0 0 0 0 0 0 0 0 0
-123.5 -754.1 2615.4 0 0 0 0 0 0 0 0 0
-27.9 -818.4 2860.6 0 0 0 0 0 0 0 0 0
154.8 483.3 2629.2 30 0.6156804562 0.3505726457 -0.7057169676 -0.1861946434 0.9349462390 0.3020051718 0.7656821609 -0.0545379594 0.6409028769
84.3 295.3 2640.2 0.6156804562 0.3505726457 -0.7057169676 -0.1861946434 0.9349462390 0.3020051718 0.7656821609 -0.0545379594 0.6409028769
16.9 108.8 2654.0 0.6223345995 0.3388603032 -0.7056013942 -0.1681150794 0.9382646084 0.3023191094 0.7644847631 -0.0695214123 0.6408820748
-3.3 319.0 2532.6 -0.0237887483 -0.1523879468 -0.9880344272 0.9099843502 0.4059372842 -0.0845186487 0.4139596224 -0.9011064768 0.1290138960
3.7 52.5 2411.4 -0.8949812055 -0.1523879468 -0.4192691147 0.3301084042 0.4059372842 -0.8521991372 0.3000618219 -0.9011064768 -0.3130016923
171.8 271.6 2747.7 0.0104549937 0.9388851523 0.3440717459 -0.7611148953 0.2306381613 -0.6062261462 -0.6485328078 -0.2555400431 0.7170107961
175.5 0.0 2516.3 -0.3128577769 0.9388851523 0.1435781717 0.2620970905 0.2306381613 -0.9370758533 -0.9129211903 -0.2555400431 -0.3182360232
-110.3 -57.0 2603.7 0.9331179857 -0.0213072617 -0.3589385450 0.0087023852 0.9992885590 -0.0366963930 0.3594650924 0.0311184414 0.9326395392
-101.8 -454.1 2591.3 0.9308965802 0.0703058690 -0.3584530354 -0.0360943303 0.9942046404 0.1012638360 0.3634951115 -0.0813280419 0.9280393720
6.9 -87.4 2741.4 0.6487803459 -0.1802356988 -0.7393234372 0.0850318149 0.9826326370 -0.1649325639 0.7562100291 0.0441389903 0.6528385282
78.5 -477.8 2723.9 0.6487803459 0.2826732993 -0.7065266371 0.0850318149 0.8957046866 0.4364432395 0.7562100291 -0.3432330489 0.5570793748
244.9 -36.5 2330.5 0 0 0 0 0 0 0 0 0
113.9 51.7 2336.4 0 0 0 0 0 0 0 0 0
-122.9 -752.2 2615.7 0 0 0 0 0 0 0 0 0
-29.5 -820.1 2855.0 0 0 0 0 0 0 0 0 0
154.7 479.8 2624.5 31 0.6110795140 0.3521007597 -0.7089477181 -0.1654916853 0.9326590300 0.3205614984 0.7740764618 -0.0785636082 0.6281985641
84.1 292.9 2640.2 0.6110795140 0.3521007597 -0.7089477181 -0.1654916853 0.9326590300 0.3205614984 0.7740764618 -0.0785636082 0.6281985641
16.8 106.8 2658.6 0.6179214716 0.3384550214 -0.7096627951 -0.1469731182 0.9364167452 0.3186261058 0.7723807096 -0.0925845578 0.6283757687
-2.9 313.5 2531.6 -0.0610752068 -0.1553578228 -0.9859684110 0.9013411999 0.4157638848 -0.1213444248 0.4287818670 -0.8961051106 0.1146375388
14.4 58.6 2410.3 -0.8869441748 -0.1553578228 -0.4349643886 0.3407074809 0.4157638848 -0.8432430029 0.3118468821 -0.8961051106 -0.3158277869
171.0 272.2 2748.9 0.0149428938 0.9401590824 0.3404079974 -0.7780983448 0.2247456610 -0.5865597725 -0.6279646754 -0.2561059892 0.7348945737
176.3 -5.4 2524.8 -0.3076995909 0.9401590824 0.1463620961 0.2371358871 0.2247456610 -0.9451221824 -0.9214594364 -0.2561059892 -0.2920995951
-107.5 -62.3 2597.7 0.9311853051 -0.0137097277 -0.3642883599 0.0065182266 0.9997590184 -0.0209634658 0.3644879758 0.0171463583 0.9310502410
-102.0 -459.6 2590.9 0.9287575483 0.0754471421 -0.3629285395 -0.0374339484 0.9931525588 0.1106649265 0.3687927425 -0.0891950354 0.9252222180
6.7 -93.1 2737.9 0.6706737876 -0.1758698523 -0.7206014395 0.0885302275 0.9835199714 -0.1576413959 0.7364503145 0.0419309437 0.6751909256
76.6 -484.0 2721.3 0.6706737876 0.2799115479 -0.6869106293 0.0885302275 0.8892380595 0.4487962425 0.7364503145 -0.3618082404 0.5716080070
253.9 -33.4 2326.1 0 0 0 0 0 0 0 0 0
115.7 41.3 2343.2 0 0 0 0 0 0 0 0 0
-124.3 -753.7 2617.3 0 0 0 0 0 0 0 0 0
-30.4 -823.8 2859.5 0 0 0 0 0 0 0 0 0
154.0 478.6 2621.1 32 0.6176116467 0.3422735631 -0.7080993056 -0.1381734908 0.9335536957 0.3307349384 0.7742505670 -0.1064252034 0.6238667369
85.6 292.1 2642.4 0.6176116467 0.3422735631 -0.7080993056 -0.1381734908 0.9335536957 0.3307349384 0.7742505670 -0.1064252034 0.6238667369
19.8 106.1 2666.2 0.6235654354 0.3311724067 -0.7081602812 -0.1216459423 0.9359105229 0.3305657506 0.7722489238 -0.1199845597 0.6238872409
-2.1 309.2 2533.8 -0.1008893549 -0.1919362247 -0.9762078524 0.8999371529 0.4007468522 -0.1717993915 0.4241867661 -0.8958585262 0.1322994530
25.8 60.1 2416.4 -0.8884994388 -0.1919362247 -0.4168084264 0.3167280257 0.4007468522 -0.8597007394 0.3320423663 -0.8958585262 -0.2952717543
173.4 275.0 2751.0 0.0169282425 0.9369452596 0.3490658998 -0.7946641445 0.2244861871 -0.5640166998 -0.6068132520 -0.2678423524 0.7483569384
179.4 -8.6 2534.5 -0.3148917556 0.9369452596 0.1515808254 0.2098671496 0.2244861871 -0.9516100883 -0.9256343246 -0.2678423524 -0.2673228681
-107.2 -65.8 2606.2 0.9336317778 -0.0093305511 -0.3581126332 -0.0006545401 0.9996146560 -0.0277511999 0.3582335711 0.0261438005 0.9332658648
-103.5 -463.2 2595.8 0.9314196110 0.0717636570 -0.3568017483 -0.0431077369 0.9952192903 0.0876374021 0.3613851666 -0.0662462786 0.9300603271
6.2 -92.8 2747.9 0.7019228339 -0.1783873439 -0.6895522475 0.0727396011 0.9810200930 -0.1797456145 0.7085289955 0.0760097802 0.7015762329
77.1 -482.5 2717.7 0.7019228339 0.2793534398 -0.6551839709 0.0727396011 0.8869501948 0.4561011791 0.7085289955 -0.3678056598 0.6022505164
265.8 -25.5 2326.7 0 0 0 0 0 0 0 0 0
117.4 32.8 2352.1 0 0 0 0 0 0 0 0 0
-124.2 -751.3 2615.0 0 0 0 0 0 0 0 0 0
-29.7 -821.6 2858.3 0 0 0 0 0 0 0 0 0
151.5 479.6 2621.0 33 0.6516379714 0.3327223063 -0.6816625595 -0.1359434575 0.9353395104 0.3265874088 0.7462488413 -0.1201491952 0.6547341943
85.0 292.7 2645.0 0.6516379714 0.3327223063 -0.6816625595 -0.1359434575 0.9353395104 0.3265874088 0.7462488413 -0.1201491952 0.6547341943
20.3 106.5 2670.6 0.6554156542 0.3256285191 -0.6814663410 -0.1252017468 0.9366431832 0.3271453381 0.7448186278 -0.1290954053 0.6546598673
-7.1 310.3 2540.3 -0.1717373729 -0.1589627564 -0.9722330570 0.8802596927 0.4183481634 -0.2238920629 0.4423224032 -0.8942682147 0.0680824891
41.1 63.1 2416.1 -0.8900098205 -0.1589627564 -0.4273328185 0.3313354850 0.4183481634 -0.8456959128 0.3132080436 -0.8942682147 -0.3196639717
177.2 275.1 2749.7 -0.0084702112 0.9249156713 0.3800780177 -0.7918677330 0.2259010673 -0.5673748851 -0.6106339097 -0.3057773113 0.7304974198
174.2 -7.4 2531.8 -0.3534068167 0.9249156713 0.1401237398 0.2144450098 0.2259010673 -0.9502536654 -0.9105585814 -0.3057773113 -0.2781785131
-103.2 -68.7 2619.3 0.9477601051 0.0131494207 -0.3187128901 -0.0305244848 0.9983034730 -0.0495831072 0.3175202012 0.0567214377 0.9465535283
-108.4 -465.3 2596.8 0.9477024078 0.0530521683 -0.3147152066 -0.0316193886 0.9968434572 0.0728243738 0.3175852597 -0.0590647273 0.9463883638
11.2 -91.0 2760.9 0.7735090852 -0.1608354598 -0.6130380630 0.0510313697 0.9799293280 -0.1927028000 0.6317273974 0.1177731976 0.7661918998
75.1 -480.1 2714.1 0.7735090852 0.2625418603 -0.5768495798 0.0510313697 0.8814107180 0.4695859253 0.6317273974 -0.3926663995 0.6683813334
281.6 -26.4 2331.4 0 0 0 0 0 0 0 0 0
104.5 34.8 2352.5 0 0 0 0 0 0 0 0 0
-123.7 -751.5 2613.7 0 0 0 0 0 0 0 0 0
-25.3 -816.9 2864.2 0 0 0 0 0 0 0 0 0
149.7 477.8 2620.4 34 0.6042006016 0.3315024674 -0.7246018052 -0.1088854000 0.9351711273 0.3370443285 0.7893577218 -0.1247438341 0.6011267900
83.6 291.5 2645.2 0.6042006016 0.3315024674 -0.7246018052 -0.1088854000 0.9351711273 0.3370443285 0.7893577218 -0.1247438341 0.6011267900
19.8 105.2 2672.2 0.6091455817 0.3208946288 -0.7252367139 -0.0946921557 0.9373685122 0.3352218866 0.7873849273 -0.1355246902 0.6013800502
-1.8 304.8 2534.7 -0.2204267085 -0.0829019025 -0.9718741179 0.8673562407 0.4391494095 -0.2341813594 0.4462120235 -0.8945809603 -0.0248947721
59.6 63.2 2410.4 -0.9059341550 -0.0829019025 -0.4152235687 0.3408116698 0.4391494095 -0.8312612176 0.2512583137 -0.8945809603 -0.3695864975
169.1 278.2 2755.7 0.0394144990 0.9395058155 0.3402576447 -0.8091143966 0.2298212200 -0.5408475995 -0.5863279104 -0.2539901137 0.7692259550
183.2 -10.1 2546.8 -0.2982290685 0.9395058155 0.1684879512 0.1840883642 0.2298212200 -0.9556639791 -0.9365740418 -0.2539901137 -0.2414914668
-104.4 -68.1 2628.0 0.9262381792 0.0131517556 -0.3767092824 -0.0357224010 0.9979557991 -0.0529920049 0.3752422631 0.0625401810 0.9248145819
-109.7 -464.8 2603.1 0.9263269901 0.0487866513 -0.3735480309 -0.0339348428 0.9983539581 0.0462365858 0.3751888871 -0.0301539041 0.9264578223
15.7 -91.1 2764.5 0.7942786813 -0.1529683322 -0.5879813433 0.0400132947 0.9788547158 -0.2006051242 0.6062344909 0.1358093023 0.7836042047
76.5 -480.0 2710.5 0.7942786813 0.2670056820 -0.5457373857 0.0400132947 0.8733143210 0.4855111241 0.6062344909 -0.4074679017 0.6829711795
306.5 -29.7 2342.0 0 0 0 0 0 0 0 0 0
124.5 26.1 2362.6 0 0 0 0 0 0 0 0 0
-123.8 -754.9 2611.9 0 0 0 0 0 0 0 0 0
-25.5 -813.7 2866.3 0 0 0 0 0 0 0 0 0
154.9 471.6 2619.1 35 0.5702975392 0.3502017260 -0.7430474162 -0.1043635234 0.9281286001 0.3573311269 0.8147815466 -0.1262380332 0.5658577681
85.4 287.4 2644.1 0.5702975392 0.3502017260 -0.7430474162 -0.1043635234 0.9281286001 0.3573311269 0.8147815466 -0.1262380332 0.5658577681
18.2 102.4 2671.9 0.5767614245 0.3376885056 -0.7438499331 -0.0868961364 0.9307570457 0.3551625311 0.8122778535 -0.1402063668 0.5661686063
4.4 299.6 2530.1 -0.2615070641 -0.0190242305 -0.9650140405 0.8681390882 0.4323272109 -0.2437780052 0.4218395054 -0.9015160799 -0.0965409353
76.9 58.7 2413.0 -0.9193745255 -0.0190242305 -0.3929231167 0.3467904627 0.4323272109 -0.8323638439 0.1857064366 -0.9015160799 -0.3908731937
166.4 275.3 2758.2 0.0520337224 0.9514061213 0.3035109341 -0.8203436136 0.2140398771 -0.5303049088 -0.5694987774 -0.2213895172 0.7916172147
184.9 -17.2 2555.1 -0.2593370378 0.9514061213 0.1660442352 0.1692635119 0.2140398771 -0.9620482326 -0.9508386850 -0.2213895172 -0.2165468037
-99.7 -72.4 2627.1 0.9100467563 0.0240896456 -0.4138050377 -0.0539985970 0.9966924191 -0.0607321784 0.4109733105 0.0776140168 0.9083374739
-109.3 -468.6 2596.3 0.9115070105 0.0504883789 -0.4081737995 -0.0302487947 0.9979783893 0.0558936521 0.4101706147 -0.0386006907 0.9111915231
11.7 -89.8 2771.2 0.8037726879 -0.1598062068 -0.5730718970 0.0388354845 0.9752877951 -0.2174982429 0.5936676264 0.1525636315 0.7901158929
75.2 -477.3 2710.5 0.8037726879 0.2576271892 -0.5362626910 0.0388354845 0.8767353296 0.4794026911 0.5936676264 -0.4061568081 0.6946908832
329.1 -36.4 2362.1 0 0 0 0 0 0 0 0 0
133.9 16.0 2368.1 0 0 0 0 0 0 0 0 0
-124.0 -759.6 2607.5 0 0 0 0 0 0 0 0 0
-23.2 -812.4 2865.8 0 0 0 0 0 0 0 0 0
150.6 470.1 2610.4 36 0.5418233871 0.3439171016 -0.7669083476 -0.0695103109 0.9276610613 0.3668967485 0.8376131058 -0.1454852074 0.5265342593
82.3 286.0 2639.3 0.5418233871 0.3439171016 -0.7669083476 -0.0695103109 0.9276610613 0.3668967485 0.8376131058 -0.1454852074 0.5265342593
16.5 101.0 2670.5 0.5474963188 0.3309091032 -0.7686006427 -0.0538894758 0.9305269122 0.3622369170 0.8350710869 -0.1569038928 0.5272925496
5.4 293.5 2522.1 -0.3163681626 0.0291044656 -0.9481899142 0.8697018623 0.4080767632 -0.2776544392 0.3788532913 -0.9124835730 -0.1544146985
90.6 59.4 2420.1 -0.9258544445 0.0291044656 -0.3767578304 0.3550823331 0.4080767632 -0.8410647511 0.1292673647 -0.9124835730 -0.3881541789
159.2 278.4 2756.6 0.0833132640 0.9561962485 0.2806200683 -0.8366889954 0.2200823426 -0.5015130043 -0.5413044095 -0.1930090338 0.8183746338
188.9 -19.8 2563.6 -0.2260831445 0.9561962485 0.1859439015 0.1364066750 0.2200823426 -0.9658969641 -0.9645100236 -0.1930090338 -0.1801884621
-101.7 -74.6 2625.4 0.8945705295 0.0239597168 -0.4462840557 -0.0488263294 0.9978243113 -0.0443013981 0.4442516565 0.0614211373 0.8937941194
-111.3 -471.3 2601.0 0.8956384659 0.0443558954 -0.4425656199 -0.0288316533 0.9987121224 0.0417475589 0.4438473880 -0.0246308204 0.8957638144
3.9 -90.5 2774.1 0.8146754503 -0.1764992028 -0.5524055958 0.0485627539 0.9699771404 -0.2382982671 0.5778802633 0.1673094034 0.7987878323
74.0 -475.9 2707.6 0.8146754503 0.2470980138 -0.5246393681 0.0485627539 0.8724336028 0.4863139987 0.5778802633 -0.4216660261 0.6987504363
344.2 -37.8 2384.7 0 0 0 0 0 0 0 0 0
144.4 7.0 2373.9 0 0 0 0 0 0 0 0 0
-124.1 -760.9 2608.1 0 0 0 0 0 0 0 0 0
-20.4 -809.4 2868.8 0 0 0 0 0 0 0 0 0
144.9 472.0 2614.6 37 0.4927121997 0.3331371546 -0.8038994670 -0.0327531472 0.9302632213 0.3654279709 0.8695757389 -0.1537205875 0.4692633152
78.8 287.5 2645.1 0.4927121997 0.3331371546 -0.8038994670 -0.0327531472 0.9302632213 0.3654279709 0.8695757389 -0.1537205875 0.4692633152
14.4 102.3 2677.6 0.4970404506 0.3233928084 -0.8052129149 -0.0204754826 0.9320688248 0.3617021143 0.8674857616 -0.1632934511 0.4698975384
9.1 290.3 2523.4 -0.3604647815 0.0811295584 -0.9292379618 0.8647940755 0.4024069011 -0.3003329039 0.3495658636 -0.9118589163 -0.2152138799
106.2 57.5 2429.3 -0.9257512689 0.0811295584 -0.3693272769 0.3694290221 0.4024069011 -0.8376102448 0.0806648880 -0.9118589163 -0.4025003016
148.5 284.6 2766.8 0.1154981703 0.9577670693 0.2633295357 -0.8325794935 0.2379277050 -0.5002017617 -0.5417301655 -0.1614703983 0.8248974085
190.9 -21.1 2567.9 -0.1987467110 0.9577670693 0.2078028470 0.1419440210 0.2379277050 -0.9608550072 -0.9697173238 -0.1614703983 -0.1832366586
-99.5 -79.0 2625.2 0.8661558628 0.0307412986 -0.4988276362 -0.0634075627 0.9968002439 -0.0486699119 0.4957353175 0.0737851709 0.8653336167
-111.7 -475.2 2595.9 0.8691388965 0.0450560451 -0.4925114512 -0.0176289324 0.9980311394 0.0601921976 0.4942537546 -0.0436329283 0.8682219386
0.7 -88.8 2778.1 0.8047955632 -0.1860207021 -0.5636491776 0.0459720157 0.9663031697 -0.2532680333 0.5917690992 0.1779168993 0.7862282395
74.7 -472.8 2707.4 0.8047955632 0.2491211146 -0.5387418866 0.0459720157 0.8787686229 0.4750287533 0.5917690992 -0.4070680737 0.6957764626
360.0 -43.8 2407.2 0 0 0 0 0 0 0 0 0
156.5 3.5 2399.9 0 0 0 0 0 0 0 0 0
-124.6 -760.9 2608.4 0 0 0 0 0 0 0 0 0
-20.6 -808.7 2863.0 0 0 0 0 0 0 0 0 0
144.3 467.4 2616.7 38 0.4856266975 0.3311518431 -0.8090149164 -0.0345959105 0.9320258498 0.3607366979 0.8734814525 -0.1471947730 0.4640731215
79.1 283.9 2645.7 0.4856266975 0.3311518431 -0.8090149164 -0.0345959105 0.9320258498 0.3607366979 0.8734814525 -0.1471947730 0.4640731215
15.0 98.4 2677.3 0.4904105961 0.3224354088 -0.8096498251 -0.0209439509 0.9331314564 0.3589248955 0.8712397814 -0.1590633094 0.4643706083
10.2 286.8 2523.3 -0.3763898611 0.0685581267 -0.9239212275 0.8733684421 0.3590038419 -0.3291561902 0.3091249168 -0.9308147430 -0.1950019151
108.7 58.2 2442.4 -0.9301701784 0.0685581267 -0.3606705070 0.3603048623 0.3590038419 -0.8609858751 0.0704545081 -0.9308147430 -0.3586364985
148.0 280.9 2768.1 0.1126215011 0.9577201009 0.2647425234 -0.8222532868 0.2394159883 -0.5163133740 -0.5578672886 -0.1595374197 0.8144519329
190.0 -25.5 2560.2 -0.2011274695 0.9577201009 0.2057181150 0.1606515497 0.2394159883 -0.9575338364 -0.9663016200 -0.1595374197 -0.2020123452
-95.4 -81.1 2630.8 0.8618645668 0.0426741540 -0.5053398013 -0.0794312358 0.9955140948 -0.0514035188 0.5008793473 0.0844426379 0.8613880277
-112.3 -476.8 2597.2 0.8662100434 0.0422505699 -0.4978905916 -0.0169517528 0.9983299971 0.0552254505 0.4993924201 -0.0393967219 0.8654797077
-4.5 -84.8 2789.4 0.8034182191 -0.2048879564 -0.5590528846 0.0393789448 0.9551582932 -0.2934653759 0.5941115022 0.2137605250 0.7754598260
76.9 -464.2 2704.5 0.8034182191 0.2498680055 -0.5404490232 0.0393789448 0.8833985329 0.4669650197 0.5941115022 -0.3964505196 0.6998989582
362.4 -40.0 2423.2 0 0 0 0 0 0 0 0 0
157.5 0.5 2404.2 0 0 0 0 0 0 0 0 0
-124.3 -759.7 2608.4 0 0 0 0 0 0 0 0 0
-18.6 -801.9 2856.1 0 0 0 0 0 0 0 0 0
138.9 469.1 2617.7 39 0.4445245862 0.3211856186 -0.8362043500 -0.0099167377 0.9352142215 0.3539435565 0.8957117796 -0.1490442008 0.4189108312
75.7 285.2 2647.0 0.4445245862 0.3211856186 -0.8362043500 -0.0099167377 0.9352142215 0.3539435565 0.8957117796 -0.1490442008 0.4189108312
13.6 99.2 2679.7 0.4500500560 0.3120126724 -0.8367215991 0.0064103897 0.9358218312 0.3524150550 0.8929803371 -0.1639681160 0.4191665351
12.5 284.3 2521.6 -0.3960263729 0.1411820352 -0.9073206186 0.8778461814 0.3480565846 -0.3290026486 0.2693496644 -0.9267816544 -0.2617757022
114.9 57.4 2452.0 -0.9301556349 0.1411820352 -0.3389367163 0.3671456277 0.3480565846 -0.8625895381 -0.0038129948 -0.9267816544 -0.3755811751
138.9 286.1 2772.4 0.1493580490 0.9589830041 0.2409226894 -0.8271380663 0.2546830773 -0.5009781718 -0.5417885184 -0.1244512051 0.8312503099
194.9 -24.2 2569.2 -0.1658087820 0.9589830041 0.2299108803 0.1478988975 0.2546830773 -0.9556476474 -0.9750043154 -0.1244512051 -0.1840612292
-94.1 -85.2 2629.2 0.8381093740 0.0468195751 -0.5434892774 -0.0847066790 0.9953948855 -0.0448757671 0.5388853550 0.0836479738 0.8382157087
-112.7 -480.9 2595.9 0.8442949653 0.0405787192 -0.5343400836 -0.0027908580 0.9974482656 0.0713382140 0.5358713865 -0.0587392263 0.8422538638
-4.3 -89.0 2788.8 0.8173872828 -0.1937226653 -0.5425399542 0.0410950258 0.9589729309 -0.2805033028 0.5746209621 0.2069841325 0.7918133140
72.7 -470.1 2706.5 0.8173872828 0.2374303639 -0.5248855948 0.0410950258 0.8847672939 0.4642176628 0.5746209621 -0.4010158181 0.7134402990
367.2 -42.2 2453.0 0 0 0 0 0 0 0 0 0
169.1 -1.2 2417.6 0 0 0 0 0 0 0 0 0
-124.1 -760.9 2612.4 0 0 0 0 0 0 0 0 0
-18.0 -808.3 2859.8 0 0 0 0 0 0 0 0 0
133.8 463.1 2619.8 40 0.4391806126 0.3113889396 -0.8427082896 -0.0001297877 0.9380334020 0.3465448320 0.8983987570 -0.1520864069 0.4120064974
72.4 278.2 2649.7 0.4391806126 0.3113889396 -0.8427082896 -0.0001297877 0.9380334020 0.3465448320 0.8983987570 -0.1520864069 0.4120064974
12.4 91.6 2682.9 0.4444723427 0.3017057478 -0.8434559703 0.0160689093 0.9387382269 0.3442561626 0.8956484199 -0.1665657610 0.4123950899
10.0 275.9 2523.8 -0.4186140001 0.2204258144 -0.8810078502 0.8706695437 0.3732788861 -0.3203083277 0.2582573891 -0.9011522532 -0.3481778204
118.3 50.6 2457.0 -0.9299056530 0.2204258144 -0.2944280803 0.3592947125 0.3732788861 -0.8553187847 -0.0786305442 -0.9011522532 -0.4263119698
134.9 280.4 2775.7 0.1604157388 0.9566424489 0.2431089729 -0.8255935311 0.2650339007 -0.4981489480 -0.5409825444 -0.1207982674 0.8323134184
195.3 -30.6 2571.9 -0.1636239737 0.9566424489 0.2409613580 0.1459058076 0.2650339007 -0.9531361461 -0.9756734371 -0.1207982674 -0.1829455942
-89.6 -87.4 2630.6 0.8348554969 0.0544803143 -0.5477665663 -0.0922963321 0.9948570728 -0.0417221002 0.5426763892 0.0853887647 0.8355902433
-111.3 -482.9 2596.7 0.8411347270 0.0504839532 -0.5384642482 -0.0164447781 0.9975607991 0.0678383708 0.5405755639 -0.0482062846 0.8399131894
-7.2 -86.2 2794.1 0.8118062019 -0.2011360377 -0.5481925011 0.0376924239 0.9548953772 -0.2945405543 0.5827091932 0.2184471339 0.7827712893
72.7 -465.7 2707.3 0.8118062019 0.2355963886 -0.5342893004 0.0376924239 0.8919425607 0.4505749643 0.5827091932 -0.3859182000 0.7152042985
370.9 -47.0 2478.4 0 0 0 0 0 0 0 0 0
170.3 -8.3 2422.9 0 0 0 0 0 0 0 0 0
-125.1 -755.9 2609.9 0 0 0 0 0 0 0 0 0
-17.4 -806.7 2854.8 0 0 0 0 0 0 0 0 0
137.4 469.2 2628.3 41 0.3740046620 0.3227866888 -0.8694419265 0.0075994018 0.9363795519 0.3509067595 0.9273957014 -0.1378480047 0.3477573395
73.0 282.5 2655.8 0.3740046620 0.3227866888 -0.8694419265 0.0075994018 0.9363795519 0.3509067595 0.9273957014 -0.1378480047 0.3477573395
11.3 96.1 2686.7 0.3807238042 0.3111131191 -0.8707801104 0.0274617784 0.9374811053 0.3469509780 0.9242809415 -0.1560056657 0.3483776748
19.6 278.6 2526.1 -0.3676843941 0.2481242567 -0.8962379694 0.8968260884 0.3495392501 -0.2711554468 0.2459901124 -0.9034692645 -0.3510444462
116.1 43.5 2461.6 -0.9269495606 0.2481242567 -0.2814229727 0.3566052020 0.3495392501 -0.8664035201 -0.1166073531 -0.9034692645 -0.4124876261
126.4 286.4 2785.4 0.1977607012 0.9624770880 0.1858185232 -0.8309267759 0.2651638985 -0.4891306460 -0.5200493932 -0.0576707646 0.8521869779
201.0 -27.0 2589.3 -0.0968058854 0.9624770880 0.2535082400 0.1369706839 0.2651638985 -0.9544250369 -0.9858334661 -0.0576707646 -0.1575005800
-88.3 -96.5 2634.0 0.7936587334 0.0643585697 -0.6049494147 -0.1081726775 0.9934719205 -0.0362241194 0.5986689329 0.0941885859 0.7954395413
-113.9 -491.5 2596.5 0.8027881384 0.0437967218 -0.5946537256 -0.0027236687 0.9975576997 0.0697939396 0.5962581635 -0.0544101074 0.8009467721
