146.7 506.7 2633.4  0.3777479529 0.3171528876 -0.8698968291 -0.0018218984 0.9397590756 0.3418326080 0.9259066582 -0.1275417060 0.3555698991
83.7 319.9 2658.7 0.3777479529 0.3171528876 -0.8698968291 -0.0018218984 0.9397590756 0.3418326080 0.9259066582 -0.1275417060 0.3555698991
21.9 133.2 2687.4 0.3834061325 0.3107931614 -0.8697168231 0.0151108783 0.9394431710 0.3423713744 0.9234561920 -0.1444094628 0.3554919362
29.7 317.8 2528.8 -0.3629446328 0.2266805470 -0.9038180709 0.8936906457 0.3592767119 -0.2687699795 0.2637958527 -0.9052823782 -0.3329798281
134.5 59.9 2452.7 -0.9132777452 0.2266805470 -0.3384371698 0.4013842344 0.3592767119 -0.8425027728 -0.0693864003 -0.9052823782 -0.4191054106
137.6 322.1 2788.6 0.0990946516 0.9752852917 -0.1974811852 -0.7792606950 0.1994753629 0.5941063762 0.6188158393 0.0950165540 0.7797684073
176.3 17.6 3030.4 0.1334863454 0.9752852917 0.1760680676 -0.1892675757 0.1994753629 -0.9614506364 -0.9728099704 0.0950165540 0.2112171203
-73.0 -55.1 2637.0 0.4695691466 0.0994188935 -0.8772802949 -0.1157234609 0.9919980168 0.0504777990 0.8752787709 0.0778190941 0.4773167670
-112.5 -449.4 2606.1 0.4792723060 0.0665476322 -0.8751397133 -0.0104820644 0.9974841475 0.0701104626 0.8776036501 -0.0244287308 0.4787640870
0.2 -49.8 2805.1 0.6980415583 -0.1594631374 -0.6980755925 0.0010480266 0.9751144052 -0.2216998190 0.7160565257 0.1540240794 0.6808374524
63.5 -437.4 2743.9 0.7018252015 0.1872120351 -0.6873085499 0.0197574589 0.9593608379 0.2814895809 0.7120751143 -0.2111359537 0.6696048379
379.2 -47.7 2471.3 0 0 0 0 0 0 0 0 0
213.8 -35.6 2756.9 0 0 0 0 0 0 0 0 0
-133.5 -763.7 2613.8 0 0 0 0 0 0 0 0 0
7.2 -726.0 2807.4 0 0 0 0 0 0 0 0 0
150.2 508.6 2636.1  0.3736393154 0.3243730664 -0.8690084815 -0.0106281666 0.9382972121 0.3456666172 0.9275131822 -0.1199186668 0.3540322185
85.4 321.1 2660.0 0.3736393154 0.3243730664 -0.8690084815 -0.0106281666 0.9382972121 0.3456666172 0.9275131822 -0.1199186668 0.3540322185
22.6 134.5 2686.9 0.3792078197 0.3159866631 -0.8696860671 0.0056972620 0.9390694499 0.3436802030 0.9252939820 -0.1352810562 0.3543022275
32.0 320.3 2529.8 -0.3394951224 0.2976832986 -0.8922598958 0.9123704433 0.3349040747 -0.2354134321 0.2287428379 -0.8939932585 -0.3852957189
128.4 61.3 2464.9 -0.9040770531 0.2976832986 -0.3066421151 0.3996866047 0.3349040747 -0.8532818556 -0.1513120532 -0.8939932585 -0.4217590988
138.7 321.9 2790.2 0.0924456567 0.9757843614 -0.1982389688 -0.7847035527 0.1939517111 0.5887470841 0.6129389405 0.1011317149 0.7836314440
174.9 15.3 3029.7 0.1370694339 0.9757843614 0.1704607308 -0.1818813682 0.1939517111 -0.9640030861 -0.9737202525 0.1011317149 0.2040618509
-75.0 -54.9 2631.4 0.4673109651 0.0881217271 -0.8796902895 -0.1008494049 0.9938384891 0.0459829271 0.8783221841 0.0672279149 0.4733186662
-110.0 -449.9 2604.7 0.4763433933 0.0724118054 -0.8762724996 -0.0061852164 0.9968543053 0.0790139288 0.8792375922 -0.0322178304 0.4752928615
-4.6 -52.1 2800.7 0.6909654737 -0.1740972847 -0.7016102076 0.0140285054 0.9736124873 -0.2277761698 0.7227516174 0.1475429237 0.6751748919
64.6 -439.1 2742.1 0.6926932335 0.1913249195 -0.6953926086 0.0225432143 0.9579581618 0.2860208750 0.7208799720 -0.2138011009 0.6592580676
370.1 -45.6 2505.4 0 0 0 0 0 0 0 0 0
213.4 -35.9 2755.9 0 0 0 0 0 0 0 0 0
-132.7 -762.3 2614.8 0 0 0 0 0 0 0 0 0
7.7 -723.9 2805.7 0 0 0 0 0 0 0 0 0
149.0 507.2 2638.4  0.3937985003 0.3267836571 -0.8591479659 -0.0311079659 0.9388750196 0.3428498209 0.9186702371 -0.1082874015 0.3798931539
83.6 319.1 2660.1 0.3937985003 0.3267836571 -0.8591479659 -0.0311079659 0.9388750196 0.3428498209 0.9186702371 -0.1082874015 0.3798931539
21.3 131.9 2684.5 0.3997730017 0.3131270111 -0.8614714146 -0.0135495067 0.9417569041 0.3360213339 0.9165140390 -0.1226597503 0.3807317019
27.3 321.0 2531.2 -0.3195643723 0.3207686841 -0.8916199207 0.9254059196 0.3079504371 -0.2208855003 0.2037215978 -0.8956974745 -0.3952512145
117.4 60.0 2473.8 -0.9007864594 0.3207686841 -0.2927306294 0.3914565146 0.3079504371 -0.8671380281 -0.1880041808 -0.8956974745 -0.4029645622
139.8 317.2 2789.0 0.1057164222 0.9778929949 -0.1804144830 -0.7973596454 0.1917711794 0.5722249746 0.5941730738 0.0833616480 0.8000057340
181.1 5.7 3021.2 0.1152118519 0.9778929949 0.1745038033 -0.1614383757 0.1917711794 -0.9680709839 -0.9801346064 0.0833616480 0.1799637675
-75.0 -52.7 2628.9 0.4896791875 0.0843841136 -0.8678096533 -0.0859858692 0.9951275587 0.0482449867 0.8676524162 0.0509948023 0.4945490956
-108.5 -448.3 2608.6 0.4958705604 0.0769001767 -0.8649848104 -0.0199240688 0.9968166351 0.0771985948 0.8681678772 -0.0210464951 0.4958241880
-5.4 -51.7 2798.7 0.7228031754 -0.1760153025 -0.6682620645 0.0211959220 0.9722104073 -0.2331472039 0.6907288432 0.1543551087 0.7064475417
64.6 -438.2 2737.3 0.7228031754 0.1885458231 -0.6648353934 0.0211959220 0.9555585980 0.2940382957 0.6907288432 -0.2266235948 0.6866843700
358.7 -44.9 2524.1 0 0 0 0 0 0 0 0 0
213.5 -39.7 2745.7 0 0 0 0 0 0 0 0 0
-132.7 -761.6 2615.3 0 0 0 0 0 0 0 0 0
8.4 -722.8 2804.8 0 0 0 0 0 0 0 0 0
146.1 499.4 2647.6  0.3887417912 0.3212230802 -0.8635366559 -0.0600985624 0.9440994263 0.3241364360 0.9193845391 -0.0741080716 0.3863159418
81.9 310.7 2662.4 0.3887417912 0.3212230802 -0.8635366559 -0.0600985624 0.9440994263 0.3241364360 0.9193845391 -0.0741080716 0.3863159418
19.8 122.8 2681.2 0.3957787156 0.3121022880 -0.8636847734 -0.0391047634 0.9453532100 0.3236945868 0.9175129533 -0.0943372324 0.3863553405
26.2 316.2 2533.4 -0.2882904112 0.3362831473 -0.8965501785 0.9372076392 0.2910332382 -0.1922016293 0.1962917447 -0.8956636190 -0.3990692496
106.8 54.1 2478.5 -0.9024345279 0.3362831473 -0.2693056762 0.3715448380 0.2910332382 -0.8816201687 -0.2180971056 -0.8956636190 -0.3875827193
137.5 305.2 2791.5 0.1046137512 0.9771546125 -0.1849996597 -0.8137819767 0.1910387278 0.5488744378 0.5716772676 0.0931295753 0.8151760697
178.4 -12.7 3014.8 0.1198017225 0.9771546125 0.1755461693 -0.1331750154 0.1910387278 -0.9725063443 -0.9838251472 0.0931295753 0.1530193388
-77.6 -54.1 2624.8 0.4878851473 0.0860456526 -0.8686565757 -0.0879502073 0.9949113727 0.0491542928 0.8684657812 0.0524168722 0.4929701984
-111.9 -449.6 2604.0 0.4952118993 0.0625698939 -0.8665161133 -0.0011246632 0.9974484444 0.0713815913 0.8687714934 -0.0343744718 0.4940187335
-4.3 -56.5 2792.9 0.7113466859 -0.1736825407 -0.6810435057 0.0252941716 0.9746847153 -0.2221484929 0.7023860216 0.1407981515 0.6977318525
64.7 -444.0 2736.9 0.7113466859 0.1939196587 -0.6755598187 0.0252941716 0.9534980059 0.3003360033 0.7023860216 -0.2307307422 0.6733626127
348.6 -45.5 2536.9 0 0 0 0 0 0 0 0 0
212.1 -50.2 2738.2 0 0 0 0 0 0 0 0 0
-131.4 -761.4 2614.7 0 0 0 0 0 0 0 0 0
8.7 -719.7 2803.6 0 0 0 0 0 0 0 0 0
149.1 498.4 2651.7  0.4273484647 0.3278919756 -0.8425319791 -0.0965256169 0.9431356788 0.3180847168 0.8989194036 -0.0546071008 0.4346975684
83.5 309.7 2662.6 0.4273484647 0.3278919756 -0.8425319791 -0.0965256169 0.9431356788 0.3180847168 0.8989194036 -0.0546071008 0.4346975684
21.0 121.6 2676.7 0.4340113401 0.3138929904 -0.8444556594 -0.0769044384 0.9468260407 0.3124198020 0.8976190090 -0.0706513524 0.4350730181
22.5 320.5 2536.5 -0.2882923782 0.3678313494 -0.8840744495 0.9401582479 0.2838657498 -0.1884747893 0.1816315204 -0.8855056763 -0.4276559949
106.3 47.5 2483.8 -0.8948492408 0.3678313494 -0.2528733313 0.3670130372 0.2838657498 -0.8858451843 -0.2540595233 -0.8855056763 -0.3890159726
144.5 299.0 2788.7 0.1227637082 0.9815663695 -0.1464803219 -0.8362657428 0.1817902029 0.5173122883 0.5344049931 0.0589893013 0.8431675434
192.5 -27.5 2997.3 0.0772348568 0.9815663695 0.1748204529 -0.0949748680 0.1817902029 -0.9787400365 -0.9924789667 0.0589893013 0.1072646827
-78.5 -61.4 2615.8 0.5280683637 0.0815419480 -0.8452779055 -0.0742841661 0.9959991574 0.0496743098 0.8459466100 0.0365593359 0.5320128798
-111.0 -457.4 2601.2 0.5349404812 0.0671833009 -0.8422144055 0.0034841278 0.9966496229 0.0817155540 0.8448825479 -0.0466473401 0.5329141617
-5.9 -68.6 2784.0 0.7301188111 -0.1753428280 -0.6604403257 0.0549808070 0.9784573913 -0.1989929527 0.6811047196 0.1089769527 0.7240306735
63.8 -457.4 2740.7 0.7216029763 0.2021939307 -0.6621229053 0.0112817865 0.9528391957 0.3032658696 0.6922151446 -0.2263074815 0.6852905154
346.2 -50.9 2551.9 0 0 0 0 0 0 0 0 0
214.1 -54.1 2718.7 0 0 0 0 0 0 0 0 0
-131.5 -762.1 2615.5 0 0 0 0 0 0 0 0 0
8.4 -718.3 2802.7 0 0 0 0 0 0 0 0 0
153.0 499.2 2644.2  0.4424597919 0.3376706243 -0.8307874799 -0.0977987871 0.9390463829 0.3295865059 0.8914396763 -0.0645787716 0.4485140443
85.3 310.8 2657.2 0.4424597919 0.3376706243 -0.8307874799 -0.0977987871 0.9390463829 0.3295865059 0.8914396763 -0.0645787716 0.4485140443
22.2 122.9 2672.3 0.4488942921 0.3172463775 -0.8353733420 -0.0792851821 0.9453095198 0.3163918853 0.8900605440 -0.0757937804 0.4494969845
22.2 321.9 2532.1 -0.2028590143 0.4047984481 -0.8916200995 0.9597250819 0.2629253566 -0.0989850909 0.1943605393 -0.8757901788 -0.4418320060
81.2 42.8 2475.5 -0.8697683811 0.4047984481 -0.2822077274 0.4063033462 0.2629253566 -0.8750930429 -0.2800367177 -0.8757901788 -0.3931551278
148.4 299.6 2782.3 0.1281421930 0.9832442403 -0.1296547800 -0.8369084001 0.1773519069 0.5178133249 0.5321314931 0.0421554446 0.8456116319
198.5 -27.3 2990.2 0.0597510524 0.9832442403 0.1722225100 -0.0950710922 0.1773519069 -0.9795446992 -0.9936756492 0.0421554446 0.1040750667
-81.2 -59.4 2608.5 0.5435557961 0.0707787573 -0.8363835812 -0.0583028048 0.9972154498 0.0464988127 0.8373457193 0.0234888103 0.5461688042
-109.4 -455.8 2599.2 0.5498431325 0.0695325434 -0.8323687315 0.0120863942 0.9957624078 0.0911657363 0.8351804614 -0.0601871908 0.5466727018
-1.7 -73.5 2772.9 0.7398127913 -0.1587790996 -0.6538090706 0.0637390763 0.9839241505 -0.1668248773 0.6697868109 0.0817459822 0.7380400896
61.4 -464.4 2740.4 0.7328085899 0.1926283538 -0.6525992751 0.0264121946 0.9503160715 0.3101641536 0.6799219847 -0.2445275337 0.6913120747
314.8 -66.3 2550.8 0 0 0 0 0 0 0 0 0
215.2 -54.0 2711.0 0 0 0 0 0 0 0 0 0
-130.8 -763.2 2617.7 0 0 0 0 0 0 0 0 0
8.6 -724.6 2807.4 0 0 0 0 0 0 0 0 0
156.5 501.4 2641.0  0.5346443057 0.3342132866 -0.7761809826 -0.1296256334 0.9400371313 0.3154796362 0.8350764513 -0.0680564418 0.5459080935
89.7 313.5 2654.6 0.5346443057 0.3342132866 -0.7761809826 -0.1296256334 0.9400371313 0.3154796362 0.8350764513 -0.0680564418 0.5459080935
27.0 125.5 2669.1 0.5395846367 0.3153166175 -0.7806560397 -0.1152793244 0.9461574554 0.3024843037 0.8340018988 -0.0732223764 0.5468814969
14.3 329.6 2538.0 -0.1480209231 0.4175730646 -0.8965057135 0.9639034867 0.2637669742 -0.0362918936 0.2213140875 -0.8695169687 -0.4415431619
58.4 42.6 2472.1 -0.8595042825 0.4175730646 -0.2947629094 0.4250907600 0.2637669742 -0.8658665419 -0.2838138044 -0.8695169687 -0.4042152762
165.2 297.4 2771.2 0.1744865775 0.9840751886 -0.0339179337 -0.8585342765 0.1689134985 0.4841354489 0.4821549058 -0.0553554334 0.8743354082
233.2 -37.2 2959.1 -0.0462730713 0.9840751886 0.1716239899 -0.0572428554 0.1689134985 -0.9839672446 -0.9972873330 -0.0553554334 0.0485151298
-82.1 -57.7 2605.8 0.6314768195 0.0635122880 -0.7727892399 -0.0493284687 0.9979114532 0.0417058878 0.7738240957 0.0117842099 0.6332908869
-107.3 -454.4 2601.1 0.6352687478 0.0727824643 -0.7688539028 -0.0057654465 0.9959685206 0.0895182267 0.7722696066 -0.0524353497 0.6331273317
0.2 -72.2 2768.9 0.7992938757 -0.1530809850 -0.5811157823 0.0852092579 0.9861106277 -0.1425663531 0.5948686600 0.0644359663 0.8012360930
61.0 -464.1 2743.3 0.7844566107 0.1916471720 -0.5898298025 -0.0068901042 0.9536910057 0.3007091284 0.6201454401 -0.2318292707 0.7494496703
291.7 -72.8 2549.2 0 0 0 0 0 0 0 0 0
220.3 -53.2 2680.5 0 0 0 0 0 0 0 0 0
-129.7 -759.9 2617.2 0 0 0 0 0 0 0 0 0
8.9 -723.4 2806.3 0 0 0 0 0 0 0 0 0
157.7 503.9 2641.9  0.5662777424 0.3345524073 -0.7532623410 -0.1421685070 0.9398646355 0.3105519712 0.8118605614 -0.0687684864 0.5797872543
90.8 315.8 2655.7 0.5662777424 0.3345524073 -0.7532623410 -0.1421685070 0.9398646355 0.3105519712 0.8118605614 -0.0687684864 0.5797872543
25.7 128.7 2672.3 0.5716129541 0.3272680938 -0.7524321675 -0.1270040125 0.9412525296 0.3129115999 0.8106346726 -0.0833024308 0.5795965195
10.6 333.6 2542.1 -0.0609052964 0.3274487555 -0.9429039359 0.9680201411 0.2497035861 0.0241886470 0.2433670461 -0.9112768173 -0.3321852386
28.7 47.0 2470.0 -0.8699113131 0.3274487555 -0.3688246012 0.4561380744 0.2497035861 -0.8541581631 -0.1875961870 -0.9112768173 -0.3665818274
170.9 298.0 2769.2 0.1814575046 0.9833542705 0.0093565993 -0.8624276519 0.1545567364 0.4820069671 0.4725374877 -0.0955331698 0.8761174083
241.7 -38.6 2953.7 -0.0883876383 0.9833542705 0.1587513536 -0.0524775051 0.1545567364 -0.9865892529 -0.9947028160 -0.0955331698 0.0379430726
-84.9 -52.1 2607.7 0.6627740860 0.0532995425 -0.7469201088 -0.0506768562 0.9983693957 0.0262749977 0.7471026182 0.0204371735 0.6643944383
-106.1 -449.0 2599.6 0.6661711931 0.0704073757 -0.7424680591 -0.0103450501 0.9963104129 0.0851969719 0.7457271218 -0.0490748957 0.6644416451
13.5 -73.1 2759.7 0.8239464760 -0.1173007861 -0.5543940067 0.0740407556 0.9922387004 -0.0999014378 0.5618097186 0.0412656851 0.8262366056
60.0 -467.1 2743.3 0.8107591271 0.1872798055 -0.5546133518 -0.0084770406 0.9510985017 0.3087713718 0.5853185654 -0.2456377149 0.7726993561
267.1 -78.1 2521.4 0 0 0 0 0 0 0 0 0
216.9 -53.3 2675.1 0 0 0 0 0 0 0 0 0
-127.8 -756.6 2614.7 0 0 0 0 0 0 0 0 0
8.9 -726.7 2810.3 0 0 0 0 0 0 0 0 0
156.4 490.8 2639.3  0.5960764289 0.3505926132 -0.7223418355 -0.1675368845 0.9341406822 0.3151389360 0.7852542996 -0.0668279976 0.6155564189
86.2 303.7 2652.7 0.5960764289 0.3505926132 -0.7223418355 -0.1675368845 0.9341406822 0.3151389360 0.7852542996 -0.0668279976 0.6155564189
20.4 116.7 2667.0 0.6018424034 0.3307387233 -0.7269096375 -0.1516679525 0.9409832954 0.3025677502 0.7840806842 -0.0718492195 0.6164861321
1.7 325.0 2542.7 -0.0231003575 0.2561940849 -0.9663493037 0.9627289176 0.2662512958 0.0475735031 0.2694798112 -0.9292334914 -0.2527959347
8.3 49.7 2465.7 -0.8869387507 0.2561940849 -0.3843230903 0.4469622970 0.2662512958 -0.8540111184 -0.1164660603 -0.9292334914 -0.3506576717
170.6 282.4 2762.7 0.1936229318 0.9799549580 0.0468870997 -0.8753490448 0.1509780735 0.4593143761 0.4430284798 -0.1299763769 0.8870354295
246.2 -59.3 2935.6 -0.1274856329 0.9799549580 0.1530870795 -0.0261030439 0.1509780735 -0.9881924391 -0.9914968610 -0.1299763769 0.0063322722
-91.6 -46.8 2614.8 0.6920925975 0.0307715684 -0.7211524844 -0.0510741435 0.9986743331 -0.0064026136 0.7199994922 0.0412634462 0.6927467585
-103.8 -443.6 2598.4 0.6948177218 0.0786151662 -0.7148761749 -0.0206715390 0.9957799315 0.0894147158 0.7188887596 -0.0473493375 0.6935106516
12.9 -70.0 2762.9 0.8430410028 -0.1199559495 -0.5243018270 0.0777909383 0.9917563200 -0.1018232480 0.5321939588 0.0450552404 0.8454227448
60.6 -464.1 2745.0 0.8271208405 0.1878409088 -0.5297045708 -0.0303541087 0.9560489655 0.2916315794 0.5612038970 -0.2251358330 0.7964697480
253.5 -73.8 2497.9 0 0 0 0 0 0 0 0 0
210.4 -66.6 2657.7 0 0 0 0 0 0 0 0 0
-128.2 -753.5 2613.1 0 0 0 0 0 0 0 0 0
9.9 -722.0 2805.7 0 0 0 0 0 0 0 0 0
155.6 493.2 2647.6  0.5970281363 0.3506475091 -0.7215287685 -0.1869776100 0.9354667068 0.2999023795 0.7801261544 -0.0441404358 0.6240631342
86.2 308.1 2656.3 0.5970281363 0.3506475091 -0.7215287685 -0.1869776100 0.9354667068 0.2999023795 0.7801261544 -0.0441404358 0.6240631342
19.4 121.2 2665.1 0.6003208756 0.3362243772 -0.7256500721 -0.1779832691 0.9407476187 0.2886449099 0.7797030210 -0.0441259965 0.6245927811
1.9 333.1 2546.8 0.0250583682 0.1762689352 -0.9840230346 0.9538322687 0.2904801667 0.0763235316 0.2992926538 -0.9405054450 -0.1608520448
-5.5 53.2 2459.0 -0.9035565853 0.1762689352 -0.3905314505 0.4268231392 0.2904801667 -0.8564130068 -0.0375173762 -0.9405054450 -0.3377009332
170.6 283.1 2765.8 0.1888818741 0.9808098078 0.0483296663 -0.8887411952 0.1498034596 0.4332412183 0.4176872969 -0.1247839853 0.8999812603
244.3 -63.9 2928.9 -0.1267363727 0.9808098078 0.1481553614 0.0035197854 0.1498034596 -0.9887095094 -0.9919301867 -0.1247839853 -0.0224377885
-100.5 -56.4 2609.7 0.6924291849 0.0030448521 -0.7214794159 -0.0141422134 0.9998562336 -0.0093530975 0.7213472128 0.0166796744 0.6923727393
-101.7 -453.6 2603.0 0.6906549335 0.0856793076 -0.7180910707 -0.0368610770 0.9958370328 0.0833659470 0.7222443819 -0.0311074946 0.6909379959
9.6 -84.2 2753.1 0.8383229971 -0.1251370907 -0.5306178331 0.0964333862 0.9919898510 -0.0815886781 0.5365772843 0.0172283892 0.8436753154
59.4 -478.4 2746.2 0.8181385398 0.2096721381 -0.5354315042 -0.0252169762 0.9433377385 0.3308745623 0.5744679570 -0.2571992576 0.7770682573
244.9 -65.1 2469.4 0 0 0 0 0 0 0 0 0
208.7 -62.9 2650.4 0 0 0 0 0 0 0 0 0
-127.5 -754.0 2612.4 0 0 0 0 0 0 0 0 0
-8.9 -785.7 2830.0 0 0 0 0 0 0 0 0 0
159.1 491.3 2644.2  0.6133814454 0.3730248809 -0.6961433887 -0.2073944211 0.9265747666 0.3137622774 0.7620700598 -0.0480797030 0.6457070708
84.9 307.0 2653.7 0.6133814454 0.3730248809 -0.6961433887 -0.2073944211 0.9265747666 0.3137622774 0.7620700598 -0.0480797030 0.6457070708
14.8 121.2 2663.4 0.6185778975 0.3526153564 -0.7021565437 -0.1940668225 0.9345219731 0.2983399630 0.7613799572 -0.0482812114 0.6465055346
-2.0 334.3 2546.7 0.0455736294 0.0875982195 -0.9951128364 0.9432852864 0.3241406083 0.0717336461 0.3288402259 -0.9419444799 -0.0678578466
-15.4 57.9 2450.4 -0.9099200964 0.0875982195 -0.4054281116 0.4108800292 0.3241406083 -0.8521211743 0.0567714162 -0.9419444799 -0.3309344351
171.9 279.6 2760.7 0.1838146150 0.9795606732 0.0816891193 -0.8945751190 0.1322665960 0.4268968701 0.4073666334 -0.1515469402 0.9006031156
243.7 -69.8 2919.9 -0.1544918865 0.9795606732 0.1288145185 0.0122343088 0.1322665960 -0.9911386967 -0.9879183173 -0.1515469402 -0.0324183628
-102.5 -49.4 2602.5 0.7123554349 0.0006813272 -0.7018185258 -0.0089798458 0.9999265075 -0.0081439354 0.7017614245 0.0121035986 0.7123091817
-102.8 -446.8 2597.7 0.7112482786 0.0797907338 -0.6983976960 -0.0237787683 0.9956992865 0.0895406231 0.7025386095 -0.0470785759 0.7100867033
7.5 -82.0 2745.3 0.8492451906 -0.1334261000 -0.5108621120 0.1233520284 0.9909064770 -0.0537457690 0.5133876801 -0.0173725430 0.8579809070
60.5 -475.6 2752.2 0.8239177465 0.2139109671 -0.5247872472 -0.0531266518 0.9511018991 0.3042740524 0.5642136931 -0.2228166014 0.7949941158
237.8 -56.4 2434.6 0 0 0 0 0 0 0 0 0
200.3 -66.4 2642.4 0 0 0 0 0 0 0 0 0
-127.5 -755.2 2612.3 0 0 0 0 0 0 0 0 0
-15.2 -812.2 2831.0 0 0 0 0 0 0 0 0 0
159.9 489.6 2641.5  0.5932295918 0.3759437799 -0.7118601799 -0.2032993138 0.9255614281 0.3193828166 0.7789403200 -0.0447466671 0.6254995465
85.2 305.8 2650.4 0.5932295918 0.3759437799 -0.7118601799 -0.2032993138 0.9255614281 0.3193828166 0.7789403200 -0.0447466671 0.6254995465
13.7 120.6 2660.5 0.5990045667 0.3598792255 -0.7153184414 -0.1887238175 0.9315992594 0.3106543720 0.7781882286 -0.0510857478 0.6259499788
1.0 332.3 2541.0 0.0692132860 -0.0589113086 -0.9958609343 0.9434378743 0.3283220530 0.0461475663 0.3242444694 -0.9427269697 0.0783034042
-18.8 63.0 2448.4 -0.9226228595 -0.0589113086 -0.3811778426 0.3426907063 0.3283220530 -0.8802089095 0.1770033538 -0.9427269697 -0.2827290595
169.4 279.2 2759.8 0.1682323366 0.9837226868 0.0631466731 -0.8907086849 0.1242569163 0.4372621775 0.4222983122 -0.1298069358 0.8971143961
235.1 -68.7 2924.7 -0.1309344172 0.9837226868 0.1230682656 0.0009158156 0.1242569163 -0.9922496676 -0.9913905859 -0.1298069358 -0.0171704162
-111.9 -46.7 2603.3 0.6951835155 -0.0281176511 -0.7182821631 0.0158495978 0.9995913506 -0.0237897895 0.7186575532 0.0051537864 0.6953451037
-100.7 -443.8 2601.2 0.6914231777 0.0902506262 -0.7167906761 -0.0360025056 0.9952380657 0.0905813873 0.7215523720 -0.0368238091 0.6913799047
1.4 -82.3 2742.8 0.8352823853 -0.1551638246 -0.5274727941 0.1405300945 0.9877371192 -0.0680200905 0.5315586925 -0.0173098166 0.8468445539
63.1 -474.7 2749.7 0.8062028289 0.2314660400 -0.5444818735 -0.0356387943 0.9376218915 0.3458251655 0.5905649066 -0.2594005466 0.7641626000
238.4 -32.5 2399.1 0 0 0 0 0 0 0 0 0
198.3 -68.5 2646.2 0 0 0 0 0 0 0 0 0
-128.7 -752.5 2612.7 0 0 0 0 0 0 0 0 0
-22.0 -819.6 2845.1 0 0 0 0 0 0 0 0 0
161.0 487.8 2649.1  0.5784149170 0.3742664456 -0.7248177528 -0.2303878963 0.9273141026 0.2949745059 0.7825328112 -0.0036284353 0.6225987673
86.8 303.9 2649.8 0.5784149170 0.3742664456 -0.7248177528 -0.2303878963 0.9273141026 0.2949745059 0.7825328112 -0.0036284353 0.6225987673
14.4 118.9 2654.8 0.5870354772 0.3641122580 -0.7230571508 -0.2086919546 0.9310230613 0.2994055748 0.7822001576 -0.0248654708 0.6225308776
4.2 333.3 2539.9 0.0530925430 -0.0890769362 -0.9946087003 0.9292305112 0.3691300750 0.0165434238 0.3656663597 -0.9250990748 0.1023710594
-10.9 68.6 2435.7 -0.9084731936 -0.0890769362 -0.4083401859 0.3506660759 0.3691300750 -0.8606836200 0.2273976952 -0.9250990748 -0.3041085303
169.3 274.6 2759.8 0.1590899080 0.9859086871 0.0517151132 -0.9006319642 0.1234730631 0.4166730642 0.4044161737 -0.1128647625 0.9075841904
231.5 -77.3 2917.8 -0.1166422665 0.9859086871 0.1199109405 0.0237818621 0.1234730631 -0.9920629263 -0.9928892255 -0.1128647625 -0.0378489234
-112.8 -47.2 2599.4 0.6844835281 -0.0270313639 -0.7285270095 0.0104962466 0.9995741844 -0.0272266436 0.7289527655 0.0109893903 0.6844757795
-102.1 -444.6 2595.0 0.6827474236 0.0874238461 -0.7254054546 -0.0110720070 0.9939398766 0.1093659550 0.7305706143 -0.0666376278 0.6795778275
-3.0 -81.8 2742.0 0.8238936663 -0.1695650965 -0.5407835841 0.1508470327 0.9853831530 -0.0791530684 0.5463006496 -0.0163618848 0.8374293447
64.4 -473.5 2748.5 0.7931537032 0.2357468903 -0.5615430474 -0.0324518792 0.9370912910 0.3475727141 0.6081562638 -0.2574554682 0.7509078979
243.8 -29.7 2371.9 0 0 0 0 0 0 0 0 0
198.7 -70.6 2638.8 0 0 0 0 0 0 0 0 0
-129.6 -757.2 2616.0 0 0 0 0 0 0 0 0 0
-24.0 -824.9 2845.1 0 0 0 0 0 0 0 0 0
162.0 491.4 2653.0  0.5672019720 0.3780225515 -0.7316972613 -0.2313513309 0.9257963300 0.2989610136 0.7904166579 -0.0002921606 0.6125695705
87.4 308.6 2653.0 0.5672019720 0.3780225515 -0.7316972613 -0.2313513309 0.9257963300 0.2989610136 0.7904166579 -0.0002921606 0.6125695705
14.2 123.9 2656.2 0.5741918087 0.3683183789 -0.7311944366 -0.2139750272 0.9295634031 0.3002109230 0.7902647853 -0.0159213021 0.6125586033
6.6 338.7 2541.9 0.0236532670 -0.0977068171 -0.9949341416 0.9151620865 0.4026932418 -0.0177894216 0.4023914039 -0.9101052284 0.0989425927
-0.3 71.9 2424.5 -0.9038453102 -0.0977068171 -0.4165537953 0.3468565047 0.4026932418 -0.8470706344 0.2505079806 -0.9101052284 -0.3300821483
168.2 278.5 2764.2 0.1491941959 0.9880140424 0.0396149121 -0.9027295113 0.1197481528 0.4132067561 0.4035102725 -0.0974095985 0.9097751379
226.5 -74.2 2921.8 -0.1014138460 0.9880140424 0.1163764670 0.0277979393 0.1197481528 -0.9924150705 -0.9944558740 -0.0974095985 -0.0396088734
-111.8 -47.0 2588.0 0.6725673079 -0.0250617042 -0.7396115065 0.0375127941 0.9992961287 0.0002512324 0.7390846014 -0.0279138647 0.6730340123
-101.8 -443.9 2599.1 0.6688386798 0.0876046568 -0.7382277846 -0.0157070458 0.9944759607 0.1037826687 0.7432416081 -0.0578184873 0.6665199995
-4.1 -85.2 2731.4 0.8144355416 -0.1639140844 -0.5566209555 0.1554162502 0.9858438373 -0.0629102737 0.5590532422 -0.0352715775 0.8283811808
61.1 -477.1 2745.5 0.7872216105 0.2236198187 -0.5746967196 -0.0113381613 0.9370263815 0.3490745723 0.6165660024 -0.2682830393 0.7401828170
252.2 -25.0 2354.5 0 0 0 0 0 0 0 0 0
198.0 -66.4 2642.3 0 0 0 0 0 0 0 0 0
-129.6 -759.5 2617.5 0 0 0 0 0 0 0 0 0
-23.6 -831.9 2847.0 0 0 0 0 0 0 0 0 0
166.2 496.1 2654.4  0.6230847239 0.3700864315 -0.6890584230 -0.2363502979 0.9288790226 0.2851706743 0.7455896735 -0.0148263304 0.6662403345
92.6 311.3 2657.3 0.6230847239 0.3700864315 -0.6890584230 -0.2363502979 0.9288790226 0.2851706743 0.7455896735 -0.0148263304 0.6662403345
22.1 125.5 2662.9 0.6307178140 0.3548439145 -0.6901310682 -0.2167301625 0.9344894886 0.2824135125 0.7451329231 -0.0285510197 0.6663045287
4.1 341.7 2552.7 -0.0381698795 -0.1090912297 -0.9932986498 0.8942564130 0.4398532212 -0.0826717988 0.4459243715 -0.8914192319 0.0807663873
15.5 72.9 2418.7 -0.8983409405 -0.1090912297 -0.4255380929 0.3402763307 0.4398532212 -0.8311083913 0.2778409421 -0.8914192319 -0.3580169976
181.1 280.9 2761.9 0.1875173748 0.9772800803 0.0987970233 -0.9064139724 0.1334043741 0.4007704854 0.3784850538 -0.1647024304 0.9108359814
254.3 -73.0 2909.6 -0.1712497473 0.9772800803 0.1248885170 0.0391102843 0.1334043741 -0.9902896881 -0.9844510555 -0.1647024304 -0.0610671677
-111.7 -41.3 2586.9 0.7218580246 -0.0233616065 -0.6916466951 0.0465868302 0.9988033175 0.0148853846 0.6904712915 -0.0429667644 0.7220825553
-102.4 -438.2 2603.9 0.7172109485 0.0859051570 -0.6915408373 -0.0358562507 0.9956072569 0.0864899009 0.6959330440 -0.0372354425 0.7171406746
-6.3 -80.5 2731.8 0.8469607830 -0.1768973917 -0.5013629198 0.1735514849 0.9833554626 -0.0537768379 0.5025309324 -0.0414654128 0.8635642529
64.0 -471.4 2748.3 0.8141654730 0.2360180318 -0.5304998159 -0.0520501733 0.9396466017 0.3381642699 0.5782952309 -0.2477090508 0.7773125768
266.9 -22.3 2341.0 0 0 0 0 0 0 0 0 0
206.3 -62.0 2633.5 0 0 0 0 0 0 0 0 0
-130.2 -760.5 2616.0 0 0 0 0 0 0 0 0 0
-25.8 -828.8 2842.5 0 0 0 0 0 0 0 0 0
160.6 493.3 2646.6  0.5900875926 0.3502765000 -0.7273946404 -0.1819682866 0.9354984760 0.3028698266 0.7865647674 -0.0463569835 0.6157652736
90.9 307.2 2655.8 0.5900875926 0.3502765000 -0.7273946404 -0.1819682866 0.9354984760 0.3028698266 0.7865647674 -0.0463569835 0.6157652736
24.5 120.4 2667.1 0.5965548158 0.3336824775 -0.7299166918 -0.1642251760 0.9409800172 0.2959505320 0.7855905294 -0.0566800199 0.6161451936
7.3 330.2 2545.7 -0.0978003219 -0.0971780792 -0.9904501438 0.8759614229 0.4639644325 -0.1320172250 0.4723628461 -0.8805074692 0.0397483818
35.7 76.1 2408.6 -0.8843880296 -0.0971780792 -0.4565240741 0.3655503988 0.4639644325 -0.8069137931 0.2902252674 -0.8805074692 -0.3748010993
174.5 284.3 2765.9 0.1881215423 0.9812431931 0.0420960188 -0.8819164038 0.1499049813 0.4469361305 0.4322426319 -0.1212034822 0.8935748339
247.9 -59.7 2934.5 -0.1207710579 0.9812431931 0.1502535790 -0.0120190997 0.1499049813 -0.9886273742 -0.9926075935 -0.1212034822 -0.0063105230
-106.0 -40.4 2600.3 0.6864345074 -0.0013024801 -0.7271904349 -0.0010122599 0.9999957085 -0.0027466321 0.7271909118 0.0026214889 0.6864302754
-105.5 -437.4 2599.2 0.6856242418 0.0757947117 -0.7239990234 -0.0122283604 0.9956235886 0.0926505998 0.7278529406 -0.0546701737 0.6835504770
9.4 -80.1 2736.6 0.8315751553 -0.1297253221 -0.5400501490 0.1241297722 0.9911546707 -0.0469486490 0.5413636565 -0.0279949717 0.8403223753
60.9 -473.6 2747.7 0.8064525723 0.2173143774 -0.5499169827 -0.0363002792 0.9464567304 0.3207833171 0.5901834965 -0.2387343794 0.7711610198
284.6 -26.8 2327.0 0 0 0 0 0 0 0 0 0
214.0 -63.0 2656.4 0 0 0 0 0 0 0 0 0
-130.2 -762.1 2617.1 0 0 0 0 0 0 0 0 0
-21.9 -834.5 2838.8 0 0 0 0 0 0 0 0 0
156.0 491.3 2642.2  0.5506857634 0.3364320993 -0.7639101148 -0.1421241164 0.9396054745 0.3113556206 0.8225241303 -0.0628890470 0.5652424693
89.1 304.5 2654.7 0.5506857634 0.3364320993 -0.7639101148 -0.1421241164 0.9396054745 0.3113556206 0.8225241303 -0.0628890470 0.5652424693
25.1 117.0 2669.4 0.5565701723 0.3212922812 -0.7661598921 -0.1252712756 0.9441056848 0.3049123585 0.8213018775 -0.0737272874 0.5657097697
11.1 322.0 2539.6 -0.1683798283 -0.1021711007 -0.9804128408 0.8682757020 0.4554680288 -0.1965863556 0.4666321278 -0.8843697906 0.0120210545
58.3 78.8 2408.9 -0.8824626207 -0.1021711007 -0.4591522515 0.3688447475 0.4554680288 -0.8102483749 0.2919131219 -0.8843697906 -0.3642482162
167.1 286.9 2769.8 0.1785954088 0.9838438630 -0.0124453213 -0.8622952104 0.1625975966 0.4795925319 0.4738677442 -0.0749214888 0.8774030805
236.7 -49.4 2954.6 -0.0676703677 0.9838438630 0.1657465845 -0.0496925898 0.1625975966 -0.9854403138 -0.9964694381 -0.0749214888 0.0378867090
-96.4 -51.5 2606.7 0.6464301348 0.0295925140 -0.7623990774 -0.0271352790 0.9995070696 0.0157881416 0.7624905109 0.0104819816 0.6469144821
-108.2 -448.4 2602.5 0.6473607421 0.0673311129 -0.7592039108 -0.0141681060 0.9969813228 0.0763378367 0.7620520592 -0.0386616364 0.6463605165
12.6 -81.5 2750.3 0.8080604672 -0.1250378639 -0.5756768584 0.0961058065 0.9921036363 -0.0805855319 0.5812073350 0.0097920932 0.8136965632
62.2 -475.4 2746.4 0.7851144671 0.2266567647 -0.5763869882 -0.0277628954 0.9425749779 0.3328387737 0.6187281013 -0.2453143746 0.7463219166
306.1 -24.8 2326.9 0 0 0 0 0 0 0 0 0
217.8 -63.3 2675.5 0 0 0 0 0 0 0 0 0
-129.2 -759.6 2614.6 0 0 0 0 0 0 0 0 0
-24.3 -835.3 2840.0 0 0 0 0 0 0 0 0 0
159.3 493.3 2639.5  0.5622593760 0.3548770547 -0.7469449043 -0.1453763694 0.9315912127 0.3331719935 0.8140823841 -0.0787409246 0.5753865838
88.7 308.0 2655.1 0.5622593760 0.3548770547 -0.7469449043 -0.1453763694 0.9315912127 0.3331719935 0.8140823841 -0.0787409246 0.5753865838
21.8 121.7 2672.4 0.5682205558 0.3366689384 -0.7508524656 -0.1292632520 0.9376640916 0.3226097524 0.8126600981 -0.0862558484 0.5763189197
8.9 326.1 2541.0 -0.2385083884 -0.0937452689 -0.9666051865 0.8633004427 0.4353882968 -0.2552438080 0.4447764754 -0.8953484297 -0.0229134336
78.0 76.2 2412.3 -0.8769400716 -0.0937452689 -0.4713681638 0.3896704316 0.4353882968 -0.8115380406 0.2813060284 -0.8953484297 -0.3452796936
168.5 289.8 2769.3 0.1723485738 0.9849753380 0.0109360851 -0.8616174459 0.1453644186 0.4862968028 0.4774006307 -0.0932352841 0.8737252355
235.8 -46.6 2955.7 -0.0859447420 0.9849753380 0.1497902870 -0.0556653105 0.1453644186 -0.9878109694 -0.9947436452 -0.0932352841 0.0423356481
-89.7 -59.1 2609.2 0.6582217813 0.0521780774 -0.7510136366 -0.0445097536 0.9985473752 0.0303656124 0.7515071034 0.0134401266 0.6595880389
-110.5 -455.8 2603.8 0.6602689028 0.0656974018 -0.7481502891 -0.0172032304 0.9972282052 0.0723872557 0.7508322597 -0.0349244513 0.6595689654
11.9 -82.0 2759.3 0.8198208213 -0.1303750128 -0.5575806499 0.0827914625 0.9904919267 -0.1098697111 0.5666034222 0.0439105555 0.8228198290
63.7 -475.3 2741.8 0.7984115481 0.2371730208 -0.5534328818 -0.0206031259 0.9293757081 0.3685597181 0.6017595530 -0.2828598619 0.7469108105
323.2 -32.8 2333.6 0 0 0 0 0 0 0 0 0
211.7 -62.2 2676.5 0 0 0 0 0 0 0 0 0
-130.4 -758.2 2614.4 0 0 0 0 0 0 0 0 0
-26.8 -830.1 2849.8 0 0 0 0 0 0 0 0 0
154.0 496.4 2638.1  0.5352168679 0.3427641094 -0.7720464468 -0.1135184914 0.9348680973 0.3363556862 0.8370522261 -0.0923816934 0.5392672420
85.7 310.2 2656.5 0.5352168679 0.3427641094 -0.7720464468 -0.1135184914 0.9348680973 0.3363556862 0.8370522261 -0.0923816934 0.5392672420
20.5 123.6 2676.7 0.5406242013 0.3274342120 -0.7749272585 -0.0983960107 0.9394349456 0.3282990158 0.8354901075 -0.1012366414 0.5400995016
9.8 324.0 2539.2 -0.2955244482 -0.0409135222 -0.9544587135 0.8487496972 0.4473443031 -0.2819699943 0.4385080338 -0.8934255242 -0.0974758416
94.5 80.8 2413.5 -0.8828144073 -0.0409135222 -0.4679366946 0.4025828242 0.4473443031 -0.7986301780 0.2420035899 -0.8934255242 -0.3784509301
161.6 296.4 2773.9 0.1662657857 0.9857280254 -0.0263808556 -0.8453375697 0.1562580019 0.5108696222 0.5077007413 -0.0626394153 0.8592532873
226.5 -33.6 2972.1 -0.0497763865 0.9857280254 0.1608184427 -0.0849187970 0.1562580019 -0.9840590358 -0.9951437712 -0.0626394153 0.0759288743
-97.2 -52.8 2615.2 0.6306125522 0.0361549221 -0.7752552032 -0.0416153260 0.9990524650 0.0127409883 0.7749812603 0.0242278706 0.6315196157
-111.6 -449.7 2605.6 0.6327024102 0.0621044077 -0.7719007134 -0.0124132270 0.9974642992 0.0700777322 0.7742955685 -0.0347565673 0.6318689585
6.8 -76.4 2764.0 0.8028205633 -0.1435204148 -0.5786890984 0.0773961395 0.9874692559 -0.1375294179 0.5911759734 0.0656231418 0.8038685322
63.8 -468.7 2737.9 0.7874464393 0.2210668772 -0.5753759742 0.0015188331 0.9327726960 0.3604619503 0.6163811684 -0.2847183943 0.7341727614
340.9 -31.6 2346.0 0 0 0 0 0 0 0 0 0
212.6 -57.5 2692.8 0 0 0 0 0 0 0 0 0
-130.8 -757.6 2616.3 0 0 0 0 0 0 0 0 0
-20.6 -825.0 2846.7 0 0 0 0 0 0 0 0 0
151.2 501.5 2639.5  0.4870882332 0.3342617750 -0.8068544865 -0.0845944807 0.9375719428 0.3373464644 0.8692461252 -0.0960620567 0.4849569499
84.6 314.5 2658.6 0.4870882332 0.3342617750 -0.8068544865 -0.0845944807 0.9375719428 0.3373464644 0.8692461252 -0.0960620567 0.4849569499
20.9 127.5 2680.5 0.4933646619 0.3199709654 -0.8088324070 -0.0665718541 0.9410448074 0.3316667378 0.8672713041 -0.1097871810 0.4855793118
15.4 323.9 2536.9 -0.3193784058 0.0340995602 -0.9470135570 0.8513803482 0.4491499066 -0.2709535658 0.4161116481 -0.8928054571 -0.1724804789
106.5 80.9 2418.2 -0.9015609622 0.0340995602 -0.4313061535 0.3993449807 0.4491499066 -0.7992420793 0.1664673239 -0.8928054571 -0.4185535312
153.8 305.2 2780.3 0.1479899883 0.9855807424 -0.0820339546 -0.8282819390 0.1688400805 0.5342677832 0.5404146910 -0.0111190472 0.8413253427
211.5 -18.1 2991.2 0.0082661156 0.9855807424 0.1690037847 -0.1136786342 0.1688400805 -0.9790659547 -0.9934831858 -0.0111190472 0.1134351268
-94.1 -54.1 2620.4 0.5841975212 0.0498397313 -0.8100798130 -0.0575698130 0.9981432557 0.0198931638 0.8095671535 0.0350146070 0.5859820843
-113.9 -450.8 2606.5 0.5878907442 0.0575450771 -0.8068909645 -0.0067673093 0.9977815747 0.0662282482 0.8089120388 -0.0334744938 0.5869759321
4.9 -72.1 2773.4 0.7750327587 -0.1434037387 -0.6154344678 0.0519370995 0.9850708842 -0.1641277820 0.6297830939 0.0952405259 0.7709102035
61.8 -463.4 2735.6 0.7690016627 0.1980642229 -0.6077886224 0.0213218462 0.9423123598 0.3340551257 0.6388910413 -0.2698481381 0.7204166651
356.1 -29.7 2372.1 0 0 0 0 0 0 0 0 0
213.9 -50.0 2712.7 0 0 0 0 0 0 0 0 0
-131.6 -757.3 2616.8 0 0 0 0 0 0 0 0 0
-4.7 -780.0 2826.2 0 0 0 0 0 0 0 0 0
150.6 500.0 2640.1  0.4627895355 0.3282046616 -0.8234728575 -0.0657095462 0.9390819669 0.3373534381 0.8840294480 -0.1020136103 0.4561634958
85.2 312.9 2660.4 0.4627895355 0.3282046616 -0.8234728575 -0.0657095462 0.9390819669 0.3373534381 0.8840294480 -0.1020136103 0.4561634958
22.4 125.7 2683.4 0.4685287178 0.3157672882 -0.8250889778 -0.0489469841 0.9417852163 0.3326330781 0.8820912838 -0.1154625341 0.4567092955
19.5 319.8 2536.6 -0.3390941024 0.0912434831 -0.9363171458 0.8545935154 0.4459754229 -0.2660372853 0.3933002651 -0.8903822303 -0.2292037308
114.8 79.4 2426.0 -0.9180578589 0.0912434831 -0.3858035505 0.3840680718 0.4459754229 -0.8084538579 0.0982927531 -0.8903822303 -0.4444749653
151.0 306.0 2784.3 0.1390821934 0.9840819836 -0.1106288210 -0.8183118701 0.1771241575 0.5468022823 0.5576933026 0.0144784162 0.8299207687
205.3 -13.5 3002.1 0.0378496274 0.9840819836 0.1736375540 -0.1292918324 0.1771241575 -0.9756590724 -0.9908839464 0.0144784162 0.1339378506
-87.9 -53.4 2623.1 0.5594153404 0.0689368546 -0.8260158896 -0.0674574301 0.9970163107 0.0375228226 0.8261380196 0.0347300656 0.5623965263
-115.3 -449.6 2609.3 0.5635696650 0.0532735512 -0.8243489265 -0.0082371095 0.9982311130 0.0588793531 0.8260274529 -0.0263923649 0.5630115867
2.3 -65.6 2781.8 0.7512399554 -0.1518969387 -0.6423128843 0.0327531919 0.9805387259 -0.1935743839 0.6592159867 0.1243830174 0.7415949702
62.6 -455.1 2732.3 0.7512399554 0.1940033436 -0.6308733821 0.0327531919 0.9436913133 0.3292019963 0.6592159867 -0.2679728270 0.7025843859
367.1 -26.1 2398.9 0 0 0 0 0 0 0 0 0
216.0 -49.8 2724.0 0 0 0 0 0 0 0 0 0
-131.7 -756.3 2617.4 0 0 0 0 0 0 0 0 0
1.7 -751.5 2816.5 0 0 0 0 0 0 0 0 0
147.3 500.7 2638.4  0.4356554747 0.3310081661 -0.8370411396 -0.0558676012 0.9380792379 0.3418862522 0.8983780742 -0.1021811292 0.4271719754
81.1 313.1 2658.9 0.4356554747 0.3310081661 -0.8370411396 -0.0558676012 0.9380792379 0.3418862522 0.8983780742 -0.1021811292 0.4271719754
17.3 126.3 2682.6 0.4421803355 0.3206007779 -0.8376703858 -0.0370647833 0.9396683574 0.3400729895 0.8961600065 -0.1193255186 0.4273858666
19.0 318.3 2533.0 -0.3616040945 0.1148537323 -0.9252303243 0.8675430417 0.4049297273 -0.2887923419 0.3414843678 -0.9071055651 -0.2460647970
119.3 77.6 2438.2 -0.9204386473 0.1148537323 -0.3736325502 0.3868345320 0.4049297273 -0.8284871578 0.0561400913 -0.9071055651 -0.4171423614
143.2 307.9 2784.8 0.1214790121 0.9834846854 -0.1341666728 -0.8104800582 0.1763138771 0.5586013794 0.5730313063 0.0408810787 0.8185132146
190.7 -8.7 3008.6 0.0667713881 0.9834846854 0.1682243347 -0.1435106695 0.1763138771 -0.9738162756 -0.9873936772 0.0408810787 0.1529132724
-83.3 -57.0 2625.7 0.5325303078 0.0787067935 -0.8427435756 -0.0849691331 0.9956085682 0.0392913409 0.8421351910 0.0506833605 0.5368793607
-114.6 -452.7 2605.5 0.5389845371 0.0571986586 -0.8403713107 -0.0036616975 0.9978413582 0.0655681491 0.8423076868 -0.0322630331 0.5380305648
2.5 -65.9 2787.2 0.7639627457 -0.1510575861 -0.6273297071 0.0247924998 0.9783655405 -0.2053927779 0.6447839141 0.1413593590 0.7511799335
62.5 -454.7 2731.1 0.7639627457 0.1916688383 -0.6161363125 0.0247924998 0.9454404712 0.3248502314 0.6447839141 -0.2634490430 0.7175293565
371.4 -28.3 2422.9 0 0 0 0 0 0 0 0 0
209.4 -49.0 2731.3 0 0 0 0 0 0 0 0 0
-131.9 -755.4 2615.3 0 0 0 0 0 0 0 0 0
5.9 -734.0 2808.9 0 0 0 0 0 0 0 0 0
148.0 499.5 2639.6  0.4114978015 0.3406263888 -0.8453657627 -0.0515914746 0.9347537160 0.3515307009 0.9099493623 -0.1010404453 0.4022225142
80.1 313.3 2659.7 0.4114978015 0.3406263888 -0.8453657627 -0.0515914746 0.9347537160 0.3515307009 0.9099493623 -0.1010404453 0.4022225142
14.8 127.0 2683.2 0.4183407724 0.3287632167 -0.8467028737 -0.0324570090 0.9370098114 0.3477917612 0.9077100754 -0.1180140227 0.4026600718
21.3 317.8 2532.1 -0.3459167182 0.1432895511 -0.9272592664 0.8907934427 0.3605259359 -0.2766008973 0.2946669757 -0.9216773510 -0.2523533404
118.2 68.4 2449.6 -0.9253208041 0.1432895511 -0.3510690629 0.3791589737 0.3605259359 -0.8522086143 0.0044569154 -0.9216773510 -0.3879316747
138.9 308.8 2787.3 0.1022221744 0.9830002785 -0.1525160074 -0.8066058159 0.1716371328 0.5656215549 0.5821835399 0.0652012229 0.8104388118
178.9 -6.3 3014.8 0.0917540714 0.9830002785 0.1590336263 -0.1516292691 0.1716371328 -0.9734213948 -0.9841696024 0.0652012229 0.1648000181
-87.0 -57.1 2624.3 0.5101825595 0.0683536083 -0.8573456407 -0.0763594583 0.9965001941 0.0340085961 0.8566697240 0.0481158532 0.5136165023
-114.1 -453.2 2605.1 0.5158404708 0.0557058044 -0.8548716307 -0.0012320845 0.9979308248 0.0642844886 0.8566837907 -0.0321072638 0.5148417354
-6.0 -63.9 2788.5 0.7427620292 -0.1739753485 -0.6465578675 0.0301778261 0.9733697772 -0.2272455543 0.6688750386 0.1492776573 0.7282323241
63.2 -450.6 2729.1 0.7427620292 0.1953233927 -0.6404321194 0.0301778261 0.9457653761 0.3234457672 0.6688750386 -0.2595700920 0.6965841651
371.4 -35.3 2448.4 0 0 0 0 0 0 0 0 0
204.7 -48.9 2738.3 0 0 0 0 0 0 0 0 0
-131.1 -757.6 2614.9 0 0 0 0 0 0 0 0 0
6.6 -724.4 2804.3 0 0 0 0 0 0 0 0 0
146.9 501.3 2641.7  0.4046440721 0.3275553882 -0.8537977934 -0.0563057140 0.9408015013 0.3342487216 0.9127392173 -0.0871780664 0.3991329968
81.8 314.2 2659.0 0.4046440721 0.3275553882 -0.8537977934 -0.0563057140 0.9408015013 0.3342487216 0.9127392173 -0.0871780664 0.3991329968
19.2 126.7 2679.2 0.4105168283 0.3149649799 -0.8557295203 -0.0390813388 0.9436661601 0.3285830915 0.9110151529 -0.1014458239 0.3997000754
24.0 319.7 2530.9 -0.3316993117 0.2205732763 -0.9172366261 0.9049454331 0.3491101861 -0.2433018833 0.2665507495 -0.9107521772 -0.3154063821
117.9 63.6 2455.5 -0.9114967585 0.2205732763 -0.3471614718 0.4061264098 0.3491101861 -0.8445018530 -0.0650769398 -0.9107521772 -0.4077934325
139.5 308.7 2787.2 0.1099807620 0.9794759154 -0.1689116657 -0.8131060004 0.1864005625 0.5514647961 0.5716317296 0.0766925737 0.8169182539
182.5 -9.0 3010.5 0.1029839218 0.9794759154 0.1732663512 -0.1357236207 0.1864005625 -0.9730539322 -0.9853798151 0.0766925737 0.1521342844
-89.0 -56.3 2623.4 0.5038837194 0.0575938672 -0.8618492484 -0.0738662258 0.9969927073 0.0234387536 0.8606073260 0.0518511459 0.5066226125
-111.8 -452.6 2602.8 0.5104866624 0.0646756068 -0.8574499488 0.0039385036 0.9969810843 0.0775449425 0.8598766327 -0.0429627299 0.5086908340
