-170.5 451.7 2695.8 1 0.5320819020 0.2569369674 -0.8067665696 -0.2007909268 0.9639542699 0.1745712906 0.8225398660 0.0691051856 0.5644932389
-222.6 256.1 2681.8 0.5320819020 0.2569369674 -0.8067665696 -0.2007909268 0.9639542699 0.1745712906 0.8225398660 0.0691051856 0.5644932389
-267.8 63.0 2670.7 0.5389735699 0.2272395492 -0.8110916615 -0.1732313484 0.9722424150 0.1572754532 0.8243169188 0.0557391830 0.5633779764
-301.3 281.4 2561.5 -0.2893552780 0.7440186739 -0.6022539139 0.8498133421 0.4892426431 0.1961094439 0.4405573905 -0.4550580978 -0.7738419175
-224.8 56.9 2445.1 -0.6641574502 0.7440186739 -0.0730146095 0.6159512401 0.4892426431 -0.6174509525 -0.4236731827 -0.4550580978 -0.7832133770
-144.0 230.9 2802.0 -0.1473325491 0.9804766178 -0.1302255690 -0.2872601748 0.0835700408 0.9541999698 0.9464537501 0.1779933423 0.2693393230
-199.2 123.3 3156.7 0.1777819395 0.9831187129 0.0432574376 -0.2085358948 0.0805970132 -0.9746881127 -0.9617205262 0.1642612219 0.2193442434
-363.2 -112.9 2586.4 0.6389980912 0.0679509714 -0.7662010789 -0.0025588570 0.9962727427 0.0862209722 0.7692040801 -0.0531344377 0.6367902756
-390.2 -508.7 2607.5 0.6478453279 -0.0214782096 -0.7614690661 -0.1362892985 0.9802061319 -0.1436006725 0.7494809031 0.1968111098 0.6320947409
-257.4 -145.9 2732.4 -0.3307009935 0.2533667386 0.9090886116 -0.0201608967 0.9611709118 -0.2752162516 -0.9435201883 -0.1093423292 -0.3127520680
-358.0 -527.6 2775.8 -0.3307009935 -0.2672974765 0.9050905704 -0.0201608967 0.9608330727 0.2763933539 -0.9435201883 0.0731561258 -0.3231374323
-33.2 -120.8 2567.4 0 0 0 0 0 0 0 0 0
-153.1 69.2 2907.3 0 0 0 0 0 0 0 0 0
-383.3 -824.0 2544.2 0 0 0 0 0 0 0 0 0
-273.1 -832.8 2752.6 0 0 0 0 0 0 0 0 0
-170.5 450.8 2695.3 2 0.5191795826 0.2577448785 -0.8148742914 -0.1977656186 0.9637959599 0.1788467318 0.8314693570 0.0683005527 0.5513562560
-222.7 255.8 2681.5 0.5191795826 0.2577448785 -0.8148742914 -0.1977656186 0.9637959599 0.1788467318 0.8314693570 0.0683005527 0.5513562560
-268.5 62.7 2671.2 0.5264296532 0.2304159999 -0.8184010386 -0.1690197289 0.9717265368 0.1648633629 0.8332491517 0.0515369624 0.5504904985
-299.5 280.4 2559.8 -0.3630104661 0.7639533281 -0.5334779620 0.8424216509 0.5137438774 0.1624592841 0.3981823325 -0.3904389739 -0.8300651908
-200.0 49.5 2450.7 -0.6435797215 0.7639533281 -0.0466955677 0.6504265666 0.5137438774 -0.5594752431 -0.4034234285 -0.3904389739 -0.8275306225
-145.8 231.1 2803.1 -0.1619896889 0.9781764746 -0.1301158071 -0.2792428732 0.0810280815 0.9567956328 0.9464579821 0.1913249344 0.2600231171
-206.6 126.4 3157.9 0.1906763017 0.9809867740 0.0361594297 -0.2165250033 0.0779573023 -0.9731596112 -0.9574755430 0.1777290404 0.2272727787
-362.3 -114.4 2584.1 0.6275718212 0.0768722892 -0.7747542858 -0.0039693378 0.9954165816 0.0955514684 0.7785485387 -0.0568901487 0.6250005364
-392.9 -509.9 2606.7 0.6367175579 -0.0244977046 -0.7707078457 -0.1375954747 0.9798442721 -0.1448193192 0.7587214708 0.1982549280 0.6205133200
-263.6 -146.1 2735.1 -0.3176779747 0.2200753540 0.9223055840 -0.0277505908 0.9701177478 -0.2410424203 -0.9477924705 -0.1021683887 -0.3020778000
-351.0 -531.2 2775.6 -0.3234638274 -0.2447642088 0.9140359163 -0.0052534700 0.9664153457 0.2569314539 -0.9462259412 0.0783061758 -0.3138862848
-10.4 -142.1 2569.5 0 0 0 0 0 0 0 0 0
-157.1 70.2 2909.5 0 0 0 0 0 0 0 0 0
-385.1 -820.4 2543.9 0 0 0 0 0 0 0 0 0
-275.5 -829.2 2751.5 0 0 0 0 0 0 0 0 0
-169.8 452.3 2696.5 3 0.4996657968 0.2601655424 -0.8262251616 -0.1943158209 0.9631862044 0.1857785285 0.8441418409 0.0677214414 0.5318254828
-222.4 257.4 2682.8 0.4996657968 0.2601655424 -0.8262251616 -0.1943158209 0.9631862044 0.1857785285 0.8441418409 0.0677214414 0.5318254828
-268.8 64.5 2672.8 0.5069974065 0.2333238423 -0.8297672272 -0.1655787975 0.9711002707 0.1718949974 0.8458943963 0.0502415411 0.5309787989
-296.4 281.6 2559.3 -0.4100772440 0.7540643215 -0.5130532384 0.8337039948 0.5380194783 0.1243891120 0.3698300421 -0.3767254055 -0.8492959738
-181.2 47.3 2455.4 -0.6515940428 0.7540643215 -0.0825363323 0.6848747730 0.5380194783 -0.4914077818 -0.3261469007 -0.3767254055 -0.8670098782
-148.4 233.3 2806.3 -0.1842282861 0.9740034938 -0.1318222880 -0.2721981108 0.0783133358 0.9590491056 0.9444406629 0.2125657499 0.2506943941
-217.4 131.2 3160.4 0.2110723406 0.9770982265 0.0269715935 -0.2236893922 0.0751455054 -0.9717593193 -0.9515311718 0.1990782619 0.2344276458
-362.5 -115.0 2584.6 0.6085381508 0.0883336887 -0.7885927558 -0.0187360458 0.9951072335 0.0970081091 0.7933034301 -0.0442580245 0.6072157025
-397.6 -510.3 2602.2 0.6154453158 -0.0319326334 -0.7875324488 -0.1241701320 0.9827736020 -0.1368863881 0.7783372402 0.1820340902 0.6008782983
-266.0 -145.9 2737.3 -0.2926805913 0.1810319275 0.9389172196 -0.0141546577 0.9809871912 -0.1935557276 -0.9561054707 -0.0699400529 -0.2845534682
-337.8 -535.1 2765.1 -0.2915858328 -0.2070298344 0.9338716865 -0.0193426255 0.9773735404 0.2106343359 -0.9563490748 0.0433544554 -0.2889927626
9.9 -153.5 2551.1 0 0 0 0 0 0 0 0 0
-162.7 73.2 2913.6 0 0 0 0 0 0 0 0 0
-387.5 -820.6 2544.7 0 0 0 0 0 0 0 0 0
-275.6 -828.7 2752.0 0 0 0 0 0 0 0 0 0
-170.1 450.9 2696.6 4 0.4967009425 0.2591599822 -0.8283262253 -0.1921410561 0.9635322094 0.1862458736 0.8463864326 0.0666469708 0.5283825994
-222.5 256.1 2683.2 0.4967009425 0.2591599822 -0.8283262253 -0.1921410561 0.9635322094 0.1862458736 0.8463864326 0.0666469708 0.5283825994
-268.5 63.0 2672.9 0.5035817623 0.2315393239 -0.8323430419 -0.1650076956 0.9714598656 0.1704060435 0.8480435610 0.0515296347 0.5274152160
-296.0 280.2 2559.3 -0.4408979416 0.7615063787 -0.4750968516 0.8187603951 0.5581033826 0.1347294301 0.3677504659 -0.3295885623 -0.8695579171
-170.7 47.5 2454.8 -0.6411187053 0.7615063787 -0.0952616930 0.7233191729 0.5581033826 -0.4066078961 -0.2564686537 -0.3295885623 -0.9086226821
-148.9 232.0 2807.0 -0.1878703088 0.9729484916 -0.1344470531 -0.2727257311 0.0798267648 0.9587743878 0.9435705543 0.2167924196 0.2503510118
-219.4 129.7 3160.9 0.2155957073 0.9760938883 0.0275529474 -0.2229774147 0.0766821802 -0.9718029499 -0.9506837130 0.2033728510 0.2341792434
-361.6 -113.3 2585.3 0.6058666110 0.0891174152 -0.7905591726 -0.0094752340 0.9944440722 0.1048391610 0.7955098152 -0.0560278110 0.6033447981
-397.0 -508.5 2607.6 0.6157769561 -0.0369808339 -0.7870522141 -0.1368265748 0.9787023067 -0.1530367136 0.7759492397 0.2019261420 0.5976023674
-268.7 -143.7 2740.4 -0.2823848724 0.1940881610 0.9394618273 0.0177301951 0.9802076221 -0.1971766651 -0.9591373205 -0.0390228629 -0.2802370191
-345.7 -532.7 2755.8 -0.2661721706 -0.2372949421 0.9342609048 -0.0515280478 0.9713421464 0.2320328802 -0.9625472426 0.0136200553 -0.2707715929
16.0 -163.2 2529.5 0 0 0 0 0 0 0 0 0
-163.4 71.8 2914.2 0 0 0 0 0 0 0 0 0
-385.2 -820.8 2543.1 0 0 0 0 0 0 0 0 0
-271.6 -836.1 2751.6 0 0 0 0 0 0 0 0 0
-170.9 450.6 2695.7 5 0.4832274020 0.2618201077 -0.8354289532 -0.1892732680 0.9629116058 0.1922935694 0.8547905684 0.0652028471 0.5148608088
-223.8 256.0 2682.5 0.4832274020 0.2618201077 -0.8354289532 -0.1892732680 0.9629116058 0.1922935694 0.8547905684 0.0652028471 0.5148608088
-270.2 63.1 2672.4 0.4900224209 0.2336945236 -0.8398005366 -0.1627537012 0.9709814191 0.1752322018 0.8563814759 0.0508129336 0.5138373375
-295.4 279.8 2557.5 -0.4536544979 0.7533145547 -0.4761457741 0.8100416064 0.5713022947 0.1320841163 0.3715240657 -0.3257773519 -0.8693900108
-165.6 48.0 2451.1 -0.6515695453 0.7533145547 -0.0892993659 0.7155967355 0.5713022947 -0.4019141495 -0.2517508268 -0.3257773519 -0.9113125801
-152.2 232.2 2807.6 -0.2031337619 0.9697538018 -0.1353299618 -0.2679666579 0.0778764337 0.9602755308 0.9417698979 0.2313283086 0.2440423518
-228.4 131.7 3160.9 0.2294536233 0.9730931520 0.0209927447 -0.2278247327 0.0746646971 -0.9708352685 -0.9462805986 0.2179789990 0.2388267815
-360.7 -114.9 2584.9 0.5939291120 0.1020806879 -0.7980148792 -0.0041636704 0.9922942519 0.1238337159 0.8045065999 -0.0702257752 0.5897774696
-401.2 -509.2 2612.8 0.6076548696 -0.0529136620 -0.7924365401 -0.1442942023 0.9738163948 -0.1756724566 0.7809832096 0.2210922241 0.5841091275
-268.3 -145.1 2740.4 -0.2693415284 0.1909528524 0.9439238310 0.0055469219 0.9804366827 -0.1967565119 -0.9630287290 -0.0477588288 -0.2651315033
-344.2 -534.5 2759.4 -0.2605471313 -0.2319991589 0.9371721148 -0.0321522430 0.9722455740 0.2317428887 -0.9649255872 0.0302477628 -0.2607750893
24.7 -160.9 2524.7 0 0 0 0 0 0 0 0 0
-168.9 72.6 2915.3 0 0 0 0 0 0 0 0 0
-384.3 -820.7 2542.1 0 0 0 0 0 0 0 0 0
-273.2 -831.8 2750.1 0 0 0 0 0 0 0 0 0
-171.1 451.5 2696.2 6 0.4738946855 0.2609802485 -0.8410190940 -0.1864787042 0.9631540179 0.1938040555 0.8606099486 0.0649894476 0.5051008463
-223.7 257.4 2683.1 0.4738946855 0.2609802485 -0.8410190940 -0.1864787042 0.9631540179 0.1938040555 0.8606099486 0.0649894476 0.5051008463
-269.9 64.4 2674.2 0.4818577170 0.2325141877 -0.8448374271 -0.1552603841 0.9715515375 0.1788345426 0.8623846769 0.0449969806 0.5042498708
-294.1 280.1 2557.2 -0.4656585157 0.7540262341 -0.4632565379 0.7966600657 0.5851129889 0.1515769064 0.3853503764 -0.2984749079 -0.8731654286
-159.5 50.0 2445.9 -0.6521218419 0.7540262341 -0.0786230266 0.7212445736 0.5851129889 -0.3707412779 -0.2335452884 -0.2984749079 -0.9254022241
-153.3 234.8 2809.1 -0.2120258212 0.9674217701 -0.1383479387 -0.2603007853 0.0805467144 0.9621620178 0.9419599771 0.2400152683 0.2347426713
-232.8 137.1 3162.5 0.2387408614 0.9708899856 0.0193751007 -0.2354456782 0.0772295296 -0.9688141942 -0.9421083331 0.2267337590 0.2470297068
-361.6 -115.0 2583.8 0.5855807662 0.0917291194 -0.8054073453 -0.0028436035 0.9938030839 0.1111183390 0.8106091022 -0.0627785027 0.5822128057
-398.1 -509.9 2608.7 0.5982952118 -0.0477723703 -0.7998504043 -0.1419050694 0.9761250615 -0.1644469202 0.7886100411 0.2118906379 0.5772318244
-271.7 -144.8 2740.8 -0.3484379649 0.2364642918 0.9070146680 -0.0158276279 0.9660336375 -0.2579312027 -0.9371982217 -0.1042289138 -0.3328601122
-365.4 -527.6 2782.1 -0.3484379649 -0.2879163623 0.8920174837 -0.0158276279 0.9533275962 0.3015228510 -0.9371982217 0.0909434855 -0.3367325366
29.7 -159.4 2513.6 0 0 0 0 0 0 0 0 0
-170.9 76.0 2917.9 0 0 0 0 0 0 0 0 0
-382.7 -823.9 2540.6 0 0 0 0 0 0 0 0 0
-273.3 -832.8 2753.0 0 0 0 0 0 0 0 0 0
-171.9 449.4 2697.0 7 0.4621590376 0.2598016262 -0.8478868604 -0.1882541776 0.9630733728 0.1924839914 0.8665848970 0.0706600323 0.4940017760
-224.2 255.3 2682.8 0.4621590376 0.2598016262 -0.8478868604 -0.1882541776 0.9630733728 0.1924839914 0.8665848970 0.0706600323 0.4940017760
-270.6 62.4 2672.4 0.4694863558 0.2332728207 -0.8515670300 -0.1595128626 0.9710068703 0.1780487001 0.8684113026 0.0522444509 0.4930844605
-292.8 278.6 2555.9 -0.4710995555 0.7580287457 -0.4510627687 0.7853348851 0.5932834744 0.1768157780 0.4016395211 -0.2709375024 -0.8748019934
-156.4 51.1 2439.6 -0.6497852802 0.7580287457 -0.0563161038 0.7228230238 0.5932834744 -0.3543184698 -0.2351721823 -0.2709375024 -0.9334275126
-155.7 232.0 2809.6 -0.2255814373 0.9640797377 -0.1402258128 -0.2638184428 0.0781068429 0.9614048004 0.9378234744 0.2538692355 0.2367225438
-240.3 133.0 3161.4 0.2516050041 0.9677213430 0.0145026986 -0.2319678366 0.0748454705 -0.9698396921 -0.9396200776 0.2406523675 0.2433117181
-360.3 -114.4 2586.2 0.5740510821 0.0947335437 -0.8133209348 -0.0080532013 0.9938899279 0.1100817174 0.8187798858 -0.0566426925 0.5713064671
-397.9 -509.4 2608.7 0.5879155993 -0.0543592051 -0.8070937395 -0.1491252333 0.9733555913 -0.1741853356 0.7950577736 0.2227643281 0.5641446710
-271.9 -142.9 2744.3 -0.3315748572 0.2148594558 0.9186367989 0.0043551140 0.9740594625 -0.2262502909 -0.9434188604 -0.0710181445 -0.3239093721
-357.1 -529.1 2772.5 -0.3244903088 -0.2640357912 0.9082902074 -0.0219080225 0.9620906115 0.2718485892 -0.9456352592 0.0683133900 -0.3179735839
32.2 -158.6 2507.8 0 0 0 0 0 0 0 0 0
-175.0 72.8 2917.5 0 0 0 0 0 0 0 0 0
-380.4 -823.1 2536.9 0 0 0 0 0 0 0 0 0
-274.7 -829.6 2751.2 0 0 0 0 0 0 0 0 0
-173.0 447.0 2696.9 8 0.4667561650 0.2620916665 -0.8446577191 -0.1888487339 0.9625867605 0.1943268329 0.8639877439 0.0688092858 0.4987889826
-225.9 252.8 2683.0 0.4667561650 0.2620916665 -0.8446577191 -0.1888487339 0.9625867605 0.1943268329 0.8639877439 0.0688092858 0.4987889826
-272.5 59.9 2672.9 0.4742439389 0.2345156670 -0.8485841751 -0.1596975327 0.9707941413 0.1790403873 0.8657882810 0.0506079793 0.4978447855
-295.1 276.1 2556.5 -0.4913104773 0.7696772218 -0.4076898694 0.7594575882 0.6077377200 0.2321186066 0.4264249206 -0.1955808699 -0.8831250668
-152.9 56.2 2433.0 -0.6384257674 0.7696772218 -0.0030932894 0.7341471910 0.6077377200 -0.3027915657 -0.2311718613 -0.1955808699 -0.9530518055
-156.6 229.4 2809.5 -0.2205131203 0.9655811191 -0.1379388124 -0.2632902861 0.0772443190 0.9616192579 0.9391763210 0.2483676076 0.2371947318
-239.3 130.7 3161.8 0.2460461557 0.9691429138 0.0149435736 -0.2324858904 0.0739769861 -0.9697822928 -0.9409631491 0.2351370305 0.2435138077
-360.0 -116.0 2582.4 0.5795824528 0.0807236508 -0.8109055758 0.0019031113 0.9949448705 0.1004045308 0.8149113655 -0.0597359464 0.5764989853
-392.1 -511.3 2606.1 0.5916747451 -0.0308580920 -0.8055859804 -0.1526409388 0.9769040942 -0.1495298892 0.7915944457 0.2114384621 0.5732992291
-273.9 -145.2 2741.6 -0.3371734023 0.2050072402 0.9188504219 0.0031669773 0.9762440920 -0.2166503817 -0.9414372444 -0.0701387674 -0.3298127949
-355.3 -532.7 2769.5 -0.3264380693 -0.2624306977 0.9080574512 -0.0373386778 0.9635155201 0.2650353014 -0.9444808364 0.0526119471 -0.3243269324
32.5 -156.9 2500.2 0 0 0 0 0 0 0 0 0
-175.4 70.3 2917.5 0 0 0 0 0 0 0 0 0
-382.2 -824.2 2538.4 0 0 0 0 0 0 0 0 0
-274.0 -831.0 2753.2 0 0 0 0 0 0 0 0 0
-173.7 446.7 2695.8 9 0.4718191326 0.2574051619 -0.8432847857 -0.1860637069 0.9639645219 0.1901386529 0.8618392944 0.0671936423 0.5027107000
-225.7 252.1 2682.3 0.4718191326 0.2574051619 -0.8432847857 -0.1860637069 0.9639645219 0.1901386529 0.8618392944 0.0671936423 0.5027107000
-271.7 59.0 2672.0 0.4784778059 0.2312830389 -0.8470933437 -0.1596916020 0.9715217352 0.1750546247 0.8634567857 0.0515139438 0.5017855167
-295.6 275.4 2556.1 -0.5051681995 0.7787967324 -0.3718611598 0.7400971055 0.6125717759 0.2775104642 0.4439159036 -0.1350239217 -0.8858370185
-148.5 60.0 2426.9 -0.6265213490 0.7787967324 0.0307674371 0.7490667105 0.6125717759 -0.2522991002 -0.2153369933 -0.1350239217 -0.9671600461
-155.8 228.8 2808.4 -0.2155848742 0.9663479328 -0.1403381526 -0.2658819556 0.0801964551 0.9606639743 0.9395903349 0.2444180101 0.2396453321
-236.7 129.0 3160.9 0.2428668588 0.9698651433 0.0194227844 -0.2297729105 0.0769675374 -0.9701960683 -0.9424542785 0.2311656326 0.2415416092
-362.5 -118.4 2583.5 0.5817182064 0.0724645182 -0.8101560473 -0.0150501234 0.9968120456 0.0783535168 0.8132511377 -0.0333867185 0.5809543133
-391.3 -514.4 2596.8 0.5884115100 -0.0212837551 -0.8082814813 -0.1328096837 0.9835321307 -0.1225810647 0.7975797653 0.1794757098 0.5758949518
-275.6 -147.7 2742.3 -0.3400708139 0.1869453937 0.9216307402 0.0093662795 0.9806661010 -0.1954641938 -0.9403532147 -0.0578394160 -0.3352468908
-349.8 -537.1 2765.2 -0.3253914118 -0.2478936315 0.9125071168 -0.0504864417 0.9682024121 0.2450209558 -0.9442306757 0.0336584747 -0.3275600076
32.2 -156.1 2489.1 0 0 0 0 0 0 0 0 0
-173.6 69.4 2916.2 0 0 0 0 0 0 0 0 0
-384.7 -822.8 2540.5 0 0 0 0 0 0 0 0 0
-274.5 -831.1 2755.0 0 0 0 0 0 0 0 0 0
-173.7 446.0 2695.8 0 0.4692371190 0.2568809986 -0.8448838592 -0.1809154302 0.9644259810 0.1927489340 0.8643414378 0.0624075755 0.4990181923
-225.4 252.2 2683.3 0.4692371190 0.2568809986 -0.8448838592 -0.1809154302 0.9644259810 0.1927489340 0.8643414378 0.0624075755 0.4990181923
-271.2 59.0 2673.9 0.4757529497 0.2307097614 -0.8487827182 -0.1550399810 0.9718741775 0.1772657782 0.8658069968 0.0472605377 0.4981412590
-294.9 274.8 2556.8 -0.5026264787 0.7909373045 -0.3489767611 0.7239392400 0.6057254076 0.3301647007 0.4725236893 -0.0866884291 -0.8770442009
-147.4 62.3 2418.1 -0.6078801155 0.7909373045 0.0699991584 0.7616128922 0.6057254076 -0.2303096950 -0.2245608121 -0.0866884291 -0.9705964923
-155.9 229.5 2809.7 -0.2185132056 0.9655185938 -0.1415124387 -0.2611383498 0.0818707943 0.9618232250 0.9402439594 0.2471254021 0.2342440933
-237.9 131.5 3162.5 0.2460104972 0.9690799713 0.0190480612 -0.2345005721 0.0785754919 -0.9689351916 -0.9404723644 0.2339014411 0.2465801984
-361.5 -119.4 2582.6 0.5783586502 0.0747725740 -0.8123486638 -0.0205987599 0.9968116283 0.0770859867 0.8155224919 -0.0278499741 0.5780548453
-391.2 -515.4 2593.7 0.5836182833 -0.0196658745 -0.8117899299 -0.1244028956 0.9857399464 -0.1133165583 0.8024422526 0.1671226323 0.5728493929
-273.7 -148.7 2741.0 -0.3355242610 0.2047445029 0.9195124507 0.0119377058 0.9769409299 -0.2131758928 -0.9419559240 -0.0605488159 -0.3302315772
-355.1 -536.7 2765.0 -0.3193158209 -0.2624525428 0.9105800390 -0.0501393490 0.9642170668 0.2603296041 -0.9463210106 0.0374714695 -0.3210489750
28.0 -157.4 2482.8 0 0 0 0 0 0 0 0 0
-174.0 70.6 2918.3 0 0 0 0 0 0 0 0 0
-385.1 -819.1 2542.2 0 0 0 0 0 0 0 0 0
-275.0 -830.9 2753.6 0 0 0 0 0 0 0 0 0
-173.0 445.5 2695.3 1 0.4556172788 0.2534714937 -0.8533259034 -0.1793893576 0.9650813937 0.1908857077 0.8719130754 0.0661067516 0.4851778448
-224.2 250.8 2681.9 0.4556172788 0.2534714937 -0.8533259034 -0.1793893576 0.9650813937 0.1908857077 0.8719130754 0.0661067516 0.4851778448
-269.5 57.5 2672.3 0.4624508619 0.2281569391 -0.8567867875 -0.1518990546 0.9724251628 0.1769631654 0.8735364079 0.0483083315 0.4843556881
-291.7 272.9 2554.3 -0.4949097335 0.7917287350 -0.3580921888 0.7263683677 0.6031242013 0.3295910358 0.4769207537 -0.0969890133 -0.8735786676
-149.8 64.7 2417.6 -0.6096832752 0.7917287350 0.0381042100 0.7702601552 0.6031242013 -0.2072209865 -0.1870443672 -0.0969890133 -0.9775518179
-156.6 228.6 2809.5 -0.2326987088 0.9613856077 -0.1469321996 -0.2591493130 0.0843230858 0.9621492624 0.9373862147 0.2619682848 0.2295205444
-243.9 131.3 3161.2 0.2611043155 0.9651614428 0.0169682968 -0.2364827991 0.0809981525 -0.9682536721 -0.9358955026 0.2488024831 0.2493930459
-360.7 -119.9 2585.1 0.5652191043 0.0824398547 -0.8208112121 -0.0220451578 0.9961481690 0.0848696604 0.8246462345 -0.0298750382 0.5648593307
-393.5 -515.7 2596.9 0.5721548200 -0.0308135599 -0.8195666075 -0.1317434758 0.9828640819 -0.1289257109 0.8094952106 0.1817380041 0.5582908988
-273.4 -148.3 2743.9 -0.3215087950 0.1940717548 0.9268053770 0.0053138291 0.9791260958 -0.2031842768 -0.9468916655 -0.0604006462 -0.3158289194
-350.5 -537.3 2767.9 -0.3130338788 -0.2531647384 0.9153782725 -0.0277334712 0.9658434987 0.2576377690 -0.9493369460 0.0552627295 -0.3093628585
25.6 -157.0 2471.4 0 0 0 0 0 0 0 0 0
-176.2 69.9 2918.3 0 0 0 0 0 0 0 0 0
-384.0 -819.0 2540.9 0 0 0 0 0 0 0 0 0
-273.4 -831.6 2751.0 0 0 0 0 0 0 0 0 0
-173.0 449.7 2705.5 2 0.3972841501 0.2517509758 -0.8824889660 -0.1750300825 0.9647697806 0.1964274645 0.9008494616 0.0764245912 0.4273517132
-224.0 254.0 2690.0 0.3972841501 0.2517509758 -0.8824889660 -0.1750300825 0.9647697806 0.1964274645 0.9008494616 0.0764245912 0.4273517132
-269.5 60.9 2679.9 0.4052547812 0.2288213521 -0.8851041198 -0.1429052353 0.9721234441 0.1858872473 0.9029654860 0.0511543117 0.4266574681
-283.1 274.9 2558.4 -0.4055214226 0.7689822316 -0.4941848814 0.7297641635 0.5979200006 0.3315659165 0.5504513383 -0.2261813283 -0.8036450148
-171.2 73.5 2406.5 -0.6369174719 0.7689822316 -0.0547949150 0.7469217777 0.5979200006 -0.2908599973 -0.1909032017 -0.2261813283 -0.9551952481
-164.9 233.2 2821.7 -0.2930660844 0.9430781603 -0.1572127938 -0.2473418564 0.0840505213 0.9652758837 0.9235444069 0.3217749298 0.2086303383
-274.7 140.6 3167.5 0.3189887702 0.9477525949 -0.0033431989 -0.2492382228 0.0804827139 -0.9650921226 -0.9143995047 0.3086868227 0.2618892491
-357.3 -121.8 2582.6 0.5112196207 0.0896617621 -0.8547603488 -0.0170070268 0.9954039454 0.0942431912 0.8592818379 -0.0336420387 0.5103949308
-392.9 -517.4 2596.0 0.5188000798 -0.0315945819 -0.8543115854 -0.1364324838 0.9834491611 -0.1192221269 0.8439387679 0.1784082949 0.5059030056
-272.5 -149.7 2742.9 -0.2640218139 0.1849726290 0.9466137886 -0.0225616172 0.9799854755 -0.1977863163 -0.9642527699 -0.0735770389 -0.2545642555
-346.0 -539.0 2772.1 -0.2698144913 -0.2394250035 0.9326713085 0.0005608586 0.9685549736 0.2487989217 -0.9629121423 0.0676526502 -0.2611958981
11.1 -140.3 2461.2 0 0 0 0 0 0 0 0 0
-192.0 76.0 2930.6 0 0 0 0 0 0 0 0 0
-383.1 -821.3 2540.9 0 0 0 0 0 0 0 0 0
-273.2 -833.4 2751.5 0 0 0 0 0 0 0 0 0
-170.0 451.6 2700.1 3 0.4562987089 0.2579101026 -0.8516301513 -0.1722007543 0.9645758867 0.1998507082 0.8730053902 0.0554597229 0.4845470488
-222.1 256.7 2688.9 0.4562987089 0.2579101026 -0.8516301513 -0.1722007543 0.9645758867 0.1998507082 0.8730053902 0.0554597229 0.4845470488
-267.9 63.6 2681.0 0.4628667831 0.2310658842 -0.8557820320 -0.1461866796 0.9721068144 0.1834062189 0.8742904663 0.0402112938 0.4837346971
-289.5 278.1 2561.6 -0.3291571140 0.7397646308 -0.5868594050 0.7165713906 0.6004356146 0.3549682796 0.6149642467 -0.3036863208 -0.7277318239
-201.4 86.3 2397.1 -0.6678832769 0.7397646308 -0.0817329362 0.7100683451 0.6004356146 -0.3678043187 -0.2230132371 -0.3036863208 -0.9263043404
-154.7 235.4 2816.3 -0.2324973643 0.9618718028 -0.1440401673 -0.2515669465 0.0835852548 0.9642238021 0.9394993782 0.2604152262 0.2225418240
-241.6 141.3 3167.7 0.2592913508 0.9656956196 0.0141411107 -0.2455119491 0.0800672472 -0.9660813212 -0.9340727329 0.2470247149 0.2578505576
-352.0 -119.2 2587.1 0.5635242462 0.1015794426 -0.8198304772 -0.0431308597 0.9946755171 0.0935965478 0.8249728084 -0.0173839331 0.5649049878
-392.4 -514.5 2594.0 0.5675939322 -0.0244424026 -0.8229457736 -0.1264710426 0.9851070046 -0.1164871231 0.8135368824 0.1701961905 0.5560494661
-277.8 -145.4 2752.3 -0.3136683702 0.1947381496 0.9293488264 0.0446646363 0.9806860089 -0.1904205382 -0.9484815598 -0.0182198696 -0.3163080812
-355.1 -534.5 2759.6 -0.2879532874 -0.2658268511 0.9200103283 -0.0543359108 0.9636889100 0.2614407241 -0.9561017156 0.0252931248 -0.2919413447
-12.1 -114.9 2460.3 0 0 0 0 0 0 0 0 0
-174.5 77.8 2925.9 0 0 0 0 0 0 0 0 0
-384.7 -822.5 2540.7 0 0 0 0 0 0 0 0 0
-271.7 -837.0 2751.6 0 0 0 0 0 0 0 0 0
-168.4 454.7 2700.0 4 0.4779768288 0.2595121562 -0.8391612768 -0.1776572466 0.9641763568 0.1969817281 0.8602185845 0.0549303778 0.5069581866
-220.9 259.4 2688.8 0.4779768288 0.2595121562 -0.8391612768 -0.1776572466 0.9641763568 0.1969817281 0.8602185845 0.0549303778 0.5069581866
-267.0 66.3 2681.0 0.4848406911 0.2321676612 -0.8432245851 -0.1506298333 0.9718828201 0.1809817851 0.8615336418 0.0392674506 0.5061796904
-291.6 281.4 2563.2 -0.3002211750 0.7537720203 -0.5845468640 0.7206079960 0.5807422996 0.3787643611 0.6249730587 -0.3075160682 -0.7175253034
-209.9 85.3 2393.1 -0.6514863968 0.7537720203 -0.0859841034 0.7216485739 0.5807422996 -0.3767780364 -0.2340701222 -0.3075160682 -0.9223042130
-150.2 237.5 2814.4 -0.2086514980 0.9681846499 -0.1381414086 -0.2560371161 0.0822466835 0.9631617069 0.9438800216 0.2363344729 0.2307303250
-228.3 141.6 3168.0 0.2355490923 0.9716438055 0.0206145886 -0.2404822111 0.0788240582 -0.9674476981 -0.9416394830 0.2229239792 0.2522299886
-356.1 -116.2 2593.1 0.5844187737 0.0788914338 -0.8076081276 -0.0452789180 0.9968824983 0.0646150559 0.8101879358 -0.0011946292 0.5861689448
-387.4 -512.2 2593.5 0.5875306129 -0.0075486968 -0.8091667295 -0.1352637857 0.9849712253 -0.1074029058 0.7978166938 0.1725534499 0.5776796937
-271.4 -143.0 2752.9 -0.3334283233 0.1331423670 0.9333266616 0.0745048523 0.9906027317 -0.1146963537 -0.9398269057 0.0312943570 -0.3402147591
-324.1 -535.1 2740.5 -0.3101104796 -0.1676575094 0.9358004332 -0.0884356871 0.9851465225 0.1471920460 -0.9465783834 -0.0371123590 -0.3203311563
-24.4 -120.1 2459.8 0 0 0 0 0 0 0 0 0
-167.3 79.2 2923.9 0 0 0 0 0 0 0 0 0
-385.0 -821.4 2539.4 0 0 0 0 0 0 0 0 0
-272.6 -838.1 2751.9 0 0 0 0 0 0 0 0 0
-168.1 455.4 2697.4 5 0.4974716604 0.2585810721 -0.8280445337 -0.1800888479 0.9645287395 0.1930086762 0.8485811353 0.0531052388 0.5263932943
-220.4 260.4 2686.6 0.4974716604 0.2585810721 -0.8280445337 -0.1800888479 0.9645287395 0.1930086762 0.8485811353 0.0531052388 0.5263932943
-266.4 67.2 2678.8 0.5039775372 0.2314999849 -0.8321144581 -0.1543807536 0.9720409513 0.1769264191 0.8498077393 0.0392955206 0.5256259441
-293.9 283.0 2562.6 -0.3125447929 0.7893263698 -0.5284691453 0.7257387042 0.5573731661 0.4032846391 0.6128777266 -0.2574860156 -0.7470487356
-207.7 82.8 2393.6 -0.6108705997 0.7893263698 -0.0616522580 0.7550503016 0.5573731661 -0.3453029990 -0.2381934375 -0.2574860156 -0.9364640117
-146.8 237.9 2810.6 -0.1873741299 0.9730447531 -0.1344427168 -0.2611809373 0.0825879499 0.9617503285 0.9469295144 0.2153210044 0.2386658937
-217.1 140.0 3165.5 0.2150954604 0.9762002826 0.0276935827 -0.2349731177 0.0792565122 -0.9687651992 -0.9479038119 0.2018697411 0.2464285344
-357.5 -113.0 2594.4 0.6024687886 0.0691251457 -0.7951434255 -0.0454407632 0.9975972772 0.0522954948 0.7968478203 0.0046255188 0.6041623354
-384.9 -509.4 2592.5 0.6048268676 -0.0007070061 -0.7963566780 -0.1317933351 0.9861212969 -0.1009715199 0.7853757143 0.1660247892 0.5963395238
-268.7 -140.6 2752.1 -0.3568647504 0.1754563749 0.9175307155 0.0619159192 0.9844856262 -0.1641783416 -0.9321019053 -0.0017797004 -0.3621917367
-338.2 -530.6 2752.8 -0.3327494860 -0.2069758624 0.9200210571 -0.0660220087 0.9783354998 0.1962161958 -0.9407012463 0.0045491992 -0.3392055929
-31.9 -134.5 2462.1 0 0 0 0 0 0 0 0 0
-161.3 79.1 2919.7 0 0 0 0 0 0 0 0 0
-384.7 -819.7 2540.3 0 0 0 0 0 0 0 0 0
-271.6 -845.3 2751.3 0 0 0 0 0 0 0 0 0
-168.6 452.2 2697.1 6 0.5205388069 0.2637744248 -0.8120729327 -0.1946166009 0.9627035856 0.1879524738 0.8313626051 0.0602063239 0.5524594188
-222.0 257.1 2684.9 0.5205388069 0.2637744248 -0.8120729327 -0.1946166009 0.9627035856 0.1879524738 0.8313626051 0.0602063239 0.5524594188
-268.4 64.1 2675.9 0.5280297399 0.2331138253 -0.8166042566 -0.1654585600 0.9713991880 0.1703145057 0.8329514265 0.0451830365 0.5514983535
-299.1 281.3 2563.3 -0.3359991610 0.8111038208 -0.4787641764 0.7328028679 0.5444610715 0.4081201553 0.5916962624 -0.2137117386 -0.7773177028
-205.6 77.3 2398.6 -0.5840387940 0.8111038208 -0.0317683257 0.7737535238 0.5444610715 -0.3238327205 -0.2453653514 -0.2137117386 -0.9455808401
-145.0 233.0 2806.4 -0.1603718251 0.9788562655 -0.1269697845 -0.2733387947 0.0795624107 0.9586217999 0.9484549165 0.1884416938 0.2547998130
-205.1 130.5 3161.9 0.1877171397 0.9816290736 0.0341553017 -0.2226761580 0.0763989910 -0.9718943238 -0.9566491842 0.1748356521 0.2329267859
-358.5 -111.8 2593.2 0.6266663074 0.0782404169 -0.7753500938 -0.0338052474 0.9967399240 0.0732581764 0.7785541415 -0.0196975321 0.6272682548
-389.6 -507.7 2601.0 0.6325165033 -0.0191561580 -0.7743099332 -0.1413985640 0.9800388217 -0.1397511512 0.7615308762 0.1978812218 0.6171820760
-266.2 -140.1 2748.9 -0.3864781260 0.1998971850 0.9003753662 0.0578981228 0.9795626998 -0.1926257461 -0.9204794765 -0.0223155934 -0.3901532292
-345.4 -528.5 2757.7 -0.3608492017 -0.2295625210 0.9039297104 -0.0629663393 0.9730178118 0.2219719738 -0.9304961562 0.0231812652 -0.3655674160
-35.9 -147.5 2469.9 0 0 0 0 0 0 0 0 0
-156.4 72.8 2913.8 0 0 0 0 0 0 0 0 0
-383.5 -818.4 2538.3 0 0 0 0 0 0 0 0 0
-272.3 -838.4 2750.3 0 0 0 0 0 0 0 0 0
-166.8 450.8 2695.4 7 0.5218434334 0.2668076754 -0.8102425933 -0.1966910660 0.9618685246 0.1900566369 0.8300554156 0.0601876639 0.5544235110
-220.8 256.0 2683.2 0.5218434334 0.2668076754 -0.8102425933 -0.1966910660 0.9618685246 0.1900566369 0.8300554156 0.0601876639 0.5544235110
-268.3 63.2 2673.9 0.5287799835 0.2385897040 -0.8145346045 -0.1701763868 0.9699925184 0.1736505181 0.8315237164 0.0467916355 0.5535150170
-298.1 280.8 2561.8 -0.3250056505 0.8122217655 -0.4844245315 0.7472556233 0.5345084071 0.3948541284 0.5796380639 -0.2336591333 -0.7806555629
-209.2 76.5 2403.3 -0.5795563459 0.8122217655 -0.0664095506 0.7849800587 0.5345084071 -0.3132205307 -0.2189080715 -0.2336591333 -0.9473556280
-143.6 231.1 2804.6 -0.1599625796 0.9796650410 -0.1211132109 -0.2743460834 0.0737376660 0.9587997794 0.9482331872 0.1865990162 0.2569719851
-203.6 128.2 3160.2 0.1846018434 0.9823775887 0.0292650349 -0.2215593904 0.0706073493 -0.9725872874 -0.9575142860 0.1730574667 0.2306892276
-363.1 -113.8 2590.6 0.6290615797 0.0738782063 -0.7738369107 -0.0259810463 0.9969156384 0.0740552172 0.7769212127 -0.0264801979 0.6290407181
-392.4 -509.9 2601.1 0.6353382468 -0.0264958031 -0.7717792988 -0.1295783520 0.9815834165 -0.1403690428 0.7612849474 0.1891877055 0.6202041507
-266.3 -144.1 2743.2 -0.3930945396 0.2302519530 0.8902026415 0.0392299667 0.9714578986 -0.2339456081 -0.9186608195 -0.0570401177 -0.3909075558
-357.6 -529.3 2765.8 -0.3678462505 -0.2693931460 0.8900092840 -0.0578862056 0.9618934989 0.2672267556 -0.9280831218 0.0467790961 -0.3694230318
-40.8 -151.6 2466.9 0 0 0 0 0 0 0 0 0
-155.7 70.7 2911.8 0 0 0 0 0 0 0 0 0
-384.0 -823.0 2540.8 0 0 0 0 0 0 0 0 0
-271.7 -836.3 2750.9 0 0 0 0 0 0 0 0 0
-165.2 448.4 2696.1 8 0.5154651999 0.2716281712 -0.8127199411 -0.2123438418 0.9593391418 0.1859529465 0.8301841617 0.0767237991 0.5521845222
-220.2 254.0 2680.5 0.5154651999 0.2716281712 -0.8127199411 -0.2123438418 0.9593391418 0.1859529465 0.8301841617 0.0767237991 0.5521845222
-268.5 61.7 2668.0 0.5226262212 0.2429054677 -0.8172262311 -0.1855202913 0.9679857492 0.1690734476 0.8321322203 0.0632498190 0.5509586334
-296.6 281.1 2559.0 -0.3237086535 0.8169082403 -0.4773611128 0.7773241997 0.5172587037 0.3580650091 0.5394254327 -0.2551555932 -0.8024436235
-209.6 72.3 2414.1 -0.5721628666 0.8169082403 -0.0727363825 0.7825630903 0.5172587037 -0.3464656770 -0.2454071194 -0.2551555932 -0.9352384806
-143.9 226.9 2802.1 -0.1673691124 0.9787867665 -0.1181696281 -0.2880326807 0.0660860091 0.9553375244 0.9428811073 0.1939307153 0.2708618343
-206.7 118.9 3155.7 0.1897585243 0.9815579653 0.0231449958 -0.2076746523 0.0631660819 -0.9761563540 -0.9596160650 0.1804273725 0.2158310115
-364.1 -113.9 2588.4 0.6255067587 0.0713335127 -0.7769509554 -0.0202048607 0.9969587326 0.0752663836 0.7799570560 -0.0313814506 0.6250457168
-392.5 -510.1 2600.9 0.6322363019 -0.0255684815 -0.7743536234 -0.1298290342 0.9818269610 -0.1384205520 0.7638204098 0.1880480796 0.6174271107
-267.2 -145.1 2740.9 -0.3944765329 0.2197778672 0.8922364712 0.0233740844 0.9730626345 -0.2293529809 -0.9186086655 -0.0696191639 -0.3889874816
-354.4 -531.4 2768.5 -0.3763552606 -0.2583964765 0.8897122741 -0.0482636057 0.9644835591 0.2596961856 -0.9252174497 0.0547973067 -0.3754596114
-43.5 -154.9 2485.3 0 0 0 0 0 0 0 0 0
-157.4 65.0 2906.7 0 0 0 0 0 0 0 0 0
-384.4 -821.7 2541.2 0 0 0 0 0 0 0 0 0
-273.2 -834.5 2751.3 0 0 0 0 0 0 0 0 0
-166.3 448.5 2695.4 9 0.5058548450 0.2701467872 -0.8192262053 -0.2133469880 0.9593732357 0.1846241951 0.8358193040 0.0813864022 0.5429385900
-221.1 254.0 2678.9 0.5058548450 0.2701467872 -0.8192262053 -0.2133469880 0.9593732357 0.1846241951 0.8358193040 0.0813864022 0.5429385900
-268.9 61.6 2665.6 0.5132215023 0.2407760173 -0.8237903714 -0.1855534315 0.9682694674 0.1674042940 0.8379579782 0.0669416338 0.5416135192
-296.0 281.1 2556.5 -0.3367861211 0.8308224678 -0.4430678785 0.8083311319 0.4964369237 0.3164667189 0.4828829169 -0.2515639663 -0.8387727141
-206.8 67.0 2428.7 -0.5522540212 0.8308224678 -0.0689167827 0.7913714647 0.4964369237 -0.3567654788 -0.2621959448 -0.2515639663 -0.9316484928
-146.1 226.9 2801.3 -0.1778368205 0.9763855338 -0.1226596385 -0.2891413867 0.0672991276 0.9549178481 0.9406228662 0.2052855343 0.2703452110
-212.8 118.4 3154.2 0.2011345476 0.9793153405 0.0220544692 -0.2064934522 0.0643973649 -0.9763265252 -0.9575517774 0.1918188930 0.2151747346
-364.7 -113.6 2579.1 0.6176588535 0.0697120726 -0.7833503485 -0.0030195450 0.9962664247 0.0862790793 0.7864403725 -0.0509256721 0.6155632734
-392.4 -509.5 2599.4 0.6253329515 -0.0217782166 -0.7800541520 -0.1274054199 0.9833486676 -0.1295889467 0.7698873878 0.1804193556 0.6121456027
-268.8 -147.6 2731.7 -0.3848757148 0.2027421743 0.9004256129 0.0189186167 0.9771037102 -0.2119206786 -0.9227744937 -0.0645283163 -0.3798990846
-349.4 -535.7 2757.3 -0.3624224067 -0.2485499829 0.8982610106 -0.0756201297 0.9684492946 0.2374606282 -0.9289411306 0.0181344356 -0.3697831035
-48.6 -159.7 2503.8 0 0 0 0 0 0 0 0 0
-160.6 64.8 2905.6 0 0 0 0 0 0 0 0 0
-385.4 -822.2 2542.0 0 0 0 0 0 0 0 0 0
-272.7 -834.5 2751.7 0 0 0 0 0 0 0 0 0
-164.0 446.8 2697.1 0 0.5104959607 0.2767454386 -0.8141288757 -0.2150527984 0.9577957988 0.1907339692 0.8325540423 0.0777117759 0.5484657884
-220.1 252.8 2681.4 0.5104959607 0.2767454386 -0.8141288757 -0.2150527984 0.9577957988 0.1907339692 0.8325540423 0.0777117759 0.5484657884
-268.1 60.4 2668.9 0.5188789368 0.2419878989 -0.8198820353 -0.1839271188 0.9682374001 0.1693729311 0.8348265886 0.0629144907 0.5469061136
-295.9 279.7 2559.4 -0.3670102358 0.8591945767 -0.3564943075 0.8252291679 0.4775964916 0.3014936149 0.4293021262 -0.1835382581 -0.8843151927
-197.6 58.9 2444.5 -0.5114282370 0.8591945767 0.0150294807 0.7911280394 0.4775964916 -0.3821230531 -0.3354960680 -0.1835382581 -0.9239892364
-144.3 226.0 2803.3 -0.1715153158 0.9778415561 -0.1200348735 -0.2866979837 0.0670262501 0.9556734562 0.9425427318 0.1983263940 0.2688491642
-208.6 118.4 3156.9 0.1943141818 0.9806743860 0.0227987636 -0.2089638412 0.0640907437 -0.9758209586 -0.9584237933 0.1848517209 0.2173792273
-363.8 -113.8 2575.5 0.6230869293 0.0655701831 -0.7793992758 -0.0017679234 0.9965953231 0.0824293420 0.7821505666 -0.0499827266 0.6210814714
-389.8 -509.8 2595.4 0.6291164160 -0.0134147331 -0.7771953344 -0.1195650771 0.9862818718 -0.1138080209 0.7680603862 0.1645239145 0.6188821793
-269.7 -147.8 2729.2 -0.3937128186 0.2135703117 0.8940793872 0.0054785949 0.9731636643 -0.2300487906 -0.9192171693 -0.0856748596 -0.3843170702
-354.5 -534.3 2763.2 -0.3725360632 -0.2647911608 0.8894394636 -0.0768079981 0.9639386535 0.2547994554 -0.9248337150 0.0266059302 -0.3794400096
-51.8 -166.7 2540.2 0 0 0 0 0 0 0 0 0
-158.2 64.2 2908.1 0 0 0 0 0 0 0 0 0
-385.6 -821.9 2543.3 0 0 0 0 0 0 0 0 0
-270.9 -838.5 2754.8 0 0 0 0 0 0 0 0 0
-163.8 450.2 2698.4 1 0.5159747005 0.2759062946 -0.8109536767 -0.2125519216 0.9583382607 0.1908125728 0.8298143148 0.0739153028 0.5531226993
-219.9 255.3 2683.4 0.5159747005 0.2759062946 -0.8109536767 -0.2125519216 0.9583382607 0.1908125728 0.8298143148 0.0739153028 0.5531226993
-268.2 62.9 2671.4 0.5238369107 0.2432729155 -0.8163413405 -0.1833790839 0.9680868387 0.1708214134 0.8318455219 0.0602173731 0.5517307520
-296.4 282.1 2561.9 -0.3187376559 0.8150230646 -0.4838840067 0.8319694996 0.4851630628 0.2691534758 0.4541289508 -0.3167873621 -0.8327140212
-213.8 66.6 2444.2 -0.5785947442 0.8150230646 -0.0310732760 0.7107667923 0.4851630628 -0.5093401074 -0.4000483453 -0.3167873621 -0.8600041270
-143.4 228.5 2804.9 -0.1659704894 0.9791072607 -0.1174851656 -0.2853578925 0.0663554221 0.9561212659 0.9439410567 0.1922132373 0.2683829367
-205.6 121.5 3159.1 0.1882094294 0.9818540812 0.0232324526 -0.2103262842 0.0634008124 -0.9755732417 -0.9593435526 0.1787256896 0.2184423506
-363.8 -115.1 2579.8 0.6272822022 0.0645829812 -0.7761095762 -0.0106238369 0.9971724749 0.0743918568 0.7787195444 -0.0384194255 0.6261947155
-389.5 -511.3 2595.1 0.6329433918 -0.0143997697 -0.7740641832 -0.1225226596 0.9853639603 -0.1185159087 0.7644415498 0.1698542535 0.6219152808
-268.6 -148.8 2732.9 -0.3988809884 0.2063232511 0.8934901953 0.0069242688 0.9750092626 -0.2220562994 -0.9169765711 -0.0823872685 -0.3903412819
-350.6 -536.2 2765.6 -0.3797256052 -0.2591100335 0.8880711794 -0.0690045804 0.9652330875 0.2521180212 -0.9225220084 0.0344546810 -0.3844034672
-50.0 -134.7 2557.5 0 0 0 0 0 0 0 0 0
-156.8 66.9 2910.0 0 0 0 0 0 0 0 0 0
-385.0 -820.2 2541.8 0 0 0 0 0 0 0 0 0
-269.0 -840.3 2754.8 0 0 0 0 0 0 0 0 0
-166.1 449.4 2699.1 2 0.5226156116 0.2679893374 -0.8093544841 -0.2152409703 0.9600350261 0.1788967252 0.8249510527 0.0807120278 0.5594115853
-220.4 254.5 2682.7 0.5226156116 0.2679893374 -0.8093544841 -0.2152409703 0.9600350261 0.1788967252 0.8249510527 0.0807120278 0.5594115853
-268.1 62.0 2669.4 0.5297653079 0.2396133691 -0.8135933876 -0.1880761236 0.9685692191 0.1627913117 0.8270284534 0.0667763054 0.5581799150
-297.8 282.0 2561.9 -0.3049662709 0.7866873145 -0.5367668867 0.8457992673 0.4827856123 0.2270279080 0.4377432764 -0.3847611845 -0.8126128316
-218.6 62.3 2448.2 -0.6158403158 0.7866873145 -0.0431715325 0.6572881341 0.4827856123 -0.5786971450 -0.4344111085 -0.3847611845 -0.8143990636
-143.1 227.0 2803.5 -0.1588961482 0.9800016880 -0.1197863221 -0.2938739359 0.0688814521 0.9533590078 0.9425445199 0.1866871566 0.2770519555
-202.7 116.8 3157.1 0.1830850393 0.9826794267 0.0286533833 -0.2015570849 0.0660475120 -0.9772474170 -0.9622133970 0.1731440872 0.2101583183
-364.6 -112.6 2583.2 0.6316779852 0.0756306276 -0.7715328336 -0.0215014927 0.9965561032 0.0800849199 0.7749326229 -0.0339987725 0.6311287284
-394.6 -508.6 2596.7 0.6372156739 -0.0299370531 -0.7701038718 -0.1134810820 0.9847085476 -0.1321785152 0.7622848749 0.1716184467 0.6240743995
-268.5 -146.2 2735.8 -0.3992710114 0.2077836096 0.8929774165 0.0383238979 0.9769116044 -0.2101784497 -0.9160316586 -0.0496957861 -0.3980155587
-351.0 -534.2 2755.5 -0.3689185083 -0.2556342483 0.8936163783 -0.0892941877 0.9667350650 0.2396871001 -0.9251624942 0.0086302562 -0.3794731200
-44.6 -123.4 2570.9 0 0 0 0 0 0 0 0 0
-155.1 64.5 2907.4 0 0 0 0 0 0 0 0 0
-385.2 -818.8 2542.6 0 0 0 0 0 0 0 0 0
-269.7 -841.9 2752.7 0 0 0 0 0 0 0 0 0
-168.1 449.2 2697.9 3 0.5244460702 0.2616953254 -0.8102295399 -0.2108557373 0.9618717432 0.1741912216 0.8249219060 0.0794876441 0.5596297979
-221.2 254.0 2681.8 0.5244460702 0.2616953254 -0.8102295399 -0.2108557373 0.9618717432 0.1741912216 0.8249219060 0.0794876441 0.5596297979
-267.4 61.1 2669.2 0.5319231749 0.2327152044 -0.8141875267 -0.1816322058 0.9704726338 0.1587218642 0.8270837069 0.0634548366 0.5584855080
-298.9 280.5 2561.0 -0.3372575343 0.7574864626 -0.5589916110 0.8536584973 0.4964050353 0.1576362550 0.3968935609 -0.4240239263 -0.8140510917
-210.3 56.2 2456.7 -0.6504969001 0.7574864626 -0.0553896576 0.6289945841 0.4964050353 -0.5982874036 -0.4256989360 -0.4240239263 -0.7993648648
-143.5 227.4 2802.6 -0.1558542103 0.9796652198 -0.1263545156 -0.2919886410 0.0765090510 0.9533566833 0.9436376691 0.1854787469 0.2741268873
-202.0 117.9 3156.7 0.1835872084 0.9823483825 0.0358802862 -0.2032905370 0.0736531541 -0.9763442874 -0.9617529511 0.1719502062 0.2132239044
-364.3 -113.2 2580.3 0.6330668330 0.0709359199 -0.7708401084 -0.0076034823 0.9963142872 0.0854404867 0.7740597725 -0.0482284687 0.6312728524
-392.5 -509.1 2599.5 0.6399446726 -0.0267551262 -0.7679550648 -0.1171130016 0.9843226075 -0.1318846792 0.7594441175 0.1743364185 0.6267786026
-267.1 -147.7 2732.0 -0.4025952816 0.1980739981 0.8936910629 0.0219887439 0.9781190753 -0.2068806440 -0.9151139259 -0.0636380240 -0.3981415033
-345.8 -536.2 2757.3 -0.3793385625 -0.2389599383 0.8938682079 -0.0817089006 0.9709518552 0.2248913944 -0.9216430187 0.0122729903 -0.3878446519
-24.7 -123.2 2578.2 0 0 0 0 0 0 0 0 0
-154.3 65.1 2907.0 0 0 0 0 0 0 0 0 0
-383.9 -822.8 2543.9 0 0 0 0 0 0 0 0 0
-270.7 -841.3 2753.4 0 0 0 0 0 0 0 0 0
-170.3 449.4 2696.8 4 0.5248922706 0.2597171664 -0.8105770350 -0.2055127025 0.9628058076 0.1754122674 0.8259858489 0.0745113268 0.5587444901
-222.8 254.8 2681.8 0.5248922706 0.2597171664 -0.8105770350 -0.2055127025 0.9628058076 0.1754122674 0.8259858489 0.0745113268 0.5587444901
-268.6 61.8 2669.6 0.5318087935 0.2303677797 -0.8149294853 -0.1782185435 0.9711845517 0.1582363099 0.8278995156 0.0610840879 0.5575402975
-300.5 280.8 2560.8 -0.3194451034 0.6863319874 -0.6533783078 0.8588058352 0.5011087656 0.1065013409 0.4005088806 -0.5271037817 -0.7495026588
-217.2 56.8 2456.4 -0.7182404399 0.6863319874 -0.1143637374 0.5809712410 0.5011087656 -0.6413753629 -0.3828877509 -0.5271037817 -0.7586557269
-145.1 228.8 2802.7 -0.1557813734 0.9793584347 -0.1287992597 -0.2899090350 0.0793186203 0.9537616372 0.9442906976 0.1859183758 0.2715685070
