-339.9 513.5 2600.9 81 0.5676953793 0.1623934954 -0.8070628047 -0.0549522191 0.9856394529 0.1596719921 0.8214026093 -0.0462951586 0.5684668422
-373.0 312.1 2610.4 0.5676953793 0.1623934954 -0.8070628047 -0.0549522191 0.9856394529 0.1596719921 0.8214026093 -0.0462951586 0.5684668422
-403.2 118.9 2621.8 0.5700278878 0.1539485455 -0.8070737720 -0.0404118896 0.9863536954 0.1596035063 0.8206309080 -0.0583630763 0.5684704781
-454.3 317.8 2493.4 -0.2562016845 0.3218538165 -0.9114663005 0.8856194615 0.4560154378 -0.0879098773 0.3873485625 -0.8297349215 -0.4018719196
-378.3 55.3 2378.6 -0.7753841877 0.3218538165 -0.5433133841 0.6298562288 0.4560154378 -0.6287536025 0.0453925468 -0.8297349215 -0.5563088059
-291.8 306.3 2727.3 0.6909276843 0.6232132316 0.3663661778 -0.7158439159 0.6605491638 0.2263674587 -0.1009276882 -0.4186645746 0.9025151730
-105.9 113.7 2700.1 0.2809939682 0.6232132316 0.7298271060 -0.6887246370 0.6605491638 -0.2988865972 -0.6683567762 -0.4186645746 0.6148326397
-484.2 -67.7 2558.0 -0.4908660948 0.1527252346 0.8577443957 0.0381594822 0.9873395562 -0.1539624929 -0.8703989387 -0.0428438857 -0.4904794395
-544.0 -454.4 2574.8 -0.4950583279 -0.1432328969 0.8569723368 0.0654741675 0.9773640037 0.2011782676 -0.8663892746 0.1557045281 -0.4744741619
-377.5 -75.7 2703.8 -0.9123759270 -0.0415106602 -0.4072432220 -0.0370128527 0.9991356730 -0.0189202596 0.4076766372 -0.0021891559 -0.9131237268
-361.3 -466.8 2704.6 -0.8984487057 0.1621245444 -0.4080508947 0.1036902741 0.9813913107 0.1616151929 0.4266593754 0.1028920636 -0.8985404968
-158.1 -123.5 2365.7 0 0 0 0 0 0 0 0 0
-34.8 -60.7 2531.0 0 0 0 0 0 0 0 0 0
-497.2 -774.0 2523.9 0 0 0 0 0 0 0 0 0
-422.2 -835.3 2666.0 0 0 0 0 0 0 0 0 0
-340.5 514.7 2599.6 82 0.5701714754 0.1653415263 -0.8047152758 -0.0578860007 0.9851886034 0.1614082009 0.8194838166 -0.0454485975 0.5712974072
-374.2 313.8 2608.9 0.5701714754 0.1653415263 -0.8047152758 -0.0578860007 0.9851886034 0.1614082009 0.8194838166 -0.0454485975 0.5712974072
-405.3 120.8 2620.2 0.5724568963 0.1586267501 -0.8044443130 -0.0439826995 0.9856358767 0.1630566716 0.8187543154 -0.0579612814 0.5712108612
-455.8 320.1 2492.2 -0.2615097761 0.3194054961 -0.9108198285 0.8886447549 0.4479938149 -0.0980408937 0.3767268658 -0.8350338936 -0.4009927809
-378.2 56.6 2380.5 -0.7712658644 0.3194054961 -0.5505716205 0.6348778605 0.4479938149 -0.6294693351 0.0455967151 -0.8350338936 -0.5483058095
-292.6 307.5 2725.5 0.6956833601 0.6838277578 0.2200096548 -0.7183452249 0.6631873250 0.2101493478 -0.0022016549 -0.3042402864 0.9525927901
-117.2 126.4 2725.0 0.3131857812 0.6838277578 0.6590100527 -0.6433924437 0.6631873250 -0.3823986351 -0.6985418797 -0.3042402864 0.6476705074
-484.9 -70.6 2559.1 -0.4940645993 0.1580131501 0.8549456000 0.0376523361 0.9863119125 -0.1605336964 -0.8686094880 -0.0471233130 -0.4932513833
-546.8 -457.0 2577.5 -0.4991115928 -0.1537008584 0.8527975678 0.0681278482 0.9741370678 0.2154428214 -0.8638554215 0.1656292677 -0.4757317901
-381.8 -77.9 2707.4 -0.9107520580 -0.0518570580 -0.4096846282 -0.0437320322 0.9986169338 -0.0291841533 0.4106313884 -0.0086631877 -0.9117602706
-361.5 -469.0 2710.8 -0.8983323574 0.1557717919 -0.4107726514 0.0788785890 0.9770228863 0.1980010569 0.4321772456 0.1454695910 -0.8899783492
-159.5 -123.4 2367.6 0 0 0 0 0 0 0 0 0
-37.0 -38.3 2546.1 0 0 0 0 0 0 0 0 0
-496.5 -775.2 2523.4 0 0 0 0 0 0 0 0 0
-420.1 -836.0 2656.1 0 0 0 0 0 0 0 0 0
-339.6 512.8 2590.4 83 0.5767199993 0.1728698462 -0.7984422445 -0.0394534729 0.9821082950 0.1841376722 0.8159886599 -0.0746945664 0.5732218623
-374.8 312.8 2605.6 0.5767199993 0.1728698462 -0.7984422445 -0.0394534729 0.9821082950 0.1841376722 0.8159886599 -0.0746945664 0.5732218623
-406.8 120.3 2621.9 0.5787924528 0.1637064219 -0.7988739014 -0.0273536295 0.9829887152 0.1816175133 0.8150160313 -0.0832667500 0.5734243989
-457.3 316.7 2489.5 -0.2707695961 0.3171841204 -0.9088883400 0.8867377639 0.4496598840 -0.1072482094 0.3746732175 -0.8349851370 -0.4030133486
-378.3 58.1 2380.3 -0.7679421902 0.3171841204 -0.5564700961 0.6383985877 0.4496598840 -0.6247025132 0.0520765893 -0.8349851370 -0.5478026867
-292.3 308.9 2721.8 0.7088164091 0.6854463816 0.1665609032 -0.7028642297 0.6663279533 0.2489756644 0.0596752837 -0.2935477495 0.9540799856
-117.5 135.5 2736.5 0.2936400175 0.6854463816 0.6662873030 -0.6218876243 0.6663279533 -0.4114156365 -0.7259692550 -0.2935477495 0.6219311953
-488.1 -68.3 2557.6 -0.4990803599 0.1525153369 0.8530286551 0.0303515084 0.9868624210 -0.1586861312 -0.8660240173 -0.0533064269 -0.4971527457
-547.8 -454.8 2578.4 -0.5054747462 -0.1571590453 0.8484081030 0.0676915050 0.9730189443 0.2205719948 -0.8601820469 0.1689235866 -0.4811981320
-384.6 -76.3 2705.6 -0.9069210291 -0.0614988841 -0.4167878926 -0.0416881815 0.9975331426 -0.0564778596 0.4192330539 -0.0338458307 -0.9072475433
-360.5 -466.8 2718.8 -0.8956243992 0.1570264399 -0.4161725640 0.0566433780 0.9682614803 0.2434361875 0.4411897957 0.1944539696 -0.8760931492
-160.2 -123.2 2365.5 0 0 0 0 0 0 0 0 0
-42.0 -24.4 2549.8 0 0 0 0 0 0 0 0 0
-496.1 -774.8 2522.9 0 0 0 0 0 0 0 0 0
-419.5 -830.6 2645.8 0 0 0 0 0 0 0 0 0
-342.7 508.8 2587.4 84 0.5670792460 0.1584004462 -0.8082885742 -0.0216403566 0.9838603139 0.1776248217 0.8233788610 -0.0832357034 0.5613546371
-374.9 309.0 2604.3 0.5670792460 0.1584004462 -0.8082885742 -0.0216403566 0.9838603139 0.1776248217 0.8233788610 -0.0832357034 0.5613546371
-404.2 116.2 2622.1 0.5688057542 0.1497201771 -0.8087297678 -0.0106107509 0.9845457077 0.1748060882 0.8224034309 -0.0908494815 0.5616039038
-455.9 310.5 2487.1 -0.2747773528 0.3388807774 -0.8998095393 0.8834320307 0.4583785236 -0.0971443877 0.3795329928 -0.8216136098 -0.4253301620
-377.7 58.9 2379.0 -0.7654055953 0.3388807774 -0.5470960736 0.6421398520 0.4583785236 -0.6144473553 0.0425527096 -0.8216136098 -0.5684543252
-293.8 307.4 2721.4 0.7222506404 0.6789237261 0.1319719106 -0.6844521761 0.6741994619 0.2774532139 0.0993941799 -0.2907192409 0.9516318440
-115.3 138.3 2746.0 0.2795044184 0.6789237261 0.6789255142 -0.6034814119 0.6741994619 -0.4257525504 -0.7467847466 -0.2907192409 0.5981595516
-491.2 -69.6 2564.6 -0.4849181175 0.1432343125 0.8627504706 0.0396013781 0.9890814424 -0.1419494748 -0.8736624718 -0.0346677601 -0.4852957726
-547.3 -457.0 2578.2 -0.4906325638 -0.1551286131 0.8574466705 0.0736174211 0.9731276035 0.2181815356 -0.8682512045 0.1701699793 -0.4660279155
-386.6 -74.6 2711.9 -0.9115486741 -0.0633861199 -0.4062772393 -0.0494851135 0.9977766871 -0.0446421765 0.4082036614 -0.0205888432 -0.9126586914
-361.7 -465.3 2720.0 -0.8992131948 0.1594502628 -0.4074202478 0.0616343953 0.9681038857 0.2428498715 0.4331475794 0.1932627112 -0.8803594112
-160.6 -123.2 2366.9 0 0 0 0 0 0 0 0 0
-43.5 -16.7 2554.3 0 0 0 0 0 0 0 0 0
-496.8 -774.0 2522.7 0 0 0 0 0 0 0 0 0
-421.7 -829.5 2647.3 0 0 0 0 0 0 0 0 0
-341.3 510.0 2584.8 85 0.5819330215 0.1586967111 -0.7976022363 -0.0181278512 0.9830626249 0.1823711097 0.8130346537 -0.0916689560 0.5749534369
-373.6 309.4 2603.5 0.5819330215 0.1586967111 -0.7976022363 -0.0181278512 0.9830626249 0.1823711097 0.8130346537 -0.0916689560 0.5749534369
-402.5 116.6 2623.0 0.5839162469 0.1472009420 -0.7983568907 -0.0053742183 0.9841028452 0.1775180697 0.8117961287 -0.0993651375 0.5754247308
-456.8 310.1 2487.9 -0.2755400240 0.3189673126 -0.9068282843 0.8844329715 0.4537249506 -0.1091422290 0.3766378164 -0.8321018815 -0.4071245790
-377.8 56.5 2379.8 -0.7696048021 0.3189673126 -0.5531440377 0.6363993883 0.4537249506 -0.6238024235 0.0520026535 -0.8321018815 -0.5521795154
-290.4 308.6 2719.2 0.7292239070 0.6757511497 0.1076701507 -0.6699799299 0.6731006503 0.3131491542 0.1391380578 -0.3004927039 0.9435808063
-112.4 145.0 2753.2 0.2786591947 0.6757511497 0.6824290752 -0.6106678247 0.6731006503 -0.4171574414 -0.7412380576 -0.3004927039 0.6002251506
-484.9 -75.6 2565.6 -0.4979590476 0.1490858495 0.8542892933 0.0548971593 0.9885550141 -0.1405180097 -0.8654611707 -0.0230741575 -0.5004442930
-543.3 -462.8 2574.6 -0.5000404119 -0.1475333571 0.8533425331 0.0683527142 0.9755837321 0.2087207139 -0.8633003235 0.1626970619 -0.4777469635
-382.1 -77.6 2714.2 -0.9039798975 -0.0518299267 -0.4244219363 -0.0447895713 0.9986434579 -0.0265555177 0.4252225459 -0.0049959780 -0.9050750136
-361.8 -468.6 2716.2 -0.8908717036 0.1644561291 -0.4234404564 0.0689734668 0.9703283906 0.2317443639 0.4489880800 0.1772483438 -0.8757812381
-160.6 -123.2 2365.2 0 0 0 0 0 0 0 0 0
-40.9 -11.6 2563.0 0 0 0 0 0 0 0 0 0
-496.3 -773.8 2522.7 0 0 0 0 0 0 0 0 0
-423.7 -833.8 2649.4 0 0 0 0 0 0 0 0 0
-340.4 510.3 2583.0 86 0.5845659375 0.1584198475 -0.7957296968 -0.0132320467 0.9824834466 0.1858795434 0.8112382889 -0.0981297195 0.5764225721
-372.7 310.0 2603.1 0.5845659375 0.1584198475 -0.7957296968 -0.0132320467 0.9824834466 0.1858795434 0.8112382889 -0.0981297195 0.5764225721
-401.8 117.4 2623.7 0.5863077044 0.1488367319 -0.7962982655 -0.0020888259 0.9832514524 0.1822423190 0.8100857139 -0.1051867455 0.5767987967
-456.2 310.3 2487.6 -0.2688552141 0.3239099085 -0.9070827961 0.8844357133 0.4559702873 -0.0993204266 0.3814319372 -0.8289592862 -0.4090674818
-378.3 53.8 2377.0 -0.7753490806 0.3239099085 -0.5421403646 0.6300271153 0.4559702873 -0.6286151409 0.0435852297 -0.8289592862 -0.5576081872
-289.1 309.7 2718.5 0.7311059237 0.6764720678 0.0887111723 -0.6650522351 0.6775904894 0.3139692247 0.1522815675 -0.2885423303 0.9452796578
-108.7 145.6 2756.1 0.2796150744 0.6764720678 0.6813229322 -0.5987585187 0.6775904894 -0.4270355701 -0.7505356073 -0.2885423303 0.5945079327
-484.0 -75.6 2569.1 -0.4980716109 0.1554378271 0.8530907035 0.0662459731 0.9877484441 -0.1412959099 -0.8646017313 -0.0138616590 -0.5022665858
-544.9 -462.4 2574.5 -0.4983155131 -0.1506937742 0.8537991643 0.0678198040 0.9749861956 0.2116657197 -0.8643391132 0.1633808017 -0.4756307304
-378.5 -76.6 2715.8 -0.9034278989 -0.0400110148 -0.4268690646 -0.0267651156 0.9989572167 -0.0369877815 0.4279038608 -0.0219905917 -0.9035567045
-362.8 -467.7 2724.4 -0.8949015141 0.1530770063 -0.4191881120 0.0408446826 0.9634813070 0.2646421790 0.4443905652 0.2197070867 -0.8684732914
-160.6 -123.1 2364.8 0 0 0 0 0 0 0 0 0
-37.3 -7.4 2564.3 0 0 0 0 0 0 0 0 0
-496.7 -774.1 2522.3 0 0 0 0 0 0 0 0 0
-420.4 -830.1 2641.8 0 0 0 0 0 0 0 0 0
-340.2 509.8 2582.7 87 0.5860813260 0.1588704735 -0.7945243120 -0.0107201561 0.9820234179 0.1884544492 0.8101813197 -0.1019322053 0.5772486925
-372.6 309.7 2603.4 0.5860813260 0.1588704735 -0.7945243120 -0.0107201561 0.9820234179 0.1884544492 0.8101813197 -0.1019322053 0.5772486925
-401.9 117.2 2624.8 0.5878366828 0.1495028585 -0.7950452566 0.0004636694 0.9827129245 0.1851353198 0.8089795113 -0.1091979668 0.5776053667
-456.4 309.6 2488.1 -0.2698051333 0.3144080639 -0.9101388454 0.8832156658 0.4573262632 -0.1038402542 0.3835822046 -0.8318655491 -0.4010791183
-378.0 52.9 2376.7 -0.7767595053 0.3144080639 -0.5457034707 0.6276884079 0.4573262632 -0.6299682260 0.0514974371 -0.8318655491 -0.5525828004
-288.8 309.7 2718.7 0.7348421812 0.6750437617 0.0657488778 -0.6567359567 0.6839782596 0.3176029027 0.1694250405 -0.2765676379 0.9459415674
-110.6 150.5 2759.8 0.2895801961 0.6750437617 0.6785714626 -0.5904190540 0.6839782596 -0.4284612536 -0.7533582449 -0.2765676379 0.5966252685
-484.0 -74.9 2571.0 -0.4990648925 0.1558936089 0.8524267673 0.0670936257 0.9876836538 -0.1413487792 -0.8639633656 -0.0133498069 -0.5033776760
-545.0 -461.8 2576.3 -0.4999005795 -0.1508588791 0.8528429270 0.0724415109 0.9739790559 0.2147487551 -0.8630478978 0.1691342592 -0.4759642482
-378.0 -75.3 2717.5 -0.9025788903 -0.0362951346 -0.4289918542 -0.0259637125 0.9992152452 -0.0299128070 0.4297409058 -0.0158604477 -0.9028129578
-363.8 -466.6 2723.7 -0.8944556117 0.1482903361 -0.4218520522 0.0410939120 0.9666776657 0.2526769042 0.4452644885 0.2086727172 -0.8707440495
-160.4 -122.9 2362.2 0 0 0 0 0 0 0 0 0
-36.3 -1.0 2566.5 0 0 0 0 0 0 0 0 0
-496.8 -773.3 2522.2 0 0 0 0 0 0 0 0 0
-419.6 -830.5 2645.1 0 0 0 0 0 0 0 0 0
-340.2 510.9 2582.0 88 0.5823056102 0.1582893133 -0.7974112034 -0.0096307620 0.9821361303 0.1879251301 0.8129129410 -0.1017501801 0.5734278560
-372.6 310.3 2602.7 0.5823056102 0.1582893133 -0.7974112034 -0.0096307620 0.9821361303 0.1879251301 0.8129129410 -0.1017501801 0.5734278560
-401.7 117.8 2623.6 0.5837798119 0.1486970484 -0.7981793880 -0.0001934117 0.9831115007 0.1830075681 0.8119120002 -0.1066817492 0.5739493966
-455.8 310.3 2487.0 -0.2660965025 0.3183301389 -0.9098673463 0.8856396079 0.4533931017 -0.1003848761 0.3805720508 -0.8325266242 -0.4025720954
-377.9 51.2 2375.7 -0.7796970606 0.3183301389 -0.5392016768 0.6247398257 0.4533931017 -0.6357159615 0.0421027690 -0.8325266242 -0.5523827672
-289.4 310.3 2718.5 0.7389138937 0.6709597707 0.0617999174 -0.6536970139 0.6916099787 0.3071739674 0.1633599401 -0.2673735321 0.9496446252
-111.3 152.8 2757.8 0.3054163158 0.6709597707 0.6756728888 -0.5863506198 0.6916099787 -0.4217446446 -0.7502757907 -0.2673735321 0.6046466827
-484.3 -75.3 2573.1 -0.4947360754 0.1641306132 0.8534033895 0.0685335025 0.9863135815 -0.1499622017 -0.8663367629 -0.0157049913 -0.4992133379
-548.6 -461.6 2579.2 -0.4965845942 -0.1612008810 0.8528880477 0.0794723034 0.9700317979 0.2296136022 -0.8643424511 0.1818035543 -0.4688918591
-378.0 -75.2 2719.3 -0.9044152498 -0.0382897183 -0.4249317348 -0.0349856615 0.9992663860 -0.0155791203 0.4252165258 0.0007765235 -0.9050913453
-363.0 -466.6 2719.0 -0.8955098987 0.1472917646 -0.4199609458 0.0424600840 0.9676162601 0.2488290519 0.4430115223 0.2049972862 -0.8727639318
-160.4 -123.1 2363.9 0 0 0 0 0 0 0 0 0
-33.6 3.5 2566.8 0 0 0 0 0 0 0 0 0
-496.7 -773.7 2520.8 0 0 0 0 0 0 0 0 0
-418.5 -830.9 2641.8 0 0 0 0 0 0 0 0 0
-339.7 511.3 2581.6 89 0.5688924789 0.1643928885 -0.8058140874 -0.0083968416 0.9809280634 0.1941895932 0.8223690391 -0.1037067100 0.5594230294
-373.3 310.4 2602.9 0.5688924789 0.1643928885 -0.8058140874 -0.0083968416 0.9809280634 0.1941895932 0.8223690391 -0.1037067100 0.5594230294
-403.8 118.1 2624.2 0.5703602433 0.1557966769 -0.8064841032 0.0005999351 0.9817679524 0.1900823116 0.8213944435 -0.1088992283 0.5598679185
-454.6 310.3 2485.8 -0.2641558647 0.3235662878 -0.9085848927 0.8878767490 0.4495110214 -0.0980549380 0.3766916394 -0.8326131701 -0.4060279429
-377.6 51.5 2376.0 -0.7787110209 0.3235662878 -0.5375072360 0.6263749003 0.4495110214 -0.6368628740 0.0355480500 -0.8326131701 -0.5527129769
-292.1 310.5 2719.9 0.7507038116 0.6602987647 0.0211975649 -0.6313094497 0.7075520754 0.3175192177 0.1946591735 -0.2517451048 0.9480148554
-112.7 159.7 2766.4 0.3151333034 0.6602987647 0.6816865206 -0.5653139353 0.7075520754 -0.4240167439 -0.7623064518 -0.2517451048 0.5962493420
-483.6 -74.8 2571.2 -0.4802214205 0.1653389484 0.8614234924 0.0660624206 0.9861021042 -0.1524412781 -0.8746560216 -0.0162978452 -0.4844700694
-548.3 -461.0 2577.5 -0.4813590944 -0.1632301211 0.8611906767 0.0727683008 0.9716736674 0.2248446196 -0.8734976649 0.1708983779 -0.4558459818
-378.0 -74.8 2717.9 -0.9113460779 -0.0402666405 -0.4096668363 -0.0309701264 0.9990906119 -0.0293055642 0.4104743302 -0.0140200760 -0.9117643833
-362.3 -466.1 2723.4 -0.9035156965 0.1429231763 -0.4040202200 0.0372096524 0.9653523564 0.2582834065 0.4269365668 0.2183296680 -0.8775290847
-160.5 -123.2 2366.1 0 0 0 0 0 0 0 0 0
-31.5 14.1 2570.1 0 0 0 0 0 0 0 0 0
-496.0 -772.6 2522.7 0 0 0 0 0 0 0 0 0
-416.1 -829.6 2641.2 0 0 0 0 0 0 0 0 0
-342.6 508.2 2581.5 90 0.5680308938 0.1561767906 -0.8080530167 0.0027490288 0.9814642668 0.1916253865 0.8230026364 -0.1110705063 0.5570726991
-374.4 308.4 2604.1 0.5680308938 0.1561767906 -0.8080530167 0.0027490288 0.9814642668 0.1916253865 0.8230026364 -0.1110705063 0.5570726991
-402.9 116.0 2626.8 0.5695618391 0.1457656324 -0.8089200854 0.0127066094 0.9824702740 0.1859857291 0.8218502998 -0.1162090078 0.5577253699
-455.5 306.6 2486.9 -0.2694562376 0.3164631724 -0.9095297456 0.8872205615 0.4488429427 -0.1066758335 0.3744770288 -0.8356979489 -0.4017161429
-377.7 50.4 2378.8 -0.7803333998 0.3164631724 -0.5393800139 0.6241022944 0.4488429427 -0.6395595074 0.0396998897 -0.8356979489 -0.5477525592
-293.2 310.2 2721.2 0.7499260306 0.6574807763 0.0730066150 -0.6531198621 0.7183454633 0.2396126091 0.1050967127 -0.2273738086 0.9681197405
-110.4 151.0 2746.8 0.3600732386 0.6574807763 0.6618657708 -0.5646330118 0.7183454633 -0.4064103067 -0.7426552176 -0.2273738086 0.6298923492
-485.9 -74.2 2571.3 -0.4784286916 0.1500066668 0.8652190566 0.0650786832 0.9886485934 -0.1354204714 -0.8757115602 -0.0084817251 -0.4827601016
-544.7 -461.4 2574.6 -0.4790978432 -0.1544875354 0.8640595078 0.0692729577 0.9746648073 0.2126729488 -0.8750237226 0.1617470980 -0.4562579989
-382.8 -74.1 2719.7 -0.9111917615 -0.0493578687 -0.4090150893 -0.0405946225 0.9987226725 -0.0300852880 0.4099775851 -0.0108096553 -0.9120315313
-363.5 -465.2 2724.0 -0.9027968645 0.1418737918 -0.4059921503 0.0359162949 0.9655945301 0.2575602531 0.4285648465 0.2179428488 -0.8768312931
-160.6 -123.3 2367.7 0 0 0 0 0 0 0 0 0
-18.2 6.4 2556.6 0 0 0 0 0 0 0 0 0
-495.4 -772.3 2523.0 0 0 0 0 0 0 0 0 0
-416.9 -828.9 2641.9 0 0 0 0 0 0 0 0 0
-347.2 505.9 2583.9 91 0.5637956858 0.1429585665 -0.8134477735 0.0076809628 0.9839556217 0.1782479435 0.8258785605 -0.1067434847 0.5536519289
-376.2 306.2 2605.5 0.5637956858 0.1429585665 -0.8134477735 0.0076809628 0.9839556217 0.1782479435 0.8258785605 -0.1067434847 0.5536519289
-402.8 113.4 2627.6 0.5650756359 0.1356615871 -0.8138092160 0.0167225730 0.9843027592 0.1756942421 0.8248696327 -0.1128895134 0.5539368391
-456.8 303.8 2488.0 -0.2790002525 0.3021572232 -0.9115151763 0.8824179769 0.4551071227 -0.1192310676 0.3788105249 -0.8376028538 -0.3936039507
-375.7 47.4 2377.9 -0.7732259035 0.3021572232 -0.5575147867 0.6309064031 0.4551071227 -0.6283586621 0.0638658553 -0.8376028538 -0.5425335169
-295.7 308.6 2723.1 0.7587429881 0.6318869591 0.1582022607 -0.6503158212 0.7208688855 0.2396610379 0.0373956040 -0.2847225666 0.9578802586
-104.0 144.3 2732.5 0.3597415686 0.6318869591 0.6865164638 -0.5981696248 0.7208688855 -0.3500588536 -0.7160859704 -0.2847225666 0.6373020411
-483.0 -77.5 2575.3 -0.4719112217 0.1524447501 0.8683665395 0.0798469782 0.9882801175 -0.1301033795 -0.8780229092 0.0079391962 -0.4785527289
-542.7 -464.6 2572.2 -0.4705156982 -0.1495306492 0.8696295619 0.0706036091 0.9759972692 0.2060206085 -0.8795624375 0.1583349109 -0.4486646056
-380.0 -75.2 2723.9 -0.9130912423 -0.0456096269 -0.4051964283 -0.0466822162 0.9988835454 -0.0072399098 0.4050742388 0.0123047680 -0.9142009616
-362.1 -466.4 2719.0 -0.9021915197 0.1498349309 -0.4044749439 0.0584863462 0.9715610147 0.2294527739 0.4273521304 0.1833540797 -0.8852973580
-160.7 -128.1 2360.1 0 0 0 0 0 0 0 0 0
-10.2 -11.7 2545.9 0 0 0 0 0 0 0 0 0
-495.3 -773.6 2522.1 0 0 0 0 0 0 0 0 0
-418.5 -832.1 2650.0 0 0 0 0 0 0 0 0 0
-347.4 507.3 2584.1 92 0.5689892173 0.1424123198 -0.8099197149 0.0026191967 0.9845716357 0.1749623120 0.8223407865 -0.1016730070 0.5598376393
-376.4 307.1 2604.7 0.5689892173 0.1424123198 -0.8099197149 0.0026191967 0.9845716357 0.1749623120 0.8223407865 -0.1016730070 0.5598376393
-402.5 114.2 2625.7 0.5703380704 0.1329970658 -0.8105715513 0.0122667765 0.9853159189 0.1703000069 0.8213184476 -0.1070716754 0.5603317022
-457.7 305.4 2487.7 -0.2908390164 0.3256883919 -0.8996331096 0.8819107413 0.4558678865 -0.1200747043 0.3710069060 -0.8283185363 -0.4198122323
-370.8 41.9 2376.8 -0.7782801986 0.3256883919 -0.5368492007 0.6267111301 0.4558678865 -0.6319949627 0.0388988890 -0.8283185363 -0.5589054823
-295.1 308.9 2721.8 0.7555993795 0.6312116385 0.1750470251 -0.6549513340 0.7237809300 0.2172094285 0.0104094343 -0.2787705958 0.9603012800
-103.1 142.5 2724.4 0.3661528230 0.6312116385 0.6837425828 -0.5949206948 0.7237809300 -0.3495863080 -0.7155427933 -0.2787705958 0.6405352950
-480.4 -80.9 2575.2 -0.4771175981 0.1575492620 0.8646022677 0.0886321813 0.9874101877 -0.1310172081 -0.8743587136 0.0141209662 -0.4850746989
-542.1 -467.6 2569.7 -0.4735377133 -0.1462026536 0.8685544729 0.0636758730 0.9778637290 0.1993187517 -0.8784688115 0.1496909112 -0.4537457526
-378.3 -77.9 2724.3 -0.9107391238 -0.0468615778 -0.4103148580 -0.0434919633 0.9988996387 -0.0175479427 0.4106856883 0.0018637999 -0.9117750525
-359.9 -469.1 2723.6 -0.8998040557 0.1565941125 -0.4072234035 0.0501192324 0.9642894864 0.2600650191 0.4334059060 0.2135978341 -0.8755199909
-153.2 -133.4 2366.0 0 0 0 0 0 0 0 0 0
-9.4 -9.9 2541.2 0 0 0 0 0 0 0 0 0
-496.3 -774.2 2522.7 0 0 0 0 0 0 0 0 0
-418.9 -832.0 2643.2 0 0 0 0 0 0 0 0 0
-347.3 507.9 2582.7 93 0.5694769025 0.1420325935 -0.8096436262 0.0058695427 0.9842314124 0.1767882854 0.8219863772 -0.1054290906 0.5596634150
-376.2 307.6 2604.1 0.5694769025 0.1420325935 -0.8096436262 0.0058695427 0.9842314124 0.1767882854 0.8219863772 -0.1054290906 0.5596634150
-402.4 114.7 2625.9 0.5707946420 0.1336932033 -0.8101355433 0.0152795510 0.9847548604 0.1732753515 0.8209506869 -0.1112831458 0.5600500703
-457.5 305.4 2487.1 -0.2851360440 0.2974573076 -0.9111621976 0.8850838542 0.4465593398 -0.1311917454 0.3678640723 -0.8438624740 -0.3906048238
-373.6 44.9 2378.9 -0.7821874619 0.2974573076 -0.5474504232 0.6208017468 0.4465593398 -0.6443523765 0.0528017953 -0.8438624740 -0.5339550972
-294.8 309.8 2721.1 0.7599869967 0.6210456491 0.1916301548 -0.6497292519 0.7184909582 0.2482390702 0.0164832436 -0.3131661713 0.9495552778
-101.5 144.5 2725.3 0.3448266089 0.6210456491 0.7038444281 -0.6092883945 0.7184909582 -0.3354673386 -0.7140463591 -0.3131661713 0.6261507273
-480.1 -79.9 2572.4 -0.4779535532 0.1638879478 0.8629606962 0.0827038884 0.9864719510 -0.1415385902 -0.8744829893 0.0037213268 -0.4850419462
-544.3 -466.3 2571.0 -0.4748794734 -0.1521976441 0.8667902350 0.0623271577 0.9766424298 0.2056328654 -0.8778409958 0.1516754031 -0.4543014169
-377.0 -77.7 2720.9 -0.9104489088 -0.0417942218 -0.4115046263 -0.0433254689 0.9990452528 -0.0056103729 0.4113462269 0.0127206724 -0.9113904238
-360.6 -469.0 2715.9 -0.8999217749 0.1513142735 -0.4089557230 0.0523145683 0.9685528278 0.2432459891 0.4329017997 0.1975080222 -0.8795377016
-154.3 -129.1 2364.1 0 0 0 0 0 0 0 0 0
-13.8 -10.6 2543.7 0 0 0 0 0 0 0 0 0
-496.1 -775.0 2523.0 0 0 0 0 0 0 0 0 0
-417.5 -833.6 2641.6 0 0 0 0 0 0 0 0 0
-347.0 508.3 2582.0 94 0.5737439990 0.1427449435 -0.8064996600 0.0073517691 0.9837581515 0.1793485433 0.8190016747 -0.1088293493 0.5633758903
-376.2 307.6 2604.2 0.5737439990 0.1427449435 -0.8064996600 0.0073517691 0.9837581515 0.1793485433 0.8190016747 -0.1088293493 0.5633758903
-402.5 114.8 2626.5 0.5750043988 0.1342706233 -0.8070572019 0.0163066387 0.9843644500 0.1753873378 0.8179877996 -0.1140088812 0.5638244152
-458.1 305.3 2487.6 -0.2824725509 0.2844842970 -0.9161211252 0.8878923655 0.4390439987 -0.1374317110 0.3631203175 -0.8522376418 -0.3766093254
-375.6 45.8 2381.5 -0.7892400622 0.2844842970 -0.5442138910 0.6118983030 0.4390439987 -0.6578912139 0.0517741293 -0.8522376418 -0.5205866098
-294.2 309.9 2720.8 0.7549709678 0.5940551758 0.2777000070 -0.6554307342 0.6969733238 0.2909273803 -0.0207225736 -0.4016548395 0.9155566692
-99.4 140.8 2715.4 0.3076146543 0.5940551758 0.7432843447 -0.6581823230 0.6969733238 -0.2846475840 -0.6871457696 -0.4016548395 0.6053958535
-480.2 -79.5 2573.5 -0.4831538796 0.1650467664 0.8598383069 0.0764985159 0.9862734675 -0.1463306397 -0.8721870780 -0.0049238601 -0.4891476631
-544.8 -465.9 2575.4 -0.4828407466 -0.1520110965 0.8624137044 0.0744855180 0.9741206169 0.2134031355 -0.8725346327 0.1672770679 -0.4590225220
-377.0 -76.8 2721.9 -0.9083729982 -0.0392447673 -0.4163151979 -0.0416413285 0.9991270900 -0.0033259674 0.4160823226 0.0143146990 -0.9092142582
-361.6 -468.1 2716.3 -0.8987393379 0.1439304352 -0.4141879380 0.0514168739 0.9726684690 0.2264339775 0.4354583025 0.1822088808 -0.8815758824
-154.2 -125.8 2367.0 0 0 0 0 0 0 0 0 0
-20.8 -27.4 2539.7 0 0 0 0 0 0 0 0 0
-496.7 -773.9 2522.5 0 0 0 0 0 0 0 0 0
-415.8 -834.3 2647.7 0 0 0 0 0 0 0 0 0
-349.4 508.7 2583.1 95 0.5763839483 0.1381669194 -0.8054138422 0.0068857623 0.9847465158 0.1738587320 0.8171499968 -0.1057552770 0.5666407347
-377.5 308.0 2604.7 0.5763839483 0.1381669194 -0.8054138422 0.0068857623 0.9847465158 0.1738587320 0.8171499968 -0.1057552770 0.5666407347
-403.1 115.1 2627.0 0.5778656006 0.1308060586 -0.8055812120 0.0177352969 0.9848265648 0.1726329923 0.8159391880 -0.1140458956 0.5667775273
-459.9 305.5 2488.4 -0.2877205312 0.2921149433 -0.9120777249 0.8870081902 0.4404113293 -0.1387598217 0.3611555696 -0.8489444852 -0.3858237267
-375.7 46.1 2382.8 -0.7771348953 0.2921149433 -0.5574318171 0.6266832352 0.4404113293 -0.6428887844 0.0577018932 -0.8489444852 -0.5253225565
-295.2 310.5 2721.0 0.7662741542 0.6039684415 0.2191939205 -0.6419677138 0.7056309581 0.2999373078 0.0264826659 -0.3705496490 0.9284350276
-96.2 143.8 2727.8 0.2838385701 0.6039684415 0.7447534800 -0.6248745918 0.7056309581 -0.3340908885 -0.7273014784 -0.3705496490 0.5776898265
-480.7 -79.4 2574.9 -0.4848145545 0.1595309079 0.8599445820 0.0857120603 0.9871576428 -0.1348083168 -0.8704069853 0.0083505893 -0.4922621250
-543.2 -466.1 2571.6 -0.4817372561 -0.1494147182 0.8634839058 0.0648973808 0.9765684605 0.2051887512 -0.8739093542 0.1548849195 -0.4607527852
-376.8 -76.5 2722.8 -0.9069414735 -0.0389367640 -0.4194532633 -0.0399127975 0.9991823435 -0.0064521008 0.4193615317 0.0108898757 -0.9077540040
-361.5 -467.9 2718.5 -0.8967750669 0.1485784650 -0.4167959988 0.0543385558 0.9717890620 0.2295067012 0.4391375482 0.1831678003 -0.8795497417
-157.4 -130.0 2366.6 0 0 0 0 0 0 0 0 0
-24.9 -13.0 2545.3 0 0 0 0 0 0 0 0 0
-496.2 -773.2 2522.9 0 0 0 0 0 0 0 0 0
-417.5 -833.8 2649.5 0 0 0 0 0 0 0 0 0
-350.3 508.0 2583.2 96 0.5725941658 0.1346389502 -0.8087077737 0.0109765548 0.9850752950 0.1717735678 0.8197654486 -0.1072333753 0.5625705123
-377.7 307.9 2605.0 0.5725941658 0.1346389502 -0.8087077737 0.0109765548 0.9850752950 0.1717735678 0.8197654486 -0.1072333753 0.5625705123
-402.7 114.9 2627.4 0.5738502145 0.1279839724 -0.8088980317 0.0203997288 0.9851731062 0.1703462601 0.8187061548 -0.1142545417 0.5627309680
-459.5 304.9 2488.3 -0.2849614322 0.2912175953 -0.9132301211 0.8868948817 0.4415144324 -0.1359504461 0.3636131287 -0.8486797214 -0.3840939701
-376.7 47.3 2382.7 -0.7853590846 0.2912175953 -0.5462631583 0.6168991923 0.4415144324 -0.6515369415 0.0514440313 -0.8486797214 -0.5263992548
-295.9 310.8 2721.7 0.7643867731 0.6146551371 0.1947097629 -0.6439301968 0.7124650478 0.2788324356 0.0326618999 -0.3385153115 0.9403938651
-100.9 146.5 2730.0 0.2954739034 0.6146551371 0.7313646078 -0.6058706641 0.7124650478 -0.3539976180 -0.7386581898 -0.3385153115 0.5829163790
-481.0 -79.4 2575.6 -0.4793943465 0.1604169756 0.8628136516 0.0926607698 0.9869086146 -0.1320051551 -0.8726941347 0.0166664589 -0.4879827797
-543.8 -465.9 2569.1 -0.4735257626 -0.1521746814 0.8675345778 0.0523894392 0.9783515334 0.2002088428 -0.8792204857 0.1402536929 -0.4553023279
-376.5 -76.2 2723.1 -0.9089499712 -0.0381591097 -0.4151552320 -0.0393542983 0.9992091656 -0.0056794281 0.4150436521 0.0111758271 -0.9097328782
-361.6 -467.6 2718.7 -0.8984792233 0.1494689733 -0.4127882719 0.0586671010 0.9727027416 0.2245163172 0.4350784719 0.1775061488 -0.8827220798
-155.4 -126.5 2368.2 0 0 0 0 0 0 0 0 0
-28.1 -2.8 2547.9 0 0 0 0 0 0 0 0 0
-496.0 -773.7 2524.9 0 0 0 0 0 0 0 0 0
-417.9 -833.9 2651.9 0 0 0 0 0 0 0 0 0
-350.6 506.7 2573.2 97 0.5745980144 0.1407781243 -0.8062373400 0.0225171391 0.9820033312 0.1875165999 0.8181259632 -0.1259008199 0.5610872507
-379.3 306.7 2598.9 0.5745980144 0.1407781243 -0.8062373400 0.0225171391 0.9820033312 0.1875165999 0.8181259632 -0.1259008199 0.5610872507
-405.5 114.3 2624.0 0.5754194260 0.1339518726 -0.8068143129 0.0283913277 0.9826300740 0.1833904833 0.8173655272 -0.1284329742 0.5616213679
-461.3 302.7 2482.4 -0.2906554639 0.2753008902 -0.9163671732 0.8910959363 0.4267275631 -0.1544396281 0.3485217690 -0.8614597917 -0.3693501949
-378.5 49.0 2383.2 -0.7845959663 0.2753008902 -0.5555345416 0.6175481081 0.4267275631 -0.6607101560 0.0551678091 -0.8614597917 -0.5048202872
-297.3 310.7 2715.4 0.7655934095 0.6243925095 0.1549218297 -0.6405538321 0.7175355554 0.2735572457 0.0596451759 -0.3086693883 0.9492974281
-103.2 148.4 2730.5 0.3068681955 0.6243925095 0.7183076739 -0.5887294412 0.7175355554 -0.3722102046 -0.7478165627 -0.3086693883 0.5877870321
-479.7 -79.9 2575.7 -0.4796614945 0.1623522490 0.8623030782 0.0874423161 0.9866859317 -0.1371303946 -0.8730857372 0.0096256081 -0.4874716997
-543.3 -466.4 2572.0 -0.4753628075 -0.1522392482 0.8665179610 0.0585361943 0.9772593975 0.2038078457 -0.8778403997 0.1476053298 -0.4556412399
-375.9 -76.2 2723.8 -0.9077634215 -0.0381984636 -0.4177396894 -0.0470540114 0.9988327026 0.0109159779 0.4168350697 0.0295654535 -0.9085012078
-361.0 -467.4 2712.2 -0.8963639140 0.1508874297 -0.4168509841 0.0653894246 0.9750108123 0.2123160660 0.4384700358 0.1630548239 -0.8838309646
-157.4 -125.1 2367.6 0 0 0 0 0 0 0 0 0
-28.4 4.9 2548.3 0 0 0 0 0 0 0 0 0
-495.4 -773.4 2525.6 0 0 0 0 0 0 0 0 0
-417.8 -834.6 2650.8 0 0 0 0 0 0 0 0 0
-352.2 504.4 2568.8 98 0.5717692971 0.1411127299 -0.8081875443 0.0241239201 0.9817788601 0.1884894371 0.8200597167 -0.1272691190 0.5579468012
-380.8 304.8 2594.6 0.5717692971 0.1411127299 -0.8081875443 0.0241239201 0.9817788601 0.1884894371 0.8200597167 -0.1272691190 0.5579468012
-407.2 112.4 2619.9 0.5724599361 0.1346738786 -0.8087970018 0.0290429909 0.9824692011 0.1841486692 0.8194181919 -0.1289076209 0.5585129261
-462.4 300.7 2477.8 -0.2995983660 0.2474668622 -0.9214124680 0.8924483657 0.4141393602 -0.1789538413 0.3373080194 -0.8759273887 -0.3449268937
-377.3 47.1 2382.0 -0.7757210135 0.2474668622 -0.5805317163 0.6263623238 0.4141393602 -0.6604232192 0.0769881681 -0.8759273887 -0.4762605131
-299.2 309.0 2711.4 0.7749831676 0.5938946009 0.2160794288 -0.6305513978 0.7036377788 0.3275649846 0.0424974337 -0.3901065290 0.9197884798
-103.3 149.5 2722.2 0.2980411947 0.5938946009 0.7473022342 -0.6427960396 0.7036377788 -0.3028319180 -0.7056803107 -0.3901065290 0.5914661288
-483.8 -80.7 2575.3 -0.4774116278 0.1485774517 0.8660270572 0.0807345957 0.9888484478 -0.1251426786 -0.8749628663 0.0101737734 -0.4840830863
-541.9 -468.0 2571.3 -0.4744709730 -0.1482273787 0.8677015305 0.0606889203 0.9778670073 0.2002322078 -0.8781766295 0.1476642340 -0.4549737573
-379.7 -75.6 2723.1 -0.9086530805 -0.0500428379 -0.4145423174 -0.0606442802 0.9980819225 0.0124420607 0.4131245315 0.0364451371 -0.9099449515
-360.1 -466.5 2708.8 -0.8956740499 0.1542200595 -0.4171141088 0.0863187164 0.9803949594 0.1771293133 0.4362534583 0.1226453707 -0.8914263844
-158.9 -129.2 2360.3 0 0 0 0 0 0 0 0 0
-31.1 -6.2 2551.2 0 0 0 0 0 0 0 0 0
-495.7 -772.9 2525.3 0 0 0 0 0 0 0 0 0
-418.2 -835.5 2662.6 0 0 0 0 0 0 0 0 0
-354.2 503.2 2567.0 99 0.5735192299 0.1373133659 -0.8076018691 0.0284191556 0.9819231629 0.1871344149 0.8186990023 -0.1302765459 0.5592494607
-382.1 303.7 2593.5 0.5735192299 0.1373133659 -0.8076018691 0.0284191556 0.9819231629 0.1871344149 0.8186990023 -0.1302765459 0.5592494607
-407.9 111.3 2619.2 0.5740370750 0.1318113953 -0.8081504703 0.0321990214 0.9825613499 0.1831295192 0.8181959987 -0.1311447769 0.5597824454
-463.9 299.1 2476.9 -0.3085615039 0.3022478819 -0.9019068480 0.8879853487 0.4314299226 -0.1592174619 0.3409864902 -0.8500084877 -0.4015143812
-376.0 46.2 2379.7 -0.7705028653 0.3022478819 -0.5612232685 0.6355798244 0.4314299226 -0.6402394176 0.0486175157 -0.8500084877 -0.5245206356
-300.3 308.3 2710.1 0.7806974053 0.6110525727 0.1308674663 -0.6191900969 0.7281320095 0.2939853668 0.0843517333 -0.3105454445 0.9468084574
-106.6 154.7 2731.0 0.3417635560 0.6110525727 0.7140114903 -0.5965273976 0.7281320095 -0.3376075327 -0.7261905670 -0.3105454445 0.6133585572
-485.3 -82.6 2571.1 -0.4795962274 0.1410808563 0.8660736680 0.0763113946 0.9899569750 -0.1190029457 -0.8741647601 0.0090179294 -0.4855457246
-540.6 -470.4 2567.5 -0.4764336646 -0.1431817859 0.8674733043 0.0538183004 0.9800508618 0.1913214773 -0.8775616884 0.1378379315 -0.4592234194
-381.8 -77.4 2719.2 -0.9079719186 -0.0517307706 -0.4158256352 -0.0560960956 0.9984238744 -0.0017208174 0.4152592719 0.0217637401 -0.9094427228
-361.6 -468.4 2710.7 -0.8967282176 0.1450544298 -0.4181360006 0.0717672408 0.9799194932 0.1860302836 0.4367241263 0.1368101388 -0.8891316056
-160.1 -131.9 2366.1 0 0 0 0 0 0 0 0 0
-22.5 7.9 2552.3 0 0 0 0 0 0 0 0 0
-496.5 -772.4 2525.0 0 0 0 0 0 0 0 0 0
-416.2 -837.3 2659.2 0 0 0 0 0 0 0 0 0
-355.2 502.8 2574.6 00 0.5675393939 0.1228258684 -0.8141332269 0.0291738734 0.9851893187 0.1689699590 0.8228292465 -0.1196485236 0.5555504560
-380.1 303.3 2598.9 0.5675393939 0.1228258684 -0.8141332269 0.0291738734 0.9851893187 0.1689699590 0.8228292465 -0.1196485236 0.5555504560
-402.9 110.2 2622.8 0.5682082772 0.1164939478 -0.8145971894 0.0346822701 0.9856585860 0.1651491374 0.8221535683 -0.1220911816 0.5560190678
-461.1 298.3 2481.7 -0.3005827665 0.3335232437 -0.8935391903 0.8831139207 0.4511687756 -0.1286720932 0.3602218330 -0.8277735114 -0.4301525950
-374.9 45.1 2378.4 -0.7679371834 0.3335232437 -0.5468406677 0.6393338442 0.4511687756 -0.6226547956 0.0390475877 -0.8277735114 -0.5597019792
-299.1 308.2 2716.1 0.7777194381 0.5927594304 0.2092575431 -0.6285260320 0.7277739048 0.2744086981 0.0103661520 -0.3449367881 0.9385686517
-103.6 150.2 2718.7 0.3694473803 0.5927594304 0.7156429887 -0.6262820959 0.7277739048 -0.2794920802 -0.6864978671 -0.3449367881 0.6401088238
-485.6 -84.1 2570.9 -0.4742334485 0.1374579221 0.8696022034 0.0831896067 0.9903132319 -0.1111716554 -0.8764600158 0.0196205489 -0.4810747206
-539.5 -472.0 2563.2 -0.4689208269 -0.1412368268 0.8718746305 0.0436278395 0.9822231531 0.1825768054 -0.8821620345 0.1236520708 -0.4544230402
-381.8 -78.3 2718.8 -0.9106059670 -0.0522559732 -0.4099586010 -0.0570437200 0.9983715415 -0.0005525526 0.4093198776 0.0228824057 -0.9121039510
-361.4 -469.3 2709.9 -0.8987175822 0.1492217630 -0.4123586118 0.0746988356 0.9786745310 0.1913537681 0.4321190119 0.1411702931 -0.8906986713
-160.5 -133.4 2367.5 0 0 0 0 0 0 0 0 0
-13.2 -3.0 2550.7 0 0 0 0 0 0 0 0 0
-496.2 -773.1 2525.3 0 0 0 0 0 0 0 0 0
-417.6 -837.8 2656.7 0 0 0 0 0 0 0 0 0
-353.9 504.9 2570.5 01 0.5758903027 0.1229206994 -0.8082331419 0.0394924097 0.9832947254 0.1776845902 0.8165725470 -0.1342459023 0.5614154935
-378.9 305.1 2597.7 0.5758903027 0.1229206994 -0.8082331419 0.0394924097 0.9832947254 0.1776845902 0.8165725470 -0.1342459023 0.5614154935
-402.0 112.5 2624.3 0.5763445497 0.1183003560 -0.8085987568 0.0431964509 0.9836730957 0.1747033596 0.8160643578 -0.1356179267 0.5618245006
-461.0 298.9 2481.4 -0.3009634316 0.3322545588 -0.8938835859 0.8831337690 0.4508131146 -0.1297778189 0.3598551750 -0.8284772038 -0.4291034937
-374.3 44.4 2377.7 -0.7670176625 0.3322545588 -0.5488996506 0.6403259039 0.4508131146 -0.6218924522 0.0408245511 -0.8284772038 -0.5585328341
-296.8 311.2 2714.0 0.7548714876 0.5767621398 0.3122730851 -0.6548002362 0.6899513006 0.3085512817 -0.0374925360 -0.4373930395 0.8984885216
-97.1 138.1 2704.1 0.3314380944 0.5767621398 0.7466553450 -0.6870108843 0.6899513006 -0.2279983312 -0.6466566324 -0.4373930395 0.6249180436
-477.0 -85.9 2572.4 -0.4795083702 0.1599614620 0.8628348708 0.0936693475 0.9869583249 -0.1309173554 -0.8725237846 0.0180452112 -0.4882382452
-539.7 -472.4 2565.3 -0.4734749794 -0.1433057338 0.8690713048 0.0490644947 0.9808528423 0.1884685904 -0.8794396520 0.1318757087 -0.4573780596
-374.3 -79.7 2721.0 -0.9070665836 -0.0303220470 -0.4198937416 -0.0402554572 0.9990795851 0.0148138497 0.4190580845 0.0303401630 -0.9074523449
-362.4 -470.9 2709.2 -0.8974338174 0.1387737840 -0.4187532961 0.0634967834 0.9799830317 0.1886833757 0.4365554452 0.1427413672 -0.8882816434
-160.5 -134.0 2366.4 0 0 0 0 0 0 0 0 0
-11.9 -38.6 2537.8 0 0 0 0 0 0 0 0 0
-495.6 -774.1 2524.8 0 0 0 0 0 0 0 0 0
-414.7 -839.9 2655.4 0 0 0 0 0 0 0 0 0
-355.7 505.2 2566.9 02 0.5824117661 0.1174022108 -0.8043713570 0.0491680093 0.9826163650 0.1790184975 0.8114055991 -0.1438118219 0.5665148497
-379.7 304.7 2596.2 0.5824117661 0.1174022108 -0.8043713570 0.0491680093 0.9826163650 0.1790184975 0.8114055991 -0.1438118219 0.5665148497
-401.5 112.2 2624.7 0.5829394460 0.1118853241 -0.8047752976 0.0536920503 0.9830042124 0.1755557805 0.8107396364 -0.1455484331 0.5670245886
-462.7 297.1 2480.7 -0.3088054359 0.3295705616 -0.8922008872 0.8804409504 0.4539132714 -0.1370638460 0.3598096371 -0.8278562427 -0.4303382933
-374.0 44.1 2377.3 -0.7664576173 0.3295705616 -0.5512948036 0.6406359673 0.4539132714 -0.6193127632 0.0461327694 -0.8278562427 -0.5590400696
-296.6 312.4 2711.7 0.7617336512 0.5156950355 0.3921995461 -0.6454043984 0.6569617987 0.3896849453 -0.0567015223 -0.5499634147 0.8332617879
-87.0 134.8 2696.1 0.3046686947 0.5156950355 0.8007718921 -0.7405601740 0.6569617987 -0.1413217336 -0.5989554524 -0.5499634147 0.5820589066
-477.3 -84.1 2577.1 -0.4837823510 0.1600867659 0.8604224920 0.1053161696 0.9866330028 -0.1243537590 -0.8688285947 0.0304562468 -0.4941753447
-540.0 -470.5 2565.2 -0.4765704572 -0.1390589029 0.8680686951 0.0489105619 0.9816876054 0.1841118485 -0.8777746558 0.1301999986 -0.4610418677
-373.1 -76.3 2724.6 -0.9033531547 -0.0305506699 -0.4278080761 -0.0391762033 0.9991676211 0.0113712335 0.4271045923 0.0270321351 -0.9037980437
-361.1 -467.6 2714.0 -0.8928399682 0.1465534121 -0.4258625209 0.0649816468 0.9776002765 0.2001877278 0.4456615150 0.1510623544 -0.8823638558
-160.5 -134.4 2364.4 0 0 0 0 0 0 0 0 0
-5.9 -62.2 2536.8 0 0 0 0 0 0 0 0 0
-497.0 -774.1 2524.9 0 0 0 0 0 0 0 0 0
-416.3 -835.8 2657.2 0 0 0 0 0 0 0 0 0
-356.5 505.1 2565.6 03 0.5804097056 0.1138352156 -0.8063287735 0.0557888895 0.9822959900 0.1788355857 0.8124113679 -0.1487821043 0.5637833476
-379.7 304.9 2595.9 0.5804097056 0.1138352156 -0.8063287735 0.0557888895 0.9822959900 0.1788355857 0.8124113679 -0.1487821043 0.5637833476
-400.9 112.5 2625.7 0.5810877681 0.1084883735 -0.8065775037 0.0617807247 0.9823350906 0.1766376495 0.8114925623 -0.1524729133 0.5641204119
-462.5 296.1 2480.2 -0.3130453825 0.2913348973 -0.9039505124 0.8814979196 0.4433937669 -0.1623681337 0.3535025418 -0.8476591110 -0.3956134617
-372.4 42.5 2378.5 -0.7691918612 0.2913348973 -0.5687423944 0.6353902221 0.4433937669 -0.6322034597 0.0679938942 -0.8476591110 -0.5261662006
-296.8 313.7 2711.5 0.7496201992 0.6173563004 0.2386226058 -0.6611825228 0.6820752025 0.3124277890 0.0301207155 -0.3919752836 0.9194825292
-97.7 138.1 2719.5 0.3561723530 0.6173563004 0.7014359832 -0.6866111159 0.6820752025 -0.2516716123 -0.6338031292 -0.3919752836 0.6668200493
-476.1 -85.2 2579.9 -0.4808357656 0.1650266647 0.8611406088 0.1068453044 0.9858371615 -0.1292638779 -0.8702764511 0.0298541393 -0.4916580915
-540.8 -471.3 2568.2 -0.4744573534 -0.1398474425 0.8690989017 0.0580819845 0.9801750779 0.1894288510 -0.8783602118 0.1403549016 -0.4569286704
-370.8 -75.5 2726.5 -0.9038487673 -0.0269183796 -0.4270044863 -0.0465020947 0.9982872009 0.0354998261 0.4253174961 0.0519430786 -0.9035524130
-360.2 -466.4 2706.2 -0.8909725547 0.1545885652 -0.4269312322 0.0922229737 0.9822714329 0.1632108092 0.4445928931 0.1060434803 -0.8894335032
-158.1 -134.5 2359.6 0 0 0 0 0 0 0 0 0
-3.0 -44.5 2551.0 0 0 0 0 0 0 0 0 0
-497.6 -774.1 2524.9 0 0 0 0 0 0 0 0 0
-418.4 -835.9 2666.3 0 0 0 0 0 0 0 0 0
-354.7 506.8 2563.9 04 0.5630956888 0.1185233071 -0.8178480864 0.0648841634 0.9802654386 0.1867343038 0.8238405585 -0.1582146734 0.5442929864
-378.9 306.8 2596.2 0.5630956888 0.1185233071 -0.8178480864 0.0648841634 0.9802654386 0.1867343038 0.8238405585 -0.1582146734 0.5442929864
-400.9 114.8 2627.6 0.5636672378 0.1124855354 -0.8183069229 0.0697358400 0.9806664586 0.1828392297 0.8230529428 -0.1601258069 0.5449253321
-459.2 296.9 2478.9 -0.3017979264 0.2885269225 -0.9086639881 0.8878765702 0.4322292507 -0.1576485038 0.3472653329 -0.8543594480 -0.3866221905
-372.8 42.7 2379.5 -0.7673067451 0.2885269225 -0.5727063417 0.6381088495 0.4322292507 -0.6371772885 0.0636976138 -0.8543594480 -0.5157640576
