-39.0 382.6 2450.4 57 0.3961425424 0.3153467476 -0.8623384237 -0.2267227620 0.9436861873 0.2409423292 0.8897572160 0.1000642329 0.4453305304
-101.3 196.0 2430.7 0.3961425424 0.3153467476 -0.8623384237 -0.2267227620 0.9436861873 0.2409423292 0.8897572160 0.1000642329 0.4453305304
-158.4 11.0 2416.0 0.4061008394 0.2938293815 -0.8653013110 -0.1957191229 0.9528908134 0.2317176908 0.8926231861 0.0752552599 0.4444777966
-156.8 222.7 2308.7 -0.1816755086 0.5812859535 -0.7931586504 0.7616625428 0.5933519006 0.2603914440 0.6219840646 -0.5568124652 -0.5505412817
-109.3 23.5 2146.1 -0.7867026925 0.5812859535 -0.2078592330 0.5846158266 0.5933519006 -0.5533153415 -0.1983007640 -0.5568124652 -0.8066205382
-45.9 169.2 2552.6 -0.1945039928 0.8937056065 -0.4042999744 -0.9396044612 -0.0514156707 0.3383783102 0.2816232443 0.4456979632 0.8497303724
-92.9 -58.0 2620.7 0.1621271372 0.8937056065 -0.4183360636 -0.8892716169 -0.0514156707 -0.4544804096 -0.4276807308 0.4456979632 0.7864111662
-252.7 -152.4 2322.1 0.5421134233 -0.0071425755 -0.8402749896 0.0301706046 0.9994845986 0.0109690232 0.8397635221 -0.0312980600 0.5420494676
-249.9 -540.4 2334.3 0.5394625664 0.1702276617 -0.8246227503 0.0145580703 0.9773187637 0.2112726271 0.8418837190 -0.1259785891 0.5247486830
-177.8 -189.1 2480.7 0.5492155552 -0.0088831550 -0.8356335163 -0.0256997999 0.9992910028 -0.0275139585 0.8352854848 0.0365867093 0.5485978723
-174.3 -577.0 2466.5 0.5456712246 -0.0670511127 -0.8353125453 0.0513242967 0.9975965619 -0.0465499647 0.8364261389 -0.0174708515 0.5478011370
106.0 -136.4 2200.4 0 0 0 0 0 0 0 0 0
-50.0 -293.3 2507.6 0 0 0 0 0 0 0 0 0
-313.4 -905.2 2381.3 0 0 0 0 0 0 0 0 0
-155.7 -854.7 2471.3 0 0 0 0 0 0 0 0 0
-39.5 384.4 2455.7 58 0.3636267185 0.3105351031 -0.8782616854 -0.2216374874 0.9445679784 0.2422150671 0.9047941566 0.1065798327 0.4122963846
-101.2 196.8 2434.5 0.3636267185 0.3105351031 -0.8782616854 -0.2216374874 0.9445679784 0.2422150671 0.9047941566 0.1065798327 0.4122963846
-157.7 11.7 2418.9 0.3734023571 0.2913468480 -0.8807313442 -0.1908139586 0.9532227516 0.2344279587 0.9078329802 0.0805198848 0.4115286767
-152.1 222.8 2310.6 -0.2161432207 0.5958604217 -0.7734549046 0.7577164769 0.6019644141 0.2520010769 0.6157498360 -0.5315912366 -0.5816037655
-94.6 21.0 2146.6 -0.7795361876 0.5958604217 -0.1930640638 0.5926664472 0.6019644141 -0.5351498127 -0.2026568651 -0.5315912366 -0.8223994970
-50.2 170.7 2558.5 -0.2049646378 0.8769444227 -0.4346930087 -0.9380094409 -0.0491630584 0.3431053460 0.2795134783 0.4780706167 0.8326588273
-99.7 -56.1 2626.1 0.1769770235 0.8769444227 -0.4468194842 -0.8918150663 -0.0491630584 -0.4497208595 -0.4163472056 0.4780706167 0.7733715177
-251.8 -156.4 2321.5 0.5113515258 0.0033268449 -0.8593652248 0.0283875447 0.9993813634 0.0207604412 0.8589026928 -0.0350111499 0.5109407306
-253.1 -544.4 2335.1 0.5101948380 0.1580277532 -0.8454161286 0.0211255867 0.9803755879 0.1960037202 0.8597993255 -0.1178599969 0.4968441427
-179.1 -191.5 2481.4 0.5186917186 -0.0155582065 -0.8548197746 -0.0300909355 0.9988827705 -0.0364389569 0.8544316292 0.0446229130 0.5176440477
-173.0 -579.3 2464.1 0.5157891512 -0.0563608371 -0.8548596501 0.0532538667 0.9980132580 -0.0336676277 0.8550588489 -0.0281591844 0.5177658200
120.9 -142.8 2202.6 0 0 0 0 0 0 0 0 0
-52.9 -292.0 2516.0 0 0 0 0 0 0 0 0 0
-312.1 -910.3 2379.0 0 0 0 0 0 0 0 0 0
-157.5 -854.7 2471.8 0 0 0 0 0 0 0 0 0
-40.1 383.6 2449.8 59 0.3726642728 0.3039838374 -0.8767640591 -0.2093345821 0.9480078816 0.2397082448 0.9040466547 0.0942063406 0.4169230163
-100.3 195.9 2431.2 0.3726642728 0.3039838374 -0.8767640591 -0.2093345821 0.9480078816 0.2397082448 0.9040466547 0.0942063406 0.4169230163
-155.1 10.2 2418.1 0.3826555312 0.2822600901 -0.8797181249 -0.1768685579 0.9569573402 0.2301090807 0.9068033099 0.0675419644 0.4161079526
-152.6 220.1 2307.4 -0.2748567462 0.6302525997 -0.7261098027 0.7455056906 0.6166096926 0.2530094087 0.6071861386 -0.4717776477 -0.6393362284
-79.2 21.2 2145.4 -0.7617399693 0.6302525997 -0.1501128376 0.6085904837 0.6166096926 -0.4994097948 -0.2221932858 -0.4717776477 -0.8532620072
-48.1 171.7 2555.0 -0.1931149811 0.8812261820 -0.4314476252 -0.9368189573 -0.0348825268 0.3480709791 0.2916792631 0.4714060426 0.8322857618
-94.8 -54.8 2625.6 0.1828477681 0.8812261820 -0.4358980656 -0.8944860101 -0.0348825268 -0.4457330406 -0.4079968333 0.4714060426 0.7818663120
-247.7 -156.2 2322.0 0.5178942680 0.0157604776 -0.8552994132 0.0270553827 0.9990283251 0.0347913131 0.8550166488 -0.0411586761 0.5169646740
-253.8 -544.0 2338.0 0.5154440403 0.1601366997 -0.8418276310 0.0116576310 0.9809826016 0.1937453300 0.8568439484 -0.1096785814 0.5037747622
-180.8 -190.4 2484.6 0.5261314511 -0.0246546473 -0.8500458002 -0.0260126442 0.9986453056 -0.0450650081 0.8500052691 0.0458220579 0.5247774124
-171.2 -578.1 2466.8 0.5240115523 -0.0480230413 -0.8503562212 0.0483302660 0.9984769821 -0.0266056545 0.8503388166 -0.0271562692 0.5255344510
133.4 -148.7 2207.4 0 0 0 0 0 0 0 0 0
-46.4 -291.4 2517.6 0 0 0 0 0 0 0 0 0
-313.5 -910.2 2378.9 0 0 0 0 0 0 0 0 0
-157.8 -857.5 2474.4 0 0 0 0 0 0 0 0 0
-44.0 381.9 2455.4 60 0.3491230607 0.2917667031 -0.8904972076 -0.2069214731 0.9508383274 0.2304127365 0.9139456153 0.1038205996 0.3923323750
-101.6 194.3 2434.9 0.3491230607 0.2917667031 -0.8904972076 -0.2069214731 0.9508383274 0.2304127365 0.9139456153 0.1038205996 0.3923323750
-154.9 8.1 2421.1 0.3597993553 0.2743931413 -0.8917694688 -0.1709071249 0.9589890838 0.2261209488 0.9172432423 0.0710515901 0.3919394016
-150.7 217.6 2309.7 -0.3172531426 0.6409235597 -0.6989759803 0.7310798764 0.6347563267 0.2502130270 0.6040468812 -0.4316264391 -0.6699447632
-64.6 19.2 2145.7 -0.7556066513 0.6409235597 -0.1351872534 0.6207459569 0.6347563267 -0.4601726234 -0.2091245055 -0.4316264391 -0.8774768114
-52.5 170.9 2560.2 -0.1948382258 0.8687471747 -0.4553201199 -0.9368777871 -0.0274236053 0.3485798836 0.2903412580 0.4944959879 0.8192531466
-99.6 -55.7 2630.4 0.1990458518 0.8687471747 -0.4534965158 -0.8949428797 -0.0274236053 -0.4453371763 -0.3993219137 0.4944959879 0.7720205188
-244.1 -159.7 2323.8 0.4948131740 0.0237195231 -0.8686755896 0.0185371581 0.9991118312 0.0378402323 0.8688016534 -0.0348266214 0.4939340055
-253.3 -547.6 2337.3 0.4946277440 0.1634992063 -0.8535873890 0.0174238104 0.9800824523 0.1978251040 0.8689302802 -0.1127225310 0.4819272161
-175.6 -191.4 2486.2 0.5042123795 -0.0182891693 -0.8633860350 -0.0368563682 0.9984090328 -0.0426732749 0.8627928495 0.0533376671 0.5027360916
-168.5 -579.0 2465.5 0.5028780699 -0.0369988792 -0.8635651469 0.0464932099 0.9987949133 -0.0157184172 0.8631060719 -0.0322454721 0.5039922595
148.1 -155.6 2204.6 0 0 0 0 0 0 0 0 0
-47.0 -292.4 2524.8 0 0 0 0 0 0 0 0 0
-314.4 -913.4 2379.4 0 0 0 0 0 0 0 0 0
-158.1 -860.2 2474.5 0 0 0 0 0 0 0 0 0
-41.0 385.9 2452.7 61 0.3392219245 0.3064565063 -0.8893890381 -0.1956341565 0.9477591515 0.2519522011 0.9201390147 0.0885271654 0.3814540207
-101.8 198.1 2435.1 0.3392219245 0.3064565063 -0.8893890381 -0.1956341565 0.9477591515 0.2519522011 0.9201390147 0.0885271654 0.3814540207
-157.3 12.5 2423.4 0.3494448066 0.2862483561 -0.8921604156 -0.1627940089 0.9562557340 0.2430494726 0.9227060676 0.0603060015 0.3807581067
-149.5 220.3 2309.1 -0.3617147207 0.6737725735 -0.6443547010 0.7216555476 0.6399229169 0.2640301883 0.5902336240 -0.3694985509 -0.7177012563
-49.2 20.2 2145.5 -0.7318029404 0.6737725735 -0.1024451107 0.6471786499 0.6399229169 -0.4143168032 -0.2135983258 -0.3694985509 -0.9043487310
-54.0 175.8 2561.2 -0.2096572965 0.8639483452 -0.4578613639 -0.9301506281 -0.0318659209 0.3657927215 0.3014358580 0.5025711656 0.8102830648
-104.7 -49.1 2634.1 0.1908307076 0.8639483452 -0.4660223722 -0.9028465152 -0.0318659209 -0.4287805855 -0.3852944970 0.5025711656 0.7739317417
-240.3 -162.7 2325.2 0.4866126478 0.0395277552 -0.8727231622 0.0052110641 0.9988267422 0.0481448807 0.8736022711 -0.0279757231 0.4858357608
-255.7 -550.4 2336.1 0.4914855063 0.1670673043 -0.8547107577 0.0325980335 0.9772100449 0.2097567022 0.8702754378 -0.1309542656 0.4748385251
-175.9 -193.3 2489.5 0.4961582124 -0.0103983898 -0.8681698442 -0.0424518995 0.9984417558 -0.0362199247 0.8671936393 0.0548262745 0.4949436486
-171.9 -581.0 2468.2 0.4941161275 -0.0450715460 -0.8682268262 0.0423380397 0.9987178445 -0.0277506430 0.8683643937 -0.0230469815 0.4953908622
156.8 -162.0 2205.6 0 0 0 0 0 0 0 0 0
-54.2 -287.9 2532.1 0 0 0 0 0 0 0 0 0
-318.0 -915.2 2385.0 0 0 0 0 0 0 0 0 0
-159.4 -857.0 2474.6 0 0 0 0 0 0 0 0 0
-39.2 383.9 2456.8 62 0.3516892493 0.3075683415 -0.8841472864 -0.2088403702 0.9464587569 0.2461737543 0.9125241637 0.0980689824 0.3970920444
-100.6 195.1 2437.3 0.3516892493 0.3075683415 -0.8841472864 -0.2088403702 0.9464587569 0.2461737543 0.9125241637 0.0980689824 0.3970920444
-156.5 9.7 2424.3 0.3626921475 0.2882219553 -0.8862180710 -0.1737208068 0.9552121162 0.2395639867 0.9155738354 0.0670665428 0.3965180814
-150.1 218.8 2312.2 -0.3822520971 0.6713407040 -0.6349685192 0.7008360028 0.6584776044 0.2742920220 0.6022559404 -0.3401601017 -0.7222042084
-42.3 21.2 2142.4 -0.7346677780 0.6713407040 -0.0978006274 0.6518042684 0.6584776044 -0.3762424886 -0.1881873757 -0.3401601017 -0.9213449955
-51.0 171.4 2562.3 -0.2063732296 0.8711390495 -0.4455634952 -0.9333200455 -0.0385220982 0.3569730520 0.2938091457 0.4895230234 0.8210014701
-100.9 -54.3 2633.4 0.1841174215 0.8711390495 -0.4552114904 -0.8985601068 -0.0385220982 -0.4371565282 -0.3983598351 0.4895230234 0.7756782174
-244.2 -158.5 2329.1 0.5000923276 0.0335116945 -0.8653234243 0.0154560404 0.9987463355 0.0476112515 0.8658341765 -0.0371844955 0.4989474416
-257.2 -546.2 2343.5 0.4968980849 0.1531763822 -0.8541834354 -0.0058292444 0.9848659039 0.1732200086 0.8677893281 -0.0810934454 0.4902708828
-181.6 -187.7 2494.4 0.5086108446 -0.0211536270 -0.8607366085 -0.0455023758 0.9976407290 -0.0514056459 0.8597933054 0.0653110296 0.5064483285
-173.4 -575.0 2469.0 0.5059000850 -0.0536306463 -0.8609232306 0.0379413888 0.9984828830 -0.0399045236 0.8617572188 -0.0124769220 0.5071673989
164.6 -162.4 2195.4 0 0 0 0 0 0 0 0 0
-52.2 -292.0 2528.0 0 0 0 0 0 0 0 0 0
-314.3 -913.4 2373.7 0 0 0 0 0 0 0 0 0
-158.2 -856.7 2472.5 0 0 0 0 0 0 0 0 0
-40.3 383.0 2459.9 63 0.3396206200 0.3083370924 -0.8885865808 -0.2115652859 0.9455725551 0.2472501546 0.9164595008 0.1040228158 0.3863693774
-101.5 195.1 2439.2 0.3396206200 0.3083370924 -0.8885865808 -0.2115652859 0.9455725551 0.2472501546 0.9164595008 0.1040228158 0.3863693774
-157.5 9.8 2425.0 0.3506231308 0.2884093821 -0.8910013437 -0.1765290350 0.9546980262 0.2395604551 0.9197286963 0.0732921660 0.3856518269
-149.4 219.2 2313.6 -0.3854777515 0.6610308290 -0.6437740922 0.6875921488 0.6710504889 0.2773233950 0.6153242588 -0.3357520401 -0.7131946683
-40.7 25.4 2140.1 -0.7415986657 0.6610308290 -0.1143223196 0.6524354219 0.6710504889 -0.3521636426 -0.1560749859 -0.3357520401 -0.9289301038
-53.6 171.0 2564.9 -0.2111430168 0.8646938205 -0.4557666779 -0.9338524342 -0.0407411195 0.3553305566 0.2886836827 0.5006443858 0.8160986304
-104.7 -54.9 2634.7 0.1883119941 0.8646938205 -0.4656642973 -0.8977173567 -0.0407411195 -0.4386841357 -0.3982991278 0.5006443858 0.7685785890
-245.0 -160.1 2329.2 0.4891418219 0.0258507878 -0.8718211055 0.0215630047 0.9988967776 0.0417168587 0.8719376922 -0.0392045416 0.4880447686
-255.0 -547.9 2344.5 0.4834083319 0.1669848561 -0.8593209386 -0.0140666431 0.9829929471 0.1831038743 0.8752819300 -0.0764261857 0.4775359035
-180.0 -191.3 2493.2 0.4974129796 -0.0190799162 -0.8673040271 -0.0491891950 0.9975293875 -0.0501555614 0.8661181927 0.0676100105 0.4952455163
-172.6 -578.5 2467.0 0.4942050576 -0.0581493676 -0.8673984408 0.0393704362 0.9982337952 -0.0444888920 0.8684534431 -0.0121632200 0.4956215620
167.2 -157.5 2183.9 0 0 0 0 0 0 0 0 0
-54.9 -292.3 2529.3 0 0 0 0 0 0 0 0 0
-317.3 -914.6 2373.0 0 0 0 0 0 0 0 0 0
-156.7 -852.1 2470.3 0 0 0 0 0 0 0 0 0
-40.7 382.4 2460.9 64 0.3403985798 0.3107774258 -0.8874379992 -0.2136430740 0.9446787238 0.2488748729 0.9156885147 0.1048783213 0.3879627585
-102.3 195.2 2440.2 0.3403985798 0.3107774258 -0.8874379992 -0.2136430740 0.9446787238 0.2488748729 0.9156885147 0.1048783213 0.3879627585
-158.5 9.9 2425.4 0.3511097729 0.2893481553 -0.8905052543 -0.1797515452 0.9541945457 0.2391697615 0.9189185500 0.0760948509 0.3870377839
-150.3 219.7 2314.6 -0.3788278997 0.6533108950 -0.6554954648 0.6773669124 0.6783531308 0.2846243978 0.6306056380 -0.3361873031 -0.6995102763
-42.2 26.5 2134.7 -0.7472271323 0.6533108950 -0.1218052655 0.6491834521 0.6783531308 -0.3440899551 -0.1421707273 -0.3361873031 -0.9310024381
-54.3 170.6 2565.7 -0.2118018568 0.8650119901 -0.4548562169 -0.9345524311 -0.0431002676 0.3532054424 0.2859225273 0.4998965859 0.8175278306
-105.6 -55.4 2634.8 0.1872301251 0.8650119901 -0.4655095041 -0.8966135383 -0.0431002676 -0.4407113492 -0.4012841880 0.4998965859 0.7675118446
-244.9 -159.7 2328.4 0.4899414778 0.0317369550 -0.8711774349 0.0239232183 0.9984712601 0.0498284400 0.8714269996 -0.0452543870 0.4884332120
-257.2 -547.3 2346.0 0.4847247303 0.1495500505 -0.8617869020 -0.0126958890 0.9863737822 0.1640292257 0.8745746017 -0.0685678720 0.4800184369
-182.1 -191.3 2493.2 0.4980840087 -0.0205842424 -0.8668844104 -0.0577459894 0.9967115521 -0.0568459928 0.8652038574 0.0783731788 0.4952574372
-174.1 -578.3 2462.7 0.4939621985 -0.0648006722 -0.8670653105 0.0514627323 0.9976496100 -0.0452419482 0.8679590821 -0.0222737361 0.4961360097
167.5 -155.7 2174.6 0 0 0 0 0 0 0 0 0
-56.0 -292.6 2528.7 0 0 0 0 0 0 0 0 0
-313.0 -915.3 2371.5 0 0 0 0 0 0 0 0 0
-156.5 -849.6 2468.8 0 0 0 0 0 0 0 0 0
-42.0 384.7 2461.0 65 0.3351552188 0.3116890192 -0.8891124129 -0.2106492221 0.9445936680 0.2517333925 0.9183125496 0.1029210761 0.3822425604
-103.6 197.8 2440.6 0.3351552188 0.3116890192 -0.8891124129 -0.2106492221 0.9445936680 0.2517333925 0.9183125496 0.1029210761 0.3822425604
-159.9 12.6 2426.0 0.3455567062 0.2899710834 -0.8924726248 -0.1778253019 0.9540621638 0.2411297709 0.9213950038 0.0753801912 0.3812467754
-150.9 222.1 2314.7 -0.3716071546 0.6525395513 -0.6603788733 0.6784322858 0.6764367819 0.2866407335 0.6337489486 -0.3415046036 -0.6940726638
-43.1 25.3 2130.9 -0.7409752011 0.6525395513 -0.1585809141 0.6639308333 0.6764367819 -0.3187931776 -0.1007551998 -0.3415046036 -0.9344640374
-56.4 173.5 2566.5 -0.2145093679 0.8620424867 -0.4592041969 -0.9335917830 -0.0427953191 0.3557737470 0.2870402932 0.5050260425 0.8139757514
-108.3 -52.3 2635.9 0.1885628849 0.8620424867 -0.4704538286 -0.8978223801 -0.0427953191 -0.4382733405 -0.3979434669 0.5050260425 0.7658914328
-246.1 -159.2 2328.3 0.4848736227 0.0288808309 -0.8741072416 0.0250233803 0.9985873103 0.0468743481 0.8742261529 -0.0446012542 0.4834659398
-257.3 -546.9 2345.6 0.4782750010 0.1427783817 -0.8665260077 -0.0249158684 0.9885044098 0.1491246969 0.8778566122 -0.0497323647 0.4763343930
-183.2 -191.4 2492.9 0.4928142130 -0.0201992597 -0.8699000478 -0.0479909666 0.9975778461 -0.0503517203 0.8688101172 0.0665613860 0.4906511605
-175.4 -578.6 2467.1 0.4889104962 -0.0650054812 -0.8699085116 0.0438241996 0.9977906942 -0.0499314070 0.8712324500 -0.0137110539 0.4906791747
165.5 -161.5 2159.2 0 0 0 0 0 0 0 0 0
-58.4 -289.8 2530.6 0 0 0 0 0 0 0 0 0
-310.6 -915.7 2364.2 0 0 0 0 0 0 0 0 0
-157.6 -851.2 2470.8 0 0 0 0 0 0 0 0 0
-42.4 382.4 2463.5 66 0.3491940498 0.3115056455 -0.8837577105 -0.2150672227 0.9445933700 0.2479706407 0.9120359421 0.1034774482 0.3968410492
-104.1 195.4 2443.0 0.3491940498 0.3115056455 -0.8837577105 -0.2150672227 0.9445933700 0.2479706407 0.9120359421 0.1034774482 0.3968410492
-160.2 10.1 2428.2 0.3597121537 0.2890287936 -0.8871693611 -0.1818089038 0.9543006420 0.2371830046 0.9151790738 0.0759776756 0.3958215714
-153.2 220.2 2317.9 -0.3678643107 0.6593923569 -0.6556504965 0.6542572379 0.6845784783 0.3214028478 0.6607748270 -0.3107314110 -0.6832442284
-44.7 27.2 2123.0 -0.7356712818 0.6593923569 -0.1548854560 0.6727051139 0.6845784783 -0.2807492614 -0.0790926740 -0.3107314110 -0.9472013116
-54.9 170.5 2568.0 -0.2081965953 0.8696069121 -0.4477030337 -0.9355403781 -0.0435180254 0.3505286872 0.2853390276 0.4918231368 0.8226127028
-105.3 -55.7 2637.0 0.1844552755 0.8696069121 -0.4579957128 -0.8953524232 -0.0435180254 -0.4432269931 -0.4053643346 0.4918231368 0.7705775499
-247.2 -156.6 2328.8 0.4980323315 0.0250126086 -0.8667976260 0.0278464481 0.9986070991 0.0448157638 0.8667112589 -0.0464569367 0.4966421127
-256.9 -544.3 2346.8 0.4918048382 0.1458860785 -0.8583968878 -0.0178901553 0.9873486757 0.1575517803 0.8705216646 -0.0621278733 0.4881927669
-185.3 -188.5 2493.9 0.5057243705 -0.0258990265 -0.8623062968 -0.0445167646 0.9974341393 -0.0560656786 0.8615458012 0.0667408630 0.5032737851
-175.2 -575.7 2468.0 0.5023957491 -0.0589422882 -0.8626264334 0.0506381169 0.9979670644 -0.0386981964 0.8631536961 -0.0242399704 0.5043591261
162.8 -162.5 2145.3 0 0 0 0 0 0 0 0 0
-56.5 -292.6 2529.8 0 0 0 0 0 0 0 0 0
-311.3 -912.8 2370.0 0 0 0 0 0 0 0 0 0
-158.7 -854.8 2474.7 0 0 0 0 0 0 0 0 0
-43.2 383.1 2470.2 67 0.3436510265 0.3055560887 -0.8879974484 -0.2341137975 0.9436061978 0.2340898365 0.9094474912 0.1274472475 0.3958061337
-103.8 195.7 2444.9 0.3436510265 0.3055560887 -0.8879974484 -0.2341137975 0.9436061978 0.2340898365 0.9094474912 0.1274472475 0.3958061337
-158.9 10.5 2426.6 0.3555633426 0.2834702730 -0.8906285763 -0.1957299262 0.9543527365 0.2256117314 0.9139280319 0.0941034108 0.3948164880
-152.4 222.5 2320.1 -0.3316668570 0.6386785507 -0.6943247318 0.6482307315 0.6890072823 0.3241387606 0.6854152679 -0.3425765336 -0.6425319314
-55.3 32.6 2119.3 -0.7427099347 0.6386785507 -0.2011756003 0.6683964729 0.6890072823 -0.2802055776 -0.0403498374 -0.3425765336 -0.9386230707
-55.3 169.0 2569.8 -0.2047222406 0.8670514822 -0.4542142153 -0.9414241314 -0.0473758020 0.3338803649 0.2679726779 0.4959609807 0.8259620667
-104.8 -58.7 2634.6 0.1916051060 0.8670514822 -0.4599013329 -0.8872006536 -0.0473758020 -0.4589450359 -0.4197171628 0.4959609807 0.7601711750
-248.5 -158.8 2331.5 0.4928260148 0.0277776420 -0.8696843982 0.0071514947 0.9993272424 0.0359709784 0.8700984716 -0.0239469782 0.4922958314
-259.3 -546.7 2340.8 0.4923365712 0.1366547197 -0.8596104980 0.0035923868 0.9872709513 0.1590067744 0.8703975081 -0.0813729092 0.4855786860
-184.1 -191.4 2495.4 0.5010513067 -0.0170639623 -0.8652493358 -0.0533946902 0.9972912669 -0.0505879819 0.8637688756 0.0715468898 0.4987829328
-177.4 -578.6 2467.7 0.4959018826 -0.0748035982 -0.8651506901 0.0532378815 0.9970277548 -0.0556902960 0.8667451143 -0.0184418708 0.4984103143
153.9 -155.6 2130.7 0 0 0 0 0 0 0 0 0
-54.1 -293.4 2523.5 0 0 0 0 0 0 0 0 0
-310.3 -915.1 2371.1 0 0 0 0 0 0 0 0 0
-157.0 -851.0 2472.7 0 0 0 0 0 0 0 0 0
-42.2 383.2 2466.1 68 0.3893082440 0.3090251386 -0.8677226305 -0.2413618416 0.9433507323 0.2276705950 0.8889226913 0.1208010912 0.4418410957
-103.4 196.1 2442.1 0.3893082440 0.3090251386 -0.8677226305 -0.2413618416 0.9433507323 0.2276705950 0.8889226913 0.1208010912 0.4418410957
-158.2 10.7 2425.3 0.4022183716 0.2825300395 -0.8708599806 -0.1999246776 0.9553428888 0.2176006436 0.8934486508 0.0865834355 0.4407412112
-158.3 223.4 2320.2 -0.3233447373 0.6315144897 -0.7047252059 0.6357934475 0.6965739131 0.3324927986 0.7008672357 -0.3405498862 -0.6267462969
-63.7 37.3 2115.1 -0.7444471717 0.6315144897 -0.2167668939 0.6675094962 0.6965739131 -0.2630890906 -0.0151504129 -0.3405498862 -0.9401043653
-48.6 168.9 2564.0 -0.1856879294 0.8911834955 -0.4138984978 -0.9445772767 -0.0458370000 0.3250734806 0.2707282603 0.4513213336 0.8503030539
-93.5 -59.6 2629.5 0.1748080403 0.8911834955 -0.4186097682 -0.8833519816 -0.0458370000 -0.4664635658 -0.4348924458 0.4513213336 0.7792160511
-245.7 -157.2 2326.5 0.5362656713 0.0379674062 -0.8431948423 0.0141621735 0.9984424114 0.0539649315 0.8439304233 -0.0408810154 0.5348927379
-260.5 -544.7 2342.4 0.5326200128 0.1312027127 -0.8361230493 -0.0150865009 0.9892259836 0.1456170380 0.8462200165 -0.0649443790 0.5288609862
-182.0 -192.3 2490.2 0.5438359380 -0.0139497258 -0.8390755653 -0.0342787430 0.9986580610 -0.0388201252 0.8384911418 0.0498742349 0.5426279902
-176.6 -579.9 2470.9 0.5394391418 -0.0783130825 -0.8383749127 0.0417474508 0.9969285131 -0.0662619248 0.8409890532 0.0007442644 0.5410516858
145.8 -150.5 2119.3 0 0 0 0 0 0 0 0 0
-47.2 -293.2 2514.5 0 0 0 0 0 0 0 0 0
-309.4 -913.9 2366.6 0 0 0 0 0 0 0 0 0
-155.2 -852.7 2470.7 0 0 0 0 0 0 0 0 0
-41.5 384.2 2471.5 69 0.3607297242 0.3141167164 -0.8781826496 -0.2392578721 0.9412361979 0.2383907139 0.9014597535 0.1241174936 0.4146867692
-103.9 197.3 2446.9 0.3607297242 0.3141167164 -0.8781826496 -0.2392578721 0.9412361979 0.2383907139 0.9014597535 0.1241174936 0.4146867692
-160.1 12.3 2429.7 0.3740338981 0.2897891104 -0.8809772134 -0.1975268573 0.9530243874 0.2296249568 0.9061356187 0.0881291553 0.4137045741
-154.9 224.2 2323.2 -0.2749189436 0.6146610975 -0.7393316627 0.6314753890 0.6952908039 0.3432338834 0.7250230312 -0.3725082576 -0.5792919397
-74.3 39.2 2110.8 -0.7495236397 0.6146610975 -0.2457764447 0.6619765162 0.6952908039 -0.2799244821 -0.0011725819 -0.3725082576 -0.9280281663
-52.8 170.4 2570.5 -0.2033117265 0.8771930337 -0.4349674582 -0.9406431913 -0.0516864508 0.3354384005 0.2717623115 0.4773477316 0.8356341124
-102.0 -57.1 2636.3 0.1781875640 0.8771930337 -0.4458492398 -0.8881455660 -0.0516864508 -0.4566464722 -0.4236114621 0.4773477316 0.7698652148
-249.0 -156.8 2328.6 0.5113966465 0.0315810107 -0.8587642908 0.0079925824 0.9991064668 0.0415016897 0.8593076468 -0.0280875694 0.5106872320
-261.3 -544.6 2339.5 0.5104541779 0.1329451948 -0.8495658040 0.0008915694 0.9878940582 0.1551273316 0.8599044681 -0.0799428448 0.5041561723
-177.1 -192.6 2488.4 0.5189206600 -0.0027273819 -0.8548180461 -0.0400467217 0.9988193512 -0.0274973549 0.8538838029 0.0485016070 0.5181987882
-176.0 -580.3 2469.6 0.5143630505 -0.0766688213 -0.8541384935 0.0419401638 0.9970527291 -0.0642406195 0.8565463424 -0.0027797073 0.5160626173
137.3 -147.7 2111.1 0 0 0 0 0 0 0 0 0
-54.8 -292.0 2524.2 0 0 0 0 0 0 0 0 0
-310.9 -913.3 2369.3 0 0 0 0 0 0 0 0 0
-155.2 -851.1 2470.4 0 0 0 0 0 0 0 0 0
-38.0 383.3 2482.7 70 0.3332373202 0.3141376376 -0.8889715672 -0.2453930825 0.9392653108 0.2399227023 0.9103488922 0.1381962746 0.3900854588
-100.6 196.2 2455.2 0.3332373202 0.3141376376 -0.8889715672 -0.2453930825 0.9392653108 0.2399227023 0.9103488922 0.1381962746 0.3900854588
-157.3 11.6 2435.5 0.3463959992 0.2923190892 -0.8913806081 -0.2043809593 0.9509006143 0.2324143797 0.9155535102 0.1016738117 0.3891326189
-147.8 224.0 2330.3 -0.2069632262 0.6009982228 -0.7719892263 0.6233146787 0.6891975999 0.3694395125 0.7540856004 -0.4047318101 -0.5172495842
-87.5 42.2 2110.3 -0.7501690984 0.6009982228 -0.2757670879 0.6611394882 0.6891975999 -0.2964815497 0.0118731102 -0.4047318101 -0.9143583775
-53.3 168.3 2580.2 -0.2161748856 0.8626137972 -0.4573465288 -0.9409012198 -0.0589728355 0.3335073590 0.2607170045 0.5024138093 0.8243827820
-105.6 -59.3 2643.2 0.1857575923 0.8626137972 -0.4705226421 -0.8868687153 -0.0589728355 -0.4582423270 -0.4230342209 0.5024138093 0.7540705800
-249.8 -155.0 2331.5 0.4863108397 0.0317974612 -0.8732071519 0.0041052313 0.9992434978 0.0386733264 0.8737762570 -0.0223919749 0.4858123958
-262.1 -542.9 2340.2 0.4885914028 0.1248585656 -0.8635327220 0.0215463880 0.9876794815 0.1550000608 0.8722466230 -0.0943377018 0.4798814356
-182.8 -190.4 2493.7 0.4936230779 -0.0140509661 -0.8695624471 -0.0504165888 0.9977256060 -0.0447418131 0.8682133555 0.0659259632 0.4917919636
-177.4 -577.6 2468.1 0.4881877899 -0.0795190409 -0.8691083789 0.0472527184 0.9967880845 -0.0646587163 0.8714584708 -0.0095021380 0.4903772473
124.3 -144.4 2106.9 0 0 0 0 0 0 0 0 0
-56.4 -293.9 2531.3 0 0 0 0 0 0 0 0 0
-308.7 -911.5 2375.4 0 0 0 0 0 0 0 0 0
-155.6 -850.8 2470.7 0 0 0 0 0 0 0 0 0
-36.3 381.7 2488.9 71 0.3189195096 0.3180756569 -0.8928147554 -0.2517378628 0.9365967512 0.2437510192 0.9137386680 0.1470183283 0.3787706494
-99.4 195.9 2459.7 0.3189195096 0.3180756569 -0.8928147554 -0.2517378628 0.9365967512 0.2437510192 0.9137386680 0.1470183283 0.3787706494
-156.5 11.7 2437.9 0.3318483233 0.2944825292 -0.8961901069 -0.2119396627 0.9490122795 0.2333608866 0.9192160964 0.1124978215 0.3773406744
-144.7 224.9 2334.2 -0.1638219804 0.6046976447 -0.7794248462 0.6177031398 0.6789132953 0.3968874216 0.7691587806 -0.4164342880 -0.4847445488
-96.8 44.2 2109.3 -0.7420440316 0.6046976447 -0.2893292308 0.6701813340 0.6789132953 -0.2998895049 0.0150869703 -0.4164342880 -0.9090406299
-54.1 167.0 2585.2 -0.2237508148 0.8547569513 -0.4683226943 -0.9417198896 -0.0657578185 0.3299084902 0.2511956990 0.5148460865 0.8196549416
-108.2 -60.8 2646.0 0.1887188256 0.8547569513 -0.4835036695 -0.8846732974 -0.0657578185 -0.4615507126 -0.4263078272 0.5148460865 0.7437708974
-245.0 -154.7 2333.8 0.4729518592 0.0416719951 -0.8801022768 -0.0098015061 0.9990679622 0.0420377441 0.8810337186 -0.0112555018 0.4729194939
-261.1 -542.5 2338.1 0.4798245430 0.1305387765 -0.8675990105 0.0378607251 0.9848676920 0.1691218317 0.8765472174 -0.1139967293 0.4676213861
-182.9 -191.3 2497.6 0.4802877009 -0.0151630146 -0.8769799471 -0.0520894676 0.9975927472 -0.0457757823 0.8755629063 0.0676669627 0.4783416688
-177.1 -578.5 2471.4 0.4758415520 -0.0707026199 -0.8766846657 0.0383468382 0.9974836707 -0.0596311204 0.8786946535 -0.0052431193 0.4773553908
113.0 -145.3 2105.0 0 0 0 0 0 0 0 0 0
-58.3 -294.8 2533.2 0 0 0 0 0 0 0 0 0
-309.8 -910.1 2380.7 0 0 0 0 0 0 0 0 0
-157.6 -853.1 2472.8 0 0 0 0 0 0 0 0 0
-37.4 379.8 2491.9 72 0.3271369636 0.3187642694 -0.8895902038 -0.2584318221 0.9356793761 0.2402438372 0.9089523554 0.1513057649 0.3884741366
-100.6 194.2 2461.9 0.3271369636 0.3187642694 -0.8895902038 -0.2584318221 0.9356793761 0.2402438372 0.9089523554 0.1513057649 0.3884741366
-157.9 10.2 2438.7 0.3393120468 0.2950908542 -0.8931902051 -0.2210724056 0.9479428530 0.2291972488 0.9143272638 0.1196903139 0.3868848681
-147.0 224.4 2337.0 -0.1311206669 0.6060743332 -0.7845261097 0.6052961946 0.6756711602 0.4208146632 0.7851266861 -0.4196932018 -0.4554489553
-108.7 47.7 2107.8 -0.7400354743 0.6060743332 -0.2915842831 0.6724247932 0.6756711602 -0.3021810353 0.0138709322 -0.4196932018 -0.9075600505
-54.3 164.0 2586.8 -0.2215276510 0.8588982224 -0.4617567658 -0.9442430139 -0.0706539750 0.3215791583 0.2435788214 0.5072492957 0.8266604543
-107.9 -64.3 2645.7 0.1855426580 0.8588982224 -0.4773549438 -0.8802280426 -0.0706539750 -0.4692617953 -0.4367751479 0.5072492957 0.7429170012
-243.4 -153.5 2333.7 0.4801369309 0.0467649512 -0.8759461045 -0.0163426511 0.9988814592 0.0443702340 0.8770412803 -0.0069885072 0.4803641438
-261.5 -541.3 2336.4 0.4896202683 0.1228564829 -0.8632370830 0.0506830513 0.9843397141 0.1688388586 0.8704615235 -0.1264184117 0.4757259190
-183.9 -191.5 2498.3 0.4873515069 -0.0198738873 -0.8729797006 -0.0610482320 0.9965192676 -0.0567672551 0.8710692525 0.0809594765 0.4844419062
-176.2 -578.3 2466.9 0.4831427932 -0.0645560250 -0.8731583953 0.0529216975 0.9976078272 -0.0444740169 0.8739407063 -0.0247217249 0.4854034483
99.9 -141.8 2103.9 0 0 0 0 0 0 0 0 0
-58.8 -297.2 2530.1 0 0 0 0 0 0 0 0 0
-307.4 -908.6 2383.6 0 0 0 0 0 0 0 0 0
-158.2 -856.3 2473.8 0 0 0 0 0 0 0 0 0
-36.4 375.8 2494.4 73 0.3253933191 0.3308886290 -0.8857945204 -0.2698726654 0.9303095341 0.2483805120 0.9062494040 0.1582303494 0.3920143247
-101.8 192.0 2463.2 0.3253933191 0.3308886290 -0.8857945204 -0.2698726654 0.9303095341 0.2483805120 0.9062494040 0.1582303494 0.3920143247
-161.6 9.1 2438.0 0.3369626403 0.3086224198 -0.8894989491 -0.2359959483 0.9422758818 0.2375333309 0.9114615321 0.1298782974 0.3903454244
-147.8 224.2 2338.7 -0.0936825797 0.5937266350 -0.7991947532 0.6030312181 0.6725645065 0.4289642572 0.7921975255 -0.4417529106 -0.4210433066
-120.7 49.7 2109.5 -0.7456293106 0.5937266350 -0.3025319874 0.6662490368 0.6725645065 -0.3221322596 0.0122137619 -0.4417529106 -0.8970535994
-55.7 159.7 2587.7 -0.2347306162 0.8582651615 -0.4563797116 -0.9436142445 -0.0884375796 0.3190156221 0.2334388793 0.5055291057 0.8306302428
-112.5 -68.5 2644.1 0.1727033108 0.8582651615 -0.4832747281 -0.8778190613 -0.0884375796 -0.4707573950 -0.4467743039 0.5055291057 0.7381280661
-245.6 -154.0 2333.5 0.4814801216 0.0334031954 -0.8758202791 -0.0152068436 0.9994414449 0.0297580976 0.8763250709 -0.0010094710 0.4817191362
-258.5 -541.9 2333.9 0.4911563694 0.1369716525 -0.8602349758 0.0471666008 0.9819288850 0.1832785159 0.8697934747 -0.1305927634 0.4758201241
-184.8 -193.6 2497.3 0.4869937003 -0.0193255488 -0.8731916547 -0.0596185811 0.9966877699 -0.0553090610 0.8713683486 0.0789936110 0.4842285216
-177.3 -580.5 2466.6 0.4827294350 -0.0648715124 -0.8733636141 0.0562341847 0.9974908233 -0.0430094004 0.8739622235 -0.0283509847 0.4851661623
90.2 -138.7 2106.0 0 0 0 0 0 0 0 0 0
-66.8 -300.7 2525.9 0 0 0 0 0 0 0 0 0
-309.6 -908.4 2382.7 0 0 0 0 0 0 0 0 0
-159.4 -855.6 2474.5 0 0 0 0 0 0 0 0 0
-35.2 374.7 2494.2 74 0.3269392252 0.3408607841 -0.8814333081 -0.2740111947 0.9268142581 0.2567745149 0.9044493437 0.1575729251 0.3964115977
-102.5 191.8 2463.1 0.3269392252 0.3408607841 -0.8814333081 -0.2740111947 0.9268142581 0.2567745149 0.9044493437 0.1575729251 0.3964115977
-164.3 9.6 2437.5 0.3381228745 0.3185670972 -0.8855438828 -0.2423727363 0.9387006760 0.2451458275 0.9093559980 0.1317422688 0.3946081698
-148.6 224.9 2338.9 -0.0527257696 0.5726215243 -0.8181225657 0.6113023162 0.6663301587 0.4269820154 0.7896388173 -0.4776072502 -0.3851776421
-133.6 50.2 2113.2 -0.7573071122 0.5726215243 -0.3139912486 0.6530513763 0.6663301587 -0.3598999977 0.0031353438 -0.4776072502 -0.8785678744
-56.3 158.7 2587.3 -0.2432736158 0.8593137264 -0.4498865008 -0.9419719577 -0.0986928865 0.3208559752 0.2313153595 0.5018362403 0.8334587812
-115.1 -69.2 2643.3 0.1621420830 0.8593137264 -0.4850668609 -0.8780229688 -0.0986928865 -0.4683325887 -0.4503172636 0.5018362403 0.7384949327
-251.7 -152.6 2331.1 0.4852939546 0.0133532537 -0.8742491007 -0.0024092058 0.9998999834 0.0139350966 0.8743477464 -0.0046563721 0.4852775931
-256.9 -540.7 2332.9 0.4918209910 0.1367206722 -0.8598951101 0.0410936251 0.9828492999 0.1797737032 0.8697260618 -0.1237526909 0.4777675569
-191.4 -194.9 2494.4 0.4892383814 -0.0313766524 -0.8715854883 -0.0416586027 0.9973712564 -0.0592886843 0.8711546063 0.0653153360 0.4866451919
-179.2 -582.1 2469.0 0.4846478403 -0.0707532242 -0.8718430996 0.0558850877 0.9971914887 -0.0498597994 0.8729223013 -0.0245585833 0.4872407615
79.9 -133.9 2112.3 0 0 0 0 0 0 0 0 0
-72.2 -301.4 2524.2 0 0 0 0 0 0 0 0 0
-307.9 -907.6 2379.1 0 0 0 0 0 0 0 0 0
-159.9 -854.1 2475.7 0 0 0 0 0 0 0 0 0
-33.8 375.6 2494.6 75 0.3233747482 0.3467703164 -0.8804425597 -0.2718190849 0.9252610803 0.2645870149 0.9063901901 0.1537603289 0.3934648633
-102.2 192.9 2464.2 0.3233747482 0.3467703164 -0.8804425597 -0.2718190849 0.9252610803 0.2645870149 0.9063901901 0.1537603289 0.3934648633
-165.2 11.1 2439.0 0.3341499865 0.3245646060 -0.8848738074 -0.2419302464 0.9369187355 0.2522954941 0.9109410048 0.1297731996 0.3915933967
-147.8 226.0 2339.8 -0.0205958169 0.5400660634 -0.8413705826 0.6208711863 0.6665220857 0.4126346111 0.7836419940 -0.5138841867 -0.3490390182
-142.0 50.2 2117.9 -0.7741258740 0.5400660634 -0.3302389681 0.6329880357 0.6665220857 -0.3937949538 0.0074362671 -0.5138841867 -0.8578273654
-56.6 159.9 2588.7 -0.2502176464 0.8573476672 -0.4498289824 -0.9396181107 -0.1029964760 0.3263579309 0.2334714085 0.5043279529 0.8313509226
-117.1 -67.4 2645.2 0.1573451906 0.8573476672 -0.4900994599 -0.8804389834 -0.1029964760 -0.4628379345 -0.4472915530 0.5043279529 0.7386362553
-256.4 -150.9 2330.5 0.4830575883 0.0039922544 -0.8755794764 -0.0006351163 0.9999909401 0.0042091217 0.8755883574 -0.0014771534 0.4830557406
-258.0 -539.1 2331.1 0.4901556969 0.1390300393 -0.8604754806 0.0456907637 0.9817416072 0.1846504360 0.8704365492 -0.1298232377 0.4748538435
-195.8 -194.3 2493.4 0.4861553013 -0.0437757485 -0.8727753162 -0.0260558855 0.9975743294 -0.0645489991 0.8734838963 0.0541217700 0.4838353992
-178.9 -581.5 2472.4 0.4819900393 -0.0771444291 -0.8727739453 0.0426340364 0.9970013499 -0.0645802021 0.8751388192 -0.0060828612 0.4838337302
75.2 -127.4 2115.8 0 0 0 0 0 0 0 0 0
-75.4 -300.3 2526.8 0 0 0 0 0 0 0 0 0
-309.9 -905.5 2379.5 0 0 0 0 0 0 0 0 0
-157.7 -854.3 2474.1 0 0 0 0 0 0 0 0 0
-30.3 375.2 2494.3 76 0.3523488045 0.3520799577 -0.8671159148 -0.2879216969 0.9223790169 0.2575230002 0.8904781938 0.1589235514 0.4263705909
-99.9 192.9 2462.9 0.3523488045 0.3520799577 -0.8671159148 -0.2879216969 0.9223790169 0.2575230002 0.8904781938 0.1589235514 0.4263705909
-163.5 11.3 2437.4 0.3648435175 0.3280072808 -0.8713784814 -0.2537885308 0.9354865551 0.2458785772 0.8958128095 0.1314386576 0.4245507121
-149.7 227.6 2340.6 -0.0106808301 0.5267590880 -0.8499475121 0.6275478601 0.6652947664 0.4044335783 0.7785047293 -0.5290631056 -0.3376724422
-146.7 50.7 2121.1 -0.7848193049 0.5267590880 -0.3264712989 0.6197210550 0.6652947664 -0.4163276255 -0.0021047101 -0.5290631056 -0.8485798836
-50.1 158.3 2585.2 -0.2415452302 0.8739072680 -0.4218317270 -0.9430140853 -0.1088672578 0.3144397438 0.2288675159 0.4737446904 0.8504032493
-108.5 -69.8 2640.5 0.1426441967 0.8739072680 -0.4646920860 -0.8742547631 -0.1088672578 -0.4731030762 -0.4640379846 0.4737446904 0.7484883070
-258.1 -149.1 2332.2 0.5123035908 0.0027271507 -0.8588001132 -0.0050202101 0.9999873638 0.0001807691 0.8587897420 0.0042187483 0.5123108029
-259.2 -537.3 2330.6 0.5189934373 0.1348801106 -0.8440694213 0.0398236290 0.9825841188 0.1815007776 0.8538500071 -0.1278116256 0.5045832992
-198.3 -192.4 2495.5 0.5146913528 -0.0496792793 -0.8559350371 -0.0234837849 0.9971284270 -0.0719955638 0.8570538759 0.0571560897 0.5120467544
-179.0 -579.5 2473.3 0.5113216639 -0.0709960908 -0.8564518094 0.0372087508 0.9974761605 -0.0604718961 0.8585835099 -0.0009469101 0.5126728415
73.0 -122.8 2121.7 0 0 0 0 0 0 0 0 0
-70.8 -301.0 2517.8 0 0 0 0 0 0 0 0 0
-309.5 -904.1 2378.3 0 0 0 0 0 0 0 0 0
-159.4 -854.2 2473.5 0 0 0 0 0 0 0 0 0
-29.8 374.4 2494.6 77 0.3598816395 0.3553405106 -0.8626809120 -0.2933178246 0.9208415747 0.2569346428 0.8856917024 0.1605736166 0.4356217086
-100.0 192.4 2462.9 0.3598816395 0.3553405106 -0.8626809120 -0.2933178246 0.9208415747 0.2569346428 0.8856917024 0.1605736166 0.4356217086
-164.3 11.1 2436.9 0.3723035753 0.3312152326 -0.8669985533 -0.2597578764 0.9340067506 0.2452697009 0.8910195827 0.1338949203 0.4337698221
-150.8 227.9 2341.2 -0.0260596387 0.5422157645 -0.8398351073 0.6364105344 0.6568759680 0.4043458998 0.7709102035 -0.5239427686 -0.3621897697
-143.5 48.1 2123.4 -0.7811288238 0.5422157645 -0.3095801473 0.6238165498 0.6568759680 -0.4235173166 -0.0262820218 -0.5239427686 -0.8513478637
-49.2 157.0 2584.6 -0.2415119261 0.8778875470 -0.4135038555 -0.9437984824 -0.1134138629 0.3104541004 0.2256467342 0.4652426839 0.8559397459
-107.6 -71.3 2639.2 0.1366713494 0.8778875470 -0.4589492381 -0.8717985749 -0.1134138629 -0.4765549004 -0.4704128206 0.4652426839 0.7498406768
-259.9 -147.5 2331.7 0.5200531483 0.0041168067 -0.8541240096 0.0074691088 0.9999282360 0.0093673104 0.8541012406 -0.0112510435 0.5199850798
-261.5 -535.7 2336.0 0.5215615034 0.1191276759 -0.8448563218 0.0196551606 0.9882645011 0.1514825970 0.8529872298 -0.0956132784 0.5130992532
-194.6 -193.0 2492.1 0.5222752690 -0.0394429266 -0.8518642783 -0.0289650261 0.9975329041 -0.0639460236 0.8522849083 0.0580716990 0.5198443532
-179.2 -580.2 2469.5 0.5179723501 -0.0752645582 -0.8520797491 0.0492577106 0.9970930219 -0.0581302755 0.8539779186 -0.0118616214 0.5201740265
75.2 -126.5 2130.8 0 0 0 0 0 0 0 0 0
-71.4 -301.9 2514.7 0 0 0 0 0 0 0 0 0
-305.9 -904.3 2371.7 0 0 0 0 0 0 0 0 0
-158.6 -853.2 2472.8 0 0 0 0 0 0 0 0 0
-28.0 373.1 2494.3 78 0.3696843386 0.3621571660 -0.8556726575 -0.2964704633 0.9187520146 0.2607681155 0.8805900216 0.1572797745 0.4470171332
-99.5 191.7 2463.3 0.3696843386 0.3621571660 -0.8556726575 -0.2964704633 0.9187520146 0.2607681155 0.8805900216 0.1572797745 0.4470171332
-165.3 11.0 2437.3 0.3812256753 0.3392021954 -0.8600051403 -0.2660289705 0.9311593771 0.2493406683 0.8853787780 0.1337312162 0.4452194571
-151.5 228.0 2342.3 -0.0496904217 0.5701627135 -0.8200276494 0.6398014426 0.6486337781 0.4122236669 0.7669321895 -0.5041713119 -0.3970218003
-137.4 46.1 2124.2 -0.7727793455 0.5701627135 -0.2787948251 0.6317168474 0.6486337781 -0.4245091379 -0.0612035207 -0.5041713119 -0.8614321947
-47.4 155.4 2584.2 -0.2452134639 0.8826439977 -0.4010111094 -0.9430645108 -0.1212906763 0.3097061813 0.2247214019 0.4541234672 0.8621323109
-106.7 -72.7 2638.5 0.1250641197 0.8826439977 -0.4530988038 -0.8707081676 -0.1212906763 -0.4766087234 -0.4756324887 0.4541234672 0.7533562183
-261.9 -146.9 2331.1 0.5304147601 -0.0017584069 -0.8477364779 0.0149134584 0.9998624325 0.0072571528 0.8476070762 -0.0164919831 0.5303680301
-261.3 -535.0 2337.5 0.5284664035 0.1264430434 -0.8394852281 -0.0008500571 0.9889245629 0.1484164447 0.8489537835 -0.0777194872 0.5227208734
-195.3 -193.4 2490.7 0.5316612124 -0.0384428576 -0.8460841775 -0.0180125404 0.9982302189 -0.0566744879 0.8467655182 0.0453717522 0.5300278664
-180.3 -580.9 2473.1 0.5279794931 -0.0781871229 -0.8456502557 0.0406315997 0.9969382882 -0.0668066815 0.8482845426 0.0009124348 0.5295398831
80.4 -131.9 2141.5 0 0 0 0 0 0 0 0 0
-73.6 -303.1 2512.7 0 0 0 0 0 0 0 0 0
-308.4 -904.0 2366.5 0 0 0 0 0 0 0 0 0
-159.1 -851.9 2472.9 0 0 0 0 0 0 0 0 0
-23.6 369.1 2494.6 79 0.3599598706 0.3745732605 -0.8544728160 -0.3032788932 0.9131034613 0.2725141048 0.8822985888 0.1610494107 0.4422807992
-97.4 189.2 2462.9 0.3599598706 0.3745732605 -0.8544728160 -0.3032788932 0.9131034613 0.2725141048 0.8822985888 0.1610494107 0.4422807992
-165.6 9.5 2436.1 0.3716979921 0.3518499732 -0.8590938449 -0.2735641897 0.9258172512 0.2608161271 0.8871320486 0.1380724758 0.4403779805
-148.1 226.6 2341.7 -0.0654207841 0.6042770147 -0.7940840125 0.6442467570 0.6332825422 0.4288349152 0.7620146275 -0.4835312963 -0.4307333231
-129.6 44.5 2126.3 -0.7556398511 0.6042770147 -0.2527008653 0.6479578614 0.6332825422 -0.4232066572 -0.0957030207 -0.4835312963 -0.8700795174
-46.6 151.9 2584.1 -0.2602968514 0.8779041767 -0.4019077122 -0.9399130940 -0.1351494640 0.3135250509 0.2209273279 0.4593679011 0.8603326082
-109.5 -75.4 2637.5 0.1154552549 0.8779041767 -0.4647088647 -0.8712930679 -0.1351494640 -0.4717870951 -0.4769890010 0.4593679011 0.7493081093
-265.3 -146.0 2332.1 0.5251888037 -0.0137486262 -0.8508746624 0.0134483017 0.9998787045 -0.0078555178 0.8508794904 -0.0073171891 0.5253099799
-260.0 -534.1 2334.9 0.5248979926 0.1331945062 -0.8406791091 0.0112849716 0.9865044951 0.1633446515 0.8510903716 -0.0952263176 0.5163111091
-197.0 -193.6 2490.7 0.5256991386 -0.0373636708 -0.8498495817 -0.0190455932 0.9982675314 -0.0556700751 0.8504573107 0.0454516038 0.5240767598
-182.5 -581.2 2473.0 0.5204426050 -0.0967857912 -0.8483937979 0.0468009859 0.9952952862 -0.0848346800 0.8526131511 0.0044459160 0.5225237608
83.5 -138.3 2153.3 0 0 0 0 0 0 0 0 0
-79.0 -305.9 2511.3 0 0 0 0 0 0 0 0 0
-309.7 -902.2 2370.4 0 0 0 0 0 0 0 0 0
-156.1 -852.5 2471.8 0 0 0 0 0 0 0 0 0
-21.0 367.6 2503.3 80 0.3120656908 0.3804060817 -0.8705781102 -0.3086037934 0.9072376490 0.2858032882 0.8985425234 0.1794743091 0.4005125165
-96.1 188.6 2467.9 0.3120656908 0.3804060817 -0.8705781102 -0.3086037934 0.9072376490 0.2858032882 0.8985425234 0.1794743091 0.4005125165
-165.7 9.8 2438.6 0.3256244659 0.3592579961 -0.8745869994 -0.2750907838 0.9209817052 0.2758945227 0.9045959115 0.1507528126 0.3987227082
-140.5 226.1 2344.5 -0.0879543722 0.6419118047 -0.7617173195 0.6387754083 0.6231030822 0.4513408542 0.7643494010 -0.4468688667 -0.4648421109
-115.3 43.4 2125.8 -0.7383289933 0.6419118047 -0.2069288939 0.6595550179 0.6231030822 -0.4203924239 -0.1409168243 -0.4468688667 -0.8834311962
-51.6 151.1 2591.3 -0.2846252322 0.8533110023 -0.4368624389 -0.9349727631 -0.1464644969 0.3230698109 0.2116941959 0.5004082918 0.8395100236
