-366.9 514.7 2574.8 51 0.5996821523 0.0773435533 -0.7964918613 0.0355008841 0.9917672276 0.1230345815 0.7994504571 -0.1020578071 0.5919993520
-382.6 313.3 2595.5 0.5996821523 0.0773435533 -0.7964918613 0.0355008841 0.9917672276 0.1230345815 0.7994504571 -0.1020578071 0.5919993520
-397.3 119.3 2617.3 0.6003708839 0.0750041977 -0.7961966991 0.0444638431 0.9909215569 0.1268757731 0.7984846830 -0.1115744859 0.5915854573
-468.1 307.0 2481.7 -0.3259343803 0.3169761002 -0.8906699419 0.8797890544 0.4465304315 -0.1630391181 0.3460317254 -0.8367417455 -0.4244117439
-370.3 42.9 2377.8 -0.7804605365 0.3169761002 -0.5388947129 0.6240860224 0.4465304315 -0.6411920190 0.0373903327 -0.8367417455 -0.5463197231
-297.0 319.7 2709.3 0.6863210201 0.6634544730 0.2979791760 -0.7268683910 0.6116116047 0.3123997152 0.0250154827 -0.4309981465 0.9020059705
-109.5 121.1 2716.1 0.3002602160 0.6634544730 0.6853261590 -0.7452516556 0.6116116047 -0.2655772567 -0.5953518152 -0.4309981465 0.6780831814
-467.9 -77.2 2568.0 -0.5088489652 0.1814707369 0.8415111899 0.1047474071 0.9833171964 -0.1487118602 -0.8544592857 0.0124742370 -0.5193685889
-539.0 -462.3 2563.1 -0.5023897886 -0.1291653812 0.8549390435 0.0496474355 0.9828382134 0.1776630133 -0.8632147312 0.1317016035 -0.4873551428
-357.9 -68.4 2711.2 -0.8945420384 0.0001359532 -0.4469837844 -0.0125942547 0.9995952845 0.0255087316 0.4468063414 0.0284480602 -0.8941782713
-357.9 -459.9 2700.0 -0.8812742829 0.1653645784 -0.4427303374 0.1024909765 0.9813649058 0.1625376344 0.4613579810 0.0978643745 -0.8818000555
-148.7 -134.3 2367.2 0 0 0 0 0 0 0 0 0
-24.0 -91.0 2546.6 0 0 0 0 0 0 0 0 0
-497.9 -775.0 2521.2 0 0 0 0 0 0 0 0 0
-420.2 -829.3 2663.2 0 0 0 0 0 0 0 0 0
-363.6 520.1 2569.0 52 0.6101555824 0.0836301148 -0.7878554463 0.0428886227 0.9894688129 0.1382463276 0.7911199331 -0.1181418076 0.6001431346
-380.7 317.8 2593.2 0.6101555824 0.0836301148 -0.7878554463 0.0428886227 0.9894688129 0.1382463276 0.7911199331 -0.1181418076 0.6001431346
-396.8 124.2 2617.5 0.6106238365 0.0822899416 -0.7876337171 0.0484718978 0.9888379574 0.1408897489 0.7904359698 -0.1242087409 0.5998193026
-467.7 311.0 2480.5 -0.3189542294 0.2865450680 -0.9034157991 0.8855783343 0.4297060370 -0.1763626337 0.3376673758 -0.8562970757 -0.3908146620
-372.5 46.6 2379.7 -0.7841452360 0.2865450680 -0.5504617691 0.6187119484 0.4297060370 -0.6576840281 0.0480806157 -0.8562970757 -0.5142408013
-293.7 324.7 2705.8 0.6684648395 0.6999529600 0.2514369488 -0.7432777882 0.6167479157 0.2591526806 0.0263214931 -0.3601219654 0.9325338006
-109.0 119.4 2713.1 0.3395163119 0.6999529600 0.6283267140 -0.7309676409 0.6167479157 -0.2920759022 -0.5919585824 -0.3601219654 0.7210389376
-466.2 -78.8 2567.0 -0.5168393850 0.1886738390 0.8350324631 0.1078661904 0.9819898605 -0.1551152915 -0.8492596745 0.0099020824 -0.5278825760
-540.1 -463.4 2563.1 -0.5093789101 -0.1350855976 0.8498734832 0.0464642458 0.9818441272 0.1839107871 -0.8592870235 0.1331690103 -0.4938540757
-357.7 -70.7 2711.3 -0.8890286088 0.0026363218 -0.4578440785 -0.0057600876 0.9998399019 0.0169419739 0.4578154385 0.0176991206 -0.8888710737
-358.7 -462.4 2704.4 -0.8787574768 0.1568968445 -0.4507423341 0.0791594461 0.9792537689 0.1865364313 0.4706581235 0.1282397807 -0.8729464412
-149.9 -129.0 2366.1 0 0 0 0 0 0 0 0 0
-12.0 -89.3 2544.1 0 0 0 0 0 0 0 0 0
-497.2 -775.5 2520.8 0 0 0 0 0 0 0 0 0
-417.7 -830.9 2656.1 0 0 0 0 0 0 0 0 0
-356.3 510.0 2560.1 53 0.5812727809 0.1156199127 -0.8054526448 0.0579749309 0.9814535975 0.1827231348 0.8116407990 -0.1529080570 0.5637892485
-379.9 309.9 2591.3 0.5812727809 0.1156199127 -0.8054526448 0.0579749309 0.9814535975 0.1827231348 0.8116407990 -0.1529080570 0.5637892485
-401.6 117.8 2621.7 0.5818361640 0.1106912792 -0.8057382703 0.0628613308 0.9816108942 0.1802455783 0.8108730912 -0.1555231810 0.5641785264
-462.8 300.8 2475.9 -0.3194534481 0.2943902314 -0.9007129669 0.8874101639 0.4263072908 -0.1754005253 0.3323442936 -0.8553341627 -0.3974302113
-370.3 44.0 2379.7 -0.7807828784 0.2943902314 -0.5511011481 0.6233909726 0.4263072908 -0.6554737091 0.0419733636 -0.8553341627 -0.5163736343
-297.0 318.9 2706.8 0.6892373562 0.6751390100 0.2629433572 -0.7244789004 0.6376556754 0.2617739141 0.0090664299 -0.3709212840 0.9286200404
-105.7 117.8 2709.3 0.3512743711 0.6751390100 0.6486861110 -0.7200410962 0.6376556754 -0.2737444341 -0.5984539390 -0.3709212840 0.7101199031
-468.1 -73.8 2570.4 -0.4769359529 0.1846779883 0.8593172431 0.1150279343 0.9823828340 -0.1472838223 -0.8713786006 0.0286005344 -0.4897768497
-540.4 -458.5 2559.2 -0.4684153199 -0.1338981986 0.8733031154 0.0433693118 0.9837728739 0.1740979254 -0.8824433088 0.1194246933 -0.4550072253
-357.7 -65.1 2713.3 -0.9058840871 -0.0025099744 -0.4235183001 -0.0185906924 0.9992542863 0.0338424817 0.4231175184 0.0385308638 -0.9052551985
-356.7 -456.4 2698.2 -0.8909143209 0.1700932980 -0.4211175144 0.1185399741 0.9821681976 0.1459242702 0.4384289682 0.0800867602 -0.8951905966
-147.6 -133.9 2367.7 0 0 0 0 0 0 0 0 0
-6.0 -86.4 2539.5 0 0 0 0 0 0 0 0 0
-497.3 -775.1 2520.8 0 0 0 0 0 0 0 0 0
-420.7 -825.7 2668.1 0 0 0 0 0 0 0 0 0
-356.0 511.2 2552.7 54 0.5951644778 0.1109185964 -0.7959122658 0.0791247636 0.9775273204 0.1953961700 0.7996990085 -0.1792692244 0.5730131269
-378.7 311.0 2589.4 0.5951644778 0.1109185964 -0.7959122658 0.0791247636 0.9775273204 0.1953961700 0.7996990085 -0.1792692244 0.5730131269
-399.7 119.6 2624.7 0.5955091119 0.1069226041 -0.7962012887 0.0822180584 0.9777870774 0.1928019375 0.7991302013 -0.1802774221 0.5734901428
-463.6 299.2 2475.6 -0.3283694983 0.3039309382 -0.8943150640 0.8837730885 0.4330066442 -0.1773424447 0.3333445191 -0.8486054540 -0.4107921720
-367.0 39.3 2377.6 -0.7819333673 0.3039309382 -0.5442483425 0.6222361922 0.4330066442 -0.6521712542 0.0374481119 -0.8486054540 -0.5276991725
-293.9 322.7 2703.2 0.6712882519 0.7174563408 0.1860871613 -0.7392450571 0.6298708320 0.2382845879 0.0537479222 -0.2975216508 0.9532009363
-108.7 118.8 2718.0 0.3630453944 0.7174563408 0.5945203304 -0.7026072145 0.6298708320 -0.3310677409 -0.6119976640 -0.2975216508 0.7327616811
-476.0 -80.0 2578.8 -0.4879322052 0.1597579122 0.8581372499 0.1167550236 0.9862193465 -0.1172164455 -0.8650377989 0.0429981574 -0.4998607337
-538.5 -466.1 2561.9 -0.4798095226 -0.1350551844 0.8669157624 0.0495973118 0.9823263884 0.1804852784 -0.8759697080 0.1295952499 -0.4646311998
-370.8 -68.5 2725.2 -0.8976982832 -0.0331405550 -0.4393625557 -0.0545396134 0.9978563786 0.0361674093 0.4372221231 0.0564300865 -0.8975814581
-357.8 -459.1 2703.1 -0.8835402727 0.1606812775 -0.4399296343 0.0957839042 0.9814464450 0.1660973132 0.4584560990 0.1046154872 -0.8825381398
-145.0 -137.4 2367.0 0 0 0 0 0 0 0 0 0
-3.0 -85.7 2540.0 0 0 0 0 0 0 0 0 0
-496.1 -775.0 2521.2 0 0 0 0 0 0 0 0 0
-418.3 -828.4 2663.8 0 0 0 0 0 0 0 0 0
-358.6 507.7 2550.5 55 0.5910263062 0.1032866985 -0.8000123501 0.0864436477 0.9779475331 0.1901213527 0.8020071387 -0.1815227121 0.5690641999
-379.7 308.2 2587.5 0.5910263062 0.1032866985 -0.8000123501 0.0864436477 0.9779475331 0.1901213527 0.8020071387 -0.1815227121 0.5690641999
-399.2 116.7 2623.3 0.5913639069 0.0996609926 -0.8002227545 0.0896975026 0.9780465364 0.1880938262 0.8014007211 -0.1830098778 0.5694420934
-463.9 295.4 2473.4 -0.3374584019 0.2914574146 -0.8950834870 0.8805251718 0.4339621365 -0.1906628162 0.3328622580 -0.8524842858 -0.4030797482
-364.9 37.0 2375.6 -0.7821680307 0.2914574146 -0.5506957173 0.6211546659 0.4339621365 -0.6525670290 0.0487855934 -0.8524842858 -0.5204714537
-295.4 321.0 2701.7 0.6840556264 0.7171103358 0.1334941089 -0.7198602557 0.6341322660 0.2822720408 0.1177672744 -0.2891868949 0.9500009418
-107.9 123.7 2734.0 0.3559071720 0.7171103358 0.5992352366 -0.6899336576 0.6341322660 -0.3490957022 -0.6303345561 -0.2891868949 0.7204507589
-474.4 -79.2 2587.7 -0.4799301922 0.1659519672 0.8614678979 0.1423109472 0.9836673141 -0.1102098003 -0.8656873703 0.0697033033 -0.4957084358
-539.4 -464.3 2560.4 -0.4688428938 -0.1351422817 0.8728819489 0.0450608470 0.9832798839 0.1764375269 -0.8821314573 0.1220542863 -0.4549141526
-366.8 -64.3 2732.1 -0.8994135857 -0.0231019482 -0.4364876449 -0.0507127643 0.9973737597 0.0517093092 0.4341467321 0.0686435476 -0.8982230425
-357.7 -454.8 2705.2 -0.8860887885 0.1575701088 -0.4359108806 0.0871313065 0.9803032279 0.1772390306 0.4552524090 0.1190680340 -0.8823650479
-143.1 -139.1 2361.8 0 0 0 0 0 0 0 0 0
-1.5 -82.6 2545.5 0 0 0 0 0 0 0 0 0
-496.7 -775.1 2521.9 0 0 0 0 0 0 0 0 0
-417.0 -823.8 2660.4 0 0 0 0 0 0 0 0 0
-358.8 509.2 2548.4 56 0.5931124687 0.1034903601 -0.7984405756 0.0917936414 0.9765455127 0.1947634071 0.7998697162 -0.1888083667 0.5697015524
-380.0 309.3 2587.0 0.5931124687 0.1034903601 -0.7984405756 0.0917936414 0.9765455127 0.1947634071 0.7998697162 -0.1888083667 0.5697015524
-399.6 118.0 2624.0 0.5933139324 0.1001432836 -0.7987176180 0.0937263966 0.9768883586 0.1921054274 0.7994960546 -0.1888397485 0.5702154040
-464.6 295.9 2473.1 -0.3324057460 0.2981202602 -0.8947796822 0.8816794157 0.4350950420 -0.1825753003 0.3348848224 -0.8495979309 -0.4074745774
-368.4 40.8 2376.2 -0.7884607315 0.2981202602 -0.5380092859 0.6139264107 0.4350950420 -0.6586248279 0.0377357788 -0.8495979309 -0.5260792375
-295.5 322.6 2701.0 0.7061933279 0.6517536044 0.2766011059 -0.7049453259 0.6108875275 0.3603728116 0.0659021288 -0.4494815469 0.8908553720
-103.6 131.1 2718.9 0.3366073072 0.6517536044 0.6796416044 -0.7640694976 0.6108875275 -0.2073986828 -0.5503574014 -0.4494815469 0.7036142945
-472.2 -82.9 2586.7 -0.4820940793 0.1685445309 0.8597546220 0.1361675262 0.9838108420 -0.1165104136 -0.8654730916 0.0609016865 -0.4972396493
-538.2 -468.1 2562.9 -0.4723736048 -0.1358550638 0.8708654046 0.0541172139 0.9817150235 0.1825017929 -0.8797354698 0.1333378404 -0.4563841820
-365.3 -66.6 2731.5 -0.8984794021 -0.0178313535 -0.4386534095 -0.0456888899 0.9975470304 0.0530325621 0.4366317391 0.0676902533 -0.8970901370
-358.3 -457.3 2705.0 -0.8858605027 0.1557670534 -0.4370214641 0.0795097575 0.9789894819 0.1877705157 0.4570878744 0.1315910220 -0.8796331286
-146.3 -132.1 2365.6 0 0 0 0 0 0 0 0 0
-6.7 -88.8 2560.5 0 0 0 0 0 0 0 0 0
-495.5 -776.4 2521.0 0 0 0 0 0 0 0 0 0
-416.9 -825.9 2655.5 0 0 0 0 0 0 0 0 0
-359.1 509.4 2547.3 57 0.5959251523 0.1061952859 -0.7959873080 0.0933817402 0.9753289819 0.2000331730 0.7975920439 -0.1935354769 0.5713063478
-380.8 309.8 2586.9 0.5959251523 0.1061952859 -0.7959873080 0.0933817402 0.9753289819 0.2000331730 0.7975920439 -0.1935354769 0.5713063478
-400.7 118.7 2624.7 0.5961543918 0.1016787514 -0.7964052558 0.0955338180 0.9759171009 0.1961098760 0.7971657515 -0.1929953992 0.5720835328
-465.8 296.2 2473.3 -0.3303976059 0.3008585572 -0.8946069479 0.8804238439 0.4398144186 -0.1772488058 0.3401342034 -0.8461958766 -0.4101966918
-371.0 43.5 2375.7 -0.7909750938 0.3008585572 -0.5327687263 0.6107748747 0.4398144186 -0.6584203243 0.0362279713 -0.8461958766 -0.5316390991
-295.9 323.4 2700.5 0.7154236436 0.6161462665 0.3294431865 -0.6972426772 0.5992511511 0.3933836222 0.0449626520 -0.5111377835 0.8583219051
-102.7 135.2 2712.7 0.3525531590 0.6161462665 0.7043223977 -0.7901456356 0.5992511511 -0.1287166625 -0.5013743043 -0.5111377835 0.6981131434
-472.9 -81.8 2588.7 -0.4839409590 0.1701691300 0.8583959341 0.1379124224 0.9834839702 -0.1172152981 -0.8641650677 0.0616581850 -0.4994166195
-539.5 -467.0 2564.6 -0.4739606082 -0.1383301914 0.8696126342 0.0553537235 0.9809494615 0.1862098277 -0.8788044453 0.1363924295 -0.4572743177
-365.6 -64.8 2733.2 -0.8969591856 -0.0197689664 -0.4416711926 -0.0518198423 0.9968148470 0.0606204011 0.4390659928 0.0772613510 -0.8951266408
-357.9 -455.2 2703.0 -0.8835252523 0.1575081646 -0.4411057532 0.0890753120 0.9810783863 0.1719033718 0.4598355293 0.1125893444 -0.8808376193
-149.5 -127.5 2365.6 0 0 0 0 0 0 0 0 0
-3.4 -87.3 2571.5 0 0 0 0 0 0 0 0 0
-495.9 -776.4 2521.5 0 0 0 0 0 0 0 0 0
-417.2 -824.6 2660.6 0 0 0 0 0 0 0 0 0
-357.7 511.2 2539.3 58 0.5993063450 0.1146970987 -0.7922603488 0.1004967839 0.9710729122 0.2166050822 0.7941865325 -0.2094324231 0.5704435110
-381.3 311.6 2582.3 0.5993063450 0.1146970987 -0.7922603488 0.1004967839 0.9710729122 0.2166050822 0.7941865325 -0.2094324231 0.5704435110
-402.9 121.2 2622.4 0.5991325974 0.1102639362 -0.7930207849 0.0989953279 0.9726692438 0.2100344300 0.7945061922 -0.2043438256 0.5718422532
-466.7 297.5 2469.1 -0.3395549059 0.2777162492 -0.8986524343 0.8853268027 0.4170210361 -0.2056452036 0.3176459372 -0.8654288650 -0.3874711692
-367.6 39.3 2376.4 -0.7874360681 0.2777162492 -0.5502891541 0.6148532033 0.4170210361 -0.6693646312 0.0435887240 -0.8654288650 -0.4991321266
-295.9 325.7 2695.6 0.7147132754 0.6218882203 0.3200624287 -0.6976909041 0.6017842293 0.3886941671 0.0491158180 -0.5011095405 0.8639889359
-101.7 136.2 2708.9 0.3583553433 0.6218882203 0.6963019967 -0.7876582742 0.6017842293 -0.1320992708 -0.5011745095 -0.5011095405 0.7054880261
-474.5 -81.1 2590.5 -0.4834158719 0.1639015377 0.8599100709 0.1412568986 0.9840475917 -0.1081520915 -0.8639187217 0.0691858009 -0.4988564551
-538.7 -466.5 2563.4 -0.4732551575 -0.1340496689 0.8706665635 0.0528887734 0.9822479486 0.1799769402 -0.8793362975 0.1312234998 -0.4577641785
-366.8 -63.8 2734.6 -0.8960675001 -0.0266365949 -0.4431180060 -0.0475146621 0.9982187748 0.0360788591 0.4413676858 0.0533836968 -0.8957369924
-356.3 -454.7 2713.7 -0.8830900192 0.1611834317 -0.4406493604 0.0701688454 0.9739497900 0.2156343758 0.4639270306 0.1595047265 -0.8713954091
-147.2 -132.8 2364.2 0 0 0 0 0 0 0 0 0
-1.7 -83.6 2569.1 0 0 0 0 0 0 0 0 0
-496.8 -774.1 2522.3 0 0 0 0 0 0 0 0 0
-417.0 -821.0 2653.7 0 0 0 0 0 0 0 0 0
-360.5 515.1 2541.8 59 0.6071090698 0.1012955084 -0.7881356478 0.1024115011 0.9735951424 0.2040204108 0.7879914045 -0.2045768052 0.5807046294
-381.3 315.6 2583.7 0.6071090698 0.1012955084 -0.7881356478 0.1024115011 0.9735951424 0.2040204108 0.7879914045 -0.2045768052 0.5807046294
-400.3 124.7 2623.0 0.6070494652 0.0969735682 -0.7887249589 0.1018260717 0.9748520851 0.1982292384 0.7881131768 -0.2006477267 0.5819090009
-467.8 301.1 2471.4 -0.3331341147 0.2991327047 -0.8941707015 0.8837349415 0.4296479821 -0.1855132282 0.3286855519 -0.8520107269 -0.4074844122
-369.9 41.4 2374.8 -0.7922432423 0.2991327047 -0.5318554640 0.6095058918 0.4296479821 -0.6662621498 0.0292098261 -0.8520107269 -0.5227088332
-294.7 330.1 2696.0 0.7064372301 0.6428766251 0.2960676849 -0.7058300972 0.6089019775 0.3619976342 0.0524436310 -0.4647020698 0.8839126825
-100.6 136.1 2710.4 0.3525748551 0.6428766251 0.6800004244 -0.7738285065 0.6089019775 -0.1744357198 -0.5261942744 -0.4647020698 0.7121598125
-478.6 -78.3 2590.6 -0.4956772923 0.1576596051 0.8540769815 0.1347825080 0.9854354858 -0.1036847383 -0.8579846621 0.0637204722 -0.5097077489
-540.4 -464.3 2565.6 -0.4856930673 -0.1397233307 0.8628903031 0.0529519878 0.9806267619 0.1885927618 -0.8725241423 0.1372899413 -0.4688849747
-370.3 -60.4 2734.2 -0.8905829191 -0.0336479209 -0.4535745680 -0.0535083301 0.9980854392 0.0310204867 0.4516623914 0.0518963337 -0.8906782866
-357.1 -451.3 2713.9 -0.8783601522 0.1558137685 -0.4518910050 0.0613832511 0.9743207097 0.2166362554 0.4740416706 0.1625461280 -0.8653688431
-148.8 -128.7 2366.7 0 0 0 0 0 0 0 0 0
-0.8 -82.8 2561.6 0 0 0 0 0 0 0 0 0
-496.3 -773.6 2522.3 0 0 0 0 0 0 0 0 0
-415.8 -818.0 2652.7 0 0 0 0 0 0 0 0 0
-361.6 519.6 2544.0 60 0.6142769456 0.0943713412 -0.7834270000 0.1042121574 0.9744243622 0.1990904808 0.7821787596 -0.2039393187 0.5887317657
-381.0 319.6 2585.9 0.6142769456 0.0943713412 -0.7834270000 0.1042121574 0.9744243622 0.1990904808 0.7821787596 -0.2039393187 0.5887317657
-398.3 128.6 2625.4 0.6144342422 0.0886256993 -0.7839745283 0.1058881506 0.9754176140 0.1932567656 0.7818300724 -0.2017571926 0.5899455547
-468.5 304.5 2474.5 -0.3254443109 0.3049127460 -0.8950498700 0.8826458454 0.4374774098 -0.1719006300 0.3391494155 -0.8459560871 -0.4115045071
-372.5 44.0 2374.4 -0.7890744805 0.3049127460 -0.5332819819 0.6134204865 0.4374774098 -0.6575171351 0.0328134708 -0.8459560871 -0.5322420001
-293.4 334.7 2697.3 0.6969488859 0.6393942833 0.3247109056 -0.7165831923 0.6034125686 0.3498596847 0.0277636331 -0.4765166938 0.8787269592
-101.2 137.1 2705.0 0.3596560061 0.6393942833 0.6795752048 -0.7824941278 0.6034125686 -0.1536104828 -0.5082819462 -0.4765166938 0.7173432708
-474.1 -75.4 2591.0 -0.5030741096 0.1742544472 0.8464938402 0.1449270099 0.9826022387 -0.1161423400 -0.8520050645 0.0642516240 -0.5195758939
-542.4 -460.3 2565.9 -0.4916121960 -0.1442715675 0.8587800264 0.0523152761 0.9795061946 0.1945011616 -0.8692413568 0.1405464560 -0.4739896059
-364.4 -57.0 2733.5 -0.8860909939 -0.0185744856 -0.4631389976 -0.0401951000 0.9985118508 0.0368564762 0.4617651999 0.0512741096 -0.8855189681
-357.1 -448.1 2713.4 -0.8746855855 0.1547530144 -0.4593218863 0.0624685995 0.9757494926 0.2097870708 0.4806482792 0.1548045427 -0.8631412387
-153.5 -126.3 2365.3 0 0 0 0 0 0 0 0 0
-0.4 -82.3 2562.5 0 0 0 0 0 0 0 0 0
-496.1 -774.3 2520.8 0 0 0 0 0 0 0 0 0
-415.4 -815.4 2655.1 0 0 0 0 0 0 0 0 0
-363.3 520.0 2538.2 61 0.6230412126 0.0947217569 -0.7764325142 0.1119347885 0.9716266990 0.2083557546 0.7741383910 -0.2167240381 0.5947608352
-382.7 320.5 2582.7 0.6230412126 0.0947217569 -0.7764325142 0.1119347885 0.9716266990 0.2083557546 0.7741383910 -0.2167240381 0.5947608352
-399.6 129.9 2624.4 0.6232376695 0.0864576101 -0.7772386074 0.1140435711 0.9731972814 0.1997025907 0.7736723423 -0.2131012529 0.5966733098
-471.5 304.2 2472.4 -0.3340374529 0.2937518060 -0.8956164718 0.8835291862 0.4285657108 -0.1889646798 0.3283217847 -0.8544245362 -0.4026952982
-373.5 45.0 2376.1 -0.7915496230 0.2937518060 -0.5358722806 0.6101632118 0.4285657108 -0.6663574576 0.0339127742 -0.8544245362 -0.5184675455
-293.9 336.7 2692.9 0.6966092587 0.6566668749 0.2890054882 -0.7167763114 0.6195296049 0.3200231493 0.0311011318 -0.4300833642 0.9022532701
-102.6 139.9 2701.4 0.3746055663 0.6566668749 0.6545680165 -0.7628801465 0.6195296049 -0.1849240810 -0.5269578099 -0.4300833642 0.7330373526
-471.2 -72.0 2594.2 -0.5085152388 0.1756117493 0.8429547548 0.1591313034 0.9812845588 -0.1084333509 -0.8462206721 0.0790004805 -0.5269435048
-540.0 -456.4 2563.3 -0.4965627491 -0.1343364269 0.8575425148 0.0490652174 0.9820274711 0.1822487265 -0.8666129708 0.1325734407 -0.4810470343
-360.2 -52.9 2735.6 -0.8807840943 -0.0100905225 -0.4734105170 -0.0379280932 0.9980639815 0.0492922626 0.4719966054 0.0613714010 -0.8794616461
-356.2 -443.8 2711.5 -0.8705008626 0.1484754980 -0.4692369103 0.0569323376 0.9773877263 0.2036465555 0.4888629317 0.1505597532 -0.8592699170
-153.9 -124.3 2366.7 0 0 0 0 0 0 0 0 0
-0.2 -68.6 2557.4 0 0 0 0 0 0 0 0 0
-496.6 -773.7 2520.5 0 0 0 0 0 0 0 0 0
-412.1 -811.9 2654.8 0 0 0 0 0 0 0 0 0
-362.5 522.2 2533.2 62 0.6186595559 0.0957215503 -0.7798061967 0.1199712381 0.9694001079 0.2141735107 0.7764452696 -0.2260548025 0.5882447958
-382.3 322.1 2579.9 0.6186595559 0.0957215503 -0.7798061967 0.1199712381 0.9694001079 0.2141735107 0.7764452696 -0.2260548025 0.5882447958
-399.6 132.0 2623.6 0.6188624501 0.0881280527 -0.7805399895 0.1221126541 0.9708116651 0.2064297497 0.7759495974 -0.2230654359 0.5900373459
-470.5 304.7 2469.3 -0.3408645391 0.2737123966 -0.8993847370 0.8883146644 0.4069442451 -0.2128224671 0.3077473044 -0.8714802861 -0.3818556070
-369.1 40.5 2377.8 -0.7868571281 0.2737123966 -0.5531160235 0.6158099174 0.4069442451 -0.6746662855 0.0404228754 -0.8714802861 -0.4887617826
-294.1 339.5 2690.5 0.6966689229 0.6414705515 0.3211976886 -0.7173701525 0.6193630099 0.3190133572 0.0056996895 -0.4526643157 0.8916627765
-97.9 137.5 2692.1 0.3779939711 0.6414705515 0.6675598025 -0.7686435580 0.6193630099 -0.1599264741 -0.5160499811 -0.4526643157 0.7271777391
-472.9 -71.0 2596.2 -0.5012083650 0.1674950123 0.8489614725 0.1639062613 0.9817034602 -0.0969175249 -0.8496616483 0.0905742273 -0.5194914937
-538.5 -455.5 2560.7 -0.4886669517 -0.1309532225 0.8625867367 0.0411443375 0.9841127396 0.1727114618 -0.8714997172 0.1198889464 -0.4755153954
-360.2 -50.4 2736.0 -0.8833114505 -0.0136961760 -0.4685865343 -0.0469421037 0.9971332550 0.0593435355 0.4664304554 0.0744152591 -0.8814221621
-354.9 -440.9 2706.9 -0.8688473701 0.1640576124 -0.4671074152 0.0925581828 0.9806907773 0.1722748429 0.4863509238 0.1064459309 -0.8672554493
-149.7 -131.2 2366.5 0 0 0 0 0 0 0 0 0
7.0 -75.8 2548.8 0 0 0 0 0 0 0 0 0
-496.0 -774.5 2521.8 0 0 0 0 0 0 0 0 0
-416.6 -809.9 2666.8 0 0 0 0 0 0 0 0 0
-363.2 520.1 2531.2 63 0.6204630733 0.0933218375 -0.7786633372 0.1226221323 0.9691377878 0.2138590813 0.7745898366 -0.2281730175 0.5898709297
-382.4 320.4 2578.3 0.6204630733 0.0933218375 -0.7786633372 0.1226221323 0.9691377878 0.2138590813 0.7745898366 -0.2281730175 0.5898709297
-399.0 130.2 2622.0 0.6205850244 0.0846099928 -0.7795609832 0.1239518523 0.9710773230 0.2040706277 0.7742804289 -0.2232712060 0.5921484828
-470.8 302.8 2467.9 -0.3402269483 0.2868581116 -0.8955211043 0.8885347247 0.4098129272 -0.2062992156 0.3078175485 -0.8658901453 -0.3943127990
-371.2 42.6 2377.8 -0.7915050387 0.2868581116 -0.5396593213 0.6105764508 0.4098129272 -0.6776797175 0.0267614499 -0.8658901453 -0.4995178282
-293.9 338.1 2688.6 0.6939807534 0.6483930945 0.3130129576 -0.7199781537 0.6221106648 0.3075870574 0.0047086123 -0.4388220012 0.8985616565
-98.1 134.9 2689.9 0.3852223456 0.6483930945 0.6566507220 -0.7652711868 0.6221106648 -0.1653431356 -0.5157167912 -0.4388220012 0.7358474731
-472.8 -69.2 2597.1 -0.5036519170 0.1652720422 0.8479503989 0.1644313037 0.9819262624 -0.0937187225 -0.8481138349 0.0922279805 -0.5217248797
-537.5 -453.8 2561.0 -0.4917563796 -0.1274703592 0.8613518476 0.0444272384 0.9842646718 0.1710241437 -0.8695986867 0.1223696992 -0.4783552885
-360.9 -47.1 2737.4 -0.8818120956 -0.0171591304 -0.4712886214 -0.0550706945 0.9962475300 0.0667685643 0.4683744609 0.0848315209 -0.8794481158
-354.2 -437.3 2704.1 -0.8671761751 0.1617467999 -0.4710026085 0.1003548503 0.9831402302 0.1528536081 0.4877851903 0.0852836147 -0.8687878251
-150.4 -127.8 2370.3 0 0 0 0 0 0 0 0 0
11.7 -83.3 2542.9 0 0 0 0 0 0 0 0 0
-495.8 -775.8 2520.9 0 0 0 0 0 0 0 0 0
-415.0 -807.3 2672.0 0 0 0 0 0 0 0 0 0
-362.8 516.2 2532.3 64 0.6101892591 0.0955422074 -0.7864736319 0.1272311658 0.9679996967 0.2163072228 0.7819727063 -0.2320522964 0.5785070658
-382.4 317.5 2579.9 0.6101892591 0.0955422074 -0.7864736319 0.1272311658 0.9679996967 0.2163072228 0.7819727063 -0.2320522964 0.5785070658
-399.2 127.6 2624.6 0.6104304790 0.0857780501 -0.7874114513 0.1298086494 0.9698435664 0.2062840760 0.7813605666 -0.2281349003 0.5808873177
-469.4 299.0 2468.6 -0.3365810812 0.2323615104 -0.9125356674 0.8890269995 0.3978452086 -0.2266056985 0.3103935122 -0.8875400424 -0.3404828310
-372.7 43.6 2379.4 -0.7941157222 0.2323615104 -0.5615944862 0.6044861078 0.3978452086 -0.6901563406 0.0630619153 -0.8875400424 -0.4563944340
-295.4 336.0 2691.2 0.7011608481 0.6575686932 0.2756389380 -0.7129508853 0.6419200897 0.2822050452 0.0086310394 -0.3943881392 0.9189034104
-99.6 136.9 2693.7 0.3781053722 0.6575686932 0.6516438723 -0.7339656353 0.6419200897 -0.2218853384 -0.5642081499 -0.3943881392 0.7253462672
-471.6 -71.2 2595.7 -0.4916376472 0.1633070558 0.8553497791 0.1669184864 0.9817165732 -0.0914921910 -0.8546523452 0.0977926850 -0.5099077821
-535.6 -455.7 2557.4 -0.4800447226 -0.1207613200 0.8688922524 0.0395585373 0.9864920378 0.1589609534 -0.8763516545 0.1106804758 -0.4687831402
-359.4 -48.7 2735.7 -0.8876684308 -0.0142700560 -0.4602620602 -0.0513143875 0.9963597059 0.0680743754 0.4576151371 0.0840455368 -0.8851693273
-353.8 -439.0 2702.8 -0.8719777465 0.1691208184 -0.4594049752 0.1024026051 0.9806836843 0.1666530222 0.4787154794 0.0982734635 -0.8724527359
-151.2 -124.9 2361.8 0 0 0 0 0 0 0 0 0
5.9 -67.8 2536.3 0 0 0 0 0 0 0 0 0
-496.4 -775.7 2521.5 0 0 0 0 0 0 0 0 0
-417.5 -808.2 2665.8 0 0 0 0 0 0 0 0 0
-364.1 515.0 2539.3 65 0.5976455212 0.0904743522 -0.7966393232 0.1246346161 0.9710500836 0.2037841231 0.7920139432 -0.2210794985 0.5690674782
-382.6 316.7 2584.4 0.5976455212 0.0904743522 -0.7966393232 0.1246346161 0.9710500836 0.2037841231 0.7920139432 -0.2210794985 0.5690674782
-399.3 126.3 2627.2 0.5977291465 0.0853649154 -0.7971403003 0.1255592406 0.9720764160 0.1982482076 0.7918047309 -0.2185870707 0.5703200698
-467.8 298.8 2471.6 -0.3272809684 0.2390258908 -0.9141957164 0.8903581500 0.4020235538 -0.2136339247 0.3164641559 -0.8838799000 -0.3443933129
-374.4 44.6 2381.2 -0.7904988527 0.2390258908 -0.5638955832 0.6091828346 0.4020235538 -0.6835739017 0.0633074269 -0.8838799000 -0.4634096324
-297.4 334.6 2697.2 0.7063249946 0.6505677700 0.2790458500 -0.7073046565 0.6645932198 0.2409065664 -0.0287259445 -0.3675287664 0.9295684099
-98.2 135.1 2689.1 0.3602578938 0.6505677700 0.6685624719 -0.6960902810 0.6645932198 -0.2716140151 -0.6210254431 -0.3675287664 0.6922788620
-471.2 -74.1 2598.6 -0.4787542224 0.1634571999 0.8625984788 0.1738707423 0.9807077646 -0.0893375054 -0.8605599403 0.1072099283 -0.4979384243
-535.2 -458.2 2556.6 -0.4667040408 -0.1201635450 0.8762123585 0.0392365269 0.9869382977 0.1562473476 -0.8835427761 0.1073007956 -0.4558933079
-360.8 -50.6 2739.9 -0.8944715858 -0.0205405317 -0.4466527402 -0.0566769056 0.9960950017 0.0676936656 0.4435181022 0.0858649537 -0.8921428919
-352.8 -440.8 2706.2 -0.8788702488 0.1693959683 -0.4459731877 0.0950661451 0.9782735705 0.1842370629 0.4674927890 0.1195235252 -0.8758793473
-155.1 -124.3 2363.7 0 0 0 0 0 0 0 0 0
1.7 -58.0 2516.9 0 0 0 0 0 0 0 0 0
-496.6 -775.5 2522.1 0 0 0 0 0 0 0 0 0
-416.6 -809.1 2661.2 0 0 0 0 0 0 0 0 0
-364.7 513.6 2533.8 66 0.6032291055 0.0943747684 -0.7919647098 0.1241033524 0.9697731733 0.2100912780 0.7878534198 -0.2250186503 0.5732831359
-384.1 315.1 2579.8 0.6032291055 0.0943747684 -0.7919647098 0.1241033524 0.9697731733 0.2100912780 0.7878534198 -0.2250186503 0.5732831359
-401.5 124.9 2623.3 0.6032786369 0.0889047980 -0.7925596833 0.1246279404 0.9710495472 0.2037907541 0.7877326608 -0.2217176855 0.5747334361
-470.0 297.3 2467.6 -0.3364006579 0.2494784743 -0.9080721736 0.8868639469 0.4082247913 -0.2163906395 0.3167127669 -0.8781304359 -0.3585805595
-374.4 45.2 2377.5 -0.7879390121 0.2494784743 -0.5629498959 0.6127254963 0.4082247913 -0.6766978502 0.0609885529 -0.8781304359 -0.4745180607
-298.1 332.8 2692.1 0.7111858726 0.6942026019 0.1108936667 -0.6955485344 0.6719217896 0.2544275820 0.1021124125 -0.2580772042 0.9607128501
-105.3 144.2 2719.8 0.3228464723 0.6942026019 0.6433140039 -0.6111308932 0.6719217896 -0.4183779657 -0.7226957679 -0.2580772042 0.6411762238
-470.1 -75.4 2598.5 -0.4835247099 0.1715479046 0.8583561182 0.1722887009 0.9800769687 -0.0988218114 -0.8582077026 0.1001022756 -0.5034471750
-537.3 -459.3 2559.3 -0.4709798992 -0.1266759634 0.8730012178 0.0434787273 0.9850995541 0.1663984358 -0.8810718060 0.1163273007 -0.4584543705
-362.0 -52.7 2741.6 -0.8918564916 -0.0166789927 -0.4520108402 -0.0577670075 0.9953367114 0.0772518367 0.4486144781 0.0950088650 -0.8886609674
-355.5 -442.6 2704.4 -0.8771175742 0.1627278477 -0.4518676400 0.1008090079 0.9822704196 0.1580582112 0.4695766866 0.0930833146 -0.8779711127
-157.4 -123.5 2360.7 0 0 0 0 0 0 0 0 0
-16.7 -23.4 2521.6 0 0 0 0 0 0 0 0 0
-496.6 -775.2 2522.0 0 0 0 0 0 0 0 0 0
-416.7 -812.3 2669.3 0 0 0 0 0 0 0 0 0
-363.1 511.4 2531.5 67 0.5899385810 0.0979909599 -0.8014799953 0.1307148784 0.9679254293 0.2145552039 0.7967973948 -0.2313397676 0.5582076907
-383.2 313.4 2578.8 0.5899385810 0.0979909599 -0.8014799953 0.1307148784 0.9679254293 0.2145552039 0.7967973948 -0.2313397676 0.5582076907
-401.2 123.6 2623.7 0.5900899172 0.0919430405 -0.8020850420 0.1322578341 0.9690632224 0.2083851844 0.7964306474 -0.2290480286 0.5596742034
-467.3 294.6 2465.4 -0.3350837827 0.2457808405 -0.9095661640 0.8898239136 0.3999043703 -0.2197495252 0.3097292781 -0.8829882741 -0.3527031541
-372.7 43.5 2378.0 -0.7923215032 0.2457808405 -0.5584070683 0.6076503396 0.3999043703 -0.6861760616 0.0546605065 -0.8829882741 -0.4662016332
-299.1 332.3 2692.3 0.7166746259 0.6965227127 0.0351220034 -0.6734467149 0.6780862212 0.2943953276 0.1812372804 -0.2346384674 0.9550381303
-114.0 158.3 2739.1 0.2932618260 0.6965227127 0.6548691392 -0.5674707294 0.6780862212 -0.4670931995 -0.7693987489 -0.2346384674 0.5941130519
-473.4 -76.6 2595.5 -0.4701913595 0.1662884951 0.8667572737 0.1593255401 0.9819470048 -0.1019581780 -0.8680641651 0.0901567265 -0.4881969988
-538.5 -461.2 2560.2 -0.4578562379 -0.1349212229 0.8787285686 0.0482797883 0.9831848145 0.1761154830 -0.8877143264 0.1230604053 -0.4436433315
-364.3 -54.0 2737.9 -0.8990791440 -0.0218905080 -0.4372385442 -0.0562177375 0.9962531328 0.0657208860 0.4341616035 0.0836688429 -0.8969410062
-355.8 -444.2 2705.1 -0.8858368397 0.1561464369 -0.4369340837 0.0854876861 0.9804776311 0.1770746410 0.4560536742 0.1195067614 -0.8818917871
-156.0 -122.7 2363.0 0 0 0 0 0 0 0 0 0
-32.3 0.3 2524.8 0 0 0 0 0 0 0 0 0
-495.2 -776.9 2520.7 0 0 0 0 0 0 0 0 0
-414.5 -813.3 2660.1 0 0 0 0 0 0 0 0 0
-364.0 509.4 2532.4 68 0.5762376189 0.1012884304 -0.8109813929 0.1364756227 0.9664325118 0.2176755518 0.8058068156 -0.2361120433 0.5430713892
-384.7 312.1 2580.6 0.5762376189 0.1012884304 -0.8109813929 0.1364756227 0.9664325118 0.2176755518 0.8058068156 -0.2361120433 0.5430713892
-403.3 122.6 2626.5 0.5764569044 0.0949169770 -0.8115960956 0.1386366636 0.9674699903 0.2116168290 0.8052808642 -0.2345049530 0.5445457697
-466.8 292.3 2465.9 -0.3490722179 0.2566827238 -0.9012560844 0.8831907511 0.4116033912 -0.2248482704 0.3132453859 -0.8744693398 -0.3703791201
-366.3 38.2 2375.7 -0.7847548127 0.2566827238 -0.5641576052 0.6168937683 0.4116033912 -0.6708388329 0.0600164384 -0.8744693398 -0.4813537300
-302.5 331.9 2695.3 0.7113913894 0.7027770281 -0.0051706885 -0.6736390591 0.6839565039 0.2800248265 0.2003315389 -0.1957240701 0.9599788189
-125.1 163.9 2745.3 0.3029263914 0.7027770281 0.6436924934 -0.5366351604 0.6839565039 -0.4941924810 -0.7875648141 -0.1957240701 0.5843233466
-472.5 -78.1 2596.6 -0.4547517300 0.1711902171 0.8740107417 0.1576959938 0.9813240170 -0.1101594567 -0.8765459657 0.0877327919 -0.4732548296
-539.6 -462.5 2562.2 -0.4426530004 -0.1375428587 0.8860813975 0.0537315682 0.9823216200 0.1793241203 -0.8950816989 0.1269889027 -0.4274372160
-365.9 -54.2 2740.5 -0.9059688449 -0.0250767060 -0.4226009548 -0.0641799197 0.9948416948 0.0785555542 0.4184511304 0.0982913822 -0.9029049873
-356.1 -443.8 2702.0 -0.8919398785 0.1591902524 -0.4232040346 0.0980073661 0.9817884564 0.1627452970 0.4414043128 0.1036819145 -0.8912981153
-152.7 -129.8 2359.4 0 0 0 0 0 0 0 0 0
-40.1 13.3 2524.2 0 0 0 0 0 0 0 0 0
-495.8 -775.4 2521.8 0 0 0 0 0 0 0 0 0
-416.0 -813.5 2663.0 0 0 0 0 0 0 0 0 0
-364.2 506.6 2532.3 69 0.5545668602 0.1028036252 -0.8257644773 0.1421084851 0.9660618901 0.2157071680 0.8199150562 -0.2369721979 0.5211367011
-385.1 309.9 2580.6 0.5545668602 0.1028036252 -0.8257644773 0.1421084851 0.9660618901 0.2157071680 0.8199150562 -0.2369721979 0.5211367011
-404.3 120.5 2626.4 0.5545729995 0.0976308957 -0.8263879418 0.1421673000 0.9673764706 0.2096932530 0.8199007511 -0.2337755561 0.5226009488
-464.1 289.7 2463.8 -0.3427188993 0.2512560487 -0.9052149653 0.8869718909 0.4040497243 -0.2236618847 0.3095554709 -0.8795534372 -0.3613325357
-366.9 38.1 2376.0 -0.7924182415 0.2512560487 -0.5558270216 0.6076890230 0.4040497243 -0.6837089062 0.0527957566 -0.8795534372 -0.4728619158
-306.1 330.2 2697.4 0.7388876081 0.6732380986 0.0282058455 -0.6458004117 0.6955853105 0.3148060143 0.1923198402 -0.2508216202 0.9487368464
-124.6 171.5 2744.6 0.2746374905 0.6732380986 0.6865308881 -0.5501742959 0.6955853105 -0.4620273709 -0.7885952592 -0.2508216202 0.5614321232
-474.0 -79.4 2599.7 -0.4311915636 0.1695720106 0.8861823678 0.1597011387 0.9810162187 -0.1100124717 -0.8880143166 0.0940878764 -0.4500867426
-540.4 -463.7 2562.8 -0.4185163081 -0.1422713846 0.8969966173 0.0564374775 0.9816712737 0.1820338368 -0.9064540267 0.1268083602 -0.4028159976
-369.8 -54.3 2745.2 -0.9161543250 -0.0356582440 -0.3992364109 -0.0749748424 0.9937003851 0.0832963064 0.3937511742 0.1062449589 -0.9130564332
-355.8 -443.5 2703.6 -0.9029110670 0.1552111208 -0.4008255303 0.0928938910 0.9809522033 0.1705973446 0.4196693003 0.1167999879 -0.9001308084
-151.9 -126.8 2361.7 0 0 0 0 0 0 0 0 0
-46.9 15.9 2521.6 0 0 0 0 0 0 0 0 0
-495.5 -773.3 2522.8 0 0 0 0 0 0 0 0 0
-414.2 -812.9 2659.6 0 0 0 0 0 0 0 0 0
-366.0 502.8 2532.8 70 0.5593835711 0.1042586491 -0.8223260641 0.1366220415 0.9668938518 0.2155242115 0.8175722957 -0.2329085767 0.5266205072
-387.2 306.6 2580.1 0.5593835711 0.1042586491 -0.8223260641 0.1366220415 0.9668938518 0.2155242115 0.8175722957 -0.2329085767 0.5266205072
-406.8 117.0 2625.3 0.5594368577 0.0999144167 -0.8228289485 0.1371270418 0.9678723812 0.2107586563 0.8174512386 -0.2307382673 0.5277625322
-466.9 287.1 2463.6 -0.3635237217 0.2574294508 -0.8953103423 0.8817603588 0.4051738381 -0.2415219694 0.3005814552 -0.8772481084 -0.3742813766
-362.1 32.9 2377.0 -0.7895419002 0.2574294508 -0.5570939183 0.6115918756 0.4051738381 -0.6795510054 0.0507834479 -0.8772481084 -0.4773434997
-307.5 326.2 2696.5 0.7613262534 0.6381826997 0.1144778579 -0.6317284107 0.6903874874 0.3525398374 0.1459507495 -0.3407167196 0.9287682772
-116.8 168.0 2733.1 0.2485893518 0.6381826997 0.7286468148 -0.6036362648 0.6903874874 -0.3987334371 -0.7575134635 -0.3407167196 0.5568532348
-473.5 -81.9 2598.1 -0.4377278686 0.1743305773 0.8820448518 0.1509643197 0.9813458323 -0.1190384999 -0.8863431215 0.0810508355 -0.4558801055
-541.8 -466.2 2566.3 -0.4259314239 -0.1485266238 0.8924809694 0.0616726354 0.9793727398 0.1924200654 -0.9026510715 0.1369993985 -0.4079855978
-373.3 -56.2 2746.2 -0.9139569402 -0.0396089144 -0.4038735628 -0.0831455737 0.9923893809 0.0908304304 0.3972021341 0.1165954024 -0.9102944732
-357.8 -444.8 2700.6 -0.9012268186 0.1523921043 -0.4056684673 0.0935533196 0.9824718237 0.1612355709 0.4231288433 0.1073581874 -0.8996866941
-148.3 -132.7 2363.2 0 0 0 0 0 0 0 0 0
-46.8 -2.1 2519.7 0 0 0 0 0 0 0 0 0
-495.6 -771.0 2523.7 0 0 0 0 0 0 0 0 0
-415.2 -814.8 2660.1 0 0 0 0 0 0 0 0 0
-366.3 498.7 2534.0 71 0.5486279130 0.1037043259 -0.8296100497 0.1350383610 0.9682575464 0.2103377432 0.8250891566 -0.2274263352 0.5172090530
-387.3 303.2 2580.0 0.5486279130 0.1037043259 -0.8296100497 0.1350383610 0.9682575464 0.2103377432 0.8250891566 -0.2274263352 0.5172090530
-407.1 113.6 2624.8 0.5488810539 0.1010811701 -0.8297663331 0.1374323070 0.9682406187 0.2088598609 0.8245252967 -0.2286759317 0.5175570846
-465.5 283.6 2462.5 -0.3602439761 0.2563073039 -0.8969564438 0.8836423755 0.4019407332 -0.2400411963 0.2989990115 -0.8790621161 -0.3712807298
-363.7 33.9 2378.0 -0.7960041761 0.2563073039 -0.5483464599 0.6036939621 0.4019407332 -0.6884745359 0.0439417325 -0.8790621161 -0.4746777117
-309.0 322.8 2697.5 0.7941573858 0.5866543651 0.1585897207 -0.5938466787 0.6937207580 0.4075507522 0.1290744692 -0.4178374112 0.8993062377
-108.5 172.8 2730.1 0.2151897848 0.5866543651 0.7807240486 -0.6309382319 0.6937207580 -0.3473735452 -0.7453926802 -0.4178374112 0.5194243193
-476.9 -84.9 2596.6 -0.4277609587 0.1639463007 0.8888993859 0.1454768777 0.9830802083 -0.1113095954 -0.8921082020 0.0817004144 -0.4443737268
-541.1 -470.0 2564.6 -0.4161003232 -0.1509511769 0.8967018723 0.0595889352 0.9794787169 0.1925371587 -0.9073641300 0.1335482895 -0.3985663950
-375.8 -60.1 2744.3 -0.9184647202 -0.0483163372 -0.3925405741 -0.0907391906 0.9917780757 0.0902369395 0.3849532306 0.1184982583 -0.9152973294
-356.9 -448.6 2697.9 -0.9057703018 0.1535526812 -0.3949705958 0.0967887640 0.9823679924 0.1599533260 0.4125677347 0.1066522598 -0.9046618938
-149.3 -128.6 2366.2 0 0 0 0 0 0 0 0 0
-48.1 -4.2 2521.0 0 0 0 0 0 0 0 0 0
-494.9 -770.1 2523.6 0 0 0 0 0 0 0 0 0
-414.7 -818.6 2657.7 0 0 0 0 0 0 0 0 0
-364.3 496.8 2531.7 72 0.5497010350 0.1099109873 -0.8280992508 0.1309931725 0.9677013755 0.2153946012 0.8250269890 -0.2268779725 0.5175488591
-386.5 301.2 2577.5 0.5497010350 0.1099109873 -0.8280992508 0.1309931725 0.9677013755 0.2153946012 0.8250269890 -0.2268779725 0.5175488591
-407.4 111.3 2621.1 0.5494598150 0.1067723483 -0.8286697865 0.1288368106 0.9691115618 0.2102948278 0.8255271316 -0.2223117203 0.5187315941
-464.8 282.8 2459.9 -0.3675250709 0.2871452570 -0.8845750093 0.8819037080 0.4095599055 -0.2334664166 0.2952476740 -0.8659147024 -0.4037579894
-359.6 30.2 2375.3 -0.7913010120 0.2871452570 -0.5398057699 0.6108514667 0.4095599055 -0.6775848269 0.0265175365 -0.8659147024 -0.4994882643
-308.2 319.5 2695.2 0.8063338399 0.5650232434 0.1748557389 -0.5779314041 0.6898015141 0.4360838830 0.1257817596 -0.4526838064 0.8827549815
-102.8 172.2 2727.2 0.1541112661 0.5650232434 0.8105544448 -0.6272363067 0.6898015141 -0.3615916371 -0.7634293437 -0.4526838064 0.4607092440
-476.5 -88.5 2595.0 -0.4285724461 0.1615816504 0.8889415264 0.1425597966 0.9836474061 -0.1100659221 -0.8921896219 0.0795561001 -0.4445992112
-539.8 -473.8 2563.9 -0.4173624516 -0.1482997239 0.8965577483 0.0584602952 0.9801689386 0.1893441081 -0.9068577290 0.1314381510 -0.4004160762
-377.2 -63.7 2744.1 -0.9192705154 -0.0497310944 -0.3904722035 -0.0837244317 0.9939910769 0.0705124140 0.3846192062 0.0975120515 -0.9179103971
-357.8 -452.9 2705.9 -0.9068620205 0.1505843252 -0.3936059177 0.0820595622 0.9792014360 0.1855553389 0.4133611917 0.1359739751 -0.9003574848
-147.1 -133.8 2368.2 0 0 0 0 0 0 0 0 0
-59.7 -3.0 2513.9 0 0 0 0 0 0 0 0 0
-495.0 -769.5 2524.2 0 0 0 0 0 0 0 0 0
-414.5 -821.6 2654.7 0 0 0 0 0 0 0 0 0
-365.7 498.3 2531.0 73 0.5597721934 0.1065427810 -0.8217686415 0.1290575713 0.9683890939 0.2134636194 0.8185347915 -0.2255464643 0.5283271670
-387.3 302.0 2576.7 0.5597721934 0.1065427810 -0.8217686415 0.1290575713 0.9683890939 0.2134636194 0.8185347915 -0.2255464643 0.5283271670
-407.6 112.1 2620.2 0.5596385598 0.1038576737 -0.8222032785 0.1278268248 0.9694259167 0.2094605416 0.8188192248 -0.2223218381 0.5292523503
-467.0 283.8 2460.0 -0.3686835170 0.2783915102 -0.8868881464 0.8816924691 0.4069389999 -0.2387866974 0.2944332063 -0.8699992895 -0.3954873979
-361.4 31.3 2375.7 -0.7981708050 0.2783915102 -0.5342485905 0.6018649936 0.4069389999 -0.6871383786 0.0261130836 -0.8699992895 -0.4923609495
-307.5 320.2 2693.4 0.8069971800 0.5687161088 0.1591148078 -0.5700613856 0.6798212528 0.4613817036 0.1542255729 -0.4630389512 0.8728169203
-101.1 174.4 2732.8 0.1219640896 0.5687161088 0.8134412766 -0.6264162064 0.6798212528 -0.3813735545 -0.7698879838 -0.4630389512 0.4391667843
-478.0 -90.1 2590.0 -0.4415304661 0.1569529325 0.8834119439 0.1319576353 0.9852342010 -0.1090907678 -0.8874897361 0.0684060529 -0.4557220340
-539.5 -476.0 2563.2 -0.4315427244 -0.1484733671 0.8897901773 0.0580708012 0.9797443748 0.1916474104 -0.9002214670 0.1343748719 -0.4141795933
-378.7 -66.8 2739.2 -0.9136658311 -0.0626158044 -0.4016143084 -0.0977813751 0.9929062128 0.0676466897 0.3945296109 0.1010768637 -0.9133071303
-354.2 -455.7 2699.6 -0.8965861201 0.1780855358 -0.4054859877 0.1260232627 0.9803293943 0.1518961787 0.4245603383 0.0850873441 -0.9013926387
-148.6 -129.2 2368.7 0 0 0 0 0 0 0 0 0
-66.6 -2.6 2515.3 0 0 0 0 0 0 0 0 0
-495.0 -769.7 2522.9 0 0 0 0 0 0 0 0 0
-421.1 -824.2 2667.7 0 0 0 0 0 0 0 0 0
-369.7 497.9 2538.6 74 0.5568572283 0.0882662460 -0.8259050250 0.1165282279 0.9762018323 0.1828966439 0.8223935962 -0.1980885714 0.5333195329
-387.6 300.0 2578.8 0.5568572283 0.0882662460 -0.8259050250 0.1165282279 0.9762018323 0.1828966439 0.8223935962 -0.1980885714 0.5333195329
-404.5 108.8 2617.4 0.5568792820 0.0864157379 -0.8260858059 0.1167746782 0.9765489101 0.1808753759 0.8223437071 -0.1971916556 0.5337286592
-467.0 283.4 2461.6 -0.3758680820 0.2522621155 -0.8916765451 0.8777941465 0.4053056538 -0.2553521693 0.2969858646 -0.8786872029 -0.3737756610
-357.9 28.6 2375.4 -0.7901232243 0.2522621155 -0.5586314201 0.6104966998 0.4053056538 -0.6804565191 0.0547630787 -0.8786872029 -0.4742466211
-308.2 316.6 2696.0 0.8143786192 0.5368160605 0.2204904407 -0.5697727203 0.6674469709 0.4794513583 0.1102114990 -0.5160843730 0.8494176865
