-32.9 352.5 2546.7 77 0.3121401966 0.3747280240 -0.8730105162 -0.4237852097 0.8773537278 0.2250701487 0.8502791524 0.2997155190 0.4326615632
-107.3 178.3 2487.2 0.3121401966 0.3747280240 -0.8730105162 -0.4237852097 0.8773537278 0.2250701487 0.8502791524 0.2997155190 0.4326615632
-177.1 5.1 2434.2 0.3245764971 0.3596642017 -0.8748095632 -0.3938177824 0.8922911882 0.2207351178 0.8599753976 0.2728701234 0.4312589169
-151.6 232.1 2369.7 0.0063042929 0.4751985669 -0.8798559904 0.4649473727 0.7775884867 0.4232966602 0.8853158951 -0.4117553234 -0.2160401791
-153.3 104.0 2126.0 -0.8724940419 0.4751985669 -0.1137561575 0.4769317508 0.7775884867 -0.4097465277 -0.1062554792 -0.4117553234 -0.9050786495
-62.9 124.5 2604.6 0.3328377604 0.9331104159 0.1361028254 -0.6635435224 0.3343062401 -0.6692901850 -0.6700216532 0.1324549019 0.7304291129
56.6 -113.8 2364.0 0.0780964270 0.9331104159 0.3510069847 0.1711522639 0.3343062401 -0.9267935157 -0.9821445346 0.1324549019 -0.1335958391
-274.0 -133.9 2304.1 0.4753707945 -0.0483882055 -0.8784538507 0.0124398544 0.9987562299 -0.0482831039 0.8796976209 0.0120245386 0.4753814936
-255.3 -521.6 2299.5 0.4901131392 0.1469325274 -0.8591856360 0.0977387130 0.9702103138 0.2216732651 0.8661617637 -0.1926206797 0.4611518383
-215.3 -203.7 2458.1 0.4359446466 -0.0915278196 -0.8953071833 0.0287184976 0.9957231879 -0.0878097564 0.8995151520 0.0125683146 0.4367087185
-179.7 -590.3 2453.3 0.4322044551 -0.0794774666 -0.8982664347 0.0840044320 0.9953256249 -0.0476460718 0.8978543878 -0.0548655204 0.4368606508
67.2 -16.5 2152.9 0 0 0 0 0 0 0 0 0
73.4 -77.0 2152.5 0 0 0 0 0 0 0 0 0
-310.1 -883.7 2371.3 0 0 0 0 0 0 0 0 0
-159.0 -850.3 2467.6 0 0 0 0 0 0 0 0 0
-32.9 351.7 2545.8 78 0.3201184869 0.3824270666 -0.8667604327 -0.4374250174 0.8712079525 0.2228362858 0.8403472304 0.3078086972 0.4461729527
-108.6 179.1 2484.9 0.3201184869 0.3824270666 -0.8667604327 -0.4374250174 0.8712079525 0.2228362858 0.8403472304 0.3078086972 0.4461729527
-179.1 6.4 2431.2 0.3352105618 0.3630854487 -0.8693692088 -0.4017766714 0.8897346854 0.2166742533 0.8521791697 0.2766607702 0.4441277385
-154.4 234.0 2368.5 -0.0117790187 0.4630836546 -0.8862363100 0.4824523330 0.7789435983 0.4006078541 0.8758430481 -0.4228480160 -0.2325909734
-151.2 100.6 2126.3 -0.8801374435 0.4630836546 -0.1044589505 0.4603759050 0.7789435983 -0.4257944524 -0.1158108190 -0.4228480160 -0.8987699151
-62.9 124.2 2601.3 0.3244973123 0.9346876144 0.1451223940 -0.6572471261 0.3331431150 -0.6760487556 -0.6802409291 0.1239947379 0.7224248052
53.7 -111.8 2356.9 0.0659253299 0.9346876144 0.3493034244 0.1803087890 0.3331431150 -0.9254752398 -0.9813982844 0.1239947379 -0.1465698183
-276.0 -132.9 2304.2 0.4862740934 -0.0496955179 -0.8723920584 0.0041017411 0.9985002875 -0.0545929037 0.8737967014 0.0229687877 0.4857486486
-256.7 -520.5 2295.3 0.5062562823 0.1383930743 -0.8512061834 0.1195216104 0.9662539959 0.2281837463 0.8540604115 -0.2172569931 0.4726311564
-217.9 -203.4 2458.3 0.4458836615 -0.1001328453 -0.8894724250 0.0329138190 0.9948850870 -0.0955003649 0.8944855928 0.0133061158 0.4468987584
-179.0 -589.6 2453.1 0.4420740306 -0.0805998519 -0.8933500051 0.0885899588 0.9950085282 -0.0459329747 0.8925930858 -0.0588360652 0.4470077753
72.0 -16.1 2155.7 0 0 0 0 0 0 0 0 0
67.9 -73.0 2145.6 0 0 0 0 0 0 0 0 0
-308.3 -881.0 2376.4 0 0 0 0 0 0 0 0 0
-157.8 -850.9 2468.6 0 0 0 0 0 0 0 0 0
-32.9 348.6 2546.4 79 0.3197496235 0.3860113025 -0.8653065562 -0.4404669106 0.8691285849 0.2249541730 0.8388975263 0.3092099130 0.4479287565
-109.2 176.9 2485.3 0.3197496235 0.3860113025 -0.8653065562 -0.4404669106 0.8691285849 0.2249541730 0.8388975263 0.3092099130 0.4479287565
-180.3 4.7 2430.7 0.3337838352 0.3662011921 -0.8686109781 -0.4077043831 0.8868956566 0.2172400653 0.8499208689 0.2816253006 0.4453332722
-154.8 232.6 2369.2 -0.0234667007 0.4525389373 -0.8914358020 0.4862155020 0.7842857242 0.3853445649 0.8735237718 -0.4243871570 -0.2384360433
-148.4 99.0 2129.3 -0.8855157495 0.4525389373 -0.1052160263 0.4513777196 0.7842857242 -0.4256220162 -0.1100911126 -0.4243871570 -0.8987632990
-63.6 121.2 2601.4 0.3222655356 0.9358200431 0.1427788287 -0.6545320749 0.3292361498 -0.6805816293 -0.6839098930 0.1258746833 0.7186256647
52.1 -113.9 2355.8 0.0665876344 0.9358200431 0.3461314142 0.1855520457 0.3292361498 -0.9258369207 -0.9803757071 0.1258746833 -0.1517202556
-279.6 -130.3 2301.1 0.4853252172 -0.0586020388 -0.8723676205 0.0155265750 0.9981716275 -0.0584151149 0.8741958141 0.0148054464 0.4853477478
-256.9 -517.8 2295.4 0.4998411834 0.1318037510 -0.8560295105 0.1068371907 0.9714223742 0.2119538337 0.8595025539 -0.1973990500 0.4714753628
-219.6 -202.3 2453.8 0.4436142445 -0.1046193913 -0.8900905252 0.0497508794 0.9945064187 -0.0920967609 0.8948358893 -0.0034273495 0.4463821352
-179.0 -588.3 2455.1 0.4413029850 -0.0780808255 -0.8939547539 0.0822553337 0.9955329895 -0.0463474393 0.8935803175 -0.0530792810 0.4457542598
76.5 -15.6 2157.3 0 0 0 0 0 0 0 0 0
66.5 -74.0 2144.6 0 0 0 0 0 0 0 0 0
-306.1 -880.3 2369.1 0 0 0 0 0 0 0 0 0
-158.4 -851.2 2469.1 0 0 0 0 0 0 0 0 0
-34.2 345.2 2545.7 80 0.3113057911 0.3881301284 -0.8674351573 -0.4453139007 0.8659505844 0.2276512831 0.8395142555 0.3154117763 0.4424151778
-110.8 174.4 2483.5 0.3113057911 0.3881301284 -0.8674351573 -0.4453139007 0.8659505844 0.2276512831 0.8395142555 0.3154117763 0.4424151778
-182.1 2.7 2427.6 0.3256410360 0.3675111830 -0.8711448908 -0.4121079147 0.8844097853 0.2190579623 0.8509553075 0.2876714468 0.4394543767
-155.3 230.7 2367.2 -0.0370576754 0.4406801462 -0.8968989253 0.4895772934 0.7904338837 0.3681417406 0.8711720705 -0.4254588783 -0.2450386286
-145.3 99.1 2133.0 -0.8901338577 0.4406801462 -0.1160290986 0.4460463822 0.7904338837 -0.4198295772 -0.0932972282 -0.4254588783 -0.9001557231
-66.3 118.1 2599.7 0.3249607086 0.9361003041 0.1345986277 -0.6533080935 0.3251035511 -0.6837369204 -0.6838048100 0.1342532635 0.7172077894
50.4 -116.6 2354.1 0.0748458058 0.9361003041 0.3436776996 0.1888358444 0.3251035511 -0.9266330004 -0.9791522622 0.1342532635 -0.1524366587
-281.3 -130.9 2299.9 0.4781316519 -0.0611562654 -0.8761563897 0.0194250848 0.9980651140 -0.0590650141 0.8780733347 0.0112214396 0.4783944786
-257.5 -518.4 2295.5 0.4918560684 0.1294640005 -0.8609974980 0.1077945679 0.9722207189 0.2077671587 0.8639779687 -0.1950023919 0.4642371535
-221.5 -203.9 2452.1 0.4349950850 -0.1009718254 -0.8947535753 0.0637422055 0.9946528673 -0.0812563077 0.8981738091 -0.0216874722 0.4391052723
-182.3 -590.0 2460.5 0.4340415597 -0.0946725383 -0.8959046006 0.0740086585 0.9948487282 -0.0692730248 0.8978477716 -0.0362373218 0.4388122857
80.9 -14.3 2156.7 0 0 0 0 0 0 0 0 0
66.6 -75.9 2143.2 0 0 0 0 0 0 0 0 0
-305.9 -881.2 2368.3 0 0 0 0 0 0 0 0 0
-157.1 -854.5 2470.2 0 0 0 0 0 0 0 0 0
-34.5 346.3 2545.3 81 0.3038561344 0.3879361749 -0.8701591492 -0.4568686187 0.8608086705 0.2242308110 0.8360278010 0.3294145167 0.4387978613
-111.0 176.4 2480.3 0.3038561344 0.3879361749 -0.8701591492 -0.4568686187 0.8608086705 0.2242308110 0.8360278010 0.3294145167 0.4387978613
-182.2 5.0 2423.6 0.3218891621 0.3664277792 -0.8729937077 -0.4151754081 0.8833153844 0.2176771909 0.8508917689 0.2923775911 0.4364614487
-155.0 233.1 2364.1 -0.0674175546 0.4376007020 -0.8966384530 0.5043134689 0.7903730869 0.3478193879 0.8608849049 -0.4287377000 -0.2739729583
-137.2 99.7 2136.3 -0.8895080686 0.4376007020 -0.1314571649 0.4502292275 0.7903730869 -0.4154564142 -0.0779038295 -0.4287377000 -0.9000638723
-67.1 119.7 2596.6 0.3278048038 0.9355642200 0.1313910484 -0.6509454250 0.3244624138 -0.6862901449 -0.6846999526 0.1394408047 0.7153615952
50.7 -114.1 2350.6 0.0791015550 0.9355642200 0.3441838920 0.1922839135 0.3244624138 -0.9261484742 -0.9781461358 0.1394408047 -0.1542284638
-282.6 -132.0 2295.5 0.4736841321 -0.0632365122 -0.8784216046 0.0267690606 0.9979918003 -0.0574091524 0.8802878857 0.0036792825 0.4744256437
-258.1 -519.5 2294.1 0.4864754975 0.1363269240 -0.8629927635 0.1066159531 0.9711067080 0.2135058939 0.8671647310 -0.1958741844 0.4578849971
-224.3 -205.9 2448.0 0.4299257994 -0.1153721884 -0.8954624534 0.0715197995 0.9930371642 -0.0936060101 0.9000270367 -0.0237996597 0.4351837039
-179.5 -591.3 2457.2 0.4296899140 -0.0884297416 -0.8986360431 0.0741924793 0.9952856898 -0.0624647699 0.8999233842 -0.0398315564 0.4342250526
88.9 -14.7 2156.1 0 0 0 0 0 0 0 0 0
67.7 -72.7 2139.9 0 0 0 0 0 0 0 0 0
-309.0 -882.0 2367.2 0 0 0 0 0 0 0 0 0
-156.2 -853.6 2467.7 0 0 0 0 0 0 0 0 0
-34.8 345.9 2545.6 82 0.2983439863 0.3891054094 -0.8715433478 -0.4555892944 0.8604450226 0.2281946093 0.8387069106 0.3289853334 0.4339808524
-111.5 176.4 2480.8 0.2983439863 0.3891054094 -0.8715433478 -0.4555892944 0.8604450226 0.2281946093 0.8387069106 0.3289853334 0.4339808524
-183.0 5.2 2423.5 0.3151326180 0.3681611419 -0.8747278452 -0.4169662893 0.8816780448 0.2208686173 0.8525435925 0.2951291203 0.4313563108
-154.6 233.3 2364.3 -0.1032070220 0.4463557601 -0.8888840675 0.5024428964 0.7946538329 0.3406998813 0.8584284782 -0.4114508629 -0.3062821329
-127.3 100.5 2137.4 -0.8834263682 0.4463557601 -0.1425634921 0.4645645320 0.7946538329 -0.3907749951 -0.0611360483 -0.4114508629 -0.9093792439
-68.4 119.4 2597.3 0.3293243945 0.9359883666 0.1243832111 -0.6518197656 0.3206681311 -0.6872429848 -0.6831371784 0.1452504396 0.7156996131
49.9 -114.8 2351.9 0.0857275054 0.9359883666 0.3414330781 0.1925581396 0.3206681311 -0.9274121523 -0.9775336981 0.1452504396 -0.1527421027
-282.1 -129.3 2290.6 0.4679013193 -0.0620486476 -0.8815998435 0.0341523141 0.9980567098 -0.0521190614 0.8831205964 -0.0057220971 0.4691111445
-258.0 -516.8 2292.8 0.4799002409 0.1323562860 -0.8672817349 0.1114834696 0.9713408351 0.2099248767 0.8702110052 -0.1974305660 0.4513911605
-224.5 -203.7 2443.1 0.4241456091 -0.1188215315 -0.8977649808 0.0749012306 0.9925610423 -0.0959812403 0.9024911523 -0.0265336800 0.4298902750
-178.3 -589.0 2453.4 0.4231043160 -0.0757292584 -0.9029107690 0.0891639814 0.9951443672 -0.0416828319 0.9016831517 -0.0628709346 0.4278022051
97.3 -17.6 2152.9 0 0 0 0 0 0 0 0 0
68.3 -73.3 2141.3 0 0 0 0 0 0 0 0 0
-307.4 -879.4 2366.5 0 0 0 0 0 0 0 0 0
-157.8 -858.2 2470.4 0 0 0 0 0 0 0 0 0
-34.7 347.3 2545.8 83 0.2929463387 0.3909735680 -0.8725377321 -0.4517059922 0.8609045148 0.2341048419 0.8427004814 0.3255503476 0.4288039505
-111.8 177.7 2481.7 0.2929463387 0.3909735680 -0.8725377321 -0.4517059922 0.8609045148 0.2341048419 0.8427004814 0.3255503476 0.4288039505
-183.6 6.4 2425.1 0.3098924458 0.3697855175 -0.8759139776 -0.4128777385 0.8822069764 0.2263688743 0.8564453721 0.2914953828 0.4260654747
-154.1 234.1 2364.6 -0.1790789664 0.4693589807 -0.8646576405 0.5163525343 0.7929308414 0.3234821558 0.8374429941 -0.3885393441 -0.3843519390
-103.8 89.0 2129.4 -0.8762369752 0.4693589807 -0.1091371700 0.4726324081 0.7929308414 -0.3845507503 -0.0939541161 -0.3885393441 -0.9166296124
-69.4 121.3 2598.7 0.3301989436 0.9363978505 0.1188600436 -0.6570067406 0.3184166551 -0.6833395958 -0.6777247190 0.1475461572 0.7203605175
49.2 -114.8 2355.2 0.0907637849 0.9363978505 0.3389999568 0.1863897592 0.3184166551 -0.9294459224 -0.9782744050 0.1475461572 -0.1456342787
-282.7 -128.6 2289.9 0.4642610550 -0.0675120801 -0.8831216097 0.0343255997 0.9977130890 -0.0582271367 0.8850330114 -0.0032810899 0.4655167162
-256.5 -515.9 2291.1 0.4790684283 0.1415594965 -0.8662877083 0.1224549711 0.9664813876 0.2256512940 0.8691940308 -0.2141836435 0.4456760585
-226.2 -203.3 2442.6 0.4198561907 -0.1204756945 -0.8995589614 0.0828969553 0.9920980334 -0.0941782594 0.9037969112 -0.0350293741 0.4265255928
-179.4 -588.4 2456.2 0.4202952385 -0.0736212507 -0.9043958187 0.0770564228 0.9959985614 -0.0452680215 0.9041095972 -0.0506635718 0.4242864549
119.8 -31.6 2153.3 0 0 0 0 0 0 0 0 0
68.7 -74.6 2144.5 0 0 0 0 0 0 0 0 0
-309.3 -876.6 2371.1 0 0 0 0 0 0 0 0 0
-159.5 -857.4 2469.9 0 0 0 0 0 0 0 0 0
-35.4 348.4 2545.4 84 0.2960626483 0.3883556724 -0.8726550341 -0.4473095238 0.8636108637 0.2325736284 0.8439556360 0.3214905262 0.4293981194
-112.0 178.1 2482.0 0.2960626483 0.3883556724 -0.8726550341 -0.4473095238 0.8636108637 0.2325736284 0.8439556360 0.3214905262 0.4293981194
-184.1 6.7 2426.4 0.3125537336 0.3711659610 -0.8743832111 -0.4093805850 0.8832610250 0.2285988629 0.8571567535 0.2865060866 0.4280146956
-154.7 234.1 2364.9 -0.2479987442 0.5300680995 -0.8108788133 0.5227214694 0.7779413462 0.3486681581 0.8156340122 -0.3373945057 -0.4700064659
-81.3 79.3 2123.4 -0.8411387205 0.5300680995 -0.1073006764 0.5327418447 0.7779413462 -0.3331566155 -0.0931220576 -0.3373945057 -0.9367460608
-69.3 122.2 2599.1 0.3276446760 0.9370275140 0.1209480986 -0.6600380540 0.3186051846 -0.6803238392 -0.6760168076 0.1430741400 0.7228630781
48.4 -114.9 2356.3 0.0875891298 0.9370275140 0.3380941153 0.1821905226 0.3186051846 -0.9302135706 -0.9793542624 0.1430741400 -0.1428111792
-283.1 -127.9 2291.8 0.4670768678 -0.0676396489 -0.8816258311 0.0400604680 0.9976647496 -0.0553186797 0.8833087683 -0.0094802659 0.4686957896
-256.8 -515.2 2295.4 0.4761645198 0.1420224756 -0.8678116202 0.0969030187 0.9723864794 0.2123070508 0.8740006685 -0.1851866394 0.4492535591
-227.6 -201.8 2445.2 0.4243603349 -0.1231228933 -0.8970836401 0.0746722296 0.9920964241 -0.1008399352 0.9024091959 -0.0241947658 0.4302002490
-179.8 -587.0 2454.6 0.4243251383 -0.0817087218 -0.9018158913 0.0751016736 0.9956648350 -0.0548748113 0.9023901224 -0.0444431156 0.4286220968
134.0 -57.1 2147.2 0 0 0 0 0 0 0 0 0
67.3 -75.7 2145.3 0 0 0 0 0 0 0 0 0
-309.8 -878.0 2364.5 0 0 0 0 0 0 0 0 0
-157.9 -853.5 2466.5 0 0 0 0 0 0 0 0 0
-35.9 349.3 2545.2 85 0.2810307145 0.3872074187 -0.8781185150 -0.4381773472 0.8658248186 0.2415533960 0.8538280725 0.3168877065 0.4129888713
-112.1 178.9 2482.8 0.2810307145 0.3872074187 -0.8781185150 -0.4381773472 0.8658248186 0.2415533960 0.8538280725 0.3168877065 0.4129888713
-184.0 7.2 2427.8 0.2967387736 0.3705805540 -0.8801227808 -0.4018950760 0.8845040202 0.2369239181 0.8662715554 0.2834125161 0.4114011526
-152.6 233.8 2364.5 -0.2905124724 0.5986633897 -0.7464614511 0.5309684873 0.7498412728 0.3947284520 0.7960370779 -0.2816739380 -0.5357096195
-63.1 70.2 2119.2 -0.7942922115 0.5986633897 -0.1034507230 0.6011500359 0.7498412728 -0.2763271928 -0.0878553540 -0.2816739380 -0.9554795623
-71.6 124.0 2601.1 0.3354001939 0.9360915422 0.1060159355 -0.6684952974 0.3157800436 -0.6733476520 -0.6637927294 0.1549697667 0.7316854596
48.9 -116.1 2362.7 0.1042683125 0.9360915422 0.3359476030 0.1716612875 0.3157800436 -0.9331749082 -0.9796226621 0.1549697667 -0.1277648211
-284.1 -128.1 2294.0 0.4541144967 -0.0706482232 -0.8881378770 0.0290110912 0.9974950552 -0.0645135120 0.8904708624 0.0035306737 0.4550265372
-256.7 -515.3 2292.6 0.4671790600 0.1399041265 -0.8730238080 0.1090840548 0.9707376957 0.2139368802 0.8774077892 -0.1951798052 0.4382470250
-228.1 -201.4 2447.6 0.4106104076 -0.1239817142 -0.9033424854 0.0774667487 0.9918739796 -0.1009202823 0.9085141420 -0.0285400879 0.4168782532
-180.0 -586.5 2458.7 0.4112226665 -0.0764148757 -0.9083263278 0.0696520209 0.9962007999 -0.0522742458 0.9088699222 -0.0417704061 0.4149827957
142.5 -85.4 2141.9 0 0 0 0 0 0 0 0 0
71.4 -79.2 2151.8 0 0 0 0 0 0 0 0 0
-308.9 -877.6 2365.5 0 0 0 0 0 0 0 0 0
-159.3 -856.6 2470.0 0 0 0 0 0 0 0 0 0
-36.5 348.5 2545.1 86 0.2875269949 0.3836024404 -0.8775975108 -0.4377740622 0.8676104546 0.2358092517 0.8518697619 0.3163878918 0.4173926115
-111.9 178.0 2482.9 0.2875269949 0.3836024404 -0.8775975108 -0.4377740622 0.8676104546 0.2358092517 0.8518697619 0.3163878918 0.4173926115
-183.1 5.9 2428.5 0.3040115833 0.3669939637 -0.8791429996 -0.3992403150 0.8869565129 0.2321965992 0.8649763465 0.2803988755 0.4161638319
-153.4 232.6 2364.7 -0.3128688335 0.6405019760 -0.7013346553 0.5316227078 0.7299949527 0.4295168519 0.7870771289 -0.2384629846 -0.5688980818
-54.4 64.2 2115.5 -0.7605388165 0.6405019760 -0.1064795628 0.6460140347 0.7299949527 -0.2230993211 -0.0651660189 -0.2384629846 -0.9689627290
-70.4 123.5 2601.1 0.3355630338 0.9350758195 0.1141521260 -0.6671908498 0.3214598894 -0.6719523072 -0.6650216579 0.1493211091 0.7317440510
50.2 -116.2 2362.2 0.0976903513 0.9350758195 0.3407196105 0.1712281406 0.3214598894 -0.9313132763 -0.9803762436 0.1493211091 -0.1287077516
-282.6 -128.5 2295.2 0.4594390392 -0.0725678429 -0.8852398992 0.0266396422 0.9973343015 -0.0679308623 0.8878097534 0.0076276152 0.4601475000
-254.4 -515.7 2292.2 0.4744064808 0.1461401433 -0.8680907488 0.1136229336 0.9677099586 0.2250049710 0.8729423285 -0.2053788304 0.4424830079
-229.4 -200.5 2450.4 0.4175943434 -0.1238572598 -0.9001523852 0.0629670098 0.9922291040 -0.1073152870 0.9064491987 -0.0118656503 0.4221481681
-181.3 -585.7 2455.0 0.4158684611 -0.0805559158 -0.9058499932 0.0856403187 0.9951117039 -0.0491770469 0.9053834677 -0.0571261011 0.4207344055
146.1 -106.0 2132.7 0 0 0 0 0 0 0 0 0
71.2 -79.3 2151.0 0 0 0 0 0 0 0 0 0
-308.9 -876.9 2368.9 0 0 0 0 0 0 0 0 0
-159.5 -855.5 2470.5 0 0 0 0 0 0 0 0 0
-36.8 346.6 2545.5 87 0.2929711044 0.3804520369 -0.8771682978 -0.4306922555 0.8715866208 0.2341814041 0.8536229134 0.3091812134 0.4192074537
-111.6 175.2 2484.7 0.2929711044 0.3804520369 -0.8771682978 -0.4306922555 0.8715866208 0.2341814041 0.8536229134 0.3091812134 0.4192074537
-182.0 2.5 2430.9 0.3079696894 0.3624913692 -0.8796332479 -0.3951334655 0.8897929788 0.2283373624 0.8654618263 0.2772515416 0.4172617495
-153.7 229.2 2366.5 -0.2517366409 0.6066219807 -0.7540811300 0.4965456426 0.7497593760 0.4373823404 0.8307051659 -0.2643305361 -0.4899574220
-79.0 81.8 2120.0 -0.7772524953 0.6066219807 -0.1669979990 0.6291881800 0.7497593760 -0.2048978657 0.0009127622 -0.2643305361 -0.9644317031
-69.5 121.2 2603.0 0.3380738497 0.9335122108 0.1194194779 -0.6670741439 0.3272016943 -0.6692915559 -0.6638661027 0.1466083229 0.7333402038
51.9 -118.4 2364.5 0.0948026180 0.9335122108 0.3457852006 0.1690937430 0.3272016943 -0.9297022820 -0.9810299277 0.1466083229 -0.1268314868
-281.6 -130.6 2296.5 0.4617858827 -0.0643121675 -0.8846568465 0.0209197849 0.9978802204 -0.0616231933 0.8867446780 0.0099498900 0.4621523917
-256.6 -517.9 2292.7 0.4782706201 0.1400745362 -0.8669696450 0.1187133938 0.9678252935 0.2218587697 0.8701518774 -0.2090294361 0.4462536871
-227.1 -202.1 2451.5 0.4197888076 -0.1169693470 -0.9000530839 0.0614945553 0.9930476546 -0.1003734171 0.9055361748 -0.0132127237 0.4240632653
-181.7 -587.6 2456.7 0.4180757999 -0.0826096460 -0.9046481252 0.0833641887 0.9951432943 -0.0523472987 0.9045789242 -0.0535301194 0.4229320288
127.5 -85.3 2119.8 0 0 0 0 0 0 0 0 0
72.3 -82.0 2153.2 0 0 0 0 0 0 0 0 0
-308.9 -879.2 2370.7 0 0 0 0 0 0 0 0 0
-159.4 -856.3 2471.1 0 0 0 0 0 0 0 0 0
-37.6 348.8 2544.7 88 0.2590830028 0.3846201599 -0.8859702945 -0.4266420901 0.8685216308 0.2522829771 0.8665174842 0.3126299977 0.3891143501
-113.2 178.1 2483.3 0.2590830028 0.3846201599 -0.8859702945 -0.4266420901 0.8685216308 0.2522829771 0.8665174842 0.3126299977 0.3891143501
-184.2 5.6 2429.4 0.2754823864 0.3656170964 -0.8890632987 -0.3882380128 0.8883844018 0.2450396717 0.8794206381 0.2776640654 0.3866806924
-150.8 231.1 2363.2 0.0129671218 0.4281827211 -0.9035991430 0.4773614109 0.7913950682 0.3818636835 0.8786113858 -0.4362950325 -0.1941358000
-154.2 107.4 2135.6 -0.8515276909 0.4281827211 -0.3025890887 0.5149859786 0.7913950682 -0.3293679059 0.0984378606 -0.4362950325 -0.8944029212
-75.6 125.1 2603.3 0.3493380249 0.9329188466 0.0873236135 -0.6798899770 0.3165070415 -0.6614930034 -0.6447578073 0.1717142016 0.7448500991
49.9 -119.1 2371.8 0.1275733709 0.9329188466 0.3367305994 0.1554200798 0.3165070415 -0.9357712865 -0.9795762300 0.1717142016 -0.1046164483
-279.9 -134.9 2299.5 0.4346667826 -0.0626180917 -0.8984118104 0.0169011988 0.9979713559 -0.0613801777 0.9004327655 0.0114956871 0.4348433018
-255.6 -522.3 2295.1 0.4529490471 0.1484519392 -0.8790899515 0.1200421304 0.9669049382 0.2251326889 0.8834178448 -0.2075014710 0.4201381803
-224.7 -205.7 2454.6 0.3946955204 -0.1117532551 -0.9119904637 0.0436720215 0.9937356710 -0.1028695405 0.9177734852 0.0007736788 0.3971035182
-181.4 -591.4 2454.3 0.3912565112 -0.0784545466 -0.9169314504 0.0936145112 0.9945840836 -0.0451531671 0.9155078530 -0.0681716129 0.3964819908
63.8 -24.4 2110.4 0 0 0 0 0 0 0 0 0
77.3 -85.7 2160.9 0 0 0 0 0 0 0 0 0
-311.0 -883.2 2372.5 0 0 0 0 0 0 0 0 0
-160.4 -856.6 2472.5 0 0 0 0 0 0 0 0 0
-36.0 351.4 2545.9 89 0.2391732335 0.3870140314 -0.8905146122 -0.4363270998 0.8621553779 0.2575010657 0.8674184680 0.3269682825 0.3750692010
-111.8 182.4 2481.8 0.2391732335 0.3870140314 -0.8905146122 -0.4363270998 0.8621553779 0.2575010657 0.8674184680 0.3269682825 0.3750692010
-183.1 10.6 2426.3 0.2582614124 0.3674209714 -0.8934779763 -0.3921189904 0.8851120472 0.2506380081 0.8829177618 0.2856195569 0.3726630211
-147.1 235.9 2361.2 0.0528567247 0.4042894542 -0.9131025076 0.4593217373 0.8020697236 0.3817168176 0.8866959214 -0.4395841360 -0.1433041692
-160.6 118.7 2134.9 -0.8552030921 0.4042894542 -0.3243111670 0.5019153953 0.8020697236 -0.3236744404 0.1292619854 -0.4395841360 -0.8888515830
-76.6 128.9 2602.3 0.3550378680 0.9321967363 0.0704087168 -0.6809637547 0.3094827235 -0.6637083888 -0.6404970288 0.1876958311 0.7446702719
51.0 -115.7 2372.3 0.1447194666 0.9321967363 0.3317613006 0.1566211432 0.3094827235 -0.9379180670 -0.9769985080 0.1876958311 -0.1012135446
-279.8 -132.1 2296.7 0.4193002582 -0.0586646162 -0.9059501886 0.0239762366 0.9982774854 -0.0535463467 0.9075309634 0.0007307199 0.4199845493
-257.0 -519.6 2296.4 0.4350872040 0.1437233835 -0.8888434768 0.1175016984 0.9696723819 0.2143100500 0.8926883340 -0.1976841688 0.4050042927
-230.5 -201.6 2454.2 0.3777796924 -0.1287720203 -0.9168970585 0.0572279617 0.9916354418 -0.1156894714 0.9241252542 -0.0087670153 0.3819890916
-180.5 -586.5 2457.6 0.3766970336 -0.0877394974 -0.9221719503 0.0698597953 0.9953600764 -0.0661659837 0.9236985445 -0.0394982174 0.3810786307
53.9 -7.1 2102.5 0 0 0 0 0 0 0 0 0
82.1 -82.0 2161.9 0 0 0 0 0 0 0 0 0
-310.7 -881.6 2370.2 0 0 0 0 0 0 0 0 0
-156.9 -854.0 2468.2 0 0 0 0 0 0 0 0 0
-36.9 353.2 2545.4 90 0.2426808923 0.3848307133 -0.8905118108 -0.4259279668 0.8670122623 0.2586022615 0.8716027737 0.3165360689 0.3743174672
-112.4 183.2 2483.4 0.2426808923 0.3848307133 -0.8905118108 -0.4259279668 0.8670122623 0.2586022615 0.8716027737 0.3165360689 0.3743174672
-183.2 10.8 2429.0 0.2597370744 0.3650362790 -0.8940275311 -0.3860121965 0.8878666162 0.2503746748 0.8851730227 0.2800739408 0.3715203106
-147.9 235.9 2362.4 0.0510042384 0.3965097964 -0.9166125655 0.4473553002 0.8115079999 0.3759362400 0.8929007649 -0.4292258024 -0.1359904110
-160.9 121.3 2133.8 -0.8537443876 0.3965097964 -0.3374914527 0.4978406131 0.8115079999 -0.3059567511 0.1525621414 -0.4292258024 -0.8902190924
-76.9 130.4 2604.3 0.3567886055 0.9313558340 0.0726509094 -0.6837680936 0.3133467138 -0.6589955091 -0.6365242600 0.1854457110 0.7486299276
51.3 -115.2 2375.6 0.1438833177 0.9313558340 0.3344754875 0.1511321068 0.3133467138 -0.9375355840 -0.9779860377 0.1854457110 -0.0956724137
-277.6 -126.1 2291.8 0.4193306565 -0.0548835732 -0.9061730504 0.0354565233 0.9983994365 -0.0440619178 0.9071409106 -0.0136532318 0.4206054509
-256.3 -513.7 2297.1 0.4305307865 0.1343846023 -0.8925155401 0.1082752272 0.9740228653 0.1988867372 0.8960578442 -0.1822641790 0.4047963023
-231.3 -196.3 2449.9 0.3790974915 -0.1322048455 -0.9158640504 0.0556776077 0.9912072420 -0.1200343668 0.9236801863 -0.0054883920 0.3831250072
-180.0 -581.1 2452.1 0.3765505850 -0.0796378702 -0.9229666591 0.0904017240 0.9947019219 -0.0489455573 0.9219745994 -0.0650072992 0.3817549944
54.4 -4.3 2095.3 0 0 0 0 0 0 0 0 0
82.2 -82.6 2165.0 0 0 0 0 0 0 0 0 0
-306.4 -877.2 2365.1 0 0 0 0 0 0 0 0 0
-157.8 -858.3 2470.2 0 0 0 0 0 0 0 0 0
-38.9 353.9 2545.2 91 0.2621256113 0.3780743480 -0.8878907561 -0.4296785593 0.8695545793 0.2434156835 0.8640986681 0.3177021146 0.3903829455
-113.3 182.9 2482.7 0.2621256113 0.3780743480 -0.8878907561 -0.4296785593 0.8695545793 0.2434156835 0.8640986681 0.3177021146 0.3903829455
-183.3 10.2 2428.3 0.2789385319 0.3610639274 -0.8898461461 -0.3896667063 0.8894675374 0.2387621552 0.8776976466 0.2801434696 0.3888013363
-151.4 236.1 2362.8 -0.0381643474 0.4257600307 -0.9040309191 0.4650389850 0.8083193898 0.3610520065 0.8844671845 -0.4066302776 -0.2288439870
-140.8 107.4 2118.1 -0.8636202216 0.4257600307 -0.2699786723 0.4971080422 0.8083193898 -0.3154415786 0.0839265659 -0.4066302776 -0.9097297192
-75.2 129.7 2602.6 0.3523179293 0.9313268661 0.0922084451 -0.6756440401 0.3212889433 -0.6635348797 -0.6475933790 0.1714751273 0.7424412966
51.4 -113.0 2370.0 0.1252765954 0.9313268661 0.3419591784 0.1594778895 0.3212889433 -0.9334560633 -0.9792203903 0.1714751273 -0.1082760617
-277.4 -127.0 2295.3 0.4349842668 -0.0585727394 -0.8985309601 0.0288456213 0.9982763529 -0.0511105247 0.8999758959 -0.0036864111 0.4359240532
-254.6 -514.5 2296.8 0.4490098953 0.1447058320 -0.8817314506 0.1122274995 0.9698512554 0.2163180262 0.8864508271 -0.1960834414 0.4192328453
-230.8 -196.1 2453.9 0.3946201801 -0.1318960637 -0.9093285203 0.0526015013 0.9912635684 -0.1209531575 0.9173374772 -0.0001014908 0.3981105089
-179.6 -580.9 2453.9 0.3928337097 -0.0758388117 -0.9164770246 0.0777203813 0.9957660437 -0.0490863658 0.9163193703 -0.0519461669 0.3970647156
78.7 -18.9 2096.8 0 0 0 0 0 0 0 0 0
78.4 -78.7 2159.1 0 0 0 0 0 0 0 0 0
-308.6 -876.4 2369.9 0 0 0 0 0 0 0 0 0
-158.7 -855.0 2468.2 0 0 0 0 0 0 0 0 0
-40.6 356.4 2545.6 92 0.2720657885 0.3730902970 -0.8870083690 -0.4341641963 0.8702171445 0.2328595370 0.8587675095 0.3217541575 0.3987387419
-114.0 185.2 2482.3 0.2720657885 0.3730902970 -0.8870083690 -0.4341641963 0.8702171445 0.2328595370 0.8587675095 0.3217541575 0.3987387419
-183.3 12.1 2428.2 0.2906892598 0.3565985560 -0.8878835440 -0.3891934752 0.8917873502 0.2307461500 0.8740870953 0.2784830630 0.3980188072
-153.7 238.3 2362.9 -0.0375373475 0.4270461202 -0.9034503698 0.4714924991 0.8046957254 0.3607764244 0.8810707927 -0.4124274850 -0.2315551937
-143.2 106.3 2116.2 -0.8656217456 0.4270461202 -0.2614013255 0.4956672788 0.8046957254 -0.3267702460 0.0708025545 -0.4124274850 -0.9082348347
-74.3 132.0 2601.7 0.3514212966 0.9303233027 0.1048889160 -0.6714069843 0.3285139203 -0.6642975211 -0.6524689198 0.1630251408 0.7400723696
51.9 -109.2 2367.3 0.1143573001 0.9303233027 0.3484551907 0.1625043005 0.3285139203 -0.9304143786 -0.9800585508 0.1630251408 -0.1136135608
-278.4 -127.5 2295.3 0.4437396228 -0.0617751777 -0.8940240145 0.0277132336 0.9980900288 -0.0552107394 0.8957271576 -0.0002771033 0.4446040988
-254.4 -515.0 2295.4 0.4589591622 0.1422845572 -0.8769900799 0.1182875112 0.9685196280 0.2190384120 0.8805478811 -0.2042666525 0.4276804626
-228.4 -197.3 2452.5 0.4022963345 -0.1278251857 -0.9065420032 0.0604315996 0.9917529821 -0.1130224541 0.9135128260 -0.0093152616 0.4067032635
-178.8 -582.3 2456.1 0.4015226066 -0.0750874653 -0.9127658606 0.0710001364 0.9961860776 -0.0507171974 0.9130928516 -0.0444423966 0.4053224623
78.1 -20.4 2098.1 0 0 0 0 0 0 0 0 0
76.5 -74.2 2156.2 0 0 0 0 0 0 0 0 0
-307.5 -876.5 2371.6 0 0 0 0 0 0 0 0 0
-158.3 -854.3 2468.3 0 0 0 0 0 0 0 0 0
-41.7 354.5 2545.8 93 0.2956109345 0.3674670458 -0.8818061948 -0.4306561351 0.8752045631 0.2203456610 0.8527305722 0.3146186769 0.4169719815
-114.2 181.9 2483.8 0.2956109345 0.3674670458 -0.8818061948 -0.4306561351 0.8752045631 0.2203456610 0.8527305722 0.3146186769 0.4169719815
-182.6 8.4 2429.9 0.3115359843 0.3522346318 -0.8825395703 -0.3915118873 0.8938441873 0.2185429782 0.8658312559 0.2774407566 0.4163686633
-156.7 235.4 2365.5 -0.0596494973 0.4493640661 -0.8913550973 0.4637880921 0.8031900525 0.3738801777 0.8839358091 -0.3910981119 -0.2563195825
-139.4 100.2 2107.9 -0.8648095131 0.4493640661 -0.2240010649 0.5008790493 0.8031900525 -0.3224995434 0.0349957198 -0.3910981119 -0.9196833968
-71.6 128.5 2602.0 0.3460245430 0.9297048450 0.1261584759 -0.6634439230 0.3375394344 -0.6677643657 -0.6634072065 0.1473637819 0.7336039543
52.7 -109.8 2363.7 0.0938116163 0.9297048450 0.3561577201 0.1698910147 0.3375394344 -0.9258531928 -0.9809874892 0.1473637819 -0.1262833774
-278.5 -126.2 2295.8 0.4609042108 -0.0641095713 -0.8851312399 0.0205894057 0.9978913069 -0.0615554377 0.8872110248 0.0101468349 0.4612522721
-253.6 -513.6 2291.9 0.4805636406 0.1488775164 -0.8642303348 0.1290444136 0.9627518058 0.2376058102 0.8674134612 -0.2257088125 0.4434517026
-226.4 -195.9 2452.4 0.4194202423 -0.1217944622 -0.8995847702 0.0560519695 0.9925426245 -0.1082464606 0.9060600400 -0.0050227409 0.4231192768
-179.1 -581.2 2454.4 0.4177650809 -0.0748108253 -0.9054698944 0.0796665475 0.9957818985 -0.0455159955 0.9050555825 -0.0531206615 0.4219627976
83.2 -28.7 2098.9 0 0 0 0 0 0 0 0 0
72.9 -73.3 2152.5 0 0 0 0 0 0 0 0 0
-309.2 -872.9 2376.1 0 0 0 0 0 0 0 0 0
-158.6 -854.5 2469.0 0 0 0 0 0 0 0 0 0
-40.4 356.9 2545.4 94 0.3080960512 0.3677829206 -0.8773896098 -0.4213907421 0.8796043992 0.2207396030 0.8529400229 0.3017148674 0.4259829521
-113.1 183.2 2485.8 0.3080960512 0.3677829206 -0.8773896098 -0.4213907421 0.8796043992 0.2207396030 0.8529400229 0.3017148674 0.4259829521
-181.4 9.3 2433.2 0.3216689229 0.3522398770 -0.8788948655 -0.3879237473 0.8957756162 0.2170280963 0.8637385368 0.2711329758 0.4247853756
-157.0 236.2 2367.8 -0.0581041761 0.4648607075 -0.8834751844 0.4726925194 0.7922908068 0.3857940137 0.8793097734 -0.3951959014 -0.2657715976
-139.6 94.9 2104.9 -0.8655995131 0.4648607075 -0.1861235946 0.5005198717 0.7922908068 -0.3489342630 -0.0147418017 -0.3951959014 -0.9184785485
-69.1 130.2 2603.8 0.3413548172 0.9300680757 0.1358317733 -0.6643224955 0.3409619033 -0.6651470661 -0.6649454832 0.1368150562 0.7342541218
53.5 -108.4 2364.9 0.0831906423 0.9300680757 0.3578445315 0.1672721356 0.3409619033 -0.9250756502 -0.9823946953 0.1368150562 -0.1272096336
-278.8 -130.0 2298.5 0.4706404209 -0.0638354048 -0.8800128698 0.0140951788 0.9977960587 -0.0648410469 0.8822125196 0.0181128774 0.4705029428
-254.0 -517.4 2291.4 0.4909412265 0.1471603215 -0.8586736917 0.1262769252 0.9632009268 0.2372723222 0.8619923592 -0.2249174416 0.4542920887
-223.0 -200.2 2453.6 0.4271753430 -0.1129339784 -0.8970881701 0.0715167746 0.9932806492 -0.0909887478 0.9013360143 -0.0252887011 0.4323816895
-179.2 -585.7 2463.4 0.4289378524 -0.0781081542 -0.8999508023 0.0502800830 0.9967746735 -0.0625469759 0.9019336104 -0.0184208341 0.4314816594
85.2 -35.1 2108.7 0 0 0 0 0 0 0 0 0
71.4 -72.4 2153.4 0 0 0 0 0 0 0 0 0
-309.0 -876.9 2375.4 0 0 0 0 0 0 0 0 0
-158.2 -853.3 2468.3 0 0 0 0 0 0 0 0 0
-37.1 359.2 2545.7 95 0.3026518226 0.3710930943 -0.8778905272 -0.4174082279 0.8796661496 0.2279426008 0.8568385243 0.2974514961 0.4211298823
-110.4 185.5 2486.9 0.3026518226 0.3710930943 -0.8778905272 -0.4174082279 0.8796661496 0.2279426008 0.8568385243 0.2974514961 0.4211298823
-178.9 11.6 2434.6 0.3157925308 0.3530129492 -0.8807138801 -0.3851847351 0.8959817290 0.2210192233 0.8671261668 0.2694413066 0.4189195335
-153.6 238.1 2368.5 -0.0227218065 0.4597600996 -0.8877524137 0.4802577198 0.7838324308 0.3936486542 0.8768330812 -0.4174055457 -0.2386134267
-146.7 93.8 2105.0 -0.8698341846 0.4597600996 -0.1789110005 0.4921819270 0.7838324308 -0.3786339760 -0.0338445567 -0.4174055457 -0.9080898166
-67.3 132.9 2605.4 0.3434164524 0.9301444888 0.1299861521 -0.6678984165 0.3391730189 -0.6624751687 -0.6602854133 0.1406873465 0.7377195954
56.1 -107.1 2368.2 0.0891670138 0.9301444888 0.3562029004 0.1630396098 0.3391730189 -0.9264878631 -0.9825819731 0.1406873465 -0.1214073449
-278.6 -129.8 2303.1 0.4665621817 -0.0646519884 -0.8821223378 0.0027637372 0.9974266291 -0.0716410428 0.8844840527 0.0309870467 0.4655402303
-253.5 -517.0 2291.1 0.4891827703 0.1472447962 -0.8596622348 0.1259447485 0.9633902907 0.2366792262 0.8630400896 -0.2240493447 0.4527292252
-221.0 -199.3 2457.9 0.4250645041 -0.1086238250 -0.8986217380 0.0487485342 0.9940797091 -0.0971036702 0.9038494229 -0.0025311685 0.4278432429
-178.8 -585.1 2458.9 0.4242384136 -0.0824603587 -0.9017882347 0.0590037033 0.9962462783 -0.0633399114 0.9036262035 -0.0263376255 0.4275113940
80.3 -34.6 2113.8 0 0 0 0 0 0 0 0 0
75.3 -71.9 2156.6 0 0 0 0 0 0 0 0 0
-308.5 -876.6 2374.7 0 0 0 0 0 0 0 0 0
-156.7 -852.3 2465.9 0 0 0 0 0 0 0 0 0
-36.3 358.7 2545.3 96 0.2758753300 0.3759400249 -0.8846253157 -0.4061938226 0.8797202706 0.2471817285 0.8711482882 0.2911379933 0.3953976333
-110.3 185.6 2488.0 0.2758753300 0.3759400249 -0.8846253157 -0.4061938226 0.8797202706 0.2471817285 0.8711482882 0.2911379933 0.3953976333
-179.5 11.5 2436.9 0.2892975509 0.3564363718 -0.8884030581 -0.3736408353 0.8965150714 0.2380194366 0.8813055158 0.2630852163 0.3925387859
-149.8 236.6 2367.7 0.0037989314 0.4621348083 -0.8868015409 0.4790794551 0.7775720358 0.4072648287 0.8777633309 -0.4263955951 -0.2184453458
-151.0 93.4 2105.4 -0.8720149994 0.4621348083 -0.1613111496 0.4859100282 0.7775720358 -0.3990904689 -0.0590025596 -0.4263955951 -0.9026103616
-70.8 134.6 2608.4 0.3520490229 0.9302372932 0.1035379320 -0.6830891371 0.3309772909 -0.6510324478 -0.6398833394 0.1584697068 0.7519552112
55.6 -110.8 2378.6 0.1158113405 0.9302372932 0.3482044637 0.1449815035 0.3309772909 -0.9324346781 -0.9826332331 0.1584697068 -0.0965362713
-275.8 -127.9 2304.6 0.4446476698 -0.0525711961 -0.8941614628 0.0018235785 0.9983271956 -0.0577886738 0.8957037330 0.0240650252 0.4439997077
-255.4 -515.4 2295.3 0.4632021189 0.1313055903 -0.8764716983 0.1163312793 0.9713987112 0.2070060968 0.8785845637 -0.1978467405 0.4346790016
-219.2 -196.9 2460.0 0.4051045179 -0.1008848548 -0.9086872935 0.0346480682 0.9948734641 -0.0950069129 0.9136136174 0.0070034736 0.4065231979
-180.0 -583.0 2457.3 0.4024166763 -0.0861093774 -0.9113978148 0.0684391037 0.9956101775 -0.0638473481 0.9128947854 -0.0366820097 0.4065433741
76.9 -33.6 2120.8 0 0 0 0 0 0 0 0 0
80.5 -79.5 2167.1 0 0 0 0 0 0 0 0 0
-304.3 -877.8 2369.1 0 0 0 0 0 0 0 0 0
-156.4 -856.4 2467.3 0 0 0 0 0 0 0 0 0
-35.3 358.4 2545.6 97 0.2672707736 0.3883126974 -0.8819181323 -0.4056711793 0.8755002618 0.2625457048 0.8740693331 0.2875979841 0.3915228844
-111.7 185.9 2489.0 0.2672707736 0.3883126974 -0.8819181323 -0.4056711793 0.8755002618 0.2625457048 0.8740693331 0.2875979841 0.3915228844
-183.0 12.7 2438.3 0.2808157802 0.3669937253 -0.8868247271 -0.3739596605 0.8928179145 0.2510583997 0.8839098811 0.2611355186 0.3879582286
-150.1 237.0 2368.3 0.0059874817 0.4697960913 -0.8827546835 0.4844304025 0.7709069848 0.4135572612 0.8748093247 -0.4301093519 -0.2229677141
-151.9 92.6 2107.5 -0.8714617491 0.4697960913 -0.1408759058 0.4827570915 0.7709069848 -0.4155093431 -0.0866024494 -0.4301093519 -0.8986133337
-73.4 134.9 2609.7 0.3458268344 0.9337692857 0.0920802578 -0.6899959445 0.3195860088 -0.6494385004 -0.6358532906 0.1610582620 0.7548184395
50.8 -112.9 2381.4 0.1216920316 0.9337692857 0.3365501761 0.1396752298 0.3195860088 -0.9372062683 -0.9826911688 0.1610582620 -0.0915333703
-274.7 -129.0 2306.9 0.4409967065 -0.0508843064 -0.8960651159 -0.0009185119 0.9983654022 -0.0571456179 0.8975082636 0.0260240752 0.4402291179
-254.9 -516.6 2296.8 0.4590040445 0.1417148709 -0.8770588040 0.1047250181 0.9716833234 0.2118115574 0.8822402954 -0.1890723705 0.4311655164
-222.8 -195.9 2464.8 0.4019387364 -0.1051357910 -0.9096107483 0.0313985236 0.9943847656 -0.1010598689 0.9151280522 0.0120594427 0.4029828608
-182.0 -581.9 2460.1 0.3991946876 -0.0991401821 -0.9114904404 0.0606938079 0.9948136210 -0.0816216543 0.9148551226 -0.0227388944 0.4031415284
75.6 -33.4 2130.1 0 0 0 0 0 0 0 0 0
77.0 -82.9 2169.8 0 0 0 0 0 0 0 0 0
-307.8 -879.2 2367.4 0 0 0 0 0 0 0 0 0
-154.9 -854.3 2466.3 0 0 0 0 0 0 0 0 0
-33.2 359.5 2545.8 98 0.2753171027 0.3905476630 -0.8784492016 -0.4050332308 0.8758273721 0.2624394894 0.8718650341 0.2835470438 0.3993150294
-110.3 186.5 2489.8 0.2753171027 0.3905476630 -0.8784492016 -0.4050332308 0.8758273721 0.2624394894 0.8718650341 0.2835470438 0.3993150294
-182.3 13.5 2439.3 0.2875894010 0.3710275292 -0.8829671144 -0.3765542209 0.8914737105 0.2519553602 0.8806243539 0.2600252926 0.3960903883
-149.6 238.0 2369.5 0.0146500804 0.4706582129 -0.8821939826 0.4972904623 0.7620030046 0.4147934914 0.8674604297 -0.4447834194 -0.2228904366
-153.9 90.1 2111.5 -0.8705196381 0.4706582129 -0.1437927932 0.4832006097 0.7620030046 -0.4311248362 -0.0933419093 -0.4447834194 -0.8907608986
-71.0 135.1 2610.1 0.3390520811 0.9357337952 0.0971901566 -0.6892132163 0.3173806667 -0.6513483524 -0.6403349042 0.1538562626 0.7525286674
50.8 -112.5 2380.1 0.1136123389 0.9357337952 0.3339078724 0.1417401582 0.3173806667 -0.9376456141 -0.9833625555 0.1538562626 -0.0965726897
-279.4 -127.2 2308.4 0.4482757747 -0.0588327944 -0.8919571042 0.0028989031 0.9979221821 -0.0643652529 0.8938906193 0.0262676850 0.4475148916
-256.5 -514.6 2298.2 0.4661762714 0.1317586601 -0.8748252988 0.1135724261 0.9717525840 0.2068773955 0.8773716092 -0.1957973689 0.4380438626
-229.1 -194.1 2466.8 0.4099301100 -0.1191548407 -0.9043005109 0.0273211040 0.9925896525 -0.1184032485 0.9117076397 0.0238305703 0.4101478457
-182.8 -579.4 2457.5 0.4064173102 -0.0996252224 -0.9082399607 0.0654094964 0.9946597219 -0.0798353329 0.9113432765 -0.0269610565 0.4107633531
73.7 -36.3 2135.9 0 0 0 0 0 0 0 0 0
75.3 -81.9 2168.3 0 0 0 0 0 0 0 0 0
-305.7 -877.2 2371.3 0 0 0 0 0 0 0 0 0
-155.4 -852.8 2464.9 0 0 0 0 0 0 0 0 0
-34.3 360.6 2537.4 99 0.3110040128 0.3894315660 -0.8669599891 -0.3989889026 0.8814199567 0.2527978122 0.8626032472 0.2672862709 0.4295040071
-110.9 187.3 2484.8 0.3110040128 0.3894315660 -0.8669599891 -0.3989889026 0.8814199567 0.2527978122 0.8626032472 0.2672862709 0.4295040071
-182.2 13.2 2437.1 0.3228653073 0.3678607345 -0.8720300794 -0.3711372316 0.8967875242 0.2408925891 0.8706406355 0.2458669841 0.4260683954
-154.9 237.9 2366.0 0.0132644903 0.4676849842 -0.8837956786 0.5042772889 0.7601098418 0.4098016620 0.8634399176 -0.4511139095 -0.2257604450
-158.8 91.4 2115.0 -0.8724275231 0.4676849842 -0.1419189870 0.4789153934 0.7601098418 -0.4391731322 -0.0975206420 -0.4511139095 -0.8871222734
-66.8 136.6 2603.7 0.3257732987 0.9362275600 0.1317185014 -0.6859528422 0.3299313784 -0.6485475898 -0.6506461501 0.1209268197 0.7496907711
50.2 -109.8 2370.0 0.0776566043 0.9362275600 0.3427060843 0.1413607299 0.3299313784 -0.9333608150 -0.9869076014 0.1209268197 -0.1067244634
-280.1 -125.8 2310.0 0.4795081913 -0.0629381090 -0.8752775192 0.0004169422 0.9974409342 -0.0714940354 0.8775373101 0.0339170359 0.4783073366
-255.7 -513.0 2296.8 0.4957075715 0.1388759762 -0.8573141098 0.0972088575 0.9720573425 0.2136703283 0.8630321026 -0.1892565191 0.4683562219
-228.6 -193.3 2467.7 0.4413303733 -0.1255402714 -0.8885196447 0.0303279534 0.9916864634 -0.1250528693 0.8968320489 0.0282426495 0.4414687157
-179.8 -578.2 2456.8 0.4379664063 -0.0819066763 -0.8952523470 0.0771792755 0.9955899119 -0.0533296987 0.8956722617 -0.0457383096 0.4423564374
69.1 -33.7 2140.4 0 0 0 0 0 0 0 0 0
66.9 -79.3 2157.6 0 0 0 0 0 0 0 0 0
-307.5 -875.9 2367.4 0 0 0 0 0 0 0 0 0
-156.9 -856.6 2469.6 0 0 0 0 0 0 0 0 0
-33.5 358.4 2533.2 00 0.3329456747 0.3921166360 -0.8575498462 -0.4024677277 0.8815315962 0.2468233407 0.8527408242 0.2629573941 0.4513164163
-110.7 184.8 2481.4 0.3329456747 0.3921166360 -0.8575498462 -0.4024677277 0.8815315962 0.2468233407 0.8527408242 0.2629573941 0.4513164163
-182.2 10.6 2434.3 0.3449116051 0.3686058819 -0.8632298112 -0.3744866252 0.8973395228 0.2335413396 0.8606949449 0.2427168936 0.4475407898
-157.8 235.9 2363.9 -0.0093190521 0.4517848790 -0.8920782208 0.5115145445 0.7687154412 0.3839654028 0.8592240810 -0.4527328014 -0.2382582277
-155.1 88.8 2116.7 -0.8853478432 0.4517848790 -0.1097707227 0.4487713277 0.7687154412 -0.4557201266 -0.1215050071 -0.4527328014 -0.8833286762
-63.6 133.7 2598.9 0.3143264353 0.9369851947 0.1525043994 -0.6802685857 0.3343678415 -0.6522520781 -0.6621431112 0.1012761146 0.7425022721
49.3 -110.7 2361.1 0.0540400296 0.9369851947 0.3451642692 0.1476853192 0.3343678415 -0.9307992458 -0.9875569344 0.1012761146 -0.1203097180
