-19.5 370.5 2477.9 7 0.4704547524 0.3836376667 -0.7946662307 -0.3281039000 0.9120330811 0.2460557818 0.8191581964 0.1449749768 0.5549433231
-95.3 190.3 2449.3 0.4704547524 0.3836376667 -0.7946662307 -0.3281039000 0.9120330811 0.2460557818 0.8191581964 0.1449749768 0.5549433231
-165.5 11.0 2425.4 0.4825523794 0.3617552221 -0.7976693511 -0.2983028591 0.9241524339 0.2386580557 0.8235038519 0.1227820218 0.5538645983
-161.2 231.1 2336.8 -0.1567016840 0.6598984599 -0.7348323464 0.6973957419 0.6007694006 0.3907880783 0.6993452311 -0.4512317777 -0.5543519855
-116.8 33.3 2138.5 -0.7332503796 0.6598984599 -0.1639447957 0.6459697485 0.6007694006 -0.4709556699 -0.2122899145 -0.4512317777 -0.8667888045
-29.4 149.6 2561.7 -0.2252773046 0.9296925664 -0.2914135456 -0.9488921165 -0.1415051669 0.2820992768 0.2210290730 0.3400706053 0.9140558839
-83.9 -79.9 2615.2 0.0587359816 0.9296925664 -0.3636231720 -0.8544924259 -0.1415051669 -0.4998189807 -0.5161325336 0.3400706053 0.7861037850
-273.0 -148.9 2342.3 0.5523861647 -0.0244577434 -0.8332294822 0.0047029727 0.9996449947 -0.0262247156 0.8335750699 0.0105675142 0.5523051023
-263.5 -536.9 2338.2 0.5528410673 0.1240730658 -0.8239979744 0.0082962653 0.9879842997 0.1543314010 0.8332453966 -0.0921568424 0.5451689363
-183.7 -198.4 2489.5 0.5595608950 -0.0052733026 -0.8287724853 -0.0359055921 0.9988866448 -0.0305980183 0.8280110955 0.0468790196 0.5587485433
-181.6 -586.2 2471.3 0.5542854071 -0.0818649530 -0.8282908797 0.0592094250 0.9965083003 -0.0588684306 0.8302180171 -0.0164127164 0.5571972132
89.4 -148.4 2198.2 0 0 0 0 0 0 0 0 0
-68.3 -305.9 2478.6 0 0 0 0 0 0 0 0 0
-309.8 -905.4 2372.6 0 0 0 0 0 0 0 0 0
-159.8 -851.8 2475.7 0 0 0 0 0 0 0 0 0
-19.8 370.6 2477.4 8 0.4276942313 0.3959529698 -0.8125877976 -0.3310638368 0.9051089883 0.2667853236 0.8411149383 0.1549158841 0.5181956291
-97.8 192.4 2446.9 0.4276942313 0.3959529698 -0.8125877976 -0.3310638368 0.9051089883 0.2667853236 0.8411149383 0.1549158841 0.5181956291
-170.2 14.1 2421.4 0.4407925010 0.3730279803 -0.8164263964 -0.3000022471 0.9184762239 0.2576822340 0.8459908962 0.1313453615 0.5167666674
-158.0 233.3 2331.5 -0.1854548156 0.6770601869 -0.7121769786 0.7240927815 0.5841096640 0.3667500019 0.6643012762 -0.4476666451 -0.5985803008
-105.1 26.9 2142.2 -0.7198565006 0.6770601869 -0.1529578865 0.6520826221 0.5841096640 -0.4833261371 -0.2378966808 -0.4476666451 -0.8619742990
-37.7 151.5 2562.4 -0.2520829439 0.9113110900 -0.3255245984 -0.9428827167 -0.1556009948 0.2945514321 0.2177760452 0.3811829090 0.8984838128
-98.6 -76.5 2615.0 0.0650114939 0.9113110900 -0.4065532982 -0.8598353267 -0.1556009948 -0.4862833619 -0.5064155459 0.3811829090 0.7734616399
-278.9 -141.6 2327.8 0.5146135092 -0.0392584242 -0.8565230370 0.0486354977 0.9986793995 -0.0165530853 0.8560417891 -0.0331389830 0.5158432722
-263.7 -528.9 2340.7 0.5104395151 0.1185320541 -0.8517051339 0.0106582837 0.9895060658 0.1440975219 0.8598476052 -0.0826307833 0.5038196445
-192.5 -195.1 2475.3 0.5218672752 -0.0339153707 -0.8523522019 0.0030108208 0.9992763400 -0.0379180983 0.8530213833 0.0172219351 0.5215917230
-179.3 -582.7 2468.7 0.5188477635 -0.0681096613 -0.8521490693 0.0594550893 0.9972823262 -0.0435093120 0.8527966142 -0.0280898940 0.5214871764
98.3 -157.3 2209.4 0 0 0 0 0 0 0 0 0
-81.4 -303.9 2481.1 0 0 0 0 0 0 0 0 0
-307.9 -898.1 2371.5 0 0 0 0 0 0 0 0 0
-160.7 -854.5 2476.3 0 0 0 0 0 0 0 0 0
-17.9 372.5 2477.2 9 0.3861723542 0.4009939134 -0.8307074308 -0.3173082173 0.9033557773 0.2885546982 0.8661330342 0.1521584541 0.4760896862
-96.9 194.5 2447.2 0.3861723542 0.4009939134 -0.8307074308 -0.3173082173 0.9033557773 0.2885546982 0.8661330342 0.1521584541 0.4760896862
-170.0 16.4 2422.6 0.4002586007 0.3765472472 -0.8354671001 -0.2843168974 0.9177195430 0.2774070799 0.8711813688 0.1265028417 0.4743838906
-151.5 233.2 2328.4 -0.1956246197 0.6853948832 -0.7014020681 0.7386483550 0.5734444261 0.3543446064 0.6450811028 -0.4487709701 -0.6184456348
-95.9 23.1 2145.0 -0.7131622434 0.6853948832 -0.1470833421 0.6531175971 0.5734444261 -0.4945694506 -0.2546312511 -0.4487709701 -0.8566023111
-42.3 155.7 2566.0 -0.2715333104 0.8920527101 -0.3612639606 -0.9350610375 -0.1556421518 0.3184907436 0.2278826088 0.4242846966 0.8763857484
-108.0 -70.3 2621.1 0.0775939003 0.8920527101 -0.4452203512 -0.8721368909 -0.1556421518 -0.4638456106 -0.4830697775 0.4242846966 0.7659152150
-281.9 -137.3 2320.1 0.4774953127 -0.0512846410 -0.8771362901 0.0568054542 0.9980084300 -0.0274280831 0.8767960668 -0.0367293432 0.4794575870
-262.0 -524.5 2334.4 0.4736876786 0.1288447827 -0.8712169528 0.0258724615 0.9867775440 0.1600021720 0.8803128004 -0.0983315855 0.4640908241
-203.1 -191.0 2471.5 0.4840154052 -0.0558583215 -0.8732748628 0.0206577964 0.9984118342 -0.0524129570 0.8748155832 0.0073287445 0.4844006002
-181.4 -578.3 2468.7 0.4813736677 -0.0718801618 -0.8735631704 0.0635065287 0.9968726039 -0.0470315032 0.8742118478 -0.0328372382 0.4844330549
105.8 -161.5 2217.0 0 0 0 0 0 0 0 0 0
-87.5 -300.9 2493.4 0 0 0 0 0 0 0 0 0
-310.1 -892.7 2371.1 0 0 0 0 0 0 0 0 0
-161.5 -854.2 2477.8 0 0 0 0 0 0 0 0 0
-17.8 368.5 2477.1 0 0.3649107814 0.3984910846 -0.8414540887 -0.3083823621 0.9044920206 0.2946090400 0.8784875870 0.1519836038 0.4529465139
-96.3 190.5 2447.2 0.3649107814 0.3984910846 -0.8414540887 -0.3083823621 0.9044920206 0.2946090400 0.8784875870 0.1519836038 0.4529465139
-168.8 12.0 2423.7 0.3807312250 0.3737468123 -0.8457878232 -0.2710129023 0.9196110368 0.2843722999 0.8840790391 0.1209500059 0.4514148235
-148.2 227.4 2326.5 -0.2011640817 0.6558992863 -0.7275500894 0.7390671968 0.5890913606 0.3267277479 0.6428939700 -0.4719825387 -0.6032576561
-92.2 21.5 2147.4 -0.7384802699 0.6558992863 -0.1563427001 0.6302752495 0.5890913606 -0.5056920648 -0.2395829260 -0.4719825387 -0.8484294415
-44.3 153.5 2567.8 -0.2766608894 0.8823723793 -0.3806280494 -0.9314853549 -0.1488808095 0.3319179118 0.2362069786 0.4463781714 0.8631064892
-111.2 -71.7 2624.9 0.0883958563 0.8823723793 -0.4621743560 -0.8792929053 -0.1488808095 -0.4524140358 -0.4680065513 0.4463781714 0.7627033591
-278.9 -136.3 2320.1 0.4589439332 -0.0433556437 -0.8874067664 0.0471739918 0.9985888600 -0.0243904460 0.8872119784 -0.0306686703 0.4603415430
-262.1 -523.9 2332.0 0.4569135606 0.1271515787 -0.8803763390 0.0309397429 0.9868598580 0.1585885137 0.8889728785 -0.0996998549 0.4469756186
-207.3 -187.2 2475.9 0.4657862782 -0.0665733218 -0.8823894262 0.0117747076 0.9975439906 -0.0690458417 0.8848189116 0.0217707269 0.4654261768
-181.5 -574.2 2467.5 0.4621598125 -0.0829285607 -0.8829106092 0.0626371726 0.9961838722 -0.0607804582 0.8845817447 -0.0272127427 0.4655905664
116.2 -156.4 2215.0 0 0 0 0 0 0 0 0 0
-87.8 -304.2 2501.2 0 0 0 0 0 0 0 0 0
-309.5 -892.2 2369.2 0 0 0 0 0 0 0 0 0
-158.4 -850.8 2475.0 0 0 0 0 0 0 0 0 0
-21.7 366.4 2478.5 1 0.3437272608 0.3906838596 -0.8539424539 -0.3012878597 0.9071565866 0.2937558591 0.8894252181 0.1563105881 0.4295227528
-98.4 188.1 2447.8 0.3437272608 0.3906838596 -0.8539424539 -0.3012878597 0.9071565866 0.2937558591 0.8894252181 0.1563105881 0.4295227528
-170.2 9.3 2424.1 0.3596453667 0.3694339991 -0.8568393588 -0.2629994154 0.9211862683 0.2867877185 0.8952577710 0.1222063899 0.4284612834
-147.5 224.0 2325.6 -0.2401813865 0.6544288397 -0.7169628739 0.7265139222 0.6110305786 0.3143551052 0.6438093185 -0.4453812540 -0.6222098470
-80.9 22.6 2147.1 -0.7403854132 0.6544288397 -0.1534675062 0.6373961568 0.6110305786 -0.4694333971 -0.2134374231 -0.4453812540 -0.8695285916
-49.4 152.2 2570.0 -0.2809061110 0.8715688586 -0.4018202722 -0.9298989773 -0.1435865462 0.3386308253 0.2374440879 0.4687757194 0.8508052826
-117.3 -72.7 2627.4 0.1010365635 0.8715688586 -0.4797492921 -0.8830240965 -0.1435865462 -0.4468235672 -0.4583230317 0.4687757194 0.7551088333
-275.4 -142.3 2321.1 0.4377327561 -0.0321490020 -0.8985301852 0.0443924144 0.9989144802 -0.0141142625 0.8980085254 -0.0337096490 0.4386847317
-263.0 -530.0 2334.2 0.4374256730 0.1278541833 -0.8901191354 0.0420150012 0.9858543873 0.1622525007 0.8982725143 -0.1083717644 0.4258662164
-207.3 -190.7 2479.3 0.4451072216 -0.0667109489 -0.8929889202 0.0074660317 0.9974629879 -0.0707942918 0.8954461813 0.0248439666 0.4444760382
-181.4 -577.9 2469.7 0.4416579902 -0.0819877908 -0.8934294581 0.0557344072 0.9963997006 -0.0638853610 0.8954506516 -0.0215792805 0.4446374178
127.4 -156.8 2207.2 0 0 0 0 0 0 0 0 0
-90.6 -306.2 2506.2 0 0 0 0 0 0 0 0 0
-310.7 -898.0 2374.6 0 0 0 0 0 0 0 0 0
-158.7 -853.8 2475.6 0 0 0 0 0 0 0 0 0
-21.2 366.8 2478.2 2 0.3373099267 0.3872416019 -0.8580594063 -0.2928398848 0.9094182253 0.2953020930 0.8946881294 0.1516657025 0.4201555848
-97.5 187.7 2448.4 0.3373099267 0.3872416019 -0.8580594063 -0.2928398848 0.9094182253 0.2953020930 0.8946881294 0.1516657025 0.4201555848
-168.3 8.4 2425.7 0.3534534574 0.3647751212 -0.8613998890 -0.2534877062 0.9237335324 0.2871592045 0.9004524946 0.1168568656 0.4189628065
-145.7 222.3 2325.4 -0.2616675794 0.6409091353 -0.7216408849 0.7182247043 0.6287689805 0.2979981005 0.6447350979 -0.4403238893 -0.6248452067
-72.8 22.2 2145.8 -0.7528936267 0.6409091353 -0.1496217698 0.6267204285 0.6287689805 -0.4602945745 -0.2009294629 -0.4403238893 -0.8750669956
-49.2 153.1 2571.3 -0.2790898681 0.8683387041 -0.4099960029 -0.9288259745 -0.1357525438 0.3447514772 0.2437030375 0.4770315588 0.8444226980
-116.7 -71.5 2630.3 0.1083840430 0.8683387041 -0.4839842618 -0.8866272569 -0.1357525438 -0.4421123862 -0.4496054053 0.4770315588 0.7551793456
-274.1 -146.0 2320.2 0.4304156303 -0.0220299363 -0.9023619294 0.0500595085 0.9987460971 -0.0005052512 0.9012416005 -0.0449543260 0.4309787452
-265.5 -533.6 2337.7 0.4278411865 0.1113466620 -0.8969692588 0.0260476153 0.9904518723 0.1353756040 0.9034785032 -0.0812831670 0.4208557904
-209.7 -193.0 2480.5 0.4384733737 -0.0763577372 -0.8954945803 0.0086829411 0.9966977239 -0.0807356611 0.8987022638 0.0276249088 0.4376884401
-180.0 -579.9 2469.8 0.4356236756 -0.0816189796 -0.8964208364 0.0475542136 0.9965766072 -0.0676287487 0.8988718390 -0.0131679047 0.4380137026
138.7 -153.8 2202.3 0 0 0 0 0 0 0 0 0
-88.1 -306.0 2511.4 0 0 0 0 0 0 0 0 0
-307.1 -903.2 2368.0 0 0 0 0 0 0 0 0 0
-157.7 -853.3 2473.4 0 0 0 0 0 0 0 0 0
-20.8 367.1 2477.6 3 0.3455965817 0.3807635903 -0.8576608300 -0.2826134264 0.9137749672 0.2917960286 0.8948143125 0.1415427625 0.4234063923
-95.6 187.7 2449.8 0.3455965817 0.3807635903 -0.8576608300 -0.2826134264 0.9137749672 0.2917960286 0.8948143125 0.1415427625 0.4234063923
-165.2 7.7 2428.9 0.3609908521 0.3584998548 -0.8609085083 -0.2442757040 0.9272751212 0.2837080657 0.9000083208 0.1078830212 0.4223106503
-144.9 221.0 2326.9 -0.2700744867 0.6277239323 -0.7300838828 0.7081143260 0.6432805061 0.2911431789 0.6524062157 -0.4383524656 -0.6182339191
-69.2 22.5 2143.9 -0.7630649209 0.6277239323 -0.1539305598 0.6198457479 0.6432805061 -0.4494234622 -0.1830933243 -0.4383524656 -0.8799567819
-46.3 154.3 2572.7 -0.2704668939 0.8723244667 -0.4073053300 -0.9291051626 -0.1256740987 0.3478069007 0.2522127330 0.4724997282 0.8444718719
-111.7 -70.4 2633.7 0.1123945713 0.8723244667 -0.4758334160 -0.8889752030 -0.1256740987 -0.4403738379 -0.4439488053 0.4724997282 0.7613497376
-270.8 -148.2 2322.4 0.4359745085 -0.0145390453 -0.8998415470 0.0455851108 0.9989427924 0.0059457943 0.8988037705 -0.0436115935 0.4361763597
-265.1 -536.0 2339.3 0.4318024814 0.1162447259 -0.8944460750 0.0072634085 0.9911800623 0.1323230267 0.9019389153 -0.0636341423 0.4271496832
-207.5 -193.6 2483.7 0.4458793998 -0.0683879033 -0.8924766779 -0.0059596999 0.9968280792 -0.0793614984 0.8950732350 0.0407045484 0.4440575242
-180.9 -580.5 2467.9 0.4416494370 -0.0823861361 -0.8933970332 0.0554079972 0.9963788390 -0.0644919202 0.8954751492 -0.0210185237 0.4446150064
145.0 -151.5 2195.3 0 0 0 0 0 0 0 0 0
-82.0 -305.6 2516.3 0 0 0 0 0 0 0 0 0
-308.5 -905.8 2363.1 0 0 0 0 0 0 0 0 0
-158.4 -852.8 2473.6 0 0 0 0 0 0 0 0 0
-20.1 367.3 2477.3 4 0.3390607834 0.3798379600 -0.8606746793 -0.2764624357 0.9147017598 0.2947697937 0.8992254138 0.1379993558 0.4151504040
-94.7 187.7 2450.2 0.3390607834 0.3798379600 -0.8606746793 -0.2764624357 0.9147017598 0.2947697937 0.8992254138 0.1379993558 0.4151504040
-164.0 7.5 2429.7 0.3541277647 0.3569230139 -0.8644070029 -0.2387749702 0.9281777740 0.2854340076 0.9042013288 0.1053186581 0.4139178097
-143.1 220.3 2326.7 -0.2670492828 0.6078985929 -0.7477592826 0.7088201046 0.6495959759 0.2749529481 0.6528849602 -0.4566008151 -0.6043648720
-68.5 22.3 2144.3 -0.7712754011 0.6078985929 -0.1886623353 0.6197246909 0.6495959759 -0.4404160678 -0.1451740265 -0.4566008151 -0.8777472377
-46.3 155.0 2573.7 -0.2717047632 0.8687070608 -0.4141552150 -0.9278481007 -0.1222118288 0.3523665965 0.2554886937 0.4800128043 0.8392337561
-112.1 -69.4 2635.5 0.1165690571 0.8687070608 -0.4814142287 -0.8914247155 -0.1222118288 -0.4363785088 -0.4379196167 0.4800128043 0.7601408958
-267.1 -150.4 2327.3 0.4291922748 -0.0043895077 -0.9032024741 0.0202435497 0.9997837543 0.0047606342 0.9029862285 -0.0203272514 0.4291883409
-265.4 -538.4 2335.2 0.4295614362 0.1170208305 -0.8954234123 0.0233482569 0.9897974730 0.1405552179 0.9027357697 -0.0812836811 0.4224466085
-202.4 -194.2 2488.5 0.4404330850 -0.0573538132 -0.8959515691 -0.0250428729 0.9967842102 -0.0761191621 0.8974360824 0.0559625998 0.4375804365
-180.2 -581.1 2466.8 0.4355257452 -0.0790393353 -0.8966995478 0.0544115938 0.9966278076 -0.0614198484 0.8985303044 -0.0220409278 0.4383577108
147.7 -151.4 2185.0 0 0 0 0 0 0 0 0 0
-81.2 -305.2 2519.6 0 0 0 0 0 0 0 0 0
-309.1 -907.8 2365.5 0 0 0 0 0 0 0 0 0
-158.6 -853.3 2472.8 0 0 0 0 0 0 0 0 0
-20.0 367.4 2477.1 5 0.3115958571 0.3779506087 -0.8718149662 -0.2663143575 0.9154570699 0.3016868532 0.9121319652 0.1381724775 0.3859063089
-94.3 187.5 2450.0 0.3115958571 0.3779506087 -0.8718149662 -0.2663143575 0.9154570699 0.3016868532 0.9121319652 0.1381724775 0.3859063089
-163.5 7.2 2429.9 0.3269717097 0.3564062417 -0.8752508759 -0.2277041674 0.9285834432 0.2930589616 0.9171915650 0.1034762859 0.3847756982
-138.9 218.6 2324.7 -0.2769339681 0.6139097810 -0.7392038703 0.7060904503 0.6517881155 0.2767824829 0.6517237425 -0.4452943206 -0.6139780879
-60.8 19.3 2140.8 -0.7664753199 0.6139097810 -0.1887600124 0.6270923615 0.6517881155 -0.4265295267 -0.1388191134 -0.4452943206 -0.8845576644
-49.6 156.4 2575.2 -0.2817771137 0.8539971113 -0.4373677969 -0.9237241149 -0.1181718037 0.3643751144 0.2594907582 0.5066797137 0.8221558332
-117.8 -67.0 2638.0 0.1264843941 0.8539971113 -0.5046688318 -0.8974909782 -0.1181718037 -0.4249063432 -0.4225063920 0.5066797137 0.7515078187
-265.0 -151.3 2328.3 0.4027950168 0.0004954615 -0.9152900577 0.0209599547 0.9997326136 0.0097650951 0.9150502086 -0.0231177714 0.4026769400
-265.2 -539.4 2337.3 0.4041978717 0.1248994693 -0.9061038494 0.0318655111 0.9881088138 0.1504178941 0.9141163230 -0.0896720588 0.3954114914
-201.6 -194.1 2490.3 0.4146797955 -0.0557743497 -0.9082565308 -0.0253750738 0.9970229268 -0.0728107467 0.9096135497 0.0532402210 0.4120299816
-179.9 -581.1 2469.6 0.4104433656 -0.0780250654 -0.9085418582 0.0401500165 0.9969127178 -0.0674761087 0.9110018015 -0.0087828534 0.4123089015
154.8 -157.0 2179.9 0 0 0 0 0 0 0 0 0
-84.3 -304.4 2526.2 0 0 0 0 0 0 0 0 0
-311.8 -908.1 2370.8 0 0 0 0 0 0 0 0 0
-158.7 -852.5 2472.0 0 0 0 0 0 0 0 0 0
-17.1 368.9 2478.5 6 0.2955425382 0.3867694139 -0.8735353351 -0.2658605576 0.9115580320 0.3136560619 0.9175907373 0.1395398825 0.3722309172
-93.5 188.9 2451.0 0.2955425382 0.3867694139 -0.8735353351 -0.2658605576 0.9115580320 0.3136560619 0.9175907373 0.1395398825 0.3722309172
-164.4 9.4 2430.6 0.3110990524 0.3654055595 -0.8773232698 -0.2278792262 0.9248821139 0.3044078052 0.9226529598 0.1052227691 0.3709982932
-136.0 220.0 2325.0 -0.2897790074 0.6249832511 -0.7248614430 0.7026304603 0.6531690359 0.2822776139 0.6498758197 -0.4275116026 -0.6284069419
-52.8 18.3 2138.4 -0.7560128570 0.6249832511 -0.1945264339 0.6429015994 0.6531690359 -0.4000596404 -0.1229719296 -0.4275116026 -0.8956069350
-51.0 157.8 2577.0 -0.2959298790 0.8452271223 -0.4449905753 -0.9194899201 -0.1258604378 0.3724211156 0.2587737143 0.5193749070 0.8144236803
-122.6 -64.6 2639.6 0.1224276870 0.8452271223 -0.5201947689 -0.9004206657 -0.1258604378 -0.4164153337 -0.4174374640 0.5193749070 0.7456511855
-261.9 -152.6 2327.7 0.3896585703 0.0057901265 -0.9209411740 0.0079310257 0.9999220371 0.0096423822 0.9209252596 -0.0110612446 0.3895822763
-264.2 -540.8 2332.0 0.3936856985 0.1291612089 -0.9101257920 0.0373835266 0.9870108962 0.1562431157 0.9184846282 -0.0955343917 0.3837435842
-203.4 -193.4 2491.9 0.4009090364 -0.0537928194 -0.9145371914 -0.0207038186 0.9974876046 -0.0677479506 0.9158838987 0.0460951775 0.3987880945
-182.5 -580.6 2474.0 0.3967132270 -0.0888592526 -0.9136315584 0.0327791125 0.9960401654 -0.0826410502 0.9173571467 0.0028367671 0.3980550170
158.7 -161.5 2172.8 0 0 0 0 0 0 0 0 0
-90.2 -302.8 2529.2 0 0 0 0 0 0 0 0 0
-312.4 -909.2 2367.6 0 0 0 0 0 0 0 0 0
-158.0 -855.1 2473.3 0 0 0 0 0 0 0 0 0
-18.8 367.8 2477.8 7 0.2977407277 0.3927203417 -0.8701271415 -0.2775784135 0.9076986313 0.3146957755 0.9134006500 0.1478307545 0.3792695105
-96.0 189.2 2448.7 0.2977407277 0.3927203417 -0.8701271415 -0.2775784135 0.9076986313 0.3146957755 0.9134006500 0.1478307545 0.3792695105
-168.2 10.4 2426.9 0.3140187263 0.3720021546 -0.8735024929 -0.2386432886 0.9214294553 0.3066222072 0.9189350605 0.1121703982 0.3781219125
-138.9 221.8 2323.2 -0.2861831486 0.6252232194 -0.7260820270 0.6933304071 0.6581591368 0.2934612036 0.6613562703 -0.4194311202 -0.6218403578
-56.8 22.8 2133.3 -0.7534801364 0.6252232194 -0.2033803612 0.6490905881 0.6581591368 -0.3814550936 -0.1046379358 -0.4194311202 -0.9017363787
-53.1 156.6 2574.2 -0.3007499576 0.8468594551 -0.4386097193 -0.9199106693 -0.1362550408 0.3676941097 0.2516224682 0.5140657425 0.8200137615
-125.9 -65.9 2635.0 0.1145575792 0.8468594551 -0.5193318725 -0.8971924186 -0.1362550408 -0.4200956523 -0.4265235662 0.5140657425 0.7441868186
-263.2 -149.8 2327.5 0.3941633999 -0.0049350020 -0.9190271497 0.0074750292 0.9999697208 -0.0021636679 0.9190099835 -0.0060169161 0.3941883743
-261.3 -537.9 2329.8 0.4014613032 0.1362712234 -0.9056814909 0.0565978251 0.9832879305 0.1730362028 0.9141255617 -0.1207269430 0.3870393932
-207.5 -190.6 2492.8 0.4046035707 -0.0710809827 -0.9117255211 -0.0226074159 0.9958925247 -0.0876755789 0.9142127037 0.0560856089 0.4013347030
-179.9 -577.1 2471.0 0.4007948935 -0.0753463954 -0.9130643010 0.0374825224 0.9971265793 -0.0658300817 0.9154007435 -0.0078395931 0.4024673998
154.1 -158.9 2162.6 0 0 0 0 0 0 0 0 0
-95.6 -303.2 2522.2 0 0 0 0 0 0 0 0 0
-312.1 -904.9 2374.9 0 0 0 0 0 0 0 0 0
-158.9 -854.8 2473.2 0 0 0 0 0 0 0 0 0
-19.4 366.7 2477.9 8 0.2939269543 0.3935896158 -0.8710305095 -0.2790541649 0.9069179893 0.3156398833 0.9141858220 0.1502896249 0.3764004409
-96.6 188.9 2448.4 0.2939269543 0.3935896158 -0.8710305095 -0.2790541649 0.9069179893 0.3156398833 0.9141858220 0.1502896249 0.3764004409
-169.1 10.3 2425.6 0.3091414273 0.3734954894 -0.8746042848 -0.2428154051 0.9201702476 0.3071276248 0.9194956422 0.1174215227 0.3751532137
-138.8 222.1 2322.8 -0.2627089024 0.6062616706 -0.7506203055 0.6804957986 0.6679345965 0.3013119102 0.6840391159 -0.4316366315 -0.5880308747
-64.2 28.8 2128.4 -0.7618629336 0.6062616706 -0.2280606776 0.6434541345 0.6679345965 -0.3739387095 -0.0743751004 -0.4316366315 -0.8989761472
-54.4 155.8 2574.0 -0.3039294183 0.8441228271 -0.4416826069 -0.9201891422 -0.1400341392 0.3655713797 0.2467365116 0.5175394416 0.8193131685
-127.9 -66.8 2633.7 0.1146506816 0.8441228271 -0.5237478614 -0.8958144188 -0.1400341392 -0.4217902422 -0.4293853641 0.5175394416 0.7401223779
-268.6 -147.1 2322.8 0.3895867169 -0.0201304052 -0.9207697511 0.0241347458 0.9996409416 -0.0116430847 0.9206734896 -0.0176865533 0.3899326622
-260.8 -535.1 2329.7 0.3958755434 0.1360661387 -0.9081677198 0.0668871403 0.9820623994 0.1762938946 0.9158650041 -0.1305351853 0.3796734214
-212.3 -189.9 2487.4 0.3988533020 -0.0833523944 -0.9132187366 -0.0090788715 0.9954527020 -0.0948233977 0.9169697762 0.0461116210 0.3962828517
-180.0 -576.3 2469.5 0.3954581618 -0.0736713037 -0.9155246615 0.0447153896 0.9971402884 -0.0609241463 0.9173948765 -0.0168450922 0.3976215124
149.9 -152.1 2149.3 0 0 0 0 0 0 0 0 0
-97.5 -303.8 2520.1 0 0 0 0 0 0 0 0 0
-311.6 -901.6 2378.4 0 0 0 0 0 0 0 0 0
-159.3 -855.7 2474.3 0 0 0 0 0 0 0 0 0
-19.7 366.5 2477.4 9 0.3122873902 0.3836721778 -0.8690640330 -0.2722040415 0.9125965834 0.3050777018 0.9101547003 0.1412908137 0.3894295394
-94.8 187.8 2449.7 0.3122873902 0.3836721778 -0.8690640330 -0.2722040415 0.9125965834 0.3050777018 0.9101547003 0.1412908137 0.3894295394
-164.7 7.9 2429.0 0.3281837106 0.3600979447 -0.8732839823 -0.2328913808 0.9267944694 0.2946414351 0.9154545665 0.1066837907 0.3880225718
-139.6 219.6 2324.7 -0.2443939000 0.5834162831 -0.7745302320 0.6579900384 0.6864918470 0.3094802201 0.7122644782 -0.4339981079 -0.5516565442
-70.6 33.8 2123.6 -0.7720289826 0.5834162831 -0.2521837652 0.6346829534 0.6864918470 -0.3548329771 -0.0338932537 -0.4339981079 -0.9002760053
-50.0 156.0 2574.8 -0.2845179439 0.8547269702 -0.4341559708 -0.9238026142 -0.1234149039 0.3624328077 0.2561997473 0.5041930079 0.8247126937
-118.8 -67.4 2636.7 0.1224300712 0.8547269702 -0.5044330955 -0.8959891796 -0.1234149039 -0.4265819788 -0.4268656671 0.5041930079 0.7507163882
-269.3 -146.5 2320.4 0.4043162763 -0.0186944306 -0.9144281745 0.0315129124 0.9994822145 -0.0064997640 0.9140762091 -0.0261883363 0.4046960473
-262.0 -534.5 2330.6 0.4074466228 0.1292572320 -0.9040353298 0.0545287542 0.9847230315 0.1653697938 0.9115996361 -0.1166752800 0.3941738307
-213.9 -190.0 2485.2 0.4137533903 -0.0872518793 -0.9061982632 0.0045045540 0.9955807328 -0.0938012451 0.9103778601 0.0347285643 0.4123179317
-180.0 -576.5 2471.7 0.4114613235 -0.0747909620 -0.9083533883 0.0382182933 0.9971666932 -0.0647916421 0.9106255770 -0.0080564646 0.4131538868
146.7 -144.8 2133.2 0 0 0 0 0 0 0 0 0
-86.4 -304.4 2523.8 0 0 0 0 0 0 0 0 0
-310.3 -902.0 2374.2 0 0 0 0 0 0 0 0 0
-159.2 -853.6 2473.9 0 0 0 0 0 0 0 0 0
-19.1 365.9 2476.2 0 0.2944937944 0.3918118179 -0.8716403246 -0.2784230709 0.9076976776 0.3139515221 0.9141958356 0.1502280086 0.3764007986
-95.8 188.2 2446.8 0.2944937944 0.3918118179 -0.8716403246 -0.2784230709 0.9076976776 0.3139515221 0.9141958356 0.1502280086 0.3764007986
-166.9 8.9 2424.7 0.3117485940 0.3661588132 -0.8767784834 -0.2367346585 0.9235972166 0.3015374839 0.9202008247 0.1135599762 0.3746125996
-138.4 220.5 2321.1 -0.2282219827 0.5836657882 -0.7792618275 0.6546515822 0.6844321489 0.3209110796 0.7206566334 -0.4369060397 -0.5383002162
-74.0 35.8 2117.7 -0.7660065293 0.5836657882 -0.2693849802 0.6426178217 0.6844321489 -0.3443762362 -0.0166248791 -0.4369060397 -0.8993535042
-53.3 155.9 2572.5 -0.2962705791 0.8456076980 -0.4440398216 -0.9216806889 -0.1312120706 0.3650864363 0.2504565120 0.5174273252 0.8182545900
-124.9 -67.0 2633.0 0.1215816066 0.8456076980 -0.5197744966 -0.8965000510 -0.1312120706 -0.4231678545 -0.4260346889 0.5174273252 0.7421343923
-263.9 -151.1 2326.3 0.3901398480 -0.0065573682 -0.9207322598 0.0240826327 0.9997051954 0.0030846742 0.9204406142 -0.0233771112 0.3901827335
-261.4 -539.2 2335.4 0.3918880820 0.1333777755 -0.9102934003 0.0367748179 0.9863737822 0.1603570431 0.9192776084 -0.0963178873 0.3816432059
-205.2 -192.8 2490.3 0.4014271200 -0.0713752806 -0.9131056070 -0.0270750299 0.9955983758 -0.0897264928 0.9154906869 0.0607410073 0.3977276981
-177.5 -579.1 2466.7 0.3970431089 -0.0738744438 -0.9148220420 0.0469708778 0.9970847368 -0.0601314977 0.9165972471 -0.0190951973 0.3993555605
141.6 -145.1 2122.4 0 0 0 0 0 0 0 0 0
-92.7 -304.2 2520.3 0 0 0 0 0 0 0 0 0
-311.2 -907.3 2371.3 0 0 0 0 0 0 0 0 0
-157.3 -851.4 2471.9 0 0 0 0 0 0 0 0 0
-18.0 365.8 2477.1 1 0.2823134363 0.3952660561 -0.8741074800 -0.2749339342 0.9062873125 0.3210212588 0.9190813303 0.1496931911 0.3645291328
-95.5 188.1 2447.7 0.2823134363 0.3952660561 -0.8741074800 -0.2749339342 0.9062873125 0.3210212588 0.9190813303 0.1496931911 0.3645291328
-167.7 9.3 2425.8 0.2993969023 0.3723483682 -0.8784748912 -0.2342624068 0.9212134480 0.3106234372 0.9249230623 0.1127939522 0.3630356789
-136.4 220.1 2321.4 -0.2071300745 0.5879023671 -0.7819641829 0.6436446309 0.6838384271 0.3436372876 0.7367622852 -0.4321294427 -0.5200437307
-77.7 37.8 2112.7 -0.7595260143 0.5879023671 -0.2783720791 0.6504648328 0.6838384271 -0.3305458426 -0.0039671594 -0.4321294427 -0.9018028975
-54.6 156.1 2574.1 -0.3065985441 0.8386140466 -0.4502485991 -0.9178785086 -0.1352620274 0.3730995655 0.2519849837 0.5276652575 0.8112169504
-128.7 -65.9 2635.0 0.1190520525 0.8386140466 -0.5315572023 -0.8997508883 -0.1352620274 -0.4149127007 -0.4198511243 0.5276652575 0.7384405136
-265.9 -149.1 2320.2 0.3798189461 -0.0137906875 -0.9249580503 0.0391428843 0.9992329478 0.0011752964 0.9242323637 -0.0366519243 0.3800674081
-260.5 -537.0 2334.5 0.3796113431 0.1404209584 -0.9144272208 0.0376834236 0.9852467179 0.1669398546 0.9243782759 -0.0978310108 0.3687192798
-210.0 -191.5 2485.1 0.3897948265 -0.0882868096 -0.9166599512 -0.0118967034 0.9948280454 -0.1008743346 0.9208248854 0.0502255261 0.3867284954
-175.8 -577.6 2465.6 0.3865268230 -0.0627570897 -0.9201405048 0.0532208011 0.9975374341 -0.0456792004 0.9207413197 -0.0313143767 0.3889149725
135.9 -145.2 2113.8 0 0 0 0 0 0 0 0 0
-97.2 -303.9 2523.9 0 0 0 0 0 0 0 0 0
-312.9 -904.7 2371.0 0 0 0 0 0 0 0 0 0
-158.3 -855.5 2474.3 0 0 0 0 0 0 0 0 0
-15.1 367.3 2478.0 2 0.2992466986 0.3901324570 -0.8707743883 -0.2635712028 0.9108832479 0.3175246119 0.9170504808 0.1344928592 0.3754065037
-92.1 187.7 2451.5 0.2992466986 0.3901324570 -0.8707743883 -0.2635712028 0.9108832479 0.3175246119 0.9170504808 0.1344928592 0.3754065037
-163.4 8.3 2431.3 0.3136907816 0.3678098917 -0.8753936291 -0.2286026925 0.9240646958 0.3063417077 0.9215958714 0.1040207669 0.3739528954
-134.9 218.9 2325.6 -0.1655256003 0.5613023639 -0.8108889461 0.6331317425 0.6908983588 0.3490038514 0.7561385036 -0.4556304514 -0.4697397053
-88.0 39.3 2111.2 -0.7693542242 0.5613023639 -0.3050142527 0.6384965181 0.6908983588 -0.3390894830 0.0204021074 -0.4556304514 -0.8899351954
-49.2 156.5 2577.4 -0.2970136404 0.8466989398 -0.4414564669 -0.9188480377 -0.1276380867 0.3733989596 0.2598098516 0.5165359974 0.8158979416
-121.0 -65.8 2640.2 0.1191863418 0.8466989398 -0.5185514092 -0.9006324410 -0.1276380867 -0.4154151678 -0.4179184735 0.5165359974 0.7473517656
-266.8 -148.5 2321.1 0.3923175633 -0.0147143211 -0.9197121263 0.0441569574 0.9990205169 0.0028526774 0.9187693596 -0.0417308472 0.3925830424
-261.1 -536.4 2337.3 0.3894566000 0.1317312419 -0.9115757942 0.0219653081 0.9881094098 0.1521753967 0.9207828641 -0.0792887583 0.3819321990
-213.2 -190.5 2486.8 0.4029427767 -0.0953356773 -0.9102462530 -0.0096885096 0.9940598607 -0.1084028482 0.9151738882 0.0524990745 0.3996255696
-176.2 -576.3 2466.4 0.3996958137 -0.0628893375 -0.9144879580 0.0553845279 0.9974778891 -0.0443896092 0.9149731398 -0.0329061411 0.4021708369
127.2 -139.2 2105.5 0 0 0 0 0 0 0 0 0
-89.5 -304.0 2529.7 0 0 0 0 0 0 0 0 0
-310.3 -905.1 2366.8 0 0 0 0 0 0 0 0 0
-158.7 -853.4 2475.5 0 0 0 0 0 0 0 0 0
-14.5 371.5 2478.5 3 0.2931116223 0.3869752884 -0.8742629290 -0.2563585341 0.9127519727 0.3180631101 0.9210677743 0.1308967769 0.3667426109
-90.8 191.4 2452.7 0.2931116223 0.3869752884 -0.8742629290 -0.2563585341 0.9127519727 0.3180631101 0.9210677743 0.1308967769 0.3667426109
-162.0 11.9 2433.0 0.3067432046 0.3666572273 -0.8783342838 -0.2231210768 0.9248076081 0.3081361055 0.9252705574 0.1014562324 0.3654873967
-132.7 221.9 2326.3 -0.1306197643 0.5454101562 -0.8279289007 0.6331024170 0.6885335445 0.3536988795 0.7629677653 -0.4779637158 -0.4352365732
-95.6 41.9 2109.3 -0.7722781301 0.5454101562 -0.3257518113 0.6344427466 0.6885335445 -0.3512890339 0.0326944515 -0.4779637158 -0.8777709007
-48.9 160.9 2579.1 -0.2986724675 0.8427798748 -0.4477910101 -0.9174277186 -0.1242894977 0.3779926598 0.2629089057 0.5237119198 0.8103114963
-121.1 -61.0 2642.7 0.1226923689 0.8427798748 -0.5240883827 -0.9030015469 -0.1242894977 -0.4112667143 -0.4117459953 0.5237119198 0.7457821965
-262.9 -150.6 2328.5 0.3855058551 -0.0038509839 -0.9226973653 0.0260832533 0.9996371269 0.0067255637 0.9223366380 -0.0266596917 0.3854663968
-261.4 -538.6 2338.9 0.3847323954 0.1299649477 -0.9138326645 0.0201474410 0.9886193871 0.1490833610 0.9228082299 -0.0757685900 0.3777354360
-206.7 -191.5 2493.6 0.3982133567 -0.0777794346 -0.9139893055 -0.0299987979 0.9947614074 -0.0977231339 0.9168021679 0.0663332418 0.3937939703
-176.5 -577.6 2467.9 0.3950130939 -0.0581831373 -0.9168311954 0.0432086177 0.9980645776 -0.0447220393 0.9176588058 -0.0219492167 0.3967625797
119.7 -135.0 2100.2 0 0 0 0 0 0 0 0 0
-88.7 -299.9 2533.7 0 0 0 0 0 0 0 0 0
-309.9 -907.6 2367.2 0 0 0 0 0 0 0 0 0
-160.5 -853.1 2474.0 0 0 0 0 0 0 0 0 0
-12.6 370.9 2479.2 4 0.3053897619 0.3946146667 -0.8666120172 -0.2617815733 0.9098147154 0.3220366240 0.9155367017 0.1285163760 0.3811509311
-90.3 191.8 2453.9 0.3053897619 0.3946146667 -0.8666120172 -0.2617815733 0.9098147154 0.3220366240 0.9155367017 0.1285163760 0.3811509311
-163.0 12.9 2434.4 0.3188271523 0.3743597865 -0.8707491159 -0.2297748774 0.9218164682 0.3121823967 0.9195394516 0.1005440503 0.3799186051
-133.9 223.2 2328.3 -0.1074608937 0.5561846495 -0.8240817785 0.6287828684 0.6800761223 0.3769994080 0.7701196074 -0.4776558280 -0.4228009880
-103.0 42.7 2107.3 -0.7666670680 0.5561846495 -0.3207495213 0.6417035460 0.6800761223 -0.3545603454 0.0209330656 -0.4776558280 -0.8782976270
-46.8 160.4 2579.5 -0.3009659052 0.8495518565 -0.4332217872 -0.9166924953 -0.1325127929 0.3769817054 0.2628580928 0.5105898380 0.8186596632
-119.6 -61.3 2643.1 0.1104822606 0.8495518565 -0.5158054829 -0.9017676711 -0.1325127929 -0.4114066958 -0.4178621471 0.5105898380 0.7514581084
-260.6 -147.7 2330.4 0.3992095292 -0.0001277187 -0.9168596864 0.0085319374 0.9999572039 0.0035755935 0.9168199897 -0.0092500011 0.3991935551
-260.6 -535.8 2334.0 0.4018211365 0.1334485263 -0.9059422016 0.0273171365 0.9871370792 0.1575250477 0.9153106213 -0.0880446360 0.3930070996
-205.7 -187.6 2496.2 0.4113187790 -0.0722802579 -0.9086211920 -0.0351593159 0.9948508739 -0.0950558558 0.9108132124 0.0710447580 0.4066595137
-177.6 -573.8 2468.6 0.4080713689 -0.0582119562 -0.9110922813 0.0409471467 0.9981278181 -0.0454329550 0.9120312929 -0.0187667403 0.4096910059
111.7 -137.0 2101.4 0 0 0 0 0 0 0 0 0
-90.3 -299.9 2532.6 0 0 0 0 0 0 0 0 0
-310.4 -904.2 2366.8 0 0 0 0 0 0 0 0 0
-161.3 -853.8 2473.8 0 0 0 0 0 0 0 0 0
-13.2 371.2 2478.1 5 0.3183710575 0.4013443589 -0.8588146567 -0.2779410779 0.9056600928 0.3202008605 0.9063049555 0.1367571801 0.3998860419
-92.1 193.0 2451.2 0.3183710575 0.4013443589 -0.8588146567 -0.2779410779 0.9056600928 0.3202008605 0.9063049555 0.1367571801 0.3998860419
-165.6 14.6 2429.9 0.3322813511 0.3783574104 -0.8639645576 -0.2453855723 0.9191467762 0.3081479669 0.9107003212 0.1096126139 0.3982587755
-137.5 226.5 2326.8 -0.0835044235 0.5425681472 -0.8358509541 0.6289026737 0.6793322563 0.3781390488 0.7729867101 -0.4940926135 -0.3979498148
-113.7 47.1 2106.3 -0.7684440613 0.5425681472 -0.3392837942 0.6389756203 0.6793322563 -0.3608571589 0.0346968062 -0.4940926135 -0.8687166572
-46.8 159.5 2575.6 -0.2994820774 0.8568900228 -0.4195830524 -0.9200471044 -0.1429233700 0.3648098111 0.2526336610 0.4952901900 0.8311821818
-119.2 -63.1 2636.7 0.1015336439 0.8568900228 -0.5054011941 -0.8951830864 -0.1429233700 -0.4221612513 -0.4339794219 0.4952901900 0.7525619268
-264.2 -145.5 2332.5 0.4132310450 -0.0046503213 -0.9106143117 0.0175370779 0.9998421669 0.0028522257 0.9104573131 -0.0171481427 0.4132473767
-262.4 -533.6 2339.2 0.4144337773 0.1276564896 -0.9010818005 0.0267084483 0.9879808426 0.1522514969 0.9096874595 -0.0871646553 0.4060431421
-207.1 -186.6 2497.3 0.4245352149 -0.0734812021 -0.9024246931 -0.0421974286 0.9940124154 -0.1007901505 0.9044275880 0.0808689669 0.4188925624
-178.6 -572.5 2465.9 0.4198291302 -0.0700988099 -0.9048920870 0.0509765781 0.9972602725 -0.0536034144 0.9061704278 -0.0236240290 0.4222522974
101.7 -132.0 2096.6 0 0 0 0 0 0 0 0 0
-92.3 -299.8 2521.9 0 0 0 0 0 0 0 0 0
-310.1 -902.4 2371.7 0 0 0 0 0 0 0 0 0
-158.9 -852.9 2472.5 0 0 0 0 0 0 0 0 0
-13.7 370.9 2477.5 6 0.3358654976 0.3971638083 -0.8540815115 -0.2739132345 0.9087508917 0.3148703575 0.9012024999 0.1281901449 0.4140065014
-91.9 192.1 2452.3 0.3358654976 0.3971638083 -0.8540815115 -0.2739132345 0.9087508917 0.3148703575 0.9012024999 0.1281901449 0.4140065014
-165.0 13.4 2432.0 0.3479389250 0.3768191338 -0.8584554791 -0.2453809381 0.9203518033 0.3045336604 0.9048351645 0.1046895087 0.4126904309
-139.4 225.6 2328.7 -0.0570409447 0.5348052382 -0.8430478573 0.6276426315 0.6758958697 0.3863022923 0.7764090896 -0.5070977807 -0.3742203116
-123.1 46.1 2106.6 -0.7703909278 0.5348052382 -0.3471040428 0.6365567446 0.6758958697 -0.3714300692 0.0359634608 -0.5070977807 -0.8611379266
-44.4 158.6 2575.9 -0.2919813395 0.8653636575 -0.4072992206 -0.9214754701 -0.1404606849 0.3621515930 0.2561832964 0.4810577333 0.8384232521
-115.0 -64.3 2637.9 0.0976709574 0.8653636575 -0.4915344715 -0.8942400813 -0.1404606849 -0.4249770343 -0.4368009567 0.4810577333 0.7601239085
-268.8 -141.8 2327.1 0.4276626408 -0.0190036073 -0.9037386179 0.0378401801 0.9992789626 -0.0031060688 0.9031460285 -0.0328692831 0.4280734062
-261.4 -529.7 2339.9 0.4262940884 0.1268505305 -0.8956462741 0.0269830246 0.9878950715 0.1527586579 0.9041820765 -0.0892873555 0.4177110195
-209.3 -185.8 2490.2 0.4374434650 -0.0801308975 -0.8956686258 -0.0174620990 0.9950771332 -0.0975529402 0.8990763426 0.0583141483 0.4338907301
-178.2 -572.0 2467.6 0.4338458180 -0.0714196116 -0.8981519938 0.0445547365 0.9973343611 -0.0577845871 0.8998848200 -0.0149473241 0.4358714223
92.4 -132.0 2096.6 0 0 0 0 0 0 0 0 0
-89.1 -300.9 2522.3 0 0 0 0 0 0 0 0 0
-308.8 -898.5 2373.2 0 0 0 0 0 0 0 0 0
-157.9 -855.0 2471.8 0 0 0 0 0 0 0 0 0
-13.1 369.6 2477.8 7 0.3731238544 0.3920519948 -0.8408768177 -0.2895191312 0.9102740288 0.2959390283 0.8814517856 0.1330280304 0.4531514943
-90.5 190.1 2451.5 0.3731238544 0.3920519948 -0.8408768177 -0.2895191312 0.9102740288 0.2959390283 0.8814517856 0.1330280304 0.4531514943
-162.5 11.0 2430.5 0.3858991265 0.3707998991 -0.8447421193 -0.2588276863 0.9224089980 0.2866529226 0.8854886293 0.1080235317 0.4519301057
-143.2 225.4 2330.7 -0.0467650257 0.5629743338 -0.8251502514 0.6276825666 0.6591609716 0.4141514301 0.7770634890 -0.4985646009 -0.3841948509
-129.7 45.4 2107.9 -0.7504790425 0.5629743338 -0.3461806476 0.6603949070 0.6591609716 -0.3597017825 0.0256858934 -0.4985646009 -0.8664718866
-37.8 154.8 2572.4 -0.2719677985 0.8850562572 -0.3777683079 -0.9295915961 -0.1401425302 0.3409098685 0.2487830073 0.4438867569 0.8608551621
-103.6 -70.0 2632.5 0.0895390138 0.8850562572 -0.4567911327 -0.8845382333 -0.1401425302 -0.4449182153 -0.4577935338 0.4438867569 0.7703178525
-269.3 -143.2 2330.6 0.4625147283 -0.0188781321 -0.8864105940 0.0232977942 0.9996868372 -0.0091341948 0.8863054514 -0.0164267123 0.4628097117
-262.0 -531.2 2337.0 0.4646037519 0.1181615442 -0.8775996566 0.0401892252 0.9872223139 0.1541976184 0.8846062422 -0.1069108397 0.4539183676
-207.0 -187.2 2492.7 0.4720717669 -0.0750777796 -0.8783572912 -0.0225733481 0.9950107336 -0.0971807688 0.8812710643 0.0657037646 0.4680217206
-177.9 -573.4 2467.2 0.4684000313 -0.0681073740 -0.8808875084 0.0488988608 0.9974945784 -0.0511217490 0.8821622729 -0.0191289671 0.4705568552
80.1 -139.3 2100.7 0 0 0 0 0 0 0 0 0
-79.9 -304.0 2511.4 0 0 0 0 0 0 0 0 0
-306.1 -899.7 2376.9 0 0 0 0 0 0 0 0 0
-158.3 -859.7 2472.7 0 0 0 0 0 0 0 0 0
-11.6 370.1 2477.9 8 0.3707286417 0.3902235627 -0.8427845836 -0.2836564481 0.9116625786 0.2973388731 0.8843637705 0.1288292557 0.4486688375
-88.7 190.0 2452.4 0.3707286417 0.3902235627 -0.8427845836 -0.2836564481 0.9116625786 0.2973388731 0.8843637705 0.1288292557 0.4486688375
-160.3 10.7 2431.9 0.3827887774 0.3688450456 -0.8470100760 -0.2544997633 0.9234663248 0.2871232927 0.8880892992 0.1056562737 0.4473635256
-140.9 224.7 2331.1 -0.0099066654 0.5535901189 -0.8327303529 0.6228160858 0.6549295187 0.4279806316 0.7823055387 -0.5143980384 -0.3512730002
-138.1 47.2 2108.1 -0.7613136172 0.5535901189 -0.3375493586 0.6483545303 0.6549295187 -0.3882057965 0.0061641689 -0.5143980384 -0.8575294018
-36.4 155.3 2573.7 -0.2713409364 0.8835263848 -0.3817790449 -0.9289649725 -0.1366392076 0.3440259099 0.2517899871 0.4480076730 0.8578408360
-102.0 -69.4 2634.6 0.0930580050 0.8835263848 -0.4590439498 -0.8862240314 -0.1366392076 -0.4426473379 -0.4538139999 0.4480076730 0.7702869177
-269.0 -144.9 2330.3 0.4591047466 -0.0219667908 -0.8881105185 0.0197740309 0.9996992350 -0.0145047642 0.8881620765 -0.0109023191 0.4594010413
-260.5 -532.9 2334.5 0.4627720714 0.1337089092 -0.8763355017 0.0455974266 0.9836605191 0.1741632074 0.8853038549 -0.1205565110 0.4491138458
-199.9 -191.2 2488.8 0.4686861634 -0.0610374883 -0.8812534809 -0.0195380393 0.9966496825 -0.0794211924 0.8831486702 0.0544415787 0.4659233689
-176.2 -578.0 2467.6 0.4655472934 -0.0642787442 -0.8826856613 0.0438172817 0.9978099465 -0.0495521277 0.8839376569 -0.0156080294 0.4673442245
74.7 -134.0 2106.4 0 0 0 0 0 0 0 0 0
-77.4 -303.8 2514.5 0 0 0 0 0 0 0 0 0
-310.4 -900.0 2379.5 0 0 0 0 0 0 0 0 0
-158.2 -858.4 2472.0 0 0 0 0 0 0 0 0 0
-9.8 367.5 2478.9 9 0.3674178421 0.3957601488 -0.8416519761 -0.2901635766 0.9085562229 0.3005506694 0.8836340904 0.1337890476 0.4486549497
-88.1 187.8 2452.5 0.3674178421 0.3957601488 -0.8416519761 -0.2901635766 0.9085562229 0.3005506694 0.8836340904 0.1337890476 0.4486549497
-160.4 9.0 2430.5 0.3792021275 0.3725399971 -0.8470063210 -0.2620996833 0.9211271405 0.2877994180 0.8874173164 0.1128659397 0.4469359815
-139.9 223.6 2331.3 0.0243026093 0.5380274057 -0.8425769210 0.6215702891 0.6519797444 0.4342496693 0.7829813361 -0.5342742205 -0.3185770512
-146.7 49.4 2111.7 -0.7763358951 0.5380274057 -0.3283734322 0.6301901937 0.6519797444 -0.4216428399 -0.0127625829 -0.5342742205 -0.8452149034
-36.3 152.0 2573.7 -0.2760103941 0.8816788793 -0.3827017248 -0.9294276834 -0.1433722079 0.3400126994 0.2449132204 0.4495406151 0.8590289354
-103.0 -72.8 2632.9 0.0906285048 0.8816788793 -0.4630646110 -0.8835253119 -0.1433722079 -0.4459006786 -0.4595318139 0.4495406151 0.7659919858
-266.2 -145.7 2331.8 0.4566929340 -0.0158527568 -0.8894831538 0.0124574006 0.9998571277 -0.0114238085 0.8895371556 -0.0058634751 0.4568251669
-260.0 -533.9 2334.1 0.4610695839 0.1384101063 -0.8765029907 0.0420821533 0.9832383990 0.1774014980 0.8863655925 -0.1186795682 0.4475167394
-197.6 -191.3 2490.9 0.4657410383 -0.0573129430 -0.8830631375 -0.0207192861 0.9969206452 -0.0756302401 0.8846784830 0.0535205454 0.4631193876
-175.4 -578.3 2470.1 0.4629237354 -0.0636386573 -0.8841106892 0.0346906632 0.9979559779 -0.0536691248 0.8857190013 -0.0058256732 0.4641852081
70.7 -127.1 2115.3 0 0 0 0 0 0 0 0 0
-79.0 -306.5 2511.3 0 0 0 0 0 0 0 0 0
-311.7 -900.9 2378.4 0 0 0 0 0 0 0 0 0
-157.6 -856.5 2471.7 0 0 0 0 0 0 0 0 0
-10.3 367.0 2477.9 0 0.3791863620 0.3851773441 -0.8413418531 -0.2791177332 0.9145038128 0.2928755879 0.8822193742 0.1237790063 0.4542772174
-86.3 186.5 2453.5 0.3791863620 0.3851773441 -0.8413418531 -0.2791177332 0.9145038128 0.2928755879 0.8822193742 0.1237790063 0.4542772174
-156.8 6.8 2433.5 0.3902862072 0.3633128405 -0.8459789753 -0.2518247068 0.9259357452 0.2814734578 0.8855851293 0.1031831875 0.4528711140
-139.6 220.9 2332.5 0.0413210914 0.5405976176 -0.8402659297 0.6153239012 0.6488120556 0.4476822317 0.7871906161 -0.5355344415 -0.3058330119
-151.0 51.0 2115.1 -0.7853614688 0.5405976176 -0.3015984297 0.6174162030 0.6488120556 -0.4447922409 -0.0447729193 -0.5355344415 -0.8433257341
-33.0 152.1 2574.5 -0.2633471191 0.8873440027 -0.3785088062 -0.9307283163 -0.1304923743 0.3416379988 0.2537579238 0.4422582686 0.8602409959
