-166.5 467.4 2744.5 41 0.5276914835 0.2610449195 -0.8083299398 -0.2698267102 0.9538339972 0.1318870783 0.8054410219 0.1485133320 0.5737670064
-220.3 270.7 2713.9 0.5276914835 0.2610449195 -0.8083299398 -0.2698267102 0.9538339972 0.1318870783 0.8054410219 0.1485133320 0.5737670064
-265.4 78.9 2689.0 0.5374454260 0.2272667140 -0.8120974302 -0.2314830124 0.9657684565 0.1170765162 0.8109056950 0.1250645220 0.5716562271
-298.8 304.6 2595.5 -0.0976144597 0.7241765857 -0.6826710105 0.7935291529 0.4706268013 0.3857744038 0.6006520391 -0.5040621758 -0.6205952168
-270.0 70.0 2417.9 -0.6650390625 0.7241765857 -0.1824589819 0.6699926257 0.4706268013 -0.5741256475 -0.3298982680 -0.5040621758 -0.7981781960
-141.9 236.9 2832.3 -0.1489045769 0.9801898003 -0.1305963397 -0.3537467122 0.0705270469 0.9326785207 0.9234125018 0.1850781292 0.3362371027
-197.7 104.3 3178.5 0.1795828193 0.9828076363 0.0428852737 -0.1393970698 0.0685769245 -0.9878591299 -0.9738164544 0.1714244485 0.1493157297
-364.8 -91.1 2590.6 0.6357920170 0.0476210490 -0.7703900337 -0.0339235738 0.9988545179 0.0337467566 0.7711145878 0.0046784668 0.6366791725
-383.7 -487.9 2588.7 0.6372219324 0.0041650678 -0.7706691027 -0.1073238030 0.9907211661 -0.0833855420 0.7631708980 0.1358462423 0.6317563057
-265.0 -132.2 2738.7 -0.2546636760 0.2361320704 0.9377569556 -0.0209158529 0.9681573510 -0.2494671047 -0.9668034911 -0.0831441954 -0.2416156083
-358.9 -516.8 2771.8 -0.2561976314 -0.2585479915 0.9314052463 -0.0152102988 0.9645237923 0.2635574937 -0.9665047526 0.0533558577 -0.2510412931
-78.6 -122.7 2512.8 0 0 0 0 0 0 0 0 0
-151.1 68.1 2925.9 0 0 0 0 0 0 0 0 0
-385.1 -816.1 2543.8 0 0 0 0 0 0 0 0 0
-273.0 -837.0 2754.0 0 0 0 0 0 0 0 0 0
-163.5 468.8 2739.6 42 0.5463437438 0.2639863193 -0.7948709130 -0.2669667304 0.9544173479 0.1334776878 0.7938748598 0.1392793804 0.5919154882
-217.6 273.1 2711.1 0.5463437438 0.2639863193 -0.7948709130 -0.2669667304 0.9544173479 0.1334776878 0.7938748598 0.1392793804 0.5919154882
-263.6 81.2 2687.7 0.5557241440 0.2314289510 -0.7985056639 -0.2306104898 0.9656939507 0.1193901524 0.7987424135 0.1177957952 0.5900293589
-298.8 306.8 2594.4 -0.0759140030 0.6929624081 -0.7169659138 0.8065748811 0.4654246271 0.3644405305 0.5862371922 -0.5506205559 -0.5942583084
-276.0 64.7 2418.5 -0.6972944140 0.6929624081 -0.1832582802 0.6267727613 0.4654246271 -0.6249286532 -0.3477591574 -0.5506205559 -0.7588679194
-136.5 239.4 2827.7 -0.1280432343 0.9842983484 -0.1214976907 -0.3516299427 0.0694922283 0.9335561991 0.9273409843 0.1622577906 0.3372107744
-184.5 107.5 3175.4 0.1568412781 0.9866006374 0.0449445397 -0.1416423917 0.0675077662 -0.9876133800 -0.9774140716 0.1485324800 0.1503324807
-359.8 -91.8 2589.9 0.6528096795 0.0714681596 -0.7541431189 -0.0430018790 0.9974304438 0.0573000982 0.7563004494 -0.0049764845 0.6542055011
-388.2 -488.0 2591.9 0.6546084285 -0.0102035739 -0.7558992505 -0.1026975289 0.9894390106 -0.1022920460 0.7489599586 0.1445902288 0.6466472149
-261.3 -134.3 2738.6 -0.2726964056 0.2427342683 0.9309762120 -0.0052161482 0.9672628045 -0.2537231743 -0.9620859623 -0.0740455166 -0.2625029683
-357.7 -518.6 2768.0 -0.2663048804 -0.2588365972 0.9284855127 -0.0293651149 0.9650018215 0.2605939507 -0.9634414315 0.0421323590 -0.2645854652
-77.1 -114.1 2517.7 0 0 0 0 0 0 0 0 0
-143.8 70.8 2921.8 0 0 0 0 0 0 0 0 0
-384.8 -818.0 2543.7 0 0 0 0 0 0 0 0 0
-272.0 -838.1 2754.0 0 0 0 0 0 0 0 0 0
-162.9 467.8 2738.2 43 0.5586746931 0.2693304121 -0.7844384909 -0.2789174318 0.9517295957 0.1281242669 0.7810810804 0.1472137868 0.6068281531
-218.0 272.9 2708.1 0.5586746931 0.2693304121 -0.7844384909 -0.2789174318 0.9517295957 0.1281242669 0.7810810804 0.1472137868 0.6068281531
-264.5 81.3 2683.4 0.5690729022 0.2341092825 -0.7882568240 -0.2393436432 0.9642673135 0.1135923341 0.7866833210 0.1240219474 0.6047709584
-301.1 307.9 2593.2 -0.1676896363 0.7386036515 -0.6529508829 0.8371773958 0.4564445615 0.3013176918 0.5205902457 -0.4961078465 -0.6948832870
-249.7 50.9 2433.4 -0.6613093615 0.7386036515 -0.1308991462 0.6334670782 0.4564445615 -0.6248022318 -0.4017330110 -0.4961078465 -0.7697321773
-134.9 238.0 2822.9 -0.1125663295 0.9869614244 -0.1150475815 -0.3612866402 0.0672052354 0.9300298095 0.9256353378 0.1462551951 0.3490109146
-177.2 102.5 3170.1 0.1400782466 0.9890364408 0.0467442349 -0.1313777119 0.0653579682 -0.9891755581 -0.9813857675 0.1324208230 0.1390925795
-360.4 -89.5 2591.1 0.6666467786 0.0824071169 -0.7408043742 -0.0373204350 0.9963133931 0.0772454441 0.7444388866 -0.0238482840 0.6672645807
-393.2 -485.3 2600.6 0.6702998281 -0.0321831927 -0.7413921952 -0.1034443676 0.9852528572 -0.1362940222 0.7348451614 0.1680507064 0.6570856571
-258.6 -131.8 2737.5 -0.3019194305 0.2520389855 0.9194133878 -0.0146875959 0.9630753398 -0.2688311636 -0.9532203078 -0.0946693271 -0.2870692909
-358.7 -514.5 2775.1 -0.3019194305 -0.2569392622 0.9180560112 -0.0146875959 0.9641351104 0.2650052905 -0.9532203078 0.0665262043 -0.2948649228
-60.9 -129.9 2548.1 0 0 0 0 0 0 0 0 0
-140.8 68.4 2915.4 0 0 0 0 0 0 0 0 0
-382.3 -817.4 2543.9 0 0 0 0 0 0 0 0 0
-272.6 -837.7 2752.8 0 0 0 0 0 0 0 0 0
-165.2 464.9 2738.5 44 0.5421034098 0.2702001333 -0.7956857085 -0.2814364433 0.9505878091 0.1310584098 0.7917811275 0.1528877467 0.5913611054
-220.2 271.4 2707.3 0.5421034098 0.2702001333 -0.7956857085 -0.2814364433 0.9505878091 0.1310584098 0.7917811275 0.1528877467 0.5913611054
-267.3 80.1 2681.3 0.5519115329 0.2371475697 -0.7994714975 -0.2444503158 0.9626036882 0.1167823747 0.7972688675 0.1309775114 0.5892429352
-300.8 307.1 2590.9 -0.2514270544 0.7673959136 -0.5898202658 0.8499701619 0.4665555060 0.2446970940 0.4629634321 -0.4398061633 -0.7695683241
-220.7 36.2 2443.4 -0.6367584467 0.7673959136 -0.0751144290 0.6349160075 0.4665555060 -0.6157983541 -0.4375160933 -0.4398061633 -0.7843151093
-139.6 235.7 2823.8 -0.1330557168 0.9842258096 -0.1166005731 -0.3626813889 0.0611350648 0.9299057722 0.9223656654 0.1660181284 0.3488260210
-189.5 99.6 3169.7 0.1588442326 0.9865623116 0.0382527821 -0.1300115436 0.0593087524 -0.9897370934 -0.9787060618 0.1522407085 0.1376853436
-363.2 -88.3 2586.7 0.6526499987 0.0754018202 -0.7538982034 -0.0285605565 0.9967768192 0.0749686584 0.7571210265 -0.0273965430 0.6526998878
-393.2 -484.4 2597.6 0.6563653350 -0.0291612167 -0.7538794279 -0.0987588912 0.9873332977 -0.1241760328 0.7479513288 0.1559571326 0.6451714039
-258.9 -132.2 2730.9 -0.2867905796 0.2437063307 0.9264762998 -0.0253978372 0.9648269415 -0.2616561949 -0.9576565623 -0.0985710323 -0.2705136836
-355.7 -515.6 2770.1 -0.2871111333 -0.2469553798 0.9255161881 -0.0241426993 0.9677543044 0.2507362962 -0.9575929642 0.0496447198 -0.2838152051
-37.4 -146.5 2569.4 0 0 0 0 0 0 0 0 0
-148.3 65.9 2915.7 0 0 0 0 0 0 0 0 0
-383.3 -819.2 2544.7 0 0 0 0 0 0 0 0 0
-273.5 -837.7 2753.6 0 0 0 0 0 0 0 0 0
-165.3 465.6 2747.1 45 0.5167962909 0.2716192901 -0.8118771911 -0.3001801670 0.9456190467 0.1252854466 0.8017565012 0.1789623648 0.5702271461
-221.0 271.9 2710.5 0.5167962909 0.2716192901 -0.8118771911 -0.3001801670 0.9456190467 0.1252854466 0.8017565012 0.1789623648 0.5702271461
-268.2 81.4 2680.0 0.5275326967 0.2380475998 -0.8155014515 -0.2600561976 0.9591062069 0.1117408127 0.8087521195 0.1531292796 0.5678656697
-298.0 309.9 2592.4 -0.2779510021 0.7188292146 -0.6372030973 0.8529149890 0.4898377955 0.1805408001 0.4419041574 -0.4932985604 -0.7492511272
-206.6 29.4 2447.1 -0.6788921356 0.7188292146 -0.1496329308 0.6473582387 0.4898377955 -0.5839402676 -0.3464574814 -0.4932985604 -0.7978870869
-143.9 233.9 2828.5 -0.1613045186 0.9793375731 -0.1219786108 -0.3765511513 0.0531734712 0.9248685241 0.9122445583 0.1951166540 0.3601935804
-204.4 92.7 3170.5 0.1863692403 0.9820409417 0.0293608885 -0.1154285818 0.0515636839 -0.9919764996 -0.9756755233 0.1814848185 0.1229654849
-365.0 -88.8 2582.2 0.6325351596 0.0627080724 -0.7719889879 -0.0152236316 0.9975311756 0.0685550869 0.7743820548 -0.0316110291 0.6319281459
-389.9 -485.1 2594.8 0.6369228959 -0.0184660386 -0.7707062960 -0.1064156145 0.9880371690 -0.1116166785 0.7635475993 0.1531064063 0.6273384094
-263.8 -133.6 2728.4 -0.2501958311 0.2541649938 0.9342388511 -0.0294104405 0.9624876976 -0.2697266042 -0.9677484632 -0.0949608460 -0.2333353162
-364.8 -516.1 2766.1 -0.2501958311 -0.2784127891 0.9273016453 -0.0294104405 0.9595065713 0.2801467478 -0.9677484632 0.0428191982 -0.2482527941
-11.3 -156.8 2546.7 0 0 0 0 0 0 0 0 0
-156.1 62.8 2917.4 0 0 0 0 0 0 0 0 0
-383.7 -820.1 2542.9 0 0 0 0 0 0 0 0 0
-271.3 -838.4 2751.7 0 0 0 0 0 0 0 0 0
-164.0 463.0 2741.4 46 0.5450000763 0.2760989964 -0.7916718125 -0.3033089340 0.9451991916 0.1208394319 0.7816511989 0.1742636263 0.5988768935
-220.2 270.8 2706.0 0.5450000763 0.2760989964 -0.7916718125 -0.3033089340 0.9451991916 0.1208394319 0.7816511989 0.1742636263 0.5988768935
-268.2 80.4 2675.6 0.5551101565 0.2421923429 -0.7957358956 -0.2661823928 0.9580860734 0.1059152409 0.7880353332 0.1530162543 0.5963106155
-301.2 309.7 2591.0 -0.3033845425 0.6940956116 -0.6528316140 0.8466991782 0.5106517076 0.1494500190 0.4371021688 -0.5074111819 -0.7426140308
-199.4 25.5 2444.3 -0.7032598853 0.6940956116 -0.1538075805 0.6315866113 0.5106517076 -0.5833808184 -0.3263799846 -0.5074111819 -0.7975023389
-139.1 231.9 2821.0 -0.1297165602 0.9853706956 -0.1105359048 -0.3845683932 0.0527554266 0.9215877652 0.9139369726 0.1620538086 0.3720991611
-187.8 87.8 3163.6 0.1529719681 0.9876280427 0.0345034227 -0.1069301590 0.0512513891 -0.9929447174 -0.9824283719 0.1482032537 0.1134472415
-363.8 -85.3 2575.5 0.6592298150 0.0695856735 -0.7487148046 -0.0118275508 0.9965452552 0.0822051242 0.7518485188 -0.0453366041 0.6577753425
-391.4 -481.3 2593.5 0.6639842391 -0.0201024041 -0.7474762797 -0.1041954905 0.9873984456 -0.1191117987 0.7404513955 0.1569720209 0.6535224319
-267.1 -133.0 2723.7 -0.2870545983 0.2284888476 0.9302647710 -0.0376252532 0.9676969051 -0.2492929697 -0.9571750164 -0.1065621376 -0.2691848874
-357.8 -517.5 2766.1 -0.2874865830 -0.2579123378 0.9224058986 -0.0360099934 0.9652915597 0.2586802840 -0.9571074843 0.0411512777 -0.2867957950
4.0 -157.1 2538.7 0 0 0 0 0 0 0 0 0
-148.1 60.0 2908.8 0 0 0 0 0 0 0 0 0
-384.6 -818.8 2539.9 0 0 0 0 0 0 0 0 0
-272.4 -837.3 2752.4 0 0 0 0 0 0 0 0 0
-162.8 461.1 2737.6 47 0.5558189750 0.2831265628 -0.7816038728 -0.3033500314 0.9444586635 0.1263986081 0.7739793658 0.1668448001 0.6108344793
-220.2 269.8 2703.8 0.5558189750 0.2831265628 -0.7816038728 -0.3033500314 0.9444586635 0.1263986081 0.7739793658 0.1668448001 0.6108344793
-270.0 79.7 2674.5 0.5655580163 0.2511695325 -0.7855303884 -0.2686971426 0.9566409588 0.1124275178 0.7797088623 0.1474854946 0.6085245013
-302.7 309.0 2590.0 -0.3162037730 0.6743277907 -0.6673059464 0.8278767467 0.5396336317 0.1530215591 0.4632874131 -0.5040611029 -0.7288945317
-196.1 29.7 2433.7 -0.7168989182 0.6743277907 -0.1770252287 0.6420601606 0.5396336317 -0.5445680022 -0.2716885805 -0.5040611029 -0.8198217750
-137.6 230.5 2817.7 -0.1179711074 0.9881382585 -0.0983138159 -0.3820677400 0.0462167375 0.9229779243 0.9165735245 0.1464472711 0.3720834851
-181.8 87.2 3161.4 0.1367740333 0.9901639819 0.0294652916 -0.1095230952 0.0446778014 -0.9929796457 -0.9845290780 0.1325867027 0.1145565808
-367.2 -85.5 2573.0 0.6727418900 0.0639410019 -0.7371091247 0.0118410820 0.9952006340 0.0971363857 0.7397825122 -0.0740758851 0.6687560081
-392.6 -480.8 2602.5 0.6808219552 -0.0234651845 -0.7320730090 -0.1103493869 0.9847924113 -0.1341896504 0.7240887284 0.1721430570 0.6678789258
-265.5 -134.3 2717.4 -0.2859581411 0.2483498901 0.9255000353 -0.0438790619 0.9614242315 -0.2715474665 -0.9572369456 -0.1182612777 -0.2640297115
-364.1 -516.2 2764.4 -0.2859581411 -0.2782287896 0.9169605374 -0.0438790619 0.9597176909 0.2775185108 -0.9572369456 0.0391233079 -0.2866474986
14.8 -159.1 2513.6 0 0 0 0 0 0 0 0 0
-146.3 58.8 2905.9 0 0 0 0 0 0 0 0 0
-384.5 -820.8 2543.0 0 0 0 0 0 0 0 0 0
-270.9 -837.7 2751.3 0 0 0 0 0 0 0 0 0
-161.6 462.9 2746.7 48 0.5167345405 0.2862967551 -0.8068578243 -0.3123827875 0.9405062199 0.1336603314 0.7971213460 0.1829815954 0.5754262209
-219.9 271.4 2709.4 0.5167345405 0.2862967551 -0.8068578243 -0.3123827875 0.9405062199 0.1336603314 0.7971213460 0.1829815954 0.5754262209
-270.7 81.9 2677.8 0.5272563100 0.2558945715 -0.8102584481 -0.2756273746 0.9535192251 0.1217810363 0.8037601113 0.1591195911 0.5732805729
-296.9 311.6 2592.2 -0.3113041222 0.6753859520 -0.6685383916 0.8116311431 0.5548867583 0.1826350987 0.4943122566 -0.4857515097 -0.7209028006
-189.5 31.7 2421.7 -0.7203997374 0.6753859520 -0.1577276140 0.6372951269 0.5548867583 -0.5347481966 -0.2736404538 -0.4857515097 -0.8301604390
-143.0 231.1 2826.7 -0.1629865319 0.9811780453 -0.1035619974 -0.3808032870 0.0342727005 0.9240207076 0.9101781249 0.1900396794 0.3680498302
-204.1 88.4 3167.8 0.1788387746 0.9838008881 0.0123476153 -0.1113304943 0.0327041969 -0.9932451844 -0.9775593281 0.1762560755 0.1153758168
-371.8 -85.7 2573.8 0.6407684684 0.0497416332 -0.7661210895 0.0236896519 0.9961426854 0.0844897032 0.7673686147 -0.0722874776 0.6371184587
-391.5 -481.5 2602.5 0.6500609517 -0.0232775584 -0.7595254183 -0.1121716276 0.9856408834 -0.1262126416 0.7515572309 0.1672431082 0.6381155849
-268.1 -135.0 2716.7 -0.3633192480 0.2401446551 0.9001831412 -0.0454421043 0.9604915977 -0.2745740414 -0.9305558205 -0.1406642497 -0.3380524218
-363.5 -516.6 2772.6 -0.3633192480 -0.2756413817 0.8899555802 -0.0454421043 0.9593375921 0.2785792351 -0.9305558205 0.0607717484 -0.3610715568
23.5 -156.7 2502.6 0 0 0 0 0 0 0 0 0
-157.7 59.6 2914.3 0 0 0 0 0 0 0 0 0
-383.5 -821.8 2544.7 0 0 0 0 0 0 0 0 0
-272.8 -832.0 2752.6 0 0 0 0 0 0 0 0 0
-160.8 459.4 2731.7 49 0.5317200422 0.2925747633 -0.7947791219 -0.2937713563 0.9438854456 0.1509261131 0.7943375707 0.1532329023 0.5878328681
-220.2 267.7 2700.6 0.5317200422 0.2925747633 -0.7947791219 -0.2937713563 0.9438854456 0.1509261131 0.7943375707 0.1532329023 0.5878328681
-272.7 78.0 2674.4 0.5414767265 0.2645781040 -0.7979983687 -0.2605138123 0.9552726150 0.1399527192 0.7993344069 0.1321084350 0.5861841440
-299.3 305.8 2584.0 -0.3371356428 0.6904084682 -0.6400591135 0.7892330289 0.5779150724 0.2076665163 0.5132745504 -0.4351440370 -0.7397289872
-184.5 37.0 2409.2 -0.7124410868 0.6904084682 -0.1255539656 0.6475690007 0.5779150724 -0.4966574311 -0.2703369856 -0.4351440370 -0.8588175774
-141.2 229.7 2817.3 -0.1469959021 0.9849586487 -0.0908223614 -0.3588296175 0.0324644074 0.9328383207 0.9217556715 0.1697131544 0.3486602008
-196.3 95.2 3162.7 0.1587520242 0.9872782826 0.0089128343 -0.1345890909 0.0305828918 -0.9904294610 -0.9781020284 0.1560331136 0.1377319843
-369.8 -82.3 2572.6 0.6554154754 0.0530817211 -0.7534008622 0.0264260508 0.9953046441 0.0931144729 0.7548060417 -0.0809380785 0.6509353518
-390.9 -477.8 2604.7 0.6656264663 -0.0237139706 -0.7459082007 -0.1153274551 0.9842197895 -0.1342052072 0.7373201251 0.1753542423 0.6523878574
-273.2 -132.8 2719.8 -0.3768952489 0.2146694958 0.9010366201 -0.0430689044 0.9676591754 -0.2485574633 -0.9252540469 -0.1324867904 -0.3554605842
-358.5 -517.2 2772.4 -0.3768240511 -0.2640093565 0.8878641129 -0.0433285944 0.9624963999 0.2678121626 -0.9252709150 0.0624481551 -0.3741309345
27.8 -155.9 2489.7 0 0 0 0 0 0 0 0 0
-155.1 60.3 2909.1 0 0 0 0 0 0 0 0 0
-382.6 -821.3 2543.5 0 0 0 0 0 0 0 0 0
-271.7 -833.4 2751.9 0 0 0 0 0 0 0 0 0
-165.7 457.4 2743.2 50 0.4663707912 0.2804803550 -0.8389452100 -0.3022873998 0.9418390393 0.1468383819 0.8313366175 0.1851214468 0.5240318775
-222.7 266.0 2705.6 0.4663707912 0.2804803550 -0.8389452100 -0.3022873998 0.9418390393 0.1468383819 0.8313366175 0.1851214468 0.5240318775
-273.0 76.3 2675.0 0.4774564803 0.2542359829 -0.8410703540 -0.2629685998 0.9546951056 0.1393008232 0.8383810520 0.1546650231 0.5226814747
-292.2 304.4 2583.6 -0.3310506344 0.6760662198 -0.6582856178 0.7765346169 0.5915310383 0.2169907838 0.5360965133 -0.4393466115 -0.7208155394
-178.0 36.5 2398.7 -0.7196860313 0.6760662198 -0.1580712050 0.6580180526 0.5915310383 -0.4659433365 -0.2215045393 -0.4393466115 -0.8705804348
-153.1 227.6 2827.7 -0.2185208052 0.9687754512 -0.1171442047 -0.3617499471 0.0310702268 0.9317572713 0.9063032866 0.2459852546 0.3436650038
-234.9 92.3 3166.6 0.2343004048 0.9721603990 -0.0027243909 -0.1327180713 0.0292099752 -0.9907233119 -0.9630624056 0.2324884534 0.1358671635
-374.8 -87.9 2574.9 0.5950372219 0.0351204015 -0.8029304147 0.0303047840 0.9973538518 0.0660828650 0.8031266332 -0.0636543930 0.5923983455
-388.8 -484.1 2600.2 0.6035509706 -0.0103401709 -0.7972573638 -0.1204647571 0.9872548580 -0.1040003002 0.7881715894 0.1588108987 0.5946130157
-275.6 -135.7 2721.4 -0.3418009579 0.2155382633 0.9147214890 -0.0477372929 0.9681050181 -0.2459550053 -0.9385591149 -0.1277339906 -0.3206100166
-361.2 -520.3 2772.1 -0.3418009579 -0.2788144350 0.8974601030 -0.0477372929 0.9588943124 0.2797192931 -0.9385591149 0.0527660064 -0.3410608470
36.9 -159.9 2464.8 0 0 0 0 0 0 0 0 0
-174.2 57.9 2917.5 0 0 0 0 0 0 0 0 0
-385.2 -822.5 2545.7 0 0 0 0 0 0 0 0 0
-269.3 -836.5 2754.7 0 0 0 0 0 0 0 0 0
-166.7 456.2 2749.0 51 0.4436064959 0.2733462155 -0.8535192609 -0.2959978580 0.9435976744 0.1483531743 0.8459305763 0.1868294477 0.4994959533
-222.2 264.3 2711.0 0.4436064959 0.2733462155 -0.8535192609 -0.2959978580 0.9435976744 0.1483531743 0.8459305763 0.1868294477 0.4994959533
-271.5 74.4 2679.8 0.4539793432 0.2482734770 -0.8557236791 -0.2582259476 0.9558389187 0.1403259039 0.8527731895 0.1572650075 0.4980417788
-288.4 302.1 2586.7 -0.3125621676 0.6800236702 -0.6632289886 0.7632384896 0.5954431891 0.2508274019 0.5654837489 -0.4278027415 -0.7051333189
-180.8 39.2 2392.0 -0.7140219808 0.6800236702 -0.1665545404 0.6703732014 0.5954431891 -0.4427721500 -0.2019217908 -0.4278027415 -0.8810291886
-156.1 226.6 2835.3 -0.2436146736 0.9613658786 -0.1281698048 -0.3575078249 0.0338334851 0.9332970977 0.9015763998 0.2731865644 0.3354535103
-247.3 92.7 3173.0 0.2616638541 0.9651461840 -0.0049870093 -0.1365827918 0.0319133699 -0.9901144505 -0.9554460645 0.2597583234 0.1401729286
-366.9 -89.2 2567.7 0.5721419454 0.0452962071 -0.8189027905 0.0373028480 0.9960032105 0.0811545551 0.8193058372 -0.0769793391 0.5681656003
-384.9 -484.9 2598.3 0.5807447433 0.0024649880 -0.8140819669 -0.1380680501 0.9858068824 -0.0955091789 0.8022921681 0.1678651720 0.5728425384
-279.6 -137.5 2721.0 -0.3991510570 0.2117120475 0.8921078444 -0.0493407361 0.9666070938 -0.2514682114 -0.9155566096 -0.1443910599 -0.3753761947
-363.7 -521.5 2778.3 -0.3991510570 -0.2871040404 0.8707753420 -0.0493407361 0.9550601244 0.2922765613 -0.9155566096 0.0736978054 -0.3953791857
31.8 -160.4 2452.1 0 0 0 0 0 0 0 0 0
-179.5 57.3 2925.4 0 0 0 0 0 0 0 0 0
-385.7 -817.2 2541.7 0 0 0 0 0 0 0 0 0
-270.1 -833.0 2754.3 0 0 0 0 0 0 0 0 0
-169.9 454.4 2753.9 52 0.4283114672 0.2694060504 -0.8625367880 -0.2914958000 0.9446878433 0.1503166258 0.8553242087 0.1870435029 0.4831513762
-224.7 262.2 2715.8 0.4283114672 0.2694060504 -0.8625367880 -0.2914958000 0.9446878433 0.1503166258 0.8553242087 0.1870435029 0.4831513762
-273.3 72.1 2684.4 0.4382550418 0.2448784858 -0.8648508787 -0.2547354996 0.9565633535 0.1417616159 0.8619990349 0.1581804901 0.4815979600
-288.7 299.4 2590.1 -0.3034312427 0.6978334785 -0.6488127112 0.7548879385 0.5915544033 0.2832094431 0.5814410448 -0.4038462937 -0.7062821388
-183.9 38.7 2389.2 -0.7017685771 0.6978334785 -0.1433503330 0.6775181890 0.5915544033 -0.4370726347 -0.2202043682 -0.4038462937 -0.8879291415
-160.8 225.0 2841.6 -0.2601116598 0.9561353922 -0.1347107589 -0.3539399505 0.0353888646 0.9345983863 0.8983698487 0.2907794714 0.3292094767
-258.3 92.3 3178.3 0.2793351114 0.9601675868 -0.0070758616 -0.1399427950 0.0334198885 -0.9895954132 -0.9499409795 0.2774189413 0.1437038928
-362.2 -91.8 2570.6 0.5558344722 0.0574632995 -0.8293045163 0.0206697006 0.9963442087 0.0828913301 0.8310359716 -0.0632153377 0.5526146889
-385.1 -487.7 2595.7 0.5617530346 0.0021900828 -0.8273020983 -0.1276877671 0.9882435799 -0.0840861574 0.8173918128 0.1528720111 0.5554284453
-279.1 -139.2 2726.7 -0.3737836480 0.2039248496 0.9048206806 -0.0142686814 0.9741514325 -0.2254447788 -0.9274061322 -0.0971781760 -0.3612121642
-360.1 -525.8 2765.3 -0.3584979475 -0.2769219279 0.8915119171 -0.0694319755 0.9602539539 0.2703543901 -0.9309449196 0.0350220650 -0.3634763360
24.4 -162.4 2454.6 0 0 0 0 0 0 0 0 0
-185.9 56.0 2932.0 0 0 0 0 0 0 0 0 0
-385.8 -818.9 2544.5 0 0 0 0 0 0 0 0 0
-271.6 -832.7 2754.1 0 0 0 0 0 0 0 0 0
-172.7 452.4 2754.8 53 0.4100395441 0.2581738532 -0.8747650385 -0.2778654099 0.9488686323 0.1497970968 0.8687107563 0.1816442162 0.4608112276
-225.0 260.3 2718.0 0.4100395441 0.2581738532 -0.8747650385 -0.2778654099 0.9488686323 0.1497970968 0.8687107563 0.1816442162 0.4608112276
-272.0 69.7 2687.1 0.4184648097 0.2367193699 -0.8768415451 -0.2453850061 0.9590001702 0.1417917758 0.8744560480 0.1558289081 0.4593952000
-286.1 296.2 2590.4 -0.2717019618 0.7192994952 -0.6393640041 0.7493074536 0.5750126243 0.3284794986 0.6039174795 -0.3898316920 -0.6952085495
-194.2 42.8 2386.2 -0.6819192171 0.7192994952 -0.1326441914 0.6915649772 0.5750126243 -0.4371480346 -0.2381682694 -0.3898316920 -0.8895544410
-163.9 224.5 2845.7 -0.2801679075 0.9486651421 -0.1467665881 -0.3474821746 0.0422990248 0.9367320538 0.8948531151 0.3134410083 0.3177933991
-269.0 94.2 3181.2 0.3027960956 0.9530358315 -0.0061020320 -0.1465515792 0.0402336307 -0.9883844852 -0.9417203069 0.3001732528 0.1518514901
-362.1 -94.6 2574.1 0.5342743397 0.0600695796 -0.8431740999 0.0085144807 0.9970388412 0.0764264166 0.8452682495 -0.0480118617 0.5321808457
-386.0 -490.8 2593.2 0.5388519764 0.0049113282 -0.8423861265 -0.1305560321 0.9883875251 -0.0777506679 0.8322221041 0.1518747061 0.5332358479
-281.8 -141.3 2732.0 -0.3477487564 0.1840033382 0.9193549752 -0.0062055504 0.9800803661 -0.1985044181 -0.9375672340 -0.0747347698 -0.3396798968
-354.9 -530.4 2761.7 -0.3320735693 -0.2718675733 0.9032248855 -0.0638835207 0.9618468285 0.2660256028 -0.9410876632 0.0306388848 -0.3367717564
8.7 -163.0 2457.1 0 0 0 0 0 0 0 0 0
-190.4 56.2 2936.9 0 0 0 0 0 0 0 0 0
-387.6 -816.3 2543.1 0 0 0 0 0 0 0 0 0
-268.3 -836.8 2751.9 0 0 0 0 0 0 0 0 0
-171.2 451.7 2754.3 54 0.4100168347 0.2511747181 -0.8768109679 -0.2614572346 0.9533560872 0.1508387476 0.8737999201 0.1674021482 0.4565634727
-221.9 259.2 2720.5 0.4100168347 0.2511747181 -0.8768109679 -0.2614572346 0.9533560872 0.1508387476 0.8737999201 0.1674021482 0.4565634727
-267.4 68.0 2691.7 0.4174156785 0.2290420979 -0.8793770075 -0.2319388092 0.9625152946 0.1406013966 0.8786174059 0.1452724189 0.4548927248
-282.8 293.1 2592.2 -0.2498665005 0.7425544262 -0.6214334965 0.7436113954 0.5582137704 0.3680209517 0.6201683283 -0.3701489568 -0.6916508675
-199.2 44.3 2384.7 -0.6598330736 0.7425544262 -0.1150358468 0.7045805454 0.5582137704 -0.4381364882 -0.2611255944 -0.3701489568 -0.8915173411
-160.9 225.3 2848.8 -0.2805244923 0.9472909570 -0.1547445357 -0.3388556540 0.0530990213 0.9393388033 0.8980439305 0.3159435987 0.3060993254
-266.1 98.2 3185.6 0.3069878519 0.9517130852 0.0007923933 -0.1552979797 0.0509148575 -0.9865547419 -0.9389573932 0.3027372658 0.1634293646
-357.4 -98.3 2576.1 0.5301770568 0.0795836598 -0.8441438079 0.0037275706 0.9953569174 0.0961807892 0.8478787541 -0.0541394539 0.5274187326
-389.0 -493.8 2597.6 0.5360530615 -0.0032300095 -0.8441781402 -0.1375359148 0.9862976074 -0.0911090821 0.8329051733 0.1649441123 0.5282636285
-280.7 -143.3 2736.3 -0.3441798091 0.1872101277 0.9200503230 -0.0174866933 0.9784716368 -0.2056391537 -0.9387409091 -0.0868654847 -0.3334965110
-355.1 -532.0 2770.8 -0.3370637000 -0.2704873383 0.9017897248 -0.0432207286 0.9612765312 0.2721754014 -0.9404892325 0.0527644418 -0.3357020617
-3.5 -164.6 2462.2 0 0 0 0 0 0 0 0 0
-186.5 57.9 2941.9 0 0 0 0 0 0 0 0 0
-387.9 -815.7 2543.7 0 0 0 0 0 0 0 0 0
-270.0 -834.3 2754.2 0 0 0 0 0 0 0 0 0
-170.5 449.8 2755.0 55 0.4087117016 0.2510091364 -0.8774674535 -0.2612718046 0.9533770680 0.1510272771 0.8744665980 0.1675308794 0.4552379549
-221.2 257.2 2721.2 0.4087117016 0.2510091364 -0.8774674535 -0.2612718046 0.9533770680 0.1510272771 0.8744665980 0.1675308794 0.4552379549
-266.2 65.8 2692.7 0.4166981280 0.2266013622 -0.8803490996 -0.2292213142 0.9633315206 0.1394630224 0.8796705604 0.1436807811 0.4533603191
-282.0 290.7 2592.7 -0.2046362162 0.7359603047 -0.6453576088 0.7498876452 0.5416249037 0.3798828423 0.6291204691 -0.4062078893 -0.6627236009
-214.5 43.3 2385.2 -0.6622446775 0.7359603047 -0.1406925172 0.7006043792 0.5416249037 -0.4645384252 -0.2656792700 -0.4062078893 -0.8743052483
-160.3 223.7 2849.7 -0.2809843421 0.9467275143 -0.1573367715 -0.3376406431 0.0559439212 0.9396111369 0.8983577490 0.3171392977 0.3039343059
-265.7 97.1 3186.7 0.3086535633 0.9511702061 0.0028719297 -0.1564487815 0.0537452027 -0.9862226844 -0.9382200241 0.3039518297 0.1653980613
-351.1 -102.0 2582.3 0.5267546177 0.0894632787 -0.8452963233 -0.0196320396 0.9954611063 0.0931223035 0.8497906327 -0.0324577130 0.5261200666
-386.7 -497.5 2595.2 0.5303546190 0.0012977244 -0.8477749228 -0.1378158182 0.9868292212 -0.0847048238 0.8364990950 0.1617603898 0.5235482454
-274.6 -144.6 2743.3 -0.2675121725 0.2371539176 0.9339139462 -0.0194498170 0.9677118063 -0.2513076365 -0.9633581638 -0.0853923112 -0.2542620897
-368.7 -528.5 2777.2 -0.2675121725 -0.3102380633 0.9122442603 -0.0194498170 0.9482947588 0.3167945743 -0.9633581638 0.0670034215 -0.2597144544
-19.1 -163.3 2463.6 0 0 0 0 0 0 0 0 0
-185.6 56.5 2943.2 0 0 0 0 0 0 0 0 0
-387.1 -818.5 2542.5 0 0 0 0 0 0 0 0 0
-268.3 -835.6 2755.5 0 0 0 0 0 0 0 0 0
-169.5 449.6 2755.4 56 0.4293375313 0.2496700138 -0.8679482341 -0.2614559531 0.9542375207 0.1451603323 0.8644709587 0.1646074504 0.4749677181
-220.3 255.5 2721.9 0.4293375313 0.2496700138 -0.8679482341 -0.2614559531 0.9542375207 0.1451603323 0.8644709587 0.1646074504 0.4749677181
-264.4 63.8 2694.1 0.4378515184 0.2217880785 -0.8712612391 -0.2267968506 0.9650000930 0.1316736937 0.8699708581 0.1399457753 0.4728275836
-284.2 288.7 2594.9 -0.1868987232 0.7442817092 -0.6411814094 0.7535852790 0.5273338556 0.3924643397 0.6302207112 -0.4098337591 -0.6594377756
-223.2 42.6 2389.1 -0.6541659832 0.7442817092 -0.1345793456 0.6992694736 0.5273338556 -0.4826398194 -0.2882517576 -0.4098337591 -0.8654173613
-156.4 222.4 2849.0 -0.2583132088 0.9530019760 -0.1583082825 -0.3409517109 0.0633907542 0.9379411340 0.9038950205 0.2962580621 0.3085529804
-253.2 94.5 3188.0 0.2891337872 0.9571773410 0.0146012083 -0.1529214829 0.0612389259 -0.9863390923 -0.9449955821 0.2829511166 0.1640792340
-349.4 -104.6 2583.5 0.5440431237 0.1017690599 -0.8328626156 -0.0321436189 0.9944164157 0.1005127504 0.8384413123 -0.0279120505 0.5442766547
-389.9 -499.7 2594.6 0.5483785868 -0.0158622526 -0.8360797167 -0.1313850284 0.9857681394 -0.1048766449 0.8258443475 0.1673604697 0.5384900570
-273.0 -146.6 2744.8 -0.2846493125 0.2142395228 0.9343854785 -0.0035487774 0.9744652510 -0.2245102674 -0.9586251378 -0.0672226176 -0.2766205668
-358.1 -533.4 2771.5 -0.2776389420 -0.2786653042 0.9193814397 -0.0279922057 0.9589459300 0.2822041214 -0.9602776170 0.0526153371 -0.2740411758
-30.6 -163.3 2473.9 0 0 0 0 0 0 0 0 0
-178.2 54.9 2942.7 0 0 0 0 0 0 0 0 0
-384.7 -817.7 2540.6 0 0 0 0 0 0 0 0 0
-272.8 -826.9 2755.4 0 0 0 0 0 0 0 0 0
-159.9 457.2 2755.6 57 0.4376482666 0.2519464791 -0.8631262779 -0.2583653927 0.9546939731 0.1476708800 0.8612266183 0.1583740562 0.4829144478
-211.6 261.0 2723.0 0.4376482666 0.2519464791 -0.8631262779 -0.2583653927 0.9546939731 0.1476708800 0.8612266183 0.1583740562 0.4829144478
-254.9 68.9 2696.4 0.4468590021 0.2177951336 -0.8676879406 -0.2206891775 0.9667741656 0.1290115565 0.8669563532 0.1338393688 0.4800767601
-276.9 293.2 2596.4 -0.1410710365 0.7348955870 -0.6633456349 0.7621630430 0.5082502961 0.4009852111 0.6318278909 -0.4490101039 -0.6318096519
-230.8 44.0 2389.8 -0.6568784714 0.7348955870 -0.1686389893 0.6980909705 0.5082502961 -0.5043318868 -0.2849204540 -0.4490101039 -0.8468826413
-146.4 228.8 2849.7 -0.2483386248 0.9552652836 -0.1606119275 -0.3384081423 0.0698021054 0.9384069443 0.9076386094 0.2873950601 0.3059349954
-239.5 101.8 3190.1 0.2814835012 0.9593266249 0.0214356985 -0.1554026306 0.0676191896 -0.9855341911 -0.9468986392 0.2740804553 0.1681155711
-348.6 -107.2 2586.5 0.5509152412 0.1056091711 -0.8278520703 -0.0333995447 0.9939562678 0.1045725197 0.8338925838 -0.0299607106 0.5511129498
-390.5 -502.1 2598.4 0.5564170480 -0.0238062888 -0.8305620551 -0.1365174055 0.9833862185 -0.1196435466 0.8196115494 0.1799578965 0.5439229012
-268.3 -148.8 2746.1 -0.2896544635 0.2166330069 0.9322931170 0.0071080644 0.9745093584 -0.2242342085 -0.9571049213 -0.0583236367 -0.2838108242
-354.3 -535.8 2769.2 -0.2784167230 -0.2724107802 0.9210192561 -0.0334434398 0.9611033201 0.2741567791 -0.9598779678 0.0455277786 -0.2766975760
-37.6 -161.3 2473.6 0 0 0 0 0 0 0 0 0
-166.5 61.5 2944.3 0 0 0 0 0 0 0 0 0
-382.8 -819.7 2540.3 0 0 0 0 0 0 0 0 0
-271.0 -829.7 2755.3 0 0 0 0 0 0 0 0 0
-163.4 454.7 2755.2 58 0.4596668184 0.2437198013 -0.8539947867 -0.2575894594 0.9568579197 0.1344269216 0.8499141335 0.1581884623 0.5026155114
-213.1 259.4 2722.9 0.4596668184 0.2437198013 -0.8539947867 -0.2575894594 0.9568579197 0.1344269216 0.8499141335 0.1581884623 0.5026155114
-254.5 66.9 2696.2 0.4686617255 0.2080410123 -0.8585308194 -0.2192470282 0.9688574672 0.1150912568 0.8557376266 0.1342914551 0.4996787608
-281.6 291.4 2597.9 -0.1106181443 0.7373765707 -0.6663628221 0.7441104054 0.5059084892 0.4362983406 0.6588348150 -0.4475849867 -0.6046522856
-246.2 53.8 2387.6 -0.6567553878 0.7373765707 -0.1579498202 0.6918959618 0.5059084892 -0.5151082873 -0.2999206483 -0.4475849867 -0.8424460292
-144.7 227.4 2847.8 -0.2238576710 0.9603675604 -0.1660780460 -0.3462850749 0.0809102431 0.9346337318 0.9110292792 0.2667352557 0.3144485652
-228.6 97.5 3189.5 0.2625263035 0.9641769528 0.0379834399 -0.1468971670 0.0788405314 -0.9860047698 -0.9536777139 0.2532725334 0.1623325646
-339.1 -103.0 2590.3 0.5668594837 0.1340541095 -0.8128344417 -0.0537338294 0.9905871153 0.1258961707 0.8220602274 -0.0276887286 0.5687269568
-392.4 -496.5 2601.3 0.5711445212 -0.0291539375 -0.8203316331 -0.1343781054 0.9825659394 -0.1284785122 0.8097755313 0.1836144030 0.5572695136
-257.2 -143.5 2749.3 -0.1501569450 0.2730208933 0.9502170682 -0.0042618224 0.9609263539 -0.2767713964 -0.9886530042 -0.0456088036 -0.1431262046
-365.5 -524.6 2767.4 -0.1501569450 -0.2972730696 0.9429112673 -0.0042618224 0.9539101720 0.3000620306 -0.9886530042 0.0410378762 -0.1445031613
-54.3 -148.4 2475.2 0 0 0 0 0 0 0 0 0
-160.5 59.4 2942.0 0 0 0 0 0 0 0 0 0
-382.8 -819.4 2541.0 0 0 0 0 0 0 0 0 0
-271.1 -827.3 2754.4 0 0 0 0 0 0 0 0 0
-166.5 452.6 2755.5 59 0.4663324058 0.2359123081 -0.8525722623 -0.2588543296 0.9579891562 0.1234960034 0.8458892107 0.1631018370 0.5078083277
-214.5 257.7 2722.3 0.4663324058 0.2359123081 -0.8525722623 -0.2588543296 0.9579891562 0.1234960034 0.8458892107 0.1631018370 0.5078083277
-254.9 65.1 2694.9 0.4750008881 0.2036631554 -0.8560931683 -0.2208478749 0.9693036079 0.1080589071 0.8518217802 0.1377382725 0.5053986311
-283.8 290.0 2597.9 -0.0976559818 0.7547498345 -0.6487032771 0.7381101847 0.4921547771 0.4614942968 0.6675751805 -0.4337468445 -0.6051504016
-253.1 57.5 2387.6 -0.6448382735 0.7547498345 -0.1205665544 0.6781018972 0.4921547771 -0.5458585024 -0.3526492119 -0.4337468445 -0.8291575313
-145.1 225.5 2846.7 -0.2164783925 0.9615184665 -0.1691724360 -0.3518866003 0.0847885758 0.9321945906 0.9106662273 0.2613295019 0.3199905753
-226.3 93.5 3188.3 0.2575459778 0.9652516842 0.0442631394 -0.1407997906 0.0828085095 -0.9865688682 -0.9559526443 0.2478546053 0.1572342366
-338.8 -105.5 2591.0 0.5716290474 0.1206389517 -0.8115950227 -0.0584445186 0.9926063418 0.1063811406 0.8184280396 -0.0133772688 0.5744532943
-386.7 -499.9 2596.3 0.5747614503 -0.0154737867 -0.8181746602 -0.1384162903 0.9835763574 -0.1158383489 0.8065297008 0.1798281223 0.5631799698
-252.8 -145.7 2747.9 -0.0767326802 0.2623352706 0.9619211555 -0.0125210015 0.9644359350 -0.2640199363 -0.9969730973 -0.0323031731 -0.0707190558
-357.0 -528.6 2760.7 -0.0767326802 -0.2787305117 0.9572989941 -0.0125210015 0.9603234529 0.2786074877 -0.9969730973 0.0093919560 -0.0771781802
-65.8 -139.4 2490.1 0 0 0 0 0 0 0 0 0
-159.4 56.9 2940.2 0 0 0 0 0 0 0 0 0
-381.6 -821.4 2537.5 0 0 0 0 0 0 0 0 0
-269.6 -829.7 2757.8 0 0 0 0 0 0 0 0 0
-165.9 453.0 2755.6 60 0.4736912251 0.2362064123 -0.8484239578 -0.2670853734 0.9565216303 0.1171826199 0.8392150998 0.1710932553 0.5161831975
-214.0 258.1 2720.8 0.4736912251 0.2362064123 -0.8484239578 -0.2670853734 0.9565216303 0.1171826199 0.8392150998 0.1710932553 0.5161831975
-254.2 65.6 2692.4 0.4831603467 0.2022429705 -0.8518531919 -0.2255028337 0.9688752890 0.1021234468 0.8459932208 0.1427533031 0.5137284994
-284.6 291.1 2597.2 -0.1398473531 0.7825028300 -0.6067388654 0.7741430402 0.4684591591 0.4257330000 0.6173696518 -0.4101650417 -0.6712818742
-240.3 46.0 2401.8 -0.6154514551 0.7825028300 -0.0943866894 0.6817843914 0.4684591591 -0.5618861914 -0.3954612017 -0.4101650417 -0.8218120337
-143.4 225.2 2844.3 -0.2074195296 0.9635684490 -0.1688580364 -0.3588952720 0.0856212527 0.9294424057 0.9100391865 0.2533868551 0.3280606270
-221.2 90.6 3185.7 0.2494271100 0.9671858549 0.0483486727 -0.1333205998 0.0837475508 -0.9875282049 -0.9591724277 0.2398704290 0.1498347074
-338.9 -107.3 2589.4 0.5796664953 0.1122561246 -0.8070844412 -0.0572375506 0.9936281443 0.0970928743 0.8128411174 -0.0100859469 0.5823981762
-383.6 -502.1 2593.4 0.5817369819 -0.0035232238 -0.8133693337 -0.1350067705 0.9857010841 -0.1008290723 0.8020942807 0.1684663594 0.5729431510
-251.8 -147.8 2745.6 -0.1250806004 0.2782377601 0.9523332119 -0.0150802620 0.9592274427 -0.2822326720 -0.9920319915 -0.0496632643 -0.1157848462
-362.3 -528.6 2765.3 -0.1250806004 -0.2915598750 0.9483394623 -0.0150802620 0.9562943578 0.2920165360 -0.9920319915 0.0222243965 -0.1240106672
-61.0 -152.6 2517.0 0 0 0 0 0 0 0 0 0
-156.5 56.0 2936.7 0 0 0 0 0 0 0 0 0
-382.4 -821.9 2538.7 0 0 0 0 0 0 0 0 0
-269.8 -832.0 2758.3 0 0 0 0 0 0 0 0 0
-168.7 453.2 2755.2 61 0.4749726951 0.2293303758 -0.8495931625 -0.2709720135 0.9566509128 0.1067390814 0.8372425437 0.1795178205 0.5165251493
-215.5 257.9 2718.6 0.4749726951 0.2293303758 -0.8495931625 -0.2709720135 0.9566509128 0.1067390814 0.8372425437 0.1795178205 0.5165251493
-253.7 65.2 2689.0 0.4849078357 0.1925483346 -0.8531057835 -0.2256000638 0.9699889421 0.0906974524 0.8449668288 0.1484808177 0.5137941837
-286.3 290.9 2595.1 -0.1667101234 0.7841184139 -0.5978009701 0.8037723303 0.4592382312 0.3782198429 0.5711022019 -0.4174428284 -0.7068123817
-233.0 34.1 2412.6 -0.6155022383 0.7841184139 -0.0794684514 0.6615830064 0.4592382312 -0.5927969217 -0.4283280373 -0.4174428284 -0.8014215827
-144.6 225.0 2842.0 -0.2043198794 0.9625396132 -0.1782439500 -0.3661909103 0.0937102214 0.9258091450 0.9078312516 0.2544325292 0.3333263993
-221.3 87.6 3182.6 0.2512480617 0.9661785960 0.0580808893 -0.1252457052 0.0919532478 -0.9878553152 -0.9597853422 0.2409223467 0.1441127956
-338.7 -106.2 2586.4 0.5796849132 0.1141439751 -0.8068063855 -0.0568782128 0.9933930635 0.0996749550 0.8128531575 -0.0118903629 0.5823472738
-384.1 -501.0 2591.2 0.5811913013 -0.0044740485 -0.8137546182 -0.1210614443 0.9883819818 -0.0918973908 0.8047115803 0.1519242823 0.5738974214
-250.1 -147.6 2741.6 -0.1545296013 0.2843455374 0.9461861253 -0.0144709684 0.9569356441 -0.2899393141 -0.9878821969 -0.0584964380 -0.1437601298
-363.0 -527.7 2764.8 -0.1545296013 -0.2893345654 0.9446724653 -0.0144709684 0.9567179680 0.2906566858 -0.9878821969 0.0312447343 -0.1520282030
-52.9 -159.6 2538.0 0 0 0 0 0 0 0 0 0
-156.1 55.1 2933.4 0 0 0 0 0 0 0 0 0
-382.6 -818.9 2542.3 0 0 0 0 0 0 0 0 0
-272.6 -826.7 2755.1 0 0 0 0 0 0 0 0 0
-169.9 453.2 2755.0 62 0.4687060714 0.2351443172 -0.8514820933 -0.2849307358 0.9526426196 0.1062379703 0.8361393809 0.1928190589 0.5135092139
-218.0 258.5 2715.6 0.4687060714 0.2351443172 -0.8514820933 -0.2849307358 0.9526426196 0.1062379703 0.8361393809 0.1928190589 0.5135092139
-257.9 66.4 2684.1 0.4793369770 0.2010666132 -0.8542881608 -0.2381548584 0.9666781425 0.0938913524 0.8447001576 0.1584472656 0.5112496018
-288.0 293.3 2592.2 -0.1408027560 0.6488189697 -0.7478024364 0.7951332331 0.5241315365 0.3050398231 0.5898624659 -0.5516521335 -0.5896967053
-244.7 48.8 2410.8 -0.7240509391 0.6488189697 -0.2340600640 0.6482266188 0.5241315365 -0.5523480773 -0.2356956601 -0.5516521335 -0.8000797033
-147.9 223.7 2838.9 -0.2114819586 0.9623311162 -0.1708632261 -0.3727857769 0.0821821764 0.9242709875 0.9034966230 0.2591620088 0.3413633108
-227.3 83.9 3177.9 0.2540054917 0.9660024047 0.0481728166 -0.1185343489 0.0805215761 -0.9896796942 -0.9599118829 0.2456739247 0.1349573880
-336.5 -106.8 2582.0 0.5785812140 0.1165007204 -0.8072616458 -0.0472628698 0.9928721189 0.1094129831 0.8142542839 -0.0251507983 0.5799633265
-382.8 -501.4 2592.0 0.5808895826 -0.0033519396 -0.8139754534 -0.1301088631 0.9867518544 -0.0969149843 0.8035166264 0.1622023284 0.5727577209
-247.5 -148.2 2737.0 -0.1849105358 0.3323233724 0.9248617291 -0.0163496118 0.9399200082 -0.3410029709 -0.9826193452 -0.0781761780 -0.1683677584
-379.4 -521.1 2768.0 -0.1849105358 -0.3372826874 0.9230647087 -0.0163496118 0.9401877522 0.3402641416 -0.9826193452 0.0478266738 -0.1793650687
-40.5 -134.0 2477.2 0 0 0 0 0 0 0 0 0
-161.3 53.1 2928.7 0 0 0 0 0 0 0 0 0
-381.7 -817.1 2540.1 0 0 0 0 0 0 0 0 0
-270.5 -824.7 2752.6 0 0 0 0 0 0 0 0 0
-171.4 455.8 2755.9 63 0.4403554201 0.2410312742 -0.8648647666 -0.2772337794 0.9527204037 0.1243593544 0.8539487720 0.1850074083 0.4863576293
-220.6 261.4 2718.1 0.4403554201 0.2410312742 -0.8648647666 -0.2772337794 0.9527204037 0.1243593544 0.8539487720 0.1850074083 0.4863576293
-261.9 69.3 2688.0 0.4509735405 0.2077500671 -0.8680223227 -0.2318271548 0.9664196968 0.1108564064 0.8619043231 0.1512378454 0.4839918315
-286.5 295.2 2592.3 -0.1262304038 0.5509045124 -0.8249667287 0.7921991348 0.5565164685 0.2504195869 0.5970648527 -0.6219273210 -0.5066753626
-247.5 50.3 2407.8 -0.7786630392 0.5509045124 -0.3003132343 0.6109099388 0.5565164685 -0.5630971789 -0.1430835277 -0.6219273210 -0.7698918581
-154.8 227.5 2844.0 -0.2428666055 0.9550505877 -0.1699829102 -0.3577299416 0.0747027770 0.9308323264 0.9016901255 0.2868760526 0.3235073984
-245.8 93.4 3182.1 0.2810797691 0.9591423273 0.0322518982 -0.1350044012 0.0727913752 -0.9881675839 -0.9501410127 0.2733998001 0.1499486268
-341.8 -103.8 2575.1 0.5562331676 0.1032479554 -0.8245875239 -0.0179349929 0.9935123324 0.1123010963 0.8308327198 -0.0476766191 0.5544762611
-382.8 -498.5 2594.1 0.5610176325 -0.0085015390 -0.8277602196 -0.1333552450 0.9859586358 -0.1005083397 0.8169918060 0.1667731106 0.5520064831
-253.9 -147.5 2730.0 -0.2477499545 0.2720625401 0.9298397303 -0.0299851019 0.9571481943 -0.2880420983 -0.9683598876 -0.0992437527 -0.2289755940
-361.7 -526.7 2769.4 -0.2477499545 -0.3004967272 0.9210438132 -0.0299851019 0.9526051283 0.3027281761 -0.9683598876 0.0473833047 -0.2450183034
-28.4 -121.5 2448.0 0 0 0 0 0 0 0 0 0
-172.9 58.4 2935.5 0 0 0 0 0 0 0 0 0
-380.1 -818.3 2540.0 0 0 0 0 0 0 0 0 0
-268.4 -822.6 2754.6 0 0 0 0 0 0 0 0 0
-171.5 454.0 2755.3 64 0.4371018410 0.2412918359 -0.8664411306 -0.2678277194 0.9545581341 0.1307175905 0.8586094975 0.1749200523 0.4818637669
-220.4 260.4 2719.8 0.4371018410 0.2412918359 -0.8664411306 -0.2678277194 0.9545581341 0.1307175905 0.8586094975 0.1749200523 0.4818637669
-262.3 68.3 2691.3 0.4469208121 0.2105156630 -0.8694509268 -0.2260682732 0.9669481516 0.1179170758 0.8655373454 0.1438556761 0.4797401726
-285.7 293.4 2593.4 -0.1199744940 0.4974285960 -0.8591687679 0.7777601480 0.5849468708 0.2300571501 0.6170050502 -0.6406261921 -0.4570588470
-248.6 53.1 2402.8 -0.8008725643 0.4974285960 -0.3334186077 0.5934718251 0.5849468708 -0.5528365970 -0.0799645707 -0.6406261921 -0.7636777759
