-361.6 507.7 2569.5 01 0.5453341007 0.1058192179 -0.8315125108 0.0539993085 0.9855036736 0.1608308852 0.8364776373 -0.1326076686 0.5317146182
-383.1 307.2 2596.4 0.5453341007 0.1058192179 -0.8315125108 0.0539993085 0.9855036736 0.1608308852 0.8364776373 -0.1326076686 0.5317146182
-402.9 114.1 2622.9 0.5458145738 0.1006127521 -0.8318434358 0.0585876107 0.9857522249 0.1576705575 0.8358551860 -0.1347946078 0.5321432948
-460.9 298.8 2477.4 -0.3005559444 0.3105468452 -0.9017908573 0.8828715086 0.4483015537 -0.1398701668 0.3608379960 -0.8382042646 -0.4089126289
-376.4 50.7 2375.9 -0.7781004310 0.3105468452 -0.5460039973 0.6263983846 0.4483015537 -0.6376917362 0.0467412844 -0.8382042646 -0.5433496833
-305.4 315.5 2715.5 0.7450931072 0.5492514372 0.3783636987 -0.6650483608 0.6547613740 0.3591631949 -0.0504670516 -0.5192402005 0.8531369567
-83.3 117.3 2700.5 0.2771057189 0.5492514372 0.7883750796 -0.7289052010 0.6547613740 -0.1999617368 -0.6260268688 -0.5192402005 0.5817903876
-474.4 -78.6 2574.8 -0.4475944936 0.1853248328 0.8748221993 0.0928969905 0.9826326370 -0.1606338471 -0.8893982768 0.0093695205 -0.4570370913
-547.0 -463.4 2571.1 -0.4428300261 -0.1635300666 0.8815664649 0.0632980987 0.9750714302 0.2126711905 -0.8943684697 0.1499786675 -0.4214397669
-372.2 -69.8 2723.6 -0.9233313203 -0.0248057563 -0.3832022250 -0.0186418295 0.9996303320 -0.0197911225 0.3835514784 -0.0111301728 -0.9234524369
-362.5 -461.2 2728.0 -0.9159143567 0.1391514093 -0.3764807284 0.0483417176 0.9693968296 0.2406924516 0.3984519243 0.2022539526 -0.8946112990
-158.0 -125.2 2362.8 0 0 0 0 0 0 0 0 0
-11.0 -72.8 2537.2 0 0 0 0 0 0 0 0 0
-495.4 -771.2 2523.8 0 0 0 0 0 0 0 0 0
-414.8 -825.9 2651.9 0 0 0 0 0 0 0 0 0
-362.0 506.3 2566.9 02 0.5315695405 0.1103422195 -0.8397966623 0.0610483773 0.9839086533 0.1679193527 0.8448117375 -0.1405290365 0.5162796378
-384.5 306.4 2595.4 0.5315695405 0.1103422195 -0.8397966623 0.0610483773 0.9839086533 0.1679193527 0.8448117375 -0.1405290365 0.5162796378
-405.2 113.7 2623.3 0.5320054889 0.1056957766 -0.8401181698 0.0650198534 0.9841496944 0.1649903506 0.8442408442 -0.1424001306 0.5167007446
-460.3 297.2 2475.1 -0.3009604812 0.3001389205 -0.9051737189 0.8868770599 0.4369836450 -0.1499813199 0.3505308628 -0.8479162455 -0.3977011442
-376.4 50.1 2377.5 -0.7791140676 0.3001389205 -0.5503615737 0.6251626015 0.4369836450 -0.6466969848 0.0464000590 -0.8479162455 -0.5280957222
-308.6 315.7 2715.7 0.7795670033 0.5790184140 0.2387737781 -0.6208686233 0.6642375588 0.4163058698 0.0824462548 -0.4727854729 0.8773121238
-99.8 149.3 2737.8 0.2788544893 0.5790184140 0.7661448121 -0.7062503099 0.6642375588 -0.2449468076 -0.6507308483 -0.4727854729 0.5941575766
-471.9 -84.2 2573.7 -0.4321232736 0.1886812299 0.8818553686 0.0874889642 0.9820262194 -0.1672427207 -0.8975606561 0.0048831380 -0.4408639073
-545.8 -468.9 2571.8 -0.4289721549 -0.1650501788 0.8881111145 0.0684127584 0.9744060636 0.2141320556 -0.9007233977 0.1526148170 -0.4067015052
-373.2 -73.6 2724.8 -0.9293850064 -0.0271795858 -0.3681098223 -0.0225944351 0.9996042252 -0.0167610310 0.3684196770 -0.0072602173 -0.9296312332
-362.6 -465.1 2727.6 -0.9208654761 0.1429193765 -0.3627407849 0.0556376539 0.9690392017 0.2405565828 0.3858902454 0.2013381869 -0.9003064036
-159.2 -124.2 2364.5 0 0 0 0 0 0 0 0 0
-27.1 -34.7 2568.2 0 0 0 0 0 0 0 0 0
-494.5 -771.5 2524.4 0 0 0 0 0 0 0 0 0
-416.4 -829.9 2651.8 0 0 0 0 0 0 0 0 0
-361.5 504.6 2565.6 03 0.5207476616 0.1095485911 -0.8466528058 0.0670336634 0.9834238291 0.1684755832 0.8510748148 -0.1444875002 0.5047722459
-383.7 305.6 2594.8 0.5207476616 0.1095485911 -0.8466528058 0.0670336634 0.9834238291 0.1684755832 0.8510748148 -0.1444875002 0.5047722459
-404.3 112.9 2623.6 0.5211990476 0.1052560508 -0.8469195366 0.0711671785 0.9835487604 0.1660331637 0.8504626751 -0.1468092054 0.5051339269
-458.0 295.4 2473.6 -0.2950645387 0.2990034223 -0.9074876904 0.8880839348 0.4362020791 -0.1450335383 0.3524824679 -0.8487194777 -0.3942478895
-375.9 48.5 2375.6 -0.7815514207 0.2990034223 -0.5475164652 0.6222538352 0.4362020791 -0.6500214934 0.0444691554 -0.8487194777 -0.5269703865
-309.4 315.7 2716.0 0.7883955836 0.6049460769 0.1116810516 -0.5867562890 0.6849505305 0.4319257140 0.1847957820 -0.4060578644 0.8949679136
-111.4 168.3 2762.4 0.2938011885 0.6049460769 0.7400817871 -0.6659750342 0.6849505305 -0.2954996228 -0.6856807470 -0.4060578644 0.6041182876
-474.0 -84.9 2574.9 -0.4177878499 0.1873629689 0.8890154362 0.0981393307 0.9820862412 -0.1608579159 -0.9032286406 0.0200428944 -0.4286913574
-547.3 -469.6 2567.0 -0.4105100930 -0.1719709784 0.8954928517 0.0545756482 0.9756608605 0.2123849541 -0.9102213979 0.1360582709 -0.3911331892
-377.8 -73.2 2727.5 -0.9330316782 -0.0408176817 -0.3574713469 -0.0470914543 0.9988512993 0.0088595254 0.3566990793 0.0251000635 -0.9338820577
-361.8 -464.2 2717.6 -0.9215462804 0.1493288428 -0.3584039509 0.0768108740 0.9749554992 0.2087147832 0.3805950582 0.1648110002 -0.9099366665
-159.8 -123.6 2363.3 0 0 0 0 0 0 0 0 0
-35.6 -3.5 2585.6 0 0 0 0 0 0 0 0 0
-494.2 -771.2 2525.0 0 0 0 0 0 0 0 0 0
-418.0 -831.0 2655.6 0 0 0 0 0 0 0 0 0
-362.2 507.2 2573.9 04 0.5215345621 0.1049091369 -0.8467560410 0.0509163514 0.9868169427 0.1536224633 0.8517096043 -0.1232331470 0.5093175769
-383.4 307.6 2598.9 0.5215345621 0.1049091369 -0.8467560410 0.0509163514 0.9868169427 0.1536224633 0.8517096043 -0.1232331470 0.5093175769
-403.0 114.3 2624.0 0.5222467780 0.0998830795 -0.8469248414 0.0577796735 0.9866908193 0.1519957334 0.8508347869 -0.1283143163 0.5095248818
-457.8 299.3 2477.6 -0.2917830944 0.2854361236 -0.9129013419 0.8871895075 0.4374315441 -0.1467936784 0.3574316502 -0.8527483940 -0.3808710575
-374.8 46.8 2375.9 -0.7832134962 0.2854361236 -0.5523611307 0.6192704439 0.4374315441 -0.6520411968 0.0555040725 -0.8527483940 -0.5193644762
-309.0 315.8 2720.1 0.8004636168 0.5904325843 0.1031860635 -0.5716937184 0.7003694177 0.4273744822 0.1800674498 -0.4010885656 0.8981668353
-106.8 171.4 2765.6 0.3106339872 0.5904325843 0.7449133396 -0.6558747888 0.7003694177 -0.2816219032 -0.6879932880 -0.4010885656 0.6048083901
-472.1 -86.1 2575.5 -0.4239778519 0.1887361705 0.8857886195 0.0909555629 0.9819736481 -0.1656950563 -0.9010937214 0.0103163617 -0.4335016906
-546.0 -470.8 2571.4 -0.4196944833 -0.1668638587 0.8921955824 0.0650882572 0.9748930931 0.2129483670 -0.9053286910 0.1474447101 -0.3982963562
-377.9 -73.3 2729.2 -0.9327034950 -0.0416765772 -0.3582278788 -0.0466675572 0.9988964200 0.0052938699 0.3576119244 0.0216552317 -0.9336192012
-361.5 -464.4 2720.7 -0.9216546416 0.1490006298 -0.3582617640 0.0659921840 0.9700710773 0.2336816341 0.3823580742 0.1917313039 -0.9039034247
-159.9 -123.1 2360.7 0 0 0 0 0 0 0 0 0
-26.3 1.4 2587.2 0 0 0 0 0 0 0 0 0
-494.8 -769.9 2526.2 0 0 0 0 0 0 0 0 0
-417.6 -829.5 2648.5 0 0 0 0 0 0 0 0 0
-362.4 506.5 2569.6 05 0.5387048721 0.1042438671 -0.8360204697 0.0547925532 0.9858797789 0.1582364738 0.8407108784 -0.1310504675 0.5253865123
-383.6 306.7 2596.2 0.5387048721 0.1042438671 -0.8360204697 0.0547925532 0.9858797789 0.1582364738 0.8407108784 -0.1310504675 0.5253865123
-403.2 113.6 2622.3 0.5391431451 0.1001170352 -0.8362423182 0.0590212271 0.9859769344 0.1560958773 0.8401435614 -0.1335140765 0.5256736875
-460.4 298.3 2476.5 -0.3022047877 0.2989816666 -0.9051421285 0.8849800229 0.4408568740 -0.1498516798 0.3542352319 -0.8463186026 -0.3978218734
-374.1 45.7 2375.3 -0.7847360969 0.2989816666 -0.5429541469 0.6182084680 0.4408568740 -0.6507407427 0.0448055267 -0.8463186026 -0.5307893157
-306.7 315.1 2715.9 0.8044896722 0.5537488461 0.2148454338 -0.5848384500 0.6753203273 0.4493399858 0.1037320048 -0.4871392548 0.8671418428
-94.6 160.9 2743.2 0.2966541648 0.5537488461 0.7780478597 -0.7066347599 0.6753203273 -0.2112102807 -0.6423889995 -0.4871392548 0.5916347504
-469.7 -84.1 2572.2 -0.4405743480 0.1970232278 0.8758288026 0.0937727988 0.9803819656 -0.1733719409 -0.8928050995 0.0057456945 -0.4504065514
-546.9 -468.1 2570.0 -0.4343791008 -0.1679754108 0.8849288225 0.0559328236 0.9755309224 0.2126286775 -0.8989918232 0.1418580264 -0.4143548906
-375.3 -73.7 2726.0 -0.9256634712 -0.0345227011 -0.3767696321 -0.0403161421 0.9991588593 0.0074993237 0.3761938214 0.0221317485 -0.9262766242
-361.8 -465.0 2717.3 -0.9142636657 0.1514269263 -0.3757550418 0.0733056888 0.9740418196 0.2141699344 0.3984322250 0.1682628095 -0.9016315341
-160.1 -123.0 2363.1 0 0 0 0 0 0 0 0 0
-15.8 -27.0 2572.4 0 0 0 0 0 0 0 0 0
-494.8 -770.7 2526.0 0 0 0 0 0 0 0 0 0
-418.8 -831.6 2654.0 0 0 0 0 0 0 0 0 0
-362.4 509.6 2566.9 06 0.5537469983 0.1060433015 -0.8259049654 0.0574090779 0.9846355915 0.1649149954 0.8307035565 -0.1387356222 0.5391511917
-384.0 309.1 2595.2 0.5537469983 0.1060433015 -0.8259049654 0.0574090779 0.9846355915 0.1649149954 0.8307035565 -0.1387356222 0.5391511917
-404.4 116.3 2622.7 0.5539844632 0.1041620970 -0.8259851336 0.0596336238 0.9846288562 0.1641640961 0.8303884864 -0.1402008533 0.5392575264
-462.9 300.6 2476.9 -0.3099973202 0.2956396937 -0.9036032557 0.8826944828 0.4425833225 -0.1580203921 0.3532026410 -0.8465915322 -0.3981591761
-373.3 45.4 2374.7 -0.7840632200 0.2956396937 -0.5457491279 0.6186929941 0.4425833225 -0.6491063237 0.0496378653 -0.8465915322 -0.5299234986
-305.1 317.6 2713.5 0.7688985467 0.5207911134 0.3709064722 -0.6386094689 0.6538521051 0.4057775438 -0.0311926361 -0.5488661528 0.8353280425
-83.4 133.5 2704.5 0.2919571102 0.5207911134 0.8022080064 -0.7405865788 0.6538521051 -0.1549484134 -0.6052211523 -0.5488661528 0.5765876770
-471.5 -84.8 2572.5 -0.4534980059 0.1863846928 0.8715505004 0.1016022712 0.9823252559 -0.1572071463 -0.8854470849 0.0172583871 -0.4644196332
-544.5 -469.6 2565.8 -0.4450074434 -0.1613193750 0.8808770776 0.0457805842 0.9782569408 0.2022807747 -0.8943559527 0.1303435117 -0.4279462993
-374.0 -74.2 2724.4 -0.9190271497 -0.0302266050 -0.3930336237 -0.0400830954 0.9990535378 0.0168928429 0.3921510279 0.0312789865 -0.9193689227
-362.2 -465.5 2712.1 -0.9071240425 0.1535791457 -0.3918410242 0.0782927349 0.9763688445 0.2014303207 0.4135168493 0.1520439833 -0.8977117538
-160.1 -122.8 2361.2 0 0 0 0 0 0 0 0 0
-4.0 -67.8 2540.0 0 0 0 0 0 0 0 0 0
-495.0 -769.5 2525.8 0 0 0 0 0 0 0 0 0
-420.0 -833.0 2654.9 0 0 0 0 0 0 0 0 0
-361.8 509.6 2567.1 07 0.5600342155 0.1043160036 -0.8218758106 0.0588044599 0.9845337868 0.1650311798 0.8263798952 -0.1407530606 0.5452383161
-383.0 309.3 2595.7 0.5600342155 0.1043160036 -0.8218758106 0.0588044599 0.9845337868 0.1650311798 0.8263798952 -0.1407530606 0.5452383161
-402.5 116.5 2623.6 0.5604638457 0.0991946682 -0.8222169280 0.0629624277 0.9848243594 0.1617304236 0.8257820606 -0.1424128413 0.5457129478
-462.9 300.4 2478.1 -0.3113227189 0.3016186953 -0.9011682868 0.8806942105 0.4478279054 -0.1543627828 0.3570096195 -0.8417103887 -0.4050528407
-373.0 46.0 2374.9 -0.7824410796 0.3016186953 -0.5448046923 0.6207243204 0.4478279054 -0.6435460448 0.0498732328 -0.8417103887 -0.5376209617
-303.2 318.3 2713.4 0.7422552109 0.4724480808 0.4752368033 -0.6604041457 0.6360312700 0.3991623819 -0.1136819646 -0.6101287007 0.7841041684
-77.3 117.4 2678.8 0.2823252082 0.4724480808 0.8349163532 -0.7649952769 0.6360312700 -0.1012248769 -0.5788564086 -0.6101287007 0.5409882069
-474.8 -81.9 2575.1 -0.4609819353 0.1770314872 0.8695720434 0.0989798158 0.9840422869 -0.1478641778 -0.8818722367 0.0179073606 -0.4711482525
-544.2 -467.4 2568.1 -0.4539278448 -0.1581068933 0.8768989444 0.0521936715 0.9777235389 0.2033039331 -0.8895084858 0.1380538940 -0.4355637431
-374.7 -71.2 2725.2 -0.9157912731 -0.0328792594 -0.4003064632 -0.0389838926 0.9992145300 0.0071137338 0.3997581303 0.0221201982 -0.9163537025
-361.8 -462.5 2716.5 -0.9046517611 0.1520724148 -0.3980944753 0.0666362420 0.9731497169 0.2203161418 0.4209095240 0.1727818549 -0.8904951215
-160.2 -122.8 2361.4 0 0 0 0 0 0 0 0 0
1.4 -95.9 2517.4 0 0 0 0 0 0 0 0 0
-495.2 -770.0 2525.3 0 0 0 0 0 0 0 0 0
-419.1 -828.9 2651.4 0 0 0 0 0 0 0 0 0
-362.0 509.8 2574.2 08 0.5820828676 0.1031385437 -0.8065618277 0.0375888497 0.9874495268 0.1533967108 0.8122601509 -0.1196073294 0.5709006190
-382.8 310.0 2598.4 0.5820828676 0.1031385437 -0.8065618277 0.0375888497 0.9874495268 0.1533967108 0.8122601509 -0.1196073294 0.5709006190
-401.9 116.6 2622.5 0.5827199221 0.0974149927 -0.8068133593 0.0438623391 0.9875724912 0.1509194374 0.8114885092 -0.1233324856 0.5712053180
-465.8 303.7 2482.8 -0.3141593039 0.3207531869 -0.8935442567 0.8750929236 0.4627931714 -0.1415444314 0.3681253493 -0.8264017701 -0.4260796309
-373.1 45.4 2374.1 -0.7836554646 0.3207531869 -0.5319788456 0.6197137237 0.4627931714 -0.6338591576 0.0428838283 -0.8264017701 -0.5614455342
-299.8 316.3 2714.0 0.7256614566 0.4337459803 0.5341159701 -0.6698415875 0.6227603555 0.4043287635 -0.1572502702 -0.6511788964 0.7424542904
-74.2 108.0 2665.1 0.2783370614 0.4337459803 0.8569672704 -0.7799619436 0.6227603555 -0.0618780628 -0.5605245829 -0.6511788964 0.5116426349
-472.5 -82.1 2576.9 -0.4873841107 0.1839320213 0.8535957932 0.1032257155 0.9828445911 -0.1528428644 -0.8670647144 0.0136198532 -0.4980093539
-544.6 -467.1 2571.6 -0.4805375338 -0.1594225019 0.8623619676 0.0582662523 0.9753612280 0.2127803266 -0.8750364184 0.1524955332 -0.4594087303
-371.2 -70.7 2726.2 -0.9050120115 -0.0248420965 -0.4246600270 -0.0361020602 0.9991770983 0.0184880681 0.4238512814 0.0320630260 -0.9051641226
-361.5 -462.1 2713.6 -0.8939533234 0.1523532569 -0.4214688241 0.0667171404 0.9752046466 0.2110087126 0.4431662261 0.1605127305 -0.8819519877
-160.4 -122.8 2362.5 0 0 0 0 0 0 0 0 0
4.5 -112.3 2506.7 0 0 0 0 0 0 0 0 0
-495.0 -770.3 2524.1 0 0 0 0 0 0 0 0 0
-418.9 -829.3 2653.2 0 0 0 0 0 0 0 0 0
-363.2 510.0 2569.7 09 0.5814771056 0.0987359509 -0.8075491190 0.0363094583 0.9884696603 0.1470011175 0.8127520680 -0.1147994548 0.5711874366
-383.3 308.8 2593.1 0.5814771056 0.0987359509 -0.8075491190 0.0363094583 0.9884696603 0.1470011175 0.8127520680 -0.1147994548 0.5711874366
-401.8 115.2 2616.1 0.5819289684 0.0945743471 -0.8077217340 0.0409303121 0.9885501266 0.1452356726 0.8122089505 -0.1175771430 0.5713949800
-466.2 303.0 2477.4 -0.3307217360 0.2756718695 -0.9025675058 0.8775597215 0.4416376650 -0.1866685748 0.3471485376 -0.8537922502 -0.3879776895
-367.3 40.5 2373.6 -0.7967345715 0.2756718695 -0.5377908945 0.6019034386 0.4416376650 -0.6653333306 0.0540950336 -0.8537922502 -0.5177958608
-300.3 314.7 2708.8 0.7374158502 0.4507632852 0.5030211806 -0.6640599966 0.6199584603 0.4179424047 -0.1234591529 -0.6422336102 0.7565010190
-74.0 110.9 2670.9 0.3071115911 0.4507632852 0.8381497264 -0.7832603455 0.6199584603 -0.0464191027 -0.5405420065 -0.6422336102 0.5434614420
-473.7 -80.7 2573.4 -0.4901321828 0.1822197735 0.8523886204 0.0897253975 0.9832569957 -0.1586032063 -0.8670177460 -0.0012556220 -0.4982756674
-545.1 -465.8 2573.9 -0.4861616194 -0.1567941755 0.8596874475 0.0640102625 0.9747393727 0.2139763534 -0.8715214133 0.1590559036 -0.4638444185
-368.4 -72.8 2720.0 -0.9056129456 -0.0173252821 -0.4237511754 -0.0248895995 0.9996142387 0.0123226680 0.4233742058 0.0217065644 -0.9056948423
-361.6 -464.3 2711.5 -0.8943929672 0.1544017494 -0.4197872281 0.0774198547 0.9778035283 0.1946957707 0.4405308068 0.1416346729 -0.8864943385
-149.3 -124.1 2358.8 0 0 0 0 0 0 0 0 0
11.8 -108.0 2519.9 0 0 0 0 0 0 0 0 0
-496.2 -769.5 2524.3 0 0 0 0 0 0 0 0 0
-419.8 -832.5 2658.2 0 0 0 0 0 0 0 0 0
-360.7 507.0 2559.0 10 0.5757811666 0.1081065238 -0.8104252219 0.0528620966 0.9842236638 0.1688471735 0.8158931732 -0.1400597990 0.5609827042
-382.8 305.5 2587.7 0.5757811666 0.1081065238 -0.8104252219 0.0528620966 0.9842236638 0.1688471735 0.8158931732 -0.1400597990 0.5609827042
-402.5 112.7 2615.3 0.5763395429 0.1001741216 -0.8110473752 0.0581412055 0.9849172831 0.1629649550 0.8151394725 -0.1410784274 0.5618225336
-465.0 297.2 2471.6 -0.3286317587 0.3016036153 -0.8950063586 0.8812726736 0.4387151301 -0.1757485867 0.3396464288 -0.8465012312 -0.4099707305
-370.0 42.6 2373.4 -0.7925976515 0.3016036153 -0.5299285650 0.6088434458 0.4387151301 -0.6609377861 0.0331464484 -0.8465012312 -0.5313539505
-300.7 313.8 2703.8 0.7539388537 0.4401975572 0.4876497984 -0.6500860453 0.6068977118 0.4572343528 -0.0946801230 -0.6617410779 0.7437300682
-74.7 118.9 2675.4 0.3194150925 0.4401975572 0.8391663432 -0.7946209311 0.6068977118 -0.0158978924 -0.5162863731 -0.6617410779 0.5436424613
-472.9 -82.1 2565.7 -0.4815843701 0.1839760244 0.8568718433 0.0809920207 0.9828766584 -0.1655104756 -0.8726493120 -0.0103074722 -0.4882386327
-545.0 -467.0 2569.8 -0.4778144956 -0.1582721919 0.8640851974 0.0568601303 0.9760006070 0.2102134824 -0.8766186237 0.1495750397 -0.4573478699
-367.8 -74.7 2712.5 -0.9086130261 -0.0164085813 -0.4173165858 -0.0166074894 0.9998571277 -0.0031545712 0.4173087180 0.0040642959 -0.9087557197
-361.3 -466.2 2710.9 -0.8971950412 0.1557626277 -0.4132542610 0.0871143341 0.9797715545 0.1801632941 0.4329574704 0.1256412417 -0.8926153183
-152.6 -124.5 2364.3 0 0 0 0 0 0 0 0 0
14.8 -103.6 2530.8 0 0 0 0 0 0 0 0 0
-495.9 -770.1 2523.3 0 0 0 0 0 0 0 0 0
-420.0 -835.2 2663.6 0 0 0 0 0 0 0 0 0
-360.9 510.8 2561.6 11 0.5855614543 0.1086502969 -0.8033136725 0.0494913720 0.9843366146 0.1692099869 0.8091158271 -0.1388399452 0.5710123181
-383.1 309.7 2590.0 0.5855614543 0.1086502969 -0.8033136725 0.0494913720 0.9843366146 0.1692099869 0.8091158271 -0.1388399452 0.5710123181
-403.3 116.8 2617.4 0.5859699249 0.1033245847 -0.8037183881 0.0532859340 0.9847775102 0.1654505879 0.8085789084 -0.1397759467 0.5715442300
-466.6 302.1 2474.8 -0.3247150481 0.2899736166 -0.9002640843 0.8821797967 0.4360859096 -0.1777296811 0.3410555720 -0.8519062996 -0.3974125385
-371.5 43.7 2374.9 -0.7888920307 0.2899736166 -0.5418160558 0.6128674150 0.4360859096 -0.6589556932 0.0451985784 -0.8519062996 -0.5217400789
-299.6 317.3 2705.2 0.7518226504 0.4651288688 0.4673519135 -0.6543691754 0.6134207845 0.4421718419 -0.0810164660 -0.6382555366 0.7655496597
-74.8 121.6 2681.0 0.3197174966 0.4651288688 0.8254912496 -0.7887347937 0.6134207845 -0.0401547439 -0.5250506401 -0.6382555366 0.5629847050
-474.2 -85.4 2569.3 -0.4903005064 0.1736012548 0.8540890217 0.0904671401 0.9848053455 -0.1482367218 -0.8668454885 0.0045864484 -0.4985557497
-542.2 -471.1 2567.5 -0.4844316840 -0.1495678425 0.8619486094 0.0492816418 0.9790463448 0.1975842267 -0.8734399080 0.1381943077 -0.4669101536
-370.0 -74.9 2716.6 -0.9035796523 -0.0228411909 -0.4278108776 -0.0269204322 0.9996315241 0.0034874738 0.4275735617 0.0146680633 -0.9038615227
-361.1 -466.4 2710.8 -0.8920951486 0.1543941200 -0.4246512949 0.0797433481 0.9788556099 0.1883684248 0.4447552860 0.1341794431 -0.8855442405
-155.7 -123.9 2362.6 0 0 0 0 0 0 0 0 0
15.2 -100.3 2533.3 0 0 0 0 0 0 0 0 0
-496.7 -768.6 2525.5 0 0 0 0 0 0 0 0 0
-419.2 -835.1 2660.3 0 0 0 0 0 0 0 0 0
-363.3 509.7 2571.5 12 0.5859648585 0.1013933122 -0.8039680123 0.0301817898 0.9887217283 0.1466914564 0.8097742200 -0.1102212295 0.5762959719
-383.9 308.5 2593.9 0.5859648585 0.1013933122 -0.8039680123 0.0301817898 0.9887217283 0.1466914564 0.8097742200 -0.1102212295 0.5762959719
-403.1 114.9 2616.0 0.5863726139 0.0982121080 -0.8040656447 0.0342213959 0.9887331724 0.1457244903 0.8093182445 -0.1129651070 0.5764051080
-467.5 303.6 2478.6 -0.3229820132 0.2926405072 -0.9000245333 0.8783980608 0.4466789365 -0.1699847132 0.3522776067 -0.8454818130 -0.4013241231
-372.5 45.3 2375.0 -0.7853626013 0.2926405072 -0.5454971790 0.6166790724 0.4466789365 -0.6482166648 0.0539676473 -0.8454818130 -0.5312702060
-300.3 313.4 2709.2 0.7699422836 0.4446200728 0.4577137530 -0.6354271173 0.5999654531 0.4860800207 -0.0584914982 -0.6650972962 0.7444624305
-80.4 131.9 2692.5 0.3078623414 0.4446200728 0.8411502838 -0.7996519208 0.5999654531 -0.0244593564 -0.5155362487 -0.6650972962 0.5402480960
-476.5 -80.9 2571.7 -0.4945912063 0.1699039340 0.8523568511 0.0934534371 0.9854165316 -0.1421996951 -0.8640868068 0.0093249558 -0.5032564402
-543.1 -466.8 2568.0 -0.4881689548 -0.1521249264 0.8593887687 0.0489420705 0.9783704281 0.2009876519 -0.8713757992 0.1401761919 -0.4701647460
-370.6 -71.2 2717.8 -0.9032700062 -0.0277795941 -0.4281723499 -0.0360270664 0.9992883801 0.0111691998 0.4275573790 0.0255145971 -0.9036280513
-359.7 -462.6 2707.8 -0.8900398612 0.1593517959 -0.4271253049 0.0938817337 0.9809053540 0.1703259796 0.4461112320 0.1114976555 -0.8880050778
-157.7 -123.4 2360.3 0 0 0 0 0 0 0 0 0
7.6 -96.7 2545.1 0 0 0 0 0 0 0 0 0
-495.8 -770.7 2524.5 0 0 0 0 0 0 0 0 0
-419.7 -831.9 2665.9 0 0 0 0 0 0 0 0 0
-361.8 511.9 2576.4 13 0.5941419601 0.1028231829 -0.7977610826 0.0160005800 0.9900887012 0.1395288557 0.8042010069 -0.0956645906 0.5866080523
-382.7 310.2 2595.9 0.5941419601 0.1028231829 -0.7977610826 0.0160005800 0.9900887012 0.1395288557 0.8042010069 -0.0956645906 0.5866080523
-402.0 116.3 2615.7 0.5948742032 0.0982331410 -0.7977937460 0.0232120734 0.9899912477 0.1392066777 0.8034835458 -0.1013289094 0.5866401196
-467.5 306.8 2481.4 -0.3240019679 0.3365336955 -0.8841763139 0.8749704957 0.4620252550 -0.1447732598 0.3597907126 -0.8205350041 -0.4441541433
-369.4 41.7 2372.4 -0.7808265686 0.3365336955 -0.5263600945 0.6239733696 0.4620252550 -0.6302300096 0.0310980156 -0.8205350041 -0.5707497001
-298.0 313.5 2710.3 0.7740525007 0.4991505444 0.3894759417 -0.6328526735 0.6279247999 0.4529988766 -0.0184469558 -0.5971257687 0.8019354939
-87.5 141.4 2705.3 0.3261762261 0.4991505444 0.8027812839 -0.7745827436 0.6279247999 -0.0757099167 -0.5418769121 -0.5971257687 0.5914475322
-475.4 -81.7 2565.0 -0.5071620941 0.1766561866 0.8435515761 0.0844135135 0.9842433333 -0.1553685069 -0.8577068448 -0.0075898604 -0.5140830874
-544.6 -467.2 2568.0 -0.5011669993 -0.1573771685 0.8509195447 0.0446375422 0.9773128033 0.2070437670 -0.8641985655 0.1417464614 -0.4827719927
-369.4 -75.6 2711.2 -0.8990744948 -0.0237608422 -0.4371503592 -0.0286461189 0.9995791316 0.0045845876 0.4368574321 0.0166445468 -0.8993767500
-360.1 -467.1 2704.7 -0.8862457275 0.1592365205 -0.4349852800 0.0921484977 0.9808940887 0.1713344008 0.4539571702 0.1117611527 -0.8839865923
-154.2 -130.2 2363.8 0 0 0 0 0 0 0 0 0
3.8 -75.4 2553.7 0 0 0 0 0 0 0 0 0
-495.6 -771.2 2523.9 0 0 0 0 0 0 0 0 0
-420.0 -836.5 2662.6 0 0 0 0 0 0 0 0 0
-361.4 510.9 2580.8 14 0.5929174423 0.1021851972 -0.7987534404 0.0082796514 0.9910898805 0.1329369694 0.8052206635 -0.0854340568 0.5867884159
-382.0 310.4 2598.1 0.5929174423 0.1021851972 -0.7987534404 0.0082796514 0.9910898805 0.1329369694 0.8052206635 -0.0854340568 0.5867884159
-401.4 116.4 2616.1 0.5936560035 0.0986146927 -0.7986536622 0.0155692045 0.9908695817 0.1339216977 0.8045682907 -0.0919378176 0.5867003202
-466.6 308.2 2483.5 -0.3129993677 0.3359803259 -0.8883403540 0.8750090003 0.4657168984 -0.1321627945 0.3693110347 -0.8186727166 -0.4397549033
-372.5 45.1 2372.4 -0.7825279832 0.3359803259 -0.5241823792 0.6217637658 0.4657168984 -0.6296964288 0.0325549878 -0.8186727166 -0.5733368993
-297.4 312.7 2712.7 0.7688113451 0.5232809186 0.3675679564 -0.6391087174 0.6482241750 0.4139389098 -0.0216600969 -0.5531567931 0.8327955008
-95.0 144.4 2707.0 0.3440389931 0.5232809186 0.7796244025 -0.7545731664 0.6482241750 -0.1021014154 -0.5587991476 -0.5531567931 0.6178681850
-475.0 -79.6 2562.9 -0.5072830319 0.1753038168 0.8437609076 0.0844513550 0.9844912887 -0.1537690759 -0.8576315641 -0.0067476877 -0.5142203569
-543.7 -465.2 2565.6 -0.5005782843 -0.1553738564 0.8516339064 0.0388240032 0.9787426591 0.2013840377 -0.8648202419 0.1338723153 -0.4839050770
-367.5 -75.4 2708.2 -0.9001527429 -0.0172186829 -0.4352338612 -0.0125045795 0.9998280406 -0.0136930756 0.4353947937 -0.0068834438 -0.9002133012
-360.7 -466.9 2710.8 -0.8894849420 0.1555199027 -0.4296860099 0.0796708390 0.9786822796 0.1892976463 0.4499656260 0.1341439635 -0.8829135299
-155.5 -127.3 2363.4 0 0 0 0 0 0 0 0 0
-2.2 -59.0 2556.4 0 0 0 0 0 0 0 0 0
-495.0 -771.8 2523.6 0 0 0 0 0 0 0 0 0
-419.3 -835.5 2660.3 0 0 0 0 0 0 0 0 0
-362.7 510.6 2582.5 15 0.5859076381 0.0956787318 -0.8047097921 0.0096477782 0.9921117425 0.1249850616 0.8103204370 -0.0809933618 0.5803627372
-382.1 309.2 2599.0 0.5859076381 0.0956787318 -0.8047097921 0.0096477782 0.9921117425 0.1249850616 0.8103204370 -0.0809933618 0.5803627372
-400.6 115.0 2616.3 0.5865081549 0.0948160365 -0.8043743372 0.0159013588 0.9915848374 0.1284780204 0.8097872138 -0.0881440490 0.5800648928
-465.7 306.9 2483.6 -0.3085910082 0.3204221427 -0.8956010342 0.8770434856 0.4603105485 -0.1375099272 0.3681933880 -0.8279153705 -0.4230718315
-374.9 48.9 2375.3 -0.7797293663 0.3204221427 -0.5379142761 0.6244668961 0.4603105485 -0.6309955120 0.0454226919 -0.8279153705 -0.5590106845
-298.5 311.4 2714.4 0.7598564029 0.5291872025 0.3775965571 -0.6487798691 0.6541614532 0.3887897730 -0.0412665270 -0.5404014587 0.8403947353
-95.0 137.7 2703.3 0.3403644562 0.5291872025 0.7772470117 -0.7470554113 0.6541614532 -0.1182413623 -0.5710168481 -0.5404014587 0.6179854870
-474.3 -79.0 2561.4 -0.5021026731 0.1859366894 0.8445830345 0.0738437846 0.9822643995 -0.1723475754 -0.8616495728 -0.0241689757 -0.5069278479
-547.2 -463.7 2570.9 -0.4980478585 -0.1631756425 0.8516584039 0.0486271568 0.9753345847 0.2153087258 -0.8657850623 0.1486477852 -0.4778285325
-367.0 -76.2 2706.8 -0.9040011764 -0.0144167701 -0.4272868037 -0.0103698196 0.9998766184 -0.0117969066 0.4274041653 -0.0062335301 -0.9040392041
-361.4 -467.8 2709.3 -0.8942579031 0.1532022357 -0.4205138683 0.0723717809 0.9767211676 0.2019358873 0.4416618049 0.1501494199 -0.8845281005
-157.5 -125.3 2362.6 0 0 0 0 0 0 0 0 0
-4.0 -62.1 2550.6 0 0 0 0 0 0 0 0 0
-495.6 -771.8 2523.9 0 0 0 0 0 0 0 0 0
-419.0 -835.6 2652.7 0 0 0 0 0 0 0 0 0
-363.4 509.9 2582.4 16 0.6098819375 0.0934101641 -0.7869679928 0.0055411938 0.9925022721 0.1221006140 0.7924729586 -0.0788277015 0.6047915816
-382.3 308.6 2598.4 0.6098819375 0.0934101641 -0.7869679928 0.0055411938 0.9925022721 0.1221006140 0.7924729586 -0.0788277015 0.6047915816
-400.5 114.3 2615.4 0.6105213761 0.0924464762 -0.7865858674 0.0123690246 0.9919301271 0.1261807680 0.7919031978 -0.0867653564 0.6044511199
-469.3 306.8 2485.6 -0.3171346784 0.3197314143 -0.8928591013 0.8719057441 0.4686746597 -0.1418606043 0.3731031418 -0.8234779239 -0.4274086356
-376.3 51.1 2376.2 -0.7777707577 0.3197314143 -0.5411510468 0.6261890531 0.4686746597 -0.6230821013 0.0544048622 -0.8234779239 -0.5647337437
-295.4 310.3 2711.2 0.7543168664 0.5460464358 0.3644712865 -0.6556648612 0.6547567844 0.3760281801 -0.0333111994 -0.5226154327 0.8519175649
-92.3 133.8 2702.2 0.3278600574 0.5460464358 0.7709351778 -0.7410899997 0.6547567844 -0.1485906839 -0.5859124660 -0.5226154327 0.6193381548
-472.2 -80.6 2560.3 -0.5277715921 0.1862514466 0.8287143707 0.0770931169 0.9821393490 -0.1716361195 -0.8458805084 -0.0266964827 -0.5327039361
-545.2 -465.3 2570.8 -0.5229092836 -0.1591448635 0.8374000192 0.0456349365 0.9757802486 0.2139399946 -0.8511658907 0.1500858963 -0.5029819608
-366.2 -77.8 2706.7 -0.8906770945 -0.0162301157 -0.4543466568 -0.0192520972 0.9998126030 0.0020256089 0.4542286694 0.0105512897 -0.8908226490
-359.8 -469.3 2702.6 -0.8772375584 0.1654617935 -0.4506402612 0.0978612751 0.9806483984 0.1695637852 0.4699759781 0.1046474949 -0.8764539361
-158.9 -124.0 2360.9 0 0 0 0 0 0 0 0 0
-3.4 -67.2 2543.3 0 0 0 0 0 0 0 0 0
-495.6 -769.6 2524.0 0 0 0 0 0 0 0 0 0
-422.1 -838.2 2663.2 0 0 0 0 0 0 0 0 0
-363.5 509.8 2581.8 17 0.6130718589 0.0928553343 -0.7845513225 0.0064180959 0.9924506545 0.1224764884 0.7900010943 -0.0801222101 0.6078475714
-382.3 308.2 2598.1 0.6130718589 0.0928553343 -0.7845513225 0.0064180959 0.9924506545 0.1224764884 0.7900010943 -0.0801222101 0.6078475714
-400.6 114.0 2615.4 0.6136515141 0.0934962332 -0.7840218544 0.0125900842 0.9916795492 0.1281140596 0.7894765735 -0.0884882882 0.6073685288
-469.8 306.4 2485.6 -0.3198694885 0.3211336434 -0.8913791180 0.8703311086 0.4714038074 -0.1424856782 0.3744425476 -0.8213717937 -0.4302802980
-376.9 53.8 2377.0 -0.7736663222 0.3211336434 -0.5461809039 0.6307893395 0.4714038074 -0.6163467169 0.0595420972 -0.8213717937 -0.5672768950
-294.9 310.0 2710.6 0.7488029599 0.5364703536 0.3892219067 -0.6608446240 0.6492974162 0.3764269054 -0.0507788844 -0.5390847921 0.8407194018
-92.9 131.7 2696.9 0.3286374211 0.5364703536 0.7773010731 -0.7490949631 0.6492974162 -0.1314139366 -0.5751993060 -0.5390847921 0.6152506471
-473.7 -81.1 2560.8 -0.5311508775 0.1748096496 0.8290478587 0.0758053213 0.9843652248 -0.1589926034 -0.8438792825 -0.0216028262 -0.5360979438
-542.2 -466.6 2569.3 -0.5272189975 -0.1451024413 0.8372486830 0.0478526503 0.9786784649 0.1997464448 -0.8483809233 0.1453747004 -0.5090343356
-363.4 -78.8 2703.9 -0.8889870048 -0.0051243817 -0.4579037726 -0.0094242804 0.9999303222 0.0071063791 0.4578354657 0.0106328921 -0.8889733553
-361.4 -470.5 2699.8 -0.8778616190 0.1567861885 -0.4525229633 0.0869716257 0.9813728333 0.1712988317 0.4709510207 0.1110200137 -0.8751454949
-159.6 -123.3 2360.2 0 0 0 0 0 0 0 0 0
-3.3 -72.5 2540.1 0 0 0 0 0 0 0 0 0
-497.2 -770.4 2524.2 0 0 0 0 0 0 0 0 0
-420.4 -839.9 2658.0 0 0 0 0 0 0 0 0 0
-362.3 512.7 2582.6 18 0.6110638976 0.0901625380 -0.7864296436 0.0109968251 0.9924291968 0.1223246083 0.7915048599 -0.0833963826 0.6054462194
-380.7 310.6 2599.5 0.6110638976 0.0901625380 -0.7864296436 0.0109968251 0.9924291968 0.1223246083 0.7915048599 -0.0833963826 0.6054462194
-398.2 116.4 2617.6 0.6117110848 0.0896485001 -0.7859851718 0.0181379076 0.9917075038 0.1272291690 0.7908732891 -0.0920836255 0.6050124168
-467.8 308.1 2486.8 -0.3105195761 0.3188570738 -0.8954930305 0.8721219301 0.4703095257 -0.1349529326 0.3781282008 -0.8228846192 -0.4241225719
-377.7 55.1 2377.2 -0.7725124359 0.3188570738 -0.5491399765 0.6319792271 0.4703095257 -0.6159636974 0.0618613809 -0.8228846192 -0.5648309588
-293.5 313.2 2712.2 0.7364491820 0.5580905080 0.3823317885 -0.6735789180 0.6573362947 0.3379355669 -0.0627219304 -0.5064030290 0.8600127697
-90.7 127.8 2695.0 0.3171830475 0.5580905080 0.7667658925 -0.7329360843 0.6573362947 -0.1752532721 -0.6018302441 -0.5064030290 0.6175405979
-474.4 -81.4 2561.4 -0.5277653337 0.1714300811 0.8319107294 0.0800443217 0.9851003885 -0.1522173136 -0.8456102014 -0.0137452940 -0.5336238742
-541.6 -467.2 2566.8 -0.5232124329 -0.1425749063 0.8401911259 0.0467022695 0.9796271324 0.1953191906 -0.8509216309 0.1414322555 -0.5058945417
-363.5 -79.1 2704.1 -0.8900323510 -0.0060626073 -0.4558570683 -0.0109924823 0.9999062419 0.0081640193 0.4557648301 0.0122772418 -0.8900155425
-361.1 -470.8 2699.3 -0.8786703944 0.1571434587 -0.4508262575 0.0883515701 0.9814898968 0.1699164808 0.4691826701 0.1094693765 -0.8762899637
-160.1 -123.0 2359.7 0 0 0 0 0 0 0 0 0
-2.4 -76.3 2527.4 0 0 0 0 0 0 0 0 0
-497.1 -772.9 2522.7 0 0 0 0 0 0 0 0 0
-420.3 -840.3 2658.1 0 0 0 0 0 0 0 0 0
-363.4 510.8 2584.9 19 0.6081238389 0.0901156515 -0.7887106538 0.0122280633 0.9923546314 0.1228116527 0.7937479615 -0.0843290985 0.6023725867
-381.6 309.5 2602.0 0.6081238389 0.0901156515 -0.7887106538 0.0122280633 0.9923546314 0.1228116527 0.7937479615 -0.0843290985 0.6023725867
-399.4 115.3 2620.3 0.6087353826 0.0908174515 -0.7881582379 0.0189331640 0.9914808869 0.1288688630 0.7931473851 -0.0933693647 0.6018300653
-468.4 306.8 2489.0 -0.3129270673 0.3284435868 -0.8911798000 0.8686152101 0.4784927964 -0.1286556721 0.3841669858 -0.8143521547 -0.4350244403
-377.9 55.7 2377.9 -0.7716992497 0.3284435868 -0.5446146727 0.6330804229 0.4784927964 -0.6084848642 0.0607412532 -0.8143521547 -0.5771837234
-294.9 312.2 2715.1 0.7357486486 0.5423823595 0.4055801928 -0.6714970469 0.6621404886 0.3326584995 -0.0881229490 -0.5170989633 0.8513771296
-91.6 126.7 2690.7 0.3169884384 0.5423823595 0.7780357599 -0.7312935591 0.6621404886 -0.1636450887 -0.6039271951 -0.5170989633 0.6065316200
-471.1 -79.5 2564.1 -0.5222921371 0.1758464277 0.8344393373 0.0915919691 0.9844155908 -0.1501226127 -0.8478336334 -0.0019799208 -0.5302586555
-539.9 -465.0 2564.9 -0.5170827508 -0.1362367868 0.8450236320 0.0509323291 0.9806048274 0.1892617941 -0.8544186950 0.1409030408 -0.5001150370
-360.5 -76.2 2707.1 -0.8917346001 -0.0025962081 -0.4525512755 -0.0148597546 0.9996123314 0.0235459637 0.4523147047 0.0277215503 -0.8914274573
-359.5 -467.7 2696.2 -0.8794507980 0.1589289010 -0.4486734867 0.0960665867 0.9824782014 0.1597115844 0.4661946893 0.0973559469 -0.8793089986
-160.3 -122.9 2360.8 0 0 0 0 0 0 0 0 0
-2.0 -79.9 2520.1 0 0 0 0 0 0 0 0 0
-497.0 -774.0 2520.5 0 0 0 0 0 0 0 0 0
-419.3 -837.7 2659.6 0 0 0 0 0 0 0 0 0
-363.7 508.8 2583.6 20 0.6044917703 0.0933207721 -0.7911263704 0.0155723784 0.9915404916 0.1288601905 0.7964591980 -0.0902146474 0.5979248285
-382.6 308.1 2601.9 0.6044917703 0.0933207721 -0.7911263704 0.0155723784 0.9915404916 0.1288601905 0.7964591980 -0.0902146474 0.5979248285
-401.0 114.1 2621.5 0.6051967740 0.0938496590 -0.7905246019 0.0230383016 0.9905459285 0.1352331191 0.7957425117 -0.1000549942 0.5973130465
-468.8 304.8 2488.5 -0.3214931190 0.3565834761 -0.8772060275 0.8656916618 0.4860576093 -0.1196911484 0.3836928010 -0.7978698015 -0.4649555087
-374.5 50.7 2375.8 -0.7706487775 0.3565834761 -0.5281559229 0.6358134151 0.4860576093 -0.5995742679 0.0429159589 -0.7978698015 -0.6013002396
-296.3 311.4 2715.3 0.7421990037 0.5113198757 0.4332350492 -0.6653390527 0.6397332549 0.3847925067 -0.0804028139 -0.5738407969 0.8150104880
-93.0 129.1 2693.2 0.2698973417 0.5113198757 0.8159089088 -0.7534846067 0.6397332549 -0.1516650468 -0.5995134711 -0.5738407969 0.5579339862
-472.2 -80.6 2566.9 -0.5179137588 0.1743878424 0.8374689221 0.0885565430 0.9846702218 -0.1502740681 -0.8508366942 -0.0036656512 -0.5254174471
-540.6 -466.3 2568.3 -0.5137264729 -0.1402431726 0.8464142084 0.0575629063 0.9786924720 0.1970979869 -0.8560208082 0.1499765068 -0.4947074056
-362.2 -77.1 2710.3 -0.8937758207 -0.0043257568 -0.4484930634 -0.0217158087 0.9991980791 0.0336388201 0.4479879141 0.0398049541 -0.8931530714
-360.5 -468.5 2694.7 -0.8825629354 0.1477716714 -0.4463700354 0.0939078778 0.9856013060 0.1406105757 0.4607211649 0.0821800157 -0.8837321401
-155.6 -129.9 2363.6 0 0 0 0 0 0 0 0 0
-17.7 -81.0 2526.1 0 0 0 0 0 0 0 0 0
-496.1 -776.5 2520.8 0 0 0 0 0 0 0 0 0
-416.1 -839.6 2663.8 0 0 0 0 0 0 0 0 0
-362.5 509.8 2582.9 21 0.6041650772 0.0944451615 -0.7912424803 0.0189843979 0.9909636378 0.1327803284 0.7966330051 -0.0952425003 0.5969126821
-381.7 309.0 2602.2 0.6041650772 0.0944451615 -0.7912424803 0.0189843979 0.9909636378 0.1327803284 0.7966330051 -0.0952425003 0.5969126821
-399.8 115.0 2622.5 0.6048917174 0.0927534476 -0.7908873558 0.0266749505 0.9902755022 0.1365389377 0.7958608270 -0.1036881581 0.5965352654
-467.9 305.2 2488.8 -0.3156689703 0.3308174610 -0.8893328309 0.8698676825 0.4753090739 -0.1319525242 0.3790557683 -0.8152552247 -0.4378077388
-375.6 51.0 2378.0 -0.7751895785 0.3308174610 -0.5381829739 0.6295452714 0.4753090739 -0.6146169901 0.0524772294 -0.8152552247 -0.5767192245
-295.5 312.8 2715.7 0.7563312650 0.4651462436 0.4600021839 -0.6489492059 0.6222826838 0.4377546608 -0.0826314539 -0.6296055913 0.7725081444
-88.5 135.2 2693.1 0.2197901458 0.4651462436 0.8575145602 -0.7701439261 0.6222826838 -0.1401520520 -0.5988076925 -0.6296055913 0.4950011671
-474.1 -82.0 2569.1 -0.5181015134 0.1725330353 0.8377369046 0.0826242045 0.9849588275 -0.1517543346 -0.8513190150 -0.0094067995 -0.5245640874
-541.7 -467.8 2572.8 -0.5156143904 -0.1420721561 0.8449599147 0.0649535060 0.9768382907 0.2038824260 -0.8543552160 0.1600078195 -0.4944438040
-364.7 -77.9 2713.0 -0.8938875198 -0.0053885458 -0.4482589662 -0.0246784594 0.9990029335 0.0372030325 0.4476115406 0.0443176664 -0.8931292295
-362.5 -469.2 2695.6 -0.8831569552 0.1452838928 -0.4460116625 0.0865181610 0.9849652052 0.1495262980 0.4610297382 0.0934670791 -0.8824485540
-156.3 -127.1 2363.2 0 0 0 0 0 0 0 0 0
-26.6 -81.8 2524.3 0 0 0 0 0 0 0 0 0
-496.8 -776.5 2522.2 0 0 0 0 0 0 0 0 0
-417.3 -840.1 2660.4 0 0 0 0 0 0 0 0 0
-362.3 510.4 2582.1 22 0.6062622666 0.0947362855 -0.7896018624 0.0188180618 0.9908922315 0.1333357096 0.7950420976 -0.0956951901 0.5989578366
-381.5 309.6 2601.5 0.6062622666 0.0947362855 -0.7896018624 0.0188180618 0.9908922315 0.1333357096 0.7950420976 -0.0956951901 0.5989578366
-400.0 115.7 2621.9 0.6069010496 0.0944844186 -0.7891411781 0.0255056843 0.9900816083 0.1381586939 0.7943680286 -0.1039762422 0.5984717011
-468.0 305.9 2488.3 -0.3132523596 0.3256340027 -0.8920961022 0.8713093400 0.4722009897 -0.1335898787 0.3777472675 -0.8191390038 -0.4316460192
-376.9 52.4 2378.4 -0.7754184604 0.3256340027 -0.5410071611 0.6291002631 0.4722009897 -0.6174618006 0.0543975532 -0.8191390038 -0.5710098147
-295.0 313.2 2714.7 0.7651637793 0.4444648325 0.4658062160 -0.6383548379 0.6179266572 0.4589877427 -0.0838301629 -0.6485504508 0.7565413713
-84.7 137.7 2691.7 0.1870726198 0.4444648325 0.8760449886 -0.7720574141 0.6179266572 -0.1486405879 -0.6073970795 -0.6485504508 0.4587495327
-472.7 -81.3 2570.9 -0.5179114938 0.1765198559 0.8370235562 0.0954910591 0.9842924476 -0.1484919339 -0.8500877619 0.0030225951 -0.5266324282
-541.8 -466.9 2569.7 -0.5132281780 -0.1400034428 0.8467561007 0.0605073273 0.9782478809 0.1984185874 -0.8561166525 0.1530689597 -0.4935931563
-363.3 -76.5 2714.8 -0.8928676248 -0.0027353843 -0.4503109157 -0.0106192129 0.9998313785 0.0149821555 0.4501940012 0.0181590300 -0.8927460909
-362.3 -468.0 2707.7 -0.8835927248 0.1450677365 -0.4452181756 0.0751991794 0.9824206233 0.1708647460 0.4621784985 0.1174948066 -0.8789687157
-158.0 -125.2 2363.0 0 0 0 0 0 0 0 0 0
-31.1 -83.4 2517.7 0 0 0 0 0 0 0 0 0
-497.7 -775.1 2521.5 0 0 0 0 0 0 0 0 0
-416.9 -837.9 2663.4 0 0 0 0 0 0 0 0 0
-364.3 509.5 2584.7 23 0.6078827381 0.0854742005 -0.7894129157 0.0160550028 0.9926628470 0.1198442876 0.7938644886 -0.0855252966 0.6020503640
-381.6 308.6 2602.0 0.6078827381 0.0854742005 -0.7894129157 0.0160550028 0.9926628470 0.1198442876 0.7938644886 -0.0855252966 0.6020503640
-398.6 114.4 2620.3 0.6083876491 0.0864308625 -0.7889196277 0.0218840130 0.9918472767 0.1255390048 0.7933382392 -0.0936411098 0.6015362144
-468.3 305.5 2488.9 -0.3093082905 0.3169634640 -0.8965837955 0.8724911213 0.4696177542 -0.1349757463 0.3782692850 -0.8240105510 -0.4218044579
-378.3 51.6 2378.8 -0.7791666389 0.3169634640 -0.5407712460 0.6243025064 0.4696177542 -0.6242640018 0.0560869053 -0.8240105510 -0.5637915730
-294.9 311.8 2715.1 0.7754444480 0.4262246490 0.4658523500 -0.6272491217 0.6046127081 0.4909195602 -0.0724182278 -0.6728863716 0.7361926436
-85.9 142.7 2695.5 0.1826793402 0.4262246490 0.8859801292 -0.7860381007 0.6046127081 -0.1287928671 -0.5905695558 -0.6728863716 0.4454790652
-473.4 -80.6 2570.4 -0.5213401318 0.1760436594 0.8349928856 0.0954699889 0.9843789339 -0.1479310095 -0.8479917049 0.0025943937 -0.5300031304
-542.4 -466.2 2569.4 -0.5156342387 -0.1462274641 0.8442386389 0.0543001071 0.9777713418 0.2025209516 -0.8550864458 0.1502689868 -0.4962321818
-363.7 -76.0 2714.0 -0.8918350339 -0.0075971619 -0.4522970021 -0.0170197301 0.9997145534 0.0167672969 0.4520404935 0.0226516351 -0.8917097449
-360.7 -467.5 2705.2 -0.8823123574 0.1472619623 -0.4470333457 0.0693060756 0.9800887704 0.1860715598 0.4655336440 0.1331911087 -0.8749505877
-159.1 -124.1 2363.1 0 0 0 0 0 0 0 0 0
-33.1 -84.4 2524.9 0 0 0 0 0 0 0 0 0
-495.8 -777.6 2521.5 0 0 0 0 0 0 0 0 0
-416.2 -836.5 2655.0 0 0 0 0 0 0 0 0 0
-363.4 508.9 2583.0 24 0.5979208946 0.0869555995 -0.7968245149 0.0240171496 0.9917083383 0.1262447983 0.8011952639 -0.0946218520 0.5908746719
-381.0 308.4 2602.1 0.5979208946 0.0869555995 -0.7968245149 0.0240171496 0.9917083383 0.1262447983 0.8011952639 -0.0946218520 0.5908746719
-398.3 114.4 2621.9 0.5983211398 0.0881543532 -0.7963922620 0.0285488497 0.9909528494 0.1311391294 0.8007476330 -0.1011993885 0.5903912783
-466.3 304.4 2488.0 -0.3057992756 0.3207590282 -0.8964376450 0.8736319542 0.4688259959 -0.1302665919 0.3784890771 -0.8229920268 -0.4235919714
-378.0 52.2 2378.8 -0.7777581215 0.3207590282 -0.5405607820 0.6262713671 0.4688259959 -0.6228854656 0.0536328144 -0.8229920268 -0.5655153990
