-74.4 381.6 2413.8 67 0.4677850306 0.2621075809 -0.8440833688 -0.1706528217 0.9638301134 0.2047171593 0.8672109246 0.0482815914 0.4955947101
-125.9 192.3 2404.3 0.4677850306 0.2621075809 -0.8440833688 -0.1706528217 0.9638301134 0.2047171593 0.8672109246 0.0482815914 0.4955947101
-172.8 4.0 2399.2 0.4752512276 0.2417102456 -0.8459978700 -0.1419950724 0.9699912667 0.1973686814 0.8683165908 0.0263278186 0.4953112006
-190.8 211.7 2285.7 -0.2615183294 0.3389507532 -0.9037259221 0.7398146391 0.6717447639 0.0378580242 0.6199051738 -0.6586891413 -0.4264343083
-127.2 32.0 2135.1 -0.9257799387 0.3389507532 -0.1674631089 0.3627736568 0.6717447639 -0.6458747983 -0.1064272746 -0.6586891413 -0.7448502183
-60.9 172.9 2522.9 0.3632485271 0.9198154807 0.1482903361 -0.8496688008 0.3923462629 -0.3523170948 -0.3822478652 0.0019809909 0.9240577221
71.3 -136.4 2383.7 -0.0313857384 0.9198154807 0.3910939097 0.0786115974 0.3923462629 -0.9164521694 -0.9964111447 0.0019809909 -0.0846222416
-262.5 -170.2 2316.2 0.5993683338 0.0027917454 -0.8004685044 0.0423102304 0.9984855652 0.0351630710 0.7993543744 -0.0549436361 0.5983424783
-263.6 -557.8 2337.5 0.5927376747 0.1290133148 -0.7949953675 -0.0166025721 0.9888343215 0.1480912119 0.8052244186 -0.0745802671 0.5882613063
-174.3 -196.5 2469.8 0.5925005674 0.0239081848 -0.8052151799 -0.0242529530 0.9996358156 0.0118348347 0.8052048683 0.0125166997 0.5928646326
-183.6 -584.5 2465.0 0.5864831209 -0.0894622505 -0.8050056100 0.0760496259 0.9955729842 -0.0552348681 0.8063833117 -0.0288260616 0.5906903148
107.8 -60.1 2162.1 0 0 0 0 0 0 0 0 0
63.8 -117.6 2145.0 0 0 0 0 0 0 0 0 0
-311.7 -926.8 2365.4 0 0 0 0 0 0 0 0 0
-159.3 -854.7 2472.8 0 0 0 0 0 0 0 0 0
-76.1 383.1 2412.4 68 0.4463446140 0.2533151805 -0.8582586646 -0.1522924155 0.9666087031 0.2060937583 0.8818069696 0.0387174450 0.4700185657
-125.9 193.2 2404.8 0.4463446140 0.2533151805 -0.8582586646 -0.1522924155 0.9666087031 0.2060937583 0.8818069696 0.0387174450 0.4700185657
-171.3 4.5 2401.5 0.4533702731 0.2337228060 -0.8601331711 -0.1243251637 0.9721567035 0.1986318678 0.8826090097 0.0168824084 0.4698045850
-187.8 210.2 2284.3 -0.2905302942 0.3405781090 -0.8942028284 0.7370141149 0.6756409407 0.0178746879 0.6102477908 -0.6538469791 -0.4473050237
-117.9 32.8 2137.4 -0.9214084744 0.3405781090 -0.1871175319 0.3782439828 0.6756409407 -0.6328039169 -0.0890948772 -0.6538469791 -0.7513629198
-64.0 176.2 2525.3 0.3793955445 0.9165571332 0.1264200211 -0.8528453708 0.3994138539 -0.3363381624 -0.3587670624 0.0197884664 0.9332173467
74.1 -134.2 2394.7 -0.0056945197 0.9165571332 0.3998631835 0.0625135899 0.3994138539 -0.9146369100 -0.9980278611 0.0197884664 -0.0595717505
-262.3 -171.6 2316.3 0.5778699517 0.0042068800 -0.8161180019 0.0413547046 0.9985511303 0.0344293676 0.8150804043 -0.0536460169 0.5768587589
-263.9 -559.2 2337.1 0.5723159313 0.1366849989 -0.8085615039 -0.0028820443 0.9863398671 0.1646979451 0.8200281262 -0.0919289514 0.5648919344
-177.2 -197.0 2471.8 0.5710853338 0.0090044849 -0.8208413124 -0.0281693060 0.9995658994 -0.0086332178 0.8204072118 0.0280528348 0.5710910559
-180.6 -584.9 2460.9 0.5656324625 -0.0807005018 -0.8206993341 0.0823284984 0.9957544208 -0.0411724597 0.8205375671 -0.0442784615 0.5698749423
116.3 -63.4 2160.0 0 0 0 0 0 0 0 0 0
72.7 -119.3 2155.7 0 0 0 0 0 0 0 0 0
-314.9 -927.3 2371.4 0 0 0 0 0 0 0 0 0
-158.6 -856.8 2473.0 0 0 0 0 0 0 0 0 0
-75.5 384.1 2404.7 69 0.4341290295 0.2527976334 -0.8646532893 -0.1397015452 0.9670994878 0.2126077116 0.8899524808 0.0284942277 0.4551621675
-125.2 194.2 2399.1 0.4341290295 0.2527976334 -0.8646532893 -0.1397015452 0.9670994878 0.2126077116 0.8899524808 0.0284942277 0.4551621675
-170.4 5.4 2397.9 0.4412080646 0.2327976972 -0.8666837215 -0.1114258915 0.9725044966 0.2044976652 0.8904603720 0.0063449857 0.4550164938
-185.4 209.4 2277.5 -0.3238977492 0.3298480213 -0.8867302537 0.7346044183 0.6783066988 -0.0160123259 0.5961934328 -0.6565822959 -0.4620098174
-105.9 29.0 2131.0 -0.9302420616 0.3298480213 -0.1607794315 0.3519921899 0.6783066988 -0.6449818015 -0.1036882028 -0.6565822959 -0.7470933199
-64.9 179.0 2520.7 0.3849734664 0.9158860445 0.1137901768 -0.8574480414 0.4005436003 -0.3230290115 -0.3414356709 0.0267884340 0.9395233393
75.2 -133.2 2396.4 0.0080732787 0.9158860445 0.4013572037 0.0483394079 0.4005436003 -0.9150016904 -0.9987983108 0.0267884340 -0.0410396904
-257.3 -173.1 2319.2 0.5662121773 0.0169824194 -0.8240845203 0.0248825382 0.9989799261 0.0376828983 0.8238838315 -0.0418418311 0.5652120709
-263.9 -560.8 2335.5 0.5633677244 0.1379351765 -0.8146107197 0.0036231570 0.9855434299 0.1693843156 0.8261983395 -0.0983771160 0.5547236204
-176.1 -195.3 2477.3 0.5595071316 0.0099272337 -0.8287660480 -0.0382908806 0.9991701841 -0.0138821136 0.8279405832 0.0395013243 0.5594229698
-180.0 -583.2 2461.9 0.5542219281 -0.0786663592 -0.8286432624 0.0714621767 0.9963452220 -0.0467908755 0.8292956352 -0.0332841203 0.5578179955
131.7 -60.9 2157.5 0 0 0 0 0 0 0 0 0
77.2 -121.6 2157.2 0 0 0 0 0 0 0 0 0
-315.4 -928.7 2372.2 0 0 0 0 0 0 0 0 0
-158.5 -854.7 2471.0 0 0 0 0 0 0 0 0 0
-70.9 391.1 2407.3 70 0.3786634505 0.2600420713 -0.8882522583 -0.1358709633 0.9649389386 0.2245706022 0.9155070186 0.0356510133 0.4007192850
-122.4 200.2 2400.3 0.3786634505 0.2600420713 -0.8882522583 -0.1358709633 0.9649389386 0.2245706022 0.9155070186 0.0356510133 0.4007192850
-168.9 11.8 2398.6 0.3870129287 0.2398854941 -0.8903235197 -0.1035421416 0.9707650542 0.2165508419 0.9162423611 0.0083780298 0.4005368650
-175.2 214.3 2275.3 -0.3075858057 0.3401597142 -0.8886407018 0.7453364730 0.6666826606 -0.0027866298 0.5914934874 -0.6631934643 -0.4585955739
-97.6 26.3 2126.1 -0.9289573431 0.3401597142 -0.1460465193 0.3477640450 0.6666826606 -0.6592377424 -0.1268794388 -0.6631934643 -0.7376151085
-69.6 186.1 2525.2 0.3968048990 0.9162325263 0.0553519838 -0.8648262620 0.3933882415 -0.3119634390 -0.3076058626 0.0759187788 0.9484803677
74.8 -128.6 2413.3 0.0673240647 0.9162325263 0.3949499130 0.0356231630 0.3933882415 -0.9186820388 -0.9970949888 0.0759187788 -0.0061546019
-255.1 -173.3 2316.9 0.5167350173 0.0207871515 -0.8558930159 0.0272694603 0.9987983704 0.0407215133 0.8557109833 -0.0443819687 0.5155472159
-263.2 -561.1 2334.1 0.5165497661 0.1410266459 -0.8445637226 0.0259746201 0.9833087921 0.1800810546 0.8558630943 -0.1149580479 0.5042647719
-176.1 -193.3 2476.4 0.5094489455 0.0094448514 -0.8604490757 -0.0266808998 0.9996323586 -0.0048244311 0.8600871563 0.0254153572 0.5095136166
-179.8 -581.3 2466.5 0.5047511458 -0.0795175731 -0.8595948219 0.0520588793 0.9967401624 -0.0616355315 0.8616937995 -0.0136389378 0.5072453022
141.6 -63.3 2158.8 0 0 0 0 0 0 0 0 0
90.9 -120.1 2174.9 0 0 0 0 0 0 0 0 0
-315.8 -928.1 2377.0 0 0 0 0 0 0 0 0 0
-158.0 -854.3 2470.2 0 0 0 0 0 0 0 0 0
-67.5 390.6 2403.1 71 0.3563004434 0.2722847462 -0.8938181996 -0.1222708896 0.9619596004 0.2443021983 0.9263367653 0.0222429708 0.3760391176
-121.3 200.5 2398.7 0.3563004434 0.2722847462 -0.8938181996 -0.1222708896 0.9619596004 0.2443021983 0.9263367653 0.0222429708 0.3760391176
-169.6 12.5 2399.5 0.3650431633 0.2487725914 -0.8971375227 -0.0898791552 0.9685534239 0.2320043296 0.9266418815 -0.0040576314 0.3759232759
-171.1 212.7 2272.3 -0.3178625703 0.3587717712 -0.8776367307 0.7244222164 0.6890856624 0.0193220787 0.6116991043 -0.6296377778 -0.4789367914
-91.2 30.4 2118.4 -0.9213275313 0.3587717712 -0.1497945338 0.3696744740 0.6890856624 -0.6232990623 -0.1204008237 -0.6296377778 -0.7675023675
-71.5 188.2 2525.2 0.3957828581 0.9178214669 0.0309779663 -0.8738105893 0.3867527544 -0.2947496772 -0.2825084031 0.0895879939 0.9550722241
72.5 -129.8 2422.4 0.0903161168 0.9178214669 0.3865833580 0.0163303223 0.3867527544 -0.9220388532 -0.9957792759 0.0895879939 0.0199416857
-250.1 -167.4 2315.0 0.4969516098 0.0322922207 -0.8671771884 0.0264583137 0.9982789159 0.0523366444 0.8673747778 -0.0489528254 0.4952419400
-262.7 -554.9 2334.0 0.4957528710 0.1357141882 -0.8577941060 0.0176052395 0.9859410524 0.1661634594 0.8682851791 -0.0974776819 0.4863938391
-180.9 -185.9 2478.9 0.4891857803 0.0055626943 -0.8721618652 -0.0369953699 0.9992120266 -0.0143772587 0.8713946342 0.0392991006 0.4890061021
-183.1 -573.8 2463.6 0.4822520614 -0.0930819362 -0.8710733056 0.0638345331 0.9954295158 -0.0710298121 0.8737036586 -0.0213502869 0.4859897792
146.2 -64.8 2149.4 0 0 0 0 0 0 0 0 0
94.1 -125.8 2184.1 0 0 0 0 0 0 0 0 0
-313.3 -922.9 2370.4 0 0 0 0 0 0 0 0 0
-156.7 -855.6 2469.6 0 0 0 0 0 0 0 0 0
-70.0 388.3 2400.1 72 0.3594879210 0.2626482844 -0.8954241276 -0.1173112541 0.9646790624 0.2358651310 0.9257464409 0.0202526618 0.3776020706
-121.9 197.7 2396.1 0.3594879210 0.2626482844 -0.8954241276 -0.1173112541 0.9646790624 0.2358651310 0.9257464409 0.0202526618 0.3776020706
-168.9 9.4 2397.1 0.3675674796 0.2422146946 -0.8979009986 -0.0863464028 0.9702060819 0.2263724357 0.9259797335 -0.0056766248 0.3775305450
-172.1 209.5 2269.6 -0.3335616887 0.3608945608 -0.8709142804 0.7063225508 0.7075271606 0.0226664934 0.6243757606 -0.6075857282 -0.4909119308
-88.4 32.3 2113.0 -0.9190469980 0.3608945608 -0.1584541202 0.3805052936 0.7075271606 -0.5955006480 -0.1028023511 -0.6075857282 -0.7875730395
-71.7 185.9 2522.5 0.4013952911 0.9152343273 0.0350413434 -0.8712822199 0.3933560550 -0.2934932709 -0.2823988497 0.0872759223 0.9553186893
74.4 -131.3 2419.7 0.0881559923 0.9152343273 0.3931597769 0.0158678256 0.3933560550 -0.9192492962 -0.9959802628 0.0872759223 0.0201539136
-250.6 -167.5 2317.3 0.4984388053 0.0316271149 -0.8663477898 0.0264497586 0.9983143210 0.0516621470 0.8665212989 -0.0486651100 0.4967620671
-262.9 -555.1 2336.2 0.4959642887 0.1294877827 -0.8586339951 0.0068192733 0.9882076979 0.1529673189 0.8683161736 -0.0817215890 0.4892327189
-185.3 -183.5 2483.1 0.4912492931 -0.0018088530 -0.8710171580 -0.0425774865 0.9987525344 -0.0260876119 0.8699777722 0.0499012433 0.4905594289
-184.6 -571.2 2463.8 0.4836159348 -0.0942600891 -0.8701900244 0.0723896697 0.9950857759 -0.0675577447 0.8722816706 -0.0303207673 0.4880627990
147.5 -65.3 2139.4 0 0 0 0 0 0 0 0 0
95.5 -127.5 2181.2 0 0 0 0 0 0 0 0 0
-311.2 -923.9 2366.7 0 0 0 0 0 0 0 0 0
-157.3 -859.5 2472.6 0 0 0 0 0 0 0 0 0
-70.3 382.8 2399.0 73 0.3680758178 0.2603924274 -0.8925894499 -0.1186510697 0.9652901888 0.2326732278 0.9221941829 0.0202653036 0.3861958086
-121.6 192.7 2395.0 0.3680758178 0.2603924274 -0.8925894499 -0.1186510697 0.9652901888 0.2326732278 0.9221941829 0.0202653036 0.3861958086
-168.6 4.4 2395.9 0.3756354153 0.2418639213 -0.8946506977 -0.0895179808 0.9703004956 0.2247296721 0.9224340320 -0.0043291021 0.3861304224
-172.9 204.9 2269.0 -0.3436010778 0.3603444397 -0.8672313094 0.6829778552 0.7297110558 0.0326041840 0.6445770264 -0.5810969472 -0.4968367815
-86.6 33.4 2107.1 -0.9183211923 0.3603444397 -0.1638232768 0.3869063556 0.7297110558 -0.5637599230 -0.0836040974 -0.5810969472 -0.8095286489
-70.3 180.5 2521.0 0.3993183672 0.9157812595 0.0434681848 -0.8700729012 0.3934799433 -0.2968950272 -0.2889947593 0.0807351470 0.9539202452
75.1 -136.3 2415.8 0.0794915035 0.9157812595 0.3937330842 0.0194862559 0.3934799433 -0.9191266894 -0.9966450930 0.0807351470 0.0134331640
-248.9 -171.2 2315.3 0.5062084794 0.0383716933 -0.8615570664 0.0309639797 0.9975568652 0.0626217052 0.8618550897 -0.0583768748 0.5037836432
-263.8 -558.5 2338.0 0.5030331612 0.1364972740 -0.8534202576 0.0069318572 0.9867807031 0.1619129926 0.8642393351 -0.0873633921 0.4954372346
-183.0 -186.7 2481.1 0.4987965226 -0.0024452214 -0.8667156696 -0.0379337370 0.9989761710 -0.0246492997 0.8658885956 0.0451727472 0.4981931150
-182.1 -574.5 2463.6 0.4927407801 -0.0819746703 -0.8663063645 0.0731229931 0.9959322810 -0.0526494347 0.8670983315 -0.0374043919 0.4967306554
147.8 -65.4 2128.5 0 0 0 0 0 0 0 0 0
94.1 -131.6 2177.1 0 0 0 0 0 0 0 0 0
-314.7 -926.8 2370.6 0 0 0 0 0 0 0 0 0
-158.6 -859.8 2474.3 0 0 0 0 0 0 0 0 0
-73.4 382.8 2398.5 74 0.3462717533 0.2568470836 -0.9022890329 -0.1118751690 0.9662331343 0.2321151644 0.9314396381 0.0205688104 0.3633140624
-123.9 192.8 2394.4 0.3462717533 0.2568470836 -0.9022890329 -0.1118751690 0.9662331343 0.2321151644 0.9314396381 0.0205688104 0.3633140624
-170.2 4.3 2395.6 0.3540810347 0.2387084663 -0.9042372108 -0.0813458487 0.9710731506 0.2244990170 0.9316702485 -0.0059348987 0.3632565141
-172.2 203.9 2267.2 -0.3449778855 0.3547868729 -0.8689743876 0.6744596362 0.7375569940 0.0333748274 0.6527590752 -0.5745745897 -0.4937302768
-85.2 33.8 2102.6 -0.9177063704 0.3547868729 -0.1787213981 0.3921974301 0.7375569940 -0.5497189164 -0.0632158443 -0.5745745897 -0.8160071969
-75.5 181.7 2521.7 0.4088461399 0.9123415351 0.0218581092 -0.8708459139 0.3971890807 -0.2896001935 -0.2728960812 0.0993668810 0.9568980932
73.3 -135.4 2422.3 0.1029238775 0.9123415351 0.3962822556 0.0124115851 0.3971890807 -0.9176528454 -0.9946117997 0.0993668810 0.0295566358
-249.2 -176.0 2314.1 0.4852977097 0.0387112685 -0.8734915853 0.0298102312 0.9977060556 0.0607782640 0.8738406301 -0.0555345379 0.4830304682
-264.2 -563.3 2335.6 0.4849471450 0.1382621080 -0.8635449409 0.0273028389 0.9845488071 0.1729686707 0.8741171360 -0.1074578986 0.4736792147
-181.9 -192.0 2479.3 0.4784313440 -0.0012709466 -0.8781240582 -0.0448220260 0.9986600876 -0.0258659404 0.8769803047 0.0517343730 0.4777333140
-181.4 -579.7 2459.2 0.4716082215 -0.0838838816 -0.8778092861 0.0817617178 0.9953365326 -0.0511878729 0.8780094981 -0.0476305746 0.4762673974
147.8 -65.7 2118.7 0 0 0 0 0 0 0 0 0
98.0 -132.4 2184.1 0 0 0 0 0 0 0 0 0
-315.8 -930.7 2375.7 0 0 0 0 0 0 0 0 0
-158.1 -856.4 2472.4 0 0 0 0 0 0 0 0 0
-76.0 381.1 2399.2 75 0.3324712515 0.2546333969 -0.9080885053 -0.1035354212 0.9668971896 0.2332171202 0.9374130964 0.0164813325 0.3478291035
-126.0 191.0 2396.0 0.3324712515 0.2546333969 -0.9080885053 -0.1035354212 0.9668971896 0.2332171202 0.9374130964 0.0164813325 0.3478291035
-172.3 2.5 2398.3 0.3404608369 0.2383522987 -0.9095463753 -0.0721270964 0.9711064696 0.2274859399 0.9374881983 -0.0118471161 0.3478153944
-172.5 200.9 2268.0 -0.3451761901 0.3899533451 -0.8536918759 0.6559194326 0.7508158684 0.0777509809 0.6712846756 -0.5331152678 -0.5149417520
-84.8 34.2 2097.3 -0.9010921717 0.3899533451 -0.1896557808 0.4303778112 0.7508158684 -0.5010493994 -0.0529893115 -0.5331152678 -0.8443815708
-79.5 181.2 2524.0 0.4132109582 0.9106000066 0.0080181798 -0.8731831312 0.3987004459 -0.2803376019 -0.2584722936 0.1088372320 0.9598679543
70.9 -136.7 2429.9 0.1174498871 0.9106000066 0.3962487876 0.0028433227 0.3987004459 -0.9170768261 -0.9930747151 0.1088372320 0.0442381911
-248.3 -176.9 2313.3 0.4722388387 0.0427916721 -0.8804313540 0.0331287608 0.9972536564 0.0662389398 0.8808478713 -0.0604481995 0.4695242643
-264.9 -564.1 2336.8 0.4705318809 0.1275087446 -0.8731215596 0.0195638649 0.9877532721 0.1547924280 0.8821660876 -0.0899164081 0.4622748494
-184.9 -191.5 2480.2 0.4656341970 -0.0123343952 -0.8848913312 -0.0431807078 0.9983952641 -0.0366384163 0.8839231730 0.0552703328 0.4643543661
-180.1 -579.1 2458.7 0.4597389400 -0.0764932334 -0.8847535849 0.0787679031 0.9958691001 -0.0451702885 0.8845539689 -0.0489236452 0.4638650119
143.3 -74.8 2110.7 0 0 0 0 0 0 0 0 0
99.0 -136.1 2192.1 0 0 0 0 0 0 0 0 0
-312.5 -932.7 2370.3 0 0 0 0 0 0 0 0 0
-158.7 -857.7 2472.4 0 0 0 0 0 0 0 0 0
-79.7 381.5 2398.6 76 0.3351009488 0.2444037199 -0.9099308848 -0.1022718474 0.9694985747 0.2227396369 0.9366151094 0.0184200481 0.3498755097
-127.8 190.7 2395.0 0.3351009488 0.2444037199 -0.9099308848 -0.1022718474 0.9694985747 0.2227396369 0.9366151094 0.0184200481 0.3498755097
-172.0 1.7 2397.2 0.3430798650 0.2279055268 -0.9112383127 -0.0694460198 0.9736177921 0.2173606306 0.9367355108 -0.0112901768 0.3498557806
-174.6 200.1 2267.0 -0.3225704730 0.3944965005 -0.8604189754 0.6492652893 0.7536717057 0.1021444723 0.6887691021 -0.5256913900 -0.4992451370
-94.6 39.0 2096.1 -0.8895406723 0.3944965005 -0.2304125726 0.4566762745 0.7536717057 -0.4726792872 -0.0128148729 -0.5256913900 -0.8505788445
-80.9 181.2 2522.9 0.4221050739 0.9064536095 0.0130085824 -0.8683844805 0.4084139168 -0.2812588215 -0.2602609396 0.1074243188 0.9595437646
72.8 -135.0 2428.2 0.1154144704 0.9064536095 0.4062282741 0.0051104431 0.4084139168 -0.9127825499 -0.9933042526 0.1074243188 0.0425044969
-249.1 -179.5 2316.6 0.4734924138 0.0447024293 -0.8796628118 0.0342410058 0.9970221519 0.0690971240 0.8801320791 -0.0628375039 0.4705517590
-266.4 -566.6 2341.0 0.4689192474 0.1146900803 -0.8757630587 -0.0092196641 0.9921150208 0.1249909699 0.8831928968 -0.0505364314 0.4662792385
-188.1 -192.4 2484.6 0.4679747224 -0.0176899787 -0.8835647702 -0.0462721586 0.9979377389 -0.0444876254 0.8825296164 0.0617035329 0.4661910832
-181.2 -579.8 2460.6 0.4614938796 -0.0816370919 -0.8833791614 0.0745144561 0.9958052635 -0.0530991443 0.8840084672 -0.0413195901 0.4656411707
130.6 -76.6 2099.4 0 0 0 0 0 0 0 0 0
100.4 -133.8 2190.2 0 0 0 0 0 0 0 0 0
-309.2 -936.6 2359.9 0 0 0 0 0 0 0 0 0
-158.6 -856.2 2472.1 0 0 0 0 0 0 0 0 0
-80.4 382.7 2398.3 77 0.3389025331 0.2429308742 -0.9089167714 -0.1014771312 0.9698910117 0.2213905901 0.9353328347 0.0172044337 0.3533504307
-128.4 191.1 2394.9 0.3389025331 0.2429308742 -0.9089167714 -0.1014771312 0.9698910117 0.2213905901 0.9353328347 0.0172044337 0.3533504307
-172.3 2.0 2397.4 0.3469621837 0.2261682004 -0.9102006555 -0.0680788308 0.9740014672 0.2160703540 0.9354050159 -0.0130028455 0.3533389270
-175.8 200.4 2267.1 -0.2987140417 0.3945229650 -0.8689773083 0.6497746110 0.7509768009 0.1175874248 0.6989727616 -0.5295143723 -0.4806783199
-100.0 35.6 2089.8 -0.8893716335 0.3945229650 -0.2310189754 0.4569526911 0.7509768009 -0.4766844511 -0.0145730749 -0.5295143723 -0.8481757641
-81.0 181.8 2522.7 0.4226013720 0.9061492085 0.0173702948 -0.8678457737 0.4101137817 -0.2804467678 -0.2612504065 0.1034424528 0.9597123861
72.9 -134.2 2427.5 0.1114137769 0.9061492085 0.4080203772 0.0044862577 0.4101137817 -0.9120233655 -0.9937639832 0.1034424528 0.0416271053
-247.0 -181.1 2315.4 0.4767255783 0.0496951863 -0.8776463270 0.0305998772 0.9968575239 0.0730667487 0.8785194159 -0.0616886579 0.4737068117
-266.3 -568.1 2339.4 0.4735089540 0.1155457497 -0.8731772304 0.0012201403 0.9912709594 0.1318345219 0.8807881474 -0.0634902269 0.4692347050
-185.5 -193.5 2483.3 0.4715072811 -0.0095959399 -0.8818099499 -0.0384543054 0.9987659454 -0.0314303376 0.8810233474 0.0487290211 0.4705564082
-181.8 -581.2 2464.3 0.4650274813 -0.0872311369 -0.8809881806 0.0636484027 0.9958528280 -0.0650078207 0.8830052614 -0.0258430690 0.4686510563
126.0 -80.5 2093.5 0 0 0 0 0 0 0 0 0
99.6 -133.2 2189.5 0 0 0 0 0 0 0 0 0
-309.4 -937.9 2363.1 0 0 0 0 0 0 0 0 0
-157.8 -855.3 2471.5 0 0 0 0 0 0 0 0 0
-79.9 381.9 2399.1 78 0.3442662358 0.2457379848 -0.9061421752 -0.1050563678 0.9691606164 0.2229144871 0.9329758286 0.0184540749 0.3594655991
-128.5 190.4 2395.5 0.3442662358 0.2457379848 -0.9061421752 -0.1050563678 0.9691606164 0.2229144871 0.9329758286 0.0184540749 0.3594655991
-172.8 1.4 2397.0 0.3516053259 0.2281930894 -0.9079105854 -0.0749718249 0.9735849500 0.2156653702 0.9331414104 -0.0077613797 0.3594256938
-176.5 200.6 2268.0 -0.3032062650 0.4562217295 -0.8366168141 0.6490865350 0.7416594028 0.1691981256 0.6976765394 -0.4917348027 -0.5210031867
-96.6 29.7 2084.2 -0.8613840342 0.4562217295 -0.2233366966 0.5067567825 0.7416594028 -0.4394757748 -0.0348586328 -0.4917348027 -0.8700469732
-80.4 180.2 2523.0 0.4194066525 0.9075395465 0.0216809828 -0.8669908047 0.4075192809 -0.2868013680 -0.2691189945 0.1014891937 0.9577447176
72.3 -135.6 2425.0 0.1063370854 0.9075395465 0.4062812328 0.0108036557 0.4075192809 -0.9131327271 -0.9942714572 0.1014891937 0.0335296690
-247.3 -180.9 2316.1 0.4817683995 0.0574064553 -0.8744162321 0.0326055959 0.9959865808 0.0833520740 0.8756917715 -0.0686672553 0.4779630899
-269.5 -567.6 2342.8 0.4777385294 0.1120388880 -0.8713284135 -0.0063498444 0.9922486544 0.1241057590 0.8784791231 -0.0537573025 0.4747468829
-185.1 -193.1 2483.7 0.4759582579 -0.0060683349 -0.8794469237 -0.0489854291 0.9982409477 -0.0333990343 0.8781026006 0.0589766316 0.4748237431
-182.7 -580.6 2460.8 0.4688293040 -0.0865930766 -0.8790339828 0.0753858909 0.9954745173 -0.0578567982 0.8800659180 -0.0391417965 0.4732355177
123.5 -99.8 2093.1 0 0 0 0 0 0 0 0 0
97.8 -133.0 2186.8 0 0 0 0 0 0 0 0 0
-311.4 -937.9 2362.9 0 0 0 0 0 0 0 0 0
-158.8 -855.8 2471.7 0 0 0 0 0 0 0 0 0
-78.6 389.9 2398.0 79 0.3415534794 0.2484746575 -0.9064223766 -0.1033139601 0.9685018659 0.2265620530 0.9341667295 0.0162630342 0.3564660549
-128.1 197.1 2394.8 0.3415534794 0.2484746575 -0.9064223766 -0.1033139601 0.9685018659 0.2265620530 0.9341667295 0.0162630342 0.3564660549
-172.5 8.2 2396.8 0.3491557240 0.2288029492 -0.9087020755 -0.0723823011 0.9734204412 0.2172865868 0.9342650175 -0.0100929067 0.3564366102
-175.8 207.0 2267.2 -0.2931598127 0.5215811133 -0.8012555242 0.6597356796 0.7169280052 0.2253065705 0.6919582486 -0.4625660181 -0.5542801619
-95.8 27.0 2078.3 -0.8248138428 0.5215811133 -0.2182551026 0.5623783469 0.7169280052 -0.4120009542 -0.0584187247 -0.4625660181 -0.8846580982
-80.4 187.3 2522.5 0.4195831716 0.9075169563 0.0190502554 -0.8680398464 0.4072915316 -0.2839374840 -0.2654370964 0.1025990024 0.9586535096
72.4 -128.9 2425.8 0.1088992879 0.9075169563 0.4056524336 0.0077530900 0.4072915316 -0.9132652879 -0.9940225482 0.1025990024 0.0373176970
-248.6 -180.9 2314.9 0.4795032442 0.0485054925 -0.8761985302 0.0344161429 0.9966635704 0.0740086958 0.8768649697 -0.0656427816 0.4762340486
-267.4 -567.8 2340.4 0.4763990343 0.1172484308 -0.8713763356 0.0066062426 0.9905632138 0.1368974298 0.8792043924 -0.0709743276 0.4711287916
-185.6 -194.3 2482.1 0.4735057652 -0.0128538990 -0.8806968927 -0.0293351449 0.9991086125 -0.0303541459 0.8803020716 0.0402082354 0.4727066457
-180.6 -582.1 2466.5 0.4686931074 -0.0773320496 -0.8799695969 0.0538824126 0.9968085885 -0.0589008220 0.8817161918 -0.0198084768 0.4713641405
115.7 -117.2 2093.3 0 0 0 0 0 0 0 0 0
98.5 -127.0 2187.6 0 0 0 0 0 0 0 0 0
-311.2 -937.4 2366.9 0 0 0 0 0 0 0 0 0
-159.5 -853.7 2471.9 0 0 0 0 0 0 0 0 0
-78.9 393.9 2398.0 80 0.3540222049 0.2490620762 -0.9014634490 -0.1102740914 0.9682803750 0.2242158949 0.9287130237 0.0200306568 0.3702578545
-128.5 201.2 2394.0 0.3540222049 0.2490620762 -0.9014634490 -0.1102740914 0.9682803750 0.2242158949 0.9287130237 0.0200306568 0.3702578545
-172.3 12.1 2395.1 0.3617784381 0.2258234024 -0.9044999480 -0.0785486028 0.9741523266 0.2117956877 0.9289491177 -0.0055759088 0.3701654077
-177.9 211.9 2267.1 -0.2858397365 0.5664110780 -0.7729645371 0.6763800979 0.6906455159 0.2559663951 0.6788266897 -0.4496524334 -0.5805230737
-97.6 21.9 2076.5 -0.7949182987 0.5664110780 -0.2174475193 0.6018142104 0.6906455159 -0.4010342062 -0.0769710615 -0.4496524334 -0.8898809552
-79.0 190.4 2520.9 0.4184813797 0.9076386094 0.0326415636 -0.8647198081 0.4091681540 -0.2912748754 -0.2777282000 0.0936672986 0.9560823441
73.4 -124.5 2419.8 0.0956153497 0.9076386094 0.4087173045 0.0157448668 0.4091681540 -0.9123231769 -0.9952938557 0.0936672986 0.0248321071
-248.2 -174.3 2315.0 0.4906436801 0.0476449914 -0.8700567484 0.0205351021 0.9975944161 0.0662092417 0.8711183071 -0.0503518507 0.4884850085
-266.7 -561.5 2334.6 0.4922375083 0.1041301191 -0.8642101288 0.0351747721 0.9896285534 0.1392768621 0.8697499633 -0.0989556909 0.4834695458
-185.6 -187.3 2482.4 0.4854349792 -0.0139610274 -0.8741613030 -0.0457816012 0.9980947375 -0.0413635559 0.8730732799 0.0600998215 0.4838709235
-180.2 -574.6 2459.1 0.4800601602 -0.0727793425 -0.8742113113 0.0831217319 0.9958425760 -0.0372602567 0.8732886314 -0.0547787920 0.4841139019
107.4 -133.3 2096.3 0 0 0 0 0 0 0 0 0
96.3 -120.7 2181.3 0 0 0 0 0 0 0 0 0
-305.5 -930.7 2371.5 0 0 0 0 0 0 0 0 0
-159.5 -857.9 2474.7 0 0 0 0 0 0 0 0 0
-72.8 387.0 2405.5 81 0.3766587377 0.2649164200 -0.8876640797 -0.1377372742 0.9636006355 0.2291336358 0.9160549045 0.0359592400 0.3994374573
-125.4 195.5 2398.3 0.3766587377 0.2649164200 -0.8876640797 -0.1377372742 0.9636006355 0.2291336358 0.9160549045 0.0359592400 0.3994374573
-171.9 7.0 2396.2 0.3850563765 0.2391976267 -0.8913562894 -0.1055118367 0.9709054232 0.2149648517 0.9168417454 0.0112750549 0.3990915120
-178.0 209.9 2273.2 -0.2515847683 0.5853746533 -0.7707409859 0.6686667800 0.6808634400 0.2988472581 0.6997069716 -0.4401834607 -0.5627154708
-107.2 21.8 2076.4 -0.7814973593 0.5853746533 -0.2158666104 0.6183965802 0.6808634400 -0.3924418688 -0.0827498436 -0.4401834607 -0.8940866590
-72.9 181.0 2523.5 0.3987681568 0.9154902697 0.0534929931 -0.8634318113 0.3944664896 -0.3144544959 -0.3089812398 0.0792068914 0.9477641582
72.3 -133.2 2411.1 0.0696875751 0.9154902697 0.3962590098 0.0384250470 0.3944664896 -0.9181065559 -0.9968285561 0.0792068914 -0.0076883435
-248.6 -170.0 2313.0 0.5144760609 0.0392018557 -0.8566082120 0.0083312346 0.9986788034 0.0507072918 0.8574642539 -0.0332242921 0.5134696960
-263.8 -557.6 2325.9 0.5211569071 0.1187939346 -0.8451529145 0.0581620038 0.9830198884 0.1740375310 0.8514767885 -0.1398566514 0.5053982735
-183.7 -184.1 2479.4 0.5075272918 -0.0100717982 -0.8615768552 -0.0465837456 0.9981485009 -0.0391093045 0.8603755236 0.0599845164 0.5061184168
-179.8 -571.5 2456.1 0.5021479726 -0.0739930719 -0.8616103530 0.0864949748 0.9956340194 -0.0350932926 0.8604452610 -0.0569029376 0.5063556433
95.5 -138.6 2097.8 0 0 0 0 0 0 0 0 0
89.0 -124.0 2172.4 0 0 0 0 0 0 0 0 0
-308.1 -924.1 2378.0 0 0 0 0 0 0 0 0 0
-158.6 -857.0 2472.4 0 0 0 0 0 0 0 0 0
-67.7 387.1 2408.7 82 0.3867439032 0.2745933235 -0.8803565502 -0.1533698887 0.9604969025 0.2322140485 0.9093441963 0.0452128239 0.4135806859
-122.2 196.4 2399.8 0.3867439032 0.2745933235 -0.8803565502 -0.1533698887 0.9604969025 0.2322140485 0.9093441963 0.0452128239 0.4135806859
-170.6 8.5 2396.0 0.3958114684 0.2487093210 -0.8840118647 -0.1199470684 0.9683827758 0.2187407315 0.9104647040 0.0194545370 0.4131289721
-176.3 212.8 2275.4 -0.2146270126 0.5996352434 -0.7709558010 0.6769014001 0.6603555083 0.3251692951 0.7040878534 -0.4520709217 -0.5476240516
-115.9 22.4 2077.4 -0.7679643631 0.5996352434 -0.2250962853 0.6337108016 0.6603555083 -0.4029158056 -0.0929589495 -0.4520709217 -0.8871248364
-68.2 180.0 2524.1 0.3864248395 0.9201845527 0.0627393946 -0.8634676337 0.3848389685 -0.3260714710 -0.3241904974 0.0718286783 0.9432609081
72.5 -134.3 2406.1 0.0571567565 0.9201845527 0.3872899413 0.0494453125 0.3848389685 -0.9216583371 -0.9971400499 0.0718286783 -0.0235026646
-252.8 -171.9 2312.0 0.5262493491 0.0246731956 -0.8499722481 0.0124512175 0.9992482066 0.0367154218 0.8502391577 -0.0299046561 0.5255464911
-262.4 -559.8 2323.6 0.5332372189 0.1221485436 -0.8371008039 0.0629903451 0.9810411334 0.1832772493 0.8436173797 -0.1504595280 0.5154334903
-183.9 -190.8 2476.1 0.5180311799 -0.0063064005 -0.8553385139 -0.0355629995 0.9989493489 -0.0289037805 0.8546221256 0.0453914627 0.5172626376
-181.5 -578.6 2458.5 0.5118713975 -0.0839965120 -0.8549457788 0.0754064098 0.9957601428 -0.0526840314 0.8557462096 -0.0375009440 0.5160350204
84.0 -142.6 2101.6 0 0 0 0 0 0 0 0 0
86.1 -122.5 2167.3 0 0 0 0 0 0 0 0 0
-308.0 -925.8 2379.7 0 0 0 0 0 0 0 0 0
-158.5 -851.1 2468.8 0 0 0 0 0 0 0 0 0
-67.7 386.8 2411.8 83 0.3843671978 0.2701182663 -0.8827785254 -0.1614561975 0.9611675739 0.2238052338 0.9089519978 0.0565066822 0.4130535722
-121.2 196.3 2400.6 0.3843671978 0.2701182663 -0.8827785254 -0.1614561975 0.9611675739 0.2238052338 0.9089519978 0.0565066822 0.4130535722
-168.7 8.2 2394.5 0.3929362893 0.2448799610 -0.8863604665 -0.1293395907 0.9690259695 0.2103803605 0.9104242921 0.0319754183 0.4124381542
-174.9 213.9 2276.3 -0.1851864755 0.5991065502 -0.7789590955 0.6882741451 0.6448506713 0.3323347569 0.7014161944 -0.4745934904 -0.5317671299
-123.0 21.2 2079.8 -0.7621510625 0.5991065502 -0.2453510016 0.6409381032 0.6448506713 -0.4163724482 -0.0912367031 -0.4745934904 -0.8754637837
-67.5 178.6 2525.0 0.3910404444 0.9183701277 0.0606931634 -0.8579881191 0.3876062930 -0.3370723426 -0.3330821991 0.0797349066 0.9395204186
74.8 -133.8 2403.7 0.0605246872 0.9183701277 0.3910665512 0.0615399070 0.3876062930 -0.9197685719 -0.9962678552 0.0797349066 -0.0330566652
-254.3 -168.7 2310.7 0.5232832432 0.0208320003 -0.8519041538 0.0140265245 0.9993551373 0.0330534987 0.8520433903 -0.0292455964 0.5226536393
-262.4 -556.7 2322.1 0.5317904353 0.1245505363 -0.8376670480 0.0733538866 0.9786341786 0.1920790672 0.8436931968 -0.1635919362 0.5112919807
-183.4 -190.2 2473.8 0.5149121881 -0.0079493541 -0.8572061062 -0.0307853445 0.9991405010 -0.0277579334 0.8566899896 0.0406822823 0.5142248869
-180.3 -578.1 2458.0 0.5099231005 -0.0737120956 -0.8570560217 0.0778539926 0.9961876273 -0.0393574350 0.8566896915 -0.0466559678 0.5137178302
77.2 -147.2 2103.8 0 0 0 0 0 0 0 0 0
89.3 -119.0 2165.1 0 0 0 0 0 0 0 0 0
-308.9 -921.9 2383.1 0 0 0 0 0 0 0 0 0
-159.6 -858.2 2471.1 0 0 0 0 0 0 0 0 0
-68.7 383.4 2414.4 84 0.3934063017 0.2678713500 -0.8794750571 -0.1723449379 0.9611406922 0.2156518847 0.9030662775 0.0667342618 0.4242850840
-121.7 193.3 2401.2 0.3934063017 0.2678713500 -0.8794750571 -0.1723449379 0.9611406922 0.2156518847 0.9030662775 0.0667342618 0.4242850840
-168.4 5.1 2393.3 0.4023993313 0.2407522202 -0.8832401633 -0.1382052153 0.9697185159 0.2013588250 0.9049718976 0.0410417318 0.4234872758
-176.7 212.2 2277.6 -0.1473728716 0.5687789321 -0.8091796637 0.6959613562 0.6409441829 0.3237720430 0.7027937174 -0.5154425502 -0.4903059602
-136.2 21.3 2084.8 -0.7783228755 0.5687789321 -0.2659023106 0.6220328212 0.6409441829 -0.4497395754 -0.0853738636 -0.5154425502 -0.8526607156
-66.7 174.5 2524.8 0.3916557431 0.9173311591 0.0714791715 -0.8521673679 0.3909364641 -0.3478210568 -0.3470109105 0.0753138959 0.9348322153
75.9 -135.8 2398.5 0.0504587293 0.9173311591 0.3949144483 0.0734818280 0.3909364641 -0.9174797535 -0.9960192442 0.0753138959 -0.0476810187
-251.5 -168.3 2306.7 0.5318029523 0.0263784230 -0.8464572430 0.0201025158 0.9988399148 0.0437569655 0.8466295004 -0.0402860008 0.5306557417
-261.7 -556.0 2322.4 0.5378482938 0.1184141487 -0.8346839547 0.0655071512 0.9812225699 0.1814142317 0.8404927254 -0.1522510946 0.5199919343
-181.1 -191.5 2469.8 0.5233274698 0.0006395800 -0.8521314263 -0.0270456355 0.9995083809 -0.0158595927 0.8517023921 0.0313461982 0.5230874419
-181.3 -579.5 2457.6 0.5181187987 -0.0761714280 -0.8519101143 0.0816313028 0.9958835840 -0.0393975377 0.8514042497 -0.0491299257 0.5222040415
69.2 -142.9 2107.3 0 0 0 0 0 0 0 0 0
88.0 -118.2 2159.9 0 0 0 0 0 0 0 0 0
-305.9 -922.2 2379.2 0 0 0 0 0 0 0 0 0
-160.1 -856.6 2471.3 0 0 0 0 0 0 0 0 0
-70.7 385.5 2406.2 85 0.4407791793 0.2626496553 -0.8583291173 -0.1676669717 0.9634938836 0.2087278813 0.8818171620 0.0519105457 0.4687257111
-122.6 195.1 2395.9 0.4407791793 0.2626496553 -0.8583291173 -0.1676669717 0.9634938836 0.2087278813 0.8818171620 0.0519105457 0.4687257111
-168.2 6.5 2390.4 0.4492539167 0.2351167798 -0.8619112372 -0.1347218752 0.9715461731 0.1948025227 0.8831879497 0.0286024977 0.4681462944
-183.9 213.4 2275.4 -0.1430423707 0.5585572720 -0.8170389533 0.7043776512 0.6373765469 0.3124153018 0.6952632666 -0.5308153033 -0.4846071005
-145.1 22.4 2086.9 -0.7863105536 0.5585572720 -0.2640633881 0.6106045842 0.6373765469 -0.4700140655 -0.0942219794 -0.5308153033 -0.8422335386
-61.3 176.7 2516.4 0.3794953525 0.9171489477 0.1217419058 -0.8495696187 0.3975503445 -0.3466772735 -0.3663532436 0.0281341895 0.9300504327
76.8 -132.6 2383.0 -0.0011794372 0.9171489477 0.3985428810 0.0732994154 0.3975503445 -0.9146479964 -0.9973092675 0.0281341895 -0.0676953644
-251.2 -170.7 2304.2 0.5740483999 0.0297764074 -0.8182797432 0.0143042644 0.9988213778 0.0463810265 0.8186963797 -0.0383298434 0.5729458928
-262.8 -558.5 2319.1 0.5811073184 0.1096349657 -0.8064083457 0.0693784952 0.9806034565 0.1833125502 0.8108642697 -0.1624716669 0.5622295141
-179.1 -195.5 2466.3 0.5664488673 0.0076608807 -0.8240612745 -0.0169414785 0.9998537302 -0.0023502156 0.8239226937 0.0152920932 0.5664958358
-182.1 -583.6 2460.4 0.5608018041 -0.0867984667 -0.8233877420 0.0761412010 0.9956820011 -0.0531020164 0.8244415522 -0.0329140276 0.5649892092
63.3 -139.4 2111.8 0 0 0 0 0 0 0 0 0
76.5 -115.1 2144.4 0 0 0 0 0 0 0 0 0
-303.7 -924.5 2379.7 0 0 0 0 0 0 0 0 0
-158.5 -854.1 2469.4 0 0 0 0 0 0 0 0 0
-76.7 386.5 2401.6 86 0.4490241110 0.2464463115 -0.8588606119 -0.1490814239 0.9684007764 0.1999365836 0.8809949160 0.0382638089 0.4715758860
-125.2 195.8 2394.0 0.4490241110 0.2464463115 -0.8588606119 -0.1490814239 0.9684007764 0.1999365836 0.8809949160 0.0382638089 0.4715758860
-168.2 6.6 2390.6 0.4560716450 0.2217603475 -0.8618706465 -0.1198299825 0.9749388695 0.1874431372 0.8818386793 0.0177904423 0.4712155163
-187.5 212.1 2273.7 -0.1080054119 0.4656204879 -0.8783691525 0.7046137452 0.6591444612 0.2627699971 0.7013232708 -0.5905303955 -0.3992737532
-159.9 31.9 2094.3 -0.8358225226 0.4656204879 -0.2908578515 0.5468398929 0.6591444612 -0.5162312388 -0.0486505032 -0.5905303955 -0.8055476546
-63.0 179.4 2514.4 0.3894197047 0.9115649462 0.1319154501 -0.8476045728 0.4107158482 -0.3359746337 -0.3604424596 0.0190230124 0.9325874448
78.8 -129.2 2383.2 -0.0077781230 0.9115649462 0.4110825658 0.0634850711 0.4107158482 -0.9095504880 -0.9979524612 0.0190230124 -0.0610653646
-254.0 -170.0 2305.8 0.5782204270 0.0227594003 -0.8155630827 0.0200184193 0.9989141226 0.0420687795 0.8156349659 -0.0406513140 0.5771369338
-262.8 -557.8 2321.5 0.5861598253 0.1199091077 -0.8012730479 0.0767610818 0.9763193130 0.2022579461 0.8065509200 -0.1800620705 0.5630748272
-173.6 -194.1 2463.8 0.5711230040 0.0277858414 -0.8203940988 -0.0157554094 0.9996138811 0.0228875801 0.8207132816 -0.0001459797 0.5713402629
-184.4 -582.1 2463.8 0.5647591352 -0.0978290737 -0.8194367290 0.0709602684 0.9950278997 -0.0698860586 0.8221993446 -0.0186786633 0.5688930750
61.2 -112.7 2107.1 0 0 0 0 0 0 0 0 0
77.0 -114.0 2144.3 0 0 0 0 0 0 0 0 0
-307.6 -922.2 2388.7 0 0 0 0 0 0 0 0 0
-158.0 -850.6 2468.9 0 0 0 0 0 0 0 0 0
-74.9 386.8 2405.3 87 0.4444672465 0.2515031993 -0.8597645164 -0.1584176421 0.9667189121 0.2008939236 0.8816760778 0.0469111092 0.4695174396
-124.5 196.0 2396.0 0.4444672465 0.2515031993 -0.8597645164 -0.1584176421 0.9667189121 0.2008939236 0.8816760778 0.0469111092 0.4695174396
-168.5 7.1 2391.1 0.4519547224 0.2268977165 -0.8627017736 -0.1280495673 0.9735961556 0.1889808923 0.8828024864 0.0250577834 0.4690755606
-186.2 213.5 2275.5 -0.0569262989 0.3868019879 -0.9204040766 0.7053366899 0.6680376530 0.2371198535 0.7065829635 -0.6356964111 -0.3108545542
-171.8 34.4 2096.0 -0.8892174363 0.3868019879 -0.2442879975 0.4528132677 0.6680376530 -0.5904963017 -0.0652115643 -0.6356964111 -0.7691797614
-62.8 178.5 2516.6 0.3864012063 0.9136154056 0.1264952123 -0.8472437263 0.4057925344 -0.3427979946 -0.3645163476 0.0252852775 0.9308536649
77.9 -130.0 2383.8 -0.0035267132 0.9136154056 0.4065642357 0.0700973496 0.4057925344 -0.9112731814 -0.9975339174 0.0252852775 -0.0654731318
-252.1 -171.9 2308.2 0.5748528838 0.0279477723 -0.8177793622 0.0024750503 0.9993525743 0.0358928926 0.8182530403 -0.0226571765 0.5744115114
-262.9 -559.8 2317.0 0.5888780355 0.1183928102 -0.7995034456 0.0958909914 0.9719913006 0.2145642787 0.8025132418 -0.2030173689 0.5610315800
-170.4 -193.4 2466.0 0.5677051544 0.0391468666 -0.8223006725 -0.0268263165 0.9992179275 0.0290487595 0.8227947354 0.0055681681 0.5683113337
-185.6 -581.2 2463.9 0.5598244667 -0.1075633839 -0.8216000795 0.0715965927 0.9941096306 -0.0813635066 0.8255122304 -0.0132744834 0.5642280579
61.1 -84.2 2113.1 0 0 0 0 0 0 0 0 0
77.1 -113.2 2144.9 0 0 0 0 0 0 0 0 0
-307.1 -922.5 2392.7 0 0 0 0 0 0 0 0 0
-156.5 -850.4 2467.5 0 0 0 0 0 0 0 0 0
-69.4 385.8 2408.6 88 0.4558831155 0.2680750489 -0.8487086296 -0.1779190451 0.9617644548 0.2082160711 0.8720753193 0.0560792312 0.4861478508
-122.4 195.6 2397.5 0.4558831155 0.2680750489 -0.8487086296 -0.1779190451 0.9617644548 0.2082160711 0.8720753193 0.0560792312 0.4861478508
-169.0 7.3 2390.8 0.4642387331 0.2402251512 -0.8525105715 -0.1461623907 0.9700985551 0.1937662959 0.8735668063 0.0346511640 0.4854692221
-185.8 215.5 2278.2 -0.0388214514 0.3366993666 -0.9408115745 0.7147559524 0.6673130393 0.2093256563 0.6982956529 -0.6643244028 -0.2665639520
-175.9 33.7 2100.6 -0.9244363308 0.3366993666 -0.1790278256 0.3684030473 0.6673130393 -0.6472808719 -0.0984714553 -0.6643244028 -0.7409294844
-59.0 175.6 2516.8 0.3788398504 0.9096518755 0.1703345180 -0.8490855098 0.4148536325 -0.3270325661 -0.3681496978 -0.0207355879 0.9295352697
77.5 -130.4 2384.2 -0.0503890701 0.9096518755 0.4123038054 0.0606611520 0.4148536325 -0.9078637958 -0.9968857169 -0.0207355879 -0.0760846138
-253.0 -170.4 2307.2 0.5889885426 0.0267486218 -0.8076986074 0.0181353372 0.9987629056 0.0463007353 0.8079378605 -0.0419184901 0.5877748132
-263.4 -558.1 2323.5 0.5946022868 0.1324786842 -0.7930305600 0.0562503226 0.9770608544 0.2053972632 0.8020498753 -0.1667379141 0.5735106468
-172.1 -193.4 2465.3 0.5810959935 0.0363230556 -0.8130240440 -0.0290010385 0.9992932081 0.0239168741 0.8133181334 0.0096805394 0.5817387104
-186.2 -581.3 2461.6 0.5717967749 -0.1126938239 -0.8126183152 0.0887313709 0.9932050705 -0.0753019825 0.8155827522 -0.0290473104 0.5779109597
64.8 -62.2 2126.2 0 0 0 0 0 0 0 0 0
65.4 -115.8 2144.3 0 0 0 0 0 0 0 0 0
-312.8 -922.5 2385.7 0 0 0 0 0 0 0 0 0
-155.3 -853.5 2469.5 0 0 0 0 0 0 0 0 0
-70.4 382.4 2410.8 89 0.4605569243 0.2676943243 -0.8463019729 -0.1897940934 0.9610884786 0.2007167041 0.8671017885 0.0681816489 0.4934427440
-123.1 193.3 2397.4 0.4605569243 0.2676943243 -0.8463019729 -0.1897940934 0.9610884786 0.2007167041 0.8671017885 0.0681816489 0.4934427440
-169.9 5.2 2388.3 0.4688046873 0.2413302958 -0.8496951461 -0.1585154533 0.9693223238 0.1878486127 0.8689620495 0.0466254987 0.4926774502
-187.1 214.9 2278.7 -0.0466504768 0.3227276206 -0.9453415275 0.7152042389 0.6714693904 0.1939374208 0.6973568797 -0.6670650244 -0.2621405125
-175.3 34.5 2102.7 -0.9344023466 0.3227276206 -0.1507949829 0.3383130133 0.6714693904 -0.6592974663 -0.1115192696 -0.6670650244 -0.7366055250
-59.1 171.6 2516.1 0.3807449043 0.9046710730 0.1913204789 -0.8453395963 0.4243960977 -0.3244824708 -0.3747455776 -0.0381857343 0.9263409972
77.4 -131.4 2381.7 -0.0712128580 0.9046710730 0.4201177657 0.0622287057 0.4243960977 -0.9033357501 -0.9955180883 -0.0381857343 -0.0865189731
-257.2 -167.9 2305.9 0.5937902927 0.0150423404 -0.8044792414 0.0270248130 0.9988882542 0.0386245996 0.8041658998 -0.0446758121 0.5927236676
-263.1 -555.6 2323.2 0.5960078239 0.1334009916 -0.7918199301 0.0427481160 0.9794337153 0.1971857846 0.8018399477 -0.1513730884 0.5780475140
-174.1 -194.1 2462.3 0.5864100456 0.0285992716 -0.8095093369 -0.0114342365 0.9995691776 0.0270309430 0.8099336624 -0.0065950947 0.5864844322
-185.2 -582.1 2464.9 0.5787302852 -0.1090239659 -0.8081986308 0.0822337270 0.9937739968 -0.0751721486 0.8113623261 -0.0229567830 0.5840925574
67.5 -53.5 2131.7 0 0 0 0 0 0 0 0 0
60.2 -116.4 2141.4 0 0 0 0 0 0 0 0 0
-312.9 -921.0 2379.7 0 0 0 0 0 0 0 0 0
-155.2 -855.7 2471.2 0 0 0 0 0 0 0 0 0
-73.8 382.1 2412.9 90 0.4446688890 0.2686713040 -0.8544502854 -0.1928950548 0.9602928758 0.2015666664 0.8746777177 0.0751888156 0.4788377285
-126.7 192.9 2398.1 0.4446688890 0.2686713040 -0.8544502854 -0.1928950548 0.9602928758 0.2015666664 0.8746777177 0.0751888156 0.4788377285
-174.2 5.0 2387.9 0.4529236853 0.2443740219 -0.8574039340 -0.1618650258 0.9682577848 0.1904639751 0.8767324686 0.0525180623 0.4781025052
-188.6 215.0 2278.3 -0.0561583675 0.3150525391 -0.9474112988 0.7227417827 0.6675003767 0.1791298985 0.6888327599 -0.6746740937 -0.2651873529
-174.5 34.0 2105.8 -0.9397789836 0.3150525391 -0.1325041950 0.3186600804 0.6675003767 -0.6729776859 -0.1235767305 -0.6746740937 -0.7276974916
-64.9 170.8 2517.8 0.3860070705 0.9044019580 0.1818121821 -0.8467991352 0.4255694747 -0.3190953135 -0.3659641445 -0.0307853539 0.9301196337
73.1 -131.9 2387.0 -0.0612671785 0.9044019580 0.4222599268 0.0581215918 0.4255694747 -0.9030572772 -0.9964277148 -0.0307853539 -0.0786387175
