-173.6 466.2 2775.3 0.1740247607 0.2230746746 -0.9591418505 -0.2784826458 0.9453930855 0.1693497002 0.9445437193 0.2376333177 0.2266442329
-218.9 273.9 2726.9 0.1740247607 0.2230746746 -0.9591418505 -0.2784826458 0.9453930855 0.1693497002 0.9445437193 0.2376333177 0.2266442329
-259.9 83.6 2686.9 0.1827044040 0.2062674016 -0.9612870812 -0.2400130332 0.9575198889 0.1598416418 0.9534216523 0.2015176564 0.2244499773
-245.6 308.9 2587.7 -0.2802796066 0.8091733456 -0.5164124370 0.6352819800 0.5596675873 0.5321550369 0.7196249962 -0.1789153069 -0.6709166765
-154.1 101.4 2352.7 -0.5865423679 0.8091733456 0.0347354189 0.7513983250 0.5596675873 -0.3495321870 -0.3022724390 -0.1789153069 -0.9362802505
-192.3 238.8 2866.1 0.2414612770 0.9392063618 -0.2441063076 -0.9693571925 0.2451602221 -0.0155923218 0.0452007502 0.2403911501 0.9696230888
-127.8 -20.1 2878.2 0.3384916186 0.9392063618 -0.0575749241 -0.7785148621 0.2451602221 -0.5777638555 -0.5285243988 0.2403911501 0.8141707778
-315.7 -84.2 2558.3 0.2357427776 0.1648084372 -0.9577387571 0.0375660062 0.9832330346 0.1784422100 0.9710891247 -0.0780448839 0.2255988866
-381.2 -474.7 2589.3 0.2401652038 -0.0034658846 -0.9707258344 -0.1401380152 0.9893946648 -0.0382037871 0.9605633616 0.1452108175 0.2371324748
-286.8 -127.2 2734.1 -0.3586909771 0.1522569954 0.9209552407 -0.0287778657 0.9843350649 -0.1739435941 -0.9330126643 -0.0888951197 -0.3486904800
-347.3 -518.0 2769.3 -0.3624511957 -0.1804081649 0.9143751860 -0.0087296097 0.9817004800 0.1902312338 -0.9319618344 0.0609674044 -0.3573934138
18.7 -119.9 2441.8 0 0 0 0 0 0 0 0 0
-39.9 -222.3 2740.9 0 0 0 0 0 0 0 0 0
-379.9 -826.8 2537.6 0 0 0 0 0 0 0 0 0
-288.3 -839.0 2749.4 0 0 0 0 0 0 0 0 0
-172.7 466.4 2776.0 0.2016610205 0.2133534253 -0.9559357166 -0.2739037275 0.9493317008 0.1540976614 0.9403773546 0.2307588607 0.2498814911
-216.2 272.7 2728.9 0.2016610205 0.2133534253 -0.9559357166 -0.2739037275 0.9493317008 0.1540976614 0.9403773546 0.2307588607 0.2498814911
-255.9 82.0 2689.6 0.2091422677 0.1994741559 -0.9573241472 -0.2393092662 0.9596470594 0.1476773620 0.9481511712 0.1982109547 0.2484387755
-246.8 307.7 2590.5 -0.2887857258 0.8410181403 -0.4574836493 0.6366821527 0.5255697966 0.5642802715 0.7150095105 -0.1283155829 -0.6872383356
-149.1 92.4 2348.7 -0.5353972912 0.8410181403 0.0777060539 0.7744823098 0.5255697966 -0.3520704210 -0.3369375467 -0.1283155829 -0.9327422976
-185.7 237.8 2867.4 0.2543600500 0.9418098330 -0.2197616696 -0.9663927555 0.2562699914 -0.0202679168 0.0372297987 0.2175314277 0.9753430486
-117.8 -20.3 2877.3 0.3347784281 0.9418098330 -0.0302924216 -0.7734100223 0.2562699914 -0.5797953010 -0.5382938981 0.2175314277 0.8141988516
-317.7 -84.7 2559.5 0.2591283619 0.1484248787 -0.9543702602 0.0383570231 0.9857606292 0.1637213677 0.9650809765 -0.0790316463 0.2497453988
-376.6 -476.3 2590.9 0.2615180910 0.0116270557 -0.9651285410 -0.1478045434 0.9886161685 -0.0281401593 0.9538145065 0.1500095427 0.2602595687
-284.2 -128.7 2734.2 -0.3792937696 0.1685852557 0.9097885489 -0.0189434960 0.9816405773 -0.1897971481 -0.9250823855 -0.0892234594 -0.3691365719
-351.1 -518.5 2769.7 -0.3803117871 -0.1955836117 0.9039413333 -0.0138761615 0.9784802794 0.2058733553 -0.9247542024 0.0657528266 -0.3748415411
9.3 -136.8 2448.4 0 0 0 0 0 0 0 0 0
-30.8 -221.2 2737.5 0 0 0 0 0 0 0 0 0
-380.7 -826.2 2537.8 0 0 0 0 0 0 0 0 0
-286.7 -840.6 2748.0 0 0 0 0 0 0 0 0 0
-172.3 466.3 2775.9 0.2225662768 0.2125054300 -0.9514755607 -0.2718383670 0.9507754445 0.1487614512 0.9362521768 0.2255382687 0.2693776786
-215.5 272.9 2730.0 0.2225662768 0.2125054300 -0.9514755607 -0.2718383670 0.9507754445 0.1487614512 0.9362521768 0.2255382687 0.2693776786
-255.1 82.1 2691.2 0.2295658588 0.1994775683 -0.9526322484 -0.2393695563 0.9602811337 0.1433958113 0.9433990121 0.1951123774 0.2681966126
-249.0 307.9 2592.3 -0.2282518297 0.8272479773 -0.5133827925 0.6205289960 0.5299328566 0.5780267715 0.7502298951 -0.1866332442 -0.6342895031
-174.2 104.5 2346.4 -0.5607612133 0.8272479773 0.0347514674 0.7582316995 0.5299328566 -0.3798103333 -0.3326132596 -0.1866332442 -0.9244114161
-182.0 238.0 2867.8 0.2591648996 0.9449767470 -0.1996308118 -0.9653354883 0.2600718439 -0.0221369527 0.0309994463 0.1984478235 0.9796211123
-112.7 -19.8 2876.0 0.3269484043 0.9449767470 -0.0111193107 -0.7714342475 0.2600718439 -0.5807338357 -0.5458881855 0.1984478235 0.8140175343
-314.7 -86.7 2563.3 0.2753986120 0.1576369256 -0.9483175874 0.0166442133 0.9855342507 0.1686569899 0.9611860514 -0.0622319020 0.2687910199
-377.3 -478.2 2588.0 0.2767358720 0.0116347922 -0.9608755708 -0.1318582892 0.9909281731 -0.0259770080 0.9518564343 0.1338881850 0.2757594883
-276.3 -130.6 2737.1 -0.3981271684 0.1643276811 0.9024916291 -0.0196399428 0.9820716977 -0.1874818057 -0.9171199799 -0.0923664868 -0.3877620399
-341.6 -520.7 2773.7 -0.4017930329 -0.1655327380 0.9006448984 0.0015826391 0.9833991528 0.1814484745 -0.9157291651 0.0743301287 -0.3948609531
-10.2 -117.2 2443.6 0 0 0 0 0 0 0 0 0
-27.8 -220.3 2734.2 0 0 0 0 0 0 0 0 0
-381.4 -826.5 2540.9 0 0 0 0 0 0 0 0 0
-287.4 -842.6 2749.4 0 0 0 0 0 0 0 0 0
-164.4 470.1 2775.8 0.2589519620 0.2207764536 -0.9403199553 -0.2827280164 0.9482123256 0.1447698325 0.9235847592 0.2283663750 0.3079611063
-209.4 276.4 2729.2 0.2589519620 0.2207764536 -0.9403199553 -0.2827280164 0.9482123256 0.1447698325 0.9235847592 0.2283663750 0.3079611063
-249.0 85.6 2690.0 0.2668838501 0.1991994977 -0.9429170489 -0.2466897815 0.9599286914 0.1329701245 0.9316207170 0.1971204281 0.3053299487
-248.4 312.4 2593.2 -0.1620181352 0.8015020490 -0.5756254196 0.6314695477 0.5324666500 0.5636714101 0.7582851052 -0.2721649408 -0.5923933983
-195.8 107.2 2346.9 -0.5952530503 0.8015020490 -0.0571690202 0.7539193034 0.5324666500 -0.3848180175 -0.2779918313 -0.2721649408 -0.9212202430
-170.5 240.4 2865.1 0.2674456537 0.9498092532 -0.1622813493 -0.9635053873 0.2656014562 -0.0333656147 0.0114111947 0.1652824432 0.9861802459
-99.1 -16.9 2868.2 0.3119079769 0.9498092532 0.0239966344 -0.7635108829 0.2656014562 -0.5886484385 -0.5654772520 0.1652824432 0.8080329299
-315.8 -86.8 2566.0 0.3101695180 0.1671080887 -0.9358791113 0.0020712537 0.9843088388 0.1764420122 0.9506790042 -0.0566653796 0.3049564958
-382.2 -477.9 2588.5 0.3136846423 -0.0051049893 -0.9495134950 -0.1318295449 0.9900667667 -0.0488746949 0.9403312802 0.1405051649 0.3098957539
-273.7 -130.6 2738.9 -0.4300689697 0.1787293106 0.8849273920 -0.0006920261 0.9801418781 -0.1982961595 -0.9027957916 -0.0858934224 -0.4214049578
-344.7 -520.1 2773.1 -0.4285972118 -0.1731434613 0.8867501020 -0.0091314074 0.9822458029 0.1873760670 -0.9034495354 0.0722115859 -0.4225688577
-22.6 -112.1 2427.8 0 0 0 0 0 0 0 0 0
-18.1 -215.2 2721.3 0 0 0 0 0 0 0 0 0
-380.4 -825.9 2539.1 0 0 0 0 0 0 0 0 0
-288.4 -839.4 2749.6 0 0 0 0 0 0 0 0 0
-156.9 468.7 2776.3 0.3007210493 0.2241006196 -0.9270090461 -0.2879472971 0.9479746222 0.1357590705 0.9092047215 0.2261041254 0.3496050835
-202.4 276.6 2730.5 0.3007210493 0.2241006196 -0.9270090461 -0.2879472971 0.9479746222 0.1357590705 0.9092047215 0.2261041254 0.3496050835
-243.8 86.2 2691.2 0.3079352975 0.2082573473 -0.9283344150 -0.2561467588 0.9578676224 0.1299169213 0.9162776470 0.1977838576 0.3483057022
-247.3 314.0 2596.8 -0.1268291622 0.7971509695 -0.5903089643 0.6529145241 0.5151026249 0.5553124547 0.7467375994 -0.3149914742 -0.5858014822
-205.1 96.6 2348.3 -0.5978806615 0.7971509695 -0.0841966644 0.7461787462 0.5151026249 -0.4217659831 -0.2928412557 -0.3149914742 -0.9027870297
-157.5 239.2 2864.1 0.2669873834 0.9564037323 -0.1183622628 -0.9636464119 0.2636559010 -0.0432565697 -0.0101638352 0.1256083250 0.9920278192
-86.2 -18.1 2861.4 0.2859457731 0.9564037323 0.0593877956 -0.7579256296 0.2636559010 -0.5966861248 -0.5863307714 0.1256083250 0.8002741933
-313.1 -82.5 2565.5 0.3523898721 0.1618970931 -0.9217432737 -0.0061603226 0.9853028059 0.1707056761 0.9358330369 -0.0544767193 0.3482080698
-377.4 -474.1 2587.1 0.3535920382 0.0114266491 -0.9353299141 -0.1266174763 0.9913069606 -0.0357559547 0.9267905354 0.1310721338 0.3519650698
-264.2 -127.7 2736.2 -0.4675006568 0.2257911712 0.8546704054 0.0196863674 0.9692491293 -0.2452928275 -0.8837735057 -0.0978491977 -0.4575695992
-353.8 -512.4 2775.0 -0.4588394165 -0.2051408738 0.8645135164 -0.0236763842 0.9754597545 0.2189011574 -0.8882036805 0.0799719170 -0.4524363577
-30.5 -121.2 2433.8 0 0 0 0 0 0 0 0 0
-11.9 -214.9 2709.2 0 0 0 0 0 0 0 0 0
-381.5 -826.6 2540.5 0 0 0 0 0 0 0 0 0
-285.5 -837.2 2748.4 0 0 0 0 0 0 0 0 0
-155.0 465.0 2776.5 0.3444291949 0.2276469022 -0.9107938409 -0.2952320278 0.9472000599 0.1251003593 0.8911827207 0.2258072942 0.3934519887
-201.1 273.4 2730.9 0.3444291949 0.2276469022 -0.9107938409 -0.2952320278 0.9472000599 0.1251003593 0.8911827207 0.2258072942 0.3934519887
-242.5 83.1 2691.7 0.3520587385 0.2087122053 -0.9124110341 -0.2619231045 0.9578427672 0.1180401817 0.8985827565 0.1974244416 0.3918834925
-252.4 311.6 2599.8 -0.1318064034 0.8055552244 -0.5776745677 0.6808682084 0.4971136451 0.5378628969 0.7204481363 -0.3224264681 -0.6139997244
-208.7 85.8 2360.9 -0.5847129822 0.8055552244 -0.0958724320 0.7549874187 0.4971136451 -0.4276354015 -0.2968244255 -0.3224264681 -0.8988528252
-149.7 235.2 2861.9 0.2745733857 0.9588639736 -0.0720371827 -0.9610314369 0.2711513937 -0.0538103804 -0.0320638530 0.0840048864 0.9959493279
-76.4 -21.4 2853.3 0.2651375234 0.9588639736 0.1014001146 -0.7497767806 0.2711513937 -0.6035823822 -0.6062481403 0.0840048864 0.7908263803
-313.3 -80.6 2568.0 0.3919199705 0.1546055526 -0.9069156051 -0.0327381194 0.9874978662 0.1541951001 0.9194166660 -0.0307414271 0.3920816481
-374.8 -473.0 2580.2 0.3911785483 0.0244126171 -0.9199909568 -0.1048693135 0.9943193793 -0.0182052758 0.9143204093 0.1036003381 0.3915165365
-256.9 -127.6 2735.8 -0.4978494048 0.2504093945 0.8303259015 0.0656509027 0.9655434489 -0.2518250644 -0.8647750616 -0.0708593056 -0.4971348047
-356.3 -510.8 2764.0 -0.4751809239 -0.2084825188 0.8548322320 -0.0591530427 0.9768950343 0.2053702921 -0.8778975010 0.0470221154 -0.4765342772
-38.1 -134.5 2447.4 0 0 0 0 0 0 0 0 0
-7.6 -216.1 2695.9 0 0 0 0 0 0 0 0 0
-383.4 -826.4 2543.4 0 0 0 0 0 0 0 0 0
-285.8 -841.2 2748.1 0 0 0 0 0 0 0 0 0
-150.7 460.8 2776.1 0.3750292063 0.2371247411 -0.8961724043 -0.3087613285 0.9434841275 0.1204332039 0.8740820885 0.2315374166 0.4270490408
-198.6 270.4 2729.4 0.3750292063 0.2371247411 -0.8961724043 -0.3087613285 0.9434841275 0.1204332039 0.8740820885 0.2315374166 0.4270490408
-240.3 80.4 2688.8 0.3834254146 0.2099691927 -0.8993874788 -0.2730890214 0.9560448527 0.1067734361 0.8822739720 0.2046732157 0.4239121974
-254.5 310.3 2600.7 -0.1229548752 0.7933287024 -0.5962480307 0.7184826136 0.4856108427 0.4979606569 0.6845909953 -0.3671671748 -0.6297010779
-213.3 69.7 2371.5 -0.5960633159 0.7933287024 -0.1238473654 0.7422652245 0.4856108427 -0.4617623389 -0.3061876595 -0.3671671748 -0.8783150911
-142.6 230.6 2858.1 0.2786598206 0.9596258998 -0.0383000821 -0.9587780237 0.2756613195 -0.0689602122 -0.0556181520 0.0559377149 0.9968839288
-68.2 -25.4 2843.2 0.2487829924 0.9596258998 0.1312448382 -0.7390141487 0.2756613195 -0.6147104502 -0.6260712147 0.0559377149 0.7777569294
-316.2 -83.3 2570.2 0.4230042398 0.1401259005 -0.8952274323 -0.0419676043 0.9899399281 0.1351206899 0.9051553011 -0.0195860751 0.4246295393
-371.9 -476.6 2578.0 0.4219335914 0.0315601937 -0.9060772657 -0.0939012393 0.9955403805 -0.0090507073 0.9017508626 0.0889005736 0.4230154455
-251.8 -131.3 2734.7 -0.5280850530 0.2642442584 0.8070323467 0.0710507482 0.9607703090 -0.2680898905 -0.8462139368 -0.0842340142 -0.5261431932
-356.7 -512.8 2768.1 -0.5045748949 -0.2063050121 0.8383569717 -0.0634619519 0.9772666693 0.2022929490 -0.8610323668 0.0488681681 -0.5061967373
-38.9 -147.4 2461.1 0 0 0 0 0 0 0 0 0
-3.6 -217.3 2680.7 0 0 0 0 0 0 0 0 0
-382.9 -823.0 2547.0 0 0 0 0 0 0 0 0 0
-286.3 -846.2 2751.5 0 0 0 0 0 0 0 0 0
-147.8 457.2 2777.0 0.3726811111 0.2455990613 -0.8948686123 -0.3268539906 0.9372818470 0.1211163625 0.8684902191 0.2473536134 0.4295822978
-197.3 268.3 2727.1 0.3726811111 0.2455990613 -0.8948686123 -0.3268539906 0.9372818470 0.1211163625 0.8684902191 0.2473536134 0.4295822978
-241.3 79.6 2683.1 0.3809619546 0.2214163691 -0.8976874948 -0.2933957279 0.9496730566 0.1097270027 0.8768049479 0.2215758562 0.4267519116
-252.9 311.1 2599.1 -0.1273245066 0.8035582304 -0.5814487338 0.7646086812 0.4529268742 0.4585093856 0.6317927241 -0.3862012327 -0.6720762849
-210.0 53.7 2386.5 -0.5846570134 0.8035582304 -0.1116707325 0.7223238349 0.4529268742 -0.5225949883 -0.3693568408 -0.3862012327 -0.8452361226
-141.7 225.4 2855.0 0.2676647902 0.9627467990 -0.0383947380 -0.9607369900 0.2636596560 -0.0864179134 -0.0730754286 0.0600182787 0.9955188632
-70.2 -31.1 2835.5 0.2398637384 0.9627467990 0.1248358414 -0.7302379012 0.2636596560 -0.6302667856 -0.6397014856 0.0600182787 0.7662765980
-317.2 -84.5 2567.3 0.4293049276 0.1401969641 -0.8922119141 -0.0224315282 0.9892288446 0.1446482837 0.9028810263 -0.0420845412 0.4278256297
-372.9 -477.5 2584.0 0.4286510646 0.0260337610 -0.9030949473 -0.1080259383 0.9938906431 -0.0226230025 0.8969886899 0.1072550565 0.4288446009
-246.9 -134.5 2728.9 -0.3580576777 0.2737779021 0.8926591277 -0.0073515121 0.9551892281 -0.2959046066 -0.9336705208 -0.1125133112 -0.3400001526
-355.7 -513.8 2773.6 -0.3580576777 -0.2201669514 0.9073705077 -0.0073515121 0.9724360704 0.2330536544 -0.9336705208 0.0767761096 -0.3498067558
-39.0 -157.5 2494.5 0 0 0 0 0 0 0 0 0
-7.9 -220.7 2669.4 0 0 0 0 0 0 0 0 0
-381.9 -821.0 2547.0 0 0 0 0 0 0 0 0 0
-281.3 -842.2 2747.6 0 0 0 0 0 0 0 0 0
-144.3 455.8 2776.4 0.3727604747 0.2564505339 -0.8917862773 -0.3297603726 0.9349288940 0.1310194731 0.8673567772 0.2452368885 0.4330717325
-196.0 267.6 2727.0 0.3727604747 0.2564505339 -0.8917862773 -0.3297603726 0.9349288940 0.1310194731 0.8673567772 0.2452368885 0.4330717325
-243.1 79.7 2682.5 0.3800044954 0.2372027785 -0.8940533400 -0.3021682501 0.9453657866 0.1223842949 0.8742373586 0.2236479670 0.4309183955
-251.5 311.7 2599.3 -0.1418410391 0.8246205449 -0.5476149321 0.7986212373 0.4221941233 0.4289011955 0.5848805308 -0.3765011132 -0.7184439301
-203.5 41.6 2401.5 -0.5599855185 0.8246205449 -0.0801075548 0.7034963369 0.4221941233 -0.5717036128 -0.4376176298 -0.3765011132 -0.8165401220
-140.5 223.4 2854.6 0.2524159849 0.9669648409 -0.0355699509 -0.9645346403 0.2485086769 -0.0889740139 -0.0771952942 0.0567669123 0.9953986406
-73.1 -34.1 2834.0 0.2258018851 0.9669648409 0.1182901189 -0.7316979766 0.2485086769 -0.6347137094 -0.6431419253 0.0567669123 0.7636399269
-320.2 -82.2 2558.7 0.4362108409 0.1397793889 -0.8889217377 -0.0085740434 0.9884622693 0.1512243003 0.8998036385 -0.0583440252 0.4323764443
-375.7 -474.9 2581.9 0.4365418553 0.0163597744 -0.8995351791 -0.0998518616 0.9945387244 -0.0303702261 0.8941257000 0.1030781418 0.4357913136
-250.4 -136.0 2719.4 -0.3674852252 0.2612142563 0.8925926685 -0.0175762195 0.9576247931 -0.2874819040 -0.9298632741 -0.1213337630 -0.3473218083
-354.1 -516.3 2767.6 -0.3655886948 -0.2177560031 0.9049459696 -0.0261255000 0.9742660522 0.2238819748 -0.9304097891 0.0582065545 -0.3618696332
-38.4 -165.8 2530.5 0 0 0 0 0 0 0 0 0
-14.4 -224.2 2666.9 0 0 0 0 0 0 0 0 0
-381.4 -819.9 2546.2 0 0 0 0 0 0 0 0 0
-280.8 -844.3 2748.0 0 0 0 0 0 0 0 0 0
-142.0 454.7 2777.1  0.3881707191 0.2541583180 -0.8858482242 -0.3161564171 0.9396125674 0.1310469210 0.8656607866 0.2291980088 0.4450838864
-193.2 265.2 2730.8 0.3881707191 0.2541583180 -0.8858482242 -0.3161564171 0.9396125674 0.1310469210 0.8656607866 0.2291980088 0.4450838864
-240.7 76.8 2689.4 0.3946693838 0.2388612628 -0.8872324228 -0.2912707329 0.9483402371 0.1257462054 0.8714341521 0.2087966651 0.4438541532
-250.9 307.7 2603.6 -0.0358479097 0.7758253813 -0.6299285293 0.7548719645 0.4340871274 0.4916672409 0.6548917890 -0.4578901231 -0.6012099385
-239.6 71.0 2398.2 -0.6188652515 0.7758253813 -0.1228854209 0.6648836136 0.4340871274 -0.6078636050 -0.4182530046 -0.4578901231 -0.7844750285
-135.6 222.6 2858.1 0.2532417476 0.9672104120 -0.0193041340 -0.9648638368 0.2510819435 -0.0774315596 -0.0700456873 0.0382347666 0.9968107939
-68.0 -35.0 2839.4 0.2169948816 0.9672104120 0.1319744438 -0.7387288213 0.2510819435 -0.6254898310 -0.6381167173 0.0382347666 0.7689897418
-325.1 -80.4 2558.0 0.4506580532 0.1300633401 -0.8831709027 0.0025037879 0.9891411662 0.1469470561 0.8926931620 -0.0684341490 0.4454388022
-376.8 -473.4 2585.2 0.4528920949 0.0064924099 -0.8915417194 -0.1118466333 0.9924874306 -0.0495891757 0.8845219612 0.1221744791 0.4502158463
-255.4 -135.8 2718.3 -0.3818007112 0.2471841276 0.8905774951 -0.0267973281 0.9602076411 -0.2779986262 -0.9238561392 -0.1300051659 -0.3599840701
-353.6 -517.2 2769.9 -0.3827808201 -0.2138539702 0.8987465501 -0.0223486405 0.9746975303 0.2224078774 -0.9235688448 0.0650477037 -0.3778748512
-60.4 -121.5 2519.3 0 0 0 0 0 0 0 0 0
-11.6 -226.9 2673.6 0 0 0 0 0 0 0 0 0
-379.0 -818.4 2542.7 0 0 0 0 0 0 0 0 0
-281.7 -844.9 2748.0 0 0 0 0 0 0 0 0 0
-141.7 451.8 2766.4  0.3818939924 0.2685803175 -0.8843198419 -0.3056883216 0.9396952391 0.1533869356 0.8721878529 0.2117487043 0.4409658313
-196.4 260.7 2723.4 0.3818939924 0.2685803175 -0.8843198419 -0.3056883216 0.9396952391 0.1533869356 0.8721878529 0.2117487043 0.4409658313
-243.4 71.4 2685.6 0.3906870782 0.2369193137 -0.8895127177 -0.2727702558 0.9527090788 0.1339467913 0.8791814446 0.1903013289 0.4368356764
-253.4 300.5 2595.0 -0.0053504445 0.7261928320 -0.6874702573 0.7466940880 0.4601825774 0.4802915156 0.6651460528 -0.5107602477 -0.5447060466
-251.8 78.3 2397.1 -0.6770757437 0.7261928320 -0.1192159206 0.6075540781 0.4601825774 -0.6473870873 -0.4152667522 -0.5107602477 -0.7527798414
-139.3 220.9 2851.7 0.2545306087 0.9667640924 -0.0241113883 -0.9658311605 0.2528679967 -0.0568154007 -0.0488300920 0.0377487876 0.9980934858
-71.3 -37.0 2838.7 0.2208369374 0.9667640924 0.1288341582 -0.7514974475 0.2528679967 -0.6093515754 -0.6216772795 0.0377487876 0.7823633552
-324.3 -84.9 2568.0 0.4409647584 0.1344838738 -0.8873918056 -0.0184350554 0.9898590446 0.1408519447 0.8973350525 -0.0457516275 0.4389721751
-377.7 -478.2 2586.2 0.4433619976 0.0013746998 -0.8963416219 -0.1250940114 0.9903072715 -0.0603570752 0.8875706196 0.1388870031 0.4392365813
-251.9 -138.3 2727.8 -0.3638178408 0.2548470795 0.8959293962 0.0051168595 0.9623768330 -0.2716701925 -0.9314560294 -0.0942541212 -0.3514338732
-353.1 -520.5 2765.2 -0.3555466235 -0.2233637124 0.9075765610 -0.0320811197 0.9733690023 0.2269880027 -0.9341078401 0.0515887402 -0.3532438278
-56.4 -97.0 2516.9 0 0 0 0 0 0 0 0 0
-14.0 -232.3 2677.2 0 0 0 0 0 0 0 0 0
-378.2 -819.3 2538.3 0 0 0 0 0 0 0 0 0
-278.6 -845.0 2748.0 0 0 0 0 0 0 0 0 0
-140.3 449.2 2760.6  0.3864675164 0.2727998197 -0.8810352683 -0.2997973263 0.9405381083 0.1597174406 0.8722181320 0.2024064064 0.4452720582
-195.7 258.1 2719.5 0.3864675164 0.2727998197 -0.8810352683 -0.2997973263 0.9405381083 0.1597174406 0.8722181320 0.2024064064 0.4452720582
-243.7 68.7 2683.5 0.3953701556 0.2416289300 -0.8861703277 -0.2670219541 0.9533473253 0.1408124119 0.8788524866 0.1809539199 0.4414453208
-253.5 297.1 2591.1 -0.0586592518 0.7198302746 -0.6916671991 0.7759385705 0.4687958658 0.4220779538 0.6280751824 -0.5119324923 -0.5860432386
-236.1 67.1 2404.9 -0.6875042319 0.7198302746 -0.0958243385 0.5832926035 0.4687958658 -0.6633251309 -0.4325594306 -0.5119324923 -0.7421708107
-138.0 219.1 2847.8 0.2507010102 0.9679002762 -0.0178341754 -0.9671300650 0.2496071905 -0.0485359840 -0.0425264537 0.0294159856 0.9986622334
-71.0 -39.1 2836.5 0.2140615284 0.9679002762 0.1317069232 -0.7573626041 0.2496071905 -0.6034054160 -0.6169112921 0.0294159856 0.7864828110
-326.3 -92.8 2567.2 0.4448369443 0.1402303427 -0.8845651746 -0.0259490311 0.9892694354 0.1437796950 0.8952355981 -0.0410049111 0.4437024295
-382.1 -485.9 2583.5 0.4470039308 -0.0033369742 -0.8945257664 -0.1168299839 0.9912098646 -0.0620788187 0.8868699074 0.1322569102 0.4426848292
-254.7 -142.8 2728.4 -0.2845564485 0.2600061297 0.9227266312 -0.0185966119 0.9608395696 -0.2764805555 -0.9584789276 -0.0958339125 -0.2685778439
-358.0 -524.5 2766.4 -0.2845564485 -0.2427145839 0.9274250865 -0.0185966119 0.9686343670 0.2477934957 -0.9584789276 0.0532642715 -0.2801448107
-37.8 -101.1 2529.7 0 0 0 0 0 0 0 0 0
-15.4 -235.9 2676.2 0 0 0 0 0 0 0 0 0
-380.9 -822.2 2538.6 0 0 0 0 0 0 0 0 0
-277.8 -844.6 2748.8 0 0 0 0 0 0 0 0 0
-139.2 448.6 2757.7  0.4021309018 0.2772948742 -0.8725814223 -0.2998374999 0.9403655529 0.1606550813 0.8650943637 0.1970282495 0.4612934589
-195.6 257.6 2717.6 0.4021309018 0.2772948742 -0.8725814223 -0.2998374999 0.9403655529 0.1606550813 0.8650943637 0.1970282495 0.4612934589
-244.5 68.1 2683.2 0.4117530584 0.2465850562 -0.8772999644 -0.2650529444 0.9534813762 0.1435973048 0.8718981147 0.1734042913 0.4579569697
-255.7 296.3 2590.3 -0.1711451262 0.7383938432 -0.6522912383 0.7975199223 0.4925678074 0.3483373523 0.5785078406 -0.4605990350 -0.6731843948
-203.9 55.1 2415.3 -0.6709953547 0.7383938432 -0.0673776343 0.6048737168 0.4925678074 -0.6257033944 -0.4288274646 -0.4605990350 -0.7771457434
-135.4 218.9 2845.0 0.2482614815 0.9686922431 0.0012729976 -0.9676750302 0.2480605990 -0.0455078110 -0.0443988442 0.0100659886 0.9989631772
-69.1 -39.6 2833.1 0.2009452581 0.9686922431 0.1457956880 -0.7596032619 0.2480605990 -0.6012227535 -0.6185659766 0.0100659886 0.7856683731
-328.0 -96.2 2567.0 0.4623091221 0.1446661353 -0.8748382926 -0.0212589018 0.9881263375 0.1521655470 0.8864639401 -0.0517494194 0.4598952830
-385.5 -488.8 2587.6 0.4655239284 -0.0088314377 -0.8849912286 -0.1208273247 0.9899534583 -0.0734365731 0.8767486811 0.1411176026 0.4597799182
-255.5 -145.2 2728.2 -0.2982683182 0.2389326543 0.9240926504 -0.0028947268 0.9679304361 -0.2512016594 -0.9544776678 -0.0776004866 -0.2880113423
-350.4 -529.6 2759.0 -0.2891279459 -0.2165951878 0.9324653149 -0.0453591831 0.9760729074 0.2126599997 -0.9562152028 0.0191900879 -0.2920345366
-9.3 -120.4 2539.7 0 0 0 0 0 0 0 0 0
-16.9 -236.9 2672.4 0 0 0 0 0 0 0 0 0
-382.5 -823.1 2539.9 0 0 0 0 0 0 0 0 0
-279.8 -847.7 2752.7 0 0 0 0 0 0 0 0 0
-140.0 446.0 2758.7  0.4179933071 0.2694063783 -0.8675838709 -0.3141002357 0.9389742017 0.1402444690 0.8524216413 0.2138870656 0.4771055281
-194.4 256.4 2715.5 0.4179933071 0.2694063783 -0.8675838709 -0.3141002357 0.9389742017 0.1402444690 0.8524216413 0.2138870656 0.4771055281
-242.3 67.0 2679.2 0.4289393723 0.2411221266 -0.8705579638 -0.2735320032 0.9531431794 0.1292220354 0.8609246612 0.1826970279 0.4747952521
-257.0 296.3 2589.8 -0.2566865385 0.7591828704 -0.5981249213 0.8042041063 0.5110220909 0.3034999073 0.5360669494 -0.4031101465 -0.7417104840
-178.3 49.6 2425.4 -0.6488377452 0.7591828704 -0.0514876507 0.6431802511 0.5110220909 -0.5702416897 -0.4066063762 -0.4031101465 -0.8198618293
-131.7 216.4 2841.3 0.2558520138 0.9665317535 0.0188712757 -0.9646995068 0.2565298676 -0.0595588088 -0.0624065250 -0.0029668708 0.9980463982
-63.4 -41.2 2824.6 0.1968535036 0.9665317535 0.1645146608 -0.7490049601 0.2565298676 -0.6108878851 -0.6326454878 -0.0029668708 0.7744358778
-331.3 -97.0 2568.8 0.4792951047 0.1441524625 -0.8657345176 -0.0174489673 0.9877893329 0.1548154205 0.8774803281 -0.0590961017 0.4759579003
-388.6 -489.6 2592.3 0.4843438566 -0.0208587628 -0.8746290207 -0.1243669987 0.9879217148 -0.0924314335 0.8659930229 0.1535435766 0.4758996665
-255.8 -145.6 2728.7 -0.3157122433 0.2324369699 0.9199450016 0.0028466014 0.9697594047 -0.2440463603 -0.9488506913 -0.0744297057 -0.3068265617
-348.1 -530.9 2758.3 -0.3054404557 -0.2137079984 0.9279197454 -0.0458880886 0.9766607285 0.2098286450 -0.9511048198 0.0215096921 -0.3081183434
11.1 -138.1 2544.1 0 0 0 0 0 0 0 0 0
-12.3 -235.8 2660.2 0 0 0 0 0 0 0 0 0
-381.5 -822.7 2540.5 0 0 0 0 0 0 0 0 0
-279.1 -846.4 2751.3 0 0 0 0 0 0 0 0 0
-138.9 444.3 2757.2  0.3596939147 0.2790559530 -0.8903639913 -0.3128919005 0.9350527525 0.1666584909 0.8790443540 0.2186416239 0.4236471355
-195.1 255.9 2713.2 0.3596939147 0.2790559530 -0.8903639913 -0.3128919005 0.9350527525 0.1666584909 0.8790443540 0.2186416239 0.4236471355
-244.6 66.7 2678.4 0.3742199838 0.2489917725 -0.8932874799 -0.2609637380 0.9526264071 0.1562076062 0.8898636699 0.1746596247 0.4214696586
-249.6 293.9 2583.5 -0.2698637545 0.7584064603 -0.5932900906 0.7906495333 0.5262061954 0.3130180836 0.5495879054 -0.3846123219 -0.7416377068
-167.3 52.8 2415.9 -0.6510536075 0.7584064603 -0.0308030285 0.6394914985 0.5262061954 -0.5604977012 -0.4088763595 -0.3846123219 -0.8275829554
-140.5 217.9 2842.9 0.2392565012 0.9701986313 -0.0383533984 -0.9705955982 0.2379041910 -0.0366849117 -0.0264672153 0.0460027456 0.9985906482
-76.7 -41.1 2835.9 0.2168192863 0.9701986313 0.1081852540 -0.7675796747 0.2379041910 -0.5951663852 -0.6031672955 0.0460027456 0.7962870002
-329.5 -97.3 2564.0 0.4312424958 0.1483065784 -0.8899635077 0.0112986639 0.9854325652 0.1696907729 0.9021652937 -0.0832332745 0.4232847393
-388.5 -488.8 2597.1 0.4390797019 -0.0193667356 -0.8982393742 -0.1378159225 0.9864838123 -0.0886368901 0.8878151774 0.1627103388 0.4304759502
-250.9 -147.5 2721.8 -0.2697165608 0.1775713265 0.9464256167 -0.0505351126 0.9788856506 -0.1980632991 -0.9616128206 -0.1012486741 -0.2550480962
-321.3 -535.7 2762.0 -0.2760091126 -0.1361342669 0.9514654279 -0.0067383600 0.9901685119 0.1397171319 -0.9611313939 0.0321518853 -0.2742128670
23.1 -134.3 2535.5 0 0 0 0 0 0 0 0 0
-20.4 -240.4 2679.3 0 0 0 0 0 0 0 0 0
-381.9 -823.9 2541.8 0 0 0 0 0 0 0 0 0
-278.9 -844.4 2752.0 0 0 0 0 0 0 0 0 0
-129.0 451.1 2756.0  0.3522170186 0.3202329278 -0.8794282675 -0.3324149847 0.9211808443 0.2023021430 0.8748962283 0.2210808545 0.4309057891
-194.1 263.8 2711.0 0.3522170186 0.3202329278 -0.8794282675 -0.3324149847 0.9211808443 0.2023021430 0.8748962283 0.2210808545 0.4309057891
-247.5 75.5 2676.8 0.3728634119 0.2682944238 -0.8882516623 -0.2668467462 0.9478496313 0.1742810160 0.8886876106 0.1720440388 0.4250119328
-248.6 302.7 2581.4 -0.3086827993 0.7601668835 -0.5717177391 0.7747863531 0.5496157408 0.3124557137 0.5517436266 -0.3465094268 -0.7586238980
-150.9 57.7 2406.9 -0.6480258703 0.7601668835 -0.0469972715 0.6799302697 0.5496157408 -0.4854043126 -0.3431578577 -0.3465094268 -0.8730257154
-139.7 224.9 2840.7 0.2206065208 0.9747355580 -0.0349770486 -0.9750258923 0.2194458395 -0.0341771729 -0.0256381389 0.0416432358 0.9988035560
-80.8 -35.4 2833.9 0.1996392906 0.9747355580 0.1001737937 -0.7723215818 0.2194458395 -0.5961232185 -0.6030452251 0.0416432358 0.7966192961
-328.4 -98.7 2562.2 0.4360692799 0.1523976177 -0.8869152069 0.0093467925 0.9847363234 0.1738016456 0.8998645544 -0.0840793699 0.4279888570
-388.9 -490.0 2595.7 0.4443562031 -0.0226645637 -0.8955634236 -0.1385343969 0.9859161377 -0.0936884806 0.8850739002 0.1656973958 0.4349581301
-259.9 -146.4 2725.1 -0.2719175518 0.1820404828 0.9449455738 -0.0319954604 0.9796915650 -0.1979411989 -0.9617885351 -0.0840576515 -0.2605708838
-332.1 -535.3 2758.5 -0.2752007246 -0.1701996773 0.9462011456 -0.0132886618 0.9847838283 0.1732748300 -0.9612949491 0.0351116098 -0.2732749581
37.9 -140.4 2506.9 0 0 0 0 0 0 0 0 0
-29.0 -236.0 2677.3 0 0 0 0 0 0 0 0 0
-381.3 -822.6 2539.8 0 0 0 0 0 0 0 0 0
-280.1 -836.2 2747.8 0 0 0 0 0 0 0 0 0
-122.1 452.1 2757.9  0.3479816318 0.3349945545 -0.8756068945 -0.3303627670 0.9178857207 0.2198778242 0.8773649335 0.2127544731 0.4300771058
-190.0 265.9 2714.7 0.3479816318 0.3349945545 -0.8756068945 -0.3303627670 0.9178857207 0.2198778242 0.8773649335 0.2127544731 0.4300771058
-248.3 79.2 2680.5 0.3661208749 0.2934720814 -0.8830796480 -0.2767283618 0.9403741360 0.1977823228 0.8884688616 0.1719609350 0.4255026579
-243.5 306.3 2585.0 -0.2583283186 0.7157671452 -0.6488018632 0.7547386289 0.5687502027 0.3269446492 0.6030224562 -0.4052167833 -0.6871414185
-163.5 72.7 2398.3 -0.6911804676 0.7157671452 -0.0997346416 0.6598391533 0.5687502027 -0.4910555184 -0.2947573066 -0.4052167833 -0.8654001951
-136.6 225.5 2844.5 0.1948453486 0.9801939726 -0.0354269147 -0.9804964662 0.1937037259 -0.0332500488 -0.0257291719 0.0412145816 0.9988189936
-84.6 -36.2 2837.6 0.1789423227 0.9801939726 0.0848494098 -0.7771142721 0.1937037259 -0.5988090038 -0.6033846140 0.0412145816 0.7963845134
-335.0 -88.4 2561.2 0.4371269345 0.1435415447 -0.8878715634 0.0006164633 0.9871342182 0.1598927677 0.8993996382 -0.0704407766 0.4314144552
-392.0 -480.6 2589.2 0.4436291158 -0.0298662558 -0.8957126737 -0.1154372394 0.9892147779 -0.0901577771 0.8887448907 0.1433952153 0.4353967905
-266.6 -137.2 2724.1 -0.2771419585 0.1858886927 0.9426758289 -0.0442781970 0.9775935411 -0.2057917863 -0.9598081708 -0.0987735242 -0.2627013922
-340.5 -525.5 2763.3 -0.2832671106 -0.1810877770 0.9417892098 -0.0118848700 0.9825988412 0.1853599846 -0.9589673877 0.0413133465 -0.2804901302
36.0 -117.8 2483.4 0 0 0 0 0 0 0 0 0
-38.1 -238.0 2680.9 0 0 0 0 0 0 0 0 0
-381.7 -822.6 2539.6 0 0 0 0 0 0 0 0 0
-282.0 -842.6 2750.0 0 0 0 0 0 0 0 0 0
-128.0 448.7 2757.8  0.3856919706 0.3171787262 -0.8663944602 -0.3232823610 0.9259772301 0.1950761229 0.8641355634 0.2048507482 0.4596802592
-192.4 260.4 2716.2 0.3856919706 0.3171787262 -0.8663944602 -0.3232823610 0.9259772301 0.1950761229 0.8641355634 0.2048507482 0.4596802592
-248.8 73.0 2682.5 0.4006193578 0.2835690975 -0.8712592721 -0.2768190205 0.9439253211 0.1799338162 0.8734273911 0.1690961570 0.4566520751
-250.9 300.8 2588.7 -0.2542184889 0.6743618250 -0.6932597160 0.7165006399 0.6127881408 0.3333429396 0.6496151090 -0.4119791090 -0.6389627457
-174.8 86.4 2394.2 -0.7295038700 0.6743618250 -0.1142811477 0.6392502785 0.6127881408 -0.4645963609 -0.2432759255 -0.4119791090 -0.8781173229
-134.0 220.0 2843.7 0.2100311667 0.9776942730 -0.0009149307 -0.9768846631 0.2098189741 -0.0408947952 -0.0397906341 0.0094829630 0.9991630316
-77.9 -40.7 2833.1 0.1711520553 0.9776942730 0.1217411235 -0.7697220445 0.2098189741 -0.6029129028 -0.6150081158 0.0094829630 0.7884637713
-340.2 -82.3 2564.9 0.4662735760 0.1171938702 -0.8768435121 -0.0073375963 0.9916644096 0.1286383122 0.8846101761 -0.0535467193 0.4632468224
-386.7 -476.2 2586.2 0.4704051316 -0.0144265126 -0.8823326230 -0.1122459993 0.9907665849 -0.0760420710 0.8752827048 0.1348088831 0.4644423723
-273.1 -133.0 2727.8 -0.3076445460 0.1841481775 0.9335117936 -0.0355402529 0.9781849384 -0.2046730965 -0.9508373737 -0.0961438045 -0.2943885922
-346.3 -521.6 2766.0 -0.3129598796 -0.1919838935 0.9301603436 -0.0089995665 0.9799125195 0.1992246956 -0.9497237206 0.0539782941 -0.3084010482
34.4 -96.9 2464.0 0 0 0 0 0 0 0 0 0
-33.5 -240.6 2673.3 0 0 0 0 0 0 0 0 0
-381.7 -821.6 2539.2 0 0 0 0 0 0 0 0 0
-283.7 -841.1 2748.4 0 0 0 0 0 0 0 0 0
-131.1 443.9 2757.8  0.3963293135 0.3112703562 -0.8637325168 -0.3164661527 0.9294350743 0.1897355616 0.8618423343 0.1981443465 0.4668689072
-194.2 255.5 2717.6 0.3963293135 0.3112703562 -0.8637325168 -0.3164661527 0.9294350743 0.1897355616 0.8618423343 0.1981443465 0.4668689072
-250.0 67.7 2685.1 0.4101366997 0.2810142040 -0.8676513433 -0.2727552056 0.9455997348 0.1773293614 0.8702830076 0.1639271379 0.4644732475
-254.1 295.4 2590.6 -0.2802973688 0.6988310814 -0.6580793858 0.6709292531 0.6329224706 0.3863457739 0.6865037084 -0.3332330287 -0.6462727189
-170.2 94.7 2385.3 -0.7111656666 0.6988310814 -0.0766714290 0.6647359133 0.6329224706 -0.3969072104 -0.2288440317 -0.3332330287 -0.9146508574
-134.3 215.7 2844.7 0.2139358371 0.9768081903 0.0087852096 -0.9760588408 0.2141157985 -0.0382572189 -0.0392510183 -0.0003902907 0.9992293119
-77.2 -44.8 2834.2 0.1686671674 0.9768081903 0.1318981200 -0.7705893517 0.2141157985 -0.6002886891 -0.6146083474 -0.0003902907 0.7888323069
-341.8 -89.2 2568.9 0.4746378064 0.1100440919 -0.8732750416 -0.0035955759 0.9923878312 0.1230996177 0.8801738620 -0.0552878045 0.4714204371
-385.5 -483.5 2590.8 0.4796311557 -0.0102378335 -0.8774104714 -0.1274718344 0.9885114431 -0.0812158957 0.8681617975 0.1507987976 0.4728158712
-268.4 -139.9 2728.9 -0.3153643012 0.1936989576 0.9289919734 -0.0332767479 0.9760876894 -0.2148150653 -0.9483870864 -0.0986588374 -0.3013775349
-345.4 -527.7 2768.1 -0.3182251751 -0.1915711761 0.9284574389 -0.0188142676 0.9804531336 0.1958510876 -0.9478284717 0.0448564999 -0.3156091571
33.3 -95.5 2450.7 0 0 0 0 0 0 0 0 0
-33.4 -245.0 2674.6 0 0 0 0 0 0 0 0 0
-382.1 -820.3 2539.4 0 0 0 0 0 0 0 0 0
-283.6 -844.1 2753.7 0 0 0 0 0 0 0 0 0
-132.4 442.7 2766.8  0.3617371917 0.2958720326 -0.8840848207 -0.3113618791 0.9321942925 0.1845739782 0.8787491322 0.2085030377 0.4293326139
-192.2 254.3 2724.6 0.3617371917 0.2958720326 -0.8840848207 -0.3113618791 0.9321942925 0.1845739782 0.8787491322 0.2085030377 0.4293326139
-247.0 66.7 2688.9 0.3721209168 0.2758385539 -0.8862500191 -0.2772806883 0.9442567229 0.1774673760 0.8857998848 0.1797007024 0.4278623760
-246.5 294.8 2595.3 -0.2850260437 0.7531788349 -0.5928589702 0.6579241753 0.6035307050 0.4504292607 0.6970623732 -0.2616721690 -0.6675565243
-158.6 91.9 2380.3 -0.6573091149 0.7531788349 -0.0258140452 0.7061018944 0.6035307050 -0.3703658283 -0.2633721232 -0.2616721690 -0.9285272360
-137.9 213.7 2853.9 0.2132876515 0.9764030576 -0.0338447392 -0.9763906598 0.2118163407 -0.0423688330 -0.0342001878 0.0420824364 0.9985285997
-80.9 -46.9 2844.8 0.1930012256 0.9764030576 0.0968897343 -0.7684611082 0.2118163407 -0.6038222909 -0.6100967526 0.0420824364 0.7912086248
-343.4 -95.2 2572.7 0.4365710318 0.1073416770 -0.8932432532 -0.0097238785 0.9933617711 0.1146204621 0.8996172547 -0.0413541868 0.4347167313
-386.1 -489.9 2589.1 0.4404115379 -0.0071397992 -0.8977676034 -0.1260352433 0.9895743132 -0.0696981475 0.8889054060 0.1438462287 0.4349200726
-268.2 -145.2 2732.2 -0.2749887109 0.1936381757 0.9417459965 -0.0297077727 0.9773294926 -0.2096293569 -0.9609884024 -0.0856228843 -0.2630020380
-345.2 -533.5 2766.3 -0.2783514857 -0.2008810639 0.9392375946 -0.0135133741 0.9786065817 0.2052963674 -0.9603841901 0.0444522761 -0.2751111686
30.4 -111.2 2456.1 0 0 0 0 0 0 0 0 0
-30.8 -246.5 2686.3 0 0 0 0 0 0 0 0 0
-383.7 -821.6 2540.9 0 0 0 0 0 0 0 0 0
-281.9 -842.0 2752.2 0 0 0 0 0 0 0 0 0
-129.8 440.1 2760.8  0.3375562727 0.3063689172 -0.8900527358 -0.3042590618 0.9303062558 0.2048332095 0.8907761574 0.2016638666 0.4072462320
-191.6 252.4 2720.1 0.3375562727 0.3063689172 -0.8900527358 -0.3042590618 0.9303062558 0.2048332095 0.8907761574 0.2016638666 0.4072462320
-247.0 64.7 2686.1 0.3496433794 0.2786540091 -0.8944839239 -0.2655119896 0.9450736642 0.1906284243 0.8984725475 0.1708442271 0.4044247270
-242.7 291.2 2588.9 -0.3301012814 0.8276806474 -0.4538479149 0.6630392075 0.5455266237 0.5126203895 0.6718720794 -0.1317023337 -0.7288637757
-139.6 84.1 2379.1 -0.5591540933 0.8276806474 0.0478692688 0.7816156745 0.5455266237 -0.3024527431 -0.2764482498 -0.1317023337 -0.9519615769
-140.6 213.7 2851.3 0.2067553997 0.9767283201 -0.0570436046 -0.9782979488 0.2055724263 -0.0259444918 -0.0136141283 0.0611698031 0.9980345368
-85.4 -47.5 2847.6 0.2012236714 0.9767283201 0.0742347389 -0.7795887589 0.2055724263 -0.5915922523 -0.5930855274 0.0611698031 0.8028124571
-335.8 -95.5 2572.0 0.4148154557 0.1319305152 -0.9002901912 -0.0056751100 0.9897884727 0.1424309462 0.9098878503 -0.0539733097 0.4113282859
-388.2 -488.7 2593.5 0.4206841290 -0.0201302487 -0.9069837928 -0.1309190691 0.9879418015 -0.0826509669 0.8977110386 0.1535114199 0.4129759967
-267.6 -146.4 2734.3 -0.2542862594 0.1925858408 0.9477601051 -0.0492024794 0.9761276245 -0.2115512937 -0.9658765793 -0.1004267335 -0.2387401462
-344.2 -534.2 2774.2 -0.2695311904 -0.1952688247 0.9429862499 0.0234593954 0.9776037335 0.2091425806 -0.9627058506 0.0784923360 -0.2589137852
23.6 -143.9 2459.7 0 0 0 0 0 0 0 0 0
-33.2 -250.0 2693.6 0 0 0 0 0 0 0 0 0
-381.4 -822.5 2541.6 0 0 0 0 0 0 0 0 0
-282.7 -841.9 2749.5 0 0 0 0 0 0 0 0 0
-126.3 439.8 2758.3  0.3455517590 0.3167939484 -0.8833094239 -0.3062466681 0.9278269410 0.2129558027 0.8870214224 0.1969233155 0.4176293314
-190.4 252.3 2718.5 0.3455517590 0.3167939484 -0.8833094239 -0.3062466681 0.9278269410 0.2129558027 0.8870214224 0.1969233155 0.4176293314
-246.9 64.7 2685.4 0.3586064577 0.2845857739 -0.8890513778 -0.2656102479 0.9441366792 0.1950824559 0.8949036598 0.1661833227 0.4141623974
-242.7 291.1 2587.8 -0.3175335526 0.8740457296 -0.3677180111 0.6714109182 0.4810766578 0.5637132525 0.6696116924 -0.0678920224 -0.7396018505
-143.0 80.2 2377.5 -0.4711796939 0.8740457296 0.1184642240 0.8052744865 0.4810766578 -0.3465519249 -0.3598926067 -0.0678920224 -0.9305202961
-138.0 213.5 2849.1 0.2024177909 0.9782226086 -0.0459086262 -0.9791937470 0.2014853656 -0.0241502076 -0.0143743623 0.0498418733 0.9986536503
-84.0 -47.9 2845.3 0.1912064254 0.9782226086 0.0807506517 -0.7813628316 0.2014853656 -0.5906570554 -0.5940641761 0.0498418733 0.8028720617
-334.4 -98.8 2569.8 0.4241974056 0.1330783963 -0.8957380652 -0.0120222718 0.9898835421 0.1413720101 0.9054899216 -0.0492008366 0.4215059280
-387.3 -492.1 2589.4 0.4281617105 -0.0142021971 -0.9035905004 -0.1184486821 0.9903686643 -0.0716924369 0.8959059119 0.1377250701 0.4223557115
-270.3 -147.4 2734.5 -0.2659354806 0.1853363961 0.9460067153 -0.0525797494 0.9770945311 -0.2062078267 -0.9625558257 -0.1045787707 -0.2500991523
-344.0 -535.7 2776.0 -0.2839588225 -0.2009884119 0.9375345707 0.0300575495 0.9754371047 0.2182177305 -0.9583652616 0.0901448429 -0.2709427476
-5.6 -154.6 2482.4 0 0 0 0 0 0 0 0 0
-34.3 -250.9 2691.0 0 0 0 0 0 0 0 0 0
-382.5 -825.6 2543.0 0 0 0 0 0 0 0 0 0
-280.6 -843.4 2747.6 0 0 0 0 0 0 0 0 0
-124.5 438.0 2757.5  0.3867850900 0.3159995675 -0.8663380146 -0.3068247139 0.9300295711 0.2022463828 0.8696297407 0.1875880212 0.4566780627
-188.2 250.5 2719.7 0.3867850900 0.3159995675 -0.8663380146 -0.3068247139 0.9300295711 0.2022463828 0.8696297407 0.1875880212 0.4566780627
-244.9 62.8 2687.9 0.3989707530 0.2853306234 -0.8714406490 -0.2688283324 0.9449922442 0.1863357872 0.8766719103 0.1599254161 0.4537292123
-246.4 289.8 2591.7 -0.3010793030 0.8840777874 -0.3574321568 0.6648953557 0.4633076787 0.5858840942 0.6835681796 -0.0612573922 -0.7273115516
-151.9 81.0 2377.0 -0.4543123543 0.8840777874 0.1095753685 0.8212854266 0.4633076787 -0.3329208195 -0.3450950086 -0.0612573922 -0.9365665913
-129.9 211.2 2847.7 0.2080410421 0.9781175852 -0.0022241157 -0.9776697159 0.2078757137 -0.0308160260 -0.0296793580 0.0085854493 0.9995226264
-74.4 -49.8 2839.7 0.1702988595 0.9781175852 0.1195170209 -0.7762374282 0.2078757137 -0.5951832533 -0.6070038676 0.0085854493 0.7946524620
-336.3 -98.6 2570.4 0.4622694850 0.1295179278 -0.8772297502 -0.0228349566 0.9906862974 0.1342359036 0.8864454031 -0.0420216620 0.4609215856
-387.8 -492.2 2587.1 0.4655009806 -0.0161111448 -0.8849006891 -0.1106027365 0.9909374118 -0.0762241632 0.8781092763 0.1333548576 0.4595004022
-270.6 -147.3 2734.5 -0.3035362959 0.1819819063 0.9352797866 -0.0279107094 0.9794719815 -0.1996387541 -0.9524109960 -0.0867019296 -0.2922260463
-342.9 -536.5 2768.9 -0.3084747493 -0.1957111955 0.9308815598 -0.0036848697 0.9788441658 0.2045739144 -0.9512254000 0.0596757121 -0.3026698828
-20.0 -157.4 2477.2 0 0 0 0 0 0 0 0 0
-30.2 -251.4 2682.1 0 0 0 0 0 0 0 0 0
-382.4 -825.0 2542.3 0 0 0 0 0 0 0 0 0
-280.9 -846.2 2750.0 0 0 0 0 0 0 0 0 0
-124.8 440.3 2766.6  0.3625390828 0.3063304424 -0.8801858425 -0.3109540045 0.9300764799 0.1956152618 0.8785630465 0.2027791142 0.4324437380
-186.6 252.6 2725.7 0.3625390828 0.3063304424 -0.8801858425 -0.3109540045 0.9300764799 0.1956152618 0.8785630465 0.2027791142 0.4324437380
-243.0 65.0 2692.3 0.3752478957 0.2838840187 -0.8823825121 -0.2705997229 0.9440289736 0.1886401623 0.8865465522 0.1679856330 0.4310638309
-241.4 292.1 2596.3 -0.2403935492 0.8968013525 -0.3714272976 0.6790331602 0.4288034439 0.5958536267 0.6936316490 -0.1089720875 -0.7120394707
-165.7 78.3 2377.9 -0.4365345240 0.8968013525 0.0720063820 0.8174995184 0.4288034439 -0.3844765127 -0.3756756485 -0.1089720875 -0.9203221798
-131.9 213.0 2855.1 0.2058361471 0.9781773090 -0.0282956641 -0.9782674909 0.2049447745 -0.0314703248 -0.0249845088 0.0341584571 0.9991040826
