-77.6 394.6 2442.8 7 0.4773475230 0.2661678195 -0.8374329805 -0.1915631890 0.9616197944 0.1964455992 0.8575796485 0.0666485131 0.5100147724
-130.6 203.3 2429.6 0.4773475230 0.2661678195 -0.8374329805 -0.1915631890 0.9616197944 0.1964455992 0.8575796485 0.0666485131 0.5100147724
-177.3 15.2 2420.0 0.4845832288 0.2412180305 -0.8408287168 -0.1640276909 0.9692338109 0.1835232228 0.8592287302 0.0489869118 0.5092408657
-196.7 225.7 2312.3 -0.1602108181 0.5202219486 -0.8388692141 0.7930909395 0.5737944841 0.2043688744 0.5876557231 -0.6325574517 -0.5045114160
-154.6 17.2 2157.8 -0.8131498694 0.5202219486 -0.2610678673 0.5592039227 0.5737944841 -0.5983734727 -0.1614877135 -0.6325574517 -0.7574911118
-64.4 180.9 2546.9 -0.1155286729 0.9268291593 -0.3572685719 -0.9472654462 0.0054313811 0.3204039931 0.2989002466 0.3754439950 0.8773257136
-92.3 -48.2 2619.2 0.1816691011 0.9268291593 -0.3286092281 -0.8815583587 0.0054313811 -0.4720438123 -0.4357191622 0.3754439950 0.8180407286
-265.4 -161.3 2337.4 0.5330151916 0.0047625653 -0.8460922241 0.0136779975 0.9998049736 0.0142445667 0.8459950686 -0.0191654190 0.5328461528
-267.3 -549.5 2344.9 0.5314700007 0.1239309087 -0.8379622698 0.0009961828 0.9891475439 0.1469223499 0.8470765352 -0.0789195821 0.5255787373
-174.3 -189.8 2488.9 0.5509974360 0.0140494136 -0.8343886733 -0.0397624150 0.9991646409 -0.0094336243 0.8335590959 0.0383752100 0.5510957837
-179.7 -577.6 2474.0 0.5452048182 -0.0888069570 -0.8335856199 0.0504041091 0.9960465431 -0.0731482133 0.8367862105 -0.0021353832 0.5475256443
73.8 -139.8 2203.1 0 0 0 0 0 0 0 0 0
-44.3 -281.4 2503.9 0 0 0 0 0 0 0 0 0
-313.5 -918.6 2374.3 0 0 0 0 0 0 0 0 0
-155.2 -852.3 2474.6 0 0 0 0 0 0 0 0 0
-73.6 394.4 2435.9 8 0.4894357622 0.2799172401 -0.8258928657 -0.1926373392 0.9583899975 0.2106644511 0.8504960537 0.0559910946 0.5229928493
-129.2 204.1 2424.8 0.4894357622 0.2799172401 -0.8258928657 -0.1926373392 0.9583899975 0.2106644511 0.8504960537 0.0559910946 0.5229928493
-178.4 16.6 2416.4 0.4961473644 0.2539693117 -0.8302634358 -0.1684422046 0.9662493467 0.1949086338 0.8517423272 0.0431479998 0.5221812129
-196.9 227.1 2308.5 -0.1861993968 0.4574740231 -0.8695098162 0.8009693027 0.5832117796 0.1353224814 0.5690148473 -0.6712537408 -0.4750163555
-148.9 20.4 2161.6 -0.8461280465 0.4574740231 -0.2734681964 0.5176527500 0.5832117796 -0.6260189414 -0.1268975288 -0.6712537408 -0.7302845120
-61.4 181.1 2541.1 -0.1224981695 0.9327097535 -0.3391852975 -0.9451308846 -0.0053419508 0.3266483247 0.3028561771 0.3605883121 0.8821871877
-91.1 -47.5 2614.3 0.1637775898 0.9327097535 -0.3212932944 -0.8845551610 -0.0053419508 -0.4664050341 -0.4367368519 0.3605883121 0.8241583705
-267.5 -158.3 2333.6 0.5467259288 -0.0030709363 -0.8373059630 0.0323600657 0.9993236661 0.0174646173 0.8366860747 -0.0366436355 0.5464555621
-266.3 -546.2 2347.8 0.5411232114 0.1264389306 -0.8313837051 -0.0167415291 0.9900560379 0.1396736503 0.8407766819 -0.0616620183 0.5378590822
-180.7 -187.6 2487.4 0.5640746355 0.0015564424 -0.8257223368 -0.0174710974 0.9997968674 -0.0100504458 0.8255389333 0.0200954769 0.5639872551
-181.3 -575.7 2479.6 0.5602405071 -0.0879294053 -0.8236498237 0.0347025916 0.9959683418 -0.0827209651 0.8276027441 0.0177608524 0.5610331893
87.6 -124.3 2197.1 0 0 0 0 0 0 0 0 0
-47.7 -281.5 2498.8 0 0 0 0 0 0 0 0 0
-313.5 -915.7 2370.8 0 0 0 0 0 0 0 0 0
-157.0 -851.4 2474.7 0 0 0 0 0 0 0 0 0
-74.2 395.3 2430.9 9 0.4755643904 0.2764340341 -0.8351184130 -0.1740422696 0.9601435065 0.2187091708 0.8622921705 0.0413356125 0.5047212839
-129.2 204.3 2422.7 0.4755643904 0.2764340341 -0.8351184130 -0.1740422696 0.9601435065 0.2187091708 0.8622921705 0.0413356125 0.5047212839
-178.1 16.6 2417.0 0.4816479683 0.2518595159 -0.8393938541 -0.1518466771 0.9673100710 0.2031103820 0.8631094098 0.0296314694 0.5041469336
-194.9 225.0 2304.9 -0.2202112973 0.4901178479 -0.8433809876 0.8020245433 0.5830959082 0.1294442713 0.5552149415 -0.6479071379 -0.5214908719
-137.9 17.3 2161.1 -0.8337396979 0.4901178479 -0.2542884946 0.5304480791 0.5830959082 -0.6153243184 -0.1533068717 -0.6479071379 -0.7461322546
-63.4 183.6 2540.6 -0.1265923828 0.9263395667 -0.3547807932 -0.9395584464 0.0027291025 0.3423776925 0.3181262314 0.3766796887 0.8700046539
-94.0 -43.7 2617.5 0.1723817289 0.9263395667 -0.3349321783 -0.8921943307 0.0027291025 -0.4516434669 -0.4174611270 0.3766796887 0.8269453645
-272.1 -155.9 2331.8 0.5323293209 -0.0136958249 -0.8464265466 0.0341809541 0.9994014502 0.0053257984 0.8458470106 -0.0317667462 0.5324788094
-266.8 -543.9 2344.1 0.5284933448 0.1224231496 -0.8400638700 0.0007367152 0.9894809723 0.1446612924 0.8489370942 -0.0770714208 0.5228438973
-183.3 -186.1 2484.3 0.5498445630 -0.0062193195 -0.8352438807 -0.0126174446 0.9997963309 -0.0157507118 0.8351716995 0.0191990864 0.5496540666
-180.9 -574.2 2476.9 0.5462324619 -0.0815072805 -0.8336585760 0.0414103642 0.9966651797 -0.0703115016 0.8366093636 0.0038843197 0.5477861166
95.3 -131.0 2203.9 0 0 0 0 0 0 0 0 0
-48.4 -279.6 2507.1 0 0 0 0 0 0 0 0 0
-312.5 -913.1 2372.9 0 0 0 0 0 0 0 0 0
-158.0 -853.5 2475.8 0 0 0 0 0 0 0 0 0
-73.6 397.4 2438.5 0 0.4372769296 0.2734700739 -0.8567397594 -0.1753871888 0.9602855444 0.2170047313 0.8820590973 0.0553700104 0.4678738415
-128.1 205.8 2427.4 0.4372769296 0.2734700739 -0.8567397594 -0.1753871888 0.9602855444 0.2170047313 0.8820590973 0.0553700104 0.4678738415
-176.8 18.1 2420.0 0.4442121387 0.2509311438 -0.8600634336 -0.1498953700 0.9672607183 0.2047878057 0.8832932115 0.0379503034 0.4672823846
-188.8 226.3 2306.9 -0.2457213253 0.5418757200 -0.8037361503 0.7948862910 0.5871869922 0.1528634280 0.5547763705 -0.6013169885 -0.5750139356
-123.2 14.3 2158.9 -0.8124986887 0.5418757200 -0.2149805874 0.5489953160 0.5871869922 -0.5948239565 -0.1960868537 -0.6013169885 -0.7745758891
-67.5 185.3 2547.9 -0.1405203491 0.9093942642 -0.3914793432 -0.9387815595 0.0032393020 0.3444976807 0.3145523369 0.4159225225 0.8532674313
-101.5 -41.7 2624.0 0.1894368678 0.9093942642 -0.3702913821 -0.8934609890 0.0032393020 -0.4491291344 -0.4072359800 0.4159225225 0.8131219745
-270.1 -157.6 2333.9 0.4958421886 -0.0106480476 -0.8683473468 0.0228932574 0.9997375607 0.0008132573 0.8681108356 -0.0202825479 0.4959558249
-266.0 -545.7 2341.8 0.4955303371 0.1277866215 -0.8591392636 0.0204728115 0.9871256351 0.1586312652 0.8683493137 -0.0961955935 0.4865345359
-183.8 -184.8 2488.5 0.5137201548 -0.0041917446 -0.8579475880 -0.0290577821 0.9993293881 -0.0222816672 0.8574655652 0.0363765955 0.5132538676
-182.2 -572.7 2474.4 0.5087824464 -0.0822467357 -0.8569573760 0.0505570248 0.9965624809 -0.0656292662 0.8594093323 -0.0099341953 0.5111916065
104.4 -139.6 2213.8 0 0 0 0 0 0 0 0 0
-51.4 -278.0 2516.3 0 0 0 0 0 0 0 0 0
-313.6 -914.1 2377.7 0 0 0 0 0 0 0 0 0
-158.9 -854.7 2477.2 0 0 0 0 0 0 0 0 0
-76.9 397.3 2434.2 1 0.4481381178 0.2604126334 -0.8551943898 -0.1599404514 0.9645520449 0.2099009603 0.8795403838 0.0427155644 0.4739030600
-128.7 205.4 2425.7 0.4481381178 0.2604126334 -0.8551943898 -0.1599404514 0.9645520449 0.2099009603 0.8795403838 0.0427155644 0.4739030600
-175.1 17.1 2420.8 0.4546024203 0.2392248511 -0.8579674363 -0.1349029690 0.9706370234 0.1991605759 0.8804191351 0.0252034701 0.4735260904
-190.8 223.9 2305.5 -0.2932573855 0.5615223646 -0.7737523913 0.7845830917 0.6038168073 0.1408355534 0.5462870002 -0.5657719374 -0.6176346540
-111.8 12.7 2158.5 -0.8022305369 0.5615223646 -0.2027776688 0.5648191571 0.6038168073 -0.5624807477 -0.1934049726 -0.5657719374 -0.8015588522
-66.6 187.0 2545.9 -0.1257390380 0.9132751822 -0.3874507844 -0.9369699359 0.0190138705 0.3488923013 0.3260016441 0.4068991244 0.8533205986
-97.1 -39.6 2624.8 0.1967604160 0.9132751822 -0.3566703796 -0.8952389359 0.0190138705 -0.4451805055 -0.3997906446 0.4068991244 0.8213407397
-265.3 -156.3 2333.6 0.5042105317 0.0008336413 -0.8635803461 0.0131104458 0.9998769164 0.0086198850 0.8634812236 -0.0156681612 0.5041375160
-265.6 -544.4 2339.7 0.5058286190 0.1309178919 -0.8526417017 0.0250183810 0.9857743382 0.1662017107 0.8622711301 -0.1054012924 0.4953575432
-185.7 -183.1 2491.7 0.5226789117 -0.0139262192 -0.8524158597 -0.0354987122 0.9986438751 -0.0380820706 0.8517902493 0.0501643606 0.5214757323
-180.3 -570.7 2472.3 0.5183417797 -0.0720752031 -0.8521308303 0.0526697263 0.9972409606 -0.0523105413 0.8535500765 -0.0177667588 0.5207078457
112.5 -145.2 2212.6 0 0 0 0 0 0 0 0 0
-45.0 -276.3 2519.0 0 0 0 0 0 0 0 0 0
-314.4 -912.3 2379.1 0 0 0 0 0 0 0 0 0
-159.8 -855.5 2477.3 0 0 0 0 0 0 0 0 0
-78.5 396.9 2431.1 2 0.4560931921 0.2560120225 -0.8523126245 -0.1481043547 0.9662076831 0.2109688222 0.8775215745 0.0300097708 0.4785972238
-129.3 205.0 2425.1 0.4560931921 0.2560120225 -0.8523126245 -0.1481043547 0.9662076831 0.2109688222 0.8775215745 0.0300097708 0.4785972238
-175.2 16.4 2422.5 0.4620993435 0.2363780588 -0.8547453284 -0.1244673654 0.9715698361 0.2013950646 0.8780501485 0.0133233760 0.4783831239
-192.4 222.0 2305.2 -0.3510215282 0.5988783240 -0.7198115587 0.7651965022 0.6265276074 0.1481128633 0.5396834016 -0.4988064766 -0.6781842709
-95.7 11.2 2156.5 -0.7808032632 0.5988783240 -0.1780197769 0.5952579379 0.6265276074 -0.5031213760 -0.1897741556 -0.4988064766 -0.8456819057
-66.2 188.0 2545.0 -0.1201561019 0.9164580107 -0.3816637993 -0.9339261055 0.0260271858 0.3565172851 0.3366667628 0.3992834985 0.8527767658
-95.3 -37.9 2626.5 0.1964100301 0.9164580107 -0.3486084342 -0.8986525536 0.0260271858 -0.4378882945 -0.3922329247 0.3992834985 0.8286893368
-262.2 -159.3 2337.1 0.5110220313 0.0087141627 -0.8595234752 -0.0030193811 0.9999606609 0.0083428193 0.8595623374 -0.0016681355 0.5110282302
-265.6 -547.4 2337.7 0.5163009763 0.1307972819 -0.8463600874 0.0339897797 0.9843599796 0.1728585511 0.8557324409 -0.1180146337 0.5037802458
-180.8 -183.4 2494.7 0.5296993852 0.0085073095 -0.8481428027 -0.0418734178 0.9989926815 -0.0161312278 0.8471512198 0.0440593399 0.5295220613
-184.1 -571.1 2477.6 0.5240321755 -0.0879093856 -0.8471494317 0.0451048389 0.9961276054 -0.0754678845 0.8505032659 0.0013370604 0.5259680748
124.0 -156.3 2209.9 0 0 0 0 0 0 0 0 0
-43.3 -275.6 2522.7 0 0 0 0 0 0 0 0 0
-314.4 -914.8 2381.8 0 0 0 0 0 0 0 0 0
-159.1 -854.5 2477.3 0 0 0 0 0 0 0 0 0
-79.3 398.5 2438.5 3 0.4074189365 0.2528931797 -0.8775276542 -0.1585831940 0.9658865929 0.2047301233 0.8993670940 0.0557502061 0.4336251020
-129.5 206.8 2427.5 0.4074189365 0.2528931797 -0.8775276542 -0.1585831940 0.9658865929 0.2047301233 0.8993670940 0.0557502061 0.4336251020
-174.8 18.2 2421.1 0.4145358205 0.2339819670 -0.8794387579 -0.1302608252 0.9716861248 0.1971248835 0.9006620646 0.0328410864 0.4332773685
-186.1 224.6 2304.6 -0.3075084090 0.4752666950 -0.8243543506 0.7738716006 0.6290084720 0.0739666894 0.5536798239 -0.6151990891 -0.5612208247
-103.6 17.0 2156.1 -0.8407540321 0.4752666950 -0.2593342364 0.5307731032 0.6290084720 -0.5680037737 -0.1068298295 -0.6151990891 -0.7811001539
-73.0 189.0 2550.3 -0.1364251971 0.8936994672 -0.4274218678 -0.9365792871 0.0242371932 0.3496165872 0.3228116632 0.4480109811 0.8337138295
-106.0 -37.5 2628.4 0.2183053643 0.8936994672 -0.3919745684 -0.8958590031 0.0242371932 -0.4436768889 -0.3870134354 0.4480109811 0.8059198260
-262.4 -161.0 2341.3 0.4641347826 0.0092162574 -0.8857166171 -0.0178561937 0.9998400211 0.0010467259 0.8855845928 0.0153297056 0.4642251134
-266.0 -549.1 2335.4 0.4751947820 0.1225410029 -0.8713057041 0.0593743809 0.9835314155 0.1707062423 0.8778750300 -0.1328519583 0.4600932002
-179.7 -183.3 2498.6 0.4834868908 0.0054645301 -0.8753345609 -0.0657573491 0.9973817468 -0.0300943144 0.8728781939 0.0721098855 0.4825803339
-181.8 -570.3 2470.6 0.4771934450 -0.0812913850 -0.8750303388 0.0536560863 0.9965498447 -0.0633196160 0.8771587014 -0.0167349987 0.4799088538
128.3 -129.4 2185.5 0 0 0 0 0 0 0 0 0
-48.2 -274.4 2526.0 0 0 0 0 0 0 0 0 0
-311.7 -916.2 2385.0 0 0 0 0 0 0 0 0 0
-158.5 -855.6 2475.4 0 0 0 0 0 0 0 0 0
-80.8 398.2 2441.7 4 0.3908140957 0.2541742325 -0.8846806288 -0.1587027311 0.9653320312 0.2072377950 0.9066850543 0.0594097823 0.4176034927
-131.3 206.3 2429.9 0.3908140957 0.2541742325 -0.8846806288 -0.1587027311 0.9653320312 0.2072377950 0.9066850543 0.0594097823 0.4176034927
-176.9 17.8 2422.5 0.3975666165 0.2350441813 -0.8869583011 -0.1319728792 0.9712318778 0.1982216984 0.9080330133 0.0382481068 0.4171488285
-185.6 224.3 2306.0 -0.3164041340 0.4474551380 -0.8364641666 0.7607266307 0.6464700103 0.0580649674 0.5667304397 -0.6179485917 -0.5449368358
-99.7 17.8 2152.2 -0.8513837457 0.4474551380 -0.2737328112 0.5194271207 0.6464700103 -0.5588130355 -0.0730837286 -0.6179485917 -0.7828143835
-77.1 188.3 2553.9 -0.1441863775 0.8853007555 -0.4421005547 -0.9366093874 0.0220794119 0.3496789038 0.3193323016 0.4644944668 0.8259974122
-111.9 -38.3 2631.1 0.2238801718 0.8853007555 -0.4075785577 -0.8957261443 0.0220794119 -0.4440576732 -0.3841255009 0.4644944668 0.7979301214
-257.2 -158.8 2334.2 0.4480315745 0.0257272851 -0.8936474919 0.0021908202 0.9995512366 0.0298745278 0.8940150738 -0.0153425531 0.4477741718
-267.2 -546.5 2340.1 0.4531258941 0.1153939664 -0.8839463592 0.0425884873 0.9876520038 0.1507637054 0.8904286027 -0.1059608832 0.4426162541
-183.0 -182.1 2495.3 0.4671489298 -0.0013554140 -0.8841776252 -0.0607754216 0.9975844622 -0.0336395241 0.8820874095 0.0694509298 0.4659381211
-182.5 -569.3 2468.3 0.4603623748 -0.0847058967 -0.8836805820 0.0574292690 0.9961938262 -0.0655725822 0.8858715296 -0.0205619819 0.4634747505
134.3 -124.9 2172.3 0 0 0 0 0 0 0 0 0
-52.7 -275.2 2529.5 0 0 0 0 0 0 0 0 0
-310.2 -915.1 2379.7 0 0 0 0 0 0 0 0 0
-158.6 -850.5 2474.1 0 0 0 0 0 0 0 0 0
-83.1 399.8 2443.4 5 0.3838925064 0.2430994362 -0.8908025622 -0.1562167853 0.9679141045 0.1968212873 0.9100674987 0.0636001006 0.4095511734
-131.3 207.9 2430.7 0.3838925064 0.2430994362 -0.8908025622 -0.1562167853 0.9679141045 0.1968212873 0.9100674987 0.0636001006 0.4095511734
-174.8 18.9 2422.8 0.3905626237 0.2244589925 -0.8927928209 -0.1285191923 0.9736165404 0.1885568351 0.9115611315 0.0410977639 0.4091055095
-184.6 225.4 2306.3 -0.3263927102 0.4408146441 -0.8361520767 0.7538935542 0.6550114155 0.0510352701 0.5701861978 -0.6137120724 -0.5461182594
-94.4 17.0 2148.7 -0.8509543538 0.4408146441 -0.2855855525 0.5225020051 0.6550114155 -0.5458495617 -0.0535566695 -0.6137120724 -0.7877113223
-77.9 190.3 2555.2 -0.1373569369 0.8807276487 -0.4532679617 -0.9382570982 0.0309928581 0.3445475996 0.3175006807 0.4726078808 0.8220919371
-111.2 -36.6 2632.0 0.2368426770 0.8807276487 -0.4101515710 -0.8929515481 0.0309928581 -0.4490846395 -0.3828094900 0.4726078808 0.7937875390
-258.0 -158.9 2333.8 0.4401353896 0.0199033339 -0.8977108002 0.0285256673 0.9989397526 0.0361334495 0.8974782228 -0.0415114090 0.4391010106
-265.7 -546.5 2349.9 0.4351674914 0.1240880042 -0.8917574883 -0.0144393472 0.9912914634 0.1308919191 0.9002337456 -0.0440835133 0.4331696033
-186.9 -182.6 2496.4 0.4596592188 -0.0129255150 -0.8880013227 -0.0589991286 0.9972407222 -0.0450554974 0.8861334920 0.0731014758 0.4576283097
-181.8 -569.7 2468.0 0.4525854588 -0.0869748369 -0.8874692917 0.0581132025 0.9959931374 -0.0679743588 0.8898254037 -0.0208094791 0.4558264017
138.5 -126.0 2163.3 0 0 0 0 0 0 0 0 0
-48.5 -272.8 2530.8 0 0 0 0 0 0 0 0 0
-312.0 -915.7 2366.4 0 0 0 0 0 0 0 0 0
-157.5 -848.8 2473.8 0 0 0 0 0 0 0 0 0
-86.6 403.8 2444.7 6 0.3635135591 0.2368326634 -0.9009817839 -0.1562366933 0.9689457417 0.1916618496 0.9183942676 0.0710947290 0.3892268836
-133.7 211.1 2430.5 0.3635135591 0.2368326634 -0.9009817839 -0.1562366933 0.9689457417 0.1916618496 0.9183942676 0.0710947290 0.3892268836
-176.4 22.0 2421.2 0.3699135482 0.2204019725 -0.9025446773 -0.1290377825 0.9742263556 0.1850197464 0.9200615287 0.0480210520 0.3888197243
-184.2 228.8 2304.9 -0.3331127763 0.4393740296 -0.8342579603 0.7520474792 0.6575020552 0.0459961817 0.5687358379 -0.6120796800 -0.5494524837
-89.9 15.8 2143.9 -0.8472328782 0.4393740296 -0.2985748053 0.5297823548 0.6575020552 -0.5357441306 -0.0390785038 -0.6120796800 -0.7898299098
-83.2 193.5 2556.2 -0.1416810900 0.8695312142 -0.4731193781 -0.9392757416 0.0328171588 0.3415906429 0.3125501573 0.4927864671 0.8120799661
-117.4 -33.7 2631.8 0.2483655363 0.8695312142 -0.4268840849 -0.8914971352 0.0328171588 -0.4518360794 -0.3788764477 0.4927864671 0.7833352685
-253.3 -158.6 2333.2 0.4188822210 0.0399698503 -0.9071604609 0.0135707054 0.9986436367 0.0502669215 0.9079391360 -0.0333667286 0.4177716374
-268.8 -546.1 2346.1 0.4191977978 0.1111538485 -0.9010649323 0.0163705032 0.9913903475 0.1299121976 0.9077473283 -0.0692097917 0.4137690067
-183.4 -181.6 2496.4 0.4393161237 -0.0066142059 -0.8983081579 -0.0558310747 0.9978387356 -0.0346511379 0.8965958953 0.0653763115 0.4379973710
-180.8 -569.0 2471.1 0.4329152703 -0.0878127143 -0.8971472979 0.0393373445 0.9961361289 -0.0785196349 0.9005758762 -0.0012990437 0.4346968830
141.3 -128.8 2154.5 0 0 0 0 0 0 0 0 0
-51.7 -269.5 2531.5 0 0 0 0 0 0 0 0 0
-310.3 -915.6 2371.9 0 0 0 0 0 0 0 0 0
-156.2 -847.9 2471.4 0 0 0 0 0 0 0 0 0
-90.0 405.6 2445.3 7 0.3569324017 0.2295822203 -0.9054784775 -0.1465188712 0.9710894227 0.1884611696 0.9225679040 0.0654017851 0.3802513778
-135.6 212.8 2432.3 0.3569324017 0.2295822203 -0.9054784775 -0.1465188712 0.9710894227 0.1884611696 0.9225679040 0.0654017851 0.3802513778
-177.3 23.4 2424.4 0.3632235229 0.2151641399 -0.9065170288 -0.1189805344 0.9757145047 0.1839151978 0.9240737557 0.0410555564 0.3800027966
-185.2 229.0 2306.1 -0.3342862427 0.4368622005 -0.8351072669 0.7459526658 0.6642042398 0.0488607846 0.5760271549 -0.6066169739 -0.5479128957
-89.6 15.8 2141.4 -0.8344139457 0.4368622005 -0.3360130191 0.5511323810 0.6642042398 -0.5050602555 0.0025395164 -0.6066169739 -0.7949901819
-86.0 196.5 2558.5 -0.1395847499 0.8654007912 -0.4812458158 -0.9371284842 0.0415353291 0.3465039134 0.3198534846 0.4993558228 0.8051940799
-119.7 -30.1 2635.9 0.2558116019 0.8654007912 -0.4308617413 -0.8935284615 0.0415353291 -0.4470813274 -0.3690085709 0.4993558228 0.7838854790
-252.3 -155.5 2329.5 0.4107917845 0.0398965739 -0.9108558297 0.0028922183 0.9989800453 0.0450608991 0.9117245674 -0.0211450402 0.4102574289
-267.8 -543.2 2337.7 0.4204182327 0.1180463061 -0.8996185660 0.0741517469 0.9837136865 0.1637344062 0.9042953253 -0.1355452091 0.4048178196
-186.1 -178.7 2494.3 0.4325169921 -0.0108087603 -0.9015609622 -0.0518725961 0.9979736209 -0.0368501246 0.9001323581 0.0627046153 0.4310798645
-181.9 -566.1 2470.0 0.4258294702 -0.0912353545 -0.9001918435 0.0418594554 0.9958243966 -0.0811264887 0.9038346410 -0.0031354921 0.4278704524
137.8 -134.4 2140.7 0 0 0 0 0 0 0 0 0
-52.1 -266.5 2538.3 0 0 0 0 0 0 0 0 0
-311.7 -909.4 2388.2 0 0 0 0 0 0 0 0 0
-156.0 -848.2 2470.8 0 0 0 0 0 0 0 0 0
-90.2 403.1 2446.1 8 0.3738461733 0.2234576792 -0.9001698494 -0.1464127451 0.9725925326 0.1806297302 0.9158615470 0.0642686039 0.3963170350
-134.6 209.9 2433.4 0.3738461733 0.2234576792 -0.9001698494 -0.1464127451 0.9725925326 0.1806297302 0.9158615470 0.0642686039 0.3963170350
-175.1 20.2 2425.4 0.3797556460 0.2087605000 -0.9012240171 -0.1197556481 0.9771012068 0.1758744270 0.9173026681 0.0411373526 0.3960599601
-186.5 226.3 2308.1 -0.3246332705 0.4346304238 -0.8400652409 0.7346203923 0.6753089428 0.0655039623 0.5957735777 -0.5958642960 -0.5385161042
-93.7 16.3 2137.8 -0.8295760155 0.4346304238 -0.3505709469 0.5577406287 0.6753089428 -0.4825797677 0.0269998312 -0.5958642960 -0.8026311398
-82.7 193.5 2558.7 -0.1273515821 0.8734728098 -0.4699220955 -0.9393239617 0.0459337309 0.3399420083 0.3185153902 0.4847012460 0.8146242499
-113.5 -33.6 2635.7 0.2559034526 0.8734728098 -0.4141963720 -0.8902471662 0.0459337309 -0.4531556964 -0.3767935932 0.4847012460 0.7893612981
-251.6 -155.3 2333.6 0.4263216853 0.0382702947 -0.9037616849 0.0053020311 0.9989817739 0.0448035114 0.9045560956 -0.0238924809 0.4256846905
-266.5 -543.1 2342.9 0.4288819134 0.1232220605 -0.8949171305 0.0251547527 0.9886401296 0.1481820941 0.9030102491 -0.0860640407 0.4209102392
-186.6 -176.7 2499.2 0.4484131336 -0.0188632533 -0.8936273456 -0.0670498013 0.9962505102 -0.0546743982 0.8913080096 0.0844342560 0.4454670250
-179.2 -563.3 2466.4 0.4427353442 -0.0759305358 -0.8934315443 0.0433428921 0.9970555305 -0.0632589385 0.8956041336 -0.0107169440 0.4447227716
133.5 -136.5 2130.4 0 0 0 0 0 0 0 0 0
-45.8 -269.1 2536.0 0 0 0 0 0 0 0 0 0
-312.3 -911.2 2375.0 0 0 0 0 0 0 0 0 0
-157.6 -847.0 2469.5 0 0 0 0 0 0 0 0 0
-88.9 403.7 2446.6 9 0.3813293576 0.2264141440 -0.8962837458 -0.1546470672 0.9715043902 0.1796204299 0.9114121795 0.0701131150 0.4054774344
-133.9 210.5 2432.6 0.3813293576 0.2264141440 -0.8962837458 -0.1546470672 0.9715043902 0.1796204299 0.9114121795 0.0701131150 0.4054774344
-174.7 20.9 2424.2 0.3882171512 0.2099225372 -0.8973404765 -0.1238926947 0.9767599106 0.1749019921 0.9132021070 0.0432739779 0.4052028060
-187.0 227.4 2307.9 -0.2946538925 0.4052705169 -0.8654102683 0.7345458269 0.6753263474 0.0661571622 0.6112458706 -0.6161900163 -0.4966773093
-103.4 19.0 2134.4 -0.8340537548 0.4052705169 -0.3743128777 0.5491076708 0.6753263474 -0.4923566878 0.0532456972 -0.6161900163 -0.7857956290
-80.9 193.6 2557.4 -0.1251361817 0.8779986501 -0.4620165527 -0.9405388832 0.0432440452 0.3369222581 0.3157967627 0.4767056704 0.8203804493
-111.2 -33.9 2633.7 0.2516753078 0.8779986501 -0.4071583152 -0.8888434172 0.0432440452 -0.4561658502 -0.3829058409 0.4767056704 0.7912868261
-249.6 -158.7 2335.2 0.4345564246 0.0383946411 -0.8998258710 -0.0041539776 0.9991657138 0.0406272747 0.9006350040 -0.0139169861 0.4343533814
-264.5 -546.6 2340.6 0.4391175807 0.1270728111 -0.8893976808 0.0293423235 0.9873904586 0.1555605829 0.8979502916 -0.0944063812 0.4298518896
-181.6 -180.2 2499.6 0.4567827880 -0.0162908379 -0.8894290924 -0.0777580962 0.9952741861 -0.0581636094 0.8861733079 0.0957284421 0.4533573389
-175.3 -566.5 2462.4 0.4537439644 -0.0533360504 -0.8895345330 0.0583891496 0.9978416562 -0.0300462861 0.8892171383 -0.0383058414 0.4558788836
126.2 -132.1 2119.8 0 0 0 0 0 0 0 0 0
-44.6 -269.1 2532.4 0 0 0 0 0 0 0 0 0
-311.9 -914.7 2375.8 0 0 0 0 0 0 0 0 0
-160.2 -849.2 2473.3 0 0 0 0 0 0 0 0 0
-89.1 401.7 2446.3 0 0.3874564469 0.2304172516 -0.8926283717 -0.1551474929 0.9707485437 0.1832389832 0.9087390900 0.0674919263 0.4118714333
-134.8 209.0 2432.9 0.3874564469 0.2304172516 -0.8926283717 -0.1551474929 0.9707485437 0.1832389832 0.9087390900 0.0674919263 0.4118714333
-176.0 19.5 2424.5 0.3941529393 0.2122901231 -0.8941903114 -0.1256964803 0.9762654305 0.1763694733 0.9104086161 0.0428800322 0.4114820063
-188.7 226.2 2308.5 -0.2682342827 0.3880029023 -0.8817619681 0.7301968336 0.6789269447 0.0766213536 0.6283812523 -0.6233072877 -0.4654299617
-113.1 20.5 2131.5 -0.8395766020 0.3880029023 -0.3802168369 0.5393559337 0.6789269447 -0.4981500208 0.0648557991 -0.6233072877 -0.7792828083
-81.0 191.8 2557.2 -0.1249794513 0.8813093305 -0.4557126760 -0.9406008720 0.0408924036 0.3370427191 0.3156740665 0.4707671404 0.8238496184
-111.2 -35.7 2633.6 0.2471998185 0.8813093305 -0.4027234316 -0.8889529109 0.0408924036 -0.4561694562 -0.3855580688 0.4707671404 0.7935510278
-250.2 -157.6 2334.0 0.4406896830 0.0406419113 -0.8967390060 -0.0053217108 0.9990752935 0.0426647067 0.8976437449 -0.0140297096 0.4404984415
-266.0 -545.5 2339.5 0.4445015788 0.1241123602 -0.8871383667 0.0235370938 0.9883949161 0.1500716358 0.8954687715 -0.0875877365 0.4364218712
-180.7 -179.8 2497.6 0.4624899030 -0.0138292080 -0.8865166903 -0.0693874359 0.9962471128 -0.0517399125 0.8839052320 0.0854423121 0.4597946703
-175.3 -566.5 2464.4 0.4587606788 -0.0586434789 -0.8866225481 0.0535309017 0.9978314042 -0.0383008868 0.8869459629 -0.0298907664 0.4609050453
119.2 -128.7 2113.5 0 0 0 0 0 0 0 0 0
-45.8 -270.8 2531.6 0 0 0 0 0 0 0 0 0
-312.3 -914.2 2372.1 0 0 0 0 0 0 0 0 0
-158.6 -849.7 2472.9 0 0 0 0 0 0 0 0 0
-89.4 402.7 2446.1 1 0.3972184360 0.2271253765 -0.8891746402 -0.1550858766 0.9715691209 0.1788906455 0.9045252204 0.0668397695 0.4211491048
-134.5 209.6 2432.8 0.3972184360 0.2271253765 -0.8891746402 -0.1550858766 0.9715691209 0.1788906455 0.9045252204 0.0668397695 0.4211491048
-175.1 20.0 2424.5 0.4037354887 0.2089339495 -0.8906987309 -0.1259638667 0.9769961834 0.1720801592 0.9061626792 0.0427209921 0.4207661748
-189.7 226.8 2309.0 -0.2450468391 0.4134779572 -0.8769196272 0.7253736258 0.6783158779 0.1171351895 0.6432613134 -0.6073907614 -0.4661451876
-120.8 22.9 2128.2 -0.8290724754 0.4134779572 -0.3763971329 0.5562472343 0.6783158779 -0.4800797105 0.0568137728 -0.6073907614 -0.7923690081
-79.4 192.4 2556.6 -0.1181740984 0.8858188987 -0.4487312734 -0.9417057037 0.0433777682 0.3336296678 0.3150004447 0.4619991779 0.8290545940
-108.0 -35.3 2632.8 0.2467561364 0.8858188987 -0.3929838240 -0.8872164488 0.0433777682 -0.4593096375 -0.3898184001 0.4619991779 0.7966168523
-252.6 -158.7 2334.7 0.4500628412 0.0302517936 -0.8924843073 0.0061620958 0.9992970228 0.0369797610 0.8929756284 -0.0221427903 0.4495600462
-264.3 -546.7 2343.3 0.4503631592 0.1322843283 -0.8829914331 0.0083971918 0.9882920384 0.1523427367 0.8928059936 -0.0760242045 0.4439795315
-181.9 -181.3 2497.8 0.4715130925 -0.0119028371 -0.8817787170 -0.0643223822 0.9967812896 -0.0478502922 0.8795101047 0.0792801455 0.4692298174
-177.3 -568.2 2467.0 0.4675830007 -0.0609968640 -0.8818421364 0.0536369346 0.9977359176 -0.0405730717 0.8823203444 -0.0283280313 0.4697960019
109.3 -131.4 2112.4 0 0 0 0 0 0 0 0 0
-42.7 -270.1 2529.7 0 0 0 0 0 0 0 0 0
-313.7 -915.4 2371.6 0 0 0 0 0 0 0 0 0
-160.2 -848.8 2475.0 0 0 0 0 0 0 0 0 0
-89.3 403.9 2453.5 2 0.3905603290 0.2228147835 -0.8932055831 -0.1729132235 0.9707530737 0.1665519029 0.9041922688 0.0893984884 0.4176652431
-133.7 210.3 2435.7 0.3905603290 0.2228147835 -0.8932055831 -0.1729132235 0.9707530737 0.1665519029 0.9041922688 0.0893984884 0.4176652431
-173.7 20.8 2423.8 0.3976538181 0.2060599327 -0.8940977454 -0.1407039315 0.9766247272 0.1625009924 0.9066828489 0.0611839257 0.4173519909
-188.1 229.5 2311.9 -0.1946360320 0.3776693642 -0.9052528143 0.7347959876 0.6675000787 0.1204929128 0.6497628093 -0.6417238712 -0.4074294865
-133.1 22.2 2128.5 -0.8348435163 0.3776693642 -0.4005023539 0.5452412367 0.6675000787 -0.5071051717 0.0758172423 -0.6417238712 -0.7631790042
-79.4 191.1 2559.6 -0.1178694218 0.8823894262 -0.4555169940 -0.9473370314 0.0376267619 0.3180200160 0.2977571487 0.4690129459 0.8314851522
-107.9 -38.0 2631.6 0.2519257367 0.8823894262 -0.3973944485 -0.8796620965 0.0376267619 -0.4741084576 -0.4033956230 0.4690129459 0.7856836915
-251.8 -158.4 2335.1 0.4440756440 0.0292238891 -0.8955125809 0.0040093530 0.9993931055 0.0346020944 0.8959802985 -0.0189563725 0.4436889887
-263.2 -546.4 2342.4 0.4442932606 0.1315713525 -0.8861672878 0.0056400844 0.9887265563 0.1496262997 0.8958636522 -0.0714760199 0.4385424554
-179.5 -181.0 2497.4 0.4652472138 -0.0079605719 -0.8851450086 -0.0603971221 0.9973437190 -0.0407153852 0.8831179142 0.0724029317 0.4635306001
-176.4 -568.1 2469.3 0.4617991745 -0.0569600090 -0.8851537108 0.0473078936 0.9980971813 -0.0395466685 0.8857220411 -0.0236121379 0.4636151195
99.3 -129.6 2107.4 0 0 0 0 0 0 0 0 0
-41.3 -270.7 2524.9 0 0 0 0 0 0 0 0 0
-312.3 -915.4 2369.1 0 0 0 0 0 0 0 0 0
-160.2 -852.1 2476.0 0 0 0 0 0 0 0 0 0
-88.3 405.2 2448.8 3 0.4229402840 0.2296354771 -0.8765780330 -0.1699722558 0.9702912569 0.1721753925 0.8900735378 0.0761740357 0.4494069219
-134.0 212.2 2433.6 0.4229402840 0.2296354771 -0.8765780330 -0.1699722558 0.9702912569 0.1721753925 0.8900735378 0.0761740357 0.4494069219
-174.4 22.6 2423.4 0.4297842383 0.2082926929 -0.8785781860 -0.1395452619 0.9766605496 0.1632830054 0.8920832872 0.0524249673 0.4488195777
-192.7 231.3 2311.8 -0.1749384403 0.3796979785 -0.9084194899 0.7365044951 0.6627843380 0.1351962686 0.6534199715 -0.6454040408 -0.3955957294
-143.2 23.0 2127.0 -0.8313927650 0.3796979785 -0.4057284296 0.5504429936 0.6627843380 -0.5076706409 0.0761489272 -0.6454040408 -0.7600361705
-75.3 193.2 2555.4 -0.1072586700 0.8986099958 -0.4254357815 -0.9469559193 0.0380462818 0.3191033900 0.3029357493 0.4370955527 0.8468632698
-101.2 -35.9 2628.7 0.2370598912 0.8986099958 -0.3691918850 -0.8803994060 0.0380462818 -0.4727043509 -0.4107304811 0.4370955527 0.8001549244
-249.3 -156.2 2330.7 0.4756334424 0.0370325483 -0.8788636923 -0.0005315900 0.9991253614 0.0418123044 0.8796434402 -0.0194201358 0.4752371311
-263.7 -544.1 2338.3 0.4792424440 0.1256199032 -0.8686462641 0.0264352020 0.9871894121 0.1573477089 0.8772843480 -0.0983705372 0.4697822630
-178.1 -181.4 2493.2 0.4964723587 -0.0044527669 -0.8680410981 -0.0521823801 0.9980252981 -0.0349650308 0.8664826751 0.0626556203 0.4952596128
-176.3 -568.8 2468.9 0.4930247664 -0.0589141026 -0.8680182695 0.0510918684 0.9979433417 -0.0387127548 0.8685137630 -0.0252623279 0.4950208068
89.2 -130.9 2105.7 0 0 0 0 0 0 0 0 0
-38.5 -268.7 2520.0 0 0 0 0 0 0 0 0 0
-310.6 -912.4 2375.0 0 0 0 0 0 0 0 0 0
-159.6 -852.5 2476.0 0 0 0 0 0 0 0 0 0
-89.6 404.0 2447.9 4 0.4344016314 0.2287129015 -0.8711978197 -0.1734023094 0.9703668952 0.1682846099 0.8838703632 0.0779646114 0.4611882865
-134.9 211.7 2432.4 0.4344016314 0.2287129015 -0.8711978197 -0.1734023094 0.9703668952 0.1682846099 0.8838703632 0.0779646114 0.4611882865
-175.0 22.1 2421.7 0.4410998225 0.2066570222 -0.8733406067 -0.1434442252 0.9768509865 0.1587008387 0.8859202862 0.0552727580 0.4605325460
-195.2 231.3 2311.4 -0.1368652284 0.3549342752 -0.9248186946 0.7435670495 0.6536634564 0.1408266127 0.6545043588 -0.6683904529 -0.3533812165
-156.9 23.7 2128.7 -0.8381042480 0.3549342752 -0.4142498672 0.5392625332 0.6536634564 -0.5309613943 0.0823236033 -0.6683904529 -0.7392408848
-74.7 192.1 2553.4 -0.1013845429 0.9038602710 -0.4156414568 -0.9488426447 0.0377274416 0.3134872913 0.2990297973 0.4261610806 0.8537961841
-99.2 -37.3 2625.7 0.2339994013 0.9038602710 -0.3581632674 -0.8775002956 0.0377274416 -0.4780898094 -0.4186137915 0.4261610806 0.8019658327
-253.3 -154.4 2333.4 0.4869060218 0.0262731630 -0.8730591536 0.0101261232 0.9993105531 0.0357198268 0.8733956814 -0.0262329038 0.4863042831
-263.5 -542.4 2343.6 0.4863914251 0.1235585883 -0.8649604917 0.0059707691 0.9894574881 0.1447003633 0.8737206459 -0.0755454972 0.4805259109
-176.3 -179.4 2493.1 0.5072634220 0.0060071419 -0.8617700934 -0.0618018359 0.9976546168 -0.0294240396 0.8595721722 0.0681847185 0.5064449310
-178.6 -566.7 2466.7 0.5024985671 -0.0696473271 -0.8617682457 0.0633543581 0.9970365763 -0.0436375588 0.8622537255 -0.0326689631 0.5054218769
76.5 -126.5 2105.7 0 0 0 0 0 0 0 0 0
-37.3 -269.5 2515.0 0 0 0 0 0 0 0 0 0
-309.6 -911.5 2371.8 0 0 0 0 0 0 0 0 0
-158.7 -852.2 2476.0 0 0 0 0 0 0 0 0 0
-91.4 403.6 2446.9 5 0.4393747151 0.2272337526 -0.8690884113 -0.1743089706 0.9706549644 0.1656662375 0.8812299371 0.0787003487 0.4660901129
-136.3 211.7 2431.4 0.4393747151 0.2272337526 -0.8690884113 -0.1743089706 0.9706549644 0.1656662375 0.8812299371 0.0787003487 0.4660901129
-176.4 22.1 2420.4 0.4457910061 0.2066989243 -0.8709454536 -0.1455136091 0.9767662883 0.1573323309 0.8832305074 0.0565970764 0.4655111134
-197.2 231.6 2310.7 -0.1099899784 0.3384062946 -0.9345498085 0.7496063709 0.6456754804 0.1455796808 0.6526809931 -0.6845322251 -0.3246893585
-167.0 25.7 2131.4 -0.8429227471 0.3384062946 -0.4182850718 0.5313594341 0.6456754804 -0.5484161973 0.0844889358 -0.6845322251 -0.7240699530
-75.4 191.8 2552.0 -0.0995897502 0.9060814381 -0.4112156928 -0.9495847225 0.0369220264 0.3113287687 0.2972721159 0.4214892983 0.8567240238
-99.5 -37.9 2623.9 0.2320460826 0.9060814381 -0.3537952304 -0.8763655424 0.0369220264 -0.4802292883 -0.4220640063 0.4214892983 0.8026261926
-254.6 -154.7 2331.6 0.4916749299 0.0243812390 -0.8704374433 0.0153719308 0.9992091656 0.0366711579 0.8706431389 -0.0314105935 0.4909112751
-264.1 -542.6 2343.8 0.4891511202 0.1267362833 -0.8629420996 -0.0051617427 0.9897899628 0.1424399614 0.8721837997 -0.0652203783 0.4848110378
-175.6 -180.4 2490.3 0.5118381381 0.0087199388 -0.8590376377 -0.0579170249 0.9980236888 -0.0243777875 0.8571273685 0.0622303896 0.5113316178
-179.0 -567.8 2466.1 0.5073757172 -0.0676085353 -0.8590686321 0.0650531128 0.9970778227 -0.0400487222 0.8592659235 -0.0355653390 0.5102912784
67.0 -121.8 2108.0 0 0 0 0 0 0 0 0 0
-38.1 -269.7 2512.2 0 0 0 0 0 0 0 0 0
-311.4 -912.0 2368.2 0 0 0 0 0 0 0 0 0
-159.6 -853.3 2476.3 0 0 0 0 0 0 0 0 0
-93.4 401.5 2445.9 6 0.4381385446 0.2211602479 -0.8712764978 -0.1686896086 0.9722707868 0.1619672030 0.8829373717 0.0760112256 0.4632967412
-137.0 210.0 2431.0 0.4381385446 0.2211602479 -0.8712764978 -0.1686896086 0.9722707868 0.1619672030 0.8829373717 0.0760112256 0.4632967412
-176.0 20.1 2420.2 0.4440127611 0.2010189295 -0.8731804490 -0.1415533721 0.9780086875 0.1531719565 0.8847684860 0.0555913374 0.4627032578
-197.6 229.3 2310.1 -0.0825036243 0.3322926462 -0.9395609498 0.7566835284 0.6344197989 0.1579289883 0.6485547423 -0.6979205608 -0.3037822843
-175.3 24.4 2134.5 -0.8467857838 0.3322926462 -0.4153738916 0.5265525579 0.6344197989 -0.5659098029 0.0754737779 -0.6979205608 -0.7121872306
-76.3 190.6 2551.8 -0.0951107815 0.9046197534 -0.4154721200 -0.9496312737 0.0427358709 0.3104417324 0.2985872924 0.4240716696 0.8549905419
-99.3 -39.1 2624.1 0.2382462174 0.9046197534 -0.3534145951 -0.8757068515 0.0427358709 -0.4809482396 -0.4199717641 0.4240716696 0.8023633361
-256.5 -154.5 2330.3 0.4890593886 0.0177122615 -0.8720706105 0.0214419104 0.9992475510 0.0323199742 0.8719869256 -0.0345052481 0.4883116186
-263.3 -542.4 2343.7 0.4868512750 0.1264772564 -0.8642796278 0.0035502207 0.9891667962 0.1467528939 0.8734776378 -0.0745152161 0.4811281264
-176.6 -180.6 2488.5 0.5096158385 0.0121829016 -0.8603157997 -0.0569512993 0.9981845617 -0.0196003634 0.8585151434 0.0589847602 0.5093845129
-181.3 -568.1 2465.6 0.5038487911 -0.0772662163 -0.8603292108 0.0730116218 0.9962365031 -0.0467130579 0.8607007265 -0.0392777100 0.5075938702
60.0 -121.9 2113.5 0 0 0 0 0 0 0 0 0
-36.3 -270.8 2513.0 0 0 0 0 0 0 0 0 0
-310.5 -911.6 2371.5 0 0 0 0 0 0 0 0 0
-159.3 -851.6 2476.8 0 0 0 0 0 0 0 0 0
-96.0 402.5 2445.0 7 0.4318188429 0.2170851827 -0.8754464388 -0.1649112552 0.9732453227 0.1599930525 0.8867563009 0.0752829611 0.4560654759
-138.9 210.4 2430.1 0.4318188429 0.2170851827 -0.8754464388 -0.1649112552 0.9732453227 0.1599930525 0.8867563009 0.0752829611 0.4560654759
-177.3 20.4 2419.4 0.4374510646 0.1981268823 -0.8771443963 -0.1384346336 0.9786360264 0.1520111561 0.8885226250 0.0549297184 0.4555329978
-198.6 229.3 2308.7 -0.0635514706 0.3308407366 -0.9415442944 0.7673428059 0.6194160581 0.1658576280 0.6380801201 -0.7119467258 -0.2932330668
-181.7 24.7 2138.5 -0.8542202115 0.3308407366 -0.4010638297 0.5172002316 0.6194160581 -0.5906163454 0.0530254282 -0.7119467258 -0.7002286315
-79.1 191.5 2551.5 -0.0950636566 0.9011729956 -0.4229067266 -0.9491875172 0.0459759161 0.3113345802 0.3000098467 0.4310143888 0.8510115743
-102.1 -38.1 2624.1 0.2437119186 0.9011729956 -0.3584573865 -0.8760460019 0.0459759161 -0.4800308347 -0.4161104262 0.4310143888 0.8006739020
-254.8 -157.1 2330.1 0.4820224345 0.0224360991 -0.8758715391 0.0159539655 0.9992815852 0.0343773589 0.8760136366 -0.0305442810 0.4813181758
-263.5 -545.0 2342.0 0.4810478687 0.1271159500 -0.8674297929 0.0082606291 0.9887313247 0.1494729370 0.8766553998 -0.0790691525 0.4745770395
-175.3 -182.4 2488.6 0.5029805303 0.0119869215 -0.8642145991 -0.0597648732 0.9979928136 -0.0209412202 0.8622289300 0.0621827021 0.5026873350
-179.9 -569.9 2464.5 0.4970216155 -0.0783784911 -0.8641911149 0.0694060698 0.9963123202 -0.0504438654 0.8649579883 -0.0349084176 0.5006287098
56.0 -119.3 2123.8 0 0 0 0 0 0 0 0 0
-37.6 -269.9 2514.0 0 0 0 0 0 0 0 0 0
-311.0 -914.1 2371.5 0 0 0 0 0 0 0 0 0
-157.9 -850.1 2474.3 0 0 0 0 0 0 0 0 0
-92.6 404.7 2447.0 8 0.4258837402 0.2238909304 -0.8766389489 -0.1664009541 0.9717546105 0.1673431993 0.8893445730 0.0746048093 0.4511101544
-137.1 211.9 2432.2 0.4258837402 0.2238909304 -0.8766389489 -0.1664009541 0.9717546105 0.1673431993 0.8893445730 0.0746048093 0.4511101544
-176.5 22.1 2421.6 0.4318190217 0.2030033022 -0.8788185120 -0.1392975152 0.9776628017 0.1573902369 0.8911389112 0.0544531383 0.4504512250
-196.1 230.9 2310.4 -0.0375764258 0.3308731019 -0.9429268241 0.7742891312 0.6061440110 0.1818399131 0.6317154169 -0.7232651114 -0.2789681852
-186.1 25.3 2142.7 -0.8590902090 0.3308731019 -0.3904958963 0.5106307268 0.6061440110 -0.6097915173 0.0349331535 -0.7232651114 -0.6896863580
-78.1 192.8 2553.9 -0.1017388031 0.8990243673 -0.4259160161 -0.9481831789 0.0419060327 0.3149484098 0.3009947240 0.4358888865 0.8481763005
-102.7 -36.5 2626.7 0.2413519621 0.8990243673 -0.3653826118 -0.8779893517 0.0419060327 -0.4768423438 -0.4133811295 0.4358888865 0.7994478941
-255.0 -157.1 2329.2 0.4774773121 0.0251249187 -0.8782847524 0.0224291924 0.9989168048 0.0407693908 0.8783577681 -0.0391656794 0.4763965905
-264.7 -544.9 2344.4 0.4746938050 0.1167049482 -0.8723793626 -0.0024900762 0.9913442135 0.1312648654 0.8801474571 -0.0601383224 0.4708755612
-176.6 -181.9 2488.4 0.4980314672 0.0021985397 -0.8671561480 -0.0481225066 0.9985258579 -0.0251064636 0.8658226728 0.0542335398 0.4974031150
-177.5 -569.6 2467.3 0.4938604236 -0.0656636357 -0.8670583367 0.0573980957 0.9974316359 -0.0428441092 0.8676447272 -0.0286084861 0.4963609576
53.2 -116.9 2133.0 0 0 0 0 0 0 0 0 0
-38.8 -268.8 2517.3 0 0 0 0 0 0 0 0 0
-308.3 -914.9 2366.8 0 0 0 0 0 0 0 0 0
-158.7 -854.0 2475.5 0 0 0 0 0 0 0 0 0
-92.9 404.2 2446.5 9 0.4311647713 0.2225774378 -0.8743890524 -0.1668344885 0.9720518589 0.1651709229 0.8867148161 0.0746623650 0.4562481046
-137.0 211.6 2431.7 0.4311647713 0.2225774378 -0.8743890524 -0.1668344885 0.9720518589 0.1651709229 0.8867148161 0.0746623650 0.4562481046
-176.0 21.8 2421.3 0.4373603761 0.2011010796 -0.8765125871 -0.1383164525 0.9781208634 0.1553965509 0.8885856271 0.0532718115 0.4556069076
-196.7 230.5 2310.3 -0.0331157111 0.3394483924 -0.9400415421 0.7790117860 0.5980048776 0.1884962022 0.6261341572 -0.7260612845 -0.2842376530
-188.0 25.6 2145.6 -0.8622478247 0.3394483924 -0.3759035468 0.5062963367 0.5980048776 -0.6213325858 0.0138817895 -0.7260612845 -0.6874898672
-77.2 192.7 2553.1 -0.0978140458 0.9014705420 -0.4216434956 -0.9484116435 0.0439501852 0.3139803708 0.3015753925 0.4306032956 0.8506662846
-100.9 -36.7 2626.0 0.2409171164 0.9014705420 -0.3595966399 -0.8774372935 0.0439501852 -0.4776737094 -0.4148044586 0.4306032956 0.8015722632
-254.6 -155.2 2331.2 0.4822100699 0.0248354916 -0.8757035136 0.0081148231 0.9994285703 0.0328128748 0.8760180473 -0.0229288768 0.4817329645
-264.2 -543.2 2340.1 0.4834448397 0.1313173324 -0.8654691577 0.0172416624 0.9870638251 0.1593979299 0.8752049804 -0.0919822305 0.4749267995
-177.2 -180.2 2490.9 0.5032272935 0.0078347148 -0.8641185760 -0.0441930294 0.9988837838 -0.0166796204 0.8630233407 0.0465816595 0.5030118227
-180.2 -568.0 2472.8 0.4981131852 -0.0805684477 -0.8633608818 0.0425058976 0.9967457652 -0.0684922338 0.8660695553 -0.0025810460 0.4999168217
52.5 -115.7 2141.7 0 0 0 0 0 0 0 0 0
-37.2 -268.8 2516.3 0 0 0 0 0 0 0 0 0
-313.2 -911.4 2374.4 0 0 0 0 0 0 0 0 0
-157.7 -847.3 2473.5 0 0 0 0 0 0 0 0 0
-93.7 400.7 2447.2 0 0.4399161935 0.2262753993 -0.8690645695 -0.1787131131 0.9704384804 0.1622060835 0.8800768852 0.0839561448 0.4673499763
-138.4 208.9 2430.6 0.4399161935 0.2262753993 -0.8690645695 -0.1787131131 0.9704384804 0.1622060835 0.8800768852 0.0839561448 0.4673499763
-178.0 19.3 2418.7 0.4465948045 0.2039526999 -0.8711810112 -0.1484811902 0.9770663977 0.1526254565 0.8823301196 0.0611922666 0.4666359127
-199.4 229.2 2310.1 -0.0496126078 0.3471893370 -0.9364817739 0.7910079956 0.5861258507 0.1753933430 0.6097908616 -0.7320628762 -0.3037087917
-186.5 23.7 2151.6 -0.8593968749 0.3471893370 -0.3753618896 0.5113059282 0.5861258507 -0.6285083890 0.0017978848 -0.7320628762 -0.6812346578
-77.4 188.6 2551.2 -0.0968288258 0.9061517715 -0.4117197692 -0.9512560368 0.0374408327 0.3061210215 0.2928072512 0.4212922752 0.8583570123
-100.8 -41.4 2622.0 0.2343464494 0.9061517715 -0.3520947993 -0.8736451268 0.0374408327 -0.4851209521 -0.4264104962 0.4212922752 0.8004292250
