125.2 491.7 2654.2 1 0.4794240296 0.2770126462 -0.8327164054 -0.1116996557 0.9604185820 0.2551848292 0.8704457283 -0.0293276086 0.4913899899
69.8 299.9 2660.1 0.4794240296 0.2770126462 -0.8327164054 -0.1116996557 0.9604185820 0.2551848292 0.8704457283 -0.0293276086 0.4913899899
17.4 108.5 2671.0 0.4872409105 0.2639894187 -0.8324096799 -0.0839090496 0.9629549384 0.2562752664 0.8692269921 -0.0550210848 0.4913421571
1.3 311.7 2537.8 -0.1621156037 -0.1629742384 -0.9732204080 0.8640421033 0.4529137611 -0.2197734416 0.4766023159 -0.8765320778 0.0673922226
47.6 65.1 2401.8 -0.8849858046 -0.1629742384 -0.4361645877 0.3256376982 0.4529137611 -0.8299573660 0.3328066170 -0.8765320778 -0.3477516770
138.4 288.1 2782.4 0.1931394190 0.9733889103 -0.1233335584 -0.8455414176 0.2288893163 0.4823582172 0.4977518618 0.0111212404 0.8672481775
213.9 -42.4 2976.9 0.0253837798 0.9733889103 0.2277491242 -0.0594624467 0.2288893163 -0.9716346264 -0.9979077578 0.0111212404 0.0636901632
-81.0 -76.1 2590.8 0.6853490472 0.0410109907 -0.7270589471 -0.0123435203 0.9989237189 0.0447105840 0.7281100750 -0.0216678903 0.6851176620
-97.3 -473.2 2599.5 0.6835040450 0.0961124897 -0.7235915065 -0.0329573452 0.9943460226 0.1009445265 0.7292023301 -0.0451483354 0.6828071475
8.0 -94.7 2750.1 0.6863550544 -0.1696464866 -0.7072035074 0.0706497058 0.9833669066 -0.1673265845 0.7238268852 0.0648817345 0.6869243383
75.5 -485.5 2724.3 0.6863550544 0.2658146322 -0.6769484878 0.0706497058 0.9020398855 0.4258317947 0.7238268852 -0.3400980234 0.6003398895
277.1 -19.4 2315.5 0 0 0 0 0 0 0 0 0
221.0 -59.1 2696.3 0 0 0 0 0 0 0 0 0
-124.2 -751.4 2612.1 0 0 0 0 0 0 0 0 0
-17.8 -802.1 2843.7 0 0 0 0 0 0 0 0 0
126.1 491.2 2657.0 2 0.4670420587 0.2731737792 -0.8409802318 -0.1041020527 0.9614549875 0.2544938028 0.8780856729 -0.0313115343 0.4774778783
71.5 299.0 2663.3 0.4670420587 0.2731737792 -0.8409802318 -0.1041020527 0.9614549875 0.2544938028 0.8780856729 -0.0313115343 0.4774778783
19.5 107.5 2674.6 0.4745210111 0.2615747750 -0.8404811025 -0.0771796256 0.9635135531 0.2562907040 0.8768541217 -0.0567473024 0.4773956835
4.7 309.9 2539.9 -0.2005409151 -0.1620578468 -0.9661886692 0.8532086611 0.4557978809 -0.2535414398 0.4814751446 -0.8752059937 0.0468630418
62.5 64.1 2401.2 -0.8802884221 -0.1620578468 -0.4459030628 0.3340059221 0.4557978809 -0.8250383735 0.3369456232 -0.8752059937 -0.3471053243
138.2 288.2 2786.6 0.1884649843 0.9723628759 -0.1378094405 -0.8419537544 0.2322128117 0.4870226681 0.5055638552 0.0242424570 0.8624485731
211.9 -40.9 2984.2 0.0404238477 0.9723628759 0.2299486995 -0.0651798546 0.2322128117 -0.9704786539 -0.9970543981 0.0242424570 0.0727654099
-79.7 -75.2 2602.3 0.6732875705 0.0445523374 -0.7380372286 -0.0343574286 0.9989898801 0.0289618261 0.7385820746 0.0058574239 0.6741381288
-97.5 -472.2 2599.9 0.6737616062 0.1001829356 -0.7321261764 -0.0297286808 0.9936398864 0.1086093113 0.7383505702 -0.0514116399 0.6724547148
9.6 -90.6 2761.7 0.7116529942 -0.1678595990 -0.6821826100 0.0509436838 0.9808093905 -0.1881959885 0.7006816268 0.0991773456 0.7065473199
76.3 -480.3 2722.3 0.7116529942 0.2626364529 -0.6515919566 0.0509436838 0.9057579637 0.4207223356 0.7006816268 -0.3326027989 0.6312056780
291.3 -22.7 2313.6 0 0 0 0 0 0 0 0 0
223.3 -59.2 2703.9 0 0 0 0 0 0 0 0 0
-125.6 -751.3 2614.4 0 0 0 0 0 0 0 0 0
-20.0 -812.4 2844.2 0 0 0 0 0 0 0 0 0
121.2 492.8 2646.9 3 0.4375840425 0.2617990077 -0.8602217436 -0.0606364682 0.9630900621 0.2622608244 0.8971306682 -0.0626003444 0.4373074174
69.2 301.3 2659.3 0.4375840425 0.2617990077 -0.8602217436 -0.0606364682 0.9630900621 0.2622608244 0.8971306682 -0.0626003444 0.4373074174
19.0 109.7 2676.1 0.4437424839 0.2517147958 -0.8600769043 -0.0375239551 0.9641191363 0.2628045082 0.8953683972 -0.0843440369 0.4372659624
6.8 306.5 2533.5 -0.2582827210 -0.1569035947 -0.9532425404 0.8450174332 0.4415435493 -0.3016369641 0.4682260156 -0.8834141493 0.0185431931
80.3 66.0 2400.2 -0.8721019626 -0.1569035947 -0.4634861946 0.3578408062 0.4415435493 -0.8227935433 0.3337486088 -0.8834141493 -0.3289244771
131.5 296.0 2785.2 0.1798574477 0.9680963755 -0.1744725704 -0.8197310567 0.2455481887 0.5174428225 0.5437759757 0.0499546379 0.8377423286
201.8 -24.1 2997.5 0.0770779923 0.9680963755 0.2384289503 -0.1021177471 0.2455481887 -0.9639906883 -0.9917817116 0.0499546379 0.1177861840
-76.0 -76.9 2605.4 0.6446344256 0.0551090837 -0.7625021338 -0.0467223600 0.9983739853 0.0326564796 0.7630619407 0.0145744076 0.6461610198
-97.9 -473.8 2599.6 0.6476027369 0.1007046998 -0.7552941442 -0.0198047273 0.9931178093 0.1154332161 0.7617207170 -0.0597964674 0.6451402307
11.0 -91.1 2766.3 0.7316154242 -0.1665324122 -0.6610641479 0.0474521331 0.9797920585 -0.1943085492 0.6800640821 0.1107902303 0.7247332931
77.2 -480.5 2722.2 0.7316154242 0.2669293284 -0.6272858977 0.0474521331 0.8979831934 0.4374636710 0.6800640821 -0.3498212099 0.6443120241
306.8 -26.9 2313.6 0 0 0 0 0 0 0 0 0
223.4 -52.7 2718.9 0 0 0 0 0 0 0 0 0
-126.1 -751.2 2616.3 0 0 0 0 0 0 0 0 0
-22.7 -816.7 2853.2 0 0 0 0 0 0 0 0 0
118.3 490.8 2642.3 4 0.3853042126 0.2567044795 -0.8863652945 -0.0315595753 0.9636319280 0.2653630376 0.9222497940 -0.0742721856 0.3793929219
67.3 299.5 2657.1 0.3853042126 0.2567044795 -0.8863652945 -0.0315595753 0.9636319280 0.2653630376 0.9222497940 -0.0742721856 0.3793929219
17.8 107.9 2676.1 0.3910579085 0.2485089749 -0.8861811161 -0.0096074771 0.9639070034 0.2660657763 0.9203159213 -0.0955331549 0.3793309927
12.4 300.8 2527.9 -0.2869482338 -0.1458380818 -0.9467797875 0.8494873047 0.4180653393 -0.3218581080 0.4427549839 -0.8966340423 0.0039244844
92.6 63.3 2404.1 -0.8830031753 -0.1458380818 -0.4461352527 0.3537063897 0.4180653393 -0.8367276192 0.3085404634 -0.8966340423 -0.3175691664
122.2 298.1 2786.2 0.1538672745 0.9617125392 -0.2267904133 -0.8036702275 0.2553369105 0.5375101566 0.5748382211 0.0995594785 0.8121877313
182.2 -15.5 3010.6 0.1355808824 0.9617125392 0.2381740063 -0.1275593191 0.2553369105 -0.9584006071 -0.9825204611 0.0995594785 0.1572941989
-71.8 -78.4 2610.9 0.5969935060 0.0743071884 -0.7987973094 -0.0600861572 0.9970459938 0.0478427187 0.7999927402 0.0194348674 0.5996948481
-101.3 -474.7 2603.2 0.6009112597 0.0877126455 -0.7944886088 -0.0209279358 0.9953466654 0.0940588191 0.7990416884 -0.0398939960 0.5999506712
9.6 -85.3 2775.0 0.7494780421 -0.1774450541 -0.6378055811 0.0394097492 0.9736598730 -0.2245737463 0.6608551741 0.1431773305 0.7367297411
80.1 -472.1 2718.1 0.7494780421 0.2708894312 -0.6040709019 0.0394097492 0.8925795555 0.4491643608 0.6608551741 -0.3604450822 0.6582930684
320.6 -28.0 2324.5 0 0 0 0 0 0 0 0 0
220.3 -51.3 2735.0 0 0 0 0 0 0 0 0 0
-125.5 -749.6 2614.2 0 0 0 0 0 0 0 0 0
-22.4 -809.8 2854.5 0 0 0 0 0 0 0 0 0
117.1 489.4 2640.1 5 0.3508254886 0.2622491121 -0.8989698887 0.0006820128 0.9599139690 0.2802939713 0.9364405870 -0.0989473835 0.3365834355
65.1 298.8 2659.7 0.3508254886 0.2622491121 -0.8989698887 0.0006820128 0.9599139690 0.2802939713 0.9364405870 -0.0989473835 0.3365834355
14.6 108.0 2683.2 0.3562444448 0.2533632815 -0.8993870020 0.0208612178 0.9601397514 0.2787407935 0.9341598749 -0.1180621684 0.3367589712
15.0 295.8 2528.6 -0.3311007619 -0.0914549530 -0.9391529560 0.8350444436 0.4350749850 -0.3367647529 0.4394007623 -0.8957375288 -0.0676847026
106.0 66.3 2407.8 -0.8756888509 -0.0914549530 -0.4741361439 0.3931463659 0.4350749850 -0.8100281954 0.2803658545 -0.8957375288 -0.3450351059
115.1 301.8 2790.8 0.1310881227 0.9576859474 -0.2562294602 -0.7840902805 0.2583149374 0.5643366575 0.6066451669 0.1269291937 0.7847742438
166.3 -4.2 3027.6 0.1720671505 0.9576859474 0.2307174206 -0.1603375524 0.2583149374 -0.9526621699 -0.9719489813 0.1269291937 0.1980005354
-67.5 -82.7 2610.9 0.5646976829 0.0881933868 -0.8205720186 -0.0553154908 0.9960826039 0.0689901263 0.8234419823 0.0064317789 0.5673639774
-102.6 -478.6 2608.4 0.5667608976 0.0794511363 -0.8200424314 -0.0314772241 0.9967007637 0.0748119205 0.8232808113 -0.0165878106 0.5673919320
4.0 -84.5 2779.3 0.7508568168 -0.1929698735 -0.6316459775 0.0432749540 0.9686846733 -0.2444940060 0.6590457559 0.1562455446 0.7356942296
80.7 -469.4 2717.3 0.7508568168 0.2715276480 -0.6020687222 0.0432749540 0.8893983364 0.4550801218 0.6590457559 -0.3677545190 0.6560604572
331.1 -34.7 2335.8 0 0 0 0 0 0 0 0 0
214.5 -49.2 2754.9 0 0 0 0 0 0 0 0 0
-124.3 -750.6 2612.9 0 0 0 0 0 0 0 0 0
-22.6 -807.6 2857.1 0 0 0 0 0 0 0 0 0
115.8 488.8 2638.9 6 0.3340505064 0.2622448504 -0.9053385854 0.0195765328 0.9583775997 0.2848317027 0.9423518777 -0.1128715649 0.3150126636
63.8 298.7 2661.3 0.3340505064 0.2622448504 -0.9053385854 0.0195765328 0.9583775997 0.2848317027 0.9423518777 -0.1128715649 0.3150126636
13.3 108.3 2687.5 0.3394374847 0.2534002364 -0.9058534503 0.0396004766 0.9583263397 0.2829177380 0.9397946596 -0.1319051087 0.3152571023
16.1 293.1 2529.3 -0.3670259714 -0.0066521862 -0.9301869273 0.8202630281 0.4692904353 -0.3270091712 0.4387031496 -0.8830187917 -0.1667852402
116.4 69.0 2409.4 -0.8711540699 -0.0066521862 -0.4909646511 0.4308305085 0.4692904353 -0.7708122730 0.2355326116 -0.8830187917 -0.4059583247
111.5 304.3 2793.4 0.1222523004 0.9546110034 -0.2716103494 -0.7718058825 0.2634940147 0.5786938667 0.6239952445 0.1388837993 0.7689871192
159.2 3.0 3037.0 0.1897340268 0.9546110034 0.2296057642 -0.1784995943 0.2634940147 -0.9480025172 -0.9654734135 0.1388837993 0.2203914672
-68.6 -84.7 2621.1 0.5455861092 0.0876766369 -0.8334558010 -0.0887636766 0.9949638247 0.0465613753 0.8333407044 0.0485773645 0.5506209731
-103.4 -479.9 2601.8 0.5527098775 0.0715156123 -0.8302994967 -0.0122471945 0.9969005585 0.0777126923 0.8332837224 -0.0327837318 0.5518726707
-3.3 -80.8 2792.1 0.7720567584 -0.2180036604 -0.5969948173 0.0375626795 0.9533401728 -0.2995522320 0.6344426274 0.2088466138 0.7442215085
83.2 -459.1 2709.2 0.7720567584 0.2685191333 -0.5760432482 0.0375626795 0.8855015635 0.4631156325 0.6344426274 -0.3791892827 0.6735711098
340.0 -41.6 2348.9 0 0 0 0 0 0 0 0 0
212.5 -47.1 2765.9 0 0 0 0 0 0 0 0 0
-123.0 -753.9 2610.8 0 0 0 0 0 0 0 0 0
-19.2 -796.7 2853.8 0 0 0 0 0 0 0 0 0
113.2 486.4 2639.3 7 0.3383283019 0.2533291578 -0.9062882066 0.0208021589 0.9608342648 0.2763417959 0.9407981634 -0.1123469993 0.3198076189
63.1 296.4 2661.6 0.3383283019 0.2533291578 -0.9062882066 0.0208021589 0.9608342648 0.2763417959 0.9407981634 -0.1123469993 0.3198076189
13.8 105.7 2687.8 0.3434570134 0.2480249703 -0.9058260918 0.0404486172 0.9596966505 0.2781119943 0.9382969737 -0.1321589202 0.3195822537
14.8 290.7 2529.6 -0.4027533233 0.0275919847 -0.9148926139 0.8163375258 0.4629117250 -0.3454066515 0.4139840305 -0.8859748244 -0.2089636028
124.5 68.4 2416.9 -0.8943021297 0.0275919847 -0.4466121793 0.4074199498 0.4629117250 -0.7872240543 0.1850209236 -0.8859748244 -0.4252244532
111.4 302.1 2793.5 0.1292367429 0.9538245797 -0.2711393535 -0.7716024518 0.2684748769 0.5766722560 0.6228382587 0.1346845329 0.7706701756
161.9 0.7 3036.8 0.1862101853 0.9538245797 0.2356786877 -0.1767044514 0.2684748769 -0.9469407201 -0.9664891362 0.1346845329 0.2185378075
-68.3 -85.8 2627.6 0.5483366251 0.0880085155 -0.8316137791 -0.1033810750 0.9939525723 0.0370227844 0.8298429251 0.0656721815 0.5541189909
-103.2 -480.7 2601.5 0.5581171513 0.0749969706 -0.8263659477 -0.0077447449 0.9963344932 0.0851917863 0.8297259808 -0.0411470048 0.5566521883
-6.1 -78.5 2799.8 0.7741405964 -0.2254608572 -0.5915012360 0.0343883112 0.9480198622 -0.3163475692 0.6320789456 0.2245567590 0.7416538596
83.5 -455.0 2710.6 0.7741405964 0.2655281126 -0.5746313334 0.0343883112 0.8887895942 0.4570234716 0.6320789456 -0.3735610247 0.6789170504
354.2 -36.3 2369.3 0 0 0 0 0 0 0 0 0
214.2 -49.0 2765.2 0 0 0 0 0 0 0 0 0
-123.9 -755.5 2612.9 0 0 0 0 0 0 0 0 0
-17.9 -794.3 2853.3 0 0 0 0 0 0 0 0 0
114.2 493.5 2639.1 8 0.3097951412 0.2513131797 -0.9169889092 0.0315601267 0.9611865282 0.2740883827 0.9502794147 -0.1138515323 0.2898394465
64.2 302.1 2661.7 0.3097951412 0.2513131797 -0.9169889092 0.0315601267 0.9611865282 0.2740883827 0.9502794147 -0.1138515323 0.2898394465
14.8 111.3 2688.2 0.3146298826 0.2481630594 -0.9162003994 0.0501518510 0.9595253468 0.2771206200 0.9478886127 -0.1331395805 0.2894495130
19.9 295.0 2528.4 -0.3956010640 0.0071031232 -0.9183949828 0.8413667083 0.4037410617 -0.3592982888 0.3682416379 -0.9148457050 -0.1656967252
128.5 64.2 2427.4 -0.9173296094 0.0071031232 -0.3980652392 0.3668175340 0.4037410617 -0.8381157517 0.1547620445 -0.9148457050 -0.3729691803
108.4 309.1 2795.0 0.1132864207 0.9482425451 -0.2966517508 -0.7656001449 0.2736132741 0.5822303295 0.6332634687 0.1611578465 0.7569712996
152.7 10.0 3042.4 0.2161664367 0.9482425451 0.2326115966 -0.1844337732 0.2736132741 -0.9439914823 -0.9587785006 0.1611578465 0.2340339571
-67.1 -88.8 2628.1 0.5223860741 0.0930065140 -0.8476217389 -0.1038299426 0.9935750961 0.0450314544 0.8463640809 0.0644847155 0.5286866426
-104.1 -483.7 2602.4 0.5324558020 0.0772503391 -0.8429253697 -0.0067269960 0.9961815476 0.0870463029 0.8464310765 -0.0406779535 0.5309423208
-4.1 -81.4 2800.1 0.7769274116 -0.2163278759 -0.5912580490 0.0282421503 0.9501453638 -0.3105257154 0.6289564371 0.2245575190 0.7443035245
81.9 -458.9 2710.9 0.7769274116 0.2660383582 -0.5706202388 0.0282421503 0.8906968236 0.4537196755 0.6289564371 -0.3686227798 0.6844932437
363.1 -29.6 2387.9 0 0 0 0 0 0 0 0 0
213.4 -41.8 2773.0 0 0 0 0 0 0 0 0 0
-124.9 -752.8 2613.4 0 0 0 0 0 0 0 0 0
-19.8 -799.2 2851.7 0 0 0 0 0 0 0 0 0
120.2 492.5 2640.9 9 0.3193059266 0.2664130330 -0.9094327092 0.0161150880 0.9580045342 0.2862999737 0.9475146532 -0.1060728580 0.3016032279
67.2 301.8 2662.0 0.3193059266 0.2664130330 -0.9094327092 0.0161150880 0.9580045342 0.2862999737 0.9475146532 -0.1060728580 0.3016032279
15.3 111.4 2686.2 0.3236684501 0.2606446147 -0.9095620513 0.0319720544 0.9577469230 0.2858297825 0.9456302524 -0.1215946525 0.3016591072
21.7 297.3 2529.0 -0.3818388879 -0.0006622286 -0.9242286682 0.8682491183 0.3424814343 -0.3589567244 0.3167688549 -0.9395243526 -0.1301977485
127.4 56.9 2441.3 -0.9231382012 -0.0006622286 -0.3844677806 0.3610076308 0.3424814343 -0.8673983812 0.1322474927 -0.9395243526 -0.3159185946
112.7 306.3 2795.0 0.1079825386 0.9533873200 -0.2817664444 -0.7760989070 0.2579674423 0.5754331946 0.6212972999 0.1565418988 0.7677788138
154.9 3.1 3037.8 0.2051011324 0.9533873200 0.2213280201 -0.1734828353 0.2579674423 -0.9504506588 -0.9632430673 0.1565418988 0.2183057517
-63.4 -84.0 2627.8 0.5295862556 0.1043563485 -0.8418124318 -0.1114363223 0.9923618436 0.0529145338 0.8409044743 0.0657856688 0.5371702909
-104.9 -478.5 2601.6 0.5409563780 0.0718337521 -0.8379774094 -0.0004382449 0.9963698983 0.0851286873 0.8410505652 -0.0456836633 0.5390241146
-5.7 -74.8 2801.6 0.7973200083 -0.2289131582 -0.5584617853 0.0300417803 0.9391896129 -0.3420824111 0.6028086543 0.2559719682 0.7557116151
85.2 -447.9 2699.9 0.7973200083 0.2660970092 -0.5417316556 0.0300417803 0.8789558411 0.4759559929 0.6028086543 -0.3957638144 0.6928150654
363.3 -35.3 2407.5 0 0 0 0 0 0 0 0 0
212.6 -45.7 2767.0 0 0 0 0 0 0 0 0 0
-124.8 -755.5 2614.3 0 0 0 0 0 0 0 0 0
-16.4 -783.7 2851.1 0 0 0 0 0 0 0 0 0
116.0 494.8 2639.9 0 0.2885737717 0.2570667267 -0.9223024845 0.0309930798 0.9602699876 0.2773464024 0.9569559097 -0.1086198911 0.2691414356
64.9 303.9 2661.4 0.2885737717 0.2570667267 -0.9223024845 0.0309930798 0.9602699876 0.2773464024 0.9569559097 -0.1086198911 0.2691414356
14.4 113.2 2686.2 0.2926284373 0.2539324462 -0.9218931198 0.0462237261 0.9592116475 0.2788841128 0.9551083446 -0.1242227629 0.2689549029
23.8 297.4 2527.1 -0.3671323955 0.0469284095 -0.9289841652 0.8848686814 0.3254969418 -0.3332553208 0.2867423594 -0.9443778396 -0.1610259563
124.9 53.6 2448.1 -0.9246098399 0.0469284095 -0.3780137300 0.3719303310 0.3254969418 -0.8693213463 0.0822464451 -0.9443778396 -0.3184117675
106.0 310.4 2795.7 0.0962842926 0.9449867606 -0.3126168847 -0.7678995728 0.2703534961 0.5807230473 0.6332926750 0.1841438562 0.7516857386
143.7 10.3 3043.2 0.2379478216 0.9449867606 0.2244566977 -0.1818570942 0.2703534961 -0.9454295039 -0.9541010857 0.1841438562 0.2361825705
-66.2 -81.9 2623.7 0.5030296445 0.0923258513 -0.8593236208 -0.0997432470 0.9938358068 0.0483902916 0.8584942818 0.0613699779 0.5091378093
-102.9 -476.9 2599.3 0.5143666863 0.0830909312 -0.8535354733 0.0030826982 0.9951093793 0.0987307578 0.8575648069 -0.0534150079 0.5115950108
-6.8 -76.0 2797.1 0.7872074246 -0.2281175852 -0.5729457736 0.0352938734 0.9442112446 -0.3274438977 0.6156775355 0.2375447899 0.7513412237
83.8 -451.2 2702.7 0.7872074246 0.2641510069 -0.5572510362 0.0352938734 0.8828396797 0.4683465064 0.6156775355 -0.3883533776 0.6856550574
360.8 -41.3 2427.1 0 0 0 0 0 0 0 0 0
210.5 -40.8 2775.1 0 0 0 0 0 0 0 0 0
-126.0 -754.3 2614.2 0 0 0 0 0 0 0 0 0
-17.1 -788.6 2851.1 0 0 0 0 0 0 0 0 0
115.5 498.6 2639.3 1 0.2826180756 0.2507089376 -0.9258898497 0.0361398458 0.9617720246 0.2714563012 0.9585514665 -0.1101799756 0.2627535760
65.4 306.4 2661.3 0.2826180756 0.2507089376 -0.9258898497 0.0361398458 0.9617720246 0.2714563012 0.9585514665 -0.1101799756 0.2627535760
16.3 115.4 2686.4 0.2866405249 0.2470147908 -0.9256461859 0.0516773909 0.9607960582 0.2723974586 0.9566434622 -0.1259151250 0.2626380026
25.1 299.1 2526.8 -0.3528105319 0.1434643716 -0.9246311188 0.8943977356 0.3420397341 -0.2882040143 0.2749135792 -0.9286693931 -0.2489894331
122.6 51.8 2450.8 -0.9246461391 0.1434643716 -0.3527711630 0.3808186650 0.3420397341 -0.8590611219 -0.0025829114 -0.9286693931 -0.3708996475
105.7 313.6 2795.9 0.0988323241 0.9416770935 -0.3216775656 -0.7649369836 0.2786536217 0.5807095170 0.6364774704 0.1886702031 0.7478635907
144.3 14.7 3044.7 0.2449455708 0.9416770935 0.2307508439 -0.1831291914 0.2786536217 -0.9427703023 -0.9520847201 0.1886702031 0.2407035232
-62.9 -81.7 2623.3 0.4980549514 0.0979782641 -0.8615924120 -0.1006247029 0.9934140444 0.0548012629 0.8612873554 0.0594034456 0.5046338439
-101.9 -476.6 2599.7 0.5091699362 0.0880859196 -0.8561465144 -0.0029091618 0.9949193001 0.1006336212 0.8606610894 -0.0487489440 0.5068392158
-9.3 -73.2 2798.5 0.7671114206 -0.2407125980 -0.5946406722 0.0367127135 0.9418868423 -0.3339181244 0.6404625177 0.2343215197 0.7313693762
86.4 -447.6 2705.3 0.7671114206 0.2676197886 -0.5830263495 0.0367127135 0.8890255094 0.4563834071 0.6404625177 -0.3715013862 0.6721565723
360.2 -46.0 2451.4 0 0 0 0 0 0 0 0 0
213.2 -36.8 2777.0 0 0 0 0 0 0 0 0 0
-126.1 -750.7 2613.2 0 0 0 0 0 0 0 0 0
-15.9 -787.3 2847.3 0 0 0 0 0 0 0 0 0
113.1 496.3 2638.0 2 0.3023416698 0.2511851192 -0.9195083380 0.0333613716 0.9612750411 0.2735641599 0.9526156187 -0.1133859083 0.2822536230
63.1 304.9 2660.6 0.3023416698 0.2511851192 -0.9195083380 0.0333613716 0.9612750411 0.2735641599 0.9526156187 -0.1133859083 0.2822536230
14.1 113.9 2686.2 0.3062831163 0.2464638501 -0.9194815159 0.0485828482 0.9605965018 0.2736677527 0.9506999254 -0.1284908354 0.2822405696
20.0 298.1 2526.9 -0.3450308740 0.2135945559 -0.9139644504 0.9032491446 0.3402588964 -0.2614668310 0.2551366389 -0.9157517552 -0.3103289306
114.4 51.1 2457.1 -0.9268938899 0.2135945559 -0.3086180687 0.3667121828 0.3402588964 -0.8658787608 -0.0799369514 -0.9157517552 -0.3937116265
106.2 311.7 2794.4 0.1102545559 0.9459491968 -0.3049984872 -0.7668214440 0.2761898637 0.5793997049 0.6323201656 0.1699979305 0.7558253407
149.3 12.0 3041.5 0.2249644548 0.9459491968 0.2336046696 -0.1812344193 0.2761898637 -0.9438608289 -0.9573636055 0.1699979305 0.2335714549
-59.1 -80.3 2623.7 0.5138275623 0.1120713055 -0.8505417705 -0.1182605699 0.9912184477 0.0591641814 0.8497033119 0.0701853633 0.5225690007
-103.7 -474.4 2595.8 0.5279840827 0.0760299340 -0.8458440900 0.0097912932 0.9953733683 0.0955824107 0.8491978049 -0.0587479025 0.5247969031
-6.6 -70.9 2799.2 0.7756580114 -0.2333084941 -0.5864484310 0.0311655439 0.9421940446 -0.3336151242 0.6303834915 0.2404942662 0.7380915880
86.2 -445.4 2703.6 0.7756580114 0.2629928887 -0.5737502575 0.0311655439 0.8919819593 0.4509953856 0.6303834915 -0.3676994443 0.6836766601
353.6 -43.5 2477.8 0 0 0 0 0 0 0 0 0
212.5 -38.9 2772.3 0 0 0 0 0 0 0 0 0
-125.0 -753.4 2612.3 0 0 0 0 0 0 0 0 0
-14.4 -786.4 2844.1 0 0 0 0 0 0 0 0 0
122.6 502.9 2627.9 3 0.2865229249 0.2721519172 -0.9186065197 0.0419656523 0.9543207288 0.2958223522 0.9571538568 -0.1233098060 0.2620137334
68.0 311.7 2652.6 0.2865229249 0.2721519172 -0.9186065197 0.0419656523 0.9543207288 0.2958223522 0.9571538568 -0.1233098060 0.2620137334
15.0 122.1 2680.0 0.2907643020 0.2664800286 -0.9189366102 0.0569916666 0.9539033771 0.2946528792 0.9550958276 -0.1380462646 0.2621738911
27.1 303.6 2518.3 -0.2669546306 0.2316432297 -0.9354553223 0.9389756918 0.2810225487 -0.1983707249 0.2169327885 -0.9313257933 -0.2925276160
99.8 48.0 2459.2 -0.9287659526 0.2316432297 -0.2893704176 0.3486669660 0.2810225487 -0.8941239715 -0.1257981509 -0.9313257933 -0.3417704999
108.9 319.7 2787.0 0.0851464719 0.9479198456 -0.3069169521 -0.7592362165 0.2612025440 0.5960986614 0.6452212930 0.1822667569 0.7419355512
142.2 23.1 3039.1 0.2377829999 0.9479198456 0.2119131535 -0.1996110231 0.2612025440 -0.9444197416 -0.9505864978 0.1822667569 0.2513247728
-63.0 -81.5 2624.5 0.4970685542 0.1014824808 -0.8617564440 -0.1133994758 0.9922171831 0.0514360480 0.8602693677 0.0721554831 0.5047079921
-103.3 -476.0 2595.9 0.5104985833 0.0750286430 -0.8565990329 0.0114676831 0.9955033660 0.0940294117 0.8598021269 -0.0578250848 0.5073426366
-6.8 -72.6 2798.9 0.7765961885 -0.2176842391 -0.5911953449 0.0299500860 0.9501029849 -0.3104952276 0.6292864084 0.2234230489 0.7443659902
79.7 -450.2 2710.1 0.7765961885 0.2262742817 -0.5879611373 0.0299500860 0.9189581871 0.3932159841 0.6292864084 -0.3229795098 0.7068824768
338.1 -41.5 2491.5 0 0 0 0 0 0 0 0 0
209.1 -33.0 2771.8 0 0 0 0 0 0 0 0 0
-124.2 -753.8 2612.0 0 0 0 0 0 0 0 0 0
4.0 -757.6 2818.2 0 0 0 0 0 0 0 0 0
120.2 498.0 2624.3 4 0.3497423232 0.2681040168 -0.8976639509 0.0230230764 0.9554276466 0.2943263352 0.9365630150 -0.1236053631 0.3279809058
66.5 306.6 2649.1 0.3497423232 0.2681040168 -0.8976639509 0.0230230764 0.9554276466 0.2943263352 0.9365630150 -0.1236053631 0.3279809058
14.2 116.7 2676.0 0.3532103300 0.2629238963 -0.8978382349 0.0355012193 0.9552384019 0.2936992347 0.9348701239 -0.1356119514 0.3280659616
16.9 301.5 2517.9 -0.2536402941 0.2840934992 -0.9246391058 0.9441812038 0.2804464102 -0.1728343219 0.2102106065 -0.9168645740 -0.3393682539
85.8 45.0 2460.8 -0.9132460356 0.2840934992 -0.2920146286 0.3703930080 0.2804464102 -0.8855274320 -0.1696781367 -0.9168645740 -0.3613428175
116.1 311.6 2780.3 0.1218259931 0.9597006440 -0.2532452345 -0.7736562490 0.2516517341 0.5814872384 0.6217832565 0.1250845045 0.7731360793
163.7 9.6 3023.1 0.1736015826 0.9597006440 0.2209914327 -0.1808676422 0.2516517341 -0.9507672191 -0.9680647850 0.1250845045 0.2172659338
-64.6 -72.7 2619.8 0.5544293523 0.0915061012 -0.8271848559 -0.1078341752 0.9934567809 0.0376226977 0.8252150416 0.0683396682 0.5606690645
-101.0 -467.7 2592.7 0.5684745312 0.0811579749 -0.8186880350 0.0128682479 0.9941234589 0.1074845567 0.8226001859 -0.0716373101 0.5640895367
-11.3 -62.3 2795.0 0.7667329311 -0.2265128642 -0.6006767750 0.0382897407 0.9501529336 -0.3094240725 0.6408233643 0.2142458707 0.7371866703
78.8 -440.0 2709.9 0.7667329311 0.2025716603 -0.6091677547 0.0382897407 0.9327895045 0.3583819270 0.6408233643 -0.2981081009 0.7074440122
321.8 -50.7 2504.6 0 0 0 0 0 0 0 0 0
212.4 -41.2 2751.5 0 0 0 0 0 0 0 0 0
-124.5 -755.8 2613.4 0 0 0 0 0 0 0 0 0
12.6 -744.7 2807.3 0 0 0 0 0 0 0 0 0
117.5 498.4 2622.6 5 0.4606736600 0.2506399751 -0.8514454961 -0.0033796448 0.9597883224 0.2807042897 0.8875631690 -0.1264354885 0.4429962635
67.3 306.2 2647.9 0.4606736600 0.2506399751 -0.8514454961 -0.0033796448 0.9597883224 0.2807042897 0.8875631690 -0.1264354885 0.4429962635
19.1 115.2 2674.7 0.4638639688 0.2421099097 -0.8521813154 0.0090538673 0.9605857134 0.2778365016 0.8858601451 -0.1365938783 0.4433890581
2.5 304.8 2524.3 -0.2654460371 0.3642485738 -0.8926709294 0.9418245554 0.2959564030 -0.1592993587 0.2061671168 -0.8830248117 -0.4216187298
77.2 39.8 2466.4 -0.8892034292 0.3642485738 -0.2768396437 0.3923727870 0.2959564030 -0.8708922863 -0.2352888137 -0.8830248117 -0.4060866833
132.0 307.6 2771.4 0.1966571659 0.9678460956 -0.1568434834 -0.7935436368 0.2510678768 0.5543044209 0.5758597255 0.0154542094 0.8174024224
208.6 -1.1 2995.4 0.0549672879 0.9678460956 0.2454638779 -0.1511417478 0.2510678768 -0.9560968280 -0.9869826436 0.0154542094 0.1600824744
-70.4 -76.5 2617.4 0.6533436179 0.0765086263 -0.7531855702 -0.0988649130 0.9949830770 0.0153110027 0.7505783439 0.0644602776 0.6576299071
-100.8 -472.0 2591.8 0.6643438935 0.0813708380 -0.7429844737 -0.0026034489 0.9943020940 0.1065669805 0.7474225163 -0.0688628033 0.6607704163
-5.7 -69.9 2788.5 0.7443838716 -0.2052299082 -0.6354316473 0.0374532975 0.9629324079 -0.2671300471 0.6667007804 0.1750482917 0.7244778275
75.8 -452.3 2719.0 0.7443838716 0.1992177665 -0.6373420954 0.0374532975 0.9405006766 0.3377214074 0.6667007804 -0.2752649188 0.6926321387
306.9 -61.5 2527.1 0 0 0 0 0 0 0 0 0
223.9 -43.2 2720.3 0 0 0 0 0 0 0 0 0
-124.0 -755.0 2611.4 0 0 0 0 0 0 0 0 0
15.4 -737.3 2802.4 0 0 0 0 0 0 0 0 0
121.3 496.3 2630.2 6 0.4926013052 0.2620685697 -0.8298578262 -0.0466214828 0.9601575732 0.2755427957 0.8690053821 -0.0970435366 0.4851929247
68.9 304.4 2649.6 0.4926013052 0.2620685697 -0.8298578262 -0.0466214828 0.9601575732 0.2755427957 0.8690053821 -0.0970435366 0.4851929247
18.7 113.3 2670.8 0.4962111712 0.2520753741 -0.8308023214 -0.0331277139 0.9617233872 0.2720122933 0.8675696254 -0.1074529588 0.4855685830
-0.5 308.9 2528.2 -0.2573915720 0.4368824661 -0.8619067669 0.9426562786 0.3096562922 -0.1245475560 0.2124822289 -0.8445393443 -0.4915329218
75.3 31.4 2465.7 -0.8624498248 0.4368824661 -0.2555660903 0.4109466374 0.3096562922 -0.8574589491 -0.2954711318 -0.8445393443 -0.4465984106
138.4 299.8 2770.9 0.2058040649 0.9712997079 -0.1192540303 -0.8177412152 0.2376326025 0.5242423415 0.5375350714 -0.0103722606 0.8431776166
218.6 -18.7 2980.3 0.0165892411 0.9712997079 0.2372796535 -0.1111785397 0.2376326025 -0.9649715424 -0.9936619997 -0.0103722606 0.1119298339
-71.2 -76.6 2621.1 0.6821058989 0.0764962286 -0.7272412777 -0.1005456895 0.9948787093 0.0103427293 0.7243080139 0.0660661310 0.6863040328
-101.6 -472.2 2594.8 0.6921877861 0.0780226439 -0.7174876332 -0.0092658866 0.9950180650 0.0992633179 0.7216579318 -0.0620606989 0.6894623041
13.2 -74.8 2782.1 0.7448538542 -0.1539650559 -0.6492207050 0.0211001560 0.9779610038 -0.2077187300 0.6668939590 0.1410214454 0.7316867113
74.3 -462.6 2726.2 0.7448538542 0.2020395249 -0.6359031200 0.0211001560 0.9454434514 0.3251021802 0.6668939590 -0.2555712461 0.6999541521
298.1 -74.8 2542.0 0 0 0 0 0 0 0 0 0
223.2 -49.8 2702.5 0 0 0 0 0 0 0 0 0
-123.8 -754.9 2612.4 0 0 0 0 0 0 0 0 0
17.1 -730.0 2798.5 0 0 0 0 0 0 0 0 0
126.1 499.1 2624.0 7 0.5287993550 0.2755064368 -0.8027873039 -0.0606450476 0.9556973577 0.2880361080 0.8465774655 -0.1036282256 0.5220802426
70.8 307.1 2644.8 0.5287993550 0.2755064368 -0.8027873039 -0.0606450476 0.9556973577 0.2880361080 0.8465774655 -0.1036282256 0.5220802426
18.5 116.7 2667.2 0.5327331424 0.2627674639 -0.8044555187 -0.0466576293 0.9582484961 0.2821044326 0.8449961543 -0.1127524003 0.5227508545
-3.9 313.7 2526.4 -0.1866756529 0.3897309899 -0.9018104076 0.9603688121 0.2657960057 -0.0839295462 0.2069876641 -0.8817381859 -0.4239031374
50.6 33.3 2465.9 -0.8810881376 0.3897309899 -0.2679430544 0.3861842155 0.2657960057 -0.8832973838 -0.2730301321 -0.8817381859 -0.3846976757
145.5 300.6 2763.2 0.2163257301 0.9734578133 -0.0747202858 -0.8238487244 0.2230748534 0.5210670829 0.5239050388 -0.0511620045 0.8502387404
229.9 -20.8 2967.6 -0.0282738004 0.9734578133 0.2271134853 -0.1046166345 0.2230748534 -0.9691712856 -0.9941106439 -0.0511620045 0.0955327079
-76.8 -74.8 2613.0 0.7141592503 0.0602625124 -0.6973844171 -0.0773448274 0.9969801903 0.0069459667 0.6956970692 0.0489785522 0.7166635990
-100.8 -471.0 2593.5 0.7213233113 0.0881534517 -0.6869655252 -0.0134698171 0.9934648275 0.1133408546 0.6924675107 -0.0725020990 0.7177968025
13.8 -80.7 2771.2 0.7669149041 -0.1464970410 -0.6248040795 0.0499025211 0.9842615128 -0.1695258170 0.6398056149 0.0988325849 0.7621554136
71.9 -471.2 2732.0 0.7578391433 0.2036267817 -0.6198515296 0.0033667693 0.9488161802 0.3158108890 0.6524327397 -0.2414207458 0.7183644772
276.6 -65.7 2536.0 0 0 0 0 0 0 0 0 0
222.0 -50.1 2689.1 0 0 0 0 0 0 0 0 0
-125.9 -754.7 2614.2 0 0 0 0 0 0 0 0 0
16.3 -730.2 2797.9 0 0 0 0 0 0 0 0 0
128.5 497.5 2621.4 8 0.5732062459 0.2776725590 -0.7709296346 -0.0813968778 0.9554755092 0.2836213708 0.8153582811 -0.0998222753 0.5702862144
72.7 305.6 2641.4 0.5732062459 0.2776725590 -0.7709296346 -0.0813968778 0.9554755092 0.2836213708 0.8153582811 -0.0998222753 0.5702862144
20.0 115.1 2663.1 0.5773063898 0.2648684084 -0.7723742723 -0.0669355094 0.9580933452 0.2785260677 0.8137794137 -0.1090956107 0.5708425045
-8.3 315.0 2527.3 -0.1160144433 0.3069550395 -0.9446265101 0.9668464661 0.2527186871 -0.0366228074 0.2274832129 -0.9175575376 -0.3260973990
24.7 40.2 2462.7 -0.9125781059 0.3069550395 -0.2701477706 0.3518164456 0.2527186871 -0.9013093114 -0.2083900422 -0.9175575376 -0.3386173546
153.7 296.2 2755.5 0.2370368391 0.9712063670 -0.0239107162 -0.8352884054 0.2163086832 0.5054739118 0.4960915744 -0.0998435989 0.8625105023
246.2 -29.8 2949.1 -0.0830346271 0.9712063670 0.2233012319 -0.0854723081 0.2163086832 -0.9725764990 -0.9928745031 -0.0998435989 0.0650501400
-82.4 -69.5 2612.4 0.7520640492 0.0386772677 -0.6579542160 -0.0606210046 0.9981043935 -0.0106191719 0.6562962532 0.0478721410 0.7529830933
-97.8 -466.2 2593.4 0.7552970648 0.0967706740 -0.6481989026 -0.0309227742 0.9931993484 0.1122443900 0.6546527147 -0.0647337511 0.7531529665
15.0 -78.0 2766.8 0.7973075509 -0.1350880116 -0.5882617235 0.0579936914 0.9872685671 -0.1481132209 0.6007806063 0.0839763209 0.7949909568
68.6 -470.0 2733.5 0.7872695327 0.1859224439 -0.5879111886 -0.0013322663 0.9539692402 0.2999015152 0.6166076064 -0.2353200614 0.7512785792
260.8 -50.8 2516.6 0 0 0 0 0 0 0 0 0
222.9 -53.8 2670.9 0 0 0 0 0 0 0 0 0
-125.9 -754.1 2612.1 0 0 0 0 0 0 0 0 0
17.3 -733.3 2798.4 0 0 0 0 0 0 0 0 0
129.8 496.5 2629.1 9 0.5816857815 0.2841463685 -0.7621695995 -0.1019212902 0.9550774693 0.2782787979 0.8070029020 -0.0841894969 0.5845155120
72.6 304.2 2646.0 0.5816857815 0.2841463685 -0.7621695995 -0.1019212902 0.9550774693 0.2782787979 0.8070029020 -0.0841894969 0.5845155120
18.5 113.9 2664.9 0.5861077905 0.2719628215 -0.7632259727 -0.0867119953 0.9576277137 0.2746455073 0.8055797219 -0.0947910249 0.5848554969
-9.7 316.4 2532.9 -0.0594353937 0.2681306005 -0.9615474343 0.9619432688 0.2727448642 0.0165959205 0.2667070031 -0.9239676595 -0.2741371095
6.9 47.3 2458.3 -0.9223079085 0.2681306005 -0.2783057690 0.3497392237 0.2727448642 -0.8962659836 -0.1644098461 -0.9239676595 -0.3453305364
154.9 292.0 2759.2 0.2360122055 0.9716985822 -0.0100034140 -0.8458175063 0.2104838490 0.4901930988 0.4784255028 -0.1072304919 0.8715564609
247.1 -38.3 2946.0 -0.0951720253 0.9716985822 0.2162038833 -0.0666360408 0.2104838490 -0.9753236175 -0.9932280183 -0.1072304919 0.0447179750
-85.5 -69.2 2610.4 0.7601588964 0.0331164487 -0.6488927007 -0.0523148440 0.9985772967 -0.0103226025 0.6476277113 0.0417935401 0.7608098984
-98.6 -466.1 2593.8 0.7621387839 0.0916042179 -0.6409002542 -0.0324823186 0.9941030145 0.1034606993 0.6465982795 -0.0580334887 0.7606199980
20.1 -81.4 2759.2 0.8013780117 -0.1217588037 -0.5856347680 0.0668314099 0.9911589026 -0.1146193892 0.5944130421 0.0527146645 0.8024302721
68.5 -475.0 2738.3 0.7890015244 0.1886623353 -0.5847077370 -0.0081565659 0.9548189044 0.2970763147 0.6143370867 -0.2296244651 0.7548924088
247.9 -44.1 2501.3 0 0 0 0 0 0 0 0 0
220.4 -57.0 2667.2 0 0 0 0 0 0 0 0 0
-125.3 -755.2 2610.7 0 0 0 0 0 0 0 0 0
16.6 -737.5 2801.4 0 0 0 0 0 0 0 0 0
136.5 498.4 2633.4 0 0.5717120171 0.2971504629 -0.7647528648 -0.1144451573 0.9518792033 0.2843031585 0.8124331832 -0.0750172734 0.5782082081
76.7 306.8 2648.5 0.5717120171 0.2971504629 -0.7647528648 -0.1144451573 0.9518792033 0.2843031585 0.8124331832 -0.0750172734 0.5782082081
21.5 116.6 2666.0 0.5781564713 0.2774410248 -0.7673079967 -0.0930390209 0.9566970468 0.2758160830 0.8106039762 -0.0880752802 0.5789334774
-4.6 319.8 2534.6 -0.0029788679 0.2051069736 -0.9787350297 0.9591909647 0.2773192823 0.0551965684 0.2827433050 -0.9386293888 -0.1975628585
-3.7 50.3 2455.1 -0.9277868271 0.2051069736 -0.3116773665 0.3604874611 0.2773192823 -0.8905856609 -0.0962311924 -0.9386293888 -0.3312316537
158.0 293.7 2762.5 0.2278469354 0.9735649228 -0.0160351750 -0.8488103747 0.2066652775 0.4866316915 0.4770814478 -0.0972667113 0.8734600544
247.0 -37.9 2948.9 -0.0861871913 0.9735649228 0.2115256935 -0.0619759113 0.2066652775 -0.9764468670 -0.9943494201 -0.0972667113 0.0425256714
-89.3 -68.5 2610.0 0.7541684508 0.0269387923 -0.6561282873 -0.0484615713 0.9987168908 -0.0146982828 0.6548904181 0.0428819843 0.7545062304
-100.0 -465.6 2592.9 0.7564231157 0.0836180076 -0.6487157345 -0.0243034735 0.9947029948 0.0998763591 0.6536309719 -0.0597827397 0.7544485331
18.1 -84.4 2757.5 0.7952814102 -0.1238631979 -0.5934521556 0.0672618970 0.9908895493 -0.1166776791 0.6024975777 0.0528748706 0.7963672876
67.3 -478.2 2736.5 0.7836954594 0.1876680553 -0.5921166539 -0.0022264419 0.9541085958 0.2994525731 0.6211412549 -0.2333613038 0.7481483817
239.4 -44.2 2480.3 0 0 0 0 0 0 0 0 0
222.8 -55.3 2669.5 0 0 0 0 0 0 0 0 0
-124.5 -757.6 2610.5 0 0 0 0 0 0 0 0 0
16.9 -734.5 2799.2 0 0 0 0 0 0 0 0 0
134.6 496.8 2627.1 1 0.5622320771 0.3064466417 -0.7681052089 -0.1065373123 0.9479083419 0.3001993001 0.8200883865 -0.0869498029 0.5655924678
73.0 305.9 2644.6 0.5622320771 0.3064466417 -0.7681052089 -0.1065373123 0.9479083419 0.3001993001 0.8200883865 -0.0869498029 0.5655924678
16.2 116.4 2663.7 0.5681861639 0.2853966951 -0.7718245983 -0.0874079689 0.9535575509 0.2882496715 0.8182446361 -0.0963158533 0.5667441487
-7.0 318.2 2529.5 -0.0000445939 0.1405444890 -0.9900743365 0.9521372914 0.3026426733 0.0429182947 0.3056706786 -0.9426848292 -0.1338311434
-6.9 53.6 2444.6 -0.9400607944 0.1405444890 -0.3106974661 0.3395827413 0.3026426733 -0.8905565739 -0.0311325062 -0.9426848292 -0.3322290182
152.9 293.7 2759.7 0.2163554877 0.9760556817 -0.0224864762 -0.8445124030 0.1986547112 0.4973279536 0.4898868203 -0.0886095241 0.8672711849
237.4 -36.3 2951.1 -0.0753386095 0.9760556817 0.2040574253 -0.0734100863 0.1986547112 -0.9773163795 -0.9944521189 -0.0886095241 0.0566859581
-86.6 -65.0 2609.3 0.7459203005 0.0358141959 -0.6650716066 -0.0563525446 0.9983662963 -0.0094408151 0.6636469960 0.0445205718 0.7467198968
-100.9 -462.0 2591.6 0.7494590282 0.0780783221 -0.6574305892 -0.0182687715 0.9950822592 0.0973527282 0.6617986560 -0.0609514304 0.7471997738
19.4 -82.1 2757.8 0.7894268036 -0.1208651438 -0.6018279791 0.0638637692 0.9912748337 -0.1153067052 0.6105134487 0.0525912046 0.7902578712
67.4 -476.1 2736.9 0.7783515453 0.1886583865 -0.5988128781 -0.0013704419 0.9542921782 0.2988722324 0.6278271675 -0.2318070233 0.7430333495
240.8 -35.9 2452.8 0 0 0 0 0 0 0 0 0
216.2 -56.9 2671.6 0 0 0 0 0 0 0 0 0
-124.2 -759.5 2609.8 0 0 0 0 0 0 0 0 0
15.7 -737.7 2800.5 0 0 0 0 0 0 0 0 0
133.6 496.9 2623.4 2 0.5323917866 0.3134361207 -0.7863312364 -0.0778444633 0.9431146979 0.3232257068 0.8429111838 -0.1108711809 0.5265057683
71.0 308.5 2645.6 0.5323917866 0.3134361207 -0.7863312364 -0.0778444633 0.9431146979 0.3232257068 0.8429111838 -0.1108711809 0.5265057683
11.7 120.1 2667.3 0.5347384214 0.2977707684 -0.7908143401 -0.0705824420 0.9483245015 0.3093521893 0.8420646787 -0.1096049026 0.5281229615
-4.2 318.4 2527.2 0.0186026227 0.0882499292 -0.9959246516 0.9462650418 0.3200982809 0.0460392870 0.3228567243 -0.9432650805 -0.0775531530
-9.3 57.7 2438.3 -0.9465507269 0.0882499292 -0.3102476597 0.3218914866 0.3200982809 -0.8910235763 0.0206769817 -0.9432650805 -0.3313961625
146.2 298.7 2763.9 0.1888421178 0.9806510210 -0.0515967198 -0.8332866430 0.1878219098 0.5199580193 0.5195883512 -0.0551951192 0.8526320457
219.9 -26.7 2966.8 -0.0369870737 0.9806510210 0.1922381967 -0.0991046801 0.1878219098 -0.9771904349 -0.9943893552 -0.0551951192 0.0902401209
-92.6 -65.1 2607.9 0.7189632058 0.0182816908 -0.6948076487 -0.0363121517 0.9992768168 -0.0112817278 0.6940989494 0.0333411060 0.7191071510
-99.9 -462.4 2594.6 0.7203631401 0.0836836845 -0.6885302663 -0.0207235999 0.9948485494 0.0992317647 0.6932874322 -0.0572140813 0.7183864713
11.6 -81.2 2757.9 0.7645789385 -0.1443135887 -0.6281660795 0.0794109926 0.9882776141 -0.1303889453 0.6396193504 0.0498093516 0.7670763731
68.9 -473.9 2738.1 0.7516722679 0.1934356838 -0.6305326819 0.0041917027 0.9546030164 0.2978514433 0.6595234871 -0.2265296727 0.7167378068
241.3 -27.6 2432.8 0 0 0 0 0 0 0 0 0
209.5 -54.5 2687.5 0 0 0 0 0 0 0 0 0
-124.9 -758.8 2611.6 0 0 0 0 0 0 0 0 0
15.4 -737.9 2800.8 0 0 0 0 0 0 0 0 0
134.3 494.0 2622.1 3 0.5198814869 0.3123031557 -0.7951037288 -0.0705999061 0.9432989359 0.3243497014 0.8513159752 -0.1124891490 0.5124522448
72.1 306.3 2644.5 0.5198814869 0.3123031557 -0.7951037288 -0.0705999061 0.9432989359 0.3243497014 0.8513159752 -0.1124891490 0.5124522448
13.5 117.7 2667.4 0.5234887004 0.2945411801 -0.7995030284 -0.0593537167 0.9486746788 0.3106339574 0.8499627709 -0.1151598766 0.5141025782
-1.5 314.6 2525.0 -0.0047540567 0.0371723212 -0.9992975593 0.9357793927 0.3524796665 0.0086598219 0.3525539935 -0.9350808859 -0.0364607982
-0.2 59.2 2428.8 -0.9415330887 0.0371723212 -0.3348636329 0.3259113431 0.3524796665 -0.8772342205 0.0854237899 -0.9350808859 -0.3439861536
145.7 298.0 2764.0 0.1859819889 0.9803250432 -0.0661327466 -0.8268939257 0.1925182492 0.5283778906 0.5307137966 -0.0435840078 0.8464297056
218.4 -25.0 2971.3 -0.0227427781 0.9803250432 0.1960755140 -0.1091681644 0.1925182492 -0.9752020240 -0.9937630892 -0.0435840078 0.1026418805
-96.6 -62.0 2611.9 0.7094494104 0.0044738371 -0.7047421336 -0.0374944322 0.9988032579 -0.0314042792 0.7037582397 0.0487036556 0.7087681293
-98.3 -459.0 2592.5 0.7116690278 0.0874389410 -0.6970521212 -0.0144464318 0.9938356280 0.1099184006 0.7023663521 -0.0681556091 0.7085452080
1.5 -74.8 2766.2 0.7558361292 -0.1755975783 -0.6307750940 0.0867334008 0.9817290306 -0.1693678200 0.6489908099 0.0733050480 0.7572564483
71.2 -464.8 2737.1 0.7423832417 0.1935856640 -0.6413982511 0.0079007102 0.9547497034 0.2973054647 0.6699289083 -0.2257820964 0.7072607279
247.6 -26.6 2406.3 0 0 0 0 0 0 0 0 0
212.0 -55.7 2692.0 0 0 0 0 0 0 0 0 0
-124.7 -759.0 2613.1 0 0 0 0 0 0 0 0 0
16.2 -736.3 2801.3 0 0 0 0 0 0 0 0 0
134.6 489.4 2611.4 4 0.5339093208 0.2991175056 -0.7908663154 -0.0515496507 0.9451119304 0.3226546347 0.8439688683 -0.1314994395 0.5200234652
75.0 301.2 2637.6 0.5339093208 0.2991175056 -0.7908663154 -0.0515496507 0.9451119304 0.3226546347 0.8439688683 -0.1314994395 0.5200234652
18.9 112.7 2665.5 0.5386878848 0.2825399935 -0.7937169075 -0.0359891132 0.9489481449 0.3133723140 0.8417363763 -0.1402446926 0.5213552117
-0.7 306.3 2519.3 -0.0636709332 -0.0164618399 -0.9978351593 0.9257260561 0.3725295067 -0.0652155429 0.3727965951 -0.9278743267 -0.0084801475
16.3 58.4 2419.4 -0.9264910817 -0.0164618399 -0.3759564757 0.3432516754 0.3725295067 -0.8622065187 0.1542483866 -0.9278743267 -0.3394947052
150.8 296.2 2756.0 0.2040679455 0.9772769213 -0.0573245995 -0.8134666681 0.2018575072 0.5454590321 0.5446359515 -0.0646790564 0.8361747861
230.5 -21.6 2968.7 -0.0386100337 0.9772769213 0.2084204853 -0.1305104494 0.2018575072 -0.9706804752 -0.9906948805 -0.0646790564 0.1197511181
-93.1 -65.4 2612.3 0.7217850685 0.0121570230 -0.6920105219 -0.0355114117 0.9991793036 -0.0194860660 0.6912056804 0.0386390239 0.7216243744
-97.9 -462.6 2596.9 0.7224125266 0.0881238878 -0.6858238578 -0.0286243781 0.9948066473 0.0976746753 0.6908695698 -0.0509301275 0.7211833000
2.9 -76.3 2768.2 0.7701712251 -0.1724108309 -0.6140934229 0.0851134211 0.9819442034 -0.1689415574 0.6321328878 0.0778463334 0.7709397078
