-367.5 510.6 2557.3 1 0.6441367269 0.0743581578 -0.7612875700 0.0925068483 0.9803857207 0.1740298122 0.7592959404 -0.1825233102 0.6246237755
-382.5 312.6 2594.2 0.6441367269 0.0743581578 -0.7612875700 0.0925068483 0.9803857207 0.1740298122 0.7592959404 -0.1825233102 0.6246237755
-396.6 120.6 2630.1 0.6443400979 0.0711929575 -0.7614180446 0.0952462703 0.9804338217 0.1722719520 0.7587845325 -0.1835239530 0.6249519587
-474.4 299.0 2486.2 -0.3427856266 0.2813729346 -0.8962852955 0.8860136867 0.4139268696 -0.2089122236 0.3122143149 -0.8657331467 -0.3911884427
-377.7 49.1 2398.1 -0.7898344398 0.2813729346 -0.5449686646 0.6122608781 0.4139268696 -0.6736477017 0.0360309631 -0.8657331467 -0.4992073178
-290.7 326.2 2702.3 0.8197326660 0.1907198578 0.5400595665 -0.5544916987 0.5004272461 0.6649146676 -0.1434480995 -0.8445107937 0.5159691572
-68.3 175.7 2663.4 0.2918122709 0.1907198578 0.9372681379 -0.8503133655 0.5004272461 0.1629101038 -0.4379643500 -0.8445107937 0.3082024753
-468.2 -77.9 2601.9 -0.5324898958 0.1904005855 0.8247436881 0.1643854976 0.9790822864 -0.1198969260 -0.8303203583 0.0717319995 -0.5526505113
-542.8 -461.4 2573.8 -0.5197176337 -0.1464007944 0.8417008519 0.0592437647 0.9766607285 0.2064556926 -0.8522815108 0.1571642011 -0.4989145100
-355.1 -57.4 2741.5 -0.8605382442 -0.0071417703 -0.5093357563 -0.0746346563 0.9908784032 0.1122036874 0.5038884878 0.1345696598 -0.8532217741
-352.3 -445.5 2688.7 -0.8445848823 0.1651065946 -0.5093291402 0.1074669361 0.9841834307 0.1408327371 0.5245257020 0.0642091557 -0.8489699364
-154.8 -123.7 2387.9 0 0 0 0 0 0 0 0 0
9.8 -52.0 2546.1 0 0 0 0 0 0 0 0 0
-495.8 -774.6 2523.4 0 0 0 0 0 0 0 0 0
-414.4 -816.2 2664.6 0 0 0 0 0 0 0 0 0
-367.0 513.9 2560.8 2 0.6445415616 0.0745609477 -0.7609249949 0.0829268023 0.9825447798 0.1665200144 0.7600587606 -0.1704301387 0.6271077991
-382.2 313.6 2595.5 0.6445415616 0.0745609477 -0.7609249949 0.0829268023 0.9825447798 0.1665200144 0.7600587606 -0.1704301387 0.6271077991
-395.9 121.2 2629.0 0.6447787285 0.0698471740 -0.7611713409 0.0861547962 0.9828293920 0.1631677896 0.7594983578 -0.1707856804 0.6276898384
-474.1 301.3 2487.3 -0.3401461840 0.3027564287 -0.8903028369 0.8840765953 0.4256133735 -0.1930332780 0.3204827011 -0.8527554274 -0.4124306440
-378.2 52.2 2397.1 -0.7851663828 0.3027564287 -0.5402335525 0.6185594797 0.4256133735 -0.6604827046 0.0299652368 -0.8527554274 -0.5214501619
-290.3 325.9 2703.7 0.8167140484 0.2028659433 0.5402069092 -0.5622555614 0.4903408587 0.6659088135 -0.1297953129 -0.8475914598 0.5145307779
-57.2 165.4 2666.7 0.2247981280 0.2028659433 0.9530536532 -0.8657928705 0.4903408587 0.0998424068 -0.4470665157 -0.8475914598 0.2858676016
-468.8 -80.0 2597.5 -0.5383639336 0.1839758158 0.8223850131 0.1479463279 0.9813559651 -0.1226880178 -0.8296241164 0.0556180440 -0.5555452108
-540.8 -464.3 2575.7 -0.5283436179 -0.1436877102 0.8367836475 0.0680387244 0.9752401114 0.2104221731 -0.8463000655 0.1681088954 -0.5054855347
-352.3 -62.7 2734.6 -0.8601796031 -0.0046719727 -0.5099697709 -0.0662880912 0.9924994111 0.1027173251 0.5056648254 0.1221602708 -0.8540374637
-350.5 -451.4 2686.7 -0.8419651985 0.1765359342 -0.5098330379 0.1234583706 0.9829220772 0.1364631355 0.5252168179 0.0519540496 -0.8493810296
-155.0 -123.6 2388.5 0 0 0 0 0 0 0 0 0
3.5 -68.1 2546.1 0 0 0 0 0 0 0 0 0
-494.9 -775.8 2522.0 0 0 0 0 0 0 0 0 0
-417.0 -821.6 2667.2 0 0 0 0 0 0 0 0 0
-368.4 512.7 2562.0 3 0.6430485845 0.0750808343 -0.7621360421 0.0786984265 0.9834353924 0.1632832587 0.7617710233 -0.1649779826 0.6264879704
-383.6 313.4 2595.5 0.6430485845 0.0750808343 -0.7621360421 0.0786984265 0.9834353924 0.1632832587 0.7617710233 -0.1649779826 0.6264879704
-397.4 120.8 2627.7 0.6432471275 0.0700926930 -0.7624435425 0.0813888013 0.9838992953 0.1591163874 0.7613205910 -0.1644055247 0.6271856427
-475.3 301.8 2487.0 -0.3444452584 0.2977855504 -0.8903264999 0.8837940693 0.4227240086 -0.2005304545 0.3166472912 -0.8559370041 -0.4087863863
-377.6 51.3 2397.2 -0.7859729528 0.2977855504 -0.5418213010 0.6174578667 0.4227240086 -0.6633628011 0.0315010138 -0.8559370041 -0.5161196589
-291.9 325.0 2703.9 0.8044069409 0.2734493911 0.5274038911 -0.5871537924 0.5010996461 0.6357275844 -0.0904426128 -0.8210508823 0.5636448860
-61.5 156.9 2678.0 0.2162470669 0.2734493911 0.9372633696 -0.8637595177 0.5010996461 0.0530908071 -0.4551447034 -0.8210508823 0.3445558250
-467.9 -79.1 2593.8 -0.5383048654 0.1904550493 0.8209474683 0.1448285282 0.9805430174 -0.1325145364 -0.8302123547 0.0475633964 -0.5554143786
-542.5 -463.1 2575.1 -0.5281759501 -0.1451032460 0.8366452456 0.0649691001 0.9754972458 0.2102001309 -0.8466458321 0.1653787345 -0.5058069825
-351.3 -63.5 2731.0 -0.8612118959 -0.0074177776 -0.5081920028 -0.0652154461 0.9932407141 0.0960201696 0.5040447116 0.1158356741 -0.8558744192
-348.4 -452.5 2685.7 -0.8408541083 0.1864771396 -0.5081245899 0.1378232241 0.9815992117 0.1321656108 0.5234205723 0.0411006398 -0.8510826230
-155.0 -123.6 2388.3 0 0 0 0 0 0 0 0 0
-2.3 -79.9 2553.3 0 0 0 0 0 0 0 0 0
-495.9 -776.2 2522.1 0 0 0 0 0 0 0 0 0
-418.6 -822.2 2670.2 0 0 0 0 0 0 0 0 0
-366.8 512.5 2554.2 4 0.6379795671 0.0886083916 -0.7649382949 0.0816307068 0.9799784422 0.1816003174 0.7657143474 -0.1782997549 0.6179730892
-384.8 313.9 2590.3 0.6379795671 0.0886083916 -0.7649382949 0.0816307068 0.9799784422 0.1816003174 0.7657143474 -0.1782997549 0.6179730892
-401.2 121.9 2624.9 0.6381307244 0.0838635191 -0.7653470039 0.0833489895 0.9806835651 0.1769538820 0.7654032111 -0.1767106205 0.6188144088
-475.7 302.0 2481.2 -0.3479678333 0.3050979078 -0.8864725828 0.8876528740 0.4114586413 -0.2068191320 0.3016467392 -0.8588463664 -0.4139953852
-376.6 49.1 2395.3 -0.7757245302 0.3050979078 -0.5524190068 0.6305150390 0.4114586413 -0.6581432819 0.0264994390 -0.8588463664 -0.5115473866
-293.8 325.8 2699.4 0.7973585725 0.3665983379 0.4794005752 -0.6028578281 0.5206345916 0.6045677066 -0.0279590059 -0.7710676193 0.6361391544
-63.7 151.8 2691.3 0.2152197510 0.3665983379 0.9051442742 -0.8537433743 0.5206345916 -0.0078676250 -0.4741336405 -0.7710676193 0.4250317514
-469.2 -79.3 2591.0 -0.5321421623 0.1831080019 0.8266173005 0.1286092550 0.9824852943 -0.1348417401 -0.8368299603 0.0345556587 -0.5463712215
-541.0 -464.1 2577.5 -0.5252669454 -0.1410699040 0.8391626477 0.0758935213 0.9744659662 0.2113203853 -0.8475463390 0.1746866256 -0.5011484623
-353.0 -64.6 2728.6 -0.8659312725 -0.0080784839 -0.5000977516 -0.0647043139 0.9932768345 0.0959918648 0.4959600568 0.1154808402 -0.8606321812
-349.8 -453.6 2683.4 -0.8464078903 0.1829904765 -0.5001081228 0.1375219971 0.9823619723 0.1266989708 0.5144718885 0.0384631418 -0.8566441536
-156.6 -129.7 2387.7 0 0 0 0 0 0 0 0 0
-4.3 -83.6 2560.6 0 0 0 0 0 0 0 0 0
-495.6 -777.5 2521.3 0 0 0 0 0 0 0 0 0
-418.7 -823.6 2668.9 0 0 0 0 0 0 0 0 0
-367.9 520.1 2560.2 5 0.6378352046 0.0865091905 -0.7652989030 0.0596918799 0.9851298332 0.1611087769 0.7678561807 -0.1484429836 0.6231865883
-385.6 318.7 2590.6 0.6378352046 0.0865091905 -0.7652989030 0.0596918799 0.9851298332 0.1611087769 0.7678561807 -0.1484429836 0.6231865883
-401.8 125.9 2620.0 0.6381930709 0.0824765265 -0.7654457688 0.0638643354 0.9851467609 0.1593963504 0.7672228813 -0.1506103277 0.6234465241
-476.6 309.6 2481.3 -0.3417052925 0.3179526925 -0.8843888044 0.8890208006 0.4145162404 -0.1944693923 0.3047614694 -0.8526912332 -0.4243089557
-376.5 49.2 2392.0 -0.7819740772 0.3179526925 -0.5361180902 0.6232071519 0.4145162404 -0.6631659865 0.0113742510 -0.8526912332 -0.5222913623
-294.7 327.8 2699.9 0.7875487208 0.4371496141 0.4343584180 -0.6158185601 0.5318245292 0.5813176036 0.0231203046 -0.7253019214 0.6880425811
-68.9 151.3 2706.5 0.2184724659 0.4371496141 0.8724505901 -0.8450758457 0.5318245292 -0.0548582301 -0.4879718721 -0.7253019214 0.4856136143
-475.3 -77.7 2590.3 -0.5367413759 0.1722168028 0.8259842992 0.1265759915 0.9843046665 -0.1229747683 -0.8341985345 0.0385441408 -0.5501155257
-542.8 -463.2 2575.2 -0.5288012028 -0.1445194483 0.8363512158 0.0662547871 0.9753609896 0.2104310244 -0.8461557627 0.1666884571 -0.5061969757
-360.0 -62.6 2728.6 -0.8657984734 -0.0220468473 -0.4999069273 -0.0745264739 0.9935679436 0.0852556005 0.4948118627 0.1110704690 -0.8618727326
-351.3 -451.8 2685.1 -0.8482457995 0.1734534800 -0.5003927946 0.1253325939 0.9837521315 0.1285437942 0.5145588517 0.0463212095 -0.8562029600
-155.4 -127.0 2388.8 0 0 0 0 0 0 0 0 0
-8.7 -81.8 2571.9 0 0 0 0 0 0 0 0 0
-496.2 -777.7 2521.4 0 0 0 0 0 0 0 0 0
-416.7 -822.2 2667.7 0 0 0 0 0 0 0 0 0
-368.7 514.2 2561.7 6 0.6332099438 0.0881815925 -0.7689403296 0.0553119965 0.9857925773 0.1585986167 0.7720011473 -0.1429578364 0.6193361878
-386.6 314.5 2590.7 0.6332099438 0.0881815925 -0.7689403296 0.0553119965 0.9857925773 0.1585986167 0.7720011473 -0.1429578364 0.6193361878
-403.5 121.5 2619.1 0.6334578395 0.0861411989 -0.7689673901 0.0581157841 0.9856805205 0.1582922786 0.7715916634 -0.1449606270 0.6193808913
-476.9 306.2 2480.8 -0.3468411863 0.3415569067 -0.8735216260 0.8876714706 0.4202986360 -0.1881180108 0.3028869331 -0.8406473398 -0.4489671886
-376.4 49.0 2393.0 -0.7721467018 0.3415569067 -0.5358436108 0.6354318857 0.4202986360 -0.6477463841 0.0039720908 -0.8406473398 -0.5415683389
-296.3 322.8 2700.7 0.7909867167 0.5124490857 0.3342692256 -0.6086184978 0.6030874848 0.5156248808 0.0626379400 -0.6112948656 0.7889201641
-72.5 150.5 2718.4 0.2836057544 0.5124490857 0.8105329871 -0.7907875180 0.6030874848 -0.1045975089 -0.5424231887 -0.6112948656 0.5762774348
-475.6 -72.8 2580.2 -0.5359807611 0.1772678494 0.8254094124 0.1048635170 0.9841141105 -0.1432585567 -0.8376922011 0.0097715016 -0.5460551977
-545.0 -458.1 2576.4 -0.5302307606 -0.1485560834 0.8347373009 0.0641489848 0.9746791124 0.2142090350 -0.8454231024 0.1671277732 -0.5072751641
-360.3 -61.2 2718.8 -0.8696708083 -0.0229480248 -0.4930984974 -0.0500636995 0.9978685379 0.0418574065 0.4910869002 0.0610884987 -0.8689659834
-351.3 -451.6 2694.9 -0.8527907133 0.1744311452 -0.4922619164 0.1071158424 0.9809547067 0.1620309353 0.5111498833 0.0854494348 -0.8552334309
-156.8 -131.7 2391.9 0 0 0 0 0 0 0 0 0
4.2 -63.2 2571.7 0 0 0 0 0 0 0 0 0
-496.5 -776.8 2521.7 0 0 0 0 0 0 0 0 0
-416.9 -820.8 2662.8 0 0 0 0 0 0 0 0 0
-368.6 510.9 2554.5 7 0.6325481534 0.0875344649 -0.7695586681 0.0746317953 0.9820808768 0.1730525941 0.7709169388 -0.1668976396 0.6146805882
-386.3 312.0 2588.3 0.6325481534 0.0875344649 -0.7695586681 0.0746317953 0.9820808768 0.1730525941 0.7709169388 -0.1668976396 0.6146805882
-403.3 119.8 2621.3 0.6326996684 0.0865448415 -0.7695460320 0.0763415769 0.9819242954 0.1731953174 0.7706251144 -0.1683289856 0.6146562099
-476.5 301.1 2478.5 -0.3514736593 0.3233281076 -0.8785927296 0.8869991302 0.4152311981 -0.2020286471 0.2994975746 -0.8503187299 -0.4327345788
-376.7 49.2 2393.5 -0.7804945707 0.3233281076 -0.5350581408 0.6251051426 0.4152311981 -0.6609286070 0.0084760394 -0.8503187299 -0.5261997581
-296.2 322.9 2698.1 0.7597699761 0.5822820067 0.2893047631 -0.6422002316 0.6025028229 0.4738874137 0.1016291976 -0.5458369851 0.8317051530
-81.0 141.0 2726.9 0.2643452585 0.5822820067 0.7688102722 -0.7752269506 0.6025028229 -0.1897724122 -0.5737113953 -0.5458369851 0.6106694937
-477.6 -76.8 2577.7 -0.5325756073 0.1618870348 0.8307561278 0.0997296497 0.9867027998 -0.1283418834 -0.8404862881 0.0144992582 -0.5416387916
-541.0 -463.2 2572.1 -0.5275754929 -0.1410273910 0.8377203345 0.0624696724 0.9770135283 0.2038187683 -0.8472081423 0.1598619074 -0.5066384673
-363.1 -66.3 2717.2 -0.8696833849 -0.0258300230 -0.4929337204 -0.0583561510 0.9970068336 0.0507140458 0.4901483357 0.0728708729 -0.8685876131
-353.0 -456.6 2688.7 -0.8543695211 0.1638034731 -0.4931745529 0.1052687839 0.9839000106 0.1444271654 0.5088921189 0.0714782849 -0.8578575850
-155.3 -128.1 2391.1 0 0 0 0 0 0 0 0 0
-9.2 -69.4 2571.2 0 0 0 0 0 0 0 0 0
-495.8 -776.5 2520.8 0 0 0 0 0 0 0 0 0
-414.6 -826.9 2661.8 0 0 0 0 0 0 0 0 0
-368.2 506.1 2549.9 8 0.6097204685 0.0886250436 -0.7876461744 0.0902377591 0.9795066118 0.1800664216 0.7874630690 -0.1808656156 0.5892279148
-386.1 308.3 2586.4 0.6097204685 0.0886250436 -0.7876461744 0.0902377591 0.9795066118 0.1800664216 0.7874630690 -0.1808656156 0.5892279148
-402.9 116.4 2621.8 0.6098478436 0.0857886001 -0.7878616452 0.0916683301 0.9798156619 0.1776463538 0.7871991992 -0.1805592030 0.5896743536
-473.0 295.2 2474.3 -0.3468966484 0.3035252988 -0.8874317408 0.8926692009 0.3971477747 -0.2131088376 0.2877576351 -0.8661097288 -0.4087169170
-377.4 49.2 2395.0 -0.7851368189 0.3035252988 -0.5398449302 0.6192597151 0.3971477747 -0.6773411632 0.0088080224 -0.8661097288 -0.4997763336
-299.2 321.4 2698.5 0.7364748716 0.6373263597 0.2267594337 -0.6625443697 0.6119318008 0.4319425821 0.1365270913 -0.4683530629 0.8729293942
-90.8 133.9 2737.2 0.2780719101 0.6373263597 0.7186731696 -0.7494603992 0.6119318008 -0.2526828647 -0.6008204222 -0.4683530629 0.6478118896
-477.4 -79.4 2584.6 -0.5039708614 0.1601570696 0.8487420678 0.1138416156 0.9864022136 -0.1185359284 -0.8561853766 0.0368835106 -0.5153505206
-540.1 -465.6 2570.2 -0.4977923334 -0.1375926733 0.8563124537 0.0656757951 0.9785205722 0.1954078227 -0.8648060560 0.1535115242 -0.4780635238
-363.0 -65.6 2723.9 -0.8827604651 -0.0273491871 -0.4690266252 -0.0663767159 0.9955508709 0.0668772981 0.4651108384 0.0901690796 -0.8806483150
-352.3 -455.4 2688.6 -0.8669212461 0.1665701270 -0.4697892964 0.1150162220 0.9839239717 0.1366194040 0.4849936664 0.0644048750 -0.8721428514
-155.1 -126.1 2392.5 0 0 0 0 0 0 0 0 0
-13.9 -73.4 2571.1 0 0 0 0 0 0 0 0 0
-496.5 -776.1 2521.4 0 0 0 0 0 0 0 0 0
-415.1 -825.9 2664.3 0 0 0 0 0 0 0 0 0
-365.5 511.5 2548.1 9 0.6089427471 0.0953304395 -0.7874647975 0.0920314193 0.9775561690 0.1895103455 0.7878571749 -0.1878724545 0.5865023732
-384.8 313.2 2586.2 0.6089427471 0.0953304395 -0.7874647975 0.0920314193 0.9775561690 0.1895103455 0.7878571749 -0.1878724545 0.5865023732
-402.6 121.5 2622.2 0.6088926196 0.0905967951 -0.7880621552 0.0915039107 0.9788032174 0.1832247376 0.7879573703 -0.1836749613 0.5876960754
-471.6 300.1 2473.9 -0.3390564024 0.2545153201 -0.9056835771 0.8945117593 0.3853721917 -0.2265767306 0.2913580239 -0.8869668841 -0.3583298624
-376.8 49.9 2392.5 -0.7946445942 0.2545153201 -0.5511459708 0.6060480475 0.3853721917 -0.6958404779 0.0352942832 -0.8869668841 -0.4604824483
-298.1 326.2 2698.5 0.6972421408 0.6940186024 0.1794200391 -0.6977007389 0.5995842218 0.3920618296 0.1645207852 -0.3985435367 0.9022726417
-101.8 129.8 2744.8 0.2900003791 0.6940186024 0.6589673162 -0.7394841909 0.5995842218 -0.3060423434 -0.6075055003 -0.3985435367 0.6870954633
-474.9 -83.7 2586.0 -0.5004987717 0.1682472974 0.8492313027 0.1219030246 0.9848570824 -0.1232729256 -0.8571117520 0.0418259129 -0.5134296417
-540.8 -469.4 2569.6 -0.4927715957 -0.1434515417 0.8582527637 0.0632815287 0.9777979851 0.1997662932 -0.8678545952 0.1527507007 -0.4727532268
-364.7 -67.1 2728.2 -0.8835628629 -0.0307606123 -0.4673012197 -0.0718998164 0.9949203730 0.0704548731 0.4627602696 0.0958501846 -0.8812863827
-352.6 -456.8 2690.7 -0.8670147657 0.1703326255 -0.4682651162 0.1121373624 0.9823510647 0.1497051269 0.4855003953 0.0772865340 -0.8708134890
-151.8 -121.6 2382.5 0 0 0 0 0 0 0 0 0
-21.2 -75.7 2575.9 0 0 0 0 0 0 0 0 0
-495.7 -776.3 2521.7 0 0 0 0 0 0 0 0 0
-416.8 -826.7 2661.6 0 0 0 0 0 0 0 0 0
-365.9 512.2 2548.7 0 0.6174181104 0.0958023444 -0.7807796001 0.0884480476 0.9778074026 0.1899200082 0.7816468477 -0.1863184869 0.5952425003
-385.3 314.5 2586.4 0.6174181104 0.0958023444 -0.7807796001 0.0884480476 0.9778074026 0.1899200082 0.7816468477 -0.1863184869 0.5952425003
-402.8 122.7 2622.3 0.6175609827 0.0895904228 -0.7814038992 0.0899556577 0.9789268374 0.1833310276 0.7813619375 -0.1835097820 0.5964878201
-473.3 301.6 2475.0 -0.3416724801 0.3119459152 -0.8865380287 0.8909072280 0.4078561366 -0.1998441368 0.2992393970 -0.8581043482 -0.4172680974
-376.8 50.2 2390.6 -0.7903520465 0.3119459152 -0.5272887349 0.6126407385 0.4078561366 -0.6769968271 0.0038715345 -0.8581043482 -0.5134606957
-297.3 327.3 2697.7 0.6698897481 0.7286006212 0.1427895278 -0.7243170142 0.5990635157 0.3413030803 0.1631336361 -0.3320603073 0.9290443063
-104.0 118.3 2744.8 0.3010109663 0.7286006212 0.6152507663 -0.7155310512 0.5990635157 -0.3593581021 -0.6304028034 -0.3320603073 0.7016610503
-475.4 -78.5 2586.9 -0.5090935826 0.1666260511 0.8444284797 0.1270320415 0.9848840237 -0.1177555472 -0.8512852192 0.0473208763 -0.5225650072
-540.6 -464.2 2568.4 -0.5002959967 -0.1404032111 0.8543950319 0.0567894951 0.9793196321 0.1941855550 -0.8639900684 0.1456709206 -0.4819762409
-365.3 -61.9 2729.3 -0.8783126473 -0.0351340920 -0.4767939448 -0.0782120228 0.9944196343 0.0707990900 0.4716458023 0.0994747579 -0.8761592507
-351.6 -451.4 2690.4 -0.8615840673 0.1706802845 -0.4780597389 0.1209585667 0.9836798906 0.1332025975 0.4929927886 0.0569398142 -0.8681681752
-153.7 -122.8 2389.5 0 0 0 0 0 0 0 0 0
-19.6 -82.2 2568.2 0 0 0 0 0 0 0 0 0
-496.0 -775.6 2522.1 0 0 0 0 0 0 0 0 0
-415.8 -821.8 2668.9 0 0 0 0 0 0 0 0 0
-364.5 514.1 2548.0 1 0.6056750417 0.0861852989 -0.7910308838 0.1019125357 0.9775274992 0.1845368743 0.7891588211 -0.1923853457 0.5832806230
-382.1 315.2 2587.1 0.6056750417 0.0861852989 -0.7910308838 0.1019125357 0.9775274992 0.1845368743 0.7891588211 -0.1923853457 0.5832806230
-398.3 123.7 2624.5 0.6057564616 0.0825853348 -0.7913525105 0.1028562114 0.9781248569 0.1808101833 0.7889738083 -0.1909224540 0.5840110183
-468.4 300.6 2474.7 -0.3275082409 0.2772063613 -0.9032690525 0.8946969509 0.3983055949 -0.2021632344 0.3037361801 -0.8743622303 -0.3784640431
-376.5 49.6 2389.5 -0.7982872725 0.2772063613 -0.5346906781 0.6019070148 0.3983055949 -0.6921420097 0.0211041234 -0.8743622303 -0.4848147333
-295.8 329.9 2699.5 0.6576293111 0.7348516583 0.1658814698 -0.7420213223 0.5938198566 0.3110985756 0.1301076114 -0.3276751339 0.9357889891
-105.2 114.8 2737.2 0.3082211614 0.7348516583 0.6041462421 -0.7227545381 0.5938198566 -0.3535588384 -0.6185673475 -0.3276751339 0.7141452432
-476.2 -77.1 2587.6 -0.4965738058 0.1615772992 0.8528230786 0.1262052804 0.9855204821 -0.1132327393 -0.8587704301 0.0514023639 -0.5097755194
-539.5 -463.1 2567.5 -0.4883182943 -0.1380142868 0.8616828322 0.0597081557 0.9798167348 0.1907723844 -0.8706205487 0.1446071416 -0.4702218473
-364.6 -60.8 2728.9 -0.8846603036 -0.0333499685 -0.4650418162 -0.0654051080 0.9964522719 0.0529622287 0.4616256952 0.0772696882 -0.8837030530
-351.5 -451.1 2698.6 -0.8693340421 0.1659079045 -0.4655458629 0.0917835757 0.9797813296 0.1777759939 0.4856275618 0.1118172556 -0.8669848442
-151.2 -120.2 2383.6 0 0 0 0 0 0 0 0 0
-18.9 -87.4 2564.1 0 0 0 0 0 0 0 0 0
-495.4 -776.3 2521.3 0 0 0 0 0 0 0 0 0
-413.9 -819.5 2656.6 0 0 0 0 0 0 0 0 0
-362.9 516.9 2546.6 2 0.6044927835 0.0906429216 -0.7914368510 0.1061085761 0.9754905105 0.1927673370 0.7895121574 -0.2005047053 0.5800589919
-381.4 317.8 2587.6 0.6044927835 0.0906429216 -0.7914368510 0.1061085761 0.9754905105 0.1927673370 0.7895121574 -0.2005047053 0.5800589919
-398.8 126.6 2626.7 0.6045461297 0.0883931369 -0.7916505933 0.1066897064 0.9758845568 0.1904379874 0.7893930078 -0.1995895058 0.5805366039
-467.6 302.6 2475.1 -0.3230765462 0.2758011818 -0.9052929282 0.8987269998 0.3891139627 -0.2021881789 0.2964983582 -0.8789334893 -0.3735835552
-376.6 49.5 2391.6 -0.7935525775 0.2758011818 -0.5424094796 0.6081652641 0.3891139627 -0.6918998361 0.0202323012 -0.8789334893 -0.4765150845
-295.3 333.0 2700.1 0.6395566463 0.7546723485 0.1464137286 -0.7592428923 0.5902386308 0.2741688490 0.1204885989 -0.2865100801 0.9504706860
-110.5 113.6 2734.9 0.3226774633 0.7546723485 0.5712695718 -0.7141197920 0.5902386308 -0.3763659298 -0.6212183237 -0.2865100801 0.7293831706
-469.2 -77.2 2590.6 -0.4902249277 0.1813449264 0.8525218368 0.1421583891 0.9816540480 -0.1270681769 -0.8599247336 0.0589011461 -0.5070109963
-540.2 -461.6 2567.6 -0.4800181389 -0.1379411817 0.8663456440 0.0567972362 0.9806014299 0.1876029819 -0.8754180074 0.1392588764 -0.4628718197
-359.7 -58.6 2733.2 -0.8860889077 -0.0217398684 -0.4630052447 -0.0543104596 0.9968883991 0.0571303889 0.4603225589 0.0757686272 -0.8845124245
-351.2 -449.0 2703.5 -0.8725103140 0.1602084786 -0.4615831375 0.0769562200 0.9779831171 0.1939761043 0.4824971259 0.1337244660 -0.8656294346
-152.9 -122.0 2385.9 0 0 0 0 0 0 0 0 0
-19.1 -88.7 2558.9 0 0 0 0 0 0 0 0 0
-496.0 -775.9 2522.9 0 0 0 0 0 0 0 0 0
-411.5 -817.0 2653.2 0 0 0 0 0 0 0 0 0
-363.5 517.3 2555.0 3 0.6258696914 0.0865450054 -0.7751110196 0.0813402161 0.9811615944 0.1752303839 0.7756745219 -0.1727190763 0.6070396900
-381.1 317.5 2590.1 0.6258696914 0.0865450054 -0.7751110196 0.0813402161 0.9811615944 0.1752303839 0.7756745219 -0.1727190763 0.6070396900
-397.0 125.4 2624.2 0.6262737513 0.0807944834 -0.7754053473 0.0860795155 0.9813675284 0.1717790961 0.7748364210 -0.1743272543 0.6076499820
-470.3 305.2 2479.8 -0.3281010091 0.3446170390 -0.8795389533 0.8925710320 0.4179571569 -0.1692003310 0.3093003035 -0.8405658007 -0.4447273612
-375.6 47.6 2390.5 -0.7790625095 0.3446170390 -0.5237372518 0.6268991232 0.4179571569 -0.6575022936 -0.0076867840 -0.8405658007 -0.5416548848
-291.8 329.8 2700.5 0.6237030625 0.7760844231 0.0932066441 -0.7709929943 0.5911679268 0.2368337661 0.1287022084 -0.2195756137 0.9670689106
-116.5 113.0 2736.6 0.3571543992 0.7760844231 0.5197439194 -0.6989918947 0.5911679268 -0.4024062455 -0.6195571423 -0.2195756137 0.7536149621
-470.7 -74.1 2594.4 -0.5180226564 0.1800205261 0.8362088203 0.1457138956 0.9818853736 -0.1211138144 -0.8428641558 0.0591075420 -0.5348703265
-541.2 -458.7 2571.3 -0.5072345138 -0.1408445686 0.8502210975 0.0560677387 0.9790719151 0.1956390440 -0.8599823117 0.1469048560 -0.4887222350
-361.4 -54.8 2737.1 -0.8726403713 -0.0255401433 -0.4876950681 -0.0719949082 0.9944481850 0.0767432600 0.4830274582 0.1020808294 -0.8696343899
-351.4 -444.2 2697.1 -0.8584741950 0.1581266969 -0.4878709316 0.0825111195 0.9814733863 0.1729217172 0.5061758757 0.1081940532 -0.8556167483
-155.9 -129.2 2392.7 0 0 0 0 0 0 0 0 0
-14.2 -87.1 2559.2 0 0 0 0 0 0 0 0 0
-495.5 -776.6 2523.6 0 0 0 0 0 0 0 0 0
-410.9 -813.6 2656.4 0 0 0 0 0 0 0 0 0
-359.3 515.6 2550.1 4 0.6513403058 0.0976925269 -0.7524705529 0.0723706633 0.9791582227 0.1897673905 0.7553266287 -0.1780599356 0.6306951642
-379.3 315.5 2586.5 0.6513403058 0.0976925269 -0.7524705529 0.0723706633 0.9791582227 0.1897673905 0.7553266287 -0.1780599356 0.6306951642
-397.1 123.7 2621.6 0.6518341899 0.0910350904 -0.7528776526 0.0774963573 0.9795756340 0.1855421364 0.7543914914 -0.1792879850 0.6314660311
-472.1 304.5 2479.1 -0.3348390758 0.3400446177 -0.8787789345 0.8894922137 0.4218227267 -0.1756962985 0.3109443486 -0.8404970169 -0.4437097907
-375.0 46.6 2388.9 -0.7730717063 0.3400446177 -0.5354716182 0.6342942119 0.4218227267 -0.6478706598 0.0055691446 -0.8404970169 -0.5417875648
-286.4 326.5 2693.9 0.6117832661 0.7860898376 0.0882271230 -0.7817055583 0.5837322474 0.2195291817 0.1210686341 -0.2032719105 0.9716084003
-117.4 110.5 2727.4 0.3606829345 0.7860898376 0.5019667149 -0.7002536654 0.5837322474 -0.4109762609 -0.6160784364 -0.2032719105 0.7610045671
-469.5 -74.6 2588.4 -0.5437144637 0.1796704680 0.8198128343 0.1438382119 0.9823123217 -0.1198878512 -0.8268525600 0.0527356528 -0.5599408746
-539.8 -459.3 2567.7 -0.5328579545 -0.1358550787 0.8352279663 0.0466781259 0.9808064699 0.1893139929 -0.8449162841 0.1398643553 -0.5162890553
-356.3 -58.9 2728.3 -0.8579251766 -0.0157996900 -0.5135316253 -0.0575303882 0.9961951971 0.0654627532 0.5105434656 0.0857058167 -0.8555698991
-350.1 -449.0 2694.8 -0.8412800431 0.1718936563 -0.5125430822 0.1002133042 0.9812564850 0.1645994633 0.5312298536 0.0871106163 -0.8427375555
-156.3 -132.9 2387.3 0 0 0 0 0 0 0 0 0
-14.5 -89.3 2551.6 0 0 0 0 0 0 0 0 0
-496.0 -775.8 2522.6 0 0 0 0 0 0 0 0 0
-414.8 -818.3 2662.0 0 0 0 0 0 0 0 0 0
-362.7 514.0 2557.2 5 0.6622022390 0.0938673690 -0.7434225678 0.0517837107 0.9840182066 0.1703721136 0.7475337386 -0.1513179690 0.6467581987
-381.9 313.1 2588.1 0.6622022390 0.0938673690 -0.7434225678 0.0517837107 0.9840182066 0.1703721136 0.7475337386 -0.1513179690 0.6467581987
-399.3 120.4 2618.5 0.6627704501 0.0886247903 -0.7435596585 0.0579116307 0.9839314222 0.1688940972 0.7465798855 -0.1549987793 0.6469882727
-476.3 304.8 2481.8 -0.3475202024 0.3545525968 -0.8680565357 0.8826220036 0.4362233877 -0.1751785278 0.3165565729 -0.8270438910 -0.4645323753
-374.5 46.3 2389.1 -0.7687774301 0.3545525968 -0.5322346687 0.6394699216 0.4362233877 -0.6330776811 0.0077138906 -0.8270438910 -0.5620844364
-287.5 321.3 2694.4 0.6209755540 0.7757570148 0.1122068688 -0.7776575089 0.5918106437 0.2121531516 0.0981740803 -0.2190004289 0.9707732201
-115.9 106.5 2721.5 0.3538625836 0.7757570148 0.5224770904 -0.6953308582 0.5918106437 -0.4077684879 -0.6255367398 -0.2190004289 0.7488274574
-473.9 -75.1 2588.6 -0.5618268251 0.1628656089 0.8110643625 0.1300114989 0.9856283665 -0.1078595221 -0.8169746995 0.0448493212 -0.5749268532
-537.6 -461.1 2571.1 -0.5536966324 -0.1290501505 0.8226579428 0.0565636158 0.9798080325 0.1917728484 -0.8307951689 0.1527164876 -0.5352168679
-356.1 -61.1 2724.9 -0.8509213328 -0.0160952471 -0.5250464678 -0.0374645852 0.9988446236 0.0300978404 0.5239554048 0.0452815443 -0.8505411744
-349.8 -452.0 2707.2 -0.8374841809 0.1743555516 -0.5178999305 0.0622346736 0.9719990492 0.2265937328 0.5429061055 0.1575373411 -0.8248848319
-156.7 -134.9 2386.9 0 0 0 0 0 0 0 0 0
-14.9 -92.0 2542.9 0 0 0 0 0 0 0 0 0
-496.0 -777.0 2521.8 0 0 0 0 0 0 0 0 0
-415.3 -817.0 2648.0 0 0 0 0 0 0 0 0 0
-362.8 509.9 2560.2 6 0.6647615433 0.1045913547 -0.7396977544 0.0419040211 0.9833714366 0.1767050475 0.7458794713 -0.1484630257 0.6493246555
-384.0 311.1 2590.3 0.6647615433 0.1045913547 -0.7396977544 0.0419040211 0.9833714366 0.1767050475 0.7458794713 -0.1484630257 0.6493246555
-402.7 118.4 2619.6 0.6654483080 0.0956091657 -0.7402955294 0.0486534387 0.9840984344 0.1708306670 0.7448566556 -0.1496969014 0.6502149105
-478.8 304.1 2484.1 -0.3552646041 0.4045592546 -0.8426855206 0.8741221428 0.4631979465 -0.1461442411 0.3312062025 -0.7885299325 -0.5181920528
-374.5 47.5 2386.9 -0.7637235522 0.4045592546 -0.5030488372 0.6454184651 0.4631979465 -0.6073570848 -0.0127007514 -0.7885299325 -0.6148652434
-289.2 318.0 2696.4 0.6282477379 0.7704688311 0.1080859676 -0.7731807828 0.6028306484 0.1969435364 0.0865813196 -0.2072993219 0.9744386673
-115.7 104.6 2720.3 0.3860808611 0.7704688311 0.5072665215 -0.7000284195 0.6028306484 -0.3828256428 -0.6007510424 -0.2072993219 0.7720914483
-476.6 -77.4 2581.4 -0.5677045584 0.1562272757 0.8082726002 0.1123007461 0.9873463511 -0.1119631976 -0.8155366778 0.0272075944 -0.5780654550
-537.7 -464.1 2570.7 -0.5612596869 -0.1283842772 0.8176215887 0.0561475791 0.9797131419 0.1923788935 -0.8257330060 0.1538819969 -0.5426650047
-356.8 -66.9 2716.2 -0.8496094346 -0.0102517726 -0.5273126960 -0.0319351591 0.9989765286 0.0320324786 0.5264446139 0.0440549105 -0.8490672708
-352.8 -458.1 2699.0 -0.8373359442 0.1594502032 -0.5229188800 0.0737023726 0.9807130098 0.1810247302 0.5416978002 0.1130381599 -0.8329381347
-157.2 -136.1 2390.5 0 0 0 0 0 0 0 0 0
-7.5 -91.7 2551.8 0 0 0 0 0 0 0 0 0
-496.6 -777.8 2521.4 0 0 0 0 0 0 0 0 0
-412.7 -826.5 2656.5 0 0 0 0 0 0 0 0 0
-361.0 514.5 2552.8 7 0.6748800278 0.1145093739 -0.7289887071 0.0400572233 0.9807452559 0.1911392361 0.7368394136 -0.1581973135 0.6572984457
-384.4 314.0 2585.1 0.6748800278 0.1145093739 -0.7289887071 0.0400572233 0.9807452559 0.1911392361 0.7368394136 -0.1581973135 0.6572984457
-405.7 121.8 2615.8 0.6751527190 0.1091412529 -0.7295594215 0.0424498469 0.9816073775 0.1861314923 0.7364555597 -0.1566368788 0.6581018567
-480.6 307.9 2480.2 -0.3567692637 0.3630511761 -0.8607610464 0.8808761239 0.4375588000 -0.1805533618 0.3110834658 -0.8226397634 -0.4759106338
-375.6 48.7 2388.6 -0.7758746147 0.3630511761 -0.5159577131 0.6308497190 0.4375588000 -0.6407580972 -0.0068661212 -0.8226397634 -0.5685214996
-288.2 320.0 2690.0 0.6277319789 0.7748591900 0.0744700581 -0.7660341263 0.5978984237 0.2360279411 0.1383628994 -0.2052088976 0.9688885212
-117.2 111.4 2727.7 0.4058671296 0.7748591900 0.4846288264 -0.7194395065 0.5978984237 -0.3534462750 -0.5636299253 -0.2052088976 0.8001316190
-481.6 -78.7 2581.6 -0.5779573917 0.1467814893 0.8027580380 0.1030281708 0.9889445305 -0.1066483930 -0.8095371723 0.0210684668 -0.5866904259
-539.1 -466.0 2573.3 -0.5726528168 -0.1327800155 0.8089735508 0.0599292181 0.9773756862 0.2028429508 -0.8176045418 0.1646397412 -0.5517395735
-361.3 -69.9 2716.2 -0.8434353471 -0.0141330427 -0.5370447636 -0.0379931740 0.9987201095 0.0333861038 0.5358855128 0.0485630557 -0.8428928256
-355.8 -461.0 2697.2 -0.8325003982 0.1461101621 -0.5344107747 0.0691701174 0.9844614863 0.1614033431 0.5496895313 0.0974030942 -0.8296710849
-155.3 -130.5 2390.6 0 0 0 0 0 0 0 0 0
-4.1 -89.1 2570.6 0 0 0 0 0 0 0 0 0
-496.7 -777.9 2520.8 0 0 0 0 0 0 0 0 0
-410.8 -831.3 2660.5 0 0 0 0 0 0 0 0 0
-360.6 513.6 2550.5 8 0.6313676238 0.1109522507 -0.7675054073 0.0562667511 0.9805489779 0.1880366206 0.7734397054 -0.1619052589 0.6128439307
-383.4 312.6 2583.7 0.6313676238 0.1109522507 -0.7675054073 0.0562667511 0.9805489779 0.1880366206 0.7734397054 -0.1619052589 0.6128439307
-404.6 120.4 2614.9 0.6313198805 0.1085275933 -0.7678912282 0.0558402203 0.9812284112 0.1845878661 0.7735095620 -0.1594132036 0.6134088039
-473.2 304.6 2473.7 -0.3404149413 0.3688827753 -0.8648948669 0.8897015452 0.4239702821 -0.1693527997 0.3042183816 -0.8271485567 -0.4725213945
-376.3 51.4 2387.1 -0.7774004340 0.3688827753 -0.5094841123 0.6285274029 0.4239702821 -0.6520755291 -0.0245333239 -0.8271485567 -0.5614476204
-293.5 320.5 2693.7 0.6360140443 0.7699772716 0.0511974618 -0.7561922073 0.6086533666 0.2402383089 0.1538165212 -0.1915100515 0.9693628550
-117.3 111.0 2736.4 0.4088324606 0.7699772716 0.4898888171 -0.7010393143 0.6086533666 -0.3715978563 -0.5842943788 -0.1915100515 0.7886215448
-488.1 -74.3 2579.9 -0.5319557190 0.1319003999 0.8364361525 0.0865102410 0.9910905361 -0.1012696847 -0.8423414230 0.0184892993 -0.5386270285
-539.8 -462.4 2572.7 -0.5293529630 -0.1313298792 0.8381753564 0.0662881434 0.9785237312 0.1951849759 -0.8458080888 0.1588828415 -0.5092788339
-366.1 -66.6 2713.0 -0.8722638488 -0.0290907118 -0.4881695807 -0.0468822755 0.9986057281 0.0242611617 0.4867831767 0.0440486334 -0.8724114895
-354.7 -457.7 2695.8 -0.8602371216 0.1480340809 -0.4879323840 0.0842864886 0.9850478172 0.1502550095 0.5028796196 0.0881288350 -0.8598519564
-155.0 -127.5 2394.1 0 0 0 0 0 0 0 0 0
-2.9 -85.2 2572.9 0 0 0 0 0 0 0 0 0
-497.5 -777.2 2521.6 0 0 0 0 0 0 0 0 0
-410.4 -828.4 2662.6 0 0 0 0 0 0 0 0 0
-361.9 509.8 2547.4 9 0.5933954716 0.1087734997 -0.7975274920 0.0765834674 0.9787021875 0.1904650927 0.8012594581 -0.1740985513 0.5724272132
-384.2 309.0 2583.1 0.5933954716 0.1087734997 -0.7975274920 0.0765834674 0.9787021875 0.1904650927 0.8012594581 -0.1740985513 0.5724272132
-405.5 117.3 2616.9 0.5933075547 0.1082136258 -0.7976690531 0.0757902637 0.9790116549 0.1891878992 0.8014000058 -0.1727021635 0.5726534724
-468.6 298.2 2469.2 -0.3335112035 0.3360226154 -0.8808286190 0.8964229226 0.4023079574 -0.1859414279 0.2918838263 -0.8516085148 -0.4353925884
-376.5 50.4 2388.5 -0.7827203274 0.3360226154 -0.5238680243 0.6221949458 0.4023079574 -0.6715815067 -0.0149103189 -0.8516085148 -0.5239661932
-299.9 319.8 2697.1 0.6541116834 0.7507508993 0.0922550261 -0.7461005449 0.6203330755 0.2419107407 0.1243858561 -0.2270681709 0.9659028053
-113.3 107.0 2732.6 0.3978715241 0.7507508993 0.5273247361 -0.6990202665 0.6203330755 -0.3557492495 -0.5941960216 -0.2270681709 0.7716029286
-482.9 -76.8 2576.4 -0.4888649881 0.1401501298 0.8610278368 0.0890628099 0.9898713827 -0.1105549857 -0.8678011298 0.0226391032 -0.4963956177
-537.8 -464.5 2567.5 -0.4856834710 -0.1282103956 0.8646812439 0.0634642243 0.9814029336 0.1811645478 -0.8718279004 0.1428649426 -0.4685144126
-368.9 -66.7 2716.0 -0.8936241269 -0.0382297374 -0.4471850097 -0.0566482656 0.9980047941 0.0278828572 0.4452268183 0.0502490476 -0.8940067887
-354.0 -457.6 2696.3 -0.8807871938 0.1519766301 -0.4484607279 0.0923109651 0.9840335250 0.1521733552 0.4644271731 0.0926344991 -0.8807532191
-154.7 -125.8 2392.7 0 0 0 0 0 0 0 0 0
-2.0 -88.7 2566.2 0 0 0 0 0 0 0 0 0
-496.9 -777.0 2522.0 0 0 0 0 0 0 0 0 0
-411.2 -828.1 2661.4 0 0 0 0 0 0 0 0 0
-365.2 510.6 2555.3 0 0.5974521041 0.0982363373 -0.7958647013 0.0723641366 0.9818140864 0.1755121648 0.7986328602 -0.1624521762 0.5794780850
-385.2 310.5 2588.4 0.5974521041 0.0982363373 -0.7958647013 0.0723641366 0.9818140864 0.1755121648 0.7986328602 -0.1624521762 0.5794780850
-404.3 118.3 2620.7 0.5976793766 0.0975303724 -0.7957808375 0.0746434927 0.9814927578 0.1763528585 0.7982528806 -0.1648023278 0.5793379545
-470.3 299.9 2474.8 -0.3344271481 0.3592336476 -0.8712689877 0.8906522989 0.4226703346 -0.1675956696 0.3080535531 -0.8320462704 -0.4613046944
-376.4 49.9 2388.4 -0.7844613791 0.3592336476 -0.5055408478 0.6197177768 0.4226703346 -0.6612863541 -0.0238791816 -0.8320462704 -0.5541920066
-300.1 321.2 2702.1 0.6802723408 0.7012205720 0.2133523524 -0.7297894955 0.6209576726 0.2860400081 0.0680943578 -0.3502874076 0.9341637492
-103.0 109.7 2721.8 0.3606921732 0.7012205720 0.6149722338 -0.7327958941 0.6209576726 -0.2782475650 -0.5769846439 -0.3502874076 0.7378261685
-480.3 -81.3 2578.5 -0.4950972497 0.1529166549 0.8552749157 0.0930856690 0.9880596995 -0.1227725893 -0.8638366461 0.0188294705 -0.5034199953
-540.2 -468.3 2571.1 -0.4919736385 -0.1387543976 0.8594819307 0.0701389089 0.9776921868 0.1979862303 -0.8677802086 0.1576871276 -0.4712667167
-373.3 -67.6 2723.1 -0.8895954490 -0.0514136143 -0.4538464844 -0.0803873390 0.9957579374 0.0447655544 0.4496196806 0.0763067454 -0.8899547458
-353.1 -457.5 2693.2 -0.8752187490 0.1592873931 -0.4567490220 0.0978316739 0.9830032587 0.1553498656 0.4737310410 0.0912805945 -0.8759261966
-154.9 -125.1 2395.1 0 0 0 0 0 0 0 0 0
-1.4 -96.7 2559.3 0 0 0 0 0 0 0 0 0
-496.5 -776.5 2521.4 0 0 0 0 0 0 0 0 0
-413.1 -827.6 2658.8 0 0 0 0 0 0 0 0 0
-368.1 508.0 2560.8 1 0.5901627541 0.0836846903 -0.8029351234 0.0766177550 0.9843167067 0.1589034796 0.8036402464 -0.1552980095 0.5744953156
-385.0 308.7 2592.3 0.5901627541 0.0836846903 -0.8029351234 0.0766177550 0.9843167067 0.1589034796 0.8036402464 -0.1552980095 0.5744953156
-401.5 116.1 2623.8 0.5905265212 0.0840362832 -0.8026309013 0.0808856189 0.9833921194 0.1624728441 0.8029544950 -0.1608658135 0.5739217997
-469.1 297.2 2477.9 -0.3323237598 0.3564860821 -0.8732001781 0.8891066909 0.4273423553 -0.1639139503 0.3147223890 -0.8308406472 -0.4589701891
-376.7 50.0 2390.4 -0.7855566144 0.3564860821 -0.5057850480 0.6185001731 0.4273423553 -0.6594210267 -0.0189310517 -0.8308406472 -0.5561882854
-300.9 320.2 2706.6 0.6881521940 0.6750457883 0.2660070956 -0.7217814922 0.5994986296 0.3458798826 0.0740138516 -0.4300169945 0.8997818232
-105.7 115.4 2727.6 0.3097627759 0.6750457883 0.6695970893 -0.7592976093 0.5994986296 -0.2531177104 -0.5722885728 -0.4300169945 0.6982629895
-477.5 -80.6 2580.9 -0.4881369174 0.1545469165 0.8589747548 0.1010658517 0.9875853658 -0.1202530116 -0.8668956161 0.0281130802 -0.4976962805
-538.0 -467.4 2569.9 -0.4844961166 -0.1322316676 0.8647417426 0.0726235956 0.9790175557 0.1903955489 -0.8717736602 0.1550465673 -0.4647270739
-369.5 -67.1 2725.1 -0.8925269842 -0.0433445610 -0.4489062428 -0.0787933320 0.9950485229 0.0605810992 0.4440576434 0.0894410834 -0.8915229440
-352.5 -456.8 2690.0 -0.8766998649 0.1673478037 -0.4509900510 0.1094103307 0.9823333025 0.1518243998 0.4684300423 0.0837614611 -0.8795210719
-154.8 -124.8 2395.7 0 0 0 0 0 0 0 0 0
-18.6 -98.0 2566.8 0 0 0 0 0 0 0 0 0
-496.4 -775.4 2521.1 0 0 0 0 0 0 0 0 0
-415.6 -826.7 2658.5 0 0 0 0 0 0 0 0 0
-368.7 506.4 2562.0 2 0.5869585872 0.0782072768 -0.8058307767 0.0795998648 0.9849267006 0.1535685509 0.8056944013 -0.1542823911 0.5718858838
-384.5 307.2 2593.3 0.5869585872 0.0782072768 -0.8058307767 0.0795998648 0.9849267006 0.1535685509 0.8056944013 -0.1542823911 0.5718858838
-399.6 114.4 2624.3 0.5872664452 0.0770599693 -0.8057169914 0.0835044682 0.9843771458 0.1550115645 0.8050745726 -0.1583140641 0.5716568232
-468.2 295.3 2478.5 -0.3301584423 0.3659797609 -0.8700886369 0.8848768473 0.4409065545 -0.1503142267 0.3286158144 -0.8195487857 -0.4694160521
-376.6 49.6 2387.3 -0.7868074179 0.3659797609 -0.4969837964 0.6168910861 0.4409065545 -0.6519561410 -0.0194793250 -0.8195487857 -0.5726782084
-300.9 319.1 2708.0 0.6791366935 0.6931952834 0.2413579077 -0.7285030484 0.5963481069 0.3371235430 0.0897591338 -0.4047829509 0.9099967480
-112.7 117.2 2732.8 0.3006155193 0.6931952834 0.6550652981 -0.7496520281 0.5963481069 -0.2870380580 -0.5896203518 -0.4047829509 0.6989267468
-471.3 -83.7 2582.7 -0.4837517738 0.1707509309 0.8583870530 0.1137033701 0.9847329259 -0.1318051815 -0.8677878380 0.0338405110 -0.4957812428
-538.2 -469.4 2569.5 -0.4783006608 -0.1344264895 0.8678467274 0.0706947446 0.9791142941 0.1906237900 -0.8753460646 0.1525276899 -0.4588077962
-364.6 -69.1 2727.8 -0.8940088153 -0.0290949959 -0.4471036792 -0.0702129379 0.9946579933 0.0756679475 0.4425137043 0.0990402773 -0.8912758827
-353.2 -458.6 2689.0 -0.8795475960 0.1602541953 -0.4480118454 0.1012461483 0.9830466509 0.1528677195 0.4649142325 0.0890949592 -0.8808614016
-154.6 -124.4 2392.8 0 0 0 0 0 0 0 0 0
-27.1 -96.3 2564.9 0 0 0 0 0 0 0 0 0
-496.0 -776.4 2521.7 0 0 0 0 0 0 0 0 0
-413.6 -828.9 2655.5 0 0 0 0 0 0 0 0 0
-368.0 506.0 2562.7 3 0.5827687383 0.0790476277 -0.8087843060 0.0803422555 0.9847772717 0.1541390717 0.8086566925 -0.1548069865 0.5675465465
-384.0 307.0 2593.9 0.5827687383 0.0790476277 -0.8087843060 0.0803422555 0.9847772717 0.1541390717 0.8086566925 -0.1548069865 0.5675465465
-399.1 114.2 2625.2 0.5831734538 0.0768024698 -0.8087089062 0.0854549184 0.9841971993 0.1550914198 0.8078404665 -0.1595533490 0.5673944950
-467.1 294.8 2478.8 -0.3274587691 0.3720970154 -0.8685128689 0.8859534264 0.4404087365 -0.1453501284 0.3284162879 -0.8170580864 -0.4738763273
-376.3 49.2 2387.8 -0.7869405746 0.3720970154 -0.4922075868 0.6164769530 0.4404087365 -0.6526839137 -0.0260892026 -0.8170580864 -0.5759647489
-300.9 319.2 2709.1 0.6889150739 0.6703035235 0.2758426964 -0.7205154300 0.5917589664 0.3614952564 0.0790791586 -0.4477884769 0.8906357288
-109.3 118.8 2731.1 0.2746826708 0.6703035235 0.6893784404 -0.7584093213 0.5917589664 -0.2731971443 -0.5910708904 -0.4477884769 0.6709103584
-467.8 -85.9 2582.5 -0.4777867794 0.1851419508 0.8587445617 0.1215806976 0.9820680022 -0.1440851390 -0.8700218201 0.0355647914 -0.4917287827
-540.3 -470.6 2568.6 -0.4705137014 -0.1429615319 0.8707346320 0.0668613762 0.9781750441 0.1967311203 -0.8798558712 0.1507832110 -0.4506861567
-361.7 -70.9 2728.0 -0.8964715004 -0.0202987883 -0.4426362216 -0.0566993207 0.9959931374 0.0691580772 0.4394588172 0.0870954171 -0.8940303922
-353.7 -460.9 2693.9 -0.8823343515 0.1607756019 -0.4423090219 0.0915442631 0.9805178642 0.1737941056 0.4616337419 0.1128536612 -0.8798626661
-154.8 -124.4 2395.1 0 0 0 0 0 0 0 0 0
-31.3 -96.5 2563.3 0 0 0 0 0 0 0 0 0
-495.7 -775.7 2521.6 0 0 0 0 0 0 0 0 0
-414.3 -830.1 2651.4 0 0 0 0 0 0 0 0 0
-369.0 506.5 2563.5 4 0.5901271701 0.0730633140 -0.8039973378 0.0825755596 0.9852101207 0.1501407921 0.8030760884 -0.1549926847 0.5753660202
-383.8 306.9 2594.9 0.5901271701 0.0730633140 -0.8039973378 0.0825755596 0.9852101207 0.1501407921 0.8030760884 -0.1549926847 0.5753660202
-397.9 114.1 2626.1 0.5904363394 0.0722512305 -0.8038436770 0.0867663994 0.9845302105 0.1522230655 0.8024067283 -0.1596246511 0.5750334263
-467.9 294.6 2480.5 -0.3372080028 0.3700838685 -0.8656377196 0.8827224970 0.4439157844 -0.1540771574 0.3272487819 -0.8160739541 -0.4763733149
-371.7 42.9 2387.2 -0.7772265673 0.3700838685 -0.5088779926 0.6291375756 0.4439157844 -0.6380632520 -0.0102379583 -0.8160739541 -0.5778567791
-299.6 319.3 2709.2 0.6907505393 0.6613087654 0.2924626172 -0.7192178369 0.5865261555 0.3724415898 0.0747619346 -0.4676085711 0.8807683587
