-352.2 506.7 2558.1 1 0.6727238894 0.1162410378 -0.7307055593 0.0337773375 0.9817274213 0.1872708350 0.7391222119 -0.1506628543 0.6565051675
-375.8 307.2 2588.8 0.6727238894 0.1162410378 -0.7307055593 0.0337773375 0.9817274213 0.1872708350 0.7391222119 -0.1506628543 0.6565051675
-397.2 114.9 2617.9 0.6730296612 0.1099559069 -0.7313964367 0.0364330001 0.9827581644 0.1812704355 0.7387176156 -0.1486473531 0.6574193835
-471.7 302.0 2483.6 -0.3296824396 0.1847994626 -0.9258286357 0.8963907957 0.3690466285 -0.2455364466 0.2962989509 -0.9108533263 -0.2873207331
-378.3 48.1 2399.7 -0.7896184921 0.1847994626 -0.5851083398 0.6075478196 0.3690466285 -0.7033421993 0.0859550089 -0.9108533263 -0.4036805630
-279.9 312.3 2694.0 0.8487356305 0.0871491507 0.5215868354 -0.5041824579 0.4308927357 0.7484193444 -0.1595238596 -0.8981851339 0.4096530974
-40.3 170.0 2648.9 0.2647598088 0.0871491507 0.9603682756 -0.8792083263 0.4308927357 0.2032835633 -0.3960997164 -0.8981851339 0.1907053441
-473.8 -78.4 2571.7 -0.5634919405 0.2117246985 0.7985295653 0.0875290036 0.9764609933 -0.1971361190 -0.8214715719 -0.0411901101 -0.5687599182
-556.6 -460.5 2587.8 -0.5584827065 -0.1861721873 0.8083544970 0.0605092272 0.9627498984 0.2635361254 -0.8273062706 0.1960932910 -0.5264140368
-355.9 -74.1 2708.6 -0.8485315442 -0.0061003896 -0.5291095972 -0.0322686397 0.9986690283 0.0402349345 0.5281599164 0.0512142591 -0.8475990891
-353.5 -465.1 2688.5 -0.8319749832 0.1755281091 -0.5263150334 0.1093863547 0.9819096327 0.1545576900 0.5439230204 0.0710164532 -0.8361246586
-156.0 -123.0 2375.5 0 0 0 0 0 0 0 0 0
31.9 -69.6 2541.0 0 0 0 0 0 0 0 0 0
-496.1 -773.3 2524.1 0 0 0 0 0 0 0 0 0
-419.6 -834.9 2661.8 0 0 0 0 0 0 0 0 0
-353.6 508.2 2561.7 2 0.6731501222 0.1106745228 -0.7311771512 0.0274871811 0.9843096733 0.1742956489 0.7389948368 -0.1374251395 0.6595460176
-376.1 307.7 2589.7 0.6731501222 0.1106745228 -0.7311771512 0.0274871811 0.9843096733 0.1742956489 0.7389948368 -0.1374251395 0.6595460176
-397.4 114.9 2616.5 0.6732234359 0.1089198366 -0.7313731313 0.0281445123 0.9846006036 0.1725385785 0.7389032841 -0.1367411464 0.6597906947
-472.1 303.7 2484.4 -0.3292189538 0.2006464154 -0.9226894975 0.8941076398 0.3804452121 -0.2362899035 0.3036220968 -0.9027748704 -0.3046492636
-378.1 48.5 2397.8 -0.7904426455 0.2006464154 -0.5787412524 0.6072590947 0.3804452121 -0.6974939108 0.0802296996 -0.9027748704 -0.4225644767
-280.2 311.7 2695.0 0.8401992917 0.0376071148 0.5409721136 -0.5082990527 0.4021917582 0.7614944577 -0.1889369041 -0.9147827625 0.3570368886
-35.3 163.5 2639.9 0.2534646690 0.0376071148 0.9666133523 -0.8893327117 0.4021917582 0.2175524980 -0.3805823922 -0.9147827625 0.1353866309
-479.5 -80.7 2580.3 -0.5639156103 0.1864311248 0.8045139313 0.0965328962 0.9823877811 -0.1599863619 -0.8201710582 -0.0125567475 -0.5719805360
-552.5 -465.0 2585.2 -0.5584236979 -0.1753046811 0.8108213544 0.0646473616 0.9652472734 0.2532160580 -0.8270331025 0.1938192993 -0.5276839733
-357.9 -74.2 2713.7 -0.8483224511 -0.0058169407 -0.5294479728 -0.0412526987 0.9976262450 0.0551375337 0.5278704762 0.0686155632 -0.8465486765
-355.6 -464.8 2686.8 -0.8338053823 0.1614360958 -0.5279270411 0.1006188914 0.9847106338 0.1422000825 0.5428115726 0.0654477626 -0.8373005390
-155.0 -122.9 2375.1 0 0 0 0 0 0 0 0 0
33.5 -78.1 2536.5 0 0 0 0 0 0 0 0 0
-496.5 -772.9 2523.4 0 0 0 0 0 0 0 0 0
-416.4 -835.7 2662.2 0 0 0 0 0 0 0 0 0
-354.0 513.3 2562.0 3 0.6749781966 0.1098394394 -0.7296161056 0.0278501883 0.9843598604 0.1739542186 0.7373118401 -0.1377352625 0.6613624096
-376.4 312.4 2590.1 0.6749781966 0.1098394394 -0.7296161056 0.0278501883 0.9843598604 0.1739542186 0.7373118401 -0.1377352625 0.6613624096
-397.7 119.6 2617.0 0.6750395298 0.1084990054 -0.7297599912 0.0284029264 0.9845724106 0.1726570725 0.7372346520 -0.1372776628 0.6615436077
-472.6 308.3 2485.1 -0.3249387145 0.1817061752 -0.9281151295 0.8980753422 0.3668923378 -0.2425915003 0.2964379787 -0.9123446941 -0.2824033499
-378.3 47.7 2399.0 -0.7924326658 0.1817061752 -0.5822656751 0.6039980650 0.3668923378 -0.7075141668 0.0850691274 -0.9123446941 -0.4004876614
-280.2 316.4 2695.1 0.8275156617 0.0396103486 0.5600436330 -0.5257099867 0.4048445225 0.7481510043 -0.1970960647 -0.9135271907 0.3558387458
-33.8 159.9 2636.5 0.2501453459 0.0396103486 0.9673976898 -0.8891505003 0.4048445225 0.2133360654 -0.3831953406 -0.9135271907 0.1364895254
-479.6 -80.3 2576.5 -0.5656318665 0.1832348257 0.8040432930 0.0979152992 0.9830277562 -0.1551420242 -0.8188242912 -0.0090251332 -0.5739732981
-551.3 -465.2 2580.0 -0.5582494140 -0.1715986282 0.8117336631 0.0528662726 0.9690322876 0.2412086427 -0.8279871345 0.1775679141 -0.5318899155
-357.9 -75.3 2710.0 -0.8470474482 0.0014310549 -0.5315153599 -0.0265006963 0.9986389875 0.0449214764 0.5308562517 0.0521361493 -0.8458566666
-358.4 -466.3 2689.6 -0.8350503445 0.1523243487 -0.5286664367 0.0877701938 0.9854852557 0.1453106552 0.5431273580 0.0749405548 -0.8362993598
-154.5 -122.9 2375.0 0 0 0 0 0 0 0 0 0
34.3 -82.4 2532.0 0 0 0 0 0 0 0 0 0
-496.6 -773.9 2523.5 0 0 0 0 0 0 0 0 0
-415.8 -837.5 2661.4 0 0 0 0 0 0 0 0 0
-352.7 513.0 2555.1 4 0.6615768075 0.1170454919 -0.7406864762 0.0397433005 0.9808822870 0.1905004382 0.7488234639 -0.1554680020 0.6442772150
-376.6 312.5 2586.9 0.6615768075 0.1170454919 -0.7406864762 0.0397433005 0.9808822870 0.1905004382 0.7488234639 -0.1554680020 0.6442772150
-398.9 120.3 2617.0 0.6616535187 0.1137380600 -0.7411330938 0.0403951854 0.9815856814 0.1867023259 0.7487208247 -0.1534704566 0.6448751092
-470.9 306.7 2480.3 -0.3212564588 0.1982785761 -0.9260020852 0.9015443921 0.3633240759 -0.2349752337 0.2898482978 -0.9103193283 -0.2954771221
-379.3 49.5 2397.6 -0.7866351008 0.1982785761 -0.5847143531 0.6130470037 0.3633240759 -0.7015475631 0.0733389407 -0.9103193283 -0.4073575437
-282.3 318.2 2693.6 0.8324983120 0.1504130214 0.5332189798 -0.5212629437 0.5387168527 0.6618678570 -0.1877004802 -0.8289511800 0.5268856287
-37.1 164.7 2638.3 0.2673301697 0.1504130214 0.9517933130 -0.8294167519 0.5387168527 0.1478242129 -0.4905124009 -0.8289511800 0.2687703669
-479.9 -75.8 2577.2 -0.5482795238 0.1923035681 0.8138850927 0.0952795222 0.9812301993 -0.1676578820 -0.8308498263 -0.0143767968 -0.5563109517
-555.2 -460.0 2582.9 -0.5411027074 -0.1813855022 0.8211621046 0.0545007698 0.9668454528 0.2494784743 -0.8391886353 0.1797474474 -0.5132770538
-357.9 -70.6 2710.5 -0.8566148281 0.0000916472 -0.5159564614 -0.0265775714 0.9986645579 0.0443027057 0.5152714849 0.0516632237 -0.8554683924
-357.9 -461.8 2690.3 -0.8443114161 0.1529557258 -0.5135589242 0.0933682770 0.9857277274 0.1400828511 0.5276557803 0.0703234375 -0.8465423584
-157.1 -123.6 2376.9 0 0 0 0 0 0 0 0 0
34.4 -57.1 2507.2 0 0 0 0 0 0 0 0 0
-496.1 -775.0 2524.3 0 0 0 0 0 0 0 0 0
-415.5 -833.0 2663.8 0 0 0 0 0 0 0 0 0
-354.5 511.6 2559.7 5 0.6560962200 0.1144856662 -0.7459428310 0.0369737335 0.9823631048 0.1832912862 0.7537709475 -0.1478370130 0.6402917504
-377.9 311.4 2589.8 0.6560962200 0.1144856662 -0.7459428310 0.0369737335 0.9823631048 0.1832912862 0.7537709475 -0.1478370130 0.6402917504
-399.9 119.0 2619.2 0.6564001441 0.1126712784 -0.7459517717 0.0396018475 0.9822750688 0.1832140535 0.7533727884 -0.1498027891 0.6403034925
-471.4 305.7 2482.5 -0.3240023255 0.2077952474 -0.9229537249 0.8969878554 0.3775834143 -0.2298772931 0.3007246256 -0.9023590684 -0.3087277114
-378.9 49.5 2396.6 -0.7885212302 0.2077952474 -0.5788397193 0.6105515957 0.3775834143 -0.6961734891 0.0738987401 -0.9023590684 -0.4246022701
-284.3 317.0 2697.2 0.8189892173 0.1644635201 0.5497348309 -0.5380659103 0.5529595613 0.6361767650 -0.1993532479 -0.8168154359 0.5413601398
-38.7 155.6 2637.4 0.2700878084 0.1644635201 0.9486855865 -0.8216885328 0.5529595613 0.1380714476 -0.5018770099 -0.8168154359 0.2844854295
-481.0 -75.6 2579.3 -0.5417972207 0.1753544360 0.8220137358 0.1017188877 0.9844861627 -0.1429696232 -0.8343315125 0.0061537791 -0.5512287021
-549.6 -461.0 2576.9 -0.5337134004 -0.1654756367 0.8293176889 0.0497781560 0.9728211164 0.2261442989 -0.8441991210 0.1619781554 -0.5109705925
-361.4 -68.3 2714.7 -0.8599694371 -0.0118650589 -0.5102075934 -0.0452006198 0.9975716472 0.0529880486 0.5083399415 0.0686298013 -0.8584173918
-356.7 -458.9 2687.8 -0.8463228345 0.1559887528 -0.5093183517 0.0978678912 0.9854192138 0.1391791254 0.5236024857 0.0679445490 -0.8492490649
-156.0 -123.0 2375.7 0 0 0 0 0 0 0 0 0
34.4 -66.6 2501.6 0 0 0 0 0 0 0 0 0
-496.3 -774.9 2524.7 0 0 0 0 0 0 0 0 0
-415.5 -830.1 2662.2 0 0 0 0 0 0 0 0 0
-355.4 504.4 2553.5 6 0.6541543603 0.1139663905 -0.7477257252 0.0517427959 0.9795241356 0.1945641339 0.7545891404 -0.1659643948 0.6348630190
-378.6 304.8 2587.3 0.6541543603 0.1139663905 -0.7477257252 0.0517427959 0.9795241356 0.1945641339 0.7545891404 -0.1659643948 0.6348630190
-399.9 112.9 2619.8 0.6544923782 0.1089747250 -0.7481739521 0.0547139309 0.9801371694 0.1906241626 0.7540862560 -0.1656976044 0.6355298758
-471.8 297.0 2479.9 -0.3364700079 0.2236524373 -0.9147499800 0.8905705810 0.3912827671 -0.2319091856 0.3060588539 -0.8926798701 -0.3308331966
-378.2 49.1 2394.7 -0.7899154425 0.2236524373 -0.5709756017 0.6093025804 0.3912827671 -0.6896724701 0.0691659898 -0.8926798701 -0.4453523159
-285.3 312.6 2694.7 0.8240054250 0.1619133502 0.5429540277 -0.5305075645 0.5569638014 0.6390250921 -0.1989390403 -0.8146013618 0.5448374748
-38.0 153.4 2635.0 0.2619854808 0.1619133502 0.9513924718 -0.8201319575 0.5569638014 0.1310529560 -0.5086719394 -0.8146013618 0.2787067592
-481.4 -76.9 2580.4 -0.5374670625 0.1760335863 0.8247068524 0.1017121598 0.9843621850 -0.1438254863 -0.8371283412 0.0065812529 -0.5469669700
-550.3 -462.4 2577.8 -0.5298163295 -0.1670618802 0.8314956427 0.0534584485 0.9718795419 0.2293303311 -0.8464259505 0.1659534127 -0.5059867501
-362.7 -69.8 2716.6 -0.8609036207 -0.0140003264 -0.5085753798 -0.0432302691 0.9980191588 0.0457051285 0.5069280863 0.0613335595 -0.8598035574
-357.2 -460.6 2692.6 -0.8484211564 0.1516005993 -0.5071477294 0.0848630741 0.9846723676 0.1523763090 0.5224747062 0.0862411708 -0.8482821584
-155.2 -122.9 2375.1 0 0 0 0 0 0 0 0 0
34.3 -72.9 2494.7 0 0 0 0 0 0 0 0 0
-496.3 -776.5 2524.2 0 0 0 0 0 0 0 0 0
-414.3 -831.5 2660.1 0 0 0 0 0 0 0 0 0
-355.7 502.1 2550.9 7 0.6473980546 0.1106162593 -0.7540821433 0.0639950708 0.9780279994 0.1984082162 0.7594606280 -0.1767066270 0.6260945201
-378.2 302.6 2586.9 0.6473980546 0.1106162593 -0.7540821433 0.0639950708 0.9780279994 0.1984082162 0.7594606280 -0.1767066270 0.6260945201
-399.1 110.9 2621.4 0.6476040483 0.1065083668 -0.7544965148 0.0658515617 0.9786550403 0.1946737766 0.7591261864 -0.1757563055 0.6267672181
-470.5 293.2 2478.8 -0.3363357186 0.2182920724 -0.9160932302 0.8907720447 0.3894290328 -0.2342438400 0.3056197166 -0.8948148489 -0.3254273534
-378.4 49.1 2395.1 -0.7857483029 0.2182920724 -0.5787470341 0.6139215827 0.3894290328 -0.6866187453 0.0754974708 -0.8948148489 -0.4400074184
-285.9 311.9 2695.1 0.8154956102 0.1726361215 0.5524162650 -0.5376749635 0.5791970491 0.6127286553 -0.2141787708 -0.7966979146 0.5651547909
-40.6 150.2 2630.7 0.2654416561 0.1726361215 0.9485449195 -0.8062749505 0.5791970491 0.1202142611 -0.5286411047 -0.7966979146 0.2929352224
-480.4 -84.0 2584.0 -0.5273959041 0.1758690029 0.8312181830 0.1075623333 0.9842904806 -0.1400092840 -0.8427834511 0.0155674452 -0.5380276442
-549.3 -469.5 2578.0 -0.5199239850 -0.1659669131 0.8379343748 0.0602852292 0.9713685513 0.2298017442 -0.8520826101 0.1699945033 -0.4950324595
-362.1 -74.1 2720.3 -0.8651738167 -0.0080139544 -0.5014081001 -0.0395382009 0.9978497624 0.0522741750 0.4999110401 0.0650510192 -0.8636302948
-359.0 -465.0 2694.9 -0.8551753163 0.1374653131 -0.4997784197 0.0709471703 0.9861603379 0.1498475373 0.5134604573 0.0926880538 -0.8530927300
-157.5 -123.4 2373.8 0 0 0 0 0 0 0 0 0
34.2 -76.9 2481.8 0 0 0 0 0 0 0 0 0
-496.8 -777.0 2524.1 0 0 0 0 0 0 0 0 0
-410.7 -836.3 2660.0 0 0 0 0 0 0 0 0 0
-355.8 502.6 2548.6 8 0.6471560001 0.1113476679 -0.7541822195 0.0701760650 0.9763751030 0.2043696493 0.7591208220 -0.1851845831 0.6240530610
-378.5 303.6 2586.3 0.6471560001 0.1113476679 -0.7541822195 0.0701760650 0.9763751030 0.2043696493 0.7591208220 -0.1851845831 0.6240530610
-399.9 112.4 2622.5 0.6472812891 0.1093198806 -0.7543713450 0.0712848008 0.9766436815 0.2026957721 0.7589106560 -0.1849763989 0.6243703365
-470.7 293.5 2478.2 -0.3366678059 0.2152101099 -0.9167003036 0.8916462660 0.3858101070 -0.2368913144 0.3026908338 -0.8971260786 -0.3217811286
-378.4 49.1 2395.2 -0.7834823728 0.2152101099 -0.5829579830 0.6165974736 0.3858101070 -0.6862638593 0.0772201642 -0.8971260786 -0.4349734187
-286.2 313.8 2694.5 0.8191224337 0.1929847300 0.5401808023 -0.5424019098 0.5670071244 0.6199218631 -0.1866509169 -0.8007870317 0.5691235065
-47.0 155.4 2639.9 0.2261800617 0.1929847300 0.9547771811 -0.8198566437 0.5670071244 0.0796117857 -0.5260015726 -0.8007870317 0.2864654958
-478.5 -86.7 2587.2 -0.5241000056 0.1891702414 0.8303817511 0.1140415743 0.9818267226 -0.1516931355 -0.8439868093 0.0151956659 -0.5361486673
-552.6 -471.2 2581.2 -0.5159527063 -0.1782654375 0.8378629088 0.0665459707 0.9668096900 0.2466791868 -0.8540283442 0.1830311865 -0.4869652689
-361.5 -74.8 2724.4 -0.8655472994 -0.0064697219 -0.5007853508 -0.0429449156 0.9971925020 0.0613422468 0.4989825189 0.0746008009 -0.8633951545
-358.9 -465.4 2695.2 -0.8546714187 0.1415621191 -0.4994966388 0.0776623636 0.9861429334 0.1465969384 0.5133276582 0.0865001306 -0.8538222313
-159.2 -123.5 2373.6 0 0 0 0 0 0 0 0 0
17.6 -78.7 2489.7 0 0 0 0 0 0 0 0 0
-496.1 -777.8 2523.2 0 0 0 0 0 0 0 0 0
-412.2 -836.8 2662.6 0 0 0 0 0 0 0 0 0
-357.6 503.9 2546.9 9 0.6488021016 0.1060848013 -0.7535262704 0.0773992017 0.9758993387 0.2040338367 0.7570106983 -0.1906999052 0.6249547005
-379.2 304.9 2585.8 0.6488021016 0.1060848013 -0.7535262704 0.0773992017 0.9758993387 0.2040338367 0.7570106983 -0.1906999052 0.6249547005
-400.3 113.9 2623.4 0.6487920880 0.1076128185 -0.7533181906 0.0773078799 0.9755073786 0.2059340179 0.7570285797 -0.1918458045 0.6245821714
-471.7 293.9 2477.9 -0.3409675360 0.2069369256 -0.9170159698 0.8914628029 0.3807978630 -0.2455341816 0.2983876169 -0.9012048244 -0.3143163025
-377.5 47.5 2395.5 -0.7885721922 0.2069369256 -0.5790777206 0.6101357937 0.3807978630 -0.6947858334 0.0767346993 -0.9012048244 -0.4265462160
-286.8 315.9 2693.7 0.8122966886 0.1913753599 0.5509533286 -0.5534954071 0.5507760048 0.6247308254 -0.1838938147 -0.8124169111 0.5533189178
-51.2 155.4 2640.4 0.1927501261 0.1913753599 0.9624047279 -0.8326874971 0.5507760048 0.0572479106 -0.5191136003 -0.8124169111 0.2655180097
-479.8 -85.3 2590.2 -0.5249980688 0.1956695467 0.8283057809 0.1129364669 0.9806237817 -0.1600698531 -0.8435771465 0.0095095644 -0.5369238257
-556.5 -469.4 2586.4 -0.5175561309 -0.1881311685 0.8347109556 0.0725981444 0.9623566270 0.2619144917 -0.8525638580 0.1961539090 -0.4844155908
-362.8 -72.4 2727.4 -0.8643024564 -0.0104368646 -0.5028641224 -0.0546451509 0.9958151579 0.0732538849 0.4999951422 0.0907925963 -0.8612558246
-358.7 -462.5 2691.8 -0.8540954590 0.1341257542 -0.5025249124 0.0752678812 0.9878808260 0.1357431263 0.5146413445 0.0781136006 -0.8538398743
-157.2 -122.9 2374.0 0 0 0 0 0 0 0 0 0
4.0 -83.3 2491.6 0 0 0 0 0 0 0 0 0
-496.4 -776.7 2523.8 0 0 0 0 0 0 0 0 0
-409.2 -834.5 2662.4 0 0 0 0 0 0 0 0 0
-356.4 500.0 2546.6 0 0.6288964152 0.1089559197 -0.7698168159 0.0816791803 0.9753941894 0.2047795206 0.7731868029 -0.1916631162 0.6045224667
-378.5 302.1 2585.5 0.6288964152 0.1089559197 -0.7698168159 0.0816791803 0.9753941894 0.2047795206 0.7731868029 -0.1916631162 0.6045224667
-399.8 111.1 2623.4 0.6290848255 0.1083518118 -0.7697481513 0.0833702981 0.9751214981 0.2053959817 0.7728529572 -0.1933856159 0.6044008136
-468.2 290.2 2475.4 -0.3345612288 0.1924965233 -0.9225041270 0.8960409164 0.3681519926 -0.2481426299 0.2918551266 -0.9096203446 -0.2956541479
-377.0 46.2 2395.9 -0.7923213840 0.1924965233 -0.5789403319 0.6051914096 0.3681519926 -0.7058381438 0.0772666410 -0.9096203446 -0.4081919491
-288.9 314.0 2695.6 0.8240721822 0.1321139336 0.5508638024 -0.5357335210 0.4977884591 0.6820529699 -0.1841049492 -0.8571770787 0.4809914827
-53.1 160.7 2642.9 0.1947025955 0.1321139336 0.9719243050 -0.8609427810 0.4977884591 0.1048054993 -0.4699664414 -0.8571770787 0.2106632441
-480.0 -84.2 2592.5 -0.5026771426 0.1842833310 0.8446036577 0.1136134267 0.9826229811 -0.1467791051 -0.8569759130 0.0221758150 -0.5148791671
-552.2 -469.0 2583.9 -0.4961579442 -0.1773304194 0.8499301076 0.0761039779 0.9662697315 0.2460303605 -0.8648904562 0.1867529750 -0.4659268856
-362.7 -70.2 2729.4 -0.8765146136 -0.0119435247 -0.4812270701 -0.0517432056 0.9962376952 0.0695203766 0.4785862267 0.0858358517 -0.8738349080
-358.1 -460.4 2695.8 -0.8655438423 0.1405144185 -0.4807178080 0.0789838135 0.9861217737 0.1460323781 0.4945659339 0.0884284973 -0.8646299243
-155.8 -122.8 2374.3 0 0 0 0 0 0 0 0 0
2.0 -83.0 2509.9 0 0 0 0 0 0 0 0 0
-496.1 -774.7 2524.8 0 0 0 0 0 0 0 0 0
-411.0 -831.8 2662.5 0 0 0 0 0 0 0 0 0
-353.7 501.5 2539.9 1 0.6274986267 0.1207075864 -0.7692042589 0.0915795565 0.9696109891 0.2268649042 0.7732132077 -0.2128007859 0.5973752141
-378.2 304.2 2583.2 0.6274986267 0.1207075864 -0.7692042589 0.0915795565 0.9696109891 0.2268649042 0.7732132077 -0.2128007859 0.5973752141
-401.3 114.2 2624.6 0.6275912523 0.1175742075 -0.7696138620 0.0923338756 0.9703137875 0.2235300094 0.7730482817 -0.2113469094 0.5981043577
-467.7 291.1 2473.1 -0.3343577683 0.2162481248 -0.9173012972 0.8977838755 0.3691616356 -0.2402160615 0.2866861820 -0.9038563967 -0.3175761402
-376.3 45.8 2394.8 -0.7934820652 0.2162481248 -0.5688787103 0.6058607697 0.3691616356 -0.7047356963 0.0576104298 -0.9038563967 -0.4239393771
-288.8 317.4 2693.4 0.8298550844 0.2828191221 0.4809926152 -0.5439003706 0.6024298072 0.5841666460 -0.1245507821 -0.7463857532 0.6537548304
-57.6 165.9 2658.7 0.2122989893 0.2828191221 0.9353836179 -0.7981712818 0.6024298072 -0.0009917927 -0.5637834668 -0.7463857532 0.3536333144
-477.8 -87.4 2591.4 -0.4978635311 0.1975031048 0.8444669247 0.1086025238 0.9802567363 -0.1652338356 -0.8604286313 0.0094473399 -0.5094833970
-555.2 -471.3 2587.7 -0.4934065044 -0.1878598928 0.8492695093 0.0850622430 0.9612956047 0.2620595098 -0.8656294942 0.2015426308 -0.4583297074
-364.1 -72.3 2731.1 -0.8780782223 -0.0161021426 -0.4782461226 -0.0581229217 0.9956225753 0.0731941387 0.4749740660 0.0920672417 -0.8751704097
-357.8 -462.3 2695.0 -0.8666593432 0.1433829069 -0.4778523445 0.0753044263 0.9844331741 0.1588097364 0.4931843281 0.1016495526 -0.8639656305
-155.2 -123.1 2378.7 0 0 0 0 0 0 0 0 0
1.0 -54.6 2502.9 0 0 0 0 0 0 0 0 0
-496.1 -773.6 2524.3 0 0 0 0 0 0 0 0 0
-411.8 -833.0 2656.7 0 0 0 0 0 0 0 0 0
-355.3 508.9 2544.1 2 0.6365067363 0.1169347614 -0.7623552084 0.0804173872 0.9729903936 0.2163854986 0.7670673132 -0.1990374327 0.6099113822
-379.2 310.1 2584.8 0.6365067363 0.1169347614 -0.7623552084 0.0804173872 0.9729903936 0.2163854986 0.7670673132 -0.1990374327 0.6099113822
-401.3 119.4 2623.4 0.6366137266 0.1131432876 -0.7628378272 0.0813228190 0.9738144279 0.2123017311 0.7668830156 -0.1971903294 0.6107425094
-469.9 298.5 2475.5 -0.3330103159 0.1823906600 -0.9251149893 0.9008152485 0.3514557183 -0.2549721003 0.2786324322 -0.9182660580 -0.2813386619
-375.9 44.3 2396.9 -0.7956973910 0.1823906600 -0.5775806308 0.6013845205 0.3514557183 -0.7175064683 0.0721275210 -0.9182660580 -0.3893392980
-288.4 321.7 2694.0 0.8243423700 0.2542793155 0.5057684183 -0.5531210899 0.5519549251 0.6240215302 -0.1204856113 -0.7941585183 0.5956470370
-57.7 166.9 2660.3 0.1884100735 0.2542793155 0.9486008883 -0.8336875439 0.5519549251 0.0176306125 -0.5191018581 -0.7941585183 0.3159833848
-481.0 -84.1 2596.1 -0.5089631081 0.2021439075 0.8367164135 0.1181573942 0.9792404175 -0.1647030115 -0.8526402116 0.0150364693 -0.5222820640
-560.2 -467.7 2590.2 -0.5016499162 -0.2010934651 0.8413731456 0.0816625208 0.9572546482 0.2774793208 -0.8612076640 0.2079061270 -0.4637849033
-367.6 -67.4 2735.9 -0.8719190359 -0.0307428055 -0.4886840582 -0.0800278038 0.9935542941 0.0802831948 0.4830659926 0.1091087610 -0.8687591553
-355.5 -456.5 2693.1 -0.8573984504 0.1584836394 -0.4896436036 0.0976401642 0.9842174649 0.1475886703 0.5053061247 0.0787334070 -0.8593408465
-154.5 -123.0 2376.8 0 0 0 0 0 0 0 0 0
-5.9 -62.2 2517.6 0 0 0 0 0 0 0 0 0
-496.2 -772.3 2524.1 0 0 0 0 0 0 0 0 0
-415.2 -827.1 2663.5 0 0 0 0 0 0 0 0 0
-356.7 513.7 2545.7 3 0.6491647363 0.1112895310 -0.7524625063 0.0723049045 0.9757311344 0.2066899836 0.7572035193 -0.1885825694 0.6253634691
-379.4 314.1 2584.3 0.6491647363 0.1112895310 -0.7524625063 0.0723049045 0.9757311344 0.2066899836 0.7572035193 -0.1885825694 0.6253634691
-400.4 122.9 2621.2 0.6494907737 0.1067535430 -0.7528382540 0.0752237067 0.9762170911 0.2033262104 0.7566393614 -0.1886897832 0.6260136366
-472.0 303.3 2476.5 -0.3344673514 0.1871529073 -0.9236370325 0.8995081186 0.3557351828 -0.2536485791 0.2810991108 -0.9156562090 -0.2873273492
-375.9 44.9 2395.7 -0.7951373458 0.1871529073 -0.5768278241 0.6022067666 0.3557351828 -0.7147023678 0.0714393258 -0.9156562090 -0.3955630660
-286.9 324.8 2692.1 0.8271750808 0.1248363554 0.5479025841 -0.5406112671 0.4428805411 0.7152596116 -0.1533649862 -0.8878472447 0.4338276684
-52.0 171.3 2648.5 0.1577984840 0.1248363554 0.9795486331 -0.8923198581 0.4428805411 0.0873046294 -0.4229242206 -0.8878472447 0.1812798381
-481.1 -78.6 2592.7 -0.5256493092 0.1916848123 0.8288243413 0.1170344353 0.9813141227 -0.1527271122 -0.8426124454 0.0167200882 -0.5382608175
-556.1 -463.0 2586.1 -0.5170307755 -0.1866718233 0.8353638649 0.0693498477 0.9635865092 0.2582472861 -0.8531528711 0.1914541572 -0.4852582216
-366.0 -63.9 2731.3 -0.8636034131 -0.0273314994 -0.5034303069 -0.0748449042 0.9944155216 0.0744044259 0.4985853434 0.1019351110 -0.8608263135
-355.3 -453.4 2691.4 -0.8487542868 0.1595519632 -0.5041421056 0.1026508436 0.9849709272 0.1389066726 0.5187281966 0.0661470219 -0.8523764610
-154.2 -123.0 2375.8 0 0 0 0 0 0 0 0 0
-8.4 -75.1 2531.8 0 0 0 0 0 0 0 0 0
-496.4 -771.1 2524.9 0 0 0 0 0 0 0 0 0
-415.4 -824.3 2666.5 0 0 0 0 0 0 0 0 0
-358.2 513.4 2545.0 4 0.6517692804 0.1095458195 -0.7504642010 0.0755837411 0.9752051830 0.2079950273 0.7546415329 -0.1922876686 0.6273289323
-380.6 314.0 2584.3 0.6517692804 0.1095458195 -0.7504642010 0.0755837411 0.9752051830 0.2079950273 0.7546415329 -0.1922876686 0.6273289323
-401.3 123.0 2622.1 0.6520941854 0.1056525707 -0.7507401109 0.0785287842 0.9755026698 0.2054939270 0.7540599704 -0.1929561049 0.6278228760
-473.5 302.8 2476.8 -0.3394038379 0.1799170822 -0.9232739806 0.9002082944 0.3468077481 -0.2633427382 0.2728187144 -0.9205184579 -0.2796707153
-377.0 46.8 2399.3 -0.7928161025 0.1799170822 -0.5822992921 0.6050725579 0.3468077481 -0.7166669965 0.0730052739 -0.9205184579 -0.3838176727
-287.7 325.2 2691.7 0.8308930993 0.0661247373 0.5524891019 -0.5319886208 0.3854610920 0.7539283037 -0.1631097496 -0.9203516841 0.3554545641
-49.5 172.7 2645.0 0.1418946385 0.0661247373 0.9876707196 -0.9166290164 0.3854610920 0.1058816686 -0.3737072349 -0.9203516841 0.1153067201
-480.0 -75.1 2589.8 -0.5294759870 0.1888627112 0.8270344734 0.1091240272 0.9819666147 -0.1543809026 -0.8412770629 0.0085083451 -0.5405372381
-554.0 -459.7 2586.4 -0.5230814219 -0.1772578508 0.8336458802 0.0722675398 0.9653857350 0.2506147921 -0.8492133021 0.1913374811 -0.4921653569
-362.6 -61.5 2726.5 -0.8619150519 -0.0223331191 -0.5065606236 -0.0695776194 0.9947886467 0.0745286196 0.5022562742 0.0994826183 -0.8589771986
-353.8 -451.1 2687.6 -0.8455095291 0.1673988402 -0.5070417523 0.1201604530 0.9848808050 0.1247848198 0.5202645063 0.0445803851 -0.8528407812
-154.4 -123.1 2378.8 0 0 0 0 0 0 0 0 0
-9.8 -84.0 2540.3 0 0 0 0 0 0 0 0 0
-496.4 -773.0 2524.4 0 0 0 0 0 0 0 0 0
-416.9 -821.9 2670.8 0 0 0 0 0 0 0 0 0
-358.8 506.3 2545.6 5 0.6403124332 0.1076300070 -0.7605364919 0.0807498991 0.9752153754 0.2059961557 0.7638582587 -0.1933151335 0.6157513857
-380.7 307.8 2585.0 0.6403124332 0.1076300070 -0.7605364919 0.0807498991 0.9752153754 0.2059961557 0.7638582587 -0.1933151335 0.6157513857
-401.5 116.9 2623.4 0.6406516433 0.1061825603 -0.7604542971 0.0838435888 0.9747955799 0.2067459077 0.7632402778 -0.1962113231 0.6156016588
-472.0 295.9 2476.2 -0.3394007087 0.2010180056 -0.9189118147 0.8980032206 0.3600309193 -0.2529189587 0.2799953818 -0.9110265970 -0.3027095497
-378.5 48.6 2399.1 -0.7868210077 0.2010180056 -0.5835275650 0.6133373976 0.3600309193 -0.7029900551 0.0687743127 -0.9110265970 -0.4065717459
-289.4 319.8 2693.7 0.8433094025 0.0443690531 0.5355937481 -0.5103875399 0.3782573342 0.7722861767 -0.1683266461 -0.9246365428 0.3416333497
-48.4 173.9 2645.6 0.1316327155 0.0443690531 0.9903051257 -0.9196920395 0.3782573342 0.1052995101 -0.3699181080 -0.9246365428 0.0905969068
-481.0 -75.2 2591.7 -0.5160100460 0.1836870611 0.8366556764 0.1099971160 0.9828595519 -0.1479449421 -0.8494905829 0.0156886373 -0.5273704529
-552.9 -460.2 2585.6 -0.5098694563 -0.1717031449 0.8429419398 0.0733811855 0.9676256776 0.2414866090 -0.8571162820 0.1849827319 -0.4807630181
-363.1 -61.0 2728.0 -0.8691854477 -0.0214442294 -0.4940210879 -0.0656661540 0.9952164292 0.0723337904 0.4901067615 0.0953119397 -0.8664358258
-354.7 -450.8 2690.7 -0.8544945717 0.1592345685 -0.4944526255 0.1102194116 0.9857625365 0.1269799620 0.5076324940 0.0540054142 -0.8598794341
-157.4 -123.7 2379.8 0 0 0 0 0 0 0 0 0
-10.8 -88.8 2540.0 0 0 0 0 0 0 0 0 0
-497.2 -774.2 2525.5 0 0 0 0 0 0 0 0 0
-414.6 -822.0 2670.3 0 0 0 0 0 0 0 0 0
-359.4 509.5 2555.0 6 0.6554430723 0.1018673256 -0.7483431697 0.0645346865 0.9796837568 0.1898815781 0.7524823546 -0.1727506518 0.6355529428
-380.1 310.2 2590.1 0.6554430723 0.1018673256 -0.7483431697 0.0645346865 0.9796837568 0.1898815781 0.7524823546 -0.1727506518 0.6355529428
-399.7 118.5 2624.5 0.6558372378 0.0994916260 -0.7483174205 0.0683699176 0.9793750048 0.1901320964 0.7517998815 -0.1758581102 0.6355083585
-473.6 300.5 2483.0 -0.3354787230 0.1983476430 -0.9209300876 0.8941224813 0.3748775721 -0.2449729890 0.2966462076 -0.9056075215 -0.3031105399
-378.9 48.0 2399.2 -0.7904428840 0.1983476430 -0.5795328021 0.6075037718 0.3748775721 -0.7002899051 0.0783529878 -0.9056075215 -0.4168162644
-286.7 320.0 2697.2 0.8394191861 0.0149384346 0.5432791710 -0.5110190511 0.3620113134 0.7796199918 -0.1850268990 -0.9320539832 0.3115130663
-48.0 174.7 2644.6 0.1490179896 0.0149384346 0.9887216687 -0.9225537181 0.3620113134 0.1335757375 -0.3559330106 -0.9320539832 0.0677277073
-480.2 -81.6 2592.8 -0.5346027017 0.1725360602 0.8273035884 0.1217231527 0.9844504595 -0.1266520321 -0.8362914324 0.0329934768 -0.5472915173
-547.8 -467.1 2579.9 -0.5260728002 -0.1608666331 0.8350864053 0.0648515150 0.9714993238 0.2279985100 -0.8479632735 0.1741004437 -0.5006469488
-364.4 -66.4 2730.8 -0.8590661883 -0.0221148916 -0.5113865733 -0.0693633631 0.9948802590 0.0734983012 0.5071430206 0.0986113995 -0.8562019467
-355.7 -456.2 2692.2 -0.8451777101 0.1544802487 -0.5116742253 0.0932783559 0.9852612615 0.1433854103 0.5262830257 0.0734580234 -0.8471305370
-156.3 -123.0 2377.2 0 0 0 0 0 0 0 0 0
-5.4 -88.8 2542.9 0 0 0 0 0 0 0 0 0
-496.8 -774.7 2524.8 0 0 0 0 0 0 0 0 0
-413.9 -827.1 2664.5 0 0 0 0 0 0 0 0 0
-362.5 506.5 2559.1 7 0.6564267874 0.0903234109 -0.7489629984 0.0626209006 0.9828560948 0.1734143794 0.7517862320 -0.1607345790 0.6395169497
-380.8 307.6 2591.6 0.6564267874 0.0903234109 -0.7489629984 0.0626209006 0.9828560948 0.1734143794 0.7517862320 -0.1607345790 0.6395169497
-398.6 115.3 2623.9 0.6566926837 0.0907940418 -0.7486729026 0.0655058250 0.9821074605 0.1765613556 0.7513079643 -0.1649889946 0.6389952898
-474.4 298.3 2484.6 -0.3392252028 0.1979597956 -0.9196402431 0.8905019760 0.3826739192 -0.2461034656 0.3032037318 -0.9024259448 -0.3060962260
-379.0 47.9 2399.3 -0.7921562195 0.1979597956 -0.5773218274 0.6046960950 0.3826739192 -0.6985007524 0.0826509371 -0.9024259448 -0.4228430390
-287.2 317.0 2698.7 0.8503335118 0.0492266305 0.5239366293 -0.4972845018 0.4008904397 0.7694121003 -0.1721656322 -0.9148024917 0.3653702140
-46.1 176.0 2649.9 0.1646745950 0.0492266305 0.9851188064 -0.9066358805 0.4008904397 0.1315226406 -0.3884502947 -0.9148024917 0.1106471047
-478.5 -79.5 2591.0 -0.5395789146 0.1821310222 0.8219993114 0.1133080497 0.9831483960 -0.1434589922 -0.8342756629 0.0157316905 -0.5511230826
-549.8 -464.5 2584.8 -0.5334086418 -0.1640264541 0.8298014998 0.0743984878 0.9681178331 0.2391918153 -0.8425794244 0.1893229634 -0.5041990876
-359.9 -67.1 2726.8 -0.8580257297 -0.0096562896 -0.5135158896 -0.0540442541 0.9959701300 0.0715732276 0.5107553601 0.0891642570 -0.8550899029
-356.1 -457.2 2691.9 -0.8442586064 0.1559776962 -0.5127362013 0.0920365155 0.9846947193 0.1480055302 0.5279741883 0.0777644888 -0.8456925750
-155.2 -122.9 2376.0 0 0 0 0 0 0 0 0 0
1.0 -83.5 2538.7 0 0 0 0 0 0 0 0 0
-497.0 -775.9 2523.9 0 0 0 0 0 0 0 0 0
-414.9 -828.0 2662.6 0 0 0 0 0 0 0 0 0
-365.4 505.3 2552.7 8 0.6587220430 0.0866635218 -0.7473785281 0.0771589503 0.9803256392 0.1816813946 0.7484195232 -0.1773444861 0.6390752196
-383.0 306.6 2588.6 0.6587220430 0.0866635218 -0.7473785281 0.0771589503 0.9803256392 0.1816813946 0.7484195232 -0.1773444861 0.6390752196
-400.3 114.7 2623.7 0.6587356329 0.0885988548 -0.7471396327 0.0773106664 0.9798147082 0.1843534261 0.7483919263 -0.1792020351 0.6385892034
-476.8 295.6 2482.0 -0.3487929106 0.2052755505 -0.9144427180 0.8869335055 0.3875516057 -0.2513019741 0.3028075695 -0.8987022638 -0.3172410131
-379.5 48.0 2397.5 -0.7886238098 0.2052755505 -0.5795984864 0.6093000770 0.3875516057 -0.6917783022 0.0826191530 -0.8987022638 -0.4307068288
-289.1 317.6 2695.3 0.8573225141 0.1050355732 0.5039499998 -0.4931999445 0.4480694830 0.7456457019 -0.1474853009 -0.8878070116 0.4359436035
-47.9 178.8 2653.8 0.1842955053 0.1050355732 0.9772424102 -0.8860515356 0.4480694830 0.1189388409 -0.4253796935 -0.8878070116 0.1756441146
-475.8 -82.9 2588.3 -0.5395557284 0.1902863383 0.8201650381 0.1143856496 0.9816609025 -0.1525049359 -0.8341435790 0.0115301935 -0.5514268279
-550.3 -467.4 2583.8 -0.5328664184 -0.1667506397 0.8296068907 0.0727605894 0.9677318931 0.2412486970 -0.8430653811 0.1889160126 -0.5035389662
-357.1 -71.1 2724.1 -0.8564845324 -0.0058043855 -0.5161399841 -0.0449856669 0.9969713688 0.0634376779 0.5142086148 0.0775522888 -0.8541517258
-354.8 -461.6 2693.8 -0.8410511613 0.1661808342 -0.5147979259 0.1043074131 0.9836058617 0.1471034884 0.5308040380 0.0700243264 -0.8445967436
-157.5 -123.4 2374.2 0 0 0 0 0 0 0 0 0
4.9 -74.8 2532.0 0 0 0 0 0 0 0 0 0
-497.2 -775.7 2523.6 0 0 0 0 0 0 0 0 0
-417.4 -832.0 2667.4 0 0 0 0 0 0 0 0 0
-366.3 506.1 2549.5 9 0.6508457065 0.0867528319 -0.7542372346 0.0875374302 0.9782494307 0.1880565584 0.7541465759 -0.1884197891 0.6290953159
-383.9 307.4 2587.8 0.6508457065 0.0867528319 -0.7542372346 0.0875374302 0.9782494307 0.1880565584 0.7541465759 -0.1884197891 0.6290953159
-401.8 115.9 2624.9 0.6506702900 0.0910876095 -0.7538774610 0.0856081322 0.9776512980 0.1920134127 0.7545193434 -0.1894754618 0.6283308268
-476.7 295.1 2480.2 -0.3483023345 0.2105347961 -0.9134334326 0.8883512616 0.3851630092 -0.2499630451 0.2991948426 -0.8985124230 -0.3211820126
-379.7 47.7 2396.9 -0.7871399522 0.2105347961 -0.5797290802 0.6118429899 0.3851630092 -0.6908673048 0.0778385848 -0.8985124230 -0.4319914281
-291.2 319.6 2695.3 0.8550656438 0.1496595591 0.4964521527 -0.4976355731 0.5058457255 0.7046126127 -0.1456761956 -0.8495422602 0.5070072412
-46.9 177.3 2653.6 0.1964093149 0.1496595591 0.9690332413 -0.8573057055 0.5058457255 0.0956398398 -0.4758679271 -0.8495422602 0.2276568115
-477.2 -84.1 2591.2 -0.5284185410 0.1940506697 0.8265096545 0.1154635474 0.9809086919 -0.1564808339 -0.8410957456 0.0127443615 -0.5407361388
-553.2 -468.4 2586.2 -0.5219710469 -0.1755160689 0.8347097039 0.0779027790 0.9647001624 0.2515645623 -0.8493982553 0.1963356137 -0.4898723662
-358.1 -70.2 2726.4 -0.8619801998 -0.0051541175 -0.5069157481 -0.0432718918 0.9970468879 0.0634437203 0.5050917268 0.0766224340 -0.8596577048
-356.1 -460.7 2696.4 -0.8488792181 0.1561508775 -0.5049960017 0.0853961036 0.9833329916 0.1605108529 0.5216431022 0.0931296349 -0.8480656147
-159.3 -123.6 2375.1 0 0 0 0 0 0 0 0 0
9.3 -67.9 2517.5 0 0 0 0 0 0 0 0 0
-497.4 -775.0 2523.8 0 0 0 0 0 0 0 0 0
-414.9 -830.9 2661.4 0 0 0 0 0 0 0 0 0
-368.1 501.9 2547.9 0 0.6367336512 0.0841025338 -0.7664835453 0.0991810039 0.9768438935 0.1895760596 0.7646785975 -0.1967300624 0.6136479974
-385.1 304.4 2587.6 0.6367336512 0.0841025338 -0.7664835453 0.0991810039 0.9768438935 0.1895760596 0.7646785975 -0.1967300624 0.6136479974
-402.4 113.2 2626.4 0.6365870237 0.0880703852 -0.7661595941 0.0975180566 0.9762911201 0.1932509392 0.7650144696 -0.1977354437 0.6129058003
-475.8 290.5 2478.7 -0.3517137468 0.2041569352 -0.9135739803 0.8867802620 0.3852832615 -0.2552990615 0.2998636663 -0.8999315500 -0.3165517747
-379.2 46.9 2396.3 -0.7867556810 0.2041569352 -0.5825250745 0.6116093993 0.3852832615 -0.6910070777 0.0833632722 -0.8999315500 -0.4279880822
-294.4 318.3 2696.6 0.8540250659 0.1504882276 0.4979903996 -0.4960817099 0.5238475204 0.6924497485 -0.1566655040 -0.8384134173 0.5220333934
-45.8 174.0 2651.0 0.1817308217 0.1504882276 0.9717649817 -0.8482778668 0.5238475204 0.0775139555 -0.4973917603 -0.8384134173 0.2228550762
-478.5 -83.3 2593.8 -0.5131310821 0.1923969686 0.8364686966 0.1086454168 0.9812734723 -0.1590552032 -0.8514062762 0.0092623215 -0.5244249701
-553.8 -467.7 2590.1 -0.5095587373 -0.1783225238 0.8417547345 0.0888033062 0.9621653557 0.2575884163 -0.8558410406 0.2060070187 -0.4744441211
-360.8 -67.8 2730.2 -0.8705078959 -0.0100709870 -0.4920513928 -0.0450399816 0.9972252846 0.0592714883 0.4900891483 0.0737582818 -0.8685461283
-356.9 -458.4 2701.3 -0.8587248921 0.1522098184 -0.4893094301 0.0676855370 0.9801923037 0.1861227900 0.5079470873 0.1267091036 -0.8520179391
-160.0 -123.5 2373.0 0 0 0 0 0 0 0 0 0
6.6 -70.8 2507.5 0 0 0 0 0 0 0 0 0
-497.1 -773.8 2524.6 0 0 0 0 0 0 0 0 0
-414.2 -827.4 2653.6 0 0 0 0 0 0 0 0 0
-366.7 513.8 2539.1 1 0.6565646529 0.0907403603 -0.7487917542 0.1051234007 0.9720399976 0.2099696994 0.7469082475 -0.2165742069 0.6286681890
-385.3 314.7 2583.4 0.6565646529 0.0907403603 -0.7487917542 0.1051234007 0.9720399976 0.2099696994 0.7469082475 -0.2165742069 0.6286681890
-402.9 124.2 2625.3 0.6564192772 0.0899605304 -0.7490132451 0.1035591438 0.9727196693 0.2075859159 0.7472544312 -0.2138305753 0.6291957498
-478.8 300.0 2477.0 -0.3521277905 0.2177374810 -0.9102727175 0.8913434744 0.3746864796 -0.2551801205 0.2855045795 -0.9012216330 -0.3260163963
-378.6 46.5 2395.8 -0.7862988114 0.2177374810 -0.5782080889 0.6143695116 0.3746864796 -0.6943775415 0.0654547438 -0.9012216330 -0.4283867776
-291.8 329.5 2689.9 0.8361933827 0.1682134271 0.5220008492 -0.5276131630 0.5065089464 0.6819626093 -0.1496828347 -0.8456671238 0.5122910738
-43.4 172.7 2645.4 0.1625720710 0.1682134271 0.9722523093 -0.8603988886 0.5065089464 0.0562356152 -0.4829949439 -0.8456671238 0.2270748615
-477.2 -86.8 2596.0 -0.5288518071 0.1940693110 0.8262280822 0.1247380078 0.9807071686 -0.1505119950 -0.8394975662 0.0234635081 -0.5428565741
-553.2 -470.9 2586.8 -0.5205826759 -0.1780864894 0.8350322247 0.0765161738 0.9643396139 0.2533660829 -0.8503757715 0.1957914680 -0.4883920252
-362.1 -69.1 2734.2 -0.8580005169 -0.0097084083 -0.5135570765 -0.0543231666 0.9959292412 0.0719304979 0.5107681751 0.0896144509 -0.8550351858
-358.3 -459.2 2699.1 -0.8471428752 0.1416683048 -0.5121319294 0.0636809841 0.9839253426 0.1668401062 0.5275354981 0.1087243408 -0.8425468802
-160.8 -123.8 2377.6 0 0 0 0 0 0 0 0 0
3.3 -74.2 2506.8 0 0 0 0 0 0 0 0 0
-497.8 -770.8 2525.9 0 0 0 0 0 0 0 0 0
-411.7 -829.6 2658.2 0 0 0 0 0 0 0 0 0
-369.1 514.4 2542.2 2 0.6612917781 0.0887286216 -0.7448627353 0.0966045856 0.9746373296 0.2018654346 0.7438822389 -0.2054491043 0.6359480023
-387.1 315.7 2584.0 0.6612917781 0.0887286216 -0.7448627353 0.0966045856 0.9746373296 0.2018654346 0.7438822389 -0.2054491043 0.6359480023
-404.1 124.7 2623.8 0.6612489820 0.0868416578 -0.7451230288 0.0961294100 0.9752786160 0.1989742219 0.7439818382 -0.2031997442 0.6365539432
-481.4 302.0 2478.1 -0.3600500524 0.2231225371 -0.9058588743 0.8864087462 0.3846167028 -0.2575840950 0.2909356356 -0.8957043886 -0.3362590373
-377.0 45.2 2393.8 -0.7914583683 0.2231225371 -0.5690430403 0.6078769565 0.3846167028 -0.6946622133 0.0638686493 -0.8957043886 -0.4400391579
-292.9 329.4 2690.0 0.8326189518 0.1859322637 0.5217038393 -0.5326915979 0.5266951323 0.6624438763 -0.1516091526 -0.8294705749 0.5375809073
-42.6 169.3 2644.5 0.1529607773 0.1859322637 0.9705834389 -0.8494147658 0.5266951323 0.0329673067 -0.5050718784 -0.8294705749 0.2384973019
-479.8 -75.6 2599.7 -0.5353705287 0.1929340512 0.8222863078 0.1300263852 0.9807818532 -0.1454650462 -0.8345487118 0.0290412139 -0.5501682758
-555.3 -459.8 2588.3 -0.5256390572 -0.1795365661 0.8315469027 0.0729024708 0.9643742442 0.2542981505 -0.8475782275 0.1942908466 -0.4938240945
-361.1 -56.9 2734.7 -0.8544021249 -0.0147514837 -0.5194029808 -0.0656205192 0.9946570992 0.0796946585 0.5154522061 0.1021747813 -0.8508051038
-355.4 -446.5 2694.7 -0.8413642049 0.1504693925 -0.5191004276 0.0824817121 0.9849607944 0.1518189609 0.5341376662 0.0849187449 -0.8411217332
-158.0 -123.0 2376.1 0 0 0 0 0 0 0 0 0
1.7 -76.4 2498.4 0 0 0 0 0 0 0 0 0
-497.3 -771.4 2525.5 0 0 0 0 0 0 0 0 0
-412.0 -817.2 2662.7 0 0 0 0 0 0 0 0 0
-366.4 515.6 2545.2 3 0.6544613242 0.0906770751 -0.7506384254 0.0980485380 0.9742215872 0.2031717896 0.7497111559 -0.2065670788 0.6286996007
-384.8 317.3 2587.3 0.6544613242 0.0906770751 -0.7506384254 0.0980485380 0.9742215872 0.2031717896 0.7497111559 -0.2065670788 0.6286996007
-401.6 126.3 2627.4 0.6546251178 0.0855259523 -0.7511000633 0.0998601541 0.9750888944 0.1980646551 0.7493289709 -0.2046630681 0.6297770143
-478.1 303.0 2480.5 -0.3492953181 0.2250182033 -0.9095931053 0.8895650506 0.3846216202 -0.2464553118 0.2943922281 -0.8952279091 -0.3345148563
-376.5 44.2 2394.8 -0.7951053977 0.2250182033 -0.5631822348 0.6035500169 0.3846216202 -0.6984221935 0.0594543517 -0.8952279091 -0.4416244626
-291.6 331.5 2694.1 0.8177977800 0.2281360030 0.5283566117 -0.5565267801 0.5473179221 0.6250767708 -0.1465765387 -0.8052310348 0.5745592117
-45.9 164.3 2650.0 0.1607087106 0.2281360030 0.9602742791 -0.8368647099 0.5473179221 0.0100268433 -0.5232878327 -0.8052310348 0.2788777351
-480.9 -74.9 2596.4 -0.5285376906 0.1818053126 0.8292133212 0.1272817105 0.9827276468 -0.1343344599 -0.8393135667 0.0345428661 -0.5425490737
-552.1 -459.9 2582.9 -0.5188354254 -0.1707041115 0.8376573920 0.0665278211 0.9688262939 0.2386412770 -0.8522815704 0.1795430779 -0.4913048446
-361.4 -57.6 2730.9 -0.8585362434 -0.0143694608 -0.5125514865 -0.0665737540 0.9942699075 0.0836381540 0.5084126592 0.1059288606 -0.8545733690
-355.8 -447.0 2689.4 -0.8462008238 0.1452000439 -0.5126997828 0.0933014229 0.9876683354 0.1257221997 0.5246322155 0.0585506074 -0.8493131399
-156.1 -123.1 2378.4 0 0 0 0 0 0 0 0 0
0.8 -79.1 2497.8 0 0 0 0 0 0 0 0 0
-497.2 -771.7 2525.1 0 0 0 0 0 0 0 0 0
-410.4 -818.8 2667.3 0 0 0 0 0 0 0 0 0
-367.7 511.9 2545.8 4 0.6541463137 0.0823823288 -0.7518681884 0.1048213989 0.9745846391 0.1979829669 0.7490694523 -0.2083216906 0.6288855076
-384.4 314.2 2588.0 0.6541463137 0.0823823288 -0.7518681884 0.1048213989 0.9745846391 0.1979829669 0.7490694523 -0.2083216906 0.6288855076
-399.6 123.3 2628.8 0.6544142962 0.0774359256 -0.7521606088 0.1080901846 0.9749457240 0.1944153607 0.7483705282 -0.2085293680 0.6296483278
-477.7 298.8 2481.4 -0.3501476049 0.2221590281 -0.9099681377 0.8886501789 0.3859173656 -0.2477270365 0.2961376905 -0.8953843713 -0.3325496912
-377.6 44.8 2396.7 -0.7914310694 0.2221590281 -0.5694578886 0.6077314019 0.3859173656 -0.6940679550 0.0655702129 -0.8953843713 -0.4404399991
-291.2 329.7 2694.7 0.8106068969 0.1972004622 0.5513876677 -0.5568540096 0.5509228706 0.6216088533 -0.1811905354 -0.8109229207 0.5563937426
