-21.7 384.4 2464.5 27 0.3757182956 0.3319849968 -0.8652293086 -0.2297718376 0.9378520846 0.2600736618 0.8977977037 0.1010908931 0.4286490083
-87.5 198.5 2444.5 0.3757182956 0.3319849968 -0.8652293086 -0.2297718376 0.9378520846 0.2600736618 0.8977977037 0.1010908931 0.4286490083
-147.6 14.5 2429.8 0.3864961863 0.3100610077 -0.8686097264 -0.1981190890 0.9477214217 0.2501459122 0.9007605314 0.0754077211 0.4277197123
-140.3 225.6 2321.4 0.0318321586 0.5023695827 -0.8640668392 0.7155333757 0.5921491385 0.3706364632 0.6978529096 -0.6300668120 -0.3406128287
-149.0 29.9 2130.6 -0.8179163337 0.5023695827 -0.2804240584 0.5617761612 0.5921491385 -0.5777257085 -0.1241789460 -0.6300668120 -0.7665476799
-34.7 171.4 2567.5 -0.2167894244 0.8845614195 -0.4129811823 -0.9342613816 -0.0653023273 0.3505584896 0.2831218839 0.4618297517 0.8405684233
-87.1 -54.5 2636.0 0.1532215178 0.8845614195 -0.4405386150 -0.8945170045 -0.0653023273 -0.4422385693 -0.4199553430 0.4618297517 0.7812495232
-241.3 -146.5 2333.9 0.5264266729 0.0185545981 -0.8500180244 -0.0022006112 0.9997882247 0.0204609856 0.8502177000 -0.0089006498 0.5263560414
-248.5 -534.5 2337.4 0.5255324244 0.1736188233 -0.8328698277 -0.0072876471 0.9798386693 0.1996572912 0.8507423997 -0.0988567173 0.5162022710
-175.3 -182.2 2496.6 0.5319218040 -0.0051621962 -0.8467777371 -0.0572019108 0.9974782467 -0.0420135334 0.8448592424 0.0707852244 0.5302851796
-173.3 -569.4 2469.1 0.5292652845 -0.0531136580 -0.8467922807 0.0453528799 0.9983828664 -0.0342753008 0.8472433686 -0.0202637427 0.5308182240
75.4 -124.2 2164.7 0 0 0 0 0 0 0 0 0
-46.6 -291.2 2524.9 0 0 0 0 0 0 0 0 0
-313.3 -899.8 2374.2 0 0 0 0 0 0 0 0 0
-158.3 -850.1 2474.8 0 0 0 0 0 0 0 0 0
-21.4 383.5 2462.2 28 0.3837938905 0.3322850764 -0.8615618944 -0.2299885601 0.9380083680 0.2593173981 0.8943195939 0.0986249372 0.4364236593
-87.2 197.7 2442.7 0.3837938905 0.3322850764 -0.8615618944 -0.2299885601 0.9380083680 0.2593173981 0.8943195939 0.0986249372 0.4364236593
-147.6 13.8 2428.7 0.3947345912 0.3109513223 -0.8645772934 -0.1979152709 0.9476763606 0.2504775524 0.8972257972 0.0722408891 0.4356226623
-141.1 224.8 2320.1 -0.0177338086 0.5579060316 -0.8297146559 0.7300812602 0.5742070079 0.3704965413 0.6831302047 -0.5991888046 -0.4174996018
-136.3 26.3 2134.5 -0.7935978174 0.5579060316 -0.2427825332 0.5803408027 0.5742070079 -0.5774866939 -0.1827758551 -0.5991888046 -0.7794650793
-33.3 170.7 2565.3 -0.2143786103 0.8887636662 -0.4051431715 -0.9341115952 -0.0653357655 0.3509512246 0.2854423523 0.4536853731 0.8442110419
-85.1 -55.2 2634.3 0.1491670907 0.8887636662 -0.4334147573 -0.8946827054 -0.0653357655 -0.4418983459 -0.4210606515 0.4536853731 0.7854154706
-242.4 -151.7 2334.5 0.5341854692 0.0173808411 -0.8451886177 -0.0048819939 0.9998353720 0.0174754970 0.8453531861 -0.0052089505 0.5341823697
-249.2 -539.8 2336.5 0.5332156420 0.1698137075 -0.8287607431 -0.0105354162 0.9809035063 0.1942095011 0.8459137678 -0.0948242098 0.5248221755
-173.2 -187.2 2495.9 0.5396798849 -0.0001867451 -0.8418702483 -0.0614191815 0.9973264337 -0.0395939201 0.8396268487 0.0730750263 0.5382255912
-173.1 -574.4 2467.5 0.5370689034 -0.0534757487 -0.8418416381 0.0505818427 0.9982343316 -0.0311405268 0.8420204520 -0.0258572903 0.5388255119
81.6 -133.1 2184.7 0 0 0 0 0 0 0 0 0
-45.7 -291.9 2522.9 0 0 0 0 0 0 0 0 0
-312.5 -905.7 2371.9 0 0 0 0 0 0 0 0 0
-158.2 -852.9 2474.7 0 0 0 0 0 0 0 0 0
-21.8 381.1 2462.1 29 0.3836384714 0.3343833685 -0.8608189821 -0.2375067919 0.9365140200 0.2579380572 0.8924192190 0.1054953933 0.4387011230
-88.0 195.8 2441.2 0.3836384714 0.3343833685 -0.8608189821 -0.2375067919 0.9365140200 0.2579380572 0.8924192190 0.1054953933 0.4387011230
-148.4 12.0 2426.0 0.3951003253 0.3112773895 -0.8642928600 -0.2040691078 0.9470739961 0.2478036731 0.8956849575 0.0784681663 0.4377113283
-142.0 223.7 2318.9 -0.0451052971 0.5719720125 -0.8190320730 0.7419077158 0.5682151318 0.3559557796 0.6689831614 -0.5915907025 -0.4499799907
-129.9 24.2 2139.0 -0.7857493758 0.5719720125 -0.2354696095 0.5865703225 0.5682151318 -0.5771194100 -0.1962987930 -0.5915907025 -0.7819764614
-34.0 167.9 2563.6 -0.2145468295 0.8889535666 -0.4046370983 -0.9359347224 -0.0686578453 0.3454161286 0.2792773843 0.4528218508 0.8467328548
-85.9 -58.4 2631.1 0.1487067044 0.8889535666 -0.4331833720 -0.8918641806 -0.0686578453 -0.4470619857 -0.4271588027 0.4528218508 0.7826159596
-243.3 -152.5 2334.3 0.5347200632 0.0194692370 -0.8448049426 -0.0035145963 0.9997771382 0.0208161343 0.8450219631 -0.0081616566 0.5346693397
-250.8 -540.6 2337.5 0.5324099064 0.1667564958 -0.8298987746 -0.0174405742 0.9823566675 0.1862020046 0.8463069797 -0.0846618861 0.5259247422
-172.6 -187.9 2495.0 0.5400151014 -0.0031992935 -0.8416492343 -0.0376559235 0.9988995790 -0.0279576574 0.8408125043 0.0467906371 0.5393004417
-171.3 -575.6 2476.9 0.5383165479 -0.0448927768 -0.8415461183 0.0203922410 0.9989816546 -0.0402468480 0.8424959779 0.0045045335 0.5386838317
87.0 -137.7 2193.2 0 0 0 0 0 0 0 0 0
-46.6 -294.4 2518.1 0 0 0 0 0 0 0 0 0
-313.1 -907.2 2369.0 0 0 0 0 0 0 0 0 0
-158.9 -853.0 2475.6 0 0 0 0 0 0 0 0 0
-22.3 378.0 2462.0 30 0.3830376267 0.3326318264 -0.8617646098 -0.2404026687 0.9366645813 0.2546880841 0.8919017315 0.1096154079 0.4387433529
-87.9 193.2 2440.4 0.3830376267 0.3326318264 -0.8617646098 -0.2404026687 0.9366645813 0.2546880841 0.8919017315 0.1096154079 0.4387433529
-148.0 9.3 2425.1 0.3954628110 0.3096320033 -0.8647179604 -0.2039504945 0.9475634694 0.2460237443 0.8955519795 0.0790664181 0.4378757179
-141.9 221.1 2318.1 -0.0869868994 0.5994733572 -0.7956538200 0.7456181049 0.5688514113 0.3470759094 0.6606715918 -0.5630627871 -0.4964608252
-118.5 20.7 2140.5 -0.7733280659 0.5994733572 -0.2063864172 0.5930429697 0.5688514113 -0.5698316097 -0.2241956890 -0.5630627871 -0.7954222560
-33.8 165.3 2562.8 -0.2129194587 0.8890779614 -0.4052230120 -0.9364787340 -0.0673976392 0.3441877067 0.2786986232 0.4527669847 0.8469528556
-85.3 -61.2 2630.2 0.1502572447 0.8890779614 -0.4323923588 -0.8913284540 -0.0673976392 -0.4483203888 -0.4277340174 0.4527669847 0.7823334932
-244.3 -153.6 2330.5 0.5348751545 0.0148857236 -0.8447999358 0.0055695516 0.9997609854 0.0211424958 0.8449127078 -0.0160137527 0.5346643925
-250.0 -541.7 2336.7 0.5324962139 0.1676955372 -0.8296540976 -0.0086792642 0.9812079072 0.1927580684 0.8463878632 -0.0954421610 0.5239450336
-173.5 -190.1 2491.0 0.5401222110 -0.0066338344 -0.8415604234 -0.0432100259 0.9984314442 -0.0356030576 0.8404765725 0.0555938520 0.5389883518
-170.9 -577.7 2469.4 0.5381413698 -0.0462657772 -0.8415838480 0.0464744158 0.9986020923 -0.0251802541 0.8415723443 -0.0255615804 0.5395392776
96.7 -144.3 2202.9 0 0 0 0 0 0 0 0 0
-45.6 -297.0 2517.0 0 0 0 0 0 0 0 0 0
-312.6 -907.9 2372.4 0 0 0 0 0 0 0 0 0
-157.9 -857.5 2476.6 0 0 0 0 0 0 0 0 0
-21.4 378.1 2453.0 31 0.3935031891 0.3338807821 -0.8565505743 -0.2309389114 0.9377424121 0.2594347298 0.8898440599 0.0957224518 0.4461106956
-87.1 193.4 2434.2 0.3935031891 0.3338807821 -0.8565505743 -0.2309389114 0.9377424121 0.2594347298 0.8898440599 0.0957224518 0.4461106956
-147.7 9.5 2421.3 0.4054910839 0.3119605780 -0.8592191935 -0.1959404945 0.9477778077 0.2516438067 0.8928517699 0.0663165152 0.4454411566
-142.5 220.2 2312.2 -0.1331731528 0.6207859516 -0.7725863457 0.7611283064 0.5633390546 0.3214541674 0.6347823143 -0.5452283025 -0.5475194454
-107.1 17.7 2143.3 -0.7593129277 0.6207859516 -0.1951118857 0.6051205993 0.5633390546 -0.5625639558 -0.2393176556 -0.5452283025 -0.8034009933
-31.7 166.7 2556.1 -0.2110449672 0.8941526413 -0.3949064314 -0.9334093332 -0.0644136220 0.3529842198 0.2901844382 0.4431048930 0.8482046127
-82.8 -59.1 2626.3 0.1439947933 0.8941526413 -0.4239770770 -0.8956651092 -0.0644136220 -0.4400396347 -0.4207725227 0.4431048930 0.7915861011
-243.5 -156.4 2329.5 0.5444843769 0.0193188265 -0.8385484815 0.0049359603 0.9996436238 0.0262352098 0.8387564421 -0.0184237044 0.5441949964
-251.0 -544.5 2336.6 0.5434414148 0.1612698883 -0.8238103390 -0.0014828955 0.9815554619 0.1911720037 0.8394458294 -0.1026691496 0.5336570144
-172.7 -192.9 2490.0 0.5497621894 -0.0019565078 -0.8353189230 -0.0407964848 0.9987410307 -0.0291893408 0.8343244195 0.0501252748 0.5489901900
-171.9 -580.6 2470.5 0.5470696688 -0.0548149757 -0.8352904320 0.0459379479 0.9983159304 -0.0354264863 0.8358256221 -0.0189907718 0.5486664176
105.2 -151.5 2210.2 0 0 0 0 0 0 0 0 0
-44.7 -296.0 2515.0 0 0 0 0 0 0 0 0 0
-311.2 -910.8 2375.0 0 0 0 0 0 0 0 0 0
-156.6 -858.7 2475.8 0 0 0 0 0 0 0 0 0
-23.0 380.3 2449.0 32 0.3973270059 0.3269467056 -0.8574596643 -0.2203805894 0.9410318732 0.2566932440 0.8908218741 0.0869763121 0.4459500909
-87.5 194.7 2431.8 0.3973270059 0.3269467056 -0.8574596643 -0.2203805894 0.9410318732 0.2566932440 0.8908218741 0.0869763121 0.4459500909
-147.1 10.2 2420.7 0.4088782072 0.3069193661 -0.8594295382 -0.1859193295 0.9500132203 0.2508164942 0.8934498429 0.0572311617 0.4455019534
-143.4 220.1 2309.8 -0.1628069133 0.6084501147 -0.7767125368 0.7664306164 0.5737419128 0.2887980938 0.6213517785 -0.5482779741 -0.5597439408
-100.3 17.1 2145.3 -0.7697447538 0.6084501147 -0.1930841655 0.5947656035 0.5737419128 -0.5630933046 -0.2318337113 -0.5482779741 -0.8035200238
-31.7 169.2 2553.9 -0.2051903158 0.8956321478 -0.3946390152 -0.9319725037 -0.0556708202 0.3582290113 0.2988715470 0.4412978292 0.8461276293
-81.3 -56.2 2626.2 0.1478231847 0.8956321478 -0.4195131958 -0.8984887004 -0.0556708202 -0.4354524016 -0.4133598208 0.4412978292 0.7964859605
-244.6 -156.9 2328.4 0.5465252995 0.0197224189 -0.8372103572 0.0092977611 0.9995180964 0.0296154693 0.8373909593 -0.0239697844 0.5460785627
-252.2 -545.0 2337.7 0.5455562472 0.1561937183 -0.8233904839 0.0031374060 0.9820917249 0.1883774251 0.8380683064 -0.1053537950 0.5352962017
-171.9 -192.1 2488.4 0.5521420240 -0.0042007216 -0.8337394595 -0.0304710735 0.9992175698 -0.0252138674 0.8331930637 0.0393265747 0.5515820384
-170.3 -579.9 2473.1 0.5500291586 -0.0515228547 -0.8335546255 0.0301842596 0.9986694455 -0.0418113880 0.8345997930 -0.0021627441 0.5508525372
115.9 -149.9 2210.4 0 0 0 0 0 0 0 0 0
-42.2 -293.9 2516.8 0 0 0 0 0 0 0 0 0
-310.5 -911.6 2377.1 0 0 0 0 0 0 0 0 0
-155.9 -858.5 2473.7 0 0 0 0 0 0 0 0 0
-23.1 377.0 2439.0 33 0.4018876851 0.3331118524 -0.8529494405 -0.2161759138 0.9396690130 0.2651228905 0.8898057342 0.0778375044 0.4496521652
-88.7 191.9 2423.6 0.4018876851 0.3331118524 -0.8529494405 -0.2161759138 0.9396690130 0.2651228905 0.8898057342 0.0778375044 0.4496521652
-148.0 7.2 2415.0 0.4156745672 0.3054049611 -0.8567044139 -0.1753486991 0.9511756897 0.2540033460 0.8924502730 0.0446392745 0.4489319026
-145.5 215.8 2301.7 -0.2214886844 0.6018025875 -0.7673176527 0.7681093812 0.5924450755 0.2429338247 0.6007917523 -0.5355768204 -0.5934700966
-88.2 17.2 2146.4 -0.7762863040 0.6018025875 -0.1876519322 0.5914946795 0.5924450755 -0.5469395518 -0.2179761678 -0.5355768204 -0.8158699870
-31.9 167.9 2545.6 -0.2011400908 0.8988910317 -0.3892782331 -0.9290501475 -0.0490913652 0.3666822910 0.3104972243 0.4354135096 0.8449890614
-80.6 -56.8 2620.7 0.1466775090 0.8988910317 -0.4128929675 -0.9026626945 -0.0490913652 -0.4275396168 -0.4045810103 0.4354135096 0.8041948080
-243.3 -157.5 2329.6 0.5521551371 0.0223887991 -0.8334407210 0.0012373599 0.9996162653 0.0276725423 0.8337404728 -0.0163108036 0.5519155860
-252.0 -545.6 2335.9 0.5533180237 0.1704413593 -0.8153458834 0.0078360355 0.9777333140 0.2097048908 0.8329332471 -0.1224225760 0.5396618843
-170.0 -190.8 2489.6 0.5582205057 -0.0053167618 -0.8296756148 -0.0262795482 0.9993644357 -0.0240855161 0.8292763829 0.0352485292 0.5577259660
-168.0 -578.8 2476.0 0.5568679571 -0.0449204259 -0.8293854594 0.0137491953 0.9988982081 -0.0448699072 0.8304872513 0.0135832289 0.5568720102
129.9 -149.0 2207.6 0 0 0 0 0 0 0 0 0
-41.8 -295.6 2513.6 0 0 0 0 0 0 0 0 0
-315.6 -910.5 2381.6 0 0 0 0 0 0 0 0 0
-155.6 -854.3 2472.2 0 0 0 0 0 0 0 0 0
-25.4 373.6 2441.5 34 0.3690656126 0.3242999315 -0.8709880114 -0.1994756758 0.9429477453 0.2665688694 0.9077444673 0.0753595158 0.4126995504
-89.3 187.8 2426.6 0.3690656126 0.3242999315 -0.8709880114 -0.1994756758 0.9429477453 0.2665688694 0.9077444673 0.0753595158 0.4126995504
-147.7 2.9 2418.4 0.3817509115 0.3008178771 -0.8739421368 -0.1610071957 0.9527400136 0.2576104105 0.9101334810 0.0423679762 0.4121432006
-141.4 209.8 2302.4 -0.2348150313 0.5825080872 -0.7781684995 0.7543423772 0.6140959859 0.2320640683 0.6130493283 -0.5325133204 -0.5836095214
-81.1 16.2 2145.0 -0.7940673232 0.5825080872 -0.1736127734 0.5698661208 0.6140959859 -0.5460208058 -0.2114466578 -0.5325133204 -0.8195852041
-37.2 165.8 2550.9 -0.2104058266 0.8817070127 -0.4222820103 -0.9251524806 -0.0399823152 0.3774842024 0.3159466386 0.4701001346 0.8241259456
-88.1 -57.9 2627.3 0.1642161757 0.8817070127 -0.4422959983 -0.9080905914 -0.0399823152 -0.4168607593 -0.3852330744 0.4701001346 0.7941040993
-244.5 -161.7 2326.4 0.5197996497 0.0210544430 -0.8540287018 0.0111856200 0.9994428158 0.0314474143 0.8542149663 -0.0258991960 0.5192745328
-252.7 -549.7 2336.4 0.5213246346 0.1652660370 -0.8372023702 0.0200869385 0.9784193039 0.2056507468 0.8531219959 -0.1240276322 0.5067543983
-170.0 -193.1 2486.3 0.5262588263 0.0002615031 -0.8503243923 -0.0273341723 0.9994883537 -0.0166095197 0.8498849869 0.0319838189 0.5259967446
-170.1 -581.1 2473.8 0.5240841508 -0.0531095602 -0.8500089049 0.0296123475 0.9985865951 -0.0441349894 0.8511515260 -0.0020403122 0.5249161124
142.8 -144.5 2204.6 0 0 0 0 0 0 0 0 0
-44.6 -298.1 2525.4 0 0 0 0 0 0 0 0 0
-314.4 -914.9 2382.7 0 0 0 0 0 0 0 0 0
-155.4 -857.3 2474.4 0 0 0 0 0 0 0 0 0
-25.1 374.3 2442.7 35 0.3488214314 0.3230209947 -0.8797619343 -0.1928128004 0.9433776736 0.2699293196 0.9171405435 0.0754722208 0.3913529217
-88.8 188.2 2427.8 0.3488214314 0.3230209947 -0.8797619343 -0.1928128004 0.9433776736 0.2699293196 0.9171405435 0.0754722208 0.3913529217
-147.7 3.5 2419.6 0.3609255850 0.3036190867 -0.8817869425 -0.1562047601 0.9518440366 0.2638049126 0.9194198251 0.0425253734 0.3909716308
-138.1 209.6 2302.3 -0.2675783932 0.5896573663 -0.7620406747 0.7453655601 0.6278588176 0.2241059989 0.6105996966 -0.5080329180 -0.6075117588
-68.5 15.7 2143.5 -0.7883527279 0.5896573663 -0.1755110770 0.5841302872 0.6278588176 -0.5143783689 -0.1931108236 -0.5080329180 -0.8394109607
-39.5 166.9 2553.4 -0.2210016102 0.8709645867 -0.4388382435 -0.9221483469 -0.0401320942 0.3847491145 0.3174913526 0.4897041321 0.8120277524
-93.0 -56.1 2630.2 0.1690809578 0.8709645867 -0.4613375664 -0.9113091826 -0.0401320942 -0.4097621143 -0.3754027486 0.4897041321 0.7869324088
-240.3 -167.6 2328.7 0.5002965927 0.0421700999 -0.8648265600 -0.0016155085 0.9988570213 0.0477710441 0.8658525944 -0.0225025564 0.4997929037
-256.6 -555.3 2337.5 0.5056312084 0.1506898254 -0.8494879007 0.0312737636 0.9807800055 0.1925943345 0.8621827364 -0.1239483804 0.4912002981
-171.9 -196.5 2491.7 0.5072695613 -0.0120297708 -0.8617034554 -0.0253954474 0.9992596507 -0.0288999695 0.8614131808 0.0365434214 0.5065885186
-167.2 -584.4 2477.5 0.5063099861 -0.0347499587 -0.8616511226 0.0128994118 0.9993811846 -0.0327247903 0.8622550368 0.0054540969 0.5064449310
153.5 -148.8 2197.9 0 0 0 0 0 0 0 0 0
-48.3 -297.2 2530.9 0 0 0 0 0 0 0 0 0
-312.9 -921.4 2383.7 0 0 0 0 0 0 0 0 0
-157.7 -857.7 2476.0 0 0 0 0 0 0 0 0 0
-23.6 377.3 2442.8 36 0.3330449164 0.3280656338 -0.8839988708 -0.1858906001 0.9419658780 0.2795441747 0.9244056344 0.0712263137 0.3747012913
-88.3 191.6 2428.8 0.3330449164 0.3280656338 -0.8839988708 -0.1858906001 0.9419658780 0.2795441747 0.9244056344 0.0712263137 0.3747012913
-148.5 7.2 2421.7 0.3456949890 0.3104989231 -0.8854859471 -0.1484128088 0.9498802423 0.2751384377 0.9265357852 0.0363034755 0.3744508624
-135.5 211.8 2302.3 -0.2855689526 0.5871211886 -0.7574556470 0.7408571839 0.6366115212 0.2141410112 0.6079317331 -0.5000144243 -0.6167694330
-59.6 15.0 2140.7 -0.7881984115 0.5871211886 -0.1844775081 0.5903426409 0.6366115212 -0.4962068796 -0.1738930643 -0.5000144243 -0.8483788967
-41.1 171.3 2555.3 -0.2331364006 0.8631073236 -0.4479879439 -0.9166747332 -0.0412892364 0.3974955082 0.3245842159 0.5033298731 0.8008146882
-97.4 -50.4 2633.8 0.1675192118 0.8631073236 -0.4764274061 -0.9168168902 -0.0412892364 -0.3971675038 -0.3624694943 0.5033298731 0.7843946218
-239.0 -167.3 2329.0 0.4867292047 0.0457842685 -0.8723523021 -0.0029589932 0.9987062812 0.0507648215 0.8735479116 -0.0221274365 0.4862349629
-256.8 -555.0 2337.6 0.4919220209 0.1490804106 -0.8577806950 0.0294880047 0.9818127751 0.1875477582 0.8701397777 -0.1175531149 0.4785792232
-174.4 -195.3 2493.7 0.4940776825 -0.0187551770 -0.8692154288 -0.0314481370 0.9987275004 -0.0394253656 0.8688488007 0.0468144007 0.4928591549
-167.1 -583.0 2475.5 0.4929940999 -0.0338369198 -0.8693743944 0.0194838345 0.9994221926 -0.0278498568 0.8698144555 -0.0032089315 0.4933685362
162.1 -151.0 2189.6 0 0 0 0 0 0 0 0 0
-53.1 -292.9 2538.0 0 0 0 0 0 0 0 0 0
-312.4 -921.5 2381.5 0 0 0 0 0 0 0 0 0
-157.8 -857.3 2476.4 0 0 0 0 0 0 0 0 0
-23.1 382.2 2444.4 37 0.3137566447 0.3303170204 -0.8901951909 -0.1790143698 0.9413030148 0.2861860693 0.9324755073 0.0695649534 0.3544715643
-88.4 196.1 2430.7 0.3137566447 0.3303170204 -0.8901951909 -0.1790143698 0.9413030148 0.2861860693 0.9324755073 0.0695649534 0.3544715643
-149.2 11.9 2424.2 0.3268947899 0.3131810427 -0.8916599154 -0.1404180825 0.9491178989 0.2818830013 0.9345707893 0.0330590829 0.3542379737
-133.0 215.3 2303.0 -0.2863849998 0.5592281222 -0.7779765725 0.7329208255 0.6508491635 0.1980466247 0.6170986295 -0.5134776235 -0.5962634087
-55.8 17.6 2136.6 -0.8024914861 0.5592281222 -0.2080175579 0.5804142356 0.6508491635 -0.4894024134 -0.1382995546 -0.5134776235 -0.8468848467
-43.8 176.9 2558.3 -0.2428044677 0.8529009223 -0.4621753097 -0.9126039743 -0.0392782241 0.4069535732 0.3289376497 0.5205931664 0.7878977060
-102.5 -43.8 2637.8 0.1712663025 0.8529009223 -0.4931813776 -0.9209324121 -0.0392782241 -0.3877379298 -0.3500733376 0.5205931664 0.7787370682
-239.8 -163.9 2331.7 0.4687741399 0.0398949683 -0.8824166656 -0.0114837987 0.9991703629 0.0390728824 0.8832433820 -0.0081828618 0.4688434005
-255.3 -551.7 2334.9 0.4757166505 0.1442113966 -0.8676962256 0.0326076783 0.9828990102 0.1812353730 0.8789939880 -0.1145102456 0.4628790021
-177.9 -190.4 2497.7 0.4772592783 -0.0326317325 -0.8781564236 -0.0431299843 0.9972361326 -0.0604968853 0.8777034879 0.0667475760 0.4745327830
-165.2 -577.5 2471.8 0.4765629470 -0.0265164524 -0.8787403703 0.0255031884 0.9995413423 -0.0163306668 0.8787703514 -0.0146280909 0.4770206213
170.5 -146.1 2175.6 0 0 0 0 0 0 0 0 0
-57.2 -287.4 2545.2 0 0 0 0 0 0 0 0 0
-309.1 -918.6 2377.6 0 0 0 0 0 0 0 0 0
-157.8 -855.5 2475.8 0 0 0 0 0 0 0 0 0
-22.3 383.5 2445.2 38 0.3176332712 0.3330397308 -0.8878027201 -0.1780714989 0.9405821562 0.2891293168 0.9313428998 0.0662552640 0.3580650687
-88.2 197.6 2432.1 0.3176332712 0.3330397308 -0.8878027201 -0.1780714989 0.9405821562 0.2891293168 0.9313428998 0.0662552640 0.3580650687
-149.4 13.5 2425.7 0.3300690055 0.3151550591 -0.8897930980 -0.1418295652 0.9484773278 0.2833286822 0.9332410097 0.0326809622 0.3577612638
-133.3 217.0 2304.6 -0.2803171873 0.5340119004 -0.7976550460 0.7175199389 0.6685598493 0.1954299957 0.6376420856 -0.5175510049 -0.5705729723
-56.7 21.1 2130.5 -0.8138841987 0.5340119004 -0.2289625555 0.5722634792 0.6685598493 -0.4749129117 -0.1005339772 -0.5175510049 -0.8497257829
-43.1 178.3 2559.6 -0.2433200032 0.8547506332 -0.4584721625 -0.9123799801 -0.0412799418 0.4072575569 0.3291779459 0.5173947215 0.7899016142
-101.9 -42.4 2639.2 0.1682831496 0.8547506332 -0.4910011590 -0.9209445119 -0.0412799418 -0.3875011504 -0.3514853418 0.5173947215 0.7802311778
-239.3 -159.8 2334.1 0.4720124602 0.0475691222 -0.8803075552 -0.0130640529 0.9988109469 0.0469678640 0.8814950585 -0.0106690312 0.4720726609
-257.8 -547.5 2338.2 0.4763187170 0.1293785423 -0.8697020411 0.0180125013 0.9874719381 0.1567633152 0.8790881634 -0.0903348103 0.4680209458
-180.7 -184.9 2501.5 0.4806338549 -0.0427924655 -0.8758766651 -0.0508188382 0.9957708716 -0.0765367374 0.8754476309 0.0812971815 0.4764265120
-164.1 -571.4 2469.9 0.4807551205 -0.0169226509 -0.8766915798 0.0260821264 0.9996473193 -0.0049932799 0.8764669299 -0.0204654373 0.4810269475
172.0 -139.7 2158.8 0 0 0 0 0 0 0 0 0
-57.4 -286.0 2546.2 0 0 0 0 0 0 0 0 0
-306.0 -916.0 2372.0 0 0 0 0 0 0 0 0 0
-159.3 -855.5 2475.8 0 0 0 0 0 0 0 0 0
-22.8 378.3 2436.6 39 0.3388784230 0.3391784728 -0.8775644898 -0.1757735610 0.9391566515 0.2951074839 0.9242646098 0.0542470738 0.3778785169
-89.6 193.1 2425.9 0.3388784230 0.3391784728 -0.8775644898 -0.1757735610 0.9391566515 0.2951074839 0.9242646098 0.0542470738 0.3778785169
-151.8 9.3 2421.7 0.3514440358 0.3202542067 -0.8797296882 -0.1398308277 0.9470881820 0.2889140546 0.9257075191 0.0214762148 0.3776298761
-137.6 212.2 2299.5 -0.2935282290 0.5430324078 -0.7867382169 0.6999925375 0.6825832725 0.2099774033 0.6510388851 -0.4890765846 -0.5804761052
-58.7 24.0 2124.4 -0.8049262166 0.5430324078 -0.2391854078 0.5890348554 0.6825832725 -0.4325713813 -0.0716362894 -0.4890765846 -0.8692941666
-41.6 174.0 2552.3 -0.2395613045 0.8665918708 -0.4377543628 -0.9099797010 -0.0432376340 0.4123923481 0.3384484053 0.4971408248 0.7989391088
-99.6 -46.1 2634.2 0.1556730717 0.8665918708 -0.4741143286 -0.9230985641 -0.0432376340 -0.3821250796 -0.3516460955 0.4971408248 0.7932187915
-240.1 -157.9 2335.8 0.4921683371 0.0379288495 -0.8696733713 -0.0241657365 0.9992606044 0.0299045537 0.8701645732 0.0062982240 0.4927209914
-254.8 -545.7 2333.4 0.5011537671 0.1464364827 -0.8528782129 0.0308626294 0.9819266200 0.1867286563 0.8648077250 -0.1199018434 0.4875768423
-181.0 -183.3 2503.0 0.5013896823 -0.0374250188 -0.8644118309 -0.0598061569 0.9951754212 -0.0777761787 0.8631521463 0.0906933174 0.4967324138
-166.4 -569.6 2467.8 0.5017335415 -0.0202922896 -0.8647841811 0.0353826322 0.9993695617 -0.0029219340 0.8642982841 -0.0291323084 0.5021352172
166.9 -141.0 2144.5 0 0 0 0 0 0 0 0 0
-58.4 -290.3 2541.1 0 0 0 0 0 0 0 0 0
-309.4 -912.0 2378.1 0 0 0 0 0 0 0 0 0
-160.6 -855.0 2476.1 0 0 0 0 0 0 0 0 0
-22.3 377.9 2441.3 40 0.3182314336 0.3375401795 -0.8858867884 -0.1829420626 0.9387676716 0.2919717133 0.9301940203 0.0691513792 0.3604956865
-89.2 192.0 2427.6 0.3182314336 0.3375401795 -0.8858867884 -0.1829420626 0.9387676716 0.2919717133 0.9301940203 0.0691513792 0.3604956865
-150.8 8.1 2421.2 0.3318587542 0.3175452948 -0.8882762790 -0.1436998397 0.9476674795 0.2850907147 0.9323197603 0.0330353118 0.3601229489
-134.5 211.7 2300.3 -0.2562287152 0.5387769341 -0.8025373816 0.6835083365 0.6880607605 0.2436980754 0.6834934354 -0.4860985279 -0.5445594192
-65.5 27.8 2116.4 -0.8030191660 0.5387769341 -0.2547148764 0.5939034224 0.6880607605 -0.4169545472 -0.0493861698 -0.4860985279 -0.8725074530
-43.8 172.4 2554.9 -0.2446131855 0.8558409810 -0.4557418227 -0.9122015238 -0.0437803827 0.4073961675 0.3287138045 0.5153828263 0.7914087176
-103.0 -48.2 2634.4 0.1653338224 0.8558409810 -0.4901029766 -0.9209810495 -0.0437803827 -0.3871397972 -0.3527869880 0.5153828263 0.7809749246
-245.4 -162.0 2334.7 0.4738459587 0.0182745624 -0.8804181218 -0.0136314332 0.9998170733 0.0134163760 0.8805022240 0.0056440653 0.4740083814
-252.5 -550.1 2332.5 0.4854240119 0.1681811363 -0.8579502702 0.0479616523 0.9747229815 0.2182081640 0.8729622960 -0.1470721960 0.4650876820
-182.5 -187.1 2500.5 0.4829879403 -0.0368701443 -0.8748503923 -0.0646162033 0.9948882461 -0.0776024386 0.8732395768 0.0940105543 0.4781366289
-168.1 -573.3 2464.0 0.4830692708 -0.0282385983 -0.8751266599 0.0549034625 0.9984898567 -0.0019126121 0.8738591075 -0.0471235588 0.4838901460
158.0 -137.6 2130.1 0 0 0 0 0 0 0 0 0
-59.3 -291.9 2541.1 0 0 0 0 0 0 0 0 0
-315.2 -913.6 2387.3 0 0 0 0 0 0 0 0 0
-160.2 -852.4 2477.1 0 0 0 0 0 0 0 0 0
-19.3 380.0 2443.1 41 0.3084496856 0.3466024995 -0.8858473301 -0.1857089549 0.9352769256 0.3012793064 0.9329367280 0.0715802908 0.3528530598
-87.9 194.7 2428.9 0.3084496856 0.3466024995 -0.8858473301 -0.1857089549 0.9352769256 0.3012793064 0.9329367280 0.0715802908 0.3528530598
-151.0 11.2 2422.2 0.3229370713 0.3249062896 -0.8889024258 -0.1451405585 0.9451172948 0.2927242517 0.9352250099 0.0344842821 0.3523705006
-132.1 214.5 2301.2 -0.2396229059 0.5555484295 -0.7962077856 0.6792445779 0.6818989515 0.2713679969 0.6936913133 -0.4757938385 -0.5407518744
-66.3 28.1 2110.8 -0.7816815376 0.5555484295 -0.2834430039 0.6233792305 0.6818989515 -0.3826383650 -0.0192946475 -0.4757938385 -0.8793451786
-43.8 174.8 2556.7 -0.2547611594 0.8511574864 -0.4589419067 -0.9097400904 -0.0500662029 0.4121484756 0.3278257847 0.5225172639 0.7870870233
-105.5 -45.2 2636.0 0.1608005017 0.8511574864 -0.4996740222 -0.9227128029 -0.0500662029 -0.3822230101 -0.3503487706 0.5225172639 0.7773232460
-242.1 -163.0 2331.3 0.4664999843 0.0270650070 -0.8841070533 -0.0123854000 0.9996336102 0.0240664333 0.8844345212 -0.0002769710 0.4666642845
-252.6 -551.0 2331.4 0.4760899544 0.1622427851 -0.8643006682 0.0411665514 0.9776445031 0.2061953247 0.8784325123 -0.1337478012 0.4587677717
-182.7 -188.7 2498.3 0.4747849703 -0.0351128131 -0.8794011474 -0.0550347231 0.9960638285 -0.0694839507 0.8783794045 0.0813875347 0.4709837139
-169.0 -575.4 2466.7 0.4733188450 -0.0382359326 -0.8800609708 0.0433755293 0.9988572598 -0.0200688168 0.8798226118 -0.0286741592 0.4744364619
150.6 -144.9 2116.2 0 0 0 0 0 0 0 0 0
-62.9 -289.3 2543.3 0 0 0 0 0 0 0 0 0
-313.1 -915.7 2381.3 0 0 0 0 0 0 0 0 0
-158.4 -851.7 2474.6 0 0 0 0 0 0 0 0 0
-22.3 377.2 2436.5 42 0.3388198912 0.3405965865 -0.8770376444 -0.1798090339 0.9384339452 0.2949754000 0.9235094786 0.0577557608 0.3792024255
-89.3 192.7 2425.2 0.3388198912 0.3405965865 -0.8770376444 -0.1798090339 0.9384339452 0.2949754000 0.9235094786 0.0577557608 0.3792024255
-151.4 8.8 2420.3 0.3515847623 0.3199055195 -0.8798003197 -0.1433688849 0.9471142888 0.2870887220 0.9251127243 0.0251999702 0.3788554370
-137.3 212.3 2298.9 -0.2300265729 0.4885538816 -0.8416666985 0.6708912253 0.7061128020 0.2265164405 0.7049771547 -0.5125619769 -0.4901912212
-76.2 34.0 2111.6 -0.8132792115 0.4885538816 -0.3160570562 0.5813087821 0.7061128020 -0.4043325782 0.0256336685 -0.5125619769 -0.8582674861
-41.3 173.1 2551.5 -0.2391646951 0.8666592240 -0.4378378689 -0.9114610553 -0.0449388698 0.4089244604 0.3347222209 0.4968724847 0.8006739616
-99.1 -47.3 2632.5 0.1559490412 0.8666592240 -0.4739004672 -0.9216262698 -0.0449388698 -0.3854678869 -0.3553658724 0.4968724847 0.7917277813
-243.0 -159.3 2331.8 0.4929175973 0.0258212928 -0.8696927428 -0.0021120235 0.9995921254 0.0284809861 0.8700734377 -0.0122019676 0.4927710891
-253.0 -547.3 2336.5 0.4933997393 0.1546259671 -0.8559483290 0.0009410413 0.9839763641 0.1782965213 0.8698021770 -0.0887769386 0.4853481650
-185.1 -185.3 2499.3 0.5010053515 -0.0475600399 -0.8641363978 -0.0499809384 0.9952322841 -0.0837529898 0.8639997244 0.0851510465 0.4962396026
-166.7 -571.6 2466.3 0.4999223351 -0.0348222516 -0.8653699160 0.0421470590 0.9989856482 -0.0158506501 0.8650441170 -0.0285487026 0.5008829236
148.9 -126.8 2104.5 0 0 0 0 0 0 0 0 0
-57.9 -291.1 2538.4 0 0 0 0 0 0 0 0 0
-310.6 -914.1 2369.6 0 0 0 0 0 0 0 0 0
-156.8 -854.9 2474.4 0 0 0 0 0 0 0 0 0
-21.6 375.1 2433.8 43 0.3655029535 0.3402564228 -0.8663908839 -0.1776557714 0.9391822815 0.2938963473 0.9136990905 0.0464993641 0.4037224054
-88.6 190.2 2424.6 0.3655029535 0.3402564228 -0.8663908839 -0.1776557714 0.9391822815 0.2938963473 0.9136990905 0.0464993641 0.4037224054
-150.2 6.1 2421.0 0.3771543503 0.3177250028 -0.8699456453 -0.1442378759 0.9480028152 0.2837007642 0.9148497581 0.0184801314 0.4033713639
-140.1 209.8 2299.7 -0.1860253662 0.4679692984 -0.8639440536 0.6624011397 0.7091569901 0.2414974421 0.7256853580 -0.5273528695 -0.4419046044
-91.0 35.0 2108.2 -0.8204230070 0.4679692984 -0.3284979165 0.5704228282 0.7091569901 -0.4143840373 0.0390376039 -0.5273528695 -0.8487491012
-37.1 170.5 2549.5 -0.2272836119 0.8800437450 -0.4169714153 -0.9128627777 -0.0434167683 0.4059513211 0.3391513824 0.4729037881 0.8132271171
-92.1 -50.3 2631.5 0.1488129497 0.8800437450 -0.4509741664 -0.9204446673 -0.0434167683 -0.3884540498 -0.3614363968 0.4729037881 0.8035706282
-244.9 -162.2 2332.5 0.5165969133 0.0204314850 -0.8559849262 0.0011496824 0.9996978045 0.0245556105 0.8562279344 -0.0136694638 0.5164173245
-252.8 -550.3 2337.8 0.5148077607 0.1515139043 -0.8438107371 -0.0107295979 0.9853205085 0.1703771651 0.8572385311 -0.0786577314 0.5088763237
-182.0 -187.8 2498.2 0.5247665048 -0.0339349099 -0.8505695462 -0.0548794866 0.9957777262 -0.0735866278 0.8494753242 0.0852946118 0.5206884742
-168.8 -574.4 2465.1 0.5234048367 -0.0406021848 -0.8511162400 0.0508141965 0.9985736609 -0.0163877439 0.8505676389 -0.0346713625 0.5247214437
134.7 -121.8 2097.5 0 0 0 0 0 0 0 0 0
-52.7 -293.8 2535.9 0 0 0 0 0 0 0 0 0
-309.4 -917.8 2367.2 0 0 0 0 0 0 0 0 0
-157.5 -852.9 2474.8 0 0 0 0 0 0 0 0 0
-23.8 376.2 2446.9 44 0.3376049697 0.3306155205 -0.8813150525 -0.1937409192 0.9406460524 0.2786566019 0.9211336970 0.0766709447 0.3816205263
-89.4 189.7 2431.7 0.3376049697 0.3306155205 -0.8813150525 -0.1937409192 0.9406460524 0.2786566019 0.9211336970 0.0766709447 0.3816205263
-150.0 5.5 2423.9 0.3508931696 0.3125341237 -0.8827210069 -0.1546975970 0.9490544200 0.2745256424 0.9235489368 0.0402256437 0.3813649714
-137.3 210.8 2305.6 -0.1237340048 0.4157270491 -0.9010332227 0.6547917724 0.7164729238 0.2406539172 0.7456122637 -0.5602120757 -0.3608667254
-104.9 39.4 2110.3 -0.8353751898 0.4157270491 -0.3596099317 0.5443618298 0.7164729238 -0.4362759888 0.0762790367 -0.5602120757 -0.8248296380
-41.5 168.5 2557.7 -0.2325831354 0.8660094142 -0.4426429570 -0.9182827473 -0.0455997624 0.3932904899 0.3204088509 0.4979441464 0.8058472276
-97.7 -53.5 2635.2 0.1638900638 0.8660094142 -0.4724063575 -0.9149385095 -0.0455997624 -0.4010089338 -0.3688191175 0.4979441464 0.7848719954
-245.6 -165.0 2335.5 0.4913794994 0.0214800555 -0.8706806302 -0.0036387912 0.9997377396 0.0226103496 0.8709379435 -0.0079420377 0.4913288057
-254.0 -553.1 2338.6 0.4922468066 0.1503688991 -0.8573694229 0.0019884878 0.9847693443 0.1738544852 0.8704534173 -0.0872841775 0.4844505489
-178.1 -190.8 2499.3 0.4995467663 -0.0224952213 -0.8659948111 -0.0518752560 0.9970920682 -0.0558247268 0.8647323251 0.0728107616 0.4969271421
-169.4 -577.8 2471.0 0.4970064461 -0.0518019907 -0.8661992550 0.0272083487 0.9986560345 -0.0441118442 0.8673201799 -0.0016439814 0.4977479279
124.0 -109.8 2089.4 0 0 0 0 0 0 0 0 0
-54.4 -295.5 2537.7 0 0 0 0 0 0 0 0 0
-310.1 -920.6 2371.1 0 0 0 0 0 0 0 0 0
-155.3 -849.4 2471.5 0 0 0 0 0 0 0 0 0
-24.1 375.2 2445.9 45 0.3609054387 0.3271547258 -0.8733367324 -0.1973501593 0.9420352578 0.2713346779 0.9114823937 0.0744269863 0.4045496881
-88.8 188.9 2431.2 0.3609054387 0.3271547258 -0.8733367324 -0.1973501593 0.9420352578 0.2713346779 0.9114823937 0.0744269863 0.4045496881
-148.5 4.4 2423.0 0.3730117679 0.3081460595 -0.8751618266 -0.1612875462 0.9504128098 0.2658980489 0.9137004614 0.0419696122 0.4042152762
-139.7 211.0 2306.4 -0.0848536640 0.4291424155 -0.8992422819 0.6440776587 0.7122210860 0.2791149020 0.7602393031 -0.5554979444 -0.3368355930
-117.4 41.6 2106.6 -0.8321148157 0.4291424155 -0.3513143361 0.5509502888 0.7122210860 -0.4349654615 0.0635513365 -0.5554979444 -0.8290858269
-37.8 166.9 2555.9 -0.2202334255 0.8775379658 -0.4259393513 -0.9225165248 -0.0454913452 0.3832672238 0.3169550002 0.4773443639 0.8195620179
-91.1 -56.2 2632.6 0.1601776034 0.8775379658 -0.4519626498 -0.9104949832 -0.0454913452 -0.4110102654 -0.3812375069 0.4773443639 0.7917072177
-242.0 -164.9 2333.4 0.5114715099 0.0265952889 -0.8588885665 -0.0059843101 0.9996069670 0.0273889210 0.8592793941 -0.0088687968 0.5114296079
-252.3 -552.9 2336.8 0.5117960572 0.1576824188 -0.8445123434 -0.0039669867 0.9834350944 0.1812171638 0.8590978384 -0.0893960595 0.5039436817
-179.1 -192.6 2498.7 0.5193440318 -0.0269800760 -0.8541392684 -0.0439011119 0.9973393679 -0.0581966825 0.8534368873 0.0677217618 0.5167777538
-168.7 -579.7 2472.4 0.5170032978 -0.0509627983 -0.8544649482 0.0290673561 0.9986956120 -0.0419776179 0.8554897308 -0.0031344709 0.5178102851
109.8 -108.8 2089.3 0 0 0 0 0 0 0 0 0
-48.7 -297.0 2531.7 0 0 0 0 0 0 0 0 0
-311.2 -920.0 2370.2 0 0 0 0 0 0 0 0 0
-154.6 -855.0 2473.3 0 0 0 0 0 0 0 0 0
-26.2 376.6 2438.4 46 0.3890797496 0.3214868605 -0.8632862568 -0.1880678087 0.9451117516 0.2671971619 0.9018023610 0.0583953522 0.4281851649
-89.7 189.9 2426.9 0.3890797496 0.3214868605 -0.8632862568 -0.1880678087 0.9451117516 0.2671971619 0.9018023610 0.0583953522 0.4281851649
-147.9 4.9 2421.0 0.4000028372 0.2999964654 -0.8660253286 -0.1546989083 0.9534544945 0.2588295937 0.9033637047 0.0304406006 0.4277936220
-144.3 211.1 2303.6 -0.0800929368 0.4525415897 -0.8881391883 0.6557059884 0.6950005889 0.2949979603 0.7507561445 -0.5587309599 -0.3523988724
-123.2 37.8 2105.3 -0.8144274354 0.4525415897 -0.3631997406 0.5773119330 0.6950005889 -0.4285850227 0.0584714822 -0.5587309599 -0.8272852302
-35.1 168.8 2550.2 -0.2022944242 0.8909701705 -0.4065084457 -0.9235712886 -0.0355083831 0.3817790449 0.3257192969 0.4526712894 0.8300576210
-84.0 -54.5 2629.0 0.1582579315 0.8909701705 -0.4255896807 -0.9101396203 -0.0355083831 -0.4127772152 -0.3828842044 0.4526712894 0.8052877784
-241.7 -165.6 2333.1 0.5352060199 0.0298326835 -0.8441945910 -0.0055462825 0.9994787574 0.0318039581 0.8447033763 -0.0123395268 0.5350924730
-253.3 -553.6 2337.9 0.5351704359 0.1481136084 -0.8316579461 -0.0057830107 0.9851280451 0.1717244089 0.8447242975 -0.0870923400 0.5280679464
-174.9 -194.5 2496.7 0.5436480045 -0.0129965972 -0.8392127156 -0.0444947109 0.9980278015 -0.0442801043 0.8381330967 0.0614133179 0.5419974923
-169.9 -581.9 2472.9 0.5412023067 -0.0534136817 -0.8391942978 0.0277897287 0.9985715151 -0.0456360541 0.8404331207 0.0013773567 0.5419135690
98.7 -119.4 2089.3 0 0 0 0 0 0 0 0 0
-42.2 -295.3 2527.7 0 0 0 0 0 0 0 0 0
-308.6 -921.3 2370.4 0 0 0 0 0 0 0 0 0
-155.2 -855.4 2472.5 0 0 0 0 0 0 0 0 0
-26.2 379.5 2450.2 47 0.3505541086 0.3177283704 -0.8809997439 -0.1947124600 0.9448643923 0.2632838190 0.9160779715 0.0792464018 0.3930917680
-89.5 191.3 2434.4 0.3505541086 0.3177283704 -0.8809997439 -0.1947124600 0.9448643923 0.2632838190 0.9160779715 0.0792464018 0.3930917680
-147.5 6.3 2425.5 0.3624525070 0.2993780673 -0.8826103210 -0.1581192911 0.9530286789 0.2583304942 0.9184914231 0.0459251888 0.3927650750
-138.9 212.9 2309.1 -0.0423598550 0.4655636549 -0.8840000629 0.6621148586 0.6756827235 0.3241246641 0.7482042313 -0.5715796947 -0.3368784487
-127.4 32.9 2105.6 -0.7997308373 0.4655636549 -0.3790528774 0.5978073478 0.6756827235 -0.4313690364 0.0552897193 -0.5715796947 -0.8186816573
-40.0 169.7 2559.8 -0.2162182331 0.8715999722 -0.4399581254 -0.9244918227 -0.0378716029 0.3793159127 0.3139498234 0.4887526929 0.8139756322
-92.3 -53.8 2635.7 0.1729741096 0.8715999722 -0.4586866200 -0.9091235995 -0.0378716029 -0.4148011208 -0.3789118528 0.4887526929 0.7858413458
-241.9 -166.3 2334.2 0.5000029206 0.0307179559 -0.8654787540 -0.0116333067 0.9995188117 0.0287545901 0.8659455776 -0.0043089986 0.5001196861
-253.8 -554.4 2335.8 0.5024322867 0.1446651071 -0.8524281383 0.0044599762 0.9854564071 0.1698700339 0.8646050692 -0.0891499966 0.4944799244
-170.3 -194.0 2495.9 0.5087708831 0.0015752479 -0.8609005213 -0.0502169244 0.9983499646 -0.0278502107 0.8594360948 0.0574011542 0.5080105066
-170.9 -581.6 2473.6 0.5060563087 -0.0544657409 -0.8607789874 0.0282972157 0.9985153079 -0.0465449207 0.8620361090 -0.0008032970 0.5068462491
90.7 -130.2 2090.5 0 0 0 0 0 0 0 0 0
-46.5 -294.3 2535.4 0 0 0 0 0 0 0 0 0
-307.8 -922.2 2369.1 0 0 0 0 0 0 0 0 0
-156.0 -854.5 2473.9 0 0 0 0 0 0 0 0 0
-24.5 382.4 2455.6 48 0.3505210876 0.3138923943 -0.8823868632 -0.2008004934 0.9454406500 0.2565562129 0.9147754312 0.0872553512 0.3944266438
-87.1 194.0 2438.2 0.3505210876 0.3138923943 -0.8823868632 -0.2008004934 0.9454406500 0.2565562129 0.9147754312 0.0872553512 0.3944266438
-144.1 8.7 2427.6 0.3623382449 0.2935902774 -0.8845992088 -0.1638439745 0.9543774724 0.2496373653 0.9175326228 0.0544830859 0.3939104676
-136.6 216.3 2312.9 -0.0244064461 0.4878654182 -0.8725776076 0.6696391106 0.6560659409 0.3480817974 0.7422855496 -0.5758166313 -0.3427059948
-129.8 30.2 2106.6 -0.7782261372 0.4878654182 -0.3954129219 0.6256976128 0.6560659409 -0.4219952226 0.0535400696 -0.5758166313 -0.8158239126
-37.6 171.6 2563.5 -0.2111506611 0.8712533116 -0.4430948198 -0.9283479452 -0.0368779227 0.3698785305 0.3059175014 0.4894462526 0.8166130185
-88.7 -52.9 2637.5 0.1789246500 0.8712533116 -0.4570597410 -0.9046964645 -0.0368779227 -0.4244576693 -0.3866655827 0.4894462526 0.7816214561
-238.0 -164.5 2334.4 0.4991740584 0.0348808244 -0.8657993674 -0.0124626653 0.9993751049 0.0330769308 0.8664121032 -0.0057209786 0.4992968440
-251.5 -552.5 2336.6 0.5016173720 0.1511953771 -0.8517746329 0.0030387964 0.9842944741 0.1765080690 0.8650842905 -0.0911278799 0.4932797551
-173.1 -192.8 2498.8 0.5080736876 -0.0031040665 -0.8613080382 -0.0546689481 0.9978609681 -0.0358446427 0.8595768809 0.0652985200 0.5068171620
-171.9 -580.2 2473.4 0.5046699643 -0.0632049814 -0.8609955311 0.0237199627 0.9979550242 -0.0593556799 0.8629864454 0.0095322477 0.5051371455
82.3 -140.3 2092.0 0 0 0 0 0 0 0 0 0
-41.4 -292.3 2535.2 0 0 0 0 0 0 0 0 0
-307.9 -919.9 2370.6 0 0 0 0 0 0 0 0 0
-154.7 -851.5 2470.8 0 0 0 0 0 0 0 0 0
-26.9 385.4 2458.8 49 0.3616327047 0.3093763292 -0.8794930577 -0.2098041326 0.9461463690 0.2465548068 0.9084073901 0.0953590050 0.4070658982
-88.6 196.7 2439.8 0.3616327047 0.3093763292 -0.8794930577 -0.2098041326 0.9461463690 0.2465548068 0.9084073901 0.0953590050 0.4070658982
-144.3 11.2 2427.2 0.3729034066 0.2869900763 -0.8823716640 -0.1738605946 0.9557331204 0.2373746932 0.9114359617 0.0648918375 0.4062923789
-139.6 220.5 2315.3 -0.0031488980 0.5091527700 -0.8606703877 0.6764398813 0.6349669099 0.3731569052 0.7364910841 -0.5810167789 -0.3464106917
-138.7 32.1 2110.2 -0.7832922935 0.5091527700 -0.3566744030 0.6216133237 0.6349669099 -0.4587090015 -0.0070764944 -0.5810167789 -0.8138608336
-37.7 173.0 2564.2 -0.2012006044 0.8764560223 -0.4374279082 -0.9340640903 -0.0371663868 0.3551660776 0.2950298190 0.4800453186 0.8261439800
-86.4 -52.9 2635.6 0.1816705167 0.8764560223 -0.4458931386 -0.8977943659 -0.0371663868 -0.4388438761 -0.4011995792 0.4800453186 0.7801252007
-233.5 -161.9 2334.9 0.5080739260 0.0418261103 -0.8602973223 -0.0207690634 0.9991247654 0.0363098681 0.8610630631 -0.0005805269 0.5084978938
-249.7 -549.8 2335.1 0.5137512684 0.1637487561 -0.8421674371 0.0115505764 0.9802076221 0.1976351738 0.8578614593 -0.1112628356 0.5016914606
-168.6 -191.2 2499.2 0.5172055364 -0.0017762906 -0.8558593988 -0.0604240932 0.9974267483 -0.0385850705 0.8537255526 0.0716709420 0.5157672763
-167.9 -578.4 2471.4 0.5154089332 -0.0430723466 -0.8558611870 0.0225867257 0.9990718365 -0.0366776399 0.8566466570 -0.0004271188 0.5159034133
74.0 -136.7 2112.1 0 0 0 0 0 0 0 0 0
-38.3 -290.4 2529.5 0 0 0 0 0 0 0 0 0
-310.8 -915.6 2376.6 0 0 0 0 0 0 0 0 0
-156.0 -855.2 2471.5 0 0 0 0 0 0 0 0 0
-29.1 385.0 2460.4 50 0.3824841380 0.3050658703 -0.8721471429 -0.2111819386 0.9477989078 0.2389130741 0.8995043635 0.0928012654 0.4269424677
-89.8 196.4 2441.9 0.3824841380 0.3050658703 -0.8721471429 -0.2111819386 0.9477989078 0.2389130741 0.8995043635 0.0928012654 0.4269424677
-144.8 10.7 2429.1 0.3925272822 0.2836511135 -0.8749082088 -0.1786932796 0.9566490054 0.2299813330 0.9022145271 0.0660662651 0.4261973798
-143.4 220.8 2318.7 0.0152428970 0.4917716086 -0.8705908060 0.6822962165 0.6313617229 0.3685841262 0.7309169173 -0.5996190906 -0.3259101212
-147.6 32.0 2116.4 -0.8037690520 0.4917716086 -0.3348373175 0.5939818621 0.6313617229 -0.4985658824 -0.0337770842 -0.5996190906 -0.7995724082
-36.2 172.0 2565.1 -0.1905730367 0.8863773346 -0.4219207764 -0.9371990561 -0.0363767445 0.3468929231 0.2921299338 0.4615321755 0.8376443982
