-76.8 378.8 2421.9 37 0.4643309414 0.2605679631 -0.8464638591 -0.1668533087 0.9643641114 0.2053333372 0.8698027134 0.0458926708 0.4912607372
-128.1 189.0 2412.9 0.4643309414 0.2605679631 -0.8464638591 -0.1668533087 0.9643641114 0.2053333372 0.8698027134 0.0458926708 0.4912607372
-174.2 0.5 2407.9 0.4716233015 0.2374902815 -0.8492171764 -0.1385158598 0.9710462689 0.1946342438 0.8708529472 0.0258360002 0.4908642173
-192.5 207.9 2294.0 -0.1888336241 0.4493892193 -0.8731501698 0.6634435058 0.7139227390 0.2239577472 0.7240059376 -0.5369950533 -0.4329569638
-147.7 50.4 2122.2 -0.8839762807 0.4493892193 -0.1289779097 0.4421604872 0.7139227390 -0.5429626703 -0.1519213170 -0.5369950533 -0.8297929168
-63.7 170.1 2531.8 0.3620947599 0.9092953205 0.2051082551 -0.8671310544 0.4093199968 -0.2837971449 -0.3420103490 -0.0750942752 0.9366908669
61.8 -130.6 2413.2 -0.0825318620 0.9092953205 0.4078854024 0.0005075785 0.4093199968 -0.9123907685 -0.9965882897 -0.0750942752 -0.0342434794
-257.3 -175.0 2325.5 0.5937646031 0.0238743629 -0.8042845726 0.0101699987 0.9992572069 0.0371699482 0.8045745492 -0.0302497707 0.5930807590
-266.5 -562.9 2337.3 0.5922852755 0.1186440140 -0.7969452739 -0.0025759670 0.9893729687 0.1453769654 0.8057242036 -0.0840517282 0.5862966776
-179.0 -199.5 2484.7 0.5888812542 0.0114426939 -0.8081385493 -0.0525422208 0.9983265996 -0.0241512842 0.8065098524 0.0566836335 0.5884970427
-183.4 -587.0 2462.7 0.5811154246 -0.0974672288 -0.8079634905 0.0787315592 0.9948784709 -0.0633889064 0.8100038171 -0.0267759562 0.5858129859
94.3 -70.6 2163.8 0 0 0 0 0 0 0 0 0
41.7 -130.4 2171.0 0 0 0 0 0 0 0 0 0
-310.8 -932.2 2368.6 0 0 0 0 0 0 0 0 0
-157.3 -853.0 2469.9 0 0 0 0 0 0 0 0 0
-75.5 380.3 2425.5 38 0.4365957379 0.2682901025 -0.8587226272 -0.1747772694 0.9616078138 0.2115733773 0.8825174570 0.0577131696 0.4667249024
-128.5 190.1 2414.0 0.4365957379 0.2682901025 -0.8587226272 -0.1747772694 0.9616078138 0.2115733773 0.8825174570 0.0577131696 0.4667249024
-176.0 2.0 2407.4 0.4449491501 0.2446238399 -0.8614983559 -0.1433346570 0.9690220356 0.2011254728 0.8840109706 0.0339919589 0.4662286341
-189.3 209.7 2293.4 -0.1927907318 0.4225823581 -0.8855822086 0.6888424158 0.7010247707 0.1845546067 0.6988046169 -0.5744461417 -0.4262437522
-143.9 47.6 2128.9 -0.8958773613 0.4225823581 -0.1372149438 0.4190501869 0.7010247707 -0.5770279169 -0.1476507485 -0.5744461417 -0.8051154613
-67.8 170.5 2534.7 0.3756399751 0.9101182222 0.1748696566 -0.8613017797 0.4124923944 -0.2966635227 -0.3421312869 -0.0391768776 0.9388350844
64.9 -133.7 2413.9 -0.0581416227 0.9101182222 0.4102491140 0.0335211083 0.4124923944 -0.9103440642 -0.9977453947 -0.0391768776 -0.0544911511
-262.5 -175.6 2324.9 0.5704898238 0.0089749005 -0.8212556243 0.0189084783 0.9995317459 0.0240580291 0.8210870028 -0.0292535555 0.5700529814
-266.0 -563.6 2336.3 0.5677146316 0.1194923967 -0.8145070076 -0.0055157831 0.9899393320 0.1413847059 0.8232069016 -0.0757735297 0.5626621842
-178.0 -200.4 2480.8 0.5650269985 0.0138683505 -0.8249558806 -0.0397765115 0.9991539717 -0.0104468437 0.8241130710 0.0387166142 0.5651006103
-183.4 -588.2 2465.8 0.5580251813 -0.0937736258 -0.8245086074 0.0724850595 0.9953048825 -0.0641410723 0.8266521692 -0.0239722207 0.5622023344
99.2 -66.2 2169.0 0 0 0 0 0 0 0 0 0
50.4 -125.3 2166.2 0 0 0 0 0 0 0 0 0
-310.6 -933.1 2364.6 0 0 0 0 0 0 0 0 0
-158.4 -854.3 2472.2 0 0 0 0 0 0 0 0 0
-73.6 382.2 2426.7 39 0.4164327383 0.2688632309 -0.8685023785 -0.1738957614 0.9611912370 0.2141768336 0.8923811316 0.0618386306 0.4470256865
-126.8 192.2 2414.5 0.4164327383 0.2688632309 -0.8685023785 -0.1738957614 0.9611912370 0.2141768336 0.8923811316 0.0618386306 0.4470256865
-174.7 4.2 2407.1 0.4246432781 0.2469762415 -0.8710228801 -0.1431846321 0.9682850838 0.2047489583 0.8939665556 0.0377718285 0.4465389550
-184.7 211.8 2292.4 -0.1910548210 0.3949519992 -0.8986161351 0.7098020911 0.6879290938 0.1514416188 0.6779963970 -0.6089059114 -0.4117699265
-139.9 45.1 2133.3 -0.9089894295 0.3949519992 -0.1332333535 0.3887358606 0.6879290938 -0.6128931046 -0.1504082680 -0.6089059114 -0.7788522840
-68.8 172.7 2536.5 0.3855740130 0.9098876119 0.1530921161 -0.8589189649 0.4145626128 -0.3006593585 -0.3370324969 -0.0155672859 0.9413642883
68.6 -133.5 2416.4 -0.0385134257 0.9098876119 0.4130632281 0.0470481478 0.4145626128 -0.9088037610 -0.9981498718 -0.0155672859 -0.0587747544
-263.3 -173.3 2321.7 0.5523006916 0.0110631268 -0.8335715532 0.0363403633 0.9986419082 0.0373320170 0.8328525424 -0.0509107932 0.5511485934
-267.6 -560.9 2341.4 0.5465371013 0.1059198081 -0.8307094574 -0.0288053062 0.9937597513 0.1077580974 0.8369393349 -0.0349649601 0.5461776257
-183.6 -198.9 2479.9 0.5464175344 -0.0026440427 -0.8375087380 -0.0325727910 0.9991713166 -0.0244059525 0.8368792534 0.0406158380 0.5458786488
-182.6 -586.8 2464.2 0.5402964354 -0.0872247219 -0.8369418383 0.0707130879 0.9958013892 -0.0581312478 0.8384983540 -0.0277746338 0.5441958308
103.8 -59.1 2173.6 0 0 0 0 0 0 0 0 0
59.0 -121.7 2165.9 0 0 0 0 0 0 0 0 0
-307.1 -931.5 2354.5 0 0 0 0 0 0 0 0 0
-159.0 -855.8 2471.7 0 0 0 0 0 0 0 0 0
-72.2 380.6 2429.8 40 0.4044231176 0.2729806900 -0.8728823066 -0.1830834150 0.9592617154 0.2151684761 0.8960593939 0.0727911517 0.4379258454
-126.1 190.9 2415.4 0.4044231176 0.2729806900 -0.8728823066 -0.1830834150 0.9592617154 0.2151684761 0.8960593939 0.0727911517 0.4379258454
-174.9 3.2 2406.7 0.4135904014 0.2513516545 -0.8750801682 -0.1494078636 0.9668449163 0.2070946544 0.8981204033 0.0450914949 0.4374316931
-182.6 211.3 2292.8 -0.2378993034 0.3848043382 -0.8918125033 0.7169526219 0.6890091896 0.1060437933 0.6552730799 -0.6141595840 -0.4398012757
-125.7 39.7 2135.9 -0.9141809940 0.3848043382 -0.1272740513 0.3762614727 0.6890091896 -0.6194301248 -0.1506664008 -0.6141595840 -0.7746661305
-69.6 170.5 2538.1 0.3877162039 0.9109310508 0.1409992576 -0.8571406603 0.4125566483 -0.3083940744 -0.3390959203 -0.0012868182 0.9407508969
69.2 -136.4 2416.7 -0.0282626189 0.9109310508 0.4115894437 0.0592918769 0.4125566483 -0.9090002775 -0.9978405237 -0.0012868182 -0.0656707436
-260.6 -170.9 2319.8 0.5428574085 0.0167853497 -0.8396571279 0.0309217069 0.9987228513 0.0399567746 0.8392554522 -0.0476544648 0.5416450500
-267.1 -558.6 2338.3 0.5393166542 0.1057542711 -0.8354361653 -0.0057724426 0.9925240278 0.1219129413 0.8420832753 -0.0609271750 0.5358952284
-184.6 -196.5 2479.8 0.5365700126 -0.0011428432 -0.8438550234 -0.0252633747 0.9995290637 -0.0174175352 0.8434775472 0.0306643527 0.5362884402
-184.1 -584.5 2467.9 0.5296031833 -0.1017161161 -0.8421248794 0.0638128519 0.9947485924 -0.0800195783 0.8458418250 -0.0113597633 0.5333127975
116.1 -59.8 2175.8 0 0 0 0 0 0 0 0 0
62.0 -121.4 2164.8 0 0 0 0 0 0 0 0 0
-306.6 -928.8 2361.0 0 0 0 0 0 0 0 0 0
-156.7 -852.8 2471.0 0 0 0 0 0 0 0 0 0
-72.6 381.4 2436.9 41 0.3823742568 0.2684833705 -0.8841417432 -0.1800092757 0.9601670504 0.2137190849 0.9063038230 0.0774330348 0.4154726863
-125.6 191.8 2421.6 0.3823742568 0.2684833705 -0.8841417432 -0.1800092757 0.9601670504 0.2137190849 0.9063038230 0.0774330348 0.4154726863
-173.7 4.0 2411.7 0.3908692896 0.2482775152 -0.8863292336 -0.1483230442 0.9673393369 0.2055598497 0.9084169865 0.0511160195 0.4149285257
-179.0 212.1 2297.6 -0.2668276727 0.3855956793 -0.8832434416 0.7040168643 0.7038548589 0.0945970491 0.6581513882 -0.5965771675 -0.4592738152
-113.5 39.4 2136.2 -0.9098782539 0.3855956793 -0.1530933827 0.3973566294 0.7038548589 -0.5888090134 -0.1192866862 -0.5965771675 -0.7936412096
-72.2 171.5 2545.7 0.3990931809 0.9093269706 0.1176819950 -0.8555003405 0.4154646993 -0.3090440929 -0.3299148679 0.0226604063 0.9437386990
71.0 -135.5 2427.3 -0.0037554498 0.9093269706 0.4160652757 0.0626543164 0.4154646993 -0.9074488878 -0.9980282187 0.0226604063 -0.0585335195
-260.7 -171.1 2317.5 0.5213803053 0.0159390885 -0.8531755209 0.0404064395 0.9982428551 0.0433418490 0.8523672223 -0.0570713729 0.5198201537
-266.9 -558.6 2339.6 0.5173882842 0.1037802249 -0.8494345546 -0.0023834880 0.9927899837 0.1198429987 0.8557474613 -0.0599807501 0.5139052868
-186.6 -197.8 2478.4 0.5149537325 -0.0011191912 -0.8572172523 -0.0200054441 0.9997110963 -0.0133230481 0.8569844961 0.0240097661 0.5147826076
-186.2 -585.9 2469.0 0.5078986287 -0.1056992188 -0.8549073935 0.0632892698 0.9943398833 -0.0853383839 0.8590887189 -0.0107632186 0.5117135048
123.6 -64.1 2167.3 0 0 0 0 0 0 0 0 0
70.1 -119.6 2174.7 0 0 0 0 0 0 0 0 0
-305.6 -929.0 2362.0 0 0 0 0 0 0 0 0 0
-157.6 -855.1 2471.9 0 0 0 0 0 0 0 0 0
-71.7 380.9 2433.4 42 0.4035510719 0.2689447701 -0.8745371699 -0.1733826250 0.9609830379 0.2155227214 0.8983790874 0.0646551251 0.4344360828
-124.6 191.6 2420.7 0.4035510719 0.2689447701 -0.8745371699 -0.1733826250 0.9609830379 0.2155227214 0.8983790874 0.0646551251 0.4344360828
-172.4 3.7 2412.2 0.4110060930 0.2462694198 -0.8777387738 -0.1454678327 0.9682008028 0.2035344690 0.8999516964 0.0440288484 0.4337607026
-180.8 211.5 2297.8 -0.3057580590 0.3926032484 -0.8673953414 0.6904139519 0.7187572718 0.0819543377 0.6556223035 -0.5738036633 -0.4908246100
-104.9 40.1 2135.1 -0.9082044363 0.3926032484 -0.1450082660 0.4013526738 0.7187572718 -0.5677182078 -0.1186622679 -0.5738036633 -0.8103509545
-68.5 171.8 2543.6 0.3950750232 0.9080164433 0.1393622756 -0.8543069959 0.4189270735 -0.3076680303 -0.3377502561 0.0024937869 0.9412324429
73.4 -135.2 2422.3 -0.0261629634 0.9080164433 0.4181167483 0.0626467839 0.4189270735 -0.9058561921 -0.9976927638 0.0024937869 -0.0678446814
-256.9 -170.5 2320.4 0.5392585397 0.0247486345 -0.8417765498 0.0209640190 0.9988638163 0.0427970365 0.8418793082 -0.0407256857 0.5381270051
-266.5 -558.2 2336.2 0.5371495485 0.1126337126 -0.8359330297 0.0014983753 0.9909153581 0.1344788671 0.8434856534 -0.0734878108 0.5321009755
-186.9 -197.0 2483.1 0.5334634185 0.0199873131 -0.8455869555 -0.0257711988 0.9996407032 0.0073701949 0.8454304338 0.0178600606 0.5337868333
-194.7 -585.0 2476.2 0.5236738324 -0.1407731175 -0.8402075171 0.0556792803 0.9897998571 -0.1311335862 0.8500973582 0.0218890756 0.5261704326
129.6 -63.5 2165.7 0 0 0 0 0 0 0 0 0
66.8 -119.3 2169.5 0 0 0 0 0 0 0 0 0
-308.6 -928.0 2363.7 0 0 0 0 0 0 0 0 0
-156.6 -852.5 2470.3 0 0 0 0 0 0 0 0 0
-75.5 380.1 2424.2 43 0.3998207748 0.2593854666 -0.8791260123 -0.1514285356 0.9646361470 0.2157464474 0.9039981961 0.0468648598 0.4249599278
-126.5 190.4 2415.0 0.3998207748 0.2593854666 -0.8791260123 -0.1514285356 0.9646361470 0.2157464474 0.9039981961 0.0468648598 0.4249599278
-172.7 1.9 2410.1 0.4070007801 0.2379937321 -0.8818783164 -0.1234872639 0.9709331989 0.2050357759 0.9050421119 0.0254510120 0.4245597720
-182.1 207.2 2291.4 -0.3618285954 0.4264488518 -0.8289881945 0.6826745272 0.7267701626 0.0758987293 0.6348508000 -0.5384667516 -0.5540919900
-91.2 35.7 2131.9 -0.8945183158 0.4264488518 -0.1340833604 0.4271117449 0.7267701626 -0.5379411578 -0.1319566071 -0.5384667516 -0.8322505355
-71.0 173.5 2538.6 0.4044867158 0.9042968750 0.1365198046 -0.8573855162 0.4269034564 -0.2874779105 -0.3182461560 -0.0007691060 0.9480078220
74.4 -134.6 2424.2 -0.0210669991 0.9042968750 0.4263840318 0.0428260565 0.4269034564 -0.9032825232 -0.9988604188 -0.0007691060 -0.0477210432
-257.0 -171.2 2323.0 0.5336571336 0.0228855945 -0.8453912139 0.0151729211 0.9992138147 0.0366277024 0.8455648422 -0.0323736891 0.5328903198
-265.9 -559.1 2335.6 0.5317721963 0.1269519329 -0.8373180628 0.0000059487 0.9886999726 0.1499078274 0.8468874097 -0.0797217935 0.5257624388
-183.4 -197.3 2484.2 0.5283017159 0.0237297211 -0.8487250209 -0.0307422318 0.9994885325 0.0088089909 0.8484999537 0.0214378964 0.5287610292
-192.6 -585.3 2475.9 0.5185033679 -0.1376422793 -0.8439246416 0.0533579886 0.9902439713 -0.1287237406 0.8534091115 0.0217135716 0.5207892060
139.5 -74.4 2165.9 0 0 0 0 0 0 0 0 0
69.1 -123.8 2170.9 0 0 0 0 0 0 0 0 0
-313.3 -928.1 2365.3 0 0 0 0 0 0 0 0 0
-154.9 -856.2 2469.9 0 0 0 0 0 0 0 0 0
-75.6 382.5 2419.1 44 0.3872630298 0.2559793591 -0.8857211471 -0.1338018328 0.9661175609 0.2207124233 0.9122085571 0.0330373421 0.4083921313
-126.1 192.0 2412.6 0.3872630298 0.2559793591 -0.8857211471 -0.1338018328 0.9661175609 0.2207124233 0.9122085571 0.0330373421 0.4083921313
-172.0 3.4 2410.5 0.3942999840 0.2365334332 -0.8880199790 -0.1061164886 0.9715636373 0.2116681635 0.9128344655 0.0107728066 0.4081876278
-180.0 206.5 2287.9 -0.4047998190 0.4962957203 -0.7680023909 0.6815291047 0.7237100601 0.1084519625 0.6096352935 -0.4795146286 -0.6311976910
-73.5 27.2 2127.5 -0.8581573367 0.4962957203 -0.1313641071 0.4925350249 0.7237100601 -0.4833766222 -0.1448282152 -0.4795146286 -0.8655001521
-72.3 177.5 2537.2 0.4100095630 0.9036872387 0.1234568283 -0.8624762893 0.4281730950 -0.2698193789 -0.2966932058 0.0041499333 0.9549638033
75.1 -132.5 2430.6 -0.0071198773 0.9036872387 0.4281340241 0.0247159451 0.4281730950 -0.9033586979 -0.9996691346 0.0041499333 -0.0253840238
-255.4 -175.4 2324.1 0.5210375786 0.0252318792 -0.8531607389 0.0066190534 0.9994134307 0.0335995965 0.8535080552 -0.0231537689 0.5205649734
-265.2 -563.4 2333.1 0.5224385262 0.1331406832 -0.8422182202 0.0167884100 0.9859366417 0.1662742347 0.8525117040 -0.1010075659 0.5128560662
-182.5 -197.6 2486.2 0.5157815218 0.0192124415 -0.8565046787 -0.0385235623 0.9992573857 -0.0007840782 0.8558535576 0.0334000252 0.5161386132
-189.9 -585.5 2473.2 0.5061836839 -0.1274121702 -0.8529620171 0.0532236807 0.9917565584 -0.1165595800 0.8607817888 0.0136027811 0.5087923408
149.1 -100.6 2165.1 0 0 0 0 0 0 0 0 0
73.3 -126.3 2177.0 0 0 0 0 0 0 0 0 0
-314.8 -931.3 2370.8 0 0 0 0 0 0 0 0 0
-155.4 -854.0 2469.5 0 0 0 0 0 0 0 0 0
-72.8 382.9 2423.5 45 0.3648674786 0.2578229904 -0.8946502209 -0.1383640170 0.9652400613 0.2217364460 0.9207209945 0.0428829901 0.3878581226
-123.9 192.0 2415.0 0.3648674786 0.2578229904 -0.8946502209 -0.1383640170 0.9652400613 0.2217364460 0.9207209945 0.0428829901 0.3878581226
-170.4 3.6 2411.3 0.3721432984 0.2399345636 -0.8966274261 -0.1100674421 0.9706024528 0.2140467763 0.9216260314 0.0190334171 0.3876121640
-174.7 207.0 2289.2 -0.4170188010 0.5598413944 -0.7160118222 0.6748274565 0.7184339166 0.1687029302 0.6088540554 -0.4128321409 -0.6773967743
-59.9 21.2 2121.6 -0.8193784356 0.5598413944 -0.1232745722 0.5541297793 0.7184339166 -0.4204675555 -0.1468304992 -0.4128321409 -0.8988940120
-73.0 176.9 2540.9 0.4136435390 0.9049556851 0.0997707024 -0.8632469773 0.4246641397 -0.2728827894 -0.2893158793 0.0267494526 0.9568598270
75.7 -133.5 2436.9 0.0166007690 0.9049556851 0.4251818359 0.0275809225 0.4246641397 -0.9049307704 -0.9994817376 0.0267494526 -0.0179097615
-253.3 -175.6 2326.7 0.5008183122 0.0315049700 -0.8649788499 0.0067659984 0.9991643429 0.0403098613 0.8655259609 -0.0260403622 0.5001866221
-265.5 -563.5 2336.8 0.5010182261 0.1235865280 -0.8565670252 0.0083605014 0.9890138507 0.1475862861 0.8653963208 -0.0811047480 0.4944807291
-182.7 -194.6 2490.1 0.4950129688 0.0183516052 -0.8686917424 -0.0519765839 0.9986119270 -0.0085219555 0.8673295975 0.0493701100 0.4952797294
-189.8 -582.3 2471.0 0.4850214124 -0.1169703007 -0.8666442037 0.0587050915 0.9931337833 -0.1011879221 0.8725296259 -0.0017981190 0.4885579050
155.1 -124.2 2160.1 0 0 0 0 0 0 0 0 0
79.9 -126.5 2183.3 0 0 0 0 0 0 0 0 0
-311.6 -932.6 2367.0 0 0 0 0 0 0 0 0 0
-157.4 -857.2 2471.5 0 0 0 0 0 0 0 0 0
-70.5 384.5 2426.2 46 0.3129369617 0.2648695707 -0.9120935202 -0.1383070946 0.9627987742 0.2321414351 0.9396497011 0.0535033643 0.3379286826
-123.0 193.7 2415.6 0.3129369617 0.2648695707 -0.9120935202 -0.1383070946 0.9627987742 0.2321414351 0.9396497011 0.0535033643 0.3379286826
-170.4 5.6 2410.8 0.3215921819 0.2446825951 -0.9147179127 -0.1054889932 0.9692798853 0.2221903354 0.9409838319 0.0250380039 0.3375241458
-166.8 208.1 2287.3 -0.4178205431 0.6054976583 -0.6773467064 0.6757694483 0.7054373622 0.2137610316 0.6072574854 -0.3684164584 -0.7039230466
-50.2 19.4 2117.8 -0.7867873311 0.6054976583 -0.1197424233 0.6002532840 0.7054373622 -0.3769006729 -0.1437416971 -0.3684164584 -0.9184811711
-79.1 179.3 2544.0 0.4225885868 0.9051255584 0.0465473048 -0.8680468798 0.4189756811 -0.2663719654 -0.2606022358 0.0721605048 0.9627457261
72.8 -132.7 2450.3 0.0701866373 0.9051255584 0.4193108678 0.0201447178 0.4189756811 -0.9077739716 -0.9973304272 0.0721605048 0.0111729959
-250.3 -175.0 2325.1 0.4539020658 0.0424606651 -0.8900393248 0.0122146159 0.9984736443 0.0538628921 0.8909678459 -0.0353199691 0.4526906013
-266.8 -562.6 2338.8 0.4541696608 0.1106004491 -0.8840234280 0.0146009494 0.9912071228 0.1315115094 0.8907955885 -0.0726361200 0.4485613108
-183.7 -194.7 2490.2 0.4475801587 0.0057496345 -0.8942253590 -0.0467006937 0.9987650514 -0.0169529654 0.8930235505 0.0493487567 0.4472959340
-185.9 -582.4 2471.0 0.4404847622 -0.0930797085 -0.8929218054 0.0530276634 0.9955717325 -0.0776211768 0.8961926103 -0.0131586101 0.4434699714
158.4 -139.7 2155.9 0 0 0 0 0 0 0 0 0
90.6 -127.6 2197.6 0 0 0 0 0 0 0 0 0
-308.1 -932.5 2365.9 0 0 0 0 0 0 0 0 0
-160.1 -858.3 2474.7 0 0 0 0 0 0 0 0 0
-70.5 383.3 2429.1 47 0.3052521050 0.2669418752 -0.9140914679 -0.1419561505 0.9619365335 0.2335091531 0.9416313767 0.0584817380 0.3315272033
-123.5 192.2 2417.5 0.3052521050 0.2669418752 -0.9140914679 -0.1419561505 0.9619365335 0.2335091531 0.9416313767 0.0584817380 0.3315272033
-171.9 4.3 2411.6 0.3136390746 0.2496262938 -0.9161425829 -0.1106241345 0.9678613544 0.2258465141 0.9430762529 0.0305131935 0.3311738372
-166.3 207.3 2288.8 -0.4053071737 0.6280181408 -0.6643186808 0.6590070128 0.7043566704 0.2638018429 0.6335896850 -0.3308699131 -0.6993491650
-52.2 21.7 2110.3 -0.7692219019 0.6280181408 -0.1178594977 0.6262628436 0.7043566704 -0.3341803849 -0.1268562227 -0.3308699131 -0.9351109862
-80.7 177.1 2546.2 0.4203379750 0.9065840244 0.0377017409 -0.8691445589 0.4142162204 -0.2702085674 -0.2605834305 0.0808106512 0.9620633721
70.5 -135.4 2452.5 0.0781018510 0.9065840244 0.4147354960 0.0235034861 0.4142162204 -0.9098749757 -0.9966682792 0.0808106512 0.0110431695
-246.7 -173.2 2321.7 0.4473848343 0.0499618091 -0.8929449320 0.0151910363 0.9978697896 0.0634435788 0.8942125440 -0.0419484526 0.4456728399
-266.1 -560.5 2338.0 0.4483448267 0.1186240837 -0.8859544396 0.0230790041 0.9892882705 0.1441392004 0.8935626745 -0.0850710124 0.4408045411
-189.1 -192.0 2490.0 0.4403401017 -0.0055829776 -0.8978136778 -0.0404625386 0.9988412261 -0.0260563921 0.8969188333 0.0478014946 0.4396039546
-187.0 -579.8 2471.5 0.4332309663 -0.0939381272 -0.8963741064 0.0571405627 0.9954155087 -0.0767005607 0.8994697928 -0.0179902613 0.4366124868
153.3 -145.5 2144.2 0 0 0 0 0 0 0 0 0
90.3 -129.5 2199.7 0 0 0 0 0 0 0 0 0
-310.3 -929.7 2369.7 0 0 0 0 0 0 0 0 0
-160.7 -858.0 2476.5 0 0 0 0 0 0 0 0 0
-69.1 386.2 2429.5 48 0.2930674553 0.2710207403 -0.9168747067 -0.1359989196 0.9610475302 0.2406075150 0.9463697672 0.0541797429 0.3185102642
-122.9 195.4 2418.8 0.2930674553 0.2710207403 -0.9168747067 -0.1359989196 0.9610475302 0.2406075150 0.9463697672 0.0541797429 0.3185102642
-171.6 7.5 2413.4 0.3014234602 0.2509837747 -0.9198646545 -0.1051259860 0.9676004052 0.2295604646 0.9476773739 0.0275067668 0.3180423677
-164.0 209.7 2289.4 -0.3683215678 0.6059652567 -0.7050853372 0.6620662808 0.7033933997 0.2586618066 0.6526924372 -0.3715425134 -0.6602641344
-60.3 23.2 2105.5 -0.7787519693 0.6059652567 -0.1623314023 0.6198454499 0.7033933997 -0.3478927016 -0.0966280401 -0.3715425134 -0.9233738184
-81.7 181.0 2548.2 0.4221572876 0.9061771631 0.0250244215 -0.8714557290 0.4132759869 -0.2641361654 -0.2496961504 0.0896993354 0.9641606808
70.1 -132.4 2458.4 0.0907895267 0.9061771631 0.4130378366 0.0170452874 0.4132759869 -0.9104462862 -0.9957242012 0.0896993354 0.0220750812
-248.4 -173.6 2321.2 0.4353748560 0.0448898450 -0.8991293907 0.0071199173 0.9985530972 0.0533012562 0.9002211094 -0.0296077542 0.4344252944
-265.9 -561.3 2332.7 0.4411627054 0.1252247840 -0.8886473775 0.0495009981 0.9853137732 0.1634210646 0.8960608840 -0.1160842106 0.4284849465
-192.3 -193.4 2490.0 0.4288769364 -0.0150707681 -0.9032372236 -0.0404305793 0.9985387325 -0.0358582325 0.9024577141 0.0518971719 0.4276409149
-186.5 -581.1 2469.9 0.4214456081 -0.0983275920 -0.9015072584 0.0542819127 0.9950571656 -0.0831548497 0.9052276611 -0.0138902934 0.4246998727
148.6 -143.1 2131.4 0 0 0 0 0 0 0 0 0
93.1 -128.1 2205.8 0 0 0 0 0 0 0 0 0
-312.6 -928.8 2376.0 0 0 0 0 0 0 0 0 0
-159.2 -857.0 2473.7 0 0 0 0 0 0 0 0 0
-68.4 388.3 2428.8 49 0.3147156537 0.2708117664 -0.9097335339 -0.1449747980 0.9609045386 0.2358915061 0.9380492568 0.0576496832 0.3416725695
-122.2 197.5 2417.3 0.3147156537 0.2708117664 -0.9097335339 -0.1449747980 0.9609045386 0.2358915061 0.9380492568 0.0576496832 0.3416725695
-170.7 9.7 2411.6 0.3236262202 0.2500597537 -0.9125437737 -0.1119805649 0.9677895904 0.2254854888 0.9395352006 0.0292141568 0.3412038982
-166.4 212.8 2289.0 -0.3516003489 0.6048243046 -0.7145381570 0.6644366384 0.6989153624 0.2646532357 0.6594703794 -0.3817131221 -0.6476063132
-66.9 24.9 2102.6 -0.7729786038 0.6048243046 -0.1915506870 0.6305258870 0.6989153624 -0.3375713825 -0.0702936649 -0.3817131221 -0.9216039777
-78.0 182.2 2545.6 0.4175354540 0.9073956609 0.0479298420 -0.8687649965 0.4141056836 -0.2715950608 -0.2662921846 0.0717607886 0.9612174034
72.2 -130.2 2449.8 0.0674734712 0.9073956609 0.4148257971 0.0249927826 0.4141056836 -0.9098856449 -0.9974079728 0.0717607886 0.0052628042
-247.3 -170.9 2323.2 0.4566850960 0.0419512950 -0.8886387348 0.0109140109 0.9985481501 0.0527488329 0.8895614743 -0.0337882191 0.4555642009
-263.6 -558.5 2336.3 0.4603054523 0.1290580630 -0.8783296347 0.0373178087 0.9856892228 0.1643901467 0.8869759440 -0.1084470153 0.4489019513
-193.3 -189.7 2492.9 0.4499276280 -0.0251232199 -0.8927115798 -0.0486120656 0.9974333048 -0.0525708944 0.8917409778 0.0670496523 0.4475514889
-183.6 -576.9 2466.9 0.4431554377 -0.0869687498 -0.8922161460 0.0585651658 0.9959654212 -0.0679929331 0.8945297003 -0.0221213475 0.4464608133
141.1 -144.8 2121.5 0 0 0 0 0 0 0 0 0
89.3 -123.9 2196.8 0 0 0 0 0 0 0 0 0
-311.7 -926.4 2376.8 0 0 0 0 0 0 0 0 0
-159.0 -858.5 2473.2 0 0 0 0 0 0 0 0 0
-73.6 385.4 2428.4 50 0.3331075609 0.2614184916 -0.9059247971 -0.1451295465 0.9635627866 0.2246868461 0.9316527247 0.0566315614 0.3589095771
-125.3 194.6 2417.2 0.3331075609 0.2614184916 -0.9059247971 -0.1451295465 0.9635627866 0.2246868461 0.9316527247 0.0566315614 0.3589095771
-172.1 6.3 2411.8 0.3418774009 0.2411995232 -0.9082635045 -0.1113905385 0.9700877666 0.2156893909 0.9331194758 0.0274326392 0.3585184216
-172.0 209.8 2289.7 -0.3349222541 0.5865866542 -0.7373894453 0.6465725303 0.7123367190 0.2729842067 0.6853984594 -0.3853473067 -0.6178482175
-79.4 31.0 2100.2 -0.7818004489 0.5865866542 -0.2114336938 0.6222571731 0.7123367190 -0.3246111870 -0.0398005992 -0.3853473067 -0.9219129086
-78.6 179.4 2544.6 0.4209769964 0.9044989347 0.0682645962 -0.8639060259 0.4227463305 -0.2737734616 -0.2764863968 0.0562781282 0.9593685865
72.8 -131.3 2445.1 0.0488939099 0.9044989347 0.4236638546 0.0283000953 0.4227463305 -0.9058060646 -0.9984029531 0.0562781282 -0.0049276846
-248.2 -168.2 2321.8 0.4726898074 0.0387460552 -0.8803766966 0.0096767982 0.9987444878 0.0491511561 0.8811757565 -0.0317524783 0.4717214108
-263.3 -555.9 2334.2 0.4757609367 0.1290384680 -0.8700578213 0.0322028659 0.9859616160 0.1638372093 0.8789849281 -0.1059656963 0.4649266005
-190.3 -188.2 2490.1 0.4667555094 -0.0222824216 -0.8841056228 -0.0499778055 0.9974204302 -0.0515236594 0.8829731345 0.0682346076 0.4644378424
-181.6 -575.4 2463.6 0.4602445662 -0.0829565898 -0.8839078546 0.0658384711 0.9960725307 -0.0592018440 0.8853475451 -0.0309478175 0.4638986886
131.0 -136.4 2110.9 0 0 0 0 0 0 0 0 0
85.2 -124.1 2191.8 0 0 0 0 0 0 0 0 0
-311.4 -923.9 2373.7 0 0 0 0 0 0 0 0 0
-158.3 -855.8 2472.3 0 0 0 0 0 0 0 0 0
-76.5 388.7 2428.2 51 0.3444926143 0.2495799363 -0.9050053358 -0.1406995654 0.9668512940 0.2130779922 0.9281855822 0.0539300703 0.3681889176
-126.2 195.9 2417.4 0.3444926143 0.2495799363 -0.9050053358 -0.1406995654 0.9668512940 0.2130779922 0.9281855822 0.0539300703 0.3681889176
-170.9 7.1 2413.1 0.3533262610 0.2303161174 -0.9067056179 -0.1049945951 0.9728593826 0.2062056810 0.9295895100 0.0223413073 0.3679187000
-174.5 210.3 2290.4 -0.2992566824 0.5738584995 -0.7623200417 0.6453289390 0.7102221251 0.2813096344 0.7028484941 -0.4077634215 -0.5828661919
-91.5 31.3 2095.5 -0.7890338898 0.5738584995 -0.2193442881 0.6128419042 0.7102221251 -0.3464236856 -0.0430150181 -0.4077634215 -0.9120738506
-78.0 181.6 2544.4 0.4279116988 0.9000987411 0.0819380507 -0.8596941233 0.4333248734 -0.2704728842 -0.2789580822 0.0452968441 0.9592343569
75.9 -127.6 2444.1 0.0376543328 0.9000987411 0.4340557754 0.0262079015 0.4333248734 -0.9008566141 -0.9989470840 0.0452968441 -0.0072731404
-249.6 -172.0 2322.9 0.4815800786 0.0349886343 -0.8757033944 -0.0013529252 0.9992312193 0.0391801558 0.8764010668 -0.0176836215 0.4812572002
-263.2 -559.9 2329.8 0.4866685569 0.1240521297 -0.8647339344 0.0363059007 0.9861388803 0.1619013250 0.8728319407 -0.1101872325 0.4754189551
-188.3 -192.0 2490.0 0.4770403802 -0.0172632113 -0.8787118196 -0.0465171672 0.9979097247 -0.0448584966 0.8776494861 0.0622744970 0.4752402008
-181.6 -579.4 2465.8 0.4709220827 -0.0816434249 -0.8783887029 0.0632953718 0.9962690473 -0.0586660840 0.8799011707 -0.0279707834 0.4743327498
121.3 -134.0 2107.1 0 0 0 0 0 0 0 0 0
85.5 -120.9 2190.5 0 0 0 0 0 0 0 0 0
-309.5 -928.0 2370.9 0 0 0 0 0 0 0 0 0
-159.0 -855.4 2473.6 0 0 0 0 0 0 0 0 0
-74.9 385.9 2428.1 52 0.3676277399 0.2549236119 -0.8943510652 -0.1638853848 0.9644038677 0.2075253576 0.9154187441 0.0702789873 0.3963198662
-125.5 194.3 2414.1 0.3676277399 0.2549236119 -0.8943510652 -0.1638853848 0.9644038677 0.2075253576 0.9154187441 0.0702789873 0.3963198662
-170.6 5.6 2407.0 0.3775215447 0.2318503112 -0.8965059519 -0.1245261431 0.9720653296 0.1989527792 0.9175896049 0.0365294665 0.3958470225
-177.1 211.3 2288.8 -0.2808054090 0.5859748721 -0.7601196170 0.6514772177 0.6979551911 0.2973819673 0.7047877908 -0.4116941094 -0.5777388215
-99.0 30.2 2092.9 -0.7799930573 0.5859748721 -0.2196457982 0.6235315800 0.6979551911 -0.3522313535 -0.0530957840 -0.4116941094 -0.9097740650
-74.0 177.3 2539.4 0.4194102287 0.9015026689 0.1067147106 -0.8539888859 0.4316849411 -0.2904325724 -0.3078928590 0.0306772105 0.9509263635
76.8 -129.7 2428.7 0.0114376768 0.9015026689 0.4326224029 0.0470946841 0.4316849411 -0.9007942080 -0.9988249540 0.0306772105 -0.0375185125
-247.3 -172.3 2325.4 0.5047060847 0.0398436897 -0.8623713255 -0.0128830224 0.9991707802 0.0386243276 0.8631951213 -0.0083839828 0.5048008561
-262.7 -560.2 2328.7 0.5135223866 0.1257794052 -0.8488075733 0.0483678132 0.9833825827 0.1749834120 0.8567119241 -0.1309128702 0.4989053309
-184.0 -191.1 2492.0 0.4997847378 0.0035738093 -0.8661422729 -0.0460013859 0.9986896515 -0.0224231817 0.8649272323 0.0510505103 0.4992942810
-185.4 -578.7 2472.1 0.4928423166 -0.0994201377 -0.8644201159 0.0436315872 0.9950248003 -0.0895652622 0.8690240383 0.0064255320 0.4947281778
111.8 -138.3 2107.2 0 0 0 0 0 0 0 0 0
79.7 -117.8 2175.3 0 0 0 0 0 0 0 0 0
-309.7 -927.2 2377.6 0 0 0 0 0 0 0 0 0
-158.2 -850.4 2470.4 0 0 0 0 0 0 0 0 0
-77.8 386.0 2421.0 53 0.4050927162 0.2491736114 -0.8796660900 -0.1588229388 0.9666955471 0.2006863803 0.9003750086 0.0584145561 0.4311757982
-127.3 194.1 2409.4 0.4050927162 0.2491736114 -0.8796660900 -0.1588229388 0.9666955471 0.2006863803 0.9003750086 0.0584145561 0.4311757982
-170.8 5.1 2403.9 0.4141764343 0.2244183570 -0.8820965290 -0.1215979010 0.9740828276 0.1907263845 0.9020376205 0.0282667149 0.4307309687
-183.8 210.7 2286.3 -0.2844981551 0.6089435816 -0.7404381037 0.6493493915 0.6906011105 0.3184579313 0.7052702904 -0.3902023137 -0.5918918848
-105.1 31.1 2091.3 -0.7578281164 0.6089435816 -0.2342738956 0.6518071294 0.6906011105 -0.3133968115 -0.0290511567 -0.3902023137 -0.9202706814
-70.7 177.6 2532.5 0.4145041406 0.8981974721 0.1463816762 -0.8501403332 0.4395713210 -0.2898938954 -0.3247271478 -0.0042827399 0.9457980394
78.3 -128.1 2415.8 -0.0280381292 0.8981974721 0.4386970997 0.0475635417 0.4395713210 -0.8969474435 -0.9984745979 -0.0042827399 -0.0550462119
-249.4 -171.9 2317.8 0.5384675860 0.0357901230 -0.8418858051 0.0011399533 0.9990657568 0.0432012416 0.8426454663 -0.0242221784 0.5379236937
-263.3 -559.7 2327.2 0.5450865626 0.1224195138 -0.8293938041 0.0491348654 0.9829165936 0.1773716211 0.8369387388 -0.1374350339 0.5297595263
-181.8 -194.2 2482.1 0.5335837603 0.0034288452 -0.8457402587 -0.0351043120 0.9992197752 -0.0180964805 0.8450183868 0.0393451191 0.5332878828
-183.1 -582.0 2466.8 0.5275179148 -0.0878523588 -0.8449892402 0.0626773536 0.9959526658 -0.0644190013 0.8472286463 -0.0189795047 0.5308892727
99.5 -144.8 2099.1 0 0 0 0 0 0 0 0 0
71.2 -116.1 2162.6 0 0 0 0 0 0 0 0 0
-309.0 -926.6 2378.5 0 0 0 0 0 0 0 0 0
-159.2 -853.5 2472.0 0 0 0 0 0 0 0 0 0
-74.2 386.6 2425.5 54 0.4069952071 0.2537266910 -0.8774837255 -0.1677306443 0.9650712609 0.2012558728 0.8978982568 0.0652707368 0.4353371263
-124.9 193.9 2412.5 0.4069952071 0.2537266910 -0.8774837255 -0.1677306443 0.9650712609 0.2012558728 0.8978982568 0.0652707368 0.4353371263
-168.9 4.9 2406.0 0.4168232381 0.2269354612 -0.8802037835 -0.1280963570 0.9733356833 0.1902864426 0.8999165297 0.0334350765 0.4347785413
-181.8 211.4 2289.6 -0.2617866993 0.6278872490 -0.7329565883 0.6533622146 0.6742526293 0.3442400992 0.7103418708 -0.3887686431 -0.5867481828
-108.7 29.0 2091.3 -0.7372996807 0.6278872490 -0.2492927164 0.6752806306 0.6742526293 -0.2989640832 -0.0196294673 -0.3887686431 -0.9211262465
-68.0 176.4 2535.3 0.4115214050 0.8991742730 0.1487810314 -0.8490673900 0.4375675023 -0.2960054278 -0.3312622011 -0.0045125638 0.9435279369
80.0 -129.0 2416.2 -0.0311792139 0.8991742730 0.4364785552 0.0537784696 0.4375675023 -0.8975759149 -0.9980660081 -0.0045125638 -0.0619992241
-251.4 -173.1 2317.7 0.5412380099 0.0317697488 -0.8402690291 -0.0049245218 0.9993886352 0.0346138999 0.8408550024 -0.0145964352 0.5410636067
-263.7 -561.1 2323.3 0.5521366000 0.1263302416 -0.8241273165 0.0678739101 0.9783629179 0.1954461336 0.8309863210 -0.1638497114 0.5316154361
-177.3 -194.9 2479.1 0.5363663435 0.0102543170 -0.8439229727 -0.0283149872 0.9995819330 -0.0058502690 0.8435101509 0.0270335563 0.5364324450
-181.3 -582.9 2468.6 0.5314592123 -0.0811965764 -0.8431833982 0.0546345934 0.9966084957 -0.0615348257 0.8453201652 -0.0133637292 0.5340929627
90.3 -153.3 2096.6 0 0 0 0 0 0 0 0 0
72.1 -115.3 2163.0 0 0 0 0 0 0 0 0 0
-310.9 -926.2 2384.5 0 0 0 0 0 0 0 0 0
-159.3 -852.7 2472.2 0 0 0 0 0 0 0 0 0
-73.6 387.1 2427.2 55 0.4154169858 0.2585763931 -0.8721048832 -0.1813539118 0.9630414844 0.1991529763 0.8913694620 0.0754280984 0.4469576180
-125.2 195.1 2412.2 0.4154169858 0.2585763931 -0.8721048832 -0.1813539118 0.9630414844 0.1991529763 0.8913694620 0.0754280984 0.4469576180
-170.2 6.5 2403.6 0.4253614545 0.2321070582 -0.8747536540 -0.1421435177 0.9716913700 0.1887091845 0.8937912583 0.0440709442 0.4463125765
-183.2 214.5 2290.1 -0.2239313871 0.5312833786 -0.8170634508 0.6620378494 0.6981651187 0.2725277245 0.7152346373 -0.4798994362 -0.5080707669
-122.7 35.6 2096.8 -0.7926506400 0.5312833786 -0.2990702093 0.6096045971 0.6981651187 -0.3754300773 0.0093406308 -0.4798994362 -0.8772737980
-67.1 175.7 2534.3 0.4039693177 0.9012122750 0.1569240987 -0.8464949727 0.4333063960 -0.3093409240 -0.3467780650 -0.0078712245 0.9379141927
78.2 -128.7 2409.5 -0.0410857797 0.9012122750 0.4314259589 0.0673433766 0.4333063960 -0.8987271190 -0.9968835711 -0.0078712245 -0.0784934163
-250.3 -172.5 2318.9 0.5504150987 0.0383385122 -0.8340104222 -0.0017849655 0.9989968538 0.0447447449 0.8348892331 -0.0231395047 0.5499314070
-265.2 -560.3 2327.9 0.5571466684 0.0964124799 -0.8247982860 0.0570699386 0.9864434600 0.1538579613 0.8284507394 -0.1327926368 0.5440914631
-175.6 -195.5 2480.0 0.5449401140 0.0216819011 -0.8381946087 -0.0355604552 0.9993637800 0.0027318101 0.8377205729 0.0283179078 0.5453644395
-184.1 -583.4 2469.0 0.5379961729 -0.1010452285 -0.8368691206 0.0548361130 0.9948818088 -0.0848716199 0.8411617875 -0.0002300445 0.5407835245
90.5 -128.4 2094.3 0 0 0 0 0 0 0 0 0
67.8 -111.6 2156.6 0 0 0 0 0 0 0 0 0
-301.1 -928.1 2377.4 0 0 0 0 0 0 0 0 0
-156.7 -852.3 2469.1 0 0 0 0 0 0 0 0 0
-73.9 385.0 2431.6 56 0.4139627814 0.2606258690 -0.8721863031 -0.1945881397 0.9613257647 0.1949057132 0.8892526627 0.0890334025 0.4486677945
-125.8 193.7 2413.9 0.4139627814 0.2606258690 -0.8721863031 -0.1945881397 0.9613257647 0.1949057132 0.8892526627 0.0890334025 0.4486677945
-171.1 5.4 2402.6 0.4239371717 0.2336191535 -0.8750424981 -0.1556001455 0.9705811143 0.1837415397 0.8922252059 0.0582618676 0.4478165805
-183.7 215.0 2292.0 -0.1488716453 0.4288356304 -0.8910315633 0.6653693318 0.7100211978 0.2305504829 0.7315195799 -0.5585426688 -0.3910361230
-144.4 39.5 2099.1 -0.8567987084 0.4288356304 -0.2863493264 0.5156456828 0.7100211978 -0.4795617163 -0.0023390707 -0.5585426688 -0.8294724822
-67.9 172.5 2535.8 0.4031606913 0.9018716812 0.1552060097 -0.8420633674 0.4320037365 -0.3229583204 -0.3583165407 -0.0004891878 0.9336000085
77.1 -130.4 2406.9 -0.0396548696 0.9018716812 0.4301801324 0.0816577151 0.4320037365 -0.8981674910 -0.9958712459 -0.0004891878 -0.0907758325
-253.4 -169.4 2315.0 0.5499487519 0.0282345302 -0.8347210288 0.0044979360 0.9993138313 0.0367653258 0.8351863027 -0.0239735674 0.5494444370
-264.3 -557.3 2324.3 0.5551161170 0.1048893631 -0.8251329064 0.0480538718 0.9863159657 0.1577073634 0.8303835988 -0.1271967292 0.5424795747
-177.2 -194.8 2475.1 0.5441213846 0.0201597009 -0.8387642503 -0.0319189392 0.9994849563 0.0033162343 0.8383991122 0.0249680337 0.5444846153
-185.0 -582.8 2465.4 0.5365933180 -0.1005270779 -0.8378316760 0.0715384781 0.9947235584 -0.0735345557 0.8408030868 -0.0204790551 0.5409535766
83.9 -97.9 2099.7 0 0 0 0 0 0 0 0 0
67.1 -109.6 2154.2 0 0 0 0 0 0 0 0 0
-303.5 -925.3 2371.8 0 0 0 0 0 0 0 0 0
-157.4 -856.2 2471.1 0 0 0 0 0 0 0 0 0
-70.6 388.6 2430.3 57 0.4128429294 0.2651293576 -0.8713593483 -0.1904501915 0.9606746435 0.2020716816 0.8906679749 0.0825266987 0.4471016526
-123.5 196.9 2413.8 0.4128429294 0.2651293576 -0.8713593483 -0.1904501915 0.9606746435 0.2020716816 0.8906679749 0.0825266987 0.4471016526
-169.8 8.7 2403.0 0.4220640957 0.2384770513 -0.8746374249 -0.1551072299 0.9695507288 0.1895075738 0.8931985497 0.0556782372 0.4462020695
-181.2 218.1 2291.8 -0.0751617253 0.3529039919 -0.9326357841 0.6754966378 0.7060151100 0.2127133161 0.7335223556 -0.6140044332 -0.2914507687
-161.6 42.1 2100.7 -0.8964093924 0.3529039919 -0.2681584060 0.4431914389 0.7060151100 -0.5523803234 -0.0056133387 -0.6140044332 -0.7892826200
-65.9 175.7 2535.8 0.3993128538 0.9040495753 0.1524583995 -0.8451521397 0.4274269938 -0.3209736049 -0.3553408980 -0.0006816585 0.9347365499
77.8 -128.3 2408.0 -0.0380560830 0.9040495753 0.4257300198 0.0789036453 0.4274269938 -0.9006000161 -0.9961555600 -0.0006816585 -0.0875990093
-254.5 -169.1 2311.4 0.5490283370 0.0231633373 -0.8354827166 0.0067299744 0.9994609952 0.0321320817 0.8357766271 -0.0232642014 0.5485765338
-263.5 -557.1 2320.4 0.5560031533 0.1099762991 -0.8238723874 0.0614832565 0.9830505848 0.1727174670 0.8289030790 -0.1466858238 0.5398175716
-178.5 -197.0 2471.2 0.5430510044 0.0132019501 -0.8395959139 -0.0264209732 0.9996499419 -0.0013704300 0.8392839432 0.0229271539 0.5432097316
-183.6 -585.0 2462.3 0.5362996459 -0.0915529206 -0.8390475512 0.0815395713 0.9950696826 -0.0564591289 0.8400797248 -0.0381365642 0.5411207080
76.0 -75.4 2102.2 0 0 0 0 0 0 0 0 0
68.1 -108.3 2155.2 0 0 0 0 0 0 0 0 0
-304.5 -923.9 2375.1 0 0 0 0 0 0 0 0 0
-158.7 -856.4 2472.7 0 0 0 0 0 0 0 0 0
-72.3 382.4 2421.1 58 0.4914876819 0.2636134624 -0.8300287724 -0.1926116794 0.9623880982 0.1915984005 0.8493177295 0.0657049865 0.5237769485
-124.4 192.2 2408.1 0.4914876819 0.2636134624 -0.8300287724 -0.1926116794 0.9623880982 0.1915984005 0.8493177295 0.0657049865 0.5237769485
-170.8 4.0 2399.4 0.4993011653 0.2393154502 -0.8327223063 -0.1625916958 0.9699033499 0.1812496483 0.8510360122 0.0448955707 0.5231845975
-192.4 214.4 2292.3 -0.0585085675 0.3077994585 -0.9496505857 0.6697554588 0.7175186872 0.1912971288 0.7402731776 -0.6248410940 -0.2481313497
-177.7 46.6 2106.8 -0.9173400998 0.3077994585 -0.2524809837 0.3980701268 0.7175186872 -0.5715829730 0.0052268850 -0.6248410940 -0.7807344198
-56.5 170.1 2524.0 0.3680050969 0.8998637199 0.2341313809 -0.8407576084 0.4295734465 -0.3295350373 -0.3971132636 -0.0755771622 0.9146524668
75.7 -131.9 2381.3 -0.1255576611 0.8998637199 0.4177086651 0.0891797915 0.4295734465 -0.8986176252 -0.9880699515 -0.0755771622 -0.1341858953
-253.9 -165.6 2312.2 0.6204697490 0.0216247812 -0.7839322090 0.0132512096 0.9991879463 0.0380507335 0.7841184139 -0.0339973792 0.6196793318
-262.3 -553.5 2325.4 0.6220766306 0.1241758391 -0.7730465531 0.0255936924 0.9835904241 0.1785913259 0.7825379372 -0.1308826059 0.6086905003
-178.3 -193.4 2472.2 0.6147763729 0.0082979295 -0.7886577845 -0.0229078121 0.9997106194 -0.0073386123 0.7883687019 0.0225780308 0.6147885919
-181.5 -581.5 2463.4 0.6090847850 -0.0875885263 -0.7882537246 0.0765128508 0.9957365394 -0.0515218377 0.7894057631 -0.0289303716 0.6131896377
65.3 -58.9 2105.4 0 0 0 0 0 0 0 0 0
44.0 -109.4 2131.5 0 0 0 0 0 0 0 0 0
-308.6 -920.5 2374.2 0 0 0 0 0 0 0 0 0
-157.7 -852.4 2471.3 0 0 0 0 0 0 0 0 0
-70.5 382.1 2418.5 59 0.5183856487 0.2677508295 -0.8121488690 -0.1983643621 0.9614641070 0.1903636009 0.8318220377 0.0624196455 0.5515214205
-123.6 191.5 2406.2 0.5183856487 0.2677508295 -0.8121488690 -0.1983643621 0.9614641070 0.1903636009 0.8318220377 0.0624196455 0.5515214205
-169.8 3.1 2398.4 0.5273632407 0.2384184897 -0.8155026436 -0.1641012132 0.9703307748 0.1775639206 0.8336418867 0.0401842929 0.5508415699
-195.5 213.8 2292.6 -0.0615615547 0.3018013835 -0.9513811469 0.6782078743 0.7119829655 0.1819732487 0.7322869897 -0.6340316534 -0.2485148609
-180.0 42.7 2107.8 -0.9349532723 0.3018013835 -0.1864894181 0.3511222303 0.7119829655 -0.6081064343 -0.0507500619 -0.6340316534 -0.7716400027
-51.7 169.1 2519.8 0.3496644497 0.9068049192 0.2354562581 -0.8375018835 0.4151865542 -0.3552615047 -0.4199111462 -0.0729727298 0.9046267867
74.7 -133.7 2368.0 -0.1249649376 0.9068049192 0.4026023448 0.0994314551 0.4151865542 -0.9042862058 -0.9871662259 -0.0729727298 -0.1420486867
-261.7 -169.8 2314.8 0.6459723711 0.0037953716 -0.7633513808 0.0223395899 0.9994653463 0.0238738023 0.7630338669 -0.0324747749 0.6455422044
-263.2 -557.7 2327.4 0.6452966332 0.1223192289 -0.7540757656 0.0168190617 0.9845837951 0.1741029471 0.7637469172 -0.1250308901 0.6332913041
-172.6 -198.8 2466.7 0.6404076815 0.0159507841 -0.7678694725 -0.0227568634 0.9997394085 0.0017880097 0.7676979303 0.0163292456 0.6406038404
-178.8 -587.0 2460.3 0.6356167793 -0.0790138021 -0.7679505944 0.0829688087 0.9959786534 -0.0338038541 0.7675333619 -0.0422296487 0.6396164298
65.4 -49.4 2121.1 0 0 0 0 0 0 0 0 0
43.9 -109.2 2124.9 0 0 0 0 0 0 0 0 0
-308.8 -925.2 2374.0 0 0 0 0 0 0 0 0 0
-157.5 -854.8 2471.7 0 0 0 0 0 0 0 0 0
-72.6 382.8 2417.8 60 0.5304867625 0.2581002712 -0.8074454069 -0.1977713853 0.9639178514 0.1781821400 0.8242998719 0.0651663318 0.5623905063
-123.8 191.7 2404.8 0.5304867625 0.2581002712 -0.8074454069 -0.1977713853 0.9639178514 0.1781821400 0.8242998719 0.0651663318 0.5623905063
-168.4 3.0 2396.5 0.5390138626 0.2302661240 -0.8102108240 -0.1639660448 0.9721898437 0.1672187001 0.8261834979 0.0427138619 0.5617796183
-197.3 214.1 2292.1 -0.0816017091 0.3051467538 -0.9488027096 0.6891744137 0.7049797773 0.1674578786 0.7199859619 -0.6402257085 -0.2678268850
-176.7 39.7 2110.0 -0.9392853975 0.3051467538 -0.1569345146 0.3335975111 0.7049797773 -0.6258723140 -0.0803472549 -0.6402257085 -0.7639734149
-50.2 169.3 2517.6 0.3487043083 0.9073131084 0.2349217832 -0.8311923742 0.4151918590 -0.3697769046 -0.4330410361 -0.0663223788 0.8989309072
76.3 -132.3 2360.4 -0.1214662418 0.9073131084 0.4025281370 0.1078203768 0.4151918590 -0.9033219218 -0.9867222309 -0.0663223788 -0.1482586414
