-72.2 407.5 2519.9 1 0.9902088642 0.0353187434 -0.1350517869 -0.0282854736 0.9981592298 0.0536476113 0.1366979480 -0.0493023396 0.9893851280
-79.2 210.2 2529.7 0.9902088642 0.0353187434 -0.1350517869 -0.0282854736 0.9981592298 0.0536476113 0.1366979480 -0.0493023396 0.9893851280
-86.0 16.3 2536.7 0.9901456833 0.0353159346 -0.1355149299 -0.0300715435 0.9987246990 0.0405540988 0.1367743164 -0.0360793211 0.9899449944
-214.4 214.3 2511.0 0.6450260282 -0.2049095482 -0.7361748815 0.4191039801 0.9004217982 0.1165863723 0.6389782429 -0.3837350905 0.6666739583
-348.3 127.3 2378.4 -0.9233337045 -0.2049095482 -0.3247567713 -0.0477438085 0.9004217982 -0.4323899448 0.3810189366 -0.3837350905 -0.8411729932
56.0 206.1 2548.4 0.1490488648 0.7785829902 0.6095842719 -0.9136274457 0.3442434072 -0.2162899077 -0.3782449961 -0.5246951580 0.7626438737
86.5 19.1 2471.0 -0.6134401560 0.7785829902 0.1322865039 0.2412476987 0.3442434072 -0.9073566198 -0.7519912124 -0.5246951580 -0.3990040720
-180.8 -173.0 2529.0 0.9687219262 -0.0162907504 0.2476135790 0.0139161292 0.9998388886 0.0113372877 -0.2477583736 -0.0075368569 0.9687925577
-174.4 -561.1 2531.9 0.9685484767 0.0238402989 0.2476801425 -0.0264251083 0.9996254444 0.0071165580 -0.2474177182 -0.0134377060 0.9688157439
-4.1 -178.0 2558.1 0.9377004504 0.0442348309 0.3446174264 -0.0350345187 0.9988449812 -0.0328824222 -0.3456739485 0.0187603571 0.9381671548
-21.3 -565.8 2550.9 0.9364185929 -0.0517790988 0.3470434546 0.0379107818 0.9981922507 0.0466371961 -0.3488309383 -0.0305152461 0.9366887212
-94.5 140.4 2273.6 0 0 0 0 0 0 0 0 0
-73.8 82.2 2274.5 0 0 0 0 0 0 0 0 0
-180.8 -826.1 2535.5 0 0 0 0 0 0 0 0 0
-7.4 -833.4 2559.0 0 0 0 0 0 0 0 0 0
-74.9 413.0 2524.5 2 0.9891511798 0.0325482897 -0.1432501376 -0.0270815715 0.9988346696 0.0399482362 0.1443834454 -0.0356354080 0.9888799191
-81.3 214.6 2531.5 0.9891511798 0.0325482897 -0.1432501376 -0.0270815715 0.9988346696 0.0399482362 0.1443834454 -0.0356354080 0.9888799191
-87.3 20.7 2536.5 0.9891614914 0.0307509638 -0.1435754895 -0.0267553069 0.9992013574 0.0296783522 0.1443734616 -0.0255152769 0.9891942739
-216.4 218.3 2511.8 0.6173971295 -0.2148577869 -0.7567409873 0.4381054044 0.8928967714 0.1039182469 0.6533639431 -0.3956911564 0.6454022527
-344.7 127.3 2376.0 -0.9222953320 -0.2148577869 -0.3212591410 -0.0522302650 0.8928967714 -0.4472218156 0.3829403222 -0.3956911564 -0.8347366452
53.8 211.0 2551.3 0.1467640549 0.7854523659 0.6012694240 -0.9139787555 0.3401405811 -0.2212402523 -0.3782898188 -0.5170773268 0.7678071856
84.8 18.0 2471.4 -0.6043072343 0.7854523659 0.1337062567 0.2409849465 0.3401405811 -0.9089723229 -0.7594333291 -0.5170773268 -0.3948316276
-181.5 -174.8 2531.5 0.9707055092 -0.0166181363 0.2396968901 0.0145385861 0.9998397827 0.0104414718 -0.2398320138 -0.0066507403 0.9707916379
-175.1 -563.0 2534.0 0.9705432653 0.0225357860 0.2398705333 -0.0229811445 0.9997354746 -0.0009406265 -0.2398282737 -0.0045995810 0.9708044529
-4.2 -180.3 2555.9 0.9399715662 0.0489081033 0.3377297819 -0.0407227054 0.9986806512 -0.0312835537 -0.3388141990 0.0156523809 0.9407230616
-23.2 -568.0 2549.9 0.9378232360 -0.0657724813 0.3408248425 0.0472672358 0.9969358444 0.0623271316 -0.3438799381 -0.0423419811 0.9380584955
-86.9 141.9 2269.0 0 0 0 0 0 0 0 0 0
-74.1 81.3 2271.7 0 0 0 0 0 0 0 0 0
-181.0 -824.5 2535.2 0 0 0 0 0 0 0 0 0
-5.4 -837.2 2561.3 0 0 0 0 0 0 0 0 0
-76.9 411.4 2518.2 3 0.9935713410 0.0283968430 -0.1095882133 -0.0227945335 0.9983848333 0.0520400889 0.1108889878 -0.0492075309 0.9926138520
-82.5 213.3 2528.0 0.9935713410 0.0283968430 -0.1095882133 -0.0227945335 0.9983848333 0.0520400889 0.1108889878 -0.0492075309 0.9926138520
-87.7 19.4 2535.1 0.9935644865 0.0272816867 -0.1099331975 -0.0230407696 0.9989473820 0.0396648049 0.1108995974 -0.0368765965 0.9931471944
-218.1 216.5 2512.8 0.6052505970 -0.2154948115 -0.7663117051 0.4372549355 0.8944293261 0.0938312039 0.6651915312 -0.3918649852 0.6355800629
-343.2 126.2 2375.4 -0.9239561558 -0.2154948115 -0.3160174191 -0.0568936765 0.8944293261 -0.4435755610 0.3782434762 -0.3918649852 -0.8386737704
53.2 210.1 2543.1 0.1590012759 0.7863814831 0.5969277620 -0.9272697568 0.3265275061 -0.1831680685 -0.3389533162 -0.5243891478 0.7811060548
86.2 17.5 2472.7 -0.6057980657 0.7863814831 0.1208838373 0.2415165901 0.3265275061 -0.9138104320 -0.7580755353 -0.5243891478 -0.3877339065
-181.8 -170.9 2528.5 0.9620847106 -0.0132560357 0.2724284232 0.0058619883 0.9995924830 0.0279372614 -0.2726877332 -0.0252810400 0.9617703557
-176.7 -558.9 2538.3 0.9619427919 0.0165688582 0.2727481425 -0.0125923129 0.9997874498 -0.0163236745 -0.2729606330 0.0122679109 0.9619469643
-4.6 -175.7 2554.4 0.9280739427 0.0461214222 0.3695288301 -0.0407674685 0.9989200234 -0.0222888887 -0.3701577485 0.0056209820 0.9289519191
-22.5 -563.5 2552.2 0.9263721704 -0.0607253760 0.3716813028 0.0494289137 0.9979821444 0.0398547612 -0.3733515143 -0.0185485389 0.9275044799
-82.7 142.2 2268.8 0 0 0 0 0 0 0 0 0
-74.3 81.5 2271.8 0 0 0 0 0 0 0 0 0
-181.0 -822.9 2535.1 0 0 0 0 0 0 0 0 0
-6.5 -827.5 2557.1 0 0 0 0 0 0 0 0 0
-76.9 411.6 2515.6 4 0.9918981791 0.0261945743 -0.1243053526 -0.0187382326 0.9979753494 0.0607787296 0.1256457567 -0.0579570495 0.9903808236
-82.1 213.4 2527.1 0.9918981791 0.0261945743 -0.1243053526 -0.0187382326 0.9979753494 0.0607787296 0.1256457567 -0.0579570495 0.9903808236
-87.0 19.5 2535.5 0.9918726683 0.0253709033 -0.1246792227 -0.0197262112 0.9987326860 0.0463017114 0.1256959438 -0.0434659533 0.9911161661
-217.5 216.1 2509.9 0.6285834908 -0.1917782277 -0.7537266612 0.4133093357 0.9033192992 0.1148459464 0.6588308811 -0.3837125301 0.6470753551
-346.2 131.4 2375.0 -0.9268434048 -0.1917782277 -0.3227730393 -0.0381132551 0.9033192992 -0.4272722602 0.3735086322 -0.3837125301 -0.8445448279
53.4 210.7 2544.3 0.1851141006 0.7635180354 0.6186864972 -0.9099110961 0.3709780574 -0.1855722964 -0.3712069094 -0.5285976529 0.7634068131
92.7 17.3 2465.4 -0.6296936274 0.7635180354 0.1432693005 0.2460864335 0.3709780574 -0.8954421878 -0.7368360758 -0.5285976529 -0.4214939475
-181.9 -172.4 2532.3 0.9659041762 -0.0126580279 0.2585901022 0.0124122845 0.9999196529 0.0025829794 -0.2586020231 0.0007147831 0.9659836888
-177.0 -560.4 2532.1 0.9659745693 0.0108042872 0.2584112287 -0.0152242417 0.9997699261 0.0151093611 -0.2581885457 -0.0185293742 0.9659168124
-4.0 -176.6 2552.2 0.9333884120 0.0493327565 0.3554607034 -0.0441102907 0.9987667799 -0.0227869954 -0.3561464548 0.0055896435 0.9344134331
-23.2 -564.3 2550.0 0.9317082167 -0.0613001920 0.3579973280 0.0482151657 0.9978058934 0.0453724787 -0.3599931896 -0.0250130109 0.9326195717
-80.7 142.3 2268.0 0 0 0 0 0 0 0 0 0
-73.1 82.1 2271.4 0 0 0 0 0 0 0 0 0
-179.9 -826.4 2537.0 0 0 0 0 0 0 0 0 0
-7.0 -827.8 2556.6 0 0 0 0 0 0 0 0 0
-76.9 410.1 2514.3 5 0.9919247627 0.0261575896 -0.1241010800 -0.0186377559 0.9979408383 0.0613731593 0.1254509091 -0.0585645884 0.9903697371
-82.1 211.8 2525.9 0.9919247627 0.0261575896 -0.1241010800 -0.0186377559 0.9979408383 0.0613731593 0.1254509091 -0.0585645884 0.9903697371
-86.8 18.0 2534.8 0.9919395447 0.0239278860 -0.1244321689 -0.0180471800 0.9986758828 0.0481747724 0.1254201233 -0.0455408096 0.9910579324
-217.6 214.3 2508.8 0.6325004697 -0.1622119844 -0.7573839426 0.3816925883 0.9161296487 0.1225449219 0.6739835739 -0.3665975630 0.6413675547
-346.4 136.6 2371.6 -0.9317955375 -0.1622119844 -0.3247219324 -0.0199543107 0.9161296487 -0.4003852308 0.3624346554 -0.3665975630 -0.8568823338
53.4 209.4 2543.0 0.2101811767 0.7346118093 0.6451119184 -0.8898876905 0.4170117378 -0.1849355102 -0.4048750401 -0.5352071524 0.7413700223
97.9 20.8 2457.3 -0.6552748084 0.7346118093 0.1759556681 0.2314898074 0.4170117378 -0.8789275885 -0.7190461755 -0.5352071524 -0.4433124363
-180.7 -172.6 2532.7 0.9658500552 -0.0087277358 0.2589545846 0.0091933534 0.9999575615 -0.0005871118 -0.2589384615 0.0029477230 0.9658893347
-177.3 -560.7 2531.6 0.9659150839 0.0087319892 0.2587118447 -0.0145486603 0.9996824265 0.0205771532 -0.2584500015 -0.0236396939 0.9657353759
-3.1 -176.1 2555.2 0.9333508611 0.0508117564 0.3553510606 -0.0432527848 0.9986376762 -0.0291894712 -0.3563501239 0.0118740937 0.9342770576
-22.8 -563.8 2550.6 0.9314281344 -0.0643618107 0.3581887782 0.0508791544 0.9976006150 0.0469503924 -0.3603511453 -0.0255065747 0.9324679375
-78.6 142.3 2267.5 0 0 0 0 0 0 0 0 0
-72.6 81.1 2270.2 0 0 0 0 0 0 0 0 0
-179.6 -824.6 2537.8 0 0 0 0 0 0 0 0 0
-5.9 -825.3 2557.3 0 0 0 0 0 0 0 0 0
-75.3 413.9 2512.6 6 0.9901588559 0.0303425603 -0.1366189867 -0.0214463156 0.9975808859 0.0661247596 0.1382948905 -0.0625440478 0.9884142876
-81.3 214.5 2525.1 0.9901588559 0.0303425603 -0.1366189867 -0.0214463156 0.9975808859 0.0661247596 0.1382948905 -0.0625440478 0.9884142876
-86.5 20.7 2534.8 0.9902219772 0.0263743699 -0.1369847804 -0.0192253478 0.9983960390 0.0532519333 0.1381695420 -0.0500976518 0.9891407490
-216.6 217.2 2506.2 0.6418463588 -0.1452997327 -0.7529417276 0.3757413030 0.9155271649 0.1436264217 0.6684697270 -0.3750973940 0.6422228813
-348.7 139.8 2368.7 -0.9408717752 -0.1452997327 -0.3060200512 -0.0105966656 0.9155271649 -0.4021166265 0.3385971189 -0.3750973940 -0.8629333377
53.9 211.9 2544.0 0.2331343293 0.7023228407 0.6726002097 -0.8695354462 0.4602251053 -0.1791674048 -0.4353808463 -0.5430796742 0.7179888487
104.7 22.7 2449.2 -0.6866489649 0.7023228407 0.1877653152 0.2367507219 0.4602251053 -0.8556529284 -0.6873589158 -0.5430796742 -0.4822885394
-180.2 -174.3 2532.4 0.9690369368 -0.0102550862 0.2467027754 0.0126908254 0.9998851418 -0.0082851527 -0.2465894818 0.0111594815 0.9690557718
-176.3 -562.4 2528.0 0.9691812396 0.0134842005 0.2459794134 -0.0233604573 0.9990319014 0.0372769833 -0.2452386171 -0.0418743454 0.9685579538
-2.5 -177.5 2554.8 0.9377032518 0.0557424836 0.3429364264 -0.0473962948 0.9983415008 -0.0326777063 -0.3441892266 0.0143880770 0.9387900829
-24.2 -565.1 2549.2 0.9351062775 -0.0748896003 0.3463636935 0.0614245571 0.9968731999 0.0497076996 -0.3490032852 -0.0252067428 0.9367824197
-78.0 142.9 2271.3 0 0 0 0 0 0 0 0 0
-70.0 82.9 2274.4 0 0 0 0 0 0 0 0 0
-179.8 -824.0 2539.0 0 0 0 0 0 0 0 0 0
-4.5 -827.4 2555.9 0 0 0 0 0 0 0 0 0
-77.5 407.9 2514.8 7 0.9907646179 0.0240977835 -0.1334345192 -0.0163602792 0.9981366992 0.0587831102 0.1346024275 -0.0560571998 0.9893127680
-82.2 209.6 2525.9 0.9907646179 0.0240977835 -0.1334345192 -0.0163602792 0.9981366992 0.0587831102 0.1346024275 -0.0560571998 0.9893127680
-86.4 15.7 2534.7 0.9907905459 0.0215166938 -0.1336831301 -0.0152263688 0.9987360835 0.0478995107 0.1345448047 -0.0454228744 0.9898658991
-217.6 211.7 2507.6 0.6316551566 -0.1181961745 -0.7661862969 0.3288090229 0.9358582497 0.1267042607 0.7020657659 -0.3319623768 0.6300036907
-346.3 144.7 2364.5 -0.9403901696 -0.1181961745 -0.3188981712 0.0018671455 0.9358582497 -0.3523717523 0.3400924802 -0.3319623768 -0.8798511624
53.1 207.5 2544.3 0.2555867434 0.6948421597 0.6722126007 -0.8603988290 0.4805691242 -0.1696087569 -0.4408959448 -0.5350211859 0.7206684947
107.8 23.3 2449.9 -0.6893614531 0.6948421597 0.2048783898 0.2331368774 0.4805691242 -0.8453996181 -0.6858775020 -0.5350211859 -0.4932791591
-180.3 -171.4 2532.2 0.9681212902 -0.0114664109 0.2502192259 0.0149774831 0.9998142123 -0.0121323206 -0.2500336170 0.0154932123 0.9681131840
-175.8 -559.5 2526.2 0.9682983756 0.0140973115 0.2493983954 -0.0235872809 0.9991052747 0.0351037830 -0.2486803830 -0.0398735665 0.9677644968
-2.9 -174.8 2556.9 0.9359875917 0.0590654500 0.3470425308 -0.0537898727 0.9982436895 -0.0248242095 -0.3478992581 0.0045677782 0.9375208020
-25.8 -562.3 2555.2 0.9333693385 -0.0803047791 0.3498182297 0.0739772916 0.9967643619 0.0314357728 -0.3512108028 -0.0034625803 0.9362900257
-76.7 144.1 2267.0 0 0 0 0 0 0 0 0 0
-68.7 83.0 2274.3 0 0 0 0 0 0 0 0 0
-179.5 -821.7 2536.6 0 0 0 0 0 0 0 0 0
-4.7 -824.8 2556.1 0 0 0 0 0 0 0 0 0
-78.2 407.3 2523.4 8 0.9902046323 0.0231129415 -0.1376976222 -0.0186319370 0.9992568493 0.0337430388 0.1383751929 -0.0308469385 0.9898993969
-82.8 208.9 2529.5 0.9902046323 0.0231129415 -0.1376976222 -0.0186319370 0.9992568493 0.0337430388 0.1383751929 -0.0308469385 0.9898993969
-86.9 15.0 2534.7 0.9902305007 0.0213506948 -0.1377957612 -0.0174670592 0.9994170666 0.0293320660 0.1383416951 -0.0266386196 0.9900262356
-218.1 211.3 2510.6 0.6255319715 -0.1195642203 -0.7709825635 0.3265888989 0.9375718832 0.1195769459 0.7085544467 -0.3265935481 0.6255295277
-347.2 143.9 2364.4 -0.9423996806 -0.1195642203 -0.3123895824 -0.0036711083 0.9375718832 -0.3477721512 0.3344688118 -0.3265935481 -0.8840063810
52.5 206.6 2548.4 0.2707945406 0.7030388117 0.6575763822 -0.8536260128 0.4911243320 -0.1735496968 -0.4449639320 -0.5143280029 0.7331260443
110.8 22.7 2452.6 -0.6777569652 0.7030388117 0.2153646499 0.2436990440 0.4911243320 -0.8363059759 -0.6937263608 -0.5143280029 -0.5041928291
-179.4 -176.8 2531.5 0.9692316651 -0.0096656037 0.2459604442 0.0116463602 0.9999104142 -0.0065997732 -0.2458746135 0.0092612533 0.9692574143
-175.6 -565.0 2527.9 0.9693171978 0.0106226988 0.2455837429 -0.0165233035 0.9996218681 0.0219788160 -0.2452574223 -0.0253622979 0.9691261649
-1.8 -179.5 2555.6 0.9370162487 0.0606807172 0.3439745009 -0.0540717691 0.9981221557 -0.0287830681 -0.3450751305 0.0083708931 0.9385377169
-25.4 -567.0 2552.4 0.9341880679 -0.0816036239 0.3473232985 0.0723099858 0.9965934157 0.0396590233 -0.3493764102 -0.0119340457 0.9369064569
-75.5 145.0 2267.9 0 0 0 0 0 0 0 0 0
-64.6 85.8 2273.0 0 0 0 0 0 0 0 0 0
-178.4 -823.9 2534.5 0 0 0 0 0 0 0 0 0
-4.0 -827.9 2555.5 0 0 0 0 0 0 0 0 0
-77.1 417.8 2525.7 9 0.9872866869 0.0247618090 -0.1570089757 -0.0204922967 0.9993764758 0.0287537500 0.1576230675 -0.0251707211 0.9871785045
-82.0 218.7 2530.7 0.9872866869 0.0247618090 -0.1570089757 -0.0204922967 0.9993764758 0.0287537500 0.1576230675 -0.0251707211 0.9871785045
-86.4 24.7 2534.7 0.9873213172 0.0226029363 -0.1571170092 -0.0190320835 0.9995260835 0.0241949875 0.1575894207 -0.0208979640 0.9872835875
-216.9 221.3 2509.2 0.6166637540 -0.1226158068 -0.7776188850 0.3596131504 0.9225838780 0.1397047192 0.7002886534 -0.3657928109 0.6130182743
-345.6 146.3 2363.0 -0.9459269643 -0.1226158068 -0.3003123105 0.0028890818 0.9225838780 -0.3857857883 0.3243667483 -0.3657928109 -0.8723427057
52.9 216.1 2552.2 0.2722540498 0.7097486854 0.6497187614 -0.8622184992 0.4796912670 -0.1627131253 -0.4271498621 -0.5159002542 0.7425563335
113.9 22.7 2456.4 -0.6737369299 0.7097486854 0.2057553977 0.2483218461 0.4796912670 -0.8415655494 -0.6959991455 -0.5159002542 -0.4994318485
-179.8 -177.4 2527.5 0.9739128947 -0.0067877211 0.2268205583 0.0060903225 0.9999743104 0.0037743622 -0.2268403471 -0.0022944896 0.9739292264
-177.1 -565.6 2528.3 0.9739326835 0.0118510081 0.2265274823 -0.0197960623 0.9992647767 0.0328337066 -0.2259718180 -0.0364621691 0.9734511971
-2.4 -180.6 2552.2 0.9434034228 0.0578191914 0.3265683651 -0.0554512218 0.9983239770 -0.0165644158 -0.3269787729 -0.0024816878 0.9450284243
-24.8 -568.1 2553.2 0.9405302405 -0.0835609064 0.3292726576 0.0749315843 0.9964321852 0.0388351604 -0.3313429952 -0.0118527208 0.9434359074
-74.8 145.4 2270.1 0 0 0 0 0 0 0 0 0
-61.8 87.5 2274.9 0 0 0 0 0 0 0 0 0
-180.2 -823.5 2537.8 0 0 0 0 0 0 0 0 0
-2.6 -832.8 2556.3 0 0 0 0 0 0 0 0 0
-77.0 415.3 2527.3 0 0.9895346165 0.0265584588 -0.1418304145 -0.0235759784 0.9994650483 0.0226679444 0.1423565596 -0.0190869253 0.9896314144
-82.2 216.6 2531.1 0.9895346165 0.0265584588 -0.1418304145 -0.0235759784 0.9994650483 0.0226679444 0.1423565596 -0.0190869253 0.9896314144
-86.9 22.6 2534.3 0.9895875454 0.0240237676 -0.1419129819 -0.0214836523 0.9995808601 0.0194044560 0.1423196793 -0.0161535982 0.9896889329
-217.4 219.6 2511.7 0.6044723392 -0.1414633244 -0.7839651704 0.3653461635 0.9237391949 0.1150133163 0.7079091668 -0.3559410274 0.6100578308
-344.4 142.8 2363.0 -0.9408906698 -0.1414633244 -0.3077546358 -0.0136823971 0.9237391949 -0.3827776015 0.3384340107 -0.3559410274 -0.8710731268
52.9 213.7 2550.6 0.2876202464 0.7124300003 0.6400922537 -0.8634834290 0.4820219278 -0.1484966725 -0.4143319726 -0.5099983811 0.7538107634
116.3 23.6 2459.3 -0.6693029404 0.7124300003 0.2108959109 0.2483262867 0.4820219278 -0.8402314782 -0.7002625465 -0.5099983811 -0.4995337725
-179.2 -167.6 2524.7 0.9703317285 -0.0094571263 0.2415923476 0.0051378869 0.9998156428 0.0185019411 -0.2417227775 -0.0167117473 0.9702014327
-175.5 -555.7 2531.2 0.9702404737 0.0167341568 0.2415645421 -0.0225519538 0.9995179176 0.0213389285 -0.2410909981 -0.0261516441 0.9701501131
-2.3 -171.0 2552.9 0.9385295510 0.0567606390 0.3405004144 -0.0493309498 0.9983183742 -0.0304452926 -0.3416559100 0.0117765982 0.9397513270
-24.4 -558.5 2548.3 0.9358215332 -0.0764091313 0.3440925777 0.0613292269 0.9966277480 0.0545151234 -0.3470976651 -0.0299134944 0.9373518229
-75.5 146.7 2266.2 0 0 0 0 0 0 0 0 0
-59.8 88.9 2275.2 0 0 0 0 0 0 0 0 0
-180.0 -822.7 2538.2 0 0 0 0 0 0 0 0 0
-3.6 -828.6 2556.4 0 0 0 0 0 0 0 0 0
-80.5 411.8 2528.6 1 0.9917982817 0.0182869695 -0.1264980733 -0.0161310490 0.9997069836 0.0180466454 0.1267910302 -0.0158580840 0.9918026924
-84.1 213.8 2531.8 0.9917982817 0.0182869695 -0.1264980733 -0.0161310490 0.9997069836 0.0180466454 0.1267910302 -0.0158580840 0.9918026924
-87.6 19.7 2534.0 0.9917988181 0.0177058708 -0.1265765876 -0.0161017999 0.9997767210 0.0136847682 0.1267906278 -0.0115344264 0.9918624163
-219.6 216.0 2514.5 0.6037560105 -0.2062607259 -0.7700228691 0.3715721071 0.9274114370 0.0429212265 0.7052750587 -0.3120329678 0.6365709305
-347.9 137.0 2364.6 -0.9341107607 -0.2062607259 -0.2913651466 -0.0916690826 0.9274114370 -0.3626359701 0.3450129330 -0.3120329678 -0.8852127194
51.3 211.6 2549.1 0.2978307009 0.7110748887 0.6369218230 -0.8559845090 0.4942856133 -0.1515658498 -0.4225959778 -0.5000542402 0.7558825016
116.8 23.6 2456.3 -0.6700214744 0.7110748887 0.2131754756 0.2607262135 0.4942856133 -0.8292789459 -0.6950489879 -0.5000542402 -0.5165778399
-180.2 -169.5 2524.6 0.9664439559 -0.0135437008 0.2565201819 0.0089460360 0.9997779131 0.0190817341 -0.2567216456 -0.0161465891 0.9663504958
-174.9 -557.6 2530.9 0.9663840532 0.0181449726 0.2564617395 -0.0249308702 0.9994191527 0.0232329499 -0.2558912039 -0.0288457666 0.9662750959
-2.9 -173.3 2550.1 0.9327403903 0.0568965636 0.3560311794 -0.0535430275 0.9983794689 -0.0192753393 -0.3565509319 -0.0010840995 0.9342752695
-25.0 -560.9 2550.6 0.9298161268 -0.0800952390 0.3592028618 0.0655040368 0.9964633584 0.0526311509 -0.3621479869 -0.0254080556 0.9317742586
-81.8 163.1 2266.3 0 0 0 0 0 0 0 0 0
-59.8 92.3 2273.2 0 0 0 0 0 0 0 0 0
-179.8 -826.3 2538.7 0 0 0 0 0 0 0 0 0
-3.9 -823.7 2557.3 0 0 0 0 0 0 0 0 0
-80.1 408.8 2520.8 2 0.9951840639 0.0217625648 -0.0955773517 -0.0184862446 0.9992151856 0.0350320339 0.0962647349 -0.0330964588 0.9948053956
-84.4 210.9 2527.4 0.9951840639 0.0217625648 -0.0955773517 -0.0184862446 0.9992151856 0.0350320339 0.0962647349 -0.0330964588 0.9948053956
-88.5 16.9 2532.4 0.9951709509 0.0216619074 -0.0957369581 -0.0190912653 0.9994343519 0.0276860837 0.0962825343 -0.0257246457 0.9950215816
-220.3 213.6 2514.2 0.6050633788 -0.2512687147 -0.7554881573 0.3851968944 0.9228330851 0.0015744317 0.6967938542 -0.2919643223 0.6551604271
-347.6 132.5 2367.5 -0.9243698120 -0.2512687147 -0.2870617807 -0.1393267512 0.9228330851 -0.3591200113 0.3551457226 -0.2919643223 -0.8880475163
51.5 208.3 2540.5 0.2960711420 0.7126220465 0.6360123158 -0.8603808880 0.4881592393 -0.1464422792 -0.4148332775 -0.5038554668 0.7576562762
114.9 24.0 2451.7 -0.6733590364 0.7126220465 0.1968690157 0.2743970156 0.4881592393 -0.8284967542 -0.6865084767 -0.5038554668 -0.5242477655
-179.9 -172.9 2524.9 0.9579525590 -0.0131612504 0.2866245806 0.0102101546 0.9998784065 0.0117882639 -0.2867448628 -0.0083661173 0.9579704404
-174.7 -561.1 2528.1 0.9579207301 0.0213921331 0.2862346172 -0.0328712650 0.9988339543 0.0353586823 -0.2851444483 -0.0432797074 0.9575069547
-2.2 -175.8 2547.6 0.9216517806 0.0541327968 0.3842234015 -0.0516674779 0.9985239506 -0.0167440958 -0.3845626712 -0.0044196281 0.9230883121
-23.2 -563.5 2549.3 0.9192114472 -0.0723758414 0.3870556355 0.0563285016 0.9970225692 0.0526604988 -0.3897145689 -0.0266038682 0.9205513597
-85.4 172.0 2266.8 0 0 0 0 0 0 0 0 0
-59.3 95.0 2274.0 0 0 0 0 0 0 0 0 0
-180.6 -832.3 2539.9 0 0 0 0 0 0 0 0 0
-4.0 -827.7 2556.4 0 0 0 0 0 0 0 0 0
-79.3 411.1 2524.9 3 0.9944845438 0.0249955319 -0.1018614620 -0.0225309357 0.9994266033 0.0252748504 0.1024348140 -0.0228404142 0.9944774508
-84.2 212.9 2529.4 0.9944845438 0.0249955319 -0.1018614620 -0.0225309357 0.9994266033 0.0252748504 0.1024348140 -0.0228404142 0.9944774508
-88.7 18.9 2532.8 0.9945181608 0.0230083950 -0.1020010561 -0.0211296007 0.9995872974 0.0194618348 0.1024067476 -0.0171999056 0.9945939183
-220.1 215.8 2515.4 0.6243852973 -0.3024106026 -0.7202019095 0.4144001901 0.9098101258 -0.0227586497 0.6621294618 -0.2842416465 0.6933910847
-353.1 127.5 2374.4 -0.9035046101 -0.3024106026 -0.3036893606 -0.1785989404 0.9098101258 -0.3746303618 0.3895918727 -0.2842416465 -0.8760278821
51.6 210.0 2543.4 0.2692902684 0.7312010527 0.6267597079 -0.8542658091 0.4818391502 -0.1950920373 -0.4446488917 -0.4828830361 0.7543946505
110.8 22.1 2445.6 -0.6541379094 0.7312010527 0.1935163438 0.2944502831 0.4818391502 -0.8253060579 -0.6967083812 -0.4828830361 -0.5304916501
-181.8 -175.3 2528.7 0.9596837759 -0.0167320315 0.2805834413 0.0167476777 0.9998570085 0.0023421301 -0.2805825174 0.0024514170 0.9598267674
-175.3 -563.5 2527.8 0.9598919153 0.0186388642 0.2797500789 -0.0310936105 0.9987097979 0.0401490144 -0.2786408067 -0.0472371541 0.9592329860
-3.6 -178.8 2546.0 0.9236436486 0.0504985005 0.3799109161 -0.0564167611 0.9983973503 0.0044521340 -0.3790772259 -0.0255455300 0.9250123501
-23.2 -566.3 2555.9 0.9218947291 -0.0707213134 0.3809312284 0.0655932352 0.9974959493 0.0264461469 -0.3818476498 0.0006059489 0.9242250919
-99.2 177.7 2264.9 0 0 0 0 0 0 0 0 0
-54.1 96.3 2269.9 0 0 0 0 0 0 0 0 0
-180.4 -834.1 2540.6 0 0 0 0 0 0 0 0 0
-5.1 -821.5 2555.7 0 0 0 0 0 0 0 0 0
-79.2 411.3 2520.9 4 0.9959067702 0.0251067821 -0.0868292227 -0.0223592240 0.9992225170 0.0324724577 0.0875769928 -0.0303981062 0.9956938624
-84.2 213.1 2527.0 0.9959067702 0.0251067821 -0.0868292227 -0.0223592240 0.9992225170 0.0324724577 0.0875769928 -0.0303981062 0.9956938624
-88.8 19.0 2531.2 0.9959124327 0.0241107494 -0.0870466530 -0.0221305508 0.9994754791 0.0236426406 0.0875710398 -0.0216196086 0.9959236383
-220.2 216.1 2515.0 0.6222084165 -0.3457338810 -0.7023708224 0.4441002607 0.8947428465 -0.0470122434 0.6446950436 -0.2826716602 0.7102570534
-352.9 121.4 2377.5 -0.8817737699 -0.3457338810 -0.3208473921 -0.2067945898 0.8947428465 -0.3958171010 0.4239233136 -0.2826716602 -0.8604567051
51.9 210.0 2538.9 0.2507290840 0.7448003292 0.6183909774 -0.8568699360 0.4679915905 -0.2162354290 -0.4504539967 -0.4756641388 0.7555360794
106.9 21.8 2440.0 -0.6417820454 0.7448003292 0.1827246696 0.3071919978 0.4679915905 -0.8286235332 -0.7026726604 -0.4756641388 -0.5291453004
-182.2 -173.2 2526.9 0.9553842545 -0.0167513508 0.2948903441 0.0145869553 0.9998481274 0.0095379790 -0.2950053215 -0.0048108827 0.9554834962
-175.7 -561.4 2528.8 0.9555940032 0.0143852625 0.2943351865 -0.0262323283 0.9989950657 0.0363417268 -0.2935166359 -0.0424490310 0.9550110102
-4.0 -177.0 2545.3 0.9180489182 0.0491349660 0.3934105933 -0.0538692735 0.9985474944 0.0009939601 -0.3927903175 -0.0221052468 0.9193623662
-23.1 -564.7 2553.9 0.9163569808 -0.0660792664 0.3948713839 0.0566784851 0.9977633357 0.0354387239 -0.3963299394 -0.0100938110 0.9180526733
-108.6 178.7 2260.1 0 0 0 0 0 0 0 0 0
-51.0 97.4 2267.0 0 0 0 0 0 0 0 0 0
-179.5 -825.8 2540.0 0 0 0 0 0 0 0 0 0
-5.7 -827.1 2556.5 0 0 0 0 0 0 0 0 0
-79.5 413.9 2515.9 5 0.9950860143 0.0256543215 -0.0956332460 -0.0211810339 0.9986466169 0.0475007482 0.0967224166 -0.0452417210 0.9942826629
-84.6 215.4 2524.9 0.9950860143 0.0256543215 -0.0956332460 -0.0211810339 0.9986466169 0.0475007482 0.0967224166 -0.0452417210 0.9942826629
-89.2 21.5 2531.7 0.9951090217 0.0237179957 -0.0958932713 -0.0202498697 0.9991108179 0.0369794406 0.0966850817 -0.0348567478 0.9947044849
-220.5 218.2 2511.7 0.5907438993 -0.4171555340 -0.6906539798 0.5022583604 0.8600357771 -0.0898606926 0.6314730048 -0.2938020825 0.7175807953
-346.9 110.7 2376.6 -0.8553637862 -0.4171555340 -0.3071384132 -0.2622818351 0.8600357771 -0.4376604259 0.4467225075 -0.2938020825 -0.8450558186
51.4 212.7 2538.1 0.2334799021 0.7624680996 0.6034314632 -0.8695467114 0.4414599836 -0.2213631421 -0.4351731837 -0.4730279744 0.7660736442
103.3 19.3 2441.4 -0.6263027787 0.7624680996 0.1624413431 0.3200194240 0.4414599836 -0.8382723927 -0.7108673453 -0.4730279744 -0.5204922557
-182.7 -173.0 2527.5 0.9578425884 -0.0205971338 0.2865541875 0.0172395054 0.9997500181 0.0142355403 -0.2867757678 -0.0086953547 0.9579582810
-174.7 -561.1 2530.9 0.9579102993 0.0216523483 0.2862499654 -0.0308715403 0.9991385341 0.0277326517 -0.2854028940 -0.0354023688 0.9577535391
-4.3 -177.0 2543.2 0.9217953682 0.0480870865 0.3846828938 -0.0530130751 0.9985913634 0.0022040452 -0.3840350211 -0.0224249009 0.9230461717
-23.0 -564.6 2551.9 0.9204031825 -0.0599846765 0.3863415718 0.0467915274 0.9979583025 0.0434722342 -0.3881604373 -0.0219344683 0.9213307500
-110.5 183.2 2253.1 0 0 0 0 0 0 0 0 0
-50.0 97.6 2267.3 0 0 0 0 0 0 0 0 0
-180.5 -826.6 2540.3 0 0 0 0 0 0 0 0 0
-6.8 -833.4 2557.8 0 0 0 0 0 0 0 0 0
-79.2 409.9 2514.5 6 0.9937883019 0.0311320014 -0.1068440974 -0.0256398823 0.9982970953 0.0523975864 0.1082933918 -0.0493326373 0.9928941727
-85.4 212.7 2524.2 0.9937883019 0.0311320014 -0.1068440974 -0.0256398823 0.9982970953 0.0523975864 0.1082933918 -0.0493326373 0.9928941727
-91.3 18.8 2531.2 0.9937665462 0.0304283239 -0.1072481871 -0.0263449363 0.9988805652 0.0392877944 0.1083235964 -0.0362174474 0.9934557080
-221.1 216.3 2509.4 0.5830315948 -0.4714239538 -0.6616899967 0.5332309008 0.8365135193 -0.1261347234 0.6129755378 -0.2792930007 0.7390915751
-344.6 103.4 2379.6 -0.8356199861 -0.4714239538 -0.2819551229 -0.3224399984 0.8365135193 -0.4430322647 0.4447152913 -0.2792930007 -0.8510133624
50.4 209.1 2539.0 0.3155618906 0.7677917480 0.5575988889 -0.8834809065 0.4521419704 -0.1225934774 -0.3462401330 -0.4539421499 0.8210080862
119.4 15.9 2463.3 -0.6111557484 0.7677917480 0.1923135519 0.3041785359 0.4521419704 -0.8384765983 -0.7307284474 -0.4539421499 -0.5098749399
-182.9 -170.6 2529.8 0.9610933065 -0.0186091196 0.2755964100 0.0178743601 0.9998268485 0.0051777465 -0.2756450474 -0.0000501879 0.9612594843
-175.7 -558.8 2529.8 0.9613165259 0.0132703409 0.2751262784 -0.0215035770 0.9994059801 0.0269304886 -0.2746054828 -0.0318049230 0.9610308409
-4.6 -174.2 2547.1 0.9262843132 0.0503128357 0.3734515011 -0.0513417087 0.9986552000 -0.0071981424 -0.3733114302 -0.0125061115 0.9276217818
-24.2 -561.9 2552.0 0.9238721132 -0.0707985982 0.3760955632 0.0501885936 0.9966657162 0.0643312410 -0.3793961406 -0.0405581333 0.9243449569
-113.6 192.5 2256.6 0 0 0 0 0 0 0 0 0
-33.0 91.7 2281.2 0 0 0 0 0 0 0 0 0
-179.3 -829.1 2538.4 0 0 0 0 0 0 0 0 0
-4.9 -833.4 2563.0 0 0 0 0 0 0 0 0 0
-78.6 411.5 2512.7 7 0.9931352735 0.0368905403 -0.1110019535 -0.0313597284 0.9981976748 0.0511666685 0.1126894578 -0.0473344326 0.9925021529
-85.9 213.7 2522.1 0.9931352735 0.0368905403 -0.1110019535 -0.0313597284 0.9981976748 0.0511666685 0.1126894578 -0.0473344326 0.9925021529
-92.4 19.8 2528.9 0.9932073355 0.0334326252 -0.1114515662 -0.0293131117 0.9988324642 0.0383986831 0.1126052067 -0.0348708630 0.9930277467
-221.6 217.7 2506.7 0.5756414533 -0.5388290882 -0.6150611043 0.5909151435 0.7940346599 -0.1425771713 0.5652045608 -0.2813756168 0.7754815221
-341.7 94.3 2388.7 -0.7924261689 -0.5388290882 -0.2858740687 -0.3643991947 0.7940346599 -0.4865410924 0.4891563654 -0.2813756168 -0.8255627155
49.8 209.7 2537.5 0.3561069965 0.7828793526 0.5101839900 -0.8991409540 0.4357312918 -0.0410335660 -0.2544274628 -0.4441149831 0.8590858579
127.8 12.6 2481.7 -0.5899316669 0.7828793526 0.1976880133 0.2930619717 0.4357312918 -0.8510305285 -0.7523930669 -0.4441149831 -0.4864838421
-186.2 -172.7 2528.5 0.9620167613 -0.0296716057 0.2713730037 0.0292029958 0.9995568991 0.0057658097 -0.2714238465 0.0023780989 0.9624570012
-174.7 -560.8 2527.6 0.9625046849 0.0196565650 0.2705518901 -0.0290062763 0.9991106391 0.0306026042 -0.2697097361 -0.0373028517 0.9622188807
-8.2 -177.4 2548.0 0.9283884168 0.0392363891 0.3695341647 -0.0396903977 0.9991917014 -0.0063771354 -0.3694856763 -0.0087465001 0.9291952848
-23.4 -565.3 2551.3 0.9256488085 -0.0735618249 0.3711643517 0.0590681024 0.9969866872 0.0502845757 -0.3737449348 -0.0246218815 0.9272046685
-124.2 194.4 2254.4 0 0 0 0 0 0 0 0 0
-20.5 86.3 2292.5 0 0 0 0 0 0 0 0 0
-180.0 -829.2 2537.6 0 0 0 0 0 0 0 0 0
-4.3 -824.6 2557.8 0 0 0 0 0 0 0 0 0
-76.1 411.6 2514.3 8 0.9927034974 0.0386899933 -0.1142054126 -0.0335756205 0.9983597994 0.0463717170 0.1158122197 -0.0421988480 0.9923743010
-83.7 213.8 2522.7 0.9927034974 0.0386899933 -0.1142054126 -0.0335756205 0.9983597994 0.0463717170 0.1158122197 -0.0421988480 0.9923743010
-90.5 19.9 2528.8 0.9928045869 0.0346947797 -0.1146096364 -0.0308245923 0.9988988042 0.0353702940 0.1157105938 -0.0315829962 0.9927807450
-219.4 218.0 2506.9 0.5706996918 -0.5789847374 -0.5823044777 0.6268405914 0.7652443051 -0.1465333104 0.5304457545 -0.2813855708 0.7996558547
-338.9 86.8 2395.8 -0.7500117421 -0.5789847374 -0.3197796643 -0.3645170033 0.7652443051 -0.5305926204 0.5519145727 -0.2813855708 -0.7849919796
51.9 209.6 2538.5 0.3564471006 0.7813037634 0.5123571754 -0.8974277377 0.4388704896 -0.0449016094 -0.2599402666 -0.4437985122 0.8575977683
129.6 14.0 2481.8 -0.5900442004 0.7813037634 0.2034999877 0.2875210345 0.4388704896 -0.8513074517 -0.7544398308 -0.4437985122 -0.4835942686
-187.9 -171.5 2525.5 0.9628213048 -0.0342509001 0.2679590285 0.0320984013 0.9994076490 0.0124108056 -0.2682253718 -0.0033483319 0.9633503556
-174.6 -559.5 2526.8 0.9635142088 0.0177814625 0.2670659721 -0.0284806266 0.9989371300 0.0362416990 -0.2661376894 -0.0425255969 0.9629965425
-9.9 -176.7 2545.7 0.9297519922 0.0300541874 0.3669577241 -0.0332689397 0.9994434714 0.0024373443 -0.3666802347 -0.0144744199 0.9302344322
-21.6 -564.7 2551.3 0.9278571010 -0.0610635206 0.3679028451 0.0478791222 0.9978449345 0.0448676758 -0.3698497415 -0.0240159258 0.9287811518
-132.8 186.9 2244.2 0 0 0 0 0 0 0 0 0
-19.4 86.6 2291.3 0 0 0 0 0 0 0 0 0
-179.4 -830.4 2538.4 0 0 0 0 0 0 0 0 0
-5.5 -827.8 2557.7 0 0 0 0 0 0 0 0 0
-79.6 409.4 2495.7 9 0.9965584278 0.0017290085 -0.0828749761 0.0099770995 0.9900122881 0.1406275183 0.0822903886 -0.1409703940 0.9865878820
-79.9 202.6 2525.1 0.9965584278 0.0017290085 -0.0828749761 0.0099770995 0.9900122881 0.1406275183 0.0822903886 -0.1409703940 0.9865878820
-87.2 8.8 2531.2 0.9956829548 0.0373810530 -0.0849597380 -0.0345446877 0.9988035560 0.0346137471 0.0861519873 -0.0315294079 0.9957829714
-215.9 207.4 2513.3 0.5624204874 -0.6320441365 -0.5331073403 0.6413546205 0.7403978109 -0.2011848092 0.5218691826 -0.2287603915 0.8217793107
-334.3 72.4 2403.5 -0.6837213039 -0.6320441365 -0.3647538722 -0.3938514590 0.7403978109 -0.5446944833 0.6143339276 -0.2287603915 -0.7551572919
56.0 197.9 2536.9 0.3635971248 0.7838786244 0.5033203959 -0.8950856924 0.4436795413 -0.0443859361 -0.2581061423 -0.4343762696 0.8629591465
131.4 12.4 2483.4 -0.5862121582 0.7838786244 0.2046693861 0.2982244492 0.4436795413 -0.8451098204 -0.7532711625 -0.4343762696 -0.4938621223
-186.1 -171.2 2524.6 0.9547591209 -0.0256583970 0.2962713242 0.0213620681 0.9996145964 0.0177299585 -0.2966120541 -0.0105988709 0.9549392462
-176.2 -559.3 2528.7 0.9551268816 0.0094887111 0.2960449159 -0.0180319306 0.9994956255 0.0261408146 -0.2956475616 -0.0303060561 0.9548162222
-8.2 -176.7 2545.3 0.9182872772 0.0329140164 0.3945442438 -0.0374938995 0.9992892146 0.0039020940 -0.3941353858 -0.0183762442 0.9188686609
-21.0 -564.7 2552.5 0.9162798524 -0.0629740879 0.3955571651 0.0493290164 0.9977869987 0.0445840545 -0.3974894285 -0.0213390272 0.9173585773
-148.9 179.1 2236.9 0 0 0 0 0 0 0 0 0
-17.0 87.9 2292.6 0 0 0 0 0 0 0 0 0
-178.7 -826.8 2536.8 0 0 0 0 0 0 0 0 0
-4.1 -833.2 2558.2 0 0 0 0 0 0 0 0 0
-82.2 416.8 2511.8 0 0.9979557991 -0.0071337102 -0.0635082275 0.0109381117 0.9981528521 0.0597594865 0.0629646182 -0.0603319891 0.9961904883
-80.6 198.3 2525.0 0.9979557991 -0.0071337102 -0.0635082275 0.0109381117 0.9981528521 0.0597594865 0.0629646182 -0.0603319891 0.9961904883
-86.9 4.4 2530.5 0.9974467158 0.0319406874 -0.0638738424 -0.0300514083 0.9990882874 0.0303236544 0.0647841617 -0.0283267312 0.9974972010
-216.9 202.4 2516.2 0.5490017533 -0.6804450154 -0.4853778481 0.6708139181 0.7051334977 -0.2297726721 0.4986038506 -0.1994526237 0.8435714841
-330.4 63.7 2413.1 -0.6189616919 -0.6804450154 -0.3922766447 -0.4073412716 0.7051334977 -0.5803962946 0.6715351939 -0.1994526237 -0.7136240005
55.6 194.2 2533.9 0.3068969250 0.7928658128 0.5264770389 -0.8935766220 0.4304600358 -0.1273771673 -0.3276203275 -0.4313559234 0.8405932188
117.6 13.7 2467.7 -0.5818397999 0.7928658128 0.1811800301 0.3242835104 0.4304600358 -0.8423445821 -0.7458570004 -0.4313559234 -0.5075721145
-183.6 -182.0 2529.6 0.9482643008 -0.0203124806 0.3168314993 0.0209165607 0.9997801185 0.0014947562 -0.3167921901 0.0052096010 0.9484806657
-175.7 -570.1 2527.6 0.9486536384 0.0088673504 0.3161923885 -0.0185492523 0.9994462729 0.0276236068 -0.3157723546 -0.0320703685 0.9482928514
-5.3 -188.2 2545.1 0.9094596505 0.0398114324 0.4138818681 -0.0428638048 0.9990791082 -0.0019132739 -0.4135769010 -0.0160005074 0.9103285670
-20.7 -576.1 2551.3 0.9074220061 -0.0628086179 0.4155001342 0.0432099961 0.9974719882 0.0564142652 -0.4179930389 -0.0332377851 0.9078419805
-161.6 174.8 2230.0 0 0 0 0 0 0 0 0 0
-27.2 94.4 2282.2 0 0 0 0 0 0 0 0 0
-178.0 -826.8 2535.8 0 0 0 0 0 0 0 0 0
-4.4 -835.2 2559.9 0 0 0 0 0 0 0 0 0
-77.2 417.4 2519.9 1 0.9964239001 0.0154003659 -0.0830794498 -0.0126525499 0.9993585944 0.0335002877 0.0835420787 -0.0323293246 0.9959796667
-80.4 208.8 2526.6 0.9964239001 0.0154003659 -0.0830794498 -0.0126525499 0.9993585944 0.0335002877 0.0835420787 -0.0323293246 0.9959796667
-87.1 14.9 2529.2 0.9959090948 0.0345079713 -0.0835118964 -0.0332690515 0.9993154407 0.0161820371 0.0840131342 -0.0133374771 0.9963753819
-216.5 213.4 2515.2 0.4929260910 -0.7616533637 -0.4206042886 0.7527602315 0.6157452464 -0.2328300029 0.4363208711 -0.2018461972 0.8768593073
-323.2 50.3 2420.6 -0.5398935676 -0.7616533637 -0.3583281338 -0.4307724833 0.6157452464 -0.6597672701 0.7231528163 -0.2018461972 -0.6605362296
55.6 204.3 2538.1 0.2457718998 0.8070271611 0.5369388461 -0.8962293267 0.4002188146 -0.1913057119 -0.3692819476 -0.4342027903 0.8216439486
107.5 14.9 2460.1 -0.5703496337 0.8070271611 0.1529981792 0.3377721012 0.4002188146 -0.8519007564 -0.7487398386 -0.4342027903 -0.5008559227
-182.4 -186.9 2530.2 0.9544461966 -0.0189491827 0.2977807224 0.0197040495 0.9998057485 0.0004669373 -0.2977317274 0.0054218196 0.9546341896
-175.0 -575.0 2528.1 0.9547240138 0.0138104772 0.2971721888 -0.0228694752 0.9993730187 0.0270288400 -0.2966125906 -0.0326012559 0.9544412494
-3.7 -192.3 2541.8 0.9168978333 0.0433416665 0.3967617452 -0.0499838553 0.9987294674 0.0064106174 -0.3959797919 -0.0257095620 0.9178992510
-20.6 -580.0 2551.8 0.9156032205 -0.0572540611 0.3979858458 0.0451647379 0.9981906414 0.0396935977 -0.3995383680 -0.0183686595 0.9165324569
-175.3 168.4 2222.4 0 0 0 0 0 0 0 0 0
-34.7 99.1 2273.5 0 0 0 0 0 0 0 0 0
-178.5 -827.5 2536.3 0 0 0 0 0 0 0 0 0
-6.3 -828.1 2556.3 0 0 0 0 0 0 0 0 0
-75.1 415.3 2525.4 2 0.9959210157 0.0271640550 -0.0860432461 -0.0264322236 0.9996041656 0.0096334806 0.0862708762 -0.0073198718 0.9962448478
-80.6 211.1 2526.9 0.9959210157 0.0271640550 -0.0860432461 -0.0264322236 0.9996041656 0.0096334806 0.0862708762 -0.0073198718 0.9962448478
-87.5 17.1 2526.7 0.9956339002 0.0356223918 -0.0862797797 -0.0355736539 0.9993648529 0.0021027934 0.0862998888 0.0009756747 0.9962687492
-216.6 215.9 2515.1 0.4871185124 -0.8000842333 -0.3501153886 0.7954680324 0.5719460845 -0.2002706081 0.3604804873 -0.1809500754 0.9150469303
-323.2 41.9 2436.3 -0.4681334198 -0.8000842333 -0.3751217723 -0.4066574872 0.5719460845 -0.7123954892 0.7845258117 -0.1809500754 -0.5931073427
55.4 206.2 2538.7 0.2396800071 0.8098916411 0.5353774428 -0.8980877399 0.3944218457 -0.1946015805 -0.3687707484 -0.4341738224 0.8218888044
105.9 16.7 2460.9 -0.5649663210 0.8098916411 0.1577610821 0.3254417479 0.3944218457 -0.8593713045 -0.7582221031 -0.4341738224 -0.4864076078
-183.0 -176.1 2524.3 0.9553843737 -0.0203050971 0.2946666479 0.0182221290 0.9997857809 0.0098131560 -0.2948027849 -0.0040058820 0.9555497169
-175.1 -564.2 2525.8 0.9556890130 0.0153932571 0.2939755023 -0.0277938507 0.9988892078 0.0380511954 -0.2930631936 -0.0445358194 0.9550552368
-4.6 -182.1 2539.3 0.9176281095 0.0450529717 0.3948783576 -0.0524842143 0.9985894561 0.0080317622 -0.3939594924 -0.0280950516 0.9186983109
-22.1 -569.8 2550.2 0.9155324697 -0.0698195845 0.3961382806 0.0584940165 0.9974611998 0.0406150073 -0.3979682922 -0.0140126413 0.9172921777
-196.8 151.7 2224.4 0 0 0 0 0 0 0 0 0
-34.3 97.5 2272.6 0 0 0 0 0 0 0 0 0
-179.2 -829.4 2537.7 0 0 0 0 0 0 0 0 0
-4.3 -824.1 2553.8 0 0 0 0 0 0 0 0 0
-76.8 416.7 2528.2 3 0.9945068359 0.0270264391 -0.1011220515 -0.0267853253 0.9996342063 0.0037416434 0.1011861861 -0.0010125031 0.9948669672
-82.2 215.6 2528.4 0.9945068359 0.0270264391 -0.1011220515 -0.0267853253 0.9996342063 0.0037416434 0.1011861861 -0.0010125031 0.9948669672
-88.1 21.6 2527.2 0.9943864346 0.0305150896 -0.1013138518 -0.0309702177 0.9995160103 -0.0029220330 0.1011756510 0.0060433419 0.9948502183
-218.0 219.9 2514.6 0.4260756671 -0.8538750410 -0.2989263237 0.8460221291 0.4931155741 -0.2026908398 0.3204778731 -0.1665366590 0.9325017333
-314.0 29.2 2442.4 -0.3881984949 -0.8538750410 -0.3466977775 -0.3902459145 0.4931155741 -0.7775250077 0.8348712921 -0.1665366590 -0.5246479511
53.6 211.4 2542.2 0.2493642867 0.8248315454 0.5074153543 -0.9000941515 0.3907190561 -0.1927928776 -0.3572785258 -0.4086459577 0.8398574591
106.9 19.3 2466.0 -0.5372565985 0.8248315454 0.1760916710 0.3165512085 0.3907190561 -0.8643690944 -0.7817612886 -0.4086459577 -0.4710178077
-183.6 -173.7 2518.8 0.9599111676 -0.0168743450 0.2797960043 0.0105463127 0.9996537566 0.0241067708 -0.2801059186 -0.0201895423 0.9597567916
-177.1 -561.7 2526.6 0.9600889087 0.0061789537 0.2796268165 -0.0161622372 0.9993110299 0.0334105529 -0.2792277336 -0.0365964957 0.9595272541
-5.3 -180.1 2534.3 0.9231379628 0.0480526090 0.3814540505 -0.0592914596 0.9980827570 0.0177576337 -0.3798694313 -0.0390097126 0.9242172241
-23.9 -567.5 2549.4 0.9208185077 -0.0747588128 0.3827588558 0.0607193708 0.9969686270 0.0486485772 -0.3852354884 -0.0215556342 0.9225665331
-211.5 132.3 2221.8 0 0 0 0 0 0 0 0 0
-27.1 98.2 2271.1 0 0 0 0 0 0 0 0 0
-178.7 -824.7 2536.3 0 0 0 0 0 0 0 0 0
-4.6 -824.9 2555.0 0 0 0 0 0 0 0 0 0
-75.9 420.9 2530.1 4 0.9930070043 0.0257729609 -0.1152079031 -0.0258542784 0.9996654391 0.0007886408 0.1151896790 0.0021954915 0.9933410883
-81.0 221.5 2529.6 0.9930070043 0.0257729609 -0.1152079031 -0.0258542784 0.9996654391 0.0007886408 0.1151896790 0.0021954915 0.9933410883
-86.2 27.5 2527.9 0.9929565787 0.0269047674 -0.1153834164 -0.0277671013 0.9995971918 -0.0058725802 0.1151789352 0.0090350797 0.9933036566
-216.6 225.3 2513.9 0.3978178799 -0.8893024325 -0.2255706340 0.8705192208 0.4435150623 -0.2132854015 0.2897191942 -0.1115148291 0.9505931139
-308.7 23.8 2446.9 -0.2939859927 -0.8893024325 -0.3503047228 -0.3676440120 0.4435150623 -0.8173936009 0.8822755218 -0.1115148291 -0.4573339224
54.6 217.7 2545.4 0.2066117227 0.8543741703 0.4768190086 -0.9146733284 0.3416931033 -0.2159132063 -0.3473964334 -0.3915234506 0.8520710468
99.5 19.1 2470.0 -0.4955541492 0.8543741703 0.1564317048 0.3089202642 0.3416931033 -0.8875889182 -0.8117846847 -0.3915234506 -0.4332609475
