-80.3 425.8 2529.6 6 0.9817818403 0.0104974499 -0.1897214204 -0.0087463949 0.9999110699 0.0100645740 0.1898102015 -0.0082218377 0.9817863703
-82.4 227.5 2531.3 0.9817818403 0.0104974499 -0.1897214204 -0.0087463949 0.9999110699 0.0100645740 0.1898102015 -0.0082218377 0.9817863703
-84.0 33.4 2532.0 0.9817965627 0.0080304621 -0.1897657216 -0.0071580210 0.9999604225 0.0052824314 0.1898006350 -0.0038279262 0.9818152189
-216.5 228.5 2505.3 0.6552134752 -0.3086502254 -0.6895145774 0.4629300833 0.8853217959 0.0436006077 0.5969849825 -0.3477647603 0.7229582667
-361.4 126.2 2373.4 -0.9120047688 -0.3086502254 -0.2701523602 -0.1716084778 0.8853217959 -0.4321525395 0.3725557327 -0.3477647603 -0.8603847623
51.7 226.5 2557.2 -0.0119834030 0.8518763185 0.5236058831 -0.8876460195 0.2320245653 -0.3978054225 -0.4603704512 -0.4695437551 0.7533841729
49.1 34.4 2457.5 -0.5231719017 0.8518763185 0.0244517215 0.3351249695 0.2320245653 -0.9131571054 -0.7835702896 -0.4695437551 -0.4068737626
-171.9 -158.9 2512.9 0.9810603261 0.0046279747 0.1936470270 -0.0113592418 0.9993686080 0.0336645953 -0.1933689713 -0.0352266841 0.9804934859
-173.7 -546.9 2526.5 0.9806417227 0.0289580207 0.1936574429 -0.0366060175 0.9986800551 0.0360305943 -0.1923584491 -0.0424221307 0.9804073572
3.6 -160.0 2548.8 0.9517502785 0.0876959637 0.2940762043 -0.0855764374 0.9961289763 -0.0200937521 -0.2946999669 -0.0060417610 0.9555707574
-30.5 -546.7 2551.2 0.9493930936 -0.1030256078 0.2967126966 0.1043088511 0.9944779277 0.0115484986 -0.2962640226 0.0199856963 0.9548969865
-131.6 169.4 2279.5 0 0 0 0 0 0 0 0 0
-80.8 117.6 2262.9 0 0 0 0 0 0 0 0 0
-181.9 -829.7 2538.6 0 0 0 0 0 0 0 0 0
0.4 -844.8 2545.2 0 0 0 0 0 0 0 0 0
-80.2 425.1 2528.8 7 0.9822584391 0.0106904292 -0.1872271895 -0.0083006248 0.9998738170 0.0135435518 0.1873483509 -0.0117491661 0.9822232723
-82.3 226.7 2531.1 0.9822584391 0.0106904292 -0.1872271895 -0.0083006248 0.9998738170 0.0135435518 0.1873483509 -0.0117491661 0.9822232723
-83.6 32.6 2532.4 0.9822829366 0.0068551619 -0.1872785836 -0.0055132154 0.9999552965 0.0076854369 0.1873228997 -0.0065167658 0.9822767973
-216.5 227.5 2505.5 0.6191601157 -0.2885630131 -0.7303233147 0.4615455270 0.8861613274 0.0411560163 0.6353082061 -0.3625596166 0.6818606853
-349.0 128.7 2369.6 -0.9143519998 -0.2885630131 -0.2840630114 -0.1427051127 0.8861613274 -0.4408552349 0.3789401650 -0.3625596166 -0.8514428139
51.9 226.0 2556.7 0.0163113829 0.8429601192 0.5377287269 -0.8950215578 0.2520523369 -0.3679755330 -0.4457244873 -0.4752766490 0.7585787773
55.4 34.1 2461.2 -0.5352045894 0.8429601192 0.0545371622 0.3033488989 0.2520523369 -0.9189391136 -0.7883751988 -0.4752766490 -0.3906106055
-173.5 -160.1 2515.8 0.9805863500 0.0005585059 0.1960868984 -0.0069218948 0.9994713068 0.0317680836 -0.1959654987 -0.0325086415 0.9800717831
-173.7 -548.1 2528.4 0.9802114367 0.0271575656 0.1960816085 -0.0330292396 0.9990966916 0.0267368499 -0.1951783746 -0.0326841921 0.9802230000
2.4 -161.4 2549.8 0.9517624974 0.0804328471 0.2961059809 -0.0773302466 0.9967584610 -0.0221950896 -0.2969313562 -0.0017734951 0.9548971653
-28.8 -548.3 2550.4 0.9494250417 -0.0953020826 0.2991815209 0.0939036384 0.9953984022 0.0190823264 -0.2996234000 0.0099769942 0.9540053606
-112.7 165.6 2271.7 0 0 0 0 0 0 0 0 0
-77.9 109.7 2264.9 0 0 0 0 0 0 0 0 0
-181.3 -828.8 2537.6 0 0 0 0 0 0 0 0 0
-0.5 -843.3 2547.5 0 0 0 0 0 0 0 0 0
-79.7 423.0 2530.4 8 0.9819248319 0.0115199778 -0.1889203340 -0.0102093443 0.9999166131 0.0079091992 0.1889956892 -0.0058374861 0.9819605350
-82.0 224.7 2531.5 0.9819248319 0.0115199778 -0.1889203340 -0.0102093443 0.9999166131 0.0079091992 0.1889956892 -0.0058374861 0.9819605350
-83.7 30.6 2532.3 0.9819514751 0.0084750075 -0.1889429837 -0.0075443150 0.9999555945 0.0056444528 0.1889824271 -0.0041171336 0.9819718599
-216.2 225.7 2505.7 0.6059906483 -0.2762427330 -0.7459660172 0.4568866491 0.8885271549 0.0421197154 0.6511757970 -0.3663460612 0.6646507382
-344.8 128.7 2367.5 -0.9189168811 -0.2762427330 -0.2815701365 -0.1325068772 0.8885271549 -0.4392737448 0.3715288639 -0.3663460612 -0.8530866504
52.1 223.7 2557.4 0.0609829091 0.8224568367 0.5655491948 -0.8934779167 0.2975594103 -0.3363861144 -0.4449475408 -0.4847919047 0.7529930472
65.3 31.3 2461.6 -0.5617307425 0.8224568367 0.0895732865 0.2906614840 0.2975594103 -0.9093812704 -0.7745801806 -0.4847919047 -0.4062047899
-173.0 -161.0 2516.9 0.9809031487 0.0027560417 0.1944774389 -0.0096523473 0.9993573427 0.0345219858 -0.1942573041 -0.0357398838 0.9802992940
-174.0 -549.0 2530.8 0.9805710912 0.0263708364 0.1943835020 -0.0297610629 0.9994512796 0.0145407021 -0.1938933879 -0.0200432520 0.9808178544
3.0 -162.0 2550.4 0.9520424008 0.0807170048 0.2951271236 -0.0793822333 0.9967073202 -0.0165216066 -0.2954889536 -0.0076985806 0.9553151131
-28.3 -549.0 2553.4 0.9500055909 -0.0967610404 0.2968614697 0.0995291844 0.9950176477 0.0058130366 -0.2959448695 0.0240239631 0.9549028873
-101.6 163.8 2269.2 0 0 0 0 0 0 0 0 0
-76.2 104.6 2266.5 0 0 0 0 0 0 0 0 0
-181.3 -825.9 2536.3 0 0 0 0 0 0 0 0 0
0.0 -840.3 2546.4 0 0 0 0 0 0 0 0 0
-81.0 420.4 2530.2 9 0.9829211235 0.0095100245 -0.1837813705 -0.0078726327 0.9999225736 0.0096370559 0.1838587970 -0.0080256220 0.9829199314
-82.9 222.9 2531.8 0.9829211235 0.0095100245 -0.1837813705 -0.0078726327 0.9999225736 0.0096370559 0.1838587970 -0.0080256220 0.9829199314
-84.5 28.8 2532.9 0.9829304814 0.0080091851 -0.1838030070 -0.0068074996 0.9999511242 0.0071679722 0.1838514358 -0.0057943794 0.9829369783
-217.2 223.9 2506.6 0.6782213449 -0.2848602533 -0.6773997545 0.4533007741 0.8877105713 0.0805503651 0.5783893466 -0.3616968095 0.7311916351
-366.6 124.0 2379.3 -0.9173227549 -0.2848602533 -0.2781611681 -0.1429568529 0.8877105713 -0.4376451671 0.3715943098 -0.3616968095 -0.8550398350
51.4 222.0 2556.9 0.1605706662 0.7929184437 0.5877902508 -0.9014313817 0.3603782952 -0.2398936749 -0.4020429552 -0.4913326800 0.7726277709
86.4 25.5 2469.2 -0.5951612592 0.7929184437 0.1306269616 0.2851925790 0.3603782952 -0.8881400228 -0.7512977123 -0.4913326800 -0.4406176507
-173.3 -162.8 2516.2 0.9798753858 0.0031926169 0.1995846480 -0.0101807071 0.9993700981 0.0339966938 -0.1993503869 -0.0353444368 0.9792906642
-174.5 -550.8 2529.9 0.9797264338 0.0182966981 0.1995028406 -0.0221706908 0.9996061921 0.0172013473 -0.1991095543 -0.0212757308 0.9797462821
2.7 -164.2 2550.1 0.9505175948 0.0802078173 0.3001382351 -0.0794536769 0.9967296124 -0.0147378379 -0.3003387451 -0.0098385122 0.9537818432
-28.5 -551.2 2553.9 0.9482579231 -0.0999310762 0.3013646901 0.1044991910 0.9945244789 0.0009679763 -0.2998113036 0.0305744763 0.9535084367
-120.9 162.3 2279.7 0 0 0 0 0 0 0 0 0
-64.4 97.7 2279.0 0 0 0 0 0 0 0 0 0
-179.6 -827.4 2535.8 0 0 0 0 0 0 0 0 0
0.8 -842.9 2544.9 0 0 0 0 0 0 0 0 0
-84.2 419.1 2531.6 0 0.9838157296 0.0022238321 -0.1791694462 -0.0010323945 0.9999767542 0.0067427480 0.1791802794 -0.0064486479 0.9837951064
-84.7 221.7 2532.8 0.9838157296 0.0022238321 -0.1791694462 -0.0010323945 0.9999767542 0.0067427480 0.1791802794 -0.0064486479 0.9837951064
-85.0 27.6 2533.7 0.9838159680 0.0017452663 -0.1791732609 -0.0008959957 0.9999879599 0.0048207552 0.1791795343 -0.0045821974 0.9838057160
-219.1 221.8 2508.4 0.6691088080 -0.2668240666 -0.6936125159 0.4187884331 0.9063976407 0.0553137846 0.6139296889 -0.3274878263 0.7182214260
-366.2 129.7 2373.3 -0.9217759371 -0.2668240666 -0.2813077867 -0.1408319622 0.9063976407 -0.3982583582 0.3612416089 -0.3274878263 -0.8730728626
49.8 221.6 2557.3 0.1781188995 0.7767077088 0.6041513085 -0.8802299500 0.4002103209 -0.2550037205 -0.4398509264 -0.4863711298 0.7549664378
89.5 25.2 2459.2 -0.6144484878 0.7767077088 0.1384855509 0.3116609454 0.4002103209 -0.8617999554 -0.7247899771 -0.4863711298 -0.4879780710
-174.1 -164.7 2517.5 0.9789652824 0.0008384385 0.2040252984 -0.0066620284 0.9995896816 0.0278583094 -0.2039182335 -0.0286315382 0.9785691500
-174.4 -552.8 2528.7 0.9786749482 0.0238488875 0.2040259093 -0.0303221121 0.9991292357 0.0286599509 -0.2031647414 -0.0342352726 0.9785459042
2.0 -165.9 2550.5 0.9490791559 0.0792712495 0.3049013615 -0.0793758035 0.9967716336 -0.0120741129 -0.3048741817 -0.0127425017 0.9523074031
-28.7 -552.9 2555.4 0.9469674230 -0.1004695520 0.3052189350 0.1080658212 0.9941111803 -0.0080496455 -0.3026128113 0.0406064875 0.9522481561
-117.0 167.8 2275.7 0 0 0 0 0 0 0 0 0
-64.8 103.5 2277.2 0 0 0 0 0 0 0 0 0
-181.0 -829.1 2538.1 0 0 0 0 0 0 0 0 0
0.5 -842.6 2543.6 0 0 0 0 0 0 0 0 0
-85.3 420.2 2529.3 1 0.9837083220 0.0006505644 -0.1797708422 0.0019683926 0.9998944998 0.0143895410 0.1797612458 -0.0145089710 0.9836032391
-85.4 222.5 2532.1 0.9837083220 0.0006505644 -0.1797708422 0.0019683926 0.9998944998 0.0143895410 0.1797612458 -0.0145089710 0.9836032391
-85.5 28.4 2534.5 0.9837083220 0.0000687539 -0.1797717512 0.0020974232 0.9999274611 0.0118594915 0.1797595322 -0.0120433383 0.9836368561
-219.8 222.2 2507.6 0.6569854617 -0.2416128069 -0.7141381502 0.3930484056 0.9181038737 0.0509725511 0.6433374286 -0.3141790926 0.6981464624
-362.4 136.9 2368.0 -0.9299769402 -0.2416128069 -0.2770670950 -0.1266366839 0.9181038737 -0.3755640984 0.3451174796 -0.3141790926 -0.8844124675
49.0 222.8 2556.7 0.1811666340 0.7652544379 0.6177088618 -0.8648766279 0.4229698777 -0.2703422606 -0.4681528807 -0.4852649570 0.7384787202
90.8 23.2 2448.7 -0.6305587292 0.7652544379 0.1295425892 0.3408335447 0.4229698777 -0.8396005034 -0.6973006129 -0.4852649570 -0.5275317430
-173.5 -166.4 2518.6 0.9790852666 0.0052332962 0.2033830732 -0.0120019065 0.9994138479 0.0320609808 -0.2030960768 -0.0338314176 0.9785741568
-175.5 -554.4 2531.7 0.9790048003 0.0147471707 0.2033031285 -0.0191572290 0.9996215701 0.0197411068 -0.2029350698 -0.0232213624 0.9789168239
2.8 -166.6 2550.7 0.9494090676 0.0787378699 0.3040112257 -0.0798581988 0.9967676997 -0.0087670069 -0.3037188649 -0.0159543119 0.9526281357
-27.8 -553.6 2556.9 0.9482110739 -0.0919768065 0.3040329516 0.0992407575 0.9950272441 -0.0084917229 -0.3017400205 0.0382244065 0.9526236653
-111.9 171.0 2275.0 0 0 0 0 0 0 0 0 0
-65.9 107.9 2275.4 0 0 0 0 0 0 0 0 0
-179.5 -824.5 2538.0 0 0 0 0 0 0 0 0 0
-0.8 -845.1 2545.7 0 0 0 0 0 0 0 0 0
-86.3 425.1 2529.6 2 0.9801468253 -0.0021644679 -0.1982611120 0.0053076716 0.9998685122 0.0153238038 0.1982018799 -0.0160718821 0.9800294638
-85.9 226.8 2532.8 0.9801468253 -0.0021644679 -0.1982611120 0.0053076716 0.9998685122 0.0153238038 0.1982018799 -0.0160718821 0.9800294638
-85.2 32.7 2535.4 0.9801442623 -0.0036255338 -0.1982525438 0.0061997687 0.9999043345 0.0123654446 0.1981887519 -0.0133490395 0.9800729752
-219.7 225.9 2505.7 0.6517707109 -0.2519449592 -0.7153451443 0.4202362597 0.9051482081 0.0640951321 0.6313449144 -0.3423892856 0.6958255172
-362.5 133.8 2367.4 -0.9325882196 -0.2519449592 -0.2584626973 -0.1325963140 0.9051482081 -0.4038872421 0.3357044160 -0.3423892856 -0.8775375485
48.0 227.6 2559.9 0.2015169710 0.7479376793 0.6324397922 -0.8478710055 0.4564876854 -0.2696919739 -0.4904137850 -0.4818798602 0.7261447310
95.9 26.2 2443.4 -0.6464428902 0.7479376793 0.1506676972 0.3361580968 0.4564876854 -0.8237819672 -0.6849155426 -0.4818798602 -0.5465185046
-173.6 -165.9 2520.7 0.9827637672 0.0040988503 0.1848202646 -0.0088753272 0.9996474385 0.0250240117 -0.1846525371 -0.0262330323 0.9824537039
-175.2 -554.0 2530.9 0.9825817347 0.0192793682 0.1848280728 -0.0246897358 0.9993300438 0.0270155501 -0.1841834038 -0.0311083421 0.9823994637
2.7 -165.5 2552.9 0.9552815557 0.0782086998 0.2851676643 -0.0760736912 0.9969291687 -0.0185741242 -0.2857446373 -0.0039502396 0.9582976699
-27.7 -552.6 2554.5 0.9539042115 -0.0899720863 0.2863072157 0.0949847475 0.9954720736 -0.0036382037 -0.2846835256 0.0306653176 0.9581309557
-113.4 169.3 2277.7 0 0 0 0 0 0 0 0 0
-64.6 109.7 2273.4 0 0 0 0 0 0 0 0 0
-180.5 -828.9 2539.5 0 0 0 0 0 0 0 0 0
-1.2 -845.3 2545.4 0 0 0 0 0 0 0 0 0
-85.2 421.7 2530.3 3 0.9821059704 -0.0027532121 -0.1883089095 0.0048228288 0.9999328852 0.0105332350 0.1882672757 -0.0112529341 0.9820533395
-84.6 223.8 2532.5 0.9821059704 -0.0027532121 -0.1883089095 0.0048228288 0.9999328852 0.0105332350 0.1882672757 -0.0112529341 0.9820533395
-84.1 29.7 2534.5 0.9821065664 -0.0027507390 -0.1883059889 0.0046170056 0.9999444485 0.0094729075 0.1882694811 -0.0101728151 0.9820647240
-218.8 223.1 2506.8 0.6572148800 -0.2167527825 -0.7218634486 0.3875928521 0.9186047316 0.0770528838 0.6464057565 -0.3304294050 0.6877325177
-360.7 139.4 2367.2 -0.9337062240 -0.2167527825 -0.2849752605 -0.0962690637 0.9186047316 -0.3832722902 0.3448549509 -0.3304294050 -0.8785735369
49.5 224.4 2558.2 0.2254288197 0.7428035736 0.6304163337 -0.8412283063 0.4748058915 -0.2586392462 -0.4914435446 -0.4720193148 0.7319023013
101.5 30.5 2445.0 -0.6467996836 0.7428035736 0.1728961021 0.3268492818 0.4748058915 -0.8171468377 -0.6890716553 -0.4720193148 -0.5498890877
-172.3 -162.0 2520.3 0.9808295965 0.0061736237 0.1947694421 -0.0100909499 0.9997661114 0.0191268325 -0.1946058124 -0.0207255725 0.9806625247
-174.6 -550.1 2528.3 0.9806593060 0.0189015381 0.1948078275 -0.0244492758 0.9993599653 0.0261127539 -0.1941895783 -0.0303706247 0.9804937840
3.3 -160.9 2555.8 0.9523555636 0.0807044730 0.2941184044 -0.0749397054 0.9967111349 -0.0308372360 -0.2956397831 0.0073268670 0.9552714229
-28.0 -547.8 2552.9 0.9503785372 -0.0937044993 0.2966482043 0.0973644108 0.9952458143 0.0024472282 -0.2954671979 0.0265571848 0.9549837112
-113.4 164.9 2275.8 0 0 0 0 0 0 0 0 0
-61.5 112.8 2271.3 0 0 0 0 0 0 0 0 0
-179.8 -825.0 2536.7 0 0 0 0 0 0 0 0 0
-0.2 -843.1 2545.0 0 0 0 0 0 0 0 0 0
-81.4 419.7 2532.1 4 0.9834020138 0.0061419220 -0.1813361496 -0.0053734789 0.9999743700 0.0047286479 0.1813605428 -0.0036757556 0.9834098220
-82.6 221.7 2532.9 0.9834020138 0.0061419220 -0.1813361496 -0.0053734789 0.9999743700 0.0047286479 0.1813605428 -0.0036757556 0.9834098220
-83.6 27.6 2533.8 0.9834091663 0.0050724661 -0.1813303828 -0.0040962012 0.9999750257 0.0057579866 0.1813550591 -0.0049196910 0.9834053516
-217.0 222.2 2508.1 0.6504971385 -0.1848057806 -0.7366819382 0.3585737646 0.9297702312 0.0833796710 0.6695358753 -0.3183930516 0.6710793972
-358.5 144.2 2362.4 -0.9383597374 -0.1848057806 -0.2921092808 -0.0706425607 0.9297702312 -0.3612989783 0.3383646607 -0.3183930516 -0.8855140805
51.7 221.1 2557.6 0.2310322970 0.7393628359 0.6324291825 -0.8366673589 0.4827483594 -0.2587309480 -0.4966002107 -0.4693576694 0.7301312089
104.8 28.8 2443.5 -0.6507982612 0.7393628359 0.1726390123 0.3336494565 0.4827483594 -0.8097110987 -0.6820114851 -0.4693576694 -0.5608597994
-171.5 -164.9 2519.6 0.9793836474 0.0079343701 0.2018531412 -0.0118464110 0.9997645617 0.0181799512 -0.2016613632 -0.0201963820 0.9792470336
-174.6 -553.0 2527.5 0.9791691899 0.0215102751 0.2019035965 -0.0271400865 0.9993150234 0.0251565371 -0.2012241781 -0.0301121864 0.9790822864
4.4 -164.0 2553.3 0.9496906996 0.0856906101 0.3012386560 -0.0802376494 0.9963104725 -0.0304526147 -0.3027367294 0.0047498820 0.9530624151
-28.9 -550.8 2551.5 0.9476259947 -0.0974679291 0.3041464090 0.1005104855 0.9949198365 0.0056763147 -0.3031545281 0.0251908787 0.9526084065
-113.1 162.7 2274.0 0 0 0 0 0 0 0 0 0
-60.5 113.6 2270.2 0 0 0 0 0 0 0 0 0
-180.4 -822.1 2535.6 0 0 0 0 0 0 0 0 0
-0.3 -842.8 2544.1 0 0 0 0 0 0 0 0 0
-80.7 418.7 2530.6 5 0.9842007160 0.0059515075 -0.1769563705 -0.0040405174 0.9999296069 0.0111576002 0.1770103127 -0.0102663226 0.9841554761
-81.8 220.7 2532.6 0.9842007160 0.0059515075 -0.1769563705 -0.0040405174 0.9999296069 0.0111576002 0.1770103127 -0.0102663226 0.9841554761
-83.1 26.6 2534.8 0.9841997623 0.0063027269 -0.1769493073 -0.0041900119 0.9999154210 0.0123107862 0.1770119369 -0.0113748526 0.9841429591
-216.3 221.2 2508.4 0.6329002380 -0.1651712507 -0.7564097643 0.3448907435 0.9348368049 0.0844426975 0.6931721568 -0.3143225312 0.6486244798
-353.7 146.3 2357.9 -0.9405792356 -0.1651712507 -0.2966970801 -0.0534322374 0.9348368049 -0.3510344625 0.3353441358 -0.3143225312 -0.8881135583
52.6 220.1 2556.8 0.2311902642 0.7327978015 0.6399675012 -0.8350079060 0.4870389104 -0.2560369670 -0.4993124008 -0.4751846790 0.7244905829
105.8 28.1 2442.0 -0.6574695706 0.7327978015 0.1753315330 0.3268559575 0.4870389104 -0.8099125028 -0.6788954139 -0.4751846790 -0.5597325563
-172.7 -166.2 2518.5 0.9784774780 0.0059629236 0.2062674314 -0.0123216026 0.9994871616 0.0295565072 -0.2059854120 -0.0314619243 0.9780491590
-175.0 -554.2 2530.8 0.9784047008 0.0150290625 0.2061514407 -0.0183473304 0.9997309446 0.0141939130 -0.2058826536 -0.0176697187 0.9784171581
3.5 -166.9 2551.0 0.9487556815 0.0806368589 0.3055491745 -0.0771965683 0.9967424870 -0.0233464930 -0.3064364493 -0.0014372298 0.9518900514
-27.8 -553.9 2551.6 0.9468430281 -0.0917690173 0.3083289564 0.0920628235 0.9956599474 0.0136273010 -0.3082413673 0.0154827209 0.9511821866
-110.6 160.1 2271.2 0 0 0 0 0 0 0 0 0
-62.1 111.6 2268.7 0 0 0 0 0 0 0 0 0
-179.1 -823.0 2535.5 0 0 0 0 0 0 0 0 0
-0.7 -848.4 2547.0 0 0 0 0 0 0 0 0 0
-79.9 419.8 2529.8 6 0.9851171970 0.0077102198 -0.1717110872 -0.0053924681 0.9998880029 0.0139603289 0.1717994958 -0.0128266132 0.9850484133
-81.5 221.4 2532.3 0.9851171970 0.0077102198 -0.1717110872 -0.0053924681 0.9998880029 0.0139603289 0.1717994958 -0.0128266132 0.9850484133
-82.9 27.3 2534.3 0.9851157069 0.0074759633 -0.1717299074 -0.0055866432 0.9999184608 0.0114823552 0.1718017459 -0.0103520546 0.9850771427
-216.1 222.2 2508.8 0.5861918330 -0.1508417130 -0.7960062027 0.3452600837 0.9353421926 0.0770094767 0.7329219580 -0.3199715018 0.6003695726
-342.0 148.0 2351.3 -0.9452998042 -0.1508417130 -0.2892318964 -0.0417756028 0.9353421926 -0.3512688279 0.3235167861 -0.3199715018 -0.8904802799
53.1 220.6 2555.8 0.2177544683 0.7166064382 0.6626147032 -0.8347696662 0.4885158539 -0.2539919019 -0.5057100058 -0.4978227615 0.7045778036
103.0 29.5 2440.0 -0.6706739068 0.7166064382 0.1914986223 0.2866597176 0.4885158539 -0.8241228461 -0.6841218472 -0.4978227615 -0.5330570340
-172.5 -167.2 2521.2 0.9773724079 0.0061407583 0.2114367336 -0.0112943705 0.9996676445 0.0231751986 -0.2112241387 -0.0250388440 0.9771168828
-174.8 -555.3 2530.9 0.9772723317 0.0161831323 0.2113691270 -0.0195201840 0.9997154474 0.0137106562 -0.2110870928 -0.0175250098 0.9773101211
3.9 -167.9 2552.9 0.9473062754 0.0798841491 0.3102084994 -0.0745919943 0.9967951179 -0.0289052781 -0.3115234077 0.0042430810 0.9502289891
-27.1 -554.9 2551.2 0.9452998638 -0.0896485075 0.3136419952 0.0883743092 0.9959190488 0.0183088779 -0.3140034080 0.0104105128 0.9493647814
-98.6 158.7 2268.0 0 0 0 0 0 0 0 0 0
-66.6 102.0 2267.0 0 0 0 0 0 0 0 0 0
-179.2 -825.7 2535.6 0 0 0 0 0 0 0 0 0
-1.4 -841.0 2548.2 0 0 0 0 0 0 0 0 0
-79.2 419.7 2529.4 7 0.9846180677 0.0101917507 -0.1744230241 -0.0076712621 0.9998562932 0.0151185496 0.1745520383 -0.0135479523 0.9845547676
-81.2 221.7 2532.0 0.9846180677 0.0101917507 -0.1744230241 -0.0076712621 0.9998562932 0.0151185496 0.1745520383 -0.0135479523 0.9845547676
-82.8 27.6 2534.6 0.9846343398 0.0083153099 -0.1744306237 -0.0059110872 0.9998803139 0.0142982667 0.1745286286 -0.0130474903 0.9845656753
-215.7 222.5 2508.2 0.5433045626 -0.1217805892 -0.8306561112 0.3448744714 0.9344605803 0.0885718241 0.7654290795 -0.3345935941 0.5496957302
-330.8 149.4 2346.0 -0.9490662217 -0.1217805892 -0.2905904651 -0.0109354127 0.9344605803 -0.3558985591 0.3148868680 -0.3345935941 -0.8881967068
53.4 220.9 2555.9 0.2044259906 0.7195543647 0.6636652350 -0.8482490778 0.4685914814 -0.2467703074 -0.4885525107 -0.5125071406 0.7061535716
100.2 26.6 2444.0 -0.6690189838 0.7195543647 0.1861588508 0.2699271739 0.4685914814 -0.8411666751 -0.6924975514 -0.5125071406 -0.5077238679
-172.6 -166.3 2520.9 0.9779711962 0.0036928919 0.2087072283 -0.0069181323 0.9998676181 0.0147255613 -0.2086252272 -0.0158450380 0.9778673053
-174.1 -554.5 2527.1 0.9777417183 0.0213318318 0.2087248266 -0.0261600409 0.9994496107 0.0203985013 -0.2081748098 -0.0254047159 0.9777616262
3.9 -167.3 2551.7 0.9482305646 0.0784214884 0.3077479899 -0.0745527148 0.9969202876 -0.0243277140 -0.3087080121 0.0001248339 0.9511568546
-26.6 -554.3 2551.7 0.9465410709 -0.0852354616 0.3111187816 0.0821787342 0.9963533878 0.0229465272 -0.3119401336 0.0038475164 0.9500939846
-87.0 152.2 2265.1 0 0 0 0 0 0 0 0 0
-66.8 94.0 2271.1 0 0 0 0 0 0 0 0 0
-179.8 -825.2 2534.0 0 0 0 0 0 0 0 0 0
-2.3 -838.0 2550.6 0 0 0 0 0 0 0 0 0
-81.4 420.6 2530.7 8 0.9858733416 0.0079588993 -0.1673032939 -0.0058807698 0.9998993278 0.0129131004 0.1673892289 -0.0117468089 0.9858208895
-82.9 222.3 2533.0 0.9858733416 0.0079588993 -0.1673032939 -0.0058807698 0.9998993278 0.0129131004 0.1673892289 -0.0117468089 0.9858208895
-84.0 28.2 2535.1 0.9858887792 0.0054869731 -0.1673116982 -0.0035858008 0.9999255538 0.0116630448 0.1673632413 -0.0108985184 0.9858350754
-217.6 222.8 2510.1 0.4878640473 -0.1087514237 -0.8661187887 0.3511840999 0.9328233600 0.0806866586 0.7991610765 -0.3435312808 0.4932827353
-321.6 148.0 2339.9 -0.9577217102 -0.1087514237 -0.2663499117 -0.0057250876 0.9328233600 -0.3602885604 0.2876393199 -0.3435312808 -0.8940077424
51.8 221.8 2555.9 0.2130914032 0.7234454155 0.6566724777 -0.8586041927 0.4593975842 -0.2274922878 -0.4662519991 -0.5153450966 0.7190469503
100.8 24.3 2448.6 -0.6642511487 0.7234454155 0.1881410927 0.2597540021 0.4593975842 -0.8494008183 -0.7009267211 -0.5153450966 -0.4930732250
-172.6 -166.0 2521.5 0.9764445424 0.0013214793 0.2157644480 -0.0041947709 0.9999085069 0.0128594069 -0.2157277167 -0.0134615796 0.9763607383
-173.1 -554.2 2526.7 0.9760196209 0.0288341716 0.2157642990 -0.0350893028 0.9990659952 0.0252155196 -0.2148357183 -0.0321818627 0.9761198163
3.8 -167.1 2552.8 0.9462485909 0.0760646462 0.3143687546 -0.0701453388 0.9970820546 -0.0301167518 -0.3157422841 0.0064464309 0.9488230944
-25.7 -554.2 2550.2 0.9448446035 -0.0759143084 0.3185995221 0.0686838180 0.9970628619 0.0338851884 -0.3202361166 -0.0101336092 0.9472835660
-75.6 149.4 2266.0 0 0 0 0 0 0 0 0 0
-65.6 89.3 2273.1 0 0 0 0 0 0 0 0 0
-181.0 -826.4 2535.5 0 0 0 0 0 0 0 0 0
-4.0 -839.4 2553.1 0 0 0 0 0 0 0 0 0
-81.6 419.9 2529.8 9 0.9853197932 0.0082092388 -0.1705214381 -0.0052943751 0.9998320937 0.0175415371 0.1706368029 -0.0163812172 0.9851978421
-83.3 221.7 2533.1 0.9853197932 0.0082092388 -0.1705214381 -0.0052943751 0.9998320937 0.0175415371 0.1706368029 -0.0163812172 0.9851978421
-84.7 27.6 2536.2 0.9853268862 0.0072065224 -0.1705255806 -0.0043699304 0.9998458624 0.0170039125 0.1706218421 -0.0160092283 0.9852065444
-217.9 222.3 2509.8 0.4731295407 -0.0954219699 -0.8758099675 0.3515248001 0.9319996834 0.0883565173 0.8078234792 -0.3496730030 0.4744997919
-318.3 147.7 2338.3 -0.9656090736 -0.0954219699 -0.2418548018 -0.0013166515 0.9319996834 -0.3624566495 0.2599949241 -0.3496730030 -0.9000729918
51.4 221.1 2556.4 0.2108743340 0.7204950452 0.6606200933 -0.8655331731 0.4517070651 -0.2163633257 -0.4542954862 -0.5261631608 0.7188657522
99.8 22.5 2452.1 -0.6692743301 0.7204950452 0.1815455407 0.2543104291 0.4517070651 -0.8551531434 -0.6981390119 -0.5261631608 -0.4855453670
-173.4 -165.6 2522.2 0.9771469831 -0.0001670260 0.2125647068 -0.0011691569 0.9999803305 0.0061602928 -0.2125615627 -0.0062680328 0.9771275520
-173.3 -553.8 2524.7 0.9768064618 0.0268000346 0.2124402076 -0.0360093750 0.9985665679 0.0395997204 -0.2110744268 -0.0463311002 0.9763713479
3.3 -166.2 2552.2 0.9477126002 0.0737522021 0.3104857504 -0.0660684556 0.9971937537 -0.0352071822 -0.3122110665 0.0128529798 0.9499258399
-25.4 -553.4 2547.2 0.9463695288 -0.0691275969 0.3156042695 0.0564602017 0.9971959591 0.0491170324 -0.3181146383 -0.0286637824 0.9476188421
-70.3 148.1 2271.6 0 0 0 0 0 0 0 0 0
-67.7 86.1 2277.4 0 0 0 0 0 0 0 0 0
-180.7 -829.5 2537.5 0 0 0 0 0 0 0 0 0
-5.3 -843.2 2555.6 0 0 0 0 0 0 0 0 0
-80.4 420.1 2530.4 0 0.9838670492 0.0142889703 -0.1783296466 -0.0119535085 0.9998282194 0.0141639570 0.1785013974 -0.0118037853 0.9838688374
-83.2 222.1 2532.7 0.9838670492 0.0142889703 -0.1783296466 -0.0119535085 0.9998282194 0.0141639570 0.1785013974 -0.0118037853 0.9838688374
-85.6 28.0 2535.1 0.9838944674 0.0122490134 -0.1783301234 -0.0098869791 0.9998512864 0.0141279968 0.1784766614 -0.0121373115 0.9838692546
-217.6 223.5 2508.3 0.4550020993 -0.1113285646 -0.8835038543 0.3697206974 0.9262158275 0.0736945495 0.8101109266 -0.3601808250 0.4625906050
-313.1 145.9 2338.3 -0.9608066678 -0.1113285646 -0.2538828552 -0.0077248886 0.9262158275 -0.3769145906 0.2771116793 -0.3601808250 -0.8907743096
51.2 220.8 2557.1 0.1939313710 0.7392557859 0.6448965073 -0.8824202418 0.4186773896 -0.2145781219 -0.4286316931 -0.5274563432 0.7335289121
95.6 18.8 2459.0 -0.6519122720 0.7392557859 0.1688529551 0.2485344112 0.4186773896 -0.8734642863 -0.7164084315 -0.5274563432 -0.4566714168
-174.3 -166.1 2524.0 0.9788056612 -0.0032873226 0.2047648728 0.0002381215 0.9998887777 0.0149140917 -0.2047911137 -0.0145492386 0.9786975384
-173.1 -554.2 2529.6 0.9782873988 0.0319978632 0.2047679573 -0.0356031694 0.9992687106 0.0139458748 -0.2041719705 -0.0209334623 0.9787111878
2.2 -166.8 2554.6 0.9503807425 0.0719080344 0.3026642501 -0.0625167713 0.9972171187 -0.0406165756 -0.3047426343 0.0196796190 0.9522314072
-25.7 -554.0 2546.9 0.9487013817 -0.0717670321 0.3079207838 0.0593250021 0.9970061183 0.0495921560 -0.3105579913 -0.0287807453 0.9501186013
-65.9 147.8 2267.0 0 0 0 0 0 0 0 0 0
-68.1 81.2 2279.0 0 0 0 0 0 0 0 0 0
-181.8 -827.0 2535.4 0 0 0 0 0 0 0 0 0
-5.1 -839.9 2555.2 0 0 0 0 0 0 0 0 0
-81.5 419.3 2530.7 1 0.9849967360 0.0105647324 -0.1722491682 -0.0084818378 0.9998818040 0.0128238695 0.1723642945 -0.0111704804 0.9849699140
-83.6 221.3 2532.9 0.9849967360 0.0105647324 -0.1722491682 -0.0084818378 0.9998818040 0.0128238695 0.1723642945 -0.0111704804 0.9849699140
-85.2 27.2 2534.8 0.9850144982 0.0084111458 -0.1722662151 -0.0066098273 0.9999173284 0.0110275541 0.1723447293 -0.0097236512 0.9849886894
-218.2 222.2 2509.3 0.4389188886 -0.1119482890 -0.8915255666 0.3663540781 0.9282855988 0.0638004690 0.8204479814 -0.3546172678 0.4484547973
-309.7 145.8 2338.2 -0.9593243599 -0.1119482890 -0.2591608167 -0.0078889430 0.9282855988 -0.3717843294 0.2821958661 -0.3546172678 -0.8914101720
51.0 220.4 2556.4 0.1742629558 0.7563043833 0.6305839419 -0.8934581876 0.3906553686 -0.2216321677 -0.4139623940 -0.5247781277 0.7438030839
90.5 18.0 2462.7 -0.6342518330 0.7563043833 0.1604004651 0.2411610335 0.3906553686 -0.8883860111 -0.7345515490 -0.5247781277 -0.4301650226
-176.1 -165.2 2521.4 0.9775233865 -0.0045169140 0.2107785344 0.0015709013 0.9998987317 0.0141421622 -0.2108210623 -0.0134931821 0.9774315357
-174.3 -553.4 2526.7 0.9772307277 0.0251226518 0.2106869668 -0.0319685973 0.9990636706 0.0291501917 -0.2097573727 -0.0352218300 0.9771188498
0.2 -166.9 2553.4 0.9484701157 0.0679457486 0.3094959855 -0.0615064539 0.9976397157 -0.0305281561 -0.3108397424 0.0099190427 0.9504105449
-26.2 -554.2 2549.6 0.9462756515 -0.0797669813 0.3133681118 0.0718657970 0.9967387319 0.0367043912 -0.3152739108 -0.0122120259 0.9489221573
-63.1 147.8 2265.7 0 0 0 0 0 0 0 0 0
-69.5 78.8 2277.4 0 0 0 0 0 0 0 0 0
-181.2 -827.8 2536.4 0 0 0 0 0 0 0 0 0
-3.8 -834.1 2553.0 0 0 0 0 0 0 0 0 0
-83.4 416.7 2523.3 2 0.9876719117 0.0045467317 -0.1564721316 0.0003690411 0.9995076656 0.0313729011 0.1565377414 -0.0310438778 0.9871839881
-84.3 219.4 2529.5 0.9876719117 0.0045467317 -0.1564721316 0.0003690411 0.9995076656 0.0313729011 0.1565377414 -0.0310438778 0.9871839881
-85.3 25.4 2533.7 0.9876609445 0.0053314301 -0.1565166414 -0.0018525061 0.9997481704 0.0223646499 0.1565964520 -0.0217987429 0.9874221087
-219.2 219.7 2508.1 0.4785906971 -0.1504815817 -0.8650469780 0.3943876624 0.9170696735 0.0586652309 0.7844802737 -0.3692404926 0.4982490838
-318.3 138.0 2345.6 -0.9512031674 -0.1504815817 -0.2693842351 -0.0325372480 0.9170696735 -0.3973972499 0.3068450689 -0.3692404926 -0.8772158027
50.7 219.2 2550.8 0.1520738006 0.7819913030 0.6044527888 -0.9122546315 0.3463993967 -0.2186295986 -0.3803485334 -0.5181670785 0.7660534382
83.9 19.5 2467.6 -0.6073194742 0.7819913030 0.1401880383 0.2364816666 0.3463993967 -0.9077906609 -0.7584454417 -0.5181670785 -0.3953016996
-175.1 -166.3 2521.2 0.9740228653 -0.0017553149 0.2264429033 0.0003733886 0.9999810457 0.0061454452 -0.2264494002 -0.0059012529 0.9740050435
-174.4 -554.5 2523.5 0.9738844037 0.0187446084 0.2262694389 -0.0281215515 0.9988709092 0.0382892825 -0.2252962440 -0.0436523817 0.9733119011
1.4 -167.5 2552.1 0.9433264136 0.0712358207 0.3241306841 -0.0659265071 0.9974496961 -0.0273467693 -0.3252521157 0.0044281264 0.9456169605
-26.2 -554.7 2550.4 0.9412135482 -0.0808962286 0.3279830813 0.0732184872 0.9966763258 0.0357125849 -0.3297819793 -0.0095987441 0.9440083504
-70.5 146.5 2265.6 0 0 0 0 0 0 0 0 0
-71.3 79.9 2273.8 0 0 0 0 0 0 0 0 0
-179.5 -827.5 2535.4 0 0 0 0 0 0 0 0 0
-3.7 -832.7 2553.1 0 0 0 0 0 0 0 0 0
-82.1 417.0 2526.1 3 0.9831800461 0.0086717866 -0.1824329048 -0.0055137114 0.9998261929 0.0178109724 0.1825556457 -0.0165055096 0.9830569625
-83.9 219.3 2529.4 0.9831800461 0.0086717866 -0.1824329048 -0.0055137114 0.9998261929 0.0178109724 0.1825556457 -0.0165055096 0.9830569625
-85.2 25.2 2531.5 0.9831849933 0.0069639385 -0.1824794263 -0.0048810588 0.9999177456 0.0118609630 0.1825470179 -0.0107708285 0.9831381440
-218.1 220.0 2504.5 0.5298177004 -0.1858513653 -0.8274977207 0.4171532094 0.9066174030 0.0634673461 0.7384282947 -0.3788194358 0.5578704476
-328.2 133.4 2351.2 -0.9469574094 -0.1858513653 -0.2621659636 -0.0624004044 0.9066174030 -0.4173141420 0.3152426183 -0.3788194358 -0.8701252341
50.4 218.6 2554.3 0.1463308334 0.7898666859 0.5955651999 -0.9122418761 0.3406102657 -0.2275948972 -0.3826252520 -0.5099953413 0.7703912258
82.5 18.8 2470.5 -0.5975961089 0.7898666859 0.1378023326 0.2406120598 0.3406102657 -0.9088951945 -0.7648429275 -0.5099953413 -0.3935988247
-174.8 -168.5 2523.9 0.9796534181 0.0017827674 0.2006888986 -0.0026777496 0.9999876618 0.0041881800 -0.2006789595 -0.0046403594 0.9796460867
-175.5 -556.7 2525.7 0.9795950651 0.0116719315 0.2006421387 -0.0193617344 0.9991495013 0.0364063829 -0.2000465542 -0.0395482928 0.9789878726
2.2 -168.9 2551.9 0.9512416720 0.0735996962 0.2995369434 -0.0672770888 0.9972407222 -0.0313812606 -0.3010200858 0.0096991900 0.9535684586
-26.4 -556.0 2548.2 0.9491259456 -0.0814510286 0.3041802943 0.0717819408 0.9964992404 0.0428554602 -0.3066060543 -0.0188405756 0.9516500235
-77.4 149.9 2267.7 0 0 0 0 0 0 0 0 0
-72.2 81.1 2272.6 0 0 0 0 0 0 0 0 0
-178.6 -826.2 2536.3 0 0 0 0 0 0 0 0 0
-3.5 -835.9 2553.5 0 0 0 0 0 0 0 0 0
-82.9 423.7 2528.1 4 0.9804198742 0.0094810668 -0.1966900378 -0.0066277245 0.9998630881 0.0151599757 0.1968068480 -0.0135595342 0.9803485274
-84.8 225.1 2530.8 0.9804198742 0.0094810668 -0.1966900378 -0.0066277245 0.9998630881 0.0151599757 0.1968068480 -0.0135595342 0.9803485274
-85.9 31.0 2532.4 0.9804379344 0.0061498638 -0.1967322826 -0.0043145330 0.9999430776 0.0097563127 0.1967810839 -0.0087166512 0.9804087281
-218.7 225.7 2503.9 0.5441294312 -0.2022038400 -0.8142706752 0.4521995485 0.8881741762 0.0816225857 0.7067097425 -0.4126260877 0.5747181773
-334.5 129.4 2353.4 -0.9468897581 -0.2022038400 -0.2500267625 -0.0697377995 0.8881741762 -0.4541842341 0.3139050901 -0.4126260877 -0.8551042676
49.1 224.5 2557.6 0.1473432779 0.7919530869 0.5925371647 -0.9144188166 0.3374137282 -0.2235849202 -0.3769989312 -0.5088833570 0.7738924623
82.4 18.3 2472.6 -0.5951977968 0.7919530869 0.1361981183 0.2407050282 0.3374137282 -0.9100621343 -0.7666816115 -0.5088833570 -0.3914549947
-174.5 -168.4 2517.2 0.9824489355 0.0033866421 0.1865008622 -0.0081110317 0.9996650815 0.0245745089 -0.1863551736 -0.0256559160 0.9821473956
-175.9 -556.4 2527.2 0.9822419286 0.0202891529 0.1865184009 -0.0264926925 0.9991735816 0.0308272429 -0.1857387871 -0.0352211855 0.9819676876
1.6 -169.3 2549.9 0.9555917382 0.0707403719 0.2860772312 -0.0655247793 0.9974642992 -0.0277759116 -0.2873167098 0.0077972854 0.9578039050
-25.9 -556.5 2546.9 0.9536081553 -0.0785610899 0.2906193733 0.0674796849 0.9965665936 0.0479740202 -0.2933904529 -0.0261375140 0.9556353092
-79.3 148.2 2268.8 0 0 0 0 0 0 0 0 0
-72.8 81.0 2272.8 0 0 0 0 0 0 0 0 0
-181.4 -827.3 2536.7 0 0 0 0 0 0 0 0 0
-4.0 -834.9 2554.2 0 0 0 0 0 0 0 0 0
-83.7 420.5 2528.5 5 0.9824755192 0.0070076040 -0.1862598509 -0.0040283827 0.9998579025 0.0163686424 0.1863480955 -0.0153314648 0.9823641777
-85.1 222.5 2531.6 0.9824755192 0.0070076040 -0.1862598509 -0.0040283827 0.9998579025 0.0163686424 0.1863480955 -0.0153314648 0.9823641777
-86.2 28.4 2533.2 0.9824737310 0.0060283476 -0.1863034666 -0.0043005175 0.9999439120 0.0096770283 0.1863513589 -0.0087062251 0.9824445844
-219.3 223.1 2506.1 0.5595980287 -0.1956440806 -0.8053405881 0.4439320564 0.8913316727 0.0919359550 0.6998388171 -0.4089636803 0.5856401324
-338.8 128.3 2356.6 -0.9475153089 -0.1956440806 -0.2528599203 -0.0642812327 0.8913316727 -0.4487714469 0.3131815195 -0.4089636803 -0.8571265936
49.2 221.9 2557.0 0.1364172250 0.7986647487 0.5861099958 -0.9140591621 0.3295867443 -0.2363649905 -0.3819504976 -0.5034949780 0.7749881744
79.0 21.7 2473.4 -0.5854412913 0.7986647487 0.1392591298 0.2319276780 0.3295867443 -0.9151951075 -0.7768320441 -0.5034949780 -0.3781861663
-174.9 -162.7 2516.5 0.9804201722 0.0016747552 0.1969098300 -0.0052589509 0.9998298287 0.0176807381 -0.1968467236 -0.0183700919 0.9802621603
-175.6 -550.9 2523.6 0.9803193808 0.0143413832 0.1968966275 -0.0227564275 0.9989186525 0.0405425541 -0.1961022764 -0.0442253128 0.9795856476
0.7 -163.5 2551.8 0.9529410601 0.0650257096 0.2960996032 -0.0587987341 0.9978221059 -0.0298965685 -0.2973987758 0.0110793849 0.9546890855
-24.5 -550.9 2547.5 0.9520162940 -0.0609305650 0.2999207377 0.0512879491 0.9978854656 0.0399264283 -0.3017193079 -0.0226282924 0.9531282187
-78.9 145.9 2270.7 0 0 0 0 0 0 0 0 0
-73.7 82.2 2270.8 0 0 0 0 0 0 0 0 0
-179.6 -828.1 2535.9 0 0 0 0 0 0 0 0 0
-7.2 -834.5 2553.9 0 0 0 0 0 0 0 0 0
-81.7 419.8 2529.2 6 0.9841321111 0.0076147057 -0.1772738844 -0.0052847657 0.9998933673 0.0136116296 0.1773586422 -0.0124587901 0.9840674400
-83.2 221.5 2531.7 0.9841321111 0.0076147057 -0.1772738844 -0.0052847657 0.9998933673 0.0136116296 0.1773586422 -0.0124587901 0.9840674400
-84.3 27.4 2533.1 0.9841391444 0.0055926833 -0.1773099601 -0.0042141047 0.9999579191 0.0081505971 0.1773480773 -0.0072741192 0.9841213226
-217.7 222.1 2507.5 0.5745102763 -0.1915346235 -0.7957715988 0.4367643297 0.8939836621 0.1001503244 0.6922245622 -0.4051020443 0.5972583294
-342.5 127.2 2357.1 -0.9482504725 -0.1915346235 -0.2532500029 -0.0620521344 0.8939836621 -0.4437822700 0.3114010394 -0.4051020443 -0.8596055508
51.2 220.9 2555.9 0.1310748458 0.7966514230 0.5900558233 -0.9129392505 0.3290234208 -0.2414239645 -0.3864729404 -0.5070405006 0.7704210877
79.9 21.3 2471.4 -0.5891906619 0.7966514230 0.1349105686 0.2354799062 0.3290234208 -0.9144904613 -0.7729188800 -0.5070405006 -0.3814529181
-175.4 -165.3 2518.2 0.9785792232 -0.0015493262 0.2058646828 -0.0016215264 0.9998826385 0.0152329989 -0.2058641315 -0.0152405119 0.9784619212
-174.8 -553.5 2524.2 0.9784365296 0.0181328654 0.2057503164 -0.0273137707 0.9987496734 0.0418691784 -0.2047338486 -0.0465861484 0.9777084589
0.6 -166.1 2551.6 0.9500243664 0.0694156066 0.3043603599 -0.0606308058 0.9974278212 -0.0382320210 -0.3062313795 0.0178677384 0.9517894387
-26.3 -553.3 2544.7 0.9479281306 -0.0775219128 0.3089054525 0.0681732669 0.9968323112 0.0409607142 -0.3111022711 -0.0177687202 0.9502103329
-78.8 144.5 2270.6 0 0 0 0 0 0 0 0 0
-72.4 82.1 2271.7 0 0 0 0 0 0 0 0 0
-179.8 -831.1 2537.1 0 0 0 0 0 0 0 0 0
-4.4 -835.2 2549.7 0 0 0 0 0 0 0 0 0
-81.3 420.0 2528.6 7 0.9832445383 0.0071212063 -0.1821524352 -0.0038988742 0.9998296499 0.0180422869 0.1822498739 -0.0170297902 0.9831047654
-82.7 221.7 2532.0 0.9832445383 0.0071212063 -0.1821524352 -0.0038988742 0.9998296499 0.0180422869 0.1822498739 -0.0170297902 0.9831047654
-83.8 27.6 2533.9 0.9832445383 0.0057560988 -0.1822004765 -0.0038931200 0.9999364614 0.0105808936 0.1822497994 -0.0096942773 0.9832044840
-217.0 222.3 2507.1 0.5814253688 -0.1909810305 -0.7908670902 0.4352207780 0.8942961693 0.1040058509 0.6874063015 -0.4046734571 0.6030853987
-343.2 127.8 2357.8 -0.9457774162 -0.1909810305 -0.2627381086 -0.0572995283 0.8942961693 -0.4437917471 0.3197214901 -0.4046734571 -0.8567482829
51.7 221.2 2556.9 0.1413921863 0.7921069860 0.5937800407 -0.9086363912 0.3419102430 -0.2397443354 -0.3929226398 -0.5056321621 0.7680806518
83.1 19.4 2469.6 -0.5948779583 0.7921069860 0.1366993040 0.2469114363 0.3419102430 -0.9067150354 -0.7649542093 -0.5056321621 -0.3989751339
-173.6 -166.3 2518.6 0.9795866609 0.0034979314 0.2009917945 -0.0059095114 0.9999175668 0.0113996472 -0.2009353489 -0.0123547064 0.9795265794
-174.9 -554.5 2523.4 0.9794324636 0.0174875669 0.2010130137 -0.0257094037 0.9989330173 0.0383642651 -0.2001276463 -0.0427431315 0.9788370132
2.8 -167.1 2550.4 0.9508893490 0.0740690976 0.3005382717 -0.0703617781 0.9972527027 -0.0231562778 -0.3014277816 0.0008726486 0.9534885883
-26.0 -554.2 2550.1 0.9495887756 -0.0797506049 0.3031846881 0.0787530988 0.9967730641 0.0155357439 -0.3034453094 0.0091241635 0.9528051615
-78.5 143.8 2268.3 0 0 0 0 0 0 0 0 0
-69.7 82.8 2273.2 0 0 0 0 0 0 0 0 0
-179.7 -828.2 2535.2 0 0 0 0 0 0 0 0 0
-3.6 -834.2 2547.5 0 0 0 0 0 0 0 0 0
-80.4 422.4 2528.8 8 0.9791152477 0.0087040579 -0.2031194717 -0.0053337687 0.9998389482 0.0171341598 0.2032359093 -0.0156929251 0.9790040255
-82.2 224.1 2531.9 0.9791152477 0.0087040579 -0.2031194717 -0.0053337687 0.9998389482 0.0171341598 0.2032359093 -0.0156929251 0.9790040255
-83.6 30.0 2534.1 0.9791191220 0.0072641526 -0.2031575441 -0.0048526195 0.9999117851 0.0123658683 0.2032294571 -0.0111218113 0.9790679812
-215.9 224.8 2504.1 0.5838381648 -0.1895240694 -0.7894387841 0.4482539296 0.8859753609 0.1188111231 0.6769057512 -0.4232355058 0.6022211313
-343.8 126.6 2355.8 -0.9517152309 -0.1895240694 -0.2414927036 -0.0597436540 0.8859753609 -0.4598677754 0.3011125922 -0.4232355058 -0.8545191288
51.6 223.5 2559.7 0.1564206183 0.7961732149 0.5845004916 -0.9090647101 0.3474355042 -0.2299781889 -0.3861787021 -0.4953754246 0.7781190276
86.8 18.6 2472.6 -0.5864602923 0.7961732149 0.1489044428 0.2416289896 0.3474355042 -0.9060375094 -0.7730975151 -0.4953754246 -0.3961356580
-173.0 -166.1 2519.4 0.9836496115 0.0040447395 0.1800473630 -0.0072712037 0.9998245239 0.0172637198 -0.1799459308 -0.0182906128 0.9835064411
-174.6 -554.3 2526.5 0.9834953547 0.0176471211 0.1800708622 -0.0223502908 0.9994591475 0.0241228938 -0.1795477718 -0.0277493894 0.9833577871
3.2 -166.8 2552.1 0.9569560289 0.0759908035 0.2801080942 -0.0729098096 0.9971085191 -0.0214188583 -0.2809258103 0.0000742782 0.9597294927
-26.3 -553.9 2552.0 0.9556746483 -0.0811890662 0.2830093503 0.0788078085 0.9966930151 0.0198083576 -0.2836816609 0.0033730031 0.9589125514
-78.4 143.2 2271.8 0 0 0 0 0 0 0 0 0
-64.1 80.8 2273.6 0 0 0 0 0 0 0 0 0
-179.4 -827.1 2534.1 0 0 0 0 0 0 0 0 0
-3.3 -836.6 2551.1 0 0 0 0 0 0 0 0 0
-81.6 420.4 2530.9 9 0.9811848402 0.0089924121 -0.1928613335 -0.0072513619 0.9999263287 0.0097314678 0.1929346472 -0.0081498614 0.9811777472
-83.4 222.1 2532.5 0.9811848402 0.0089924121 -0.1928613335 -0.0072513619 0.9999263287 0.0097314678 0.1929346472 -0.0081498614 0.9811777472
-84.6 28.0 2533.6 0.9811996222 0.0065369564 -0.1928848177 -0.0053432621 0.9999632239 0.0067081954 0.1929215640 -0.0055514448 0.9811984897
-217.4 222.9 2506.1 0.5891565681 -0.1488786638 -0.7941849232 0.4015441835 0.9068679214 0.1278784275 0.7011824250 -0.3942407370 0.5940685272
-344.2 136.4 2355.2 -0.9526916146 -0.1488786638 -0.2649789453 -0.0247081704 0.9068679214 -0.4206900597 0.3029326797 -0.3942407370 -0.8676439524
50.7 221.4 2558.8 0.1980438828 0.7747051120 0.6005086303 -0.8863924742 0.4030777812 -0.2276766896 -0.4184339941 -0.4871963561 0.7665198445
95.3 21.5 2464.5 -0.6018925905 0.7747051120 0.1937970519 0.2339323312 0.4030777812 -0.8847621083 -0.7635449767 -0.4871963561 -0.4238381088
-172.7 -163.6 2518.0 0.9817152619 0.0037089463 0.1903190613 -0.0047647567 0.9999756813 0.0050902851 -0.1902955472 -0.0059040347 0.9817091227
