-110.7 497.6 2487.0  0.9827514291 0.0222392771 -0.1835894585 -0.0044379733 0.9952930808 0.0968093351 0.1848782897 -0.0943247452 0.9782243371
-115.3 293.5 2506.3 0.9827514291 0.0222392771 -0.1835894585 -0.0044379733 0.9952930808 0.0968093351 0.1848782897 -0.0943247452 0.9782243371
-118.2 95.5 2521.2 0.9828316569 0.0141992234 -0.1839574724 -0.0000510502 0.9970551729 0.0766874775 0.1845046580 -0.0753614902 0.9799380898
-258.8 293.5 2479.4 0.3119236529 -0.8169900179 -0.4850061834 0.9455842376 0.3166944087 0.0746668875 0.0925966501 -0.4819045365 0.8713173270
-342.2 40.5 2454.6 -0.3081013858 -0.8169900179 -0.4874432087 0.4666807652 0.3166944087 -0.8257806301 0.8290250897 -0.4819045365 0.2836995423
28.2 293.6 2533.2 0.1360428929 0.8947464228 0.4253482521 -0.9805423617 0.1829381138 -0.0712061077 -0.1415238231 -0.4073849022 0.9022242427
65.1 27.4 2494.8 -0.2492301762 0.8947464228 0.3705578744 -0.5524020195 0.1829381138 -0.8132562041 -0.7954472303 -0.4073849022 0.4486660659
-209.1 -98.1 2518.5 0.9676973820 0.0512578711 -0.2468490452 -0.0457405671 0.9985598326 0.0280374736 0.2479306757 -0.0158407744 0.9686482549
-229.5 -494.9 2524.8 0.9657769203 0.0648553148 -0.2511349916 -0.0895744935 0.9920606017 -0.0882735476 0.2434161156 0.1077478379 0.9639185667
-27.9 -97.2 2546.3 0.9317913055 0.0743679702 -0.3552947342 -0.0729837567 0.9971827865 0.0173175465 0.3555816710 0.0097944047 0.9345939159
-57.4 -493.5 2542.4 0.9197375178 -0.1530196220 -0.3614801764 0.1260567904 0.9872513413 -0.0971828252 0.3717426658 0.0438156538 0.9273012280
-264.1 -77.8 2244.5 0 0 0 0 0 0 0 0 0
-1.2 -119.6 2283.2 0 0 0 0 0 0 0 0 0
-250.5 -816.5 2489.9 0 0 0 0 0 0 0 0 0
-7.6 -814.9 2528.2 0 0 0 0 0 0 0 0 0
-106.2 493.9 2482.9  0.9849753976 0.0439378805 -0.1670116633 -0.0245719366 0.9929100275 0.1163009256 0.1709375679 -0.1104497537 0.9790716171
-115.2 290.6 2505.5 0.9849753976 0.0439378805 -0.1670116633 -0.0245719366 0.9929100275 0.1163009256 0.1709375679 -0.1104497537 0.9790716171
-122.7 92.9 2523.0 0.9850843549 0.0373921767 -0.1679603904 -0.0219093226 0.9954150915 0.0931065083 0.1706717610 -0.0880378634 0.9813870192
-259.0 293.8 2480.5 0.2734905779 -0.8557218909 -0.4392527640 0.9574498534 0.2859409153 0.0390836857 0.0921555758 -0.4312515259 0.8975129128
-328.1 52.2 2457.3 -0.3183131814 -0.8557218909 -0.4079421759 0.3661720455 0.2859409153 -0.8855257630 0.8744111061 -0.4312515259 0.2223226577
28.6 287.4 2530.4 0.1147597730 0.8947150111 0.4316424727 -0.9763281941 0.1817779839 -0.1172180772 -0.1833398640 -0.4079727829 0.8943963051
59.2 27.0 2481.5 -0.2901025414 0.8947150111 0.3395961225 -0.4579985142 0.1817779839 -0.8701690435 -0.8402844071 -0.4079727829 0.3570438921
-211.1 -102.7 2519.3 0.9710834622 0.0510395989 -0.2332206368 -0.0454347692 0.9985361695 0.0293453112 0.2343770266 -0.0179004204 0.9719809294
-231.4 -499.5 2526.4 0.9693453312 0.0614400357 -0.2378966063 -0.0877665654 0.9909365177 -0.1016951576 0.2294922769 0.1194570884 0.9659520388
-31.0 -102.6 2553.1 0.9365025759 0.0669287741 -0.3442143500 -0.0703098997 0.9975216389 0.0026654841 0.3435396552 0.0217054449 0.9388872981
-57.6 -499.0 2544.5 0.9234489799 -0.1581687778 -0.3496063054 0.1266938597 0.9856788516 -0.1112917438 0.3622024357 0.0584792756 0.9302631617
-247.2 -40.9 2235.1 0 0 0 0 0 0 0 0 0
-16.7 -92.8 2261.7 0 0 0 0 0 0 0 0 0
-250.8 -812.9 2488.6 0 0 0 0 0 0 0 0 0
-6.8 -815.1 2525.7 0 0 0 0 0 0 0 0 0
-103.7 502.8 2480.8  0.9860513210 0.0541573800 -0.1573840678 -0.0345098712 0.9915574789 0.1249913797 0.1628245562 -0.1178166121 0.9795955420
-114.8 298.9 2505.0 0.9860513210 0.0541573800 -0.1573840678 -0.0345098712 0.9915574789 0.1249913797 0.1628245562 -0.1178166121 0.9795955420
-124.4 101.4 2524.1 0.9861710072 0.0482309163 -0.1585574746 -0.0321883373 0.9942395091 0.1022334397 0.1625749171 -0.0957159624 0.9820426702
-258.8 303.6 2481.3 0.2562265098 -0.8492779136 -0.4616004527 0.9603556395 0.2779298127 0.0217263829 0.1098407954 -0.4488674700 0.8868218660
-324.6 57.3 2453.1 -0.3901602328 -0.8492779136 -0.3556711674 0.2423731238 0.2779298127 -0.9295215607 0.8882737756 -0.4488674700 0.0974049717
29.2 294.2 2528.8 0.0654924065 0.9147185683 0.3987488747 -0.9748066664 0.1440368593 -0.1703096032 -0.2132198960 -0.3775490820 0.9011070728
47.3 24.8 2469.9 -0.3119211495 0.9147185683 0.2568951547 -0.3422986567 0.1440368593 -0.9284853339 -0.8863051534 -0.3775490820 0.2681787908
-220.4 -102.8 2524.8 0.9738894105 0.0301482901 -0.2250122726 -0.0237719659 0.9992368221 0.0309939384 0.2257749587 -0.0248356853 0.9738628268
-232.4 -499.9 2534.7 0.9720215797 0.0606271699 -0.2269325703 -0.0919277221 0.9872428179 -0.1300033331 0.2161558121 0.1472274512 0.9651946425
-39.8 -106.9 2556.2 0.9402169585 0.0395056047 -0.3382771611 -0.0496597812 0.9985366464 -0.0214119498 0.3369362354 0.0369306467 0.9408028722
-55.5 -503.5 2541.5 0.9274448752 -0.1550568342 -0.3402989805 0.1293668002 0.9868336320 -0.0970755816 0.3508706987 0.0460088626 0.9352929592
-227.8 -2.8 2232.9 0 0 0 0 0 0 0 0 0
-32.3 -62.5 2243.7 0 0 0 0 0 0 0 0 0
-251.6 -812.5 2488.1 0 0 0 0 0 0 0 0 0
-5.8 -819.8 2526.7 0 0 0 0 0 0 0 0 0
-104.0 511.8 2480.3  0.9880318642 0.0562633276 -0.1436226666 -0.0376760401 0.9909281731 0.1290032417 0.1495779008 -0.1220481768 0.9811884165
-115.6 307.4 2505.5 0.9880318642 0.0562633276 -0.1436226666 -0.0376760401 0.9909281731 0.1290032417 0.1495779008 -0.1220481768 0.9811884165
-125.5 109.9 2524.9 0.9881715775 0.0500619374 -0.1449508667 -0.0350680873 0.9939370155 0.1042085961 0.1492889225 -0.0978928208 0.9839358926
-259.9 312.5 2483.6 0.1841868758 -0.8747770786 -0.4481520653 0.9705979228 0.2337643802 -0.0573919266 0.1549671292 -0.4244046211 0.8921131492
-305.9 70.1 2444.9 -0.3949454725 -0.8747770786 -0.2806833684 0.1633984298 0.2337643802 -0.9584649801 0.9040569663 -0.4244046211 0.0506130196
28.7 302.3 2527.3 0.0297657363 0.9210442305 0.3883187771 -0.9731748700 0.1153707281 -0.1990485191 -0.2281331122 -0.3719772398 0.8997712135
37.2 26.0 2462.5 -0.3375092447 0.9210442305 0.1943321526 -0.2401337624 0.1153707281 -0.9638596177 -0.9101775885 -0.3719772398 0.1822351366
-224.4 -93.1 2528.2 0.9770362377 0.0190842487 -0.2122169137 -0.0163529515 0.9997594357 0.0146182142 0.2124448419 -0.0108121522 0.9771132469
-232.0 -490.4 2532.5 0.9753040075 0.0590530820 -0.2128257304 -0.0866882354 0.9886198044 -0.1229472458 0.2031433135 0.1383604258 0.9693241119
-43.6 -99.1 2558.0 0.9450045228 0.0288494639 -0.3257823586 -0.0387699902 0.9989599586 -0.0239987094 0.3247511685 0.0353094675 0.9451401830
-55.0 -495.9 2544.0 0.9332776070 -0.1485225856 -0.3270076215 0.1240059808 0.9877511263 -0.0947113931 0.3370689154 0.0478411205 0.9402636886
-209.4 30.2 2224.0 0 0 0 0 0 0 0 0 0
-48.6 -35.0 2231.1 0 0 0 0 0 0 0 0 0
-251.4 -815.6 2487.0 0 0 0 0 0 0 0 0 0
-6.7 -817.6 2528.4 0 0 0 0 0 0 0 0 0
-102.7 519.7 2482.5  0.9909188151 0.0645788014 -0.1179384887 -0.0510722436 0.9921492338 0.1141557842 0.1243846267 -0.1070957333 0.9864374995
-116.1 313.5 2504.8 0.9909188151 0.0645788014 -0.1179384887 -0.0510722436 0.9921492338 0.1141557842 0.1243846267 -0.1070957333 0.9864374995
-127.8 115.9 2522.0 0.9911329150 0.0586343780 -0.1192375720 -0.0476204529 0.9945070148 0.0932097584 0.1240478978 -0.0867051110 0.9884808064
-260.8 320.4 2486.7 0.2064125389 -0.8318945169 -0.5151168704 0.9599632621 0.2740678787 -0.0579423979 0.1893789321 -0.4825332165 0.8551592231
-312.0 82.7 2439.8 -0.4745011330 -0.8318945169 -0.2877502143 0.0995769948 0.2740678787 -0.9565412998 0.8746045232 -0.4825332165 -0.0472079553
28.6 306.5 2522.9 -0.0186860319 0.9380286932 0.3460535109 -0.9714357853 0.0648597255 -0.2282668948 -0.2365658432 -0.3404341638 0.9100226164
23.2 27.0 2454.8 -0.3282882869 0.9380286932 0.1110360399 -0.1484344900 0.0648597255 -0.9867929816 -0.9328418970 -0.3404341638 0.1179431230
-226.1 -84.3 2530.7 0.9821691513 0.0143722109 -0.1874492168 -0.0121156629 0.9998397827 0.0131783793 0.1876085848 -0.0106723262 0.9821859002
-231.8 -481.6 2534.9 0.9805660844 0.0574887358 -0.1875771433 -0.0827957168 0.9880511761 -0.1299990863 0.1778623313 0.1430032849 0.9736092687
-44.9 -90.8 2558.1 0.9528736472 0.0287663043 -0.3020004332 -0.0369233713 0.9990903139 -0.0213349778 0.3011119664 0.0314804129 0.9530690312
-56.3 -487.8 2545.6 0.9412473440 -0.1485791504 -0.3032781780 0.1263128370 0.9877266288 -0.0918759108 0.3132067919 0.0481700301 0.9484625459
-194.3 58.1 2223.0 0 0 0 0 0 0 0 0 0
-59.9 -10.5 2218.6 0 0 0 0 0 0 0 0 0
-251.2 -815.3 2486.6 0 0 0 0 0 0 0 0 0
-6.8 -817.1 2529.5 0 0 0 0 0 0 0 0 0
-98.8 517.7 2480.1  0.9912404418 0.0645969436 -0.1151940897 -0.0504066646 0.9912364483 0.1221045181 0.1220721528 -0.1152283847 0.9858097434
-112.3 310.9 2504.2 0.9912404418 0.0645969436 -0.1151940897 -0.0504066646 0.9912364483 0.1221045181 0.1220721528 -0.1152283847 0.9858097434
-122.8 113.3 2522.4 0.9917731285 0.0527087189 -0.1166526005 -0.0413892642 0.9943827391 0.0974164009 0.1211320236 -0.0917868018 0.9883836508
-257.2 316.9 2486.5 0.2451802790 -0.7260925174 -0.6423988938 0.9237942100 0.3759840429 -0.0723897293 0.2940933704 -0.5756958127 0.7629439235
-315.1 98.7 2417.0 -0.6037691832 -0.7260925174 -0.3290174305 0.0520008355 0.3759840429 -0.9251658916 0.7954612970 -0.5756958127 -0.1892501563
32.5 304.8 2521.9 -0.0672410727 0.9409681559 0.3317492902 -0.9579766393 0.0320415832 -0.2850510478 -0.2788537443 -0.3369752169 0.8992709517
14.2 43.9 2445.9 -0.3345562220 0.9409681559 0.0514888838 -0.0633935928 0.0320415832 -0.9974741340 -0.9402411580 -0.3369752169 0.0489316396
-230.3 -77.3 2527.9 0.9828144312 0.0056422274 -0.1845099777 -0.0047114296 0.9999738932 0.0054827332 0.1845360845 -0.0045192037 0.9828153253
-232.6 -474.7 2529.7 0.9815173149 0.0529692881 -0.1838966310 -0.0744497776 0.9909221530 -0.1119395420 0.1762979031 0.1235616654 0.9765508771
-48.6 -86.1 2550.7 0.9540899396 0.0238910206 -0.2985659242 -0.0267000478 0.9996292591 -0.0053324369 0.2983278632 0.0130593497 0.9543741345
-58.1 -483.2 2545.5 0.9421569109 -0.1504330039 -0.2995166779 0.1290878654 0.9875460267 -0.0899398699 0.3093164265 0.0460735038 0.9498423934
-167.9 86.0 2223.2 0 0 0 0 0 0 0 0 0
-70.0 28.0 2209.3 0 0 0 0 0 0 0 0 0
-250.8 -815.3 2487.3 0 0 0 0 0 0 0 0 0
-7.6 -814.7 2530.0 0 0 0 0 0 0 0 0 0
-95.8 507.2 2480.0  0.9881471992 0.0594811477 -0.1415170133 -0.0412131287 0.9908288717 0.1286841631 0.1478734165 -0.1213265434 0.9815362096
-108.2 301.4 2505.1 0.9881471992 0.0594811477 -0.1415170133 -0.0412131287 0.9908288717 0.1286841631 0.1478734165 -0.1213265434 0.9815362096
-117.4 103.8 2523.2 0.9885880947 0.0466816723 -0.1432285011 -0.0329673402 0.9947699904 0.0966735482 0.1469922960 -0.0908484608 0.9849567413
-252.5 306.2 2483.7 0.2980931401 -0.6511554122 -0.6979520917 0.8826061487 0.4664899111 -0.0582541004 0.3635200560 -0.5986516476 0.7137712240
-319.7 107.2 2401.7 -0.6766751409 -0.6511554122 -0.3436675370 0.0003333972 0.4664899111 -0.8845264912 0.7362816334 -0.5986516476 -0.3154450357
36.2 296.6 2526.6 -0.0874013901 0.9322980642 0.3509719968 -0.9479650259 0.0304358639 -0.3169163167 -0.3061425984 -0.3604081273 0.8811258078
13.7 52.9 2447.9 -0.3605803549 0.9322980642 0.0283222664 0.0001834575 0.0304358639 -0.9995366931 -0.9327281117 -0.3604081273 -0.0111456122
-224.2 -80.5 2529.6 0.9774227738 0.0205652192 -0.2102896571 -0.0237830151 0.9996353984 -0.0127839847 0.2099500746 0.0174966808 0.9775555134
-232.4 -477.6 2522.6 0.9759448171 0.0539002046 -0.2112496793 -0.0743136406 0.9931734204 -0.0899114311 0.2049613148 0.1034473330 0.9732879996
-42.4 -88.1 2551.8 0.9454872608 0.0407494567 -0.3230995536 -0.0429973379 0.9990751743 0.0001805546 0.3228081167 0.0137217082 0.9463649392
-58.5 -485.0 2546.3 0.9331792593 -0.1523867100 -0.3255069852 0.1282559484 0.9872301221 -0.0944832712 0.3357483149 0.0464216173 0.9408071637
-153.3 107.2 2220.6 0 0 0 0 0 0 0 0 0
-78.0 53.0 2210.7 0 0 0 0 0 0 0 0 0
-250.7 -814.9 2487.5 0 0 0 0 0 0 0 0 0
-7.7 -814.3 2530.9 0 0 0 0 0 0 0 0 0
-92.1 501.2 2481.4  0.9902974367 0.0657688379 -0.1224150956 -0.0509856604 0.9914390445 0.1202043295 0.1292728037 -0.1127966270 0.9851728082
-105.8 294.5 2504.9 0.9902974367 0.0657688379 -0.1224150956 -0.0509856604 0.9914390445 0.1202043295 0.1292728037 -0.1127966270 0.9851728082
-117.1 96.9 2522.1 0.9906296134 0.0570516177 -0.1240889281 -0.0456140228 0.9946078062 0.0931378826 0.1287334859 -0.0866049528 0.9878903031
-250.4 301.2 2486.1 0.3158221841 -0.6240976453 -0.7146736979 0.8496567011 0.5212731957 -0.0797356069 0.4223030210 -0.5820450187 0.6948983669
-321.1 111.0 2391.6 -0.7030228972 -0.6240976453 -0.3409705460 -0.0495509915 0.5212731957 -0.8519501090 0.7094388604 -0.5820450187 -0.3973916471
38.9 287.9 2523.7 -0.1211336851 0.9291625023 0.3492616117 -0.9423991442 0.0028672251 -0.3344781995 -0.3117860258 -0.3696604073 0.8752946258
9.6 60.4 2448.4 -0.3692247272 0.9291625023 -0.0181699265 0.0563480742 0.0028672251 -0.9984070659 -0.9276303053 -0.3696604073 -0.0534151681
-217.3 -90.9 2527.8 0.9806720614 0.0373191908 -0.1920664608 -0.0381235071 0.9992729425 -0.0004925524 0.1919084340 0.0078052799 0.9813817739
-232.2 -487.9 2524.7 0.9790651202 0.0592446029 -0.1947345734 -0.0789380223 0.9923452139 -0.0949721709 0.1876173317 0.1083559021 0.9762472510
-36.1 -96.9 2554.8 0.9506080747 0.0515973903 -0.3060752451 -0.0562766343 0.9983941913 -0.0064771255 0.3052495420 0.0233820919 0.9519852996
-56.6 -493.6 2545.5 0.9388844371 -0.1508253068 -0.3094312847 0.1274874061 0.9873349071 -0.0944285691 0.3197545111 0.0492089279 0.9462217093
-146.0 123.4 2214.9 0 0 0 0 0 0 0 0 0
-84.8 74.8 2211.2 0 0 0 0 0 0 0 0 0
-251.4 -809.7 2489.6 0 0 0 0 0 0 0 0 0
-7.5 -814.9 2529.5 0 0 0 0 0 0 0 0 0
-92.1 496.4 2481.6  0.9882805943 0.0626641959 -0.1391927451 -0.0461693443 0.9918534160 0.1187233180 0.1454984993 -0.1109055206 0.9831226468
-105.1 291.5 2504.5 0.9882805943 0.0626641959 -0.1391927451 -0.0461693443 0.9918534160 0.1187233180 0.1454984993 -0.1109055206 0.9831226468
-115.3 93.8 2521.5 0.9887186289 0.0513334125 -0.1407136768 -0.0385351665 0.9949931502 0.0922153220 0.1447428614 -0.0857525840 0.9857464433
-249.5 297.1 2483.3 0.3539429009 -0.6084368229 -0.7103020549 0.8327404261 0.5507417917 -0.0568054467 0.4257555604 -0.5713913441 0.7016010880
-327.7 113.1 2389.3 -0.7225123644 -0.6084368229 -0.3282994330 -0.0865670741 0.5507417917 -0.8301744461 0.6859169602 -0.5713913441 -0.4505883455
39.3 285.9 2525.6 -0.1000262275 0.9137634635 0.3937398195 -0.9356230497 0.0482603572 -0.3496862352 -0.3385325372 -0.4033698440 0.8501108885
15.5 63.1 2445.0 -0.4061729908 0.9137634635 0.0077334070 0.0896300822 0.0482603572 -0.9948052168 -0.9093898535 -0.4033698440 -0.1015027463
-219.3 -96.5 2527.6 0.9774448872 0.0378271416 -0.2077753395 -0.0382573865 0.9992660284 0.0019486874 0.2076965570 0.0060442076 0.9781746268
-234.3 -493.6 2525.2 0.9760526419 0.0546945594 -0.2105462104 -0.0771076009 0.9920198321 -0.0997547805 0.2034099698 0.1136006340 0.9724810123
-37.7 -104.9 2551.2 0.9460811615 0.0450100414 -0.3207872808 -0.0459766239 0.9989320636 0.0045648841 0.3206501603 0.0104299653 0.9471402764
-55.5 -501.8 2547.0 0.9336895347 -0.1530417502 -0.3237313926 0.1272314638 0.9868619442 -0.0995775610 0.3347177207 0.0517857112 0.9408944249
-145.8 134.9 2216.6 0 0 0 0 0 0 0 0 0
-88.4 86.0 2212.5 0 0 0 0 0 0 0 0 0
-251.8 -810.3 2488.9 0 0 0 0 0 0 0 0 0
-7.0 -814.7 2530.6 0 0 0 0 0 0 0 0 0
-89.1 492.8 2482.2  0.9893665910 0.0736546665 -0.1254141778 -0.0587353110 0.9911838770 0.1187629774 0.1330559701 -0.1101338863 0.9849703908
-104.2 288.8 2504.8 0.9893665910 0.0736546665 -0.1254141778 -0.0587353110 0.9911838770 0.1187629774 0.1330559701 -0.1101338863 0.9849703908
-116.4 91.2 2521.8 0.9899915457 0.0611383840 -0.1271959096 -0.0495288521 0.9944785833 0.0925160870 0.1321498901 -0.0852902755 0.9875535369
-248.8 296.1 2485.5 0.3579541743 -0.6033509374 -0.7126264572 0.8190673590 0.5693352222 -0.0706125200 0.4483274519 -0.5584130287 0.6979809403
-328.1 114.6 2386.2 -0.7353070974 -0.6033509374 -0.3086926937 -0.1261172742 0.5693352222 -0.8123742342 0.6658963561 -0.5584130287 -0.4947291613
40.4 281.6 2524.1 -0.0831862390 0.8985399008 0.4309363663 -0.9329224825 0.0818064958 -0.3506613076 -0.3503365517 -0.4312004149 0.8314628601
21.0 64.7 2442.7 -0.4384230077 0.8985399008 0.0202820804 0.1219006926 0.0818064958 -0.9891652465 -0.8904636502 -0.4312004149 -0.1453984827
-216.1 -100.4 2525.3 0.9795379043 0.0507605970 -0.1947531700 -0.0488463119 0.9986992478 0.0146223856 0.1952420920 -0.0048102071 0.9807432890
-236.3 -497.2 2527.2 0.9784353971 0.0531395189 -0.1996005625 -0.0765521228 0.9908146858 -0.1114720926 0.1918435991 0.1243480816 0.9735161066
-34.8 -107.5 2551.9 0.9495965242 0.0543331876 -0.3087302446 -0.0551059954 0.9984611273 0.0062226332 0.3085932434 0.0111038974 0.9511292577
-56.4 -504.2 2547.5 0.9368262887 -0.1564399451 -0.3128626645 0.1295459867 0.9859864712 -0.1051118821 0.3249220550 0.0579414703 0.9439642429
-142.5 146.4 2218.1 0 0 0 0 0 0 0 0 0
-90.3 95.6 2216.6 0 0 0 0 0 0 0 0 0
-253.0 -809.4 2488.1 0 0 0 0 0 0 0 0 0
-7.2 -814.2 2529.2 0 0 0 0 0 0 0 0 0
-88.0 491.7 2481.0  0.9863666296 0.0758159831 -0.1460577399 -0.0575306676 0.9904132485 0.1255861223 0.1541789621 -0.1154711545 0.9812722802
-103.6 287.6 2504.8 0.9863666296 0.0758159831 -0.1460577399 -0.0575306676 0.9904132485 0.1255861223 0.1541789621 -0.1154711545 0.9812722802
-115.9 90.0 2522.2 0.9870151281 0.0621331260 -0.1481238306 -0.0482008941 0.9942269325 0.0958617926 0.1532249004 -0.0874773338 0.9843118787
-247.7 294.6 2482.4 0.3763112128 -0.5993441343 -0.7065241933 0.8108198047 0.5820173025 -0.0618634932 0.4482868016 -0.5495839119 0.7049797773
-331.0 115.2 2383.2 -0.7500709891 -0.5993441343 -0.2796069980 -0.1685097069 0.5820173025 -0.7955251932 0.6395294666 -0.5495839119 -0.5375496149
40.5 280.6 2527.1 -0.0778616443 0.8855859637 0.4579029381 -0.9287679791 0.1025201678 -0.3562017381 -0.3623915315 -0.4530200362 0.8145214915
22.4 64.6 2442.9 -0.4640135169 0.8855859637 0.0207122024 0.1517813653 0.1025201678 -0.9830829501 -0.8727278113 -0.4530200362 -0.1819861978
-219.3 -101.8 2526.7 0.9755614400 0.0405506641 -0.2159525603 -0.0399788506 0.9991759062 0.0070173917 0.2160591483 0.0017876382 0.9763786197
-235.4 -498.9 2525.9 0.9742072225 0.0533520430 -0.2192576081 -0.0796483681 0.9904091358 -0.1128975973 0.2111314237 0.1274491698 0.9691131115
-37.8 -110.9 2550.9 0.9431228638 0.0461061597 -0.3292317390 -0.0487686172 0.9988101125 0.0001716169 0.3288478851 0.0158943199 0.9442491531
-56.1 -507.8 2544.6 0.9300994873 -0.1567507237 -0.3321809769 0.1309366226 0.9864484072 -0.0988690779 0.3431771994 0.0484634191 0.9380195737
-139.9 158.1 2220.3 0 0 0 0 0 0 0 0 0
-95.6 103.2 2220.9 0 0 0 0 0 0 0 0 0
-252.2 -811.4 2485.7 0 0 0 0 0 0 0 0 0
-7.1 -816.0 2529.4 0 0 0 0 0 0 0 0 0
-86.6 492.2 2471.4  0.9841636419 0.0819418728 -0.1571862400 -0.0586506203 0.9873248935 0.1474775672 0.1672784686 -0.1359229833 0.9764952064
-103.5 288.1 2499.5 0.9841636419 0.0819418728 -0.1571862400 -0.0586506203 0.9873248935 0.1474775672 0.1672784686 -0.1359229833 0.9764952064
-117.3 91.0 2520.1 0.9847233295 0.0693027526 -0.1597406417 -0.0513249934 0.9921488166 0.1140456796 0.1663901806 -0.1041047573 0.9805490971
-247.3 295.6 2475.2 0.4013224542 -0.5907686949 -0.6999518871 0.8148850203 0.5792182684 -0.0216477588 0.4182137251 -0.5616925359 0.7138618827
-334.8 117.9 2384.0 -0.7652288675 -0.5907686949 -0.2557676435 -0.1815479696 0.5792182684 -0.7946990132 0.6176286340 -0.5616925359 -0.5504873991
40.3 280.6 2523.8 -0.0433329679 0.8747962117 0.4825492501 -0.9372518659 0.1316560805 -0.3228398860 -0.3459496796 -0.4662598073 0.8141993880
30.3 63.7 2443.7 -0.4841963351 0.8747962117 0.0168948751 0.2040142566 0.1316560805 -0.9700746536 -0.8508419991 -0.4662598073 -0.2422183007
-218.8 -103.1 2525.5 0.9728186131 0.0375266969 -0.2285076231 -0.0353456736 0.9992821813 0.0136311799 0.2288551331 -0.0051839096 0.9734466672
-233.7 -500.2 2527.6 0.9710397720 0.0594503284 -0.2314031720 -0.0870716050 0.9899945259 -0.1110377908 0.2224866301 0.1279707551 0.9665004611
-37.8 -112.0 2553.6 0.9382489920 0.0506659746 -0.3422306776 -0.0563766249 0.9983867407 -0.0067529678 0.3413364291 0.0256297756 0.9395917058
-57.9 -508.7 2543.4 0.9249494076 -0.1587177366 -0.3453653753 0.1338858902 0.9864549041 -0.0947697982 0.3557290137 0.0414177217 0.9336709380
-138.8 164.4 2225.7 0 0 0 0 0 0 0 0 0
-94.0 116.1 2225.4 0 0 0 0 0 0 0 0 0
-252.5 -812.8 2487.2 0 0 0 0 0 0 0 0 0
-8.7 -815.1 2530.5 0 0 0 0 0 0 0 0 0
-84.5 489.7 2467.1  0.9853210449 0.0857461765 -0.1476144195 -0.0621581525 0.9855478406 0.1575809866 0.1589930356 -0.1460924298 0.9764108658
-102.2 286.5 2497.2 0.9853210449 0.0857461765 -0.1476144195 -0.0621581525 0.9855478406 0.1575809866 0.1589930356 -0.1460924298 0.9764108658
-116.7 89.6 2520.0 0.9859549403 0.0728974640 -0.1502626389 -0.0542619191 0.9907233119 0.1245912611 0.1579510868 -0.1146878228 0.9807640910
-246.2 294.4 2474.1 0.3706275225 -0.5297901630 -0.7628614902 0.8116278052 0.5840656161 -0.0113003859 0.4515479803 -0.6149713397 0.6464632154
-325.6 120.5 2377.4 -0.8089815378 -0.5297901630 -0.2546983957 -0.1302513778 0.5840656161 -0.8011878133 0.5732220411 -0.6149713397 -0.5415042043
41.8 278.5 2520.3 0.0152337644 0.8491577506 0.5279195309 -0.9505586028 0.1760826558 -0.2557991445 -0.3101712763 -0.4979217052 0.8098566532
45.4 54.0 2447.0 -0.5279652476 0.8491577506 -0.0135570951 0.3072183728 0.1760826558 -0.9352068305 -0.7917509079 -0.4979217052 -0.3538424075
-221.4 -101.4 2525.6 0.9748804569 0.0373132341 -0.2195811272 -0.0329098105 0.9991778135 0.0236788355 0.2202841192 -0.0158576593 0.9753068686
-236.2 -498.5 2531.9 0.9735791683 0.0506027490 -0.2226723880 -0.0792678297 0.9893920422 -0.1217373684 0.2141500413 0.1361717135 0.9672626257
-40.8 -110.8 2556.1 0.9414153099 0.0438355394 -0.3343885541 -0.0501231179 0.9986910224 -0.0101932585 0.3335040212 0.0263566859 0.9423801899
-58.2 -507.7 2545.6 0.9269134998 -0.1650390923 -0.3370362222 0.1373226792 0.9849815965 -0.1046600267 0.3492474854 0.0507280789 0.9356563687
-117.5 154.0 2229.9 0 0 0 0 0 0 0 0 0
-89.9 132.7 2244.2 0 0 0 0 0 0 0 0 0
-252.4 -813.9 2488.5 0 0 0 0 0 0 0 0 0
-6.5 -816.4 2529.7 0 0 0 0 0 0 0 0 0
-82.8 486.4 2465.9  0.9856925607 0.0948835760 -0.1393099725 -0.0725953579 0.9849010110 0.1571619511 0.1521186233 -0.1448000968 0.9776977301
-102.4 283.5 2495.7 0.9856925607 0.0948835760 -0.1393099725 -0.0725953579 0.9849010110 0.1571619511 0.1521186233 -0.1448000968 0.9776977301
-119.1 86.8 2518.3 0.9862552285 0.0840348676 -0.1422629505 -0.0663846582 0.9899879098 0.1245670989 0.1513065845 -0.1134108752 0.9819594026
-246.4 293.2 2473.6 0.3599079251 -0.4762247503 -0.8022943735 0.8001724482 0.5997627378 0.0029497554 0.4797815084 -0.6430355310 0.5969212651
-322.5 124.0 2372.2 -0.8400493264 -0.4762247503 -0.2598597407 -0.0942013189 0.5997627378 -0.7946135998 0.5342688560 -0.6430355310 -0.5486912727
41.7 273.8 2517.8 0.1158478707 0.8116236925 0.5725785494 -0.9643703699 0.2299443185 -0.1308257431 -0.2378424555 -0.5370219350 0.8093444109
68.9 47.6 2462.1 -0.5841373801 0.8116236925 -0.0071049575 0.3306269944 0.2299443185 -0.9153203964 -0.7412619591 -0.5370219350 -0.4026637673
-221.6 -102.3 2528.3 0.9763249755 0.0360495411 -0.2132838815 -0.0339030959 0.9993310571 0.0137140611 0.2136355788 -0.0061583961 0.9768940210
-235.9 -499.4 2530.7 0.9747862220 0.0554006286 -0.2161541730 -0.0818840116 0.9899204969 -0.1155526340 0.2075737566 0.1303386837 0.9694972634
-40.8 -112.2 2557.3 0.9435052872 0.0439678840 -0.3284274042 -0.0505659543 0.9986537099 -0.0115719857 0.3274764419 0.0275254752 0.9444583058
-58.3 -509.1 2546.3 0.9291796684 -0.1643414646 -0.3310846686 0.1372533441 0.9850851893 -0.1037720293 0.3432006538 0.0509803779 0.9378775358
-105.6 148.3 2234.2 0 0 0 0 0 0 0 0 0
-81.4 132.6 2271.4 0 0 0 0 0 0 0 0 0
-253.7 -816.8 2488.9 0 0 0 0 0 0 0 0 0
-7.0 -816.6 2530.4 0 0 0 0 0 0 0 0 0
-83.9 486.6 2466.3  0.9867053032 0.0911759585 -0.1345349103 -0.0703517869 0.9858505130 0.1521492600 0.1465036720 -0.1406617016 0.9791582823
-102.7 282.8 2495.4 0.9867053032 0.0911759585 -0.1345349103 -0.0703517869 0.9858505130 0.1521492600 0.1465036720 -0.1406617016 0.9791582823
-119.0 86.0 2517.7 0.9871590137 0.0819238126 -0.1371332854 -0.0651715323 0.9903282523 0.1224851832 0.1458414197 -0.1119751707 0.9829505682
-246.9 292.3 2474.1 0.3662113547 -0.4396457970 -0.8201224208 0.7906370163 0.6117708087 0.0250911098 0.4906957746 -0.6576077938 0.5716376901
-323.1 127.9 2372.1 -0.8605096340 -0.4396457970 -0.2573611140 -0.0771057755 0.6117708087 -0.7872681618 0.5035651922 -0.6576077938 -0.5603339076
41.5 273.3 2516.7 0.1804981381 0.7889655232 0.5873276591 -0.9645360708 0.2589044571 -0.0513677970 -0.1925891638 -0.5572269559 0.8077175021
84.1 45.6 2471.3 -0.6144207716 0.7889655232 0.0045257132 0.3257562220 0.2589044571 -0.9093136787 -0.7185888886 -0.5572269559 -0.4160867035
-226.2 -103.8 2527.0 0.9778551459 0.0259723850 -0.2076650560 -0.0216554906 0.9995000958 0.0230345335 0.2081595063 -0.0180273484 0.9779287577
-236.5 -501.0 2534.1 0.9765259624 0.0513066091 -0.2092001438 -0.0795922875 0.9884302020 -0.1291152537 0.2001552731 0.1427351236 0.9693113565
-45.3 -116.0 2554.7 0.9458078146 0.0305982139 -0.3232820332 -0.0369717516 0.9992238879 -0.0135909347 0.3226152658 0.0248067155 0.9462050796
-57.5 -513.1 2544.8 0.9314609766 -0.1641484946 -0.3247086704 0.1397811621 0.9854031205 -0.0971694067 0.3359191716 0.0451213568 0.9408094287
-98.6 148.0 2240.7 0 0 0 0 0 0 0 0 0
-74.7 129.8 2285.6 0 0 0 0 0 0 0 0 0
-252.9 -816.6 2488.5 0 0 0 0 0 0 0 0 0
-6.9 -816.8 2530.9 0 0 0 0 0 0 0 0 0
-83.3 489.0 2466.1  0.9861282110 0.0913281888 -0.1386010796 -0.0698936209 0.9858559966 0.1523247361 0.1505522430 -0.1405243874 0.9785637259
-102.2 285.9 2495.0 0.9861282110 0.0913281888 -0.1386010796 -0.0698936209 0.9858559966 0.1523247361 0.1505522430 -0.1405243874 0.9785637259
-118.7 89.1 2517.5 0.9865087271 0.0830291212 -0.1410909295 -0.0655813664 0.9900991917 0.1241077110 0.1499985605 -0.1131804064 0.9821866751
-246.3 295.4 2473.1 0.3909634948 -0.4381883740 -0.8094062805 0.7928621769 0.6069701314 0.0543768145 0.4674581289 -0.6630069613 0.5847261548
-326.8 132.1 2376.8 -0.8639751673 -0.4381883740 -0.2480683178 -0.0808401033 0.6069701314 -0.7906023860 0.4970028102 -0.6630069613 -0.5598303080
42.0 276.3 2516.9 0.1957928687 0.7712036967 0.6057310104 -0.9575346708 0.2836562991 -0.0516373143 -0.2116423100 -0.5698982477 0.7939921618
89.1 45.6 2465.9 -0.6365861297 0.7712036967 0.0017215651 0.3412169516 0.2836562991 -0.8961641192 -0.6916133761 -0.5698982477 -0.4437194467
-225.8 -104.8 2526.6 0.9769403934 0.0284038167 -0.2116145641 -0.0233001690 0.9993752837 0.0265728235 0.2122371346 -0.0210294090 0.9769918919
-237.1 -502.0 2534.9 0.9756314754 0.0510036871 -0.2134052515 -0.0817921236 0.9870451689 -0.1380286068 0.2036006600 0.1521199346 0.9671640396
-44.7 -116.8 2553.3 0.9442752004 0.0373320580 -0.3270330727 -0.0421790965 0.9990800619 -0.0077391611 0.3264433146 0.0211018585 0.9449812174
-59.6 -513.8 2544.9 0.9287881851 -0.1705285162 -0.3290478885 0.1469536126 0.9845290780 -0.0954313725 0.3402310014 0.0402807519 0.9394787550
-97.8 153.5 2245.1 0 0 0 0 0 0 0 0 0
-75.7 134.0 2286.9 0 0 0 0 0 0 0 0 0
-253.4 -816.6 2486.4 0 0 0 0 0 0 0 0 0
-6.9 -818.2 2532.5 0 0 0 0 0 0 0 0 0
-80.4 488.2 2465.9  0.9853875637 0.0995771438 -0.1381874681 -0.0783988237 0.9854142666 0.1510376930 0.1512117982 -0.1379969269 0.9788216352
-101.0 285.3 2494.3 0.9853875637 0.0995771438 -0.1381874681 -0.0783988237 0.9854142666 0.1510376930 0.1512117982 -0.1379969269 0.9788216352
-119.0 88.6 2516.3 0.9858610034 0.0906774774 -0.1409101635 -0.0734836236 0.9897106290 0.1227720231 0.1505929530 -0.1106815636 0.9823804498
-245.0 296.0 2472.3 0.4451203346 -0.4181998670 -0.7918186784 0.7680528164 0.6329236031 0.0974811092 0.4603941441 -0.6515493989 0.6029267311
-335.5 139.8 2378.7 -0.8716585636 -0.4181998670 -0.2555783093 -0.0778032616 0.6329236031 -0.7702949643 0.4838987887 -0.6515493989 -0.5842306018
43.1 274.5 2516.3 0.1917504221 0.7939272523 0.5769846439 -0.9522683024 0.2927812338 -0.0863960013 -0.2375224233 -0.5328776836 0.8121726513
87.5 53.9 2461.3 -0.6067519784 0.7939272523 0.0391344689 0.3251026869 0.2927812338 -0.8992148638 -0.7253690362 -0.5328776836 -0.4357534945
-225.6 -101.6 2526.2 0.9768360257 0.0285178237 -0.2120804191 -0.0229556095 0.9993260503 0.0286435653 0.2127543539 -0.0231116321 0.9768323302
-237.0 -498.8 2535.4 0.9756163955 0.0495918170 -0.2138065994 -0.0820591226 0.9859104156 -0.1457632184 0.2035654932 0.1597537696 0.9659398794
-44.7 -113.6 2553.8 0.9441144466 0.0377933756 -0.3274440169 -0.0394333787 0.9992208481 0.0016317455 0.3272505403 0.0113716694 0.9448691607
-59.7 -510.7 2549.2 0.9285117984 -0.1709346622 -0.3296166658 0.1399956495 0.9833799601 -0.1156073511 0.3438997269 0.0611978956 0.9370100498
-103.9 160.5 2250.2 0 0 0 0 0 0 0 0 0
-68.7 137.6 2274.6 0 0 0 0 0 0 0 0 0
-252.9 -815.9 2484.0 0 0 0 0 0 0 0 0 0
-6.5 -816.7 2530.2 0 0 0 0 0 0 0 0 0
-80.8 490.2 2465.8  0.9843736887 0.1039195210 -0.1421590149 -0.0826716796 0.9855297208 0.1479747891 0.1554794014 -0.1339099705 0.9787207246
-102.2 287.4 2493.4 0.9843736887 0.1039195210 -0.1421590149 -0.0826716796 0.9855297208 0.1479747891 0.1554794014 -0.1339099705 0.9787207246
-120.9 90.8 2515.2 0.9849649668 0.0943723172 -0.1446992457 -0.0767823905 0.9894723892 0.1226739809 0.1547529250 -0.1097192168 0.9818417430
-246.0 298.6 2470.8 0.4750968516 -0.4160175920 -0.7753788233 0.7595353127 0.6387977600 0.1226519495 0.4442849159 -0.6471991539 0.6194708347
-343.1 143.4 2380.0 -0.8797136545 -0.4160175920 -0.2302895486 -0.1024775133 0.6387977600 -0.7625193596 0.4643299282 -0.6471991539 -0.6045915484
41.7 276.2 2516.0 0.2503415644 0.7559975386 0.6048113704 -0.9394650459 0.3406476974 -0.0369399264 -0.2339541018 -0.5589515567 0.7955115438
100.2 56.8 2461.4 -0.6511265039 0.7559975386 0.0670967028 0.3038269579 0.3406476974 -0.8897461891 -0.6955022812 -0.5589515567 -0.4514971972
-227.4 -101.3 2524.5 0.9760700464 0.0239941161 -0.2161284387 -0.0180126242 0.9993994236 0.0296033397 0.2167089432 -0.0250018947 0.9759160280
-236.9 -498.5 2534.4 0.9749517441 0.0482303724 -0.2171241194 -0.0790946558 0.9875760078 -0.1357855499 0.2078775913 0.1495577097 0.9666537046
-46.6 -114.8 2552.1 0.9429572821 0.0297674444 -0.3315801620 -0.0319352560 0.9994893670 -0.0010897554 0.3313784003 0.0116166910 0.9434264302
-58.4 -512.0 2547.5 0.9274771214 -0.1702707559 -0.3328574896 0.1416154355 0.9839329123 -0.1087249890 0.3460221291 0.0537021756 0.9366881847
-109.3 170.6 2256.6 0 0 0 0 0 0 0 0 0
-67.9 135.3 2281.8 0 0 0 0 0 0 0 0 0
-252.5 -817.5 2486.1 0 0 0 0 0 0 0 0 0
-5.3 -818.9 2530.8 0 0 0 0 0 0 0 0 0
-78.6 490.5 2466.3  0.9850634336 0.1022484228 -0.1385471821 -0.0822755620 0.9863079190 0.1429244578 0.1512639821 -0.1293906122 0.9799883962
-99.7 287.3 2493.0 0.9850634336 0.1022484228 -0.1385471821 -0.0822755620 0.9863079190 0.1429244578 0.1512639821 -0.1293906122 0.9799883962
-118.6 90.6 2514.4 0.9854571223 0.0952003896 -0.1407521665 -0.0783358812 0.9895739555 0.1208590642 0.1507904977 -0.1080754772 0.9826402664
-243.6 298.7 2470.9 0.5022622347 -0.4142895937 -0.7590103745 0.7432751060 0.6554055810 0.1341105402 0.4418990612 -0.6315121651 0.6371166110
-347.4 145.2 2379.7 -0.8814479709 -0.4142895937 -0.2267456055 -0.1160660535 0.6554055810 -0.7463057041 0.4577970207 -0.6315121651 -0.6257908940
44.3 275.8 2515.0 0.2861009538 0.7403506041 0.6082986593 -0.9336871505 0.3580742776 0.0033343311 -0.2153475285 -0.5689145923 0.7937012315
110.4 60.1 2465.2 -0.6672496796 0.7403506041 0.0816017762 0.2887127101 0.3580742776 -0.8879345655 -0.6866023540 -0.5689145923 -0.4526735842
-230.0 -98.8 2522.8 0.9771624207 0.0123867765 -0.2121325582 -0.0044294791 0.9992700219 0.0379452035 0.2124477327 -0.0361389890 0.9765039086
-234.9 -495.9 2537.2 0.9758257270 0.0576994158 -0.2107958198 -0.0898640230 0.9851430655 -0.1463475376 0.1992198676 0.1617526561 0.9665130973
-49.3 -112.9 2551.2 0.9443397522 0.0288707130 -0.3277024031 -0.0287494026 0.9995730519 0.0052156518 0.3277130723 0.0044959011 0.9447665811
-60.8 -510.1 2549.4 0.9280732274 -0.1749174446 -0.3287612200 0.1433566660 0.9825987220 -0.1181044951 0.3436988890 0.0624795109 0.9369991422
-112.9 176.1 2257.9 0 0 0 0 0 0 0 0 0
-62.4 134.8 2287.4 0 0 0 0 0 0 0 0 0
-253.7 -815.7 2484.6 0 0 0 0 0 0 0 0 0
-6.0 -817.9 2529.8 0 0 0 0 0 0 0 0 0
-78.3 490.1 2465.5  0.9833410382 0.1037358418 -0.1492625028 -0.0820301846 0.9860437512 0.1448751390 0.1622080952 -0.1302176416 0.9781267047
-99.7 287.2 2492.3 0.9833410382 0.1037358418 -0.1492625028 -0.0820301846 0.9860437512 0.1448751390 0.1622080952 -0.1302176416 0.9781267047
-118.7 90.6 2514.2 0.9838296175 0.0957008302 -0.1513957828 -0.0771911517 0.9893071055 0.1237456799 0.1616194844 -0.1100582480 0.9806968570
-243.4 298.5 2468.7 0.5173601508 -0.3979545236 -0.7576085329 0.7370498776 0.6570670009 0.1581785679 0.4348516762 -0.6402305365 0.6332526207
-349.5 147.3 2379.5 -0.8904196620 -0.3979545236 -0.2208731920 -0.1086218655 0.6570670009 -0.7459653020 0.4419887662 -0.6402305365 -0.6282919645
44.1 275.9 2515.9 0.2920666635 0.7158496976 0.6342367530 -0.9169929624 0.3979932368 -0.0269303937 -0.2717000544 -0.5737251639 0.7726697326
109.0 72.1 2455.6 -0.6851965785 0.7158496976 0.1344055384 0.2422330379 0.3979932368 -0.8848302364 -0.6868979335 -0.5737251639 -0.4461060464
-227.9 -98.9 2522.1 0.9747205377 0.0187039617 -0.2226432860 -0.0097464165 0.9991007447 0.0412638076 0.2232148647 -0.0380507074 0.9740263224
-235.3 -495.9 2537.2 0.9733778238 0.0564268306 -0.2221521884 -0.0910568535 0.9846554995 -0.1488697082 0.2103431374 0.1651349515 0.9635798931
-47.1 -113.2 2549.7 0.9406574368 0.0301574860 -0.3380149901 -0.0312415250 0.9995093942 0.0022339751 0.3379165232 0.0084586991 0.9411380887
-59.1 -510.4 2546.4 0.9255682826 -0.1680215597 -0.3392522335 0.1378331035 0.9841722846 -0.1113867313 0.3525980115 0.0563358366 0.9340775609
-112.6 176.2 2261.9 0 0 0 0 0 0 0 0 0
-67.9 134.7 2278.2 0 0 0 0 0 0 0 0 0
-253.6 -815.6 2483.6 0 0 0 0 0 0 0 0 0
-6.8 -817.2 2528.8 0 0 0 0 0 0 0 0 0
-77.4 488.2 2465.1  0.9834309220 0.1048909873 -0.1478562355 -0.0837167278 0.9862042665 0.1428029984 0.1607951969 -0.1280588508 0.9786449075
-99.0 285.0 2491.5 0.9834309220 0.1048909873 -0.1478562355 -0.0837167278 0.9862042665 0.1428029984 0.1607951969 -0.1280588508 0.9786449075
-117.9 88.3 2512.7 0.9840883017 0.0950046554 -0.1501478553 -0.0772190094 0.9897480011 0.1201505363 0.1600234061 -0.1066444665 0.9813355803
-242.8 296.3 2468.2 0.5179986358 -0.4035477340 -0.7542059422 0.7304259539 0.6675322056 0.1444944441 0.4451463521 -0.6257395744 0.6405425072
-348.4 147.4 2377.4 -0.8868387341 -0.4035477340 -0.2250917405 -0.1171222329 0.6675322056 -0.7353115678 0.4469893277 -0.6257395744 -0.6392578483
44.7 273.7 2514.9 0.2661181092 0.6997689009 0.6629514694 -0.9021325111 0.4231082499 -0.0844770819 -0.3396146894 -0.5755891800 0.7438810468
102.4 78.2 2441.3 -0.6982721090 0.6997689009 0.1507963538 0.2350396663 0.4231082499 -0.8750633001 -0.6761452556 -0.5755891800 -0.4599181414
-227.9 -98.9 2521.2 0.9749798179 0.0235414393 -0.2210432738 -0.0121446289 0.9985324144 0.0527775474 0.2219613492 -0.0487725548 0.9738348722
-237.3 -495.7 2540.6 0.9739864469 0.0501802154 -0.2209805250 -0.0872451589 0.9830397964 -0.1613103896 0.2091380507 0.1763936132 0.9618453979
-47.5 -113.0 2550.9 0.9410914183 0.0315683000 -0.3366755545 -0.0330983140 0.9994513988 0.0011953475 0.3365285695 0.0100184614 0.9416199327
-60.0 -510.3 2546.9 0.9255139232 -0.1706552356 -0.3380840123 0.1404415518 0.9837231636 -0.1120931506 0.3517103791 0.0562627278 0.9344165921
-114.0 178.4 2259.3 0 0 0 0 0 0 0 0 0
-75.5 138.1 2269.1 0 0 0 0 0 0 0 0 0
-253.7 -817.0 2483.0 0 0 0 0 0 0 0 0 0
-6.8 -817.2 2529.4 0 0 0 0 0 0 0 0 0
-77.1 490.5 2465.5  0.9829109907 0.1052973717 -0.1509913802 -0.0835410580 0.9860698581 0.1438302845 0.1640330106 -0.1287584007 0.9780155420
-98.8 286.9 2492.0 0.9829109907 0.1052973717 -0.1509913802 -0.0835410580 0.9860698581 0.1438302845 0.1640330106 -0.1287584007 0.9780155420
-117.8 90.2 2512.9 0.9834961295 0.0957168192 -0.1535372436 -0.0777896494 0.9898657203 0.1188048869 0.1633528918 -0.1049005315 0.9809748530
-242.5 298.3 2468.2 0.5065712333 -0.4181628525 -0.7540062666 0.7372573614 0.6635012627 0.1273487955 0.4470315278 -0.6204078794 0.6444042921
-345.3 148.7 2377.4 -0.8763828278 -0.4181628525 -0.2389414161 -0.1150261313 0.6635012627 -0.7392801046 0.4676774144 -0.6204078794 -0.6295807362
44.9 275.6 2515.9 0.2476603389 0.6921222210 0.6779610515 -0.8930003643 0.4344878197 -0.1173487678 -0.3757854998 -0.5763568282 0.7256708145
98.8 81.1 2434.1 -0.7043130398 0.6921222210 0.1578290015 0.2319423109 0.4344878197 -0.8703005910 -0.6709291339 -0.5763568282 -0.4665478468
-227.1 -101.3 2519.2 0.9741225839 0.0254835431 -0.2245791703 -0.0156594906 0.9988453388 0.0454176329 0.2254772633 -0.0407255441 0.9733968377
-237.2 -498.2 2535.4 0.9728723764 0.0520027615 -0.2254220396 -0.0851366073 0.9865053296 -0.1398534328 0.2151072770 0.1552512050 0.9641711116
-46.5 -115.4 2548.6 0.9400788546 0.0257394630 -0.3399842381 -0.0276118740 0.9996184707 -0.0006697200 0.3398372829 0.0100171911 0.9404308796
-56.8 -512.7 2544.6 0.9259245396 -0.1627554297 -0.3408436179 0.1357427984 0.9854972959 -0.1018280759 0.3524735272 0.0480180494 0.9345890284
-114.8 178.9 2254.4 0 0 0 0 0 0 0 0 0
-79.8 139.9 2263.9 0 0 0 0 0 0 0 0 0
-254.1 -819.9 2484.8 0 0 0 0 0 0 0 0 0
-6.2 -818.8 2529.7 0 0 0 0 0 0 0 0 0
-77.6 489.5 2465.1  0.9825590253 0.1038985029 -0.1542169899 -0.0812649950 0.9858760238 0.1464391053 0.1672536433 -0.1313526183 0.9771246910
-99.1 286.2 2492.2 0.9825590253 0.1038985029 -0.1542169899 -0.0812649950 0.9858760238 0.1464391053 0.1672536433 -0.1313526183 0.9771246910
-117.9 89.5 2513.2 0.9830412269 0.0949150994 -0.1569110751 -0.0764730424 0.9898645878 0.1196661517 0.1666788459 -0.1056372896 0.9803361297
-242.7 297.3 2467.8 0.5075454712 -0.4148663878 -0.7551711202 0.7342442870 0.6668776870 0.1271198392 0.4508690536 -0.6189991832 0.6430840492
-344.4 150.2 2377.5 -0.8773477077 -0.4148663878 -0.2411366999 -0.1128997430 0.6668776870 -0.7365648746 0.4663846791 -0.6189991832 -0.6319218874
44.5 275.0 2516.5 0.2425559908 0.6882724166 0.6837014556 -0.8846335411 0.4462097883 -0.1353525221 -0.3982336819 -0.5719946623 0.7170997262
97.1 83.3 2430.3 -0.7054984570 0.6882724166 0.1689762622 0.2280432582 0.4462097883 -0.8653860688 -0.6710202098 -0.5719946623 -0.4717562199
-227.0 -99.3 2518.7 0.9733421803 0.0213011708 -0.2283664197 -0.0164069273 0.9995936751 0.0233088657 0.2287701219 -0.0189407114 0.9732961655
-235.5 -496.5 2526.3 0.9717421532 0.0564655624 -0.2291916013 -0.0829311535 0.9907368422 -0.1075309366 0.2209967822 0.1234994680 0.9674235582
-46.6 -113.6 2548.7 0.9389834404 0.0254335646 -0.3430208266 -0.0261691194 0.9996544123 0.0024849970 0.3429654837 0.0066431821 0.9393244982
-56.8 -510.9 2546.1 0.9252523780 -0.1604196876 -0.3437638283 0.1317809224 0.9856725335 -0.1052777097 0.3557271659 0.0521069355 0.9331361055
-114.8 179.7 2255.5 0 0 0 0 0 0 0 0 0
-81.5 141.1 2260.4 0 0 0 0 0 0 0 0 0
-253.9 -818.5 2486.1 0 0 0 0 0 0 0 0 0
-7.1 -816.2 2529.9 0 0 0 0 0 0 0 0 0
-76.1 487.3 2465.4  0.9813501239 0.1041268110 -0.1615846455 -0.0803946629 0.9858583808 0.1470373571 0.1746100932 -0.1313045770 0.9758434296
-97.5 284.8 2492.4 0.9813501239 0.1041268110 -0.1615846455 -0.0803946629 0.9858583808 0.1470373571 0.1746100932 -0.1313045770 0.9758434296
-116.4 88.1 2513.5 0.9818236828 0.0951121971 -0.1642433256 -0.0756982863 0.9898018241 0.1206736937 0.1740458906 -0.1060473546 0.9790107012
-240.9 295.9 2467.0 0.5228215456 -0.4067196250 -0.7491573691 0.7266480327 0.6721298695 0.1422115117 0.4456908405 -0.6187249422 0.6469459534
-345.3 150.8 2378.0 -0.8821699023 -0.4067196250 -0.2373929024 -0.1129629016 0.6721298695 -0.7317655683 0.4571822882 -0.6187249422 -0.6388769746
45.9 273.8 2517.8 0.2354045212 0.6844484210 0.6900109053 -0.8780562878 0.4541374445 -0.1509182602 -0.4166555405 -0.5703415871 0.7078902721
96.6 84.9 2428.2 -0.7073300481 0.6844484210 0.1766763031 0.2240627557 0.4541374445 -0.8622964025 -0.6704327464 -0.5703415871 -0.4745844901
