-78.9 498.3 2484.1 2 0.9981508851 0.0607682765 -0.0014184656 -0.0605048835 0.9955203533 0.0726524368 0.0058270749 -0.0724322721 0.9973562956
-91.2 296.4 2498.8 0.9981508851 0.0607682765 -0.0014184656 -0.0605048835 0.9955203533 0.0726524368 0.0058270749 -0.0724322721 0.9973562956
-104.5 98.6 2512.5 0.9977691174 0.0667388290 -0.0016332967 -0.0664655417 0.9953793883 0.0692980587 0.0062506208 -0.0690349042 0.9975946546
-237.0 306.1 2497.8 0.3788173795 0.0408669822 -0.9245687127 -0.0635308772 0.9978162050 0.0180745199 0.9232882857 0.0518917218 0.3805864453
-330.1 321.8 2270.9 -0.9683952332 0.0408669822 0.2460499853 0.0523443446 0.9978162050 0.0402856134 -0.2438663095 0.0518917218 -0.9684195518
54.5 286.7 2499.7 0.2748678029 0.5059955120 0.8175672889 -0.7264155746 0.6663579345 -0.1681890637 -0.6298953295 -0.5476638079 0.5507233739
122.3 107.4 2344.2 -0.8427841067 0.5059955120 -0.1835306883 0.5170623064 0.6663579345 -0.5372278094 -0.1495377272 -0.5476638079 -0.8232270479
-209.5 -95.1 2522.6 0.9960778356 0.0563304573 -0.0682337359 -0.0530610718 0.9973973632 0.0488159247 0.0708059743 -0.0450039022 0.9964743853
-231.8 -491.3 2540.5 0.9948466420 0.0644660071 -0.0782581046 -0.0760137588 0.9849997759 -0.1549108773 0.0670977235 0.1600612551 0.9848240018
-26.5 -106.7 2526.0 0.9803714156 0.0754076168 -0.1821692437 -0.0630273297 0.9953510761 0.0728271231 0.1868140697 -0.0599159859 0.9805664420
-56.5 -502.3 2549.8 0.9684458971 -0.1594551802 -0.1915375292 0.1465585977 0.9859777689 -0.0798025429 0.2015766799 0.0492129698 0.9782356024
-84.3 308.5 2332.8 0 0 0 0 0 0 0 0 0
-72.7 227.1 2309.6 0 0 0 0 0 0 0 0 0
-253.1 -816.8 2487.6 0 0 0 0 0 0 0 0 0
-5.3 -818.9 2534.0 0 0 0 0 0 0 0 0 0
-79.9 502.4 2483.9 3 0.9982275963 0.0593510643 0.0043683997 -0.0595115609 0.9956254363 0.0720300227 -0.0000742315 -0.0721623302 0.9973928928
-91.9 300.6 2498.5 0.9982275963 0.0593510643 0.0043683997 -0.0595115609 0.9956254363 0.0720300227 -0.0000742315 -0.0721623302 0.9973928928
-105.0 102.8 2512.2 0.9978302717 0.0657080710 0.0041458192 -0.0658376738 0.9954773188 0.0684862584 0.0003730307 -0.0686106086 0.9976434708
-237.7 310.3 2498.5 0.4024548829 0.0254647825 -0.9150855541 -0.0597550832 0.9982119203 0.0014977026 0.9134874940 0.0540782586 0.4032569230
-335.8 324.8 2275.8 -0.9710634947 0.0254647825 0.2374598682 0.0375494733 0.9982119203 0.0465075299 -0.2358509749 0.0540782586 -0.9702833891
53.8 291.0 2498.6 0.2656423748 0.5071319342 0.8199093938 -0.7287011147 0.6624506712 -0.1736484617 -0.6312121749 -0.5513404608 0.5455225706
120.7 107.5 2339.7 -0.8372557759 0.5071319342 -0.2044992745 0.5304464102 0.6624506712 -0.5289477706 -0.1327755898 -0.5513404608 -0.8236469626
-209.2 -93.0 2525.6 0.9963427186 0.0580817908 -0.0626711175 -0.0553796105 0.9974942803 0.0440263338 0.0650712103 -0.0403946154 0.9970626831
-232.3 -489.4 2541.7 0.9953035116 0.0635468885 -0.0730254203 -0.0743605718 0.9848819971 -0.1564543992 0.0619792268 0.1611498296 0.9849818945
-26.2 -105.3 2526.8 0.9814737439 0.0731571317 -0.1770800799 -0.0627034307 0.9959822893 0.0639339983 0.1810458452 -0.0516460128 0.9821176529
-55.3 -501.1 2547.3 0.9706188440 -0.1536338031 -0.1851909310 0.1432730705 0.9873327613 -0.0681682006 0.1933180094 0.0396324657 0.9803353548
-90.0 315.3 2335.5 0 0 0 0 0 0 0 0 0
-75.0 231.6 2308.6 0 0 0 0 0 0 0 0 0
-253.6 -819.8 2487.6 0 0 0 0 0 0 0 0 0
-5.9 -818.5 2534.6 0 0 0 0 0 0 0 0 0
-80.8 502.4 2481.8 4 0.9982394576 0.0582398027 0.0112294992 -0.0589317530 0.9953113198 0.0766966566 -0.0067100492 -0.0772234052 0.9969912171
-92.7 299.5 2497.6 0.9982394576 0.0582398027 0.0112294992 -0.0589317530 0.9953113198 0.0766966566 -0.0067100492 -0.0772234052 0.9969912171
-105.5 101.7 2511.7 0.9978742599 0.0642608032 0.0108413147 -0.0648667365 0.9954083562 0.0703883991 -0.0062683201 -0.0709420070 0.9974607229
-238.5 308.9 2498.5 0.3914011419 0.0247740746 -0.9198865891 -0.0748409182 0.9971830249 -0.0049881558 0.9171717167 0.0707975328 0.3921526968
-334.4 327.3 2273.7 -0.9622524381 0.0247740746 0.2710284889 0.0429862887 0.9971830249 0.0614672601 -0.2687422037 0.0707975328 -0.9606067538
53.1 290.0 2496.7 0.2658548057 0.5090962648 0.8186221123 -0.7258961797 0.6645036340 -0.1775096804 -0.6343469024 -0.5470428467 0.5462125540
119.7 107.9 2337.6 -0.8346257806 0.5090962648 -0.2102872878 0.5364143848 0.6645036340 -0.5202831626 -0.1251375526 -0.5470428467 -0.8276984096
-209.5 -88.9 2525.8 0.9970996976 0.0509310178 -0.0565523244 -0.0490142554 0.9981923699 0.0347793512 0.0582214482 -0.0319066122 0.9977936745
-229.7 -485.6 2538.5 0.9954478741 0.0698167607 -0.0648782253 -0.0787616894 0.9859216213 -0.1474964321 0.0536671206 0.1519349217 0.9869324565
-26.5 -101.0 2525.8 0.9824131727 0.0754335225 -0.1708042920 -0.0658223033 0.9959492087 0.0612587519 0.1747333556 -0.0489386730 0.9833988547
-56.5 -496.8 2545.3 0.9708604217 -0.1590571254 -0.1792508960 0.1485958248 0.9863862395 -0.0704373121 0.1880141795 0.0417488590 0.9812785983
-89.8 316.4 2342.0 0 0 0 0 0 0 0 0 0
-76.4 234.0 2308.2 0 0 0 0 0 0 0 0 0
-253.5 -820.5 2486.8 0 0 0 0 0 0 0 0 0
-4.6 -818.6 2531.7 0 0 0 0 0 0 0 0 0
-81.9 501.0 2488.8 5 0.9974184036 0.0589627810 0.0409862511 -0.0611141622 0.9967020750 0.0533853211 -0.0377033353 -0.0557523444 0.9977325201
-93.9 299.0 2500.1 0.9974184036 0.0589627810 0.0409862511 -0.0611141622 0.9967020750 0.0533853211 -0.0377033353 -0.0557523444 0.9977325201
-106.3 101.0 2511.2 0.9971943498 0.0626419261 0.0409800820 -0.0647865012 0.9964755177 0.0532842167 -0.0374978259 -0.0557896793 0.9977381825
-239.5 308.4 2505.6 0.3683495820 0.0319929905 -0.9291366935 -0.0819180310 0.9966373444 0.0018414278 0.9260712862 0.0754347593 0.3697317541
-332.0 329.0 2272.9 -0.9566710591 0.0319929905 0.2894078195 0.0523888804 0.9966373444 0.0630028546 -0.2864190042 0.0754347593 -0.9551302195
51.7 289.6 2494.6 0.2700434625 0.5100586414 0.8166496754 -0.7260832191 0.6649140120 -0.1751927733 -0.6323603988 -0.5456459522 0.5499007106
119.3 107.9 2336.4 -0.8329781294 0.5100586414 -0.2144471854 0.5399987102 0.6649140120 -0.5160336494 -0.1206184849 -0.5456459522 -0.8292898536
-209.7 -90.2 2526.4 0.9982425570 0.0530735254 -0.0263621025 -0.0526021570 0.9984484911 0.0182637740 0.0272905268 -0.0168449730 0.9994856119
-230.8 -486.9 2533.0 0.9969424009 0.0702713802 -0.0341734439 -0.0742664337 0.9880933762 -0.1347439885 0.0242979079 0.1368699372 0.9902909994
-26.7 -102.1 2525.2 0.9876247644 0.0700662211 -0.1403141916 -0.0630232543 0.9965484738 0.0540292040 0.1436155140 -0.0445175245 0.9886317849
-54.6 -498.1 2542.9 0.9782330990 -0.1465808749 -0.1468811333 0.1405562162 0.9887764454 -0.0506462604 0.1526563764 0.0288987923 0.9878566861
-88.1 315.6 2345.9 0 0 0 0 0 0 0 0 0
-77.1 235.2 2308.0 0 0 0 0 0 0 0 0 0
-254.4 -818.7 2487.1 0 0 0 0 0 0 0 0 0
-7.0 -819.3 2533.5 0 0 0 0 0 0 0 0 0
-81.1 501.7 2492.3 6 0.9967375398 0.0608109236 0.0530690812 -0.0633712485 0.9968362451 0.0479746610 -0.0499837995 -0.0511812009 0.9974377751
-93.4 299.7 2502.7 0.9967375398 0.0608109236 0.0530690812 -0.0633712485 0.9968362451 0.0479746610 -0.0499837995 -0.0511812009 0.9974377751
-106.2 101.7 2512.7 0.9965363741 0.0640607625 0.0530234575 -0.0665826946 0.9966616631 0.0472463332 -0.0498198122 -0.0506131351 0.9974749684
-239.0 309.4 2509.9 0.3801574707 0.0236615557 -0.9246190786 -0.0771972537 0.9969964027 -0.0062259459 0.9216945767 0.0737448931 0.3808422387
-336.2 329.2 2274.1 -0.9671177864 0.0236615557 0.2532259226 0.0415121354 0.9969964027 0.0653828830 -0.2509182692 0.0737448931 -0.9651951790
52.1 290.0 2495.4 0.2592420876 0.4842412174 0.8356458545 -0.7209300995 0.6727808118 -0.1662100703 -0.6426922083 -0.5593535900 0.5235171914
117.3 108.7 2333.8 -0.8439680934 0.4842412174 -0.2307126075 0.5277586579 0.6727808118 -0.5184947848 -0.0958575234 -0.5593535900 -0.8233680129
-210.3 -91.1 2525.7 0.9986129999 0.0507696010 -0.0139468545 -0.0504816584 0.9985191822 0.0202753358 0.0149555719 -0.0195431542 0.9996971488
-230.4 -487.9 2533.5 0.9973790050 0.0690240040 -0.0216972791 -0.0713401139 0.9881692529 -0.1357649416 0.0120695448 0.1369569898 0.9905034900
-27.4 -102.9 2518.8 0.9896007180 0.0696442500 -0.1258575022 -0.0593519658 0.9947170019 0.0837580189 0.1310258657 -0.0754171014 0.9885061979
-55.1 -498.1 2548.8 0.9791503549 -0.1517497003 -0.1350429803 0.1433922499 0.9872116446 -0.0696554780 0.1438861936 0.0488390699 0.9883883595
-90.9 318.6 2337.8 0 0 0 0 0 0 0 0 0
-84.1 234.6 2310.9 0 0 0 0 0 0 0 0 0
-253.4 -817.0 2487.8 0 0 0 0 0 0 0 0 0
-6.0 -817.5 2533.0 0 0 0 0 0 0 0 0 0
-80.5 500.4 2494.5 7 0.9966749549 0.0627840981 0.0519345067 -0.0650759488 0.9969237447 0.0436819755 -0.0490322076 -0.0469164178 0.9976946712
-93.2 298.7 2504.0 0.9966749549 0.0627840981 0.0519345067 -0.0650759488 0.9969237447 0.0436819755 -0.0490322076 -0.0469164178 0.9976946712
-106.6 100.6 2512.8 0.9964005947 0.0671346486 0.0517566390 -0.0692858100 0.9967558980 0.0409524962 -0.0488394052 -0.0443910919 0.9978197217
-238.8 308.8 2511.2 0.4052090645 0.0238337554 -0.9139133096 -0.0909225717 0.9957546592 -0.0143449893 0.9096915126 0.0889080688 0.4056558311
-342.6 332.1 2278.2 -0.9748495817 0.0238337554 0.2215857655 0.0428607985 0.9957546592 0.0814594626 -0.2187035680 0.0889080688 -0.9717324972
52.3 288.6 2496.9 0.2460277379 0.4701276720 0.8476144671 -0.7187964916 0.6751521826 -0.1658346206 -0.6502321959 -0.5684624314 0.5040323138
113.4 110.2 2335.5 -0.8482257128 0.4701276720 -0.2439121455 0.5236184001 0.6751521826 -0.5196087956 -0.0796046630 -0.5684624314 -0.8188489079
-210.3 -90.3 2527.3 0.9985722899 0.0513097830 -0.0148545858 -0.0509672053 0.9984448552 0.0225888360 0.0159905124 -0.0217994880 0.9996345043
-230.7 -487.1 2536.0 0.9976318479 0.0647619218 -0.0231635012 -0.0674252287 0.9873628616 -0.1434168816 0.0135828285 0.1446390599 0.9893912673
-27.6 -102.5 2518.2 0.9895870090 0.0694342405 -0.1260812432 -0.0581708215 0.9941576719 0.0909215063 0.1316577047 -0.0826404914 0.9878445268
-55.2 -497.5 2551.0 0.9785893559 -0.1545714438 -0.1359061599 0.1452054083 0.9864490032 -0.0763790458 0.1458705217 0.0550094135 0.9877731204
-92.4 321.1 2334.3 0 0 0 0 0 0 0 0 0
-93.6 238.0 2316.1 0 0 0 0 0 0 0 0 0
-252.2 -814.5 2488.0 0 0 0 0 0 0 0 0 0
-4.8 -819.0 2533.1 0 0 0 0 0 0 0 0 0
-80.6 499.2 2488.1 8 0.9943403602 0.0672385246 0.0822573677 -0.0718916580 0.9958962202 0.0549760349 -0.0782232881 -0.0605785064 0.9950936437
-94.3 296.8 2500.5 0.9943403602 0.0672385246 0.0822573677 -0.0718916580 0.9958962202 0.0549760349 -0.0782232881 -0.0605785064 0.9950936437
-108.5 98.9 2511.9 0.9940543175 0.0715984330 0.0820349231 -0.0759950653 0.9957625270 0.0517850295 -0.0779795796 -0.0577113815 0.9952831864
-239.5 307.9 2511.8 0.4167109430 0.0222183671 -0.9087674618 -0.0965038240 0.9951332211 -0.0199214481 0.9039021134 0.0960010290 0.4168270528
-345.9 332.5 2280.9 -0.9796103239 0.0222183671 0.1996744871 0.0408485383 0.9951332211 0.0896730199 -0.1967103332 0.0960010290 -0.9757503867
50.8 285.6 2489.1 0.2491579354 0.4581442475 0.8532433510 -0.7289904356 0.6687298417 -0.1461962759 -0.6375682354 -0.5855802298 0.5006021261
110.5 111.2 2336.5 -0.8501033783 0.4581442475 -0.2596692443 0.5220925808 0.6687298417 -0.5293577909 -0.0688736588 -0.5855802298 -0.8076832294
-211.3 -91.1 2526.1 0.9986778498 0.0494425036 0.0140711367 -0.0495686606 0.9987322688 0.0087625440 -0.0136200562 -0.0094484454 0.9998626113
-231.0 -488.0 2529.9 0.9981048703 0.0611392148 0.0069775227 -0.0596895255 0.9894790053 -0.1317894459 -0.0149616161 0.1311232150 0.9912531972
-28.6 -103.8 2517.2 0.9930657148 0.0671045780 -0.0965272859 -0.0582934991 0.9941090941 0.0913730562 0.1020901948 -0.0851125345 0.9911273718
-55.2 -498.8 2551.0 0.9819101095 -0.1567956358 -0.1061492860 0.1497534215 0.9861423969 -0.0713939369 0.1158725694 0.0542062111 0.9917838573
-94.5 322.1 2331.4 0 0 0 0 0 0 0 0 0
-99.9 240.4 2319.4 0 0 0 0 0 0 0 0 0
-251.1 -814.5 2486.6 0 0 0 0 0 0 0 0 0
-4.7 -817.0 2533.5 0 0 0 0 0 0 0 0 0
-81.0 498.4 2483.5 9 0.9938184023 0.0677481741 0.0879498646 -0.0738669634 0.9949274063 0.0682869703 -0.0828774199 -0.0743614361 0.9937815070
-94.9 295.4 2498.6 0.9938184023 0.0677481741 0.0879498646 -0.0738669634 0.9949274063 0.0682869703 -0.0828774199 -0.0743614361 0.9937815070
-109.5 97.7 2512.7 0.9934017658 0.0739661530 0.0876466855 -0.0797165260 0.9947589636 0.0640302449 -0.0824512541 -0.0705946460 0.9940916300
-239.9 307.0 2510.7 0.4220011830 0.0169252064 -0.9064372778 -0.1020614281 0.9943568110 -0.0289488863 0.9008321166 0.1047287434 0.4213471711
-347.0 332.9 2282.1 -0.9785150290 0.0169252064 0.2054796368 0.0379986167 0.9943568110 0.0990488678 -0.2026436478 0.1047287434 -0.9736362100
50.2 283.7 2486.6 0.2489652187 0.4575965106 0.8535934687 -0.7315943837 0.6663892865 -0.1438575536 -0.6346542239 -0.5886686444 0.5006827712
109.0 111.0 2336.8 -0.8497909307 0.4575965106 -0.2616501153 0.5225846171 0.6663892865 -0.5318182111 -0.0689973086 -0.5886686444 -0.8054245114
-213.8 -92.0 2530.6 0.9989655614 0.0415309221 0.0185215250 -0.0415081494 0.9991368651 -0.0016123008 -0.0185724981 0.0008418387 0.9998271465
-230.3 -489.0 2530.2 0.9980049729 0.0617694706 0.0130622685 -0.0595705844 0.9898168445 -0.1292825639 -0.0209149681 0.1282465160 0.9915217757
-31.6 -105.9 2516.3 0.9940086007 0.0592819080 -0.0918289348 -0.0511421598 0.9947543144 0.0885907039 0.0965990573 -0.0833635926 0.9918261766
-55.1 -501.2 2549.4 0.9825937748 -0.1566041410 -0.0999231413 0.1503887326 0.9863532186 -0.0670112073 0.1090537459 0.0508174784 0.9927360415
-95.9 323.2 2334.1 0 0 0 0 0 0 0 0 0
-103.3 241.6 2319.5 0 0 0 0 0 0 0 0 0
-250.6 -813.9 2488.1 0 0 0 0 0 0 0 0 0
-4.9 -817.4 2533.1 0 0 0 0 0 0 0 0 0
-81.6 498.6 2489.6 0 0.9945315123 0.0704529136 0.0770941973 -0.0743129253 0.9960598350 0.0483983159 -0.0733806342 -0.0538627431 0.9958484173
-96.0 295.5 2500.6 0.9945315123 0.0704529136 0.0770941973 -0.0743129253 0.9960598350 0.0483983159 -0.0733806342 -0.0538627431 0.9958484173
-110.8 97.7 2511.5 0.9942210317 0.0746440068 0.0771545693 -0.0785746127 0.9956920743 0.0492270030 -0.0731476918 -0.0550049096 0.9958031178
-241.2 307.0 2511.3 0.4192937016 0.0222934727 -0.9075768590 -0.1129151657 0.9932165146 -0.0277688578 0.9008013010 0.1141225025 0.4189667106
-346.6 335.4 2284.8 -0.9786010981 0.0222934727 0.2045554668 0.0450351909 0.9932165146 0.1072043702 -0.2007779181 0.1141225025 -0.9729667306
49.2 284.0 2489.9 0.2476942092 0.4612522721 0.8519940972 -0.7257376909 0.6709173918 -0.1522324532 -0.6418352127 -0.5806170702 0.5009304881
108.3 111.0 2336.9 -0.8497340083 0.4612522721 -0.2553397715 0.5223462582 0.6709173918 -0.5263309479 -0.0714594573 -0.5806170702 -0.8110347390
-215.3 -92.6 2534.3 0.9992291927 0.0383382812 0.0084386040 -0.0382976532 0.9992542267 -0.0049246415 -0.0086211134 0.0045976667 0.9999522567
-230.5 -489.7 2532.4 0.9979770184 0.0634767488 0.0035469984 -0.0624707714 0.9894607067 -0.1306325197 -0.0118017429 0.1301466674 0.9914245009
-33.1 -107.2 2519.1 0.9932464957 0.0555331260 -0.1018697247 -0.0473509878 0.9955844879 0.0810517147 0.1059209779 -0.0756807029 0.9914903641
-55.2 -502.9 2549.2 0.9816356897 -0.1565173119 -0.1090584621 0.1495427042 0.9863105416 -0.0694877580 0.1184415445 0.0519027635 0.9916036129
-96.6 323.9 2336.1 0 0 0 0 0 0 0 0 0
-105.0 242.1 2319.0 0 0 0 0 0 0 0 0 0
-251.3 -814.1 2489.8 0 0 0 0 0 0 0 0 0
-5.2 -818.0 2532.6 0 0 0 0 0 0 0 0 0
-82.8 501.4 2493.7 1 0.9956716895 0.0677276701 0.0636459067 -0.0702481493 0.9967966080 0.0382331945 -0.0608525798 -0.0425387174 0.9972398877
-96.6 298.5 2502.3 0.9956716895 0.0677276701 0.0636459067 -0.0702481493 0.9967966080 0.0382331945 -0.0608525798 -0.0425387174 0.9972398877
-111.0 100.6 2511.6 0.9953274131 0.0723926648 0.0638959631 -0.0751458928 0.9962964654 0.0417900011 -0.0606340356 -0.0463962518 0.9970812201
-242.0 309.5 2511.2 0.4213952720 0.0352354050 -0.9061923027 -0.1135442704 0.9934318662 -0.0141725400 0.8997409344 0.1088651866 0.4226282835
-348.5 338.2 2283.9 -0.9783706665 0.0352354050 0.2038365453 0.0565077215 0.9934318662 0.0994989425 -0.1989918351 0.1088651866 -0.9739356637
48.8 287.6 2493.5 0.2442300171 0.4671539068 0.8497757912 -0.7275819182 0.6676028371 -0.1578956991 -0.6410743594 -0.5797185898 0.5029413700
107.9 111.4 2338.3 -0.8496224880 0.4671539068 -0.2447628379 0.5204466581 0.6676028371 -0.5323925018 -0.0853048712 -0.5797185898 -0.8103390932
-216.8 -93.0 2529.2 0.9990775585 0.0427704528 -0.0038365123 -0.0427316129 0.9990395904 0.0096907550 0.0042473054 -0.0095178755 0.9999457002
-233.8 -490.0 2532.9 0.9985994101 0.0519791804 -0.0098663634 -0.0528279431 0.9898196459 -0.1321602464 0.0028963385 0.1324963719 0.9911792874
-34.4 -107.4 2515.8 0.9922408462 0.0482092835 -0.1146035790 -0.0386963673 0.9957284331 0.0838301927 0.1181554347 -0.0787450001 0.9898679256
-53.6 -503.1 2547.0 0.9805051088 -0.1552792341 -0.1204081625 0.1486516446 0.9869281650 -0.0622529760 0.1285008043 0.0431404896 0.9907706380
-96.4 323.7 2335.2 0 0 0 0 0 0 0 0 0
-105.7 242.2 2316.8 0 0 0 0 0 0 0 0 0
-250.8 -813.7 2489.6 0 0 0 0 0 0 0 0 0
-4.1 -817.8 2533.3 0 0 0 0 0 0 0 0 0
-83.4 499.6 2496.2 2 0.9968409538 0.0684691817 0.0402497910 -0.0700127259 0.9968113899 0.0382782221 -0.0375005752 -0.0409752987 0.9984561801
-97.4 297.1 2504.6 0.9968409538 0.0684691817 0.0402497910 -0.0700127259 0.9968113899 0.0382782221 -0.0375005752 -0.0409752987 0.9984561801
-111.7 99.1 2513.0 0.9965742826 0.0721892193 0.0403539091 -0.0737921968 0.9964810014 0.0397536978 -0.0373421162 -0.0425953157 0.9983943105
-242.9 307.9 2510.0 0.4197588861 0.0393294580 -0.9067831635 -0.1245348379 0.9921075702 -0.0146182133 0.8990514874 0.1190622151 0.4213438332
-348.2 339.2 2284.4 -0.9794288278 0.0393294580 0.1979201138 0.0618769042 0.9921075702 0.1090589985 -0.1920688003 0.1190622151 -0.9741322994
48.2 286.4 2499.1 0.2426269501 0.4734010398 0.8467724919 -0.7127300501 0.6791381240 -0.1754629314 -0.6581398249 -0.5609481931 0.5021843910
107.6 111.9 2338.0 -0.8501065373 0.4734010398 -0.2306736410 0.5190277696 0.6791381240 -0.5190198421 -0.0890452713 -0.5609481931 -0.8230480552
-216.6 -90.5 2526.3 0.9986010790 0.0459363125 -0.0261871964 -0.0450110584 0.9983770251 0.0348899439 0.0277474113 -0.0336624235 0.9990479946
-234.9 -487.1 2539.7 0.9983218908 0.0463962741 -0.0346521325 -0.0513863191 0.9856628180 -0.1607117355 0.0266988911 0.1622226983 0.9863929152
-34.1 -104.3 2515.2 0.9893236160 0.0471713990 -0.1378898919 -0.0358507000 0.9958659410 0.0834611282 0.1412568241 -0.0776266232 0.9869248271
-52.8 -500.1 2546.1 0.9780704379 -0.1510750204 -0.1433688104 0.1429462433 0.9875634313 -0.0654583275 0.1514749080 0.0435288213 0.9875022173
-94.8 323.2 2334.1 0 0 0 0 0 0 0 0 0
-105.8 242.2 2315.6 0 0 0 0 0 0 0 0 0
-250.3 -814.5 2485.8 0 0 0 0 0 0 0 0 0
-4.1 -818.4 2532.1 0 0 0 0 0 0 0 0 0
-84.6 498.0 2496.5 3 0.9975097179 0.0591341965 0.0384383313 -0.0603971630 0.9976428747 0.0325702839 -0.0364217088 -0.0348107405 0.9987300038
-96.6 295.9 2503.5 0.9975097179 0.0591341965 0.0384383313 -0.0603971630 0.9976428747 0.0325702839 -0.0364217088 -0.0348107405 0.9987300038
-108.9 97.7 2511.0 0.9973343015 0.0619234182 0.0385977365 -0.0632880777 0.9973744154 0.0351972580 -0.0363168605 -0.0375462100 0.9986347556
-242.3 305.2 2508.8 0.4154248238 0.0620933175 -0.9075057507 -0.1577404588 0.9874696732 -0.0046435334 0.8958460689 0.1450794041 0.4200140536
-348.3 345.4 2280.2 -0.9759148955 0.0620933175 0.2091279477 0.0905276835 0.9874696732 0.1292607933 -0.1984812766 0.1450794041 -0.9693075418
49.1 286.7 2498.2 0.2229838222 0.4781672657 0.8494905829 -0.7212386727 0.6671830416 -0.1862298995 -0.6558147669 -0.5711591840 0.4936437607
103.9 109.4 2337.1 -0.8420175314 0.4781672657 -0.2497249544 0.5331615806 0.6671830416 -0.5201975703 -0.0821291879 -0.5711591840 -0.8167202473
-217.4 -92.1 2524.9 0.9989566803 0.0360170417 -0.0280780010 -0.0353353806 0.9990774393 0.0244070329 0.0289311670 -0.0233894214 0.9993076921
-231.7 -489.1 2534.2 0.9975210428 0.0617914461 -0.0336690694 -0.0659697875 0.9876894951 -0.1418361217 0.0244903248 0.1437056512 0.9893174171
-34.6 -105.6 2518.1 0.9891107082 0.0447662696 -0.1401997358 -0.0346135534 0.9966546893 0.0740363449 0.1430450529 -0.0683773309 0.9873513579
-52.4 -501.7 2545.2 0.9784731865 -0.1469256729 -0.1449242979 0.1395593137 0.9884060621 -0.0598048493 0.1520309150 0.0382919088 0.9876337051
-95.3 322.0 2331.6 0 0 0 0 0 0 0 0 0
-106.0 242.3 2316.6 0 0 0 0 0 0 0 0 0
-252.2 -817.6 2486.4 0 0 0 0 0 0 0 0 0
-5.6 -816.8 2533.0 0 0 0 0 0 0 0 0 0
-85.0 497.9 2496.6 4 0.9979504347 0.0561997853 0.0306018386 -0.0572627038 0.9977439642 0.0350418203 -0.0285634566 -0.0367223434 0.9989172220
-96.5 295.3 2504.1 0.9979504347 0.0561997853 0.0306018386 -0.0572627038 0.9977439642 0.0350418203 -0.0285634566 -0.0367223434 0.9989172220
-108.4 97.1 2511.6 0.9977067709 0.0603378117 0.0306689832 -0.0614350736 0.9974547029 0.0361913964 -0.0284072123 -0.0379925519 0.9988741875
-242.2 304.3 2508.2 0.4194685221 0.0525291599 -0.9062488079 -0.1567907631 0.9875128269 -0.0153330611 0.8941268325 0.1485231668 0.4224666059
-346.6 343.3 2285.6 -0.9779452085 0.0525291599 0.2021480203 0.0809762701 0.9875128269 0.1351343393 -0.1925252676 0.1485231668 -0.9699870348
49.3 286.4 2499.9 0.2126039714 0.4862208068 0.8475782275 -0.7225342393 0.6621859074 -0.1986305267 -0.6578326225 -0.5701746941 0.4920945466
101.7 108.1 2337.7 -0.8362614512 0.4862208068 -0.2534878850 0.5418910980 0.6621859074 -0.5175556540 -0.0837902278 -0.5701746941 -0.8172392845
-212.6 -94.6 2521.8 0.9983418584 0.0452251658 -0.0356119834 -0.0439892076 0.9984272122 0.0347571298 0.0371278711 -0.0331329554 0.9987611175
-230.6 -491.4 2535.0 0.9968464971 0.0666694567 -0.0430373214 -0.0721593946 0.9872233272 -0.1420673728 0.0330158956 0.1447249204 0.9889209270
-29.7 -106.2 2515.1 0.9872094393 0.0601794459 -0.1476343721 -0.0481465831 0.9953213930 0.0837686360 0.1519847959 -0.0755890980 0.9854881763
-53.6 -501.8 2545.2 0.9759898782 -0.1529748291 -0.1550564468 0.1438978612 0.9872375131 -0.0682309344 0.1635151505 0.0442804061 0.9855465889
-96.3 322.6 2334.9 0 0 0 0 0 0 0 0 0
-106.7 243.2 2316.8 0 0 0 0 0 0 0 0 0
-252.6 -817.4 2487.2 0 0 0 0 0 0 0 0 0
-4.7 -817.3 2531.0 0 0 0 0 0 0 0 0 0
-84.2 497.9 2496.2 5 0.9977577925 0.0575626940 0.0341464840 -0.0587169975 0.9977015257 0.0338234566 -0.0321210288 -0.0357525982 0.9988443255
-95.9 295.5 2503.5 0.9977577925 0.0575626940 0.0341464840 -0.0587169975 0.9977015257 0.0338234566 -0.0321210288 -0.0357525982 0.9988443255
-108.0 97.3 2510.8 0.9975532293 0.0609670877 0.0342128016 -0.0621593706 0.9974544644 0.0349397771 -0.0319955386 -0.0369809344 0.9988036156
-241.6 304.6 2508.1 0.4193254709 0.0355034433 -0.9071415067 -0.1535480469 0.9876123071 -0.0323245823 0.8947564960 0.1528443247 0.4195824862
-345.1 342.5 2287.3 -0.9802368283 0.0355034433 0.1946157515 0.0641975030 0.9876123071 0.1431801766 -0.1871215254 0.1528443247 -0.9703732133
49.8 286.4 2498.8 0.2166430503 0.5005383492 0.8381689191 -0.7254690528 0.6570567489 -0.2048683465 -0.6532689929 -0.5636823177 0.5054718852
103.6 106.2 2336.5 -0.8334895372 0.5005383492 -0.2340010405 0.5417518616 0.6570567489 -0.5241959095 -0.1086282134 -0.5636823177 -0.8188175559
-211.9 -95.4 2521.8 0.9984585643 0.0453363471 -0.0320173465 -0.0442220978 0.9984191656 0.0346920453 0.0335395411 -0.0332226939 0.9988850355
-229.9 -492.2 2535.0 0.9968321323 0.0690891519 -0.0393998884 -0.0739417747 0.9875115156 -0.1391171962 0.0292963553 0.1415897906 0.9894918203
-28.9 -106.7 2516.6 0.9876000285 0.0640743449 -0.1433200389 -0.0506986044 0.9941748977 0.0951099619 0.1485792845 -0.0866644755 0.9850956798
-54.4 -501.8 2551.0 0.9758300185 -0.1563345492 -0.1526934057 0.1437553614 0.9854868054 -0.0902779475 0.1645909101 0.0661454350 0.9841415882
-95.8 326.1 2334.9 0 0 0 0 0 0 0 0 0
-102.2 239.9 2309.7 0 0 0 0 0 0 0 0 0
-252.7 -818.3 2488.2 0 0 0 0 0 0 0 0 0
-4.5 -816.6 2529.9 0 0 0 0 0 0 0 0 0
-84.5 497.5 2496.0 6 0.9974370003 0.0600478165 0.0389064699 -0.0613740422 0.9975410104 0.0338395163 -0.0367788114 -0.0361406319 0.9986696839
-96.7 295.1 2503.3 0.9974370003 0.0600478165 0.0389064699 -0.0613740422 0.9975410104 0.0338395163 -0.0367788114 -0.0361406319 0.9986696839
-109.1 96.9 2511.0 0.9972749352 0.0625789389 0.0390717499 -0.0640104041 0.9972804785 0.0365282074 -0.0366795994 -0.0389296636 0.9985685349
-242.4 304.5 2508.7 0.4171164036 0.0522675663 -0.9073488712 -0.1638708115 0.9863079786 -0.0185169000 0.8939576149 0.1564117074 0.4199703932
-349.1 346.4 2280.1 -0.9805307388 0.0522675663 0.1892816126 0.0803736746 0.9863079786 0.1440020502 -0.1791633368 0.1564117074 -0.9713062644
49.0 285.8 2498.0 0.2253092825 0.5094202757 0.8304978609 -0.7170578837 0.6637897491 -0.2126292735 -0.6595936418 -0.5476076603 0.5148417950
104.4 109.3 2335.6 -0.8301407099 0.5094202757 -0.2266216129 0.5466780066 0.6637897491 -0.5104178190 -0.1095880866 -0.5476076603 -0.8295277357
-211.6 -95.2 2521.1 0.9985240102 0.0473012216 -0.0266911350 -0.0460331105 0.9978674054 0.0462769419 0.0288231689 -0.0449799597 0.9985719919
-230.4 -491.8 2539.0 0.9972680211 0.0648658127 -0.0353408381 -0.0694061369 0.9865912199 -0.1477178931 0.0252851192 0.1497672051 0.9883978963
-28.7 -106.6 2515.2 0.9885336757 0.0600401349 -0.1385509223 -0.0470985286 0.9943751693 0.0948671922 0.1434674263 -0.0872538686 0.9858011007
-52.5 -501.8 2549.9 0.9780562520 -0.1477180421 -0.1469196528 0.1370036453 0.9872854948 -0.0806060061 0.1569586098 0.0587086752 0.9858586788
-97.0 325.7 2326.1 0 0 0 0 0 0 0 0 0
-102.4 245.5 2308.3 0 0 0 0 0 0 0 0 0
-251.9 -817.7 2489.5 0 0 0 0 0 0 0 0 0
-5.1 -818.6 2531.1 0 0 0 0 0 0 0 0 0
-84.6 500.2 2497.9 7 0.9974984527 0.0607275665 0.0361807197 -0.0617269613 0.9977230430 0.0271762107 -0.0344479941 -0.0293415543 0.9989756942
-96.9 297.3 2503.8 0.9974984527 0.0607275665 0.0361807197 -0.0617269613 0.9977230430 0.0271762107 -0.0344479941 -0.0293415543 0.9989756942
-109.5 99.1 2510.5 0.9973406792 0.0631250143 0.0364254229 -0.0642682835 0.9974473715 0.0311181992 -0.0343681052 -0.0333764441 0.9988517761
-242.6 306.7 2508.9 0.4193555713 0.0633333027 -0.9056102037 -0.1724669039 0.9849541187 -0.0109810615 0.8912889957 0.1607927531 0.4239688814
-353.2 352.2 2273.8 -0.9745522738 0.0633333027 0.2150272280 0.0957518518 0.9849541187 0.1438645273 -0.2026805282 0.1607927531 -0.9659535885
48.8 287.9 2498.8 0.1934875995 0.5292097926 0.8261352777 -0.7261505723 0.6434864998 -0.2421373576 -0.6597483754 -0.5530480146 0.5087926388
96.1 110.2 2337.3 -0.8152222633 0.5292097926 -0.2352651060 0.5663386583 0.6434864998 -0.5149617791 -0.1211329252 -0.5530480146 -0.8242964745
-213.0 -95.4 2522.1 0.9986156821 0.0437336937 -0.0292253159 -0.0424483456 0.9981624484 0.0432416536 0.0310627315 -0.0419412293 0.9986370802
-230.4 -492.0 2538.8 0.9970253110 0.0676221699 -0.0369826108 -0.0723512992 0.9865351915 -0.1466751248 0.0265661553 0.1489145607 0.9884931445
-30.1 -107.1 2515.4 0.9881515503 0.0602812283 -0.1411479414 -0.0479163155 0.9948406219 0.0894213319 0.1458101273 -0.0815985352 0.9859417081
-54.1 -502.5 2547.9 0.9763833880 -0.1563412398 -0.1491069049 0.1465660483 0.9863912463 -0.0745034292 0.1587257087 0.0508899018 0.9860103130
-101.5 327.5 2326.1 0 0 0 0 0 0 0 0 0
-103.5 248.9 2307.7 0 0 0 0 0 0 0 0 0
-252.7 -816.7 2489.8 0 0 0 0 0 0 0 0 0
-4.0 -818.2 2531.6 0 0 0 0 0 0 0 0 0
-85.7 498.2 2498.3 8 0.9971420169 0.0656553209 0.0373795368 -0.0667164996 0.9973822236 0.0278861467 -0.0354508124 -0.0303002801 0.9989119768
-99.0 295.5 2504.5 0.9971420169 0.0656553209 0.0373795368 -0.0667164996 0.9973822236 0.0278861467 -0.0354508124 -0.0303002801 0.9989119768
-112.4 97.4 2511.1 0.9970209002 0.0673504993 0.0375923067 -0.0685319528 0.9971647859 0.0310768336 -0.0353926867 -0.0335605256 0.9988098145
-244.7 305.6 2509.6 0.4060133994 0.0507893041 -0.9124546647 -0.1756075621 0.9841831326 -0.0233579259 0.8968361616 0.1697175652 0.4085105360
-352.5 352.2 2271.6 -0.9722864628 0.0507893041 0.2282093167 0.0875576735 0.9841831326 0.1540040970 -0.2167779803 0.1697175652 -0.9613549113
46.6 285.5 2499.3 0.1875749230 0.5461215973 0.8164354563 -0.7221615314 0.6400864124 -0.2622443736 -0.6658065915 -0.5404077768 0.5144521594
92.0 110.8 2338.2 -0.8064973354 0.5461215973 -0.2265244573 0.5761854053 0.6400864124 -0.5082319379 -0.1325612068 -0.5404077768 -0.8308952451
-213.5 -93.2 2520.3 0.9988718033 0.0387824848 -0.0274056681 -0.0371635593 0.9976651669 0.0572984442 0.0295638572 -0.0562153049 0.9979808927
-228.9 -489.6 2542.6 0.9967716932 0.0722982064 -0.0349156857 -0.0768156052 0.9852707982 -0.1527769268 0.0233559050 0.1549657881 0.9876437187
-30.5 -105.0 2514.0 0.9883459210 0.0615326129 -0.1392340809 -0.0480538905 0.9940077662 0.0981801972 0.1444410384 -0.0903452560 0.9853804111
-55.0 -500.0 2549.9 0.9759299755 -0.1602599323 -0.1479103416 0.1498900652 0.9855535626 -0.0788487792 0.1584098637 0.0547805950 0.9858525991
-100.6 329.5 2327.8 0 0 0 0 0 0 0 0 0
-103.8 250.7 2306.1 0 0 0 0 0 0 0 0 0
-252.9 -816.9 2491.1 0 0 0 0 0 0 0 0 0
-3.2 -818.3 2532.2 0 0 0 0 0 0 0 0 0
-85.1 501.6 2506.0 9 0.9979137778 0.0630462840 0.0139036290 -0.0631855875 0.9979534745 0.0098183071 -0.0132561671 -0.0106763327 0.9998551607
-97.9 299.7 2508.2 0.9979137778 0.0630462840 0.0139036290 -0.0631855875 0.9979534745 0.0098183071 -0.0132561671 -0.0106763327 0.9998551607
-110.6 101.5 2511.5 0.9978348613 0.0641985089 0.0142864995 -0.0644226372 0.9977972507 0.0158233903 -0.0132391918 -0.0167095046 0.9997727275
-243.6 309.2 2510.1 0.3850431740 0.0232151281 -0.9226065278 -0.1598755568 0.9862472415 -0.0419064164 0.9089453220 0.1636380106 0.3834592998
-343.7 350.8 2273.8 -0.9719784260 0.0232151281 0.2339208126 0.0605652556 0.9862472415 0.1537796706 -0.2271337509 0.1636380106 -0.9600171447
47.9 290.3 2506.3 0.1580406129 0.5983036757 0.7855290771 -0.7126682997 0.6197497845 -0.3286549747 -0.6834669113 -0.5078808069 0.5243377090
87.2 112.7 2336.0 -0.7775220871 0.5983036757 -0.1936289370 0.6022192836 0.6197497845 -0.5032317042 -0.1810838878 -0.5078808069 -0.8421791196
-217.2 -94.5 2521.1 0.9982415438 0.0308756717 -0.0506017432 -0.0284983795 0.9984860420 0.0470470376 0.0519777425 -0.0455222391 0.9976101518
-229.5 -491.2 2539.1 0.9958195686 0.0724841878 -0.0555823632 -0.0798884779 0.9861649275 -0.1452466398 0.0442852937 0.1490798295 0.9878329635
-34.4 -107.0 2514.6 0.9855862260 0.0497713424 -0.1616867483 -0.0344472528 0.9947623610 0.0962349921 0.1656296402 -0.0892782137 0.9821385741
-54.1 -502.4 2550.0 0.9731504917 -0.1573710293 -0.1679657102 0.1452107131 0.9859589934 -0.0824544132 0.1785832345 0.0558501296 0.9823384285
-92.5 335.1 2332.5 0 0 0 0 0 0 0 0 0
-107.8 263.8 2290.6 0 0 0 0 0 0 0 0 0
-253.5 -817.4 2489.9 0 0 0 0 0 0 0 0 0
-3.7 -818.2 2532.2 0 0 0 0 0 0 0 0 0
-84.5 503.2 2509.9 0 0.9980021715 0.0631173700 0.0027957337 -0.0631236583 0.9980032444 0.0022212756 -0.0026499503 -0.0023933148 0.9999936223
-97.2 301.4 2510.4 0.9980021715 0.0631173700 0.0027957337 -0.0631236583 0.9980032444 0.0022212756 -0.0026499503 -0.0023933148 0.9999936223
-109.8 103.1 2512.1 0.9979991317 0.0631470382 0.0031910455 -0.0631720647 0.9979667068 0.0084703052 -0.0026496823 -0.0086549418 0.9999590516
-243.0 310.6 2510.8 0.3723250329 0.0159508623 -0.9279653430 -0.1504091620 0.9876720309 -0.0433710963 0.9158335924 0.1557226330 0.3701341748
-338.8 349.3 2275.2 -0.9773607254 0.0159508623 0.2109777033 0.0482638367 0.9876720309 0.1489112824 -0.2060015053 0.1557226330 -0.9660816789
48.5 292.1 2510.0 0.1447210908 0.6248880625 0.7671836019 -0.7051405907 0.6090593338 -0.3630750179 -0.6941416264 -0.4884276688 0.5287776589
85.1 113.8 2334.4 -0.7605178952 0.6248880625 -0.1764297783 0.6162633300 0.6090593338 -0.4992656708 -0.2045289576 -0.4884276688 -0.8482961059
-214.8 -90.8 2516.1 0.9975021482 0.0360939763 -0.0607179813 -0.0318506025 0.9970762134 0.0694588572 0.0630475059 -0.0673514530 0.9957352877
-229.1 -487.0 2542.8 0.9950169921 0.0736201778 -0.0672400445 -0.0832938775 0.9844388366 -0.1547331959 0.0548022278 0.1595628411 0.9856654406
-31.8 -102.7 2513.6 0.9833158851 0.0588330515 -0.1721295416 -0.0421852097 0.9942100644 0.0988268852 0.1769472063 -0.0899167210 0.9801044464
-55.2 -497.8 2549.4 0.9707574844 -0.1588097662 -0.1800260097 0.1452613771 0.9856328964 -0.0861795396 0.1911257058 0.0575086065 0.9798794389
-86.9 336.9 2328.3 0 0 0 0 0 0 0 0 0
-109.0 271.1 2282.2 0 0 0 0 0 0 0 0 0
-253.7 -815.5 2489.6 0 0 0 0 0 0 0 0 0
-3.7 -817.4 2530.7 0 0 0 0 0 0 0 0 0
-84.1 504.5 2505.3 1 0.9981213808 0.0612088628 -0.0026771831 -0.0611451976 0.9979376793 0.0195362195 0.0038674516 -0.0193358213 0.9998055696
-96.4 302.9 2509.2 0.9981213808 0.0612088628 -0.0026771831 -0.0611451976 0.9979376793 0.0195362195 0.0038674516 -0.0193358213 0.9998055696
-108.5 104.6 2513.1 0.9981412292 0.0608848333 -0.0026620880 -0.0608205684 0.9979526401 0.0197829809 0.0038611214 -0.0195843000 0.9998007417
-242.2 311.8 2508.7 0.3720797598 0.0135915447 -0.9281012416 -0.1442235857 0.9885954857 -0.0433424078 0.9169275761 0.1499809325 0.3697966039
-336.4 348.3 2276.6 -0.9813082218 0.0135915447 0.1919619739 0.0419837758 0.9885954857 0.1446249336 -0.1878070682 0.1499809325 -0.9706875086
49.4 294.0 2509.8 0.1376032978 0.6594380140 0.7390580773 -0.7110620737 0.5852081776 -0.3897718489 -0.6895331740 -0.4718822837 0.5494279861
84.4 113.2 2334.5 -0.7375290394 0.6594380140 -0.1455759704 0.6251770258 0.5852081776 -0.5164155960 -0.2553518713 -0.4718822837 -0.8438735604
-213.8 -89.4 2514.1 0.9970744252 0.0355580412 -0.0676623285 -0.0320211723 0.9980990887 0.0526579209 0.0694061220 -0.0503372401 0.9963176847
-227.9 -486.0 2534.1 0.9943360090 0.0772700757 -0.0729738548 -0.0862089992 0.9879466891 -0.1285665780 0.0621599257 0.1341293901 0.9890123606
-30.8 -101.0 2513.6 0.9817906022 0.0641065314 -0.1788226366 -0.0472112149 0.9941455126 0.0971895382 0.1840062141 -0.0869773477 0.9790692925
-56.2 -496.1 2548.2 0.9689579606 -0.1611360908 -0.1874982864 0.1473841518 0.9854028821 -0.0852003768 0.1984902024 0.0549213067 0.9785628915
-84.3 337.5 2324.8 0 0 0 0 0 0 0 0 0
-105.3 273.9 2268.8 0 0 0 0 0 0 0 0 0
-253.6 -814.8 2489.4 0 0 0 0 0 0 0 0 0
-3.8 -816.8 2530.3 0 0 0 0 0 0 0 0 0
-82.9 504.4 2502.0 2 0.9978989959 0.0634127632 -0.0132817514 -0.0630718619 0.9977037907 0.0246806722 0.0148163233 -0.0237911120 0.9996071458
-95.7 303.2 2506.8 0.9978989959 0.0634127632 -0.0132817514 -0.0630718619 0.9977037907 0.0246806722 0.0148163233 -0.0237911120 0.9996071458
-108.2 105.0 2512.1 0.9979430437 0.0627523139 -0.0131077869 -0.0623751879 0.9976757169 0.0274320338 0.0147987446 -0.0265580080 0.9995377064
-241.5 312.3 2504.7 0.3641015887 0.0302026849 -0.9308694005 -0.1589794159 0.9868209362 -0.0301653706 0.9176903367 0.1589723378 0.3641046882
-335.5 353.4 2267.7 -0.9789698124 0.0302026849 0.2017569542 0.0613075420 0.9868209362 0.1497524381 -0.1945750564 0.1589723378 -0.9679195881
50.1 294.1 2509.0 0.1344563514 0.6731566191 0.7271737456 -0.7137984633 0.5748009682 -0.4001194537 -0.6873232126 -0.4652568996 0.5577838421
84.2 112.9 2334.5 -0.7297629118 0.6731566191 -0.1196087822 0.6181045771 0.5748009682 -0.5362374187 -0.2922205031 -0.4652568996 -0.8355496526
-212.2 -88.1 2516.7 0.9958962798 0.0451546609 -0.0784326866 -0.0412847921 0.9978814721 0.0502804406 0.0805369243 -0.0468360260 0.9956506491
-230.1 -484.6 2535.3 0.9940071106 0.0682673007 -0.0853779018 -0.0793042779 0.9878852963 -0.1333923489 0.0752372369 0.1393637806 0.9873788953
-29.1 -99.3 2517.4 0.9794458747 0.0683593079 -0.1897702515 -0.0515149012 0.9943956137 0.0923229083 0.1950178444 -0.0806493014 0.9774782658
-56.3 -494.5 2549.4 0.9676877856 -0.1551792473 -0.1987454891 0.1414914429 0.9865869880 -0.0814020187 0.2087116241 0.0506509505 0.9766647220
-82.6 337.5 2317.9 0 0 0 0 0 0 0 0 0
-104.3 272.5 2259.0 0 0 0 0 0 0 0 0 0
-252.9 -814.7 2488.7 0 0 0 0 0 0 0 0 0
-5.4 -817.9 2532.8 0 0 0 0 0 0 0 0 0
-85.3 501.7 2498.4 3 0.9982848167 0.0514128245 -0.0280019678 -0.0505743064 0.9982734323 0.0298726931 0.0294894613 -0.0284052771 0.9991614223
-95.6 300.5 2504.1 0.9982848167 0.0514128245 -0.0280019678 -0.0505743064 0.9982734323 0.0298726931 0.0294894613 -0.0284052771 0.9991614223
-105.9 102.1 2509.8 0.9982765913 0.0515777916 -0.0279924609 -0.0507341027 0.9982597828 0.0300569832 0.0294940230 -0.0285850111 0.9991561174
-241.4 307.9 2499.8 0.3508897424 0.0314263999 -0.9358893037 -0.1931975782 0.9803638458 -0.0395150818 0.9162701964 0.1946769804 0.3500711024
-332.2 357.9 2262.7 -0.9774401784 0.0314263999 0.2088612765 0.0708447099 0.9803638458 0.1840319932 -0.1989765763 0.1946769804 -0.9604734182
50.2 293.1 2508.4 0.1335693449 0.6987107396 0.7028247118 -0.7150807381 0.5589599609 -0.4197895527 -0.6861623526 -0.4465053976 0.5742945075
84.0 112.1 2334.8 -0.7085560560 0.6987107396 -0.0987503827 0.6268424988 0.5589599609 -0.5428003073 -0.3240628839 -0.4465053976 -0.8340360522
-212.2 -87.5 2516.0 0.9946390390 0.0429676808 -0.0940580145 -0.0395341180 0.9984927773 0.0380694680 0.0955519974 -0.0341468789 0.9948385954
-229.3 -484.3 2529.6 0.9927946329 0.0666834041 -0.0995599553 -0.0781766549 0.9901210070 -0.1163994148 0.0908144936 0.1233439818 0.9881998897
-29.1 -99.0 2518.8 0.9760756493 0.0719306394 -0.2051885575 -0.0541992337 0.9943959117 0.0907700658 0.2105678171 -0.0774773881 0.9745042324
-57.7 -494.2 2549.5 0.9635879993 -0.1591003984 -0.2149073929 0.1418926269 0.9854701161 -0.0933548659 0.2266376168 0.0594618544 0.9721623659
-79.0 339.5 2314.2 0 0 0 0 0 0 0 0 0
-99.5 274.4 2250.9 0 0 0 0 0 0 0 0 0
-251.6 -815.8 2488.3 0 0 0 0 0 0 0 0 0
-5.8 -816.1 2530.1 0 0 0 0 0 0 0 0 0
-84.9 504.5 2507.1 4 0.9981727004 0.0493888408 -0.0348146372 -0.0491809212 0.9987667203 0.0068040076 0.0351077430 -0.0050793584 0.9993706346
-94.9 302.4 2508.1 0.9981727004 0.0493888408 -0.0348146372 -0.0491809212 0.9987667203 0.0068040076 0.0351077430 -0.0050793584 0.9993706346
-104.6 104.0 2510.7 0.9982190728 0.0487239920 -0.0344188735 -0.0482362807 0.9987254143 0.0148614123 0.0350991115 -0.0131747071 0.9992969632
-240.7 309.4 2503.0 0.3633228838 0.0056051300 -0.9316464067 -0.1714362353 0.9833086133 -0.0609406494 0.9157543778 0.1818590909 0.3582194448
-335.1 354.0 2265.1 -0.9774942994 0.0056051300 0.2108874172 0.0437407009 0.9833086133 0.1766094565 -0.2063775063 0.1818590909 -0.9614237547
50.9 295.3 2513.2 0.1268940419 0.7134073973 0.6891645193 -0.7113896012 0.5496333838 -0.4379816949 -0.6912472248 -0.4346872270 0.5772558451
83.7 111.8 2334.9 -0.6941457391 0.7134073973 -0.0959770083 0.6392492056 0.5496333838 -0.5378323197 -0.3309413791 -0.4346872270 -0.8375707865
-207.7 -91.6 2512.8 0.9933025241 0.0583797060 -0.0997090787 -0.0547908470 0.9977606535 0.0383624621 0.1017253846 -0.0326423831 0.9942768216
-230.9 -488.0 2525.8 0.9922159314 0.0637645870 -0.1069656610 -0.0748644397 0.9918406606 -0.1031862050 0.0995132700 0.1103909239 0.9888938069
-24.6 -100.9 2518.2 0.9745972753 0.0763759390 -0.2105393857 -0.0583770089 0.9941908121 0.0904257223 0.2162226588 -0.0758380070 0.9733942747
-54.9 -496.0 2548.4 0.9634949565 -0.1515963227 -0.2206718028 0.1357541382 0.9870586991 -0.0853576958 0.2307559401 0.0522845946 0.9716058969
-81.8 342.6 2318.6 0 0 0 0 0 0 0 0 0
-96.4 277.6 2249.1 0 0 0 0 0 0 0 0 0
-251.9 -815.4 2489.4 0 0 0 0 0 0 0 0 0
-5.5 -818.1 2531.3 0 0 0 0 0 0 0 0 0
-82.5 508.9 2510.4 5 0.9978505373 0.0558444150 -0.0342891663 -0.0558694862 0.9984380603 0.0002273073 0.0342483036 0.0016888995 0.9994119406
-93.8 306.6 2510.1 0.9978505373 0.0558444150 -0.0342891663 -0.0558694862 0.9984380603 0.0002273073 0.0342483036 0.0016888995 0.9994119406
-104.8 108.2 2511.4 0.9979055524 0.0551399253 -0.0338243768 -0.0548791811 0.9984560609 0.0085901245 0.0342458114 -0.0067158788 0.9993909001
-239.6 314.6 2505.1 0.3707451224 -0.0137573732 -0.9286327362 -0.1342612058 0.9885930419 -0.0682477877 0.9189787507 0.1499818861 0.3646689653
-335.8 349.5 2266.5 -0.9777144790 -0.0137573732 0.2094877213 0.0181254409 0.9885930419 0.1495168805 -0.2091550529 0.1499818861 -0.9663123488
52.0 298.6 2515.1 0.1205778047 0.7181771398 0.6853339076 -0.7148653269 0.5418319702 -0.4420245588 -0.6887877584 -0.4366231263 0.5787328482
83.5 111.7 2335.0 -0.6880236864 0.7181771398 -0.1041395813 0.6468139887 0.5418319702 -0.5367027521 -0.3290214837 -0.4366231263 -0.8373202085
