-267.4 498.5 2279.8 8 0.9835012555 -0.1430205554 -0.1107715964 0.1663751900 0.9555324316 0.2434688658 0.0710247979 -0.2578815818 0.9635624290
-238.2 303.5 2332.4 0.9835012555 -0.1430205554 -0.1107715964 0.1663751900 0.9555324316 0.2434688658 0.0710247979 -0.2578815818 0.9635624290
-211.7 115.2 2379.1 0.9849053621 -0.1351858377 -0.1081025600 0.1566991508 0.9616580606 0.2250758708 0.0735306293 -0.2386180162 0.9683257341
-378.6 281.2 2321.9 0.0860272273 -0.7140626311 -0.6947761178 0.9386596084 0.2918357253 -0.1837119758 0.3339423537 -0.6363540888 0.6953675151
-397.3 76.6 2249.1 -0.7000777125 -0.7140626311 -0.0024099702 -0.2945329249 0.2918357253 -0.9099902511 0.6504933238 -0.6363540888 -0.4146226346
-97.9 325.8 2342.9 0.7207486629 0.1201245263 0.6827089190 -0.4349960089 0.8451961279 0.3105188906 -0.5397219658 -0.5207816958 0.6614276767
55.3 233.4 2228.2 -0.8480302095 0.1201245263 0.5161538720 -0.1853790432 0.8451961279 -0.5012764931 -0.4964668751 -0.5207816958 -0.6944832802
-275.3 -86.2 2420.7 0.9684062004 0.0014705864 -0.2493738532 -0.0072193430 0.9997287989 -0.0221397262 0.2492736727 0.0232405625 0.9681541920
-275.9 -477.7 2411.6 0.9663052559 -0.0848048776 -0.2430274040 0.0216757171 0.9676226974 -0.2514685988 0.2564845979 0.2377276421 0.9368571043
-97.1 -58.8 2433.5 0.9944674969 -0.1039382219 -0.0152077666 0.0953783989 0.9541042447 -0.2838803530 0.0440158136 0.2808592916 0.9587391019
-56.4 -432.5 2323.5 0.9822973609 -0.1806686819 -0.0495047420 0.1833345443 0.9814561009 0.0559674464 0.0384751670 -0.0640526041 0.9972045422
-218.1 152.0 2082.6 0 0 0 0 0 0 0 0 0
-163.8 185.5 2100.0 0 0 0 0 0 0 0 0 0
-249.7 -776.8 2338.1 0 0 0 0 0 0 0 0 0
10.0 -793.0 2347.0 0 0 0 0 0 0 0 0 0
-268.3 500.0 2280.0 9 0.9829540849 -0.1461356282 -0.1115598455 0.1695434451 0.9551938176 0.2426103801 0.0711072534 -0.2573890984 0.9636880159
-238.5 304.6 2332.7 0.9829540849 -0.1461356282 -0.1115598455 0.1695434451 0.9551938176 0.2426103801 0.0711072534 -0.2573890984 0.9636880159
-211.3 116.4 2379.3 0.9843248129 -0.1388000548 -0.1088079736 0.1603239477 0.9612881541 0.2241012007 0.0734905526 -0.2380329072 0.9684727788
-378.7 281.8 2322.2 0.0819519535 -0.7268310785 -0.6819093823 0.9417105913 0.2804770470 -0.1857789755 0.3262898922 -0.6269363165 0.7074501514
-396.7 75.5 2250.7 -0.6867669821 -0.7268310785 -0.0082237842 -0.2858669162 0.2804770470 -0.9163038135 0.6683047414 -0.6269363165 -0.4003993571
-98.2 327.5 2343.1 0.7229823470 0.1360267848 0.6773428321 -0.4425798059 0.8440226316 0.3029008210 -0.5304900408 -0.5187701583 0.6704161763
52.4 235.3 2232.7 -0.8361166716 0.1360267848 0.5314185619 -0.1830773354 0.8440226316 -0.5040917397 -0.5170992613 -0.5187701583 -0.6807979941
-274.3 -87.4 2419.2 0.9684641957 -0.0026096480 -0.2491390705 -0.0053199362 0.9995005727 -0.0311493184 0.2490959316 0.0314924046 0.9679666758
-273.3 -478.8 2406.9 0.9671959281 -0.0726851672 -0.2434108704 0.0142735709 0.9722276330 -0.2336016744 0.2536301315 0.2224642485 0.9413720965
-96.2 -59.0 2432.5 0.9950718880 -0.0979994386 -0.0151027841 0.0901220813 0.9573774934 -0.2744200826 0.0413520820 0.2717066109 0.9614912868
-57.8 -434.0 2326.1 0.9808083773 -0.1894584000 -0.0460485779 0.1917088628 0.9801428914 0.0506713390 0.0355340764 -0.0585267916 0.9976532459
-220.9 148.7 2079.6 0 0 0 0 0 0 0 0 0
-163.6 188.0 2099.1 0 0 0 0 0 0 0 0 0
-250.9 -777.7 2338.5 0 0 0 0 0 0 0 0 0
11.7 -794.0 2347.6 0 0 0 0 0 0 0 0 0
-266.4 500.1 2281.2 0 0.9830654860 -0.1466150880 -0.1099376753 0.1695595831 0.9552929997 0.2422081679 0.0695113242 -0.2567474544 0.9639755487
-236.5 305.4 2333.5 0.9830654860 -0.1466150880 -0.1099376753 0.1695595831 0.9552929997 0.2422081679 0.0695113242 -0.2567474544 0.9639755487
-209.2 117.1 2380.4 0.9844381809 -0.1390293986 -0.1074815542 0.1603509784 0.9609020352 0.2257317156 0.0718958974 -0.2394537032 0.9682421684
-376.8 282.5 2323.3 0.0814171657 -0.7271648645 -0.6816175580 0.9384309053 0.2863000035 -0.1933384985 0.3357360959 -0.6239098907 0.7057036757
-394.7 75.5 2249.2 -0.6862679720 -0.7271648645 -0.0163581911 -0.2815310657 0.2863000035 -0.9158452749 0.6706538200 -0.6239098907 -0.4011979997
-96.2 328.2 2343.7 0.7198577523 0.1456525624 0.6786679626 -0.4468583763 0.8454222679 0.2925385535 -0.5311520100 -0.5138546228 0.6736698151
51.4 236.6 2234.8 -0.8324356675 0.1456525624 0.5346364975 -0.1759538203 0.8454222679 -0.5042831302 -0.5254437327 -0.5138546228 -0.6781315207
-273.1 -86.4 2419.3 0.9687986970 0.0024045191 -0.2478373647 -0.0106867561 0.9994282126 -0.0320781767 0.2476185262 0.0337258726 0.9682704210
-274.0 -477.9 2406.1 0.9669172764 -0.0764449015 -0.2433663756 0.0189909507 0.9729651809 -0.2301696390 0.2543823123 0.2179332376 0.9422286153
-95.1 -57.4 2432.6 0.9955990314 -0.0927378386 -0.0135002257 0.0854263380 0.9573073983 -0.2761610150 0.0385344401 0.2737923563 0.9610165358
-58.8 -432.4 2325.3 0.9804590940 -0.1918558329 -0.0434894599 0.1941572875 0.9793175459 0.0569217801 0.0316692181 -0.0642532706 0.9974309802
-219.0 147.6 2077.5 0 0 0 0 0 0 0 0 0
-163.7 191.1 2099.1 0 0 0 0 0 0 0 0 0
-250.5 -777.4 2339.0 0 0 0 0 0 0 0 0 0
12.3 -795.4 2349.1 0 0 0 0 0 0 0 0 0
-267.8 502.1 2282.2 1 0.9856333137 -0.1464726180 -0.0840996429 0.1630514711 0.9550541043 0.2475598603 0.0440589674 -0.2577158213 0.9652156830
-237.9 307.1 2334.8 0.9856333137 -0.1464726180 -0.0840996429 0.1630514711 0.9550541043 0.2475598603 0.0440589674 -0.2577158213 0.9652156830
-210.5 119.0 2382.0 0.9867823720 -0.1399811357 -0.0816442743 0.1553676724 0.9604346156 0.2311410904 0.0460585989 -0.2407708317 0.9694885015
-378.5 285.0 2328.3 0.0158640388 -0.7357367277 -0.6770818233 0.9299404621 0.2596573830 -0.2603627145 0.3673677146 -0.6255154014 0.6883105636
-382.0 80.0 2247.3 -0.6772503257 -0.7357367277 -0.0048424620 -0.2754629850 0.2596573830 -0.9255799055 0.6822405457 -0.6255154014 -0.3785212934
-97.3 329.3 2341.4 0.7050079703 0.1778163016 0.6865457892 -0.4645419121 0.8472583294 0.2575930655 -0.5358773470 -0.5005344152 0.6799269915
49.6 232.5 2229.7 -0.8443707824 0.1778163016 0.5053903461 -0.1298615038 0.8472583294 -0.5150624514 -0.5197826624 -0.5005344152 -0.6923086643
-271.0 -85.6 2420.8 0.9746785164 0.0096647106 -0.2234017253 -0.0179795846 0.9992179871 -0.0352153182 0.2228866667 0.0383402854 0.9740900993
-274.8 -476.9 2405.8 0.9718316197 -0.0817310438 -0.2210505605 0.0300175268 0.9732285142 -0.2278709412 0.2337568402 0.2148167938 0.9482676387
-93.0 -56.6 2433.8 0.9962903857 -0.0854691416 0.0100260451 0.0848846138 0.9568943977 -0.2777547240 0.0141455913 0.2775754333 0.9605997205
-59.5 -431.4 2325.1 0.9805492759 -0.1953026354 -0.0194950532 0.1961530894 0.9785777330 0.0625262260 0.0068658893 -0.0651340559 0.9978529215
-209.8 150.0 2073.8 0 0 0 0 0 0 0 0 0
-169.6 198.8 2094.8 0 0 0 0 0 0 0 0 0
-249.5 -777.9 2339.3 0 0 0 0 0 0 0 0 0
13.1 -795.2 2349.3 0 0 0 0 0 0 0 0 0
-268.1 501.1 2281.7 2 0.9858465195 -0.1447631270 -0.0845595896 0.1614629626 0.9556066394 0.2464664280 0.0451264568 -0.2566313148 0.9654552937
-238.6 306.2 2334.1 0.9858465195 -0.1447631270 -0.0845595896 0.1614629626 0.9556066394 0.2464664280 0.0451264568 -0.2566313148 0.9654552937
-211.6 118.0 2381.0 0.9870780110 -0.1376053393 -0.0821081176 0.1531033367 0.9611136317 0.2298258096 0.0472899750 -0.2394270301 0.9697620273
-379.2 284.4 2327.3 -0.0022382634 -0.7370814681 -0.6758002043 0.9291976094 0.2482281178 -0.2738148570 0.3695764840 -0.6285647750 0.6843387485
-378.7 82.7 2247.1 -0.6757934690 -0.7370814681 0.0037509410 -0.2758940458 0.2482281178 -0.9285823703 0.6835098267 -0.6285647750 -0.3711073399
-97.9 328.1 2340.8 0.6955043077 0.1798250675 0.6956555843 -0.4608671665 0.8544294834 0.2398992628 -0.5512487888 -0.4874557853 0.6771348715
47.9 231.5 2225.3 -0.8533208966 0.1798250675 0.4893938899 -0.1110376045 0.8544294834 -0.5075636506 -0.5094252825 -0.4874557853 -0.7091352344
-272.2 -83.1 2425.0 0.9744002819 0.0107276039 -0.2245641053 -0.0214419384 0.9987420440 -0.0453274697 0.2237953544 0.0489821881 0.9734045267
-276.4 -474.3 2405.8 0.9708811045 -0.0885466114 -0.2225969136 0.0355485193 0.9721469283 -0.2316605747 0.2369096726 0.2170018852 0.9469867945
-93.9 -55.1 2433.3 0.9962248206 -0.0863646939 0.0087888204 0.0853121877 0.9552673697 -0.2831715047 0.0160603486 0.2828522921 0.9590290189
-60.0 -429.3 2322.5 0.9804382920 -0.1955839545 -0.0220829025 0.1966688484 0.9779589176 0.0701265931 0.0078805359 -0.0730978101 0.9972936511
-206.7 153.0 2073.1 0 0 0 0 0 0 0 0 0
-174.6 202.5 2092.5 0 0 0 0 0 0 0 0 0
-248.8 -777.3 2338.2 0 0 0 0 0 0 0 0 0
13.4 -796.4 2349.9 0 0 0 0 0 0 0 0 0
-267.8 501.7 2280.5 3 0.9866350293 -0.1427385211 -0.0785942674 0.1580371708 0.9557410479 0.2481597215 0.0396938175 -0.2572638988 0.9655256271
-238.7 306.7 2333.0 0.9866350293 -0.1427385211 -0.0785942674 0.1580371708 0.9557410479 0.2481597215 0.0396938175 -0.2572638988 0.9655256271
-212.0 118.3 2379.6 0.9877859354 -0.1361003965 -0.0758660287 0.1501230001 0.9616855979 0.2293990850 0.0417379588 -0.2379864156 0.9703712463
-379.5 285.3 2327.0 0.0411466993 -0.7244983315 -0.6880473495 0.9369702935 0.2671211660 -0.2252397239 0.3469778001 -0.6354120374 0.6898245811
-388.6 77.4 2250.1 -0.6892756820 -0.7244983315 -0.0011117093 -0.2792837620 0.2671211660 -0.9223051667 0.6685054898 -0.6354120374 -0.3864607215
-97.9 328.1 2338.9 0.7147846818 0.1576619446 0.6813410521 -0.4381179512 0.8603314161 0.2605427504 -0.5451014042 -0.4847397208 0.6840262413
57.9 232.5 2220.1 -0.8819747567 0.1576619446 0.4441432059 -0.0980999544 0.8603314161 -0.5002062321 -0.4609738290 -0.4847397208 -0.7433239818
-273.9 -84.1 2423.6 0.9757007360 0.0008360827 -0.2191058844 -0.0105863577 0.9990047216 -0.0433300398 0.2188515812 0.0445966832 0.9747384787
-274.2 -475.4 2406.1 0.9735766649 -0.0762995556 -0.2152367234 0.0246233474 0.9721106291 -0.2332264185 0.2270289809 0.2217639536 0.9483029842
-95.4 -56.4 2432.1 0.9955426455 -0.0933971703 0.0131079555 0.0933184847 0.9553639889 -0.2803057432 0.0136568947 0.2802795470 0.9598212838
-58.9 -430.6 2322.3 0.9809770584 -0.1930703223 -0.0201947000 0.1940198243 0.9785341620 0.0694780350 0.0063470579 -0.0720745325 0.9973790646
-212.6 148.7 2079.4 0 0 0 0 0 0 0 0 0
-172.2 207.0 2099.8 0 0 0 0 0 0 0 0 0
-250.5 -776.7 2337.4 0 0 0 0 0 0 0 0 0
13.3 -796.1 2349.3 0 0 0 0 0 0 0 0 0
-266.9 500.6 2280.9 4 0.9876971841 -0.1415947974 -0.0663713962 0.1538645178 0.9557433724 0.2507595122 0.0279277805 -0.2578866482 0.9657714367
-238.0 305.5 2333.5 0.9876971841 -0.1415947974 -0.0663713962 0.1538645178 0.9557433724 0.2507595122 0.0279277805 -0.2578866482 0.9657714367
-211.5 117.2 2380.2 0.9887514114 -0.1353817284 -0.0635804087 0.1465663612 0.9617457390 0.2314376831 0.0298157576 -0.2381530851 0.9707698822
-378.9 284.7 2329.3 0.0630156249 -0.7139680386 -0.6973368526 0.9315109253 0.2928676605 -0.2156754136 0.3582127690 -0.6359859705 0.6835243106
-392.9 77.1 2249.5 -0.6999449730 -0.7139680386 -0.0180729553 -0.2750906050 0.2928676605 -0.9157257676 0.6590919495 -0.6359859705 -0.4013971686
-97.1 326.4 2337.8 0.7406166792 0.1547298431 0.6538696885 -0.4067464769 0.8778131008 0.2529851794 -0.5348310471 -0.4533242285 0.7130588293
65.0 237.4 2220.7 -0.8864519596 0.1547298431 0.4361898601 -0.0792309716 0.8778131008 -0.4724051654 -0.4559883475 -0.4533242285 -0.7658797503
-274.7 -83.6 2422.5 0.9781752825 -0.0030887465 -0.2077583373 -0.0063463734 0.9989788532 -0.0447320566 0.2076843530 0.0450743064 0.9771568775
-273.5 -474.9 2404.8 0.9760568142 -0.0760639235 -0.2037827820 0.0290472135 0.9740531445 -0.2244476825 0.2155676335 0.2131543607 0.9529406428
-96.1 -56.5 2430.0 0.9955006242 -0.0919997990 0.0226828139 0.0947008729 0.9579307437 -0.2709251940 0.0031964988 0.2718542814 0.9623331428
-60.1 -431.7 2323.5 0.9803872705 -0.1968445331 -0.0096434187 0.1970421225 0.9780549407 0.0676975027 -0.0038940902 -0.0682699308 0.9976592660
-214.0 147.4 2080.9 0 0 0 0 0 0 0 0 0
-166.7 216.7 2101.6 0 0 0 0 0 0 0 0 0
-249.8 -778.3 2338.4 0 0 0 0 0 0 0 0 0
13.1 -795.1 2348.9 0 0 0 0 0 0 0 0 0
-270.7 503.7 2282.1 5 0.9885054827 -0.1493533105 -0.0234631952 0.1504853070 0.9570937157 0.2476404309 -0.0145294415 -0.2483247817 0.9685678482
-240.2 308.2 2332.8 0.9885054827 -0.1493533105 -0.0234631952 0.1504853070 0.9570937157 0.2476404309 -0.0145294415 -0.2483247817 0.9685678482
-212.3 119.6 2377.8 0.9895875454 -0.1424353570 -0.0207026992 0.1433657408 0.9626972675 0.2294780612 -0.0127553567 -0.2300566882 0.9730936289
-381.1 287.7 2334.6 0.0267151576 -0.7148536444 -0.6987636089 0.9287249446 0.2763403058 -0.2471963912 0.3698057830 -0.6423552632 0.6712849140
-387.1 80.1 2251.9 -0.6992511749 -0.7148536444 -0.0056567877 -0.2750567496 0.2763403058 -0.9208582044 0.6598420739 -0.6423552632 -0.3898566067
-99.3 328.6 2331.0 0.7434670329 0.1679905057 0.6473298669 -0.4176253378 0.8726306558 0.2531892955 -0.5223464966 -0.4585792720 0.7189291716
61.6 238.2 2217.9 -0.8856695294 0.1679905057 0.4328610301 -0.0706616864 0.8726306558 -0.4832418561 -0.4589078426 -0.4585792720 -0.7609918714
-274.3 -84.4 2424.1 0.9862300158 0.0010537617 -0.1653759480 -0.0095895911 0.9986615181 -0.0508247539 0.1651010364 0.0517107882 0.9849201441
-274.7 -475.6 2403.9 0.9831333160 -0.0827357471 -0.1631062776 0.0452564098 0.9741439223 -0.2213491797 0.1772024781 0.2102341652 0.9614576697
-95.6 -58.0 2429.5 0.9935523272 -0.0942529291 0.0630091652 0.1078137383 0.9573867321 -0.2679307163 -0.0350708850 0.2729964554 0.9613755345
-58.7 -433.0 2322.6 0.9806362391 -0.1940161735 0.0266512632 0.1914299428 0.9783567190 0.0785665587 -0.0413176268 -0.0719433650 0.9965525866
-208.6 150.3 2083.5 0 0 0 0 0 0 0 0 0
-170.5 219.7 2097.6 0 0 0 0 0 0 0 0 0
-249.1 -777.4 2338.8 0 0 0 0 0 0 0 0 0
13.1 -794.9 2349.2 0 0 0 0 0 0 0 0 0
-271.9 505.0 2281.2 6 0.9884091616 -0.1516293734 -0.0074736560 0.1486912668 0.9569751620 0.2491775751 -0.0306305382 -0.2474006712 0.9684289694
-241.0 309.8 2331.7 0.9884091616 -0.1516293734 -0.0074736560 0.1486912668 0.9569751620 0.2491775751 -0.0306305382 -0.2474006712 0.9684289694
-212.8 121.3 2376.9 0.9895701408 -0.1439670622 -0.0049380246 0.1411532611 0.9622472525 0.2327144593 -0.0287516154 -0.2309843004 0.9725325704
-381.9 289.7 2335.8 0.0057812762 -0.7142618895 -0.6998546720 0.9291623235 0.2625305951 -0.2602595687 0.3696267605 -0.6487739682 0.6651830077
-383.2 82.7 2253.4 -0.6998678446 -0.7142618895 0.0038690118 -0.2730463147 0.2625305951 -0.9254854918 0.6600232720 -0.6487739682 -0.3787632883
-100.0 329.9 2327.6 0.7437417507 0.1653835177 0.6476854682 -0.4241994321 0.8655941486 0.2660856545 -0.5166265965 -0.4726468325 0.7139341235
60.0 238.6 2216.4 -0.8925317526 0.1653835177 0.4195657372 -0.0725195780 0.8655941486 -0.4954670966 -0.4451157451 -0.4726468325 -0.7605767250
-273.8 -81.9 2424.0 0.9886830449 0.0001348586 -0.1500193924 -0.0081710378 0.9985635877 -0.0529524982 0.1497967690 0.0535790510 0.9872639775
-273.9 -473.1 2403.0 0.9857267737 -0.0801852569 -0.1480306536 0.0470331460 0.9754399061 -0.2151856273 0.1616497189 0.2051518857 0.9652885795
-95.1 -56.0 2421.7 0.9928680062 -0.0915595070 0.0763544515 0.1080885604 0.9615408778 -0.2524995208 -0.0502991937 0.2589517534 0.9645797014
-59.2 -432.6 2320.3 0.9796231985 -0.1966626346 0.0407700762 0.1925046444 0.9772853255 0.0886306167 -0.0572743267 -0.0789761767 0.9952298403
-205.6 152.0 2086.0 0 0 0 0 0 0 0 0 0
-175.1 219.5 2099.1 0 0 0 0 0 0 0 0 0
-248.8 -777.5 2339.0 0 0 0 0 0 0 0 0 0
13.6 -794.4 2349.5 0 0 0 0 0 0 0 0 0
-272.3 504.3 2281.2 7 0.9886524677 -0.1500665992 0.0068086660 0.1435761303 0.9572806358 0.2509972751 -0.0441841111 -0.2471715063 0.9679638743
-241.7 309.3 2331.6 0.9886524677 -0.1500665992 0.0068086660 0.1435761303 0.9572806358 0.2509972751 -0.0441841111 -0.2471715063 0.9679638743
-213.6 120.8 2376.6 0.9895675778 -0.1437587142 0.0094601121 0.1375969648 0.9625299573 0.2336731255 -0.0426981896 -0.2299336493 0.9722691774
-382.7 289.7 2337.6 -0.0008104666 -0.7138827443 -0.7002647519 0.9276390672 0.2609963119 -0.2671454847 0.3734770715 -0.6498094797 0.6620140076
-382.5 85.2 2255.3 -0.7002650499 -0.7138827443 0.0005368095 -0.2667829692 0.2609963119 -0.9277433753 0.6621599197 -0.6498094797 -0.3732183278
-100.8 328.9 2325.5 0.7555872798 0.1784053296 0.6302851439 -0.4327676892 0.8582591414 0.2758684158 -0.4917316139 -0.4812097251 0.7256977558
58.8 237.6 2221.6 -0.8904260397 0.1784053296 0.4187039137 -0.0672857240 0.8582591414 -0.5087866783 -0.4501267076 -0.4812097251 -0.7522121668
-274.0 -79.9 2424.7 0.9906076789 0.0100672767 -0.1363637447 -0.0162632931 0.9988814592 -0.0443998352 0.1357642263 0.0462005399 0.9896633625
-278.0 -471.2 2406.6 0.9862226844 -0.0942568332 -0.1359428912 0.0621029101 0.9726427794 -0.2238508314 0.1533233374 0.2123243213 0.9650959969
-95.2 -54.4 2419.5 0.9921160340 -0.0896577016 0.0875628367 0.1081618965 0.9654887319 -0.2369230390 -0.0632989556 0.2445261031 0.9675744176
-60.1 -432.6 2323.7 0.9783155918 -0.1997725368 0.0546761863 0.1950730383 0.9774457216 0.0809093416 -0.0696064681 -0.0684890226 0.9952206612
-204.7 153.0 2087.2 0 0 0 0 0 0 0 0 0
-177.7 219.7 2102.1 0 0 0 0 0 0 0 0 0
-248.4 -775.7 2340.1 0 0 0 0 0 0 0 0 0
13.5 -792.7 2349.0 0 0 0 0 0 0 0 0 0
-272.9 502.9 2280.8 8 0.9885960817 -0.1505223811 0.0045551197 0.1446579695 0.9576177597 0.2490830272 -0.0418546349 -0.2455835789 0.9684714079
-242.2 307.7 2330.8 0.9885960817 -0.1505223811 0.0045551197 0.1446579695 0.9576177597 0.2490830272 -0.0418546349 -0.2455835789 0.9684714079
-214.1 119.1 2375.4 0.9896009564 -0.1436557323 0.0072820648 0.1380975991 0.9630363584 0.2312791348 -0.0402374677 -0.2278684080 0.9728601575
-383.2 288.1 2336.5 -0.0129968300 -0.7250761986 -0.6885460019 0.9296116233 0.2448803037 -0.2754193544 0.3683113754 -0.6436599493 0.6708565950
-380.4 85.7 2256.4 -0.6886329651 -0.7250761986 0.0070120306 -0.2673294842 0.2448803037 -0.9319702983 0.6740323305 -0.6436599493 -0.3624669015
-101.2 327.4 2325.1 0.7517490983 0.1911272258 0.6311447024 -0.4455195963 0.8528266549 0.2723948359 -0.4861949682 -0.4859599173 0.7262626290
58.1 233.0 2222.0 -0.8949956894 0.1911272258 0.4030546546 -0.0518807210 0.8528266549 -0.5196104646 -0.4430474639 -0.4859599173 -0.7533603907
-274.9 -80.2 2425.5 0.9903215170 0.0094541721 -0.1384698451 -0.0161475278 0.9987504482 -0.0472946763 0.1378496885 0.0490728840 0.9892367125
-278.6 -471.4 2406.3 0.9855754375 -0.0980829373 -0.1379157901 0.0651130974 0.9719650149 -0.2259299457 0.1562092006 0.2136908919 0.9643313289
-96.0 -55.3 2417.8 0.9921768904 -0.0912105069 0.0852388963 0.1090181842 0.9657177925 -0.2355932146 -0.0608281456 0.2430427372 0.9681065083
-60.3 -433.5 2322.6 0.9776883721 -0.2036425173 0.0515285358 0.1987994760 0.9762436152 0.0861810297 -0.0678545237 -0.0740143508 0.9949460626
-205.1 153.8 2084.7 0 0 0 0 0 0 0 0 0
-179.9 219.2 2104.2 0 0 0 0 0 0 0 0 0
-247.8 -776.7 2339.1 0 0 0 0 0 0 0 0 0
14.8 -793.8 2349.9 0 0 0 0 0 0 0 0 0
-272.9 504.5 2281.0 9 0.9889640808 -0.1481283456 0.0028265056 0.1428067535 0.9581679106 0.2480333000 -0.0394490287 -0.2448923886 0.9687473774
-242.6 308.9 2331.0 0.9889640808 -0.1481283456 0.0028265056 0.1428067535 0.9581679106 0.2480333000 -0.0394490287 -0.2448923886 0.9687473774
-214.9 120.2 2375.6 0.9899403453 -0.1413818300 0.0054075466 0.1363270730 0.9633789659 0.2309023291 -0.0378549099 -0.2278423458 0.9729619026
-383.7 289.4 2336.4 -0.0235758126 -0.7324639559 -0.6803975105 0.9312381744 0.2314725816 -0.2814531624 0.3636476696 -0.6402475834 0.6766412258
-378.6 86.1 2257.0 -0.6806843877 -0.7324639559 0.0128582325 -0.2667534649 0.2314725816 -0.9355549216 0.6822839379 -0.6402475834 -0.3529470563
-101.6 328.3 2325.6 0.7423270345 0.2256779075 0.6308883429 -0.4739250541 0.8424451947 0.2562832236 -0.4736513793 -0.4892397523 0.7323242426
56.3 227.5 2224.9 -0.8848547339 0.2256779075 0.4075556099 -0.0328350030 0.8424451947 -0.5377805829 -0.4647084773 -0.4892397523 -0.7380315065
-275.4 -82.0 2423.7 0.9900270700 0.0044739638 -0.1408061087 -0.0098302187 0.9992532134 -0.0373674147 0.1405337751 0.0383789092 0.9893317819
-277.2 -473.4 2408.7 0.9860122800 -0.0921865031 -0.1388576031 0.0573942252 0.9699595571 -0.2363987714 0.1564790308 0.2251224667 0.9616829753
-96.5 -57.0 2416.4 0.9921105504 -0.0940307677 0.0829148740 0.1114642173 0.9643254876 -0.2401083857 -0.0573793538 0.2474561036 0.9671985507
-59.7 -434.8 2319.5 0.9773883820 -0.2062539905 0.0465970747 0.2010725141 0.9747579694 0.0970399529 -0.0654357448 -0.0854763240 0.9941890836
-206.5 153.5 2084.6 0 0 0 0 0 0 0 0 0
-181.2 218.7 2100.2 0 0 0 0 0 0 0 0 0
-248.3 -776.7 2338.3 0 0 0 0 0 0 0 0 0
16.8 -796.0 2351.2 0 0 0 0 0 0 0 0 0
-271.8 503.9 2281.1 0 0.9893296957 -0.1456931382 0.0004935581 0.1410146505 0.9584010243 0.2481578737 -0.0366279259 -0.2454403639 0.9687194824
-242.1 308.6 2331.2 0.9893296957 -0.1456931382 0.0004935581 0.1410146505 0.9584010243 0.2481578737 -0.0366279259 -0.2454403639 0.9687194824
-214.8 119.8 2375.5 0.9902199507 -0.1394746602 0.0033548004 0.1350130290 0.9640490413 0.2288689017 -0.0351556055 -0.2261776030 0.9734514952
-383.2 289.4 2336.2 0.0207029209 -0.7297556996 -0.6833944321 0.9352911711 0.2556648850 -0.2446751744 0.3532730639 -0.6341072917 0.6878270507
-387.8 81.7 2257.7 -0.6837026477 -0.7297556996 -0.0027024930 -0.2692158520 0.2556648850 -0.9285247922 0.6782872081 -0.6341072917 -0.3712605536
-101.0 327.8 2326.2 0.7291474342 0.2744274437 0.6269239187 -0.5115489364 0.8270841837 0.2329150438 -0.4546005726 -0.4905316532 0.7434493899
55.1 218.3 2228.8 -0.8723655343 0.2744274437 0.4045589864 -0.0004803594 0.8270841837 -0.5620778203 -0.4888539314 -0.4905316532 -0.7213879228
-276.7 -80.8 2423.7 0.9896749854 0.0039987513 -0.1432740688 -0.0097119464 0.9991842508 -0.0391988680 0.1430004537 0.0401856080 0.9889064431
-278.3 -472.2 2407.9 0.9851225615 -0.0976414755 -0.1414203197 0.0634888411 0.9714757204 -0.2284822613 0.1596957445 0.2161044180 0.9632217288
-97.8 -56.2 2416.8 0.9924548268 -0.0929253250 0.0799893737 0.1096507460 0.9645871520 -0.2398923784 -0.0548646487 0.2468532473 0.9674984813
-61.4 -434.0 2320.1 0.9764497876 -0.2112084329 0.0440094844 0.2061051428 0.9735011458 0.0990769044 -0.0637691617 -0.0876730382 0.9941061139
-213.9 150.2 2085.2 0 0 0 0 0 0 0 0 0
-181.1 218.2 2096.4 0 0 0 0 0 0 0 0 0
-247.5 -778.3 2339.9 0 0 0 0 0 0 0 0 0
17.1 -795.9 2352.7 0 0 0 0 0 0 0 0 0
-269.8 502.3 2281.2 1 0.9890414476 -0.1464649439 -0.0185738653 0.1465601772 0.9588467479 0.2431729585 -0.0178068224 -0.2432303280 0.9698051214
-240.0 307.3 2330.7 0.9890414476 -0.1464649439 -0.0185738653 0.1465601772 0.9588467479 0.2431729585 -0.0178068224 -0.2432303280 0.9698051214
-212.6 118.4 2374.6 0.9900085926 -0.1401271820 -0.0157278851 0.1400699168 0.9644539356 0.2240737677 -0.0162300058 -0.2240379602 0.9744452834
-381.1 287.3 2333.0 0.0248762053 -0.7470518947 -0.6643000841 0.9459331036 0.2325619310 -0.2261095792 0.3234065175 -0.6227586865 0.7124463916
-386.5 82.2 2262.8 -0.6647656560 -0.7470518947 0.0002872027 -0.2617536783 0.2325619310 -0.9366962910 0.6996939778 -0.6227586865 -0.3501427770
-98.9 327.3 2328.4 0.7198085785 0.3201175332 0.6159548759 -0.5445519686 0.8106908798 0.2150430083 -0.4305099547 -0.4902092218 0.7578628659
55.9 210.1 2235.7 -0.8464556336 0.3201175332 0.4254851937 0.0123587791 0.8106908798 -0.5853440166 -0.5323158503 -0.4902092218 -0.6901701093
-277.0 -81.3 2422.9 0.9869102240 0.0009353823 -0.1612679213 -0.0081660356 0.9989902377 -0.0441793129 0.1610637605 0.0449179374 0.9859213233
-277.4 -472.6 2405.4 0.9826657772 -0.0954027399 -0.1589536220 0.0593231134 0.9741573334 -0.2179408371 0.1756379902 0.2047333866 0.9629306793
-98.0 -56.8 2416.6 0.9935731292 -0.0943204090 0.0625785142 0.1065813303 0.9657379389 -0.2366235107 -0.0381160155 0.2417724729 0.9695840478
-61.0 -435.1 2321.9 0.9775463343 -0.2087837160 0.0285048448 0.2054968625 0.9744839072 0.0902891308 -0.0466284119 -0.0824041516 0.9955075979
-216.3 149.2 2083.7 0 0 0 0 0 0 0 0 0
-172.3 213.4 2092.2 0 0 0 0 0 0 0 0 0
-247.3 -779.4 2340.9 0 0 0 0 0 0 0 0 0
16.2 -795.7 2352.4 0 0 0 0 0 0 0 0 0
-268.5 499.6 2281.7 2 0.9893558621 -0.1439125836 -0.0215441864 0.1448614448 0.9600198269 0.2395352572 -0.0137892915 -0.2401065230 0.9706485868
-239.3 305.2 2330.4 0.9893558621 -0.1439125836 -0.0215441864 0.1448614448 0.9600198269 0.2395352572 -0.0137892915 -0.2401065230 0.9706485868
-212.0 116.1 2373.7 0.9900568724 -0.1394089758 -0.0187767502 0.1400980353 0.9652206302 0.2207298279 -0.0126480134 -0.2211656719 0.9751542211
-380.4 285.2 2332.2 0.0604367629 -0.7448772788 -0.6644585729 0.9514572024 0.2442510426 -0.1872713566 0.3017888963 -0.6208858490 0.7234806418
-393.7 76.4 2265.9 -0.6671954393 -0.7448772788 -0.0028398351 -0.2687234879 0.2442510426 -0.9317344427 0.6947214603 -0.6208858490 -0.3631291986
-98.2 325.2 2328.6 0.7079378963 0.3695502877 0.6018775105 -0.5796203017 0.7909320593 0.1961296052 -0.4035644531 -0.4877079725 0.7741296291
53.1 201.3 2242.3 -0.8309330940 0.3695502877 0.4159119725 0.0463604853 0.7909320593 -0.6101452112 -0.5544374585 -0.4877079725 -0.6743441224
-274.6 -83.2 2419.9 0.9863730669 0.0084613711 -0.1643063426 -0.0146967070 0.9992156625 -0.0367709585 0.1638663262 0.0386846475 0.9857237339
-277.9 -474.6 2404.7 0.9823726416 -0.0915102884 -0.1630026996 0.0537727438 0.9734640718 -0.2224325538 0.1790321320 0.2097465396 0.9612252116
-95.6 -57.8 2417.0 0.9936739206 -0.0953485817 0.0593357347 0.1068412960 0.9653931260 -0.2379098088 -0.0345979445 0.2427442968 0.9694731236
-58.3 -436.0 2321.9 0.9794185758 -0.2002220452 0.0255033877 0.1974227875 0.9765963554 0.0853449628 -0.0419944599 -0.0785534903 0.9960250258
-222.3 145.4 2087.5 0 0 0 0 0 0 0 0 0
-171.9 213.8 2092.2 0 0 0 0 0 0 0 0 0
-249.4 -777.8 2339.4 0 0 0 0 0 0 0 0 0
15.4 -795.5 2350.8 0 0 0 0 0 0 0 0 0
-267.5 497.2 2281.0 3 0.9901232719 -0.1397574395 -0.0111271944 0.1383025944 0.9606319666 0.2409535199 -0.0229859091 -0.2401126027 0.9704728723
-239.2 303.0 2329.5 0.9901232719 -0.1397574395 -0.0111271944 0.1383025944 0.9606319666 0.2409535199 -0.0229859091 -0.2401126027 0.9704728723
-212.6 113.9 2372.9 0.9907031655 -0.1357800812 -0.0084240567 0.1342480183 0.9657479525 0.2220549285 -0.0220151227 -0.2211214304 0.9749977589
-380.4 283.9 2332.7 0.0805708542 -0.7422245741 -0.6652901769 0.9535741806 0.2517135441 -0.1653379053 0.2901804149 -0.6210821271 0.7280469537
-398.1 74.3 2268.9 -0.6701232195 -0.7422245741 -0.0061274660 -0.2702992260 0.2517135441 -0.9292893410 0.6912837029 -0.6210821271 -0.3693018258
-98.1 322.2 2326.4 0.7167178392 0.4137523770 0.5613595247 -0.6012476683 0.7744380832 0.1968423575 -0.3532942235 -0.4785965383 0.8038212061
53.2 195.3 2251.9 -0.8018847108 0.4137523770 0.4310334921 0.0611157008 0.7744380832 -0.6296908259 -0.5943447948 -0.4785965383 -0.6462967992
-274.2 -85.6 2418.2 0.9878383875 0.0063258177 -0.1553553045 -0.0117602041 0.9993497133 -0.0340862311 0.1550386548 0.0354986973 0.9872704148
-276.7 -477.0 2404.2 0.9839523435 -0.0906513929 -0.1536881775 0.0544889346 0.9728413820 -0.2249679416 0.1699078679 0.2129834443 0.9621691108
-95.2 -60.2 2415.9 0.9931319952 -0.0964721069 0.0661967099 0.1092368364 0.9672110081 -0.2292819023 -0.0419068746 0.2349383086 0.9711064696
-57.4 -439.1 2323.8 0.9799174666 -0.1965680122 0.0335076191 0.1935327500 0.9780182242 0.0776234567 -0.0480293520 -0.0695797578 0.9964194894
-225.7 143.9 2091.0 0 0 0 0 0 0 0 0 0
-166.3 212.0 2089.2 0 0 0 0 0 0 0 0 0
-248.6 -778.1 2338.3 0 0 0 0 0 0 0 0 0
13.9 -794.2 2349.1 0 0 0 0 0 0 0 0 0
-266.2 496.4 2280.6 4 0.9910179973 -0.1336335689 -0.0050404523 0.1308397651 0.9611288905 0.2431299835 -0.0276458040 -0.2416056842 0.9699805975
-239.2 302.1 2329.5 0.9910179973 -0.1336335689 -0.0050404523 0.1308397651 0.9611288905 0.2431299835 -0.0276458040 -0.2416056842 0.9699805975
-214.3 112.8 2373.2 0.9919285774 -0.1267727464 -0.0025218853 0.1240990907 0.9665430188 0.2244861573 -0.0260212142 -0.2229872048 0.9744740129
-380.5 284.5 2333.2 0.0820173323 -0.7363175750 -0.6716468930 0.9496276379 0.2622575760 -0.1715468913 0.3024574816 -0.6237446070 0.7207372189
-398.7 73.8 2266.1 -0.6765818596 -0.7363175750 -0.0085672513 -0.2736948729 0.2622575760 -0.9253713489 0.6836140156 -0.6237446070 -0.3789650500
-97.8 319.8 2325.8 0.6986690164 0.4854829311 0.5255168080 -0.6453374624 0.7447521091 0.1699524969 -0.3088707030 -0.4578762352 0.8336355686
48.9 184.3 2260.9 -0.7668828368 0.4854829311 0.4197582901 0.1113169119 0.7447521091 -0.6579915285 -0.6320595145 -0.4578762352 -0.6251800656
-275.6 -87.4 2418.2 0.9883703589 0.0052766730 -0.1519744694 -0.0095438147 0.9995800257 -0.0273622703 0.1517662555 0.0284944735 0.9880055785
-277.7 -479.0 2407.0 0.9843460321 -0.0928953290 -0.1497778296 0.0560675487 0.9707192183 -0.2335820645 0.1670909077 0.2215279043 0.9607320428
-96.5 -63.1 2414.2 0.9930307865 -0.0969335884 0.0670352355 0.1095969379 0.9686856866 -0.2227926701 -0.0433399826 0.2285868376 0.9725583196
-58.5 -442.6 2324.6 0.9783877134 -0.2037860006 0.0350543410 0.2006896287 0.9766688943 0.0764296651 -0.0498117805 -0.0677428022 0.9964585900
-224.5 144.3 2090.0 0 0 0 0 0 0 0 0 0
-160.3 214.7 2088.5 0 0 0 0 0 0 0 0 0
-249.0 -778.0 2338.7 0 0 0 0 0 0 0 0 0
14.9 -794.8 2349.1 0 0 0 0 0 0 0 0 0
-267.0 500.8 2274.5 5 0.9921285510 -0.1246826500 0.0116272159 0.1174743697 0.9588678479 0.2584032714 -0.0433673672 -0.2550033629 0.9659671783
-241.6 305.6 2326.4 0.9921285510 -0.1246826500 0.0116272159 0.1174743697 0.9588678479 0.2584032714 -0.0433673672 -0.2550033629 0.9659671783
-218.5 116.7 2372.5 0.9929237962 -0.1179105937 0.0141221518 0.1111685857 0.9647289515 0.2386201620 -0.0417598933 -0.2353616953 0.9710102677
-383.1 289.8 2332.3 0.0582556538 -0.7374472618 -0.6728876829 0.9553537965 0.2367575169 -0.1767626852 0.2896643579 -0.6325483322 0.7183154821
-395.9 79.9 2268.7 -0.6754046082 -0.7374472618 -0.0003368369 -0.2580389082 0.2367575169 -0.9366759062 0.6908288598 -0.6325483322 -0.3501972258
-100.1 321.5 2320.4 0.6939028502 0.5134184957 0.5048764348 -0.6689057946 0.7191821337 0.1879949868 -0.2665780187 -0.4681650400 0.8424711823
47.3 179.4 2263.8 -0.7583693266 0.5134184957 0.4015936255 0.1249444336 0.7191821337 -0.6834954023 -0.6397381425 -0.4681650400 -0.6095544696
-279.2 -87.7 2419.2 0.9903590679 -0.0064472593 -0.1383737773 0.0017671959 0.9994230270 -0.0339181386 0.1385126263 0.0333466046 0.9897990823
-276.6 -479.1 2406.1 0.9867439866 -0.0909569785 -0.1343991160 0.0582302287 0.9714625478 -0.2299343050 0.1514778286 0.2190601975 0.9638812542
-99.8 -65.2 2414.5 0.9915606976 -0.1022354662 0.0797198936 0.1179124340 0.9667860270 -0.2267628610 -0.0538888760 0.2342491150 0.9706819057
-59.8 -443.9 2322.7 0.9763175249 -0.2119724005 0.0432637446 0.2074451745 0.9740155339 0.0908856839 -0.0614048168 -0.0797584280 0.9949211478
-222.3 146.2 2091.1 0 0 0 0 0 0 0 0 0
-158.6 213.3 2090.1 0 0 0 0 0 0 0 0 0
-248.6 -778.9 2338.5 0 0 0 0 0 0 0 0 0
17.1 -797.4 2351.7 0 0 0 0 0 0 0 0 0
-265.4 502.2 2272.9 6 0.9927924871 -0.1197598875 0.0045495392 0.1146307960 0.9599804878 0.2555333376 -0.0349701121 -0.2531700730 0.9667895436
-241.0 306.9 2324.4 0.9927924871 -0.1197598875 0.0045495392 0.1146307960 0.9599804878 0.2555333376 -0.0349701121 -0.2531700730 0.9667895436
-218.6 117.7 2370.1 0.9934301972 -0.1142270714 0.0069725243 0.1093823686 0.9656767249 0.2355927527 -0.0336442739 -0.2332822829 0.9718268514
-382.6 291.3 2329.2 0.0746567324 -0.7376745343 -0.6710161567 0.9617964625 0.2309943289 -0.1469324529 0.2633892596 -0.6344114542 0.7267380357
-399.3 76.1 2270.3 -0.6750964522 -0.7376745343 0.0090031642 -0.2648916245 0.2309943289 -0.9362019300 0.6885326505 -0.6344114542 -0.3513472676
-99.4 322.4 2319.6 0.6737513542 0.5428974032 0.5013197660 -0.6933051348 0.6991690993 0.1746154428 -0.2557090521 -0.4652149677 0.8474596739
42.5 176.4 2265.7 -0.7436891794 0.5428974032 0.3901138902 0.1429262906 0.6991690993 -0.7005245090 -0.6530685425 -0.4652149677 -0.5975587964
-285.1 -82.2 2422.4 0.9890410304 -0.0220509022 -0.1459849775 0.0146546820 0.9985630512 -0.0515473224 0.1469118595 0.0488430522 0.9879429340
-276.5 -473.3 2403.2 0.9860913157 -0.0888384655 -0.1404695809 0.0575371422 0.9753671288 -0.2129517645 0.1559277177 0.2019076645 0.9669125080
-105.7 -62.2 2414.8 0.9908651710 -0.1140995473 0.0718851388 0.1278555244 0.9643481374 -0.2317015380 -0.0428852588 0.2387759089 0.9701272845
-61.0 -439.9 2321.3 0.9766583443 -0.2125154287 0.0312349014 0.2089186907 0.9736173153 0.0917730480 -0.0499140322 -0.0831053630 0.9952899814
-225.9 144.1 2093.5 0 0 0 0 0 0 0 0 0
-158.9 215.1 2088.9 0 0 0 0 0 0 0 0 0
-248.7 -778.6 2340.0 0 0 0 0 0 0 0 0 0
17.1 -797.7 2351.8 0 0 0 0 0 0 0 0 0
-265.4 503.8 2270.1 7 0.9926910996 -0.1202476248 0.0102391746 0.1133448109 0.9581037760 0.2630401552 -0.0414401442 -0.2599570751 0.9647305608
-240.8 308.1 2323.2 0.9926910996 -0.1202476248 0.0102391746 0.1133448109 0.9581037760 0.2630401552 -0.0414401442 -0.2599570751 0.9647305608
-218.2 119.4 2370.4 0.9932079315 -0.1156745702 0.0125461547 0.1091352925 0.9635517001 0.2442491204 -0.0403422788 -0.2412209362 0.9696313739
-382.4 292.6 2328.9 0.0758176297 -0.7375226617 -0.6710528731 0.9612160921 0.2330314517 -0.1475127488 0.2651704252 -0.6338427663 0.7265865207
-399.5 75.8 2269.1 -0.6752906442 -0.7375226617 0.0065457691 -0.2635802329 0.2330314517 -0.9360672235 0.6888453960 -0.6338427663 -0.3517603576
-99.3 323.7 2317.4 0.6659734249 0.5506917238 0.5032077432 -0.7072328925 0.6806634665 0.1910991520 -0.2372784019 -0.4831520319 0.8427710533
41.0 174.7 2267.4 -0.7432041168 0.5506917238 0.3799819648 0.1363357753 0.6806634665 -0.7197984457 -0.6550268531 -0.4831520319 -0.5809508562
-286.0 -81.3 2418.8 0.9898652434 -0.0229364131 -0.1401454508 0.0162101872 0.9986697435 -0.0489491485 0.1410817355 0.0461812764 0.9889202118
-277.0 -472.4 2400.7 0.9866905212 -0.0909421071 -0.1348011196 0.0619843528 0.9767448902 -0.2052495182 0.1503321379 0.1941621900 0.9693819284
-106.4 -61.5 2412.8 0.9898561835 -0.1189246699 0.0777279884 0.1336221099 0.9651650786 -0.2249478549 -0.0482684858 0.2330522090 0.9712655544
-59.8 -439.6 2321.5 0.9776827693 -0.2068710476 0.0366170108 0.2030336261 0.9751802683 0.0883220583 -0.0539794602 -0.0789164677 0.9954187274
-226.2 143.4 2092.3 0 0 0 0 0 0 0 0 0
-160.6 211.7 2089.8 0 0 0 0 0 0 0 0 0
-248.6 -778.0 2340.0 0 0 0 0 0 0 0 0 0
16.2 -797.9 2350.5 0 0 0 0 0 0 0 0 0
-263.8 502.5 2269.7 8 0.9932061434 -0.1162861362 -0.0043720612 0.1133868694 0.9586261511 0.2611116469 -0.0261724908 -0.2598333955 0.9652987123
-240.1 307.2 2322.6 0.9932061434 -0.1162861362 -0.0043720612 0.1133868694 0.9586261511 0.2611116469 -0.0261724908 -0.2598333955 0.9652987123
-218.1 118.4 2369.9 0.9936677814 -0.1123373732 -0.0021701625 0.1095049679 0.9639274478 0.2425953001 -0.0251606405 -0.2412967682 0.9701251388
-381.7 291.6 2326.2 0.0437487289 -0.7504929900 -0.6594287753 0.9656929970 0.2008883208 -0.1645627916 0.2559747696 -0.6296063066 0.7335344553
-391.3 79.6 2270.0 -0.6605564952 -0.7504929900 0.0206249841 -0.2577491999 0.2008883208 -0.9450974464 0.7051457167 -0.6296063066 -0.3261370659
-98.5 322.8 2319.0 0.6597110629 0.5676913261 0.4924508929 -0.7165654898 0.6726794839 0.1844891310 -0.2265287340 -0.4745828211 0.8505620956
40.4 171.9 2271.3 -0.7359122038 0.5676913261 0.3689983785 0.1562661082 0.6726794839 -0.7232449055 -0.6587975025 -0.4745828211 -0.5837439299
-285.3 -79.2 2421.3 0.9877362251 -0.0190553814 -0.1549647599 0.0107695507 0.9984756112 -0.0541339815 0.1557600796 0.0518011935 0.9864357114
-277.8 -470.2 2401.0 0.9841454029 -0.0943155363 -0.1502076983 0.0620362572 0.9764450788 -0.2066554427 0.1661603898 0.1940606982 0.9668149352
-105.7 -59.4 2414.0 0.9913290143 -0.1148219481 0.0638960004 0.1266881526 0.9642442465 -0.2327727973 -0.0348839201 0.2388492972 0.9704298377
-60.8 -437.1 2320.5 0.9778916240 -0.2077608258 0.0237364508 0.2049498111 0.9747669697 0.0884587169 -0.0415157638 -0.0816382542 0.9957969785
-222.7 145.4 2090.1 0 0 0 0 0 0 0 0 0
-160.3 214.5 2091.6 0 0 0 0 0 0 0 0 0
-248.2 -777.1 2340.0 0 0 0 0 0 0 0 0 0
15.9 -796.9 2350.6 0 0 0 0 0 0 0 0 0
-263.3 504.0 2261.5 9 0.9936510921 -0.1124996617 -0.0011792780 0.1082438827 0.9530991912 0.2826395929 -0.0306728892 -0.2809727788 0.9592254758
-240.3 308.7 2319.0 0.9936510921 -0.1124996617 -0.0011792780 0.1082438827 0.9530991912 0.2826395929 -0.0306728892 -0.2809727788 0.9592254758
-219.2 120.7 2369.6 0.9941676855 -0.1078358367 0.0014306430 0.1037581787 0.9600237012 0.2599782348 -0.0294084214 -0.2583135366 0.9656134248
-382.0 293.9 2323.2 0.0617820546 -0.7453722358 -0.6637794971 0.9697683454 0.2021329850 -0.1367171258 0.2360768765 -0.6352657080 0.7353265882
-395.8 76.3 2270.2 -0.6660525203 -0.7453722358 0.0281836167 -0.2660869360 0.2021329850 -0.9425178766 0.6968297958 -0.6352657080 -0.3329649866
-98.6 323.5 2314.9 0.6458817720 0.6145856380 0.4529031217 -0.7457065582 0.6349872947 0.2017743587 -0.1635801047 -0.4680552185 0.8684272170
39.2 164.4 2279.9 -0.7121446133 0.6145856380 0.3393148184 0.1913903505 0.6349872947 -0.7484389544 -0.6754404306 -0.4680552185 -0.5698285103
-285.9 -80.3 2419.4 0.9880973101 -0.0184607860 -0.1527184695 0.0115567837 0.9988758564 -0.0459722206 0.1533954740 0.0436600931 0.9871999025
-278.7 -471.5 2402.3 0.9843068123 -0.0971233323 -0.1473335326 0.0638674647 0.9743832946 -0.2156343162 0.1645024568 0.2028405070 0.9652951360
-106.3 -60.5 2414.8 0.9905426502 -0.1196235493 0.0671976060 0.1322071105 0.9631391168 -0.2342739850 -0.0366959572 0.2409423590 0.9698454142
-59.4 -437.7 2320.5 0.9782760739 -0.2058487982 0.0245405491 0.2028086632 0.9748467207 0.0924256220 -0.0429489762 -0.0854407400 0.9954171181
-225.6 144.3 2092.1 0 0 0 0 0 0 0 0 0
-157.1 217.1 2093.8 0 0 0 0 0 0 0 0 0
-248.2 -776.6 2338.8 0 0 0 0 0 0 0 0 0
16.5 -797.2 2352.0 0 0 0 0 0 0 0 0 0
-262.7 506.5 2264.4 0 0.9935675263 -0.1128104702 -0.0098645575 0.1111706346 0.9551138878 0.2745880485 -0.0215546302 -0.2739184201 0.9615113735
-239.5 310.2 2320.7 0.9935675263 -0.1128104702 -0.0098645575 0.1111706346 0.9551138878 0.2745880485 -0.0215546302 -0.2739184201 0.9615113735
-218.7 121.9 2370.3 0.9942794442 -0.1065446511 -0.0075252843 0.1049506888 0.9614538550 0.2541491687 -0.0198430195 -0.2534850538 0.9671357870
-381.2 295.3 2323.5 0.0443879478 -0.7536805868 -0.6557402611 0.9720032215 0.1841839999 -0.1458972096 0.2307367623 -0.6309055686 0.7407554984
-391.1 79.9 2272.4 -0.6560522318 -0.7536805868 0.0395100713 -0.2685343623 0.1841839999 -0.9454975128 0.7053259611 -0.6309055686 -0.3232234716
-97.8 325.2 2317.8 0.6144161820 0.6637803912 0.4264836311 -0.7746225595 0.6101681590 0.1662970334 -0.1498420388 -0.4325394332 0.8890764713
34.6 158.2 2285.5 -0.6716409922 0.6637803912 0.3290804029 0.2318328023 0.6101681590 -0.7575938106 -0.7036703229 -0.4325394332 -0.5637000799
-287.9 -76.6 2422.9 0.9866073132 -0.0225445163 -0.1615481377 0.0144103831 0.9985768795 -0.0513471961 0.1624758244 0.0483315475 0.9855281115
-279.1 -467.8 2403.9 0.9829752445 -0.0980043560 -0.1554182172 0.0624033362 0.9736613631 -0.2192929685 0.1728163809 0.2058609426 0.9632008076
-108.2 -57.9 2417.6 0.9903020859 -0.1259556711 0.0586251616 0.1364325583 0.9613334537 -0.2392157763 -0.0262277462 0.2448942661 0.9691949487
-58.8 -434.5 2321.6 0.9788077474 -0.2042672336 0.0145000620 0.2023027688 0.9755172729 0.0862535462 -0.0317638330 -0.0814922377 0.9961677194
-224.7 148.0 2093.5 0 0 0 0 0 0 0 0 0
-152.0 222.6 2090.1 0 0 0 0 0 0 0 0 0
-247.8 -778.0 2338.3 0 0 0 0 0 0 0 0 0
17.1 -796.8 2351.9 0 0 0 0 0 0 0 0 0
-262.2 509.3 2265.3 1 0.9935044050 -0.1129911169 0.0134924632 0.1050186157 0.9560803771 0.2736446261 -0.0438192934 -0.2704501748 0.9617362022
-239.0 312.9 2320.9 0.9935044050 -0.1129911169 0.0134924632 0.1050186157 0.9560803771 0.2736446261 -0.0438192934 -0.2704501748 0.9617362022
-218.1 124.4 2370.0 0.9941523671 -0.1068259031 0.0157899261 0.0993639678 0.9621934295 0.2535954118 -0.0422835201 -0.2505435050 0.9671815038
-380.7 298.7 2326.9 0.0389343053 -0.7582387924 -0.6508134007 0.9710469246 0.1823364198 -0.1543414742 0.2356946766 -0.6259611845 0.7433845997
-389.4 81.8 2274.3 -0.6509626508 -0.7582387924 0.0363533944 -0.2652581930 0.1823364198 -0.9467795491 0.7112564445 -0.6259611845 -0.3198232651
-97.4 327.0 2314.9 0.5812278986 0.7069837451 0.4029244483 -0.8041732311 0.5747436881 0.1515754759 -0.1244168729 -0.4121209383 0.9025944471
