324.8 456.4 2388.5 0 0.9970728159 0.0620042011 -0.0447352901 -0.0395282432 0.9188742638 0.3925653994 0.0654468164 -0.3896479905 0.9186354876
312.3 271.0 2467.1 0.9970728159 0.0620042011 -0.0447352901 -0.0395282432 0.9188742638 0.3925653994 0.0654468164 -0.3896479905 0.9186354876
301.2 86.2 2539.1 0.9973462224 0.0560289808 -0.0464900136 -0.0352455676 0.9303107858 0.3650747836 0.0637049302 -0.3624673784 0.9298166633
172.0 276.0 2458.1 0.4411766231 -0.4209950268 -0.7925442457 0.8945060968 0.2774048150 0.3505786955 0.0722636953 -0.8636027575 0.4989671409
76.4 82.1 2442.5 -0.9061622024 -0.4209950268 -0.0404130481 -0.0862049833 0.2774048150 -0.9568778872 0.4140515924 -0.8636027575 -0.2876656353
452.6 266.0 2476.1 0.6568044424 0.6024879813 0.4534491599 -0.7392749786 0.3959904015 0.5446687937 0.1485949010 -0.6929644942 0.7054925561
584.4 117.6 2505.9 -0.7870014310 0.6024879813 0.1328041404 0.1502866596 0.3959904015 -0.9058728218 -0.5983666778 -0.6929644942 -0.4021909237
200.8 -84.5 2609.6 0.9960528016 0.0103535699 0.0881566778 0.0039603151 0.9870011210 -0.1606647223 -0.0886741951 0.1603796631 0.9830642343
196.7 -476.9 2545.9 0.9951598644 0.0431415252 0.0882927701 -0.0484116115 0.9971161485 0.0584439673 -0.0855167806 -0.0624354854 0.9943785667
383.9 -90.9 2618.3 0.9985934496 -0.0497421175 -0.0183539335 0.0447093174 0.9760741591 -0.2127916366 0.0284995064 0.2116717398 0.9769251943
403.7 -479.0 2534.1 0.9983675480 -0.0427463762 -0.0378818177 0.0502158962 0.9729351997 0.2255559564 0.0272148550 -0.2270900011 0.9734934568
314.4 104.7 2333.7 0 0 0 0 0 0 0 0 0
374.1 157.8 2345.9 0 0 0 0 0 0 0 0 0
184.0 -769.8 2564.2 0 0 0 0 0 0 0 0 0
415.9 -758.6 2599.4 0 0 0 0 0 0 0 0 0
327.0 455.0 2388.6 1 0.9976997375 0.0634221360 -0.0239337347 -0.0489352793 0.9181702733 0.3931522071 0.0469097979 -0.3910766542 0.9191618562
314.3 270.2 2467.3 0.9976997375 0.0634221360 -0.0239337347 -0.0489352793 0.9181702733 0.3931522071 0.0469097979 -0.3910766542 0.9191618562
302.1 84.8 2538.1 0.9977839589 0.0611129366 -0.0263126194 -0.0476837680 0.9325803518 0.3577989638 0.0464047790 -0.3557513654 0.9334278703
173.9 276.9 2460.8 0.4433897734 -0.4220427871 -0.7907499075 0.8920798302 0.2935831249 0.3435149789 0.0871728137 -0.8577230573 0.5066676140
77.1 82.1 2441.8 -0.9056369662 -0.4220427871 -0.0412502997 -0.0934823826 0.2935831249 -0.9513516426 0.4136215150 -0.8577230573 -0.3053332865
454.6 263.4 2473.9 0.6523427963 0.6084042788 0.4519879818 -0.7392244339 0.3790809214 0.5566371083 0.1673203707 -0.6972387433 0.6970380545
584.1 116.8 2507.1 -0.7852289677 0.6084042788 0.1151507497 0.1600606889 0.3790809214 -0.9114155173 -0.5981605649 -0.6972387433 -0.3950469196
198.7 -95.4 2605.3 0.9946470261 0.0067167026 0.1031123623 0.0092915352 0.9880290031 -0.1539882720 -0.1029122993 0.1541220546 0.9826776981
196.0 -488.2 2544.0 0.9938296080 0.0432487540 0.1021383777 -0.0497980528 0.9968039393 0.0624667369 -0.0991103277 -0.0671675876 0.9928069711
381.6 -101.9 2617.0 0.9982051253 -0.0596013851 -0.0058481852 0.0574095324 0.9801273346 -0.1898805052 0.0170491077 0.1892039478 0.9817897677
405.3 -491.5 2541.8 0.9988370538 -0.0389174111 -0.0284600593 0.0439228304 0.9779311419 0.2042582631 0.0198827758 -0.2052707672 0.9785032272
315.0 106.7 2333.1 0 0 0 0 0 0 0 0 0
374.1 159.6 2347.1 0 0 0 0 0 0 0 0 0
183.9 -768.0 2562.9 0 0 0 0 0 0 0 0 0
415.8 -755.6 2597.2 0 0 0 0 0 0 0 0 0
325.9 457.0 2403.2 2 0.9971719384 0.0534458607 -0.0528359525 -0.0307255648 0.9315199852 0.3623898923 0.0685859844 -0.3597416282 0.9305277467
315.1 269.8 2475.5 0.9971719384 0.0534458607 -0.0528359525 -0.0307255648 0.9315199852 0.3623898923 0.0685859844 -0.3597416282 0.9305277467
305.0 82.6 2541.4 0.9971873164 0.0515294932 -0.0544255488 -0.0304511040 0.9420743585 0.3340188563 0.0684847385 -0.3314220607 0.9409937859
174.9 274.1 2465.9 0.4510791898 -0.4227862954 -0.7859894037 0.8858541846 0.3192422092 0.3366701305 0.1085814759 -0.8481369019 0.5185305476
77.3 82.6 2442.4 -0.9050520658 -0.4227862954 -0.0461787209 -0.1010532007 0.3192422092 -0.9422699809 0.4131210148 -0.8481369019 -0.3316547275
455.4 265.5 2485.2 0.6484901309 0.6063819528 0.4601754546 -0.7527368665 0.4208065569 0.5062697530 0.1133479774 -0.6747019291 0.7293349504
583.8 116.4 2507.6 -0.7824178934 0.6063819528 0.1418562084 0.1643814296 0.4208065569 -0.8921325803 -0.6006671786 -0.6747019291 -0.4289245307
198.5 -96.1 2604.5 0.9964436889 0.0116298292 0.0834546164 0.0002958752 0.9899402261 -0.1414859891 -0.0842605382 0.1410075128 0.9864162803
193.9 -489.7 2548.4 0.9958950877 0.0334567130 0.0841047838 -0.0383605920 0.9976149797 0.0573832951 -0.0819843337 -0.0603740513 0.9948032498
381.5 -104.9 2613.0 0.9976428747 -0.0627675876 -0.0277295988 0.0570455417 0.9832271934 -0.1732342988 0.0381379947 0.1712441146 0.9844902158
406.5 -495.7 2544.9 0.9983097911 -0.0318457931 -0.0486145653 0.0407700613 0.9798902273 0.1953276545 0.0414165743 -0.1969795376 0.9795324206
315.1 109.1 2333.8 0 0 0 0 0 0 0 0 0
374.6 160.3 2347.0 0 0 0 0 0 0 0 0 0
184.6 -767.1 2565.2 0 0 0 0 0 0 0 0 0
415.0 -756.8 2597.4 0 0 0 0 0 0 0 0 0
325.1 458.1 2408.5 3 0.9985556602 0.0535940193 0.0037724974 -0.0516418703 0.9380694628 0.3425767124 0.0148211988 -0.3422767520 0.9394822717
314.4 270.1 2477.1 0.9985556602 0.0535940193 0.0037724974 -0.0516418703 0.9380694628 0.3425767124 0.0148211988 -0.3422767520 0.9394822717
304.3 81.9 2539.9 0.9987065196 0.0507916249 0.0023343111 -0.0489170551 0.9472966790 0.3166008592 0.0138693871 -0.3163055182 0.9485560060
174.1 277.0 2475.1 0.4443711340 -0.4272331297 -0.7874047160 0.8856136799 0.3419500291 0.3142587245 0.1349913180 -0.8369838595 0.5303162336
76.7 82.9 2445.5 -0.9029652476 -0.4272331297 -0.0461048596 -0.1141657829 0.3419500291 -0.9327573776 0.4142704010 -0.8369838595 -0.3575443923
454.7 263.3 2479.0 0.6554865241 0.6282715797 0.4190611541 -0.7343736887 0.4008331895 0.5477481484 0.1761609614 -0.6667889953 0.7241268754
586.8 115.3 2514.5 -0.7655405402 0.6282715797 0.1386450827 0.1657770723 0.4008331895 -0.9010275602 -0.6216635704 -0.6667889953 -0.4110071063
203.4 -101.7 2601.0 0.9906635880 0.0226024631 0.1344426274 -0.0036159188 0.9901699424 -0.1398226321 -0.1362813860 0.1380310506 0.9810070395
194.4 -495.4 2546.1 0.9900328517 0.0357006900 0.1362366825 -0.0446363762 0.9970080256 0.0631078556 -0.1335760802 -0.0685599595 0.9886642098
386.2 -107.4 2613.6 0.9983760118 -0.0530150458 0.0208510365 0.0557286702 0.9848172069 -0.1644061208 -0.0118184611 0.1653011292 0.9861723185
407.3 -498.9 2547.9 0.9996466637 -0.0265550036 0.0011982017 0.0258634184 0.9820441604 0.1868699044 -0.0061390181 -0.1867728829 0.9823839664
313.9 112.8 2336.7 0 0 0 0 0 0 0 0 0
382.2 159.6 2348.3 0 0 0 0 0 0 0 0 0
184.7 -765.9 2564.7 0 0 0 0 0 0 0 0 0
414.3 -756.7 2596.9 0 0 0 0 0 0 0 0 0
325.3 460.3 2410.1 4 0.9980726242 0.0614054389 -0.0089662401 -0.0545819998 0.9373916984 0.3439733386 0.0295267124 -0.3428209722 0.9389365911
313.0 272.0 2479.0 0.9980726242 0.0614054389 -0.0089662401 -0.0545819998 0.9373916984 0.3439733386 0.0295267124 -0.3428209722 0.9389365911
302.0 83.7 2541.7 0.9984264970 0.0550547242 -0.0106544280 -0.0488554798 0.9472823143 0.3166534007 0.0275260173 -0.3156346083 0.9484815001
172.6 278.9 2475.1 0.4403593838 -0.4329352677 -0.7865434885 0.8897098899 0.3279220462 0.3176214695 0.1204154193 -0.8396631479 0.5295903683
76.0 83.6 2448.7 -0.9006760120 -0.4329352677 -0.0367394462 -0.1193985566 0.3279220462 -0.9371291995 0.4177639484 -0.8396631479 -0.3470433652
453.4 265.2 2482.9 0.6522370577 0.6357990503 0.4127304554 -0.7400177717 0.4161429107 0.5283926129 0.1641966701 -0.6500651240 0.7419263721
586.5 114.1 2516.4 -0.7571376562 0.6357990503 0.1500072926 0.1725720018 0.4161429107 -0.8927732110 -0.6300488114 -0.6500651240 -0.4247985780
202.6 -101.9 2601.5 0.9924319386 0.0206526686 0.1210466549 -0.0036872809 0.9903226495 -0.1387351900 -0.1227404997 0.1372389048 0.9829040170
194.4 -495.6 2547.0 0.9919026494 0.0326988623 0.1227187514 -0.0409346744 0.9970321655 0.0652010888 -0.1202225462 -0.0696965829 0.9902973771
385.6 -110.8 2604.1 0.9984398484 -0.0555236004 0.0059127198 0.0558074377 0.9888150096 -0.1383128762 0.0018330433 0.1384270638 0.9903709292
407.6 -503.8 2549.1 0.9996298552 -0.0244162492 -0.0120020164 0.0261972453 0.9828691483 0.1824334711 0.0073420708 -0.1826803535 0.9831449389
312.6 115.0 2338.9 0 0 0 0 0 0 0 0 0
384.1 160.2 2347.9 0 0 0 0 0 0 0 0 0
185.5 -769.4 2566.1 0 0 0 0 0 0 0 0 0
413.9 -757.6 2596.2 0 0 0 0 0 0 0 0 0
327.3 462.1 2420.5 5 0.9980026484 0.0607152246 -0.0174450893 -0.0521276593 0.9474948049 0.3154937625 0.0356844068 -0.3139542639 0.9487673044
315.1 272.1 2483.4 0.9980026484 0.0607152246 -0.0174450893 -0.0521276593 0.9474948049 0.3154937625 0.0356844068 -0.3139542639 0.9487673044
303.8 82.4 2541.7 0.9981953502 0.0570524149 -0.0187380835 -0.0490164459 0.9543587565 0.2946129441 0.0346912332 -0.2931627631 0.9554329515
174.7 279.0 2478.5 0.4542547762 -0.4323605597 -0.7789203525 0.8814874887 0.3447105587 0.3227296174 0.1289665103 -0.8332100511 0.5377068520
75.1 85.7 2450.3 -0.9006123543 -0.4323605597 -0.0442919172 -0.1196979135 0.3447105587 -0.9310461879 0.4178155363 -0.8332100511 -0.3622032404
455.5 265.2 2488.3 0.6191569567 0.6335449219 0.4639671445 -0.7804936767 0.4314441085 0.4524219036 0.0864537060 -0.6422436237 0.7616094351
571.6 118.9 2504.5 -0.7562465072 0.6335449219 0.1634382010 0.1699651629 0.4314441085 -0.8859841228 -0.6318251491 -0.6422436237 -0.4339586794
199.5 -100.1 2602.0 0.9933997393 0.0164895579 0.1135123372 -0.0014736434 0.9913659692 -0.1311158687 -0.1146943122 0.1300832033 0.9848470092
193.0 -494.3 2550.2 0.9930197597 0.0278637931 0.1146097556 -0.0341470204 0.9979982972 0.0532297492 -0.1128971577 -0.0567717738 0.9919834733
382.6 -109.0 2607.0 0.9980286360 -0.0626956522 -0.0028523540 0.0615494177 0.9866436720 -0.1508176029 0.0122698648 0.1503447294 0.9885575175
407.5 -501.2 2547.2 0.9994217157 -0.0242715143 -0.0238143969 0.0283703450 0.9812750220 0.1905111820 0.0187444780 -0.1910766363 0.9813961387
311.7 117.2 2340.5 0 0 0 0 0 0 0 0 0
369.4 164.3 2335.6 0 0 0 0 0 0 0 0 0
185.4 -767.3 2565.8 0 0 0 0 0 0 0 0 0
413.8 -755.8 2596.8 0 0 0 0 0 0 0 0 0
325.7 469.7 2424.6 6 0.9984166026 0.0530124605 -0.0188136864 -0.0447260663 0.9509662390 0.3060438335 0.0341153182 -0.3047177792 0.9518315196
315.0 278.4 2485.9 0.9984166026 0.0530124605 -0.0188136864 -0.0447260663 0.9509662390 0.3060438335 0.0341153182 -0.3047177792 0.9518315196
304.8 88.0 2542.1 0.9984700680 0.0515389107 -0.0200310685 -0.0437498465 0.9578797221 0.2838174999 0.0338150002 -0.2825069129 0.9586690664
174.6 284.5 2481.2 0.4501860142 -0.4049595594 -0.7958267927 0.8818135858 0.3418479264 0.3248766661 0.1404898167 -0.8480257988 0.5109940171
76.1 91.7 2450.4 -0.9121467471 -0.4049595594 -0.0632143691 -0.0869193450 0.3418479264 -0.9357270002 0.4005413055 -0.8480257988 -0.3470142782
455.5 272.2 2490.7 0.5821338296 0.6390351653 0.5027467012 -0.8112927079 0.4153814912 0.4114150703 0.0540770069 -0.6473733783 0.7602521777
563.1 122.3 2500.7 -0.7533430457 0.6390351653 0.1552685201 0.1680992097 0.4153814912 -0.8939803243 -0.6357805729 -0.6473733783 -0.4203460813
200.9 -102.7 2596.8 0.9932223558 0.0167569555 0.1150155514 -0.0035217889 0.9934372306 -0.1143242344 -0.1161764637 0.1131443232 0.9867630601
194.2 -497.7 2551.8 0.9926383495 0.0341064185 0.1162148416 -0.0396980979 0.9981456399 0.0461445339 -0.1144255102 -0.0504183397 0.9921516180
384.0 -111.7 2603.1 0.9982170463 -0.0595883206 -0.0034501771 0.0585956424 0.9893168211 -0.1334871352 0.0113675920 0.1330469698 0.9910445213
407.7 -505.0 2550.2 0.9994010329 -0.0268072803 -0.0218844842 0.0303499792 0.9828100801 0.1821078062 0.0166264754 -0.1826629341 0.9830350280
315.6 114.5 2345.3 0 0 0 0 0 0 0 0 0
360.9 167.4 2330.0 0 0 0 0 0 0 0 0 0
184.9 -771.2 2565.6 0 0 0 0 0 0 0 0 0
414.5 -755.9 2596.9 0 0 0 0 0 0 0 0 0
326.4 465.9 2419.2 7 0.9986117482 0.0524043851 0.0053289826 -0.0513568297 0.9461452961 0.3196429014 0.0117086973 -0.3194728196 0.9475231171
315.9 274.8 2483.7 0.9986117482 0.0524043851 0.0053289826 -0.0513568297 0.9461452961 0.3196429014 0.0117086973 -0.3194728196 0.9475231171
306.0 85.0 2542.1 0.9987431765 0.0499647856 0.0039455756 -0.0489160009 0.9545661807 0.2939568758 0.0109211784 -0.2937804163 0.9558105469
175.4 281.7 2482.2 0.4580328166 -0.3955228925 -0.7960951924 0.8774018884 0.3449467123 0.3334331810 0.1427299678 -0.8512187600 0.5050294399
76.0 91.4 2451.2 -0.9163533449 -0.3955228925 -0.0621146448 -0.0855288878 0.3449467123 -0.9347173572 0.3911283612 -0.8512187600 -0.3499217033
456.4 267.9 2485.3 0.5524620414 0.6600264907 0.5090684295 -0.8294310570 0.3747524321 0.4142520428 0.0826426893 -0.6510956883 0.7544829845
553.4 122.2 2499.8 -0.7401223779 0.6600264907 0.1287783235 0.1758076698 0.3747524321 -0.9103034139 -0.6490843892 -0.6510956883 -0.3934004009
203.0 -98.4 2595.1 0.9902368784 0.0236095898 0.1373807639 -0.0084601426 0.9939144850 -0.1098288223 -0.1391377449 0.1075942963 0.9844105840
193.6 -493.5 2552.3 0.9897893071 0.0298260134 0.1393825412 -0.0366852395 0.9982255101 0.0469037965 -0.1377362609 -0.0515381619 0.9891271591
386.2 -106.4 2601.3 0.9983956814 -0.0531410687 0.0195482690 0.0552638285 0.9897009730 -0.1320526600 -0.0123295207 0.1329211146 0.9910499454
407.3 -499.9 2548.5 0.9995723963 -0.0291986987 0.0015857735 0.0283629764 0.9813018441 0.1903738827 -0.0071147918 -0.1902474910 0.9817103744
316.7 113.9 2348.5 0 0 0 0 0 0 0 0 0
356.6 168.9 2327.2 0 0 0 0 0 0 0 0 0
185.2 -774.1 2566.8 0 0 0 0 0 0 0 0 0
415.0 -760.4 2599.0 0 0 0 0 0 0 0 0 0
326.0 467.7 2424.0 8 0.9981903434 0.0550836436 -0.0241222233 -0.0448253676 0.9489826560 0.3121259809 0.0400846079 -0.3104798198 0.9497344494
314.9 275.9 2486.8 0.9981903434 0.0550836436 -0.0241222233 -0.0448253676 0.9489826560 0.3121259809 0.0400846079 -0.3104798198 0.9497344494
305.0 85.6 2543.5 0.9984177947 0.0501095206 -0.0255124662 -0.0407030396 0.9570848942 0.2869351804 0.0387957804 -0.2854427695 0.9576101899
174.5 281.6 2481.3 0.4617599547 -0.4150276482 -0.7839195132 0.8765661716 0.3487025797 0.3317202032 0.1356817037 -0.8403323889 0.5248160958
75.4 93.6 2452.2 -0.9068567157 -0.4150276482 -0.0732321665 -0.0842064172 0.3487025797 -0.9334429502 0.4129408896 -0.8403323889 -0.3511712849
455.3 270.1 2492.2 0.5250526667 0.6701443195 0.5246201754 -0.8502911329 0.3866941631 0.3570330441 0.0363961048 -0.6335410476 0.7728525400
547.0 121.8 2498.6 -0.7290981412 0.6701443195 0.1390056312 0.1831042618 0.3866941631 -0.9038475752 -0.6594609618 -0.6335410476 -0.4046442509
204.5 -100.2 2599.5 0.9935633540 0.0256076381 0.1103453115 -0.0118379686 0.9922516346 -0.1236794516 -0.1126574501 0.1215771064 0.9861679673
194.3 -494.7 2551.2 0.9930551648 0.0322894305 0.1131317392 -0.0385087170 0.9978396893 0.0532265119 -0.1111686900 -0.0572134256 0.9921532869
387.7 -109.2 2601.5 0.9988298416 -0.0478260554 -0.0071831173 0.0463378429 0.9889253378 -0.1409944296 0.0138467746 0.1404965967 0.9899843335
406.7 -502.4 2545.6 0.9992118478 -0.0324988328 -0.0227939691 0.0363840833 0.9794175625 0.1985383630 0.0158725474 -0.1992112249 0.9798280001
313.6 115.7 2343.7 0 0 0 0 0 0 0 0 0
353.7 170.3 2323.8 0 0 0 0 0 0 0 0 0
185.2 -775.9 2567.3 0 0 0 0 0 0 0 0 0
415.2 -758.3 2597.7 0 0 0 0 0 0 0 0 0
326.6 468.1 2427.4 9 0.9972588420 0.0631229728 -0.0386041924 -0.0484079719 0.9511863589 0.3047968745 0.0559594668 -0.3020926118 0.9516347051
313.8 275.9 2488.4 0.9972588420 0.0631229728 -0.0386041924 -0.0484079719 0.9511863589 0.3047968745 0.0559594668 -0.3020926118 0.9516347051
302.7 85.3 2544.0 0.9976159334 0.0562152490 -0.0400285982 -0.0426938124 0.9584629536 0.2820035219 0.0542188287 -0.2796222568 0.9585779905
173.5 281.9 2480.8 0.4612002075 -0.4359587729 -0.7728093863 0.8774391413 0.3535493910 0.3241965473 0.1318899691 -0.8276126981 0.5455843210
75.1 94.7 2452.7 -0.8957577944 -0.4359587729 -0.0869363770 -0.0816309303 0.3535493910 -0.9318472147 0.4369832575 -0.8276126981 -0.3522823453
454.2 269.9 2496.1 0.5155649185 0.6731527448 0.5301492214 -0.8568046689 0.3986090720 0.3271033764 0.0088682575 -0.6228773594 0.7822692394
543.9 120.7 2497.6 -0.7254981399 0.6731527448 0.1432402730 0.1928226501 0.3986090720 -0.8966215849 -0.6606601477 -0.6228773594 -0.4189892411
203.5 -100.9 2596.7 0.9951937795 0.0239435881 0.0949527919 -0.0126992632 0.9930151105 -0.1173016354 -0.0970981866 0.1155320257 0.9885465503
194.0 -495.7 2550.7 0.9946482778 0.0338109732 0.0976301655 -0.0390029028 0.9978970885 0.0517698415 -0.0956744701 -0.0553006455 0.9938753843
386.6 -108.4 2603.8 0.9984990358 -0.0498199016 -0.0227518994 0.0458613224 0.9876320362 -0.1499321908 0.0299401116 0.1486637145 0.9884344935
406.4 -501.0 2544.7 0.9987280965 -0.0328394249 -0.0382593125 0.0396268182 0.9804189801 0.1928947568 0.0311756041 -0.1941654980 0.9804732800
310.3 116.2 2337.9 0 0 0 0 0 0 0 0 0
352.8 171.5 2323.6 0 0 0 0 0 0 0 0 0
184.6 -772.0 2566.1 0 0 0 0 0 0 0 0 0
415.0 -757.5 2595.5 0 0 0 0 0 0 0 0 0
325.4 470.8 2428.6 0 0.9977018237 0.0675166398 -0.0057119266 -0.0626702532 0.9515533447 0.3010294437 0.0257596988 -0.2999796569 0.9535977244
311.8 278.7 2489.1 0.9977018237 0.0675166398 -0.0057119266 -0.0626702532 0.9515533447 0.3010294437 0.0257596988 -0.2999796569 0.9535977244
299.4 88.0 2544.0 0.9980387092 0.0621655844 -0.0073634074 -0.0577064306 0.9592232704 0.2766960263 0.0242641214 -0.2757284343 0.9609292746
171.4 286.8 2485.7 0.4389833510 -0.4466182590 -0.7796317935 0.8859387636 0.3597154021 0.2927752435 0.1496868134 -0.8192294836 0.5535854697
75.1 92.3 2452.9 -0.8921070695 -0.4466182590 -0.0683891550 -0.1090468019 0.3597154021 -0.9266680479 0.4384674728 -0.8192294836 -0.3696069717
452.1 270.6 2492.6 0.5026038289 0.6859650016 0.5261571407 -0.8642381430 0.3832178116 0.3259395063 0.0219503120 -0.6185435057 0.7854439020
539.2 120.8 2496.4 -0.7159423232 0.6859650016 0.1299174428 0.2036880553 0.3832178116 -0.9009191394 -0.6677857041 -0.6185435057 -0.4140847325
200.0 -101.3 2594.6 0.9923854470 0.0114502516 0.1226378754 0.0032555410 0.9928834438 -0.1190457344 -0.1231282204 0.1185385063 0.9852857590
195.5 -496.0 2547.5 0.9915919900 0.0410746299 0.1227116734 -0.0487413481 0.9969990849 0.0601423196 -0.1198731065 -0.0656177774 0.9906183481
383.0 -109.1 2604.6 0.9981210828 -0.0611682311 0.0035650479 0.0610713176 0.9884604216 -0.1386228949 0.0049554082 0.1385801584 0.9903388023
407.3 -502.1 2549.5 0.9994413257 -0.0292499214 -0.0161698982 0.0317342468 0.9823132157 0.1845362633 0.0104862330 -0.1849462986 0.9826926589
309.3 121.0 2337.7 0 0 0 0 0 0 0 0 0
352.3 174.0 2322.0 0 0 0 0 0 0 0 0 0
184.1 -773.1 2565.7 0 0 0 0 0 0 0 0 0
415.0 -757.7 2597.6 0 0 0 0 0 0 0 0 0
322.7 471.6 2421.2 1 0.9978350997 0.0657074675 0.0027683512 -0.0630741641 0.9442291260 0.3231918514 0.0186221600 -0.3226667643 0.9463294148
309.4 280.3 2486.5 0.9978350997 0.0657074675 0.0027683512 -0.0630741641 0.9442291260 0.3231918514 0.0186221600 -0.3226667643 0.9463294148
297.5 90.7 2544.9 0.9981881380 0.0601641573 0.0008342093 -0.0577496514 0.9540521502 0.2940228879 0.0168937594 -0.2935383320 0.9557980299
169.0 288.4 2484.2 0.4293229282 -0.4625515938 -0.7757111788 0.8944835067 0.3364762962 0.2944196463 0.1248241365 -0.8202619553 0.5582017899
75.0 92.7 2456.8 -0.8847222328 -0.4625515938 -0.0575550720 -0.1151152030 0.3364762962 -0.9346294403 0.4516802728 -0.8202619553 -0.3509347737
449.9 272.2 2488.9 0.5052320361 0.6820642948 0.5287048817 -0.8623639941 0.3758167028 0.3392493427 0.0326937474 -0.6273356676 0.7780623436
538.7 120.6 2494.7 -0.7227377892 0.6820642948 0.1115274727 0.2155900896 0.3758167028 -0.9012672901 -0.6566361189 -0.6273356676 -0.4186632335
195.6 -97.4 2596.6 0.9914116859 0.0004994125 0.1307768673 0.0153243588 0.9926599860 -0.1199638397 -0.1298768818 0.1209376231 0.9841270447
195.4 -492.0 2548.5 0.9909827709 0.0366662368 0.1288747936 -0.0439738780 0.9975547194 0.0543223098 -0.1265678555 -0.0594995990 0.9901719093
378.6 -108.0 2601.0 0.9971426129 -0.0746072382 0.0118492683 0.0754924342 0.9898498058 -0.1204086170 -0.0027456409 0.1209590882 0.9926536679
408.2 -501.4 2552.9 0.9996665120 -0.0236480683 -0.0103756646 0.0250864737 0.9846255779 0.1728672981 0.0061281673 -0.1730699390 0.9848904610
307.4 122.9 2338.2 0 0 0 0 0 0 0 0 0
350.5 176.7 2323.7 0 0 0 0 0 0 0 0 0
185.3 -767.0 2564.9 0 0 0 0 0 0 0 0 0
414.4 -757.8 2598.0 0 0 0 0 0 0 0 0 0
320.2 471.3 2418.0 2 0.9980933070 0.0587753989 0.0188459065 -0.0616882443 0.9396677017 0.3364804983 0.0020678861 -0.3370015025 0.9415018559
308.3 280.8 2486.3 0.9980933070 0.0587753989 0.0188459065 -0.0616882443 0.9396677017 0.3364804983 0.0020678861 -0.3370015025 0.9415018559
297.2 91.9 2547.1 0.9982890487 0.0559608117 0.0169527251 -0.0584642068 0.9504621029 0.3052927852 0.0009715105 -0.3057615757 0.9521076083
167.8 289.0 2486.2 0.4216408432 -0.4483338594 -0.7881724238 0.8957034349 0.3412732780 0.2850401700 0.1411890239 -0.8261533380 0.5454689264
75.1 92.0 2455.1 -0.8922914267 -0.4483338594 -0.0530360043 -0.1160312667 0.3412732780 -0.9327750802 0.4362944067 -0.8261533380 -0.3565359414
448.7 272.5 2486.5 0.5219103098 0.6646487117 0.5346510410 -0.8528658152 0.3954699039 0.3409156501 0.0151507510 -0.6339129806 0.7732559443
542.1 120.0 2489.2 -0.7388281226 0.6646487117 0.1112432778 0.2215550542 0.3954699039 -0.8913567662 -0.6364325285 -0.6339129806 -0.4394405782
194.0 -93.7 2601.7 0.9891107678 -0.0056091128 0.1470660567 0.0238170493 0.9922022223 -0.1223418042 -0.1452330351 0.1245122775 0.9815315008
196.2 -488.2 2552.2 0.9888201356 0.0374973007 0.1443216354 -0.0431649126 0.9984067678 0.0363408811 -0.1427290142 -0.0421642251 0.9888632894
377.1 -104.3 2604.8 0.9964231849 -0.0792310908 0.0293820463 0.0822695941 0.9889746904 -0.1231288984 -0.0193024632 0.1251057386 0.9919556379
408.6 -497.4 2555.1 0.9997380376 -0.0222374015 0.0054133562 0.0210325327 0.9859336615 0.1658084989 -0.0090243602 -0.1656512171 0.9861431122
309.4 122.5 2340.5 0 0 0 0 0 0 0 0 0
349.4 177.8 2323.2 0 0 0 0 0 0 0 0 0
185.8 -765.5 2563.9 0 0 0 0 0 0 0 0 0
414.5 -758.6 2598.9 0 0 0 0 0 0 0 0 0
321.8 469.7 2425.9 3 0.9973312020 0.0660979077 0.0310093742 -0.0725389123 0.9452649355 0.3181387782 -0.0082837669 -0.3195390999 0.9475368857
308.5 278.5 2490.5 0.9973312020 0.0660979077 0.0310093742 -0.0725389123 0.9452649355 0.3181387782 -0.0082837669 -0.3195390999 0.9475368857
296.3 88.7 2548.4 0.9976920485 0.0613393150 0.0291209016 -0.0671585351 0.9546722174 0.2899839282 -0.0100135012 -0.2912703753 0.9565883875
168.1 287.9 2491.9 0.4166350961 -0.4596988857 -0.7842780948 0.8928881884 0.3690046072 0.2580431104 0.1707801074 -0.8077824712 0.5641999841
75.0 88.4 2453.8 -0.8866737485 -0.4596988857 -0.0498656295 -0.1396348476 0.3690046072 -0.9188784957 0.4408080876 -0.8077824712 -0.3913767040
448.8 269.0 2489.1 0.5409228802 0.6527513862 0.5303942561 -0.8409019709 0.4324079156 0.3254339099 -0.0169192404 -0.6220442057 0.7827993035
545.3 119.1 2486.1 -0.7457162142 0.6527513862 0.1335026920 0.2220491171 0.4324079156 -0.8739093542 -0.6281731725 -0.6220442057 -0.4673964679
194.5 -91.7 2607.8 0.9878037572 -0.0004432223 0.1557035297 0.0241080690 0.9883720875 -0.1501313001 -0.1538264751 0.1520539671 0.9763283134
194.7 -484.5 2547.3 0.9878977537 0.0303776078 0.1521028429 -0.0401880890 0.9972763062 0.0618453436 -0.1498098522 -0.0672095940 0.9864278436
377.7 -102.4 2608.0 0.9964827299 -0.0745196268 0.0383274853 0.0792369694 0.9867526889 -0.1415648907 -0.0272703860 0.1441039294 0.9891867042
407.3 -494.7 2550.7 0.9994237423 -0.0314782113 0.0126998769 0.0287022758 0.9834539294 0.1788703352 -0.0181202609 -0.1784027517 0.9837906957
307.8 125.1 2338.0 0 0 0 0 0 0 0 0 0
348.4 177.7 2320.3 0 0 0 0 0 0 0 0 0
186.0 -769.4 2566.5 0 0 0 0 0 0 0 0 0
415.9 -762.9 2599.3 0 0 0 0 0 0 0 0 0
320.7 475.6 2427.3 4 0.9966704249 0.0676754415 0.0454760902 -0.0786146522 0.9455615282 0.3158054650 -0.0216281656 -0.3183290660 0.9477335215
306.9 283.8 2491.9 0.9966704249 0.0676754415 0.0454760902 -0.0786146522 0.9455615282 0.3158054650 -0.0216281656 -0.3183290660 0.9477335215
294.3 93.8 2549.1 0.9970463514 0.0633837283 0.0433714390 -0.0731614828 0.9556494951 0.2852743864 -0.0233661402 -0.2876048982 0.9574640989
166.6 294.1 2495.2 0.3999878764 -0.4573103189 -0.7942776680 0.9006380439 0.3567566276 0.2481447309 0.1698846817 -0.8146115541 0.5545694232
75.1 87.9 2456.3 -0.8882358670 -0.4573103189 -0.0436389409 -0.1382855922 0.3567566276 -0.9239057302 0.4380801022 -0.8146115541 -0.3801234663
447.2 273.5 2488.6 0.5532694459 0.6483803391 0.5229682922 -0.8330019116 0.4300099313 0.3481368423 0.0008435196 -0.6282470822 0.7780134082
550.1 118.7 2488.8 -0.7492084503 0.6483803391 0.1352392733 0.2138069123 0.4300099313 -0.8771420121 -0.6268758178 -0.6282470822 -0.4607952535
192.5 -94.9 2607.2 0.9858565331 -0.0052511301 0.1675091237 0.0306363348 0.9883134961 -0.1493248045 -0.1647673994 0.1523447037 0.9744961858
194.6 -487.8 2546.7 0.9861471653 0.0322243199 0.1627125293 -0.0425738804 0.9972583652 0.0605247617 -0.1603160650 -0.0666136295 0.9848154187
375.6 -107.2 2605.4 0.9955824614 -0.0797904655 0.0494882613 0.0858131722 0.9871573448 -0.1347458661 -0.0381012671 0.1383973658 0.9896436334
407.3 -499.6 2550.4 0.9992781281 -0.0309209190 0.0220701117 0.0264362488 0.9832114577 0.1805444509 -0.0272821877 -0.1798306853 0.9833191633
308.4 124.2 2341.2 0 0 0 0 0 0 0 0 0
347.3 176.5 2319.2 0 0 0 0 0 0 0 0 0
185.6 -768.1 2565.4 0 0 0 0 0 0 0 0 0
415.5 -760.6 2598.1 0 0 0 0 0 0 0 0 0
321.3 478.8 2428.1 5 0.9967980981 0.0686956868 0.0409206524 -0.0781272277 0.9456887245 0.3155454397 -0.0170215890 -0.3177321255 0.9480277300
307.3 286.7 2492.6 0.9967980981 0.0686956868 0.0409206524 -0.0781272277 0.9456887245 0.3155454397 -0.0170215890 -0.3177321255 0.9480277300
294.2 96.7 2549.8 0.9970728159 0.0658872947 0.0387899093 -0.0742460117 0.9555147886 0.2854452431 -0.0182571188 -0.2874896824 0.9576097131
167.0 297.1 2495.2 0.4030328691 -0.4498938918 -0.7969692349 0.9005713463 0.3499647379 0.2578679919 0.1628979146 -0.8216569424 0.5462088585
75.2 92.0 2458.1 -0.8913736343 -0.4498938918 -0.0552134216 -0.1190799251 0.3499647379 -0.9291633964 0.4373476803 -0.8216569424 -0.3655226827
447.6 276.3 2490.0 0.5678409338 0.6396715045 0.5180512071 -0.8230234385 0.4307010472 0.3703093827 0.0137511790 -0.6366450787 0.7710343003
556.2 118.8 2492.7 -0.7570483685 0.6396715045 0.1330343485 0.2096687853 0.4307010472 -0.8778015971 -0.6188026667 -0.6366450787 -0.4601806700
190.2 -89.4 2608.4 0.9866399765 -0.0133251464 0.1623700112 0.0379474722 0.9880328178 -0.1495030522 -0.1584347337 0.1536672264 0.9753382802
195.5 -482.2 2547.3 0.9872076511 0.0327997468 0.1560294479 -0.0425639302 0.9973111749 0.0596546531 -0.1536532640 -0.0655327588 0.9859493375
373.2 -102.8 2604.1 0.9953138828 -0.0859604776 0.0442842133 0.0912027359 0.9867022634 -0.1345388144 -0.0321303122 0.1379472017 0.9899182916
407.4 -495.1 2549.3 0.9994795918 -0.0284322631 0.0152371144 0.0252250060 0.9833062887 0.1802010685 -0.0201062746 -0.1797229350 0.9835117459
309.3 123.3 2343.2 0 0 0 0 0 0 0 0 0
346.6 176.9 2321.3 0 0 0 0 0 0 0 0 0
186.1 -770.2 2566.2 0 0 0 0 0 0 0 0 0
415.0 -758.9 2597.5 0 0 0 0 0 0 0 0 0
321.3 480.5 2436.4 6 0.9974502921 0.0628473833 0.0338094644 -0.0703064054 0.9466612935 0.3144668043 -0.0122426953 -0.3160420358 0.9486662149
308.5 287.8 2500.8 0.9974502921 0.0628473833 0.0338094644 -0.0703064054 0.9466612935 0.3144668043 -0.0122426953 -0.3160420358 0.9486662149
296.5 97.6 2557.3 0.9976804256 0.0602092147 0.0317591354 -0.0667470321 0.9568682313 0.2827507854 -0.0133651029 -0.2842147648 0.9586674571
168.1 297.2 2502.6 0.3717007935 -0.4204346538 -0.8276914954 0.9034923315 0.3687750399 0.2184183449 0.2134013325 -0.8289992213 0.5169334412
84.3 93.4 2454.5 -0.9046656489 -0.4204346538 -0.0693885759 -0.1005078405 0.3687750399 -0.9240688086 0.4140993357 -0.8289992213 -0.3758750856
448.9 278.4 2498.9 0.5307717919 0.6591700315 0.5327064991 -0.8475093842 0.4150647819 0.3308309317 -0.0030338867 -0.6270694733 0.7789574265
549.7 117.5 2498.3 -0.7406147718 0.6591700315 0.1303250194 0.2138093114 0.4150647819 -0.8843114972 -0.6370049119 -0.6270694733 -0.4483398199
189.6 -86.4 2608.6 0.9872462153 -0.0143707078 0.1585510671 0.0391599797 0.9872390032 -0.1543554217 -0.1543096155 0.1585956663 0.9752107263
195.3 -478.9 2545.5 0.9880444407 0.0313425474 0.1509497911 -0.0434728861 0.9960252047 0.0777422264 -0.1479131579 -0.0833749995 0.9854797125
372.6 -100.0 2605.2 0.9954003096 -0.0867699981 0.0406100973 0.0916940570 0.9856911898 -0.1414393187 -0.0277563278 0.1445124447 0.9891136289
407.1 -491.9 2547.8 0.9995870590 -0.0271270499 0.0094793309 0.0247739181 0.9806818366 0.1940345019 -0.0145597914 -0.1937195361 0.9809489250
320.7 119.7 2346.3 0 0 0 0 0 0 0 0 0
342.3 177.4 2319.9 0 0 0 0 0 0 0 0 0
186.1 -771.6 2570.0 0 0 0 0 0 0 0 0 0
414.5 -760.7 2600.9 0 0 0 0 0 0 0 0 0
318.8 479.4 2442.6 7 0.9984694719 0.0552629381 0.0021769358 -0.0531906448 0.9487575293 0.3114963174 0.0151488166 -0.3111353517 0.9502448440
307.5 285.7 2506.1 0.9984694719 0.0552629381 0.0021769358 -0.0531906448 0.9487575293 0.3114963174 0.0151488166 -0.3111353517 0.9502448440
297.3 95.1 2561.6 0.9986795783 0.0513705760 0.0003728089 -0.0494313873 0.9589540362 0.2792198360 0.0139861768 -0.2788695693 0.9602271318
167.0 292.7 2504.2 0.3432176113 -0.4030184448 -0.8483971953 0.9065997601 0.3782576621 0.1870776862 0.2455169857 -0.8333650231 0.4952011108
91.5 93.1 2450.1 -0.9124101400 -0.4030184448 -0.0713015571 -0.0951220691 0.3782576621 -0.9208001494 0.3980698287 -0.8333650231 -0.3834620714
448.0 278.8 2508.1 0.5263286233 0.6641460657 0.5309314132 -0.8499056101 0.4294872582 0.3052886724 -0.0252720118 -0.6119237542 0.7905129194
547.7 117.7 2503.3 -0.7324781418 0.6641460657 0.1496186554 0.2100133002 0.4294872582 -0.8783137798 -0.6475879550 -0.6119237542 -0.4540695548
193.0 -86.5 2615.0 0.9908510447 -0.0108518153 0.1345228702 0.0335144512 0.9853241444 -0.1673713326 -0.1307323575 0.1703485250 0.9766731262
197.3 -478.3 2547.3 0.9908430576 0.0417299345 0.1284079552 -0.0502751805 0.9966800213 0.0640413910 -0.1253091991 -0.0699106976 0.9896515012
376.1 -98.8 2612.5 0.9968425035 -0.0773998201 0.0177283753 0.0792711228 0.9829719067 -0.1657777727 -0.0045953239 0.1666596830 0.9860037565
406.9 -489.5 2546.3 0.9994980097 -0.0296202097 -0.0112401797 0.0312611237 0.9796704650 0.1981627941 0.0051420485 -0.1984147131 0.9801046848
328.3 117.8 2346.8 0 0 0 0 0 0 0 0 0
341.4 176.8 2320.9 0 0 0 0 0 0 0 0 0
185.1 -769.5 2567.7 0 0 0 0 0 0 0 0 0
415.1 -761.6 2601.4 0 0 0 0 0 0 0 0 0
318.5 479.7 2444.2 8 0.9985948801 0.0528634042 0.0037065824 -0.0513696931 0.9484508038 0.3127334118 0.0130166421 -0.3124844134 0.9498336911
307.7 286.0 2508.0 0.9985948801 0.0528634042 0.0037065824 -0.0513696931 0.9484508038 0.3127334118 0.0130166421 -0.3124844134 0.9498336911
298.0 95.4 2563.3 0.9988003373 0.0489312597 0.0018882008 -0.0475187413 0.9592145681 0.2786563635 0.0118238172 -0.2784118056 0.9603890181
167.2 292.7 2506.3 0.3244294524 -0.3922512233 -0.8607465029 0.9056255221 0.3915354908 0.1629182547 0.2731079161 -0.8323694468 0.4822583497
95.0 91.1 2445.5 -0.9173099399 -0.3922512233 -0.0684210956 -0.0991906598 0.3915354908 -0.9148011804 0.3856211603 -0.8323694468 -0.3980670571
448.3 279.3 2509.7 0.5201576352 0.6671404243 0.5332538486 -0.8538252711 0.4211483598 0.3059681058 -0.0204552989 -0.6144572496 0.7886849046
546.7 117.8 2505.8 -0.7306035757 0.6671404243 0.1454032362 0.2089116573 0.4211483598 -0.8826041222 -0.6500571966 -0.6144572496 -0.4470658898
195.5 -91.0 2615.8 0.9905762076 -0.0004833392 0.1369616687 0.0243100617 0.9847362041 -0.1723475456 -0.1347878128 0.1740529239 0.9754679799
195.7 -482.5 2546.6 0.9904307127 0.0373254605 0.1328678727 -0.0467156693 0.9965724349 0.0682716295 -0.1298641860 -0.0738253295 0.9887796044
378.7 -100.1 2618.3 0.9972761273 -0.0706189051 0.0212895554 0.0733142495 0.9807043076 -0.1812294573 -0.0080805328 0.1822966486 0.9832103848
406.7 -489.9 2545.9 0.9995016456 -0.0308712907 -0.0065876739 0.0315643735 0.9797640443 0.1976515204 0.0003526084 -0.1977609545 0.9802502394
332.5 116.7 2345.7 0 0 0 0 0 0 0 0 0
340.3 176.8 2322.2 0 0 0 0 0 0 0 0 0
185.0 -767.3 2567.7 0 0 0 0 0 0 0 0 0
415.2 -756.9 2599.8 0 0 0 0 0 0 0 0 0
318.6 476.3 2447.0 9 0.9980664849 0.0606441647 -0.0136224274 -0.0534591079 0.9493622184 0.3096022606 0.0317081884 -0.3082754016 0.9507685900
306.2 282.9 2509.8 0.9980664849 0.0606441647 -0.0136224274 -0.0534591079 0.9493622184 0.3096022606 0.0317081884 -0.3082754016 0.9507685900
295.5 92.1 2564.8 0.9984236360 0.0539314970 -0.0155432215 -0.0475084819 0.9595210552 0.2776009440 0.0298854820 -0.2764249146 0.9605707526
165.7 289.6 2505.6 0.3072144985 -0.3996738493 -0.8636434674 0.9076629877 0.3957583606 0.1397254616 0.2859494984 -0.8268229365 0.4843518734
98.6 91.4 2443.2 -0.9133273363 -0.3996738493 -0.0780636743 -0.0951133892 0.3957583606 -0.9134159684 0.3959628344 -0.8268229365 -0.3994712532
446.7 276.2 2514.0 0.5319319963 0.6657902598 0.5232319236 -0.8459646106 0.4450544119 0.2937182486 -0.0373119190 -0.5988738537 0.7999737263
546.2 117.9 2507.0 -0.7270457149 0.6657902598 0.1677135825 0.2065545470 0.4450544119 -0.8713563085 -0.6547822356 -0.5988738537 -0.4610969126
196.7 -91.0 2617.6 0.9928581715 0.0032205014 0.1192570031 0.0191769786 0.9823279381 -0.1861828417 -0.1177490950 0.1871401519 0.9752506018
195.4 -481.5 2543.2 0.9926115870 0.0357137918 0.1159603074 -0.0448078066 0.9960401058 0.0767881870 -0.1127587184 -0.0814167708 0.9902811646
379.9 -99.7 2619.8 0.9976432323 -0.0685304776 0.0034041565 0.0680087730 0.9810312390 -0.1815284342 0.0091006467 0.1813321263 0.9833797812
407.2 -489.7 2547.7 0.9993520379 -0.0286028553 -0.0218501408 0.0322253853 0.9814174175 0.1891595870 0.0160336047 -0.1897411495 0.9817032218
334.3 115.9 2341.0 0 0 0 0 0 0 0 0 0
340.5 176.4 2321.8 0 0 0 0 0 0 0 0 0
185.1 -767.8 2566.6 0 0 0 0 0 0 0 0 0
414.9 -756.5 2599.3 0 0 0 0 0 0 0 0 0
317.7 475.7 2446.9 0 0.9974970222 0.0610231422 -0.0357197374 -0.0465994701 0.9472799301 0.3170002997 0.0531809442 -0.3145423234 0.9477525353
305.3 282.5 2511.1 0.9974970222 0.0610231422 -0.0357197374 -0.0465994701 0.9472799301 0.3170002997 0.0531809442 -0.3145423234 0.9477525353
295.0 91.9 2567.0 0.9979486465 0.0517253540 -0.0377222970 -0.0389661640 0.9582822323 0.2831550241 0.0507949032 -0.2811042964 0.9583320022
164.9 287.9 2503.9 0.2948886752 -0.4038418531 -0.8659979105 0.9105603099 0.3935296834 0.1265478283 0.2896905839 -0.8258608580 0.4837698042
101.0 90.6 2441.1 -0.9114704728 -0.4038418531 -0.0783158913 -0.0958001539 0.3935296834 -0.9143067002 0.4000549316 -0.8258608580 -0.3973788023
445.7 277.0 2518.2 0.5382769108 0.6706556082 0.5103714466 -0.8421220183 0.4517276883 0.2945719361 -0.0329926088 -0.5883563161 0.8079284430
548.5 116.1 2511.9 -0.7208099365 0.6706556082 0.1750832051 0.2096625119 0.4517276883 -0.8671699166 -0.6606622934 -0.5883563161 -0.4662211537
193.2 -94.3 2617.0 0.9949240685 -0.0026829033 0.1005927622 0.0212312862 0.9827381372 -0.1837798804 -0.0983632803 0.1849827319 0.9778067470
194.3 -485.0 2543.4 0.9948163033 0.0326290168 0.0963110551 -0.0406322852 0.9957754612 0.0823424235 -0.0932174250 -0.0858289301 0.9919394851
376.4 -103.0 2622.5 0.9969470501 -0.0768178999 -0.0139852446 0.0726575851 0.9782895446 -0.1940887123 0.0285911057 0.1924800426 0.9808843136
406.9 -491.9 2545.9 0.9986879230 -0.0290974677 -0.0421393588 0.0366898030 0.9806294441 0.1924051344 0.0357245952 -0.1936987638 0.9804103971
335.8 115.3 2338.1 0 0 0 0 0 0 0 0 0
344.4 175.5 2324.9 0 0 0 0 0 0 0 0 0
185.0 -767.7 2567.8 0 0 0 0 0 0 0 0 0
414.8 -757.7 2598.4 0 0 0 0 0 0 0 0 0
318.7 477.4 2446.8 1 0.9979331493 0.0626629665 0.0142381024 -0.0639826432 0.9483555555 0.3106895685 0.0059659472 -0.3109584153 0.9504047632
306.0 283.9 2510.3 0.9979331493 0.0626629665 0.0142381024 -0.0639826432 0.9483555555 0.3106895685 0.0059659472 -0.3109584153 0.9504047632
295.3 93.2 2565.3 0.9984925985 0.0535217077 0.0121653099 -0.0547972322 0.9594059587 0.2766541541 0.0031355324 -0.2769037485 0.9608925581
165.6 291.6 2509.8 0.2874533236 -0.4009117186 -0.8698507547 0.9071344733 0.4054078162 0.1129228920 0.3073721826 -0.8215316534 0.4802166522
101.5 89.3 2441.3 -0.9128165245 -0.4009117186 -0.0776903853 -0.1007274017 0.4054078162 -0.9085694551 0.3957524300 -0.8215316534 -0.4104457498
446.3 276.2 2510.7 0.5303716063 0.6846432090 0.4999696314 -0.8477427363 0.4240049124 0.3186724484 0.0061873551 -0.5928604007 0.8052814603
545.8 117.1 2511.9 -0.7115966678 0.6846432090 0.1577776521 0.2127583474 0.4240049124 -0.8803145289 -0.6695998907 -0.5928604007 -0.4473840594
193.2 -95.0 2618.2 0.9895828366 -0.0008487094 0.1439621300 0.0271678288 0.9831163883 -0.1809533983 -0.1413779408 0.1829795241 0.9728981256
193.5 -485.9 2545.4 0.9897911549 0.0311982110 0.1390689462 -0.0417374633 0.9964197278 0.0735236704 -0.1362772435 -0.0785774589 0.9875495434
376.2 -102.1 2627.5 0.9966184497 -0.0768276304 0.0291399471 0.0810829252 0.9769835472 -0.1973034441 -0.0133108934 0.1989990175 0.9799093008
406.8 -490.6 2548.4 0.9994286895 -0.0337459520 -0.0018738484 0.0335127339 0.9822832942 0.1843811572 -0.0043814676 -0.1843386143 0.9828530550
336.6 115.3 2339.4 0 0 0 0 0 0 0 0 0
348.9 176.0 2326.6 0 0 0 0 0 0 0 0 0
184.7 -768.3 2567.7 0 0 0 0 0 0 0 0 0
416.1 -760.9 2599.1 0 0 0 0 0 0 0 0 0
317.8 476.1 2449.3 2 0.9978112578 0.0645825714 0.0142031712 -0.0658446774 0.9505886436 0.3033904135 0.0060923598 -0.3036615849 0.9527604580
304.6 282.2 2511.2 0.9978112578 0.0645825714 0.0142031712 -0.0658446774 0.9505886436 0.3033904135 0.0060923598 -0.3036615849 0.9527604580
293.6 91.2 2565.1 0.9983778000 0.0556258745 0.0121459672 -0.0568357967 0.9609911442 0.2706763148 0.0033844395 -0.2709275484 0.9625937939
164.2 290.2 2510.8 0.2833182514 -0.3986246884 -0.8722552061 0.9050261974 0.4120220542 0.1056666523 0.3172670305 -0.8193510771 0.4774991572
101.9 91.2 2441.0 -0.9130370617 -0.3986246884 -0.0863811374 -0.0941420272 0.4120220542 -0.9062974453 0.3968634903 -0.8193510771 -0.4137187302
445.0 274.2 2511.7 0.5223782659 0.6980151534 0.4897915721 -0.8526241183 0.4192296267 0.3118953109 0.0123725133 -0.5805354714 0.8141409755
540.2 118.9 2514.0 -0.6957078576 0.6980151534 0.1696037650 0.2050081640 0.4192296267 -0.8844310045 -0.6884491444 -0.5805354714 -0.4347601533
193.1 -92.5 2620.1 0.9897170067 -0.0027674981 0.1430124789 0.0300373528 0.9815408587 -0.1888790876 -0.1398498714 0.1912325621 0.9715307951
194.2 -482.8 2544.1 0.9900931120 0.0308140963 0.1369894743 -0.0423745215 0.9957071543 0.0822903216 -0.1338656843 -0.0872799456 0.9871485233
376.1 -102.6 2620.7 0.9969230890 -0.0735903531 0.0269964896 0.0773697793 0.9790747166 -0.1882194579 -0.0125804441 0.1897290349 0.9817559123
405.4 -491.8 2545.3 0.9993196130 -0.0367713645 -0.0028510746 0.0366159156 0.9798844457 0.1961778253 -0.0044200025 -0.1961487532 0.9805641770
336.7 115.4 2338.9 0 0 0 0 0 0 0 0 0
349.9 175.0 2325.6 0 0 0 0 0 0 0 0 0
185.4 -770.0 2569.3 0 0 0 0 0 0 0 0 0
415.4 -759.9 2598.9 0 0 0 0 0 0 0 0 0
318.4 478.7 2447.0 3 0.9963194132 0.0686378479 0.0513471551 -0.0813689753 0.9456980228 0.3146972060 -0.0269587636 -0.3177170157 0.9478022456
304.4 285.8 2511.8 0.9963194132 0.0686378479 0.0513471551 -0.0813689753 0.9456980228 0.3146972060 -0.0269587636 -0.3177170157 0.9478022456
293.3 95.3 2567.5 0.9972159863 0.0563009866 0.0488919578 -0.0677041411 0.9584009051 0.2772794068 -0.0312469918 -0.2798176706 0.9595445395
164.2 295.3 2516.2 0.2728823423 -0.3791686296 -0.8841755390 0.8952421546 0.4365862906 0.0890727416 0.3522453010 -0.8158575892 0.4585844278
101.9 90.9 2435.8 -0.9213698506 -0.3791686296 -0.0854913667 -0.0966732278 0.4365862906 -0.8944532871 0.3764730096 -0.8158575892 -0.4389128685
444.6 276.3 2507.4 0.5234720111 0.6926739812 0.4961650670 -0.8519020677 0.4149046540 0.3195574582 0.0154879587 -0.5899634361 0.8072813749
540.8 119.7 2510.3 -0.7023077011 0.6926739812 0.1642151326 0.2017633766 0.4149046540 -0.8872122765 -0.6826825142 -0.5899634361 -0.4311469793
190.9 -94.7 2618.7 0.9845188260 -0.0077790958 0.1751060486 0.0393226966 0.9833523631 -0.1774030328 -0.1708109230 0.1815422624 0.9684348106
