314.8 473.1 2430.1 4 0.9860141873 0.0655974746 0.1532090604 -0.1126733273 0.9397437572 0.3227790892 -0.1228037700 -0.3355273306 0.9339917898
301.4 282.3 2498.2 0.9860141873 0.0655974746 0.1532090604 -0.1126733273 0.9397437572 0.3227790892 -0.1228037700 -0.3355273306 0.9339917898
288.2 93.2 2558.0 0.9863375425 0.0662919506 0.1508099735 -0.1080367565 0.9514019489 0.2883788943 -0.1243637055 -0.3007319570 0.9455654025
162.7 297.5 2515.7 0.3957332075 -0.4532880485 -0.7987021804 0.8858453035 0.4177996516 0.2017958909 0.2422258109 -0.7873839140 0.5668802857
64.6 78.1 2455.7 -0.8845055699 -0.4532880485 -0.1103624329 -0.1014602706 0.4177996516 -0.9028561711 0.4553633034 -0.7873839140 -0.4155368209
440.2 267.2 2480.7 0.7639281154 0.5280883312 0.3708592057 -0.6437361836 0.5836473703 0.4949338436 0.0449177884 -0.6168293357 0.7858141661
580.5 149.0 2489.0 -0.7985305190 0.5280883312 0.2889147103 0.0941724628 0.5836473703 -0.8065279126 -0.5945423245 -0.6168293357 -0.5157915950
186.3 -85.8 2631.1 0.9655504227 -0.0288316924 0.2586139143 0.0875304937 0.9719155431 -0.2184458226 -0.2450527251 0.2335570604 0.9409570694
197.8 -472.2 2538.2 0.9702877402 0.0421152674 0.2382603288 -0.0631193593 0.9946953654 0.0812224075 -0.2335757464 -0.0938479453 0.9677990079
367.9 -104.1 2611.9 0.9849982858 -0.0961430073 0.1433000714 0.1187769175 0.9801332355 -0.1588421911 -0.1251816005 0.1734800190 0.9768491387
406.1 -493.7 2542.9 0.9944432974 -0.0342155583 0.0995579585 0.0135388877 0.9794220328 0.2013683021 -0.1043991819 -0.1989014596 0.9744429588
294.5 104.4 2337.4 0 0 0 0 0 0 0 0 0
360.1 174.9 2324.9 0 0 0 0 0 0 0 0 0
184.9 -776.1 2566.9 0 0 0 0 0 0 0 0 0
415.4 -760.9 2597.2 0 0 0 0 0 0 0 0 0
316.2 476.5 2429.4 5 0.9847134352 0.0695559010 0.1596915573 -0.1186181679 0.9391485453 0.3223813772 -0.1275505573 -0.3363955915 0.9330427647
302.0 285.0 2498.0 0.9847134352 0.0695559010 0.1596915573 -0.1186181679 0.9391485453 0.3223813772 -0.1275505573 -0.3363955915 0.9330427647
288.3 96.1 2558.5 0.9851531982 0.0686351284 0.1573607326 -0.1126059294 0.9502218366 0.2905139625 -0.1295881420 -0.3039205074 0.9438428283
163.3 300.9 2516.3 0.3730736077 -0.4612542689 -0.8050221205 0.8900210857 0.4230000973 0.1700981557 0.2620659471 -0.7799457908 0.5683361888
73.2 85.7 2452.9 -0.8772537708 -0.4612542689 -0.1329296529 -0.0857212618 0.4230000973 -0.9020658135 0.4723109603 -0.7799457908 -0.4106177390
440.6 269.2 2479.8 0.7588991523 0.5297399163 0.3787449598 -0.6494490504 0.5729549527 0.4999385476 0.0478335954 -0.6253784895 0.7788541317
580.1 149.8 2488.6 -0.7966859341 0.5297399163 0.2909761965 0.0831798613 0.5729549527 -0.8153549433 -0.5986423492 -0.6253784895 -0.5005288720
184.6 -86.0 2629.2 0.9644118547 -0.0277268011 0.2629467249 0.0866832435 0.9726791382 -0.2153632939 -0.2497914433 0.2304919809 0.9404667616
195.6 -472.7 2537.6 0.9691123366 0.0370083824 0.2438270450 -0.0565976128 0.9956635833 0.0738291517 -0.2400374115 -0.0853487775 0.9670044780
365.5 -105.8 2606.4 0.9838766456 -0.1031931639 0.1460749954 0.1232685819 0.9830363393 -0.1358100176 -0.1295823604 0.1516267508 0.9799069762
406.5 -496.5 2546.1 0.9939615130 -0.0334547237 0.1045049950 0.0128714992 0.9813620448 0.1917364746 -0.1089717299 -0.1892335415 0.9758667350
299.1 107.8 2331.3 0 0 0 0 0 0 0 0 0
361.6 172.6 2324.4 0 0 0 0 0 0 0 0 0
184.6 -767.5 2562.9 0 0 0 0 0 0 0 0 0
415.5 -759.6 2596.9 0 0 0 0 0 0 0 0 0
316.1 477.1 2431.1 6 0.9850708842 0.0682537332 0.1580403745 -0.1157227755 0.9422159195 0.3143840730 -0.1274502724 -0.3279794753 0.9360480309
302.2 285.1 2498.0 0.9850708842 0.0682537332 0.1580403745 -0.1157227755 0.9422159195 0.3143840730 -0.1274502724 -0.3279794753 0.9360480309
288.9 95.9 2557.6 0.9854832292 0.0667855218 0.1560848057 -0.1099398285 0.9516134262 0.2869584858 -0.1293677092 -0.2999527156 0.9451414347
163.5 300.6 2516.2 0.3231489658 -0.4409097433 -0.8373609185 0.8929327130 0.4351269603 0.1154801622 0.3134419918 -0.7850242853 0.5343135595
86.9 88.7 2441.8 -0.8879840374 -0.4409097433 -0.1307018548 -0.0841077864 0.4351269603 -0.8964320421 0.4521175325 -0.7850242853 -0.4234697223
440.9 269.6 2479.8 0.7567005754 0.5422549248 0.3651901186 -0.6521894336 0.5874109864 0.4791630507 0.0453118272 -0.6007561088 0.7981472015
579.3 150.3 2488.0 -0.7910130024 0.5422549248 0.2832984030 0.1158216074 0.5874109864 -0.8009579778 -0.6007360220 -0.6007561088 -0.5274546146
184.3 -82.4 2630.8 0.9643652439 -0.0312478170 0.2627228200 0.0906720161 0.9719001651 -0.2172296196 -0.2485523969 0.2333102971 0.9401000142
196.7 -468.9 2538.0 0.9696130753 0.0370428860 0.2418228537 -0.0577368401 0.9951968193 0.0790555254 -0.2377328873 -0.0906153619 0.9670946002
365.0 -103.1 2607.0 0.9838494658 -0.1043463275 0.1454376280 0.1244915053 0.9827032089 -0.1370995045 -0.1286161989 0.1529910266 0.9798222184
406.5 -493.8 2546.2 0.9941219091 -0.0338912569 0.1028249636 0.0132559864 0.9806978703 0.1950792521 -0.1074517071 -0.1925695240 0.9753825665
315.3 110.4 2325.5 0 0 0 0 0 0 0 0 0
363.3 182.0 2324.0 0 0 0 0 0 0 0 0 0
185.5 -770.3 2565.5 0 0 0 0 0 0 0 0 0
415.7 -759.8 2598.4 0 0 0 0 0 0 0 0 0
314.2 478.3 2431.4 7 0.9810840487 0.0612111650 0.1836497635 -0.1172744930 0.9427220821 0.3122847676 -0.1540153772 -0.3279150426 0.9320681095
301.7 286.6 2498.1 0.9810840487 0.0612111650 0.1836497635 -0.1172744930 0.9427220821 0.3122847676 -0.1540153772 -0.3279150426 0.9320681095
289.2 97.2 2557.0 0.9813528657 0.0630529150 0.1815787703 -0.1131734028 0.9531031847 0.2806887031 -0.1553650498 -0.2960045636 0.9424664378
163.6 302.6 2520.0 0.2851873636 -0.4206292033 -0.8612428308 0.8913295865 0.4467785954 0.0769443959 0.3524198234 -0.7895948291 0.5023348927
95.3 88.8 2435.5 -0.8993268609 -0.4206292033 -0.1195084378 -0.0906915218 0.4467785954 -0.8900359273 0.4277689159 -0.7895948291 -0.4399474859
439.8 270.7 2476.3 0.7586112618 0.5455713272 0.3561753035 -0.6475704908 0.5710732341 0.5045074821 0.0718426481 -0.6133736968 0.7865184546
581.6 149.7 2489.7 -0.8019874692 0.5455713272 0.2432446927 0.1433302164 0.5710732341 -0.8082894683 -0.5798900723 -0.6133736968 -0.5361904502
185.2 -83.2 2629.1 0.9578788280 -0.0291230250 0.2856921256 0.0936577171 0.9721301198 -0.2149214894 -0.2714707553 0.2326260060 0.9339104891
196.8 -469.7 2536.6 0.9638164043 0.0346839726 0.2643008530 -0.0583387576 0.9949085116 0.0821808651 -0.2601048052 -0.0946262479 0.9609325528
366.1 -103.4 2605.4 0.9803201556 -0.1009964645 0.1696233004 0.1253139824 0.9822785258 -0.1393745095 -0.1525409967 0.1578878164 0.9756037593
406.2 -493.9 2542.6 0.9917836785 -0.0340828151 0.1233024150 0.0068615223 0.9766408205 0.2147689015 -0.1277420968 -0.2121582478 0.9688502550
325.9 112.1 2325.8 0 0 0 0 0 0 0 0 0
366.3 188.2 2334.1 0 0 0 0 0 0 0 0 0
186.3 -770.1 2565.2 0 0 0 0 0 0 0 0 0
415.6 -764.0 2601.3 0 0 0 0 0 0 0 0 0
312.9 474.3 2440.1 8 0.9880583882 0.0617698394 0.1411562562 -0.1014111564 0.9504267573 0.2939468622 -0.1160016283 -0.3047514856 0.9453412890
300.4 282.4 2501.7 0.9880583882 0.0617698394 0.1411562562 -0.1014111564 0.9504267573 0.2939468622 -0.1160016283 -0.3047514856 0.9453412890
288.0 91.7 2556.6 0.9882540107 0.0627788901 0.1393299103 -0.0984123573 0.9589507580 0.2659482360 -0.1169145778 -0.2765361965 0.9538651705
161.5 296.2 2518.1 0.2666729391 -0.4150385559 -0.8698439598 0.8903214335 0.4516966343 0.0574276708 0.3690708876 -0.7897551060 0.4899729788
99.6 89.7 2432.4 -0.9019892812 -0.4150385559 -0.1189888790 -0.0907591134 0.4516966343 -0.8875432014 0.4221115410 -0.7897551060 -0.4450940490
439.3 268.5 2485.2 0.7671513557 0.5354653597 0.3532077074 -0.6410835981 0.6209853888 0.4509866536 0.0221508890 -0.5724107027 0.8196678162
580.7 150.3 2489.3 -0.7999919653 0.5354653597 0.2707206607 0.1556854993 0.6209853888 -0.7682051659 -0.5794607997 -0.5724107027 -0.5801475644
186.6 -81.9 2630.1 0.9679555893 -0.0254620984 0.2498271465 0.0827147588 0.9716578722 -0.2214481831 -0.2371079773 0.2350164056 0.9426277876
196.7 -468.3 2536.6 0.9727455974 0.0311452914 0.2297737598 -0.0529235825 0.9946035147 0.0892354622 -0.2257545143 -0.0989638567 0.9691445231
366.6 -102.7 2601.6 0.9866911173 -0.0970316827 0.1304818988 0.1159227267 0.9824706912 -0.1459906548 -0.1140289158 0.1591735035 0.9806432724
405.2 -493.3 2538.3 0.9955807924 -0.0397917293 0.0850620866 0.0192679949 0.9730743170 0.2296847552 -0.0919112936 -0.2270307392 0.9695407748
330.8 112.9 2324.2 0 0 0 0 0 0 0 0 0
368.3 191.7 2335.5 0 0 0 0 0 0 0 0 0
187.2 -773.3 2567.0 0 0 0 0 0 0 0 0 0
416.3 -765.2 2601.7 0 0 0 0 0 0 0 0 0
314.1 472.3 2442.4 9 0.9902050495 0.0686034858 0.1216039062 -0.1016023755 0.9514430761 0.2905735373 -0.0957648382 -0.3000826538 0.9490940571
300.3 280.4 2503.0 0.9902050495 0.0686034858 0.1216039062 -0.1016023755 0.9514430761 0.2905735373 -0.0957648382 -0.3000826538 0.9490940571
286.9 89.7 2557.1 0.9904980063 0.0677713752 0.1196692735 -0.0974969044 0.9597303867 0.2634614110 -0.0969951004 -0.2726253867 0.9572185278
161.0 294.2 2516.6 0.3097953498 -0.4355322719 -0.8451854587 0.8943618536 0.4351916313 0.1035620719 0.3227130175 -0.7879846692 0.5243437886
88.5 84.9 2441.1 -0.8943604231 -0.4355322719 -0.1021326333 -0.1098813266 0.4351916313 -0.8936074972 0.4336421788 -0.7879846692 -0.4370750189
439.6 266.7 2489.3 0.7738435268 0.5250486135 0.3542459011 -0.6331967115 0.6546444893 0.4129194319 -0.0151023716 -0.5438423753 0.8390514851
581.2 150.9 2486.6 -0.8085681200 0.5250486135 0.2655965388 0.1842801720 0.6546444893 -0.7331312299 -0.5588008165 -0.5438423753 -0.6260807514
185.0 -89.8 2622.3 0.9728140235 -0.0241940971 0.2303203642 0.0741012320 0.9747619033 -0.2105902880 -0.2194124758 0.2219322175 0.9500548840
194.6 -477.4 2534.1 0.9770064950 0.0259091593 0.2116295695 -0.0480847321 0.9937925935 0.1003203988 -0.2077166885 -0.1081898287 0.9721875787
366.2 -107.9 2600.9 0.9889075160 -0.1010198519 0.1088895053 0.1151455045 0.9844873548 -0.1323864311 -0.0938266814 0.1434560716 0.9851989150
406.3 -499.3 2543.9 0.9971350431 -0.0358459465 0.0666091070 0.0203029364 0.9751029015 0.2208214253 -0.0728662834 -0.2188364118 0.9730370641
319.3 113.2 2329.1 0 0 0 0 0 0 0 0 0
367.9 199.5 2339.2 0 0 0 0 0 0 0 0 0
186.9 -774.9 2566.4 0 0 0 0 0 0 0 0 0
416.0 -763.0 2603.0 0 0 0 0 0 0 0 0 0
315.8 475.1 2445.1 0 0.9892700315 0.0706080794 0.1279035360 -0.1041558683 0.9547649622 0.2785236239 -0.1024518013 -0.2888569832 0.9518746138
301.6 282.4 2503.4 0.9892700315 0.0706080794 0.1279035360 -0.1041558683 0.9547649622 0.2785236239 -0.1024518013 -0.2888569832 0.9518746138
287.6 91.0 2555.5 0.9895358086 0.0704023317 0.1259460151 -0.1005421281 0.9625142813 0.2519077659 -0.1034899503 -0.2619346380 0.9595207572
162.4 296.5 2518.0 0.2900228798 -0.4211306572 -0.8593810201 0.8914445043 0.4455556273 0.0825037584 0.3481571674 -0.7900184393 0.5046359301
94.1 86.9 2436.1 -0.9008036852 -0.4211306572 -0.1058382764 -0.1038231701 0.4455556273 -0.8892136812 0.4216319621 -0.7900184393 -0.4450812638
440.8 268.2 2488.9 0.7659201026 0.5173348188 0.3817474246 -0.6426202059 0.6345912218 0.4293404222 -0.0201408099 -0.5741590858 0.8184959888
580.4 151.1 2485.2 -0.8203476071 0.5173348188 0.2437098920 0.1766725034 0.6345912218 -0.7523834109 -0.5438902974 -0.5741590858 -0.6119841933
182.6 -92.2 2620.2 0.9717757106 -0.0288361330 0.2341375500 0.0786787048 0.9752916694 -0.2064359933 -0.2223995924 0.2190311253 0.9500335455
194.1 -479.9 2533.1 0.9764341712 0.0246536806 0.2144026309 -0.0467677303 0.9940186739 0.0986899808 -0.2106871456 -0.1063913926 0.9717468023
364.3 -110.1 2602.4 0.9882963896 -0.1033737808 0.1121791303 0.1177238822 0.9845121503 -0.1299113333 -0.0970122889 0.1415970623 0.9851593375
405.4 -501.5 2546.2 0.9967139959 -0.0388616808 0.0710699186 0.0233437959 0.9779806733 0.2073857039 -0.0775643662 -0.2050451934 0.9756742716
325.2 113.5 2327.9 0 0 0 0 0 0 0 0 0
363.4 197.8 2341.3 0 0 0 0 0 0 0 0 0
186.9 -770.6 2564.2 0 0 0 0 0 0 0 0 0
415.6 -760.0 2600.4 0 0 0 0 0 0 0 0 0
315.3 479.1 2446.4 1 0.9884286523 0.0687930137 0.1351897418 -0.1042289063 0.9555410147 0.2758219838 -0.1102047116 -0.2867210209 0.9516543150
301.4 285.6 2504.5 0.9884286523 0.0687930137 0.1351897418 -0.1042289063 0.9555410147 0.2758219838 -0.1102047116 -0.2867210209 0.9516543150
288.0 94.1 2556.1 0.9887774587 0.0674682036 0.1332937032 -0.0993174464 0.9633663893 0.2491209656 -0.1116029322 -0.2595635951 0.9592556953
162.2 299.6 2520.2 0.2345304936 -0.4131318331 -0.8799531460 0.8887659311 0.4578364789 0.0219283141 0.3938153684 -0.7872152328 0.4745541215
106.0 86.4 2425.8 -0.9103149176 -0.4131318331 -0.0254720710 -0.1834404022 0.4578364789 -0.8699053526 0.3710476756 -0.7872152328 -0.4925604463
440.5 271.6 2488.8 0.7508147955 0.5608009696 0.3489690125 -0.6602906585 0.6509555578 0.3745304346 -0.0171262864 -0.5116239786 0.8590387702
579.6 149.3 2485.6 -0.7953841686 0.5608009696 0.2299267948 0.2519672215 0.6509555578 -0.7160791755 -0.5512500405 -0.5116239786 -0.6590632200
182.9 -91.1 2617.0 0.9699799418 -0.0287226159 0.2414826602 0.0781167895 0.9771755934 -0.1975491047 -0.2302968353 0.2104825228 0.9500844479
194.3 -479.6 2533.3 0.9744766355 0.0272089373 0.2228338420 -0.0491979197 0.9943813682 0.0937297642 -0.2190315425 -0.1023004353 0.9703400731
364.4 -109.5 2598.0 0.9873644114 -0.1044738069 0.1191498637 0.1192016155 0.9850915670 -0.1240385100 -0.1044147536 0.1366740763 0.9850978255
405.9 -501.2 2543.7 0.9964684248 -0.0353418812 0.0761686489 0.0177079923 0.9751571417 0.2208051831 -0.0820800737 -0.2186765969 0.9723391533
338.1 133.2 2331.2 0 0 0 0 0 0 0 0 0
369.5 215.8 2340.0 0 0 0 0 0 0 0 0 0
186.5 -764.6 2562.7 0 0 0 0 0 0 0 0 0
415.3 -760.8 2601.9 0 0 0 0 0 0 0 0 0
311.9 482.7 2429.6 2 0.9669058919 0.0546076894 0.2492208034 -0.1315420270 0.9436848760 0.3035713732 -0.2186085731 -0.3263079524 0.9196376204
300.9 291.6 2495.7 0.9669058919 0.0546076894 0.2492208034 -0.1315420270 0.9436848760 0.3035713732 -0.2186085731 -0.3263079524 0.9196376204
289.8 102.0 2553.9 0.9672136903 0.0578116104 0.2472964078 -0.1263456643 0.9542279243 0.2710827887 -0.2203053981 -0.2934398353 0.9302465320
165.7 309.5 2526.4 0.1541507542 -0.4204190373 -0.8941394687 0.8860285878 0.4593016207 -0.0632084534 0.4372537434 -0.7824895382 0.4433049858
126.9 86.6 2416.4 -0.9027552009 -0.4204190373 0.0909990296 -0.2982419729 0.4593016207 -0.8367160559 0.3099753559 -0.7824895382 -0.5400235653
436.1 273.6 2465.0 0.6951004267 0.7184827328 0.0248588566 -0.4952451289 0.4534899592 0.7409987450 0.5211215615 -0.5273797512 0.6710461378
594.7 160.7 2583.9 -0.6247716546 0.7396641374 0.2501146197 0.1794427335 0.4477713704 -0.8759572506 -0.7599083781 -0.5023919940 -0.4124822021
183.9 -88.3 2617.9 0.9385029078 -0.0263848249 0.3442617655 0.0960217565 0.9776870608 -0.1868362874 -0.3316506445 0.2084030211 0.9200956821
194.3 -477.0 2535.1 0.9458600879 0.0230879337 0.3237524331 -0.0547621958 0.9945189953 0.0890680104 -0.3199215531 -0.1019752696 0.9419401288
365.3 -106.5 2597.5 0.9674442410 -0.1074667722 0.2291343063 0.1355456263 0.9845883846 -0.1105129048 -0.2137265056 0.1379732192 0.9671010375
408.0 -498.0 2542.6 0.9833616018 -0.0280633811 0.1794781685 -0.0138212042 0.9735735059 0.2279553264 -0.1811323911 -0.2266431153 0.9569869041
357.2 162.7 2337.3 0 0 0 0 0 0 0 0 0
436.4 206.1 2391.4 0 0 0 0 0 0 0 0 0
187.6 -768.4 2564.9 0 0 0 0 0 0 0 0 0
415.6 -762.5 2604.2 0 0 0 0 0 0 0 0 0
311.7 482.6 2430.2 3 0.9730498195 0.0614302605 0.2222618312 -0.1296611279 0.9428135157 0.3070677817 -0.1906882077 -0.3276109695 0.9253696799
299.2 290.4 2497.0 0.9730498195 0.0614302605 0.2222618312 -0.1296611279 0.9428135157 0.3070677817 -0.1906882077 -0.3276109695 0.9253696799
287.4 101.0 2555.8 0.9735711813 0.0601002946 0.2203339785 -0.1215274930 0.9531561136 0.2769917846 -0.1933653951 -0.2964478731 0.9352691770
162.6 307.6 2524.0 0.0745611861 -0.4168585837 -0.9059081078 0.8877302408 0.4415881932 -0.1301341802 0.4542858899 -0.7944990993 0.4029833078
144.2 87.6 2411.4 -0.8895261288 -0.4168585837 0.1870083809 -0.3780088127 0.4415881932 -0.8137009144 0.2566175461 -0.7944990993 -0.5503804684
435.7 273.3 2469.9 0.6332334280 0.7675830722 -0.0991545022 -0.3940733373 0.4300260544 0.8122707605 0.6661243439 -0.4752828777 0.5747908950
587.7 178.6 2629.8 -0.4786634743 0.8138030767 0.3295540214 0.0987633839 0.4228712618 -0.9007917047 -0.8724259734 -0.3986282349 -0.2827869654
190.5 -76.0 2632.1 0.9467814565 -0.0152300745 0.3215165734 0.0926123187 0.9695298076 -0.2267927080 -0.3082658350 0.2444995195 0.9193433523
196.6 -461.2 2534.9 0.9531379938 0.0321252421 0.3008255064 -0.0606819130 0.9944394827 0.0860686004 -0.2963877916 -0.1002899185 0.9497874379
366.8 -99.4 2592.0 0.9739030600 -0.0996976048 0.2038951665 0.1237214208 0.9863494635 -0.1086636707 -0.1902783662 0.1310540885 0.9729434848
406.5 -491.6 2539.9 0.9868314862 -0.0349501930 0.1579307169 -0.0027962143 0.9725452065 0.2326972038 -0.1617275625 -0.2300745398 0.9596405029
373.6 185.1 2345.2 0 0 0 0 0 0 0 0 0
467.5 203.5 2410.7 0 0 0 0 0 0 0 0 0
186.6 -769.5 2566.0 0 0 0 0 0 0 0 0 0
416.2 -763.6 2604.3 0 0 0 0 0 0 0 0 0
314.1 481.0 2438.5 4 0.9797234535 0.0645529553 0.1896704733 -0.1187915877 0.9494863749 0.2904550433 -0.1613398045 -0.3070968688 0.9379024506
301.0 288.4 2500.8 0.9797234535 0.0645529553 0.1896704733 -0.1187915877 0.9494863749 0.2904550433 -0.1613398045 -0.3070968688 0.9379024506
288.5 98.1 2556.6 0.9801002741 0.0637851879 0.1879757047 -0.1131919250 0.9575062990 0.2652721703 -0.1630674750 -0.2812706828 0.9456721544
163.4 304.4 2523.6 0.0324152000 -0.4145733118 -0.9094384313 0.8820766807 0.4397421777 -0.1690193266 0.4699893296 -0.7967156172 0.3799397647
155.4 86.3 2407.5 -0.8746490479 -0.4145733118 0.2512329519 -0.4342493117 0.4397421777 -0.7861643434 0.2154450119 -0.7967156172 -0.5646482706
438.6 272.4 2477.9 0.5908622742 0.7870465517 -0.1773117036 -0.3306757212 0.4367279112 0.8366135955 0.7358908057 -0.4356907606 0.5183032751
580.3 193.1 2654.4 -0.3830113113 0.8367661238 0.3913116753 0.0331890360 0.4358069301 -0.8994280696 -0.9231472611 -0.3315038681 -0.1946904361
186.6 -77.3 2632.3 0.9558140635 -0.0299719609 0.2924399376 0.0998133719 0.9687800407 -0.2269416153 -0.2765080929 0.2461034060 0.9289652109
198.6 -462.3 2534.5 0.9625014067 0.0388187468 0.2684848905 -0.0642784610 0.9941591620 0.0866942555 -0.2635513544 -0.1007011384 0.9593747854
364.6 -99.7 2597.0 0.9792778492 -0.1052277908 0.1730376631 0.1276199073 0.9840646982 -0.1238134727 -0.1572516412 0.1433308423 0.9771019220
406.5 -490.9 2540.0 0.9917264581 -0.0326879956 0.1241374537 0.0025893999 0.9719329476 0.2352437973 -0.1283429265 -0.2329760492 0.9639762640
383.8 199.7 2351.2 0 0 0 0 0 0 0 0 0
483.9 201.5 2422.1 0 0 0 0 0 0 0 0 0
186.5 -770.3 2565.7 0 0 0 0 0 0 0 0 0
415.6 -763.4 2605.4 0 0 0 0 0 0 0 0 0
313.4 480.9 2442.6 5 0.9859349728 0.0629530102 0.1548197716 -0.1046011671 0.9549154043 0.2778401077 -0.1303489208 -0.2901266217 0.9480694532
300.7 287.9 2501.3 0.9859349728 0.0629530102 0.1548197716 -0.1046011671 0.9549154043 0.2778401077 -0.1303489208 -0.2901266217 0.9480694532
288.0 96.5 2553.4 0.9861172438 0.0645434260 0.1529930681 -0.1018591076 0.9627785087 0.2503643334 -0.1311390698 -0.2624723315 0.9559868574
162.2 302.3 2519.7 -0.0065894001 -0.4257247746 -0.9048287272 0.8864544034 0.4162579775 -0.2023062855 0.4627689719 -0.8034225106 0.3746427000
163.8 85.1 2406.3 -0.8573899269 -0.4257247746 0.2892073393 -0.4693630040 0.4162579775 -0.7787346840 0.2111417502 -0.8034225106 -0.5567148924
439.2 273.5 2482.9 0.5660411716 0.7951564193 -0.2175399661 -0.3147725165 0.4523612261 0.8344385028 0.7619158030 -0.4038509429 0.5063484907
576.7 197.0 2668.0 -0.3287164569 0.8404296041 0.4308405221 -0.0013233480 0.4557813704 -0.8900907636 -0.9444277287 -0.2931576371 -0.1487106532
186.2 -81.8 2627.4 0.9648044705 -0.0261124689 0.2616685331 0.0855401233 0.9721056223 -0.2183885872 -0.2486667782 0.2330854386 0.9401255250
196.6 -468.2 2534.8 0.9701445699 0.0303163845 0.2406250089 -0.0544442125 0.9940572977 0.0942650884 -0.2363372743 -0.1045514047 0.9660298824
365.7 -102.7 2597.6 0.9849449396 -0.1011825055 0.1401624978 0.1203234941 0.9834300876 -0.1356004775 -0.1241196245 0.1504238397 0.9807991385
405.9 -493.7 2537.8 0.9951479435 -0.0351515226 0.0918965563 0.0117510436 0.9697794318 0.2437000722 -0.0976858214 -0.2414377481 0.9654870629
389.8 208.8 2350.6 0 0 0 0 0 0 0 0 0
493.5 196.7 2428.9 0 0 0 0 0 0 0 0 0
187.3 -773.4 2566.8 0 0 0 0 0 0 0 0 0
415.6 -761.2 2604.4 0 0 0 0 0 0 0 0 0
310.6 493.2 2443.7 6 0.9769273400 0.0600099787 0.2049678564 -0.1152744442 0.9560734034 0.2695096135 -0.1797910482 -0.2869188488 0.9409318566
298.4 299.4 2501.9 0.9769273400 0.0600099787 0.2049678564 -0.1152744442 0.9560734034 0.2695096135 -0.1797910482 -0.2869188488 0.9409318566
286.3 107.5 2552.2 0.9772977829 0.0610037372 0.2028981000 -0.1093924865 0.9654181600 0.2366454899 -0.1814452559 -0.2534686327 0.9501743317
161.2 314.8 2527.3 -0.0340960696 -0.4436077774 -0.8955721855 0.8864228725 0.4004711807 -0.2321149111 0.4616188407 -0.8017699122 0.3795695901
170.0 83.8 2407.0 -0.8421422839 -0.4436077774 0.3066080213 -0.4923200607 0.4004711807 -0.7728154659 0.2200392932 -0.8017699122 -0.5556507707
435.6 284.1 2476.4 0.5508294702 0.8099090457 -0.2015792578 -0.3279209435 0.4321134686 0.8400868177 0.7674990296 -0.3966425061 0.5036069751
574.9 201.2 2670.4 -0.3033427298 0.8533424735 0.4240162671 -0.0232243259 0.4382300377 -0.8985627890 -0.9525984526 -0.2824199796 -0.1131155938
185.0 -85.4 2617.6 0.9517996311 -0.0323472284 0.3050100207 0.0918567255 0.9788431525 -0.1828344464 -0.2926427722 0.2020389736 0.9346338511
197.8 -474.4 2537.3 0.9574899077 0.0393973216 0.2857638001 -0.0651126802 0.9945809841 0.0810491294 -0.2810221314 -0.0962105617 0.9548665285
365.6 -104.2 2593.6 0.9776250720 -0.1017492935 0.1841094494 0.1240343675 0.9857239723 -0.1138582975 -0.1698960960 0.1341466308 0.9762889147
406.1 -496.1 2540.3 0.9899327755 -0.0355675817 0.1369963437 0.0020370155 0.9713909626 0.2374772877 -0.1415234953 -0.2348074913 0.9616842270
393.2 214.3 2348.7 0 0 0 0 0 0 0 0 0
497.7 195.2 2428.0 0 0 0 0 0 0 0 0 0
186.2 -768.8 2565.8 0 0 0 0 0 0 0 0 0
415.8 -760.2 2604.1 0 0 0 0 0 0 0 0 0
311.4 488.5 2444.7 7 0.9876723289 0.0539401732 0.1469482929 -0.0935977623 0.9559549093 0.2781900465 -0.1254703254 -0.2885146439 0.9492188692
300.5 295.0 2503.1 0.9876723289 0.0539401732 0.1469482929 -0.0935977623 0.9559549093 0.2781900465 -0.1254703254 -0.2885146439 0.9492188692
289.0 103.1 2553.4 0.9877584577 0.0578185618 0.1448800415 -0.0921168998 0.9657363892 0.2426266223 -0.1258876175 -0.2530024052 0.9592403769
161.8 308.0 2520.8 -0.0347058736 -0.4523127377 -0.8911838531 0.8898538351 0.3919240236 -0.2335717529 0.4549238384 -0.8011296391 0.3888901472
170.5 84.5 2406.5 -0.8385105729 -0.4523127377 0.3038309515 -0.4928917885 0.3919240236 -0.7768225074 0.2322880924 -0.8011296391 -0.5515736341
439.1 282.1 2485.5 0.5463123322 0.8033746481 -0.2369220704 -0.3113626540 0.4573856592 0.8329775929 0.7775577903 -0.3812972307 0.5000162721
570.5 207.2 2672.5 -0.2859914601 0.8429908752 0.4556043148 -0.0379942916 0.4651135504 -0.8844352961 -0.9574786425 -0.2702513039 -0.1009896621
184.7 -74.3 2619.2 0.9660291672 -0.0314511806 0.2565121055 0.0854754969 0.9755895734 -0.2022843361 -0.2438884526 0.2173380703 0.9451362491
197.2 -462.1 2532.8 0.9710293412 0.0370162055 0.2360758036 -0.0602793209 0.9939239025 0.0920962617 -0.2312323153 -0.1036586612 0.9673605561
363.7 -94.4 2586.0 0.9859623909 -0.1025978252 0.1317265332 0.1179750711 0.9863597751 -0.1147879288 -0.1181527600 0.1287170202 0.9846175909
404.5 -486.5 2534.8 0.9952667952 -0.0429387279 0.0871795490 0.0208722111 0.9706050754 0.2397710085 -0.0949123725 -0.2368164808 0.9669072032
393.8 215.7 2344.7 0 0 0 0 0 0 0 0 0
497.5 197.5 2428.0 0 0 0 0 0 0 0 0 0
185.8 -768.9 2564.8 0 0 0 0 0 0 0 0 0
416.5 -759.6 2601.4 0 0 0 0 0 0 0 0 0
309.7 489.0 2437.3 8 0.9821534157 0.0544739664 0.1800202876 -0.1056601033 0.9516332150 0.2884963453 -0.1555977464 -0.3023686111 0.9404055476
298.6 295.6 2498.7 0.9821534157 0.0544739664 0.1800202876 -0.1056601033 0.9516332150 0.2884963453 -0.1555977464 -0.3023686111 0.9404055476
287.9 104.3 2551.6 0.9825255871 0.0544373281 0.1779889017 -0.0991189554 0.9624290466 0.2527957857 -0.1575401723 -0.2660203874 0.9510069489
160.6 309.6 2520.8 -0.0393243060 -0.4472526014 -0.8935427666 0.8936077356 0.3844011128 -0.2317347378 0.4471227825 -0.8075895905 0.3845520914
170.6 83.6 2407.8 -0.8381409049 -0.4472526014 0.3122258484 -0.4953306019 0.3844011128 -0.7790272236 0.2284019738 -0.8075895905 -0.5437201858
436.6 281.6 2476.6 0.6927770376 0.7211478949 -0.0023931554 -0.5125863552 0.4947494268 0.7017679214 0.5072624683 -0.4849419892 0.7124016285
576.4 178.2 2578.9 -0.5562902093 0.7780524492 0.2918486595 0.2188217044 0.4759663045 -0.8518058062 -0.8016597033 -0.4099884033 -0.4350301623
187.1 -80.5 2615.2 0.9576995969 -0.0251347981 0.2866700292 0.0823177919 0.9784794450 -0.1892134696 -0.2757449150 0.2048077136 0.9391584396
197.1 -469.4 2533.8 0.9624421597 0.0386473723 0.2687218189 -0.0642120987 0.9941364527 0.0870032385 -0.2637837231 -0.1009907797 0.9592804909
367.9 -97.3 2592.2 0.9817556143 -0.0942307487 0.1651560366 0.1145886406 0.9863314629 -0.1184049398 -0.1517412066 0.1351697147 0.9791342020
405.3 -489.5 2538.5 0.9916589856 -0.0374916233 0.1233159527 0.0090226848 0.9746045470 0.2237511128 -0.1285730898 -0.2207721621 0.9668136239
394.2 215.7 2346.8 0 0 0 0 0 0 0 0 0
444.5 230.1 2388.9 0 0 0 0 0 0 0 0 0
185.5 -767.4 2564.1 0 0 0 0 0 0 0 0 0
415.7 -759.3 2599.6 0 0 0 0 0 0 0 0 0
311.1 484.0 2441.0 9 0.9849657416 0.0631424263 0.1607966870 -0.1064675376 0.9548959136 0.2771974504 -0.1360411793 -0.2901495993 0.9472623467
298.3 290.9 2499.7 0.9849657416 0.0631424263 0.1607966870 -0.1064675376 0.9548959136 0.2771974504 -0.1360411793 -0.2901495993 0.9472623467
286.1 99.2 2550.8 0.9853905439 0.0618143789 0.1586960405 -0.0999421924 0.9643751979 0.2449326366 -0.1379021704 -0.2572147250 0.9564641118
159.8 305.0 2519.1 -0.0083031738 -0.4486674964 -0.8936601877 0.8953111768 0.3946958184 -0.2064779252 0.4453638494 -0.8018183708 0.3984197974
161.8 84.4 2409.3 -0.8431613445 -0.4486674964 0.2962707877 -0.4843741655 0.3946958184 -0.7807668447 0.2333678752 -0.8018183708 -0.5501152277
436.8 276.8 2480.3 0.7363204956 0.6672615409 0.1122237220 -0.5870521665 0.5475178957 0.5963169336 0.3364548385 -0.5049615502 0.7948660254
578.4 164.0 2545.0 -0.6153635979 0.7435395122 0.2616803348 0.2829717100 0.5182308555 -0.8070711493 -0.7357001305 -0.4225940704 -0.5293010473
187.1 -77.9 2618.9 0.9634436965 -0.0218717773 0.2670166492 0.0797873586 0.9748618603 -0.2080344558 -0.2557542622 0.2217340469 0.9409695864
195.8 -465.4 2530.7 0.9683622718 0.0327728391 0.2473873496 -0.0595360994 0.9930534959 0.1014899537 -0.2423427552 -0.1130075157 0.9635866880
367.1 -96.1 2590.0 0.9849250317 -0.0959065408 0.1439603567 0.1136071831 0.9862233996 -0.1202364713 -0.1304456145 0.1347788423 0.9822518229
405.2 -488.3 2536.4 0.9941596985 -0.0371921808 0.1013075933 0.0127001293 0.9725353122 0.2324085683 -0.1071689948 -0.2297646105 0.9673277736
386.2 213.3 2347.2 0 0 0 0 0 0 0 0 0
435.3 229.8 2374.0 0 0 0 0 0 0 0 0 0
185.8 -767.2 2565.1 0 0 0 0 0 0 0 0 0
415.6 -759.9 2600.6 0 0 0 0 0 0 0 0 0
308.6 484.2 2442.9 0 0.9896482825 0.0566674359 0.1318523884 -0.0913765132 0.9572529197 0.2744397819 -0.1106642783 -0.2836470902 0.9525218010
297.2 291.0 2500.1 0.9896482825 0.0566674359 0.1318523884 -0.0913765132 0.9572529197 0.2744397819 -0.1106642783 -0.2836470902 0.9525218010
285.9 98.8 2549.6 0.9899066091 0.0568603203 0.1298144311 -0.0869982690 0.9668917656 0.2398992926 -0.1118757576 -0.2487715334 0.9620792866
158.0 303.2 2515.9 0.0400089249 -0.4447904825 -0.8947405815 0.9017455578 0.4017970860 -0.1594178826 0.4304117262 -0.8004502058 0.4171632826
148.3 85.5 2411.9 -0.8584040999 -0.4447904825 0.2555461526 -0.4462469816 0.4017970860 -0.7996391058 0.2529941499 -0.8004502058 -0.5433906913
436.4 278.7 2484.4 0.7462965846 0.6612691283 0.0759245306 -0.6288942099 0.6631613374 0.4058437049 0.2180217057 -0.3506282866 0.9107833505
580.6 157.2 2526.6 -0.6724008322 0.6612691283 0.3325662017 0.3167802095 0.6631613374 -0.6781352162 -0.6689748764 -0.3506282866 -0.6553872228
183.5 -83.3 2614.5 0.9694478512 -0.0318747610 0.2432178259 0.0793976560 0.9789196849 -0.1881813258 -0.2320924848 0.2017429024 0.9515423775
196.2 -472.4 2534.4 0.9739435315 0.0320555605 0.2245139033 -0.0543757714 0.9940909743 0.0939486921 -0.2201756686 -0.1037088335 0.9699315429
364.1 -101.7 2589.3 0.9875680804 -0.1033322066 0.1184554696 0.1177184507 0.9855630398 -0.1216877624 -0.1041710675 0.1341193467 0.9854747057
405.2 -493.6 2536.0 0.9965804219 -0.0371655226 0.0737982169 0.0185978189 0.9711084962 0.2379126847 -0.0805082247 -0.2357266247 0.9684789181
375.7 203.7 2344.9 0 0 0 0 0 0 0 0 0
426.0 230.0 2372.7 0 0 0 0 0 0 0 0 0
186.5 -771.1 2565.5 0 0 0 0 0 0 0 0 0
415.4 -761.1 2600.9 0 0 0 0 0 0 0 0 0
307.5 484.2 2443.8 1 0.9886372089 0.0523049049 0.1409277469 -0.0895944163 0.9578244090 0.2730296850 -0.1207032502 -0.2825536430 0.9516271353
296.9 290.9 2500.9 0.9886372089 0.0523049049 0.1409277469 -0.0895944163 0.9578244090 0.2730296850 -0.1207032502 -0.2825536430 0.9516271353
286.2 98.7 2550.4 0.9888058901 0.0540022328 0.1390923411 -0.0865407214 0.9669578671 0.2397981733 -0.1215468049 -0.2491509914 0.9608070254
157.9 303.1 2517.9 0.0768226758 -0.4499050677 -0.8897660971 0.8987933993 0.4175420105 -0.1335255951 0.4315885603 -0.7894580960 0.4364483953
139.3 85.5 2413.5 -0.8750759959 -0.4499050677 0.1784024835 -0.3826901019 0.4175420105 -0.8241401315 0.2962943017 -0.7894580960 -0.5375551581
436.0 278.7 2483.8 0.7515958548 0.6318973899 0.1892337501 -0.6454428434 0.6453576684 0.4085547626 0.1360412091 -0.4292076230 0.8929017782
583.0 152.6 2510.4 -0.7365785837 0.6318973899 0.2411591113 0.3277300000 0.6453576684 -0.6900047064 -0.5916460752 -0.4292076230 -0.6824483871
183.9 -85.4 2609.3 0.9673053622 -0.0272216871 0.2521494031 0.0729099661 0.9821005464 -0.1736738831 -0.2429083735 0.1863798797 0.9519758821
194.8 -475.8 2535.2 0.9712622166 0.0311903674 0.2359594256 -0.0543712713 0.9942381978 0.0923807472 -0.2317184806 -0.1025553495 0.9673618674
365.4 -101.4 2588.8 0.9867417216 -0.1007201523 0.1272645593 0.1153634042 0.9868206978 -0.1134734824 -0.1141582280 0.1266506910 0.9853565097
405.5 -493.8 2538.5 0.9956473708 -0.0374311060 0.0853535160 0.0169212185 0.9731858373 0.2293971628 -0.0916514173 -0.2269543856 0.9695832729
368.9 186.0 2335.7 0 0 0 0 0 0 0 0 0
408.8 230.1 2370.5 0 0 0 0 0 0 0 0 0
185.6 -768.0 2565.4 0 0 0 0 0 0 0 0 0
415.7 -761.4 2600.9 0 0 0 0 0 0 0 0 0
307.0 485.7 2444.8 2 0.9900946021 0.0521671064 0.1303505749 -0.0869915932 0.9566651583 0.2778925300 -0.1102050021 -0.2864792943 0.9517270923
296.4 292.0 2502.8 0.9900946021 0.0521671064 0.1303505749 -0.0869915932 0.9566651583 0.2778925300 -0.1102050021 -0.2864792943 0.9517270923
286.3 99.9 2553.1 0.9903815985 0.0511481389 0.1285620630 -0.0816505998 0.9661786556 0.2446056604 -0.1117027998 -0.2527501285 0.9610618353
157.1 303.5 2518.5 0.0982520655 -0.4399114549 -0.8926502466 0.8967325687 0.4280957878 -0.1122706532 0.4315289557 -0.7894377112 0.4365442395
133.3 86.4 2414.1 -0.8880074620 -0.4399114549 0.1338680089 -0.3384020627 0.4280957878 -0.8379845023 0.3113306761 -0.7894377112 -0.5290192366
435.8 280.5 2487.1 0.7427966595 0.6123857498 0.2706229389 -0.6662157178 0.6359711289 0.3894833624 0.0664056987 -0.4696002007 0.8803783059
582.5 148.9 2500.2 -0.7670633197 0.6123857498 0.1913049221 0.3342541754 0.6359711289 -0.6955679655 -0.5476203561 -0.4696002007 -0.6925226450
184.8 -85.6 2611.1 0.9694040418 -0.0226286296 0.2444253266 0.0695408732 0.9802653790 -0.1850509793 -0.2354142368 0.1963867247 0.9518468380
193.8 -475.3 2533.0 0.9732680917 0.0290138386 0.2278320044 -0.0535074547 0.9933363199 0.1020778418 -0.2233521342 -0.1115398183 0.9683350325
366.2 -101.5 2588.8 0.9879711270 -0.0990606472 0.1187433824 0.1124316528 0.9873539209 -0.1117646545 -0.1061702669 0.1237707660 0.9866147637
405.6 -494.1 2539.6 0.9962282181 -0.0385088548 0.0777583867 0.0194615480 0.9724590778 0.2322597355 -0.0845609009 -0.2298704088 0.9695406556
364.3 174.4 2333.1 0 0 0 0 0 0 0 0 0
396.4 230.0 2367.4 0 0 0 0 0 0 0 0 0
185.3 -766.2 2565.7 0 0 0 0 0 0 0 0 0
416.3 -764.0 2603.4 0 0 0 0 0 0 0 0 0
308.0 481.8 2445.3 3 0.9940451980 0.0564044118 0.0932348147 -0.0803975239 0.9571781754 0.2781117857 -0.0735555962 -0.2839515209 0.9560131431
296.6 288.5 2502.7 0.9940451980 0.0564044118 0.0932348147 -0.0803975239 0.9571781754 0.2781117857 -0.0735555962 -0.2839515209 0.9560131431
285.9 96.3 2552.7 0.9943447113 0.0540862568 0.0913961083 -0.0751827881 0.9663235545 0.2461022288 -0.0750074610 -0.2515818775 0.9649251103
156.8 299.0 2513.2 0.1321128309 -0.4526489079 -0.8818475604 0.9022534490 0.4233151376 -0.0821161047 0.4104692042 -0.7848014235 0.4643293917
125.8 87.4 2416.9 -0.8887419105 -0.4526489079 0.0724347234 -0.2856734395 0.4233151376 -0.8597645164 0.3585087657 -0.7848014235 -0.5055276752
436.4 277.9 2492.1 0.7439663410 0.5940256119 0.3060190976 -0.6681023240 0.6527614594 0.3571299314 0.0123868771 -0.4701447189 0.8825024366
582.0 147.2 2494.5 -0.7784076333 0.5940256119 0.2030150592 0.3189242482 0.6527614594 -0.6871606708 -0.5407114625 -0.4701447189 -0.6975636482
185.3 -84.7 2613.6 0.9770868421 -0.0311945267 0.2105425298 0.0719017312 0.9794244766 -0.1885678619 -0.2003282309 0.1993855536 0.9592257142
197.7 -474.1 2534.3 0.9803723097 0.0406798422 0.1929125786 -0.0605932735 0.9932931066 0.0984744653 -0.1876128167 -0.1082308441 0.9762620330
366.9 -99.7 2593.1 0.9916206002 -0.0967784002 0.0855715200 0.1077764034 0.9849710464 -0.1349676102 -0.0712235197 0.1430592537 0.9871480465
405.4 -491.2 2536.2 0.9983942509 -0.0362223387 0.0435528681 0.0247317422 0.9704223275 0.2401434183 -0.0509632304 -0.2386806607 0.9697599411
354.7 161.0 2324.6 0 0 0 0 0 0 0 0 0
390.3 225.7 2361.4 0 0 0 0 0 0 0 0 0
185.8 -762.8 2565.8 0 0 0 0 0 0 0 0 0
415.6 -763.9 2603.3 0 0 0 0 0 0 0 0 0
306.4 485.8 2447.0 4 0.9961971045 0.0406674743 0.0770547464 -0.0603487045 0.9599556923 0.2735747397 -0.0628435537 -0.2771845162 0.9587593079
298.2 291.6 2503.1 0.9961971045 0.0406674743 0.0770547464 -0.0603487045 0.9599556923 0.2735747397 -0.0628435537 -0.2771845162 0.9587593079
289.8 99.1 2552.0 0.9962379336 0.0421609767 0.0757126510 -0.0593984462 0.9683740735 0.2423292696 -0.0631013289 -0.2459148318 0.9672352672
158.1 299.9 2512.0 0.2277529091 -0.4648483694 -0.8555960655 0.9137043357 0.4057405889 0.0227805693 0.3365605474 -0.7869501710 0.5171425939
103.8 82.2 2431.8 -0.8853359818 -0.4648483694 0.0098092789 -0.2228564471 0.4057405889 -0.8864026070 0.4080627859 -0.7869501710 -0.4628112018
438.3 283.2 2494.3 0.7190147638 0.5583096743 0.4138937593 -0.6929275393 0.6217870712 0.3650099933 -0.0535651706 -0.5492459536 0.8339422345
579.0 147.6 2483.8 -0.8129136562 0.5583096743 0.1657155305 0.2777668238 0.6217870712 -0.7322748303 -0.5118759274 -0.5492459536 -0.6605391502
184.0 -88.9 2609.5 0.9789528847 -0.0335134268 0.2013160437 0.0710745007 0.9806583524 -0.1823668033 -0.1913105100 0.1928369403 0.9624002576
197.3 -478.8 2532.9 0.9821802378 0.0410709381 0.1833989769 -0.0610887147 0.9926080704 0.1048685387 -0.1777362525 -0.1142034158 0.9774289727
366.3 -102.7 2595.8 0.9923142791 -0.0969522819 0.0768937692 0.1077451110 0.9825538397 -0.1515879780 -0.0608554743 0.1587078422 0.9854483604
404.8 -493.3 2532.7 0.9987615943 -0.0381009094 0.0319933556 0.0288418401 0.9673814178 0.2516769469 -0.0405388996 -0.2504425347 0.9672823548
332.2 139.7 2326.5 0 0 0 0 0 0 0 0 0
376.3 216.9 2356.2 0 0 0 0 0 0 0 0 0
185.4 -767.2 2566.1 0 0 0 0 0 0 0 0 0
415.4 -761.5 2602.1 0 0 0 0 0 0 0 0 0
308.2 479.6 2448.4 5 0.9988707900 0.0359402895 0.0310711786 -0.0431496836 0.9599682689 0.2767652273 -0.0198803227 -0.2777934074 0.9604350924
300.9 284.8 2504.8 0.9988707900 0.0359402895 0.0310711786 -0.0431496836 0.9599682689 0.2767652273 -0.0198803227 -0.2777934074 0.9604350924
293.6 92.2 2553.7 0.9988791943 0.0367204882 0.0298659299 -0.0429270789 0.9686291814 0.2447749227 -0.0199407563 -0.2457826287 0.9691198468
160.5 290.8 2507.6 0.3025151789 -0.4730352461 -0.8274794221 0.9082369804 0.4064015448 0.0997163504 0.2891195714 -0.7817131281 0.5525707603
90.9 81.7 2441.0 -0.8798651099 -0.4730352461 -0.0455523990 -0.1720328182 0.4064015448 -0.8973530531 0.4429922104 -0.7817131281 -0.4389561117
441.3 278.7 2502.0 0.7142987251 0.5342324376 0.4520764351 -0.6871271133 0.6579333544 0.3081883192 -0.1327919811 -0.5307725072 0.8370465040
577.1 148.2 2476.7 -0.8156241775 0.5342324376 0.2221552879 0.2361744791 0.6579333544 -0.7150841355 -0.5281844735 -0.5307725072 -0.6627984047
190.1 -88.0 2606.7 0.9865276217 -0.0147148510 0.1629315913 0.0456242114 0.9811787009 -0.1876348704 -0.1571039855 0.1925406158 0.9686312079
195.9 -478.0 2530.2 0.9878286123 0.0376647711 0.1509172320 -0.0556614287 0.9915875196 0.1168589741 -0.1452461779 -0.1238369048 0.9816150069
372.8 -98.9 2595.1 0.9957261682 -0.0850544125 0.0359879732 0.0893294960 0.9858977199 -0.1415129006 -0.0234441645 0.1441228837 0.9892820716
406.6 -490.8 2537.9 0.9996490479 -0.0264334399 0.0017479145 0.0252779089 0.9715271592 0.2355758250 -0.0079252254 -0.2354489714 0.9718543887
318.3 126.2 2326.5 0 0 0 0 0 0 0 0 0
371.8 207.6 2343.8 0 0 0 0 0 0 0 0 0
184.9 -767.8 2566.4 0 0 0 0 0 0 0 0 0
414.0 -763.9 2604.1 0 0 0 0 0 0 0 0 0
309.8 480.9 2455.6 6 0.9994239807 0.0243124366 0.0236766320 -0.0295959748 0.9658150673 0.2575369775 -0.0166058969 -0.2580893636 0.9659783244
304.9 285.4 2507.8 0.9994239807 0.0243124366 0.0236766320 -0.0295959748 0.9658150673 0.2575369775 -0.0166058969 -0.2580893636 0.9659783244
299.6 92.1 2554.0 0.9993839860 0.0265121516 0.0229936019 -0.0311207715 0.9723393321 0.2314901948 -0.0162202809 -0.2320631891 0.9725654721
164.3 289.7 2510.1 0.2956661880 -0.4543461502 -0.8403279781 0.8975439668 0.4333258867 0.0815080032 0.3271030188 -0.7783304453 0.5359154344
96.3 83.4 2434.9 -0.8871819377 -0.4543461502 -0.0804846436 -0.1411655545 0.4333258867 -0.8901128769 0.4392954409 -0.7783304453 -0.4485769272
445.4 281.0 2505.6 0.6929420233 0.5111613870 0.5084735751 -0.7019319534 0.6393776536 0.3138275146 -0.1646901220 -0.5743781328 0.8018521667
576.5 148.2 2474.4 -0.8335011601 0.5111613870 0.2097374946 0.2056824714 0.6393776536 -0.7408717275 -0.5128064752 -0.5743781328 -0.6380589604
194.8 -96.4 2604.4 0.9870139956 -0.0049949111 0.1605566591 0.0323282443 0.9852421880 -0.1680853963 -0.1573476344 0.1710931510 0.9726092815
196.8 -488.0 2536.4 0.9871277213 0.0437218808 0.1538418233 -0.0583047532 0.9940881729 0.0915929899 -0.1489277184 -0.0993836895 0.9838411808
377.9 -104.3 2600.7 0.9968976974 -0.0712569728 0.0334271602 0.0755826384 0.9851776361 -0.1539880633 -0.0219589677 0.1560368687 0.9875071049
406.2 -495.9 2538.7 0.9995148182 -0.0309021883 0.0038932955 0.0291643385 0.9724457264 0.2312980443 -0.0109336339 -0.2310722768 0.9728751779
324.3 119.6 2322.0 0 0 0 0 0 0 0 0 0
365.6 200.3 2344.7 0 0 0 0 0 0 0 0 0
184.7 -763.7 2563.9 0 0 0 0 0 0 0 0 0
414.7 -762.1 2602.0 0 0 0 0 0 0 0 0 0
310.5 484.8 2458.7 7 0.9990768433 0.0238307789 -0.0357436389 -0.0137735168 0.9657990336 0.2589255869 0.0406915694 -0.2581942379 0.9652357101
305.7 288.0 2511.3 0.9990768433 0.0238307789 -0.0357436389 -0.0137735168 0.9657990336 0.2589255869 0.0406915694 -0.2581942379 0.9652357101
301.2 94.5 2556.8 0.9990755916 0.0227850005 -0.0364521071 -0.0138234487 0.9732207656 0.2294563204 0.0407041088 -0.2287403196 0.9726361036
165.4 290.0 2505.6 0.2842692137 -0.4450904131 -0.8491675258 0.9005245566 0.4279008806 0.0771777332 0.3290084600 -0.7866354585 0.5224539042
100.6 84.9 2430.7 -0.8909692764 -0.4450904131 -0.0898234695 -0.1234961152 0.4279008806 -0.8953488469 0.4369467497 -0.7866354585 -0.4362134635
446.0 286.0 2517.0 0.6755671501 0.4950721860 0.5463629961 -0.7051879168 0.6501745582 0.2828128636 -0.2152185291 -0.5763476491 0.7883554697
577.6 148.7 2475.1 -0.8403586149 0.4950721860 0.2206829786 0.1898352355 0.6501745582 -0.7356871963 -0.5077007413 -0.5763476491 -0.6403619051
202.7 -98.3 2601.6 0.9940154552 0.0176996514 0.1077961922 0.0004582200 0.9861022234 -0.1661389321 -0.1092386693 0.1651940644 0.9801927805
