-75.5 414.3 2531.1  0.9897546172 0.0200988967 -0.1413570046 -0.0151214637 0.9992302060 0.0361983255 0.1419757307 -0.0336899348 0.9892966747
-79.5 216.2 2537.7 0.9897546172 0.0200988967 -0.1413570046 -0.0151214637 0.9992302060 0.0361983255 0.1419757307 -0.0336899348 0.9892966747
-82.8 22.1 2542.4 0.9897915125 0.0166938547 -0.1415415853 -0.0131163904 0.9995714426 0.0261704531 0.1419178098 -0.0240467787 0.9895862937
-214.7 218.0 2518.4 0.6370893121 -0.2630433738 -0.7245173454 0.4615542591 0.8830038905 0.0852746293 0.6173207164 -0.3887315989 0.6839611530
-354.5 116.7 2383.0 -0.9032845497 -0.2630433738 -0.3389472365 -0.0838463679 0.8830038905 -0.4618158340 0.4207693338 -0.3887315989 -0.8196589947
55.7 214.4 2557.1 0.2024843991 0.7571709752 0.6210411787 -0.9069801569 0.3841588199 -0.1726529449 -0.3693062663 -0.5283125043 0.7645251751
100.1 15.6 2476.2 -0.6217393875 0.7571709752 0.2003302425 0.1757960916 0.3841588199 -0.9063761234 -0.7632403374 -0.5283125043 -0.3719543815
-175.1 -170.8 2535.1 0.9699360728 0.0033481210 0.2433367968 0.0010453318 0.9998388290 -0.0179236606 -0.2433575988 0.0176391732 0.9697762132
-176.4 -558.8 2528.3 0.9699331522 0.0070782942 0.2432684451 -0.0131237023 0.9996438026 0.0232391078 -0.2430172861 -0.0257329643 0.9696805477
2.4 -173.3 2559.7 0.9366384149 0.0788471252 0.3413087130 -0.0778009519 0.9968277812 -0.0167755615 -0.3415487111 -0.0108415065 0.9398015738
-28.2 -560.2 2563.9 0.9342378378 -0.1069990322 0.3402217329 0.1245585829 0.9917547107 -0.0301290434 -0.3341927230 0.0705252290 0.9398624301
-102.7 140.1 2265.7 0 0 0 0 0 0 0 0 0
-57.9 60.3 2282.3 0 0 0 0 0 0 0 0 0
-178.3 -829.9 2535.2 0 0 0 0 0 0 0 0 0
2.5 -844.8 2543.7 0 0 0 0 0 0 0 0 0
-76.0 414.5 2538.5  0.9860755205 0.0206846874 -0.1650066823 -0.0182990730 0.9997050762 0.0159649309 0.1652882397 -0.0127231590 0.9861632586
-80.1 216.7 2541.0 0.9860755205 0.0206846874 -0.1650066823 -0.0182990730 0.9997050762 0.0159649309 0.1652882397 -0.0127231590 0.9861632586
-83.2 22.7 2542.6 0.9861380458 0.0164595228 -0.1651087105 -0.0149347363 0.9998336434 0.0104723275 0.1652536094 -0.0078613050 0.9862197638
-214.8 218.8 2518.5 0.6241945624 -0.2537922263 -0.7388982773 0.4693137705 0.8779152036 0.0949184075 0.6246004701 -0.4060226977 0.6670980453
-348.9 117.9 2384.2 -0.8967708349 -0.2537922263 -0.3624797761 -0.0562562421 0.8779152036 -0.4754998982 0.4389046729 -0.4060226977 -0.8015661240
54.6 214.7 2563.6 0.1489686966 0.7706582546 0.6195919514 -0.8969958425 0.3690306246 -0.2433411181 -0.4161812663 -0.5195211768 0.7462512255
87.6 16.2 2471.5 -0.6010736823 0.7706582546 0.2116513103 0.1501798481 0.3690306246 -0.9172036052 -0.7849563360 -0.5195211768 -0.3375519514
-174.7 -170.7 2534.4 0.9754456282 0.0040310738 0.2202034146 0.0007376943 0.9997670650 -0.0215696730 -0.2202390730 0.0212024860 0.9752154946
-176.2 -558.7 2526.1 0.9754715562 0.0014233665 0.2201209366 -0.0081500746 0.9995269775 0.0296540279 -0.2199746072 -0.0307206623 0.9750217199
2.7 -173.0 2559.8 0.9439659715 0.0794165209 0.3203456104 -0.0796973109 0.9967437387 -0.0122566810 -0.3202758729 -0.0139607945 0.9472214580
-28.2 -560.0 2565.2 0.9420074821 -0.1052030772 0.3186757863 0.1217476353 0.9920324087 -0.0323912650 -0.3127290308 0.0693108365 0.9473101497
-100.6 133.5 2262.7 0 0 0 0 0 0 0 0 0
-64.5 54.2 2272.9 0 0 0 0 0 0 0 0 0
-176.6 -826.6 2534.4 0 0 0 0 0 0 0 0 0
2.1 -845.1 2545.3 0 0 0 0 0 0 0 0 0
-75.5 413.0 2542.2  0.9857316613 0.0198130067 -0.1671543866 -0.0197668336 0.9998027086 0.0019401545 0.1671598554 0.0013916413 0.9859288335
-79.4 215.7 2542.0 0.9857316613 0.0198130067 -0.1671543866 -0.0197668336 0.9998027086 0.0019401545 0.1671598554 0.0013916413 0.9859288335
-82.5 21.6 2541.1 0.9857948422 0.0157128926 -0.1672174782 -0.0162103996 0.9998673201 -0.0016105906 0.1671699733 0.0042983736 0.9859187007
-214.1 217.9 2519.1 0.6030392647 -0.2370013744 -0.7616915703 0.4724208415 0.8754965663 0.1016086042 0.6427769661 -0.4211129546 0.6399231553
-341.6 118.0 2383.2 -0.8903859258 -0.2370013744 -0.3886428773 -0.0223420355 0.8754965663 -0.4827075601 0.4546578526 -0.4211129546 -0.7848249078
55.2 213.5 2564.8 0.0758175701 0.8015432358 0.5931106210 -0.8962948918 0.3154293597 -0.3117047250 -0.4369292855 -0.5079692602 0.7423341274
71.9 15.9 2468.5 -0.5685635209 0.8015432358 0.1851053685 0.1390720755 0.3154293597 -0.9387030005 -0.8107986450 -0.5079692602 -0.2908138931
-174.7 -170.0 2529.3 0.9759051800 0.0004595553 0.2181946188 0.0005182897 0.9999901056 -0.0044242721 -0.2181944996 0.0044307578 0.9758952260
-174.9 -558.1 2527.6 0.9758197665 0.0147061963 0.2180813402 -0.0217584036 0.9993138909 0.0299712662 -0.2174909562 -0.0339916572 0.9754702449
1.9 -172.7 2558.9 0.9448145032 0.0753706545 0.3188178241 -0.0737161934 0.9971296787 -0.0172706526 -0.3192044497 -0.0071844743 0.9476586580
-27.3 -559.8 2561.7 0.9429894686 -0.0957735032 0.3187449574 0.1071253195 0.9940783381 -0.0182330292 -0.3151111901 0.0513392091 0.9476651549
-96.3 124.2 2258.0 0 0 0 0 0 0 0 0 0
-71.6 51.0 2263.7 0 0 0 0 0 0 0 0 0
-178.9 -829.3 2536.8 0 0 0 0 0 0 0 0 0
0.2 -845.5 2546.9 0 0 0 0 0 0 0 0 0
-75.6 416.1 2545.6  0.9838187695 0.0176872648 -0.1782911867 -0.0201065559 0.9997285604 -0.0117714358 0.1780345887 0.0151657816 0.9839073420
-79.1 218.8 2542.6 0.9838187695 0.0176872648 -0.1782911867 -0.0201065559 0.9997285604 -0.0117714358 0.1780345887 0.0151657816 0.9839073420
-81.7 24.7 2539.3 0.9838730097 0.0138630373 -0.1783303320 -0.0166701563 0.9997594357 -0.0142522790 0.1780898571 0.0169952270 0.9838674664
-213.5 221.1 2518.3 0.5653929710 -0.2243084759 -0.7937358022 0.4970674813 0.8606001139 0.1108662933 0.6582208872 -0.4572232664 0.5980737209
-331.6 117.3 2380.8 -0.8978760242 -0.2243084759 -0.3788196743 -0.0001271295 0.8606001139 -0.5092812777 0.4402483702 -0.4572232664 -0.7727407217
55.3 216.5 2566.9 0.0556359962 0.7990178466 0.5987279415 -0.8845935464 0.3175371289 -0.3415617943 -0.4630323052 -0.5106276870 0.7244725227
68.1 13.1 2460.5 -0.5760282874 0.7990178466 0.1725162864 0.1605691165 0.3175371289 -0.9345521331 -0.8015041947 -0.5106276870 -0.3112079799
-173.8 -171.0 2525.3 0.9783031344 0.0013139006 0.2071743459 -0.0002789944 0.9999873638 -0.0050244778 -0.2071783245 0.0048576621 0.9782911539
-174.3 -559.2 2523.4 0.9781729579 0.0188065153 0.2069394141 -0.0296334475 0.9983420968 0.0493444018 -0.2056683451 -0.0543996915 0.9771085978
2.8 -173.9 2555.3 0.9476526380 0.0776814297 0.3097097278 -0.0791467577 0.9968320727 -0.0078515643 -0.3093384802 -0.0170719642 0.9507987499
-27.3 -560.9 2561.9 0.9460437298 -0.1002080813 0.3081552088 0.1140078679 0.9931112528 -0.0270599164 -0.3033207953 0.0607319847 0.9509511590
-84.1 117.3 2259.5 0 0 0 0 0 0 0 0 0
-77.7 53.8 2257.6 0 0 0 0 0 0 0 0 0
-179.4 -830.4 2538.2 0 0 0 0 0 0 0 0 0
0.8 -840.2 2544.8 0 0 0 0 0 0 0 0 0
-75.2 415.3 2536.8  0.9853413701 0.0170316771 -0.1697417945 -0.0154666211 0.9998248219 0.0105383135 0.1698915511 -0.0077585047 0.9854322076
-78.5 218.4 2538.3 0.9853413701 0.0170316771 -0.1697417945 -0.0154666211 0.9998248219 0.0105383135 0.1698915511 -0.0077585047 0.9854322076
-81.6 24.3 2538.3 0.9853388667 0.0158249456 -0.1698730439 -0.0156187685 0.9998747706 0.0025500387 0.1698921323 0.0001405555 0.9854626656
-213.2 220.6 2515.1 0.5748316050 -0.2238975465 -0.7870441675 0.4965127110 0.8599725962 0.1179926619 0.6504181623 -0.4586033523 0.6055073738
-332.6 117.3 2379.9 -0.8962618709 -0.2238975465 -0.3828635812 0.0031700146 0.8599725962 -0.5103303790 0.4435139000 -0.4586033523 -0.7700508833
56.1 216.2 2561.5 0.0321587399 0.8188648820 0.5730847716 -0.8965482116 0.2770717144 -0.3455901146 -0.4417771995 -0.5026844144 0.7430621386
63.3 14.5 2462.1 -0.5570325851 0.8188648820 0.1384740621 0.1723217815 0.2770717144 -0.9452705979 -0.8124160767 -0.5026844144 -0.2954462171
-172.5 -167.8 2520.1 0.9764818549 0.0039506070 0.2155632973 -0.0050869314 0.9999759197 0.0047168727 -0.2155394703 -0.0057024965 0.9764784575
-174.1 -556.0 2522.3 0.9763258100 0.0186447334 0.2155000269 -0.0308455899 0.9980970621 0.0533925258 -0.2140944600 -0.0587757267 0.9750430584
3.7 -170.8 2552.0 0.9451290965 0.0815417394 0.3163572848 -0.0821769312 0.9965530634 -0.0113569815 -0.3161928952 -0.0152634559 0.9485721588
-27.9 -557.7 2557.9 0.9425938129 -0.1064595580 0.3165174127 0.1153384075 0.9932818413 -0.0093925986 -0.3133910596 0.0453600176 0.9485402107
-85.7 116.5 2257.7 0 0 0 0 0 0 0 0 0
-77.9 58.2 2256.2 0 0 0 0 0 0 0 0 0
-179.2 -829.0 2538.4 0 0 0 0 0 0 0 0 0
3.1 -847.0 2544.7 0 0 0 0 0 0 0 0 0
-72.6 415.2 2532.9  0.9832677841 0.0238647349 -0.1805961430 -0.0197939333 0.9995085001 0.0243098717 0.1810875237 -0.0203284044 0.9832568765
-77.3 217.8 2536.9 0.9832677841 0.0238647349 -0.1805961430 -0.0197939333 0.9995085001 0.0243098717 0.1810875237 -0.0203284044 0.9832568765
-81.4 23.8 2538.9 0.9832908511 0.0210260451 -0.1808232367 -0.0187668800 0.9997230768 0.0141957449 0.1810716540 -0.0105650574 0.9834131598
-211.7 220.4 2512.2 0.6149274111 -0.2361452281 -0.7523959875 0.4844710529 0.8659502268 0.1241693497 0.6222154498 -0.4408692122 0.6469020247
-341.6 118.0 2380.7 -0.9073140025 -0.2361452281 -0.3478746116 -0.0340692960 0.8659502268 -0.4989684522 0.4190711081 -0.4408692122 -0.7937340736
57.0 215.2 2561.6 0.1094997823 0.7841051817 0.6108918786 -0.8964151740 0.3434470296 -0.2801499665 -0.4294760525 -0.5169363618 0.7404911518
81.9 11.4 2464.0 -0.5969873071 0.7841051817 0.1696620733 0.1896867305 0.3434470296 -0.9198168516 -0.7795031071 -0.5169363618 -0.3537678719
-172.9 -168.3 2523.0 0.9788220525 0.0069935280 0.2045935839 -0.0075118169 0.9999702573 0.0017567115 -0.2045752108 -0.0032563775 0.9788454175
-175.6 -556.5 2524.3 0.9787474275 0.0127570760 0.2046722323 -0.0246939156 0.9981324077 0.0558739938 -0.2035771906 -0.0597406887 0.9772345424
3.6 -171.1 2553.5 0.9489288926 0.0823844299 0.3045435250 -0.0812877119 0.9965573549 -0.0163016114 -0.3048380911 -0.0092865760 0.9523589015
-28.3 -558.0 2557.1 0.9461249709 -0.1082041338 0.3051875532 0.1162934005 0.9931794405 -0.0083947321 -0.3021976650 0.0434337631 0.9522552490
-91.9 127.4 2265.4 0 0 0 0 0 0 0 0 0
-69.4 59.5 2266.5 0 0 0 0 0 0 0 0 0
-179.1 -828.1 2540.6 0 0 0 0 0 0 0 0 0
3.0 -845.3 2544.5 0 0 0 0 0 0 0 0 0
-75.2 412.1 2522.9  0.9874494076 0.0164338481 -0.1570783854 -0.0083767902 0.9986214042 0.0518183000 0.1577133983 -0.0498521365 0.9862257838
-78.4 214.7 2532.8 0.9874494076 0.0164338481 -0.1570783854 -0.0083767902 0.9986214042 0.0518183000 0.1577133983 -0.0498521365 0.9862257838
-81.8 20.8 2539.1 0.9873840213 0.0176163241 -0.1573608369 -0.0122118928 0.9993040562 0.0352453440 0.1578722149 -0.0328790136 0.9869120121
-213.3 216.4 2511.2 0.6308841705 -0.2302821726 -0.7409151793 0.4558135867 0.8827770352 0.1137481928 0.6278687119 -0.4094811380 0.6618958116
-345.6 120.8 2379.5 -0.9086220264 -0.2302821726 -0.3483907282 -0.0444072820 0.8827770352 -0.4676886499 0.4152517021 -0.4094811380 -0.8123369217
56.4 213.0 2554.3 0.2279749811 0.7458782196 0.6258538961 -0.9119595289 0.3887620866 -0.1311251968 -0.3411116898 -0.5408601761 0.7688388228
106.5 12.8 2479.4 -0.6371946335 0.7458782196 0.1940327138 0.1799152792 0.3887620866 -0.9036008716 -0.7494087815 -0.5408601761 -0.3819119930
-173.6 -168.6 2524.8 0.9736967087 0.0061980584 0.2277637273 -0.0067016860 0.9999765158 0.0014378808 -0.2277494669 -0.0029264607 0.9737153649
-176.0 -556.8 2525.9 0.9736613631 0.0089452835 0.2278234661 -0.0193123687 0.9988747239 0.0433163866 -0.2271796316 -0.0465753041 0.9727385044
2.6 -171.9 2557.2 0.9420993328 0.0828229040 0.3249450028 -0.0797885060 0.9965538383 -0.0226770211 -0.3257033527 -0.0045628692 0.9454609752
-29.6 -558.8 2559.0 0.9385340214 -0.1135509312 0.3259755373 0.1235133559 0.9922929406 -0.0099568861 -0.3223326206 0.0496072099 0.9453257918
-95.5 133.0 2265.2 0 0 0 0 0 0 0 0 0
-55.0 58.4 2289.5 0 0 0 0 0 0 0 0 0
-178.4 -825.1 2538.4 0 0 0 0 0 0 0 0 0
3.2 -844.8 2544.7 0 0 0 0 0 0 0 0 0
-74.6 412.9 2525.9  0.9843354225 0.0204203296 -0.1751194298 -0.0132815531 0.9990360141 0.0418408215 0.1758050174 -0.0388595425 0.9836577177
-78.7 215.2 2533.6 0.9843354225 0.0204203296 -0.1751194298 -0.0132815531 0.9990360141 0.0418408215 0.1758050174 -0.0388595425 0.9836577177
-82.3 21.2 2538.8 0.9843220115 0.0188989025 -0.1753654927 -0.0139636574 0.9994721413 0.0293341149 0.1758273095 -0.0264254715 0.9840663075
-213.1 217.1 2509.6 0.6553313136 -0.1873568147 -0.7317364812 0.4190922678 0.8961479068 0.1458788514 0.6284127235 -0.4022640884 0.6657935381
-348.7 130.5 2379.6 -0.9112629890 -0.1873568147 -0.3667385280 -0.0056739585 0.8961479068 -0.4437192678 0.4117857814 -0.4022640884 -0.8176894784
55.8 213.3 2557.6 0.2830056250 0.7333081365 0.6181965470 -0.8996044397 0.4264606535 -0.0940379500 -0.3325953186 -0.5295190811 0.7803780437
118.6 13.5 2483.8 -0.6423384547 0.7333081365 0.2228464037 0.1792829484 0.4264606535 -0.8865601420 -0.7451570034 -0.5295190811 -0.4054017067
-173.6 -172.0 2531.4 0.9777343869 0.0021676312 0.2098349780 0.0024608918 0.9997594357 -0.0217943080 -0.2098317444 0.0218254272 0.9774938822
-174.4 -560.0 2522.9 0.9776312113 0.0196877401 0.2094030231 -0.0315606035 0.9980685115 0.0535088666 -0.2079450935 -0.0589208230 0.9763642550
3.3 -174.3 2559.7 0.9480230808 0.0794284120 0.3081287742 -0.0763726756 0.9968369603 -0.0219846927 -0.3089003563 -0.0026906228 0.9510905743
-27.6 -561.3 2560.7 0.9455935955 -0.1041755527 0.3082211316 0.1161866710 0.9930090904 -0.0208230354 -0.3038971424 0.0555013157 0.9510868192
-97.9 132.0 2266.3 0 0 0 0 0 0 0 0 0
-44.4 59.0 2294.7 0 0 0 0 0 0 0 0 0
-179.8 -830.0 2538.8 0 0 0 0 0 0 0 0 0
2.1 -844.2 2544.9 0 0 0 0 0 0 0 0 0
-76.5 415.9 2535.5  0.9839735031 0.0185316727 -0.1773492992 -0.0159062967 0.9997420311 0.0162138678 0.1776040196 -0.0131330453 0.9840143919
-80.2 217.7 2538.1 0.9839735031 0.0185316727 -0.1773492992 -0.0159062967 0.9997420311 0.0162138678 0.1776040196 -0.0131330453 0.9840143919
-83.0 23.6 2539.4 0.9840162396 0.0148200653 -0.1774608344 -0.0133407656 0.9998656511 0.0095262928 0.1775781810 -0.0070065637 0.9840817451
-214.6 219.5 2513.8 0.7067460418 -0.1791689098 -0.6844038367 0.4065331519 0.8945829272 0.1856130213 0.5789998770 -0.4094141126 0.7050809860
-367.5 131.6 2388.6 -0.9121151567 -0.1791689098 -0.3687064946 0.0049163303 0.8945829272 -0.4468749762 0.4099046290 -0.4094141126 -0.8150817752
54.2 215.8 2562.3 0.3101556599 0.7258494496 0.6139593124 -0.8892032504 0.4499638379 -0.0827653706 -0.3363347054 -0.5202645063 0.7849864960
124.6 13.9 2486.0 -0.6450488567 0.7258494496 0.2388609797 0.1826213300 0.4499638379 -0.8741750717 -0.7419982553 -0.5202645063 -0.4228042364
-174.1 -171.5 2528.1 0.9781259894 0.0032331815 0.2079881430 -0.0045532226 0.9999724030 0.0058682826 -0.2079634368 -0.0066869361 0.9781137705
-175.4 -559.5 2530.7 0.9780757427 0.0101655079 0.2080012113 -0.0172286499 0.9993337989 0.0321738012 -0.2075355798 -0.0350519940 0.9775992632
2.2 -174.0 2559.6 0.9485726357 0.0728591308 0.3080608845 -0.0715521947 0.9973155856 -0.0155524090 -0.3083670735 -0.0072898446 0.9512395263
-26.1 -561.2 2562.5 0.9472485781 -0.0926676691 0.3068106771 0.1076014563 0.9936763048 -0.0320838392 -0.3018973768 0.0634046495 0.9512296319
-116.4 130.2 2275.7 0 0 0 0 0 0 0 0 0
-39.1 60.3 2297.6 0 0 0 0 0 0 0 0 0
-178.0 -823.9 2540.0 0 0 0 0 0 0 0 0 0
0.3 -844.1 2544.4 0 0 0 0 0 0 0 0 0
-75.1 416.6 2531.7  0.9833661914 0.0225097463 -0.1802339852 -0.0178567506 0.9994651079 0.0273976177 0.1807543039 -0.0237234961 0.9832421541
-79.6 218.7 2536.4 0.9833661914 0.0225097463 -0.1802339852 -0.0178567506 0.9994651079 0.0273976177 0.1807543039 -0.0237234961 0.9832421541
-83.7 24.7 2539.6 0.9833649397 0.0212657116 -0.1803917438 -0.0179132540 0.9996356368 0.0201932583 0.1807554364 -0.0166259389 0.9833875299
-213.9 221.1 2511.7 0.7151882052 -0.1810263842 -0.6750816703 0.3935640156 0.9024991393 0.1749361604 0.5775925517 -0.3908001184 0.7167022228
-372.2 134.0 2383.9 -0.9172419310 -0.1810263842 -0.3548192084 -0.0115712713 0.9024991393 -0.4305361509 0.3981624246 -0.3908001184 -0.8299047947
54.7 216.2 2561.1 0.3183780909 0.7224202752 0.6137950420 -0.8834196925 0.4609406888 -0.0842812806 -0.3438096344 -0.5154052973 0.7849537134
127.2 15.1 2482.8 -0.6481282711 0.7224202752 0.2409122884 0.1917023808 0.4609406888 -0.8664778471 -0.7370074391 -0.5154052973 -0.4372383654
-174.0 -169.2 2524.9 0.9787591100 0.0026661849 0.2049964666 -0.0041083656 0.9999697208 0.0066098506 -0.2049726248 -0.0073116515 0.9787403941
-175.1 -557.3 2527.7 0.9787065983 0.0107585629 0.2049821019 -0.0187727977 0.9991317391 0.0371927060 -0.2044039816 -0.0402488336 0.9780588150
2.3 -171.6 2556.7 0.9496105909 0.0748161077 0.3043718934 -0.0730618462 0.9971796870 -0.0171658173 -0.3047977388 -0.0059371307 0.9523985982
-26.8 -558.8 2559.0 0.9478009939 -0.0946680084 0.3044852316 0.1043519303 0.9944173098 -0.0156505257 -0.3013037741 0.0466072038 0.9523884654
-119.7 137.2 2274.3 0 0 0 0 0 0 0 0 0
-37.4 63.8 2295.7 0 0 0 0 0 0 0 0 0
-178.0 -827.8 2538.6 0 0 0 0 0 0 0 0 0
0.5 -845.9 2545.5 0 0 0 0 0 0 0 0 0
-75.7 416.7 2531.8  0.9812942147 0.0232071374 -0.1911101490 -0.0181878973 0.9994431138 0.0279762037 0.1916529685 -0.0239769947 0.9811698198
-80.3 218.8 2536.6 0.9812942147 0.0232071374 -0.1911101490 -0.0181878973 0.9994431138 0.0279762037 0.1916529685 -0.0239769947 0.9811698198
-84.4 24.8 2540.3 0.9813144207 0.0213565473 -0.1912222803 -0.0172829069 0.9995872974 0.0229459088 0.1916334182 -0.0192122739 0.9812785387
-214.4 221.2 2510.4 0.7215657830 -0.1633132547 -0.6728087664 0.3715941608 0.9113044739 0.1773186177 0.5841751695 -0.3779588342 0.7182523608
-374.7 138.6 2380.6 -0.9253613949 -0.1633132547 -0.3421038091 -0.0086493073 0.9113044739 -0.4116421938 0.3789873719 -0.3779588342 -0.8446985483
53.8 216.5 2562.8 0.3323686719 0.7195292115 0.6097612381 -0.8775551915 0.4728220105 -0.0796006992 -0.3455835581 -0.5086423755 0.7885777950
130.4 14.1 2483.1 -0.6472006440 0.7195292115 0.2518115640 0.1909721494 0.4728220105 -0.8602144718 -0.7380115390 -0.5086423755 -0.4434207380
-175.9 -167.7 2526.7 0.9809604287 -0.0022452129 0.1941945851 0.0008001667 0.9999713898 0.0075193485 -0.1942059249 -0.0072207954 0.9809342027
-175.1 -555.9 2529.5 0.9809248447 0.0105183264 0.1941026747 -0.0164200813 0.9994496703 0.0288214833 -0.1936927140 -0.0314588882 0.9805577397
0.3 -170.9 2559.1 0.9534131885 0.0713578463 0.2931063473 -0.0670643896 0.9974432588 -0.0246850010 -0.2941184044 0.0038780083 0.9557611346
-27.4 -558.2 2557.5 0.9508289099 -0.0983222649 0.2936956584 0.1078256890 0.9940361381 -0.0163022336 -0.2903411984 0.0471685715 0.9557599425
-119.9 141.0 2276.3 0 0 0 0 0 0 0 0 0
-34.0 62.6 2295.6 0 0 0 0 0 0 0 0 0
-177.9 -826.8 2538.0 0 0 0 0 0 0 0 0 0
0.7 -842.4 2544.1 0 0 0 0 0 0 0 0 0
-77.7 414.4 2531.9  0.9823980331 0.0200120807 -0.1857245862 -0.0153001426 0.9995245337 0.0267694052 0.1861719936 -0.0234565996 0.9822371006
-81.6 217.0 2536.5 0.9823980331 0.0200120807 -0.1857245862 -0.0153001426 0.9995245337 0.0267694052 0.1861719936 -0.0234565996 0.9822371006
-85.3 22.9 2539.7 0.9823870063 0.0191981401 -0.1858686805 -0.0158614554 0.9996855259 0.0194224026 0.1861831099 -0.0161321685 0.9823825955
-215.8 219.1 2511.1 0.7122361660 -0.1520836055 -0.6852665544 0.3547613919 0.9203787446 0.1644606441 0.6056929827 -0.3602409065 0.7094804049
-377.7 138.5 2373.5 -0.9379293323 -0.1520836055 -0.3117036223 -0.0194476154 0.9203787446 -0.3905441463 0.3462807536 -0.3602409065 -0.8662078977
52.6 214.8 2562.0 0.3420466185 0.7243406773 0.5986106396 -0.8765856028 0.4754545093 -0.0744355172 -0.3385288119 -0.4992730916 0.7975742221
131.6 12.4 2483.8 -0.6432334781 0.7243406773 0.2481557280 0.2053862661 0.4754545093 -0.8554294109 -0.7376090884 -0.4992730916 -0.4545978904
-176.5 -167.7 2526.9 0.9798665643 -0.0039602551 0.1996140927 0.0051641464 0.9999715090 -0.0055107954 -0.1995865703 0.0064306804 0.9798591137
-175.0 -555.9 2524.4 0.9799010158 0.0093257464 0.1992662698 -0.0170179270 0.9991731644 0.0369247086 -0.1987571567 -0.0395736583 0.9792494774
-0.7 -170.8 2561.2 0.9520966411 0.0669219196 0.2983846664 -0.0615168139 0.9977276325 -0.0274809580 -0.2995457053 0.0078088543 0.9540500045
-26.7 -558.1 2558.2 0.9493514895 -0.0959627628 0.2992037833 0.1052104682 0.9943381548 -0.0149138682 -0.2960785627 0.0456378721 0.9540726542
-119.6 143.9 2278.2 0 0 0 0 0 0 0 0 0
-31.8 64.6 2296.5 0 0 0 0 0 0 0 0 0
-177.5 -827.8 2535.1 0 0 0 0 0 0 0 0 0
0.8 -842.7 2545.1 0 0 0 0 0 0 0 0 0
-79.5 415.5 2538.9  0.9814458489 0.0158639550 -0.1910821348 -0.0154100694 0.9998738170 0.0038611849 0.1911192685 -0.0008449548 0.9815664291
-82.6 217.5 2539.1 0.9814458489 0.0158639550 -0.1910821348 -0.0154100694 0.9998738170 0.0038611849 0.1911192685 -0.0008449548 0.9815664291
-85.4 23.4 2538.8 0.9814584255 0.0145828156 -0.1911197305 -0.0145857092 0.9998926520 0.0013917097 0.1911195070 0.0014217116 0.9815657735
-216.7 219.4 2513.0 0.7139178514 -0.1616997123 -0.6813035011 0.3565527201 0.9213359356 0.1549523473 0.6026536822 -0.3535438776 0.7154126763
-377.0 139.4 2377.7 -0.9326053858 -0.1616997123 -0.3226458728 -0.0255375933 0.9213359356 -0.3879276812 0.3599930406 -0.3535438776 -0.8633723259
51.5 215.5 2565.2 0.3511603773 0.7269893289 0.5900617838 -0.8745213747 0.4798062146 -0.0706989318 -0.3345126808 -0.4911949933 0.8042566776
133.0 12.5 2487.6 -0.6373634934 0.7269893289 0.2554492652 0.2054054588 0.4798062146 -0.8529915810 -0.7426819205 -0.4911949933 -0.4551385343
-177.1 -169.7 2526.1 0.9809236526 -0.0004600093 0.1943929195 0.0008333237 0.9999979734 -0.0018386397 -0.1943916827 0.0019655575 0.9809220433
-176.9 -557.9 2525.4 0.9809497595 0.0049773841 0.1941977143 -0.0131197795 0.9990866780 0.0406647734 -0.1938179582 -0.0424379334 0.9801191688
-1.1 -172.6 2559.5 0.9532647729 0.0663520023 0.2947604656 -0.0623179004 0.9977896810 -0.0230692085 -0.2956396639 0.0036222090 0.9552926421
-26.8 -559.9 2558.1 0.9499874711 -0.1004631221 0.2956871986 0.1078297719 0.9941315651 -0.0086692180 -0.2930810452 0.0401195325 0.9552454948
-120.3 146.4 2278.6 0 0 0 0 0 0 0 0 0
-28.9 64.7 2298.9 0 0 0 0 0 0 0 0 0
-178.3 -831.1 2537.0 0 0 0 0 0 0 0 0 0
1.7 -842.3 2546.7 0 0 0 0 0 0 0 0 0
-78.6 418.0 2534.0  0.9801104069 0.0171022452 -0.1977145523 -0.0140749793 0.9997613430 0.0167065617 0.1979530901 -0.0135914478 0.9801172614
-82.0 219.9 2536.6 0.9801104069 0.0171022452 -0.1977145523 -0.0140749793 0.9997613430 0.0167065617 0.1979530901 -0.0135914478 0.9801172614
-84.9 25.8 2538.2 0.9801310301 0.0146958800 -0.1978060156 -0.0127807632 0.9998583198 0.0109550525 0.1979389787 -0.0082092742 0.9801799655
-215.9 221.6 2509.6 0.7095730305 -0.1464423388 -0.6892464757 0.3517144322 0.9212063551 0.1663606167 0.6105759740 -0.3604629636 0.7051690817
-376.5 142.1 2371.5 -0.9426302910 -0.1464423388 -0.3000045419 -0.0194406267 0.9212063551 -0.3885884285 0.3332718611 -0.3604629636 -0.8712039590
51.9 218.1 2563.7 0.3415721655 0.7285380363 0.5937682986 -0.8782600760 0.4723672867 -0.0743528008 -0.3346455395 -0.4960861206 0.8011934161
132.0 12.1 2485.2 -0.6404059529 0.7285380363 0.2431306690 0.2126323730 0.4723672867 -0.8553692698 -0.7380160689 -0.4960861206 -0.4574176073
-176.2 -169.4 2521.4 0.9822139740 0.0037144467 0.1877281517 -0.0082593644 0.9996912479 0.0234336890 -0.1875831485 -0.0245674122 0.9819414616
-177.6 -557.3 2531.0 0.9822155833 0.0026762274 0.1877374202 -0.0077141947 0.9996293187 0.0261096973 -0.1875979453 -0.0270935949 0.9818721414
-0.3 -172.0 2555.7 0.9549105763 0.0693103299 0.2886899710 -0.0702374578 0.9975045919 -0.0071595307 -0.2884658277 -0.0134401377 0.9573958516
-27.2 -559.2 2560.9 0.9528787136 -0.0952905193 0.2879963815 0.1045605317 0.9943742156 -0.0169414170 -0.2847618163 0.0462561697 0.9574816227
-117.0 147.4 2279.7 0 0 0 0 0 0 0 0 0
-30.7 66.1 2297.7 0 0 0 0 0 0 0 0 0
-178.3 -828.8 2538.3 0 0 0 0 0 0 0 0 0
-0.0 -843.0 2547.7 0 0 0 0 0 0 0 0 0
-77.5 416.7 2531.5  0.9809201956 0.0181374587 -0.1935629696 -0.0142316129 0.9996664524 0.0215502586 0.1938892752 -0.0183843710 0.9808511138
-81.1 218.9 2535.1 0.9809201956 0.0181374587 -0.1935629696 -0.0142316129 0.9996664524 0.0215502586 0.1938892752 -0.0183843710 0.9808511138
-83.8 24.8 2537.8 0.9809699655 0.0140534835 -0.1936502159 -0.0111389076 0.9998078346 0.0161313992 0.1938396990 -0.0136673665 0.9809380174
-215.1 220.4 2508.6 0.7248786688 -0.1839467138 -0.6638633013 0.3814017773 0.9096733332 0.1643992215 0.5736580491 -0.3723681271 0.7295604348
-379.9 133.7 2378.2 -0.9337531924 -0.1839467138 -0.3070319891 -0.0433853194 0.9096733332 -0.4130522311 0.3552784026 -0.3723681271 -0.8573909402
52.9 217.4 2561.6 0.3368966877 0.7274485826 0.5977618098 -0.8807781339 0.4678723216 -0.0729752928 -0.3327619731 -0.5019103885 0.7983454466
131.5 11.9 2483.9 -0.6451267600 0.7274485826 0.2337306291 0.2171941698 0.4678723216 -0.8566925526 -0.7325559258 -0.5019103885 -0.4598345459
-175.5 -167.1 2522.1 0.9814110994 0.0051821670 0.1918474585 -0.0093489373 0.9997395277 0.0208203606 -0.1916895807 -0.0222269017 0.9812039137
-177.6 -555.2 2530.7 0.9813839197 0.0090798093 0.1918416321 -0.0131043196 0.9997196794 0.0197199322 -0.1916088015 -0.0218667779 0.9812277555
0.1 -169.4 2557.6 0.9541261196 0.0658259094 0.2920791805 -0.0652090237 0.9978011847 -0.0118582072 -0.2922175229 -0.0077319718 0.9563206434
-25.5 -556.7 2560.6 0.9529033899 -0.0827843696 0.2917565703 0.0916103572 0.9956549406 -0.0166959465 -0.2891067266 0.0426375456 0.9563468695
-122.9 145.7 2280.5 0 0 0 0 0 0 0 0 0
-32.3 67.0 2297.9 0 0 0 0 0 0 0 0 0
-180.1 -830.3 2536.7 0 0 0 0 0 0 0 0 0
-1.4 -846.1 2548.2 0 0 0 0 0 0 0 0 0
-77.9 416.1 2530.2  0.9820875525 0.0163671393 -0.1877128631 -0.0118359588 0.9996114969 0.0252344571 0.1880529523 -0.0225606859 0.9818997383
-81.2 217.9 2534.7 0.9820875525 0.0163671393 -0.1877128631 -0.0118359588 0.9996114969 0.0252344571 0.1880529523 -0.0225606859 0.9818997383
-83.5 23.8 2538.0 0.9821327925 0.0120296758 -0.1878042519 -0.0086509455 0.9997858405 0.0188000146 0.1879901886 -0.0168394260 0.9820265174
-215.3 219.1 2509.0 0.7304036617 -0.2023000866 -0.6523688436 0.3949183226 0.9043722153 0.1617110074 0.5572701097 -0.3757467270 0.7404487729
-381.1 129.4 2382.5 -0.9267970920 -0.2023000866 -0.3164202571 -0.0528299697 0.9043722153 -0.4234618247 0.3718280494 -0.3757467270 -0.8488570452
53.0 216.7 2560.4 0.3431172371 0.7288994193 0.5924324393 -0.8835172057 0.4645574093 -0.0598644577 -0.3188540339 -0.5028837323 0.8033928275
132.2 12.9 2486.8 -0.6426953077 0.7288994193 0.2358990759 0.2112133205 0.4645574093 -0.8599856496 -0.7364317179 -0.5028837323 -0.4525220990
-174.4 -168.3 2523.0 0.9802709222 0.0028166107 0.1976384968 -0.0050526429 0.9999287724 0.0108103883 -0.1975939870 -0.0115957055 0.9802153707
-175.5 -556.4 2527.5 0.9801116586 0.0176728107 0.1976584047 -0.0233392902 0.9993796349 0.0263751168 -0.1970696598 -0.0304637663 0.9799160957
1.4 -170.2 2557.8 0.9520600438 0.0715123489 0.2974351645 -0.0705322027 0.9974106550 -0.0140409973 -0.2976691127 -0.0076108854 0.9546387792
-26.4 -557.5 2560.7 0.9505732656 -0.0895306841 0.2973124683 0.0986398309 0.9949986339 -0.0157459937 -0.2944157422 0.0442945734 0.9546504021
-126.0 144.0 2280.2 0 0 0 0 0 0 0 0 0
-31.1 66.5 2299.7 0 0 0 0 0 0 0 0 0
-180.3 -827.9 2535.8 0 0 0 0 0 0 0 0 0
-0.7 -842.7 2548.0 0 0 0 0 0 0 0 0 0
-76.6 415.3 2531.1  0.9823567867 0.0232813954 -0.1855617464 -0.0198896769 0.9995997548 0.0201190077 0.1859558672 -0.0160732809 0.9824266434
-81.2 216.7 2534.3 0.9823567867 0.0232813954 -0.1855617464 -0.0198896769 0.9995997548 0.0201190077 0.1859558672 -0.0160732809 0.9824266434
-84.8 22.6 2536.4 0.9824374914 0.0183585323 -0.1856867373 -0.0160141960 0.9997720718 0.0141173368 0.1859035939 -0.0108957766 0.9825075865
-215.5 218.9 2508.9 0.7081870437 -0.2407974154 -0.6636924744 0.4328591526 0.8907258511 0.1387099773 0.5577670336 -0.3855179548 0.7350318432
-376.0 120.8 2382.4 -0.9226003885 -0.2407974154 -0.3013721406 -0.0867278576 0.8907258511 -0.4461902976 0.3758814037 -0.3855179548 -0.8426678181
53.0 214.5 2559.7 0.3463519216 0.7310781479 0.5878478289 -0.8840470910 0.4640073478 -0.0561952069 -0.3138487935 -0.5002218485 0.8070173860
132.2 12.3 2487.9 -0.6389651895 0.7310781479 0.2392659485 0.2085116655 0.4640073478 -0.8609414101 -0.7404366136 -0.5002218485 -0.4489228725
-173.8 -169.5 2524.4 0.9798381329 0.0064938352 0.1996874958 -0.0072389590 0.9999693036 0.0030015504 -0.1996618658 -0.0043865633 0.9798550606
-176.3 -557.7 2526.1 0.9798277617 0.0045340415 0.1997923851 -0.0113369590 0.9993937016 0.0329190455 -0.1995220035 -0.0345200300 0.9792851210
2.2 -171.1 2558.1 0.9511952996 0.0734095573 0.2997307479 -0.0720311776 0.9972794056 -0.0156611092 -0.3000649810 -0.0066931862 0.9538952708
-26.3 -558.2 2560.7 0.9499521852 -0.0884527266 0.2996113598 0.0980990827 0.9950266480 -0.0172777735 -0.2965930402 0.0458046608 0.9539048672
-122.1 144.6 2279.0 0 0 0 0 0 0 0 0 0
-30.1 65.3 2299.8 0 0 0 0 0 0 0 0 0
-177.6 -824.8 2535.3 0 0 0 0 0 0 0 0 0
-1.1 -842.7 2547.6 0 0 0 0 0 0 0 0 0
-76.9 415.9 2530.0  0.9829856157 0.0209861882 -0.1824796647 -0.0173718613 0.9996204376 0.0213828385 0.1828591377 -0.0178490113 0.9829770923
-81.1 217.0 2533.6 0.9829856157 0.0209861882 -0.1824796647 -0.0173718613 0.9996204376 0.0213828385 0.1828591377 -0.0178490113 0.9829770923
-84.7 22.9 2535.7 0.9830095172 0.0184511263 -0.1826248467 -0.0161607247 0.9997710586 0.0140219489 0.1828417629 -0.0108323600 0.9830826521
-215.4 219.2 2508.6 0.6733344793 -0.2588886023 -0.6925296783 0.4598447978 0.8801127076 0.1180862114 0.5789330602 -0.3979676962 0.7116588354
-363.4 118.1 2381.4 -0.9138827324 -0.2588886023 -0.3127220571 -0.0897942483 0.8801127076 -0.4661958814 0.3959234655 -0.3979676962 -0.8275665045
53.2 214.7 2558.6 0.3484732509 0.7293546200 0.5887344480 -0.8858636022 0.4615173936 -0.0474068820 -0.3062876165 -0.5050183535 0.8069351315
132.6 12.9 2488.8 -0.6385658979 0.7293546200 0.2455105484 0.1943420768 0.4615173936 -0.8655823469 -0.7446238995 -0.5050183535 -0.4364535809
-176.4 -170.0 2521.9 0.9792209268 0.0026604794 0.2027789801 -0.0051469328 0.9999178648 0.0117355520 -0.2027311027 -0.0125353877 0.9791542292
-177.4 -558.2 2526.7 0.9792171717 -0.0029902174 0.2027925253 -0.0033787428 0.9995120168 0.0310528278 -0.2027864307 -0.0310926456 0.9787292480
-0.3 -172.9 2555.2 0.9503237605 0.0686976090 0.3035876155 -0.0710423961 0.9974677563 -0.0033281080 -0.3030474782 -0.0184048116 0.9527977109
-27.0 -560.1 2562.3 0.9485692382 -0.0946385264 0.3020926714 0.1068383232 0.9939847589 -0.0240796842 -0.2979966402 0.0551163219 0.9529743791
-111.8 142.8 2272.4 0 0 0 0 0 0 0 0 0
-29.6 62.3 2299.6 0 0 0 0 0 0 0 0 0
-176.6 -829.4 2535.2 0 0 0 0 0 0 0 0 0
-0.0 -843.5 2546.6 0 0 0 0 0 0 0 0 0
-78.6 413.3 2532.0  0.9840116501 0.0163981561 -0.1773475111 -0.0148192532 0.9998379350 0.0102238823 0.1774864197 -0.0074322615 0.9840951562
-81.8 215.3 2533.5 0.9840116501 0.0163981561 -0.1773475111 -0.0148192532 0.9998379350 0.0102238823 0.1774864197 -0.0074322615 0.9840951562
-84.6 21.2 2533.8 0.9840297699 0.0141894119 -0.1774374992 -0.0136354398 0.9998975992 0.0043411367 0.1774809211 -0.0018523695 0.9841225147
-216.3 217.2 2509.2 0.6051467061 -0.3151310980 -0.7310881019 0.5276349783 0.8464232683 0.0718959644 0.5961533189 -0.4292552471 0.6784844398
-344.9 105.0 2382.5 -0.8954042792 -0.3151310980 -0.3145529628 -0.1152574643 0.8464232683 -0.5198878646 0.4300777912 -0.4292552471 -0.7942122221
52.6 213.5 2557.7 0.3485416472 0.7230243683 0.5964515805 -0.8854535222 0.4626916945 -0.0434569120 -0.3073936105 -0.5129836202 0.8014717698
131.3 13.6 2488.3 -0.6473267078 0.7230243683 0.2412549555 0.1944429129 0.4626916945 -0.8649325967 -0.7369939685 -0.5129836202 -0.4400996566
-176.3 -169.7 2521.4 0.9781461954 -0.0015585580 0.2079124898 -0.0037106103 0.9996817708 0.0249507930 -0.2078852057 -0.0251770057 0.9778291583
-175.7 -557.8 2531.2 0.9780876040 0.0107184127 0.2079177052 -0.0141512826 0.9997869134 0.0150303002 -0.2077123076 -0.0176432524 0.9780308604
-0.2 -172.6 2554.2 0.9486046433 0.0702982694 0.3085570037 -0.0698810816 0.9974780679 -0.0124173630 -0.3086517453 -0.0097831283 0.9511247873
-27.5 -559.9 2558.0 0.9461268187 -0.0980589539 0.3085911572 0.1069326922 0.9941946864 -0.0119322883 -0.3056296110 0.0442879386 0.9511199594
-98.3 136.8 2264.1 0 0 0 0 0 0 0 0 0
-33.2 63.0 2301.1 0 0 0 0 0 0 0 0 0
-178.6 -827.7 2535.9 0 0 0 0 0 0 0 0 0
0.4 -842.3 2545.4 0 0 0 0 0 0 0 0 0
-77.5 414.1 2531.0  0.9835726619 0.0215901043 -0.1792167276 -0.0193774309 0.9997130036 0.0140879424 0.1794694513 -0.0103837559 0.9837087393
-81.7 215.9 2533.0 0.9835726619 0.0215901043 -0.1792167276 -0.0193774309 0.9997130036 0.0140879424 0.1794694513 -0.0103837559 0.9837087393
-85.2 21.8 2534.1 0.9836259484 0.0179323629 -0.1793275923 -0.0166818555 0.9998248816 0.0084789852 0.1794482321 -0.0053486335 0.9837529063
-216.1 218.2 2508.5 0.5623681545 -0.3424651325 -0.7526351213 0.5764010549 0.8149718046 0.0598566085 0.5928776264 -0.4674811363 0.6557114720
-333.5 97.9 2384.8 -0.8839954734 -0.3424651325 -0.3182289600 -0.1109715924 0.8149718046 -0.5687761307 0.4541336298 -0.4674811363 -0.7584352493
52.7 213.6 2557.6 0.3392607868 0.7243095636 0.6002314091 -0.8882534504 0.4567240775 -0.0490812287 -0.3096901476 -0.5165062547 0.7983190417
129.8 11.6 2487.1 -0.6517282128 0.7243095636 0.2250021398 0.2090619653 0.4567240775 -0.8646942973 -0.7290702462 -0.5165062547 -0.4490855634
-175.5 -171.6 2518.3 0.9785293341 -0.0006681958 0.2061066628 -0.0047065895 0.9996615648 0.0255862940 -0.2060539871 -0.0260069985 0.9781949520
-175.2 -559.7 2528.4 0.9784653187 0.0111989398 0.2061072588 -0.0166018009 0.9995619059 0.0245030373 -0.2057425529 -0.0273971241 0.9782225490
0.8 -174.1 2550.1 0.9490502477 0.0702431276 0.3071963191 -0.0728943348 0.9973356128 -0.0028502489 -0.3065780401 -0.0196878426 0.9516419172
-26.4 -561.2 2557.7 0.9477952719 -0.0874576569 0.3066518009 0.0952329785 0.9954001307 -0.0104548745 -0.3043268621 0.0391124450 0.9517643452
-89.5 128.5 2259.5 0 0 0 0 0 0 0 0 0
-35.7 64.7 2301.9 0 0 0 0 0 0 0 0 0
-178.3 -828.6 2535.8 0 0 0 0 0 0 0 0 0
-1.7 -843.2 2546.7 0 0 0 0 0 0 0 0 0
-78.9 415.3 2529.5  0.9819353223 0.0173578877 -0.1884189844 -0.0138883144 0.9997090697 0.0197188873 0.1887064576 -0.0167458504 0.9818907380
-82.3 217.4 2532.8 0.9819353223 0.0173578877 -0.1884189844 -0.0138883144 0.9997090697 0.0197188873 0.1887064576 -0.0167458504 0.9818907380
-85.0 23.3 2534.8 0.9819692969 0.0139237698 -0.1885270327 -0.0117173037 0.9998492599 0.0128132245 0.1886770129 -0.0103731649 0.9819844365
-216.5 219.0 2507.0 0.5276855826 -0.3693242967 -0.7649493217 0.6196230054 0.7833544612 0.0492245592 0.5810466409 -0.4999553263 0.6422067285
-324.7 92.0 2387.9 -0.8744875789 -0.3693242967 -0.3144376874 -0.1109250486 0.7833544612 -0.6115974188 0.4721939564 -0.4999553263 -0.7260010839
51.8 215.8 2558.6 0.3467732668 0.7207121849 0.6002685428 -0.8865692019 0.4607704878 -0.0410556383 -0.3061753213 -0.5179426074 0.7987440825
131.3 12.5 2488.4 -0.6521493793 0.7207121849 0.2351066470 0.1972556114 0.4607704878 -0.8653212190 -0.7319777012 -0.5179426074 -0.4426557124
-176.8 -170.8 2519.0 0.9804220796 -0.0052969358 0.1968361884 -0.0022949371 0.9992628098 0.0383213982 -0.1968940794 -0.0380228721 0.9796872139
-174.8 -558.7 2533.8 0.9802967310 0.0158729628 0.1968918741 -0.0159590673 0.9998719692 -0.0011494141 -0.1968849152 -0.0020154438 0.9804245234
-0.6 -173.7 2551.2 0.9522575736 0.0682692230 0.2975648344 -0.0690715611 0.9975809455 -0.0078307828 -0.2973796427 -0.0130963456 0.9546694756
-27.1 -561.0 2556.3 0.9501852393 -0.0942831337 0.2970836163 0.1032985598 0.9945409298 -0.0147579154 -0.2940703630 0.0447110608 0.9547374249
-84.1 122.5 2258.0 0 0 0 0 0 0 0 0 0
-34.3 62.6 2302.4 0 0 0 0 0 0 0 0 0
-178.9 -820.2 2534.3 0 0 0 0 0 0 0 0 0
-0.3 -843.5 2543.6 0 0 0 0 0 0 0 0 0
-78.8 413.7 2531.2  0.9839210510 0.0192646477 -0.1775617748 -0.0168702882 0.9997453690 0.0149847018 0.1778052449 -0.0117482450 0.9839955568
-82.6 215.8 2533.5 0.9839210510 0.0192646477 -0.1775617748 -0.0168702882 0.9997453690 0.0149847018 0.1778052449 -0.0117482450 0.9839955568
-85.7 21.7 2534.8 0.9839674830 0.0156184817 -0.1776628345 -0.0142109646 0.9998567700 0.0091922320 0.1777809560 -0.0065200971 0.9840484858
-217.1 217.7 2509.3 0.5106664300 -0.3832329810 -0.7696442604 0.6223601103 0.7823821902 0.0233663041 0.5932012200 -0.4909282923 0.6380452514
-321.1 90.9 2388.4 -0.8717139363 -0.3832329810 -0.3053641617 -0.1306457818 0.7823821902 -0.6089414954 0.4722779691 -0.4909282923 -0.7320812345
51.8 213.8 2557.8 0.3509314656 0.7186846733 0.6002827883 -0.8854460716 0.4632667005 -0.0370022133 -0.3046839535 -0.5185328126 0.7989314198
131.5 12.8 2488.7 -0.6530988812 0.7186846733 0.2386507839 0.1937905252 0.4632667005 -0.8647711873 -0.7320567966 -0.5185328126 -0.4418332279
-175.7 -169.8 2519.9 0.9781915545 0.0006603703 0.2077038437 -0.0070262668 0.9995278120 0.0299126673 -0.2075860202 -0.0307197012 0.9777342677
-176.0 -557.8 2531.8 0.9781478643 0.0106626460 0.2076367587 -0.0124879098 0.9998940229 0.0074818432 -0.2075349838 -0.0099112978 0.9781773686
0.2 -171.9 2553.7 0.9485994577 0.0726671144 0.3080235720 -0.0722707063 0.9973040819 -0.0127108861 -0.3081168234 -0.0102035413 0.9512938261
-28.0 -559.0 2557.7 0.9463424683 -0.0989011228 0.3076597154 0.1096016914 0.9938188195 -0.0176524203 -0.3040121794 0.0504252613 0.9513326883
-81.7 126.8 2258.7 0 0 0 0 0 0 0 0 0
-34.4 62.0 2302.7 0 0 0 0 0 0 0 0 0
-178.8 -823.6 2534.5 0 0 0 0 0 0 0 0 0
0.5 -844.9 2543.2 0 0 0 0 0 0 0 0 0
-77.5 414.0 2530.6  0.9858816862 0.0242220778 -0.1656821668 -0.0214069355 0.9995948672 0.0187561456 0.1660693586 -0.0149445934 0.9860008359
-82.3 215.9 2533.6 0.9858816862 0.0242220778 -0.1656821668 -0.0214069355 0.9995948672 0.0187561456 0.1660693586 -0.0149445934 0.9860008359
-86.3 21.9 2535.0 0.9859324098 0.0206831750 -0.1658598185 -0.0191486124 0.9997578263 0.0108460784 0.1660439819 -0.0075175148 0.9860897064
-216.9 218.5 2510.9 0.4902313650 -0.3826904893 -0.7830843925 0.6226484776 0.7824665904 0.0074057002 0.6099033356 -0.4912168384 0.6218713522
-315.7 93.1 2388.0 -0.8732773066 -0.3826904893 -0.3015537858 -0.1328198314 0.7824665904 -0.6083624959 0.4687702954 -0.4912168384 -0.7341392636
52.4 213.3 2556.2 0.3432489038 0.7321885824 0.5882857442 -0.8910061121 0.4519820511 -0.0426650159 -0.2971334159 -0.5095214844 0.8075268269
130.0 12.0 2489.1 -0.6420248747 0.7321885824 0.2273849845 0.2082597464 0.4519820511 -0.8673754334 -0.7378562689 -0.5095214844 -0.4426691234
-176.9 -171.1 2520.2 0.9756081700 -0.0009496077 0.2195171863 -0.0068438300 0.9993729591 0.0347394608 -0.2194125205 -0.0353944413 0.9749899507
-176.5 -559.1 2533.9 0.9756209254 0.0005990845 0.2194616646 -0.0023053642 0.9999690652 0.0075188340 -0.2194503695 -0.0078414707 0.9755921364
-0.6 -173.7 2552.0 0.9449434280 0.0705484226 0.3195384741 -0.0710391849 0.9974220395 -0.0101350509 -0.3194297254 -0.0131227020 0.9475191236
-27.9 -560.9 2557.1 0.9427618384 -0.0975929126 0.3188663423 0.1094517335 0.9938020110 -0.0194403902 -0.3149927855 0.0532281324 0.9476003051
-76.1 129.5 2259.4 0 0 0 0 0 0 0 0 0
-33.1 64.9 2301.7 0 0 0 0 0 0 0 0 0
-176.6 -825.0 2536.0 0 0 0 0 0 0 0 0 0
-0.1 -844.9 2541.9 0 0 0 0 0 0 0 0 0
-75.2 418.0 2529.3  0.9844332337 0.0270138253 -0.1736704260 -0.0225923732 0.9993696213 0.0273858458 0.1743007302 -0.0230359100 0.9844229817
-80.5 219.5 2533.9 0.9844332337 0.0270138253 -0.1736704260 -0.0225923732 0.9993696213 0.0273858458 0.1743007302 -0.0230359100 0.9844229817
-85.3 25.5 2536.4 0.9844484329 0.0246225391 -0.1739396304 -0.0220044665 0.9996139407 0.0169643294 0.1742901802 -0.0128730601 0.9846101999
-215.0 222.5 2510.0 0.5964190960 -0.3864697516 -0.7035093307 0.6243372560 0.7742016315 0.1039945707 0.5044673085 -0.5012514591 0.7030360699
-337.6 94.3 2406.4 -0.8663862944 -0.3864697516 -0.3162528872 -0.1183875874 0.7742016315 -0.6217686534 0.4851382673 -0.5012514591 -0.7165108919
53.9 216.5 2557.7 0.3397966027 0.7364594340 0.5849493742 -0.8917099833 0.4499951005 -0.0485565364 -0.2989842594 -0.5051058531 0.8096150160
131.5 12.9 2489.4 -0.6364874840 0.7364594340 0.2291531712 0.2080017924 0.4499951005 -0.8684697151 -0.7427105308 -0.5051058531 -0.4396011233
-178.6 -170.5 2521.6 0.9773589373 -0.0011749783 0.2115847319 -0.0028964488 0.9998165965 0.0189315788 -0.2115681618 -0.0191157926 0.9771763086
