-47.5 482.8 2463.9  0.9889180064 0.1445190609 0.0339909717 -0.1473793238 0.9832334518 0.1073841229 -0.0179020055 -0.1112036631 0.9936363697
-77.5 279.2 2487.0 0.9889180064 0.1445190609 0.0339909717 -0.1473793238 0.9832334518 0.1073841229 -0.0179020055 -0.1112036631 0.9936363697
-104.5 83.1 2504.1 0.9902480245 0.1359305829 0.0305239763 -0.1380359232 0.9869409204 0.0830282941 -0.0188392755 -0.0864320099 0.9960796237
-222.0 299.3 2489.7 0.7446287870 -0.3233051300 -0.5839535594 0.5344879031 0.8128473759 0.2315207571 0.3998132348 -0.4845131040 0.7780722380
-384.8 182.5 2402.3 -0.9028667808 -0.3233051300 -0.2833820879 -0.1116380841 0.8128473759 -0.5716783404 0.4151729047 -0.4845131040 -0.7699860334
67.1 259.0 2484.2 0.1606317908 0.5530950427 0.8174859881 -0.8837250471 0.4494590461 -0.1304477900 -0.4395765066 -0.7014787793 0.5609813333
99.4 81.4 2395.9 -0.8329690695 0.5530950427 -0.0157605372 0.3142643273 0.4494590461 -0.8361964226 -0.4554123878 -0.7014787793 -0.5482035279
-224.3 -98.8 2524.1 0.9998335242 0.0157866329 -0.0091493232 -0.0157223493 0.9998515248 0.0070557557 0.0092593506 -0.0069107325 0.9999332428
-230.6 -496.1 2526.9 0.9976941347 0.0669536442 -0.0111192418 -0.0678130239 0.9901289940 -0.1226622164 0.0027968003 0.1231334060 0.9923861623
-42.8 -124.5 2525.9 0.9918045402 0.0237177592 -0.1255435646 -0.0157168601 0.9978041649 0.0643412173 0.1267939210 -0.0618407652 0.9899995327
-52.2 -521.1 2550.5 0.9788370728 -0.1599159241 -0.1276904643 0.1493901759 0.9848366380 -0.0882009119 0.1398589760 0.0672586262 0.9878844619
-152.4 211.2 2295.5 0 0 0 0 0 0 0 0 0
-113.1 161.6 2279.7 0 0 0 0 0 0 0 0 0
-252.3 -817.4 2486.9 0 0 0 0 0 0 0 0 0
-3.8 -818.9 2530.2 0 0 0 0 0 0 0 0 0
-49.1 482.4 2463.9  0.9896841049 0.1428903043 0.0103814425 -0.1431554854 0.9834570289 0.1109900698 0.0056497026 -0.1113312691 0.9937673211
-78.6 279.3 2486.9 0.9896841049 0.1428903043 0.0103814425 -0.1431554854 0.9834570289 0.1109900698 0.0056497026 -0.1113312691 0.9937673211
-105.2 83.1 2504.1 0.9910025597 0.1336629689 0.0069409343 -0.1337603033 0.9872337580 0.0864733607 0.0047059609 -0.0866237357 0.9962300062
-223.3 298.8 2486.2 0.7474781871 -0.3262534738 -0.5786492825 0.5333946943 0.8139716983 0.2300872505 0.3959373832 -0.4806336761 0.7824479938
-384.4 183.8 2400.8 -0.9008468390 -0.3262534738 -0.2864151597 -0.1136680841 0.8139716983 -0.5696750283 0.4189922810 -0.4806336761 -0.7703484297
66.0 259.7 2487.5 0.1553910226 0.5672991872 0.8087183237 -0.8786216378 0.4535642564 -0.1493433714 -0.4515281022 -0.6873508096 0.5689211488
97.7 80.9 2395.7 -0.8234986067 0.5672991872 -0.0046596010 0.3171681166 0.4535642564 -0.8328768611 -0.4703769088 -0.6873508096 -0.5534387231
-222.2 -100.3 2523.0 0.9993067980 0.0179092642 -0.0326363295 -0.0179169513 0.9998394847 0.0000569476 0.0326321088 0.0005278353 0.9994673133
-229.3 -497.7 2522.8 0.9968585372 0.0713353753 -0.0344138630 -0.0747304261 0.9910832047 -0.1103151068 0.0262376312 0.1125403196 0.9933006763
-40.7 -125.7 2519.6 0.9884861708 0.0284243431 -0.1486176252 -0.0171012916 0.9968906641 0.0769193619 0.1503418982 -0.0734921694 0.9858986735
-52.0 -521.8 2548.8 0.9763135910 -0.1547347307 -0.1512248963 0.1442508399 0.9864571691 -0.0780634135 0.1612560153 0.0544000529 0.9854121804
-152.1 213.1 2292.8 0 0 0 0 0 0 0 0 0
-113.3 162.2 2275.2 0 0 0 0 0 0 0 0 0
-252.3 -816.9 2486.6 0 0 0 0 0 0 0 0 0
-5.2 -820.0 2532.3 0 0 0 0 0 0 0 0 0
-49.1 480.6 2457.8  0.9896557927 0.1434037387 -0.0040937141 -0.1415758431 0.9808577299 0.1336951852 0.0231877398 -0.1317326427 0.9910140634
-78.8 277.2 2485.1 0.9896557927 0.1434037387 -0.0040937141 -0.1415758431 0.9808577299 0.1336951852 0.0231877398 -0.1317326427 0.9910140634
-105.0 81.3 2505.3 0.9912562966 0.1316886544 -0.0083070742 -0.1301320344 0.9860725403 0.1035693586 0.0218302868 -0.1015827656 0.9945875406
-223.5 296.2 2481.9 0.7567326427 -0.3274616599 -0.5657954812 0.5264040232 0.8184303641 0.2303704321 0.3876267374 -0.4721658528 0.7917101383
-384.1 184.5 2399.7 -0.8973087668 -0.3274616599 -0.2959828675 -0.1128285900 0.8184303641 -0.5634194016 0.4267396033 -0.4721658528 -0.7713317871
66.0 258.3 2488.3 0.1587233394 0.5645275712 0.8100095987 -0.8760800362 0.4588506520 -0.1481210589 -0.4552918375 -0.6861229539 0.5674016476
98.0 81.4 2396.4 -0.8254032731 0.5645275712 -0.0042540729 0.3181028068 0.4588506520 -0.8296183944 -0.4663904607 -0.6861229539 -0.5583146214
-222.6 -100.8 2520.8 0.9986627698 0.0197033044 -0.0477963798 -0.0193358678 0.9997799397 0.0081378026 0.0479462035 -0.0072027361 0.9988239408
-230.4 -498.1 2523.7 0.9964116812 0.0684648976 -0.0497627370 -0.0735219643 0.9914137721 -0.1081352457 0.0419319943 0.1114058793 0.9928899407
-40.9 -125.3 2521.7 0.9860208035 0.0271123294 -0.1644016802 -0.0164973177 0.9977101088 0.0655926764 0.1658035815 -0.0619635545 0.9842101932
-51.7 -521.8 2546.3 0.9738948345 -0.1542476565 -0.1665426791 0.1449258476 0.9871836901 -0.0668191910 0.1747149229 0.0409385264 0.9837676287
-152.4 213.7 2289.5 0 0 0 0 0 0 0 0 0
-113.2 162.8 2277.1 0 0 0 0 0 0 0 0 0
-252.4 -816.8 2487.9 0 0 0 0 0 0 0 0 0
-5.3 -818.4 2534.0 0 0 0 0 0 0 0 0 0
-52.8 483.4 2461.3  0.9911143184 0.1329448521 -0.0042534787 -0.1313957870 0.9835354090 0.1240694821 0.0206778459 -0.1224081442 0.9922643900
-80.3 280.1 2486.6 0.9911143184 0.1329448521 -0.0042534787 -0.1313957870 0.9835354090 0.1240694821 0.0206778459 -0.1224081442 0.9922643900
-104.5 83.8 2505.2 0.9925265312 0.1217705756 -0.0079387873 -0.1204644218 0.9881092310 0.0955430567 0.0194787215 -0.0938726813 0.9953936338
-225.3 297.7 2483.7 0.7470105886 -0.3219646215 -0.5816476345 0.5259085298 0.8213946819 0.2207508832 0.4066883028 -0.4707967043 0.7829144597
-384.2 185.8 2397.2 -0.8989725709 -0.3219646215 -0.2969632149 -0.1092589200 0.8213946819 -0.5597974658 0.4241589904 -0.4707967043 -0.7735887766
64.7 262.6 2489.4 0.1594836414 0.5707617402 0.8054787517 -0.8774726391 0.4558134973 -0.1492508352 -0.4523347616 -0.6829825044 0.5735226274
97.6 81.5 2396.1 -0.8211156130 0.5707617402 0.0004768463 0.3163551986 0.4558134973 -0.8319575787 -0.4750669301 -0.6829825044 -0.5548390150
-222.0 -102.7 2523.5 0.9986088872 0.0248153266 -0.0465241447 -0.0249893237 0.9996827245 -0.0031619396 0.0464309193 0.0043201479 0.9989121556
-231.9 -499.9 2521.8 0.9967589378 0.0639933348 -0.0487486199 -0.0686997473 0.9924163222 -0.1019323841 0.0418559350 0.1049510315 0.9935961962
-40.3 -126.5 2527.5 0.9859927297 0.0321095064 -0.1636682153 -0.0232221410 0.9981647134 0.0559284762 0.1651636660 -0.0513443463 0.9849287868
-53.1 -523.2 2547.9 0.9727358222 -0.1614390165 -0.1665006429 0.1500527710 0.9855231047 -0.0789197087 0.1768309623 0.0517841466 0.9828780293
-152.4 214.0 2287.8 0 0 0 0 0 0 0 0 0
-113.0 162.7 2274.3 0 0 0 0 0 0 0 0 0
-252.3 -816.1 2488.3 0 0 0 0 0 0 0 0 0
-5.3 -814.5 2532.6 0 0 0 0 0 0 0 0 0
-50.4 489.4 2455.0  0.9906626940 0.1358773857 -0.0111715235 -0.1328320205 0.9804143906 0.1454072148 0.0307102744 -0.1425655633 0.9893088341
-78.8 284.4 2484.8 0.9906626940 0.1358773857 -0.0111715235 -0.1328320205 0.9804143906 0.1454072148 0.0307102744 -0.1425655633 0.9893088341
-102.2 88.2 2505.7 0.9929404259 0.1175238639 -0.0160459727 -0.1151429936 0.9875093102 0.1075520590 0.0284854807 -0.1049452052 0.9940699339
-223.9 301.2 2480.7 0.7351004481 -0.3169329166 -0.5993170142 0.5322227478 0.8173688054 0.2205611914 0.4199599028 -0.4811047614 0.7695270777
-384.8 184.7 2388.7 -0.9080881476 -0.3169329166 -0.2737324238 -0.1151096076 0.8173688054 -0.5644980669 0.4026483595 -0.4811047614 -0.7787249088
66.2 267.6 2489.0 0.1573792696 0.5607504845 0.8128902912 -0.8816381097 0.4506303966 -0.1401660889 -0.4449112713 -0.6946158409 0.5652988553
99.3 82.3 2395.5 -0.8279264569 0.5607504845 -0.0098309061 0.3151274621 0.4506303966 -0.8352406621 -0.4639314711 -0.6946158409 -0.5497967005
-219.7 -101.5 2522.1 0.9980072975 0.0327871107 -0.0539112873 -0.0318470597 0.9993269444 0.0182047505 0.0544718839 -0.0164515562 0.9983797669
-232.7 -498.5 2528.6 0.9963492155 0.0625260845 -0.0581264496 -0.0695597455 0.9893148541 -0.1281312108 0.0494938157 0.1317066997 0.9900524020
-37.7 -123.5 2525.7 0.9844068885 0.0375693105 -0.1718477607 -0.0283067003 0.9980273247 0.0560373217 0.1736140400 -0.0502990820 0.9835284352
-52.6 -520.2 2545.7 0.9715033770 -0.1595653892 -0.1752714664 0.1486068815 0.9861201048 -0.0740483329 0.1846542656 0.0458916575 0.9817315340
-152.8 214.1 2285.9 0 0 0 0 0 0 0 0 0
-113.1 163.1 2276.5 0 0 0 0 0 0 0 0 0
-252.7 -815.0 2486.5 0 0 0 0 0 0 0 0 0
-4.7 -816.2 2531.9 0 0 0 0 0 0 0 0 0
-52.1 492.9 2441.9  0.9851225019 0.1300766319 -0.1123109013 -0.1081690043 0.9771564007 0.1829340905 0.1335407645 -0.1680639237 0.9766889811
-79.0 290.4 2476.7 0.9851225019 0.1300766319 -0.1123109013 -0.1081690043 0.9771564007 0.1829340905 0.1335407645 -0.1680639237 0.9766889811
-101.7 94.9 2503.2 0.9867708087 0.1123464927 -0.1168828905 -0.0948293358 0.9847389460 0.1459336430 0.1314942688 -0.1329191327 0.9823653698
-222.4 304.0 2457.7 0.7574102879 -0.3295970857 -0.5636447668 0.5563151836 0.7776739597 0.2928082049 0.3418231010 -0.5353400707 0.7723780870
-384.6 184.9 2384.5 -0.9116032124 -0.3295970857 -0.2456530035 -0.1146031916 0.7776739597 -0.6181337833 0.3947730362 -0.5353400707 -0.7467029095
64.3 276.9 2495.8 0.1662241668 0.5484832525 0.8194727898 -0.8751292825 0.4650393426 -0.1337428987 -0.4544428289 -0.6949133277 0.5572945476
101.0 83.9 2395.6 -0.8361537457 0.5484832525 -0.0036105516 0.3086300194 0.4650393426 -0.8297505379 -0.4534251988 -0.6949133277 -0.5581228137
-216.6 -97.5 2523.9 0.9873666167 0.0350447781 -0.1545283347 -0.0319214910 0.9992337823 0.0226477049 0.1552036107 -0.0174288135 0.9877287745
-230.6 -494.5 2530.9 0.9849129915 0.0705032051 -0.1580370963 -0.0911608115 0.9876369238 -0.1275263727 0.1470922530 0.1400091648 0.9791635871
-34.5 -118.6 2529.2 0.9611717463 0.0500384308 -0.2713760734 -0.0359034874 0.9977394342 0.0568064004 0.2736051083 -0.0448573604 0.9607955217
-54.4 -515.0 2547.0 0.9474644065 -0.1619517207 -0.2758312523 0.1405429542 0.9854262471 -0.0958268121 0.2873306870 0.0520263501 0.9564174414
-152.7 214.0 2284.0 0 0 0 0 0 0 0 0 0
-113.5 163.1 2279.2 0 0 0 0 0 0 0 0 0
-253.5 -816.2 2485.3 0 0 0 0 0 0 0 0 0
-4.6 -818.3 2531.0 0 0 0 0 0 0 0 0 0
-52.2 492.1 2438.3  0.9862878919 0.1300797611 -0.1015647426 -0.1095276922 0.9762803912 0.1867625564 0.1234496981 -0.1730775088 0.9771409035
-79.3 289.2 2474.3 0.9862878919 0.1300797611 -0.1015647426 -0.1095276922 0.9762803912 0.1867625564 0.1234496981 -0.1730775088 0.9771409035
-102.0 93.7 2501.7 0.9878519177 0.1135223657 -0.1061188281 -0.0969424844 0.9839039445 0.1501173526 0.1214524060 -0.1380062848 0.9829565287
-223.2 303.2 2456.6 0.7574398518 -0.3197214901 -0.5692653656 0.5501349568 0.7820849419 0.2927365303 0.3516197205 -0.5349031091 0.7682722211
-385.4 185.4 2381.3 -0.9167553186 -0.3197214901 -0.2394531816 -0.1126668379 0.7820849419 -0.6129024029 0.3832307756 -0.5349031091 -0.7530025244
64.6 275.1 2492.0 0.1693301648 0.5512334108 0.8169877529 -0.8809006214 0.4563974738 -0.1253611296 -0.4419744015 -0.6984575987 0.5628637075
101.0 86.0 2397.1 -0.8343443274 0.5512334108 0.0033535731 0.2981624305 0.4563974738 -0.8383319974 -0.4636471570 -0.6984575987 -0.5451497436
-214.3 -92.2 2517.6 0.9887949824 0.0405795798 -0.1436583549 -0.0356910788 0.9986981153 0.0364447162 0.1449502409 -0.0309090298 0.9889560342
-230.4 -489.0 2529.9 0.9864506125 0.0704526678 -0.1481606364 -0.0880768821 0.9893401861 -0.1159676313 0.1384110451 0.1274458766 0.9821404815
-34.3 -109.2 2541.6 0.9631761312 0.0565351062 -0.2628603578 -0.0508583784 0.9983032346 0.0283557512 0.2640174329 -0.0139429299 0.9644171000
-56.7 -505.7 2547.1 0.9504730105 -0.1580470502 -0.2676233053 0.1395683885 0.9863969684 -0.0868427604 0.2777080536 0.0451899432 0.9596020579
-152.0 214.1 2283.8 0 0 0 0 0 0 0 0 0
-113.1 162.5 2278.1 0 0 0 0 0 0 0 0 0
-254.0 -819.6 2487.3 0 0 0 0 0 0 0 0 0
-7.0 -816.3 2532.9 0 0 0 0 0 0 0 0 0
-53.7 492.8 2442.0  0.9809971452 0.1261739135 -0.1473931968 -0.0987451598 0.9786043167 0.1805077046 0.1670149863 -0.1625231802 0.9724670649
-79.9 290.0 2475.7 0.9809971452 0.1261739135 -0.1473931968 -0.0987451598 0.9786043167 0.1805077046 0.1670149863 -0.1625231802 0.9724670649
-102.4 94.2 2501.1 0.9819097519 0.1131641269 -0.1518128514 -0.0912566632 0.9853256345 0.1442414820 0.1659080535 -0.1277781725 0.9778278470
-223.0 303.3 2451.6 0.7713707089 -0.3166796267 -0.5519974828 0.5439567566 0.7782992721 0.3136260211 0.3303002715 -0.5421847105 0.7726172805
-386.1 188.2 2381.7 -0.9142789841 -0.3166796267 -0.2526023984 -0.0982385427 0.7782992721 -0.6201608181 0.3929925561 -0.5421847105 -0.7426928282
63.2 276.7 2499.9 0.1724690646 0.5532397032 0.8149725795 -0.8635017872 0.4830078781 -0.1451481879 -0.4739398956 -0.6786966920 0.5610274076
101.4 85.5 2395.0 -0.8327007890 0.5532397032 0.0231360085 0.2980307639 0.4830078781 -0.8233352900 -0.4666766524 -0.6786966920 -0.5670834780
-215.0 -92.9 2518.1 0.9815108776 0.0315402374 -0.1887897849 -0.0260382276 0.9991628528 0.0315537676 0.1896269470 -0.0260546133 0.9815104604
-227.6 -490.0 2528.4 0.9784912467 0.0772999153 -0.1912578344 -0.0967271253 0.9908235073 -0.0944069624 0.1822051108 0.1108762100 0.9769891500
-34.3 -110.5 2540.3 0.9504413605 0.0552383177 -0.3059573472 -0.0463442989 0.9982671142 0.0362634026 0.3074302971 -0.0202868581 0.9513543248
-56.3 -507.2 2548.3 0.9372540712 -0.1585755199 -0.3104974329 0.1367635876 0.9864196777 -0.0909501463 0.3207032681 0.0427786522 0.9462131858
-152.4 213.4 2281.3 0 0 0 0 0 0 0 0 0
-113.0 162.2 2274.8 0 0 0 0 0 0 0 0 0
-253.2 -817.9 2491.8 0 0 0 0 0 0 0 0 0
-6.8 -814.9 2535.0 0 0 0 0 0 0 0 0 0
-55.5 487.5 2436.9  0.9712472558 0.1267283857 -0.2015408576 -0.0880352482 0.9777241945 0.1905391067 0.2211980969 -0.1673178822 0.9607685208
-81.7 285.5 2471.5 0.9712472558 0.1267283857 -0.2015408576 -0.0880352482 0.9777241945 0.1905391067 0.2211980969 -0.1673178822 0.9607685208
-103.9 89.9 2498.2 0.9721856117 0.1117212698 -0.2058483511 -0.0803129971 0.9846303463 0.1550899744 0.2200113833 -0.1342439353 0.9662160873
-223.3 297.2 2439.4 0.7977327704 -0.3242427111 -0.5084182024 0.5350695848 0.7694147825 0.3488573432 0.2780700326 -0.5503340364 0.7872797847
-386.2 187.9 2382.6 -0.9111403823 -0.3242427111 -0.2543420494 -0.0975962132 0.7694147825 -0.6312494874 0.4003725648 -0.5503340364 -0.7326897383
59.9 273.9 2503.5 0.1833112687 0.5532165170 0.8126183152 -0.8466468453 0.5089335442 -0.1554857045 -0.4995859563 -0.6594983935 0.5616722703
100.4 86.8 2393.2 -0.8316862583 0.5532165170 0.0474283099 0.2923586667 0.5089335442 -0.8096376061 -0.4720427394 -0.6594983935 -0.5850106478
-214.7 -93.2 2511.4 0.9697854519 0.0319144204 -0.2418628633 -0.0208756048 0.9986259341 0.0480673611 0.2430645674 -0.0415659957 0.9691191316
-227.4 -490.0 2527.9 0.9665367603 0.0793209746 -0.2439567745 -0.1034154668 0.9907749891 -0.0875794962 0.2347593755 0.1098777056 0.9658234715
-35.0 -109.9 2541.7 0.9321908355 0.0546897314 -0.3578117192 -0.0440333560 0.9983120561 0.0378688723 0.3592787981 -0.0195453670 0.9330255985
-56.8 -506.6 2549.5 0.9184634089 -0.1594138443 -0.3619560897 0.1294894516 0.9859364033 -0.1056498364 0.3737077415 0.0501660146 0.9261888862
-152.7 213.0 2280.0 0 0 0 0 0 0 0 0 0
-113.2 161.9 2271.9 0 0 0 0 0 0 0 0 0
-253.6 -816.7 2491.6 0 0 0 0 0 0 0 0 0
-7.1 -813.8 2533.8 0 0 0 0 0 0 0 0 0
-58.8 482.7 2441.3 0 0.9818883538 0.1259049475 -0.1415739357 -0.1007337272 0.9798057675 0.1727232933 0.1604616791 -0.1553337127 0.9747427702
-84.8 280.2 2473.4 0.9818883538 0.1259049475 -0.1415739357 -0.1007337272 0.9798057675 0.1727232933 0.1604616791 -0.1553337127 0.9747427702
-107.1 84.3 2498.1 0.9830158353 0.1117503569 -0.1455737650 -0.0914077908 0.9859744906 0.1396384537 0.1591366678 -0.1239602268 0.9794434309
-227.9 293.4 2450.3 0.7857069969 -0.3012459576 -0.5402919650 0.5135779381 0.8045268655 0.2982855439 0.3448220789 -0.5118470788 0.7868356109
-387.1 189.3 2380.4 -0.9143846631 -0.3012459576 -0.2704654932 -0.0914749801 0.8045268655 -0.5868294835 0.3943767846 -0.5118470788 -0.7632034421
58.4 266.9 2496.6 0.1990860701 0.5525756478 0.8093360662 -0.8471648097 0.5121945143 -0.1413102597 -0.4926221073 -0.6575081348 0.5700933933
100.5 87.8 2392.4 -0.8317015171 0.5525756478 0.0541553125 0.2876021564 0.5121945143 -0.8092847466 -0.4749290645 -0.6575081348 -0.5849148631
-215.1 -98.4 2504.7 0.9828128815 0.0346855670 -0.1813168079 -0.0243924800 0.9979779720 0.0586938784 0.1829860061 -0.0532623343 0.9816716313
-228.9 -495.0 2525.9 0.9798152447 0.0769799426 -0.1844890267 -0.0956828073 0.9908962846 -0.0947066396 0.1755189896 0.1104474366 0.9782609344
-37.3 -113.1 2545.0 0.9526579976 0.0486638360 -0.3001242876 -0.0426286086 0.9987360835 0.0266284477 0.3010407984 -0.0125739221 0.9535283446
-56.6 -510.0 2550.0 0.9390709400 -0.1605837941 -0.3039056957 0.1349667013 0.9854145050 -0.1036449745 0.3161167800 0.0563128330 0.9470475316
-152.8 212.8 2279.4 0 0 0 0 0 0 0 0 0
-113.1 161.6 2270.5 0 0 0 0 0 0 0 0 0
-253.7 -814.2 2490.3 0 0 0 0 0 0 0 0 0
-7.0 -814.4 2532.6 0 0 0 0 0 0 0 0 0
-60.0 484.0 2444.1 1 0.9828033447 0.1136579141 -0.1455316544 -0.0897678807 0.9828081727 0.1613377631 0.1613670141 -0.1454992294 0.9761099815
-83.5 280.7 2474.1 0.9828033447 0.1136579141 -0.1455316544 -0.0897678807 0.9828081727 0.1613377631 0.1613670141 -0.1454992294 0.9761099815
-103.8 84.4 2497.1 0.9835585952 0.1020784080 -0.1489713341 -0.0828681439 0.9880562425 0.1299144626 0.1604535282 -0.1154335141 0.9802702665
-226.9 292.8 2450.7 0.7794046402 -0.2965741456 -0.5518805981 0.5130476356 0.8077036142 0.2905115783 0.3595977426 -0.5095670819 0.7816846371
-386.5 187.7 2377.1 -0.9180230498 -0.2965741456 -0.2632060349 -0.0940588638 0.8077036142 -0.5820376277 0.3852097690 -0.5095670819 -0.7693859935
60.0 268.7 2497.5 0.1892659962 0.5531049967 0.8113280535 -0.8469691277 0.5100106001 -0.1501081437 -0.4968114793 -0.6587594748 0.5649905205
100.7 86.5 2390.7 -0.8316056132 0.5531049967 0.0500694588 0.2904635072 0.5100106001 -0.8096419573 -0.4733529985 -0.6587594748 -0.5847845078
-219.2 -103.3 2508.2 0.9826729894 0.0242528841 -0.1837543249 -0.0144225024 0.9984015822 0.0546464138 0.1847859472 -0.0510493554 0.9814520478
-228.9 -500.1 2528.5 0.9798355103 0.0747938827 -0.1852787584 -0.0951763988 0.9900475144 -0.1036693081 0.1756809503 0.1192130297 0.9772023559
-39.5 -120.0 2537.3 0.9527834058 0.0402007550 -0.3009777963 -0.0264301803 0.9984150529 0.0496873893 0.3024982214 -0.0393864252 0.9523358345
-55.5 -516.6 2552.9 0.9393772483 -0.1595577002 -0.3034991622 0.1303349137 0.9848529100 -0.1143568829 0.3171485662 0.0678677186 0.9459443688
-151.1 211.8 2278.3 0 0 0 0 0 0 0 0 0
-113.1 161.2 2269.0 0 0 0 0 0 0 0 0 0
-252.5 -813.5 2490.7 0 0 0 0 0 0 0 0 0
-7.0 -815.9 2532.3 0 0 0 0 0 0 0 0 0
-60.2 482.7 2437.4 2 0.9758967757 0.1096774861 -0.1886699796 -0.0774234459 0.9823012948 0.1705573052 0.2040370703 -0.1518388391 0.9671162367
-83.0 279.0 2468.9 0.9758967757 0.1096774861 -0.1886699796 -0.0774234459 0.9823012948 0.1705573052 0.2040370703 -0.1518388391 0.9671162367
-102.0 82.7 2493.6 0.9767743349 0.0955141187 -0.1918044686 -0.0689981505 0.9876786470 0.1404640228 0.2028574795 -0.1239675060 0.9713294506
-225.4 289.0 2439.3 0.7946683764 -0.2802847028 -0.5384632349 0.5018885136 0.8023370504 0.3230529130 0.3414822221 -0.5269684792 0.7782635093
-383.2 189.3 2371.5 -0.9227821827 -0.2802847028 -0.2644115686 -0.0739942268 0.8023370504 -0.5922669172 0.3781505525 -0.5269684792 -0.7611218095
59.5 268.9 2498.5 0.2012948841 0.5469042659 0.8126353025 -0.8442984223 0.5174951553 -0.1391366571 -0.4966292381 -0.6580991745 0.5659195185
103.0 86.1 2390.9 -0.8345835805 0.5469042659 0.0660755560 0.2749621868 0.5174951553 -0.8103052378 -0.4773531556 -0.6580991745 -0.5822709203
-214.2 -104.3 2505.3 0.9734234214 0.0385679901 -0.2257417142 -0.0245184600 0.9976025820 0.0647141486 0.2276964039 -0.0574594289 0.9720353484
-229.5 -500.7 2528.2 0.9704595208 0.0759327337 -0.2290032804 -0.0999607742 0.9904261231 -0.0952044278 0.2195817083 0.1152833849 0.9687588215
-34.1 -119.5 2534.7 0.9382724762 0.0526282489 -0.3418699503 -0.0375302099 0.9980118871 0.0506334566 0.3438550234 -0.0346775278 0.9383822083
-55.0 -516.0 2548.5 0.9249850512 -0.1573510468 -0.3458949924 0.1283960491 0.9861229062 -0.1052430794 0.3576550782 0.0529367253 0.9323521256
-145.8 208.3 2274.2 0 0 0 0 0 0 0 0 0
-110.9 156.6 2268.6 0 0 0 0 0 0 0 0 0
-253.7 -816.1 2491.5 0 0 0 0 0 0 0 0 0
-6.9 -817.3 2532.3 0 0 0 0 0 0 0 0 0
-62.4 482.0 2441.1 3 0.9827633500 0.1033948958 -0.1532504261 -0.0784181356 0.9838498831 0.1609038264 0.1674120575 -0.1461127698 0.9749996066
-83.8 278.1 2471.4 0.9827633500 0.1033948958 -0.1532504261 -0.0784181356 0.9838498831 0.1609038264 0.1674120575 -0.1461127698 0.9749996066
-102.0 81.6 2494.2 0.9834684730 0.0911467150 -0.1564675421 -0.0712671056 0.9891745448 0.1282761842 0.1664656550 -0.1150045842 0.9793176651
-227.3 288.5 2447.1 0.7593324780 -0.2567025423 -0.5979280472 0.5051296949 0.8117985129 0.2929627597 0.4101928174 -0.5244873762 0.7460930347
-379.1 187.5 2365.1 -0.9321750402 -0.2567025423 -0.2552518547 -0.0646397918 0.8117985129 -0.5803489685 0.3561901152 -0.5244873762 -0.7733314633
59.6 267.8 2495.6 0.2138204575 0.5313768983 0.8197068572 -0.8493222594 0.5156922340 -0.1127530634 -0.4826308489 -0.6720863581 0.5615757704
105.2 86.9 2392.8 -0.8431428671 0.5313768983 0.0821505040 0.2450141758 0.5156922340 -0.8209930658 -0.4786211252 -0.6720863581 -0.5649970770
-210.5 -107.2 2499.6 0.9805179834 0.0536478721 -0.1889614463 -0.0383618698 0.9957569242 0.0836453065 0.1926470548 -0.0747668147 0.9784155488
-231.8 -502.8 2529.4 0.9781752825 0.0696579069 -0.1957571954 -0.0924420059 0.9896492958 -0.1097665280 0.1860848814 0.1254670918 0.9744898081
-31.6 -119.8 2536.8 0.9496127963 0.0622396767 -0.3071835339 -0.0502098687 0.9976360202 0.0469185486 0.3093775511 -0.0291308109 0.9504929781
-56.4 -516.2 2548.4 0.9357032180 -0.1626947522 -0.3130334616 0.1369899362 0.9852462411 -0.1025847793 0.3251050413 0.0531064719 0.9441855550
-136.0 204.3 2272.2 0 0 0 0 0 0 0 0 0
-111.4 149.8 2269.9 0 0 0 0 0 0 0 0 0
-253.8 -815.4 2489.7 0 0 0 0 0 0 0 0 0
-6.8 -816.5 2532.2 0 0 0 0 0 0 0 0 0
-62.2 484.1 2436.9 4 0.9893715978 0.1018218771 -0.1038081571 -0.0836342871 0.9824751019 0.1665772349 0.1189501360 -0.1561248600 0.9805487990
-83.3 279.8 2469.4 0.9893715978 0.1018218771 -0.1038081571 -0.0836342871 0.9824751019 0.1665772349 0.1189501360 -0.1561248600 0.9805487990
-101.5 83.4 2493.3 0.9900088310 0.0913632587 -0.1074024811 -0.0771330073 0.9885216355 0.1299057007 0.1180382818 -0.1203235090 0.9856922626
-227.7 291.1 2452.2 0.7306064367 -0.2399070710 -0.6392642856 0.5077993274 0.8167989254 0.2738235593 0.4564581811 -0.5246752501 0.7185832262
-376.5 187.7 2359.2 -0.9369378090 -0.2399070710 -0.2541497946 -0.0533212684 0.8167989254 -0.5744531155 0.3454046249 -0.5246752501 -0.7780819535
61.0 268.6 2486.6 0.2157603353 0.5275154710 0.8216902614 -0.8675476909 0.4897539020 -0.0866145864 -0.4481165707 -0.6941675544 0.5633142591
106.3 86.4 2392.5 -0.8464327455 0.5275154710 0.0726569369 0.2331103534 0.4897539020 -0.8401194215 -0.4787600040 -0.6941675544 -0.5375130773
-210.2 -108.4 2501.8 0.9884424806 0.0582470223 -0.1399598420 -0.0460081138 0.9949554205 0.0891456902 0.1444462836 -0.0816761032 0.9861360192
-233.4 -503.8 2534.3 0.9867990017 0.0626781881 -0.1493290961 -0.0826195776 0.9878914356 -0.1313184798 0.1392901242 0.1419224441 0.9800286889
-30.1 -121.4 2532.3 0.9636054039 0.0622029267 -0.2599911988 -0.0516795032 0.9975512624 0.0471245199 0.2622858286 -0.0319732241 0.9644603729
-54.8 -517.9 2545.0 0.9508226514 -0.1587645561 -0.2659513056 0.1406788528 0.9863258004 -0.0858538002 0.2759451866 0.0442180149 0.9601557255
-129.1 201.7 2268.0 0 0 0 0 0 0 0 0 0
-111.0 146.2 2269.5 0 0 0 0 0 0 0 0 0
-253.2 -816.7 2489.3 0 0 0 0 0 0 0 0 0
-6.7 -816.8 2531.6 0 0 0 0 0 0 0 0 0
-63.1 485.6 2442.8 5 0.9867043495 0.0998407081 -0.1282433718 -0.0795858279 0.9848038554 0.1543614119 0.1417061090 -0.1421027184 0.9796561599
-83.7 281.8 2472.3 0.9867043495 0.0998407081 -0.1282433718 -0.0795858279 0.9848038554 0.1543614119 0.1417061090 -0.1421027184 0.9796561599
-101.7 85.1 2493.8 0.9871358275 0.0908593908 -0.1315575838 -0.0751176551 0.9899228215 0.1200421602 0.1411388218 -0.1086156219 0.9840134382
-227.7 292.7 2451.7 0.7275142074 -0.2310167551 -0.6460297108 0.5100901723 0.8118402362 0.2841187119 0.4588367045 -0.5362337828 0.7084646821
-376.4 188.5 2357.9 -0.9407688975 -0.2310167551 -0.2481634766 -0.0458112285 0.8118402362 -0.5820796490 0.3359392583 -0.5362337828 -0.7743372321
60.3 270.8 2492.9 0.2167126536 0.5214686990 0.8252914548 -0.8564169407 0.5073409677 -0.0956826359 -0.4685997069 -0.6860579252 0.5565418601
107.5 84.5 2390.9 -0.8495392799 0.5214686990 0.0797081441 0.2335925102 0.5073409677 -0.8294815421 -0.4729878902 -0.6860579252 -0.5528172851
-210.3 -106.0 2506.4 0.9850098491 0.0530495457 -0.1641381383 -0.0409485810 0.9962474704 0.0762511268 0.1675672978 -0.0683868900 0.9834858775
-231.3 -501.8 2533.6 0.9829013348 0.0672542453 -0.1714113951 -0.0891613960 0.9883323908 -0.1234882995 0.1611063182 0.1366600841 0.9774296880
-29.0 -120.1 2528.0 0.9572454691 0.0675792620 -0.2812723815 -0.0500944294 0.9963647723 0.0689044967 0.2849063873 -0.0518683381 0.9571509957
-55.9 -516.0 2548.6 0.9433881044 -0.1632905304 -0.2887127399 0.1386532634 0.9848688245 -0.1039646566 0.3013206124 0.0580480620 0.9517543316
-125.7 200.7 2268.4 0 0 0 0 0 0 0 0 0
-110.8 144.5 2269.4 0 0 0 0 0 0 0 0 0
-252.8 -816.7 2490.0 0 0 0 0 0 0 0 0 0
-6.4 -814.7 2531.0 0 0 0 0 0 0 0 0 0
-62.7 484.2 2437.8 6 0.9921193123 0.1019639969 -0.0728187412 -0.0896802843 0.9837372899 0.1556226462 0.0875024199 -0.1478658319 0.9851289392
-83.9 279.8 2468.5 0.9921193123 0.1019639969 -0.0728187412 -0.0896802843 0.9837372899 0.1556226462 0.0875024199 -0.1478658319 0.9851289392
-102.0 83.2 2491.2 0.9929315448 0.0910176188 -0.0761758164 -0.0813764557 0.9892745018 0.1213004738 0.0863992721 -0.1142441481 0.9896885753
-228.7 291.7 2455.9 0.7241042852 -0.2238120288 -0.6523658037 0.5006006360 0.8212001920 0.2739146948 0.4744175076 -0.5249175429 0.7066750526
-377.5 188.8 2358.4 -0.9415358901 -0.2238120288 -0.2518299520 -0.0430137888 0.8212001920 -0.5690167546 0.3341555893 -0.5249175429 -0.7828164697
60.8 267.9 2481.1 0.2259886563 0.5234529376 0.8215388656 -0.8725011349 0.4838200212 -0.0682641342 -0.4332100153 -0.7013666630 0.5660511255
108.2 85.0 2390.3 -0.8491743207 0.5234529376 0.0700000077 0.2286010236 0.4838200212 -0.8447838426 -0.4760719836 -0.7013666630 -0.5305094123
-210.2 -104.8 2502.5 0.9926614165 0.0531290136 -0.1086307317 -0.0440036468 0.9954308271 0.0847415626 0.1126366183 -0.0793395340 0.9904636741
-231.3 -500.3 2534.0 0.9907866120 0.0670401007 -0.1176752299 -0.0830558091 0.9870893955 -0.1369532794 0.1069746166 0.1454650909 0.9835630655
-29.4 -118.5 2528.4 0.9713858962 0.0666345805 -0.2279677242 -0.0533635356 0.9965286851 0.0638980120 0.2314341962 -0.0499044620 0.9715697169
-55.8 -514.5 2548.2 0.9577596188 -0.1648250818 -0.2356462628 0.1461347193 0.9847103953 -0.0948160142 0.2476713806 0.0563748516 0.9672025442
-124.5 200.3 2268.6 0 0 0 0 0 0 0 0 0
-110.1 143.8 2267.9 0 0 0 0 0 0 0 0 0
-252.6 -813.9 2487.8 0 0 0 0 0 0 0 0 0
-5.2 -816.9 2530.9 0 0 0 0 0 0 0 0 0
-63.8 485.2 2433.8 7 0.9914506078 0.1002394781 -0.0835327953 -0.0853005275 0.9823613167 0.1664032042 0.0987395570 -0.1578551680 0.9825132489
-84.6 281.3 2466.6 0.9914506078 0.1002394781 -0.0835327953 -0.0853005275 0.9823613167 0.1664032042 0.0987395570 -0.1578551680 0.9825132489
-102.5 84.8 2490.7 0.9921175241 0.0900820047 -0.0871093944 -0.0783943832 0.9884931445 0.1293660998 0.0977605954 -0.1215174869 0.9877632856
-229.4 292.7 2452.3 0.7334384918 -0.2136920244 -0.6452935338 0.4981459081 0.8148828745 0.2963386476 0.4625134170 -0.5387964845 0.7041162252
-379.8 190.6 2357.4 -0.9461180568 -0.2136920244 -0.2433030754 -0.0352710746 0.8148828745 -0.5785515308 0.3218953609 -0.5387964845 -0.7785124779
60.2 269.8 2480.8 0.2177661955 0.5330721140 0.8175646663 -0.8755861521 0.4767799377 -0.0776513815 -0.4311922193 -0.6989384890 0.5705771446
106.3 84.2 2389.4 -0.8431698084 0.5330721140 0.0699911714 0.2310296744 0.4767799377 -0.8481191993 -0.4854791164 -0.6989384890 -0.5251619220
-210.9 -105.9 2506.0 0.9914251566 0.0511361361 -0.1202549934 -0.0419196151 0.9960746765 0.0779614076 0.1237695962 -0.0722518563 0.9896770716
-231.2 -501.7 2534.7 0.9891520143 0.0712469295 -0.1284607053 -0.0890910551 0.9862774611 -0.1389946938 0.1167949513 0.1489315927 0.9819258451
-29.1 -120.8 2521.8 0.9691886306 0.0650221407 -0.2375826389 -0.0455355607 0.9952009320 0.0866121799 0.2420741767 -0.0731250793 0.9674982429
-55.0 -516.2 2550.9 0.9558436275 -0.1614026874 -0.2455852926 0.1398824602 0.9848172069 -0.1028008461 0.2584489584 0.0639084578 0.9639086127
-123.7 200.1 2270.3 0 0 0 0 0 0 0 0 0
-110.0 143.5 2264.9 0 0 0 0 0 0 0 0 0
-253.8 -815.1 2487.4 0 0 0 0 0 0 0 0 0
-5.9 -815.8 2531.4 0 0 0 0 0 0 0 0 0
-65.7 487.3 2431.8 8 0.9911696911 0.0948516876 -0.0926598459 -0.0774265677 0.9812900424 0.1762808412 0.1076467186 -0.1675498933 0.9799689651
-85.4 283.5 2466.6 0.9911696911 0.0948516876 -0.0926598459 -0.0774265677 0.9812900424 0.1762808412 0.1076467186 -0.1675498933 0.9799689651
-102.5 87.2 2492.3 0.9916498661 0.0858538300 -0.0962274298 -0.0721940920 0.9878805876 0.1374044120 0.1068579033 -0.1293100119 0.9858297706
-230.2 294.0 2451.0 0.7656056285 -0.1916966289 -0.6140850186 0.4744702876 0.8128821850 0.3377876580 0.4344260395 -0.5499772429 0.7133015394
-392.5 193.4 2358.9 -0.9525316954 -0.1916966289 -0.2365074456 -0.0190565027 0.8128821850 -0.5821163058 0.3038424253 -0.5499772429 -0.7779490948
59.3 272.9 2482.2 0.2250795811 0.5271881819 0.8193972111 -0.8732978702 0.4820902050 -0.0702842847 -0.4320764244 -0.6997582912 0.5689010024
107.6 85.7 2389.5 -0.8465473056 0.5271881819 0.0736901015 0.2265515476 0.4820902050 -0.8463234901 -0.4816970229 -0.6997582912 -0.5275474787
-211.3 -104.4 2505.9 0.9902074933 0.0526949577 -0.1292764843 -0.0422057211 0.9956904650 0.0825783983 0.1330708265 -0.0763135403 0.9881641269
-232.2 -500.1 2536.2 0.9880875945 0.0687763691 -0.1376690567 -0.0877763703 0.9866632819 -0.1370796263 0.1264051646 0.1475307643 0.9809466600
-29.5 -118.8 2523.8 0.9666591883 0.0642700121 -0.2478696853 -0.0486965403 0.9964644909 0.0684626922 0.2513934374 -0.0541096926 0.9663712978
-55.0 -514.7 2545.3 0.9528523684 -0.1647031605 -0.2548434436 0.1470107585 0.9852911234 -0.0871162787 0.2654432952 0.0455442294 0.9630501270
-133.8 198.6 2276.4 0 0 0 0 0 0 0 0 0
-109.4 143.7 2266.1 0 0 0 0 0 0 0 0 0
-254.3 -817.4 2488.8 0 0 0 0 0 0 0 0 0
-4.2 -818.8 2531.2 0 0 0 0 0 0 0 0 0
-65.4 486.7 2439.3 9 0.9929606318 0.0984982774 -0.0657815710 -0.0880776793 0.9853668213 0.1459264010 0.0791924745 -0.1391052753 0.9871060252
-85.8 283.2 2468.0 0.9929606318 0.0984982774 -0.0657815710 -0.0880776793 0.9853668213 0.1459264010 0.0791924745 -0.1391052753 0.9871060252
-104.1 86.6 2489.8 0.9934015870 0.0918655023 -0.0686587691 -0.0835029706 0.9897242188 0.1160744354 0.0786164850 -0.1095753163 0.9908646345
-230.8 295.4 2456.5 0.7589122057 -0.1907510757 -0.6226285696 0.4668125510 0.8259972334 0.3159345686 0.4540245831 -0.5304174423 0.7159043550
-398.0 192.6 2356.5 -0.9565783739 -0.1907510757 -0.2203902602 -0.0350965410 0.8259972334 -0.5625805259 0.2893545926 -0.5304174423 -0.7968257666
59.2 271.1 2479.5 0.2385714054 0.5203478932 0.8199523091 -0.8677412868 0.4933100343 -0.0605822653 -0.4360145628 -0.6970532537 0.5692170262
110.0 86.4 2386.7 -0.8517165780 0.5203478932 0.0617812686 0.2407508790 0.4933100343 -0.8358733058 -0.4654222429 -0.6970532537 -0.5454345345
-210.5 -102.5 2508.2 0.9933217168 0.0551883765 -0.1013221368 -0.0475877039 0.9959747195 0.0759589896 0.1051063389 -0.0706300288 0.9919496179
-232.4 -498.3 2536.3 0.9918934107 0.0619952232 -0.1109238192 -0.0776835904 0.9866366386 -0.1432251781 0.1005622298 0.1506810635 0.9834543467
-28.7 -115.7 2527.8 0.9728822112 0.0676120073 -0.2211985886 -0.0574406534 0.9969882965 0.0521042868 0.2240552753 -0.0379855447 0.9738358855
-55.5 -511.9 2542.9 0.9601966143 -0.1612325609 -0.2280932814 0.1471709013 0.9860714078 -0.0774850845 0.2374093831 0.0408322215 0.9705511332
-137.7 202.1 2277.8 0 0 0 0 0 0 0 0 0
-107.3 147.9 2267.9 0 0 0 0 0 0 0 0 0
-252.5 -817.6 2487.5 0 0 0 0 0 0 0 0 0
-5.3 -818.8 2530.2 0 0 0 0 0 0 0 0 0
-66.0 482.5 2435.0 0 0.9875276089 0.1017875671 -0.1201185733 -0.0819322169 0.9837105870 0.1600017548 0.1344480962 -0.1481645703 0.9797810912
-87.1 279.2 2465.6 0.9875276089 0.1017875671 -0.1201185733 -0.0819322169 0.9837105870 0.1600017548 0.1344480962 -0.1481645703 0.9797810912
-105.1 82.7 2489.3 0.9882903695 0.0901869610 -0.1230791435 -0.0740952864 0.9887964129 0.1295823455 0.1333868504 -0.1189453974 0.9839003682
-231.2 289.9 2446.2 0.7902631760 -0.1901509464 -0.5825176239 0.4485033154 0.8272338510 0.3384212554 0.4175271392 -0.5287029147 0.7390157580
-400.9 193.6 2356.5 -0.9580153823 -0.1901509464 -0.2145905942 -0.0386374965 0.8272338510 -0.5605277419 0.2841014862 -0.5287029147 -0.7998496890
57.0 268.4 2485.1 0.2487377971 0.5222322941 0.8157223463 -0.8522738218 0.5181400776 -0.0718342066 -0.4601725936 -0.6773509383 0.5739659667
110.6 84.7 2385.9 -0.8503968716 0.5222322941 0.0640203431 0.2567730546 0.5181400776 -0.8158421516 -0.4592306316 -0.6773509383 -0.5747198462
-213.5 -102.4 2504.4 0.9865774512 0.0483006872 -0.1559871286 -0.0363663733 0.9962523580 0.0784772113 0.1591930538 -0.0717511624 0.9846366644
-232.6 -498.3 2532.9 0.9847875834 0.0614143871 -0.1625474095 -0.0823856145 0.9886552691 -0.1255921423 0.1529901773 0.1370731443 0.9786751270
-31.4 -117.6 2518.8 0.9602597952 0.0558220409 -0.2734685242 -0.0371884666 0.9966487288 0.0728580281 0.2766191363 -0.0597927645 0.9591176510
-53.5 -513.6 2542.5 0.9476684928 -0.1555973738 -0.2787721753 0.1387795955 0.9871506095 -0.0792080387 0.2875146866 0.0363750719 0.9570852518
-140.0 204.1 2279.2 0 0 0 0 0 0 0 0 0
-105.7 150.1 2269.1 0 0 0 0 0 0 0 0 0
-252.7 -820.9 2488.2 0 0 0 0 0 0 0 0 0
-5.3 -819.6 2531.2 0 0 0 0 0 0 0 0 0
-66.1 485.7 2434.9 1 0.9883711338 0.1015202999 -0.1132084951 -0.0826139301 0.9835354686 0.1607263833 0.1276615560 -0.1495047212 0.9804850221
-87.2 281.3 2466.0 0.9883711338 0.1015202999 -0.1132084951 -0.0826139301 0.9835354686 0.1607263833 0.1276615560 -0.1495047212 0.9804850221
-105.1 84.8 2489.8 0.9891433716 0.0899438709 -0.1162131429 -0.0746589899 0.9887286425 0.1297756284 0.1265757829 -0.1196903437 0.9847095013
-231.6 292.2 2447.5 0.7783787251 -0.2128651887 -0.5906056166 0.4633658528 0.8295374513 0.3117045760 0.4235784411 -0.5162906647 0.7443287373
-399.7 192.1 2356.0 -0.9536491036 -0.2128651887 -0.2127012759 -0.0613596290 0.8295374513 -0.5550699830 0.2945987284 -0.5162906647 -0.8041489124
57.1 270.4 2484.4 0.2547177076 0.5128979087 0.8197894096 -0.8524346352 0.5193703175 -0.0600809641 -0.4565896690 -0.6835131645 0.5695047379
112.6 84.7 2384.9 -0.8572866917 0.5128979087 0.0446686484 0.2684573233 0.5193703175 -0.8112860918 -0.4393065274 -0.6835131645 -0.5829404593
-213.6 -107.0 2500.7 0.9873628020 0.0540908985 -0.1489591300 -0.0421312265 0.9957160950 0.0823069438 0.1527730525 -0.0749909878 0.9854119420
-235.1 -502.7 2530.5 0.9860206842 0.0562998727 -0.1568231285 -0.0757407472 0.9897725582 -0.1208869964 0.1484133005 0.1310749799 0.9802004099
-32.6 -120.5 2525.2 0.9620488286 0.0531803258 -0.2676450610 -0.0390753262 0.9975656271 0.0577574410 0.2700650692 -0.0451071598 0.9617848992
-53.7 -516.8 2543.1 0.9494073987 -0.1562296301 -0.2724296451 0.1392031908 0.9869562387 -0.0808695629 0.2815103531 0.0388550833 0.9587711692
-142.4 208.6 2276.5 0 0 0 0 0 0 0 0 0
-104.7 152.7 2273.6 0 0 0 0 0 0 0 0 0
-253.0 -817.5 2488.9 0 0 0 0 0 0 0 0 0
-6.1 -817.6 2531.2 0 0 0 0 0 0 0 0 0
-73.1 488.9 2449.3 2 0.9955704212 0.0865485147 -0.0367264450 -0.0824133605 0.9913495183 0.1021477282 0.0452494808 -0.0986685082 0.9940910339
-91.0 283.8 2469.7 0.9955704212 0.0865485147 -0.0367264450 -0.0824133605 0.9913495183 0.1021477282 0.0452494808 -0.0986685082 0.9940910339
-106.1 86.5 2485.8 0.9965023398 0.0743498802 -0.0381475985 -0.0709156543 0.9938871264 0.0846129060 0.0442053676 -0.0816116929 0.9956833720
-236.0 293.9 2463.3 0.7232453823 -0.1657089889 -0.6704152822 0.4122993350 0.8823964596 0.2266842425 0.5540084243 -0.4403600991 0.7065109015
-400.8 199.9 2337.0 -0.9795898199 -0.1657089889 -0.1137729287 -0.0957652405 0.8823964596 -0.4606577158 0.1767279506 -0.4403600991 -0.8802557588
54.1 273.8 2476.2 0.2739914656 0.5318611264 0.8012817502 -0.8514204621 0.5215843916 -0.0550724044 -0.4472269118 -0.6671382785 0.5957471132
115.6 82.7 2375.8 -0.8467743397 0.5318611264 -0.0098493556 0.3367269933 0.5215843916 -0.7839417458 -0.4118108749 -0.6671382785 -0.6207562089
-213.7 -104.8 2502.0 0.9962717891 0.0523975752 -0.0685350373 -0.0470543504 0.9958905578 0.0773813128 0.0723079890 -0.0738679469 0.9946432114
-234.5 -500.6 2531.3 0.9953722954 0.0563823096 -0.0778138116 -0.0660763606 0.9895409346 -0.1282288134 0.0697701201 0.1327770650 0.9886872172
-32.4 -118.4 2525.1 0.9807176590 0.0531513207 -0.1880632043 -0.0420417860 0.9971540570 0.0625796765 0.1908541769 -0.0534664840 0.9801611900
-53.5 -514.7 2546.4 0.9677047729 -0.1611198187 -0.1938758492 0.1467574835 0.9853930473 -0.0863874108 0.2049626410 0.0551447794 0.9772151113
-139.8 225.5 2289.9 0 0 0 0 0 0 0 0 0
-101.2 168.9 2270.4 0 0 0 0 0 0 0 0 0
-252.6 -817.4 2488.8 0 0 0 0 0 0 0 0 0
-4.3 -815.9 2529.5 0 0 0 0 0 0 0 0 0
-75.6 489.9 2456.5 3 0.9911261797 0.0705260262 -0.1126721352 -0.0605044663 0.9941006899 0.0900170282 0.1183559895 -0.0824010596 0.9895462990
-90.1 285.6 2473.5 0.9911261797 0.0705260262 -0.1126721352 -0.0605044663 0.9941006899 0.0900170282 0.1183559895 -0.0824010596 0.9895462990
-102.3 87.8 2486.2 0.9916176796 0.0608529449 -0.1139794812 -0.0530588180 0.9961199760 0.0702124089 0.1178098693 -0.0635762513 0.9909989238
-234.3 293.2 2456.3 0.7240067124 -0.1428097636 -0.6748478413 0.3961701095 0.8869746327 0.2373293340 0.5646799803 -0.4391825795 0.6987525821
-392.7 206.5 2332.7 -0.9881846309 -0.1428097636 -0.0556465015 -0.1028302088 0.8869746327 -0.4502243102 0.1136534587 -0.4391825795 -0.8911798596
54.0 277.9 2490.7 0.2559700608 0.5284292698 0.8094700575 -0.8302453756 0.5490849614 -0.0959079266 -0.4951483905 -0.6475092173 0.5792753100
113.8 84.0 2375.0 -0.8489544392 0.5284292698 -0.0062311306 0.3473557830 0.5490849614 -0.7601642609 -0.3982716203 -0.6475092173 -0.6497010589
-212.2 -104.5 2497.9 0.9885283113 0.0477309674 -0.1432954222 -0.0364871435 0.9961192608 0.0800944120 0.1465623081 -0.0739471540 0.9864336252
-231.2 -500.3 2527.3 0.9864460230 0.0672643632 -0.1496655941 -0.0836791098 0.9908147454 -0.1062261760 0.1411456317 0.1173102707 0.9830138683
-30.1 -117.1 2506.0 0.9641308188 0.0610835478 -0.2583032250 -0.0314210914 0.9925822020 0.1174449101 0.2635611296 -0.1051160917 0.9588984251
-54.4 -511.0 2547.7 0.9505928755 -0.1610587835 -0.2653926611 0.1395791173 0.9853467345 -0.0980277285 0.2772920132 0.0561411902 0.9591440558
-129.5 233.9 2302.5 0 0 0 0 0 0 0 0 0
-102.5 172.5 2273.5 0 0 0 0 0 0 0 0 0
-252.7 -817.6 2489.7 0 0 0 0 0 0 0 0 0
-4.0 -818.8 2530.1 0 0 0 0 0 0 0 0 0
-78.1 488.3 2460.7 4 0.9921178222 0.0610738844 -0.1094174385 -0.0525525548 0.9954773188 0.0791403502 0.1137559786 -0.0727663860 0.9908403754
-90.6 284.6 2475.5 0.9921178222 0.0610738844 -0.1094174385 -0.0525525548 0.9954773188 0.0791403502 0.1137559786 -0.0727663860 0.9908403754
-100.8 86.6 2486.6 0.9925533533 0.0513789356 -0.1104445979 -0.0448351055 0.9971339703 0.0609395839 0.1132590696 -0.0555339940 0.9920122623
-235.3 291.2 2459.0 0.7090556622 -0.1343775392 -0.6922302246 0.3755396605 0.9028394222 0.2094060332 0.5968332887 -0.4084404707 0.6906275153
-388.8 209.9 2329.8 -0.9898304939 -0.1343775392 -0.0466720797 -0.1028825790 0.9028394222 -0.4174878597 0.0982383862 -0.4084404707 -0.9074831009
54.0 278.1 2492.1 0.2541560531 0.5301551819 0.8089129925 -0.8305681944 0.5481716394 -0.0983073637 -0.4955413342 -0.6468719840 0.5796511769
112.9 85.9 2377.4 -0.8478903174 0.5301551819 -0.0041826414 0.3465069532 0.5481716394 -0.7612100840 -0.4012666345 -0.6468719840 -0.6484919190
