-47.3 416.4 2552.4  0.9588936567 0.0957926884 -0.2671080828 -0.0999356806 0.9949920177 -0.0019270490 0.2655858397 0.0285414644 0.9636646509
-66.1 221.0 2546.8 0.9588936567 0.0957926884 -0.2671080828 -0.0999356806 0.9949920177 -0.0019270490 0.2655858397 0.0285414644 0.9636646509
-83.3 27.8 2541.6 0.9595530033 0.0889867321 -0.2670942545 -0.0928319991 0.9956802130 -0.0017780184 0.2657822371 0.0265009981 0.9636687636
-197.2 233.7 2510.5 0.4814220965 -0.2016634643 -0.8529739976 0.4439488649 0.8952065706 0.0389183462 0.7557395101 -0.3974129856 0.5205004811
-296.1 142.5 2355.2 -0.8487799168 -0.2016634643 -0.4887785614 0.0427550972 0.8952065706 -0.4435957968 0.5270148516 -0.3974129856 -0.7512112260
65.0 208.3 2583.1 -0.0802456439 0.8576498628 0.5079343915 -0.7891688347 0.2566269338 -0.5579921007 -0.6089115143 -0.4456224442 0.6562373042
47.2 33.4 2448.1 -0.4931590855 0.8576498628 0.1457081586 0.1649223715 0.2566269338 -0.9523356557 -0.8541631699 -0.4456224442 -0.2680035532
-187.1 -161.1 2509.7 0.9909682274 -0.0317153931 0.1302924454 0.0255244523 0.9984768033 0.0489142947 -0.1316453069 -0.0451468676 0.9902682900
-174.8 -548.7 2527.2 0.9912782311 0.0158389769 0.1308302283 -0.0201036520 0.9993065596 0.0313407741 -0.1302431077 -0.0336975940 0.9909092784
-15.1 -177.5 2557.0 0.9763481021 0.0124065839 0.2158482969 -0.0091494424 0.9998288155 -0.0160826799 -0.2160108835 0.0137274032 0.9762944579
-19.9 -565.7 2551.6 0.9755775332 -0.0388052240 0.2162005752 0.0319205448 0.9988687634 0.0352467075 -0.2173237503 -0.0274846554 0.9757125378
-85.0 131.9 2224.1 0 0 0 0 0 0 0 0 0
-75.8 74.5 2234.9 0 0 0 0 0 0 0 0 0
-179.3 -829.1 2536.7 0 0 0 0 0 0 0 0 0
-9.7 -828.7 2558.9 0 0 0 0 0 0 0 0 0
-48.0 413.7 2558.7  0.9618493319 0.0932168663 -0.2572091222 -0.1019205824 0.9945774078 -0.0206868611 0.2538860142 0.0461125448 0.9661343098
-66.3 218.9 2549.6 0.9618493319 0.0932168663 -0.2572091222 -0.1019205824 0.9945774078 -0.0206868611 0.2538860142 0.0461125448 0.9661343098
-83.3 25.7 2541.9 0.9625092149 0.0873920843 -0.2567852437 -0.0946498439 0.9953817725 -0.0160167124 0.2541996241 0.0397209153 0.9663357735
-197.8 231.8 2514.9 0.5042588711 -0.1688817292 -0.8468777537 0.4100604653 0.9098996520 0.0627141148 0.7599825263 -0.3788952231 0.5280767083
-303.0 146.2 2356.3 -0.8585190177 -0.1688817292 -0.4841735661 0.0530390888 0.9098996520 -0.4114237428 0.5100312829 -0.3788952231 -0.7722088099
65.2 205.9 2584.4 -0.0900656804 0.8690189719 0.4865122736 -0.7924116254 0.2333854139 -0.5635735393 -0.6033009291 -0.4362766147 0.6676006913
45.4 31.7 2451.7 -0.4795956314 0.8690189719 0.1216308028 0.1805721968 0.2333854139 -0.9554710388 -0.8587093353 -0.4362766147 -0.2688512802
-186.6 -157.1 2512.7 0.9896497130 -0.0287356544 0.1405977309 0.0232539792 0.9989098310 0.0404774249 -0.1416075975 -0.0367890149 0.9892390370
-175.4 -544.9 2526.9 0.9899556637 0.0119023304 0.1408761889 -0.0163639281 0.9993991256 0.0305543803 -0.1404278725 -0.0325527713 0.9895555973
-14.6 -173.8 2560.3 0.9739313126 0.0136916079 0.2264294177 -0.0098403031 0.9997872114 -0.0181288943 -0.2266294658 0.0154281650 0.9738588333
-20.0 -561.9 2554.3 0.9732357860 -0.0371966548 0.2267784625 0.0339016020 0.9992555976 0.0184087753 -0.2272944003 -0.0102279251 0.9737724066
-87.2 132.9 2228.1 0 0 0 0 0 0 0 0 0
-75.0 77.0 2236.0 0 0 0 0 0 0 0 0 0
-178.7 -824.9 2536.1 0 0 0 0 0 0 0 0 0
-10.1 -826.1 2557.0 0 0 0 0 0 0 0 0 0
-54.9 412.5 2551.8  0.9738868475 0.0754519403 -0.2141294628 -0.0795981735 0.9967685938 -0.0107947998 0.2126230299 0.0275572259 0.9767456651
-69.7 218.0 2546.4 0.9738868475 0.0754519403 -0.2141294628 -0.0795981735 0.9967685938 -0.0107947998 0.2126230299 0.0275572259 0.9767456651
-84.0 24.6 2541.4 0.9739964008 0.0743577182 -0.2140139490 -0.0781403631 0.9968993664 -0.0092576370 0.2126619965 0.0257400330 0.9767867327
-202.6 228.7 2517.4 0.5195773840 -0.1381292045 -0.8431842327 0.3787625730 0.9218196869 0.0823856071 0.7658839822 -0.3621723056 0.5312748551
-309.9 150.5 2359.3 -0.8648356199 -0.1381292045 -0.4826797247 0.0659518614 0.9218196869 -0.3819670379 0.4977044761 -0.3621723056 -0.7881125808
63.3 207.3 2575.5 -0.0521124378 0.8519839048 0.5209680200 -0.8142924905 0.2657451928 -0.5160496831 -0.5781107545 -0.4511129558 0.6799154282
52.1 32.5 2451.3 -0.5031018853 0.8519839048 0.1449547857 0.1769882888 0.2657451928 -0.9476574659 -0.8459099531 -0.4511129558 -0.2844880819
-186.4 -159.0 2511.4 0.9826924205 -0.0281601716 0.1830917001 0.0185926463 0.9983805418 0.0537638515 -0.1843091995 -0.0494291708 0.9816246033
-175.5 -546.6 2530.6 0.9828500748 0.0119729685 0.1840174794 -0.0152409067 0.9997500777 0.0163546931 -0.1837756783 -0.0188788045 0.9827868938
-14.0 -176.0 2557.0 0.9629886150 0.0188633595 0.2688812912 -0.0133803226 0.9996637702 -0.0222102422 -0.2692098618 0.0177904908 0.9629172087
-21.3 -564.1 2550.1 0.9618569613 -0.0468069278 0.2695185542 0.0389069952 0.9986442327 0.0345820487 -0.2707718313 -0.0227768291 0.9623740315
-89.5 133.7 2232.4 0 0 0 0 0 0 0 0 0
-74.3 76.9 2238.9 0 0 0 0 0 0 0 0 0
-178.8 -823.4 2535.9 0 0 0 0 0 0 0 0 0
-9.0 -826.4 2556.1 0 0 0 0 0 0 0 0 0
-54.9 411.3 2548.4  0.9702806473 0.0739895552 -0.2303930819 -0.0764732882 0.9970698953 -0.0018567782 0.2295806259 0.0194205120 0.9730958939
-69.3 216.7 2544.6 0.9702806473 0.0739895552 -0.2303930819 -0.0764732882 0.9970698953 -0.0018567782 0.2295806259 0.0194205120 0.9730958939
-83.5 23.1 2541.0 0.9703528881 0.0732261911 -0.2303327620 -0.0754948258 0.9971456528 -0.0010395650 0.2295991927 0.0183976758 0.9731113911
-201.8 227.0 2513.3 0.5588249564 -0.1059556678 -0.8224889636 0.3469717503 0.9306931496 0.1158486754 0.7532100081 -0.3501195610 0.5568581820
-316.0 156.1 2359.3 -0.8687799573 -0.1059556678 -0.4837300479 0.0846412629 0.9306931496 -0.3558737934 0.4879110754 -0.3501195610 -0.7995993495
63.2 206.4 2575.9 -0.0312705822 0.8346166015 0.5499430299 -0.8048989177 0.3051807284 -0.5089228153 -0.5925874114 -0.4585628510 0.6622388363
56.3 30.1 2446.2 -0.5243186951 0.8346166015 0.1688343734 0.1849856973 0.3051807284 -0.9341546893 -0.8311859965 -0.4585628510 -0.3144041002
-185.6 -161.9 2517.3 0.9855400324 -0.0265366957 0.1673518866 0.0210362915 0.9991813898 0.0345551111 -0.1681318730 -0.0305349827 0.9852914810
-175.3 -549.7 2529.2 0.9857955575 0.0102680717 0.1676354706 -0.0144063821 0.9996203184 0.0234889090 -0.1673306376 -0.0255702827 0.9855691791
-11.2 -175.9 2555.4 0.9672830105 0.0243698973 0.2525265217 -0.0190173015 0.9995402098 -0.0236156564 -0.2529859245 0.0180406496 0.9673017263
-20.7 -564.0 2548.4 0.9662099481 -0.0459434390 0.2536287010 0.0346297100 0.9982033968 0.0488956012 -0.2554194629 -0.0384603292 0.9660650492
-91.7 134.2 2233.3 0 0 0 0 0 0 0 0 0
-74.3 76.2 2239.1 0 0 0 0 0 0 0 0 0
-178.1 -821.9 2536.1 0 0 0 0 0 0 0 0 0
-8.3 -832.5 2558.7 0 0 0 0 0 0 0 0 0
-51.3 415.0 2557.7  0.9642491937 0.0818815157 -0.2520295382 -0.0913167819 0.9954836965 -0.0259510037 0.2487663776 0.0480377600 0.9673715234
-67.4 220.0 2548.3 0.9642491937 0.0818815157 -0.2520295382 -0.0913167819 0.9954836965 -0.0259510037 0.2487663776 0.0480377600 0.9673715234
-82.4 26.7 2540.6 0.9647503495 0.0776087344 -0.2514630258 -0.0850586370 0.9961971045 -0.0188765321 0.2490417510 0.0396002419 0.9676828384
-199.1 231.7 2514.3 0.5753434896 -0.0885010958 -0.8131097555 0.3391729891 0.9304396510 0.1387217939 0.7442724705 -0.3555975258 0.5653395653
-321.8 159.3 2355.6 -0.8785840273 -0.0885010958 -0.4693161845 0.0952870697 0.9304396510 -0.3538395464 0.4679855704 -0.3555975258 -0.8090363741
64.3 208.4 2582.3 0.0237297677 0.7819377780 0.6229046583 -0.7846118212 0.4006942809 -0.4731050730 -0.6195330620 -0.4775116742 0.6230260134
69.6 34.3 2444.8 -0.5769850016 0.7819377780 0.2359271497 0.1753126383 0.4006942809 -0.8992828131 -0.7977178693 -0.4775116742 -0.3682781458
-184.6 -163.6 2516.9 0.9890208244 -0.0262344629 0.1454289705 0.0206540041 0.9989961386 0.0397505872 -0.1463258266 -0.0363104679 0.9885698557
-174.4 -551.4 2531.0 0.9891079664 0.0199828427 0.1458291411 -0.0237007607 0.9994357228 0.0238021258 -0.1452712119 -0.0269991346 0.9890234470
-10.8 -177.2 2558.0 0.9724426866 0.0249522366 0.2318029851 -0.0197018497 0.9994948506 -0.0249380376 -0.2323081493 0.0196838658 0.9724430442
-20.5 -565.2 2550.3 0.9712928534 -0.0481775776 0.2329572439 0.0393393189 0.9983242154 0.0424405821 -0.2346115410 -0.0320578553 0.9715604782
-92.9 134.5 2233.7 0 0 0 0 0 0 0 0 0
-74.8 78.2 2245.1 0 0 0 0 0 0 0 0 0
-179.8 -822.3 2538.3 0 0 0 0 0 0 0 0 0
-7.7 -830.5 2558.8 0 0 0 0 0 0 0 0 0
-51.0 417.7 2560.3  0.9634010196 0.0822067633 -0.2551480830 -0.0934521854 0.9951013923 -0.0322474055 0.2512472570 0.0549113303 0.9663640857
-67.1 222.6 2549.6 0.9634010196 0.0822067633 -0.2551480830 -0.0934521854 0.9951013923 -0.0322474055 0.2512472570 0.0549113303 0.9663640857
-82.0 29.3 2540.9 0.9639980197 0.0771542266 -0.2544701099 -0.0859929025 0.9960119724 -0.0237766542 0.2516208291 0.0448032729 0.9667882919
-198.7 234.4 2515.2 0.5758362412 -0.0799873173 -0.8136427999 0.3377731740 0.9295718074 0.1476668566 0.7445279360 -0.3598586321 0.5622987151
-325.9 159.8 2350.7 -0.8883778453 -0.0799873173 -0.4520916343 0.0972569212 0.9295718074 -0.3555802405 0.4486935735 -0.3598586321 -0.8180316687
64.6 210.9 2583.9 0.0590082854 0.7233354449 0.6879708171 -0.7532142997 0.4845419824 -0.4448451698 -0.6551230550 -0.4919399321 0.5734186172
77.9 41.1 2436.3 -0.6240417957 0.7233354449 0.2955632806 0.1537771970 0.4845419824 -0.8611455560 -0.7661098838 -0.4919399321 -0.4136069715
-183.8 -159.0 2510.6 0.9895888567 -0.0237825792 0.1419445276 0.0167674366 0.9985876083 0.0504149087 -0.1429430395 -0.0475099869 0.9885899425
-174.6 -546.6 2529.0 0.9895291328 0.0231505372 0.1424645782 -0.0272536092 0.9992660880 0.0269168280 -0.1417368799 -0.0305176582 0.9894338250
-11.0 -174.3 2555.1 0.9729620218 0.0267447736 0.2294114083 -0.0262678657 0.9996417761 -0.0051329480 -0.2294665128 -0.0010319843 0.9733160138
-21.4 -562.3 2555.5 0.9715132117 -0.0569320396 0.2300452590 0.0533813238 0.9983398318 0.0216342602 -0.2308950275 -0.0087378500 0.9729394317
-93.5 134.3 2233.3 0 0 0 0 0 0 0 0 0
-75.7 79.0 2247.7 0 0 0 0 0 0 0 0 0
-180.9 -822.1 2537.4 0 0 0 0 0 0 0 0 0
-6.4 -825.1 2557.8 0 0 0 0 0 0 0 0 0
-51.7 412.9 2553.6  0.9731397033 0.0778364763 -0.2166579068 -0.0855400935 0.9959850907 -0.0263940990 0.2137336135 0.0442180820 0.9758906960
-66.9 218.2 2545.0 0.9731397033 0.0778364763 -0.2166579068 -0.0855400935 0.9959850907 -0.0263940990 0.2137336135 0.0442180820 0.9758906960
-82.0 24.8 2537.9 0.9732371569 0.0782680735 -0.2160638422 -0.0842963085 0.9962631464 -0.0188124869 0.2137840241 0.0365223959 0.9761979580
-199.7 229.8 2515.8 0.5581907034 -0.0529311858 -0.8280225992 0.3030070066 0.9420391917 0.1440448910 0.7724052668 -0.3313011527 0.5418760180
-323.8 162.4 2344.2 -0.9015851021 -0.0529311858 -0.4293513298 0.0975619629 0.9420391917 -0.3210044205 0.4214569032 -0.3313011527 -0.8441644311
66.0 206.7 2574.2 0.0655302331 0.7054009438 0.7057728767 -0.7517778873 0.4999925494 -0.4299272895 -0.6561522484 -0.5024111867 0.5630694032
80.1 44.8 2432.9 -0.6392180920 0.7054009438 0.3062838018 0.1424509883 0.4999925494 -0.8542336822 -0.7557168603 -0.5024111867 -0.4200893342
-183.3 -156.3 2509.6 0.9832707047 -0.0217621177 0.1808454841 0.0117639592 0.9983515739 0.0561755188 -0.1817698777 -0.0531082824 0.9819059372
-174.9 -543.9 2530.2 0.9831812978 0.0196325704 0.1815738380 -0.0229185782 0.9996090531 0.0160167553 -0.1811883897 -0.0199087895 0.9832468629
-10.6 -171.7 2554.7 0.9631730914 0.0302906521 0.2671705484 -0.0263718516 0.9994856715 -0.0182445869 -0.2675857842 0.0105269132 0.9634765387
-22.4 -559.7 2550.6 0.9616332054 -0.0564023666 0.2684777379 0.0474389121 0.9980823994 0.0397626050 -0.2702056170 -0.0255007502 0.9624648690
-88.9 137.0 2234.4 0 0 0 0 0 0 0 0 0
-75.2 79.4 2249.4 0 0 0 0 0 0 0 0 0
-180.3 -822.1 2535.8 0 0 0 0 0 0 0 0 0
-7.1 -830.6 2557.5 0 0 0 0 0 0 0 0 0
-49.7 415.6 2558.8  0.9677039385 0.0826662928 -0.2381499857 -0.0940277055 0.9948918223 -0.0367287695 0.2338972390 0.0579352714 0.9705336690
-65.9 220.6 2547.4 0.9677039385 0.0826662928 -0.2381499857 -0.0940277055 0.9948918223 -0.0367287695 0.2338972390 0.0579352714 0.9705336690
-81.7 27.3 2538.4 0.9680248499 0.0814581290 -0.2372602671 -0.0901352838 0.9955917001 -0.0259384383 0.2341014594 0.0464945771 0.9710997939
-198.1 232.9 2515.5 0.5402351618 -0.0579528585 -0.8395162225 0.3122793138 0.9401977062 0.1360511035 0.7814266682 -0.3356631100 0.5260253549
-319.6 162.7 2339.7 -0.9023540020 -0.0579528585 -0.4270815849 0.0945062414 0.9401977062 -0.3272565305 0.4205065668 -0.3356631100 -0.8429142833
66.2 208.2 2579.4 0.0993455201 0.6635637283 0.7414941788 -0.7285636067 0.5560534596 -0.3999995887 -0.6777356267 -0.5004875064 0.5386897922
88.3 46.5 2429.0 -0.6662745476 0.6635637283 0.3402373195 0.1349967122 0.5560534596 -0.8201100230 -0.7333853841 -0.5004875064 -0.4600631595
-184.3 -161.0 2511.7 0.9868422151 -0.0250822995 0.1597290635 0.0177167114 0.9987202287 0.0473714657 -0.1607128233 -0.0439182855 0.9860236049
-174.6 -548.7 2528.7 0.9868789315 0.0184002165 0.1604102999 -0.0214588586 0.9996190667 0.0173560511 -0.1600298285 -0.0205705427 0.9868978262
-10.1 -176.1 2550.0 0.9684944749 0.0329362154 0.2468473613 -0.0324504897 0.9994550943 -0.0060367202 -0.2469116896 -0.0021637871 0.9690355659
-22.9 -564.1 2550.8 0.9668806791 -0.0603311621 0.2479957342 0.0532446727 0.9979612827 0.0351897851 -0.2496131808 -0.0208198708 0.9681217670
-86.2 138.2 2230.9 0 0 0 0 0 0 0 0 0
-74.2 79.5 2250.1 0 0 0 0 0 0 0 0 0
-179.6 -819.9 2534.3 0 0 0 0 0 0 0 0 0
-7.0 -826.7 2556.3 0 0 0 0 0 0 0 0 0
-52.2 411.4 2544.9  0.9821401834 0.0776937008 -0.1713603586 -0.0794599205 0.9968320727 -0.0034617691 0.1705485433 0.0170162227 0.9852023125
-67.4 215.9 2541.6 0.9821401834 0.0776937008 -0.1713603586 -0.0794599205 0.9968320727 -0.0034617691 0.1705485433 0.0170162227 0.9852023125
-82.6 22.5 2537.8 0.9819770455 0.0794176012 -0.1715049148 -0.0815297812 0.9966568351 -0.0052959318 0.1705109626 0.0191832427 0.9851690531
-201.2 227.1 2518.3 0.4903464615 -0.1174620464 -0.8635756969 0.3231679499 0.9447422624 0.0549956448 0.8093965650 -0.3060469329 0.5012109876
-309.8 155.6 2339.2 -0.8876675963 -0.1174620464 -0.4452515543 0.0382904969 0.9447422624 -0.3255701065 0.4588900805 -0.3060469329 -0.8341193795
66.4 204.6 2564.8 0.1320579201 0.6811570525 0.7201290131 -0.7367824912 0.5534503460 -0.3883868158 -0.6631080508 -0.4792888761 0.5749520659
93.9 51.1 2426.6 -0.6511167884 0.6811570525 0.3347716033 0.1585933119 0.5534503460 -0.8176435232 -0.7422230840 -0.4792888761 -0.4683877528
-184.2 -157.8 2508.4 0.9738897085 -0.0241957344 0.2257284969 0.0127577763 0.9985659122 0.0519932956 -0.2266628146 -0.0477559455 0.9728018045
-174.8 -545.5 2527.0 0.9739028215 0.0181423724 0.2262391895 -0.0251842793 0.9992827773 0.0282783918 -0.2255638838 -0.0332380757 0.9736612439
-10.8 -174.0 2550.3 0.9501610398 0.0250484124 0.3107515574 -0.0252455138 0.9996755123 -0.0033884940 -0.3107355833 -0.0046254676 0.9504851103
-20.5 -562.1 2552.1 0.9492478371 -0.0433847457 0.3115224838 0.0331654847 0.9987260699 0.0380300395 -0.3127755523 -0.0257681403 0.9494774938
-82.3 145.8 2221.6 0 0 0 0 0 0 0 0 0
-68.0 90.6 2242.0 0 0 0 0 0 0 0 0 0
-179.8 -825.9 2536.3 0 0 0 0 0 0 0 0 0
-8.9 -829.6 2559.0 0 0 0 0 0 0 0 0 0
-56.5 411.3 2536.9  0.9864510894 0.0723784417 -0.1472262889 -0.0711002052 0.9973718524 0.0139332842 0.1478478312 -0.0032766846 0.9890046716
-70.6 216.1 2537.6 0.9864510894 0.0723784417 -0.1472262889 -0.0711002052 0.9973718524 0.0139332842 0.1478478312 -0.0032766846 0.9890046716
-85.1 22.6 2537.1 0.9861955047 0.0750717819 -0.1475895345 -0.0745578036 0.9971759319 0.0090195993 0.1478498429 0.0021088638 0.9890075922
-205.2 226.4 2517.4 0.4335581958 -0.1853512079 -0.8818572760 0.3484981060 0.9369599223 -0.0255964771 0.8310092092 -0.2962280214 0.4708212018
-300.2 150.0 2335.3 -0.8734971881 -0.1853512079 -0.4501640201 -0.0189988390 0.9369599223 -0.3489199877 0.4864583910 -0.2962280214 -0.8219532967
63.9 205.9 2557.7 0.1128476784 0.7488055825 0.6531122327 -0.7490499616 0.4959841371 -0.4392310381 -0.6528319716 -0.4396474659 0.6168634892
87.4 50.2 2422.1 -0.5911388397 0.7488055825 0.2997415960 0.1997900456 0.4959841371 -0.8450347185 -0.7814338207 -0.4396474659 -0.4427993894
-185.6 -163.6 2518.8 0.9677796364 -0.0283226650 0.2502007186 0.0227589961 0.9994257689 0.0251026787 -0.2507680357 -0.0185995437 0.9678685069
-174.6 -551.4 2526.1 0.9681231976 0.0169487651 0.2499005049 -0.0265864525 0.9990251660 0.0352408960 -0.2490596026 -0.0407614969 0.9676299691
-10.1 -178.3 2549.3 0.9422938824 0.0323132016 0.3332237005 -0.0326656699 0.9994559884 -0.0045463787 -0.3331893384 -0.0066009513 0.9428368211
-22.6 -566.3 2551.8 0.9404164553 -0.0611663051 0.3344780207 0.0474179611 0.9976664782 0.0491241254 -0.3367022574 -0.0303368699 0.9411223531
-82.1 154.8 2213.8 0 0 0 0 0 0 0 0 0
-58.5 99.5 2229.3 0 0 0 0 0 0 0 0 0
-179.3 -825.6 2537.2 0 0 0 0 0 0 0 0 0
-6.7 -826.7 2559.8 0 0 0 0 0 0 0 0 0
-58.8 412.8 2540.9  0.9845688343 0.0710266158 -0.1599358618 -0.0715112612 0.9974360466 0.0027307738 0.1597197503 0.0087485807 0.9871236086
-72.7 217.5 2539.2 0.9845688343 0.0710266158 -0.1599358618 -0.0715112612 0.9974360466 0.0027307738 0.1597197503 0.0087485807 0.9871236086
-86.4 23.9 2537.3 0.9845748544 0.0707715824 -0.1600116193 -0.0714260712 0.9974445105 0.0016649397 0.1597205400 0.0097897435 0.9871137142
-207.1 227.3 2517.4 0.5240627527 -0.2459721118 -0.8153870106 0.3932112157 0.9191206098 -0.0245413259 0.7554754615 -0.3077581227 0.5783958435
-319.4 143.1 2355.6 -0.8486397862 -0.2459721118 -0.4683035314 -0.0508086495 0.9191206098 -0.3906863332 0.5265253782 -0.3077581227 -0.7924998403
61.7 207.7 2561.0 0.1337365955 0.7735872269 0.6194169521 -0.7473219037 0.4892220199 -0.4496351480 -0.6508644223 -0.4027711749 0.6435455680
90.4 47.6 2421.6 -0.5626600385 0.7735872269 0.2915073037 0.2378987223 0.4892220199 -0.8390864134 -0.7917183042 -0.4027711749 -0.4593010843
-187.7 -164.2 2523.5 0.9706994295 -0.0326768830 0.2380647957 0.0297884252 0.9994325638 0.0157214925 -0.2384434342 -0.0081692683 0.9711220264
-175.0 -552.1 2526.7 0.9713647962 0.0105252191 0.2373596728 -0.0195775572 0.9991667271 0.0358127430 -0.2367849499 -0.0394341610 0.9707614779
-11.3 -177.6 2549.9 0.9465067387 0.0310654007 0.3211851418 -0.0271376539 0.9994922280 -0.0166995656 -0.3215408325 0.0070900409 0.9468691945
-23.3 -565.6 2547.2 0.9443446398 -0.0639462695 0.3226826489 0.0392518044 0.9958202243 0.0824703649 -0.3266075850 -0.0652145669 0.9429075122
-106.0 155.9 2223.3 0 0 0 0 0 0 0 0 0
-50.3 107.1 2223.7 0 0 0 0 0 0 0 0 0
-177.9 -822.3 2537.3 0 0 0 0 0 0 0 0 0
-6.1 -834.0 2564.7 0 0 0 0 0 0 0 0 0
-59.3 416.7 2543.0  0.9854645729 0.0683719218 -0.1555147916 -0.0695504174 0.9975761175 -0.0021430431 0.1549913138 0.0129280109 0.9878312349
-72.7 220.8 2540.4 0.9854645729 0.0683719218 -0.1555147916 -0.0695504174 0.9975761175 -0.0021430431 0.1549913138 0.0129280109 0.9878312349
-85.8 27.1 2538.3 0.9855179787 0.0678742975 -0.1553941965 -0.0687681064 0.9976326227 -0.0003770933 0.1550007164 0.0110577969 0.9878524542
-207.3 230.2 2519.3 0.5279113054 -0.3588020205 -0.7697861791 0.4733709097 0.8768423200 -0.0840687454 0.7051451206 -0.3200135529 0.6327413917
-319.7 129.4 2369.1 -0.8157361746 -0.3588020205 -0.4536910653 -0.1279223412 0.8768423200 -0.4634473324 0.5641013384 -0.3200135529 -0.7611708045
61.9 211.4 2561.6 0.1130959541 0.8223593235 0.5576149821 -0.7790310979 0.4217300117 -0.4639551044 -0.6167007685 -0.3819279969 0.6883394122
86.8 39.7 2425.7 -0.5215956569 0.8223593235 0.2272953689 0.2906353772 0.4217300117 -0.8588799834 -0.8021652102 -0.3819279969 -0.4589792490
-188.1 -163.2 2521.1 0.9694735408 -0.0355161689 0.2426101714 0.0332405046 0.9993566275 0.0134682367 -0.2429324239 -0.0049926150 0.9700303674
-174.4 -551.2 2523.1 0.9703031778 0.0154868253 0.2413956970 -0.0269775614 0.9986509085 0.0443689823 -0.2403828949 -0.0495636314 0.9694119692
-11.9 -176.1 2549.7 0.9450367689 0.0255035404 0.3259678483 -0.0249700733 0.9996712804 -0.0058211819 -0.3260091543 -0.0026382101 0.9453629255
-21.8 -564.2 2550.7 0.9434177876 -0.0555080660 0.3269277513 0.0388347395 0.9976006150 0.0573138744 -0.3293247223 -0.0413747728 0.9433097839
-114.5 161.6 2227.2 0 0 0 0 0 0 0 0 0
-44.3 112.7 2224.0 0 0 0 0 0 0 0 0 0
-178.6 -825.4 2536.7 0 0 0 0 0 0 0 0 0
-7.0 -829.3 2561.7 0 0 0 0 0 0 0 0 0
-62.5 415.5 2544.0  0.9875753522 0.0606101602 -0.1449875236 -0.0621913522 0.9980437756 -0.0063940212 0.1443163455 0.0153315477 0.9894128442
-74.3 220.4 2541.0 0.9875753522 0.0606101602 -0.1449875236 -0.0621913522 0.9980437756 -0.0063940212 0.1443163455 0.0153315477 0.9894128442
-86.2 26.7 2538.3 0.9875536561 0.0611881316 -0.1448925138 -0.0625469536 0.9980303049 -0.0048370995 0.1443111449 0.0138394805 0.9894355536
-209.2 228.9 2521.3 0.5022240281 -0.4176961780 -0.7571663857 0.5041406751 0.8528335094 -0.1360780746 0.7025761604 -0.3133766949 0.6388911009
-316.6 121.2 2371.1 -0.7981078029 -0.4176961780 -0.4342278838 -0.1795565188 0.8528335094 -0.4903411865 0.5751377344 -0.3133766949 -0.7556531429
60.6 211.8 2560.7 0.1242422238 0.8386728764 0.5302751064 -0.8027226329 0.3990949392 -0.4431248307 -0.5832669139 -0.3706090152 0.7228061557
88.0 34.2 2431.6 -0.5018742681 0.8386728764 0.2115420699 0.3020046949 0.3990949392 -0.8657461405 -0.8105031848 -0.3706090152 -0.4535786211
-187.2 -160.3 2522.2 0.9670600891 -0.0309067387 0.2526649535 0.0279230438 0.9994916320 0.0153870471 -0.2530120611 -0.0078250244 0.9674314857
-175.2 -548.3 2525.3 0.9676333666 0.0142844077 0.2519557178 -0.0242511481 0.9990394711 0.0364966206 -0.2511923611 -0.0414255597 0.9670503139
-10.7 -172.7 2550.0 0.9414445758 0.0313737914 0.3357048333 -0.0264176466 0.9994642735 -0.0193212368 -0.3361311853 0.0093213432 0.9417690635
-22.9 -560.7 2546.4 0.9393793941 -0.0623846054 0.3371565938 0.0367626920 0.9959657788 0.0818575695 -0.3409030735 -0.0645005256 0.9378831387
-115.2 166.5 2226.0 0 0 0 0 0 0 0 0 0
-38.7 110.5 2227.0 0 0 0 0 0 0 0 0 0
-179.1 -822.8 2536.7 0 0 0 0 0 0 0 0 0
-5.5 -838.7 2564.4 0 0 0 0 0 0 0 0 0
-64.5 422.8 2544.0  0.9855036736 0.0536027253 -0.1609636247 -0.0547004417 0.9984999299 -0.0023928813 0.1605939120 0.0111629749 0.9869574308
-75.1 226.3 2541.8 0.9855036736 0.0536027253 -0.1609636247 -0.0547004417 0.9984999299 -0.0023928813 0.1605939120 0.0111629749 0.9869574308
-85.5 32.5 2539.5 0.9855092168 0.0534319878 -0.1609863639 -0.0545967445 0.9985045195 -0.0028171083 0.1605950892 0.0115656173 0.9869526029
-209.7 233.8 2519.8 0.4258709848 -0.4807480574 -0.7664954066 0.5509950519 0.8097555041 -0.2017436326 0.7176617384 -0.3364184201 0.6097412109
-299.4 117.6 2368.6 -0.7670242190 -0.4807480574 -0.4249178171 -0.2024284303 0.8097555041 -0.5507438779 0.6088485718 -0.3364184201 -0.7184191346
59.5 218.8 2563.7 0.1198204979 0.8397687674 0.5295577645 -0.7936978936 0.4014521837 -0.4570336938 -0.5963947773 -0.3655468822 0.7146248817
86.3 41.6 2430.5 -0.4897868633 0.8397687674 0.2343015373 0.2695906460 0.4014521837 -0.8753039837 -0.8291137815 -0.3655468822 -0.4230198264
-186.5 -161.5 2522.7 0.9709806442 -0.0310529899 0.2371333987 0.0299487803 0.9995173216 0.0082582869 -0.2372753918 -0.0009167804 0.9714419842
-174.5 -549.5 2523.0 0.9716872573 0.0178158153 0.2355981171 -0.0306104328 0.9982416034 0.0507613532 -0.2342794836 -0.0565359220 0.9705240130
-9.6 -172.7 2548.5 0.9465571642 0.0351706073 0.3206127882 -0.0346678495 0.9993723631 -0.0072780489 -0.3206675351 -0.0042258664 0.9471823573
-23.3 -560.6 2550.1 0.9448468685 -0.0587542392 0.3221992552 0.0428606980 0.9974986315 0.0562089346 -0.3246958256 -0.0392991491 0.9450016618
-105.6 168.8 2214.7 0 0 0 0 0 0 0 0 0
-37.6 109.8 2220.7 0 0 0 0 0 0 0 0 0
-179.4 -825.6 2538.6 0 0 0 0 0 0 0 0 0
-7.4 -829.4 2560.7 0 0 0 0 0 0 0 0 0
-63.2 419.0 2547.5  0.9850661159 0.0562763698 -0.1627196223 -0.0591481104 0.9981664419 -0.0128541263 0.1616978943 0.0222867224 0.9865885973
-74.2 223.5 2543.1 0.9850661159 0.0562763698 -0.1627196223 -0.0591481104 0.9981664419 -0.0128541263 0.1616978943 0.0222867224 0.9865885973
-85.1 29.7 2539.1 0.9850950837 0.0560684800 -0.1626161039 -0.0586336963 0.9982187748 -0.0110146198 0.1617088914 0.0203852318 0.9866279364
-208.8 231.5 2521.0 0.3014454246 -0.5065351129 -0.8078074455 0.5317792296 0.7925281525 -0.2985128760 0.7914173603 -0.3395898938 0.5082688332
-270.9 121.8 2357.8 -0.7272662520 -0.5065351129 -0.4631479383 -0.1811565906 0.7925281525 -0.5823069811 0.6620166898 -0.3395898938 -0.6681411266
60.4 215.5 2565.2 0.0902353302 0.8373780847 0.5391247869 -0.7678045034 0.4032654166 -0.4978486598 -0.6342979074 -0.3690188527 0.6793314219
80.1 47.7 2426.5 -0.4845461547 0.8373780847 0.2530078292 0.2351408899 0.4032654166 -0.8843561411 -0.8425697684 -0.3690188527 -0.3923025131
-184.1 -156.4 2522.9 0.9716293812 -0.0238621328 0.2353018075 0.0224006623 0.9997096062 0.0088824742 -0.2354454398 -0.0033595562 0.9718817472
-174.8 -544.6 2524.2 0.9721181989 0.0119700544 0.2341855615 -0.0238744263 0.9985588789 0.0480642840 -0.2332727462 -0.0523152128 0.9710030556
-7.6 -166.2 2551.7 0.9469063878 0.0419653244 0.3187589049 -0.0364298560 0.9990643263 -0.0233103987 -0.3194388747 0.0104604242 0.9475491643
-23.8 -554.0 2547.6 0.9451417923 -0.0592855439 0.3212354183 0.0400420316 0.9970033169 0.0661897212 -0.3241968751 -0.0496957526 0.9446833730
-89.2 167.1 2192.3 0 0 0 0 0 0 0 0 0
-42.6 107.2 2213.2 0 0 0 0 0 0 0 0 0
-178.2 -825.2 2538.9 0 0 0 0 0 0 0 0 0
-7.2 -834.3 2561.6 0 0 0 0 0 0 0 0 0
-62.2 419.7 2546.2  0.9862967134 0.0579710603 -0.1544606984 -0.0605536215 0.9980920553 -0.0120637938 0.1534666419 0.0212516356 0.9879252911
-73.6 223.6 2542.0 0.9862967134 0.0579710603 -0.1544606984 -0.0605536215 0.9980920553 -0.0120637938 0.1534666419 0.0212516356 0.9879252911
-84.8 29.8 2538.5 0.9863356948 0.0577893443 -0.1542800814 -0.0598822460 0.9981653094 -0.0089491261 0.1534798741 0.0180654805 0.9879866242
-208.4 231.8 2521.1 0.2219313979 -0.5180435181 -0.8260613680 0.5162190199 0.7811440825 -0.3511862755 0.8272027373 -0.3484893441 0.4407843351
-254.0 125.6 2350.9 -0.7025461793 -0.5180435181 -0.4879136980 -0.1561775059 0.7811440825 -0.6045018435 0.6942891479 -0.3484893441 -0.6296965480
61.1 215.4 2563.0 0.0220992994 0.8449979424 0.5343127251 -0.7537384033 0.3651916981 -0.5463638306 -0.6568028927 -0.3906577528 0.6449778676
65.9 50.6 2419.4 -0.4837006330 0.8449979424 0.2280617654 0.2103978693 0.3651916981 -0.9068449736 -0.8495683670 -0.3906577528 -0.3544292152
-184.2 -158.8 2520.7 0.9695518613 -0.0280856472 0.2432701290 0.0237918384 0.9995052814 0.0205710884 -0.2437275350 -0.0141568948 0.9697403908
-173.3 -546.8 2526.2 0.9699270129 0.0183162522 0.2427058369 -0.0286591891 0.9988221526 0.0391529202 -0.2417028248 -0.0449312255 0.9693095088
-7.7 -169.3 2549.7 0.9440684319 0.0420480296 0.3270576596 -0.0395224392 0.9991154075 -0.0143673355 -0.3273724616 0.0006376326 0.9448951483
-24.0 -557.1 2549.4 0.9420751929 -0.0644318238 0.3291548491 0.0495712087 0.9973446131 0.0533515736 -0.3317183554 -0.0339445882 0.9427675605
-79.5 164.4 2178.5 0 0 0 0 0 0 0 0 0
-56.7 103.9 2204.0 0 0 0 0 0 0 0 0 0
-178.4 -824.2 2538.7 0 0 0 0 0 0 0 0 0
-6.2 -832.4 2558.8 0 0 0 0 0 0 0 0 0
-64.1 416.5 2538.6  0.9906814694 0.0594826154 -0.1225234866 -0.0592824370 0.9982272983 0.0052818991 0.1226204634 0.0020308113 0.9924515486
-75.7 220.9 2538.2 0.9906814694 0.0594826154 -0.1225234866 -0.0592824370 0.9982272983 0.0052818991 0.1226204634 0.0020308113 0.9924515486
-87.2 27.2 2537.8 0.9906948805 0.0592815764 -0.1225124821 -0.0590569973 0.9982396364 0.0054668207 0.1226209030 0.0018192685 0.9924519062
-211.0 229.0 2521.5 0.1675691605 -0.5379193425 -0.8261739612 0.5004286170 0.7684431076 -0.3988312483 0.8494067192 -0.3466092646 0.3979575932
-245.7 125.5 2345.7 -0.6939048171 -0.5379193425 -0.4786845446 -0.1701505780 0.7684431076 -0.6168824434 0.6996748447 -0.3466092646 -0.6247536540
59.6 212.8 2554.9 -0.0338534005 0.8670365214 0.4970931709 -0.7390667200 0.3131004870 -0.5964465141 -0.6727810502 -0.3875767589 0.6301982999
52.2 52.6 2409.1 -0.4630001783 0.8670365214 0.1840610951 0.2189453095 0.3131004870 -0.9241380095 -0.8588910103 -0.3875767589 -0.3347991705
-184.4 -158.5 2521.3 0.9612169862 -0.0267842691 0.2744894922 0.0203412287 0.9994472861 0.0262929257 -0.2750419974 -0.0196897537 0.9612305760
-174.0 -546.6 2528.9 0.9613375664 0.0230353214 0.2744073570 -0.0323053338 0.9990481734 0.0293102022 -0.2734710276 -0.0370418206 0.9611667395
-7.7 -169.3 2548.8 0.9331753254 0.0418113209 0.3569813371 -0.0424093530 0.9990813732 -0.0061559300 -0.3569107950 -0.0093947854 0.9340912104
-23.9 -557.1 2552.4 0.9315268993 -0.0595886000 0.3587572873 0.0447390564 0.9977686405 0.0495599732 -0.3609099686 -0.0301159862 0.9321142435
-74.1 167.5 2172.7 0 0 0 0 0 0 0 0 0
-65.2 108.1 2191.3 0 0 0 0 0 0 0 0 0
-180.4 -821.5 2539.1 0 0 0 0 0 0 0 0 0
-7.5 -833.0 2560.8 0 0 0 0 0 0 0 0 0
-62.8 416.5 2534.3  0.9904702306 0.0633528456 -0.1222912222 -0.0617993027 0.9979528785 0.0164589733 0.1230835989 -0.0087446114 0.9923577905
-75.2 220.7 2536.0 0.9904702306 0.0633528456 -0.1222912222 -0.0617993027 0.9979528785 0.0164589733 0.1230835989 -0.0087446114 0.9923577905
-87.4 27.0 2537.5 0.9904786348 0.0630811527 -0.1223634481 -0.0616663769 0.9979792833 0.0153187532 0.1230825037 -0.0076271878 0.9923671484
-210.5 229.2 2519.2 0.1625356972 -0.5643180013 -0.8093993664 0.5052173138 0.7522162199 -0.4229967296 0.8475480080 -0.3401705325 0.4073652029
-243.8 125.8 2345.8 -0.6753273010 -0.5643180013 -0.4748454690 -0.1836131811 0.7522162199 -0.6328167319 0.7142962813 -0.3401705325 -0.6116083860
60.1 212.3 2552.8 -0.1263065785 0.9148346186 0.3835678101 -0.7191842198 0.1818699092 -0.6705948114 -0.6832427979 -0.3605564535 0.6349632740
32.6 55.9 2404.2 -0.3952548504 0.9148346186 0.0827721059 0.2202560902 0.1818699092 -0.9583374262 -0.8917739987 -0.3605564535 -0.2733828723
-187.3 -161.3 2526.5 0.9607089758 -0.0345358141 0.2754007578 0.0329554938 0.9994030595 0.0103651145 -0.2755943239 -0.0008818904 0.9612736106
-173.9 -549.2 2526.9 0.9613249898 0.0221652351 0.2745232284 -0.0326272286 0.9989026189 0.0336017497 -0.2734771669 -0.0412591323 0.9609931707
-9.9 -171.9 2548.5 0.9334248304 0.0380836539 0.3567460179 -0.0382701606 0.9992460608 -0.0065385997 -0.3567260504 -0.0075494368 0.9341785312
-24.7 -559.8 2551.4 0.9307798743 -0.0723919198 0.3583409190 0.0580398925 0.9970279336 0.0506623723 -0.3609434366 -0.0263574477 0.9322151542
-76.6 171.3 2169.1 0 0 0 0 0 0 0 0 0
-66.9 111.3 2179.8 0 0 0 0 0 0 0 0 0
-180.0 -821.2 2538.1 0 0 0 0 0 0 0 0 0
-5.2 -828.9 2558.5 0 0 0 0 0 0 0 0 0
-64.2 415.2 2531.6  0.9906662703 0.0625429377 -0.1211145967 -0.0600914508 0.9979093075 0.0237924121 0.1223494336 -0.0162923876 0.9923533797
-76.4 219.8 2534.8 0.9906662703 0.0625429377 -0.1211145967 -0.0600914508 0.9979093075 0.0237924121 0.1223494336 -0.0162923876 0.9923533797
-88.4 26.0 2537.2 0.9906793833 0.0618202910 -0.1213778555 -0.0598805733 0.9980137348 0.0195673984 0.1223464310 -0.0121168438 0.9924134612
-211.8 228.0 2518.1 0.1550813019 -0.5833014846 -0.7973136902 0.4916514158 0.7456015944 -0.4498412311 0.8568714261 -0.3222384751 0.4024098814
-243.6 127.1 2342.3 -0.6681334376 -0.5833014846 -0.4619059265 -0.2148274332 0.7456015944 -0.6308149099 0.7123530507 -0.3222384751 -0.6234705448
58.9 211.6 2551.5 -0.1483570039 0.9294483066 0.3378106654 -0.7002445459 0.1424782872 -0.6995409131 -0.6983178258 -0.3403318822 0.6297034621
26.1 56.7 2397.1 -0.3661280572 0.9294483066 0.0455640778 0.2422614247 0.1424782872 -0.9596922994 -0.8984763026 -0.3403318822 -0.2773347795
-188.4 -161.1 2527.9 0.9605154395 -0.0291539505 0.2766951323 0.0289920885 0.9995687008 0.0046767285 -0.2767121196 0.0035298995 0.9609463811
-177.1 -549.2 2526.6 0.9612882733 0.0006456119 0.2755439579 -0.0117521575 0.9991833568 0.0386585407 -0.2752939761 -0.0404002368 0.9605108500
-10.9 -172.2 2550.0 0.9332724214 0.0362188891 0.3573384285 -0.0342537686 0.9993431568 -0.0118291192 -0.3575321436 -0.0012003974 0.9339000583
-25.0 -560.2 2550.5 0.9306351542 -0.0712528080 0.3589445651 0.0556051694 0.9970052838 0.0537445173 -0.3616990745 -0.0300573632 0.9318102598
-76.2 180.9 2163.8 0 0 0 0 0 0 0 0 0
-66.4 117.9 2170.2 0 0 0 0 0 0 0 0 0
-177.2 -824.8 2537.7 0 0 0 0 0 0 0 0 0
-6.2 -823.9 2558.4 0 0 0 0 0 0 0 0 0
-65.4 417.2 2530.3  0.9898916483 0.0589600392 -0.1289894134 -0.0558818802 0.9980624914 0.0273572654 0.1303524822 -0.0198725574 0.9912685156
-77.0 221.4 2534.2 0.9898916483 0.0589600392 -0.1289894134 -0.0558818802 0.9980624914 0.0273572654 0.1303524822 -0.0198725574 0.9912685156
-87.9 27.6 2537.3 0.9900046587 0.0565087497 -0.1292187721 -0.0539274067 0.9982708097 0.0233917404 0.1303171664 -0.0161894988 0.9913401604
-212.2 228.7 2516.4 0.1720079631 -0.5934140682 -0.7863034010 0.4965904057 0.7415933609 -0.4510402083 0.8507709503 -0.3128882051 0.4222436845
-247.2 127.9 2343.6 -0.6692735553 -0.5934140682 -0.4471383095 -0.2386692613 0.7415933609 -0.6269579530 0.7036404610 -0.3128882051 -0.6379585266
58.3 214.0 2552.0 -0.1956155002 0.9445038438 0.2639073133 -0.6924657822 0.0575253032 -0.7191536427 -0.6944247484 -0.3234243691 0.6427837610
15.1 61.3 2398.9 -0.3272706866 0.9445038438 -0.0283970181 0.2498862147 0.0575253032 -0.9665648937 -0.9112907052 -0.3234243691 -0.2548448443
-189.1 -162.3 2528.6 0.9625260234 -0.0326458924 0.2692172527 0.0314108357 0.9994669557 0.0088952212 -0.2693641484 -0.0001055432 0.9630383849
-176.5 -550.3 2528.6 0.9632604122 0.0007691561 0.2685680985 -0.0084265834 0.9995900989 0.0273604821 -0.2684369683 -0.0286183804 0.9628720284
-11.6 -173.0 2550.5 0.9362267256 0.0347552299 0.3496734798 -0.0301033258 0.9993712902 -0.0187313035 -0.3501046598 0.0070104119 0.9366843700
-25.1 -561.0 2547.8 0.9332793951 -0.0746786892 0.3513014317 0.0582910553 0.9966703653 0.0570114367 -0.3543892503 -0.0327298678 0.9345250130
-78.4 188.1 2166.2 0 0 0 0 0 0 0 0 0
-67.1 124.1 2169.9 0 0 0 0 0 0 0 0 0
-176.7 -823.0 2536.4 0 0 0 0 0 0 0 0 0
-5.3 -825.7 2556.5 0 0 0 0 0 0 0 0 0
-61.9 414.7 2530.1  0.9832976460 0.0634036213 -0.1706039757 -0.0585007444 0.9977211356 0.0336187445 0.1723467410 -0.0230767708 0.9847660065
-74.3 219.0 2534.7 0.9832976460 0.0634036213 -0.1706039757 -0.0585007444 0.9977211356 0.0336187445 0.1723467410 -0.0230767708 0.9847660065
-86.4 25.3 2538.3 0.9833297729 0.0621383972 -0.1708840728 -0.0579899624 0.9978910089 0.0291665215 0.1723360419 -0.0187707469 0.9848593473
-208.5 226.9 2511.1 0.3698178828 -0.4019107223 -0.8376768231 0.4395605922 0.8699979782 -0.2233607769 0.8185482621 -0.2856069207 0.4984049201
-280.4 141.5 2352.1 -0.7218807340 -0.4019107223 -0.5633435845 -0.1091503948 0.8699979782 -0.4808219373 0.6833552718 -0.2856069207 -0.6719034910
59.9 211.1 2558.2 -0.2024243474 0.9343557358 0.2932639420 -0.6898355484 0.0765070468 -0.7199122310 -0.6950908899 -0.3480316699 0.6290649176
16.0 61.5 2407.5 -0.3558848500 0.9343557358 -0.0180371460 0.2497874796 0.0765070468 -0.9652734995 -0.9005288482 -0.3480316699 -0.2606180608
-187.6 -161.3 2528.8 0.9730509520 -0.0306740236 0.2285410166 0.0303702634 0.9995269775 0.0048468383 -0.2285815924 0.0022246304 0.9735222459
-175.7 -549.4 2528.0 0.9736706018 0.0051808376 0.2279005647 -0.0110077299 0.9996439815 0.0243040659 -0.2276935279 -0.0261728223 0.9733810425
-10.2 -171.0 2552.2 0.9502828717 0.0350395292 0.3094103038 -0.0294900350 0.9993096590 -0.0225961022 -0.3099884689 0.0123481676 0.9506601095
-23.8 -559.0 2547.4 0.9483385086 -0.0619101487 0.3111610115 0.0480824560 0.9974929094 0.0519232415 -0.3135954738 -0.0342794247 0.9489377141
-100.3 168.8 2181.6 0 0 0 0 0 0 0 0 0
-72.1 123.4 2184.4 0 0 0 0 0 0 0 0 0
-177.1 -822.8 2535.1 0 0 0 0 0 0 0 0 0
-7.1 -828.0 2556.6 0 0 0 0 0 0 0 0 0
-58.2 414.6 2538.6  0.9702332020 0.0699404553 -0.2318530977 -0.0672298074 0.9975453615 0.0195821319 0.2326535583 -0.0034117959 0.9725536704
-71.9 218.9 2539.2 0.9702332020 0.0699404553 -0.2318530977 -0.0672298074 0.9975453615 0.0195821319 0.2326535583 -0.0034117959 0.9725536704
-84.9 25.2 2539.8 0.9704210162 0.0670764670 -0.2319134623 -0.0644952655 0.9977427125 0.0187030658 0.2326445132 -0.0031925258 0.9725565910
-204.2 227.7 2507.5 0.5453845859 -0.2684359848 -0.7940388918 0.3970352411 0.9170444012 -0.0373165719 0.7381860614 -0.2949095368 0.6067204475
-309.5 151.1 2365.0 -0.7665184140 -0.2684359848 -0.5834309459 -0.0179243255 0.9170444012 -0.3983820081 0.6419721246 -0.2949095368 -0.7077429891
60.3 210.0 2570.9 -0.1911738515 0.9302890897 0.3130730987 -0.6830024123 0.1029965356 -0.7231178284 -0.7049540877 -0.3520708978 0.6156994104
18.2 59.4 2415.5 -0.3666513562 0.9302890897 0.0113574406 0.2313624620 0.1029965356 -0.9674001932 -0.9011316299 -0.3520708978 -0.2529977858
-186.5 -163.2 2526.5 0.9855151772 -0.0283723772 0.1671970636 0.0291271545 0.9995735884 -0.0020632744 -0.1670672297 0.0069033629 0.9859213233
-175.4 -551.3 2523.8 0.9861664176 0.0046566953 0.1656927317 -0.0121994922 0.9989333749 0.0445342511 -0.1653086096 -0.0459395498 0.9851713777
-10.4 -173.6 2557.3 0.9678341746 0.0335683189 0.2493394464 -0.0254174992 0.9990342855 -0.0358386002 -0.2503017187 0.0283482373 0.9677527547
-23.5 -561.4 2546.3 0.9662069678 -0.0567387678 0.2514455020 0.0418612324 0.9970631003 0.0641312599 -0.2543457448 -0.0514382496 0.9657444358
-117.7 155.6 2204.4 0 0 0 0 0 0 0 0 0
-72.1 116.4 2193.6 0 0 0 0 0 0 0 0 0
-176.7 -825.9 2536.4 0 0 0 0 0 0 0 0 0
-8.1 -832.0 2560.3 0 0 0 0 0 0 0 0 0
-59.0 411.9 2544.3  0.9674832821 0.0698543191 -0.2430975884 -0.0715864822 0.9974329472 0.0017123435 0.2425931543 0.0157458391 0.9700003266
-72.7 216.9 2541.2 0.9674832821 0.0698543191 -0.2430975884 -0.0715864822 0.9974329472 0.0017123435 0.2425931543 0.0157458391 0.9700003266
-86.1 23.3 2538.7 0.9675720334 0.0693103746 -0.2429000288 -0.0703144148 0.9975145459 0.0045444425 0.2426112890 0.0126822982 0.9700406790
-204.7 226.5 2508.1 0.5784175992 -0.2140270770 -0.7871629596 0.3681247234 0.9296070337 0.0177456643 0.7279541492 -0.3000385463 0.6164897680
-316.3 155.5 2367.6 -0.7770131230 -0.2140270770 -0.5919823050 0.0241273418 0.9296070337 -0.3677615821 0.6290218830 -0.3000385463 -0.7171529531
59.4 207.3 2574.3 -0.1994036436 0.9325228333 0.3010636568 -0.6835013032 0.0877974480 -0.7246499658 -0.7021852732 -0.3502752483 0.6198734641
16.0 58.7 2421.7 -0.3611093760 0.9325228333 -0.0010798670 0.2296253294 0.0877974480 -0.9693109989 -0.9038098454 -0.3502752483 -0.2458353490
-184.5 -162.6 2519.6 0.9877407551 -0.0165221635 0.1552264243 0.0138709852 0.9997391105 0.0181471407 -0.1554857492 -0.0157715268 0.9877122045
-178.1 -550.7 2525.7 0.9879112244 -0.0073490646 0.1548464596 0.0013086081 0.9992353916 0.0390752032 -0.1550152302 -0.0384001993 0.9871655107
-11.1 -174.2 2561.2 0.9706967473 0.0296288710 0.2384742200 -0.0195965543 0.9988247156 -0.0443307310 -0.2395074069 0.0383584239 0.9701365232
-22.6 -562.0 2546.3 0.9694832563 -0.0487438142 0.2402629554 0.0353123322 0.9975797534 0.0598974042 -0.2426010817 -0.0495852865 0.9688581228
-123.7 149.5 2211.6 0 0 0 0 0 0 0 0 0
-73.4 115.6 2197.7 0 0 0 0 0 0 0 0 0
-176.1 -821.7 2536.1 0 0 0 0 0 0 0 0 0
-9.5 -830.3 2559.6 0 0 0 0 0 0 0 0 0
-59.8 414.0 2554.1  0.9648414254 0.0672737211 -0.2540773749 -0.0758014545 0.9968361855 -0.0239120275 0.2516648471 0.0423307493 0.9668882489
-72.9 219.1 2545.8 0.9648414254 0.0672737211 -0.2540773749 -0.0758014545 0.9968361855 -0.0239120275 0.2516648471 0.0423307493 0.9668882489
-85.6 25.6 2539.0 0.9650644660 0.0656651035 -0.2536506951 -0.0724556670 0.9972178936 -0.0175121669 0.2517950833 0.0352788009 0.9671373367
-204.7 229.0 2511.5 0.5854278207 -0.1946401298 -0.7870130539 0.3638083935 0.9305941463 0.0404727571 0.7245121002 -0.3100158274 0.6156073809
-320.8 156.9 2367.8 -0.7809544802 -0.1946401298 -0.5934857726 0.0442098230 0.9305941463 -0.3633731902 0.6230213642 -0.3100158274 -0.7181466222
58.9 209.2 2580.2 -0.1603174210 0.9170910120 0.3650237918 -0.6788308024 0.1660304815 -0.7152779698 -0.7165800929 -0.3624609113 0.5959320664
22.9 56.7 2419.3 -0.3937754035 0.9170910120 0.0623295680 0.2350903153 0.1660304815 -0.9576880336 -0.8886357546 -0.3624609113 -0.2809779346
