-216.7 436.3 2139.3 7 0.9762282372 -0.0423083417 -0.2125755996 0.1550383717 0.8216787577 0.5484588742 0.1514644623 -0.5683784485 0.8087054491
-208.0 266.7 2256.7 0.9762282372 -0.0423083417 -0.2125755996 0.1550383717 0.8216787577 0.5484588742 0.1514644623 -0.5683784485 0.8087054491
-199.8 101.1 2361.0 0.9766280651 -0.0419330001 -0.2108062357 0.1471267194 0.8454163671 0.5134441853 0.1566887796 -0.5324592590 0.8318267465
-347.1 245.7 2234.4 0.1921775788 -0.6300796270 -0.7523745298 0.9447186589 -0.0887593701 0.3156396151 -0.2656583786 -0.7714411616 0.5781904459
-380.5 81.9 2280.5 -0.7710457444 -0.6300796270 0.0921311006 -0.0463559516 -0.0887593701 -0.9949738383 0.6350902319 -0.7714411616 0.0392295979
-68.8 287.6 2279.0 0.7051905394 0.3825220466 0.5969784260 -0.7086964846 0.4056325853 0.5772447586 -0.0213450417 -0.8301439881 0.5571402907
53.8 164.4 2275.3 -0.7885484099 0.3825220466 0.4815270603 -0.3249273300 0.4056325853 -0.8543327451 -0.5221241713 -0.8301439881 -0.1955690533
-279.2 -79.0 2451.8 0.9262351394 -0.0172128435 -0.3765529692 -0.0272932090 0.9932723641 -0.1125392020 0.3759568036 0.1145151034 0.9195340276
-272.4 -467.9 2406.9 0.9251967072 -0.0734014735 -0.3723215163 -0.0119858924 0.9749739170 -0.2219958454 0.3792985976 0.2098524272 0.9011628628
-103.5 -49.7 2482.6 0.9811739922 -0.1449948102 -0.1275699437 0.0782984197 0.9024857879 -0.4235431552 0.1765416116 0.4055809975 0.8968484402
-46.7 -403.2 2323.8 0.9734150171 -0.1432368308 -0.1787357032 0.1494818330 0.9885218143 0.0219045524 0.1735465974 -0.0480399616 0.9836532474
-186.4 93.5 2120.6 0 0 0 0 0 0 0 0 0
-148.0 81.3 2141.8 0 0 0 0 0 0 0 0 0
-249.4 -774.2 2341.0 0 0 0 0 0 0 0 0 0
9.5 -791.4 2342.6 0 0 0 0 0 0 0 0 0
-215.9 437.5 2138.3 8 0.9785521030 -0.0355912521 -0.2029016018 0.1448567361 0.8191966414 0.5549174547 0.1464661062 -0.5724073052 0.8067822456
-208.5 267.6 2257.0 0.9785521030 -0.0355912521 -0.2029016018 0.1448567361 0.8191966414 0.5549174547 0.1464661062 -0.5724073052 0.8067822456
-201.4 102.0 2361.4 0.9788779020 -0.0360787511 -0.2012372315 0.1372904032 0.8453546762 0.5162622929 0.1514907479 -0.5329856873 0.8324522972
-348.0 248.0 2235.4 0.1625285447 -0.6388731003 -0.7519479394 0.9511976838 -0.1011488587 0.2915335894 -0.2623116374 -0.7626336813 0.5912550092
-376.6 80.4 2281.6 -0.7591397166 -0.6388731003 0.1246920526 -0.0777873769 -0.1011488587 -0.9918255806 0.6462631226 -0.7626336813 0.0270898547
-69.0 287.2 2278.6 0.7321031690 0.3609612584 0.5776953101 -0.6808862090 0.4132427871 0.6046687961 -0.0204664245 -0.8360247612 0.5483099222
61.8 165.5 2274.9 -0.8128187656 0.3609612584 0.4572007954 -0.3000865579 0.4132427871 -0.8597548604 -0.4992731512 -0.8360247612 -0.2275718898
-279.8 -77.8 2451.1 0.9277082086 -0.0207916871 -0.3727266192 -0.0261435322 0.9923777580 -0.1204281524 0.3723894954 0.1214665771 0.9200934172
-271.7 -466.5 2403.6 0.9270672798 -0.0661680475 -0.3690095842 -0.0159381628 0.9764548540 -0.2151322514 0.3745560646 0.2053234130 0.9041847587
-103.3 -51.2 2479.5 0.9812034965 -0.1455811411 -0.1266719252 0.0789225921 0.9017400742 -0.4250130057 0.1760990322 0.4070270061 0.8962801695
-46.3 -404.4 2320.0 0.9737122059 -0.1409574002 -0.1789290309 0.1486539245 0.9884251952 0.0302929860 0.1725879461 -0.0560951531 0.9833955169
-183.3 100.2 2117.1 0 0 0 0 0 0 0 0 0
-146.1 88.8 2147.2 0 0 0 0 0 0 0 0 0
-250.7 -776.7 2338.3 0 0 0 0 0 0 0 0 0
8.7 -790.5 2341.9 0 0 0 0 0 0 0 0 0
-217.6 444.9 2150.3 9 0.9957980514 -0.0368602797 -0.0838308483 0.0761876702 0.8413736820 0.5350567698 0.0508107319 -0.5391953588 0.8406465650
-210.0 270.7 2262.0 0.9957980514 -0.0368602797 -0.0838308483 0.0761876702 0.8413736820 0.5350567698 0.0508107319 -0.5391953588 0.8406465650
-203.6 101.7 2360.6 0.9960017204 -0.0346350186 -0.0823465437 0.0713306069 0.8632757664 0.4996667802 0.0537818111 -0.5035427809 0.8622947335
-350.9 260.3 2254.5 0.1297451258 -0.6506018639 -0.7482535839 0.9830709100 -0.0140581401 0.1826852858 -0.1293744445 -0.7592888474 0.6377637982
-374.8 79.2 2278.4 -0.7551117539 -0.6506018639 0.0807678849 -0.0943611786 -0.0140581401 -0.9954387546 0.6487697959 -0.7592888474 -0.0507760942
-69.0 281.0 2269.4 0.7720693946 0.3875468969 0.5037025213 -0.6347244382 0.4301055074 0.6419767141 0.0321508721 -0.8153629303 0.5780568123
70.0 166.7 2275.2 -0.8143354058 0.3875468969 0.4320477843 -0.2548076212 0.4301055074 -0.8660729527 -0.5214700103 -0.8153629303 -0.2515002191
-282.8 -75.9 2452.1 0.9580424428 -0.0290127415 -0.2851542234 -0.0087939221 0.9914203286 -0.1304163486 0.2864914238 0.1274520159 0.9495676160
-271.5 -464.2 2402.2 0.9572807550 -0.0650742427 -0.2817425132 0.0038457713 0.9771271944 -0.2126208395 0.2891344130 0.2024543285 0.9356353879
-105.9 -51.1 2479.5 0.9861215949 -0.1523848772 -0.0659015104 0.1111410931 0.9007790089 -0.4198152423 0.1233361959 0.4066645205 0.9052138925
-46.2 -404.0 2320.2 0.9821432829 -0.1377125084 -0.1281787306 0.1435591578 0.9889307618 0.0375064947 0.1215947717 -0.0552379824 0.9910416007
-182.8 103.2 2113.4 0 0 0 0 0 0 0 0 0
-130.1 104.1 2147.1 0 0 0 0 0 0 0 0 0
-250.7 -776.7 2337.4 0 0 0 0 0 0 0 0 0
7.6 -790.1 2341.8 0 0 0 0 0 0 0 0 0
-218.3 451.1 2162.3 0 0.9908185601 -0.0349138416 -0.1306124777 0.0974326581 0.8541648984 0.5107927918 0.0937308520 -0.5188288689 0.8497241735
-211.1 275.0 2269.3 0.9908185601 -0.0349138416 -0.1306124777 0.0974326581 0.8541648984 0.5107927918 0.0937308520 -0.5188288689 0.8497241735
-205.0 103.6 2363.8 0.9911054373 -0.0316942558 -0.1292495131 0.0899837464 0.8751522303 0.4754066765 0.0980453342 -0.4828085303 0.8702201247
-351.7 262.1 2255.4 0.0902772993 -0.6748943925 -0.7323711514 0.9871382713 -0.0367845558 0.1555794030 -0.1319396198 -0.7369968891 0.6628932953
-368.3 80.8 2279.7 -0.7317897677 -0.6748943925 0.0948752016 -0.0950484425 -0.0367845558 -0.9947927594 0.6748700142 -0.7369968891 -0.0372291021
-70.5 287.8 2283.2 0.7500154972 0.3625886142 0.5531783104 -0.6590640545 0.4802225828 0.5788097978 -0.0557788685 -0.7986962795 0.5991435051
68.6 165.6 2272.8 -0.8221164942 0.3625886142 0.4389235973 -0.2388140559 0.4802225828 -0.8440107107 -0.5168097019 -0.7986962795 -0.3082076609
-286.6 -73.8 2454.5 0.9456436038 -0.0363663957 -0.3231649995 -0.0091762478 0.9903482199 -0.1382973343 0.3250752687 0.1337454319 0.9361827970
-272.3 -461.7 2402.1 0.9447536469 -0.0728681087 -0.3195790052 0.0038944674 0.9774032235 -0.2113474607 0.3277580440 0.1984267086 0.9236890674
-107.8 -60.7 2463.9 0.9804791212 -0.1645721942 -0.1075952202 0.1123218387 0.9179407954 -0.3804845214 0.1613832116 0.3609718382 0.9185068011
-43.4 -419.9 2322.7 0.9761677980 -0.1402716041 -0.1655906886 0.1470153183 0.9887050390 0.0291343629 0.1596336365 -0.0527843945 0.9857641459
-182.2 105.0 2108.1 0 0 0 0 0 0 0 0 0
-137.7 105.6 2143.2 0 0 0 0 0 0 0 0 0
-248.9 -776.0 2338.3 0 0 0 0 0 0 0 0 0
9.2 -791.0 2342.5 0 0 0 0 0 0 0 0 0
-219.9 456.0 2168.3 1 0.9850667715 -0.0394296795 -0.1675969660 0.1186195537 0.8609631658 0.4946430922 0.1247911900 -0.5071367621 0.8527833819
-211.8 278.6 2272.8 0.9850667715 -0.0394296795 -0.1675969660 0.1186195537 0.8609631658 0.4946430922 0.1247911900 -0.5071367621 0.8527833819
-204.5 106.2 2365.3 0.9853943586 -0.0375515036 -0.1660959572 0.1112090573 0.8805684447 0.4606861770 0.1289594024 -0.4724289179 0.8718832731
-351.8 262.8 2254.5 0.1780631542 -0.6645669341 -0.7257025838 0.9761037230 0.0259363186 0.2157518566 -0.1245595068 -0.7467784882 0.6533045769
-385.0 80.7 2277.7 -0.7460780144 -0.6645669341 0.0414530896 -0.0784739479 0.0259363186 -0.9965786934 0.6612181664 -0.7467784882 -0.0715017095
-71.8 294.4 2291.1 0.7389426231 0.3417273462 0.5806773901 -0.6658780575 0.5019032359 0.5519959927 -0.1028117239 -0.7945536971 0.5984264016
69.5 167.1 2271.5 -0.8276795149 0.3417273462 0.4451618195 -0.2397429049 0.5019032359 -0.8310334086 -0.5074149966 -0.7945536971 -0.3334882855
-288.0 -75.8 2449.5 0.9361791611 -0.0412599519 -0.3490934372 -0.0049066436 0.9914571643 -0.1303403825 0.3514890373 0.1237348169 0.9279790521
-271.9 -464.1 2401.1 0.9360717535 -0.0703362897 -0.3447063565 -0.0033981006 0.9779573679 -0.2087769955 0.3517927229 0.1966015995 0.9151992798
-109.7 -59.5 2467.1 0.9770324826 -0.1716911942 -0.1262128800 0.1093896627 0.9124128819 -0.3943813145 0.1828700602 0.3715169430 0.9102382660
-42.5 -416.7 2321.7 0.9730259180 -0.1351203918 -0.1869841218 0.1428665370 0.9893307686 0.0285269227 0.1811345667 -0.0544712096 0.9819486737
-194.7 100.8 2109.0 0 0 0 0 0 0 0 0 0
-140.3 106.3 2142.8 0 0 0 0 0 0 0 0 0
-249.4 -776.1 2338.4 0 0 0 0 0 0 0 0 0
8.8 -792.2 2342.4 0 0 0 0 0 0 0 0 0
-220.9 456.8 2172.3 2 0.9778576493 -0.0459144861 -0.2041722089 0.1411092579 0.8651390076 0.4812719822 0.1545399725 -0.4994260669 0.8524617553
-211.4 278.8 2275.0 0.9778576493 -0.0459144861 -0.2041722089 0.1411092579 0.8651390076 0.4812719822 0.1545399725 -0.4994260669 0.8524617553
-202.7 105.7 2366.2 0.9782856107 -0.0443723872 -0.2024558783 0.1328179687 0.8841030002 0.4480193257 0.1591121554 -0.4651806056 0.8707986474
-350.5 259.9 2252.4 0.1570867151 -0.6799942255 -0.7161924243 0.9744011164 -0.0113823274 0.2245281786 -0.1608298123 -0.7331290841 0.6607991457
-379.4 80.8 2282.0 -0.7302839756 -0.6799942255 0.0655225292 -0.0788383856 -0.0113823274 -0.9968224168 0.6785792708 -0.7331290841 -0.0452973172
-72.3 297.7 2297.7 0.7412609458 0.3297429681 0.5846381783 -0.6608406901 0.5110844374 0.5496200919 -0.1175661311 -0.7937645912 0.5967544913
72.6 168.5 2274.7 -0.8426657319 0.3297429681 0.4256571233 -0.2197539955 0.5110844374 -0.8309637904 -0.4915512204 -0.7937645912 -0.3582110405
-285.9 -76.2 2446.2 0.9264233112 -0.0357722566 -0.3747802079 -0.0080655739 0.9933614135 -0.1147523671 0.3763971329 0.1093320847 0.9199846387
-271.9 -465.3 2403.4 0.9269466400 -0.0672199354 -0.3691225052 -0.0152968829 0.9762308598 -0.2161926478 0.3748812377 0.2060454786 0.9038856626
-108.3 -56.2 2469.5 0.9753068686 -0.1659595817 -0.1457187682 0.0962715223 0.9132820964 -0.3957873285 0.1987670362 0.3719855249 0.9067074656
-43.3 -413.8 2323.8 0.9703134894 -0.1335769147 -0.2016157508 0.1405737996 0.9898532033 0.0207281467 0.1968012005 -0.0484546944 0.9792453647
-193.4 100.8 2109.2 0 0 0 0 0 0 0 0 0
-138.8 113.4 2151.4 0 0 0 0 0 0 0 0 0
-250.4 -777.3 2337.5 0 0 0 0 0 0 0 0 0
7.7 -791.7 2342.3 0 0 0 0 0 0 0 0 0
-219.6 457.4 2173.8 3 0.9783760905 -0.0480915792 -0.2011652738 0.1406721026 0.8677254319 0.4767220914 0.1516298950 -0.4947118163 0.8557269573
-209.6 278.4 2275.8 0.9783760905 -0.0480915792 -0.2011652738 0.1406721026 0.8677254319 0.4767220914 0.1516298950 -0.4947118163 0.8557269573
-200.4 104.8 2366.0 0.9787852764 -0.0473515727 -0.1993418932 0.1331508607 0.8864741921 0.4432091713 0.1557247788 -0.4603491724 0.8739727736
-349.0 259.5 2253.6 0.1170375422 -0.6880876422 -0.7161267996 0.9803323150 -0.0353316925 0.1941653192 -0.1589047313 -0.7247669101 0.6704194546
-370.3 80.8 2282.6 -0.7196264267 -0.6880876422 0.0931301340 -0.0949652866 -0.0353316925 -0.9948533773 0.6878367662 -0.7247669101 -0.0399188213
-70.3 297.4 2298.0 0.7633669972 0.3081186116 0.5677444935 -0.6367371678 0.5069463849 0.5810087323 -0.1087963879 -0.8050268888 0.5831766725
80.3 171.7 2276.5 -0.8654243946 0.3081186116 0.3950994015 -0.2020706832 0.5069463849 -0.8379575014 -0.4584845304 -0.8050268888 -0.3764620125
-282.2 -79.4 2442.9 0.9282178879 -0.0271266922 -0.3710467517 -0.0158518031 0.9935488105 -0.1122921035 0.3716991544 0.1101133004 0.9217997789
-271.6 -468.5 2399.8 0.9276594520 -0.0705366582 -0.3667048812 -0.0076564676 0.9781991243 -0.2075278908 0.3733487427 0.1953228861 0.9068956375
-105.7 -55.4 2471.7 0.9769150019 -0.1598909646 -0.1416756511 0.0913506597 0.9121568203 -0.3995309472 0.1931118071 0.3773656189 0.9057058096
-43.1 -412.7 2323.9 0.9716354012 -0.1329384148 -0.1955813617 0.1392493546 0.9900785685 0.0188163538 0.1911394894 -0.0455172136 0.9805069566
-188.4 104.8 2108.7 0 0 0 0 0 0 0 0 0
-126.5 123.5 2167.0 0 0 0 0 0 0 0 0 0
-249.2 -778.8 2337.8 0 0 0 0 0 0 0 0 0
7.9 -792.5 2341.3 0 0 0 0 0 0 0 0 0
-219.5 456.3 2174.5 4 0.9835160971 -0.0500521660 -0.1737551838 0.1286686659 0.8688726425 0.4780217111 0.1270450950 -0.4924988747 0.8609903455
-209.2 276.8 2276.3 0.9835160971 -0.0500521660 -0.1737551838 0.1286686659 0.8688726425 0.4780217111 0.1270450950 -0.4924988747 0.8609903455
-199.7 102.7 2365.4 0.9839503169 -0.0485599376 -0.1717083305 0.1209283844 0.8890584707 0.4415329993 0.1312179267 -0.4552109241 0.8806616068
-349.3 259.5 2257.6 0.0958476663 -0.6788240671 -0.7280186415 0.9857991338 -0.0365817584 0.1638956964 -0.1378885508 -0.7333891392 0.6656779051
-366.7 80.1 2282.7 -0.7267082334 -0.6788240671 0.1053235754 -0.1097873896 -0.0365817584 -0.9932816625 0.6781164408 -0.7333891392 -0.0479420610
-69.1 294.0 2294.9 0.7855928540 0.3101227283 0.5354136229 -0.6136754751 0.5010539293 0.6102027297 -0.0790333897 -0.8079411387 0.5839390755
85.3 173.4 2279.4 -0.8751283288 0.3101227283 0.3714488745 -0.1815886796 0.5010539293 -0.8461503983 -0.4485263824 -0.8079411387 -0.3821717501
-279.5 -80.8 2442.1 0.9369416833 -0.0196536779 -0.3489327133 -0.0158873573 0.9949901104 -0.0987031087 0.3491244614 0.0980226770 0.9319354296
-271.8 -470.5 2403.7 0.9364538193 -0.0681704357 -0.3441031575 -0.0085197613 0.9762262106 -0.2165865898 0.3506873548 0.2057550251 0.9136100411
-102.7 -56.8 2470.2 0.9800987244 -0.1546439976 -0.1244657263 0.0941385329 0.9140897989 -0.3944334984 0.1747696251 0.3748667538 0.9104561806
-42.1 -414.8 2323.4 0.9750843644 -0.1327089369 -0.1777607203 0.1391683668 0.9899700880 0.0243193060 0.1727503985 -0.0484520420 0.9837731719
-182.4 108.0 2110.6 0 0 0 0 0 0 0 0 0
-119.1 131.0 2174.6 0 0 0 0 0 0 0 0 0
-250.3 -778.1 2338.9 0 0 0 0 0 0 0 0 0
8.6 -793.1 2341.9 0 0 0 0 0 0 0 0 0
-220.1 460.6 2181.4 5 0.9799804688 -0.0527040474 -0.1919910163 0.1372145861 0.8775172234 0.4594949782 0.1442581862 -0.4766400754 0.8671815395
-209.1 278.1 2280.5 0.9799804688 -0.0527040474 -0.1919910163 0.1372145861 0.8775172234 0.4594949782 0.1442581862 -0.4766400754 0.8671815395
-199.6 103.0 2367.7 0.9805291891 -0.0486325696 -0.1902560145 0.1276210845 0.8941661119 0.4291617274 0.1492492408 -0.4450862706 0.8829625249
-348.8 260.0 2259.2 0.0987587795 -0.6583771110 -0.7461811304 0.9907512665 -0.0050635939 0.1355959624 -0.0930516347 -0.7526711822 0.6517879367
-367.5 72.5 2276.9 -0.7441402078 -0.6583771110 0.1131144911 -0.1458984464 -0.0050635939 -0.9892866015 0.6518964767 -0.7526711822 -0.0922881737
-69.4 296.3 2301.8 0.7890344858 0.2930288911 0.5399617553 -0.6066196561 0.5105953217 0.6093479991 -0.0971453562 -0.8083480000 0.5806344151
87.6 175.5 2282.4 -0.8866648674 0.2930288911 0.3577142358 -0.1711953580 0.5105953217 -0.8426058292 -0.4295550883 -0.8083480000 -0.4025617540
-279.0 -82.4 2442.7 0.9313030839 -0.0157150719 -0.3639060259 -0.0226453859 0.9946381450 -0.1009066179 0.3635405600 0.1022154391 0.9259536862
-272.9 -472.0 2402.7 0.9302405715 -0.0726250857 -0.3596916795 -0.0066865087 0.9767015576 -0.2144978642 0.3668893576 0.2019396871 0.9080818295
-101.3 -60.5 2466.4 0.9785126448 -0.1517024487 -0.1396401376 0.0869824216 0.9177527428 -0.3875099719 0.1869413257 0.3670371473 0.9112281203
-41.9 -420.0 2322.7 0.9725476503 -0.1346376091 -0.1897993982 0.1420165598 0.9895289540 0.0257643666 0.1843431443 -0.0520117320 0.9814847708
-178.6 109.5 2111.4 0 0 0 0 0 0 0 0 0
-114.9 136.4 2184.3 0 0 0 0 0 0 0 0 0
-250.1 -778.2 2339.4 0 0 0 0 0 0 0 0 0
8.9 -793.2 2342.3 0 0 0 0 0 0 0 0 0
-229.8 478.6 2203.3 6 0.9809848070 -0.0695787892 -0.1811839938 0.1397638172 0.9009832144 0.4107253551 0.1346659511 -0.4282383025 0.8935754299
-215.3 291.4 2292.3 0.9809848070 -0.0695787892 -0.1811839938 0.1397638172 0.9009832144 0.4107253551 0.1346659511 -0.4282383025 0.8935754299
-202.9 112.7 2370.9 0.9817321301 -0.0635543540 -0.1793399900 0.1295778602 0.9135248065 0.3855931163 0.1393254101 -0.4017876387 0.9050719142
-355.2 272.9 2272.5 0.1305107325 -0.6417738199 -0.7557071447 0.9913806319 0.0756646842 0.1069543958 -0.0114601934 -0.7631521225 0.6461172104
-382.0 68.7 2274.8 -0.7616684437 -0.6417738199 0.0893731490 -0.1788589060 0.0756646842 -0.9809609056 0.6227926612 -0.7631521225 -0.1724183708
-75.4 309.9 2312.2 0.7991770506 0.2815642655 0.5310720801 -0.5591169000 0.6725828052 0.4847893417 -0.2206905931 -0.6843639016 0.6949400902
93.9 191.4 2265.5 -0.8778866529 0.2815642655 0.3873456120 -0.1073454916 0.6725828052 -0.7321948409 -0.4666819274 -0.6843639016 -0.5602267981
-278.6 -83.6 2441.4 0.9371644258 -0.0144824060 -0.3485872447 -0.0226838570 0.9944947362 -0.1023020223 0.3481497467 0.1037811190 0.9316765666
-272.9 -473.2 2400.7 0.9353898168 -0.0783764720 -0.3448230922 0.0036927450 0.9772400260 -0.2121043354 0.3535989225 0.1971268952 0.9143898487
-101.4 -60.6 2468.3 0.9790510535 -0.1577266902 -0.1287682801 0.0967149287 0.9167510867 -0.3875741065 0.1791792363 0.3670010269 0.9128006697
-39.7 -419.6 2324.6 0.9749185443 -0.1278902739 -0.1821481138 0.1342049092 0.9906930327 0.0227224100 0.1775469035 -0.0465976708 0.9830085039
-188.1 114.3 2116.2 0 0 0 0 0 0 0 0 0
-118.3 165.5 2152.7 0 0 0 0 0 0 0 0 0
-248.4 -778.8 2339.0 0 0 0 0 0 0 0 0 0
8.5 -792.9 2342.1 0 0 0 0 0 0 0 0 0
-234.0 484.9 2215.3 7 0.9817808270 -0.0824193731 -0.1712118387 0.1439519823 0.9107584357 0.3870360553 0.1240333542 -0.4046308398 0.9060295820
-217.0 296.7 2298.9 0.9817808270 -0.0824193731 -0.1712118387 0.1439519823 0.9107584357 0.3870360553 0.1240333542 -0.4046308398 0.9060295820
-202.4 116.0 2372.6 0.9827936888 -0.0746564195 -0.1689468324 0.1321254820 0.9233192205 0.3605890572 0.1290715784 -0.3767068088 0.9172962904
-357.0 277.8 2280.5 0.1190396026 -0.6616722941 -0.7402833104 0.9928893447 0.0797878057 0.0883442461 0.0006106432 -0.7455358505 0.6664652228
-381.3 75.6 2280.4 -0.7490358353 -0.6616722941 0.0336920172 -0.1150194108 0.0797878057 -0.9901537299 0.6524690390 -0.7455358505 -0.1358690858
-77.0 315.5 2317.3 0.7849071622 0.2194792181 0.5794391036 -0.5110856295 0.7580325007 0.4051890969 -0.3503030837 -0.6141788363 0.7071577907
85.0 210.1 2245.1 -0.8707510829 0.2194792181 0.4400243163 -0.1317302734 0.7580325007 -0.6387752891 -0.4737506211 -0.6141788363 -0.6311455965
-279.2 -77.8 2436.9 0.9418738484 -0.0171434022 -0.3355291486 -0.0149987424 0.9955559373 -0.0929699764 0.3356318772 0.0925985053 0.9374309182
-272.5 -467.7 2400.7 0.9408107996 -0.0727473050 -0.3310330212 0.0009687933 0.9772671461 -0.2120093554 0.3389308155 0.1991399825 0.9194939733
-101.8 -54.3 2462.1 0.9800300002 -0.1581992954 -0.1204749867 0.1030598432 0.9222322106 -0.3726479113 0.1700585485 0.3527899683 0.9201191664
-39.8 -415.5 2323.9 0.9768030643 -0.1253544986 -0.1736144722 0.1318768412 0.9909115434 0.0265097767 0.1687134802 -0.0487905592 0.9844568372
-191.8 104.7 2115.4 0 0 0 0 0 0 0 0 0
-132.7 177.2 2126.7 0 0 0 0 0 0 0 0 0
-249.4 -777.8 2337.5 0 0 0 0 0 0 0 0 0
7.9 -792.4 2342.5 0 0 0 0 0 0 0 0 0
-234.9 486.5 2221.3 8 0.9829583764 -0.0882458091 -0.1612620801 0.1437721103 0.9157017469 0.3752597570 0.1145528704 -0.3920497000 0.9127840400
-216.7 298.0 2302.0 0.9829583764 -0.0882458091 -0.1612620801 0.1437721103 0.9157017469 0.3752597570 0.1145528704 -0.3920497000 0.9127840400
-201.2 116.5 2373.8 0.9840572476 -0.0795173272 -0.1590858549 0.1317027807 0.9269317985 0.3513570428 0.1195227653 -0.3667075038 0.9226266146
-356.9 279.2 2285.0 0.1125021055 -0.6797214746 -0.7247909904 0.9936414957 0.0736850053 0.0851300210 -0.0044584768 -0.7297596931 0.6836891770
-379.7 77.8 2285.9 -0.7333666086 -0.6797214746 0.0123343104 -0.0850070044 0.0736850053 -0.9936519861 0.6744977832 -0.7297596931 -0.1118192151
-76.5 316.8 2319.1 0.7613818049 0.1411235929 0.6327573657 -0.4758594632 0.7845093012 0.3976215720 -0.4402902424 -0.6038454175 0.6644660830
78.0 220.2 2229.7 -0.8887326717 0.1411235929 0.4361632764 -0.1683336496 0.7845093012 -0.5968323946 -0.4264012575 -0.6038454175 -0.6734631658
-276.7 -76.6 2434.6 0.9455778003 -0.0115491040 -0.3251911104 -0.0206335895 0.9952306151 -0.0953429639 0.3247412741 0.0968640521 0.9408296347
-272.1 -466.5 2396.7 0.9437126517 -0.0747444853 -0.3222105801 0.0097861011 0.9800163507 -0.1986761242 0.3306215703 0.1843400002 0.9255852699
-99.0 -52.7 2458.0 0.9823099971 -0.1487324238 -0.1137791201 0.0989385396 0.9280778766 -0.3590022027 0.1589911580 0.3413943350 0.9263755679
-40.8 -416.2 2324.3 0.9782379866 -0.1292507797 -0.1623106152 0.1352470517 0.9904599786 0.0264066942 0.1573490798 -0.0477840640 0.9863862991
-195.4 99.2 2116.3 0 0 0 0 0 0 0 0 0
-149.2 177.1 2120.7 0 0 0 0 0 0 0 0 0
-248.4 -778.1 2338.1 0 0 0 0 0 0 0 0 0
8.3 -792.6 2342.4 0 0 0 0 0 0 0 0 0
-234.7 488.2 2223.3 9 0.9839974046 -0.0895494670 -0.1540452987 0.1419860423 0.9163937569 0.3742492199 0.1076523289 -0.3901325464 0.9144438505
-216.3 299.7 2303.5 0.9839974046 -0.0895494670 -0.1540452987 0.1419860423 0.9163937569 0.3742492199 0.1076523289 -0.3901325464 0.9144438505
-200.8 118.0 2374.8 0.9852346182 -0.0791906565 -0.1517945826 0.1284628958 0.9280322194 0.3496476412 0.1131814420 -0.3639849424 0.9245025516
-356.7 281.4 2287.4 0.1215575114 -0.6808066368 -0.7223060727 0.9924701452 0.0723243877 0.0988546014 -0.0150605263 -0.7288837433 0.6844718456
-381.2 80.9 2290.4 -0.7324568033 -0.6808066368 -0.0030498144 -0.0630797446 0.0723243877 -0.9953843951 0.6778849363 -0.7288837433 -0.0959196016
-75.9 318.0 2319.7 0.7476984262 0.0821228772 0.6589407325 -0.4579905272 0.7823083997 0.4221827090 -0.4808240235 -0.6174539328 0.6225422621
75.5 225.3 2222.3 -0.9001768827 0.0821228772 0.4277117848 -0.2076605856 0.7823083997 -0.5872568488 -0.3828297555 -0.6174539328 -0.6871622801
-274.6 -76.9 2434.8 0.9476941228 -0.0049342071 -0.3191418052 -0.0262783896 0.9952797890 -0.0934217647 0.3180963695 0.0969217867 0.9430911541
-272.7 -466.7 2396.8 0.9452672601 -0.0783466846 -0.3167516887 0.0141359596 0.9796674252 -0.2001297325 0.3259908259 0.1846984923 0.9271550179
-96.7 -53.0 2456.4 0.9836823940 -0.1426170468 -0.1096784249 0.0954318121 0.9303986430 -0.3539084196 0.1525180340 0.3376666605 0.9288269281
-40.8 -417.4 2324.1 0.9789046645 -0.1324719489 -0.1555535048 0.1379895955 0.9901136160 0.0251770243 0.1506804079 -0.0461106710 0.9875065684
-196.6 96.8 2119.6 0 0 0 0 0 0 0 0 0
-159.3 171.2 2122.5 0 0 0 0 0 0 0 0 0
-247.9 -776.5 2338.4 0 0 0 0 0 0 0 0 0
9.5 -793.5 2341.6 0 0 0 0 0 0 0 0 0
-233.7 485.1 2224.3 0 0.9863143563 -0.0869495496 -0.1400849819 0.1345937103 0.9153482914 0.3795024157 0.0952289775 -0.3931632340 0.9145239592
-215.8 296.7 2305.2 0.9863143563 -0.0869495496 -0.1400849819 0.1345937103 0.9153482914 0.3795024157 0.0952289775 -0.3931632340 0.9145239592
-200.7 115.0 2376.6 0.9874634147 -0.0772478580 -0.1376544982 0.1216938198 0.9279729128 0.3522171676 0.1005316153 -0.3645532727 0.9257398844
-356.5 279.4 2290.9 0.1347083300 -0.6749066710 -0.7255030274 0.9908595681 0.0970242545 0.0937208012 0.0071385885 -0.7314965725 0.6818077564
-383.1 83.3 2289.4 -0.7372643352 -0.6749066710 -0.0306963809 -0.0474259555 0.0970242545 -0.9941514134 0.6739377379 -0.7314965725 -0.1035406142
-75.1 314.1 2319.5 0.7500444651 0.0423278771 0.6600315571 -0.4309982955 0.7882388830 0.4392265379 -0.5016710162 -0.6139119267 0.6094574332
75.0 227.9 2219.2 -0.9065082669 0.0423278771 0.4200608134 -0.2280437350 0.7882388830 -0.5715553761 -0.3553009927 -0.6139119267 -0.7048924565
-274.3 -75.4 2435.8 0.9514196515 -0.0045353961 -0.3078637123 -0.0254276339 0.9953185320 -0.0932442248 0.3068453670 0.0965426341 0.9468502998
-272.6 -465.2 2398.0 0.9491931796 -0.0754128546 -0.3055244684 0.0129714422 0.9794129133 -0.2014500499 0.3144265115 0.1872519255 0.9306302667
-96.2 -52.1 2456.3 0.9849082828 -0.1414788067 -0.0996968597 0.0973679796 0.9291511178 -0.3566477597 0.1430915445 0.3415580392 0.9289041162
-40.8 -416.1 2322.5 0.9804452062 -0.1310329586 -0.1468250304 0.1371483803 0.9900241494 0.0322879665 0.1411295384 -0.0517933965 0.9886353612
-197.2 95.3 2119.4 0 0 0 0 0 0 0 0 0
-166.5 167.1 2124.5 0 0 0 0 0 0 0 0 0
-248.7 -774.9 2338.8 0 0 0 0 0 0 0 0 0
9.3 -794.5 2342.3 0 0 0 0 0 0 0 0 0
-234.0 485.6 2226.3 1 0.9939668775 -0.0835580677 -0.0710484460 0.1044659391 0.9185945988 0.3811441064 0.0334170498 -0.3862667680 0.9217815995
-216.8 296.4 2305.8 0.9939668775 -0.0835580677 -0.0710484460 0.1044659391 0.9185945988 0.3811441064 0.0334170498 -0.3862667680 0.9217815995
-202.1 114.2 2376.0 0.9947897196 -0.0753338709 -0.0686894208 0.0948901549 0.9305368662 0.3536906242 0.0372731537 -0.3583657444 0.9328368902
-358.2 282.9 2300.6 0.1196200475 -0.6774746180 -0.7257542610 0.9916306734 0.1172944829 0.0539505966 0.0485768057 -0.7261337042 0.6858353615
-382.3 83.0 2290.8 -0.7341614962 -0.6774746180 -0.0451112837 -0.0472851694 0.1172944829 -0.9919708371 0.6773263216 -0.7261337042 -0.1181475967
-75.3 309.9 2311.1 0.7947443128 0.0309626684 0.6061540842 -0.3925933838 0.7878609896 0.4744950235 -0.4628734887 -0.6150742769 0.6383038163
80.6 232.9 2220.3 -0.9038233757 0.0309626684 0.4267840683 -0.2406865358 0.7878609896 -0.5668730736 -0.3537984192 -0.6150742769 -0.7046348453
-274.8 -77.7 2438.9 0.9683882594 -0.0077134389 -0.2493284047 -0.0189183727 0.9943720698 -0.1042414680 0.2487292588 0.1056631058 0.9627923369
-271.8 -467.2 2397.5 0.9662614465 -0.0714548677 -0.2474530935 0.0215720758 0.9798229933 -0.1986997128 0.2566582859 0.1866578013 0.9483066201
-96.3 -55.7 2457.1 0.9882490635 -0.1441143602 -0.0509400107 0.1178498566 0.9306188822 -0.3464966118 0.0973408818 0.3364216685 0.9366670847
-39.8 -420.3 2325.3 0.9866757393 -0.1273123324 -0.1013043225 0.1307581812 0.9910157919 0.0281073432 0.0968157649 -0.0409792028 0.9944583774
-197.3 94.9 2120.1 0 0 0 0 0 0 0 0 0
-163.6 167.9 2124.7 0 0 0 0 0 0 0 0 0
-249.3 -775.7 2338.7 0 0 0 0 0 0 0 0 0
8.1 -793.0 2340.7 0 0 0 0 0 0 0 0 0
-234.5 488.9 2232.8 2 0.9966044426 -0.0781374723 -0.0259644929 0.0822023004 0.9260665774 0.3682981133 -0.0047330353 -0.3691818714 0.9293451309
-218.5 298.3 2308.8 0.9966044426 -0.0781374723 -0.0259644929 0.0822023004 0.9260665774 0.3682981133 -0.0047330353 -0.3691818714 0.9293451309
-205.1 114.8 2375.8 0.9973440170 -0.0688253865 -0.0238318294 0.0728255361 0.9371435642 0.3412599862 -0.0011535042 -0.3420891762 0.9396668077
-360.3 287.9 2309.0 0.1023101956 -0.6730158925 -0.7325177789 0.9891159534 0.1471078247 0.0029907064 0.1057462990 -0.7248509526 0.6807413697
-381.7 80.8 2286.9 -0.7372791767 -0.6730158925 -0.0588987656 -0.0553919747 0.1471078247 -0.9875682592 0.6733135581 -0.7248509526 -0.1457392126
-76.6 308.7 2308.6 0.8193336725 0.0272477213 0.5726690888 -0.3699745238 0.7881756425 0.4918313324 -0.4379625320 -0.6148469448 0.6558598280
85.4 235.5 2222.0 -0.9035557508 0.0272477213 0.4276032150 -0.2436867058 0.7881756425 -0.5651512742 -0.3524255157 -0.6148469448 -0.7055207491
-277.1 -76.6 2442.9 0.9769418836 -0.0106727593 -0.2132385075 -0.0132953310 0.9937704206 -0.1106509194 0.2130910754 0.1109345928 0.9707140326
-272.9 -465.9 2399.4 0.9743552208 -0.0772375688 -0.2113440186 0.0338040292 0.9788277149 -0.2018752992 0.2224617451 0.1895539761 0.9563367963
-97.7 -59.5 2449.6 0.9887309670 -0.1473124027 -0.0266474001 0.1310536414 0.9377738237 -0.3215668499 0.0723600164 0.3144508898 0.9465118647
-40.0 -426.7 2326.4 0.9883534908 -0.1313254535 -0.0768827274 0.1339328438 0.9905428886 0.0297792125 0.0722448677 -0.0397295095 0.9965953231
-195.7 94.8 2117.0 0 0 0 0 0 0 0 0 0
-161.1 169.0 2125.8 0 0 0 0 0 0 0 0 0
-248.3 -777.2 2339.2 0 0 0 0 0 0 0 0 0
8.7 -793.9 2341.2 0 0 0 0 0 0 0 0 0
-234.8 490.3 2237.0 3 0.9966205359 -0.0808685049 -0.0144135095 0.0806088895 0.9290812016 0.3609852493 -0.0158010181 -0.3609271944 0.9324601293
-218.2 299.3 2311.2 0.9966205359 -0.0808685049 -0.0144135095 0.0806088895 0.9290812016 0.3609852493 -0.0158010181 -0.3609271944 0.9324601293
-204.6 115.3 2376.7 0.9975048304 -0.0695234910 -0.0122735640 0.0696201846 0.9398590922 0.3343918920 -0.0117126713 -0.3344120085 0.9423542023
-360.2 289.4 2312.9 0.0910100564 -0.6858168244 -0.7220612168 0.9901098609 0.1400525719 -0.0082270885 0.1067688167 -0.7141712308 0.6917802095
-379.2 82.2 2290.6 -0.7253717184 -0.6858168244 -0.0590858422 -0.0518730730 0.1400525719 -0.9887843132 0.6864000559 -0.7141712308 -0.1371656060
-76.2 309.3 2309.5 0.8317410946 0.0323215947 0.5542220473 -0.3648992777 0.7841942906 0.5018842220 -0.4183960855 -0.6196729541 0.6640407443
90.3 236.2 2225.8 -0.9050967097 0.0323215947 0.4239755571 -0.2400360107 0.7841942906 -0.5722079873 -0.3509739041 -0.6196729541 -0.7020133138
-281.7 -75.3 2443.0 0.9789614081 -0.0227215774 -0.2027764916 -0.0017670136 0.9927993417 -0.1197762340 0.2040378749 0.1176146194 0.9718720913
-272.8 -464.2 2396.9 0.9764407277 -0.0793420970 -0.2006696761 0.0407751128 0.9810373783 -0.1894809455 0.2118982822 0.1768345833 0.9611600637
-101.7 -62.1 2442.7 0.9865560532 -0.1620362401 -0.0212475620 0.1480693370 0.9412988424 -0.3033677042 0.0691568702 0.2961431444 0.9526366591
-38.3 -430.7 2326.7 0.9886010885 -0.1307054311 -0.0747263432 0.1334083080 0.9905320406 0.0323806293 0.0697865114 -0.0419806428 0.9966782331
-195.1 95.3 2116.3 0 0 0 0 0 0 0 0 0
-159.8 169.9 2128.8 0 0 0 0 0 0 0 0 0
-247.5 -776.6 2340.6 0 0 0 0 0 0 0 0 0
9.7 -794.6 2342.2 0 0 0 0 0 0 0 0 0
-236.3 488.9 2238.7 4 0.9952941537 -0.0877300501 -0.0411455780 0.0966411829 0.9296945930 0.3554271460 0.0070711775 -0.3577309251 0.9337979555
-218.3 298.0 2312.1 0.9952941537 -0.0877300501 -0.0411455780 0.0966411829 0.9296945930 0.3554271460 0.0070711775 -0.3577309251 0.9337979555
-203.3 113.9 2377.2 0.9963024855 -0.0765961036 -0.0389150158 0.0851677954 0.9401147962 0.3300463557 0.0113043152 -0.3321403265 0.9431622624
-360.2 285.8 2310.5 0.1231421381 -0.6615150571 -0.7397525907 0.9879062176 0.1524867713 0.0280912705 0.0942196772 -0.7342653871 0.6722923517
-385.0 86.3 2291.5 -0.7466568947 -0.6615150571 -0.0700091124 -0.0425174572 0.1524867713 -0.9873905182 0.6638491750 -0.7342653871 -0.1419812292
-76.4 310.1 2313.7 0.8290105462 0.0262604617 0.5586160421 -0.3568841517 0.7938914895 0.4923109114 -0.4305521846 -0.6074921489 0.6675163507
91.2 238.0 2226.7 -0.9019689560 0.0262604617 0.4310015738 -0.2431935817 0.7938914895 -0.5573089123 -0.3568036556 -0.6074921489 -0.7096791267
-281.1 -75.1 2443.3 0.9745388627 -0.0219384916 -0.2231426984 -0.0051065721 0.9927719235 -0.1199074537 0.2241604030 0.1179939732 0.9673828483
-272.5 -464.0 2397.1 0.9721228480 -0.0782658085 -0.2210239470 0.0357828103 0.9811242223 -0.1900390983 0.2317255139 0.1768324971 0.9565738440
-101.0 -62.5 2441.2 0.9860714674 -0.1618622243 -0.0382588506 0.1425305158 0.9409125447 -0.3071948588 0.0857214704 0.2974629998 0.9508772492
-37.6 -431.0 2324.7 0.9872674942 -0.1295626163 -0.0922845230 0.1336954683 0.9902116656 0.0400801115 0.0861883312 -0.0519078113 0.9949256778
-196.8 97.0 2124.1 0 0 0 0 0 0 0 0 0
-158.6 170.6 2127.9 0 0 0 0 0 0 0 0 0
-247.7 -774.7 2341.1 0 0 0 0 0 0 0 0 0
10.1 -795.1 2343.7 0 0 0 0 0 0 0 0 0
-237.2 490.1 2239.5 5 0.9957035780 -0.0903468356 -0.0202949010 0.0916227996 0.9295319915 0.3571771085 -0.0134050604 -0.3575020134 0.9338161349
-218.6 298.9 2313.0 0.9957035780 -0.0903468356 -0.0202949010 0.0916227996 0.9295319915 0.3571771085 -0.0134050604 -0.3575020134 0.9338161349
-203.1 114.8 2378.0 0.9967141151 -0.0789846256 -0.0179564003 0.0804652944 0.9400678277 0.3313575685 -0.0092919208 -0.3317136467 0.9433343410
-360.6 287.5 2314.3 0.1163730398 -0.6693973541 -0.7337332964 0.9892566204 0.1439325213 0.0255879927 0.0884795412 -0.7288282514 0.6789556146
-384.5 83.5 2296.1 -0.7407795191 -0.6693973541 -0.0561506115 -0.0551696122 0.1439325213 -0.9880484343 0.6694788933 -0.7288282514 -0.1435526460
-76.6 310.4 2311.7 0.8350028992 0.0444368608 0.5484482646 -0.3611373007 0.7962759137 0.4853087068 -0.4151505232 -0.6032993197 0.6809405088
92.0 237.4 2227.8 -0.9012591243 0.0444368608 0.4309958220 -0.2285806835 0.7962759137 -0.5600852966 -0.3680800200 -0.6032993197 -0.7074934840
-278.3 -78.0 2441.2 0.9789035916 -0.0152139459 -0.2037555873 -0.0091645001 0.9929510355 -0.1181703284 0.2041171640 0.1175446734 0.9718639255
-272.4 -466.9 2395.2 0.9758532643 -0.0824054554 -0.2022862136 0.0447380021 0.9818764329 -0.1841660440 0.2137963623 0.1706691533 0.9618540406
-98.4 -62.5 2443.3 0.9871335030 -0.1587574482 -0.0190670863 0.1449551582 0.9388307333 -0.3123856783 0.0674943179 0.3056024909 0.9497640133
-36.2 -430.3 2323.6 0.9892432690 -0.1258771271 -0.0745166615 0.1293371320 0.9906430840 0.0435685776 0.0683351234 -0.0527376905 0.9962675571
-197.5 97.4 2127.0 0 0 0 0 0 0 0 0 0
-159.6 173.6 2125.1 0 0 0 0 0 0 0 0 0
-246.4 -775.7 2341.5 0 0 0 0 0 0 0 0 0
10.0 -794.2 2343.0 0 0 0 0 0 0 0 0 0
-236.4 490.1 2239.9 6 0.9956845045 -0.0919428170 -0.0126041779 0.0903874859 0.9300013185 0.3562691212 -0.0210344847 -0.3558709025 0.9342983961
-217.6 299.1 2313.0 0.9956845045 -0.0919428170 -0.0126041779 0.0903874859 0.9300013185 0.3562691212 -0.0210344847 -0.3558709025 0.9342983961
-201.8 115.0 2377.9 0.9967184663 -0.0802792683 -0.0103698801 0.0791610479 0.9399484992 0.3320095837 -0.0169063341 -0.3317409754 0.9432190061
-359.6 287.8 2315.4 0.1120420173 -0.6778520942 -0.7266107202 0.9907757044 0.1322934628 0.0293597411 0.0762242898 -0.7231977582 0.6864218116
-382.5 85.1 2299.8 -0.7326931953 -0.6778520942 -0.0606401749 -0.0404237807 0.1322934628 -0.9903859496 0.6793575287 -0.7231977582 -0.1243318692
-75.6 310.4 2310.5 0.8342576623 0.0635687336 0.5476980805 -0.3724992871 0.7973471284 0.4748493135 -0.4065198898 -0.6001638174 0.6888722181
95.5 234.0 2227.2 -0.9094724059 0.0635687336 0.4108758271 -0.2013084441 0.7973471284 -0.5689573884 -0.3637785316 -0.6001638174 -0.7123683095
-277.7 -76.6 2443.8 0.9804372787 -0.0121668437 -0.1964552253 -0.0123653468 0.9923089743 -0.1231665611 0.1964428425 0.1231863275 0.9727463126
-273.0 -465.3 2395.5 0.9772082567 -0.0832105279 -0.1952946931 0.0464884900 0.9815272093 -0.1855885834 0.2071299851 0.1722797304 0.9630248547
-97.6 -62.0 2442.1 0.9875937700 -0.1565198302 -0.0126518738 0.1449834257 0.9398126006 -0.3094061017 0.0603185780 0.3037332296 0.9508458376
-36.3 -430.2 2323.1 0.9897853136 -0.1256426871 -0.0673718229 0.1287683100 0.9906875491 0.0442370959 0.0611863583 -0.0524605811 0.9967467785
-197.7 95.3 2128.4 0 0 0 0 0 0 0 0 0
-161.3 177.2 2124.5 0 0 0 0 0 0 0 0 0
-246.8 -773.6 2341.4 0 0 0 0 0 0 0 0 0
9.7 -793.5 2342.4 0 0 0 0 0 0 0 0 0
-236.7 490.1 2239.1 7 0.9948313832 -0.0900614634 -0.0468988046 0.1008541510 0.9300232530 0.3533909619 0.0117900735 -0.3562943339 0.9342994094
-218.2 299.0 2312.3 0.9948313832 -0.0900614634 -0.0468988046 0.1008541510 0.9300232530 0.3533909619 0.0117900735 -0.3562943339 0.9342994094
-202.8 114.9 2377.2 0.9958953261 -0.0786966309 -0.0447146371 0.0890642330 0.9400549531 0.3291873038 0.0161282867 -0.3318185508 0.9432053566
-360.1 286.4 2310.0 0.1162942871 -0.6752709150 -0.7283439040 0.9917201996 0.1191626564 0.0478679240 0.0544675775 -0.7278801203 0.6835377216
-383.6 85.5 2298.9 -0.7360289693 -0.6752709150 -0.0476500392 -0.0451142825 0.1191626564 -0.9918492436 0.6754450798 -0.7278801203 -0.1181715354
-76.4 311.7 2314.6 0.8288213611 0.0813014209 0.5535749793 -0.3806460798 0.8070729375 0.4513777196 -0.4100777209 -0.5848276615 0.6998663545
94.8 233.1 2229.8 -0.9012458324 0.0813014209 0.4256125093 -0.1910363883 0.8070729375 -0.5586934686 -0.3889229000 -0.5848276615 -0.7118396163
-276.2 -76.2 2444.4 0.9738166332 -0.0100109149 -0.2271143794 -0.0196890701 0.9915620089 -0.1281292140 0.2264806926 0.1292460263 0.9654024839
-272.3 -464.6 2393.8 0.9708454609 -0.0791267231 -0.2262697965 0.0380930640 0.9828793406 -0.1802695096 0.2366600484 0.1663945317 0.9572381377
-96.1 -61.9 2441.4 0.9873073101 -0.1533331275 -0.0413905233 0.1332810074 0.9416365027 -0.3091227412 0.0863735825 0.2996825874 0.9501210451
-36.0 -430.8 2324.0 0.9881946445 -0.1224214509 -0.0921101347 0.1262978315 0.9912840128 0.0374815054 0.0867187679 -0.0486723334 0.9950431585
-198.1 96.9 2128.7 0 0 0 0 0 0 0 0 0
-161.8 178.7 2119.1 0 0 0 0 0 0 0 0 0
-247.4 -773.6 2341.5 0 0 0 0 0 0 0 0 0
8.7 -792.8 2341.8 0 0 0 0 0 0 0 0 0
-236.2 488.6 2239.7 8 0.9920806289 -0.0907324851 -0.0868540704 0.1156636477 0.9295423031 0.3501042724 0.0489687063 -0.3573775291 0.9326753616
-217.5 297.5 2313.1 0.9920806289 -0.0907324851 -0.0868540704 0.1156636477 0.9295423031 0.3501042724 0.0489687063 -0.3573775291 0.9326753616
-201.7 113.4 2378.2 0.9931182861 -0.0810040385 -0.0845840201 0.1043690965 0.9398006797 0.3253948689 0.0531338193 -0.3319835663 0.9417874813
-358.9 282.6 2305.6 0.1278143823 -0.6737820506 -0.7277920246 0.9910131097 0.1159528494 0.0666931942 0.0394528806 -0.7297757864 0.6825472713
-384.5 84.4 2297.7 -0.7380773425 -0.6737820506 -0.0354909711 -0.0581726097 0.1159528494 -0.9915497303 0.6722037196 -0.7297757864 -0.1247778237
-76.1 312.4 2320.7 0.8190354109 0.0731680915 0.5690584183 -0.3798995614 0.8124198914 0.4423236251 -0.4299503863 -0.5784637332 0.6931971908
96.1 232.5 2230.3 -0.9047232270 0.0731680915 0.4196692705 -0.1900009811 0.8124198914 -0.5512472391 -0.3812813759 -0.5784637332 -0.7211131454
-277.4 -77.2 2440.8 0.9652509093 -0.0141644338 -0.2609407604 -0.0171216317 0.9929566383 -0.1172347963 0.2607634366 0.1176287234 0.9582097530
-271.8 -466.2 2394.7 0.9628240466 -0.0756753758 -0.2593128085 0.0270044282 0.9821134210 -0.1863436401 0.2687762082 0.1724135429 0.9476459622
-97.5 -61.2 2443.7 0.9845845103 -0.1597853303 -0.0711473674 0.1297776848 0.9400749207 -0.3153045177 0.1172648892 0.3012106121 0.9463197589
-34.9 -429.4 2325.7 0.9856778979 -0.1169501916 -0.1214977279 0.1208442152 0.9923524261 0.0251664538 0.1176253408 -0.0394883156 0.9922726154
-198.4 99.1 2128.2 0 0 0 0 0 0 0 0 0
-161.9 178.3 2121.6 0 0 0 0 0 0 0 0 0
-248.1 -774.1 2340.6 0 0 0 0 0 0 0 0 0
7.9 -792.2 2340.1 0 0 0 0 0 0 0 0 0
-237.9 489.2 2241.0 9 0.9904658198 -0.0973266289 -0.0974936560 0.1255243123 0.9291870594 0.3476421833 0.0567549989 -0.3565655053 0.9325448275
-217.9 298.2 2314.3 0.9904658198 -0.0973266289 -0.0974936560 0.1255243123 0.9291870594 0.3476421833 0.0567549989 -0.3565655053 0.9325448275
-200.7 114.1 2379.0 0.9916274548 -0.0874896422 -0.0949763805 0.1137766615 0.9398145080 0.3221856058 0.0610722750 -0.3302942216 0.9419001341
-359.1 282.0 2305.6 0.1239390001 -0.6751103401 -0.7272311449 0.9916006327 0.1115746796 0.0654163063 0.0369773619 -0.7292305231 0.6832682490
-384.0 82.7 2298.1 -0.7368959188 -0.6751103401 -0.0347913802 -0.0553738810 0.1115746796 -0.9922120571 0.6737344861 -0.7292305231 -0.1196024045
-76.6 314.4 2323.0 0.8115510345 0.0793544352 0.5788677335 -0.3912734985 0.8095923662 0.4375674427 -0.4339239597 -0.5816038847 0.6880747676
95.1 231.6 2231.1 -0.9018482566 0.0793544352 0.4247029424 -0.1902680099 0.8095923662 -0.5553001761 -0.3879017830 -0.5816038847 -0.7150308490
-275.5 -80.1 2438.4 0.9634866118 -0.0066965967 -0.2676727772 -0.0183798186 0.9956750870 -0.0910677016 0.2671249509 0.0926622897 0.9591965079
-272.8 -469.9 2402.1 0.9610738754 -0.0786043182 -0.2648743391 0.0216545537 0.9771574736 -0.2114103287 0.2754417062 0.1974451989 0.9408226609
-96.1 -61.2 2448.0 0.9850901365 -0.1552939117 -0.0740353465 0.1232303530 0.9372248650 -0.3262267113 0.1200487912 0.3122393191 0.9423878789
-35.3 -428.3 2325.7 0.9854265451 -0.1162656322 -0.1241644099 0.1203936636 0.9923790693 0.0262517873 0.1201659814 -0.0408178158 0.9919143319
-197.9 96.6 2128.0 0 0 0 0 0 0 0 0 0
-161.2 177.5 2120.9 0 0 0 0 0 0 0 0 0
-248.3 -775.4 2340.4 0 0 0 0 0 0 0 0 0
7.3 -792.4 2340.7 0 0 0 0 0 0 0 0 0
-238.0 488.1 2240.6 0 0.9882705212 -0.0959668159 -0.1187930852 0.1321197301 0.9274123311 0.3499296606 0.0765885413 -0.3615200520 0.9292133451
-218.2 297.1 2315.1 0.9882705212 -0.0959668159 -0.1187930852 0.1321197301 0.9274123311 0.3499296606 0.0765885413 -0.3615200520 0.9292133451
-200.9 113.3 2380.5 0.9892919660 -0.0883551240 -0.1161672175 0.1217799932 0.9384109378 0.3233489394 0.0804430544 -0.3340333700 0.9391222596
-359.1 279.7 2303.6 0.1251945049 -0.6747992039 -0.7273048759 0.9917529225 0.1053870097 0.0729363412 0.0274310987 -0.7304379344 0.6824279428
-384.1 82.2 2298.2 -0.7372670174 -0.6747992039 -0.0329146460 -0.0521231890 0.1053870097 -0.9930643439 0.6735877991 -0.7304379344 -0.1128710508
-77.3 314.4 2326.5 0.8095621467 0.0862545818 0.5806627870 -0.3912738562 0.8166743517 0.4242025018 -0.4376229942 -0.5706164241 0.6948978305
