-66.4 417.9 2550.4 5 0.9804964066 0.0542596206 -0.1888986826 -0.0552009493 0.9984752536 0.0002782246 0.1886257529 0.0101545881 0.9819965363
-77.0 222.1 2548.4 0.9804964066 0.0542596206 -0.1888986826 -0.0552009493 0.9984752536 0.0002782246 0.1886257529 0.0101545881 0.9819965363
-87.3 28.3 2546.4 0.9805682898 0.0528426468 -0.1889272183 -0.0538605116 0.9985484481 -0.0002538848 0.1886395663 0.0104246680 0.9819910526
-211.0 229.5 2522.7 0.4750747979 -0.3301298022 -0.8156704307 0.4341931343 0.8941980600 -0.1090234965 0.7653628588 -0.3023641706 0.5681510568
-313.1 136.2 2358.2 -0.8110902905 -0.3301298022 -0.4828527868 -0.1048666090 0.8941980600 -0.4352158010 0.5754437447 -0.3023641706 -0.7598950267
56.9 214.7 2574.2 0.0327444673 0.8672942519 0.4967176616 -0.7860193849 0.3293160498 -0.5231868625 -0.6173340678 -0.3732982278 0.6924933791
64.9 22.1 2422.9 -0.4695016742 0.8672942519 0.1654352397 0.2919263542 0.3293160498 -0.8979587555 -0.8332749605 -0.3732982278 -0.4078004956
-183.0 -162.3 2523.6 0.9771807194 -0.0215520822 0.2113135159 0.0175335538 0.9996283650 0.0208724122 -0.2116848379 -0.0166910402 0.9771954417
-174.6 -550.3 2530.1 0.9772656560 0.0170433875 0.2113324851 -0.0217548516 0.9995635152 0.0199889783 -0.2108995467 -0.0241320487 0.9772098064
-8.1 -172.3 2560.8 0.9550705552 0.0416129790 0.2934426963 -0.0282906555 0.9983733296 -0.0495010354 -0.2950252295 0.0389752947 0.9546942115
-24.2 -559.9 2545.6 0.9521855712 -0.0746294037 0.2962652147 0.0582952686 0.9962712526 0.0636025295 -0.2999071181 -0.0432905518 0.9529856443
-108.2 162.6 2212.8 0 0 0 0 0 0 0 0 0
-54.1 96.1 2211.6 0 0 0 0 0 0 0 0 0
-179.3 -826.2 2536.7 0 0 0 0 0 0 0 0 0
-4.4 -823.9 2557.1 0 0 0 0 0 0 0 0 0
-66.5 421.3 2556.7 6 0.9763655663 0.0559647456 -0.2087539136 -0.0613455400 0.9979283214 -0.0193858538 0.2072365135 0.0317338035 0.9777760506
-77.5 225.1 2550.5 0.9763655663 0.0559647456 -0.2087539136 -0.0613455400 0.9979283214 -0.0193858538 0.2072365135 0.0317338035 0.9777760506
-88.0 31.4 2545.1 0.9765267968 0.0538776703 -0.2085488737 -0.0584161207 0.9981694818 -0.0156599320 0.2073234022 0.0274749603 0.9778865576
-210.9 233.1 2522.1 0.4459490478 -0.4308705628 -0.7845253348 0.5273044705 0.8347234130 -0.1587034017 0.7232423425 -0.3429100811 0.5994440913
-307.0 119.5 2366.3 -0.7846094370 -0.4308705628 -0.4458010197 -0.1588028818 0.8347234130 -0.5272745490 0.5993076563 -0.3429100811 -0.7233554125
55.8 217.1 2578.8 0.0636393726 0.8694235682 0.4899517000 -0.8099247217 0.3318333924 -0.4836409092 -0.5830711722 -0.3660453856 0.7252853513
71.5 18.0 2435.4 -0.4629577398 0.8694235682 0.1725478470 0.2884226143 0.3318333924 -0.8981642127 -0.8381422758 -0.3660453856 -0.4043862820
-185.3 -160.7 2527.5 0.9811507463 -0.0263755471 0.1914355606 0.0234011486 0.9995679855 0.0177819543 -0.1918218732 -0.0129669653 0.9813441038
-175.1 -548.8 2532.5 0.9813188910 0.0164722931 0.1916818023 -0.0183665715 0.9997984171 0.0081097446 -0.1915095747 -0.0114787826 0.9814236164
-9.7 -170.4 2561.3 0.9606394768 0.0389210135 0.2750580013 -0.0277784895 0.9986323714 -0.0442912765 -0.2764056921 0.0349072553 0.9604068995
-24.8 -558.1 2547.7 0.9578101635 -0.0744478703 0.2775917351 0.0607462674 0.9964870811 0.0576492026 -0.2809084356 -0.0383543298 0.9589678645
-108.8 159.6 2214.9 0 0 0 0 0 0 0 0 0
-46.1 91.2 2222.6 0 0 0 0 0 0 0 0 0
-179.6 -822.2 2535.6 0 0 0 0 0 0 0 0 0
-4.9 -824.5 2558.0 0 0 0 0 0 0 0 0 0
-66.1 423.6 2550.3 7 0.9765072465 0.0566733070 -0.2078983486 -0.0573878549 0.9983485937 0.0025977078 0.2077022493 0.0093941605 0.9781469703
-77.3 226.9 2548.5 0.9765072465 0.0566733070 -0.2078983486 -0.0573878549 0.9983485937 0.0025977078 0.2077022493 0.0093941605 0.9781469703
-87.9 33.1 2546.4 0.9765923023 0.0548298433 -0.2079932988 -0.0558652394 0.9984379411 0.0008973189 0.2077175975 0.0107432809 0.9781298637
-210.7 234.5 2520.1 0.4036639035 -0.5157621503 -0.7556750774 0.6005908847 0.7724581361 -0.2063953131 0.6901782751 -0.3705372214 0.6215755343
-296.4 107.0 2373.5 -0.7546477914 -0.5157621503 -0.4055811465 -0.2048698366 0.7724581361 -0.6011129618 0.6233257651 -0.3705372214 -0.6885979772
56.2 219.2 2576.8 0.0762968212 0.8665763736 0.4931776226 -0.8314017653 0.3283304274 -0.4482970536 -0.5504088402 -0.3758251071 0.7455236912
74.7 17.2 2443.1 -0.4672433138 0.8665763736 0.1752970815 0.2692706287 0.3283304274 -0.9053686857 -0.8421264887 -0.3758251071 -0.3867537677
-185.8 -157.1 2521.2 0.9809656143 -0.0277430378 0.1921895891 0.0228162110 0.9993530512 0.0278015677 -0.1928365529 -0.0228873435 0.9809639454
-175.1 -545.1 2530.1 0.9811648130 0.0175362173 0.1923748255 -0.0219754595 0.9995386600 0.0209664758 -0.1919184029 -0.0247990936 0.9810975194
-10.9 -167.6 2558.3 0.9608644247 0.0329370126 0.2750539184 -0.0219836291 0.9988412857 -0.0428118184 -0.2761453092 0.0350896716 0.9604751468
-23.7 -555.4 2544.7 0.9593604207 -0.0538696386 0.2769939899 0.0378515460 0.9973044395 0.0628575310 -0.2796334624 -0.0498183742 0.9588134885
-105.6 158.8 2215.9 0 0 0 0 0 0 0 0 0
-44.0 85.6 2229.2 0 0 0 0 0 0 0 0 0
-180.0 -827.7 2537.1 0 0 0 0 0 0 0 0 0
-8.8 -831.0 2558.5 0 0 0 0 0 0 0 0 0
-67.4 422.6 2566.1 8 0.9764393568 0.0511109568 -0.2096517980 -0.0617520213 0.9970979691 -0.0445236973 0.2067677230 0.0564211123 0.9767618775
-77.4 226.7 2555.1 0.9764393568 0.0511109568 -0.2096517980 -0.0617520213 0.9970979691 -0.0445236973 0.2067677230 0.0564211123 0.9767618775
-87.2 33.2 2545.5 0.9765372872 0.0507177971 -0.2092906982 -0.0598332249 0.9975056052 -0.0374507196 0.2068692297 0.0490945615 0.9771360159
-210.8 234.8 2526.8 0.3834227026 -0.5698961020 -0.7267774940 0.6404414773 0.7310504913 -0.2353718877 0.6654485464 -0.3752115071 0.6452864408
-293.9 96.1 2382.7 -0.7274011374 -0.5698961020 -0.3822381794 -0.2364149243 0.7310504913 -0.6400572062 0.6442014575 -0.3752115071 -0.6664988995
56.0 218.5 2583.3 0.0762885809 0.8565382361 0.5104138851 -0.8254196644 0.3414188027 -0.4495727122 -0.5593411326 -0.3870083690 0.7330498099
74.8 15.1 2445.5 -0.4820324779 0.8565382361 0.1843555123 0.2613839805 0.3414188027 -0.9028353095 -0.8362553716 -0.3870083690 -0.3884603381
-186.0 -155.6 2525.7 0.9814648628 -0.0277190786 0.1896268576 0.0225295406 0.9993117452 0.0294686556 -0.1903132051 -0.0246502440 0.9814139009
-175.2 -543.6 2535.3 0.9815590382 0.0183600448 0.1902753860 -0.0194437355 0.9998036027 0.0038298981 -0.1901677102 -0.0074589355 0.9817233086
-11.0 -165.7 2562.9 0.9611104727 0.0296755135 0.2745651603 -0.0143479826 0.9982328415 -0.0576660037 -0.2757912278 0.0514839441 0.9598377943
-22.5 -553.2 2542.9 0.9601072073 -0.0442974344 0.2761012912 0.0255199336 0.9971328974 0.0712367445 -0.2784652710 -0.0613488294 0.9584849477
-109.8 155.9 2219.6 0 0 0 0 0 0 0 0 0
-47.7 81.5 2233.0 0 0 0 0 0 0 0 0 0
-180.4 -825.5 2537.4 0 0 0 0 0 0 0 0 0
-10.0 -835.4 2560.3 0 0 0 0 0 0 0 0 0
-68.6 421.3 2564.1 9 0.9804967642 0.0474000908 -0.1907336712 -0.0553381294 0.9978000522 -0.0365066342 0.1885836571 0.0463494807 0.9809627533
-77.9 225.6 2555.0 0.9804967642 0.0474000908 -0.1907336712 -0.0553381294 0.9978000522 -0.0365066342 0.1885836571 0.0463494807 0.9809627533
-87.2 32.0 2546.7 0.9804986119 0.0480596721 -0.1905590892 -0.0552997254 0.9979290366 -0.0328567997 0.1885853708 0.0427539125 0.9811257124
-211.8 233.2 2529.2 0.3881454766 -0.5637198091 -0.7290837169 0.6351389289 0.7368583679 -0.2315994054 0.6677886248 -0.3731751740 0.6440486312
-297.5 92.8 2381.7 -0.7361332774 -0.5637198091 -0.3746035397 -0.2432991117 0.7368583679 -0.6307497621 0.6315958500 -0.3731751740 -0.6795784831
56.1 218.0 2580.7 0.0787232295 0.8489630818 0.5225555897 -0.8181244135 0.3545368314 -0.4527428150 -0.5696271062 -0.3918741047 0.7224677205
75.4 17.0 2440.8 -0.4901823699 0.8489630818 0.1974409372 0.2512602210 0.3545368314 -0.9006508589 -0.8346194029 -0.3918741047 -0.3870983720
-184.6 -154.9 2517.5 0.9778572917 -0.0235339999 0.2079452127 0.0151179517 0.9990044832 0.0419695750 -0.2087259144 -0.0378965475 0.9772396684
-175.4 -542.7 2532.2 0.9778205752 0.0181151573 0.2086594403 -0.0197738968 0.9997872710 0.0058661154 -0.2085087895 -0.0098620187 0.9779707789
-9.6 -165.6 2554.5 0.9554002285 0.0344202556 0.2933012843 -0.0236839261 0.9989157915 -0.0400792919 -0.2943628132 0.0313452408 0.9551795721
-23.0 -553.4 2542.4 0.9540684223 -0.0504673161 0.2953075469 0.0269280244 0.9961652756 0.0832441002 -0.2983762324 -0.0714685172 0.9517688155
-111.0 154.5 2221.6 0 0 0 0 0 0 0 0 0
-49.2 80.9 2228.7 0 0 0 0 0 0 0 0 0
-180.5 -825.3 2535.0 0 0 0 0 0 0 0 0 0
-8.8 -833.7 2562.5 0 0 0 0 0 0 0 0 0
-67.3 418.4 2565.0 0 0.9814006686 0.0532841273 -0.1844274849 -0.0619549528 0.9972127676 -0.0415720120 0.1816983223 0.0522249974 0.9819665551
-77.7 223.0 2554.8 0.9814006686 0.0532841273 -0.1844274849 -0.0619549528 0.9972127676 -0.0415720120 0.1816983223 0.0522249974 0.9819665551
-88.1 29.4 2546.1 0.9814524055 0.0536686964 -0.1840402037 -0.0609898381 0.9975472093 -0.0343488343 0.1817453206 0.0449363291 0.9823183417
-211.8 231.4 2530.0 0.4364957809 -0.4924092591 -0.7529970407 0.5795773268 0.7940394282 -0.1832800061 0.6881580949 -0.3564190567 0.6319841146
-310.0 101.0 2375.2 -0.7708399296 -0.4924092591 -0.4041520655 -0.2077071369 0.7940394282 -0.5712785125 0.6022155285 -0.3564190567 -0.7143542171
56.4 214.7 2579.6 0.0806012079 0.8425803185 0.5325052738 -0.8100448847 0.3666747212 -0.4575772882 -0.5808018446 -0.3944718838 0.7120822668
75.9 18.3 2438.8 -0.4975038171 0.8425803185 0.2062725425 0.2493860722 0.3666747212 -0.8963014483 -0.8308408856 -0.3944718838 -0.3925498426
-184.3 -156.7 2521.5 0.9762975574 -0.0233186167 0.2151727527 0.0191210136 0.9995844960 0.0215693153 -0.2155863196 -0.0169437490 0.9763377905
-175.3 -544.7 2528.1 0.9763571024 0.0222966541 0.2150109559 -0.0290489513 0.9991773963 0.0282954630 -0.2142032087 -0.0338723175 0.9762016535
-8.6 -166.6 2555.3 0.9533390403 0.0390717350 0.2993628383 -0.0253031533 0.9984419346 -0.0497335419 -0.3008396029 0.0398381017 0.9528422952
-23.8 -554.2 2539.8 0.9517989755 -0.0542399772 0.3018886447 0.0284399856 0.9956064224 0.0892134309 -0.3054012060 -0.0763275400 0.9491597414
-114.8 153.6 2222.7 0 0 0 0 0 0 0 0 0
-50.5 81.7 2227.6 0 0 0 0 0 0 0 0 0
-181.6 -827.2 2537.6 0 0 0 0 0 0 0 0 0
-8.7 -831.9 2561.1 0 0 0 0 0 0 0 0 0
-66.4 420.8 2564.0 1 0.9767458439 0.0617469214 -0.2053165436 -0.0707006678 0.9968274832 -0.0365560055 0.2024079561 0.0502219424 0.9780126810
-78.5 225.1 2554.1 0.9767458439 0.0617469214 -0.2053165436 -0.0707006678 0.9968274832 -0.0365560055 0.2024079561 0.0502219424 0.9780126810
-89.8 31.5 2546.1 0.9770790935 0.0578910299 -0.2048538476 -0.0651457533 0.9974588156 -0.0288431905 0.2026635259 0.0415274389 0.9783675075
-212.0 234.0 2526.5 0.5358810425 -0.4343242049 -0.7240124345 0.5514638424 0.8293972611 -0.0893745124 0.6393114328 -0.3513725698 0.6839723587
-333.8 108.6 2381.1 -0.7908660173 -0.4343242049 -0.4311536252 -0.1644098163 0.8293972611 -0.5339190960 0.5894916058 -0.3513725698 -0.7273492813
54.9 216.2 2581.8 0.0997961387 0.8293259144 0.5497811437 -0.7975926995 0.3970214725 -0.4541143775 -0.5948837399 -0.3931825459 0.7010854483
79.6 18.7 2434.5 -0.5102680922 0.8293259144 0.2276950926 0.2513791323 0.3970214725 -0.8827131391 -0.8224567175 -0.3931825459 -0.4110625982
-186.4 -158.7 2521.1 0.9804610014 -0.0275263507 0.1947781444 0.0239389949 0.9994980693 0.0207481384 -0.1952515095 -0.0156799462 0.9806278348
-175.8 -546.7 2527.2 0.9807221293 0.0187713448 0.1945039630 -0.0251496304 0.9992220998 0.0303749889 -0.1937824786 -0.0346811265 0.9804313183
-10.6 -169.6 2553.6 0.9595508575 0.0353059471 0.2793128192 -0.0256107822 0.9989386201 -0.0382854752 -0.2803680599 0.0295834411 0.9594365954
-24.3 -557.4 2542.1 0.9573042393 -0.0656770170 0.2815229297 0.0454093404 0.9959242344 0.0779289156 -0.2854936719 -0.0618179105 0.9563848376
-133.5 150.3 2231.8 0 0 0 0 0 0 0 0 0
-50.0 82.6 2225.5 0 0 0 0 0 0 0 0 0
-180.9 -822.3 2536.7 0 0 0 0 0 0 0 0 0
-6.7 -825.0 2558.7 0 0 0 0 0 0 0 0 0
-65.1 418.8 2563.5 2 0.9760336280 0.0627183542 -0.2083860040 -0.0711679161 0.9969085455 -0.0332931057 0.2056536973 0.0473255888 0.9774798155
-77.4 223.1 2554.2 0.9760336280 0.0627183542 -0.2083860040 -0.0711679161 0.9969085455 -0.0332931057 0.2056536973 0.0473255888 0.9774798155
-88.9 29.5 2546.7 0.9763504863 0.0593200736 -0.2078961879 -0.0659897178 0.9974998236 -0.0252882540 0.2058763057 0.0384092107 0.9778239727
-210.8 232.2 2526.1 0.5186262131 -0.3387508988 -0.7850316763 0.4505835176 0.8886046410 -0.0857687816 0.7266370058 -0.3092404008 0.6134892106
-328.5 129.9 2361.1 -0.8152477741 -0.3387508988 -0.4697008133 -0.1131342724 0.8886046410 -0.4445024431 0.5679539442 -0.3092404008 -0.7627573013
56.0 214.1 2582.3 0.0561075471 0.8316396475 0.5524739623 -0.7670644522 0.3901129961 -0.5093367696 -0.6391119361 -0.3952055275 0.6598094702
69.6 28.0 2427.2 -0.5087352991 0.8316396475 0.2226295918 0.2499105185 0.3901129961 -0.8862034678 -0.8238525987 -0.3952055275 -0.4062997401
-188.5 -156.3 2519.8 0.9809864759 -0.0305977352 0.1916490048 0.0254687294 0.9992499352 0.0291695110 -0.1923977733 -0.0237338394 0.9810299873
-176.6 -544.2 2529.1 0.9813201427 0.0142230941 0.1918554157 -0.0188433267 0.9995741844 0.0222787447 -0.1914568543 -0.0254777744 0.9811702967
-13.5 -167.9 2556.1 0.9607049227 0.0282921381 0.2761260569 -0.0175722968 0.9989955425 -0.0412200429 -0.2770149112 0.0347481295 0.9602370858
-24.5 -555.7 2542.7 0.9584928751 -0.0652772710 0.2775433958 0.0461028405 0.9961122274 0.0750666112 -0.2813645005 -0.0591552705 0.9577758908
-123.3 158.3 2218.1 0 0 0 0 0 0 0 0 0
-59.8 91.5 2217.6 0 0 0 0 0 0 0 0 0
-180.6 -822.6 2536.2 0 0 0 0 0 0 0 0 0
-6.6 -828.7 2558.9 0 0 0 0 0 0 0 0 0
-65.3 417.3 2554.7 3 0.9792172909 0.0623081774 -0.1930056512 -0.0649498329 0.9978612065 -0.0073836548 0.1921327859 0.0197658874 0.9811698794
-77.5 221.5 2550.8 0.9792172909 0.0623081774 -0.1930056512 -0.0649498329 0.9978612065 -0.0073836548 0.1921327859 0.0197658874 0.9811698794
-88.9 27.8 2547.8 0.9794623256 0.0590322390 -0.1927919984 -0.0609192327 0.9981352091 -0.0038691186 0.1922040731 0.0155343963 0.9812320471
-211.3 229.8 2524.6 0.5017713308 -0.2473030686 -0.8288948536 0.3642054498 0.9295805693 -0.0568712316 0.7845889926 -0.2733516693 0.5565060377
-326.4 146.3 2344.7 -0.8425523639 -0.2473030686 -0.4784837663 -0.0669958368 0.9295805693 -0.3624796569 0.5344315171 -0.2733516693 -0.7997885942
56.3 213.1 2577.1 0.0607289188 0.8069385290 0.5875050426 -0.7557139993 0.4216888845 -0.5010737181 -0.6520800591 -0.4135560989 0.6354234815
71.1 28.9 2418.1 -0.5460993052 0.8069385290 0.2250016183 0.2659429610 0.4216888845 -0.8668637872 -0.7943865061 -0.4135560989 -0.4448836446
-187.9 -158.2 2520.8 0.9778146148 -0.0303104501 0.2072676420 0.0240090601 0.9991718531 0.0328509435 -0.2080917209 -0.0271458328 0.9777325392
-176.1 -546.1 2531.4 0.9780630469 0.0136607643 0.2078607827 -0.0164659433 0.9997951388 0.0117711695 -0.2076573968 -0.0149355689 0.9780876040
-13.0 -170.0 2557.7 0.9564865232 0.0294085275 0.2902905643 -0.0180561617 0.9989666343 -0.0417087637 -0.2912172079 0.0346523374 0.9560291767
-24.4 -557.8 2544.3 0.9544230700 -0.0628406927 0.2917664349 0.0450059660 0.9967072010 0.0674479231 -0.2950441837 -0.0512426235 0.9541085362
-114.5 163.1 2210.2 0 0 0 0 0 0 0 0 0
-67.1 96.2 2217.2 0 0 0 0 0 0 0 0 0
-179.8 -819.5 2535.5 0 0 0 0 0 0 0 0 0
-7.6 -824.4 2558.0 0 0 0 0 0 0 0 0 0
-63.7 414.5 2558.8 4 0.9762828350 0.0656782091 -0.2062964737 -0.0711831227 0.9972752333 -0.0193682872 0.2044622749 0.0335937515 0.9782978296
-76.6 219.0 2552.3 0.9762828350 0.0656782091 -0.2062964737 -0.0711831227 0.9972752333 -0.0193682872 0.2044622749 0.0335937515 0.9782978296
-89.0 25.4 2547.4 0.9764969349 0.0641707256 -0.2057568580 -0.0678938031 0.9976310730 -0.0110780392 0.2045585364 0.0247872863 0.9785404205
-210.0 228.3 2524.3 0.4741801023 -0.1597797424 -0.8658080697 0.2947563827 0.9554563761 -0.0148935542 0.8296215534 -0.2481402308 0.5001544952
-322.0 158.7 2328.5 -0.8825541139 -0.1597797424 -0.4422314763 -0.0256524533 0.9554563761 -0.2940154672 0.4695105851 -0.2481402308 -0.8473407030
56.8 209.7 2580.2 0.0776029453 0.7652556896 0.6390316486 -0.7228831649 0.4846058786 -0.4925414324 -0.6865986586 -0.4237225652 0.5907973051
75.8 32.8 2412.2 -0.5876595974 0.7652556896 0.2627543509 0.2572425306 0.4846058786 -0.8360522985 -0.7671260834 -0.4237225652 -0.4816396236
-188.1 -160.5 2527.6 0.9805970788 -0.0230037142 0.1946798414 0.0202459134 0.9996646643 0.0161440354 -0.1949859262 -0.0118893236 0.9807339907
-179.2 -548.5 2532.2 0.9808434844 0.0020014073 0.1947872639 -0.0043001673 0.9999260306 0.0113792438 -0.1947500855 -0.0119988751 0.9807795286
-12.6 -171.4 2562.0 0.9603003263 0.0294139367 0.2774133086 -0.0158121660 0.9985662103 -0.0511415042 -0.2785198390 0.0447246991 0.9593885541
-24.1 -559.1 2544.7 0.9584171772 -0.0601235181 0.2789654136 0.0453854315 0.9972258210 0.0589985251 -0.2817386985 -0.0438842326 0.9584870934
-101.2 165.1 2211.0 0 0 0 0 0 0 0 0 0
-71.7 97.4 2219.7 0 0 0 0 0 0 0 0 0
-179.7 -823.1 2535.5 0 0 0 0 0 0 0 0 0
-8.1 -822.8 2556.3 0 0 0 0 0 0 0 0 0
-63.0 415.8 2569.4 5 0.9716911912 0.0662090480 -0.2267874479 -0.0784669816 0.9958797097 -0.0454585403 0.2228432596 0.0619669892 0.9728828073
-75.9 220.7 2557.3 0.9716911912 0.0662090480 -0.2267874479 -0.0784669816 0.9958797097 -0.0454585403 0.2228432596 0.0619669892 0.9728828073
-88.4 27.3 2548.4 0.9720320702 0.0646640435 -0.2257702947 -0.0732770339 0.9968611598 -0.0299709309 0.2231236100 0.0456764847 0.9737194180
-208.7 230.8 2526.8 0.4646801949 -0.0801343918 -0.8818451166 0.2385901511 0.9703944325 0.0375419147 0.8527292013 -0.2278445363 0.4700423479
-321.4 172.9 2320.0 -0.9053235054 -0.0801343918 -0.4170944691 0.0247921608 0.9703944325 -0.2402498722 0.4239984155 -0.2278445363 -0.8765342236
56.8 210.7 2587.7 0.0999156758 0.7221698761 0.6844614744 -0.7001017928 0.5398323536 -0.4673740864 -0.7070179582 -0.4324946702 0.5595301390
82.1 34.1 2409.4 -0.6315850616 0.7221698761 0.2820831537 0.2596280873 0.5398323536 -0.8007335663 -0.7305433154 -0.4324946702 -0.5284456611
-189.0 -162.2 2524.3 0.9843625426 -0.0290007815 0.1737506390 0.0243719891 0.9992904663 0.0287154689 -0.1744601279 -0.0240317825 0.9843709469
-177.7 -550.1 2533.6 0.9846727252 0.0065370789 0.1742898077 -0.0082247211 0.9999260306 0.0089624487 -0.1742183268 -0.0102585638 0.9846535921
-14.0 -174.3 2560.9 0.9656690359 0.0265107527 0.2584191859 -0.0159396585 0.9989514947 -0.0429167822 -0.2592860162 0.0373242944 0.9650790691
-24.3 -562.2 2546.5 0.9633647799 -0.0666723773 0.2597750127 0.0535366014 0.9969190955 0.0573253371 -0.2627966702 -0.0413177423 0.9639661312
-92.9 166.7 2213.0 0 0 0 0 0 0 0 0 0
-74.8 98.6 2227.9 0 0 0 0 0 0 0 0 0
-179.5 -824.0 2536.4 0 0 0 0 0 0 0 0 0
-7.1 -819.6 2557.1 0 0 0 0 0 0 0 0 0
-61.5 413.5 2566.2 6 0.9739384651 0.0690762773 -0.2160378695 -0.0783003196 0.9963353872 -0.0344224647 0.2128683925 0.0504411943 0.9757780433
-75.0 218.9 2556.3 0.9739384651 0.0690762773 -0.2160378695 -0.0783003196 0.9963353872 -0.0344224647 0.2128683925 0.0504411943 0.9757780433
-88.2 25.4 2548.9 0.9741811156 0.0681693628 -0.2152303308 -0.0747760087 0.9969421029 -0.0226941686 0.2130251229 0.0382022969 0.9762995839
-208.1 229.1 2527.2 0.4706851840 -0.0190321542 -0.8820959330 0.1868610531 0.9792385101 0.0785806924 0.8622867465 -0.2018161416 0.4644694030
-323.4 183.3 2316.0 -0.9214925170 -0.0190321542 -0.3879295588 0.0611387230 0.9792385101 -0.1932719201 0.3835539520 -0.2018161416 -0.9011973143
58.1 208.6 2585.4 0.1344415843 0.6896694899 0.7115346193 -0.6946273446 0.5776855946 -0.4286865592 -0.7066953182 -0.4366180897 0.5567282438
91.7 35.2 2408.9 -0.6648702025 0.6896694899 0.2868861258 0.2662936449 0.5776855946 -0.7716003060 -0.6978791952 -0.4366180897 -0.5677405596
-188.0 -159.6 2519.6 0.9824020863 -0.0283962674 0.1846072227 0.0226726010 0.9991967678 0.0330423042 -0.1853972226 -0.0282752998 0.9822567701
-177.0 -547.5 2530.5 0.9827193022 0.0112243379 0.1847615093 -0.0165886525 0.9994837642 0.0275135562 -0.1843573153 -0.0301030464 0.9823982120
-13.9 -172.8 2559.5 0.9630598426 0.0186752006 0.2686390579 -0.0072102062 0.9990229607 -0.0436016098 -0.2691908479 0.0400540195 0.9622535706
-21.1 -560.6 2544.0 0.9622657895 -0.0412506983 0.2689664960 0.0219032876 0.9969773293 0.0745417178 -0.2712284029 -0.0658376887 0.9602606893
-89.0 167.8 2218.4 0 0 0 0 0 0 0 0 0
-74.9 101.9 2234.1 0 0 0 0 0 0 0 0 0
-180.1 -828.8 2539.0 0 0 0 0 0 0 0 0 0
-9.9 -831.7 2561.9 0 0 0 0 0 0 0 0 0
-60.7 411.9 2555.1 7 0.9799390435 0.0691301152 -0.1869237870 -0.0715898573 0.9974133968 -0.0064325128 0.1859956086 0.0196853168 0.9823533297
-74.2 216.4 2551.2 0.9799390435 0.0691301152 -0.1869237870 -0.0715898573 0.9974133968 -0.0064325128 0.1859956086 0.0196853168 0.9823533297
-87.9 22.9 2548.5 0.9798699617 0.0711729303 -0.1865189373 -0.0725723356 0.9973629117 -0.0006766297 0.1859789193 0.0141991237 0.9824511409
-208.0 226.4 2525.8 0.4722986519 0.0111272130 -0.8813683391 0.1558688134 0.9831078053 0.0959370509 0.8675476313 -0.1826887876 0.4625861049
-324.4 188.0 2312.1 -0.9273306727 0.0111272130 -0.3740774989 0.0784937814 0.9831078053 -0.1653412580 0.3659187257 -0.1826887876 -0.9125394821
59.6 206.5 2576.6 0.2207682878 0.6629078388 0.7154121399 -0.7309653759 0.5980797410 -0.3286187053 -0.6457174420 -0.4503929019 0.6165997386
112.8 30.3 2421.0 -0.6864911318 0.6629078388 0.2988027930 0.2454641014 0.5980797410 -0.7629206777 -0.6844540238 -0.4503929019 -0.5732965469
-188.6 -161.4 2522.4 0.9762474298 -0.0324397683 0.2142162472 0.0271105710 0.9992466569 0.0277696345 -0.2149557024 -0.0213025082 0.9763914347
-176.0 -549.3 2530.7 0.9765978456 0.0192470457 0.2142105550 -0.0258235019 0.9992758632 0.0279447902 -0.2135175765 -0.0328224897 0.9763876796
-14.1 -174.8 2560.6 0.9549147487 0.0212128684 0.2961213887 -0.0068356716 0.9987505674 -0.0495029464 -0.2968015075 0.0452469029 0.9538666606
-22.3 -562.6 2543.0 0.9537144899 -0.0505402759 0.2964360118 0.0289986227 0.9966382980 0.0766235068 -0.2993120551 -0.0644807145 0.9519740343
-86.6 167.9 2218.2 0 0 0 0 0 0 0 0 0
-60.2 92.2 2248.5 0 0 0 0 0 0 0 0 0
-181.4 -825.7 2539.8 0 0 0 0 0 0 0 0 0
-9.1 -824.4 2560.0 0 0 0 0 0 0 0 0 0
-60.9 413.2 2550.0 8 0.9797086120 0.0698320791 -0.1878683567 -0.0697304159 0.9975401759 0.0071583036 0.1879061162 0.0060870866 0.9821681380
-74.6 217.4 2548.8 0.9797086120 0.0698320791 -0.1878683567 -0.0697304159 0.9975401759 0.0071583036 0.1879061162 0.0060870866 0.9821681380
-88.5 23.9 2548.6 0.9796061516 0.0722254068 -0.1874973029 -0.0711689666 0.9973875880 0.0123690935 0.1879008412 0.0012271475 0.9821872115
-208.4 227.2 2523.2 0.4688070714 0.0440821722 -0.8821999431 0.1518713236 0.9798578620 0.1296674460 0.8701465726 -0.1947698742 0.4526694715
-324.2 189.7 2308.1 -0.9338684678 0.0440821722 -0.3548893631 0.1096726358 0.9798578620 -0.1668845564 0.3403845131 -0.1947698742 -0.9198929667
59.3 207.7 2574.5 0.2088236362 0.6596719623 0.7219595313 -0.7407098413 0.5887134671 -0.3236747086 -0.6385464668 -0.4671716392 0.6115628481
109.2 30.4 2421.6 -0.6868178248 0.6596719623 0.3051460981 0.2198445946 0.5887134671 -0.7778719664 -0.6927839518 -0.4671716392 -0.5493642688
-189.4 -164.1 2529.1 0.9761469364 -0.0342047028 0.2143996507 0.0337034836 0.9994139075 0.0059939725 -0.2144790143 0.0013750171 0.9767276049
-176.1 -552.0 2528.5 0.9767554998 0.0169850383 0.2136823833 -0.0230075475 0.9994041324 0.0257289819 -0.2131180465 -0.0300472323 0.9765642881
-13.9 -177.2 2562.4 0.9552879333 0.0213489197 0.2949054539 -0.0077778059 0.9988591671 -0.0471151695 -0.2955748737 0.0427148342 0.9543641210
-22.2 -565.0 2545.8 0.9537835121 -0.0559791140 0.2952343524 0.0337752551 0.9962399602 0.0797818676 -0.2985903919 -0.0661230162 0.9520879984
-84.0 161.4 2220.6 0 0 0 0 0 0 0 0 0
-64.1 85.9 2246.8 0 0 0 0 0 0 0 0 0
-180.7 -821.5 2536.6 0 0 0 0 0 0 0 0 0
-7.4 -828.3 2563.3 0 0 0 0 0 0 0 0 0
-58.2 414.1 2556.5 9 0.9759293199 0.0749333054 -0.2048096359 -0.0789532810 0.9968118072 -0.0115151443 0.2032938004 0.0274083596 0.9787340760
-72.9 218.5 2551.1 0.9759293199 0.0749333054 -0.2048096359 -0.0789532810 0.9968118072 -0.0115151443 0.2032938004 0.0274083596 0.9787340760
-87.5 25.0 2547.9 0.9760902524 0.0750249103 -0.2040076405 -0.0768135563 0.9970450997 -0.0008516420 0.2033409178 0.0165018328 0.9789689183
-206.3 229.0 2523.3 0.4688518941 0.0455010235 -0.8821040392 0.1647384912 0.9766443372 0.1379386783 0.8677783012 -0.2099892944 0.4504057765
-323.0 188.0 2307.3 -0.9313581586 0.0455010235 -0.3612501323 0.1174898967 0.9766443372 -0.1798943430 0.3446275294 -0.2099892944 -0.9149515629
60.4 207.9 2578.9 0.1681234688 0.6643192768 0.7282955050 -0.7261362672 0.5831218958 -0.3642732501 -0.6666787863 -0.4675989151 0.5804228187
101.2 31.5 2416.9 -0.6757584810 0.6643192768 0.3194219768 0.2012124509 0.5831218958 -0.7870720625 -0.7091290951 -0.4675989151 -0.5277188420
-190.3 -163.3 2531.5 0.9796758890 -0.0335989036 0.1977530420 0.0350269563 0.9993793964 -0.0037269315 -0.1975051016 0.0105778724 0.9802448153
-177.2 -551.2 2527.4 0.9804226756 0.0113725457 0.1965759397 -0.0172618143 0.9994512200 0.0282718688 -0.1961465329 -0.0311116390 0.9800809026
-14.8 -176.1 2565.2 0.9601914287 0.0177584775 0.2787778378 -0.0027821562 0.9985356927 -0.0540253520 -0.2793290317 0.0510990769 0.9588348269
-21.7 -563.7 2545.4 0.9586581588 -0.0568295419 0.2788278759 0.0386604667 0.9967808127 0.0702384040 -0.2819218934 -0.0565550029 0.9577690959
-82.3 157.6 2218.3 0 0 0 0 0 0 0 0 0
-68.1 82.0 2239.3 0 0 0 0 0 0 0 0 0
-180.3 -820.4 2535.8 0 0 0 0 0 0 0 0 0
-6.8 -825.0 2560.2 0 0 0 0 0 0 0 0 0
-57.2 414.3 2550.7 0 0.9782655239 0.0752400383 -0.1932238936 -0.0763098747 0.9970822930 0.0019107055 0.1928038895 0.0128757134 0.9811528325
-72.0 218.3 2548.2 0.9782655239 0.0752400383 -0.1932238936 -0.0763098747 0.9970822930 0.0019107055 0.1928038895 0.0128757134 0.9811528325
-86.6 24.7 2547.3 0.9783568382 0.0756180882 -0.1926132292 -0.0751033202 0.9971258044 0.0099832173 0.1928145289 0.0046987445 0.9812240005
-205.6 228.5 2521.9 0.4699540734 0.0298485756 -0.8821860552 0.1787981093 0.9754906893 0.1282540262 0.8643925190 -0.2180067003 0.4530989826
-322.0 184.3 2307.9 -0.9265152812 0.0298485756 -0.3750713170 0.1088423878 0.9754906893 -0.1912359744 0.3601704538 -0.2180067003 -0.9070558548
61.7 208.0 2574.5 0.1805290580 0.6965911984 0.6943845749 -0.7527359128 0.5522640944 -0.3583196104 -0.6330859661 -0.4580011368 0.6240489483
104.6 28.9 2423.9 -0.6472058296 0.6965911984 0.3096535206 0.2081742436 0.5522640944 -0.8072594404 -0.7333403826 -0.4580011368 -0.5024409294
-189.4 -161.6 2526.5 0.9775540233 -0.0266221277 0.2089961171 0.0247596707 0.9996269941 0.0115230950 -0.2092249244 -0.0060897735 0.9778485894
-179.1 -549.6 2528.9 0.9780104160 0.0060198344 0.2084690481 -0.0125411833 0.9994719625 0.0299744830 -0.2081785351 -0.0319298059 0.9775695205
-14.6 -175.4 2562.9 0.9568329453 0.0229145586 0.2897337377 -0.0085151773 0.9986693859 -0.0508620963 -0.2905136943 0.0461993963 0.9557548761
-23.5 -563.1 2545.0 0.9547741413 -0.0637806207 0.2904107273 0.0460246280 0.9966521859 0.0675731525 -0.2937483490 -0.0511510521 0.9545131922
-80.8 155.9 2214.1 0 0 0 0 0 0 0 0 0
-58.5 81.4 2239.1 0 0 0 0 0 0 0 0 0
-180.7 -825.7 2537.7 0 0 0 0 0 0 0 0 0
-6.9 -821.7 2558.3 0 0 0 0 0 0 0 0 0
-59.1 411.4 2540.4 1 0.9747322202 0.0669738501 -0.2130999565 -0.0626366213 0.9976698160 0.0270476528 0.2144148797 -0.0130163571 0.9766559601
-72.2 215.1 2542.9 0.9747322202 0.0669738501 -0.2130999565 -0.0626366213 0.9976698160 0.0270476528 0.2144148797 -0.0130163571 0.9766559601
-85.4 21.5 2546.0 0.9747378230 0.0675136745 -0.2129039913 -0.0625538453 0.9975919724 0.0299548469 0.2144136727 -0.0158801582 0.9766138196
-205.4 223.6 2513.6 0.7641257048 -0.0760446712 -0.6405693889 0.1997642368 0.9721067548 0.1228929162 0.6133564711 -0.2218684852 0.7580027580
-348.2 186.3 2399.0 -0.7539969683 -0.0760446712 -0.6524613500 0.0895402730 0.9721067548 -0.2167739719 0.6507465839 -0.2218684852 -0.7261564732
60.9 206.6 2572.2 0.1142932251 0.7568488717 0.6435191035 -0.7437884808 0.4946037233 -0.4496063292 -0.6585710049 -0.4272551537 0.6194653511
88.4 27.8 2413.9 -0.6045565009 0.7568488717 0.2483771890 0.2813555300 0.4946037233 -0.8223176003 -0.7452183962 -0.4272551537 -0.5119594932
-188.9 -162.1 2529.1 0.9814264178 -0.0280661471 0.1897747815 0.0287124347 0.9995874763 -0.0006564186 -0.1896780729 0.0060931225 0.9818274379
-178.0 -550.1 2526.7 0.9820488095 0.0090063708 0.1884117275 -0.0171798412 0.9989785552 0.0417928994 -0.1878428757 -0.0442795493 0.9812004566
-13.6 -175.5 2563.6 0.9625130296 0.0280551240 0.2697805166 -0.0140050231 0.9984500408 -0.0538646095 -0.2708735466 0.0480671078 0.9614140987
-24.5 -563.2 2545.0 0.9597434998 -0.0730338693 0.2712167203 0.0584693402 0.9963986278 0.0614094920 -0.2747249305 -0.0430794992 0.9605573416
-163.1 164.3 2239.2 0 0 0 0 0 0 0 0 0
-63.5 98.5 2226.7 0 0 0 0 0 0 0 0 0
-180.5 -825.2 2538.9 0 0 0 0 0 0 0 0 0
-5.6 -821.2 2556.1 0 0 0 0 0 0 0 0 0
-59.7 411.5 2551.7 2 0.9780505896 0.0628810078 -0.1986531019 -0.0655896217 0.9978215694 -0.0070773377 0.1977753192 0.0199515764 0.9800443053
-72.0 215.9 2547.7 0.9780505896 0.0628810078 -0.1986531019 -0.0655896217 0.9978215694 -0.0070773377 0.1977753192 0.0199515764 0.9800443053
-84.2 22.3 2545.5 0.9781848788 0.0623704046 -0.1981521249 -0.0634494200 0.9979846478 0.0009055836 0.1978092492 0.0116868084 0.9801708460
-205.6 224.5 2520.7 0.9294639826 -0.2188608795 -0.2969791293 0.2687596977 0.9531686306 0.1387005150 0.2527150512 -0.2087331563 0.9447568655
-352.1 182.2 2480.9 -0.4705521762 -0.2188608795 -0.8547985554 0.0843002796 0.9531686306 -0.2904532254 0.8783360124 -0.2087331563 -0.4300655425
61.6 207.3 2574.8 0.0102219107 0.7875614166 0.6161513925 -0.6912087798 0.4508320093 -0.5647839904 -0.7225828767 -0.4201160669 0.5489777327
64.1 35.6 2395.3 -0.5916954875 0.7875614166 0.1721727550 0.3627510369 0.4508320093 -0.8155747652 -0.7199361920 -0.4201160669 -0.5524439812
-185.8 -166.5 2529.9 0.9787018299 -0.0229264349 0.2040028423 0.0239511877 0.9997098446 -0.0025552912 -0.2038850784 0.0073869782 0.9789669514
-176.9 -554.6 2527.1 0.9791171551 0.0128884325 0.2028878778 -0.0211376641 0.9990332723 0.0385448188 -0.2021949589 -0.0420284718 0.9784430265
-11.2 -177.7 2568.3 0.9579508901 0.0325403623 0.2850810885 -0.0146576026 0.9978010058 -0.0646396503 -0.2865575850 0.0577430092 0.9563213587
-23.8 -565.0 2545.9 0.9558200240 -0.0640428737 0.2868913412 0.0470383465 0.9967245460 0.0657841712 -0.2901646495 -0.0493829325 0.9557017088
-242.2 162.4 2275.6 0 0 0 0 0 0 0 0 0
-83.2 126.0 2216.1 0 0 0 0 0 0 0 0 0
-180.3 -821.0 2538.3 0 0 0 0 0 0 0 0 0
-7.3 -822.5 2558.6 0 0 0 0 0 0 0 0 0
-60.0 418.6 2573.3 3 0.9694818854 0.0595141836 -0.2378296852 -0.0751435533 0.9955312610 -0.0571925603 0.2333631068 0.0733185187 0.9696215987
-71.6 223.3 2558.9 0.9694818854 0.0595141836 -0.2378296852 -0.0751435533 0.9955312610 -0.0571925603 0.2333631068 0.0733185187 0.9696215987
-83.1 30.1 2548.2 0.9697291851 0.0595855080 -0.2368012816 -0.0710064843 0.9966738820 -0.0399902500 0.2336308062 0.0555941425 0.9707347155
-204.0 233.1 2527.1 0.9423819184 -0.3223150969 -0.0896063223 0.3329441845 0.9297420382 0.1572512090 0.0326263234 -0.1780245900 0.9834849834
-354.1 180.1 2521.9 -0.3017324805 -0.3223150969 -0.8972572088 0.0773493052 0.9297420382 -0.3599956334 0.9502497315 -0.1780245900 -0.2556025386
60.7 213.6 2590.8 -0.0498810373 0.7706257105 0.6353329420 -0.6286159158 0.4700970650 -0.6195569038 -0.7761146426 -0.4302845299 0.4609786570
46.8 38.1 2374.2 -0.6279906034 0.7706257105 0.1084610373 0.4452507198 0.4700970650 -0.7620764375 -0.6382629275 -0.4302845299 -0.6383382082
-184.0 -165.7 2525.5 0.9863554239 -0.0156385526 0.1638855040 0.0132699441 0.9997912049 0.0155377127 -0.1640942693 -0.0131509556 0.9863569736
-177.9 -553.7 2530.6 0.9865033031 0.0053430283 0.1636541635 -0.0102789300 0.9995169640 0.0293286163 -0.1634184122 -0.0306149665 0.9860817194
-8.7 -177.0 2560.9 0.9678041339 0.0346615277 0.2493065596 -0.0266671125 0.9990183115 -0.0353739634 -0.2502879202 0.0275867824 0.9677783251
-22.2 -564.7 2550.2 0.9663339257 -0.0553787537 0.2512606084 0.0459295176 0.9980048537 0.0433216020 -0.2531583905 -0.0303228553 0.9669495225
-281.7 161.5 2293.8 0 0 0 0 0 0 0 0 0
-108.6 148.3 2216.2 0 0 0 0 0 0 0 0 0
-179.3 -820.0 2538.8 0 0 0 0 0 0 0 0 0
-7.6 -827.1 2558.2 0 0 0 0 0 0 0 0 0
-59.9 418.5 2586.6 4 0.9671735764 0.0555688515 -0.2479664683 -0.0804354548 0.9925696850 -0.0912989900 0.2410506308 0.1082472727 0.9644569159
-70.8 224.6 2565.5 0.9671735764 0.0555688515 -0.2479664683 -0.0804354548 0.9925696850 -0.0912989900 0.2410506308 0.1082472727 0.9644569159
-81.3 31.8 2547.7 0.9674648046 0.0543855280 -0.2470911294 -0.0751726553 0.9943096042 -0.0754816532 0.2415799797 0.0916003436 0.9660478830
-202.9 234.9 2532.5 0.8313458562 -0.1245930269 -0.5416092873 0.2689643800 0.9430140257 0.1959151477 0.4863354564 -0.3085468709 0.8174818754
-355.7 185.5 2443.1 -0.5344319940 -0.1245930269 -0.8359778523 0.1982234567 0.9430140257 -0.2672677636 0.8216385245 -0.3085468709 -0.4792796075
61.3 214.3 2598.5 -0.0900968984 0.7383868694 0.6683317423 -0.5879056454 0.5022351742 -0.6341346502 -0.8038964868 -0.4500495791 0.3888519704
35.0 42.6 2363.7 -0.6705397367 0.7383868694 0.0718418583 0.4756824672 0.5022351742 -0.7221398950 -0.5693001151 -0.4500495791 -0.6880063415
-181.3 -156.7 2516.5 0.9883145094 -0.0063412297 0.1522966325 -0.0005431424 0.9989814162 0.0451196209 -0.1524276137 -0.0446750931 0.9873043895
-178.8 -544.3 2533.8 0.9883137941 -0.0011823665 0.1524283588 0.0003850723 0.9999861121 0.0052600303 -0.1524324566 -0.0051398645 0.9883005023
-7.7 -169.6 2558.3 0.9700484872 0.0367477648 0.2401156276 -0.0291716289 0.9989603758 -0.0350317247 -0.2411533296 0.0269779079 0.9701119661
-21.9 -557.3 2547.8 0.9685755372 -0.0562755167 0.2422695160 0.0469581634 0.9979243279 0.0440673716 -0.2442465574 -0.0313060470 0.9692077041
-229.1 138.5 2248.4 0 0 0 0 0 0 0 0 0
-132.6 161.5 2221.4 0 0 0 0 0 0 0 0 0
-178.5 -822.8 2535.3 0 0 0 0 0 0 0 0 0
-6.8 -826.0 2556.2 0 0 0 0 0 0 0 0 0
-60.1 414.6 2565.8 5 0.9761558175 0.0535794497 -0.2103545815 -0.0643947423 0.9969138503 -0.0449013710 0.2072996050 0.0573764630 0.9765934944
-70.6 219.0 2554.5 0.9761558175 0.0535794497 -0.2103545815 -0.0643947423 0.9969138503 -0.0449013710 0.2072996050 0.0573764630 0.9765934944
-81.1 25.7 2545.0 0.9761406779 0.0555748977 -0.2099065483 -0.0646709949 0.9972309470 -0.0367162600 0.2072848082 0.0494151004 0.9770318270
-203.8 228.0 2526.3 0.7245624065 0.0100274617 -0.6891362667 0.2244265676 0.9419648051 0.2496698946 0.6516456604 -0.3355619013 0.6802618504
-350.3 182.6 2394.6 -0.7245296240 0.0100274617 -0.6891707182 0.2381269485 0.9419648051 -0.2366387546 0.6468017101 -0.3355619013 -0.6848691702
62.7 210.1 2582.8 -0.1131814718 0.7836905718 0.6107528210 -0.5968141556 0.4378273189 -0.6723987460 -0.7943568826 -0.4406090081 0.4181636870
31.2 44.0 2361.8 -0.6179459095 0.7836905718 0.0630230606 0.4775736034 0.4378273189 -0.7617287636 -0.6245528460 -0.4406090081 -0.6448235512
-178.3 -154.2 2508.4 0.9817867875 -0.0039788135 0.1899442822 -0.0064840158 0.9984965324 0.0544304475 -0.1898752749 -0.0546706989 0.9802849293
-176.8 -541.7 2529.6 0.9817050695 0.0128567750 0.1899732649 -0.0173394624 0.9996086359 0.0219530612 -0.1896166652 -0.0248454660 0.9815437794
-5.1 -167.7 2551.6 0.9599390626 0.0490988456 0.2758736312 -0.0445993803 0.9987500906 -0.0225639194 -0.2766366601 0.0093561960 0.9609290361
-24.1 -555.4 2548.0 0.9579514265 -0.0688033327 0.2785590887 0.0585654527 0.9972724319 0.0449197590 -0.2808899283 -0.0267170053 0.9593680501
-178.1 126.0 2240.9 0 0 0 0 0 0 0 0 0
-124.1 164.1 2204.9 0 0 0 0 0 0 0 0 0
-180.4 -824.0 2536.6 0 0 0 0 0 0 0 0 0
-5.5 -825.9 2555.2 0 0 0 0 0 0 0 0 0
-61.9 410.1 2547.4 6 0.9713053107 0.0507328063 -0.2323620468 -0.0519776531 0.9986479282 0.0007662255 0.2320867628 0.0113333957 0.9726290703
-71.9 214.0 2545.2 0.9713053107 0.0507328063 -0.2323620468 -0.0519776531 0.9986479282 0.0007662255 0.2320867628 0.0113333957 0.9726290703
-81.1 20.4 2543.4 0.9714795947 0.0475400351 -0.2323086411 -0.0484353490 0.9988245964 0.0018518599 0.2321236283 0.0094529055 0.9726403356
-204.5 220.6 2513.5 0.6872994304 -0.0241281558 -0.7259733677 0.2258654982 0.9570010900 0.1820267290 0.6903653145 -0.2890791893 0.6631959677
-344.6 174.6 2372.9 -0.8093515635 -0.0241281558 -0.5868286490 0.1510394067 0.9570010900 -0.2476611584 0.5675712228 -0.2890791893 -0.7709060311
60.8 207.4 2576.8 -0.1425891966 0.8382958174 0.5262398720 -0.6199076176 0.3388427198 -0.7077429891 -0.7716105580 -0.4271366298 0.4713506997
22.9 42.9 2372.1 -0.5445734262 0.8382958174 0.0264552124 0.4823598564 0.3388427198 -0.8077837229 -0.6861258745 -0.4271366298 -0.5888850093
-179.1 -161.7 2516.9 0.9858998656 -0.0056638550 0.1672406048 0.0009552942 0.9996012449 0.0282214470 -0.1673337668 -0.0276637562 0.9855121374
-176.9 -549.6 2527.6 0.9858826995 0.0084730843 0.1672230810 -0.0138787683 0.9994173050 0.0311840344 -0.1668614149 -0.0330646485 0.9854257703
-4.3 -173.5 2553.9 0.9665771723 0.0512944274 0.2511921823 -0.0445330292 0.9984781146 -0.0325318836 -0.2524785697 0.0202582255 0.9673904181
-24.3 -561.0 2546.1 0.9647208452 -0.0660234019 0.2548618317 0.0523606427 0.9968221188 0.0600332506 -0.2580155134 -0.0445706025 0.9651121497
-147.6 137.9 2234.8 0 0 0 0 0 0 0 0 0
-113.1 163.4 2200.7 0 0 0 0 0 0 0 0 0
-179.2 -826.0 2536.8 0 0 0 0 0 0 0 0 0
-6.5 -829.6 2558.1 0 0 0 0 0 0 0 0 0
-63.5 411.0 2537.7 7 0.9709213972 0.0496578440 -0.2341917604 -0.0449266955 0.9986648560 0.0254973006 0.2351452112 -0.0142344125 0.9718559980
-73.3 214.2 2540.5 0.9709213972 0.0496578440 -0.2341917604 -0.0449266955 0.9986648560 0.0254973006 0.2351452112 -0.0142344125 0.9718559980
-81.7 20.5 2543.2 0.9712051153 0.0432791524 -0.2342808396 -0.0388275459 0.9989675879 0.0235826299 0.2350596040 -0.0138070220 0.9718828797
-205.9 219.5 2508.4 0.7053922415 -0.1471759379 -0.6933693290 0.2810335755 0.9561053514 0.0829618424 0.6507241726 -0.2533807158 0.7157906890
-351.2 161.7 2374.4 -0.8312678337 -0.1471759379 -0.5360345840 0.0192656927 0.9561053514 -0.2923890650 0.5555381775 -0.2533807158 -0.7919441462
59.4 208.9 2572.5 -0.1496537030 0.8655394316 0.4779594839 -0.6573898196 0.2739760876 -0.7019798756 -0.7385407090 -0.4192595780 0.5279952884
21.1 40.7 2383.6 -0.5008385181 0.8655394316 0.0015015750 0.4709661603 0.2739760876 -0.8385272622 -0.7261897922 -0.4192595780 -0.5448575616
-177.3 -168.8 2520.8 0.9862323999 -0.0028200580 0.1653412879 -0.0001600659 0.9998378158 0.0180079825 -0.1653652489 -0.0177865215 0.9860720038
-176.2 -556.9 2527.7 0.9861580133 0.0129932761 0.1652983576 -0.0180979520 0.9994034767 0.0294129718 -0.1648175865 -0.0319974013 0.9858049154
-3.3 -177.5 2562.3 0.9674845934 0.0523972549 0.2474432141 -0.0418834835 0.9979895353 -0.0475676358 -0.2494381368 0.0356571712 0.9677340388
-23.7 -564.9 2548.5 0.9655414224 -0.0671935380 0.2514255941 0.0558869094 0.9970898032 0.0518518016 -0.2541779876 -0.0360136591 0.9664866924
-152.6 157.1 2241.7 0 0 0 0 0 0 0 0 0
-106.0 160.2 2199.4 0 0 0 0 0 0 0 0 0
-179.7 -824.4 2536.3 0 0 0 0 0 0 0 0 0
-6.1 -825.0 2557.8 0 0 0 0 0 0 0 0 0
-61.8 410.4 2534.8 8 0.9693387151 0.0566779263 -0.2391026467 -0.0504475757 0.9982106686 0.0321022011 0.2404942960 -0.0190557577 0.9704634547
-72.9 213.7 2538.6 0.9693387151 0.0566779263 -0.2391026467 -0.0504475757 0.9982106686 0.0321022011 0.2404942960 -0.0190557577 0.9704634547
-82.7 19.9 2542.0 0.9696488380 0.0504139513 -0.2392478883 -0.0446650088 0.9985694885 0.0293940324 0.2403875142 -0.0178158805 0.9705134630
-205.4 219.8 2505.8 0.7193275690 -0.2046967596 -0.6638275981 0.3103773594 0.9496174455 0.0435043350 0.6214770675 -0.2373309135 0.7466192842
-355.4 155.0 2376.1 -0.8445957899 -0.2046967596 -0.4947293699 -0.0488060229 0.9496174455 -0.3095879555 0.5331752896 -0.2373309135 -0.8120333552
59.5 207.6 2571.4 -0.1466055959 0.8764165640 0.4586946964 -0.6870391965 0.2433978021 -0.6846419573 -0.7116768360 -0.4155136049 0.5664490461
22.9 36.1 2393.8 -0.4813201725 0.8764165640 -0.0149978753 0.4696369469 0.2433978021 -0.8486452103 -0.7401162386 -0.4155136049 -0.5287498832
