-72.3 418.1 2543.9 9 0.9805622101 0.0360301174 -0.1928719580 -0.0370963551 0.9993098378 -0.0019185230 0.1926697195 0.0090360772 0.9812220335
-79.4 221.6 2542.2 0.9805622101 0.0360301174 -0.1928719580 -0.0370963551 0.9993098378 -0.0019185230 0.1926697195 0.0090360772 0.9812220335
-85.5 27.6 2540.5 0.9807209969 0.0313269235 -0.1928859055 -0.0323846340 0.9994727373 -0.0023323745 0.1927111447 0.0085339481 0.9812183976
-213.4 226.0 2515.8 0.6189417243 -0.2058013827 -0.7579953671 0.3535293341 0.9347730279 0.0348768160 0.7013759017 -0.2895603180 0.6513268352
-352.0 146.8 2358.7 -0.8646717668 -0.2058013827 -0.4582450688 -0.0351423100 0.9347730279 -0.3535030484 0.5011065602 -0.2895603180 -0.8155041933
54.6 217.1 2568.5 -0.0349087939 0.8861661553 0.4620507658 -0.7963650823 0.2546647191 -0.5485877395 -0.6038079262 -0.3871116340 0.6968217492
46.1 23.5 2421.7 -0.4551554024 0.8861661553 0.0868510753 0.3218126595 0.2546647191 -0.9119114280 -0.8302229643 -0.3871116340 -0.4010915160
-180.0 -163.8 2522.3 0.9784427285 -0.0106171928 0.2062453330 0.0098540187 0.9999402761 0.0047272122 -0.2062832117 -0.0025929611 0.9784889221
-175.8 -552.0 2523.3 0.9784443378 0.0182110928 0.2057063282 -0.0274173766 0.9987416267 0.0419928730 -0.2046827376 -0.0467276163 0.9777123928
-4.0 -170.2 2555.4 0.9563892484 0.0531176515 0.2872249186 -0.0388444886 0.9977210760 -0.0551698394 -0.2895008326 0.0416067354 0.9562730193
-24.6 -557.6 2539.2 0.9537938237 -0.0715431646 0.2918200791 0.0489361845 0.9952587485 0.0840549767 -0.2964500487 -0.0658905506 0.9527726769
-133.7 155.7 2232.2 0 0 0 0 0 0 0 0 0
-68.6 104.7 2212.4 0 0 0 0 0 0 0 0 0
-180.9 -828.4 2536.2 0 0 0 0 0 0 0 0 0
-5.4 -825.5 2557.0 0 0 0 0 0 0 0 0 0
-72.4 418.1 2545.0 0 0.9790449739 0.0372368433 -0.2002106905 -0.0388121307 0.9992387295 -0.0039474717 0.1999112815 0.0116353557 0.9797449112
-79.7 221.5 2542.7 0.9790449739 0.0372368433 -0.2002106905 -0.0388121307 0.9992387295 -0.0039474717 0.1999112815 0.0116353557 0.9797449112
-85.8 27.5 2540.7 0.9792556763 0.0312905088 -0.2001979202 -0.0326669440 0.9994599223 -0.0035748619 0.1999779344 0.0100405579 0.9797489643
-213.5 226.0 2515.3 0.6158080697 -0.2122553438 -0.7587674856 0.3558309972 0.9341464043 0.0274735168 0.7029685378 -0.2869113982 0.6507819295
-351.9 146.0 2357.3 -0.8610500693 -0.2122553438 -0.4621043801 -0.0399434455 0.9341464043 -0.3546477258 0.5069490075 -0.2869113982 -0.8128250241
54.1 217.0 2570.0 -0.0381547362 0.8856669068 0.4627508521 -0.7869238257 0.2587787807 -0.5601646900 -0.6158694029 -0.3855225742 0.6870787144
44.7 23.7 2418.7 -0.4583596587 0.8856669068 0.0741657540 0.3546465039 0.2587787807 -0.8984761238 -0.8149431348 -0.3855225742 -0.4327124357
-179.4 -163.5 2521.6 0.9799712896 -0.0115233259 0.1988052130 0.0085261390 0.9998368025 0.0159255080 -0.1989562958 -0.0139114987 0.9799095988
-174.9 -551.7 2527.0 0.9798649549 0.0205001254 0.1986060739 -0.0272255093 0.9991425872 0.0311912615 -0.1977963597 -0.0359703749 0.9795829654
-3.7 -169.4 2556.1 0.9582370520 0.0556029826 0.2805174589 -0.0437270850 0.9978693128 -0.0484233536 -0.2826122344 0.0341348387 0.9586266875
-25.3 -556.8 2542.9 0.9555135965 -0.0753950030 0.2851479948 0.0573902950 0.9958245754 0.0709911659 -0.2893097699 -0.0514682941 0.9558508396
-134.7 156.1 2229.4 0 0 0 0 0 0 0 0 0
-70.5 112.8 2214.0 0 0 0 0 0 0 0 0 0
-180.6 -827.3 2536.9 0 0 0 0 0 0 0 0 0
-5.0 -824.1 2556.7 0 0 0 0 0 0 0 0 0
-73.1 414.8 2546.5 1 0.9785131812 0.0344567858 -0.2032848448 -0.0371925235 0.9992614985 -0.0096516339 0.2028021663 0.0170049276 0.9790720940
-79.9 218.2 2543.1 0.9785131812 0.0344567858 -0.2032848448 -0.0371925235 0.9992614985 -0.0096516339 0.2028021663 0.0170049276 0.9790720940
-85.7 24.2 2540.2 0.9786654711 0.0300746486 -0.2032472044 -0.0324752256 0.9994364977 -0.0084856311 0.2028774768 0.0149050932 0.9790906906
-213.6 222.7 2515.4 0.5906365514 -0.1946299821 -0.7831140757 0.3396206498 0.9402944446 0.0224525109 0.7319878936 -0.2792229950 0.6214726567
-344.0 147.7 2353.8 -0.8638272285 -0.1946299821 -0.4646736979 -0.0294568613 0.9402944446 -0.3390849531 0.5029262304 -0.2792229950 -0.8179851770
53.8 213.8 2570.8 -0.0520692915 0.8953120112 0.4423858523 -0.7806766033 0.2397574633 -0.5771138668 -0.6227622628 -0.3754101992 0.6864650846
41.3 26.0 2421.0 -0.4396305382 0.8953120112 0.0717037767 0.3399504721 0.2397574633 -0.9093679190 -0.8313595057 -0.3754101992 -0.4097664356
-179.6 -163.6 2520.9 0.9806377292 -0.0103186006 0.1955585629 0.0052530468 0.9996375442 0.0264039822 -0.1957601309 -0.0248654634 0.9803364873
-175.6 -551.7 2530.5 0.9804762602 0.0195832923 0.1956599057 -0.0230480246 0.9996150136 0.0154466368 -0.1952820867 -0.0196546353 0.9805501699
-4.1 -169.5 2556.7 0.9590973854 0.0535985418 0.2779557109 -0.0425004400 0.9980459213 -0.0458049327 -0.2798676193 0.0321181528 0.9595012069
-24.9 -556.9 2544.2 0.9568485022 -0.0690850541 0.2822556198 0.0517720021 0.9963170886 0.0683517084 -0.2859381735 -0.0507892892 0.9569011331
-123.9 155.2 2225.7 0 0 0 0 0 0 0 0 0
-69.2 111.5 2212.1 0 0 0 0 0 0 0 0 0
-181.0 -825.2 2535.9 0 0 0 0 0 0 0 0 0
-6.4 -825.0 2557.9 0 0 0 0 0 0 0 0 0
-73.0 415.8 2547.2 2 0.9776847363 0.0353780165 -0.2070772797 -0.0380959250 0.9992321730 -0.0091509400 0.2065945417 0.0168355349 0.9782817960
-79.9 218.9 2543.9 0.9776847363 0.0353780165 -0.2070772797 -0.0380959250 0.9992321730 -0.0091509400 0.2065945417 0.0168355349 0.9782817960
-85.9 24.9 2541.0 0.9778534174 0.0305982511 -0.2070420980 -0.0329851173 0.9994231462 -0.0080853673 0.2066752762 0.0147356130 0.9782986045
-213.5 223.4 2515.7 0.5288812518 -0.1896117479 -0.8272436261 0.3451343179 0.9385370016 0.0055333693 0.7753495574 -0.2884366512 0.5618161559
-329.2 147.9 2346.1 -0.8720787168 -0.1896117479 -0.4511386454 -0.0260030199 0.9385370016 -0.3441978395 0.4886742532 -0.2884366512 -0.8234086037
53.7 214.4 2572.1 -0.0518673435 0.8983660340 0.4361745715 -0.7893342376 0.2306789309 -0.5689803958 -0.6117689610 -0.3737990260 0.6971463561
41.2 24.8 2425.2 -0.4334234595 0.8983660340 0.0712921172 0.3274163306 0.2306789309 -0.9162891507 -0.8396086097 -0.3737990260 -0.3941213787
-179.2 -166.9 2519.2 0.9813816547 -0.0113792541 0.1917303503 0.0055480381 0.9995063543 0.0309230871 -0.1919875890 -0.0292836241 0.9809603691
-174.8 -554.9 2530.5 0.9811848998 0.0213241633 0.1918891519 -0.0246131644 0.9995878935 0.0147725437 -0.1914950609 -0.0192175955 0.9813054204
-3.9 -172.7 2555.5 0.9601115584 0.0544564165 0.2742632329 -0.0438289754 0.9980370402 -0.0447337180 -0.2761608958 0.0309286825 0.9606136680
-25.0 -560.2 2543.5 0.9576237202 -0.0730907172 0.2785938084 0.0569761433 0.9962233901 0.0655182526 -0.2823304534 -0.0468686298 0.9581716061
-106.1 154.6 2221.1 0 0 0 0 0 0 0 0 0
-67.8 107.1 2214.0 0 0 0 0 0 0 0 0 0
-180.6 -827.2 2535.8 0 0 0 0 0 0 0 0 0
-5.6 -825.2 2556.0 0 0 0 0 0 0 0 0 0
-71.6 417.3 2546.1 3 0.9767293930 0.0404879488 -0.2106190473 -0.0425362587 0.9990813732 -0.0052020927 0.2102149427 0.0140399830 0.9775543809
-79.6 220.0 2543.3 0.9767293930 0.0404879488 -0.2106190473 -0.0425362587 0.9990813732 -0.0052020927 0.2102149427 0.0140399830 0.9775543809
-86.4 26.0 2541.1 0.9769430757 0.0352671072 -0.2105670720 -0.0369003639 0.9993116260 -0.0038311973 0.2102870047 0.0115128625 0.9775719047
-213.0 225.0 2514.6 0.6331771016 -0.2166575938 -0.7430654168 0.3686461747 0.9285566807 0.0433871150 0.6805782318 -0.3013999462 0.6678108573
-355.5 142.1 2361.5 -0.8721374273 -0.2166575938 -0.4386750162 -0.0453686044 0.9285566807 -0.3684075773 0.4871529341 -0.3013999462 -0.8196585178
53.9 215.0 2572.1 0.0269190334 0.8673618436 0.4969495535 -0.8015913963 0.3157558441 -0.5076903701 -0.5972659588 -0.3846839368 0.7037695646
60.4 21.6 2428.0 -0.4749560952 0.8673618436 0.1486613452 0.2942899764 0.3157558441 -0.9020485878 -0.8293431997 -0.3846839368 -0.4052260518
-179.4 -166.2 2519.7 0.9820525646 -0.0111462865 0.1882776469 0.0028851142 0.9990231991 0.0440948009 -0.1885852218 -0.0427602082 0.9811254740
-175.1 -554.0 2536.3 0.9818033576 0.0224440973 0.1885693669 -0.0238198992 0.9997035861 0.0050326916 -0.1884005219 -0.0094328169 0.9820469618
-4.2 -172.1 2556.7 0.9612613320 0.0541275851 0.2702717781 -0.0424297825 0.9978999496 -0.0489425994 -0.2723533213 0.0355790593 0.9615392685
-25.2 -559.5 2542.9 0.9586014748 -0.0744003952 0.2748595476 0.0562590659 0.9957205653 0.0733173788 -0.2791381776 -0.0548188016 0.9586849213
-131.9 153.8 2236.6 0 0 0 0 0 0 0 0 0
-59.4 95.9 2218.8 0 0 0 0 0 0 0 0 0
-181.3 -829.3 2538.9 0 0 0 0 0 0 0 0 0
-4.9 -831.8 2557.9 0 0 0 0 0 0 0 0 0
-71.6 417.9 2546.0 4 0.9767078161 0.0389286317 -0.2110128403 -0.0410150401 0.9991433024 -0.0055182986 0.2106172442 0.0140444655 0.9774677157
-79.3 220.5 2543.3 0.9767078161 0.0389286317 -0.2110128403 -0.0410150401 0.9991433024 -0.0055182986 0.2106172442 0.0140444655 0.9774677157
-86.1 26.5 2541.0 0.9768700004 0.0349112004 -0.2109650671 -0.0366260596 0.9993200898 -0.0042255106 0.2106741220 0.0118545946 0.9774844646
-212.8 225.5 2514.5 0.6137384176 -0.1990645826 -0.7640016079 0.3513735235 0.9354421496 0.0385313742 0.7070090771 -0.2920981050 0.6440628171
-350.5 146.6 2355.8 -0.8729470968 -0.1990645826 -0.4453500807 -0.0338082239 0.9354421496 -0.3518593907 0.4866419733 -0.2920981050 -0.8233214617
54.2 215.5 2572.0 0.0110012973 0.8619983792 0.5067915916 -0.7975038886 0.3133042753 -0.5155851245 -0.6032134891 -0.3984961510 0.6908938289
56.8 23.1 2426.6 -0.4882020652 0.8619983792 0.1364459693 0.3015053868 0.3133042753 -0.9005192518 -0.8189952970 -0.3984961510 -0.4128529429
-180.8 -164.7 2520.0 0.9820036888 -0.0169773642 0.1880972087 0.0120571572 0.9995553493 0.0272712335 -0.1884765625 -0.0245125331 0.9817717075
-174.2 -552.6 2529.5 0.9818454385 0.0242587533 0.1881250143 -0.0295969788 0.9992335439 0.0256185941 -0.1873593628 -0.0307214335 0.9818109274
-5.7 -171.3 2557.7 0.9616804123 0.0478797182 0.2699599266 -0.0362487324 0.9981937408 -0.0479091071 -0.2717661858 0.0362875424 0.9616789222
-24.3 -558.8 2543.6 0.9599292278 -0.0597479865 0.2737992406 0.0405557938 0.9963409305 0.0752327517 -0.2772924006 -0.0611139722 0.9588399529
-127.9 155.2 2231.7 0 0 0 0 0 0 0 0 0
-65.8 98.9 2220.9 0 0 0 0 0 0 0 0 0
-180.9 -830.6 2538.1 0 0 0 0 0 0 0 0 0
-8.1 -829.7 2560.2 0 0 0 0 0 0 0 0 0
-72.2 421.7 2546.5 5 0.9770565629 0.0386851244 -0.2094371170 -0.0399314202 0.9992009401 -0.0017238836 0.2092030644 0.0100474535 0.9778205752
-79.8 224.3 2544.5 0.9770565629 0.0386851244 -0.2094371170 -0.0399314202 0.9992009401 -0.0017238836 0.2092030644 0.0100474535 0.9778205752
-86.4 30.3 2542.7 0.9772231579 0.0341254696 -0.2094525397 -0.0353591815 0.9993723631 -0.0021473144 0.2092477977 0.0095044756 0.9778164625
-213.3 229.1 2515.9 0.5398223400 -0.1834593266 -0.8215439916 0.3534469306 0.9351615310 0.0234125499 0.7639811039 -0.3030108213 0.5696642399
-334.4 149.9 2344.6 -0.8820882440 -0.1834593266 -0.4338928759 -0.0205521677 0.9351615310 -0.3536247909 0.4706357121 -0.3030108213 -0.8286654949
53.7 219.5 2573.1 0.0263101943 0.8470964432 0.5307875276 -0.7958809137 0.3390361369 -0.5016254187 -0.6048812270 -0.4092458189 0.6831080317
60.2 22.4 2423.3 -0.5081496835 0.8470964432 0.1556004882 0.2912599742 0.3390361369 -0.8945513368 -0.8105254769 -0.4092458189 -0.4190063775
-180.4 -164.2 2519.8 0.9817311764 -0.0142855234 0.1897362173 0.0105662635 0.9997319579 0.0205994621 -0.1899796426 -0.0182183310 0.9816190004
-174.8 -552.3 2526.8 0.9816808701 0.0189331435 0.1895895600 -0.0251125153 0.9992270470 0.0302441139 -0.1888703853 -0.0344511382 0.9813975096
-5.3 -170.8 2557.5 0.9611724019 0.0500464141 0.2713724971 -0.0384909064 0.9981178045 -0.0477418378 -0.2732510269 0.0354427621 0.9612895846
-24.8 -558.3 2543.8 0.9590989351 -0.0654639080 0.2753974497 0.0475473404 0.9963249564 0.0712451115 -0.2790493369 -0.0552366897 0.9586867690
-110.1 155.1 2224.9 0 0 0 0 0 0 0 0 0
-67.5 95.6 2219.7 0 0 0 0 0 0 0 0 0
-180.0 -825.9 2536.3 0 0 0 0 0 0 0 0 0
-7.4 -823.5 2558.5 0 0 0 0 0 0 0 0 0
-70.6 422.6 2547.2 6 0.9778903127 0.0427347310 -0.2047052532 -0.0441081636 0.9990244508 -0.0021489698 0.2044137269 0.0111306300 0.9788212776
-79.1 225.5 2545.0 0.9778903127 0.0427347310 -0.2047052532 -0.0441081636 0.9990244508 -0.0021489698 0.2044137269 0.0111306300 0.9788212776
-86.4 31.5 2542.8 0.9780743718 0.0380535945 -0.2047497928 -0.0395564586 0.9992120266 -0.0032505263 0.2044647634 0.0112784328 0.9788089395
-212.7 230.9 2517.1 0.6175093055 -0.1424672604 -0.7735537291 0.3201729059 0.9438244700 0.0817598924 0.7184507847 -0.2981584370 0.6284345388
-356.9 156.1 2349.3 -0.9007316828 -0.1424672604 -0.4103480577 0.0012582083 0.9438244700 -0.3304448426 0.4343740940 -0.2981584370 -0.8499533534
54.6 220.1 2573.0 0.1194729656 0.8060678244 0.5796386003 -0.8213693500 0.4082174599 -0.3983853757 -0.5577442050 -0.4285010695 0.7108503580
84.1 17.2 2435.2 -0.5555771589 0.8060678244 0.2039329857 0.2724523246 0.4082174599 -0.8712796569 -0.7855594754 -0.4285010695 -0.4464113414
-180.6 -160.5 2522.1 0.9807932377 -0.0136535717 0.1945719272 0.0109166782 0.9998258948 0.0151316328 -0.1947446615 -0.0127169229 0.9807715416
-175.3 -548.7 2527.0 0.9807319641 0.0195719767 0.1943753362 -0.0255492739 0.9992731214 0.0282918587 -0.1936803311 -0.0327128768 0.9805191755
-5.5 -166.9 2559.6 0.9599922299 0.0491537750 0.2756789029 -0.0358204506 0.9979413748 -0.0531967916 -0.2777262032 0.0411935635 0.9597766399
-24.6 -554.3 2543.6 0.9581502080 -0.0616644174 0.2795454264 0.0453489386 0.9968888760 0.0644670725 -0.2826510668 -0.0490920506 0.9579657316
-128.3 155.8 2239.1 0 0 0 0 0 0 0 0 0
-56.0 85.9 2237.2 0 0 0 0 0 0 0 0 0
-180.8 -829.5 2536.2 0 0 0 0 0 0 0 0 0
-8.0 -822.6 2556.8 0 0 0 0 0 0 0 0 0
-72.5 418.2 2555.1 7 0.9799234271 0.0383552983 -0.1956500709 -0.0438606031 0.9987521768 -0.0238824114 0.1944899112 0.0319842659 0.9803829193
-80.0 221.2 2548.8 0.9799234271 0.0383552983 -0.1956500709 -0.0438606031 0.9987521768 -0.0238824114 0.1944899112 0.0319842659 0.9803829193
-86.8 27.3 2543.4 0.9800736308 0.0350284465 -0.1955216080 -0.0397716984 0.9990008473 -0.0203851927 0.1946121901 0.0277552158 0.9804875255
-213.9 226.6 2522.2 0.6541817784 -0.1241625324 -0.7460762858 0.2870109379 0.9534028172 0.0929937437 0.6997649074 -0.2749668658 0.6593347788
-368.5 158.8 2356.8 -0.8909207582 -0.1241625324 -0.4368567765 0.0148861837 0.9534028172 -0.3013328910 0.4539147019 -0.2749668658 -0.8475580215
53.9 215.7 2575.4 0.2156921327 0.7750751376 0.5939153433 -0.8326702714 0.4636947811 -0.3027331829 -0.5100364089 -0.4292384684 0.7453973293
106.2 13.8 2451.7 -0.5833574533 0.7750751376 0.2428015321 0.2640843391 0.4636947811 -0.8457225561 -0.7680843472 -0.4292384684 -0.4751850069
-181.5 -158.9 2522.3 0.9789494276 -0.0154767856 0.2035152614 0.0130546466 0.9998271465 0.0132386703 -0.2036849856 -0.0103031695 0.9789822698
-175.4 -547.1 2526.3 0.9789152145 0.0198465902 0.2033005804 -0.0256665703 0.9993315935 0.0260307733 -0.2026480585 -0.0306999478 0.9787703156
-6.2 -166.0 2559.0 0.9570921659 0.0475971214 0.2858479321 -0.0354656763 0.9982427955 -0.0474712513 -0.2876051366 0.0352965742 0.9570984244
-24.7 -553.6 2545.3 0.9550127387 -0.0652190521 0.2893046439 0.0499364138 0.9969543219 0.0599040017 -0.2923304141 -0.0427622460 0.9553608298
-142.5 155.0 2241.6 0 0 0 0 0 0 0 0 0
-41.3 80.5 2257.4 0 0 0 0 0 0 0 0 0
-181.0 -825.9 2534.9 0 0 0 0 0 0 0 0 0
-7.2 -820.9 2556.7 0 0 0 0 0 0 0 0 0
-73.3 420.1 2550.0 8 0.9830799103 0.0379742347 -0.1791979522 -0.0406823792 0.9991064072 -0.0114606824 0.1786026061 0.0185569655 0.9837462902
-80.8 222.9 2546.4 0.9830799103 0.0379742347 -0.1791979522 -0.0406823792 0.9991064072 -0.0114606824 0.1786026061 0.0185569655 0.9837462902
-87.6 28.9 2542.9 0.9831895828 0.0350038633 -0.1792009920 -0.0376787335 0.9992232323 -0.0115438374 0.1786577106 0.0181018468 0.9837447405
-215.1 228.0 2522.0 0.5759096742 -0.1178918183 -0.8089681864 0.3017115891 0.9503415227 0.0762961358 0.7598013878 -0.2880147696 0.5828802586
-348.6 158.1 2346.0 -0.8942675591 -0.1178918183 -0.4317256510 0.0244922768 0.9503415227 -0.3102436364 0.4468619823 -0.2880147696 -0.8469721675
53.5 217.7 2570.8 0.2803490460 0.7611681223 0.5848311186 -0.8549662232 0.4749909043 -0.2083660662 -0.4363910854 -0.4415956438 0.7839363217
121.0 11.9 2465.7 -0.5950829983 0.7611681223 0.2578745782 0.2407731712 0.4749909043 -0.8464112282 -0.7667493224 -0.4415956438 -0.4659278691
-181.5 -163.1 2520.6 0.9754469991 -0.0126339262 0.2198715359 0.0100140916 0.9998649955 0.0130258109 -0.2200064361 -0.0105041750 0.9754418731
-176.6 -551.3 2524.7 0.9755764008 0.0090132263 0.2194753438 -0.0179271121 0.9990917444 0.0386568569 -0.2189275771 -0.0416472778 0.9748519063
-5.8 -170.2 2555.4 0.9521211982 0.0496499576 0.3016622961 -0.0393901058 0.9984228611 -0.0400033258 -0.3031727076 0.0262055043 0.9525752664
-25.1 -557.8 2545.3 0.9495319724 -0.0728560090 0.3050917685 0.0575636588 0.9966066480 0.0588355511 -0.3083429933 -0.0383040383 0.9505037665
-122.1 151.9 2232.8 0 0 0 0 0 0 0 0 0
-29.8 72.9 2271.5 0 0 0 0 0 0 0 0 0
-179.0 -825.4 2536.1 0 0 0 0 0 0 0 0 0
-5.7 -823.3 2555.5 0 0 0 0 0 0 0 0 0
-69.7 416.1 2540.0 9 0.9855884910 0.0505828671 -0.1614207029 -0.0486489050 0.9986891747 0.0159134511 0.1620140672 -0.0078311739 0.9867573977
-79.6 219.5 2541.5 0.9855884910 0.0505828671 -0.1614207029 -0.0486489050 0.9986891747 0.0159134511 0.1620140672 -0.0078311739 0.9867573977
-88.6 25.7 2542.1 0.9857369661 0.0466826707 -0.1616890877 -0.0456001610 0.9989055991 0.0104015544 0.1619977206 -0.0028801486 0.9867869020
-214.3 225.8 2519.4 0.4969438016 -0.0692746788 -0.8650132418 0.3015640080 0.9484694004 0.0972880498 0.8136989474 -0.3092035651 0.4922267199
-328.7 156.3 2332.0 -0.9072369337 -0.0692746788 -0.4148760438 0.0690023676 0.9484694004 -0.3092644513 0.4149214327 -0.3092035651 -0.8557063341
55.0 213.3 2563.7 0.3103127480 0.7454073429 0.5899778605 -0.8606870770 0.4838106334 -0.1585717350 -0.4036381245 -0.4585795105 0.7916950583
127.3 12.9 2469.7 -0.6082152724 0.7454073429 0.2728408277 0.2120429873 0.4838106334 -0.8490965962 -0.7649261355 -0.4585795105 -0.4523194134
-182.5 -161.6 2523.3 0.9711388946 -0.0214701630 0.2375463694 0.0173331667 0.9996597767 0.0194907077 -0.2378840148 -0.0148107549 0.9711806178
-174.1 -549.7 2529.1 0.9712103605 0.0198699888 0.2373933792 -0.0268858857 0.9992910624 0.0263526645 -0.2367014587 -0.0319765136 0.9710561037
-6.3 -168.4 2555.3 0.9471088052 0.0491732322 0.3171228170 -0.0372745283 0.9983585477 -0.0434830934 -0.3187404871 0.0293626171 0.9473870993
-25.4 -556.0 2543.9 0.9445255995 -0.0710073635 0.3206702173 0.0506729260 0.9961648583 0.0713292509 -0.3245052993 -0.0511230081 0.9445013404
-100.5 139.0 2227.6 0 0 0 0 0 0 0 0 0
-26.9 66.6 2275.8 0 0 0 0 0 0 0 0 0
-179.7 -827.6 2538.0 0 0 0 0 0 0 0 0 0
-6.4 -823.5 2557.7 0 0 0 0 0 0 0 0 0
-70.4 418.9 2542.5 0 0.9829216599 0.0510005653 -0.1768160760 -0.0501965620 0.9986986518 0.0090201395 0.1770460159 0.0000094689 0.9842025638
-80.4 222.2 2542.5 0.9829216599 0.0510005653 -0.1768160760 -0.0501965620 0.9986986518 0.0090201395 0.1770460159 0.0000094689 0.9842025638
-89.3 28.3 2541.8 0.9831298590 0.0460080802 -0.1770280600 -0.0459094904 0.9989347458 0.0046550883 0.1770536453 0.0035507116 0.9841948152
-214.7 228.5 2518.3 0.4317121804 -0.0235390011 -0.9017041922 0.3259309530 0.9361882210 0.1316079348 0.8410669565 -0.3507100642 0.4118359387
-313.8 153.7 2325.2 -0.9115313292 -0.0235390011 -0.4105564356 0.1239676103 0.9361882210 -0.3289128542 0.3921003938 -0.3507100642 -0.8504467607
53.9 215.9 2566.7 0.2984147966 0.7622219920 0.5744268298 -0.8592164516 0.4765895903 -0.1860361695 -0.4155667126 -0.4380410612 0.7971350551
123.2 16.3 2470.1 -0.5753815174 0.7622219920 0.2965699136 0.1887924522 0.4765895903 -0.8586150408 -0.7957974076 -0.4380410612 -0.4181226194
-185.9 -164.1 2528.2 0.9745734334 -0.0281280503 0.2222957909 0.0247301757 0.9995310903 0.0180547200 -0.2226994038 -0.0120982360 0.9748120904
-175.0 -552.1 2532.9 0.9747608304 0.0168624651 0.2226140052 -0.0187091473 0.9998058081 0.0061889770 -0.2224664092 -0.0101976907 0.9748870134
-9.4 -172.3 2557.2 0.9523393512 0.0396525674 0.3024523258 -0.0266516991 0.9985396266 -0.0469931811 -0.3038740158 0.0366925858 0.9520053864
-24.8 -559.9 2543.0 0.9496787190 -0.0711397454 0.3050401211 0.0483733825 0.9954935908 0.0815630108 -0.3094678521 -0.0627028346 0.9488403201
-84.1 122.5 2226.4 0 0 0 0 0 0 0 0 0
-21.0 63.6 2270.7 0 0 0 0 0 0 0 0 0
-179.6 -824.5 2535.7 0 0 0 0 0 0 0 0 0
-5.9 -823.7 2559.6 0 0 0 0 0 0 0 0 0
-70.3 420.2 2543.7 1 0.9822914600 0.0517353266 -0.1800748706 -0.0510751605 0.9986602664 0.0083038900 0.1802632362 0.0010405136 0.9836178422
-80.5 223.0 2543.5 0.9822914600 0.0517353266 -0.1800748706 -0.0510751605 0.9986602664 0.0083038900 0.1802632362 0.0010405136 0.9836178422
-89.5 29.1 2543.0 0.9825283289 0.0465305522 -0.1802024990 -0.0462593511 0.9989131689 0.0057094479 0.1802723110 0.0027263565 0.9836129546
-214.7 229.3 2518.9 0.3873712718 0.0080384109 -0.9218887687 0.3391134143 0.9286143780 0.1505901664 0.8572896719 -0.3709591627 0.3569926023
-304.6 150.6 2319.9 -0.9174000621 0.0080384109 -0.3978850842 0.1544571072 0.9286143780 -0.3373696804 0.3667699099 -0.3709591627 -0.8531524539
53.7 216.7 2568.2 0.2988060713 0.7670042515 0.5678198934 -0.8583447337 0.4760533869 -0.1913570613 -0.4170842469 -0.4302065372 0.8006017208
122.2 20.0 2472.6 -0.5600378513 0.7670042515 0.3131487072 0.1694680899 0.4760533869 -0.8629332185 -0.8109489679 -0.4302065372 -0.3965906501
-186.3 -161.4 2525.3 0.9752330184 -0.0296968948 0.2191771865 0.0263516475 0.9994875789 0.0181710515 -0.2196044922 -0.0119453296 0.9755158424
-174.7 -549.4 2529.9 0.9754964113 0.0197468344 0.2191275209 -0.0246876851 0.9994984865 0.0198323671 -0.2186259925 -0.0247561540 0.9754946232
-10.2 -169.7 2557.0 0.9534670711 0.0351955034 0.2994357646 -0.0230518598 0.9987658858 -0.0439923294 -0.3006145656 0.0350426883 0.9531017542
-23.8 -557.4 2543.4 0.9512855411 -0.0644689128 0.3014954925 0.0433790237 0.9961532950 0.0761374086 -0.3052442372 -0.0593498349 0.9504228234
-73.8 111.7 2227.6 0 0 0 0 0 0 0 0 0
-18.1 62.4 2269.4 0 0 0 0 0 0 0 0 0
-180.3 -829.6 2536.8 0 0 0 0 0 0 0 0 0
-6.7 -821.1 2559.1 0 0 0 0 0 0 0 0 0
-72.3 420.7 2545.8 2 0.9824599028 0.0470097475 -0.1804512590 -0.0475467630 0.9988681078 0.0013507897 0.1803105026 0.0072527765 0.9835829735
-81.6 223.5 2544.4 0.9824599028 0.0470097475 -0.1804512590 -0.0475467630 0.9988681078 0.0013507897 0.1803105026 0.0072527765 0.9835829735
-89.7 29.5 2542.9 0.9826753139 0.0419418328 -0.1805273592 -0.0427081622 0.9990875125 -0.0003583690 0.1803475916 0.0080621522 0.9835699201
-215.8 229.3 2519.8 0.3511079550 0.0057308110 -0.9363174438 0.3498352766 0.9267607927 0.1368564069 0.8685266376 -0.3756082654 0.3233882487
-298.0 147.4 2316.5 -0.9169361591 0.0057308110 -0.3989927173 0.1547399759 0.9267607927 -0.3423009515 0.3678091466 -0.3756082654 -0.8506672978
52.7 217.6 2569.1 0.2896165550 0.7763506770 0.5598230958 -0.8612554073 0.4665438831 -0.2014347613 -0.4175660610 -0.4238117933 0.8037550449
119.3 19.5 2473.0 -0.5485800505 0.7763506770 0.3103861809 0.1690277159 0.4665438831 -0.8681972623 -0.8188343048 -0.4238117933 -0.3871614337
-186.5 -160.7 2526.3 0.9752758145 -0.0304249004 0.2188868672 0.0286922902 0.9995267391 0.0110906921 -0.2191207111 -0.0045361184 0.9756872058
-174.7 -548.7 2528.1 0.9756245613 0.0203835946 0.2184975445 -0.0261071902 0.9993866682 0.0233399570 -0.2178877741 -0.0284753926 0.9755583405
-10.5 -169.0 2558.6 0.9534993768 0.0357120559 0.2992718220 -0.0217518155 0.9985197783 -0.0498505123 -0.3006091118 0.0410227254 0.9528647661
-24.4 -556.6 2542.7 0.9509539008 -0.0696271956 0.3013947010 0.0506522544 0.9962369204 0.0703304410 -0.3051574230 -0.0516146831 0.9509021044
-66.8 108.4 2223.7 0 0 0 0 0 0 0 0 0
-17.5 61.7 2268.8 0 0 0 0 0 0 0 0 0
-180.4 -828.8 2536.1 0 0 0 0 0 0 0 0 0
-5.8 -821.8 2556.4 0 0 0 0 0 0 0 0 0
-72.7 420.6 2555.9 3 0.9824901223 0.0455224440 -0.1806676835 -0.0509427376 0.9983766675 -0.0254732426 0.1792147905 0.0342309177 0.9832142591
-81.7 223.9 2549.2 0.9824901223 0.0455224440 -0.1806676835 -0.0509427376 0.9983766675 -0.0254732426 0.1792147905 0.0342309177 0.9832142591
-89.6 30.0 2543.3 0.9827136397 0.0409703292 -0.1805416197 -0.0457818471 0.9986966252 -0.0225627571 0.1793819070 0.0304382592 0.9833084941
-215.9 230.1 2524.7 0.3736821413 -0.0840300620 -0.9237427115 0.3515866697 0.9344045520 0.0572276153 0.8583405018 -0.3461605608 0.3787141442
-304.5 146.8 2321.2 -0.9196298718 -0.0840300620 -0.3836924434 0.0610426590 0.9344045520 -0.3509443998 0.3880138397 -0.3461605608 -0.8541768789
52.6 217.6 2573.7 0.2160330862 0.7654767632 0.6061147451 -0.8270407915 0.4734182358 -0.3031150401 -0.5189732909 -0.4357987046 0.7353544831
104.2 20.2 2449.8 -0.5743454695 0.7654767632 0.2901251614 0.1973244399 0.4734182358 -0.8584510684 -0.7944748998 -0.4357987046 -0.4229528904
-185.9 -160.6 2525.1 0.9754240513 -0.0298023932 0.2183110714 0.0288783684 0.9995553493 0.0074228323 -0.2184352130 -0.0009359417 0.9758509994
-174.3 -548.6 2525.5 0.9757481813 0.0242337715 0.2175505459 -0.0317026712 0.9990193844 0.0309069175 -0.2165882140 -0.0370543003 0.9755595922
-9.8 -168.2 2557.4 0.9530468583 0.0386817940 0.3003421128 -0.0270735659 0.9987202883 -0.0427176766 -0.3016101420 0.0325806141 0.9528744817
-24.8 -556.0 2544.8 0.9503341317 -0.0721342489 0.3027567565 0.0551190861 0.9964017272 0.0643854961 -0.3063117564 -0.0445000567 0.9508905411
-73.2 131.4 2223.6 0 0 0 0 0 0 0 0 0
-38.2 69.1 2252.8 0 0 0 0 0 0 0 0 0
-181.1 -828.9 2535.9 0 0 0 0 0 0 0 0 0
-5.4 -824.6 2556.8 0 0 0 0 0 0 0 0 0
-74.8 417.3 2550.9 4 0.9874702096 0.0396752469 -0.1527363956 -0.0419308729 0.9990534782 -0.0115741640 0.1521326303 0.0178335141 0.9881991744
-82.6 221.0 2547.4 0.9874702096 0.0396752469 -0.1527363956 -0.0419308729 0.9990534782 -0.0115741640 0.1521326303 0.0178335141 0.9881991744
-90.0 27.1 2544.0 0.9875295162 0.0381899215 -0.1527316570 -0.0404092818 0.9991175532 -0.0114523601 0.1521595120 0.0174813196 0.9882013202
-217.5 226.5 2526.7 0.3820565045 -0.1257136315 -0.9155484438 0.3381344378 0.9410226941 0.0118913297 0.8600569367 -0.3141216040 0.4020319283
-307.6 146.8 2323.8 -0.9104422331 -0.1257136315 -0.3940697610 0.0163393095 0.9410226941 -0.3379487097 0.4133133590 -0.3141216040 -0.8546927571
52.3 215.4 2568.2 0.1544232070 0.7792240977 0.6074234247 -0.8088828325 0.4527381957 -0.3751489222 -0.5673288703 -0.4334026873 0.7002142668
89.4 21.2 2432.0 -0.5755161643 0.7792240977 0.2481751740 0.2430525124 0.4527381957 -0.8578773737 -0.7808371186 -0.4334026873 -0.4499505162
-185.6 -159.7 2521.3 0.9689436555 -0.0270814281 0.2457941473 0.0242000371 0.9995985031 0.0147362463 -0.2460945398 -0.0083303647 0.9692100286
-175.1 -547.7 2524.5 0.9692847133 0.0193952210 0.2451753020 -0.0289931707 0.9989455342 0.0355984792 -0.2442263216 -0.0416134708 0.9688249826
-9.5 -167.9 2553.4 0.9441347122 0.0407275707 0.3270335495 -0.0312825814 0.9989290237 -0.0340912417 -0.3280717432 0.0219562724 0.9443976283
-25.3 -555.7 2544.9 0.9414095879 -0.0723488331 0.3294140100 0.0556095317 0.9966499209 0.0599704646 -0.3326492310 -0.0381382145 0.9422791004
-78.4 142.7 2219.8 0 0 0 0 0 0 0 0 0
-55.2 82.3 2235.9 0 0 0 0 0 0 0 0 0
-180.5 -824.7 2536.1 0 0 0 0 0 0 0 0 0
-6.0 -821.9 2555.1 0 0 0 0 0 0 0 0 0
-74.2 419.2 2557.5 5 0.9860016108 0.0405374952 -0.1617328525 -0.0460661799 0.9984701872 -0.0305803604 0.1602457911 0.0376027003 0.9863606691
-82.1 222.9 2550.1 0.9860016108 0.0405374952 -0.1617328525 -0.0460661799 0.9984701872 -0.0305803604 0.1602457911 0.0376027003 0.9863606691
-89.5 29.1 2543.7 0.9861249924 0.0381692238 -0.1615566909 -0.0429349728 0.9987366199 -0.0261100344 0.1603559852 0.0326841921 0.9865179658
-216.8 228.8 2528.2 0.3893492818 -0.1539486945 -0.9081337452 0.3464354575 0.9380152225 -0.0104850447 0.8534574509 -0.3105273843 0.4185488224
-309.5 146.3 2325.0 -0.9051768184 -0.1539486945 -0.3961751163 -0.0078766150 0.9380152225 -0.3465045691 0.4249621928 -0.3105273843 -0.8502822518
52.6 217.0 2572.0 0.1137850285 0.7869759798 0.6064006686 -0.7820990682 0.4473540187 -0.4338149726 -0.6126777530 -0.4249037504 0.6663953662
80.9 22.0 2419.2 -0.5740552545 0.7869759798 0.2261181772 0.2785140574 0.4473540187 -0.8498848677 -0.7699938416 -0.4249037504 -0.4759897888
-185.8 -163.2 2527.0 0.9710707068 -0.0288568735 0.2370421886 0.0289046168 0.9995768070 0.0032746692 -0.2370363772 0.0036716785 0.9714938402
-174.6 -551.2 2525.6 0.9715642929 0.0203623064 0.2358985990 -0.0301467143 0.9988250136 0.0379446521 -0.2348487824 -0.0439772382 0.9710366130
-8.9 -170.5 2554.3 0.9469334483 0.0393582620 0.3190108836 -0.0289140604 0.9988815784 -0.0374111086 -0.3201265037 0.0262019318 0.9470123649
-24.2 -558.3 2544.1 0.9447208047 -0.0650351420 0.3213611841 0.0466426946 0.9968197942 0.0646126270 -0.3245413005 -0.0460517406 0.9447497725
-81.2 148.3 2217.9 0 0 0 0 0 0 0 0 0
-65.0 92.7 2223.4 0 0 0 0 0 0 0 0 0
-180.3 -830.9 2537.9 0 0 0 0 0 0 0 0 0
-6.7 -825.7 2556.4 0 0 0 0 0 0 0 0 0
-76.5 420.6 2560.2 6 0.9855000973 0.0311197732 -0.1667966992 -0.0380359255 0.9985371232 -0.0384309776 0.1653567255 0.0442179963 0.9852420688
-82.6 223.8 2551.5 0.9855000973 0.0311197732 -0.1667966992 -0.0380359255 0.9985371232 -0.0384309776 0.1653567255 0.0442179963 0.9852420688
-88.4 30.0 2544.0 0.9855581522 0.0301665422 -0.1666288078 -0.0361443870 0.9988029003 -0.0329592787 0.1654350609 0.0385059789 0.9854686856
-217.2 228.8 2528.9 0.3996652961 -0.1731626093 -0.9001568556 0.3538387418 0.9350292683 -0.0227683000 0.8456156254 -0.3094106615 0.4349703789
-312.8 144.2 2326.7 -0.9062849879 -0.1731626093 -0.3855673671 -0.0282880887 0.9350292683 -0.3534402847 0.4217194021 -0.3094106615 -0.8523014784
52.0 218.9 2574.1 0.1019758135 0.7985960841 0.5931654572 -0.7728819847 0.4390076101 -0.4581765234 -0.6263021231 -0.4117239714 0.6619886756
77.9 22.6 2415.0 -0.5630907416 0.7985960841 0.2125397623 0.3034033179 0.4390076101 -0.8457060456 -0.7686840892 -0.4117239714 -0.4894978106
-185.2 -160.9 2523.0 0.9725201726 -0.0286117438 0.2310537398 0.0240521785 0.9994568825 0.0225271098 -0.2315727919 -0.0163507238 0.9726801515
-174.1 -548.9 2529.4 0.9726756215 0.0232735723 0.2309989631 -0.0297105033 0.9992600679 0.0244257860 -0.2302595675 -0.0306214634 0.9726473689
-8.6 -168.6 2551.7 0.9483236074 0.0421112031 0.3144979775 -0.0335278511 0.9989041686 -0.0326545984 -0.3155284524 0.0204226840 0.9486963153
-24.9 -556.4 2543.8 0.9455401301 -0.0733656362 0.3171299100 0.0547812581 0.9962385893 0.0671390519 -0.3208627701 -0.0461098924 0.9460026026
-83.4 151.3 2219.9 0 0 0 0 0 0 0 0 0
-66.5 100.5 2217.8 0 0 0 0 0 0 0 0 0
-180.6 -827.0 2537.9 0 0 0 0 0 0 0 0 0
-5.2 -823.6 2556.2 0 0 0 0 0 0 0 0 0
-75.8 419.5 2561.6 7 0.9855672121 0.0330522507 -0.1660265774 -0.0407714061 0.9982297421 -0.0433016382 0.1643014550 0.0494458117 0.9851701260
-82.3 222.7 2551.8 0.9855672121 0.0330522507 -0.1660265774 -0.0407714061 0.9982297421 -0.0433016382 0.1643014550 0.0494458117 0.9851701260
-88.3 28.9 2543.6 0.9856793880 0.0306993593 -0.1658122540 -0.0372578837 0.9986356497 -0.0365886837 0.1644627750 0.0422425270 0.9854783416
-217.0 227.8 2529.4 0.4134820998 -0.2159198672 -0.8845400810 0.3821868598 0.9229077697 -0.0466306731 0.8264174461 -0.3187786341 0.4641276002
-315.9 136.4 2331.6 -0.9037606716 -0.2159198672 -0.3695879579 -0.0653249100 0.9229077697 -0.3794388771 0.4230239987 -0.3187786341 -0.8481926918
52.4 217.6 2574.3 0.1012957692 0.7988687754 0.5929147601 -0.7708117366 0.4398070276 -0.4608893991 -0.6289582253 -0.4103394747 0.6603280306
77.8 23.8 2416.2 -0.5624114871 0.7988687754 0.2133120447 0.3042266369 0.4398070276 -0.8449946642 -0.7688559294 -0.4103394747 -0.4903896749
-182.6 -160.6 2521.7 0.9726270437 -0.0191457160 0.2315815687 0.0121333003 0.9994248152 0.0316671468 -0.2320546508 -0.0279904753 0.9722999334
-175.1 -548.6 2532.6 0.9725887775 0.0170172192 0.2319083363 -0.0204354245 0.9997149706 0.0123449471 -0.2316321582 -0.0167457014 0.9726592898
-6.0 -167.1 2551.4 0.9476037025 0.0474655889 0.3159022331 -0.0424770638 0.9988403916 -0.0226624683 -0.3166116178 0.0080564385 0.9485210776
-24.4 -554.9 2548.2 0.9456109405 -0.0654495582 0.3186476827 0.0502965450 0.9971876144 0.0555614457 -0.3213880062 -0.0365126319 0.9462434053
-85.4 153.0 2223.7 0 0 0 0 0 0 0 0 0
-67.2 102.3 2217.8 0 0 0 0 0 0 0 0 0
-179.8 -824.5 2537.2 0 0 0 0 0 0 0 0 0
-6.4 -830.0 2558.3 0 0 0 0 0 0 0 0 0
-78.1 417.1 2554.8 8 0.9902337193 0.0265984125 -0.1368566006 -0.0305415150 0.9991743565 -0.0267929137 0.1360309422 0.0307110548 0.9902284741
-83.3 219.4 2548.7 0.9902337193 0.0265984125 -0.1368566006 -0.0305415150 0.9991743565 -0.0267929137 0.1360309422 0.0307110548 0.9902284741
-88.1 25.5 2543.3 0.9902968407 0.0245110262 -0.1367895901 -0.0280731693 0.9993135333 -0.0241726786 0.1361031830 0.0277782436 0.9903051257
-218.6 223.3 2530.1 0.4011082649 -0.2515775263 -0.8808069825 0.3938525915 0.9154970050 -0.0821303055 0.8270382881 -0.3139649630 0.4662978649
-313.9 129.7 2333.6 -0.8913672566 -0.2515775263 -0.3770586252 -0.0927878022 0.9154970050 -0.3914788365 0.4436832964 -0.3139649630 -0.8393873572
51.9 215.6 2567.3 0.1068144441 0.7976965904 0.5935240984 -0.7803436518 0.4371839762 -0.4471397102 -0.6161610484 -0.4153917730 0.6691750288
78.0 24.8 2416.6 -0.5659449697 0.7976965904 0.2082940787 0.3047845662 0.4371839762 -0.8461539745 -0.7660369873 -0.4153917730 -0.4905476868
-182.5 -161.6 2520.7 0.9655390978 -0.0174968764 0.2596693039 0.0071543343 0.9991449118 0.0407215022 -0.2601597607 -0.0374604426 0.9648386240
-175.7 -549.5 2535.3 0.9652695060 0.0241276268 0.2601396143 -0.0259662587 0.9996562004 0.0036330679 -0.2599625289 -0.0102617424 0.9655641913
-5.9 -168.3 2550.2 0.9382789135 0.0469465666 0.3426786661 -0.0401676334 0.9988319278 -0.0268569048 -0.3435392380 0.0114346761 0.9390687346
-24.1 -556.1 2545.7 0.9362684488 -0.0630758926 0.3455760181 0.0423277840 0.9968366623 0.0672679618 -0.3487258554 -0.0483534038 0.9359766245
-85.5 153.5 2219.9 0 0 0 0 0 0 0 0 0
-67.8 103.3 2219.4 0 0 0 0 0 0 0 0 0
-182.4 -826.8 2538.1 0 0 0 0 0 0 0 0 0
-6.7 -831.4 2559.1 0 0 0 0 0 0 0 0 0
-78.1 418.2 2568.4 9 0.9888596535 0.0261966102 -0.1465277523 -0.0352810696 0.9975898862 -0.0597467199 0.1446094364 0.0642507747 0.9874005914
-83.3 221.5 2555.7 0.9888596535 0.0261966102 -0.1465277523 -0.0352810696 0.9975898862 -0.0597467199 0.1446094364 0.0642507747 0.9874005914
-88.0 27.9 2544.9 0.9889363050 0.0244171713 -0.1463173777 -0.0322572663 0.9981544018 -0.0514516719 0.1447910219 0.0556022227 0.9878987670
-218.4 226.0 2535.9 0.3697179258 -0.2756808698 -0.8873041868 0.4078859389 0.9061877728 -0.1115918308 0.8348279595 -0.3206613958 0.4474802315
-307.8 127.3 2334.0 -0.8785620332 -0.2756808698 -0.3900368810 -0.1021768451 0.9061877728 -0.4103456736 0.4665711224 -0.3206613958 -0.8243104219
51.8 217.1 2575.5 0.1857540309 0.7827221155 0.5940046906 -0.7998422384 0.4715881944 -0.3712909818 -0.5707432628 -0.4061412215 0.7136535645
97.8 19.0 2434.1 -0.5731979012 0.7827221155 0.2424671501 0.2919980884 0.4715881944 -0.8320707083 -0.7656247616 -0.4061412215 -0.4988667071
-181.4 -165.9 2525.7 0.9680575728 -0.0166757163 0.2501728237 0.0104389582 0.9996012449 0.0262360796 -0.2505105734 -0.0227864925 0.9678456783
-175.0 -554.0 2534.5 0.9677805305 0.0256513730 0.2504853308 -0.0274472795 0.9996165037 0.0036784858 -0.2502949238 -0.0104351081 0.9681134224
-4.1 -171.0 2550.1 0.9408020973 0.0527521633 0.3348262608 -0.0457347408 0.9985379577 -0.0288140383 -0.3358567357 0.0117951157 0.9418392181
-24.6 -558.7 2545.5 0.9386972785 -0.0661748871 0.3383316696 0.0462682098 0.9967079163 0.0665772632 -0.3416236043 -0.0468418933 0.9386688471
-82.3 153.6 2214.3 0 0 0 0 0 0 0 0 0
-49.7 94.1 2237.1 0 0 0 0 0 0 0 0 0
-182.1 -831.5 2537.4 0 0 0 0 0 0 0 0 0
-6.8 -825.5 2558.0 0 0 0 0 0 0 0 0 0
-78.0 418.1 2556.7 0 0.9931038618 0.0302428827 -0.1132698730 -0.0331573561 0.9991635084 -0.0239349995 0.1124512628 0.0275256708 0.9932759404
-84.0 221.6 2551.3 0.9931038618 0.0302428827 -0.1132698730 -0.0331573561 0.9991635084 -0.0239349995 0.1124512628 0.0275256708 0.9932759404
-89.6 27.7 2545.5 0.9931250215 0.0292645320 -0.1133413240 -0.0324468017 0.9991264939 -0.0263342876 0.1124716550 0.0298308022 0.9932070374
-219.6 226.1 2535.9 0.3509227931 -0.2858437002 -0.8917099237 0.4164212346 0.9005649686 -0.1248041913 0.8387172222 -0.3275302947 0.4350601733
-303.8 126.2 2334.7 -0.8675039411 -0.2858437002 -0.4070998728 -0.0979818031 0.9005649686 -0.4235354662 0.4876848459 -0.3275302947 -0.8092511296
51.6 217.1 2566.6 0.2578049004 0.7737916708 0.5786044002 -0.8362447023 0.4786636233 -0.2675367892 -0.4839746356 -0.4148825705 0.7704809904
113.9 14.9 2449.6 -0.5806309581 0.7737916708 0.2532076538 0.2741609514 0.4786636233 -0.8340964317 -0.7666181922 -0.4148825705 -0.4900704026
-181.2 -162.9 2521.2 0.9590519071 -0.0161852352 0.2827674747 0.0077110543 0.9994878769 0.0310560670 -0.2831253111 -0.0276039466 0.9586855769
-175.0 -550.9 2531.9 0.9588403702 0.0221518315 0.2830803692 -0.0249926075 0.9996669888 0.0064273826 -0.2828437090 -0.0132377502 0.9590746760
-4.1 -168.7 2547.1 0.9294171929 0.0543237478 0.3650105000 -0.0482941307 0.9985041618 -0.0256351344 -0.3658570647 0.0061978702 0.9306504130
-25.2 -556.4 2544.7 0.9269136190 -0.0714556798 0.3684090376 0.0514322482 0.9966300130 0.0639007762 -0.3717336059 -0.0402823910 0.9274650812
-80.5 151.4 2209.2 0 0 0 0 0 0 0 0 0
-35.4 85.4 2252.4 0 0 0 0 0 0 0 0 0
-181.1 -828.8 2535.5 0 0 0 0 0 0 0 0 0
-6.0 -823.9 2555.5 0 0 0 0 0 0 0 0 0
-78.7 421.7 2559.8 1 0.9899534583 0.0295974854 -0.1382609904 -0.0345273502 0.9988456964 -0.0333944596 0.1371129900 0.0378327444 0.9898326397
-84.5 224.2 2552.3 0.9899534583 0.0295974854 -0.1382609904 -0.0345273502 0.9988456964 -0.0333944596 0.1371129900 0.0378327444 0.9898326397
-89.8 30.4 2545.4 0.9900200367 0.0275300965 -0.1382116228 -0.0322003067 0.9989796281 -0.0316684246 0.1371987611 0.0358028337 0.9898962975
-219.7 228.7 2533.6 0.4352330863 -0.3032385707 -0.8477137089 0.4521423578 0.8878427744 -0.0854543895 0.7785495520 -0.3460946977 0.5235255361
-322.9 121.5 2349.0 -0.8620616794 -0.3032385707 -0.4060739279 -0.1008222178 0.8878427744 -0.4489655495 0.4966734946 -0.3460946977 -0.7959484458
50.6 219.8 2571.1 0.2964322269 0.7715516686 0.5628818274 -0.8392768502 0.4917159677 -0.2320123762 -0.4557875395 -0.4036377668 0.7933059335
123.8 12.5 2458.5 -0.5731001496 0.7715516686 0.2761598229 0.2618100941 0.4917159677 -0.8304642439 -0.7765382528 -0.4036377668 -0.4838024974
-184.1 -163.2 2529.6 0.9656633139 -0.0210424829 0.2589431405 0.0199030153 0.9997772574 0.0070215580 -0.2590332031 -0.0016267122 0.9658670425
-175.9 -551.2 2530.3 0.9657979012 0.0164731015 0.2587721646 -0.0210092925 0.9996700883 0.0147738596 -0.2584434450 -0.0197051838 0.9658253789
-6.2 -169.1 2549.8 0.9383382797 0.0497672111 0.3421176374 -0.0459007323 0.9987577200 -0.0193938408 -0.3426578045 0.0024945347 0.9394569993
-25.5 -556.8 2548.8 0.9354147315 -0.0777769312 0.3448912799 0.0622962266 0.9964987636 0.0557619408 -0.3480207324 -0.0306751169 0.9369848371
-100.6 147.5 2221.0 0 0 0 0 0 0 0 0 0
-23.5 79.9 2258.8 0 0 0 0 0 0 0 0 0
-180.4 -825.7 2535.7 0 0 0 0 0 0 0 0 0
-4.8 -822.4 2557.0 0 0 0 0 0 0 0 0 0
-78.4 422.2 2570.4 2 0.9863417745 0.0303664953 -0.1618880033 -0.0414164178 0.9970042109 -0.0653242841 0.1594193578 0.0711368918 0.9846445918
-84.4 225.4 2556.4 0.9863417745 0.0303664953 -0.1618880033 -0.0414164178 0.9970042109 -0.0653242841 0.1594193578 0.0711368918 0.9846445918
-89.5 31.8 2544.5 0.9864833951 0.0270188004 -0.1616183370 -0.0364943184 0.9977663755 -0.0559502691 0.1597456336 0.0610921606 0.9852659702
-219.1 230.5 2534.6 0.3838913441 -0.3414115012 -0.8579426408 0.4719631374 0.8711459041 -0.1354830265 0.7936486602 -0.3529065549 0.4955590367
-311.7 116.6 2343.1 -0.8635951281 -0.3414115012 -0.3710009158 -0.1425353140 0.8711459041 -0.4698814154 0.4836188555 -0.3529065549 -0.8009805083
50.3 220.4 2578.2 0.2380927503 0.7803835869 0.5781983733 -0.8095712662 0.4883481264 -0.3257460296 -0.5365689397 -0.3905349970 0.7480482459
108.7 21.9 2446.6 -0.5507687926 0.7803835869 0.2960661948 0.2411068827 0.4883481264 -0.8386796713 -0.7990751863 -0.3905349970 -0.4571227729
