-241.2 511.6 2308.6 0.9672353268 -0.0618458688 -0.2462333590 0.1121535376 0.9741960168 0.1958665103 0.2277660221 -0.2170649469 0.9492130876
-228.6 313.3 2352.8 0.9672353268 -0.0618458688 -0.2462333590 0.1121535376 0.9741960168 0.1958665103 0.2277660221 -0.2170649469 0.9492130876
-215.9 121.4 2389.7 0.9675182104 -0.0646762997 -0.2443880290 0.1077848077 0.9799854755 0.1673647016 0.2286721766 -0.1882697195 0.9551249146
-366.4 298.0 2320.2 0.1505733281 -0.8153896928 -0.5589877963 0.9828017354 0.1846077591 -0.0045502605 0.1069037169 -0.5486890078 0.8291634321
-402.3 64.1 2294.8 -0.5208282471 -0.8153896928 -0.2527401447 0.1798560470 0.1846077591 -0.9662151933 0.8344997168 -0.5486890078 0.0505038314
-90.7 328.7 2385.4 0.5297927260 0.5548942685 0.6414141059 -0.7739309669 0.6256412268 0.0979995802 -0.3469156921 -0.5483297110 0.7609100342
34.6 145.6 2303.3 -0.6077804565 0.5548942685 0.5680627823 -0.1451912820 0.6256412268 -0.7664806247 -0.7807191610 -0.5483297110 -0.2996867001
-292.6 -78.5 2408.6 0.9167997837 -0.0380477682 -0.3975305259 0.0166358370 0.9982256293 -0.0571742840 0.3990004957 0.0458041169 0.9158059955
-277.7 -469.5 2390.7 0.9171410799 -0.0871703848 -0.3889132738 0.0128680570 0.9817570448 -0.1897037625 0.3983548880 0.1689805686 0.9015314579
-117.9 -59.2 2450.7 0.9694802761 -0.1546485275 -0.1902415752 0.0742649287 0.9247444272 -0.3732726574 0.2336508930 0.3477522135 0.9080064297
-57.4 -421.5 2314.5 0.9553283453 -0.1773698926 -0.2364057302 0.1897835881 0.9813476801 0.0306426939 0.2265611142 -0.0741397589 0.9711711407
-270.8 18.7 2084.1 0 0 0 0 0 0 0 0 0
-117.5 109.3 2107.9 0 0 0 0 0 0 0 0 0
-250.3 -778.0 2337.6 0 0 0 0 0 0 0 0 0
9.5 -791.6 2342.5 0 0 0 0 0 0 0 0 0
-243.7 512.1 2301.4 0.9722521305 -0.0642718002 -0.2249332070 0.1142946109 0.9694532752 0.2170185149 0.2041140646 -0.2367053628 0.9498989582
-230.5 313.1 2350.0 0.9722521305 -0.0642718002 -0.2249332070 0.1142946109 0.9694532752 0.2170185149 0.2041140646 -0.2367053628 0.9498989582
-217.4 122.0 2390.5 0.9725650549 -0.0664454103 -0.2229398489 0.1096365750 0.9761557579 0.1873493493 0.2051755190 -0.2066518068 0.9566598535
-369.0 297.6 2320.8 0.1431203634 -0.7621529698 -0.6313789487 0.9807368517 0.1949031949 -0.0129599553 0.1329352409 -0.6173617840 0.7753661275
-402.2 70.3 2290.0 -0.5909836888 -0.7621529698 -0.2643124461 0.1798711568 0.1949031949 -0.9641883373 0.7863743305 -0.6173617840 0.0219047274
-91.9 328.7 2379.2 0.5463178158 0.5054642558 0.6678643227 -0.7681230307 0.6202770472 0.1588817686 -0.3339518309 -0.5998018980 0.7271271348
37.0 147.5 2300.4 -0.6691451669 0.5054642558 0.5447482467 -0.1570778787 0.6202770472 -0.7684939504 -0.7263410687 -0.5998018980 -0.3356581032
-290.7 -80.3 2405.9 0.9255866408 -0.0365406498 -0.3767680526 0.0163801145 0.9982638955 -0.0565759130 0.3781812787 0.0461944044 0.9245782495
-276.4 -471.3 2387.8 0.9256806970 -0.0824712664 -0.3692068756 0.0152655374 0.9832966328 -0.1813690513 0.3779976070 0.1622536927 0.9114776850
-115.8 -60.8 2447.2 0.9735352993 -0.1529995054 -0.1697649360 0.0825931355 0.9281723499 -0.3628698289 0.2130900174 0.3392451704 0.9162452221
-55.9 -424.4 2314.3 0.9606115818 -0.1742713898 -0.2164597511 0.1858441383 0.9819856286 0.0341496840 0.2066090405 -0.0730323568 0.9756941199
-253.4 25.0 2092.0 0 0 0 0 0 0 0 0 0
-131.2 108.0 2117.8 0 0 0 0 0 0 0 0 0
-250.7 -777.9 2337.2 0 0 0 0 0 0 0 0 0
9.3 -791.3 2341.6 0 0 0 0 0 0 0 0 0
-245.9 513.2 2298.9 0.9763870239 -0.0663195103 -0.2055969387 0.1124606133 0.9686242342 0.2216297388 0.1844478101 -0.2395179570 0.9532104731
-232.2 313.4 2348.2 0.9763870239 -0.0663195103 -0.2055969387 0.1124606133 0.9686242342 0.2216297388 0.1844478101 -0.2395179570 0.9532104731
-218.8 122.3 2388.9 0.9767117500 -0.0682675689 -0.2034052461 0.1077690199 0.9758582115 0.1899646074 0.1855262667 -0.2074614465 0.9604893327
-371.4 298.1 2321.8 0.0803710073 -0.7652374506 -0.6387113333 0.9881991744 0.1449984908 -0.0493739732 0.1303949952 -0.6272057891 0.7678607106
-390.0 69.9 2291.7 -0.6058096290 -0.7652374506 -0.2177299112 0.1673260480 0.1449984908 -0.9751807451 0.7778153419 -0.6272057891 0.0402026698
-93.1 328.8 2374.7 0.5422025919 0.4458988011 0.7121731639 -0.7646886110 0.6131310463 0.1982969493 -0.3482350707 -0.6521078348 0.6734150052
35.3 147.7 2292.2 -0.7377820015 0.4458988011 0.5068056583 -0.1607471406 0.6131310463 -0.7734537721 -0.6556203961 -0.6521078348 -0.3806800842
-292.2 -79.1 2412.4 0.9330533743 -0.0386138111 -0.3576595187 0.0126981819 0.9971381426 -0.0745268092 0.3595137298 0.0649958700 0.9308734536
-277.1 -469.6 2387.0 0.9321054816 -0.0857869014 -0.3518806994 0.0243204143 0.9841763377 -0.1755147278 0.3613695204 0.1550403535 0.9194425344
-116.5 -59.3 2449.5 0.9766776562 -0.1519663185 -0.1516804248 0.0876299515 0.9270527363 -0.3645465374 0.1960145384 0.3427527249 0.9187485576
-56.9 -422.4 2315.2 0.9633784890 -0.1791462600 -0.1995207518 0.1893513799 0.9813500047 0.0331386812 0.1898630261 -0.0697046220 0.9793331027
-238.6 28.1 2097.3 0 0 0 0 0 0 0 0 0
-150.2 107.3 2127.4 0 0 0 0 0 0 0 0 0
-250.2 -778.2 2338.3 0 0 0 0 0 0 0 0 0
10.4 -791.2 2341.4 0 0 0 0 0 0 0 0 0
-247.7 514.1 2296.6 0.9811713696 -0.0633699000 -0.1824472994 0.1053225324 0.9673782587 0.2304051071 0.1618947983 -0.2452827096 0.9558380842
-234.6 314.7 2347.1 0.9811713696 -0.0633699000 -0.1824472994 0.1053225324 0.9673782587 0.2304051071 0.1618947983 -0.2452827096 0.9558380842
-221.9 123.8 2389.0 0.9814457297 -0.0649874881 -0.1803908944 0.1011710390 0.9747037292 0.1992912889 0.1628762484 -0.2138439268 0.9631937146
-374.4 300.3 2323.9 0.0509651676 -0.7407575846 -0.6698364019 0.9890285134 0.1305539012 -0.0691255108 0.1386549920 -0.6589642763 0.7392840385
-386.2 72.1 2291.9 -0.6422485113 -0.7407575846 -0.1969646513 0.1499775350 0.1305539012 -0.9800318480 0.7516804934 -0.6589642763 0.0272489451
-94.8 329.1 2370.3 0.5275915265 0.4054471254 0.7464984059 -0.7678400278 0.6035305262 0.2148781270 -0.3634128273 -0.6865592003 0.6297361255
30.2 147.1 2284.2 -0.7776473761 0.4054471254 0.4804967642 -0.1670623422 0.6035305262 -0.7796416283 -0.6060979366 -0.6865592003 -0.4015989900
-293.7 -78.5 2412.7 0.9405093193 -0.0460873134 -0.3366276920 0.0185259469 0.9962398410 -0.0846341401 0.3392624855 0.0733628497 0.9378266931
-275.7 -468.7 2384.0 0.9399385452 -0.0797911212 -0.3318869472 0.0259065051 0.9861664772 -0.1637208462 0.3403592706 0.1452894956 0.9290030003
-117.2 -59.1 2446.3 0.9784158468 -0.1565717012 -0.1348618269 0.1005829126 0.9309319258 -0.3510680497 0.1805144995 0.3299257457 0.9265870452
-55.9 -423.7 2317.0 0.9670855999 -0.1752037704 -0.1845238805 0.1840854883 0.9823885560 0.0320187882 0.1756643355 -0.0649330765 0.9823063612
-226.7 34.9 2105.3 0 0 0 0 0 0 0 0 0
-165.9 105.0 2131.3 0 0 0 0 0 0 0 0 0
-250.6 -778.9 2338.3 0 0 0 0 0 0 0 0 0
9.8 -792.2 2341.4 0 0 0 0 0 0 0 0 0
-250.3 526.2 2311.4 0.9868019819 -0.0614280403 -0.1498279124 0.0907625034 0.9760712981 0.1976031810 0.1341043413 -0.2085939795 0.9687644839
-237.7 325.6 2354.3 0.9868019819 -0.0614280403 -0.1498279124 0.0907625034 0.9760712981 0.1976031810 0.1341043413 -0.2085939795 0.9687644839
-225.3 133.5 2390.0 0.9869223833 -0.0635498613 -0.1481404006 0.0888768435 0.9812237620 0.1711748689 0.1344807446 -0.1821025759 0.9740398526
-378.3 312.9 2335.2 0.0546981543 -0.6236315370 -0.7798024416 0.9632518888 0.2386376858 -0.1232797951 0.2629714012 -0.7444029450 0.6137672663
-392.0 70.3 2268.9 -0.7400839329 -0.6236315370 -0.2517131865 0.1263906807 0.2386376858 -0.9628486037 0.6605309844 -0.7444029450 -0.0977907032
-97.1 338.3 2373.4 0.5586851239 0.3657440841 0.7443804145 -0.7484894991 0.6089517474 0.2625665963 -0.3572595716 -0.7038529515 0.6139678955
40.0 154.5 2285.7 -0.7827671170 0.3657440841 0.5034946203 -0.2078520060 0.6089517474 -0.7654902339 -0.5865774751 -0.7038529515 -0.4006468058
-297.8 -76.2 2416.2 0.9496374726 -0.0552940890 -0.3084334731 0.0288404487 0.9955530167 -0.0896797106 0.3120206296 0.0762678534 0.9470091462
-276.1 -466.2 2386.3 0.9493606687 -0.0836389512 -0.3028512299 0.0321635120 0.9847235680 -0.1711284965 0.3125377595 0.1527219117 0.9375479817
-120.4 -58.0 2445.6 0.9800795317 -0.1639285386 -0.1121230945 0.1145050973 0.9276750088 -0.3553978503 0.1622736454 0.3354794979 0.9279659390
-56.2 -421.3 2314.2 0.9698262811 -0.1764607430 -0.1682217717 0.1862667650 0.9815005660 0.0442873798 0.1572947800 -0.0742851943 0.9847537875
-207.0 38.7 2103.8 0 0 0 0 0 0 0 0 0
-158.7 101.8 2136.8 0 0 0 0 0 0 0 0 0
-249.7 -777.1 2338.1 0 0 0 0 0 0 0 0 0
10.7 -793.3 2342.4 0 0 0 0 0 0 0 0 0
-253.8 527.2 2311.8 0.9856122136 -0.0611136369 -0.1575871259 0.0915471688 0.9767653942 0.1937742382 0.1420833915 -0.2054129094 0.9683066607
-241.3 326.5 2354.1 0.9856122136 -0.0611136369 -0.1575871259 0.0915471688 0.9767653942 0.1937742382 0.1420833915 -0.2054129094 0.9683066607
-228.6 134.2 2389.0 0.9856630564 -0.0646947846 -0.1558298767 0.0907557458 0.9818700552 0.1664168239 0.1422383934 -0.1781733781 0.9736644626
-381.7 313.5 2333.8 0.0578239262 -0.5848114491 -0.8091056347 0.9570598006 0.2630822062 -0.1217548549 0.2840649486 -0.7673221827 0.5749120116
-396.1 74.2 2262.8 -0.7748938203 -0.5848114491 -0.2398648560 0.0985318273 0.2630822062 -0.9597287178 0.6243645549 -0.7673221827 -0.1462382376
-100.8 339.5 2374.3 0.5952271223 0.3141753376 0.7395935059 -0.7140008807 0.6290460825 0.3074146807 -0.3686563075 -0.7110519409 0.5987467170
46.5 162.7 2283.0 -0.7923601866 0.3141753376 0.5229333043 -0.2388099879 0.6290460825 -0.7397775650 -0.5613690019 -0.7110519409 -0.4234028757
-302.1 -66.6 2413.5 0.9470561743 -0.0571637191 -0.3159380853 0.0324716121 0.9960305095 -0.0828781649 0.3194215894 0.0682312623 0.9451530576
-279.7 -456.8 2386.8 0.9464304447 -0.0915767103 -0.3096499145 0.0394558050 0.9845535755 -0.1705797464 0.3204880655 0.1492243856 0.9354247451
-123.8 -50.5 2437.7 0.9780288935 -0.1695104390 -0.1213495955 0.1190915704 0.9320669174 -0.3421526253 0.1711043864 0.3201834261 0.9317756295
-57.4 -415.5 2312.3 0.9678085446 -0.1783863157 -0.1775526553 0.1891870648 0.9808749557 0.0457452387 0.1659966260 -0.0778632984 0.9830475450
-200.4 49.3 2105.1 0 0 0 0 0 0 0 0 0
-155.4 101.8 2140.0 0 0 0 0 0 0 0 0 0
-249.9 -777.6 2338.1 0 0 0 0 0 0 0 0 0
11.2 -793.0 2342.3 0 0 0 0 0 0 0 0 0
-252.1 522.3 2303.1 0.9778953195 -0.0560299382 -0.2014482766 0.0991173610 0.9725226760 0.2106546313 0.1841100454 -0.2259652019 0.9565789104
-240.6 322.8 2349.4 0.9778953195 -0.0560299382 -0.2014482766 0.0991173610 0.9725226760 0.2106546313 0.1841100454 -0.2259652019 0.9565789104
-228.7 131.2 2388.0 0.9779233932 -0.0615288839 -0.1996998340 0.0986512378 0.9784044623 0.1816386878 0.1842111945 -0.1973293573 0.9628745317
-379.9 308.6 2323.2 0.0640212074 -0.5581307411 -0.8272795081 0.9557271004 0.2728677988 -0.1101309806 0.2872053981 -0.7836027145 0.5508900285
-395.7 72.6 2252.3 -0.8066515326 -0.5581307411 -0.1944308281 0.0428572595 0.2728677988 -0.9610964656 0.5894713998 -0.7836027145 -0.1961892694
-101.4 336.9 2375.6 0.6162976623 0.2680278122 0.7404986620 -0.6823220849 0.6512340307 0.3321608305 -0.3932096362 -0.7099685073 0.5842353106
50.2 169.0 2278.9 -0.8049804568 0.2680278122 0.5293086171 -0.2534948587 0.6512340307 -0.7152863741 -0.5364204049 -0.7099685073 -0.4562869966
-305.1 -66.2 2411.0 0.9318031073 -0.0679893047 -0.3565395772 0.0427022465 0.9960124493 -0.0783310235 0.3604435027 0.0577640496 0.9309907556
-278.4 -456.3 2388.4 0.9334826469 -0.0847791359 -0.3484576046 0.0249604080 0.9846583009 -0.1726992577 0.3577529490 0.1525141150 0.9212775230
-126.9 -49.8 2436.7 0.9711176157 -0.1777923256 -0.1591242105 0.1159625500 0.9345303178 -0.3364606798 0.2085265368 0.3082904518 0.9281560779
-57.3 -415.8 2316.0 0.9607880116 -0.1774483919 -0.2130691409 0.1875750422 0.9818475246 0.0281250980 0.2042106539 -0.0669887066 0.9766322374
-191.0 61.8 2102.7 0 0 0 0 0 0 0 0 0
-155.4 104.3 2141.9 0 0 0 0 0 0 0 0 0
-250.8 -777.2 2338.7 0 0 0 0 0 0 0 0 0
10.8 -792.4 2341.6 0 0 0 0 0 0 0 0 0
-252.7 518.8 2298.7 0.9748699069 -0.0568699464 -0.2153936774 0.1050576866 0.9699637890 0.2193926573 0.1964472234 -0.2365080714 0.9515631199
-241.0 319.4 2347.3 0.9748699069 -0.0568699464 -0.2153936774 0.1050576866 0.9699637890 0.2193926573 0.1964472234 -0.2365080714 0.9515631199
-229.3 128.2 2387.9 0.9750592709 -0.0601568781 -0.2136364281 0.1019080728 0.9764485359 0.1901656836 0.1971652061 -0.2071941048 0.9582257271
-379.9 304.8 2319.2 0.0644958764 -0.5493293405 -0.8331131935 0.9551079869 0.2758831382 -0.1079687402 0.2891522646 -0.7887495160 0.5424621701
-396.0 66.9 2247.2 -0.8249331713 -0.5493293405 -0.1331258416 -0.0286668502 0.2758831382 -0.9607636333 0.5645028353 -0.7887495160 -0.2433326989
-102.2 333.9 2375.4 0.6154528260 0.2423503101 0.7499893904 -0.6570100784 0.6833782196 0.3183268607 -0.4353798330 -0.6886657476 0.5798136592
50.5 170.9 2267.3 -0.8363927603 0.2423503101 0.4916436672 -0.2125406414 0.6833782196 -0.6984416246 -0.5052461028 -0.6886657476 -0.5200632811
-305.0 -69.4 2410.1 0.9268823266 -0.0683380142 -0.3690786958 0.0423064679 0.9960412383 -0.0781794265 0.3729602396 0.0568487085 0.9261041284
-278.3 -459.5 2387.8 0.9287725091 -0.0844687968 -0.3608969450 0.0224725921 0.9847277999 -0.1726444364 0.3699683249 0.1522371173 0.9164863825
-128.4 -51.4 2443.3 0.9689098001 -0.1840709001 -0.1653229743 0.1142287105 0.9255324602 -0.3610283136 0.2194665819 0.3309192657 0.9177836776
-56.4 -413.9 2313.7 0.9593752623 -0.1714469194 -0.2240647674 0.1823933423 0.9827994704 0.0289457459 0.2152480781 -0.0686377585 0.9741442800
-186.3 74.2 2103.7 0 0 0 0 0 0 0 0 0
-163.0 116.7 2138.4 0 0 0 0 0 0 0 0 0
-251.0 -776.9 2338.7 0 0 0 0 0 0 0 0 0
9.7 -792.7 2340.2 0 0 0 0 0 0 0 0 0
-253.8 515.3 2297.5 0.9768236279 -0.0562756807 -0.2065155506 0.1027884185 0.9696206450 0.2219692171 0.1877502799 -0.2380521894 0.9529328346
-242.2 316.2 2346.3 0.9768236279 -0.0562756807 -0.2065155506 0.1027884185 0.9696206450 0.2219692171 0.1877502799 -0.2380521894 0.9529328346
-230.6 125.0 2387.2 0.9770026803 -0.0594696440 -0.2047659755 0.0997779295 0.9761999249 0.1925566196 0.1884412616 -0.2085594684 0.9596837163
-381.4 302.0 2319.5 0.0677274391 -0.5342554450 -0.8426055312 0.9578481317 0.2711386085 -0.0949254036 0.2791773081 -0.8006591201 0.5300990939
-398.1 66.1 2250.7 -0.8398610353 -0.5342554450 -0.0959401727 -0.0627573803 0.2711386085 -0.9604922533 0.5391613245 -0.8006591201 -0.2612472177
-103.0 330.4 2373.2 0.6533959508 0.1915456951 0.7323824167 -0.6076689959 0.7096661329 0.3565281928 -0.4514555633 -0.6780001521 0.5800893903
53.0 185.4 2265.4 -0.8497088552 0.1915456951 0.4912281632 -0.2258346975 0.7096661329 -0.6673624516 -0.4764384031 -0.6780001521 -0.5597519279
-305.7 -72.3 2410.6 0.9296470881 -0.0758032426 -0.3605692983 0.0486120097 0.9952871799 -0.0839061737 0.3652303517 0.0604751296 0.9289507866
-276.0 -462.1 2386.9 0.9325708747 -0.0756398663 -0.3529734015 0.0168335009 0.9858493805 -0.1667861640 0.3605942726 0.1495981365 0.9206476808
-129.5 -53.8 2446.2 0.9691033363 -0.1900500208 -0.1572250575 0.1220710278 0.9234393239 -0.3638111055 0.2143301070 0.3333779275 0.9181076884
-55.1 -415.5 2315.7 0.9612082243 -0.1680388451 -0.2187273949 0.1773868352 0.9838562608 0.0236807019 0.2112170309 -0.0615614466 0.9754986167
-191.8 81.5 2118.3 0 0 0 0 0 0 0 0 0
-163.4 127.9 2144.1 0 0 0 0 0 0 0 0 0
-251.9 -777.0 2339.1 0 0 0 0 0 0 0 0 0
9.3 -792.3 2339.2 0 0 0 0 0 0 0 0 0
-254.2 512.8 2295.9  0.9780569673 -0.0607586801 -0.1992809772 0.1057964712 0.9688656926 0.2238446474 0.1794759929 -0.2400160432 0.9540339112
-241.7 313.8 2345.2 0.9780569673 -0.0607586801 -0.1992809772 0.1057964712 0.9688656926 0.2238446474 0.1794759929 -0.2400160432 0.9540339112
-229.5 122.8 2386.6 0.9783173203 -0.0623803660 -0.1974939257 0.1016856134 0.9753919244 0.1956287473 0.1804305911 -0.2114692926 0.9605860114
-381.1 299.3 2319.5 0.0604065508 -0.5524248481 -0.8313710690 0.9489215016 0.2901798487 -0.1238694713 0.3096757233 -0.7814233303 0.5417366028
-396.2 62.0 2242.0 -0.8323297501 -0.5524248481 -0.0453209504 -0.1410563737 0.2901798487 -0.9465192556 0.5360320210 -0.7814233303 -0.3194483817
-102.3 328.3 2370.9 0.6870752573 0.1847577244 0.7027034760 -0.5719175339 0.7340340018 0.3662027419 -0.4481494427 -0.6534972787 0.6100027561
62.8 190.9 2263.2 -0.8633546829 0.1847577244 0.4695565104 -0.1964737773 0.7340340018 -0.6500709057 -0.4647760391 -0.6534972787 -0.5974316001
-307.3 -75.2 2411.0 0.9321532845 -0.0802337080 -0.3530620635 0.0543967672 0.9951037169 -0.0825201571 0.3579542637 0.0577160008 0.9319536686
-275.8 -465.0 2388.4 0.9356437325 -0.0776652768 -0.3442947865 0.0181805268 0.9847992659 -0.1727421284 0.3524773121 0.1553656310 0.9228332639
-130.7 -57.1 2445.0 0.9688703418 -0.1970319301 -0.1498956978 0.1323081553 0.9238465428 -0.3591686189 0.2092483193 0.3281553984 0.9211564064
-53.5 -419.0 2316.5 0.9624625444 -0.1659343839 -0.2147828341 0.1760843694 0.9839512706 0.0288814567 0.2065434307 -0.0656172186 0.9762346745
-188.0 97.3 2107.9 0 0 0 0 0 0 0 0 0
-157.5 140.7 2144.6 0 0 0 0 0 0 0 0 0
-251.2 -777.1 2339.1 0 0 0 0 0 0 0 0 0
9.7 -793.6 2341.5 0 0 0 0 0 0 0 0 0
-256.7 516.6 2296.1  0.9837480783 -0.0690404177 -0.1657502651 0.1057096645 0.9688785076 0.2238301784 0.1451385319 -0.2377139032 0.9604305625
-242.5 317.0 2345.1 0.9837480783 -0.0690404177 -0.1657502651 0.1057096645 0.9688785076 0.2238301784 0.1451385319 -0.2377139032 0.9604305625
-229.2 125.9 2386.1 0.9841548800 -0.0678124204 -0.1638311446 0.0999301523 0.9753850698 0.1965653449 0.1464688778 -0.2098224014 0.9667064548
-382.7 302.7 2324.2 0.0573716350 -0.5398949385 -0.8397749662 0.9473033547 0.2949754298 -0.1249232292 0.3151583970 -0.7883545756 0.5283675194
-397.2 63.2 2244.5 -0.8415620923 -0.5398949385 -0.0169319920 -0.1703216583 0.2949754298 -0.9402021170 0.5126048923 -0.7883545756 -0.3401959538
-102.3 331.2 2365.9 0.7070769668 0.1437175572 0.6923780441 -0.5358272791 0.7478262782 0.3919757009 -0.4614447057 -0.6481520534 0.6057785749
64.3 204.9 2257.2 -0.8750373125 0.1437175572 0.4622282684 -0.2098840177 0.7478262782 -0.6298448443 -0.4361862242 -0.6481520534 -0.6242118478
-305.7 -77.4 2411.7 0.9440031648 -0.0779309049 -0.3206006289 0.0535765439 0.9950150251 -0.0841108486 0.3255572915 0.0622242317 0.9434726238
-275.2 -467.2 2387.3 0.9469913840 -0.0735863969 -0.3127176166 0.0206579659 0.9853468537 -0.1693067849 0.3205940127 0.1538719535 0.9346351624
-128.9 -59.0 2444.3 0.9743902087 -0.1901808530 -0.1199790537 0.1373956054 0.9259173274 -0.3518515527 0.1780061126 0.3263561130 0.9283348322
-54.4 -421.7 2316.5 0.9683023691 -0.1686644554 -0.1842357367 0.1777665466 0.9834873080 0.0339370258 0.1754695475 -0.0656122491 0.9822960496
-193.7 104.4 2120.6 0 0 0 0 0 0 0 0 0
-155.8 152.1 2147.4 0 0 0 0 0 0 0 0 0
-252.0 -777.4 2338.9 0 0 0 0 0 0 0 0 0
9.0 -791.6 2341.1 0 0 0 0 0 0 0 0 0
-255.9 516.2 2296.2  0.9828268886 -0.0713020638 -0.1701979488 0.1081742421 0.9698549509 0.2183568925 0.1494980305 -0.2330180556 0.9609125257
-241.2 316.7 2344.1 0.9828268886 -0.0713020638 -0.1701979488 0.1081742421 0.9698549509 0.2183568925 0.1494980305 -0.2330180556 0.9609125257
-227.5 125.5 2384.2 0.9832667708 -0.0700058043 -0.1681833267 0.1021156237 0.9763402343 0.1906099766 0.1508603394 -0.2045945972 0.9671515822
-381.3 302.1 2322.6 0.0806654394 -0.5306233764 -0.8437605500 0.9482640028 0.3016399741 -0.0990388691 0.3070642650 -0.7921187878 0.5275029540
-401.1 69.5 2247.3 -0.8466971517 -0.5306233764 -0.0392777435 -0.1453253329 0.3016399741 -0.9422811866 0.5118441582 -0.7921187878 -0.3325107396
-101.1 331.2 2365.6 0.7084694505 0.1087030396 0.6973196268 -0.5073729753 0.7652472258 0.3961935937 -0.4905544519 -0.6344922185 0.5973072648
64.2 212.8 2251.1 -0.8823183179 0.1087030396 0.4579280019 -0.2197530270 0.7652472258 -0.6050663590 -0.4162006676 -0.6344922185 -0.6513038278
-304.9 -74.2 2414.0 0.9429459572 -0.0731002390 -0.3248219490 0.0497078784 0.9955746531 -0.0797510743 0.3292143345 0.0590547435 0.9424067140
-276.2 -464.1 2390.8 0.9453369975 -0.0807530880 -0.3159381449 0.0244037341 0.9836553335 -0.1784002632 0.3251806200 0.1609383076 0.9318564534
-127.1 -56.1 2440.4 0.9750100970 -0.1828354150 -0.1262003928 0.1307859868 0.9315771461 -0.3392035961 0.1795838326 0.3142216802 0.9322094321
-55.5 -421.0 2317.4 0.9672635794 -0.1733814031 -0.1853108257 0.1824489385 0.9826640487 0.0329205841 0.1763904691 -0.0656526461 0.9821283817
-197.8 104.4 2124.4 0 0 0 0 0 0 0 0 0
-156.3 157.9 2147.1 0 0 0 0 0 0 0 0 0
-250.5 -778.1 2339.5 0 0 0 0 0 0 0 0 0
9.8 -790.9 2342.1 0 0 0 0 0 0 0 0 0
-257.6 516.8 2296.2  0.9855635762 -0.0733978376 -0.1525688320 0.1063287407 0.9695947766 0.2204091698 0.1317523867 -0.2334496975 0.9634015560
-242.5 317.2 2344.3 0.9855635762 -0.0733978376 -0.1525688320 0.1063287407 0.9695947766 0.2204091698 0.1317523867 -0.2334496975 0.9634015560
-228.7 126.1 2384.9 0.9860644341 -0.0704946369 -0.1506900638 0.0995574817 0.9757354259 0.1950093508 0.1332865208 -0.2072941065 0.9691562653
-383.0 303.1 2325.3 0.0610790066 -0.5172159076 -0.8536726832 0.9369485974 0.3245486915 -0.1295975000 0.3440882564 -0.7919317484 0.5044277906
-398.2 69.6 2239.6 -0.8555000424 -0.5172159076 -0.0246447325 -0.1694073230 0.3245486915 -0.9305747151 0.4893064499 -0.7919317484 -0.3652715981
-102.0 331.4 2363.3 0.7474957705 0.0815092847 0.6592467427 -0.4653296173 0.7724961638 0.4321087897 -0.4740447402 -0.6297665238 0.6153663397
71.9 223.2 2253.0 -0.8652527332 0.0815092847 0.4946655035 -0.2587617636 0.7724961638 -0.5799068809 -0.4293949902 -0.6297665238 -0.6473129392
-302.7 -75.0 2410.6 0.9488369823 -0.0673636720 -0.3084971309 0.0459285006 0.9960316420 -0.0762330964 0.3124082685 0.0581639707 0.9481655955
-276.3 -465.1 2387.8 0.9500579238 -0.0821308568 -0.3010721803 0.0323625728 0.9854748249 -0.1667094380 0.3103910685 0.1486401409 0.9389161468
-125.0 -56.5 2437.9 0.9777500033 -0.1779509038 -0.1110784933 0.1318123937 0.9330984354 -0.3345935345 0.1631883979 0.3125073016 0.9357931018
-55.3 -422.0 2315.5 0.9701473117 -0.1727603823 -0.1702001393 0.1825817972 0.9822176695 0.0437304489 0.1596186906 -0.0735004246 0.9844387174
-186.0 111.6 2118.2 0 0 0 0 0 0 0 0 0
-146.8 157.8 2144.5 0 0 0 0 0 0 0 0 0
-250.1 -778.9 2340.5 0 0 0 0 0 0 0 0 0
9.7 -791.3 2343.1 0 0 0 0 0 0 0 0 0
-257.1 519.0 2296.3  0.9879366755 -0.0697008967 -0.1382855624 0.0995790288 0.9698133469 0.2225895226 0.1185964942 -0.2336747050 0.9650549293
-242.8 319.5 2344.3 0.9879366755 -0.0697008967 -0.1382855624 0.0995790288 0.9698133469 0.2225895226 0.1185964942 -0.2336747050 0.9650549293
-229.7 128.4 2385.3 0.9883739948 -0.0667066202 -0.1366276145 0.0933425426 0.9755553007 0.1989447325 0.1200168580 -0.2093849629 0.9704400301
-383.6 306.2 2327.2 0.0513110943 -0.5066419244 -0.8606283069 0.9332875609 0.3310400844 -0.1392363906 0.3554454744 -0.7960693836 0.4898286462
-396.8 66.2 2235.8 -0.8621081710 -0.5066419244 0.0091373669 -0.2043089718 0.3310400844 -0.9212330580 0.4637104571 -0.7960693836 -0.3889038563
-101.9 332.8 2361.4 0.7636987567 0.0626251325 0.6425279975 -0.4388286173 0.7803427577 0.4455273449 -0.4734908938 -0.6222083569 0.6234285235
76.6 230.2 2250.8 -0.8554228544 0.0626251325 0.5141301155 -0.2791873217 0.7803427577 -0.5595709085 -0.4362409413 -0.6222083569 -0.6500388980
-304.0 -74.0 2413.4 0.9526934624 -0.0662666261 -0.2966208160 0.0476948060 0.9964464307 -0.0694240257 0.3001672626 0.0519925430 0.9524685740
-278.0 -464.3 2393.1 0.9539282918 -0.0872949213 -0.2870547473 0.0347353853 0.9824369550 -0.1833332926 0.2980172634 0.1649158448 0.9402065873
-125.7 -56.0 2437.5 0.9789055586 -0.1781297177 -0.1000684351 0.1352661252 0.9321011901 -0.3359916508 0.1531240046 0.3153682351 0.9365339875
-56.0 -421.1 2314.0 0.9715293050 -0.1739203036 -0.1608804464 0.1837604791 0.9817817211 0.0483397618 0.1495422125 -0.0765269622 0.9857894182
-179.7 117.7 2119.1 0 0 0 0 0 0 0 0 0
-141.0 159.2 2139.8 0 0 0 0 0 0 0 0 0
-250.1 -777.9 2340.4 0 0 0 0 0 0 0 0 0
9.6 -791.1 2342.8 0 0 0 0 0 0 0 0 0
-257.0 517.8 2295.8  0.9876741767 -0.0703870654 -0.1398047060 0.1006190032 0.9696967602 0.2226297557 0.1198979169 -0.2339526713 0.9648267627
-242.5 318.8 2343.8 0.9876741767 -0.0703870654 -0.1398047060 0.1006190032 0.9696967602 0.2226297557 0.1198979169 -0.2339526713 0.9648267627
-229.3 127.8 2384.9 0.9881114960 -0.0674707517 -0.1381426007 0.0944489017 0.9754011631 0.1991782337 0.1213057414 -0.2098577172 0.9701776505
-383.3 305.4 2326.5 0.0449355952 -0.5018840432 -0.8637668490 0.9345144629 0.3267117441 -0.1412168741 0.3530772626 -0.8008569479 0.4836989045
-395.1 61.4 2234.3 -0.8636690974 -0.5018840432 0.0467766151 -0.2393736988 0.3267117441 -0.9143083096 0.4435943067 -0.8008569479 -0.4023086727
-101.7 332.3 2361.1 0.7625527978 0.0354719721 0.6459527612 -0.4217686951 0.7843738794 0.4548283517 -0.4905347824 -0.6192733049 0.6130874753
78.4 232.7 2245.2 -0.8587711453 0.0354719721 0.5111299753 -0.2930039763 0.7843738794 -0.5467232466 -0.4203103483 -0.6192733049 -0.6632041931
-305.9 -71.1 2415.5 0.9523321986 -0.0708541945 -0.2967205048 0.0474796630 0.9952265024 -0.0852639303 0.3013454080 0.0671113953 0.9511503577
-278.2 -460.9 2389.2 0.9530969858 -0.0885518640 -0.2894213200 0.0393415987 0.9843764305 -0.1716252714 0.3000972867 0.1521892250 0.9416900277
-127.3 -54.2 2437.2 0.9782416224 -0.1812455207 -0.1009622589 0.1379877180 0.9317909479 -0.3357454538 0.1549280733 0.3145086169 0.9365263581
-56.3 -419.2 2314.0 0.9711466432 -0.1742906123 -0.1627790481 0.1841531396 0.9817497730 0.0474872775 0.1515317112 -0.0760933831 0.9855191112
-175.9 122.1 2121.7 0 0 0 0 0 0 0 0 0
-140.8 157.9 2138.0 0 0 0 0 0 0 0 0 0
-249.7 -778.0 2340.2 0 0 0 0 0 0 0 0 0
9.7 -790.7 2342.8 0 0 0 0 0 0 0 0 0
-259.3 518.5 2296.0  0.9901372790 -0.0736109018 -0.1192042008 0.0990389735 0.9695631862 0.2239162028 0.0990933329 -0.2335136384 0.9672909975
-244.3 319.9 2343.9 0.9901372790 -0.0736109018 -0.1192042008 0.0990389735 0.9695631862 0.2239162028 0.0990933329 -0.2335136384 0.9672909975
-230.4 128.9 2384.9 0.9905664921 -0.0705838576 -0.1174560115 0.0932494625 0.9752792120 0.2003373355 0.1004118249 -0.2094001621 0.9726607800
-385.4 306.6 2329.6 0.0341558531 -0.4888531268 -0.8716971874 0.9259855151 0.3436298370 -0.1564266831 0.3760108352 -0.8018361330 0.4644078910
-394.4 62.2 2230.3 -0.8711413741 -0.4888531268 0.0462092981 -0.2409791201 0.3436298370 -0.9076604843 0.4278337955 -0.8018361330 -0.4171535671
-103.1 333.2 2358.2 0.7554882169 0.0511848889 0.6531597376 -0.4400685728 0.7782096863 0.4480282962 -0.4853629470 -0.6259151697 0.6104531288
75.3 229.3 2243.5 -0.8589279652 0.0511848889 0.5095320344 -0.2854583859 0.7782096863 -0.5593775511 -0.4251544178 -0.6259151697 -0.6538148522
-305.4 -71.8 2415.0 0.9584707022 -0.0684894100 -0.2768448591 0.0471969917 0.9954426289 -0.0828635246 0.2812584639 0.0663560182 0.9573351145
-278.6 -461.7 2389.0 0.9589107037 -0.0886263698 -0.2695099413 0.0424365737 0.9840744138 -0.1726172119 0.2805162668 0.1540874094 0.9474005103
-126.8 -54.7 2437.0 0.9802505374 -0.1796934009 -0.0825779736 0.1432404667 0.9330484271 -0.3300043046 0.1363488436 0.3116583824 0.9403606057
-56.4 -420.2 2314.9 0.9736198783 -0.1763528436 -0.1447894573 0.1852305979 0.9814116955 0.0502070189 0.1332439184 -0.0757019892 0.9881878495
-172.4 123.7 2121.3 0 0 0 0 0 0 0 0 0
-144.3 156.3 2134.8 0 0 0 0 0 0 0 0 0
-250.2 -777.1 2339.6 0 0 0 0 0 0 0 0 0
10.3 -791.4 2343.5 0 0 0 0 0 0 0 0 0
-260.0 517.7 2288.1  0.9892920256 -0.0719332248 -0.1269915104 0.1013418511 0.9647122622 0.2430226952 0.1050288603 -0.2532899678 0.9616720676
-245.2 319.3 2340.2 0.9892920256 -0.0719332248 -0.1269915104 0.1013418511 0.9647122622 0.2430226952 0.1050288603 -0.2532899678 0.9616720676
-231.6 129.0 2384.3 0.9897332788 -0.0693692714 -0.1249636710 0.0952945054 0.9719027281 0.2152302265 0.1065221652 -0.2249288708 0.9685350060
-386.2 305.7 2325.0 0.0413569845 -0.4543071687 -0.8898845911 0.9333432913 0.3354383707 -0.1278725266 0.3565948308 -0.8252794147 0.4378972650
-396.7 69.3 2234.7 -0.8906077147 -0.4543071687 0.0205639228 -0.1924036741 0.3354383707 -0.9222049117 0.4120663702 -0.8252794147 -0.3861543536
-104.1 332.9 2355.4 0.7545922995 0.0519822501 0.6541317105 -0.4496564269 0.7669820189 0.4577638209 -0.4779116511 -0.6395595670 0.6021328568
69.8 229.3 2245.2 -0.8706373572 0.0519822501 0.4891712070 -0.2788959444 0.7669820189 -0.5778889656 -0.4052254856 -0.6395595670 -0.6532655358
-306.1 -70.6 2416.8 0.9567456245 -0.0698693022 -0.2824112475 0.0452872887 0.9946673512 -0.0926602483 0.2873793542 0.0758626461 0.9548078179
-278.8 -460.2 2387.1 0.9568710923 -0.0897729993 -0.2762942314 0.0439208373 0.9848284721 -0.1678805202 0.2871735692 0.1485049427 0.9462968111
-127.1 -53.7 2434.9 0.9796341062 -0.1801636815 -0.0886455774 0.1431872249 0.9363256693 -0.3206114173 0.1407636553 0.3013889492 0.9430537224
-56.5 -420.5 2316.9 0.9734313488 -0.1745662689 -0.1481823921 0.1826179773 0.9822655916 0.0424856804 0.1381378919 -0.0684176609 0.9880470634
-174.8 117.2 2132.0 0 0 0 0 0 0 0 0 0
-151.2 158.5 2142.4 0 0 0 0 0 0 0 0 0
-249.9 -776.8 2339.3 0 0 0 0 0 0 0 0 0
9.5 -792.0 2342.8 0 0 0 0 0 0 0 0 0
-259.8 515.0 2284.7  0.9889237285 -0.0702105314 -0.1307680458 0.1014565304 0.9628372788 0.2503015995 0.1083345413 -0.2607964873 0.9592959881
-245.4 317.2 2338.3 0.9889237285 -0.0702105314 -0.1307680458 0.1014565304 0.9628372788 0.2503015995 0.1083345413 -0.2607964873 0.9592959881
-231.7 127.1 2383.3 0.9892395735 -0.0698363036 -0.1285611093 0.0970963016 0.9706936479 0.2198319733 0.1094412059 -0.2299492955 0.9670294523
-386.4 303.3 2322.7 0.0725078508 -0.4567985833 -0.8866102099 0.9346082807 0.3414770961 -0.0995023698 0.3482096195 -0.8214185238 0.4516875148
-404.9 64.7 2233.8 -0.8894549012 -0.4567985833 0.0143194599 -0.1901912540 0.3414770961 -0.9204459190 0.4155686200 -0.8214185238 -0.3906075656
-104.4 331.0 2353.9 0.7502202988 0.0396822803 0.6599960923 -0.4550456405 0.7551779151 0.4718472064 -0.4796904624 -0.6543176770 0.5846070647
69.9 225.3 2242.4 -0.8572089076 0.0396822803 0.5134376287 -0.3107525110 0.7551779151 -0.5771821141 -0.4106406569 -0.6543176770 -0.6350138783
-307.5 -70.0 2418.7 0.9557173848 -0.0720730051 -0.2853238881 0.0476294942 0.9946461320 -0.0917090923 0.2904060483 0.0740581453 0.9540333748
-279.3 -459.6 2389.7 0.9561665654 -0.0927108824 -0.2777591646 0.0429820865 0.9827178717 -0.1800502390 0.2896515131 0.1602193564 0.9436269403
-128.6 -52.7 2437.9 0.9788179398 -0.1847596765 -0.0882005543 0.1458767951 0.9316676259 -0.3327392042 0.1436503977 0.3128246963 0.9388851523
-56.2 -417.6 2315.4 0.9731113315 -0.1735587120 -0.1514323056 0.1819975078 0.9823290706 0.0436634831 0.1411781758 -0.0700497329 0.9875028133
-180.1 112.8 2128.8 0 0 0 0 0 0 0 0 0
-148.5 146.1 2137.8 0 0 0 0 0 0 0 0 0
-249.4 -775.8 2338.1 0 0 0 0 0 0 0 0 0
9.9 -791.9 2342.1 0 0 0 0 0 0 0 0 0
-260.7 513.5 2282.5  0.9878116846 -0.0742443353 -0.1368061006 0.1072810516 0.9615544081 0.2527921200 0.1127781272 -0.2643876970 0.9577996731
-245.4 315.6 2336.9 0.9878116846 -0.0742443353 -0.1368061006 0.1072810516 0.9615544081 0.2527921200 0.1127781272 -0.2643876970 0.9577996731
-231.3 125.8 2383.1 0.9882661700 -0.0720433369 -0.1346838474 0.1012824699 0.9691308141 0.2247828990 0.1143321469 -0.2357864529 0.9650558829
-386.3 301.2 2320.6 0.0973976776 -0.4397196770 -0.8928383589 0.9359011650 0.3456138670 -0.0681182966 0.3385302722 -0.8289738297 0.4451961517
-410.0 73.1 2238.1 -0.8970233202 -0.4397196770 -0.0446736701 -0.1230901182 0.3456138670 -0.9302687049 0.4244973063 -0.8289738297 -0.3641488552
-104.6 330.1 2353.2 0.7399196625 0.0417264365 0.6713998914 -0.4721696079 0.7431117892 0.4741736948 -0.4791395962 -0.6678650379 0.5695450306
62.9 223.2 2244.7 -0.8456901312 0.0417264365 0.5320405364 -0.3296826184 0.7431117892 -0.5823179483 -0.4196636379 -0.6678650379 -0.6146858335
-307.4 -71.8 2418.5 0.9543425441 -0.0714423656 -0.2900453508 0.0470511615 0.9948095679 -0.0902225152 0.2949856222 0.0724562109 0.9527505636
-279.5 -461.5 2390.1 0.9546464682 -0.0944288746 -0.2823709548 0.0439386517 0.9826718569 -0.1800706387 0.2944818735 0.1594967991 0.9422532320
-128.6 -54.3 2438.3 0.9778962135 -0.1885307133 -0.0904163495 0.1481723785 0.9299476147 -0.3365151286 0.1475258917 0.3156796694 0.9373272657
-54.8 -418.5 2314.6 0.9733654857 -0.1681472510 -0.1558402479 0.1772086769 0.9830929637 0.0461012349 0.1454536617 -0.0724895969 0.9867058992
-187.2 103.7 2132.6 0 0 0 0 0 0 0 0 0
-146.4 141.6 2140.9 0 0 0 0 0 0 0 0 0
-249.2 -776.7 2338.9 0 0 0 0 0 0 0 0 0
9.2 -792.5 2342.2 0 0 0 0 0 0 0 0 0
-260.3 508.4 2280.9  0.9842320681 -0.0784588978 -0.1585289687 0.1174094602 0.9601144791 0.2537620068 0.1322960854 -0.2683734894 0.9541873336
-244.2 310.9 2336.1 0.9842320681 -0.0784588978 -0.1585289687 0.1174094602 0.9601144791 0.2537620068 0.1322960854 -0.2683734894 0.9541873336
-229.3 121.4 2383.1 0.9847748876 -0.0760574639 -0.1563126147 0.1106363535 0.9677988887 0.2261082679 0.1340819448 -0.2399595976 0.9614787698
-384.5 295.1 2317.0 0.1396370977 -0.4224412143 -0.8955696225 0.9314436316 0.3629571795 -0.0259767398 0.3360270858 -0.8305453062 0.4441624582
-417.4 75.6 2237.8 -0.9028186202 -0.4224412143 -0.0803865716 -0.0872294083 0.3629571795 -0.9277139306 0.4210814536 -0.8305453062 -0.3645338118
-103.9 326.7 2355.2 0.6949456334 0.0438008234 0.7177270055 -0.5031245947 0.7427338958 0.4418279827 -0.5137277842 -0.6681525707 0.5381969810
55.4 211.3 2237.4 -0.8490996361 0.0438008234 0.5264136195 -0.3247243464 0.7427338958 -0.5855770111 -0.4166339934 -0.6681525707 -0.6164318919
-306.6 -73.1 2418.9 0.9485354424 -0.0754572749 -0.3075495660 0.0457946956 0.9936722517 -0.1025587767 0.3133422732 0.0831964910 0.9459888935
-277.0 -462.3 2386.3 0.9493673444 -0.0884077623 -0.3014725745 0.0369593650 0.9843550324 -0.1722764075 0.3119866252 0.1524113715 0.9377820492
-127.9 -54.8 2439.6 0.9770684242 -0.1851050854 -0.1052300036 0.1395130903 0.9298940301 -0.3403427899 0.1608519256 0.3178572357 0.9343946576
-55.4 -419.1 2315.1 0.9708108306 -0.1706507802 -0.1685368866 0.1805349141 0.9825357199 0.0450628512 0.1579035074 -0.0741742998 0.9846647382
-189.8 97.6 2131.6 0 0 0 0 0 0 0 0 0
-158.4 129.6 2132.5 0 0 0 0 0 0 0 0 0
-248.8 -776.2 2337.7 0 0 0 0 0 0 0 0 0
9.8 -794.1 2343.4 0 0 0 0 0 0 0 0 0
-261.9 504.7 2280.6  0.9848794937 -0.0847092122 -0.1511180848 0.1218172014 0.9588553905 0.2564311326 0.1231783107 -0.2709625363 0.9546760917
-244.5 308.0 2336.2 0.9848794937 -0.0847092122 -0.1511180848 0.1218172014 0.9588553905 0.2564311326 0.1231783107 -0.2709625363 0.9546760917
-228.4 118.6 2383.5 0.9854660630 -0.0822503939 -0.1486321241 0.1150518730 0.9668968916 0.2277573645 0.1249788031 -0.2415475547 0.9623071551
-384.9 291.6 2318.4 0.1377827674 -0.4277004004 -0.8933578730 0.9343994260 0.3552784622 -0.0259790681 0.3285020590 -0.8311735988 0.4485942721
-417.1 73.5 2241.7 -0.8984311819 -0.4277004004 -0.0994673297 -0.0658992603 0.3552784622 -0.9324347377 0.4341413081 -0.8311735988 -0.3473783731
-104.0 324.4 2354.0 0.6940262318 0.0406739712 0.7187998295 -0.5066276193 0.7369554639 0.4474652410 -0.5115232468 -0.6747164726 0.5320729613
53.2 209.6 2238.1 -0.8597770929 0.0406739712 0.5090470910 -0.3182171881 0.7369554639 -0.5963509679 -0.3994010091 -0.6747164726 -0.6206742525
-303.4 -78.2 2418.0 0.9516455531 -0.0690186396 -0.2993445992 0.0432373807 0.9948275089 -0.0919173956 0.3041402400 0.0745299011 0.9497073293
-276.4 -467.9 2388.8 0.9524696469 -0.0870910361 -0.2919190824 0.0343755521 0.9828694463 -0.1810688525 0.3026878238 0.1624276936 0.9391471148
-125.4 -58.2 2442.2 0.9790381193 -0.1808066070 -0.0937730521 0.1380937546 0.9276760221 -0.3469110727 0.1497148275 0.3266896904 0.9331984520
-54.6 -421.6 2314.2 0.9732154012 -0.1672769189 -0.1577031016 0.1768677682 0.9830250144 0.0487818196 0.1468660235 -0.0753678083 0.9862809181
-193.5 89.9 2133.6 0 0 0 0 0 0 0 0 0
-160.3 130.6 2138.9 0 0 0 0 0 0 0 0 0
-249.0 -776.6 2337.8 0 0 0 0 0 0 0 0 0
8.8 -794.1 2342.8 0 0 0 0 0 0 0 0 0
-261.7 504.3 2281.4  0.9853180051 -0.0918431431 -0.1439210325 0.1264226735 0.9590354562 0.2535119951 0.1147420332 -0.2679848075 0.9565659165
-242.9 307.7 2336.3 0.9853180051 -0.0918431431 -0.1439210325 0.1264226735 0.9590354562 0.2535119951 0.1147420332 -0.2679848075 0.9565659165
-225.6 118.4 2383.5 0.9860033989 -0.0882350206 -0.1414632350 0.1190936342 0.9665313363 0.2272308916 0.1166789234 -0.2408978045 0.9635114074
-383.4 290.7 2319.7 0.1496134102 -0.4289177358 -0.8908677697 0.9356009960 0.3528290093 -0.0127473120 0.3197915554 -0.8315895796 0.4540838003
-418.0 74.4 2245.8 -0.8954569101 -0.4289177358 -0.1191070080 -0.0446864739 0.3528290093 -0.9346201420 0.4428995550 -0.8315895796 -0.3351100087
-102.3 324.7 2353.0 0.7003287673 0.0411291756 0.7126345634 -0.5118876696 0.7247389555 0.4612206519 -0.4975043833 -0.6877949238 0.5286090374
53.1 211.1 2242.6 -0.8592475653 0.0411291756 0.5099039078 -0.3256478310 0.7247389555 -0.6072124839 -0.3945213556 -0.6877949238 -0.6093365550
-301.3 -81.1 2419.5 0.9546401501 -0.0641157776 -0.2907771170 0.0376178250 0.9946871400 -0.0958247855 0.2953761220 0.0805397853 0.9519801736
-276.2 -470.8 2387.9 0.9549394846 -0.0842586905 -0.2845893502 0.0341913663 0.9837035537 -0.1765171289 0.2948246300 0.1588326693 0.9422582388
-123.2 -60.3 2442.1 0.9807729125 -0.1757436693 -0.0848451331 0.1364897937 0.9284695983 -0.3454195857 0.1394814402 0.3271976709 0.9346050620
-54.4 -424.0 2313.9 0.9745585918 -0.1686637700 -0.1476079524 0.1778463572 0.9827201366 0.0513007678 0.1364047378 -0.0762471408 0.9877145886
-197.1 85.4 2136.5 0 0 0 0 0 0 0 0 0
-158.5 130.9 2145.4 0 0 0 0 0 0 0 0 0
-249.9 -778.0 2338.3 0 0 0 0 0 0 0 0 0
9.0 -793.5 2342.6 0 0 0 0 0 0 0 0 0
-263.6 508.2 2287.4  0.9899904728 -0.0964488238 -0.1030364335 0.1190610155 0.9627529383 0.2427576780 0.0757849365 -0.2525953948 0.9645994902
-243.9 311.5 2339.0 0.9899904728 -0.0964488238 -0.1030364335 0.1190610155 0.9627529383 0.2427576780 0.0757849365 -0.2525953948 0.9645994902
-225.8 121.7 2383.8 0.9905572534 -0.0929464176 -0.1007835791 0.1132803410 0.9689500928 0.2197800875 0.0772264898 -0.2291215509 0.9703295231
-385.0 295.3 2328.0 0.1495065242 -0.4261099100 -0.8922321200 0.9235969782 0.3823526502 -0.0278408285 0.3530105650 -0.8199005127 0.4507180154
-420.9 73.6 2243.2 -0.8935508728 -0.4261099100 -0.1414112449 -0.0362131707 0.3823526502 -0.9233065844 0.4474990368 -0.8199005127 -0.3570823371
-102.9 327.6 2350.0 0.6776922941 0.0380793884 0.7343589664 -0.5343774557 0.7115334868 0.4562464952 -0.5051473975 -0.7016196251 0.5025495291
50.2 206.9 2235.9 -0.8491998911 0.0380793884 0.5266967416 -0.3470351100 0.7115334868 -0.6109719872 -0.3980278075 -0.7016196251 -0.5910192728
-297.4 -81.6 2420.2 0.9659251571 -0.0528668873 -0.2533646822 0.0335924104 0.9962440729 -0.0798081532 0.2566322684 0.0685775727 0.9640731215
-276.7 -471.8 2393.3 0.9654332399 -0.0872608349 -0.2456097901 0.0393030196 0.9802578688 -0.1937776059 0.2576701343 0.1774261445 0.9498031735
-119.2 -60.1 2441.2 0.9845631719 -0.1669792831 -0.0524717905 0.1407788396 0.9336108565 -0.3294725120 0.1040033177 0.3169995844 0.9427059889
-53.8 -425.8 2317.1 0.9794389606 -0.1679203808 -0.1118126288 0.1741805971 0.9835073948 0.0487273522 0.1017862335 -0.0672010556 0.9925339222
-196.2 82.7 2130.7 0 0 0 0 0 0 0 0 0
-163.0 119.8 2135.9 0 0 0 0 0 0 0 0 0
-249.3 -779.6 2337.6 0 0 0 0 0 0 0 0 0
8.9 -792.9 2342.2 0 0 0 0 0 0 0 0 0
-265.1 506.8 2284.3  0.9860125780 -0.1056000292 -0.1289489716 0.1340453327 0.9622194171 0.2369927913 0.0990507677 -0.2509628832 0.9629156590
-243.3 308.6 2336.0 0.9860125780 -0.1056000292 -0.1289489716 0.1340453327 0.9622194171 0.2369927913 0.0990507677 -0.2509628832 0.9629156590
-223.8 119.1 2381.1 0.9869226813 -0.0994956419 -0.1268237382 0.1254797876 0.9680753350 0.2169907242 0.1011852995 -0.2300668806 0.9679001570
-383.9 290.8 2321.6 0.1538067460 -0.4198009968 -0.8944889903 0.9237701297 0.3823917210 -0.0206222199 0.3507024348 -0.8231304288 0.4466140568
-420.1 73.0 2238.9 -0.8952994347 -0.4198009968 -0.1490170062 -0.0255661812 0.3823917210 -0.9236465693 0.4447306097 -0.8231304288 -0.3530878127
-102.8 326.5 2350.4 0.6746542454 0.0430754423 0.7368759513 -0.5384962559 0.7114979029 0.4514338076 -0.5048400164 -0.7013666630 0.5032110810
