364.4 493.0 2354.7  0.9769869447 -0.0019795503 0.2132898271 -0.0337915793 0.9858922958 0.1639344692 -0.2106053233 -0.1673692465 0.9631370306
364.8 295.7 2388.2 0.9769869447 -0.0019795503 0.2132898271 -0.0337915793 0.9858922958 0.1639344692 -0.2106053233 -0.1673692465 0.9631370306
364.4 99.4 2419.7 0.9769866467 0.0022624396 0.2132884860 -0.0360249691 0.9873291254 0.1545425206 -0.2102362961 -0.1586696953 0.9646888971
227.4 300.8 2417.8 0.3356236219 -0.4896772504 -0.8047192097 0.8720040321 0.4846427441 0.0687775835 0.3563224971 -0.7248017788 0.5896580815
142.9 81.3 2328.1 -0.8668380976 -0.4896772504 0.0938503742 -0.3600813150 0.4846427441 -0.7971592546 0.3448668420 -0.7248017788 -0.5964304209
502.3 290.7 2358.6 0.5613046885 0.6064191461 0.5631988049 -0.8231313825 0.4797572196 0.3037889302 -0.0859752595 -0.6341047883 0.7684525847
629.7 103.8 2339.1 -0.7881861329 0.6064191461 -0.1049686670 0.4679612815 0.4797572196 -0.7421895266 -0.3997184336 -0.6341047883 -0.6619186401
274.3 -93.8 2468.5 0.7320232987 0.0024742354 0.6812751293 0.0578417890 0.9961570501 -0.0657682344 -0.6788197756 0.0875500515 0.7290670276
273.3 -489.8 2433.7 0.7397205234 -0.0226999093 0.6725311875 -0.0584412850 0.9934874177 0.0978129953 -0.6703716516 -0.1116578728 0.7335764170
454.5 -99.1 2434.5 0.9976891279 -0.0484600998 0.0476242229 0.0508975573 0.9973815680 -0.0513757169 -0.0450098515 0.0536809489 0.9975432158
473.7 -495.7 2413.2 0.9992995262 -0.0176038072 0.0330228545 0.0100725070 0.9764076471 0.2157002985 -0.0360409133 -0.2152165920 0.9759010673
368.2 174.9 2238.5 0 0 0 0 0 0 0 0 0
421.3 227.5 2233.4 0 0 0 0 0 0 0 0 0
279.8 -774.5 2465.7 0 0 0 0 0 0 0 0 0
478.6 -763.2 2472.1 0 0 0 0 0 0 0 0 0
363.7 491.6 2354.7  0.9809229374 -0.0009902753 0.1943944544 -0.0313561074 0.9860867262 0.1632475555 -0.1918514520 -0.1662287265 0.9672440290
363.9 294.4 2388.0 0.9809229374 -0.0009902753 0.1943944544 -0.0313561074 0.9860867262 0.1632475555 -0.1918514520 -0.1662287265 0.9672440290
363.7 98.2 2419.7 0.9809229374 0.0010093285 0.1943943948 -0.0319542065 0.9872216582 0.1561165601 -0.1917527765 -0.1593500227 0.9684205651
225.9 298.9 2414.9 0.3315880597 -0.5026260614 -0.7983835936 0.8766446710 0.4768802822 0.0638695732 0.3486309052 -0.7210771441 0.5987522602
143.6 81.3 2328.4 -0.8566134572 -0.5026260614 0.1165352240 -0.3871654272 0.4768802822 -0.7891058922 0.3410518467 -0.7210771441 -0.6031014919
501.9 289.9 2361.0 0.5761450529 0.5983334780 0.5568248630 -0.8148469329 0.4737208486 0.3340852857 -0.0638851225 -0.6462085843 0.7604821920
633.9 103.2 2346.4 -0.7931838036 0.5983334780 -0.1133865044 0.4643226862 0.4737208486 -0.7483267784 -0.3940354288 -0.6462085843 -0.6535674930
274.3 -93.5 2470.6 0.7444345951 0.0074483505 0.6676538587 0.0591873676 0.9952652454 -0.0770971477 -0.6650668979 0.0969104618 0.7404690385
271.4 -489.2 2432.0 0.7529822588 -0.0318312906 0.6572704911 -0.0543854311 0.9924018383 0.1103665754 -0.6557896137 -0.1188500151 0.7455298305
453.5 -100.1 2432.0 0.9983835816 -0.0490858369 0.0286497008 0.0502961315 0.9978007078 -0.0431750193 -0.0264674090 0.0445462018 0.9986566305
473.0 -496.9 2414.3 0.9995944500 -0.0238973778 0.0154879661 0.0201708544 0.9780697823 0.2072982937 -0.0201021973 -0.2069018185 0.9781551957
366.2 181.9 2239.8 0 0 0 0 0 0 0 0 0
424.2 226.0 2242.2 0 0 0 0 0 0 0 0 0
280.5 -774.6 2466.2 0 0 0 0 0 0 0 0 0
479.5 -762.2 2470.4 0 0 0 0 0 0 0 0 0
365.1 490.3 2353.8  0.9923589230 -0.0089714415 0.1230580062 -0.0128702410 0.9843857884 0.1755534559 -0.1227115169 -0.1757958233 0.9767485261
366.9 293.1 2389.0 0.9923589230 -0.0089714415 0.1230580062 -0.0128702410 0.9843857884 0.1755534559 -0.1227115169 -0.1757958233 0.9767485261
368.3 97.1 2422.2 0.9923613071 -0.0075360150 0.1231352165 -0.0131520098 0.9859812856 0.1663367748 -0.1226625368 -0.1666856408 0.9783505201
227.6 294.9 2406.2 0.3792778552 -0.4924759865 -0.7833362818 0.8712548018 0.4751349092 0.1231337190 0.3115500212 -0.7291873693 0.6092802286
136.0 84.5 2331.0 -0.8634911776 -0.4924759865 0.1088594347 -0.3715399504 0.4751349092 -0.7976245284 0.3410879970 -0.7291873693 -0.5932493210
506.1 291.3 2371.8 0.5272925496 0.5912415981 0.6102425456 -0.8387024999 0.4772612453 0.2622971535 -0.1361641288 -0.6501193047 0.7475320697
620.9 108.7 2342.1 -0.7955107689 0.5912415981 -0.1326499581 0.4777013361 0.4772612453 -0.7375792265 -0.3727788329 -0.6501193047 -0.6621033549
273.6 -95.2 2468.9 0.7878618836 0.0035292893 0.6158418059 0.0542708710 0.9956953526 -0.0751362592 -0.6134560108 0.0926192701 0.7842788696
272.2 -491.1 2432.1 0.7951991558 -0.0281385556 0.6056950688 -0.0500985868 0.9924581647 0.1118792221 -0.6042751074 -0.1193107292 0.7877922058
453.5 -101.0 2433.8 0.9980890751 -0.0472509526 -0.0398195721 0.0454766564 0.9979806542 -0.0443446897 0.0418344922 0.0424490869 0.9982224107
472.3 -497.8 2416.9 0.9984403849 -0.0248770304 -0.0499794893 0.0342299938 0.9800019264 0.1960218251 0.0441035554 -0.1974269003 0.9793249965
360.4 181.0 2242.3 0 0 0 0 0 0 0 0 0
410.6 235.0 2243.6 0 0 0 0 0 0 0 0 0
280.2 -772.8 2466.0 0 0 0 0 0 0 0 0 0
479.1 -765.9 2470.9 0 0 0 0 0 0 0 0 0
364.7 486.2 2347.3  0.9785230160 -0.0099964384 0.2058950961 -0.0291026440 0.9821197391 0.1859942675 -0.2040729225 -0.1879917532 0.9607358575
366.7 290.3 2384.8 0.9785230160 -0.0099964384 0.2058950961 -0.0291026440 0.9821197391 0.1859942675 -0.2040729225 -0.1879917532 0.9607358575
368.6 94.8 2420.6 0.9785178304 -0.0088400561 0.2059724778 -0.0285648592 0.9836302996 0.1779197454 -0.2041735947 -0.1799812317 0.9622473121
229.7 294.4 2413.4 0.3788453043 -0.4780385196 -0.7924363613 0.8543406725 0.5098274350 0.1008860841 0.3557783663 -0.7152308226 0.6015534997
138.6 88.9 2327.8 -0.8738673925 -0.4780385196 0.0885152295 -0.3581241071 0.5098274350 -0.7821912169 0.3287900388 -0.7152308226 -0.6167187095
503.7 286.3 2356.2 0.5277354121 0.5663104057 0.6330780983 -0.8472086191 0.4045459926 0.3443546593 -0.0610975921 -0.7180773616 0.6932762861
612.9 111.1 2343.5 -0.7980018258 0.5663104057 -0.2061204016 0.4870235920 0.4045459926 -0.7740481496 -0.3549663126 -0.7180773616 -0.5986349583
278.9 -97.7 2466.6 0.7351250052 0.0192804299 0.6776573062 0.0463887304 0.9958219528 -0.0786553770 -0.6763425469 0.0892571956 0.7311592698
271.3 -493.6 2431.1 0.7427881360 -0.0301906113 0.6688455343 -0.0615913421 0.9916656613 0.1131626144 -0.6666875482 -0.1252509356 0.7347379923
460.5 -100.1 2444.1 0.9985992312 -0.0294572655 0.0439531840 0.0327381566 0.9965782166 -0.0758950412 -0.0415671282 0.0772276744 0.9961466193
472.2 -496.0 2413.5 0.9991489053 -0.0232130829 0.0340978168 0.0158362240 0.9791455269 0.2025420517 -0.0380883478 -0.2018296868 0.9786797762
365.6 182.0 2242.4 0 0 0 0 0 0 0 0 0
402.5 239.5 2250.0 0 0 0 0 0 0 0 0 0
279.8 -772.3 2466.3 0 0 0 0 0 0 0 0 0
478.7 -767.0 2469.3 0 0 0 0 0 0 0 0 0
366.4 486.1 2343.0  0.9860917330 -0.0069587817 0.1660560966 -0.0265144687 0.9797405005 0.1985082030 -0.1640732586 -0.2001501918 0.9659295082
367.8 289.8 2383.1 0.9860917330 -0.0069587817 0.1660560966 -0.0265144687 0.9797405005 0.1985082030 -0.1640732586 -0.2001501918 0.9659295082
368.7 94.6 2420.9 0.9860957265 -0.0045073060 0.1661170274 -0.0271971226 0.9817761183 0.1880850643 -0.1639374793 -0.1899877936 0.9680026770
229.5 293.6 2406.1 0.4175191820 -0.4587959349 -0.7843366861 0.8520416021 0.4976203144 0.1624781042 0.3157575727 -0.7361252308 0.5986792445
130.3 91.2 2331.1 -0.8846805692 -0.4587959349 0.0827439204 -0.3329776227 0.4976203144 -0.8009369373 0.3262915611 -0.7361252308 -0.5930038095
506.1 285.9 2360.1 0.5097470880 0.5476681590 0.6634888649 -0.8535759449 0.4183563888 0.3104609549 -0.1075452343 -0.7245947123 0.6807323098
609.3 113.1 2338.4 -0.8072614074 0.5476681590 -0.2199741602 0.4918898940 0.4183563888 -0.7635589838 -0.3261493444 -0.7245947123 -0.6071153879
281.1 -98.1 2475.0 0.7619251013 0.0294558182 0.6469950080 0.0442127660 0.9942693710 -0.0973327979 -0.6461543441 0.1027657390 0.7562564611
269.3 -493.3 2434.1 0.7680715919 -0.0389116853 0.6391806006 -0.0409165807 0.9931303263 0.1096266657 -0.6390554309 -0.1103542149 0.7612030506
459.7 -103.4 2437.7 0.9994755983 -0.0321904533 0.0035002958 0.0323459618 0.9975380301 -0.0622226559 -0.0014887026 0.0623032451 0.9980561733
472.5 -499.8 2412.9 0.9997416139 -0.0220778678 -0.0054118168 0.0227234960 0.9769623876 0.2121982425 0.0006022566 -0.2122664005 0.9772116542
360.2 177.7 2246.3 0 0 0 0 0 0 0 0 0
396.9 242.6 2252.5 0 0 0 0 0 0 0 0 0
280.2 -770.1 2464.9 0 0 0 0 0 0 0 0 0
478.6 -767.4 2471.1 0 0 0 0 0 0 0 0 0
365.4 493.9 2340.4  0.9905471206 -0.0089714853 0.1368790716 -0.0195642095 0.9784178138 0.2057081014 -0.1357704252 -0.2064415067 0.9689934254
367.2 297.1 2381.9 0.9905471206 -0.0089714853 0.1368790716 -0.0195642095 0.9784178138 0.2057081014 -0.1357704252 -0.2064415067 0.9689934254
368.5 102.0 2420.4 0.9905521274 -0.0064819381 0.1369832605 -0.0202001333 0.9810899496 0.1924954206 -0.1356406510 -0.1934438348 0.9716898203
228.1 299.9 2401.0 0.4195953608 -0.4492896795 -0.7887195349 0.8609862924 0.4721835852 0.1890642196 0.2874758244 -0.7584071755 0.5849582553
126.8 92.1 2331.6 -0.8886633515 -0.4492896795 0.0917401388 -0.3233821094 0.4721835852 -0.8200406432 0.3251176178 -0.7584071755 -0.5649044514
506.3 294.3 2362.9 0.5016651750 0.5377320647 0.6776254773 -0.8589695096 0.4024473131 0.3165557683 -0.1024863869 -0.7408646345 0.6637892127
612.8 111.9 2341.1 -0.8141832352 0.5377320647 -0.2189746499 0.4760916531 0.4024473131 -0.7819033861 -0.3323287368 -0.7408646345 -0.5836756229
279.4 -98.1 2473.6 0.7797146440 0.0255976394 0.6256115437 0.0480654277 0.9937686324 -0.1005663127 -0.6242874265 0.1084833145 0.7736256123
269.2 -493.2 2430.5 0.7867183685 -0.0408438183 0.6159594059 -0.0425696187 0.9918439388 0.1201393902 -0.6158425808 -0.1207370237 0.7785630822
459.8 -103.1 2443.7 0.9992113709 -0.0315918438 -0.0240548775 0.0297869798 0.9969587922 -0.0720136166 0.0262567643 0.0712402984 0.9971135259
472.3 -499.4 2415.3 0.9992737770 -0.0206605308 -0.0320171230 0.0270257387 0.9766166806 0.2132824808 0.0268619284 -0.2139928788 0.9764658213
357.8 176.2 2247.1 0 0 0 0 0 0 0 0 0
397.1 238.0 2253.1 0 0 0 0 0 0 0 0 0
280.7 -771.0 2464.3 0 0 0 0 0 0 0 0 0
477.9 -764.2 2473.4 0 0 0 0 0 0 0 0 0
365.8 489.3 2339.6  0.9927030206 -0.0043489048 0.1205062568 -0.0217445176 0.9765110612 0.2143673003 -0.1186079532 -0.2154234201 0.9692909122
366.7 293.0 2382.9 0.9927030206 -0.0043489048 0.1205062568 -0.0217445176 0.9765110612 0.2143673003 -0.1186079532 -0.2154234201 0.9692909122
367.4 98.2 2422.7 0.9926991463 -0.0034897937 0.1205663681 -0.0207696036 0.9797047973 0.1993668377 -0.1188151985 -0.2004154027 0.9724796414
227.1 295.9 2399.6 0.4422436357 -0.4322075844 -0.7858862281 0.8491315246 0.4838953018 0.2117097527 0.2887841165 -0.7609480619 0.5810006857
122.9 95.8 2331.5 -0.8987519741 -0.4322075844 0.0737665147 -0.3001738787 0.4838953018 -0.8220346570 0.3195943236 -0.7609480619 -0.5646392703
506.2 290.1 2366.2 0.5434646010 0.5324406028 0.6489632130 -0.8329642415 0.4378414154 0.3383274078 -0.1040037051 -0.7244321108 0.6814553142
619.0 117.2 2344.6 -0.8292107582 0.5324406028 -0.1700485945 0.4417235851 0.4378414154 -0.7830550075 -0.3424759805 -0.7244321108 -0.5982543826
279.0 -91.1 2471.3 0.7901674509 0.0244880039 0.6124016643 0.0470538810 0.9938285351 -0.1004525721 -0.6110821366 0.1081902236 0.7841386795
269.3 -486.3 2428.2 0.7975169420 -0.0379981101 0.6020987630 -0.0484403707 0.9907590747 0.1266884953 -0.6013486981 -0.1302021146 0.7883064747
460.5 -94.8 2446.4 0.9987719059 -0.0290811621 -0.0401122794 0.0254915562 0.9958587289 -0.0872670487 0.0424839929 0.0861373469 0.9953770638
472.0 -490.7 2412.2 0.9986751080 -0.0208288841 -0.0470555797 0.0306874570 0.9750912786 0.2196707726 0.0413079895 -0.2208237499 0.9744385481
356.5 173.8 2248.5 0 0 0 0 0 0 0 0 0
398.1 235.0 2253.4 0 0 0 0 0 0 0 0 0
280.2 -771.4 2465.7 0 0 0 0 0 0 0 0 0
477.9 -764.7 2474.2 0 0 0 0 0 0 0 0 0
369.2 483.6 2333.7  0.9966974258 -0.0004928124 0.0812031031 -0.0186738744 0.9717910290 0.2351032495 -0.0790283084 -0.2358431965 0.9685724378
369.3 288.3 2381.1 0.9966974258 -0.0004928124 0.0812031031 -0.0186738744 0.9717910290 0.2351032495 -0.0790283084 -0.2358431965 0.9685724378
368.7 94.6 2425.5 0.9966954589 0.0024970630 0.0811903998 -0.0205879826 0.9746553302 0.2227624804 -0.0785764009 -0.2236979008 0.9714859724
229.2 291.2 2392.1 0.4824511707 -0.2891854048 -0.8268087506 0.7933640480 0.5443239212 0.2725526392 0.3712335229 -0.7874536514 0.4920390248
117.0 106.7 2305.8 -0.9542869925 -0.2891854048 0.0755526051 -0.2288470566 0.5443239212 -0.8070566654 0.1922639161 -0.7874536514 -0.5856204629
509.4 285.5 2370.0 0.6313531399 0.3975868523 0.6658212543 -0.7410322428 0.5624079704 0.3668357730 -0.2286140621 -0.7249979377 0.6497027278
634.2 138.9 2324.8 -0.9145606756 0.3975868523 -0.0741855949 0.3067800105 0.5624079704 -0.7678433061 -0.2635618448 -0.7249979377 -0.6363278627
277.1 -94.6 2473.5 0.8140791059 0.0185157750 0.5804588199 0.0468173623 0.9941462874 -0.0973719805 -0.5788638592 0.1064440385 0.8084468246
269.7 -489.9 2431.1 0.8206095695 -0.0352835730 0.5703989863 -0.0428156033 0.9914914966 0.1229284406 -0.5698831081 -0.1252982318 0.8121167421
459.0 -98.4 2451.7 0.9963545799 -0.0321050435 -0.0790369511 0.0255150851 0.9962211847 -0.0830200762 0.0814036503 0.0807007998 0.9934086800
471.8 -494.5 2419.6 0.9961427450 -0.0225299373 -0.0848056972 0.0385874473 0.9804840684 0.1927743554 0.0788074434 -0.1953032166 0.9775714874
362.0 165.5 2256.4 0 0 0 0 0 0 0 0 0
393.5 219.7 2255.4 0 0 0 0 0 0 0 0 0
279.7 -769.9 2466.5 0 0 0 0 0 0 0 0 0
478.0 -763.7 2473.2 0 0 0 0 0 0 0 0 0
368.7 481.3 2328.7  0.9999061823 -0.0086338017 0.0106366333 0.0056419303 0.9670369625 0.2545734942 -0.0124839544 -0.2544896007 0.9669949412
370.4 286.7 2379.9 0.9999061823 -0.0086338017 0.0106366333 0.0056419303 0.9670369625 0.2545734942 -0.0124839544 -0.2544896007 0.9669949412
371.6 93.7 2427.5 0.9999188185 -0.0068201721 0.0107612647 0.0040515512 0.9710249901 0.2389435768 -0.0120790936 -0.2388805747 0.9709738493
230.1 286.0 2381.6 0.5154265761 -0.1983076334 -0.8336723447 0.7600188851 0.5552000403 0.3378227949 0.3958620429 -0.8077295423 0.4368823767
114.0 114.8 2292.5 -0.9776282310 -0.1983076334 0.0701220110 -0.1710016876 0.5552000403 -0.8139480352 0.1224803627 -0.8077295423 -0.5766901374
510.7 287.4 2378.2 0.6791581511 0.2869839072 0.6755623221 -0.6607416272 0.6398490071 0.3924459219 -0.3196322322 -0.7129049897 0.6241808534
646.8 155.0 2314.2 -0.9579051137 0.2869839072 -0.0076172007 0.1976013631 0.6398490071 -0.7426620722 -0.2082581967 -0.7129049897 -0.6696230173
276.7 -97.3 2477.1 0.8494018316 0.0136915697 0.5275689960 0.0469162613 0.9937463403 -0.1013264731 -0.5256571174 0.1108184531 0.8434476256
271.3 -492.4 2433.1 0.8550984859 -0.0293311682 0.5176352859 -0.0386000648 0.9920260310 0.1199766323 -0.5170267224 -0.1225725934 0.8471477628
459.4 -100.9 2462.7 0.9895361066 -0.0310637057 -0.1409018189 0.0149892047 0.9933974147 -0.1137405187 0.1435046941 0.1104383469 0.9834682345
471.7 -495.7 2418.9 0.9893513322 -0.0235484578 -0.1436295658 0.0519098006 0.9790175557 0.1970532686 0.1359755695 -0.2024106979 0.9698147178
365.5 158.8 2260.9 0 0 0 0 0 0 0 0 0
394.3 207.1 2259.3 0 0 0 0 0 0 0 0 0
279.5 -769.9 2467.4 0 0 0 0 0 0 0 0 0
478.2 -765.4 2474.6 0 0 0 0 0 0 0 0 0
370.4 479.8 2326.3  0.9998488426 -0.0107898004 -0.0136333834 0.0139714871 0.9653299451 0.2606585324 0.0103482595 -0.2608096302 0.9653347731
372.6 286.0 2378.6 0.9998488426 -0.0107898004 -0.0136333834 0.0139714871 0.9653299451 0.2606585324 0.0103482595 -0.2608096302 0.9653347731
374.6 93.3 2427.4 0.9998519421 -0.0107213603 -0.0134606510 0.0136947790 0.9693952799 0.2451229542 0.0104206400 -0.2452709973 0.9693985581
232.1 284.0 2377.2 0.5376276374 -0.1584506184 -0.8281605840 0.7394251227 0.5606261492 0.3727583885 0.4052246511 -0.8127679825 0.4185704589
112.6 119.6 2287.1 -0.9857271910 -0.1584506184 0.0568802170 -0.1372397244 0.5606261492 -0.8166171908 0.0975049660 -0.8127679825 -0.5743700862
513.0 288.0 2380.1 0.7039382458 0.2195928693 0.6754627228 -0.6195800304 0.6548200846 0.4328177571 -0.3472628891 -0.7231802344 0.5970082879
653.9 164.0 2310.6 -0.9751037955 0.2195928693 0.0308468342 0.1238796934 0.6548200846 -0.7455632091 -0.1839194894 -0.7231802344 -0.6657206416
281.3 -99.7 2476.1 0.8603308201 0.0247107465 0.5091367960 0.0338826329 0.9938429594 -0.1054900736 -0.5086087584 0.1080072522 0.8541964293
271.5 -494.8 2433.2 0.8644653559 -0.0249898527 0.5020708442 -0.0387154147 0.9924873710 0.1160598099 -0.5011993051 -0.1197675690 0.8570034504
464.3 -98.8 2473.9 0.9867424369 -0.0200892780 -0.1610460430 -0.0024199258 0.9903777838 -0.1383692175 0.1622761637 0.1369245052 0.9771991372
472.2 -492.3 2419.5 0.9871188402 -0.0208944250 -0.1586184800 0.0524124838 0.9789573550 0.1972191334 0.1511599571 -0.2029923052 0.9674423933
367.3 155.1 2261.9 0 0 0 0 0 0 0 0 0
395.4 196.8 2261.8 0 0 0 0 0 0 0 0 0
278.4 -767.2 2466.0 0 0 0 0 0 0 0 0 0
478.0 -764.5 2475.9 0 0 0 0 0 0 0 0 0
373.7 476.7 2332.0  0.9999650121 -0.0056236400 -0.0061901086 0.0069573591 0.9701069593 0.2425779253 0.0046408968 -0.2426124960 0.9701122046
374.9 283.0 2380.5 0.9999650121 -0.0056236400 -0.0061901086 0.0069573591 0.9701069593 0.2425779253 0.0046408968 -0.2426124960 0.9701122046
376.0 89.6 2426.6 0.9999641180 -0.0058490937 -0.0061265775 0.0071101198 0.9727328420 0.2318193465 0.0046035904 -0.2318545878 0.9727395773
234.3 281.9 2379.8 0.5754053593 -0.1501762122 -0.8039625287 0.7091233134 0.5813771486 0.3989294469 0.4074957669 -0.7996547222 0.4410209954
104.6 122.1 2288.0 -0.9880828261 -0.1501762122 0.0337553695 -0.1158744916 0.5813771486 -0.8053407073 0.1013184190 -0.7996547222 -0.5918504000
515.5 284.0 2381.1 0.7076402903 0.1636756808 0.6873539686 -0.5921242833 0.6681648493 0.4504937232 -0.3855308890 -0.7257865071 0.5697367191
654.3 167.8 2305.5 -0.9860818982 0.1636756808 0.0292026438 0.0890304297 0.6681648493 -0.7386672497 -0.1404140443 -0.7257865071 -0.6734373569
285.1 -100.7 2475.2 0.8570282459 0.0339892544 0.5141472220 0.0208165925 0.9947234988 -0.1004582271 -0.5148488283 0.0967983231 0.8517985344
271.6 -496.1 2436.8 0.8598399758 -0.0267521366 0.5098623037 -0.0343885683 0.9933240414 0.1101124808 -0.5094042420 -0.1122125387 0.8531797528
468.2 -98.1 2477.1 0.9876691699 -0.0090953400 -0.1562912017 -0.0128875077 0.9901992679 -0.1390659958 0.1560242921 0.1393654048 0.9778720140
471.8 -491.6 2421.8 0.9883487225 -0.0210444406 -0.1507444680 0.0499640405 0.9803714156 0.1907236129 0.1437718868 -0.1960332543 0.9700003266
360.6 152.2 2261.7 0 0 0 0 0 0 0 0 0
391.6 191.6 2268.1 0 0 0 0 0 0 0 0 0
278.9 -768.8 2467.6 0 0 0 0 0 0 0 0 0
477.7 -763.4 2476.1 0 0 0 0 0 0 0 0 0
373.0 475.9 2327.4  0.9997553229 -0.0139947031 -0.0171299409 0.0179297403 0.9662322998 0.2570480704 0.0129541904 -0.2572923005 0.9662467837
375.8 283.0 2378.8 0.9997553229 -0.0139947031 -0.0171299409 0.0179297403 0.9662322998 0.2570480704 0.0129541904 -0.2572923005 0.9662467837
378.4 90.5 2428.2 0.9997639656 -0.0135229370 -0.0170034654 0.0173214376 0.9685653448 0.2481553704 0.0131131783 -0.2483913153 0.9685710073
235.2 280.5 2376.9 0.6077218652 -0.1445825249 -0.7808777094 0.6939501166 0.5747913122 0.4336451888 0.3861442208 -0.8054258823 0.4496463239
98.1 124.0 2289.9 -0.9894481301 -0.1445825249 0.0093976362 -0.0917141736 0.5747913122 -0.8131441474 0.1121647581 -0.8054258823 -0.5819864869
516.4 285.4 2380.6 0.7227594852 0.1701665223 0.6698224545 -0.5999149084 0.6356585622 0.4858397841 -0.3431046903 -0.7529817820 0.5615136623
660.7 165.7 2312.1 -0.9849104285 0.1701665223 0.0315409526 0.0852545202 0.6356585622 -0.7672482729 -0.1506092399 -0.7529817820 -0.6405742168
285.4 -104.4 2472.3 0.8609551191 0.0334912688 0.5075771809 0.0095106754 0.9965959787 -0.0818900615 -0.5085920095 0.0753310695 0.8577058911
272.1 -500.5 2442.3 0.8624007106 -0.0250277594 0.5056072474 -0.0260781106 0.9952545166 0.0937462300 -0.5055541396 -0.0940320939 0.8576555252
468.7 -103.0 2473.1 0.9864892960 -0.0116158640 -0.1634133160 -0.0097317230 0.9915667176 -0.1292314827 0.1635363400 0.1290757656 0.9780569077
473.4 -497.2 2421.8 0.9871754050 -0.0171729308 -0.1587130427 0.0477106795 0.9804952741 0.1906637996 0.1523431391 -0.1957909167 0.9687401652
354.8 147.8 2260.7 0 0 0 0 0 0 0 0 0
397.3 188.5 2271.8 0 0 0 0 0 0 0 0 0
278.9 -769.7 2467.7 0 0 0 0 0 0 0 0 0
478.0 -762.7 2474.8 0 0 0 0 0 0 0 0 0
370.0 479.0 2305.1  0.9978970885 -0.0197270922 -0.0617433898 0.0384329185 0.9471285343 0.3185443282 0.0521949716 -0.3202474117 0.9458949566
374.0 288.4 2369.5 0.9978970885 -0.0197270922 -0.0617433898 0.0384329185 0.9471285343 0.3185443282 0.0521949716 -0.3202474117 0.9458949566
378.7 99.0 2428.7 0.9978145957 -0.0248723980 -0.0612158738 0.0419494137 0.9542492628 0.2960550785 0.0510516018 -0.2979760468 0.9532072544
233.7 282.3 2362.5 0.6093851328 -0.1299076229 -0.7821596861 0.7165026069 0.5126539469 0.4730855227 0.3395198286 -0.8487107754 0.4054828584
100.0 125.1 2288.0 -0.9914012551 -0.1299076229 0.0157330614 -0.0807403922 0.5126539469 -0.8547905684 0.1029781923 -0.8487107754 -0.5187345743
514.2 294.4 2376.6 0.7161088586 0.1911977530 0.6712909341 -0.6343337893 0.5795398355 0.5116192102 -0.2912193835 -0.7921975851 0.5362968445
663.9 161.9 2315.8 -0.9812998772 0.1911977530 0.0222245734 0.0945861042 0.5795398355 -0.8094362617 -0.1676424146 -0.7921975851 -0.5867870450
289.4 -103.6 2476.4 0.8803509474 0.0383820683 0.4727674723 0.0107567199 0.9948487282 -0.1007980555 -0.4742009640 0.0938230902 0.8754031658
274.1 -499.1 2439.1 0.8820413947 -0.0176672582 0.4708406329 -0.0340539552 0.9942929745 0.1011030599 -0.4699397385 -0.1052110642 0.8764058948
472.8 -100.4 2478.7 0.9801374078 -0.0036699967 -0.1982857287 -0.0252726097 0.9893658757 -0.1432357132 0.1967028081 0.1454018801 0.9696217179
474.2 -493.7 2420.9 0.9819496274 -0.0134740490 -0.1886620522 0.0493767671 0.9811325073 0.1869250983 0.1825838238 -0.1928665489 0.9640879631
357.5 146.1 2261.2 0 0 0 0 0 0 0 0 0
401.0 187.2 2270.9 0 0 0 0 0 0 0 0 0
279.0 -772.5 2468.0 0 0 0 0 0 0 0 0 0
477.9 -762.4 2473.8 0 0 0 0 0 0 0 0 0
373.1 477.8 2306.9  0.9978185892 -0.0136509947 -0.0645887405 0.0330412872 0.9502921104 0.3096016347 0.0571518019 -0.3110603690 0.9486702085
375.9 286.7 2369.5 0.9978185892 -0.0136509947 -0.0645887405 0.0330412872 0.9502921104 0.3096016347 0.0571518019 -0.3110603690 0.9486702085
379.1 96.8 2427.7 0.9977897406 -0.0167836510 -0.0642957240 0.0348484293 0.9560125470 0.2912483215 0.0565793104 -0.2928452194 0.9544844031
235.5 281.7 2361.6 0.5960503817 -0.1014816985 -0.7965082526 0.7177453637 0.5120330453 0.4718726277 0.3599521220 -0.8529499769 0.3780355155
105.2 124.8 2282.9 -0.9943273664 -0.1014816985 0.0318522155 -0.0796559006 0.5120330453 -0.8552643657 0.0704842880 -0.8529499769 -0.5172120929
516.2 291.7 2377.4 0.7179907560 0.1866993904 0.6705464721 -0.6332107782 0.5752102137 0.5178583860 -0.2890213430 -0.7964147925 0.5312156677
665.3 160.2 2317.4 -0.9818561673 0.1866993904 0.0331931934 0.0818607435 0.5752102137 -0.8138992786 -0.1710475534 -0.7964147925 -0.5800570250
291.9 -94.4 2483.3 0.8829701543 0.0471236557 0.4670579433 0.0082705002 0.9932326078 -0.1158472076 -0.4693562984 0.1061524227 0.8766049743
273.2 -489.2 2441.1 0.8842127323 -0.0195159074 0.4666764736 -0.0269332919 0.9953339696 0.0926543474 -0.4663071930 -0.0944952890 0.8795613647
474.8 -86.5 2492.6 0.9788588285 0.0026877373 -0.2045193166 -0.0401868448 0.9829509854 -0.1794223338 0.2005502135 0.1838481277 0.9622782469
473.7 -477.0 2419.5 0.9817218781 -0.0123131564 -0.1899225563 0.0481760651 0.9814828038 0.1853931546 0.1841229498 -0.1911542416 0.9641363025
363.4 145.4 2264.6 0 0 0 0 0 0 0 0 0
402.1 182.1 2271.5 0 0 0 0 0 0 0 0 0
278.7 -768.8 2467.7 0 0 0 0 0 0 0 0 0
477.3 -764.2 2475.5 0 0 0 0 0 0 0 0 0
376.3 469.4 2296.4  0.9971473217 -0.0070285578 -0.0751520693 0.0322777778 0.9397314787 0.3403864205 0.0682303384 -0.3418411314 0.9372775555
377.7 280.7 2365.0 0.9971473217 -0.0070285578 -0.0751520693 0.0322777778 0.9397314787 0.3403864205 0.0682303384 -0.3418411314 0.9372775555
379.7 92.5 2428.6 0.9971338511 -0.0103298994 -0.0749491453 0.0337413028 0.9473807216 0.3183257878 0.0677171052 -0.3199422956 0.9450139403
237.5 275.9 2355.5 0.6214399934 -0.1110222936 -0.7755555511 0.7118059993 0.4935910702 0.4996999800 0.3273294568 -0.8625786304 0.3857635558
101.9 120.7 2284.1 -0.9930104613 -0.1110222936 0.0400531366 -0.0900758356 0.4935910702 -0.8650168777 0.0762662813 -0.8625786304 -0.5001415610
518.0 285.5 2374.5 0.7234170437 0.2063251436 0.6588609219 -0.6329421401 0.5793762207 0.5135245323 -0.2757753134 -0.7885132432 0.5497224927
663.4 158.4 2319.1 -0.9773665667 0.2063251436 0.0467395708 0.0835356191 0.5793762207 -0.8107681870 -0.1943616569 -0.7885132432 -0.5834984183
290.8 -96.4 2480.7 0.8894122243 0.0445843823 0.4549265206 0.0098019196 0.9931429029 -0.1164948791 -0.4570009112 0.1080711260 0.8828764558
273.1 -491.2 2437.8 0.8909567595 -0.0212747678 0.4535895288 -0.0296418630 0.9940464497 0.1048474982 -0.4531196654 -0.1068598181 0.8850218058
473.8 -89.9 2491.0 0.9762167335 0.0033916777 -0.2167704105 -0.0422804505 0.9836570621 -0.1750175804 0.2126341462 0.1800202429 0.9604058862
472.4 -480.8 2419.5 0.9793236256 -0.0167453736 -0.2016055733 0.0545858778 0.9814775586 0.1836359501 0.1947962940 -0.1908438504 0.9620982409
359.9 144.1 2264.3 0 0 0 0 0 0 0 0 0
402.8 180.6 2267.3 0 0 0 0 0 0 0 0 0
279.1 -770.0 2467.7 0 0 0 0 0 0 0 0 0
477.3 -762.9 2474.4 0 0 0 0 0 0 0 0 0
375.1 468.8 2288.1  0.9961237311 -0.0154156042 -0.0866017193 0.0458468720 0.9312107563 0.3615861535 0.0750703812 -0.3641549647 0.9283079505
378.2 281.8 2361.2 0.9961237311 -0.0154156042 -0.0866017193 0.0458468720 0.9312107563 0.3615861535 0.0750703812 -0.3641549647 0.9283079505
382.1 94.9 2428.6 0.9960839152 -0.0199810341 -0.0861253664 0.0479522869 0.9404983521 0.3363976777 0.0742791966 -0.3392102122 0.9377734661
238.0 275.0 2350.8 0.6257615685 -0.0832093805 -0.7755634189 0.7131127119 0.4639117420 0.5256007314 0.3160580993 -0.8819649220 0.3496358097
103.7 121.9 2283.0 -0.9957001209 -0.0832093805 0.0407121405 -0.0748608261 0.4639117420 -0.8827127218 0.0545631386 -0.8819649220 -0.4681461155
518.3 288.6 2371.6 0.7172098756 0.1975096911 0.6682812572 -0.6500247121 0.5352457762 0.5394254327 -0.2511529922 -0.8212806582 0.5122697353
664.2 156.3 2320.5 -0.9793815017 0.1975096911 0.0424481370 0.0714624375 0.5352457762 -0.8416680098 -0.1889577806 -0.8212806582 -0.5383242965
290.2 -98.8 2485.9 0.8928536177 0.0406646281 0.4485072792 0.0179813001 0.9919017553 -0.1257281303 -0.4499878585 0.1203215644 0.8848918676
274.0 -493.1 2438.1 0.8948078156 -0.0149613693 0.4462007880 -0.0332151391 0.9944375753 0.0999534577 -0.4452142715 -0.1042597517 0.8893335462
473.1 -92.5 2498.3 0.9751309752 0.0025162608 -0.2216150761 -0.0468404740 0.9796881676 -0.1949797124 0.2166230530 0.2005113214 0.9554421306
472.1 -481.9 2418.6 0.9787086844 -0.0193756185 -0.2043376416 0.0587592199 0.9803172946 0.1884817034 0.1966637820 -0.1964754015 0.9605835676
362.4 141.4 2268.8 0 0 0 0 0 0 0 0 0
403.9 175.3 2270.3 0 0 0 0 0 0 0 0 0
278.2 -769.6 2467.1 0 0 0 0 0 0 0 0 0
477.7 -762.1 2474.8 0 0 0 0 0 0 0 0 0
377.9 466.3 2278.4  0.9958491921 -0.0138768023 -0.0899547562 0.0476637147 0.9214701056 0.3855139315 0.0775409192 -0.3882013261 0.9183066487
380.7 280.4 2356.7 0.9958491921 -0.0138768023 -0.0899547562 0.0476637147 0.9214701056 0.3855139315 0.0775409192 -0.3882013261 0.9183066487
384.0 95.2 2428.5 0.9958485365 -0.0165114217 -0.0895156488 0.0477021411 0.9322223663 0.3587282300 0.0775253773 -0.3615090847 0.9291399121
240.6 273.7 2345.8 0.6371071339 -0.0391056277 -0.7697826028 0.7104657888 0.4170686305 0.5668263435 0.2988860607 -0.9080333114 0.2935006022
105.5 123.1 2282.5 -0.9991062880 -0.0391056277 0.0160423759 -0.0309094358 0.4170686305 -0.9083492756 0.0288307965 -0.9080333114 -0.4179046154
520.9 287.2 2367.6 0.7183263898 0.1780182421 0.6725449562 -0.6563513875 0.4939369559 0.5702886581 -0.2306730002 -0.8510792255 0.4716504812
663.9 156.5 2321.7 -0.9828681350 0.1780182421 0.0477471501 0.0472852699 0.4939369559 -0.8682110310 -0.1781414896 -0.8510792255 -0.4938925207
294.6 -96.3 2489.2 0.8951678276 0.0510242917 0.4427991211 0.0122873262 0.9902238846 -0.1389449239 -0.4455598295 0.1298198402 0.8857896328
274.3 -490.0 2437.6 0.8968127966 -0.0136460839 0.4421996772 -0.0347050242 0.9942740798 0.1010671407 -0.4410468638 -0.1059848592 0.8912041783
477.3 -87.5 2502.8 0.9739486575 0.0123188794 -0.2264339030 -0.0588864721 0.9780088067 -0.2000779361 0.2189896107 0.2081995308 0.9532557130
472.4 -476.3 2420.1 0.9784991145 -0.0181530602 -0.2054506242 0.0559384972 0.9821408987 0.1796388179 0.1985204667 -0.1872690171 0.9620394707
364.9 131.1 2275.0 0 0 0 0 0 0 0 0 0
403.1 169.0 2274.4 0 0 0 0 0 0 0 0 0
278.1 -767.3 2467.2 0 0 0 0 0 0 0 0 0
477.7 -762.5 2474.7 0 0 0 0 0 0 0 0 0
376.1 464.7 2274.6  0.9944984317 -0.0183412712 -0.1031334549 0.0577194989 0.9175531268 0.3934015334 0.0874149427 -0.3971900046 0.9135637283
379.8 279.5 2354.8 0.9944984317 -0.0183412712 -0.1031334549 0.0577194989 0.9175531268 0.3934015334 0.0874149427 -0.3971900046 0.9135637283
384.2 94.9 2428.3 0.9944763780 -0.0224661455 -0.1025279760 0.0587158687 0.9287580252 0.3660067618 0.0870009214 -0.3700051308 0.9249470830
239.8 271.2 2342.5 0.6522113085 -0.0416247435 -0.7568935156 0.7045460939 0.4017164409 0.5850117207 0.2797056139 -0.9148176312 0.2913305461
102.9 123.3 2283.8 -0.9986712337 -0.0416247435 -0.0303827263 0.0111147864 0.4017164409 -0.9156966805 0.0503208824 -0.9148176312 -0.4007200003
519.7 287.8 2367.0 0.7191666961 0.1800691932 0.6710993648 -0.6582503915 0.4858376086 0.5750375986 -0.2224987745 -0.8552992940 0.4679288566
661.7 157.8 2323.1 -0.9816821218 0.1800691932 0.0622519702 0.0337315351 0.4858376086 -0.8733979464 -0.1875164211 -0.8552992940 -0.4830121100
295.8 -94.4 2493.3 0.8989286423 0.0609789267 0.4338304102 0.0078614997 0.9878607988 -0.1551426947 -0.4380244911 0.1428727806 0.8875370026
271.6 -487.1 2436.5 0.9002966881 -0.0232078526 0.4346576333 -0.0270089246 0.9936748743 0.1089986712 -0.4344380200 -0.1098707765 0.8939753771
478.6 -85.6 2507.5 0.9720458984 0.0185886212 -0.2340539247 -0.0685432702 0.9759030342 -0.2071595937 0.2245631218 0.2174114585 0.9498966336
471.2 -473.5 2421.0 0.9774386883 -0.0219369754 -0.2100771517 0.0592951216 0.9830952287 0.1732278317 0.2027257532 -0.1817761362 0.9622160196
362.1 120.4 2270.8 0 0 0 0 0 0 0 0 0
401.1 166.8 2273.3 0 0 0 0 0 0 0 0 0
278.2 -769.2 2467.7 0 0 0 0 0 0 0 0 0
477.6 -763.0 2474.6 0 0 0 0 0 0 0 0 0
377.1 464.3 2264.7  0.9935168028 -0.0151029993 -0.1126779243 0.0618471764 0.9034391046 0.4242319167 0.0953904688 -0.4284503162 0.8985159993
380.1 281.1 2351.5 0.9935168028 -0.0151029993 -0.1126779243 0.0618471764 0.9034391046 0.4242319167 0.0953904688 -0.4284503162 0.8985159993
383.9 98.7 2430.3 0.9935103059 -0.0194402225 -0.1120687351 0.0621897168 0.9178124070 0.3921133280 0.0952353030 -0.3965381384 0.9130650163
240.3 272.3 2338.2 0.6588258147 -0.0539859198 -0.7503559589 0.7080785036 0.3814120591 0.5942640305 0.2541129291 -0.9228273630 0.2895103991
100.9 122.5 2284.4 -0.9971059561 -0.0539859198 -0.0535282791 0.0289504491 0.3814120591 -0.9239516854 0.0702967122 -0.9228273630 -0.3787453175
519.9 289.9 2364.9 0.7103114724 0.1791969985 0.6806952953 -0.6673026085 0.4791467786 0.5701978803 -0.2239751965 -0.8592478037 0.4599220753
659.7 158.6 2320.9 -0.9812300205 0.1791969985 0.0712468028 0.0237954929 0.4791467786 -0.8774122000 -0.1913673133 -0.8592478037 -0.4744172692
297.4 -95.1 2493.9 0.9035068750 0.0677633733 0.4231825173 -0.0000024038 0.9874216914 -0.1581087410 -0.4285735786 0.1428513229 0.8921424747
270.5 -487.6 2437.1 0.9043512344 -0.0267861020 0.4259476662 -0.0226315036 0.9936146140 0.1105344519 -0.4261885881 -0.1096017957 0.8979703188
479.9 -84.3 2509.8 0.9695610404 0.0214135181 -0.2439116687 -0.0734844059 0.9756947160 -0.2064458728 0.2335625887 0.2180855870 0.9475690722
471.4 -472.2 2423.1 0.9755350351 -0.0203217734 -0.2189027518 0.0580228418 0.9842127562 0.1672083437 0.2120489031 -0.1758189648 0.9613131285
359.8 115.0 2266.1 0 0 0 0 0 0 0 0 0
400.1 164.9 2270.2 0 0 0 0 0 0 0 0 0
278.1 -770.1 2468.2 0 0 0 0 0 0 0 0 0
477.4 -764.4 2475.3 0 0 0 0 0 0 0 0 0
374.2 460.2 2259.2  0.9913295507 -0.0205630269 -0.1297800094 0.0753994510 0.8979107141 0.4336718917 0.1076132581 -0.4396970868 0.8916758895
378.4 278.2 2348.4 0.9913295507 -0.0205630269 -0.1297800094 0.0753994510 0.8979107141 0.4336718917 0.1076132581 -0.4396970868 0.8916758895
383.4 97.0 2429.8 0.9913176894 -0.0254041515 -0.1290109158 0.0758660510 0.9118769765 0.4033914804 0.1073942631 -0.4096766710 0.9058871269
238.9 267.5 2333.3 0.6729086041 -0.0660759807 -0.7367686033 0.7010256648 0.3748987317 0.6066415310 0.2361291945 -0.9247080088 0.2985935509
100.3 123.1 2284.6 -0.9952124953 -0.0660759807 -0.0720146447 0.0421232246 0.3748987317 -0.9261083007 0.0881917104 -0.9247080088 -0.3703205585
517.9 288.9 2363.5 0.7136956453 0.1803608984 0.6768370867 -0.6657863259 0.4749088883 0.5754911900 -0.2176398486 -0.8613544703 0.4590222239
659.7 156.6 2320.2 -0.9812895656 0.1803608984 0.0673852041 0.0268843509 0.4749088883 -0.8796242476 -0.1906516403 -0.8613544703 -0.4708720148
296.6 -89.3 2500.4 0.9088253975 0.0632900149 0.4123479426 0.0012115642 0.9880204201 -0.1543185264 -0.4171749949 0.1407481730 0.8978613615
271.4 -482.2 2444.4 0.9092647433 -0.0250922535 0.4154611826 -0.0127071636 0.9960423112 0.0879675969 -0.4160242081 -0.0852651671 0.9053472877
478.9 -77.9 2517.9 0.9667886496 0.0235809684 -0.2544870675 -0.0843135491 0.9694180489 -0.2304776013 0.2412694544 0.2442798316 0.9392105341
469.5 -463.2 2420.8 0.9739506245 -0.0274402294 -0.2250938118 0.0661335960 0.9838699102 0.1662117690 0.2169021368 -0.1767683178 0.9600554109
358.1 112.2 2261.8 0 0 0 0 0 0 0 0 0
400.5 163.7 2269.8 0 0 0 0 0 0 0 0 0
278.6 -767.9 2468.9 0 0 0 0 0 0 0 0 0
478.0 -765.1 2475.0 0 0 0 0 0 0 0 0 0
374.9 449.0 2258.0  0.9901226163 -0.0169547219 -0.1391753852 0.0762859955 0.8980072737 0.4333167374 0.1176337525 -0.4396538138 0.8904306889
378.3 268.0 2346.6 0.9901226163 -0.0169547219 -0.1391753852 0.0762859955 0.8980072737 0.4333167374 0.1176337525 -0.4396538138 0.8904306889
383.0 87.0 2428.6 0.9900715351 -0.0237346403 -0.1385460347 0.0785552934 0.9107847214 0.4053397179 0.1165650189 -0.4121988416 0.9036064744
239.0 257.0 2330.2 0.7178657055 -0.0762865767 -0.6919893026 0.6619779468 0.3825252652 0.6445615888 0.2155319750 -0.9207903147 0.3251017928
92.2 121.6 2286.1 -0.9945105910 -0.0762865767 -0.0716169849 0.0371390097 0.3825252652 -0.9231983423 0.0978229418 -0.9207903147 -0.3775922060
517.6 279.1 2363.0 0.7258549333 0.1969833672 0.6590388417 -0.6517882347 0.5031174421 0.5674899817 -0.2197878510 -0.8414691687 0.4935817420
658.4 152.8 2320.4 -0.9778181911 0.1969833672 0.0711976290 0.0384903364 0.5031174421 -0.8633604646 -0.2058884352 -0.8414691687 -0.4995393753
297.5 -91.2 2501.4 0.9124487042 0.0644952133 0.4040763378 -0.0019946173 0.9881897569 -0.1532223374 -0.4091861844 0.1390015483 0.9018011093
271.8 -484.1 2446.1 0.9126329422 -0.0243598688 0.4080536366 -0.0086898124 0.9968411326 0.0789443478 -0.4086877108 -0.0755931213 0.9095383883
479.4 -77.2 2521.0 0.9643834829 0.0268340837 -0.2631433904 -0.0932637528 0.9654449821 -0.2433471382 0.2475204766 0.2592217028 0.9335618615
468.7 -461.0 2418.0 0.9729667306 -0.0309696011 -0.2288593650 0.0724111125 0.9819067717 0.1749735773 0.2192996889 -0.1868154407 0.9576051831
350.2 111.9 2260.8 0 0 0 0 0 0 0 0 0
400.5 162.9 2266.1 0 0 0 0 0 0 0 0 0
278.8 -769.9 2467.8 0 0 0 0 0 0 0 0 0
478.3 -764.8 2475.8 0 0 0 0 0 0 0 0 0
378.2 441.3 2258.4  0.9891533852 -0.0128741339 -0.1463208497 0.0763845816 0.8959477544 0.4375419617 0.1254628748 -0.4439727962 0.8872131705
380.7 262.4 2347.0 0.9891533852 -0.0128741339 -0.1463208497 0.0763845816 0.8959477544 0.4375419617 0.1254628748 -0.4439727962 0.8872131705
384.7 82.0 2430.4 0.9891045094 -0.0198988114 -0.1458639652 0.0790751278 0.9075651169 0.4123986661 0.1241747960 -0.4194395840 0.8992502689
241.5 251.3 2329.6 0.7363971472 -0.0695910677 -0.6729608774 0.6383894086 0.4008174837 0.6571182013 0.2240049243 -0.9135110378 0.3395870626
94.0 123.4 2284.7 -0.9939759970 -0.0695910677 -0.0846688673 0.0498621315 0.4008174837 -0.9148000479 0.0975986719 -0.9135110378 -0.3949330151
519.9 273.6 2364.5 0.7321407795 0.1998751312 0.6511680484 -0.6451398730 0.5102076530 0.5687554479 -0.2185508609 -0.8365035057 0.5024912357
660.3 149.9 2322.6 -0.9764831662 0.1998751312 0.0808115304 0.0333112925 0.5102076530 -0.8594058752 -0.2130045295 -0.8365035057 -0.5048673153
296.9 -101.2 2499.8 0.9155860543 0.0640937015 0.3969812989 -0.0090706842 0.9902565479 -0.1389592439 -0.4020197392 0.1236282513 0.9072464705
271.4 -494.9 2450.7 0.9153795838 -0.0284368787 0.4015863538 -0.0006960589 0.9973889589 0.0722130835 -0.4025913179 -0.0663819090 0.9129697084
478.5 -86.8 2521.2 0.9623550177 0.0222443361 -0.2708837092 -0.0874997601 0.9689423442 -0.2312887460 0.2573258281 0.2462841421 0.9344129562
469.7 -472.0 2423.3 0.9701060057 -0.0294245519 -0.2408910692 0.0705381781 0.9839552641 0.1638793498 0.2322039455 -0.1759723574 0.9566164613
352.1 110.4 2259.3 0 0 0 0 0 0 0 0 0
402.9 158.7 2266.5 0 0 0 0 0 0 0 0 0
279.3 -771.4 2469.1 0 0 0 0 0 0 0 0 0
478.4 -763.8 2475.5 0 0 0 0 0 0 0 0 0
377.9 446.5 2249.1  0.9847844243 -0.0165934097 -0.1729865521 0.0953541324 0.8837924600 0.4580594897 0.1452834457 -0.4675848186 0.8719272614
381.3 269.0 2343.0 0.9847844243 -0.0165934097 -0.1729865521 0.0953541324 0.8837924600 0.4580594897 0.1452834457 -0.4675848186 0.8719272614
385.8 90.9 2430.9 0.9847547412 -0.0230353456 -0.1724167019 0.0966874585 0.8964541554 0.4324598312 0.1446018070 -0.4425373971 0.8850146532
242.7 255.4 2322.7 0.7373589277 -0.0714531243 -0.6717114449 0.6488795280 0.3513328135 0.6749227047 0.1877689511 -0.9335200787 0.3054228723
90.3 121.2 2283.8 -0.9951074719 -0.0714531243 -0.0682319999 0.0389136076 0.3513328135 -0.9354416132 0.0908123627 -0.9335200787 -0.3468334079
519.8 282.7 2363.3 0.7172148824 0.2053328604 0.6659138203 -0.6719721556 0.4568543732 0.5828700662 -0.1845432520 -0.8655186296 0.4656407237
663.7 147.8 2326.2 -0.9746561050 0.2053328604 0.0887912810 0.0152210118 0.4568543732 -0.8894112706 -0.2231900543 -0.8655186296 -0.4484012723
297.9 -105.6 2502.4 0.9242141247 0.0652357638 0.3762613237 -0.0135713136 0.9902890325 -0.1383598596 -0.3816334903 0.1227677688 0.9161244035
271.9 -499.4 2453.6 0.9238104820 -0.0297808610 0.3816900253 0.0057660732 0.9979391694 0.0639071688 -0.3828066587 -0.0568372644 0.9220784307
479.4 -91.1 2525.2 0.9570632577 0.0189570207 -0.2892586589 -0.0875293389 0.9701813459 -0.2260238975 0.2763485909 0.2416377813 0.9301841855
471.8 -476.8 2429.1 0.9647725224 -0.0226058885 -0.2621124089 0.0627571270 0.9873152375 0.1458428353 0.2554906607 -0.1571545750 0.9539533257
348.8 111.1 2260.2 0 0 0 0 0 0 0 0 0
407.0 151.8 2267.5 0 0 0 0 0 0 0 0 0
280.1 -774.7 2469.3 0 0 0 0 0 0 0 0 0
478.4 -765.1 2475.0 0 0 0 0 0 0 0 0 0
376.4 444.9 2237.4  0.9863979220 -0.0144217471 -0.1637412161 0.0952089801 0.8621567488 0.4976153076 0.1339941025 -0.5064363480 0.8518027067
379.3 271.3 2339.4 0.9863979220 -0.0144217471 -0.1637412161 0.0952089801 0.8621567488 0.4976153076 0.1339941025 -0.5064363480 0.8518027067
384.5 96.6 2433.8 0.9862816334 -0.0261465330 -0.1629875898 0.1002018750 0.8794836402 0.4652613401 0.1311799437 -0.4752103686 0.8700384498
240.5 257.2 2321.0 0.7317970395 -0.0548861697 -0.6793089509 0.6563543081 0.3251334727 0.6807989478 0.1834996194 -0.9440740347 0.2739564776
86.1 118.7 2282.3 -0.9968515038 -0.0548861697 -0.0572236218 0.0363436714 0.3251334727 -0.9449694753 0.0704710707 -0.9440740347 -0.3221150339
518.1 285.4 2357.8 0.7233623266 0.1838198900 0.6655502915 -0.6751141548 0.3904424906 0.6259197593 -0.1448026001 -0.9020891786 0.4065307975
664.6 148.7 2328.5 -0.9789955020 0.1838198900 0.0881932750 -0.0096196719 0.3904424906 -0.9205770493 -0.2036547810 -0.9020891786 -0.3804731369
299.9 -96.2 2505.6 0.9210708141 0.0717709139 0.3827238381 -0.0191777460 0.9900357127 -0.1395045072 -0.3889226317 0.1211537495 0.9132694006
