-100.4 491.1 2419.6  0.9985026121 0.0430122651 -0.0338003114 -0.0337880850 0.9708481431 0.2373020947 0.0430218689 -0.2358047217 0.9708477259
-109.3 289.1 2468.6 0.9985026121 0.0430122651 -0.0338003114 -0.0337880850 0.9708481431 0.2373020947 0.0430218689 -0.2358047217 0.9708477259
-117.0 94.5 2507.8 0.9986248016 0.0386467986 -0.0354247391 -0.0308695268 0.9796142578 0.1985019147 0.0423740409 -0.1971353889 0.9794601202
-255.2 293.6 2462.5 0.3500506878 -0.7021057606 -0.6200903058 0.9363667965 0.2438185066 0.2525268495 -0.0261110682 -0.6690291762 0.7427773476
-334.0 82.9 2468.3 -0.7110797763 -0.7021057606 -0.0375901200 -0.1904718876 0.2438185066 -0.9509326816 0.6768205166 -0.6690291762 -0.3071058393
36.5 284.6 2474.8 0.1092195138 0.7427150607 0.6606401801 -0.9937519431 0.0662188530 0.0898452252 0.0229825675 -0.6663253307 0.7453069091
62.7 46.9 2480.3 -0.6691827178 0.7427150607 -0.0238501541 0.1088454947 0.0662188530 -0.9918506742 -0.7350830436 -0.6663253307 -0.1251536906
-215.4 -95.5 2542.9 0.9967744350 0.0407496206 -0.0691385865 -0.0410223529 0.9991550446 -0.0025289489 0.0689771101 0.0053570191 0.9976038337
-231.6 -492.6 2540.8 0.9954901934 0.0591648705 -0.0741540715 -0.0692712590 0.9874240160 -0.1421100944 0.0648135841 0.1466059536 0.9870693684
-32.1 -101.7 2547.5 0.9803014994 0.0663806498 -0.1860176921 -0.0627853274 0.9977098703 0.0251593236 0.1872617900 -0.0129845403 0.9822242260
-58.5 -498.2 2552.7 0.9673708677 -0.1641292721 -0.1930161119 0.1462666839 0.9838150740 -0.1035080850 0.2068808675 0.0718988776 0.9757207036
-149.4 132.3 2292.6 0 0 0 0 0 0 0 0 0
-109.8 75.0 2290.9 0 0 0 0 0 0 0 0 0
-251.1 -819.0 2492.3 0 0 0 0 0 0 0 0 0
-5.0 -818.8 2529.2 0 0 0 0 0 0 0 0 0
-99.5 489.4 2417.2  0.9987858534 0.0480775833 -0.0107422238 -0.0441121422 0.9699068666 0.2394469380 0.0219309852 -0.2386823446 0.9708500504
-109.5 287.2 2466.9 0.9987858534 0.0480775833 -0.0107422238 -0.0441121422 0.9699068666 0.2394469380 0.0219309852 -0.2386823446 0.9708500504
-118.1 92.6 2506.5 0.9989867806 0.0432028100 -0.0126063135 -0.0398216322 0.9790585637 0.1996459812 0.0209675878 -0.1989416927 0.9797869921
-255.4 293.0 2463.9 0.3520590365 -0.6980460286 -0.6235271692 0.9359338284 0.2560938895 0.2417515218 -0.0090721948 -0.6686909795 0.7434850931
-334.3 83.2 2465.9 -0.7139785886 -0.6980460286 -0.0544637591 -0.1779004186 0.2560938895 -0.9501407146 0.6771897674 -0.6686909795 -0.3070282340
36.4 281.3 2470.0 0.0911783576 0.7636780143 0.6391263008 -0.9954294562 0.0515891612 0.0803661421 0.0284018666 -0.6435328126 0.7648913860
57.8 47.7 2476.7 -0.6450418234 0.7636780143 -0.0267758239 0.1023142487 0.0515891612 -0.9934135079 -0.7572667003 -0.6435328126 -0.1114123091
-216.3 -97.3 2543.1 0.9980358481 0.0398362800 -0.0483476482 -0.0405983925 0.9990646839 -0.0148845203 0.0477094837 0.0168181229 0.9987196326
-232.1 -494.3 2536.4 0.9968060851 0.0598244555 -0.0529018901 -0.0666440129 0.9881469607 -0.1382901520 0.0440017059 0.1413740665 0.9889778495
-33.2 -103.0 2550.9 0.9844577312 0.0588025562 -0.1654849499 -0.0570528246 0.9982537627 0.0153112393 0.1660963148 -0.0056318836 0.9860934615
-56.5 -499.6 2553.1 0.9729453921 -0.1553461850 -0.1710110307 0.1404408664 0.9854116440 -0.0961262286 0.1834491044 0.0695086420 0.9805687070
-148.8 129.4 2290.0 0 0 0 0 0 0 0 0 0
-107.2 73.9 2282.9 0 0 0 0 0 0 0 0 0
-251.6 -816.4 2490.3 0 0 0 0 0 0 0 0 0
-5.9 -820.8 2530.5 0 0 0 0 0 0 0 0 0
-97.6 484.2 2424.0  0.9983148575 0.0551254414 -0.0181275103 -0.0498716272 0.9747475982 0.2176693082 0.0296688639 -0.2163984627 0.9758542180
-109.0 282.2 2468.8 0.9983148575 0.0551254414 -0.0181275103 -0.0498716272 0.9747475982 0.2176693082 0.0296688639 -0.2163984627 0.9758542180
-118.9 87.0 2504.5 0.9985532165 0.0498724319 -0.0201050397 -0.0454287007 0.9824688435 0.1808071136 0.0287698656 -0.1796321869 0.9833130836
-254.9 288.9 2464.6 0.3472767770 -0.6750559807 -0.6509211063 0.9370707273 0.2764656246 0.2132257223 0.0360179916 -0.6840074658 0.7285853028
-331.2 82.9 2456.7 -0.7360519767 -0.6750559807 -0.0502684526 -0.1892069131 0.2764656246 -0.9422141314 0.6499447823 -0.6840074658 -0.3312183022
36.8 275.6 2473.0 0.0991439670 0.7514433861 0.6523061395 -0.9950203896 0.0816122144 0.0572174788 -0.0102404533 -0.6547306776 0.7557928562
59.0 53.1 2470.7 -0.6597973704 0.7514433861 0.0005452638 0.0921280459 0.0816122144 -0.9923970103 -0.7457746863 -0.6547306776 -0.1230765358
-218.2 -98.3 2544.1 0.9978235960 0.0338142663 -0.0566102713 -0.0350846350 0.9991509318 -0.0215989109 0.0558318533 0.0235380530 0.9981626868
-231.7 -495.3 2534.7 0.9963513017 0.0605111904 -0.0601868927 -0.0683800727 0.9879726171 -0.1386875212 0.0510708578 0.1422970742 0.9885056019
-35.1 -105.6 2547.9 0.9834012985 0.0529432856 -0.1735481173 -0.0530104525 0.9985849261 0.0042513856 0.1735276133 0.0050190464 0.9848161936
-56.1 -502.4 2545.9 0.9714497328 -0.1579181999 -0.1770516485 0.1473911107 0.9865126014 -0.0711952150 0.1859066933 0.0430667326 0.9816231132
-140.1 132.0 2288.0 0 0 0 0 0 0 0 0 0
-110.9 76.8 2278.7 0 0 0 0 0 0 0 0 0
-251.4 -817.4 2488.4 0 0 0 0 0 0 0 0 0
-5.6 -818.1 2532.2 0 0 0 0 0 0 0 0 0
-98.5 486.6 2436.4  0.9970250726 0.0546087474 -0.0543960407 -0.0447515249 0.9847166538 0.1683165133 0.0627562404 -0.1653814763 0.9842309952
-109.8 283.1 2470.5 0.9970250726 0.0546087474 -0.0543960407 -0.0447515249 0.9847166538 0.1683165133 0.0627562404 -0.1653814763 0.9842309952
-119.4 86.7 2497.8 0.9972122312 0.0494413115 -0.0558864996 -0.0412002206 0.9892882705 0.1400400251 0.0622116216 -0.1373470873 0.9885674119
-255.4 289.3 2461.4 0.3360670805 -0.6689656973 -0.6629810333 0.9407736063 0.2718879282 0.2025387734 0.0447650440 -0.6917816997 0.7207178473
-328.7 83.9 2451.7 -0.7425030470 -0.6689656973 -0.0342664160 -0.2015336603 0.2718879282 -0.9409894347 0.6388062835 -0.6917816997 -0.3366966844
35.8 277.0 2479.6 0.1053197011 0.7491413355 0.6539839506 -0.9932096004 0.1119256020 0.0317384675 -0.0494209453 -0.6528857946 0.7558423877
59.4 54.6 2468.6 -0.6620367765 0.7491413355 0.0222373884 0.0934212431 0.1119256020 -0.9893155098 -0.7436260581 -0.6528857946 -0.1440845877
-220.4 -104.0 2537.6 0.9955855608 0.0263423529 -0.0900859013 -0.0272543617 0.9995888472 -0.0089084776 0.0898141861 0.0113243852 0.9958941340
-230.9 -501.2 2533.1 0.9934541583 0.0669094995 -0.0925850198 -0.0785228908 0.9886496663 -0.1280859858 0.0829639807 0.1345175952 0.9874320030
-37.3 -112.3 2542.8 0.9777442813 0.0402719006 -0.2058986574 -0.0383660272 0.9991760254 0.0132422028 0.2062622905 -0.0050479751 0.9784837365
-53.3 -509.4 2544.8 0.9664976597 -0.1495098472 -0.2086360902 0.1367484480 0.9878088236 -0.0743883178 0.2172143608 0.0433654748 0.9751601815
-135.9 136.3 2285.8 0 0 0 0 0 0 0 0 0
-112.0 78.7 2276.1 0 0 0 0 0 0 0 0 0
-252.3 -818.6 2489.9 0 0 0 0 0 0 0 0 0
-7.1 -814.5 2531.4 0 0 0 0 0 0 0 0 0
-96.5 485.3 2433.6  0.9969655275 0.0621960908 -0.0468125232 -0.0525962636 0.9815295339 0.1839387119 0.0573881418 -0.1809183955 0.9818223715
-109.4 281.9 2471.1 0.9969655275 0.0621960908 -0.0468125232 -0.0525962636 0.9815295339 0.1839387119 0.0573881418 -0.1809183955 0.9818223715
-120.7 85.8 2500.4 0.9971536398 0.0574274883 -0.0488533080 -0.0494993590 0.9873930812 0.1503487676 0.0568715706 -0.1475026160 0.9874252677
-255.0 289.2 2462.7 0.3448921442 -0.6601659060 -0.6672558188 0.9367185235 0.2875621021 0.1996657997 0.0600649342 -0.6938940883 0.7175675631
-330.4 84.3 2449.6 -0.7501441836 -0.6601659060 -0.0382709317 -0.2053426653 0.2875621021 -0.9354904890 0.6285842061 -0.6938940883 -0.3512732685
36.2 274.6 2479.4 0.1173368841 0.7405331731 0.6616968513 -0.9912783504 0.1275883168 0.0329911448 -0.0599937513 -0.6597968340 0.7490453124
61.9 57.7 2466.2 -0.6709463596 0.7405331731 0.0379685238 0.0849000588 0.1275883168 -0.9881868362 -0.7366294265 -0.6597968340 -0.1484762281
-220.5 -105.8 2519.4 0.9961777925 0.0270748697 -0.0830465630 -0.0235640183 0.9987984896 0.0429685079 0.0841101557 -0.0408473611 0.9956188798
-231.2 -502.2 2535.6 0.9941626191 0.0643540919 -0.0865984261 -0.0761386082 0.9871487021 -0.1405002326 0.0764437616 0.1462735534 0.9862861633
-37.7 -113.5 2530.8 0.9790982008 0.0436049849 -0.1986589432 -0.0333650932 0.9979503751 0.0546056889 0.2006328553 -0.0468360558 0.9785462618
-55.0 -509.7 2549.4 0.9672227502 -0.1527535170 -0.2028459609 0.1373144388 0.9865925312 -0.0882040188 0.2135997862 0.0574592575 0.9752299786
-135.6 137.6 2286.3 0 0 0 0 0 0 0 0 0
-112.7 79.8 2274.5 0 0 0 0 0 0 0 0 0
-251.7 -816.4 2489.0 0 0 0 0 0 0 0 0 0
-7.8 -814.7 2531.6 0 0 0 0 0 0 0 0 0
-95.1 482.1 2432.7  0.9971686006 0.0672894865 -0.0335691907 -0.0601099283 0.9814893603 0.1818389148 0.0451836511 -0.1793062091 0.9827551842
-109.0 279.5 2469.7 0.9971686006 0.0672894865 -0.0335691907 -0.0601099283 0.9814893603 0.1818389148 0.0451836511 -0.1793062091 0.9827551842
-121.3 83.4 2499.0 0.9974350333 0.0620608255 -0.0356620513 -0.0560550019 0.9870975614 0.1499875933 0.0445102751 -0.1476038396 0.9880445004
-254.6 287.7 2463.2 0.3358784616 -0.6608566046 -0.6711588502 0.9391324520 0.2895998359 0.1848301440 0.0722212642 -0.6923875213 0.7179022431
-326.7 86.1 2447.7 -0.7486539483 -0.6608566046 -0.0527809225 -0.1894931197 0.2895998359 -0.9382026792 0.6353028417 -0.6923875213 -0.3420378566
36.7 271.3 2476.2 0.1938187778 0.6904802918 0.6969011426 -0.9805021286 0.1598020643 0.1143627763 -0.0324009955 -0.7054787278 0.7079900503
78.9 57.9 2469.1 -0.7214174271 0.6904802918 0.0528571196 0.0808653682 0.1598020643 -0.9838313460 -0.6877628565 -0.7054787278 -0.1711199284
-223.4 -105.7 2524.4 0.9973667860 0.0152286766 -0.0709055662 -0.0135472286 0.9996169209 0.0241347440 0.0712459460 -0.0231106170 0.9971910119
-229.5 -502.7 2533.6 0.9948695898 0.0706341788 -0.0724246576 -0.0799496695 0.9876087308 -0.1350446939 0.0619884506 0.1401421726 0.9881890416
-40.6 -114.9 2534.9 0.9816919565 0.0371491872 -0.1868175566 -0.0300355349 0.9987171888 0.0407664366 0.1880923361 -0.0344089158 0.9815484285
-55.4 -511.6 2548.5 0.9693896174 -0.1554246396 -0.1900708526 0.1404088140 0.9859809279 -0.0901499391 0.2014177591 0.0607027933 0.9776226282
-131.8 135.5 2282.2 0 0 0 0 0 0 0 0 0
-109.0 79.0 2290.0 0 0 0 0 0 0 0 0 0
-252.1 -818.5 2488.8 0 0 0 0 0 0 0 0 0
-7.3 -816.3 2529.8 0 0 0 0 0 0 0 0 0
-93.9 481.8 2431.2  0.9974862933 0.0695380345 -0.0136224590 -0.0659151226 0.9811278582 0.1817783117 0.0260058790 -0.1804234535 0.9832451940
-108.2 279.5 2468.4 0.9974862933 0.0695380345 -0.0136224590 -0.0659151226 0.9811278582 0.1817783117 0.0260058790 -0.1804234535 0.9832451940
-121.1 83.5 2498.2 0.9977835417 0.0646629333 -0.0157078635 -0.0615568385 0.9865844846 0.1512012035 0.0252742488 -0.1498991400 0.9883781672
-254.0 288.5 2464.7 0.3370338380 -0.6391202211 -0.6913273931 0.9362980127 0.3045562506 0.1749041975 0.0987632498 -0.7062370777 0.7010527849
-326.0 88.3 2443.6 -0.7681842446 -0.6391202211 -0.0376604423 -0.2078158855 0.3045562506 -0.9295472503 0.6055621505 -0.7062370777 -0.3667746484
37.5 270.5 2472.1 0.2188319415 0.5985696316 0.7706016898 -0.9756169915 0.1478618681 0.1621986181 -0.0168554392 -0.7873063087 0.6163316369
84.6 60.3 2468.5 -0.8005092740 0.5985696316 0.0299885478 0.0736143738 0.1478618681 -0.9862645864 -0.5947821736 -0.7873063087 -0.1624281257
-225.0 -107.5 2524.3 0.9985154867 0.0175323151 -0.0515701957 -0.0165202394 0.9996637702 0.0199864544 0.0519032627 -0.0191048309 0.9984693527
-232.0 -504.6 2531.8 0.9965221882 0.0637893900 -0.0536136553 -0.0702980906 0.9890335202 -0.1298878342 0.0447402373 0.1332050413 0.9900781512
-42.1 -117.9 2532.4 0.9853659272 0.0303442422 -0.1677297354 -0.0242552385 0.9989744425 0.0382331572 0.1687178761 -0.0336053260 0.9850913286
-54.1 -514.8 2545.8 0.9731610417 -0.1549553573 -0.1701364368 0.1431412846 0.9864869714 -0.0797120705 0.1801891923 0.0532191321 0.9821912050
-126.5 142.3 2286.3 0 0 0 0 0 0 0 0 0
-122.9 79.4 2314.3 0 0 0 0 0 0 0 0 0
-252.1 -816.9 2489.8 0 0 0 0 0 0 0 0 0
-6.5 -818.4 2529.4 0 0 0 0 0 0 0 0 0
-93.4 479.9 2431.0  0.9978489876 0.0654263943 -0.0040922188 -0.0636130497 0.9814909697 0.1806346774 0.0158347525 -0.1799858212 0.9835417271
-106.8 277.8 2468.0 0.9978489876 0.0654263943 -0.0040922188 -0.0636130497 0.9814909697 0.1806346774 0.0158347525 -0.1799858212 0.9835417271
-119.3 81.8 2497.9 0.9980242252 0.0625417978 -0.0060140113 -0.0609182082 0.9866430163 0.1510777622 0.0153823579 -0.1504129022 0.9885035753
-252.6 286.7 2465.8 0.3352929950 -0.6273358464 -0.7028715014 0.9340388179 0.3188228905 0.1610076129 0.1230856702 -0.7104939818 0.6928551197
-323.5 89.1 2439.8 -0.7783445120 -0.6273358464 -0.0250907503 -0.2273050696 0.3188228905 -0.9201545119 0.5852454305 -0.7104939818 -0.3907506466
38.9 268.9 2470.3 0.2282702178 0.5402694941 0.8099392653 -0.9735558033 0.1343944222 0.1847355664 -0.0090443268 -0.8306906819 0.5566607714
87.2 62.9 2468.4 -0.8414695859 0.5402694941 0.0061492408 0.0790702254 0.1343944222 -0.9877682328 -0.5344874859 -0.8306906819 -0.1558080465
-225.4 -106.9 2525.7 0.9989724755 0.0181937367 -0.0415086597 -0.0169445202 0.9993987083 0.0302512273 0.0420340821 -0.0295167994 0.9986800551
-232.6 -504.0 2537.4 0.9971552491 0.0611484312 -0.0440713428 -0.0670112297 0.9868770242 -0.1469121873 0.0345095471 0.1494475454 0.9881672263
-42.4 -118.2 2530.3 0.9869542122 0.0302180462 -0.1581397951 -0.0253135357 0.9991368055 0.0329370722 0.1589985937 -0.0285043065 0.9868672490
-54.4 -515.2 2541.7 0.9738872051 -0.1606491506 -0.1604230702 0.1509472728 0.9859877229 -0.0710151866 0.1695837080 0.0449453592 0.9844903946
-122.7 147.8 2288.8 0 0 0 0 0 0 0 0 0
-131.4 83.4 2329.5 0 0 0 0 0 0 0 0 0
-252.0 -816.9 2490.0 0 0 0 0 0 0 0 0 0
-4.9 -819.2 2527.8 0 0 0 0 0 0 0 0 0
-93.6 480.5 2423.9  0.9942153096 0.0569515713 -0.0910625309 -0.0380225107 0.9795644879 0.1975035369 0.1004497632 -0.1928986311 0.9760634899
-105.3 278.6 2463.6 0.9942153096 0.0569515713 -0.0910625309 -0.0380225107 0.9795644879 0.1975035369 0.1004497632 -0.1928986311 0.9760634899
-115.5 82.8 2495.8 0.9943802357 0.0509237126 -0.0928155631 -0.0350186229 0.9855762720 0.1655689627 0.0999082029 -0.1613882184 0.9818208814
-250.0 283.7 2449.1 0.3459259570 -0.6018652916 -0.7197870612 0.9362334609 0.2718372643 0.2226464450 0.0616617762 -0.7509078979 0.6575220227
-321.4 90.3 2436.4 -0.7983850241 -0.6018652916 0.0184248388 -0.2265101224 0.2718372643 -0.9353061914 0.5579198003 -0.7509078979 -0.3533594012
39.4 273.6 2478.1 0.2300104499 0.4901122153 0.8407646418 -0.9721124172 0.1563176811 0.1748204082 -0.0457447693 -0.8575283289 0.5123988986
89.0 64.0 2468.3 -0.8716524243 0.4901122153 0.0034775061 0.0839679688 0.1563176811 -0.9841311574 -0.4828782976 -0.8575283289 -0.1774084121
-223.2 -108.7 2526.4 0.9917451739 0.0221982580 -0.1262884289 -0.0195402093 0.9995614886 0.0222476237 0.1267269105 -0.0195962694 0.9917440414
-232.0 -505.9 2534.2 0.9896960855 0.0637539700 -0.1282074153 -0.0810974985 0.9875264168 -0.1349621266 0.1180038303 0.1439687908 0.9825212955
-40.2 -119.9 2529.2 0.9699062705 0.0335731581 -0.2411527783 -0.0214793198 0.9983843565 0.0526056066 0.2425292879 -0.0458427072 0.9690603614
-53.5 -516.6 2547.4 0.9571077228 -0.1570854485 -0.2434520870 0.1362611353 0.9855880141 -0.1002453491 0.2556905448 0.0627725348 0.9647185802
-115.4 148.8 2292.4 0 0 0 0 0 0 0 0 0
-138.0 85.9 2342.6 0 0 0 0 0 0 0 0 0
-252.1 -817.6 2488.7 0 0 0 0 0 0 0 0 0
-5.9 -815.3 2528.4 0 0 0 0 0 0 0 0 0
-93.9 480.8 2418.8  0.9953370690 0.0519632585 -0.0812647864 -0.0339357518 0.9772728682 0.2092513889 0.0902912542 -0.2055178881 0.9744793177
-104.6 278.7 2461.3 0.9953370690 0.0519632585 -0.0812647864 -0.0339357518 0.9772728682 0.2092513889 0.0902912542 -0.2055178881 0.9744793177
-114.0 83.2 2495.9 0.9954520464 0.0469448715 -0.0828938484 -0.0316557959 0.9837101102 0.1769530326 0.0898505524 -0.1735241860 0.9807223082
-249.7 283.3 2448.2 0.3630357683 -0.5687791705 -0.7380347848 0.9286658764 0.2855209708 0.2367646396 0.0760576054 -0.7713417411 0.6318600774
-325.0 90.8 2432.5 -0.8220183849 -0.5687791705 0.0278576147 -0.2290974408 0.2855209708 -0.9305869937 0.5213445425 -0.7713417411 -0.3650093377
40.5 274.1 2474.4 0.2322896570 0.4459292293 0.8644007444 -0.9719427824 0.1402242780 0.1888500899 -0.0369961970 -0.8840159774 0.4659903347
90.8 63.8 2466.4 -0.8948314786 0.4459292293 -0.0205845535 0.0925560147 0.1402242780 -0.9857842326 -0.4367035329 -0.8840159774 -0.1667505354
-216.6 -109.8 2518.8 0.9926933646 0.0352979675 -0.1153860614 -0.0292844512 0.9981435537 0.0534029603 0.1170568690 -0.0496337451 0.9918841720
-230.6 -506.2 2538.5 0.9902926087 0.0699308962 -0.1201260760 -0.0875522643 0.9850570560 -0.1483144760 0.1079592705 0.1573920399 0.9816173315
-34.9 -116.1 2537.1 0.9713215232 0.0501783937 -0.2324149013 -0.0441752374 0.9985437393 0.0309660211 0.2336302698 -0.0198109783 0.9721236825
-54.8 -512.7 2544.9 0.9584406614 -0.1592274010 -0.2367237210 0.1421650350 0.9859598279 -0.0875918716 0.2473471016 0.0502977744 0.9676205516
-111.8 150.2 2297.3 0 0 0 0 0 0 0 0 0
-142.6 87.9 2352.5 0 0 0 0 0 0 0 0 0
-252.7 -818.0 2488.7 0 0 0 0 0 0 0 0 0
-5.3 -819.6 2529.3 0 0 0 0 0 0 0 0 0
-95.3 481.9 2424.3  0.9984227419 0.0529716797 -0.0186026506 -0.0485410951 0.9809572101 0.1880602688 0.0282102730 -0.1868606508 0.9819812775
-106.2 279.1 2462.9 0.9984227419 0.0529716797 -0.0186026506 -0.0485410951 0.9809572101 0.1880602688 0.0282102730 -0.1868606508 0.9819812775
-116.1 83.2 2494.5 0.9985924363 0.0490941219 -0.0200733412 -0.0452705994 0.9861243963 0.1597161144 0.0276359357 -0.1585825682 0.9869588614
-251.7 285.7 2458.9 0.3759128451 -0.5511949658 -0.7448984385 0.9164214134 0.3402689099 0.2106865644 0.1373363882 -0.7618406415 0.6330383420
-330.8 92.8 2430.0 -0.8343525529 -0.5511949658 -0.0063170544 -0.2178647667 0.3402689099 -0.9147415161 0.5063503981 -0.7618406415 -0.4039901793
39.2 272.6 2466.9 0.2477444708 0.4543610215 0.8556744456 -0.9687693119 0.1066759303 0.2238443196 0.0104262698 -0.8844073415 0.4665994048
92.8 63.3 2469.2 -0.8890470266 0.4543610215 -0.0561372973 0.1168660969 0.1066759303 -0.9874019027 -0.4426484704 -0.8844073415 -0.1479393244
-214.4 -109.3 2522.2 0.9978332520 0.0391452461 -0.0528818853 -0.0365323760 0.9981055856 0.0495040938 0.0547195524 -0.0474649295 0.9973729849
-230.0 -505.9 2541.0 0.9953545332 0.0753950179 -0.0598745272 -0.0840969756 0.9836193919 -0.1594384760 0.0468728803 0.1637330800 0.9853904843
-32.2 -115.1 2538.6 0.9837308526 0.0563680641 -0.1705763340 -0.0510479324 0.9980679154 0.0354195125 0.1722432971 -0.0261356980 0.9847076535
-54.6 -511.6 2549.0 0.9714149833 -0.1589371860 -0.1763289273 0.1447076350 0.9852903485 -0.0908989385 0.1881824136 0.0627844483 0.9801252484
-110.0 150.5 2296.0 0 0 0 0 0 0 0 0 0
-139.5 93.8 2353.5 0 0 0 0 0 0 0 0 0
-254.0 -819.4 2488.8 0 0 0 0 0 0 0 0 0
-4.9 -819.6 2529.3 0 0 0 0 0 0 0 0 0
-93.4 478.9 2419.5  0.9975674152 0.0679661334 0.0154879047 -0.0697005168 0.9758787751 0.2068874240 -0.0010529782 -0.2074636668 0.9782421589
-107.5 276.9 2462.5 0.9975674152 0.0679661334 0.0154879047 -0.0697005168 0.9758787751 0.2068874240 -0.0010529782 -0.2074636668 0.9782421589
-120.2 81.6 2497.0 0.9978576303 0.0640809983 0.0131845027 -0.0653959885 0.9827975035 0.1727207005 -0.0018895807 -0.1732128859 0.9848825932
-252.9 286.4 2462.8 0.4252208769 -0.5318724513 -0.7323243022 0.8886995912 0.3986381292 0.2264966220 0.1714650691 -0.7471274137 0.6421840787
-340.8 102.8 2427.3 -0.8445312977 -0.5318724513 -0.0622781105 -0.1848132759 0.3986381292 -0.8982937932 0.5026041269 -0.7471274137 -0.4349594712
38.0 267.3 2462.2 0.2617776096 0.5066028237 0.8214780092 -0.9643251896 0.1025796309 0.2440377027 0.0393632725 -0.8560554981 0.5153828859
93.8 61.9 2470.6 -0.8588981032 0.5066028237 -0.0751508102 0.1465893686 0.1025796309 -0.9838643074 -0.4907194674 -0.8560554981 -0.1623680294
-217.3 -108.6 2523.5 0.9991955161 0.0330325738 -0.0227412395 -0.0321978480 0.9988278151 0.0361419022 0.0239084419 -0.0353806056 0.9990878701
-230.4 -505.5 2537.6 0.9972394109 0.0684832409 -0.0286976546 -0.0721688569 0.9848595858 -0.1576176137 0.0174689945 0.1592535675 0.9870831370
-34.6 -116.8 2528.5 0.9890765548 0.0477920361 -0.1394397914 -0.0401451066 0.9975582361 0.0571483523 0.1418305486 -0.0509262718 0.9885801077
-53.6 -513.0 2548.7 0.9767293930 -0.1582611650 -0.1447518915 0.1474157423 0.9855964184 -0.0828752518 0.1557828784 0.0596079864 0.9859911799
-113.9 152.4 2292.3 0 0 0 0 0 0 0 0 0
-130.4 100.1 2342.5 0 0 0 0 0 0 0 0 0
-252.3 -820.2 2486.7 0 0 0 0 0 0 0 0 0
-4.3 -820.5 2530.2 0 0 0 0 0 0 0 0 0
-94.0 478.7 2416.6  0.9978554845 0.0538684204 -0.0371840112 -0.0444780961 0.9748011827 0.2185963243 0.0480224565 -0.2164736688 0.9751066566
-105.2 275.6 2461.7 0.9978554845 0.0538684204 -0.0371840112 -0.0444780961 0.9748011827 0.2185963243 0.0480224565 -0.2164736688 0.9751066566
-115.3 80.6 2498.4 0.9979889393 0.0500351191 -0.0389174409 -0.0419649854 0.9816613793 0.1859565377 0.0475081056 -0.1839494109 0.9817869663
-250.7 281.7 2454.8 0.4996768832 -0.5224240422 -0.6909385920 0.8551797867 0.4244233370 0.2975439429 0.1378063560 -0.7395524979 0.6588410139
-351.2 109.7 2427.1 -0.8498181701 -0.5224240422 -0.0698723122 -0.1880898476 0.4244233370 -0.8857127428 0.4923730791 -0.7395524979 -0.4589453340
40.2 269.6 2468.7 0.2442885041 0.5746323466 0.7811022997 -0.9696952105 0.1479010731 0.1944644749 -0.0037803007 -0.8049365878 0.5933487415
92.8 60.6 2467.8 -0.8163175583 0.5746323466 -0.0585091859 0.1738942862 0.1479010731 -0.9735943675 -0.5508052707 -0.8049365878 -0.2206595242
-224.3 -107.6 2531.6 0.9972720742 0.0123320781 -0.0727760494 -0.0112477811 0.9998198152 0.0152901746 0.0729514956 -0.0144298952 0.9972310662
-229.2 -504.8 2537.3 0.9943948984 0.0756991655 -0.0738134980 -0.0862614810 0.9845486879 -0.1523903012 0.0611371659 0.1579033881 0.9855601192
-41.6 -119.6 2531.3 0.9815539122 0.0265510287 -0.1893328428 -0.0174539480 0.9986189008 0.0495548919 0.1903870851 -0.0453361906 0.9806616902
-52.2 -516.3 2549.3 0.9695795774 -0.1528530121 -0.1911842525 0.1385670602 0.9866064191 -0.0860633999 0.2017786652 0.0569534749 0.9777738452
-120.9 160.7 2293.7 0 0 0 0 0 0 0 0 0
-119.9 105.9 2324.3 0 0 0 0 0 0 0 0 0
-253.3 -818.8 2487.0 0 0 0 0 0 0 0 0 0
-5.3 -819.0 2531.8 0 0 0 0 0 0 0 0 0
-92.7 481.8 2424.7  0.9966828823 0.0526517406 -0.0620565079 -0.0392159484 0.9788718224 0.2006790340 0.0713114664 -0.1975797415 0.9776895642
-103.7 278.3 2465.8 0.9966828823 0.0526517406 -0.0620565079 -0.0392159484 0.9788718224 0.2006790340 0.0713114664 -0.1975797415 0.9776895642
-113.0 82.7 2499.6 0.9968808889 0.0468851328 -0.0634847432 -0.0353110060 0.9843748212 0.1725088060 0.0705808774 -0.1697290093 0.9829600453
-249.1 283.4 2455.5 0.5294548869 -0.5128365755 -0.6757782102 0.8363528252 0.4489726722 0.3145432770 0.1420966685 -0.7317255139 0.6666230559
-357.0 112.9 2426.5 -0.8554657102 -0.5128365755 -0.0719521716 -0.1958231479 0.4489726722 -0.8718238473 0.4794076979 -0.7317255139 -0.4845059812
41.8 273.1 2476.1 0.1805089712 0.6443278790 0.7431406975 -0.9814757705 0.1673148870 0.0933329910 -0.0642014593 -0.7462220788 0.6625940204
81.0 60.0 2462.1 -0.7636530995 0.6443278790 -0.0409339890 0.1929957718 0.1673148870 -0.9668290019 -0.6161059737 -0.7462220788 -0.2521230876
-216.5 -110.5 2530.7 0.9947025180 0.0361504331 -0.0962290391 -0.0353899561 0.9993274808 0.0095983706 0.0965113044 -0.0061419820 0.9953129292
-230.9 -507.5 2533.1 0.9924329519 0.0709839314 -0.1001906916 -0.0832199156 0.9888157248 -0.1237655804 0.0902847648 0.1311669052 0.9872405529
-34.0 -118.2 2539.4 0.9761414528 0.0431414098 -0.2128065675 -0.0366235822 0.9987342358 0.0344773307 0.2140245885 -0.0258610155 0.9764859080
-51.1 -514.9 2549.7 0.9646216035 -0.1503089964 -0.2165925354 0.1325085759 0.9866600037 -0.0945703834 0.2279179692 0.0625242665 0.9716708064
-124.3 166.2 2296.1 0 0 0 0 0 0 0 0 0
-116.2 109.8 2303.1 0 0 0 0 0 0 0 0 0
-253.3 -819.2 2491.8 0 0 0 0 0 0 0 0 0
-5.1 -816.8 2530.5 0 0 0 0 0 0 0 0 0
-92.1 482.8 2420.2  0.9974325895 0.0561027750 -0.0445052572 -0.0453022234 0.9756509066 0.2145996094 0.0554612279 -0.2120324522 0.9756876230
-103.9 278.7 2464.6 0.9974325895 0.0561027750 -0.0445052572 -0.0453022234 0.9756509066 0.2145996094 0.0554612279 -0.2120324522 0.9756876230
-113.3 83.4 2500.3 0.9977951050 0.0475952998 -0.0462559499 -0.0384561904 0.9826315641 0.1815387160 0.0540929474 -0.1793596148 0.9822953343
-249.5 284.3 2456.7 0.5375639200 -0.5022467971 -0.6773279905 0.8273296356 0.4693743587 0.3085666001 0.1629437953 -0.7262477875 0.6678423882
-359.2 115.5 2423.5 -0.8613333106 -0.5022467971 -0.0765053555 -0.1972460747 0.4693743587 -0.8606867790 0.4681868255 -0.7262477875 -0.5033539534
41.8 273.1 2472.5 0.1480147094 0.6780766845 0.7199330926 -0.9865393043 0.1523969471 0.0592909381 -0.0695117936 -0.7190181613 0.6915062666
73.9 59.1 2457.4 -0.7333313227 0.6780766845 -0.0493674688 0.2059862316 0.1523969471 -0.9666151404 -0.6479157805 -0.7190181613 -0.2514319122
-213.6 -109.6 2526.9 0.9960346222 0.0413322262 -0.0787827894 -0.0387852527 0.9986828566 0.0335902385 0.0800673813 -0.0304014292 0.9963257313
-230.0 -506.3 2539.0 0.9937197566 0.0730144754 -0.0847933292 -0.0845409036 0.9863295555 -0.1414454132 0.0733066052 0.1477256119 0.9863079190
-31.0 -116.1 2539.8 0.9790362120 0.0531695895 -0.1966241151 -0.0472152270 0.9982765913 0.0348509513 0.1981382668 -0.0248366930 0.9798593521
-52.1 -512.7 2549.7 0.9676311016 -0.1516408622 -0.2017303109 0.1357936859 0.9866148829 -0.0902835876 0.2127208114 0.0599675030 0.9752711058
-124.4 169.3 2295.9 0 0 0 0 0 0 0 0 0
-114.6 112.0 2290.9 0 0 0 0 0 0 0 0 0
-252.9 -816.2 2492.5 0 0 0 0 0 0 0 0 0
-5.3 -817.3 2531.2 0 0 0 0 0 0 0 0 0
-91.2 486.8 2425.5  0.9982675314 0.0568407215 0.0152018946 -0.0587453060 0.9773797989 0.2031690478 -0.0033097498 -0.2037101090 0.9790256619
-103.0 283.7 2467.8 0.9982675314 0.0568407215 0.0152018946 -0.0587453060 0.9773797989 0.2031690478 -0.0033097498 -0.2037101090 0.9790256619
-112.4 88.3 2502.8 0.9987896085 0.0472319387 0.0137280170 -0.0489094034 0.9832811952 0.1754021496 -0.0052139172 -0.1758612692 0.9844011664
-248.6 290.8 2468.6 0.5274672508 -0.4976817369 -0.6885428429 0.8207162023 0.5079373121 0.2615810633 0.2195524573 -0.7030736804 0.6763757467
-360.4 116.8 2422.0 -0.8616115451 -0.4976817369 -0.0996915251 -0.1963508427 0.5079373121 -0.8387169242 0.4680511355 -0.7030736804 -0.5353648663
42.6 276.6 2467.1 0.1205684766 0.6963537335 0.7074989080 -0.9908311367 0.1281858236 0.0426860377 -0.0609667450 -0.7061585188 0.7054241300
69.2 58.0 2453.6 -0.7147292495 0.6963537335 -0.0652191788 0.2132703215 0.1281858236 -0.9685474634 -0.6660914421 -0.7061585188 -0.2401297390
-214.2 -108.2 2531.0 0.9992341995 0.0341393650 -0.0191191547 -0.0334374309 0.9987957478 0.0359025486 0.0203218199 -0.0352357589 0.9991723895
-227.7 -505.1 2545.0 0.9967090487 0.0768963248 -0.0256510936 -0.0801205561 0.9825953841 -0.1675916314 0.0123174656 0.1690952778 0.9855227470
-31.3 -115.3 2540.9 0.9893588424 0.0459334217 -0.1380549967 -0.0421479866 0.9986542463 0.0302207284 0.1392573416 -0.0240804050 0.9899634123
-49.6 -512.1 2550.5 0.9793137908 -0.1438409388 -0.1423177272 0.1332508624 0.9877352118 -0.0813838318 0.1522785574 0.0607363433 0.9864696264
-125.3 170.3 2294.3 0 0 0 0 0 0 0 0 0
-113.7 112.6 2283.2 0 0 0 0 0 0 0 0 0
-252.1 -816.9 2491.3 0 0 0 0 0 0 0 0 0
-4.9 -818.6 2531.6 0 0 0 0 0 0 0 0 0
-90.4 484.1 2419.1  0.9969552755 0.0543148555 -0.0559474267 -0.0395143554 0.9704577923 0.2380132228 0.0672222674 -0.2350778133 0.9696491957
-101.7 281.4 2468.2 0.9969552755 0.0543148555 -0.0559474267 -0.0395143554 0.9704577923 0.2380132228 0.0672222674 -0.2350778133 0.9696491957
-111.1 86.9 2507.5 0.9972326159 0.0466449745 -0.0578908771 -0.0341584384 0.9791011810 0.2004847378 0.0660326332 -0.1979524493 0.9779849052
-246.8 286.3 2458.6 0.5459991693 -0.5025143623 -0.6703463793 0.8178486824 0.4932222068 0.2964041829 0.1816823483 -0.7100782990 0.6802796125
-360.5 116.0 2420.8 -0.8600820303 -0.5025143623 -0.0879672542 -0.2016226351 0.4932222068 -0.8462151885 0.4686226845 -0.7100782990 -0.5255298018
43.4 276.6 2477.8 0.1065895036 0.7069261670 0.6992096305 -0.9873480797 0.1582820415 -0.0095147099 -0.1173985228 -0.6893491149 0.7148534060
67.0 58.6 2451.9 -0.7061626911 0.7069261670 -0.0398702882 0.2128906846 0.1582820415 -0.9641702771 -0.6752864718 -0.6893491149 -0.2622708678
-213.2 -102.6 2538.2 0.9950384498 0.0395310745 -0.0913007557 -0.0382605232 0.9991456270 0.0156253669 0.0918404385 -0.0120546250 0.9957007766
-228.9 -499.5 2543.0 0.9930551648 0.0669790134 -0.0967224315 -0.0815657228 0.9844248891 -0.1557389796 0.0847847238 0.1625466347 0.9830514193
-30.4 -111.5 2537.3 0.9766602516 0.0548190400 -0.2076766342 -0.0441762805 0.9974783659 0.0555459037 0.2101979256 -0.0450750962 0.9766191840
-52.2 -507.8 2555.2 0.9652559757 -0.1501507461 -0.2138588578 0.1291726530 0.9856154919 -0.1089794934 0.2271459550 0.0775683969 0.9707666636
-125.7 171.0 2292.9 0 0 0 0 0 0 0 0 0
-113.7 113.0 2279.1 0 0 0 0 0 0 0 0 0
-250.6 -818.1 2490.4 0 0 0 0 0 0 0 0 0
-5.2 -816.4 2530.9 0 0 0 0 0 0 0 0 0
-90.5 482.3 2416.9  0.9897570014 0.0556029342 -0.1314892322 -0.0218720827 0.9692212343 0.2452177852 0.1410769820 -0.2398300618 0.9605096579
-102.0 281.0 2466.7 0.9897570014 0.0556029342 -0.1314892322 -0.0218720827 0.9692212343 0.2452177852 0.1410769820 -0.2398300618 0.9605096579
-111.6 86.7 2507.1 0.9899054170 0.0476737097 -0.1334706843 -0.0190730225 0.9779728055 0.2078591436 0.1404401213 -0.2032152116 0.9690098763
-245.9 283.7 2446.3 0.5603030324 -0.5054244995 -0.6562061906 0.8185132146 0.4592161775 0.3451907337 0.1268726587 -0.7305248380 0.6709968448
-360.9 115.8 2420.3 -0.8603570461 -0.5054244995 -0.0658163652 -0.2036242336 0.4592161775 -0.8646720052 0.4672503471 -0.7305248380 -0.4980065823
41.9 278.4 2487.2 0.1059641615 0.7136132717 0.6924793720 -0.9815427065 0.1865611523 -0.0420578159 -0.1592027694 -0.6752414703 0.7202107310
65.7 58.4 2451.5 -0.7003170848 0.7136132717 -0.0176639035 0.2142864615 0.1865611523 -0.9587889314 -0.6809091568 -0.6752414703 -0.2835696340
-211.7 -104.5 2540.9 0.9853386879 0.0405698083 -0.1657157987 -0.0382170267 0.9991186261 0.0173630714 0.1662741601 -0.0107753417 0.9860206842
-227.8 -501.5 2545.1 0.9825491905 0.0749761090 -0.1702225059 -0.1017737463 0.9827204943 -0.1546043754 0.1556895226 0.1692305803 0.9732018113
-29.5 -110.6 2552.9 0.9577425718 0.0519668236 -0.2828933001 -0.0496437475 0.9986485839 0.0153791793 0.2833102047 -0.0006854114 0.9590280652
-50.1 -507.1 2553.2 0.9476448298 -0.1399336308 -0.2870327532 0.1151111349 0.9881337881 -0.1016910523 0.2978567779 0.0633263364 0.9525077939
-126.0 171.4 2292.7 0 0 0 0 0 0 0 0 0
-113.8 113.3 2277.0 0 0 0 0 0 0 0 0 0
-252.0 -818.0 2490.6 0 0 0 0 0 0 0 0 0
-5.8 -819.4 2533.2 0 0 0 0 0 0 0 0 0
-89.9 476.9 2415.4  0.9919770360 0.0602648929 -0.1111294702 -0.0306818113 0.9675474167 0.2508199513 0.1226386726 -0.2453979701 0.9616338015
-102.3 276.6 2466.2 0.9919770360 0.0602648929 -0.1111294702 -0.0306818113 0.9675474167 0.2508199513 0.1226386726 -0.2453979701 0.9616338015
-112.6 82.6 2507.6 0.9922198653 0.0516159274 -0.1132940650 -0.0264616590 0.9766490459 0.2132050097 0.1216533184 -0.2085482925 0.9704164267
-246.9 280.5 2448.4 0.5584970117 -0.5030256510 -0.6595803499 0.8177044988 0.4675161541 0.3358391821 0.1394287497 -0.7269070148 0.6724327207
-359.8 115.2 2420.2 -0.8619191051 -0.5030256510 -0.0637232140 -0.2093523592 0.4675161541 -0.8588365912 0.4618084729 -0.7269070148 -0.5082706809
42.2 272.8 2483.9 0.1034082919 0.7189708352 0.6873046160 -0.9834139347 0.1774263084 -0.0376415141 -0.1490090787 -0.6720125079 0.7253932953
64.7 59.3 2451.5 -0.6947851777 0.7189708352 -0.0188280270 0.2096594572 0.1774263084 -0.9615418911 -0.6879799962 -0.6720125079 -0.2740122080
-211.6 -105.9 2534.7 0.9880827665 0.0481956825 -0.1461836249 -0.0436105691 0.9984557629 0.0344115570 0.1476163715 -0.0276263170 0.9886587858
-230.7 -502.6 2545.6 0.9861330390 0.0646242574 -0.1528570652 -0.0899858102 0.9821280241 -0.1653092504 0.1394422203 0.1767718792 0.9743241668
-30.9 -109.2 2560.3 0.9627121687 0.0473832861 -0.2663458288 -0.0530198403 0.9984952211 -0.0140075730 0.2652813196 0.0276068747 0.9637757540
-49.7 -505.7 2549.3 0.9527783394 -0.1405380368 -0.2691886127 0.1203142330 0.9886209965 -0.0902938321 0.2788152099 0.0536427870 0.9588454366
-124.4 172.4 2294.1 0 0 0 0 0 0 0 0 0
-113.5 113.0 2275.1 0 0 0 0 0 0 0 0 0
-251.6 -819.2 2488.7 0 0 0 0 0 0 0 0 0
-5.1 -819.1 2532.3 0 0 0 0 0 0 0 0 0
-89.6 474.3 2414.1  0.9926774502 0.0558062792 -0.1071312875 -0.0260579791 0.9649341106 0.2611955404 0.1179509908 -0.2564913034 0.9593225718
-101.2 274.7 2467.1 0.9926774502 0.0558062792 -0.1071312875 -0.0260579791 0.9649341106 0.2611955404 0.1179509908 -0.2564913034 0.9593225718
-111.1 81.0 2510.3 0.9927606583 0.0498292781 -0.1092855409 -0.0245303959 0.9748204947 0.2216376513 0.1175778285 -0.2173523158 0.9689857960
-246.0 278.2 2450.0 0.5685779452 -0.5055291057 -0.6489679813 0.8116186261 0.4733723700 0.3423357606 0.1341428161 -0.7213590741 0.6794459224
-360.2 115.2 2423.0 -0.8600430489 -0.5055291057 -0.0690385103 -0.2095665038 0.4733723700 -0.8555702567 0.4651966095 -0.7213590741 -0.5130625367
43.7 271.1 2484.3 0.0961952582 0.7161250710 0.6913112998 -0.9840520024 0.1728271097 -0.0421006978 -0.1496267021 -0.6762363911 0.7213294506
64.5 58.2 2451.9 -0.6974679828 0.7161250710 -0.0265197624 0.2140062451 0.1728271097 -0.9614219069 -0.6839150190 -0.6762363911 -0.2737966180
-213.7 -109.1 2537.9 0.9886295199 0.0490948670 -0.1421313435 -0.0439824723 0.9982749820 0.0388922244 0.1437955797 -0.0321987122 0.9890834689
-233.2 -505.8 2550.7 0.9871342182 0.0565990731 -0.1495411694 -0.0844744742 0.9786815643 -0.1872071475 0.1357574314 0.1974309832 0.9708712101
-32.2 -113.9 2560.2 0.9640418291 0.0422735661 -0.2623667419 -0.0466376208 0.9988574386 -0.0104256812 0.2616262436 0.0222869534 0.9649119377
-49.0 -510.6 2551.3 0.9536552429 -0.1423033327 -0.2651253939 0.1192194745 0.9876868129 -0.1012986973 0.2762760222 0.0649959221 0.9588780403
-125.3 172.5 2296.0 0 0 0 0 0 0 0 0 0
-114.2 113.1 2276.7 0 0 0 0 0 0 0 0 0
-251.3 -818.5 2487.6 0 0 0 0 0 0 0 0 0
-4.8 -817.0 2531.2 0 0 0 0 0 0 0 0 0
-89.3 472.4 2414.4  0.9961683154 0.0603446215 -0.0633030161 -0.0416103415 0.9636704326 0.2638330162 0.0769241527 -0.2601880133 0.9624888897
-101.8 272.6 2468.4 0.9961683154 0.0603446215 -0.0633030161 -0.0416103415 0.9636704326 0.2638330162 0.0769241527 -0.2601880133 0.9624888897
-112.8 78.9 2511.4 0.9963136315 0.0549136773 -0.0659065843 -0.0391663350 0.9747026563 0.2200471312 0.0763229206 -0.2166546434 0.9732602835
-247.2 278.3 2457.2 0.5690246820 -0.4999469519 -0.6528889537 0.8063222170 0.4950696230 0.3236518204 0.1614167392 -0.7106047273 0.6848251820
-361.7 116.0 2424.7 -0.8619282246 -0.4999469519 -0.0844556466 -0.2044122517 0.4950696230 -0.8444653153 0.4639993012 -0.7106047273 -0.5289098024
43.5 266.9 2479.5 0.1003178880 0.7110194564 0.6959795952 -0.9856355786 0.1665374935 -0.0280676782 -0.1358633637 -0.6831665635 0.7175127864
64.8 57.1 2450.6 -0.7022014856 0.7110194564 -0.0369370319 0.2191981524 0.1665374935 -0.9613623023 -0.6773958802 -0.6831665635 -0.2727970481
-212.0 -110.5 2542.7 0.9933140278 0.0541122295 -0.1019761115 -0.0530583560 0.9985065460 0.0130207483 0.1025283933 -0.0075230072 0.9947016239
-233.5 -507.2 2545.7 0.9922227263 0.0574691854 -0.1104143187 -0.0765646249 0.9811642766 -0.1773542315 0.0981421769 0.1844287217 0.9779336452
-30.1 -115.0 2564.3 0.9737438560 0.0451780036 -0.2231185436 -0.0518900976 0.9983568788 -0.0243094563 0.2216536850 0.0352488272 0.9744881392
-48.0 -511.6 2550.3 0.9641067386 -0.1399457455 -0.2256398350 0.1221632212 0.9883291125 -0.0910037756 0.2357420176 0.0601724684 0.9699510336
-126.3 171.8 2298.0 0 0 0 0 0 0 0 0 0
-114.5 113.1 2277.6 0 0 0 0 0 0 0 0 0
-251.9 -821.6 2486.6 0 0 0 0 0 0 0 0 0
-5.0 -815.8 2531.8 0 0 0 0 0 0 0 0 0
-87.9 471.5 2415.1  0.9965684414 0.0642956421 -0.0521287881 -0.0481347889 0.9625089169 0.2669449747 0.0673378259 -0.2635197341 0.9623008966
-101.2 272.0 2469.7 0.9965684414 0.0642956421 -0.0521287881 -0.0481347889 0.9625089169 0.2669449747 0.0673378259 -0.2635197341 0.9623008966
-112.8 78.5 2513.1 0.9967738986 0.0584529676 -0.0550002456 -0.0448931567 0.9740941525 0.2216420770 0.0665310547 -0.2184578925 0.9735757709
-246.7 278.6 2460.0 0.5674427748 -0.5040836930 -0.6510823965 0.8055086732 0.5038222671 0.3119597435 0.1707759947 -0.7014718652 0.6919341087
-361.3 115.9 2425.5 -0.8586688042 -0.5040836930 -0.0926688910 -0.2052156627 0.5038222671 -0.8390766978 0.4696535170 -0.7014718652 -0.5360623002
44.3 265.5 2479.4 0.0994333401 0.7143345475 0.6927042007 -0.9875105023 0.1563447714 -0.0194758549 -0.1222129539 -0.6821161509 0.7209587693
65.3 56.7 2453.6 -0.6985068917 0.7143345475 -0.0425937809 0.2186219543 0.1563447714 -0.9632033706 -0.6813901663 -0.6821161509 -0.2653771341
-214.9 -111.2 2547.5 0.9946591854 0.0443130992 -0.0932170749 -0.0451859161 0.9989521503 -0.0072725178 0.0927971303 0.0114457756 0.9956192374
-232.5 -508.0 2543.0 0.9929259419 0.0651466399 -0.0992671773 -0.0816557184 0.9816085100 -0.1725604236 0.0861997753 0.1794454455 0.9799841642
-32.5 -118.3 2561.5 0.9762781262 0.0392950550 -0.2129247785 -0.0416507572 0.9991105199 -0.0065873861 0.2124765366 0.0152995987 0.9770463705
-48.1 -515.3 2555.4 0.9664495587 -0.1393580437 -0.2157651186 0.1188681722 0.9873154759 -0.1052545309 0.2276963145 0.0760755911 0.9707558155
-126.8 171.9 2297.2 0 0 0 0 0 0 0 0 0
-114.6 113.0 2278.0 0 0 0 0 0 0 0 0 0
-253.3 -821.2 2485.7 0 0 0 0 0 0 0 0 0
-5.5 -816.7 2532.2 0 0 0 0 0 0 0 0 0
-89.0 470.5 2415.9  0.9950891733 0.0610647798 -0.0779016912 -0.0384207703 0.9636021852 0.2645650208 0.0912218466 -0.2602727115 0.9612162709
-101.7 271.4 2469.7 0.9950891733 0.0610647798 -0.0779016912 -0.0384207703 0.9636021852 0.2645650208 0.0912218466 -0.2602727115 0.9612162709
-112.6 77.6 2512.3 0.9952179790 0.0550667793 -0.0806770846 -0.0362697132 0.9752232432 0.2182296664 0.0906953663 -0.2142599523 0.9725569487
-246.9 276.7 2456.5 0.5712960362 -0.5079621673 -0.6446667910 0.8062060475 0.4944984019 0.3248125017 0.1537942439 -0.7052983642 0.6920271516
-361.0 115.7 2425.8 -0.8567385674 -0.5079621673 -0.0892941654 -0.2051581591 0.4944984019 -0.8446190953 0.4731903672 -0.7052983642 -0.5278684497
43.6 266.1 2483.0 0.1005244777 0.7101967931 0.6967892647 -0.9817614555 0.1843920201 -0.0463031940 -0.1613667607 -0.6794262528 0.7157797813
65.1 56.0 2448.4 -0.7034327388 0.7101967931 -0.0283342320 0.2247058004 0.1843920201 -0.9568212628 -0.6743068099 -0.6794262528 -0.2892927229
-215.8 -111.0 2550.5 0.9921241999 0.0425410829 -0.1178128347 -0.0454734005 0.9987162948 -0.0223132540 0.1167123690 0.0274948701 0.9927850962
-232.7 -507.8 2539.5 0.9904890656 0.0626689866 -0.1224909574 -0.0817382112 0.9841389060 -0.1574468315 0.1106810868 0.1659615487 0.9799012542
-33.1 -119.2 2562.6 0.9708359838 0.0398478657 -0.2364098132 -0.0424764305 0.9990792274 -0.0060339049 0.2359517068 0.0158997774 0.9716346860
-48.9 -516.2 2556.3 0.9605877995 -0.1413401514 -0.2393616289 0.1162027642 0.9864131808 -0.1161290258 0.2525231540 0.0837376490 0.9639605880
-127.0 171.7 2296.5 0 0 0 0 0 0 0 0 0
-114.2 113.3 2276.5 0 0 0 0 0 0 0 0 0
-252.6 -821.2 2486.7 0 0 0 0 0 0 0 0 0
-5.5 -819.2 2530.6 0 0 0 0 0 0 0 0 0
-89.0 470.6 2414.8  0.9840325117 0.0618679151 -0.1668903679 -0.0146051040 0.9625498652 0.2707109749 0.1773886234 -0.2639509439 0.9480839372
-101.7 272.9 2469.1 0.9840325117 0.0618679151 -0.1668903679 -0.0146051040 0.9625498652 0.2707109749 0.1773886234 -0.2639509439 0.9480839372
-112.3 79.1 2512.1 0.9840343595 0.0534023866 -0.1697779149 -0.0145736765 0.9748973250 0.2221775651 0.1773808450 -0.2161560655 0.9601107240
-244.8 275.0 2443.3 0.5933694839 -0.5185077786 -0.6156803966 0.8026485443 0.4386951029 0.4041063190 0.0605636984 -0.7339593172 0.6764878035
-362.5 115.7 2431.3 -0.8528764248 -0.5185077786 -0.0612491407 -0.2038525343 0.4386951029 -0.8752089739 0.4806723595 -0.7339593172 -0.4798518419
41.4 270.7 2494.9 0.1166488975 0.6964359283 0.7080748677 -0.9668602347 0.2426516861 -0.0793816820 -0.2270998210 -0.6753496528 0.7016612887
67.2 57.4 2444.8 -0.7175277472 0.6964359283 0.0114404308 0.2204558700 0.2426516861 -0.9447324276 -0.6607216597 -0.6753496528 -0.3276427090
