366.6 461.2 2308.7 6 0.9965366125 0.0056373281 0.0829641819 -0.0339465141 0.9383583069 0.3439931273 -0.0759109259 -0.3456180692 0.9352997541
365.4 270.1 2379.1 0.9965366125 0.0056373281 0.0829641819 -0.0339465141 0.9383583069 0.3439931273 -0.0759109259 -0.3456180692 0.9352997541
364.2 81.6 2442.3 0.9965494871 0.0058546835 0.0827940330 -0.0318292342 0.9482047558 0.3160610497 -0.0766552612 -0.3176057637 0.9451193213
225.5 274.5 2389.8 0.4829234183 -0.3724121451 -0.7925239205 0.8717076778 0.2903766930 0.3947240412 0.0831304491 -0.8814706802 0.4648642242
112.8 71.1 2370.4 -0.9248893261 -0.3724121451 -0.0767391250 -0.0375870392 0.2903766930 -0.9561739564 0.3783740401 -0.8814706802 -0.2825641930
505.4 265.6 2368.3 0.8105247617 0.4212903082 0.4068956077 -0.5809792876 0.4902322590 0.6497194767 0.0742471591 -0.7630116343 0.6421063542
651.4 161.0 2381.7 -0.8584789038 0.4212903082 0.2924525142 -0.0557351299 0.4902322590 -0.8698079586 -0.5098113418 -0.7630116343 -0.3973733783
273.9 -103.8 2512.0 0.8422617316 0.0055396198 0.5390403867 0.0919336006 0.9838224053 -0.1537587047 -0.5311717391 0.1790609956 0.8281266093
271.7 -494.9 2440.8 0.8521906137 -0.0293105356 0.5224098563 -0.0294783115 0.9941543937 0.1038654521 -0.5224004388 -0.1039129198 0.8463450074
457.1 -104.7 2507.5 0.9887940884 -0.0549514890 -0.1388039589 0.0269954484 0.9802766442 -0.1957777143 0.1468245536 0.1898367703 0.9707752466
479.0 -494.4 2432.0 0.9887971878 0.0014963179 -0.1492577046 0.0226197243 0.9868992567 0.1597440690 0.1475413591 -0.1613306552 0.9758093953
353.1 80.9 2272.1 0 0 0 0 0 0 0 0 0
404.0 144.9 2234.8 0 0 0 0 0 0 0 0 0
279.8 -769.7 2469.5 0 0 0 0 0 0 0 0 0
478.6 -763.5 2476.0 0 0 0 0 0 0 0 0 0
365.3 459.9 2310.7 7 0.9890742898 0.0036015913 0.1473740041 -0.0536698438 0.9398926497 0.3372260332 -0.1373011917 -0.3414511383 0.9298169017
364.6 269.1 2380.1 0.9890742898 0.0036015913 0.1473740041 -0.0536698438 0.9398926497 0.3372260332 -0.1373011917 -0.3414511383 0.9298169017
363.9 80.5 2443.0 0.9890890121 0.0030737296 0.1472868919 -0.0494950935 0.9486002326 0.3125825524 -0.1387555897 -0.3164619505 0.9384022355
225.8 276.0 2399.6 0.4852444828 -0.3930372894 -0.7810630202 0.8674180508 0.3288712502 0.3734028041 0.1101079434 -0.8586997986 0.5005105734
112.2 73.0 2373.8 -0.9137245417 -0.3930372894 -0.1030979380 -0.0349803306 0.3288712502 -0.9437267184 0.4048257470 -0.8586997986 -0.3142462969
503.3 262.1 2360.6 0.8344186544 0.4257962108 0.3499186933 -0.5396835804 0.5025371909 0.6754243374 0.1117459610 -0.7524320483 0.6491216421
653.6 164.9 2380.7 -0.8635737300 0.4257962108 0.2700702846 -0.0225032698 0.5025371909 -0.8642627001 -0.5037201047 -0.7524320483 -0.4243961275
271.8 -103.9 2512.5 0.8093623519 -0.0004964010 0.5873094201 0.0997393504 0.9855902195 -0.1366162896 -0.5787785649 0.1691499352 0.7977491021
272.0 -495.7 2445.2 0.8199835420 -0.0285778251 0.5716732740 -0.0295171514 0.9953127503 0.0920936093 -0.5716255307 -0.0923894048 0.8152965307
454.3 -109.7 2498.4 0.9946029186 -0.0628404841 -0.0825595707 0.0480316393 0.9841901660 -0.1704778075 0.0919672251 0.1655922532 0.9818967581
479.3 -500.9 2432.6 0.9951236844 0.0009726161 -0.0986302346 0.0151489833 0.9865801334 0.1625736356 0.0974647477 -0.1632750183 0.9817544818
349.6 82.1 2268.6 0 0 0 0 0 0 0 0 0
405.9 158.5 2236.2 0 0 0 0 0 0 0 0 0
279.8 -768.1 2470.5 0 0 0 0 0 0 0 0 0
479.0 -765.8 2476.4 0 0 0 0 0 0 0 0 0
368.2 454.6 2318.3 8 0.9900755286 0.0092222784 0.1402332038 -0.0539891906 0.9462336302 0.3189469278 -0.1297519505 -0.3233526051 0.9373406768
366.4 263.7 2383.5 0.9900755286 0.0092222784 0.1402332038 -0.0539891906 0.9462336302 0.3189469278 -0.1297519505 -0.3233526051 0.9373406768
364.3 74.1 2443.3 0.9900971651 0.0103692245 0.1400002241 -0.0518922172 0.9536675811 0.2963533998 -0.1304407269 -0.3006835878 0.9447616339
227.3 271.0 2401.8 0.4993805885 -0.4222807586 -0.7565038204 0.8604839444 0.3434631824 0.3762982786 0.1009276882 -0.8388754129 0.5348846316
111.8 72.0 2378.5 -0.9000986218 -0.4222807586 -0.1072448790 -0.0493907183 0.3434631824 -0.9378665090 0.4328776300 -0.8388754129 -0.3300074935
505.5 256.4 2365.1 0.8336375952 0.4328330457 0.3430801034 -0.5445797443 0.5405792594 0.6412541866 0.0920940265 -0.7214080691 0.6863592863
655.0 158.7 2381.7 -0.8593360186 0.4328330457 0.2723915875 0.0056142290 0.5405792594 -0.8412743807 -0.5113806129 -0.7214080691 -0.4669692516
272.8 -103.5 2518.6 0.8151311874 0.0061943894 0.5792432427 0.1007488817 0.9831871390 -0.1522914469 -0.5704479218 0.1824956238 0.8008024096
270.4 -494.4 2446.1 0.8257821202 -0.0358126946 0.5628510714 -0.0216525570 0.9952330589 0.0950913578 -0.5635734200 -0.0907119140 0.8210702538
453.8 -112.6 2493.2 0.9932321310 -0.0676403195 -0.0944178477 0.0523447283 0.9863710999 -0.1559873521 0.1036820710 0.1499893814 0.9832360744
480.7 -504.6 2433.6 0.9938293099 0.0048099291 -0.1108161733 0.0130372327 0.9870690107 0.1597647220 0.1101516634 -0.1602236032 0.9809153676
345.6 84.8 2266.0 0 0 0 0 0 0 0 0 0
409.5 160.3 2235.5 0 0 0 0 0 0 0 0 0
280.3 -771.2 2471.3 0 0 0 0 0 0 0 0 0
479.4 -766.7 2476.1 0 0 0 0 0 0 0 0 0
367.8 451.8 2317.0 9 0.9928118587 0.0024330250 0.1196605936 -0.0418301262 0.9437961578 0.3278703988 -0.1121374965 -0.3305190504 0.9371138215
367.3 261.4 2383.7 0.9928118587 0.0024330250 0.1196605936 -0.0418301262 0.9437961578 0.3278703988 -0.1121374965 -0.3305190504 0.9371138215
366.4 72.2 2444.4 0.9928156734 0.0045667635 0.1195668653 -0.0408087932 0.9522812366 0.3024815321 -0.1124799177 -0.3051877618 0.9456260800
227.7 267.2 2399.5 0.5119202733 -0.4277839959 -0.7449418902 0.8541393876 0.3459063470 0.3883230090 0.0915617794 -0.8350746632 0.5424636602
111.3 72.9 2378.7 -0.8960657716 -0.4277839959 -0.1186042354 -0.0410652384 0.3459063470 -0.9373699427 0.4420178235 -0.8350746632 -0.3275218904
506.9 255.7 2367.9 0.8264329433 0.4362702072 0.3559170365 -0.5552006364 0.5263670683 0.6439642310 0.0935994238 -0.7297986150 0.6772245765
655.5 155.9 2384.7 -0.8563933969 0.4362702072 0.2761497200 -0.0060185092 0.5263670683 -0.8502361178 -0.5162888169 -0.7297986150 -0.4481515586
271.6 -110.7 2515.0 0.8240265846 -0.0002965304 0.5665510297 0.0977530852 0.9850766659 -0.1416625082 -0.5580542088 0.1721157879 0.8117583990
271.7 -502.3 2446.5 0.8337255716 -0.0287190322 0.5514317155 -0.0236712303 0.9958696365 0.0876549557 -0.5516714454 -0.0861332417 0.8296021223
453.0 -120.2 2491.1 0.9915777445 -0.0680266172 -0.1102084816 0.0508183204 0.9870665073 -0.1520434767 0.1191261038 0.1451623142 0.9822102189
480.0 -512.6 2433.4 0.9920265079 0.0039746347 -0.1259666830 0.0169573724 0.9862042069 0.1646623164 0.1248833388 -0.1654854566 0.9782733321
344.1 83.6 2263.8 0 0 0 0 0 0 0 0 0
407.2 154.1 2235.0 0 0 0 0 0 0 0 0 0
279.4 -769.9 2469.7 0 0 0 0 0 0 0 0 0
479.0 -766.2 2475.9 0 0 0 0 0 0 0 0 0
368.0 449.4 2319.9 0 0.9924087524 -0.0020129050 0.1229665950 -0.0373925939 0.9475908875 0.3172906339 -0.1171606928 -0.3194800615 0.9403222203
368.4 258.9 2384.1 0.9924087524 -0.0020129050 0.1229665950 -0.0373925939 0.9475908875 0.3172906339 -0.1171606928 -0.3194800615 0.9403222203
368.7 69.0 2442.8 0.9924037457 -0.0016206275 0.1230128035 -0.0347691625 0.9554532766 0.2930872142 -0.1180079728 -0.2951379120 0.9481390715
228.8 263.8 2400.7 0.5217253566 -0.4200420082 -0.7425411344 0.8476495147 0.3535853922 0.3955599368 0.0963999033 -0.8357883096 0.5405228734
111.6 73.3 2379.1 -0.8985606432 -0.4200420082 -0.1270963848 -0.0330626070 0.3535853922 -0.9348177314 0.4376021624 -0.8357883096 -0.3316055834
508.0 254.0 2367.5 0.8468802571 0.4021321833 0.3479705453 -0.5299791694 0.5843749046 0.6145144701 0.0437707938 -0.7048373222 0.7080172300
653.1 163.2 2375.0 -0.8625913858 0.4021321833 0.3069621623 -0.0162866041 0.5843749046 -0.8113203645 -0.5056390166 -0.7048373222 -0.4975273907
274.5 -113.4 2515.3 0.8205971122 0.0081622545 0.5714488029 0.0888353512 0.9859227538 -0.1416494101 -0.5645605922 0.1670019478 0.8083202839
271.2 -505.4 2449.0 0.8286918998 -0.0320180282 0.5587885380 -0.0171499699 0.9964411259 0.0825287551 -0.5594422817 -0.0779741183 0.8251935244
456.5 -120.9 2494.7 0.9927754402 -0.0595727451 -0.1041538715 0.0416879989 0.9852185845 -0.1661517918 0.1125124544 0.1606094539 0.9805842638
480.1 -512.5 2430.9 0.9929724932 0.0043143379 -0.1182668209 0.0173762422 0.9831897616 0.1817580163 0.1170628890 -0.1825357378 0.9762054086
345.1 81.9 2265.3 0 0 0 0 0 0 0 0 0
404.7 158.5 2229.4 0 0 0 0 0 0 0 0 0
279.7 -770.8 2469.7 0 0 0 0 0 0 0 0 0
479.0 -764.8 2477.7 0 0 0 0 0 0 0 0 0
368.0 451.4 2321.3 1 0.9859898686 0.0023052290 0.1667893082 -0.0540820807 0.9503083229 0.3065766096 -0.1577945352 -0.3113017678 0.9371190667
367.5 260.7 2383.8 0.9859898686 0.0023052290 0.1667893082 -0.0540820807 0.9503083229 0.3065766096 -0.1577945352 -0.3113017678 0.9371190667
367.2 70.4 2441.0 0.9859992862 0.0017752290 0.1667399704 -0.0496670939 0.9576837420 0.2835049927 -0.1591808647 -0.2878172100 0.9443636537
228.9 267.7 2406.2 0.5141347051 -0.4123765826 -0.7520711422 0.8490802050 0.3687696457 0.3782483041 0.1213602796 -0.8330393434 0.5397380590
111.5 73.8 2378.4 -0.9010365009 -0.4123765826 -0.1344572455 -0.0301395915 0.3687696457 -0.9290320277 0.4326947927 -0.8330393434 -0.3447037935
506.1 253.8 2361.4 0.8523616791 0.4267579615 0.3022535145 -0.5134224892 0.5730586052 0.6387497187 0.0993825346 -0.6996295452 0.7075603604
662.0 159.9 2379.6 -0.8586943746 0.4267579615 0.2837632298 0.0140251555 0.5730586052 -0.8193943501 -0.5122960210 -0.6996295452 -0.4980675578
278.0 -117.8 2512.3 0.7980419993 0.0154004516 0.6024049520 0.0832665339 0.9872657061 -0.1355475634 -0.5968212485 0.1583328247 0.7865971923
271.9 -510.3 2449.4 0.8057541251 -0.0310597941 0.5914351940 -0.0214503668 0.9964382052 0.0815522745 -0.5918616056 -0.0783975869 0.8022179604
460.0 -124.2 2490.7 0.9966560006 -0.0473093837 -0.0666227937 0.0356994309 0.9855177402 -0.1657718569 0.0735005140 0.1628391296 0.9839110970
478.8 -515.9 2425.9 0.9968644381 -0.0016994751 -0.0791097283 0.0172564629 0.9803743362 0.1963884085 0.0772233903 -0.1971377879 0.9773296714
345.7 81.6 2266.0 0 0 0 0 0 0 0 0 0
415.7 163.9 2232.6 0 0 0 0 0 0 0 0 0
280.1 -775.1 2470.2 0 0 0 0 0 0 0 0 0
479.2 -763.0 2475.6 0 0 0 0 0 0 0 0 0
368.2 451.8 2318.6 2 0.9927935004 0.0018782433 0.1198231131 -0.0415918492 0.9431253076 0.3298253119 -0.1123887226 -0.3324320912 0.9364067912
367.8 262.3 2385.4 0.9927935004 0.0018782433 0.1198231131 -0.0415918492 0.9431253076 0.3298253119 -0.1123887226 -0.3324320912 0.9364067912
367.9 72.7 2445.2 0.9927978516 -0.0004989051 0.1198004857 -0.0355654210 0.9536823630 0.2987055480 -0.1144006401 -0.3008149862 0.9467961192
228.4 267.2 2401.4 0.5172424316 -0.4548831284 -0.7249425054 0.8533047438 0.3392399549 0.3959636986 0.0658122599 -0.8234061003 0.5636232495
110.4 72.6 2386.4 -0.8821184635 -0.4548831284 -0.1222633794 -0.0447006933 0.3392399549 -0.9396372437 0.4689017236 -0.8234061003 -0.3195834160
507.3 257.3 2369.3 0.8321658969 0.4495963156 0.3245967925 -0.5481772423 0.5786455274 0.6038799882 0.0836757496 -0.6804649234 0.7279875278
661.5 155.7 2384.8 -0.8481028676 0.4495963156 0.2803294957 0.0374568477 0.5786455274 -0.8147185445 -0.5285058618 -0.6804649234 -0.5075914264
276.4 -115.5 2512.8 0.8225359321 0.0073242504 0.5686660409 0.0863029212 0.9867292047 -0.1375399679 -0.5621267557 0.1622090936 0.8109881282
273.5 -507.8 2448.3 0.8304835558 -0.0269586872 0.5563904643 -0.0229476895 0.9963245988 0.0825270861 -0.5565702915 -0.0813052654 0.8268125057
457.1 -124.5 2483.6 0.9925192595 -0.0559351705 -0.1085205823 0.0398616791 0.9886282086 -0.1450010687 0.1153971702 0.1395905465 0.9834622145
479.4 -517.5 2428.2 0.9926704168 0.0004492924 -0.1208523810 0.0222787391 0.9821743965 0.1866469532 0.1187819690 -0.1879713535 0.9749654531
339.5 84.2 2264.6 0 0 0 0 0 0 0 0 0
418.4 166.5 2233.2 0 0 0 0 0 0 0 0 0
280.7 -772.8 2470.0 0 0 0 0 0 0 0 0 0
479.2 -761.9 2474.9 0 0 0 0 0 0 0 0 0
370.4 450.0 2320.2 3 0.9927536249 0.0104350625 0.1197138056 -0.0490070768 0.9447698593 0.3240496814 -0.1097205207 -0.3275682926 0.9384350777
368.3 260.2 2386.0 0.9927536249 0.0104350625 0.1197138056 -0.0490070768 0.9447698593 0.3240496814 -0.1097205207 -0.3275682926 0.9384350777
366.9 70.3 2444.9 0.9928179979 0.0069148308 0.1194346994 -0.0419578813 0.9550417066 0.2934874594 -0.1120357066 -0.2963908613 0.9484726787
228.7 266.1 2401.8 0.5248360038 -0.4720734656 -0.7083035111 0.8499626517 0.3355597258 0.4061565995 0.0459423698 -0.8151971102 0.5773586035
109.1 72.3 2391.3 -0.8730537295 -0.4720734656 -0.1221629530 -0.0498136878 0.3355597258 -0.9407009482 0.4850729108 -0.8151971102 -0.3164773881
507.9 254.3 2370.2 0.8311473131 0.4448129237 0.3336699009 -0.5526204109 0.5942052603 0.5844063163 0.0616830513 -0.6701205373 0.7396848202
657.2 155.1 2381.3 -0.8469957113 0.4448129237 0.2911008894 0.0359000266 0.5942052603 -0.8035118580 -0.5303861499 -0.6701205373 -0.5192581415
276.9 -113.7 2515.5 0.8246589899 0.0079810163 0.5655739307 0.0918036178 0.9847541451 -0.1477543563 -0.5581305027 0.1737686843 0.8113536835
273.8 -505.2 2446.4 0.8338406682 -0.0268801711 0.5513503551 -0.0273199715 0.9955800176 0.0898555070 -0.5513287187 -0.0899880528 0.8294207454
458.8 -120.1 2494.5 0.9922841191 -0.0562564172 -0.1104871333 0.0359091721 0.9833415151 -0.1781851798 0.1186706498 0.1728428304 0.9777743220
481.2 -510.8 2425.8 0.9923237562 0.0075243688 -0.1234379858 0.0169897769 0.9803881049 0.1963428110 0.1224944890 -0.1969328225 0.9727345705
335.9 85.3 2265.3 0 0 0 0 0 0 0 0 0
418.0 165.2 2231.6 0 0 0 0 0 0 0 0 0
280.9 -771.4 2470.4 0 0 0 0 0 0 0 0 0
479.2 -763.2 2476.5 0 0 0 0 0 0 0 0 0
366.6 450.7 2316.5 4 0.9970815778 -0.0043773944 0.0762175024 -0.0216310509 0.9412428737 0.3370369673 -0.0732145235 -0.3377020061 0.9384012818
367.4 260.5 2384.7 0.9970815778 -0.0043773944 0.0762175024 -0.0216310509 0.9412428737 0.3370369673 -0.0732145235 -0.3377020061 0.9384012818
368.5 71.4 2445.8 0.9970614910 -0.0058559529 0.0763811842 -0.0179107245 0.9516181946 0.3067604303 -0.0744821057 -0.3072270453 0.9487169981
227.3 263.0 2395.2 0.5206487179 -0.4625614583 -0.7176083922 0.8527307510 0.3232154846 0.4103437960 0.0421329215 -0.8255717158 0.5627220869
110.6 71.7 2385.8 -0.8799803853 -0.4625614583 -0.1080343649 -0.0539073125 0.3232154846 -0.9447887540 0.4719412327 -0.8255717158 -0.3093587458
507.6 258.0 2374.2 0.8322023749 0.4008690715 0.3830707669 -0.5542796254 0.6196528077 0.5557018518 -0.0146071995 -0.6747847199 0.7378700972
652.3 161.6 2371.7 -0.8606548309 0.4008690715 0.3139701188 0.0022925416 0.6196528077 -0.7848727107 -0.5091836452 -0.6747847199 -0.5342261791
274.5 -115.7 2514.1 0.8426418304 0.0077223037 0.5384191275 0.0844784528 0.9856194854 -0.1463475674 -0.5318065286 0.1688033938 0.8298718333
271.4 -507.6 2447.0 0.8503835201 -0.0375108644 0.5248245597 -0.0129304323 0.9956644177 0.0921147019 -0.5260044932 -0.0851190314 0.8462115526
456.5 -123.3 2493.6 0.9878764749 -0.0621829927 -0.1422438025 0.0367218442 0.9838700294 -0.1750750095 0.1508360952 0.1677290350 0.9742255807
481.2 -514.4 2426.9 0.9878469110 0.0103076510 -0.1550879180 0.0196175650 0.9815506935 0.1901929826 0.1541870981 -0.1909239888 0.9694195986
339.2 85.7 2263.1 0 0 0 0 0 0 0 0 0
411.4 162.2 2229.2 0 0 0 0 0 0 0 0 0
281.2 -767.9 2469.3 0 0 0 0 0 0 0 0 0
478.6 -762.1 2475.1 0 0 0 0 0 0 0 0 0
366.7 459.1 2312.6 5 0.9971517324 -0.0111691775 0.0745897219 -0.0155020673 0.9375063181 0.3476227820 -0.0738110021 -0.3477889597 0.9346629381
368.9 268.2 2383.4 0.9971517324 -0.0111691775 0.0745897219 -0.0155020673 0.9375063181 0.3476227820 -0.0738110021 -0.3477889597 0.9346629381
371.2 79.5 2445.9 0.9971185327 -0.0114229890 0.0749946386 -0.0127252759 0.9494025111 0.3138040602 -0.0747846812 -0.3138541579 0.9465214610
228.7 270.0 2394.0 0.5145164728 -0.4466095269 -0.7319923043 0.8559138179 0.3190695643 0.4069472849 0.0518099368 -0.8359034061 0.5464258194
110.4 73.2 2382.1 -0.8884364367 -0.4466095269 -0.1059273705 -0.0475388058 0.3190695643 -0.9465382695 0.4565311968 -0.8359034061 -0.3047043383
509.2 266.4 2372.9 0.8161458373 0.4221698344 0.3945612311 -0.5778234601 0.5902231932 0.5636990070 0.0050975154 -0.6880473495 0.7256478667
653.8 164.0 2373.8 -0.8565212488 0.4221698344 0.2968905568 0.0111325700 0.5902231932 -0.8071632981 -0.5159916878 -0.6880473495 -0.5102385879
278.3 -116.2 2513.8 0.8419010043 0.0082341759 0.5395691395 0.0788165554 0.9872848392 -0.1380457282 -0.5338451266 0.1587478220 0.8305470943
275.0 -508.7 2450.7 0.8477807045 -0.0223501995 0.5298758149 -0.0152750509 0.9976680875 0.0665211976 -0.5301269293 -0.0644892678 0.8454623222
461.0 -119.4 2500.1 0.9887402654 -0.0537247397 -0.1396650225 0.0267299954 0.9817270041 -0.1884079725 0.1472350955 0.1825533062 0.9721090794
482.3 -509.6 2427.6 0.9886325002 0.0146289514 -0.1496387422 0.0131370369 0.9830441475 0.1828978807 0.1497770846 -0.1827846020 0.9716772437
341.3 85.6 2263.4 0 0 0 0 0 0 0 0 0
414.9 167.1 2229.9 0 0 0 0 0 0 0 0 0
280.8 -769.4 2467.5 0 0 0 0 0 0 0 0 0
478.6 -759.8 2474.1 0 0 0 0 0 0 0 0 0
365.9 459.4 2319.2 6 0.9991778731 -0.0161413755 0.0371897072 0.0028423574 0.9429565072 0.3329038024 -0.0404417999 -0.3325243890 0.9422271252
369.2 268.0 2386.7 0.9991778731 -0.0161413755 0.0371897072 0.0028423574 0.9429565072 0.3329038024 -0.0404417999 -0.3325243890 0.9422271252
372.5 78.7 2447.2 0.9991515875 -0.0166211873 0.0376808010 0.0043619731 0.9525049925 0.3044916987 -0.0409521647 -0.3040690124 0.9517694116
228.7 267.4 2392.4 0.4635532498 -0.4394300580 -0.7694281340 0.8805324435 0.3253771663 0.3446626961 0.0988991782 -0.8372759223 0.5377620459
123.6 67.7 2370.0 -0.8954260945 -0.4394300580 -0.0715074018 -0.0844676495 0.3253771663 -0.9418040514 0.4371238947 -0.8372759223 -0.3284688294
509.7 268.7 2380.9 0.7922271490 0.4378237128 0.4250723422 -0.6092545390 0.6067953706 0.5104980469 -0.0344237760 -0.6634076834 0.7474658489
653.9 157.7 2374.7 -0.8515646458 0.4378237128 0.2883540690 0.0432239361 0.6067953706 -0.7936819792 -0.5224646926 -0.6634076834 -0.5356499553
282.0 -108.1 2515.1 0.8579468131 0.0198245719 0.5133558512 0.0648875460 0.9870710373 -0.1465617269 -0.5096242428 0.1590525806 0.8455681205
274.1 -500.5 2451.9 0.8618525267 -0.0227065310 0.5066504478 -0.0074102762 0.9983267784 0.0573474355 -0.5071048737 -0.0531794503 0.8602421880
464.8 -110.4 2501.4 0.9843532443 -0.0453178659 -0.1702792645 0.0130686760 0.9824765921 -0.1859272122 0.1757212132 0.1807927340 0.9676962495
482.8 -501.0 2429.5 0.9843952060 0.0147332586 -0.1753538847 0.0156510025 0.9852094054 0.1706384718 0.1752743572 -0.1707201600 0.9696048498
354.5 89.5 2257.3 0 0 0 0 0 0 0 0 0
418.3 169.7 2230.1 0 0 0 0 0 0 0 0 0
280.3 -772.4 2466.4 0 0 0 0 0 0 0 0 0
478.9 -761.8 2474.7 0 0 0 0 0 0 0 0 0
364.7 460.7 2314.5 7 0.9976248145 -0.0199604277 0.0659262687 -0.0038926501 0.9392272234 0.3432741165 -0.0687716454 -0.3427154124 0.9369186759
368.8 270.0 2384.1 0.9976248145 -0.0199604277 0.0659262687 -0.0038926501 0.9392272234 0.3432741165 -0.0687716454 -0.3427154124 0.9369186759
372.8 81.1 2445.9 0.9975739121 -0.0202556252 0.0666029379 -0.0015013291 0.9502508640 0.3114819229 -0.0695987642 -0.3108262420 0.9479151368
228.5 270.2 2393.9 0.3975040615 -0.4687642157 -0.7888286114 0.9079515338 0.3252732158 0.2642373443 0.1327198148 -0.8212535977 0.5549126267
138.8 65.2 2363.9 -0.8822038174 -0.4687642157 -0.0444578156 -0.1256044805 0.3252732158 -0.9372410774 0.4538060129 -0.8212535977 -0.3458361626
509.0 269.7 2374.3 0.7837502360 0.4843752682 0.3887366951 -0.6206997633 0.5890856385 0.5174068809 0.0216198899 -0.6468065381 0.7623476386
652.4 156.2 2378.3 -0.8318938613 0.4843752682 0.2708009779 0.0812870413 0.5890856385 -0.8039717078 -0.5489490032 -0.6468065381 -0.5294302106
284.3 -111.0 2511.4 0.8434212804 0.0279025100 0.5365276933 0.0603161827 0.9874192476 -0.1461684555 -0.5338562131 0.1556428969 0.8311274052
273.2 -503.6 2449.5 0.8476014733 -0.0257052723 0.5300103426 -0.0130170202 0.9975181222 0.0691962391 -0.5304736495 -0.0655499846 0.8451632261
467.4 -110.2 2503.9 0.9891689420 -0.0322663076 -0.1431911737 0.0053339084 0.9827966690 -0.1846138984 0.1466846168 0.1818505675 0.9723240137
480.3 -500.9 2431.6 0.9893180132 0.0070795775 -0.1456013173 0.0168010499 0.9866262078 0.1621309370 0.1448018998 -0.1628453135 0.9759681225
366.5 97.7 2246.8 0 0 0 0 0 0 0 0 0
422.4 178.6 2226.5 0 0 0 0 0 0 0 0 0
280.1 -772.2 2467.2 0 0 0 0 0 0 0 0 0
478.4 -763.9 2475.0 0 0 0 0 0 0 0 0 0
364.8 458.1 2311.6 8 0.9973222613 -0.0197078362 0.0704265237 -0.0059108008 0.9381322861 0.3462265432 -0.0728927702 -0.3457157314 0.9355037808
368.8 267.6 2381.8 0.9973222613 -0.0197078362 0.0704265237 -0.0059108008 0.9381322861 0.3462265432 -0.0728927702 -0.3457157314 0.9355037808
372.6 78.9 2444.5 0.9972922206 -0.0189529881 0.0710564926 -0.0044438099 0.9489227533 0.3154771328 -0.0734063610 -0.3149386346 0.9462690949
228.5 268.2 2392.2 0.3607265949 -0.4883157909 -0.7946219444 0.9216350913 0.3173097372 0.2233904451 0.1430561841 -0.8129343390 0.5645110607
148.9 64.7 2360.6 -0.8721951842 -0.4883157909 -0.0286919344 -0.1468321383 0.3173097372 -0.9368857145 0.4666003287 -0.8129343390 -0.3484564722
509.1 266.9 2371.5 0.7895111442 0.4980590045 0.3586214781 -0.6126806140 0.6053453088 0.5081136823 0.0359807722 -0.6208818555 0.7830779552
653.2 155.1 2378.1 -0.8225852847 0.4980590045 0.2743915021 0.1032570824 0.6053453088 -0.7892369628 -0.5591881871 -0.6208818555 -0.5493762493
285.4 -107.7 2514.1 0.8417524099 0.0319464318 0.5389177203 0.0629328415 0.9856353402 -0.1567241102 -0.5361831784 0.1658385098 0.8276504278
272.7 -499.5 2448.1 0.8468271494 -0.0263398215 0.5312155485 -0.0195049606 0.9965631962 0.0805071071 -0.5315104127 -0.0785369501 0.8434030414
468.3 -108.0 2501.3 0.9897658825 -0.0289457478 -0.1397342533 0.0023176407 0.9823429585 -0.1870746017 0.1426819712 0.1848362088 0.9723566175
479.8 -498.5 2427.8 0.9900115132 0.0001714549 -0.1409865171 0.0240958184 0.9850804210 0.1703995168 0.1389122605 -0.1720946729 0.9752367735
374.5 102.7 2239.9 0 0 0 0 0 0 0 0 0
425.1 183.7 2223.0 0 0 0 0 0 0 0 0 0
279.9 -771.8 2469.6 0 0 0 0 0 0 0 0 0
479.8 -764.9 2474.4 0 0 0 0 0 0 0 0 0
365.9 455.4 2311.7 9 0.9941865206 -0.0150612872 0.1066131443 -0.0224232655 0.9394964576 0.3418240249 -0.1053109765 -0.3422274292 0.9336969256
369.0 265.2 2381.0 0.9941865206 -0.0150612872 0.1066131443 -0.0224232655 0.9394964576 0.3418240249 -0.1053109765 -0.3422274292 0.9336969256
371.5 76.4 2443.3 0.9941771030 -0.0124727935 0.1070343405 -0.0217774976 0.9495274425 0.3129271269 -0.1055351198 -0.3134359121 0.9437267780
229.2 268.2 2395.8 0.3469882309 -0.4905224144 -0.7993665934 0.9214230180 0.3372159898 0.1930415034 0.1748680025 -0.8035379052 0.5689886212
151.9 63.1 2356.9 -0.8707865477 -0.4905224144 -0.0334445089 -0.1542882621 0.3372159898 -0.9286983013 0.4668253362 -0.8035379052 -0.3693249822
508.8 262.1 2366.2 0.7994099259 0.5011559725 0.3313403428 -0.5976958275 0.6075473428 0.5231117606 0.0608556308 -0.6162214875 0.7852182388
654.1 153.4 2377.2 -0.8235785961 0.5011559725 0.2656330764 0.1162742227 0.6075473428 -0.7857267261 -0.5551563501 -0.6162214875 -0.5586345196
284.9 -109.3 2513.8 0.8257929087 0.0312765911 0.5631055236 0.0670076236 0.9859473109 -0.1530290246 -0.5599786043 0.1641026437 0.8120925426
272.5 -501.3 2448.6 0.8311609030 -0.0278688353 0.5553331375 -0.0177041832 0.9969103336 0.0765265971 -0.5557500720 -0.0734376311 0.8280994892
467.8 -110.1 2500.3 0.9932461977 -0.0323702544 -0.1114189103 0.0102152247 0.9809616804 -0.1939324886 0.1155753285 0.1914845407 0.9746671319
480.7 -500.1 2424.2 0.9933058619 0.0047242246 -0.1154170185 0.0172800664 0.9818433523 0.1889049113 0.1142138615 -0.1896347702 0.9751891494
378.2 103.2 2235.6 0 0 0 0 0 0 0 0 0
426.2 185.6 2223.6 0 0 0 0 0 0 0 0 0
280.0 -770.5 2468.4 0 0 0 0 0 0 0 0 0
479.4 -764.1 2475.2 0 0 0 0 0 0 0 0 0
367.1 457.3 2316.7 0 0.9924774766 -0.0096068606 0.1220499054 -0.0306422710 0.9456933141 0.3236127496 -0.1185306832 -0.3249182701 0.9382849336
369.0 266.3 2382.4 0.9924774766 -0.0096068606 0.1220499054 -0.0306422710 0.9456933141 0.3236127496 -0.1185306832 -0.3249182701 0.9382849336
371.1 76.8 2442.2 0.9924383163 -0.0104228221 0.1223008558 -0.0269320402 0.9536167979 0.2998161018 -0.1197530776 -0.3008428216 0.9461251497
229.4 270.1 2399.2 0.3370693922 -0.4919725060 -0.8027124405 0.9229844213 0.3408455849 0.1786731035 0.1856987476 -0.8011162877 0.5689715743
154.0 63.5 2357.6 -0.8698382378 -0.4919725060 -0.0366674662 -0.1536821127 0.3408455849 -0.9274729490 0.4687891304 -0.8011162877 -0.3720878959
508.6 262.6 2365.5 0.7975714207 0.4992189407 0.3386152685 -0.6003140807 0.6017969847 0.5267479420 0.0591849089 -0.6233946085 0.7796642184
654.3 152.9 2376.3 -0.8314743638 0.4992189407 0.2437843382 0.1302973479 0.6017969847 -0.7879486084 -0.5400675535 -0.6233946085 -0.5654256940
282.8 -110.4 2515.4 0.8186314702 0.0241041798 0.5738131404 0.0779518560 0.9852096438 -0.1525958627 -0.5690044165 0.1696495712 0.8046446443
273.2 -502.1 2447.9 0.8252608776 -0.0269728061 0.5641072392 -0.0199601874 0.9968417287 0.0768647790 -0.5643988848 -0.0746931806 0.8221160769
465.1 -114.4 2496.0 0.9941630363 -0.0404556505 -0.1000162289 0.0220906530 0.9837235212 -0.1783256978 0.1056025997 0.1750753969 0.9788752198
481.2 -505.4 2426.4 0.9941310883 0.0082030538 -0.1078707278 0.0120549221 0.9825112224 0.1858128309 0.1075084284 -0.1860226840 0.9766460657
380.5 103.6 2235.6 0 0 0 0 0 0 0 0 0
424.7 188.9 2227.2 0 0 0 0 0 0 0 0 0
280.5 -770.9 2468.0 0 0 0 0 0 0 0 0 0
479.0 -761.8 2474.9 0 0 0 0 0 0 0 0 0
367.2 454.9 2315.8 1 0.9952051640 -0.0047469810 0.0976938531 -0.0276009273 0.9445974827 0.3270684183 -0.0938339531 -0.3281966150 0.9399372935
368.2 264.4 2382.0 0.9952051640 -0.0047469810 0.0976938531 -0.0276009273 0.9445974827 0.3270684183 -0.0938339531 -0.3281966150 0.9399372935
369.3 74.7 2441.6 0.9951875210 -0.0053423047 0.0978429615 -0.0242765229 0.9539414048 0.2990091145 -0.0949338526 -0.2999454439 0.9492208958
228.2 267.8 2395.3 0.3361185491 -0.4904254377 -0.8040567040 0.9249965549 0.3325382769 0.1838468164 0.1772164702 -0.8055440187 0.5654141307
154.5 64.8 2356.4 -0.8707528114 -0.4904254377 -0.0356715210 -0.1491435021 0.3325382769 -0.9312220812 0.4685571194 -0.8055440187 -0.3627023995
508.2 260.9 2368.6 0.8022273183 0.4925817549 0.3373344243 -0.5950900316 0.6143743396 0.5180850029 0.0479496084 -0.6163662672 0.7859983444
653.9 152.9 2377.3 -0.8348991275 0.4925817549 0.2455741912 0.1337555349 0.6143743396 -0.7775948048 -0.5339034796 -0.6163662672 -0.5788261294
282.1 -110.3 2513.0 0.8322565556 0.0236677025 0.5538852215 0.0739392713 0.9854240417 -0.1532071233 -0.5494378805 0.1684615165 0.8183756471
272.7 -502.1 2446.0 0.8390023112 -0.0269562900 0.5434597731 -0.0243716091 0.9959080815 0.0870235935 -0.5435817838 -0.0862579867 0.8349121809
464.1 -115.3 2491.0 0.9912029505 -0.0447586887 -0.1245528907 0.0234095268 0.9855327010 -0.1678608954 0.1302641779 0.1634684801 0.9779106975
481.9 -507.0 2426.0 0.9911566973 0.0097241523 -0.1323399246 0.0154643618 0.9820511341 0.1879796982 0.1317925304 -0.1883638799 0.9732161760
381.2 103.6 2234.4 0 0 0 0 0 0 0 0 0
423.2 189.8 2229.8 0 0 0 0 0 0 0 0 0
280.0 -772.4 2469.4 0 0 0 0 0 0 0 0 0
479.4 -763.5 2475.2 0 0 0 0 0 0 0 0 0
368.2 451.4 2322.3 2 0.9899949431 0.0005712644 0.1411015540 -0.0427219421 0.9542687535 0.2958816886 -0.1344797909 -0.2989495099 0.9447456598
368.1 261.4 2381.8 0.9899949431 0.0005712644 0.1411015540 -0.0427219421 0.9542687535 0.2958816886 -0.1344797909 -0.2989495099 0.9447456598
368.3 70.5 2437.2 0.9899922609 -0.0016076452 0.1411124468 -0.0377469733 0.9604847431 0.2757611275 -0.1359796822 -0.2783279717 0.9508118033
229.0 266.6 2401.0 0.3358232081 -0.4883098602 -0.8054664731 0.9195163250 0.3553708494 0.1679322869 0.2042363137 -0.7970351577 0.5683506727
155.0 64.1 2356.0 -0.8715571165 -0.4883098602 -0.0440643169 -0.1524797082 0.3553708494 -0.9222046733 0.4659808278 -0.7970351577 -0.3841833174
507.3 256.1 2362.7 0.8187629580 0.4874703884 0.3033148050 -0.5649354458 0.5898624063 0.5769838095 0.1023485512 -0.6437662244 0.7583467364
658.8 151.5 2381.6 -0.8457761407 0.4874703884 0.2168762982 0.1358616650 0.5898624063 -0.7959924340 -0.5159499049 -0.6437662244 -0.5651201010
279.1 -112.7 2509.9 0.8105660677 0.0159323197 0.5854305029 0.0764199793 0.9882054925 -0.1327020824 -0.5806398988 0.1523023993 0.7997882962
272.7 -505.6 2449.4 0.8168174028 -0.0271575376 0.5762567520 -0.0181771312 0.9971837997 0.0727600232 -0.5766099095 -0.0699063465 0.8140234351
461.6 -117.1 2492.5 0.9946918488 -0.0527136810 -0.0883706808 0.0371180139 0.9848057628 -0.1696462333 0.0959706381 0.1654655933 0.9815348983
482.5 -508.7 2426.7 0.9947564006 0.0140458066 -0.1013034210 0.0054512522 0.9818344712 0.1896611601 0.1021271348 -0.1892188936 0.9766095877
381.7 103.7 2234.8 0 0 0 0 0 0 0 0 0
422.4 189.5 2237.4 0 0 0 0 0 0 0 0 0
280.0 -772.6 2468.1 0 0 0 0 0 0 0 0 0
478.9 -762.0 2475.5 0 0 0 0 0 0 0 0 0
367.3 455.3 2323.0 3 0.9892597198 -0.0031429457 0.1461345851 -0.0411583558 0.9533258080 0.2991253138 -0.1402540058 -0.3019272685 0.9429574609
367.9 264.3 2383.5 0.9892597198 -0.0031429457 0.1461345851 -0.0411583558 0.9533258080 0.2991253138 -0.1402540058 -0.3019272685 0.9429574609
368.8 73.6 2439.5 0.9892414212 -0.0047361134 0.1462155879 -0.0367125571 0.9594547153 0.2794617712 -0.1416107863 -0.2818231285 0.9489584565
228.8 269.5 2403.4 0.3244665265 -0.4945482612 -0.8063147664 0.9215798378 0.3573260009 0.1516862512 0.2131010592 -0.7923005223 0.5717059970
156.1 63.1 2355.7 -0.8683411479 -0.4945482612 -0.0374922343 -0.1638074368 0.3573260009 -0.9195027351 0.4681354165 -0.7923005223 -0.3912915587
507.0 259.2 2363.6 0.8109517694 0.4852135479 0.3269939125 -0.5789259076 0.5843264461 0.5686891675 0.0848645121 -0.6504847407 0.7547633052
660.5 149.7 2379.6 -0.8464536071 0.4852135479 0.2192809731 0.1273271292 0.5843264461 -0.8014676571 -0.5170146227 -0.6504847407 -0.5563860536
277.8 -117.0 2505.0 0.8069555759 0.0130351372 0.5904682875 0.0690008327 0.9908293486 -0.1161725447 -0.5865676403 0.1344888806 0.7986558676
272.7 -510.9 2451.5 0.8122108579 -0.0301972479 0.5825818777 -0.0132847549 0.9974429011 0.0702219829 -0.5832126737 -0.0647745132 0.8097328544
459.3 -123.8 2480.0 0.9946152568 -0.0597238950 -0.0846967176 0.0487882644 0.9908589125 -0.1257711053 0.0914340317 0.1209616587 0.9884371758
483.0 -517.4 2432.0 0.9950696230 0.0123708323 -0.0984042585 0.0043392372 0.9858099818 0.1678091288 0.0990838408 -0.1674087644 0.9808958769
382.3 105.8 2233.8 0 0 0 0 0 0 0 0 0
422.1 185.5 2234.0 0 0 0 0 0 0 0 0 0
280.6 -774.3 2468.6 0 0 0 0 0 0 0 0 0
479.9 -762.6 2473.6 0 0 0 0 0 0 0 0 0
368.2 456.1 2317.4 4 0.9811536670 -0.0000527893 0.1932290047 -0.0619321913 0.9471585751 0.3147301674 -0.1830351204 -0.3207657635 0.9293048382
368.2 265.8 2381.9 0.9811536670 -0.0000527893 0.1932290047 -0.0619321913 0.9471585751 0.3147301674 -0.1830351204 -0.3207657635 0.9293048382
368.0 75.9 2440.8 0.9811562300 0.0015234342 0.1932101697 -0.0586618744 0.9551162720 0.2903646529 -0.1840958297 -0.2962271571 0.9372076392
230.4 274.0 2407.7 0.3196867108 -0.5016705990 -0.8038202524 0.9199855924 0.3673771322 0.1366037279 0.2267751247 -0.7831734419 0.5789753199
156.7 61.9 2355.4 -0.8642185330 -0.5016705990 -0.0381177031 -0.1729521602 0.3673771322 -0.9138498902 0.4724552035 -0.7831734419 -0.4042591453
506.1 257.5 2356.0 0.8152897954 0.4833798409 0.3188204169 -0.5644257069 0.5404200554 0.6239950657 0.1293296814 -0.6886872053 0.7134309411
663.8 148.3 2381.0 -0.8556692600 0.4833798409 0.1848621964 0.1255476475 0.5404200554 -0.8319759369 -0.5020636320 -0.6886872053 -0.5231080055
279.0 -113.8 2508.6 0.7825393677 0.0132446382 0.6224602461 0.0815639198 0.9889764786 -0.1235831827 -0.6172353625 0.1474789977 0.7728327513
273.7 -506.9 2449.9 0.7896235585 -0.0265154559 0.6130183935 -0.0226690210 0.9971231818 0.0723292679 -0.6131726503 -0.0710094199 0.7867509127
460.4 -120.5 2482.6 0.9972865582 -0.0601432845 -0.0424539931 0.0540272072 0.9896600246 -0.1328685135 0.0500061698 0.1302143186 0.9902240038
484.3 -513.7 2430.8 0.9981101751 0.0176760312 -0.0588528737 -0.0069902488 0.9841787815 0.1770403981 0.0610511228 -0.1762944311 0.9824423790
382.8 107.2 2231.8 0 0 0 0 0 0 0 0 0
422.9 183.7 2239.7 0 0 0 0 0 0 0 0 0
280.9 -775.9 2469.1 0 0 0 0 0 0 0 0 0
479.8 -764.3 2475.7 0 0 0 0 0 0 0 0 0
365.9 454.9 2315.1 5 0.9784457684 0.0000721651 0.2065038085 -0.0669974908 0.9460181594 0.3171134591 -0.1953334808 -0.3241135776 0.9256323576
365.9 264.7 2380.3 0.9784457684 0.0000721651 0.2065038085 -0.0669974908 0.9460181594 0.3171134591 -0.1953334808 -0.3241135776 0.9256323576
365.6 75.0 2440.0 0.9784492254 0.0020428759 0.2064774334 -0.0639103130 0.9538452625 0.2934190333 -0.1963481009 -0.3002916574 0.9334197044
228.3 273.7 2407.9 0.3182501793 -0.4969341755 -0.8073247671 0.9190444946 0.3706175089 0.1341635734 0.2325382084 -0.7846649885 0.5746536851
155.6 63.7 2354.8 -0.8667941093 -0.4969341755 -0.0415254906 -0.1687204838 0.3706175089 -0.9133324027 0.4692561626 -0.7846649885 -0.4050920308
503.5 255.7 2352.7 0.8171818256 0.4860475063 0.3097929955 -0.5561404228 0.5237305164 0.6453016400 0.1513992250 -0.6996171474 0.6982936859
664.1 146.4 2382.4 -0.8577179313 0.4860475063 0.1675642878 0.1323823035 0.5237305164 -0.8415350914 -0.4967845678 -0.6996171474 -0.5135571361
277.8 -108.5 2516.5 0.7753515840 0.0105423471 0.6314418316 0.1018608138 0.9846815467 -0.1415154785 -0.6232610345 0.1740434170 0.7624005079
273.6 -499.9 2447.4 0.7856401801 -0.0275669303 0.6180692315 -0.0281975716 0.9963732362 0.0802824274 -0.6180408001 -0.0805011541 0.7820135355
457.6 -119.3 2482.8 0.9977412820 -0.0600819178 -0.0300423615 0.0555221513 0.9893389940 -0.1346313953 0.0378109924 0.1326592714 0.9904402494
481.5 -512.6 2430.1 0.9988908172 0.0032963848 -0.0469710045 0.0049442868 0.9846889377 0.1742503941 0.0468262285 -0.1742893457 0.9835804701
383.2 108.0 2231.5 0 0 0 0 0 0 0 0 0
424.0 183.4 2243.4 0 0 0 0 0 0 0 0 0
281.3 -776.2 2469.7 0 0 0 0 0 0 0 0 0
480.7 -766.2 2475.0 0 0 0 0 0 0 0 0 0
367.6 459.8 2305.4 6 0.9843944311 -0.0011714038 0.1759724021 -0.0609532334 0.9358068705 0.3472034633 -0.1650829017 -0.3525112271 0.9211316109
367.9 270.6 2376.7 0.9843944311 -0.0011714038 0.1759724021 -0.0609532334 0.9358068705 0.3472034633 -0.1650829017 -0.3525112271 0.9211316109
368.1 82.6 2441.2 0.9843875766 -0.0013398022 0.1760093421 -0.0558436587 0.9459313154 0.3195237517 -0.1669208556 -0.3243642151 0.9310882092
229.4 278.4 2400.2 0.3203895390 -0.4915041924 -0.8097988367 0.9265518188 0.3404757082 0.1599313915 0.1971098930 -0.8015609384 0.5644889474
155.1 63.5 2354.5 -0.8706060052 -0.4915041924 -0.0216519218 -0.1692147255 0.3404757082 -0.9249014258 0.4619648755 -0.8015609384 -0.3795899451
506.3 262.8 2353.2 0.7951539159 0.4950229228 0.3502607644 -0.5841278434 0.4701240659 0.6616479754 0.1628649086 -0.7307090163 0.6629776359
664.8 146.4 2385.7 -0.8578749299 0.4950229228 0.1378509998 0.1310249120 0.4701240659 -0.8728206158 -0.4968732893 -0.7307090163 -0.4681679904
275.5 -108.7 2517.7 0.7915149927 0.0070331134 0.6111093163 0.1004205495 0.9848460555 -0.1414000839 -0.6028430462 0.1732882112 0.7788141370
272.7 -500.2 2448.8 0.8012832403 -0.0316199586 0.5974490047 -0.0207356662 0.9965347052 0.0805516914 -0.5979257226 -0.0769332200 0.7978509068
454.9 -120.4 2481.7 0.9956728220 -0.0745610669 -0.0554643720 0.0671188757 0.9897954464 -0.1256981790 0.0642705783 0.1214315593 0.9905168414
484.5 -513.9 2433.4 0.9970723987 0.0179331154 -0.0743309408 -0.0058151870 0.9870774746 0.1601380557 0.0762421712 -0.1592369825 0.9842919707
383.7 107.9 2233.2 0 0 0 0 0 0 0 0 0
425.2 183.0 2246.9 0 0 0 0 0 0 0 0 0
281.4 -776.0 2470.1 0 0 0 0 0 0 0 0 0
480.0 -764.6 2473.9 0 0 0 0 0 0 0 0 0
364.4 456.5 2310.6 7 0.9921588302 -0.0124912793 0.1243574694 -0.0306082070 0.9404101968 0.3386618495 -0.1211773455 -0.3398127258 0.9326539636
366.9 266.2 2379.4 0.9921588302 -0.0124912793 0.1243574694 -0.0306082070 0.9404101968 0.3386618495 -0.1211773455 -0.3398127258 0.9326539636
369.5 77.4 2441.4 0.9921098351 -0.0126915155 0.1247279271 -0.0269263424 0.9500771761 0.3108510375 -0.1224463284 -0.3117568195 0.9422391057
227.5 270.0 2396.6 0.3299727142 -0.4794436991 -0.8131738901 0.9240858555 0.3400196731 0.1745049059 0.1928298473 -0.8090243340 0.5552443266
154.2 64.7 2353.7 -0.8771685958 -0.4794436991 -0.0266276132 -0.1577049196 0.3400196731 -0.9271007180 0.4535464942 -0.8090243340 -0.3738652170
506.3 262.4 2362.2 0.8027737737 0.4870597720 0.3439870179 -0.5834233165 0.5224180818 0.6218492985 0.1231727302 -0.6998943686 0.7035455704
666.0 146.3 2386.7 -0.8572897911 0.4870597720 0.1668142080 0.1329151690 0.5224180818 -0.8422665000 -0.4973809123 -0.6998943686 -0.5126013160
278.0 -100.3 2521.0 0.8152530789 0.0112383906 0.5789957643 0.0975307301 0.9828657508 -0.1564053744 -0.5708329082 0.1839798540 0.8001882434
273.5 -491.0 2447.8 0.8243914247 -0.0254933033 0.5654457211 -0.0232031085 0.9966233969 0.0787620544 -0.5655443072 -0.0780508593 0.8210162520
458.5 -110.4 2490.3 0.9929360151 -0.0707370713 -0.0952590778 0.0549887568 0.9857727885 -0.1588338315 0.1051392481 0.1524736583 0.9826990962
486.6 -502.1 2429.8 0.9931173921 0.0295050200 -0.1133458614 -0.0089664403 0.9840621948 0.1775984317 0.1167794243 -0.1753597856 0.9775538445
383.2 105.9 2235.3 0 0 0 0 0 0 0 0 0
426.1 183.5 2247.5 0 0 0 0 0 0 0 0 0
280.8 -774.8 2470.0 0 0 0 0 0 0 0 0 0
478.8 -763.8 2476.4 0 0 0 0 0 0 0 0 0
366.6 459.3 2317.2 8 0.9958455563 -0.0191328339 0.0890253782 -0.0108740786 0.9456923008 0.3248812556 -0.0904065147 -0.3244996369 0.9415554404
370.5 268.1 2382.8 0.9958455563 -0.0191328339 0.0890253782 -0.0108740786 0.9456923008 0.3248812556 -0.0904065147 -0.3244996369 0.9415554404
374.4 78.5 2442.1 0.9957984090 -0.0191248469 0.0895530283 -0.0085320836 0.9543162584 0.2986765206 -0.0911740512 -0.2981856763 0.9501434565
230.6 269.4 2395.6 0.3412113190 -0.4766442180 -0.8101759553 0.9221606255 0.3367976844 0.1902290136 0.1821938455 -0.8120206594 0.5544617176
154.1 62.7 2354.7 -0.8788417578 -0.4766442180 -0.0211537592 -0.1603311002 0.3367976844 -0.9278261065 0.4493674934 -0.8120206594 -0.3724127710
510.4 266.9 2370.0 0.7889592648 0.4882327318 0.3730577230 -0.6088826060 0.5397105217 0.5813557506 0.0824937224 -0.6858143806 0.7230860591
666.6 146.4 2386.3 -0.8529360294 0.4882327318 0.1847401559 0.1287436932 0.5397105217 -0.8319481015 -0.5058904886 -0.6858143806 -0.5231954455
281.2 -108.9 2514.6 0.8308726549 0.0217626579 0.5560368299 0.0790779591 0.9844760895 -0.1566956043 -0.5508151054 0.1741643548 0.8162533641
272.5 -500.3 2445.4 0.8382636905 -0.0302510392 0.5444252491 -0.0220315605 0.9957653284 0.0892522782 -0.5448197722 -0.0868114829 0.8340474963
462.9 -113.9 2492.2 0.9905909300 -0.0558686219 -0.1249330118 0.0359483883 0.9870454669 -0.1563615650 0.1320502609 0.1503992230 0.9797667265
485.1 -506.2 2432.4 0.9903143048 0.0265383720 -0.1362837851 -0.0028744920 0.9852715135 0.1709730327 0.1388138831 -0.1689253002 0.9758047462
383.0 104.5 2237.7 0 0 0 0 0 0 0 0 0
426.1 182.7 2243.7 0 0 0 0 0 0 0 0 0
280.9 -776.4 2469.5 0 0 0 0 0 0 0 0 0
478.2 -762.6 2476.4 0 0 0 0 0 0 0 0 0
368.3 461.8 2314.5 9 0.9992958903 -0.0070294729 0.0368546508 -0.0063473140 0.9364588857 0.3507198691 -0.0369782411 -0.3507068455 0.9357549548
369.7 271.4 2385.8 0.9992958903 -0.0070294729 0.0368546508 -0.0063473140 0.9364588857 0.3507198691 -0.0369782411 -0.3507068455 0.9357549548
371.5 82.8 2448.4 0.9992693067 -0.0089646187 0.0371551439 -0.0032099166 0.9489877820 0.3152964413 -0.0380862914 -0.3151853085 0.9482656121
229.4 271.8 2391.1 0.3338561058 -0.4843636453 -0.8086606264 0.9292656183 0.3130347729 0.1961494684 0.1581312269 -0.8169462085 0.5546110868
154.4 63.0 2355.6 -0.8747313619 -0.4843636453 -0.0153927375 -0.1568530649 0.3130347729 -0.9366996884 0.4585217535 -0.8169462085 -0.3497952521
510.1 271.0 2380.5 0.7808067799 0.4841963649 0.3948349953 -0.6238530278 0.5699567199 0.5347492099 0.0338847563 -0.6638547778 0.7470934391
668.2 144.6 2387.3 -0.8523907065 0.4841963649 0.1974436790 0.1360598654 0.5699567199 -0.8103314042 -0.5048938990 -0.6638547778 -0.5517054796
287.0 -110.4 2509.8 0.8580425978 0.0325579979 0.5125455260 0.0535883382 0.9868651628 -0.1523990035 -0.5107751489 0.1582313031 0.8450275660
