-90.9 497.7 2486.0 8 0.9866765738 0.0211703628 -0.1613107175 -0.0108962609 0.9978703856 0.0643118620 0.1623286903 -0.0616973229 0.9848060012
-95.3 293.2 2498.6 0.9866765738 0.0211703628 -0.1613107175 -0.0108962609 0.9978703856 0.0643118620 0.1623286903 -0.0616973229 0.9848060012
-99.3 94.9 2509.5 0.9866697788 0.0203888305 -0.1614528000 -0.0112219770 0.9982832074 0.0574870259 0.1623477042 -0.0549088940 0.9852046371
-239.3 294.9 2474.9 0.6821672320 0.2037164718 -0.7022445798 -0.0555774719 0.9720728397 0.2280033529 0.7290809751 -0.1165074259 0.6744382977
-394.0 307.5 2309.6 -0.9743520021 0.2037164718 -0.0955918878 0.2129217535 0.9720728397 -0.0986849070 0.0728185400 -0.1165074259 -0.9905167818
48.8 291.6 2522.3 0.2078219503 0.5675426126 0.7966839671 -0.8407920003 0.5198681355 -0.1510163248 -0.4998788238 -0.6384609938 0.5852253437
102.3 75.1 2393.6 -0.8168276548 0.5675426126 -0.1033825651 0.4528848827 0.5198681355 -0.7243151069 -0.3573344350 -0.6384609938 -0.6816741228
-192.0 -98.2 2504.2 0.9722778797 0.1010447815 -0.2108689100 -0.0821443275 0.9919313192 0.0965640992 0.2189247608 -0.0765654519 0.9727330804
-232.2 -492.4 2534.6 0.9707986116 0.0751816630 -0.2278108001 -0.1050019637 0.9869933128 -0.1217324436 0.2156956792 0.1420982629 0.9660659432
-11.0 -99.4 2532.5 0.9430856109 0.1181884408 -0.3108392954 -0.0963808373 0.9917373657 0.0846627429 0.3182770908 -0.0498852655 0.9466843009
-57.9 -493.5 2552.3 0.9315860271 -0.1565787941 -0.3280709386 0.1258277446 0.9855848551 -0.1130923703 0.3410496116 0.0640748516 0.9378590584
-126.6 249.0 2289.6 0 0 0 0 0 0 0 0 0
-105.6 190.4 2302.7 0 0 0 0 0 0 0 0 0
-256.9 -816.8 2487.9 0 0 0 0 0 0 0 0 0
-6.7 -815.7 2531.3 0 0 0 0 0 0 0 0 0
-92.3 499.9 2491.4 9 0.9810373783 0.0170354359 -0.1930686086 -0.0079589272 0.9988304377 0.0476903394 0.1936552376 -0.0452493839 0.9800255895
-95.8 295.7 2500.6 0.9810373783 0.0170354359 -0.1930686086 -0.0079589272 0.9988304377 0.0476903394 0.1936552376 -0.0452493839 0.9800255895
-99.5 97.2 2509.4 0.9809993505 0.0189656503 -0.1930819005 -0.0100693703 0.9988463521 0.0469527431 0.1937496513 -0.0441163965 0.9800585508
-239.0 297.2 2472.3 0.6787105203 0.2039773613 -0.7055106759 -0.0531969108 0.9717860222 0.2297868133 0.7324767113 -0.1184277311 0.6704123616
-393.5 309.3 2305.7 -0.9774572849 0.2039773613 -0.0545021482 0.2089000940 0.9717860222 -0.1095108986 0.0306266807 -0.1184277311 -0.9924902320
47.4 294.2 2528.9 0.2173374146 0.5898209810 0.7777374983 -0.8289792538 0.5321914554 -0.1719467938 -0.5153231025 -0.6073578000 0.6046144366
105.1 74.3 2392.2 -0.8000345826 0.5898209810 -0.1097991168 0.4873652756 0.5321914554 -0.6922769547 -0.3498853147 -0.6073578000 -0.7132298350
-193.9 -102.5 2505.5 0.9656475186 0.0962616131 -0.2413682193 -0.0753627941 0.9926785827 0.0943908319 0.2486872673 -0.0729580820 0.9658321738
-232.1 -497.0 2534.5 0.9638555646 0.0730504170 -0.2562149167 -0.1058123410 0.9875386953 -0.1164947748 0.2445121557 0.1393948346 0.9595743418
-13.0 -104.5 2535.3 0.9334562421 0.1098286584 -0.3414632678 -0.0904646888 0.9932807088 0.0721771866 0.3470959961 -0.0364838764 0.9371196628
-56.6 -499.2 2549.8 0.9219421148 -0.1531596929 -0.3557595611 0.1214230359 0.9864835143 -0.1100307778 0.3678032160 0.0582445972 0.9280777574
-131.5 253.3 2297.5 0 0 0 0 0 0 0 0 0
-100.5 199.5 2302.3 0 0 0 0 0 0 0 0 0
-255.9 -818.8 2489.1 0 0 0 0 0 0 0 0 0
-7.3 -817.0 2531.0 0 0 0 0 0 0 0 0 0
-92.8 500.0 2493.6 0 0.9856513739 0.0178763997 -0.1678447276 -0.0103948573 0.9989171624 0.0453474894 0.1684736311 -0.0429520942 0.9847698808
-96.4 296.6 2502.3 0.9856513739 0.0178763997 -0.1678447276 -0.0103948573 0.9989171624 0.0453474894 0.1684736311 -0.0429520942 0.9847698808
-100.0 98.1 2510.5 0.9856421947 0.0180623159 -0.1678785384 -0.0109033138 0.9989953041 0.0434683524 0.1684949994 -0.0410138108 0.9848488569
-240.3 298.2 2477.7 0.6452700496 0.1887210011 -0.7402776480 -0.0501869395 0.9773858786 0.2054217458 0.7623043060 -0.0954002291 0.6401491761
-388.9 309.8 2302.2 -0.9813624024 0.1887210011 -0.0362249613 0.1912840456 0.9773858786 -0.0901511759 0.0183923468 -0.0954002291 -0.9952690601
47.5 295.0 2526.9 0.1845983416 0.6193280220 0.7631226778 -0.8313261867 0.5125634074 -0.2148847878 -0.5242329240 -0.5947365165 0.6094819903
95.8 77.1 2389.5 -0.7746637464 0.6193280220 -0.1277842075 0.5222159028 0.5125634074 -0.6815931797 -0.3566322625 -0.5947365165 -0.7204872966
-193.2 -100.3 2500.4 0.9714593887 0.0996296182 -0.2152685970 -0.0787340775 0.9915007353 0.1035723835 0.2237578481 -0.0836673900 0.9710469842
-232.8 -494.3 2533.6 0.9702424407 0.0702506527 -0.2317207307 -0.0986446738 0.9886507988 -0.1133083180 0.2211309075 0.1327945441 0.9661608338
-13.4 -102.2 2535.9 0.9415902495 0.1084669828 -0.3188145161 -0.0958366990 0.9938714504 0.0550895222 0.3228360415 -0.0213176254 0.9462147951
-56.5 -497.1 2544.4 0.9322445989 -0.1464033276 -0.3308868110 0.1250618249 0.9884995818 -0.0850182623 0.3395284414 0.0378765054 0.9398328662
-128.9 259.1 2297.3 0 0 0 0 0 0 0 0 0
-104.2 211.9 2297.4 0 0 0 0 0 0 0 0 0
-255.9 -819.7 2489.9 0 0 0 0 0 0 0 0 0
-9.1 -816.8 2532.1 0 0 0 0 0 0 0 0 0
-93.3 500.5 2494.2 1 0.9895632267 0.0168434232 -0.1431113929 -0.0108489888 0.9990348220 0.0425640903 0.1436901987 -0.0405672453 0.9887908697
-96.8 297.8 2502.4 0.9895632267 0.0168434232 -0.1431113929 -0.0108489888 0.9990348220 0.0425640903 0.1436901987 -0.0405672453 0.9887908697
-100.4 99.3 2509.9 0.9895288944 0.0184235889 -0.1431541741 -0.0127950218 0.9991121292 0.0401398465 0.1437665969 -0.0378878787 0.9888860583
-241.2 299.7 2481.4 0.6063820124 0.1502645016 -0.7808466554 -0.0393296704 0.9864484668 0.1592878401 0.7942002416 -0.0658788383 0.6040744185
-381.3 308.8 2297.9 -0.9879482985 0.1502645016 0.0371309780 0.1473220885 0.9864484668 -0.0722194165 -0.0474798121 -0.0658788383 -0.9966973662
47.7 295.9 2523.4 0.1645625681 0.6066409349 0.7777569890 -0.8303297758 0.5108193755 -0.2227465957 -0.5324205160 -0.6091390252 0.5877737999
90.7 79.2 2384.4 -0.7762441039 0.6066409349 -0.1715571135 0.5459730029 0.5108193755 -0.6640610695 -0.3152119219 -0.6091390252 -0.7277300954
-194.0 -99.4 2503.2 0.9763538241 0.0992523730 -0.1920473427 -0.0836422369 0.9926230907 0.0877688900 0.1993418932 -0.0696302205 0.9774530530
-233.4 -493.8 2530.8 0.9756415486 0.0694740117 -0.2080790848 -0.0946464613 0.9890122414 -0.1135644168 0.1979029924 0.1304921210 0.9714968801
-13.3 -101.4 2534.1 0.9495334029 0.1080074385 -0.2944837511 -0.0954451710 0.9938158393 0.0567472093 0.2987917662 -0.0257763173 0.9539701343
-56.2 -496.3 2544.3 0.9403895140 -0.1476247162 -0.3063893914 0.1296803951 0.9884642959 -0.0782392696 0.3144050241 0.0338426903 0.9486854672
-125.0 270.5 2310.2 0 0 0 0 0 0 0 0 0
-110.2 220.4 2302.8 0 0 0 0 0 0 0 0 0
-256.1 -817.6 2488.1 0 0 0 0 0 0 0 0 0
-8.9 -812.9 2533.5 0 0 0 0 0 0 0 0 0
-95.4 502.7 2496.5 2 0.9929512739 0.0175927095 -0.1172103509 -0.0135280853 0.9992822409 0.0353838354 0.1177487150 -0.0335487947 0.9924765825
-99.0 300.4 2503.3 0.9929512739 0.0175927095 -0.1172103509 -0.0135280853 0.9992822409 0.0353838354 0.1177487150 -0.0335487947 0.9924765825
-103.3 101.8 2509.6 0.9928649068 0.0218080580 -0.1172333062 -0.0179079026 0.9992538691 0.0342194438 0.1178920940 -0.0318758823 0.9925146699
-243.9 303.0 2486.1 0.5479316711 0.1532297432 -0.8223694563 -0.0519370325 0.9874152541 0.1493774354 0.8349092007 -0.0391372032 0.5489944220
-372.5 315.2 2290.2 -0.9822126627 0.1532297432 0.1085306704 0.1478335857 0.9874152541 -0.0561809912 -0.1157734394 -0.0391372032 -0.9925042987
46.0 297.8 2520.5 0.1637506932 0.6197314262 0.7675406337 -0.8352374434 0.5011124015 -0.2264171690 -0.5249419808 -0.6040027738 0.5996804237
88.8 79.3 2383.1 -0.7632401586 0.6197314262 -0.1827495992 0.5640376806 0.5011124015 -0.6563138366 -0.3151602447 -0.6040027738 -0.7320209742
-194.8 -98.1 2504.3 0.9814649820 0.0949822366 -0.1664477289 -0.0826361179 0.9933951497 0.0796072036 0.1729096323 -0.0643770918 0.9828315377
-232.5 -492.9 2529.9 0.9808706045 0.0711351261 -0.1811978072 -0.0914537981 0.9901127815 -0.1063619107 0.1718401909 0.1208985001 0.9776781201
-13.4 -100.4 2530.6 0.9571536183 0.1065966487 -0.2692472339 -0.0959087089 0.9940003157 0.0525826477 0.2732369602 -0.0245065168 0.9616345167
-55.8 -495.5 2540.4 0.9492967129 -0.1436123401 -0.2796626985 0.1316136867 0.9894024730 -0.0613237396 0.2855058014 0.0214069858 0.9581378698
-121.5 277.4 2319.8 0 0 0 0 0 0 0 0 0
-109.0 225.5 2301.4 0 0 0 0 0 0 0 0 0
-255.8 -816.8 2490.3 0 0 0 0 0 0 0 0 0
-9.7 -812.6 2533.5 0 0 0 0 0 0 0 0 0
-96.4 501.2 2496.6 3 0.9934129715 0.0202007182 -0.1127943248 -0.0168325510 0.9993858337 0.0307341442 0.1133459061 -0.0286330823 0.9931429029
-100.5 298.8 2502.4 0.9934129715 0.0202007182 -0.1127943248 -0.0168325510 0.9993858337 0.0307341442 0.1133459061 -0.0286330823 0.9931429029
-105.2 100.2 2508.0 0.9933392406 0.0235519912 -0.1127936319 -0.0202003792 0.9993224740 0.0307659563 0.1134418100 -0.0282825585 0.9931420088
-245.5 301.7 2485.9 0.5166494250 0.1500586867 -0.8429446816 -0.0931241140 0.9885297418 0.1188986152 0.8511176705 0.0170695744 0.5246974230
-368.2 323.8 2283.8 -0.9729367495 0.1500586867 0.1757168919 0.1507161707 0.9885297418 -0.0096756555 -0.1751532853 0.0170695744 -0.9843931794
44.6 295.8 2519.0 0.1612532437 0.6032986045 0.7810429931 -0.8200979829 0.5221782327 -0.2340280414 -0.5490324497 -0.6027939916 0.5789669156
87.0 80.4 2374.8 -0.7690611482 0.6032986045 -0.2111297101 0.5810168982 0.5221782327 -0.6242989898 -0.2663913965 -0.6027939916 -0.7521136999
-198.7 -95.1 2505.1 0.9833994508 0.0829786584 -0.1613692939 -0.0702813044 0.9940789938 0.0828704312 0.1672903001 -0.0701534972 0.9834085703
-231.7 -490.1 2533.0 0.9819631577 0.0718564466 -0.1748858094 -0.0939138830 0.9881628752 -0.1213025674 0.1640993059 0.1355388612 0.9770878553
-16.7 -98.4 2526.7 0.9594798088 0.0983339399 -0.2640624046 -0.0860677063 0.9946196079 0.0576554723 0.2683111429 -0.0325920172 0.9627808332
-55.8 -493.6 2539.7 0.9510601759 -0.1437796950 -0.2735177875 0.1335914880 0.9894745350 -0.0556190945 0.2786357999 0.0163574573 0.9602575302
-118.0 285.1 2328.8 0 0 0 0 0 0 0 0 0
-112.4 231.0 2305.7 0 0 0 0 0 0 0 0 0
-255.4 -816.0 2488.3 0 0 0 0 0 0 0 0 0
-9.5 -812.3 2534.4 0 0 0 0 0 0 0 0 0
-96.7 500.4 2495.7 4 0.9897847772 0.0184513181 -0.1413708031 -0.0142189404 0.9994216561 0.0308900885 0.1418589950 -0.0285643954 0.9894746542
-100.4 297.9 2501.5 0.9897847772 0.0184513181 -0.1413708031 -0.0142189404 0.9994216561 0.0308900885 0.1418589950 -0.0285643954 0.9894746542
-104.7 99.3 2507.8 0.9897325635 0.0215226170 -0.1413017958 -0.0168273617 0.9992685318 0.0343398713 0.1419375241 -0.0316095538 0.9893708229
-244.9 300.3 2480.8 0.4963535964 0.1077187881 -0.8614115119 -0.1182349324 0.9914139509 0.0558473766 0.8600311875 0.0741288811 0.5048279762
-362.1 328.2 2277.7 -0.9647727609 0.1077187881 0.2400213033 0.1222427860 0.9914139509 0.0464233793 -0.2329597920 0.0741288811 -0.9696569443
44.1 295.4 2522.2 0.1544958055 0.6088778377 0.7780737877 -0.8104794025 0.5284872651 -0.2526348233 -0.5650258064 -0.5915817618 0.5751320124
85.2 79.9 2371.9 -0.7557432652 0.6088778377 -0.2410807312 0.6131017804 0.5284872651 -0.5872030258 -0.2301268280 -0.5915817618 -0.7727047801
-200.9 -96.5 2503.3 0.9791321158 0.0729825497 -0.1896677315 -0.0572782196 0.9945596457 0.0870076939 0.1949859113 -0.0743281990 0.9779855609
-229.9 -491.8 2532.8 0.9768764377 0.0737175196 -0.2006942183 -0.0995051116 0.9875802994 -0.1215890944 0.1892383993 0.1387476176 0.9720791578
-18.8 -100.2 2524.1 0.9520822167 0.0923185721 -0.2915762365 -0.0774635822 0.9950584769 0.0621130131 0.2958695889 -0.0365501568 0.9545288086
-55.5 -495.7 2538.6 0.9428674579 -0.1443392187 -0.3002785146 0.1345721483 0.9894813895 -0.0530749410 0.3047807813 0.0096335094 0.9523738027
-113.2 296.7 2337.8 0 0 0 0 0 0 0 0 0
-110.7 238.8 2312.3 0 0 0 0 0 0 0 0 0
-254.3 -818.4 2486.9 0 0 0 0 0 0 0 0 0
-9.1 -813.8 2535.5 0 0 0 0 0 0 0 0 0
-98.4 501.0 2495.7 5 0.9859116673 0.0172156058 -0.1663783789 -0.0116305854 0.9993375540 0.0344844759 0.1668618470 -0.0320635699 0.9854587913
-101.9 299.5 2502.2 0.9859116673 0.0172156058 -0.1663783789 -0.0116305854 0.9993375540 0.0344844759 0.1668618470 -0.0320635699 0.9854587913
-105.7 101.0 2509.2 0.9858895540 0.0190219339 -0.1663126647 -0.0128498133 0.9991909862 0.0381092355 0.1669030190 -0.0354344137 0.9853363633
-245.8 301.4 2477.8 0.4793646932 0.0679864585 -0.8749784827 -0.1205001026 0.9926511049 0.0111126630 0.8693038821 0.1001079828 0.4840342700
-356.9 329.3 2276.3 -0.9530141950 0.0679864585 0.2951978743 0.0943034589 0.9926511049 0.0758328661 -0.2878728807 0.1001079828 -0.9524219632
42.1 297.6 2526.6 0.1585380733 0.5998839140 0.7842225432 -0.7965242863 0.5470581055 -0.2574421465 -0.5834506750 -0.5838379264 0.5645516515
85.3 80.3 2367.4 -0.7544642091 0.5998839140 -0.2663138509 0.6296718121 0.5470581055 -0.5515803099 -0.1851950288 -0.5838379264 -0.7904657125
-199.7 -97.7 2501.0 0.9736391902 0.0790518969 -0.2139568925 -0.0590364784 0.9933959842 0.0983824655 0.2203212380 -0.0831577629 0.9718762040
-231.2 -492.5 2534.1 0.9713639021 0.0739069134 -0.2258095145 -0.1014986187 0.9883834124 -0.1131206825 0.2148259729 0.1328006983 0.9675813913
-18.3 -100.8 2527.1 0.9440242648 0.0956742913 -0.3156970143 -0.0788051635 0.9947156906 0.0658059418 0.3203246891 -0.0372438543 0.9465754032
-56.3 -496.1 2541.9 0.9330610037 -0.1516392827 -0.3261942863 0.1331823617 0.9879912734 -0.0783306584 0.3341551125 0.0296439547 0.9420518279
-112.0 305.1 2350.3 0 0 0 0 0 0 0 0 0
-110.3 243.6 2319.4 0 0 0 0 0 0 0 0 0
-255.5 -818.6 2490.3 0 0 0 0 0 0 0 0 0
-7.7 -813.0 2532.4 0 0 0 0 0 0 0 0 0
-97.8 501.0 2497.7 6 0.9872768521 0.0232777614 -0.1572977304 -0.0189959668 0.9994084239 0.0286699254 0.1578720510 -0.0253171306 0.9871349931
-102.5 299.6 2502.8 0.9872768521 0.0232777614 -0.1572977304 -0.0189959668 0.9994084239 0.0286699254 0.1578720510 -0.0253171306 0.9871349931
-107.4 101.0 2508.2 0.9872553945 0.0244750511 -0.1572505087 -0.0198930427 0.9993323088 0.0306466129 0.1578955948 -0.0271278434 0.9870831370
-246.7 302.5 2479.8 0.4469889700 0.0030633004 -0.8945342302 -0.1174981892 0.9915312529 -0.0553170964 0.8867891431 0.1298322827 0.4435634613
-351.4 330.0 2272.0 -0.9358770847 0.0030633004 0.3523132801 0.0485846885 0.9915312529 0.1204380915 -0.3489606977 0.1298322827 -0.9281002283
41.7 296.7 2525.9 0.1538205147 0.6211146116 0.7684763074 -0.7883442044 0.5460152626 -0.2835150063 -0.5956951380 -0.5622134209 0.5736404657
83.5 82.6 2364.1 -0.7363518476 0.6211146116 -0.2683330476 0.6521890759 0.5460152626 -0.5258485675 -0.1800983101 -0.5622134209 -0.8071435094
-199.8 -96.4 2501.0 0.9760363102 0.0794988126 -0.2025660872 -0.0565267615 0.9915484190 0.1167754456 0.2101375908 -0.1025266722 0.9722810388
-231.4 -490.4 2541.7 0.9735151529 0.0753318891 -0.2158550620 -0.1049459800 0.9860514402 -0.1291856915 0.2031123787 0.1484173536 0.9678417444
-19.1 -98.8 2531.6 0.9476044774 0.0919808447 -0.3059170544 -0.0743682012 0.9948571920 0.0687642694 0.3106687963 -0.0424108282 0.9495716095
-55.6 -494.2 2548.4 0.9369584322 -0.1479343623 -0.3165821731 0.1260322481 0.9880529642 -0.0886973590 0.3259213269 0.0432061814 0.9444090724
-110.6 317.5 2361.8 0 0 0 0 0 0 0 0 0
-107.6 251.8 2317.4 0 0 0 0 0 0 0 0 0
-256.4 -816.8 2492.6 0 0 0 0 0 0 0 0 0
-7.7 -814.3 2534.4 0 0 0 0 0 0 0 0 0
-98.7 503.1 2497.8 7 0.9869779944 0.0184112731 -0.1597983539 -0.0134237446 0.9993901849 0.0322350338 0.1602943838 -0.0296701770 0.9866232276
-102.5 300.5 2503.8 0.9869779944 0.0184112731 -0.1597983539 -0.0134237446 0.9993901849 0.0322350338 0.1602943838 -0.0296701770 0.9866232276
-106.5 101.9 2509.4 0.9869438410 0.0199957751 -0.1598186344 -0.0151991742 0.9993982315 0.0311791580 0.1603459269 -0.0283429679 0.9866538644
-246.6 302.8 2480.4 0.4401401281 -0.0145112155 -0.8978118300 -0.1382217109 0.9868571758 -0.0837117732 0.8872268200 0.1609420031 0.4323496819
-350.0 335.2 2272.0 -0.9322988987 -0.0145112155 0.3613975346 0.0448224992 0.9868571758 0.1552541405 -0.3589006662 0.1609420031 -0.9193954468
41.7 298.3 2527.2 0.1613449752 0.6388634443 0.7522109151 -0.7957652807 0.5350316763 -0.2837228775 -0.5837168694 -0.5528061390 0.5947100520
85.4 82.6 2369.0 -0.7238304019 0.6388634443 -0.2606205642 0.6614587307 0.5350316763 -0.5255600810 -0.1963208616 -0.5528061390 -0.8098540306
-202.8 -95.7 2499.2 0.9760953784 0.0675850734 -0.2065673321 -0.0471957140 0.9936548471 0.1020912379 0.2121564746 -0.0899016932 0.9730916023
-229.6 -490.5 2534.9 0.9732412100 0.0772806704 -0.2164006680 -0.1051256657 0.9871607423 -0.1202592775 0.2043285221 0.1397905499 0.9688696861
-21.7 -99.4 2528.1 0.9472822547 0.0884684846 -0.3079441786 -0.0683355182 0.9947952628 0.0755819008 0.3130280077 -0.0505538695 0.9483974576
-56.9 -494.7 2548.2 0.9355831742 -0.1529555023 -0.3182588816 0.1315189153 0.9874068499 -0.0879234448 0.3276993632 0.0404026359 0.9439177513
-109.5 323.6 2364.6 0 0 0 0 0 0 0 0 0
-95.8 248.2 2319.8 0 0 0 0 0 0 0 0 0
-255.3 -818.5 2488.5 0 0 0 0 0 0 0 0 0
-7.0 -816.8 2535.0 0 0 0 0 0 0 0 0 0
-96.8 501.4 2498.3 8 0.9854731560 0.0228035245 -0.1682933569 -0.0178954713 0.9993708134 0.0306231342 0.1688857824 -0.0271665882 0.9852611423
-101.4 298.7 2503.8 0.9854731560 0.0228035245 -0.1682933569 -0.0178954713 0.9993708134 0.0306231342 0.1688857824 -0.0271665882 0.9852611423
-105.9 100.1 2508.8 0.9854701757 0.0226117298 -0.1683366895 -0.0180267040 0.9994250536 0.0287159588 0.1688892245 -0.0252641644 0.9853112102
-245.4 301.3 2479.1 0.4364846945 -0.0491831489 -0.8983663917 -0.1380135268 0.9830268025 -0.1208740100 0.8890631795 0.1767463684 0.4222882390
-346.1 333.2 2273.9 -0.9129005075 -0.0491831489 0.4052082002 0.0275484789 0.9830268025 0.1813817620 -0.4072514474 0.1767463684 -0.8960507512
42.5 296.1 2528.4 0.1527361274 0.6443644762 0.7493103743 -0.7799260020 0.5442481637 -0.3090459108 -0.6069490314 -0.5372042060 0.5856829882
84.2 83.1 2362.7 -0.7178237438 0.6443644762 -0.2636730373 0.6726857424 0.5442481637 -0.5012861490 -0.1795074195 -0.5372042060 -0.8241291046
-200.9 -95.3 2500.3 0.9737559557 0.0734193921 -0.2154272348 -0.0548191443 0.9943328500 0.0910880268 0.2208939940 -0.0768879727 0.9722623229
-230.1 -490.3 2530.9 0.9713510275 0.0744214803 -0.2256958187 -0.1007531211 0.9890891910 -0.1074772552 0.2152346820 0.1271377057 0.9682509899
-19.9 -98.0 2529.7 0.9436725378 0.0960706249 -0.3166268766 -0.0787407532 0.9946334958 0.0671123341 0.3213752508 -0.0384006277 0.9461730123
-58.1 -493.3 2545.0 0.9309637547 -0.1611119956 -0.3276422620 0.1401400268 0.9863188267 -0.0868096426 0.3371458054 0.0349008329 0.9408053160
-109.9 326.1 2379.3 0 0 0 0 0 0 0 0 0
-98.8 254.7 2317.0 0 0 0 0 0 0 0 0 0
-254.8 -818.7 2488.7 0 0 0 0 0 0 0 0 0
-5.1 -817.6 2533.5 0 0 0 0 0 0 0 0 0
-98.3 502.4 2499.5 9 0.9941239357 0.0277075600 -0.1046418846 -0.0247565862 0.9992612600 0.0293952618 0.1053790525 -0.0266319588 0.9940754175
-103.9 299.4 2504.9 0.9941239357 0.0277075600 -0.1046418846 -0.0247565862 0.9992612600 0.0293952618 0.1053790525 -0.0266319588 0.9940754175
-109.3 100.8 2510.2 0.9941350818 0.0272975154 -0.1046433374 -0.0243499707 0.9992727637 0.0293425694 0.1053682193 -0.0266224165 0.9940768480
-248.8 302.9 2489.6 0.3900941014 -0.0455312654 -0.9196485877 -0.1288840473 0.9862439036 -0.1034980565 0.9117102027 0.1589020193 0.3788596690
-342.9 334.0 2269.8 -0.9228768349 -0.0455312654 0.3823941052 0.0193616077 0.9862439036 0.1641586870 -0.3846082091 0.1589020193 -0.9093000889
41.0 295.8 2520.3 0.1397985071 0.6610894203 0.7371683717 -0.7853276730 0.5274664760 -0.3240981102 -0.6030893922 -0.5336102843 0.5929108262
76.9 94.2 2365.4 -0.7019987106 0.6610894203 -0.2648747861 0.6858889461 0.5274664760 -0.5013336539 -0.1917138249 -0.5336102843 -0.8237146735
-200.8 -96.9 2498.3 0.9854174256 0.0768374726 -0.1518174112 -0.0627648905 0.9934571981 0.0954114795 0.1581552774 -0.0844913274 0.9837927222
-231.3 -491.6 2531.9 0.9837630987 0.0708010793 -0.1649163812 -0.0918081328 0.9880945086 -0.1234522313 0.1542124301 0.1365884095 0.9785510302
-20.0 -100.2 2529.3 0.9623137712 0.0929671153 -0.2555569410 -0.0796990693 0.9949004054 0.0618160330 0.2600005567 -0.0391187705 0.9648157358
-57.0 -495.5 2544.8 0.9516738057 -0.1540657133 -0.2656704187 0.1399512142 0.9875819087 -0.0713839754 0.2733691335 0.0307533592 0.9614174962
-103.4 329.0 2369.6 0 0 0 0 0 0 0 0 0
-103.3 270.3 2316.2 0 0 0 0 0 0 0 0 0
-254.7 -818.0 2486.8 0 0 0 0 0 0 0 0 0
-6.9 -816.4 2534.9 0 0 0 0 0 0 0 0 0
-98.7 502.9 2497.6 0 0.9938604832 0.0243389513 -0.1079301164 -0.0209275763 0.9992484450 0.0326282196 0.1086431295 -0.0301691834 0.9936228991
-103.7 299.0 2503.8 0.9938604832 0.0243389513 -0.1079301164 -0.0209275763 0.9992484450 0.0326282196 0.1086431295 -0.0301691834 0.9936228991
-108.5 100.4 2509.1 0.9938564897 0.0241389256 -0.1080119833 -0.0210931525 0.9993494749 0.0292528253 0.1086478531 -0.0267947968 0.9937191010
-248.8 302.0 2487.9 0.4086073935 -0.0740040541 -0.9097051024 -0.1259165406 0.9826062322 -0.1364917904 0.9039828777 0.1703184843 0.3921818435
-346.5 332.2 2271.7 -0.9290750027 -0.0740040541 0.3624128103 -0.0058659287 0.9826062322 0.1856086552 -0.3698448837 0.1703184843 -0.9133489728
41.3 295.9 2519.7 0.1581904441 0.6804093719 0.7155549526 -0.8015394807 0.5116932988 -0.3093613088 -0.5766370296 -0.5246075392 0.6263199449
82.5 87.3 2369.6 -0.6926844120 0.6804093719 -0.2392308414 0.6827532649 0.5116932988 -0.5215533972 -0.2324569821 -0.5246075392 -0.8189936876
-205.7 -95.5 2505.9 0.9850732088 0.0699592829 -0.1572785079 -0.0597526617 0.9958450794 0.0687179938 0.1614324898 -0.0582944416 0.9851605296
-233.5 -491.1 2529.1 0.9839093685 0.0621237047 -0.1675201058 -0.0824181959 0.9897002578 -0.1170497388 0.1585231423 0.1289730370 0.9788954854
-23.7 -100.0 2525.2 0.9622762203 0.0837725103 -0.2588563561 -0.0699674860 0.9956139326 0.0621079169 0.2629239261 -0.0416534431 0.9639170170
-57.0 -495.6 2541.8 0.9516004324 -0.1518050581 -0.2672299743 0.1403686702 0.9881868958 -0.0615083650 0.2734104395 0.0210206676 0.9616677761
-106.5 333.7 2367.3 0 0 0 0 0 0 0 0 0
-96.3 263.5 2309.6 0 0 0 0 0 0 0 0 0
-254.0 -818.1 2486.5 0 0 0 0 0 0 0 0 0
-7.7 -816.5 2534.9 0 0 0 0 0 0 0 0 0
-98.2 507.3 2505.7 1 0.9884117842 0.0233113989 -0.1499956846 -0.0212984849 0.9996604323 0.0150124952 0.1502947211 -0.0116438465 0.9885726571
-102.9 304.5 2508.1 0.9884117842 0.0233113989 -0.1499956846 -0.0212984849 0.9996604323 0.0150124952 0.1502947211 -0.0116438465 0.9885726571
-107.6 105.8 2510.4 0.9884055853 0.0235582590 -0.1499980390 -0.0215633865 0.9996562600 0.0149121247 0.1502977908 -0.0115047619 0.9885738492
-247.1 307.7 2486.1 0.4407924712 -0.0503333248 -0.8961967230 -0.0925806463 0.9905522466 -0.1011682376 0.8928218484 0.1275646687 0.4319680929
-350.6 329.4 2276.5 -0.9386749268 -0.0503333248 0.3411098421 -0.0032950430 0.9905522466 0.1370960623 -0.3447876275 0.1275646687 -0.9299724698
41.3 301.3 2530.0 0.1584978998 0.7013186216 0.6950039864 -0.7983083725 0.5052404404 -0.3277741373 -0.5810182095 -0.5028759837 0.6399480700
84.3 84.7 2372.3 -0.6759873033 0.7013186216 -0.2262594104 0.6952761412 0.5052404404 -0.5111978054 -0.2441971451 -0.5028759837 -0.8291462660
-204.4 -96.3 2504.5 0.9775164723 0.0738622919 -0.1974991858 -0.0602453165 0.9954296947 0.0740961358 0.2020694613 -0.0605317950 0.9774987698
-233.7 -491.8 2528.6 0.9761543870 0.0630052388 -0.2077330202 -0.0874657854 0.9899925590 -0.1107449904 0.1986766309 0.1262737364 0.9718963504
-22.2 -100.1 2524.4 0.9504289031 0.0902282968 -0.2975629568 -0.0724659562 0.9948961139 0.0702172071 0.3023797870 -0.0451732837 0.9521164894
-58.1 -495.5 2542.4 0.9392771125 -0.1526784152 -0.3073235750 0.1373632401 0.9879728556 -0.0710000321 0.3144675195 0.0244737491 0.9489526749
-108.0 330.3 2365.6 0 0 0 0 0 0 0 0 0
-90.7 264.7 2309.1 0 0 0 0 0 0 0 0 0
-254.3 -815.5 2487.3 0 0 0 0 0 0 0 0 0
-9.0 -813.3 2534.5 0 0 0 0 0 0 0 0 0
-96.9 508.9 2509.2 2 0.9886440635 0.0276270285 -0.1477147192 -0.0270531662 0.9996166229 0.0058930200 0.1478208899 -0.0018299483 0.9890124798
-102.5 306.7 2509.6 0.9886440635 0.0276270285 -0.1477147192 -0.0270531662 0.9996166229 0.0058930200 0.1478208899 -0.0018299483 0.9890124798
-108.1 108.1 2510.1 0.9886205792 0.0285896100 -0.1476887465 -0.0278884545 0.9995877743 0.0068165325 0.1478227526 -0.0026201531 0.9890103936
-246.8 310.8 2488.0 0.4599712491 -0.0376695283 -0.8871343732 -0.0637331903 0.9951220751 -0.0752999932 0.8856435418 0.0911757350 0.4553267658
-355.3 325.8 2279.1 -0.9555231333 -0.0376695283 0.2925004363 -0.0091625899 0.9951220751 0.0982245132 -0.2947737277 0.0911757350 -0.9512073398
41.9 302.6 2531.2 0.1630205363 0.7138389945 0.6810713410 -0.8020043969 0.4979346693 -0.3299243450 -0.5746418834 -0.4924377501 0.6536756158
86.1 85.1 2375.3 -0.6669433117 0.7138389945 -0.2135894001 0.6978337169 0.4979346693 -0.5148680806 -0.2611793578 -0.4924377501 -0.8302351832
-202.7 -90.8 2498.9 0.9786367416 0.0721840486 -0.1925085634 -0.0540094748 0.9937152267 0.0980461612 0.1983760595 -0.0855542943 0.9763848782
-231.4 -485.5 2532.9 0.9765988588 0.0698791891 -0.2034000903 -0.0944412276 0.9890204072 -0.1136638969 0.1932241023 0.1302133799 0.9724756479
-21.6 -94.8 2526.4 0.9511202574 0.0936425030 -0.2942809761 -0.0758491531 0.9945645332 0.0713326484 0.2993611693 -0.0455249622 0.9530531764
-58.9 -490.1 2544.5 0.9398602843 -0.1535811573 -0.3050826788 0.1352711618 0.9875403643 -0.0804096833 0.3136308789 0.0343049765 0.9489250779
-108.7 328.2 2355.2 0 0 0 0 0 0 0 0 0
-86.9 266.0 2307.6 0 0 0 0 0 0 0 0 0
-254.8 -817.8 2489.1 0 0 0 0 0 0 0 0 0
-8.5 -814.1 2533.3 0 0 0 0 0 0 0 0 0
-100.0 507.3 2510.5 3 0.9904636145 0.0209709741 -0.1361693889 -0.0211155545 0.9997769594 0.0003826667 0.1361470520 0.0024962749 0.9906855226
-104.3 305.2 2510.0 0.9904636145 0.0209709741 -0.1361693889 -0.0211155545 0.9997769594 0.0003826667 0.1361470520 0.0024962749 0.9906855226
-109.0 106.5 2509.3 0.9903928638 0.0240025632 -0.1361832172 -0.0242601242 0.9997056723 -0.0002317146 0.1361375600 0.0035333100 0.9906836152
-248.9 308.7 2490.1 0.4493393302 -0.0800171494 -0.8897704482 -0.0450671203 0.9926822186 -0.1120311767 0.8922237158 0.0904394090 0.4424450397
-355.7 319.4 2278.1 -0.9545840621 -0.0800171494 0.2869956493 -0.0501897782 0.9926822186 0.1098317653 -0.2936838865 0.0904394090 -0.9516146779
40.3 301.6 2529.9 0.1886742264 0.6974260807 0.6913746595 -0.7989622355 0.5183727741 -0.3048753738 -0.5710178018 -0.4948601127 0.6550207138
90.9 87.6 2376.9 -0.6852613091 0.6974260807 -0.2097945809 0.6845042109 0.5183727741 -0.5125852227 -0.2487385273 -0.4948601127 -0.8326119184
-204.4 -88.0 2497.1 0.9809614420 0.0678313076 -0.1819713712 -0.0530670099 0.9949824214 0.0848169997 0.1868115515 -0.0735455304 0.9796389341
-231.3 -483.3 2526.3 0.9793142676 0.0665049404 -0.1911037713 -0.0854418576 0.9920290709 -0.0926177055 0.1834209561 0.1070301011 0.9771904945
-23.2 -93.1 2524.2 0.9550454021 0.0864362568 -0.2835790217 -0.0714855343 0.9954707026 0.0626732707 0.2877118587 -0.0395840220 0.9568986297
-57.5 -488.7 2539.9 0.9455296993 -0.1435088515 -0.2921965718 0.1307043880 0.9894183278 -0.0629898310 0.2981442511 0.0213673785 0.9542816281
-110.8 332.3 2353.4 0 0 0 0 0 0 0 0 0
-85.1 263.4 2313.0 0 0 0 0 0 0 0 0 0
-254.0 -821.0 2489.9 0 0 0 0 0 0 0 0 0
-10.3 -813.9 2532.9 0 0 0 0 0 0 0 0 0
-100.2 508.1 2504.6 4 0.9886406064 0.0188921206 -0.1491069794 -0.0171791706 0.9997708797 0.0127677955 0.1493140161 -0.0100612268 0.9887386560
-104.1 304.2 2506.7 0.9886406064 0.0188921206 -0.1491069794 -0.0171791706 0.9997708797 0.0127677955 0.1493140161 -0.0100612268 0.9887386560
-108.2 105.5 2508.1 0.9885951877 0.0207806379 -0.1491567343 -0.0194672886 0.9997578263 0.0102599384 0.1493338197 -0.0072392486 0.9887603521
-248.5 307.0 2484.9 0.4659305215 -0.1333309412 -0.8747180104 -0.0119064050 0.9875472784 -0.1568713039 0.8847411871 0.0835058764 0.4585409164
-356.6 309.8 2279.6 -0.9447304606 -0.1333309412 0.2995117009 -0.1011809483 0.9875472784 0.1204690263 -0.3118442297 0.0835058764 -0.9464564919
40.3 301.3 2528.5 0.2270515561 0.6922144294 0.6850450635 -0.8017880917 0.5321390033 -0.2719632089 -0.5527960658 -0.4875113070 0.6758322716
102.0 83.4 2378.3 -0.6945871711 0.6922144294 -0.1959280670 0.6746253967 0.5321390033 -0.5115747452 -0.2498584390 -0.4875113070 -0.8366023302
-204.6 -89.9 2496.1 0.9785100818 0.0658349395 -0.1954066753 -0.0489799194 0.9947481155 0.0898732468 0.2002972215 -0.0783708766 0.9765956402
-230.8 -485.2 2527.2 0.9763077497 0.0720868558 -0.2040260881 -0.0918965563 0.9917529821 -0.0893364400 0.1959034950 0.1059691533 0.9748806953
-23.0 -94.4 2521.1 0.9511813521 0.0860923529 -0.2963816822 -0.0678568706 0.9951445460 0.0712936670 0.3010804653 -0.0477016754 0.9524049163
-57.2 -489.8 2540.0 0.9405528903 -0.1486856937 -0.3053732216 0.1350191534 0.9886741042 -0.0655232146 0.3116569817 0.0203968138 0.9499757290
-113.2 335.8 2359.9 0 0 0 0 0 0 0 0 0
-77.4 257.7 2313.7 0 0 0 0 0 0 0 0 0
-255.1 -819.3 2491.6 0 0 0 0 0 0 0 0 0
-8.8 -811.9 2533.4 0 0 0 0 0 0 0 0 0
-98.9 507.3 2508.2 5 0.9952138662 0.0244258214 -0.0946187526 -0.0256179925 0.9996067286 -0.0114054233 0.0943029597 0.0137747787 0.9954482317
-103.9 302.7 2505.4 0.9952138662 0.0244258214 -0.0946187526 -0.0256179925 0.9996067286 -0.0114054233 0.0943029597 0.0137747787 0.9954482317
-107.9 104.1 2504.1 0.9953303337 0.0198509675 -0.0944642052 -0.0203598868 0.9997829199 -0.0044266018 0.0943558291 0.0063292114 0.9955184460
-249.1 305.6 2491.6 0.4859537780 -0.1474867761 -0.8614502549 0.0335887186 0.9880819321 -0.1502192914 0.8733388186 0.0440646224 0.4851160645
-363.3 297.7 2286.3 -0.9566637874 -0.1474867761 0.2510818243 -0.1312038451 0.9880819321 0.0804959089 -0.2599614859 0.0440646224 -0.9646130204
41.3 299.8 2519.1 0.2658073902 0.6816781163 0.6816607714 -0.8291334510 0.5223965645 -0.1990968883 -0.4918172359 -0.5122662783 0.7040589452
111.1 82.1 2390.0 -0.7103818655 0.6816781163 -0.1751358211 0.6401607990 0.5223965645 -0.5632902980 -0.2924923003 -0.5122662783 -0.8074846864
-203.0 -91.4 2495.9 0.9874299765 0.0723506808 -0.1405256987 -0.0603797585 0.9943186641 0.0876626074 0.1460697800 -0.0780757740 0.9861885309
-231.8 -486.5 2526.9 0.9859309793 0.0708344728 -0.1514022201 -0.0859858170 0.9916619658 -0.0959842205 0.1433408409 0.1076522544 0.9838010073
-21.7 -94.9 2523.3 0.9659442902 0.0900203213 -0.2425860018 -0.0757731050 0.9948409200 0.0674536079 0.2474066764 -0.0467749313 0.9677820206
-57.5 -490.3 2541.8 0.9557619691 -0.1509950459 -0.2524273694 0.1387116760 0.9881393909 -0.0658756644 0.2593803406 0.0279468317 0.9653708339
-116.6 331.6 2353.3 0 0 0 0 0 0 0 0 0
-72.7 247.7 2314.3 0 0 0 0 0 0 0 0 0
-255.3 -816.7 2491.1 0 0 0 0 0 0 0 0 0
-8.3 -812.5 2532.7 0 0 0 0 0 0 0 0 0
-99.2 509.8 2511.0 6 0.9944319129 0.0225800220 -0.1029333323 -0.0234671496 0.9996970892 -0.0074154786 0.1027347073 0.0097897407 0.9946606159
-103.8 304.5 2509.0 0.9944319129 0.0225800220 -0.1029333323 -0.0234671496 0.9996970892 -0.0074154786 0.1027347073 0.0097897407 0.9946606159
-107.8 105.8 2507.9 0.9944985509 0.0198969711 -0.1028435528 -0.0203326419 0.9997881651 -0.0031895542 0.1027583107 0.0052630878 0.9946924448
-249.0 307.4 2494.0 0.5052083731 -0.1526463926 -0.8493900895 0.1019546762 0.9878969789 -0.1168963015 0.8569537401 -0.0275423024 0.5146568418
-368.2 283.4 2291.8 -0.9667016864 -0.1526463926 0.2053944319 -0.1550473571 0.9878969789 0.0044517992 -0.2035880983 -0.0275423024 -0.9786691666
41.3 301.6 2524.0 0.2817880809 0.6879352927 0.6688351631 -0.8321434259 0.5222381353 -0.1865600646 -0.4776324630 -0.5039964318 0.7196213007
115.8 81.7 2397.8 -0.7150511742 0.6879352927 -0.1242853925 0.6066179276 0.5222381353 -0.5994013548 -0.3474428058 -0.5039964318 -0.7907408476
-203.1 -92.7 2494.2 0.9860695004 0.0743332505 -0.1488001198 -0.0614946634 0.9941223860 0.0891016275 0.1545487344 -0.0787099823 0.9848448634
-232.6 -487.8 2525.5 0.9849844575 0.0649612173 -0.1599551141 -0.0809777901 0.9921075106 -0.0957353339 0.1524735838 0.1072506309 0.9824709296
-20.8 -96.4 2511.5 0.9641733170 0.0922690779 -0.2487090677 -0.0717035383 0.9933085442 0.0905355811 0.2553984821 -0.0694586784 0.9643376470
-57.5 -491.1 2539.1 0.9528948665 -0.1565295160 -0.2597882152 0.1457267553 0.9874756932 -0.0604601316 0.2659983635 0.0197540540 0.9637710452
-118.7 323.4 2344.4 0 0 0 0 0 0 0 0 0
-69.2 238.7 2307.9 0 0 0 0 0 0 0 0 0
-254.2 -817.7 2489.8 0 0 0 0 0 0 0 0 0
-5.8 -817.1 2532.6 0 0 0 0 0 0 0 0 0
-99.3 504.1 2503.9 7 0.9835427999 0.0212474577 -0.1794217229 -0.0203684121 0.9997698069 0.0067403335 0.1795236319 -0.0029748708 0.9837491512
-103.6 300.2 2504.5 0.9835427999 0.0212474577 -0.1794217229 -0.0203684121 0.9997698069 0.0067403335 0.1795236319 -0.0029748708 0.9837491512
-107.2 101.5 2506.0 0.9836357832 0.0171926282 -0.1793461591 -0.0155298533 0.9998224378 0.0106713008 0.1794977784 -0.0077114543 0.9837281704
-246.8 302.4 2478.3 0.5626989603 -0.1575783938 -0.8115041256 0.1574609578 0.9841220379 -0.0819136351 0.8115268946 -0.0816875026 0.5785768628
-372.6 267.2 2296.9 -0.9757668376 -0.1575783938 0.1518159360 -0.1678886861 0.9841220379 -0.0575950369 -0.1403296888 -0.0816875026 -0.9867293239
39.6 298.0 2530.6 0.3050284088 0.7025923729 0.6429009438 -0.8287158012 0.5284464359 -0.1843216866 -0.4692417383 -0.4765588343 0.7434405684
119.4 81.1 2407.8 -0.7088233829 0.7025923729 -0.0627167299 0.5787574053 0.5284464359 -0.6211153269 -0.4032484591 -0.4765588343 -0.7812057137
-202.9 -91.0 2497.5 0.9717012048 0.0700984821 -0.2255726457 -0.0509191975 0.9946615100 0.0897538736 0.2306600362 -0.0757279694 0.9700831175
-230.8 -486.3 2527.6 0.9694344401 0.0721965730 -0.2344877571 -0.0956237689 0.9913303256 -0.0901127011 0.2259490043 0.1097809598 0.9679334760
-20.7 -94.7 2516.3 0.9407340288 0.0977617428 -0.3247493505 -0.0750557557 0.9938222170 0.0817562416 0.3307357430 -0.0525365733 0.9422599077
-59.5 -489.5 2537.2 0.9274017811 -0.1643214524 -0.3360421658 0.1476856768 0.9862117171 -0.0746685565 0.3436783850 0.0196191408 0.9388824701
-121.8 310.3 2333.0 0 0 0 0 0 0 0 0 0
-64.0 230.9 2303.4 0 0 0 0 0 0 0 0 0
-254.9 -817.0 2490.9 0 0 0 0 0 0 0 0 0
-4.9 -817.7 2530.6 0 0 0 0 0 0 0 0 0
-98.4 503.4 2499.3 8 0.9769250154 0.0234184097 -0.2122948319 -0.0197859034 0.9996194839 0.0192192849 0.2126641423 -0.0145753548 0.9770166278
-103.2 299.9 2502.3 0.9769250154 0.0234184097 -0.2122948319 -0.0197859034 0.9996194839 0.0192192849 0.2126641423 -0.0145753548 0.9770166278
-106.4 101.2 2505.1 0.9770644903 0.0160584804 -0.2123371512 -0.0127206873 0.9997732639 0.0170761831 0.2125632167 -0.0139834583 0.9770472646
-245.6 301.7 2471.3 0.5873220563 -0.1998604387 -0.7842885852 0.2498501539 0.9664740562 -0.0591841154 0.7698231936 -0.1611945033 0.6175667048
-375.1 246.6 2301.5 -0.9773139954 -0.1998604387 0.0700939000 -0.2084010690 0.9664740562 -0.1499895155 -0.0377669632 -0.1611945033 -0.9861997962
39.3 298.1 2533.3 0.3062877357 0.6919838190 0.6537172198 -0.8297894597 0.5306187868 -0.1728962958 -0.4665160775 -0.4894916415 0.7367229462
117.7 85.7 2413.9 -0.7217340469 0.6919838190 -0.0160730928 0.5235906839 0.5306187868 -0.6665557027 -0.4527170658 -0.4894916415 -0.7452819347
-200.6 -95.7 2491.2 0.9631685615 0.0768721849 -0.2576761544 -0.0517628342 0.9933481216 0.1028597578 0.2638691664 -0.0857332349 0.9607408047
-231.2 -490.5 2525.2 0.9607465267 0.0733644590 -0.2675515115 -0.0997516289 0.9912551641 -0.0863875896 0.2588740289 0.1096852794 0.9596631527
-20.8 -98.5 2524.0 0.9288796782 0.0921510682 -0.3587349057 -0.0744671151 0.9952418208 0.0628363863 0.3628184199 -0.0316534862 0.9313220978
-57.4 -493.9 2536.6 0.9165682197 -0.1563311666 -0.3680534065 0.1379478574 0.9875255227 -0.0759193897 0.3753307164 0.0188131183 0.9266999960
-122.7 300.4 2311.2 0 0 0 0 0 0 0 0 0
-67.6 220.1 2297.6 0 0 0 0 0 0 0 0 0
-255.3 -816.4 2489.2 0 0 0 0 0 0 0 0 0
-6.5 -815.7 2530.4 0 0 0 0 0 0 0 0 0
-98.6 501.3 2498.0 9 0.9771110415 0.0273882691 -0.2109594345 -0.0231885910 0.9994811416 0.0223560929 0.2114622742 -0.0169525333 0.9772391319
-104.2 296.4 2501.5 0.9771110415 0.0273882691 -0.2109594345 -0.0231885910 0.9994811416 0.0223560929 0.2114622742 -0.0169525333 0.9772391319
-107.8 97.7 2505.0 0.9773216248 0.0179582760 -0.2109976262 -0.0139061352 0.9996895790 0.0206729174 0.2113033682 -0.0172699261 0.9772679210
-246.9 298.4 2470.7 0.5933466554 -0.2317222655 -0.7708725929 0.3180230260 0.9472407699 -0.0399532691 0.7394600511 -0.2214491069 0.6357351542
-376.7 228.8 2308.9 -0.9727300406 -0.2317222655 0.0100540463 -0.2279789448 0.9472407699 -0.2253009528 0.0426836424 -0.2214491069 -0.9742373228
38.4 294.4 2532.4 0.3002586365 0.6947874427 0.6535404921 -0.8423411846 0.5146169662 -0.1600959748 -0.4475557208 -0.5024338961 0.7397662401
113.1 84.6 2420.9 -0.7190949917 0.6947874427 0.0131451730 0.4842871428 0.5146169662 -0.7075558901 -0.4983656406 -0.5024338961 -0.7065351009
-199.1 -96.3 2488.4 0.9635129571 0.0790781379 -0.2557135522 -0.0515756905 0.9923086166 0.1125324443 0.2626456320 -0.0952378660 0.9601806998
-230.5 -490.6 2526.3 0.9608765244 0.0765375793 -0.2661923170 -0.1016779393 0.9914351702 -0.0819628909 0.2576391697 0.1058221012 0.9604289532
-20.3 -98.6 2527.3 0.9293596148 0.0960191861 -0.3564702868 -0.0736001581 0.9943903685 0.0759657770 0.3617647886 -0.0443632565 0.9312132597
-58.5 -493.7 2544.9 0.9164102077 -0.1579690725 -0.3677472770 0.1305540651 0.9865418077 -0.0984425917 0.3783489466 0.0422028974 0.9247004986
-122.4 288.4 2297.7 0 0 0 0 0 0 0 0 0
-70.4 208.2 2293.7 0 0 0 0 0 0 0 0 0
-255.7 -817.1 2491.4 0 0 0 0 0 0 0 0 0
-7.0 -814.7 2531.2 0 0 0 0 0 0 0 0 0
-99.8 502.9 2498.4 0 0.9760800004 0.0281810071 -0.2155774981 -0.0239436980 0.9994658232 0.0222425256 0.2160891593 -0.0165487602 0.9762333632
-105.5 297.6 2501.8 0.9760800004 0.0281810071 -0.2155774981 -0.0239436980 0.9994658232 0.0222425256 0.2160891593 -0.0165487602 0.9762333632
-109.1 98.9 2504.6 0.9762990475 0.0178736113 -0.2156866640 -0.0144358808 0.9997425675 0.0175035130 0.2159439921 -0.0139750363 0.9763057232
-248.1 299.7 2470.3 0.6138161421 -0.2493344992 -0.7490407825 0.4013732076 0.9155964851 0.0241369549 0.6798009276 -0.3154605627 0.6620841026
-386.0 209.5 2317.5 -0.9675903916 -0.2493344992 -0.0400149748 -0.2220736593 0.9155964851 -0.3352108896 0.1202172115 -0.3154605627 -0.9412930012
37.0 295.5 2533.3 0.3407470882 0.7152773142 0.6101391315 -0.8690071106 0.4872808456 -0.0859300569 -0.3587729335 -0.5009348392 0.7876206636
123.7 74.3 2442.0 -0.6969540119 0.7152773142 0.0513168424 0.4447589219 0.4872808456 -0.7514964342 -0.5625340939 -0.5009348392 -0.6577383280
-201.0 -99.7 2489.0 0.9625060558 0.0768697709 -0.2601405680 -0.0490258783 0.9925107956 0.1118871123 0.2667930722 -0.0949383974 0.9590662718
-231.5 -494.1 2526.8 0.9600850940 0.0716372654 -0.2703787684 -0.1004251912 0.9904780388 -0.0941700935 0.2610581517 0.1175641418 0.9581373930
-21.9 -102.2 2527.8 0.9280693531 0.0895626396 -0.3614773154 -0.0698654652 0.9952886701 0.0672260150 0.3657952249 -0.0371356197 0.9299541712
-57.5 -497.7 2542.5 0.9147461653 -0.1594621986 -0.3712293506 0.1332137287 0.9864763618 -0.0954906791 0.3814361393 0.0378968902 0.9236180782
-131.9 267.8 2285.9 0 0 0 0 0 0 0 0 0
-55.2 188.5 2297.6 0 0 0 0 0 0 0 0 0
-254.9 -816.5 2488.5 0 0 0 0 0 0 0 0 0
-5.9 -816.8 2530.3 0 0 0 0 0 0 0 0 0
-100.0 498.9 2488.6 1 0.9817959070 0.0305210352 -0.1874708086 -0.0191047285 0.9978680611 0.0624045134 0.1889757812 -0.0576869138 0.9802858829
-106.2 293.6 2500.5 0.9817959070 0.0305210352 -0.1874708086 -0.0191047285 0.9978680611 0.0624045134 0.1889757812 -0.0576869138 0.9802858829
-110.8 95.1 2508.2 0.9818878770 0.0234823544 -0.1880020350 -0.0157031696 0.9989619255 0.0427613817 0.1888110191 -0.0390346535 0.9812373519
-249.6 295.9 2472.9 0.6069648266 -0.2710048258 -0.7470944524 0.4616927505 0.8853995800 0.0539205149 0.6468643546 -0.3776559532 0.6625273228
-388.9 190.0 2324.5 -0.9600827694 -0.2710048258 -0.0692635253 -0.2203986049 0.8853995800 -0.4092579782 0.1722367853 -0.3776559532 -0.9097859263
37.1 291.2 2528.0 0.3722606599 0.7320985198 0.5704855323 -0.8828580379 0.4689368606 -0.0256880485 -0.2863278985 -0.4940951169 0.8209058046
128.3 75.0 2457.9 -0.6709433794 0.7320985198 0.1177571490 0.3710025847 0.4689368606 -0.8015331030 -0.6420218349 -0.4940951169 -0.5862405300
