-242.6 473.4 2227.1  0.9907794595 -0.0985092893 -0.0930157974 0.1266708225 0.9170981050 0.3780021369 0.0480678901 -0.3862991333 0.9211202264
-222.4 285.3 2306.4 0.9907794595 -0.0985092893 -0.0930157974 0.1266708225 0.9170981050 0.3780021369 0.0480678901 -0.3862991333 0.9211202264
-206.3 103.2 2376.4 0.9925238490 -0.0820855275 -0.0903238878 0.1088275984 0.9302311540 0.3504661918 0.0552538931 -0.3576757610 0.9322097898
-363.8 269.8 2298.5 0.1824591905 -0.5489585996 -0.8156917691 0.9803422689 0.1649300009 0.1082917824 0.0750843436 -0.8194159865 0.5682603121
-404.2 52.8 2281.9 -0.8291120529 -0.5489585996 0.1059136391 -0.2316699326 0.1649300009 -0.9587112069 0.5088244081 -0.8194159865 -0.2639226615
-81.0 300.9 2314.2 0.6960138083 -0.0820381418 0.7133263946 -0.3946501315 0.7862291932 0.4754944146 -0.5998467207 -0.6124650240 0.5148500204
58.7 221.6 2193.8 -0.9605153799 -0.0820381418 0.2658569217 -0.2263051569 0.7862291932 -0.5750040412 -0.1618522257 -0.6124650240 -0.7737509012
-278.9 -88.6 2439.8 0.9515405893 -0.0271608829 -0.3063213229 -0.0190671291 0.9889647961 -0.1469186097 0.3069314659 0.1456396878 0.9405222535
-268.2 -476.0 2382.7 0.9495488405 -0.0688654706 -0.3059648573 0.0203377139 0.9870615005 -0.1590470374 0.3129589856 0.1448003054 0.9386637211
-99.9 -67.6 2452.5 0.9694580436 -0.1658015847 0.1807233244 0.2157994360 0.9268109798 -0.3073304296 -0.1165404990 0.3369439542 0.9342842698
-34.9 -430.6 2320.6 0.9881114960 -0.1100807041 0.1073216721 0.1047638878 0.9930301309 0.0539970249 -0.1125176847 -0.0421116427 0.9927569628
-192.0 112.1 2151.6 0 0 0 0 0 0 0 0 0
-189.6 163.2 2152.0 0 0 0 0 0 0 0 0 0
-247.3 -776.3 2338.7 0 0 0 0 0 0 0 0 0
5.4 -794.2 2336.0 0 0 0 0 0 0 0 0 0
-248.4 481.9 2234.7  0.9893976450 -0.1078642830 -0.0972501785 0.1358380616 0.9242158532 0.3568936586 0.0513840765 -0.3663200438 0.9290690422
-226.3 292.8 2309.7 0.9893976450 -0.1078642830 -0.0972501785 0.1358380616 0.9242158532 0.3568936586 0.0513840765 -0.3663200438 0.9290690422
-207.7 109.9 2377.0 0.9909604192 -0.0948269144 -0.0948959887 0.1215088665 0.9342397451 0.3353083134 0.0568593517 -0.3438079655 0.9373169541
-367.5 275.5 2301.6 0.1636660397 -0.5544567108 -0.8159602880 0.9841145873 0.1494357139 0.0958508700 0.0687884465 -0.8186859488 0.5701065063
-404.6 52.1 2285.9 -0.8229883909 -0.5544567108 0.1235632151 -0.2445194125 0.1494357139 -0.9580601454 0.5127381086 -0.8186859488 -0.2585592866
-85.1 310.1 2317.8 0.6827423573 -0.0925986394 0.7247678041 -0.4051003754 0.7775463462 0.4809525311 -0.6080760956 -0.6219703555 0.4933520854
58.7 224.8 2189.8 -0.9606515765 -0.0925986394 0.2618665695 -0.2340467423 0.7775463462 -0.5836469531 -0.1495684683 -0.6219703555 -0.7686235309
-280.0 -88.9 2441.5 0.9519957304 -0.0287599266 -0.3047573268 -0.0169127863 0.9891142249 -0.1461745054 0.3056437969 0.1443118006 0.9411460757
-268.7 -476.3 2385.0 0.9501495957 -0.0685869008 -0.3041571081 0.0183958337 0.9861376882 -0.1649060249 0.3112511933 0.1510901600 0.9382401109
-100.6 -69.2 2451.5 0.9697160125 -0.1614825875 0.1832327396 0.2126992345 0.9271036983 -0.3086062074 -0.1200412139 0.3382338285 0.9333745241
-37.3 -432.3 2319.0 0.9869832993 -0.1175007373 0.1098067909 0.1114953756 0.9919918180 0.0593378209 -0.1158996746 -0.0463224873 0.9921801686
-193.9 114.7 2154.7 0 0 0 0 0 0 0 0 0
-191.6 163.8 2150.8 0 0 0 0 0 0 0 0 0
-247.9 -775.7 2339.1 0 0 0 0 0 0 0 0 0
5.5 -793.7 2335.9 0 0 0 0 0 0 0 0 0
-245.6 475.1 2231.0  0.9915339947 -0.1039002389 -0.0778786093 0.1256108135 0.9194675088 0.3725606203 0.0328977183 -0.3791889250 0.9247342944
-224.3 286.8 2308.7 0.9915339947 -0.1039002389 -0.0778786093 0.1256108135 0.9194675088 0.3725606203 0.0328977183 -0.3791889250 0.9247342944
-206.5 104.5 2378.1 0.9930349588 -0.0905734673 -0.0753528848 0.1113315597 0.9306614399 0.3485320508 0.0385602638 -0.3544936478 0.9342629910
-365.8 270.9 2303.2 0.1757861227 -0.5636003017 -0.8071269989 0.9823361039 0.1538534015 0.1065126508 0.0641486645 -0.8115934134 0.5806902051
-405.0 51.5 2288.8 -0.8153988719 -0.5636003017 0.1322098225 -0.2608692050 0.1538534015 -0.9530353546 0.5167900920 -0.8115934134 -0.2724778354
-82.8 302.6 2314.2 0.6905969977 -0.1150912270 0.7140236497 -0.3653839827 0.7964823246 0.4817784429 -0.6241557002 -0.5936075449 0.5079958439
59.2 227.5 2185.8 -0.9607121348 -0.1150912270 0.2525593042 -0.2411824912 0.7964823246 -0.5544789433 -0.1373433620 -0.5936075449 -0.7929481864
-278.7 -84.1 2439.2 0.9566072822 -0.0264702439 -0.2901755869 -0.0139092160 0.9905815125 -0.1362161040 0.2910482585 0.1343414336 0.9472292662
-268.3 -472.1 2386.6 0.9549953341 -0.0657100901 -0.2892509699 0.0176036954 0.9859904647 -0.1658700705 0.2960980237 0.1533132643 0.9427730441
-99.6 -62.1 2449.5 0.9670209289 -0.1647300571 0.1942537725 0.2169831842 0.9322170615 -0.2896371782 -0.1333747208 0.3222350180 0.9372170568
-35.1 -427.2 2323.3 0.9861785769 -0.1082252190 0.1254557818 0.1026720926 0.9934611320 0.0499341823 -0.1300395727 -0.0363632105 0.9908417463
-196.3 118.3 2156.5 0 0 0 0 0 0 0 0 0
-192.7 164.2 2149.8 0 0 0 0 0 0 0 0 0
-248.1 -775.5 2339.4 0 0 0 0 0 0 0 0 0
4.8 -793.2 2336.7 0 0 0 0 0 0 0 0 0
-246.0 471.2 2235.1  0.9924911857 -0.1106787324 -0.0520719960 0.1220599115 0.9237290025 0.3630786836 0.0079153227 -0.3667083085 0.9303023219
-223.5 282.9 2309.9 0.9924911857 -0.1106787324 -0.0520719960 0.1220599115 0.9237290025 0.3630786836 0.0079153227 -0.3667083085 0.9303023219
-204.8 99.8 2376.8 0.9942101836 -0.0954713225 -0.0493091643 0.1065606102 0.9350334406 0.3381674886 0.0138204237 -0.3414639533 0.9397932291
-365.1 267.7 2307.9 0.1775849462 -0.5564268827 -0.8116974235 0.9791043401 0.1829463989 0.0887989700 0.0990869850 -0.8105058670 0.5772885084
-404.3 51.8 2286.1 -0.8210425973 -0.5564268827 0.1275859326 -0.2708446980 0.1829463989 -0.9450787306 0.5025258064 -0.8105058670 -0.3009120524
-81.8 298.1 2311.9 0.7016799450 -0.1367897540 0.6992380023 -0.3325645030 0.8050515652 0.4912156463 -0.6301159263 -0.5772179365 0.5193971395
61.5 230.1 2183.1 -0.9618380666 -0.1367897540 0.2369726896 -0.2473331541 0.8050515652 -0.5391829610 -0.1170205325 -0.5772179365 -0.8081619143
-278.5 -87.8 2444.0 0.9637177587 -0.0239212718 -0.2658493817 -0.0172542054 0.9883103371 -0.1514760852 0.2663652003 0.1505672038 0.9520394206
-269.1 -474.8 2385.1 0.9616969824 -0.0683768615 -0.2654497027 0.0240800846 0.9857186079 -0.1666703820 0.2730551064 0.1538943499 0.9496091008
-99.0 -67.7 2451.0 0.9626331925 -0.1643205881 0.2152581066 0.2235356420 0.9308413267 -0.2890782058 -0.1528696418 0.3263941109 0.9327902794
-34.7 -432.3 2323.2 0.9832471609 -0.1108324006 0.1447106153 0.1042182222 0.9931658506 0.0525371768 -0.1495444626 -0.0365755484 0.9880782962
-194.0 121.1 2157.4 0 0 0 0 0 0 0 0 0
-193.6 164.5 2152.1 0 0 0 0 0 0 0 0 0
-248.3 -775.4 2338.2 0 0 0 0 0 0 0 0 0
5.5 -792.2 2336.4 0 0 0 0 0 0 0 0 0
-249.8 472.1 2237.2  0.9917175174 -0.1190250292 -0.0482634120 0.1284317523 0.9226935506 0.3635133207 0.0012651549 -0.3667010963 0.9303379655
-225.6 284.2 2311.9 0.9917175174 -0.1190250292 -0.0482634120 0.1284317523 0.9226935506 0.3635133207 0.0012651549 -0.3667010963 0.9303379655
-205.1 101.6 2379.5 0.9934689403 -0.1045334339 -0.0457406901 0.1138973013 0.9325597882 0.3425779045 0.0068450845 -0.3455502391 0.9383752942
-367.1 268.0 2310.9 0.1735087186 -0.5515514612 -0.8158956766 0.9791094065 0.1857914180 0.0826214552 0.1060164347 -0.8131866455 0.5722656846
-405.1 53.7 2287.7 -0.8253187537 -0.5515514612 0.1209957749 -0.2629604042 0.1857914180 -0.9467488527 0.4997007251 -0.8131866455 -0.2983733416
-84.0 300.4 2312.8 0.6903632879 -0.1697438955 0.7032677531 -0.3180413544 0.8019093275 0.5057579875 -0.6498063207 -0.5728249550 0.4996231794
60.6 233.8 2176.7 -0.9622144103 -0.1697438955 0.2129094005 -0.2604397535 0.8019093275 -0.5376918912 -0.0794641152 -0.5728249550 -0.8158167601
-275.9 -93.0 2442.4 0.9657373428 -0.0194376968 -0.2587924898 -0.0177793074 0.9898930192 -0.1406972259 0.2589116991 0.1404777169 0.9556310773
-268.3 -480.7 2387.4 0.9638714790 -0.0667060316 -0.2578800321 0.0205274466 0.9838578701 -0.1777703911 0.2655756474 0.1660541892 0.9496818185
-96.3 -73.7 2444.9 0.9622311592 -0.1585971713 0.2212648690 0.2168379426 0.9379253983 -0.2706978023 -0.1645980328 0.3084524870 0.9368909001
-34.2 -441.0 2324.1 0.9810140729 -0.1134170294 0.1573149264 0.1066965386 0.9930055737 0.0505542867 -0.1619483232 -0.0328095108 0.9862536788
-193.8 121.0 2159.7 0 0 0 0 0 0 0 0 0
-194.2 164.9 2155.7 0 0 0 0 0 0 0 0 0
-248.3 -776.1 2337.5 0 0 0 0 0 0 0 0 0
5.8 -790.6 2335.6 0 0 0 0 0 0 0 0 0
-252.4 474.1 2233.2  0.9909495711 -0.1242893636 -0.0507057942 0.1342333555 0.9159092307 0.3782745898 -0.0005736021 -0.3816574812 0.9243036509
-227.0 286.4 2311.5 0.9909495711 -0.1242893636 -0.0507057942 0.1342333555 0.9159092307 0.3782745898 -0.0005736021 -0.3816574812 0.9243036509
-205.6 104.7 2381.5 0.9929107428 -0.1088770032 -0.0476868190 0.1187281832 0.9275234938 0.3544063270 0.0056439447 -0.3575556278 0.9338747859
-368.4 269.4 2310.7 0.1728314459 -0.5491569042 -0.8176527023 0.9819139242 0.1612100750 0.0992792770 0.0772939473 -0.8200231791 0.5670869946
-406.1 55.6 2293.8 -0.8264191151 -0.5491569042 0.1243305877 -0.2507300377 0.1612100750 -0.9545395374 0.5041486621 -0.8200231791 -0.2709172070
-85.5 303.3 2312.3 0.6778591275 -0.2024721205 0.7067616582 -0.3160367310 0.7877265215 0.5287795067 -0.6637979746 -0.5818006396 0.4699789882
57.9 236.5 2171.9 -0.9623113871 -0.2024721205 0.1815539300 -0.2701860666 0.7877265215 -0.5536121726 -0.0309238117 -0.5818006396 -0.8127433062
-274.4 -91.4 2446.6 0.9659422040 -0.0204999857 -0.2579446733 -0.0193928443 0.9883179069 -0.1511675715 0.2580302656 0.1510214061 0.9542604089
-266.4 -478.5 2387.4 0.9642642140 -0.0632076934 -0.2572922707 0.0170065090 0.9838887453 -0.1779710352 0.2643961310 0.1672354639 0.9498036504
-94.9 -70.8 2447.8 0.9622796178 -0.1536862105 0.2244961709 0.2131211460 0.9387217760 -0.2708889544 -0.1691075414 0.3085157871 0.9360665679
-34.7 -438.4 2327.0 0.9797632694 -0.1153180152 0.1636022776 0.1096419096 0.9930257797 0.0433407873 -0.1674592644 -0.0245260429 0.9855738878
-200.4 118.0 2168.3 0 0 0 0 0 0 0 0 0
-195.3 165.4 2163.8 0 0 0 0 0 0 0 0 0
-247.2 -777.5 2336.6 0 0 0 0 0 0 0 0 0
6.3 -791.4 2335.7 0 0 0 0 0 0 0 0 0
-251.2 471.5 2229.3 0 0.9916889668 -0.1242665127 -0.0333282724 0.1272561848 0.9092612863 0.3962950408 -0.0189420935 -0.3972426653 0.9175180793
-225.8 285.9 2310.4 0.9916889668 -0.1242665127 -0.0333282724 0.1272561848 0.9092612863 0.3962950408 -0.0189420935 -0.3972426653 0.9175180793
-204.4 105.4 2383.3 0.9935256243 -0.1095276102 -0.0301754232 0.1128742173 0.9215033054 0.3716061115 -0.0128943771 -0.3726062179 0.9278999567
-367.4 269.8 2312.2 0.1761397719 -0.5383944511 -0.8240789771 0.9824493527 0.1483569741 0.1130641922 0.0613847375 -0.8295309544 0.5550768375
-406.1 54.2 2298.7 -0.8326696157 -0.5383944511 0.1295865923 -0.2450324297 0.1483569741 -0.9580967426 0.4966088831 -0.8295309544 -0.2554564476
-84.3 301.9 2308.5 0.6753774285 -0.2192386836 0.7041304708 -0.3110381961 0.7810322642 0.5415198803 -0.6686707735 -0.5847417712 0.4592999518
56.0 237.3 2169.6 -0.9606731534 -0.2192386836 0.1704155654 -0.2774850428 0.7810322642 -0.5594556332 -0.0104457326 -0.5847417712 -0.8111522198
-274.1 -87.6 2451.0 0.9698174000 -0.0236773882 -0.2426799685 -0.0124091338 0.9891916513 -0.1461021602 0.2435163260 0.1447038651 0.9590414762
-264.8 -475.1 2394.3 0.9686641693 -0.0591604412 -0.2412256598 0.0114757400 0.9808415771 -0.1944688708 0.2481090128 0.1856067777 0.9507849813
-94.6 -66.2 2452.0 0.9576995373 -0.1542808264 0.2429176122 0.2221603096 0.9329311252 -0.2833447754 -0.1829107404 0.3253258169 0.9277428389
-34.2 -431.6 2324.6 0.9780263305 -0.1116035655 0.1760940850 0.1042891145 0.9932748079 0.0502885282 -0.1805222034 -0.0308188107 0.9830879569
-203.0 114.0 2177.6 0 0 0 0 0 0 0 0 0
-194.4 165.0 2166.9 0 0 0 0 0 0 0 0 0
-246.5 -777.6 2337.1 0 0 0 0 0 0 0 0 0
6.4 -792.7 2335.8 0 0 0 0 0 0 0 0 0
-251.5 470.9 2235.3 1 0.9929564595 -0.1184346527 -0.0032804785 0.1103448868 0.9143397212 0.3896239698 -0.0431455076 -0.3872416019 0.9209681749
-227.5 285.6 2313.8 0.9929564595 -0.1184346527 -0.0032804785 0.1103448868 0.9143397212 0.3896239698 -0.0431455076 -0.3872416019 0.9209681749
-207.1 104.2 2384.6 0.9945732951 -0.1040382013 -0.0001696193 0.0969671384 0.9263827801 0.3638849556 -0.0377008058 -0.3619267046 0.9314438701
-369.1 271.8 2319.1 0.1704839915 -0.5334485173 -0.8284732103 0.9820827842 0.1605091393 0.0987431258 0.0803031474 -0.8304634094 0.5512548089
-406.9 54.0 2301.3 -0.8373340368 -0.5334485173 0.1196009219 -0.2390435189 0.1605091393 -0.9576507807 0.4916603267 -0.8304634094 -0.2619171739
-85.8 299.4 2308.4 0.6743722558 -0.2527486980 0.6937867999 -0.2781601548 0.7834150195 0.5557767749 -0.6839948893 -0.5677843094 0.4580087364
53.3 242.1 2167.3 -0.9545862675 -0.2527486980 0.1577440947 -0.2975901365 0.7834150195 -0.5456198454 0.0143256253 -0.5677843094 -0.8230527043
-272.7 -85.2 2457.5 0.9753125310 -0.0187899452 -0.2200281024 -0.0188652761 0.9856413007 -0.1677953303 0.2200216651 0.1678037792 0.9609538913
-265.3 -471.2 2391.7 0.9739871621 -0.0552288406 -0.2197698653 0.0150653906 0.9834808707 -0.1803841889 0.2261018604 0.1723809689 0.9587297440
-93.1 -64.8 2455.1 0.9537066817 -0.1487508714 0.2613748014 0.2246929109 0.9301116467 -0.2905260623 -0.1998917609 0.3358056843 0.9204769731
-34.8 -429.1 2323.6 0.9748461843 -0.1126399785 0.1923204660 0.1038294807 0.9930552244 0.0553240553 -0.1972165555 -0.0339639112 0.9797714353
-204.6 111.8 2182.5 0 0 0 0 0 0 0 0 0
-193.9 165.0 2171.0 0 0 0 0 0 0 0 0 0
-248.1 -778.6 2337.9 0 0 0 0 0 0 0 0 0
6.3 -792.0 2336.0 0 0 0 0 0 0 0 0 0
-255.7 475.6 2236.8 2 0.9907394648 -0.1348458529 -0.0158706736 0.1307913065 0.9164376259 0.3782006800 -0.0364543125 -0.3767741024 0.9255875945
-228.1 288.0 2313.9 0.9907394648 -0.1348458529 -0.0158706736 0.1307913065 0.9164376259 0.3782006800 -0.0364543125 -0.3767741024 0.9255875945
-204.7 106.5 2383.6 0.9927517176 -0.1194862723 -0.0129264742 0.1162072197 0.9269010425 0.3568618298 -0.0306585263 -0.3557773232 0.9340677261
-369.5 271.4 2318.3 0.1610030979 -0.5300741792 -0.8325259089 0.9832151532 0.1594972908 0.0885921791 0.0858252048 -0.8328157067 0.5468565226
-405.2 53.4 2299.3 -0.8393308520 -0.5300741792 0.1206027791 -0.2383815795 0.1594972908 -0.9579848051 0.4885671735 -0.8328157067 -0.2602309287
-86.7 304.5 2309.6 0.6596955061 -0.2684040070 0.7019695044 -0.2888708413 0.7717326880 0.5665529966 -0.6937978864 -0.5765309930 0.4315744936
51.1 244.2 2164.6 -0.9509544373 -0.2684040070 0.1537693143 -0.3078042269 0.7717326880 -0.5564936996 0.0306963231 -0.5765309930 -0.8164984584
-276.6 -86.0 2458.9 0.9743252993 -0.0299480986 -0.2231442928 -0.0081539284 0.9857698679 -0.1679026186 0.2249972820 0.1654112637 0.9602162838
-264.9 -472.0 2394.2 0.9734163284 -0.0545497015 -0.2224521041 0.0118420757 0.9819123149 -0.1889654249 0.2287364751 0.1813077331 0.9564555287
-96.9 -68.4 2452.1 0.9526079297 -0.1588906795 0.2594068646 0.2321626693 0.9307634234 -0.2824534476 -0.1965672076 0.3292919993 0.9235410690
-34.7 -433.0 2323.1 0.9753945470 -0.1147428676 0.1882539988 0.1056528538 0.9927297235 0.0576637834 -0.1935018450 -0.0363553688 0.9804260731
-204.5 110.4 2182.4 0 0 0 0 0 0 0 0 0
-193.7 164.9 2172.5 0 0 0 0 0 0 0 0 0
-247.9 -777.6 2337.7 0 0 0 0 0 0 0 0 0
6.7 -791.2 2336.3 0 0 0 0 0 0 0 0 0
-257.2 475.4 2239.5 3 0.9901165962 -0.1390219927 0.0184947234 0.1218960583 0.9182645679 0.3767380416 -0.0693579242 -0.3707601428 0.9261351824
-228.8 288.2 2315.1 0.9901165962 -0.1390219927 0.0184947234 0.1218960583 0.9182645679 0.3767380416 -0.0693579242 -0.3707601428 0.9261351824
-204.7 106.4 2383.9 0.9921625257 -0.1231098995 0.0213897899 0.1074848622 0.9281512499 0.3563456237 -0.0637226328 -0.3512536883 0.9341093302
-370.1 272.9 2324.2 0.1633689106 -0.5348294377 -0.8290163279 0.9801925421 0.1833472252 0.0748760775 0.1119519100 -0.8248280287 0.5541890860
-406.3 55.5 2299.4 -0.8396273255 -0.5348294377 0.0947808921 -0.2248192281 0.1833472252 -0.9569953680 0.4944514930 -0.8248280287 -0.2741832733
-87.5 303.5 2306.0 0.6477392316 -0.2890591919 0.7048962116 -0.2788596451 0.7710684538 0.5724427700 -0.7089930773 -0.5673607588 0.4188443422
46.5 245.8 2159.4 -0.9462912679 -0.2890591919 0.1448366344 -0.3198100030 0.7710684538 -0.5506132841 0.0474808626 -0.5673607588 -0.8220993280
-271.0 -85.5 2456.1 0.9811485410 -0.0160783902 -0.1925852299 -0.0149714453 0.9872143865 -0.1586935222 0.1926744431 0.1585852057 0.9683632255
-264.7 -472.2 2394.0 0.9797943234 -0.0560320653 -0.1919985861 0.0191046260 0.9817860723 -0.1890268922 0.1990931034 0.1815394163 0.9630188942
-91.6 -64.5 2450.5 0.9467972517 -0.1485943943 0.2854728103 0.2286471874 0.9348143935 -0.2717398405 -0.2264850587 0.3225550950 0.9190553427
-33.4 -430.7 2324.2 0.9697309732 -0.1073899642 0.2192924768 0.0972079411 0.9936455488 0.0567370616 -0.2239919901 -0.0337027162 0.9740080833
-204.7 109.5 2180.6 0 0 0 0 0 0 0 0 0
-193.5 164.7 2171.4 0 0 0 0 0 0 0 0 0
-247.2 -778.5 2337.3 0 0 0 0 0 0 0 0 0
5.5 -790.7 2336.4 0 0 0 0 0 0 0 0 0
-257.2 472.1 2240.4 4 0.9900695682 -0.1365417540 0.0334459655 0.1139143631 0.9186565876 0.3782771230 -0.0823759809 -0.3707107008 0.9250879884
-229.4 285.2 2315.8 0.9900695682 -0.1365417540 0.0334459655 0.1139143631 0.9186565876 0.3782771230 -0.0823759809 -0.3707107008 0.9250879884
-205.6 103.3 2384.5 0.9919132590 -0.1215766668 0.0364315175 0.1007191688 0.9286932945 0.3569095731 -0.0772255808 -0.3503539860 0.9334282279
-370.7 270.9 2326.8 0.1657984704 -0.5356046557 -0.8280329108 0.9759430885 0.2096657008 0.0597946644 0.1415838003 -0.8180268407 0.5574818850
-406.9 57.8 2295.9 -0.8415140510 -0.5356046557 0.0705818161 -0.2134794593 0.2096657008 -0.9541838765 0.4962667227 -0.8180268407 -0.2907772064
-88.1 299.6 2304.8 0.6456638575 -0.2948606908 0.7043972015 -0.2544965744 0.7866159678 0.5625538826 -0.7199650407 -0.5424873829 0.4328484535
44.6 247.3 2156.9 -0.9430556297 -0.2948606908 0.1539584994 -0.3310360610 0.7866159678 -0.5212010145 0.0325754657 -0.5424873829 -0.8394321203
-270.3 -85.1 2458.5 0.9834970236 -0.0119483229 -0.1805292219 -0.0168742891 0.9874098301 -0.1572803706 0.1801355630 0.1577310860 0.9709129930
-265.6 -471.8 2396.7 0.9817975760 -0.0608850606 -0.1799069941 0.0247505829 0.9801629782 -0.1966417134 0.1883107126 0.1886095554 0.9638285637
-91.0 -65.6 2446.9 0.9450956583 -0.1417884976 0.2944320440 0.2225585729 0.9389990568 -0.2621992826 -0.2392945588 0.3133317828 0.9190001488
-35.5 -433.4 2324.2 0.9659077525 -0.1176646128 0.2306020260 0.1054463312 0.9923208952 0.0646552220 -0.2364388406 -0.0381348394 0.9708977342
-206.6 108.6 2177.8 0 0 0 0 0 0 0 0 0
-192.8 163.9 2165.1 0 0 0 0 0 0 0 0 0
-246.5 -778.7 2337.6 0 0 0 0 0 0 0 0 0
6.9 -791.2 2338.0 0 0 0 0 0 0 0 0 0
-257.3 468.1 2240.8 5 0.9899551272 -0.1391199529 0.0251888968 0.1195474416 0.9187943339 0.3761985898 -0.0754801482 -0.3694084585 0.9261965752
-229.0 281.5 2315.9 0.9899551272 -0.1391199529 0.0251888968 0.1195474416 0.9187943339 0.3761985898 -0.0754801482 -0.3694084585 0.9261965752
-204.9 99.4 2384.1 0.9920114875 -0.1229230911 0.0283397920 0.1050444767 0.9293366671 0.3539760113 -0.0698490366 -0.3481713533 0.9348250031
-370.3 266.5 2325.8 0.1619900614 -0.5435391665 -0.8236045241 0.9715917110 0.2337828279 0.0368114486 0.1725361347 -0.8061704040 0.5659686327
-405.3 56.8 2288.6 -0.8376563787 -0.5435391665 0.0538236052 -0.2126589715 0.2337828279 -0.9487474561 0.5030983686 -0.8061704040 -0.3114181459
-87.7 296.4 2305.9 0.6409779787 -0.2979847789 0.7073558569 -0.2321794778 0.8031193018 0.5487185717 -0.7316009402 -0.5159500241 0.4455958605
44.0 248.7 2155.6 -0.9396762848 -0.2979847789 0.1679687500 -0.3419036269 0.8031193018 -0.4879562259 0.0105045782 -0.5159500241 -0.8565542698
-271.4 -87.7 2460.1 0.9823113084 -0.0150929363 -0.1866458058 -0.0167762320 0.9856449366 -0.1679960489 0.1865020394 0.1681556404 0.9679569602
-265.5 -473.7 2394.2 0.9805276990 -0.0623786822 -0.1862105876 0.0258358587 0.9809444547 -0.1925628930 0.1946740597 0.1840023398 0.9634547830
-92.2 -69.5 2446.1 0.9462482333 -0.1452786624 0.2889781296 0.2246214449 0.9380190372 -0.2639421225 -0.2327218354 0.3146654665 0.9202315807
-35.3 -436.9 2322.8 0.9676808715 -0.1185172871 0.2225923091 0.1054417342 0.9919742942 0.0697784945 -0.2290758044 -0.0440527983 0.9724112153
-198.3 109.3 2164.3 0 0 0 0 0 0 0 0 0
-191.0 163.2 2158.2 0 0 0 0 0 0 0 0 0
-246.1 -778.7 2337.0 0 0 0 0 0 0 0 0 0
7.1 -792.1 2338.6 0 0 0 0 0 0 0 0 0
-255.6 465.7 2241.6 6 0.9889982939 -0.1382733881 0.0525622778 0.1090688556 0.9216584563 0.3723568618 -0.0999315158 -0.3625274003 0.9265999794
-227.6 278.9 2315.0 0.9889982939 -0.1382733881 0.0525622778 0.1090688556 0.9216584563 0.3723568618 -0.0999315158 -0.3625274003 0.9265999794
-203.6 96.7 2382.8 0.9909487367 -0.1224288419 0.0550618023 0.0952147692 0.9301566482 0.3546023071 -0.0946296528 -0.3461500108 0.9333945513
-368.7 265.3 2328.5 0.1753523350 -0.5603485703 -0.8094819188 0.9663476348 0.2551515102 0.0327092148 0.1882119924 -0.7879766226 0.5862329602
-406.5 57.5 2288.0 -0.8278211951 -0.5603485703 0.0268607773 -0.2033826262 0.2551515102 -0.9452688694 0.5228264928 -0.7879766226 -0.3251850009
-86.4 292.5 2301.6 0.6471446753 -0.2975163162 0.7019172907 -0.2153359652 0.8118816614 0.5426588058 -0.7313235998 -0.5023267865 0.4613389075
43.3 249.3 2155.0 -0.9371398687 -0.2975163162 0.1823538244 -0.3488437533 0.8118816614 -0.4681411982 -0.0087700915 -0.5023267865 -0.8646333814
-270.5 -92.1 2458.6 0.9863209128 -0.0157766361 -0.1640796661 -0.0129140709 0.9849537611 -0.1723350435 0.1643297374 0.1720965952 0.9712767601
-264.3 -477.9 2391.2 0.9849177003 -0.0556248315 -0.1638382077 0.0244710334 0.9821782708 -0.1863518208 0.1712841094 0.1795319170 0.9687259793
-91.2 -73.1 2445.9 0.9399158955 -0.1481583565 0.3075829148 0.2314299047 0.9388428330 -0.2549791634 -0.2509947121 0.3108428419 0.9167215228
-33.2 -440.8 2324.2 0.9638058543 -0.1115029082 0.2421680242 0.0982235074 0.9929552674 0.0662721768 -0.2478515506 -0.0400869176 0.9679682851
-198.2 108.6 2156.5 0 0 0 0 0 0 0 0 0
-190.7 162.2 2152.8 0 0 0 0 0 0 0 0 0
-247.4 -777.2 2336.4 0 0 0 0 0 0 0 0 0
6.2 -791.5 2338.3 0 0 0 0 0 0 0 0 0
-252.8 462.4 2241.4 7 0.9896939993 -0.1349009573 0.0480367839 0.1072069481 0.9204028249 0.3759858310 -0.0949340388 -0.3669610322 0.9253794551
-225.5 276.2 2315.6 0.9896939993 -0.1349009573 0.0480367839 0.1072069481 0.9204028249 0.3759858310 -0.0949340388 -0.3669610322 0.9253794551
-202.0 94.1 2383.8 0.9914664030 -0.1200528443 0.0508100875 0.0943447053 0.9297647476 0.3558603227 -0.0899634734 -0.3480298817 0.9331569076
-366.8 262.8 2328.5 0.1750991195 -0.5440698862 -0.8205658197 0.9597440362 0.2802332044 0.0189916324 0.2196170241 -0.7908585668 0.5712364316
-404.2 57.8 2281.6 -0.8390089869 -0.5440698862 0.0072024772 -0.1897999346 0.2802332044 -0.9409810305 0.5099411011 -0.7908585668 -0.3383826017
-84.2 289.7 2302.8 0.6450390220 -0.2918920517 0.7062036991 -0.2061157078 0.8234550953 0.5286189914 -0.7358267307 -0.4865395427 0.4709971547
43.5 248.9 2157.1 -0.9367451072 -0.2918920517 0.1931519955 -0.3488548994 0.8234550953 -0.4474616945 -0.0284414850 -0.4865395427 -0.8731954694
-269.2 -94.1 2459.2 0.9855692387 -0.0094305128 -0.1690097153 -0.0185038056 0.9864612818 -0.1629469395 0.1682582200 0.1637228280 0.9720514417
-265.5 -480.5 2395.1 0.9838860631 -0.0595920645 -0.1685734540 0.0255086180 0.9799624085 -0.1975424290 0.1769676059 0.1900591552 0.9656914473
-90.1 -76.9 2442.1 0.9415435791 -0.1492552310 0.3020241559 0.2288020551 0.9413297772 -0.2480884790 -0.2472758144 0.3026898503 0.9204528928
-31.6 -445.6 2323.5 0.9653559923 -0.1065240726 0.2382024080 0.0931086838 0.9934050441 0.0669116750 -0.2437591851 -0.0424148776 0.9689078331
-191.3 106.0 2152.1 0 0 0 0 0 0 0 0 0
-190.5 161.8 2150.0 0 0 0 0 0 0 0 0 0
-247.4 -777.5 2337.4 0 0 0 0 0 0 0 0 0
5.5 -791.8 2338.3 0 0 0 0 0 0 0 0 0
-253.3 460.6 2239.8 8 0.9897527695 -0.1368011087 0.0409255624 0.1111839786 0.9181723595 0.3802599013 -0.0895967036 -0.3718130291 0.9239737391
-225.6 274.9 2315.0 0.9897527695 -0.1368011087 0.0409255624 0.1111839786 0.9181723595 0.3802599013 -0.0895967036 -0.3718130291 0.9239737391
-201.8 93.0 2383.5 0.9916121960 -0.1214552373 0.0442026183 0.0978842676 0.9290305972 0.3568204641 -0.0844032988 -0.3495007753 0.9331266284
-366.9 261.0 2327.0 0.1689107567 -0.5452610254 -0.8210722208 0.9604049921 0.2783159316 0.0127490731 0.2215659022 -0.7907152772 0.5706819296
-403.0 56.2 2279.8 -0.8382614851 -0.5452610254 0.0028451697 -0.1842346787 0.2783159316 -0.9426546693 0.5132009983 -0.7907152772 -0.3337575197
-84.3 288.9 2303.0 0.6464087963 -0.3054900765 0.6991648674 -0.2060756236 0.8123890162 0.5454877615 -0.7346349359 -0.4966889024 0.4621813297
43.3 248.2 2158.0 -0.9278936982 -0.3054900765 0.2137499601 -0.3710796237 0.8123890162 -0.4498043656 -0.0362373479 -0.4966889024 -0.8671718240
-268.1 -96.5 2460.1 0.9847554564 -0.0004731286 -0.1739438027 -0.0282858722 0.9862504601 -0.1628186256 0.1716291904 0.1652566791 0.9712021947
-267.9 -482.8 2395.4 0.9822872877 -0.0701393187 -0.1737588495 0.0334816799 0.9780774117 -0.2055322975 0.1843655109 0.1960740238 0.9631013870
-88.9 -79.4 2443.8 0.9436475039 -0.1450677514 0.2974638343 0.2222635448 0.9437431693 -0.2448423505 -0.2452107072 0.2971602380 0.9228041768
-32.1 -449.1 2327.4 0.9650492072 -0.1125263795 0.2366808355 0.0999142900 0.9928926826 0.0646626502 -0.2422749251 -0.0387548432 0.9694333076
-189.2 103.1 2149.0 0 0 0 0 0 0 0 0 0
-188.6 155.5 2148.9 0 0 0 0 0 0 0 0 0
-246.7 -778.9 2336.0 0 0 0 0 0 0 0 0 0
6.9 -793.3 2340.9 0 0 0 0 0 0 0 0 0
-252.0 457.1 2241.6 9 0.9891064167 -0.1348454505 0.0590353981 0.1028156355 0.9198724627 0.3785018027 -0.1053442806 -0.3683088124 0.9237159491
-224.8 272.1 2315.6 0.9891064167 -0.1348454505 0.0590353981 0.1028156355 0.9198724627 0.3785018027 -0.1053442806 -0.3683088124 0.9237159491
-201.7 90.1 2384.0 0.9910665154 -0.1181448400 0.0618783161 0.0884861872 0.9296277165 0.3577184975 -0.0997863933 -0.3490474522 0.9317771196
-366.1 259.5 2329.9 0.1723950505 -0.5276203156 -0.8318033218 0.9539722800 0.2997996807 0.0075495071 0.2453911006 -0.7948188186 0.5550191402
-402.6 57.2 2277.8 -0.8490658402 -0.5276203156 -0.0265336186 -0.1568923444 0.2997996807 -0.9410127401 0.5044521689 -0.7948188186 -0.3373292387
-83.6 284.7 2301.4 0.6497767568 -0.3422094584 0.6787362099 -0.1891393960 0.7920532823 0.5804117918 -0.7362176776 -0.5055138469 0.4499325454
43.7 247.7 2157.2 -0.9023405313 -0.3422094584 0.2620578110 -0.4270638525 0.7920532823 -0.4361972213 -0.0582929514 -0.5055138469 -0.8608470559
-267.7 -97.8 2459.6 0.9870408773 0.0001857068 -0.1604689062 -0.0254386961 0.9875350595 -0.1553300470 0.1584398150 0.1573992223 0.9747421741
-267.8 -484.7 2397.9 0.9846023321 -0.0699250177 -0.1602146477 0.0348997153 0.9766906500 -0.2117956579 0.1712899655 0.2029430568 0.9640922546
-88.4 -80.1 2444.3 0.9403864741 -0.1435705274 0.3083193302 0.2227633148 0.9450255036 -0.2393810153 -0.2570015788 0.2937929034 0.9206714630
-32.2 -450.3 2329.2 0.9617804885 -0.1109557226 0.2503341138 0.0994559526 0.9933401942 0.0581702106 -0.2551212609 -0.0310497526 0.9664103985
-185.8 97.3 2149.0 0 0 0 0 0 0 0 0 0
-184.1 139.8 2142.4 0 0 0 0 0 0 0 0 0
-246.7 -778.3 2336.9 0 0 0 0 0 0 0 0 0
6.0 -792.0 2339.9 0 0 0 0 0 0 0 0 0
-251.9 455.9 2240.4 0 0.9900623560 -0.1288100034 0.0564314499 0.0979742333 0.9196598530 0.3802983761 -0.1008839682 -0.3709902763 0.9231406450
-226.0 271.0 2315.0 0.9900623560 -0.1288100034 0.0564314499 0.0979742333 0.9196598530 0.3802983761 -0.1008839682 -0.3709902763 0.9231406450
-203.6 89.0 2383.8 0.9916851521 -0.1142670438 0.0591910332 0.0856305212 0.9292821288 0.3593078852 -0.0960622132 -0.3512517214 0.9313400388
-367.3 258.8 2328.7 0.1620329320 -0.5148504972 -0.8418279290 0.9538959861 0.3001373410 0.0000436042 0.2526415586 -0.8030233979 0.5397459865
-401.4 58.1 2275.6 -0.8565500379 -0.5148504972 -0.0353697836 -0.1414508969 0.3001373410 -0.9433500171 0.4963000119 -0.8030233979 -0.3299087286
-84.6 283.2 2301.3 0.6533275843 -0.3353241384 0.6787641644 -0.2079929113 0.7825621963 0.5868009925 -0.7279437184 -0.5245513916 0.4415244162
44.5 242.1 2157.5 -0.8976903558 -0.3353241384 0.2858491242 -0.4343461394 0.7825621963 -0.4460267723 -0.0741311908 -0.5245513916 -0.8481452465
-268.1 -100.0 2461.4 0.9863421917 0.0000661147 -0.1647090018 -0.0259924345 0.9875321984 -0.1552564949 0.1626451761 0.1574172229 0.9740464091
-268.2 -486.9 2399.7 0.9839420915 -0.0696169883 -0.1643516570 0.0321746431 0.9748950601 -0.2203279883 0.1755641848 0.2115020305 0.9614801407
-89.0 -84.0 2443.4 0.9412944317 -0.1451738179 0.3047776222 0.2242826521 0.9436949492 -0.2431812584 -0.2523135543 0.2972615063 0.9208547473
-32.1 -453.7 2326.9 0.9632709622 -0.1155664250 0.2423910946 0.1011366770 0.9923218489 0.0711951032 -0.2487577498 -0.0440655425 0.9675627947
-182.3 94.2 2148.6 0 0 0 0 0 0 0 0 0
-183.8 131.6 2138.6 0 0 0 0 0 0 0 0 0
-247.3 -778.8 2336.4 0 0 0 0 0 0 0 0 0
7.6 -794.5 2342.1 0 0 0 0 0 0 0 0 0
-252.7 457.0 2234.3 1 0.9895327687 -0.1333355010 0.0551953353 0.1008377969 0.9124848247 0.3964885473 -0.1032309011 -0.3867726326 0.9163789153
-225.8 272.8 2312.4 0.9895327687 -0.1333355010 0.0551953353 0.1008377969 0.9124848247 0.3964885473 -0.1032309011 -0.3867726326 0.9163789153
-202.9 91.8 2383.5 0.9914457202 -0.1165946424 0.0586604662 0.0867771283 0.9245618582 0.3710190058 -0.0974940583 -0.3627548218 0.9267706871
-367.1 260.5 2326.3 0.1585503221 -0.5067530870 -0.8473860621 0.9563462138 0.2922060788 0.0041925102 0.2454867959 -0.8110591173 0.5309607387
-400.7 57.5 2274.2 -0.8609756231 -0.5067530870 -0.0438436009 -0.1236950979 0.2922060788 -0.9483222961 0.4933765829 -0.8110591173 -0.3142651916
-84.5 285.2 2298.5 0.6592983007 -0.3130807877 0.6835979223 -0.2426391989 0.7719468474 0.5875579119 -0.7116543651 -0.5532435775 0.4329776168
44.3 237.8 2159.5 -0.9067745805 -0.3130807877 0.2823831737 -0.4161703885 0.7719468474 -0.4805208147 -0.0675429553 -0.5532435775 -0.8302767277
-270.8 -100.8 2461.3 0.9864313006 -0.0077606016 -0.1639912128 -0.0164457671 0.9891869426 -0.1457352638 0.1633489579 0.1464547813 0.9756372571
-267.8 -488.2 2403.9 0.9844036698 -0.0669495687 -0.1626873761 0.0278685391 0.9724248052 -0.2315454930 0.1737031043 0.2234003693 0.9591243267
-91.6 -85.3 2443.9 0.9387071729 -0.1565848142 0.3070993721 0.2355632335 0.9418010116 -0.2398349047 -0.2516719997 0.2974760830 0.9209610224
-30.2 -454.2 2327.4 0.9636612535 -0.1101074293 0.2433790118 0.0972825736 0.9931879640 0.0641383529 -0.2487832159 -0.0381311104 0.9678083062
-180.4 89.2 2148.0 0 0 0 0 0 0 0 0 0
-186.1 132.1 2142.3 0 0 0 0 0 0 0 0 0
-247.7 -780.0 2336.9 0 0 0 0 0 0 0 0 0
7.4 -793.3 2340.4 0 0 0 0 0 0 0 0 0
-257.5 464.5 2236.8 2 0.9891835451 -0.1444423199 0.0255398527 0.1230747849 0.9120278358 0.3912260830 -0.0798026547 -0.3838510811 0.9199401736
-228.2 279.6 2314.6 0.9891835451 -0.1444423199 0.0255398527 0.1230747849 0.9120278358 0.3912260830 -0.0798026547 -0.3838510811 0.9199401736
-203.1 98.7 2385.2 0.9913483858 -0.1279738396 0.0291732512 0.1084845588 0.9239774346 0.3667380214 -0.0738882944 -0.3604003191 0.9298667312
-369.4 264.2 2325.2 0.1564431936 -0.5252452493 -0.8364466429 0.9618602991 0.2734179199 0.0082073892 0.2243886143 -0.8058288097 0.5479869246
-403.0 57.6 2277.0 -0.8491607308 -0.5252452493 -0.0551679544 -0.1070175692 0.2734179199 -0.9559235573 0.5171781778 -0.8058288097 -0.2883862257
-87.0 295.1 2304.1 0.6369825602 -0.2914637923 0.7136540413 -0.3038704395 0.7558726668 0.5799304247 -0.7084602714 -0.5862638950 0.3929104507
44.6 232.3 2157.8 -0.9170940518 -0.2914637923 0.2720062733 -0.3950739801 0.7558726668 -0.5220853090 -0.0534331463 -0.5862638950 -0.8083560467
-269.7 -97.2 2463.3 0.9829738736 -0.0116186747 -0.1833775640 -0.0174674522 0.9875703454 -0.1562040001 0.1829131246 0.1567475945 0.9705529213
-265.2 -484.0 2401.9 0.9815711975 -0.0577901974 -0.1821488887 0.0158900209 0.9745587111 -0.2235684842 0.1904348582 0.2165540457 0.9575170279
-90.5 -81.5 2445.7 0.9433774352 -0.1567705572 0.2923389375 0.2329722494 0.9404717088 -0.2474609613 -0.2361419052 0.3015559316 0.9237429500
-29.1 -449.9 2327.6 0.9679479003 -0.1060672924 0.2276546508 0.0940405503 0.9935684204 0.0630725697 -0.2328803986 -0.0396421887 0.9716970921
-185.7 85.0 2144.6 0 0 0 0 0 0 0 0 0
-187.5 132.3 2144.3 0 0 0 0 0 0 0 0 0
-247.7 -778.3 2336.5 0 0 0 0 0 0 0 0 0
7.6 -793.2 2341.3 0 0 0 0 0 0 0 0 0
-258.1 464.5 2232.0 3 0.9883286357 -0.1522617489 -0.0047873920 0.1412217766 0.9039790034 0.4035819769 -0.0571223907 -0.3995476961 0.9149309993
-227.2 281.0 2313.2 0.9883286357 -0.1522617489 -0.0047873920 0.1412217766 0.9039790034 0.4035819769 -0.0571223907 -0.3995476961 0.9149309993
-200.5 101.3 2386.4 0.9906373024 -0.1365188807 -0.0005667715 0.1266594827 0.9175284505 0.3769600689 -0.0509421341 -0.3735024929 0.9262293577
-368.3 262.9 2320.4 0.1613994688 -0.5358785987 -0.8287245035 0.9643344879 0.2641395032 0.0170097016 0.2097837627 -0.8019130230 0.5593981743
-402.7 57.2 2275.7 -0.8423062563 -0.5358785987 -0.0579161607 -0.1021022350 0.2641395032 -0.9590649009 0.5292403102 -0.8019130230 -0.2772007585
-86.1 299.0 2305.9 0.6314304471 -0.2687857151 0.7273581028 -0.3329412043 0.7531663179 0.5673540831 -0.7003182769 -0.6004121304 0.3860823214
43.5 230.7 2162.2 -0.9176535010 -0.2687857151 0.2926879823 -0.3896543682 0.7531663179 -0.5300093889 -0.0779837891 -0.6004121304 -0.7958792448
-267.6 -92.1 2462.5 0.9789164066 -0.0046906439 -0.2042073011 -0.0257390104 0.9889346361 -0.1461019367 0.2026329935 0.1482776701 0.9679636359
-265.8 -479.4 2404.5 0.9773099422 -0.0599409901 -0.2031559795 0.0128184427 0.9741024971 -0.2257431895 0.2114260197 0.2180169225 0.9527684450
-88.5 -72.5 2449.2 0.9496415854 -0.1436213106 0.2784848511 0.2177130878 0.9416265488 -0.2567886710 -0.2253483981 0.3044870198 0.9254759550
-32.2 -441.3 2329.9 0.9692140818 -0.1115755290 0.2194879055 0.1027949974 0.9933910370 0.0510632582 -0.2237347364 -0.0269289706 0.9742779732
-187.1 83.3 2140.2 0 0 0 0 0 0 0 0 0
-188.1 132.4 2142.5 0 0 0 0 0 0 0 0 0
-247.4 -778.0 2337.6 0 0 0 0 0 0 0 0 0
7.1 -791.2 2339.4 0 0 0 0 0 0 0 0 0
-254.9 460.5 2229.7 4 0.9884234071 -0.1503338963 0.0204660762 0.1285808384 0.9016212225 0.4129722714 -0.0805363730 -0.4055599272 0.9105136395
-224.5 277.7 2311.9 0.9884234071 -0.1503338963 0.0204660762 0.1285808384 0.9016212225 0.4129722714 -0.0805363730 -0.4055599272 0.9105136395
-198.4 98.4 2386.3 0.9908027053 -0.1330505162 0.0246494003 0.1133249030 0.9154489040 0.3861486614 -0.0739425495 -0.3798037469 0.9221071601
-365.6 261.6 2322.4 0.1739292443 -0.5368429422 -0.8255593777 0.9593830109 0.2814596891 0.0190962832 0.2221099734 -0.7953490615 0.5639920831
-402.6 57.3 2275.2 -0.8396826386 -0.5368429422 -0.0820528567 -0.0865624100 0.2814596891 -0.9556607008 0.5361343026 -0.7953490615 -0.2828072309
-83.3 293.8 2301.4 0.6394080520 -0.2650592625 0.7217346430 -0.3271047771 0.7557318211 0.5673375130 -0.6958159208 -0.5988430381 0.3965188861
42.9 229.3 2164.0 -0.9183733463 -0.2650592625 0.2938265502 -0.3871161342 0.7557318211 -0.5282143950 -0.0820459649 -0.5988430381 -0.7966526747
-263.3 -89.8 2464.2 0.9827324748 0.0085233292 -0.1848357022 -0.0371989422 0.9876439571 -0.1522357017 0.1812543124 0.1564826518 0.9709067941
-266.6 -476.6 2402.9 0.9807202220 -0.0630018041 -0.1849828213 0.0211294778 0.9752421379 -0.2201280445 0.1942715049 0.2119754255 0.9577708244
-84.3 -66.9 2454.9 0.9455031753 -0.1292068809 0.2988801003 0.2152250856 0.9367842674 -0.2758866549 -0.2443397045 0.3251782060 0.9135410190
-33.7 -433.7 2327.6 0.9646702409 -0.1164465100 0.2363292277 0.1044743955 0.9925549030 0.0626085028 -0.2418602705 -0.0357062072 0.9696539044
-187.6 79.4 2137.9 0 0 0 0 0 0 0 0 0
-188.6 131.7 2143.3 0 0 0 0 0 0 0 0 0
-247.2 -778.1 2337.3 0 0 0 0 0 0 0 0 0
8.4 -792.7 2340.5 0 0 0 0 0 0 0 0 0
-255.5 458.0 2228.5 5 0.9884698987 -0.1512355804 0.0074195280 0.1341361701 0.8973367810 0.4204690158 -0.0702476874 -0.4146257341 0.9072765708
-224.8 275.9 2312.6 0.9884698987 -0.1512355804 0.0074195280 0.1341361701 0.8973367810 0.4204690158 -0.0702476874 -0.4146257341 0.9072765708
-198.3 97.4 2388.7 0.9907124639 -0.1354702115 0.0116905998 0.1199882701 0.9114505649 0.3935233951 -0.0639661029 -0.3884657919 0.9192402363
-365.9 258.8 2321.7 0.1665941924 -0.5341778994 -0.8287945390 0.9572296739 0.2892675698 0.0059707761 0.2365539223 -0.7943413854 0.5595212579
-400.9 58.0 2272.1 -0.8410816193 -0.5341778994 -0.0850625783 -0.0873086974 0.2892675698 -0.9532583356 0.5338153839 -0.7943413854 -0.2899360359
-83.7 293.0 2303.5 0.6377128363 -0.2584211528 0.7256313562 -0.3303586543 0.7592443228 0.5607238412 -0.6958343983 -0.5972993970 0.3988082111
43.5 227.2 2164.7 -0.9211947322 -0.2584211528 0.2908930182 -0.3798607290 0.7592443228 -0.5284447670 -0.0842975676 -0.5972993970 -0.7975759506
-261.8 -91.1 2467.4 0.9808884859 0.0056524938 -0.1944885105 -0.0395124815 0.9845366478 -0.1706643254 0.1905163974 0.1750874072 0.9659440517
-264.1 -476.6 2398.8 0.9794111252 -0.0538236909 -0.1945683509 0.0132830832 0.9788955450 -0.2039292008 0.2014383227 0.1971460730 0.9594560862
-82.8 -70.6 2454.0 0.9488128424 -0.1197098941 0.2922734618 0.2038959116 0.9388803840 -0.2773628235 -0.2412067354 0.3227587640 0.9152300954
-36.0 -438.3 2327.6 0.9644114971 -0.1244899258 0.2332653850 0.1128888205 0.9916402698 0.0624951385 -0.2390953600 -0.0339379758 0.9704028368
-185.5 80.4 2135.4 0 0 0 0 0 0 0 0 0
-188.8 131.4 2143.5 0 0 0 0 0 0 0 0 0
-247.5 -777.0 2338.3 0 0 0 0 0 0 0 0 0
8.6 -793.1 2339.8 0 0 0 0 0 0 0 0 0
-254.5 456.0 2228.4 6 0.9887055755 -0.1494018584 0.0118458895 0.1308382899 0.8989955783 0.4179572165 -0.0730929896 -0.4116867483 0.9083894491
-224.2 273.8 2311.8 0.9887055755 -0.1494018584 0.0118458895 0.1308382899 0.8989955783 0.4179572165 -0.0730929896 -0.4116867483 0.9083894491
-198.2 95.0 2387.5 0.9910043478 -0.1328786165 0.0159258619 0.1160845831 0.9127099514 0.3917715251 -0.0665937513 -0.3863985538 0.9199246764
-365.4 257.2 2321.3 0.1719257385 -0.5298280120 -0.8304961324 0.9553107619 0.2954579294 0.0092723174 0.2404639274 -0.7949759960 0.5569472313
-401.3 58.2 2271.2 -0.8437989950 -0.5298280120 -0.0853553563 -0.0893035010 0.2954579294 -0.9511727095 0.5291768909 -0.7949759960 -0.2966226041
-83.0 290.3 2302.3 0.6402789950 -0.2624809742 0.7219048142 -0.3330747187 0.7519901991 0.5688338280 -0.6921734214 -0.6046606302 0.3940577805
43.6 224.4 2165.4 -0.9153628349 -0.2624809742 0.3053106070 -0.3923155665 0.7519901991 -0.5297161341 -0.0905501693 -0.6046606302 -0.7913193107
-261.3 -91.9 2470.6 0.9812790751 0.0063678506 -0.1924859136 -0.0418329835 0.9826383591 -0.1807536781 0.1879930198 0.1854220629 0.9645088315
-263.8 -476.8 2398.0 0.9797965884 -0.0539309904 -0.1925877929 0.0130895963 0.9781834483 -0.2073301673 0.1995677203 0.2006205022 0.9591267705
-82.2 -70.2 2459.0 0.9477798343 -0.1234033927 0.2940832675 0.2095977664 0.9360213876 -0.2827237546 -0.2403791696 0.3295990527 0.9130073190
-33.9 -436.8 2329.9 0.9649472237 -0.1187779009 0.2340271324 0.1088398919 0.9925376773 0.0549799465 -0.2388111502 -0.0275812577 0.9706742764
-185.2 81.1 2135.7 0 0 0 0 0 0 0 0 0
-189.0 124.7 2142.4 0 0 0 0 0 0 0 0 0
-247.2 -777.0 2336.4 0 0 0 0 0 0 0 0 0
8.6 -791.8 2339.8 0 0 0 0 0 0 0 0 0
-253.5 457.8 2228.3 7 0.9895582199 -0.1436265260 -0.0120824240 0.1356337965 0.8995614648 0.4152018726 -0.0487651192 -0.4125052094 0.9096490741
-224.4 275.4 2312.0 0.9895582199 -0.1436265260 -0.0120824240 0.1356337965 0.8995614648 0.4152018726 -0.0487651192 -0.4125052094 0.9096490741
-199.3 96.6 2388.0 0.9917482734 -0.1279295236 -0.0083318045 0.1210177243 0.9127548337 0.3901709020 -0.0423094854 -0.3879596293 0.9207047224
-365.7 258.1 2318.0 0.1658117473 -0.5271717310 -0.8334245086 0.9578779340 0.2870342433 0.0090122931 0.2344703376 -0.7998132706 0.5525598526
-400.3 58.0 2269.0 -0.8462325931 -0.5271717310 -0.0773328096 -0.0916741937 0.2870342433 -0.9535235763 0.5248678327 -0.7998132706 -0.2912257612
-83.1 292.6 2305.9 0.6270434260 -0.2681809366 0.7313655019 -0.3456315398 0.7456135750 0.5697360635 -0.6981084347 -0.6100322604 0.3748403192
