229.8 480.8 2476.1 5 0.9994013906 0.0300733205 0.0171027798 -0.0333762132 0.9682337642 0.2478091866 -0.0091070430 -0.2482316643 0.9686579108
223.7 285.2 2526.2 0.9994013906 0.0300733205 0.0171027798 -0.0333762132 0.9682337642 0.2478091866 -0.0091070430 -0.2482316643 0.9686579108
218.1 91.5 2570.3 0.9994688630 0.0282105636 0.0163149275 -0.0311265513 0.9746529460 0.2215462327 -0.0096514486 -0.2219363749 0.9750133753
83.0 289.6 2527.6 0.1527739465 -0.5190593600 -0.8409741521 0.8687593937 0.4761721790 -0.1360776871 0.4710808694 -0.7098150849 0.5236843824
46.9 83.9 2416.1 -0.8517315984 -0.5190593600 -0.0716284662 -0.2185564488 0.4761721790 -0.8517588377 0.4762208760 -0.7098150849 -0.5190146565
364.4 280.8 2524.9 0.7894998789 0.3483365178 0.5053232312 -0.5120742321 0.8277217150 0.2294706553 -0.3383340240 -0.4399300814 0.8318603635
521.5 178.9 2457.5 -0.8626028299 0.3483365178 0.3668487668 0.0993815437 0.8277217150 -0.5522681475 -0.4960238636 -0.4399300814 -0.7486132979
121.8 -98.7 2615.3 0.9507505298 -0.0079480037 0.3098552525 0.0424546190 0.9935888052 -0.1047802195 -0.3070359230 0.1127746403 0.9449924827
124.9 -493.7 2570.5 0.9521642327 -0.0150422137 0.3052163124 0.0015636591 0.9990144968 0.0443571620 -0.3055827618 -0.0417580456 0.9512494206
305.2 -104.2 2614.5 0.9964896441 -0.0812225640 0.0202789754 0.0829777569 0.9903830886 -0.1107069701 -0.0110920509 0.1120010614 0.9936462045
337.5 -498.0 2569.9 0.9993401766 0.0344251469 0.0115810810 -0.0343642794 0.9993947148 -0.0054145078 -0.0117604667 0.0050129597 0.9999182820
264.7 139.8 2294.3 0 0 0 0 0 0 0 0 0
281.5 206.6 2319.5 0 0 0 0 0 0 0 0 0
129.2 -776.2 2582.3 0 0 0 0 0 0 0 0 0
327.9 -775.6 2568.6 0 0 0 0 0 0 0 0 0
230.1 481.8 2476.9 6 0.9992327094 0.0188835878 -0.0343130045 -0.0101037342 0.9707229733 0.2399892062 0.0378402807 -0.2394583821 0.9701689482
226.2 285.3 2525.4 0.9992327094 0.0188835878 -0.0343130045 -0.0101037342 0.9707229733 0.2399892062 0.0378402807 -0.2394583821 0.9701689482
222.8 91.3 2568.3 0.9992386103 0.0177060645 -0.0347657874 -0.0097893300 0.9763675928 0.2158947438 0.0377668329 -0.2153900415 0.9757975340
85.8 286.7 2520.1 0.1735324413 -0.5150585175 -0.8394052386 0.8742375374 0.4729904830 -0.1094932556 0.4534261525 -0.7148389220 0.5323626995
45.6 84.4 2415.1 -0.8538321853 -0.5150585175 -0.0754007548 -0.2097539604 0.4729904830 -0.8557355404 0.4764177203 -0.7148389220 -0.5118900537
366.7 283.9 2530.7 0.7776296139 0.3506861329 0.5218346119 -0.5222852230 0.8223766685 0.2256430835 -0.3500147164 -0.4480132759 0.8226626515
523.0 179.0 2460.4 -0.8620111346 0.3506861329 0.3660000563 0.0964947566 0.8223766685 -0.5607008338 -0.4976199269 -0.4480132759 -0.7427371740
120.8 -99.4 2615.3 0.9636304379 -0.0082496861 0.2671110630 0.0408748090 0.9923124909 -0.1168126240 -0.2640939951 0.1234823093 0.9565597177
124.1 -494.0 2566.3 0.9648759961 -0.0167324543 0.2621724010 0.0045749675 0.9988884330 0.0469140857 -0.2626659870 -0.0440668464 0.9638800025
304.2 -105.2 2613.6 0.9965050220 -0.0793873593 -0.0259886626 0.0763937160 0.9919590950 -0.1009014472 0.0337899886 0.0985634252 0.9945569038
335.7 -499.5 2574.4 0.9991102815 0.0275977589 -0.0318899229 -0.0284303594 0.9992586970 -0.0259569213 0.0311499294 0.0268404707 0.9991542697
263.9 138.0 2293.4 0 0 0 0 0 0 0 0 0
282.2 205.9 2321.4 0 0 0 0 0 0 0 0 0
128.8 -774.3 2578.6 0 0 0 0 0 0 0 0 0
328.1 -775.2 2567.0 0 0 0 0 0 0 0 0 0
230.8 487.0 2485.9 7 0.9997864366 0.0198005270 -0.0059180846 -0.0180547386 0.9762133360 0.2160590142 0.0100553958 -0.2159060240 0.9763623476
226.8 289.8 2529.5 0.9997864366 0.0198005270 -0.0059180846 -0.0180547386 0.9762133360 0.2160590142 0.0100553958 -0.2159060240 0.9763623476
223.0 95.0 2568.5 0.9998022914 0.0188566130 -0.0063059698 -0.0172511470 0.9803667068 0.1964267492 0.0098861065 -0.1962791234 0.9804982543
86.3 292.2 2528.1 0.1649666876 -0.5146165490 -0.8414011002 0.8636929989 0.4873073101 -0.1287088990 0.4762566388 -0.7054795623 0.5248601437
46.3 82.9 2412.6 -0.8535369039 -0.5146165490 -0.0815145299 -0.2129304707 0.4873073101 -0.8468720317 0.4755369723 -0.7054795623 -0.5255122781
367.4 287.4 2530.8 0.7784799337 0.3631615341 0.5119401217 -0.5354708433 0.8097915053 0.2398096472 -0.3274751306 -0.4608160257 0.8248688579
524.9 179.1 2464.6 -0.8579781651 0.3631615341 0.3633004129 0.0978028253 0.8097915053 -0.5785086751 -0.5042896867 -0.4608160257 -0.7303016782
127.7 -101.9 2607.7 0.9562041759 0.0057732025 0.2926436067 0.0256362334 0.9943113923 -0.1033811495 -0.2915757298 0.1063557640 0.9506166577
125.4 -497.1 2565.4 0.9570038319 -0.0090259444 0.2899348438 -0.0068391925 0.9985358715 0.0536598600 -0.2899946570 -0.0533356108 0.9555408955
310.8 -103.7 2614.6 0.9980642200 -0.0621865019 -0.0008389002 0.0618065968 0.9932860732 -0.0977892801 0.0069144410 0.0975481272 0.9952067733
335.6 -498.6 2575.8 0.9995121956 0.0308520105 -0.0048455950 -0.0309975371 0.9989559054 -0.0335603319 0.0038051319 0.0336941630 0.9994249344
263.9 137.2 2291.3 0 0 0 0 0 0 0 0 0
283.8 206.6 2322.8 0 0 0 0 0 0 0 0 0
127.9 -772.2 2580.1 0 0 0 0 0 0 0 0 0
327.0 -774.3 2566.5 0 0 0 0 0 0 0 0 0
228.0 488.9 2474.3 8 0.9998990893 0.0125038503 0.0067386129 -0.0137884896 0.9683769345 0.2491103411 -0.0034106788 -0.2491781265 0.9684516788
225.4 291.8 2525.0 0.9998990893 0.0125038503 0.0067386129 -0.0137884896 0.9683769345 0.2491103411 -0.0034106788 -0.2491781265 0.9684516788
223.1 98.1 2569.1 0.9999105930 0.0117424056 0.0063973772 -0.0128688691 0.9750164747 0.2217595428 -0.0036335578 -0.2218220383 0.9750803709
84.8 293.7 2525.5 0.1648634821 -0.5019702911 -0.8490264416 0.8657137156 0.4861140251 -0.1193016246 0.4726095200 -0.7153453231 0.5147050023
44.9 84.4 2411.3 -0.8614236712 -0.5019702911 -0.0772983283 -0.2070852816 0.4861140251 -0.8490046263 0.4637508988 -0.7153453231 -0.5227007866
366.1 290.0 2524.5 0.7886015773 0.3780069947 0.4849931002 -0.5458409786 0.7935091257 0.2690740526 -0.2831345797 -0.4769213200 0.8320942521
526.6 178.9 2466.9 -0.8509288430 0.3780069947 0.3647338748 0.0948400795 0.7935091257 -0.6011227965 -0.5166482925 -0.4769213200 -0.7110700607
127.6 -98.3 2606.6 0.9519750476 0.0058584795 0.3061196506 0.0280631389 0.9939387441 -0.1062930003 -0.3048869073 0.1097789556 0.9460404515
125.3 -493.5 2563.0 0.9529712796 -0.0137357535 0.3027492464 -0.0054007922 0.9980440140 0.0622815304 -0.3030125499 -0.0609875917 0.9510330558
310.9 -101.4 2608.4 0.9976794124 -0.0666088462 0.0141075309 0.0675526038 0.9942711592 -0.0828344375 -0.0085092047 0.0835952163 0.9964634776
337.4 -496.7 2575.2 0.9993408918 0.0346144512 0.0109389778 -0.0342043787 0.9987777472 -0.0356805809 -0.0121606709 0.0352829024 0.9993034005
264.3 137.1 2293.2 0 0 0 0 0 0 0 0 0
287.0 205.6 2321.4 0 0 0 0 0 0 0 0 0
129.1 -769.9 2579.9 0 0 0 0 0 0 0 0 0
327.7 -774.5 2565.4 0 0 0 0 0 0 0 0 0
229.3 488.6 2477.0 9 0.9997804165 0.0209017564 -0.0014926681 -0.0198923871 0.9690671563 0.2459941655 0.0065882057 -0.2459104657 0.9692701697
225.1 292.3 2526.9 0.9997804165 0.0209017564 -0.0014926681 -0.0198923871 0.9690671563 0.2459941655 0.0065882057 -0.2459104657 0.9692701697
220.9 98.4 2570.7 0.9997782707 0.0209591351 -0.0020405401 -0.0199931394 0.9751711488 0.2205481380 0.0066123740 -0.2204584330 0.9753739834
84.4 295.1 2526.0 0.1663318127 -0.4988433421 -0.8505815864 0.8688921928 0.4819870591 -0.1127600446 0.4662189186 -0.7203081250 0.5136108994
44.1 84.6 2413.0 -0.8634129763 -0.4988433421 -0.0753219798 -0.2041396052 0.4819870591 -0.8520654440 0.4613513947 -0.7203081250 -0.5179875493
365.7 289.4 2527.8 0.7817858458 0.3718188703 0.5005612969 -0.5400256515 0.8050757051 0.2454086542 -0.3117421567 -0.4621729553 0.8301885128
525.9 178.8 2463.9 -0.8475295305 0.3718188703 0.3787406087 0.0912767276 0.8050757051 -0.5861072540 -0.5228406191 -0.4621729553 -0.7162638307
129.1 -94.5 2613.5 0.9553421140 0.0086141480 0.2953764796 0.0323281437 0.9905285835 -0.1334466338 -0.2937283814 0.1370361596 0.9460151792
125.7 -488.1 2559.1 0.9567965865 -0.0096569825 0.2905976176 -0.0134962313 0.9968959689 0.0775648281 -0.2904446423 -0.0781357363 0.9536963701
312.5 -96.8 2612.8 0.9979265928 -0.0642368868 0.0040116720 0.0643255487 0.9933233857 -0.0957644209 0.0021667203 0.0958239213 0.9953959584
338.0 -491.7 2574.8 0.9992447495 0.0388584472 0.0000919721 -0.0388312899 0.9986295104 -0.0350897498 -0.0014553792 0.0350596756 0.9993841648
264.4 136.7 2295.3 0 0 0 0 0 0 0 0 0
287.2 204.5 2316.6 0 0 0 0 0 0 0 0 0
128.4 -768.2 2581.0 0 0 0 0 0 0 0 0 0
327.1 -772.3 2564.9 0 0 0 0 0 0 0 0 0
230.1 488.2 2478.4 0 0.9996836185 0.0251468401 0.0005524580 -0.0245278943 0.9697418809 0.2428973466 0.0055723591 -0.2428340465 0.9700518250
225.0 292.0 2527.5 0.9996836185 0.0251468401 0.0005524580 -0.0245278943 0.9697418809 0.2428973466 0.0055723591 -0.2428340465 0.9700518250
220.0 98.0 2570.2 0.9996819496 0.0252182391 -0.0001772123 -0.0245920997 0.9763697982 0.2147028148 0.0055874516 -0.2146301717 0.9766793847
84.3 295.5 2526.8 0.1628276855 -0.5038228035 -0.8483217359 0.8729208708 0.4743191302 -0.1141514033 0.4598872960 -0.7219306827 0.5170297027
44.9 84.5 2415.6 -0.8606677651 -0.5038228035 -0.0735768974 -0.2044578046 0.4743191302 -0.8562816978 0.4663131833 -0.7219306827 -0.5112417340
365.6 288.6 2528.3 0.7845984101 0.3740695119 0.4944464862 -0.5392287970 0.8053024411 0.2464148253 -0.3060027063 -0.4599564672 0.8335480690
524.4 179.4 2466.4 -0.8396332264 0.3740695119 0.3938121796 0.0834743008 0.8053024411 -0.5869582295 -0.5367010832 -0.4599564672 -0.7073838711
125.1 -93.5 2613.9 0.9552850127 -0.0024728726 0.2956763208 0.0413837656 0.9912409186 -0.1254144311 -0.2927763462 0.1320427209 0.9470199347
126.0 -487.6 2561.4 0.9568190575 -0.0063540353 0.2906147540 -0.0089195026 0.9986485243 0.0512011126 -0.2905473113 -0.0515823364 0.9554692507
308.5 -97.2 2615.1 0.9972919226 -0.0733688772 0.0050848396 0.0734785497 0.9910725951 -0.1112475321 0.0031226613 0.1113198847 0.9937797189
337.6 -491.2 2570.9 0.9992994666 0.0373752192 -0.0019300509 -0.0374017581 0.9991674423 -0.0162961371 0.0013193722 0.0163569078 0.9998653531
264.6 136.6 2296.6 0 0 0 0 0 0 0 0 0
285.5 203.2 2313.6 0 0 0 0 0 0 0 0 0
127.8 -766.1 2575.8 0 0 0 0 0 0 0 0 0
327.1 -772.2 2566.3 0 0 0 0 0 0 0 0 0
231.6 489.8 2477.6 1 0.9994379878 0.0292837266 0.0163160823 -0.0324045941 0.9685944915 0.2465251386 -0.0085844928 -0.2469153106 0.9689990282
225.7 293.6 2527.6 0.9994379878 0.0292837266 0.0163160823 -0.0324045941 0.9685944915 0.2465251386 -0.0085844928 -0.2469153106 0.9689990282
220.1 99.6 2570.8 0.9994894862 0.0279735066 0.0154369827 -0.0306559298 0.9757629037 0.2166724205 -0.0090017477 -0.2170350403 0.9761223197
85.0 297.9 2528.9 0.1686127782 -0.4957433939 -0.8519437909 0.8703604937 0.4805642068 -0.1073810607 0.4626471698 -0.7233923674 0.5125046968
43.8 85.1 2415.8 -0.8651108146 -0.4957433939 -0.0763007626 -0.2000767738 0.4805642068 -0.8538309932 0.4599484801 -0.7233923674 -0.5149280429
366.3 289.3 2526.4 0.7817953229 0.3714156449 0.5008457303 -0.5419382453 0.8020004630 0.2511936128 -0.3083812892 -0.4678094387 0.8282845616
525.8 178.7 2463.4 -0.8492391109 0.3714156449 0.3752910793 0.0897892192 0.8020004630 -0.5905363560 -0.5203180313 -0.4678094387 -0.7144392729
123.2 -93.9 2612.4 0.9511195421 -0.0070328671 0.3087428510 0.0402787663 0.9940258861 -0.1014406234 -0.3061849773 0.1089179441 0.9457206726
126.0 -488.9 2569.1 0.9520524144 0.0013920015 0.3059317172 -0.0054658325 0.9999074340 0.0124599272 -0.3058860302 -0.0135346754 0.9519719481
306.7 -98.4 2613.4 0.9971255064 -0.0732997060 0.0191799644 0.0749961510 0.9908571839 -0.1121500283 -0.0107840421 0.1132660732 0.9935061932
335.8 -492.3 2568.3 0.9992302060 0.0376276821 0.0110968035 -0.0375880934 0.9992862344 -0.0037549094 -0.0112301717 0.0033349113 0.9999313951
264.9 136.2 2298.2 0 0 0 0 0 0 0 0 0
287.3 203.9 2317.3 0 0 0 0 0 0 0 0 0
125.6 -768.4 2572.9 0 0 0 0 0 0 0 0 0
325.4 -769.5 2567.4 0 0 0 0 0 0 0 0 0
231.3 485.4 2477.2 2 0.9995026588 0.0312693045 -0.0040809084 -0.0293226615 0.9691945910 0.2445444912 0.0116019314 -0.2443032116 0.9696294665
225.0 289.6 2526.5 0.9995026588 0.0312693045 -0.0040809084 -0.0293226615 0.9691945910 0.2445444912 0.0116019314 -0.2443032116 0.9696294665
219.1 95.6 2569.3 0.9995480776 0.0296429768 -0.0049959058 -0.0278727151 0.9761451483 0.2153224647 0.0112595279 -0.2150859088 0.9765301943
84.3 293.6 2524.9 0.1732995808 -0.4947740734 -0.8515667319 0.8726398349 0.4779889584 -0.1001312360 0.4565818012 -0.7257583737 0.5145948529
43.1 86.1 2416.4 -0.8656917214 -0.4947740734 -0.0760032311 -0.1980579793 0.4779889584 -0.8557450771 0.4597291946 -0.7257583737 -0.5117850304
365.6 285.7 2528.1 0.7944508195 0.3669217825 0.4839590192 -0.5262070298 0.8137375712 0.2468547523 -0.3032392561 -0.4507766068 0.8395513296
526.9 178.9 2466.5 -0.8501970172 0.3669217825 0.3775359690 0.0966822803 0.8137375712 -0.5731349587 -0.5175108910 -0.4507766068 -0.7273121476
122.9 -91.5 2614.7 0.9570926428 -0.0053206761 0.2897332609 0.0355812535 0.9944235682 -0.0992759690 -0.2875893712 0.1053253710 0.9519448280
125.0 -486.8 2572.9 0.9577183723 -0.0059476718 0.2876459360 0.0051198611 0.9999803305 0.0036300512 -0.2876618505 -0.0020038595 0.9577299356
306.3 -97.1 2613.1 0.9971057177 -0.0760213509 -0.0009596808 0.0754547939 0.9910632968 -0.1100002751 0.0093134735 0.1096094921 0.9939311147
336.5 -491.2 2569.5 0.9991785884 0.0395365208 -0.0088899368 -0.0395902134 0.9991983175 -0.0059470590 0.0086476840 0.0062941285 0.9999427795
264.7 136.8 2298.8 0 0 0 0 0 0 0 0 0
289.4 205.9 2322.0 0 0 0 0 0 0 0 0 0
126.7 -775.2 2573.4 0 0 0 0 0 0 0 0 0
325.5 -769.5 2567.8 0 0 0 0 0 0 0 0 0
229.9 483.1 2477.5 3 0.9995553493 0.0284043290 -0.0090740127 -0.0253934637 0.9703671932 0.2402969599 0.0156305991 -0.2399596870 0.9706569910
224.2 286.9 2526.0 0.9995553493 0.0284043290 -0.0090740127 -0.0253934637 0.9703671932 0.2402969599 0.0156305991 -0.2399596870 0.9706569910
218.7 92.7 2568.0 0.9995618463 0.0278927162 -0.0099042626 -0.0251677316 0.9770371914 0.2115772963 0.0155782988 -0.2112353295 0.9773110747
83.5 290.4 2523.8 0.1712014973 -0.4864515960 -0.8567700386 0.8674671650 0.4867142141 -0.1030045673 0.4671089053 -0.7255853415 0.5053070188
43.0 84.8 2413.1 -0.8710059524 -0.4864515960 -0.0686545447 -0.2048917711 0.4867142141 -0.8491929173 0.4465064108 -0.7255853415 -0.5236009359
364.9 283.4 2528.2 0.8035029173 0.3650578856 0.4702295363 -0.5152488947 0.8221070766 0.2421951890 -0.2981637716 -0.4368897974 0.8486611247
527.8 178.9 2467.7 -0.8457043171 0.3650578856 0.3892517984 0.0966270491 0.8221070766 -0.5610732436 -0.5248308778 -0.4368897974 -0.7305339575
121.5 -95.9 2611.0 0.9582961798 -0.0077260574 0.2856724262 0.0338290371 0.9956727624 -0.0865523219 -0.2837675512 0.0926067829 0.9544107914
124.6 -491.8 2574.2 0.9588122964 -0.0090251071 0.2838971317 0.0091133555 0.9999579787 0.0010099807 -0.2838943005 0.0016188736 0.9588541985
304.9 -101.1 2613.1 0.9967789054 -0.0800310969 -0.0051845098 0.0789488852 0.9905597568 -0.1120642424 0.0141041912 0.1112939641 0.9936874509
336.7 -494.9 2568.8 0.9992202520 0.0371968038 -0.0132394554 -0.0373493284 0.9992364645 -0.0114658773 0.0128028523 0.0119514214 0.9998466372
264.8 137.0 2299.3 0 0 0 0 0 0 0 0 0
292.5 205.8 2321.7 0 0 0 0 0 0 0 0 0
127.2 -778.7 2573.7 0 0 0 0 0 0 0 0 0
326.4 -772.2 2565.5 0 0 0 0 0 0 0 0 0
227.6 484.8 2475.6 4 0.9993866682 0.0232940614 0.0261469632 -0.0289354324 0.9698631167 0.2419261783 -0.0197235309 -0.2425343841 0.9699422717
222.9 288.7 2524.7 0.9993866682 0.0232940614 0.0261469632 -0.0289354324 0.9698631167 0.2419261783 -0.0197235309 -0.2425343841 0.9699422717
218.2 94.5 2566.9 0.9993984699 0.0235880297 0.0254215524 -0.0284445919 0.9768981934 0.2118037641 -0.0198382344 -0.2123994678 0.9769815207
82.3 292.7 2527.5 0.1601058096 -0.4925853312 -0.8554097414 0.8650099039 0.4874844551 -0.1188139245 0.4755249619 -0.7209150791 0.5041402578
43.7 83.9 2412.7 -0.8675042391 -0.4925853312 -0.0692538321 -0.2091287225 0.4874844551 -0.8477169871 0.4513331056 -0.7209150791 -0.5259085894
363.4 284.7 2521.9 0.8178022504 0.3828839660 0.4296502471 -0.5167276859 0.8172001839 0.2552964985 -0.2533613145 -0.4307942390 0.8661549091
528.3 180.5 2470.8 -0.8253495693 0.3828839660 0.4149673879 0.0931338742 0.8172001839 -0.5687792897 -0.5568879247 -0.4307942390 -0.7101353407
121.4 -99.3 2608.6 0.9477192760 -0.0063895634 0.3190413117 0.0376223996 0.9950637817 -0.0918296501 -0.3168796897 0.0990318283 0.9432814717
124.0 -494.9 2569.2 0.9485915899 -0.0131462188 0.3162295818 0.0064256238 0.9997310042 0.0222856738 -0.3164374828 -0.0191080291 0.9484208822
304.8 -103.9 2611.4 0.9962224960 -0.0818786249 0.0289255530 0.0844361037 0.9911487103 -0.1024440303 -0.0202815495 0.1044994071 0.9943181276
337.4 -498.0 2569.9 0.9987899661 0.0443548113 0.0212415028 -0.0441398099 0.9989703298 -0.0104860896 -0.0216847397 0.0095358053 0.9997193813
264.3 137.1 2297.9 0 0 0 0 0 0 0 0 0
297.7 206.6 2315.3 0 0 0 0 0 0 0 0 0
127.7 -781.1 2574.7 0 0 0 0 0 0 0 0 0
325.3 -770.3 2567.3 0 0 0 0 0 0 0 0 0
229.4 489.7 2485.2 5 0.9982612729 0.0282136090 0.0517530479 -0.0388088152 0.9754419923 0.2168104202 -0.0443650931 -0.2184419185 0.9748409390
223.7 292.4 2529.4 0.9982612729 0.0282136090 0.0517530479 -0.0388088152 0.9754419923 0.2168104202 -0.0443650931 -0.2184419185 0.9748409390
218.2 97.5 2568.0 0.9983245730 0.0272103641 0.0510656275 -0.0365765803 0.9806053042 0.1925496757 -0.0448358767 -0.1940948665 0.9799576402
83.3 297.6 2535.7 0.1552399695 -0.4956400990 -0.8545416594 0.8536306620 0.5026798844 -0.1364833266 0.4972074926 -0.7082752585 0.5011295676
43.6 79.6 2408.8 -0.8667597771 -0.4956400990 -0.0553928725 -0.2342685014 0.5026798844 -0.8321245313 0.4402791560 -0.7082752585 -0.5518155694
364.1 287.3 2523.1 0.8071742058 0.3862783015 0.4463842213 -0.5293003321 0.8083949089 0.2575632632 -0.2613636255 -0.4441697299 0.8569727540
527.7 180.0 2470.1 -0.8277683854 0.3862783015 0.4069257677 0.0913731977 0.8083949089 -0.5815054774 -0.5535796881 -0.4441697299 -0.7044592500
121.9 -97.1 2610.9 0.9400340915 -0.0059619164 0.3410284519 0.0426657647 0.9940491915 -0.1002286896 -0.3384014964 0.1087686196 0.9346944690
124.2 -492.3 2567.7 0.9411197901 -0.0082651256 0.3379721642 0.0026315674 0.9998499155 0.0171234943 -0.3380629718 -0.0152258640 0.9410003424
305.1 -102.3 2607.3 0.9954571128 -0.0814463869 0.0493120365 0.0854237154 0.9927299619 -0.0847942308 -0.0420473516 0.0886214301 0.9951775074
337.5 -497.0 2572.0 0.9980168939 0.0443080701 0.0447109267 -0.0430136360 0.9986385703 -0.0295098145 -0.0459575802 0.0275281128 0.9985640049
264.8 139.4 2296.4 0 0 0 0 0 0 0 0 0
295.1 205.7 2314.5 0 0 0 0 0 0 0 0 0
126.6 -776.8 2572.0 0 0 0 0 0 0 0 0 0
325.3 -772.2 2564.5 0 0 0 0 0 0 0 0 0
228.0 484.5 2482.0 6 0.9988178015 0.0261191987 0.0409974232 -0.0347111188 0.9736586213 0.2253532410 -0.0340314470 -0.2265098989 0.9734141827
222.8 288.7 2527.5 0.9988178015 0.0261191987 0.0409974232 -0.0347111188 0.9736586213 0.2253532410 -0.0340314470 -0.2265098989 0.9734141827
218.1 94.1 2567.5 0.9989134073 0.0233041961 0.0403591916 -0.0309321880 0.9792801738 0.2001338750 -0.0348589979 -0.2011648118 0.9789369702
82.2 293.1 2532.4 0.1627165824 -0.4910145104 -0.8558201194 0.8563176394 0.5011627674 -0.1247237548 0.4901463389 -0.7125592232 0.5020118952
42.4 83.5 2412.5 -0.8682744503 -0.4910145104 -0.0707403123 -0.2151215076 0.5011627674 -0.8381876945 0.4470147192 -0.7125592232 -0.5407745838
363.3 284.4 2522.6 0.8024794459 0.4199153483 0.4239078760 -0.5487120748 0.7984343171 0.2478258908 -0.2343967110 -0.4314785600 0.8711397052
526.0 173.2 2475.1 -0.8217549324 0.4199153483 0.3852141798 0.1327011138 0.7984343171 -0.5872759819 -0.5541744232 -0.4314785600 -0.7118405700
121.2 -94.1 2610.7 0.9430739880 -0.0090458347 0.3324599862 0.0411869399 0.9951117039 -0.0897573233 -0.3300228715 0.0983408019 0.9388365149
124.8 -489.7 2571.6 0.9438763857 -0.0028962553 0.3302861750 0.0029160967 0.9999956489 0.0004354044 -0.3302859962 0.0005521785 0.9438807368
304.3 -100.7 2602.4 0.9957129359 -0.0832375363 0.0403394215 0.0862531215 0.9930641055 -0.0799006149 -0.0334089026 0.0830374733 0.9959862828
337.4 -495.5 2569.4 0.9983956814 0.0443924591 0.0351474173 -0.0437545292 0.9988669753 -0.0187162310 -0.0359384529 0.0171483457 0.9992068410
265.0 138.6 2297.9 0 0 0 0 0 0 0 0 0
292.9 210.8 2318.0 0 0 0 0 0 0 0 0 0
125.6 -775.1 2571.4 0 0 0 0 0 0 0 0 0
325.0 -774.9 2564.6 0 0 0 0 0 0 0 0 0
227.3 489.4 2487.4 7 0.9994745851 0.0251663569 0.0204248540 -0.0288976077 0.9772917628 0.2099183202 -0.0146781635 -0.2103982568 0.9775055647
222.3 292.3 2529.8 0.9994745851 0.0251663569 0.0204248540 -0.0288976077 0.9772917628 0.2099183202 -0.0146781635 -0.2103982568 0.9775055647
217.4 97.0 2566.9 0.9995052218 0.0244252030 0.0198178682 -0.0276882816 0.9821718335 0.1859350204 -0.0149230510 -0.1863917410 0.9823621511
81.6 296.2 2531.9 0.1608964503 -0.4873378575 -0.8582623005 0.8585616946 0.4980241060 -0.1218351200 0.4868101776 -0.7172682881 0.4985399246
41.9 84.3 2411.8 -0.8703087568 -0.4873378575 -0.0711649656 -0.2100779265 0.4980241060 -0.8413318396 0.4454547167 -0.7172682881 -0.5358136892
362.9 288.4 2527.7 0.7932475805 0.3949923515 0.4633997977 -0.5428229570 0.8035336137 0.2442887127 -0.2758651376 -0.4453254342 0.8518120050
527.2 175.9 2470.6 -0.8428578973 0.3949923515 0.3654745221 0.1241251156 0.8035336137 -0.5821740627 -0.5236253738 -0.4453254342 -0.7262931466
121.8 -97.8 2610.7 0.9495544434 -0.0069733313 0.3135247827 0.0403130390 0.9941722751 -0.0999816656 -0.3110004365 0.1075771675 0.9443017840
124.6 -493.0 2568.0 0.9504786134 -0.0038081263 0.3107666671 0.0000497975 0.9999268055 0.0121007701 -0.3107900023 -0.0114860479 0.9504091740
305.1 -103.4 2604.3 0.9965393543 -0.0804396421 0.0209469683 0.0821668208 0.9913916588 -0.1019372717 -0.0125668524 0.1033056453 0.9945702553
337.0 -497.5 2563.3 0.9991758466 0.0386880413 0.0122819766 -0.0387393981 0.9992414713 0.0039715781 -0.0121190082 -0.0044441014 0.9999166727
264.4 138.0 2297.9 0 0 0 0 0 0 0 0 0
289.2 211.0 2322.7 0 0 0 0 0 0 0 0 0
125.7 -778.7 2571.2 0 0 0 0 0 0 0 0 0
326.2 -778.4 2564.5 0 0 0 0 0 0 0 0 0
225.8 485.6 2483.6 8 0.9995480180 0.0225514583 -0.0198780205 -0.0177243371 0.9761836529 0.2162206173 0.0242806878 -0.2157705724 0.9761421680
221.2 288.5 2527.2 0.9995480180 0.0225514583 -0.0198780205 -0.0177243371 0.9761836529 0.2162206173 0.0242806878 -0.2157705724 0.9761421680
217.3 93.4 2565.1 0.9995962381 0.0197534300 -0.0204237513 -0.0154934768 0.9814742208 0.1909669042 0.0238176379 -0.1905733645 0.9813839793
80.7 290.7 2523.8 0.1619936675 -0.4866026342 -0.8584730029 0.8651082516 0.4885359406 -0.1136678904 0.4747060239 -0.7242586017 0.5001036525
42.2 85.0 2411.0 -0.8716416955 -0.4866026342 -0.0588097535 -0.2156863809 0.4885359406 -0.8454655409 0.4401364625 -0.7242586017 -0.5307818651
361.8 286.3 2530.5 0.7909861803 0.4214895666 0.4434944987 -0.5531195998 0.8024622202 0.2238595635 -0.2615331113 -0.4223753214 0.8678706884
523.7 173.1 2477.0 -0.8269897103 0.4214895666 0.3720680177 0.1490368545 0.8024622202 -0.5777909756 -0.5421034098 -0.4223753214 -0.7264454961
120.9 -95.6 2605.3 0.9605630040 -0.0088455081 0.2779216468 0.0348508321 0.9954422116 -0.0887704417 -0.2758697271 0.0949554071 0.9564932585
124.4 -491.4 2567.5 0.9612110257 -0.0050984095 0.2757669091 0.0030608918 0.9999647737 0.0078184400 -0.2757970393 -0.0066710780 0.9611927271
304.3 -100.7 2602.6 0.9964152575 -0.0829061121 -0.0168291759 0.0810506716 0.9925597310 -0.0908626318 0.0242370293 0.0891728997 0.9957212210
337.2 -495.3 2567.1 0.9987019300 0.0448547006 -0.0241352972 -0.0449215546 0.9989880323 -0.0022347684 0.0240106322 0.0033160625 0.9997062087
264.8 140.1 2298.5 0 0 0 0 0 0 0 0 0
285.4 216.0 2320.8 0 0 0 0 0 0 0 0 0
125.9 -777.8 2569.5 0 0 0 0 0 0 0 0 0
324.8 -772.3 2566.2 0 0 0 0 0 0 0 0 0
224.5 485.2 2481.2 9 0.9992744327 0.0177713633 -0.0336870886 -0.0098790703 0.9751377702 0.2213792801 0.0367837660 -0.2208858579 0.9746057391
220.9 288.2 2525.8 0.9992744327 0.0177713633 -0.0336870886 -0.0098790703 0.9751377702 0.2213792801 0.0367837660 -0.2208858579 0.9746057391
217.6 93.1 2564.2 0.9992714524 0.0169801544 -0.0341802277 -0.0100472812 0.9810250401 0.1936205626 0.0368193649 -0.1931360811 0.9804809093
80.4 289.6 2520.6 0.1571157277 -0.4923951626 -0.8560733795 0.8687286973 0.4811899066 -0.1173317954 0.4697074890 -0.7252608538 0.5033602715
43.2 83.7 2409.3 -0.8690100908 -0.4923951626 -0.0486674607 -0.2252042294 0.4811899066 -0.8471949697 0.4405729771 -0.7252608538 -0.5290483236
361.5 286.7 2531.0 0.7888804674 0.4304797649 0.4385826588 -0.5633539557 0.7917329669 0.2362015694 -0.2455603480 -0.4334120750 0.8670951724
524.7 170.2 2480.2 -0.8355935812 0.4304797649 0.3412778080 0.1680120826 0.7917329669 -0.5873081088 -0.5230251551 -0.4334120750 -0.7338927984
121.7 -100.3 2600.8 0.9639747143 -0.0075005777 0.2658882141 0.0295090694 0.9964476228 -0.0788754970 -0.2643520534 0.0838800967 0.9607716203
124.7 -496.5 2567.4 0.9645225406 -0.0024805965 0.2639887929 -0.0017155536 0.9998758435 0.0156634618 -0.2639948726 -0.0155606493 0.9643985629
305.0 -103.1 2605.1 0.9959900975 -0.0849121585 -0.0281709470 0.0816893429 0.9915666580 -0.1006104425 0.0364764221 0.0979057401 0.9945269823
338.7 -497.3 2566.2 0.9979125857 0.0533720441 -0.0363582633 -0.0535137206 0.9985628128 -0.0029340046 0.0361494124 0.0048735458 0.9993345141
264.7 141.1 2297.0 0 0 0 0 0 0 0 0 0
284.2 218.5 2329.6 0 0 0 0 0 0 0 0 0
125.4 -776.2 2571.8 0 0 0 0 0 0 0 0 0
324.1 -771.3 2564.9 0 0 0 0 0 0 0 0 0
223.8 489.4 2479.5 0 0.9994895458 0.0143892532 -0.0285240486 -0.0076092472 0.9743537307 0.2248930484 0.0310285557 -0.2245611995 0.9739658833
220.9 292.2 2524.9 0.9994895458 0.0143892532 -0.0285240486 -0.0076092472 0.9743537307 0.2248930484 0.0310285557 -0.2245611995 0.9739658833
218.1 97.3 2564.0 0.9994786382 0.0143305641 -0.0289322436 -0.0083504003 0.9803456664 0.1971108466 0.0311883092 -0.1967664957 0.9799541831
80.3 293.4 2520.5 0.2069319189 -0.5145069361 -0.8321428895 0.8869227767 0.4576801062 -0.0624255277 0.4129736125 -0.7251286507 0.5510365367
30.5 80.2 2421.2 -0.8561575413 -0.5145069361 -0.0477170646 -0.2271325439 0.4576801062 -0.8596160412 0.4641175568 -0.7251286507 -0.5087075233
361.5 291.1 2529.3 0.7908473611 0.4430232346 0.4222449660 -0.5678521991 0.7884923220 0.2362705171 -0.2282635868 -0.4266266525 0.8751487732
526.7 172.5 2481.6 -0.8356031775 0.4430232346 0.3248040974 0.1907644123 0.7884923220 -0.5847126245 -0.5151467919 -0.4266266525 -0.7433797717
122.5 -101.0 2599.3 0.9624350667 -0.0097539211 0.2713367939 0.0277430154 0.9976567030 -0.0625414103 -0.2700909376 0.0677197501 0.9604503512
126.4 -497.6 2572.3 0.9628065825 0.0026123649 0.2701789141 -0.0028810638 0.9999956489 0.0005979510 -0.2701761723 -0.0013541138 0.9628099203
305.8 -102.8 2606.0 0.9964599013 -0.0813769996 -0.0211049002 0.0785223842 0.9905861020 -0.1121312678 0.0300311260 0.1100771055 0.9934692383
338.2 -496.6 2562.3 0.9985807538 0.0437665544 -0.0303480141 -0.0437002443 0.9990406632 0.0028451434 0.0304434206 -0.0015148898 0.9995353222
250.9 138.6 2301.8 0 0 0 0 0 0 0 0 0
287.0 227.2 2333.9 0 0 0 0 0 0 0 0 0
125.7 -773.4 2572.7 0 0 0 0 0 0 0 0 0
326.0 -775.1 2562.7 0 0 0 0 0 0 0 0 0
223.4 487.8 2480.1 1 0.9997301102 0.0166256614 -0.0162245482 -0.0125411311 0.9741657376 0.2254857272 0.0195542481 -0.2252213955 0.9741113782
220.0 291.1 2525.6 0.9997301102 0.0166256614 -0.0162245482 -0.0125411311 0.9741657376 0.2254857272 0.0195542481 -0.2252213955 0.9741113782
217.1 96.2 2564.9 0.9997501969 0.0148857376 -0.0166716259 -0.0112966672 0.9801858068 0.1977577657 0.0192850605 -0.1975200325 0.9801091552
79.4 292.7 2522.9 0.1842109412 -0.5136432648 -0.8379957676 0.8804067969 0.4652776420 -0.0916545913 0.4369784594 -0.7208933830 0.5379242897
34.6 78.6 2416.6 -0.8569413424 -0.5136432648 -0.0426867343 -0.2363922447 0.4652776420 -0.8530154824 0.4580068588 -0.7208933830 -0.5201369524
360.7 289.5 2528.3 0.8058199883 0.4126371145 0.4247173369 -0.5454104543 0.7965105772 0.2609566748 -0.2306114286 -0.4419293404 0.8669006824
529.1 175.5 2480.1 -0.8486367464 0.4126371145 0.3309777379 0.1598742008 0.7965105772 -0.5831047893 -0.5042378902 -0.4419293404 -0.7419181466
123.5 -96.8 2600.3 0.9592250586 -0.0034982250 0.2826216817 0.0250797868 0.9970325828 -0.0727803856 -0.2815284431 0.0769008622 0.9564664364
124.9 -493.2 2569.7 0.9596062303 -0.0070959553 0.2812569439 0.0033383239 0.9998986721 0.0138370274 -0.2813266516 -0.0123391710 0.9595327377
306.9 -98.3 2606.0 0.9971079826 -0.0754221901 -0.0093360329 0.0738559887 0.9906263947 -0.1149115860 0.0179154035 0.1138897389 0.9933318496
336.9 -492.2 2560.7 0.9989962578 0.0407216288 -0.0186616480 -0.0405511148 0.9991329908 0.0094263293 0.0190293249 -0.0086601162 0.9997814298
255.0 139.4 2298.8 0 0 0 0 0 0 0 0 0
288.7 220.8 2337.3 0 0 0 0 0 0 0 0 0
126.9 -776.8 2573.2 0 0 0 0 0 0 0 0 0
325.3 -775.4 2563.2 0 0 0 0 0 0 0 0 0
223.7 489.7 2487.5 2 0.9998154044 0.0192027017 -0.0006334070 -0.0186888110 0.9796506763 0.1998380870 0.0044579492 -0.1997893602 0.9798287153
219.8 291.9 2527.8 0.9998154044 0.0192027017 -0.0006334070 -0.0186888110 0.9796506763 0.1998380870 0.0044579492 -0.1997893602 0.9798287153
216.0 96.3 2562.8 0.9998153448 0.0191852655 -0.0010966740 -0.0186921917 0.9841879010 0.1761384308 0.0044585960 -0.1760854125 0.9843648076
79.1 294.5 2527.2 0.1632076800 -0.5126276016 -0.8429568410 0.8728693128 0.4732688069 -0.1188099682 0.4598504305 -0.7164004445 0.5246979594
38.4 76.8 2412.5 -0.8578704596 -0.5126276016 -0.0356542543 -0.2476703376 0.4732688069 -0.8453851342 0.4502418041 -0.7164004445 -0.5329659581
360.5 289.3 2528.4 0.7930320501 0.4209577143 0.4403348267 -0.5618550181 0.7847641110 0.2616567016 -0.2354125530 -0.4549064934 0.8588603139
527.5 171.0 2478.8 -0.8482629061 0.4209577143 0.3213169873 0.1629283875 0.7847641110 -0.5979963541 -0.5038892031 -0.4549064934 -0.7342722416
122.4 -97.6 2602.4 0.9552048445 -0.0092671541 0.2958002687 0.0332811847 0.9965329766 -0.0762518793 -0.2940680981 0.0826807469 0.9522016048
126.1 -493.8 2569.5 0.9558723569 -0.0009606662 0.2937807441 -0.0030914373 0.9999064207 0.0133282933 -0.2937660515 -0.0136483517 0.9557799101
305.8 -99.7 2605.9 0.9971253872 -0.0757264122 0.0025467321 0.0755192861 0.9905467033 -0.1145165488 0.0061492706 0.1143796816 0.9934180975
335.9 -493.5 2560.5 0.9991685748 0.0400396734 -0.0076802382 -0.0398793705 0.9990043640 0.0199988820 0.0084733404 -0.0196759719 0.9997705221
259.4 140.6 2296.5 0 0 0 0 0 0 0 0 0
289.2 216.7 2337.3 0 0 0 0 0 0 0 0 0
126.4 -777.9 2573.4 0 0 0 0 0 0 0 0 0
324.7 -774.3 2566.0 0 0 0 0 0 0 0 0 0
223.1 489.7 2484.1 3 0.9997790456 0.0210193414 0.0000030633 -0.0205549244 0.9776586890 0.2091912329 0.0043940675 -0.2091450840 0.9778747559
218.8 292.3 2526.3 0.9997790456 0.0210193414 0.0000030633 -0.0205549244 0.9776586890 0.2091912329 0.0043940675 -0.2091450840 0.9778747559
214.6 97.0 2563.1 0.9997787476 0.0210273080 -0.0005200967 -0.0205690414 0.9825605750 0.1848014593 0.0043969038 -0.1847498864 0.9827757478
78.1 295.2 2525.7 0.1511356533 -0.5061932206 -0.8490738869 0.8710799813 0.4742537439 -0.1276835799 0.4673090279 -0.7203136683 0.5126114488
40.9 80.9 2410.8 -0.8613283038 -0.5061932206 -0.0433821864 -0.2359943688 0.4742537439 -0.8481686115 0.4499113858 -0.7203136683 -0.5279468894
359.5 289.4 2527.0 0.8003829122 0.3955816925 0.4504467547 -0.5443890691 0.7942655683 0.2697828114 -0.2510532141 -0.4611478448 0.8510669470
528.0 174.8 2474.1 -0.8656284809 0.3955816925 0.3069241345 0.1546390951 0.7942655683 -0.5875618458 -0.4762079716 -0.4611478448 -0.7487113476
120.4 -97.6 2597.4 0.9551348090 -0.0145445112 0.2958140075 0.0343762524 0.9974870086 -0.0619510673 -0.2941696048 0.0693406016 0.9532345533
126.2 -494.2 2569.8 0.9558672309 -0.0039213719 0.2937728465 -0.0008729802 0.9998685718 0.0161870290 -0.2937977016 -0.0157291088 0.9557381868
303.8 -101.0 2598.2 0.9966083765 -0.0822718963 0.0017492124 0.0820633918 0.9920552969 -0.0953512341 0.0061094118 0.0951713845 0.9954421520
336.5 -495.4 2560.4 0.9990531802 0.0428555608 -0.0074903667 -0.0427271985 0.9989500046 0.0165305957 0.0081909299 -0.0161949024 0.9998353124
262.3 141.5 2295.2 0 0 0 0 0 0 0 0 0
288.2 217.7 2342.2 0 0 0 0 0 0 0 0 0
127.3 -776.3 2574.3 0 0 0 0 0 0 0 0 0
324.7 -771.1 2564.8 0 0 0 0 0 0 0 0 0
224.7 492.4 2489.4 4 0.9996508956 0.0257934518 0.0057303105 -0.0264174007 0.9798589349 0.1979357451 -0.0005094500 -0.1980180144 0.9801982641
219.5 294.8 2529.4 0.9996508956 0.0257934518 0.0057303105 -0.0264174007 0.9798589349 0.1979357451 -0.0005094500 -0.1980180144 0.9801982641
214.3 99.2 2564.0 0.9996519685 0.0258836318 0.0051025632 -0.0263767149 0.9843790531 0.1740751565 -0.0005171587 -0.1741491556 0.9847191572
78.8 298.5 2529.5 0.1435074657 -0.5039288402 -0.8517401814 0.8649826646 0.4820345044 -0.1394552439 0.4808436930 -0.7167276144 0.5050652623
43.0 83.0 2409.6 -0.8622030020 -0.5039288402 -0.0515918136 -0.2311642468 0.4820345044 -0.8451069593 0.4507428408 -0.7167276144 -0.5321019292
360.1 291.1 2529.3 0.7834998369 0.4117508531 0.4653915167 -0.5640736222 0.7854588032 0.2547065020 -0.2606702447 -0.4620775878 0.8476646543
523.9 173.2 2474.8 -0.8523401022 0.4117508531 0.3224554956 0.1525160968 0.7854588032 -0.5998277664 -0.5002551079 -0.4620775878 -0.7322766781
118.7 -96.4 2599.4 0.9538546205 -0.0151488055 0.2998863459 0.0398732089 0.9962720871 -0.0764986947 -0.2976095378 0.0849260688 0.9509028196
124.7 -492.5 2565.6 0.9549615979 -0.0099318204 0.2965631783 0.0010384455 0.9995454550 0.0301306117 -0.2967276275 -0.0284656119 0.9545378089
302.2 -100.2 2600.2 0.9962279201 -0.0865933150 0.0056192516 0.0867073685 0.9907923341 -0.1039826125 0.0034366879 0.1040776074 0.9945632219
336.6 -494.1 2558.8 0.9989262223 0.0459727794 -0.0057407767 -0.0458065458 0.9986030459 0.0263378154 0.0069435798 -0.0260465685 0.9996365905
263.8 142.2 2294.2 0 0 0 0 0 0 0 0 0
284.7 216.0 2334.4 0 0 0 0 0 0 0 0 0
127.6 -777.2 2573.7 0 0 0 0 0 0 0 0 0
323.8 -771.1 2566.1 0 0 0 0 0 0 0 0 0
221.7 493.1 2483.6 5 0.9995836020 0.0205778722 0.0202291198 -0.0244691465 0.9760347009 0.2162348330 -0.0152946701 -0.2166397721 0.9761317968
217.5 295.6 2527.5 0.9995836020 0.0205778722 0.0202291198 -0.0244691465 0.9760347009 0.2162348330 -0.0152946701 -0.2166397721 0.9761317968
213.4 100.5 2565.0 0.9995839596 0.0211268608 0.0196372811 -0.0244527329 0.9817780852 0.1884512454 -0.0152980695 -0.1888530254 0.9818862081
76.9 299.1 2529.6 0.1346440911 -0.5008684993 -0.8549863696 0.8643627167 0.4812643826 -0.1458138376 0.4845080674 -0.7193853855 0.4977314770
43.5 84.7 2409.5 -0.8637340665 -0.5008684993 -0.0556253232 -0.2245098203 0.4812643826 -0.8473369479 0.4511748850 -0.7193853855 -0.5281343460
358.2 292.2 2525.3 0.7772328258 0.4403395653 0.4494554996 -0.5896807909 0.7589549422 0.2761594057 -0.2195125669 -0.4796754122 0.8495444059
519.3 169.9 2479.8 -0.8405792713 0.4403395653 0.3154798746 0.1607638001 0.7589549422 -0.6309852600 -0.5172827840 -0.4796754122 -0.7087524533
117.4 -94.1 2598.7 0.9490941763 -0.0188619550 0.3144271672 0.0406247750 0.9971986413 -0.0628050789 -0.3123617172 0.0723814666 0.9472017288
124.9 -490.5 2569.9 0.9500247240 -0.0050801234 0.3121334016 0.0014010887 0.9999269247 0.0120098758 -0.3121715784 -0.0109723518 0.9499623775
300.9 -98.9 2598.6 0.9956424832 -0.0907065347 0.0216421448 0.0923996866 0.9909176826 -0.0976959690 -0.0125839198 0.0992699862 0.9949809909
336.9 -492.9 2559.1 0.9988406301 0.0471118987 0.0098897312 -0.0473856293 0.9984392524 0.0295582060 -0.0084817531 -0.0299925692 0.9995141625
264.7 142.2 2293.9 0 0 0 0 0 0 0 0 0
283.5 215.0 2334.7 0 0 0 0 0 0 0 0 0
126.4 -774.7 2573.0 0 0 0 0 0 0 0 0 0
323.8 -771.1 2567.5 0 0 0 0 0 0 0 0 0
222.7 491.4 2489.2 6 0.9994648695 0.0257479157 0.0201750044 -0.0292940941 0.9789859653 0.2018125951 -0.0145547912 -0.2022956163 0.9792163372
217.5 294.4 2529.9 0.9994648695 0.0257479157 0.0201750044 -0.0292940941 0.9789859653 0.2018125951 -0.0145547912 -0.2022956163 0.9792163372
212.8 98.9 2565.4 0.9995312691 0.0235285871 0.0195856374 -0.0266482867 0.9836081862 0.1783391833 -0.0150685227 -0.1787775159 0.9837741256
76.8 298.2 2532.0 0.1327993870 -0.4997852743 -0.8559082747 0.8585813642 0.4894446731 -0.1525843143 0.4951791465 -0.7146037817 0.4941042662
43.9 85.2 2409.2 -0.8638707995 -0.4997852743 -0.0627848282 -0.2218717188 0.4894446731 -0.8433367014 0.4522169828 -0.7146037817 -0.5337051749
358.2 290.7 2527.8 0.7785646319 0.4474416375 0.4400375783 -0.5880431533 0.7650420070 0.2625184357 -0.2191855460 -0.4631486833 0.8587496877
519.7 168.6 2482.3 -0.8328776956 0.4474416375 0.3257464468 0.1678361744 0.7650420070 -0.6217247844 -0.5273953080 -0.4631486833 -0.7122833133
117.5 -92.4 2603.9 0.9493650198 -0.0168865863 0.3137210011 0.0403426737 0.9968401790 -0.0684260726 -0.3115742207 0.0776176676 0.9470464587
124.2 -488.8 2573.1 0.9500306249 -0.0113362409 0.3119507432 0.0129955141 0.9999102950 -0.0032406172 -0.3118860424 0.0071326462 0.9500927329
300.9 -96.9 2601.1 0.9954350591 -0.0932989269 0.0201089438 0.0948436484 0.9905389547 -0.0991831869 -0.0106650060 0.1006376296 0.9948659539
338.0 -490.8 2561.1 0.9987251759 0.0496286005 0.0092188269 -0.0497689284 0.9986377954 0.0156731587 -0.0084284320 -0.0161119886 0.9998346567
264.9 142.0 2293.5 0 0 0 0 0 0 0 0 0
283.9 216.2 2332.9 0 0 0 0 0 0 0 0 0
127.5 -777.7 2571.0 0 0 0 0 0 0 0 0 0
324.1 -769.3 2565.6 0 0 0 0 0 0 0 0 0
221.9 493.2 2483.5 7 0.9996175170 0.0232973658 0.0149026942 -0.0259813443 0.9757490754 0.2173448205 -0.0094777280 -0.2176488787 0.9759811163
217.2 296.1 2527.4 0.9996175170 0.0232973658 0.0149026942 -0.0259813443 0.9757490754 0.2173448205 -0.0094777280 -0.2176488787 0.9759811163
213.0 101.1 2565.4 0.9996718168 0.0212554615 0.0142971408 -0.0235940181 0.9813562036 0.1907442212 -0.0099762306 -0.1910189539 0.9815356731
76.5 299.5 2528.9 0.1297546029 -0.5064710975 -0.8524381518 0.8660968542 0.4764466882 -0.1512442976 0.4827421904 -0.7186693549 0.5004741549
43.9 81.6 2407.4 -0.8609945774 -0.5064710975 -0.0466409847 -0.2343606651 0.4764466882 -0.8473922610 0.4514016211 -0.7186693549 -0.5289149284
357.9 292.8 2526.0 0.7770164013 0.4538919628 0.4361508787 -0.5941960216 0.7575849891 0.2701778710 -0.2077897936 -0.4690917432 0.8583567739
521.6 167.6 2482.3 -0.8316388726 0.4538919628 0.3199356794 0.1711494625 0.7575849891 -0.6298990846 -0.5282846093 -0.4690917432 -0.7077205181
116.5 -94.2 2602.3 0.9505723715 -0.0225366093 0.3096840978 0.0461679213 0.9965345263 -0.0691912919 -0.3070515692 0.0800688043 0.9483186603
125.4 -490.4 2570.5 0.9515540600 -0.0061021335 0.3074208498 0.0067187641 0.9999769926 -0.0009474776 -0.3074080050 0.0029670645 0.9515731931
299.9 -99.1 2599.6 0.9956485629 -0.0915757120 0.0172573086 0.0928762481 0.9902831316 -0.1035053730 -0.0076110433 0.1046577692 0.9944791794
336.3 -492.8 2558.0 0.9992372990 0.0386793017 0.0053585810 -0.0387993380 0.9989472032 0.0244776253 -0.0044061616 -0.0246668663 0.9996860027
265.2 141.8 2291.4 0 0 0 0 0 0 0 0 0
285.5 216.2 2332.3 0 0 0 0 0 0 0 0 0
127.1 -774.1 2569.7 0 0 0 0 0 0 0 0 0
325.4 -773.4 2564.9 0 0 0 0 0 0 0 0 0
219.9 490.3 2482.1 8 0.9999012947 0.0135807218 0.0036020488 -0.0140388627 0.9760367870 0.2171521485 -0.0005666495 -0.2171812803 0.9761311412
217.1 293.0 2526.0 0.9999012947 0.0135807218 0.0036020488 -0.0140388627 0.9760367870 0.2171521485 -0.0005666495 -0.2171812803 0.9761311412
214.8 97.8 2563.6 0.9999288917 0.0114775971 0.0032415877 -0.0118834041 0.9819076061 0.1889873296 -0.0010138192 -0.1890124083 0.9819741845
76.4 294.7 2526.2 0.1343444735 -0.4986552596 -0.8563261628 0.8653774261 0.4800516367 -0.1437788606 0.4827768803 -0.7217293978 0.4960172772
43.6 83.4 2408.3 -0.8653865457 -0.4986552596 -0.0494884886 -0.2281769812 0.4800516367 -0.8470452428 0.4461405873 -0.7217293978 -0.5292118788
357.8 291.3 2525.9 0.7746940851 0.4598197639 0.4340678453 -0.5995995402 0.7521826029 0.2733161747 -0.2008221000 -0.4720033109 0.8584191203
518.5 166.9 2484.2 -0.8271273375 0.4598197639 0.3231503069 0.1693571359 0.7521826029 -0.6368198395 -0.5358904004 -0.4720033109 -0.7000245452
117.0 -91.8 2604.3 0.9528527260 -0.0224430244 0.3026020229 0.0521414690 0.9945374131 -0.0904247537 -0.2989196181 0.1019395888 0.9488179088
