-71.1 418.3 2543.5  0.9911792278 0.0186400115 -0.1312107146 -0.0173361991 0.9997884035 0.0110721607 0.1313893348 -0.0086998008 0.9912926555
-74.8 221.0 2545.2 0.9911792278 0.0186400115 -0.1312107146 -0.0173361991 0.9997884035 0.0110721607 0.1313893348 -0.0086998008 0.9912926555
-76.9 26.9 2546.8 0.9912916422 0.0109081129 -0.1312321573 -0.0097292168 0.9999063611 0.0096211219 0.1313248128 -0.0082605518 0.9913049936
-210.1 222.3 2527.3 0.5051836967 -0.6341866851 -0.5853175521 0.7579242587 0.6503829956 -0.0505251177 0.4127229452 -0.4181019068 0.8092283607
-319.6 58.0 2437.8 -0.6958839893 -0.6341866851 -0.3369758725 -0.2444550395 0.6503829956 -0.7191965580 0.6752682924 -0.4181019068 -0.6076211929
60.6 219.7 2563.1 0.0583501719 0.7887294292 0.6119649410 -0.8334175348 0.3759442270 -0.4050693214 -0.5495548248 -0.4863864481 0.6792773604
74.2 24.3 2434.3 -0.5942075253 0.7887294292 0.1575541049 0.2634550631 0.3759442270 -0.8884015679 -0.7599400282 -0.4863864481 -0.4311836660
-170.3 -166.5 2539.3 0.9623506665 0.0122037679 0.2715368271 -0.0090666600 0.9998769164 -0.0128047420 -0.2716596723 0.0098607196 0.9623428583
-175.1 -554.7 2535.5 0.9623748660 0.0015497427 0.2717208862 -0.0034080551 0.9999738932 0.0063672848 -0.2717039585 -0.0070537548 0.9623550177
7.5 -170.0 2559.3 0.9374167323 0.0693412051 0.3412354290 -0.0711282417 0.9974405766 -0.0072879991 -0.3408674300 -0.0174395852 0.9399496317
-19.4 -557.1 2566.1 0.9386790395 -0.0510602854 0.3409904838 0.0582170486 0.9982457161 -0.0107815675 -0.3398417830 0.0299718902 0.9400049448
-139.9 121.2 2263.4 0 0 0 0 0 0 0 0 0
-74.9 90.4 2243.5 0 0 0 0 0 0 0 0 0
-175.5 -826.0 2537.4 0 0 0 0 0 0 0 0 0
-5.4 -830.0 2557.9 0 0 0 0 0 0 0 0 0
-69.5 419.4 2546.7  0.9923554659 0.0273818448 -0.1203362495 -0.0273002125 0.9996245503 0.0023272098 0.1203547940 0.0009757858 0.9927304387
-74.9 222.6 2546.5 0.9923554659 0.0273818448 -0.1203362495 -0.0273002125 0.9996245503 0.0023272098 0.1203547940 0.0009757858 0.9927304387
-78.7 28.6 2546.0 0.9925400615 0.0191839840 -0.1204000115 -0.0193743613 0.9998121858 -0.0004107121 0.1203695238 0.0027403217 0.9927253723
-210.5 225.3 2530.1 0.5083337426 -0.6348816752 -0.5818264484 0.7514168024 0.6570516825 -0.0604639761 0.4206775427 -0.4064582884 0.8110623360
-321.8 60.7 2438.0 -0.7021899819 -0.6348816752 -0.3222645521 -0.2712760270 0.6570516825 -0.7033437490 0.6582845449 -0.4064582884 -0.6336033344
60.6 220.0 2563.0 0.0594003126 0.7771355510 0.6265237331 -0.8180311322 0.3975981772 -0.4156209230 -0.5720984936 -0.4878278971 0.6593385339
74.7 26.3 2427.5 -0.6121075153 0.7771355510 0.1462352872 0.2974193692 0.3975981772 -0.8680192232 -0.7327114940 -0.4878278971 -0.4745079875
-167.8 -166.3 2536.7 0.9592202306 0.0180407949 0.2820834517 -0.0150594059 0.9998055100 -0.0127338171 -0.2822583318 0.0079665259 0.9593053460
-174.8 -554.4 2533.6 0.9592559934 0.0093242815 0.2823845744 -0.0117804557 0.9999061227 0.0070013283 -0.2822927833 -0.0100426851 0.9592757225
9.7 -168.0 2560.2 0.9330662489 0.0784036815 0.3510559499 -0.0747068599 0.9969146252 -0.0240854025 -0.3518612087 -0.0037530125 0.9360446334
-20.7 -555.0 2561.7 0.9336397052 -0.0580796525 0.3534736931 0.0586343072 0.9982376099 0.0091491360 -0.3533821106 0.0121836876 0.9353997111
-137.1 132.1 2264.8 0 0 0 0 0 0 0 0 0
-77.7 100.4 2245.1 0 0 0 0 0 0 0 0 0
-177.3 -824.9 2536.3 0 0 0 0 0 0 0 0 0
-4.7 -829.5 2558.3 0 0 0 0 0 0 0 0 0
-70.5 419.2 2546.3  0.9926317930 0.0260702968 -0.1183320433 -0.0261997152 0.9996566176 0.0004620494 0.1183034554 0.0026416210 0.9929739833
-75.7 222.4 2545.8 0.9926317930 0.0260702968 -0.1183320433 -0.0261997152 0.9996566176 0.0004620494 0.1183034554 0.0026416210 0.9929739833
-79.8 28.4 2545.0 0.9927437305 0.0211225245 -0.1183794066 -0.0214561541 0.9997686148 -0.0015444064 0.1183193922 0.0040731668 0.9929672480
-211.3 225.4 2529.7 0.5371834040 -0.6112027764 -0.5812616944 0.7307070494 0.6814438105 -0.0412493758 0.4213089347 -0.4025735557 0.8126704693
-329.5 64.5 2436.9 -0.7242628932 -0.6112027764 -0.3191776872 -0.2764282823 0.6814438105 -0.6776589751 0.6316887140 -0.4025735557 -0.6624982357
59.9 219.5 2562.0 0.0756869093 0.7608502507 0.6444985867 -0.8090004921 0.4247081578 -0.4063757062 -0.5829148293 -0.4906423390 0.6476730704
77.5 32.2 2427.0 -0.6283521056 0.7608502507 0.1621126831 0.2932887375 0.4247081578 -0.8565072417 -0.7205243111 -0.4906423390 -0.4900150895
-171.3 -163.7 2534.7 0.9586839080 0.0125533203 0.2841964364 -0.0121502681 0.9999211431 -0.0031811241 -0.2842139304 -0.0004033702 0.9587607980
-176.2 -551.9 2534.9 0.9587376118 0.0021477535 0.2842842638 -0.0035682598 0.9999836087 0.0044789910 -0.2842699587 -0.0053085773 0.9587295651
6.5 -167.2 2556.3 0.9327036142 0.0695010200 0.3538836241 -0.0693447441 0.9975062013 -0.0131387999 -0.3539142609 -0.0122853639 0.9351971745
-20.5 -554.4 2561.0 0.9340304136 -0.0369061232 0.3552818298 0.0364115722 0.9993042350 0.0080807060 -0.3553328514 0.0053887442 0.9347243309
-136.4 138.2 2268.5 0 0 0 0 0 0 0 0 0
-79.2 105.3 2247.4 0 0 0 0 0 0 0 0 0
-176.7 -825.4 2536.3 0 0 0 0 0 0 0 0 0
-10.2 -833.0 2559.5 0 0 0 0 0 0 0 0 0
-70.4 419.6 2545.7  0.9919240475 0.0260397159 -0.1241312921 -0.0261556711 0.9996576309 0.0006957273 0.1241069064 0.0025566285 0.9922655821
-75.6 222.4 2545.2 0.9919240475 0.0260397159 -0.1241312921 -0.0261556711 0.9996576309 0.0006957273 0.1241069064 0.0025566285 0.9922655821
-79.8 28.3 2544.4 0.9920151234 0.0220348500 -0.1241792664 -0.0223693009 0.9997489452 -0.0012994679 0.1241194531 0.0040668952 0.9922589660
-211.1 225.4 2528.2 0.5540750623 -0.5859266520 -0.5913465619 0.7045120001 0.7084566951 -0.0418554805 0.4434677064 -0.3934197128 0.8053305745
-332.0 71.8 2431.5 -0.7371276021 -0.5859266520 -0.3366495073 -0.2642644644 0.7084566951 -0.6544107199 0.6219382286 -0.3934197128 -0.6770625710
60.0 219.3 2562.1 0.0843783319 0.7531134486 0.6524572372 -0.8024623990 0.4395338595 -0.4035642743 -0.5907067060 -0.4895202816 0.6414323449
79.4 34.8 2426.2 -0.6359358430 0.7531134486 0.1685399264 0.2957419157 0.4395338595 -0.8481431007 -0.7128269672 -0.4895202816 -0.5022425652
-172.8 -163.8 2533.7 0.9603711367 0.0096717607 0.2785564959 -0.0083238436 0.9999472499 -0.0060212961 -0.2786000371 0.0034640182 0.9604009986
-176.6 -552.0 2532.3 0.9603669047 0.0044816886 0.2787028551 -0.0093869604 0.9998235703 0.0162683222 -0.2785807848 -0.0182397310 0.9602395892
5.1 -167.6 2554.9 0.9348952770 0.0679189265 0.3483645320 -0.0673030168 0.9976359606 -0.0138851423 -0.3484840393 -0.0104648303 0.9372562766
-21.3 -554.9 2558.9 0.9353858829 -0.0482115783 0.3503268361 0.0449380055 0.9988369942 0.0174726304 -0.3507617712 -0.0006006623 0.9364645481
-135.3 142.3 2265.5 0 0 0 0 0 0 0 0 0
-79.7 108.7 2248.0 0 0 0 0 0 0 0 0 0
-177.8 -829.4 2537.4 0 0 0 0 0 0 0 0 0
-7.9 -833.0 2559.1 0 0 0 0 0 0 0 0 0
-69.9 423.2 2544.3  0.9924066067 0.0255516544 -0.1203171611 -0.0244888365 0.9996470213 0.0103040310 0.1205379739 -0.0072793616 0.9926820397
-75.0 224.9 2545.8 0.9924066067 0.0255516544 -0.1203171611 -0.0244888365 0.9996470213 0.0103040310 0.1205379739 -0.0072793616 0.9926820397
-78.7 30.8 2546.0 0.9925307035 0.0192673951 -0.1204638779 -0.0189525746 0.9998133183 0.0037586922 0.1205138117 -0.0014475167 0.9927105904
-210.6 227.5 2529.3 0.5260598063 -0.5708057284 -0.6304299235 0.6885854006 0.7209307551 -0.0781598315 0.4991104007 -0.3929880857 0.7723011971
-324.6 78.3 2421.2 -0.7523817420 -0.5708057284 -0.3287894428 -0.2675889730 0.7209307551 -0.6392612457 0.6019284129 -0.3929880857 -0.6951564550
60.6 222.3 2562.2 0.0960213915 0.7501720786 0.6542336941 -0.8060627580 0.4442235827 -0.3910603523 -0.5839886069 -0.4898032546 0.6473407745
82.9 35.3 2426.7 -0.6363740563 0.7501720786 0.1796382368 0.2837800980 0.4442235827 -0.8497848511 -0.7172844410 -0.4898032546 -0.4955762625
-173.0 -163.7 2532.5 0.9593201876 0.0097564748 0.2821517885 -0.0098199416 0.9999510646 -0.0011891833 -0.2821496129 -0.0016299066 0.9593690634
-176.8 -552.0 2533.1 0.9593408704 0.0035801723 0.2822273076 -0.0059942072 0.9999524355 0.0076905591 -0.2821863592 -0.0090695973 0.9593167305
4.7 -167.8 2554.7 0.9332965016 0.0743778571 0.3513197899 -0.0733784437 0.9971729517 -0.0161782652 -0.3515298963 -0.0106801810 0.9361157417
-24.1 -554.9 2558.8 0.9329277277 -0.0663366392 0.3539000750 0.0626599491 0.9977957010 0.0218513776 -0.3545694947 0.0017896037 0.9350279570
-125.0 149.3 2261.5 0 0 0 0 0 0 0 0 0
-76.3 106.3 2247.3 0 0 0 0 0 0 0 0 0
-177.8 -825.2 2535.6 0 0 0 0 0 0 0 0 0
-6.1 -826.1 2558.4 0 0 0 0 0 0 0 0 0
-68.1 423.4 2546.1  0.9906332493 0.0326164514 -0.1325967163 -0.0322498977 0.9994677901 0.0049116709 0.1326863468 -0.0005894343 0.9911578894
-74.5 225.6 2546.3 0.9906332493 0.0326164514 -0.1325967163 -0.0322498977 0.9994677901 0.0049116709 0.1326863468 -0.0005894343 0.9911578894
-79.8 31.5 2545.1 0.9907643795 0.0273285061 -0.1328124702 -0.0278785266 0.9996086955 -0.0022832009 0.1326981038 0.0059647299 0.9911385775
-209.9 229.4 2528.1 0.5765147209 -0.5456795096 -0.6081649661 0.6835412383 0.7298790812 -0.0069199819 0.4476630092 -0.4117163718 0.7937805057
-340.1 74.9 2427.0 -0.7956070304 -0.5456795096 -0.2631411850 -0.2969593108 0.7298790812 -0.6157042384 0.5280384421 -0.4117163718 -0.7427415848
60.8 221.8 2564.4 0.0677501187 0.7472228408 0.6611111760 -0.7874709368 0.4469245672 -0.4244384170 -0.6126168966 -0.4918500781 0.6186954379
76.5 39.6 2422.7 -0.6444786787 0.7472228408 0.1621891111 0.3066905737 0.4469245672 -0.8403566480 -0.7004199624 -0.4918500781 -0.5171995163
-171.4 -161.5 2535.5 0.9627066255 0.0135817928 0.2702063620 -0.0124958232 0.9999054670 -0.0057389350 -0.2702587545 0.0021484597 0.9627853036
-176.7 -549.7 2534.7 0.9627586007 0.0041872282 0.2703299820 -0.0055789505 0.9999748468 0.0043800543 -0.2703048289 -0.0057250927 0.9627577662
6.5 -164.9 2557.1 0.9379740357 0.0710641965 0.3393444121 -0.0657219365 0.9974665046 -0.0272251032 -0.3404194415 0.0032340665 0.9402681589
-21.1 -552.1 2555.9 0.9382216930 -0.0454472043 0.3430372477 0.0361435339 0.9987859726 0.0334697776 -0.3441419005 -0.0190034937 0.9387252927
-130.6 153.2 2287.9 0 0 0 0 0 0 0 0 0
-83.3 115.7 2249.1 0 0 0 0 0 0 0 0 0
-177.8 -824.6 2536.3 0 0 0 0 0 0 0 0 0
-8.6 -827.7 2561.1 0 0 0 0 0 0 0 0 0
-69.2 422.0 2545.1  0.9878481030 0.0313493647 -0.1522280276 -0.0312276427 0.9995071888 0.0031909361 0.1522530466 0.0016015626 0.9883402586
-75.4 224.6 2544.7 0.9878481030 0.0313493647 -0.1522280276 -0.0312276427 0.9995071888 0.0031909361 0.1522530466 0.0016015626 0.9883402586
-80.6 30.6 2543.9 0.9879621863 0.0269842297 -0.1523238868 -0.0273173507 0.9996268153 -0.0000942078 0.1522645056 0.0042541591 0.9883306026
-210.3 228.4 2523.9 0.5601906776 -0.5665038228 -0.6043673158 0.6935145259 0.7197393179 -0.0318261757 0.4530165792 -0.4013088048 0.7960698605
-333.6 75.7 2424.2 -0.7883957624 -0.5665038228 -0.2398031056 -0.3316600323 0.7197393179 -0.6098991036 0.5181059241 -0.4013088048 -0.7553260922
59.6 220.9 2565.5 0.0498122759 0.7356173396 0.6755633354 -0.7691805363 0.4597183466 -0.4438697994 -0.6370871663 -0.4975199997 0.5887221694
71.2 42.2 2417.6 -0.6639723778 0.7356173396 0.1341929734 0.3438389301 0.4597183466 -0.8188002706 -0.6640146375 -0.4975199997 -0.5581741929
-173.9 -160.0 2532.0 0.9679167867 0.0053703864 0.2512134910 -0.0056712953 0.9999837875 0.0004738711 -0.2512068748 -0.0018833737 0.9679315686
-176.0 -548.2 2532.8 0.9678722024 0.0096417498 0.2512575984 -0.0129638026 0.9998490214 0.0115698380 -0.2511081398 -0.0144553790 0.9678511024
3.6 -165.0 2555.8 0.9449037313 0.0661758259 0.3205895126 -0.0605979860 0.9977872968 -0.0273562800 -0.3216904998 0.0064219721 0.9468231201
-22.1 -552.3 2553.3 0.9446631074 -0.0474763326 0.3245883882 0.0343331322 0.9983465075 0.0461032763 -0.3262404799 -0.0324079283 0.9447311163
-126.0 163.1 2287.8 0 0 0 0 0 0 0 0 0
-94.8 128.2 2251.6 0 0 0 0 0 0 0 0 0
-178.7 -828.3 2536.8 0 0 0 0 0 0 0 0 0
-8.7 -833.0 2562.4 0 0 0 0 0 0 0 0 0
-67.9 421.3 2547.0  0.9890019894 0.0346914567 -0.1437762827 -0.0358441733 0.9993426204 -0.0054342044 0.1434932351 0.0105279805 0.9895952940
-74.8 224.2 2544.9 0.9890019894 0.0346914567 -0.1437762827 -0.0358441733 0.9993426204 -0.0054342044 0.1434932351 0.0105279805 0.9895952940
-81.2 30.2 2542.9 0.9890545011 0.0331603140 -0.1437762529 -0.0342969336 0.9993969202 -0.0054335780 0.1435093731 0.0103051895 0.9895952940
-209.9 228.9 2525.3 0.5392751694 -0.5878833532 -0.6029722095 0.6816954017 0.7251362205 -0.0973081514 0.4944428205 -0.3585675061 0.7918052673
-327.8 79.8 2417.2 -0.7674981952 -0.5878833532 -0.2556162775 -0.3599140942 0.7251362205 -0.5870599151 0.5304793715 -0.3585675061 -0.7681282163
60.4 219.5 2564.5 0.0316631161 0.7539913058 0.6561208367 -0.7697677612 0.4371176064 -0.4651728570 -0.6375382543 -0.4903318584 0.5942386985
67.8 39.7 2415.6 -0.6453737617 0.7539913058 0.1224330664 0.3538176417 0.4371176064 -0.8268864751 -0.6769828796 -0.4903318584 -0.5488796234
-174.3 -161.0 2529.4 0.9657074213 0.0016278249 0.2596275508 -0.0022869101 0.9999948740 0.0022365481 -0.2596226037 -0.0027535958 0.9657062292
-175.0 -549.2 2530.5 0.9655128121 0.0196205303 0.2596152723 -0.0257097259 0.9994677901 0.0200796407 -0.2590831220 -0.0260617882 0.9655033350
2.7 -165.9 2556.7 0.9418663979 0.0668245703 0.3292751610 -0.0619067810 0.9977584481 -0.0254099295 -0.3302350938 0.0035483919 0.9438920617
-23.3 -553.3 2555.3 0.9412224889 -0.0568214469 0.3329738677 0.0458807535 0.9981200695 0.0406357199 -0.3346568942 -0.0229701586 0.9420600533
-129.7 172.7 2280.3 0 0 0 0 0 0 0 0 0
-94.4 128.6 2245.4 0 0 0 0 0 0 0 0 0
-180.5 -829.8 2537.8 0 0 0 0 0 0 0 0 0
-7.6 -829.4 2561.7 0 0 0 0 0 0 0 0 0
-69.8 420.2 2547.0  0.9888371825 0.0315381698 -0.1456239671 -0.0333480313 0.9993937612 -0.0100033181 0.1452202052 0.0147479260 0.9892894626
-76.0 223.4 2544.1 0.9888371825 0.0315381698 -0.1456239671 -0.0333480313 0.9993937612 -0.0100033181 0.1452202052 0.0147479260 0.9892894626
-82.2 29.4 2541.6 0.9888257384 0.0321933553 -0.1455582827 -0.0337069146 0.9994001985 -0.0079433518 0.1452152580 0.0127609111 0.9893177748
-211.1 228.0 2524.2 0.5210511684 -0.5896945000 -0.6170624495 0.6656727791 0.7332532406 -0.1386339664 0.5342147350 -0.3385262787 0.7746060491
-324.9 82.6 2407.6 -0.7669177651 -0.5896945000 -0.2531748116 -0.3770049810 0.7332532406 -0.5658682585 0.5193306804 -0.3385262787 -0.7846627235
59.1 218.8 2563.9 0.0072806198 0.7716333270 0.6360259652 -0.7575215101 0.4194563627 -0.5002174377 -0.6527695656 -0.4781614542 0.5875827670
60.8 43.2 2412.6 -0.6223829985 0.7716333270 0.1312303692 0.3428111672 0.4194563627 -0.8405574560 -0.7036475539 -0.4781614542 -0.5255870223
-176.2 -160.7 2528.1 0.9661759734 -0.0025555501 0.2578709126 -0.0001503156 0.9999451637 0.0104728425 -0.2578835189 -0.0101573709 0.9661226273
-175.2 -548.9 2532.0 0.9660972357 0.0127153480 0.2578651011 -0.0165024120 0.9997853637 0.0125271548 -0.2576504648 -0.0163578466 0.9660997391
1.0 -166.9 2553.8 0.9428043962 0.0610875301 0.3277014196 -0.0557491668 0.9981147647 -0.0256691203 -0.3286516964 0.0059318785 0.9444325566
-22.8 -554.4 2551.5 0.9421449900 -0.0509871654 0.3313051164 0.0372223370 0.9981648326 0.0477648973 -0.3331325054 -0.0326695107 0.9423138499
-131.6 177.6 2276.7 0 0 0 0 0 0 0 0 0
-92.6 127.7 2239.1 0 0 0 0 0 0 0 0 0
-178.7 -824.7 2536.5 0 0 0 0 0 0 0 0 0
-8.6 -832.3 2560.6 0 0 0 0 0 0 0 0 0
-70.0 417.6 2548.5  0.9888895154 0.0351348221 -0.1444403529 -0.0382192843 0.9990956187 -0.0186347179 0.1436550021 0.0239480846 0.9893380404
-76.9 221.7 2543.8 0.9888895154 0.0351348221 -0.1444403529 -0.0382192843 0.9990956187 -0.0186347179 0.1436550021 0.0239480846 0.9893380404
-83.4 27.7 2540.2 0.9889775515 0.0333198830 -0.1442676932 -0.0356497653 0.9992718697 -0.0135941403 0.1437096894 0.0185874086 0.9894453287
-212.0 226.5 2524.1 0.5282278061 -0.5514847040 -0.6456314921 0.6149867773 0.7727652192 -0.1569240689 0.5854628086 -0.3141631484 0.7473518848
-323.5 96.8 2400.6 -0.7768999338 -0.5514847040 -0.3037944436 -0.3386420906 0.7727652192 -0.5368010998 0.5307993889 -0.3141631484 -0.7871172428
58.2 216.8 2563.4 0.0044522127 0.7694792747 0.6386562586 -0.7457834482 0.4280193746 -0.5104963183 -0.6661735773 -0.4740264118 0.5757705569
59.2 45.3 2410.2 -0.6213829517 0.7694792747 0.1475967467 0.3301997185 0.4280193746 -0.8412892222 -0.7105289102 -0.4740264118 -0.5200458169
-177.1 -161.6 2526.1 0.9658283591 -0.0058503738 0.2591164708 0.0023186486 0.9999002218 0.0139334006 -0.2591721416 -0.0128564741 0.9657455683
-174.8 -549.8 2531.1 0.9657281637 0.0152522856 0.2591071427 -0.0199412256 0.9996813536 0.0154776843 -0.2587884963 -0.0201141499 0.9657245874
0.1 -167.6 2552.1 0.9420534968 0.0615161136 0.3297741413 -0.0589872822 0.9981021881 -0.0176793467 -0.3302358389 -0.0027975885 0.9438943267
-23.8 -555.1 2553.2 0.9409563541 -0.0611720830 0.3329550624 0.0492029972 0.9978072047 0.0442704484 -0.3349330723 -0.0252741724 0.9419028759
-131.7 180.4 2269.6 0 0 0 0 0 0 0 0 0
-93.5 126.4 2235.5 0 0 0 0 0 0 0 0 0
-179.0 -822.2 2536.6 0 0 0 0 0 0 0 0 0
-6.8 -831.5 2560.2 0 0 0 0 0 0 0 0 0
-71.0 421.0 2546.7  0.9862772822 0.0348120257 -0.1613855213 -0.0365517363 0.9993011355 -0.0078225825 0.1610004157 0.0136141563 0.9868604541
-77.8 224.3 2544.0 0.9862772822 0.0348120257 -0.1613855213 -0.0365517363 0.9993011355 -0.0078225825 0.1610004157 0.0136141563 0.9868604541
-84.0 30.3 2541.7 0.9863828421 0.0318563879 -0.1613506526 -0.0333860330 0.9994195700 -0.0067772418 0.1610411108 0.0120718135 0.9868738651
-212.6 228.9 2522.0 0.5256491303 -0.5210825205 -0.6724328995 0.5966120362 0.7892763615 -0.1452479810 0.6064215302 -0.3248320520 0.7257664800
-321.6 105.1 2396.3 -0.7804281116 -0.5210825205 -0.3455502689 -0.2865270078 0.7892763615 -0.5430884957 0.5557285547 -0.3248320520 -0.7652776241
56.9 219.8 2566.0 0.0425776131 0.7381274700 0.6733164191 -0.7352183461 0.4794684350 -0.4791283607 -0.6764917970 -0.4746344388 0.5630995035
66.9 46.9 2406.9 -0.6441076994 0.7381274700 0.2007313520 0.2914999425 0.4794684350 -0.8277305365 -0.7072149515 -0.4746344388 -0.5239934325
-178.5 -163.1 2523.7 0.9701629281 -0.0082373088 0.2423138618 0.0019637153 0.9996568561 0.0261204969 -0.2424458861 -0.0248653032 0.9698462486
-175.3 -551.2 2533.3 0.9700680971 0.0137444399 0.2424437851 -0.0144791203 0.9998943806 0.0012487177 -0.2424010187 -0.0047217137 0.9701646566
-1.3 -169.5 2549.4 0.9479021430 0.0580449849 0.3132288456 -0.0566089414 0.9983026385 -0.0136856046 -0.3134915531 -0.0047589382 0.9495790601
-23.8 -557.1 2551.3 0.9464108944 -0.0633481964 0.3166914284 0.0463343002 0.9970631599 0.0609769076 -0.3196241260 -0.0430355333 0.9465666413
-129.6 175.6 2259.6 0 0 0 0 0 0 0 0 0
-91.2 118.4 2233.3 0 0 0 0 0 0 0 0 0
-178.9 -816.9 2534.6 0 0 0 0 0 0 0 0 0
-5.9 -838.7 2563.4 0 0 0 0 0 0 0 0 0
-68.8 421.7 2537.3  0.9898188710 0.0369163826 -0.1374618113 -0.0350183137 0.9992553592 0.0162016246 0.1379575431 -0.0112229930 0.9903745651
-76.1 224.0 2539.6 0.9898188710 0.0369163826 -0.1374618113 -0.0350183137 0.9992553592 0.0162016246 0.1379575431 -0.0112229930 0.9903745651
-83.0 30.0 2540.9 0.9898408055 0.0357006416 -0.1376249045 -0.0344146751 0.9993389845 0.0117129469 0.1379520893 -0.0068576373 0.9904151559
-211.3 228.7 2520.7 0.5249167085 -0.4767313898 -0.7051167488 0.5637795329 0.8153769970 -0.1315789223 0.6376637816 -0.3284624517 0.6967763901
-319.7 112.3 2389.1 -0.7963608503 -0.4767313898 -0.3722050488 -0.2423917055 0.8153769970 -0.5257439017 0.5541260242 -0.3284624517 -0.7648900151
59.1 219.3 2558.4 0.0605723858 0.7181398869 0.6932575703 -0.7493360639 0.4915427566 -0.4437129498 -0.6594136953 -0.4926061630 0.5679020286
72.9 48.5 2408.1 -0.6558123827 0.7181398869 0.2327772379 0.2412511706 0.4915427566 -0.8367697597 -0.7153376937 -0.4926061630 -0.4956119061
-178.6 -160.7 2524.9 0.9639989734 -0.0080542956 0.2657838464 0.0029928503 0.9998064637 0.0194429886 -0.2658890188 -0.0179475695 0.9638365507
-175.4 -548.9 2531.9 0.9639687538 0.0088013466 0.2658697665 -0.0106808143 0.9999271631 0.0056240559 -0.2658008933 -0.0082611199 0.9639925361
-1.8 -166.7 2553.8 0.9407625794 0.0594718046 0.3338096440 -0.0516843349 0.9981451631 -0.0321704522 -0.3351037204 0.0130120274 0.9420914054
-24.9 -554.1 2548.7 0.9382926226 -0.0732737184 0.3379910290 0.0546484850 0.9964325428 0.0643095449 -0.3414974511 -0.0418704748 0.9389495850
-120.0 173.1 2250.2 0 0 0 0 0 0 0 0 0
-88.6 107.9 2232.0 0 0 0 0 0 0 0 0 0
-177.8 -821.8 2534.2 0 0 0 0 0 0 0 0 0
-4.2 -836.1 2560.6 0 0 0 0 0 0 0 0 0
-67.9 421.0 2533.2  0.9907751679 0.0402889997 -0.1293884963 -0.0375030078 0.9990107417 0.0238977745 0.1302233040 -0.0188248642 0.9913059473
-75.9 223.8 2536.9 0.9907751679 0.0402889997 -0.1293884963 -0.0375030078 0.9990107417 0.0238977745 0.1302233040 -0.0188248642 0.9913059473
-83.2 29.9 2540.0 0.9908580184 0.0378170572 -0.1294998229 -0.0353825316 0.9991521239 0.0210496541 0.1301860511 -0.0162751861 0.9913560152
-211.2 228.6 2519.1 0.5342918038 -0.3922727406 -0.7487685680 0.4937357903 0.8638159633 -0.1002345532 0.6861175299 -0.3161393404 0.6552088857
-319.3 128.7 2380.3 -0.8160685897 -0.3922727406 -0.4244457483 -0.1682287008 0.8638159633 -0.4748906195 0.5529296398 -0.3161393404 -0.7709245682
59.5 218.9 2554.7 0.1131323949 0.6664435863 0.7369219661 -0.7375303507 0.5533096194 -0.3871659338 -0.6657702327 -0.4997013211 0.5541196465
85.0 52.7 2404.6 -0.6867564321 0.6664435863 0.2902042270 0.1947021782 0.5533096194 -0.8099009395 -0.7003260851 -0.4997013211 -0.5097469687
-178.6 -160.8 2529.9 0.9617358446 -0.0074028298 0.2738783360 0.0076422393 0.9999707937 0.0001927792 -0.2738717794 0.0019076412 0.9617643356
-175.7 -549.0 2529.2 0.9617721438 0.0086667761 0.2737137377 -0.0138827153 0.9997569919 0.0171249695 -0.2734987736 -0.0202702079 0.9616587162
-1.3 -167.0 2554.6 0.9380811453 0.0576926731 0.3415776491 -0.0534521714 0.9983319640 -0.0218221676 -0.3422668576 0.0022128974 0.9396001697
-23.6 -554.6 2553.7 0.9366612434 -0.0629497617 0.3445331156 0.0519419312 0.9978041053 0.0410977527 -0.3463636339 -0.0205989573 0.9378741384
-113.8 171.1 2241.0 0 0 0 0 0 0 0 0 0
-87.5 101.6 2228.8 0 0 0 0 0 0 0 0 0
-178.1 -825.4 2534.8 0 0 0 0 0 0 0 0 0
-6.3 -830.1 2559.4 0 0 0 0 0 0 0 0 0
-64.1 421.8 2534.6  0.9916030765 0.0485803485 -0.1198470294 -0.0467624702 0.9987450242 0.0179359484 0.1205679551 -0.0121809980 0.9926303625
-73.7 224.7 2537.0 0.9916030765 0.0485803485 -0.1198470294 -0.0467624702 0.9987450242 0.0179359484 0.1205679551 -0.0121809980 0.9926303625
-83.1 30.9 2539.2 0.9915894270 0.0487546325 -0.1198891848 -0.0470425896 0.9987469912 0.0170708206 0.1205712482 -0.0112873483 0.9926404953
-209.1 231.2 2520.5 0.5194188356 -0.3426001370 -0.7828341126 0.4501625001 0.8883886337 -0.0901074484 0.7263317108 -0.3055990636 0.6156715155
-316.0 138.6 2371.1 -0.8190581203 -0.3426001370 -0.4601836205 -0.1231083795 0.8883886337 -0.4422781467 0.5603464246 -0.3055990636 -0.7698188424
61.8 218.3 2553.4 0.1210807338 0.6457787156 0.7538629174 -0.7178002596 0.5815299749 -0.3828651905 -0.6856400371 -0.4947654009 0.5339521766
88.8 57.9 2400.2 -0.6865619421 0.6457787156 0.3340697289 0.1587476283 0.5815299749 -0.7978860140 -0.7095293403 -0.4947654009 -0.5017721653
-179.3 -160.9 2531.5 0.9590992928 -0.0088980831 0.2829298675 0.0110761188 0.9999200702 -0.0060994825 -0.2828529775 0.0089837741 0.9591212273
-175.8 -549.1 2528.1 0.9592121840 0.0085040778 0.2825590968 -0.0154999942 0.9996259212 0.0225329362 -0.2822617888 -0.0259935316 0.9589852095
-1.8 -167.3 2554.9 0.9347594976 0.0583956428 0.3504492342 -0.0524685867 0.9982737303 -0.0263927784 -0.3513855040 0.0062833237 0.9362097979
-24.4 -554.8 2552.4 0.9330257773 -0.0662292540 0.3536616266 0.0544791929 0.9975847602 0.0430886485 -0.3556611836 -0.0209356211 0.9343804717
-109.1 169.7 2229.5 0 0 0 0 0 0 0 0 0
-83.6 97.8 2222.0 0 0 0 0 0 0 0 0 0
-178.2 -827.3 2535.3 0 0 0 0 0 0 0 0 0
-6.5 -825.6 2558.1 0 0 0 0 0 0 0 0 0
-63.7 423.2 2540.3  0.9939149618 0.0537802912 -0.0961289778 -0.0536592267 0.9985519052 0.0038459413 0.0961966142 0.0013356684 0.9953614473
-74.3 226.4 2540.0 0.9939149618 0.0537802912 -0.0961289778 -0.0536592267 0.9985519052 0.0038459413 0.0961966142 0.0013356684 0.9953614473
-84.5 32.6 2540.2 0.9939985275 0.0524344966 -0.0960080102 -0.0520873144 0.9986237884 0.0061205653 0.0961968154 -0.0010830336 0.9953617454
-210.0 233.5 2526.9 0.4756597281 -0.2995678484 -0.8270471096 0.4053477645 0.9090912342 -0.0961576328 0.7806670070 -0.2895033956 0.5538472533
-310.2 148.1 2362.5 -0.8129338622 -0.2995678484 -0.4993973076 -0.0843855664 0.9090912342 -0.4079610109 0.5762097239 -0.2895033956 -0.7643102407
61.5 219.3 2553.1 0.1760857254 0.5643136501 0.8065630198 -0.6644899845 0.6726559997 -0.3255564272 -0.7262554169 -0.4786272049 0.4934258759
101.0 70.1 2390.0 -0.7200774550 0.5643136501 0.4037803113 0.1174869165 0.6726559997 -0.7305687666 -0.6838752031 -0.4786272049 -0.5506638885
-181.4 -158.8 2530.6 0.9520094395 -0.0158269238 0.3056591451 0.0181282219 0.9998246431 -0.0046917973 -0.3055312932 0.0100076916 0.9521294236
-175.3 -546.9 2526.7 0.9523447752 0.0101428721 0.3048550487 -0.0210917350 0.9992445111 0.0326430351 -0.3042936325 -0.0375173427 0.9518392086
-3.8 -167.2 2552.2 0.9262102246 0.0472669788 0.3740326762 -0.0454856083 0.9988725185 -0.0135936001 -0.3742534816 -0.0044225729 0.9273158908
-22.1 -554.9 2553.9 0.9251924753 -0.0540849976 0.3756244481 0.0476589091 0.9985151291 0.0263854582 -0.3764937520 -0.0065097758 0.9263963103
-105.8 169.4 2217.6 0 0 0 0 0 0 0 0 0
-79.9 99.6 2218.3 0 0 0 0 0 0 0 0 0
-178.1 -828.6 2537.3 0 0 0 0 0 0 0 0 0
-7.6 -823.8 2555.6 0 0 0 0 0 0 0 0 0
-60.9 424.7 2542.6  0.9964985251 0.0570725948 -0.0611019358 -0.0573282577 0.9983524084 -0.0024379045 0.0608621277 0.0059322356 0.9981285334
-72.2 227.8 2541.4 0.9964985251 0.0570725948 -0.0611019358 -0.0573282577 0.9983524084 -0.0024379045 0.0608621277 0.0059322356 0.9981285334
-83.4 34.0 2541.0 0.9964721799 0.0577579662 -0.0608868264 -0.0577859581 0.9983281493 0.0013024799 0.0608602613 0.0022205184 0.9981438518
-208.2 235.7 2533.1 0.4720932841 -0.2225974947 -0.8529819846 0.3445049822 0.9372350574 -0.0539140254 0.8114457726 -0.2684040964 0.5191483498
-312.6 159.5 2353.7 -0.8301864266 -0.2225974947 -0.5111172199 -0.0378900990 0.9372350574 -0.3466334641 0.5561967492 -0.2684040964 -0.7865141034
63.9 219.9 2549.8 0.1943899244 0.4907642901 0.8493309021 -0.6260804534 0.7286241055 -0.2777232528 -0.7551396489 -0.4777628481 0.4488950968
107.5 79.4 2380.2 -0.7467206120 0.4907642901 0.4489529729 0.0691843182 0.7286241055 -0.6814106107 -0.6615299582 -0.4777628481 -0.5780318379
-183.7 -156.6 2531.8 0.9406688213 -0.0186444838 0.3388134539 0.0205904897 0.9997856617 -0.0021496895 -0.3387007713 0.0089984816 0.9408510923
-176.5 -544.7 2528.3 0.9410350323 0.0039543090 0.3382860124 -0.0118165165 0.9997057319 0.0211850628 -0.3381026983 -0.0239332486 0.9408048391
-5.7 -165.9 2549.1 0.9120875001 0.0486756712 0.4070959389 -0.0506797135 0.9986977577 -0.0058658216 -0.4068513215 -0.0152813625 0.9133665562
-24.6 -553.6 2555.0 0.9097955227 -0.0726239756 0.4086536765 0.0651718900 0.9973559380 0.0321515687 -0.4099081457 -0.0026186234 0.9121230245
-104.9 169.0 2214.6 0 0 0 0 0 0 0 0 0
-79.6 96.7 2214.4 0 0 0 0 0 0 0 0 0
-177.6 -826.4 2535.1 0 0 0 0 0 0 0 0 0
-4.6 -827.7 2555.7 0 0 0 0 0 0 0 0 0
-60.4 422.5 2543.8  0.9975234270 0.0576773770 -0.0402539223 -0.0580683909 0.9982754588 -0.0086120786 0.0396877788 0.0109282304 0.9991523623
-71.8 226.2 2541.6 0.9975234270 0.0576773770 -0.0402539223 -0.0580683909 0.9982754588 -0.0086120786 0.0396877788 0.0109282304 0.9991523623
-83.8 32.5 2540.8 0.9972922802 0.0617966764 -0.0398653932 -0.0619301200 0.9980782270 -0.0021199805 0.0396577753 0.0045831087 0.9992027879
-207.9 234.7 2536.2 0.4523000419 -0.1419299692 -0.8805001974 0.2867892385 0.9579674006 -0.0070976578 0.8444978595 -0.2493077070 0.4739927053
-310.6 169.6 2344.5 -0.8490681648 -0.1419299692 -0.5088605881 0.0116547048 0.9579674006 -0.2866402268 0.5281547308 -0.2493077070 -0.8117254972
64.4 217.8 2547.1 0.2078749835 0.4409463108 0.8731290698 -0.5824042559 0.7729517817 -0.2516958416 -0.7858710289 -0.4561928213 0.4174863696
110.9 87.6 2371.4 -0.7646304369 0.4409463108 0.4700070322 0.0573451743 0.7729517817 -0.6318679452 -0.6419126391 -0.4561928213 -0.6163086295
-183.8 -154.6 2535.2 0.9332508445 -0.0219151936 0.3585563004 0.0268240161 0.9996021390 -0.0087212557 -0.3582225144 0.0177570395 0.9334673882
-175.3 -542.7 2528.3 0.9337236285 0.0108883129 0.3578290939 -0.0187169667 0.9996550679 0.0184219684 -0.3575051129 -0.0238985028 0.9336053729
-5.4 -164.9 2546.1 0.9031003118 0.0510606319 0.4263831675 -0.0530438684 0.9985659719 -0.0072316988 -0.4261409938 -0.0160860624 0.9045137167
-25.3 -552.6 2552.3 0.9002735615 -0.0776182488 0.4283491373 0.0664827228 0.9969480634 0.0409215987 -0.4302181005 -0.0083628148 0.9026862383
-98.7 166.6 2212.7 0 0 0 0 0 0 0 0 0
-79.1 101.9 2211.9 0 0 0 0 0 0 0 0 0
-178.4 -825.9 2535.1 0 0 0 0 0 0 0 0 0
-3.8 -827.5 2554.6 0 0 0 0 0 0 0 0 0
-63.8 419.1 2544.4  0.9981760979 0.0537111685 -0.0275599565 -0.0540554300 0.9984670281 -0.0119016366 0.0268784557 0.0133696953 0.9995492697
-74.3 223.6 2541.8 0.9981760979 0.0537111685 -0.0275599565 -0.0540554300 0.9984670281 -0.0119016366 0.0268784557 0.0133696953 0.9995492697
-86.0 29.8 2540.9 0.9978364706 0.0599278733 -0.0270386077 -0.0600235872 0.9981932044 -0.0027414251 0.0268254653 0.0043584481 0.9996306300
-210.6 231.8 2538.1 0.3968340755 -0.0956891626 -0.9128890038 0.2474332899 0.9688863754 0.0060007656 0.8839114904 -0.2282604277 0.4081637859
-301.4 175.2 2335.8 -0.8344227672 -0.0956891626 -0.5427542925 0.0469583645 0.9688863754 -0.2430106103 0.5491207242 -0.2282604277 -0.8039674163
61.9 215.4 2545.4 0.2247604579 0.3958131373 0.8904014230 -0.5442087054 0.8089771867 -0.2222449183 -0.8082818985 -0.4346123338 0.3972310424
112.3 93.6 2364.5 -0.7784212828 0.3958131373 0.4872291386 0.0444637015 0.8089771867 -0.5861560106 -0.6261655092 -0.4346123338 -0.6473243833
-185.1 -155.7 2536.4 0.9283750653 -0.0261972155 0.3707201779 0.0348313153 0.9992551208 -0.0166131314 -0.3700087965 0.0283358879 0.9285960197
-174.9 -543.6 2525.4 0.9293227792 0.0116323093 0.3690851927 -0.0245147794 0.9992421865 0.0302332602 -0.3684538007 -0.0371445008 0.9289036989
-6.5 -166.8 2543.5 0.8974804878 0.0480610840 0.4384278059 -0.0547479354 0.9984967709 0.0026147149 -0.4376430809 -0.0263496730 0.8987625837
-25.2 -554.4 2553.7 0.8952160478 -0.0707633793 0.4399781823 0.0582676046 0.9974228740 0.0418632552 -0.4418067038 -0.0118401796 0.8970321417
-92.0 163.4 2198.0 0 0 0 0 0 0 0 0 0
-79.0 104.5 2210.6 0 0 0 0 0 0 0 0 0
-178.2 -822.5 2535.7 0 0 0 0 0 0 0 0 0
-5.9 -826.0 2556.9 0 0 0 0 0 0 0 0 0
-63.0 419.9 2546.2  0.9975056648 0.0562886409 -0.0425920002 -0.0570577942 0.9982250333 -0.0170628019 0.0415559597 0.0194504466 0.9989468455
-74.0 224.7 2542.4 0.9975056648 0.0562886409 -0.0425920002 -0.0570577942 0.9982250333 -0.0170628019 0.0415559597 0.0194504466 0.9989468455
-86.2 31.0 2540.6 0.9971413016 0.0628349483 -0.0419647396 -0.0631636307 0.9979816675 -0.0065515363 0.0414683744 0.0091834525 0.9990975857
-210.2 233.3 2536.7 0.3953913152 -0.0754981041 -0.9154046774 0.2399135679 0.9705077410 0.0235832836 0.8866268396 -0.2289426327 0.4018433690
-300.7 178.4 2333.8 -0.8349096775 -0.0754981041 -0.5451841950 0.0640056580 0.9705077410 -0.2324176580 0.5466526151 -0.2289426327 -0.8054540157
62.2 216.0 2548.0 0.2315055877 0.3890726268 0.8916432261 -0.5364475846 0.8156558275 -0.2166323364 -0.8115597367 -0.4281682372 0.3975459337
114.3 95.4 2365.5 -0.7789225578 0.3890726268 0.4918354452 0.0431313887 0.8156558275 -0.5769274235 -0.6256350875 -0.4281682372 -0.6521139741
-187.0 -158.6 2537.7 0.9337889552 -0.0300899446 0.3565568924 0.0373707786 0.9992096424 -0.0135469437 -0.3558674753 0.0259747952 0.9341753721
-175.3 -546.5 2527.6 0.9347161055 0.0066306842 0.3553334773 -0.0148073770 0.9996843338 0.0202967133 -0.3550867438 -0.0242332220 0.9345192313
-8.2 -169.3 2542.5 0.9040361047 0.0422415622 0.4253638387 -0.0495806448 0.9987509251 0.0061920937 -0.4245709479 -0.0266876891 0.9050012827
-24.6 -557.0 2552.9 0.9016561508 -0.0701245070 0.4267302752 0.0554079451 0.9973652959 0.0468231067 -0.4288894236 -0.0185740944 0.9031659961
-89.7 162.2 2195.7 0 0 0 0 0 0 0 0 0
-78.8 106.1 2210.4 0 0 0 0 0 0 0 0 0
-177.1 -820.7 2534.3 0 0 0 0 0 0 0 0 0
-5.4 -830.9 2558.0 0 0 0 0 0 0 0 0 0
-62.0 415.7 2540.1  0.9973414540 0.0606056079 -0.0404599160 -0.0606917813 0.9981561303 -0.0009038070 0.0403305367 0.0033569885 0.9991807342
-73.8 221.0 2539.4 0.9973414540 0.0606056079 -0.0404599160 -0.0606917813 0.9981561303 -0.0009038070 0.0403305367 0.0033569885 0.9991807342
-86.9 27.3 2540.2 0.9969196320 0.0674783587 -0.0399740972 -0.0672647431 0.9977129102 0.0066664652 0.0403325111 -0.0039570825 0.9991784692
-210.0 230.2 2533.9 0.4709827006 -0.0846665278 -0.8780699372 0.2256422341 0.9738323689 0.0271306224 0.8527958989 -0.2109077275 0.4777625501
-316.6 179.1 2340.9 -0.8452082276 -0.0846665278 -0.5276880264 0.0419056080 0.9738323689 -0.2233705670 0.5327916741 -0.2109077275 -0.8195431232
62.4 211.8 2544.9 0.2694759965 0.4176444113 0.8677302599 -0.5593901277 0.8013430834 -0.2119717002 -0.7838784456 -0.4282784462 0.4495688677
120.9 90.2 2374.6 -0.7727706432 0.4176444113 0.4779107571 0.0653476417 0.8013430834 -0.5946250558 -0.6313123107 -0.4282784462 -0.6465464830
-187.7 -157.1 2535.1 0.9331313372 -0.0303284004 0.3582541645 0.0319336541 0.9994889498 0.0014364318 -0.3581146300 0.0100999847 0.9336230159
-175.9 -545.1 2531.2 0.9337963462 0.0065335245 0.3577452600 -0.0134352166 0.9997684360 0.0168101303 -0.3575525880 -0.0205036234 0.9336678982
-9.1 -168.4 2542.5 0.9034353495 0.0399379544 0.4268600643 -0.0478316285 0.9988250732 0.0077818302 -0.4260477424 -0.0274477936 0.9042841792
-24.6 -556.2 2553.2 0.9016097784 -0.0642820969 0.4277471602 0.0552515239 0.9979100823 0.0335068069 -0.4290070832 -0.0065763816 0.9032771587
-102.4 168.5 2205.9 0 0 0 0 0 0 0 0 0
-72.9 106.6 2216.3 0 0 0 0 0 0 0 0 0
-177.7 -826.4 2536.9 0 0 0 0 0 0 0 0 0
-7.1 -827.6 2555.0 0 0 0 0 0 0 0 0 0
-60.9 414.4 2535.0  0.9971467853 0.0578903593 -0.0484461188 -0.0575949922 0.9983120561 0.0074718515 0.0487968922 -0.0046602786 0.9987978339
-72.2 219.7 2535.9 0.9971467853 0.0578903593 -0.0484461188 -0.0575949922 0.9983120561 0.0074718515 0.0487968922 -0.0046602786 0.9987978339
-85.0 26.1 2537.9 0.9966483712 0.0661719516 -0.0480961874 -0.0656134188 0.9977591038 0.0131019671 0.0488553941 -0.0099022994 0.9987567663
-208.3 228.7 2529.3 0.5500887632 -0.0947176963 -0.8297173977 0.2199563235 0.9748981595 0.0345363207 0.8056187630 -0.2014996260 0.5571143031
-333.0 178.8 2346.6 -0.8550078273 -0.0947176963 -0.5098922849 0.0240069591 0.9748981595 -0.2213531286 0.5180591345 -0.2014996260 -0.8312717080
64.0 210.8 2542.6 0.2942026258 0.4494366646 0.8434758782 -0.5861120820 0.7819444537 -0.2122156769 -0.7549287677 -0.4319369495 0.4934703708
126.6 86.0 2381.9 -0.7675841451 0.4494366646 0.4569696188 0.0906928405 0.7819444537 -0.6167151928 -0.6344993114 -0.4319369495 -0.6409688592
-189.3 -160.3 2537.3 0.9355018139 -0.0358525887 0.3514981270 0.0446065217 0.9988627434 -0.0168355536 -0.3504948020 0.0314287990 0.9360371828
-175.4 -548.0 2525.1 0.9371999502 0.0078058853 0.3487052917 -0.0244198069 0.9987647533 0.0432743616 -0.3479367495 -0.0490720458 0.9362328649
-10.7 -172.4 2544.6 0.9072144628 0.0383260548 0.4189188480 -0.0419435911 0.9991198182 -0.0005740636 -0.4185721278 -0.0170501620 0.9080234766
-25.6 -560.3 2551.2 0.9042462707 -0.0755565315 0.4202735424 0.0613364093 0.9969971776 0.0472702272 -0.4225831032 -0.0169658586 0.9061653614
-116.0 172.8 2215.1 0 0 0 0 0 0 0 0 0
-67.0 108.9 2221.8 0 0 0 0 0 0 0 0 0
-177.6 -833.2 2539.2 0 0 0 0 0 0 0 0 0
-5.5 -824.9 2555.7 0 0 0 0 0 0 0 0 0
-58.2 414.4 2533.0  0.9957466125 0.0646043196 -0.0656885654 -0.0641998723 0.9979029298 0.0082515990 0.0660839006 -0.0039993045 0.9978060722
-70.8 219.2 2533.8 0.9957466125 0.0646043196 -0.0656885654 -0.0641998723 0.9979029298 0.0082515990 0.0660839006 -0.0039993045 0.9978060722
-84.4 25.6 2536.0 0.9953930974 0.0703428835 -0.0651496351 -0.0694269687 0.9974551797 0.0162202921 0.0661248267 -0.0116224252 0.9977436662
-206.8 228.7 2524.7 0.5938180089 -0.1019122750 -0.7981190681 0.2208252549 0.9744983315 0.0398645587 0.7737030387 -0.1999171525 0.6011794209
-341.3 178.7 2349.5 -0.8614566922 -0.1019122750 -0.4975000322 0.0140505759 0.9744983315 -0.2239543647 0.5076366663 -0.1999171525 -0.8380561471
65.2 209.7 2542.8 0.3134962618 0.5365318656 0.7834881544 -0.6632937193 0.7141578197 -0.2236515284 -0.6795303822 -0.4495688677 0.5797640085
129.6 73.5 2403.2 -0.7368238568 0.5365318656 0.4113686681 0.1367567629 0.7141578197 -0.6864956021 -0.6621088982 -0.4495688677 -0.5995829105
-187.2 -161.7 2535.4 0.9414414763 -0.0309721045 0.3357508779 0.0430319570 0.9986660480 -0.0285368729 -0.3344191313 0.0413138121 0.9415184855
-175.2 -549.4 2519.4 0.9432947040 0.0146086067 0.3316348791 -0.0368588194 0.9974629879 0.0609018728 -0.3299038112 -0.0696720853 0.9414399862
-8.6 -173.5 2544.2 0.9141755700 0.0381721929 0.4035168886 -0.0443471223 0.9989983439 0.0059652929 -0.4028849900 -0.0233481377 0.9149527550
-23.4 -561.3 2553.2 0.9123458862 -0.0636072010 0.4044491649 0.0541708916 0.9979270101 0.0347454175 -0.4058207870 -0.0097904671 0.9139002562
-122.4 175.1 2220.5 0 0 0 0 0 0 0 0 0
-56.5 108.0 2236.0 0 0 0 0 0 0 0 0 0
-179.3 -829.8 2539.0 0 0 0 0 0 0 0 0 0
-6.7 -824.1 2555.8 0 0 0 0 0 0 0 0 0
-55.5 419.7 2566.0  0.9892389178 0.0674253032 -0.1298468709 -0.0773102492 0.9943565726 -0.0726510361 0.1242155731 0.0819077268 0.9888688326
-68.5 226.6 2550.1 0.9892389178 0.0674253032 -0.1298468709 -0.0773102492 0.9943565726 -0.0726510361 0.1242155731 0.0819077268 0.9888688326
-82.3 33.8 2538.7 0.9890591502 0.0730285794 -0.1281749457 -0.0798570141 0.9956030846 -0.0489630140 0.1240356714 0.0586629845 0.9905421734
-203.4 237.8 2533.2 0.6057837009 -0.1136679649 -0.7874678969 0.2452477068 0.9682261944 0.0489045531 0.7568881512 -0.2227502763 0.6144124269
-346.0 180.1 2355.1 -0.8628665805 -0.1136679649 -0.4924844205 0.0149300387 0.9682261944 -0.2496300936 0.5052112341 -0.2227502763 -0.8337529302
66.3 215.4 2566.9 0.2756986320 0.5953406096 0.7546918392 -0.6954621077 0.6655253172 -0.2709400952 -0.6635681987 -0.4501617849 0.5975212455
128.0 59.9 2418.5 -0.7130508423 0.5953406096 0.3703080714 0.1794111282 0.6655253172 -0.7244913578 -0.6777685285 -0.4501617849 -0.5813640952
-187.3 -161.8 2532.4 0.9614743590 -0.0314062573 0.2730947733 0.0382416062 0.9990735054 -0.0197409950 -0.2722217739 0.0294240415 0.9617845416
-175.1 -549.6 2520.9 0.9627710581 0.0106375394 0.2701086402 -0.0257754046 0.9982851148 0.0525585413 -0.2690863609 -0.0575640015 0.9613942504
-8.9 -174.3 2544.2 0.9370698929 0.0378969982 0.3470790088 -0.0408636071 0.9991639853 0.0012295280 -0.3467422426 -0.0153350541 0.9378350973
-23.7 -562.2 2550.2 0.9349364638 -0.0667730570 0.3484755158 0.0532929115 0.9974179268 0.0481386967 -0.3507900834 -0.0264353473 0.9360809326
-126.6 176.3 2226.6 0 0 0 0 0 0 0 0 0
-52.3 105.3 2247.2 0 0 0 0 0 0 0 0 0
-178.0 -823.6 2536.7 0 0 0 0 0 0 0 0 0
-5.7 -830.7 2557.3 0 0 0 0 0 0 0 0 0
-49.1 425.9 2560.2  0.9870744944 0.0836601481 -0.1366929710 -0.0914147869 0.9944822192 -0.0514632799 0.1316333115 0.0632938519 0.9892757535
-65.4 232.0 2547.9 0.9870744944 0.0836601481 -0.1366929710 -0.0914147869 0.9944822192 -0.0514632799 0.1316333115 0.0632938519 0.9892757535
-81.9 39.2 2537.8 0.9869822264 0.0863487571 -0.1356833130 -0.0924941152 0.9949235320 -0.0396484882 0.1315709203 0.0516822599 0.9899585843
-200.1 244.8 2529.9 0.6081298590 -0.1136012301 -0.7856671214 0.2775828242 0.9576600194 0.0763873681 0.7437243462 -0.2645411491 0.6139153838
-346.4 178.0 2350.9 -0.8807247877 -0.1136012301 -0.4598027766 0.0261590965 0.9576600194 -0.2867105901 0.4729054272 -0.2645411491 -0.8404632211
69.3 219.3 2565.8 0.2193859965 0.6796608567 0.6999506354 -0.7646683455 0.5653502941 -0.3092917204 -0.6059308052 -0.4673758447 0.6437450647
118.8 46.9 2429.2 -0.6717226505 0.6796608567 0.2947028875 0.2237107456 0.5653502941 -0.7939348221 -0.7062168121 -0.4673758447 -0.5318060517
