-49.0 406.1 2551.2 5 0.9367004633 0.1114061624 -0.3319351077 -0.1203987747 0.9927037954 -0.0065803938 0.3287801445 0.0461284369 0.9432792664
-70.7 212.6 2542.2 0.9367004633 0.1114061624 -0.3319351077 -0.1203987747 0.9927037954 -0.0065803938 0.3287801445 0.0461284369 0.9432792664
-91.5 19.7 2537.2 0.9378530383 0.1073217988 -0.3300208449 -0.1099308357 0.9938805103 0.0108056255 0.3291609585 0.0261453800 0.9439117908
-198.8 227.6 2497.2 0.4275538623 -0.3042310178 -0.8512585759 0.4923771918 0.8681026101 -0.0629490912 0.7581308484 -0.3922261894 0.5209570527
-299.6 111.6 2318.5 -0.8636755943 -0.3042310178 -0.4018805027 -0.0776598230 0.8681026101 -0.4902721941 0.4980295002 -0.3922261894 -0.7733855844
57.4 197.6 2587.2 0.2070385814 0.8159664273 0.5397534966 -0.7254542112 0.4982012510 -0.4748806655 -0.6563925743 -0.2932478189 0.6950931549
105.7 28.2 2433.9 -0.4534832835 0.8159664273 0.3585410714 0.2370044291 0.4982012510 -0.8340409994 -0.8591750860 -0.2932478189 -0.4193136096
-190.3 -168.2 2499.9 0.9979241490 -0.0016847858 0.0643782988 -0.0022028848 0.9981797338 0.0602692328 -0.0643626526 -0.0602859408 0.9961039424
-189.7 -555.6 2523.3 0.9975283146 -0.0281091239 0.0643979833 0.0253880266 0.9987657666 0.0426900499 -0.0655184761 -0.0409495942 0.9970107675
-23.3 -186.6 2562.1 0.9901555777 0.0089193080 0.1396868974 -0.0021448706 0.9988173246 -0.0485729426 -0.1399549246 0.0477951616 0.9890036583
-26.8 -574.3 2543.5 0.9876010418 -0.0715269968 0.1397427768 0.0618706867 0.9954643250 0.0722686276 -0.1442781091 -0.0627265945 0.9875470400
-82.4 131.1 2193.2 0 0 0 0 0 0 0 0 0
-8.1 87.7 2218.3 0 0 0 0 0 0 0 0 0
-182.1 -825.3 2534.4 0 0 0 0 0 0 0 0 0
-8.5 -829.0 2559.6 0 0 0 0 0 0 0 0 0
-51.9 408.1 2549.6 6 0.9412106872 0.1089795530 -0.3197590411 -0.1165976897 0.9931680560 -0.0047160098 0.3170605004 0.0417219251 0.9474871755
-73.2 214.2 2541.4 0.9412106872 0.1089795530 -0.3197590411 -0.1165976897 0.9931680560 -0.0047160098 0.3170605004 0.0417219251 0.9474871755
-93.2 21.2 2537.1 0.9424471855 0.1031979918 -0.3180305958 -0.1050149947 0.9944044352 0.0114751803 0.3174352646 0.0225832313 0.9480109811
-201.9 228.6 2498.1 0.3708280325 -0.3309812844 -0.8677199483 0.5029093623 0.8570533991 -0.1119897440 0.7807488441 -0.3948555589 0.4842730165
-288.9 110.7 2315.0 -0.8641079664 -0.3309812844 -0.3791685998 -0.1071406007 0.8570533991 -0.5039646626 0.4917705953 -0.3948555589 -0.7760481834
55.5 199.9 2584.8 0.0754637867 0.8749258518 0.4783408940 -0.6695004702 0.3999604285 -0.6259399056 -0.7389684319 -0.2730136514 0.6159457564
73.0 44.9 2413.8 -0.3701227605 0.8749258518 0.3122722208 0.1887577027 0.3999604285 -0.8968847394 -0.9096041322 -0.2730136514 -0.3131834567
-196.4 -163.3 2502.6 0.9969289303 -0.0148658874 0.0768880174 0.0108422795 0.9985628128 0.0524859577 -0.0775577575 -0.0514911264 0.9956573248
-190.6 -550.9 2522.6 0.9965796471 -0.0300261341 0.0769896656 0.0265698321 0.9986094832 0.0455311537 -0.0782497376 -0.0433298200 0.9959917068
-28.4 -183.0 2561.6 0.9883047938 -0.0003818145 0.1524911225 0.0062940596 0.9992468357 -0.0382902436 -0.1523616463 0.0388022177 0.9875628352
-28.2 -570.9 2546.5 0.9856789708 -0.0741024092 0.1514786482 0.0633772537 0.9952086806 0.0744509920 -0.1562698781 -0.0637844726 0.9856526852
-70.6 137.7 2190.8 0 0 0 0 0 0 0 0 0
-19.1 91.9 2187.4 0 0 0 0 0 0 0 0 0
-182.3 -825.6 2534.5 0 0 0 0 0 0 0 0 0
-8.3 -838.5 2563.7 0 0 0 0 0 0 0 0 0
-52.0 410.0 2556.8 7 0.9430478215 0.1093474329 -0.3141718507 -0.1239243448 0.9919312596 -0.0267415661 0.3087127507 0.0641521141 0.9489894509
-73.3 216.4 2544.3 0.9430478215 0.1093474329 -0.3141718507 -0.1239243448 0.9919312596 -0.0267415661 0.3087127507 0.0641521141 0.9489894509
-93.5 23.5 2536.6 0.9444228411 0.1040501073 -0.3118318319 -0.1111294925 0.9937935472 -0.0049671377 0.3093796372 0.0393447913 0.9501243234
-202.3 231.6 2502.0 0.2876823843 -0.4032188058 -0.8687078953 0.5204511285 0.8272521496 -0.2116234899 0.8039710522 -0.3912396431 0.4478415251
-268.4 112.1 2317.4 -0.8236141801 -0.4032188058 -0.3988412023 -0.1417281628 0.8272521496 -0.5436607003 0.5491564870 -0.3912396431 -0.7384840846
55.7 201.2 2586.5 0.0157596190 0.9222514033 0.3862692714 -0.6498414874 0.3030487299 -0.6970419288 -0.7599063516 -0.2400286794 0.6040931940
59.4 50.4 2410.2 -0.2998884320 0.9222514033 0.2439656258 0.1689917892 0.3030487299 -0.9378716350 -0.9388869405 -0.2400286794 -0.2467337400
-197.6 -162.4 2504.2 0.9962368608 -0.0245266166 0.0831294730 0.0204322021 0.9985526204 0.0497513451 -0.0842293873 -0.0478656068 0.9952960610
-188.1 -550.0 2522.8 0.9963990450 -0.0166982505 0.0831274316 0.0125788618 0.9986782670 0.0498345159 -0.0838497058 -0.0486094132 0.9952920675
-28.8 -181.2 2561.1 0.9872900844 0.0010335055 0.1589251608 0.0033824809 0.9996157289 -0.0275135692 -0.1588925123 0.0277014356 0.9869071841
-29.2 -569.2 2550.4 0.9838371277 -0.0832930952 0.1585142612 0.0760588497 0.9957889318 0.0511804111 -0.1621097177 -0.0382967778 0.9860293269
-61.8 147.6 2179.6 0 0 0 0 0 0 0 0 0
-15.3 92.5 2176.5 0 0 0 0 0 0 0 0 0
-183.5 -829.1 2536.4 0 0 0 0 0 0 0 0 0
-7.1 -833.0 2560.5 0 0 0 0 0 0 0 0 0
-55.2 410.0 2551.9 8 0.9458712935 0.1068114638 -0.3064617813 -0.1172036901 0.9929845333 -0.0156544056 0.3026397228 0.0507255048 0.9517542124
-75.9 217.2 2542.0 0.9458712935 0.1068114638 -0.3064617813 -0.1172036901 0.9929845333 -0.0156544056 0.3026397228 0.0507255048 0.9517542124
-95.7 24.3 2536.0 0.9469769001 0.1021029353 -0.3046469092 -0.1066866666 0.9942913651 0.0016092783 0.3030720949 0.0309778135 0.9524639845
-205.3 231.8 2500.6 0.2483223528 -0.4211521745 -0.8723341227 0.5274975300 0.8140988946 -0.2428772449 0.8124545217 -0.3998422325 0.4243156910
-259.7 116.3 2322.8 -0.8043569922 -0.4211521745 -0.4190950692 -0.1315408349 0.8140988946 -0.5656323433 0.5794021487 -0.3998422325 -0.7102248669
53.4 202.7 2583.4 0.0450896285 0.9058727026 0.4211432040 -0.6568873525 0.3445002139 -0.6706851721 -0.7526392937 -0.2464026958 0.6105896831
63.8 51.2 2409.9 -0.3152467608 0.9058727026 0.2828677595 0.1598750204 0.3445002139 -0.9250727296 -0.9354461432 -0.2464026958 -0.2534289956
-198.3 -159.4 2501.3 0.9955965281 -0.0250056814 0.0903449655 0.0192325693 0.9977506995 0.0642155930 -0.0917475075 -0.0621952601 0.9938380718
-188.6 -546.7 2525.4 0.9956864119 -0.0182950441 0.0909605175 0.0148478365 0.9991509318 0.0384311974 -0.0915863886 -0.0369148552 0.9951126575
-29.1 -179.3 2556.7 0.9860562682 -0.0026513264 0.1663911939 0.0030063819 0.9999936819 -0.0018820229 -0.1663851589 0.0023560158 0.9860579967
-28.1 -567.4 2555.8 0.9828131199 -0.0802685395 0.1662389487 0.0766924322 0.9966663122 0.0278311782 -0.1679187268 -0.0146035766 0.9856926799
-56.8 149.5 2176.7 0 0 0 0 0 0 0 0 0
-15.4 91.4 2174.8 0 0 0 0 0 0 0 0 0
-183.5 -828.5 2535.8 0 0 0 0 0 0 0 0 0
-7.0 -828.9 2559.6 0 0 0 0 0 0 0 0 0
-53.9 411.8 2539.9 9 0.9462271929 0.1174085215 -0.3014453351 -0.1167487055 0.9929546118 0.0202707518 0.3017015159 0.0160126183 0.9532679319
-76.6 219.5 2536.8 0.9462271929 0.1174085215 -0.3014453351 -0.1167487055 0.9929546118 0.0202707518 0.3017015159 0.0160126183 0.9532679319
-98.4 26.7 2536.2 0.9472278357 0.1123831272 -0.3002156317 -0.1080979034 0.9936598539 0.0309019573 0.3017850816 0.0031814871 0.9533706903
-206.1 234.3 2495.6 0.2264072150 -0.4548848867 -0.8612894416 0.5531122088 0.7878929377 -0.2707242966 0.8017522693 -0.4150957763 0.4299870133
-251.9 122.3 2333.2 -0.7636669278 -0.4548848867 -0.4581403732 -0.1053192019 0.7878929377 -0.6067393422 0.6369621158 -0.4150957763 -0.6495958567
52.8 204.8 2578.1 0.0065194094 0.9268982410 0.3752560616 -0.6560274959 0.2871855199 -0.6979629993 -0.7547088265 -0.2416279912 0.6099430323
54.3 50.4 2400.4 -0.2955608070 0.9268982410 0.2313080728 0.1617592424 0.2871855199 -0.9441177845 -0.9415295124 -0.2416279912 -0.2348151356
-200.4 -159.2 2502.9 0.9949125051 -0.0297416188 0.0962527841 0.0239591449 0.9978694320 0.0606839769 -0.0978525504 -0.0580691099 0.9935053587
-188.8 -546.5 2525.4 0.9950456023 -0.0224710088 0.0968466923 0.0186623093 0.9990231991 0.0400551558 -0.0976521745 -0.0380493253 0.9944930077
-30.7 -178.3 2557.1 0.9851633310 -0.0145305172 0.1710032970 0.0152026182 0.9998809695 -0.0026214328 -0.1709448546 0.0051822374 0.9852669835
-25.1 -566.4 2555.1 0.9828699231 -0.0700882524 0.1704534143 0.0660521835 0.9973875880 0.0292422883 -0.1720576733 -0.0174825452 0.9849317074
-59.2 148.9 2172.5 0 0 0 0 0 0 0 0 0
-20.3 91.2 2162.7 0 0 0 0 0 0 0 0 0
-182.5 -829.5 2536.2 0 0 0 0 0 0 0 0 0
-6.5 -831.0 2559.8 0 0 0 0 0 0 0 0 0
-54.1 410.3 2534.4 0 0.9455723166 0.1197577342 -0.3025740683 -0.1143840551 0.9928025603 0.0354868099 0.3046461344 0.0010543023 0.9524649978
-77.2 218.6 2534.2 0.9455723166 0.1197577342 -0.3025740683 -0.1143840551 0.9928025603 0.0354868099 0.3046461344 0.0010543023 0.9524649978
-99.8 25.9 2536.2 0.9463418722 0.1164933816 -0.3014404476 -0.1079151779 0.9931403995 0.0450159460 0.3046167493 -0.0100704739 0.9524217844
-206.5 233.4 2492.6 0.1293452829 -0.5133481622 -0.8483769298 0.5483800769 0.7498568296 -0.3701270521 0.8261652589 -0.4173588157 0.3785003722
-232.5 123.2 2326.7 -0.7332725525 -0.5133481622 -0.4458531141 -0.1306000203 0.7498568296 -0.6485818028 0.6672742963 -0.4173588157 -0.6168926954
52.1 203.9 2575.9 -0.0199732985 0.9424350262 0.3337923288 -0.6574404836 0.2391463518 -0.7145494819 -0.7532417178 -0.2337205112 0.6148183942
47.4 49.0 2398.4 -0.2773708105 0.9424350262 0.1867664307 0.1686933339 0.2391463518 -0.9562173486 -0.9458371997 -0.2337205112 -0.2253147215
-205.1 -156.4 2508.6 0.9941435456 -0.0496983416 0.0959617943 0.0449924804 0.9977052212 0.0505962819 -0.0982561335 -0.0459824093 0.9940982461
-185.8 -543.6 2526.4 0.9952366352 -0.0114391809 0.0968149677 0.0082607633 0.9994156957 0.0331672095 -0.0971378013 -0.0322094597 0.9947496057
-35.4 -175.7 2562.6 0.9849133492 -0.0315635875 0.1701454967 0.0348726474 0.9992556572 -0.0164943598 -0.1694982350 0.0221789386 0.9852808714
-23.1 -563.5 2554.0 0.9842208028 -0.0547660328 0.1682559699 0.0493969433 0.9981325865 0.0359348953 -0.1699097753 -0.0270565413 0.9850881100
-47.1 156.2 2158.1 0 0 0 0 0 0 0 0 0
-22.8 91.7 2159.0 0 0 0 0 0 0 0 0 0
-182.5 -829.8 2535.6 0 0 0 0 0 0 0 0 0
-8.2 -836.3 2561.4 0 0 0 0 0 0 0 0 0
-52.5 406.7 2533.7 1 0.9439514875 0.1216235384 -0.3068603277 -0.1169999391 0.9925670624 0.0334916115 0.3086528182 0.0042881817 0.9511650801
-76.0 215.3 2532.9 0.9439514875 0.1216235384 -0.3068603277 -0.1169999391 0.9925670624 0.0334916115 0.3086528182 0.0042881817 0.9511650801
-99.1 22.6 2534.9 0.9447941780 0.1190625280 -0.3052672446 -0.1100489050 0.9928315878 0.0466328301 0.3086311817 -0.0104641030 0.9511242509
-205.1 230.3 2490.7 0.0447268710 -0.5230610371 -0.8511208296 0.5081664324 0.7454259396 -0.4314012527 0.8600966930 -0.4132158160 0.2991426587
-214.1 128.2 2317.9 -0.7125411034 -0.5230610371 -0.4676454961 -0.1164410189 0.7454259396 -0.6563395858 0.6919007897 -0.4132158160 -0.5920523405
53.1 200.2 2575.0 -0.0451665483 0.9555504918 0.2913473845 -0.6615827084 0.1899108589 -0.7254254818 -0.7485107183 -0.2255153507 0.6235980392
42.7 48.2 2403.1 -0.2580151260 0.9555504918 0.1426587254 0.1685407460 0.1899108589 -0.9672269225 -0.9513265491 -0.2255153507 -0.2100490481
-207.2 -157.2 2510.9 0.9936624169 -0.0643796027 0.0921427161 0.0601298884 0.9970271587 0.0481796004 -0.0949705765 -0.0423337258 0.9945795536
-182.2 -544.2 2527.3 0.9956002235 0.0000653103 0.0937029719 -0.0022836835 0.9997196198 0.0235674884 -0.0936751589 -0.0236777849 0.9953212142
-37.6 -176.5 2565.4 0.9853853583 -0.0358252637 0.1665299386 0.0416681096 0.9986277223 -0.0317242816 -0.1651648879 0.0381996296 0.9855259061
-23.7 -564.1 2550.6 0.9846280813 -0.0614825487 0.1634852886 0.0554945655 0.9976189137 0.0409495234 -0.1656136960 -0.0312475059 0.9856955409
-33.7 157.7 2142.7 0 0 0 0 0 0 0 0 0
-22.7 90.9 2162.0 0 0 0 0 0 0 0 0 0
-182.3 -828.8 2534.0 0 0 0 0 0 0 0 0 0
-7.3 -830.2 2559.0 0 0 0 0 0 0 0 0 0
-54.5 409.6 2538.8 2 0.9353523254 0.1116449982 -0.3356359005 -0.1120803654 0.9935335517 0.0181399621 0.3354907632 0.0206509382 0.9418171048
-76.0 218.2 2534.9 0.9353523254 0.1116449982 -0.3356359005 -0.1120803654 0.9935335517 0.0181399621 0.3354907632 0.0206509382 0.9418171048
-97.3 25.2 2534.7 0.9362863898 0.1097692177 -0.3336443603 -0.1036959961 0.9939567447 0.0360165164 0.3355815709 0.0008758120 0.9420107603
-203.9 232.3 2489.0 -0.0351032987 -0.5065727830 -0.8614823222 0.4696992934 0.7525128126 -0.4616351128 0.8821282983 -0.4208425581 0.2115211934
-196.6 135.0 2306.2 -0.6751779914 -0.5065727830 -0.5362076759 -0.0426704586 0.7525128126 -0.6571937799 0.7364196181 -0.4208425581 -0.5296958089
51.8 204.0 2580.7 -0.0696612746 0.9683672190 0.2396084219 -0.6616028547 0.1349189579 -0.7376167774 -0.7466116548 -0.2099089324 0.6312758923
35.6 49.7 2406.6 -0.2281931639 0.9683672190 0.1009592488 0.1384638846 0.1349189579 -0.9811343551 -0.9637196660 -0.2099089324 -0.1648714691
-206.9 -160.3 2509.3 0.9958922863 -0.0658220053 0.0621768869 0.0632564798 0.9970975518 0.0423681661 -0.0647851825 -0.0382610410 0.9971654415
-181.3 -547.3 2524.1 0.9980248809 0.0050721387 0.0626152009 -0.0073189931 0.9993355274 0.0357064903 -0.0623924844 -0.0360942446 0.9973987937
-37.6 -180.0 2564.6 0.9897890091 -0.0383519344 0.1372839957 0.0427555777 0.9986566305 -0.0292720459 -0.1359769404 0.0348428041 0.9900991321
-22.7 -567.6 2551.1 0.9893768430 -0.0559535064 0.1341739595 0.0506600402 0.9978091717 0.0425495878 -0.1362607926 -0.0353003219 0.9900438786
-26.2 145.8 2120.3 0 0 0 0 0 0 0 0 0
-22.2 84.8 2162.4 0 0 0 0 0 0 0 0 0
-182.7 -830.2 2534.4 0 0 0 0 0 0 0 0 0
-7.9 -831.9 2560.4 0 0 0 0 0 0 0 0 0
-54.5 408.4 2533.4 3 0.9408767223 0.1134245098 -0.3191957176 -0.1106825098 0.9934949279 0.0267800707 0.3201568425 0.0101326397 0.9473103881
-76.3 217.9 2531.5 0.9408767223 0.1134245098 -0.3191957176 -0.1106825098 0.9934949279 0.0267800707 0.3201568425 0.0101326397 0.9473103881
-97.7 25.0 2532.5 0.9417400956 0.1105225533 -0.3176638782 -0.1030205414 0.9938595295 0.0403738506 0.3201754987 -0.0052957693 0.9473434687
-204.9 232.0 2487.7 -0.0784658268 -0.4583698511 -0.8852910399 0.4416165054 0.7801632285 -0.4430803955 0.8937661648 -0.4257258177 0.1412075460
-188.4 139.4 2300.2 -0.6764376760 -0.4583698511 -0.5764799714 0.0044639450 0.7801632285 -0.6255601048 0.7364863157 -0.4257258177 -0.5256856680
52.4 203.8 2575.2 -0.0947789550 0.9705547690 0.2214505672 -0.6740967631 0.1011201814 -0.7316886187 -0.7325370312 -0.2186277956 0.6446638107
31.3 53.9 2412.2 -0.2289720923 0.9705547690 0.0748009831 0.1054463983 0.1011201814 -0.9892703295 -0.9677049518 -0.2186277956 -0.1254952103
-202.4 -158.4 2504.5 0.9959409833 -0.0434037000 0.0788522214 0.0395323150 0.9979659319 0.0500120334 -0.0808625370 -0.0466918238 0.9956310391
-185.6 -545.7 2522.6 0.9967757463 -0.0121119358 0.0793180540 0.0090226084 0.9991909862 0.0391918235 -0.0797285736 -0.0383498035 0.9960786104
-34.7 -177.0 2564.6 0.9874022007 -0.0362670198 0.1540182233 0.0408499651 0.9988086224 -0.0266951192 -0.1528665721 0.0326504558 0.9877073169
-20.6 -564.7 2552.0 0.9875686169 -0.0418667346 0.1515105069 0.0370510928 0.9987186790 0.0344701894 -0.1527595371 -0.0284280460 0.9878544211
-17.4 138.2 2114.0 0 0 0 0 0 0 0 0 0
-26.8 80.6 2166.9 0 0 0 0 0 0 0 0 0
-182.2 -827.8 2533.5 0 0 0 0 0 0 0 0 0
-9.6 -829.0 2559.5 0 0 0 0 0 0 0 0 0
-52.8 405.4 2539.2 4 0.9347012043 0.1131555736 -0.3369413614 -0.1166461408 0.9931238294 0.0099370750 0.3357489407 0.0300147124 0.9414731860
-74.4 216.0 2533.5 0.9347012043 0.1131555736 -0.3369413614 -0.1166461408 0.9931238294 0.0099370750 0.3357489407 0.0300147124 0.9414731860
-96.0 23.1 2532.1 0.9357455373 0.1115524098 -0.3345688581 -0.1074120030 0.9937338233 0.0309147090 0.3359209895 0.0070084087 0.9418640733
-202.2 230.6 2487.6 -0.0367363170 -0.4127445519 -0.9101057053 0.4389593899 0.8114917874 -0.3857404590 0.8977555633 -0.4136701226 0.1513668746
-195.0 144.4 2311.2 -0.6671497822 -0.4127445519 -0.6201234460 0.0398631990 0.8114917874 -0.5830025673 0.7438562512 -0.4136701226 -0.5249332786
53.4 201.3 2579.3 -0.0906433612 0.9577680230 0.2728812993 -0.6200275421 0.1601515561 -0.7680608034 -0.7793264389 -0.2388135195 0.5793258548
32.8 60.3 2402.2 -0.2515723109 0.9577680230 0.1392543763 0.0644935891 0.1601515561 -0.9849832654 -0.9656872749 -0.2388135195 -0.1020595953
-203.5 -158.6 2504.9 0.9971654415 -0.0446324609 0.0605720542 0.0416202210 0.9978759885 0.0501124449 -0.0626800433 -0.0474493764 0.9969050884
-186.1 -546.0 2523.3 0.9980869293 -0.0121105341 0.0606280863 0.0091508655 0.9987637997 0.0488585904 -0.0611448400 -0.0482103229 0.9969639182
-34.8 -177.1 2562.2 0.9902134538 -0.0312557481 0.1360162497 0.0356775373 0.9989071488 -0.0301933456 -0.1349238902 0.0347505808 0.9902464151
-22.6 -564.9 2548.7 0.9891965389 -0.0605398305 0.1335108131 0.0557393022 0.9976673126 0.0394086689 -0.1355851740 -0.0315411203 0.9902635217
-29.8 134.5 2127.0 0 0 0 0 0 0 0 0 0
-31.0 76.7 2157.5 0 0 0 0 0 0 0 0 0
-182.7 -831.1 2537.0 0 0 0 0 0 0 0 0 0
-6.9 -824.3 2556.9 0 0 0 0 0 0 0 0 0
-47.8 404.4 2551.1 5 0.9186344743 0.1170554012 -0.3773708940 -0.1289828569 0.9916262031 -0.0063939453 0.3734624088 0.0545480698 0.9260401130
-70.2 215.0 2540.7 0.9186344743 0.1170554012 -0.3773708940 -0.1289828569 0.9916262031 -0.0063939453 0.3734624088 0.0545480698 0.9260401130
-93.1 22.4 2535.7 0.9197762012 0.1185045689 -0.3741235435 -0.1193653122 0.9926291108 0.0209602397 0.3738498092 0.0253786445 0.9271419644
-195.7 231.4 2489.7 0.0660766438 -0.2659696043 -0.9617141485 0.3960002661 0.8916575313 -0.2193868607 0.9158698916 -0.3663427234 0.1642417759
-208.4 155.5 2314.2 -0.6954700351 -0.2659696043 -0.6675189734 0.0856674537 0.8916575313 -0.4445310831 0.7134301066 -0.3663427234 -0.5973361731
55.4 198.7 2591.7 -0.1465480328 0.9786040783 0.1444219053 -0.5454927683 0.0418457128 -0.8370702267 -0.8252037764 -0.2014521062 0.5276890993
20.0 67.0 2392.4 -0.2032149285 0.9786040783 0.0322134048 0.0432813168 0.0418457128 -0.9981861711 -0.9781770706 -0.2014521062 -0.0508589447
-201.5 -160.2 2500.7 0.9990649223 -0.0391952991 0.0182472039 0.0384085141 0.9983942509 0.0416372605 -0.0198498890 -0.0408974774 0.9989661574
-186.2 -547.8 2516.5 0.9997904301 -0.0109792277 0.0172775965 0.0098132137 0.9977592826 0.0661821738 -0.0179655105 -0.0659987554 0.9976579547
-33.8 -179.5 2560.8 0.9952024221 -0.0291846991 0.0933828503 0.0330280401 0.9986584783 -0.0398792475 -0.0920937136 0.0427721776 0.9948312640
-22.5 -567.2 2544.2 0.9939270616 -0.0626874343 0.0904396400 0.0584753789 0.9971101880 0.0484966710 -0.0932184160 -0.0429136604 0.9947204590
-37.6 134.5 2139.0 0 0 0 0 0 0 0 0 0
-31.0 77.8 2146.8 0 0 0 0 0 0 0 0 0
-183.1 -829.6 2535.2 0 0 0 0 0 0 0 0 0
-6.3 -825.6 2555.4 0 0 0 0 0 0 0 0 0
-46.5 403.1 2548.5 6 0.9273058772 0.1181004643 -0.3551846147 -0.1282315850 0.9917315245 -0.0050282259 0.3516539335 0.0502085872 0.9347826838
-69.1 213.8 2538.9 0.9273058772 0.1181004643 -0.3551846147 -0.1282315850 0.9917315245 -0.0050282259 0.3516539335 0.0502085872 0.9347826838
-92.2 21.1 2534.7 0.9283743501 0.1193586886 -0.3519582450 -0.1193028688 0.9926156402 0.0219332278 0.3519771695 0.0216273814 0.9357587099
-195.8 230.1 2490.9 0.1578034908 -0.1108395457 -0.9812301993 0.3305906057 0.9422695637 -0.0532722883 0.9304879904 -0.3159789145 0.1853359342
-226.3 166.3 2311.4 -0.7240144610 -0.1108395457 -0.6808213592 0.1412438303 0.9422695637 -0.3036087155 0.6751690507 -0.3159789145 -0.6665613651
57.7 197.5 2587.0 -0.1949378997 0.9777362347 0.0776600167 -0.5266591907 -0.0375493020 -0.8492467999 -0.8274232745 -0.2064507455 0.5222535729
12.3 75.0 2394.5 -0.2062961012 0.9777362347 -0.0383898616 0.0079897316 -0.0375493020 -0.9992628098 -0.9784569740 -0.2064507455 -0.0000655752
-198.3 -159.6 2497.3 0.9987812638 -0.0260061659 0.0419490710 0.0241320617 0.9987143278 0.0445797518 -0.0430544876 -0.0435131006 0.9981247187
-188.2 -547.2 2514.2 0.9990140796 -0.0166961290 0.0411349274 0.0135727515 0.9970856905 0.0750724599 -0.0422684662 -0.0744401366 0.9963293076
-33.7 -181.0 2564.2 0.9927692413 -0.0248981100 0.1174279526 0.0315178186 0.9979966879 -0.0548565090 -0.1158268824 0.0581609271 0.9915651679
-24.0 -568.4 2541.6 0.9914374948 -0.0642257035 0.1136956736 0.0573658459 0.9963877201 0.0626149774 -0.1173064634 -0.0555565879 0.9915405512
-47.8 131.5 2144.9 0 0 0 0 0 0 0 0 0
-39.0 77.0 2151.1 0 0 0 0 0 0 0 0 0
-183.5 -828.3 2535.2 0 0 0 0 0 0 0 0 0
-7.3 -828.1 2556.1 0 0 0 0 0 0 0 0 0
-42.0 402.0 2538.2 7 0.9381681085 0.1357273757 -0.3184629977 -0.1369695365 0.9904006124 0.0186019205 0.3179307282 0.0261679981 0.9477527738
-67.8 213.8 2533.3 0.9381681085 0.1357273757 -0.3184629977 -0.1369695365 0.9904006124 0.0186019205 0.3179307282 0.0261679981 0.9477527738
-93.7 21.4 2532.4 0.9393541813 0.1336947083 -0.3158155084 -0.1282467693 0.9910112619 0.0380723253 0.3180667758 0.0047389180 0.9480564594
-196.0 231.3 2489.9 0.2094006538 -0.0168856140 -0.9776841402 0.2878105938 0.9566237926 0.0451214723 0.9345139861 -0.2908363342 0.2051775008
-236.9 175.2 2307.5 -0.7455143929 -0.0168856140 -0.6662755609 0.1817865372 0.9566237926 -0.2276500463 0.6412190795 -0.2908363342 -0.7101072669
60.4 196.2 2576.7 -0.2406128794 0.9706109166 0.0044544400 -0.5403873920 -0.1301461011 -0.8312902451 -0.8062796593 -0.2024262697 0.5558207631
7.0 76.4 2398.0 -0.2061157376 0.9706109166 -0.1242203936 -0.0153903645 -0.1301461011 -0.9913753867 -0.9784066081 -0.2024262697 0.0417632163
-198.4 -160.8 2499.0 0.9966293573 -0.0151410419 0.0806271061 0.0116377138 0.9989749193 0.0437450260 -0.0812067986 -0.0426592603 0.9957839251
-192.5 -548.6 2515.6 0.9961785078 -0.0344678387 0.0802516267 0.0291054826 0.9973245859 0.0670561716 -0.0823482051 -0.0644641519 0.9945165515
-32.2 -182.2 2562.0 0.9878327847 -0.0194175374 0.1543027163 0.0271326024 0.9984762669 -0.0480518080 -0.1531345546 0.0516537875 0.9868544340
-24.6 -569.8 2542.0 0.9871549606 -0.0523249060 0.1509540975 0.0421940610 0.9966855049 0.0695535615 -0.1540931463 -0.0622907765 0.9860908389
-52.5 130.2 2149.0 0 0 0 0 0 0 0 0 0
-43.9 72.6 2156.2 0 0 0 0 0 0 0 0 0
-183.0 -824.3 2533.4 0 0 0 0 0 0 0 0 0
-11.0 -829.0 2558.2 0 0 0 0 0 0 0 0 0
-40.6 397.5 2533.6 8 0.9418523908 0.1463084072 -0.3025027215 -0.1448761374 0.9890731573 0.0272982065 0.3031912744 0.0181145426 0.9527575374
-68.5 209.4 2530.2 0.9418523908 0.1463084072 -0.3025027215 -0.1448761374 0.9890731573 0.0272982065 0.3031912744 0.0181145426 0.9527575374
-97.0 17.4 2530.6 0.9426151514 0.1472893804 -0.2996372879 -0.1397369653 0.9890912771 0.0466045551 0.3032329679 -0.0020597558 0.9529142380
-197.2 228.5 2488.8 0.2515071332 0.0699149296 -0.9653269053 0.2332915366 0.9636005759 0.1305718869 0.9393184781 -0.2580423653 0.2260418683
-246.4 182.8 2304.9 -0.7702353001 0.0699149296 -0.6339159608 0.2165263742 0.9636005759 -0.1568128914 0.5998782516 -0.2580423653 -0.7573376298
60.2 190.2 2571.6 -0.2473282516 0.9687714577 0.0176233482 -0.5483545065 -0.1249536723 -0.8268578649 -0.7988342047 -0.2141691446 0.5621347427
8.4 75.4 2404.3 -0.2185286283 0.9687714577 -0.1171626374 -0.0221302435 -0.1249536723 -0.9919157624 -0.9755795598 -0.2141691446 0.0487451032
-203.6 -159.4 2503.1 0.9947825670 -0.0291258637 0.0977718383 0.0258509517 0.9990669489 0.0345969982 -0.0986882821 -0.0318889990 0.9946073294
-192.3 -547.2 2515.4 0.9948413968 -0.0311835799 0.0965305269 0.0240230169 0.9969336987 0.0744724944 -0.0985568464 -0.0717693642 0.9925400019
-35.5 -182.4 2560.0 0.9853594303 -0.0146439737 0.1698598713 0.0231915358 0.9985564947 -0.0484467782 -0.1689052284 0.0516767986 0.9842766523
-29.8 -570.1 2539.9 0.9831033945 -0.0768036768 0.1661594659 0.0622249246 0.9938829541 0.0912396908 -0.1721505970 -0.0793587863 0.9818688035
-54.9 129.0 2155.8 0 0 0 0 0 0 0 0 0
-45.3 70.0 2164.4 0 0 0 0 0 0 0 0 0
-183.4 -830.5 2535.8 0 0 0 0 0 0 0 0 0
-9.5 -832.1 2560.8 0 0 0 0 0 0 0 0 0
-37.3 399.3 2538.3 9 0.9250841737 0.1569719911 -0.3458020091 -0.1595755666 0.9869596958 0.0211224835 0.3446082771 0.0356414728 0.9380697012
-67.2 211.1 2531.5 0.9250841737 0.1569719911 -0.3458020091 -0.1595755666 0.9869596958 0.0211224835 0.3446082771 0.0356414728 0.9380697012
-97.4 19.4 2529.6 0.9266667962 0.1559368819 -0.3420122266 -0.1495883316 0.9877220392 0.0450386479 0.3448362052 0.0094252173 0.9386155605
-193.7 231.5 2484.4 0.3349623978 0.0681795999 -0.9397615194 0.2393722832 0.9584985971 0.1548592448 0.9113183618 -0.2768248916 0.3047406673
-259.3 184.6 2305.9 -0.8011019826 0.0681795999 -0.5946319103 0.2179742157 0.9584985971 -0.1837599576 0.5574251413 -0.2768248916 -0.7827165127
59.2 190.6 2578.5 -0.2335485667 0.9689869881 0.0807422698 -0.5558720231 -0.0649231523 -0.8287286758 -0.7977852821 -0.2384307832 0.5537954569
10.7 75.2 2413.0 -0.2409303337 0.9689869881 -0.0549256243 -0.0337495692 -0.0649231523 -0.9973194003 -0.9699554443 -0.2384307832 0.0483448505
-209.9 -162.0 2503.9 0.9976513386 -0.0435295366 0.0528860353 0.0418551154 0.9985992908 0.0323668011 -0.0542208701 -0.0300772320 0.9980759025
-193.0 -549.6 2515.6 0.9980304241 -0.0360759795 0.0513204522 0.0325740054 0.9971867204 0.0675099269 -0.0536115617 -0.0657052472 0.9963977933
-41.1 -187.1 2558.2 0.9917241335 -0.0310630221 0.1245725751 0.0370892398 0.9982364178 -0.0463509113 -0.1229130849 0.0505876169 0.9911272526
-29.1 -574.6 2538.6 0.9896963835 -0.0794390813 0.1191240400 0.0687603951 0.9934535623 0.0912253037 -0.1255910546 -0.0820943341 0.9886796474
-57.5 129.7 2165.6 0 0 0 0 0 0 0 0 0
-48.0 67.0 2176.8 0 0 0 0 0 0 0 0 0
-183.0 -827.0 2533.8 0 0 0 0 0 0 0 0 0
-8.3 -834.2 2560.0 0 0 0 0 0 0 0 0 0
-37.2 396.3 2543.1 0 0.9142475724 0.1592218429 -0.3725583553 -0.1669223458 0.9859003425 0.0117257135 0.3691723943 0.0514681078 0.9279347062
-67.5 208.4 2533.3 0.9142475724 0.1592218429 -0.3725583553 -0.1669223458 0.9859003425 0.0117257135 0.3691723943 0.0514681078 0.9279347062
-98.4 16.8 2528.9 0.9159117937 0.1595473886 -0.3683071733 -0.1566227078 0.9869258404 0.0380357578 0.3695603907 0.0228478704 0.9289257526
-192.5 229.8 2482.9 0.3842148781 0.0803837702 -0.9197376370 0.2270249426 0.9573885798 0.1785127074 0.8948958516 -0.2773906291 0.3495938182
-267.5 185.5 2308.3 -0.8263536692 0.0803837702 -0.5573849678 0.2196274400 0.9573885798 -0.1875390559 0.5185589194 -0.2773906291 -0.8087960482
57.5 187.0 2583.8 -0.2009243518 0.9649997354 0.1685374677 -0.5774200559 0.0223137848 -0.8161422610 -0.7913377881 -0.2612997591 0.5527268052
16.0 67.9 2420.6 -0.2615428567 0.9649997354 0.0192563683 0.0087249782 0.0223137848 -0.9997129440 -0.9651524425 -0.2612997591 -0.0142556131
-210.5 -158.9 2496.9 0.9989507198 -0.0391474515 0.0237687696 0.0380022228 0.9981783628 0.0468594432 -0.0255598985 -0.0459070057 0.9986186624
-195.3 -546.4 2514.8 0.9988569617 -0.0420405492 0.0227465834 0.0402873568 0.9965395331 0.0727038980 -0.0257243831 -0.0717043951 0.9970941544
-44.7 -185.8 2558.7 0.9946715236 -0.0369719379 0.0962375849 0.0424920805 0.9975286126 -0.0559562668 -0.0939309299 0.0597474389 0.9937843084
-30.4 -573.0 2535.5 0.9931638241 -0.0758533329 0.0887237862 0.0658021867 0.9916182756 0.1111900806 -0.0964142680 -0.1045917422 0.9898307323
-59.0 130.1 2177.5 0 0 0 0 0 0 0 0 0
-47.6 70.1 2186.0 0 0 0 0 0 0 0 0 0
-183.4 -830.3 2535.2 0 0 0 0 0 0 0 0 0
-10.1 -837.7 2563.4 0 0 0 0 0 0 0 0 0
-35.9 392.7 2548.0 1 0.8971026540 0.1705621332 -0.4075725973 -0.1832911372 0.9830266237 0.0079400539 0.4020089805 0.0675814003 0.9131382704
-68.5 204.9 2535.1 0.8971026540 0.1705621332 -0.4075725973 -0.1832911372 0.9830266237 0.0079400539 0.4020089805 0.0675814003 0.9131382704
-101.4 13.7 2527.5 0.8992218375 0.1697178930 -0.4032318890 -0.1710365117 0.9847105145 0.0330410898 0.4026743472 0.0392561071 0.9145011306
-191.2 228.2 2480.2 0.4307577908 0.0141306855 -0.9023569226 0.2772660851 0.9494460821 0.1472264826 0.8588196635 -0.3136119246 0.4050633311
-275.8 173.8 2311.6 -0.8590012789 0.0141306855 -0.5117784142 0.1720588058 0.9494460821 -0.2625792921 0.4821955860 -0.3136119246 -0.8180066943
54.2 181.5 2590.1 -0.2321735620 0.9696330428 0.0768583342 -0.5922806859 -0.0782538131 -0.8019226193 -0.7715561986 -0.2317069322 0.5924634337
6.6 60.0 2431.8 -0.2300079018 0.9696330428 -0.0831151679 0.0301937331 -0.0782538131 -0.9964761138 -0.9727202654 -0.2317069322 -0.0112778451
-211.3 -160.7 2491.3 0.9992811084 -0.0351222754 -0.0142708272 0.0357188545 0.9983947277 0.0439553522 0.0127041070 -0.0444334932 0.9989315867
-197.7 -548.2 2508.6 0.9988524914 -0.0451721437 -0.0159116387 0.0464370325 0.9947676063 0.0910001099 0.0117177134 -0.0916345716 0.9957237840
-47.4 -188.8 2557.5 0.9978378415 -0.0327275954 0.0569964722 0.0358237587 0.9978886247 -0.0541753881 -0.0551030971 0.0561000817 0.9969034195
-34.7 -576.2 2535.7 0.9939213395 -0.0973470509 0.0514189079 0.0920632631 0.9910472631 0.0966936275 -0.0603714101 -0.0913720652 0.9939851165
-60.3 130.6 2190.6 0 0 0 0 0 0 0 0 0
-49.4 67.3 2195.3 0 0 0 0 0 0 0 0 0
-184.8 -832.0 2534.7 0 0 0 0 0 0 0 0 0
-10.0 -827.4 2558.9 0 0 0 0 0 0 0 0 0
-38.3 388.0 2547.5 2 0.8875406384 0.1802377105 -0.4240117967 -0.1902798116 0.9815471768 0.0189399347 0.4196012914 0.0638709217 0.9054585695
-72.8 200.1 2535.3 0.8875406384 0.1802377105 -0.4240117967 -0.1902798116 0.9815471768 0.0189399347 0.4196012914 0.0638709217 0.9054585695
-107.4 9.3 2526.9 0.8893883228 0.1787768751 -0.4207459986 -0.1801692396 0.9829466343 0.0368101299 0.4201516509 0.0430669822 0.9064313769
-194.2 224.7 2477.9 0.4428390861 -0.0308342595 -0.8960707188 0.3133415282 0.9417129755 0.1224488765 0.8400658369 -0.3350013196 0.4266889989
-279.6 164.3 2315.9 -0.8765213490 -0.0308342595 -0.4803743660 0.1356034130 0.9417129755 -0.3078771830 0.4618679583 -0.3350013196 -0.8212503195
48.6 175.5 2592.6 -0.1217999980 0.9431901574 0.3091230392 -0.6349941492 0.1653200239 -0.7546202540 -0.7628546357 -0.2882040739 0.5787842870
24.9 52.1 2444.3 -0.3003643453 0.9431901574 0.1420336366 0.0534512140 0.1653200239 -0.9847904444 -0.9523257017 -0.2882040739 -0.1000709012
-214.7 -162.0 2483.8 0.9987402558 -0.0370525420 -0.0338381678 0.0389484689 0.9976024628 0.0572045259 0.0316374674 -0.0584504046 0.9977888465
-200.3 -549.3 2506.5 0.9976990819 -0.0579157770 -0.0352462269 0.0610565655 0.9935306907 0.0957542360 0.0294725262 -0.0976859257 0.9947807789
-53.7 -192.7 2555.8 0.9984132648 -0.0428712405 0.0365105160 0.0444641337 0.9980417490 -0.0439953320 -0.0345528871 0.0455489308 0.9983643293
-37.1 -580.1 2538.2 0.9932572246 -0.1117551103 0.0308359172 0.1089284569 0.9906844497 0.0817249715 -0.0396818444 -0.0778150111 0.9961777925
-58.2 130.0 2199.2 0 0 0 0 0 0 0 0 0
-49.5 65.3 2208.3 0 0 0 0 0 0 0 0 0
-184.1 -826.7 2533.8 0 0 0 0 0 0 0 0 0
-9.0 -829.2 2557.7 0 0 0 0 0 0 0 0 0
-36.4 387.4 2544.2 3 0.8736768961 0.1941610575 -0.4460831583 -0.2020405531 0.9789061546 0.0303694438 0.4425701201 0.0635938123 0.8944761157
-73.8 198.9 2532.0 0.8736768961 0.1941610575 -0.4460831583 -0.2020405531 0.9789061546 0.0303694438 0.4425701201 0.0635938123 0.8944761157
-110.3 8.5 2523.0 0.8762670159 0.1880500019 -0.4436139166 -0.1887582690 0.9810802937 0.0430318192 0.4433130026 0.0460284278 0.8951843381
-193.4 224.7 2471.5 0.6223297119 -0.1005580500 -0.7762691975 0.3825567365 0.9042788148 0.1895526797 0.6829026937 -0.4149312675 0.6012287140
-313.8 150.7 2339.4 -0.8906387687 -0.1005580500 -0.4434531033 0.1040668562 0.9042788148 -0.4140651524 0.4426428378 -0.4149312675 -0.7949209809
45.8 173.1 2592.5 -0.1473925859 0.9654051065 0.2151010036 -0.6795646548 0.0591715574 -0.7312254310 -0.7186565995 -0.2539522350 0.6473337412
17.2 41.4 2453.2 -0.2587187290 0.9654051065 0.0325213335 0.0958968848 0.0591715574 -0.9936309457 -0.9611807466 -0.2539522350 -0.1078881249
-221.7 -165.3 2480.9 0.9968559146 -0.0529195257 -0.0589732751 0.0563881546 0.9966763258 0.0587931797 0.0556659624 -0.0619337223 0.9965267181
-201.1 -552.2 2504.9 0.9963120222 -0.0602467135 -0.0610955916 0.0661464036 0.9928213954 0.0996508598 0.0546533726 -0.1033246070 0.9931450486
-62.5 -197.6 2556.1 0.9978255630 -0.0650032982 0.0108960317 0.0655137450 0.9962815046 -0.0559567325 -0.0072181425 0.0565488972 0.9983737469
-37.2 -584.2 2534.1 0.9938879609 -0.1103915572 0.0006322066 0.1097754464 0.9889135957 0.0999962762 -0.0116639426 -0.0993156955 0.9949876070
-88.0 124.3 2227.2 0 0 0 0 0 0 0 0 0
-47.0 65.2 2214.7 0 0 0 0 0 0 0 0 0
-184.3 -829.3 2533.8 0 0 0 0 0 0 0 0 0
-9.7 -831.2 2559.0 0 0 0 0 0 0 0 0 0
-35.9 382.6 2539.6 4 0.8650516868 0.2025846988 -0.4589608014 -0.2053947449 0.9776709080 0.0444135889 0.4577101469 0.0558480844 0.8873457313
-74.9 194.7 2528.9 0.8650516868 0.2025846988 -0.4589608014 -0.2053947449 0.9776709080 0.0444135889 0.4577101469 0.0558480844 0.8873457313
-112.7 4.5 2520.3 0.8675610423 0.1948830634 -0.4575569928 -0.1930361688 0.9798482060 0.0513273068 0.4583392441 0.0437954739 0.8876976371
-193.3 221.0 2466.3 0.6646202207 -0.1176759079 -0.7378565669 0.4049217701 0.8866594434 0.2233235389 0.6279476881 -0.4471995533 0.6369413137
-322.7 142.2 2344.0 -0.8972451687 -0.1176759079 -0.4255625606 0.0980520025 0.8866594434 -0.4519080222 0.4305077493 -0.4471995533 -0.7840124965
43.6 168.3 2591.5 -0.1670373529 0.9715976715 0.1676199734 -0.7041047812 0.0014555961 -0.7100946307 -0.6901702881 -0.2366343439 0.6838634014
11.7 33.8 2459.6 -0.2339399159 0.9715976715 -0.0356376879 0.1565049142 0.0014555961 -0.9876760840 -0.9595719576 -0.2366343439 -0.1524003297
-225.2 -165.0 2474.4 0.9954950213 -0.0578482002 -0.0751219392 0.0636467040 0.9949791431 0.0772373527 0.0702767149 -0.0816706643 0.9941785932
-202.7 -551.2 2506.1 0.9953395724 -0.0599336289 -0.0755451098 0.0662828907 0.9942123294 0.0845486373 0.0700405687 -0.0891619548 0.9935514331
-68.3 -198.9 2553.7 0.9968830943 -0.0787228942 -0.0051787328 0.0783129558 0.9953644276 -0.0558273904 0.0095496206 0.0552478209 0.9984270334
-37.7 -585.2 2532.3 0.9942777753 -0.1053585857 -0.0176444110 0.1066241115 0.9889152050 0.1033342481 0.0065616751 -0.1046242639 0.9944901466
-96.7 117.5 2235.6 0 0 0 0 0 0 0 0 0
-46.0 72.4 2222.9 0 0 0 0 0 0 0 0 0
-186.0 -828.7 2530.9 0 0 0 0 0 0 0 0 0
-10.9 -837.5 2559.0 0 0 0 0 0 0 0 0 0
-35.4 379.9 2534.3 5 0.8608455062 0.2111068368 -0.4630106688 -0.2066692561 0.9765083194 0.0609862171 0.4650083780 0.0431903601 0.8842521310
-76.0 191.9 2526.0 0.8608455062 0.2111068368 -0.4630106688 -0.2066692561 0.9765083194 0.0609862171 0.4650083780 0.0431903601 0.8842521310
-114.8 1.8 2519.3 0.8638045192 0.1998361945 -0.4625011086 -0.1925871074 0.9792289138 0.0634112433 0.4655663073 0.0342968367 0.8843482137
-194.0 218.2 2462.4 0.6693649292 -0.1644368172 -0.7245075107 0.4519460499 0.8641277552 0.2214227021 0.5896570086 -0.4756509066 0.6527333856
-327.1 128.3 2345.1 -0.9057354331 -0.1644368172 -0.3906454742 0.0586980954 0.8641277552 -0.4998377562 0.4197593033 -0.4756509066 -0.7730189562
42.0 165.6 2589.6 -0.1955865771 0.9726492763 0.1252969503 -0.7396031022 -0.0623959079 -0.6701447964 -0.6439977884 -0.2237413377 0.7315781713
6.1 29.8 2471.4 -0.2080892920 0.9726492763 -0.1032098904 0.1939360946 -0.0623959079 -0.9790278673 -0.9586905837 -0.2237413377 -0.1756478697
-228.2 -168.4 2470.8 0.9947242141 -0.0637304634 -0.0803875029 0.0705736578 0.9938463569 0.0853744671 0.0744518712 -0.0905972943 0.9931007028
-203.4 -554.2 2505.9 0.9948840737 -0.0610328242 -0.0805023760 0.0680238158 0.9938684702 0.0871677846 0.0746886730 -0.0921979174 0.9929355979
-72.8 -203.0 2552.8 0.9955530167 -0.0936847851 -0.0098675657 0.0928897709 0.9937034249 -0.0626497045 0.0156747587 0.0614545085 0.9979867935
-36.5 -588.7 2529.0 0.9937303662 -0.1088940948 -0.0253388379 0.1109555140 0.9883907437 0.1037909240 0.0137424543 -0.1059516743 0.9942762852
-99.5 113.5 2239.7 0 0 0 0 0 0 0 0 0
-45.7 78.1 2233.0 0 0 0 0 0 0 0 0 0
-186.3 -832.8 2531.8 0 0 0 0 0 0 0 0 0
-9.7 -832.0 2555.1 0 0 0 0 0 0 0 0 0
-38.1 380.0 2531.6 6 0.8499632478 0.2098288387 -0.4832538664 -0.2031414509 0.9768638611 0.0668622479 0.4861028492 0.0413384400 0.8729233146
-78.5 191.8 2523.7 0.8499632478 0.2098288387 -0.4832538664 -0.2031414509 0.9768638611 0.0668622479 0.4861028492 0.0413384400 0.8729233146
-116.7 1.6 2517.6 0.8533372283 0.1967442781 -0.4828118086 -0.1869027019 0.9799529314 0.0689898208 0.4867062271 0.0313672461 0.8730024099
-195.1 217.3 2457.2 0.6428671479 -0.2159247100 -0.7349138260 0.5089374185 0.8374514580 0.1991426498 0.5724548101 -0.5020474195 0.6482622027
-325.2 114.3 2341.3 -0.9199062586 -0.2159247100 -0.3273361623 -0.0021031769 0.8374514580 -0.5465077162 0.3921326697 -0.5020474195 -0.7708309293
38.0 166.3 2590.1 -0.1645464897 0.9738613367 0.1565841585 -0.7279612422 -0.0127791883 -0.6854991913 -0.6655800939 -0.2267836779 0.7110360861
4.7 18.9 2455.4 -0.2157148123 0.9738613367 -0.0711425915 0.2606763542 -0.0127791883 -0.9653416872 -0.9410180449 -0.2267836779 -0.2511059642
-230.9 -171.0 2470.9 0.9925438762 -0.0664423183 -0.1021864116 0.0742947832 0.9944075346 0.0750597939 0.0966277868 -0.0820920616 0.9919294119
-205.2 -557.0 2502.8 0.9921397567 -0.0709473789 -0.1030786932 0.0801970586 0.9928382039 0.0885481164 0.0960582122 -0.0961187109 0.9907239676
-76.2 -205.5 2554.3 0.9944677353 -0.1003500372 -0.0310440958 0.0979555473 0.9926638603 -0.0708739609 0.0379285589 0.0674409345 0.9970020652
-37.3 -590.8 2528.1 0.9928852916 -0.1086188108 -0.0487930253 0.1134655476 0.9873203635 0.1110139787 0.0361161418 -0.1157604679 0.9926203489
-93.3 114.9 2242.5 0 0 0 0 0 0 0 0 0
-49.4 84.2 2219.5 0 0 0 0 0 0 0 0 0
-185.7 -828.9 2529.1 0 0 0 0 0 0 0 0 0
-10.6 -833.4 2556.6 0 0 0 0 0 0 0 0 0
-38.2 381.4 2529.3 7 0.8498785496 0.2159091979 -0.4807178378 -0.2100861073 0.9754067659 0.0666744635 0.4832910597 0.0443269424 0.8743368387
-80.1 191.8 2520.7 0.8498785496 0.2159091979 -0.4807178378 -0.2100861073 0.9754067659 0.0666744635 0.4832910597 0.0443269424 0.8743368387
-118.6 1.7 2514.2 0.8542546630 0.1981645972 -0.4806035459 -0.1894249767 0.9795919657 0.0672140047 0.4841148257 0.0336204395 0.8743583560
-196.8 217.7 2454.6 0.6323660612 -0.2052434832 -0.7469860911 0.5262537003 0.8214268684 0.2198066115 0.5684806108 -0.5321024656 0.6274526119
-330.3 106.6 2334.6 -0.9486891031 -0.2052434832 -0.2405494899 -0.0333497562 0.8214268684 -0.5693379641 0.3144467175 -0.5321024656 -0.7861235738
36.6 166.0 2586.8 -0.1702580750 0.9768769741 0.1293196678 -0.7101185322 -0.0306466743 -0.7034148574 -0.6831865311 -0.2115943581 0.6989162564
-0.6 11.1 2437.9 -0.1910063773 0.9768769741 -0.0960622430 0.3195674717 -0.0306466743 -0.9470677972 -0.9281126857 -0.2115943581 -0.3063243926
-231.4 -171.9 2467.9 0.9929616451 -0.0641158223 -0.0995810479 0.0713488609 0.9949315786 0.0708550513 0.0945334062 -0.0774613395 0.9925034642
-206.5 -558.1 2498.0 0.9921010137 -0.0726216361 -0.1022824049 0.0842305347 0.9898833036 0.1141765863 0.0929559469 -0.1218900084 0.9881811738
-78.5 -205.4 2555.1 0.9933152795 -0.1118368581 -0.0285882577 0.1094377711 0.9911643863 -0.0749434754 0.0367171057 0.0713138655 0.9967778921
-35.1 -590.1 2527.4 0.9943775535 -0.0931391343 -0.0503827445 0.0987967998 0.9872446656 0.1248483434 0.0381118320 -0.1291240454 0.9908958077
-91.2 115.0 2255.3 0 0 0 0 0 0 0 0 0
-48.7 91.6 2204.2 0 0 0 0 0 0 0 0 0
-186.5 -830.2 2531.5 0 0 0 0 0 0 0 0 0
-11.9 -836.5 2559.6 0 0 0 0 0 0 0 0 0
-39.5 381.3 2520.6 8 0.8554664850 0.2184863836 -0.4695112109 -0.2051043212 0.9754474163 0.0802155808 0.4755095243 0.0276770350 0.8792750835
-82.1 191.3 2515.2 0.8554664850 0.2184863836 -0.4695112109 -0.2051043212 0.9754474163 0.0802155808 0.4755095243 0.0276770350 0.8792750835
-121.2 1.2 2511.3 0.8593252301 0.2018800378 -0.4698984623 -0.1871616542 0.9791943431 0.0784149542 0.4759523571 0.0205630213 0.8792306185
-199.5 216.9 2450.2 0.6213545203 -0.1724310815 -0.7643206716 0.5226536393 0.8179613948 0.2403588146 0.5837394595 -0.5488229990 0.5983657241
-333.1 104.5 2324.7 -0.9717985988 -0.1724310815 -0.1608569771 -0.0502772518 0.8179613948 -0.5730718970 0.2303901911 -0.5488229990 -0.8035631180
35.3 165.7 2580.3 -0.1676332355 0.9736311436 0.1547302455 -0.7702192664 -0.0313775241 -0.6370068192 -0.6153546572 -0.2259597331 0.7551694512
2.3 14.2 2459.2 -0.2056924254 0.9736311436 -0.0986558646 0.3076018095 -0.0313775241 -0.9509976506 -0.9290165305 -0.2259597331 -0.2930366099
