-71.7 382.5 2555.3 7 0.8397776484 0.1173032075 -0.5301070809 -0.1304480284 0.9913735390 0.0127218803 0.5270264149 0.0584678687 0.8478353024
-94.6 188.3 2543.9 0.8397776484 0.1173032075 -0.5301070809 -0.1304480284 0.9913735390 0.0127218803 0.5270264149 0.0584678687 0.8478353024
-115.8 -4.2 2533.2 0.8406659365 0.1102075875 -0.5302217007 -0.1227024123 0.9923743010 0.0117223309 0.5274702311 0.0552049167 0.8477780223
-209.1 205.2 2472.1 0.3562797606 0.0603581890 -0.9324278235 0.3483745158 0.9173766375 0.1924974471 0.8670063019 -0.3934170306 0.3058154583
-293.6 122.5 2266.4 -0.8820041418 0.0603581890 -0.4673601985 0.2335559577 0.9173766375 -0.3222913146 0.4092923999 -0.3934170306 -0.8232270479
19.8 171.5 2615.7 0.0415991656 0.9383955002 0.3430500925 -0.5349221230 0.3109114766 -0.7856159210 -0.8438766599 -0.1508241147 0.5149021745
31.1 27.2 2387.9 -0.1596455574 0.9383955002 0.3064753711 0.0029642913 0.3109114766 -0.9504342675 -0.9871699214 -0.1508241147 -0.0524173081
-206.8 -183.7 2464.7 0.9882388115 -0.0094471071 -0.1526264399 0.0215394758 0.9967385530 0.0777706057 0.1513939500 -0.0801434219 0.9852192402
-203.1 -570.5 2495.8 0.9857257009 -0.0705390200 -0.1528696120 0.0885077044 0.9895170927 0.1141152680 0.1432175189 -0.1260164976 0.9816356897
-64.6 -207.3 2571.0 0.9939179420 -0.0904420242 -0.0628277585 0.0813100636 0.9874773026 -0.1351935714 0.0742681623 0.1292627901 0.9888252616
-29.5 -590.7 2520.8 0.9938787222 -0.0698698834 -0.0855763629 0.0818662047 0.9859173894 0.1458246708 0.0741824731 -0.1519378424 0.9856022596
-70.4 63.4 2162.8 0 0 0 0 0 0 0 0 0
-9.6 27.9 2136.6 0 0 0 0 0 0 0 0 0
-184.9 -826.2 2528.4 0 0 0 0 0 0 0 0 0
-12.2 -834.7 2558.4 0 0 0 0 0 0 0 0 0
-70.0 383.7 2561.6 8 0.8377100229 0.1253601611 -0.5315324664 -0.1442907751 0.9895173311 0.0059680901 0.5267087221 0.0716957003 0.8470168710
-94.5 190.5 2547.6 0.8377100229 0.1253601611 -0.5315324664 -0.1442907751 0.9895173311 0.0059680901 0.5267087221 0.0716957003 0.8470168710
-117.1 -1.8 2535.3 0.8391068578 0.1168537140 -0.5312672853 -0.1328688115 0.9911002517 0.0081364121 0.5274899006 0.0637615398 0.8471651673
-208.9 208.7 2475.7 0.3299245834 0.0205873679 -0.9437827468 0.3561245501 0.9231777787 0.1446307898 0.8742568493 -0.3838214576 0.2972473800
-287.6 123.8 2267.3 -0.8627767563 0.0205873679 -0.5051656961 0.2103803754 0.9231777787 -0.3216875196 0.4597350657 -0.3838214576 -0.8008275628
19.9 172.3 2619.6 0.0162397902 0.9638287425 0.2660271823 -0.5242444277 0.2347665876 -0.8185672760 -0.8514129519 -0.1261699051 0.5090944171
24.5 26.0 2382.0 -0.1401336640 0.9638287425 0.2267085165 0.0437102243 0.2347665876 -0.9710685015 -0.9891673326 -0.1261699051 -0.0750278756
-212.1 -185.8 2475.4 0.9878950119 -0.0253631417 -0.1530365944 0.0323308967 0.9985425472 0.0432141908 0.1517174989 -0.0476388931 0.9872751832
-202.3 -573.2 2493.9 0.9859688282 -0.0628891066 -0.1546298265 0.0829969272 0.9883950353 0.1272270530 0.1448341608 -0.1382757127 0.9797463417
-62.0 -207.9 2569.5 0.9950782657 -0.0737030953 -0.0662349313 0.0647422075 0.9895915985 -0.1285183281 0.0750177279 0.1235975996 0.9894927740
-33.4 -592.0 2521.6 0.9928276539 -0.0851534158 -0.0839177221 0.0969237015 0.9842297435 0.1479783207 0.0699934587 -0.1550505757 0.9854238629
-70.8 70.9 2151.7 0 0 0 0 0 0 0 0 0
-9.9 36.8 2139.3 0 0 0 0 0 0 0 0 0
-185.8 -831.9 2530.1 0 0 0 0 0 0 0 0 0
-12.1 -837.6 2560.3 0 0 0 0 0 0 0 0 0
-71.7 388.2 2555.8 9 0.8454685211 0.1265171021 -0.5188221931 -0.1310353279 0.9909787774 0.0281204581 0.5176994801 0.0442090742 0.8544195890
-96.4 194.6 2547.2 0.8454685211 0.1265171021 -0.5188221931 -0.1310353279 0.9909787774 0.0281204581 0.5176994801 0.0442090742 0.8544195890
-119.6 2.1 2538.7 0.8462279439 0.1197365820 -0.5191930532 -0.1249204352 0.9918483496 0.0251339469 0.5179702640 0.0435887761 0.8542873263
-212.0 211.7 2476.5 0.2606614828 -0.0204097070 -0.9652144909 0.3697427809 0.9256596565 0.0802777559 0.8918216825 -0.3778063953 0.2488301396
-274.2 123.4 2263.6 -0.8357802629 -0.0204097070 -0.5486845970 0.1915864348 0.9256596565 -0.3262650371 0.5145541430 -0.3778063953 -0.7697378397
19.1 177.5 2617.9 -0.0079164905 0.9718621373 0.2354172766 -0.5388628244 0.1941715330 -0.8197098374 -0.8423563242 -0.1333468407 0.5221632123
16.8 24.7 2379.0 -0.1442029774 0.9718621373 0.1862510890 0.0428277701 0.1941715330 -0.9800322652 -0.9886208773 -0.1333468407 -0.0696227998
-214.7 -182.3 2475.7 0.9898566604 -0.0297799166 -0.1389136016 0.0385364965 0.9974071383 0.0607780926 0.1367434412 -0.0655148402 0.9884376526
-203.2 -569.3 2501.2 0.9879363775 -0.0663090050 -0.1399458349 0.0805495158 0.9918544888 0.0986732244 0.1322629750 -0.1087554395 0.9852303267
-64.6 -206.1 2570.1 0.9952728748 -0.0820786953 -0.0519129448 0.0755550042 0.9902401567 -0.1171148643 0.0610189177 0.1126389727 0.9917606115
-32.8 -590.5 2526.4 0.9946100116 -0.0766678154 -0.0698064342 0.0846534818 0.9891904593 0.1197330132 0.0598721877 -0.1249970123 0.9903489351
-63.5 75.1 2133.9 0 0 0 0 0 0 0 0 0
-17.9 35.0 2140.6 0 0 0 0 0 0 0 0 0
-185.7 -830.9 2529.9 0 0 0 0 0 0 0 0 0
-14.0 -832.4 2556.9 0 0 0 0 0 0 0 0 0
-71.5 394.4 2550.4 0 0.8511615396 0.1349338442 -0.5072641373 -0.1291027665 0.9905236363 0.0468549654 0.5087794662 0.0256080609 0.8605159521
-98.0 200.3 2545.4 0.8511615396 0.1349338442 -0.5072641373 -0.1291027665 0.9905236363 0.0468549654 0.5087794662 0.0256080609 0.8605159521
-122.4 7.9 2540.7 0.8522394300 0.1262286156 -0.5076950788 -0.1209215596 0.9917048216 0.0435840376 0.5089852214 0.0242472477 0.8604336977
-214.3 216.9 2475.9 0.1749564409 -0.0439418219 -0.9835951328 0.3845493197 0.9227042198 0.0271799564 0.9063730240 -0.3829961419 0.1783308387
-256.1 125.1 2259.5 -0.8102081418 -0.0439418219 -0.5844928622 0.1913778931 0.9227042198 -0.3346512020 0.5540192127 -0.3829961419 -0.7391729951
18.4 183.8 2614.9 -0.0275916569 0.9751009345 0.2200383395 -0.5529059768 0.1684975326 -0.8160291314 -0.8327866793 -0.1441761106 0.5344899893
10.5 25.7 2376.7 -0.1520543396 0.9751009345 0.1614238173 0.0347590968 0.1684975326 -0.9850890040 -0.9877607226 -0.1441761106 -0.0595144071
-218.5 -179.1 2483.9 0.9916094542 -0.0356231257 -0.1242645755 0.0408049226 0.9983897805 0.0394061096 0.1226607114 -0.0441460758 0.9914663434
-204.7 -566.6 2501.0 0.9896575809 -0.0678557232 -0.1263862848 0.0815733522 0.9909363389 0.1067282259 0.1179986447 -0.1159341484 0.9862228632
-67.0 -201.6 2576.6 0.9955869317 -0.0860961154 -0.0373379365 0.0807925314 0.9887726307 -0.1257031113 0.0477412790 0.1221317500 0.9913650155
-33.6 -585.4 2529.2 0.9950555563 -0.0814135447 -0.0568882376 0.0875333473 0.9895023704 0.1149911955 0.0469292030 -0.1194022447 0.9917362332
-51.4 76.7 2119.5 0 0 0 0 0 0 0 0 0
-25.8 34.0 2140.8 0 0 0 0 0 0 0 0 0
-186.3 -834.6 2532.4 0 0 0 0 0 0 0 0 0
-12.9 -837.6 2559.6 0 0 0 0 0 0 0 0 0
-72.2 396.9 2548.2 1 0.8588733673 0.1353119165 -0.4939911067 -0.1292903274 0.9905145764 0.0465279892 0.4956011772 0.0239066202 0.8682211041
-98.7 203.0 2543.5 0.8588733673 0.1353119165 -0.4939911067 -0.1292903274 0.9905145764 0.0465279892 0.4956011772 0.0239066202 0.8682211041
-123.2 10.5 2540.0 0.8602746725 0.1264253706 -0.4939070344 -0.1186774522 0.9918120503 0.0471647643 0.4958257675 0.0180409774 0.8682346344
-216.2 219.2 2475.8 0.1056756824 -0.0682227314 -0.9920576215 0.3972859681 0.9174597263 -0.0207731295 0.9115900993 -0.3919353485 0.1240571141
-241.6 124.0 2257.3 -0.7957886457 -0.0682227314 -0.6017192602 0.1868952364 0.9174597263 -0.3511948586 0.5760126710 -0.3919353485 -0.7173535228
18.8 186.8 2611.2 -0.0433472916 0.9744710922 0.2202886343 -0.5559510589 0.1596743464 -0.8157343268 -0.8300839663 -0.1578295827 0.5348368287
6.3 27.1 2372.9 -0.1653407216 0.9744710922 0.1518832296 0.0348177180 0.1596743464 -0.9865555167 -0.9856216908 -0.1578295827 -0.0603295304
-223.2 -173.7 2490.4 0.9931150675 -0.0459185392 -0.1077678129 0.0491427407 0.9984143972 0.0274541061 0.1063362807 -0.0325610936 0.9937969446
-205.3 -561.2 2503.1 0.9915671945 -0.0672757849 -0.1107632741 0.0783074424 0.9920551777 0.0984603688 0.1032592803 -0.1063036546 0.9889575839
-70.5 -195.4 2581.5 0.9959953427 -0.0869467258 -0.0208224114 0.0835547000 0.9880878925 -0.1292319000 0.0318106636 0.1269745529 0.9913957715
-36.8 -579.0 2532.3 0.9942750335 -0.0992381275 -0.0396107435 0.1025660709 0.9903297424 0.0934195295 0.0299569182 -0.0969474241 0.9948385954
-40.1 76.7 2111.5 0 0 0 0 0 0 0 0 0
-33.0 35.4 2138.5 0 0 0 0 0 0 0 0 0
-187.1 -830.2 2531.9 0 0 0 0 0 0 0 0 0
-11.7 -829.2 2556.7 0 0 0 0 0 0 0 0 0
-77.6 394.3 2547.1 2 0.8695425391 0.1321557760 -0.4758473039 -0.1288488656 0.9908677340 0.0397382304 0.4767533839 0.0267583057 0.8786297441
-103.3 201.7 2541.9 0.8695425391 0.1321557760 -0.4758473039 -0.1288488656 0.9908677340 0.0397382304 0.4767533839 0.0267583057 0.8786297441
-127.8 9.1 2538.6 0.8708215356 0.1263891608 -0.4750743210 -0.1190402508 0.9918386936 0.0456662253 0.4769687951 0.0167858303 0.8787599206
-222.2 217.9 2476.7 0.0436442383 -0.0609977357 -0.9971832633 0.3906390071 0.9197105765 -0.0391614288 0.9195087552 -0.3878295124 0.0639681667
-232.5 125.7 2259.7 -0.7843976021 -0.0609977357 -0.6172516942 0.1961131990 0.9197105765 -0.3401059508 0.5884386301 -0.3878295124 -0.7094563246
15.7 185.4 2607.0 -0.0623120554 0.9716735482 0.2279642969 -0.5545235276 0.1562038064 -0.8173763156 -0.8298318386 -0.1773439646 0.5290824771
-2.3 25.8 2368.2 -0.1853741556 0.9716735482 0.1465842277 0.0383183062 0.1562038064 -0.9869812727 -0.9819206595 -0.1773439646 -0.0661890358
-224.8 -171.3 2492.1 0.9949737191 -0.0498455018 -0.0868486837 0.0532292686 0.9978932738 0.0370901935 0.0848169401 -0.0415266603 0.9955308437
-205.4 -558.7 2508.2 0.9940056205 -0.0631388575 -0.0892542005 0.0709651187 0.9936408401 0.0874174908 0.0831671804 -0.0932274088 0.9921652675
-70.7 -192.6 2580.9 0.9969723225 -0.0777571797 0.0000006229 0.0771662146 0.9893942475 -0.1230626702 0.0095683904 0.1226901263 0.9923989177
-40.5 -576.7 2533.3 0.9936400652 -0.1113355011 -0.0168460514 0.1124333888 0.9891821742 0.0942198187 0.0061738030 -0.0955146477 0.9954088926
-33.7 76.0 2110.6 0 0 0 0 0 0 0 0 0
-46.2 34.9 2135.3 0 0 0 0 0 0 0 0 0
-187.9 -834.8 2534.1 0 0 0 0 0 0 0 0 0
-12.0 -830.3 2557.8 0 0 0 0 0 0 0 0 0
-83.5 389.8 2546.0 3 0.8781641126 0.1243212894 -0.4619220495 -0.1251976639 0.9917110205 0.0288938377 0.4616852999 0.0324580260 0.8864497542
-107.5 198.3 2539.8 0.8781641126 0.1243212894 -0.4619220495 -0.1251976639 0.9917110205 0.0288938377 0.4616852999 0.0324580260 0.8864497542
-130.8 5.7 2536.5 0.8795208335 0.1202104464 -0.4604264498 -0.1141880974 0.9926115274 0.0410303399 0.4619568586 0.0164881833 0.8867490888
-227.6 213.9 2476.7 -0.0388546251 0.0108142532 -0.9991863370 0.3451547325 0.9385401011 -0.0032639033 0.9377411604 -0.3450007439 -0.0401992127
-218.5 133.5 2258.3 -0.7667899728 0.0108142532 -0.6418069601 0.2292332947 0.9385401011 -0.2580592036 0.5995708108 -0.3450007439 -0.7221421599
12.7 182.7 2602.8 -0.0733545497 0.9679369926 0.2402437031 -0.5533331037 0.1609136909 -0.8172693849 -0.8297237754 -0.1928852350 0.5237878561
-8.5 23.3 2363.8 -0.2016427666 0.9679369926 0.1497935951 0.0398390517 0.1609136909 -0.9861640930 -0.9786486030 -0.1928852350 -0.0710087791
-230.3 -172.7 2492.6 0.9957219958 -0.0598382056 -0.0704064593 0.0626029521 0.9973247647 0.0377381705 0.0679599196 -0.0419843793 0.9968042970
-207.0 -559.9 2508.9 0.9945584536 -0.0741545185 -0.0731751323 0.0803140923 0.9931241274 0.0851712674 0.0663561523 -0.0905847922 0.9936756492
-74.3 -194.0 2578.1 0.9962550998 -0.0849518478 0.0160911474 0.0861910358 0.9905108213 -0.1070484966 -0.0068444894 0.1080345213 0.9941235781
-41.3 -578.5 2536.1 0.9936583638 -0.1124278903 -0.0017327883 0.1120457500 0.9887543321 0.0990488306 -0.0094225490 -0.0986148492 0.9950810671
-24.2 75.4 2106.3 0 0 0 0 0 0 0 0 0
-56.3 32.8 2132.0 0 0 0 0 0 0 0 0 0
-186.6 -834.1 2534.0 0 0 0 0 0 0 0 0 0
-12.3 -834.2 2561.6 0 0 0 0 0 0 0 0 0
-86.2 389.8 2555.0 4 0.8660691381 0.1188539416 -0.4855903685 -0.1330663264 0.9910932183 0.0052527767 0.4818896353 0.0600664578 0.8741707206
-109.0 199.5 2543.5 0.8660691381 0.1188539416 -0.4855903685 -0.1330663264 0.9910932183 0.0052527767 0.4818896353 0.0600664578 0.8741707206
-131.6 6.9 2536.2 0.8676159382 0.1164164916 -0.4834147394 -0.1200251505 0.9924904108 0.0235957168 0.4825314283 0.0375499092 0.8750733733
-227.5 215.9 2477.6 -0.1166689768 0.0765413195 -0.9902170300 0.3377162218 0.9406720400 0.0329213440 0.9339893460 -0.3305714428 -0.1355964839
-200.0 136.1 2257.0 -0.7391393185 0.0765413195 -0.6691894531 0.2760504186 0.9406720400 -0.1973124892 0.6143852472 -0.3305714428 -0.7164169550
9.4 183.1 2609.3 -0.1007252112 0.9948368073 0.0124179041 -0.5233405828 -0.0423638187 -0.8510698676 -0.8461495638 -0.0922229886 0.5249055624
-20.3 28.8 2359.9 -0.0919166654 0.9948368073 -0.0430244096 0.0091268010 -0.0423638187 -0.9990605712 -0.9957248569 -0.0922229886 -0.0051857368
-232.9 -176.8 2492.0 0.9929855466 -0.0665362254 -0.0977373272 0.0707779527 0.9966659546 0.0405893512 0.0947107971 -0.0472222865 0.9943841696
-207.1 -563.7 2510.3 0.9920108318 -0.0766590908 -0.1001893058 0.0846727639 0.9933242798 0.0783413649 0.0935148895 -0.0861987844 0.9918794036
-75.3 -197.3 2574.7 0.9957014918 -0.0917997137 -0.0123018576 0.0902677625 0.9915584326 -0.0930782855 0.0207425710 0.0915677324 0.9955828190
-39.7 -582.1 2539.2 0.9948242903 -0.0973651111 -0.0290631913 0.0996522829 0.9907727838 0.0918622315 0.0198508445 -0.0942829922 0.9953474998
-13.5 66.5 2102.0 0 0 0 0 0 0 0 0 0
-42.7 31.0 2116.5 0 0 0 0 0 0 0 0 0
-186.2 -834.3 2533.8 0 0 0 0 0 0 0 0 0
-14.9 -834.6 2563.2 0 0 0 0 0 0 0 0 0
-87.3 389.6 2549.5 5 0.8828330636 0.1162222326 -0.4550803900 -0.1281486601 0.9917439222 0.0046778978 0.4518668950 0.0541881435 0.8904380798
-109.6 199.8 2539.1 0.8828330636 0.1162222326 -0.4550803900 -0.1281486601 0.9917439222 0.0046778978 0.4518668950 0.0541881435 0.8904380798
-131.5 7.0 2533.8 0.8845539093 0.1132495329 -0.4524808824 -0.1132634059 0.9931936264 0.0271638613 0.4524773955 0.0272216257 0.8913602829
-230.3 215.3 2477.4 -0.2074059844 0.0603935160 -0.9763889313 0.3420594931 0.9395657182 -0.0145449303 0.9165031910 -0.3369998038 -0.2155297399
-182.7 136.7 2266.8 -0.6638589501 0.0407668836 -0.7467458248 0.2623667121 0.9477445483 -0.1815047413 0.7003248930 -0.3164148033 -0.6398645639
11.2 184.3 2600.9 -0.1536432505 0.9843904972 -0.0858433247 -0.5228991508 -0.1547119170 -0.8382366896 -0.8384332061 -0.0839020014 0.5385074019
-34.6 28.4 2350.9 -0.0882481486 0.9843904972 -0.1522747129 -0.0214290041 -0.1547119170 -0.9877272248 -0.9958679676 -0.0839020014 0.0347475484
-231.8 -175.0 2485.7 0.9953914881 -0.0717469379 -0.0636247620 0.0753483698 0.9955759048 0.0561353937 0.0593157411 -0.0606707148 0.9963938594
-204.0 -561.4 2509.2 0.9952590466 -0.0710429773 -0.0664251596 0.0772236213 0.9924153090 0.0956471339 0.0591262914 -0.1003232673 0.9931965470
-76.4 -196.5 2572.1 0.9948213100 -0.0990683064 0.0227166954 0.1006271467 0.9914638400 -0.0829076245 -0.0143092638 0.0847641900 0.9962983131
-38.0 -581.4 2539.2 0.9966335297 -0.0818845183 0.0040705809 0.0810539052 0.9915560484 0.1012265906 -0.0123250997 -0.1005558744 0.9948550463
-19.2 72.1 2094.3 0 0 0 0 0 0 0 0 0
-56.7 23.1 2102.4 0 0 0 0 0 0 0 0 0
-184.6 -832.6 2536.7 0 0 0 0 0 0 0 0 0
-16.9 -836.9 2565.1 0 0 0 0 0 0 0 0 0
-87.7 393.5 2547.2 6 0.8843364120 0.1144729406 -0.4525981843 -0.1238252372 0.9922630191 0.0090236841 0.4501293898 0.0480631031 0.8916689157
-109.7 203.2 2538.0 0.8843364120 0.1144729406 -0.4525981843 -0.1238252372 0.9922630191 0.0090236841 0.4501293898 0.0480631031 0.8916689157
-131.3 10.4 2533.5 0.8859302998 0.1114590839 -0.4502270818 -0.1098162010 0.9935031533 0.0298637226 0.4506306052 0.0229850523 0.8924145699
-230.7 218.2 2476.5 -0.2541796565 0.0592110269 -0.9653428197 0.3499085009 0.9361405373 -0.0347128287 0.9016411304 -0.3466049433 -0.2586663067
-172.2 137.7 2268.9 -0.6204644442 0.0356782340 -0.7834225893 0.2711406946 0.9471184611 -0.1716080904 0.7358713150 -0.3188944757 -0.5973271728
11.3 188.2 2599.5 -0.1670211852 0.9751796722 -0.1453566700 -0.5226076245 -0.2125760317 -0.8256468177 -0.8360533118 -0.0619359985 0.5451410413
-38.8 31.3 2348.6 -0.0713716000 0.9751796722 -0.2095966041 -0.0369966030 -0.2125760317 -0.9764438868 -0.9967634082 -0.0619359985 0.0512502268
-232.6 -175.6 2488.0 0.9957914948 -0.0685321167 -0.0608491525 0.0719390586 0.9958534241 0.0556846447 0.0567806475 -0.0598277263 0.9965925217
-206.0 -562.2 2511.3 0.9952473640 -0.0745385215 -0.0626636967 0.0795866847 0.9934206009 0.0823496729 0.0561131835 -0.0869454890 0.9946314692
-74.2 -195.9 2569.0 0.9958114028 -0.0879534185 0.0249765459 0.0895806700 0.9932287335 -0.0739730150 -0.0183012430 0.0759005919 0.9969474077
-40.1 -581.5 2539.6 0.9949632287 -0.0997875035 0.0095182313 0.0983929336 0.9903590083 0.0975080580 -0.0191565510 -0.0960804075 0.9951891899
-20.7 71.5 2089.3 0 0 0 0 0 0 0 0 0
-56.8 22.0 2097.3 0 0 0 0 0 0 0 0 0
-185.7 -832.5 2534.9 0 0 0 0 0 0 0 0 0
-14.7 -833.5 2564.0 0 0 0 0 0 0 0 0 0
-88.9 392.2 2549.6 7 0.8863393664 0.1060778797 -0.4507217109 -0.1217328459 0.9925460219 -0.0057894485 0.4467478991 0.0599990524 0.8926457167
-109.2 202.2 2538.1 0.8863393664 0.1060778797 -0.4507217109 -0.1217328459 0.9925460219 -0.0057894485 0.4467478991 0.0599990524 0.8926457167
-129.4 9.3 2532.1 0.8879010677 0.1040592492 -0.4481108487 -0.1069681421 0.9940829277 0.0188935138 0.4474253953 0.0311580151 0.8937783241
-230.5 216.9 2477.0 -0.2877102196 0.0540681630 -0.9561900496 0.3483472168 0.9359281063 -0.0518925525 0.8921194077 -0.3480161726 -0.2881105542
-165.2 137.8 2274.5 -0.5843914151 0.0115549779 -0.8113896251 0.2437767833 0.9562123418 -0.1619592309 0.7739893794 -0.2924455404 -0.5616191626
12.1 187.6 2599.2 -0.1713425070 0.9755177498 -0.1378654987 -0.5147782564 -0.2079600394 -0.8317186832 -0.8400268555 -0.0715385973 0.5378077030
-39.5 32.6 2346.3 -0.0640801713 0.9766688347 -0.2049675584 -0.0344900079 -0.2074344456 -0.9776407480 -0.9973485470 -0.0555780493 0.0469777510
-232.2 -172.6 2488.7 0.9961990714 -0.0641050786 -0.0589740649 0.0671460181 0.9964330196 0.0511137135 0.0554870553 -0.0548793077 0.9969500899
-207.4 -559.5 2510.0 0.9948863983 -0.0802296475 -0.0613539480 0.0854990780 0.9923799634 0.0887240469 0.0537681282 -0.0935160518 0.9941648245
-73.6 -192.3 2569.4 0.9952781796 -0.0932556689 0.0269212611 0.0949277282 0.9930536151 -0.0695217475 -0.0202509575 0.0717490539 0.9972171187
-37.4 -577.8 2541.6 0.9959071875 -0.0894360840 0.0130391782 0.0881981701 0.9932006001 0.0759849250 -0.0197463129 -0.0745239034 0.9970237017
-22.5 78.3 2085.5 0 0 0 0 0 0 0 0 0
-55.8 23.9 2093.4 0 0 0 0 0 0 0 0 0
-185.1 -835.1 2536.0 0 0 0 0 0 0 0 0 0
-14.8 -828.8 2560.4 0 0 0 0 0 0 0 0 0
-88.3 390.9 2550.8 8 0.8905180097 0.1022919044 -0.4432990551 -0.1187525690 0.9928789139 -0.0094469460 0.4391759634 0.0610555783 0.8963239789
-107.9 200.7 2539.1 0.8905180097 0.1022919044 -0.4432990551 -0.1187525690 0.9928789139 -0.0094469460 0.4391759634 0.0610555783 0.8963239789
-127.1 7.7 2532.9 0.8921273351 0.0990801454 -0.4407856464 -0.1028693095 0.9945762753 0.0153594846 0.4399167597 0.0316406973 0.8974809647
-229.8 214.8 2479.0 -0.2464178354 0.0370994620 -0.9684533477 0.3149387836 0.9481000900 -0.0438147373 0.9165652394 -0.3158002496 -0.2453128397
-173.0 142.2 2267.8 -0.6179614067 0.0150633994 -0.7860641479 0.2363193929 0.9571400285 -0.1674398631 0.7498512268 -0.2892335653 -0.5950353742
14.0 186.7 2599.2 -0.1785771549 0.9754207134 -0.1290917397 -0.5136337280 -0.2043209076 -0.8333266973 -0.8392202258 -0.0825072303 0.5374959707
-39.9 31.7 2346.0 -0.0673834085 0.9773151278 -0.2007850856 -0.0362895802 -0.2035100609 -0.9784001112 -0.9970669746 -0.0586415268 0.0491795577
-229.1 -174.1 2485.9 0.9964011312 -0.0675660819 -0.0511826426 0.0702407956 0.9961529374 0.0523977354 0.0474454314 -0.0558042713 0.9973137975
-202.9 -560.8 2507.6 0.9963178635 -0.0662156940 -0.0544625521 0.0715000555 0.9922510982 0.1016145498 0.0473120473 -0.1051344648 0.9933319092
-70.1 -193.2 2566.1 0.9960325956 -0.0816891715 0.0352983624 0.0839428753 0.9941512346 -0.0679477677 -0.0295413136 0.0706412345 0.9970642328
-38.4 -579.2 2538.7 0.9947758913 -0.0997790620 0.0215646438 0.0973306596 0.9907659292 0.0943907350 -0.0307837334 -0.0917987302 0.9953016639
-19.3 83.4 2081.3 0 0 0 0 0 0 0 0 0
-57.0 22.5 2092.5 0 0 0 0 0 0 0 0 0
-184.7 -833.2 2536.5 0 0 0 0 0 0 0 0 0
-12.4 -837.0 2562.6 0 0 0 0 0 0 0 0 0
-88.7 394.2 2550.9 9 0.8896551132 0.0954469219 -0.4465464354 -0.1116099209 0.9937021732 -0.0099620540 0.4427832961 0.0587018020 0.8947049975
-107.1 203.4 2539.6 0.8896551132 0.0954469219 -0.4465464354 -0.1116099209 0.9937021732 -0.0099620540 0.4427832961 0.0587018020 0.8947049975
-125.1 10.2 2533.5 0.8910091519 0.0931318775 -0.4443300366 -0.0973293036 0.9951618314 0.0134134376 0.4434294999 0.0312948376 0.8957627416
-228.8 216.7 2479.0 -0.1944013685 -0.0301946513 -0.9804572463 0.3127995133 0.9454367161 -0.0911368504 0.9297121167 -0.3244036734 -0.1743493080
-183.0 142.9 2259.9 -0.6649772525 -0.0301946513 -0.7462530136 0.2233076096 0.9454367161 -0.2372407317 0.7126983404 -0.3244036734 -0.6219512224
14.7 190.1 2600.2 -0.1738011241 0.9766448140 -0.1263252199 -0.5147626400 -0.1994557083 -0.8338086009 -0.8395311832 -0.0798893720 0.5374059081
-37.8 34.6 2346.7 -0.0609080233 0.9787271023 -0.1959170401 -0.0387379713 -0.1984514445 -0.9793449044 -0.9973914027 -0.0520605333 0.0500011854
-226.3 -176.2 2487.4 0.9962223172 -0.0679014623 -0.0541334674 0.0698926598 0.9969127178 0.0357782729 0.0515369475 -0.0394266471 0.9978924990
-199.9 -563.2 2502.7 0.9967018366 -0.0558559522 -0.0588690713 0.0619446486 0.9922989607 0.1072641537 0.0524243787 -0.1105570048 0.9924861789
-66.4 -194.6 2566.2 0.9964513779 -0.0775900781 0.0326247402 0.0798905343 0.9938716888 -0.0763977244 -0.0264971014 0.0787330270 0.9965435266
-36.3 -580.4 2535.6 0.9955826998 -0.0921392962 0.0180405080 0.0897644833 0.9904366732 0.1047738194 -0.0275217667 -0.1026916057 0.9943324327
-16.2 86.9 2081.2 0 0 0 0 0 0 0 0 0
-53.3 24.8 2092.8 0 0 0 0 0 0 0 0 0
-184.9 -829.0 2532.3 0 0 0 0 0 0 0 0 0
-12.3 -838.2 2562.4 0 0 0 0 0 0 0 0 0
-87.5 393.0 2553.4 0 0.8827197552 0.0935056508 -0.4605025053 -0.1098598391 0.9939084053 -0.0087717157 0.4568771124 0.0583336987 0.8876150846
-105.5 202.0 2542.2 0.8827197552 0.0935056508 -0.4605025053 -0.1098598391 0.9939084053 -0.0087717157 0.4568771124 0.0583336987 0.8876150846
-123.6 8.8 2535.9 0.8838698864 0.0930614397 -0.4583814740 -0.0975977480 0.9951297045 0.0138410702 0.4574370980 0.0325032957 0.8886477351
-226.3 215.3 2479.7 -0.1036168709 -0.0187597983 -0.9944403768 0.3082359433 0.9499930143 -0.0500383191 0.9456501007 -0.3117070794 -0.0926528648
-202.2 143.9 2260.6 -0.7124097347 -0.0187597983 -0.7015129328 0.2060427368 0.9499930143 -0.2346478850 0.6708343625 -0.3117070794 -0.6729189754
15.2 188.7 2604.7 -0.1615079641 0.9775732756 -0.1351506412 -0.5147018433 -0.2002881318 -0.8336465955 -0.8420197368 -0.0650782809 0.5355069041
-33.5 33.2 2350.4 -0.0440062471 0.9793263078 -0.1974421293 -0.0396800153 -0.1991910189 -0.9791570306 -0.9982429147 -0.0352545157 0.0476253331
-223.0 -174.3 2487.7 0.9959075451 -0.0576845631 -0.0695745349 0.0600182042 0.9976865053 0.0319293998 0.0675717443 -0.0359744690 0.9970656633
-200.6 -561.6 2501.7 0.9955307245 -0.0590444431 -0.0737041533 0.0667342022 0.9920544624 0.1066513285 0.0668213665 -0.1110932603 0.9915609956
-63.4 -191.7 2567.2 0.9977434278 -0.0648656934 0.0173350088 0.0660799742 0.9944089651 -0.0823668614 -0.0118953045 0.0833264962 0.9964513183
-38.2 -577.7 2534.8 0.9942773581 -0.1066832244 0.0055834842 0.1056766286 0.9898624420 0.0948934332 -0.0156504195 -0.0937603563 0.9954717755
-22.8 92.0 2091.6 0 0 0 0 0 0 0 0 0
-44.8 23.1 2096.1 0 0 0 0 0 0 0 0 0
-184.8 -827.9 2531.5 0 0 0 0 0 0 0 0 0
-11.1 -829.7 2558.7 0 0 0 0 0 0 0 0 0
-85.4 393.0 2553.2 1 0.8857222199 0.0939249769 -0.4546143711 -0.1089373007 0.9940248728 -0.0068727117 0.4512524605 0.0556117781 0.8906618357
-103.5 201.1 2542.5 0.8857222199 0.0939249769 -0.4546143711 -0.1089373007 0.9940248728 -0.0068727117 0.4512524605 0.0556117781 0.8906618357
-121.6 7.9 2535.7 0.8866820335 0.0931024626 -0.4529094398 -0.0987299606 0.9950505495 0.0112596070 0.4517160654 0.0347320400 0.8914854527
-224.7 214.5 2480.7 -0.0219983775 -0.0147156147 -0.9996497035 0.3000355661 0.9537046552 -0.0206418764 0.9536743164 -0.3003845513 -0.0165647473
-219.5 144.3 2257.3 -0.7598759532 -0.0147156147 -0.6499015689 0.1845959872 0.9537046552 -0.2374273539 0.6233080029 -0.3003845513 -0.7219807506
17.6 187.6 2604.2 -0.1669858396 0.9771191478 -0.1317343563 -0.5122203231 -0.2001386732 -0.8352094889 -0.8424642682 -0.0719911456 0.5339205861
-32.9 32.8 2349.7 -0.0495537743 0.9791164398 -0.1971684098 -0.0372208394 -0.1990841627 -0.9792752862 -0.9980776906 -0.0411880128 0.0463089086
-220.8 -175.6 2488.6 0.9964210987 -0.0563218854 -0.0630308613 0.0577995330 0.9980886579 0.0218692310 0.0616786703 -0.0254341178 0.9977719188
-198.9 -563.1 2498.5 0.9961793423 -0.0544077680 -0.0683115423 0.0623966791 0.9907065630 0.1208603010 0.0611009523 -0.1246609464 0.9903162718
-62.5 -193.1 2570.6 0.9973764420 -0.0681114271 0.0245176610 0.0702504814 0.9924267530 -0.1007672176 -0.0174685828 0.1022252217 0.9946078658
-36.0 -578.3 2530.9 0.9958596230 -0.0904695988 0.0088774310 0.0887426510 0.9887029529 0.1207940057 -0.0197053272 -0.1195060685 0.9926378727
-27.9 97.7 2100.1 0 0 0 0 0 0 0 0 0
-45.5 23.3 2095.3 0 0 0 0 0 0 0 0 0
-184.5 -825.4 2531.5 0 0 0 0 0 0 0 0 0
-12.3 -837.2 2562.2 0 0 0 0 0 0 0 0 0
-84.5 391.4 2550.1 2 0.8936805129 0.0945402086 -0.4386311471 -0.1067698598 0.9942784905 -0.0032347024 0.4358157218 0.0497233756 0.8986613750
-102.8 199.1 2540.5 0.8936805129 0.0945402086 -0.4386311471 -0.1067698598 0.9942784905 -0.0032347024 0.4358157218 0.0497233756 0.8986613750
-121.1 6.0 2534.4 0.8944538832 0.0944618508 -0.4370688498 -0.0986296311 0.9950365424 0.0132092014 0.4361472428 0.0312929191 0.8993310332
-225.0 212.6 2480.9 0.0617559515 0.0171348341 -0.9979441762 0.2815068662 0.9589607120 0.0338860229 0.9575698972 -0.2830207944 0.0543979593
-239.4 146.9 2257.3 -0.7987909317 0.0171348341 -0.6013646126 0.1833779812 0.9589607120 -0.2162565440 0.5729795098 -0.2830207944 -0.7691512704
19.4 185.6 2600.0 -0.1824205071 0.9755081534 -0.1229089722 -0.5135671496 -0.2011349350 -0.8341423869 -0.8384339809 -0.0890426785 0.5376800299
-35.7 30.5 2346.8 -0.0669289529 0.9780876637 -0.1971421689 -0.0391308181 -0.2000063062 -0.9790129066 -0.9969901443 -0.0578099713 0.0516595840
-219.1 -176.4 2488.5 0.9977040291 -0.0507806316 -0.0448108427 0.0514253192 0.9985875487 0.0133525496 0.0440694988 -0.0156263039 0.9989062548
-199.4 -564.1 2494.6 0.9969524741 -0.0591813847 -0.0508259945 0.0657211617 0.9881805182 0.1384918243 0.0420291200 -0.1414101124 0.9890584946
-60.2 -194.1 2569.4 0.9970634580 -0.0638035238 0.0423511527 0.0679161698 0.9922474623 -0.1040785685 -0.0353822447 0.1066492647 0.9936669469
-35.5 -579.3 2528.0 0.9954141378 -0.0917876214 0.0269384142 0.0878818929 0.9887000322 0.1214453876 -0.0377811939 -0.1185210645 0.9922325015
-37.7 100.6 2112.6 0 0 0 0 0 0 0 0 0
-52.8 20.5 2092.7 0 0 0 0 0 0 0 0 0
-183.9 -823.4 2531.7 0 0 0 0 0 0 0 0 0
-12.4 -828.2 2557.9 0 0 0 0 0 0 0 0 0
-84.5 397.6 2566.0 3 0.8693191409 0.0877947509 -0.4863911271 -0.1214096546 0.9918764830 -0.0379574858 0.4791074693 0.0920497477 0.8729163408
-101.5 205.6 2548.2 0.8693191409 0.0877947509 -0.4863911271 -0.1214096546 0.9918764830 -0.0379574858 0.4791074693 0.0920497477 0.8729163408
-117.8 12.7 2535.1 0.8705350161 0.0853946656 -0.4846405685 -0.1074669510 0.9940478206 -0.0178841129 0.4802286923 0.0676515922 0.8745305538
-220.2 220.4 2482.7 0.1714564711 0.0065478827 -0.9851699471 0.3102606833 0.9487370253 0.0603027120 0.9350620508 -0.3159987926 0.1606355458
-261.9 145.0 2255.7 -0.8604538441 0.0065478827 -0.5094863772 0.1663495302 0.9487370253 -0.2687488496 0.4816088080 -0.3159987926 -0.8174335957
17.3 190.8 2613.7 -0.1714605540 0.9769463539 -0.1271890402 -0.5078474283 -0.1982717216 -0.8383193016 -0.8442110419 -0.0791460648 0.5301355124
-37.2 29.3 2345.3 -0.0771220624 0.9769463539 -0.1990677267 0.0179222245 -0.1982717216 -0.9799832106 -0.9968605638 -0.0791460648 -0.0022179282
-219.6 -178.4 2489.3 0.9940922856 -0.0417299755 -0.1001955271 0.0439358391 0.9988359213 0.0199098699 0.0992480516 -0.0241944212 0.9947685599
-203.4 -566.1 2498.6 0.9917717576 -0.0749190599 -0.1038073525 0.0870599523 0.9892085195 0.1178435385 0.0938583836 -0.1259113550 0.9875915051
-59.4 -196.0 2567.4 0.9975061417 -0.0694398731 -0.0126325199 0.0678122640 0.9925463796 -0.1012578383 0.0195696931 0.1001486778 0.9947800040
-32.4 -581.3 2528.5 0.9958308935 -0.0871096030 -0.0270692483 0.0896056592 0.9897160530 0.1115034297 0.0170778502 -0.1134641171 0.9933953285
-44.5 103.0 2134.0 0 0 0 0 0 0 0 0 0
-54.3 33.3 2123.9 0 0 0 0 0 0 0 0 0
-183.8 -825.4 2531.7 0 0 0 0 0 0 0 0 0
-10.3 -832.3 2557.3 0 0 0 0 0 0 0 0 0
-86.7 394.1 2565.0 4 0.8634633422 0.0800830349 -0.4980138242 -0.1128974408 0.9929516315 -0.0360717326 0.4916149080 0.0873711035 0.8664185405
-102.2 202.1 2548.1 0.8634633422 0.0800830349 -0.4980138242 -0.1128974408 0.9929516315 -0.0360717326 0.4916149080 0.0873711035 0.8664185405
-117.1 9.0 2535.7 0.8645623922 0.0774271041 -0.4965248704 -0.0990269184 0.9949346781 -0.0172801651 0.4926718771 0.0641091093 0.8678504825
-220.2 215.7 2480.9 0.2322005332 0.0128208362 -0.9725834131 0.2987080812 0.9506540298 0.0838471577 0.9256653786 -0.3099879026 0.2169126868
-277.6 141.9 2252.1 -0.9133543372 0.0128208362 -0.4069636762 0.1373085082 0.9506540298 -0.2782143950 0.3833147287 -0.3099879026 -0.8700444102
15.9 188.5 2615.4 -0.0280717667 0.9134736657 0.4059283137 -0.5313526392 0.3303285539 -0.7800945044 -0.8466855288 -0.2375897020 0.4761037230
7.8 35.5 2371.5 -0.2576272488 0.9134736657 0.3149508238 0.0175702758 0.3303285539 -0.9437024593 -0.9660845995 -0.2375897020 -0.1011516303
-212.1 -170.4 2479.1 0.9928441048 -0.0329050533 -0.1147948131 0.0379490927 0.9983952045 0.0420340188 0.1132274643 -0.0460895859 0.9924995303
-199.3 -557.9 2497.0 0.9916684628 -0.0535966530 -0.1171367615 0.0682667494 0.9897989035 0.1250510365 0.1092395261 -0.1320057064 0.9852112532
-56.3 -189.8 2565.0 0.9976335168 -0.0639710948 -0.0251994096 0.0610613711 0.9928104877 -0.1029509604 0.0316041224 0.1011686176 0.9943671823
-31.5 -575.3 2525.7 0.9956622124 -0.0848671719 -0.0381362960 0.0885658786 0.9900928736 0.1089595109 0.0285113882 -0.1118644401 0.9933143854
-48.8 107.5 2156.1 0 0 0 0 0 0 0 0 0
-52.6 39.6 2144.9 0 0 0 0 0 0 0 0 0
-184.6 -830.3 2533.3 0 0 0 0 0 0 0 0 0
-9.7 -829.2 2554.4 0 0 0 0 0 0 0 0 0
-85.3 391.7 2564.0 5 0.8601773977 0.0770822540 -0.5041360855 -0.1091645882 0.9934294224 -0.0343659744 0.4981746376 0.0845946446 0.8629401922
-100.3 199.2 2547.6 0.8601773977 0.0770822540 -0.5041360855 -0.1091645882 0.9934294224 -0.0343659744 0.4981746376 0.0845946446 0.8629401922
-114.3 6.0 2535.4 0.8612928391 0.0725884214 -0.5028972030 -0.0943428427 0.9953787327 -0.0179039463 0.4992735982 0.0628652945 0.8641607761
-217.9 212.1 2479.4 0.3563010395 0.0154322423 -0.9342437387 0.2875732183 0.9495192170 0.1253589839 0.8890169859 -0.3133290112 0.3338767886
-306.5 140.6 2258.4 -0.9320209026 0.0154322423 -0.3620757759 0.1271362305 0.9495192170 -0.2867919207 0.3393720686 -0.3133290112 -0.8869337440
17.4 186.3 2615.8 0.0219060406 0.8729134798 0.4873830378 -0.5873375535 0.4057408869 -0.7002919912 -0.8090455532 -0.2709177434 0.5215830207
23.3 26.2 2395.2 -0.3320918381 0.8729134798 0.3574033082 0.0873544142 0.4057408869 -0.9098041058 -0.9391933680 -0.2709177434 -0.2109960765
-209.4 -175.1 2479.2 0.9919698834 -0.0339864604 -0.1218224093 0.0376490466 0.9989017844 0.0278896373 0.1207407489 -0.0322521776 0.9921600223
-196.2 -562.9 2491.7 0.9912739992 -0.0420184769 -0.1249411479 0.0599605329 0.9878309369 0.1435089260 0.1173907071 -0.1497482061 0.9817305803
-54.6 -193.0 2567.4 0.9974250197 -0.0649791136 -0.0303487666 0.0605949350 0.9899191260 -0.1280170977 0.0383612625 0.1258484721 0.9913074970
-29.4 -577.2 2518.5 0.9958897233 -0.0780242905 -0.0459992103 0.0834162310 0.9879783392 0.1301556379 0.0352909230 -0.1334577352 0.9904259443
-71.7 108.6 2172.9 0 0 0 0 0 0 0 0 0
-57.3 47.4 2167.1 0 0 0 0 0 0 0 0 0
-184.9 -829.6 2532.1 0 0 0 0 0 0 0 0 0
-9.8 -825.9 2552.2 0 0 0 0 0 0 0 0 0
-81.1 391.6 2557.0 6 0.8622560501 0.0835986510 -0.4995255172 -0.1052206606 0.9943324327 -0.0152190449 0.4954221547 0.0656831190 0.8661654592
-97.3 198.3 2544.2 0.8622560501 0.0835986510 -0.4995255172 -0.1052206606 0.9943324327 -0.0152190449 0.4954221547 0.0656831190 0.8661654592
-112.5 5.1 2534.1 0.8631828427 0.0781099275 -0.4988128543 -0.0938165039 0.9955686331 -0.0064493129 0.4960986674 0.0523638129 0.8666857481
-215.2 211.1 2476.4 0.4156232476 0.0114120888 -0.9094652534 0.2893550098 0.9463119507 0.1441089362 0.8622824550 -0.3230533600 0.3900070786
-318.7 139.1 2261.9 -0.9443045259 0.0114120888 -0.3288749754 0.1164572537 0.9463119507 -0.3015483618 0.3077770174 -0.3230533600 -0.8949356675
20.6 185.5 2612.0 0.0524120852 0.8457605243 0.5309822559 -0.6170141101 0.4455046356 -0.6487057805 -0.7852047682 -0.2936235368 0.5451959968
34.3 23.7 2406.1 -0.3899378479 0.8457605243 0.3641945124 0.1404644251 0.4455046356 -0.8841919303 -0.9100649357 -0.2936235368 -0.2925183773
-205.5 -178.7 2478.5 0.9929535389 -0.0205206592 -0.1167140156 0.0243512634 0.9992073774 0.0314896256 0.1159753203 -0.0341098681 0.9926662445
-197.5 -566.6 2491.8 0.9916131496 -0.0522340946 -0.1182159632 0.0681999326 0.9884518385 0.1353206486 0.1097824350 -0.1422480494 0.9837241769
-51.2 -195.7 2567.9 0.9981949329 -0.0544595756 -0.0253175031 0.0506012738 0.9897070527 -0.1338635534 0.0323470645 0.1323408335 0.9906763434
-30.1 -579.8 2516.6 0.9955728054 -0.0855795294 -0.0388712734 0.0900582671 0.9869104028 0.1337809116 0.0269135572 -0.1366893202 0.9902483225
-82.7 110.0 2185.0 0 0 0 0 0 0 0 0 0
-62.2 58.5 2180.8 0 0 0 0 0 0 0 0 0
-183.7 -827.3 2529.3 0 0 0 0 0 0 0 0 0
-9.1 -822.0 2550.1 0 0 0 0 0 0 0 0 0
-78.8 391.2 2560.5 7 0.8479751945 0.0893029794 -0.5224586725 -0.1174726859 0.9928549528 -0.0209567081 0.5168542266 0.0791453943 0.8524070382
-96.2 197.7 2545.1 0.8479751945 0.0893029794 -0.5224586725 -0.1174726859 0.9928549528 -0.0209567081 0.5168542266 0.0791453943 0.8524070382
-111.8 4.6 2533.1 0.8494045734 0.0803939626 -0.5215828419 -0.1007294655 0.9948563576 -0.0106974971 0.5180400014 0.0616252646 0.8531335592
-212.2 211.5 2474.3 0.4868225455 -0.0008735628 -0.8735004663 0.2968968451 0.9406291246 0.1645269692 0.8214962482 -0.3394349813 0.4581788182
-336.5 135.7 2264.6 -0.9499755502 -0.0008735628 -0.3123230636 0.1052328572 0.9406291246 -0.3227117956 0.2940620780 -0.3394349813 -0.8934827447
19.8 184.0 2615.8 0.0742141902 0.8488601446 0.5233820081 -0.6419490576 0.4422947466 -0.6263200045 -0.7631472349 -0.2895027697 0.5777494907
39.3 15.0 2415.0 -0.4070593417 0.8488601446 0.3372524083 0.1975169629 0.4422947466 -0.8748499155 -0.8917902112 -0.2895027697 -0.3477044702
-204.9 -179.7 2479.5 0.9895367026 -0.0176293999 -0.1432002932 0.0247371458 0.9985406399 0.0480071791 0.1421449631 -0.0510472320 0.9885287285
-198.1 -567.3 2499.3 0.9878100157 -0.0593280979 -0.1439150274 0.0740317032 0.9923235178 0.0990625769 0.1369330585 -0.1085092798 0.9846192598
-50.3 -196.6 2568.3 0.9972840548 -0.0519033261 -0.0522544309 0.0443673208 0.9896776676 -0.1362705678 0.0587879382 0.1335820705 0.9892925620
-30.1 -580.8 2516.5 0.9936951399 -0.0920281336 -0.0640376732 0.0996372700 0.9867492914 0.1280554384 0.0514044240 -0.1336286068 0.9896973968
-97.3 109.2 2190.6 0 0 0 0 0 0 0 0 0
-62.5 64.5 2191.8 0 0 0 0 0 0 0 0 0
-182.4 -829.7 2528.0 0 0 0 0 0 0 0 0 0
-7.1 -827.4 2549.9 0 0 0 0 0 0 0 0 0
-77.7 394.3 2561.2 8 0.8460142612 0.0914404839 -0.5252603889 -0.1186619699 0.9927661419 -0.0182970278 0.5197876096 0.0778079778 0.8507448435
-95.5 200.6 2546.0 0.8460142612 0.0914404839 -0.5252603889 -0.1186619699 0.9927661419 -0.0182970278 0.5197876096 0.0778079778 0.8507448435
-111.4 7.5 2534.3 0.8475000262 0.0822737366 -0.5243803263 -0.1016627327 0.9947848916 -0.0082278075 0.5209686756 0.0602830015 0.8514444232
-211.3 214.5 2474.9 0.4735916853 0.0192689169 -0.8805336952 0.2961128652 0.9380789995 0.1797913611 0.8294745684 -0.3458850384 0.4385606349
-333.8 137.9 2260.3 -0.9481773973 0.0192689169 -0.3171566129 0.1268858761 0.9380789995 -0.3223472238 0.2913066745 -0.3458850384 -0.8919102550
20.3 186.7 2617.2 0.0908861831 0.8390082717 0.5364744663 -0.6409896016 0.4615646303 -0.6132621169 -0.7621495724 -0.2881374955 0.5797454119
44.4 16.6 2415.0 -0.4198767245 0.8390082717 0.3460761011 0.2123941630 0.4615646303 -0.8613052964 -0.8823787570 -0.2881374955 -0.3720006943
-203.4 -179.4 2474.7 0.9890934825 -0.0157455616 -0.1464449465 0.0244745724 0.9980167150 0.0579965897 0.1452413201 -0.0609482266 0.9875172377
-197.3 -566.8 2498.4 0.9874426723 -0.0580015741 -0.1469447017 0.0726819485 0.9926671982 0.0965873152 0.1402649730 -0.1060546637 0.9844176769
-51.3 -197.5 2567.5 0.9969944358 -0.0539142415 -0.0556359179 0.0458676144 0.9895157218 -0.1369481087 0.0624360703 0.1339846104 0.9890145659
-30.3 -581.6 2515.5 0.9932091832 -0.0945074111 -0.0678516254 0.1026077196 0.9864546657 0.1279800236 0.0548374914 -0.1340730339 0.9894530177
-94.1 105.8 2186.6 0 0 0 0 0 0 0 0 0
-61.4 70.2 2192.7 0 0 0 0 0 0 0 0 0
-182.0 -827.8 2526.3 0 0 0 0 0 0 0 0 0
-6.6 -828.9 2549.1 0 0 0 0 0 0 0 0 0
-75.5 396.6 2563.6 9 0.8452206850 0.0947747007 -0.5259465575 -0.1248650476 0.9919315577 -0.0219195206 0.5196256042 0.0841991752 0.8502351046
-93.9 203.1 2547.2 0.8452206850 0.0947747007 -0.5259465575 -0.1248650476 0.9919315577 -0.0219195206 0.5196256042 0.0841991752 0.8502351046
-110.4 10.1 2534.5 0.8469040394 0.0847091526 -0.5249551535 -0.1062364578 0.9942806363 -0.0109483991 0.5210253000 0.0650416240 0.8510594368
-209.6 217.6 2476.0 0.4440206885 0.0253974423 -0.8956565261 0.2932711244 0.9404195547 0.1720555872 0.8466626406 -0.3390664458 0.4101174176
-324.3 141.9 2257.3 -0.9387274384 0.0253974423 -0.3437234461 0.1390555799 0.9404195547 -0.3102815151 0.3153638840 -0.3390664458 -0.8863292933
21.8 188.6 2618.3 0.1009950489 0.8502342105 0.5166253448 -0.6485897899 0.4500306249 -0.6138434410 -0.7544079423 -0.2730827928 0.5969040990
48.4 17.3 2419.2 -0.3962421715 0.8502342105 0.3465456665 0.2056250125 0.4500306249 -0.8690171242 -0.8948242664 -0.2730827928 -0.3531505167
-203.3 -176.5 2476.0 0.9889962673 -0.0181291848 -0.1468254924 0.0251449719 0.9986217618 0.0460688844 0.1457879394 -0.0492538773 0.9880890250
-196.3 -564.2 2495.1 0.9877632856 -0.0500449687 -0.1477132142 0.0671572685 0.9912961721 0.1132335812 0.1407607645 -0.1217679903 0.9825268388
-51.5 -194.7 2569.3 0.9964357615 -0.0624870695 -0.0566673242 0.0539923310 0.9885780215 -0.1407064497 0.0648124069 0.1371453404 0.9884282947
-27.2 -578.5 2516.1 0.9947729111 -0.0726604238 -0.0717451572 0.0820678994 0.9869800210 0.1383303702 0.0607598945 -0.1434952766 0.9877840281
-85.5 106.5 2177.1 0 0 0 0 0 0 0 0 0
-51.8 69.3 2193.0 0 0 0 0 0 0 0 0 0
-183.0 -826.4 2527.3 0 0 0 0 0 0 0 0 0
-8.6 -831.9 2552.9 0 0 0 0 0 0 0 0 0
-75.2 400.6 2564.3 0 0.8570565581 0.0893115252 -0.5074224472 -0.1190359071 0.9925400019 -0.0263591893 0.5012828708 0.0829928070 0.8612942100
-92.7 206.9 2548.1 0.8570565581 0.0893115252 -0.5074224472 -0.1190359071 0.9925400019 -0.0263591893 0.5012828708 0.0829928070 0.8612942100
-108.8 13.8 2535.5 0.8583350778 0.0829681158 -0.5063369870 -0.1042899191 0.9944506288 -0.0138405897 0.5023788214 0.0646857098 0.8622245789
-209.9 221.1 2479.5 0.4017542303 -0.0298090484 -0.9152622223 0.3081331849 0.9455910325 0.1044581831 0.8623499870 -0.3239891827 0.3890803456
-312.7 142.3 2258.8 -0.9216156006 -0.0298090484 -0.3869574666 0.0994806886 0.9455910325 -0.3097759783 0.3751376271 -0.3239891827 -0.8685060740
24.6 192.6 2616.7 0.0945291147 0.8861070275 0.4537384212 -0.6489335299 0.4004850090 -0.6469134688 -0.7549499869 -0.2332939208 0.6128820777
49.1 24.1 2420.6 -0.3146165907 0.8861070275 0.3403390944 0.1501285583 0.4004850090 -0.9039210081 -0.9372714758 -0.2332939208 -0.2590292096
