-72.7 475.7 2405.5 8 0.9845123291 0.1080915928 0.1380277127 -0.1409504116 0.9561997056 0.2565445900 -0.1042517424 -0.2720263898 0.9566259384
-95.0 278.3 2461.6 0.9845123291 0.1080915928 0.1380277127 -0.1409504116 0.9561997056 0.2565445900 -0.1042517424 -0.2720263898 0.9566259384
-115.9 86.0 2506.7 0.9854480624 0.1057489142 0.1330761015 -0.1325293034 0.9682454467 0.2119828165 -0.1064333767 -0.2265345454 0.9681704640
-238.6 297.7 2477.1 0.8321644664 -0.3405791223 -0.4376164675 0.5211356282 0.7500387430 0.4072584808 0.1895255744 -0.5669636130 0.8016435504
-421.8 183.0 2435.4 -0.8459696174 -0.3405791223 -0.4102941453 0.0186887756 0.7500387430 -0.6611297727 0.5329034925 -0.5669636130 -0.6281449795
48.6 258.9 2446.1 0.1088833287 0.5015059114 0.8582751751 -0.9636788368 0.2650633454 -0.0326262265 -0.2438595295 -0.8235491514 0.5121516585
71.8 53.5 2394.1 -0.8496230245 0.5015059114 -0.1631946117 0.3304510415 0.2650633454 -0.9058386087 -0.4110265076 -0.8235491514 -0.3909270763
-220.4 -101.5 2552.4 0.9964761734 0.0428386368 0.0721114799 -0.0412566364 0.9988771677 -0.0232873037 -0.0730281025 0.0202301666 0.9971246719
-237.4 -498.3 2544.4 0.9966786504 0.0482320711 0.0656151697 -0.0372811891 0.9865868092 -0.1589230150 -0.0724002495 0.1559489667 0.9851081967
-38.9 -120.8 2540.1 0.9978914857 0.0446087345 -0.0471443608 -0.0434852429 0.9987512827 0.0245941635 0.0481826067 -0.0224922225 0.9985852838
-56.6 -517.7 2549.0 0.9844903946 -0.1677319556 -0.0514262244 0.1635553986 0.9835367799 -0.0768445581 0.0634688735 0.0672416911 0.9957159758
-202.0 178.1 2296.9 0 0 0 0 0 0 0 0 0
-146.3 138.4 2288.6 0 0 0 0 0 0 0 0 0
-253.0 -817.6 2493.9 0 0 0 0 0 0 0 0 0
-5.2 -819.3 2528.4 0 0 0 0 0 0 0 0 0
-71.2 482.0 2409.6 9 0.9931809902 0.1160594597 -0.0110324426 -0.1093703061 0.9603250027 0.2565424442 0.0403689072 -0.2535864711 0.9664700031
-95.1 283.7 2462.0 0.9931809902 0.1160594597 -0.0110324426 -0.1093703061 0.9603250027 0.2565424442 0.0403689072 -0.2535864711 0.9664700031
-116.6 90.8 2504.2 0.9938597083 0.1095132828 -0.0158013236 -0.1035592183 0.9709497690 0.2157129645 0.0389657244 -0.2127520591 0.9763289690
-238.5 298.9 2456.3 0.8499252200 -0.3575245440 -0.3870443404 0.5184062719 0.6987951398 0.4928897321 0.0942445248 -0.6195656657 0.7792665362
-423.2 186.2 2435.8 -0.8483743668 -0.3575245440 -0.3904319704 0.0343318805 0.6987951398 -0.7144975066 0.5282823443 -0.6195656657 -0.5805653930
48.3 268.6 2467.7 0.1071779653 0.5046362281 0.8566534519 -0.9446262121 0.3204649389 -0.0705946013 -0.3101519942 -0.8016511202 0.5110393763
72.7 53.0 2396.9 -0.8535372615 0.5046362281 -0.1296779662 0.3246683180 0.3204649389 -0.8898835182 -0.4075102508 -0.8016511202 -0.4373681545
-226.9 -94.2 2561.5 0.9969446063 0.0251548979 -0.0739504844 -0.0287211817 0.9984551668 -0.0475641191 0.0726397783 0.0495427363 0.9961270094
-236.9 -490.7 2541.9 0.9959528446 0.0479148887 -0.0760402605 -0.0585264303 0.9878301024 -0.1441051513 0.0682100728 0.1479723006 0.9866365194
-46.6 -118.5 2542.1 0.9809025526 0.0260104034 -0.1927528828 -0.0196417104 0.9991984963 0.0348786116 0.1935056001 -0.0304265246 0.9806272388
-56.9 -515.5 2554.2 0.9670245647 -0.1644389778 -0.1944822669 0.1445554197 0.9830865860 -0.1124478281 0.2096837014 0.0806263462 0.9744393826
-202.8 177.3 2298.5 0 0 0 0 0 0 0 0 0
-146.3 136.3 2292.3 0 0 0 0 0 0 0 0 0
-252.8 -818.4 2492.8 0 0 0 0 0 0 0 0 0
-6.1 -819.5 2529.3 0 0 0 0 0 0 0 0 0
-70.4 484.0 2411.2 0 0.9843657613 0.1140937284 -0.1341890991 -0.0750253648 0.9608769417 0.2666209638 0.1593589932 -0.2523849607 0.9544142485
-94.0 285.2 2463.4 0.9843657613 0.1140937284 -0.1341890991 -0.0750253648 0.9608769417 0.2666209638 0.1593589932 -0.2523849607 0.9544142485
-114.5 92.1 2505.7 0.9848692417 0.1037706062 -0.1387957633 -0.0705593079 0.9716245532 0.2257589102 0.1582845151 -0.2125496715 0.9642451406
-235.9 295.4 2440.5 0.8723734617 -0.3506540358 -0.3405970037 0.4873795807 0.6777178645 0.5505993366 0.0377587974 -0.6463282704 0.7621246576
-419.9 192.6 2432.5 -0.8480259776 -0.3506540358 -0.3973583281 0.0630474016 0.6777178645 -0.7326141596 0.5261909366 -0.6463282704 -0.5526145697
47.9 274.9 2486.4 0.1079530790 0.5073089600 0.8549758792 -0.9239949584 0.3685466349 -0.1020132750 -0.3668507338 -0.7789807916 0.5085366368
73.5 56.1 2399.5 -0.8572066426 0.5073089600 -0.0885121822 0.3086547554 0.3685466349 -0.8768726587 -0.4122244716 -0.7789807916 -0.4725039303
-228.1 -92.6 2543.0 0.9814694524 0.0201193802 -0.1905594915 -0.0235177875 0.9996018410 -0.0155889364 0.1901699901 0.0197816025 0.9815518856
-236.1 -489.5 2535.1 0.9798199534 0.0569293983 -0.1916034818 -0.0786922053 0.9910361171 -0.1079578623 0.1837399900 0.1208569705 0.9755169153
-48.1 -111.6 2550.1 0.9505909085 0.0233131815 -0.3095697463 -0.0206498541 0.9997162223 0.0118777845 0.3097587824 -0.0048983437 0.9508025646
-57.3 -508.7 2552.1 0.9374307394 -0.1585274339 -0.3099882007 0.1277489066 0.9848428369 -0.1173233390 0.3238886297 0.0703818500 0.9434736371
-203.5 176.5 2298.2 0 0 0 0 0 0 0 0 0
-145.9 135.1 2294.0 0 0 0 0 0 0 0 0 0
-254.9 -816.8 2495.2 0 0 0 0 0 0 0 0 0
-7.2 -820.3 2529.8 0 0 0 0 0 0 0 0 0
-70.6 478.9 2405.5 1 0.9753731489 0.1120505929 -0.1899786890 -0.0555322841 0.9583535194 0.2801334262 0.2134558558 -0.2626846731 0.9409747124
-93.9 280.4 2459.9 0.9753731489 0.1120505929 -0.1899786890 -0.0555322841 0.9583535194 0.2801334262 0.2134558558 -0.2626846731 0.9409747124
-113.4 87.6 2503.8 0.9759103060 0.0982758105 -0.1947844177 -0.0506064110 0.9704191089 0.2360630631 0.2122218013 -0.2205190212 0.9520153403
-235.2 287.7 2429.0 0.8980510831 -0.3399142325 -0.2792177498 0.4395151138 0.6671115160 0.6014887691 -0.0181852225 -0.6628880501 0.7484976649
-418.2 198.1 2432.7 -0.8496019244 -0.3399142325 -0.4032801688 0.0844282582 0.6671115160 -0.7401582003 0.5206231475 -0.6628880501 -0.5380808115
47.5 273.1 2490.8 0.1100386307 0.5088168383 0.8538131714 -0.9187048674 0.3798940778 -0.1079902351 -0.3793058395 -0.7725191712 0.5092555285
73.2 58.2 2402.0 -0.8578948379 0.5088168383 -0.0715669990 0.2983582914 0.3798940778 -0.8755928278 -0.4183284938 -0.7725191712 -0.4777189195
-224.0 -94.5 2533.6 0.9695740938 0.0301587563 -0.2429331243 -0.0281208362 0.9995342493 0.0118529545 0.2431774586 -0.0046608350 0.9699706435
-236.0 -491.4 2535.5 0.9678143263 0.0583909601 -0.2447978407 -0.0876274854 0.9900292158 -0.1102884561 0.2359171659 0.1281897575 0.9632810950
-45.9 -107.3 2562.4 0.9319516420 0.0275782254 -0.3615322113 -0.0380493104 0.9990364313 -0.0218748543 0.3605805933 0.0341423564 0.9321029782
-56.8 -504.0 2548.9 0.9196283817 -0.1511264145 -0.3625527024 0.1185761243 0.9867714047 -0.1105528772 0.3744640946 0.0586774684 0.9253829718
-203.8 176.8 2301.3 0 0 0 0 0 0 0 0 0
-146.0 134.4 2295.1 0 0 0 0 0 0 0 0 0
-255.0 -814.6 2493.6 0 0 0 0 0 0 0 0 0
-8.8 -817.3 2530.3 0 0 0 0 0 0 0 0 0
-69.5 478.3 2401.6 2 0.9770003557 0.1053199992 -0.1854129434 -0.0482571796 0.9561592340 0.2888439298 0.2077053338 -0.2732531428 0.9392503500
-91.4 279.9 2458.3 0.9770003557 0.1053199992 -0.1854129434 -0.0482571796 0.9561592340 0.2888439298 0.2077053338 -0.2732531428 0.9392503500
-109.7 87.4 2504.1 0.9774251580 0.0923691317 -0.1900209188 -0.0441207625 0.9687772989 0.2439751178 0.2066237330 -0.2300835550 0.9509827495
-233.6 286.3 2428.2 0.9042332768 -0.3264079988 -0.2753543854 0.4269085228 0.6750105023 0.6017556787 -0.0105507448 -0.6616786122 0.7497133017
-417.9 199.3 2430.4 -0.8538169861 -0.3264079988 -0.4055297375 0.0897746459 0.6750105023 -0.7323259711 0.5127738714 -0.6616786122 -0.5470322967
50.8 273.5 2488.4 0.0940135494 0.5096020103 0.8552585840 -0.9253904223 0.3615562022 -0.1137089357 -0.3671703637 -0.7807579041 0.5055720210
72.7 57.6 2402.8 -0.8566800356 0.5096020103 -0.0800319239 0.2976184487 0.3615562022 -0.8835725188 -0.4213342965 -0.7807579041 -0.4614049494
-221.6 -100.6 2528.3 0.9709001780 0.0386634395 -0.2363429368 -0.0299297944 0.9987339377 0.0404312834 0.2376069278 -0.0321810469 0.9708281755
-237.0 -497.2 2541.1 0.9690723419 0.0596217923 -0.2394662052 -0.0937152579 0.9865934253 -0.1336071491 0.2282898873 0.1519166231 0.9616678357
-44.1 -109.8 2567.0 0.9338463545 0.0325477123 -0.3561905026 -0.0474943295 0.9983164072 -0.0332953557 0.3545071483 0.0480097756 0.9338199496
-57.1 -506.3 2548.0 0.9210611582 -0.1540999413 -0.3576304317 0.1229418218 0.9864724874 -0.1084315181 0.3695018589 0.0559043288 0.9275467992
-203.2 176.7 2301.4 0 0 0 0 0 0 0 0 0
-145.9 133.6 2295.3 0 0 0 0 0 0 0 0 0
-256.2 -815.3 2492.1 0 0 0 0 0 0 0 0 0
-9.1 -813.5 2530.6 0 0 0 0 0 0 0 0 0
-69.6 473.8 2408.2 3 0.9749841094 0.1033282727 -0.1967974305 -0.0488375947 0.9633290172 0.2638410628 0.2168429196 -0.2476297468 0.9442768097
-91.0 274.6 2459.4 0.9749841094 0.1033282727 -0.1967974305 -0.0488375947 0.9633290172 0.2638410628 0.2168429196 -0.2476297468 0.9442768097
-109.1 81.4 2501.6 0.9754263163 0.0913696885 -0.2004870027 -0.0444399603 0.9728452563 0.2271502018 0.2157974690 -0.2126586437 0.9529993534
-233.2 281.1 2427.9 0.9142395854 -0.3236226141 -0.2437917441 0.4045649767 0.6961489916 0.5930461287 -0.0222077612 -0.6408158541 0.7673733234
-415.6 200.4 2432.3 -0.8425829411 -0.3236226141 -0.4304908514 0.0961054862 0.6961489916 -0.7114353776 0.5299223661 -0.6408158541 -0.5554614067
51.2 268.1 2490.9 0.0909579918 0.5115874410 0.8544032574 -0.9193688035 0.3728776872 -0.1253923327 -0.3827370703 -0.7741062641 0.5042537451
72.1 56.8 2402.9 -0.8558664918 0.5115874410 -0.0759658441 0.3007948995 0.3728776872 -0.8777725697 -0.4207314551 -0.7741062641 -0.4730164409
-217.3 -101.0 2530.9 0.9679996967 0.0501352474 -0.2458922714 -0.0433699563 0.9985187054 0.0328553542 0.2471752316 -0.0211396366 0.9687401652
-237.2 -497.7 2539.3 0.9661448002 0.0606448166 -0.2507717013 -0.0956681371 0.9868990779 -0.1299148351 0.2396076918 0.1495074034 0.9592891335
-38.8 -109.1 2568.7 0.9299731255 0.0433512256 -0.3650625646 -0.0612634271 0.9974123240 -0.0376217514 0.3624869585 0.0573522039 0.9302225113
-56.0 -505.3 2545.9 0.9183771014 -0.1477925181 -0.3670706749 0.1188026369 0.9878197312 -0.1004894748 0.3774512410 0.0486782715 0.9247491360
-202.6 176.1 2298.4 0 0 0 0 0 0 0 0 0
-145.9 133.4 2295.7 0 0 0 0 0 0 0 0 0
-256.8 -816.2 2491.1 0 0 0 0 0 0 0 0 0
-9.7 -815.4 2530.6 0 0 0 0 0 0 0 0 0
-68.3 466.7 2404.0 4 0.9841988087 0.1137020066 -0.1357371658 -0.0725007206 0.9581529498 0.2769233584 0.1615437120 -0.2627066076 0.9512564540
-91.8 268.4 2458.4 0.9841988087 0.1137020066 -0.1357371658 -0.0725007206 0.9581529498 0.2769233584 0.1615437120 -0.2627066076 0.9512564540
-112.0 75.8 2502.8 0.9848383069 0.1020722762 -0.1402667910 -0.0667881072 0.9693429470 0.2364605069 0.1601026952 -0.2235072106 0.9614632726
-235.3 278.1 2435.0 0.9165781736 -0.3094463348 -0.2532338798 0.3995138109 0.7349053621 0.5479989052 0.0165266953 -0.6034542322 0.7972263098
-413.1 200.6 2431.8 -0.8369712830 -0.3094463348 -0.4513558447 0.0907209888 0.7349053621 -0.6720742583 0.5396747589 -0.6034542322 -0.5870214105
51.6 258.6 2481.7 0.0881785303 0.5199308991 0.8496448398 -0.9343991280 0.3387207091 -0.1103018746 -0.3451416790 -0.7841811776 0.5156909227
70.9 54.9 2406.5 -0.8489615321 0.5199308991 -0.0945315361 0.3064961731 0.3387207091 -0.8895664215 -0.4304932654 -0.7841811776 -0.4469176829
-216.5 -107.9 2524.1 0.9805766344 0.0515216514 -0.1892483979 -0.0439527221 0.9980651140 0.0439789705 0.1911481023 -0.0348067656 0.9809438586
-237.0 -504.4 2538.0 0.9787048697 0.0626699701 -0.1954718530 -0.0908769593 0.9861353636 -0.1388468444 0.1840601861 0.1536539793 0.9708307385
-38.0 -116.0 2563.7 0.9488816857 0.0443305597 -0.3125032783 -0.0569859743 0.9978786707 -0.0314762406 0.3104450107 0.0476755314 0.9493950605
-55.6 -512.5 2544.7 0.9372375011 -0.1506872922 -0.3144505620 0.1300773770 0.9877969027 -0.0856574625 0.3235207796 0.0393784866 0.9454013109
-200.1 177.5 2294.5 0 0 0 0 0 0 0 0 0
-145.7 133.1 2296.7 0 0 0 0 0 0 0 0 0
-256.7 -815.2 2489.5 0 0 0 0 0 0 0 0 0
-9.4 -815.5 2532.7 0 0 0 0 0 0 0 0 0
-66.9 467.8 2402.4 5 0.9629196525 0.1166819185 -0.2432510704 -0.0432388894 0.9567269087 0.2877568305 0.2663008571 -0.2665688097 0.9262963533
-91.0 269.9 2457.5 0.9629196525 0.1166819185 -0.2432510704 -0.0432388894 0.9567269087 0.2877568305 0.2663008571 -0.2665688097 0.9262963533
-111.4 77.5 2502.8 0.9633594155 0.1023601145 -0.2479134500 -0.0393742509 0.9682705998 0.2467826456 0.2653079927 -0.2279789746 0.9368229508
-230.7 275.6 2419.0 0.9275817275 -0.3064289391 -0.2137601972 0.3715946674 0.6971468329 0.6131098866 -0.0388523676 -0.6481416821 0.7605280280
-416.5 201.2 2426.8 -0.8603315949 -0.3064289391 -0.4073461294 0.0885429084 0.6971468329 -0.7114397287 0.5019857883 -0.6481416821 -0.5726453066
48.7 264.2 2496.0 0.0869679227 0.5348339677 0.8404695988 -0.9238732457 0.3589183688 -0.1328000575 -0.3726859689 -0.7649380565 0.5253331661
68.6 52.0 2410.4 -0.8404935002 0.5348339677 -0.0867368132 0.3189159632 0.3589183688 -0.8771945238 -0.4380220175 -0.7649380565 -0.4722356498
-222.3 -110.6 2532.7 0.9546916485 0.0400022939 -0.2948961258 -0.0321237817 0.9989869595 0.0315143578 0.2958580256 -0.0206133146 0.9550094604
-238.1 -507.5 2540.8 0.9531163573 0.0558235087 -0.2974104285 -0.1008229479 0.9852623940 -0.1381767243 0.2853137851 0.1616842896 0.9446979761
-42.1 -122.9 2562.0 0.9110834599 0.0301395766 -0.4111185968 -0.0378265493 0.9992283583 -0.0105731664 0.4104827046 0.0251842346 0.9115205407
-54.1 -519.9 2552.0 0.8982595801 -0.1534672976 -0.4117979109 0.1094077155 0.9856337905 -0.1286699921 0.4256285727 0.0705251768 0.9021455050
-195.4 178.4 2297.8 0 0 0 0 0 0 0 0 0
-145.4 133.3 2298.9 0 0 0 0 0 0 0 0 0
-255.6 -816.4 2490.2 0 0 0 0 0 0 0 0 0
-7.8 -817.6 2530.7 0 0 0 0 0 0 0 0 0
-66.4 465.5 2402.1 6 0.9631869793 0.1143951938 -0.2432787418 -0.0401030071 0.9559614658 0.2907393575 0.2658242881 -0.2702801526 0.9253572822
-90.1 267.8 2458.0 0.9631869793 0.1143951938 -0.2432787418 -0.0401030071 0.9559614658 0.2907393575 0.2658242881 -0.2702801526 0.9253572822
-110.2 75.6 2504.3 0.9635484815 0.1010641232 -0.2477103025 -0.0368765220 0.9672368765 0.2511830628 0.2649801373 -0.2328923643 0.9357064962
-230.3 273.1 2419.4 0.9260486960 -0.3085089326 -0.2173846215 0.3752437830 0.6911239028 0.6176891327 -0.0403228998 -0.6535823941 0.7557804585
-422.2 195.4 2427.8 -0.8820181489 -0.3085089326 -0.3561828732 0.0494382121 0.6911239028 -0.7210434079 0.4686148465 -0.6535823941 -0.5943316817
50.1 262.4 2496.6 0.1076746881 0.5401704907 0.8346388340 -0.9262702465 0.3594721258 -0.1131511778 -0.3611503243 -0.7609176636 0.5390498638
75.1 47.9 2412.9 -0.8365734220 0.5401704907 -0.0914371908 0.3276103437 0.3594721258 -0.8737569451 -0.4391085804 -0.7609176636 -0.4776902795
-219.4 -111.3 2524.0 0.9547917843 0.0477626026 -0.2934133112 -0.0317094140 0.9977406263 0.0592297576 0.2955793440 -0.0472481214 0.9541490674
-238.4 -507.6 2542.8 0.9533004165 0.0547901504 -0.2970123887 -0.1013102904 0.9844412208 -0.1435679793 0.2845250964 0.1669538170 0.9440190196
-44.0 -118.4 2572.3 0.9108614326 0.0336878821 -0.4113351405 -0.0502003506 0.9983062148 -0.0294036083 0.4096479118 0.0474317819 0.9110097885
-57.4 -515.0 2553.5 0.8971067667 -0.1579640359 -0.4126097858 0.1122749373 0.9847507477 -0.1328921467 0.4273099601 0.0728927031 0.9011619687
-194.7 182.6 2306.9 0 0 0 0 0 0 0 0 0
-140.2 132.1 2299.9 0 0 0 0 0 0 0 0 0
-255.7 -818.4 2490.1 0 0 0 0 0 0 0 0 0
-8.8 -817.8 2531.1 0 0 0 0 0 0 0 0 0
-64.7 467.2 2408.9 7 0.9471833110 0.1209376827 -0.2970149517 -0.0363479443 0.9606840014 0.2752545774 0.3186261654 -0.2499206662 0.9143396616
-89.6 268.9 2460.5 0.9471833110 0.1209376827 -0.2970149517 -0.0363479443 0.9606840014 0.2752545774 0.3186261654 -0.2499206662 0.9143396616
-110.3 76.1 2504.0 0.9478598833 0.1045085788 -0.3010641634 -0.0305534489 0.9701495171 0.2405751497 0.3172194362 -0.2188329846 0.9227588773
-227.6 273.4 2414.3 0.9308372736 -0.2942914665 -0.2166438103 0.3626326323 0.6706101894 0.6471318007 -0.0451618321 -0.6809365153 0.7309486270
-421.8 197.7 2423.7 -0.8949109316 -0.2942914665 -0.3354504108 0.0567175932 0.6706101894 -0.7396385074 0.4426257610 -0.6809365153 -0.5834448338
48.4 264.4 2506.7 0.1297102422 0.5479040742 0.8264238238 -0.9147074223 0.3878330886 -0.1135596484 -0.3827342987 -0.7412062287 0.5514778495
79.2 46.7 2415.6 -0.8337641954 0.5479040742 -0.0681055933 0.3253085315 0.3878330886 -0.8624151349 -0.4461071491 -0.7412062287 -0.5015991926
-218.3 -113.2 2526.3 0.9371262789 0.0490129218 -0.3455314934 -0.0315633565 0.9979344606 0.0559510067 0.3475601077 -0.0415270254 0.9367376566
-237.8 -509.7 2542.8 0.9351353049 0.0629442111 -0.3486544788 -0.1141666844 0.9851345420 -0.1283585578 0.3353921473 0.1598373502 0.9284202456
-42.2 -120.0 2574.8 0.8869004250 0.0376416184 -0.4604245126 -0.0638711825 0.9970942140 -0.0415163450 0.4575238824 0.0662287250 0.8867275119
-57.2 -516.1 2548.5 0.8724591732 -0.1593978703 -0.4619603157 0.1145346612 0.9856758714 -0.1237937883 0.4750756025 0.0550945550 0.8782185316
-190.2 183.1 2309.2 0 0 0 0 0 0 0 0 0
-136.3 130.8 2300.3 0 0 0 0 0 0 0 0 0
-257.5 -817.5 2492.9 0 0 0 0 0 0 0 0 0
-8.3 -818.7 2531.6 0 0 0 0 0 0 0 0 0
-65.3 465.9 2411.8 8 0.9448077679 0.1155196130 -0.3065836132 -0.0296686012 0.9620981812 0.2710845768 0.3262791336 -0.2470269054 0.9124251604
-89.0 267.9 2462.7 0.9448077679 0.1155196130 -0.3065836132 -0.0296686012 0.9620981812 0.2710845768 0.3262791336 -0.2470269054 0.9124251604
-108.9 74.9 2505.6 0.9453163743 0.1000592187 -0.3104272485 -0.0251070838 0.9712793827 0.2366136312 0.3251869678 -0.2158808112 0.9206784964
-226.9 271.6 2415.2 0.9368854761 -0.2785833180 -0.2112746537 0.3482374251 0.6895024180 0.6350725293 -0.0312462132 -0.6685639620 0.7429979444
-421.5 199.3 2421.7 -0.8939860463 -0.2785833180 -0.3509704173 0.0682203621 0.6895024180 -0.7210633755 0.4428711832 -0.6685639620 -0.5974004865
48.8 264.2 2510.1 0.1327083409 0.5312016606 0.8367874622 -0.9100078940 0.3998643458 -0.1095176190 -0.3927774429 -0.7469493151 0.5364630222
80.8 45.2 2415.6 -0.8438793421 0.5312016606 -0.0754480734 0.3282181621 0.3998643458 -0.8557928205 -0.4244295657 -0.7469493151 -0.5117872953
-217.7 -113.8 2518.4 0.9343873858 0.0485019572 -0.3529416025 -0.0250632688 0.9971839786 0.0706818625 0.3553759158 -0.0571983717 0.9329717755
-236.9 -510.0 2541.2 0.9319868684 0.0694460273 -0.3557776213 -0.1183123514 0.9860041142 -0.1174651831 0.3426407278 0.1515688896 0.9271591902
-44.4 -119.5 2576.5 0.8832302094 0.0317164436 -0.4678659141 -0.0641689301 0.9964993596 -0.0535848364 0.4645285606 0.0773501992 0.8821735382
-57.0 -515.4 2545.7 0.8686219454 -0.1599830240 -0.4689364135 0.1183618978 0.9860353470 -0.1171527207 0.4811303318 0.0462572202 0.8754278421
-189.7 181.6 2306.9 0 0 0 0 0 0 0 0 0
-137.9 130.3 2305.6 0 0 0 0 0 0 0 0 0
-258.6 -818.0 2493.8 0 0 0 0 0 0 0 0 0
-7.9 -818.3 2531.5 0 0 0 0 0 0 0 0 0
-65.8 466.6 2406.3 9 0.9567683935 0.1150306463 -0.2671369612 -0.0365458205 0.9587342739 0.2819450498 0.2885456681 -0.2599933743 0.9214905500
-89.6 268.3 2460.1 0.9567683935 0.1150306463 -0.2671369612 -0.0365458205 0.9587342739 0.2819450498 0.2885456681 -0.2599933743 0.9214905500
-109.6 75.7 2504.8 0.9571550488 0.1011000872 -0.2713539004 -0.0330968834 0.9691270590 0.2443303019 0.2876782417 -0.2248810232 0.9309509993
-229.2 273.2 2418.1 0.9345871806 -0.2660899758 -0.2360994965 0.3556989431 0.6896555424 0.6307562590 -0.0050105983 -0.6734770536 0.7391911149
-421.1 200.1 2419.2 -0.8987703919 -0.2660899758 -0.3484363258 0.0750435144 0.6896555424 -0.7202386260 0.4319493473 -0.6734770536 -0.5998736620
50.0 263.4 2502.1 0.1441134810 0.5274714231 0.8372605443 -0.9279143810 0.3659969568 -0.0708596185 -0.3438112438 -0.7666943073 0.5421934128
84.0 44.1 2420.8 -0.8431992531 0.5274714231 -0.1038695425 0.3358645737 0.3659969568 -0.8678947091 -0.4197737277 -0.7666943073 -0.4857673347
-215.3 -115.8 2518.7 0.9472906590 0.0554285645 -0.3155441880 -0.0353013463 0.9969813228 0.0691523105 0.3184246719 -0.0543682016 0.9463877678
-237.3 -511.9 2540.3 0.9452580214 0.0625401512 -0.3202748895 -0.1090034395 0.9856022596 -0.1292535365 0.3075801134 0.1570890099 0.9384655356
-42.2 -120.4 2578.2 0.9004409909 0.0343112908 -0.4336228073 -0.0659997985 0.9961189628 -0.0582321659 0.4299418926 0.0810536444 0.8992109299
-55.8 -516.2 2546.0 0.8862856030 -0.1593412161 -0.4348656833 0.1212843135 0.9860367179 -0.1141128018 0.4469763935 0.0483941473 0.8932357430
-187.8 180.7 2307.0 0 0 0 0 0 0 0 0 0
-134.8 131.3 2311.9 0 0 0 0 0 0 0 0 0
-256.9 -820.8 2491.1 0 0 0 0 0 0 0 0 0
-7.3 -816.3 2531.3 0 0 0 0 0 0 0 0 0
-63.7 471.1 2409.5 0 0.9626899362 0.1244848520 -0.2402741313 -0.0550148971 0.9593988657 0.2766354382 0.2649556398 -0.2530954778 0.9304521084
-89.4 273.0 2461.8 0.9626899362 0.1244848520 -0.2402741313 -0.0550148971 0.9593988657 0.2766354382 0.2649556398 -0.2530954778 0.9304521084
-110.9 80.4 2505.9 0.9635987878 0.1083762422 -0.2444011718 -0.0474880375 0.9689989686 0.2424581051 0.2631011605 -0.2220262140 0.9388728142
-230.0 279.9 2423.4 0.9241855145 -0.2618387043 -0.2780676186 0.3811957538 0.6778717041 0.6286332607 0.0238936711 -0.6869719625 0.7262910008
-422.3 200.6 2418.4 -0.9033476114 -0.2618387043 -0.3397110999 0.0784098208 0.6778717041 -0.7309868932 0.4216811955 -0.6869719625 -0.5918230414
51.2 266.0 2500.2 0.1389334798 0.5179156661 0.8440739512 -0.9283545613 0.3648406565 -0.0710567608 -0.3447539210 -0.7737277746 0.5314979553
84.3 45.0 2418.1 -0.8472349644 0.5179156661 -0.1181369722 0.3436856270 0.3648406565 -0.8653157949 -0.4050594270 -0.7737277746 -0.4871059358
-217.3 -113.8 2523.1 0.9556695223 0.0451316088 -0.2909620106 -0.0287873633 0.9977703094 0.0602132790 0.2930307984 -0.0491679646 0.9548379183
-235.2 -510.3 2542.7 0.9532527924 0.0690563992 -0.2941773832 -0.1131183952 0.9843000174 -0.1354903877 0.2802023292 0.1624334604 0.9460983276
-42.0 -119.9 2575.8 0.9109873772 0.0339234509 -0.4110367298 -0.0585431084 0.9971563816 -0.0474532917 0.4082581103 0.0672927126 0.9103828669
-55.5 -516.1 2549.1 0.8967623115 -0.1603652984 -0.4124322236 0.1180769354 0.9849476814 -0.1262376457 0.4264683127 0.0645064190 0.9021993876
-187.7 180.2 2308.9 0 0 0 0 0 0 0 0 0
-135.7 134.2 2312.9 0 0 0 0 0 0 0 0 0
-257.1 -822.1 2491.2 0 0 0 0 0 0 0 0 0
-6.8 -815.4 2529.5 0 0 0 0 0 0 0 0 0
-64.1 468.2 2411.1 1 0.9459956884 0.1241165623 -0.2994782329 -0.0389662795 0.9606417418 0.2750437558 0.3218287826 -0.2485206425 0.9135993123
-89.6 270.7 2462.2 0.9459956884 0.1241165623 -0.2994782329 -0.0389662795 0.9606417418 0.2750437558 0.3218287826 -0.2485206425 0.9135993123
-110.5 77.9 2505.3 0.9469038844 0.1052827910 -0.3037902713 -0.0313204713 0.9705776572 0.2387425005 0.3199875355 -0.2165513486 0.9223412871
-227.6 275.3 2415.6 0.9351416230 -0.2665452361 -0.2333747745 0.3538706601 0.6713418961 0.6512109041 -0.0169029031 -0.6915588975 0.7221222520
-421.4 202.0 2419.1 -0.9010449052 -0.2665452361 -0.3421574831 0.0811519697 0.6713418961 -0.7366915345 0.4260662794 -0.6915588975 -0.5832784772
48.4 266.1 2508.9 0.1429088563 0.5169455409 0.8440049291 -0.9103645682 0.4032566845 -0.0928461328 -0.3883470297 -0.7550836802 0.5282378793
82.8 46.9 2415.3 -0.8478801847 0.5169455409 -0.1177558973 0.3625518382 0.4032566845 -0.8402024508 -0.3868530691 -0.7550836802 -0.5293329358
-220.7 -107.8 2526.0 0.9366105199 0.0418352410 -0.3478657603 -0.0206186045 0.9977064729 0.0644722506 0.3497651219 -0.0532128811 0.9353249669
-237.3 -504.2 2547.1 0.9347923398 0.0655751750 -0.3490891159 -0.1213165373 0.9826522470 -0.1402741224 0.3338347077 0.1734774560 0.9265311360
-44.2 -116.5 2574.2 0.8854470253 0.0362943299 -0.4633208811 -0.0632072017 0.9970870614 -0.0426875278 0.4604219496 0.0670827627 0.8851618767
-58.6 -512.7 2547.5 0.8690698147 -0.1695570946 -0.4647236168 0.1231010780 0.9839991927 -0.1288090497 0.4791281521 0.0547360778 0.8760366440
-187.4 180.9 2308.4 0 0 0 0 0 0 0 0 0
-137.3 141.0 2314.9 0 0 0 0 0 0 0 0 0
-258.3 -818.7 2491.6 0 0 0 0 0 0 0 0 0
-6.1 -817.4 2530.6 0 0 0 0 0 0 0 0 0
-65.4 468.9 2413.5 2 0.9523146152 0.1231910288 -0.2791431248 -0.0449623019 0.9615415335 0.2709543407 0.3017868400 -0.2454828471 0.9212290049
-90.6 272.2 2463.7 0.9523146152 0.1231910288 -0.2791431248 -0.0449623019 0.9615415335 0.2709543407 0.3017868400 -0.2454828471 0.9212290049
-111.5 79.3 2506.4 0.9532624483 0.1051999405 -0.2832378745 -0.0369422175 0.9709760547 0.2363066226 0.2998766303 -0.2147987932 0.9294812679
-229.7 277.6 2419.9 0.9247093797 -0.2867971063 -0.2503196895 0.3806578815 0.6906320453 0.6149202585 -0.0034785459 -0.6639087200 0.7478055358
-416.1 200.9 2420.6 -0.8991075158 -0.2867971063 -0.3306858242 0.0451734625 0.6906320453 -0.7217940688 0.4353906810 -0.6639087200 -0.6079968214
48.4 266.8 2507.4 0.1416956931 0.5183557868 0.8433443308 -0.9100804925 0.4033887982 -0.0950316638 -0.3894558549 -0.7540456057 0.5289039016
82.2 49.9 2414.6 -0.8472563624 0.5183557868 -0.1160341650 0.3618935943 0.4033887982 -0.8404228091 -0.3888311386 -0.7540456057 -0.5293633342
-218.0 -112.1 2519.1 0.9435705543 0.0479884073 -0.3276762366 -0.0279410798 0.9974534512 0.0656191111 0.3299907446 -0.0527606346 0.9425085783
-237.0 -508.5 2540.0 0.9412231445 0.0680174455 -0.3308664858 -0.1142360345 0.9858976007 -0.1222951338 0.3178822696 0.1529038846 0.9357196689
-44.7 -117.9 2577.6 0.8949980736 0.0316107683 -0.4449484944 -0.0590024590 0.9971107244 -0.0478429571 0.4421505630 0.0690724105 0.8942772746
-57.3 -514.1 2550.2 0.8796839714 -0.1649016738 -0.4460533559 0.1202063784 0.9846007228 -0.1269325465 0.4601158202 0.0580420643 0.8859596848
-183.3 189.2 2307.9 0 0 0 0 0 0 0 0 0
-137.9 144.0 2313.6 0 0 0 0 0 0 0 0 0
-258.7 -822.0 2491.4 0 0 0 0 0 0 0 0 0
-6.4 -817.9 2532.3 0 0 0 0 0 0 0 0 0
-64.1 469.9 2407.6 3 0.9487966299 0.1298869550 -0.2879484296 -0.0442230068 0.9571930766 0.2860520780 0.3127766848 -0.2586713135 0.9139255285
-90.7 273.5 2460.7 0.9487966299 0.1298869550 -0.2879484296 -0.0442230068 0.9571930766 0.2860520780 0.3127766848 -0.2586713135 0.9139255285
-113.4 81.3 2505.9 0.9494985342 0.1139516234 -0.2923483551 -0.0386838764 0.9671283960 0.2513288558 0.3113777339 -0.2273271978 0.9226951003
-229.3 279.1 2415.2 0.9188373685 -0.2886088789 -0.2691521049 0.3946359754 0.6709024310 0.6278155446 -0.0006183460 -0.6830775142 0.7303456664
-414.0 199.8 2415.4 -0.9078325629 -0.2886088789 -0.3042119443 0.0349274427 0.6709024310 -0.7407226562 0.4178756475 -0.6830775142 -0.5989867449
47.9 267.8 2506.2 0.1227212325 0.5393260121 0.8331068158 -0.9113867879 0.3935157657 -0.1204968691 -0.3928277493 -0.7444950342 0.5398272872
76.9 52.3 2413.2 -0.8335914612 0.5393260121 -0.1193847582 0.3748228848 0.3935157657 -0.8394362330 -0.4057499766 -0.7444950342 -0.5301831365
-219.7 -110.3 2521.6 0.9396475554 0.0435055643 -0.3393666148 -0.0266165957 0.9981717467 0.0542652272 0.3411070108 -0.0419574045 0.9390876293
-237.0 -507.0 2538.3 0.9375420213 0.0644956529 -0.3418409824 -0.1098384261 0.9872772694 -0.1149746552 0.3300764561 0.1453408450 0.9326980114
-45.1 -117.1 2576.5 0.8895595074 0.0322835930 -0.4556771517 -0.0555866621 0.9977370501 -0.0378274508 0.4534247518 0.0589793362 0.8893409967
-57.9 -513.6 2553.1 0.8743153811 -0.1645225286 -0.4566234350 0.1134785190 0.9840133190 -0.1372604519 0.4719059765 0.0681919679 0.8790077567
-180.8 190.8 2308.0 0 0 0 0 0 0 0 0 0
-137.9 148.8 2308.7 0 0 0 0 0 0 0 0 0
-257.4 -819.7 2492.2 0 0 0 0 0 0 0 0 0
-7.0 -818.1 2532.0 0 0 0 0 0 0 0 0 0
-62.4 473.7 2411.7 4 0.9626319408 0.1357064545 -0.2343576103 -0.0681717917 0.9589475393 0.2752674818 0.2620922327 -0.2490047067 0.9323648810
-90.3 276.5 2462.9 0.9626319408 0.1357064545 -0.2343576103 -0.0681717917 0.9589475393 0.2752674818 0.2620922327 -0.2490047067 0.9323648810
-114.4 84.1 2506.4 0.9635235071 0.1208867580 -0.2387651503 -0.0614752322 0.9682860374 0.2421631515 0.2604672611 -0.2186517566 0.9403979182
-230.8 285.4 2424.9 0.8996492624 -0.2906626761 -0.3258011043 0.4329679906 0.6901382208 0.5798689127 0.0563015603 -0.6627401114 0.7467300296
-411.3 198.5 2413.6 -0.9162167311 -0.2906626761 -0.2757936418 -0.0011045248 0.6901382208 -0.7236767411 0.4006815553 -0.6627401114 -0.6326372027
50.2 267.5 2500.9 0.1116170511 0.5302338004 0.8404723406 -0.9194689393 0.3759470582 -0.1150679365 -0.3769860268 -0.7599446774 0.5294955969
76.2 53.6 2413.2 -0.8349315524 0.5302338004 -0.1474498212 0.3874076605 0.3759470582 -0.8417714238 -0.3909023106 -0.7599446774 -0.5193067193
-223.0 -107.3 2522.5 0.9571284652 0.0311072189 -0.2879886925 -0.0138662430 0.9979975224 0.0617147498 0.2893317640 -0.0550756231 0.9556431174
-235.4 -503.9 2544.4 0.9549465775 0.0700708255 -0.2883870304 -0.1142432392 0.9836383462 -0.1392983645 0.2739077806 0.1659687608 0.9473272562
-49.0 -114.4 2579.6 0.9121236205 0.0230606068 -0.4092661142 -0.0447536521 0.9980502725 -0.0435052291 0.4074649215 0.0579982996 0.9113772511
-58.2 -511.0 2556.5 0.8972935677 -0.1650775671 -0.4094064534 0.1127610356 0.9823908210 -0.1489740163 0.4267894030 0.0875083357 0.9001072645
-176.9 198.8 2311.1 0 0 0 0 0 0 0 0 0
-137.5 152.8 2313.1 0 0 0 0 0 0 0 0 0
-257.7 -817.4 2491.5 0 0 0 0 0 0 0 0 0
-6.7 -817.5 2529.2 0 0 0 0 0 0 0 0 0
-64.0 471.6 2405.7 5 0.9624624252 0.1266828477 -0.2400364876 -0.0546562858 0.9567356110 0.2857789695 0.2658547759 -0.2619320154 0.9277461171
-90.1 274.2 2459.8 0.9624624252 0.1266828477 -0.2400364876 -0.0546562858 0.9567356110 0.2857789695 0.2658547759 -0.2619320154 0.9277461171
-112.9 82.2 2505.8 0.9629392624 0.1146885380 -0.2441198081 -0.0508576483 0.9660629034 0.2532507181 0.2648800611 -0.2314497083 0.9360927343
-230.7 281.6 2421.2 0.9054515958 -0.2999608219 -0.3003014624 0.4226829112 0.7017096281 0.5735353231 0.0386862904 -0.6462407112 0.7621523738
-410.9 197.4 2413.5 -0.9162644744 -0.2999608219 -0.2654862404 -0.0233974941 0.7017096281 -0.7120787501 0.3998899758 -0.6462407112 -0.6499699354
50.4 266.8 2498.4 0.1257194430 0.5265270472 0.8408114910 -0.9209055901 0.3771411777 -0.0984754413 -0.3689545989 -0.7619277239 0.5322956443
79.7 52.0 2412.4 -0.8344857693 0.5265270472 -0.1624895334 0.4005611539 0.3771411777 -0.8350540996 -0.3783970475 -0.7619277239 -0.5256251693
-226.6 -102.7 2526.0 0.9559069276 0.0224313643 -0.2928118110 -0.0106809800 0.9990744591 0.0416669659 0.2934754491 -0.0367022268 0.9552618265
-235.5 -499.6 2540.6 0.9540781379 0.0656629950 -0.2922726274 -0.1082399189 0.9853270054 -0.1319652200 0.2793188989 0.1575406939 0.9471862912
-50.2 -113.9 2573.7 0.9106386304 0.0225169659 -0.4125897288 -0.0439098552 0.9981335402 -0.0424418487 0.4108639956 0.0567659438 0.9099276662
-59.2 -510.6 2551.1 0.8951295018 -0.1680262983 -0.4129290283 0.1232671440 0.9834265709 -0.1329562217 0.4284255207 0.0681124553 0.9010062218
-174.9 203.5 2310.5 0 0 0 0 0 0 0 0 0
-135.4 155.2 2314.8 0 0 0 0 0 0 0 0 0
-256.9 -819.9 2489.4 0 0 0 0 0 0 0 0 0
-6.5 -819.2 2529.8 0 0 0 0 0 0 0 0 0
-60.5 479.7 2411.7 6 0.9736301899 0.1294206679 -0.1878685057 -0.0742303506 0.9584179521 0.2755447626 0.2157177329 -0.2543331385 0.9427515864
-87.3 281.8 2464.3 0.9736301899 0.1294206679 -0.1878685057 -0.0742303506 0.9584179521 0.2755447626 0.2157177329 -0.2543331385 0.9427515864
-110.3 89.5 2508.6 0.9745503068 0.1155238748 -0.1921090633 -0.0669939443 0.9679117799 0.2421954572 0.2139239758 -0.2231615186 0.9510180950
-229.4 291.5 2433.1 0.8826857209 -0.3013060987 -0.3606667519 0.4601735771 0.7099519372 0.5331121087 0.0954261199 -0.6365397573 0.7653175592
-409.9 197.4 2413.6 -0.9175125957 -0.3013060987 -0.2595866919 -0.0341289006 0.7099519372 -0.7034226656 0.3962396383 -0.6365397573 -0.6616731286
54.8 272.1 2495.4 0.1131326109 0.5136154890 0.8505293131 -0.9263541698 0.3640493751 -0.0966228098 -0.3592616320 -0.7769601941 0.5169757605
81.9 50.4 2409.5 -0.8353782892 0.5136154890 -0.1958117038 0.4188243449 0.3640493751 -0.8318979740 -0.3559905589 -0.7769601941 -0.5192336440
-224.0 -105.1 2527.5 0.9699618220 0.0209181607 -0.2423560172 -0.0118022300 0.9991692901 0.0390048958 0.2429706007 -0.0349729173 0.9694030285
-232.3 -502.1 2541.4 0.9670469165 0.0782715306 -0.2422680557 -0.1139283925 0.9840190411 -0.1368460506 0.2276852280 0.1599377543 0.9605099559
-47.5 -114.4 2576.1 0.9303845167 0.0276812762 -0.3655385375 -0.0484008752 0.9976912737 -0.0476394556 0.3633759022 0.0620153993 0.9295762777
-58.5 -510.9 2551.4 0.9156333208 -0.1650226712 -0.3665830195 0.1267813444 0.9838656783 -0.1262331158 0.3814997673 0.0691073537 0.9217820168
-173.7 206.2 2311.6 0 0 0 0 0 0 0 0 0
-134.3 158.7 2317.3 0 0 0 0 0 0 0 0 0
-257.4 -818.0 2490.1 0 0 0 0 0 0 0 0 0
-7.0 -818.0 2529.8 0 0 0 0 0 0 0 0 0
-59.1 484.1 2413.3 7 0.9804444313 0.1303877383 -0.1474035680 -0.0855734125 0.9569625854 0.2773081660 0.1772172749 -0.2592714131 0.9494063258
-86.1 285.7 2467.0 0.9804444313 0.1303877383 -0.1474035680 -0.0855734125 0.9569625854 0.2773081660 0.1772172749 -0.2592714131 0.9494063258
-109.5 93.4 2511.6 0.9813588858 0.1174209341 -0.1521413922 -0.0784715116 0.9674682021 0.2405151129 0.1754334718 -0.2240928859 0.9586477280
-229.2 297.1 2441.4 0.8651299477 -0.2917693555 -0.4079470634 0.4777367413 0.7270267010 0.4931528568 0.1527015269 -0.6215326190 0.7683615088
-408.8 197.9 2409.7 -0.9199602008 -0.2917693555 -0.2618089318 -0.0354399271 0.7270267010 -0.6856939197 0.3904065490 -0.6215326190 -0.6791759133
57.0 274.2 2492.6 0.1044323221 0.4988223314 0.8603895307 -0.9282098413 0.3595194519 -0.0957719982 -0.3570999801 -0.7886203527 0.5005572438
82.2 50.3 2406.4 -0.8372318745 0.4988223314 -0.2240961492 0.4351480305 0.3595194519 -0.8254646659 -0.3311932981 -0.7886203527 -0.5180627108
-222.5 -96.7 2533.4 0.9785451889 0.0299114697 -0.2038493901 -0.0224731211 0.9989978075 0.0387076363 0.2048029006 -0.0332960412 0.9782367349
-234.4 -493.7 2546.6 0.9762452245 0.0678040013 -0.2057859898 -0.1009662077 0.9827114344 -0.1551904082 0.1917057186 0.1722813249 0.9662132859
-44.1 -108.9 2572.5 0.9435290694 0.0394761711 -0.3289293945 -0.0535798073 0.9979872704 -0.0339203179 0.3269282877 0.0496287793 0.9437451363
-59.8 -505.5 2552.8 0.9282753468 -0.1691836566 -0.3311823606 0.1336615235 0.9828014970 -0.1274199933 0.3470438719 0.0740144998 0.9349237680
-172.7 207.0 2309.6 0 0 0 0 0 0 0 0 0
-134.8 163.0 2320.6 0 0 0 0 0 0 0 0 0
-256.8 -818.1 2489.8 0 0 0 0 0 0 0 0 0
-5.8 -819.0 2529.2 0 0 0 0 0 0 0 0 0
-59.0 481.6 2413.0 8 0.9848191738 0.1288274527 -0.1163387224 -0.0934447795 0.9582789540 0.2701287270 0.1462849379 -0.2551566958 0.9557697177
-85.8 282.3 2466.1 0.9848191738 0.1288274527 -0.1163387224 -0.0934447795 0.9582789540 0.2701287270 0.1462849379 -0.2551566958 0.9557697177
-108.9 89.8 2509.3 0.9857928157 0.1161699817 -0.1213136837 -0.0857846737 0.9691670537 0.2309896201 0.1444072872 -0.2173010558 0.9653635621
-229.6 294.8 2445.0 0.8608065248 -0.2714297473 -0.4305090010 0.4661356807 0.7600245476 0.4528578222 0.2042783350 -0.5904985666 0.7807571888
-406.7 198.9 2403.0 -0.9238100648 -0.2714297473 -0.2700015008 -0.0336169973 0.7600245476 -0.6490243077 0.3813722730 -0.5904985666 -0.7112429738
58.0 269.8 2487.1 0.0992807597 0.5017336011 0.8593059778 -0.9296469092 0.3547065258 -0.0996992216 -0.3548238575 -0.7889528871 0.5016506314
81.2 53.4 2404.5 -0.8350037932 0.5017336011 -0.2259026617 0.4367856085 0.3547065258 -0.8266810775 -0.3346445262 -0.7889528871 -0.5153313279
-222.7 -91.6 2540.0 0.9842696786 0.0283371136 -0.1743852645 -0.0281208884 0.9995976686 0.0037111682 0.1744202673 0.0012510783 0.9846705198
-233.9 -488.7 2539.6 0.9821490645 0.0646730810 -0.1766368896 -0.0895621255 0.9865443110 -0.1367805898 0.1654140949 0.1501588970 0.9747258425
-43.0 -106.0 2572.2 0.9531397223 0.0400409177 -0.2998689711 -0.0537047163 0.9978539944 -0.0374600589 0.2977255285 0.0518090501 0.9532446265
-58.9 -502.5 2551.6 0.9387623072 -0.1656506360 -0.3021344244 0.1353904009 0.9836636186 -0.1186395437 0.3168513477 0.0704682320 0.9458538294
-171.7 207.5 2306.0 0 0 0 0 0 0 0 0 0
-131.6 164.7 2319.3 0 0 0 0 0 0 0 0 0
-255.6 -819.9 2489.1 0 0 0 0 0 0 0 0 0
-5.6 -818.8 2528.9 0 0 0 0 0 0 0 0 0
-57.3 475.6 2408.4 9 0.9821748734 0.1344668567 -0.1313435584 -0.0929425582 0.9547672868 0.2824555337 0.1633834392 -0.2652133107 0.9502461553
-85.2 276.9 2463.6 0.9821748734 0.1344668567 -0.1313435584 -0.0929425582 0.9547672868 0.2824555337 0.1633834392 -0.2652133107 0.9502461553
-109.3 84.9 2509.1 0.9832658172 0.1208130568 -0.1363544613 -0.0847348645 0.9658752084 0.2447550595 0.1612710059 -0.2291053087 0.9599491954
-228.8 289.2 2440.1 0.8722692132 -0.2626651227 -0.4124965668 0.4488274157 0.7649108171 0.4620231390 0.1941657215 -0.5881483555 0.7850995064
-407.7 197.2 2400.2 -0.9322754145 -0.2626651227 -0.2487359792 -0.0440542623 0.7649108171 -0.6426279545 0.3590567708 -0.5881483555 -0.7246790528
58.3 264.5 2487.1 0.0934843123 0.5142928362 0.8525043130 -0.9245425463 0.3625633717 -0.1173407584 -0.3694343269 -0.7772070169 0.5093795657
79.7 52.5 2402.4 -0.8277083635 0.5142928362 -0.2245034426 0.4470726550 0.3625633717 -0.8177248240 -0.3391532600 -0.7772070169 -0.5300229788
-222.3 -95.0 2539.2 0.9811613560 0.0301842596 -0.1908174455 -0.0325430632 0.9994276166 -0.0092392713 0.1904293448 0.0152750006 0.9815820456
-234.3 -492.0 2533.2 0.9788893461 0.0675265417 -0.1929139793 -0.0904060826 0.9895457029 -0.1123659164 0.1833095104 0.1274344027 0.9747605324
-41.7 -110.7 2565.7 0.9483004212 0.0383907296 -0.3150436580 -0.0484159179 0.9985375404 -0.0240546018 0.3136594594 0.0380641185 0.9487723112
-57.0 -507.5 2550.5 0.9351368546 -0.1578297913 -0.3171889186 0.1287358701 0.9854675531 -0.1108187363 0.3300698996 0.0627970919 0.9418653846
-172.1 208.3 2309.5 0 0 0 0 0 0 0 0 0
-129.5 165.5 2316.7 0 0 0 0 0 0 0 0 0
-256.5 -817.3 2491.3 0 0 0 0 0 0 0 0 0
-7.4 -816.9 2530.8 0 0 0 0 0 0 0 0 0
-55.7 469.4 2405.1 0 0.9759539962 0.1388247609 -0.1680521518 -0.0848691985 0.9521331191 0.2936661243 0.2007761449 -0.2723421752 0.9410200119
-84.3 272.9 2461.3 0.9759539962 0.1388247609 -0.1680521518 -0.0848691985 0.9521331191 0.2936661243 0.2007761449 -0.2723421752 0.9410200119
-108.9 81.6 2508.7 0.9771871567 0.1232104227 -0.1729868203 -0.0758549124 0.9632709026 0.2575951219 0.1983715594 -0.2385967523 0.9506420493
-226.9 284.0 2432.3 0.8962110877 -0.2270487994 -0.3811227679 0.4031916857 0.7752230167 0.4862774312 0.1850464195 -0.5894727707 0.7863076329
-411.2 201.1 2394.3 -0.9457726479 -0.2270487994 -0.2322993129 -0.0311398879 0.7752230167 -0.6309196353 0.3233333230 -0.5894727707 -0.7402549982
58.2 261.9 2490.2 0.0961498767 0.5153612494 0.8515620828 -0.9141606688 0.3841812313 -0.1292867512 -0.3937835693 -0.7660336494 0.5080619454
80.4 51.6 2399.6 -0.8293673396 0.5153612494 -0.2157604694 0.4486475289 0.3841812313 -0.8069201708 -0.3329642713 -0.7660336494 -0.5498429537
-223.4 -99.2 2539.9 0.9735613465 0.0259569734 -0.2269461453 -0.0286307335 0.9995539188 -0.0084970826 0.2266243547 0.0147700654 0.9738702178
-233.8 -496.4 2534.0 0.9709138274 0.0717615113 -0.2284220904 -0.1004209965 0.9881108999 -0.1164151803 0.2173522264 0.1359674782 0.9665768743
-43.2 -114.7 2569.4 0.9359368682 0.0370232314 -0.3502162993 -0.0521365888 0.9980670810 -0.0338216312 0.3482871950 0.0499139950 0.9360580444
-57.9 -511.3 2549.6 0.9216666222 -0.1631608307 -0.3520073593 0.1329061836 0.9851559997 -0.1086445302 0.3645086884 0.0533500798 0.9296704531
-172.7 208.9 2312.8 0 0 0 0 0 0 0 0 0
-132.2 166.6 2314.3 0 0 0 0 0 0 0 0 0
-256.8 -813.9 2490.3 0 0 0 0 0 0 0 0 0
-7.4 -816.6 2533.0 0 0 0 0 0 0 0 0 0
-54.5 462.5 2402.4 1 0.9781300426 0.1395604163 -0.1542221159 -0.0881569013 0.9497504234 0.3003372550 0.1883877069 -0.2801731527 0.9412826896
-83.2 267.2 2460.0 0.9781300426 0.1395604163 -0.1542221159 -0.0881569013 0.9497504234 0.3003372550 0.1883877069 -0.2801731527 0.9412826896
-108.1 76.3 2509.0 0.9792609215 0.1253652871 -0.1591590345 -0.0800007582 0.9609983563 0.2647302151 0.1861395538 -0.2465071231 0.9510974288
-226.2 278.9 2432.8 0.9093257189 -0.2345035225 -0.3437074423 0.3843818903 0.7897052765 0.4781382382 0.1593024731 -0.5668983459 0.8082382083
-411.3 200.6 2400.4 -0.9388619065 -0.2345035225 -0.2520841658 -0.0327621363 0.7897052765 -0.6126109958 0.3427316248 -0.5668983459 -0.7491070032
59.8 255.6 2487.2 0.0914680362 0.5086231232 0.8561168909 -0.9127539992 0.3865503371 -0.1321322024 -0.3981377780 -0.7693382502 0.4996047914
80.4 49.5 2397.3 -0.8301884532 0.5086231232 -0.2282317132 0.4570460916 0.3865503371 -0.8010541201 -0.3192115724 -0.7693382502 -0.5533738136
