-46.6 474.3 2415.0  0.9838837981 0.1475145817 -0.1010552272 -0.1089758500 0.9427546859 0.3151790500 0.1417637914 -0.2990869582 0.9436365962
-77.2 278.9 2477.0 0.9838837981 0.1475145817 -0.1010552272 -0.1089758500 0.9427546859 0.3151790500 0.1417637914 -0.2990869582 0.9436365962
-104.7 89.4 2530.0 0.9846771955 0.1384461522 -0.1060350835 -0.1037137359 0.9537470341 0.2821524739 0.1401935667 -0.2668318152 0.9534917474
-221.0 294.0 2456.5 0.5911235213 -0.4034508467 -0.6984270811 0.6851958036 0.7080169916 0.1709345728 0.4255345464 -0.5796027780 0.6949683428
-341.8 154.0 2369.5 -0.8303685188 -0.4034508467 -0.3843378425 -0.0172372628 0.7080169916 -0.7059850097 0.5569479465 -0.5796027780 -0.5948693752
66.5 263.7 2497.5 0.0257545915 0.7945011258 0.6067162752 -0.9355762005 0.2329743803 -0.2653678954 -0.3521844447 -0.5607948899 0.7493165135
72.5 46.9 2415.9 -0.6061815023 0.7945011258 0.0362204984 0.2491836995 0.2329743803 -0.9400162101 -0.7552823424 -0.5607948899 -0.3392014802
-221.0 -91.6 2568.3 0.9850242138 0.0395629071 -0.1678155363 -0.0472930893 0.9979842305 -0.0423183925 0.1658030301 0.0496211573 0.9849097133
-236.7 -488.2 2548.6 0.9837853909 0.0530134737 -0.1713354141 -0.0810442269 0.9836213589 -0.1609996706 0.1599940211 0.1722748727 0.9719687700
-40.2 -111.4 2590.8 0.9514328837 0.0428995416 -0.3048526049 -0.0682200789 0.9950038195 -0.0728929788 0.3002024293 0.0901498422 0.9496060014
-57.3 -506.8 2555.0 0.9377450347 -0.1632323265 -0.3065769076 0.1316522509 0.9838647842 -0.1211516038 0.3214060962 0.0732477754 0.9441042542
-118.6 158.6 2219.8 0 0 0 0 0 0 0 0 0
-82.2 110.5 2223.2 0 0 0 0 0 0 0 0 0
-254.3 -814.4 2491.5 0 0 0 0 0 0 0 0 0
-5.3 -819.8 2531.7 0 0 0 0 0 0 0 0 0
-47.6 480.6 2408.4  0.9839629531 0.1474565268 -0.1003667042 -0.1074987501 0.9392324090 0.3260160685 0.1423408538 -0.3099984527 0.9400212765
-78.4 284.5 2473.1 0.9839629531 0.1474565268 -0.1003667042 -0.1074987501 0.9392324090 0.3260160685 0.1423408538 -0.3099984527 0.9400212765
-105.6 95.6 2528.4 0.9849985838 0.1367289126 -0.1052760705 -0.1006116942 0.9506908059 0.2933672369 0.1401967704 -0.2783742845 0.9501855969
-222.3 299.2 2452.6 0.6097725034 -0.4010815918 -0.6836014986 0.6915166974 0.6906729341 0.2116023749 0.3872752190 -0.6017512083 0.6985079646
-347.1 157.6 2373.3 -0.8395841122 -0.4010815918 -0.3663770258 -0.0144322300 0.6906729341 -0.7230232358 0.5430380106 -0.6017512083 -0.5856664777
65.4 269.8 2493.6 0.0823704153 0.7836278677 0.6157454848 -0.9650026560 0.2170623541 -0.1471524090 -0.2489678860 -0.5820749998 0.7740824819
85.9 30.2 2431.8 -0.6211647391 0.7836278677 -0.0090423469 0.2874142230 0.2170623541 -0.9328863621 -0.7290729880 -0.5820749998 -0.3600572646
-222.4 -90.6 2570.2 0.9854861498 0.0293210112 -0.1672042757 -0.0382265709 0.9980026484 -0.0502936319 0.1653956473 0.0559553243 0.9846386313
-234.0 -487.2 2547.9 0.9836264253 0.0615013056 -0.1694009453 -0.0887815282 0.9833593965 -0.1584995091 0.1568340957 0.1709439754 0.9727184772
-41.9 -109.7 2595.9 0.9518212676 0.0376022831 -0.3043392003 -0.0652095079 0.9945738316 -0.0810593888 0.2996397913 0.0969998613 0.9491085410
-56.9 -504.9 2557.3 0.9380714893 -0.1627663970 -0.3058250546 0.1281834245 0.9831818342 -0.1300866306 0.3218553662 0.0828288570 0.9431588054
-121.6 161.5 2227.5 0 0 0 0 0 0 0 0 0
-73.9 104.2 2244.3 0 0 0 0 0 0 0 0 0
-254.6 -815.5 2490.9 0 0 0 0 0 0 0 0 0
-4.8 -819.1 2530.9 0 0 0 0 0 0 0 0 0
-47.6 481.6 2411.1  0.9864693284 0.1429452896 -0.0802802294 -0.1110204384 0.9427578449 0.3144552112 0.1206347123 -0.3012876809 0.9458715320
-77.4 285.1 2473.9 0.9864693284 0.1429452896 -0.0802802294 -0.1110204384 0.9427578449 0.3144552112 0.1206347123 -0.3012876809 0.9458715320
-103.5 95.7 2527.9 0.9877073765 0.1313842684 -0.0846897662 -0.1024634764 0.9533404112 0.2839775980 0.1180483624 -0.2718091607 0.9550834298
-221.6 300.0 2456.6 0.5889059901 -0.3861318529 -0.7099943161 0.6928023100 0.6935703754 0.1974463761 0.4161907136 -0.6081630588 0.6759607792
-344.0 156.0 2370.1 -0.8402273059 -0.3861318529 -0.3806839883 0.0076353913 0.6935703754 -0.7203483582 0.5421805978 -0.6081630588 -0.5798085332
66.9 270.1 2491.1 0.0934700444 0.7546367049 0.6494511962 -0.9677619934 0.2220962793 -0.1187852770 -0.2338804156 -0.6174113154 0.7510680556
90.9 21.3 2431.0 -0.6552394032 0.7546367049 -0.0344211459 0.3044466674 0.2220962793 -0.9262750745 -0.6913563013 -0.6174113154 -0.3752728403
-223.0 -84.1 2570.9 0.9889538288 0.0268062763 -0.1457799375 -0.0342698433 0.9982141852 -0.0489291474 0.1442079842 0.0533845201 0.9881063700
-233.7 -480.8 2549.6 0.9870629907 0.0621557832 -0.1477946639 -0.0850451663 0.9844061136 -0.1539866179 0.1359188110 0.1645637155 0.9769569635
-42.4 -102.6 2596.6 0.9580792189 0.0402476266 -0.2836623788 -0.0661466718 0.9944083691 -0.0823203102 0.2787630558 0.0976326987 0.9553842545
-58.4 -497.8 2557.8 0.9441300631 -0.1652501076 -0.2851505280 0.1340803653 0.9829648733 -0.1257081479 0.3010662198 0.0804517567 0.9502034783
-116.8 154.0 2223.5 0 0 0 0 0 0 0 0 0
-78.3 99.9 2252.5 0 0 0 0 0 0 0 0 0
-254.9 -817.0 2493.4 0 0 0 0 0 0 0 0 0
-4.2 -820.1 2531.4 0 0 0 0 0 0 0 0 0
-46.1 484.7 2411.9  0.9860377312 0.1437721401 -0.0840189680 -0.1101279631 0.9414741397 0.3185879290 0.1249057576 -0.3048868775 0.9441623688
-76.1 288.5 2475.5 0.9860377312 0.1437721401 -0.0840189680 -0.1101279631 0.9414741397 0.3185879290 0.1249057576 -0.3048868775 0.9441623688
-102.0 99.3 2530.2 0.9874925017 0.1305293888 -0.0884346887 -0.1000840589 0.9523555040 0.2881009877 0.1218269020 -0.2756466568 0.9535077810
-220.3 303.1 2457.7 0.5804494023 -0.3750727475 -0.7227717042 0.6936841011 0.6926276684 0.1976596117 0.4264749289 -0.6161066294 0.6622173190
-343.1 156.3 2367.4 -0.8425508738 -0.3750727475 -0.3865598142 0.0224355757 0.6926276684 -0.7209463120 0.5381493568 -0.6161066294 -0.5751590729
68.2 273.9 2493.2 0.0970972329 0.7374120951 0.6684276462 -0.9650129676 0.2341058254 -0.1180866659 -0.2435613424 -0.6335754395 0.7343432903
93.6 21.1 2429.4 -0.6748477221 0.7374120951 -0.0283536855 0.2947346568 0.2341058254 -0.9264588356 -0.6765441895 -0.6335754395 -0.3753266931
-220.1 -84.4 2571.0 0.9882397652 0.0315340981 -0.1496253461 -0.0418498032 0.9969214797 -0.0663030818 0.1470739245 0.0717851371 0.9865171909
-232.7 -480.5 2542.5 0.9861821532 0.0675243288 -0.1512784958 -0.0871862471 0.9880176783 -0.1273564398 0.1408661753 0.1387860477 0.9802526236
-39.0 -103.2 2592.7 0.9573009610 0.0404998623 -0.2862421870 -0.0619514622 0.9958757162 -0.0662843138 0.2823771536 0.0811871588 0.9558618069
-55.1 -498.9 2560.4 0.9456058741 -0.1507547200 -0.2882750630 0.1169683114 0.9844399095 -0.1311352849 0.3035587370 0.0902832523 0.9485257268
-115.6 150.3 2222.1 0 0 0 0 0 0 0 0 0
-81.1 97.4 2254.3 0 0 0 0 0 0 0 0 0
-255.6 -816.0 2495.4 0 0 0 0 0 0 0 0 0
-6.4 -817.2 2531.2 0 0 0 0 0 0 0 0 0
-47.4 481.8 2412.8  0.9856361747 0.1427136511 -0.0903002545 -0.1066072509 0.9404703975 0.3227233589 0.1309817433 -0.3084611297 0.9421759248
-76.9 287.6 2476.5 0.9856361747 0.1427136511 -0.0903002545 -0.1066072509 0.9404703975 0.3227233589 0.1309817433 -0.3084611297 0.9421759248
-102.7 98.4 2531.6 0.9869480133 0.1300392300 -0.0949919671 -0.0975054279 0.9519946575 0.2901704609 0.1281653792 -0.2771209180 0.9522487521
-221.0 301.9 2457.8 0.5775367022 -0.3718427718 -0.7267628908 0.6951781511 0.6907352805 0.1990278065 0.4279937148 -0.6201755404 0.6574219465
-343.0 155.1 2367.4 -0.8433015347 -0.3718427718 -0.3880405724 0.0279153381 0.6907352805 -0.7225686908 0.5367152691 -0.6201755404 -0.5721179843
67.3 273.4 2495.2 0.0897734463 0.7089058757 0.6995664239 -0.9520254135 0.2674043775 -0.1488035172 -0.2925548255 -0.6526464224 0.6989022493
90.1 31.7 2421.0 -0.7051714063 0.7089058757 0.0136298547 0.2508380711 0.2674043775 -0.9303629398 -0.6631844044 -0.6526464224 -0.3663865030
-218.5 -80.8 2573.8 0.9870692492 0.0398390032 -0.1552647054 -0.0489694364 0.9972609878 -0.0554301105 0.1526311487 0.0623165853 0.9863165617
-234.3 -477.1 2549.1 0.9853038788 0.0641843304 -0.1582929939 -0.0879136026 0.9851044416 -0.1477850527 0.1464496553 0.1595292836 0.9762699008
-37.4 -99.2 2596.2 0.9550310373 0.0503818989 -0.2921941578 -0.0736520588 0.9948811531 -0.0691868514 0.2872126997 0.0875962898 0.9538531303
-57.4 -494.5 2561.4 0.9429450631 -0.1548606902 -0.2947418094 0.1208836734 0.9840763211 -0.1303109080 0.3102284968 0.0872465521 0.9466500282
-114.8 147.5 2222.2 0 0 0 0 0 0 0 0 0
-92.6 96.7 2249.2 0 0 0 0 0 0 0 0 0
-256.2 -811.9 2494.8 0 0 0 0 0 0 0 0 0
-6.9 -815.8 2532.9 0 0 0 0 0 0 0 0 0
-45.3 474.0 2405.3  0.9866325855 0.1509309709 -0.0614491440 -0.1220636815 0.9342965484 0.3349483013 0.1079657972 -0.3229701817 0.9402306080
-76.4 281.2 2471.9 0.9866325855 0.1509309709 -0.0614491440 -0.1220636815 0.9342965484 0.3349483013 0.1079657972 -0.3229701817 0.9402306080
-104.3 93.2 2529.7 0.9878206849 0.1406226605 -0.0666002259 -0.1143993363 0.9465085864 0.3017188013 0.1054661870 -0.2904250622 0.9510679245
-220.6 297.9 2456.5 0.5786167979 -0.3551137149 -0.7342321873 0.6879261732 0.6960924864 0.2054576874 0.4381326437 -0.6239787936 0.6470627785
-341.3 154.5 2365.2 -0.8464599848 -0.3551137149 -0.3967364132 0.0438462421 0.6960924864 -0.7166119814 0.5306439400 -0.6239787936 -0.5736440420
67.8 264.5 2487.4 0.0952650458 0.6965056062 0.7111993432 -0.9580698609 0.2581035495 -0.1244376600 -0.2702345848 -0.6695241332 0.6918892264
91.2 29.3 2421.0 -0.7174897194 0.6965056062 -0.0094060842 0.2627430260 0.2581035495 -0.9297035336 -0.6451159716 -0.6695241332 -0.3681886196
-219.1 -81.8 2574.9 0.9903794527 0.0375450626 -0.1331873089 -0.0458906107 0.9971336722 -0.0601534173 0.1305470914 0.0656867549 0.9892637134
-234.0 -478.0 2548.8 0.9885593057 0.0650687441 -0.1360755414 -0.0856829658 0.9847223759 -0.1515926421 0.1241326779 0.1615176797 0.9790317416
-38.1 -99.7 2598.4 0.9612267017 0.0480648279 -0.2715382576 -0.0711819753 0.9945690632 -0.0759311989 0.2664139271 0.0923157185 0.9594276547
-57.2 -494.9 2561.7 0.9495410919 -0.1530791819 -0.2737489343 0.1212102398 0.9840950966 -0.1298648417 0.2892745733 0.0901308358 0.9529935122
-112.2 142.7 2221.6 0 0 0 0 0 0 0 0 0
-94.9 97.5 2253.7 0 0 0 0 0 0 0 0 0
-256.2 -813.6 2493.8 0 0 0 0 0 0 0 0 0
-7.2 -816.4 2532.3 0 0 0 0 0 0 0 0 0
-46.9 476.8 2410.5  0.9850199223 0.1477380395 -0.0889339373 -0.1122995764 0.9409663677 0.3193292022 0.1308609098 -0.3045583963 0.9434614778
-77.4 282.7 2473.4 0.9850199223 0.1477380395 -0.0889339373 -0.1122995764 0.9409663677 0.3193292022 0.1308609098 -0.3045583963 0.9434614778
-104.7 93.7 2528.2 0.9860767126 0.1375937611 -0.0933843032 -0.1052910239 0.9512732029 0.2898156345 0.1287108064 -0.2759479284 0.9525157809
-221.4 298.1 2454.6 0.5769271255 -0.3462013602 -0.7397970557 0.6911763549 0.6895503402 0.2163229436 0.4352360368 -0.6361327767 0.6371064782
-342.4 153.0 2363.2 -0.8555253744 -0.3462013602 -0.3849946856 0.0462127738 0.6895503402 -0.7227618694 0.5156943798 -0.6361327767 -0.5739288926
66.6 267.3 2492.2 0.1094735339 0.6985909939 0.7070969939 -0.9595311284 0.2599557340 -0.1082729325 -0.2594524026 -0.6666285992 0.6987780929
94.0 26.7 2427.1 -0.7154263258 0.6985909939 -0.0116538620 0.2689454556 0.2599557340 -0.9274110794 -0.6448515654 -0.6666285992 -0.3738620281
-222.8 -84.4 2577.7 0.9872394204 0.0280503891 -0.1567529440 -0.0384577103 0.9972240329 -0.0637592226 0.1545293331 0.0689739808 0.9855776429
-233.9 -480.7 2550.3 0.9851564169 0.0651660711 -0.1588085741 -0.0917289183 0.9818252325 -0.1661474556 0.1450950950 0.1782485843 0.9732291102
-41.7 -105.4 2597.1 0.9552117586 0.0346175060 -0.2938913703 -0.0593449362 0.9953677058 -0.0756396279 0.2899115086 0.0896928236 0.9528412819
-55.4 -500.9 2561.4 0.9440953135 -0.1463866532 -0.2953894734 0.1112914756 0.9849281907 -0.1324034333 0.3103195131 0.0921271294 0.9461576939
-111.1 140.6 2223.8 0 0 0 0 0 0 0 0 0
-91.7 96.5 2259.7 0 0 0 0 0 0 0 0 0
-256.0 -813.4 2489.9 0 0 0 0 0 0 0 0 0
-8.5 -816.9 2531.9 0 0 0 0 0 0 0 0 0
-47.7 472.8 2404.6  0.9848296642 0.1457830220 -0.0941158459 -0.1061871648 0.9352851510 0.3375884891 0.1372398287 -0.3224732876 0.9365768433
-77.8 280.1 2471.1 0.9848296642 0.1457830220 -0.0941158459 -0.1061871648 0.9352851510 0.3375884891 0.1372398287 -0.3224732876 0.9365768433
-104.8 91.8 2528.5 0.9856836796 0.1362630725 -0.0992979780 -0.1004859433 0.9476805329 0.3029921055 0.1353894025 -0.2886763215 0.9478057027
-221.7 294.8 2451.3 0.5936315656 -0.3401083052 -0.7293338776 0.6890822053 0.6829426289 0.2423944622 0.4156528413 -0.6464639902 0.6397788525
-343.6 153.3 2366.0 -0.8618823886 -0.3401083052 -0.3761450350 0.0485917591 0.6829426289 -0.7288540602 0.5047748089 -0.6464639902 -0.5720897913
66.2 265.4 2490.9 0.1162255406 0.7010004520 0.7036263347 -0.9629576206 0.2530806661 -0.0930741057 -0.2433192134 -0.6667447686 0.7044481635
95.6 22.0 2429.4 -0.7126120329 0.7010004520 -0.0279731005 0.2852450609 0.2530806661 -0.9244378805 -0.6409519315 -0.6667447686 -0.3803052306
-222.3 -85.6 2571.3 0.9862378240 0.0321874097 -0.1621695310 -0.0429230481 0.9970813990 -0.0631367937 0.1596640050 0.0692287013 0.9847409725
-235.1 -481.9 2543.7 0.9845020771 0.0614468642 -0.1642555594 -0.0856056213 0.9858231544 -0.1443066746 0.1530597359 0.1561314315 0.9758051634
-41.6 -105.0 2594.9 0.9536288381 0.0345393866 -0.2989967763 -0.0583671927 0.9957578778 -0.0711304471 0.2952715755 0.0852836445 0.9515993595
-55.3 -500.7 2561.0 0.9424163699 -0.1466584504 -0.3005706370 0.1107813418 0.9848772287 -0.1332079917 0.3155612350 0.0922397748 0.9444113970
-110.1 140.1 2229.2 0 0 0 0 0 0 0 0 0
-89.5 96.1 2262.9 0 0 0 0 0 0 0 0 0
-256.0 -816.6 2490.7 0 0 0 0 0 0 0 0 0
-8.1 -817.7 2531.3 0 0 0 0 0 0 0 0 0
-47.5 470.4 2402.2  0.9831640124 0.1501792371 -0.1040898710 -0.1061115488 0.9330044985 0.3438647687 0.1487576663 -0.3270303309 0.9332321882
-78.5 278.2 2469.6 0.9831640124 0.1501792371 -0.1040898710 -0.1061115488 0.9330044985 0.3438647687 0.1487576663 -0.3270303309 0.9332321882
-105.8 90.2 2527.8 0.9844015837 0.1376849860 -0.1095277742 -0.0980325118 0.9462031126 0.3083655834 0.1460928321 -0.2928182781 0.9449414611
-222.2 292.5 2448.2 0.6051736474 -0.3431172371 -0.7183560729 0.6900065541 0.6761285067 0.2583432496 0.3970589638 -0.6520128846 0.6459282637
-344.6 153.0 2367.9 -0.8620472550 -0.3431172371 -0.3730215430 0.0489955917 0.6761285067 -0.7351528406 0.5044541359 -0.6520128846 -0.5660434961
65.3 263.9 2490.9 0.1199504212 0.6917302608 0.7121244073 -0.9632873535 0.2546332479 -0.0850845873 -0.2401861399 -0.6757744551 0.6968783736
95.8 19.2 2429.9 -0.7209211588 0.6917302608 -0.0422125645 0.2981873453 0.2546332479 -0.9199163914 -0.6255853176 -0.6757744551 -0.3898357153
-222.2 -87.2 2573.4 0.9846577048 0.0264082551 -0.1724871844 -0.0387340859 0.9968996644 -0.0684887841 0.1701437384 0.0741191357 0.9826278090
-232.7 -483.4 2544.0 0.9825373292 0.0661693439 -0.1739023626 -0.0907438323 0.9863511920 -0.1373931020 0.1624375880 0.1507744044 0.9751313329
-41.5 -105.7 2598.2 0.9500616193 0.0427729674 -0.3091170788 -0.0703307688 0.9944254756 -0.0785593539 0.3040336668 0.0963766724 0.9477737546
-58.5 -500.8 2559.9 0.9365271330 -0.1617407054 -0.3110577166 0.1248070672 0.9829102159 -0.1353169680 0.3276280761 0.0879058093 0.9407084584
-109.9 139.7 2230.6 0 0 0 0 0 0 0 0 0
-91.4 96.6 2267.4 0 0 0 0 0 0 0 0 0
-255.1 -817.2 2492.9 0 0 0 0 0 0 0 0 0
-6.3 -817.9 2531.6 0 0 0 0 0 0 0 0 0
-45.5 473.5 2407.5  0.9830868244 0.1515934765 -0.1027602181 -0.1103848517 0.9382002950 0.3280174434 0.1461349577 -0.3111264408 0.9390659928
-76.7 279.8 2471.7 0.9830868244 0.1515934765 -0.1027602181 -0.1103848517 0.9382002950 0.3280174434 0.1461349577 -0.3111264408 0.9390659928
-103.7 91.0 2527.4 0.9848567843 0.1358693689 -0.1076873988 -0.0987577736 0.9501777887 0.2956501842 0.1424919814 -0.2805381417 0.9492072463
-220.6 294.3 2450.9 0.6078454256 -0.3408319950 -0.7171872258 0.6879978180 0.6770129800 0.2613664269 0.3964630067 -0.6522936225 0.6460108757
-344.8 153.7 2369.9 -0.8615333438 -0.3408319950 -0.3762896061 0.0527865365 0.6770129800 -0.7340756059 0.5049493909 -0.6522936225 -0.5652778745
67.1 265.4 2492.5 0.1063390151 0.6766144633 0.7286185026 -0.9586313963 0.2643487155 -0.1055727452 -0.2640414238 -0.6872500181 0.6767344475
94.3 20.2 2425.0 -0.7350378036 0.6766144633 -0.0437302478 0.2979088724 0.2643487155 -0.9172622561 -0.6090728641 -0.6872500181 -0.3958757520
-223.4 -88.8 2572.5 0.9849684238 0.0311406497 -0.1699041426 -0.0443579927 0.9962295294 -0.0745596290 0.1669416875 0.0809754878 0.9826359749
-235.8 -484.7 2540.4 0.9834185243 0.0595805049 -0.1712840497 -0.0818163604 0.9886711836 -0.1258388907 0.1618460566 0.1377661228 0.9771521688
-42.9 -106.8 2599.3 0.9510293007 0.0397525877 -0.3065337539 -0.0689027980 0.9940071702 -0.0848657787 0.3013231158 0.1018308848 0.9480690360
-58.7 -501.8 2558.9 0.9372093678 -0.1636835039 -0.3079712987 0.1296763420 0.9832641482 -0.1279672384 0.3237632811 0.0799955055 0.9427502751
-109.4 139.3 2231.9 0 0 0 0 0 0 0 0 0
-96.6 97.5 2266.8 0 0 0 0 0 0 0 0 0
-255.7 -815.2 2494.3 0 0 0 0 0 0 0 0 0
-5.5 -821.4 2532.9 0 0 0 0 0 0 0 0 0
-48.2 464.2 2403.6  0.9873652458 0.1489793956 -0.0539904907 -0.1227321774 0.9345012903 0.3341319561 0.1002329588 -0.3232839108 0.9409787059
-78.8 272.2 2470.0 0.9873652458 0.1489793956 -0.0539904907 -0.1227321774 0.9345012903 0.3341319561 0.1002329588 -0.3232839108 0.9409787059
-106.4 84.0 2527.4 0.9884883761 0.1391579807 -0.0593778305 -0.1153971702 0.9472662807 0.2989483178 0.0978476629 -0.2886549234 0.9524201751
-223.0 289.1 2455.7 0.6038390994 -0.3220359981 -0.7291578054 0.6695047021 0.7013511658 0.2446834147 0.4325988293 -0.6359240413 0.6391078830
-345.1 153.7 2368.3 -0.8656743169 -0.3220359981 -0.3832764328 0.0537918136 0.7013511658 -0.7107833624 0.4977091849 -0.6359240413 -0.5898187757
65.4 255.4 2484.3 0.1306007057 0.6926966310 0.7093058825 -0.9724397659 0.2288749516 -0.0444654152 -0.1931433976 -0.6839500666 0.7034969330
97.6 15.5 2436.7 -0.7181375027 0.6926966310 -0.0667077452 0.3065892160 0.2288749516 -0.9239152074 -0.6247252226 -0.6839500666 -0.3767369986
-221.1 -88.7 2570.1 0.9914480448 0.0305035543 -0.1268870533 -0.0413780771 0.9956088662 -0.0839692131 0.1237685159 0.0885014534 0.9883566499
-233.2 -484.4 2534.9 0.9894479513 0.0685301051 -0.1276571900 -0.0828604922 0.9904097915 -0.1105559170 0.1188565195 0.1199670658 0.9856373668
-40.4 -106.8 2596.2 0.9635976553 0.0389663018 -0.2645018697 -0.0615320578 0.9950863123 -0.0775696263 0.2601795793 0.0910212547 0.9612604976
-55.9 -502.3 2560.1 0.9508977532 -0.1578417420 -0.2662318647 0.1263421625 0.9832102060 -0.1316638589 0.2825439274 0.0915625691 0.9548744559
-109.1 139.1 2232.6 0 0 0 0 0 0 0 0 0
-88.9 95.2 2274.4 0 0 0 0 0 0 0 0 0
-255.9 -812.2 2495.2 0 0 0 0 0 0 0 0 0
-4.9 -820.1 2530.5 0 0 0 0 0 0 0 0 0
-47.5 464.0 2401.2  0.9860867858 0.1484780312 -0.0747467801 -0.1148242503 0.9335383773 0.3395901620 0.1202006638 -0.3262826502 0.9375987649
-78.1 271.6 2468.4 0.9860867858 0.1484780312 -0.0747467801 -0.1148242503 0.9335383773 0.3395901620 0.1202006638 -0.3262826502 0.9375987649
-105.8 83.6 2526.2 0.9869076610 0.1398938447 -0.0802683681 -0.1094728187 0.9464921355 0.3035923541 0.1184440777 -0.2908304036 0.9494149089
-222.1 287.6 2451.1 0.6130697727 -0.3289556503 -0.7182852030 0.6728016734 0.6939594746 0.2564336360 0.4141055048 -0.6404752135 0.6467674971
-345.0 152.8 2368.1 -0.8652756810 -0.3289556503 -0.3782673478 0.0501734540 0.6939594746 -0.7182638049 0.4987791479 -0.6404752135 -0.5839613676
66.0 255.7 2485.7 0.1248950660 0.6858955622 0.7169020176 -0.9690677524 0.2393476516 -0.0601696074 -0.2128588855 -0.6872117519 0.6945726275
96.5 18.8 2433.7 -0.7255558372 0.6858955622 -0.0558208637 0.2973737121 0.2393476516 -0.9242735505 -0.6205945611 -0.6872117519 -0.3776274025
-224.6 -93.6 2575.8 0.9889259338 0.0223350506 -0.1467197835 -0.0361017436 0.9951183796 -0.0918480679 0.1439521313 0.0961277783 0.9849047065
-233.5 -489.1 2537.6 0.9869389534 0.0655624121 -0.1471500099 -0.0825384781 0.9902299047 -0.1123926118 0.1383436173 0.1230701804 0.9827078581
-43.5 -114.8 2593.7 0.9585672617 0.0263851676 -0.2836417854 -0.0506729111 0.9956148267 -0.0786341354 0.2803232074 0.0897490606 0.9557008147
-54.0 -510.4 2558.1 0.9456623793 -0.1573231816 -0.2845558822 0.1262966543 0.9841620326 -0.1243956164 0.2996194065 0.0816978067 0.9505544305
-109.3 139.1 2232.3 0 0 0 0 0 0 0 0 0
-92.0 96.1 2272.5 0 0 0 0 0 0 0 0 0
-254.8 -811.9 2497.5 0 0 0 0 0 0 0 0 0
-4.2 -821.7 2532.2 0 0 0 0 0 0 0 0 0
-48.3 463.5 2400.5  0.9858068228 0.1478834003 -0.0794693232 -0.1126403660 0.9336254597 0.3400817513 0.1244870275 -0.3263034821 0.9370320439
-78.8 270.9 2467.8 0.9858068228 0.1478834003 -0.0794693232 -0.1126403660 0.9336254597 0.3400817513 0.1244870275 -0.3263034821 0.9370320439
-106.1 82.8 2525.8 0.9868984222 0.1372285634 -0.0848514661 -0.1054414287 0.9466300607 0.3045875728 0.1221210659 -0.2916501462 0.9486973286
-222.9 286.3 2450.0 0.6162965894 -0.3349623680 -0.7127262354 0.6761650443 0.6890233755 0.2608594000 0.4037069678 -0.6426873207 0.6511325836
-344.6 152.7 2370.2 -0.8625899553 -0.3349623680 -0.3791290224 0.0502121300 0.6890233755 -0.7229976058 0.5034057498 -0.6426873207 -0.5775254369
65.3 255.5 2485.6 0.1253107935 0.6757394075 0.7264113426 -0.9642939568 0.2551406920 -0.0709958524 -0.2333117872 -0.6915774941 0.6835833192
95.1 26.1 2430.1 -0.7366355658 0.6757394075 -0.0272814389 0.2684503794 0.2551406920 -0.9288905263 -0.6207273602 -0.6915774941 -0.3693482280
-224.1 -94.5 2573.2 0.9884545207 0.0260225963 -0.1492664814 -0.0358130150 0.9973529577 -0.0632816255 0.1472246051 0.0678966939 0.9867699742
-234.4 -490.7 2546.2 0.9862385988 0.0676515698 -0.1508533210 -0.0893015116 0.9858725667 -0.1417056024 0.1391355544 0.1532269716 0.9783469439
-43.2 -114.5 2594.9 0.9574612975 0.0336590186 -0.2865919173 -0.0568026379 0.9957258105 -0.0728254244 0.2829157412 0.0860067010 0.9552808404
-56.6 -510.2 2560.7 0.9428706169 -0.1669753641 -0.2882953584 0.1289961040 0.9808108211 -0.1461854726 0.3071725667 0.1006450057 0.9463168383
-109.1 139.0 2232.8 0 0 0 0 0 0 0 0 0
-96.2 95.8 2268.9 0 0 0 0 0 0 0 0 0
-256.3 -809.7 2496.6 0 0 0 0 0 0 0 0 0
-3.8 -820.3 2528.9 0 0 0 0 0 0 0 0 0
-49.2 461.9 2400.1  0.9848149419 0.1466267705 -0.0929525197 -0.1064365432 0.9329308271 0.3439641893 0.1371526271 -0.3288474977 0.9343706369
-79.3 270.0 2467.8 0.9848149419 0.1466267705 -0.0929525197 -0.1064365432 0.9329308271 0.3439641893 0.1371526271 -0.3288474977 0.9343706369
-106.0 81.7 2525.6 0.9860115647 0.1342590600 -0.0987708345 -0.0984264091 0.9472467303 0.3050178885 0.1345117539 -0.2910295129 0.9472108483
-223.3 284.4 2448.1 0.6496158838 -0.3106922209 -0.6938800812 0.6478660107 0.7038168311 0.2913956940 0.3978300989 -0.6388365626 0.6584975719
-347.5 160.6 2372.1 -0.8702448010 -0.3106922209 -0.3822882473 0.0596842058 0.7038168311 -0.7078697681 0.4889905453 -0.6388365626 -0.5939495564
64.7 255.6 2487.4 0.1265261471 0.6778051853 0.7242729068 -0.9606274366 0.2657932937 -0.0809247270 -0.2473580837 -0.6855173707 0.6847480536
94.8 26.5 2428.4 -0.7350773215 0.6778051853 -0.0155392783 0.2646806240 0.2657932937 -0.9269832969 -0.6241838932 -0.6855173707 -0.3747805357
-223.8 -95.7 2572.5 0.9865440726 0.0301123206 -0.1606984884 -0.0381114483 0.9981709123 -0.0469287559 0.1589914262 0.0524217412 0.9858872890
-235.8 -492.3 2551.7 0.9845266342 0.0642668381 -0.1630246192 -0.0899727792 0.9837206006 -0.1555592418 0.1503733844 0.1678199917 0.9742814302
-42.8 -115.0 2594.9 0.9542040229 0.0276697259 -0.2978743315 -0.0510726273 0.9961628914 -0.0710707381 0.2947648466 0.0830292106 0.9519557953
-53.8 -510.9 2561.9 0.9412867427 -0.1566034555 -0.2990896106 0.1183836609 0.9827619791 -0.1420007646 0.3161717057 0.0982561186 0.9436001182
-109.6 144.2 2238.4 0 0 0 0 0 0 0 0 0
-96.1 95.3 2266.3 0 0 0 0 0 0 0 0 0
-256.7 -813.4 2496.9 0 0 0 0 0 0 0 0 0
-4.0 -823.5 2530.7 0 0 0 0 0 0 0 0 0
-48.7 462.3 2399.4  0.9834686518 0.1482033134 -0.1040441990 -0.1039664820 0.9325821996 0.3456608057 0.1482578516 -0.3291294575 0.9325735569
-79.2 270.3 2467.2 0.9834686518 0.1482033134 -0.1040441990 -0.1039664820 0.9325821996 0.3456608057 0.1482578516 -0.3291294575 0.9325735569
-105.7 82.0 2525.0 0.9849392772 0.1333655119 -0.1100374907 -0.0941469073 0.9474802017 0.3056430221 0.1450205743 -0.2906801403 0.9457663894
-223.0 284.1 2446.0 0.6370163560 -0.3231270313 -0.6998564601 0.6615963578 0.6951164603 0.2812530994 0.3956012726 -0.6421853304 0.6565802693
-347.0 155.3 2369.0 -0.8640943170 -0.3231270313 -0.3859144747 0.0600092188 0.6951164603 -0.7163881660 0.4997398853 -0.6421853304 -0.5812555552
64.7 256.6 2488.4 0.1128004268 0.6727953553 0.7311788201 -0.9537456632 0.2796822488 -0.1102138087 -0.2786490619 -0.6849264503 0.6732239723
91.8 26.8 2421.2 -0.7397513390 0.6727953553 -0.0106944852 0.2676972747 0.2796822488 -0.9220173359 -0.6173379421 -0.6849264503 -0.3870007992
-223.1 -97.5 2571.1 0.9847988486 0.0311347861 -0.1708853841 -0.0395442694 0.9981570840 -0.0460293517 0.1691373438 0.0520871915 0.9842151403
-235.5 -494.1 2550.4 0.9826846123 0.0657267496 -0.1732366979 -0.0927185640 0.9839227200 -0.1526411921 0.1604189128 0.1660604030 0.9729797840
-42.3 -115.5 2595.8 0.9510355592 0.0289590955 -0.3077217638 -0.0548092537 0.9956234694 -0.0756956413 0.3041829169 0.0888552517 0.9484605789
-53.8 -511.2 2560.5 0.9375265837 -0.1600123644 -0.3089336157 0.1222278997 0.9828421474 -0.1381364167 0.3257365227 0.0917462558 0.9409986138
-111.8 138.9 2232.9 0 0 0 0 0 0 0 0 0
-100.3 96.4 2260.9 0 0 0 0 0 0 0 0 0
-256.9 -815.6 2496.1 0 0 0 0 0 0 0 0 0
-3.3 -821.5 2531.5 0 0 0 0 0 0 0 0 0
-49.3 461.8 2399.6  0.9819661975 0.1441851258 -0.1222825572 -0.0942998379 0.9341457486 0.3442082405 0.1638594419 -0.3264696300 0.9308961630
-78.9 269.7 2466.7 0.9819661975 0.1441851258 -0.1222825572 -0.0942998379 0.9341457486 0.3442082405 0.1638594419 -0.3264696300 0.9308961630
-104.7 81.0 2523.2 0.9831378460 0.1299543232 -0.1286539286 -0.0862475783 0.9498994350 0.3004204929 0.1612492353 -0.2842586637 0.9450902939
-222.5 282.3 2443.2 0.6430639029 -0.3431411982 -0.6846334338 0.6725230813 0.6806614995 0.2905384600 0.3663079143 -0.6472666264 0.6684792042
-347.1 152.0 2372.2 -0.8550518751 -0.3431411982 -0.3887678385 0.0588582903 0.6806614995 -0.7302298546 0.5151912570 -0.6472666264 -0.5618041754
64.7 257.1 2490.3 0.1097325832 0.6880150437 0.7173521519 -0.9567999244 0.2686138451 -0.1112678647 -0.2692446709 -0.6741527319 0.6877683997
91.9 19.6 2423.5 -0.7249662280 0.6880150437 -0.0325473212 0.2960741818 0.2686138451 -0.9166169763 -0.6219035983 -0.6741527319 -0.3984394670
-222.5 -97.6 2569.4 0.9819626212 0.0310662612 -0.1865054518 -0.0374512225 0.9988234043 -0.0308087077 0.1853289008 0.0372378565 0.9819707274
-234.8 -494.5 2554.6 0.9796827435 0.0670665130 -0.1890072823 -0.0995838866 0.9807129502 -0.1681820005 0.1740825027 0.1835870892 0.9674662948
-41.9 -114.9 2596.0 0.9459258318 0.0303824712 -0.3229569197 -0.0594304055 0.9949841499 -0.0804648474 0.3188923001 0.0953072384 0.9429868460
-53.9 -510.3 2558.1 0.9334754944 -0.1536568999 -0.3240571320 0.1172736362 0.9846749306 -0.1290822625 0.3389253020 0.0824917704 0.9371898174
-114.7 136.0 2232.1 0 0 0 0 0 0 0 0 0
-96.4 96.5 2262.0 0 0 0 0 0 0 0 0 0
-256.8 -816.0 2494.4 0 0 0 0 0 0 0 0 0
-5.3 -821.7 2532.1 0 0 0 0 0 0 0 0 0
-48.4 462.7 2399.2  0.9801138043 0.1469182521 -0.1333863139 -0.0924495086 0.9328571558 0.3481819332 0.1755846590 -0.3289264143 0.9278886914
-78.7 270.7 2466.9 0.9801138043 0.1469182521 -0.1333863139 -0.0924495086 0.9328571558 0.3481819332 0.1755846590 -0.3289264143 0.9278886914
-104.9 82.3 2524.5 0.9814248681 0.1317242682 -0.1394773424 -0.0835997909 0.9480089545 0.3070668876 0.1726739258 -0.2897028029 0.9414117336
-222.0 282.9 2441.7 0.6452994943 -0.3471680284 -0.6804872751 0.6762844324 0.6738885045 0.2975124717 0.3552857339 -0.6521875858 0.6696442366
-347.8 151.1 2372.5 -0.8537552357 -0.3471680284 -0.3880416751 0.0606473088 0.6738885045 -0.7363396883 0.5171304345 -0.6521875858 -0.5542810559
64.7 258.5 2492.1 0.0667210668 0.7123938799 0.6986008883 -0.9608540535 0.2345698029 -0.1474330872 -0.2689011097 -0.6614165902 0.7001572847
81.1 21.6 2425.8 -0.7012549639 0.7123938799 -0.0271367114 0.2743838429 0.2345698029 -0.9325720072 -0.6579931378 -0.6614165902 -0.3599626124
-220.7 -99.9 2564.9 0.9796448946 0.0394456312 -0.1968244612 -0.0424963497 0.9990327358 -0.0112986844 0.1961883903 0.0194330197 0.9803736210
-236.3 -496.8 2557.2 0.9777819514 0.0605557077 -0.2006875128 -0.0985994190 0.9777082205 -0.1853773594 0.1849881709 0.2010463029 0.9619562030
-40.4 -115.7 2594.5 0.9421164989 0.0374950469 -0.3331826329 -0.0655929819 0.9951370358 -0.0734837800 0.3288070858 0.0910847262 0.9399943948
-55.3 -511.2 2558.3 0.9289742112 -0.1579045504 -0.3347731829 0.1205060631 0.9841873646 -0.1298211664 0.3499788940 0.0802583098 0.9333131313
-117.2 134.7 2232.8 0 0 0 0 0 0 0 0 0
-98.1 91.7 2257.7 0 0 0 0 0 0 0 0 0
-256.2 -816.9 2491.4 0 0 0 0 0 0 0 0 0
-5.6 -820.7 2533.1 0 0 0 0 0 0 0 0 0
-49.0 464.2 2399.0  0.9790288210 0.1432301700 -0.1448714137 -0.0853510946 0.9340828657 0.3467051089 0.1849805266 -0.3270693421 0.9267188311
-78.5 271.8 2466.3 0.9790288210 0.1432301700 -0.1448714137 -0.0853510946 0.9340828657 0.3467051089 0.1849805266 -0.3270693421 0.9267188311
-103.6 83.3 2523.8 0.9804742932 0.1263967007 -0.1506453305 -0.0752560571 0.9489293694 0.3063813448 0.1816773713 -0.2890620530 0.9399129748
-221.7 282.8 2439.8 0.6507197022 -0.3637795150 -0.6665045619 0.6860883236 0.6577778459 0.3108232617 0.3253407776 -0.6595398188 0.6776139140
-347.9 149.8 2376.7 -0.8492043614 -0.3637795150 -0.3827746511 0.0567642450 0.6577778459 -0.7510699630 0.5250045657 -0.6595398188 -0.5379381180
64.7 260.8 2492.9 0.0554253720 0.7119501233 0.7000393271 -0.9596126676 0.2316563576 -0.1596208662 -0.2758106589 -0.6629195809 0.6960359812
78.4 23.2 2424.6 -0.7019858360 0.7119501233 -0.0185182411 0.2596755922 0.2316563576 -0.9374987483 -0.6631624699 -0.6629195809 -0.3474955559
-221.0 -98.4 2566.2 0.9778538346 0.0351961292 -0.2063083053 -0.0426411889 0.9985858202 -0.0317510106 0.2048990279 0.0398450792 0.9779717326
-235.0 -495.2 2550.4 0.9760407209 0.0600054115 -0.2091502845 -0.0953941941 0.9819270968 -0.1634598821 0.1955618411 0.1794952303 0.9641249776
-41.1 -113.8 2597.9 0.9391021132 0.0376137160 -0.3415734172 -0.0722628310 0.9933812022 -0.0892851204 0.3359542489 0.1085309088 0.9356045127
-56.0 -508.5 2554.8 0.9263316393 -0.1567680836 -0.3425396681 0.1228382662 0.9852973223 -0.1187430397 0.3561185598 0.0679184571 0.9319692254
-119.4 134.5 2235.4 0 0 0 0 0 0 0 0 0
-99.9 89.2 2256.1 0 0 0 0 0 0 0 0 0
-254.9 -820.9 2490.8 0 0 0 0 0 0 0 0 0
-6.3 -820.7 2533.2 0 0 0 0 0 0 0 0 0
-47.0 463.7 2399.9  0.9806659222 0.1407123208 -0.1359940618 -0.0873566717 0.9366470575 0.3392065763 0.1751089841 -0.3207683265 0.9308300018
-76.0 271.0 2465.9 0.9806659222 0.1407123208 -0.1359940618 -0.0873566717 0.9366470575 0.3392065763 0.1751089841 -0.3207683265 0.9308300018
-100.8 82.2 2522.7 0.9820431471 0.1251353472 -0.1411820203 -0.0775826424 0.9500221014 0.3023886383 0.1719655544 -0.2860054374 0.9426710606
-219.4 282.3 2440.8 0.6564844251 -0.3519419730 -0.6672068834 0.6750757098 0.6687818766 0.3114540279 0.3366021216 -0.6548798680 0.6766323447
-348.3 149.8 2374.7 -0.8537981510 -0.3519419730 -0.3836216033 0.0573717840 0.6687818766 -0.7412416935 0.5174332857 -0.6548798680 -0.5508131981
67.5 259.7 2491.0 0.0314701013 0.7207416296 0.6924890876 -0.9626301527 0.2083094716 -0.1730615497 -0.2689847052 -0.6611646414 0.7003631592
75.1 25.1 2425.4 -0.6928291917 0.7207416296 -0.0227860808 0.2478190362 0.2083094716 -0.9461463094 -0.6771804690 -0.6611646414 -0.3229363859
-218.6 -98.4 2564.6 0.9796389937 0.0389668122 -0.1969493479 -0.0465672947 0.9983327389 -0.0341066942 0.1952919513 0.0425836444 0.9798202515
-234.1 -495.1 2547.7 0.9775454998 0.0656542853 -0.2002357394 -0.0979467183 0.9829057455 -0.1558932662 0.1865777969 0.1720051914 0.9672657251
-38.8 -112.2 2597.9 0.9422210455 0.0404894054 -0.3325358927 -0.0734740198 0.9934759140 -0.0872192085 0.3268349469 0.1066125184 0.9390488267
-54.9 -507.0 2555.5 0.9304402471 -0.1516690552 -0.3335827589 0.1190026551 0.9860476851 -0.1163970828 0.3465823531 0.0686032996 0.9355074763
-120.7 134.5 2236.7 0 0 0 0 0 0 0 0 0
-99.3 87.4 2254.9 0 0 0 0 0 0 0 0 0
-255.7 -818.7 2491.0 0 0 0 0 0 0 0 0 0
-6.6 -821.3 2533.7 0 0 0 0 0 0 0 0 0
-48.6 462.8 2399.8  0.9811251760 0.1414339542 -0.1318704635 -0.0892650262 0.9361963272 0.3399531841 0.1715375632 -0.3217652142 0.9311509132
-77.6 270.8 2465.8 0.9811251760 0.1414339542 -0.1318704635 -0.0892650262 0.9361963272 0.3399531841 0.1715375632 -0.3217652142 0.9311509132
-102.9 82.1 2522.6 0.9823371768 0.1272006035 -0.1372360140 -0.0807561874 0.9497910738 0.3022835553 0.1687961966 -0.2858617008 0.9432873130
-221.1 282.6 2441.2 0.6482682824 -0.3648187220 -0.6683229208 0.6869381070 0.6588315368 0.3066872358 0.3284269869 -0.6579120755 0.6777074933
-347.2 149.1 2377.3 -0.8488298655 -0.3648187220 -0.3826162517 0.0550325550 0.6588315368 -0.7502748966 0.5257939696 -0.6579120755 -0.5391589999
65.9 259.0 2490.5 0.0336857624 0.7212798595 0.6918241382 -0.9634101391 0.2076038718 -0.1695333719 -0.2659063935 -0.6607995033 0.7018815875
74.1 25.5 2426.0 -0.6923536062 0.7212798595 -0.0200460814 0.2437071353 0.2076038718 -0.9473686814 -0.6791563034 -0.6607995033 -0.3195163310
-215.8 -99.5 2563.8 0.9797969460 0.0502468534 -0.1935799569 -0.0563821495 0.9980624914 -0.0263124257 0.1918827742 0.0366952904 0.9807316065
-235.7 -496.1 2549.2 0.9781275392 0.0616200045 -0.1986694038 -0.0951873958 0.9818379283 -0.1641145945 0.1849484146 0.1794358194 0.9662281871
-35.7 -113.7 2595.3 0.9429162741 0.0464274772 -0.3297777772 -0.0789085478 0.9931831360 -0.0857946277 0.3235464990 0.1069194376 0.9401520491
-54.1 -508.4 2552.8 0.9308084249 -0.1553109735 -0.3308688104 0.1248790249 0.9858905673 -0.1114676520 0.3435125649 0.0624364577 0.9370703101
-121.3 134.4 2237.4 0 0 0 0 0 0 0 0 0
-100.2 86.9 2255.1 0 0 0 0 0 0 0 0 0
-255.9 -816.8 2490.6 0 0 0 0 0 0 0 0 0
-4.7 -822.3 2532.9 0 0 0 0 0 0 0 0 0
-48.3 461.3 2399.8  0.9813154936 0.1444474757 -0.1271015108 -0.0936891362 0.9357203245 0.3400733173 0.1680541933 -0.3218111694 0.9317700267
-78.0 269.4 2465.8 0.9813154936 0.1444474757 -0.1271015108 -0.0936891362 0.9357203245 0.3400733173 0.1680541933 -0.3218111694 0.9317700267
-103.5 80.6 2522.3 0.9827628136 0.1285761893 -0.1328359395 -0.0836922079 0.9501141310 0.3004643023 0.1648418605 -0.2841678262 0.9444976449
-221.5 281.6 2441.7 0.6476220489 -0.3666035235 -0.6679726839 0.6877796054 0.6585560441 0.3053901792 0.3279403150 -0.6571953893 0.6786378622
-346.5 148.9 2378.4 -0.8470047116 -0.3666035235 -0.3849478960 0.0560240559 0.6585560441 -0.7504433990 0.5286249518 -0.6571953893 -0.5372614264
65.6 257.2 2489.9 0.0281722620 0.7267730236 0.6862996817 -0.9653283954 0.1980264038 -0.1700784266 -0.2595138848 -0.6577130556 0.7071534991
72.4 24.9 2427.4 -0.6863099933 0.7267730236 -0.0279202480 0.2482772022 0.1980264038 -0.9482320547 -0.6836205125 -0.6577130556 -0.3163486719
-218.2 -99.2 2563.9 0.9808025360 0.0460388847 -0.1894908249 -0.0507346280 0.9985118508 -0.0200024564 0.1882879436 0.0292322077 0.9816787243
-236.5 -496.0 2552.3 0.9791345000 0.0601733141 -0.1941000074 -0.0923336744 0.9825999141 -0.1611581445 0.1810252219 0.1757174730 0.9676534534
-38.1 -114.1 2594.9 0.9444542527 0.0391864255 -0.3262982666 -0.0705624744 0.9938895106 -0.0848795623 0.3209783137 0.1031892821 0.9414482713
-53.6 -509.0 2553.9 0.9325144291 -0.1524668336 -0.3273694217 0.1204382554 0.9859083295 -0.1161009595 0.3404577971 0.0688380077 0.9377365708
-120.5 133.9 2237.4 0 0 0 0 0 0 0 0 0
-100.5 87.4 2255.2 0 0 0 0 0 0 0 0 0
-256.2 -817.5 2494.8 0 0 0 0 0 0 0 0 0
-5.6 -819.7 2532.2 0 0 0 0 0 0 0 0 0
-49.1 462.0 2400.3  0.9820711017 0.1432444155 -0.1225453094 -0.0945823342 0.9367445111 0.3369924128 0.1630659252 -0.3193598986 0.9334981441
-78.5 269.8 2465.8 0.9820711017 0.1432444155 -0.1225453094 -0.0945823342 0.9367445111 0.3369924128 0.1630659252 -0.3193598986 0.9334981441
-103.5 80.7 2521.5 0.9836742878 0.1260830611 -0.1284056306 -0.0833423138 0.9515748620 0.2959043384 0.1594960839 -0.2803718746 0.9465477467
-222.2 281.9 2442.5 0.6423453093 -0.3655219376 -0.6736365557 0.6884678602 0.6613931060 0.2976091504 0.3367558718 -0.6549449563 0.6764928102
-347.0 148.1 2377.1 -0.8483114839 -0.3655219376 -0.3830944300 0.0528897606 0.6613931060 -0.7481723428 0.5268493891 -0.6549449563 -0.5417349935
65.2 257.6 2489.1 0.0221509356 0.7364296913 0.6761513352 -0.9687668085 0.1828901470 -0.1674575508 -0.2469821274 -0.6513236761 0.7174798250
70.6 24.0 2429.6 -0.6755688787 0.7364296913 -0.0357487984 0.2496847212 0.1828901470 -0.9508988857 -0.6937320828 -0.6513236761 -0.3074301481
-219.2 -100.6 2563.6 0.9819062352 0.0433396101 -0.1843414605 -0.0479959063 0.9986294508 -0.0208703317 0.1831842959 0.0293403435 0.9826406837
-236.4 -497.4 2552.0 0.9802811146 0.0582496263 -0.1888278425 -0.0919893757 0.9802309275 -0.1751720309 0.1748911887 0.1890879720 0.9662601948
-38.9 -115.9 2593.9 0.9462952018 0.0390235372 -0.3209401667 -0.0669841617 0.9948137403 -0.0765427500 0.3162887096 0.0939299464 0.9440013766
-54.4 -511.3 2556.5 0.9335733056 -0.1563682407 -0.3224745989 0.1215568855 0.9846147299 -0.1255299002 0.3371421397 0.0779923573 0.9382176399
-120.0 134.0 2236.1 0 0 0 0 0 0 0 0 0
-100.4 87.2 2254.0 0 0 0 0 0 0 0 0 0
-255.4 -817.0 2490.3 0 0 0 0 0 0 0 0 0
-5.5 -819.6 2532.1 0 0 0 0 0 0 0 0 0
-50.7 462.3 2399.5  0.9828951359 0.1381231993 -0.1218159422 -0.0899985358 0.9373252392 0.3366327882 0.1606779546 -0.3199114799 0.9337233305
-79.0 270.5 2465.0 0.9828951359 0.1381231993 -0.1218159422 -0.0899985358 0.9373252392 0.3366327882 0.1606779546 -0.3199114799 0.9337233305
-103.3 81.4 2521.1 0.9843134880 0.1222134605 -0.1272432506 -0.0797082409 0.9514647126 0.2972566187 0.1573962271 -0.2824513614 0.9462809563
-222.8 282.1 2442.0 0.6369031072 -0.3608240187 -0.6812931895 0.6918922663 0.6573233008 0.2986824214 0.3400581181 -0.6616132259 0.6683025956
-346.5 147.7 2375.9 -0.8594637513 -0.3608240187 -0.3621161282 0.0410837717 0.6573233008 -0.7524880171 0.5095431209 -0.6616132259 -0.5501215458
64.8 258.9 2488.0 0.0639509782 0.7081769109 0.7031328082 -0.9681186080 0.2150167227 -0.1285073608 -0.2421912551 -0.6724978089 0.6993497610
80.7 17.7 2427.6 -0.7038000822 0.7081769109 -0.0561328642 0.2907141447 0.2150167227 -0.9323374629 -0.6481903195 -0.6724978089 -0.3572058380
-218.8 -100.8 2562.6 0.9823979735 0.0410849825 -0.1822258532 -0.0463384576 0.9986212850 -0.0246642902 0.1809612811 0.0326742157 0.9829472899
-235.1 -497.7 2549.6 0.9806019664 0.0611103214 -0.1862398535 -0.0930668190 0.9813835025 -0.1680029631 0.1725060046 0.1820767820 0.9680339694
-38.4 -116.1 2591.9 0.9471929073 0.0402176045 -0.3181321919 -0.0643555075 0.9957601428 -0.0657273829 0.3141399622 0.0827300772 0.9457651973
-54.4 -511.8 2559.0 0.9349528551 -0.1529278904 -0.3201190531 0.1155901477 0.9843969941 -0.1326706856 0.3354132771 0.0870382339 0.9380417466
-115.1 136.7 2238.8 0 0 0 0 0 0 0 0 0
-99.4 92.1 2261.8 0 0 0 0 0 0 0 0 0
-255.2 -819.8 2489.9 0 0 0 0 0 0 0 0 0
-6.6 -819.4 2531.8 0 0 0 0 0 0 0 0 0
-50.1 464.2 2399.6  0.9832834601 0.1423840076 -0.1134918034 -0.0973342881 0.9378019571 0.3332470059 0.1538818777 -0.3166296184 0.9359840155
-79.3 271.5 2464.7 0.9832834601 0.1423840076 -0.1134918034 -0.0973342881 0.9378019571 0.3332470059 0.1538818777 -0.3166296184 0.9359840155
-104.2 82.3 2520.3 0.9849523902 0.1253070086 -0.1190250963 -0.0855530500 0.9519114494 0.2941857874 0.1501648873 -0.2795760334 0.9483078122
-223.2 284.0 2442.8 0.6332909465 -0.3568870127 -0.6867126226 0.6963394284 0.6499750614 0.3043744564 0.3377188146 -0.6709426641 0.6601378322
-348.7 146.0 2375.8 -0.8761623502 -0.3568870127 -0.3239925206 0.0162027869 0.6499750614 -0.7597827911 0.4817436635 -0.6709426641 -0.5637011528
64.5 259.0 2486.6 0.0692341998 0.6761018038 0.7335482240 -0.9597137570 0.2458592355 -0.1360249668 -0.2723163366 -0.6945787072 0.6658860445
81.8 19.4 2418.7 -0.7338095307 0.6761018038 -0.0664071143 0.3096469343 0.2458592355 -0.9185162187 -0.6046836376 -0.6945787072 -0.3897667229
