-229.1 501.2 2279.9 7 0.9985423684 -0.0385711119 -0.0377546884 0.0469618402 0.9656660557 0.2555066645 0.0266032442 -0.2569072545 0.9660698175
-221.2 304.5 2332.2 0.9985423684 -0.0385711119 -0.0377546884 0.0469618402 0.9656660557 0.2555066645 0.0266032442 -0.2569072545 0.9660698175
-214.5 113.9 2376.7 0.9987314343 -0.0345497541 -0.0366312042 0.0419483557 0.9732897878 0.2257151306 0.0278543774 -0.2269654125 0.9735044241
-363.6 298.6 2328.2 -0.0893339887 -0.8245857358 -0.5586392283 0.9932931066 -0.0324215032 -0.1109849066 0.0734046474 -0.5648072362 0.8219516873
-342.6 65.1 2311.0 -0.5570359230 -0.8245857358 0.0988400578 -0.1278942078 -0.0324215032 -0.9912577271 0.8205815554 -0.5648072362 -0.0873998031
-78.9 310.5 2336.2 0.5890231133 0.2245725393 0.7762853503 -0.5573144555 0.8085092902 0.1889796108 -0.5851942897 -0.5439484119 0.6013881564
34.6 203.1 2223.4 -0.8768705726 0.2245725393 0.4250473082 -0.0758148804 0.8085092902 -0.5835793018 -0.4747105837 -0.5439484119 -0.6919320226
-296.0 -82.6 2418.4 0.9546349645 -0.0651089028 -0.2905733585 0.0336508453 0.9931406975 -0.1119787022 0.2958710194 0.0971207470 0.9502778053
-270.5 -471.6 2380.4 0.9546346664 -0.0755620003 -0.2880330682 0.0336550139 0.9884498119 -0.1477643102 0.2958715856 0.1313671768 0.9461514950
-115.5 -74.3 2424.5 0.9678314328 -0.2075416446 0.1422278732 0.2368462086 0.9422690868 -0.2367125899 -0.0848892033 0.2627840340 0.9611130953
-34.2 -443.4 2321.5 0.9911017418 -0.1083875746 0.0772625506 0.1054363549 0.9935674071 0.0413163602 -0.0812437311 -0.0328024365 0.9961543083
-204.5 96.9 2107.5 0 0 0 0 0 0 0 0 0
-188.7 183.8 2102.5 0 0 0 0 0 0 0 0 0
-247.2 -777.2 2339.8 0 0 0 0 0 0 0 0 0
3.9 -793.4 2333.1 0 0 0 0 0 0 0 0 0
-227.3 501.6 2281.1 8 0.9987361431 -0.0273915492 -0.0421408154 0.0372355990 0.9664029479 0.2543202937 0.0337587819 -0.2555680275 0.9662014842
-221.7 304.8 2333.1 0.9987361431 -0.0273915492 -0.0421408154 0.0372355990 0.9664029479 0.2543202937 0.0337587819 -0.2555680275 0.9662014842
-216.9 114.0 2377.1 0.9988480210 -0.0243947878 -0.0413220562 0.0330425836 0.9741114974 0.2236402333 0.0347966366 -0.2247479856 0.9737954140
-364.1 300.1 2328.2 -0.0983670205 -0.8266330361 -0.5540773869 0.9930345416 -0.0452497564 -0.1087878868 0.0648557991 -0.5609191060 0.8253262639
-340.8 65.7 2312.8 -0.5522691607 -0.8266330361 0.1080582961 -0.1261672527 -0.0452497564 -0.9909764528 0.8240634799 -0.5609191060 -0.0793039799
-79.4 309.5 2338.1 0.5902840495 0.2185565531 0.7770442963 -0.5485625863 0.8148054481 0.1875397414 -0.5921518803 -0.5369591713 0.6008585691
34.9 203.4 2223.5 -0.8728330135 0.2185565531 0.4363434613 -0.0828196183 0.8148054481 -0.5737882853 -0.4809402227 -0.5369591713 -0.6930882931
-298.0 -80.5 2418.6 0.9520137310 -0.0672841072 -0.2985677123 0.0376941413 0.9938850403 -0.1037866026 0.3037251830 0.0875520185 0.9487284422
-271.6 -469.8 2384.3 0.9523212910 -0.0800631717 -0.2944045365 0.0339865386 0.9867869020 -0.1584187001 0.3031980395 0.1408597231 0.9424592853
-117.4 -72.9 2423.6 0.9669828415 -0.2174244225 0.1329317391 0.2440684289 0.9401910901 -0.2376368344 -0.0733131915 0.2622351944 0.9622150660
-32.3 -441.2 2320.9 0.9926675558 -0.1014971286 0.0656467527 0.0990579054 0.9943009615 0.0394098051 -0.0692726076 -0.0326180048 0.9970643520
-204.4 96.9 2109.3 0 0 0 0 0 0 0 0 0
-187.5 182.3 2101.0 0 0 0 0 0 0 0 0 0
-246.7 -777.5 2340.4 0 0 0 0 0 0 0 0 0
3.6 -792.4 2332.4 0 0 0 0 0 0 0 0 0
-227.8 503.2 2281.2 9 0.9989657402 -0.0276077632 -0.0361283831 0.0358887054 0.9666197896 0.2536890805 0.0279186238 -0.2547233105 0.9666108489
-222.1 306.2 2333.1 0.9989657402 -0.0276077632 -0.0361283831 0.0358887054 0.9666197896 0.2536890805 0.0279186238 -0.2547233105 0.9666108489
-217.3 115.4 2377.1 0.9990732074 -0.0246049818 -0.0353169441 0.0318934321 0.9741757512 0.2235271782 0.0289050303 -0.2244463861 0.9740576744
-364.5 301.6 2329.0 -0.0228649750 -0.7953099608 -0.6057716012 0.9952488542 0.0392528772 -0.0891004875 0.0946407840 -0.6049307585 0.7906338573
-358.8 53.4 2305.4 -0.6008508205 -0.7953099608 0.0803762078 -0.1833546013 0.0392528772 -0.9822628498 0.7780484557 -0.6049307585 -0.1694088727
-79.8 310.7 2337.2 0.5962770581 0.2283504456 0.7696166635 -0.5498572588 0.8146732450 0.1842947006 -0.5849022865 -0.5330699682 0.6113311052
35.4 204.5 2224.3 -0.8687771559 0.2283504456 0.4394113421 -0.0766123980 0.8146732450 -0.5748374462 -0.4892410338 -0.5330699682 -0.6902750134
-302.4 -79.7 2418.0 0.9528857470 -0.0781365335 -0.2930929363 0.0496429838 0.9933964610 -0.1034363583 0.2992396355 0.0840130225 0.9504722357
-271.8 -468.8 2385.1 0.9543151855 -0.0800016522 -0.2878928781 0.0335880965 0.9861058593 -0.1626871377 0.2969080806 0.1455850303 0.9437428713
-121.9 -73.8 2424.3 0.9638386369 -0.2281403840 0.1377207488 0.2555816472 0.9377076030 -0.2353347242 -0.0754524469 0.2620235980 0.9621073604
-32.5 -441.0 2321.7 0.9922116995 -0.1043170393 0.0680731833 0.1019331664 0.9940800667 0.0376097038 -0.0715935230 -0.0303778704 0.9969711900
-208.2 99.4 2110.4 0 0 0 0 0 0 0 0 0
-185.1 185.1 2100.1 0 0 0 0 0 0 0 0 0
-246.8 -777.1 2339.6 0 0 0 0 0 0 0 0 0
4.5 -793.2 2332.4 0 0 0 0 0 0 0 0 0
-229.0 502.5 2281.7 0 0.9985386133 -0.0334533677 -0.0424435399 0.0431066155 0.9667183161 0.2521853745 0.0325945020 -0.2536464334 0.9667477012
-222.2 304.7 2333.6 0.9985386133 -0.0334533677 -0.0424435399 0.0431066155 0.9667183161 0.2521853745 0.0325945020 -0.2536464334 0.9667477012
-216.3 114.0 2377.7 0.9986793995 -0.0302670281 -0.0415135883 0.0388201252 0.9738469124 0.2238642126 0.0336521752 -0.2251801342 0.9737358093
-364.5 299.2 2328.8 0.0177300684 -0.7801440954 -0.6253485680 0.9948079586 0.0764527321 -0.0671723485 0.1002137139 -0.6209107637 0.7774490118
-369.0 48.8 2303.6 -0.6219127178 -0.7801440954 0.0678216219 -0.2023751736 0.0764527321 -0.9763192534 0.7564845085 -0.6209107637 -0.2054287195
-79.9 310.3 2338.4 0.6283451319 0.2486140281 0.7371386886 -0.5347209573 0.8262553215 0.1771316975 -0.5650273561 -0.5054633617 0.6521126628
41.8 206.7 2229.0 -0.8575459719 0.2486140281 0.4503397942 -0.0548654795 0.8262553215 -0.5606174469 -0.5114730000 -0.5054633617 -0.6949115992
-302.8 -78.3 2418.4 0.9515879750 -0.0788395852 -0.2970936894 0.0502641462 0.9934483171 -0.1026352793 0.3032389283 0.0827333406 0.9493162632
-271.9 -467.5 2386.0 0.9533309340 -0.0794157311 -0.2912958264 0.0309232939 0.9853964448 -0.1674443632 0.3003395796 0.1506220698 0.9418647289
-122.2 -72.6 2423.6 0.9648102522 -0.2251145393 0.1358847618 0.2523900270 0.9377925396 -0.2384207398 -0.0737597495 0.2643267214 0.9616084695
-34.0 -439.9 2320.1 0.9918643832 -0.1097223237 0.0645448416 0.1069738865 0.9932606220 0.0446088985 -0.0690044463 -0.0373413637 0.9969172478
-211.5 100.1 2112.0 0 0 0 0 0 0 0 0 0
-176.7 192.8 2098.7 0 0 0 0 0 0 0 0 0
-246.9 -778.1 2338.5 0 0 0 0 0 0 0 0 0
5.0 -793.2 2333.4 0 0 0 0 0 0 0 0 0
-228.2 501.7 2281.5 1 0.9976051450 -0.0382749476 -0.0576108098 0.0516740084 0.9660971165 0.2529549599 0.0459757969 -0.2553261518 0.9657612443
-220.4 304.2 2333.7 0.9976051450 -0.0382749476 -0.0576108098 0.0516740084 0.9660971165 0.2529549599 0.0459757969 -0.2553261518 0.9657612443
-213.6 113.6 2378.2 0.9977880716 -0.0349289924 -0.0565586090 0.0468271971 0.9732143283 0.2250801921 0.0471818261 -0.2272308171 0.9726973176
-362.6 297.6 2327.0 0.0417220257 -0.7728181481 -0.6332545877 0.9936351776 0.0984699577 -0.0547061190 0.1046344340 -0.6269415617 0.7720077038
-373.2 45.5 2300.4 -0.6314775348 -0.7728181481 0.0631519482 -0.2176217884 0.0984699577 -0.9710532427 0.7442290187 -0.6269415617 -0.2303636372
-78.2 310.9 2340.4 0.6332879066 0.2688889503 0.7257032394 -0.5345120430 0.8300935030 0.1588762701 -0.5596814752 -0.4885115027 0.6694125533
45.8 206.3 2230.8 -0.8514581323 0.2688889503 0.4502418637 -0.0322306529 0.8300935030 -0.5566920042 -0.5234311819 -0.4885115027 -0.6981233954
-300.6 -80.3 2418.8 0.9481729865 -0.0754913837 -0.3086568415 0.0433003791 0.9930042028 -0.1098534092 0.3147905171 0.0907950774 0.9448085427
-271.0 -469.2 2383.2 0.9496446252 -0.0740359873 -0.3044565320 0.0257029478 0.9868152738 -0.1597967893 0.3122730553 0.1439247280 0.9390267134
-120.1 -73.2 2424.9 0.9677323103 -0.2196586877 0.1234674156 0.2432929128 0.9420682192 -0.2309025377 -0.0655949861 0.2534905970 0.9651113153
-34.0 -442.2 2325.6 0.9923245311 -0.1074965969 0.0611265600 0.1060861498 0.9940201044 0.0258789603 -0.0635429323 -0.0191956460 0.9977945089
-212.4 100.9 2110.9 0 0 0 0 0 0 0 0 0
-171.7 198.0 2097.1 0 0 0 0 0 0 0 0 0
-247.9 -778.1 2338.2 0 0 0 0 0 0 0 0 0
3.9 -792.6 2332.4 0 0 0 0 0 0 0 0 0
-226.4 501.2 2281.4 2 0.9973077774 -0.0388110243 -0.0622166656 0.0534059741 0.9658385515 0.2535817623 0.0502494834 -0.2562218010 0.9653110504
-218.4 303.8 2333.7 0.9973077774 -0.0388110243 -0.0622166656 0.0534059741 0.9658385515 0.2535817623 0.0502494834 -0.2562218010 0.9653110504
-211.8 113.4 2379.0 0.9975469112 -0.0338260904 -0.0612858012 0.0470248908 0.9723502994 0.2287434340 0.0518537723 -0.2310642600 0.9715557098
-360.6 297.1 2326.4 0.0014254610 -0.7948434353 -0.6068128943 0.9954165220 0.0591537170 -0.0751451030 0.0956238285 -0.6039244533 0.7912846208
-360.9 57.5 2303.3 -0.6021944880 -0.7948434353 0.0747372806 -0.1994699836 0.0591537170 -0.9781168699 0.7730287910 -0.6039244533 -0.1941694617
-76.3 310.5 2341.1 0.6030268073 0.2686092257 0.7511376143 -0.5446060896 0.8266509771 0.1416065246 -0.5828918219 -0.4944666326 0.6447789073
40.8 204.8 2228.0 -0.8554823995 0.2686092257 0.4427176714 -0.0312039964 0.8266509771 -0.5618491769 -0.5168908834 -0.4944666326 -0.6988036633
-296.9 -81.2 2418.4 0.9474651814 -0.0626155138 -0.3136703372 0.0325492248 0.9944353700 -0.1001938060 0.3181985617 0.0847204179 0.9442309737
-272.4 -470.7 2385.3 0.9477323294 -0.0797083080 -0.3089498580 0.0293079671 0.9859470725 -0.1644670218 0.3177176118 0.1468160152 0.9367499948
-116.5 -72.8 2427.0 0.9701265693 -0.2105415612 0.1205268875 0.2339366376 0.9434444308 -0.2349175364 -0.0642505214 0.2560953796 0.9645138979
-34.1 -442.3 2326.7 0.9924604297 -0.1062762067 0.0610546991 0.1051812693 0.9942337275 0.0208852664 -0.0629222468 -0.0143059893 0.9979158640
-209.8 107.5 2109.3 0 0 0 0 0 0 0 0 0
-176.6 196.9 2096.6 0 0 0 0 0 0 0 0 0
-247.6 -777.0 2339.7 0 0 0 0 0 0 0 0 0
3.4 -792.9 2331.7 0 0 0 0 0 0 0 0 0
-227.6 501.0 2280.8 3 0.9975359440 -0.0427289121 -0.0556442030 0.0557562150 0.9642367959 0.2591112256 0.0425826497 -0.2615752816 0.9642432928
-218.8 303.7 2334.4 0.9975359440 -0.0427289121 -0.0556442030 0.0557562150 0.9642367959 0.2591112256 0.0425826497 -0.2615752816 0.9642432928
-211.3 113.4 2380.2 0.9977683425 -0.0385676138 -0.0545057394 0.0502229109 0.9714172482 0.2320046574 0.0439999513 -0.2342243344 0.9711863995
-361.0 296.5 2328.1 -0.0445819274 -0.8150743246 -0.5776385665 0.9947152734 0.0173131879 -0.1012014449 0.0924874619 -0.5790976882 0.8099949956
-350.4 59.5 2306.1 -0.5698778033 -0.8150743246 0.1043705046 -0.2040273398 0.0173131879 -0.9788120985 0.7959975600 -0.5790976882 -0.1761638522
-76.6 310.8 2340.6 0.5869872570 0.2739101946 0.7618524432 -0.5566001534 0.8198913336 0.1340687424 -0.5879134536 -0.5027438402 0.6337242126
36.7 203.4 2227.1 -0.8563976288 0.2739101946 0.4376715124 -0.0299574174 0.8198913336 -0.5717348456 -0.5154470801 -0.5027438402 -0.6939473152
-295.4 -81.3 2419.6 0.9502162337 -0.0588795356 -0.3059775829 0.0295647420 0.9945905805 -0.0995763689 0.3101854324 0.0855729356 0.9468169212
-272.3 -470.9 2386.1 0.9500774741 -0.0815336108 -0.3011727333 0.0312584378 0.9852699637 -0.1681250483 0.3104442656 0.1503176391 0.9386314154
-115.0 -72.8 2429.0 0.9691387415 -0.2080040574 0.1323040277 0.2355010062 0.9398342371 -0.2474892437 -0.0728650838 0.2710091472 0.9598149657
-33.6 -440.9 2322.8 0.9922897220 -0.1054633632 0.0651041418 0.1029677987 0.9938567877 0.0405748673 -0.0689833537 -0.0335583948 0.9970532060
-208.3 110.4 2107.6 0 0 0 0 0 0 0 0 0
-179.9 195.8 2096.7 0 0 0 0 0 0 0 0 0
-246.9 -777.9 2339.2 0 0 0 0 0 0 0 0 0
4.0 -794.6 2334.8 0 0 0 0 0 0 0 0 0
-227.1 500.0 2281.1 4 0.9977168441 -0.0390814170 -0.0550798588 0.0521237403 0.9641908407 0.2600367367 0.0429448932 -0.2623139918 0.9640265107
-219.2 303.1 2334.6 0.9977168441 -0.0390814170 -0.0550798588 0.0521237403 0.9641908407 0.2600367367 0.0429448932 -0.2623139918 0.9640265107
-212.2 112.8 2380.6 0.9979145527 -0.0353184640 -0.0540288612 0.0469790250 0.9714147449 0.2326937318 0.0442660488 -0.2347466797 0.9710481763
-361.4 296.4 2328.3 -0.0611508377 -0.8293120265 -0.5554296374 0.9959636927 -0.0140673472 -0.0886481181 0.0657035336 -0.5586086512 0.8268249035
-347.0 63.0 2312.9 -0.5468879342 -0.8293120265 0.1146956235 -0.1847603470 -0.0140673472 -0.9826829433 0.8165642619 -0.5586086512 -0.1455307156
-76.9 309.8 2340.9 0.5853256583 0.2684340775 0.7650732398 -0.5527412891 0.8224582672 0.1343110651 -0.5931871533 -0.5015032291 0.6297805309
36.4 202.7 2226.1 -0.8613894582 0.2684340775 0.4312207401 -0.0281101409 0.8224582672 -0.5681304336 -0.5071666241 -0.5015032291 -0.7009111643
-293.9 -81.4 2422.1 0.9503631592 -0.0558327027 -0.3060923815 0.0240184106 0.9939971566 -0.1067368388 0.3102143705 0.0940869078 0.9459993243
-272.0 -470.7 2385.3 0.9497656822 -0.0810749084 -0.3022780120 0.0316280611 0.9857823849 -0.1650234759 0.3113595843 0.1471731663 0.9388265610
-113.5 -72.3 2430.1 0.9689639807 -0.2088671029 0.1322246343 0.2366552651 0.9383425713 -0.2520069778 -0.0714360252 0.2754773498 0.9586496353
-31.7 -439.8 2322.2 0.9930303097 -0.0986399949 0.0645057783 0.0964040980 0.9946576953 0.0369089507 -0.0678018704 -0.0304330848 0.9972345233
-211.7 108.7 2110.8 0 0 0 0 0 0 0 0 0
-181.5 195.6 2097.8 0 0 0 0 0 0 0 0 0
-246.7 -778.8 2339.3 0 0 0 0 0 0 0 0 0
3.4 -793.8 2333.0 0 0 0 0 0 0 0 0 0
-227.2 498.9 2280.7 5 0.9972535968 -0.0380467586 -0.0635434091 0.0534582473 0.9635772705 0.2620324790 0.0512595028 -0.2647097409 0.9629648328
-219.4 301.7 2334.8 0.9972535968 -0.0380467586 -0.0635434091 0.0534582473 0.9635772705 0.2620324790 0.0512595028 -0.2647097409 0.9629648328
-212.6 111.5 2381.4 0.9974440932 -0.0345473439 -0.0625438988 0.0483814068 0.9706934690 0.2354005128 0.0525784977 -0.2378248125 0.9698839188
-361.5 294.8 2327.3 -0.0767333508 -0.8418783545 -0.5341842175 0.9956166148 -0.0359634347 -0.0863375515 0.0534746200 -0.5384677052 0.8409476876
-343.9 65.9 2315.1 -0.5260826349 -0.8418783545 0.1203239113 -0.1677732617 -0.0359634347 -0.9851694107 0.8337200880 -0.5384677052 -0.1223249361
-77.2 308.6 2342.3 0.5859827995 0.2712371051 0.7635800838 -0.5477694869 0.8269946575 0.1266033947 -0.5971371531 -0.4924532771 0.6331800818
36.1 202.6 2226.8 -0.8635250330 0.2712371051 0.4251528680 -0.0169135202 0.8269946575 -0.5619552732 -0.5040223002 -0.4924532771 -0.7095429897
-295.5 -81.7 2422.6 0.9476411343 -0.0614223257 -0.3133745790 0.0266115703 0.9931038022 -0.1141781360 0.3182265759 0.0998605117 0.9427405596
-271.5 -470.7 2383.5 0.9475693107 -0.0783026367 -0.3098081052 0.0275203697 0.9859077334 -0.1650108993 0.3183629811 0.1478332430 0.9363708496
-115.1 -73.2 2430.6 0.9688640833 -0.2117868364 0.1282526255 0.2393338084 0.9337798953 -0.2660346031 -0.0634170994 0.2884465754 0.9553935528
-32.2 -438.9 2317.6 0.9935711622 -0.1004067734 0.0522952564 0.0976674408 0.9938310385 0.0525442027 -0.0572484471 -0.0470988601 0.9972483516
-213.5 107.5 2108.4 0 0 0 0 0 0 0 0 0
-181.8 198.3 2099.6 0 0 0 0 0 0 0 0 0
-247.1 -778.0 2337.4 0 0 0 0 0 0 0 0 0
3.8 -794.8 2334.5 0 0 0 0 0 0 0 0 0
-228.4 497.3 2281.0 6 0.9974796176 -0.0387164727 -0.0594598539 0.0528921224 0.9643213749 0.2593967319 0.0472954847 -0.2618879080 0.9639387131
-220.5 300.2 2334.5 0.9974796176 -0.0387164727 -0.0594598539 0.0528921224 0.9643213749 0.2593967319 0.0472954847 -0.2618879080 0.9639387131
-213.8 110.0 2380.9 0.9976889491 -0.0345202275 -0.0585241243 0.0473597348 0.9709206223 0.2346705198 0.0487213954 -0.2368998826 0.9703116417
-362.7 293.4 2327.5 -0.0849819332 -0.8526167274 -0.5155799985 0.9954312444 -0.0500452220 -0.0813147873 0.0435280316 -0.5201347470 0.8529742956
-343.4 66.7 2317.6 -0.5107268095 -0.8526167274 0.1104663014 -0.1306194961 -0.0500452220 -0.9901686907 0.8497627378 -0.5201347470 -0.0858089328
-78.3 307.0 2341.4 0.5956035256 0.2742420137 0.7550150752 -0.5411761999 0.8315880299 0.1248585433 -0.5936200023 -0.4829623699 0.6437100172
37.7 201.5 2225.8 -0.8648909330 0.2742420137 0.4204224348 -0.0062763505 0.8315880299 -0.5553575158 -0.5019206405 -0.4829623699 -0.7175117135
-296.0 -83.0 2423.2 0.9486308694 -0.0640747398 -0.3098287880 0.0297654886 0.9930088520 -0.1142254248 0.3149816990 0.0991355628 0.9439060688
-270.9 -471.9 2384.4 0.9488142133 -0.0771826431 -0.3062587976 0.0274565555 0.9861663580 -0.1634687781 0.3146390915 0.1466926932 0.9378077984
-115.7 -74.2 2432.8 0.9690551162 -0.2102606893 0.1293160766 0.2374951392 0.9369859099 -0.2562293112 -0.0672923923 0.2790122628 0.9579268694
-33.3 -441.2 2323.5 0.9926443696 -0.1047910899 0.0606294274 0.1027889773 0.9940781593 0.0352572724 -0.0639650375 -0.0287658963 0.9975374937
-217.2 98.9 2107.8 0 0 0 0 0 0 0 0 0
-181.4 199.9 2098.6 0 0 0 0 0 0 0 0 0
-246.9 -778.9 2338.8 0 0 0 0 0 0 0 0 0
3.9 -794.4 2333.7 0 0 0 0 0 0 0 0 0
-227.6 498.4 2281.6 7 0.9973265529 -0.0448001884 -0.0577296391 0.0582940541 0.9641540647 0.2588604987 0.0440632664 -0.2615337372 0.9641880393
-218.5 300.9 2335.2 0.9973265529 -0.0448001884 -0.0577296391 0.0582940541 0.9641540647 0.2588604987 0.0440632664 -0.2615337372 0.9641880393
-210.6 110.8 2381.6 0.9975813031 -0.0402729101 -0.0566536859 0.0524998903 0.9707241654 0.2343893349 0.0455555618 -0.2367967367 0.9704905748
-360.6 293.5 2328.7 -0.0795663372 -0.8515766859 -0.5181566477 0.9955940247 -0.0420152433 -0.0838290229 0.0496163666 -0.5225436091 0.8511676788
-342.4 64.6 2317.3 -0.5137932301 -0.8515766859 0.1040846854 -0.1310168654 -0.0420152433 -0.9904894233 0.8478508592 -0.5225436091 -0.0899837613
-76.3 308.4 2341.7 0.5828712583 0.2887157500 0.7595421672 -0.5569360256 0.8225960732 0.1147080138 -0.5916784406 -0.4898764193 0.6402637959
36.7 200.5 2227.0 -0.8635326624 0.2887157500 0.4134665728 0.0027692271 0.8225960732 -0.5686194301 -0.5042853355 -0.4898764193 -0.7111380696
-297.2 -84.4 2422.9 0.9494227767 -0.0674975514 -0.3066601157 0.0351933017 0.9933435321 -0.1096814722 0.3120220602 0.0933417082 0.9454784989
-270.8 -473.5 2386.3 0.9505145550 -0.0730521902 -0.3019693494 0.0216786265 0.9851886630 -0.1700978577 0.3099228144 0.1551342010 0.9380198717
-116.8 -75.9 2431.7 0.9675161839 -0.2154535949 0.1322580129 0.2428497225 0.9374643564 -0.2493683398 -0.0702598616 0.2733867168 0.9593347907
-32.4 -443.1 2324.6 0.9927042723 -0.1014986560 0.0650867894 0.0997713283 0.9945797920 0.0292699337 -0.0677048638 -0.0225625914 0.9974502325
-215.3 97.0 2107.7 0 0 0 0 0 0 0 0 0
-180.8 201.2 2100.0 0 0 0 0 0 0 0 0 0
-248.2 -778.2 2338.3 0 0 0 0 0 0 0 0 0
3.5 -794.9 2332.6 0 0 0 0 0 0 0 0 0
-228.1 497.5 2281.5 8 0.9975263476 -0.0465509333 -0.0526711158 0.0586553849 0.9641684294 0.2587252259 0.0387399308 -0.2611746490 0.9645138979
-218.6 299.9 2335.0 0.9975263476 -0.0465509333 -0.0526711158 0.0586553849 0.9641684294 0.2587252259 0.0387399308 -0.2611746490 0.9645138979
-210.5 109.7 2380.9 0.9978200197 -0.0413075127 -0.0514678247 0.0521859676 0.9712628126 0.2322179079 0.0403964408 -0.2343975753 0.9713011384
-360.8 292.4 2329.2 -0.0681582242 -0.8375979066 -0.5420186520 0.9959110022 -0.0248329733 -0.0868595168 0.0592934117 -0.5457225442 0.8358654976
-345.1 63.6 2315.6 -0.5371418595 -0.8375979066 0.0995411426 -0.1445876807 -0.0248329733 -0.9891803265 0.8310072422 -0.5457225442 -0.1077675074
-76.3 307.3 2340.7 0.5740702152 0.3012811542 0.7613626719 -0.5602270961 0.8226543665 0.0968781710 -0.5971507430 -0.4821508825 0.6410472393
34.5 199.2 2225.5 -0.8549566865 0.3012811542 0.4222306609 0.0091531910 0.8226543665 -0.5684681535 -0.5186186433 -0.4821508825 -0.7060915232
-292.9 -84.1 2423.8 0.9518275857 -0.0580899566 -0.3010810614 0.0222055148 0.9923716187 -0.1212663502 0.3058286607 0.1087389961 0.9458565712
-270.1 -472.7 2381.2 0.9516883492 -0.0713528320 -0.2986604869 0.0241574552 0.9870106578 -0.1588279605 0.3061138988 0.1439398378 0.9410502911
-112.5 -74.6 2432.1 0.9685773849 -0.2078884840 0.1365290284 0.2366084158 0.9393582940 -0.2482387871 -0.0766436830 0.2727423906 0.9590293765
-31.1 -442.5 2325.2 0.9927281737 -0.0966831669 0.0717156678 0.0947883725 0.9950639009 0.0293776263 -0.0742019936 -0.0223661866 0.9969924092
-211.6 99.6 2109.0 0 0 0 0 0 0 0 0 0
-180.1 201.5 2095.3 0 0 0 0 0 0 0 0 0
-248.1 -777.1 2336.9 0 0 0 0 0 0 0 0 0
3.1 -794.6 2333.1 0 0 0 0 0 0 0 0 0
-227.6 496.6 2280.9 9 0.9973427653 -0.0451255105 -0.0571932569 0.0583872683 0.9646264911 0.2570732832 0.0435695685 -0.2597295344 0.9646980166
-218.4 299.2 2334.0 0.9973427653 -0.0451255105 -0.0571932569 0.0583872683 0.9646264911 0.2570732832 0.0435695685 -0.2597295344 0.9646980166
-210.8 108.8 2379.6 0.9976744056 -0.0388005637 -0.0560384020 0.0507358573 0.9717658758 0.2304277718 0.0455154777 -0.2327350527 0.9714745283
-360.6 291.9 2327.5 -0.0626826361 -0.8351232409 -0.5464797616 0.9967043400 -0.0241310857 -0.0774477497 0.0514912643 -0.5495333672 0.8338835239
-346.2 63.0 2315.7 -0.5411841273 -0.8351232409 0.0984326452 -0.1427304745 -0.0241310857 -0.9894673824 0.8287024498 -0.5495333672 -0.1061381698
-76.2 306.4 2340.5 0.5704401731 0.3056707382 0.7623407245 -0.5611273050 0.8228271604 0.0899537206 -0.5997784138 -0.4790834188 0.6408938766
33.8 198.3 2224.9 -0.8528874516 0.3056707382 0.4232592881 0.0129464259 0.8228271604 -0.5681442618 -0.5219342709 -0.4790834188 -0.7057362795
-292.6 -85.3 2423.1 0.9502696991 -0.0575047359 -0.3060730994 0.0209343303 0.9923765659 -0.1214516833 0.3107238114 0.1090044156 0.9442291856
-270.0 -474.0 2380.4 0.9500982165 -0.0717897713 -0.3035779297 0.0233293548 0.9867859483 -0.1603409052 0.3110772967 0.1452573389 0.9392184019
-112.2 -75.9 2430.4 0.9697048068 -0.2063129842 0.1307959557 0.2334641963 0.9402873516 -0.2476976961 -0.0718825459 0.2707298100 0.9599678516
-31.4 -444.2 2324.4 0.9931076169 -0.0966384411 0.0663191304 0.0947123915 0.9950029254 0.0316036679 -0.0690418556 -0.0251045991 0.9972978234
-213.2 98.0 2112.0 0 0 0 0 0 0 0 0 0
-179.9 201.5 2094.2 0 0 0 0 0 0 0 0 0
-248.1 -775.4 2336.1 0 0 0 0 0 0 0 0 0
2.7 -794.9 2333.2 0 0 0 0 0 0 0 0 0
-227.7 496.8 2280.6 0 0.9972245693 -0.0442570299 -0.0598705187 0.0583184883 0.9642197490 0.2586102486 0.0462830141 -0.2613840401 0.9641246200
-218.6 299.3 2334.1 0.9972245693 -0.0442570299 -0.0598705187 0.0583184883 0.9642197490 0.2586102486 0.0462830141 -0.2613840401 0.9641246200
-210.8 109.2 2380.3 0.9974799752 -0.0397388414 -0.0587756075 0.0524346679 0.9709697962 0.2333844751 0.0477949083 -0.2358782142 0.9706065655
-360.8 291.9 2327.3 -0.0509594232 -0.8386237025 -0.5423222184 0.9977263212 -0.0187679306 -0.0647296458 0.0441055484 -0.5443877578 0.8376733661
-349.0 62.2 2317.1 -0.5370355248 -0.8386237025 0.0911216140 -0.1386974752 -0.0187679306 -0.9901569486 0.8320792317 -0.5443877578 -0.1062359512
-76.4 306.8 2340.9 0.5842378736 0.3244788349 0.7438948750 -0.5651907325 0.8204643130 0.0860101730 -0.5824307203 -0.4706929028 0.6627387404
36.8 197.2 2228.0 -0.8462993503 0.3244788349 0.4224818647 0.0295573752 0.8204643130 -0.5709331632 -0.5318869948 -0.4706929028 -0.7039491534
-293.3 -86.1 2421.1 0.9493402243 -0.0580751970 -0.3088371456 0.0256210454 0.9938073158 -0.1081232131 0.3132039011 0.0947329849 0.9449492097
-270.6 -475.3 2384.0 0.9495169520 -0.0743602663 -0.3047755361 0.0233136285 0.9855414033 -0.1678232849 0.3128482997 0.1522456259 0.9375218749
-113.0 -76.9 2429.3 0.9697625637 -0.2062811255 0.1304170936 0.2336249501 0.9391880631 -0.2516845763 -0.0705684051 0.2745429873 0.9589818716
-32.2 -444.8 2321.8 0.9931049347 -0.0989701226 0.0628295317 0.0965530947 0.9945070744 0.0404129997 -0.0664840937 -0.0340679623 0.9972057343
-216.5 96.5 2111.9 0 0 0 0 0 0 0 0 0
-175.3 204.6 2094.7 0 0 0 0 0 0 0 0 0
-248.0 -774.7 2337.7 0 0 0 0 0 0 0 0 0
2.8 -796.0 2333.8 0 0 0 0 0 0 0 0 0
-228.2 498.5 2280.9 1 0.9972848296 -0.0489358492 -0.0550296940 0.0616008155 0.9638398886 0.2592642903 0.0403524972 -0.2619501948 0.9642373919
-218.1 300.7 2334.7 0.9972848296 -0.0489358492 -0.0550296940 0.0616008155 0.9638398886 0.2592642903 0.0403524972 -0.2619501948 0.9642373919
-209.7 110.6 2380.9 0.9976154566 -0.0432228558 -0.0538071357 0.0546602197 0.9707952142 0.2335998714 0.0421388596 -0.2359839529 0.9708428979
-360.3 292.9 2328.7 -0.0452627689 -0.8324843049 -0.5521966815 0.9975790381 -0.0084532565 -0.0690261051 0.0527952909 -0.5539841056 0.8308514953
-349.9 63.0 2316.5 -0.5488414168 -0.8324843049 0.0757825375 -0.1241816133 -0.0084532565 -0.9922235012 0.8266510963 -0.5539841056 -0.0987397432
-75.9 308.5 2340.7 0.5850233436 0.3395717442 0.7365044355 -0.5819797516 0.8082486987 0.0896305367 -0.5648427010 -0.4810665846 0.6704682112
37.6 195.5 2231.0 -0.8409309983 0.3395717442 0.4213384986 0.0317723565 0.8082486987 -0.5879834890 -0.5402088761 -0.4810665846 -0.6904703379
-293.2 -85.8 2422.2 0.9509781599 -0.0587803051 -0.3036204576 0.0288011096 0.9943373203 -0.1022929177 0.3079139590 0.0885337219 0.9472860098
-270.2 -475.2 2387.5 0.9517331123 -0.0723379403 -0.2982806265 0.0191558395 0.9839345217 -0.1774991155 0.3063285351 0.1632179767 0.9378287196
-112.9 -76.3 2430.8 0.9687796235 -0.2070602775 0.1363528222 0.2359668911 0.9388182759 -0.2508781850 -0.0760636181 0.2752204537 0.9583674073
-31.8 -444.0 2323.0 0.9926106334 -0.1006767526 0.0677368864 0.0978953168 0.9942582846 0.0432077833 -0.0716979802 -0.0362573825 0.9967671633
-214.5 93.7 2112.5 0 0 0 0 0 0 0 0 0
-175.4 203.6 2094.2 0 0 0 0 0 0 0 0 0
-248.2 -774.3 2337.9 0 0 0 0 0 0 0 0 0
3.9 -796.4 2335.9 0 0 0 0 0 0 0 0 0
-228.1 497.4 2281.6 2 0.9971210957 -0.0485253967 -0.0582654476 0.0619836003 0.9642332196 0.2577059865 0.0436761938 -0.2605755925 0.9644650221
-218.2 300.1 2334.9 0.9971210957 -0.0485253967 -0.0582654476 0.0619836003 0.9642332196 0.2577059865 0.0436761938 -0.2605755925 0.9644650221
-209.6 109.8 2380.4 0.9974030852 -0.0441135317 -0.0569308214 0.0560907423 0.9716162682 0.2298166901 0.0451768823 -0.2324131578 0.9715673923
-360.4 292.1 2328.5 -0.0601700544 -0.8339148164 -0.5486033559 0.9968293905 -0.0215330180 -0.0765991956 0.0520641170 -0.5514729619 0.8325664401
-346.6 63.6 2316.5 -0.5449790955 -0.8339148164 0.0870856941 -0.1255453825 -0.0215330180 -0.9918541908 0.8289970756 -0.5514729619 -0.0929591134
-76.1 308.1 2341.3 0.5713686943 0.3736619055 0.7306945920 -0.6092106104 0.7896831036 0.0725465566 -0.5499092937 -0.4865977168 0.6788390279
35.0 189.7 2234.4 -0.8281465173 0.3736619055 0.4177919626 0.0477329344 0.7896831036 -0.6116552353 -0.5584754944 -0.4865977168 -0.6718093157
-291.4 -84.5 2423.3 0.9504462481 -0.0520923994 -0.3064936399 0.0222449508 0.9947302341 -0.1000844762 0.3100921512 0.0883069783 0.9465963840
-271.0 -474.2 2388.7 0.9505172372 -0.0747520998 -0.3015445471 0.0213157441 0.9840255380 -0.1767466664 0.3099397123 0.1615731120 0.9369266033
-111.0 -74.6 2430.9 0.9704325795 -0.2007501870 0.1340146810 0.2294620126 0.9395413399 -0.2541836202 -0.0748849213 0.2774193287 0.9578260779
-32.4 -442.7 2322.2 0.9924610257 -0.1030042768 0.0664172024 0.1001890823 0.9939764738 0.0444172919 -0.0705923140 -0.0374281518 0.9968028069
-211.7 94.6 2111.4 0 0 0 0 0 0 0 0 0
-176.3 201.9 2091.9 0 0 0 0 0 0 0 0 0
-247.9 -777.8 2338.9 0 0 0 0 0 0 0 0 0
4.2 -795.7 2335.5 0 0 0 0 0 0 0 0 0
-229.9 496.4 2281.9 3 0.9975458384 -0.0500899330 -0.0489213020 0.0609975867 0.9647521973 0.2559930980 0.0343742557 -0.2583489120 0.9654399157
-219.7 299.1 2334.8 0.9975458384 -0.0500899330 -0.0489213020 0.0609975867 0.9647521973 0.2559930980 0.0343742557 -0.2583489120 0.9654399157
-211.0 108.8 2380.4 0.9978753924 -0.0443811603 -0.0476965867 0.0542428084 0.9714661837 0.2308921367 0.0360883586 -0.2329887748 0.9718095660
-361.9 291.4 2329.6 -0.0716161132 -0.8400881290 -0.5377016664 0.9956741333 -0.0282186437 -0.0885252282 0.0591957793 -0.5417155027 0.8384749293
-345.5 63.5 2316.1 -0.5350803137 -0.8400881290 0.0891124159 -0.1209469736 -0.0282186437 -0.9922577739 0.8360986114 -0.5417155027 -0.0865068734
-77.4 306.8 2339.9 0.5689467788 0.4301896989 0.7008825541 -0.6413751245 0.7655463219 0.0507619269 -0.5147208571 -0.4784094691 0.7114681005
32.4 183.0 2240.6 -0.8064460754 0.4301896989 0.4056865275 0.0877402127 0.7655463219 -0.6373699307 -0.5847618580 -0.4784094691 -0.6551167965
-291.1 -85.6 2421.9 0.9531036019 -0.0522937104 -0.2980920970 0.0237224083 0.9948370457 -0.0986735597 0.3017130792 0.0869746655 0.9494233131
-270.6 -475.3 2387.8 0.9529079199 -0.0764953047 -0.2934534848 0.0262831431 0.9848547578 -0.1713775992 0.3021186292 0.1555941999 0.9404864311
-110.8 -75.4 2430.0 0.9693085551 -0.2010387778 0.1415073574 0.2315083742 0.9401094317 -0.2501961887 -0.0827332735 0.2752774358 0.9577983022
-32.0 -443.7 2322.2 0.9919312596 -0.1021371782 0.0751022846 0.0992207304 0.9941955209 0.0415989943 -0.0789151564 -0.0338116400 0.9963077903
-213.9 93.2 2110.5 0 0 0 0 0 0 0 0 0
-173.3 205.4 2091.5 0 0 0 0 0 0 0 0 0
-247.1 -778.0 2340.0 0 0 0 0 0 0 0 0 0
4.1 -795.6 2334.2 0 0 0 0 0 0 0 0 0
-229.8 497.7 2281.6 4 0.9965925813 -0.0470286012 -0.0677611306 0.0630311817 0.9641138315 0.2578983009 0.0532008521 -0.2612906098 0.9637929797
-220.1 300.1 2335.2 0.9965925813 -0.0470286012 -0.0677611306 0.0630311817 0.9641138315 0.2578983009 0.0532008521 -0.2612906098 0.9637929797
-211.9 110.0 2381.4 0.9969018698 -0.0418090858 -0.0666237250 0.0562949963 0.9708159566 0.2331250310 0.0549326316 -0.2361533493 0.9701618552
-362.2 292.1 2327.3 -0.0662716851 -0.8410391808 -0.5368996263 0.9964340329 -0.0276210476 -0.0797262266 0.0522231497 -0.5402686596 0.8398705125
-346.8 61.2 2315.2 -0.5319098234 -0.8410391808 0.0986157358 -0.1398328543 -0.0276210476 -0.9897897840 0.8351758718 -0.5402686596 -0.1029129997
-78.1 308.1 2343.0 0.5584145188 0.4577833116 0.6918147802 -0.6627067327 0.7478053570 0.0400862284 -0.4989919662 -0.4808550477 0.7209614515
32.6 176.8 2244.1 -0.7982283831 0.4577833116 0.3914918602 0.1075471193 0.7478053570 -0.6551494002 -0.5926761627 -0.4808550477 -0.6461527348
-292.5 -86.4 2422.8 0.9474533200 -0.0553118624 -0.3150759339 0.0207660254 0.9934952259 -0.1119642258 0.3192193806 0.0995379984 0.9424389601
-270.8 -475.5 2383.8 0.9467466474 -0.0800266564 -0.3118757606 0.0299863219 0.9863250256 -0.1620608270 0.3205800653 0.1440785527 0.9361996651
-112.1 -76.6 2429.3 0.9714009762 -0.2026607841 0.1237286329 0.2279906273 0.9416607022 -0.2475790530 -0.0663358271 0.2687074840 0.9609348774
-32.7 -445.4 2324.1 0.9929602742 -0.1018801033 0.0604184680 0.1000336334 0.9944418073 0.0328444541 -0.0634288490 -0.0265693590 0.9976326227
-216.0 95.7 2109.7 0 0 0 0 0 0 0 0 0
-172.1 204.3 2092.1 0 0 0 0 0 0 0 0 0
-246.3 -778.0 2339.6 0 0 0 0 0 0 0 0 0
3.2 -795.3 2333.4 0 0 0 0 0 0 0 0 0
-231.0 497.6 2281.4 5 0.9952611923 -0.0532412231 -0.0813666359 0.0725286901 0.9638209343 0.2564931810 0.0647668540 -0.2611791193 0.9631150961
-220.0 300.1 2335.0 0.9952611923 -0.0532412231 -0.0813666359 0.0725286901 0.9638209343 0.2564931810 0.0647668540 -0.2611791193 0.9631150961
-210.5 110.0 2381.1 0.9956061244 -0.0485889539 -0.0800474882 0.0659765601 0.9706108570 0.2314339131 0.0664498359 -0.2356982678 0.9695518017
-361.9 290.7 2325.5 -0.0787106976 -0.8536838889 -0.5148091316 0.9962171316 -0.0482817143 -0.0722512901 0.0368238948 -0.5185486674 0.8542548418
-343.9 63.0 2317.1 -0.5098882318 -0.8536838889 0.1060084477 -0.1251892447 -0.0482817143 -0.9909573793 0.8510826230 -0.5185486674 -0.0822537690
-78.2 309.5 2344.4 0.5417443514 0.5037482977 0.6728675365 -0.6878615022 0.7257664800 0.0104648294 -0.4830730855 -0.4685089588 0.7396889329
30.5 171.4 2247.5 -0.7705038190 0.5037482977 0.3905912340 0.1322681904 0.7257664800 -0.6751059890 -0.6235615015 -0.4685089588 -0.6258357763
-293.9 -85.3 2422.7 0.9437393546 -0.0597331561 -0.3252505958 0.0254875515 0.9937638044 -0.1085533574 0.3297065198 0.0941562355 0.9393764734
-270.5 -474.5 2385.8 0.9442692995 -0.0724636018 -0.3210988641 0.0185937937 0.9856531024 -0.1677564979 0.3286483288 0.1524368674 0.9320693612
-113.7 -75.1 2432.6 0.9709395766 -0.2083760351 0.1177106500 0.2325883508 0.9374592304 -0.2589841783 -0.0563828424 0.2788361013 0.9586821198
-32.0 -442.3 2323.4 0.9940186143 -0.0968188718 0.0505276956 0.0953318030 0.9949608445 0.0310602244 -0.0532802939 -0.0260575451 0.9982395768
-218.3 93.9 2107.5 0 0 0 0 0 0 0 0 0
-166.3 205.2 2088.2 0 0 0 0 0 0 0 0 0
-248.4 -775.3 2339.3 0 0 0 0 0 0 0 0 0
2.3 -794.8 2332.6 0 0 0 0 0 0 0 0 0
-232.1 497.2 2280.9 6 0.9947196841 -0.0557494126 -0.0861671045 0.0764252022 0.9627502561 0.2593668699 0.0684978440 -0.2645826638 0.9619272351
-220.7 299.9 2335.1 0.9947196841 -0.0557494126 -0.0861671045 0.0764252022 0.9627502561 0.2593668699 0.0684978440 -0.2645826638 0.9619272351
-210.8 110.0 2382.0 0.9951261282 -0.0502813533 -0.0848278180 0.0690178797 0.9695516825 0.2349597514 0.0704308525 -0.2396692336 0.9682965279
-362.5 290.1 2325.1 -0.0735231563 -0.8521696925 -0.5180745125 0.9969305396 -0.0487865917 -0.0612325519 0.0269054361 -0.5209862590 0.8531408906
-345.8 63.4 2318.9 -0.5112544298 -0.8521696925 0.1114708930 -0.1344732046 -0.0487865917 -0.9897155166 0.8488438725 -0.5209862590 -0.0896516368
-78.8 309.7 2345.1 0.5440344810 0.5537937880 0.6303482652 -0.7246985435 0.6887655258 0.0203489475 -0.4228930473 -0.4678829908 0.7760457397
33.1 160.7 2258.1 -0.7421707511 0.5537937880 0.3774851263 0.1535675973 0.6887655258 -0.7085329890 -0.6523799300 -0.4678829908 -0.5962264538
-291.0 -86.1 2421.3 0.9429281950 -0.0523569174 -0.3288542628 0.0176898632 0.9940434098 -0.1075393707 0.3325258493 0.0955845192 0.9382377863
-270.5 -475.5 2383.9 0.9427552819 -0.0734651014 -0.3252927363 0.0200476199 0.9861541986 -0.1646145582 0.3328822553 0.1486698985 0.9311748743
-111.0 -74.2 2433.3 0.9730362892 -0.1989053339 0.1167777702 0.2236062139 0.9376592040 -0.2660742700 -0.0565741546 0.2850121558 0.9568528533
-33.1 -441.4 2321.7 0.9936200380 -0.1011983156 0.0497804843 0.0994779021 0.9943916798 0.0359080732 -0.0531351343 -0.0307269227 0.9981144667
-219.0 96.7 2108.4 0 0 0 0 0 0 0 0 0
-159.7 200.5 2088.7 0 0 0 0 0 0 0 0 0
-248.1 -775.8 2338.6 0 0 0 0 0 0 0 0 0
2.8 -794.9 2332.6 0 0 0 0 0 0 0 0 0
-234.8 500.5 2282.6 7 0.9939748049 -0.0609169565 -0.0911219269 0.0824430138 0.9633438587 0.2552876472 0.0722303987 -0.2612618506 0.9625616670
-222.3 302.7 2336.2 0.9939748049 -0.0609169565 -0.0911219269 0.0824430138 0.9633438587 0.2552876472 0.0722303987 -0.2612618506 0.9625616670
-211.4 112.8 2382.8 0.9943965673 -0.0558842272 -0.0897355527 0.0754633546 0.9697019458 0.2323433012 0.0740324110 -0.2378131151 0.9684854746
-364.0 292.0 2325.7 -0.0693803281 -0.8438193202 -0.5321234465 0.9970851541 -0.0416840389 -0.0639030263 0.0317415558 -0.5350059867 0.8442517519
-348.0 61.6 2318.3 -0.5228533745 -0.8438193202 0.1208027899 -0.1605710536 -0.0416840389 -0.9861437082 0.8371626139 -0.5350059867 -0.1136983112
-80.6 313.5 2346.8 0.5355293751 0.5945549607 0.5997604728 -0.7598509192 0.6491570473 0.0349522270 -0.3685577512 -0.4744465351 0.7994158268
33.3 151.8 2268.4 -0.7193659544 0.5945549607 0.3591893613 0.1658612490 0.6491570473 -0.7423511147 -0.6745388508 -0.4744465351 -0.5655951500
-290.9 -86.1 2422.6 0.9418255687 -0.0539939143 -0.3317366838 0.0198683422 0.9942298532 -0.1054144800 0.3355142772 0.0926909968 0.9374638796
-269.8 -475.6 2386.3 0.9423606396 -0.0687776655 -0.3274539411 0.0125742313 0.9852342010 -0.1707496643 0.3343625963 0.1567902863 0.9293107390
-111.0 -73.6 2435.3 0.9729062319 -0.1995730698 0.1167219430 0.2247046679 0.9350508451 -0.2742038965 -0.0544172302 0.2930026650 0.9545617700
-32.8 -439.9 2320.6 0.9937748313 -0.1015971527 0.0457126945 0.0996135399 0.9940633178 0.0437640473 -0.0498876162 -0.0389380045 0.9979954958
-218.5 101.4 2110.9 0 0 0 0 0 0 0 0 0
-156.0 195.5 2090.8 0 0 0 0 0 0 0 0 0
-248.9 -773.8 2338.8 0 0 0 0 0 0 0 0 0
3.5 -795.6 2334.5 0 0 0 0 0 0 0 0 0
-235.9 502.3 2281.4 8 0.9912532568 -0.0645788386 -0.1150938272 0.0923981518 0.9622917771 0.2558458745 0.0942316204 -0.2642425299 0.9598417878
-222.6 303.9 2335.9 0.9912532568 -0.0645788386 -0.1150938272 0.0923981518 0.9622917771 0.2558458745 0.0942316204 -0.2642425299 0.9598417878
-210.8 114.2 2383.0 0.9917097688 -0.0600435510 -0.1136066914 0.0853238627 0.9687739611 0.2328021377 0.0960809365 -0.2405655086 0.9658657908
-363.9 291.8 2322.2 0.0061040665 -0.8239758611 -0.5665920377 0.9997117519 0.0181849301 -0.0156755392 0.0232197009 -0.5663330555 0.8238493204
-365.3 50.9 2316.6 -0.5573215485 -0.8239758611 0.1022570804 -0.2063840181 0.0181849301 -0.9783020616 0.8042377234 -0.5663330555 -0.1801902950
-81.3 316.1 2349.6 0.5183594823 0.6229668856 0.5858461261 -0.7834526896 0.6205572486 0.0333253741 -0.3427904546 -0.4762572646 0.8097368479
30.8 146.7 2275.5 -0.6990832686 0.6229668856 0.3509912789 0.1684785187 0.6205572486 -0.7658483386 -0.6949083209 -0.4762572646 -0.5387777090
-290.3 -83.9 2422.7 0.9346712828 -0.0500603020 -0.3519709408 0.0156479701 0.9948698878 -0.0999451280 0.3551685810 0.0879082084 0.9306596518
-270.7 -473.6 2388.2 0.9350508451 -0.0727215260 -0.3469748199 0.0106738890 0.9840659499 -0.1774830520 0.3543529510 0.1622520983 0.9209279418
-110.6 -70.3 2436.1 0.9751340151 -0.1982072592 0.0991341770 0.2183420956 0.9358550310 -0.2765901089 -0.0379530452 0.2913575768 0.9558610320
-32.9 -436.9 2321.9 0.9949985147 -0.0949917510 0.0308952276 0.0938797146 0.9949450493 0.0356495865 -0.0341254696 -0.0325708501 0.9988867044
-225.2 102.8 2114.4 0 0 0 0 0 0 0 0 0
-152.4 190.8 2093.4 0 0 0 0 0 0 0 0 0
-248.5 -774.9 2338.6 0 0 0 0 0 0 0 0 0
1.3 -795.5 2333.7 0 0 0 0 0 0 0 0 0
-234.6 499.7 2275.8 9 0.9878177047 -0.0640003979 -0.1418456137 0.1008494645 0.9574775100 0.2703075707 0.1185141876 -0.2813196778 0.9522676468
-221.4 302.8 2333.7 0.9878177047 -0.0640003979 -0.1418456137 0.1008494645 0.9574775100 0.2703075707 0.1185141876 -0.2813196778 0.9522676468
-209.5 113.8 2383.6 0.9882483482 -0.0609589554 -0.1401757747 0.0942239240 0.9650307894 0.2446169555 0.1203623340 -0.2549501956 0.9594338536
-362.2 289.4 2316.6 0.0326097570 -0.8161916137 -0.5768603086 0.9994649291 0.0251647439 0.0208942313 -0.0025371546 -0.5772330165 0.8165755272
-370.3 40.9 2317.2 -0.5641563535 -0.8161916137 0.1247350201 -0.2503915727 0.0251647439 -0.9678175449 0.7867856622 -0.5772330165 -0.2185643464
-80.7 316.3 2350.8 0.4992434978 0.6484595537 0.5746791363 -0.8022540808 0.5965058208 0.0238571521 -0.3273290694 -0.4729492068 0.8180310130
27.3 142.7 2280.0 -0.6739830375 0.6484595537 0.3539025784 0.1610446274 0.5965058208 -0.7862858176 -0.7209795117 -0.4729492068 -0.5064657331
-288.7 -83.3 2421.5 0.9258063436 -0.0437693484 -0.3754555583 0.0132631212 0.9964232445 -0.0834551826 0.3777654469 0.0722836256 0.9230754972
-271.6 -473.5 2393.2 0.9266680479 -0.0749602094 -0.3683304489 0.0026882861 0.9812096357 -0.1929260194 0.3758711517 0.1777881980 0.9094570875
-109.5 -67.9 2438.8 0.9769670367 -0.1965992451 0.0829708502 0.2124707550 0.9322712421 -0.2927908301 -0.0197888855 0.3036758602 0.9525699019
-32.5 -433.0 2319.9 0.9956802130 -0.0920076147 0.0124716191 0.0915123448 0.9951629639 0.0357242227 -0.0156981945 -0.0344285965 0.9992838502
-227.3 104.4 2117.8 0 0 0 0 0 0 0 0 0
-146.6 184.3 2094.0 0 0 0 0 0 0 0 0 0
-248.5 -775.4 2338.5 0 0 0 0 0 0 0 0 0
0.9 -794.2 2332.4 0 0 0 0 0 0 0 0 0
-233.9 504.9 2280.1 0 0.9910548329 -0.0600560755 -0.1191788390 0.0900904164 0.9599053860 0.2654531002 0.0984583423 -0.2738154531 0.9567293525
-221.6 307.8 2336.3 0.9910548329 -0.0600560755 -0.1191788390 0.0900904164 0.9599053860 0.2654531002 0.0984583423 -0.2738154531 0.9567293525
-210.2 118.4 2384.8 0.9913367629 -0.0584896468 -0.1176026016 0.0855074897 0.9670415521 0.2398314625 0.0996989384 -0.2478096485 0.9636651278
-362.8 295.6 2322.1 0.0462301895 -0.8171809912 -0.5745241642 0.9986588955 0.0512274988 0.0074949893 0.0233066734 -0.5741001964 0.8184533119
-374.7 39.8 2316.1 -0.5665957928 -0.8171809912 0.1057566404 -0.2541539371 0.0512274988 -0.9658061266 0.7838207483 -0.5741001964 -0.2367150337
-80.4 320.0 2350.5 0.4841437936 0.6694690585 0.5633968711 -0.8275759816 0.5594325662 0.0464024320 -0.2841175497 -0.4887191355 0.8248823285
