-219.2 518.7 2267.9 6 0.9967977405 -0.0296242777 -0.0742738768 0.0491343699 0.9597211480 0.2766246200 0.0630874038 -0.2793882191 0.9581034184
-213.1 319.3 2326.0 0.9967977405 -0.0296242777 -0.0742738768 0.0491343699 0.9597211480 0.2766246200 0.0630874038 -0.2793882191 0.9581034184
-208.1 129.9 2375.6 0.9969610572 -0.0256959274 -0.0735413581 0.0434466675 0.9669824839 0.2511121035 0.0646606460 -0.2535441220 0.9651603103
-355.0 313.1 2316.8 0.0140171992 -0.8362915516 -0.5481057763 0.9995136261 0.0269910283 -0.0156210503 0.0278576910 -0.5476202369 0.8362631202
-358.3 78.0 2310.2 -0.5482581854 -0.8362915516 0.0054209810 -0.0510422029 0.0269910283 -0.9983317256 0.8347500563 -0.5476202369 -0.0574842170
-71.1 325.5 2335.2 0.4865943193 0.3094851375 0.8169730306 -0.6617990732 0.7410475016 0.1134486496 -0.5703051686 -0.5958754420 0.5654065013
25.4 194.2 2222.0 -0.8441841006 0.3094851375 0.4376896024 -0.0743189752 0.7410475016 -0.6673269868 -0.5308765769 -0.5958754420 -0.6025798917
-294.7 -65.4 2419.1 0.9435101748 -0.0612362139 -0.3256358802 0.0297376569 0.9944575429 -0.1008458659 0.3300064802 0.0854654536 0.9401018023
-270.7 -455.0 2385.6 0.9444567561 -0.0702685416 -0.3210355043 0.0174778085 0.9862307310 -0.1644489765 0.3281706572 0.1497039497 0.9326804280
-114.6 -59.6 2430.2 0.9720811844 -0.2040069550 0.1159279644 0.2276237607 0.9398204684 -0.2548036873 -0.0569697469 0.2740778327 0.9600186348
-34.7 -427.7 2322.8 0.9933465719 -0.1034762189 0.0505498573 0.1018402353 0.9942216277 0.0339397043 -0.0537697114 -0.0285658780 0.9981446862
-220.5 90.9 2100.3 0 0 0 0 0 0 0 0 0
-188.2 175.4 2087.6 0 0 0 0 0 0 0 0 0
-247.8 -776.2 2336.9 0 0 0 0 0 0 0 0 0
3.6 -794.8 2333.4 0 0 0 0 0 0 0 0 0
-221.9 522.0 2273.6 7 0.9971119761 -0.0342918560 -0.0677622110 0.0508243255 0.9643034935 0.2598762512 0.0564316995 -0.2625696957 0.9632614255
-214.8 320.8 2328.4 0.9971119761 -0.0342918560 -0.0677622110 0.0508243255 0.9643034935 0.2598762512 0.0564316995 -0.2625696957 0.9632614255
-208.6 130.9 2375.6 0.9972566962 -0.0313849524 -0.0670378283 0.0465629324 0.9700153470 0.2385416031 0.0575411059 -0.2410086989 0.9688156843
-356.8 314.2 2320.2 -0.0151894661 -0.8475717902 -0.5304633379 0.9993926287 0.0037716893 -0.0346433297 0.0313634537 -0.5306673646 0.8469997048
-353.3 78.9 2312.8 -0.5301608443 -0.8475717902 0.0234858040 -0.0502728894 0.0037716893 -0.9987283945 0.8464054465 -0.5306673646 -0.0446094871
-72.7 327.5 2336.6 0.4979069531 0.2945591211 0.8156737089 -0.6464912295 0.7529879808 0.1227120683 -0.5780465007 -0.5884250998 0.5653477907
27.8 197.0 2219.9 -0.8527667522 0.2945591211 0.4313047230 -0.0707893595 0.7529879808 -0.6542155743 -0.5174724460 -0.5884250998 -0.6212714314
-293.1 -63.4 2419.5 0.9462489486 -0.0583260469 -0.3181367218 0.0238520484 0.9935114980 -0.1112025753 0.3225584924 0.0976371095 0.9415004253
-270.2 -452.6 2381.2 0.9465611577 -0.0670058131 -0.3154872060 0.0193899237 0.9882342815 -0.1517135948 0.3219409585 0.1374889314 0.9367234707
-113.0 -55.5 2431.1 0.9726956487 -0.1974049658 0.1220427379 0.2230007499 0.9406465292 -0.2558412254 -0.0642947555 0.2760712802 0.9589842558
-35.7 -424.0 2323.0 0.9931280017 -0.1009554565 0.0592014864 0.0993507728 0.9946163297 0.0294573214 -0.0618566424 -0.0233731773 0.9978113174
-220.5 91.5 2100.8 0 0 0 0 0 0 0 0 0
-188.5 179.1 2088.7 0 0 0 0 0 0 0 0 0
-248.2 -777.0 2336.1 0 0 0 0 0 0 0 0 0
1.8 -792.8 2331.7 0 0 0 0 0 0 0 0 0
-222.7 519.3 2271.4 8 0.9943422675 -0.0393225178 -0.0986772925 0.0643320754 0.9621425271 0.2648454905 0.0845272243 -0.2696951926 0.9592286944
-214.4 317.8 2327.9 0.9943422675 -0.0393225178 -0.0986772925 0.0643320754 0.9621425271 0.2648454905 0.0845272243 -0.2696951926 0.9592286944
-208.0 127.9 2375.2 0.9946841002 -0.0326811858 -0.0976500064 0.0551603660 0.9698736668 0.2372812480 0.0869535357 -0.2414062917 0.9665206075
-356.1 310.0 2315.5 -0.0248323884 -0.8515607119 -0.5236675739 0.9995940328 -0.0138318036 -0.0249083359 0.0139676919 -0.5240735412 0.8515585065
-350.3 77.4 2312.3 -0.5225400925 -0.8515607119 0.0423820503 -0.0584203675 -0.0138318036 -0.9981962442 0.8506109118 -0.5240735412 -0.0425208174
-72.8 325.7 2340.3 0.5032368302 0.2610076070 0.8237886429 -0.6154792309 0.7774129510 0.1296705306 -0.6065789461 -0.5722797513 0.5518676043
30.9 199.0 2215.4 -0.8681465983 0.2610076070 0.4221333265 -0.0702048317 0.7774129510 -0.6250603199 -0.4913173914 -0.5722797513 -0.6565843821
-292.6 -63.3 2417.6 0.9366768599 -0.0544836670 -0.3459305763 0.0222996194 0.9950980544 -0.0963460729 0.3494841456 0.0825310200 0.9333003163
-271.3 -453.1 2385.2 0.9369929433 -0.0719257221 -0.3418639302 0.0180791747 0.9872483015 -0.1581579298 0.3488802016 0.1420122385 0.9263450503
-112.4 -54.9 2428.0 0.9754174948 -0.1979259253 0.0968818143 0.2167517990 0.9410161376 -0.2598216534 -0.0397419147 0.2744338810 0.9607843757
-34.9 -423.5 2320.5 0.9943560958 -0.1007613465 0.0332129449 0.0996460617 0.9944526553 0.0336834081 -0.0364226848 -0.0301837623 0.9988805652
-220.6 91.9 2101.1 0 0 0 0 0 0 0 0 0
-188.4 181.2 2091.3 0 0 0 0 0 0 0 0 0
-247.7 -776.7 2338.7 0 0 0 0 0 0 0 0 0
2.7 -794.4 2331.7 0 0 0 0 0 0 0 0 0
-224.1 521.5 2276.4 9 0.9958747625 -0.0411072411 -0.0808926225 0.0604547746 0.9653981924 0.2536761761 0.0676656663 -0.2575200498 0.9639008045
-215.6 320.6 2329.9 0.9958747625 -0.0411072411 -0.0808926225 0.0604547746 0.9653981924 0.2536761761 0.0676656663 -0.2575200498 0.9639008045
-208.6 130.2 2375.5 0.9961670041 -0.0355281569 -0.0799311921 0.0530668683 0.9718911648 0.2293718159 0.0695352629 -0.2327343374 0.9700513482
-357.5 313.0 2320.0 -0.0475384928 -0.8500890732 -0.5244889855 0.9983372092 -0.0232982505 -0.0527253374 0.0326015577 -0.5261233449 0.8497831225
-346.1 74.5 2312.2 -0.5235417485 -0.8500890732 0.0570319518 -0.0708018392 -0.0232982505 -0.9972182512 0.8490530849 -0.5261233449 -0.0479902625
-73.7 328.2 2339.8 0.5185175538 0.2590304315 0.8148882389 -0.6150820851 0.7750107646 0.1450254023 -0.5939811468 -0.5764213800 0.5611816645
33.6 200.9 2217.0 -0.8695735931 0.2590304315 0.4204105139 -0.0726393983 0.7750107646 -0.6277593970 -0.4884314537 -0.5764213800 -0.6551130414
-291.5 -67.1 2414.6 0.9425625205 -0.0539233312 -0.3296485543 0.0231419634 0.9950542450 -0.0965995193 0.3332271576 0.0834223703 0.9391487241
-270.4 -456.8 2381.9 0.9427700043 -0.0680496693 -0.3264260590 0.0201883633 0.9888069630 -0.1478282958 0.3328320086 0.1327780783 0.9335913658
-111.8 -57.1 2430.3 0.9740130305 -0.1964436173 0.1127323285 0.2199143469 0.9393393993 -0.2632092834 -0.0541881323 0.2811607122 0.9581295848
-34.8 -425.0 2320.2 0.9938715100 -0.0999422371 0.0472325459 0.0982562304 0.9944816828 0.0367682204 -0.0506465994 -0.0319019966 0.9982069731
-215.9 92.1 2101.0 0 0 0 0 0 0 0 0 0
-187.7 182.4 2092.6 0 0 0 0 0 0 0 0 0
-248.3 -777.3 2338.9 0 0 0 0 0 0 0 0 0
2.3 -794.2 2332.0 0 0 0 0 0 0 0 0 0
-225.3 519.3 2271.8 0 0.9938856959 -0.0416013077 -0.1022771150 0.0672213361 0.9628340602 0.2615948617 0.0875932053 -0.2668705881 0.9597434402
-216.7 319.2 2327.3 0.9938856959 -0.0416013077 -0.1022771150 0.0672213361 0.9628340602 0.2615948617 0.0875932053 -0.2668705881 0.9597434402
-209.7 129.4 2374.7 0.9942128062 -0.0357279629 -0.1013132483 0.0590458810 0.9695893526 0.2375081480 0.0897465572 -0.2421157807 0.9660877585
-358.3 310.8 2314.5 -0.0341310576 -0.8424428701 -0.5377035141 0.9993456006 -0.0223218147 -0.0284615364 0.0119747007 -0.5383231044 0.8426534534
-350.2 74.0 2311.6 -0.5354765058 -0.8424428701 0.0596229509 -0.0758787841 -0.0223218147 -0.9968671799 0.8411345482 -0.5383231044 -0.0519707352
-75.0 327.7 2340.0 0.5275653601 0.2431776226 0.8139652610 -0.6031091213 0.7820004225 0.1572726518 -0.5982760191 -0.5738815069 0.5592190027
34.8 202.1 2215.5 -0.8733537793 0.2431776226 0.4220401049 -0.0809039548 0.7820004225 -0.6180047393 -0.4803204834 -0.5738815069 -0.6632890105
-291.7 -64.9 2414.8 0.9358046651 -0.0555425920 -0.3481159210 0.0222502742 0.9948469400 -0.0989166647 0.3518161476 0.0848210007 0.9322181940
-269.9 -454.6 2381.6 0.9364701509 -0.0637149289 -0.3449116647 0.0126126325 0.9888435602 -0.1484227628 0.3505204320 0.1346432418 0.9268261194
-111.7 -55.3 2427.4 0.9762834311 -0.1946592033 0.0947549269 0.2129047364 0.9426391125 -0.2571052313 -0.0392718054 0.2711813450 0.9617267847
-35.4 -424.5 2321.2 0.9946337938 -0.0977763981 0.0338139758 0.0968067423 0.9948742390 0.0292175151 -0.0364974365 -0.0257873069 0.9990009665
-217.2 92.9 2102.7 0 0 0 0 0 0 0 0 0
-186.3 181.6 2093.9 0 0 0 0 0 0 0 0 0
-249.2 -775.9 2337.8 0 0 0 0 0 0 0 0 0
0.8 -793.5 2330.7 0 0 0 0 0 0 0 0 0
-224.7 518.0 2270.5 1 0.9933812618 -0.0435804091 -0.1062751114 0.0704900622 0.9618123770 0.2644770741 0.0906906947 -0.2702178955 0.9585183859
-215.7 318.5 2326.6 0.9933812618 -0.0435804091 -0.1062751114 0.0704900622 0.9618123770 0.2644770741 0.0906906947 -0.2702178955 0.9585183859
-208.1 128.8 2374.6 0.9936786890 -0.0390911140 -0.1052356586 0.0635450408 0.9686400890 0.2402050048 0.0925455987 -0.2453738004 0.9650010467
-357.3 309.5 2313.4 -0.0439178199 -0.8509232998 -0.5234507918 0.9990233183 -0.0348566808 -0.0271554869 0.0048614792 -0.5241321921 0.8516230583
-346.9 73.6 2312.3 -0.5207662582 -0.8509232998 0.0687898546 -0.0746888518 -0.0348566808 -0.9965975285 0.8504258394 -0.5241321921 -0.0454022996
-74.1 327.6 2339.8 0.5183857679 0.2464997470 0.8188492656 -0.6047507524 0.7826869488 0.1472335011 -0.6046096087 -0.5715234280 0.5548046231
34.1 201.4 2213.6 -0.8739816546 0.2464997470 0.4188005328 -0.0753112510 0.7826869488 -0.6178425550 -0.4800877273 -0.5715234280 -0.6654898524
-292.6 -65.9 2414.0 0.9347119331 -0.0554197989 -0.3510587811 0.0260157082 0.9957867265 -0.0879314467 0.3544528186 0.0730575323 0.9322155118
-270.9 -455.9 2385.4 0.9356207252 -0.0693688840 -0.3461239934 0.0140619297 0.9870477915 -0.1598090976 0.3527266979 0.1446535438 0.9244778156
-112.9 -55.2 2430.2 0.9756168723 -0.1971669048 0.0964205787 0.2163045704 0.9382128716 -0.2701275647 -0.0372028127 0.2843972445 0.9579844475
-35.7 -422.7 2318.8 0.9944697022 -0.1009172425 0.0290812403 0.0997011214 0.9941883683 0.0406104550 -0.0330105275 -0.0374864377 0.9987517595
-218.6 92.0 2102.6 0 0 0 0 0 0 0 0 0
-186.3 182.4 2092.5 0 0 0 0 0 0 0 0 0
-248.3 -776.8 2338.3 0 0 0 0 0 0 0 0 0
2.2 -795.4 2332.9 0 0 0 0 0 0 0 0 0
-226.8 515.5 2270.9 2 0.9940391779 -0.0493518412 -0.0972137302 0.0736228600 0.9615197778 0.2646872699 0.0804101229 -0.2702666521 0.9594217539
-216.6 316.5 2326.8 0.9940391779 -0.0493518412 -0.0972137302 0.0736228600 0.9615197778 0.2646872699 0.0804101229 -0.2702666521 0.9594217539
-208.0 126.9 2374.9 0.9944021702 -0.0440842919 -0.0960253179 0.0661245361 0.9684836268 0.2401395142 0.0824125707 -0.2451448888 0.9659773111
-358.3 307.1 2315.1 -0.0385607705 -0.8449472785 -0.5334577560 0.9988973737 -0.0182876624 -0.0432389267 0.0267789159 -0.5345368981 0.8447207808
-349.2 72.3 2308.8 -0.5316796899 -0.8449472785 0.0581449084 -0.0799297169 -0.0182876624 -0.9966327548 0.8431653976 -0.5345368981 -0.0578132160
-74.9 326.0 2338.6 0.5234785676 0.2493174821 0.8147459626 -0.6026060581 0.7843530178 0.1471605301 -0.6023587584 -0.5680062771 0.5608322620
33.6 201.0 2213.7 -0.8676552773 0.2493174821 0.4301337898 -0.0795936286 0.7843530178 -0.6151871085 -0.4907536507 -0.5680062771 -0.6607039571
-290.2 -66.6 2414.3 0.9386109114 -0.0496366248 -0.3413879573 0.0208734274 0.9959529638 -0.0874187723 0.3443455100 0.0749262795 0.9358484149
-270.8 -456.8 2385.0 0.9390149713 -0.0694154203 -0.3367972672 0.0153392265 0.9868944287 -0.1606364846 0.3435339928 0.1456738561 0.9277734160
-110.6 -55.1 2431.1 0.9755020738 -0.1917003840 0.1079195142 0.2145828307 0.9372600913 -0.2747685015 -0.0484754220 0.2911949456 0.9554347992
-35.5 -422.3 2317.0 0.9939524531 -0.1025250852 0.0393328853 0.1006648839 0.9938249588 0.0466753393 -0.0438753925 -0.0424336269 0.9981354475
-219.5 91.8 2103.1 0 0 0 0 0 0 0 0 0
-185.8 180.9 2089.6 0 0 0 0 0 0 0 0 0
-248.3 -776.3 2337.8 0 0 0 0 0 0 0 0 0
3.0 -795.4 2332.9 0 0 0 0 0 0 0 0 0
-226.3 515.3 2263.6 3 0.9928590655 -0.0454558320 -0.1102936119 0.0752298757 0.9561151266 0.2831682861 0.0925817415 -0.2894435823 0.9527072310
-216.9 317.3 2323.5 0.9928590655 -0.0454558320 -0.1102936119 0.0752298757 0.9561151266 0.2831682861 0.0925817415 -0.2894435823 0.9527072310
-208.6 128.3 2374.4 0.9931364655 -0.0425285436 -0.1089555770 0.0691737011 0.9647388458 0.2539565861 0.0943132713 -0.2597504258 0.9610591531
-358.4 307.4 2310.1 -0.0273968168 -0.8411430717 -0.5401182771 0.9996139407 -0.0205505844 -0.0187000856 0.0046297023 -0.5404220819 0.8413813710
-351.9 72.4 2309.0 -0.5374894738 -0.8411430717 0.0598614998 -0.0788415447 -0.0205505844 -0.9966753125 0.8395767212 -0.5404220819 -0.0552712940
-75.3 327.2 2337.0 0.5287594795 0.2550886571 0.8095327020 -0.6103364825 0.7770698071 0.1537918299 -0.5898328424 -0.5754062533 0.5665729046
33.9 201.1 2215.2 -0.8654756546 0.2550886571 0.4311400056 -0.0818506405 0.7770698071 -0.6240696907 -0.4942189753 -0.5754062533 -0.6516557932
-289.2 -68.8 2415.4 0.9345602393 -0.0478237160 -0.3525762856 0.0170151386 0.9957991838 -0.0899695903 0.3553978503 0.0780828670 0.9314480424
-270.5 -458.9 2384.8 0.9348949194 -0.0676864013 -0.3484107256 0.0122900307 0.9872320890 -0.1588134170 0.3547117710 0.1441918910 0.9237901568
-109.5 -56.9 2430.3 0.9774791598 -0.1861209869 0.0994659886 0.2068898678 0.9380987287 -0.2777901590 -0.0416063368 0.2921125889 0.9554784894
-36.6 -424.3 2315.9 0.9940593839 -0.1039605215 0.0322202891 0.1023357436 0.9935652614 0.0485331528 -0.0370584950 -0.0449475460 0.9983017445
-220.5 91.6 2103.7 0 0 0 0 0 0 0 0 0
-185.5 180.4 2089.9 0 0 0 0 0 0 0 0 0
-248.7 -777.3 2338.3 0 0 0 0 0 0 0 0 0
2.2 -794.8 2332.7 0 0 0 0 0 0 0 0 0
-227.5 512.8 2265.4 4 0.9934816360 -0.0467854626 -0.1039487198 0.0742694214 0.9574453831 0.2788950205 0.0864769891 -0.2847973108 0.9546791315
-217.8 315.2 2324.2 0.9934816360 -0.0467854626 -0.1039487198 0.0742694214 0.9574453831 0.2788950205 0.0864769891 -0.2847973108 0.9546791315
-209.5 126.0 2374.4 0.9938085079 -0.0425250642 -0.1026465297 0.0672315508 0.9656872153 0.2508548200 0.0884568244 -0.2562027276 0.9625671506
-359.5 305.6 2311.6 -0.0208323300 -0.8387191892 -0.5441654921 0.9997421503 -0.0125581548 -0.0189173929 0.0090326667 -0.5444192886 0.8387646079
-354.6 74.1 2309.5 -0.5421664715 -0.8387191892 0.0510452576 -0.0744545758 -0.0125581548 -0.9971453547 0.8369659781 -0.5444192886 -0.0556378737
-76.2 324.8 2336.8 0.5391466022 0.2450473309 0.8057746291 -0.6004010439 0.7827692628 0.1636793166 -0.5906264186 -0.5720350742 0.5691540241
34.3 201.7 2215.8 -0.8683578968 0.2450473309 0.4311686158 -0.0851948410 0.7827692628 -0.6164528728 -0.4885656536 -0.5720350742 -0.6588470936
-290.0 -66.9 2416.7 0.9365833998 -0.0505054891 -0.3467863500 0.0176570304 0.9951044917 -0.0972384214 0.3499997258 0.0849486738 0.9328901172
-270.2 -456.6 2383.5 0.9368657470 -0.0663349032 -0.3433399200 0.0135712400 0.9880002737 -0.1538547426 0.3494258821 0.1394816786 0.9265238643
-110.5 -54.3 2433.8 0.9762808084 -0.1890728325 0.1054855511 0.2118085027 0.9350250959 -0.2843682170 -0.0448653288 0.2999659777 0.9528942704
-36.4 -420.6 2316.3 0.9940305948 -0.1033487841 0.0349606313 0.1015315801 0.9935609102 0.0502799675 -0.0399318896 -0.0464302190 0.9981230497
-220.9 92.5 2103.0 0 0 0 0 0 0 0 0 0
-185.4 180.1 2092.1 0 0 0 0 0 0 0 0 0
-248.7 -778.1 2338.1 0 0 0 0 0 0 0 0 0
2.4 -793.7 2333.7 0 0 0 0 0 0 0 0 0
-227.7 510.6 2266.9 5 0.9939352274 -0.0462269671 -0.0997788236 0.0722623020 0.9585058093 0.2757622600 0.0828909278 -0.2813000679 0.9560331106
-218.2 313.5 2324.7 0.9939352274 -0.0462269671 -0.0997788236 0.0722623020 0.9585058093 0.2757622600 0.0828909278 -0.2813000679 0.9560331106
-209.8 124.2 2374.3 0.9942156672 -0.0428107679 -0.0985008404 0.0661991537 0.9664615393 0.2481326610 0.0845745206 -0.2532180548 0.9637052417
-359.9 304.1 2312.7 -0.0033191824 -0.8319090605 -0.5549020767 0.9998257160 0.0074337674 -0.0171252247 0.0183716416 -0.5548622012 0.8317394257
-359.1 73.9 2308.4 -0.5538256168 -0.8319090605 0.0347057544 -0.0736598819 0.0074337674 -0.9972557425 0.8293680549 -0.5548622012 -0.0653953329
-76.5 322.9 2336.8 0.5460643768 0.2398141474 0.8026847839 -0.5935878158 0.7868837714 0.1687229276 -0.5911574364 -0.5685974956 0.5720399618
35.7 200.9 2215.2 -0.8723548651 0.2398141474 0.4260118902 -0.0823466405 0.7868837714 -0.6115823388 -0.4818879366 -0.5685974956 -0.6666939855
-291.0 -69.2 2416.6 0.9378039241 -0.0528058931 -0.3431258202 0.0201961789 0.9949886799 -0.0979267880 0.3465774059 0.0849062949 0.9341707826
-270.3 -458.9 2383.3 0.9380864501 -0.0680255592 -0.3396562040 0.0162038729 0.9880722761 -0.1531358361 0.3460220397 0.1381509006 0.9279994965
-111.4 -57.0 2432.6 0.9756668210 -0.1891624033 0.1108686477 0.2140980065 0.9309920073 -0.2956618667 -0.0472897142 0.3122042418 0.9488372803
-37.3 -421.7 2310.3 0.9933808446 -0.1100783125 0.0328213163 0.1075566784 0.9916864038 0.0706376210 -0.0403241254 -0.0666399077 0.9969619513
-221.1 92.3 2101.7 0 0 0 0 0 0 0 0 0
-185.5 180.0 2093.0 0 0 0 0 0 0 0 0 0
-248.4 -777.8 2338.7 0 0 0 0 0 0 0 0 0
4.2 -795.6 2335.4 0 0 0 0 0 0 0 0 0
-226.6 508.0 2268.1 6 0.9950687885 -0.0419600159 -0.0898744911 0.0653037652 0.9591604471 0.2752210498 0.0746557787 -0.2797330320 0.9571707845
-218.0 311.8 2325.3 0.9950687885 -0.0419600159 -0.0898744911 0.0653037652 0.9591604471 0.2752210498 0.0746557787 -0.2797330320 0.9571707845
-210.0 122.3 2374.3 0.9952166080 -0.0411183760 -0.0886182860 0.0618767776 0.9672693610 0.2460920215 0.0755988508 -0.2503982782 0.9651867747
-359.9 303.0 2314.5 -0.0247175600 -0.8405407667 -0.5411841273 0.9994298220 -0.0083212946 -0.0327228345 0.0230015256 -0.5416843891 0.8402671814
-354.2 72.4 2309.2 -0.5393586755 -0.8405407667 0.0508273132 -0.0809560120 -0.0083212946 -0.9966829419 0.8381755948 -0.5416843891 -0.0635586679
-76.2 320.6 2336.1 0.5489692092 0.2404308617 0.8005159497 -0.5880736113 0.7916935086 0.1655017138 -0.5939715505 -0.5616176724 0.5760064125
35.8 200.6 2214.8 -0.8681756258 0.2404308617 0.4341244400 -0.0833766088 0.7916935086 -0.6052022576 -0.4892027974 -0.5616176724 -0.6672827005
-291.3 -71.1 2416.3 0.9407902360 -0.0530801751 -0.3348076940 0.0200050920 0.9946368337 -0.1014758721 0.3383984268 0.0887696594 0.9368065000
-270.5 -460.7 2381.5 0.9406123161 -0.0723726749 -0.3316786289 0.0224750917 0.9881438613 -0.1518767327 0.3387379348 0.1354026198 0.9310868382
-111.6 -59.1 2431.5 0.9752950072 -0.1890222430 0.1143252254 0.2140938491 0.9363251328 -0.2783146501 -0.0544379242 0.2959152162 0.9536617398
-37.6 -425.8 2315.6 0.9926710129 -0.1127045602 0.0436119065 0.1102565676 0.9923817515 0.0549724363 -0.0494753048 -0.0497610420 0.9975349903
-220.4 92.5 2101.3 0 0 0 0 0 0 0 0 0
-185.1 179.4 2090.3 0 0 0 0 0 0 0 0 0
-247.3 -778.0 2338.0 0 0 0 0 0 0 0 0 0
4.2 -793.6 2334.1 0 0 0 0 0 0 0 0 0
-226.7 504.8 2268.7 7 0.9948754907 -0.0414805561 -0.0922070742 0.0652348921 0.9600995183 0.2719436884 0.0772475898 -0.2765652239 0.9578854442
-218.2 308.3 2325.3 0.9948754907 -0.0414805561 -0.0922070742 0.0652348921 0.9600995183 0.2719436884 0.0772475898 -0.2765652239 0.9578854442
-210.2 118.6 2373.5 0.9950335026 -0.0405074656 -0.0909259692 0.0615186505 0.9683713913 0.2418104112 0.0782549828 -0.2462030947 0.9660539031
-360.0 299.5 2314.1 -0.0242262352 -0.8389546871 -0.5436617136 0.9994348884 -0.0076498524 -0.0327311344 0.0233010072 -0.5441474915 0.8386659622
-354.4 69.7 2308.8 -0.5410017967 -0.8389546871 0.0589238927 -0.0965413526 -0.0076498524 -0.9952995777 0.8354620337 -0.5441474915 -0.0768552348
-76.4 317.0 2336.4 0.5496821404 0.2307096124 0.8028839231 -0.5741139650 0.8024960160 0.1624601483 -0.6068300605 -0.5502483249 0.5735713243
35.6 200.0 2212.8 -0.8696064949 0.2307096124 0.4365290403 -0.0836497396 0.8024960160 -0.5907646418 -0.4866078794 -0.5502483249 -0.6785569787
-291.9 -72.7 2416.6 0.9398157001 -0.0533849932 -0.3374856114 0.0215029735 0.9950019121 -0.0975133032 0.3410045803 0.0843875855 0.9362663031
-271.0 -462.5 2383.5 0.9399479628 -0.0727796182 -0.3334681094 0.0197297372 0.9869536757 -0.1597909480 0.3407470882 0.1436159313 0.9291210175
-112.0 -61.5 2430.2 0.9754705429 -0.1903612018 0.1105435565 0.2140874118 0.9372524023 -0.2751808167 -0.0512234606 0.2920967638 0.9550160170
-37.4 -428.6 2315.8 0.9927571416 -0.1132804453 0.0400097705 0.1109471098 0.9922251701 0.0563906282 -0.0460866578 -0.0515432321 0.9976068139
-220.8 93.5 2102.5 0 0 0 0 0 0 0 0 0
-185.2 178.8 2089.2 0 0 0 0 0 0 0 0 0
-247.7 -778.2 2337.5 0 0 0 0 0 0 0 0 0
4.3 -794.2 2334.8 0 0 0 0 0 0 0 0 0
-225.2 501.8 2269.0 8 0.9949061871 -0.0376677029 -0.0935028270 0.0618999042 0.9603748322 0.2717509866 0.0795615241 -0.2761545777 0.9578145146
-217.6 305.6 2325.4 0.9949061871 -0.0376677029 -0.0935028270 0.0618999042 0.9603748322 0.2717509866 0.0795615241 -0.2761545777 0.9578145146
-210.3 115.9 2373.5 0.9950422645 -0.0369659215 -0.0923278406 0.0583835319 0.9686725140 0.2413812429 0.0805125609 -0.2455749512 0.9660282731
-359.4 297.3 2313.9 -0.0487111025 -0.8522340059 -0.5208880901 0.9986964464 -0.0335932411 -0.0384311005 0.0152539704 -0.5220811367 0.8527594209
-348.2 68.5 2310.4 -0.5169107914 -0.8522340059 0.0806251168 -0.0997235551 -0.0335932411 -0.9944479465 0.8502107859 -0.5220811367 -0.0676230937
-75.7 314.0 2336.9 0.5466363430 0.2397773564 0.8023063540 -0.5695437789 0.8088326454 0.1463201493 -0.6138473153 -0.5369325280 0.5787010789
32.7 201.0 2215.0 -0.8593437672 0.2397773564 0.4517024159 -0.0805010498 0.8088326454 -0.5825026035 -0.5050225854 -0.5369325280 -0.6757630110
-292.3 -76.6 2414.7 0.9388009906 -0.0555840321 -0.3399457335 0.0242633726 0.9951141477 -0.0957034454 0.3436043859 0.0815982595 0.9355627894
-270.5 -466.4 2382.7 0.9394094348 -0.0699417666 -0.3355860710 0.0161287133 0.9868980646 -0.1605368406 0.3424174786 0.1453972459 0.9282294512
-112.4 -65.5 2428.8 0.9755612612 -0.1924472898 0.1060389206 0.2144502103 0.9390515089 -0.2686882317 -0.0478676856 0.2848618925 0.9573726654
-37.0 -433.3 2317.2 0.9928336740 -0.1133327931 0.0379075482 0.1113737896 0.9925037026 0.0503215082 -0.0433264598 -0.0457389802 0.9980134368
-221.1 93.0 2101.3 0 0 0 0 0 0 0 0 0
-186.6 180.4 2086.1 0 0 0 0 0 0 0 0 0
-248.4 -777.5 2336.9 0 0 0 0 0 0 0 0 0
4.2 -794.2 2333.9 0 0 0 0 0 0 0 0 0
-226.9 504.6 2268.1 9 0.9959802628 -0.0414108075 -0.0794260502 0.0614945143 0.9608495235 0.2701602876 0.0651289299 -0.2739585638 0.9595336914
-218.4 307.1 2324.4 0.9959802628 -0.0414108075 -0.0794260502 0.0614945143 0.9608495235 0.2701602876 0.0651289299 -0.2739585638 0.9595336914
-211.2 117.3 2372.4 0.9962551594 -0.0367690176 -0.0782541111 0.0547086783 0.9689241052 0.2412322462 0.0669524223 -0.2446100414 0.9673072696
-360.4 299.3 2314.9 -0.0706055015 -0.8601831198 -0.5050741434 0.9974912405 -0.0582948811 -0.0401606411 0.0051022656 -0.5066426396 0.8621410728
-343.9 66.8 2313.7 -0.4994384348 -0.8601831198 0.1031808779 -0.1047036499 -0.0582948811 -0.9927934408 0.8599990606 -0.5066426396 -0.0609496087
-76.4 314.9 2334.0 0.5323644280 0.2326151580 0.8139277101 -0.5719170570 0.8077095151 0.1432348937 -0.6240985394 -0.5417522788 0.5630323887
28.9 201.7 2210.5 -0.8645648956 0.2326151580 0.4454410374 -0.0833918452 0.8077095151 -0.5836532712 -0.4955535531 -0.5417522788 -0.6789190769
-293.0 -79.1 2414.3 0.9430090785 -0.0576978065 -0.3277268410 0.0293844268 0.9954445362 -0.0907011032 0.3314671516 0.0759018958 0.9404086471
-270.4 -469.0 2384.6 0.9442040324 -0.0689221919 -0.3220690191 0.0139568569 0.9853543639 -0.1699469835 0.3290652335 0.1559695601 0.9313375354
-113.1 -68.5 2428.9 0.9725048542 -0.2016027719 0.1165786237 0.2259170115 0.9382175803 -0.2621245980 -0.0565310642 0.2812545598 0.9579666853
-34.2 -436.0 2318.7 0.9935898781 -0.1025083661 0.0476567261 0.1004086360 0.9939484596 0.0445484184 -0.0519349165 -0.0394777134 0.9978698492
-221.4 92.5 2102.7 0 0 0 0 0 0 0 0 0
-191.7 180.5 2084.1 0 0 0 0 0 0 0 0 0
-248.9 -776.9 2335.8 0 0 0 0 0 0 0 0 0
2.8 -794.1 2332.9 0 0 0 0 0 0 0 0 0
-227.3 505.9 2267.7 0 0.9970607758 -0.0399272703 -0.0653886497 0.0562548824 0.9609251022 0.2710320652 0.0520120189 -0.2739138603 0.9603467584
-219.1 308.3 2324.0 0.9970607758 -0.0399272703 -0.0653886497 0.0562548824 0.9609251022 0.2710320652 0.0520120189 -0.2739138603 0.9603467584
-212.0 118.6 2371.9 0.9972896576 -0.0358444043 -0.0642535537 0.0504247434 0.9689346552 0.2421218306 0.0535787791 -0.2447055578 0.9681159258
-361.2 301.2 2316.4 -0.0729793981 -0.8603698015 -0.5044182539 0.9972770810 -0.0575752705 -0.0460821055 0.0106056323 -0.5064077973 0.8622288704
-344.0 66.8 2313.9 -0.4992093146 -0.8603698015 0.1027318910 -0.1050777286 -0.0575752705 -0.9927959442 0.8600864410 -0.5064077973 -0.0616635904
-76.9 315.5 2331.7 0.5292855501 0.2220111787 0.8188820481 -0.5756545067 0.8029887676 0.1543728113 -0.6232805848 -0.5531004071 0.5528120995
27.0 202.5 2209.3 -0.8741488457 0.2220111787 0.4319430888 -0.0873779878 0.8029887676 -0.5895541906 -0.4777330756 -0.5531004071 -0.6825327873
-294.1 -77.4 2414.2 0.9470171332 -0.0596161075 -0.3156018555 0.0337136686 0.9956455231 -0.0869104192 0.3194088042 0.0716655627 0.9449031949
-270.7 -467.4 2386.1 0.9485844374 -0.0693370402 -0.3088364005 0.0141379219 0.9840195179 -0.1774984598 0.3162082732 0.1640059650 0.9344058633
-114.0 -67.5 2426.3 0.9696196914 -0.2099957019 0.1254568547 0.2356710285 0.9393767118 -0.2490593046 -0.0655498654 0.2710593641 0.9603281021
-31.7 -435.5 2320.2 0.9939946532 -0.0927315280 0.0580993332 0.0905928388 0.9951463342 0.0384280570 -0.0613808297 -0.0329338983 0.9975709319
-220.9 92.7 2101.8 0 0 0 0 0 0 0 0 0
-195.5 180.2 2087.6 0 0 0 0 0 0 0 0 0
-248.9 -777.3 2334.5 0 0 0 0 0 0 0 0 0
1.6 -793.1 2332.0 0 0 0 0 0 0 0 0 0
-226.3 504.0 2269.5 1 0.9975824952 -0.0363396481 -0.0592329688 0.0509309471 0.9622301459 0.2674307227 0.0472774096 -0.2698010206 0.9617547989
-218.9 307.1 2324.7 0.9975824952 -0.0363396481 -0.0592329688 0.0509309471 0.9622301459 0.2674307227 0.0472774096 -0.2698010206 0.9617547989
-212.4 117.2 2372.0 0.9977524877 -0.0331703536 -0.0582214072 0.0462070405 0.9698421955 0.2393137366 0.0485274568 -0.2414661050 0.9691951275
-361.1 300.5 2317.8 -0.0364098065 -0.8478795290 -0.5289372802 0.9990221262 -0.0175969619 -0.0405607596 0.0250829477 -0.5298968554 0.8476910591
-352.7 69.7 2312.0 -0.5261899829 -0.8478795290 0.0649956465 -0.0945932046 -0.0175969619 -0.9953604937 0.8450894952 -0.5298968554 -0.0709442943
-76.7 313.7 2331.6 0.5312195420 0.2130740285 0.8200032115 -0.5681906939 0.8075363636 0.1582542211 -0.6284625530 -0.5499858856 0.5500457883
26.7 203.1 2209.2 -0.8763940334 0.2130740285 0.4318946600 -0.0908645168 0.8075363636 -0.5827767253 -0.4729452133 -0.5499858856 -0.6883591413
-295.2 -75.8 2415.0 0.9485413432 -0.0638967454 -0.3101396263 0.0331468396 0.9940842986 -0.1034295484 0.3149137497 0.0878270566 0.9450480342
-270.1 -465.1 2380.6 0.9496041536 -0.0665579140 -0.3063036799 0.0188545138 0.9875554442 -0.1561369151 0.3128840029 0.1424930543 0.9390417337
-114.9 -66.7 2424.7 0.9694287181 -0.2098831832 0.1271100342 0.2355169207 0.9412519932 -0.2420257181 -0.0688454434 0.2645632625 0.9619078040
-32.7 -435.3 2321.1 0.9932397604 -0.0987313688 0.0610485412 0.0963858590 0.9945300221 0.0402473696 -0.0646882802 -0.0340910740 0.9973230362
-221.6 93.2 2101.4 0 0 0 0 0 0 0 0 0
-197.1 179.9 2088.5 0 0 0 0 0 0 0 0 0
-249.1 -777.8 2335.5 0 0 0 0 0 0 0 0 0
3.0 -794.9 2333.4 0 0 0 0 0 0 0 0 0
-226.7 500.3 2270.4 2 0.9976807237 -0.0366373286 -0.0573657379 0.0506712534 0.9624887705 0.2665478587 0.0454482771 -0.2688364685 0.9621129632
-219.3 303.9 2325.2 0.9976807237 -0.0366373286 -0.0573657379 0.0506712534 0.9624887705 0.2665478587 0.0454482771 -0.2688364685 0.9621129632
-212.5 113.9 2372.3 0.9978203177 -0.0343791544 -0.0563267730 0.0468734689 0.9700660110 0.2382747680 0.0464490019 -0.2403956354 0.9695630074
-361.5 297.2 2318.6 -0.0315676332 -0.8416571617 -0.5390887260 0.9988890290 -0.0076853987 -0.0464934446 0.0349884294 -0.5399575233 0.8409647346
-354.4 72.6 2310.8 -0.5372924209 -0.8416571617 0.0541297756 -0.0883098617 -0.0076853987 -0.9960634112 0.8387598991 -0.5399575233 -0.0701973215
-77.0 310.6 2331.9 0.5563006401 0.2163891792 0.8023124933 -0.5602864623 0.8107003570 0.1698352695 -0.6136844754 -0.5440042615 0.5722330809
29.6 203.2 2214.2 -0.8666609526 0.2163891792 0.4495270550 -0.0970535651 0.8107003570 -0.5773608685 -0.4893663526 -0.5440042615 -0.6816009879
-296.1 -77.0 2414.9 0.9491289854 -0.0657386556 -0.3079490662 0.0343811251 0.9937530756 -0.1061729938 0.3130050004 0.0901842266 0.9454600215
-270.4 -466.2 2379.6 0.9499232173 -0.0705049336 -0.3044255674 0.0239911582 0.9877933860 -0.1539113522 0.3115610480 0.1389004439 0.9400193691
-115.7 -68.6 2423.7 0.9688332677 -0.2108589262 0.1300024539 0.2375245541 0.9397383928 -0.2459142506 -0.0703150854 0.2691286802 0.9605339766
-33.1 -436.7 2318.2 0.9929170609 -0.1022347137 0.0605288595 0.0993919596 0.9938775897 0.0482548960 -0.0650916025 -0.0418970250 0.9969993830
-220.9 94.6 2102.3 0 0 0 0 0 0 0 0 0
-192.5 178.3 2088.7 0 0 0 0 0 0 0 0 0
-248.2 -777.4 2335.8 0 0 0 0 0 0 0 0 0
3.8 -795.8 2333.4 0 0 0 0 0 0 0 0 0
-227.1 498.6 2275.3 3 0.9983549714 -0.0369983204 -0.0438008867 0.0469362475 0.9661353230 0.2537311614 0.0329299569 -0.2553696334 0.9662825465
-219.5 301.3 2327.5 0.9983549714 -0.0369983204 -0.0438008867 0.0469362475 0.9661353230 0.2537311614 0.0329299569 -0.2553696334 0.9662825465
-213.0 110.8 2372.5 0.9985201955 -0.0334555954 -0.0428738408 0.0423891917 0.9726864100 0.2282198071 0.0340675749 -0.2296994776 0.9726651907
-361.8 295.3 2322.6 -0.0383034647 -0.8461580873 -0.5315537453 0.9978557825 -0.0041365838 -0.0653200820 0.0530722961 -0.5329159498 0.8445021510
-353.3 73.3 2310.8 -0.5311312079 -0.8461580873 0.0437736847 -0.0755893588 -0.0041365838 -0.9971304536 0.8439110518 -0.5329159498 -0.0617634803
-77.2 307.4 2332.3 0.5638032556 0.1961997449 0.8022664785 -0.5420039892 0.8208376765 0.1801589280 -0.6231834292 -0.5364058018 0.5691319704
30.5 203.8 2213.2 -0.8750150204 0.1961997449 0.4425543249 -0.1003313735 0.8208376765 -0.5622802973 -0.4735845327 -0.5364058018 -0.6985602975
-296.0 -80.3 2415.2 0.9528362155 -0.0614788532 -0.2971927524 0.0333292261 0.9945412278 -0.0988784507 0.3016493917 0.0843097568 0.9496839046
-271.9 -469.9 2382.2 0.9530261755 -0.0781938583 -0.2926205397 0.0309673678 0.9861938953 -0.1626734585 0.3013006449 0.1459703743 0.9422900677
-115.6 -71.8 2423.6 0.9678128362 -0.2096456438 0.1392372698 0.2389692962 0.9390545487 -0.2471239120 -0.0789429396 0.2724431157 0.9589279294
-33.5 -439.7 2316.9 0.9918464422 -0.1086531430 0.0665967762 0.1047666669 0.9927262068 0.0593178906 -0.0725574419 -0.0518571138 0.9960151911
-221.7 92.1 2101.8 0 0 0 0 0 0 0 0 0
-194.7 178.0 2091.3 0 0 0 0 0 0 0 0 0
-247.6 -775.9 2336.9 0 0 0 0 0 0 0 0 0
5.6 -796.8 2335.5 0 0 0 0 0 0 0 0 0
-227.7 499.2 2277.8 4 0.9987514019 -0.0380583666 -0.0323601365 0.0449448265 0.9673333764 0.2494915873 0.0218077991 -0.2506344914 0.9678361416
-219.9 301.6 2329.0 0.9987514019 -0.0380583666 -0.0323601365 0.0449448265 0.9673333764 0.2494915873 0.0218077991 -0.2506344914 0.9678361416
-213.2 110.9 2373.2 0.9989110231 -0.0344736315 -0.0314372517 0.0406732894 0.9735565782 0.2247959822 0.0228564087 -0.2258298397 0.9738985896
-362.2 295.8 2325.8 -0.0215399321 -0.8355703354 -0.5489611030 0.9969413877 0.0233089458 -0.0745960176 0.0751259252 -0.5488888025 0.8325125575
-357.4 70.3 2308.8 -0.5483864546 -0.8355703354 0.0330840684 -0.0955529064 0.0233089458 -0.9951514006 0.8307478428 -0.5488888025 -0.0926234797
-77.5 307.4 2332.3 0.5721926093 0.1930586547 0.7970721126 -0.5388245583 0.8211944103 0.1879036576 -0.6182747483 -0.5369991064 0.5739061832
33.3 203.0 2212.5 -0.8785194159 0.1930586547 0.4369576573 -0.0990586355 0.8211944103 -0.5619849563 -0.4673232436 -0.5369991064 -0.7023111582
-296.7 -83.5 2414.4 0.9558553100 -0.0650358871 -0.2865501642 0.0371869914 0.9941316843 -0.1015837938 0.2914752066 0.0864434689 0.9526645541
-271.2 -472.9 2380.5 0.9562637210 -0.0779249892 -0.2819350362 0.0321754031 0.9860348701 -0.1634014249 0.2907308042 0.1471834779 0.9454166293
-116.2 -75.8 2420.5 0.9660664201 -0.2126111835 0.1466704160 0.2429976314 0.9406219125 -0.2370287329 -0.0875664428 0.2646260560 0.9603672028
-32.9 -444.3 2316.9 0.9913367629 -0.1075749174 0.0753595605 0.1032515094 0.9928978086 0.0591017902 -0.0811822116 -0.0508087911 0.9954034090
-220.4 94.1 2101.3 0 0 0 0 0 0 0 0 0
-191.5 177.7 2093.0 0 0 0 0 0 0 0 0 0
-247.2 -777.2 2335.1 0 0 0 0 0 0 0 0 0
5.3 -796.5 2334.9 0 0 0 0 0 0 0 0 0
-228.3 498.3 2279.5 5 0.9984447360 -0.0421573371 -0.0364813618 0.0497784093 0.9687852859 0.2428522557 0.0251046009 -0.2442905307 0.9693770409
-219.6 299.9 2329.6 0.9984447360 -0.0421573371 -0.0364813618 0.0497784093 0.9687852859 0.2428522557 0.0251046009 -0.2442905307 0.9693770409
-212.5 109.1 2373.1 0.9986965656 -0.0365824513 -0.0355939195 0.0435640365 0.9743111134 0.2209524810 0.0265965704 -0.2222151011 0.9746348262
-362.0 293.7 2325.8 -0.0418183617 -0.8448209167 -0.5334124565 0.9971450567 -0.0016942907 -0.0754905492 0.0628722385 -0.5350465178 0.8424798846
-352.6 71.6 2311.8 -0.5326067805 -0.8448209167 0.0510651544 -0.0927766338 -0.0016942907 -0.9956855178 0.8412624598 -0.5350465178 -0.0774772465
-77.3 306.2 2333.4 0.5748884082 0.1957054734 0.7944826484 -0.5367946029 0.8230257034 0.1856885999 -0.6175393462 -0.5332242250 0.5782015920
34.9 201.4 2212.9 -0.8821315169 0.1957054734 0.4284195900 -0.0897975266 0.8230257034 -0.5608610511 -0.4623638988 -0.5332242250 -0.7084430456
-296.7 -83.5 2415.4 0.9548234344 -0.0655798540 -0.2898474634 0.0369490981 0.9939767122 -0.1031749025 0.2948678136 0.0878042132 0.9514953494
-271.0 -472.8 2381.0 0.9553211331 -0.0767704770 -0.2854256332 0.0307941679 0.9862758517 -0.1622087955 0.2939612567 0.1461720467 0.9445742369
-116.1 -76.1 2419.5 0.9670274258 -0.2112352252 0.1422590762 0.2401130944 0.9423995614 -0.2328707129 -0.0848743990 0.2593506277 0.9620465636
-33.4 -445.2 2317.9 0.9913533926 -0.1094927415 0.0723171011 0.1052060500 0.9925992489 0.0606501214 -0.0784226507 -0.0525175072 0.9955359101
-220.4 94.6 2102.9 0 0 0 0 0 0 0 0 0
-189.6 178.6 2095.3 0 0 0 0 0 0 0 0 0
-247.3 -777.8 2335.8 0 0 0 0 0 0 0 0 0
5.4 -797.0 2336.6 0 0 0 0 0 0 0 0 0
-228.3 499.1 2279.9 6 0.9986501336 -0.0412986428 -0.0315008424 0.0477855839 0.9681996107 0.2455728054 0.0203572791 -0.2467465997 0.9688661695
-219.8 300.9 2330.4 0.9986501336 -0.0412986428 -0.0315008424 0.0477855839 0.9681996107 0.2455728054 0.0203572791 -0.2467465997 0.9688661695
-212.6 110.1 2374.3 0.9988449216 -0.0370535813 -0.0305913147 0.0429575481 0.9738648534 0.2230289727 0.0215277839 -0.2240854800 0.9743316770
-362.2 294.8 2327.4 -0.0568557046 -0.8505758047 -0.5227698088 0.9961370230 -0.0132314600 -0.0868101195 0.0669215769 -0.5256860256 0.8480423093
-349.3 69.3 2312.2 -0.5219320655 -0.8505758047 0.0640916601 -0.1006002873 -0.0132314600 -0.9948389530 0.8470339179 -0.5256860256 -0.0786622465
-77.5 307.0 2333.5 0.5699992180 0.2031458020 0.7961360812 -0.5397366881 0.8231468797 0.1763902754 -0.6195039749 -0.5302461386 0.5788383484
33.9 201.5 2212.5 -0.8818498254 0.2031458020 0.4255263507 -0.0815366805 0.8231468797 -0.5619438887 -0.4644272327 -0.5302461386 -0.7093281150
-295.6 -85.7 2414.2 0.9564146399 -0.0636655688 -0.2849872708 0.0352390148 0.9939747453 -0.1037901118 0.2898780107 0.0892237127 0.9528955221
-270.6 -475.0 2379.3 0.9565699100 -0.0770809129 -0.2811272144 0.0332749002 0.9869754314 -0.1573920846 0.2895975709 0.1412020624 0.9466758966
-115.0 -77.8 2419.0 0.9672145247 -0.2083491087 0.1452125013 0.2371868491 0.9454507232 -0.2233054787 -0.0907657743 0.2504267991 0.9638713598
-33.4 -448.1 2320.9 0.9907281399 -0.1087168977 0.0814762190 0.1049919054 0.9932799339 0.0486998446 -0.0862231851 -0.0396939628 0.9954847693
-219.9 94.3 2102.1 0 0 0 0 0 0 0 0 0
-189.1 180.9 2095.0 0 0 0 0 0 0 0 0 0
-247.1 -776.6 2336.1 0 0 0 0 0 0 0 0 0
4.7 -796.0 2334.8 0 0 0 0 0 0 0 0 0
-228.9 498.7 2280.6 7 0.9986492991 -0.0413814262 -0.0314195342 0.0478506759 0.9681368470 0.2458075136 0.0202465430 -0.2469789535 0.9688093066
-220.4 301.1 2331.0 0.9986492991 -0.0413814262 -0.0314195342 0.0478506759 0.9681368470 0.2458075136 0.0202465430 -0.2469789535 0.9688093066
-213.3 110.3 2374.7 0.9988653064 -0.0366024934 -0.0304685906 0.0424702242 0.9740930796 0.2221237421 0.0215489585 -0.2231657058 0.9745423198
-362.8 295.1 2327.9 -0.0667261705 -0.8524167538 -0.5185878277 0.9958328605 -0.0245123357 -0.0878412277 0.0621655323 -0.5222880840 0.8505002260
-347.6 68.8 2313.8 -0.5176184773 -0.8524167538 0.0738700852 -0.1015633568 -0.0245123357 -0.9945270419 0.8495622277 -0.5222880840 -0.0738862678
-78.1 307.2 2334.1 0.5804622769 0.2026108801 0.7886776328 -0.5378792882 0.8225717545 0.1845578253 -0.6113505363 -0.5313422084 0.5864520669
34.6 202.8 2215.4 -0.8766960502 0.2026108801 0.4362944365 -0.0893788487 0.8225717545 -0.5615933537 -0.4726684093 -0.5313422084 -0.7030363083
-295.6 -84.5 2416.3 0.9564772248 -0.0652079210 -0.2844279408 0.0338882022 0.9929391146 -0.1136815399 0.2898325622 0.0990950465 0.9519334435
-270.1 -473.4 2377.4 0.9565479755 -0.0735721439 -0.2821401358 0.0329428352 0.9887160063 -0.1461350173 0.2897079289 0.1304906607 0.9481779933
-115.0 -76.7 2420.2 0.9670850635 -0.2082605213 0.1461984217 0.2379029542 0.9438710809 -0.2291495800 -0.0902696624 0.2563881874 0.9623494744
-33.4 -446.4 2319.7 0.9906002283 -0.1110940725 0.0798079446 0.1070522666 0.9928255677 0.0532657802 -0.0851528794 -0.0442214720 0.9953860641
-220.1 93.8 2104.4 0 0 0 0 0 0 0 0 0
-188.6 180.0 2095.1 0 0 0 0 0 0 0 0 0
-247.6 -775.8 2337.5 0 0 0 0 0 0 0 0 0
5.7 -795.9 2335.3 0 0 0 0 0 0 0 0 0
-229.6 498.3 2279.9 8 0.9976789951 -0.0465703607 -0.0496766418 0.0573922917 0.9677128196 0.2454342395 0.0366427638 -0.2477156520 0.9681395888
-220.1 300.3 2330.6 0.9976789951 -0.0465703607 -0.0496766418 0.0573922917 0.9677128196 0.2454342395 0.0366427638 -0.2477156520 0.9681395888
-211.9 109.5 2374.3 0.9979542494 -0.0415814295 -0.0485624485 0.0513301790 0.9739464521 0.2208926380 0.0381121933 -0.2229334563 0.9740883708
-362.3 293.0 2325.2 -0.0735135525 -0.8547521234 -0.5138040781 0.9959068894 -0.0357530490 -0.0830134749 0.0525858775 -0.5178036094 0.8538818359
-345.7 68.8 2313.4 -0.5120984912 -0.8547521234 0.0845813081 -0.1044799536 -0.0357530490 -0.9938841462 0.8525485992 -0.5178036094 -0.0709953755
-77.9 307.6 2336.1 0.5767000914 0.2062966228 0.7904800177 -0.5415420532 0.8209959865 0.1808251590 -0.6116773486 -0.5323600769 0.5851867795
34.6 202.0 2216.8 -0.8769223094 0.2062966228 0.4341071248 -0.0862487108 0.8209959865 -0.5643817186 -0.4728302360 -0.5323600769 -0.7021569014
-296.4 -84.3 2416.5 0.9517544508 -0.0658998340 -0.2997010648 0.0345048457 0.9934569597 -0.1088701636 0.3049146235 0.0932765231 0.9478009343
-270.6 -473.4 2379.9 0.9519761205 -0.0774947852 -0.2962027192 0.0317288898 0.9871992469 -0.1563039273 0.3045238256 0.1393994242 0.9422489405
-115.8 -76.6 2420.4 0.9682406187 -0.2114386559 0.1334307194 0.2380720228 0.9427044392 -0.2337306887 -0.0763660222 0.2580736876 0.9631024003
-33.0 -445.9 2319.3 0.9917828441 -0.1095778719 0.0660262927 0.1063111871 0.9930180311 0.0511189252 -0.0711667985 -0.0436795391 0.9965075850
-219.7 94.5 2103.5 0 0 0 0 0 0 0 0 0
-188.4 180.1 2096.6 0 0 0 0 0 0 0 0 0
-246.8 -775.8 2337.2 0 0 0 0 0 0 0 0 0
5.7 -796.5 2334.7 0 0 0 0 0 0 0 0 0
-228.7 498.8 2280.1 9 0.9976651073 -0.0453230254 -0.0510900579 0.0565111227 0.9679059982 0.2448763400 0.0383518413 -0.2471917421 0.9682072997
-219.4 300.9 2330.6 0.9976651073 -0.0453230254 -0.0510900579 0.0565111227 0.9679059982 0.2448763400 0.0383518413 -0.2471917421 0.9682072997
-211.5 110.1 2374.3 0.9979308248 -0.0403923169 -0.0500252657 0.0504906997 0.9740220308 0.2207528651 0.0398089886 -0.2228218913 0.9740459919
-361.6 293.7 2325.0 -0.0768095627 -0.8598791361 -0.5046861768 0.9961572886 -0.0448189415 -0.0752458349 0.0420828275 -0.5085263848 0.8600174189
-344.2 67.3 2315.4 -0.5022225380 -0.8598791361 0.0915440992 -0.1043617800 -0.0448189415 -0.9935290217 0.8584178090 -0.5085263848 -0.0672294348
-77.2 308.1 2336.3 0.5792756677 0.2072154582 0.7883536220 -0.5450217128 0.8176283836 0.1855672002 -0.6061279178 -0.5371644497 0.5865691304
