-234.2 460.2 2227.3 5 0.9938049316 -0.1098376215 0.0169546120 0.0920357332 0.8988691568 0.4284432530 -0.0622991659 -0.4242286086 0.9034096003
-211.9 277.2 2313.6 0.9938049316 -0.1098376215 0.0169546120 0.0920357332 0.8988691568 0.4284432530 -0.0622991659 -0.4242286086 0.9034096003
-193.6 98.2 2390.8 0.9953900576 -0.0937032923 0.0204537772 0.0779146552 0.9143879414 0.3972707391 -0.0559282638 -0.3938456774 0.9174734950
-353.7 266.1 2321.6 0.2025539875 -0.5621716976 -0.8018321991 0.9662194848 0.2479676902 0.0702281445 0.1593482047 -0.7889708281 0.5934080482
-397.3 58.1 2287.3 -0.8212351203 -0.5621716976 -0.0976518244 -0.0547340624 0.2479676902 -0.9672208428 0.5679587126 -0.7889708281 -0.2344097048
-70.1 288.4 2305.6 0.6174336672 -0.0794349462 0.7826019526 -0.4878595471 0.7417687774 0.4601870477 -0.6170645952 -0.6659348011 0.4192399085
45.1 197.3 2190.5 -0.9456223845 -0.0794349462 0.3154178560 -0.2674536407 0.7417687774 -0.6150183678 -0.1851131618 -0.6659348011 -0.7226783037
-262.3 -88.2 2471.0 0.9775046110 0.0085045034 -0.2107423842 -0.0471529253 0.9827082157 -0.1790563464 0.2055754811 0.1849655211 0.9610028267
-265.6 -473.0 2398.6 0.9754164219 -0.0639093071 -0.2108990401 0.0193443634 0.9781610370 -0.2069463432 0.2195190191 0.1977791488 0.9553506374
-82.7 -70.8 2463.3 0.9531093240 -0.1302251667 0.2731740177 0.2137445509 0.9286988378 -0.3030374646 -0.2142332941 0.3472172916 0.9129864573
-31.7 -434.4 2327.3 0.9725698829 -0.1044258475 0.2078534365 0.0955848694 0.9940536618 0.0521614291 -0.2120644748 -0.0308629889 0.9767681956
-201.0 71.2 2151.6 0 0 0 0 0 0 0 0 0
-190.7 130.7 2144.4 0 0 0 0 0 0 0 0 0
-245.7 -777.8 2337.0 0 0 0 0 0 0 0 0 0
6.1 -794.3 2338.5 0 0 0 0 0 0 0 0 0
-231.5 458.9 2227.3 6 0.9943108559 -0.1037900299 0.0239478759 0.0836806297 0.9002464414 0.4272632599 -0.0659046546 -0.4228285253 0.9038100243
-210.4 276.3 2313.0 0.9943108559 -0.1037900299 0.0239478759 0.0836806297 0.9002464414 0.4272632599 -0.0659046546 -0.4228285253 0.9038100243
-193.4 97.0 2390.0 0.9958452582 -0.0868972242 0.0272219907 0.0690689310 0.9156125188 0.3960848153 -0.0593434684 -0.3925590217 0.9178103209
-352.3 266.5 2321.5 0.2092369050 -0.5650378466 -0.7980928421 0.9653369784 0.2495793998 0.0763849914 0.1560271233 -0.7864110470 0.5976731181
-397.3 59.1 2288.0 -0.8188737035 -0.5650378466 -0.1008866206 -0.0530909114 0.2495793998 -0.9668978453 0.5715131164 -0.7864110470 -0.2343723774
-68.6 286.1 2304.6 0.6290438175 -0.0719100982 0.7740367055 -0.4836316109 0.7433485985 0.4620966315 -0.6086085439 -0.6650276780 0.4328208566
45.3 198.6 2194.4 -0.9421588182 -0.0719100982 0.3273617029 -0.2694603801 0.7433485985 -0.6122286916 -0.1993184388 -0.6650276780 -0.7197293639
-265.2 -87.9 2473.0 0.9779056311 0.0004345690 -0.2090463638 -0.0403249934 0.9816085696 -0.1865971684 0.2051206231 0.1909042150 0.9599380493
-265.3 -472.3 2398.2 0.9760220647 -0.0607718080 -0.2090161592 0.0169376116 0.9785280228 -0.2054168135 0.2170117050 0.1969511062 0.9560942054
-85.3 -73.8 2462.9 0.9522072673 -0.1388644129 0.2720623910 0.2199109942 0.9298186302 -0.2950872183 -0.2119915634 0.3408137262 0.9159178734
-30.9 -437.9 2329.4 0.9727682471 -0.1053072512 0.2064758986 0.0974170417 0.9940833449 0.0480442122 -0.2103136480 -0.0266216155 0.9772714376
-201.7 71.8 2151.5 0 0 0 0 0 0 0 0 0
-190.7 131.1 2144.5 0 0 0 0 0 0 0 0 0
-246.5 -775.4 2337.3 0 0 0 0 0 0 0 0 0
6.7 -793.1 2338.9 0 0 0 0 0 0 0 0 0
-230.8 457.5 2226.3 7 0.9946956635 -0.0994547307 0.0262554977 0.0787714794 0.9006495476 0.4273469746 -0.0661486760 -0.4230119884 0.9037063718
-210.6 274.6 2312.2 0.9946956635 -0.0994547307 0.0262554977 0.0787714794 0.9006495476 0.4273469746 -0.0661486760 -0.4230119884 0.9037063718
-194.4 95.2 2389.2 0.9961271882 -0.0828756541 0.0293640289 0.0645096004 0.9158180952 0.3963782191 -0.0597422123 -0.3929488361 0.9176176190
-352.5 265.4 2320.7 0.2088588476 -0.5660788417 -0.7974538803 0.9651573300 0.2507575154 0.0747794062 0.1576365083 -0.7852868438 0.5987281203
-397.3 58.6 2286.9 -0.8184322715 -0.5660788417 -0.0986071825 -0.0570083968 0.2507575154 -0.9663698673 0.5717680454 -0.7852868438 -0.2374992818
-68.6 283.8 2303.7 0.6399063468 -0.0665066317 0.7655695677 -0.4760722816 0.7477251887 0.4628846347 -0.6032205224 -0.6606692672 0.4468121529
45.2 199.1 2196.3 -0.9390954375 -0.0665066317 0.3371596634 -0.2706481218 0.7477251887 -0.6063469052 -0.2117767036 -0.6606692672 -0.7201852202
-266.4 -88.5 2472.2 0.9777958989 -0.0025693460 -0.2095436454 -0.0381832570 0.9810018539 -0.1902036518 0.2060513943 0.1939814240 0.9591214657
-265.4 -472.8 2396.2 0.9758743644 -0.0614241399 -0.2095143050 0.0190575030 0.9799118042 -0.1985187083 0.2174993753 0.1897365153 0.9574414492
-86.4 -76.1 2461.5 0.9529717565 -0.1385635436 0.2695273757 0.2164868265 0.9336186647 -0.2854638398 -0.2120808959 0.3303880990 0.9197093844
-32.2 -441.7 2332.1 0.9719898105 -0.1085508987 0.2084526420 0.1024816409 0.9939411283 0.0397312939 -0.2115025222 -0.0172558445 0.9772251248
-201.2 72.3 2149.9 0 0 0 0 0 0 0 0 0
-190.6 131.1 2143.2 0 0 0 0 0 0 0 0 0
-246.3 -777.0 2337.3 0 0 0 0 0 0 0 0 0
6.2 -793.0 2338.2 0 0 0 0 0 0 0 0 0
-228.6 459.6 2227.3 8 0.9951750040 -0.0958484486 0.0209720880 0.0778763145 0.9016519189 0.4253929257 -0.0596827753 -0.4217071533 0.9047657251
-209.1 276.4 2313.0 0.9951750040 -0.0958484486 0.0209720880 0.0778763145 0.9016519189 0.4253929257 -0.0596827753 -0.4217071533 0.9047657251
-193.6 96.8 2389.4 0.9965651631 -0.0792387649 0.0240636766 0.0634343475 0.9172294736 0.3932761550 -0.0532346331 -0.3903988600 0.9191054106
-351.1 267.4 2320.5 0.2190605402 -0.5727423429 -0.7899232507 0.9649401307 0.2471318841 0.0884103775 0.1445788592 -0.7815958261 0.6067988873
-398.3 59.8 2289.4 -0.8133695722 -0.5727423429 -0.1019615680 -0.0527317338 0.2471318841 -0.9675459862 0.5793524981 -0.7815958261 -0.2312112600
-67.1 285.4 2305.4 0.6383672953 -0.0465996005 0.7683200240 -0.4946451783 0.7399444580 0.4558600187 -0.5897570252 -0.6710519195 0.4493060410
45.8 197.9 2201.0 -0.9369194508 -0.0465996005 0.3464252055 -0.2653515339 0.7399444580 -0.6181187034 -0.2275313288 -0.6710519195 -0.7056336403
-268.2 -90.0 2471.5 0.9764196277 -0.0021673830 -0.2158704847 -0.0376491249 0.9829161167 -0.1801621914 0.2125730664 0.1840412319 0.9596569538
-267.3 -475.0 2399.5 0.9741519094 -0.0672154427 -0.2156619728 0.0198936593 0.9765229225 -0.2144929767 0.2250161022 0.2046584338 0.9526188374
-88.1 -78.3 2460.7 0.9544457793 -0.1407148391 0.2631208897 0.2167643458 0.9329774976 -0.2873433232 -0.2050524056 0.3312888443 0.9209784269
-33.0 -443.7 2331.0 0.9729419351 -0.1166480109 0.1994422972 0.1092607826 0.9928683639 0.0476916172 -0.2035830766 -0.0246099550 0.9787483215
-201.0 72.6 2149.0 0 0 0 0 0 0 0 0 0
-190.5 131.0 2143.6 0 0 0 0 0 0 0 0 0
-246.6 -776.3 2336.3 0 0 0 0 0 0 0 0 0
8.2 -794.0 2339.7 0 0 0 0 0 0 0 0 0
-226.0 464.9 2226.8 9 0.9945133924 -0.0930075943 -0.0478825532 0.1045635715 0.8973911405 0.4286671877 0.0031000781 -0.4313220084 0.9021927118
-207.0 281.7 2314.8 0.9945133924 -0.0930075943 -0.0478825532 0.1045635715 0.8973911405 0.4286671877 0.0031000781 -0.4313220084 0.9021927118
-191.5 102.9 2393.1 0.9958198071 -0.0795302317 -0.0449211039 0.0908553973 0.9130527973 0.3975926340 0.0093947062 -0.4000119269 0.9164617658
-348.6 268.8 2313.5 0.2339157909 -0.5803897381 -0.7800199986 0.9666149020 0.2251302451 0.1223599538 0.1045896262 -0.7826008797 0.6136748791
-398.9 61.1 2291.0 -0.8088666201 -0.5803897381 -0.0942473486 -0.0481508188 0.2251302451 -0.9731381536 0.5860173106 -0.7826008797 -0.2100465745
-65.4 294.7 2316.1 0.5832659006 -0.0236084927 0.8119381070 -0.5432798862 0.7317610383 0.4115491211 -0.6038607359 -0.6811522245 0.4139852822
44.9 191.9 2201.9 -0.9423920512 -0.0236084927 0.3336763084 -0.2437007427 0.7317610383 -0.6365026832 -0.2291444689 -0.6811522245 -0.6953592300
-268.2 -88.6 2470.7 0.9625542760 -0.0080992235 -0.2709680200 -0.0446321219 0.9811787009 -0.1878731847 0.2673896849 0.1929320246 0.9440762401
-265.0 -472.9 2395.1 0.9607819915 -0.0594492704 -0.2708575130 0.0045084679 0.9799695015 -0.1990966201 0.2772682607 0.1900672913 0.9418050647
-88.0 -77.1 2461.1 0.9664621949 -0.1397078335 0.2154820561 0.2008548826 0.9340673685 -0.2952548265 -0.1600253582 0.3286332488 0.9308018684
-33.3 -443.0 2332.3 0.9811372757 -0.1140721589 0.1560680568 0.1098425612 0.9933151603 0.0354908183 -0.1590732783 -0.0176784489 0.9871084690
-201.3 72.9 2147.9 0 0 0 0 0 0 0 0 0
-190.3 131.1 2144.7 0 0 0 0 0 0 0 0 0
-246.5 -777.4 2336.1 0 0 0 0 0 0 0 0 0
7.0 -793.4 2338.6 0 0 0 0 0 0 0 0 0
-225.9 471.2 2232.5 0 0.9939026833 -0.0907731876 -0.0625910461 0.1087026820 0.9017691016 0.4183254242 0.0184699371 -0.4225786030 0.9061380625
-207.3 286.8 2318.9 0.9939026833 -0.0907731876 -0.0625910461 0.1087026820 0.9017691016 0.4183254242 0.0184699371 -0.4225786030 0.9061380625
-191.7 107.6 2396.3 0.9949749112 -0.0801459774 -0.0600133836 0.0973044187 0.9152657986 0.3909224272 0.0235973392 -0.3947975636 0.9184650779
-349.0 273.0 2315.6 0.2225660086 -0.5839679241 -0.7806701064 0.9662459493 0.2386942506 0.0969215035 0.1297424138 -0.7758907676 0.6173818707
-398.0 60.2 2287.0 -0.8058321476 -0.5839679241 -0.0980610698 -0.0549941026 0.2386942506 -0.9695363641 0.5895847678 -0.7758907676 -0.2244622856
-65.7 300.7 2322.3 0.5617985129 0.0017743360 0.8272722363 -0.5696735382 0.7259550095 0.3853068352 -0.5998787284 -0.6877399087 0.4088512361
43.1 190.3 2206.1 -0.9378213286 0.0017743360 0.3471137583 -0.2375167310 0.7259550095 -0.6454262733 -0.2531341910 -0.6877399087 -0.6803947091
-265.8 -84.1 2470.7 0.9592067599 -0.0031258969 -0.2826882303 -0.0499129221 0.9823581576 -0.1802252680 0.2782644629 0.1869830936 0.9421285391
-264.6 -468.9 2397.4 0.9580795169 -0.0473121777 -0.2825689614 -0.0105621777 0.9797674417 -0.1998603791 0.2863076925 0.1944666803 0.9381954074
-86.2 -67.7 2472.3 0.9692124724 -0.1291525215 0.2096349001 0.1948920339 0.9227172732 -0.3325807452 -0.1504800916 0.3631975651 0.9194799066
-35.7 -428.9 2330.2 0.9824667573 -0.1176582277 0.1446224153 0.1124010831 0.9926869869 0.0440282561 -0.1487450898 -0.0270005800 0.9885069132
-201.1 73.7 2142.9 0 0 0 0 0 0 0 0 0
-190.4 131.2 2143.1 0 0 0 0 0 0 0 0 0
-249.8 -774.9 2336.7 0 0 0 0 0 0 0 0 0
7.6 -793.9 2340.1 0 0 0 0 0 0 0 0 0
-223.2 475.2 2237.9 1 0.9940846562 -0.0849868208 -0.0676233545 0.1051369607 0.9091729522 0.4029277563 0.0272377729 -0.4076540172 0.9127301574
-205.8 289.6 2321.1 0.9940846562 -0.0849868208 -0.0676233545 0.1051369607 0.9091729522 0.4029277563 0.0272377729 -0.4076540172 0.9127301574
-190.8 109.0 2395.3 0.9949311018 -0.0766129047 -0.0651345849 0.0955441967 0.9222005606 0.3747230768 0.0313585252 -0.3790468872 0.9248459935
-347.6 276.0 2316.6 0.2241704315 -0.5921912789 -0.7739877701 0.9652133584 0.2445851564 0.0924188867 0.1345762759 -0.7677809596 0.6264197230
-397.4 61.6 2286.7 -0.7985752821 -0.5921912789 -0.1076429859 -0.0508545898 0.2445851564 -0.9682933092 0.5997427106 -0.7677809596 -0.2254353017
-64.1 303.2 2325.6 0.5448359847 0.0106317056 0.8384752274 -0.5860173106 0.7200362682 0.3716604710 -0.5997812152 -0.6938549876 0.3985320032
42.0 189.1 2208.7 -0.9380415082 0.0106317056 0.3463598192 -0.2331689447 0.7200362682 -0.6535900831 -0.2563404143 -0.6938549876 -0.6729449034
-265.8 -80.5 2471.5 0.9574214220 -0.0020695867 -0.2886865735 -0.0529586002 0.9817461967 -0.1826739162 0.2837949991 0.1901843548 0.9398352504
-265.0 -465.0 2397.0 0.9562027454 -0.0487251729 -0.2886210978 -0.0097174319 0.9802194238 -0.1976750791 0.2925437689 0.1918221116 0.9368150234
-86.2 -62.9 2475.7 0.9706799984 -0.1274096519 0.2038311809 0.1938833147 0.9162409306 -0.3505877554 -0.1420902163 0.3798279762 0.9140793681
-36.3 -421.6 2327.0 0.9837937951 -0.1180915907 0.1349227577 0.1123043746 0.9924274683 0.0497543216 -0.1397766173 -0.0337955765 0.9896061420
-201.3 74.1 2139.5 0 0 0 0 0 0 0 0 0
-190.5 131.3 2145.2 0 0 0 0 0 0 0 0 0
-249.6 -776.2 2336.1 0 0 0 0 0 0 0 0 0
7.8 -792.6 2339.6 0 0 0 0 0 0 0 0 0
-220.1 475.7 2239.6 2 0.9941560030 -0.0795145854 -0.0730155110 0.1022669449 0.9103074074 0.4011008441 0.0345731899 -0.4062238634 0.9131193161
-203.9 290.0 2322.5 0.9941560030 -0.0795145854 -0.0730155110 0.1022669449 0.9103074074 0.4011008441 0.0345731899 -0.4062238634 0.9131193161
-190.0 109.1 2396.1 0.9949623346 -0.0711946115 -0.0705783591 0.0924539939 0.9238421321 0.3714404106 0.0387587026 -0.3760944605 0.9257703424
-345.7 276.8 2317.0 0.2377744168 -0.5789240599 -0.7799424529 0.9555478096 0.2835333347 0.0808528513 0.1743320227 -0.7644971013 0.6206066012
-399.8 59.3 2277.3 -0.8077994585 -0.5789240599 -0.1109367162 -0.0718734637 0.2835333347 -0.9562651515 0.5850591660 -0.7644971013 -0.2706473470
-62.1 303.2 2328.0 0.5520255566 0.0228503067 0.8335140347 -0.5830171704 0.7252290249 0.3662429750 -0.5961197615 -0.6881284714 0.4136670530
44.1 190.9 2213.2 -0.9141266346 0.0228503067 0.4047842920 -0.2635325491 0.7252290249 -0.6360766292 -0.3080958724 -0.6881284714 -0.6569293737
-265.7 -80.2 2466.7 0.9552252293 0.0006197863 -0.2958790362 -0.0537745543 0.9837072492 -0.1715468764 0.2909520268 0.1797766685 0.9396952987
-266.0 -465.5 2396.3 0.9537743330 -0.0531838760 -0.2957802415 -0.0070807752 0.9799659848 -0.1990391612 0.3004402518 0.1919327974 0.9342898130
-86.0 -62.9 2472.4 0.9720309973 -0.1292112023 0.1961127073 0.1929516047 0.9154245257 -0.3532246053 -0.1338858008 0.3811855316 0.9147525430
-35.4 -421.4 2323.1 0.9857949615 -0.1112184227 0.1258519292 0.1052201539 0.9930160046 0.0533656850 -0.1309082359 -0.0393654667 0.9906126261
-197.3 77.3 2130.6 0 0 0 0 0 0 0 0 0
-185.7 124.7 2135.7 0 0 0 0 0 0 0 0 0
-249.0 -777.3 2335.2 0 0 0 0 0 0 0 0 0
6.3 -793.0 2337.8 0 0 0 0 0 0 0 0 0
-218.3 476.6 2239.4 3 0.9934156537 -0.0704339296 -0.0903574005 0.1008773297 0.9116195440 0.3984640241 0.0543061867 -0.4049553871 0.9127222896
-203.9 290.6 2322.0 0.9934156537 -0.0704339296 -0.0903574005 0.1008773297 0.9116195440 0.3984640241 0.0543061867 -0.4049553871 0.9127222896
-191.3 109.4 2395.3 0.9940396547 -0.0641378760 -0.0881560445 0.0923602879 0.9250604510 0.3684191704 0.0579200499 -0.3743653893 0.9254705906
-345.5 277.5 2313.8 0.2417914122 -0.5853447318 -0.7738917470 0.9541275501 0.2885561883 0.0798496827 0.1765716523 -0.7576984167 0.6282639503
-400.7 59.8 2273.5 -0.8031793237 -0.5853447318 -0.1107904613 -0.0786695406 0.2885561883 -0.9542255402 0.5905202031 -0.7576984167 -0.2778111696
-62.3 303.8 2330.3 0.5618427396 0.0391621850 0.8263165355 -0.5821081996 0.7284448743 0.3612729013 -0.5877777934 -0.6839842200 0.4320681095
45.4 192.3 2217.7 -0.8948872089 0.0391621850 0.4445707798 -0.2789783478 0.7284448743 -0.6257308722 -0.3483502865 -0.6839842200 -0.6409506202
-265.9 -80.2 2466.3 0.9495375156 -0.0028061136 -0.3136409521 -0.0533640459 0.9839356542 -0.1703610420 0.3090805709 0.1785013378 0.9341340661
-264.8 -465.6 2396.4 0.9483745098 -0.0484532639 -0.3134295642 -0.0155915599 0.9799430370 -0.1986669004 0.3167691827 0.1932974756 0.9285975099
-86.1 -63.5 2473.3 0.9755822420 -0.1287179440 0.1779634506 0.1850911826 0.9180295467 -0.3506607711 -0.1182393730 0.3750378788 0.9194378853
-35.7 -423.1 2326.4 0.9870233536 -0.1143080369 0.1127765104 0.1104614511 0.9930828810 0.0398072712 -0.1165467128 -0.0268332493 0.9928226471
-197.2 79.7 2123.8 0 0 0 0 0 0 0 0 0
-181.5 121.5 2129.4 0 0 0 0 0 0 0 0 0
-249.5 -775.5 2335.2 0 0 0 0 0 0 0 0 0
6.8 -792.2 2336.4 0 0 0 0 0 0 0 0 0
-216.3 479.9 2241.9 4 0.9936720133 -0.0592665002 -0.0954116061 0.0920731649 0.9163210988 0.3897154927 0.0643306002 -0.3960342407 0.9159795046
-204.2 292.7 2322.8 0.9936720133 -0.0592665002 -0.0954116061 0.0920731649 0.9163210988 0.3897154927 0.0643306002 -0.3960342407 0.9159795046
-193.8 110.8 2394.5 0.9941959381 -0.0529545732 -0.0936499164 0.0834590793 0.9289216399 0.3607480526 0.0678901747 -0.3664701581 0.9279496670
-345.8 280.9 2313.1 0.2448514402 -0.5923401117 -0.7675812244 0.9538773894 0.2889869511 0.0812678710 0.1736827344 -0.7520769238 0.6357787251
-402.5 60.0 2272.9 -0.7977901697 -0.5923401117 -0.1125346944 -0.0799987167 0.2889869511 -0.9539846778 0.5976044536 -0.7520769238 -0.2779373825
-62.5 304.6 2332.4 0.5300394893 0.0631434023 0.8456187248 -0.5998688340 0.7327569127 0.3212859333 -0.5993459225 -0.6775545478 0.4262678921
41.1 187.4 2215.3 -0.9032754302 0.0631434023 0.4243895113 -0.2467373759 0.7327569127 -0.6341828704 -0.3510188162 -0.6775545478 -0.6463015079
-268.6 -80.1 2463.4 0.9461239576 -0.0090733711 -0.3236775696 -0.0522418991 0.9822344184 -0.1802395135 0.3195626438 0.1874384433 0.9288415313
-265.0 -464.8 2390.0 0.9449822903 -0.0471631847 -0.3237037957 -0.0115965204 0.9841001630 -0.1772354841 0.3269159496 0.1712382287 0.9294102788
-88.9 -63.4 2473.9 0.9765951633 -0.1367397457 0.1660244167 0.1887888014 0.9148062468 -0.3570550680 -0.1030565500 0.3800418079 0.9192103148
-35.4 -421.7 2325.0 0.9887883663 -0.1146905944 0.0956221521 0.1104943454 0.9927122593 0.0480979346 -0.1004416645 -0.0369929709 0.9942550063
-199.3 80.4 2120.6 0 0 0 0 0 0 0 0 0
-185.0 125.7 2127.5 0 0 0 0 0 0 0 0 0
-250.1 -776.5 2335.8 0 0 0 0 0 0 0 0 0
7.6 -793.3 2338.9 0 0 0 0 0 0 0 0 0
-213.4 482.9 2240.6 5 0.9903026223 -0.0521732531 -0.1287583709 0.0984985158 0.9172725081 0.3858874738 0.0979735181 -0.3948278725 0.9135163426
-202.8 295.6 2321.2 0.9903026223 -0.0521732531 -0.1287583709 0.0984985158 0.9172725081 0.3858874738 0.0979735181 -0.3948278725 0.9135163426
-194.1 113.6 2393.0 0.9908747673 -0.0441195406 -0.1273604929 0.0875271633 0.9291926026 0.3590823710 0.1024998799 -0.3669531643 0.9245750904
-343.9 283.1 2306.6 0.2460709661 -0.5930701494 -0.7666269541 0.9547368884 0.2846823335 0.0862172022 0.1671123058 -0.7531425953 0.6362780333
-401.3 60.1 2267.6 -0.7978568673 -0.5930701494 -0.1081307307 -0.0821721852 0.2846823335 -0.9550935626 0.5972204208 -0.7531425953 -0.2758696377
-61.6 308.1 2335.8 0.4859870672 0.0999227092 0.8682349920 -0.6259035468 0.7331478000 0.2659682035 -0.6099683046 -0.6726884246 0.4188423157
35.5 183.0 2213.9 -0.8990373611 0.0999227092 0.4263182580 -0.2231455892 0.7331478000 -0.6424175501 -0.3767463863 -0.6726884246 -0.6368299723
-273.2 -78.6 2460.1 0.9345718026 -0.0215502009 -0.3551213145 -0.0444221012 0.9832842350 -0.1765751839 0.3529904187 0.1807974279 0.9179924130
-264.8 -463.8 2389.3 0.9336110950 -0.0467207544 -0.3552288115 -0.0159385502 0.9850642085 -0.1714482307 0.3579333723 0.1657277942 0.9189221859
-93.5 -63.6 2472.4 0.9786700606 -0.1537153870 0.1362957954 0.1936611980 0.9116939902 -0.3623663783 -0.0685587674 0.3810323179 0.9220163226
-33.3 -420.6 2323.2 0.9925728440 -0.1052566022 0.0609933361 0.1026263982 0.9937120080 0.0447684377 -0.0653219819 -0.0381764062 0.9971336722
-197.5 81.1 2115.0 0 0 0 0 0 0 0 0 0
-187.1 127.7 2120.6 0 0 0 0 0 0 0 0 0
-250.0 -775.0 2337.0 0 0 0 0 0 0 0 0 0
6.1 -792.6 2337.5 0 0 0 0 0 0 0 0 0
-206.0 493.2 2246.9 6 0.9860454202 -0.0296088010 -0.1638223380 0.0877416432 0.9287152886 0.3602628112 0.1414773613 -0.3696095347 0.9183533788
-199.9 302.5 2322.8 0.9860454202 -0.0296088010 -0.1638223380 0.0877416432 0.9287152886 0.3602628112 0.1414773613 -0.3696095347 0.9183533788
-194.8 118.6 2389.7 0.9862941504 -0.0253174230 -0.1630424708 0.0792816058 0.9393255711 0.3337393105 0.1447005421 -0.3420914114 0.9284585118
-340.3 291.3 2302.2 0.2405409664 -0.6558819413 -0.7155130506 0.9581081867 0.2785075307 0.0667999163 0.1554629058 -0.7016070485 0.6953983307
-398.1 60.9 2264.8 -0.7446339130 -0.6558819413 -0.1238514632 -0.0862129703 0.2785075307 -0.9565567970 0.6618819237 -0.7016070485 -0.2639316916
-59.5 313.7 2343.4 0.4352814555 0.3579610288 0.8260713816 -0.7707126737 0.6224118471 0.1364019364 -0.4653300345 -0.6960369349 0.5468094349
26.3 161.8 2251.7 -0.8424336314 0.3579610288 0.4027027786 -0.1062120646 0.6224118471 -0.7754498720 -0.5282278061 -0.6960369349 -0.4863208830
-275.0 -76.3 2455.6 0.9189412594 -0.0243501440 -0.3936420083 -0.0422883816 0.9862547517 -0.1597288400 0.3921207190 0.1634279042 0.9052804112
-265.4 -462.5 2391.6 0.9180715084 -0.0510693677 -0.3931114674 -0.0216426384 0.9837306738 -0.1783412546 0.3958235681 0.1722379923 0.9020298123
-96.0 -60.5 2474.1 0.9823768735 -0.1600963026 0.0964617729 0.1851073951 0.9048444629 -0.3833950162 -0.0259027816 0.3944941759 0.9185332656
-33.3 -414.9 2319.6 0.9944187999 -0.1041310281 0.0169704296 0.1031788141 0.9934214950 0.0496776886 -0.0220317785 -0.0476494394 0.9986211061
-208.3 82.9 2096.1 0 0 0 0 0 0 0 0 0
-181.8 135.6 2121.2 0 0 0 0 0 0 0 0 0
-249.1 -776.8 2336.6 0 0 0 0 0 0 0 0 0
6.5 -794.5 2337.8 0 0 0 0 0 0 0 0 0
-202.0 502.4 2256.6 7 0.9882761836 -0.0134740295 -0.1520808339 0.0637377724 0.9415560961 0.3307712972 0.1387358010 -0.3365867138 0.9313762784
-199.3 308.9 2325.8 0.9882761836 -0.0134740295 -0.1520808339 0.0637377724 0.9415560961 0.3307712972 0.1387358010 -0.3365867138 0.9313762784
-197.0 122.9 2386.6 0.9883535504 -0.0113535980 -0.1517510116 0.0578449070 0.9503890276 0.3056380451 0.1407524049 -0.3108564615 0.9399771094
-340.0 300.7 2305.8 0.1933826357 -0.7290551066 -0.6565681696 0.9712900519 0.2367670238 0.0231726430 0.1385595649 -0.6421993375 0.7539106011
-385.4 72.4 2273.2 -0.6737837791 -0.7290551066 -0.1203913540 -0.0832284540 0.2367670238 -0.9679950476 0.7342264652 -0.6421993375 -0.2202078998
-58.5 317.1 2345.8 0.3368912637 0.5235601664 0.7825528979 -0.8515982628 0.5239484906 0.0160723254 -0.4016025960 -0.6718353033 0.6223766208
7.7 149.6 2266.8 -0.7744657993 0.5235601664 0.3550879955 -0.0359703302 0.5239484906 -0.8509900570 -0.6315923333 -0.6718353033 -0.3869475722
-278.8 -72.4 2443.5 0.9196498990 -0.0301122628 -0.3915831447 -0.0290354509 0.9891148210 -0.1442527175 0.3916644752 0.1440317929 0.9087649584
-267.0 -459.7 2387.1 0.9187566042 -0.0562518574 -0.3907966316 -0.0105494875 0.9859477878 -0.1667204946 0.3946834207 0.1572982520 0.9052525759
-100.7 -58.2 2469.6 0.9809734821 -0.1724490821 0.0891756788 0.1935401708 0.9047935009 -0.3793295622 -0.0152705424 0.3893713057 0.9209542871
-33.2 -412.5 2317.1 0.9949927926 -0.0997694060 0.0059483442 0.0993650034 0.9938607216 0.0486566499 -0.0107662706 -0.0478219576 0.9987978339
-215.2 93.5 2087.7 0 0 0 0 0 0 0 0 0
-184.1 140.7 2110.3 0 0 0 0 0 0 0 0 0
-248.9 -777.6 2336.4 0 0 0 0 0 0 0 0 0
5.1 -793.8 2335.5 0 0 0 0 0 0 0 0 0
-197.5 506.0 2254.9 8 0.9877400398 -0.0027731429 -0.1560830772 0.0554109178 0.9409647584 0.3339385390 0.1459426135 -0.3384931684 0.9295822382
-196.9 311.7 2324.8 0.9877400398 -0.0027731429 -0.1560830772 0.0554109178 0.9409647584 0.3339385390 0.1459426135 -0.3384931684 0.9295822382
-196.7 125.6 2385.7 0.9877520204 -0.0010539168 -0.1560282856 0.0494867191 0.9504671693 0.3068603575 0.1479763538 -0.3108232617 0.9388779998
-337.6 304.6 2303.8 0.1789908707 -0.7550413609 -0.6307731867 0.9769844413 0.2120183408 0.0234453063 0.1160333082 -0.6204520464 0.7756130099
-379.9 73.9 2276.4 -0.6470388174 -0.7550413609 -0.1060815901 -0.0878344327 0.2120183408 -0.9733105302 0.7573809028 -0.6204520464 -0.2035027295
-56.2 318.7 2345.9 0.2161204666 0.6412564516 0.7362622619 -0.8963885903 0.4292207658 -0.1107114628 -0.3870134950 -0.6360500455 0.6675783992
-14.3 145.0 2270.9 -0.7084497809 0.6412564516 0.2947695255 0.0127481129 0.4292207658 -0.9031096101 -0.7056460977 -0.6360500455 -0.3122561574
-284.1 -68.3 2434.7 0.9154325724 -0.0437683985 -0.4000843763 -0.0054813167 0.9926212430 -0.1211324930 0.4024340212 0.1130816191 0.9084379077
-266.9 -456.8 2390.4 0.9160317183 -0.0561932176 -0.3971500397 -0.0151984822 0.9845641851 -0.1743626148 0.4008177221 0.1657577753 0.9010380507
-105.5 -57.9 2460.0 0.9786815047 -0.1911980361 0.0750058219 0.2053837478 0.9105792642 -0.3586962223 0.0002832700 0.3664543033 0.9304360151
-30.7 -414.4 2316.6 0.9959536195 -0.0892872587 -0.0102090938 0.0896727666 0.9948489070 0.0472701080 0.0059358869 -0.0479943119 0.9988299608
-218.8 95.7 2087.8 0 0 0 0 0 0 0 0 0
-188.7 148.2 2097.2 0 0 0 0 0 0 0 0 0
-248.7 -777.0 2336.5 0 0 0 0 0 0 0 0 0
3.4 -794.4 2334.9 0 0 0 0 0 0 0 0 0
-194.0 504.7 2254.1 9 0.9900088310 0.0055048186 -0.1408980191 0.0423943363 0.9413848519 0.3346599340 0.1344815046 -0.3372895420 0.9317459464
-195.1 310.3 2323.8 0.9900088310 0.0055048186 -0.1408980191 0.0423943363 0.9413848519 0.3346599340 0.1344815046 -0.3372895420 0.9317459464
-196.2 124.2 2384.6 0.9899858832 0.0056595034 -0.1410530657 0.0385049842 0.9504820108 0.3083849847 0.1358137131 -0.3107280135 0.9407458305
-336.1 304.9 2304.4 0.1296531409 -0.8006861806 -0.5848860145 0.9869390130 0.1610849500 -0.0017418078 0.0956109837 -0.5770210028 0.8111135960
-366.6 73.0 2282.0 -0.5937973261 -0.8006861806 -0.0794127509 -0.0857178047 0.1610849500 -0.9832111001 0.8000357747 -0.5770210028 -0.1642848700
-54.0 315.8 2343.1 0.1470094770 0.7130398750 0.6855379939 -0.9251685739 0.3443112969 -0.1597272754 -0.3499304056 -0.6107568145 0.7102991343
-26.5 142.2 2277.4 -0.6552057266 0.7130398750 0.2495589107 0.0171657223 0.3443112969 -0.9386985898 -0.7552554607 -0.6107568145 -0.2378345728
-285.7 -64.9 2433.1 0.9193601608 -0.0501220264 -0.3902110755 0.0047059911 0.9931812882 -0.1164850593 0.3933888078 0.1052553952 0.9133272171
-266.1 -453.8 2391.9 0.9209418893 -0.0504877307 -0.3864156008 -0.0203238204 0.9840003252 -0.1770037264 0.3891695738 0.1708635986 0.9051809907
-107.2 -56.0 2459.8 0.9782084227 -0.1911041737 0.0811630413 0.2075222880 0.9122335315 -0.3532201648 -0.0065377983 0.3623661101 0.9320129156
-32.4 -413.3 2317.9 0.9957621694 -0.0919190347 -0.0029363653 0.0919575021 0.9947314262 0.0453128777 -0.0012442211 -0.0453908704 0.9989685416
-220.5 94.1 2085.1 0 0 0 0 0 0 0 0 0
-188.7 146.5 2090.4 0 0 0 0 0 0 0 0 0
-249.5 -777.0 2335.8 0 0 0 0 0 0 0 0 0
2.9 -795.2 2335.4 0 0 0 0 0 0 0 0 0
-193.3 505.3 2254.2 0 0.9896885157 0.0093957242 -0.1429277211 0.0391294695 0.9421558976 0.3328831196 0.1377878785 -0.3350432813 0.9320732355
-195.2 310.9 2323.3 0.9896885157 0.0093957242 -0.1429277211 0.0391294695 0.9421558976 0.3328831196 0.1377878785 -0.3350432813 0.9320732355
-197.2 124.5 2383.4 0.9896350503 0.0104830340 -0.1432219297 0.0340367816 0.9517909884 0.3048531115 0.1395131201 -0.3065681458 0.9415689111
-336.2 306.0 2303.5 0.0987550169 -0.8310497999 -0.5473606586 0.9936227798 0.1124292538 0.0085700825 0.0544171818 -0.5447163582 0.8368529677
-359.2 74.6 2290.8 -0.5531710386 -0.8310497999 -0.0579484515 -0.0650372654 0.1124292538 -0.9915290475 0.8305251002 -0.5447163582 -0.1162418127
-54.2 315.7 2343.2 0.1110176742 0.7372978926 0.6663834453 -0.9352310300 0.3043281734 -0.1809068620 -0.3361814916 -0.6031386256 0.7233296633
-33.4 140.4 2280.2 -0.6336517930 0.7372978926 0.2342589647 0.0019467525 0.3043281734 -0.9525652528 -0.7736159563 -0.6031386256 -0.1942734271
-286.8 -65.4 2433.2 0.9176933765 -0.0537102669 -0.3936420381 0.0045664222 0.9921799898 -0.1247317865 0.3972631395 0.1126680002 0.9107622504
-265.7 -453.9 2389.1 0.9191077948 -0.0497026108 -0.3908586204 -0.0184949860 0.9854755998 -0.1688068062 0.3935717940 0.1623805910 0.9048390985
-107.8 -58.4 2457.7 0.9788364768 -0.1904079020 0.0749934688 0.2046363503 0.9138914347 -0.3506086767 -0.0017772262 0.3585349321 0.9335145950
-33.3 -416.4 2317.3 0.9952744246 -0.0968168601 -0.0074354326 0.0970521495 0.9942954779 0.0442419425 0.0031096512 -0.0447544977 0.9989931583
-223.2 90.6 2086.5 0 0 0 0 0 0 0 0 0
-190.9 140.9 2087.8 0 0 0 0 0 0 0 0 0
-249.4 -777.2 2335.8 0 0 0 0 0 0 0 0 0
3.6 -795.4 2334.3 0 0 0 0 0 0 0 0 0
-191.7 501.8 2253.2 1 0.9912561774 0.0176741835 -0.1307624131 0.0273016933 0.9420726299 0.3342958689 0.1290961057 -0.3349429071 0.9333528280
-195.4 307.7 2322.2 0.9912561774 0.0176741835 -0.1307624131 0.0273016933 0.9420726299 0.3342958689 0.1290961057 -0.3349429071 0.9333528280
-199.2 121.3 2382.3 0.9911481142 0.0195741151 -0.1313096583 0.0218088049 0.9516290426 0.3064744473 0.1309570372 -0.3066252768 0.9427784681
-336.6 304.6 2303.6 0.0906498432 -0.8359531760 -0.5412622690 0.9949066639 0.1000761315 0.0120628551 0.0440834537 -0.5395989418 0.8407672644
-357.6 74.6 2293.4 -0.5458976626 -0.8359531760 -0.0563738048 -0.0506337509 0.1000761315 -0.9936906099 0.8363205194 -0.5395989418 -0.0969587713
-54.2 310.8 2340.9 0.0805736706 0.7539318800 0.6519927979 -0.9379568100 0.2786789834 -0.2063371688 -0.3372608721 -0.5949157476 0.7296097279
-39.4 139.3 2279.2 -0.6175790429 0.7539318800 0.2240153402 -0.0081416443 0.2786789834 -0.9603497982 -0.7864666581 -0.5949157476 -0.1659680605
-288.7 -65.0 2430.8 0.9202767611 -0.0570895709 -0.3870806396 0.0094952714 0.9922652841 -0.1237719432 0.3911527693 0.1102290079 0.9137007594
-266.4 -453.6 2387.6 0.9216864109 -0.0509494655 -0.3845754266 -0.0131196203 0.9866772294 -0.1621602625 0.3877137899 0.1545064002 0.9087385535
-109.9 -58.8 2456.0 0.9778452516 -0.1943292916 0.0778127760 0.2092968374 0.9141691923 -0.3471160829 -0.0036792203 0.3557117581 0.9345884919
-33.7 -416.9 2316.7 0.9952238202 -0.0974129736 -0.0063426662 0.0976042971 0.9941057563 0.0471922718 0.0017081420 -0.0475859456 0.9988656640
-223.3 87.0 2087.7 0 0 0 0 0 0 0 0 0
-192.7 137.2 2084.0 0 0 0 0 0 0 0 0 0
-249.6 -777.8 2336.9 0 0 0 0 0 0 0 0 0
3.4 -796.1 2334.8 0 0 0 0 0 0 0 0 0
-191.2 499.8 2253.3 2 0.9915785193 0.0211877842 -0.1277620196 0.0227241684 0.9427554011 0.3327099681 0.1274977177 -0.3328113258 0.9343345165
-195.6 305.8 2321.7 0.9915785193 0.0211877842 -0.1277620196 0.0227241684 0.9427554011 0.3327099681 0.1274977177 -0.3328113258 0.9343345165
-199.9 119.2 2381.0 0.9914737344 0.0219635461 -0.1284421235 0.0181225985 0.9528713226 0.3028329909 0.1290401071 -0.3025786877 0.9443488717
-336.9 303.2 2303.4 0.0587556958 -0.8569948077 -0.5119645596 0.9981635213 0.0580091216 0.0174509697 0.0147432238 -0.5120496750 0.8588293195
-350.2 77.9 2300.0 -0.5140218139 -0.8569948077 -0.0366261899 -0.0256040264 0.0580091216 -0.9979876876 0.8573948741 -0.5120496750 -0.0517604724
-54.3 308.4 2340.1 0.0891232938 0.7570484877 0.6472515464 -0.9407609105 0.2774244845 -0.1949475259 -0.3271481693 -0.5915346146 0.7369266152
-38.3 139.9 2281.5 -0.6129472852 0.7570484877 0.2262149006 -0.0119013619 0.2774244845 -0.9606737494 -0.7900341749 -0.5915346146 -0.1610366851
-292.6 -67.0 2430.5 0.9204609394 -0.0653236359 -0.3853367865 0.0153574692 0.9912170768 -0.1313499063 0.3905326426 0.1149846688 0.9133798480
-267.0 -455.2 2385.5 0.9217939973 -0.0571492389 -0.3834446669 -0.0044661611 0.9874439240 -0.1579068750 0.3876543641 0.1472701281 0.9099646211
-113.5 -63.1 2454.2 0.9753717184 -0.2060696036 0.0786472484 0.2205657661 0.9097948670 -0.3516021669 0.0009016617 0.3602896929 0.9328400493
-32.8 -419.4 2313.1 0.9953447580 -0.0954248011 -0.0135266287 0.0960356966 0.9938162565 0.0557353646 0.0081244474 -0.0567749441 0.9983539581
-224.7 84.1 2090.8 0 0 0 0 0 0 0 0 0
-191.0 136.9 2084.8 0 0 0 0 0 0 0 0 0
-248.4 -777.9 2337.4 0 0 0 0 0 0 0 0 0
3.3 -795.4 2334.6 0 0 0 0 0 0 0 0 0
-190.9 500.4 2245.8 3 0.9946623445 0.0225575883 -0.1006877869 0.0149102360 0.9341476560 0.3565751910 0.1021007374 -0.3561731875 0.9288251400
-195.6 306.2 2319.8 0.9946623445 0.0225575883 -0.1006877869 0.0149102360 0.9341476560 0.3565751910 0.1021007374 -0.3561731875 0.9288251400
-200.2 120.8 2382.7 0.9945467710 0.0237475894 -0.1015519947 0.0102158012 0.9468649030 0.3214693367 0.1037901416 -0.3207537234 0.9414588213
-337.3 304.7 2305.0 0.0557748526 -0.8588536382 -0.5091754198 0.9984320402 0.0504076965 0.0243424233 0.0047597829 -0.5097347498 0.8603184223
-350.1 75.9 2304.0 -0.5114288926 -0.8588536382 -0.0284771696 -0.0290634949 0.0504076965 -0.9983057380 0.8588339686 -0.5097347498 -0.0507412404
-53.9 307.6 2334.6 0.1182086244 0.7386540174 0.6636391878 -0.9382035136 0.3020017445 -0.1690241545 -0.3252705634 -0.6026484966 0.7287069559
-32.6 138.5 2276.0 -0.6295708418 0.7386540174 0.2408957630 -0.0104185343 0.3020017445 -0.9532504678 -0.7768732309 -0.6026484966 -0.1824357957
-293.8 -69.1 2428.6 0.9299762845 -0.0648885891 -0.3618474603 0.0156870652 0.9904068708 -0.1372885257 0.3672846854 0.1219987422 0.9220728278
-268.4 -457.0 2380.8 0.9303317666 -0.0625658855 -0.3613424599 0.0102853859 0.9894027710 -0.1448322386 0.3665747643 0.1310254782 0.9211162925
-114.6 -65.8 2451.9 0.9732658267 -0.2079600096 0.0975001752 0.2287421525 0.9159725308 -0.3296534121 -0.0207527559 0.3431428075 0.9390539527
-33.1 -424.5 2317.5 0.9950547218 -0.0986784548 0.0113444906 0.0981178358 0.9942724705 0.0423690081 -0.0154604232 -0.0410463847 0.9990376234
-224.6 83.0 2093.2 0 0 0 0 0 0 0 0 0
-190.2 135.9 2081.5 0 0 0 0 0 0 0 0 0
-248.1 -777.7 2338.4 0 0 0 0 0 0 0 0 0
3.5 -793.6 2332.8 0 0 0 0 0 0 0 0 0
-193.5 502.9 2250.5 4 0.9935131669 0.0166696925 -0.1124884784 0.0231190380 0.9389300346 0.3433306515 0.1113420278 -0.3437041640 0.9324539900
-197.0 308.0 2321.9 0.9935131669 0.0166696925 -0.1124884784 0.0231190380 0.9389300346 0.3433306515 0.1113420278 -0.3437041640 0.9324539900
-200.4 122.0 2382.8 0.9934301972 0.0176279135 -0.1130738109 0.0185480006 0.9501993060 0.3110904098 0.1129265279 -0.3111439049 0.9436297417
-338.6 305.4 2305.7 0.0312035512 -0.8711884022 -0.4899562299 0.9993457198 0.0182240587 0.0312406402 -0.0182874929 -0.4906105101 0.8711870909
-345.8 73.2 2310.0 -0.4909401536 -0.8711884022 0.0029245124 -0.0382907577 0.0182240587 -0.9991004467 0.8703514338 -0.4906105101 -0.0423053876
-55.5 310.7 2338.0 0.1685499698 0.7086215019 0.6851616502 -0.9293308258 0.3459244072 -0.1291531324 -0.3285348117 -0.6149731278 0.7168493271
-24.2 138.2 2277.0 -0.6540561318 0.7086215019 0.2647001147 -0.0049311942 0.3459244072 -0.9382494092 -0.7564299107 -0.6149731278 -0.2227596343
-294.7 -65.6 2436.1 0.9274800420 -0.0635622889 -0.3684299588 0.0060147913 0.9878514409 -0.1552845985 0.3738243282 0.1418073326 0.9165948033
-269.8 -452.4 2380.6 0.9269682169 -0.0675493479 -0.3690080941 0.0139461057 0.9891800284 -0.1460424960 0.3748805225 0.1302305311 0.9178804755
-114.9 -63.8 2454.9 0.9737237692 -0.2086822689 0.0911795273 0.2273169458 0.9148136973 -0.3338307142 -0.0137477275 0.3457855582 0.9382128716
-33.2 -422.1 2319.4 0.9954270124 -0.0953482464 0.0058154627 0.0950839818 0.9948350787 0.0355281979 -0.0091729769 -0.0348127708 0.9993517399
-224.1 82.7 2094.2 0 0 0 0 0 0 0 0 0
-189.1 137.0 2086.3 0 0 0 0 0 0 0 0 0
-247.7 -776.0 2338.0 0 0 0 0 0 0 0 0 0
2.5 -794.3 2332.4 0 0 0 0 0 0 0 0 0
-194.3 502.4 2245.9 5 0.9908525348 0.0145898359 -0.1341582537 0.0336791649 0.9359460473 0.3505291939 0.1306790560 -0.3518410623 0.9268931150
-197.4 308.1 2318.9 0.9908525348 0.0145898359 -0.1341582537 0.0336791649 0.9359460473 0.3505291939 0.1306790560 -0.3518410623 0.9268931150
-200.3 122.4 2381.3 0.9907757044 0.0150127299 -0.1346779466 0.0287906546 0.9478349686 0.3174585998 0.1324183941 -0.3184077144 0.9386596084
-338.5 304.0 2300.1 0.0217048433 -0.8739213347 -0.4855825007 0.9984589219 -0.0058649643 0.0551850833 -0.0510753468 -0.4860319793 0.8724472523
-343.6 70.8 2312.0 -0.4852478802 -0.8739213347 0.0282126553 -0.0475113653 -0.0058649643 -0.9988535047 0.8730848432 -0.4860319793 -0.0386752374
-56.2 312.2 2337.8 0.2214923501 0.6680704951 0.7103681564 -0.9207174182 0.3832705021 -0.0733701959 -0.3212796152 -0.6377974153 0.6999956369
-14.7 139.7 2277.6 -0.6920655966 0.6680704951 0.2733624578 0.0051558707 0.3832705021 -0.9236217737 -0.7218162417 -0.6377974153 -0.2686927915
-293.6 -65.8 2433.5 0.9207273126 -0.0597590134 -0.3856035769 0.0037413838 0.9895099998 -0.1444160491 0.3901887536 0.1315251142 0.9112924337
-270.2 -453.3 2382.0 0.9202532768 -0.0691370666 -0.3851675093 0.0108596887 0.9884021282 -0.1514706165 0.3911725879 0.1352085322 0.9103310704
-114.1 -62.5 2453.9 0.9746438265 -0.2099015266 0.0775290728 0.2237598896 0.9157508016 -0.3336645365 -0.0009606099 0.3425519764 0.9394983649
-31.8 -421.2 2319.8 0.9961353540 -0.0876061767 -0.0062901098 0.0877624750 0.9956372380 0.0316889919 0.0034865162 -0.0321185589 0.9994779825
-223.8 82.5 2096.5 0 0 0 0 0 0 0 0 0
-191.2 141.1 2093.6 0 0 0 0 0 0 0 0 0
-247.6 -777.0 2337.7 0 0 0 0 0 0 0 0 0
0.9 -793.4 2331.8 0 0 0 0 0 0 0 0 0
-196.2 506.7 2251.1 6 0.9928913713 0.0157797188 -0.1179735065 0.0243540723 0.9432681799 0.3311375082 0.1165059134 -0.3316566944 0.9361785054
-199.5 310.7 2320.0 0.9928913713 0.0157797188 -0.1179735065 0.0243540723 0.9432681799 0.3311375082 0.1165059134 -0.3316566944 0.9361785054
-202.9 124.1 2379.3 0.9928147197 0.0168900471 -0.1184639707 0.0199043490 0.9528871775 0.3026712835 0.1179949269 -0.3028544188 0.9457041621
-341.0 307.8 2303.2 0.0122999586 -0.8734118342 -0.4868269265 0.9989236593 -0.0110433334 0.0450511202 -0.0447243750 -0.4868570566 0.8723359108
-343.9 68.2 2313.9 -0.4854879379 -0.8734118342 0.0381209552 -0.0585141852 -0.0110433334 -0.9982255101 0.8722829819 -0.4868570566 -0.0457455777
-58.1 313.5 2336.8 0.2733617723 0.6353974938 0.7221795917 -0.9093958139 0.4153888226 -0.0212453827 -0.3134846091 -0.6509394050 0.6913792491
-6.4 141.6 2277.6 -0.7178511024 0.6353974938 0.2845343053 0.0071325051 0.4153888226 -0.9096159935 -0.6961600780 -0.6509394050 -0.3027193248
-292.8 -65.8 2431.7 0.9256270528 -0.0577514954 -0.3740044832 0.0058264937 0.9903448820 -0.1385029852 0.3783921599 0.1260229796 0.9170264602
-270.1 -453.7 2382.3 0.9253427386 -0.0674935579 -0.3730756640 0.0101163564 0.9880717397 -0.1536615491 0.3789966702 0.1384154260 0.9149878025
-113.7 -60.6 2455.6 0.9741061330 -0.2089259177 0.0864128023 0.2259321809 0.9138479233 -0.3373968899 -0.0084772035 0.3481838405 0.9373879433
-31.9 -418.6 2319.3 0.9960941672 -0.0882958323 0.0005517188 0.0882220790 0.9954815507 0.0351191275 -0.0036500981 -0.0349332802 0.9993829727
-223.7 82.7 2097.9 0 0 0 0 0 0 0 0 0
-190.5 143.4 2099.1 0 0 0 0 0 0 0 0 0
-248.0 -777.5 2337.0 0 0 0 0 0 0 0 0 0
1.3 -792.6 2332.4 0 0 0 0 0 0 0 0 0
-197.0 508.0 2252.2 7 0.9898986220 0.0090965480 -0.1414850503 0.0377287492 0.9450541139 0.3247294724 0.1366649419 -0.3267873228 0.9351645708
-198.9 311.7 2320.1 0.9898986220 0.0090965480 -0.1414850503 0.0377287492 0.9450541139 0.3247294724 0.1366649419 -0.3267873228 0.9351645708
-201.0 124.7 2378.3 0.9898369312 0.0108636376 -0.1417914927 0.0318593867 0.9547923207 0.2955615520 0.1385923028 -0.2970751524 0.9447425604
-339.9 307.2 2300.3 -0.0008896532 -0.8816820979 -0.4718430936 0.9977726340 -0.0322547443 0.0583896600 -0.0667002946 -0.4707401991 0.8797469735
-339.7 70.5 2316.2 -0.4689146280 -0.8816820979 0.0524954870 -0.0510991253 -0.0322547443 -0.9981725812 0.8817641139 -0.4707401991 -0.0299284626
-57.9 316.2 2339.8 0.3136239350 0.5914977193 0.7428125143 -0.8850985169 0.4653932750 0.0031084835 -0.3438613117 -0.6584371924 0.6694922447
3.1 144.3 2273.0 -0.7446945310 0.5914977193 0.3091285825 0.0022411970 0.4653932750 -0.8851011395 -0.6674017310 -0.6584371924 -0.3479014933
-295.9 -64.3 2428.0 0.9175659418 -0.0661726072 -0.3920381069 0.0143030630 0.9909077883 -0.1337802261 0.3973262012 0.1171448454 0.9101697206
-270.0 -452.5 2382.1 0.9179123044 -0.0685623437 -0.3908147812 0.0094681596 0.9884620905 -0.1511722207 0.3966703117 0.1350625455 0.9079706669
-116.5 -60.7 2449.3 0.9736821651 -0.2180172652 0.0664189681 0.2277330011 0.9192082882 -0.3212378919 0.0089825429 0.3279094100 0.9446664453
-31.1 -420.7 2320.9 0.9963545203 -0.0838790461 -0.0155569371 0.0842784047 0.9960739017 0.0270902924 0.0132235512 -0.0283026490 0.9995119572
-223.3 83.1 2097.3 0 0 0 0 0 0 0 0 0
-189.5 144.9 2100.4 0 0 0 0 0 0 0 0 0
-247.5 -777.4 2337.7 0 0 0 0 0 0 0 0 0
0.1 -791.6 2331.4 0 0 0 0 0 0 0 0 0
-199.0 513.2 2253.7 8 0.9928645492 0.0066783172 -0.1190602407 0.0315917991 0.9480241537 0.3166261613 0.1149865165 -0.3181281984 0.9410486221
-200.4 316.1 2319.9 0.9928645492 0.0066783172 -0.1190602407 0.0315917991 0.9480241537 0.3166261613 0.1149865165 -0.3181281984 0.9410486221
-201.9 128.7 2376.5 0.9928314686 0.0076881056 -0.1192750633 0.0272035263 0.9572026134 0.2881372869 0.1163856387 -0.2893164754 0.9501317739
-341.8 312.2 2303.3 -0.0036071304 -0.8749164939 -0.4842604101 0.9994724989 -0.0187842175 0.0264927577 -0.0322754048 -0.4839093983 0.8745227456
-340.9 68.7 2311.2 -0.4813774526 -0.8749164939 0.0528857112 -0.0753903762 -0.0187842175 -0.9969771504 0.8732651472 -0.4839093983 -0.0569179803
-58.9 320.0 2336.4 0.3524373770 0.5524122715 0.7553996444 -0.8632099628 0.5036709905 0.0344101638 -0.3614642918 -0.6641958952 0.6543602943
8.2 155.6 2267.6 -0.7612165809 0.5524122715 0.3396910727 -0.0198967401 0.5036709905 -0.8636664152 -0.6481924653 -0.6641958952 -0.3724115193
