-50.1 485.2 2479.4 5 0.9513639212 0.1244553924 -0.2818110883 -0.0846365020 0.9851557612 0.1493476927 0.2962149680 -0.1182325110 0.9477751851
-75.3 285.1 2503.4 0.9513639212 0.1244553924 -0.2818110883 -0.0846365020 0.9851557612 0.1493476927 0.2962149680 -0.1182325110 0.9477751851
-97.2 88.6 2523.3 0.9524080753 0.1097665206 -0.2843768001 -0.0758364126 0.9889062643 0.1277234554 0.2952417433 -0.1000787392 0.9501665831
-214.5 296.2 2460.3 0.7308309674 -0.1233257651 -0.6713246703 0.3177941740 0.9319139719 0.1747661531 0.6040636897 -0.3410675824 0.7202638388
-349.3 237.6 2348.8 -0.9630686641 -0.1233257651 -0.2393523008 -0.0294978488 0.9319139719 -0.3614778221 0.2676352859 -0.3410675824 -0.9011349678
63.8 274.0 2546.5 -0.1681801528 0.8818243742 0.4405692220 -0.8085620403 0.1322476864 -0.5733567476 -0.5638641715 -0.4526547790 0.6907683015
23.1 78.4 2410.1 -0.4316883385 0.8818243742 -0.1898182929 0.6127429008 0.1322476864 -0.7791384459 -0.6619602442 -0.4526547790 -0.5974214077
-205.4 -100.3 2515.2 0.9505282640 0.0734313503 -0.3018342257 -0.0554342940 0.9961592555 0.0677771196 0.3056519330 -0.0476920977 0.9509481192
-234.6 -496.1 2534.1 0.9481974840 0.0695113689 -0.3099834323 -0.1069405675 0.9886611700 -0.1054171920 0.2991409004 0.1331061274 0.9448795915
-31.7 -113.0 2572.6 0.8977341652 0.0571694337 -0.4368123114 -0.0759438500 0.9967828393 -0.0256217141 0.4339422584 0.0561746992 0.8991876841
-54.4 -509.1 2550.3 0.8849479556 -0.1514610946 -0.4403710365 0.1052877977 0.9862189889 -0.1276187152 0.4536315501 0.0665702224 0.8886995316
-132.7 244.2 2288.6 0 0 0 0 0 0 0 0 0
-86.0 233.1 2242.9 0 0 0 0 0 0 0 0 0
-256.8 -812.3 2491.6 0 0 0 0 0 0 0 0 0
-7.2 -816.2 2529.5 0 0 0 0 0 0 0 0 0
-48.8 480.7 2480.6 6 0.9522008300 0.1307124048 -0.2760939002 -0.0928065032 0.9848909974 0.1462076753 0.2910335362 -0.1135957614 0.9499449730
-75.4 280.9 2503.6 0.9522008300 0.1307124048 -0.2760939002 -0.0928065032 0.9848909974 0.1462076753 0.2910335362 -0.1135957614 0.9499449730
-98.5 84.4 2522.6 0.9532672763 0.1165666282 -0.2787359059 -0.0842955634 0.9885537624 0.1251226366 0.2901305556 -0.0957791209 0.9521820545
-214.6 293.2 2461.2 0.6925716400 -0.1512875855 -0.7053059936 0.2933715880 0.9523183107 0.0838032141 0.6589974165 -0.2649564743 0.7039321661
-348.9 236.3 2333.5 -0.9616166353 -0.1512875855 -0.2289224118 -0.0797139108 0.9523183107 -0.2945090234 0.2625625730 -0.2649564743 -0.9278248549
63.9 268.6 2546.0 -0.1836910993 0.8871963024 0.4232496321 -0.8023291826 0.1134412363 -0.5860025883 -0.5679132938 -0.4472289979 0.6909853220
20.7 79.9 2412.5 -0.4144109190 0.8871963024 -0.2028454244 0.6220636964 0.1134412363 -0.7747049928 -0.6643043756 -0.4472289979 -0.5989039540
-206.3 -100.9 2516.1 0.9520684481 0.0807126909 -0.2950442433 -0.0580188856 0.9946995378 0.0848921016 0.3003322482 -0.0637049526 0.9517049193
-238.4 -496.1 2541.4 0.9503522515 0.0586583018 -0.3055974841 -0.1051159203 0.9848592281 -0.1378511935 0.2928843796 0.1631303579 0.9421290755
-31.6 -114.8 2570.2 0.8995111585 0.0640830770 -0.4321724474 -0.0810950249 0.9964845181 -0.0210288428 0.4293055534 0.0539627150 0.9015457630
-57.1 -510.8 2548.8 0.8849027157 -0.1620780677 -0.4366667867 0.1137042418 0.9843100309 -0.1349264085 0.4516841173 0.0697458833 0.8894475698
-132.7 254.2 2274.5 0 0 0 0 0 0 0 0 0
-83.9 236.9 2244.8 0 0 0 0 0 0 0 0 0
-257.2 -812.9 2488.9 0 0 0 0 0 0 0 0 0
-6.8 -816.2 2527.1 0 0 0 0 0 0 0 0 0
-47.6 480.6 2481.2 7 0.9505568743 0.1364535242 -0.2789661586 -0.0990193188 0.9845822453 0.1441975534 0.2943413854 -0.1094449311 0.9494129419
-75.4 280.1 2503.4 0.9505568743 0.1364535242 -0.2789661586 -0.0990193188 0.9845822453 0.1441975534 0.2943413854 -0.1094449311 0.9494129419
-99.6 83.8 2522.2 0.9518007040 0.1219732687 -0.2814213037 -0.0895246714 0.9880515933 0.1254568696 0.2933611274 -0.0942157805 0.9513477683
-214.4 293.2 2460.6 0.6819906235 -0.1582377851 -0.7140375376 0.2783928216 0.9589828849 0.0533781014 0.6763033271 -0.2351862937 0.6980696321
-350.1 237.8 2326.1 -0.9637337923 -0.1582377851 -0.2148905247 -0.0981626436 0.9589828849 -0.2659246027 0.2481556684 -0.2351862937 -0.9397372603
63.6 267.0 2546.3 -0.1810841411 0.8896612525 0.4191794097 -0.8182889819 0.1001325101 -0.5660182238 -0.5455379486 -0.4455068111 0.7098675966
21.1 74.9 2418.2 -0.4026832879 0.8896612525 -0.2152881771 0.6320537329 0.1001325101 -0.7684279680 -0.6620832682 -0.4455068111 -0.6026353836
-209.1 -104.3 2515.1 0.9515666962 0.0727068409 -0.2987214327 -0.0524015389 0.9957724214 0.0754412115 0.3029436469 -0.0561338849 0.9513538480
-238.0 -499.9 2537.4 0.9497523308 0.0597048178 -0.3072552979 -0.1033304408 0.9864119887 -0.1277269423 0.2954544127 0.1530577987 0.9430164099
-34.3 -119.7 2568.3 0.8989186287 0.0557227209 -0.4345574975 -0.0647263974 0.9978854060 -0.0059344913 0.4333079159 0.0334619656 0.9006245136
-56.4 -516.2 2555.0 0.8840938807 -0.1628275812 -0.4380241632 0.1051791832 0.9826161861 -0.1529795676 0.4553189278 0.0891772807 0.8858510852
-132.6 260.0 2270.0 0 0 0 0 0 0 0 0 0
-82.3 237.2 2248.2 0 0 0 0 0 0 0 0 0
-257.2 -817.8 2488.1 0 0 0 0 0 0 0 0 0
-6.3 -818.9 2527.5 0 0 0 0 0 0 0 0 0
-44.5 480.1 2482.0 8 0.9497987032 0.1516172737 -0.2736688256 -0.1150411516 0.9826962948 0.1451673657 0.2909432352 -0.1063966006 0.9508058429
-75.4 280.0 2503.6 0.9497987032 0.1516172737 -0.2736688256 -0.1150411516 0.9826962948 0.1451673657 0.2909432352 -0.1063966006 0.9508058429
-102.7 84.1 2522.5 0.9513117671 0.1374499500 -0.2758865356 -0.1047364399 0.9859582186 0.1300639808 0.2898899019 -0.0948360264 0.9523497224
-214.3 295.3 2461.3 0.6478739977 -0.1071723178 -0.7541706562 0.2732423544 0.9568626881 0.0987540707 0.7110540867 -0.2700515687 0.6492104530
-344.5 240.4 2318.4 -0.9707009792 -0.1071723178 -0.2150668204 -0.0419472679 0.9568626881 -0.2874964178 0.2366010845 -0.2700515687 -0.9333231449
63.6 264.7 2546.0 -0.1194620579 0.8362568021 0.5351666212 -0.8673731685 0.1743800789 -0.4661066234 -0.4831072390 -0.5198712349 0.7045149207
35.0 56.8 2430.2 -0.5108315945 0.8362568021 -0.1993128061 0.5923674703 0.1743800789 -0.7865700126 -0.6230183840 -0.5198712349 -0.5844501853
-211.2 -104.3 2514.0 0.9530700445 0.0694828779 -0.2946687341 -0.0504467487 0.9961476922 0.0717277676 0.2985174358 -0.0534965023 0.9529036880
-238.8 -500.2 2535.2 0.9514262080 0.0571094491 -0.3025338352 -0.0979077518 0.9877574444 -0.1214466318 0.2918943167 0.1451679170 0.9453697801
-36.6 -120.8 2567.8 0.9003218412 0.0547115989 -0.4317722321 -0.0637131035 0.9979477525 -0.0063991672 0.4305360317 0.0332708620 0.9019599557
-58.3 -517.3 2554.6 0.8849176764 -0.1659796983 -0.4351683259 0.1116783991 0.9827039242 -0.1477191746 0.4521600008 0.0821204111 0.8881484270
-111.0 250.5 2261.5 0 0 0 0 0 0 0 0 0
-96.4 209.1 2270.0 0 0 0 0 0 0 0 0 0
-257.2 -818.1 2488.5 0 0 0 0 0 0 0 0 0
-7.3 -819.3 2529.3 0 0 0 0 0 0 0 0 0
-43.5 481.4 2480.4 9 0.9534611702 0.1539198309 -0.2592690885 -0.1194295287 0.9823464751 0.1439862400 0.2768544257 -0.1063208953 0.9550117850
-74.9 280.9 2502.1 0.9534611702 0.1539198309 -0.2592690885 -0.1194295287 0.9823464751 0.1439862400 0.2768544257 -0.1063208953 0.9550117850
-102.6 85.1 2521.4 0.9551868439 0.1393938512 -0.2611272037 -0.1078523323 0.9854289293 0.1315206140 0.2756554782 -0.0974635780 0.9563027024
-214.4 296.7 2461.8 0.5921502113 -0.0365759470 -0.8049970865 0.2808198035 0.9457142353 0.1635994762 0.7553134561 -0.3229345977 0.5702761412
-332.8 240.5 2310.8 -0.9805207253 -0.0365759470 -0.1929801553 0.0284414180 0.9457142353 -0.3237524331 0.1943456382 -0.3229345977 -0.9262521267
64.6 265.1 2542.3 -0.1093462035 0.8111083508 0.5745838881 -0.9051254988 0.1576714516 -0.3948260248 -0.4108421803 -0.5632432103 0.7169140577
37.4 39.5 2439.9 -0.5344062448 0.8111083508 -0.2377249748 0.5911709070 0.1576714516 -0.7909846306 -0.6040918231 -0.5632432103 -0.5637642741
-217.2 -102.2 2514.7 0.9581210017 0.0561491959 -0.2808049619 -0.0401901715 0.9972493649 0.0622770414 0.2835294008 -0.0483833402 0.9577422142
-239.5 -498.5 2534.0 0.9564282298 0.0570984297 -0.2863299251 -0.0947024599 0.9883379936 -0.1192455217 0.2761819959 0.1411659271 0.9506816864
-42.7 -121.4 2567.9 0.9070068002 0.0413359068 -0.4190822840 -0.0555130169 0.9982224107 -0.0216860883 0.4174409211 0.0429339521 0.9076892138
-59.2 -518.1 2550.9 0.8907333612 -0.1712083369 -0.4210484326 0.1239958256 0.9827392101 -0.1372904480 0.4372860789 0.0700809360 0.8965877295
-87.6 233.4 2262.2 0 0 0 0 0 0 0 0 0
-101.0 192.6 2283.4 0 0 0 0 0 0 0 0 0
-257.8 -814.5 2488.8 0 0 0 0 0 0 0 0 0
-6.8 -818.4 2529.4 0 0 0 0 0 0 0 0 0
-44.0 482.3 2479.6 0 0.9551438689 0.1597705632 -0.2493461668 -0.1253890544 0.9809688330 0.1482490748 0.2682866454 -0.1103339195 0.9569998384
-76.7 281.9 2502.1 0.9551438689 0.1597705632 -0.2493461668 -0.1253890544 0.9809688330 0.1482490748 0.2682866454 -0.1103339195 0.9569998384
-105.6 86.3 2522.2 0.9568902254 0.1456476599 -0.2512923479 -0.1141527966 0.9841480255 0.1357270032 0.2670771778 -0.1011901200 0.9583477378
-216.4 298.6 2463.1 0.5467953086 -0.0070986492 -0.8372362256 0.2954045236 0.9372931123 0.1849803925 0.7834226489 -0.3484697640 0.5146044493
-326.1 239.3 2306.0 -0.9852150083 -0.0070986492 -0.1711752713 0.0530969389 0.9372931123 -0.3444739282 0.1628867090 -0.3484697640 -0.9230583906
63.1 265.2 2541.1 -0.0849063769 0.8335440159 0.5458894372 -0.9220163226 0.1419659108 -0.3601826429 -0.3777257800 -0.5339007974 0.7564873695
41.6 31.3 2445.3 -0.5046280026 0.8335440159 -0.2248443216 0.5889811516 0.1419659108 -0.7955795527 -0.6312303543 -0.5339007974 -0.5625817180
-217.8 -100.8 2515.5 0.9610556960 0.0516946912 -0.2714767456 -0.0349032804 0.9971874952 0.0663235709 0.2741417885 -0.0542652160 0.9601570368
-238.4 -497.1 2537.1 0.9593241215 0.0578377061 -0.2763186693 -0.0989945605 0.9855566621 -0.1373976469 0.2643809617 0.1591629237 0.9511939287
-42.7 -120.6 2566.1 0.9107930064 0.0402450897 -0.4108971357 -0.0525047258 0.9984476566 -0.0185893755 0.4095111489 0.0385051146 0.9114921689
-58.7 -517.4 2550.8 0.8951979280 -0.1680027694 -0.4127902389 0.1225330085 0.9833124876 -0.1344700605 0.4284931421 0.0697968900 0.9008451700
-73.7 225.7 2264.3 0 0 0 0 0 0 0 0 0
-82.4 176.1 2290.2 0 0 0 0 0 0 0 0 0
-257.0 -814.9 2485.8 0 0 0 0 0 0 0 0 0
-7.5 -817.0 2529.5 0 0 0 0 0 0 0 0 0
-44.4 483.7 2479.2 1 0.9529513717 0.1609310508 -0.2568753064 -0.1253730059 0.9808021784 0.1493610144 0.2759806812 -0.1101285592 0.9548331499
-77.2 283.8 2501.6 0.9529513717 0.1609310508 -0.2568753064 -0.1253730059 0.9808021784 0.1493610144 0.2759806812 -0.1101285592 0.9548331499
-106.3 88.3 2522.1 0.9548332095 0.1464711428 -0.2585337758 -0.1133458540 0.9838180542 0.1387616098 0.2746747732 -0.1031904668 0.9559840560
-216.7 300.4 2461.5 0.5419878364 0.0219398588 -0.8400998712 0.3048934042 0.9264153242 0.2208950818 0.7831278443 -0.3758633435 0.4954165220
-324.0 240.0 2306.4 -0.9868161678 0.0219398588 -0.1603512764 0.0803663060 0.9264153242 -0.3678258657 0.1404818445 -0.3758633435 -0.9159648418
62.3 267.3 2541.7 -0.0837699994 0.8388159871 0.5379315019 -0.9253178835 0.1348662376 -0.3543979824 -0.3698235154 -0.5274455547 0.7648736835
40.5 26.4 2445.5 -0.4836893976 0.8388159871 -0.2498644739 0.6292727590 0.1348662376 -0.7653933167 -0.6083258986 -0.5274455547 -0.5930774212
-222.3 -98.8 2517.8 0.9591217041 0.0458324403 -0.2792578638 -0.0305797551 0.9978051186 0.0587347485 0.2813368738 -0.0477941334 0.9584181309
-240.5 -495.3 2536.8 0.9576811194 0.0530666970 -0.2828972042 -0.0929839388 0.9871978164 -0.1295934767 0.2723984122 0.1504141241 0.9503550529
-46.8 -119.7 2566.8 0.9078449607 0.0333111286 -0.4179807007 -0.0462783799 0.9987094402 -0.0209231079 0.4167443216 0.0383384079 0.9082149267
-60.0 -516.6 2551.6 0.8914296627 -0.1724184453 -0.4190764427 0.1275665760 0.9828686714 -0.1330259889 0.4348332286 0.0651231632 0.8981531262
-66.7 219.1 2269.8 0 0 0 0 0 0 0 0 0
-81.6 185.3 2291.9 0 0 0 0 0 0 0 0 0
-257.8 -816.9 2487.8 0 0 0 0 0 0 0 0 0
-7.5 -815.9 2531.8 0 0 0 0 0 0 0 0 0
-40.7 482.2 2478.5 2 0.9508212209 0.1760074049 -0.2548733354 -0.1388532519 0.9777556062 0.1572059989 0.2768732607 -0.1140848100 0.9541099668
-76.6 282.7 2501.7 0.9508212209 0.1760074049 -0.2548733354 -0.1388532519 0.9777556062 0.1572059989 0.2768732607 -0.1140848100 0.9541099668
-108.5 87.8 2522.8 0.9530103207 0.1605200917 -0.2569136024 -0.1261094064 0.9813134074 0.1453287899 0.2754409313 -0.1061006188 0.9554448724
-215.8 301.2 2461.5 0.5390352011 0.0366330706 -0.8414862156 0.3085658550 0.9210101962 0.2377546728 0.7837271094 -0.3878120482 0.4851532280
-323.7 239.4 2304.6 -0.9880889654 0.0366330706 -0.1494597197 0.0914225280 0.9210101962 -0.3786582649 0.1237825081 -0.3878120482 -0.9133891463
62.6 264.3 2542.0 -0.0828864500 0.8455205560 0.5274701715 -0.9293666482 0.1254781485 -0.3471783996 -0.3597324491 -0.5189896226 0.7753981948
41.1 23.6 2448.8 -0.4623346925 0.8455205560 -0.2670984864 0.6582804322 0.1254781485 -0.7422412634 -0.5940652490 -0.5189896226 -0.6146025658
-223.0 -96.8 2517.4 0.9590663314 0.0475799739 -0.2791557610 -0.0324431807 0.9977543354 0.0585979708 0.2813169658 -0.0471426398 0.9584562182
-241.9 -493.3 2536.2 0.9576217532 0.0528750718 -0.2831339240 -0.0923905671 0.9874510765 -0.1280795634 0.2728086710 0.1488106698 0.9504897594
-47.8 -117.6 2567.8 0.9070703983 0.0376564935 -0.4192913771 -0.0545579717 0.9981070161 -0.0283876918 0.4174286723 0.0486253239 0.9074077606
-62.8 -514.2 2548.5 0.8885993361 -0.1822311580 -0.4209311604 0.1385191381 0.9814590216 -0.1324786991 0.4372684360 0.0594134629 0.8973663449
-63.1 215.3 2271.9 0 0 0 0 0 0 0 0 0
-77.2 192.1 2296.7 0 0 0 0 0 0 0 0 0
-259.2 -817.4 2487.3 0 0 0 0 0 0 0 0 0
-6.7 -816.1 2530.2 0 0 0 0 0 0 0 0 0
-38.5 486.6 2478.6 3 0.9491947889 0.1780001670 -0.2595095038 -0.1413000971 0.9779244065 0.1539419293 0.2811823785 -0.1094521657 0.9533922076
-75.2 285.2 2501.2 0.9491947889 0.1780001670 -0.2595095038 -0.1413000971 0.9779244065 0.1539419293 0.2811823785 -0.1094521657 0.9533922076
-107.6 90.2 2521.7 0.9513972998 0.1630905569 -0.2612368166 -0.1286497712 0.9811764359 0.1440209448 0.2798078656 -0.1034130752 0.9544701576
-214.2 304.0 2460.3 0.5373873711 0.0142991599 -0.8432142735 0.3533305228 0.9040530324 0.2405113131 0.7657495141 -0.4271810949 0.4807743430
-323.0 232.4 2305.3 -0.9881899953 0.0142991599 -0.1525649875 0.0779633448 0.9040530324 -0.4202497602 0.1319176108 -0.4271810949 -0.8944909573
63.8 266.4 2542.0 -0.0954741836 0.8465154767 0.5237330198 -0.9310994148 0.1101318076 -0.3477424979 -0.3520490825 -0.5208479166 0.7776752710
38.7 21.8 2449.6 -0.4477073252 0.8465154767 -0.2880446911 0.6766359210 0.1101318076 -0.7280349135 -0.5845699310 -0.5208479166 -0.6220895648
-227.8 -95.7 2518.6 0.9581001401 0.0375278965 -0.2839643955 -0.0240723006 0.9984223247 0.0507282428 0.2854201198 -0.0417670608 0.9574919343
-242.7 -492.4 2535.2 0.9569659829 0.0483265035 -0.2861479521 -0.0872629508 0.9883219004 -0.1249197572 0.2767693698 0.1445140690 0.9500075579
-53.0 -118.8 2569.2 0.9054831862 0.0193974879 -0.4239386022 -0.0381824709 0.9986271262 -0.0358606875 0.4226609766 0.0486582704 0.9049807191
-60.7 -515.6 2549.8 0.8893013597 -0.1717831045 -0.4238320589 0.1269615144 0.9830779433 -0.1320549995 0.4393447638 0.0636263341 0.8960624337
-62.1 211.9 2270.4 0 0 0 0 0 0 0 0 0
-76.8 196.3 2298.8 0 0 0 0 0 0 0 0 0
-258.6 -817.3 2487.7 0 0 0 0 0 0 0 0 0
-8.4 -814.9 2530.5 0 0 0 0 0 0 0 0 0
-38.6 486.7 2478.7 4 0.9423801303 0.1811778843 -0.2812369466 -0.1376631856 0.9761968851 0.1675961614 0.3049073517 -0.1192233190 0.9448900819
-75.7 286.9 2503.1 0.9423801303 0.1811778843 -0.2812369466 -0.1376631856 0.9761968851 0.1675961614 0.3049073517 -0.1192233190 0.9448900819
-108.6 92.1 2524.8 0.9444847703 0.1656280756 -0.2837531865 -0.1257911474 0.9801246524 0.1534020901 0.3035212159 -0.1091922969 0.9465473890
-213.6 305.2 2458.8 0.5463700294 0.0063164798 -0.8375200629 0.3722034693 0.8939724565 0.2495553195 0.7502961755 -0.4480774403 0.4860887527
-325.2 229.2 2305.5 -0.9885105491 0.0063164798 -0.1510199755 0.0732534528 0.8939724565 -0.4420941174 0.1322152168 -0.4480774403 -0.8841638565
62.3 268.5 2547.4 -0.0803307667 0.8347591758 0.5447238088 -0.9287663698 0.1357073635 -0.3449298143 -0.3618563712 -0.5336296558 0.7643947601
40.9 21.1 2451.0 -0.4784956574 0.8347591758 -0.2724316120 0.6583049893 0.1357073635 -0.7404174805 -0.5810993314 -0.5336296558 -0.6144615412
-227.3 -93.0 2516.6 0.9508927464 0.0447784476 -0.3062643707 -0.0253313519 0.9974191189 0.0671820939 0.3084822297 -0.0561248772 0.9495729208
-245.1 -489.3 2538.9 0.9501842856 0.0400094017 -0.3091101050 -0.0835809484 0.9881125093 -0.1290268749 0.3002732694 0.1484350264 0.9422329664
-52.8 -116.6 2567.9 0.8952471614 0.0162106212 -0.4452749491 -0.0318929739 0.9991059899 -0.0277490709 0.4444270432 0.0390434191 0.8949638009
-59.2 -513.6 2552.4 0.8813054562 -0.1607161760 -0.4443770945 0.1105176508 0.9844081998 -0.1368443817 0.4594415426 0.0714901835 0.8853262663
-65.9 210.0 2270.9 0 0 0 0 0 0 0 0 0
-82.9 191.4 2300.7 0 0 0 0 0 0 0 0 0
-258.4 -818.8 2489.4 0 0 0 0 0 0 0 0 0
-10.0 -815.3 2530.5 0 0 0 0 0 0 0 0 0
-40.4 483.2 2479.7 5 0.9520152211 0.1830603778 -0.2452670038 -0.1462206542 0.9760710597 0.1609496772 0.2688615322 -0.1173634380 0.9560016990
-77.9 283.6 2503.7 0.9520152211 0.1830603778 -0.2452670038 -0.1462206542 0.9760710597 0.1609496772 0.2688615322 -0.1173634380 0.9560016990
-111.1 88.8 2525.0 0.9543133974 0.1669971645 -0.2477860600 -0.1333781630 0.9801217914 0.1468726695 0.2673878372 -0.1071133092 0.9576171041
-217.2 303.0 2464.7 0.5248803496 -0.0050581973 -0.8511610031 0.3677487671 0.9031823874 0.2214100957 0.7676336765 -0.4292272031 0.4759228528
-324.9 227.6 2307.2 -0.9886008501 -0.0050581973 -0.1504751295 0.0600731634 0.9031823874 -0.4250327051 0.1380563974 -0.4292272031 -0.8925830126
61.4 264.1 2542.8 -0.0684476644 0.8414964080 0.5359092951 -0.9275998473 0.1440599114 -0.3446813524 -0.3672511578 -0.5207020044 0.7707113624
44.3 32.3 2451.0 -0.5036504269 0.8414964080 -0.1954995990 0.5579360127 0.1440599114 -0.8172845840 -0.6595783830 -0.5207020044 -0.5420569777
-228.1 -91.1 2518.6 0.9615356326 0.0452521481 -0.2709270418 -0.0314870439 0.9979929328 0.0549424998 0.2728695273 -0.0442984812 0.9610306025
-246.1 -487.7 2536.3 0.9606534839 0.0412032604 -0.2746765912 -0.0754538327 0.9904588461 -0.1153168902 0.2673044205 0.1315049678 0.9545966387
-54.9 -114.2 2574.3 0.9108869433 0.0139288362 -0.4124208689 -0.0375963598 0.9980747700 -0.0493282825 0.4109397829 0.0604380108 0.9096569419
-60.5 -510.7 2550.3 0.8956638575 -0.1671170294 -0.4121385515 0.1224361509 0.9835593700 -0.1327414960 0.4275461137 0.0684310943 0.9013997316
-67.2 211.9 2271.2 0 0 0 0 0 0 0 0 0
-83.9 174.4 2283.0 0 0 0 0 0 0 0 0 0
-259.9 -818.7 2492.3 0 0 0 0 0 0 0 0 0
-8.7 -815.2 2529.1 0 0 0 0 0 0 0 0 0
-42.2 479.6 2465.7 6 0.9672144651 0.1826694012 -0.1764316559 -0.1489178240 0.9706917405 0.1886294484 0.2057175636 -0.1561713070 0.9660697579
-79.5 281.1 2497.7 0.9672144651 0.1826694012 -0.1764316559 -0.1489178240 0.9706917405 0.1886294484 0.2057175636 -0.1561713070 0.9660697579
-112.8 87.3 2525.5 0.9691696763 0.1685428321 -0.1797316223 -0.1380822510 0.9756623507 0.1703416109 0.2040672302 -0.1402721852 0.9688551426
-220.7 301.4 2467.9 0.5857731700 -0.0342400633 -0.8097514510 0.3348559141 0.9200698733 0.2033295035 0.7380659580 -0.3902550340 0.5504177213
-344.5 230.6 2312.0 -0.9869229794 -0.0342400633 -0.1575141549 0.0304150693 0.9200698733 -0.3905717731 0.1582972407 -0.3902550340 -0.9069966674
61.7 260.9 2527.4 -0.0642108992 0.8241323233 0.5627458692 -0.9420709014 0.1359695643 -0.3066182137 -0.3292102814 -0.5498347282 0.7676603198
46.0 31.1 2447.1 -0.5221936703 0.8241323233 -0.2193620205 0.5583695173 0.1359695643 -0.8183738589 -0.6446217895 -0.5498347282 -0.5311728120
-231.7 -93.7 2521.8 0.9781230688 0.0351270549 -0.2050398141 -0.0269883890 0.9987379909 0.0423564501 0.2062689215 -0.0358961262 0.9778366685
-245.7 -490.6 2536.1 0.9771851897 0.0428327136 -0.2080250233 -0.0694847107 0.9900267124 -0.1225521192 0.2007010877 0.1342106760 0.9704156518
-56.8 -118.2 2570.8 0.9368981719 0.0075440337 -0.3495208919 -0.0253621489 0.9985995293 -0.0464300811 0.3486811221 0.0523648597 0.9357774258
-59.8 -515.0 2550.0 0.9223605394 -0.1653628200 -0.3491507173 0.1315693408 0.9841918945 -0.1185573488 0.3632362783 0.0634150878 0.9295364022
-87.8 222.7 2270.8 0 0 0 0 0 0 0 0 0
-88.3 174.7 2281.3 0 0 0 0 0 0 0 0 0
-259.8 -817.7 2491.7 0 0 0 0 0 0 0 0 0
-9.3 -815.9 2530.6 0 0 0 0 0 0 0 0 0
-39.3 487.6 2464.3 7 0.9698755145 0.1854343414 -0.1579734534 -0.1537774652 0.9690064192 0.1933367550 0.1889285594 -0.1632198244 0.9683311582
-77.3 289.1 2497.7 0.9698755145 0.1854343414 -0.1579734534 -0.1537774652 0.9690064192 0.1933367550 0.1889285594 -0.1632198244 0.9683311582
-110.7 95.6 2527.6 0.9724617600 0.1687134951 -0.1607915759 -0.1395875365 0.9741026759 0.1778744906 0.1866373271 -0.1505316347 0.9708278775
-219.2 309.6 2470.5 0.5744243264 -0.1075025499 -0.8114677072 0.3878751695 0.9087246060 0.1541832238 0.7208256125 -0.4033147693 0.5636910796
-344.5 225.0 2313.3 -0.9807363153 -0.1075025499 -0.1630934775 -0.0303814411 0.9087246060 -0.4162890613 0.1929591894 -0.4033147693 -0.8944852948
64.5 268.7 2524.9 -0.0796125457 0.8358882666 0.5430954695 -0.9397650361 0.1187500656 -0.3205308914 -0.3324206173 -0.5359004140 0.7760845423
44.7 34.3 2442.0 -0.5021827221 0.8358882666 -0.2215928286 0.5595896840 0.1187500656 -0.8202181458 -0.6592965722 -0.5359004140 -0.5273886323
-234.7 -93.8 2534.7 0.9819211364 0.0245492756 -0.1876918525 -0.0240108091 0.9996984601 0.0051422142 0.1877614856 -0.0005426156 0.9822145104
-244.5 -490.8 2535.0 0.9808970094 0.0448445454 -0.1892881691 -0.0683641359 0.9904640913 -0.1196126789 0.1821191609 0.1302682459 0.9746090770
-57.4 -119.2 2572.1 0.9432358146 0.0120872669 -0.3319037259 -0.0290331412 0.9985127449 -0.0461453348 0.3308523297 0.0531621426 0.9421839118
-62.2 -516.0 2551.0 0.9273965955 -0.1726952493 -0.3318311572 0.1385285109 0.9825412035 -0.1241876781 0.3474844098 0.0692031607 0.9351286292
-91.7 232.8 2263.5 0 0 0 0 0 0 0 0 0
-83.2 176.8 2274.2 0 0 0 0 0 0 0 0 0
-259.2 -816.9 2492.1 0 0 0 0 0 0 0 0 0
-9.6 -815.4 2529.9 0 0 0 0 0 0 0 0 0
-38.8 489.3 2463.5 8 0.9722340107 0.1815090179 -0.1477006525 -0.1509486139 0.9687399864 0.1968688369 0.1788170040 -0.1691073626 0.9692404866
-75.9 291.1 2498.1 0.9722340107 0.1815090179 -0.1477006525 -0.1509486139 0.9687399864 0.1968688369 0.1788170040 -0.1691073626 0.9692404866
-109.3 97.6 2528.9 0.9742023349 0.1680352092 -0.1506453454 -0.1400114894 0.9735575318 0.1805062145 0.1769933105 -0.1547574848 0.9719688892
-218.1 311.6 2472.3 0.5767509341 -0.1499557793 -0.8030389547 0.3958526254 0.9111912847 0.1141538471 0.7146040797 -0.3837234378 0.5848908424
-347.4 222.8 2312.1 -0.9768151045 -0.1499557793 -0.1527923942 -0.0765620619 0.9111912847 -0.4048069417 0.1999262422 -0.3837234378 -0.9015463591
66.3 270.6 2524.0 -0.0981835574 0.8468370438 0.5227111578 -0.9336563349 0.1034155190 -0.3429155648 -0.3444500566 -0.5217012763 0.7805010676
42.1 40.4 2439.0 -0.4834753275 0.8468370438 -0.2216271907 0.5584393740 0.1034155190 -0.8230739236 -0.6740897894 -0.5217012763 -0.5229060054
-233.2 -85.1 2540.4 0.9834742546 0.0308361817 -0.1784025878 -0.0351893045 0.9991539121 -0.0212871488 0.1775952280 0.0272132251 0.9837272763
-245.4 -481.9 2529.6 0.9828925133 0.0376021862 -0.1803007424 -0.0565872155 0.9932415485 -0.1013367847 0.1752717048 0.1098058820 0.9783774614
-55.1 -110.8 2574.6 0.9462650418 0.0245800540 -0.3224566281 -0.0444939956 0.9975202084 -0.0545314029 0.3203166127 0.0659485459 0.9450122118
-64.8 -507.2 2548.4 0.9294782877 -0.1776023358 -0.3233071566 0.1504071653 0.9827668667 -0.1074566320 0.3368201256 0.0512508936 0.9401731491
-98.5 242.4 2261.2 0 0 0 0 0 0 0 0 0
-80.6 182.1 2268.0 0 0 0 0 0 0 0 0 0
-258.1 -817.9 2492.5 0 0 0 0 0 0 0 0 0
-8.8 -817.0 2532.2 0 0 0 0 0 0 0 0 0
-38.0 485.1 2463.1 9 0.9737735391 0.1882158667 -0.1278274953 -0.1612770110 0.9673110843 0.1957012415 0.1604830325 -0.1699530482 0.9722968340
-76.4 287.7 2497.8 0.9737735391 0.1882158667 -0.1278274953 -0.1612770110 0.9673110843 0.1957012415 0.1604830325 -0.1699530482 0.9722968340
-111.1 94.5 2528.3 0.9758144617 0.1747915745 -0.1312785447 -0.1503703594 0.9726089239 0.1772587746 0.1586660147 -0.1532312781 0.9753692746
-218.9 309.7 2474.6 0.5716452599 -0.1195721924 -0.8117414117 0.3893854916 0.9103552699 0.1401150674 0.7222192287 -0.3961764574 0.5669599771
-346.9 222.5 2312.9 -0.9786242843 -0.1195721924 -0.1673230529 -0.0408205353 0.9103552699 -0.4118093848 0.2015643865 -0.3961764574 -0.8957767487
66.1 265.8 2521.0 -0.1099678576 0.8587108254 0.5005225539 -0.9468628764 0.0626297146 -0.3154808879 -0.3022544384 -0.5086189508 0.8061941266
39.0 32.3 2446.4 -0.4475615919 0.8587108254 -0.2496083975 0.5750827789 0.0626297146 -0.8156943917 -0.6848126650 -0.5086189508 -0.5218604803
-231.9 -82.9 2543.4 0.9863232970 0.0345924273 -0.1611513197 -0.0404883958 0.9986200333 -0.0334465541 0.1597719491 0.0395138748 0.9863628149
-245.6 -479.6 2527.7 0.9859211445 0.0367263593 -0.1631276906 -0.0537420362 0.9934183359 -0.1011524871 0.1583390683 0.1084951907 0.9814059138
-53.3 -108.7 2575.8 0.9518202543 0.0246745721 -0.3056621253 -0.0417885706 0.9978958964 -0.0495728850 0.3037957847 0.0599576607 0.9508486986
-63.1 -505.2 2552.0 0.9356934428 -0.1744818687 -0.3066494763 0.1428124458 0.9820740819 -0.1230247170 0.3226180971 0.0713200569 0.9438384771
-94.9 233.0 2261.0 0 0 0 0 0 0 0 0 0
-75.9 179.8 2270.7 0 0 0 0 0 0 0 0 0
-258.0 -815.3 2491.0 0 0 0 0 0 0 0 0 0
-8.0 -815.4 2529.5 0 0 0 0 0 0 0 0 0
-38.4 480.4 2464.0 0 0.9739823937 0.1979618818 -0.1103149354 -0.1744009107 0.9655846357 0.1929524094 0.1447156370 -0.1686932296 0.9749871492
-78.8 283.5 2498.3 0.9739823937 0.1979618818 -0.1103149354 -0.1744009107 0.9655846357 0.1929524094 0.1447156370 -0.1686932296 0.9749871492
-115.5 90.7 2528.9 0.9761083722 0.1852125674 -0.1136169210 -0.1636582315 0.9706419706 0.1762671024 0.1429282278 -0.1534614414 0.9777632952
-221.3 307.5 2477.5 0.5950397253 -0.1055415943 -0.7967362404 0.3654391468 0.9184631109 0.1512605399 0.7158085704 -0.3811646700 0.5850910544
-356.0 224.7 2315.5 -0.9808886647 -0.1055415943 -0.1634577960 -0.0331483893 0.9184631109 -0.3941150904 0.1917254925 -0.3811646700 -0.9044085741
63.8 259.6 2519.2 -0.1267195940 0.8504931331 0.5104933977 -0.9536994696 0.0370543599 -0.2984698415 -0.2727625668 -0.5246793032 0.8064193726
32.3 22.9 2451.5 -0.4450092912 0.8504931331 -0.2804070711 0.5824738145 0.0370543599 -0.8120044470 -0.6802139282 -0.5246793032 -0.5118795037
-235.2 -85.0 2544.2 0.9887345433 0.0305632614 -0.1465260983 -0.0375128090 0.9982868433 -0.0449019372 0.1449027210 0.0498927049 0.9881871939
-247.4 -481.6 2524.4 0.9885369539 0.0304284059 -0.1478811651 -0.0448514447 0.9944475293 -0.0951970965 0.1441633701 0.1007385328 0.9844128489
-56.3 -112.6 2573.3 0.9565765262 0.0120311836 -0.2912327945 -0.0258589741 0.9987109303 -0.0436778180 0.2903319001 0.0493121594 0.9556546211
-61.1 -509.4 2553.7 0.9415472746 -0.1693468392 -0.2912222445 0.1374782473 0.9823594093 -0.1267663985 0.3075523973 0.0793198347 0.9482192993
-102.0 233.3 2265.8 0 0 0 0 0 0 0 0 0
-82.6 173.3 2275.9 0 0 0 0 0 0 0 0 0
-257.6 -814.6 2490.6 0 0 0 0 0 0 0 0 0
-8.4 -815.1 2529.0 0 0 0 0 0 0 0 0 0
-40.5 478.1 2463.4 1 0.9760783911 0.1953753382 -0.0953911245 -0.1744509041 0.9656261802 0.1926991791 0.1297608316 -0.1714484394 0.9766102433
-80.5 280.5 2498.4 0.9760783911 0.1953753382 -0.0953911245 -0.1744509041 0.9656261802 0.1926991791 0.1297608316 -0.1714484394 0.9766102433
-117.1 87.7 2529.4 0.9779224396 0.1842150986 -0.0986534208 -0.1650454253 0.9704446793 0.1760600954 0.1281706095 -0.1558908224 0.9794234633
-223.3 304.6 2479.7 0.5859375000 -0.1413529664 -0.7979326844 0.3677616417 0.9238127470 0.1064020395 0.7221001387 -0.3557939827 0.5932807326
-357.3 220.6 2314.6 -0.9753149152 -0.1413529664 -0.1696472466 -0.0683667436 0.9238127470 -0.3766908646 0.2099686563 -0.3557939827 -0.9106721878
62.3 256.4 2517.2 -0.1414801031 0.8409229517 0.5223332047 -0.9434551597 0.0452510230 -0.3283972144 -0.2997928560 -0.5392596126 0.7869709730
28.1 28.5 2444.7 -0.4652670920 0.8409229517 -0.2763604522 0.5693545341 0.0452510230 -0.8208457232 -0.6777624488 -0.5392596126 -0.4998371303
-241.8 -87.2 2546.3 0.9909797311 0.0213715564 -0.1322967559 -0.0304379370 0.9972958565 -0.0668921694 0.1305094063 0.0703156218 0.9889504313
-250.3 -483.4 2518.3 0.9909618497 0.0205646195 -0.1325584203 -0.0313238725 0.9963346720 -0.0795989931 0.1304356307 0.0830318034 0.9879738092
-62.8 -117.2 2572.5 0.9608430266 -0.0108424062 -0.2768811584 -0.0008902129 0.9991081953 -0.0422133878 0.2770919204 0.0408069231 0.9599764943
-58.5 -514.1 2556.3 0.9474800229 -0.1634189188 -0.2749106586 0.1322877705 0.9828689098 -0.1283302754 0.2911727428 0.0852230564 0.9528669715
-106.3 238.2 2260.6 0 0 0 0 0 0 0 0 0
-90.9 174.2 2271.3 0 0 0 0 0 0 0 0 0
-257.1 -813.3 2490.9 0 0 0 0 0 0 0 0 0
-8.3 -816.1 2530.1 0 0 0 0 0 0 0 0 0
-36.9 482.7 2462.6 2 0.9722172618 0.1977559626 -0.1252446771 -0.1701642126 0.9644926190 0.2019853741 0.1607413888 -0.1750614941 0.9713473320
-77.5 284.9 2498.5 0.9722172618 0.1977559626 -0.1252446771 -0.1701642126 0.9644926190 0.2019853741 0.1607413888 -0.1750614941 0.9713473320
-114.2 92.2 2530.0 0.9743351340 0.1845876873 -0.1288349181 -0.1594488919 0.9699411988 0.1838208586 0.1588933617 -0.1585605443 0.9744800925
-219.7 308.2 2475.3 0.6192864180 -0.1707435250 -0.7663752437 0.3883614242 0.9149199724 0.1099856645 0.6823926568 -0.3657431901 0.6329076886
-363.4 218.1 2316.9 -0.9735635519 -0.1707435250 -0.1517255455 -0.0994948745 0.9149199724 -0.3911805451 0.2056082785 -0.3657431901 -0.9077208638
64.8 261.6 2521.7 -0.1412420720 0.8285121322 0.5418655872 -0.9380000234 0.0630216599 -0.3408581018 -0.3165543377 -0.5564134121 0.7682430744
29.1 25.1 2441.8 -0.4847062528 0.8285121322 -0.2804059088 0.5782808661 0.0630216599 -0.8133999705 -0.6562401056 -0.5564134121 -0.5096597075
-243.4 -90.0 2548.7 0.9866508842 0.0190787371 -0.1617282927 -0.0293641239 0.9976783395 -0.0614468679 0.1601804793 0.0653756112 0.9849204421
-250.9 -486.4 2522.7 0.9865699410 0.0183898732 -0.1623007655 -0.0344354324 0.9947263598 -0.0966112018 0.1596681774 0.1009026021 0.9820003510
-64.0 -120.3 2572.2 0.9521109462 -0.0148749873 -0.3053906262 0.0031606765 0.9992413521 -0.0388171300 0.3057363331 0.0359929763 0.9514356256
-58.1 -517.3 2557.9 0.9387086630 -0.1653139293 -0.3024851978 0.1291382164 0.9822479486 -0.1360598803 0.3196080625 0.0886581913 0.9433930516
-111.8 243.8 2263.8 0 0 0 0 0 0 0 0 0
-95.8 174.2 2272.7 0 0 0 0 0 0 0 0 0
-256.9 -810.2 2489.8 0 0 0 0 0 0 0 0 0
-7.9 -815.6 2530.9 0 0 0 0 0 0 0 0 0
-37.4 483.4 2447.2 3 0.9789450169 0.1864998341 -0.0829724073 -0.1625240147 0.9580742717 0.2359653562 0.1235012263 -0.2175121009 0.9682127237
-75.7 286.4 2491.9 0.9789450169 0.1864998341 -0.0829724073 -0.1625240147 0.9580742717 0.2359653562 0.1235012263 -0.2175121009 0.9682127237
-110.3 94.8 2531.0 0.9807486534 0.1748164445 -0.0870129913 -0.1529259384 0.9646860361 0.2144632190 0.1214319170 -0.1970279664 0.9728485346
-218.8 308.8 2474.2 0.6102175713 -0.1750669628 -0.7726487517 0.3908950984 0.9148287773 0.1014364809 0.6890830994 -0.3639229238 0.6266773939
-361.4 217.5 2313.2 -0.9726160169 -0.1750669628 -0.1528714448 -0.1033032238 0.9148287773 -0.3904059231 0.2081983835 -0.3639229238 -0.9078620672
67.4 264.0 2509.6 -0.1605668068 0.8207369447 0.5482783914 -0.9541705847 0.0130555732 -0.2989782691 -0.2525405884 -0.5711571574 0.7810267806
26.3 19.6 2444.9 -0.4623030722 0.8207369447 -0.3356587291 0.6025521159 0.0130555732 -0.7979727387 -0.6505434513 -0.5711571574 -0.5005723834
-240.2 -86.0 2546.9 0.9925695658 0.0250507165 -0.1190717146 -0.0306842234 0.9984831214 -0.0457162224 0.1177458689 0.0490301549 0.9918326139
-250.1 -482.7 2527.4 0.9924658537 0.0223430507 -0.1204671785 -0.0359056853 0.9931023717 -0.1116173714 0.1171423718 0.1151018813 0.9864224195
-61.6 -115.2 2576.1 0.9646577835 -0.0009353192 -0.2635041773 -0.0101592662 0.9991182089 -0.0407382920 0.2633099258 0.0419755206 0.9637976885
-61.2 -512.2 2559.4 0.9499667883 -0.1696416885 -0.2622686625 0.1383185536 0.9813170433 -0.1337340772 0.2800555825 0.0907663107 0.9556831717
-111.7 244.0 2259.7 0 0 0 0 0 0 0 0 0
-93.3 175.5 2276.7 0 0 0 0 0 0 0 0 0
-257.6 -813.4 2489.1 0 0 0 0 0 0 0 0 0
-8.7 -815.6 2531.3 0 0 0 0 0 0 0 0 0
-38.3 483.1 2447.0 4 0.9792899489 0.1880079061 -0.0751280338 -0.1667787135 0.9594758153 0.2271366119 0.1147870049 -0.2099028528 0.9709607363
-76.9 286.0 2490.1 0.9792899489 0.1880079061 -0.0751280338 -0.1667787135 0.9594758153 0.2271366119 0.1147870049 -0.2099028528 0.9709607363
-111.4 94.0 2527.8 0.9815769792 0.1739068031 -0.0791394934 -0.1546092182 0.9663053155 0.2057912499 0.1122614145 -0.1897642612 0.9753906131
-220.2 308.6 2473.7 0.6141480803 -0.1709735841 -0.7704480290 0.3844091296 0.9174171686 0.1028363258 0.6892399788 -0.3593239784 0.6291538477
-361.8 219.9 2314.8 -0.9745629430 -0.1709735841 -0.1448970288 -0.1038345024 0.9174171686 -0.3841407299 0.1986089498 -0.3593239784 -0.9118337631
66.4 263.3 2506.5 -0.1462630928 0.8117565513 0.5653834343 -0.9516075850 0.0406968929 -0.3046092391 -0.2702778876 -0.5825762749 0.7665212154
29.1 20.4 2437.5 -0.4793373048 0.8117565513 -0.3335972130 0.6162742972 0.0406968929 -0.7864792943 -0.6248533726 -0.5825762749 -0.5197722316
-234.7 -82.7 2559.0 0.9930993319 0.0347970948 -0.1119950339 -0.0438866094 0.9958486557 -0.0797456726 0.1087551862 0.0841104612 0.9905037880
-248.5 -478.2 2525.6 0.9931710362 0.0291937552 -0.1129556671 -0.0415407345 0.9932228327 -0.1085483357 0.1090212166 0.1124993265 0.9876528978
-55.0 -110.9 2581.2 0.9665473700 0.0170855485 -0.2559185326 -0.0321170576 0.9979877472 -0.0546716452 0.2544694543 0.0610620826 0.9651511312
-61.8 -507.3 2556.9 0.9513878226 -0.1705148965 -0.2564874887 0.1427393705 0.9820371866 -0.1234035343 0.2729223967 0.0807937533 0.9586374164
-110.1 246.8 2263.5 0 0 0 0 0 0 0 0 0
-95.1 180.1 2275.6 0 0 0 0 0 0 0 0 0
-258.3 -811.7 2487.8 0 0 0 0 0 0 0 0 0
-8.0 -817.4 2531.4 0 0 0 0 0 0 0 0 0
-38.6 481.3 2446.4 5 0.9775424004 0.1955153197 -0.0786424875 -0.1726619452 0.9570160508 0.2330410630 0.1208252162 -0.2142289579 0.9692817926
-78.7 285.1 2490.3 0.9775424004 0.1955153197 -0.0786424875 -0.1726619452 0.9570160508 0.2330410630 0.1208252162 -0.2142289579 0.9692817926
-114.6 93.6 2529.0 0.9800665975 0.1806446612 -0.0826860145 -0.1597708017 0.9640349746 0.2123907357 0.1180794612 -0.1949462593 0.9736802578
-221.8 308.5 2473.0 0.6110515594 -0.1691030711 -0.7733176351 0.3959029019 0.9112428427 0.1135666966 0.6854756474 -0.3755537868 0.6237647533
-365.3 215.6 2312.1 -0.9855971336 -0.1691030711 -0.0015456690 -0.1557478309 0.9112428427 -0.3812861443 0.0658851415 -0.3755537868 -0.9244557619
64.4 261.8 2507.5 -0.1689716429 0.8056814075 0.5677376986 -0.9295456409 0.0612561293 -0.3635829985 -0.3277094662 -0.5891733170 0.7385670543
23.6 37.1 2428.3 -0.4893326759 0.8056814075 -0.3338128924 0.6293468475 0.0612561293 -0.7747065425 -0.6037185788 -0.5891733170 -0.5370276570
-235.8 -83.8 2555.2 0.9925085902 0.0346100964 -0.1171699017 -0.0428478830 0.9967283010 -0.0685332492 0.1144146174 0.0730403289 0.9907443523
-249.6 -479.7 2526.2 0.9926359653 0.0255376920 -0.1184129417 -0.0382979847 0.9935457706 -0.1067712009 0.1149219871 0.1105199158 0.9872072935
-55.9 -112.2 2575.7 0.9652957320 0.0129731838 -0.2608368993 -0.0240443200 0.9989382029 -0.0392983891 0.2600501180 0.0442062095 0.9645826817
-61.1 -509.0 2558.2 0.9507559538 -0.1671431363 -0.2610100806 0.1391294152 0.9826706648 -0.1224800870 0.2769586742 0.0801344961 0.9575345516
-112.5 255.5 2295.2 0 0 0 0 0 0 0 0 0
-103.5 200.5 2271.6 0 0 0 0 0 0 0 0 0
-258.1 -811.2 2489.3 0 0 0 0 0 0 0 0 0
-8.8 -816.0 2533.1 0 0 0 0 0 0 0 0 0
-40.8 477.5 2446.6 6 0.9777694345 0.1931693852 -0.0815629065 -0.1699909568 0.9579865336 0.2310083508 0.1227599084 -0.2120079547 0.9695270061
-80.2 282.0 2489.8 0.9777694345 0.1931693852 -0.0815629065 -0.1699909568 0.9579865336 0.2310083508 0.1227599084 -0.2120079547 0.9695270061
-116.0 90.3 2528.3 0.9799224734 0.1801859736 -0.0853521153 -0.1589053124 0.9643741846 0.2114981860 0.1204203889 -0.1936889142 0.9736444354
-223.3 305.2 2472.2 0.6314377189 -0.1266047210 -0.7650213242 0.3935961425 0.9023690224 0.1755340248 0.6681081057 -0.4119482636 0.6196209788
-374.5 211.0 2312.3 -0.9704877734 -0.1266047210 0.2052431256 -0.1986055225 0.9023690224 -0.3824734688 -0.1367820948 -0.4119482636 -0.9008824825
62.9 258.7 2507.4 -0.1806338429 0.7956062555 0.5782578588 -0.9155535102 0.0787910745 -0.3944029808 -0.3593510389 -0.6006685495 0.7141877413
20.8 45.4 2423.7 -0.4982951880 0.7956062555 -0.3445469737 0.6490137577 0.0787910745 -0.7566856146 -0.5748765469 -0.6006685495 -0.5556206107
-240.3 -83.3 2556.9 0.9924800992 0.0254957229 -0.1197213531 -0.0344710611 0.9966988564 -0.0735064149 0.1174520329 0.0770805776 0.9900826216
-250.4 -479.3 2526.3 0.9925079942 0.0201016087 -0.1205147505 -0.0331367850 0.9936899543 -0.1071550027 0.1176003069 0.1103456691 0.9869113564
-60.6 -112.6 2578.5 0.9646931291 0.0032813225 -0.2633560598 -0.0188975278 0.9982075095 -0.0567857586 0.2626976669 0.0597576089 0.9630259275
-61.9 -509.2 2554.8 0.9498453140 -0.1689895689 -0.2631282210 0.1437724531 0.9832009673 -0.1124513373 0.2777110338 0.0689807832 0.9581848383
-155.9 255.7 2343.1 0 0 0 0 0 0 0 0 0
-51.3 139.4 2340.5 0 0 0 0 0 0 0 0 0
-257.1 -811.3 2489.4 0 0 0 0 0 0 0 0 0
-8.7 -818.5 2533.1 0 0 0 0 0 0 0 0 0
-41.7 470.9 2430.2 7 0.9776093364 0.1955416054 -0.0777399689 -0.1682533175 0.9482449889 0.2692995369 0.1263758093 -0.2501897216 0.9599136710
-81.6 277.1 2481.3 0.9776093364 0.1955416054 -0.0777399689 -0.1682533175 0.9482449889 0.2692995369 0.1263758093 -0.2501897216 0.9599136710
-117.0 86.9 2526.2 0.9805084467 0.1781752110 -0.0828054175 -0.1534678042 0.9576909542 0.2434660345 0.1226816103 -0.2260125428 0.9663682580
-224.9 299.5 2463.4 0.8105347753 -0.2151687145 -0.5447345972 0.4069535732 0.8757860661 0.2595911026 0.4212150872 -0.4320893288 0.7974187732
-379.3 222.0 2383.1 -0.9765290022 -0.2151687145 0.0096715651 -0.1973339170 0.8757860661 -0.4405202270 0.0863159522 -0.4320893288 -0.8976905942
61.6 254.7 2499.2 -0.1885413826 0.7660793066 0.6144710183 -0.9182312489 0.0843844786 -0.3869503736 -0.3482864797 -0.6371827126 0.6875280142
19.5 49.6 2421.4 -0.4890974760 0.7660793066 -0.4170205891 0.7197286487 0.0843844786 -0.6891080737 -0.4927213788 -0.6371827126 -0.5926414132
-241.6 -86.7 2555.8 0.9928415418 0.0219697654 -0.1174011305 -0.0304753352 0.9969998002 -0.0711519942 0.1154857129 0.0742204934 0.9905323386
-250.4 -482.9 2526.3 0.9927737713 0.0212009344 -0.1181133017 -0.0339329131 0.9936959147 -0.1068501547 0.1151033863 0.1100859568 0.9872346520
-61.9 -115.9 2577.8 0.9654859900 -0.0010771176 -0.2604527175 -0.0140903015 0.9983110428 -0.0563606583 0.2600735426 0.0580852851 0.9638401866
-61.5 -512.5 2554.8 0.9501497149 -0.1723076552 -0.2598567903 0.1453534365 0.9821065068 -0.1197464615 0.2758402824 0.0760059953 0.9581937194
-182.0 261.9 2365.7 0 0 0 0 0 0 0 0 0
-24.6 114.5 2377.0 0 0 0 0 0 0 0 0 0
-257.4 -810.5 2490.0 0 0 0 0 0 0 0 0 0
-8.2 -816.2 2531.3 0 0 0 0 0 0 0 0 0
-42.0 469.7 2423.0 8 0.9758052826 0.1917759627 -0.1050046310 -0.1555587500 0.9464403391 0.2829348445 0.1536407173 -0.2597549260 0.9533739686
-81.4 274.9 2476.4 0.9758052826 0.1917759627 -0.1050046310 -0.1555587500 0.9464403391 0.2829348445 0.1536407173 -0.2597549260 0.9533739686
-116.6 85.3 2524.1 0.9781394601 0.1769882292 -0.1091712043 -0.1435265243 0.9544844031 0.2614567280 0.1504769772 -0.2400721908 0.9590213895
-224.3 295.8 2454.5 0.7827021480 -0.1173029616 -0.6112424731 0.3438566923 0.9000919461 0.2675761878 0.5187869668 -0.4196122587 0.7448393106
-373.3 230.4 2355.7 -0.9875607491 -0.1173029616 -0.1047081873 -0.0611750036 0.9000919461 -0.4313839078 0.1448495984 -0.4196122587 -0.8960714936
61.4 254.0 2498.4 -0.1452532262 0.8131455183 0.5636451840 -0.9514386654 0.0414804183 -0.3050308228 -0.2714146972 -0.5805805326 0.7676329017
27.4 31.0 2434.8 -0.4592608511 0.8131455183 -0.3575945497 0.6585207582 0.0414804183 -0.7514185309 -0.5961794257 -0.5805805326 -0.5545235276
