236.3 485.1 2459.6 5 0.9992423058 0.0305777136 0.0240799710 -0.0358851254 0.9633578062 0.2658082843 -0.0150698172 -0.2664709985 0.9637251496
230.1 289.5 2513.7 0.9992423058 0.0305777136 0.0240799710 -0.0358851254 0.9633578062 0.2658082843 -0.0150698172 -0.2664709985 0.9637251496
224.0 96.6 2561.0 0.9992752671 0.0301956031 0.0231777690 -0.0348363221 0.9708619118 0.2370940894 -0.0153432135 -0.2377296835 0.9712101817
89.5 294.4 2515.9 0.0551225282 -0.4755141437 -0.8779793978 0.8636323810 0.4640019834 -0.1970819682 0.5010994673 -0.7473877668 0.4362463653
76.1 85.5 2394.7 -0.8602496982 -0.4755141437 0.1840019971 -0.4229638278 0.4640019834 -0.7783339620 0.2847315073 -0.7473877668 -0.6002828479
370.6 284.6 2511.6 0.6620104313 0.6597994566 0.3555373847 -0.6943011284 0.7185353637 -0.0406557433 -0.2822908163 -0.2199354768 0.9337774515
490.7 158.7 2460.4 -0.7354179025 0.6597994566 0.1543541402 0.5573320985 0.7185353637 -0.4160383046 -0.3854107559 -0.2199354768 -0.8961511850
131.1 -92.8 2613.3 0.9483286738 0.0138413897 0.3169876635 0.0142516335 0.9961815476 -0.0861351192 -0.3169694841 0.0862019882 0.9445102215
125.6 -488.8 2579.1 0.9483599067 -0.0047242846 0.3171611428 0.0097105447 0.9998528361 -0.0141426595 -0.3170476556 0.0164921395 0.9482662082
314.4 -98.7 2608.5 0.9979923368 -0.0576318130 0.0262644291 0.0600407496 0.9928971529 -0.1027147919 -0.0201582387 0.1040855125 0.9943640232
337.3 -493.4 2567.1 0.9988754392 0.0427989662 0.0203990377 -0.0427383110 0.9990805387 -0.0034002915 -0.0205258094 0.0025246472 0.9997861385
302.5 196.8 2319.8 0 0 0 0 0 0 0 0 0
414.8 216.2 2420.6 0 0 0 0 0 0 0 0 0
127.0 -774.9 2574.3 0 0 0 0 0 0 0 0 0
325.2 -774.2 2566.4 0 0 0 0 0 0 0 0 0
236.0 490.3 2460.7 6 0.9964778423 0.0394840874 0.0739795491 -0.0568953045 0.9664274454 0.2505611181 -0.0616026931 -0.2538876832 0.9652699828
228.0 294.4 2512.2 0.9964778423 0.0394840874 0.0739795491 -0.0568953045 0.9664274454 0.2505611181 -0.0616026931 -0.2538876832 0.9652699828
220.2 101.1 2557.7 0.9965752959 0.0388971455 0.0729704350 -0.0544835366 0.9726962447 0.2255960107 -0.0622030273 -0.2287991047 0.9714843035
87.9 302.1 2520.9 0.0200636089 -0.4478682578 -0.8938744068 0.8465443850 0.4832889438 -0.2231465876 0.5319399238 -0.7522272468 0.3888368607
82.8 86.7 2385.6 -0.8576431274 -0.4478682578 0.2527100146 -0.4700092673 0.4832889438 -0.7385953665 0.2086614519 -0.7522272468 -0.6249916553
368.0 286.8 2503.4 0.6699220538 0.6606588960 0.3387244940 -0.7034931183 0.7106829286 0.0052153477 -0.2372801453 -0.2417842299 0.9408711195
490.4 158.3 2460.1 -0.7417984009 0.6706047058 0.0049476856 0.6327328682 0.7023125887 -0.3261995614 -0.2222257853 -0.2388437539 -0.9452880025
126.4 -93.2 2609.7 0.9333157539 0.0004667236 0.3590563834 0.0298885740 0.9964275360 -0.0789862946 -0.3578105569 0.0844508335 0.9299675822
126.2 -489.4 2576.1 0.9336729050 -0.0034455422 0.3581103384 0.0056775757 0.9999704361 -0.0051815268 -0.3580819070 0.0068710498 0.9336649179
309.7 -99.6 2606.8 0.9956130981 -0.0624948293 0.0696347207 0.0694496930 0.9923162460 -0.1023970693 -0.0627003759 0.1067839712 0.9923033118
334.5 -494.1 2564.4 0.9976688623 0.0270026885 0.0626717731 -0.0272185411 0.9996261597 0.0025928447 -0.0625783280 -0.0042926348 0.9980308414
311.5 212.1 2330.0 0 0 0 0 0 0 0 0 0
412.0 225.1 2436.6 0 0 0 0 0 0 0 0 0
127.2 -775.1 2574.1 0 0 0 0 0 0 0 0 0
326.8 -778.9 2565.6 0 0 0 0 0 0 0 0 0
235.1 490.2 2463.2 7 0.9976885915 0.0420553535 0.0533745214 -0.0537767932 0.9688240290 0.2418430448 -0.0415397249 -0.2441543490 0.9688462615
226.6 293.8 2512.8 0.9976885915 0.0420553535 0.0533745214 -0.0537767932 0.9688240290 0.2418430448 -0.0415397249 -0.2441543490 0.9688462615
218.5 100.2 2557.1 0.9977822900 0.0409445092 0.0524787605 -0.0515830629 0.9739367962 0.2208761275 -0.0420673341 -0.2230933011 0.9738889933
86.3 301.0 2518.7 -0.0007946260 -0.4216890633 -0.9067401290 0.8448966742 0.4847587943 -0.2261826098 0.5349289775 -0.7662814260 0.3558984697
86.5 88.2 2384.0 -0.8555372953 -0.4216890633 0.3003902733 -0.4926792979 0.4847587943 -0.7226866484 0.1591322422 -0.7662814260 -0.6224867105
366.9 286.5 2506.8 0.7343212962 0.5342932940 0.4186919034 -0.6315075755 0.7639265060 0.1327197403 -0.2489385605 -0.3618660569 0.8983777165
507.9 165.3 2459.0 -0.8450030088 0.5342932940 0.0223734323 0.4713596106 0.7639265060 -0.4407226443 -0.2525668144 -0.3618660569 -0.8973644376
121.1 -87.3 2608.9 0.9403467774 -0.0110766189 0.3400371075 0.0350834727 0.9972985983 -0.0645339414 -0.3384037018 0.0726139620 0.9381951690
125.5 -483.7 2580.1 0.9406891465 -0.0046986439 0.3392370939 0.0126505094 0.9996945262 -0.0212329049 -0.3390336931 0.0242650844 0.9404612780
303.7 -97.2 2597.5 0.9951542616 -0.0861757398 0.0473472588 0.0896953642 0.9929047227 -0.0780705214 -0.0402835310 0.0819390342 0.9958229065
338.0 -491.7 2565.0 0.9984616637 0.0379195362 0.0404532850 -0.0379475765 0.9992797375 -0.0000747327 -0.0404269807 -0.0014604864 0.9991814494
319.1 222.2 2340.7 0 0 0 0 0 0 0 0 0
354.6 250.8 2413.2 0 0 0 0 0 0 0 0 0
126.9 -776.6 2573.0 0 0 0 0 0 0 0 0 0
327.1 -777.2 2565.4 0 0 0 0 0 0 0 0 0
236.2 488.2 2465.5 8 0.9961231947 0.0507705361 0.0718396381 -0.0662382320 0.9702814221 0.2327368855 -0.0578884929 -0.2365931273 0.9698827863
225.9 292.4 2513.3 0.9961231947 0.0507705361 0.0718396381 -0.0662382320 0.9702814221 0.2327368855 -0.0578884929 -0.2365931273 0.9698827863
216.1 98.4 2555.8 0.9962835312 0.0492219068 0.0706850141 -0.0631184429 0.9756042361 0.2102675140 -0.0586108342 -0.2139475793 0.9750851989
85.8 301.2 2521.5 -0.0034046925 -0.4149031341 -0.9098592401 0.8371628523 0.4964643717 -0.2295244187 0.5469430685 -0.7624818087 0.3456511796
86.7 89.1 2382.9 -0.8546937704 -0.4149031341 0.3120159209 -0.5000393391 0.4964643717 -0.7095659375 0.1394963562 -0.7624818087 -0.6317929029
366.1 283.5 2505.0 0.7694957256 0.4613869190 0.4415862858 -0.5830261707 0.7897244096 0.1908293813 -0.2606852949 -0.4042987525 0.8766902089
514.3 171.2 2454.8 -0.8853659630 0.4613869190 0.0570016429 0.3805683851 0.7897244096 -0.4811476469 -0.2670108080 -0.4042987525 -0.8747844100
118.8 -88.7 2605.3 0.9351016879 -0.0145055316 0.3540824950 0.0411947183 0.9968375564 -0.0679547638 -0.3519770205 0.0781309456 0.9327420592
124.6 -485.0 2574.3 0.9358615875 -0.0097114025 0.3522339463 0.0099679604 0.9999497533 0.0010853095 -0.3522267938 0.0024953547 0.9359113574
301.8 -98.2 2597.6 0.9944052100 -0.0854630917 0.0620837808 0.0906658769 0.9921193719 -0.0864804015 -0.0542036407 0.0916254371 0.9943172336
335.7 -492.5 2561.2 0.9979636669 0.0362086780 0.0525112040 -0.0373516716 0.9990825653 0.0209508557 -0.0517044254 -0.0228695758 0.9984005094
323.4 227.6 2344.3 0 0 0 0 0 0 0 0 0
319.6 254.9 2396.1 0 0 0 0 0 0 0 0 0
127.5 -778.4 2573.5 0 0 0 0 0 0 0 0 0
325.5 -775.4 2567.7 0 0 0 0 0 0 0 0 0
234.0 490.6 2464.6 9 0.9980241656 0.0504772849 0.0374135301 -0.0580173209 0.9689475298 0.2403635830 -0.0241188463 -0.2420592904 0.9699616432
223.8 294.6 2513.6 0.9980241656 0.0504772849 0.0374135301 -0.0580173209 0.9689475298 0.2403635830 -0.0241188463 -0.2420592904 0.9699616432
214.4 100.7 2556.3 0.9982314706 0.0472688340 0.0360491462 -0.0538932905 0.9755162597 0.2132219076 -0.0250877775 -0.2147876322 0.9763385057
83.4 302.2 2517.1 -0.0129897939 -0.3933251500 -0.9193076491 0.8414052725 0.4924387336 -0.2225786150 0.5402484536 -0.7764015794 0.3245491683
86.7 89.9 2380.8 -0.8562909961 -0.3933251500 0.3347552121 -0.5036798716 0.4924387336 -0.7097962499 0.1143342704 -0.7764015794 -0.6197808385
364.1 287.1 2510.1 0.7659562230 0.4030553401 0.5008567572 -0.5698725581 0.7862834930 0.2387542129 -0.2975842059 -0.4682997763 0.8319488764
510.2 178.4 2453.3 -0.9029451013 0.4030553401 0.1491191983 0.2582842708 0.7862834930 -0.5612909794 -0.3434812725 -0.4682997763 -0.8140736818
115.0 -89.7 2603.8 0.9460126162 -0.0230731405 0.3233074844 0.0459818132 0.9969284534 -0.0633981824 -0.3208516240 0.0748417452 0.9441678524
124.1 -486.1 2574.0 0.9470307827 -0.0128733357 0.3208847344 0.0112677822 0.9999129772 0.0068600308 -0.3209451437 -0.0028810010 0.9470934272
297.7 -101.3 2593.0 0.9948112369 -0.0975064710 0.0290364269 0.0995072946 0.9919670224 -0.0781010762 -0.0211878177 0.0805851668 0.9965224862
336.4 -495.6 2561.0 0.9990794659 0.0380828232 0.0197455399 -0.0383907370 0.9991432428 0.0154568572 -0.0191399828 -0.0162006747 0.9996855259
327.7 231.7 2348.6 0 0 0 0 0 0 0 0 0
290.0 241.4 2369.5 0 0 0 0 0 0 0 0 0
127.9 -776.0 2574.8 0 0 0 0 0 0 0 0 0
325.9 -772.0 2565.4 0 0 0 0 0 0 0 0 0
231.3 484.2 2455.2 0 0.9975494742 0.0437131450 0.0546280704 -0.0565670840 0.9633940458 0.2620535195 -0.0411731750 -0.2645014822 0.9635059834
222.4 289.1 2508.8 0.9975494742 0.0437131450 0.0546280704 -0.0565670840 0.9633940458 0.2620535195 -0.0411731750 -0.2645014822 0.9635059834
214.0 96.1 2555.8 0.9976804256 0.0422382876 0.0533828773 -0.0536205135 0.9707488418 0.2340332419 -0.0419362001 -0.2363527864 0.9707618952
82.1 296.6 2514.7 0.0810128301 -0.4021115601 -0.9119995832 0.8638764620 0.4847202003 -0.1369808912 0.4971462190 -0.7767577767 0.3866432607
62.8 91.2 2396.5 -0.8800038695 -0.4021115601 0.2527833879 -0.4388305545 0.4847202003 -0.7566201687 0.1817165166 -0.7767577767 -0.6030144691
362.7 281.5 2502.9 0.7920504808 0.4156458676 0.4470956624 -0.5609239936 0.7845222354 0.2643655837 -0.2408740222 -0.4601775706 0.8545269370
515.5 173.3 2456.4 -0.8885499835 0.4156458676 0.1942098439 0.2422159910 0.7845222354 -0.5708382726 -0.3896284997 -0.4601775706 -0.7977632880
113.4 -88.3 2601.3 0.9398057461 -0.0301989652 0.3403722048 0.0480476730 0.9978696704 -0.0441306531 -0.3383143842 0.0578283332 0.9392546415
125.4 -485.0 2578.3 0.9406328797 -0.0086158989 0.3393163681 0.0143009573 0.9997960925 -0.0142575158 -0.3391243517 0.0182636362 0.9405642748
296.5 -98.1 2596.7 0.9942944646 -0.0949465781 0.0486180447 0.0983296037 0.9924947619 -0.0727012381 -0.0413504206 0.0770670325 0.9961680770
334.2 -492.7 2566.1 0.9985824823 0.0327656083 0.0419456325 -0.0326266699 0.9994596243 -0.0039928146 -0.0420537926 0.0026186083 0.9991118908
308.0 213.5 2345.8 0 0 0 0 0 0 0 0 0
286.2 235.8 2355.9 0 0 0 0 0 0 0 0 0
127.9 -775.1 2573.0 0 0 0 0 0 0 0 0 0
325.1 -770.4 2565.4 0 0 0 0 0 0 0 0 0
230.1 480.7 2460.5 1 0.9991144538 0.0409607366 0.0096196942 -0.0420583412 0.9657946229 0.2558746934 0.0011901672 -0.2560527027 0.9666621089
221.8 284.9 2512.4 0.9991144538 0.0409607366 0.0096196942 -0.0420583412 0.9657946229 0.2558746934 0.0011901672 -0.2560527027 0.9666621089
214.0 91.6 2557.9 0.9991964102 0.0391716622 0.0084921466 -0.0400756001 0.9726956487 0.2285980731 0.0006942928 -0.2287546992 0.9734838605
81.3 290.6 2512.3 0.1416819692 -0.4444775581 -0.8845145106 0.8758402467 0.4727020562 -0.0972450823 0.4613350928 -0.7609155178 0.4562647045
48.7 89.0 2406.1 -0.8850994706 -0.4444775581 0.1379805356 -0.3625889421 0.4727020562 -0.8031699657 0.2917673588 -0.7609155178 -0.5795509815
362.2 279.3 2512.5 0.8013105989 0.3840652704 0.4586885273 -0.5193773508 0.8271135688 0.2147797495 -0.2968980372 -0.4103377163 0.8622496724
518.7 177.8 2454.5 -0.8834919930 0.3840652704 0.2682085037 0.2001174837 0.8271135688 -0.5252010822 -0.4235503972 -0.4103377163 -0.8076063395
114.2 -91.9 2606.6 0.9531971812 -0.0308778062 0.3007685542 0.0503585264 0.9970900416 -0.0572322197 -0.2981261313 0.0696998537 0.9519783258
126.5 -488.3 2578.9 0.9541399479 -0.0023199953 0.2993519306 0.0082940180 0.9997909665 -0.0186875146 -0.2992459834 0.0203133337 0.9539597631
297.2 -101.7 2598.9 0.9951627254 -0.0980845690 0.0055317022 0.0982352272 0.9929517508 -0.0663074479 0.0010110241 0.0665301085 0.9977838993
336.2 -496.5 2572.4 0.9993306994 0.0365470983 0.0015689303 -0.0364935622 0.9989908338 -0.0261822287 -0.0025242316 0.0261074491 0.9996559620
291.4 188.4 2326.1 0 0 0 0 0 0 0 0 0
283.5 231.1 2341.7 0 0 0 0 0 0 0 0 0
127.1 -777.6 2573.0 0 0 0 0 0 0 0 0 0
326.1 -771.7 2565.2 0 0 0 0 0 0 0 0 0
228.1 486.9 2452.6 2 0.9994899035 0.0313311517 -0.0061865179 -0.0283267163 0.9591948986 0.2813232839 0.0147482585 -0.2810045481 0.9595931172
221.7 291.1 2510.0 0.9994899035 0.0313311517 -0.0061865179 -0.0283267163 0.9591948986 0.2813232839 0.0147482585 -0.2810045481 0.9595931172
215.7 98.7 2559.5 0.9995249510 0.0299652945 -0.0072071766 -0.0272249058 0.9680610299 0.2492321730 0.0144453021 -0.2489175647 0.9684169292
81.1 295.0 2508.0 0.1720824540 -0.4775654674 -0.8615792990 0.8931459188 0.4445899427 -0.0680448934 0.4155453742 -0.7578067183 0.5030418038
41.2 88.1 2411.7 -0.8765308261 -0.4775654674 0.0602072291 -0.3001966774 0.4445899427 -0.8439323306 0.3762654066 -0.7578067183 -0.5330603719
362.2 287.3 2512.0 0.7836554050 0.3921003640 0.4818106592 -0.5455697775 0.8053172827 0.2319864333 -0.2970484793 -0.4446587563 0.8450093269
516.9 179.6 2453.4 -0.8808053732 0.3921003640 0.2654038370 0.1892019659 0.8053172827 -0.5618422627 -0.4340328574 -0.4446587563 -0.7835139036
114.7 -98.1 2603.3 0.9566649795 -0.0310266744 0.2895331383 0.0475355610 0.9976093173 -0.0501604378 -0.2872846425 0.0617498569 0.9558527470
127.1 -494.7 2578.7 0.9575213194 0.0019949595 0.2883555889 0.0031298995 0.9998452663 -0.0173105597 -0.2883454859 0.0174777545 0.9573668838
297.9 -105.5 2603.4 0.9948872924 -0.1009655297 -0.0022844630 0.1003836617 0.9911254048 -0.0871408954 0.0110624162 0.0864660442 0.9961933494
338.0 -499.4 2569.1 0.9988538623 0.0467555299 -0.0102429353 -0.0468449891 0.9988644719 -0.0086752428 0.0098256888 0.0091451304 0.9999098778
278.2 169.2 2310.0 0 0 0 0 0 0 0 0 0
278.4 230.9 2335.9 0 0 0 0 0 0 0 0 0
126.5 -778.6 2573.8 0 0 0 0 0 0 0 0 0
325.1 -774.9 2566.5 0 0 0 0 0 0 0 0 0
230.1 483.6 2456.7 3 0.9979872704 0.0292198844 -0.0562809743 -0.0131953079 0.9637752175 0.2663893104 0.0620260686 -0.2651105225 0.9622209668
224.2 287.6 2510.6 0.9979872704 0.0292198844 -0.0562809743 -0.0131953079 0.9637752175 0.2663893104 0.0620260686 -0.2651105225 0.9622209668
218.9 94.8 2558.7 0.9980230927 0.0265478399 -0.0569658689 -0.0119539937 0.9700428247 0.2426396757 0.0617008917 -0.2414790243 0.9684424996
83.9 289.3 2502.0 0.2048726827 -0.4935046434 -0.8452693820 0.8953048587 0.4434769452 -0.0419208668 0.3955456316 -0.7481853962 0.5326934457
37.9 88.2 2413.1 -0.8697428107 -0.4935046434 -0.0007960606 -0.2508476675 0.4434769452 -0.8604670763 0.4249975383 -0.7481853962 -0.5095053911
364.4 285.9 2519.3 0.7787235975 0.3598798215 0.5138833523 -0.5282012224 0.8180716038 0.2275133133 -0.3385159373 -0.4486038089 0.8271406293
518.0 181.7 2452.5 -0.8847422600 0.3598798215 0.2961716652 0.1465973109 0.8180716038 -0.5561187863 -0.4424255490 -0.4486038089 -0.7765399218
118.1 -91.1 2607.7 0.9690453410 -0.0282742102 0.2452584058 0.0459364429 0.9967221022 -0.0665949211 -0.2425715476 0.0757998005 0.9671677351
129.3 -487.4 2577.5 0.9697728157 0.0106936907 0.2437751740 -0.0053347410 0.9997296333 -0.0226327889 -0.2439512908 0.0206481852 0.9695676565
301.4 -96.1 2610.3 0.9948264956 -0.0910385400 -0.0450803041 0.0849678293 0.9888892770 -0.1219775230 0.0556840859 0.1175161004 0.9915085435
337.5 -489.1 2563.6 0.9976084828 0.0393499397 -0.0568230264 -0.0387831554 0.9991866350 0.0110434880 0.0572113693 -0.0088133011 0.9983232021
271.1 155.4 2299.1 0 0 0 0 0 0 0 0 0
277.2 221.6 2332.1 0 0 0 0 0 0 0 0 0
126.2 -778.5 2571.5 0 0 0 0 0 0 0 0 0
326.3 -774.8 2566.1 0 0 0 0 0 0 0 0 0
230.3 486.0 2467.2 4 0.9983264208 0.0182661097 -0.0548701473 -0.0043818019 0.9699720740 0.2431768179 0.0576644056 -0.2425294071 0.9684287906
226.6 289.3 2516.4 0.9983264208 0.0182661097 -0.0548701473 -0.0043818019 0.9699720740 0.2431768179 0.0576644056 -0.2425294071 0.9684287906
223.5 95.5 2560.1 0.9983517528 0.0154744033 -0.0552658439 -0.0029202583 0.9754137397 0.2203621715 0.0573170371 -0.2198375762 0.9738512039
86.2 289.7 2508.4 0.2005923837 -0.5137693286 -0.8341485262 0.8849591613 0.4602732658 -0.0706807226 0.4202498496 -0.7240093946 0.5469921827
40.0 85.8 2411.5 -0.8569325805 -0.5137693286 -0.0413233750 -0.2346662730 0.4602732658 -0.8562010527 0.4589098990 -0.7240093946 -0.5149874687
367.0 288.9 2524.5 0.7602480650 0.3508889973 0.5467172861 -0.5367484093 0.8133660555 0.2243586332 -0.3659563363 -0.4640178680 0.8066990376
518.2 182.1 2451.7 -0.8853601813 0.3508889973 0.3049823642 0.1267744601 0.8133660555 -0.5677710176 -0.4472869039 -0.4640178680 -0.7646057010
122.2 -96.9 2601.0 0.9682860970 -0.0189689007 0.2491229326 0.0325600728 0.9981907010 -0.0505488813 -0.2477133423 0.0570572391 0.9671517611
129.8 -493.7 2578.4 0.9685301781 0.0135104889 0.2485292107 -0.0078019379 0.9996829629 -0.0239400156 -0.2487738580 0.0212476179 0.9683285356
305.1 -99.1 2612.3 0.9959869385 -0.0786333680 -0.0427413546 0.0735885054 0.9913176298 -0.1089682579 0.0509388000 0.1053856909 0.9931259155
336.3 -493.1 2570.5 0.9981652498 0.0338765495 -0.0501844361 -0.0345227122 0.9993310571 -0.0120652132 0.0497421399 0.0137755796 0.9986670613
267.7 148.2 2289.6 0 0 0 0 0 0 0 0 0
275.7 216.9 2329.3 0 0 0 0 0 0 0 0 0
126.0 -775.5 2572.4 0 0 0 0 0 0 0 0 0
326.8 -773.9 2566.6 0 0 0 0 0 0 0 0 0
229.8 485.8 2473.0 5 0.9981403947 0.0124709420 -0.0596676990 0.0014313657 0.9737836719 0.2274715453 0.0609402135 -0.2271339446 0.9719549417
227.3 288.9 2518.9 0.9981403947 0.0124709420 -0.0596676990 0.0014313657 0.9737836719 0.2274715453 0.0609402135 -0.2271339446 0.9719549417
225.2 94.5 2560.2 0.9981511235 0.0103333844 -0.0598963648 0.0023491581 0.9781475067 0.2078989148 0.0607357770 -0.2076552361 0.9763147235
86.9 288.5 2510.4 0.1978801191 -0.5089929104 -0.8377169371 0.8794367313 0.4696449041 -0.0776191428 0.4329370856 -0.7213597298 0.5405604243
41.0 84.7 2410.1 -0.8593423963 -0.5089929104 -0.0495670252 -0.2289926112 0.4696449041 -0.8526406288 0.4572669268 -0.7213597298 -0.5201413631
367.7 289.2 2527.5 0.7496918440 0.3408328891 0.5672698021 -0.5341876149 0.8176463842 0.2147044092 -0.3906477988 -0.4639906585 0.7950515747
518.6 181.7 2448.9 -0.8883524537 0.3408328891 0.3076732755 0.1185848787 0.8176463842 -0.5633755326 -0.4435848594 -0.4639906585 -0.7667757869
128.9 -98.1 2598.6 0.9692729712 0.0047150329 0.2459423691 0.0056821425 0.9991203547 -0.0415480770 -0.2459219247 0.0416689105 0.9683935642
127.1 -495.2 2582.0 0.9692772031 0.0010565856 0.2459685802 0.0077434904 0.9993640184 -0.0348073021 -0.2458489239 0.0356425792 0.9686526060
312.0 -98.6 2609.1 0.9968293309 -0.0641895905 -0.0470207706 0.0592034236 0.9931548834 -0.1006894037 0.0531621166 0.0975863561 0.9938061833
337.5 -493.4 2570.3 0.9978116751 0.0400565639 -0.0526057445 -0.0406843945 0.9991123676 -0.0109180259 0.0521217138 0.0130343661 0.9985556602
266.5 144.8 2290.1 0 0 0 0 0 0 0 0 0
275.1 214.2 2327.3 0 0 0 0 0 0 0 0 0
126.8 -778.6 2571.9 0 0 0 0 0 0 0 0 0
326.3 -773.4 2566.7 0 0 0 0 0 0 0 0 0
228.9 487.3 2466.4 6 0.9967849851 0.0091555668 -0.0795982629 0.0110102156 0.9683734775 0.2492620498 0.0793629810 -0.2493370622 0.9651593566
227.1 290.5 2517.1 0.9967849851 0.0091555668 -0.0795982629 0.0110102156 0.9683734775 0.2492620498 0.0793629810 -0.2493370622 0.9651593566
225.5 96.8 2561.9 0.9967797995 0.0077884342 -0.0798084661 0.0104153492 0.9742657542 0.2251617461 0.0795083120 -0.2252679020 0.9710472822
86.8 289.0 2505.9 0.1911499202 -0.5080230832 -0.8398656249 0.8853738308 0.4586390555 -0.0759169906 0.4237627685 -0.7290835381 0.5374591351
42.6 84.2 2407.9 -0.8602190614 -0.5080230832 -0.0439972728 -0.2269171327 0.4586390555 -0.8591617346 0.4566528201 -0.7290835381 -0.5098091960
367.3 292.0 2528.3 0.7444000244 0.3424819410 0.5732143521 -0.5404707193 0.8131538033 0.2160377800 -0.3921223879 -0.4706241190 0.7904131413
517.6 182.8 2449.1 -0.8841094375 0.3424819410 0.3178940713 0.1094446182 0.8131538033 -0.5716667175 -0.4542822838 -0.4706241190 -0.7563997507
131.6 -100.2 2595.9 0.9736717343 0.0095490282 0.2277547270 -0.0033363700 0.9996121526 -0.0276472680 -0.2279303968 0.0261594895 0.9733259678
127.9 -497.5 2585.5 0.9737592340 0.0056869332 0.2275097072 0.0054355999 0.9988213778 -0.0482317694 -0.2275158614 0.0482027791 0.9725806117
314.7 -99.7 2607.1 0.9962679148 -0.0576163642 -0.0642698631 0.0511918850 0.9939197302 -0.0974829122 0.0694957003 0.0938290060 0.9931598306
337.6 -494.9 2569.8 0.9966844320 0.0429981984 -0.0690741837 -0.0437879711 0.9989911914 -0.0099598449 0.0685762465 0.0129514411 0.9975618124
265.7 143.0 2289.4 0 0 0 0 0 0 0 0 0
274.7 212.9 2324.3 0 0 0 0 0 0 0 0 0
126.2 -780.1 2571.9 0 0 0 0 0 0 0 0 0
325.6 -773.8 2566.2 0 0 0 0 0 0 0 0 0
229.7 488.4 2471.6 7 0.9966052175 0.0090170717 -0.0818333402 0.0108052213 0.9710601568 0.2385905236 0.0816164836 -0.2386648059 0.9676662087
227.9 291.2 2520.1 0.9966052175 0.0090170717 -0.0818333402 0.0108052213 0.9710601568 0.2385905236 0.0816164836 -0.2386648059 0.9676662087
226.4 97.1 2563.1 0.9966028929 0.0074264598 -0.0820213035 0.0105292853 0.9762634635 0.2163303494 0.0816809684 -0.2164590806 0.9728688002
87.7 289.7 2508.6 0.2522303462 -0.5195386410 -0.8163696527 0.8931946754 0.4495560527 -0.0101313768 0.3722675741 -0.7266215682 0.5774408579
28.8 81.2 2421.7 -0.8523030877 -0.5195386410 -0.0604902096 -0.2124588937 0.4495560527 -0.8676177263 0.4779546857 -0.7266215682 -0.4935386181
368.1 292.7 2531.5 0.7335193753 0.3661273420 0.5726256371 -0.5636661053 0.7984609604 0.2115197778 -0.3797760010 -0.4779235125 0.7920601368
517.5 177.9 2454.2 -0.8747424483 0.3661273420 0.3174530864 0.1201020852 0.7984609604 -0.5899454355 -0.4694690406 -0.4779235125 -0.7424203157
132.5 -97.8 2599.3 0.9741734266 0.0077012740 0.2256697714 0.0028238194 0.9989245534 -0.0462794863 -0.2257834971 0.0457214937 0.9731040001
129.4 -494.8 2581.2 0.9741288424 0.0104384627 0.2257520556 -0.0030552843 0.9994497299 -0.0330295041 -0.2259726077 0.0314852558 0.9736247063
315.3 -95.8 2613.9 0.9963037372 -0.0542569496 -0.0665962175 0.0474061556 0.9938111305 -0.1004596204 0.0716346875 0.0969312266 0.9927098155
336.9 -490.9 2575.4 0.9967727065 0.0379413217 -0.0707434118 -0.0394618660 0.9990164638 -0.0202210713 0.0699066222 0.0229474790 0.9972895384
250.0 136.3 2297.6 0 0 0 0 0 0 0 0 0
274.6 211.2 2323.9 0 0 0 0 0 0 0 0 0
126.4 -781.7 2572.1 0 0 0 0 0 0 0 0 0
326.2 -773.1 2568.9 0 0 0 0 0 0 0 0 0
227.7 490.0 2472.2 8 0.9988473058 0.0107367318 -0.0467847884 0.0010314990 0.9696370959 0.2445462197 0.0479898937 -0.2443125844 0.9685083032
225.5 293.8 2521.6 0.9988473058 0.0107367318 -0.0467847884 0.0010314990 0.9696370959 0.2445462197 0.0479898937 -0.2443125844 0.9685083032
223.7 99.8 2564.8 0.9988515973 0.0089982003 -0.0470583551 0.0014577686 0.9760425091 0.2175749689 0.0478887409 -0.2173937112 0.9749085307
85.1 293.6 2514.9 0.2165448964 -0.5186777711 -0.8270922899 0.8852085471 0.4616004527 -0.0577136464 0.4117209613 -0.7196515799 0.5590952635
33.5 82.9 2416.9 -0.8522776961 -0.5186777711 -0.0677939430 -0.2124098539 0.4616004527 -0.8612822294 0.4780216813 -0.7196515799 -0.5035840869
366.0 294.0 2528.3 0.7461093664 0.3617817461 0.5589587092 -0.5573105216 0.7986799479 0.2269698232 -0.3643155694 -0.4808578491 0.7975273728
518.2 180.4 2454.0 -0.8717414141 0.3617817461 0.3304253221 0.1070057228 0.7986799479 -0.5921655893 -0.4781387746 -0.4808578491 -0.7349551320
133.5 -97.9 2598.6 0.9660536647 0.0120382076 0.2580608130 0.0002477107 0.9988700747 -0.0475233234 -0.2583413124 0.0459740050 0.9649591446
128.7 -495.0 2580.3 0.9660418630 0.0103911646 0.2581765056 -0.0009533127 0.9993275404 -0.0366541371 -0.2583837807 0.0351633094 0.9654021859
316.3 -96.0 2613.6 0.9981697202 -0.0503280312 -0.0335305557 0.0465031937 0.9932302833 -0.1064474285 0.0386608541 0.1046933234 0.9937528372
336.4 -490.9 2572.0 0.9987335801 0.0329486914 -0.0380209014 -0.0335230343 0.9993317723 -0.0145684732 0.0375154801 0.0158245992 0.9991707206
253.7 137.8 2293.4 0 0 0 0 0 0 0 0 0
274.9 210.2 2320.6 0 0 0 0 0 0 0 0 0
125.8 -777.3 2570.4 0 0 0 0 0 0 0 0 0
326.9 -778.0 2567.4 0 0 0 0 0 0 0 0 0
228.7 487.2 2466.5 9 0.9995087385 0.0156079251 -0.0271788985 -0.0081128273 0.9664679170 0.2566592991 0.0302734505 -0.2563126981 0.9661197066
225.5 291.3 2518.4 0.9995087385 0.0156079251 -0.0271788985 -0.0081128273 0.9664679170 0.2566592991 0.0302734505 -0.2563126981 0.9661197066
222.4 97.7 2563.7 0.9994983077 0.0154702673 -0.0276371203 -0.0087636206 0.9736089706 0.2280544192 0.0304358117 -0.2276978046 0.9732560515
84.9 292.5 2514.1 0.2567276955 -0.5253128409 -0.8112566471 0.8930506706 0.4498721063 -0.0086935936 0.3695285916 -0.7222613692 0.5846256018
24.0 80.6 2426.5 -0.8478260040 -0.5253128409 -0.0723709017 -0.2045318633 0.4498721063 -0.8693571091 0.4892421067 -0.7222613692 -0.4888564646
366.1 290.0 2522.7 0.7668766379 0.3553263545 0.5344561338 -0.5429074168 0.8032729626 0.2449573874 -0.3422743380 -0.4780123234 0.8089205623
519.3 181.6 2454.4 -0.8737488985 0.3553263545 0.3321235180 0.1037259176 0.8032729626 -0.5865095854 -0.4751881659 -0.4780123234 -0.7387154102
130.4 -94.4 2603.7 0.9616128802 0.0082791131 0.2742847502 0.0058658747 0.9986962080 -0.0507101417 -0.2743469775 0.0503724478 0.9603105783
127.1 -491.4 2583.6 0.9616231918 0.0046253861 0.2743346393 0.0077277087 0.9990046620 -0.0439314768 -0.2742647827 0.0443655066 0.9606302977
313.5 -94.1 2612.4 0.9981749058 -0.0580605343 -0.0166092664 0.0559365116 0.9925699830 -0.1080553308 0.0227596089 0.1069290489 0.9940060973
336.6 -488.7 2569.9 0.9991538525 0.0346136838 -0.0222155210 -0.0348497778 0.9993391633 -0.0103296172 0.0218432937 0.0110950824 0.9996998310
243.7 133.6 2299.7 0 0 0 0 0 0 0 0 0
276.0 210.5 2322.0 0 0 0 0 0 0 0 0 0
125.7 -778.3 2570.9 0 0 0 0 0 0 0 0 0
326.6 -778.0 2566.7 0 0 0 0 0 0 0 0 0
229.8 487.5 2471.6 0 0.9997030497 0.0109250536 -0.0217819419 -0.0054752161 0.9717161655 0.2360882759 0.0237451419 -0.2358989120 0.9714874625
227.6 290.4 2519.5 0.9997030497 0.0109250536 -0.0217819419 -0.0054752161 0.9717161655 0.2360882759 0.0237451419 -0.2358989120 0.9714874625
225.2 96.2 2562.1 0.9996849895 0.0120169083 -0.0220335182 -0.0070074173 0.9766498804 0.2147229761 0.0240993388 -0.2145009339 0.9764264226
86.9 291.4 2516.1 0.3019766510 -0.5370367765 -0.7876557112 0.8937459588 0.4469695687 0.0378989428 0.3317050040 -0.7154087424 0.6149488688
15.7 80.4 2437.8 -0.8381510377 -0.5370367765 -0.0953641906 -0.1868553162 0.4469695687 -0.8748161793 0.5124333501 -0.7154087424 -0.4749761820
368.2 289.4 2522.9 0.7558215261 0.3592700958 0.5474110246 -0.5496481657 0.8024637699 0.2322472632 -0.3558380008 -0.4764209390 0.8039915562
515.6 182.2 2453.5 -0.8700563908 0.3592700958 0.3375306129 0.1033747718 0.8024637699 -0.5876781344 -0.4819912612 -0.4764209390 -0.7353281379
127.7 -95.0 2606.2 0.9598764777 0.0044500525 0.2803879380 0.0135373091 0.9979729652 -0.0621823333 -0.2800963223 0.0634830594 0.9578705430
126.0 -491.7 2581.0 0.9598869085 -0.0000641167 0.2803873718 0.0089325588 0.9994993806 -0.0303514451 -0.2802450359 0.0316385329 0.9594069719
311.1 -96.6 2611.8 0.9977864623 -0.0654891059 -0.0115491338 0.0640162528 0.9929460883 -0.0997995213 0.0180034488 0.0988392755 0.9949405193
337.1 -491.4 2572.5 0.9992233515 0.0357344709 -0.0166067425 -0.0361003950 0.9990996718 -0.0222835839 0.0157954991 0.0228657871 0.9996137619
233.1 128.9 2304.8 0 0 0 0 0 0 0 0 0
273.6 211.0 2319.4 0 0 0 0 0 0 0 0 0
126.0 -778.6 2571.9 0 0 0 0 0 0 0 0 0
326.9 -777.3 2565.9 0 0 0 0 0 0 0 0 0
227.4 488.4 2468.2 1 0.9997264743 0.0040255468 -0.0230391566 0.0018879543 0.9679714441 0.2510531247 0.0233118739 -0.2510279417 0.9676991105
226.5 291.9 2519.2 0.9997264743 0.0040255468 -0.0230391566 0.0018879543 0.9679714441 0.2510531247 0.0233118739 -0.2510279417 0.9676991105
225.7 98.2 2564.0 0.9997239113 0.0040571527 -0.0231449809 0.0012699022 0.9742134213 0.2256249040 0.0234635454 -0.2255919874 0.9739392996
85.9 291.7 2515.9 0.2660581768 -0.5275192857 -0.8068063259 0.8907859325 0.4544108212 -0.0033584181 0.3683931530 -0.7177981734 0.5908064246
23.9 84.4 2430.1 -0.8436293602 -0.5275192857 -0.1000647843 -0.1806792766 0.4544108212 -0.8722762465 0.5056130290 -0.7177981734 -0.4786660969
367.2 292.0 2522.5 0.7491927147 0.3640544116 0.5533304811 -0.5595076084 0.7949501872 0.2345323265 -0.3544876575 -0.4853025079 0.7992621660
514.0 182.4 2453.0 -0.8700822592 0.3640544116 0.3322969973 0.1043751165 0.7949501872 -0.5976286530 -0.4817289114 -0.4853025079 -0.7296702862
131.1 -97.3 2602.6 0.9595305920 0.0090336790 0.2814593911 0.0065272581 0.9985033274 -0.0543000624 -0.2815286815 0.0539397299 0.9580355287
127.5 -494.2 2581.1 0.9594798684 0.0107615059 0.2815716863 -0.0002143409 0.9992980361 -0.0374622047 -0.2817771733 0.0358838774 0.9588086009
314.5 -98.5 2607.0 0.9985275269 -0.0531905666 -0.0106545752 0.0521671325 0.9954032898 -0.0803173035 0.0148777217 0.0796432197 0.9967123866
335.7 -494.2 2575.3 0.9994226098 0.0311928354 -0.0134724705 -0.0315502584 0.9991323352 -0.0271864478 0.0126127591 0.0275958106 0.9995396137
240.4 130.7 2300.4 0 0 0 0 0 0 0 0 0
272.1 211.4 2319.1 0 0 0 0 0 0 0 0 0
124.5 -777.8 2570.9 0 0 0 0 0 0 0 0 0
326.8 -778.4 2567.5 0 0 0 0 0 0 0 0 0
229.3 484.5 2464.5 2 0.9997091889 0.0058116782 0.0234035067 -0.0118882740 0.9631662369 0.2686436772 -0.0209801979 -0.2688437998 0.9629552960
228.1 288.9 2519.1 0.9997091889 0.0058116782 0.0234035067 -0.0118882740 0.9631662369 0.2686436772 -0.0209801979 -0.2688437998 0.9629552960
227.2 95.6 2565.5 0.9997192621 0.0047648964 0.0232091714 -0.0100458032 0.9724059105 0.2330790013 -0.0214581378 -0.2332467139 0.9721807837
87.6 290.3 2522.1 0.2358011603 -0.5126656890 -0.8255735636 0.8720864654 0.4864728153 -0.0530042686 0.4287925661 -0.7074730396 0.5617996454
32.0 84.7 2421.0 -0.8533196449 -0.5126656890 -0.0949710011 -0.1975473017 0.4864728153 -0.8510695100 0.4825149179 -0.7074730396 -0.5163925290
368.7 287.5 2516.1 0.7616782188 0.3909250498 0.5167434812 -0.5697105527 0.7839509845 0.2466795444 -0.3086683452 -0.4822846651 0.8198325038
516.2 177.1 2456.3 -0.8590927124 0.3909250498 0.3303593099 0.1227080822 0.7839509845 -0.6085751057 -0.4968927503 -0.4822846651 -0.7214562297
133.2 -95.5 2606.7 0.9461472034 0.0136871729 0.3234472275 0.0066227834 0.9980784655 -0.0616081953 -0.3236689568 0.0604325421 0.9442384839
127.8 -492.4 2582.7 0.9461111426 0.0087781511 0.3237231672 0.0004760800 0.9995937943 -0.0284966007 -0.3238418102 0.0271150675 0.9457225800
316.6 -95.3 2611.0 0.9980209470 -0.0528204590 0.0341206342 0.0557256453 0.9943170547 -0.0907099694 -0.0291353837 0.0924318433 0.9952926636
337.6 -490.6 2574.3 0.9987670183 0.0391306058 0.0305483639 -0.0383834131 0.9989584088 -0.0246743876 -0.0314820707 0.0234714150 0.9992287159
250.7 135.3 2297.3 0 0 0 0 0 0 0 0 0
275.1 211.5 2316.8 0 0 0 0 0 0 0 0 0
125.2 -782.5 2574.8 0 0 0 0 0 0 0 0 0
326.4 -778.5 2567.5 0 0 0 0 0 0 0 0 0
229.2 481.1 2463.6 3 0.9999174476 0.0094463676 0.0087130917 -0.0114176497 0.9641929269 0.2649559975 -0.0058982293 -0.2650336027 0.9642211199
227.3 285.0 2517.5 0.9999174476 0.0094463676 0.0087130917 -0.0114176497 0.9641929269 0.2649559975 -0.0058982293 -0.2650336027 0.9642211199
225.4 91.8 2564.4 0.9999198914 0.0094417194 0.0084284022 -0.0111630410 0.9717431068 0.2357767373 -0.0059641046 -0.2358519286 0.9717707038
86.7 286.6 2518.4 0.2745651901 -0.5290771723 -0.8029267192 0.8856301308 0.4643805623 -0.0031508829 0.3745306134 -0.7102310061 0.5960693955
22.6 80.0 2431.0 -0.8440750837 -0.5290771723 -0.0872615650 -0.2019332945 0.4643805623 -0.8623071909 0.4967496097 -0.7102310061 -0.4988103509
367.9 283.4 2516.7 0.7681263685 0.3674837947 0.5243448615 -0.5421235561 0.8090050220 0.2271847576 -0.3407109082 -0.4587662816 0.8206397295
519.0 176.7 2449.7 -0.8679349422 0.3674837947 0.3341326416 0.1210986972 0.8090050220 -0.5751920938 -0.4816887677 -0.4587662816 -0.7466655374
134.7 -96.8 2613.8 0.9510900974 0.0175695196 0.3084135354 0.0075017875 0.9967732430 -0.0799177065 -0.3088224530 0.0783225968 0.9478893876
127.7 -493.0 2582.7 0.9510725737 0.0070672077 0.3088866472 0.0043608686 0.9993317127 -0.0362915918 -0.3089367151 0.0358629525 0.9504061937
317.9 -98.6 2609.9 0.9984982014 -0.0512500517 0.0193586685 0.0529636256 0.9933803082 -0.1019331217 -0.0140064415 0.1028053463 0.9946028590
338.3 -493.6 2569.0 0.9990776777 0.0403142050 0.0147838015 -0.0401030146 0.9990929961 -0.0143140340 -0.0153474519 0.0137079572 0.9997882247
240.5 132.1 2302.8 0 0 0 0 0 0 0 0 0
275.9 210.7 2314.8 0 0 0 0 0 0 0 0 0
125.7 -778.4 2572.4 0 0 0 0 0 0 0 0 0
326.9 -776.5 2565.1 0 0 0 0 0 0 0 0 0
230.6 479.0 2463.2 4 0.9997703433 0.0121217426 -0.0176731180 -0.0070282277 0.9645091891 0.2639556229 0.0202454869 -0.2637707889 0.9643728733
228.1 282.9 2516.8 0.9997703433 0.0121217426 -0.0176731180 -0.0070282277 0.9645091891 0.2639556229 0.0202454869 -0.2637707889 0.9643728733
225.7 89.7 2563.8 0.9997631907 0.0122004105 -0.0180182252 -0.0075947628 0.9716056585 0.2364841104 0.0203918125 -0.2362912744 0.9714682698
87.5 283.9 2514.0 0.3215028942 -0.5395815969 -0.7781308293 0.8915917873 0.4492570162 0.0568522736 0.3189042807 -0.7120532393 0.6255239844
14.2 80.6 2441.2 -0.8356486559 -0.5395815969 -0.1026788726 -0.1826298386 0.4492570162 -0.8745366931 0.5180131197 -0.7120532393 -0.4739647508
368.7 281.8 2519.7 0.7629119158 0.3617292047 0.5358333588 -0.5330675840 0.8209131956 0.2047937065 -0.3657928407 -0.4418749809 0.8191105723
512.6 181.3 2450.7 -0.8548714519 0.3617292047 0.3719499707 0.1029707566 0.8209131956 -0.5616925359 -0.5085192323 -0.4418749809 -0.7390227914
131.9 -100.4 2611.8 0.9589017630 0.0074075791 0.2836416364 0.0145060001 0.9970720410 -0.0750796646 -0.2833672762 0.0761085302 0.9559866190
128.9 -496.7 2581.6 0.9588594437 0.0098055191 0.2837117910 0.0002424395 0.9993746281 -0.0353593044 -0.2838810980 0.0339733884 0.9582574368
315.2 -102.4 2610.8 0.9985401630 -0.0536253490 -0.0064748116 0.0526932031 0.9934386611 -0.1015037671 0.0118755028 0.1010144055 0.9948140979
336.6 -497.4 2570.6 0.9994009137 0.0329568051 -0.0105648637 -0.0332131349 0.9991335273 -0.0250822362 0.0097290790 0.0254181027 0.9996295571
230.5 127.9 2307.1 0 0 0 0 0 0 0 0 0
273.5 210.1 2308.5 0 0 0 0 0 0 0 0 0
126.2 -778.2 2572.0 0 0 0 0 0 0 0 0 0
327.4 -774.9 2563.5 0 0 0 0 0 0 0 0 0
228.1 477.1 2464.0 5 0.9998449683 0.0037203741 -0.0172087364 0.0008386043 0.9662466049 0.2576175928 0.0175863169 -0.2575920820 0.9660937190
227.4 281.3 2516.2 0.9998449683 0.0037203741 -0.0172087364 0.0008386043 0.9662466049 0.2576175928 0.0175863169 -0.2575920820 0.9660937190
226.4 88.1 2563.0 0.9998384714 0.0048487619 -0.0173063390 -0.0006360618 0.9718638659 0.2355424464 0.0179614946 -0.2354933918 0.9717099667
86.7 281.4 2513.7 0.2527418435 -0.5243156552 -0.8131510615 0.8841994405 0.4663908482 -0.0259014722 0.3928267658 -0.7124413252 0.5814760923
29.2 80.4 2424.4 -0.8497662544 -0.5243156552 -0.0546845868 -0.2328513414 0.4663908482 -0.8533813953 0.4729456306 -0.7124413252 -0.5184108019
368.0 281.2 2518.7 0.7565768957 0.3473453522 0.5540239811 -0.5239556432 0.8289306760 0.1958173662 -0.3912312388 -0.4384348691 0.8091433644
507.6 184.5 2446.6 -0.8564381003 0.3473453522 0.3819228113 0.0900002569 0.8289306760 -0.5520632863 -0.5083441734 -0.4384348691 -0.7411889434
131.6 -102.7 2608.9 0.9580572844 0.0078871651 0.2864682376 0.0147714512 0.9969332814 -0.0768492669 -0.2861958444 0.0778575540 0.9550026655
128.4 -499.1 2578.0 0.9580804110 0.0084149288 0.2863759398 -0.0052062515 0.9999148846 -0.0119640138 -0.2864522338 0.0099715414 0.9580426216
314.9 -104.1 2612.7 0.9981064200 -0.0613826290 -0.0039666332 0.0607557222 0.9938767552 -0.0922918990 0.0096074631 0.0918761417 0.9957240820
339.3 -499.3 2576.1 0.9989008904 0.0463667288 -0.0068663508 -0.0466303006 0.9978905916 -0.0451658480 0.0047576739 0.0454363860 0.9989559054
245.9 139.8 2303.8 0 0 0 0 0 0 0 0 0
268.2 209.7 2304.4 0 0 0 0 0 0 0 0 0
126.1 -779.3 2575.2 0 0 0 0 0 0 0 0 0
326.5 -775.0 2563.6 0 0 0 0 0 0 0 0 0
226.3 475.4 2463.4 6 0.9993045926 -0.0006064399 0.0372827426 -0.0089948513 0.9664193988 0.2568124235 -0.0361865051 -0.2569691837 0.9657418728
226.5 280.3 2515.3 0.9993045926 -0.0006064399 0.0372827426 -0.0089948513 0.9664193988 0.2568124235 -0.0361865051 -0.2569691837 0.9657418728
226.2 87.0 2562.0 0.9993042350 0.0012781420 0.0372750871 -0.0099985069 0.9720117450 0.2347192913 -0.0359318182 -0.2349286675 0.9713482261
86.0 281.7 2520.3 0.1456892043 -0.5215862989 -0.8406678438 0.8642132878 0.4807152152 -0.1484866291 0.4815703928 -0.7048833966 0.5207968354
52.2 80.8 2408.4 -0.8521506786 -0.5215862989 0.0422726609 -0.3344482481 0.4807152152 -0.8105906844 0.4024718702 -0.7048833966 -0.5840854049
366.9 278.9 2510.2 0.7239643931 0.3276069164 0.6070825458 -0.5291175842 0.8283660412 0.1839681566 -0.4426173568 -0.4544044733 0.7730501294
498.8 182.5 2429.6 -0.8815803528 0.3276069164 0.3398378193 0.0950157717 0.8283660412 -0.5520703793 -0.4623722136 -0.4544044733 -0.7613990307
133.7 -105.1 2608.2 0.9412859678 0.0171757061 0.3371731639 0.0030196961 0.9982367754 -0.0592805780 -0.3375968635 0.0568181351 0.9395744205
126.9 -501.9 2585.6 0.9413492084 0.0022267969 0.3374265730 0.0124780191 0.9990645647 -0.0414042287 -0.3372031450 0.0431862548 0.9404408336
317.1 -105.2 2611.5 0.9974284172 -0.0520948358 0.0492205806 0.0568813346 0.9932123423 -0.1014581546 -0.0436010398 0.1039969772 0.9936214685
337.8 -500.1 2570.1 0.9980254769 0.0442847237 0.0445428826 -0.0436376706 0.9989287853 -0.0153960129 -0.0451769754 0.0134218652 0.9988888502
270.5 166.5 2305.3 0 0 0 0 0 0 0 0 0
252.6 209.0 2300.5 0 0 0 0 0 0 0 0 0
126.3 -776.3 2573.7 0 0 0 0 0 0 0 0 0
325.6 -775.8 2566.4 0 0 0 0 0 0 0 0 0
226.5 476.5 2463.1 7 0.9989920259 0.0034799317 0.0447530933 -0.0150213912 0.9654265642 0.2602419257 -0.0423002020 -0.2606518567 0.9645057321
225.8 281.7 2515.7 0.9989920259 0.0034799317 0.0447530933 -0.0150213912 0.9654265642 0.2602419257 -0.0423002020 -0.2606518567 0.9645057321
225.4 88.7 2563.4 0.9989984632 0.0021310211 0.0446936525 -0.0127959382 0.9707552195 0.2397302985 -0.0428757258 -0.2400621027 0.9698102474
85.3 283.5 2521.7 0.0655665919 -0.5309639573 -0.8448539972 0.8497176766 0.4735989273 -0.2316978574 0.5231451988 -0.7026957870 0.4822217226
69.9 83.9 2398.9 -0.8388765454 -0.5309639573 0.1198476180 -0.4110471606 0.4735989273 -0.7789379358 0.3568282425 -0.7026957870 -0.6155422330
366.3 279.9 2509.7 0.7166738510 0.3243714571 0.6173830032 -0.5319026113 0.8267829418 0.1830563992 -0.4510634243 -0.4595793486 0.7650676966
496.3 183.4 2427.8 -0.8845301867 0.3243714571 0.3352454007 0.0929227024 0.8267829418 -0.5547931194 -0.4571342170 -0.4595793486 -0.7614559531
134.4 -105.3 2611.9 0.9389272928 0.0198076610 0.3435450196 0.0002181348 0.9983075261 -0.0581552573 -0.3441154957 0.0546784997 0.9373338819
126.5 -502.2 2590.2 0.9391491413 0.0031046881 0.3434955776 0.0188635457 0.9979841709 -0.0605949946 -0.3429912925 0.0633872822 0.9371974468
317.5 -107.1 2605.3 0.9969798923 -0.0544039421 0.0554193258 0.0590777136 0.9944971800 -0.0865172818 -0.0504074804 0.0895300359 0.9947077036
339.1 -502.5 2569.7 0.9974812865 0.0489038825 0.0513760522 -0.0481927469 0.9987255335 -0.0149913039 -0.0520437099 0.0124775916 0.9985668659
287.6 190.6 2306.3 0 0 0 0 0 0 0 0 0
249.2 209.4 2300.1 0 0 0 0 0 0 0 0 0
125.7 -777.2 2572.7 0 0 0 0 0 0 0 0 0
325.8 -773.7 2566.4 0 0 0 0 0 0 0 0 0
227.2 476.9 2462.9 8 0.9991231561 0.0084388303 0.0410090648 -0.0188909806 0.9649701715 0.2616786361 -0.0373642631 -0.2622238696 0.9642834663
225.5 282.0 2515.9 0.9991231561 0.0084388303 0.0410090648 -0.0188909806 0.9649701715 0.2616786361 -0.0373642631 -0.2622238696 0.9642834663
224.4 88.9 2563.2 0.9991524220 0.0051650917 0.0408377945 -0.0147203002 0.9713246822 0.2373008430 -0.0384410769 -0.2377008647 0.9705774784
84.9 284.1 2521.3 0.0710146055 -0.5516222119 -0.8310654759 0.8647954464 0.4492461681 -0.2242916673 0.4970772564 -0.7027736306 0.5089434385
68.0 77.9 2402.8 -0.8258171678 -0.5516222119 0.1172132865 -0.4125604033 0.4492461681 -0.7924467325 0.3844736218 -0.7027736306 -0.5985726714
366.0 279.9 2510.5 0.7162088752 0.3269798756 0.6165460348 -0.5314899087 0.8281024694 0.1782266647 -0.4522867799 -0.4553354979 0.7668808699
495.7 183.7 2428.6 -0.8822660446 0.3269798756 0.3386602700 0.0948282853 0.8281024694 -0.5524978638 -0.4611010849 -0.4553354979 -0.7616136670
133.4 -103.1 2615.1 0.9406357408 0.0153169855 0.3390720189 0.0088549173 0.9975337982 -0.0696266890 -0.3393022716 0.0684958100 0.9381803274
127.3 -499.7 2587.8 0.9406971335 0.0038129105 0.3392261267 0.0169119742 0.9981665015 -0.0581174754 -0.3388257325 0.0604079254 0.9389078617
