219.0 489.9 2465.4 5 0.9947232604 0.0146987708 0.1015362814 -0.0413018130 0.9633169174 0.2651692331 -0.0939139575 -0.2679636478 0.9588407874
216.0 294.7 2519.7 0.9947232604 0.0146987708 0.1015362814 -0.0413018130 0.9633169174 0.2651692331 -0.0939139575 -0.2679636478 0.9588407874
213.3 101.3 2566.0 0.9947932959 0.0134015270 0.1010284796 -0.0364778899 0.9724624157 0.2301873565 -0.0951615348 -0.2326741368 0.9678879380
76.1 299.8 2533.1 0.1314074695 -0.5187841654 -0.8447455764 0.8679128885 0.4719666243 -0.1548378319 0.4790191054 -0.7128186822 0.5122793913
43.6 84.9 2414.5 -0.8547135592 -0.5187841654 -0.0181035269 -0.2686838210 0.4719666243 -0.8396764398 0.4441550970 -0.7128186822 -0.5427851677
355.9 289.5 2506.4 0.7791201472 0.5482057929 0.3040430248 -0.6246355176 0.7198686004 0.3026874363 -0.0529360026 -0.4257459342 0.9032929540
514.0 162.7 2495.6 -0.7628147006 0.5482057929 0.3429054022 0.2216586620 0.7198686004 -0.6577664018 -0.6074382067 -0.4257459342 -0.6706408858
119.4 -90.0 2615.2 0.9210999012 -0.0135475993 0.3890905082 0.0611294731 0.9920309782 -0.1101715788 -0.3844972849 0.1252639294 0.9145877957
124.8 -484.4 2565.4 0.9232063293 -0.0085421531 0.3842096627 0.0022335786 0.9998553395 0.0168628339 -0.3842981160 -0.0147097129 0.9230918288
302.2 -95.3 2602.6 0.9912545681 -0.0811110139 0.1040932611 0.0927448347 0.9893391132 -0.1122785583 -0.0938765109 0.1209507436 0.9882095456
334.4 -488.7 2554.5 0.9953291416 0.0321255326 0.0910377130 -0.0353823453 0.9987820387 0.0343887769 -0.0898220688 -0.0374492779 0.9952535033
260.9 153.3 2301.6 0 0 0 0 0 0 0 0 0
296.4 226.0 2322.3 0 0 0 0 0 0 0 0 0
127.2 -775.3 2569.7 0 0 0 0 0 0 0 0 0
325.3 -771.3 2565.1 0 0 0 0 0 0 0 0 0
219.2 486.3 2466.1 6 0.9955068827 0.0211383570 0.0922995210 -0.0446457788 0.9643959403 0.2606669366 -0.0835032091 -0.2636165321 0.9610065222
214.9 291.0 2519.5 0.9955068827 0.0211383570 0.0922995210 -0.0446457788 0.9643959403 0.2606669366 -0.0835032091 -0.2636165321 0.9610065222
211.3 97.5 2565.0 0.9956263304 0.0183407832 0.0916071311 -0.0387847610 0.9731956124 0.2266849726 -0.0849940702 -0.2292464823 0.9696505070
74.9 296.5 2531.4 0.1270115227 -0.5303466916 -0.8382126689 0.8677958846 0.4687057734 -0.1650613099 0.4804148376 -0.7064327598 0.5197637081
44.0 85.3 2414.5 -0.8476588130 -0.5303466916 -0.0143860113 -0.2790264487 0.4687057734 -0.8381283283 0.4512414038 -0.7064327598 -0.5452833176
355.0 285.5 2507.5 0.7903999090 0.5477550030 0.2742852569 -0.6105120778 0.7412040830 0.2790904641 -0.0504281521 -0.3880475461 0.9202587008
513.7 162.9 2497.4 -0.7420917153 0.5477550030 0.3863473535 0.2162493169 0.7412040830 -0.6354940534 -0.6344572902 -0.3880475461 -0.6684930921
119.5 -88.6 2621.0 0.9251553416 -0.0122364759 0.3793914020 0.0623967312 0.9907868505 -0.1202002242 -0.3744252026 0.1348766685 0.9173952341
124.4 -482.5 2567.3 0.9271430969 -0.0086214133 0.3746082485 0.0055887233 0.9999422431 0.0091812406 -0.3746657670 -0.0064187418 0.9271377325
301.9 -95.3 2603.5 0.9921894670 -0.0825862959 0.0934859589 0.0931414440 0.9890084267 -0.1148345098 -0.0829746425 0.1226450056 0.9889759421
334.7 -488.6 2554.8 0.9963175058 0.0308883879 0.0799833089 -0.0338079557 0.9988008738 0.0354087390 -0.0787936822 -0.0379824191 0.9961671233
259.5 156.2 2299.8 0 0 0 0 0 0 0 0 0
301.6 224.7 2316.1 0 0 0 0 0 0 0 0 0
126.9 -776.3 2569.2 0 0 0 0 0 0 0 0 0
325.9 -774.2 2565.6 0 0 0 0 0 0 0 0 0
218.7 486.3 2472.4 7 0.9985880256 0.0204605144 0.0490239970 -0.0320035405 0.9682903886 0.2477690876 -0.0423999839 -0.2489881814 0.9675779939
214.6 290.2 2522.9 0.9985880256 0.0204605144 0.0490239970 -0.0320035405 0.9682903886 0.2477690876 -0.0423999839 -0.2489881814 0.9675779939
211.0 96.2 2566.2 0.9986623526 0.0181708280 0.0484079644 -0.0282624252 0.9758141041 0.2167674452 -0.0432983302 -0.2178456187 0.9750223160
74.2 294.2 2528.9 0.1229568273 -0.5461223125 -0.8286326528 0.8721898794 0.4578147531 -0.1723093539 0.4734622240 -0.7015383840 0.5326138139
44.6 84.3 2415.0 -0.8377031088 -0.5461223125 -0.0019892077 -0.2964720726 0.4578147531 -0.8381586671 0.4586478472 -0.7015383840 -0.5454228520
355.0 286.1 2516.8 0.7626789808 0.5714117289 0.3030007184 -0.6405562162 0.7321471572 0.2316208780 -0.0894902498 -0.3707413673 0.9244145751
509.3 156.5 2498.7 -0.7192987800 0.5714117289 0.3950923085 0.2293237597 0.7321471572 -0.6413822174 -0.6557590365 -0.3707413673 -0.6576708555
116.4 -92.4 2618.4 0.9396225810 -0.0236390792 0.3413951099 0.0678600147 0.9906713963 -0.1181746423 -0.3354168236 0.1342066377 0.9324613214
125.7 -486.2 2565.0 0.9421690702 -0.0022707658 0.3351303041 -0.0032472580 0.9998682737 0.0159040615 -0.3351222575 -0.0160725676 0.9420375228
299.0 -99.5 2602.8 0.9946041107 -0.0896336511 0.0522350334 0.0952650309 0.9884610772 -0.1177678853 -0.0410763323 0.1221085936 0.9916663766
334.6 -492.5 2554.3 0.9987776875 0.0324847661 0.0372537300 -0.0340278670 0.9985562563 0.0415638760 -0.0358497500 -0.0427807383 0.9984411001
256.9 159.5 2298.8 0 0 0 0 0 0 0 0 0
305.4 221.5 2312.8 0 0 0 0 0 0 0 0 0
126.4 -777.8 2569.7 0 0 0 0 0 0 0 0 0
325.5 -773.0 2566.3 0 0 0 0 0 0 0 0 0
218.1 488.5 2474.6 8 0.9988523722 0.0169623047 0.0447903089 -0.0272496641 0.9703375697 0.2402133942 -0.0393871441 -0.2411582470 0.9696862102
214.7 292.1 2523.4 0.9988523722 0.0169623047 0.0447903089 -0.0272496641 0.9703375697 0.2402133942 -0.0393871441 -0.2411582470 0.9696862102
212.0 97.8 2565.4 0.9989228845 0.0137433698 0.0443185717 -0.0227767080 0.9773736000 0.2102903873 -0.0404257029 -0.2110733241 0.9766339064
74.2 295.3 2529.1 0.1180672571 -0.5573755503 -0.8218227625 0.8740078211 0.4511716664 -0.1804286391 0.4713496566 -0.6969767809 0.5404191613
45.6 83.6 2414.9 -0.8302570581 -0.5573755503 0.0023999189 -0.3053085804 0.4511716664 -0.8385885954 0.4663259983 -0.6969767809 -0.5447599888
355.2 288.8 2517.8 0.7475029230 0.5821918845 0.3198312521 -0.6558457613 0.7232413888 0.2163058817 -0.1053836569 -0.3714492321 0.9224531054
508.2 154.6 2496.2 -0.7122368217 0.5821918845 0.3921368718 0.2333236933 0.7232413888 -0.6499861479 -0.6620262265 -0.3714492321 -0.6509582996
115.9 -95.2 2613.4 0.9404917359 -0.0274782293 0.3387037814 0.0672737211 0.9920537472 -0.1063185558 -0.3330909014 0.1227775812 0.9348669052
126.9 -489.6 2564.6 0.9430140853 0.0066043837 0.3326872289 -0.0131571079 0.9997612238 0.0174474120 -0.3324925601 -0.0208303574 0.9428758025
299.0 -100.4 2605.5 0.9948266149 -0.0884251148 0.0500101559 0.0941192359 0.9875344038 -0.1261639893 -0.0382306837 0.1302182078 0.9907479882
334.2 -493.1 2553.7 0.9989686012 0.0296162143 0.0344183110 -0.0310468040 0.9986434579 0.0418017134 -0.0331336111 -0.0428271778 0.9985329509
255.7 160.9 2296.9 0 0 0 0 0 0 0 0 0
306.9 220.6 2309.1 0 0 0 0 0 0 0 0 0
125.0 -779.3 2570.7 0 0 0 0 0 0 0 0 0
325.9 -771.2 2565.7 0 0 0 0 0 0 0 0 0
218.3 487.1 2469.7 9 0.9979636669 0.0201568361 0.0605163090 -0.0346603505 0.9678284526 0.2492123097 -0.0535460748 -0.2508023679 0.9665562510
214.2 291.8 2520.3 0.9979636669 0.0201568361 0.0605163090 -0.0346603505 0.9678284526 0.2492123097 -0.0535460748 -0.2508023679 0.9665562510
211.1 97.9 2564.2 0.9980788827 0.0155623462 0.0599697717 -0.0283932872 0.9752032757 0.2194820493 -0.0550670624 -0.2207631320 0.9737716913
73.8 295.8 2528.0 0.2484788746 -0.5729849935 -0.7809906602 0.9003787637 0.4339360595 -0.0319002084 0.3571783602 -0.6952608824 0.6237275004
13.5 77.2 2441.3 -0.8193583488 -0.5729849935 -0.0184421223 -0.2842125893 0.4339360595 -0.8549401760 0.4978706241 -0.6952608824 -0.5183987021
354.6 287.8 2512.6 0.7379660606 0.5987450480 0.3113045692 -0.6662786007 0.7196887732 0.1952457726 -0.1071399674 -0.3515003026 0.9300368428
504.7 152.2 2490.8 -0.6958296299 0.5987450480 0.3966427743 0.2500683665 0.7196887732 -0.6476989388 -0.6732658744 -0.3515003026 -0.6505079865
117.7 -94.4 2611.1 0.9356619716 -0.0235071462 0.3521138132 0.0627365783 0.9929654598 -0.1004176438 -0.3472763300 0.1160473824 0.9305547476
127.1 -489.2 2564.9 0.9377505183 0.0074767326 0.3472291231 -0.0124169840 0.9998508692 0.0120047992 -0.3470875919 -0.0155690452 0.9377034903
300.9 -98.6 2603.7 0.9941716790 -0.0866973922 0.0640797615 0.0937024802 0.9888302088 -0.1159078851 -0.0533150919 0.1212367713 0.9911907911
335.4 -491.8 2555.4 0.9981666207 0.0341797508 0.0499510206 -0.0360916965 0.9986299872 0.0378892347 -0.0485875383 -0.0396225862 0.9980326891
223.5 150.1 2313.7 0 0 0 0 0 0 0 0 0
310.1 222.2 2302.4 0 0 0 0 0 0 0 0 0
124.9 -772.4 2569.3 0 0 0 0 0 0 0 0 0
325.8 -771.3 2566.5 0 0 0 0 0 0 0 0 0
217.4 488.2 2473.7 0 0.9994618297 0.0168329608 0.0281552691 -0.0231666528 0.9698677659 0.2425279170 -0.0232244264 -0.2430496663 0.9697358012
213.9 291.5 2523.0 0.9994618297 0.0168329608 0.0281552691 -0.0231666528 0.9698677659 0.2425279170 -0.0232244264 -0.2430496663 0.9697358012
211.3 97.3 2565.5 0.9995225072 0.0137091773 0.0276906956 -0.0192972291 0.9768798947 0.2129161209 -0.0241315793 -0.2133488208 0.9766780138
73.4 294.2 2526.4 0.2609067261 -0.5841485858 -0.7685688734 0.9009457827 0.4332959652 -0.0234805476 0.3467339277 -0.6863126159 0.6393360496
10.7 77.9 2443.2 -0.8111056089 -0.5841485858 -0.0296327733 -0.2807669640 0.4332959652 -0.8564020991 0.5131058097 -0.6863126159 -0.5154584050
354.5 288.7 2519.7 0.7300523520 0.5837838054 0.3552746177 -0.6629795432 0.7311260700 0.1609745175 -0.1657762229 -0.3530596197 0.9207970500
506.4 150.8 2485.2 -0.7024626136 0.5837838054 0.4071151614 0.2367865741 0.7311260700 -0.6398333907 -0.6711769104 -0.3530596197 -0.6518208981
116.5 -93.3 2613.1 0.9457538128 -0.0220894348 0.3241324127 0.0617560185 0.9917186499 -0.1126066968 -0.3189607561 0.1265153438 0.9392858744
125.3 -487.6 2562.8 0.9480356574 -0.0021958903 0.3181565404 -0.0053056227 0.9997280240 0.0227096137 -0.3181198835 -0.0232175421 0.9477661848
299.6 -98.5 2603.0 0.9951772690 -0.0921276584 0.0336846039 0.0954653770 0.9885709882 -0.1166779026 -0.0225503612 0.1193309128 0.9925984144
336.2 -491.6 2555.6 0.9991737604 0.0361887850 0.0184986573 -0.0369585119 0.9983862638 0.0431160033 -0.0169084892 -0.0437640622 0.9988988042
220.1 150.4 2310.7 0 0 0 0 0 0 0 0 0
310.9 216.7 2298.4 0 0 0 0 0 0 0 0 0
125.9 -775.2 2569.5 0 0 0 0 0 0 0 0 0
326.1 -770.6 2567.8 0 0 0 0 0 0 0 0 0
218.4 488.3 2476.3 1 0.9997819066 0.0123607041 0.0168327000 -0.0159859918 0.9716205001 0.2360044271 -0.0134378150 -0.2362220585 0.9716061950
215.9 291.8 2524.0 0.9997819066 0.0123607041 0.0168327000 -0.0159859918 0.9716205001 0.2360044271 -0.0134378150 -0.2362220585 0.9716061950
214.0 97.3 2565.0 0.9998183846 0.0095521184 0.0164924283 -0.0127421776 0.9785275459 0.2057217658 -0.0141732171 -0.2058945447 0.9784715176
75.2 293.6 2526.0 0.2723308206 -0.6112930775 -0.7430725098 0.9091709256 0.4163196981 -0.0092831813 0.3150304556 -0.6730517745 0.6691465378
7.8 68.7 2448.1 -0.7914021611 -0.6112930775 -0.0018571934 -0.3195751905 0.4163196981 -0.8512048125 0.5211087465 -0.6730517745 -0.5248304009
356.5 290.0 2522.0 0.6847409010 0.6444607377 0.3402943313 -0.7135599852 0.6878094673 0.1332302988 -0.1481959671 -0.3340486586 0.9308326840
500.5 139.9 2490.9 -0.6475356817 0.6444607377 0.4066544473 0.2585872710 0.6878094673 -0.6782704592 -0.7168194652 -0.3340486586 -0.6120305061
116.9 -95.2 2610.1 0.9487618804 -0.0230148230 0.3151526749 0.0601883382 0.9922470450 -0.1087346300 -0.3102068007 0.1221317872 0.9427913427
126.1 -489.7 2561.5 0.9511438012 0.0005582220 0.3087477088 -0.0111127263 0.9994122982 0.0324274711 -0.3085481524 -0.0342742167 0.9505910277
300.2 -98.7 2605.7 0.9956548214 -0.0898245946 0.0245555248 0.0922046974 0.9878608584 -0.1250168681 -0.0130278524 0.1267377734 0.9918506742
335.9 -491.5 2555.3 0.9991721511 0.0396892466 0.0089311525 -0.0400501117 0.9981971383 0.0447044782 -0.0071407631 -0.0450251624 0.9989603162
212.7 151.4 2313.2 0 0 0 0 0 0 0 0 0
320.6 211.8 2291.7 0 0 0 0 0 0 0 0 0
125.9 -773.4 2571.3 0 0 0 0 0 0 0 0 0
324.9 -770.2 2567.9 0 0 0 0 0 0 0 0 0
215.4 489.3 2477.5 2 0.9999552965 0.0070955781 0.0062472783 -0.0083615007 0.9721508622 0.2342067659 -0.0044114641 -0.2342485338 0.9721667171
213.9 292.5 2524.9 0.9999552965 0.0070955781 0.0062472783 -0.0083615007 0.9721508622 0.2342067659 -0.0044114641 -0.2342485338 0.9721667171
212.9 97.9 2565.5 0.9999684095 0.0051426967 0.0060579590 -0.0062705902 0.9789457321 0.2040244043 -0.0048811771 -0.2040559500 0.9789470434
73.2 293.4 2525.6 0.3022488356 -0.6190750599 -0.7248390913 0.9109995961 0.4114223123 0.0284853540 0.2805804014 -0.6689378023 0.6883290410
-2.5 65.2 2455.3 -0.7853151560 -0.6190750599 -0.0051187756 -0.3187642992 0.4114223123 -0.8538858294 0.5307254195 -0.6689378023 -0.5204352140
354.6 291.6 2524.3 0.6703571081 0.6696694493 0.3196312785 -0.7291299105 0.6744506955 0.1161287650 -0.1378076375 -0.3109004796 0.9403988123
499.5 134.1 2494.5 -0.6163805127 0.6696694493 0.4142678380 0.2712350786 0.6744506955 -0.6866933703 -0.7392607927 -0.3109004796 -0.5973561406
120.4 -96.1 2607.2 0.9517171383 -0.0163639095 0.3065399230 0.0448980555 0.9952599406 -0.0862657726 -0.3036752641 0.0958636627 0.9479406476
126.9 -491.7 2569.1 0.9527451992 0.0044098012 0.3037385941 -0.0064041335 0.9999639988 0.0055701360 -0.3037030697 -0.0072521027 0.9527391195
303.8 -98.5 2604.6 0.9966085553 -0.0807138532 0.0160215739 0.0820898488 0.9886997342 -0.1254355013 -0.0057161427 0.1263253093 0.9919723868
335.9 -491.6 2554.4 0.9992600679 0.0383737795 0.0026013625 -0.0384449698 0.9985378981 0.0380004942 -0.0011393365 -0.0380723849 0.9992743134
201.2 147.9 2317.7 0 0 0 0 0 0 0 0 0
329.3 209.0 2290.3 0 0 0 0 0 0 0 0 0
125.7 -771.8 2571.1 0 0 0 0 0 0 0 0 0
325.1 -772.1 2565.1 0 0 0 0 0 0 0 0 0
217.9 488.0 2477.6 3 0.9997579455 0.0129921660 -0.0177569967 -0.0084331408 0.9716821909 0.2361411005 0.0203221422 -0.2359341979 0.9715565443
215.3 291.7 2525.3 0.9997579455 0.0129921660 -0.0177569967 -0.0084331408 0.9716821909 0.2361411005 0.0203221422 -0.2359341979 0.9715565443
213.9 97.2 2566.3 0.9998103380 0.0072736368 -0.0180656221 -0.0033880351 0.9784528017 0.2064428031 0.0191779491 -0.2063424438 0.9782918692
74.6 292.2 2522.6 0.2768305838 -0.6172870398 -0.7364248037 0.9087032080 0.4173613191 -0.0082491906 0.3124473393 -0.6669079661 0.6764690876
8.3 74.6 2447.8 -0.7863745689 -0.6172870398 -0.0239108410 -0.3015537858 0.4173613191 -0.8572484255 0.5391477942 -0.6669079661 -0.5143475533
356.0 291.3 2528.0 0.6252355576 0.7042717934 0.3362762332 -0.7678035498 0.6322971582 0.1033347547 -0.1398507357 -0.3228026330 0.9360770583
489.1 127.8 2498.2 -0.5896847248 0.7042717934 0.3953140080 0.2678238153 0.6322971582 -0.7269599438 -0.7619333267 -0.3228026330 -0.5614767075
120.2 -96.1 2606.5 0.9587376714 -0.0145815769 0.2839181423 0.0400861353 0.9956398010 -0.0842288211 -0.2814520001 0.0921345204 0.9551419020
126.0 -491.9 2569.9 0.9595333338 0.0022436883 0.2815861106 -0.0030357386 0.9999925494 0.0023766111 -0.2815786898 -0.0031352593 0.9595330358
303.6 -97.3 2605.6 0.9966521859 -0.0814963579 -0.0065400288 0.0798885226 0.9877476692 -0.1340609193 0.0173853748 0.1330896318 0.9909515381
336.0 -490.0 2552.7 0.9989449978 0.0406714305 -0.0213252623 -0.0395937301 0.9980268478 0.0487317517 0.0232651737 -0.0478359908 0.9985842109
211.1 152.3 2308.8 0 0 0 0 0 0 0 0 0
326.6 201.6 2288.4 0 0 0 0 0 0 0 0 0
125.3 -772.9 2570.8 0 0 0 0 0 0 0 0 0
324.6 -770.5 2566.2 0 0 0 0 0 0 0 0 0
217.1 488.7 2478.2 4 0.9991904497 0.0066002510 -0.0396844409 0.0027902962 0.9727037549 0.2320336550 0.0401326865 -0.2319565415 0.9718979001
215.7 291.5 2525.3 0.9991904497 0.0066002510 -0.0396844409 0.0027902962 0.9727037549 0.2320336550 0.0401326865 -0.2319565415 0.9718979001
215.2 96.8 2565.3 0.9992026091 0.0027597519 -0.0398307741 0.0053275982 0.9794712067 0.2015137225 0.0395692252 -0.2015652359 0.9786754847
75.1 290.7 2519.7 0.2339820564 -0.6151014566 -0.7529293299 0.9063006043 0.4183366597 -0.0601137541 0.3519539833 -0.6683147550 0.6553500891
20.8 80.2 2437.9 -0.7883204222 -0.6151014566 -0.0141812963 -0.3110634387 0.4183366597 -0.8533662558 0.5308393836 -0.6683147550 -0.5211188793
356.3 292.2 2530.8 0.5868589878 0.7518681884 0.3004841506 -0.8008065820 0.5937916636 0.0782319605 -0.1196048632 -0.2865408361 0.9505730271
480.7 122.5 2505.5 -0.5039033890 0.7518681884 0.4251770973 0.2372670919 0.5937916636 -0.7688405514 -0.8305333853 -0.2865408361 -0.4776072204
120.7 -97.0 2605.6 0.9641364217 -0.0110108405 0.2651786506 0.0357179940 0.9954328537 -0.0885307640 -0.2629927397 0.0948273838 0.9601263404
125.1 -492.7 2567.9 0.9647952318 -0.0021677681 0.2629932463 0.0009471153 0.9999881983 0.0047680689 -0.2630004883 -0.0043511256 0.9647858739
304.1 -97.6 2609.1 0.9962989092 -0.0819862336 -0.0258202683 0.0777616501 0.9876950383 -0.1356895864 0.0366272293 0.1331795603 0.9904149175
336.7 -490.3 2556.2 0.9984059334 0.0405138433 -0.0392968357 -0.0392229743 0.9986826777 0.0330821685 0.0405853577 -0.0314880945 0.9986798167
222.1 159.6 2302.4 0 0 0 0 0 0 0 0 0
345.1 186.3 2282.1 0 0 0 0 0 0 0 0 0
125.7 -776.6 2569.1 0 0 0 0 0 0 0 0 0
325.3 -771.5 2565.0 0 0 0 0 0 0 0 0 0
217.3 488.4 2486.5 5 0.9977577925 0.0038169462 -0.0668189973 0.0104327444 0.9772982597 0.2116111815 0.0661097988 -0.2118338197 0.9750671387
216.6 290.5 2529.4 0.9977577925 0.0038169462 -0.0668189973 0.0104327444 0.9772982597 0.2116111815 0.0661097988 -0.2118338197 0.9750671387
216.4 95.2 2566.4 0.9977599382 0.0012143160 -0.0668849051 0.0112686791 0.9824967384 0.1859387904 0.0659399927 -0.1862759739 0.9802821875
76.2 288.9 2520.1 0.2121320814 -0.6107043028 -0.7629156113 0.8971058726 0.4313026071 -0.0958080068 0.3875578344 -0.6640920639 0.6393595338
27.7 83.7 2431.5 -0.7917223573 -0.6107043028 -0.0146950865 -0.3170123100 0.4313026071 -0.8446782231 0.5221866369 -0.6640920639 -0.5350726843
356.9 292.0 2538.7 0.5607502460 0.7724768519 0.2980580926 -0.8126459718 0.5824357271 0.0193698145 -0.1586369425 -0.2530773282 0.9543511868
474.9 121.0 2505.3 -0.4471005797 0.7724768519 0.4509773552 0.2157969922 0.5824357271 -0.7837093472 -0.8680626154 -0.2530773282 -0.4271055162
123.0 -98.5 2601.8 0.9706712961 -0.0041237012 0.2403751910 0.0265041180 0.9955937266 -0.0899479464 -0.2389451116 0.0936808214 0.9665035605
124.6 -494.3 2564.5 0.9711529613 -0.0040608477 0.2384227216 -0.0010783685 0.9997699857 0.0214206688 -0.2384548634 -0.0210598540 0.9709252119
306.3 -97.5 2609.0 0.9954703450 -0.0788332969 -0.0531426109 0.0717113689 0.9895996451 -0.1246996149 0.0624203905 0.1203238368 0.9907703400
337.6 -490.9 2561.2 0.9971315265 0.0408574976 -0.0637131780 -0.0399224088 0.9990765452 0.0158817191 0.0643032342 -0.0132925780 0.9978418946
228.6 164.1 2298.9 0 0 0 0 0 0 0 0 0
355.2 178.7 2272.9 0 0 0 0 0 0 0 0 0
125.8 -779.3 2570.5 0 0 0 0 0 0 0 0 0
326.2 -771.5 2564.9 0 0 0 0 0 0 0 0 0
217.5 485.7 2482.1 6 0.9953151941 0.0027540070 -0.0966443121 0.0188671406 0.9748442173 0.2220873535 0.0948247761 -0.2228703052 0.9702252746
216.9 287.9 2527.4 0.9953151941 0.0027540070 -0.0966443121 0.0188671406 0.9748442173 0.2220873535 0.0948247761 -0.2228703052 0.9702252746
216.9 93.0 2566.3 0.9953150153 0.0002086428 -0.0966850966 0.0187531561 0.9805904031 0.1951685548 0.0948491991 -0.1960673481 0.9759924412
77.0 285.3 2514.0 0.1997953653 -0.6138331294 -0.7637346983 0.9020956755 0.4195073545 -0.1011777446 0.3824985921 -0.6687469482 0.6375518441
32.3 83.7 2428.5 -0.7894348502 -0.6138331294 0.0012364787 -0.3275182247 0.4195073545 -0.8466081619 0.5191574097 -0.6687469482 -0.5322152376
356.9 290.5 2540.7 0.5466740727 0.7878462672 0.2836295664 -0.8213538527 0.5704174042 -0.0013692585 -0.1628659964 -0.2322116941 0.9589329362
467.4 124.6 2507.8 -0.3838794529 0.7878462672 0.4815961123 0.1599892378 0.5704174042 -0.8056223989 -0.9094173908 -0.2322116941 -0.3450184464
124.7 -101.2 2597.4 0.9771229625 -0.0020555353 0.2126653343 0.0197036080 0.9965274930 -0.0808991715 -0.2117605656 0.0832387134 0.9737703800
125.5 -497.4 2564.3 0.9774218798 -0.0039247978 0.2112605274 -0.0013312828 0.9996932149 0.0247316379 -0.2112927884 -0.0244544931 0.9771168232
307.7 -99.1 2609.5 0.9943354130 -0.0700917691 -0.0799011588 0.0591730513 0.9895271659 -0.1316607147 0.0882927030 0.1261869222 0.9880694747
335.5 -492.6 2559.4 0.9954904914 0.0310116075 -0.0896490887 -0.0292707812 0.9993578196 0.0206684452 0.0902324766 -0.0179511420 0.9957589507
232.1 166.5 2297.2 0 0 0 0 0 0 0 0 0
366.2 166.7 2268.2 0 0 0 0 0 0 0 0 0
126.6 -775.7 2571.1 0 0 0 0 0 0 0 0 0
326.7 -776.0 2564.4 0 0 0 0 0 0 0 0 0
216.4 484.9 2481.0 7 0.9948273897 -0.0045066564 -0.1014795601 0.0269916896 0.9748289585 0.2213140577 0.0979278311 -0.2229083925 0.9699082375
217.3 287.0 2526.2 0.9948273897 -0.0045066564 -0.1014795601 0.0269916896 0.9748289585 0.2213140577 0.0979278311 -0.2229083925 0.9699082375
218.8 92.0 2564.9 0.9948285818 -0.0072665517 -0.1013077125 0.0267949775 0.9808785915 0.1927672029 0.0979698151 -0.1944848597 0.9760007858
77.4 283.3 2512.4 0.1919582933 -0.6177687645 -0.7625705004 0.8999831080 0.4206855595 -0.1142546013 0.3913853168 -0.6643683910 0.6367355585
34.7 83.3 2425.4 -0.7863532901 -0.6177687645 0.0031946481 -0.3339225948 0.4206855595 -0.8435160518 0.5197539330 -0.6643683910 -0.5370944142
357.3 290.8 2540.0 0.5517413020 0.7903617024 0.2662892342 -0.8181391954 0.5749108791 -0.0112148058 -0.1619563401 -0.2116739899 0.9638279080
468.7 125.6 2507.3 -0.3300537169 0.7903617024 0.5161327124 0.1084927991 0.5749108791 -0.8109912276 -0.9377067089 -0.2116739899 -0.2755000293
125.6 -103.7 2596.6 0.9776297212 -0.0016220323 0.2103271931 0.0195314586 0.9963496923 -0.0831011087 -0.2094246447 0.0853501111 0.9740927219
126.2 -499.8 2562.7 0.9779646993 -0.0009606187 0.2087680846 -0.0056662327 0.9994989038 0.0311422739 -0.2086933851 -0.0316389725 0.9774692059
308.1 -100.2 2614.0 0.9941264391 -0.0718187913 -0.0809613615 0.0594639480 0.9875189066 -0.1458440274 0.0904252157 0.1401731074 0.9859892130
336.7 -492.8 2558.3 0.9947935939 0.0435927883 -0.0921161920 -0.0413298756 0.9987984896 0.0263332464 0.0931534544 -0.0223889947 0.9954000115
233.6 167.7 2293.9 0 0 0 0 0 0 0 0 0
382.6 153.9 2262.8 0 0 0 0 0 0 0 0 0
126.5 -776.2 2571.4 0 0 0 0 0 0 0 0 0
324.4 -773.4 2564.6 0 0 0 0 0 0 0 0 0
216.0 484.4 2479.4 8 0.9949843287 -0.0103089539 -0.0994982570 0.0322756022 0.9745617509 0.2217828631 0.0946808457 -0.2238818407 0.9700064063
218.1 286.8 2524.7 0.9949843287 -0.0103089539 -0.0994982570 0.0322756022 0.9745617509 0.2217828631 0.0946808457 -0.2238818407 0.9700064063
220.5 91.9 2564.0 0.9949935079 -0.0122050606 -0.0991912186 0.0314764157 0.9802734852 0.1951234639 0.0948530212 -0.1972687691 0.9757499099
78.0 282.4 2511.4 0.1815186143 -0.6273309588 -0.7573023438 0.8982768059 0.4191624820 -0.1319151223 0.4001871645 -0.6563220620 0.6396026611
37.6 82.2 2422.2 -0.7787465453 -0.6273309588 0.0031067445 -0.3410194218 0.4191624820 -0.8414324522 0.5265544057 -0.6563220620 -0.5403533578
358.1 291.2 2538.1 0.5856441855 0.7724993825 0.2454905361 -0.7984308004 0.6019966602 0.0104047768 -0.1397468001 -0.2021006942 0.9693431258
482.6 121.5 2508.4 -0.2849061787 0.7724993825 0.5675148964 0.0441374741 0.6019966602 -0.7972778082 -0.9575387239 -0.2021006942 -0.2056087404
128.9 -105.4 2594.5 0.9768694639 0.0085018389 0.2136673331 0.0068526459 0.9974514842 -0.0710183978 -0.2137265801 0.0708398968 0.9743216634
125.6 -501.9 2566.4 0.9769266248 -0.0010297088 0.2135727555 -0.0029580260 0.9998272061 0.0183511470 -0.2135547549 -0.0185594782 0.9767547846
311.4 -100.5 2612.5 0.9951404929 -0.0618880019 -0.0765851736 0.0495349243 0.9868564010 -0.1538204253 0.0850982144 0.1492792964 0.9851263762
336.0 -492.8 2553.2 0.9952478409 0.0425056517 -0.0876073837 -0.0381415300 0.9979751110 0.0509010442 0.0895935744 -0.0473176762 0.9948537946
234.3 168.4 2289.2 0 0 0 0 0 0 0 0 0
408.9 132.9 2260.8 0 0 0 0 0 0 0 0 0
125.8 -773.8 2571.4 0 0 0 0 0 0 0 0 0
324.2 -772.1 2566.4 0 0 0 0 0 0 0 0 0
213.5 489.2 2487.6 9 0.9900070429 -0.0160766169 -0.1400983781 0.0432227515 0.9802566171 0.1929474175 0.1342304200 -0.1970747560 0.9711558819
216.7 290.7 2527.5 0.9900070429 -0.0160766169 -0.1400983781 0.0432227515 0.9802566171 0.1929474175 0.1342304200 -0.1970747560 0.9711558819
220.4 95.1 2562.7 0.9900262356 -0.0178532787 -0.1397471130 0.0421111435 0.9840894341 0.1726111919 0.1344419867 -0.1767745316 0.9750261903
77.5 284.8 2508.6 0.1764785498 -0.6263315082 -0.7593182325 0.9043836594 0.4076701105 -0.1260766834 0.3885171413 -0.6644651294 0.6383889914
37.9 81.8 2421.4 -0.7793827653 -0.6263315082 0.0164735280 -0.3454796672 0.4076701105 -0.8452507854 0.5226914287 -0.6644651294 -0.5341158509
356.0 296.5 2546.4 0.5683818460 0.7826043367 0.2539143264 -0.8045411706 0.5932568908 -0.0275637712 -0.1722079515 -0.1886177808 0.9668338895
486.9 111.1 2506.7 -0.2430740446 0.7826043367 0.5731015801 0.0122792758 0.5932568908 -0.8049195409 -0.9699299932 -0.1886177808 -0.1538151801
131.6 -105.8 2594.5 0.9842123985 0.0123869609 0.1765573919 0.0007238881 0.9972578883 -0.0740011707 -0.1769899130 0.0729606822 0.9815046191
126.7 -502.3 2565.5 0.9842055440 0.0048958394 0.1769617051 -0.0075432220 0.9998694062 0.0142905572 -0.1768686324 -0.0153997075 0.9841139913
314.2 -100.0 2611.9 0.9920998216 -0.0521487668 -0.1140984818 0.0338741355 0.9870800972 -0.1566058099 0.1207911372 0.1515036076 0.9810485244
334.9 -492.5 2551.7 0.9916688204 0.0396329761 -0.1225648075 -0.0329131000 0.9978670478 0.0563746355 0.1245376766 -0.0518709794 0.9908580780
234.8 169.1 2289.3 0 0 0 0 0 0 0 0 0
424.2 114.3 2256.3 0 0 0 0 0 0 0 0 0
125.4 -773.0 2569.6 0 0 0 0 0 0 0 0 0
323.9 -770.4 2566.1 0 0 0 0 0 0 0 0 0
211.3 492.8 2490.7 0 0.9856531620 -0.0235192347 -0.1671366394 0.0550075471 0.9809406400 0.1863588393 0.1595681161 -0.1928789467 0.9681609869
216.0 294.1 2529.7 0.9856531620 -0.0235192347 -0.1671366394 0.0550075471 0.9809406400 0.1863588393 0.1595681161 -0.1928789467 0.9681609869
221.4 98.3 2563.5 0.9856761098 -0.0265650600 -0.1665441394 0.0541082658 0.9851247072 0.1630998701 0.1597339958 -0.1697750539 0.9724512696
77.4 286.6 2507.3 0.1672583818 -0.6290687919 -0.7591423392 0.9085600376 0.3973181546 -0.1290616691 0.3828096986 -0.6681397557 0.6380015612
38.9 77.1 2419.0 -0.7769816518 -0.6290687919 0.0239157546 -0.3478202820 0.3973181546 -0.8492110372 0.5247099996 -0.6681397557 -0.5275117755
354.7 301.7 2552.2 0.5386862159 0.8103408813 0.2305749357 -0.8249877691 0.5628663301 -0.0507604368 -0.1709161252 -0.1628775597 0.9717296958
489.1 95.8 2509.6 -0.1757421196 0.8103408813 0.5589833260 -0.0317097306 0.5628663301 -0.8259394765 -0.9839254022 -0.1628775597 -0.0732236281
133.3 -104.3 2585.5 0.9880578518 0.0184469055 0.1529753208 -0.0104316315 0.9985381961 -0.0530339479 -0.1537300199 0.0508048274 0.9868059158
125.9 -501.2 2565.3 0.9880779386 0.0039648712 0.1539035589 -0.0069098677 0.9998030066 0.0186051428 -0.1537994742 -0.0194467846 0.9879106879
314.8 -96.7 2610.2 0.9891389012 -0.0525341257 -0.1372747272 0.0308302846 0.9873241782 -0.1556934416 0.1437138766 0.1497702301 0.9782204032
335.7 -489.2 2550.6 0.9884637594 0.0426929407 -0.1453157514 -0.0345296897 0.9977051020 0.0582429431 0.1474688202 -0.0525533333 0.9876695275
236.1 165.3 2285.8 0 0 0 0 0 0 0 0 0
443.4 87.5 2253.6 0 0 0 0 0 0 0 0 0
124.8 -776.1 2570.6 0 0 0 0 0 0 0 0 0
323.7 -768.5 2565.3 0 0 0 0 0 0 0 0 0
213.4 493.2 2492.7 1 0.9866226315 -0.0177027285 -0.1620568186 0.0471979566 0.9825304151 0.1800177246 0.1560389400 -0.1852583140 0.9702222347
217.0 293.9 2530.3 0.9866226315 -0.0177027285 -0.1620568186 0.0471979566 0.9825304151 0.1800177246 0.1560389400 -0.1852583140 0.9702222347
221.3 97.8 2562.7 0.9866197109 -0.0215510242 -0.1616080254 0.0473454520 0.9863822460 0.1575070620 0.1560128480 -0.1630509645 0.9742044806
78.2 287.3 2508.4 0.1606401205 -0.6310532093 -0.7589246631 0.9064869285 0.3985232711 -0.1395016015 0.3904820681 -0.6655457020 0.6360602975
41.3 79.1 2418.7 -0.7756533027 -0.6310532093 0.0115672396 -0.3369500935 0.3985232711 -0.8530204296 0.5336914659 -0.6655457020 -0.5217493176
355.8 300.5 2552.3 0.5230354667 0.8304560184 0.1917725801 -0.8373973966 0.5426135063 -0.0658494160 -0.1587434411 -0.1261482835 0.9792278409
491.5 83.3 2511.1 -0.1071262136 0.8304560184 0.5466870666 -0.0666707382 0.5426135063 -0.8373324275 -0.9920075536 -0.1261482835 -0.0027610154
136.4 -102.4 2582.7 0.9873109460 0.0252973046 0.1567710042 -0.0163512230 0.9981772304 -0.0580939725 -0.1579548568 0.0547934175 0.9859248996
126.3 -499.2 2560.9 0.9873752594 0.0023573667 0.1583810151 -0.0070827827 0.9995462298 0.0292779226 -0.1582401246 -0.0300300736 0.9869439006
317.1 -92.5 2612.0 0.9896818399 -0.0491209812 -0.1345994323 0.0282996669 0.9879063964 -0.1524469107 0.1404599845 0.1470648050 0.9791031480
336.6 -485.3 2553.5 0.9888612628 0.0458101183 -0.1416152418 -0.0399307981 0.9982295036 0.0440841950 0.1433840096 -0.0379383452 0.9889397025
236.7 164.0 2284.2 0 0 0 0 0 0 0 0 0
463.7 66.0 2254.1 0 0 0 0 0 0 0 0 0
125.7 -771.5 2569.1 0 0 0 0 0 0 0 0 0
323.6 -769.5 2564.3 0 0 0 0 0 0 0 0 0
212.8 497.2 2493.8 2 0.9854611754 -0.0235959962 -0.1682543904 0.0525189824 0.9841143489 0.1695899665 0.1615799218 -0.1759608835 0.9710456729
217.6 297.0 2529.6 0.9854611754 -0.0235959962 -0.1682543904 0.0525189824 0.9841143489 0.1695899665 0.1615799218 -0.1759608835 0.9710456729
222.8 100.7 2560.6 0.9854868650 -0.0260119904 -0.1677470058 0.0514980555 0.9874310493 0.1494250745 0.1617517620 -0.1558950990 0.9744398594
79.0 289.7 2506.8 0.1644759923 -0.6263549924 -0.7619888783 0.9094027877 0.3954755366 -0.1287855506 0.3820134401 -0.6717726588 0.6346551776
41.1 80.0 2418.7 -0.7794764042 -0.6263549924 0.0097943181 -0.3285649717 0.3954755366 -0.8576970100 0.5333493948 -0.6717726588 -0.5140621662
356.3 304.2 2552.3 0.4809163809 0.8565468788 0.1872080117 -0.8611878157 0.5015497208 -0.0824831799 -0.1645448357 -0.1215537488 0.9788511992
487.6 69.1 2507.4 -0.0668282956 0.8565468788 0.5117239356 -0.1257567555 0.5015497208 -0.8559399247 -0.9898076653 -0.1215537488 0.0741988420
135.1 -102.6 2580.9 0.9881691337 0.0208967626 0.1519376189 -0.0127818445 0.9984487295 -0.0541914627 -0.1528343558 0.0516082868 0.9869033694
126.8 -499.5 2560.3 0.9881581664 0.0092357323 0.1531605273 -0.0140592065 0.9994377494 0.0304398295 -0.1527932733 -0.0322326794 0.9877324104
316.1 -93.9 2609.5 0.9891040325 -0.0478323139 -0.1392311305 0.0255511850 0.9871690273 -0.1576213539 0.1449840516 0.1523464024 0.9776350260
335.1 -486.4 2548.9 0.9885276556 0.0376369767 -0.1462753713 -0.0292183235 0.9978135228 0.0592824705 0.1481867582 -0.0543284416 0.9874659777
237.0 162.6 2284.6 0 0 0 0 0 0 0 0 0
470.6 36.9 2254.5 0 0 0 0 0 0 0 0 0
124.3 -774.1 2569.2 0 0 0 0 0 0 0 0 0
324.3 -772.0 2564.5 0 0 0 0 0 0 0 0 0
209.5 498.5 2485.8 3 0.9893505573 -0.0312945619 -0.1421482414 0.0588998124 0.9791570902 0.1943764240 0.1331025362 -0.2006789297 0.9705728889
215.9 298.8 2526.7 0.9893505573 -0.0312945619 -0.1421482414 0.0588998124 0.9791570902 0.1943764240 0.1331025362 -0.2006789297 0.9705728889
222.6 103.1 2561.1 0.9894083738 -0.0335243866 -0.1412346065 0.0571488962 0.9843500257 0.1667003930 0.1334357560 -0.1730061620 0.9758400321
76.7 290.8 2507.9 0.1604541838 -0.6303454041 -0.7595518827 0.9113442302 0.3901549280 -0.1312660575 0.3790858686 -0.6711511016 0.6370636821
39.2 77.8 2419.3 -0.7762480974 -0.6303454041 0.0101749385 -0.3280986547 0.3901549280 -0.8603082895 0.5383216143 -0.6711511016 -0.5096725225
355.0 306.8 2545.5 0.4521816671 0.8767318130 0.1639299542 -0.8772464395 0.4703712165 -0.0958621576 -0.1611533463 -0.1004598662 0.9818031192
482.2 60.1 2500.2 0.0229039099 0.8767318130 0.4804338515 -0.2494567931 0.4703712165 -0.8464763761 -0.9681150317 -0.1004598662 0.2294800580
137.6 -100.3 2576.7 0.9835853577 0.0226008110 0.1790225208 -0.0137224216 0.9986207485 -0.0506777912 -0.1799209714 0.0473893099 0.9825388789
128.6 -497.4 2557.9 0.9835164547 0.0131670432 0.1803386360 -0.0208484922 0.9989511967 0.0407655425 -0.1796127260 -0.0438533686 0.9827594757
318.4 -90.9 2606.4 0.9928559065 -0.0419712551 -0.1116942540 0.0262113810 0.9899458885 -0.1389968544 0.1164051369 0.1350761801 0.9839737415
335.1 -484.4 2552.7 0.9923091531 0.0390347652 -0.1174683198 -0.0341239497 0.9984691143 0.0435308963 0.1189877093 -0.0391876251 0.9921221137
236.7 161.2 2282.4 0 0 0 0 0 0 0 0 0
488.0 -3.4 2253.6 0 0 0 0 0 0 0 0 0
124.9 -778.3 2570.2 0 0 0 0 0 0 0 0 0
324.0 -768.4 2563.8 0 0 0 0 0 0 0 0 0
208.7 496.0 2482.3 4 0.9881327152 -0.0291067995 -0.1508193612 0.0593897887 0.9779168367 0.2003785670 0.1416564137 -0.2069577575 0.9680402875
214.6 296.6 2524.5 0.9881327152 -0.0291067995 -0.1508193612 0.0593897887 0.9779168367 0.2003785670 0.1416564137 -0.2069577575 0.9680402875
221.1 101.1 2559.9 0.9881652594 -0.0324825607 -0.1499143243 0.0583542287 0.9834444523 0.1715568155 0.1418597996 -0.1782746315 0.9737011790
75.6 288.4 2504.5 0.1646178663 -0.6353129745 -0.7545053959 0.9196079969 0.3754696250 -0.1155151501 0.3566821218 -0.6748333573 0.6460478306
37.1 73.3 2421.1 -0.7720640302 -0.6353129745 0.0171641596 -0.3282344937 0.3754696250 -0.8667668104 0.5442235470 -0.6748333573 -0.4984181821
353.6 304.8 2544.4 0.4470138252 0.8848257065 0.1313855052 -0.8837969303 0.4595432281 -0.0878804997 -0.1381362379 -0.0768343061 0.9874284267
480.4 54.3 2505.3 0.1114546582 0.8848257065 0.4523951411 -0.3688842058 0.4595432281 -0.8079259992 -0.9227688313 -0.0768343061 0.3776164651
138.6 -97.7 2583.2 0.9850651026 0.0278702769 0.1699116677 -0.0171195995 0.9977765083 -0.0644122213 -0.1713290662 0.0605414137 0.9833519459
127.5 -494.4 2559.2 0.9850871563 0.0051256428 0.1719795614 -0.0138486400 0.9986751676 0.0495597608 -0.1714976877 -0.0512023680 0.9838530421
320.0 -87.3 2607.7 0.9919655919 -0.0404652171 -0.1198619008 0.0229185242 0.9892679453 -0.1443040520 0.1244148314 0.1403975934 0.9822471738
336.1 -480.6 2551.9 0.9911157489 0.0443463139 -0.1253914535 -0.0386196449 0.9981129766 0.0477392450 0.1272718906 -0.0424725451 0.9909580946
234.4 157.2 2282.0 0 0 0 0 0 0 0 0 0
508.8 -39.9 2269.7 0 0 0 0 0 0 0 0 0
126.0 -781.2 2573.9 0 0 0 0 0 0 0 0 0
323.4 -768.0 2564.1 0 0 0 0 0 0 0 0 0
209.5 498.0 2489.0 5 0.9901712537 -0.0250887368 -0.1375915706 0.0499702953 0.9823060632 0.1804931313 0.1306286901 -0.1855946034 0.9739049077
214.6 298.5 2526.7 0.9901712537 -0.0250887368 -0.1375915706 0.0499702953 0.9823060632 0.1804931313 0.1306286901 -0.1855946034 0.9739049077
220.2 102.4 2558.6 0.9901888371 -0.0279897600 -0.1369037926 0.0493182652 0.9866858721 0.1549795866 0.1307432055 -0.1602109075 0.9783857465
75.3 291.5 2508.3 0.1662512273 -0.6351311803 -0.7543002367 0.9202180505 0.3748078942 -0.1127731353 0.3543434441 -0.6753720641 0.6467714906
35.1 69.3 2422.8 -0.7720518112 -0.6351311803 0.0233319681 -0.3344679475 0.3748078942 -0.8646677136 0.5404324532 -0.6753720641 -0.5018021464
354.0 305.4 2545.1 0.4349031150 0.8924553394 0.1199278682 -0.8916718364 0.4453935623 -0.0809070393 -0.1256210208 -0.0717495680 0.9894803762
476.9 53.3 2509.6 0.1856732368 0.8924553394 0.4111555219 -0.5075789690 0.4453935623 -0.7375555634 -0.8413614035 -0.0717495680 0.5356892347
136.9 -99.7 2582.3 0.9829707742 0.0244599227 0.1821266711 -0.0138382958 0.9981404543 -0.0593641624 -0.1832400560 0.0558329187 0.9814814329
127.2 -496.6 2560.1 0.9829698205 0.0045206486 0.1837114990 -0.0140613103 0.9986168146 0.0506633930 -0.1832283586 -0.0523838103 0.9816737175
318.2 -89.1 2608.3 0.9932382107 -0.0389988758 -0.1093479693 0.0224823803 0.9886724949 -0.1483955830 0.1138965935 0.1449337602 0.9828640819
333.7 -482.2 2550.7 0.9927619100 0.0349084064 -0.1149138063 -0.0292178039 0.9982793927 0.0508382693 0.1164907664 -0.0471127667 0.9920737147
233.1 155.1 2284.2 0 0 0 0 0 0 0 0 0
523.6 -74.3 2298.0 0 0 0 0 0 0 0 0 0
125.9 -778.6 2574.9 0 0 0 0 0 0 0 0 0
323.6 -770.3 2564.3 0 0 0 0 0 0 0 0 0
209.3 503.2 2492.4 6 0.9889300466 -0.0205482617 -0.1469529867 0.0457086675 0.9843915105 0.1699532568 0.1411670297 -0.1747889072 0.9744335413
213.5 303.2 2527.9 0.9889300466 -0.0205482617 -0.1469529867 0.0457086675 0.9843915105 0.1699532568 0.1411670297 -0.1747889072 0.9744335413
218.4 106.7 2557.6 0.9889206886 -0.0247946158 -0.1463596225 0.0461156629 0.9884827733 0.1441359371 0.1411001682 -0.1492884755 0.9786744714
74.3 296.7 2508.1 0.1624330431 -0.6346592903 -0.7555283308 0.9240024090 0.3664668500 -0.1091859266 0.3461719751 -0.6803746223 0.6459530592
34.4 69.6 2423.0 -0.7723947167 -0.6346592903 0.0247781277 -0.3290366828 0.3664668500 -0.8703085184 0.5432690382 -0.6803746223 -0.4918832779
352.6 309.7 2547.8 0.4244749546 0.8959330320 0.1308626682 -0.8979114294 0.4351247251 -0.0664949641 -0.1165166125 -0.0892776325 0.9891680479
476.2 48.2 2513.9 0.2308579087 0.8959330320 0.3794847131 -0.6278521419 0.4351247251 -0.6453434825 -0.7433077097 -0.0892776325 0.6629654169
134.9 -98.3 2578.4 0.9846971631 0.0238057040 0.1726405770 -0.0143129919 0.9983268380 -0.0560234003 -0.1736854017 0.0526950806 0.9833903909
125.4 -495.2 2557.5 0.9847038388 -0.0022206416 0.1742224097 -0.0077559259 0.9983689785 0.0565616675 -0.1740638465 -0.0570477471 0.9830805063
316.6 -89.2 2602.4 0.9918010831 -0.0432124585 -0.1202635095 0.0265156049 0.9901992679 -0.1371217221 0.1250102073 0.1328086108 0.9832264781
333.7 -482.9 2549.6 0.9915462136 0.0298243389 -0.1262797266 -0.0232346579 0.9983061552 0.0533385873 0.1276566237 -0.0499536097 0.9905596375
232.3 153.9 2283.8 0 0 0 0 0 0 0 0 0
533.9 -108.8 2328.0 0 0 0 0 0 0 0 0 0
126.1 -776.3 2573.5 0 0 0 0 0 0 0 0 0
325.1 -773.8 2564.1 0 0 0 0 0 0 0 0 0
209.0 502.5 2495.1 7 0.9887865782 -0.0208128840 -0.1478779167 0.0448069982 0.9859638810 0.1608340740 0.1424548626 -0.1656565517 0.9758403897
213.2 302.6 2528.7 0.9887865782 -0.0208128840 -0.1478779167 0.0448069982 0.9859638810 0.1608340740 0.1424548626 -0.1656565517 0.9758403897
218.1 105.9 2557.4 0.9887686372 -0.0248285253 -0.1473773420 0.0455835052 0.9892186522 0.1391713172 0.1423330009 -0.1443262249 0.9792401195
74.0 296.2 2508.7 0.1639740616 -0.6353198290 -0.7546398044 0.9255677462 0.3637056351 -0.1050836220 0.3412284553 -0.6812393069 0.6476697922
34.1 70.8 2425.6 -0.7719847560 -0.6353198290 0.0202051308 -0.3221942484 0.3637056351 -0.8740189075 0.5479328036 -0.6812393069 -0.4854716063
352.3 309.0 2548.7 0.4187418520 0.8952800035 0.1520820409 -0.9026395679 0.4286899269 -0.0382988378 -0.0994842276 -0.1212379411 0.9876255393
475.2 44.2 2519.5 0.2687490582 0.8952800035 0.3553134203 -0.7367359400 0.4286899269 -0.5229197741 -0.6204789281 -0.1212379411 0.7747949958
132.6 -94.0 2574.3 0.9850382805 0.0131367156 0.1718343347 -0.0043842942 0.9986779690 -0.0512159057 -0.1722799689 0.0496962517 0.9837936163
127.4 -491.1 2554.6 0.9850462079 0.0047628409 0.1722245365 -0.0154825356 0.9980205297 0.0609529912 -0.1715933084 -0.0627079830 0.9831700921
314.0 -85.6 2600.2 0.9909393191 -0.0558208488 -0.1221610904 0.0406153388 0.9915006161 -0.1235996708 0.1280222386 0.1175181568 0.9847841263
336.2 -479.7 2553.5 0.9907658100 0.0400864184 -0.1295229644 -0.0356020927 0.9986899495 0.0367546193 0.1308266371 -0.0318039320 0.9908949733
232.0 153.4 2285.1 0 0 0 0 0 0 0 0 0
543.6 -143.5 2361.5 0 0 0 0 0 0 0 0 0
126.0 -775.1 2572.4 0 0 0 0 0 0 0 0 0
324.5 -771.1 2562.8 0 0 0 0 0 0 0 0 0
208.1 502.3 2486.9 8 0.9921838641 -0.0227973331 -0.1226846278 0.0449894965 0.9823996425 0.1812921315 0.1163923591 -0.1853946447 0.9757466912
212.8 302.5 2524.6 0.9921838641 -0.0227973331 -0.1226846278 0.0449894965 0.9823996425 0.1812921315 0.1163923591 -0.1853946447 0.9757466912
217.6 106.4 2556.6 0.9922184944 -0.0244030133 -0.1220939159 0.0435430072 0.9866940379 0.1566488445 0.1166466326 -0.1607462168 0.9800786972
73.2 296.4 2508.2 0.1613591015 -0.6468250751 -0.7453727722 0.9291127920 0.3542066514 -0.1062407419 0.3327351809 -0.6753924489 0.6581279039
34.1 71.5 2427.7 -0.7625155449 -0.6468250751 0.0136892721 -0.3162652850 0.3542066514 -0.8800647259 0.5643991232 -0.6753924489 -0.4746564031
352.4 308.6 2541.0 0.4048084915 0.8991755247 0.1661731601 -0.9119580388 0.4102805853 0.0015292403 -0.0668025613 -0.1521620005 0.9860954285
469.2 45.3 2521.8 0.3232504725 0.8902375102 0.3209148347 -0.8159956932 0.4339547455 -0.3818826377 -0.4792287350 -0.1384213716 0.8667060137
132.3 -94.9 2573.0 0.9805058241 0.0137881851 0.1960056871 -0.0027848070 0.9984098077 -0.0563031621 -0.1964703202 0.0546597429 0.9789850712
