-35.8 486.8 2443.6 6 0.9676677585 0.2063205987 -0.1450892538 -0.1692574322 0.9576478601 0.2329430282 0.1870053560 -0.2008540332 0.9616062641
-78.2 289.8 2485.0 0.9676677585 0.2063205987 -0.1450892538 -0.1692574322 0.9576478601 0.2329430282 0.1870053560 -0.2008540332 0.9616062641
-115.8 98.1 2521.4 0.9705576897 0.1890948713 -0.1492007375 -0.1552080512 0.9646556973 0.2129551470 0.1841960549 -0.1835280955 0.9656030536
-220.0 312.5 2458.1 0.5596885085 -0.2631338537 -0.7858176231 0.4738300741 0.8795681596 0.0429528356 0.6798778176 -0.3963842392 0.6169649363
-343.4 208.0 2308.1 -0.9519940615 -0.2631338537 0.1564220935 -0.3033397794 0.8795681596 -0.3665308356 -0.0411372148 -0.3963842392 -0.9171625972
63.5 267.1 2511.9 -0.1854538620 0.8290153742 0.5275797248 -0.8717859387 0.1089335382 -0.4776219428 -0.4534270465 -0.5485134125 0.7025218010
19.3 59.2 2403.7 -0.4478448927 0.8290153742 -0.3349156082 0.7167428136 0.1089335382 -0.6887766123 -0.5345228314 -0.5485134125 -0.6429761648
-242.1 -80.6 2544.5 0.9828153849 -0.0102090659 -0.1843087673 -0.0025282961 0.9976312518 -0.0687418878 0.1845739782 0.0680265725 0.9804615378
-238.1 -477.1 2517.5 0.9817057848 0.0480249412 -0.1842479855 -0.0626498535 0.9952592254 -0.0743913800 0.1798018664 0.0845735595 0.9800605178
-63.9 -108.7 2576.9 0.9454491735 -0.0111037586 -0.3255803287 -0.0119962385 0.9975544214 -0.0688568503 0.3255486786 0.0690063909 0.9430038333
-59.5 -505.1 2549.4 0.9310892224 -0.1656234115 -0.3250257075 0.1395130903 0.9849287868 -0.1022322848 0.3370592296 0.0498420447 0.9401631951
-97.4 286.4 2318.7 0 0 0 0 0 0 0 0 0
-103.6 255.9 2257.1 0 0 0 0 0 0 0 0 0
-254.6 -818.6 2488.4 0 0 0 0 0 0 0 0 0
-6.9 -817.8 2533.6 0 0 0 0 0 0 0 0 0
-36.4 486.2 2453.2 7 0.9662292600 0.1989138573 -0.1638118774 -0.1645161211 0.9654742479 0.2019750774 0.1983317882 -0.1682045162 0.9655939937
-77.3 287.9 2487.7 0.9662292600 0.1989138573 -0.1638118774 -0.1645161211 0.9654742479 0.2019750774 0.1983317882 -0.1682045162 0.9655939937
-113.4 95.1 2518.7 0.9690165520 0.1821853667 -0.1667796373 -0.1503545046 0.9708054066 0.1868966073 0.1959604025 -0.1560298353 0.9681189060
-218.8 309.9 2459.1 0.5664499402 -0.2290155292 -0.7916352153 0.4514414668 0.8898870349 0.0655870810 0.6894454956 -0.3945287764 0.6074635983
-339.5 213.7 2312.2 -0.9734092355 -0.2290155292 0.0051286779 -0.2114947289 0.8898870349 -0.4041918218 0.0880022645 -0.3945287764 -0.9146598577
64.3 265.9 2516.4 -0.1464114338 0.8071133494 0.5719543099 -0.8809652328 0.1566094607 -0.4465128779 -0.4499599636 -0.5692464709 0.6881093979
28.6 51.5 2406.9 -0.4751117826 0.8071133494 -0.3504808545 0.7446605563 0.1566094607 -0.6488097906 -0.4687744081 -0.5692464709 -0.6754325032
-242.3 -79.3 2541.0 0.9797675610 -0.0072462922 -0.2000076175 -0.0013957161 0.9990726709 -0.0430336110 0.2001339644 0.0424420908 0.9788488746
-239.4 -476.2 2524.1 0.9789795876 0.0429562889 -0.1993834823 -0.0626631752 0.9936355352 -0.0936039090 0.1940936446 0.1041303203 0.9754406810
-64.3 -107.8 2574.8 0.9401496053 -0.0139422836 -0.3404766619 -0.0084892362 0.9978942275 -0.0643041953 0.3406562507 0.0633459464 0.9380515218
-58.8 -504.3 2549.6 0.9259041548 -0.1655483544 -0.3395514488 0.1366398335 0.9847676158 -0.1075279415 0.3521803617 0.0531643219 0.9344209433
-91.0 267.7 2289.7 0 0 0 0 0 0 0 0 0
-102.2 256.6 2277.8 0 0 0 0 0 0 0 0 0
-254.1 -816.3 2488.5 0 0 0 0 0 0 0 0 0
-6.2 -817.0 2532.7 0 0 0 0 0 0 0 0 0
-38.6 483.3 2449.5 8 0.9711659551 0.1919217110 -0.1414309144 -0.1602804065 0.9647772908 0.2086023837 0.1764846593 -0.1799189299 0.9677201509
-78.1 284.8 2486.5 0.9711659551 0.1919217110 -0.1414309144 -0.1602804065 0.9647772908 0.2086023837 0.1764846593 -0.1799189299 0.9677201509
-113.0 91.9 2518.7 0.9735975266 0.1761233211 -0.1452185363 -0.1474920213 0.9708991647 0.1886820048 0.1742238551 -0.1622817665 0.9712418318
-220.2 306.4 2461.0 0.5394259691 -0.1439286321 -0.8296409845 0.4337753952 0.8919839263 0.1272932440 0.7217052579 -0.4285431504 0.5435919762
-332.6 216.0 2310.7 -0.9884322882 -0.1439286321 -0.0478142835 -0.1086573303 0.8919839263 -0.4388146102 0.1058075577 -0.4285431504 -0.8973045945
64.1 263.3 2511.9 -0.1082985401 0.7772775888 0.6197668314 -0.9046573639 0.1814114302 -0.3855968118 -0.4121485651 -0.6024362445 0.6835233569
38.0 44.9 2412.5 -0.5140408874 0.7772775888 -0.3627691865 0.7352188826 0.1814114302 -0.6531026363 -0.4418315887 -0.6024362445 -0.6647220850
-238.4 -83.9 2531.8 0.9840870500 -0.0012553071 -0.1776824445 -0.0035561132 0.9996356368 -0.0267577078 0.1776512861 0.0269637723 0.9837240577
-237.9 -481.1 2521.1 0.9828392863 0.0510113724 -0.1772705019 -0.0674636140 0.9938285351 -0.0880537257 0.1716847420 0.0985019654 0.9802151322
-60.7 -111.5 2567.7 0.9476984143 -0.0056455405 -0.3191173673 -0.0086617414 0.9990203381 -0.0433969796 0.3190497458 0.0438913591 0.9467210770
-58.4 -508.5 2550.3 0.9335553050 -0.1652970910 -0.3180431128 0.1370285451 0.9845012426 -0.1094551980 0.3312064707 0.0586014949 0.9417367578
-78.9 243.9 2283.5 0 0 0 0 0 0 0 0 0
-104.1 248.1 2290.4 0 0 0 0 0 0 0 0 0
-255.1 -816.7 2487.8 0 0 0 0 0 0 0 0 0
-6.7 -816.7 2531.9 0 0 0 0 0 0 0 0 0
-39.6 485.8 2450.6 9 0.9699043632 0.1895309240 -0.1528514475 -0.1548504084 0.9645969272 0.2134809643 0.1879012883 -0.1833869964 0.9649156928
-78.6 287.1 2488.4 0.9699043632 0.1895309240 -0.1528514475 -0.1548504084 0.9645969272 0.2134809643 0.1879012883 -0.1833869964 0.9649156928
-112.8 94.0 2520.6 0.9724710584 0.1718973070 -0.1573257744 -0.1410998851 0.9716874957 0.1895105988 0.1854478419 -0.1620949209 0.9691926241
-220.7 307.7 2461.3 0.5175488591 -0.0970141292 -0.8501361012 0.4373976588 0.8839245439 0.1654105783 0.7354090214 -0.4574556053 0.4999079108
-326.8 218.0 2310.5 -0.9911588430 -0.0970141292 -0.0905120447 -0.0440039225 0.8839245439 -0.4655545354 0.1251711845 -0.4574556053 -0.8803786635
63.4 266.4 2515.5 -0.0758617297 0.7734971642 0.6292433143 -0.9162656665 0.1948512495 -0.3499860466 -0.3933220506 -0.6031045914 0.6939471364
45.1 46.0 2420.9 -0.5267837048 0.7734971642 -0.3524217010 0.7267631888 0.1948512495 -0.6586715579 -0.4408107698 -0.6031045914 -0.6647937298
-237.2 -87.4 2535.0 0.9820684195 -0.0012057598 -0.1885211319 -0.0066123204 0.9991439581 -0.0408361554 0.1884090006 0.0413504615 0.9812197685
-236.7 -484.4 2518.6 0.9809083343 0.0485251583 -0.1883191466 -0.0647716224 0.9945994616 -0.0810960159 0.1833669245 0.0917455032 0.9787539840
-58.7 -114.5 2566.9 0.9441475272 -0.0043476298 -0.3294943869 -0.0104651283 0.9990129471 -0.0431690626 0.3293568492 0.0442061611 0.9431701303
-57.0 -511.5 2549.4 0.9300473332 -0.1644891948 -0.3285655081 0.1367319077 0.9849162698 -0.1060395166 0.3410518467 0.0536963828 0.9385096431
-70.3 229.4 2278.2 0 0 0 0 0 0 0 0 0
-100.9 247.4 2298.7 0 0 0 0 0 0 0 0 0
-253.0 -817.8 2487.8 0 0 0 0 0 0 0 0 0
-5.9 -817.4 2532.7 0 0 0 0 0 0 0 0 0
-41.2 485.9 2456.7 0 0.9658679366 0.1853275746 -0.1809775084 -0.1484168321 0.9685450196 0.1997322142 0.2123007625 -0.1660548300 0.9629923105
-79.1 287.4 2490.7 0.9658679366 0.1853275746 -0.1809775084 -0.1484168321 0.9685450196 0.1997322142 0.2123007625 -0.1660548300 0.9629923105
-112.7 93.8 2520.1 0.9680907726 0.1692000777 -0.1848556399 -0.1362343729 0.9744669795 0.1784778982 0.2103341818 -0.1475991011 0.9664233327
-220.5 307.4 2460.0 0.5098279119 -0.0775522441 -0.8567736745 0.4378954470 0.8806461096 0.1808590144 0.7404884100 -0.4673842788 0.4829377532
-323.5 218.9 2310.3 -0.9893329144 -0.0775522441 -0.1233126745 -0.0099932617 0.8806461096 -0.4736692309 0.1453289390 -0.4673842788 -0.8720272183
62.2 267.5 2521.4 -0.0475676171 0.7832983136 0.6198233962 -0.9176092148 0.2108865976 -0.3369275928 -0.3946272731 -0.5847824812 0.7087303996
50.8 47.0 2426.6 -0.5264834762 0.7832983136 -0.3305432796 0.7252393961 0.2108865976 -0.6554042101 -0.4436698556 -0.5847824812 -0.6791071296
-236.1 -86.1 2535.8 0.9766597152 -0.0030907353 -0.2147701383 -0.0059127752 0.9991306663 -0.0412665270 0.2147109807 0.0415732414 0.9757924080
-234.9 -483.2 2519.3 0.9752009511 0.0546381921 -0.2144709677 -0.0736146197 0.9939502478 -0.0815094113 0.2087199539 0.0952762514 0.9733234048
-57.7 -112.0 2569.8 0.9349785447 -0.0014091379 -0.3547014594 -0.0125136152 0.9992385507 -0.0369550958 0.3544834554 0.0389908217 0.9342489839
-57.2 -509.1 2554.3 0.9208490252 -0.1651238501 -0.3532296419 0.1289081275 0.9838882685 -0.1238811612 0.3679942191 0.0685416758 0.9272983670
-65.4 221.5 2272.4 0 0 0 0 0 0 0 0 0
-95.3 248.3 2303.5 0 0 0 0 0 0 0 0 0
-253.2 -817.3 2487.3 0 0 0 0 0 0 0 0 0
-5.5 -817.0 2532.9 0 0 0 0 0 0 0 0 0
-44.0 484.1 2459.7 1 0.9649417400 0.1780944616 -0.1927945912 -0.1412553340 0.9714859128 0.1904259324 0.2212110311 -0.1565166712 0.9625841379
-80.4 285.8 2491.7 0.9649417400 0.1780944616 -0.1927945912 -0.1412553340 0.9714859128 0.1904259324 0.2212110311 -0.1565166712 0.9625841379
-112.9 91.7 2519.2 0.9667031765 0.1640412956 -0.1964062750 -0.1312255710 0.9766920209 0.1698603928 0.2196925581 -0.1384310573 0.9656977057
-221.5 305.0 2459.6 0.5043600202 -0.0681268126 -0.8608017564 0.4269519448 0.8861733675 0.1800243855 0.7505551577 -0.4583180845 0.4760372937
-322.1 219.8 2309.9 -0.9874695539 -0.0681268126 -0.1423469931 0.0056507485 0.8861733675 -0.4633193314 0.1577085853 -0.4583180845 -0.8746842742
60.8 266.6 2523.8 -0.0762999579 0.8165254593 0.5722451210 -0.8753347993 0.2199702114 -0.4305834770 -0.4774592519 -0.5337595344 0.6979494095
42.8 59.4 2410.8 -0.4958713949 0.8165254593 -0.2956310511 0.7406848073 0.2199702114 -0.6348221302 -0.4533183873 -0.5337595344 -0.7138649821
-235.0 -87.3 2530.1 0.9743435383 -0.0026415943 -0.2250503451 -0.0036477915 0.9996144176 -0.0275261849 0.2250362933 0.0276408978 0.9739582539
-234.0 -484.5 2519.1 0.9726941586 0.0588566177 -0.2245037705 -0.0800234228 0.9930437803 -0.0863732472 0.2178584337 0.1019803137 0.9706377983
-57.5 -112.3 2568.7 0.9311966300 -0.0043987818 -0.3644907773 -0.0085288892 0.9993905425 -0.0338504389 0.3644175231 0.0346301161 0.9305915236
-55.8 -509.5 2554.9 0.9180341959 -0.1607712507 -0.3624442518 0.1217800677 0.9842517376 -0.1281331331 0.3773365319 0.0734921098 0.9231554866
-62.0 218.3 2268.3 0 0 0 0 0 0 0 0 0
-94.6 264.6 2285.2 0 0 0 0 0 0 0 0 0
-253.5 -813.8 2485.3 0 0 0 0 0 0 0 0 0
-5.2 -819.0 2531.8 0 0 0 0 0 0 0 0 0
-45.0 482.7 2453.2 2 0.9707130790 0.1791124344 -0.1601088792 -0.1460251212 0.9691004753 0.1987987757 0.1907689273 -0.1695966572 0.9668734074
-81.7 284.2 2488.0 0.9707130790 0.1791124344 -0.1601088792 -0.1460251212 0.9691004753 0.1987987757 0.1907689273 -0.1695966572 0.9668734074
-114.3 90.5 2517.9 0.9726542234 0.1646053940 -0.1638561636 -0.1350470483 0.9747914672 0.1776061207 0.1889605075 -0.1506210417 0.9703645110
-223.7 303.9 2460.4 0.5670459270 -0.0579130128 -0.8216477036 0.3883029222 0.8985207677 0.2046491951 0.7264156938 -0.4350937009 0.5319903493
-340.0 224.3 2311.4 -0.9874027371 -0.0579130128 -0.1472479105 0.0127287991 0.8985207677 -0.4387464225 0.1577144265 -0.4350937009 -0.8864646554
60.3 264.4 2515.6 -0.0614560246 0.8271306753 0.5586394072 -0.8874298334 0.2108884305 -0.4098711908 -0.4568276107 -0.5209423304 0.7210600376
45.6 51.9 2406.2 -0.4846316576 0.8271306753 -0.2845821679 0.7370040417 0.2108884305 -0.6421456933 -0.4711233377 -0.5209423304 -0.7118018866
-234.1 -90.3 2526.6 0.9811385274 0.0030061365 -0.1932826191 -0.0082309637 0.9996219277 -0.0262347218 0.1931306720 0.0273307990 0.9807923436
-235.3 -487.5 2515.7 0.9793490171 0.0596170090 -0.1931873709 -0.0756586194 0.9941759109 -0.0767462030 0.1874868572 0.0897776112 0.9781557322
-56.8 -114.4 2566.9 0.9425255656 -0.0071536256 -0.3340574801 -0.0038078988 0.9994758964 -0.0321469195 0.3341123760 0.0315713510 0.9420043230
-54.0 -511.6 2554.3 0.9303625226 -0.1558102071 -0.3318867385 0.1198047176 0.9847120047 -0.1264478713 0.3465147018 0.0778807551 0.9348059297
-78.6 220.9 2269.6 0 0 0 0 0 0 0 0 0
-88.6 255.9 2275.8 0 0 0 0 0 0 0 0 0
-255.0 -815.8 2486.1 0 0 0 0 0 0 0 0 0
-5.7 -816.7 2530.2 0 0 0 0 0 0 0 0 0
-45.6 480.8 2449.5 3 0.9734095335 0.1818363965 -0.1393176466 -0.1509180814 0.9666008353 0.2071389556 0.1723299474 -0.1806054711 0.9683408737
-82.9 282.3 2486.6 0.9734095335 0.1818363965 -0.1393176466 -0.1509180814 0.9666008353 0.2071389556 0.1723299474 -0.1806054711 0.9683408737
-115.3 88.8 2518.0 0.9760833383 0.1630567014 -0.1437839270 -0.1358744800 0.9738636017 0.1820104122 0.1697039455 -0.1581207663 0.9727272987
-225.4 302.2 2461.8 0.6211562157 -0.1146412045 -0.7752563357 0.3737141490 0.9128508568 0.1644417942 0.6888415813 -0.3918682933 0.6098660231
-353.7 225.0 2319.6 -0.9778968096 -0.1146412045 -0.1748578846 -0.0342663005 0.9128508568 -0.4068527818 0.2062612474 -0.3918682933 -0.8966022134
59.6 262.4 2511.4 -0.0569202639 0.8410651684 0.5379306674 -0.8922255635 0.1989170760 -0.4054201543 -0.4479883909 -0.5030321479 0.7390974760
46.0 48.6 2404.0 -0.4709680080 0.8410651684 -0.2660798430 0.7267051339 0.1989170760 -0.6575193405 -0.5000888109 -0.5030321479 -0.7048899531
-236.1 -90.8 2530.5 0.9848620296 -0.0024701871 -0.1733224243 -0.0020937058 0.9996560216 -0.0261440426 0.1733273864 0.0261111613 0.9845180511
-235.2 -488.1 2520.2 0.9833295345 0.0567418300 -0.1727525294 -0.0738231614 0.9928207994 -0.0941116288 0.1661722362 0.1052958742 0.9804588556
-57.9 -115.6 2565.2 0.9490950108 -0.0105004301 -0.3148148358 -0.0000783046 0.9994363189 -0.0335715748 0.3149898946 0.0318872631 0.9485592246
-53.7 -512.8 2552.5 0.9371497631 -0.1548776180 -0.3126711547 0.1223065704 0.9850460887 -0.1213479787 0.3267895877 0.0754794925 0.9420782328
-94.8 234.1 2265.0 0 0 0 0 0 0 0 0 0
-84.3 249.6 2265.6 0 0 0 0 0 0 0 0 0
-253.7 -812.6 2485.7 0 0 0 0 0 0 0 0 0
-6.1 -815.7 2529.3 0 0 0 0 0 0 0 0 0
-45.9 478.2 2449.1 4 0.9732226133 0.1801439375 -0.1427792162 -0.1486532390 0.9670194387 0.2068227977 0.1753281504 -0.1800600439 0.9679041505
-82.8 280.1 2486.0 0.9732226133 0.1801439375 -0.1427792162 -0.1486532390 0.9670194387 0.2068227977 0.1753281504 -0.1800600439 0.9679041505
-115.9 86.7 2517.5 0.9749851823 0.1667821556 -0.1469272822 -0.1387962103 0.9731482267 0.1836249679 0.1736073941 -0.1586386710 0.9719538093
-225.2 300.4 2460.7 0.6403713822 -0.1659993231 -0.7499124408 0.3719164133 0.9212819338 0.1136565432 0.6720138788 -0.3516871631 0.6517004371
-358.5 223.0 2320.8 -0.9722427726 -0.1659993231 -0.1648885757 -0.0932680815 0.9212819338 -0.3775456250 0.2145811766 -0.3516871631 -0.9111921191
59.6 259.8 2511.4 -0.0506706499 0.8469619751 0.5292333364 -0.8902274966 0.2018914670 -0.4083317816 -0.4526891708 -0.4918285012 0.7437588573
47.4 46.1 2402.7 -0.4711861908 0.8469619751 -0.2462499142 0.7135292292 0.2018914670 -0.6709067225 -0.5185167193 -0.4918285012 -0.6994605660
-237.1 -92.3 2533.9 0.9841744900 -0.0037612554 -0.1771622896 -0.0023575991 0.9994083047 -0.0343149677 0.1771865338 0.0341895930 0.9835832715
-235.6 -489.4 2520.3 0.9827288985 0.0551410429 -0.1766446084 -0.0723164082 0.9931004047 -0.0923143402 0.1703355312 0.1034942791 0.9799360633
-58.2 -117.2 2565.0 0.9478040338 -0.0163914114 -0.3184317648 0.0032586125 0.9991235733 -0.0417311378 0.3188367188 0.0385152958 0.9470267892
-51.6 -514.3 2549.7 0.9365485311 -0.1505911797 -0.3165425360 0.1212488636 0.9864465594 -0.1105529442 0.3289005756 0.0651577711 0.9421140552
-100.9 247.7 2263.9 0 0 0 0 0 0 0 0 0
-82.9 243.6 2259.3 0 0 0 0 0 0 0 0 0
-253.8 -816.5 2486.2 0 0 0 0 0 0 0 0 0
-5.6 -816.1 2529.8 0 0 0 0 0 0 0 0 0
-45.4 478.1 2448.4 5 0.9718590975 0.1797349304 -0.1522671282 -0.1456003785 0.9664706588 0.2115064412 0.1851768196 -0.1833842993 0.9654427767
-82.3 280.1 2486.0 0.9718590975 0.1797349304 -0.1522671282 -0.1456003785 0.9664706588 0.2115064412 0.1851768196 -0.1833842993 0.9654427767
-115.0 86.8 2518.1 0.9737913013 0.1650402695 -0.1564998627 -0.1347313523 0.9729426503 0.1876967102 0.1832429022 -0.1616919935 0.9696791768
-224.5 299.8 2459.2 0.6629472971 -0.1857863516 -0.7252477407 0.3685560822 0.9241954684 0.1001455858 0.6516650319 -0.3336857259 0.6811655760
-361.9 223.4 2324.1 -0.9684967399 -0.1857863516 -0.1658237725 -0.1149275824 0.9241954684 -0.3642174900 0.2209202200 -0.3336857259 -0.9164322615
60.0 260.5 2512.8 -0.0480461679 0.8461453319 0.5307821035 -0.8880960345 0.2070149183 -0.4104025364 -0.4571399987 -0.4911037683 0.7415120602
48.3 45.2 2402.0 -0.4791190028 0.8461453319 -0.2334160805 0.6990480423 0.2070149183 -0.6844535470 -0.5308265686 -0.4911037683 -0.6906809807
-238.4 -93.9 2533.1 0.9824932218 -0.0073902258 -0.1861517578 0.0024830156 0.9996435642 -0.0265807100 0.1862818450 0.0256531499 0.9821614027
-235.5 -491.2 2523.0 0.9812658429 0.0535711572 -0.1850608289 -0.0734076425 0.9920666218 -0.1020543128 0.1781255156 0.1137272865 0.9774136543
-59.6 -119.4 2565.0 0.9448701739 -0.0146401068 -0.3271177709 0.0040600849 0.9994469881 -0.0330026671 0.3274200559 0.0298551079 0.9444071054
-53.8 -516.6 2553.1 0.9326757193 -0.1574811190 -0.3245237470 0.1239503771 0.9848018289 -0.1216619238 0.3387510478 0.0732462853 0.9380206466
-104.9 253.9 2265.5 0 0 0 0 0 0 0 0 0
-84.2 238.6 2255.1 0 0 0 0 0 0 0 0 0
-253.0 -815.0 2485.8 0 0 0 0 0 0 0 0 0
-6.1 -815.0 2530.9 0 0 0 0 0 0 0 0 0
-44.9 478.2 2458.6 6 0.9714795947 0.1781108975 -0.1565371454 -0.1477759331 0.9710355997 0.1877555847 0.1854444444 -0.1592683047 0.9696617723
-81.4 279.3 2491.2 0.9714795947 0.1781108975 -0.1565371454 -0.1477759331 0.9710355997 0.1877555847 0.1854444444 -0.1592683047 0.9696617723
-114.0 85.3 2519.4 0.9734131694 0.1639450639 -0.1599649936 -0.1367685646 0.9762116075 0.1682415754 0.1837420613 -0.1418903768 0.9726797938
-223.6 299.2 2464.4 0.6132180691 -0.1450608820 -0.7764798403 0.3699444234 0.9212648273 0.1200509369 0.6979288459 -0.3608717620 0.6186007261
-350.2 222.9 2320.3 -0.9726976156 -0.1450608820 -0.1811538935 -0.0660064295 0.9212648273 -0.3832939565 0.2224916667 -0.3608717620 -0.9056870341
60.8 259.3 2518.1 -0.0473657474 0.8450063467 0.5326544642 -0.8766099811 0.2204783261 -0.4277198017 -0.4788646996 -0.4871895015 0.7302978635
49.3 45.8 2401.5 -0.4837984145 0.8450063467 -0.2278231680 0.7033304572 0.2204783261 -0.6758073568 -0.5208314061 -0.4871895015 -0.7009857297
-237.1 -94.2 2533.5 0.9818776846 -0.0054792645 -0.1894364804 0.0002344568 0.9996163249 -0.0276976973 0.1895155609 0.0271513369 0.9815022349
-234.9 -491.4 2522.7 0.9802949429 0.0585678369 -0.1886574775 -0.0773632526 0.9925758839 -0.0938514695 0.1817601770 0.1065972745 0.9775480628
-58.5 -118.9 2567.1 0.9437890053 -0.0114733586 -0.3303493857 -0.0006671669 0.9993292689 -0.0366137438 0.3305478990 0.0347760469 0.9431483150
-54.0 -516.0 2553.3 0.9315963387 -0.1559278518 -0.3283515871 0.1236968264 0.9853990078 -0.1169954464 0.3418001831 0.0683764815 0.9372818470
-91.7 240.4 2261.2 0 0 0 0 0 0 0 0 0
-84.6 240.4 2257.3 0 0 0 0 0 0 0 0 0
-254.2 -817.0 2487.7 0 0 0 0 0 0 0 0 0
-6.3 -817.6 2532.3 0 0 0 0 0 0 0 0 0
-44.6 480.4 2461.7 7 0.9720619917 0.1771987081 -0.1539353728 -0.1497536153 0.9731846452 0.1746009886 0.1807466149 -0.1466706097 0.9725319743
-81.0 280.4 2491.8 0.9720619917 0.1771987081 -0.1539353728 -0.1497536153 0.9731846452 0.1746009886 0.1807466149 -0.1466706097 0.9725319743
-113.4 86.2 2518.4 0.9741299748 0.1629743427 -0.1565570384 -0.1378947943 0.9775087237 0.1595672965 0.1790412366 -0.1338508874 0.9746938944
-223.3 300.5 2465.7 0.5646091700 -0.0984745175 -0.8194627762 0.3856265247 0.9092980623 0.1564263552 0.7297319174 -0.4043263197 0.5513724089
-339.1 221.5 2316.1 -0.9798753858 -0.0984745175 -0.1736288220 -0.0177097097 0.9092980623 -0.4157684147 0.1988229454 -0.4043263197 -0.8927427530
61.3 260.2 2518.0 -0.0498688854 0.8419369459 0.5372664332 -0.8712157607 0.2263634801 -0.4355945587 -0.4883606732 -0.4897976220 0.7222203016
49.1 47.5 2398.8 -0.4885807335 0.8419369459 -0.2289781570 0.7050457597 0.2263634801 -0.6720640659 -0.5140032768 -0.4897976220 -0.7042009234
-235.8 -96.1 2530.8 0.9825571179 0.0004494507 -0.1859604865 -0.0034139659 0.9998721480 -0.0156217236 0.1859296858 0.0159840994 0.9824330211
-236.0 -493.5 2524.4 0.9810681939 0.0561985709 -0.1853291392 -0.0757813603 0.9920640588 -0.1003301591 0.1782199591 0.1124752238 0.9775412679
-57.3 -121.2 2564.5 0.9449510574 -0.0076750657 -0.3271216750 -0.0013817864 0.9996223450 -0.0274451021 0.3272087872 0.0263862908 0.9445835948
-54.2 -518.5 2554.0 0.9321274161 -0.1598045081 -0.3249630332 0.1266084015 0.9845455885 -0.1209973097 0.3392768204 0.0716418624 0.9379545450
-78.6 226.2 2263.2 0 0 0 0 0 0 0 0 0
-86.1 242.7 2256.5 0 0 0 0 0 0 0 0 0
-254.4 -818.6 2487.6 0 0 0 0 0 0 0 0 0
-5.9 -816.0 2532.3 0 0 0 0 0 0 0 0 0
-43.3 478.8 2462.7 8 0.9714492559 0.1782148480 -0.1566072851 -0.1511323750 0.9736905098 0.1705455631 0.1828807741 -0.1420079321 0.9728249311
-79.8 279.5 2491.8 0.9714492559 0.1782148480 -0.1566072851 -0.1511323750 0.9736905098 0.1705455631 0.1828807741 -0.1420079321 0.9728249311
-112.6 85.3 2518.2 0.9734324217 0.1651300341 -0.1586235613 -0.1398634017 0.9773070812 0.1590884328 0.1812942028 -0.1326761991 0.9744380116
-222.0 299.9 2465.3 0.5445747972 -0.0762402639 -0.8352398872 0.3943097889 0.9022123814 0.1747357398 0.7402418852 -0.4244999588 0.5213844180
-333.3 219.3 2314.0 -0.9815199971 -0.0762402639 -0.1755161732 0.0070337276 0.9022123814 -0.4312346280 0.1912303120 -0.4244999588 -0.8850032687
62.4 259.0 2518.3 -0.0508776903 0.8429499865 0.5355807543 -0.8701608777 0.2257719636 -0.4380035102 -0.4901341796 -0.4883260131 0.7220153809
49.9 46.3 2398.5 -0.4872956574 0.8429499865 -0.2279873192 0.7050679922 0.2257719636 -0.6722396016 -0.5151912570 -0.4883260131 -0.7043547630
-235.1 -95.4 2528.6 0.9821030498 0.0016964778 -0.1883366704 -0.0012185855 0.9999957085 0.0026531958 0.1883403659 -0.0023762072 0.9821009636
-235.8 -492.8 2529.6 0.9807195663 0.0563660488 -0.1871148795 -0.0798395872 0.9895118475 -0.1203825921 0.1783668995 0.1330007464 0.9749338627
-56.5 -120.7 2561.4 0.9441661835 -0.0004428974 -0.3294693530 -0.0086398665 0.9996219277 -0.0261031855 0.3293563426 0.0274923164 0.9438053370
-56.3 -518.0 2550.5 0.9299959540 -0.1655871868 -0.3281590343 0.1351189911 0.9842797518 -0.1137375161 0.3418337703 0.0614349172 0.9377502203
-70.3 217.4 2262.8 0 0 0 0 0 0 0 0 0
-84.9 241.5 2255.9 0 0 0 0 0 0 0 0 0
-254.3 -817.0 2486.0 0 0 0 0 0 0 0 0 0
-6.2 -815.8 2531.9 0 0 0 0 0 0 0 0 0
-42.9 476.2 2455.2 9 0.9743317366 0.1803542823 -0.1347220391 -0.1533907652 0.9699069858 0.1890811622 0.1647694409 -0.1635626554 0.9726758599
-79.8 277.4 2488.8 0.9743317366 0.1803542823 -0.1347220391 -0.1533907652 0.9699069858 0.1890811622 0.1647694409 -0.1635626554 0.9726758599
-113.2 83.8 2518.2 0.9760420322 0.1683652252 -0.1378229260 -0.1438541263 0.9745737910 0.1717904210 0.1632421315 -0.1478482634 0.9754449725
-222.4 298.5 2464.9 0.5304175615 -0.0746013522 -0.8444476724 0.3977525532 0.9015699029 0.1701900512 0.7486321926 -0.4261530042 0.5078813434
-330.8 217.2 2312.0 -0.9822519422 -0.0746013522 -0.1720922589 0.0073137083 0.9015699029 -0.4325716794 0.1874236315 -0.4261530042 -0.8850231767
62.7 256.4 2512.6 -0.0663547814 0.8338843584 0.5479360223 -0.8754276037 0.2148435712 -0.4329766631 -0.4787729979 -0.5084083676 0.7157495022
46.5 42.3 2395.5 -0.4940176010 0.8338843584 -0.2461370528 0.7013062239 0.2148435712 -0.6797145009 -0.5139223337 -0.5084083676 -0.6909447908
-234.7 -96.1 2527.9 0.9857046604 0.0027069380 -0.1684605181 -0.0043725739 0.9999451637 -0.0095172264 0.1684255153 0.0101177813 0.9856624603
-235.8 -493.4 2523.9 0.9839023352 0.0607458465 -0.1680659652 -0.0776244625 0.9923741221 -0.0957497731 0.1609679163 0.1072544530 0.9811145663
-56.2 -121.7 2561.2 0.9505968094 -0.0001403386 -0.3104282916 -0.0088238912 0.9995836020 -0.0274725035 0.3103028834 0.0288544595 0.9501997232
-56.1 -519.0 2549.7 0.9363445640 -0.1659594774 -0.3093804419 0.1384559125 0.9843528271 -0.1089928374 0.3226279020 0.0592193007 0.9446715117
-65.9 215.2 2261.4 0 0 0 0 0 0 0 0 0
-90.2 236.4 2253.3 0 0 0 0 0 0 0 0 0
-255.8 -820.2 2488.6 0 0 0 0 0 0 0 0 0
-5.9 -817.1 2531.8 0 0 0 0 0 0 0 0 0
-41.1 485.7 2460.0 0 0.9676175117 0.1778932959 -0.1790818423 -0.1442681253 0.9719104171 0.1859483719 0.2071304768 -0.1540911049 0.9661018848
-77.6 286.2 2491.6 0.9676175117 0.1778932959 -0.1790818423 -0.1442681253 0.9719104171 0.1859483719 0.2071304768 -0.1540911049 0.9661018848
-110.2 92.1 2519.2 0.9694942832 0.1639666110 -0.1821972281 -0.1335708797 0.9766629934 0.1681909263 0.2055229843 -0.1387238950 0.9687703252
-219.1 305.7 2461.6 0.6191580892 -0.0889136195 -0.7802163959 0.4020245075 0.8893766999 0.2176819295 0.6745513678 -0.4484456182 0.5864102244
-348.3 221.8 2320.9 -0.9769550562 -0.0889136195 -0.1940444112 0.0098408088 0.8893766999 -0.4570692182 0.2132182568 -0.4484456182 -0.8680060506
63.8 266.7 2521.6 -0.0358585529 0.8528715372 0.5208880305 -0.8751442432 0.2248697728 -0.4284345508 -0.4825316072 -0.4712151885 0.7383220792
55.1 52.6 2403.6 -0.4787441790 0.8528715372 -0.2083606571 0.6969611049 0.2248697728 -0.6809396744 -0.5339000225 -0.4712151885 -0.7020733356
-236.2 -96.6 2532.6 0.9774267673 -0.0005405095 -0.2112739086 -0.0017847305 0.9999399185 -0.0108149676 0.2112670541 0.0109479055 0.9773670435
-236.0 -494.0 2528.2 0.9758961201 0.0579389520 -0.2104039937 -0.0802114382 0.9918584228 -0.0989087299 0.2029602975 0.1134014502 0.9725981951
-57.2 -123.0 2562.5 0.9362049699 -0.0070339581 -0.3513840139 -0.0030715847 0.9995977879 -0.0281935465 0.3514409959 0.0274742451 0.9358068109
-54.4 -520.3 2551.6 0.9226915240 -0.1630724072 -0.3493532836 0.1295971274 0.9846026897 -0.1173120737 0.3631045520 0.0629676729 0.9296182990
-84.1 219.2 2263.2 0 0 0 0 0 0 0 0 0
-77.4 245.5 2255.9 0 0 0 0 0 0 0 0 0
-254.8 -816.5 2491.3 0 0 0 0 0 0 0 0 0
-5.4 -816.1 2532.7 0 0 0 0 0 0 0 0 0
-42.4 488.3 2461.9 1 0.9658738375 0.1701103002 -0.1953207254 -0.1339376271 0.9734742641 0.1854956299 0.2216944098 -0.1530045718 0.9630374908
-77.2 289.1 2493.2 0.9658738375 0.1701103002 -0.1953207254 -0.1339376271 0.9734742641 0.1854956299 0.2216944098 -0.1530045718 0.9630374908
-108.5 94.8 2520.2 0.9672681689 0.1580303311 -0.1985413730 -0.1256453395 0.9780305028 0.1663418859 0.2204665840 -0.1359514296 0.9658735394
-218.4 307.5 2461.0 0.6573656201 -0.1237141863 -0.7433473468 0.3943803906 0.8970371485 0.1994705200 0.6421328187 -0.4242866635 0.6384718418
-358.0 223.8 2324.6 -0.9709520936 -0.1237141863 -0.2048093528 -0.0211788621 0.8970371485 -0.4414474368 0.2383349091 -0.4242866635 -0.8736001849
64.0 270.8 2525.4 -0.0212765597 0.8580849171 0.5130668283 -0.8750681877 0.2322130203 -0.4246560335 -0.4835317433 -0.4580036700 0.7459421158
58.8 56.7 2407.1 -0.4764046669 0.8580849171 -0.1916477531 0.6928699017 0.2322130203 -0.6826480627 -0.5412669182 -0.4580036700 -0.7051686049
-231.5 -89.7 2528.0 0.9740151763 0.0104731955 -0.2262405455 -0.0047494527 0.9996550679 0.0258288998 0.2264330238 -0.0240832213 0.9737289548
-235.7 -486.7 2537.5 0.9725890756 0.0579461269 -0.2251949757 -0.0882184431 0.9880005717 -0.1267767400 0.2151465565 0.1431680322 0.9660304785
-53.9 -114.2 2565.7 0.9307653308 0.0043893759 -0.3655908108 -0.0157677121 0.9994795322 -0.0281433444 0.3652769923 0.0319593772 0.9303501248
-55.6 -511.4 2553.0 0.9174513221 -0.1596155763 -0.3644255400 0.1234601662 0.9849933982 -0.1206051633 0.3782072067 0.0656573251 0.9233896136
-95.1 229.5 2260.1 0 0 0 0 0 0 0 0 0
-73.0 248.4 2257.3 0 0 0 0 0 0 0 0 0
-255.0 -815.9 2489.8 0 0 0 0 0 0 0 0 0
-6.7 -813.1 2532.8 0 0 0 0 0 0 0 0 0
-43.1 486.8 2464.3 2 0.9656699300 0.1655634493 -0.2001756430 -0.1305849105 0.9755285382 0.1768943816 0.2245642990 -0.1446816772 0.9636586905
-76.9 287.5 2493.9 0.9656699300 0.1655634493 -0.2001756430 -0.1305849105 0.9755285382 0.1768943816 0.2245642990 -0.1446816772 0.9636586905
-106.8 92.7 2519.4 0.9674954414 0.1504287124 -0.2032825202 -0.1192863435 0.9802615047 0.1576647311 0.2229873389 -0.1282910854 0.9663426280
-218.2 304.9 2461.3 0.6517406702 -0.1601164490 -0.7413479686 0.3958535194 0.9055761695 0.1524199545 0.6469420791 -0.3928034902 0.6535834670
-354.7 222.0 2325.8 -0.9587115049 -0.1601164490 -0.2350212932 -0.0479223095 0.9055761695 -0.4214680493 0.2803136408 -0.3928034902 -0.8758593798
64.4 270.1 2526.5 -0.0124325352 0.8576580882 0.5140700936 -0.8715453744 0.2427195162 -0.4260233641 -0.4901572168 -0.4533319771 0.7444702983
61.4 56.8 2406.5 -0.4803997576 0.8576580882 -0.1834086180 0.6926410794 0.2427195162 -0.6792169213 -0.5380190015 -0.4533319771 -0.7106515765
-228.6 -88.0 2527.0 0.9731046557 0.0158392657 -0.2298183441 -0.0115008065 0.9997296929 0.0202050675 0.2300762534 -0.0170185491 0.9730237722
-234.9 -485.2 2533.8 0.9712392688 0.0619010217 -0.2299186736 -0.0892521888 0.9898575544 -0.1105261594 0.2207450569 0.1278680861 0.9669133425
-51.3 -111.1 2567.5 0.9294715524 0.0150836175 -0.3685852587 -0.0304689035 0.9988887906 -0.0359567404 0.3676333129 0.0446511582 0.9288982749
-57.3 -508.0 2549.7 0.9154725075 -0.1609832793 -0.3687742352 0.1322422028 0.9859437346 -0.1021122262 0.3800290227 0.0447134189 0.9238932133
-100.1 234.8 2251.4 0 0 0 0 0 0 0 0 0
-71.6 248.5 2257.6 0 0 0 0 0 0 0 0 0
-255.8 -819.3 2490.7 0 0 0 0 0 0 0 0 0
-7.0 -815.8 2535.8 0 0 0 0 0 0 0 0 0
-45.2 487.5 2471.5 3 0.9588883519 0.1622029543 -0.2328589112 -0.1260597557 0.9786108732 0.1625720263 0.2542479336 -0.1265342981 0.9588258862
-78.4 287.8 2497.4 0.9588883519 0.1622029543 -0.2328589112 -0.1260597557 0.9786108732 0.1625720263 0.2542479336 -0.1265342981 0.9588258862
-107.4 92.6 2520.2 0.9608162642 0.1465542465 -0.2352742851 -0.1138144508 0.9825322032 0.1472302526 0.2527417839 -0.1146836057 0.9607129097
-218.6 304.4 2460.5 0.6871852875 -0.1690472960 -0.7065404058 0.3832899928 0.9105407000 0.1549335569 0.6171426773 -0.3772779405 0.6905043125
-362.3 224.3 2331.4 -0.9534780979 -0.1690472960 -0.2496047318 -0.0541403964 0.9105407000 -0.4098590612 0.2965608537 -0.3772779405 -0.8773329258
61.9 271.1 2534.3 0.0103076315 0.8696958423 0.4934804440 -0.8671658635 0.2535108626 -0.4286672771 -0.4979127944 -0.4235108197 0.7567836046
64.4 59.0 2412.5 -0.4685418904 0.8696958423 -0.1552342772 0.6938670874 0.2535108626 -0.6740035415 -0.5468244553 -0.4235108197 -0.7222337723
-225.3 -91.1 2524.4 0.9651605487 0.0218385011 -0.2607454360 -0.0172275808 0.9996524453 0.0199563559 0.2610906363 -0.0147690745 0.9652013183
-234.0 -488.3 2530.3 0.9628205895 0.0677637309 -0.2615044713 -0.0962584019 0.9905470610 -0.0977283716 0.2524100542 0.1192668900 0.9602419138
-47.9 -113.0 2565.3 0.9174539447 0.0138373366 -0.3976013064 -0.0296219643 0.9989967942 -0.0335847326 0.3967376947 0.0425901748 0.9169434309
-53.4 -510.0 2548.4 0.9055242538 -0.1478546411 -0.3976993561 0.1196460649 0.9882621765 -0.0949881375 0.4070756733 0.0384308994 0.9125856161
-111.2 238.6 2253.3 0 0 0 0 0 0 0 0 0
-65.2 251.0 2261.1 0 0 0 0 0 0 0 0 0
-256.5 -817.6 2490.7 0 0 0 0 0 0 0 0 0
-7.5 -817.0 2536.5 0 0 0 0 0 0 0 0 0
-47.5 488.0 2468.7 4 0.9627994895 0.1563827395 -0.2203668356 -0.1193744689 0.9777804017 0.1723230779 0.2424187213 -0.1396064013 0.9600746036
-79.5 287.9 2497.2 0.9627994895 0.1563827395 -0.2203668356 -0.1193744689 0.9777804017 0.1723230779 0.2424187213 -0.1396064013 0.9600746036
-107.3 92.7 2521.8 0.9646381140 0.1400774866 -0.2232746035 -0.1072176695 0.9823775291 0.1530972123 0.2407854348 -0.1237444356 0.9626576304
-220.4 303.6 2462.1 0.7151821852 -0.1862687767 -0.6736603975 0.3726815283 0.9170154929 0.1420951039 0.5912891626 -0.3526847064 0.7252520919
-368.9 226.1 2339.2 -0.9447097182 -0.1862687767 -0.2698657811 -0.0685686842 0.9170154929 -0.3929133415 0.3206585944 -0.3526847064 -0.8790856600
61.4 272.2 2532.4 0.0080530932 0.8626869917 0.5056741238 -0.8706405163 0.2547828853 -0.4207977653 -0.4918538630 -0.4368716478 0.7531420588
63.3 59.1 2412.0 -0.4793236554 0.8626869917 -0.1613071412 0.6874302626 0.2547828853 -0.6800920963 -0.5456083417 -0.4368716478 -0.7151606083
-224.5 -92.2 2519.8 0.9684761763 0.0253162403 -0.2478164881 -0.0167660881 0.9991911054 0.0365520716 0.2485413849 -0.0312448964 0.9681172371
-234.6 -489.2 2532.2 0.9661465287 0.0677163303 -0.2489486039 -0.0953423828 0.9903448820 -0.1006319523 0.2397305667 0.1209605634 0.9632745385
-48.4 -113.1 2566.2 0.9227001071 0.0167949218 -0.3851524889 -0.0269620363 0.9994155765 -0.0210118517 0.3845745325 0.0297721345 0.9226137400
-55.1 -510.3 2554.3 0.9101138115 -0.1531638503 -0.3850112855 0.1170940697 0.9863699079 -0.1155999675 0.3974692822 0.0601265915 0.9156434536
-121.2 244.1 2255.2 0 0 0 0 0 0 0 0 0
-69.3 249.4 2261.0 0 0 0 0 0 0 0 0 0
-257.0 -817.0 2492.2 0 0 0 0 0 0 0 0 0
-7.9 -814.5 2535.8 0 0 0 0 0 0 0 0 0
-46.8 497.6 2475.2 5 0.9523488879 0.1554221809 -0.2624415457 -0.1164578050 0.9805337787 0.1580856591 0.2819028199 -0.1199893355 0.9519103765
-78.6 296.6 2499.8 0.9523488879 0.1554221809 -0.2624415457 -0.1164578050 0.9805337787 0.1580856591 0.2819028199 -0.1199893355 0.9519103765
-106.1 101.0 2521.0 0.9541888237 0.1388339251 -0.2650449574 -0.1041703075 0.9845568538 0.1406996846 0.2804857194 -0.1066442579 0.9539154768
-217.9 311.9 2458.9 0.7396114469 -0.1878480166 -0.6462878585 0.3686401248 0.9164751768 0.1554917246 0.5630980134 -0.3532510996 0.7470839024
-374.2 234.0 2339.9 -0.9492827058 -0.1878480166 -0.2521418333 -0.0770770907 0.9164751768 -0.3925969005 0.3048302829 -0.3532510996 -0.8844728470
60.6 281.4 2540.7 0.0347650163 0.8788524270 0.4758254290 -0.8650468588 0.2648937404 -0.4260578156 -0.5004851222 -0.3967993855 0.7694575191
69.1 69.7 2418.3 -0.4600242376 0.8788524270 -0.1264758408 0.6909824014 0.2648937404 -0.6725879908 -0.5576029420 -0.3967993855 -0.7291290760
-223.5 -92.7 2524.3 0.9568714499 0.0317425057 -0.2887724042 -0.0228114165 0.9991531968 0.0342416205 0.2896147966 -0.0261775218 0.9567852616
-236.2 -489.7 2534.7 0.9550502300 0.0601959154 -0.2902679741 -0.0975288302 0.9884604216 -0.1159055009 0.2799413502 0.1390050650 0.9499002099
-46.7 -112.4 2568.5 0.9055517912 0.0222645365 -0.4236510992 -0.0318960845 0.9993685484 -0.0156569351 0.4230349958 0.0276909769 0.9056901336
-55.5 -509.5 2557.5 0.8927521110 -0.1545091867 -0.4232263863 0.1056786180 0.9849640131 -0.1366672367 0.4379791021 0.0772839859 0.8956570029
-125.8 254.2 2260.1 0 0 0 0 0 0 0 0 0
-58.2 260.9 2264.0 0 0 0 0 0 0 0 0 0
-256.1 -816.9 2488.7 0 0 0 0 0 0 0 0 0
-7.7 -814.1 2533.6 0 0 0 0 0 0 0 0 0
-50.1 500.1 2472.5 6 0.9541551471 0.1366809160 -0.2662822902 -0.0936827958 0.9813224077 0.1680176109 0.2842735648 -0.1353687942 0.9491384625
-78.2 298.7 2500.3 0.9541551471 0.1366809160 -0.2662822902 -0.0936827958 0.9813224077 0.1680176109 0.2842735648 -0.1353687942 0.9491384625
-104.6 103.0 2521.6 0.9535542727 0.1333552301 -0.2700937986 -0.0980589464 0.9852469563 0.1402598321 0.2848134637 -0.1072602496 0.9525631070
-217.4 313.1 2458.7 0.7438846231 -0.1868751496 -0.6416488886 0.3708375394 0.9141594768 0.1636824310 0.5559812784 -0.3597083688 0.7493295074
-374.6 234.7 2341.2 -0.9486394525 -0.1868751496 -0.2552661598 -0.0727798566 0.9141594768 -0.3987675011 0.3078737259 -0.3597083688 -0.8808085322
61.1 284.4 2541.9 0.0420779847 0.8789645433 0.4750271738 -0.8652967811 0.2697523236 -0.4224869311 -0.4994907081 -0.3932620883 0.7719157934
71.4 72.6 2419.6 -0.4617877901 0.8789645433 -0.1190521419 0.6873137355 0.2697523236 -0.6744134426 -0.5606709123 -0.3932620883 -0.7286927104
-221.0 -85.0 2516.5 0.9556200504 0.0331366174 -0.2927324772 -0.0195616018 0.9985983372 0.0491804443 0.2939518392 -0.0412715003 0.9549287558
-234.2 -481.8 2532.9 0.9535606503 0.0639222041 -0.2943399549 -0.0988878161 0.9894931316 -0.1054731235 0.2845052779 0.1296816468 0.9498628378
-46.2 -104.2 2567.9 0.9036034942 0.0257678367 -0.4275940955 -0.0378391668 0.9990885258 -0.0197553076 0.4266953170 0.0340307690 0.9037549496
-56.5 -501.3 2554.4 0.8907370567 -0.1533519626 -0.4278675914 0.1082692966 0.9858539701 -0.1279441714 0.4414354563 0.0676396936 0.8947399855
-126.6 253.7 2260.7 0 0 0 0 0 0 0 0 0
-56.5 262.8 2264.4 0 0 0 0 0 0 0 0 0
-256.1 -820.6 2488.5 0 0 0 0 0 0 0 0 0
-7.5 -815.8 2532.8 0 0 0 0 0 0 0 0 0
-53.0 496.1 2468.6 7 0.9544768333 0.1397300363 -0.2635326982 -0.0968386903 0.9807953238 0.1693007499 0.2821280360 -0.1360734850 0.9496777058
-81.7 294.8 2496.6 0.9544768333 0.1397300363 -0.2635326982 -0.0968386903 0.9807953238 0.1693007499 0.2821280360 -0.1360734850 0.9496777058
-107.3 99.1 2519.2 0.9550132751 0.1293996871 -0.2668434083 -0.0929204673 0.9850413799 0.1451179534 0.2816300094 -0.1137943491 0.9527514577
-221.1 308.4 2455.4 0.7330144048 -0.1725970060 -0.6579514742 0.3579281271 0.9204011559 0.1573185921 0.5784265995 -0.3508161306 0.7364446521
-372.2 234.6 2336.2 -0.9530022144 -0.1725970060 -0.2489921302 -0.0660084039 0.9204011559 -0.3853629231 0.2956851423 -0.3508161306 -0.8885371685
57.8 281.2 2537.7 0.0431675725 0.8764190078 0.4796105027 -0.8681094646 0.2705107927 -0.4161848426 -0.4944921434 -0.3983887434 0.7725049853
68.4 68.7 2416.7 -0.4665043354 0.8764190078 -0.1194294095 0.6821284890 0.2705107927 -0.6793560386 -0.5630936027 -0.3983887434 -0.7240248322
-218.5 -83.8 2516.8 0.9563646913 0.0376146398 -0.2897442281 -0.0283393022 0.9989446998 0.0361430459 0.2907979786 -0.0263547841 0.9564214349
-233.4 -480.7 2527.3 0.9541753531 0.0646757483 -0.2921753228 -0.0959871262 0.9909226298 -0.0941211879 0.2834357917 0.1178531870 0.9517220259
-43.7 -101.8 2569.0 0.9048632383 0.0355344191 -0.4242166579 -0.0507470667 0.9984081984 -0.0246131383 0.4226667583 0.0437992774 0.9052261710
-57.8 -498.6 2551.6 0.8912654519 -0.1564171910 -0.4256519377 0.1142027974 0.9857974648 -0.1231303141 0.4388662875 0.0611311495 0.8964704871
-123.2 251.9 2258.9 0 0 0 0 0 0 0 0 0
-60.7 257.5 2260.8 0 0 0 0 0 0 0 0 0
-255.5 -819.4 2487.0 0 0 0 0 0 0 0 0 0
-7.6 -815.0 2532.0 0 0 0 0 0 0 0 0 0
-55.0 491.3 2467.7 8 0.9640250802 0.1367758960 -0.2279210240 -0.1011840105 0.9817270041 0.1611640155 0.2457995713 -0.1323041916 0.9602490067
-82.9 290.4 2494.8 0.9640250802 0.1367758960 -0.2279210240 -0.1011840105 0.9817270041 0.1611640155 0.2457995713 -0.1323041916 0.9602490067
-107.6 94.6 2517.7 0.9651055336 0.1243399158 -0.2304579616 -0.0930439979 0.9854766726 0.1420511156 0.2447735667 -0.1156515926 0.9626581073
-223.8 304.0 2459.0 0.7437556982 -0.1852793694 -0.6422609091 0.3374665380 0.9334621429 0.1215104163 0.5770128369 -0.3071156144 0.7567933202
-374.9 235.5 2341.9 -0.9487249851 -0.1852793694 -0.2561101913 -0.0884646028 0.9334621429 -0.3475952446 0.3034714162 -0.3071156144 -0.9019895196
57.9 276.8 2530.5 0.0247526485 0.8604789376 0.5088844299 -0.8667073250 0.2721543312 -0.4180316329 -0.4982025027 -0.4307064414 0.7525199056
64.0 64.7 2408.6 -0.4878913462 0.8604789376 -0.1467584670 0.6836752892 0.2721543312 -0.6771411300 -0.5427247286 -0.4307064414 -0.7210699320
-220.6 -88.1 2516.0 0.9668670297 0.0303202756 -0.2534736395 -0.0253745951 0.9994189143 0.0227589644 0.2540163994 -0.0155731002 0.9670745134
-232.6 -485.3 2522.1 0.9642274976 0.0716692060 -0.2552036345 -0.0927765071 0.9931064248 -0.0716388822 0.2483100742 0.0927530825 0.9642297029
-45.5 -105.2 2567.6 0.9206739068 0.0291048158 -0.3892460167 -0.0410570353 0.9989052415 -0.0224207509 0.3881673217 0.0366234891 0.9208609462
-57.0 -502.2 2553.1 0.9069157839 -0.1588566750 -0.3902157843 0.1204625890 0.9852985144 -0.1211427972 0.4037233591 0.0628599077 0.9127190709
-127.0 258.6 2262.6 0 0 0 0 0 0 0 0 0
-71.0 253.9 2258.4 0 0 0 0 0 0 0 0 0
-256.6 -816.8 2491.2 0 0 0 0 0 0 0 0 0
-6.8 -813.6 2533.2 0 0 0 0 0 0 0 0 0
-56.1 486.3 2466.7 9 0.9676762223 0.1362493187 -0.2122235298 -0.1024417728 0.9813091755 0.1629048437 0.2304525822 -0.1358985901 0.9635471702
-83.8 286.5 2494.4 0.9676762223 0.1362493187 -0.2122235298 -0.1024417728 0.9813091755 0.1629048437 0.2304525822 -0.1358985901 0.9635471702
-108.6 90.8 2518.0 0.9686348438 0.1249426305 -0.2147925943 -0.0952248871 0.9850490689 0.1435639411 0.2295184880 -0.1186074317 0.9660505056
-225.3 300.4 2460.9 0.7353759408 -0.2136416286 -0.6431013942 0.3338287771 0.9400732517 0.0694305301 0.5897291899 -0.2657432854 0.7626270056
-373.0 233.3 2342.4 -0.9435497522 -0.2136416286 -0.2531226277 -0.1280817538 0.9400732517 -0.3160020709 0.3054650128 -0.2657432854 -0.9143695235
57.6 272.6 2527.9 0.0146946097 0.8541903496 0.5197527409 -0.8671881557 0.2696572542 -0.4186522067 -0.4977637827 -0.4445714951 0.7447062731
61.2 60.4 2406.1 -0.4948111475 0.8541903496 -0.1597522646 0.6842587590 0.2696572542 -0.6775506735 -0.5356788635 -0.4445714951 -0.7179166675
