-207.7 96.7 2677.9  0.4826630056 0.2417480946 -0.8417804241 -0.2423340380 0.9604871869 0.1368887722 0.8416119218 0.1379209012 0.5221754313
-256.6 -97.4 2650.0 0.4826630056 0.2417480946 -0.8417804241 -0.2423340380 0.9604871869 0.1368887722 0.8416119218 0.1379209012 0.5221754313
-301.2 -289.5 2626.3 0.4885964096 0.2250576168 -0.8429843783 -0.2178340107 0.9670295119 0.1319175661 0.8448798060 0.1191762164 0.5215123892
-327.9 -65.6 2526.7 -0.0158532131 0.2913697362 -0.9564791322 0.7456867695 0.6407238841 0.1828226149 0.6661080122 -0.7103355527 -0.2274280787
-324.4 -228.0 2381.7 -0.9503479004 0.2913697362 0.1092819199 0.1090491563 0.6407238841 -0.7599875927 -0.2914569080 -0.7103355527 -0.6406842470
-185.2 -129.1 2773.4 0.7366213799 0.5978809595 0.3161128461 -0.5453780293 0.8015432954 -0.2451350540 -0.3999397159 0.0081707165 0.9165050387
-40.8 -236.1 2695.0 -0.0961312056 0.5978809595 0.7957997322 0.0818176270 0.8015432954 -0.5923126340 -0.9920003414 0.0081707165 -0.1259705275
-400.6 -455.5 2529.1 0.8329902291 -0.5137891769 -0.2052997351 -0.1225263551 0.1905434579 -0.9740023017 0.5395503640 0.8364890218 0.0957681313
-210.2 -526.1 2219.0 0.8329902291 0.3301075995 -0.4440228045 -0.1225263551 0.8926500082 0.4337779284 0.5395503640 -0.3069282770 0.7840155959
-301.2 -501.5 2680.0 0.6551203132 -0.6986496449 0.2875866592 0.0736354813 -0.3197895288 -0.9446229339 0.7519276738 0.6400182247 -0.1580552161
-33.2 -378.8 2434.5 0.6551203132 0.0306526255 -0.7549025416 0.0736354813 0.9918292761 0.1041753963 0.7519276738 -0.1238350272 0.6475103498
-95.5 -254.2 2451.9 0 0 0 0 0 0 0 0 0
-59.3 -220.3 2504.5 0 0 0 0 0 0 0 0 0
-336.3 -867.2 2336.3 0 0 0 0 0 0 0 0 0
-44.6 -747.5 2480.5 0 0 0 0 0 0 0 0 0
-209.3 94.7 2676.8  0.4849246740 0.2417511493 -0.8404787183 -0.2406930476 0.9608135223 0.1374928057 0.8407823443 0.1356237233 0.5241100192
-258.3 -99.9 2649.4 0.4849246740 0.2417511493 -0.8404787183 -0.2406930476 0.9608135223 0.1374928057 0.8407823443 0.1356237233 0.5241100192
-303.1 -292.0 2625.4 0.4900382161 0.2257945091 -0.8419497609 -0.2196118981 0.9666939974 0.1314282417 0.8435835242 0.1204973161 0.5233041644
-329.8 -67.9 2526.2 -0.0464061275 0.3086002469 -0.9500591159 0.7372612953 0.6523143649 0.1758742481 0.6740120649 -0.6922801733 -0.2577903867
-319.7 -229.4 2378.5 -0.9443217516 0.3086002469 0.1141152829 0.1227901652 0.6523143649 -0.7479361892 -0.3052523136 -0.6922801733 -0.6538877487
-186.7 -132.0 2772.6 0.7357278466 0.5982317328 0.3175269663 -0.5449236631 0.8012758493 -0.2470125109 -0.4021974206 0.0087060360 0.9155115485
-42.4 -238.9 2693.7 -0.0978635028 0.5982317328 0.7953248024 0.0838394091 0.8012758493 -0.5923917294 -0.9916620851 0.0087060360 -0.1285710633
-390.7 -461.6 2525.1 0.8333740234 -0.5143441558 -0.2023311406 -0.1390531510 0.1591863185 -0.9774067402 0.5349317789 0.8426801562 0.0611405671
-204.4 -519.3 2219.9 0.8333740234 0.3450134397 -0.4318026304 -0.1390531510 0.8869953156 0.4403447807 0.5349317789 -0.3069283664 0.7871740460
-294.0 -504.0 2676.9 0.6578270793 -0.6873759627 0.3078600764 0.0633193925 -0.3568330705 -0.9320197701 0.7505025864 0.6326013803 -0.1912102252
-25.8 -364.8 2430.1 0.6578270793 0.0869870111 -0.7481288314 0.0633193925 0.9834042788 0.1700196564 0.7505025864 -0.1592146009 0.6414020061
-83.3 -260.2 2454.9 0 0 0 0 0 0 0 0 0
-61.2 -222.8 2503.2 0 0 0 0 0 0 0 0 0
-336.2 -858.2 2337.1 0 0 0 0 0 0 0 0 0
-58.5 -734.6 2489.9 0 0 0 0 0 0 0 0 0
-210.8 98.0 2685.8  0.4653378427 0.2432158887 -0.8510621190 -0.2483180910 0.9587662816 0.1382218599 0.8495874405 0.1470142603 0.5065451860
-260.4 -97.5 2655.8 0.4653378427 0.2432158887 -0.8510621190 -0.2483180910 0.9587662816 0.1382218599 0.8495874405 0.1470142603 0.5065451860
-305.2 -289.3 2629.8 0.4708196223 0.2257068455 -0.8528688550 -0.2258249372 0.9653456807 0.1308082938 0.8528376222 0.1310119480 0.5054739118
-329.2 -64.5 2531.3 -0.0186093710 0.2893907428 -0.9570301175 0.7382651567 0.6494820118 0.1820375621 0.6742538214 -0.7031543851 -0.2257335484
-325.0 -228.0 2381.9 -0.9520090222 0.2893907428 0.0996584147 0.1188085899 0.6494820118 -0.7510377169 -0.2820697129 -0.7031543851 -0.6526948214
-191.7 -130.4 2780.4 0.7429075241 0.6001124382 0.2965694964 -0.5447358489 0.7994752526 -0.2531841695 -0.3890389204 0.0265403986 0.9208388925
-46.0 -237.3 2704.1 -0.0758264810 0.6001124382 0.7963136435 0.0898847952 0.7994752526 -0.5939360857 -0.9930614829 0.0265403986 -0.1145623773
-392.9 -463.9 2524.1 0.8375282288 -0.5114697218 -0.1922112852 -0.1251295358 0.1628900468 -0.9786773920 0.5318731666 0.8437212706 0.0724250451
-211.0 -521.9 2224.0 0.8375282288 0.3230743110 -0.4406466186 -0.1251295358 0.8984402418 0.4208892584 0.5318731666 -0.2973687351 0.7928951979
-302.3 -501.7 2681.0 0.6316173673 -0.7067408562 0.3187111914 0.0546650141 -0.3694702387 -0.9276332855 0.7733506560 0.6033316255 -0.1947298199
-19.0 -353.5 2439.1 0.6316173673 0.1212171465 -0.7657453418 0.0546650141 0.9782797694 0.1999511421 0.7733506560 -0.1681520939 0.6112721562
-96.1 -256.6 2449.8 0 0 0 0 0 0 0 0 0
-60.5 -220.0 2513.3 0 0 0 0 0 0 0 0 0
-334.4 -865.0 2337.6 0 0 0 0 0 0 0 0 0
-64.9 -724.2 2502.8 0 0 0 0 0 0 0 0 0
-209.8 99.4 2681.3  0.4993681610 0.2465672940 -0.8305636644 -0.2174708694 0.9636299610 0.1553181261 0.8386524320 0.1030624732 0.5348272920
-259.7 -95.3 2660.5 0.4993681610 0.2465672940 -0.8305636644 -0.2174708694 0.9636299610 0.1553181261 0.8386524320 0.1030624732 0.5348272920
-305.6 -287.5 2641.2 0.5025834441 0.2318369597 -0.8328634501 -0.2044891864 0.9679145217 0.1460329145 0.8399964571 0.0969178379 0.5338659883
-333.0 -65.4 2537.9 -0.0536350980 0.2963756025 -0.9535642266 0.7201234698 0.6730302572 0.1686785668 0.6917697787 -0.6776369214 -0.2495250702
-320.7 -230.5 2379.3 -0.9478080869 0.2963756025 0.1175643131 0.1199273542 0.6730302572 -0.7298271656 -0.2954273224 -0.6776369214 -0.6734470129
-186.3 -125.2 2783.0 0.7268552780 0.6019571424 0.3306493461 -0.5567352772 0.7983424664 -0.2295542061 -0.4021532238 -0.0172314756 0.9154102206
-43.7 -234.4 2704.2 -0.1134793460 0.6019571424 0.7904239297 0.0641645417 0.7983424664 -0.5987756252 -0.9914662838 -0.0172314756 -0.1292196810
-393.2 -460.4 2525.5 0.8375917673 -0.5082848668 -0.2002162486 -0.1264905930 0.1760944277 -0.9762125015 0.5314509869 0.8429930210 0.0832019821
-211.7 -523.3 2224.4 0.8375917673 0.3199416101 -0.4428063035 -0.1264905930 0.9021137357 0.4125421047 0.5314509869 -0.2895310223 0.7960726023
-303.2 -498.5 2698.5 0.6563887000 -0.6855340004 0.3149555326 0.0741677508 -0.3568189144 -0.9312247038 0.7507683039 0.6346048713 -0.1833673865
-24.6 -353.5 2440.6 0.6563887000 0.1283635795 -0.7434222698 0.0741677508 0.9696652889 0.2329128236 0.7507683039 -0.2080193013 0.6269568801
-83.6 -260.5 2453.2 0 0 0 0 0 0 0 0 0
-65.5 -222.0 2513.9 0 0 0 0 0 0 0 0 0
-333.9 -867.9 2335.0 0 0 0 0 0 0 0 0 0
-73.4 -722.2 2519.7 0 0 0 0 0 0 0 0 0
-207.1 102.1 2678.5  0.4991689324 0.2500548959 -0.8296402097 -0.2122710049 0.9635705352 0.1627047807 0.8401020169 0.0948913917 0.5340638757
-257.7 -92.8 2659.3 0.4991689324 0.2500548959 -0.8296402097 -0.2122710049 0.9635705352 0.1627047807 0.8401020169 0.0948913917 0.5340638757
-303.9 -285.2 2641.8 0.5028089881 0.2328655869 -0.8324402571 -0.1977080554 0.9684825540 0.1515026242 0.8414835930 0.0884032622 0.5330011249
-331.1 -63.9 2536.5 -0.0544251762 0.3073753119 -0.9500306845 0.7255125642 0.6658813357 0.1738778949 0.6860534549 -0.6797959208 -0.2592453659
-318.5 -231.8 2377.7 -0.9435358047 0.3073753119 0.1235336363 0.1205284819 0.6658813357 -0.7362573743 -0.3085660934 -0.6797959208 -0.6653303504
-184.3 -121.7 2782.2 0.7261545658 0.6025781631 0.3310575187 -0.5607321858 0.7976855636 -0.2219845802 -0.3978428543 -0.0244394932 0.9171280265
-41.8 -231.7 2704.1 -0.1138780415 0.6025781631 0.7898932099 0.0556334667 0.7976855636 -0.6005020142 -0.9919358492 -0.0244394932 -0.1243623793
-397.6 -461.0 2545.0 0.8062688112 -0.5456585288 -0.2284456640 -0.1963754743 0.1173903346 -0.9734763503 0.5580029488 0.8297446966 -0.0125057912
-185.4 -506.6 2222.4 0.8062688112 0.4003767371 -0.4354642630 -0.1963754743 0.8755522370 0.4414124191 0.5580029488 -0.2703825533 0.7845546007
-302.9 -495.7 2701.1 0.6545735002 -0.6867076755 0.3161741495 0.0795736313 -0.3533143103 -0.9321143031 0.7517988682 0.6352964640 -0.1766263694
-21.8 -351.1 2441.1 0.6545735002 0.1362061352 -0.7436271906 0.0795736313 0.9657588601 0.2469370067 0.7517988682 -0.2208115309 0.6213217378
-77.9 -262.5 2456.4 0 0 0 0 0 0 0 0 0
-63.7 -221.0 2513.7 0 0 0 0 0 0 0 0 0
-337.8 -839.9 2325.3 0 0 0 0 0 0 0 0 0
-73.7 -719.2 2525.2 0 0 0 0 0 0 0 0 0
-208.8 103.5 2678.6  0.4822725654 0.2525512576 -0.8388271928 -0.2209214717 0.9616559744 0.1625162512 0.8477068543 0.1069378033 0.5195742846
-260.0 -91.5 2657.0 0.4822725654 0.2525512576 -0.8388271928 -0.2209214717 0.9616559744 0.1625162512 0.8477068543 0.1069378033 0.5195742846
-306.5 -283.7 2637.7 0.4867934287 0.2343910336 -0.8414826393 -0.2030126005 0.9673069715 0.1519970596 0.8495987654 0.0968404040 0.5184630156
-331.1 -61.8 2532.9 -0.0492388867 0.3061788976 -0.9506997466 0.7386792898 0.6518304348 0.1716682762 0.6722562313 -0.6938094497 -0.2582634091
-319.7 -232.0 2378.0 -0.9395770431 0.3061788976 0.1531320065 0.0896804184 0.6518304348 -0.7530434728 -0.3303821385 -0.6938094497 -0.6399031878
-188.9 -121.1 2781.0 0.7314010859 0.6055238843 0.3136770427 -0.5614215136 0.7957640886 -0.2270801216 -0.3871153593 -0.0100183962 0.9219768643
-45.4 -231.3 2705.1 -0.0956189185 0.6055238843 0.7900619507 0.0602506846 0.7957640886 -0.6026021838 -0.9935929179 -0.0100183962 -0.1125733256
-396.2 -459.5 2547.1 0.8222986460 -0.5204826593 -0.2300493568 -0.1829945743 0.1409319341 -0.9729599953 0.5388301611 0.8421614766 0.0206426345
-198.0 -513.2 2226.4 0.8222986460 0.3674685955 -0.4345017374 -0.1829945743 0.8937481046 0.4095453024 0.5388301611 -0.2572570741 0.8021726012
-307.9 -494.5 2696.2 0.6398732662 -0.6998648047 0.3174136281 0.0738558695 -0.3551235795 -0.9318972826 0.7649232149 0.6197390556 -0.1755449772
-20.4 -348.6 2441.7 0.6398732662 0.1468423754 -0.7543205619 0.0738558695 0.9652798176 0.2505597472 0.7649232149 -0.2160374969 0.6068115830
-83.3 -254.6 2461.1 0 0 0 0 0 0 0 0 0
-63.8 -219.7 2514.2 0 0 0 0 0 0 0 0 0
-338.1 -853.8 2324.4 0 0 0 0 0 0 0 0 0
-76.4 -717.0 2524.1 0 0 0 0 0 0 0 0 0
-208.7 104.1 2676.7  0.4825955331 0.2613289356 -0.8359478116 -0.2277273089 0.9590615630 0.1683482677 0.8457196951 0.1091240272 0.5223505497
-261.9 -91.1 2654.5 0.4825955331 0.2613289356 -0.8359478116 -0.2277273089 0.9590615630 0.1683482677 0.8457196951 0.1091240272 0.5223505497
-310.1 -282.8 2634.8 0.4872915745 0.2430072427 -0.8387457132 -0.2098122686 0.9649443626 0.1576743722 0.8476589918 0.0991457552 0.5211951137
-333.0 -60.5 2530.7 -0.0637452453 0.3115845621 -0.9480778575 0.7464485168 0.6454393268 0.1619343609 0.6623829603 -0.6973687410 -0.2737255096
-318.2 -233.5 2377.1 -0.9377432466 0.3115845621 0.1534686238 0.0903344303 0.6454393268 -0.7584509254 -0.3353762627 -0.6973687410 -0.6334031820
-190.7 -121.8 2778.3 0.7255145311 0.6122837067 0.3142250776 -0.5664387941 0.7905846238 -0.2326437086 -0.3908654451 -0.0092028845 0.9204018116
-48.4 -232.9 2701.6 -0.0977263302 0.6122837067 0.7845752239 0.0641252548 0.7905846238 -0.6089860201 -0.9931452870 -0.0092028845 -0.1165237799
-397.7 -457.2 2540.6 0.8252570629 -0.5189521313 -0.2227991819 -0.1623550802 0.1598501205 -0.9736984968 0.5409173965 0.8397241235 0.0476629250
-204.1 -516.9 2227.3 0.8252570629 0.3506123722 -0.4427434206 -0.1623550802 0.8981457949 0.4086257219 0.5409173965 -0.2653396130 0.7981248498
-313.4 -493.8 2692.8 0.6419712901 -0.7014997602 0.3094688952 0.0659416839 -0.3516120017 -0.9338204861 0.7638878226 0.6198928356 -0.1794667244
-24.7 -349.1 2437.7 0.6419712901 0.1563532948 -0.7506174445 0.0659416839 0.9641006589 0.2572188973 0.7638878226 -0.2146241218 0.6086147428
-78.4 -256.6 2462.9 0 0 0 0 0 0 0 0 0
-67.1 -220.6 2510.8 0 0 0 0 0 0 0 0 0
-337.8 -859.6 2328.5 0 0 0 0 0 0 0 0 0
-84.4 -717.3 2519.6 0 0 0 0 0 0 0 0 0
-209.4 104.7 2675.7  0.4774634838 0.2688465416 -0.8365107179 -0.2250168324 0.9577038884 0.1793618053 0.8493503928 0.1025902778 0.5177636147
-264.1 -89.9 2654.9 0.4774634838 0.2688465416 -0.8365107179 -0.2250168324 0.9577038884 0.1793618053 0.8493503928 0.1025902778 0.5177636147
-313.7 -281.4 2636.6 0.4825034738 0.2498641461 -0.8394988179 -0.2063457817 0.9638979435 0.1682920456 0.8512413502 0.0920255557 0.5166425109
-334.6 -59.8 2530.5 -0.0755486116 0.3073835075 -0.9485819936 0.7449235320 0.6497832537 0.1512306929 0.6628584862 -0.6951957345 -0.2780674100
-316.9 -234.4 2375.1 -0.9389540553 0.3073835075 0.1545336843 0.0884674415 0.6497832537 -0.7549538016 -0.3324737549 -0.6951957345 -0.6373100281
-193.6 -120.1 2779.2 0.7227351069 0.6181799173 0.3090429306 -0.5750557780 0.7859210372 -0.2272422165 -0.3833599091 -0.0134809930 0.9235006571
-51.8 -232.9 2704.0 -0.0935286507 0.6181799173 0.7804524302 0.0565162078 0.7859210372 -0.6157386303 -0.9940112233 -0.0134809930 -0.1084433198
-403.1 -455.3 2537.4 0.8301238418 -0.5131253600 -0.2181666940 -0.1410719454 0.1852612495 -0.9725106359 0.5394377112 0.8380814791 0.0814021900
-214.3 -523.5 2229.0 0.8301238418 0.3232388198 -0.4543248117 -0.1410719454 0.9100632071 0.3897224963 0.5394377112 -0.2594254613 0.8010651469
-319.0 -491.9 2696.3 0.6392682791 -0.7065931559 0.3034175634 0.0674845278 -0.3414979279 -0.9374566674 0.7660169005 0.6197623014 -0.1706246883
-27.9 -351.2 2441.1 0.6392682791 0.1652749479 -0.7510128617 0.0674845278 0.9608046412 0.2688871026 0.7660169005 -0.2225727290 0.6030583978
-74.8 -257.2 2460.9 0 0 0 0 0 0 0 0 0
-69.8 -222.0 2513.0 0 0 0 0 0 0 0 0 0
-337.6 -870.8 2328.0 0 0 0 0 0 0 0 0 0
-91.1 -718.2 2526.1 0 0 0 0 0 0 0 0 0
-212.2 102.5 2676.2  0.4967286289 0.2537816465 -0.8299732208 -0.2274275571 0.9609385133 0.1577144712 0.8375782967 0.1104174852 0.5350426435
-263.7 -92.5 2653.8 0.4967286289 0.2537816465 -0.8299732208 -0.2274275571 0.9609385133 0.1577144712 0.8375782967 0.1104174852 0.5350426435
-309.9 -284.6 2633.5 0.5013162494 0.2323747277 -0.8334770799 -0.2092324346 0.9672322869 0.1438176483 0.8395854831 0.1022923142 0.5335095525
-336.9 -62.0 2531.2 -0.0889742598 0.3012889624 -0.9493727088 0.7402346730 0.6577460766 0.1393654794 0.6664354205 -0.6903586984 -0.2815470099
-316.1 -235.0 2375.5 -0.9408326745 0.3012889624 0.1551091522 0.0872890577 0.6577460766 -0.7481649518 -0.3274362683 -0.6903586984 -0.6451281905
-190.5 -123.0 2776.5 0.7270519733 0.6021983027 0.3297766149 -0.5547880530 0.7982496619 -0.2345371097 -0.4044819176 -0.0124354465 0.9144614339
-47.9 -231.8 2697.2 -0.1121381298 0.6021983027 0.7904316783 0.0691542253 0.7982496619 -0.5983436704 -0.9912833571 -0.0124354465 -0.1311587840
-407.6 -454.0 2540.2 0.8299825191 -0.5130973458 -0.2187696397 -0.1356579512 0.1947485358 -0.9714267254 0.5410415530 0.8359450698 0.0920321494
-214.7 -527.3 2225.9 0.8299825191 0.3281824887 -0.4510269463 -0.1356579512 0.9030838013 0.4074757993 0.5410415530 -0.2770124078 0.7940643430
-310.0 -495.9 2690.1 0.6510214210 -0.6888299584 0.3188799024 0.0687044114 -0.3649006784 -0.9285080433 0.7559436560 0.6263871193 -0.1902325004
-26.3 -345.6 2432.1 0.6510214210 0.1428725570 -0.7454921603 0.0687044114 0.9670038223 0.2453229874 0.7559436560 -0.2109291106 0.6197242141
-72.6 -257.6 2460.2 0 0 0 0 0 0 0 0 0
-69.5 -218.5 2506.7 0 0 0 0 0 0 0 0 0
-340.0 -872.1 2331.6 0 0 0 0 0 0 0 0 0
-80.8 -715.0 2512.6 0 0 0 0 0 0 0 0 0
-214.4 100.2 2676.0  0.4990520477 0.2476044744 -0.8304451108 -0.2123771161 0.9640318751 0.1598075330 0.8401446342 0.0966152549 0.5336875916
-264.5 -94.9 2656.5 0.4990520477 0.2476044744 -0.8304451108 -0.2123771161 0.9640318751 0.1598075330 0.8401446342 0.0966152549 0.5336875916
-310.2 -287.4 2638.7 0.5028977990 0.2300410420 -0.8331716061 -0.1968125999 0.9690879583 0.1487729251 0.8416404128 0.0891610906 0.5326271653
-337.9 -66.1 2533.5 -0.0838017613 0.2979601622 -0.9508927464 0.7275813222 0.6703222990 0.1459226012 0.6808837652 -0.6796232462 -0.2729644179
-318.6 -233.7 2376.7 -0.9377740622 0.2979601622 0.1783243865 0.0725484714 0.6703222990 -0.7385151982 -0.3395829201 -0.6796232462 -0.6502274275
-191.0 -123.6 2779.4 0.7280196548 0.6001201272 0.3314260244 -0.5582036376 0.7995597720 -0.2216141075 -0.3979900181 -0.0236637965 0.9170845151
-48.2 -233.1 2701.3 -0.1134773567 0.6001201272 0.7918198705 0.0558135025 0.7995597720 -0.5979874730 -0.9919716716 -0.0236637965 -0.1242267415
-402.0 -457.6 2536.1 0.8358895183 -0.5053513646 -0.2142632902 -0.1364693791 0.1867597848 -0.9728807211 0.5316623449 0.8424611688 0.0871455595
-214.5 -526.9 2223.5 0.8358895183 0.3269513249 -0.4408986270 -0.1364693791 0.9018113613 0.4100151062 0.5316623449 -0.2825581729 0.7984334826
-309.7 -497.9 2698.2 0.6516795754 -0.6871654391 0.3211189806 0.0804699138 -0.3583383560 -0.9301173091 0.7542137504 0.6319788694 -0.1782256365
-26.6 -350.3 2437.7 0.6516795754 0.1403231174 -0.7454013228 0.0804699138 0.9644012451 0.2519024014 0.7542137504 -0.2241420299 0.6171888113
-80.4 -252.2 2462.9 0 0 0 0 0 0 0 0 0
-70.0 -222.3 2510.8 0 0 0 0 0 0 0 0 0
-339.4 -871.4 2331.4 0 0 0 0 0 0 0 0 0
-80.2 -718.7 2523.3 0 0 0 0 0 0 0 0 0
-214.5 101.3 2675.9  0.4950089753 0.2440955788 -0.8338965774 -0.2034098804 0.9656143188 0.1619055420 0.8447428942 0.0894781053 0.5276392102
-264.0 -94.7 2657.7 0.4950089753 0.2440955788 -0.8338965774 -0.2034098804 0.9656143188 0.1619055420 0.8447428942 0.0894781053 0.5276392102
-309.1 -287.6 2641.7 0.4990294874 0.2267975509 -0.8363805413 -0.1868783385 0.9706009030 0.1516918391 0.8461950421 0.0806027055 0.5267419815
-336.9 -67.4 2534.1 -0.0702837259 0.2863068283 -0.9555566907 0.7247885466 0.6728249788 0.1482837647 0.6853770614 -0.6821545959 -0.2548005581
-320.8 -233.1 2377.5 -0.9414661527 0.2863068283 0.1779602915 0.0653164089 0.6728249788 -0.7369126678 -0.3307192624 -0.6821545959 -0.6521425247
-191.1 -122.0 2781.3 0.7317151427 0.5979443789 0.3271933496 -0.5600284338 0.8010306358 -0.2114665061 -0.3885371089 -0.0285043530 0.9209920764
-47.6 -231.9 2705.1 -0.1083794460 0.5979443789 0.7941765785 0.0455640629 0.8010306358 -0.5968868136 -0.9930648804 -0.0285043530 -0.1140600294
-402.0 -461.9 2543.8 0.8407911658 -0.5007085800 -0.2058182955 -0.1365025342 0.1718194187 -0.9756255150 0.5238676667 0.8483920097 0.0761162564
-213.4 -526.6 2224.2 0.8407911658 0.3290331662 -0.4298923314 -0.1365025342 0.8972929120 0.4198005199 0.5238676667 -0.2942831516 0.7993497849
-308.4 -497.6 2703.3 0.6474303007 -0.6894586086 0.3247781694 0.0899752900 -0.3540212512 -0.9308992624 0.7567948699 0.6319143772 -0.1671698540
-24.2 -351.6 2442.8 0.6474303007 0.1388545036 -0.7493687272 0.0899752900 0.9624603987 0.2560751140 0.7567948699 -0.2332154512 0.6106325388
-86.1 -249.3 2460.0 0 0 0 0 0 0 0 0 0
-68.4 -223.1 2514.3 0 0 0 0 0 0 0 0 0
-339.1 -869.4 2336.6 0 0 0 0 0 0 0 0 0
-77.2 -719.3 2531.9 0 0 0 0 0 0 0 0 0
-214.5 101.3 2675.3  0.4841727614 0.2469715327 -0.8393937349 -0.2065898478 0.9644809961 0.1646118760 0.8502337337 0.0937096328 0.5179972053
-264.7 -94.5 2656.3 0.4841727614 0.2469715327 -0.8393937349 -0.2065898478 0.9644809961 0.1646118760 0.8502337337 0.0937096328 0.5179972053
-309.6 -287.4 2639.9 0.4891126454 0.2259108871 -0.8424565792 -0.1863749325 0.9706372619 0.1520780921 0.8520758152 0.0826294646 0.5168550611
-336.1 -67.3 2531.8 -0.0766347200 0.2791988850 -0.9571703672 0.7284212708 0.6711977720 0.1374627799 0.6808300614 -0.6866888404 -0.2548114359
-318.6 -233.5 2376.5 -0.9489458203 0.2791988850 0.1467987448 0.0835370421 0.6711977720 -0.7365562320 -0.3041766584 -0.6866888404 -0.6602537632
-193.2 -121.8 2780.8 0.7361356020 0.5983368158 0.3163818419 -0.5603563190 0.8009423018 -0.2109318227 -0.3796118796 -0.0220121425 0.9248839617
-48.8 -231.7 2706.3 -0.0967740715 0.5983368158 0.7953790426 0.0449683256 0.8009423018 -0.5970504880 -0.9942899942 -0.0220121425 -0.1044166535
-399.9 -463.3 2548.1 0.8437269926 -0.4948428273 -0.2079791874 -0.1429058164 0.1663983464 -0.9756482244 0.5173999667 0.8529021740 0.0696788579
-212.5 -526.3 2225.0 0.8437269926 0.3270577490 -0.4256266057 -0.1429058164 0.9011847973 0.4091990292 0.5173999667 -0.2844277322 0.8070924282
-309.6 -497.4 2701.6 0.6385593414 -0.6967924833 0.3266836703 0.0904302299 -0.3536202013 -0.9310075641 0.7642410398 0.6240456700 -0.1627963930
-22.3 -351.6 2444.3 0.6385593414 0.1416536123 -0.7564232945 0.0904302299 0.9622923732 0.2565458417 0.7642410398 -0.2322232872 0.6016710401
-77.1 -254.7 2454.0 0 0 0 0 0 0 0 0 0
-67.4 -223.0 2515.3 0 0 0 0 0 0 0 0 0
-337.4 -870.6 2333.7 0 0 0 0 0 0 0 0 0
-76.5 -719.3 2533.1 0 0 0 0 0 0 0 0 0
-214.7 103.1 2675.5  0.4863484502 0.2455431670 -0.8385545611 -0.2074078918 0.9647153616 0.1621919125 0.8487915993 0.0950410441 0.5201154351
-264.7 -93.5 2656.2 0.4863484502 0.2455431670 -0.8385545611 -0.2074078918 0.9647153616 0.1621919125 0.8487915993 0.0950410441 0.5201154351
-309.5 -286.4 2639.5 0.4911856651 0.2254672199 -0.8413686156 -0.1875320971 0.9706403017 0.1506289691 0.8506281972 0.0837968290 0.5190469623
-336.5 -66.1 2531.9 -0.0691071078 0.2657527626 -0.9615610838 0.7304726243 0.6699345708 0.1326552331 0.6794365048 -0.6932266355 -0.2404223680
-320.7 -232.8 2376.8 -0.9520314336 0.2657527626 0.1516958922 0.0692262203 0.6699345708 -0.7391856313 -0.2980669439 -0.6932266355 -0.6561958194
-193.0 -120.9 2780.4 0.7356325984 0.5977593660 0.3186352253 -0.5592071414 0.8013741374 -0.2123365402 -0.3822722137 -0.0219814181 0.9237882495
-48.7 -230.6 2705.4 -0.0990780070 0.5977593660 0.7955295444 0.0466393679 0.8013741374 -0.5963423848 -0.9939860702 -0.0219814181 -0.1072776765
-399.3 -463.2 2545.3 0.8432455063 -0.4974004328 -0.2037887573 -0.1384579688 0.1653384864 -0.9764694571 0.5193904638 0.8516196012 0.0705518723
-213.1 -525.1 2226.6 0.8432455063 0.3171814978 -0.4339734614 -0.1384579688 0.9082735777 0.3948018253 0.5193904638 -0.2728277743 0.8098139167
-309.3 -496.4 2700.9 0.6402472854 -0.6951274872 0.3269268274 0.0895390958 -0.3551590443 -0.9305078387 0.7629325986 0.6250278354 -0.1651485264
-22.7 -350.0 2443.2 0.6402472854 0.1405099928 -0.7552087903 0.0895390958 0.9627764225 0.2550379038 0.7629325986 -0.2309080511 0.6038338542
-82.7 -250.1 2451.4 0 0 0 0 0 0 0 0 0
-67.7 -221.6 2514.5 0 0 0 0 0 0 0 0 0
-334.3 -872.1 2330.8 0 0 0 0 0 0 0 0 0
-76.4 -717.9 2531.4 0 0 0 0 0 0 0 0 0
-214.3 107.1 2677.2  0.4946843088 0.2456317395 -0.8336380720 -0.2161854208 0.9638551474 0.1557148993 0.8417549133 0.1031906828 0.5299060345
-264.5 -89.7 2656.1 0.4946843088 0.2456317395 -0.8336380720 -0.2161854208 0.9638551474 0.1557148993 0.8417549133 0.1031906828 0.5299060345
-309.1 -282.5 2637.8 0.4996812046 0.2244475037 -0.8366253972 -0.1956273615 0.9701336622 0.1434247196 0.8438297510 0.0920001715 0.5286656022
-337.5 -61.1 2532.8 -0.0669077858 0.2755209804 -0.9589637518 0.7352405787 0.6633404493 0.1392866969 0.6744958758 -0.6957497001 -0.2469568551
-322.0 -231.5 2376.5 -0.9482530951 0.2755209804 0.1578108966 0.0687270388 0.6633404493 -0.7451550961 -0.3099882007 -0.6957497001 -0.6479503512
-191.5 -118.3 2779.3 0.7329816818 0.5960044265 0.3278971016 -0.5536330938 0.8027526736 -0.2215367109 -0.3952571452 -0.0191523395 0.9183708429
-47.7 -226.9 2701.8 -0.1087164953 0.5960044265 0.7955874801 0.0570388176 0.8027526736 -0.5935778618 -0.9924350381 -0.0191523395 -0.1212678477
-399.4 -462.0 2544.9 0.8419007063 -0.5003370047 -0.2021536827 -0.1388165504 0.1612044275 -0.9771095514 0.5214720964 0.8506914973 0.0662630647
-209.6 -523.2 2222.2 0.8419007063 0.3291560709 -0.4276207387 -0.1388165504 0.8978633285 0.4178174436 0.5214720964 -0.2923999727 0.8016040921
-307.9 -493.2 2696.9 0.6473532915 -0.6884460449 0.3270714581 0.0826263204 -0.3632041812 -0.9280385971 0.7576982379 0.6277935505 -0.1782376617
-24.0 -343.4 2438.1 0.6473532915 0.1365406960 -0.7498602271 0.0826263204 0.9654533863 0.2471288592 0.7576982379 -0.2219378650 0.6137075424
-87.9 -248.5 2453.0 0 0 0 0 0 0 0 0 0
-68.6 -215.9 2511.1 0 0 0 0 0 0 0 0 0
-335.3 -866.2 2333.9 0 0 0 0 0 0 0 0 0
-76.2 -712.3 2522.9 0 0 0 0 0 0 0 0 0
-214.8 111.6 2686.0  0.4712220132 0.2481580228 -0.8463848829 -0.2299844474 0.9609783292 0.1537134498 0.8515027761 0.1222222075 0.5099065900
-265.6 -85.0 2660.9 0.4712220132 0.2481580228 -0.8463848829 -0.2299844474 0.9609783292 0.1537134498 0.8515027761 0.1222222075 0.5099065900
-310.6 -277.4 2639.7 0.4771040082 0.2266753465 -0.8491113186 -0.2060881704 0.9680817723 0.1426371038 0.8543415070 0.1069390625 0.5085908175
-335.2 -54.9 2536.2 -0.0771700144 0.3147221506 -0.9460416436 0.7312816978 0.6628366709 0.1608559042 0.6776960492 -0.6794096828 -0.2813016772
-316.8 -229.4 2374.4 -0.9372853637 0.3147221506 0.1498202533 0.1040426418 0.6628366709 -0.7415002584 -0.3326729238 -0.6794096828 -0.6540116668
-195.9 -115.1 2785.7 0.7400550246 0.6002763510 0.3032933176 -0.5537080169 0.7997843623 -0.2318456769 -0.3817407191 0.0036426315 0.9242622852
-50.7 -223.7 2710.8 -0.0831305906 0.6002763510 0.7954606414 0.0669219792 0.7997843623 -0.5965453982 -0.9942890406 0.0036426315 -0.1066582277
-399.5 -457.3 2542.1 0.8439298868 -0.4974089563 -0.2009146512 -0.1310049593 0.1720921397 -0.9763308764 0.5202115774 0.8502756357 0.0800706446
-212.3 -522.1 2222.1 0.8439298868 0.3218182623 -0.4292032123 -0.1310049593 0.8994865417 0.4168472886 0.5202115774 -0.2955621183 0.8012633324
-311.8 -488.6 2696.8 0.6282584071 -0.7059224248 0.3270549476 0.0722486600 -0.3656228483 -0.9279547930 0.7746428251 0.6066246629 -0.1787036806
-20.9 -337.9 2446.7 0.6282584071 0.1466040164 -0.7640671730 0.0722486600 0.9668478370 0.2449190468 0.7746428251 -0.2090752721 0.5968383551
-79.6 -255.8 2458.6 0 0 0 0 0 0 0 0 0
-66.7 -210.9 2519.8 0 0 0 0 0 0 0 0 0
-335.2 -865.7 2335.0 0 0 0 0 0 0 0 0 0
-76.9 -707.3 2526.6 0 0 0 0 0 0 0 0 0
-215.2 114.0 2690.4  0.4698022008 0.2500757277 -0.8466097116 -0.2275697738 0.9609300494 0.1575607806 0.8529348969 0.1186403856 0.5083567500
-266.3 -82.5 2666.1 0.4698022008 0.2500757277 -0.8466097116 -0.2275697738 0.9609300494 0.1575607806 0.8529348969 0.1186403856 0.5083567500
-311.9 -274.8 2645.3 0.4754060209 0.2293293774 -0.8493509889 -0.2050254494 0.9677255750 0.1465325505 0.8555428982 0.1044761091 0.5070809126
-335.8 -52.6 2541.1 -0.0670435578 0.2982531488 -0.9521293044 0.7316643596 0.6634991765 0.1563205123 0.6783600450 -0.6861588359 -0.2627045512
-319.8 -227.1 2379.3 -0.9430613518 0.2982531488 0.1472425759 0.0939484686 0.6634991765 -0.7422550321 -0.3190752268 -0.6861588359 -0.6537408233
-196.9 -112.5 2791.1 0.7389878035 0.6025111079 0.3014587462 -0.5568528771 0.7981075644 -0.2300851345 -0.3792253733 0.0021619308 0.9253017902
-51.9 -221.7 2716.7 -0.0816618353 0.6025111079 0.7939217091 0.0643426776 0.7981075644 -0.5990695357 -0.9945809841 0.0021619308 -0.1039421037
-399.3 -450.8 2540.1 0.8399724364 -0.5005105734 -0.2096078843 -0.1308389008 0.1880710721 -0.9734014869 0.5266188979 0.8450552821 0.0924882591
-210.7 -521.7 2221.7 0.8399724364 0.3254182637 -0.4342225790 -0.1308389008 0.8980708718 0.4199403822 0.5266188979 -0.2959251404 0.7969321609
-313.9 -485.9 2703.0 0.6274713874 -0.7077504992 0.3246057928 0.0726549178 -0.3618505597 -0.9294005632 0.7752425075 0.6067564487 -0.1756293178
-22.1 -336.7 2452.9 0.6274713874 0.1497241557 -0.7641088367 0.0726549178 0.9657983780 0.2489072233 0.7752425075 -0.2116984278 0.5951326489
-83.1 -250.7 2459.4 0 0 0 0 0 0 0 0 0
-67.6 -209.3 2525.6 0 0 0 0 0 0 0 0 0
-335.1 -864.8 2334.8 0 0 0 0 0 0 0 0 0
-79.3 -705.8 2533.8 0 0 0 0 0 0 0 0 0
-216.5 111.1 2684.1  0.5122177005 0.2469693124 -0.8225808144 -0.2328458875 0.9618259072 0.1437836736 0.8266897202 0.1178860217 0.5501700044
-266.5 -83.9 2660.2 0.5122177005 0.2469693124 -0.8225808144 -0.2328458875 0.9618259072 0.1437836736 0.8266897202 0.1178860217 0.5501700044
-311.3 -276.3 2638.7 0.5172108412 0.2251207680 -0.8257200122 -0.2124307007 0.9683623314 0.1309487522 0.8290754557 0.1076801643 0.5486701131
-342.0 -52.9 2539.2 -0.1089101881 0.3224860430 -0.9402878881 0.7249905467 0.6729287505 0.1468181014 0.6800935864 -0.6657098532 -0.3070881367
-316.0 -226.1 2376.7 -0.9351840615 0.3224860430 0.1464020312 0.1177263558 0.6729287505 -0.7302789688 -0.3340229094 -0.6657098532 -0.6672773361
-191.1 -114.9 2781.1 0.7250455022 0.5948610306 0.3470581174 -0.5444262028 0.8036919832 -0.2401651740 -0.4217927158 -0.0148168495 0.9065712094
-49.0 -221.6 2698.5 -0.1292665154 0.5948610306 0.7933665514 0.0774525106 0.8036919832 -0.5899832845 -0.9885804653 -0.0148168495 -0.1499639452
-401.1 -448.3 2546.1 0.8461966515 -0.4897094965 -0.2100854218 -0.1231952906 0.2037833333 -0.9712339044 0.5184343457 0.8477363586 0.1121108681
-213.9 -526.2 2222.1 0.8461966515 0.3174619675 -0.4279826581 -0.1231952906 0.8979551792 0.4224918783 0.5184343457 -0.3047857583 0.7989565134
-308.7 -488.2 2693.3 0.6627455354 -0.6748917103 0.3244835138 0.0673978180 -0.3777955770 -0.9234327674 0.7458055615 0.6338704228 -0.2048960924
-30.7 -332.6 2432.2 0.6627455354 0.1308858097 -0.7373176217 0.0673978180 0.9701852798 0.2328048050 0.7458055615 -0.2039839327 0.6341645122
-77.2 -256.2 2462.0 0 0 0 0 0 0 0 0 0
-73.8 -206.7 2508.8 0 0 0 0 0 0 0 0 0
-335.2 -869.3 2338.6 0 0 0 0 0 0 0 0 0
-80.7 -703.3 2510.1 0 0 0 0 0 0 0 0 0
-216.1 109.9 2679.9  0.5205577016 0.2494800687 -0.8165656328 -0.2379701436 0.9608569741 0.1418593526 0.8199938536 0.1204722673 0.5595502853
-266.6 -84.5 2655.5 0.5205577016 0.2494800687 -0.8165656328 -0.2379701436 0.9608569741 0.1418593526 0.8199938536 0.1204722673 0.5595502853
-311.6 -276.9 2634.2 0.5263482332 0.2265169621 -0.8195410967 -0.2145046890 0.9680595398 0.1298016012 0.8227668405 0.1074745730 0.5581253767
-343.4 -53.2 2535.4 -0.1243543178 0.3348297179 -0.9340369701 0.7273823619 0.6710174680 0.1437025219 0.6748710275 -0.6615319848 -0.3269931674
-313.9 -225.6 2375.5 -0.9323929548 0.3348297179 0.1361339539 0.1345099509 0.6710174680 -0.7291382551 -0.3354854286 -0.6615319848 -0.6706898808
-189.7 -115.8 2775.6 0.7203252316 0.5946889520 0.3570386767 -0.5433832407 0.8037220240 -0.2424161136 -0.4311220348 -0.0193904061 0.9020852447
-48.5 -222.4 2691.1 -0.1402084082 0.5946889520 0.7916353941 0.0799333528 0.8037220240 -0.5896114111 -0.9868901968 -0.0193904061 -0.1602240652
-403.4 -449.3 2541.4 0.8396698833 -0.5008294582 -0.2100580633 -0.1203306168 0.2056036592 -0.9712094069 0.5295989513 0.8407716751 0.1123740822
-214.3 -526.9 2224.0 0.8396698833 0.3209997714 -0.4380795062 -0.1203306168 0.8965437412 0.4262978137 0.5295989513 -0.3052350581 0.7914268970
-308.4 -488.9 2688.2 0.6710205078 -0.6678763032 0.3219825029 0.0657111928 -0.3789883852 -0.9230654836 0.7385211587 0.6405537128 -0.2104220092
-33.1 -332.7 2424.3 0.6710205078 0.1287423372 -0.7301759720 0.0657111928 0.9706078172 0.2315221131 0.7385211587 -0.2033368051 0.6428379416
-73.8 -260.2 2461.9 0 0 0 0 0 0 0 0 0
-75.4 -207.0 2501.6 0 0 0 0 0 0 0 0 0
-337.0 -869.5 2340.6 0 0 0 0 0 0 0 0 0
-82.3 -703.6 2502.0 0 0 0 0 0 0 0 0 0
-217.2 110.2 2677.8  0.5128349066 0.2444912195 -0.8229364157 -0.2293583304 0.9627649188 0.1431029290 0.8272817731 0.1153591424 0.5498155951
-266.8 -85.1 2654.4 0.5128349066 0.2444912195 -0.8229364157 -0.2293583304 0.9627649188 0.1431029290 0.8272817731 0.1153591424 0.5498155951
-310.5 -277.8 2633.8 0.5183525085 0.2202091068 -0.8263283968 -0.2064107060 0.9699251056 0.1289957315 0.8298826814 0.1036977619 0.5482166409
-342.5 -54.9 2533.3 -0.1277282685 0.3408525288 -0.9313995242 0.7247948647 0.6731138825 0.1469356269 0.6770213246 -0.6563057899 -0.3330238461
-312.5 -225.2 2374.2 -0.9307851195 0.3408525288 0.1321310550 0.1435067207 0.6731138825 -0.7254815698 -0.3362214863 -0.6563057899 -0.6754390001
-191.1 -115.2 2775.6 0.7279832363 0.5905328989 0.3482977450 -0.5421662927 0.8068140745 -0.2347481847 -0.4196380377 -0.0179425534 0.9075141549
-48.3 -221.5 2693.3 -0.1296799630 0.5905328989 0.7965261936 0.0729256198 0.8068140745 -0.5862873793 -0.9888705611 -0.0179425534 -0.1476925910
-404.8 -449.6 2537.4 0.8303092718 -0.5120861530 -0.2198960781 -0.1320296973 0.2025919110 -0.9703219533 0.5414376259 0.8347001076 0.1006033570
-211.7 -526.0 2222.6 0.8303092718 0.3306643069 -0.4486063421 -0.1320296973 0.8987562656 0.4180973470 0.5414376259 -0.2879207432 0.7899031639
-306.8 -489.5 2689.3 0.6744745374 -0.7143911123 0.1863584667 0.0566496737 -0.2015954554 -0.9778292775 0.7361215353 0.6700780988 -0.0955009833
-18.0 -408.0 2418.5 0.6744745374 0.1682175994 -0.7188789248 0.0566496737 0.9590352774 0.2775646448 0.7361215353 -0.2279345393 0.6373153925
-71.7 -262.3 2461.2 0 0 0 0 0 0 0 0 0
-73.2 -207.5 2503.4 0 0 0 0 0 0 0 0 0
-338.1 -869.4 2332.6 0 0 0 0 0 0 0 0 0
-82.2 -774.0 2505.5 0 0 0 0 0 0 0 0 0
-215.4 110.0 2676.8  0.5016155839 0.2503697276 -0.8280681372 -0.2112048119 0.9636816978 0.1634323150 0.8389126062 0.0929117724 0.5362770557
-266.3 -85.9 2657.9 0.5016155839 0.2503697276 -0.8280681372 -0.2112048119 0.9636816978 0.1634323150 0.8389126062 0.0929117724 0.5362770557
-311.5 -278.7 2641.5 0.5067372322 0.2274779230 -0.8315474391 -0.1904764771 0.9702644348 0.1493507326 0.8407949209 0.0827086568 0.5349982977
-340.3 -58.1 2535.1 -0.1125259101 0.3318224251 -0.9366065264 0.7098262906 0.6864469051 0.1579154283 0.6953305006 -0.6470583677 -0.3127793372
-314.3 -222.3 2374.3 -0.9307786226 0.3318224251 0.1534437537 0.1266715825 0.6864469051 -0.7160621285 -0.3429364562 -0.6470583677 -0.6809625626
-192.3 -113.7 2780.7 0.7281873226 0.5975903869 0.3356023431 -0.5582998991 0.8012177348 -0.2152937204 -0.3975479901 -0.0305926036 0.9170712233
-49.5 -223.2 2702.7 -0.1175348163 0.5975903869 0.7931401730 0.0497933738 0.8012177348 -0.5962975621 -0.9918196201 -0.0305926036 -0.1239270195
-401.8 -451.6 2537.2 0.8321631551 -0.5087634921 -0.2205996364 -0.1354890615 0.1992138624 -0.9705444574 0.5377240777 0.8375402093 0.0968465507
-210.6 -526.5 2222.4 0.8321631551 0.3417703509 -0.4366892576 -0.1354890615 0.8889386058 0.4375281334 0.5377240777 -0.3049281836 0.7860481143
-306.0 -489.7 2689.9 0.6840321422 -0.7193294168 0.1211000159 0.0552163981 -0.1144789830 -0.9918899536 0.7273590565 0.6851713061 -0.0385885201
-18.8 -444.0 2416.3 0.6840321422 0.1493049115 -0.7140084505 0.0552163981 0.9654223919 0.2547758222 0.7273590565 -0.2136998326 0.6521358490
-79.6 -254.3 2460.8 0 0 0 0 0 0 0 0 0
-72.1 -213.6 2512.3 0 0 0 0 0 0 0 0 0
-341.2 -866.1 2338.9 0 0 0 0 0 0 0 0 0
-67.1 -756.2 2485.4 0 0 0 0 0 0 0 0 0
-218.8 109.4 2678.3  0.4656996131 0.2475647181 -0.8496090770 -0.2212960720 0.9621480703 0.1590571702 0.8568266630 0.1139422953 0.5028570890
-268.9 -85.5 2655.2 0.4656996131 0.2475647181 -0.8496090770 -0.2212960720 0.9621480703 0.1590571702 0.8568266630 0.1139422953 0.5028570890
-313.7 -278.0 2635.2 0.4711534679 0.2254335880 -0.8527567387 -0.1990288198 0.9690260291 0.1462056786 0.8593031764 0.1008378565 0.5014277697
-337.7 -56.4 2529.8 -0.0886773393 0.3162640035 -0.9445175529 0.7249954939 0.6707326770 0.1565221548 0.6830211282 -0.6708910465 -0.2887687683
-317.7 -219.8 2375.9 -0.9394461513 0.3162640035 0.1319774687 0.1230485663 0.6707326770 -0.7314210534 -0.3198437393 -0.6708910465 -0.6690330505
-200.1 -114.6 2780.6 0.7429068685 0.6000351906 0.2967273295 -0.5565403700 0.7999721766 -0.2242928445 -0.3719572425 0.0014879407 0.9282487035
-54.5 -223.7 2707.7 -0.0761910081 0.6000351906 0.7963370085 0.0589999296 0.7999721766 -0.5971293449 -0.9953461289 0.0014879407 -0.0963527188
-403.2 -454.0 2548.0 0.8400906324 -0.4981830716 -0.2146191150 -0.1361233890 0.1893773675 -0.9724230766 0.5250887275 0.8461381793 0.0912797824
-212.3 -526.5 2223.7 0.8400906324 0.3326244652 -0.4284958541 -0.1361233890 0.8939267993 0.4270424843 0.5250887275 -0.3004260957 0.7962574959
-309.9 -489.0 2702.4 0.6957463622 -0.7127237916 0.0892289802 0.0584430397 -0.0676422119 -0.9959964752 0.7159060240 0.6981757283 -0.0054080784
-26.3 -462.1 2424.6 0.6957463622 0.1306725293 -0.7063013911 0.0584430397 0.9697542191 0.2369834781 0.7159060240 -0.2061588019 0.6670660973
-86.5 -250.1 2454.6 0 0 0 0 0 0 0 0 0
-69.1 -212.3 2516.6 0 0 0 0 0 0 0 0 0
-339.4 -868.1 2338.5 0 0 0 0 0 0 0 0 0
-59.4 -707.6 2476.8 0 0 0 0 0 0 0 0 0
-218.6 110.4 2677.0  0.4825660288 0.2521091104 -0.8387914300 -0.2201756537 0.9618425369 0.1624241471 0.8477338552 0.1063010618 0.5196608305
-269.5 -83.7 2655.6 0.4825660288 0.2521091104 -0.8387914300 -0.2201756537 0.9618425369 0.1624241471 0.8477338552 0.1063010618 0.5196608305
-314.8 -276.2 2636.8 0.4880995154 0.2285468727 -0.8423331976 -0.1979477257 0.9689449668 0.1481968760 0.8500444293 0.0944031179 0.5181819201
-340.7 -54.8 2531.5 -0.0920427293 0.3139221966 -0.9449766874 0.7270467877 0.6696336269 0.1516370624 0.6803904176 -0.6730852127 -0.2898710370
-319.9 -219.0 2377.8 -0.9407439232 0.3139221966 0.1282719821 0.1235988140 0.6696336269 -0.7323347330 -0.3157913685 -0.6730852127 -0.6687541604
-198.2 -112.6 2779.7 0.7346733212 0.6007984281 0.3151131868 -0.5580479503 0.7993091941 -0.2229065001 -0.3857947290 -0.0120848008 0.9225054979
-54.1 -222.1 2704.0 -0.0961022973 0.6007984281 0.7936029434 0.0572108142 0.7993091941 -0.5981903672 -0.9937259555 -0.0120848008 -0.1111876145
-401.6 -452.3 2536.4 0.8416281343 -0.4999036193 -0.2043489665 -0.1165493652 0.2013407201 -0.9725626707 0.5273313522 0.8423528075 0.1111905575
-215.7 -527.1 2223.2 0.8416281343 0.3194106221 -0.4354755878 -0.1165493652 0.8947727084 0.4310429394 0.5273313522 -0.3120234609 0.7902929783
-312.8 -487.0 2700.2 0.7062815428 -0.7034519315 0.0795093328 0.0713720173 -0.0409848094 -0.9966073632 0.7043240666 0.7095601559 0.0212599672
-38.6 -471.0 2423.7 0.7062815428 0.1100874245 -0.6993190050 0.0713720173 0.9717289805 0.2250530422 0.7043240666 -0.2088626325 0.6784570813
-91.4 -249.1 2454.5 0 0 0 0 0 0 0 0 0
-72.6 -211.1 2513.2 0 0 0 0 0 0 0 0 0
-337.7 -869.0 2342.4 0 0 0 0 0 0 0 0 0
-62.6 -683.1 2469.3 0 0 0 0 0 0 0 0 0
-219.0 109.7 2687.4  0.4648911059 0.2452444583 -0.8507240415 -0.2322241962 0.9610056281 0.1501336843 0.8543700576 0.1277628839 0.5037146807
-268.7 -84.9 2661.5 0.4648911059 0.2452444583 -0.8507240415 -0.2322241962 0.9610056281 0.1501336843 0.8543700576 0.1277628839 0.5037146807
-312.9 -277.3 2639.5 0.4710978270 0.2227469087 -0.8534932137 -0.2066337168 0.9685351253 0.1387163997 0.8575367928 0.1110114828 0.5023018122
-337.5 -54.7 2536.3 -0.0706568882 0.3145629764 -0.9466032386 0.7156953216 0.6770147681 0.1715554744 0.6948293447 -0.6653579473 -0.2729670107
-321.4 -216.9 2378.8 -0.9408081174 0.3145629764 0.1262148619 0.1291603893 0.6770147681 -0.7245472074 -0.3133650422 -0.6653579473 -0.6775700450
-199.9 -115.1 2786.7 0.7447629571 0.5977514982 0.2966838181 -0.5505221486 0.8016155362 -0.2331047505 -0.3771650791 0.0102767581 0.9260890484
-53.8 -223.0 2712.8 -0.0756596401 0.5977514982 0.7981032133 0.0691706687 0.8016155362 -0.5938248038 -0.9947316647 0.0102767581 -0.1019968167
-404.9 -450.6 2540.2 0.8401644230 -0.4988680184 -0.2127308697 -0.1240629554 0.2050592750 -0.9708548188 0.5279508233 0.8420696855 0.1103924736
-218.0 -527.4 2224.6 0.8401644230 0.3147525191 -0.4416498244 -0.1240629554 0.9043034315 0.4084650278 0.5279508233 -0.2883854210 0.7988126874
-312.6 -488.7 2698.2 0.6895385981 -0.7197638750 0.0804765373 0.0751142949 -0.0394465029 -0.9963943958 0.7203432322 0.6930973530 0.0268646684
-34.9 -473.5 2430.8 0.6895385981 0.0988259912 -0.7174746990 0.0751142949 0.9755458236 0.2065626681 0.7203432322 -0.1963255405 0.6652532816
-93.6 -248.2 2454.7 0 0 0 0 0 0 0 0 0
-68.4 -209.8 2521.7 0 0 0 0 0 0 0 0 0
-338.2 -872.9 2334.8 0 0 0 0 0 0 0 0 0
-54.7 -669.3 2470.2 0 0 0 0 0 0 0 0 0
-220.4 110.0 2691.6  0.4620323777 0.2420450896 -0.8531941175 -0.2302691489 0.9617831707 0.1481527835 0.8564473987 0.1280129105 0.5001105070
-269.6 -85.3 2665.6 0.4620323777 0.2420450896 -0.8531941175 -0.2302691489 0.9617831707 0.1481527835 0.8564473987 0.1280129105 0.5001105070
-313.4 -277.8 2643.7 0.4682416916 0.2208332568 -0.8555597067 -0.2043675780 0.9690774679 0.1382850558 0.8596415520 0.1100978330 0.4988936186
-338.0 -55.4 2540.0 -0.0918315947 0.3329918087 -0.9384473562 0.7061516643 0.6862460375 0.1744022071 0.7020803094 -0.6466705203 -0.2981618047
-316.4 -220.9 2375.5 -0.9330440760 0.3329918087 0.1361807436 0.1407575607 0.6862460375 -0.7136201262 -0.3310831487 -0.6466705203 -0.6871689558
