-261.0 148.1 2620.5 94 0.4682019651 0.1857515872 -0.8638768792 0.0757764280 0.9656128883 0.2486960739 0.8803663254 -0.1819014847 0.4380262494
-297.9 -43.8 2656.7 0.4682019651 0.1857515872 -0.8638768792 0.0757764280 0.9656128883 0.2486960739 0.8803663254 -0.1819014847 0.4380262494
-333.8 -232.2 2696.0 0.4715431333 0.1831769496 -0.8626084328 0.0932369158 0.9623492360 0.2553249300 0.8769001961 -0.2008236647 0.4367103279
-365.1 -57.1 2531.7 -0.5871272683 0.0482170172 -0.8080573678 0.5416029692 0.7652844191 -0.3478591442 0.6016209722 -0.6418838501 -0.4754338264
-227.7 -183.9 2390.9 -0.9426164031 0.0482170172 0.3303776979 -0.1776949316 0.7652844191 -0.6186794639 -0.2826637924 -0.6418838501 -0.7128017545
-230.8 -30.5 2781.6 0.7796737552 0.6219480038 -0.0727292597 -0.5168640018 0.7047672868 0.4859574437 0.3534974754 -0.3412971199 0.8709511161
-105.4 -113.5 2838.4 -0.4567664266 0.6219480038 0.6360386014 -0.0275030620 0.7047672868 -0.7089052200 -0.8891614079 -0.3412971199 -0.3048085868
-415.5 -424.2 2661.1 0.9725594521 -0.2319334745 0.0183009040 0.0234552436 0.0194850154 -0.9995349646 0.2314690202 0.9725365043 0.0243903920
-317.8 -432.4 2251.7 0.9725594521 -0.0571069978 -0.2255367935 0.0234552436 0.9885351062 -0.1491581649 0.2314690202 0.1397751570 0.9627486467
-327.1 -412.3 2814.6 0.6204055548 -0.7650701404 0.1725242436 -0.1179872155 -0.3085215688 -0.9438714981 0.7753553987 0.5652274489 -0.2816770077
-40.0 -296.5 2602.5 0.6204055548 -0.3244447410 -0.7140256166 -0.1179872155 0.8614483476 -0.4939491451 0.7753553987 0.3906946778 0.4961670041
11.3 -138.8 2462.5 0 0 0 0 0 0 0 0 0
-118.4 -114.3 2813.2 0 0 0 0 0 0 0 0 0
-296.6 -800.6 2199.6 0 0 0 0 0 0 0 0 0
129.3 -746.0 2398.6 0 0 0 0 0 0 0 0 0
-260.1 153.1 2619.4 95 0.4261819422 0.1979942024 -0.8827044964 0.0883412436 0.9619824886 0.2584289610 0.9003137350 -0.1881169677 0.3924885094
-299.7 -39.4 2657.1 0.4261819422 0.1979942024 -0.8827044964 0.0883412436 0.9619824886 0.2584289610 0.9003137350 -0.1881169677 0.3924885094
-337.7 -227.2 2697.6 0.4299349487 0.1939504892 -0.8817818165 0.1067342535 0.9588871598 0.2629510164 0.8965287209 -0.2071681470 0.3915579617
-360.9 -54.7 2529.5 -0.5468896031 0.0792371482 -0.8334466219 0.5702469945 0.7641295791 -0.3015366495 0.6129683256 -0.6401776671 -0.4630792737
-237.0 -183.8 2390.6 -0.9398854375 0.0792371482 0.3321698904 -0.1567240655 0.7641295791 -0.6257343888 -0.3034022450 -0.6401776671 -0.7057759166
-238.5 -24.2 2784.7 0.7612162232 0.6386730671 -0.1124566719 -0.5120886564 0.6983869076 0.5000209212 0.3978881836 -0.3230362535 0.8586807251
-116.3 -106.4 2848.6 -0.4145356715 0.6386730671 0.6482722163 -0.0414046794 0.6983869076 -0.7145218253 -0.9090906382 -0.3230362535 -0.2630622089
-412.3 -429.1 2656.0 0.9739331007 -0.2257324904 0.0223427173 0.0244215969 0.0064209057 -0.9996811152 0.2255170494 0.9741681814 0.0117662800
-318.4 -431.8 2250.7 0.9739331007 -0.0549182482 -0.2200871110 0.0244215969 0.9899964333 -0.1389625669 0.2255170494 0.1299653649 0.9655314684
-336.9 -405.3 2819.0 0.5830399990 -0.7912298441 0.1844441444 -0.1062930897 -0.2993608117 -0.9482008815 0.8054602146 0.5332338810 -0.2586416006
-40.3 -293.1 2619.1 0.5830399990 -0.3406159878 -0.7375941277 -0.1062930897 0.8680875897 -0.4848976135 0.8054602146 0.3611158729 0.4699246883
2.4 -143.9 2467.9 0 0 0 0 0 0 0 0 0
-128.0 -107.6 2822.8 0 0 0 0 0 0 0 0 0
-297.8 -802.6 2202.0 0 0 0 0 0 0 0 0 0
137.4 -745.9 2430.8 0 0 0 0 0 0 0 0 0
-259.7 156.7 2618.3 96 0.4019712806 0.2004679441 -0.8934381008 0.1038223505 0.9594683647 0.2619949281 0.9097472429 -0.1980732828 0.3648656905
-299.9 -35.5 2658.0 0.4019712806 0.2004679441 -0.8934381008 0.1038223505 0.9594683647 0.2619949281 0.9097472429 -0.1980732828 0.3648656905
-338.4 -222.7 2700.7 0.4059781134 0.1963082999 -0.8925496340 0.1231654584 0.9559931755 0.2662841976 0.9055451751 -0.2180368453 0.3639338911
-357.7 -53.1 2529.1 -0.5211142302 0.0731439814 -0.8503469229 0.5897256732 0.7510910630 -0.2967925668 0.6169794202 -0.6561342478 -0.4345391095
-242.1 -183.9 2392.2 -0.9502152801 0.0731439814 0.3028874993 -0.1473203003 0.7510910630 -0.6435518265 -0.2745680511 -0.6561342478 -0.7029226422
-242.1 -17.9 2786.9 0.7521804571 0.6446405053 -0.1366132498 -0.5025819540 0.6953034401 0.5137747526 0.4261876941 -0.3177919686 0.8469783664
-121.3 -98.6 2855.4 -0.3904487193 0.6446405053 0.6572582722 -0.0579430647 0.6953034401 -0.7163767815 -0.9187994599 -0.3177919686 -0.2341278940
-414.5 -424.7 2657.1 0.9737179875 -0.2264497429 0.0243688468 0.0292721502 0.0183197632 -0.9994035959 0.2258682549 0.9738505483 0.0244669542
-320.1 -432.3 2251.1 0.9737179875 -0.0590342954 -0.2199733704 0.0292721502 0.9902515411 -0.1361800581 0.2258682549 0.1261618733 0.9659537673
-340.2 -398.8 2825.1 0.5620569587 -0.8040010333 0.1940985918 -0.0907746255 -0.2932199538 -0.9517258406 0.8221021295 0.5173048973 -0.2377892137
-38.7 -288.8 2631.1 0.5620569587 -0.3527681231 -0.7480953336 -0.0907746255 0.8727077246 -0.4797302783 0.8221021295 0.3375438154 0.4584890604
0.5 -146.3 2462.3 0 0 0 0 0 0 0 0 0
-132.4 -100.3 2829.3 0 0 0 0 0 0 0 0 0
-297.9 -804.3 2203.7 0 0 0 0 0 0 0 0 0
145.3 -744.0 2455.1 0 0 0 0 0 0 0 0 0
-262.3 153.2 2628.8 97 0.3993673921 0.1878323108 -0.8973431587 0.0877978876 0.9664525390 0.2413732409 0.9125772715 -0.1751814336 0.3694783449
-299.6 -38.6 2663.6 0.3993673921 0.1878323108 -0.8973431587 0.0877978876 0.9664525390 0.2413732409 0.9125772715 -0.1751814336 0.3694783449
-336.6 -226.8 2703.0 0.4039039910 0.1887566000 -0.8951159120 0.1110188067 0.9611349702 0.2527734339 0.9080398679 -0.2014708966 0.3672507405
-357.2 -54.4 2534.3 -0.5315163732 0.0675385892 -0.8443511724 0.5714176297 0.7644237280 -0.2985602915 0.6252776980 -0.6411668658 -0.4448964596
-236.2 -184.4 2392.0 -0.9469141364 0.0675385892 0.3143122196 -0.1533386558 0.7644237280 -0.6262137294 -0.2825613022 -0.6411668658 -0.7134873271
-242.1 -22.8 2792.9 0.7558423877 0.6391808987 -0.1419506669 -0.5035017729 0.7060050368 0.4980389774 0.4185549021 -0.3049665689 0.8554573059
-120.6 -103.7 2860.2 -0.3889487982 0.6391808987 0.6634504795 -0.0453315824 0.7060050368 -0.7067545056 -0.9201434255 -0.3049665689 -0.2456247360
-413.5 -421.1 2661.6 0.9743778706 -0.2229229063 0.0298864748 0.0374592058 0.0298184659 -0.9988531470 0.2217760831 0.9743798971 0.0374049656
-319.2 -433.7 2249.1 0.9743778706 -0.0766606256 -0.2114496976 0.0374592058 0.9823026657 -0.1835165471 0.2217760831 0.1708937287 0.9600055814
-337.1 -405.0 2824.5 0.5617913008 -0.8022481799 0.2019614577 -0.1001310423 -0.3082724810 -0.9460136890 0.8211969137 0.5112395883 -0.2535147369
-36.2 -289.4 2632.7 0.5617913008 -0.3605253100 -0.7445884943 -0.1001310423 0.8637951612 -0.4937932193 0.8211969137 0.3519651592 0.4491727948
4.0 -145.5 2463.7 0 0 0 0 0 0 0 0 0
-131.7 -105.0 2834.0 0 0 0 0 0 0 0 0 0
-292.2 -779.1 2189.0 0 0 0 0 0 0 0 0 0
151.9 -739.9 2449.1 0 0 0 0 0 0 0 0 0
-264.0 144.6 2625.5 98 0.4242162406 0.1818573475 -0.8871124387 0.0834176987 0.9676147103 0.2382505089 0.9017106295 -0.1750706136 0.3953077197
-300.0 -47.1 2660.2 0.4242162406 0.1818573475 -0.8871124387 0.0834176987 0.9676147103 0.2382505089 0.9017106295 -0.1750706136 0.3953077197
-335.3 -235.9 2698.3 0.4276415408 0.1797316372 -0.8859002590 0.1017180160 0.9642418027 0.2447268814 0.8982071877 -0.1947674006 0.3940678835
-361.0 -61.6 2532.3 -0.5684893727 0.0693137497 -0.8197654486 0.5405654907 0.7826205492 -0.3086972833 0.6201683283 -0.6186280251 -0.4823801219
-231.9 -184.3 2391.6 -0.9407333732 0.0693137497 0.3319884837 -0.1550911367 0.7826205492 -0.6028696299 -0.3016081452 -0.6186280251 -0.7254873514
-239.1 -32.5 2788.1 0.7686226368 0.6281974912 -0.1207772419 -0.5054778457 0.7121374607 0.4871882200 0.3920603991 -0.3134136796 0.8649048805
-115.6 -113.7 2851.1 -0.4132536054 0.6281974912 0.6592339277 -0.0359096862 0.7121374607 -0.7011210322 -0.9099076390 -0.3134136796 -0.2717350125
-410.1 -425.1 2660.4 0.9754274487 -0.2176047117 0.0344886333 0.0383158512 0.0133918095 -0.9991759658 0.2169635296 0.9759451151 0.0214004498
-319.3 -430.6 2253.4 0.9754274487 -0.0847260132 -0.2033784091 0.0383158512 0.9742693305 -0.2221062630 0.2169635296 0.2088559419 0.9535753727
-331.8 -415.5 2817.6 0.5839570761 -0.7871111631 0.1986205727 -0.1078023985 -0.3176952004 -0.9420447946 0.8045948148 0.5287019610 -0.2703728378
-36.6 -296.3 2619.3 0.5839570761 -0.3540737629 -0.7304970622 -0.1078023985 0.8580721021 -0.5020865798 0.8045948148 0.3719463348 0.4629072547
6.7 -144.9 2468.1 0 0 0 0 0 0 0 0 0
-127.4 -114.8 2825.3 0 0 0 0 0 0 0 0 0
-290.0 -767.8 2181.1 0 0 0 0 0 0 0 0 0
148.1 -744.0 2425.2 0 0 0 0 0 0 0 0 0
-264.1 149.1 2621.9 99 0.4043845534 0.1889971793 -0.8948481679 0.0972366929 0.9639857411 0.2475409955 0.9094054103 -0.1871138215 0.3714434803
-301.7 -42.6 2659.1 0.4043845534 0.1889971793 -0.8948481679 0.0972366929 0.9639857411 0.2475409955 0.9094054103 -0.1871138215 0.3714434803
-338.3 -230.7 2699.8 0.4081609249 0.1864753515 -0.8936619163 0.1165900156 0.9602518082 0.2536202967 0.9054343700 -0.2077099383 0.3701961040
-359.9 -59.3 2530.2 -0.5894487500 0.0929226130 -0.8024435043 0.5414428115 0.7826439142 -0.3070963323 0.5994913578 -0.6154948473 -0.5116407275
-223.7 -184.3 2391.7 -0.9236823916 0.0929226130 0.3717205822 -0.1630246490 0.7826439142 -0.6007423997 -0.3467473984 -0.6154948473 -0.7077657580
-243.6 -26.0 2788.1 0.7585686445 0.6367206573 -0.1384211928 -0.5001384020 0.7051244378 0.5026540160 0.4176543653 -0.3120678365 0.8533337712
-121.7 -106.3 2855.2 -0.3933595121 0.6367206573 0.6632157564 -0.0510652736 0.7051244378 -0.7072424293 -0.9179654717 -0.3120678365 -0.2448530793
-409.1 -433.9 2655.3 0.9758480191 -0.2157580703 0.0341919623 0.0319297202 -0.0139630344 -0.9993925691 0.2161044478 0.9763470292 -0.0067367046
-321.8 -428.3 2260.0 0.9758480191 -0.0750157312 -0.2051664591 0.0319297202 0.9780834317 -0.2057504356 0.2161044478 0.1942302436 0.9568560123
-338.0 -408.2 2822.2 0.5659040213 -0.7993404865 0.2020083964 -0.0949383974 -0.3065638542 -0.9471036196 0.8189867735 0.5167914033 -0.2493738234
-38.1 -293.2 2628.4 0.5659040213 -0.3598678410 -0.7417868972 -0.0949383974 0.8652844429 -0.4922088385 0.8189867735 0.3489670157 0.4555026889
10.2 -143.0 2479.5 0 0 0 0 0 0 0 0 0
-132.9 -107.8 2829.1 0 0 0 0 0 0 0 0 0
-294.7 -781.7 2189.8 0 0 0 0 0 0 0 0 0
149.6 -744.5 2446.3 0 0 0 0 0 0 0 0 0
-264.2 150.7 2621.1 00 0.3867830932 0.1918607503 -0.9019913077 0.1085304841 0.9618492126 0.2511319816 0.9157619476 -0.1950271577 0.3512042761
-302.3 -40.7 2659.9 0.3867830932 0.1918607503 -0.9019913077 0.1085304841 0.9618492126 0.2511319816 0.9157619476 -0.1950271577 0.3512042761
-339.6 -228.2 2702.2 0.3907590508 0.1898712218 -0.9006976485 0.1285232753 0.9576559663 0.2576369047 0.9114763141 -0.2164345682 0.3498098850
-358.0 -59.0 2530.1 -0.5991671681 0.1036865562 -0.7938814759 0.5359892249 0.7885363102 -0.3015393913 0.5947387815 -0.6061844230 -0.5280399323
-218.8 -183.5 2391.9 -0.9147986770 0.1036865562 0.3903748393 -0.1636035442 0.7885363102 -0.5928274393 -0.3692929745 -0.6061844230 -0.7043884397
-246.7 -22.3 2789.7 0.7507342696 0.6421664357 -0.1549847126 -0.4941433668 0.7015948296 0.5134072900 0.4384294152 -0.3088477850 0.8440335989
-126.1 -101.7 2860.1 -0.3757234812 0.6421664357 0.6681721807 -0.0631099492 0.7015948296 -0.7097759247 -0.9245804548 -0.3088477850 -0.2230785489
-411.7 -429.3 2658.6 0.9749403000 -0.2202997357 0.0309740677 0.0318722352 0.0005229249 -0.9994918108 0.2201715857 0.9754320979 0.0075312657
-321.4 -429.5 2258.8 0.9749403000 -0.0729077160 -0.2101804763 0.0318722352 0.9808027148 -0.1923802197 0.2201715857 0.1808603108 0.9585478902
-341.5 -404.1 2826.9 0.5502585769 -0.8088688254 0.2072359324 -0.0839262232 -0.3005082309 -0.9500795603 0.8307658434 0.5053969026 -0.2332425416
-38.0 -291.4 2637.4 0.5502585769 -0.3669837117 -0.7500256300 -0.0839262232 0.8693839312 -0.4869578183 0.8307658434 0.3308995366 0.4475864172
14.2 -141.8 2485.9 0 0 0 0 0 0 0 0 0
-136.7 -103.5 2833.9 0 0 0 0 0 0 0 0 0
-294.5 -791.3 2192.1 0 0 0 0 0 0 0 0 0
153.4 -744.9 2464.7 0 0 0 0 0 0 0 0 0
-264.3 149.6 2620.7 01 0.3877114952 0.1919703633 -0.9015693069 0.0997560695 0.9635907412 0.2480757236 0.9163670540 -0.1861188114 0.3544450104
-302.5 -42.4 2657.8 0.3877114952 0.1919703633 -0.9015693069 0.0997560695 0.9635907412 0.2480757236 0.9163670540 -0.1861188114 0.3544450104
-339.6 -230.3 2698.4 0.3917224407 0.1891898662 -0.9004225135 0.1199956164 0.9597681761 0.2538623512 0.9122250676 -0.2074903399 0.3532607853
-358.4 -59.5 2527.8 -0.5684835911 0.0629634708 -0.8202816844 0.5534358025 0.7670033574 -0.3246762455 0.6087160707 -0.6385463476 -0.4708750844
-229.8 -184.6 2390.2 -0.9534598589 0.0629634708 0.2948726416 -0.1428103894 0.7670033574 -0.6255486012 -0.2655550241 -0.6385463476 -0.7223150730
-246.7 -25.3 2787.7 0.7514659166 0.6414662600 -0.1543373168 -0.4979484677 0.7048804164 0.5051642656 0.4328351617 -0.3027617037 0.8491107225
-125.9 -105.3 2857.3 -0.3767089844 0.6414662600 0.6682898998 -0.0543752573 0.7048804164 -0.7072389126 -0.9247343540 -0.3027617037 -0.2306548953
-412.1 -427.4 2662.3 0.9750625491 -0.2203655392 0.0263070092 0.0287654269 0.0079540526 -0.9995545149 0.2200581282 0.9753849506 0.0140946079
-320.3 -430.7 2255.8 0.9750625491 -0.0650022998 -0.2121973932 0.0287654269 0.9850957394 -0.1695845574 0.2200581282 0.1592516005 0.9623997808
-341.3 -407.5 2821.4 0.5512528419 -0.8081701398 0.2073193043 -0.0915374309 -0.3055660427 -0.9477607012 0.8293015957 0.5034782887 -0.2424219698
-38.1 -292.8 2632.5 0.5512528419 -0.3671426177 -0.7492173314 -0.0915374309 0.8659437895 -0.4916932881 0.8293015957 0.3396287560 0.4437466860
10.4 -148.7 2457.0 0 0 0 0 0 0 0 0 0
-136.6 -106.8 2831.0 0 0 0 0 0 0 0 0 0
-296.0 -797.8 2196.5 0 0 0 0 0 0 0 0 0
153.5 -744.6 2455.3 0 0 0 0 0 0 0 0 0
-265.4 150.9 2630.0 02 0.3990381062 0.1808280945 -0.8989270329 0.0804799497 0.9696708322 0.2307843715 0.9133956432 -0.1644373685 0.3723825812
-301.4 -42.1 2662.7 0.3990381062 0.1808280945 -0.8989270329 0.0804799497 0.9696708322 0.2307843715 0.9133956432 -0.1644373685 0.3723825812
-337.1 -231.0 2700.0 0.4033291042 0.1818235070 -0.8968086839 0.1033683643 0.9647333622 0.2420835942 0.9091978073 -0.1903410107 0.3703102469
-358.9 -56.8 2533.2 -0.5073553920 0.0342866369 -0.8610545397 0.5716299415 0.7611107230 -0.3065120578 0.6448485851 -0.6477150917 -0.4057528973
-244.5 -185.7 2387.8 -0.9576089382 0.0342866369 0.2860236168 -0.1604607701 0.7611107230 -0.6284606457 -0.2392434627 -0.6477150917 -0.7233448029
-243.9 -27.3 2792.2 0.7596161366 0.6339182258 -0.1453650147 -0.5027796030 0.7141553760 0.4870265126 0.4125481844 -0.2968666553 0.8612051010
-121.9 -108.1 2858.5 -0.3888710737 0.6339182258 0.6685259938 -0.0374737866 0.7141553760 -0.6989834309 -0.9205297232 -0.2968666553 -0.2539590597
-412.1 -429.2 2656.6 0.9745219350 -0.2229732722 0.0242872871 0.0264105834 0.0065451735 -0.9996297359 0.2227317542 0.9748026133 0.0122672692
-320.3 -431.8 2255.4 0.9745219350 -0.0617932156 -0.2156120390 0.0264105834 0.9862267375 -0.1632767320 0.2227317542 0.1534223109 0.9627315998
-336.2 -410.5 2819.4 0.5626829863 -0.7999339104 0.2085512429 -0.1056969538 -0.3198239207 -0.9415629506 0.8198878169 0.5077582002 -0.2645100653
-36.1 -290.5 2628.9 0.5626829863 -0.3666692972 -0.7409058809 -0.1056969538 0.8569839597 -0.5043874383 0.8198878169 0.3621217012 0.4434544444
-3.6 -145.3 2448.0 0 0 0 0 0 0 0 0 0
-132.9 -109.2 2832.4 0 0 0 0 0 0 0 0 0
-297.2 -801.4 2197.9 0 0 0 0 0 0 0 0 0
155.2 -737.6 2440.0 0 0 0 0 0 0 0 0 0
-265.2 148.0 2623.6 03 0.4347831011 0.1829124093 -0.8817633986 0.0907297358 0.9652751684 0.2449733913 0.8959529996 -0.1865124404 0.4030897319
-301.5 -43.6 2660.7 0.4347831011 0.1829124093 -0.8817633986 0.0907297358 0.9652751684 0.2449733913 0.8959529996 -0.1865124404 0.4030897319
-337.6 -231.8 2700.7 0.4376950562 0.1846768856 -0.8799531460 0.1059912667 0.9612572193 0.2544611096 0.8928543329 -0.2046437114 0.4011633992
-363.8 -58.7 2533.5 -0.4857686758 0.0166986790 -0.8739278913 0.5743332505 0.7597929835 -0.3047226071 0.6589158177 -0.6499505639 -0.3786742687
-256.3 -185.8 2387.7 -0.9625342488 0.0166986790 0.2706454396 -0.1637396216 0.7597929835 -0.6292089820 -0.2161414772 -0.6499505639 -0.7285925746
-239.2 -28.5 2787.8 0.7688320279 0.6302276850 -0.1082144454 -0.5080738664 0.7048195004 0.4950660765 0.3882760108 -0.3256417215 0.8620900512
-115.6 -110.1 2850.2 -0.4229408503 0.6302276850 0.6511021852 -0.0400739312 0.7048195004 -0.7082538605 -0.9052707553 -0.3256417215 -0.2728412747
-409.2 -429.2 2655.1 0.9758809805 -0.2169781625 0.0240156837 0.0263348017 0.0078026676 -0.9996227026 0.2167089134 0.9761452675 0.0133285513
-320.2 -432.4 2254.6 0.9758809805 -0.0593524091 -0.2100799084 0.0263348017 0.9873101115 -0.1566051841 0.2167089134 0.1472956091 0.9650602341
-334.2 -410.5 2821.4 0.5915408134 -0.7837812304 0.1891202629 -0.1050733253 -0.3074987531 -0.9457294345 0.7993991971 0.5395660400 -0.2642525733
-40.3 -295.2 2619.1 0.5915408134 -0.3441335261 -0.7291443944 -0.1050733253 0.8637217283 -0.4928938150 0.7993991971 0.3681804538 0.4747674465
-14.0 -144.6 2442.1 0 0 0 0 0 0 0 0 0
-127.6 -111.3 2824.5 0 0 0 0 0 0 0 0 0
-297.9 -803.3 2199.3 0 0 0 0 0 0 0 0 0
139.2 -745.7 2427.1 0 0 0 0 0 0 0 0 0
-264.2 150.8 2624.0 04 0.4395895600 0.1794416606 -0.8800918460 0.0753773153 0.9690144658 0.2352216393 0.8950303197 -0.1697399467 0.4124428034
-300.1 -43.1 2657.9 0.4395895600 0.1794416606 -0.8800918460 0.0753773153 0.9690144658 0.2352216393 0.8950303197 -0.1697399467 0.4124428034
-335.6 -232.1 2694.5 0.4422611892 0.1816401780 -0.8783005476 0.0896900445 0.9654117227 0.2448182106 0.8923904896 -0.1870484054 0.4106728137
-363.1 -55.9 2530.8 -0.4644407034 0.0181484316 -0.8854182363 0.5885068774 0.7534331083 -0.2932545245 0.6617813110 -0.6572740674 -0.3606054783
-261.0 -185.2 2385.4 -0.9621169567 0.0181484316 0.2720322609 -0.1656986773 0.7534331083 -0.6363037825 -0.2165060192 -0.6572740674 -0.7218835950
-237.1 -30.3 2785.0 0.7720685601 0.6268554330 -0.1047013924 -0.5136241913 0.7124633789 0.4781067967 0.3742997646 -0.3153540790 0.8720387220
-113.0 -112.9 2845.2 -0.4277404845 0.6268554330 0.6512222290 -0.0236087460 0.7124633789 -0.7013120055 -0.9035932422 -0.3153540790 -0.2899501622
-413.3 -429.6 2660.2 0.9746161699 -0.2226125151 0.0238115098 0.0260572620 0.0071559935 -0.9996348619 0.2223608345 0.9748807549 0.0127750197
-320.1 -432.6 2252.0 0.9746161699 -0.0572381765 -0.2164419442 0.0260572620 0.9891966581 -0.1442603171 0.2223608345 0.1349585652 0.9655784965
-331.2 -413.1 2811.8 0.5959743261 -0.7803376317 0.1894407421 -0.1193642691 -0.3193836510 -0.9400777817 0.7940823436 0.5376497507 -0.2834888697
-38.5 -293.3 2610.1 0.5959743261 -0.3439587355 -0.7256080508 -0.1193642691 0.8556319475 -0.5036329627 0.7940823436 0.3867639601 0.4688782692
-19.0 -143.5 2439.8 0 0 0 0 0 0 0 0 0
-125.1 -113.5 2819.5 0 0 0 0 0 0 0 0 0
-298.6 -804.7 2201.2 0 0 0 0 0 0 0 0 0
140.9 -739.6 2408.4 0 0 0 0 0 0 0 0 0
-263.0 150.2 2620.6 05 0.4111512303 0.1930817813 -0.8908838630 0.1027015895 0.9612760544 0.2557356656 0.9057632685 -0.1966412216 0.3754000366
-301.5 -41.2 2659.8 0.4111512303 0.1930817813 -0.8908838630 0.1027015895 0.9612760544 0.2557356656 0.9057632685 -0.1966412216 0.3754000366
-339.2 -228.7 2701.3 0.4140391648 0.1921973377 -0.8897368908 0.1170885563 0.9580889344 0.2614496350 0.9026969671 -0.2124284059 0.3741822243
-360.5 -57.9 2531.3 -0.4575901628 0.0215439666 -0.8889021873 0.5871885419 0.7580299973 -0.2839015722 0.6676981449 -0.6518637538 -0.3595174551
-261.2 -185.3 2386.4 -0.9654451609 0.0215439666 0.2597141564 -0.1536028832 0.7580299973 -0.6338743567 -0.2105272859 -0.6518637538 -0.7285271883
-242.5 -24.5 2788.2 0.7573840022 0.6398952603 -0.1300138235 -0.5038508177 0.6993672848 0.5069711804 0.4153358638 -0.3184643090 0.8521012664
-120.9 -105.4 2854.9 -0.3990125954 0.6398952603 0.6567518711 -0.0517924353 0.6993672848 -0.7128835320 -0.9154815674 -0.3184643090 -0.2459146231
-411.2 -429.3 2650.6 0.9743688107 -0.2224119902 0.0337387323 0.0363688692 0.0077391989 -0.9993084669 0.2219970822 0.9749220610 0.0156297069
-319.8 -432.5 2249.8 0.9743688107 -0.0773566589 -0.2112376541 0.0363688692 0.9808322191 -0.1914299428 0.2219970822 0.1788408905 0.9585057497
-339.5 -405.7 2824.3 0.5696171522 -0.7987080216 0.1939118057 -0.0960007608 -0.2989675999 -0.9494220614 0.8162843585 0.5221914053 -0.2469736487
-40.0 -293.5 2628.5 0.5696171522 -0.3516221642 -0.7428984642 -0.0960007608 0.8692181706 -0.4850192070 0.8162843585 0.3475940824 0.4613655806
-18.5 -146.7 2439.3 0 0 0 0 0 0 0 0 0
-132.2 -106.8 2829.0 0 0 0 0 0 0 0 0 0
-292.5 -778.4 2186.8 0 0 0 0 0 0 0 0 0
143.3 -746.7 2447.3 0 0 0 0 0 0 0 0 0
-263.1 152.3 2619.9 06 0.3936045468 0.1938670427 -0.8986050487 0.1123207361 0.9600437284 0.2563203871 0.9123921990 -0.2018208355 0.3561022878
-301.8 -39.3 2660.2 0.3936045468 0.1938670427 -0.8986050487 0.1123207361 0.9600437284 0.2563203871 0.9123921990 -0.2018208355 0.3561022878
-339.3 -226.6 2703.1 0.3969376087 0.1911531538 -0.8977199197 0.1289142817 0.9567666650 0.2607270777 0.9087473154 -0.2192212939 0.3551343083
-358.3 -57.6 2530.8 -0.4546398818 0.0149926022 -0.8905491829 0.5915023088 0.7526153922 -0.2893011272 0.6659036279 -0.6582896709 -0.3510371149
-260.1 -185.4 2387.0 -0.9591968060 0.0149926022 0.2823415399 -0.1750786155 0.7526153922 -0.6347578764 -0.2220112532 -0.6582896709 -0.7192813754
-245.2 -20.9 2789.6 0.7521721721 0.6420935988 -0.1481648535 -0.4954788983 0.6993130445 0.5152299404 0.4344394505 -0.3141290843 0.8441476822
-124.4 -100.5 2859.4 -0.3818612099 0.6420935988 0.6647539735 -0.0635571405 0.6993130445 -0.7119843364 -0.9220317006 -0.3141290843 -0.2262309045
-414.3 -426.9 2661.3 0.9743410349 -0.2222077250 0.0358223580 0.0383349918 0.0070033907 -0.9992403984 0.2217880487 0.9749742150 0.0153420223
-321.6 -429.8 2254.4 0.9743410349 -0.0750573277 -0.2121931016 0.0383349918 0.9843242764 -0.1721516401 0.2217880487 0.1595999897 0.9619448781
-340.9 -402.3 2828.1 0.5552659035 -0.8064785004 0.2031555772 -0.0841136426 -0.2974780500 -0.9510161281 0.8274084330 0.5109786391 -0.2330152690
-38.4 -290.7 2636.4 0.5552659035 -0.3624272645 -0.7485494614 -0.0841136426 0.8709648252 -0.4840920568 0.8274084330 0.3317630291 0.4531320035
-19.1 -141.4 2442.7 0 0 0 0 0 0 0 0 0
-135.2 -102.3 2833.2 0 0 0 0 0 0 0 0 0
-294.2 -788.7 2196.2 0 0 0 0 0 0 0 0 0
150.6 -744.9 2463.4 0 0 0 0 0 0 0 0 0
-263.0 153.3 2618.6 07 0.3904511631 0.1875091493 -0.9013258219 0.1223531663 0.9597842097 0.2526736259 0.9124568701 -0.2089367807 0.3518065214
-300.4 -38.1 2660.3 0.3904511631 0.1875091493 -0.9013258219 0.1223531663 0.9597842097 0.2526736259 0.9124568701 -0.2089367807 0.3518065214
-336.8 -225.3 2704.6 0.3936027884 0.1858814508 -0.9002915621 0.1385248303 0.9561678767 0.2579804361 0.9087836742 -0.2262545526 0.3506011367
-356.5 -57.8 2530.8 -0.4507129788 0.0114843287 -0.8925950527 0.5932938457 0.7509653568 -0.2899197042 0.6669784188 -0.6602417231 -0.3452834189
-259.5 -185.5 2387.3 -0.9556801915 0.0114843287 0.2941828370 -0.1860142052 0.7509653568 -0.6336005926 -0.2281975895 -0.6602417231 -0.7155464888
-244.3 -18.3 2789.7 0.7539787889 0.6386520863 -0.1537514180 -0.4874129593 0.7008195519 0.5208460689 0.4403914213 -0.3177664578 0.8396903276
-123.2 -96.6 2860.5 -0.3788111806 0.6386520863 0.6697952151 -0.0731100664 0.7008195519 -0.7095822096 -0.9225816727 -0.3177664578 -0.2187863886
-412.6 -425.6 2663.9 0.9753470421 -0.2185572386 0.0305107515 0.0342189595 0.0132008316 -0.9993271828 0.2180074155 0.9757348299 0.0203541927
-320.8 -431.1 2254.1 0.9753470421 -0.0672803447 -0.2101702392 0.0342189595 0.9869810939 -0.1571538746 0.2180074155 0.1460877657 0.9649513364
-337.7 -400.0 2831.0 0.5535354614 -0.8060392737 0.2095214874 -0.0740870759 -0.2982396185 -0.9516113997 0.8295237422 0.5112277865 -0.2248032987
-35.3 -288.1 2639.2 0.5535354614 -0.3688312173 -0.7467007637 -0.0740870759 0.8712249398 -0.4852609932 0.8295237422 0.3239300251 0.4549282491
-19.4 -138.8 2444.6 0 0 0 0 0 0 0 0 0
-133.9 -98.7 2834.3 0 0 0 0 0 0 0 0 0
-295.9 -796.9 2200.0 0 0 0 0 0 0 0 0 0
157.1 -742.6 2470.2 0 0 0 0 0 0 0 0 0
-262.4 154.0 2617.9 08 0.3906294405 0.1881277114 -0.9011196494 0.1258511096 0.9587896466 0.2547231615 0.9119046926 -0.2129092813 0.3508553803
-300.0 -37.5 2660.5 0.3906294405 0.1881277114 -0.9011196494 0.1258511096 0.9587896466 0.2547231615 0.9119046926 -0.2129092813 0.3508553803
-336.3 -224.7 2705.3 0.3936282694 0.1853166968 -0.9003968835 0.1412244886 0.9556518197 0.2584284842 0.9083570242 -0.2288828492 0.3500002921
-356.1 -57.7 2531.0 -0.4536173642 0.0155016966 -0.8910617232 0.5927094817 0.7519143224 -0.2886526883 0.6655274630 -0.6590785980 -0.3502693772
-258.2 -185.5 2387.5 -0.9518491626 0.0155016966 0.3061745167 -0.1907441914 0.7519143224 -0.6310638189 -0.2399995476 -0.6590785980 -0.7127521634
-243.9 -17.4 2789.9 0.7542933822 0.6382274032 -0.1539715528 -0.4858031571 0.7003253102 0.5230102539 0.4416296482 -0.3197033107 0.8383036852
-122.6 -95.5 2860.9 -0.3788478076 0.6382274032 0.6701791883 -0.0758034363 0.7003253102 -0.7097874880 -0.9223492742 -0.3197033107 -0.2169368863
-408.8 -425.1 2666.8 0.9774861336 -0.2070494294 0.0406377688 0.0449264832 0.0160518233 -0.9988613129 0.2061613500 0.9781987667 0.0249924362
-321.0 -431.9 2251.8 0.9774861336 -0.0831693634 -0.1939168721 0.0449264832 0.9800016284 -0.1938516051 0.2061613500 0.1807752401 0.9616744518
-337.0 -399.1 2832.2 0.5537046194 -0.8058059812 0.2099712342 -0.0714806169 -0.2972169220 -0.9521305561 0.8296394944 0.5121902227 -0.2221698910
-34.6 -287.6 2640.0 0.5537046194 -0.3693437278 -0.7463219166 -0.0714806169 0.8718634248 -0.4845046401 0.8296394944 0.3216199875 0.4563538432
-18.9 -137.6 2447.8 0 0 0 0 0 0 0 0 0
-133.4 -97.6 2834.7 0 0 0 0 0 0 0 0 0
-291.6 -778.0 2188.0 0 0 0 0 0 0 0 0 0
158.1 -742.5 2472.2 0 0 0 0 0 0 0 0 0
-260.9 156.1 2617.6 09 0.3845880628 0.1949732155 -0.9022624493 0.1210759431 0.9583397508 0.2586996257 0.9151134491 -0.2087350637 0.3449594676
-299.9 -35.2 2659.3 0.3845880628 0.1949732155 -0.9022624493 0.1210759431 0.9583397508 0.2586996257 0.9151134491 -0.2087350637 0.3449594676
-337.5 -222.3 2703.4 0.3878018558 0.1920643747 -0.9015104175 0.1369651258 0.9551845193 0.2624176741 0.9115098715 -0.2252415568 0.3441162407
-355.1 -54.8 2529.4 -0.4928377569 0.0093587944 -0.8700708747 0.5914149880 0.7370575666 -0.3270695210 0.6382313371 -0.6757651567 -0.3687847257
-246.4 -185.2 2388.6 -0.9554331899 0.0093587944 0.2950589359 -0.1928168982 0.7370575666 -0.6477405429 -0.2235374898 -0.6757651567 -0.7024047375
-244.6 -15.7 2789.2 0.7484714985 0.6442589164 -0.1572288722 -0.4908980727 0.6976526976 0.5218235254 0.4458805919 -0.3133867085 0.8384385705
-124.3 -94.6 2860.9 -0.3725470603 0.6442589164 0.6679365039 -0.0715881214 0.6976526976 -0.7128505111 -0.9252479672 -0.3133867085 -0.2137871832
-408.2 -424.6 2668.0 0.9779718518 -0.2029677480 0.0487358347 0.0515551604 0.0086234724 -0.9986329079 0.2022700012 0.9791474342 0.0188975483
-322.6 -428.3 2255.5 0.9779718518 -0.0942359865 -0.1862543076 0.0515551604 0.9736958742 -0.2219422609 0.2022700012 0.2074509114 0.9571055174
-340.1 -397.0 2829.9 0.5473277569 -0.8110576272 0.2064409554 -0.0764013156 -0.2940590084 -0.9527288079 0.8334237933 0.5056825280 -0.2229125202
-35.7 -286.6 2640.1 0.5473277569 -0.3670230508 -0.7521478534 -0.0764013156 0.8730468750 -0.4816139340 0.8334237933 0.3210657537 0.4498017132
-5.7 -136.7 2444.9 0 0 0 0 0 0 0 0 0
-134.9 -96.6 2834.6 0 0 0 0 0 0 0 0 0
-290.0 -765.5 2183.6 0 0 0 0 0 0 0 0 0
155.8 -742.3 2472.6 0 0 0 0 0 0 0 0 0
-260.4 156.7 2617.9 10 0.3756129444 0.2029881775 -0.9042735696 0.1222849339 0.9563330412 0.2654684484 0.9186736941 -0.2102924138 0.3343886733
-301.1 -34.6 2660.0 0.3756129444 0.2029881775 -0.9042735696 0.1222849339 0.9563330412 0.2654684484 0.9186736941 -0.2102924138 0.3343886733
-340.1 -221.3 2704.7 0.3792536855 0.1993678510 -0.9035591483 0.1395617127 0.9530149102 0.2688587904 0.9147071242 -0.2280679494 0.3336102962
-355.1 -54.5 2529.7 -0.5220077634 0.0069655115 -0.8529122472 0.5817689896 0.7341660857 -0.3500642478 0.6237409115 -0.6789342165 -0.3872927427
-237.8 -185.2 2389.5 -0.9560019970 0.0069655115 0.2932775319 -0.1942367256 0.7341660857 -0.6505937576 -0.2198461294 -0.6789342165 -0.7005112767
-247.0 -14.7 2790.4 0.7413133979 0.6510736346 -0.1629649699 -0.4925224781 0.6926717758 0.5269036293 0.4559342563 -0.3103367984 0.8341552615
-127.8 -93.9 2863.7 -0.3635218143 0.6510736346 0.6662995219 -0.0743548423 0.6926717758 -0.7174100280 -0.9286136031 -0.3103367984 -0.2033908367
-410.2 -421.8 2665.1 0.9766399860 -0.2077277154 0.0549867488 0.0592238344 0.0142287668 -0.9981433153 0.2065596282 0.9780831933 0.0261988137
-323.3 -427.7 2256.3 0.9766399860 -0.1062862575 -0.1867553890 0.0592238344 0.9685846567 -0.2415291518 0.2065596282 0.2248266637 0.9522531629
-344.9 -395.3 2832.0 0.5384381413 -0.8176832795 0.2036624998 -0.0750483125 -0.2872601748 -0.9549080133 0.8393164277 0.4988743961 -0.2160375863
-38.1 -287.5 2644.8 0.5384381413 -0.3656364977 -0.7592063546 -0.0750483125 0.8765711188 -0.4753849208 0.8393164277 0.3129425347 0.4445389509
3.2 -136.3 2445.0 0 0 0 0 0 0 0 0 0
-138.2 -96.0 2837.3 0 0 0 0 0 0 0 0 0
-286.1 -766.9 2177.5 0 0 0 0 0 0 0 0 0
152.8 -745.0 2481.5 0 0 0 0 0 0 0 0 0
-261.4 157.1 2618.1 11 0.3756272793 0.2030773908 -0.9042475820 0.1203378960 0.9567494392 0.2648570836 0.9189248681 -0.2083027959 0.3349432647
-302.2 -34.8 2659.9 0.3756272793 0.2030773908 -0.9042475820 0.1203378960 0.9567494392 0.2648570836 0.9189248681 -0.2083027959 0.3349432647
-340.9 -221.6 2704.4 0.3796076179 0.1976623684 -0.9037851691 0.1393119693 0.9535567164 0.2670614123 0.9145984054 -0.2272866368 0.3344406486
-356.3 -54.7 2529.5 -0.5410313010 0.0232405346 -0.8406812549 0.5762333870 0.7383449078 -0.3504309654 0.6125685573 -0.6740227342 -0.4128596783
-233.7 -185.3 2390.7 -0.9524298310 0.0232405346 0.3038705587 -0.1885742694 0.7383449078 -0.6475233436 -0.2394100726 -0.6740227342 -0.6988391876
-248.1 -15.0 2790.2 0.7424066663 0.6497393847 -0.1633127630 -0.4917441308 0.6940441132 0.5258235931 0.4549945891 -0.3100668490 0.8347685337
-128.7 -94.0 2863.4 -0.3639866710 0.6497393847 0.6673473120 -0.0740401968 0.6940441132 -0.7161150575 -0.9284566641 -0.3100668490 -0.2045159787
-413.4 -420.5 2666.7 0.9753546715 -0.2177266032 0.0357545316 0.0404560938 0.0171731636 -0.9990337491 0.2169021964 0.9758586884 0.0255582947
-321.9 -427.8 2256.2 0.9753546715 -0.0819693580 -0.2048518658 0.0404560938 0.9791302085 -0.1991665363 0.2169021964 0.1859705150 0.9583153725
-345.3 -395.7 2831.6 0.5391013026 -0.8168909550 0.2050828189 -0.0749429315 -0.2890564203 -0.9543741345 0.8389000893 0.4991348386 -0.2170508951
-38.8 -287.3 2644.3 0.5391013026 -0.3668967187 -0.7581270337 -0.0749429315 0.8756638765 -0.4770705104 0.8389000893 0.3140056133 0.4445752501
6.3 -137.7 2451.1 0 0 0 0 0 0 0 0 0
-139.1 -96.1 2837.0 0 0 0 0 0 0 0 0 0
-292.1 -783.3 2188.7 0 0 0 0 0 0 0 0 0
152.7 -744.3 2480.4 0 0 0 0 0 0 0 0 0
-261.3 156.6 2617.7 12 0.3825810254 0.1970340014 -0.9026679397 0.1294366270 0.9559307098 0.2635197639 0.9148102999 -0.2176559567 0.3402175307
-300.7 -34.7 2661.2 0.3825810254 0.1970340014 -0.9026679397 0.1294366270 0.9559307098 0.2635197639 0.9148102999 -0.2176559567 0.3402175307
-337.5 -221.6 2706.5 0.3856213093 0.1879188269 -0.9033176303 0.1445260942 0.9546510577 0.2602952123 0.9112674594 -0.2309283465 0.3409746289
-355.7 -55.3 2531.4 -0.5673065782 0.0697568879 -0.8205468655 0.5554257631 0.7680652738 -0.3187128901 0.6080011725 -0.6365607977 -0.4744732678
-223.6 -184.6 2389.8 -0.9402204156 0.0697568879 0.3333459198 -0.1626112461 0.7680652738 -0.6193813682 -0.2992375493 -0.6365607977 -0.7108074427
-245.8 -14.1 2791.1 0.7500344515 0.6414772868 -0.1611060351 -0.4845366478 0.6987197399 0.5263221264 0.4501916468 -0.3166979253 0.8348831534
-125.2 -91.9 2863.5 -0.3706330955 0.6414772868 0.6716680527 -0.0791721791 0.6987197399 -0.7110010386 -0.9253987670 -0.3166979253 -0.2081815004
-413.9 -420.9 2666.2 0.9743732214 -0.2214438468 0.0394894592 0.0449543297 0.0196908731 -0.9987949729 0.2203994095 0.9749742746 0.0291411206
-320.2 -429.3 2253.4 0.9743732214 -0.0913777351 -0.2055405080 0.0449543297 0.9744404554 -0.2201019526 0.2203994095 0.2052215189 0.9535765648
-339.5 -395.5 2834.1 0.5463094115 -0.8104981184 0.2112789899 -0.0685755983 -0.2946830988 -0.9531312585 0.8347714543 0.5062160492 -0.2165685594
-35.3 -285.0 2644.1 0.5463094115 -0.3716988266 -0.7505904436 -0.0685755983 0.8732803464 -0.4823679626 0.8347714543 0.3149943352 0.4515918195
13.9 -143.5 2465.4 0 0 0 0 0 0 0 0 0
-135.7 -94.2 2837.2 0 0 0 0 0 0 0 0 0
-288.3 -769.4 2181.8 0 0 0 0 0 0 0 0 0
158.6 -740.7 2479.7 0 0 0 0 0 0 0 0 0
-263.0 155.2 2619.5 13 0.3851452172 0.2012587041 -0.9006431699 0.1152601540 0.9577984214 0.2633197904 0.9156299829 -0.2052246183 0.3456943631
-303.3 -36.3 2660.5 0.3851452172 0.2012587041 -0.9006431699 0.1152601540 0.9577984214 0.2633197904 0.9156299829 -0.2052246183 0.3456943631
-341.5 -223.4 2704.1 0.3887726068 0.1951402277 -0.9004310966 0.1327662170 0.9552464485 0.2643432319 0.9117175937 -0.2223162502 0.3454656303
-358.7 -55.2 2530.6 -0.6070161462 0.1179316491 -0.7858902812 0.5421516895 0.7845078111 -0.3010299504 0.5810360909 -0.6088017821 -0.5401457548
-214.3 -184.2 2392.4 -0.9203125238 0.1179316491 0.3729838729 -0.1439292431 0.7845078111 -0.6031847596 -0.3637433350 -0.6088017821 -0.7050185800
-247.9 -17.4 2790.5 0.7470759153 0.6464062333 -0.1550370902 -0.4948186278 0.6965129972 0.5196385384 0.4438829422 -0.3114942014 0.8402019143
-127.8 -96.9 2861.8 -0.3732735217 0.6464062333 0.6654515862 -0.0673789158 0.6965129972 -0.7143737078 -0.9252712727 -0.3114942014 -0.2164357007
-409.2 -421.7 2669.3 0.9775343537 -0.2074299604 0.0374086648 0.0412585512 0.0142633561 -0.9990466833 0.2066986412 0.9781458974 0.0225011818
-322.3 -427.6 2259.5 0.9775343537 -0.0805659741 -0.1947709471 0.0412585512 0.9793288708 -0.1980219930 0.2066986412 0.1855373234 0.9606516361
-344.6 -398.5 2830.0 0.5475653410 -0.8117453456 0.2030806690 -0.0808744133 -0.2929024398 -0.9527158737 0.8328454494 0.5052501559 -0.2260326594
-40.0 -288.6 2640.4 0.5475653410 -0.3639491498 -0.7534674406 -0.0808744133 0.8732206225 -0.4805674553 0.8328454494 0.3240783215 0.4487111568
19.0 -147.7 2484.6 0 0 0 0 0 0 0 0 0
-138.4 -98.8 2835.5 0 0 0 0 0 0 0 0 0
-293.1 -782.9 2192.2 0 0 0 0 0 0 0 0 0
150.0 -744.3 2471.3 0 0 0 0 0 0 0 0 0
-261.5 153.7 2618.9 14 0.4288649559 0.1975224316 -0.8815099001 0.1016257480 0.9590598941 0.2643413842 0.8976341486 -0.2029508650 0.3912338018
-300.9 -37.6 2659.4 0.4288649559 0.1975224316 -0.8815099001 0.1016257480 0.9590598941 0.2643413842 0.8976341486 -0.2029508650 0.3912338018
-339.0 -224.8 2702.5 0.4322502017 0.1944515407 -0.8805387020 0.1181635186 0.9558399320 0.2690861523 0.8939782977 -0.2203600854 0.3901849389
-362.4 -54.5 2532.1 -0.6448307037 0.1598003507 -0.7474337816 0.5220113397 0.8063795567 -0.2779499590 0.5582988262 -0.5693995357 -0.6033958793
-202.9 -183.6 2394.0 -0.8915717006 0.1598003507 0.4237496853 -0.1297074258 0.8063795567 -0.5769991279 -0.4339077473 -0.5693995357 -0.6982178688
-239.3 -20.8 2786.6 0.7615518570 0.6387073398 -0.1099621356 -0.5077001452 0.6933808923 0.5113350153 0.4028390646 -0.3335803449 0.8523173332
-117.1 -102.3 2851.3 -0.4167276323 0.6387073398 0.6468315125 -0.0527236089 0.6933808923 -0.7186397910 -0.9075011015 -0.3335803449 -0.2552760243
-414.8 -422.5 2665.2 0.9747351408 -0.2199567705 0.0388646722 0.0431844480 0.0148632964 -0.9989565611 0.2191496044 0.9753963947 0.0239864886
-322.3 -428.7 2254.7 0.9747351408 -0.0781141892 -0.2092596889 0.0431844480 0.9850841165 -0.1665664762 0.2191496044 0.1533214301 0.9635694027
-338.0 -401.4 2826.4 0.5850028396 -0.7901290655 0.1829419285 -0.0959399343 -0.2914019525 -0.9517775178 0.8053367138 0.5392410755 -0.2462758869
-41.8 -292.1 2624.2 0.5850028396 -0.3389678597 -0.7367988229 -0.0959399343 0.8731700182 -0.4778803885 0.8053367138 0.3502497971 0.4782863557
24.4 -150.5 2504.6 0 0 0 0 0 0 0 0 0
-128.9 -103.8 2825.6 0 0 0 0 0 0 0 0 0
-293.4 -792.8 2198.0 0 0 0 0 0 0 0 0 0
135.0 -747.5 2441.5 0 0 0 0 0 0 0 0 0
-263.4 153.0 2627.6 15 0.4063251317 0.1815654188 -0.8955076337 0.0760909095 0.9699308872 0.2311801165 0.9105548263 -0.1620742828 0.3802918196
-299.8 -41.3 2660.1 0.4063251317 0.1815654188 -0.8955076337 0.0760909095 0.9699308872 0.2311801165 0.9105548263 -0.1620742828 0.3802918196
-334.6 -230.4 2696.7 0.4107336104 0.1783990413 -0.8941317797 0.0997999683 0.9659813046 0.2385793030 0.9062769413 -0.1872268617 0.3789567649
-358.3 -55.5 2531.0 -0.6229627132 0.1277897209 -0.7717429996 0.5332145691 0.7912269831 -0.2994029224 0.5723632574 -0.5980214477 -0.5610442162
-208.1 -184.0 2393.1 -0.9229989648 0.1277897209 0.3629637659 -0.1257892549 0.7912269831 -0.5984454155 -0.3636619151 -0.5980214477 -0.7142270803
-241.2 -27.1 2789.1 0.7637547851 0.6303491592 -0.1390630305 -0.5035625696 0.7166034579 0.4826015234 0.4038605094 -0.2985623181 0.8647295833
-118.5 -108.1 2854.0 -0.3966210485 0.6303491592 0.6673467755 -0.0333301425 0.7166034579 -0.6966840029 -0.9173771739 -0.2985623181 -0.2632103860
-416.1 -422.7 2665.0 0.9744762182 -0.2207453102 0.0408370458 0.0463351794 0.0197845548 -0.9987300038 0.2196570188 0.9751307964 0.0295078512
-322.2 -431.1 2250.4 0.9744762182 -0.0766129494 -0.2110133022 0.0463351794 0.9883654714 -0.1448679566 0.2196570188 0.1313930303 0.9666885138
-332.4 -410.5 2815.2 0.5696884394 -0.7949826717 0.2084648609 -0.1079988703 -0.3238635063 -0.9399194717 0.8147339225 0.5129473209 -0.2703585327
-34.4 -289.1 2623.0 0.5696884394 -0.3654273152 -0.7361508012 -0.1079988703 0.8546590805 -0.5078327656 0.8147339225 0.3688099086 0.4474236667
27.1 -151.9 2485.7 0 0 0 0 0 0 0 0 0
-129.8 -109.0 2827.9 0 0 0 0 0 0 0 0 0
-293.7 -799.8 2201.4 0 0 0 0 0 0 0 0 0
156.1 -734.7 2430.7 0 0 0 0 0 0 0 0 0
-262.9 154.7 2631.9 16 0.4188046157 0.1886882484 -0.8882564306 0.0623854622 0.9698840380 0.2354421914 0.9059308767 -0.1540185660 0.3944205046
-300.5 -38.8 2662.7 0.4188046157 0.1886882484 -0.8882564306 0.0623854622 0.9698840380 0.2354421914 0.9059308767 -0.1540185660 0.3944205046
-337.2 -227.9 2697.7 0.4232235551 0.1872495115 -0.8864645958 0.0851390734 0.9658616185 0.2446685135 0.9020161629 -0.1790222526 0.3928331435
-360.8 -50.9 2534.2 -0.5946337581 0.0665403008 -0.8012384772 0.5503038168 0.7602333426 -0.3452693224 0.5861539245 -0.6462333798 -0.4886777997
-216.6 -184.4 2392.0 -0.9449712634 0.0665403008 0.3203150630 -0.1599038243 0.7602333426 -0.6296634078 -0.2854121923 -0.6462333798 -0.7077586055
-240.2 -26.7 2791.1 0.7629290223 0.6347455978 -0.1226268858 -0.5166308284 0.7126463652 0.4745816588 0.3886282146 -0.2987192869 0.8716277480
-117.6 -109.7 2853.6 -0.4083237052 0.6347455978 0.6560257673 -0.0188623331 0.7126463652 -0.7012698650 -0.9126423001 -0.2987192869 -0.2790176272
-406.6 -428.4 2651.6 0.9774066806 -0.2065047324 0.0450776778 0.0479592904 0.0089670476 -0.9988090396 0.2058545798 0.9784045219 0.0186682716
-321.5 -432.1 2248.4 0.9774066806 -0.0735953003 -0.1981411874 0.0479592904 0.9901939631 -0.1312089264 0.2058545798 0.1187417656 0.9713518023
-335.6 -409.3 2814.3 0.5787004232 -0.7921440601 0.1939421892 -0.1236288548 -0.3202692866 -0.9392249584 0.8061152101 0.5195530653 -0.2832718492
-38.5 -289.2 2619.4 0.5787004232 -0.3507455289 -0.7362630963 -0.1236288548 0.8546296358 -0.5043056011 0.8061152101 0.3828652203 0.4512122869
23.0 -143.9 2464.4 0 0 0 0 0 0 0 0 0
-129.2 -110.3 2827.7 0 0 0 0 0 0 0 0 0
-293.9 -803.2 2203.9 0 0 0 0 0 0 0 0 0
144.4 -734.9 2419.8 0 0 0 0 0 0 0 0 0
-266.5 153.7 2635.6 17 0.4278396368 0.1766169816 -0.8864308596 0.0600714386 0.9729981422 0.2228588164 0.9018562436 -0.1485970169 0.4056775272
-301.6 -39.4 2665.1 0.4278396368 0.1766169816 -0.8864308596 0.0600714386 0.9729981422 0.2228588164 0.9018562436 -0.1485970169 0.4056775272
-336.3 -229.1 2698.8 0.4315945506 0.1776782721 -0.8843961358 0.0806520507 0.9688829184 0.2340109944 0.8984550238 -0.1723262370 0.4038344622
-363.1 -50.9 2537.1 -0.5954685211 0.0755868331 -0.7998148799 0.5444468260 0.7700480223 -0.3325712681 0.5907579064 -0.6334924102 -0.4996923804
