-36.4 16.2 2821.2 56 0.2722926736 0.3925065100 -0.8785188198 -0.1669460684 0.9184418917 0.3585993052 0.9476211071 0.0490212999 0.3156124055
-113.8 -165.0 2811.5 0.2722926736 0.3925065100 -0.8785188198 -0.1669460684 0.9184418917 0.3585993052 0.9476211071 0.0490212999 0.3156124055
-194.6 -346.4 2802.9 0.2727638185 0.4061241746 -0.8721600175 -0.1658657193 0.9128116965 0.3731800616 0.9476752877 0.0428714156 0.3163440824
-152.2 -141.8 2678.4 -0.6456751227 0.1384596825 -0.7509543896 0.6099594831 0.6851657629 -0.3981171846 0.4594050646 -0.7151061296 -0.5268493295
8.0 -293.1 2564.4 -0.9620542526 0.1384596825 0.2351181507 -0.0783688426 0.6851657629 -0.7241589427 -0.2613617182 -0.7151061296 -0.6483157277
-75.5 -188.2 2944.6 0.7456297874 0.2395182550 -0.6218257546 -0.6612496972 0.3813080490 -0.6460286379 0.0823714882 0.8928802609 0.4426960051
100.2 -344.0 2964.0 0.9695971608 0.2395182550 0.0501233228 -0.0464650653 0.3813080490 -0.9232795835 -0.2402547449 0.8928802609 0.3808444142
-291.4 -517.0 2703.1 0.8579181433 -0.5025215745 -0.1069978625 -0.1126327068 0.0192378424 -0.9934504628 0.5012887120 0.8643506169 -0.0400958732
-90.4 -524.7 2357.3 0.8579181433 0.1922218502 -0.4764737487 -0.1126327068 0.9751824737 0.1906122416 0.5012887120 -0.1098631695 0.8582772017
-236.2 -549.9 2874.4 0.3364104331 -0.9379233122 0.0844265595 -0.1004309505 -0.1248732135 -0.9870766401 0.9363448620 0.3235838413 -0.1362051815
136.5 -500.3 2745.8 0.3364104331 -0.2506259382 -0.9077525139 -0.1004309505 0.9488894343 -0.2992030382 0.9363448620 0.1918214709 0.2940456867
258.1 -272.8 2632.3 0 0 0 0 0 0 0 0 0
351.7 -356.0 2901.7 0 0 0 0 0 0 0 0 0
-163.9 -897.5 2399.3 0 0 0 0 0 0 0 0 0
235.4 -874.7 2670.1 0 0 0 0 0 0 0 0 0
-36.7 18.5 2821.5 57 0.2706695795 0.3873212934 -0.8813173175 -0.1704556495 0.9203075171 0.3521064818 0.9474612474 0.0549210086 0.3151203394
-113.3 -163.4 2810.6 0.2706695795 0.3873212934 -0.8813173175 -0.1704556495 0.9203075171 0.3521064818 0.9474612474 0.0549210086 0.3151203394
-193.8 -344.9 2801.6 0.2719556093 0.4049125314 -0.8729753494 -0.1674792022 0.9132376909 0.3714130819 0.9476237893 0.0451973379 0.3161745369
-151.5 -139.9 2677.4 -0.6399601698 0.1262772083 -0.7579610944 0.6181157231 0.6705954075 -0.4101642668 0.4564908445 -0.7309964895 -0.5072082877
6.6 -292.6 2564.6 -0.9684498906 0.1262772083 0.2148460448 -0.0762584880 0.6705954075 -0.7378932238 -0.2372538745 -0.7309964895 -0.6398083568
-75.0 -186.9 2943.9 0.7464765906 0.2383418977 -0.6212614775 -0.6603617668 0.3801568449 -0.6476134062 0.0818233863 0.8936855793 0.4411700368
101.0 -342.6 2963.2 0.9698537588 0.2383418977 0.0507621020 -0.0450708084 0.3801568449 -0.9238232374 -0.2394833565 0.8936855793 0.3794387877
-300.3 -512.6 2707.5 0.8508237600 -0.5138434172 -0.1098356619 -0.1100609750 0.0301176775 -0.9934684038 0.5137951970 0.8573551774 -0.0309292693
-89.7 -525.0 2356.0 0.8508237600 0.1959536523 -0.4875459969 -0.1100609750 0.9737393260 0.1992946118 0.5137951970 -0.1159048006 0.8500474095
-250.3 -542.9 2881.0 0.3406809866 -0.9385645390 0.0550736263 -0.0913376212 -0.0913407803 -0.9916220307 0.9357317686 0.3327964842 -0.1168443188
122.5 -506.6 2748.8 0.3406809866 -0.2863114476 -0.8955234289 -0.0913376212 0.9379187226 -0.3346130848 0.9357317686 0.1957913041 0.2933800817
258.3 -272.8 2626.3 0 0 0 0 0 0 0 0 0
352.9 -354.4 2901.0 0 0 0 0 0 0 0 0 0
-164.6 -897.3 2400.3 0 0 0 0 0 0 0 0 0
234.8 -874.6 2672.0 0 0 0 0 0 0 0 0 0
-38.3 16.5 2821.1 58 0.2826237082 0.3747280538 -0.8830077648 -0.1744801402 0.9252635241 0.3368146718 0.9432287812 0.0588755049 0.3268840015
-112.5 -166.9 2809.5 0.2826237082 0.3747280538 -0.8830077648 -0.1744801402 0.9252635241 0.3368146718 0.9432287812 0.0588755049 0.3268840015
-190.4 -349.5 2800.0 0.2845587432 0.3915277123 -0.8750613332 -0.1698229313 0.9189487696 0.3559399843 0.9434969425 0.0473196469 0.3279853165
-152.6 -143.0 2676.7 -0.6529265046 0.1312892735 -0.7459558249 0.6072795987 0.6793244481 -0.4119827747 0.4526571035 -0.7219982147 -0.5232782364
8.1 -292.4 2565.4 -0.9665387273 0.1312892735 0.2203771025 -0.0741869509 0.6793244481 -0.7300784588 -0.2455590218 -0.7219982147 -0.6468534470
-72.5 -190.7 2942.2 0.7572482228 0.2422142476 -0.6065537333 -0.6494417787 0.3777616918 -0.6599404812 0.0692857727 0.8936600685 0.4433634281
106.1 -343.9 2958.5 0.9677870870 0.2422142476 0.0687050372 -0.0288451426 0.3777616918 -0.9254534245 -0.2501121461 0.8936600685 0.3725796044
-299.2 -511.1 2705.7 0.8494760990 -0.5156924725 -0.1115869656 -0.1108555794 0.0323280916 -0.9933105707 0.5158502460 0.8561636209 -0.0297054481
-87.3 -524.4 2353.8 0.8494760990 0.2092362493 -0.4843661785 -0.1108555794 0.9682948589 0.2238662243 0.5158502460 -0.1364743114 0.8457383513
-249.3 -541.8 2879.4 0.3421280086 -0.9371228814 0.0689135641 -0.0901668146 -0.1057422683 -0.9902971983 0.9353172779 0.3325946927 -0.1206747741
123.1 -499.7 2747.2 0.3421280086 -0.2823823392 -0.8962190747 -0.0901668146 0.9395090938 -0.3304430544 0.9353172779 0.1938630342 0.2959708571
259.3 -273.1 2629.2 0 0 0 0 0 0 0 0 0
357.6 -351.4 2893.5 0 0 0 0 0 0 0 0 0
-167.2 -894.5 2405.9 0 0 0 0 0 0 0 0 0
235.8 -874.9 2669.8 0 0 0 0 0 0 0 0 0
-35.5 16.9 2821.0 59 0.3052789569 0.3651369512 -0.8794769645 -0.1859967113 0.9286404252 0.3209862709 0.9339218140 0.0655894652 0.3514086306
-107.9 -167.4 2807.9 0.3052789569 0.3651369512 -0.8794769645 -0.1859967113 0.9286404252 0.3209862709 0.9339218140 0.0655894652 0.3514086306
-184.1 -350.8 2797.8 0.3080288768 0.3832159936 -0.8707833886 -0.1791952699 0.9222748280 0.3424883187 0.9343485832 0.0505439788 0.3527577519
-151.3 -142.3 2676.5 -0.6502713561 0.1241788268 -0.7494843602 0.6095607877 0.6740871668 -0.4171835780 0.4534124136 -0.7281388044 -0.5140340924
9.1 -292.6 2564.7 -0.9682217836 0.1241788268 0.2170857489 -0.0782275870 0.6740871668 -0.7344977856 -0.2375437915 -0.7281388044 -0.6429516077
-64.6 -192.6 2939.4 0.7651587129 0.2590112090 -0.5894449353 -0.6423943043 0.3684776723 -0.6719775200 0.0431475788 0.8928254843 0.4483312368
115.9 -344.2 2949.5 0.9619784951 0.2590112090 0.0866636932 -0.0154736014 0.3684776723 -0.9295077920 -0.2726865709 0.8928254843 0.3584754169
-294.3 -516.6 2704.0 0.8556995392 -0.5063155293 -0.1068778336 -0.1111676246 0.0218512025 -0.9935613871 0.5053910017 0.8620713949 -0.0375878327
-89.5 -525.4 2355.3 0.8556995392 0.1962801963 -0.4788030386 -0.1111676246 0.9733952880 0.2003582269 0.5053910017 -0.1182190478 0.8547539115
-242.1 -547.7 2877.1 0.3310387135 -0.9390220642 0.0930101797 -0.1065602005 -0.1351384670 -0.9850799441 0.9375810623 0.3161884248 -0.1447984427
130.9 -494.0 2751.5 0.3310387135 -0.2593654096 -0.9072722793 -0.1065602005 0.9450577497 -0.3090482056 0.9375810623 0.1989860237 0.2852126658
260.8 -272.3 2626.4 0 0 0 0 0 0 0 0 0
365.8 -348.2 2878.7 0 0 0 0 0 0 0 0 0
-164.5 -897.4 2400.5 0 0 0 0 0 0 0 0 0
235.4 -874.6 2671.3 0 0 0 0 0 0 0 0 0
-37.0 17.6 2820.9 60 0.3368575871 0.3645374477 -0.8681240678 -0.1866706461 0.9295651317 0.3179036975 0.9228656888 0.0549650043 0.3811795115
-109.1 -166.4 2810.0 0.3368575871 0.3645374477 -0.8681240678 -0.1866706461 0.9295651317 0.3179036975 0.9228656888 0.0549650043 0.3811795115
-184.9 -349.9 2800.9 0.3374769092 0.3812605441 -0.8606681824 -0.1851319373 0.9233323932 0.3364275098 0.9229493737 0.0458006449 0.3821868598
-156.6 -140.3 2680.2 -0.6486816406 0.1087036356 -0.7532566786 0.6070621014 0.6708366871 -0.4259738922 0.4590072930 -0.7335950136 -0.5011492968
6.0 -292.5 2565.1 -0.9672833085 0.1087036356 0.2292302698 -0.0987929627 0.6708366871 -0.7349953055 -0.2336727381 -0.7335950136 -0.6381499767
-61.6 -192.4 2939.8 0.7683471441 0.2852730155 -0.5729414821 -0.6398702860 0.3625796437 -0.6775706410 0.0144442832 0.8872177601 0.4611247778
119.6 -343.3 2943.2 0.9531017542 0.2852730155 0.1010758728 -0.0096960682 0.3625796437 -0.9319023490 -0.3024946451 0.8872177601 0.3483413160
-288.6 -517.7 2702.1 0.8619356155 -0.4962078631 -0.1041379571 -0.1099178270 0.0176308714 -0.9937843084 0.4949596226 0.8680247068 -0.0393454134
-90.2 -524.7 2355.1 0.8619356155 0.1907009631 -0.4697872996 -0.1099178270 0.9748166203 0.1940375715 0.4949596226 -0.1156098917 0.8611906171
-234.8 -549.0 2878.2 0.3427892923 -0.9337198734 0.1032604501 -0.1157765314 -0.1510728598 -0.9817193151 0.9322506785 0.3245677054 -0.1598889977
129.9 -490.0 2751.4 0.3427892923 -0.2426707149 -0.9075276256 -0.1157765314 0.9477809072 -0.2971651852 0.9322506785 0.2069354504 0.2967935503
257.4 -266.8 2625.9 0 0 0 0 0 0 0 0 0
367.2 -345.8 2864.6 0 0 0 0 0 0 0 0 0
-163.1 -897.3 2399.3 0 0 0 0 0 0 0 0 0
228.1 -873.4 2667.7 0 0 0 0 0 0 0 0 0
-35.6 18.0 2820.8 61 0.3242425919 0.3836068511 -0.8647037148 -0.1831504852 0.9222492576 0.3404587805 0.9280747175 0.0479796715 0.3692902923
-111.4 -164.3 2811.3 0.3242425919 0.3836068511 -0.8647037148 -0.1831504852 0.9222492576 0.3404587805 0.9280747175 0.0479796715 0.3692902923
-190.1 -346.7 2803.3 0.3252657950 0.3956451118 -0.8588755131 -0.1807347685 0.9175314307 0.3542189598 0.9281902313 0.0400133580 0.3699484169
-157.2 -138.9 2680.8 -0.6323659420 0.0930993855 -0.7690551877 0.6183800697 0.6586258411 -0.4287401140 0.4666041732 -0.7466890216 -0.4740633368
-0.4 -292.2 2565.1 -0.9766846895 0.0930993855 0.1934411824 -0.0852916464 0.6586258411 -0.7476211190 -0.1970084310 -0.7466890216 -0.6353291869
-65.7 -189.7 2941.9 0.7578164935 0.2822659016 -0.5882517695 -0.6518263221 0.3674868941 -0.6633821130 0.0289246775 0.8861598969 0.4624759853
113.1 -343.5 2948.7 0.9557805657 0.2822659016 0.0825197324 -0.0282687917 0.3674868941 -0.9295989871 -0.2927190065 0.8861598969 0.3592161536
-291.6 -516.5 2707.1 0.8585486412 -0.5012786388 -0.1077680066 -0.1159959882 0.0148428194 -0.9931387901 0.4994388223 0.8651586175 -0.0454030260
-89.0 -522.5 2357.4 0.8585486412 0.1942613125 -0.4745068550 -0.1159959882 0.9750434756 0.1893018633 0.4994388223 -0.1074839681 0.8596557975
-231.1 -549.7 2878.7 0.3205619156 -0.9395263195 0.1205420047 -0.0622328557 -0.1478724331 -0.9870465398 0.9451810122 0.3089078367 -0.1058716774
139.1 -491.4 2757.0 0.3205619156 -0.1264188737 -0.9387536049 -0.0622328557 0.9861018658 -0.1540461332 0.9451810122 0.1078026444 0.3082392812
253.3 -270.1 2616.2 0 0 0 0 0 0 0 0 0
361.4 -350.8 2872.7 0 0 0 0 0 0 0 0 0
-163.3 -895.2 2398.5 0 0 0 0 0 0 0 0 0
188.2 -874.3 2715.1 0 0 0 0 0 0 0 0 0
-36.5 20.2 2819.8 62 0.2935561836 0.3862732649 -0.8744242191 -0.1732927412 0.9210730195 0.3487034142 0.9401034117 0.0491673239 0.3373250365
-112.7 -161.5 2810.1 0.2935561836 0.3862732649 -0.8744242191 -0.1732927412 0.9210730195 0.3487034142 0.9401034117 0.0491673239 0.3373250365
-191.9 -343.6 2801.9 0.2946996391 0.3985651433 -0.8685032725 -0.1706159264 0.9162081480 0.3625642061 0.9402352571 0.0413329452 0.3380077779
-154.1 -137.5 2677.9 -0.6247751117 0.1036240458 -0.7738980055 0.6295812726 0.6531003714 -0.4208174646 0.4618262649 -0.7501479387 -0.4732806087
-0.8 -291.9 2564.6 -0.9740114808 0.1036240458 0.2014044076 -0.0860894546 0.6531003714 -0.7523619533 -0.2095000893 -0.7501479387 -0.6272063255
-71.2 -185.4 2942.3 0.7532969713 0.2556568682 -0.6059564352 -0.6548406482 0.3770898283 -0.6549709439 0.0610521957 0.8901925683 0.4514751434
106.5 -339.9 2956.7 0.9644684792 0.2556568682 0.0666340813 -0.0360171013 0.3770898283 -0.9254761338 -0.2617313564 0.8901925683 0.3728992939
-298.6 -512.5 2710.2 0.8519408107 -0.5110483170 -0.1141333058 -0.1185834333 0.0240071081 -0.9926538467 0.5100340843 0.8592166305 -0.0401492305
-89.8 -522.3 2359.2 0.8519408107 0.1932038665 -0.4866919816 -0.1185834333 0.9764815569 0.1800603867 0.5100340843 -0.0956871957 0.8548153043
-240.2 -543.4 2878.9 0.2808742225 -0.9522395134 0.1197898760 -0.0264028925 -0.1324336082 -0.9908401370 0.9593813419 0.2751386762 -0.0623390675
145.9 -489.7 2767.4 0.2808742225 -0.0672732890 -0.9573839307 -0.0264028925 0.9966211319 -0.0777764022 0.9593813419 0.0471230932 0.2781489789
252.3 -269.6 2619.0 0 0 0 0 0 0 0 0 0
357.0 -349.3 2888.7 0 0 0 0 0 0 0 0 0
-163.6 -895.6 2395.7 0 0 0 0 0 0 0 0 0
171.8 -872.3 2749.3 0 0 0 0 0 0 0 0 0
-35.3 16.7 2819.3 63 0.2981275618 0.3873806000 -0.8723853827 -0.1727086008 0.9207528830 0.3498369157 0.9387713671 0.0463724285 0.3414057791
-111.8 -165.0 2810.1 0.2981275618 0.3873806000 -0.8723853827 -0.1727086008 0.9207528830 0.3498369157 0.9387713671 0.0463724285 0.3414057791
-191.7 -346.9 2802.4 0.2988094389 0.4022189975 -0.8654090166 -0.1711235046 0.9147247076 0.3660538793 0.9388448596 0.0387114659 0.3421575129
-153.8 -141.0 2678.1 -0.6262177229 0.1103812009 -0.7717949152 0.6243435740 0.6638947725 -0.4116294384 0.4669544697 -0.7396348119 -0.4846584797
-1.0 -293.3 2564.1 -0.9646051526 0.1103812009 0.2394846529 -0.1077563837 0.6638947725 -0.7400218248 -0.2406771183 -0.7396348119 -0.6285020709
-69.7 -189.1 2942.2 0.7511959076 0.2616463006 -0.6060082316 -0.6575534940 0.3768630326 -0.6523784399 0.0576896742 0.8885468245 0.4551444054
107.5 -344.3 2955.8 0.9629723430 0.2616463006 0.0650034398 -0.0399285704 0.3768630326 -0.9254080057 -0.2666269839 0.8885468245 0.3733558357
-298.1 -510.1 2707.4 0.8494043946 -0.5144864321 -0.1175407171 -0.1184268668 0.0312224627 -0.9924717546 0.5142831802 0.8569298983 -0.0344085209
-89.4 -522.8 2359.7 0.8494043946 0.1980047077 -0.4891893864 -0.1184268668 0.9748215675 0.1889390051 0.5142831802 -0.1025524512 0.8514668345
-242.3 -545.4 2880.4 0.2819925249 -0.9522752166 0.1168421283 -0.0109520275 -0.1249716952 -0.9920998812 0.9593541026 0.2784850597 -0.0456704274
149.5 -494.0 2765.8 0.2819925249 -0.0357621871 -0.9587498307 -0.0109520275 0.9991199374 -0.0404892936 0.9593541026 0.0219179317 0.2813526690
249.5 -265.3 2626.6 0 0 0 0 0 0 0 0 0
357.8 -354.6 2886.5 0 0 0 0 0 0 0 0 0
-165.1 -895.4 2398.9 0 0 0 0 0 0 0 0 0
163.2 -876.5 2757.4 0 0 0 0 0 0 0 0 0
-36.4 16.0 2820.0 64 0.2669839561 0.3773179352 -0.8867641687 -0.1732883155 0.9239634275 0.3409731388 0.9479929805 0.0626315176 0.3120682240
-110.6 -165.7 2807.7 0.2669839561 0.3773179352 -0.8867641687 -0.1732883155 0.9239634275 0.3409731388 0.9479929805 0.0626315176 0.3120682240
-189.2 -348.0 2797.6 0.2688898742 0.3952948749 -0.8783167005 -0.1687465906 0.9171308875 0.3611031473 0.9482735991 0.0511159562 0.3133119047
-148.4 -141.9 2674.4 -0.6143819094 0.1006341949 -0.7825648189 0.6396899223 0.6441412568 -0.4193790555 0.4618784189 -0.7582577467 -0.4601234198
-1.2 -295.2 2563.7 -0.9667040706 0.1006341949 0.2352785468 -0.1169215664 0.6441412568 -0.7559175491 -0.2276237756 -0.7582577467 -0.6109277010
-72.8 -189.4 2941.1 0.7526555657 0.2301701754 -0.6168721914 -0.6531779766 0.3789505064 -0.6555570364 0.0828743428 0.8963360190 0.4355612695
104.8 -343.5 2960.6 0.9714087844 0.2301701754 0.0581948832 -0.0343889929 0.3789505064 -0.9247777462 -0.2349092513 0.8963360190 0.3760311604
-299.1 -513.0 2708.6 0.8513670564 -0.5134532452 -0.1074238047 -0.1094073206 0.0264780913 -0.9936442971 0.5130342245 0.8577089906 -0.0336329676
-87.5 -523.9 2355.1 0.8513670564 0.2053559273 -0.4827038944 -0.1094073206 0.9694650173 0.2194712013 0.5130342245 -0.1340392083 0.8478380442
-243.4 -546.4 2881.1 0.3097509146 -0.9444217086 0.1101000383 -0.0048862183 -0.1173746660 -0.9930756688 0.9508051872 0.3070681393 -0.0409715623
138.5 -499.0 2756.9 0.3097509146 -0.0178956930 -0.9506493211 -0.0048862183 0.9997797012 -0.0204126388 0.9508051872 0.0109679131 0.3095952272
250.0 -264.8 2622.8 0 0 0 0 0 0 0 0 0
357.1 -352.5 2899.6 0 0 0 0 0 0 0 0 0
-165.9 -894.4 2406.3 0 0 0 0 0 0 0 0 0
145.3 -881.4 2752.8 0 0 0 0 0 0 0 0 0
-36.9 16.7 2819.9 65 0.2640138865 0.3907147050 -0.8818382621 -0.1618184298 0.9192617536 0.3588489890 0.9508477449 0.0479565598 0.3059227169
-114.0 -164.7 2810.4 0.2640138865 0.3907147050 -0.8818382621 -0.1618184298 0.9192617536 0.3588489890 0.9508477449 0.0479565598 0.3059227169
-194.8 -346.2 2803.2 0.2662837505 0.4064056575 -0.8740293980 -0.1566010118 0.9129618406 0.3767980337 0.9510883689 0.0365386903 0.3067504466
-151.5 -142.7 2676.6 -0.6268225312 0.1035342366 -0.7722526193 0.6238918304 0.6604179740 -0.4178601503 0.4667466879 -0.7437262535 -0.4785590470
2.7 -296.2 2561.8 -0.9614710808 0.1035342366 0.2546645701 -0.1249992102 0.6604179740 -0.7404210567 -0.2448439747 -0.7437262535 -0.6220310926
-76.5 -186.7 2944.2 0.7447512746 0.2341919541 -0.6248996854 -0.6606787443 0.3907442689 -0.6409543753 0.0940696225 0.8902095556 0.4457329512
99.2 -342.7 2966.4 0.9710686803 0.2341919541 0.0466876961 -0.0500445925 0.3907442689 -0.9191378951 -0.2334976494 0.8902095556 0.3911595643
-292.4 -514.8 2700.5 0.8538014293 -0.5090177655 -0.1091974527 -0.1124082133 0.0245530717 -0.9933587313 0.5083183646 0.8604057431 -0.0362543277
-89.4 -524.6 2357.4 0.8538014293 0.1960287690 -0.4822819233 -0.1124082133 0.9739628434 0.1968774796 0.5083183646 -0.1138818190 0.8536061049
-251.3 -542.3 2886.5 0.3236919343 -0.9416499734 0.0922974050 0.0078326203 -0.0948790237 -0.9954580069 0.9461300969 0.3229446411 -0.0233359877
122.9 -504.6 2758.2 0.3236919343 0.0062114829 -0.9461421371 0.0078326203 0.9999265671 0.0092442594 0.9461300969 -0.0104030641 0.3236195147
252.6 -263.7 2625.4 0 0 0 0 0 0 0 0 0
351.5 -355.7 2905.8 0 0 0 0 0 0 0 0 0
-164.3 -896.8 2400.9 0 0 0 0 0 0 0 0 0
120.5 -886.8 2762.2 0 0 0 0 0 0 0 0 0
-36.7 17.8 2819.3 66 0.2789018452 0.3853552341 -0.8796107769 -0.1591874957 0.9218361974 0.3533798754 0.9470338225 0.0414647348 0.3184455633
-112.8 -164.1 2811.2 0.2789018452 0.3853552341 -0.8796107769 -0.1591874957 0.9218361974 0.3533798754 0.9470338225 0.0414647348 0.3184455633
-192.6 -346.1 2804.8 0.2802012861 0.4014046490 -0.8719871044 -0.1561531276 0.9153360724 0.3711819351 0.9471554160 0.0321578570 0.3191589415
-152.2 -142.1 2677.9 -0.6223408580 0.1015987769 -0.7761246562 0.6254687905 0.6606999636 -0.4150473475 0.4706172645 -0.7437427044 -0.4747274816
0.3 -295.4 2562.6 -0.9609403610 0.1015987769 0.2574320436 -0.1282830089 0.6606999636 -0.7396073341 -0.2452285439 -0.7437427044 -0.6218599081
-73.4 -186.1 2944.4 0.7499127984 0.2440756410 -0.6148641109 -0.6563158035 0.3910392225 -0.6452425122 0.0829480067 0.8874206543 0.4534360170
103.6 -341.0 2964.0 0.9680485725 0.2440756410 0.0575241670 -0.0439645648 0.3910392225 -0.9193233848 -0.2468786389 0.8874206543 0.3892756402
-300.0 -513.3 2708.7 0.8523581028 -0.5119818449 -0.1065845415 -0.1093069762 0.0248914752 -0.9936963320 0.5114075541 0.8586355448 -0.0347467400
-88.6 -523.5 2354.2 0.8523581028 0.1936071217 -0.4858003259 -0.1093069762 0.9743840098 0.1965395957 0.5114075541 -0.1144207418 0.8516867161
-246.7 -542.5 2886.9 0.3440186679 -0.9341620207 0.0948284045 0.0091154221 -0.0976653099 -0.9951775670 0.9389185905 0.3432240486 -0.0250834059
121.2 -504.0 2751.7 0.3440186679 0.0059934757 -0.9389436841 0.0091154221 0.9999111891 0.0097224349 0.9389185905 -0.0119035672 0.3439334631
250.1 -262.1 2626.3 0 0 0 0 0 0 0 0 0
355.2 -352.4 2899.8 0 0 0 0 0 0 0 0 0
-162.6 -896.0 2397.9 0 0 0 0 0 0 0 0 0
119.0 -886.3 2756.3 0 0 0 0 0 0 0 0 0
-36.7 18.3 2819.1 67 0.2604798675 0.3872457147 -0.8844156265 -0.1506474614 0.9211198688 0.3589478433 0.9536538124 0.0397362784 0.2982707620
-113.0 -163.1 2811.2 0.2604798675 0.3872457147 -0.8844156265 -0.1506474614 0.9211198688 0.3589478433 0.9536538124 0.0397362784 0.2982707620
-192.3 -345.3 2804.8 0.2617171705 0.3990228474 -0.8787974119 -0.1477559060 0.9163659811 0.3720774353 0.9537674189 0.0324684642 0.2987866700
-149.8 -142.3 2677.1 -0.6254923940 0.1007906720 -0.7736927867 0.6296752691 0.6507620215 -0.4242851138 0.4607259035 -0.7525622845 -0.4705120921
2.6 -295.8 2564.8 -0.9667609334 0.1007906720 0.2349777073 -0.1145888716 0.6507620215 -0.7505851984 -0.2285665572 -0.7525622845 -0.6175818443
-76.2 -183.9 2945.4 0.7493055463 0.2257757485 -0.6225484014 -0.6541361809 0.3988242149 -0.6426858306 0.1031845063 0.8887994885 0.4465292692
100.7 -338.3 2969.8 0.9728139043 0.2257757485 0.0515598878 -0.0440140627 0.3988242149 -0.9159705043 -0.2273672670 0.8887994885 0.3979190290
-298.1 -513.7 2711.5 0.8584248424 -0.5040393472 -0.0951376036 -0.0980220884 0.0208595786 -0.9949656129 0.5034863353 0.8634287715 -0.0315006077
-88.6 -522.4 2352.7 0.8584248424 0.1923675090 -0.4755013585 -0.0980220884 0.9714500308 0.2160473913 0.5034863353 -0.1388508081 0.8527731299
-247.7 -541.1 2886.7 0.3293613791 -0.9393528700 0.0955890939 0.0176400281 -0.0950984359 -0.9953115582 0.9440391660 0.3295033872 -0.0147515424
120.8 -503.8 2757.4 0.3293613791 0.0075157811 -0.9441740513 0.0176400281 0.9997448325 0.0141116008 0.9440391660 -0.0213030726 0.3291447461
253.9 -266.0 2624.2 0 0 0 0 0 0 0 0 0
353.5 -349.7 2910.7 0 0 0 0 0 0 0 0 0
-162.1 -893.6 2405.8 0 0 0 0 0 0 0 0 0
117.9 -885.9 2765.6 0 0 0 0 0 0 0 0 0
-35.4 17.9 2808.4 68 0.3211356997 0.3699043691 -0.8718042374 -0.1604477018 0.9285066724 0.3348609507 0.9333425760 0.0323431864 0.3575269580
-108.7 -166.1 2802.0 0.3211356997 0.3699043691 -0.8718042374 -0.1604477018 0.9285066724 0.3348609507 0.9333425760 0.0323431864 0.3575269580
-184.7 -349.6 2796.0 0.3201774657 0.3828638792 -0.8665457964 -0.1628050059 0.9233265519 0.3477968276 0.9332635999 0.0297212787 0.3579604924
-153.6 -143.3 2670.9 -0.6524745226 0.1168522462 -0.7487473488 0.6185810566 0.6528813243 -0.4371537864 0.4377607703 -0.7483926415 -0.4982710183
5.9 -294.6 2563.9 -0.9627929926 0.1168522462 0.2436702698 -0.1104166061 0.6528813243 -0.7493691444 -0.2466532439 -0.7483926415 -0.6156871319
-63.7 -188.9 2933.1 0.7659701705 0.2699678242 -0.5834441185 -0.6413540244 0.3833118677 -0.6646329761 0.0442115329 0.8832833171 0.4667504132
116.8 -340.0 2943.5 0.9584428668 0.2699678242 0.0922203287 -0.0191181768 0.3833118677 -0.9234210849 -0.2846431136 0.8832833171 0.3725438416
-295.6 -513.9 2710.8 0.8607223630 -0.4992932975 -0.0993135720 -0.1032607481 0.0197965223 -0.9944573045 0.4984919131 0.8662068248 -0.0345180854
-88.7 -522.1 2351.8 0.8607223630 0.1925453246 -0.4712571204 -0.1032607481 0.9725035429 0.2087441385 0.4984919131 -0.1310084015 0.8569379449
-231.5 -548.1 2875.8 0.3856317699 -0.9157321453 0.1127952188 0.0035566282 -0.1207747087 -0.9926735759 0.9226459265 0.3832076490 -0.0433176458
126.2 -500.9 2726.1 0.3856317699 -0.0106092365 -0.9225917459 0.0035566282 0.9999435544 -0.0100121079 0.9226459265 0.0005796712 0.3856477439
256.2 -265.9 2628.0 0 0 0 0 0 0 0 0 0
365.4 -344.9 2869.7 0 0 0 0 0 0 0 0 0
-162.3 -893.8 2401.9 0 0 0 0 0 0 0 0 0
130.2 -883.0 2725.9 0 0 0 0 0 0 0 0 0
-36.8 22.0 2804.6 69 0.2858272493 0.3701411188 -0.8839108348 -0.1478935480 0.9283794165 0.3409386873 0.9468000531 0.0332751460 0.3200975955
-110.6 -163.2 2798.0 0.2858272493 0.3701411188 -0.8839108348 -0.1478935480 0.9283794165 0.3409386873 0.9468000531 0.0332751460 0.3200975955
-186.1 -347.0 2792.9 0.2874229252 0.3798167408 -0.8792765737 -0.1439506859 0.9247160554 0.3523896039 0.9469246268 0.0252876207 0.3204594851
-151.0 -143.0 2664.9 -0.6610287428 0.1233343408 -0.7401551604 0.6272583008 0.6321788430 -0.4548592269 0.4118106663 -0.7649434805 -0.4952508807
8.9 -294.7 2565.3 -0.9651123285 0.1233343408 0.2309692353 -0.1029959247 0.6321788430 -0.7679464221 -0.2407280356 -0.7649434805 -0.5974206924
-70.2 -183.4 2931.0 0.7652579546 0.2379201651 -0.5981423259 -0.6382603049 0.4012418985 -0.6569845676 0.0836898983 0.8845331669 0.4589085579
110.1 -333.8 2950.7 0.9679045677 0.2379201651 0.0809610859 -0.0220340956 0.4012418985 -0.9157070518 -0.2503501475 0.8845331669 0.3936062455
-290.2 -518.3 2704.5 0.8625118136 -0.4954644740 -0.1028996482 -0.1102982834 0.0143855363 -0.9937944412 0.4938701093 0.8685090542 -0.0422411896
-90.8 -524.1 2355.1 0.8625118136 0.1852027178 -0.4709281623 -0.1102982834 0.9770493507 0.1822329462 0.4938701093 -0.1052354947 0.8631441593
-235.3 -544.0 2874.8 0.3539253771 -0.9280658364 0.1158904210 0.0226476751 -0.1153701097 -0.9930643439 0.9349994063 0.3540953398 -0.0198138766
127.0 -499.0 2736.5 0.3539253771 -0.0117484313 -0.9351998568 0.0226476751 0.9997355342 -0.0039881715 0.9349994063 -0.0197685864 0.3540978730
259.8 -268.0 2627.9 0 0 0 0 0 0 0 0 0
361.3 -339.5 2885.7 0 0 0 0 0 0 0 0 0
-161.6 -897.4 2395.3 0 0 0 0 0 0 0 0 0
131.5 -881.0 2744.1 0 0 0 0 0 0 0 0 0
-37.0 19.6 2811.7 70 0.2674222291 0.3619367778 -0.8930213451 -0.1524792463 0.9309930801 0.3316654265 0.9514386058 0.0474725254 0.3041560948
-108.8 -164.9 2802.3 0.2674222291 0.3619367778 -0.8930213451 -0.1524792463 0.9309930801 0.3316654265 0.9514386058 0.0474725254 0.3041560948
-183.0 -349.1 2793.9 0.2679164708 0.3732974529 -0.8881834149 -0.1512304097 0.9267520308 0.3438895941 0.9514988661 0.0421866588 0.3047460616
-146.4 -143.6 2668.5 -0.6528105140 0.1201493144 -0.7479321957 0.6243017912 0.6445522308 -0.4413612187 0.4290521145 -0.7550606132 -0.4957799017
11.8 -295.0 2564.5 -0.9613604546 0.1201493144 0.2476897091 -0.1142194420 0.6445522308 -0.7559803724 -0.2504794896 -0.7550606132 -0.6059236526
-71.1 -186.1 2936.0 0.7674001455 0.2164343745 -0.6035338640 -0.6342062354 0.3945732117 -0.6649017930 0.0942306891 0.8930107355 0.4400595725
109.9 -335.7 2958.3 0.9731699824 0.2164343745 0.0780793950 -0.0140398908 0.3945732117 -0.9187572598 -0.2296586931 0.8930107355 0.3870255053
-288.0 -517.7 2701.1 0.8620140553 -0.4963095784 -0.1029981375 -0.1091960594 0.0166013762 -0.9938815832 0.4949828684 0.8679868579 -0.0398844294
-90.1 -524.3 2355.0 0.8620140553 0.1852374077 -0.4718250930 -0.1091960594 0.9768407345 0.1840065569 0.4949828684 -0.1070947945 0.8622776270
-232.6 -547.2 2872.8 0.3341479897 -0.9345681667 0.1221778393 0.0162413605 -0.1239001751 -0.9921617508 0.9423806667 0.3335132003 -0.0262223333
132.3 -498.8 2742.6 0.3341479897 -0.0177408829 -0.9423536658 0.0162413605 0.9997827411 -0.0130630471 0.9423806667 -0.0109401150 0.3343635499
261.7 -265.3 2629.6 0 0 0 0 0 0 0 0 0
362.6 -339.4 2898.6 0 0 0 0 0 0 0 0 0
-160.9 -897.7 2395.9 0 0 0 0 0 0 0 0 0
139.1 -880.9 2746.8 0 0 0 0 0 0 0 0 0
-35.7 18.9 2826.2 71 0.2200127691 0.3640752435 -0.9050102830 -0.1721775681 0.9276705980 0.3313339651 0.9601818919 0.0829247758 0.2667849660
-107.7 -164.7 2809.8 0.2200127691 0.3640752435 -0.9050102830 -0.1721775681 0.9276705980 0.3313339651 0.9601818919 0.0829247758 0.2667849660
-182.3 -348.3 2795.8 0.2232932746 0.3761422336 -0.8992536664 -0.1639717817 0.9238948226 0.3457334340 0.9608607292 0.0702522695 0.2679761946
-139.1 -141.6 2674.8 -0.6231160760 0.1295122951 -0.7713319063 0.6364639401 0.6571450830 -0.4038242698 0.4545767307 -0.7425543666 -0.4919075668
12.7 -296.6 2564.1 -0.9592388868 0.1295122951 0.2511718273 -0.1066585109 0.6571450830 -0.7461798191 -0.2616958022 -0.7425543666 -0.6165454984
-76.3 -187.7 2944.8 0.7585367560 0.1778090447 -0.6269018650 -0.6402235031 0.3825766146 -0.6661449075 0.1213913858 0.9066526890 0.4040359557
102.6 -338.7 2973.5 0.9825382233 0.1778090447 0.0547955930 -0.0177173149 0.3825766146 -0.9237538576 -0.1852153093 0.9066526890 0.3790464401
-281.7 -519.4 2698.3 0.8670178056 -0.4891859591 -0.0947483629 -0.1009101346 0.0138285626 -0.9947994351 0.4879521728 0.8720698953 -0.0373742133
-88.9 -524.9 2354.7 0.8670178056 0.1900821775 -0.4605962932 -0.1009101346 0.9722057581 0.2112655193 0.4879521728 -0.1366921216 0.8621008992
-236.5 -547.0 2869.9 0.2911216617 -0.9494648576 0.1173228994 0.0032172753 -0.1216623634 -0.9925663471 0.9566806555 0.2893350124 -0.0323638581
133.9 -499.5 2757.1 0.2911216617 -0.0118301800 -0.9566128850 0.0032172753 0.9999299645 -0.0113867717 0.9566806555 0.0002372488 0.2911393344
262.0 -268.9 2632.1 0 0 0 0 0 0 0 0 0
357.6 -343.3 2925.4 0 0 0 0 0 0 0 0 0
-161.6 -896.4 2406.9 0 0 0 0 0 0 0 0 0
138.4 -881.7 2757.0 0 0 0 0 0 0 0 0 0
-36.1 15.0 2811.5 72 0.2142693847 0.3873196840 -0.8967006803 -0.1535061896 0.9199671745 0.3606885970 0.9646369815 0.0603645779 0.2565767765
-112.2 -165.8 2799.6 0.2142693847 0.3873196840 -0.8967006803 -0.1535061896 0.9199671745 0.3606885970 0.9646369815 0.0603645779 0.2565767765
-190.8 -347.9 2788.9 0.2157172859 0.3959596157 -0.8925704956 -0.1501111537 0.9166735411 0.3703731298 0.9648485184 0.0540888980 0.2571802735
-142.5 -144.7 2664.0 -0.6441384554 0.1338016689 -0.7531153560 0.6359660029 0.6407487392 -0.4301026762 0.4250092506 -0.7560014725 -0.4978242218
11.7 -296.9 2562.3 -0.9587160349 0.1338016689 0.2509196997 -0.1094614863 0.6407487392 -0.7599074244 -0.2624533474 -0.7560014725 -0.5996499062
-81.8 -186.9 2935.3 0.7441323996 0.1822169721 -0.6427005529 -0.6537513137 0.3965016603 -0.6445119381 0.1373908222 0.8997685313 0.4141743183
93.7 -341.1 2967.7 0.9826992750 0.1822169721 0.0331524722 -0.0425837226 0.3965016603 -0.9170458317 -0.1802463233 0.8997685313 0.3974013627
-277.4 -516.9 2693.9 0.8686323762 -0.4851856828 -0.1003627107 -0.1028345376 0.0216034371 -0.9944638610 0.4846678078 0.8741442561 -0.0311284028
-88.1 -525.3 2352.7 0.8686323762 0.1977764666 -0.4542711675 -0.1028345376 0.9688739777 0.2251850069 0.4846678078 -0.1488882154 0.8619335294
-249.6 -543.8 2866.6 0.2871981859 -0.9530787468 0.0956980512 0.0154671837 -0.0952796713 -0.9953303933 0.9577462673 0.2873372734 -0.0126227057
122.3 -506.6 2754.4 0.2871981859 0.0102355434 -0.9578164816 0.0154671837 0.9997629523 0.0153215835 0.9577462673 -0.0192150548 0.2869718075
260.9 -268.4 2630.5 0 0 0 0 0 0 0 0 0
348.9 -352.1 2920.9 0 0 0 0 0 0 0 0 0
-163.7 -895.6 2409.6 0 0 0 0 0 0 0 0 0
118.4 -888.6 2761.8 0 0 0 0 0 0 0 0 0
-38.1 17.0 2815.6 73 0.1765090823 0.3794861138 -0.9082041979 -0.1470054984 0.9225062132 0.3568916619 0.9732594490 0.0705163926 0.2186172754
-112.9 -164.7 2801.8 0.1765090823 0.3794861138 -0.9082041979 -0.1470054984 0.9225062132 0.3568916619 0.9732594490 0.0705163926 0.2186172754
-190.0 -347.4 2789.2 0.1783959270 0.3885223269 -0.9040051699 -0.1424806416 0.9192597866 0.3669613898 0.9735882878 0.0633388087 0.2193491161
-138.0 -144.6 2664.9 -0.6481460929 0.1328873187 -0.7498317361 0.6353083849 0.6372584105 -0.4362166822 0.4198688865 -0.7591065168 -0.4974609613
17.1 -296.6 2564.4 -0.9585139751 0.1328873187 0.2521743774 -0.1122388616 0.6372584105 -0.7624330521 -0.2620179057 -0.7591065168 -0.5959059596
-87.8 -184.7 2938.6 0.7415394783 0.1445352286 -0.6551555395 -0.6487469077 0.4033914506 -0.6452928185 0.1710165888 0.9035401940 0.3928974569
87.1 -337.8 2978.9 0.9892401695 0.1445352286 0.0226592533 -0.0379971601 0.4033914506 -0.9142382145 -0.1412801892 0.9035401940 0.4045429528
-289.2 -516.3 2689.6 0.8527181149 -0.5121917129 -0.1026229709 -0.1033145711 0.0272112899 -0.9942764640 0.5120526552 0.8584399819 -0.0297133047
-89.5 -526.9 2354.9 0.8527181149 0.1937863529 -0.4850965440 -0.1033145711 0.9728641510 0.2070301175 0.5120526552 -0.1264207959 0.8495998383
-250.8 -543.2 2865.8 0.2493464798 -0.9630517960 0.1017720848 0.0235681925 -0.0990256295 -0.9948057532 0.9681274891 0.2504498959 -0.0019943002
124.9 -504.5 2768.1 0.2493464798 0.0057277814 -0.9683973789 0.0235681925 0.9996504188 0.0119810579 0.9681274891 -0.0258108117 0.2491243184
266.3 -267.5 2632.6 0 0 0 0 0 0 0 0 0
343.9 -347.6 2942.3 0 0 0 0 0 0 0 0 0
-163.5 -898.7 2403.2 0 0 0 0 0 0 0 0 0
122.7 -886.6 2778.0 0 0 0 0 0 0 0 0 0
-37.9 16.0 2828.2 74 0.1202407554 0.3830271363 -0.9158779383 -0.1590763628 0.9180839658 0.3630654216 0.9799167514 0.1020392701 0.1713216752
-113.2 -164.4 2808.2 0.1202407554 0.3830271363 -0.9158779383 -0.1590763628 0.9180839658 0.3630654216 0.9799167514 0.1020392701 0.1713216752
-191.2 -346.2 2790.4 0.1244347170 0.3932783306 -0.9109600186 -0.1491727829 0.9150756598 0.3746785223 0.9809502959 0.0892674178 0.1725336015
-130.7 -143.4 2670.4 -0.6235140562 0.1225411370 -0.7721488476 0.6421085596 0.6436997652 -0.4163498282 0.4460120499 -0.7554033995 -0.4800405800
18.6 -297.1 2563.6 -0.9531506896 0.1225411370 0.2765636742 -0.1357717067 0.6436997652 -0.7531378865 -0.2703143358 -0.7554033995 -0.5969052315
-95.7 -185.3 2945.9 0.7248265147 0.0997449309 -0.6816725731 -0.6572123170 0.3968873620 -0.6407436728 0.2066362947 0.9124315977 0.3532280624
75.2 -340.3 2994.7 0.9949801564 0.0997449309 -0.0080925198 -0.0472426675 0.3968873620 -0.9166507125 -0.0882194489 0.9124315977 0.3996072412
-283.6 -517.0 2687.4 0.8556011319 -0.5067254901 -0.1057166830 -0.1120388955 0.0181025695 -0.9935389161 0.5053652525 0.8619173765 -0.0412843823
-87.3 -524.0 2353.6 0.8556011319 0.1982415766 -0.4781704843 -0.1120388955 0.9727839828 0.2028264552 0.5053652525 -0.1199648529 0.8545258641
-257.8 -541.8 2862.5 0.1972365081 -0.9760261774 0.0920363814 0.0159538724 -0.0906725824 -0.9957529306 0.9802260995 0.1978671700 -0.0023125475
122.7 -506.4 2785.3 0.1972365081 0.0164123196 -0.9802185297 0.0159538724 0.9996737242 0.0199482553 0.9802260995 -0.0195728056 0.1969103217
266.3 -261.9 2633.9 0 0 0 0 0 0 0 0 0
333.3 -352.5 2971.8 0 0 0 0 0 0 0 0 0
-163.1 -895.9 2399.5 0 0 0 0 0 0 0 0 0
116.4 -888.6 2792.8 0 0 0 0 0 0 0 0 0
-36.8 19.4 2814.0 75 0.1139337197 0.4018409550 -0.9085939527 -0.1210420877 0.9133506417 0.3887665272 0.9860872030 0.0656844899 0.1527011096
-115.7 -159.9 2801.1 0.1139337197 0.4018409550 -0.9085939527 -0.1210420877 0.9133506417 0.3887665272 0.9860872030 0.0656844899 0.1527011096
-196.8 -340.9 2789.2 0.1159571558 0.4083519280 -0.9054295421 -0.1164861172 0.9108791947 0.3958915174 0.9864000082 0.0595635176 0.1531902999
-132.1 -143.6 2662.5 -0.6225088239 0.1307203919 -0.7716183662 0.6556578875 0.6254472136 -0.4229993820 0.4273119569 -0.7692385316 -0.4750542641
15.3 -298.8 2561.3 -0.9522516727 0.1307203919 0.2759148180 -0.1367257982 0.6254472136 -0.7681938410 -0.2729887664 -0.7692385316 -0.5777103305
-99.4 -176.3 2939.7 0.7127150297 0.1006823555 -0.6941904426 -0.6610127091 0.4275736213 -0.6166384816 0.2347328961 0.8983561993 0.3712904453
68.7 -332.2 2995.0 0.9945766330 0.1006823555 -0.0260852333 -0.0669279248 0.4275736213 -0.9014995694 -0.0796117410 0.8983561993 0.4319931865
-280.6 -514.5 2682.8 0.8554804921 -0.5076656938 -0.1021207348 -0.1077210829 0.0184290148 -0.9940103292 0.5065069199 0.8613570333 -0.0389206372
-86.3 -521.5 2353.2 0.8554804921 0.2006675750 -0.4773736596 -0.1077210829 0.9706591368 0.2149815112 0.5065069199 -0.1324892938 0.8519960642
-267.3 -532.5 2867.7 0.1912548095 -0.9786716700 0.0749893561 0.0473226048 -0.0671168715 -0.9966222644 0.9803990126 0.1941574961 0.0334768631
114.5 -506.3 2792.0 0.1912548095 0.0338363908 -0.9809570312 0.0473226048 0.9979255795 0.0436480641 0.9803990126 -0.0547693409 0.1892568469
262.8 -263.3 2632.3 0 0 0 0 0 0 0 0 0
326.9 -349.6 2974.4 0 0 0 0 0 0 0 0 0
-163.0 -892.5 2403.9 0 0 0 0 0 0 0 0 0
101.6 -887.5 2812.9 0 0 0 0 0 0 0 0 0
-37.3 15.9 2817.4 76 0.0964590758 0.4069491923 -0.9083435535 -0.1120370701 0.9112384319 0.3963486552 0.9890112877 0.0635367259 0.1334906071
-117.2 -162.9 2804.9 0.0964590758 0.4069491923 -0.9083435535 -0.1120370701 0.9112384319 0.3963486552 0.9890112877 0.0635367259 0.1334906071
-199.8 -343.3 2793.8 0.0991303623 0.4157002866 -0.9040831923 -0.1061303467 0.9077928066 0.4057690799 0.9893985391 0.0557266288 0.1341082454
-131.1 -148.0 2665.8 -0.6334506869 0.1257062256 -0.7635038495 0.6389096975 0.6415922046 -0.4244453311 0.4365027249 -0.7566752434 -0.4867319763
18.8 -299.3 2562.5 -0.9442887902 0.1257062256 0.3041654229 -0.1564680487 0.6415922046 -0.7509175539 -0.2895451784 -0.7566752434 -0.5861793160
-103.2 -177.8 2944.0 0.7028099895 0.0903519094 -0.7056164742 -0.6646138430 0.4370925426 -0.6060020924 0.2536662817 0.8948668242 0.3672421277
62.6 -334.6 3003.9 0.9950600266 0.0903519094 -0.0411355086 -0.0767342746 0.4370925426 -0.8961372375 -0.0629876852 0.8948668242 0.4418663979
-288.6 -511.2 2687.0 0.8495073915 -0.5159794688 -0.1100106016 -0.1072559208 0.0352581851 -0.9936060905 0.5165591240 0.8558750153 -0.0253897663
-88.6 -524.8 2355.2 0.8495073915 0.1999634057 -0.4882128537 -0.1072559208 0.9715210795 0.2112888992 0.5165591240 -0.1271277666 0.8467615843
-273.3 -533.4 2873.4 0.1761583835 -0.9821916223 0.0653285384 0.0569161065 -0.0560922772 -0.9968019724 0.9827150106 0.1793132722 0.0460213982
110.1 -511.5 2803.4 0.1761583835 0.0439390168 -0.9833806753 0.0569161065 0.9968773127 0.0547377616 0.9827150106 -0.0656127185 0.1731074601
264.2 -258.6 2637.7 0 0 0 0 0 0 0 0 0
321.1 -354.5 2987.5 0 0 0 0 0 0 0 0 0
-165.0 -896.2 2403.8 0 0 0 0 0 0 0 0 0
93.3 -892.5 2828.5 0 0 0 0 0 0 0 0 0
-40.1 14.2 2829.1 77 0.0392881893 0.4182023108 -0.9075038433 -0.1021161601 0.9051304460 0.4126877189 0.9939963222 0.0764570609 0.0782661512
-122.3 -163.7 2814.1 0.0392881893 0.4182023108 -0.9075038433 -0.1021161601 0.9051304460 0.4126877189 0.9939963222 0.0764570609 0.0782661512
-208.2 -342.5 2801.4 0.0444756262 0.4324057698 -0.9005815983 -0.0911107808 0.8994724154 0.4273736477 0.9948471189 0.0630449802 0.0794014260
-128.6 -151.0 2674.3 -0.6155000329 0.1234887019 -0.7784023881 0.6278925538 0.6737678647 -0.3895994723 0.4763514102 -0.7285515666 -0.4922417700
17.4 -300.0 2561.3 -0.9441177249 0.1234887019 0.3056015670 -0.1463247091 0.6737678647 -0.7243106365 -0.2953487039 -0.7285515666 -0.6180467606
-116.0 -176.5 2953.8 0.6731737256 0.0526565090 -0.7376072407 -0.6754332781 0.4498481750 -0.5843170881 0.3010431528 0.8915514350 0.3383919299
42.6 -335.6 3024.7 0.9950538278 0.0526565090 -0.0842330158 -0.0989426747 0.4498481750 -0.8876074553 -0.0088462420 0.8915514350 0.4528331161
-291.5 -514.0 2692.0 0.8497177362 -0.5167589188 -0.1045944020 -0.1064727828 0.0261092242 -0.9939727783 0.5163751841 0.8557327390 -0.0328352936
-87.6 -524.3 2354.4 0.8497177362 0.1978521049 -0.4887067974 -0.1064727828 0.9722149372 0.2084746063 0.5163751841 -0.1251105964 0.8471741080
-290.0 -529.5 2879.8 0.1253149062 -0.9912804365 0.0407346562 0.0694907531 -0.0321874619 -0.9970631599 0.9896803498 0.1277775615 0.0648512542
96.4 -517.0 2830.0 0.1253149062 0.0699389651 -0.9896487594 0.0694907531 0.9944434762 0.0790771171 0.9896803498 -0.0786809772 0.1197584793
262.8 -261.9 2638.1 0 0 0 0 0 0 0 0 0
300.7 -361.3 3022.4 0 0 0 0 0 0 0 0 0
-163.3 -896.0 2402.3 0 0 0 0 0 0 0 0 0
69.7 -896.9 2860.1 0 0 0 0 0 0 0 0 0
-36.8 13.3 2823.9 78 0.1127019003 0.4037246108 -0.9079122543 -0.1182552353 0.9126895070 0.3911695480 0.9865667820 0.0632798299 0.1506043822
-116.6 -167.2 2811.4 0.1127019003 0.4037246108 -0.9079122543 -0.1182552353 0.9126895070 0.3911695480 0.9865667820 0.0632798299 0.1506043822
-198.9 -347.8 2801.0 0.1167592704 0.4148077965 -0.9023867249 -0.1092280447 0.9084528685 0.4034633040 0.9871355295 0.0514578559 0.1513789296
-133.0 -152.0 2673.0 -0.6300409436 0.1172221303 -0.7676635981 0.6179871559 0.6743063331 -0.4042312205 0.4702555537 -0.7290884256 -0.4972823560
16.6 -298.8 2561.4 -0.9479571581 0.1172221303 0.2960340381 -0.1428681910 0.6743063331 -0.7244995832 -0.2845450044 -0.7290884256 -0.6224662066
-100.2 -182.4 2949.8 0.7079012990 0.1049501300 -0.6984705925 -0.6648594737 0.4328033626 -0.6088046432 0.2384063005 0.8953584433 0.3761591613
66.3 -338.8 3005.9 0.9939876199 0.1049501300 -0.0312109794 -0.0739087537 0.4328033626 -0.8984535336 -0.0807845965 0.8953584433 0.4379579127
-298.2 -513.0 2697.7 0.8458019495 -0.5234547257 -0.1030253693 -0.1065431461 0.0234900285 -0.9940305948 0.5227500796 0.8517296314 -0.0359026045
-86.6 -522.5 2353.3 0.8458019495 0.2035225779 -0.4931507409 -0.1065431461 0.9701910615 0.2176644653 0.5227500796 -0.1315591931 0.8422734141
-270.6 -538.2 2880.8 0.1932995915 -0.9787346721 0.0686562508 0.0526888669 -0.0595199652 -0.9968356490 0.9797239900 0.1963053495 0.0400632359
110.3 -515.1 2804.4 0.1932995915 0.0414687097 -0.9802630544 0.0526888669 0.9972259998 0.0525761023 0.9797239900 -0.0618118905 0.1905784309
263.0 -261.6 2635.3 0 0 0 0 0 0 0 0 0
323.7 -357.9 2985.0 0 0 0 0 0 0 0 0 0
-164.4 -893.4 2403.6 0 0 0 0 0 0 0 0 0
94.5 -896.0 2828.0 0 0 0 0 0 0 0 0 0
-37.0 11.4 2831.9 79 0.1740793139 0.3860860765 -0.9058884978 -0.1560433358 0.9191263318 0.3617420495 0.9722895026 0.0783860534 0.2202470303
-113.6 -171.0 2816.3 0.1740793139 0.3860860765 -0.9058884978 -0.1560433358 0.9191263318 0.3617420495 0.9722895026 0.0783860534 0.2202470303
-192.5 -353.0 2803.5 0.1789279282 0.3965357542 -0.9004133344 -0.1446750760 0.9158381224 0.3745792508 0.9731669426 0.0632446781 0.2212378681
-138.8 -150.9 2680.0 -0.6440008283 0.1216094494 -0.7552973628 0.5972114205 0.6969456673 -0.3969952464 0.4781228602 -0.7067374587 -0.5214601159
19.3 -297.5 2562.6 -0.9446879029 0.1216094494 0.3045912981 -0.1372283399 0.6969456673 -0.7038714886 -0.2978810072 -0.7067374587 -0.6417078972
