148.5 43.4 2637.7 44 0.3163740635 0.1154241562 -0.9415862560 -0.1005106270 0.9910616875 0.0877173990 0.9432947636 0.0668879151 0.3251475692
125.8 -151.2 2624.6 0.3163740635 0.1154241562 -0.9415862560 -0.1005106270 0.9910616875 0.0877173990 0.9432947636 0.0668879151 0.3251475692
101.8 -343.4 2613.6 0.3172105253 0.1235423461 -0.9402737617 -0.0935736746 0.9907177091 0.0986021683 0.9437274337 0.0567072220 0.3258264065
82.5 -138.4 2495.8 -0.6315438151 0.2231986821 -0.7425191998 0.7294788957 0.4955302775 -0.4714978933 0.2627030313 -0.8394236565 -0.4757678211
229.2 -307.9 2434.8 -0.9135187864 0.2231986821 0.3400966823 -0.1941190362 0.4955302775 -0.8466212749 -0.3574929535 -0.8394236565 -0.4093491137
169.1 -163.9 2753.4 0.7331646681 0.4014366865 -0.5489245653 -0.5089758039 0.8592429757 -0.0514304042 0.4510135353 0.3170962930 0.8342881799
360.2 -296.7 2871.0 0.2863929272 0.4014366865 0.8699584603 0.2110924572 0.8592429757 -0.4659844041 -0.9345689416 0.3170962930 0.1613408476
43.4 -531.2 2508.9 0.7983700037 -0.6016302705 0.0254223049 0.0445413888 0.0168991983 -0.9988645911 0.6005175710 0.7985959053 0.0402892604
255.3 -537.2 2227.7 0.7983700037 -0.0664501414 -0.5984895229 0.0445413888 0.9976866245 -0.0513557978 0.6005175710 0.0143433781 0.7994828820
101.9 -551.9 2676.7 0.3996869028 -0.8514639139 -0.3394990265 -0.0624231324 0.3442261517 -0.9368093014 0.9145237803 0.3956230283 0.0844316408
432.2 -685.4 2523.2 0.3996869028 -0.5536878109 -0.7305341959 -0.0624231324 0.7786685228 -0.6243225932 0.9145237803 0.2951357961 0.2766606808
462.6 -258.3 2526.1 0 0 0 0 0 0 0 0 0
432.9 -243.1 2634.0 0 0 0 0 0 0 0 0 0
272.2 -790.3 2224.1 0 0 0 0 0 0 0 0 0
585.6 -901.2 2441.4 0 0 0 0 0 0 0 0 0
150.5 43.1 2636.9 45 0.3602678478 0.1284450442 -0.9239637256 -0.1138479412 0.9891252518 0.0931123942 0.9258756638 0.0716459677 0.3709732294
125.4 -150.7 2622.8 0.3602678478 0.1284450442 -0.9239637256 -0.1138479412 0.9891252518 0.0931123942 0.9258756638 0.0716459677 0.3709732294
100.1 -342.8 2611.0 0.3614833057 0.1297250539 -0.9233099222 -0.1045318991 0.9896690845 0.0981234312 0.9265003800 0.0610453598 0.3713092506
76.1 -136.4 2496.5 -0.6224281192 0.1888523698 -0.7595511675 0.7376809120 0.4658554792 -0.4886773229 0.2615531981 -0.8644729257 -0.4292743504
222.8 -310.3 2434.8 -0.9285470843 0.1888523698 0.3195858598 -0.2017781585 0.4658554792 -0.8615475893 -0.3115861416 -0.8644729257 -0.3944624364
174.7 -165.0 2749.2 0.7517828941 0.4194240272 -0.5088280439 -0.5163143873 0.8543937802 -0.0585719459 0.4101730585 0.3067486584 0.8588733077
370.6 -299.5 2856.1 0.2422384769 0.4194240272 0.8748736978 0.2203167230 0.8543937802 -0.4706078768 -0.9448709488 0.3067486584 0.1145609245
49.4 -527.3 2518.1 0.8181031346 -0.5745977759 0.0233383179 0.0490748398 0.0293216091 -0.9983646274 0.5729737878 0.8179105520 0.0521863922
252.6 -537.7 2228.8 0.8181031346 -0.0742033198 -0.5702641010 0.0490748398 0.9970312715 -0.0593317188 0.5729737878 0.0205538440 0.8193159103
106.1 -544.1 2687.0 0.4352549911 -0.8374752402 -0.3304366171 -0.0353885889 0.3508282006 -0.9357709289 0.8996114135 0.4189926684 0.1230626628
431.0 -680.1 2524.5 0.4352549911 -0.5517975688 -0.7113877535 -0.0353885889 0.7790645361 -0.6259441376 0.8996114135 0.2976203263 0.3195644021
458.9 -259.0 2514.0 0 0 0 0 0 0 0 0 0
432.0 -243.7 2616.6 0 0 0 0 0 0 0 0 0
271.3 -789.1 2223.6 0 0 0 0 0 0 0 0 0
587.1 -900.6 2440.3 0 0 0 0 0 0 0 0 0
148.5 45.6 2635.4 46 0.3645516038 0.1286530048 -0.9222529531 -0.1188864782 0.9887351394 0.0909332931 0.9235627651 0.0764935315 0.3757400513
123.3 -148.4 2620.4 0.3645516038 0.1286530048 -0.9222529531 -0.1188864782 0.9887351394 0.0909332931 0.9235627651 0.0764935315 0.3757400513
97.3 -340.4 2608.0 0.3658275604 0.1334908307 -0.9210593700 -0.1092599854 0.9889765382 0.0999381766 0.9242469668 0.0640747994 0.3763800859
73.3 -133.5 2494.2 -0.6191752553 0.1807648838 -0.7641636133 0.7399594188 0.4600367546 -0.4907405376 0.2628346682 -0.8693044782 -0.4186020494
221.1 -310.1 2431.5 -0.9375601411 0.1807648838 0.2971616387 -0.1864503026 0.4600367546 -0.8681027889 -0.2936277688 -0.8693044782 -0.3976084590
173.2 -163.3 2746.6 0.7521693707 0.4238708913 -0.5045539737 -0.5202595592 0.8519045115 -0.0599059537 0.4044394195 0.3075584471 0.8612993360
369.4 -299.0 2852.1 0.2381394356 0.4238708913 0.8738552928 0.2227996737 0.8519045115 -0.4739399254 -0.9453305602 0.3075584471 0.1084337682
42.6 -525.5 2516.3 0.8067862988 -0.5903696418 0.0236538071 0.0517431162 0.0307175238 -0.9981878996 0.5885732770 0.8065482378 0.0553300455
255.5 -536.6 2225.4 0.8067862988 -0.0671681985 -0.5870130062 0.0517431162 0.9977321625 -0.0430488512 0.5885732770 0.0043573407 0.8084321618
107.2 -544.2 2682.0 0.4174744487 -0.8414469957 -0.3430482149 -0.0551703051 0.3533526063 -0.9338619709 0.9070122838 0.4087895751 0.1010927930
433.8 -681.3 2523.4 0.4174744487 -0.5445272923 -0.7274648547 -0.0551703051 0.7838998437 -0.6184313297 0.9070122838 0.2983137369 0.2972164154
458.9 -262.8 2506.0 0 0 0 0 0 0 0 0 0
429.8 -242.5 2612.3 0 0 0 0 0 0 0 0 0
272.6 -790.4 2224.3 0 0 0 0 0 0 0 0 0
586.3 -900.8 2439.9 0 0 0 0 0 0 0 0 0
150.2 44.7 2636.2 47 0.3777658641 0.1343561560 -0.9161011577 -0.1213729680 0.9880638123 0.0948605835 0.9179115295 0.0753548294 0.3895639777
123.9 -149.1 2621.4 0.3777658641 0.1343561560 -0.9161011577 -0.1213729680 0.9880638123 0.0948605835 0.9179115295 0.0753548294 0.3895639777
97.6 -341.1 2609.7 0.3796113431 0.1351576298 -0.9152200222 -0.1078352258 0.9889918566 0.1013246253 0.9188399315 0.0602289774 0.3900072873
72.0 -134.4 2495.9 -0.6738666296 0.1990509778 -0.7115353346 0.7019524574 0.4730145633 -0.5324659348 0.2305787206 -0.8582749963 -0.4584730566
236.0 -305.1 2439.8 -0.9468924403 0.1990509778 0.2525339425 -0.1328536719 0.4730145633 -0.8709805608 -0.2928217649 -0.8582749963 -0.4214492738
175.7 -163.8 2746.9 0.7578293681 0.4290639758 -0.4915269911 -0.5200244784 0.8521884680 -0.0578735434 0.3940421939 0.2994643152 0.8689371943
373.4 -299.5 2849.7 0.2240115404 0.4290639758 0.8750559688 0.2207853943 0.8521884680 -0.4743717909 -0.9492484331 0.2994643152 0.0961690024
38.6 -522.6 2512.8 0.7982758284 -0.6021811962 0.0115571124 0.0469399355 0.0430723839 -0.9979686141 0.6004601717 0.7971966863 0.0626499876
252.5 -537.9 2229.7 0.7982758284 -0.0773407668 -0.5973057151 0.0469399355 0.9966936111 -0.0663212016 0.6004601717 0.0249051172 0.7992667556
104.1 -542.1 2678.3 0.3991269171 -0.8442274332 -0.3577398360 -0.0725055486 0.3598819375 -0.9301763177 0.9140244126 0.3971965313 0.0824273899
431.8 -681.8 2524.1 0.3991269171 -0.5494119525 -0.7340601087 -0.0725055486 0.7791736126 -0.6226005554 0.9140244126 0.3017200530 0.2711537480
477.9 -271.2 2514.6 0 0 0 0 0 0 0 0 0
430.3 -243.5 2608.8 0 0 0 0 0 0 0 0 0
271.7 -785.7 2223.5 0 0 0 0 0 0 0 0 0
586.3 -901.0 2439.3 0 0 0 0 0 0 0 0 0
150.0 37.6 2646.1 48 0.3827645481 0.1164251417 -0.9164804816 -0.1498867273 0.9867100716 0.0627471432 0.9116058946 0.1133508831 0.3951282203
127.2 -155.9 2623.9 0.3827645481 0.1164251417 -0.9164804816 -0.1498867273 0.9867100716 0.0627471432 0.9116058946 0.1133508831 0.3951282203
103.7 -347.5 2604.3 0.3839554191 0.1205838323 -0.9154440165 -0.1399667263 0.9875799417 0.0713808611 0.9126815200 0.1007246375 0.3960644007
74.7 -136.8 2499.3 -0.6912257671 0.1742596477 -0.7013133764 0.6836275458 0.4722426236 -0.5564532876 0.2342227250 -0.8640720248 -0.4455549717
242.4 -302.7 2442.5 -0.9612269998 0.1742596477 0.2137199044 -0.1088733897 0.4722426236 -0.8747190833 -0.2533558905 -0.8640720248 -0.4349601269
179.6 -175.0 2748.4 0.7669747472 0.4167881012 -0.4878907502 -0.5239510536 0.8457153440 -0.1011970937 0.3704389334 0.3332464695 0.8670188785
379.7 -311.7 2845.1 0.2177204639 0.4167881012 0.8825448751 0.2630584538 0.8457153440 -0.4642906189 -0.9398925900 0.3332464695 0.0744898990
37.4 -523.4 2515.8 0.8002092242 -0.5995320678 0.0150504708 0.0484921969 0.0396692641 -0.9980354905 0.5977572799 0.7993670106 0.0608163364
252.8 -537.6 2228.6 0.8002092242 -0.0768093318 -0.5947819352 0.0484921969 0.9968039393 -0.0634853616 0.5977572799 0.0219592862 0.8013763428
105.4 -542.7 2680.3 0.4037655592 -0.8440942764 -0.3528147042 -0.0703488588 0.3558598459 -0.9318877459 0.9121537209 0.4010843039 0.0843028873
433.0 -680.8 2524.6 0.4037655592 -0.5437689424 -0.7357232571 -0.0703488588 0.7833549380 -0.6175808311 0.9121537209 0.3011151552 0.2780382335
490.5 -274.6 2507.8 0 0 0 0 0 0 0 0 0
434.9 -245.0 2606.8 0 0 0 0 0 0 0 0 0
272.1 -788.2 2223.1 0 0 0 0 0 0 0 0 0
587.0 -902.6 2439.4 0 0 0 0 0 0 0 0 0
148.8 31.9 2650.5 49 0.3810200989 0.1039503217 -0.9187045097 -0.1625821292 0.9857088923 0.0441030711 0.9101597071 0.1325607896 0.3924753666
128.4 -162.0 2624.4 0.3810200989 0.1039503217 -0.9187045097 -0.1625821292 0.9857088923 0.0441030711 0.9101597071 0.1325607896 0.3924753666
106.5 -353.3 2600.5 0.3815912008 0.1126696020 -0.9174386859 -0.1573840380 0.9859696627 0.0556249097 0.9108338952 0.1231642216 0.3939697444
76.2 -140.6 2500.1 -0.6691542268 0.1653859317 -0.7244861126 0.6948583126 0.4848738313 -0.5311020017 0.2634475827 -0.8588043451 -0.4393751621
233.9 -304.3 2438.0 -0.9627309442 0.1653859317 0.2140015513 -0.1095800847 0.4848738313 -0.8676921129 -0.2472678125 -0.8588043451 -0.4486800432
180.5 -183.5 2748.8 0.7695147991 0.4091592431 -0.4903424680 -0.5263531804 0.8411551714 -0.1241380423 0.3616618812 0.3536193967 0.8626435995
381.3 -320.9 2843.2 0.2192320675 0.4091592431 0.8857347369 0.2855679691 0.8411551714 -0.4592481852 -0.9329460263 0.3536193967 0.0675654262
45.9 -526.5 2503.1 0.7990792394 -0.6006961465 0.0252288822 0.0483225621 0.0223414991 -0.9985818863 0.5992806554 0.7991651893 0.0468798056
255.0 -534.2 2224.9 0.7990792394 -0.0667593479 -0.5975077748 0.0483225621 0.9977323413 -0.0468519442 0.5992806554 0.0085653067 0.8004931808
114.7 -551.5 2666.5 0.4052936137 -0.8424341679 -0.3550235927 -0.0485666879 0.3679592609 -0.9285727143 0.9128956199 0.3935869038 0.1082172990
441.7 -694.3 2513.7 0.4052936137 -0.5485011935 -0.7313572764 -0.0485666879 0.7859604359 -0.6163663268 0.9128956199 0.2853289545 0.2919058502
482.9 -276.0 2501.9 0 0 0 0 0 0 0 0 0
436.9 -248.5 2606.6 0 0 0 0 0 0 0 0 0
272.0 -788.9 2222.7 0 0 0 0 0 0 0 0 0
586.5 -901.8 2438.4 0 0 0 0 0 0 0 0 0
149.3 28.3 2653.2 50 0.3739628494 0.1223819703 -0.9193336964 -0.1757665426 0.9826434851 0.0593121797 0.9106360078 0.1394075602 0.3889828026
125.2 -165.0 2625.8 0.3739628494 0.1223819703 -0.9193336964 -0.1757665426 0.9826434851 0.0593121797 0.9106360078 0.1394075602 0.3889828026
100.6 -355.9 2601.0 0.3750892580 0.1267455816 -0.9182829857 -0.1668759733 0.9836574197 0.0676053539 0.9118445516 0.1278813183 0.3901101351
74.0 -142.2 2501.3 -0.6774017215 0.1942643821 -0.7094986439 0.6845535636 0.5195448995 -0.5113310814 0.2692829967 -0.8320663571 -0.4849250019
232.7 -302.6 2438.2 -0.9437578321 0.1942643821 0.2675490677 -0.1323611140 0.5195448995 -0.8441289067 -0.3029879332 -0.8320663571 -0.4646115303
176.5 -187.8 2750.4 0.7598829269 0.4201610684 -0.4960268140 -0.5393789411 0.8334190249 -0.1203455552 0.3628336787 0.3589949608 0.8599269390
374.8 -328.6 2845.0 0.2277163714 0.4201610684 0.8784133196 0.2861160338 0.8334190249 -0.4728110731 -0.9307431579 0.3589949608 0.0695683435
50.4 -530.5 2495.1 0.7948508263 -0.6063812375 0.0226710178 0.0434143022 0.0195629299 -0.9988656044 0.6052498817 0.7949333787 0.0418752283
254.2 -537.0 2228.0 0.7948508263 -0.0679077208 -0.6029931307 0.0434143022 0.9975358844 -0.0551125519 0.6052498817 0.0176277310 0.7958403230
118.8 -558.6 2658.2 0.3861040771 -0.8438588977 -0.3725933433 -0.0519586951 0.3833786547 -0.9221285582 0.9209907651 0.3753970563 0.1041782498
446.3 -707.4 2512.5 0.3931145668 -0.5595534444 -0.7296306491 -0.0616395809 0.7756949663 -0.6280906796 0.9174211025 0.2918857038 0.2704463601
476.5 -268.5 2516.4 0 0 0 0 0 0 0 0 0
432.6 -256.0 2608.9 0 0 0 0 0 0 0 0 0
271.2 -786.7 2223.6 0 0 0 0 0 0 0 0 0
586.1 -901.2 2439.6 0 0 0 0 0 0 0 0 0
150.2 26.8 2654.1 51 0.3844298124 0.1319840848 -0.9136705995 -0.1740387827 0.9823411107 0.0686764941 0.9066003561 0.1326128244 0.4006115496
124.2 -166.8 2628.0 0.3844298124 0.1319840848 -0.9136705995 -0.1740387827 0.9823411107 0.0686764941 0.9066003561 0.1326128244 0.4006115496
98.3 -357.7 2604.6 0.3858183622 0.1337809563 -0.9128235579 -0.1637668610 0.9836483598 0.0749423578 0.9079232216 0.1205761060 0.4014184773
71.5 -144.4 2504.0 -0.6496227384 0.1939505637 -0.7351009846 0.6959341764 0.5409447551 -0.4722863138 0.3060488403 -0.8183898330 -0.4863868654
218.2 -301.6 2434.8 -0.9381977916 0.1939505637 0.2866497636 -0.1414808482 0.5409447551 -0.8290729523 -0.3158608675 -0.8183898330 -0.4800729156
176.9 -189.2 2752.0 0.7614211440 0.4293802381 -0.4856649637 -0.5416239500 0.8330376148 -0.1126579419 0.3562040925 0.3488278985 0.8668550849
375.7 -330.5 2845.0 0.2173264176 0.4293802381 0.8765853047 0.2795890570 0.8330376148 -0.4773659408 -0.9352000952 0.3488278985 0.0609910637
42.4 -531.8 2494.5 0.7802474499 -0.6253647804 0.0115227448 0.0305612516 0.0197168402 -0.9993383884 0.6247238517 0.7800834179 0.0344959460
256.4 -538.5 2227.6 0.7802474499 -0.0589526780 -0.6226865053 0.0305612516 0.9979524612 -0.0561865903 0.6247238517 0.0248093642 0.7804515362
109.6 -561.7 2657.8 0.3822883964 -0.8537022471 -0.3536213934 -0.0420197435 0.3662326634 -0.9295740724 0.9230871797 0.3702244461 0.1041341424
441.0 -703.8 2514.2 0.3928168416 -0.5650331974 -0.7255566120 -0.0563355014 0.7727099657 -0.6322543621 0.9178895354 0.2892347574 0.2717020810
460.9 -265.0 2516.5 0 0 0 0 0 0 0 0 0
430.8 -259.6 2607.6 0 0 0 0 0 0 0 0 0
271.1 -787.7 2221.4 0 0 0 0 0 0 0 0 0
586.8 -903.2 2439.5 0 0 0 0 0 0 0 0 0
150.2 33.3 2645.5 52 0.3779568374 0.1437149644 -0.9146007895 -0.1500761062 0.9843235016 0.0926521495 0.9135785699 0.1022412181 0.3935999870
122.1 -159.4 2625.5 0.3779568374 0.1437149644 -0.9146007895 -0.1500761062 0.9843235016 0.0926521495 0.9135785699 0.1022412181 0.3935999870
95.8 -350.7 2606.5 0.3789778650 0.1352926344 -0.9154625535 -0.1428659558 0.9859490395 0.0865667313 0.9143112898 0.0979815647 0.3929815888
70.3 -139.9 2500.7 -0.6428729892 0.2062764317 -0.7376749516 0.7081530094 0.5271229744 -0.4697453678 0.2919480205 -0.8243733048 -0.4849483967
220.7 -305.6 2432.4 -0.9385981560 0.2062764317 0.2765565217 -0.1315255910 0.5271229744 -0.8395488858 -0.3189584613 -0.8243733048 -0.4676260352
173.9 -178.9 2750.4 0.7576575875 0.4287728369 -0.4920455813 -0.5345458388 0.8402356505 -0.0909112394 0.3744539618 0.3319005072 0.8658096194
371.6 -318.4 2848.1 0.2247028947 0.4287728369 0.8750213981 0.2566504776 0.8402356505 -0.4776344001 -0.9400207996 0.3319005072 0.0787586197
37.7 -533.9 2499.9 0.7788982391 -0.6268904209 0.0180553868 0.0304143038 0.0090021221 -0.9994968176 0.6264124513 0.7790554762 0.0260781720
257.6 -537.1 2226.6 0.7788982391 -0.0516412370 -0.6250206232 0.0304143038 0.9985418320 -0.0446005948 0.6264124513 0.0157297570 0.7793330550
106.9 -563.3 2662.5 0.3689281046 -0.8590178490 -0.3549371064 -0.0875720307 0.3480511308 -0.9333764315 0.9253233075 0.3754313588 0.0531799085
440.2 -698.3 2516.8 0.3689281046 -0.5609642267 -0.7410878539 -0.0875720307 0.7728075981 -0.6285694838 0.9253233075 0.2967955172 0.2359856665
463.6 -271.5 2514.9 0 0 0 0 0 0 0 0 0
428.6 -253.3 2609.6 0 0 0 0 0 0 0 0 0
270.6 -788.6 2222.7 0 0 0 0 0 0 0 0 0
588.3 -902.3 2438.4 0 0 0 0 0 0 0 0 0
151.7 38.3 2641.8 53 0.3855656683 0.1555961967 -0.9094663262 -0.1447958052 0.9836693406 0.1069054753 0.9112482071 0.0904678181 0.4017987847
121.0 -155.7 2623.9 0.3855656683 0.1555961967 -0.9094663262 -0.1447958052 0.9836693406 0.1069054753 0.9112482071 0.0904678181 0.4017987847
93.3 -347.0 2605.9 0.3860308230 0.1427158862 -0.9113793969 -0.1417254061 0.9854063392 0.0942777023 0.9115339518 0.0927715153 0.4006236792
68.3 -136.3 2499.4 -0.6602975130 0.2351774275 -0.7132312655 0.6994392872 0.5384135246 -0.4699952602 0.2734810710 -0.8091986179 -0.5200054646
227.4 -304.9 2433.5 -0.9325668216 0.2351774275 0.2738807499 -0.1096016690 0.5384135246 -0.8355227709 -0.3439572155 -0.8091986179 -0.4763307869
173.8 -175.1 2748.4 0.7572671175 0.4373470545 -0.4850506186 -0.5381803513 0.8386269212 -0.0840639472 0.3700113893 0.3247035742 0.8704361916
371.4 -315.5 2845.0 0.2181041837 0.4373470545 0.8724437952 0.2513718307 0.8386269212 -0.4832360446 -0.9429966807 0.3247035742 0.0729713142
35.6 -529.2 2505.6 0.7808383107 -0.6246809959 0.0080719143 0.0274096448 0.0213476289 -0.9993963242 0.6241316199 0.7805881500 0.0337913334
258.3 -536.8 2227.4 0.7808383107 -0.0514762513 -0.6226088405 0.0274096448 0.9984627366 -0.0481757000 0.6241316199 0.0205519460 0.7810488939
103.5 -554.8 2669.4 0.3658720851 -0.8564786911 -0.3641179800 -0.1004070267 0.3526347578 -0.9303585887 0.9252329469 0.3769522309 0.0430227406
436.0 -691.7 2523.1 0.3658720851 -0.5575137138 -0.7451953292 -0.1004070267 0.7723927498 -0.6271585822 0.9252329469 0.3042826653 0.2266186476
470.9 -276.2 2523.3 0 0 0 0 0 0 0 0 0
426.8 -251.7 2605.7 0 0 0 0 0 0 0 0 0
271.3 -789.5 2222.2 0 0 0 0 0 0 0 0 0
588.8 -903.5 2439.6 0 0 0 0 0 0 0 0 0
150.5 33.0 2648.4 54 0.3811577857 0.1564316601 -0.9111793637 -0.1520022601 0.9827722311 0.1051382869 0.9119287729 0.0984270573 0.3983692527
119.5 -161.5 2628.9 0.3811577857 0.1564316601 -0.9111793637 -0.1520022601 0.9827722311 0.1051382869 0.9119287729 0.0984270573 0.3983692527
89.9 -352.5 2611.2 0.3824584186 0.1527061164 -0.9112663865 -0.1437270939 0.9840754867 0.1045849025 0.9127256274 0.0909742936 0.3983159661
67.3 -141.8 2504.2 -0.6722211242 0.2163137943 -0.7080445886 0.6881973147 0.5351650715 -0.4898804128 0.2729528546 -0.8165823221 -0.5086158514
228.7 -307.1 2438.7 -0.9406304359 0.2163137943 0.2615773380 -0.1098486632 0.5351650715 -0.8375748396 -0.3211660385 -0.8165823221 -0.4796307981
171.8 -181.1 2753.6 0.7507844567 0.4453049302 -0.4878792763 -0.5451992750 0.8347551823 -0.0770816281 0.3729349077 0.3238631189 0.8695011139
367.7 -323.4 2850.9 0.2228354514 0.4453049302 0.8672069311 0.2470037788 0.8347551823 -0.4921106994 -0.9430447817 0.3238631189 0.0760210454
31.0 -525.5 2506.3 0.7756330371 -0.6311839819 0.0003772149 0.0267441049 0.0322674997 -0.9991213679 0.6306172609 0.7749616504 0.0419081897
260.1 -537.2 2225.0 0.7756330371 -0.0440166518 -0.6296474338 0.0267441049 0.9989614487 -0.0368894152 0.6306172609 0.0117732938 0.7760046721
100.2 -550.9 2669.6 0.3836390674 -0.8578312397 -0.3419745266 -0.0721266046 0.3413451314 -0.9371666312 0.9206621647 0.3841992021 0.0690808743
433.2 -683.4 2520.4 0.3836390674 -0.5503443480 -0.7415808439 -0.0721266046 0.7827164531 -0.6181850433 0.9206621647 0.2906476557 0.2605861425
475.2 -278.3 2522.8 0 0 0 0 0 0 0 0 0
424.3 -260.7 2611.6 0 0 0 0 0 0 0 0 0
271.2 -789.1 2222.1 0 0 0 0 0 0 0 0 0
587.2 -902.4 2439.1 0 0 0 0 0 0 0 0 0
148.4 28.0 2643.2 55 0.3633833528 0.1622741669 -0.9173982739 -0.1372569799 0.9832931161 0.1195622161 0.9214733243 0.0824724063 0.3795856237
116.4 -165.9 2626.9 0.3633833528 0.1622741669 -0.9173982739 -0.1372569799 0.9832931161 0.1195622161 0.9214733243 0.0824724063 0.3795856237
85.7 -357.0 2612.1 0.3646135330 0.1580215096 -0.9176525474 -0.1296990067 0.9845070243 0.1180002987 0.9220819473 0.0759941190 0.3794598281
66.6 -148.2 2501.0 -0.6994041204 0.2201381624 -0.6799802184 0.6680330038 0.5395798087 -0.5124310255 0.2540979683 -0.8126456141 -0.5244438648
228.4 -302.8 2442.2 -0.9316190481 0.2201381624 0.2891801894 -0.1306739002 0.5395798087 -0.8317319155 -0.3391317129 -0.8126456141 -0.4739164710
166.2 -183.6 2752.8 0.7399451137 0.4451551735 -0.5042995811 -0.5433638096 0.8374919295 -0.0579923317 0.3965312541 0.3169292808 0.8615792394
359.3 -325.4 2856.3 0.2418846637 0.4451551735 0.8621650934 0.2283100486 0.8374919295 -0.4964693785 -0.9430621862 0.3169292808 0.1009430513
26.0 -530.6 2511.8 0.7780185938 -0.6281183958 0.0124216126 0.0320686847 0.0199600682 -0.9992863536 0.6274222136 0.7778617144 0.0356722362
255.0 -537.9 2228.1 0.7780185938 -0.0615509748 -0.6252187490 0.0320686847 0.9977825880 -0.0583227165 0.6274222136 0.0253262166 0.7782672644
94.5 -556.3 2675.3 0.3900834322 -0.8659636974 -0.3129566312 -0.0675244629 0.3120636940 -0.9476585388 0.9183002710 0.3907981217 0.0632571429
430.5 -677.4 2523.7 0.3900834322 -0.5494412184 -0.7388837934 -0.0675244629 0.7832241654 -0.6180617809 0.9183002710 0.2909883857 0.2684220374
473.0 -268.4 2531.2 0 0 0 0 0 0 0 0 0
420.7 -267.5 2617.0 0 0 0 0 0 0 0 0 0
270.5 -788.0 2221.8 0 0 0 0 0 0 0 0 0
587.4 -901.0 2440.6 0 0 0 0 0 0 0 0 0
146.6 22.9 2640.1 56 0.3503173590 0.1604121774 -0.9227923155 -0.1274957061 0.9842215776 0.1226897538 0.9279130101 0.0746717080 0.3652417660
115.1 -170.8 2625.4 0.3503173590 0.1604121774 -0.9227923155 -0.1274957061 0.9842215776 0.1226897538 0.9279130101 0.0746717080 0.3652417660
84.7 -362.0 2611.5 0.3510057628 0.1562683433 -0.9232416749 -0.1232147366 0.9851107597 0.1198955253 0.9282311797 0.0716729537 0.3650341034
67.1 -154.0 2498.6 -0.7034458518 0.2258785665 -0.6739012003 0.6624218822 0.5520105958 -0.5064401031 0.2576066256 -0.8026600480 -0.5379364491
222.7 -300.5 2441.6 -0.9261062145 0.2258785665 0.3021691144 -0.1338969022 0.5520105958 -0.8230163455 -0.3527022898 -0.8026600480 -0.4809759855
163.0 -187.6 2752.2 0.7342920303 0.4399442673 -0.5169761181 -0.5402066112 0.8398903608 -0.0525448732 0.4110864401 0.3178571761 0.8543856144
354.6 -328.6 2859.4 0.2556885779 0.4399442673 0.8608556390 0.2221478820 0.8398903608 -0.4952115417 -0.9408898354 0.3178571761 0.1170176864
22.3 -536.5 2514.8 0.7766219378 -0.6293362975 0.0281811077 0.0357112363 -0.0006816634 -0.9993619323 0.6289539337 0.7771328092 0.0219449829
255.6 -536.2 2226.8 0.7766219378 -0.0597130992 -0.6271305084 0.0357112363 0.9980697036 -0.0508087277 0.6289539337 0.0170635674 0.7772552967
87.7 -559.7 2680.0 0.3806333542 -0.8763491511 -0.2951785922 -0.0905107632 0.2823670208 -0.9550270438 0.9202858806 0.3902319670 0.0281592775
427.6 -669.2 2528.6 0.3806333542 -0.5403634906 -0.7504169345 -0.0905107632 0.7858349085 -0.6117771268 0.9202858806 0.3007836044 0.2502062619
466.2 -265.3 2534.3 0 0 0 0 0 0 0 0 0
419.5 -272.3 2620.7 0 0 0 0 0 0 0 0 0
270.7 -788.9 2222.5 0 0 0 0 0 0 0 0 0
586.4 -900.1 2440.2 0 0 0 0 0 0 0 0 0
145.9 26.6 2638.5 57 0.3150083721 0.1560975015 -0.9361641407 -0.1206498146 0.9849656820 0.1236374900 0.9413890243 0.0740011856 0.3291055858
115.2 -167.3 2623.9 0.3150083721 0.1560975015 -0.9361641407 -0.1206498146 0.9849656820 0.1236374900 0.9413890243 0.0740011856 0.3291055858
85.6 -358.7 2610.4 0.3158014119 0.1520974636 -0.9365553260 -0.1155784279 0.9858841896 0.1211360991 0.9417595863 0.0699906349 0.3289228082
72.1 -151.5 2495.4 -0.6888074279 0.2421519160 -0.6833057404 0.6830130816 0.5326875448 -0.4997370243 0.2429762036 -0.8109293580 -0.5323120952
227.3 -305.5 2440.6 -0.9260123968 0.2421519160 0.2895919085 -0.1225787327 0.5326875448 -0.8373878598 -0.3570370674 -0.8109293580 -0.4635926187
158.3 -183.1 2752.5 0.7187992334 0.4266022146 -0.5489428639 -0.5360898376 0.8428538442 -0.0469586775 0.4426459074 0.3280365467 0.8345397711
345.8 -323.0 2868.0 0.2908214629 0.4266022146 0.8564072847 0.2156013101 0.8428538442 -0.4930653870 -0.9321689606 0.3280365467 0.1531440020
22.9 -542.2 2514.4 0.7740533948 -0.6322834492 0.0325418748 0.0298094600 -0.0149452975 -0.9994438887 0.6324181557 0.7745929956 0.0072795697
256.6 -536.7 2228.0 0.7740533948 -0.0563664958 -0.6306061745 0.0298094600 0.9981690049 -0.0526305884 0.6324181557 0.0219408572 0.7743163705
85.8 -564.3 2680.7 0.3864358068 -0.8794112206 -0.2780346274 -0.0812929720 0.2678033710 -0.9600379467 0.9187267423 0.3935952783 0.0319988579
427.0 -668.2 2527.9 0.3864358068 -0.5410599113 -0.7469414473 -0.0812929720 0.7867210507 -0.6119325161 0.9187267423 0.2971937060 0.2600328326
471.3 -273.2 2534.7 0 0 0 0 0 0 0 0 0
419.5 -268.3 2631.5 0 0 0 0 0 0 0 0 0
271.0 -790.1 2222.5 0 0 0 0 0 0 0 0 0
585.9 -899.2 2440.7 0 0 0 0 0 0 0 0 0
145.6 29.9 2638.2 58 0.3242110908 0.1400040090 -0.9355672598 -0.1248901561 0.9866656661 0.1043713018 0.9377044439 0.0830048099 0.3373730779
118.0 -164.8 2621.9 0.3242110908 0.1400040090 -0.9355672598 -0.1248901561 0.9866656661 0.1043713018 0.9377044439 0.0830048099 0.3373730779
91.8 -356.5 2607.1 0.3253751993 0.1350824386 -0.9358865619 -0.1165340170 0.9879269600 0.1020789370 0.9383766651 0.0758486688 0.3371886313
73.6 -148.9 2493.7 -0.6645409465 0.2350768745 -0.7093124986 0.7050710320 0.5116634965 -0.4909942150 0.2475079149 -0.8264014721 -0.5057672262
224.7 -309.2 2437.4 -0.9228774309 0.2350768745 0.3050181568 -0.1493148208 0.5116634965 -0.8461120129 -0.3549680412 -0.8264014721 -0.4371022284
162.4 -180.7 2750.0 0.7318438888 0.4140966237 -0.5412287116 -0.5260964632 0.8481268883 -0.0624763183 0.4331594110 0.3304614127 0.8385512233
353.4 -317.9 2863.0 0.2793375254 0.4140966237 0.8663108945 0.2271233797 0.8481268883 -0.4786394835 -0.9329445362 0.3304614127 0.1428626627
27.8 -539.7 2512.5 0.7807396650 -0.6239048839 0.0344721191 0.0365711786 -0.0094484761 -0.9992863536 0.6237853765 0.7814431787 0.0154401362
249.1 -536.4 2235.3 0.7807396650 -0.0846350938 -0.6190981269 0.0365711786 0.9952753782 -0.0899415687 0.6237853765 0.0475797988 0.7801461220
84.4 -560.4 2681.1 0.3848054707 -0.8783148527 -0.2837036848 -0.0846761465 0.2724826634 -0.9584274292 0.9191054106 0.3928310573 0.0304804966
425.3 -666.2 2528.6 0.3848054707 -0.5430396795 -0.7463462353 -0.0846761465 0.7844313979 -0.6144081354 0.9191054106 0.2996253371 0.2558709681
467.7 -269.9 2530.9 0 0 0 0 0 0 0 0 0
424.2 -260.3 2626.3 0 0 0 0 0 0 0 0 0
270.7 -789.4 2223.2 0 0 0 0 0 0 0 0 0
585.9 -898.2 2440.0 0 0 0 0 0 0 0 0 0
146.1 33.5 2638.1 59 0.3616942763 0.1263435483 -0.9236961603 -0.1351401657 0.9874157310 0.0821419358 0.9224501848 0.0951181799 0.3742167056
121.0 -162.6 2619.2 0.3616942763 0.1263435483 -0.9236961603 -0.1351401657 0.9874157310 0.0821419358 0.9224501848 0.0951181799 0.3742167056
97.4 -354.5 2602.5 0.3629791737 0.1215175614 -0.9238396287 -0.1248953864 0.9888581634 0.0809980556 0.9233890176 0.0859826952 0.3741118908
71.4 -145.6 2493.2 -0.6318147779 0.2212223858 -0.7428799868 0.7298049927 0.4926724732 -0.4739815593 0.2611412108 -0.8416261077 -0.4727269709
215.4 -311.8 2433.7 -0.9184532166 0.2212223858 0.3278785348 -0.1848974973 0.4926724732 -0.8503450751 -0.3496520817 -0.8416261077 -0.4115931392
170.6 -179.6 2745.2 0.7565364838 0.4124060571 -0.5075172782 -0.5198711157 0.8500874043 -0.0841750577 0.3967197537 0.3275251091 0.8575201035
367.8 -315.1 2848.7 0.2395776808 0.4124060571 0.8789333105 0.2456634343 0.8500874043 -0.4658335745 -0.9392827153 0.3275251091 0.1023488715
36.4 -537.8 2508.4 0.7879431844 -0.6147362590 0.0352829620 0.0400391892 -0.0060276599 -0.9991798997 0.6144447923 0.7887097001 0.0198640879
250.3 -535.7 2233.9 0.7879431844 -0.0859234929 -0.6097234488 0.0400391892 0.9952699542 -0.0885130167 0.6144447923 0.0453303978 0.7876564860
94.7 -558.7 2676.4 0.4002554119 -0.8672347069 -0.2961410582 -0.0579656251 0.2985494733 -0.9526322484 0.9145685434 0.3984622061 0.0692262426
431.2 -674.5 2521.8 0.4002554119 -0.5442020297 -0.7373193502 -0.0579656251 0.7879334092 -0.6130260825 0.9145685434 0.2881061733 0.2838295698
455.4 -263.5 2525.1 0 0 0 0 0 0 0 0 0
428.5 -252.8 2610.5 0 0 0 0 0 0 0 0 0
272.4 -791.6 2222.3 0 0 0 0 0 0 0 0 0
586.0 -898.7 2439.9 0 0 0 0 0 0 0 0 0
146.3 34.5 2637.5 60 0.3910580277 0.1111856699 -0.9136254191 -0.1383382827 0.9884994626 0.0610848553 0.9099099636 0.1025016531 0.4019418657
124.2 -161.7 2617.2 0.3910580277 0.1111856699 -0.9136254191 -0.1383382827 0.9884994626 0.0610848553 0.9099099636 0.1025016531 0.4019418657
103.8 -353.8 2599.3 0.3924134970 0.1050396711 -0.9137714505 -0.1259338558 0.9902377725 0.0597480908 0.9111269116 0.0916288123 0.4018107355
70.6 -144.5 2492.8 -0.6044444442 0.2332063764 -0.7617490888 0.7412492037 0.5149784088 -0.4305193424 0.2918844521 -0.8248709440 -0.4841398895
203.0 -306.9 2428.9 -0.9169368744 0.2332063764 0.3237923682 -0.1659938395 0.5149784088 -0.8409776092 -0.3628674150 -0.8248709440 -0.4334918857
177.8 -178.8 2741.6 0.7777679563 0.4055813253 -0.4801883101 -0.5085224509 0.8550501466 -0.1014604047 0.3694346249 0.3230991960 0.8712777495
380.6 -311.4 2837.9 0.2069492638 0.4055813253 0.8903234005 0.2584002018 0.8550501466 -0.4495760500 -0.9436107874 0.3230991960 0.0721496940
41.2 -535.2 2503.1 0.7865803838 -0.6168079972 0.0289690327 0.0387928188 0.0025397451 -0.9992440343 0.6162681580 0.7871095538 0.0259254333
255.1 -536.1 2230.2 0.7865803838 -0.0693604499 -0.6135800481 0.0387928188 0.9972591996 -0.0630018488 0.6162681580 0.0257535167 0.7871152163
106.2 -557.5 2668.4 0.3980962038 -0.8550800681 -0.3322010040 -0.0499905758 0.3413737714 -0.9385973215 0.9159805179 0.3902589679 0.0931536704
437.8 -689.9 2517.1 0.3980962038 -0.5523199439 -0.7324357629 -0.0499905758 0.7841829062 -0.6185128093 0.9159805179 0.2828424871 0.2845694721
441.7 -263.6 2523.4 0 0 0 0 0 0 0 0 0
433.0 -245.9 2598.6 0 0 0 0 0 0 0 0 0
272.9 -791.5 2223.6 0 0 0 0 0 0 0 0 0
585.1 -899.1 2441.6 0 0 0 0 0 0 0 0 0
144.3 39.3 2636.8 61 0.3664887846 0.1195533946 -0.9227095842 -0.1402315795 0.9874793291 0.0722472221 0.9197940230 0.1029152200 0.3786652684
120.5 -156.8 2616.3 0.3664887846 0.1195533946 -0.9227095842 -0.1402315795 0.9874793291 0.0722472221 0.9197940230 0.1029152200 0.3786652684
98.7 -348.8 2598.5 0.3680277169 0.1125994250 -0.9229717851 -0.1271269470 0.9894123077 0.0700140744 0.9210832715 0.0915674642 0.3784455955
70.3 -139.5 2490.6 -0.6055501699 0.2239756286 -0.7636386156 0.7474474907 0.4894789159 -0.4491465390 0.2731871307 -0.8427605033 -0.4638140798
208.0 -309.5 2428.4 -0.9220302105 0.2239756286 0.3157454133 -0.1737295091 0.4894789159 -0.8545340300 -0.3459455371 -0.8427605033 -0.4124031961
170.8 -174.1 2742.1 0.7630404830 0.4058727622 -0.5030273199 -0.5151917934 0.8518894315 -0.0941370726 0.3903160095 0.3309859633 0.8591284752
369.8 -308.5 2843.9 0.2333211154 0.4058727622 0.8836450577 0.2535730898 0.8518894315 -0.4582413137 -0.9387555122 0.3309859633 0.0958453938
48.2 -534.8 2499.9 0.7956645489 -0.6049968004 0.0299455766 0.0453718416 0.0102274893 -0.9989178181 0.6040358543 0.7961621881 0.0355874710
254.1 -538.2 2229.0 0.7956645489 -0.0710757375 -0.6015530825 0.0453718416 0.9972953796 -0.0578215532 0.6040358543 0.0187129881 0.7967374325
118.5 -557.2 2663.0 0.3924051821 -0.8420044184 -0.3701981902 -0.0589662232 0.3786233366 -0.9236705899 0.9179003835 0.3842823207 0.0989239365
444.9 -704.0 2514.0 0.3919537067 -0.5586646795 -0.7309350967 -0.0583374798 0.7778158188 -0.6257789731 0.9181334376 0.2879172862 0.2722766995
446.3 -264.6 2517.8 0 0 0 0 0 0 0 0 0
428.9 -244.2 2605.8 0 0 0 0 0 0 0 0 0
272.1 -790.9 2224.2 0 0 0 0 0 0 0 0 0
585.9 -900.3 2441.4 0 0 0 0 0 0 0 0 0
143.4 38.7 2637.9 62 0.3520481288 0.1206996143 -0.9281668663 -0.1295495331 0.9883893728 0.0793936476 0.9269730449 0.0922931954 0.3635972142
119.5 -156.8 2619.6 0.3520481288 0.1206996143 -0.9281668663 -0.1295495331 0.9883893728 0.0793936476 0.9269730449 0.0922931954 0.3635972142
97.5 -349.0 2603.2 0.3532294333 0.1133421287 -0.9286455512 -0.1195639819 0.9899632335 0.0753474012 0.9278649688 0.0844176412 0.3632358015
71.3 -140.5 2492.9 -0.6408938766 0.2179192901 -0.7360476851 0.7218785882 0.4971767664 -0.4813590348 0.2610484064 -0.8398371339 -0.4759488404
219.4 -307.4 2432.6 -0.9228236675 0.2179192901 0.3176596463 -0.1751156151 0.4971767664 -0.8497939706 -0.3431195021 -0.8398371339 -0.4206454158
167.7 -173.1 2746.3 0.7556849718 0.4024098814 -0.5167267919 -0.5131820440 0.8540185690 -0.0854193345 0.4069206715 0.3297250271 0.8518785238
364.9 -307.0 2852.5 0.2486436069 0.4024098814 0.8810463548 0.2446737140 0.8540185690 -0.4591155350 -0.9371825457 0.3297250271 0.1138871312
43.8 -529.5 2498.2 0.7885736823 -0.6144416332 0.0247605294 0.0433437377 0.0153723303 -0.9989419580 0.6134108901 0.7888125181 0.0387544110
255.3 -534.8 2226.7 0.7885736823 -0.0663579479 -0.6113494635 0.0433437377 0.9976859689 -0.0523835607 0.6134108901 0.0148101235 0.7896251082
109.7 -552.2 2663.1 0.3778306544 -0.8481457233 -0.3713392317 -0.0514971241 0.3811970055 -0.9230584502 0.9244414568 0.3678826690 0.1003508419
438.7 -700.1 2520.4 0.3951033652 -0.5641598105 -0.7249945402 -0.0747630969 0.7668415308 -0.6374673247 0.9155893326 0.3060683012 0.2608033419
457.7 -262.2 2521.2 0 0 0 0 0 0 0 0 0
428.0 -244.9 2614.7 0 0 0 0 0 0 0 0 0
272.1 -787.4 2223.0 0 0 0 0 0 0 0 0 0
586.7 -901.2 2440.1 0 0 0 0 0 0 0 0 0
143.5 36.8 2636.4 63 0.3849503696 0.1258100122 -0.9143221974 -0.1314910948 0.9880359173 0.0805922374 0.9135224819 0.0892012119 0.3968876898
118.6 -158.8 2618.8 0.3849503696 0.1258100122 -0.9143221974 -0.1314910948 0.9880359173 0.0805922374 0.9135224819 0.0892012119 0.3968876898
95.0 -350.8 2603.2 0.3861616552 0.1216049790 -0.9143803716 -0.1218105406 0.9893137813 0.0801274031 0.9143529534 0.0804390311 0.3968478143
65.9 -142.1 2494.0 -0.6458763480 0.1915735006 -0.7390151024 0.7186093926 0.4793907404 -0.5037708282 0.2577678561 -0.8564368486 -0.4472936690
218.6 -311.9 2433.0 -0.9300270677 0.1915735006 0.3136068285 -0.1901507080 0.4793907404 -0.8567538857 -0.3144715428 -0.8564368486 -0.4094185233
171.4 -175.4 2743.6 0.7671211362 0.4188421965 -0.4858974516 -0.5175909996 0.8515836000 -0.0830954537 0.3789784312 0.3152404428 0.8700568080
371.5 -310.4 2842.4 0.2155966610 0.4188421965 0.8820936680 0.2439725846 0.8515836000 -0.4639856815 -0.9455133080 0.3152404428 0.0814125687
43.8 -530.4 2503.7 0.7939312458 -0.6075302958 0.0240855403 0.0446721576 0.0187799335 -0.9988251925 0.6063641906 0.7940744758 0.0420496650
252.1 -536.9 2231.5 0.7939312458 -0.0802836493 -0.6026837230 0.0446721576 0.9962671995 -0.0738651827 0.6063641906 0.0317206942 0.7945541143
107.1 -551.8 2669.9 0.3892278373 -0.8494769931 -0.3562170267 -0.0441110283 0.3690799475 -0.9283502698 0.9200847149 0.3770528734 0.1061848849
436.7 -695.0 2523.5 0.4117491543 -0.5608271956 -0.7182865143 -0.0744443387 0.7648677230 -0.6398714185 0.9082514644 0.3169388771 0.2731832266
457.3 -263.1 2513.8 0 0 0 0 0 0 0 0 0
426.1 -248.5 2602.6 0 0 0 0 0 0 0 0 0
272.3 -787.9 2223.5 0 0 0 0 0 0 0 0 0
588.5 -902.0 2437.8 0 0 0 0 0 0 0 0 0
142.3 32.7 2636.7 64 0.3755435646 0.1129133031 -0.9199008942 -0.1376646310 0.9883363843 0.0651127324 0.9165235758 0.1021851450 0.3867075443
120.0 -162.7 2616.5 0.3755435646 0.1129133031 -0.9199008942 -0.1376646310 0.9883363843 0.0651127324 0.9165235758 0.1021851450 0.3867075443
97.6 -354.6 2598.4 0.3763899803 0.1155418158 -0.9192283154 -0.1303389221 0.9889287949 0.0709338114 0.9172471762 0.0931124538 0.3872824907
68.6 -144.9 2491.2 -0.6426637173 0.1997351944 -0.7396547794 0.7230761647 0.4772641063 -0.4993794262 0.2532670498 -0.8557597995 -0.4511440694
214.2 -308.7 2433.9 -0.9296326041 0.1997351944 0.3096595407 -0.1837043464 0.4772641063 -0.8593437672 -0.3194305599 -0.8557597995 -0.4069880545
171.4 -180.5 2741.7 0.7655258179 0.4107169509 -0.4952593148 -0.5178901553 0.8500970602 -0.0955237448 0.3817852736 0.3296158016 0.8634775281
371.2 -315.6 2841.4 0.2250268161 0.4107169509 0.8835578561 0.2558206916 0.8500970602 -0.4603159428 -0.9401695132 0.3296158016 0.0862247497
36.9 -531.9 2505.7 0.7874945998 -0.6156230569 0.0293345805 0.0444974750 0.0093194582 -0.9989660382 0.6147131324 0.7879856825 0.0347326919
253.5 -535.2 2228.4 0.7874945998 -0.0722732320 -0.6120693088 0.0444974750 0.9971761107 -0.0604957901 0.6147131324 0.0204045717 0.7884868383
106.0 -553.7 2669.4 0.3818124533 -0.8519989848 -0.3582136035 -0.0812708586 0.3551255763 -0.9312791824 0.9206597209 0.3846862912 0.0663486794
436.7 -691.6 2520.1 0.3818124533 -0.5546427965 -0.7393176556 -0.0812708586 0.7766733170 -0.6246387959 0.9206597209 0.2985798419 0.2514672279
452.2 -261.7 2515.6 0 0 0 0 0 0 0 0 0
428.3 -250.7 2602.8 0 0 0 0 0 0 0 0 0
272.0 -790.5 2223.2 0 0 0 0 0 0 0 0 0
587.8 -903.3 2438.7 0 0 0 0 0 0 0 0 0
145.7 32.9 2636.3 65 0.3829819858 0.1353472471 -0.9137865901 -0.1460033953 0.9856430888 0.0847981349 0.9121446013 0.1009397805 0.3972447217
118.9 -162.0 2616.4 0.3829819858 0.1353472471 -0.9137865901 -0.1460033953 0.9856430888 0.0847981349 0.9121446013 0.1009397805 0.3972447217
93.2 -353.5 2597.8 0.3837809861 0.1323713809 -0.9138872623 -0.1401175559 0.9865605235 0.0840562358 0.9127317667 0.0957924649 0.3971706927
66.5 -142.9 2491.7 -0.6400814652 0.1925344914 -0.7437917590 0.7258477211 0.4689076245 -0.5032601357 0.2518747151 -0.8620070219 -0.4398897886
216.9 -313.5 2432.5 -0.9283998609 0.1925344914 0.3178114891 -0.1974586695 0.4689076245 -0.8608924150 -0.3147757053 -0.8620070219 -0.3973161876
171.3 -181.2 2741.0 0.7610515952 0.4276640713 -0.4877539575 -0.5315931439 0.8420851231 -0.0911120027 0.3717650175 0.3286275864 0.8682134748
369.9 -319.9 2838.0 0.2193181366 0.4276640713 0.8769281507 0.2560261488 0.8420851231 -0.4747033715 -0.9414617419 0.3286275864 0.0751913562
41.5 -534.9 2498.2 0.7864484191 -0.6169139743 0.0302653480 0.0425538495 0.0052339402 -0.9990804791 0.6161882877 0.7870131731 0.0303682908
250.0 -536.7 2232.2 0.7864484191 -0.0839623064 -0.6119225621 0.0425538495 0.9957288504 -0.0819340348 0.6161882877 0.0383972339 0.7866623402
108.9 -558.3 2662.5 0.3763283789 -0.8555402756 -0.3555668592 -0.0780756325 0.3531298041 -0.9323108792 0.9231907129 0.3786161542 0.0660959259
441.0 -695.3 2515.5 0.3763283789 -0.5484390259 -0.7467205524 -0.0780756325 0.7843304873 -0.6154103279 0.9231907129 0.2898970544 0.2523460984
453.4 -263.2 2512.7 0 0 0 0 0 0 0 0 0
425.6 -254.9 2599.1 0 0 0 0 0 0 0 0 0
271.2 -787.3 2222.5 0 0 0 0 0 0 0 0 0
586.1 -902.9 2438.8 0 0 0 0 0 0 0 0 0
145.0 36.4 2634.1 66 0.3960320055 0.1262894273 -0.9095106721 -0.1299065948 0.9882403016 0.0806556121 0.9090010524 0.0862092227 0.4077806473
120.0 -158.8 2617.1 0.3960320055 0.1262894273 -0.9095106721 -0.1299065948 0.9882403016 0.0806556121 0.9090010524 0.0862092227 0.4077806473
95.4 -350.7 2601.5 0.3966413140 0.1269564033 -0.9091522098 -0.1251502633 0.9886217117 0.0834536776 0.9094026089 0.0806794614 0.4080168605
65.8 -141.7 2492.9 -0.6541357040 0.1931256652 -0.7313063145 0.7135454416 0.4783020914 -0.5119374990 0.2509170771 -0.8566969037 -0.4506784081
223.3 -313.5 2432.5 -0.9299118519 0.1931256652 0.3129959702 -0.1893050969 0.4783020914 -0.8575492501 -0.3153213859 -0.8566969037 -0.4082190990
174.2 -175.9 2741.3 0.7694903016 0.4262728393 -0.4755798578 -0.5214537382 0.8492835760 -0.0824826211 0.3687420487 0.3114624619 0.8757970333
375.0 -312.0 2837.6 0.2052804679 0.4262728393 0.8809945583 0.2445091605 0.8492835760 -0.4679024220 -0.9476683140 0.3114624619 0.0701137185
33.1 -532.4 2497.5 0.7725853324 -0.6346403956 0.0185329597 0.0352521203 0.0137331001 -0.9992840886 0.6339315176 0.7726855874 0.0329824127
251.6 -537.1 2231.5 0.7725853324 -0.0772650093 -0.6301920414 0.0352521203 0.9962567091 -0.0789291412 0.6339315176 0.0387638919 0.7724171281
101.9 -557.5 2661.0 0.3801530898 -0.8625403047 -0.3339279890 -0.0532836169 0.3400104344 -0.9389109612 0.9233875275 0.3747227788 0.0832967535
436.7 -689.5 2515.5 0.3801530898 -0.5537328720 -0.7408532500 -0.0532836169 0.7865471840 -0.6152270436 0.9233875275 0.2733558118 0.2695034444
458.9 -265.6 2512.4 0 0 0 0 0 0 0 0 0
427.1 -250.0 2597.1 0 0 0 0 0 0 0 0 0
271.2 -789.0 2221.7 0 0 0 0 0 0 0 0 0
586.3 -902.0 2441.7 0 0 0 0 0 0 0 0 0
146.0 29.7 2636.6 67 0.3761878312 0.1141169369 -0.9194890261 -0.1319116503 0.9888738394 0.0687595978 0.9171052575 0.0954247862 0.3870556653
123.4 -166.6 2617.6 0.3761878312 0.1141169369 -0.9194890261 -0.1319116503 0.9888738394 0.0687595978 0.9171052575 0.0954247862 0.3870556653
100.8 -358.6 2600.5 0.3768294454 0.1165027618 -0.9189268947 -0.1264081895 0.9892455935 0.0735809430 0.9176167846 0.0884324163 0.3875037730
71.9 -149.3 2492.3 -0.6665195823 0.1867688149 -0.7217125893 0.7001373172 0.4893337786 -0.5199617147 0.2560457289 -0.8518626094 -0.4569143653
227.4 -312.6 2432.6 -0.9406276941 0.1867688149 0.2834377289 -0.1611035764 0.4893337786 -0.8570869565 -0.2987727821 -0.8518626094 -0.4301917851
174.9 -183.9 2742.9 0.7652789950 0.4116968215 -0.4948270023 -0.5168091655 0.8512464166 -0.0910373628 0.3837399185 0.3254000843 0.8642097116
374.6 -318.8 2843.1 0.2246939987 0.4116968215 0.8831864595 0.2512249053 0.8512464166 -0.4607228339 -0.9414874911 0.3254000843 0.0878414735
