-22.5 23.4 2809.9 6 0.2161373198 0.3884741366 -0.8957524896 -0.1223048568 0.9209839702 0.3699055314 0.9686723948 0.0296044890 0.2465712726
-99.3 -158.6 2804.1 0.2161373198 0.3884741366 -0.8957524896 -0.1223048568 0.9209839702 0.3699055314 0.9686723948 0.0296044890 0.2465712726
-178.2 -341.0 2799.7 0.2180331945 0.3975307047 -0.8913084865 -0.1178707778 0.9173216820 0.3802990913 0.9687972069 0.0221414007 0.2468638420
-129.9 -142.1 2667.8 -0.6742071509 0.1247927099 -0.7279227376 0.6176184416 0.6357073784 -0.4630589485 0.4049594700 -0.7617761493 -0.5056727529
33.0 -291.3 2569.9 -0.9565902352 0.1247927099 0.2633665502 -0.1267118007 0.6357073784 -0.7614592910 -0.2624486387 -0.7617761493 -0.5922987461
-68.6 -175.2 2940.3 0.7435328364 0.1854620725 -0.6424661279 -0.6499485970 0.4263588190 -0.6291144490 0.1572442502 0.8853372335 0.4375526011
106.9 -328.7 2977.5 0.9821043611 0.1854620725 0.0327840783 -0.0503657497 0.4263588190 -0.9031508565 -0.1814780086 0.8853372335 0.4280698001
-282.8 -519.0 2711.1 0.8743090630 -0.4757605195 -0.0961017907 -0.1065714508 0.0049960124 -0.9942924976 0.4735252261 0.8795606494 -0.0463344306
-88.3 -521.0 2351.5 0.8743090630 0.1942854077 -0.4447884858 -0.1065714508 0.9708713293 0.2145958096 0.4735252261 -0.1402213126 0.8695468903
-237.2 -534.1 2884.1 0.3998302519 -0.9164056778 0.0183405876 0.0576840267 0.0051876786 -0.9983214140 0.9147722721 0.4002170861 0.0549361631
120.9 -536.2 2727.7 0.3998302519 0.0160569698 -0.9164485335 0.0576840267 0.9974237680 0.0426422469 0.9147722721 -0.0699141026 0.3978739679
306.0 -255.1 2644.8 0 0 0 0 0 0 0 0 0
362.1 -341.7 2930.3 0 0 0 0 0 0 0 0 0
-162.6 -892.2 2405.1 0 0 0 0 0 0 0 0 0
114.8 -917.4 2754.4 0 0 0 0 0 0 0 0 0
-25.4 19.6 2804.3 7 0.2355047762 0.3910793662 -0.8897159100 -0.1166825742 0.9202208519 0.3736024797 0.9648433328 0.0158291776 0.2623485625
-103.1 -163.1 2801.2 0.2355047762 0.3910793662 -0.8897159100 -0.1166825742 0.9202208519 0.3736024797 0.9648433328 0.0158291776 0.2623485625
-182.9 -345.1 2799.8 0.2375882268 0.4019299746 -0.8843100071 -0.1118592769 0.9156422615 0.3861175478 0.9649037719 0.0071812924 0.2625054121
-136.5 -147.3 2665.5 -0.7031369805 0.1411823183 -0.6968973279 0.5875010490 0.6674551964 -0.4575435221 0.4005506933 -0.7311437130 -0.5522571802
34.4 -290.1 2568.2 -0.9445980787 0.1411823183 0.2963139713 -0.1302317530 0.6674551964 -0.7331734300 -0.3012874424 -0.7311437130 -0.6120904684
-69.6 -178.8 2936.9 0.7437587380 0.2056559026 -0.6360256076 -0.6521737576 0.4319349229 -0.6229780316 0.1466025561 0.8781445622 0.4553787410
105.9 -332.8 2971.5 0.9778971672 0.2056559026 0.0377201959 -0.0561161824 0.4319349229 -0.9001573324 -0.2014153302 0.8781445622 0.4339285493
-277.2 -512.5 2706.4 0.8763183355 -0.4704166949 -0.1037994400 -0.1054609120 0.0229070876 -0.9941595793 0.4700470269 0.8821470141 -0.0295366738
-88.2 -521.7 2352.1 0.8763183355 0.1945081502 -0.4407184720 -0.1054609120 0.9701297879 0.2184633017 0.4700470269 -0.1449648142 0.8706554770
-236.9 -532.1 2882.2 0.4081893265 -0.9119236469 0.0421508402 0.0505153202 -0.0235387199 -0.9984458685 0.9114986062 0.4096842110 0.0364578627
122.4 -522.9 2720.8 0.4081893265 -0.1314789057 -0.9033796191 0.0505153202 0.9913111329 -0.1214513555 0.9114986062 0.0039406344 0.4112843275
304.0 -252.9 2654.2 0 0 0 0 0 0 0 0 0
360.1 -347.4 2919.2 0 0 0 0 0 0 0 0 0
-162.6 -892.6 2407.5 0 0 0 0 0 0 0 0 0
171.1 -889.9 2719.3 0 0 0 0 0 0 0 0 0
-25.8 21.5 2800.6 8 0.2318607718 0.3928674161 -0.8898852468 -0.1053484753 0.9195756316 0.3785264790 0.9670275450 0.0059826141 0.2546015084
-103.7 -160.7 2799.4 0.2318607718 0.3928674161 -0.8898852468 -0.1053484753 0.9195756316 0.3785264790 0.9670275450 0.0059826141 0.2546015084
-184.4 -342.4 2799.6 0.2331820130 0.4060924351 -0.8835808039 -0.1023165807 0.9138311744 0.3929935396 0.9670354128 -0.0012340500 0.2546389699
-136.5 -146.3 2663.3 -0.6924204230 0.1352231354 -0.7087091208 0.6039474010 0.6460193396 -0.4668046832 0.3947169781 -0.7512481213 -0.5289846063
30.6 -292.0 2568.1 -0.9453262091 0.1352231354 0.2967710495 -0.1429825276 0.6460193396 -0.7498099804 -0.2931114733 -0.7512481213 -0.5913644433
-70.8 -175.1 2935.4 0.7402451634 0.2040250003 -0.6406331658 -0.6537931561 0.4406797886 -0.6151063442 0.1568170190 0.8741710782 0.4596012533
103.9 -329.5 2972.5 0.9784445763 0.2040250003 0.0319371857 -0.0626614466 0.4406797886 -0.8954746723 -0.1967732906 0.8741710782 0.4439652562
-284.5 -516.8 2709.9 0.8701146245 -0.4822135866 -0.1018363163 -0.1104496047 0.0105838953 -0.9938253760 0.4803139269 0.8759897351 -0.0440510996
-87.3 -521.1 2351.7 0.8701146245 0.2017903924 -0.4496456385 -0.1104496047 0.9689721465 0.2211195678 0.4803139269 -0.1427361816 0.8654044867
-240.8 -536.4 2885.9 0.4000635743 -0.9142445326 0.0640784279 0.0125344638 -0.0644527376 -0.9978420138 0.9164016843 0.4000034332 -0.0143256271
120.8 -510.9 2727.7 0.4000635743 -0.2127391696 -0.8914545178 0.0125344638 0.9738652110 -0.2267807126 0.9164016843 0.0795527920 0.3922745585
300.6 -251.2 2651.8 0 0 0 0 0 0 0 0 0
358.2 -345.8 2921.3 0 0 0 0 0 0 0 0 0
-164.5 -891.6 2406.2 0 0 0 0 0 0 0 0 0
201.6 -880.9 2697.5 0 0 0 0 0 0 0 0 0
-27.8 22.4 2812.2 9 0.2278201133 0.4012496471 -0.8871847391 -0.1223309264 0.9157202840 0.3827421665 0.9659881592 0.0213337634 0.2577047348
-107.3 -159.1 2807.9 0.2278201133 0.4012496471 -0.8871847391 -0.1223309264 0.9157202840 0.3827421665 0.9659881592 0.0213337634 0.2577047348
-191.6 -339.1 2805.7 0.2291784137 0.4242076874 -0.8760851026 -0.1193341017 0.9054954648 0.4072313607 0.9660417438 0.0112181902 0.2581424415
-139.5 -142.3 2672.0 -0.6857018471 0.1394703090 -0.7143955827 0.5934121013 0.6754829288 -0.4377041757 0.4215152562 -0.7240655422 -0.5459432602
32.5 -291.2 2566.3 -0.9391484857 0.1394703090 0.3139238656 -0.1415784359 0.6754829288 -0.7236562371 -0.3129787743 -0.7240655422 -0.6146327257
-75.1 -175.9 2943.9 0.7268174291 0.2111519724 -0.6535681486 -0.6703402996 0.4253445864 -0.6080508232 0.1496005207 0.8800550103 0.4506915212
96.5 -334.1 2979.2 0.9773623347 0.2111519724 0.0133286342 -0.0795981735 0.4253445864 -0.9015243053 -0.1960279047 0.8800550103 0.4325231016
-286.5 -514.6 2711.2 0.8674987555 -0.4868729115 -0.1019837782 -0.1116877869 0.0091448836 -0.9937012792 0.4847388566 0.8734249473 -0.0464445800
-85.1 -518.4 2350.0 0.8674987555 0.2088363469 -0.4514789879 -0.1116877869 0.9662045240 0.2323244512 0.4847388566 -0.1511164755 0.8615056872
-243.6 -532.9 2888.1 0.3900794387 -0.9194990993 0.0485737398 -0.0177372303 -0.0602466911 -0.9980258942 0.9206103683 0.3884478509 -0.0398103632
121.0 -509.0 2734.1 0.3900794387 -0.2538338304 -0.8851025105 -0.0177372303 0.9590018392 -0.2828441262 0.9206103683 0.1260309517 0.3695846200
300.9 -250.7 2655.7 0 0 0 0 0 0 0 0 0
350.5 -354.8 2928.2 0 0 0 0 0 0 0 0 0
-165.0 -887.8 2407.8 0 0 0 0 0 0 0 0 0
218.5 -877.5 2685.7 0 0 0 0 0 0 0 0 0
-27.6 16.5 2805.0 0 0.2890895307 0.4150780141 -0.8626340628 -0.1307881624 0.9097852111 0.3939356804 0.9483257532 -0.0010603679 0.3172966838
-109.7 -163.5 2805.2 0.2890895307 0.4150780141 -0.8626340628 -0.1307881624 0.9097852111 0.3939356804 0.9483257532 -0.0010603679 0.3172966838
-196.3 -342.4 2806.8 0.2885185778 0.4363510311 -0.8522645235 -0.1320015937 0.8997451067 0.4159739017 0.9483314753 -0.0075159208 0.3171922266
-150.2 -144.9 2672.0 -0.7010249496 0.1514550894 -0.6968682408 0.5751064420 0.6978842020 -0.4268609285 0.4216831028 -0.7000135779 -0.5763370395
26.5 -289.9 2565.7 -0.9347015619 0.1514550894 0.3215498328 -0.1292580515 0.6978842020 -0.7044501305 -0.3310971260 -0.7000135779 -0.6327366829
-69.2 -182.2 2938.4 0.7249696851 0.2723819017 -0.6326350570 -0.6819143891 0.4132029712 -0.6035363078 0.0970143080 0.8689484596 0.4853007495
101.7 -342.9 2961.2 0.9617643356 0.2723819017 0.0285915304 -0.0900846124 0.4132029712 -0.9061722159 -0.2586390078 0.8689484596 0.4219413102
-296.9 -508.1 2714.9 0.8610575199 -0.4986079037 -0.0998503715 -0.0974973887 0.0308380369 -0.9947578907 0.4990733564 0.8662789464 -0.0220596455
-88.7 -520.9 2353.1 0.8610575199 0.1908302456 -0.4713425040 -0.0974973887 0.9716718197 0.2152861357 0.4990733564 -0.1394190788 0.8552708030
-254.9 -529.7 2891.9 0.3896647692 -0.9198117256 0.0459106378 -0.0268362164 -0.0611703731 -0.9977664948 0.9205656648 0.3875623941 -0.0485202074
110.4 -505.4 2738.0 0.3896647692 -0.2952409387 -0.8723497987 -0.0268362164 0.9431788921 -0.3311998844 0.9205656648 0.1524674892 0.3596004546
293.6 -252.9 2660.3 0 0 0 0 0 0 0 0 0
351.1 -366.3 2894.1 0 0 0 0 0 0 0 0 0
-161.6 -892.3 2406.4 0 0 0 0 0 0 0 0 0
226.0 -874.7 2678.3 0 0 0 0 0 0 0 0 0
-27.0 17.5 2812.9 1 0.3060715199 0.4116383493 -0.8584136963 -0.1592800170 0.9111192822 0.3801204264 0.9385893941 0.0203841124 0.3444334269
-108.4 -162.6 2808.8 0.3060715199 0.4116383493 -0.8584136963 -0.1592800170 0.9111192822 0.3801204264 0.9385893941 0.0203841124 0.3444334269
-193.9 -342.0 2806.3 0.3060545921 0.4302722812 -0.8492327929 -0.1593164653 0.9026069045 0.3998988271 0.9385887384 0.0129058957 0.3447964489
-151.4 -140.2 2677.0 -0.6825441122 0.1535881162 -0.7145237923 0.5828195214 0.7042831779 -0.4053475857 0.4409705102 -0.6931059957 -0.5702184439
23.3 -289.4 2564.1 -0.9342624545 0.1535881162 0.3218142390 -0.1249398887 0.7042831779 -0.6988384724 -0.3339816332 -0.6931059957 -0.6387960315
-65.4 -185.0 2940.7 0.7314800024 0.2846944630 -0.6195853949 -0.6789430976 0.3881036043 -0.6232270002 0.0630340353 0.8765413165 0.4771813452
107.1 -345.1 2955.6 0.9576958418 0.2846944630 0.0420449600 -0.0750450417 0.3881036043 -0.9185553193 -0.2778254151 0.8765413165 0.3930501044
-309.3 -509.1 2721.5 0.8524819613 -0.5128638148 -0.1012185365 -0.1007217467 0.0288536027 -0.9944961667 0.5129615664 0.8579849601 -0.0270593595
-88.7 -521.5 2352.4 0.8524819613 0.1948548704 -0.4850835502 -0.1007217467 0.9717707634 0.2133463472 0.5129615664 -0.1330154538 0.8480432034
-256.5 -533.3 2895.0 0.4073116481 -0.9130166769 0.0223098733 -0.0095971441 -0.0287055876 -0.9995418191 0.9132388234 0.4069109261 -0.0204544738
106.0 -521.9 2733.5 0.4073116481 -0.3277997971 -0.8524344563 -0.0095971441 0.9317796826 -0.3628973663 0.9132388234 0.1559932679 0.3763788044
290.4 -253.7 2659.6 0 0 0 0 0 0 0 0 0
355.7 -364.6 2883.5 0 0 0 0 0 0 0 0 0
-163.2 -893.0 2403.3 0 0 0 0 0 0 0 0 0
230.5 -875.9 2674.2 0 0 0 0 0 0 0 0 0
-28.4 18.1 2805.3 2 0.3318001032 0.4089007974 -0.8501228094 -0.1535024643 0.9125665426 0.3790241182 0.9307769537 0.0047357092 0.3655569553
-109.0 -161.8 2804.4 0.3318001032 0.4089007974 -0.8501228094 -0.1535024643 0.9125665426 0.3790241182 0.9307769537 0.0047357092 0.3655569553
-193.2 -341.8 2804.5 0.3313649893 0.4237551689 -0.8429880142 -0.1544526666 0.9057766199 0.3946050107 0.9307747483 -0.0005565292 0.3655927479
-155.6 -140.1 2673.6 -0.6865987182 0.1583952904 -0.7095724940 0.5858570337 0.6984810233 -0.4109693766 0.4305272996 -0.6978790760 -0.5723731518
19.0 -289.1 2564.1 -0.9347311258 0.1583952904 0.3181017041 -0.1216331795 0.6984810233 -0.7052160501 -0.3338908851 -0.6978790760 -0.6336258054
-62.4 -183.5 2935.2 0.7378796339 0.3045359552 -0.6023218036 -0.6733811498 0.3926426172 -0.6264100671 0.0457328074 0.8678073883 0.4947917461
111.7 -342.4 2946.0 0.9506837130 0.3045359552 0.0588071756 -0.0690471381 0.3926426172 -0.9170955420 -0.3023787737 0.8678073883 0.3943062723
-307.5 -506.7 2717.8 0.8500831723 -0.5157536268 -0.1065684929 -0.1065913513 0.0296704918 -0.9938601255 0.5157488585 0.8562230468 -0.0297524892
-87.0 -519.4 2351.9 0.8500831723 0.1979351789 -0.4880371690 -0.1065913513 0.9721703529 0.2086218297 0.5157488585 -0.1253253520 0.8475238085
-251.4 -535.9 2889.7 0.3827961087 -0.9235283732 0.0237176735 -0.0376563817 -0.0412498079 -0.9984390140 0.9230650663 0.3813054264 -0.0505670011
115.4 -519.5 2738.2 0.3827961087 -0.3079670072 -0.8709899187 -0.0376563817 0.9368153811 -0.3477915525 0.9230650663 0.1659315825 0.3470123410
286.3 -254.3 2659.5 0 0 0 0 0 0 0 0 0
358.6 -360.3 2867.5 0 0 0 0 0 0 0 0 0
-162.7 -891.1 2399.8 0 0 0 0 0 0 0 0 0
232.9 -877.0 2674.9 0 0 0 0 0 0 0 0 0
-29.1 18.3 2812.1 3 0.2997483909 0.4058143198 -0.8634034991 -0.1669788957 0.9133644104 0.3713266253 0.9392917156 0.0328656137 0.3415419459
-109.4 -162.5 2805.5 0.2997483909 0.4058143198 -0.8634034991 -0.1669788957 0.9133644104 0.3713266253 0.9392917156 0.0328656137 0.3415419459
-192.9 -342.7 2800.2 0.2997098863 0.4204839170 -0.8563686609 -0.1670636982 0.9068942070 0.3868238032 0.9392889142 0.0271331929 0.3420527577
-151.6 -139.0 2673.5 -0.6763302684 0.1771066487 -0.7149899006 0.5914525986 0.7091320753 -0.3838170469 0.4390457273 -0.6824697256 -0.5843576789
18.0 -287.3 2563.4 -0.9272761345 0.1771066487 0.3298365474 -0.1121631935 0.7091320753 -0.6960970759 -0.3571811020 -0.6824697256 -0.6376964450
-67.3 -186.0 2937.6 0.7380490899 0.2732838094 -0.6169275045 -0.6719479561 0.3808770776 -0.6351524591 0.0613966659 0.8833168149 0.4647384584
106.9 -344.6 2952.1 0.9607336521 0.2732838094 0.0480289981 -0.0622226149 0.3808770776 -0.9225296974 -0.2704055607 0.8833168149 0.3829258680
-307.7 -507.7 2719.3 0.8520336151 -0.5114107132 -0.1117937565 -0.1124695688 0.0297350958 -0.9932101369 0.5112625360 0.8588218093 -0.0321828388
-89.6 -520.4 2353.0 0.8520336151 0.1944977641 -0.4860137701 -0.1124695688 0.9747486711 0.1929134429 0.5112625360 -0.1097069830 0.8523936868
-247.0 -536.0 2889.9 0.3807491362 -0.9229214787 0.0569740869 -0.0186425671 -0.0692642555 -0.9974241257 0.9244904518 0.3787062466 -0.0435779318
119.6 -508.5 2739.4 0.3807491362 -0.1563208848 -0.9113692045 -0.0186425671 0.9841086864 -0.1765858084 0.9244904518 0.0842251629 0.3717843294
283.1 -255.2 2665.5 0 0 0 0 0 0 0 0 0
356.4 -360.7 2881.8 0 0 0 0 0 0 0 0 0
-164.0 -893.0 2395.0 0 0 0 0 0 0 0 0 0
178.4 -878.4 2707.8 0 0 0 0 0 0 0 0 0
-30.0 15.6 2804.4 4 0.3086114228 0.4071350098 -0.8596511483 -0.1516709775 0.9132651687 0.3780775666 0.9390180707 0.0137050720 0.3435946107
-110.4 -164.7 2801.7 0.3086114228 0.4071350098 -0.8596511483 -0.1516709775 0.9132651687 0.3780775666 0.9390180707 0.0137050720 0.3435946107
-194.7 -344.6 2800.2 0.3081994057 0.4244365394 -0.8513910770 -0.1525720954 0.9054240584 0.3961427510 0.9390074015 0.0078075645 0.3438083231
-153.7 -143.2 2669.7 -0.6950294375 0.1832848489 -0.6952271461 0.5816673636 0.7117076516 -0.3938722610 0.4226076305 -0.6781437397 -0.6012685299
21.5 -289.9 2563.1 -0.9186093211 0.1832848489 0.3500907719 -0.1216709912 0.7117076516 -0.6918586493 -0.3759694695 -0.6781437397 -0.6314808130
-67.0 -186.2 2933.8 0.7360263467 0.2834351361 -0.6147599220 -0.6737740040 0.3946258128 -0.6247391701 0.0655270964 0.8740337491 0.4814262390
106.7 -345.2 2949.2 0.9577862024 0.2834351361 0.0480631329 -0.0708088428 0.3946258128 -0.9161095023 -0.2786245644 0.8740337491 0.3980368972
-303.9 -507.6 2708.7 0.8489574194 -0.5176151991 -0.1065166816 -0.1065303385 0.0297967531 -0.9938628674 0.5176123977 0.8550945520 -0.0298455488
-88.9 -520.0 2353.5 0.8489574194 0.1937088072 -0.4916789532 -0.1065303385 0.9740281105 0.1998013109 0.5176123977 -0.1172440797 0.8475442529
-248.9 -538.3 2880.8 0.3507331014 -0.9346047044 0.0591639429 -0.0632085726 -0.0866590515 -0.9942308068 0.9343398809 0.3449699879 -0.0894692242
122.2 -503.9 2743.8 0.3507331014 -0.1865810007 -0.9177002907 -0.0632085726 0.9729999304 -0.2219816744 0.9343398809 0.1358628422 0.3294697702
284.1 -255.1 2670.6 0 0 0 0 0 0 0 0 0
355.6 -363.6 2876.8 0 0 0 0 0 0 0 0 0
-162.9 -892.4 2398.4 0 0 0 0 0 0 0 0 0
191.7 -866.3 2693.2 0 0 0 0 0 0 0 0 0
-30.0 18.8 2801.1 5 0.2993657589 0.3994183242 -0.8665131927 -0.1371687055 0.9167454243 0.3751833439 0.9442271590 0.0065414486 0.3292298913
-108.8 -162.1 2799.8 0.2993657589 0.3994183242 -0.8665131927 -0.1371687055 0.9167454243 0.3751833439 0.9442271590 0.0065414486 0.3292298913
-191.3 -342.9 2799.4 0.2987361848 0.4150947928 -0.8593328595 -0.1385805309 0.9097754955 0.3912850022 0.9442203641 0.0021958158 0.3293069303
-150.8 -142.6 2667.0 -0.6939426064 0.1861588657 -0.6955490708 0.5894454122 0.7016563416 -0.4002905488 0.4135187864 -0.6877668500 -0.5966396928
22.4 -289.8 2563.7 -0.9188249707 0.1861588657 0.3480021954 -0.1236116588 0.7016563416 -0.7017111778 -0.3748076856 -0.6877668500 -0.6216879487
-66.8 -181.6 2932.6 0.7420770526 0.2691884041 -0.6138886213 -0.6652981639 0.4076096714 -0.6254860163 0.0818533450 0.8725777864 0.4815683365
108.3 -338.6 2951.9 0.9616327882 0.2691884041 0.0529154129 -0.0639771149 0.4076096714 -0.9109123349 -0.2667758763 0.8725777864 0.4091927111
-307.3 -510.5 2712.5 0.8486284614 -0.5189632177 -0.1025032327 -0.1045898870 0.0253389757 -0.9941926003 0.5185467005 0.8544209599 -0.0327749252
-88.4 -521.2 2352.2 0.8486284614 0.1987540871 -0.4902310967 -0.1045898870 0.9714791179 0.2128128558 0.5185467005 -0.1293258369 0.8452125192
-250.7 -538.5 2884.7 0.3339943290 -0.9401506186 0.0675614774 -0.0328404605 -0.0832408741 -0.9959881902 0.9420028329 0.3304356635 -0.0586769618
122.8 -505.5 2753.4 0.3339943290 -0.0926959589 -0.9380059838 -0.0328404605 0.9934039712 -0.1098639667 0.9420028329 0.0674984902 0.3287471235
285.1 -254.4 2670.9 0 0 0 0 0 0 0 0 0
358.2 -355.3 2882.6 0 0 0 0 0 0 0 0 0
-164.4 -892.6 2401.6 0 0 0 0 0 0 0 0 0
157.6 -877.8 2728.1 0 0 0 0 0 0 0 0 0
-29.8 19.8 2809.4 6 0.2623833716 0.3962846696 -0.8798371553 -0.1348405927 0.9178940058 0.3732138276 0.9554961920 0.0207126550 0.2942753732
-108.1 -161.8 2805.3 0.2623833716 0.3962846696 -0.8798371553 -0.1348405927 0.9178940058 0.3732138276 0.9554961920 0.0207126550 0.2942753732
-190.6 -342.6 2802.8 0.2630878687 0.4150305390 -0.8709388375 -0.1332535744 0.9097203016 0.3932587504 0.9555251002 0.0125940917 0.2946406901
-145.1 -143.0 2671.0 -0.6831909418 0.1890279800 -0.7053499818 0.5900739431 0.7119313478 -0.3807446361 0.4301893711 -0.6763299108 -0.5979255438
25.1 -290.0 2563.8 -0.9113445282 0.1890279800 0.3656768799 -0.1292939484 0.7119313478 -0.6902440190 -0.3908122778 -0.6763299108 -0.6243745685
-71.2 -180.5 2939.7 0.7380720377 0.2364152819 -0.6319473386 -0.6651318073 0.4122885466 -0.6225896478 0.1133549511 0.8798443079 0.4615459740
103.0 -337.4 2966.4 0.9709390402 0.2364152819 0.0372174866 -0.0655572489 0.4122885466 -0.9086915851 -0.2301729321 0.8798443079 0.4158057868
-301.2 -511.0 2712.4 0.8549914360 -0.5088785887 -0.1001611277 -0.1021351442 0.0241380464 -0.9944776297 0.5084860921 0.8604997993 -0.0313365646
-89.0 -521.1 2353.6 0.8549914360 0.1942910254 -0.4808748960 -0.1021351442 0.9720990062 0.2111681253 0.5084860921 -0.1314327121 0.8509802222
-246.4 -536.5 2885.6 0.3589442074 -0.9308221936 0.0687686577 -0.0362999327 -0.0875449479 -0.9954989552 0.9326528907 0.3548322916 -0.0652125329
123.4 -501.7 2744.6 0.3589442074 -0.1788590401 -0.9160614014 -0.0362999327 0.9780496955 -0.2051856816 0.9326528907 0.1069031805 0.3445726931
285.6 -253.0 2675.6 0 0 0 0 0 0 0 0 0
355.2 -354.5 2906.7 0 0 0 0 0 0 0 0 0
-163.3 -892.7 2403.9 0 0 0 0 0 0 0 0 0
190.1 -866.3 2704.7 0 0 0 0 0 0 0 0 0
-29.8 20.0 2814.6 7 0.2422227263 0.3958601952 -0.8857893944 -0.1374403238 0.9177704453 0.3725689352 0.9604365230 0.0314985141 0.2767120004
-108.1 -161.5 2808.4 0.2422227263 0.3958601952 -0.8857893944 -0.1374403238 0.9177704453 0.3725689352 0.9604365230 0.0314985141 0.2767120004
-190.6 -342.3 2804.0 0.2436225861 0.4150656164 -0.8765663505 -0.1342859417 0.9095283151 0.3933516741 0.9605286717 0.0218811817 0.2773191333
-142.4 -142.6 2673.3 -0.6633593440 0.1671770215 -0.7293875813 0.5999156237 0.7014269233 -0.3848395646 0.4472757280 -0.6928579211 -0.5655902028
21.5 -290.8 2562.8 -0.9318930507 0.1671770215 0.3219117522 -0.1170339286 0.7014269233 -0.7030670643 -0.3433342278 -0.6928579211 -0.6340894699
-73.9 -180.4 2943.5 0.7354052663 0.2187314630 -0.6413545609 -0.6654980183 0.4114101827 -0.6227793097 0.1276383698 0.8848153353 0.4481185675
99.7 -337.4 2973.6 0.9753721952 0.2187314630 0.0283826645 -0.0658071637 0.4114101827 -0.9090715647 -0.2105194777 0.8848153353 0.4156721532
-297.2 -511.2 2712.8 0.8590098619 -0.5012187362 -0.1043162122 -0.1048875228 0.0271393694 -0.9941136837 0.5010994673 0.8648949265 -0.0292586032
-89.6 -522.5 2354.6 0.8590098619 0.1901537925 -0.4753352404 -0.1048875228 0.9741356969 0.2001454681 0.5010994673 -0.1220701858 0.8567369580
-248.9 -535.7 2887.9 0.3591717780 -0.9311788082 0.0624632686 -0.0177231282 -0.0737227947 -0.9971212745 0.9331031442 0.3570307791 -0.0429825485
121.1 -506.4 2746.0 0.3591717780 -0.0887886956 -0.9290383458 -0.0177231282 0.9946357608 -0.1019097418 0.9331031442 0.0530685708 0.3556714952
287.6 -257.4 2660.8 0 0 0 0 0 0 0 0 0
353.1 -354.5 2918.9 0 0 0 0 0 0 0 0 0
-162.3 -894.9 2401.2 0 0 0 0 0 0 0 0 0
154.5 -879.8 2726.1 0 0 0 0 0 0 0 0 0
-29.9 18.5 2827.7 8 0.2430743277 0.3798232973 -0.8925520182 -0.1709072441 0.9225244522 0.3460337520 0.9548327327 0.0684316829 0.2891565561
-104.5 -162.8 2814.2 0.2430743277 0.3798232973 -0.8925520182 -0.1709072441 0.9225244522 0.3460337520 0.9548327327 0.0684316829 0.2891565561
-183.7 -344.7 2803.2 0.2457166463 0.3982957006 -0.8837329149 -0.1646654308 0.9155840278 0.3668666780 0.9552531838 0.0553750098 0.2905597687
-139.1 -139.7 2679.9 -0.6416383386 0.1373317838 -0.7546126246 0.6073055267 0.6918924451 -0.3904674351 0.4684872031 -0.7088193297 -0.5273470283
20.2 -290.5 2563.6 -0.9496012926 0.1373317838 0.2817754745 -0.1116027310 0.6918924451 -0.7133229971 -0.2929202318 -0.7088193297 -0.6416953206
-69.9 -186.0 2948.6 0.7477583885 0.2104658186 -0.6297312975 -0.6557239890 0.3830992281 -0.6505851746 0.1043236405 0.8994104266 0.4244731665
106.5 -340.7 2973.2 0.9765726328 0.2104658186 0.0448329635 -0.0401977226 0.3830992281 -0.9228321314 -0.2114000916 0.8994104266 0.3825844824
-295.4 -510.8 2711.6 0.8589789271 -0.5008943677 -0.1061134189 -0.1070302799 0.0270080771 -0.9938888550 0.5006992221 0.8650869131 -0.0304114912
-89.6 -521.9 2356.2 0.8589789271 0.1869107187 -0.4766755700 -0.1070302799 0.9759678245 0.1898190528 0.5006992221 -0.1120318472 0.8583409190
-250.7 -535.4 2887.8 0.3639591038 -0.9280248284 0.0793956742 -0.0373736732 -0.0997243077 -0.9943129420 0.9306648374 0.3589219451 -0.0709792674
118.1 -495.8 2745.1 0.3639591038 -0.1875349283 -0.9123401046 -0.0373736732 0.9757912755 -0.2154869884 0.9306648374 0.1125259548 0.3481392264
291.1 -258.6 2647.2 0 0 0 0 0 0 0 0 0
360.2 -351.1 2918.3 0 0 0 0 0 0 0 0 0
-161.1 -895.0 2399.0 0 0 0 0 0 0 0 0 0
190.0 -869.9 2702.0 0 0 0 0 0 0 0 0 0
-29.3 19.0 2824.7 9 0.2385644764 0.3907108009 -0.8890624642 -0.1616115272 0.9187026024 0.3603709340 0.9575848579 0.0577110425 0.2823131680
-106.0 -161.3 2813.4 0.2385644764 0.3907108009 -0.8890624642 -0.1616115272 0.9187026024 0.3603709340 0.9575848579 0.0577110425 0.2823131680
-187.0 -342.6 2804.4 0.2412406504 0.4073575437 -0.8808307648 -0.1554721296 0.9121369720 0.3792552352 0.9579307437 0.0454528518 0.2833772600
-140.0 -139.4 2678.7 -0.6436683536 0.1436091810 -0.7517096996 0.6088461280 0.6912024021 -0.3892885447 0.4636781514 -0.7082482576 -0.5323410034
18.8 -289.7 2564.3 -0.9515314698 0.1436091810 0.2719636858 -0.1002330855 0.6912024021 -0.7156763077 -0.2907596529 -0.7082482576 -0.6433064938
-72.0 -183.2 2948.2 0.7407512069 0.2118183076 -0.6375113130 -0.6619481444 0.3919084966 -0.6389306188 0.1145088971 0.8952880502 0.4305194318
102.8 -339.4 2975.2 0.9767017365 0.2118183076 0.0344489478 -0.0525974855 0.3919084966 -0.9184994698 -0.2080558389 0.8952880502 0.3939188123
-285.4 -511.5 2704.6 0.8655099869 -0.4893078208 -0.1070994735 -0.1094215959 0.0239521917 -0.9937068224 0.4887937903 0.8717821836 -0.0328099802
-90.0 -521.0 2356.4 0.8655099869 0.1883403808 -0.4641339779 -0.1094215959 0.9753289819 0.1917298734 0.4887937903 -0.1151578426 0.8647654653
-240.3 -541.7 2879.8 0.3397043943 -0.9372317791 0.0787243322 -0.0823919773 -0.1130342782 -0.9901691079 0.9369164705 0.3298785388 -0.1156186163
132.1 -496.8 2748.7 0.3397043943 -0.2063353062 -0.9176201224 -0.0823919773 0.9653599262 -0.2475716770 0.9369164705 0.1597057283 0.3109366298
290.6 -261.0 2647.3 0 0 0 0 0 0 0 0 0
356.6 -353.1 2921.1 0 0 0 0 0 0 0 0 0
-162.0 -893.9 2400.5 0 0 0 0 0 0 0 0 0
212.2 -871.7 2686.7 0 0 0 0 0 0 0 0 0
-31.3 20.1 2822.3 0 0.2487656176 0.3837242126 -0.8893095255 -0.1622329652 0.9217097163 0.3523232043 0.9548801780 0.0566294193 0.2915424109
-106.9 -161.4 2811.1 0.2487656176 0.3837242126 -0.8893095255 -0.1622329652 0.9217097163 0.3523232043 0.9548801780 0.0566294193 0.2915424109
-186.9 -343.1 2802.6 0.2516234815 0.4027740955 -0.8800333142 -0.1555615664 0.9142982960 0.3739775717 0.9552414417 0.0427978262 0.2927150726
-142.3 -139.5 2676.7 -0.6549888849 0.1541433185 -0.7397495508 0.6079086661 0.6889580488 -0.3946945667 0.4488168955 -0.7082207203 -0.5449649096
20.1 -290.2 2565.4 -0.9374000430 0.1541433185 0.3122834563 -0.1245752722 0.6889580488 -0.7140152454 -0.3252108991 -0.7082207203 -0.6266269088
-71.4 -183.2 2945.5 0.7454264760 0.2187008411 -0.6296898127 -0.6581023335 0.3917012215 -0.6430174708 0.1060218215 0.8937225938 0.4359120131
104.5 -338.6 2970.5 0.9748240709 0.2187008411 0.0434507094 -0.0469199866 0.3917012215 -0.9188953638 -0.2179828882 0.8937225938 0.3921012282
-290.1 -509.5 2707.5 0.8628358245 -0.4937648773 -0.1082156301 -0.1098189726 0.0258603767 -0.9936151505 0.4934107363 0.8692108393 -0.0319114923
-89.7 -520.0 2354.7 0.8628358245 0.1925141215 -0.4673892260 -0.1098189726 0.9739439487 0.1984261125 0.4934107363 -0.1198809594 0.8614954352
-245.8 -538.0 2883.2 0.3326614797 -0.9421903491 0.0401706994 -0.0985076278 -0.0770809352 -0.9921465516 0.9378873110 0.3260918260 -0.1184547916
128.4 -507.4 2753.6 0.3326614797 -0.2469515204 -0.9101380706 -0.0985076278 0.9507251382 -0.2939693630 0.9378873110 0.1874478310 0.2919430137
287.8 -254.7 2658.3 0 0 0 0 0 0 0 0 0
357.9 -350.8 2913.9 0 0 0 0 0 0 0 0 0
-163.3 -892.4 2400.6 0 0 0 0 0 0 0 0 0
223.3 -872.7 2681.6 0 0 0 0 0 0 0 0 0
-29.3 22.3 2809.5 1 0.2465313971 0.4093996882 -0.8784157038 -0.1309348643 0.9121516347 0.3883754015 0.9602491260 0.0192685202 0.2784787118
-109.8 -157.2 2805.7 0.2465313971 0.4093996882 -0.8784157038 -0.1309348643 0.9121516347 0.3883754015 0.9602491260 0.0192685202 0.2784787118
-193.7 -337.3 2802.6 0.2464318871 0.4221098423 -0.8724073768 -0.1311525255 0.9064126611 0.4015160203 0.9602449536 0.0154720871 0.2787297368
-144.6 -138.8 2670.7 -0.6610950828 0.1654684842 -0.7318288684 0.6123976111 0.6825405359 -0.3988830149 0.4335002899 -0.7118698359 -0.5525566936
20.3 -291.5 2562.5 -0.9291920662 0.1654684842 0.3304880261 -0.1339911371 0.6825405359 -0.7184600234 -0.3444539607 -0.7118698359 -0.6120399237
-75.1 -175.6 2940.8 0.7311555147 0.2250395119 -0.6440255046 -0.6700054407 0.4146423638 -0.6157632470 0.1284691989 0.8817192912 0.4539457262
97.4 -333.7 2971.1 0.9740772843 0.2250395119 0.0230350923 -0.0743466765 0.4146423638 -0.9069422483 -0.2136491686 0.8817192912 0.4206246734
-290.1 -510.5 2706.4 0.8620988727 -0.4958180487 -0.1046423689 -0.1072754189 0.0232505463 -0.9939574599 0.4952550232 0.8681151271 -0.0331448168
-89.9 -519.9 2356.0 0.8620988727 0.1865498722 -0.4711525142 -0.1072754189 0.9758849740 0.1901065707 0.4952550232 -0.1133475751 0.8613215685
-243.9 -539.1 2881.7 0.3493809700 -0.9341880679 0.0722886920 -0.0792101100 -0.1063222885 -0.9911717176 0.9336266518 0.3405705094 -0.1111441180
127.2 -496.8 2746.4 0.3493809700 -0.2552554607 -0.9015417695 -0.0792101100 0.9506869316 -0.2998668849 0.9336266518 0.1761790067 0.3119331002
285.7 -253.2 2660.9 0 0 0 0 0 0 0 0 0
350.5 -353.1 2915.6 0 0 0 0 0 0 0 0 0
-161.3 -893.0 2399.4 0 0 0 0 0 0 0 0 0
228.5 -874.1 2676.5 0 0 0 0 0 0 0 0 0
-29.4 21.4 2814.6 2 0.2728378475 0.4015309513 -0.8742610812 -0.1578357518 0.9151075482 0.3710338175 0.9490244389 0.0367575809 0.3130519092
-108.7 -159.2 2807.4 0.2728378475 0.4015309513 -0.8742610812 -0.1578357518 0.9151075482 0.3710338175 0.9490244389 0.0367575809 0.3130519092
-191.4 -339.8 2801.8 0.2741350532 0.4161763787 -0.8669759035 -0.1549422592 0.9088476300 0.3872839212 0.9491274357 0.0281631090 0.3136303127
-147.3 -137.4 2673.9 -0.6544060707 0.1556759924 -0.7399443388 0.6152068377 0.6785714626 -0.4013245106 0.4396285117 -0.7178480029 -0.5398342013
17.4 -292.2 2563.4 -0.9314402342 0.1556759924 0.3289134800 -0.1411354989 0.6785714626 -0.7208477855 -0.3354099989 -0.7178480029 -0.6100773215
-70.1 -180.9 2940.8 0.7389638424 0.2467722595 -0.6269257069 -0.6677308679 0.3922962546 -0.6326445341 0.0898214802 0.8861191273 0.4546701908
104.2 -338.4 2962.0 0.9681956768 0.2467722595 0.0412374400 -0.0608960018 0.3922962546 -0.9178209901 -0.2426700443 0.8861191273 0.3948469758
-300.3 -505.3 2711.4 0.8532609940 -0.5092147589 -0.1124543995 -0.1079782471 0.0384506360 -0.9934093952 0.5101826787 0.8597801328 -0.0221756920
-90.3 -521.1 2357.0 0.8532609940 0.1846821457 -0.4876865745 -0.1079782471 0.9774918556 0.1812468618 0.5101826787 -0.1019913405 0.8539972901
-243.5 -539.4 2880.2 0.3888472617 -0.9181121588 0.0766019225 -0.1026350111 -0.1257961392 -0.9867326617 0.9155675173 0.3758262694 -0.1431459337
132.5 -487.9 2726.3 0.3888472617 -0.2698418498 -0.8808990717 -0.1026350111 0.9375063777 -0.3324873447 0.9155675173 0.2196978927 0.3368515670
283.6 -251.8 2659.2 0 0 0 0 0 0 0 0 0
355.7 -354.2 2899.0 0 0 0 0 0 0 0 0 0
-160.9 -894.8 2396.0 0 0 0 0 0 0 0 0 0
241.2 -865.5 2637.8 0 0 0 0 0 0 0 0 0
-30.0 19.8 2816.7 3 0.2727425694 0.4070031345 -0.8717567921 -0.1760026664 0.9119266868 0.3706923425 0.9458512068 0.0523279384 0.3203548789
-110.2 -159.9 2806.4 0.2727425694 0.4070031345 -0.8717567921 -0.1760026664 0.9119266868 0.3706923425 0.9458512068 0.0523279384 0.3203548789
-193.7 -340.1 2797.5 0.2738914490 0.4198564887 -0.8652768135 -0.1734760851 0.9064904451 0.3849430084 0.9459860325 0.0446722396 0.3211150467
-148.8 -135.6 2673.4 -0.6560834646 0.1567796469 -0.7382239699 0.6148025393 0.6783407331 -0.4023328424 0.4376897812 -0.7178258896 -0.5414366126
17.3 -291.1 2562.6 -0.9292108417 0.1567796469 0.3346451819 -0.1449584514 0.6783407331 -0.7203061581 -0.3399327993 -0.7178258896 -0.6075949669
-71.7 -184.3 2939.5 0.7362944484 0.2489286810 -0.6292098165 -0.6722579002 0.3750143647 -0.6383052468 0.0770702288 0.8929718733 0.4434652627
102.1 -342.9 2957.6 0.9677903056 0.2489286810 0.0376359336 -0.0604851618 0.3750143647 -0.9250436425 -0.2443839163 0.8929718733 0.3779917657
-299.4 -506.1 2709.1 0.8544024229 -0.5084100366 -0.1073112786 -0.1026200205 0.0373530388 -0.9940190315 0.5093777180 0.8603045940 -0.0202585254
-88.9 -521.6 2353.0 0.8544024229 0.1896653026 -0.4837598205 -0.1026200205 0.9742574096 0.2007277608 0.5093777180 -0.1218588352 0.8518713713
-249.3 -538.5 2873.9 0.3942598701 -0.9161481261 0.0723311231 -0.1207665503 -0.1296732277 -0.9841749072 0.9110293984 0.3792855144 -0.1617649943
131.9 -484.6 2716.1 0.3942598701 -0.2729372382 -0.8775331378 -0.1207665503 0.9312112927 -0.3438908756 0.9110293984 0.2415590286 0.3341775537
282.9 -249.7 2659.8 0 0 0 0 0 0 0 0 0
353.6 -358.7 2894.1 0 0 0 0 0 0 0 0 0
-161.4 -894.0 2399.6 0 0 0 0 0 0 0 0 0
242.7 -862.7 2618.0 0 0 0 0 0 0 0 0 0
-28.4 22.8 2807.2 4 0.2957152724 0.4051676393 -0.8650963306 -0.1696158350 0.9134785533 0.3698477745 0.9400973320 0.0373644084 0.3388524055
-107.9 -156.4 2799.9 0.2957152724 0.4051676393 -0.8650963306 -0.1696158350 0.9134785533 0.3698477745 0.9400973320 0.0373644084 0.3388524055
-191.6 -336.6 2793.4 0.2951065600 0.4209996164 -0.8577129245 -0.1709567308 0.9064716697 0.3861126006 0.9400457144 0.0326874405 0.3394784629
-149.4 -132.4 2667.7 -0.6532197595 0.1473981738 -0.7426827550 0.6319882870 0.6463479400 -0.4275805652 0.4170069098 -0.7486708760 -0.5153611898
14.7 -291.2 2562.9 -0.9403018951 0.1473981738 0.3067672551 -0.1431957632 0.6463479400 -0.7494860291 -0.3087512553 -0.7486708760 -0.5866554379
-66.4 -180.5 2932.1 0.7375221252 0.2692368329 -0.6193323731 -0.6724442840 0.3773679435 -0.6367198229 0.0622877665 0.8860614896 0.4593639672
107.7 -339.2 2946.8 0.9619841576 0.2692368329 0.0458034277 -0.0616210513 0.3773679435 -0.9240109921 -0.2660625279 0.8860614896 0.3796126544
-302.3 -504.3 2701.9 0.8458947539 -0.5220476389 -0.1092168763 -0.1025369316 0.0417776182 -0.9938514829 0.5234006643 0.8518925309 -0.0181896947
-88.1 -521.4 2352.4 0.8458947539 0.1949975342 -0.4964252412 -0.1025369316 0.9728626013 0.2074236870 0.5234006643 -0.1245566905 0.8429337740
-246.8 -533.7 2872.4 0.4175051153 -0.9061139226 0.0681694001 -0.1181338206 -0.1285095215 -0.9846469760 0.9009627700 0.4030420184 -0.1606960893
133.0 -479.8 2703.4 0.4175051153 -0.2704072893 -0.8675075769 -0.1181338206 0.9304407239 -0.3468781710 0.9009627700 0.2473053932 0.3565194905
283.4 -250.3 2651.1 0 0 0 0 0 0 0 0 0
357.7 -355.2 2877.7 0 0 0 0 0 0 0 0 0
-162.7 -893.3 2400.0 0 0 0 0 0 0 0 0 0
243.3 -859.2 2602.6 0 0 0 0 0 0 0 0 0
-28.6 19.1 2802.0 5 0.3060820699 0.4076294601 -0.8603208661 -0.1577952504 0.9129163623 0.3764099181 0.9388367534 0.0205422174 0.3437493145
-108.7 -160.4 2798.0 0.3060820699 0.4076294601 -0.8603208661 -0.1577952504 0.9129163623 0.3764099181 0.9388367534 0.0205422174 0.3437493145
-191.8 -341.0 2794.2 0.3051301837 0.4176795781 -0.8558266759 -0.1598958820 0.9083964825 0.3863277435 0.9387911558 0.0189629011 0.3439644277
-151.7 -137.9 2665.9 -0.6736237407 0.1530008763 -0.7230641842 0.6149654388 0.6586816311 -0.4335389137 0.4099372327 -0.7367016077 -0.5377938151
15.4 -290.5 2564.2 -0.9386074543 0.1530008763 0.3092035353 -0.1363917738 0.6586816311 -0.7399566174 -0.3168807030 -0.7367016077 -0.5973753929
-65.8 -182.9 2930.0 0.7408004403 0.2766069472 -0.6121301651 -0.6688641310 0.3877694309 -0.6342362761 0.0619312041 0.8792744279 0.4722722173
109.1 -340.8 2944.7 0.9595076442 0.2766069472 0.0532321036 -0.0607597008 0.3877694309 -0.9197516441 -0.2750514746 0.8792744279 0.3888742924
-302.3 -501.1 2700.7 0.8442519307 -0.5236503482 -0.1141445413 -0.1028770134 0.0506775901 -0.9934023023 0.5259800553 0.8504246473 -0.0110869305
-87.4 -521.9 2351.6 0.8442519307 0.2008968443 -0.4968693256 -0.1028770134 0.9705937505 0.2176328897 0.5259800553 -0.1326205581 0.8400933146
-246.1 -536.8 2876.2 0.4281847477 -0.9009481668 0.0703575015 -0.1068605110 -0.1277881414 -0.9860278964 0.8973509073 0.4146836698 -0.1509927213
133.1 -483.1 2701.6 0.4281847477 -0.2733815610 -0.8613479733 -0.1068605110 0.9311397076 -0.3486540616 0.8973509073 0.2413324416 0.3694861233
283.7 -251.5 2654.8 0 0 0 0 0 0 0 0 0
358.4 -356.6 2873.2 0 0 0 0 0 0 0 0 0
-164.2 -892.9 2402.3 0 0 0 0 0 0 0 0 0
244.8 -863.6 2603.0 0 0 0 0 0 0 0 0 0
-29.8 21.2 2821.9 6 0.2672034502 0.3951071501 -0.8789156079 -0.1794070303 0.9165292382 0.3574735224 0.9467921853 0.0621654764 0.3157847822
-107.5 -159.1 2809.7 0.2672034502 0.3951071501 -0.8789156079 -0.1794070303 0.9165292382 0.3574735224 0.9467921853 0.0621654764 0.3157847822
-188.2 -340.3 2799.0 0.2689096630 0.4064430892 -0.8732076287 -0.1755145639 0.9121007323 0.3704954684 0.9470386505 0.0536308475 0.3166093826
-145.4 -134.4 2676.5 -0.6450300813 0.1490216553 -0.7494856715 0.6187136173 0.6774684191 -0.3977813423 0.4484748244 -0.7202979326 -0.5291892290
17.0 -290.1 2563.6 -0.9458057880 0.1490216553 0.2885203362 -0.1148857698 0.6774684191 -0.7265244722 -0.3037312925 -0.7202979326 -0.6236330867
-69.7 -183.8 2942.8 0.7448692322 0.2367183566 -0.6238062382 -0.6625329852 0.3729314506 -0.6495938897 0.0788661763 0.8971546888 0.4346188903
106.1 -340.2 2961.4 0.9704195857 0.2367183566 0.0474369377 -0.0456692018 0.3729314506 -0.9267342687 -0.2370657474 0.8971546888 0.3727107346
-302.8 -506.9 2704.3 0.8461561203 -0.5215116143 -0.1097519398 -0.1053448841 0.0382014066 -0.9937016964 0.5224196911 0.8523885608 -0.0226142276
-87.2 -522.7 2351.9 0.8461561203 0.2037614435 -0.4924440384 -0.1053448841 0.9697399139 0.2202430665 0.5224196911 -0.1344835460 0.8420165181
-243.8 -538.0 2875.0 0.3933389485 -0.9152280092 0.0874191001 -0.1198797598 -0.1453268081 -0.9820941687 0.9115444422 0.3758161068 -0.1668800116
141.8 -476.8 2716.7 0.3933389485 -0.2942615151 -0.8710307479 -0.1198797598 0.9228938818 -0.3659176528 0.9115444422 0.2483486384 0.3277341127
287.3 -257.3 2650.5 0 0 0 0 0 0 0 0 0
358.1 -352.1 2899.8 0 0 0 0 0 0 0 0 0
-165.1 -893.4 2403.4 0 0 0 0 0 0 0 0 0
262.1 -854.2 2615.1 0 0 0 0 0 0 0 0 0
-29.7 21.3 2831.3 7 0.2524356544 0.3846975565 -0.8878536224 -0.1985399723 0.9186400771 0.3415878713 0.9470259547 0.0900454670 0.3082753718
-105.6 -159.9 2813.6 0.2524356544 0.3846975565 -0.8878536224 -0.1985399723 0.9186400771 0.3415878713 0.9470259547 0.0900454670 0.3082753718
-185.4 -341.2 2799.0 0.2564404309 0.4023029506 -0.8788575530 -0.1892216206 0.9125647545 0.3625199497 0.9478573203 0.0733340830 0.3101429045
-141.6 -133.3 2680.3 -0.6188772321 0.1307498068 -0.7745292187 0.6346114278 0.6642994881 -0.3949360549 0.4628815651 -0.7359420061 -0.4940951467
12.4 -291.2 2565.1 -0.9569479823 0.1307498068 0.2591428161 -0.1094678342 0.6642994881 -0.7394071817 -0.2688257992 -0.7359420061 -0.6213871837
-69.5 -186.6 2946.9 0.7462680936 0.2229039669 -0.6272142529 -0.6609507799 0.3598521352 -0.6585214138 0.0789173618 0.9059913158 0.4158747196
106.7 -342.6 2965.5 0.9737641215 0.2229039669 0.0457954444 -0.0385322720 0.3598521352 -0.9322133064 -0.2242736369 0.9059913158 0.3590001166
-293.5 -505.4 2701.6 0.8546683788 -0.5079772472 -0.1072428823 -0.1004915833 0.0407957174 -0.9941011667 0.5093558431 0.8604038358 -0.0161806308
-88.1 -521.9 2353.8 0.8546683788 0.1942998171 -0.4814452231 -0.1004915833 0.9717032313 0.2137621790 0.5093558431 -0.1343145818 0.8500095606
-241.6 -540.1 2871.3 0.3814662397 -0.9196652770 0.0932698101 -0.1327248067 -0.1543462723 -0.9790614843 0.9148046970 0.3610996902 -0.1809403002
146.4 -475.0 2718.9 0.3814662397 -0.3014864326 -0.8738360405 -0.1327248067 0.9176596403 -0.3745462000 0.9148046970 0.2588564754 0.3100414574
285.8 -259.9 2641.9 0 0 0 0 0 0 0 0 0
359.7 -352.6 2907.2 0 0 0 0 0 0 0 0 0
-162.4 -893.4 2405.1 0 0 0 0 0 0 0 0 0
269.8 -850.5 2613.0 0 0 0 0 0 0 0 0 0
-30.2 19.0 2814.6 8 0.2728424072 0.3982287645 -0.8757687211 -0.1733892411 0.9157552719 0.3623926342 0.9463050365 0.0529728010 0.3189054430
-108.7 -161.5 2804.1 0.2728424072 0.3982287645 -0.8757687211 -0.1733892411 0.9157552719 0.3623926342 0.9463050365 0.0529728010 0.3189054430
-190.8 -342.2 2795.4 0.2742424309 0.4134824574 -0.8682299852 -0.1702411473 0.9094591141 0.3793442249 0.9464718699 0.0437761918 0.3198040128
-147.3 -137.5 2671.0 -0.6493188143 0.1280694008 -0.7496554255 0.6284340620 0.6455035210 -0.4340458512 0.4283172190 -0.7529431581 -0.4996207654
10.9 -290.6 2566.6 -0.9622198343 0.1280694008 0.2402732074 -0.1030563861 0.6455035210 -0.7567724586 -0.2520166039 -0.7529431581 -0.6079179049
-70.1 -185.5 2937.2 0.7407087684 0.2456476986 -0.6253061295 -0.6671857834 0.3781706691 -0.6417554617 0.0788266882 0.8925492167 0.4440069795
104.7 -343.0 2955.8 0.9683921933 0.2456476986 0.0432866625 -0.0546209998 0.3781706691 -0.9241231084 -0.2433784455 0.8925492167 0.3796350658
-288.8 -505.2 2697.6 0.8526357412 -0.5077730417 -0.1232023612 -0.1187976226 0.0412257351 -0.9920622706 0.5088216066 0.8605039120 -0.0251717009
-84.6 -521.8 2351.5 0.8526357412 0.2076911479 -0.4794545770 -0.1187976226 0.9706306458 0.2091966569 0.5088216066 -0.1214104816 0.8522676229
-247.6 -538.6 2873.5 0.3992438018 -0.9134427905 0.0789090768 -0.1158398390 -0.1356319487 -0.9839639664 0.9094973803 0.3837006986 -0.1599632800
137.9 -481.3 2711.6 0.3992438018 -0.2864514291 -0.8709477186 -0.1158398390 0.9265676141 -0.3578457534 0.9094973803 0.2437581420 0.3367438912
285.9 -261.2 2638.7 0 0 0 0 0 0 0 0 0
356.3 -357.2 2892.6 0 0 0 0 0 0 0 0 0
-164.0 -892.8 2397.9 0 0 0 0 0 0 0 0 0
255.1 -860.5 2611.8 0 0 0 0 0 0 0 0 0
-28.0 21.8 2816.7 9 0.2612351179 0.3944383562 -0.8810077310 -0.1730362624 0.9170525074 0.3592675924 0.9496392012 0.0585929751 0.3078184724
-106.0 -159.5 2805.1 0.2612351179 0.3944383562 -0.8810077310 -0.1730362624 0.9170525074 0.3592675924 0.9496392012 0.0585929751 0.3078184724
-187.5 -340.5 2795.5 0.2630280256 0.4103558064 -0.8731691241 -0.1689645797 0.9106425643 0.3770690262 0.9498775005 0.0483549424 0.3088601232
-143.0 -135.7 2671.5 -0.6510135531 0.1383319646 -0.7463549376 0.6275056005 0.6513262391 -0.4266273081 0.4271043539 -0.7460820079 -0.5108262897
16.4 -289.4 2566.9 -0.9604115486 0.1383319646 0.2418137789 -0.0957120806 0.6513262391 -0.7527372241 -0.2616272867 -0.7460820079 -0.6123012304
