-237.5 147.9 2601.9 4 0.5226340890 0.2347526252 -0.8196004033 0.0194999315 0.9578006864 0.2867709398 0.8523340821 -0.1658584177 0.4960016310
-285.0 -46.0 2635.5 0.5226340890 0.2347526252 -0.8196004033 0.0194999315 0.9578006864 0.2867709398 0.8523340821 -0.1658584177 0.4960016310
-329.3 -233.4 2670.8 0.5265190005 0.2260108739 -0.8195711374 0.0356469899 0.9572992921 0.2868925631 0.8494157195 -0.1802696288 0.4959796667
-360.0 -51.0 2514.5 -0.5617249608 0.0584421642 -0.8252573013 0.6503849030 0.6477100849 -0.3968263566 0.5113360882 -0.7596421242 -0.4018448293
-232.2 -199.1 2398.1 -0.9674642086 0.0584421642 0.2461655885 -0.1508911401 0.6477100849 -0.7467954755 -0.2030882835 -0.7596421242 -0.6178179383
-210.0 -40.9 2756.5 0.3640820086 0.4746096730 -0.8013675809 -0.2195322663 0.8799085617 0.4213863909 0.9051242471 0.0225068405 0.4245510101
-90.3 -113.1 3054.1 -0.0500525124 0.4736222327 0.8793047071 0.0275049806 0.8807279468 -0.4728231728 -0.9983677864 0.0005192698 -0.0571096167
-421.3 -425.0 2630.7 0.9634997845 -0.2672570050 0.0155512737 0.0212852489 0.0185711328 -0.9996009469 0.2668615580 0.9634463191 0.0235819146
-315.6 -432.3 2249.9 0.9634997845 -0.0530776121 -0.2623945773 0.0212852489 0.9922337532 -0.1225523278 0.2668615580 0.1124940142 0.9571468234
-326.0 -417.7 2782.9 0.7012359500 -0.7109289765 0.0533682257 -0.1589390188 -0.2288672030 -0.9603947997 0.6949867010 0.6649810672 -0.2734842598
-63.3 -333.2 2537.2 0.7012359500 -0.2135404199 -0.6801974773 -0.1589390188 0.8832510114 -0.4411417842 0.6949867010 0.4174544215 0.5854274035
15.7 -160.4 2450.1 0 0 0 0 0 0 0 0 0
-103.0 -106.1 2800.2 0 0 0 0 0 0 0 0 0
-295.6 -806.0 2207.5 0 0 0 0 0 0 0 0 0
44.5 -779.3 2326.3 0 0 0 0 0 0 0 0 0
-238.0 148.1 2601.1 5 0.5214687586 0.2269285023 -0.8225410581 0.0322914235 0.9580473900 0.2847848535 0.8526591063 -0.1750674397 0.4922639728
-283.9 -45.9 2636.6 0.5214687586 0.2269285023 -0.8225410581 0.0322914235 0.9580473900 0.2847848535 0.8526591063 -0.1750674397 0.4922639728
-326.5 -233.5 2673.6 0.5252225399 0.2174162567 -0.8227219582 0.0484744646 0.9575967193 0.2840048075 0.8495831490 -0.1890467256 0.4924122393
-358.8 -52.8 2515.5 -0.6002089381 0.0747607425 -0.7963417172 0.6199562550 0.6725597382 -0.4041257799 0.5053746104 -0.7362568974 -0.4500247240
-220.2 -196.0 2398.8 -0.9656927586 0.0747607425 0.2486932129 -0.1353022605 0.6725597382 -0.7275690436 -0.2216546386 -0.7362568974 -0.6393707395
-209.1 -39.0 2757.6 0.3650582731 0.4664783478 -0.8056862950 -0.2076117098 0.8844107985 0.4179891348 0.9075405598 0.0146795223 0.4197078347
-89.1 -107.3 3056.0 -0.0491537750 0.4655091465 0.8836770654 0.0176119711 0.8850129247 -0.4652332067 -0.9986359477 -0.0073046740 -0.0517002605
-421.1 -424.1 2629.4 0.9627439976 -0.2698177695 0.0179536641 0.0247277077 0.0217276942 -0.9994580746 0.2692814469 0.9626662135 0.0275901817
-314.9 -432.7 2250.2 0.9627439976 -0.0575542375 -0.2642185986 0.0247277077 0.9917314649 -0.1259256452 0.2692814469 0.1147006378 0.9562066793
-321.6 -416.6 2787.4 0.7018830180 -0.7095515132 0.0624250956 -0.1459543407 -0.2290481329 -0.9624106884 0.6971783042 0.6663884521 -0.2643271089
-59.5 -332.0 2541.2 0.7018830180 -0.2221581489 -0.6767613888 -0.1459543407 0.8851006031 -0.4419211447 0.6971783042 0.4089531898 0.5888121128
27.5 -161.3 2455.7 0 0 0 0 0 0 0 0 0
-101.6 -102.8 2802.0 0 0 0 0 0 0 0 0 0
-293.2 -806.2 2207.0 0 0 0 0 0 0 0 0 0
52.7 -779.1 2334.6 0 0 0 0 0 0 0 0 0
-238.9 146.7 2601.2 6 0.5104731321 0.2353308648 -0.8270650506 0.0343542472 0.9554731250 0.2930715382 0.8592071533 -0.1780183464 0.4796587229
-286.5 -46.6 2637.2 0.5104731321 0.2353308648 -0.8270650506 0.0343542472 0.9554731250 0.2930715382 0.8592071533 -0.1780183464 0.4796587229
-330.8 -233.7 2674.4 0.5138947368 0.2263567448 -0.8274508119 0.0485154949 0.9553473592 0.2914749384 0.8564802408 -0.1899316311 0.4799661636
-359.7 -53.5 2515.2 -0.6307750940 0.1044905856 -0.7688982487 0.5963501334 0.6992688179 -0.3941949308 0.4964768887 -0.7071809173 -0.5033943057
-212.0 -193.1 2398.9 -0.9546769261 0.1044905856 0.2786999047 -0.1287415028 0.6992688179 -0.7031704783 -0.2683608532 -0.7071809173 -0.6541235447
-213.2 -39.7 2759.2 0.3512767851 0.4721021056 -0.8085321188 -0.2062116563 0.8813717365 0.4250419438 0.9132805467 0.0174213834 0.4069583714
-97.7 -107.5 3059.5 -0.0354436673 0.4714356065 0.8811879754 0.0137376739 0.8818885088 -0.4712578356 -0.9992772341 -0.0045976336 -0.0377337895
-416.6 -425.4 2633.8 0.9659101367 -0.2577719390 0.0239015352 0.0306651853 0.0222500470 -0.9992820621 0.2570550442 0.9659495950 0.0293961708
-313.8 -434.3 2248.8 0.9659101367 -0.0750027597 -0.2477745712 0.0306651853 0.9835210443 -0.1781739891 0.2570550442 0.1645020097 0.9522929192
-328.7 -416.4 2789.0 0.6913130879 -0.7200960517 0.0595643148 -0.1477526575 -0.2215766460 -0.9638842940 0.7072873116 0.6575450897 -0.2595749497
-62.7 -334.6 2546.1 0.6913130879 -0.2217657119 -0.6876817346 -0.1477526575 0.8882377744 -0.4349745214 0.7072873116 0.4023104012 0.5812839270
32.8 -160.1 2467.8 0 0 0 0 0 0 0 0 0
-106.8 -104.0 2805.4 0 0 0 0 0 0 0 0 0
-287.3 -781.8 2190.7 0 0 0 0 0 0 0 0 0
49.4 -783.3 2342.8 0 0 0 0 0 0 0 0 0
-240.6 146.3 2609.2 7 0.5062918067 0.2289611399 -0.8314116597 0.0189008024 0.9609317780 0.2761391997 0.8621550798 -0.1555213630 0.4821843505
-286.8 -47.8 2640.6 0.5062918067 0.2289611399 -0.8314116597 0.0189008024 0.9609317780 0.2761391997 0.8621550798 -0.1555213630 0.4821843505
-330.0 -235.9 2674.0 0.5101756454 0.2205240875 -0.8313181996 0.0355018228 0.9603467584 0.2765388489 0.8593372107 -0.1705966890 0.4821165204
-359.5 -52.9 2518.2 -0.6128345132 0.0876719505 -0.7853327394 0.6069212556 0.6886586547 -0.3967314959 0.5060439110 -0.7197659016 -0.4752437472
-215.4 -195.6 2399.2 -0.9514934421 0.0876719505 0.2949133217 -0.1560203731 0.6886586547 -0.7081009150 -0.2651751935 -0.7197659016 -0.6415755749
-214.1 -42.8 2763.1 0.3492004573 0.4659428895 -0.8129921556 -0.2213887125 0.8840714693 0.4115879536 0.9105196595 0.0362605862 0.4118726552
-99.3 -115.5 3062.4 -0.0316849574 0.4653581679 0.8845551610 0.0327725820 0.8850073814 -0.4644221663 -0.9989604950 0.0142739620 -0.0432924107
-421.6 -425.2 2634.2 0.9630458951 -0.2686226368 0.0196081456 0.0254073422 0.0181289427 -0.9995127916 0.2681362927 0.9630748630 0.0242839921
-315.4 -432.4 2253.6 0.9630458951 -0.0679092929 -0.2606356144 0.0254073422 0.9862825871 -0.1630986482 0.2681362927 0.1504494250 0.9515607953
-327.1 -420.7 2785.1 0.6894654036 -0.7211921811 0.0672255233 -0.1566183716 -0.2390550226 -0.9582918882 0.7071832418 0.6501803398 -0.2777720988
-60.6 -332.4 2544.9 0.6894654036 -0.2295268029 -0.6869897246 -0.1566183716 0.8787833452 -0.4507887959 0.7071832418 0.4183984697 0.5699425936
28.9 -155.5 2467.3 0 0 0 0 0 0 0 0 0
-107.4 -107.2 2808.4 0 0 0 0 0 0 0 0 0
-290.6 -792.4 2198.7 0 0 0 0 0 0 0 0 0
55.3 -776.3 2333.6 0 0 0 0 0 0 0 0 0
-240.2 148.2 2613.8 8 0.5105816126 0.2294189781 -0.8286575675 0.0029445391 0.9632744193 0.2685027719 0.8598242402 -0.1395325959 0.4911546707
-286.7 -47.1 2642.1 0.5105816126 0.2294189781 -0.8286575675 0.0029445391 0.9632744193 0.2685027719 0.8598242402 -0.1395325959 0.4911546707
-330.3 -235.7 2672.2 0.5141699910 0.2224044502 -0.8283510804 0.0182410087 0.9627409577 0.2698093355 0.8574942946 -0.1538378298 0.4909556508
-360.0 -49.7 2519.9 -0.5613042116 0.0758261830 -0.8241286278 0.6446681619 0.6645051837 -0.3779362440 0.5189802647 -0.7434266806 -0.4218722880
-230.1 -198.9 2399.8 -0.9561809897 0.0758261830 0.2827867270 -0.1629893482 0.6645051837 -0.7292923331 -0.2432126999 -0.7434266806 -0.6230283380
-213.4 -44.5 2764.2 0.3526993692 0.4685495496 -0.8099780679 -0.2391134501 0.8819955587 0.4060893357 0.9046700597 0.0504492000 0.4231157601
-97.5 -123.1 3061.6 -0.0360783339 0.4678694010 0.8830609322 0.0513242185 0.8833375573 -0.4659190774 -0.9980301261 0.0285128281 -0.0558823794
-419.3 -427.1 2629.8 0.9634926915 -0.2671113312 0.0182571560 0.0234742183 0.0163510647 -0.9995906949 0.2667034864 0.9635269642 0.0220243614
-314.9 -433.5 2253.1 0.9634926915 -0.0636064634 -0.2600692213 0.0234742183 0.9876981974 -0.1546002030 0.2667034864 0.1428512484 0.9531331658
-327.4 -422.5 2779.8 0.6922057867 -0.7189179659 0.0633090585 -0.1715440899 -0.2491071522 -0.9531622529 0.7010162473 0.6489241719 -0.2957595587
-61.8 -330.5 2540.1 0.6922057867 -0.2251932323 -0.6856669188 -0.1715440899 0.8715030551 -0.4594073296 0.7010162473 0.4356265068 0.5646288991
15.6 -157.0 2462.3 0 0 0 0 0 0 0 0 0
-106.7 -110.1 2807.9 0 0 0 0 0 0 0 0 0
-291.3 -799.8 2200.2 0 0 0 0 0 0 0 0 0
52.0 -770.7 2320.0 0 0 0 0 0 0 0 0 0
-240.1 145.5 2615.5 9 0.5155215263 0.2328269333 -0.8246387839 -0.0018583178 0.9626790285 0.2706392407 0.8568745852 -0.1379879117 0.4967144728
-287.2 -49.2 2643.4 0.5155215263 0.2328269333 -0.8246387839 -0.0018583178 0.9626790285 0.2706392407 0.8568745852 -0.1379879117 0.4967144728
-331.2 -237.8 2672.6 0.5186769962 0.2244645953 -0.8249786496 0.0114295408 0.9630142450 0.2692079842 0.8548938632 -0.1490611136 0.4969277978
-361.1 -50.8 2521.6 -0.5842567086 0.0683607012 -0.8086847067 0.6183695793 0.6828399301 -0.3890356123 0.5256074667 -0.7273626328 -0.4412259758
-223.4 -196.6 2397.7 -0.9606270194 0.0683607012 0.2693001330 -0.1517464966 0.6828399301 -0.7146345973 -0.2327418178 -0.7273626328 -0.6455810070
-213.3 -47.6 2765.2 0.3566479385 0.4714371562 -0.8065663576 -0.2457430959 0.8802778721 0.4058586359 0.9013393521 0.0534594618 0.4298017025
-96.0 -128.4 3061.6 -0.0411037430 0.4706467986 0.8813637495 0.0575989075 0.8817584515 -0.4681713283 -0.9974932671 0.0315219946 -0.0633523092
-420.3 -425.8 2624.8 0.9614557624 -0.2747828960 0.0098602790 0.0155410096 0.0185040366 -0.9997079968 0.2745201886 0.9613282084 0.0220612157
-314.4 -432.9 2254.1 0.9614557624 -0.0555708259 -0.2692856193 0.0155410096 0.9887810946 -0.1485611796 0.2745201886 0.1386500299 0.9515329003
-328.3 -425.3 2779.1 0.6953708529 -0.7162304521 0.0589348264 -0.1778941154 -0.2510069013 -0.9514983892 0.6962851882 0.6511601210 -0.3019560575
-63.6 -332.6 2538.5 0.6953708529 -0.2203118056 -0.6840482950 -0.1778941154 0.8694577217 -0.4608654082 0.6962851882 0.4421605468 0.5654034019
24.3 -157.5 2457.7 0 0 0 0 0 0 0 0 0
-106.5 -113.7 2807.9 0 0 0 0 0 0 0 0 0
-293.6 -802.5 2202.3 0 0 0 0 0 0 0 0 0
47.6 -771.8 2315.1 0 0 0 0 0 0 0 0 0
-241.8 145.6 2607.9 0 0.5241118670 0.2370725572 -0.8179873824 0.0114134820 0.9584327936 0.2850900292 0.8515729308 -0.1587551534 0.4996201694
-289.7 -48.2 2640.0 0.5241118670 0.2370725572 -0.8179873824 0.0114134820 0.9584327936 0.2850900292 0.8515729308 -0.1587551534 0.4996201694
-335.3 -235.7 2673.6 0.5272135139 0.2327382416 -0.8172385097 0.0240609292 0.9572848678 0.2881436050 0.8493921161 -0.1715767235 0.4990936518
-364.8 -51.6 2519.0 -0.5771480799 0.0658583492 -0.8139796257 0.6298006177 0.6704028249 -0.3923152089 0.5198569894 -0.7390688062 -0.4283993244
-230.5 -198.2 2398.0 -0.9575761557 0.0658583492 0.2805540264 -0.1657892764 0.6704028249 -0.7232385278 -0.2357155085 -0.7390688062 -0.6310431361
-214.6 -44.8 2761.0 0.3631723523 0.4808483720 -0.7980543375 -0.2304332256 0.8762823939 0.4231190383 0.9027770162 0.0302330963 0.4290449619
-95.2 -120.6 3057.8 -0.0505231842 0.4798527956 0.8758931160 0.0370453484 0.8773100376 -0.4784922004 -0.9980356097 0.0082728155 -0.0621008091
-422.0 -427.4 2624.5 0.9593331218 -0.2822587192 0.0031654721 0.0091570970 0.0199107919 -0.9997598529 0.2821279168 0.9591316581 0.0216857512
-312.5 -435.1 2252.3 0.9593331218 -0.0487314388 -0.2780382335 0.0091570970 0.9898396730 -0.1418927312 0.2821279168 0.1335763782 0.9500322342
-333.2 -420.9 2784.0 0.7003651857 -0.7122803330 0.0463177264 -0.1703011990 -0.2297636122 -0.9582307339 0.6931710839 0.6632235050 -0.2822206318
-70.1 -336.0 2539.0 0.7003651857 -0.2071637660 -0.6830605865 -0.1703011990 0.8808220029 -0.4417579472 0.6931710839 0.4257179201 0.5816168189
16.9 -155.4 2458.8 0 0 0 0 0 0 0 0 0
-108.0 -111.1 2804.1 0 0 0 0 0 0 0 0 0
-294.2 -806.5 2202.2 0 0 0 0 0 0 0 0 0
34.6 -780.9 2324.0 0 0 0 0 0 0 0 0 0
-237.6 150.5 2604.6 1 0.4991487563 0.2523347139 -0.8289618492 0.0286041778 0.9513407350 0.3068102896 0.8660440445 -0.1768557429 0.4676427245
-288.6 -41.7 2640.3 0.4991487563 0.2523347139 -0.8289618492 0.0286041778 0.9513407350 0.3068102896 0.8660440445 -0.1768557429 0.4676427245
-336.3 -228.1 2676.8 0.5022891164 0.2436436713 -0.8296646476 0.0406540148 0.9517679214 0.3041135967 0.8637435436 -0.1864821464 0.4681575596
-360.2 -47.6 2517.3 -0.5428150892 0.0373614132 -0.8390207887 0.6638369560 0.6310440898 -0.4013774693 0.5144630671 -0.7748467922 -0.3673421443
-234.2 -201.6 2397.9 -0.9562421441 0.0373614132 0.2901811004 -0.2025836259 0.6310440898 -0.7488279343 -0.2110943347 -0.7748467922 -0.5958621502
-217.0 -35.9 2763.3 0.3351588547 0.4851953089 -0.8076224923 -0.2114875466 0.8740702868 0.4373490214 0.9181184769 0.0242207013 0.3955651522
-106.9 -105.4 3065.0 -0.0210863594 0.4848487079 0.8743438125 0.0142287938 0.8745952249 -0.4846449792 -0.9996764064 0.0022214593 -0.0253408421
-428.5 -425.2 2630.4 0.9560775161 -0.2931101620 -0.0014754991 0.0060188482 0.0246648192 -0.9996776581 0.2930520773 0.9557604790 0.0253456645
-312.2 -435.0 2251.2 0.9560775161 -0.0441515930 -0.2897695303 0.0060188482 0.9913390279 -0.1311894655 0.2930520773 0.1236832291 0.9480627179
-338.7 -410.7 2791.3 0.6786552072 -0.7328485847 0.0485805273 -0.1584841907 -0.2107088715 -0.9646162391 0.7171539664 0.6469426155 -0.2591435909
-68.1 -332.9 2552.4 0.6786552072 -0.2136379331 -0.7026990056 -0.1584841907 0.8916225433 -0.4241368175 0.7171539664 0.3992093503 0.5712460279
12.7 -149.3 2452.4 0 0 0 0 0 0 0 0 0
-112.3 -101.8 2810.9 0 0 0 0 0 0 0 0 0
-295.6 -807.7 2204.7 0 0 0 0 0 0 0 0 0
39.8 -783.1 2350.8 0 0 0 0 0 0 0 0 0
-238.9 147.9 2602.9 2 0.4998096824 0.2476378530 -0.8299793601 0.0533096865 0.9476438761 0.3148477972 0.8644931316 -0.2016099244 0.4604400992
-288.8 -42.9 2643.5 0.4998096824 0.2476378530 -0.8299793601 0.0533096865 0.9476438761 0.3148477972 0.8644931316 -0.2016099244 0.4604400992
-335.8 -228.3 2685.2 0.5031557679 0.2397752702 -0.8302662373 0.0663178489 0.9471926093 0.3137325943 0.8616473675 -0.2129178345 0.4606840611
-360.5 -52.3 2520.8 -0.5536755323 0.0239215512 -0.8323888183 0.6288003325 0.6673436165 -0.3990772665 0.5459428430 -0.7443656921 -0.3845337033
-233.5 -196.6 2395.5 -0.9566191435 0.0239215512 0.2903576493 -0.2009759247 0.6673436165 -0.7171200514 -0.2109229565 -0.7443656921 -0.6335859895
-217.1 -33.4 2766.2 0.3370616436 0.4818811119 -0.8088139892 -0.1848943383 0.8762364984 0.4449985027 0.9231486917 -0.0004468078 0.3844428062
-106.4 -94.2 3069.6 -0.0222235601 0.4815091491 0.8761592507 -0.0133535871 0.8761545420 -0.4818452895 -0.9996638298 -0.0224081874 -0.0130413994
-429.5 -418.1 2635.3 0.9565326571 -0.2914963365 -0.0086708730 0.0032408570 0.0403564237 -0.9991800785 0.2916072607 0.9557203054 0.0395469330
-312.4 -434.3 2251.4 0.9565326571 -0.0390778109 -0.2889952064 0.0032408570 0.9923445582 -0.1234576479 0.2916072607 0.1171546727 0.9493365884
-337.3 -407.7 2804.7 0.6800431013 -0.7313317657 0.0519154742 -0.1360087991 -0.1954166591 -0.9712435007 0.7204464078 0.6534264684 -0.2323593050
-67.2 -335.5 2563.4 0.6800431013 -0.2168295234 -0.7003758550 -0.1360087991 0.9013785720 -0.4111182988 0.7204464078 0.3748354316 0.5834855437
14.4 -144.5 2450.2 0 0 0 0 0 0 0 0 0
-112.0 -97.6 2815.5 0 0 0 0 0 0 0 0 0
-297.7 -807.7 2207.3 0 0 0 0 0 0 0 0 0
42.3 -790.7 2374.1 0 0 0 0 0 0 0 0 0
-241.9 145.9 2602.6 3 0.5095184445 0.2352953404 -0.8276636004 0.0478158146 0.9526565075 0.3002653122 0.8591301441 -0.1925661266 0.4741452038
-289.2 -45.5 2641.3 0.5095184445 0.2352953404 -0.8276636004 0.0478158146 0.9526565075 0.3002653122 0.8591301441 -0.1925661266 0.4741452038
-333.9 -232.0 2680.7 0.5120901465 0.2280302048 -0.8281098008 0.0583913140 0.9526435733 0.2984303832 0.8569446206 -0.2011776716 0.4745244086
-362.2 -53.8 2519.2 -0.5563009977 0.0280051269 -0.8305088282 0.6296243668 0.6664512157 -0.3992692530 0.5423120260 -0.7450224757 -0.3883801997
-234.5 -198.3 2394.8 -0.9522533417 0.0280051269 0.3040218353 -0.2088940293 0.6664512157 -0.7156857252 -0.2226585895 -0.7450224757 -0.6287803054
-216.2 -37.2 2763.4 0.3491757214 0.4731714129 -0.8088170886 -0.1953191459 0.8809387088 0.4310422242 0.9164751768 0.0074679870 0.4000218511
-101.5 -101.4 3064.6 -0.0333512761 0.4725524485 0.8806712627 0.0014315081 0.8811831474 -0.4727728963 -0.9994426370 -0.0145068923 -0.0300650466
-428.2 -419.7 2649.0 0.9596611857 -0.2810326219 -0.0084311245 0.0017305517 0.0358905792 -0.9993542433 0.2811537385 0.9590268731 0.0349291377
-311.6 -434.6 2251.1 0.9596611857 -0.0371636972 -0.2786920965 0.0017305517 0.9919876456 -0.1263228804 0.2811537385 0.1207448691 0.9520363808
-332.3 -413.2 2797.5 0.6894419193 -0.7219477296 0.0588324592 -0.1400582641 -0.2125589848 -0.9670585990 0.7106711864 0.6584907770 -0.2476618290
-65.6 -334.7 2554.3 0.6894419193 -0.2214202732 -0.6896686554 -0.1400582641 0.8934130073 -0.4268452525 0.7106711864 0.3908788264 0.5849446654
12.7 -144.1 2452.6 0 0 0 0 0 0 0 0 0
-109.9 -101.0 2810.5 0 0 0 0 0 0 0 0 0
-297.6 -808.0 2205.7 0 0 0 0 0 0 0 0 0
46.2 -785.9 2356.9 0 0 0 0 0 0 0 0 0
-244.4 146.2 2609.9 4 0.4993596673 0.2251276672 -0.8366345763 0.0353991352 0.9595426321 0.2793292105 0.8656713367 -0.1691018939 0.4711875916
-289.7 -47.0 2644.0 0.4993596673 0.2251276672 -0.8366345763 0.0353991352 0.9595426321 0.2793292105 0.8656713367 -0.1691018939 0.4711875916
-332.7 -234.6 2679.6 0.5024333596 0.2195834517 -0.8362678289 0.0486559346 0.9584996104 0.2809112370 0.8632457852 -0.1818285584 0.4708981216
-361.3 -53.9 2521.0 -0.5434930921 0.0044692750 -0.8394017220 0.6227536201 0.6726576090 -0.3996369839 0.5628438592 -0.7399404049 -0.3683679998
-237.4 -195.8 2392.7 -0.9609529972 0.0044692750 0.2766754627 -0.2018384784 0.6726576090 -0.7118939161 -0.1892894953 -0.7399404049 -0.6454902887
-218.1 -40.0 2767.0 0.3417502642 0.4633400738 -0.8176323771 -0.2079494298 0.8857318759 0.4150132835 0.9164953828 0.0281952862 0.3990504146
-105.7 -108.4 3068.2 -0.0229758024 0.4629466236 0.8860883117 0.0189962313 0.8863644600 -0.4625983238 -0.9995555282 0.0062037720 -0.0291591752
-424.8 -423.8 2642.6 0.9611207843 -0.2761118710 -0.0030060629 0.0032761425 0.0222883169 -0.9997462034 0.2761088014 0.9608670473 0.0223263465
-312.8 -432.9 2252.7 0.9611207843 -0.0417626314 -0.2729518116 0.0032761425 0.9901516438 -0.1399608552 0.2761088014 0.1336250603 0.9517921209
-330.2 -417.9 2793.2 0.6835154891 -0.7263603806 0.0721612200 -0.1450536847 -0.2320515662 -0.9618271589 0.7153782248 0.6469565034 -0.2639720738
-62.0 -332.2 2554.2 0.6835154891 -0.2354736924 -0.6909115314 -0.1450536847 0.8838416934 -0.4447283149 0.7153782248 0.4041979313 0.5699631572
11.3 -143.6 2441.7 0 0 0 0 0 0 0 0 0
-111.6 -103.6 2814.1 0 0 0 0 0 0 0 0 0
-297.1 -805.7 2202.3 0 0 0 0 0 0 0 0 0
56.9 -778.5 2350.1 0 0 0 0 0 0 0 0 0
-246.0 143.9 2615.6 5 0.4876105785 0.2194773406 -0.8450240493 0.0299997758 0.9631027579 0.2674567997 0.8725456595 -0.1557652950 0.4630348086
-290.2 -50.0 2647.0 0.4876105785 0.2194773406 -0.8450240493 0.0299997758 0.9631027579 0.2674567997 0.8725456595 -0.1557652950 0.4630348086
-333.2 -238.0 2680.9 0.4909514189 0.2196528465 -0.8430417180 0.0446310900 0.9600810409 0.2761384547 0.8700429797 -0.1731964350 0.4615498185
-360.2 -56.4 2523.0 -0.5505409837 0.0160897374 -0.8346530795 0.5998330712 0.7029929757 -0.3821009398 0.5806073546 -0.7110147476 -0.3966776133
-235.3 -192.5 2391.3 -0.9605961442 0.0160897374 0.2774818242 -0.1864766628 0.7029929757 -0.6863142848 -0.2061103880 -0.7110147476 -0.6722919941
-220.2 -43.7 2770.9 0.3301207423 0.4608298838 -0.8238058686 -0.2126969546 0.8866031170 0.4107248485 0.9196631312 0.0396322012 0.3907032013
-111.7 -113.6 3073.3 -0.0098440833 0.4607248604 0.8874884248 0.0249554291 0.8873682022 -0.4603856206 -0.9996401072 0.0176155809 -0.0202329140
-421.1 -426.7 2637.2 0.9629280567 -0.2697405815 0.0030955279 0.0075451266 0.0154605731 -0.9998520017 0.2696528137 0.9628089070 0.0169226471
-313.1 -432.9 2251.6 0.9629280567 -0.0420864560 -0.2664550543 0.0075451266 0.9915701747 -0.1293511242 0.2696528137 0.1225453913 0.9551282525
-331.8 -422.0 2793.4 0.6744654179 -0.7341817617 0.0779325441 -0.1477183998 -0.2376128733 -0.9600622058 0.7233779430 0.6360166669 -0.2687138319
-60.6 -334.2 2558.5 0.6744654179 -0.2428805381 -0.6972126365 -0.1477183998 0.8808530569 -0.4497523606 0.7233779430 0.4063335657 0.5582270026
12.6 -144.3 2444.5 0 0 0 0 0 0 0 0 0
-114.2 -107.2 2819.1 0 0 0 0 0 0 0 0 0
-297.2 -806.3 2205.5 0 0 0 0 0 0 0 0 0
62.0 -779.1 2353.2 0 0 0 0 0 0 0 0 0
-246.2 141.7 2617.9 6 0.4891048074 0.2193987817 -0.8441804647 0.0312345773 0.9628206491 0.2683296800 0.8716655970 -0.1576089561 0.4640673697
-290.3 -51.5 2649.6 0.4891048074 0.2193987817 -0.8441804647 0.0312345773 0.9628206491 0.2683296800 0.8716655970 -0.1576089561 0.4640673697
-332.5 -239.6 2684.3 0.4932261109 0.2156411111 -0.8427495956 0.0494528152 0.9602703452 0.2746547461 0.8684943318 -0.1771432459 0.4629663825
-360.6 -58.6 2525.8 -0.5485027432 -0.0063249739 -0.8361248374 0.5905537009 0.7049836516 -0.3927395642 0.5919384360 -0.7091953158 -0.3829502165
-236.2 -192.5 2391.6 -0.9649297595 -0.0063249739 0.2624320984 -0.1904258728 0.7049836516 -0.6831808090 -0.1806892455 -0.7091953158 -0.6814641356
-220.0 -44.5 2773.3 0.3334282637 0.4576826990 -0.8242282271 -0.2082609832 0.8884162903 0.4090768397 0.9194851518 0.0352567881 0.3915405571
-110.4 -113.0 3075.7 -0.0126991048 0.4575139880 0.8891117573 0.0214207526 0.8891038299 -0.4572039843 -0.9996898770 0.0132393604 -0.0210911166
-420.6 -430.0 2636.2 0.9635245204 -0.2672437429 0.0141884601 0.0165125933 0.0064512580 -0.9998428226 0.2671101987 0.9636073709 0.0106288325
-314.0 -432.6 2251.8 0.9635245204 -0.0500358157 -0.2629010081 0.0165125933 0.9916099906 -0.1282069087 0.2671101987 0.1191893145 0.9562667012
-330.1 -423.2 2797.5 0.6770600677 -0.7314934731 0.0806655362 -0.1427533627 -0.2380717546 -0.9606993794 0.7219495177 0.6389359236 -0.2656120360
-59.9 -335.2 2561.4 0.6770600677 -0.2449588478 -0.6939631104 -0.1427533627 0.8813507557 -0.4503802359 0.7219495177 0.4040000439 0.5617586970
11.2 -143.7 2437.9 0 0 0 0 0 0 0 0 0
-113.6 -107.5 2821.4 0 0 0 0 0 0 0 0 0
-295.2 -806.0 2206.9 0 0 0 0 0 0 0 0 0
63.8 -780.5 2357.3 0 0 0 0 0 0 0 0 0
-246.7 145.3 2610.1 7 0.4910364151 0.2195381075 -0.8430221081 0.0433648229 0.9603641033 0.2753548324 0.8700590134 -0.1717667580 0.4620535076
-290.7 -47.5 2644.6 0.4910364151 0.2195381075 -0.8430221081 0.0433648229 0.9603641033 0.2753548324 0.8700590134 -0.1717667580 0.4620535076
-333.0 -235.2 2681.1 0.4942878485 0.2156952918 -0.8421134353 0.0576993935 0.9584510326 0.2793608010 0.8673812747 -0.1866740882 0.4613052011
-361.2 -55.7 2521.0 -0.5526927114 -0.0014828608 -0.8333837986 0.6045144200 0.6876423955 -0.4021321237 0.5736663342 -0.7260480523 -0.3791585267
-236.5 -192.1 2391.6 -0.9657728076 -0.0014828608 0.2593852580 -0.1893113405 0.6876423955 -0.7009344697 -0.1773249060 -0.7260480523 -0.6643870473
-220.3 -39.3 2768.2 0.3344721496 0.4579710364 -0.8236448765 -0.1994527131 0.8885834813 0.4130834937 0.9210575223 0.0261132736 0.3885500133
-110.3 -104.9 3071.0 -0.0138857113 0.4577762783 0.8889589906 0.0117572518 0.8890579939 -0.4576435983 -0.9998344779 0.0040970077 -0.0177273937
-419.3 -432.1 2640.5 0.9648174047 -0.2626650035 0.0115967505 0.0131488666 0.0041520875 -0.9999049306 0.2625918686 0.9648781419 0.0074597532
-313.5 -433.8 2251.6 0.9648174047 -0.0431480929 -0.2593561709 0.0131488666 0.9931261539 -0.1163081750 0.2625918686 0.1088059098 0.9587527514
-330.5 -417.7 2796.1 0.6778877378 -0.7307925820 0.0800647885 -0.1359772682 -0.2316653877 -0.9632452130 0.7224807143 0.6420851350 -0.2564142942
-60.5 -332.1 2558.9 0.6778877378 -0.2442287952 -0.6934121847 -0.1359772682 0.8852779865 -0.4447393417 0.7224807143 0.3957716525 0.5669095516
10.3 -143.7 2436.9 0 0 0 0 0 0 0 0 0
-113.9 -101.9 2816.8 0 0 0 0 0 0 0 0 0
-297.2 -807.8 2210.7 0 0 0 0 0 0 0 0 0
62.8 -779.3 2358.9 0 0 0 0 0 0 0 0 0
-245.4 150.3 2604.2 8 0.4721572697 0.2302382588 -0.8509159088 0.0625583008 0.9541032910 0.2928708494 0.8792917728 -0.1915129423 0.4360834956
-291.9 -42.3 2642.9 0.4721572697 0.2302382588 -0.8509159088 0.0625583008 0.9541032910 0.2928708494 0.8792917728 -0.1915129423 0.4360834956
-335.3 -229.0 2683.0 0.4757458866 0.2216467410 -0.8511983156 0.0777062103 0.9533547759 0.2916786671 0.8761435747 -0.2049083114 0.4363312721
-359.7 -53.4 2518.0 -0.5143385530 -0.0082111312 -0.8575478792 0.6423635483 0.6588103771 -0.3915838599 0.5681768060 -0.7522642016 -0.3335770667
-245.7 -195.8 2392.1 -0.9702748060 -0.0082111312 0.2418663651 -0.1872088015 0.6588103771 -0.7286437750 -0.1533610821 -0.7522642016 -0.6407643557
-224.1 -31.2 2767.7 0.3143198192 0.4591449797 -0.8308964372 -0.1777631938 0.8882420063 0.4235875010 0.9325252175 0.0145608522 0.3608111441
-120.8 -89.6 3074.1 0.0075111324 0.4594210088 0.8881868720 -0.0122320103 0.8881877065 -0.4593179822 -0.9998970032 -0.0074143130 0.0122909378
-419.9 -428.1 2639.3 0.9642287493 -0.2648959458 0.0096449228 0.0142978346 0.0156424697 -0.9997754097 0.2646855712 0.9641501307 0.0188703574
-312.9 -434.4 2249.7 0.9642287493 -0.0444241501 -0.2613223791 0.0142978346 0.9931375980 -0.1160746813 0.2646855712 0.1081862003 0.9582470059
-335.8 -408.6 2802.2 0.6619063020 -0.7449141741 0.0835639313 -0.1198566556 -0.2152228206 -0.9691818953 0.7399421930 0.6314918995 -0.2317402661
-60.6 -329.1 2569.0 0.6619063020 -0.2505783439 -0.7064633965 -0.1198566556 0.8949645162 -0.4297358096 0.7399421930 0.3691191971 0.5623492002
2.2 -147.9 2431.3 0 0 0 0 0 0 0 0 0
-118.9 -92.7 2819.9 0 0 0 0 0 0 0 0 0
-296.1 -808.5 2209.0 0 0 0 0 0 0 0 0 0
65.9 -781.1 2382.6 0 0 0 0 0 0 0 0 0
-244.7 144.9 2603.2 9 0.4857636690 0.2332815826 -0.8423855305 0.0607387349 0.9523901939 0.2987702787 0.8719773293 -0.1962971836 0.4484673440
-291.6 -46.7 2642.7 0.4857636690 0.2332815826 -0.8423855305 0.0607387349 0.9523901939 0.2987702787 0.8719773293 -0.1962971836 0.4484673440
-335.5 -233.2 2683.4 0.4891336262 0.2236568481 -0.8430455923 0.0747856274 0.9522499442 0.2960188389 0.8689967990 -0.2078404725 0.4490511417
-361.3 -57.4 2518.9 -0.5529314876 0.0210950617 -0.8329596519 0.6138831973 0.6862576604 -0.3901253641 0.5633952618 -0.7270525694 -0.3924033642
-238.7 -193.6 2393.9 -0.9669107795 0.0210950617 0.2542411089 -0.1709250808 0.6862576604 -0.7069901228 -0.1893889159 -0.7270525694 -0.6599442959
-221.9 -36.0 2766.5 0.3271566927 0.4640727341 -0.8231676817 -0.1799238175 0.8857597709 0.4278517067 0.9276831150 0.0081329271 0.3732799590
-114.4 -95.2 3071.5 -0.0074162856 0.4640219510 0.8857926726 -0.0117848190 0.8857149482 -0.4640798867 -0.9999030828 -0.0138806552 -0.0011003002
-421.8 -422.7 2643.9 0.9635965228 -0.2673276365 0.0042097303 0.0121550383 0.0280733872 -0.9995319843 0.2670843303 0.9631966949 0.0303007942
-312.4 -434.2 2249.8 0.9635965228 -0.0416244902 -0.2641007006 0.0121550383 0.9936054349 -0.1122517511 0.2670843303 0.1049552411 0.9579406977
-335.1 -412.9 2802.7 0.6722648740 -0.7365058064 0.0749608427 -0.1235890090 -0.2114874572 -0.9695353508 0.7299216986 0.6425202489 -0.2331996113
-63.0 -334.8 2565.3 0.6722648740 -0.2403502613 -0.7002083063 -0.1235890090 0.8961207271 -0.4262551367 0.7299216986 0.3730944097 0.5727258325
7.3 -150.1 2442.1 0 0 0 0 0 0 0 0 0
-116.3 -98.2 2817.2 0 0 0 0 0 0 0 0 0
-296.7 -808.4 2210.2 0 0 0 0 0 0 0 0 0
58.4 -787.4 2376.9 0 0 0 0 0 0 0 0 0
-245.8 143.9 2602.3 0 0.4868697822 0.2362511605 -0.8409180641 0.0595183782 0.9515170455 0.3017829061 0.8714444041 -0.1969790608 0.4492035806
-293.2 -46.8 2641.7 0.4868697822 0.2362511605 -0.8409180641 0.0595183782 0.9515170455 0.3017829061 0.8714444041 -0.1969790608 0.4492035806
-337.8 -233.1 2682.5 0.4900423884 0.2280322909 -0.8413439989 0.0725201070 0.9511668682 0.3000374138 0.8686767220 -0.2080454230 0.4495751560
-363.0 -57.2 2518.0 -0.5840514898 0.0429408737 -0.8105800152 0.5978637934 0.6982011795 -0.3937943876 0.5490380526 -0.7146126032 -0.4334582388
-232.0 -191.3 2394.8 -0.9633021951 0.0429408737 0.2649622560 -0.1607606858 0.6982011795 -0.6976181865 -0.2149533033 -0.7146126032 -0.6656755209
-223.3 -36.5 2765.5 0.3268789053 0.4682691395 -0.8208984137 -0.1814037263 0.8835516572 0.4317744076 0.9274927974 0.0077760858 0.3737601638
-115.9 -96.1 3070.5 -0.0081074126 0.4682041407 0.8835831285 -0.0118232546 0.8835055232 -0.4682714939 -0.9998972416 -0.0142432982 -0.0016272467
-423.5 -426.4 2645.6 0.9629540443 -0.2696518600 0.0027135026 0.0083270855 0.0196761768 -0.9997717142 0.2695369124 0.9627568126 0.0211926680
-312.4 -434.5 2249.2 0.9629540443 -0.0382074639 -0.2669450641 0.0083270855 0.9936528206 -0.1121817082 0.2695369124 0.1058029607 0.9571601748
-338.2 -412.8 2801.7 0.6721698642 -0.7370642424 0.0701712221 -0.1267065555 -0.2078898400 -0.9699109793 0.7294745445 0.6430537701 -0.2331281602
-65.9 -336.0 2564.2 0.6721698642 -0.2359146774 -0.7018061876 -0.1267065555 0.8972425461 -0.4229672253 0.7294745445 0.3732292652 0.5732074380
12.6 -150.5 2449.3 0 0 0 0 0 0 0 0 0
-117.9 -99.1 2816.2 0 0 0 0 0 0 0 0 0
-298.1 -808.8 2209.3 0 0 0 0 0 0 0 0 0
53.3 -789.3 2375.6 0 0 0 0 0 0 0 0 0
-245.7 145.2 2599.8 1 0.4798470140 0.2334782183 -0.8457155228 0.0765109733 0.9491325021 0.3054399788 0.8740096688 -0.2112709731 0.4375747442
-292.7 -45.6 2642.2 0.4798470140 0.2334782183 -0.8457155228 0.0765109733 0.9491325021 0.3054399788 0.8740096688 -0.2112709731 0.4375747442
-336.0 -231.7 2685.0 0.4826014638 0.2211738229 -0.8474538326 0.0880192965 0.9504435062 0.2981772721 0.8714060187 -0.2184930742 0.4392178655
-361.4 -58.1 2518.1 -0.5817804337 0.0437449031 -0.8121686578 0.6015468836 0.6952198148 -0.3934600055 0.5474238396 -0.7174648643 -0.4307798743
-229.3 -194.7 2393.8 -0.9602274895 0.0437449031 0.2757708132 -0.1689764559 0.6952198148 -0.6986532807 -0.2222838402 -0.7174648643 -0.6601772904
-223.9 -33.0 2766.4 0.3212032616 0.4603258669 -0.8276041150 -0.1666014642 0.8877500296 0.4291198552 0.9322405457 0.0000453543 0.3618391752
-118.3 -87.8 3072.9 -0.0001569792 0.4604338408 0.8876940012 -0.0246458743 0.8874226213 -0.4602974057 -0.9996962547 -0.0219502524 0.0112084877
-426.8 -425.9 2644.7 0.9610779881 -0.2762006521 0.0065062707 0.0126087619 0.0203243289 -0.9997139573 0.2759894133 0.9608850479 0.0230158139
-313.6 -434.3 2251.1 0.9610779881 -0.0445797257 -0.2726568878 0.0126087619 0.9929450154 -0.1179035380 0.2759894133 0.1098766327 0.9548596740
-335.7 -409.9 2806.6 0.6675742269 -0.7401660681 0.0806157142 -0.1113158986 -0.2062799633 -0.9721406102 0.7361748815 0.6400021911 -0.2200994343
-62.2 -333.7 2570.1 0.6675742269 -0.2468102723 -0.7024452686 -0.1113158986 0.8997681737 -0.4219312966 0.7361748815 0.3598637581 0.5731881261
15.3 -151.6 2450.4 0 0 0 0 0 0 0 0 0
-118.3 -94.1 2818.7 0 0 0 0 0 0 0 0 0
-296.9 -808.3 2209.7 0 0 0 0 0 0 0 0 0
62.4 -788.2 2388.3 0 0 0 0 0 0 0 0 0
-244.7 147.7 2598.5 2 0.4799038470 0.2261769176 -0.8476651907 0.0823325962 0.9503225088 0.3001807034 0.8734492660 -0.2138483524 0.4374417067
-290.4 -44.3 2641.7 0.4799038470 0.2261769176 -0.8476651907 0.0823325962 0.9503225088 0.3001807034 0.8734492660 -0.2138483524 0.4374417067
-332.3 -230.7 2684.9 0.4824663401 0.2138609886 -0.8494055271 0.0934083462 0.9516437650 0.2926586270 0.8709197044 -0.2205394953 0.4391596615
-359.2 -57.6 2517.6 -0.5619516969 0.0028053857 -0.8271653056 0.6171565056 0.6672453284 -0.4170149565 0.5507522821 -0.7448326945 -0.3766910136
-231.5 -197.9 2392.5 -0.9623273015 0.0028053857 0.2718791664 -0.2007047087 0.6672453284 -0.7172874212 -0.1834223717 -0.7448326945 -0.6415453553
-221.7 -31.0 2765.9 0.3230360746 0.4536095858 -0.8305937648 -0.1622823924 0.8911981583 0.4235920906 0.9323691130 -0.0020447830 0.3615019917
-115.4 -84.4 3072.4 -0.0006118658 0.4537060261 0.8911511898 -0.0266785752 0.8908267617 -0.4535591900 -0.9996438622 -0.0240521617 0.0115591642
-422.9 -425.8 2649.1 0.9642588496 -0.2649610043 0.0007391105 0.0063545625 0.0203369576 -0.9997729659 0.2648858130 0.9640446305 0.0212938022
-313.1 -434.2 2249.5 0.9642588496 -0.0368070789 -0.2623930573 0.0063545625 0.9932320118 -0.1159730628 0.2648858130 0.1101606563 0.9579666853
-330.6 -408.6 2806.9 0.6688715816 -0.7381773591 0.0877781138 -0.1047918499 -0.2105302066 -0.9719545841 0.7359548211 0.6409143806 -0.2181726545
-57.8 -330.8 2570.0 0.6688715816 -0.2533850074 -0.6988610625 -0.1047918499 0.8985887170 -0.4260950089 0.7359548211 0.3582377732 0.5744878054
13.5 -146.8 2439.2 0 0 0 0 0 0 0 0 0
-115.6 -91.2 2818.2 0 0 0 0 0 0 0 0 0
-299.3 -808.3 2208.0 0 0 0 0 0 0 0 0 0
70.2 -784.8 2389.1 0 0 0 0 0 0 0 0 0
-244.4 145.7 2599.4 3 0.5012101531 0.2284788936 -0.8346171379 0.0595057011 0.9531285167 0.2966565192 0.8632771373 -0.1983517259 0.4641219079
-290.7 -47.3 2639.6 0.5012101531 0.2284788936 -0.8346171379 0.0595057011 0.9531285167 0.2966565192 0.8632771373 -0.1983517259 0.4641219079
-334.1 -233.9 2680.2 0.5037578940 0.2212451994 -0.8350320458 0.0703037605 0.9529389143 0.2948979437 0.8609793186 -0.2072630525 0.4644961357
-362.5 -57.3 2516.9 -0.5683767796 -0.0566822737 -0.8208135962 0.6290995479 0.6130185127 -0.4779561162 0.5302655697 -0.7880326509 -0.3127667010
-233.9 -199.6 2397.0 -0.9614527225 -0.0566822737 0.2690646946 -0.2462307364 0.6130185127 -0.7507188320 -0.1223891750 -0.7880326509 -0.6033452153
-218.9 -37.3 2762.2 0.3423374891 0.4652300477 -0.8163124919 -0.1845784187 0.8851785064 0.4270711839 0.9212685823 0.0044711917 0.3889012337
-106.4 -97.9 3065.0 -0.0240803994 0.4648132622 0.8850812316 -0.0071089985 0.8852359653 -0.4650879204 -0.9996847510 -0.0174915437 -0.0180124789
-417.8 -425.5 2649.4 0.9680890441 -0.2501390576 0.0152987102 0.0208691712 0.0196322221 -0.9995894432 0.2497360259 0.9680108428 0.0242259353
-314.8 -433.6 2250.8 0.9680890441 -0.0515274219 -0.2452519685 0.0208691712 0.9918104410 -0.1260019243 0.2497360259 0.1168628708 0.9612361789
-331.9 -414.1 2798.6 0.6843330860 -0.7258023024 0.0699946061 -0.1276097745 -0.2137207985 -0.9685242176 0.7179164290 0.6538611650 -0.2388756722
-63.8 -335.2 2557.0 0.6843330860 -0.2329713553 -0.6909505129 -0.1276097745 0.8946970105 -0.4280572236 0.7179164290 0.3811057508 0.5825413465
10.2 -137.1 2428.0 0 0 0 0 0 0 0 0 0
-112.6 -99.7 2810.8 0 0 0 0 0 0 0 0 0
-295.4 -807.1 2206.7 0 0 0 0 0 0 0 0 0
53.9 -787.0 2364.6 0 0 0 0 0 0 0 0 0
-246.1 144.4 2600.3 4 0.5103830099 0.2163713872 -0.8322815895 0.0487321019 0.9589961767 0.2791980207 0.8585652709 -0.1830567569 0.4789111018
-289.8 -49.6 2637.4 0.5103830099 0.2163713872 -0.8322815895 0.0487321019 0.9589961767 0.2791980207 0.8585652709 -0.1830567569 0.4789111018
-330.5 -237.5 2674.8 0.5128211975 0.2076493353 -0.8330042958 0.0597627088 0.9593185186 0.2759282887 0.8564127684 -0.1912844628 0.4795491695
-362.9 -58.2 2515.4 -0.5561114550 -0.0915218666 -0.8260531425 0.6400606632 0.5868459344 -0.4959175587 0.5301532149 -0.8045095205 -0.2677721679
-237.2 -202.9 2395.5 -0.9577026963 -0.0915218666 0.2728172839 -0.2732100785 0.5868459344 -0.7622126341 -0.0903425962 -0.8045095205 -0.5870286226
-216.8 -41.1 2759.4 0.3552770913 0.4547644556 -0.8166807890 -0.1979758590 0.8904659152 0.4097267687 0.9135555625 0.0161165483 0.4063945115
-100.0 -106.2 3059.6 -0.0357392803 0.4540888071 0.8902393579 0.0116621414 0.8909372687 -0.4539766014 -0.9992930889 -0.0058426997 -0.0371371023
-422.9 -426.8 2643.0 0.9642796516 -0.2643767297 0.0164224897 0.0205464158 0.0128408493 -0.9997064471 0.2640882432 0.9643340111 0.0178141650
-315.8 -432.0 2252.3 0.9642796516 -0.0550798140 -0.2590964437 0.0205464158 0.9907480478 -0.1341497600 0.2640882432 0.1240343899 0.9564898610
-324.9 -419.9 2789.6 0.6939896345 -0.7156999111 0.0784352645 -0.1333333403 -0.2348101437 -0.9628532529 0.7075313926 0.6577521563 -0.2583824694
-60.5 -333.1 2546.7 0.6939896345 -0.2389747500 -0.6791682243 -0.1333333403 0.8843346834 -0.4474084675 0.7075313926 0.4010525942 0.5818558335
5.8 -133.5 2418.4 0 0 0 0 0 0 0 0 0
-109.1 -103.2 2805.6 0 0 0 0 0 0 0 0 0
-295.1 -805.2 2205.5 0 0 0 0 0 0 0 0 0
60.1 -779.7 2344.2 0 0 0 0 0 0 0 0 0
-245.5 141.9 2601.3 5 0.5102677345 0.2160865963 -0.8324262500 0.0397637263 0.9609568715 0.2738261223 0.8590958714 -0.1728249937 0.4817528725
-289.4 -53.4 2636.4 0.5102677345 0.2160865963 -0.8324262500 0.0397637263 0.9609568715 0.2738261223 0.8590958714 -0.1728249937 0.4817528725
-329.3 -241.8 2671.8 0.5129998922 0.2038111389 -0.8338418007 0.0522770993 0.9621823430 0.2673428357 0.8567953110 -0.1807376742 0.4829447865
-362.5 -60.9 2514.4 -0.5551472306 -0.1204497442 -0.8229844570 0.6286398172 0.5871365070 -0.5099830031 0.5446315408 -0.8004764318 -0.2502276897
-237.8 -202.1 2392.0 -0.9469167590 -0.1204497442 0.2980612814 -0.3100557327 0.5871365070 -0.7477540374 -0.0849358812 -0.8004764318 -0.5933155417
-216.3 -46.0 2758.5 0.3564981520 0.4512995183 -0.8180695772 -0.2067139149 0.8919997215 0.4020023644 0.9111412764 0.0257932693 0.4112861156
-99.1 -113.9 3058.0 -0.0362676308 0.4506109357 0.8919834495 0.0225859191 0.8927122355 -0.4500607848 -0.9990868568 0.0038236270 -0.0425540209
-417.6 -430.7 2634.9 0.9652425051 -0.2609724104 0.0141516784 0.0160372034 0.0050967732 -0.9998583794 0.2608633041 0.9653328061 0.0091048898
-314.5 -432.7 2253.6 0.9652425051 -0.0519908592 -0.2561324239 0.0160372034 0.9899497032 -0.1405075788 0.2608633041 0.1315162480 0.9563753605
-322.9 -425.5 2784.6 0.6948555708 -0.7144536972 0.0820468739 -0.1383823156 -0.2447912097 -0.9596497416 0.7057096362 0.6554641128 -0.2689622939
-59.0 -335.1 2542.5 0.6948555708 -0.2423218042 -0.6770937443 -0.1383823156 0.8788713217 -0.4565474391 0.7057096362 0.4109323025 0.5771555305
2.9 -123.3 2413.6 0 0 0 0 0 0 0 0 0
-108.3 -108.2 2804.0 0 0 0 0 0 0 0 0 0
-294.9 -805.5 2204.0 0 0 0 0 0 0 0 0 0
63.4 -779.0 2334.9 0 0 0 0 0 0 0 0 0
-244.0 143.4 2602.8 6 0.4929905832 0.2194969356 -0.8418915868 0.0433213413 0.9602596760 0.2757256031 0.8689554334 -0.1724019945 0.4638900757
-288.7 -52.2 2637.9 0.4929905832 0.2194969356 -0.8418915868 0.0433213413 0.9602596760 0.2757256031 0.8689554334 -0.1724019945 0.4638900757
-328.8 -240.7 2672.8 0.4955819845 0.2046820074 -0.8440994024 0.0550677739 0.9624767900 0.2657178640 0.8668137193 -0.1781676561 0.4657147527
-359.3 -60.1 2514.4 -0.5300036669 -0.1762902290 -0.8294684291 0.6305003762 0.5721822381 -0.5244776607 0.5670673847 -0.8009552360 -0.1921076179
-242.5 -199.0 2389.5 -0.9398649931 -0.1762902290 0.2925330698 -0.3396664262 0.5721822381 -0.7464812398 -0.0357848592 -0.8009552360 -0.5976538658
-218.1 -44.4 2761.4 0.3387107253 0.4482081234 -0.8272753358 -0.2043566555 0.8933024406 0.4003112316 0.9184298515 0.0334695205 0.3941654563
-106.7 -111.6 3063.3 -0.0162768364 0.4479582608 0.8939062953 0.0209595207 0.8939811587 -0.4476141334 -0.9996477962 0.0114501063 -0.0239401758
-415.6 -435.0 2629.8 0.9650786519 -0.2613604963 0.0177154448 0.0172374453 -0.0041213948 -0.9998429418 0.2613924444 0.9652324915 0.0005277169
-313.6 -433.4 2252.9 0.9650786519 -0.0513278916 -0.2568824291 0.0172374453 0.9909338951 -0.1332401484 0.2613924444 0.1241592318 0.9572139382
-324.1 -424.3 2786.0 0.6809928417 -0.7267153263 0.0901862979 -0.1352262199 -0.2458347231 -0.9598329067 0.7196962237 0.6414437890 -0.2656826675
-55.6 -333.4 2549.1 0.6809928417 -0.2529773116 -0.6872053742 -0.1352262199 0.8788512945 -0.4575306475 0.7196962237 0.4045032859 0.5642822385
-4.5 -113.0 2398.5 0 0 0 0 0 0 0 0 0
-110.9 -106.2 2809.2 0 0 0 0 0 0 0 0 0
-294.3 -806.6 2206.2 0 0 0 0 0 0 0 0 0
72.1 -777.4 2344.8 0 0 0 0 0 0 0 0 0
-245.6 142.0 2603.5 7 0.4991726577 0.2157491446 -0.8392133117 0.0464956872 0.9604419470 0.2745713294 0.8652541637 -0.1760783046 0.4693949521
-289.4 -52.9 2639.3 0.4991726577 0.2157491446 -0.8392133117 0.0464956872 0.9604419470 0.2745713294 0.8652541637 -0.1760783046 0.4693949521
-329.7 -241.1 2675.8 0.5021761656 0.2055233270 -0.8399876952 0.0601924248 0.9606842399 0.2710399628 0.8626679778 -0.1866706908 0.4700617492
-361.0 -61.5 2516.4 -0.5234205127 -0.2172360271 -0.8239171505 0.6206866503 0.5652603507 -0.5433495641 0.5837628245 -0.7957947254 -0.1610333622
-244.5 -199.6 2386.5 -0.9262198210 -0.2172360271 0.3080995977 -0.3766959608 0.5652603507 -0.7338806987 -0.0147311762 -0.7957947254 -0.6053872705
