-262.3 110.6 2696.0 2 0.4842190742 0.1100344211 -0.8680001497 -0.2610206008 0.9650526047 -0.0232743565 0.8351048827 0.2378358096 0.4960181415
-284.9 -87.8 2647.1 0.4842190742 0.1100344211 -0.8680001497 -0.2610206008 0.9650526047 -0.0232743565 0.8351048827 0.2378358096 0.4960181415
-302.4 -280.7 2602.4 0.4865161180 0.0879395977 -0.8692345619 -0.2385631353 0.9704836607 -0.0353424400 0.8404698968 0.2245619893 0.4931350946
-356.0 -53.0 2524.4 -0.4120004475 0.3627659082 -0.8358567357 0.7984445095 0.5857188702 -0.1393547803 0.4390239418 -0.7247994542 -0.5309649110
-253.8 -251.1 2415.5 -0.8421135545 0.3627659082 0.3990558982 -0.1270198971 0.5857188702 -0.8004994392 -0.5241284966 -0.7247994542 -0.4471633434
-213.9 -122.6 2769.8 0.3460879922 0.6001062989 -0.7211765051 -0.3444609642 0.7962719798 0.4972902238 0.8726796508 0.0763109699 0.4822933674
-88.5 -247.4 3086.0 -0.1676217914 0.5974590778 0.7841846347 0.1984472722 0.7996053100 -0.5667892098 -0.9656715989 0.0606130809 -0.2525953948
-364.2 -453.2 2483.8 0.7295526266 -0.6116262674 -0.3060494065 -0.1674172580 0.2741677463 -0.9469971061 0.6631171703 0.7421221733 0.0976229981
-136.7 -555.2 2207.8 0.7295526266 0.4749255478 -0.4921368361 -0.1674172580 0.8216980100 0.5447787046 0.6631171703 -0.3150525689 0.6789826751
-278.9 -496.1 2640.3 0.4226174057 -0.8914210200 -0.1635943502 -0.1861177683 0.0912968367 -0.9782765508 0.8869919181 0.4438845217 -0.1273256540
62.5 -531.1 2470.3 0.4226174057 0.5882132053 -0.6894924045 -0.1861177683 0.8008831739 0.5691628456 0.8869919181 -0.1122113317 0.4479441047
-15.4 -215.1 2563.8 0 0 0 0 0 0 0 0 0
-130.0 -198.2 2846.6 0 0 0 0 0 0 0 0 0
-318.2 -869.2 2328.1 0 0 0 0 0 0 0 0 0
-162.2 -837.0 2513.2 0 0 0 0 0 0 0 0 0
-262.6 109.5 2696.4 3 0.4896452725 0.1097530797 -0.8649865389 -0.2660008371 0.9635568261 -0.0283157267 0.8303560019 0.2439518124 0.5009954572
-285.0 -87.7 2646.4 0.4896452725 0.1097530797 -0.8649865389 -0.2660008371 0.9635568261 -0.0283157267 0.8303560019 0.2439518124 0.5009954572
-302.7 -280.3 2600.6 0.4919152856 0.0888788924 -0.8660945892 -0.2439150363 0.9690082073 -0.0390963815 0.8357779384 0.2304856032 0.4983488619
-356.9 -52.1 2524.4 -0.4323945642 0.3273099959 -0.8401803970 0.7991403937 0.5706756711 -0.1889547706 0.4176237583 -0.7531251311 -0.5083236694
-248.7 -252.0 2419.9 -0.8677203655 0.3273099959 0.3740716279 -0.1339986324 0.5706756711 -0.8101688623 -0.4786499441 -0.7531251311 -0.4513278306
-213.2 -123.3 2768.5 0.3517341614 0.6001997590 -0.7183615565 -0.3501378000 0.7960490584 0.4936693311 0.8681512475 0.0778851658 0.4901502728
-85.7 -250.2 3083.1 -0.1737778336 0.5974570513 0.7828450203 0.2048708498 0.7994807959 -0.5646755099 -0.9632388949 0.0622540414 -0.2613335848
-364.5 -451.6 2480.8 0.7258637547 -0.6186595559 -0.3006361723 -0.1606220007 0.2725358605 -0.9486436844 0.6688216329 0.7368748188 0.0984535515
-135.7 -552.4 2208.3 0.7258637547 0.4737513661 -0.4986796975 -0.1606220007 0.8216959834 0.5468237996 0.6688216329 -0.3168206215 0.6725342274
-275.3 -495.3 2634.8 0.4228026271 -0.8946137428 -0.1445826292 -0.1377463639 0.0942474753 -0.9859732985 0.8956918120 0.4367878437 -0.0833817199
65.6 -531.3 2468.4 0.4228026271 0.5880262256 -0.6895383000 -0.1377463639 0.7937531471 0.5924372077 0.8956918120 -0.1555026174 0.4165994227
-4.3 -214.3 2554.7 0 0 0 0 0 0 0 0 0
-128.8 -199.4 2844.2 0 0 0 0 0 0 0 0 0
-316.8 -866.4 2329.3 0 0 0 0 0 0 0 0 0
-158.9 -834.2 2527.7 0 0 0 0 0 0 0 0 0
-263.1 109.1 2695.6 4 0.4803013206 0.1024460346 -0.8711001277 -0.2597217560 0.9652270675 -0.0296877734 0.8377680182 0.2405027449 0.4902072847
-284.0 -88.1 2646.4 0.4803013206 0.1024460346 -0.8711001277 -0.2597217560 0.9652270675 -0.0296877734 0.8377680182 0.2405027449 0.4902072847
-299.9 -280.8 2600.8 0.4822290838 0.0797192529 -0.8724104166 -0.2392425090 0.9699801207 -0.0436074659 0.8427444100 0.2297464609 0.4868248403
-354.5 -53.1 2523.3 -0.4348118603 0.2926163971 -0.8516538739 0.7996830940 0.5603159666 -0.2157614380 0.4140599072 -0.7748687863 -0.4776324034
-245.4 -253.6 2419.5 -0.8866385818 0.2926163971 0.3581167758 -0.1444946080 0.5603159666 -0.8155779243 -0.4393100142 -0.7748687863 -0.4545162618
-213.6 -123.0 2769.5 0.3422618210 0.5941316485 -0.7279179096 -0.3463500440 0.7999290228 0.4900563061 0.8734406233 0.0843868330 0.4795626700
-89.5 -248.6 3086.1 -0.1621515900 0.5915784240 0.7897732854 0.2020417899 0.8033131361 -0.5602384210 -0.9658602476 0.0687236488 -0.2497820705
-365.5 -450.5 2478.2 0.7154138088 -0.6243435144 -0.3136530221 -0.1667853743 0.2833309174 -0.9444078803 0.6785025597 0.7279551625 0.0985674858
-133.7 -555.7 2207.9 0.7154138088 0.4927080572 -0.4954006672 -0.1667853743 0.8089604974 0.5637069941 0.6785025597 -0.3206581771 0.6609180570
-275.3 -495.2 2631.4 0.4161283076 -0.8940406442 -0.1659171879 -0.1806867123 0.0975271016 -0.9786934257 0.8911731243 0.4372410476 -0.1209574789
67.2 -532.5 2463.9 0.4161283076 0.5997295976 -0.6834922433 -0.1806867123 0.7912112474 0.5842406154 0.8911731243 -0.1196210757 0.4376085699
4.2 -212.9 2543.3 0 0 0 0 0 0 0 0 0
-129.8 -198.5 2846.6 0 0 0 0 0 0 0 0 0
-321.9 -864.7 2330.4 0 0 0 0 0 0 0 0 0
-161.7 -834.5 2509.6 0 0 0 0 0 0 0 0 0
-263.8 109.6 2695.7 5 0.4801928103 0.1035378128 -0.8710308671 -0.2574620843 0.9659076929 -0.0271212813 0.8385273814 0.2372808605 0.4904790223
-284.9 -87.1 2647.4 0.4801928103 0.1035378128 -0.8710308671 -0.2574620843 0.9659076929 -0.0271212813 0.8385273814 0.2372808605 0.4904790223
-301.4 -279.7 2601.6 0.4817498922 0.0829060078 -0.8723781705 -0.2412981242 0.9695799947 -0.0411075577 0.8424323797 0.2303067744 0.4871001244
-355.3 -51.8 2524.3 -0.3858800828 0.2667724490 -0.8831359148 0.8049428463 0.5650643110 -0.1810229123 0.4507366717 -0.7807270885 -0.4327836633
-258.5 -253.7 2411.3 -0.8978174925 0.2667724490 0.3503658175 -0.1487887800 0.5650643110 -0.8115196824 -0.4144703150 -0.7807270885 -0.4676319063
-214.6 -122.3 2770.4 0.3414572179 0.5967154503 -0.7261801958 -0.3479607105 0.7979753613 0.4920962155 0.8731153011 0.0846523792 0.4801079631
-90.8 -248.5 3086.9 -0.1618357599 0.5941689014 0.7878911495 0.2031380981 0.8013752699 -0.5626122952 -0.9656832218 0.0689999238 -0.2503895164
-359.9 -451.6 2477.9 0.7185418010 -0.6130726337 -0.3283894360 -0.1788258404 0.2934366465 -0.9391039610 0.6721004844 0.7335099578 0.1012132540
-136.0 -558.8 2209.9 0.7185418010 0.4921013713 -0.4914610386 -0.1788258404 0.8136138916 0.5532212257 0.6721004844 -0.3096266389 0.6726160049
-271.5 -495.5 2632.4 0.4511712193 -0.8818003535 -0.1373778880 -0.1158739850 0.0947507247 -0.9887343049 0.8848829269 0.4620069861 -0.0594289228
67.7 -532.0 2454.7 0.4511712193 0.5843461156 -0.6745251417 -0.1158739850 0.7877821922 0.6049565673 0.8848829269 -0.1947790831 0.4231351614
-4.3 -211.6 2528.6 0 0 0 0 0 0 0 0 0
-130.9 -198.1 2847.4 0 0 0 0 0 0 0 0 0
-324.0 -869.7 2328.2 0 0 0 0 0 0 0 0 0
-154.8 -831.9 2528.9 0 0 0 0 0 0 0 0 0
-263.8 110.0 2695.2 6 0.4969215393 0.1016909555 -0.8618166447 -0.2647792399 0.9635209441 -0.0389794447 0.8264145255 0.2475608736 0.5057199597
-284.6 -86.5 2644.7 0.4969215393 0.1016909555 -0.8618166447 -0.2647792399 0.9635209441 -0.0389794447 0.8264145255 0.2475608736 0.5057199597
-300.5 -278.7 2596.8 0.4984615445 0.0800528228 -0.8632077575 -0.2484194487 0.9671597481 -0.0537572503 0.8305563331 0.2412335128 0.5019786358
-357.4 -50.3 2523.4 -0.3551141620 0.2728900611 -0.8941056728 0.8085184693 0.5697565079 -0.1472258717 0.4692460299 -0.7751829028 -0.4229652286
-268.5 -252.6 2406.0 -0.8964348435 0.2728900611 0.3491927683 -0.1418750882 0.5697565079 -0.8094745278 -0.4198523760 -0.7751829028 -0.4720332623
-211.7 -122.8 2766.0 0.3595409095 0.5923712850 -0.7209900022 -0.3564492166 0.8012516499 0.4805619419 0.8623655438 0.0842146650 0.4992330074
-81.4 -252.0 3078.6 -0.1805730611 0.5895188451 0.7873124480 0.2141441703 0.8048323393 -0.5535225272 -0.9599664807 0.0686471239 -0.2715730667
-362.1 -450.3 2478.6 0.7260805964 -0.6124148369 -0.3126580119 -0.1574613452 0.2945316434 -0.9425799847 0.6693376303 0.7336205840 0.1174220592
-136.1 -558.9 2207.9 0.7260805964 0.4790185392 -0.4933033288 -0.1574613452 0.8141853809 0.5588453412 0.6693376303 -0.3280905485 0.6665911078
-273.7 -494.5 2633.1 0.4377833903 -0.8874099255 -0.1443928480 -0.1317280382 0.0955585837 -0.9866693020 0.8893781304 0.4509680271 -0.0750628114
65.4 -531.1 2460.7 0.4377833903 0.5812721252 -0.6859070063 -0.1317280382 0.7961342335 0.5906081796 0.8893781304 -0.1682052761 0.4251041710
-12.3 -212.0 2526.0 0 0 0 0 0 0 0 0 0
-126.2 -198.9 2840.5 0 0 0 0 0 0 0 0 0
-319.1 -870.0 2333.3 0 0 0 0 0 0 0 0 0
-156.2 -834.6 2524.9 0 0 0 0 0 0 0 0 0
-262.4 109.8 2695.5 7 0.4829885960 0.1111881807 -0.8685385585 -0.2548834682 0.9668047428 -0.0179710388 0.8377090693 0.2300559282 0.4952957034
-285.1 -87.1 2648.6 0.4829885960 0.1111881807 -0.8685385585 -0.2548834682 0.9668047428 -0.0179710388 0.8377090693 0.2300559282 0.4952957034
-303.1 -280.1 2605.1 0.4850682020 0.0903762057 -0.8697936535 -0.2348847538 0.9715589285 -0.0300408229 0.8423407674 0.2188731134 0.4925003052
-355.9 -52.8 2525.6 -0.3716544807 0.2529164255 -0.8932559490 0.8059848547 0.5653965473 -0.1752575040 0.4607183337 -0.7850860357 -0.4139789343
-264.3 -251.6 2412.0 -0.9093045592 0.2529164255 0.3304519951 -0.1382477134 0.5653965473 -0.8131508827 -0.3924956322 -0.7850860357 -0.4791525006
-214.2 -121.3 2771.6 0.3444500566 0.6021555066 -0.7202519774 -0.3401201963 0.7951232195 0.5020928979 0.8750270605 0.0720263124 0.4786854982
-89.4 -244.6 3088.7 -0.1662964076 0.5995390415 0.7828782797 0.1931482852 0.7983585000 -0.5703660846 -0.9669742584 0.0563617684 -0.2485640943
-362.1 -448.1 2472.7 0.7227343321 -0.6199209094 -0.3055375516 -0.1507312506 0.2900593281 -0.9450638294 0.6744888425 0.7290841341 0.1161943674
-136.1 -553.9 2206.8 0.7227343321 0.4727931321 -0.5041049123 -0.1507312506 0.8196679354 0.5526522398 0.6744888425 -0.3234363794 0.6636668444
-270.7 -493.7 2625.0 0.4027680457 -0.9000839591 -0.1662128866 -0.1737569720 0.1031028703 -0.9793764949 0.8986580968 0.4233421981 -0.1148693338
63.7 -532.0 2467.7 0.4027680457 0.5983977914 -0.6926023364 -0.1737569720 0.7929199934 0.5840260386 0.8986580968 -0.1148825437 0.4233386219
-4.0 -212.0 2524.3 0 0 0 0 0 0 0 0 0
-130.6 -196.7 2849.0 0 0 0 0 0 0 0 0 0
-316.7 -867.1 2330.4 0 0 0 0 0 0 0 0 0
-164.4 -834.2 2511.5 0 0 0 0 0 0 0 0 0
-262.3 110.7 2695.6 8 0.4784227014 0.1105047837 -0.8711488843 -0.2542169094 0.9669986963 -0.0169490650 0.8405268788 0.2295695990 0.4907263219
-284.8 -86.5 2648.8 0.4784227014 0.1105047837 -0.8711488843 -0.2542169094 0.9669986963 -0.0169490650 0.8405268788 0.2295695990 0.4907263219
-302.6 -279.5 2605.1 0.4803542793 0.0893475860 -0.8725117445 -0.2354822755 0.9714103341 -0.0301677901 0.8448715210 0.2199522853 0.4876608551
-355.0 -52.1 2525.4 -0.4171444774 0.2869106531 -0.8623646498 0.8070479035 0.5532711744 -0.2063120306 0.4179283679 -0.7820315361 -0.4623446763
-251.0 -253.2 2421.3 -0.8930639625 0.2869106531 0.3465819061 -0.1408695877 0.5532711744 -0.8210034966 -0.4273084402 -0.7820315361 -0.4536895752
-214.6 -120.9 2772.2 0.3394577503 0.6019378304 -0.7227995992 -0.3407959938 0.7949241996 0.5019497871 0.8767134547 0.0759364665 0.4749811888
-91.6 -244.4 3090.0 -0.1608176529 0.5994096994 0.7841209769 0.1938304752 0.7981711030 -0.5703969002 -0.9677641392 0.0602566525 -0.2445438802
-365.6 -451.5 2484.4 0.7287337780 -0.6067863703 -0.3174231052 -0.1739700586 0.2842791378 -0.9428254366 0.6623303890 0.7422907948 0.1016011462
-138.5 -557.9 2206.6 0.7287337780 0.4788546860 -0.4895358086 -0.1739700586 0.8208656907 0.5439797044 0.6623303890 -0.3112517893 0.6814989448
-276.6 -494.6 2638.9 0.4275330305 -0.8892883658 -0.1624243259 -0.1775319278 0.0935795009 -0.9796556830 0.8863960505 0.4476706684 -0.1178687513
65.6 -530.6 2466.6 0.4275330305 0.5976121426 -0.6782884598 -0.1775319278 0.7912128568 0.5852047801 0.8863960505 -0.1297765374 0.4443648756
3.0 -213.2 2542.8 0 0 0 0 0 0 0 0 0
-131.5 -196.3 2850.0 0 0 0 0 0 0 0 0 0
-321.4 -871.6 2325.5 0 0 0 0 0 0 0 0 0
-162.4 -832.5 2516.1 0 0 0 0 0 0 0 0 0
-261.2 110.5 2695.7 9 0.4935495257 0.1083383337 -0.8629435897 -0.2552770376 0.9665535092 -0.0246563815 0.8314099312 0.2324588448 0.5046983361
-283.3 -86.7 2648.3 0.4935495257 0.1083383337 -0.8629435897 -0.2552770376 0.9665535092 -0.0246563815 0.8314099312 0.2324588448 0.5046983361
-301.0 -279.5 2603.5 0.4951687157 0.0889855847 -0.8642277122 -0.2393844873 0.9702096581 -0.0372598991 0.8351664543 0.2253326476 0.5017192364
-355.6 -51.7 2526.3 -0.4991372526 0.3615457118 -0.7874939442 0.7819494009 0.5795346498 -0.2295532823 0.3733859956 -0.7303590178 -0.5719777942
-227.9 -251.8 2430.8 -0.8282944560 0.3615457118 0.4280338883 -0.1599790156 0.5795346498 -0.7990909219 -0.5369683504 -0.7303590178 -0.4221855700
-211.0 -121.6 2770.3 0.3552128077 0.5998683572 -0.7169252038 -0.3455460668 0.7968794703 0.4955613315 0.8685745597 0.0717009753 0.4903439581
-82.2 -246.9 3085.1 -0.1774988174 0.5970672369 0.7823073864 0.1999582499 0.8002288938 -0.5653763413 -0.9635927081 0.0560751855 -0.2614282072
-364.4 -450.9 2483.9 0.7276335955 -0.6082907319 -0.3170673251 -0.1725301296 0.2850745022 -0.9428498745 0.6639146805 0.7407529354 0.1024813056
-136.5 -557.7 2206.4 0.7276335955 0.4844087362 -0.4856927991 -0.1725301296 0.8145174384 0.5538905263 0.6639146805 -0.3192327321 0.6762453318
-276.3 -494.1 2638.9 0.4200116992 -0.8912577033 -0.1710259765 -0.2061113715 0.0898479298 -0.9743949175 0.8838033080 0.4445076585 -0.1459611654
67.3 -528.7 2467.5 0.4200116992 0.6022952795 -0.6788450480 -0.2061113715 0.7917842269 0.5749746561 0.8838033080 -0.1015784070 0.4566985369
6.0 -206.6 2582.4 0 0 0 0 0 0 0 0 0
-126.3 -197.3 2846.1 0 0 0 0 0 0 0 0 0
-321.6 -868.9 2328.4 0 0 0 0 0 0 0 0 0
-162.6 -831.0 2506.2 0 0 0 0 0 0 0 0 0
-260.3 112.2 2695.7 00 0.4847514927 0.1178460866 -0.8666765690 -0.2557007372 0.9666867256 -0.0115741687 0.8364407420 0.2272204310 0.4987361431
-284.4 -85.0 2649.4 0.4847514927 0.1178460866 -0.8666765690 -0.2557007372 0.9666867256 -0.0115741687 0.8364407420 0.2272204310 0.4987361431
-303.7 -278.1 2606.4 0.4869289994 0.0972517058 -0.8680105209 -0.2360802889 0.9714471102 -0.0235935524 0.8409317732 0.2164085656 0.4959849715
-355.5 -50.6 2526.5 -0.5730041862 0.4381313920 -0.6926088929 0.7519825101 0.6170975566 -0.2317604125 0.3258657455 -0.6536294818 -0.6830666065
-208.0 -244.2 2442.6 -0.7451394200 0.4381313920 0.5028002858 -0.1573953629 0.6170975566 -0.7709846497 -0.6480693817 -0.6536294818 -0.3908638656
-213.3 -119.5 2772.2 0.3456857800 0.6073915362 -0.7152460217 -0.3404605091 0.7914827466 0.5075842142 0.8744072318 0.0680483803 0.4803971648
-88.0 -242.9 3089.1 -0.1688078344 0.6047331095 0.7783327103 0.1921677142 0.7947041988 -0.5757749677 -0.9667344689 0.0523750931 -0.2503624558
-364.1 -450.3 2482.1 0.7261157632 -0.6100556254 -0.3171561956 -0.1673057079 0.2906405926 -0.9420917630 0.6669068336 0.7371296883 0.1089729220
-138.4 -557.9 2209.4 0.7261157632 0.4772761166 -0.4949378073 -0.1673057079 0.8208432198 0.5461000204 0.6669068336 -0.3137259185 0.6758782268
-273.3 -494.2 2635.3 0.4117978513 -0.8921513557 -0.1857107878 -0.2246376425 0.0981216654 -0.9694895744 0.8831537366 0.4409513474 -0.1600044817
68.2 -531.7 2466.5 0.4117978513 0.6157885194 -0.6717343330 -0.2246376425 0.7829849720 0.5800624490 0.8831537366 -0.0879716501 0.4607608020
3.0 -199.7 2626.1 0 0 0 0 0 0 0 0 0
-129.8 -195.3 2849.4 0 0 0 0 0 0 0 0 0
-320.7 -871.5 2329.2 0 0 0 0 0 0 0 0 0
-166.9 -830.7 2500.1 0 0 0 0 0 0 0 0 0
-260.0 112.5 2696.2 01 0.4974436462 0.1183199510 -0.8593894243 -0.2709363103 0.9622895122 -0.0243399516 0.8241015673 0.2449475527 0.5107419491
-284.1 -84.0 2646.2 0.4974436462 0.1183199510 -0.8593894243 -0.2709363103 0.9622895122 -0.0243399516 0.8241015673 0.2449475527 0.5107419491
-303.5 -276.1 2599.2 0.4994464517 0.0970988572 -0.8608862162 -0.2530016899 0.9667293429 -0.0377430655 0.8285791278 0.2366563082 0.5073956847
-357.1 -47.1 2525.2 -0.4405488968 0.4020502567 -0.8026657104 0.7891664505 0.5996556282 -0.1327759475 0.4279404283 -0.6919311285 -0.5814622045
-248.7 -241.2 2419.9 -0.8136471510 0.4020502567 0.4199213386 -0.1125931293 0.5996556282 -0.7922978401 -0.5703517795 -0.6919311285 -0.4426400065
-211.2 -120.9 2767.2 0.3590648472 0.6056832671 -0.7100846171 -0.3585972786 0.7919529080 0.4941847324 0.8616730571 0.0771900564 0.5015588403
-81.1 -250.9 3079.5 -0.1829954088 0.6027982831 0.7766253352 0.2130467594 0.7955081463 -0.5672547221 -0.9597519040 0.0616525039 -0.2739985585
-367.7 -449.4 2486.2 0.7255740762 -0.6105070114 -0.3175271451 -0.1683955044 0.2898733616 -0.9421339631 0.6672220230 0.7370581031 0.1075179502
-137.9 -558.6 2208.8 0.7255740762 0.4808038175 -0.4923108518 -0.1683955044 0.8177239895 0.5504274964 0.6672220230 -0.3164729476 0.6742845178
-278.4 -492.7 2640.5 0.4357855618 -0.8854724765 -0.1613363177 -0.1528426409 0.1038444489 -0.9827794433 0.8869780898 0.4529401660 -0.0900840461
69.2 -533.5 2462.6 0.4357855618 0.6086224914 -0.6630758643 -0.1528426409 0.7760511637 0.6118690372 0.8869780898 -0.1652974188 0.4312153459
-34.3 -211.6 2570.2 0 0 0 0 0 0 0 0 0
-126.4 -198.1 2841.5 0 0 0 0 0 0 0 0 0
-321.6 -871.0 2329.7 0 0 0 0 0 0 0 0 0
-162.6 -829.0 2525.6 0 0 0 0 0 0 0 0 0
-261.4 112.3 2696.0 02 0.4694452286 0.1184073463 -0.8749862313 -0.2625922263 0.9648517370 -0.0103168851 0.8430103660 0.2346077859 0.4840379059
-285.6 -85.3 2648.0 0.4694452286 0.1184073463 -0.8749862313 -0.2625922263 0.9648517370 -0.0103168851 0.8430103660 0.2346077859 0.4840379059
-305.2 -278.0 2603.7 0.4716742039 0.0984642208 -0.8762580752 -0.2427075058 0.9698576331 -0.0216632485 0.8477125168 0.2228924036 0.4813548326
-354.5 -49.9 2524.2 -0.3817645907 0.3570933640 -0.8524905443 0.8045524359 0.5823725462 -0.1163511276 0.4549188912 -0.7302920818 -0.5096295476
-262.1 -244.6 2414.1 -0.8539846539 0.3570933640 0.3784105778 -0.1131876186 0.5823725462 -0.8050035834 -0.5078373551 -0.7302920818 -0.4569186866
-216.7 -120.7 2771.7 0.3293834031 0.6100977063 -0.7206159830 -0.3465225399 0.7880594134 0.5088069439 0.8783101439 0.0821171254 0.4709862769
-97.4 -246.2 3089.8 -0.1517331004 0.6077129245 0.7795268297 0.1977667361 0.7913765907 -0.5784561038 -0.9684345126 0.0663935319 -0.2402634323
-368.6 -444.9 2476.2 0.7120395899 -0.6253804564 -0.3192161620 -0.1564977020 0.3018424511 -0.9404252172 0.6844764948 0.7195765972 0.1170531660
-136.0 -557.2 2208.6 0.7120395899 0.4838679433 -0.5087941289 -0.1564977020 0.8157739639 0.5567955375 0.6844764948 -0.3168353736 0.6565876007
-277.0 -491.3 2628.1 0.4122430980 -0.8952479959 -0.1690759063 -0.1686778665 0.1073727384 -0.9798055291 0.8953230977 0.4324374199 -0.1067448556
70.2 -532.9 2460.4 0.4122430980 0.6231784821 -0.6646083593 -0.1686778665 0.7690721750 0.6165028811 0.8953230977 -0.1420443207 0.4221611023
-38.2 -215.0 2547.2 0 0 0 0 0 0 0 0 0
-135.0 -197.2 2849.8 0 0 0 0 0 0 0 0 0
-320.9 -868.9 2329.7 0 0 0 0 0 0 0 0 0
-167.4 -826.2 2514.6 0 0 0 0 0 0 0 0 0
-261.7 110.7 2696.4 03 0.4588085711 0.1207676679 -0.8802896738 -0.2663213611 0.9638618827 -0.0065741627 0.8476836681 0.2374562174 0.4743911028
-286.4 -86.5 2647.8 0.4588085711 0.1207676679 -0.8802896738 -0.2663213611 0.9638618827 -0.0065741627 0.8476836681 0.2374562174 0.4743911028
-306.5 -278.9 2602.5 0.4608463943 0.1009257957 -0.8817225099 -0.2485595047 0.9684290290 -0.0190630089 0.8519617319 0.2279456407 0.4713830948
-353.7 -50.2 2523.4 -0.4243349433 0.3246752918 -0.8452962637 0.8068825603 0.5592362285 -0.1902507842 0.4109506011 -0.7627848983 -0.4992783070
-248.7 -249.9 2421.7 -0.8724746108 0.3246752918 0.3652041256 -0.1343155354 0.5592362285 -0.8180550933 -0.4698376656 -0.7627848983 -0.4443104863
-219.1 -122.8 2772.2 0.3176553249 0.6131910086 -0.7232509255 -0.3518076837 0.7845306993 0.5106299520 0.8805262446 0.0922409222 0.4649356604
-104.0 -250.3 3091.3 -0.1397534013 0.6110023260 0.7791951895 0.2024952769 0.7879225612 -0.5815270543 -0.9692598581 0.0765129551 -0.2338399440
-368.1 -448.4 2481.7 0.7156476378 -0.6201931238 -0.3212614059 -0.1687713712 0.2927797139 -0.9411674738 0.6777644753 0.7277640700 0.1048562601
-135.5 -558.2 2208.7 0.7156476378 0.4900462329 -0.4976978302 -0.1687713712 0.8127731085 0.5575985312 0.6777644753 -0.3150469363 0.6643649340
-281.6 -492.9 2637.1 0.4384189546 -0.8832781911 -0.1661579460 -0.1545779109 0.1080145687 -0.9820582867 0.8853781819 0.4562373459 -0.0891796574
67.4 -535.5 2456.8 0.4384189546 0.6137641668 -0.6565686464 -0.1545779109 0.7711251378 0.6176339388 0.8853781819 -0.1692914367 0.4329502583
-21.2 -214.8 2544.2 0 0 0 0 0 0 0 0 0
-138.7 -200.1 2850.9 0 0 0 0 0 0 0 0 0
-322.7 -868.8 2329.1 0 0 0 0 0 0 0 0 0
-166.8 -829.8 2521.4 0 0 0 0 0 0 0 0 0
-262.5 111.0 2696.1 04 0.4611288607 0.1154964566 -0.8797844648 -0.2567797899 0.9664391279 -0.0077158362 0.8493670225 0.2294688672 0.4753101468
-286.2 -86.8 2649.1 0.4611288607 0.1154964566 -0.8797844648 -0.2567797899 0.9664391279 -0.0077158362 0.8493670225 0.2294688672 0.4753101468
-305.0 -279.9 2606.2 0.4635121822 0.0945692956 -0.8810296059 -0.2347887754 0.9718567133 -0.0192044061 0.8544183373 0.2157573253 0.4726712108
-353.9 -52.6 2524.3 -0.4653446972 0.2868435979 -0.8373619318 0.7974784374 0.5463294387 -0.2560317516 0.3840344250 -0.7869211435 -0.4829831123
-237.6 -251.8 2428.4 -0.8916643858 0.2868435979 0.3502219021 -0.1480442733 0.5463294387 -0.8243828416 -0.4278054833 -0.7869211435 -0.4446769655
-218.5 -121.1 2773.9 0.3210400343 0.6079304218 -0.7261914015 -0.3386607170 0.7897716165 0.5114389062 0.8844445944 0.0817401335 0.4594304562
-102.1 -243.9 3094.4 -0.1422037631 0.6057043076 0.7828795314 0.1894838810 0.7929481268 -0.5790760517 -0.9715317488 0.0659962595 -0.2275314182
-368.8 -448.6 2479.1 0.7124326825 -0.6263624430 -0.3164013624 -0.1631108373 0.2907234132 -0.9428015351 0.6825207472 0.7232910991 0.1049543470
-134.1 -557.5 2208.0 0.7124326825 0.4892751575 -0.5030403137 -0.1631108373 0.8126718402 0.5594276786 0.6825207472 -0.3165031970 0.6587800384
-279.9 -493.9 2642.6 0.4473929107 -0.8817982674 -0.1492360681 -0.1199477613 0.1061974689 -0.9870839119 0.8862573504 0.4595148861 -0.0582577325
69.5 -536.0 2460.5 0.4473929107 0.6004275680 -0.6628169417 -0.1199477613 0.7747148871 0.6208295822 0.8862573504 -0.1982513517 0.4186218977
-6.4 -213.4 2539.3 0 0 0 0 0 0 0 0 0
-137.4 -196.9 2853.5 0 0 0 0 0 0 0 0 0
-321.0 -868.1 2328.9 0 0 0 0 0 0 0 0 0
-159.7 -831.7 2536.2 0 0 0 0 0 0 0 0 0
-260.6 112.4 2695.4 05 0.4519028068 0.1221931204 -0.8836587071 -0.2565358877 0.9665315747 0.0024604816 0.8543846607 0.2255782634 0.4681252539
-285.6 -85.3 2649.3 0.4519028068 0.1221931204 -0.8836587071 -0.2565358877 0.9665315747 0.0024604816 0.8543846607 0.2255782634 0.4681252539
-306.0 -278.4 2607.1 0.4543438852 0.1023164466 -0.8849310279 -0.2354600430 0.9718466401 -0.0085248882 0.8591450453 0.2122391313 0.4656440318
-352.0 -50.9 2523.8 -0.4932618141 0.3018833399 -0.8158181310 0.7897927761 0.5484905243 -0.2745642364 0.3645821214 -0.7797593474 -0.5089747310
-226.2 -252.3 2430.8 -0.8820153475 0.3018833399 0.3618222773 -0.1497360468 0.5484905243 -0.8226404190 -0.4467975497 -0.7797593474 -0.4385742247
-219.3 -119.7 2774.8 0.3106335104 0.6149255037 -0.7248265147 -0.3377798498 0.7841904759 0.5205286741 0.8884883523 0.0831381530 0.4513052702
-106.7 -242.1 3096.8 -0.1325855553 0.6128556728 0.7789922953 0.1864899695 0.7873187065 -0.5876654983 -0.9734693170 0.0673582852 -0.2186785340
-366.3 -451.5 2485.0 0.7189072967 -0.6188386083 -0.3165612221 -0.1807748526 0.2732926905 -0.9447917938 0.6711875200 0.7364440560 0.0846016631
-134.7 -553.8 2209.4 0.7189072967 0.4879836142 -0.4950194657 -0.1807748526 0.8188992739 0.5447241664 0.6711875200 -0.3021191359 0.6769278646
-279.1 -494.4 2645.3 0.4528668225 -0.8815702796 -0.1332122386 -0.1113891900 0.0922973230 -0.9894815087 0.8845925927 0.4629417360 -0.0563990027
69.1 -530.9 2462.5 0.4528668225 0.5862883925 -0.6716975570 -0.1113891900 0.7846830487 0.6098073125 0.8845925927 -0.2013416588 0.4206631184
3.1 -213.4 2547.0 0 0 0 0 0 0 0 0 0
-139.6 -195.8 2855.4 0 0 0 0 0 0 0 0 0
-321.1 -866.7 2324.9 0 0 0 0 0 0 0 0 0
-154.8 -830.5 2539.4 0 0 0 0 0 0 0 0 0
-262.4 113.6 2697.1 06 0.4689972997 0.1156760082 -0.8755915761 -0.2609053254 0.9652869701 -0.0122241257 0.8437831402 0.2341795862 0.4828974605
-286.0 -83.7 2649.2 0.4689972997 0.1156760082 -0.8755915761 -0.2609053254 0.9652869701 -0.0122241257 0.8437831402 0.2341795862 0.4828974605
-304.4 -276.5 2604.9 0.4712788165 0.0921858475 -0.8771533966 -0.2396579087 0.9704883099 -0.0267688725 0.8487993479 0.2228323370 0.4794636369
-354.9 -48.7 2525.3 -0.5382063985 0.3281388581 -0.7763109803 0.7757918239 0.5528372526 -0.3041677475 0.3293643594 -0.7659607530 -0.5521079898
-213.9 -251.9 2439.0 -0.8618812561 0.3281388581 0.3866337240 -0.1566634029 0.5528372526 -0.8184299469 -0.4823041856 -0.7659607530 -0.4250726700
-217.2 -118.7 2773.2 0.3295406699 0.6051882505 -0.7246724367 -0.3442674279 0.7917243838 0.5046309829 0.8791375756 0.0831846595 0.4692519903
-97.8 -243.4 3091.8 -0.1508099586 0.6028198004 0.7834951282 0.1965687126 0.7950196862 -0.5738505125 -0.9688225389 0.0674682558 -0.2383924127
-368.0 -449.9 2486.1 0.7205340862 -0.6171439886 -0.3161706924 -0.1723759472 0.2822321951 -0.9437327385 0.6716525555 0.7344918847 0.0969771594
-135.3 -556.3 2209.2 0.7205340862 0.4896311164 -0.4910111725 -0.1723759472 0.8123493791 0.5571131110 0.6716525555 -0.3167805076 0.6697260737
-283.5 -493.0 2645.5 0.4479219615 -0.8823141456 -0.1445256472 -0.1336656362 0.0937474445 -0.9865824580 0.8840245605 0.4612300396 -0.0759435445
64.1 -530.0 2463.8 0.4479219615 0.5734504461 -0.6859449744 -0.1336656362 0.8015424013 0.5828063488 0.8840245605 -0.1693644822 0.4356790483
10.0 -211.3 2564.3 0 0 0 0 0 0 0 0 0
-135.2 -194.7 2851.5 0 0 0 0 0 0 0 0 0
-322.4 -866.7 2330.2 0 0 0 0 0 0 0 0 0
-154.8 -835.9 2528.5 0 0 0 0 0 0 0 0 0
-261.0 114.8 2695.9 07 0.5062649250 0.1049520448 -0.8559678197 -0.2729439437 0.9610415101 -0.0435982235 0.8180449009 0.2557034791 0.5151876211
-282.5 -81.9 2643.6 0.5062649250 0.1049520448 -0.8559678197 -0.2729439437 0.9610415101 -0.0435982235 0.8180449009 0.2557034791 0.5151876211
-298.3 -273.7 2594.7 0.5083472729 0.0786550939 -0.8575525880 -0.2510874867 0.9660885930 -0.0602317192 0.8237342238 0.2459393591 0.5108578205
-356.7 -45.3 2523.4 -0.5231235027 0.3434484601 -0.7799903750 0.7850704789 0.5503623486 -0.2841928899 0.3316717446 -0.7610154152 -0.5575387478
-218.8 -252.3 2435.9 -0.8543694615 0.3434484601 0.3899948895 -0.1533918828 0.5503623486 -0.8207144141 -0.4965116084 -0.7610154152 -0.4175305665
-208.3 -118.4 2763.8 0.3704071045 0.5897836089 -0.7176028490 -0.3594958484 0.8033733368 0.4747146666 0.8564819694 0.0821375549 0.5095999241
-74.2 -248.6 3073.9 -0.1919596940 0.5867334604 0.7866989970 0.2184622288 0.8070404530 -0.5485982299 -0.9567788243 0.0665552691 -0.2830983400
-365.9 -447.4 2482.8 0.7188994288 -0.6142478585 -0.3253969252 -0.1752581149 0.2928282022 -0.9399660826 0.6726575494 0.7327695489 0.1028621048
-136.4 -556.8 2209.0 0.7188994288 0.4858805835 -0.4970952272 -0.1752581149 0.8187206388 0.5467916131 0.6726575494 -0.3059682250 0.6737323403
-279.0 -491.2 2639.4 0.4311237037 -0.8899522424 -0.1487191021 -0.1338045746 0.0999425128 -0.9859552979 0.8923164606 0.4449679852 -0.0759920925
66.4 -530.0 2466.7 0.4311237037 0.5825521350 -0.6890321970 -0.1338045746 0.7964798808 0.5896745920 0.8923164606 -0.1620270312 0.4213295281
2.7 -212.5 2564.7 0 0 0 0 0 0 0 0 0
-121.8 -194.5 2836.8 0 0 0 0 0 0 0 0 0
-322.1 -869.6 2325.9 0 0 0 0 0 0 0 0 0
-156.1 -834.2 2528.6 0 0 0 0 0 0 0 0 0
-259.5 117.4 2695.3 08 0.4827892780 0.1162500381 -0.8679864407 -0.2685710788 0.9630437493 -0.0204028245 0.8335371017 0.2429663241 0.4961686134
-283.2 -79.4 2645.7 0.4827892780 0.1162500381 -0.8679864407 -0.2685710788 0.9630437493 -0.0204028245 0.8335371017 0.2429663241 0.4961686134
-301.9 -271.9 2600.5 0.4855037928 0.0935279056 -0.8692172170 -0.2435659766 0.9693648219 -0.0317406766 0.8396199346 0.2271219641 0.4934104979
-354.1 -43.9 2523.2 -0.4410919845 0.3309524953 -0.8342111707 0.8087694049 0.5494927764 -0.2096419781 0.3890115023 -0.7671558857 -0.5100411177
-241.9 -249.7 2424.2 -0.8668968678 0.3309524953 0.3727737367 -0.1441093832 0.5494927764 -0.8229764104 -0.4772025645 -0.7671558857 -0.4286602139
-212.4 -114.8 2768.2 0.3446841538 0.6044903398 -0.7181812525 -0.3483654261 0.7928031683 0.5001046658 0.8716847897 0.0778113529 0.4838502109
-87.5 -241.0 3083.9 -0.1671397388 0.6018487811 0.7809240222 0.2016240805 0.7961914539 -0.5704619884 -0.9650968909 0.0621062294 -0.2544224560
-360.6 -442.7 2470.3 0.7123880386 -0.6172090769 -0.3340002894 -0.1676623672 0.3124632239 -0.9350166321 0.6814635396 0.7220939398 0.1191123426
-137.4 -555.7 2209.1 0.7123880386 0.4849850833 -0.5072402954 -0.1676623672 0.8194721937 0.5480462313 0.6814635396 -0.3053764999 0.6650959253
-267.1 -488.5 2621.7 0.3928224146 -0.9035713077 -0.1710246056 -0.1701270193 0.1113604680 -0.9791096449 0.9037407637 0.4137121141 -0.1099770069
66.7 -529.7 2468.8 0.3928224146 0.5889620781 -0.7062677741 -0.1701270193 0.8012897372 0.5735778809 0.9037407637 -0.1051590145 0.4149629474
-18.7 -212.6 2547.0 0 0 0 0 0 0 0 0 0
-129.0 -191.0 2844.7 0 0 0 0 0 0 0 0 0
-322.7 -868.8 2325.8 0 0 0 0 0 0 0 0 0
-157.9 -835.3 2508.9 0 0 0 0 0 0 0 0 0
-259.6 118.0 2696.6 09 0.4640710950 0.1225601807 -0.8772782087 -0.2668084800 0.9637276530 -0.0065013324 0.8446604609 0.2370823473 0.4799382389
-284.7 -79.1 2648.1 0.4640710950 0.1225601807 -0.8772782087 -0.2668084800 0.9637276530 -0.0065013324 0.8446604609 0.2370823473 0.4799382389
-304.5 -271.9 2604.4 0.4670871198 0.0995175242 -0.8785931468 -0.2405400872 0.9704731703 -0.0179538149 0.8508642912 0.2197228670 0.4772334695
-352.9 -44.0 2523.9 -0.4049394131 0.3153981566 -0.8582237959 0.8121403456 0.5552848577 -0.1791278720 0.4200620949 -0.7695341110 -0.4810042679
-250.4 -249.4 2417.6 -0.8775491118 0.3153981566 0.3611531854 -0.1379523575 0.5552848577 -0.8201389313 -0.4592131972 -0.7695341110 -0.4437797964
-216.5 -114.1 2772.3 0.3244865239 0.6113520265 -0.7217736244 -0.3437215388 0.7871094942 0.5121660829 0.8812286854 0.0818981379 0.4655413032
-98.9 -238.6 3091.5 -0.1467632651 0.6090447903 0.7794389129 0.1942394227 0.7903744578 -0.5810157061 -0.9699131846 0.0661260039 -0.2342984378
-365.1 -442.1 2478.4 0.7173651457 -0.6138811111 -0.3294498920 -0.1651356816 0.3095757961 -0.9364256859 0.6768437624 0.7261630297 0.1207052097
-136.4 -557.5 2207.8 0.7173651457 0.4831884503 -0.5019125342 -0.1651356816 0.8178132176 0.5512819290 0.6768437624 -0.3125867844 0.6664623022
-276.0 -486.6 2632.5 0.4034229517 -0.8977204561 -0.1770532876 -0.1671159565 0.1179556772 -0.9788558483 0.8996233344 0.4244813323 -0.1024373844
68.8 -531.9 2469.5 0.4034229517 0.6011700034 -0.6898148656 -0.1671159565 0.7896130681 0.5904095769 0.8996233344 -0.1229057163 0.4190131426
-23.5 -213.8 2536.4 0 0 0 0 0 0 0 0 0
-135.3 -190.5 2851.1 0 0 0 0 0 0 0 0 0
-321.0 -870.0 2327.3 0 0 0 0 0 0 0 0 0
-160.7 -833.3 2516.4 0 0 0 0 0 0 0 0 0
-260.9 117.6 2696.7 10 0.4698928297 0.1060112193 -0.8763346076 -0.2442020327 0.9696283937 -0.0136446729 0.8482724428 0.2204142362 0.4815095663
-282.5 -80.1 2651.7 0.4698928297 0.1060112193 -0.8763346076 -0.2442020327 0.9696283937 -0.0136446729 0.8482724428 0.2204142362 0.4815095663
-300.8 -273.8 2611.1 0.4720421731 0.0918002874 -0.8767832518 -0.2230764180 0.9746337533 -0.0180544257 0.8528851867 0.2041121274 0.4805467129
-351.4 -47.6 2527.2 -0.3871942759 0.2973083556 -0.8727476001 0.8108359575 0.5603958964 -0.1688238978 0.4388914108 -0.7730227709 -0.4580503702
-254.7 -250.2 2417.5 -0.8861018419 0.2973083556 0.3555717468 -0.1395680308 0.5603958964 -0.8163805604 -0.4419777095 -0.7730227709 -0.4550730884
-213.6 -112.7 2776.2 0.3303819895 0.6047943234 -0.7246181965 -0.3271375000 0.7935145497 0.5131430030 0.8853410482 0.0675165877 0.4600138068
-93.9 -231.2 3097.0 -0.1516076326 0.6024135351 0.7836536765 0.1778312922 0.7965050936 -0.5778890252 -0.9723122716 0.0517457537 -0.2278842181
-367.2 -442.6 2482.7 0.7055230737 -0.6379335523 -0.3086712956 -0.1833326072 0.2564349174 -0.9490154386 0.6845628619 0.7261418104 0.0639667287
-125.4 -539.8 2207.5 0.7055230737 0.4919531345 -0.5101169348 -0.1833326072 0.8220000863 0.5391706824 0.6845628619 -0.2868762910 0.6701310873
-281.4 -486.6 2638.8 0.4160560966 -0.8915781975 -0.1788454056 -0.1864322573 0.1088648587 -0.9764176607 0.8900226951 0.4395870566 -0.1209250391
68.2 -529.3 2466.4 0.4160560966 0.5941753387 -0.6883698106 -0.1864322573 0.7966560125 0.5749628544 0.8900226951 -0.1108824462 0.4422270060
-24.9 -214.1 2532.1 0 0 0 0 0 0 0 0 0
-131.5 -187.1 2856.0 0 0 0 0 0 0 0 0 0
-313.3 -853.8 2317.1 0 0 0 0 0 0 0 0 0
-158.7 -833.5 2508.7 0 0 0 0 0 0 0 0 0
-261.0 116.4 2696.7 11 0.4663468599 0.1064100936 -0.8781785369 -0.2404186279 0.9706171751 -0.0100606019 0.8513045907 0.2158222049 0.4782272279
-282.8 -82.4 2652.5 0.4663468599 0.1064100936 -0.8781785369 -0.2404186279 0.9706171751 -0.0100606019 0.8513045907 0.2158222049 0.4782272279
-300.5 -276.1 2611.7 0.4680960178 0.0890363082 -0.8791806698 -0.2230095118 0.9746103883 -0.0200347416 0.8550747633 0.2054438293 0.4760671854
-351.2 -49.9 2527.6 -0.4308939874 0.2839454114 -0.8565660119 0.8004249334 0.5585879087 -0.2174844593 0.4167137146 -0.7793295383 -0.4679691494
-242.2 -252.2 2422.3 -0.8900666237 0.2839454114 0.3565899432 -0.1487194747 0.5585879087 -0.8160037398 -0.4308873415 -0.7793295383 -0.4549522698
-214.4 -115.0 2777.4 0.3264305890 0.6030658484 -0.7278424501 -0.3274360299 0.7944919467 0.5114373565 0.8866953850 0.0713730305 0.4568119645
-96.1 -233.7 3098.8 -0.1469591409 0.6007612944 0.7858046293 0.1785358042 0.7974926233 -0.5763076544 -0.9728966951 0.0556005724 -0.2244562209
-362.3 -446.9 2492.4 0.7352240682 -0.6097700596 -0.2960169017 -0.1755787283 0.2504844368 -0.9520660043 0.6546889544 0.7519561052 0.0770995319
-130.6 -542.1 2206.6 0.7352240682 0.4762174487 -0.4823510051 -0.1755787283 0.8211302757 0.5430627465 0.6546889544 -0.3145822585 0.6873283982
-275.7 -487.8 2648.8 0.4517155886 -0.8751885891 -0.1731991768 -0.1718510687 0.1051431298 -0.9794958830 0.8754543066 0.4722180068 -0.1029073074
68.5 -529.2 2463.0 0.4517155886 0.5939429998 -0.6657212377 -0.1718510687 0.7901408672 0.5883405805 0.8754543066 -0.1513577104 0.4589886665
-11.6 -213.6 2534.0 0 0 0 0 0 0 0 0 0
-132.5 -189.4 2857.5 0 0 0 0 0 0 0 0 0
-312.5 -855.7 2326.8 0 0 0 0 0 0 0 0 0
-158.2 -830.7 2520.8 0 0 0 0 0 0 0 0 0
-263.4 114.7 2697.2 12 0.4839115739 0.0997776315 -0.8694101572 -0.2450228035 0.9691910744 -0.0251501333 0.8401151299 0.2251957506 0.4934505522
-283.8 -82.6 2651.4 0.4839115739 0.0997776315 -0.8694101572 -0.2450228035 0.9691910744 -0.0251501333 0.8401151299 0.2251957506 0.4934505522
-301.9 -276.0 2609.3 0.4854658544 0.0911187083 -0.8694942594 -0.2292090505 0.9730297327 -0.0260058753 0.8436741829 0.2119209170 0.4932579696
-354.7 -49.2 2528.2 -0.4708638787 0.2683892548 -0.8403894305 0.7852841616 0.5616039634 -0.2606333196 0.4020148814 -0.7826673388 -0.4752008915
-232.1 -253.5 2423.6 -0.8936198950 0.2683892548 0.3597369790 -0.1582603455 0.5616039634 -0.8121296763 -0.4199966192 -0.7826673388 -0.4593851268
-212.9 -116.1 2774.6 0.3446527719 0.6027647853 -0.7196451426 -0.3342669606 0.7951695919 0.5059357285 0.8772001266 0.0661814287 0.4755417407
-88.0 -237.2 3092.5 -0.1666384041 0.6001390815 0.7823456526 0.1864895225 0.7983016968 -0.5726569891 -0.9682217240 0.0504726209 -0.2449473739
-361.1 -449.3 2492.4 0.7465568781 -0.5966818333 -0.2943188846 -0.1674022079 0.2596764565 -0.9510754943 0.6439171433 0.7593016028 0.0939773843
-135.0 -547.7 2204.7 0.7465568781 0.4747425616 -0.4661248028 -0.1674022079 0.8120965958 0.5589951873 0.6439171433 -0.3392913938 0.6857492328
-275.2 -490.1 2649.3 0.4593443274 -0.8724547029 -0.1668099910 -0.1618856788 0.1024229303 -0.9814797640 0.8733818531 0.4778413177 -0.0941905305
64.2 -530.0 2463.4 0.4593443274 0.5795117617 -0.6731781960 -0.1618856788 0.7997878790 0.5780418515 0.8733818531 -0.1565423459 0.4611926675
0.0 -212.4 2532.6 0 0 0 0 0 0 0 0 0
-129.3 -191.0 2852.4 0 0 0 0 0 0 0 0 0
-316.3 -857.8 2334.2 0 0 0 0 0 0 0 0 0
-157.1 -835.4 2523.1 0 0 0 0 0 0 0 0 0
-262.7 113.3 2696.5 13 0.4934362173 0.1030638665 -0.8636541963 -0.2543144226 0.9666579366 -0.0299430434 0.8317721486 0.2344146818 0.5031946898
-283.7 -83.5 2648.8 0.4934362173 0.1030638665 -0.8636541963 -0.2543144226 0.9666579366 -0.0299430434 0.8317721486 0.2344146818 0.5031946898
-301.1 -276.4 2604.6 0.4952353537 0.0876726508 -0.8643236756 -0.2360367626 0.9710491896 -0.0367446803 0.8360792994 0.2222094387 0.5015918612
-356.0 -49.0 2526.7 -0.4824354351 0.2793994248 -0.8301758766 0.7806870937 0.5669462681 -0.2628679574 0.3972199857 -0.7749243975 -0.4916385114
-229.3 -254.2 2422.3 -0.8705252409 0.2793994248 0.4051195085 -0.1909480840 0.5669462681 -0.8013181090 -0.4535688162 -0.7749243975 -0.4401902556
-211.4 -118.0 2770.9 0.3553966880 0.5988242030 -0.7177065611 -0.3422694504 0.7978773713 0.4962290823 0.8697958589 0.0692908615 0.4885222316
-82.6 -242.0 3086.1 -0.1774640381 0.5960239768 0.7831104398 0.1966028512 0.8011719584 -0.5652174950 -0.9642893076 0.0536559671 -0.2593592107
-364.5 -448.3 2489.8 0.7412875891 -0.6021648049 -0.2964629829 -0.1617901921 0.2683624029 -0.9496344328 0.6513959169 0.7519170046 0.1015093699
-134.9 -550.7 2203.0 0.7412875891 0.4770734906 -0.4721160829 -0.1617901921 0.8096720576 0.5641409755 0.6513959169 -0.3418069482 0.6773856878
-275.5 -490.3 2644.5 0.4537663460 -0.8767688870 -0.1592872739 -0.1505563408 0.1007498577 -0.9834542274 0.8783102632 0.4702401459 -0.0862862244
64.7 -529.4 2462.1 0.4537663460 0.5778310895 -0.6783858538 -0.1505563408 0.8000406027 0.5807476044 0.8783102632 -0.1613884270 0.4500276446
-3.2 -204.6 2540.1 0 0 0 0 0 0 0 0 0
-126.6 -193.2 2847.0 0 0 0 0 0 0 0 0 0
-317.1 -860.0 2333.6 0 0 0 0 0 0 0 0 0
-156.1 -835.0 2523.7 0 0 0 0 0 0 0 0 0
-263.1 111.6 2695.6 14 0.5032979846 0.0974983349 -0.8585948944 -0.2483915836 0.9680022597 -0.0356819853 0.8276429176 0.2312264144 0.5114113688
-282.9 -85.1 2648.7 0.5032979846 0.0974983349 -0.8585948944 -0.2483915836 0.9680022597 -0.0356819853 0.8276429176 0.2312264144 0.5114113688
-301.2 -278.0 2604.7 0.5044006109 0.0917652547 -0.8585797548 -0.2370959818 0.9708364010 -0.0355264731 0.8302803636 0.2214853764 0.5114476681
-356.6 -50.4 2527.4 -0.5701896548 0.3339391053 -0.7505787611 0.7472836971 0.5903586149 -0.3050307631 0.3412489295 -0.7348206639 -0.5861636400
-203.4 -251.2 2435.7 -0.7856766582 0.3339391053 0.5207656622 -0.2563669086 0.5903586149 -0.7653448582 -0.5630170703 -0.7348206639 -0.3782200515
-209.2 -119.7 2769.9 0.3647670150 0.6008721590 -0.7112648487 -0.3431618810 0.7968813181 0.4972123504 0.8655546904 0.0627123192 0.4968724251
-77.0 -244.1 3083.7 -0.1881629229 0.5978985429 0.7791739702 0.1972406954 0.8001861572 -0.5663905144 -0.9621282816 0.0471111201 -0.2684952915
-364.0 -447.7 2483.8 0.7343736887 -0.6064091921 -0.3048987389 -0.1596993506 0.2822249532 -0.9459625483 0.6596903801 0.7433821559 0.1104154214
-138.0 -552.9 2206.7 0.7343736887 0.4737999737 -0.4860132635 -0.1596993506 0.8165593743 0.5547313690 0.6596903801 -0.3297641277 0.6753252745
-273.2 -491.0 2637.1 0.4310615361 -0.8855941296 -0.1729421467 -0.1734776646 0.1067497060 -0.9790352583 0.8854894042 0.4520260394 -0.1076151133
62.9 -531.5 2465.6 0.4310615361 0.5759363174 -0.6946101785 -0.1734776646 0.8083389401 0.5625777245 0.8854894042 -0.1220062748 0.4483559132
0.7 -184.6 2582.0 0 0 0 0 0 0 0 0 0
-123.7 -195.2 2845.0 0 0 0 0 0 0 0 0 0
-319.0 -864.9 2332.7 0 0 0 0 0 0 0 0 0
-156.9 -840.1 2512.2 0 0 0 0 0 0 0 0 0
-264.6 110.7 2695.7 15 0.5021847486 0.0884799883 -0.8602219224 -0.2409742475 0.9696676731 -0.0409399085 0.8305070400 0.2278507203 0.5082736611
-282.5 -85.6 2649.6 0.5021847486 0.0884799883 -0.8602219224 -0.2409742475 0.9696676731 -0.0409399085 0.8305070400 0.2278507203 0.5082736611
-299.3 -278.7 2605.5 0.5028438568 0.0840972066 -0.8602765203 -0.2335606217 0.9714539051 -0.0415540375 0.8322244287 0.2218219191 0.5081314445
-356.0 -51.5 2528.0 -0.6320662498 0.3834056258 -0.6734184027 0.7150064111 0.6235952377 -0.3160613179 0.2987608612 -0.6812701821 -0.6682910323
