-20.6 18.0 2811.8 6 0.3064171970 0.4196864665 -0.8543838263 -0.1668964475 0.9073420763 0.3858444393 0.9371520877 0.0243642554 0.3480693996
-103.5 -161.3 2807.0 0.3064171970 0.4196864665 -0.8543838263 -0.1668964475 0.9073420763 0.3858444393 0.9371520877 0.0243642554 0.3480693996
-189.4 -340.4 2803.5 0.3073267937 0.4319044352 -0.8479439020 -0.1649641395 0.9017573595 0.3995253742 0.9371963739 0.0170954838 0.3483829200
-146.7 -138.1 2675.2 -0.6812281013 0.1562436968 -0.7152035832 0.5923572183 0.6917045712 -0.4131073952 0.4301641583 -0.7050763965 -0.5637606978
19.7 -282.8 2570.1 -0.9579027891 0.1562436968 0.2408528626 -0.0679537132 0.6917045712 -0.7189764380 -0.2789345682 -0.7050763965 -0.6519684196
-60.3 -184.4 2938.7 0.7305114865 0.2869424522 -0.6196910143 -0.6804389954 0.3828175962 -0.6248627901 0.0579289868 0.8781313896 0.4748995006
112.0 -344.9 2952.4 0.9570792913 0.2869424522 0.0407829396 -0.0755387023 0.3828175962 -0.9207304716 -0.2798090875 0.8781313896 0.3880620599
-302.7 -508.3 2713.6 0.8451138735 -0.5209914446 -0.1197934002 -0.1207786500 0.0322118774 -0.9921566844 0.5207638741 0.8529539108 -0.0357019342
-85.9 -521.7 2358.8 0.8451138735 0.2034649849 -0.4943526387 -0.1207786500 0.9734990597 0.1941959262 0.5207638741 -0.1044104323 0.8472918272
-247.0 -534.7 2885.9 0.3127462864 -0.9488976598 0.0422253311 0.0462073311 -0.0292033926 -0.9985048771 0.9487121105 0.3142298460 0.0347127765
120.6 -523.4 2764.2 0.3127462864 0.0472637974 -0.9486600757 0.0462073311 0.9968215823 0.0648965314 0.9487121105 -0.0641312003 0.3095683455
268.6 -265.1 2642.6 0 0 0 0 0 0 0 0 0
360.6 -364.5 2879.7 0 0 0 0 0 0 0 0 0
-163.7 -893.8 2398.7 0 0 0 0 0 0 0 0 0
102.6 -904.3 2788.7 0 0 0 0 0 0 0 0 0
-22.1 17.8 2805.3 7 0.3121004403 0.4114808440 -0.8563158512 -0.1489241868 0.9113851786 0.3836647868 0.9383042455 0.0077841966 0.3457231522
-103.5 -162.6 2803.7 0.3121004403 0.4114808440 -0.8563158512 -0.1489241868 0.9113851786 0.3836647868 0.9383042455 0.0077841966 0.3457231522
-188.2 -342.3 2803.6 0.3125952482 0.4261571765 -0.8489253521 -0.1478514522 0.9046489596 0.3996876478 0.9383091927 0.0005743873 0.3457969129
-147.5 -141.8 2671.8 -0.7052249312 0.1779230237 -0.6862952709 0.5804077983 0.7008019686 -0.4147329032 0.4071665704 -0.6908110976 -0.5974909067
24.3 -283.1 2572.6 -0.9403821826 0.1779230237 0.2898703218 -0.0857035965 0.7008019686 -0.7081888914 -0.3291448057 -0.6908110976 -0.6437730193
-59.5 -183.3 2935.7 0.7352116704 0.2885060906 -0.6133743525 -0.6746623516 0.3989451528 -0.6210261583 0.0655328780 0.8704062104 0.4879533052
114.0 -342.5 2951.2 0.9562492371 0.2885060906 0.0484932102 -0.0740143284 0.3989451528 -0.9139828682 -0.2830357552 0.8704062104 0.4028445780
-303.4 -504.6 2714.1 0.8473974466 -0.5181186199 -0.1160631776 -0.1112254113 0.0405215621 -0.9929687381 0.5191786289 0.8543483615 -0.0232900847
-86.3 -521.5 2356.1 0.8473974466 0.1965844780 -0.4932262003 -0.1112254113 0.9740472436 0.1971315295 0.5191786289 -0.1121894717 0.8472703695
-244.2 -535.7 2889.5 0.3167960644 -0.9472381473 0.0487863310 0.0636886060 -0.0300757196 -0.9975165129 0.9463530183 0.3191164434 0.0508004129
122.9 -524.0 2765.8 0.3167960644 0.0404238738 -0.9476318955 0.0636886060 0.9959299564 0.0637754500 0.9463530183 -0.0805571675 0.3129321337
268.3 -260.9 2658.0 0 0 0 0 0 0 0 0 0
362.5 -361.8 2877.6 0 0 0 0 0 0 0 0 0
-161.4 -893.9 2399.0 0 0 0 0 0 0 0 0 0
107.5 -904.6 2796.6 0 0 0 0 0 0 0 0 0
-21.5 18.1 2811.5 8 0.3098891079 0.4056128561 -0.8599110246 -0.1690237373 0.9135296345 0.3699926436 0.9356279969 0.0306886714 0.3516511023
-101.7 -162.4 2805.5 0.3098891079 0.4056128561 -0.8599110246 -0.1690237373 0.9135296345 0.3699926436 0.9356279969 0.0306886714 0.3516511023
-185.2 -342.7 2801.1 0.3109268248 0.4201937616 -0.8525031805 -0.1667358577 0.9071670771 0.3863250017 0.9356942177 0.0220240448 0.3521239460
-145.5 -138.9 2673.8 -0.6915314794 0.1907705814 -0.6966999173 0.5900543332 0.7055433393 -0.3924849927 0.4166773856 -0.6825065613 -0.6004704237
24.8 -284.2 2571.3 -0.9267088175 0.1907705814 0.3237551451 -0.0998673961 0.7055433393 -0.7015947104 -0.3622669280 -0.6825065613 -0.6347814202
-57.9 -185.8 2937.1 0.7395228148 0.2833459079 -0.6105907559 -0.6710628271 0.3813956678 -0.6357766986 0.0527319424 0.8799161315 0.4721937180
116.6 -344.2 2949.5 0.9575321674 0.2833459079 0.0533599108 -0.0614595562 0.3813956678 -0.9223665595 -0.2817000151 0.8799161315 0.3826129138
-301.6 -508.6 2717.4 0.8522395492 -0.5111710429 -0.1113188043 -0.1117238998 0.0300404131 -0.9932851195 0.5110827088 0.8589538336 -0.0315083973
-85.9 -521.3 2355.1 0.8522395492 0.2081919014 -0.4799415171 -0.1117238998 0.9686692953 0.2218053043 0.5110827088 -0.1354103088 0.8487982750
-240.2 -538.2 2882.5 0.3136266470 -0.9479403496 0.0552036576 0.0447014719 -0.0433328934 -0.9980601668 0.9484935999 0.3154859543 0.0287839770
127.3 -521.4 2760.2 0.3136266470 0.0340351649 -0.9489362240 0.0447014719 0.9977201819 0.0505588688 0.9484935999 -0.0582754537 0.3113902211
265.3 -258.3 2665.3 0 0 0 0 0 0 0 0 0
365.5 -360.2 2876.3 0 0 0 0 0 0 0 0 0
-165.5 -891.4 2406.8 0 0 0 0 0 0 0 0 0
114.3 -902.7 2782.5 0 0 0 0 0 0 0 0 0
-22.5 18.6 2826.2 9 0.3084267378 0.3898122609 -0.8677092791 -0.2055174708 0.9179427624 0.3393282592 0.9287817478 0.0736714974 0.3632313013
-99.4 -162.5 2811.6 0.3084267378 0.3898122609 -0.8677092791 -0.2055174708 0.9179427624 0.3393282592 0.9287817478 0.0736714974 0.3632313013
-180.0 -343.6 2799.4 0.3106019497 0.4052417278 -0.8598288298 -0.2005104423 0.9121471047 0.3574678302 0.9291512370 0.0613744482 0.3645698726
-143.2 -134.3 2681.0 -0.6534921527 0.1665478647 -0.7383832335 0.6105141640 0.6926352382 -0.3840949833 0.4474600255 -0.7017964721 -0.5543115139
19.1 -285.9 2569.9 -0.9449386001 0.1665478647 0.2816962898 -0.0912184939 0.6926352382 -0.7154967785 -0.3142772317 -0.7017964721 -0.6393055320
-55.7 -190.7 2942.3 0.7504509687 0.2738773823 -0.6015101671 -0.6603367925 0.3491221070 -0.6648827791 0.0279041566 0.8961612582 0.4428503215
121.4 -346.5 2948.8 0.9594225287 0.2738773823 0.0670794472 -0.0341870897 0.3491221070 -0.9364534020 -0.2798923254 0.8961612582 0.3443186581
-297.3 -507.6 2710.9 0.8543867469 -0.5089592338 -0.1048035845 -0.1022757441 0.0330349766 -0.9942073822 0.5094732046 0.8601564765 -0.0238295402
-86.3 -521.3 2354.4 0.8543867469 0.2013769746 -0.4790309072 -0.1022757441 0.9689917564 0.2249324322 0.5094732046 -0.1431860477 0.8484897017
-232.0 -543.1 2872.3 0.3094148636 -0.9482452273 0.0713685900 0.0103094438 -0.0717021227 -0.9973728061 0.9508712888 0.3093377352 -0.0124098212
135.5 -515.3 2752.5 0.3094148636 0.0178451296 -0.9507597089 0.0103094438 0.9997022152 0.0221188497 0.9508712888 -0.0166457053 0.3091387451
264.2 -262.2 2651.4 0 0 0 0 0 0 0 0 0
370.7 -355.4 2876.1 0 0 0 0 0 0 0 0 0
-163.3 -891.7 2409.1 0 0 0 0 0 0 0 0 0
128.7 -897.1 2758.8 0 0 0 0 0 0 0 0 0
-22.3 14.3 2811.5 0 0.3537800312 0.3977828026 -0.8465273380 -0.2043946236 0.9160633683 0.3450373113 0.9127225876 0.0509583354 0.4053895772
-100.6 -166.0 2801.4 0.3537800312 0.3977828026 -0.8465273380 -0.2043946236 0.9160633683 0.3450373113 0.9127225876 0.0509583354 0.4053895772
-181.5 -347.2 2792.6 0.3544955254 0.4072921276 -0.8416923881 -0.2027697861 0.9122149348 0.3560172319 0.9128074050 0.0444632694 0.4059626460
-150.4 -137.5 2673.2 -0.6824902296 0.1616220772 -0.7128010988 0.5989563465 0.6825901866 -0.4187145829 0.4188775122 -0.7127053738 -0.5626657009
17.1 -284.5 2570.4 -0.9537074566 0.1616220772 0.2536146939 -0.0775640830 0.6825901866 -0.7266735435 -0.2905614078 -0.7127053738 -0.6384552717
-50.7 -194.5 2929.7 0.7506942749 0.3162815869 -0.5800207257 -0.6605790854 0.3465074897 -0.6660088897 -0.0096648047 0.8831186295 0.4690501988
126.3 -350.3 2927.4 0.9449587464 0.3162815869 0.0837788358 -0.0328624696 0.3465074897 -0.9374713898 -0.3255349398 0.8831186295 0.3378290832
-289.0 -506.3 2702.0 0.8570985198 -0.5029473901 -0.1114723310 -0.1071532220 0.0375991389 -0.9935313463 0.5038852692 0.8634988070 -0.0216662679
-86.0 -521.5 2353.4 0.8570985198 0.2019399405 -0.4739223719 -0.1071532220 0.9697292447 0.2194160819 0.5038852692 -0.1372788846 0.8527919650
-229.8 -547.1 2867.4 0.3545253277 -0.9323236346 0.0713049918 0.0079457955 -0.0732515901 -0.9972818494 0.9350126386 0.3541282415 -0.0185614917
131.2 -518.7 2730.2 0.3545253277 0.0166613590 -0.9348979592 0.0079457955 0.9997514486 0.0208302978 0.9350126386 -0.0148133766 0.3543048203
264.7 -264.4 2645.8 0 0 0 0 0 0 0 0 0
371.7 -358.8 2842.9 0 0 0 0 0 0 0 0 0
-163.2 -892.2 2405.9 0 0 0 0 0 0 0 0 0
124.8 -900.7 2735.9 0 0 0 0 0 0 0 0 0
-23.1 17.5 2818.6 1 0.3375494480 0.3859129250 -0.8585636616 -0.2038506269 0.9204209447 0.3335718513 0.9189696908 0.0624217577 0.3893561661
-99.1 -163.8 2806.3 0.3375494480 0.3859129250 -0.8585636616 -0.2038506269 0.9204209447 0.3335718513 0.9189696908 0.0624217577 0.3893561661
-178.2 -345.8 2795.8 0.3389005363 0.3983898759 -0.8523097634 -0.2006876618 0.9156814218 0.3482126296 0.9191685915 0.0530386157 0.3902768493
-146.7 -135.5 2677.1 -0.6668813229 0.1606384367 -0.7276431918 0.6043632030 0.6878245473 -0.4020479620 0.4359064698 -0.7078790069 -0.5557813048
17.8 -284.7 2569.5 -0.9549727440 0.1606384367 0.2494441569 -0.0729426071 0.6878245473 -0.7222027183 -0.2875873148 -0.7078790069 -0.6451362967
-51.4 -192.0 2935.6 0.7565317154 0.2965479195 -0.5828542709 -0.6539450884 0.3484373093 -0.6715260744 0.0039485130 0.8891854286 0.4575299323
127.1 -346.3 2936.5 0.9511679411 0.2965479195 0.0856669247 -0.0242405850 0.3484373093 -0.9370185733 -0.3077204823 0.8891854286 0.3386109173
-294.8 -509.9 2700.1 0.8516979814 -0.5144823790 -0.0995914489 -0.0964352265 0.0329250321 -0.9947945476 0.5150833130 0.8568686247 -0.0215720441
-88.0 -523.1 2355.6 0.8516979814 0.1935757399 -0.4869692326 -0.0964352265 0.9712983370 0.2174390405 0.5150833130 -0.1382313967 0.8459203243
-226.3 -546.2 2869.5 0.3367918432 -0.9381415248 0.0803852081 0.0100958776 -0.0817698538 -0.9966000915 0.9415249825 0.3364583552 -0.0180680584
137.2 -514.5 2739.2 0.3367918432 0.0081837680 -0.9415435791 0.0100958776 0.9998733401 0.0123020764 0.9415249825 -0.0136489477 0.3366665840
265.9 -265.7 2644.2 0 0 0 0 0 0 0 0 0
374.2 -352.6 2856.6 0 0 0 0 0 0 0 0 0
-162.0 -894.4 2408.4 0 0 0 0 0 0 0 0 0
134.1 -896.6 2744.4 0 0 0 0 0 0 0 0 0
-25.3 18.2 2818.7 2 0.3201738596 0.3870465755 -0.8646870255 -0.1897984445 0.9204359055 0.3417225480 0.9281515479 0.0547056161 0.3681603670
-101.6 -163.3 2807.9 0.3201738596 0.3870465755 -0.8646870255 -0.1897984445 0.9204359055 0.3417225480 0.9281515479 0.0547056161 0.3681603670
-180.7 -345.4 2798.4 0.3208272755 0.3983122408 -0.8593120575 -0.1882705688 0.9159869552 0.3542909622 0.9282370806 0.0481169634 0.3688640594
-146.7 -136.8 2677.4 -0.6677643657 0.1544506699 -0.7281728983 0.6029983163 0.6858050823 -0.4075100124 0.4364444613 -0.7112076879 -0.5510896444
17.2 -284.8 2570.2 -0.9582995772 0.1544506699 0.2404307425 -0.0711883828 0.6858050823 -0.7242952585 -0.2767564952 -0.7112076879 -0.6462116241
-56.4 -189.8 2938.5 0.7556445003 0.2796681821 -0.5922728181 -0.6544020772 0.3604073822 -0.6647288799 0.0275559817 0.8898832798 0.4553552866
121.8 -344.2 2945.0 0.9569103718 0.2796681821 0.0781550258 -0.0291851312 0.3604073822 -0.9323382974 -0.2889130116 0.8898832798 0.3530397117
-288.4 -509.3 2701.0 0.8552752137 -0.5062537193 -0.1105057225 -0.1086733416 0.0332720354 -0.9935205579 0.5066502094 0.8617424965 -0.0265595354
-86.2 -522.6 2356.8 0.8552752137 0.2010670304 -0.4775734246 -0.1086733416 0.9707514644 0.2140832990 0.5066502094 -0.1312006414 0.8521103263
-230.5 -544.7 2873.9 0.3185462654 -0.9445541501 0.0796604156 0.0227197055 -0.0764060542 -0.9968178868 0.9476349950 0.3193424940 -0.0028788720
135.6 -515.1 2750.2 0.3185462654 0.0096998792 -0.9478576779 0.0227197055 0.9995822310 0.0178646073 0.9476349950 -0.0272257514 0.3181928098
266.2 -266.3 2642.2 0 0 0 0 0 0 0 0 0
370.5 -351.8 2869.9 0 0 0 0 0 0 0 0 0
-163.0 -893.7 2406.9 0 0 0 0 0 0 0 0 0
131.8 -897.1 2760.6 0 0 0 0 0 0 0 0 0
-25.2 18.4 2830.2 3 0.2883019745 0.3883399963 -0.8752565384 -0.2047797889 0.9179260135 0.3398191929 0.9353861213 0.0812643096 0.3441640437
-101.9 -162.7 2814.2 0.2883019745 0.3883399963 -0.8752565384 -0.2047797889 0.9179260135 0.3398191929 0.9353861213 0.0812643096 0.3441640437
-182.0 -344.1 2800.7 0.2911543846 0.4033538699 -0.8674876094 -0.1981847435 0.9125322700 0.3577815294 0.9359230399 0.0677531511 0.3456263542
-142.8 -134.8 2682.6 -0.6513240933 0.1436951458 -0.7450695634 0.6046541929 0.6915230155 -0.3952078819 0.4584432542 -0.7079178095 -0.5372914672
18.5 -284.6 2569.0 -0.9614297748 0.1436951458 0.2345304787 -0.0719787255 0.6915230155 -0.7187593579 -0.2654654384 -0.7079178095 -0.6545077562
-60.9 -190.6 2945.8 0.7495636940 0.2553387880 -0.6107015014 -0.6604121327 0.3509682417 -0.6638351679 0.0448339768 0.9009014368 0.4317018688
116.0 -346.4 2956.4 0.9649637341 0.2553387880 0.0603909492 -0.0343064070 0.3509682417 -0.9357587099 -0.2601307929 0.9009014368 0.3474313915
-289.3 -510.2 2703.7 0.8576243520 -0.5037925243 -0.1033130214 -0.1026859060 0.0290933046 -0.9942882657 0.5039207339 0.8633345962 -0.0267812684
-86.1 -521.9 2355.4 0.8576243520 0.2028733790 -0.4725705385 -0.1026859060 0.9679515362 0.2291841507 0.5039207339 -0.1480275691 0.8509710431
-235.4 -543.7 2873.1 0.2899000943 -0.9543289542 0.0722089708 0.0125873759 -0.0716405064 -0.9973511100 0.9569741488 0.2900410891 -0.0087560927
134.4 -515.9 2760.7 0.2899000943 0.0176312048 -0.9568945169 0.0125873759 0.9996735454 0.0222328920 0.9569741488 -0.0184901077 0.2895835340
268.4 -265.9 2638.0 0 0 0 0 0 0 0 0 0
366.6 -355.4 2888.8 0 0 0 0 0 0 0 0 0
-163.6 -891.9 2411.9 0 0 0 0 0 0 0 0 0
127.6 -898.0 2767.7 0 0 0 0 0 0 0 0 0
-22.3 19.9 2825.0 4 0.2983657420 0.3975881636 -0.8676989675 -0.1997921318 0.9149835706 0.3505541682 0.9333064556 0.0687660798 0.3524347246
-100.8 -160.7 2811.4 0.2983657420 0.3975881636 -0.8676989675 -0.1997921318 0.9149835706 0.3505541682 0.9333064556 0.0687660798 0.3524347246
-182.5 -341.5 2799.8 0.3001500964 0.4110510945 -0.8607827425 -0.1957657188 0.9097263217 0.3661608398 0.9335875511 0.0586085469 0.3535241485
-143.0 -133.1 2680.1 -0.6478574872 0.1456098408 -0.7477154732 0.6130485535 0.6822930574 -0.3983059525 0.4521638155 -0.7164313793 -0.5312945843
16.7 -284.3 2568.6 -0.9613624215 0.1456098408 0.2336238325 -0.0734221712 0.6822930574 -0.7273825407 -0.2653139830 -0.7164313793 -0.6452398896
-58.6 -188.2 2942.8 0.7450310588 0.2681278884 -0.6107668877 -0.6658393741 0.3536278009 -0.6569667459 0.0398330688 0.8961332440 0.4419938028
117.3 -345.4 2952.2 0.9616823792 0.2681278884 0.0572231486 -0.0429958031 0.3536278009 -0.9343975186 -0.2707737088 0.8961332440 0.3516060114
-288.8 -507.3 2701.5 0.8530507684 -0.5093317628 -0.1135142446 -0.1115335003 0.0345434472 -0.9931601286 0.5097692013 0.8598766923 -0.0273402426
-84.8 -521.1 2357.0 0.8530507684 0.2061892599 -0.4793645144 -0.1115335003 0.9694405794 0.2185069621 0.5097692013 -0.1329323351 0.8499790430
-236.6 -540.3 2873.8 0.3007574975 -0.9515158534 0.0645174757 0.0152053740 -0.0628568456 -0.9979067445 0.9535794258 0.3011089563 -0.0044365143
132.2 -515.9 2757.1 0.3007574975 0.0250614174 -0.9533712864 0.0152053740 0.9994016290 0.0310682226 0.9535794258 -0.0238403678 0.3001964688
266.6 -265.2 2637.6 0 0 0 0 0 0 0 0 0
367.2 -356.6 2881.8 0 0 0 0 0 0 0 0 0
-163.6 -891.7 2407.8 0 0 0 0 0 0 0 0 0
122.6 -898.0 2766.2 0 0 0 0 0 0 0 0 0
-23.5 19.5 2821.9 5 0.3144987226 0.3848834336 -0.8677299619 -0.2020280361 0.9203103781 0.3349828422 0.9275102019 0.0699541122 0.3671936989
-99.5 -162.0 2808.1 0.3144987226 0.3848834336 -0.8677299619 -0.2020280361 0.9203103781 0.3349828422 0.9275102019 0.0699541122 0.3671936989
-179.1 -343.8 2796.3 0.3159828186 0.4007883668 -0.8599555492 -0.1985626668 0.9142579436 0.3531363606 0.9277541041 0.0591700412 0.3684714139
-143.9 -134.1 2677.6 -0.6484215856 0.1574556977 -0.7448201776 0.6131156683 0.6879615188 -0.3883272707 0.4512633085 -0.7084607482 -0.5426276922
15.7 -285.1 2566.4 -0.9465838671 0.1574556977 0.2814012170 -0.0992859975 0.6879615188 -0.7189236283 -0.3067918420 -0.7084607482 -0.6355801821
-55.0 -190.0 2938.6 0.7535943389 0.2767383158 -0.5962478518 -0.6568891406 0.3506251872 -0.6675018072 0.0243361983 0.8946942687 0.4460155368
122.9 -345.0 2944.4 0.9581160545 0.2767383158 0.0736855716 -0.0292839948 0.3506251872 -0.9360579252 -0.2848791182 0.8946942687 0.3440436423
-291.7 -504.4 2702.5 0.8496919870 -0.5129503608 -0.1220881119 -0.1174281538 0.0416395925 -0.9922080040 0.5140371323 0.8574077487 -0.0248539839
-85.6 -521.1 2358.1 0.8496919870 0.2041477412 -0.4861555994 -0.1174281538 0.9721170068 0.2029756159 0.5140371323 -0.1153783947 0.8499727249
-229.8 -543.7 2869.6 0.3143176734 -0.9462254643 0.0765625462 0.0121538332 -0.0766324475 -0.9969853163 0.9492400885 0.3143006265 -0.0125866663
137.0 -514.0 2747.8 0.3143176734 0.0126652643 -0.9492333531 0.0121538332 0.9997753501 0.0173640996 0.9492400885 -0.0169946663 0.3140931129
261.5 -259.3 2646.1 0 0 0 0 0 0 0 0 0
371.8 -352.6 2870.3 0 0 0 0 0 0 0 0 0
-163.7 -892.7 2402.2 0 0 0 0 0 0 0 0 0
132.1 -896.2 2754.3 0 0 0 0 0 0 0 0 0
-21.0 18.4 2820.3 6 0.3356615603 0.3862796426 -0.8591387272 -0.1997350752 0.9205008745 0.3358332813 0.9205635190 0.0588738248 0.3861303627
-97.3 -163.4 2808.7 0.3356615603 0.3862796426 -0.8591387272 -0.1997350752 0.9205008745 0.3358332813 0.9205635190 0.0588738248 0.3861303627
-176.6 -345.4 2798.6 0.3365803659 0.3991051316 -0.8528943062 -0.1975871623 0.9155094028 0.3504309356 0.9206915498 0.0505727977 0.3870005608
-144.6 -135.6 2679.2 -0.6422562003 0.1415802985 -0.7533007264 0.6103876829 0.6889117956 -0.3909314871 0.4636095464 -0.7108836770 -0.5288767815
13.6 -286.0 2564.9 -0.9560099840 0.1415802985 0.2569045424 -0.0912118629 0.6889117956 -0.7190834284 -0.2787926197 -0.7108836770 -0.6456927657
-49.9 -191.2 2938.2 0.7559640408 0.2949344218 -0.5844074488 -0.6545645595 0.3514455259 -0.6693513393 0.0079726186 0.8885379434 0.4587338269
128.5 -345.7 2940.1 0.9518156052 0.2949344218 0.0840279087 -0.0262832027 0.3514455259 -0.9358392954 -0.3055424690 0.8885379434 0.3422631621
-287.8 -507.3 2699.4 0.8514195085 -0.5102906823 -0.1211951301 -0.1213446409 0.0331521705 -0.9920566678 0.5102551579 0.8593627214 -0.0336946398
-84.9 -520.5 2357.8 0.8514195085 0.2079560608 -0.4814967513 -0.1213446409 0.9712320566 0.2048994154 0.5102551579 -0.1160283014 0.8521602750
-225.0 -545.5 2873.0 0.3347394764 -0.9389593601 0.0794031247 0.0131360060 -0.0796063393 -0.9967398047 0.9422191381 0.3346911967 -0.0143132079
138.9 -514.7 2743.3 0.3347394764 0.0091478964 -0.9422662854 0.0131360060 0.9998103976 0.0143731153 0.9422191381 -0.0171888657 0.3345558345
261.9 -262.3 2637.3 0 0 0 0 0 0 0 0 0
375.8 -352.5 2860.7 0 0 0 0 0 0 0 0 0
-164.4 -891.8 2402.1 0 0 0 0 0 0 0 0 0
135.4 -896.9 2749.9 0 0 0 0 0 0 0 0 0
-22.5 17.5 2820.1 7 0.3113607764 0.3959668279 -0.8638661504 -0.1876961589 0.9167702794 0.3525654674 0.9315710664 0.0523693003 0.3597677350
-100.7 -163.6 2809.7 0.3113607764 0.3959668279 -0.8638661504 -0.1876961589 0.9167702794 0.3525654674 0.9315710664 0.0523693003 0.3597677350
-181.8 -344.9 2800.8 0.3123256862 0.4076618254 -0.8580585718 -0.1855003238 0.9120270610 0.3657816648 0.9316878915 0.0449271277 0.3604708910
-144.7 -137.5 2678.7 -0.6502597928 0.1395151615 -0.7467916012 0.6069693565 0.6865801811 -0.4002447426 0.4568921328 -0.7135426998 -0.5311369300
14.3 -285.8 2567.0 -0.9596677423 0.1395151615 0.2440765649 -0.0838664770 0.6865801811 -0.7222008109 -0.2683360875 -0.7135426998 -0.6471882463
-56.8 -189.6 2940.8 0.7484613061 0.2772726715 -0.6024330258 -0.6621417403 0.3632143140 -0.6554720998 0.0370677859 0.8894915581 0.4554456472
119.8 -345.9 2949.5 0.9585373402 0.2772726715 0.0657725111 -0.0411968492 0.3632143140 -0.9307943583 -0.2819733620 0.8894915581 0.3595772386
-286.8 -509.3 2704.1 0.8596704006 -0.4975621104 -0.1157530546 -0.1139370203 0.0341326073 -0.9929014444 0.4979811013 0.8667565584 -0.0273479540
-87.9 -522.9 2357.6 0.8596704006 0.2026952058 -0.4689152241 -0.1139370203 0.9708688855 0.2107890248 0.4979811013 -0.1277822852 0.8577216864
-234.1 -543.2 2877.2 0.3121554255 -0.9475195408 0.0690340772 0.0254182555 -0.0643093660 -0.9976062179 0.9496909380 0.3131629527 0.0040097758
133.0 -518.2 2755.9 0.3121554255 0.0205641333 -0.9498084784 0.0254182555 0.9992270470 0.0299878195 0.9496909380 -0.0335033350 0.3113914430
263.6 -264.1 2636.7 0 0 0 0 0 0 0 0 0
368.9 -356.6 2876.2 0 0 0 0 0 0 0 0 0
-165.4 -894.1 2406.5 0 0 0 0 0 0 0 0 0
125.2 -900.2 2768.7 0 0 0 0 0 0 0 0 0
-20.7 16.7 2820.9 8 0.2677114308 0.4067465365 -0.8734344840 -0.1864959896 0.9112548828 0.3671971560 0.9452776313 0.0645891577 0.3198099732
-100.7 -162.5 2808.2 0.2677114308 0.4067465365 -0.8734344840 -0.1864959896 0.9112548828 0.3671971560 0.9452776313 0.0645891577 0.3198099732
-182.8 -343.2 2796.7 0.2695467174 0.4130804539 -0.8698902726 -0.1824214309 0.9088718295 0.3750658333 0.9455511570 0.0575888641 0.3203381598
-138.6 -136.8 2675.3 -0.6460188627 0.1354445815 -0.7512086630 0.6153575182 0.6747213602 -0.4075368345 0.4516578317 -0.7255383134 -0.5192295313
17.3 -285.3 2566.3 -0.9645077586 0.1354445815 0.2266704887 -0.0777404830 0.6747213602 -0.7339670062 -0.2523512542 -0.7255383134 -0.6402444243
-62.8 -188.1 2941.1 0.7401735783 0.2411245555 -0.6276957989 -0.6683766842 0.3659924865 -0.6475508809 0.0735915378 0.8988372684 0.4320600033
111.8 -345.7 2958.5 0.9695906639 0.2411245555 0.0418679081 -0.0508926772 0.3659924865 -0.9292251468 -0.2393823564 0.8988372684 0.3671343625
-291.4 -509.2 2706.4 0.8534215093 -0.5070032477 -0.1209107339 -0.1210315973 0.0328697823 -0.9921042919 0.5069743991 0.8613171577 -0.0333116315
-86.7 -522.4 2358.6 0.8534215093 0.2066404223 -0.4785095751 -0.1210315973 0.9715263247 0.2036858648 0.5069743991 -0.1159151196 0.8541315198
-240.1 -540.5 2871.9 0.2704138756 -0.9608561397 0.0602644123 0.0284754373 -0.0545866638 -0.9981029034 0.9623229504 0.2716169357 0.0125998082
132.0 -519.4 2766.7 0.2704138756 0.0305662025 -0.9622588158 0.0284754373 0.9988046288 0.0397292487 0.9623229504 -0.0381440818 0.2692202330
267.9 -265.1 2631.9 0 0 0 0 0 0 0 0 0
363.5 -358.9 2896.3 0 0 0 0 0 0 0 0 0
-165.7 -893.8 2402.9 0 0 0 0 0 0 0 0 0
120.3 -901.2 2781.3 0 0 0 0 0 0 0 0 0
-21.1 17.7 2819.8 9 0.2943097055 0.4059241712 -0.8652209640 -0.1885879338 0.9121834040 0.3638076782 0.9369185567 0.0560981110 0.3450168073
-101.2 -162.4 2808.8 0.2943097055 0.4059241712 -0.8652209640 -0.1885879338 0.9121834040 0.3638076782 0.9369185567 0.0560981110 0.3450168073
-183.6 -343.0 2799.3 0.2963179648 0.4148548841 -0.8602854609 -0.1841327250 0.9086542130 0.3747567832 0.9371716976 0.0473595411 0.3456389308
-142.9 -136.5 2677.0 -0.6712532043 0.1663015187 -0.7223315835 0.6015817523 0.6915467978 -0.3998279870 0.4330340922 -0.7029273510 -0.5642469525
24.2 -286.2 2569.2 -0.9430081248 0.1663015187 0.2882351279 -0.0968355387 0.6915467978 -0.7158113718 -0.3183685839 -0.7029273510 -0.6360303760
-59.5 -188.2 2940.5 0.7417877913 0.2668140233 -0.6152732372 -0.6686651707 0.3645171523 -0.6480849981 0.0513594896 0.8921533227 0.4488036036
115.5 -346.0 2952.7 0.9623426795 0.2668140233 0.0520268679 -0.0507960096 0.3645171523 -0.9298102260 -0.2670510709 0.8921533227 0.3643435240
-289.5 -507.1 2698.6 0.8516123295 -0.5110424757 -0.1165848672 -0.1140359789 0.0364585631 -0.9928073883 0.5116172433 0.8587819338 -0.0272286665
-86.5 -521.6 2357.4 0.8516123295 0.2023013234 -0.4835603237 -0.1140359789 0.9719306827 0.2057828307 0.5116172433 -0.1201039180 0.8507778049
-238.9 -540.5 2875.8 0.2977911830 -0.9527270794 0.0602623224 0.0268927328 -0.0547289550 -0.9981390238 0.9542521834 0.2988575995 0.0093236361
130.2 -519.3 2760.0 0.2977911830 0.0297016334 -0.9541688561 0.0268927328 0.9988581538 0.0394858159 0.9542521834 -0.0374187380 0.2966523767
268.7 -261.1 2651.8 0 0 0 0 0 0 0 0 0
365.4 -359.2 2883.3 0 0 0 0 0 0 0 0 0
-163.8 -893.2 2403.3 0 0 0 0 0 0 0 0 0
118.8 -901.2 2774.4 0 0 0 0 0 0 0 0 0
-21.0 20.7 2807.8 0 0.2680824101 0.4230895936 -0.8655212522 -0.1630277485 0.9053725600 0.3920745552 0.9495018721 0.0359956883 0.3116898239
-103.6 -155.9 2800.8 0.2680824101 0.4230895936 -0.8655212522 -0.1630277485 0.9053725600 0.3920745552 0.9495018721 0.0359956883 0.3116898239
-187.5 -336.0 2794.2 0.2693341970 0.4222850800 -0.8655255437 -0.1603458077 0.9058553576 0.3920653760 0.9496042728 0.0331867822 0.3116894662
-141.4 -133.4 2667.3 -0.6535501480 0.1654340625 -0.7385823131 0.6372587085 0.6467789412 -0.4190206826 0.4083791673 -0.7445190549 -0.5281267166
17.8 -288.7 2567.8 -0.9489759207 0.1654340625 0.2684702873 -0.1011087075 0.6467789412 -0.7559458017 -0.2987001240 -0.7445190549 -0.5970507860
-65.7 -178.5 2934.3 0.7337801456 0.2461188585 -0.6332394481 -0.6733893752 0.3870539367 -0.6298698783 0.0900749713 0.8886026740 0.4497463107
107.4 -337.3 2955.5 0.9686649442 0.2461188585 0.0333719514 -0.0666597337 0.3870539367 -0.9196443558 -0.2392585725 0.8886026740 0.3913317919
-293.2 -506.8 2704.0 0.8526814580 -0.5106644034 -0.1102554202 -0.1062392518 0.0371412151 -0.9936466813 0.5115150213 0.8589775562 -0.0225829761
-86.1 -521.8 2355.7 0.8526814580 0.1980271488 -0.4834455550 -0.1062392518 0.9717668891 0.2106710821 0.5115150213 -0.1282744259 0.8496458530
-246.8 -530.7 2874.5 0.2721986473 -0.9609181881 0.0504397377 0.0509188287 -0.0379614718 -0.9979810715 0.9608929157 0.2742174268 0.0385957658
125.5 -516.0 2768.3 0.2721986473 0.0407523476 -0.9613777399 0.0509188287 0.9970929027 0.0566831455 0.9608929157 -0.0643813014 0.2693322599
264.1 -262.4 2645.3 0 0 0 0 0 0 0 0 0
358.9 -354.6 2893.4 0 0 0 0 0 0 0 0 0
-161.8 -893.3 2404.8 0 0 0 0 0 0 0 0 0
109.9 -897.0 2792.9 0 0 0 0 0 0 0 0 0
-19.7 19.0 2803.3 1 0.2622849345 0.4334246814 -0.8621772528 -0.1602361202 0.9006147385 0.4040017724 0.9515939355 0.0321883559 0.3056679666
-104.8 -157.8 2797.0 0.2622849345 0.4334246814 -0.8621772528 -0.1602361202 0.9006147385 0.4040017724 0.9515939355 0.0321883559 0.3056679666
-191.0 -336.8 2791.3 0.2639131248 0.4335779250 -0.8616032004 -0.1568533629 0.9006744027 0.4051945210 0.9517073631 0.0282092132 0.3057079613
-142.0 -135.7 2663.1 -0.6644407511 0.1496180892 -0.7322109938 0.6336368322 0.6322764158 -0.4457924366 0.3962611556 -0.7601584792 -0.5149137378
18.3 -288.5 2567.6 -0.9566934705 0.1496180892 0.2497039884 -0.1015854701 0.6322764158 -0.7680539489 -0.2727967203 -0.7601584792 -0.5896956921
-67.7 -179.8 2930.8 0.7249479890 0.2479605824 -0.6426243186 -0.6818509102 0.3905609548 -0.6184993982 0.0976204798 0.8865538239 0.4522085190
103.4 -340.7 2953.9 0.9685575366 0.2479605824 0.0202935543 -0.0807737187 0.3905609548 -0.9170265794 -0.2353123277 0.8865538239 0.3983094394
-296.2 -501.4 2700.5 0.8468639255 -0.5192792416 -0.1147629991 -0.1026270092 0.0521662347 -0.9933511019 0.5218133926 0.8530109525 -0.0091143735
-87.4 -522.3 2357.6 0.8468639255 0.1990630329 -0.4931484461 -0.1026270092 0.9710444808 0.2157320976 0.5218133926 -0.1320853829 0.8427717686
-253.0 -530.2 2873.0 0.2695010900 -0.9622681737 0.0375382453 0.0545772985 -0.0236557089 -0.9982293248 0.9614523053 0.2710726261 0.0461427569
119.9 -521.0 2767.9 0.2695010900 0.0533795394 -0.9615195394 0.0545772985 0.9960111380 0.0705916584 0.9614523053 -0.0715016648 0.2655127645
266.7 -262.1 2638.4 0 0 0 0 0 0 0 0 0
355.0 -361.7 2892.7 0 0 0 0 0 0 0 0 0
-163.5 -893.6 2408.1 0 0 0 0 0 0 0 0 0
99.5 -901.7 2795.3 0 0 0 0 0 0 0 0 0
-20.4 18.2 2811.5 2 0.2431953698 0.4191940427 -0.8747184277 -0.1552466601 0.9069889784 0.3914964199 0.9574729800 0.0405870005 0.2856540084
-103.0 -160.5 2803.5 0.2431953698 0.4191940427 -0.8747184277 -0.1552466601 0.9069889784 0.3914964199 0.9574729800 0.0405870005 0.2856540084
-188.0 -340.1 2797.8 0.2467970848 0.4273325503 -0.8697574735 -0.1475430429 0.9036265016 0.4021072686 0.9577693939 0.0290877726 0.2860623300
-137.7 -139.7 2668.8 -0.6703981161 0.1473349184 -0.7272267938 0.6174843907 0.6542316079 -0.4366852641 0.4114357531 -0.7418041825 -0.5295726061
23.2 -288.0 2570.0 -0.9573681355 0.1473349184 0.2484727204 -0.0940784961 0.6542316079 -0.7504200339 -0.2731217742 -0.7418041825 -0.6124794483
-68.3 -181.2 2938.3 0.7271856666 0.2287341356 -0.6472107172 -0.6764206290 0.3992846310 -0.6188917160 0.1168596298 0.8878358603 0.4450745285
103.3 -340.9 2965.8 0.9733130932 0.2287341356 0.0185023118 -0.0764663592 0.3992846310 -0.9136326909 -0.2163666636 0.8878358603 0.4061194062
-301.4 -501.4 2698.4 0.8412164450 -0.5289879441 -0.1119227707 -0.0988567397 0.0530377254 -0.9936872721 0.5315846801 0.8469703197 -0.0076778173
-87.8 -522.8 2356.4 0.8412164450 0.2030103803 -0.5011404157 -0.0988567397 0.9689622521 0.2265821546 0.5315846801 -0.1410635263 0.8351759315
-250.3 -533.3 2879.8 0.2509579062 -0.9670460820 0.0429187939 0.0641115829 -0.0276354626 -0.9975600243 0.9658725858 0.2530971467 0.0550635196
124.5 -522.6 2781.7 0.2509579062 0.0484638214 -0.9667840600 0.0641115829 0.9957208037 0.0665564835 0.9658725858 -0.0786849335 0.2467769086
272.0 -263.5 2641.0 0 0 0 0 0 0 0 0 0
356.2 -360.7 2909.6 0 0 0 0 0 0 0 0 0
-165.4 -893.3 2410.3 0 0 0 0 0 0 0 0 0
106.0 -903.2 2811.8 0 0 0 0 0 0 0 0 0
-21.7 16.4 2815.7 3 0.2430238724 0.4181955457 -0.8752439022 -0.1577621698 0.9073210955 0.3897172809 0.9571052790 0.0433697812 0.2864761055
-104.1 -162.3 2807.1 0.2430238724 0.4181955457 -0.8752439022 -0.1577621698 0.9073210955 0.3897172809 0.9571052790 0.0433697812 0.2864761055
-189.1 -341.9 2800.6 0.2460795492 0.4272515774 -0.8700005412 -0.1512172371 0.9035342336 0.4009479880 0.9573808908 0.0328939743 0.2869490981
-138.8 -141.0 2672.4 -0.6773554683 0.1445360482 -0.7213174701 0.6044231057 0.6682789922 -0.4336771667 0.4193593264 -0.7297345400 -0.5400233865
26.1 -288.1 2570.3 -0.9584026933 0.1445360482 0.2461170256 -0.0888844430 0.6682789922 -0.7385815978 -0.2712264955 -0.7297345400 -0.6276333928
-69.5 -183.6 2941.8 0.7271823287 0.2280880362 -0.6474424005 -0.6767794490 0.3959370255 -0.6206476092 0.1147841290 0.8894997239 0.4422837198
102.1 -343.3 2968.9 0.9734702706 0.2280880362 0.0182063431 -0.0756539404 0.3959370255 -0.9151558876 -0.2159446925 0.8894997239 0.4026886821
-295.5 -506.2 2704.1 0.8486214280 -0.5154142976 -0.1191208363 -0.1143572778 0.0411163047 -0.9925884604 0.5164921284 0.8559541702 -0.0240492001
-87.6 -522.8 2358.9 0.8486214280 0.2050593495 -0.4876395762 -0.1143572778 0.9711283445 0.2093614042 0.5164921284 -0.1219034344 0.8475703001
-251.4 -535.4 2881.9 0.2502523661 -0.9672316313 0.0428568237 0.0604345538 -0.0285733696 -0.9977630973 0.9662926197 0.2522826195 0.0513036624
123.5 -524.3 2784.1 0.2502523661 0.0483664684 -0.9669718146 0.0604345538 0.9960234165 0.0654600561 0.9662926197 -0.0748200417 0.2463342100
275.2 -265.0 2640.8 0 0 0 0 0 0 0 0 0
355.1 -363.0 2912.8 0 0 0 0 0 0 0 0 0
-166.0 -894.0 2405.5 0 0 0 0 0 0 0 0 0
105.0 -905.1 2812.7 0 0 0 0 0 0 0 0 0
-20.8 15.8 2806.7 4 0.2968770266 0.4148839712 -0.8600786924 -0.1592754275 0.9095822573 0.3837856948 0.9415388107 0.0230522472 0.3361149132
-102.7 -163.9 2802.2 0.2968770266 0.4148839712 -0.8600786924 -0.1592754275 0.9095822573 0.3837856948 0.9415388107 0.0230522472 0.3361149132
-187.9 -343.4 2799.6 0.2986310422 0.4291490912 -0.8524380326 -0.1555083692 0.9031393528 0.4001954794 0.9416138530 0.0130504547 0.3364417255
-144.7 -142.0 2669.9 -0.6916768551 0.1328913569 -0.7098753452 0.5931115150 0.6653513908 -0.4533500373 0.4120702744 -0.7346069813 -0.5390275717
24.5 -287.1 2569.1 -0.9636515379 0.1328913569 0.2317662090 -0.0865805373 0.6653513908 -0.7414926291 -0.2527439296 -0.7346069813 -0.6296611428
-60.8 -185.7 2934.5 0.7313862443 0.2774026990 -0.6229943037 -0.6782205701 0.3914532363 -0.6219173670 0.0713515729 0.8773893714 0.4744437337
111.7 -345.7 2951.3 0.9599381089 0.2774026990 0.0395803824 -0.0753075331 0.3914532363 -0.9171112776 -0.2699030340 0.8773893714 0.3966613710
-296.6 -507.7 2706.2 0.8514289856 -0.5128757358 -0.1096685380 -0.1061293483 0.0362951271 -0.9936897159 0.5136197805 0.8576952219 -0.0235284492
-87.7 -522.5 2356.9 0.8514289856 0.1919876039 -0.4880670905 -0.1061293483 0.9744082093 0.1981545091 0.5136197805 -0.1169162467 0.8500148654
-245.8 -537.2 2883.2 0.3034806550 -0.9517785907 0.0449106209 0.0560083464 -0.0292331129 -0.9980022311 0.9511900544 0.3053897619 0.0444358625
122.7 -525.9 2765.0 0.3034806550 0.0449574329 -0.9517763853 0.0560083464 0.9963174462 0.0649200007 0.9511900544 -0.0730093867 0.2998450994
275.0 -264.6 2634.7 0 0 0 0 0 0 0 0 0
360.9 -365.2 2881.2 0 0 0 0 0 0 0 0 0
-161.1 -894.9 2401.6 0 0 0 0 0 0 0 0 0
105.5 -906.8 2792.9 0 0 0 0 0 0 0 0 0
-22.1 16.9 2813.2 5 0.2807573080 0.4040090740 -0.8706043959 -0.1657026112 0.9138712883 0.3706506491 0.9453665614 0.0401985422 0.3235214055
-101.6 -163.1 2805.3 0.2807573080 0.4040090740 -0.8706043959 -0.1657026112 0.9138712883 0.3706506491 0.9453665614 0.0401985422 0.3235214055
-184.9 -343.5 2800.1 0.2838016450 0.4194705188 -0.8622651100 -0.1589695960 0.9073777199 0.3890942037 0.9456137419 0.0266483612 0.3241983354
-141.5 -140.7 2672.4 -0.6766987443 0.1314855367 -0.7244241834 0.5996261835 0.6693669558 -0.4386300445 0.4272320867 -0.7312040925 -0.5318019390
22.8 -286.3 2568.6 -0.9651694894 0.1314855367 0.2261843383 -0.0818554983 0.6693669558 -0.7384088039 -0.2484904081 -0.7312040925 -0.6352897882
-61.7 -185.5 2938.3 0.7372359037 0.2579949498 -0.6244371533 -0.6709252596 0.3884962797 -0.6316089630 0.0796396062 0.8845955133 0.4595087469
112.2 -343.8 2957.1 0.9652240276 0.2579949498 0.0422039554 -0.0636475161 0.3884962797 -0.9192494750 -0.2535578012 0.8845955133 0.3914066851
-300.5 -508.7 2710.7 0.8496509194 -0.5168701410 -0.1045874208 -0.1051378548 0.0283148885 -0.9940544963 0.5167584419 0.8555954099 -0.0302848462
-87.1 -520.4 2357.5 0.8496509194 0.1908345371 -0.4916049838 -0.1051378548 0.9748109579 0.1966968030 0.5167584419 -0.1154373288 0.8483129740
-242.2 -538.4 2881.5 0.2862639427 -0.9566050172 0.0544045679 0.0526744984 -0.0409829132 -0.9977704287 0.9567018151 0.2884914279 0.0386567563
128.3 -522.5 2769.7 0.2862639427 0.0357756466 -0.9574826956 0.0526744984 0.9972038269 0.0530081876 0.9567018151 -0.0656092539 0.2835790217
273.7 -265.0 2633.2 0 0 0 0 0 0 0 0 0
362.9 -360.3 2891.2 0 0 0 0 0 0 0 0 0
-160.0 -893.0 2401.6 0 0 0 0 0 0 0 0 0
114.6 -903.8 2794.8 0 0 0 0 0 0 0 0 0
-22.1 21.4 2818.0 6 0.2686319053 0.4243513644 -0.8647328019 -0.1599099934 0.9049202204 0.3943960369 0.9498766661 0.0323320515 0.3109484613
-106.2 -157.8 2811.6 0.2686319053 0.4243513644 -0.8647328019 -0.1599099934 0.9049202204 0.3943960369 0.9498766661 0.0323320515 0.3109484613
-193.9 -336.1 2808.2 0.2723266482 0.4414252043 -0.8549748659 -0.1522196531 0.8971330523 0.4147065282 0.9500880837 0.0172083285 0.3115068376
-144.5 -136.4 2678.0 -0.6664690971 0.1302246302 -0.7340711951 0.5984018445 0.6807206869 -0.4225335717 0.4446731210 -0.7208750844 -0.5316059589
22.0 -285.9 2566.9 -0.9621760249 0.1302246302 0.2392882705 -0.0887076706 0.6807206869 -0.7271521688 -0.2575815916 -0.7208750844 -0.6434211731
-67.9 -179.2 2945.3 0.7200552821 0.2603888512 -0.6432091594 -0.6873410344 0.3949413598 -0.6095765829 0.0953029543 0.8810328841 0.4633555412
102.0 -341.4 2967.7 0.9653622508 0.2603888512 0.0165344737 -0.0908700153 0.3949413598 -0.9142012596 -0.2445779592 0.8810328841 0.4049229920
-294.3 -509.2 2708.1 0.8558796048 -0.5060185790 -0.1068421379 -0.1088888496 0.0256428365 -0.9937231541 0.5055820942 0.8621413112 -0.0331526026
-88.0 -519.7 2356.7 0.8558796048 0.1971036196 -0.4781424701 -0.1088888496 0.9724808335 0.2059715390 0.5055820942 -0.1242224649 0.8537889123
-256.6 -528.3 2891.8 0.2798295617 -0.9595967531 0.0294880159 0.0593296327 -0.0133714965 -0.9981488585 0.9582147002 0.2810610831 0.0531907827
115.1 -523.2 2783.0 0.2798295617 0.0608544052 -0.9581190944 0.0593296327 0.9949854016 0.0805238411 0.9582147002 -0.0793778002 0.2748158574
272.1 -262.9 2633.8 0 0 0 0 0 0 0 0 0
352.7 -365.0 2904.2 0 0 0 0 0 0 0 0 0
-163.4 -891.4 2404.2 0 0 0 0 0 0 0 0 0
91.9 -903.4 2813.3 0 0 0 0 0 0 0 0 0
-20.5 19.8 2807.9 7 0.3319570720 0.4213127494 -0.8439787030 -0.1873994470 0.9063351154 0.3787322640 0.9244922400 0.0324382931 0.3798181117
-103.8 -159.4 2801.5 0.3319570720 0.4213127494 -0.8439787030 -0.1873994470 0.9063351154 0.3787322640 0.9244922400 0.0324382931 0.3798181117
-189.3 -338.8 2796.0 0.3325351477 0.4296611845 -0.8395305872 -0.1861706376 0.9025801420 0.3881875873 0.9245327711 0.0272099413 0.3801299036
-150.5 -133.4 2671.8 -0.6699920297 0.1423606128 -0.7285904884 0.6095492840 0.6657031775 -0.4304520190 0.4237456024 -0.7325112224 -0.5327916145
16.4 -285.3 2566.2 -0.9591011405 0.1423606128 0.2446599305 -0.0901492387 0.6657031775 -0.7407512069 -0.2683247030 -0.7325112224 -0.6256429553
-57.1 -185.5 2931.2 0.7334383130 0.3085186779 -0.6057099104 -0.6793872714 0.3620486259 -0.6382426620 0.0223866496 0.8796232343 0.4751439989
115.5 -345.4 2936.5 0.9496782422 0.3085186779 0.0541060008 -0.0646374300 0.3620486259 -0.9299154878 -0.3064852953 0.8796232343 0.3637715578
-306.6 -500.4 2717.6 0.8458009362 -0.5197687149 -0.1202548295 -0.1112619489 0.0485980362 -0.9926021695 0.5217676759 0.8529236317 -0.0167262163
-86.8 -521.0 2356.9 0.8458009362 0.2021549046 -0.4937146306 -0.1112619489 0.9719187021 0.2073519081 0.5217676759 -0.1204467937 0.8445419073
-244.3 -535.1 2875.0 0.3373399079 -0.9402227998 0.0467209034 0.0241119079 -0.0409840532 -0.9988688231 0.9410740733 0.3380848467 0.0088450080
119.3 -519.3 2744.3 0.3373399079 0.0437481403 -0.9403658509 0.0241119079 0.9981903434 0.0550880060 0.9410740733 -0.0412573963 0.3356745839
265.7 -261.8 2635.9 0 0 0 0 0 0 0 0 0
361.7 -362.2 2857.0 0 0 0 0 0 0 0 0 0
-164.1 -892.5 2403.0 0 0 0 0 0 0 0 0 0
102.6 -900.5 2760.0 0 0 0 0 0 0 0 0 0
-21.4 16.0 2804.3 8 0.3503595591 0.4178777933 -0.8382281065 -0.1787966937 0.9083365202 0.3780958354 0.9193910360 0.0174029153 0.3929595649
-103.9 -163.3 2800.9 0.3503595591 0.4178777933 -0.8382281065 -0.1787966937 0.9083365202 0.3780958354 0.9193910360 0.0174029153 0.3929595649
-189.3 -342.7 2798.2 0.3498601019 0.4294769764 -0.8325547576 -0.1798643321 0.9029809833 0.3902232349 0.9193730354 0.0132233659 0.3931646049
-153.1 -138.0 2671.7 -0.6765627861 0.1425715685 -0.7224515080 0.5964193344 0.6815224290 -0.4240414798 0.4319106340 -0.7177747488 -0.5461251140
13.1 -284.6 2565.6 -0.9556916356 0.1425715685 0.2575400174 -0.0939040035 0.6815224290 -0.7257473469 -0.2789902389 -0.7177747488 -0.6379371881
-54.7 -188.5 2930.1 0.7343106270 0.3249998689 -0.5959554911 -0.6786857843 0.3685382307 -0.6352677941 0.0131704370 0.8709504604 0.4911943376
118.4 -348.5 2933.2 0.9437258840 0.3249998689 0.0612905473 -0.0666986555 0.3685382307 -0.9272167087 -0.3239332139 0.8709504604 0.3694761097
-305.2 -501.2 2705.9 0.8372589350 -0.5330829620 -0.1217375174 -0.1146364361 0.0465624854 -0.9923157096 0.5346549749 0.8447807431 -0.0221258737
-86.5 -520.2 2359.4 0.8372589350 0.1992882490 -0.5091971159 -0.1146364361 0.9744982719 0.1929030567 0.5346549749 -0.1031372696 0.8387531042
-242.6 -538.7 2879.8 0.3550843298 -0.9336444736 0.0471500196 0.0309957601 -0.0386506952 -0.9987719655 0.9343202710 0.3561097383 0.0152147636
118.9 -523.7 2741.9 0.3550843298 0.0416020639 -0.9339081049 0.0309957601 0.9979360700 0.0562392697 0.9343202710 -0.0489168763 0.3530619740
261.6 -260.2 2638.1 0 0 0 0 0 0 0 0 0
363.3 -365.8 2849.1 0 0 0 0 0 0 0 0 0
-162.7 -892.8 2398.8 0 0 0 0 0 0 0 0 0
103.0 -905.0 2760.6 0 0 0 0 0 0 0 0 0
-20.6 19.0 2812.1 9 0.3222485781 0.4132311046 -0.8517017961 -0.1779949218 0.9100981355 0.3742181361 0.9297707677 0.0310073197 0.3668308854
-102.3 -160.9 2805.9 0.3222485781 0.4132311046 -0.8517017961 -0.1779949218 0.9100981355 0.3742181361 0.9297707677 0.0310073197 0.3668308854
-187.0 -340.6 2801.3 0.3231359124 0.4265621305 -0.8447650075 -0.1760779470 0.9041663408 0.3892040849 0.9298278093 0.0229786709 0.3672767878
-147.7 -136.1 2675.2 -0.6563919187 0.1509162933 -0.7391710877 0.6094011068 0.6836426854 -0.4015756845 0.4447245598 -0.7140427232 -0.5407060981
13.3 -285.6 2566.1 -0.9510867596 0.1509162933 0.2695518434 -0.0965440944 0.6836426854 -0.7234030366 -0.2934504449 -0.7140427232 -0.6356334090
-56.8 -185.6 2936.6 0.7353296280 0.2984109223 -0.6084745526 -0.6767003536 0.3722829819 -0.6352023482 0.0369734205 0.8788380623 0.4756854773
