-243.8 147.4 2600.4 5 0.5110083818 0.2188202739 -0.8312569857 0.0626927391 0.9549916387 0.2899320424 0.8572864532 -0.2002714723 0.4742902815
-287.8 -44.7 2640.7 0.5110083818 0.2188202739 -0.8312569857 0.0626927391 0.9549916387 0.2899320424 0.8572864532 -0.2002714723 0.4742902815
-329.2 -231.5 2682.3 0.5141132474 0.2115847170 -0.8312156796 0.0764634833 0.9539321065 0.2901152670 0.8543072939 -0.2127097398 0.4742506444
-361.1 -55.6 2518.9 -0.5744004846 0.0193733703 -0.8183451295 0.6311228871 0.6471351385 -0.4276680946 0.5212945342 -0.7621291280 -0.3839417100
-229.5 -200.1 2399.6 -0.9765996933 0.0193733703 0.2141908705 -0.1510539800 0.6471351385 -0.7472608685 -0.1530874074 -0.7621291280 -0.6290655136
-214.5 -33.8 2762.4 0.3554832041 0.4586812258 -0.8143974543 -0.1793379486 0.8885917664 0.4221878648 0.9173164964 -0.0040283278 0.3981384039
-97.7 -92.8 3064.0 -0.0368781649 0.4579804540 0.8881970048 -0.0102644535 0.8885810971 -0.4586046934 -0.9992670417 -0.0260293558 -0.0280683208
-420.5 -424.6 2644.6 0.9630694389 -0.2692177594 -0.0043634819 0.0023406409 0.0245762058 -0.9996952415 0.2692429721 0.9627656937 0.0242987350
-310.3 -434.6 2250.4 0.9630694389 -0.0338758603 -0.2671135962 0.0023406409 0.9930696487 -0.1175038964 0.2692429721 0.1125391945 0.9564743638
-324.2 -411.4 2801.2 0.6635580659 -0.7415685058 0.0988273323 -0.0852745026 -0.2062114924 -0.9747846127 0.7432489395 0.6383987665 -0.2000701874
-35.5 -331.1 2552.6 0.6635580659 -0.3131274283 -0.6794423461 -0.0852745026 0.8706176877 -0.4845132828 0.7432489395 0.3794417977 0.5510035753
22.2 -161.2 2439.0 0 0 0 0 0 0 0 0 0
-107.1 -95.4 2809.9 0 0 0 0 0 0 0 0 0
-297.6 -808.6 2208.1 0 0 0 0 0 0 0 0 0
120.2 -763.8 2364.0 0 0 0 0 0 0 0 0 0
-248.1 141.1 2610.8 6 0.4972503781 0.2108298689 -0.8416013718 0.0474918708 0.9619572759 0.2690402865 0.8663063049 -0.1737496108 0.4683209062
-290.3 -51.3 2645.6 0.4972503781 0.2108298689 -0.8416013718 0.0474918708 0.9619572759 0.2690402865 0.8663063049 -0.1737496108 0.4683209062
-331.6 -238.8 2684.2 0.5015801191 0.2109911293 -0.8389875889 0.0671925396 0.9573722482 0.2809332311 0.8624978662 -0.1972842216 0.4660218358
-361.8 -60.9 2522.7 -0.5556383729 0.0136431893 -0.8313121200 0.6228702068 0.6691297889 -0.4053369462 0.5507256389 -0.7430202961 -0.3802921176
-236.4 -201.4 2398.5 -0.9719790220 0.0136431893 0.2346712947 -0.1655230969 0.6691297889 -0.7244773507 -0.1669097394 -0.7430202961 -0.6481218338
-218.8 -41.8 2768.5 0.3430766463 0.4553399086 -0.8215619326 -0.1900270432 0.8902063966 0.4140317142 0.9198848605 0.0140743665 0.3919359446
-106.0 -104.2 3070.9 -0.0225873869 0.4549526572 0.8902291059 0.0026056224 0.8904800415 -0.4550147951 -0.9997414947 -0.0079579940 -0.0212990530
-417.1 -425.2 2646.8 0.9672668576 -0.2536247075 0.0083288951 0.0143765155 0.0220006518 -0.9996545911 0.2533538640 0.9670524597 0.0249267407
-313.3 -434.2 2250.9 0.9672668576 -0.0441438593 -0.2498923540 0.0143765155 0.9927042127 -0.1197150201 0.2533538640 0.1122037843 0.9608445168
-327.6 -420.2 2800.8 0.6531741619 -0.7498415709 0.1053616032 -0.0924735516 -0.2170959264 -0.9717602730 0.7515398264 0.6249855757 -0.2111419737
-35.6 -335.7 2557.5 0.6531741619 -0.3218724132 -0.6853916049 -0.0924735516 0.8644735217 -0.4940993190 0.7515398264 0.3861135244 0.5348871350
14.2 -158.7 2441.5 0 0 0 0 0 0 0 0 0
-111.8 -103.6 2816.7 0 0 0 0 0 0 0 0 0
-296.7 -808.1 2208.6 0 0 0 0 0 0 0 0 0
124.4 -765.4 2365.5 0 0 0 0 0 0 0 0 0
-251.2 140.4 2614.1 7 0.4865383506 0.2028136402 -0.8497923613 0.0516496748 0.9643031955 0.2597144842 0.8721311688 -0.1702525616 0.4586952329
-291.7 -52.0 2648.0 0.4865383506 0.2028136402 -0.8497923613 0.0516496748 0.9643031955 0.2597144842 0.8721311688 -0.1702525616 0.4586952329
-331.9 -239.8 2686.0 0.4905454814 0.2055261135 -0.8468317986 0.0705259144 0.9592372179 0.2736605406 0.8685569763 -0.1939665377 0.4560545683
-361.6 -62.0 2524.3 -0.5391356349 -0.0172515530 -0.8420422673 0.6229935884 0.6646212935 -0.4125016034 0.5667554736 -0.7469812036 -0.3475733995
-240.9 -201.5 2397.4 -0.9775851965 -0.0172515530 0.2098321170 -0.1679994017 0.6646212935 -0.7280485630 -0.1268989295 -0.7469812036 -0.6526222229
-221.8 -41.9 2771.8 0.3334262371 0.4478513300 -0.8296120167 -0.1880415231 0.8938773870 0.4069688022 0.9238329530 0.0203074440 0.3822568059
-112.2 -103.8 3075.5 -0.0104957260 0.4477287829 0.8941078186 0.0033247310 0.8941677213 -0.4477197528 -0.9999393821 -0.0017264760 -0.0108735170
-418.2 -432.3 2644.9 0.9655115604 -0.2601092458 0.0114310458 0.0124895442 0.0024169791 -0.9999190569 0.2600605488 0.9655761719 0.0055822670
-312.6 -433.3 2252.8 0.9655115604 -0.0446172878 -0.2565088272 0.0124895442 0.9920099974 -0.1255395114 0.2600605488 0.1180061698 0.9583543539
-327.8 -421.3 2802.5 0.6448030472 -0.7555150390 0.1158709973 -0.0877977833 -0.2238010317 -0.9706722498 0.7592895627 0.6157191992 -0.2106401175
-33.7 -334.2 2562.8 0.6448030472 -0.3335473835 -0.6877319217 -0.0877977833 0.8614853621 -0.5001345277 0.7592895627 0.3828695714 0.5262036324
11.1 -158.2 2430.1 0 0 0 0 0 0 0 0 0
-114.8 -102.9 2821.2 0 0 0 0 0 0 0 0 0
-295.8 -807.0 2208.4 0 0 0 0 0 0 0 0 0
132.2 -762.4 2372.4 0 0 0 0 0 0 0 0 0
-252.8 142.8 2613.7 8 0.4830421507 0.1963033229 -0.8533084393 0.0609236322 0.9646475911 0.2564046085 0.8734750152 -0.1758408844 0.4540059566
-292.0 -49.9 2648.8 0.4830421507 0.1963033229 -0.8533084393 0.0609236322 0.9646475911 0.2564046085 0.8734750152 -0.1758408844 0.4540059566
-331.1 -237.8 2688.1 0.4870859683 0.1993943453 -0.8502876759 0.0805840343 0.9591745734 0.2710910141 0.8696283698 -0.2005642503 0.4511324763
-361.4 -61.4 2524.9 -0.5639288425 -0.0065797120 -0.8257971406 0.6074129343 0.6741724014 -0.4201679826 0.5594941974 -0.7385447025 -0.3761886358
-232.7 -200.1 2397.1 -0.9791126251 -0.0065797120 0.2032121569 -0.1544311643 0.6741724014 -0.7222483158 -0.1322478354 -0.7385447025 -0.6611067653
-222.6 -38.4 2772.7 0.3315840960 0.4414395392 -0.8337764144 -0.1786248982 0.8971658349 0.4039635658 0.9263612032 0.0149853369 0.3763380349
-113.6 -97.2 3077.3 -0.0070895646 0.4413904548 0.8972871304 -0.0043536955 0.8972875476 -0.4414250553 -0.9999653697 -0.0070360266 -0.0044396985
-416.5 -434.0 2645.5 0.9660018086 -0.2579905987 0.0167728011 0.0166225675 -0.0027636252 -0.9998580217 0.2580003142 0.9661434889 0.0016187991
-311.9 -432.9 2253.9 0.9660018086 -0.0632082149 -0.2506894469 0.0166225675 0.9828314185 -0.1837556064 0.2580003142 0.1733411402 0.9504675865
-326.1 -418.3 2806.0 0.6428329945 -0.7560002804 0.1234068945 -0.0775065720 -0.2244713902 -0.9713935256 0.7620751262 0.6148789525 -0.2028926015
-31.7 -330.9 2566.5 0.6428329945 -0.3409260809 -0.6859556437 -0.0775065720 0.8619512916 -0.5010316372 0.7620751262 0.3752457201 0.5276667476
20.2 -160.2 2431.2 0 0 0 0 0 0 0 0 0
-115.4 -98.3 2823.0 0 0 0 0 0 0 0 0 0
-289.4 -783.2 2192.1 0 0 0 0 0 0 0 0 0
137.8 -759.4 2380.0 0 0 0 0 0 0 0 0 0
-252.2 143.5 2616.0 9 0.4825528562 0.2001377791 -0.8526943326 0.0525782146 0.9651684165 0.2562916279 0.8742873073 -0.1685074121 0.4552218914
-292.4 -50.4 2649.8 0.4825528562 0.2001377791 -0.8526943326 0.0525782146 0.9651684165 0.2562916279 0.8742873073 -0.1685074121 0.4552218914
-332.6 -238.4 2687.5 0.4863658249 0.2052318901 -0.8493103981 0.0706827864 0.9595959783 0.2723590732 0.8708916306 -0.1924977750 0.4522083402
-361.7 -60.5 2525.7 -0.5972468257 0.0302426275 -0.8014871478 0.5842691660 0.7010030150 -0.4089307189 0.5494777560 -0.7125167847 -0.4363416135
-222.5 -196.6 2397.7 -0.9727649093 0.0302426275 0.2298125625 -0.1432535499 0.7010030150 -0.6986223459 -0.1822274774 -0.7125167847 -0.6775787473
-223.1 -40.4 2773.9 0.3292812407 0.4466129541 -0.8319319487 -0.1880425811 0.8944357634 0.4057395756 0.9253182411 0.0228362028 0.3785031736
-114.8 -102.2 3078.2 -0.0057436954 0.4465947449 0.8947179317 0.0037821687 0.8947359920 -0.4465794861 -0.9999763370 0.0008189577 -0.0068281875
-414.2 -432.9 2648.8 0.9683116674 -0.2492023706 0.0164523404 0.0151563464 -0.0071185753 -0.9998598099 0.2492845505 0.9684252739 -0.0031160023
-313.4 -430.0 2257.1 0.9683116674 -0.0582923405 -0.2428466678 0.0151563464 0.9843027592 -0.1758362353 0.2492845505 0.1665836126 0.9539953470
-328.8 -419.9 2803.9 0.6413337588 -0.7581332922 0.1180038601 -0.0874556825 -0.2250283957 -0.9704193473 0.7622614503 0.6120426059 -0.2106213719
-33.6 -332.3 2565.6 0.6413337588 -0.3364332616 -0.6895677447 -0.0874556825 0.8608266711 -0.5013271570 0.7622614503 0.3818246424 0.5226542354
28.9 -159.6 2444.8 0 0 0 0 0 0 0 0 0
-116.3 -101.2 2823.8 0 0 0 0 0 0 0 0 0
-292.0 -790.8 2196.1 0 0 0 0 0 0 0 0 0
133.7 -760.3 2375.8 0 0 0 0 0 0 0 0 0
-252.6 142.6 2617.1 0 0.4884939492 0.2011513710 -0.8490652442 0.0433863290 0.9662626982 0.2538780570 0.8714879751 -0.1608557105 0.4632862508
-292.8 -50.7 2649.3 0.4884939492 0.2011513710 -0.8490652442 0.0433863290 0.9662626982 0.2538780570 0.8714879751 -0.1608557105 0.4632862508
-333.4 -238.8 2685.8 0.4924452007 0.2071806639 -0.8453246951 0.0620301105 0.9604296684 0.2715274692 0.8681301475 -0.1861479878 0.4601075351
-363.0 -59.6 2525.6 -0.5861448646 0.0126979612 -0.8101067543 0.5980242491 0.6813741922 -0.4220144749 0.5466271043 -0.7318251133 -0.4069776833
-224.3 -201.1 2396.3 -0.9671469927 0.0126979612 0.2539004982 -0.1774715483 0.6813741922 -0.7100936770 -0.1820179820 -0.7318251133 -0.6567354798
-222.6 -41.9 2773.0 0.3348572850 0.4497795999 -0.8279908895 -0.1965955794 0.8927309513 0.4054400921 0.9215317369 0.0270147696 0.3873621523
-112.5 -106.5 3076.0 -0.0124552324 0.4496143758 0.8931359053 0.0118739046 0.8932087421 -0.4494854510 -0.9998519421 0.0050065648 -0.0164638013
-416.7 -432.7 2646.5 0.9667053819 -0.2555121779 0.0139370793 0.0135891531 -0.0031271200 -0.9999027848 0.2555309236 0.9668008089 0.0004491904
-313.2 -431.4 2254.6 0.9667053819 -0.0495029874 -0.2510581017 0.0135891531 0.9896564484 -0.1428125501 0.2555309236 0.1346459836 0.9573789239
-329.4 -421.3 2800.7 0.6461377740 -0.7547630668 0.1133077294 -0.0957607701 -0.2274588197 -0.9690677524 0.7571894526 0.6153008938 -0.2192464322
-35.5 -332.8 2561.1 0.6461377740 -0.3309211135 -0.6877478957 -0.0957607701 0.8588407040 -0.5032122731 0.7571894526 0.3910037279 0.5232401490
26.2 -155.1 2443.4 0 0 0 0 0 0 0 0 0
-115.7 -103.5 2821.7 0 0 0 0 0 0 0 0 0
-294.8 -799.0 2204.6 0 0 0 0 0 0 0 0 0
129.0 -759.7 2366.7 0 0 0 0 0 0 0 0 0
-253.5 142.2 2617.2 1 0.4918641746 0.1970313340 -0.8480850458 0.0314813964 0.9693965316 0.2434732914 0.8701025844 -0.1464546919 0.4706086218
-292.9 -51.5 2646.5 0.4918641746 0.1970313340 -0.8480850458 0.0314813964 0.9693965316 0.2434732914 0.8701025844 -0.1464546919 0.4706086218
-332.4 -240.4 2679.9 0.4957006872 0.2014578730 -0.8448050618 0.0500999950 0.9644719362 0.2593912780 0.8670471907 -0.1709051728 0.4679963589
-363.6 -58.7 2522.9 -0.5790662169 -0.0109621212 -0.8152068257 0.6239956617 0.6375666857 -0.4518164992 0.5247015953 -0.7703171968 -0.3623529971
-229.4 -203.3 2401.3 -0.9689171314 -0.0109621212 0.2471424937 -0.1971736401 0.6375666857 -0.7447357178 -0.1494059265 -0.7703171968 -0.6199107170
-222.3 -44.4 2770.0 0.3397423029 0.4452587366 -0.8284442425 -0.2101629376 0.8945056796 0.3945772052 0.9167369604 0.0400536992 0.3974783123
-110.6 -113.5 3071.4 -0.0167052411 0.4449989200 0.8953752518 0.0284760781 0.8953487277 -0.4444544613 -0.9994548559 0.0180720575 -0.0276288409
-418.5 -432.5 2643.8 0.9655809999 -0.2595959604 0.0162239838 0.0168797448 0.0002969616 -0.9998574853 0.2595541477 0.9657172561 0.0046686544
-313.2 -432.7 2252.3 0.9655809999 -0.0503666252 -0.2551793158 0.0168797448 0.9911383986 -0.1317564994 0.2595541477 0.1229142100 0.9578745961
-327.0 -424.7 2791.8 0.6496959329 -0.7510771751 0.1173807308 -0.1050548255 -0.2416351140 -0.9646636248 0.7529001832 0.6144066453 -0.2358936369
-34.6 -330.6 2552.5 0.6496959329 -0.3337218761 -0.6830262542 -0.1050548255 0.8504532576 -0.5154539347 0.7529001832 0.4066435099 0.5174769759
21.6 -152.2 2440.0 0 0 0 0 0 0 0 0 0
-114.8 -106.2 2817.3 0 0 0 0 0 0 0 0 0
-294.4 -803.4 2206.4 0 0 0 0 0 0 0 0 0
131.3 -753.4 2350.4 0 0 0 0 0 0 0 0 0
-252.0 146.1 2617.2 2 0.4822658896 0.1922800541 -0.8546624780 0.0330738425 0.9709224105 0.2370987236 0.8754003048 -0.1426116079 0.4618833363
-290.6 -48.8 2645.9 0.4822658896 0.1922800541 -0.8546624780 0.0330738425 0.9709224105 0.2370987236 0.8754003048 -0.1426116079 0.4618833363
-328.3 -238.3 2677.9 0.4858113825 0.1921625435 -0.8526786566 0.0509520546 0.9676488638 0.2471024245 0.8725773096 -0.1634908915 0.4603037238
-359.9 -56.0 2521.5 -0.5645767450 0.0101559535 -0.8253180981 0.6363728046 0.6421365738 -0.4274227917 0.5256260633 -0.7665230036 -0.3689983487
-229.1 -203.4 2399.8 -0.9638808370 0.0101559535 0.2661402524 -0.1977370530 0.6421365738 -0.7406488061 -0.1784203947 -0.7665230036 -0.6169348955
-221.4 -41.5 2770.2 0.3323116302 0.4345105290 -0.8371198177 -0.2114169449 0.8992914557 0.3828547597 0.9191691279 0.0497542322 0.3907078803
-112.1 -111.0 3072.4 -0.0063819131 0.4344753325 0.9006611109 0.0338964798 0.9002558589 -0.4340396523 -0.9994049668 0.0277592391 -0.0204725396
-416.6 -433.8 2635.0 0.9647169113 -0.2629570961 0.0132219959 0.0130872680 -0.0022639453 -0.9999117851 0.2629638612 0.9648048878 0.0012573238
-312.6 -432.9 2253.3 0.9647169113 -0.0468414612 -0.2590890527 0.0130872680 0.9913617969 -0.1305007935 0.2629638612 0.1225055531 0.9569965601
-322.0 -423.2 2788.8 0.6428387165 -0.7547116280 0.1310293972 -0.1017111763 -0.2536409795 -0.9619361162 0.7592188120 0.6050426364 -0.2398128659
-28.1 -324.4 2553.2 0.6428387165 -0.3478130996 -0.6824839711 -0.1017111763 0.8443225622 -0.5260934234 0.7592188120 0.4076094627 0.5073867440
20.6 -152.2 2446.0 0 0 0 0 0 0 0 0 0
-113.8 -102.4 2818.3 0 0 0 0 0 0 0 0 0
-295.0 -805.0 2207.3 0 0 0 0 0 0 0 0 0
144.8 -744.1 2350.6 0 0 0 0 0 0 0 0 0
-250.4 143.8 2608.3 3 0.4952835739 0.1996275336 -0.8454838991 0.0580635108 0.9634566307 0.2614956498 0.8667888045 -0.1786062568 0.4655931592
-290.3 -48.5 2643.9 0.4952835739 0.1996275336 -0.8454838991 0.0580635108 0.9634566307 0.2614956498 0.8667888045 -0.1786062568 0.4655931592
-329.9 -236.4 2682.2 0.4980358779 0.2023741752 -0.8432111144 0.0712294579 0.9595530629 0.2723678350 0.8642260432 -0.1957104355 0.4634768665
-361.3 -58.7 2520.8 -0.5775809288 0.0297497660 -0.8157911897 0.6140943170 0.6742638350 -0.4101907313 0.5378553867 -0.7378910780 -0.4077110887
-227.5 -200.9 2396.2 -0.9587231874 0.0297497660 0.2827805579 -0.1895978302 0.6742638350 -0.7137373090 -0.2119022161 -0.7378910780 -0.6407918334
-219.3 -38.4 2767.0 0.3420778513 0.4466356337 -0.8267402053 -0.1876121908 0.8945666552 0.4056502581 0.9207521081 0.0163425785 0.3898057342
-106.8 -100.1 3069.7 -0.0194802489 0.4463149905 0.8946638703 0.0033888987 0.8948580027 -0.4463380575 -0.9998044968 -0.0056628506 -0.0189445727
-409.8 -432.4 2631.1 0.9690054059 -0.2456327528 0.0263271574 0.0278419517 0.0026956720 -0.9996086955 0.2454656661 0.9693592191 0.0094510159
-313.9 -433.4 2252.5 0.9690054059 -0.0723043159 -0.2362216264 0.0278419517 0.9820809960 -0.1863914430 0.2454656661 0.1740374416 0.9536548257
-324.4 -417.8 2798.6 0.6514027119 -0.7498902678 0.1154951304 -0.0867613330 -0.2248428166 -0.9705246687 0.7537552714 0.6221818924 -0.2115246952
-32.6 -330.2 2556.5 0.6514027119 -0.3316647708 -0.6824023724 -0.0867613330 0.8609375954 -0.5012573600 0.7537552714 0.3857265413 0.5320413709
20.9 -151.8 2451.1 0 0 0 0 0 0 0 0 0
-111.8 -99.2 2815.5 0 0 0 0 0 0 0 0 0
-288.1 -783.1 2190.5 0 0 0 0 0 0 0 0 0
132.3 -758.1 2364.8 0 0 0 0 0 0 0 0 0
-250.8 142.6 2604.3 4 0.5036918521 0.2003937215 -0.8403195143 0.0650209412 0.9611700773 0.2681872249 0.8614330292 -0.1897220761 0.4711037278
-291.0 -50.0 2642.3 0.5036918521 0.2003937215 -0.8403195143 0.0650209412 0.9611700773 0.2681872249 0.8614330292 -0.1897220761 0.4711037278
-330.8 -237.4 2683.0 0.5066017509 0.2033298463 -0.8378613591 0.0788452253 0.9567961097 0.2798653245 0.8585674763 -0.2078416348 0.4686830342
-363.2 -61.3 2520.0 -0.6001672745 0.0549792573 -0.7979828119 0.5960140824 0.6960755587 -0.4003073871 0.5334477425 -0.7158603668 -0.4505301714
-224.5 -199.0 2396.7 -0.9507226348 0.0549792573 0.3051291704 -0.1825979352 0.6960755587 -0.6943607330 -0.2505683899 -0.7158603668 -0.6517356634
-218.8 -38.8 2764.6 0.3503151238 0.4494476616 -0.8217518926 -0.1788660884 0.8933030367 0.4123306572 0.9193944931 0.0025378822 0.3933285177
-103.6 -97.6 3066.9 -0.0290668402 0.4489163458 0.8931009173 -0.0071926741 0.8933613896 -0.4492813349 -0.9995515943 -0.0194829740 -0.0227382835
-414.5 -430.6 2642.5 0.9680589437 -0.2496914566 0.0227156077 0.0241994783 0.0028741851 -0.9997029901 0.2495520264 0.9683212042 0.0088247834
-314.3 -431.7 2254.0 0.9680589437 -0.0635594204 -0.2425325215 0.0241994783 0.9865042567 -0.1619375199 0.2495520264 0.1508959085 0.9565324187
-324.8 -417.6 2801.3 0.6584827304 -0.7444386482 0.1105061769 -0.0808269382 -0.2159370184 -0.9730561376 0.7482429147 0.6318087578 -0.2023614943
-35.0 -333.5 2555.3 0.6584827304 -0.3252665699 -0.6786767840 -0.0808269382 0.8660010099 -0.4934665859 0.7482429147 0.3797945976 0.5439563990
21.8 -151.7 2461.6 0 0 0 0 0 0 0 0 0
-111.0 -99.5 2812.7 0 0 0 0 0 0 0 0 0
-291.0 -793.1 2198.7 0 0 0 0 0 0 0 0 0
126.7 -764.0 2366.5 0 0 0 0 0 0 0 0 0
-250.5 144.1 2602.3 5 0.4774317741 0.2084088326 -0.8535951376 0.0880044252 0.9552373886 0.2824477255 0.8742505908 -0.2099696696 0.4377197921
-292.1 -46.8 2644.2 0.4774317741 0.2084088326 -0.8535951376 0.0880044252 0.9552373886 0.2824477255 0.8742505908 -0.2099696696 0.4377197921
-333.7 -232.9 2688.7 0.4803493917 0.2119035572 -0.8510941863 0.1012331396 0.9504951239 0.2937871814 0.8712154031 -0.2272794247 0.4351180792
-360.6 -61.3 2520.2 -0.5588662624 0.0252775084 -0.8288724422 0.6210808754 0.6750661731 -0.3981760740 0.5494788885 -0.7373239994 -0.3929711282
-235.3 -200.5 2397.0 -0.9638338089 0.0252775084 0.2653025985 -0.1792816818 0.6750661731 -0.7156421542 -0.1971864700 -0.7373239994 -0.6461198330
-223.7 -32.4 2768.3 0.3216319084 0.4512916207 -0.8323994279 -0.1543417573 0.8923411369 0.4241531491 0.9342010021 -0.0079471935 0.3566585481
-118.0 -83.1 3075.2 0.0014727477 0.4514330328 0.8923037648 -0.0342752449 0.8918032646 -0.4511232078 -0.9994113445 -0.0299195424 0.0167863797
-416.3 -431.8 2646.1 0.9676575065 -0.2514227927 0.0206293650 0.0221874993 0.0033637732 -0.9997481704 0.2512900829 0.9678714871 0.0088334233
-314.2 -433.2 2252.9 0.9676575065 -0.0561108068 -0.2459483147 0.0221874993 0.9901015162 -0.1385880560 0.2512900829 0.1286487877 0.9593241215
-331.8 -409.8 2811.8 0.6350479126 -0.7639619112 0.1143521518 -0.0619435087 -0.1979197115 -0.9782590866 0.7699851990 0.6141579747 -0.1730109751
-34.5 -332.8 2572.8 0.6350479126 -0.3342294395 -0.6964229345 -0.0619435087 0.8766134977 -0.4771915376 0.7699851990 0.3461783528 0.5359882116
14.2 -154.1 2448.0 0 0 0 0 0 0 0 0 0
-117.7 -91.8 2821.2 0 0 0 0 0 0 0 0 0
-293.4 -800.9 2205.2 0 0 0 0 0 0 0 0 0
131.6 -768.3 2400.8 0 0 0 0 0 0 0 0 0
-246.8 146.6 2610.3 6 0.4828010499 0.2073346972 -0.8508322239 0.0476350598 0.9639130235 0.2619210482 0.8744335771 -0.1669851989 0.4555018246
-288.6 -47.6 2643.9 0.4828010499 0.2073346972 -0.8508322239 0.0476350598 0.9639130235 0.2619210482 0.8744335771 -0.1669851989 0.4555018246
-329.5 -235.4 2680.3 0.4861955047 0.2086111605 -0.8485842943 0.0633367524 0.9601201415 0.2723192275 0.8715516925 -0.1861469597 0.4535933435
-357.9 -56.6 2519.9 -0.5253375769 0.0155208949 -0.8507523537 0.6536177397 0.6475192308 -0.3917942643 0.5447974801 -0.7618910670 -0.3503108919
-239.7 -203.7 2397.3 -0.9649950862 0.0155208949 0.2618083358 -0.1898168772 0.6475192308 -0.7380300760 -0.1809808165 -0.7618910670 -0.6219066978
-219.3 -38.5 2767.9 0.3286010027 0.4495779276 -0.8306028247 -0.1950950623 0.8927825689 0.4060507417 0.9240992069 0.0286178291 0.3810796738
-111.4 -102.6 3071.4 -0.0053946543 0.4495673478 0.8932301402 0.0103044342 0.8932207227 -0.4495003521 -0.9999323487 0.0067793322 -0.0094511537
-418.6 -428.1 2654.5 0.9688096642 -0.2462892234 0.0273769554 0.0314228348 0.0125115225 -0.9994278550 0.2458058000 0.9691156149 0.0198603906
-316.0 -433.3 2250.7 0.9688096642 -0.0627518222 -0.2397292107 0.0314228348 0.9907061458 -0.1323404312 0.2458058000 0.1206797212 0.9617774487
-326.4 -417.5 2795.4 0.6402055025 -0.7595701814 0.1148480996 -0.0948954374 -0.2265522480 -0.9693652391 0.7623200417 0.6096943617 -0.2171197385
-30.9 -329.3 2558.1 0.6402055025 -0.3336868286 -0.6919465661 -0.0948954374 0.8594824672 -0.5022795200 0.7623200417 0.3872246444 0.5185800195
10.4 -154.5 2444.2 0 0 0 0 0 0 0 0 0
-112.8 -100.0 2817.4 0 0 0 0 0 0 0 0 0
-292.5 -803.9 2205.5 0 0 0 0 0 0 0 0 0
134.8 -756.1 2365.8 0 0 0 0 0 0 0 0 0
-244.8 164.3 2595.8 7 0.5296953917 0.1862417161 -0.8274882436 0.0844560042 0.9591659307 0.2699405849 0.8439727426 -0.2128726393 0.4923365414
-288.8 -62.6 2646.1 0.5296953917 0.1862417161 -0.8274882436 0.0844560042 0.9591659307 0.2699405849 0.8439727426 -0.2128726393 0.4923365414
-330.6 -250.2 2683.6 0.5232557058 0.2130508274 -0.8251138330 0.0535345934 0.9581131339 0.2813418806 0.8504925370 -0.1913858801 0.4899325669
-363.3 -70.2 2525.1 -0.5733541250 0.0147457290 -0.8191749454 0.5781095028 0.7157695293 -0.3917440474 0.5805639029 -0.6981809139 -0.4189140499
-233.6 -201.1 2393.7 -0.9636920094 0.0147457290 0.2666088045 -0.1760081053 0.7157695293 -0.6757922173 -0.2007955015 -0.6981809139 -0.6871860027
-214.3 -55.0 2767.2 0.3644011915 0.4621283114 -0.8084857464 -0.2034659386 0.8867145181 0.4151373506 0.9087427258 0.0132227726 0.4171471894
-94.7 -121.8 3065.5 -0.0473237224 0.4611981809 0.8860342503 0.0147275422 0.8872538209 -0.4610463679 -0.9987710118 -0.0087693240 -0.0487804711
-414.3 -429.0 2638.0 0.9684301615 -0.2484340668 0.0205807053 0.0239269398 0.0104570240 -0.9996590018 0.2481341511 0.9685923457 0.0160711650
-315.4 -433.1 2252.4 0.9684301615 -0.0546867289 -0.2432126999 0.0239269398 0.9915276170 -0.1276735663 0.2481341511 0.1178236008 0.9615336657
-325.0 -432.9 2797.8 0.6707655191 -0.7357693911 0.0933651626 -0.1058717296 -0.2195845842 -0.9698318243 0.7340741158 0.6406450272 -0.2251869440
-38.8 -347.5 2548.6 0.6707655191 -0.3056346774 -0.6757670045 -0.1058717296 0.8623543978 -0.4951122105 0.7340741158 0.4036488235 0.5460795164
16.3 -155.5 2445.8 0 0 0 0 0 0 0 0 0
-106.7 -118.1 2811.9 0 0 0 0 0 0 0 0 0
-294.9 -805.3 2208.1 0 0 0 0 0 0 0 0 0
112.9 -775.7 2348.2 0 0 0 0 0 0 0 0 0
-240.3 161.9 2600.0 8 0.5025190115 0.2093499601 -0.8388368487 0.0684541389 0.9575596452 0.2799884081 0.8618518710 -0.1981213540 0.4668610990
-286.3 -48.7 2643.6 0.5025190115 0.2093499601 -0.8388368487 0.0684541389 0.9575596452 0.2799884081 0.8618518710 -0.1981213540 0.4668610990
-329.3 -235.9 2681.5 0.5006574988 0.2195489407 -0.8373411894 0.0601482466 0.9561418891 0.2866616547 0.8635532856 -0.1938839108 0.4654941261
-357.6 -57.3 2520.7 -0.5597549677 0.0328381062 -0.8280072808 0.6184679270 0.6815878749 -0.3910695612 0.5515177250 -0.7309990525 -0.4018315077
-229.0 -199.3 2394.0 -0.9638770223 0.0328381062 0.2643156052 -0.1718261987 0.6815878749 -0.7112761140 -0.2035112679 -0.7309990525 -0.6513244510
-215.0 -40.1 2766.5 0.3398328125 0.4629783928 -0.8186358809 -0.1959689409 0.8861917257 0.4198337197 0.9198423028 0.0177539326 0.3918864131
-103.4 -104.5 3068.7 -0.0208204482 0.4626317322 0.8863060474 0.0060223038 0.8865401745 -0.4626124799 -0.9997650981 -0.0042941947 -0.0212442726
-419.6 -442.5 2644.3 0.9657389522 -0.2581194043 0.0268825404 0.0216908474 -0.0229407195 -0.9995014668 0.2586074173 0.9658406377 -0.0165559165
-314.7 -433.2 2251.9 0.9657389522 -0.0528227352 -0.2540827692 0.0216908474 0.9920697212 -0.1238027439 0.2586074173 0.1140498593 0.9592261314
-324.4 -440.6 2799.1 0.6923016310 -0.7174805403 0.0770724565 -0.0974606797 -0.1987955421 -0.9751829505 0.7149964571 0.6676091552 -0.2075526118
-44.5 -363.0 2538.7 0.6923016310 -0.2833195031 -0.6636629701 -0.0974606797 0.8745617270 -0.4750190973 0.7149964571 0.3935375512 0.5778480172
20.4 -154.9 2446.6 0 0 0 0 0 0 0 0 0
-108.7 -102.9 2814.7 0 0 0 0 0 0 0 0 0
-294.8 -806.2 2209.0 0 0 0 0 0 0 0 0 0
91.1 -781.7 2350.3 0 0 0 0 0 0 0 0 0
-240.1 158.0 2599.7 9 0.4874086082 0.2249892950 -0.8436899185 0.0676306337 0.9536033869 0.2933711708 0.8705509305 -0.2000509202 0.4495783448
-287.4 -42.3 2641.7 0.4874086082 0.2249892950 -0.8436899185 0.0676306337 0.9536033869 0.2933711708 0.8705509305 -0.2000509202 0.4495783448
-332.6 -228.4 2682.4 0.4884801209 0.2305472195 -0.8415670991 0.0721095055 0.9504990578 0.3022444546 0.8695903420 -0.2083254009 0.4476752877
-357.0 -52.6 2517.8 -0.5612877011 0.0409281887 -0.8266081214 0.6303108335 0.6684015393 -0.3949020505 0.5363435149 -0.7426737547 -0.4009630382
-227.0 -198.5 2393.7 -0.9644011259 0.0409281887 0.2612571418 -0.1679275185 0.6684015393 -0.7245962620 -0.2042810917 -0.7426737547 -0.6377342343
-217.8 -32.0 2765.5 0.3247196376 0.4701858461 -0.8206597567 -0.1813798845 0.8825314641 0.4338658154 0.9282556176 0.0079664094 0.3718575537
-111.1 -91.6 3070.5 -0.0062215142 0.4701628685 0.8825577497 -0.0126123102 0.8824677467 -0.4702038169 -0.9999011159 -0.0140564721 0.0004395544
-417.5 -428.5 2641.5 0.9662123322 -0.2575688362 0.0095951203 0.0126939313 0.0103708245 -0.9998656511 0.2574347258 0.9662042856 0.0132899797
-313.7 -432.7 2251.8 0.9662123322 -0.0431416146 -0.2541113496 0.0126939313 0.9926609993 -0.1202621087 0.2574347258 0.1129730567 0.9596689343
-326.8 -421.5 2798.1 0.6825354099 -0.7308315039 0.0055452534 -0.1207494810 -0.1202465072 -0.9853731990 0.7208085656 0.6718825102 -0.1703200191
-42.0 -374.7 2536.3 0.6825354099 -0.2585551143 -0.6835895777 -0.1207494810 0.8825839758 -0.4543843269 0.7208085656 0.3926764727 0.5711743832
22.7 -155.0 2446.6 0 0 0 0 0 0 0 0 0
-112.7 -94.8 2816.4 0 0 0 0 0 0 0 0 0
-297.4 -806.3 2209.3 0 0 0 0 0 0 0 0 0
77.4 -782.3 2354.9 0 0 0 0 0 0 0 0 0
-243.2 153.3 2608.0 0 0.4768105447 0.2187709957 -0.8513465524 0.0548292361 0.9592449069 0.2772057056 0.8772944212 -0.1788532734 0.4453830123
-288.1 -43.7 2644.7 0.4768105447 0.2187709957 -0.8513465524 0.0548292361 0.9592449069 0.2772057056 0.8772944212 -0.1788532734 0.4453830123
-331.6 -230.8 2682.8 0.4795270562 0.2219679356 -0.8489900231 0.0666307136 0.9554771781 0.2874433398 0.8749938011 -0.1944056749 0.4433872700
-356.4 -53.2 2520.0 -0.5567531586 0.0315752961 -0.8300776482 0.6216686964 0.6786209941 -0.3911541700 0.5509573221 -0.7338095903 -0.3974537551
-226.7 -198.0 2391.7 -0.9660536647 0.0315752961 0.2564046979 -0.1676190943 0.6786209941 -0.7151065469 -0.1965813190 -0.7338095903 -0.6502916217
-219.8 -34.2 2769.3 0.3180451691 0.4603328109 -0.8288190365 -0.1894061416 0.8874396086 0.4202097952 0.9289631844 0.0233377162 0.3694357276
-115.2 -96.4 3074.7 0.0032138075 0.4605152905 0.8876459599 -0.0001862624 0.8876507878 -0.4605171382 -0.9999948144 0.0013146783 0.0029385153
-421.9 -421.0 2644.6 0.9642755985 -0.2648063302 0.0070797987 0.0157045051 0.0304669198 -0.9994124174 0.2644350231 0.9638202190 0.0335371606
-313.7 -433.5 2251.0 0.9642755985 -0.0430578366 -0.2613781393 0.0157045051 0.9942579865 -0.1058509573 0.2644350231 0.0979646817 0.9594149590
-333.4 -409.9 2802.0 0.6795876026 -0.7335661650 -0.0064353156 -0.1276316047 -0.1095923781 -0.9857482910 0.7224063277 0.6707236767 -0.1681038588
-46.8 -367.1 2540.0 0.6795876026 -0.2501666248 -0.6896211505 -0.1276316047 0.8854010105 -0.4469622672 0.7224063277 0.3917674720 0.5697783828
23.6 -154.6 2442.6 0 0 0 0 0 0 0 0 0
-114.4 -96.5 2820.5 0 0 0 0 0 0 0 0 0
-297.5 -807.8 2214.1 0 0 0 0 0 0 0 0 0
70.4 -782.2 2356.4 0 0 0 0 0 0 0 0 0
-246.9 148.7 2612.6 1 0.4678786695 0.2091503292 -0.8586883545 0.0562740341 0.9625730515 0.2651158273 0.8819993138 -0.1723639071 0.4385976493
-289.2 -45.9 2647.5 0.4678786695 0.2091503292 -0.8586883545 0.0562740341 0.9625730515 0.2651158273 0.8819993138 -0.1723639071 0.4385976493
-331.0 -233.4 2685.2 0.4713075161 0.2134242952 -0.8557565808 0.0718559548 0.9577622414 0.2784389853 0.8790369630 -0.1927215904 0.4360647202
-356.4 -56.1 2522.2 -0.5612015128 0.0351142921 -0.8269340396 0.6058263779 0.6981635094 -0.3814997971 0.5639390349 -0.7150767446 -0.4130835831
-225.8 -197.1 2391.0 -0.9655241370 0.0351142921 0.2579343617 -0.1609710157 0.6981635094 -0.6976073980 -0.2045763582 -0.7150767446 -0.6684413552
-222.1 -35.6 2772.7 0.3120337725 0.4506485760 -0.8363915086 -0.1858940572 0.8922898769 0.4114148915 0.9317072034 0.0271048751 0.3621974587
-119.5 -96.8 3079.0 0.0118013378 0.4510178268 0.8924369216 -0.0002651733 0.8925004601 -0.4510464370 -0.9999303222 0.0050863009 0.0106522972
-418.4 -423.9 2641.8 0.9657038450 -0.2594308555 0.0105714118 0.0174042527 0.0240549687 -0.9995591044 0.2590621710 0.9654620886 0.0277451761
-313.1 -433.6 2250.2 0.9657038450 -0.0444672704 -0.2558100522 0.0174042527 0.9940958619 -0.1071004644 0.2590621710 0.0989751443 0.9607760906
-331.6 -412.8 2800.0 0.6876351833 -0.7260197997 -0.0072865454 -0.1166105121 -0.1005286947 -0.9880769253 0.7166308761 0.6802861094 -0.1537886113
-47.6 -373.5 2533.9 0.6876351833 -0.2504225075 -0.6815030575 -0.1166105121 0.8883599043 -0.4440930784 0.7166308761 0.3848444521 0.5816656351
24.5 -155.4 2444.0 0 0 0 0 0 0 0 0 0
-116.5 -96.8 2824.7 0 0 0 0 0 0 0 0 0
-296.4 -808.0 2212.9 0 0 0 0 0 0 0 0 0
67.6 -782.2 2356.9 0 0 0 0 0 0 0 0 0
-247.5 146.6 2605.9 2 0.4672291577 0.2160420269 -0.8573346734 0.0698179528 0.9576423764 0.2793681324 0.8813752532 -0.1903862953 0.4323548377
-291.0 -46.4 2644.3 0.4672291577 0.2160420269 -0.8573346734 0.0698179528 0.9576423764 0.2793681324 0.8813752532 -0.1903862953 0.4323548377
-333.4 -233.2 2685.1 0.4706126750 0.2166018188 -0.8553404808 0.0847665891 0.9538174272 0.2881785929 0.8782587051 -0.2081248015 0.4305179715
-358.1 -58.5 2519.2 -0.6085483432 0.0735833868 -0.7900977135 0.5828809142 0.7170782089 -0.3821630776 0.5384410620 -0.6930975914 -0.4792671204
-216.5 -194.1 2393.9 -0.9558783770 0.0735833868 0.2843976617 -0.1474768966 0.7170782089 -0.6812117100 -0.2540612221 -0.6930975914 -0.6745877266
-223.9 -34.3 2769.5 0.3105237484 0.4533752501 -0.8354794383 -0.1715527326 0.8912256360 0.4198648632 0.9349570274 0.0129507640 0.3545244932
-121.8 -90.7 3076.8 0.0128425341 0.4537677467 0.8910274506 -0.0166958738 0.8910740018 -0.4535508156 -0.9997781515 -0.0090517402 0.0190196969
-415.4 -427.5 2643.5 0.9675475955 -0.2524906993 0.0100062918 0.0144920284 0.0159124769 -0.9997683764 0.2522729933 0.9674684405 0.0190551821
-312.8 -433.9 2250.3 0.9675475955 -0.0422973409 -0.2491237074 0.0144920284 0.9935566187 -0.1124063134 0.2522729933 0.1051481515 0.9619262815
-330.2 -415.0 2802.5 0.6914177537 -0.7224416137 -0.0044295941 -0.1172787026 -0.1061882079 -0.9874055982 0.7128725052 0.6832292676 -0.1581474245
-47.4 -373.4 2535.0 0.6914177537 -0.2462110221 -0.6792066097 -0.1172787026 0.8894154429 -0.4417985082 0.7128725052 0.3851238191 0.5860823393
31.4 -155.8 2459.8 0 0 0 0 0 0 0 0 0
-118.6 -95.0 2822.6 0 0 0 0 0 0 0 0 0
-296.9 -808.1 2210.7 0 0 0 0 0 0 0 0 0
66.0 -782.8 2357.8 0 0 0 0 0 0 0 0 0
-248.1 143.0 2603.1 3 0.4668522477 0.2077971548 -0.8595750928 0.0784243792 0.9584433436 0.2742918134 0.8808510303 -0.1954653859 0.4311550558
-290.1 -50.5 2642.6 0.4668522477 0.2077971548 -0.8595750928 0.0784243792 0.9584433436 0.2742918134 0.8808510303 -0.1954653859 0.4311550558
-330.4 -237.7 2683.5 0.4695517421 0.2059201896 -0.8585557938 0.0909158736 0.9559752345 0.2790084183 0.8782114983 -0.2090652436 0.4301584065
-357.0 -63.5 2517.4 -0.5884208083 0.0677997991 -0.8057072163 0.6034981012 0.6999914646 -0.3818403482 0.5380994678 -0.7109255791 -0.4528065622
-223.8 -200.1 2395.6 -0.9561459422 0.0677997991 0.2849353254 -0.1579157263 0.6999914646 -0.6964730024 -0.2466730177 -0.7109255791 -0.6585873365
-223.1 -37.6 2767.7 0.3122841120 0.4433623552 -0.8401835561 -0.1671069413 0.8962607980 0.4108428657 0.9351758361 0.0121007990 0.3539769351
-120.5 -92.5 3075.2 0.0131508503 0.4437593520 0.8960494995 -0.0175677296 0.8960912228 -0.4435221851 -0.9997591972 -0.0099088605 0.0195802059
-418.4 -427.6 2646.5 0.9665564299 -0.2560557723 0.0142866531 0.0183069073 0.0133239282 -0.9997436404 0.2557997704 0.9665701985 0.0175659191
-313.8 -433.1 2251.5 0.9665564299 -0.0475285798 -0.2520113289 0.0183069073 0.9929566979 -0.1170549169 0.2557997704 0.1085266322 0.9606187940
-333.3 -412.5 2805.3 0.6918382645 -0.7219113111 -0.0142763145 -0.1169420332 -0.0925158933 -0.9888201952 0.7125197053 0.6857731938 -0.1484278142
-50.6 -376.3 2536.7 0.6918382645 -0.2546167970 -0.6756700873 -0.1169420332 0.8838973045 -0.4528246224 0.7125197053 0.3922956586 0.5817385912
24.3 -159.1 2459.7 0 0 0 0 0 0 0 0 0
-117.1 -97.0 2820.9 0 0 0 0 0 0 0 0 0
-295.9 -807.0 2210.6 0 0 0 0 0 0 0 0 0
66.3 -782.4 2356.5 0 0 0 0 0 0 0 0 0
-248.7 144.8 2600.7 4 0.4623958468 0.1989693493 -0.8640609384 0.0860187709 0.9598343968 0.2670556307 0.8824912906 -0.1978108734 0.4267083406
-289.0 -49.8 2640.8 0.4623958468 0.1989693493 -0.8640609384 0.0860187709 0.9598343968 0.2670556307 0.8824912906 -0.1978108734 0.4267083406
-327.8 -237.2 2682.5 0.4651660621 0.1977232397 -0.8628592491 0.0994038135 0.9569039941 0.2728619277 0.8796246052 -0.2126976103 0.4254648089
-355.3 -63.9 2515.4 -0.5614373684 0.0363915190 -0.8267186284 0.6281588674 0.6691015959 -0.3971390724 0.5387063026 -0.7422794104 -0.3985183239
-229.2 -205.1 2394.4 -0.9604114294 0.0363915190 0.2761984468 -0.1818716228 0.6691015959 -0.7205731869 -0.2110275775 -0.7422794104 -0.6359942555
-222.8 -35.6 2766.2 0.3100785911 0.4348417222 -0.8454371095 -0.1598387808 0.9004546404 0.4045158029 0.9371781349 0.0097019430 0.3487162888
-120.8 -88.2 3074.3 0.0173351262 0.4353287816 0.9001046419 -0.0220462549 0.9001874328 -0.4349442422 -0.9996066689 -0.0123041235 0.0252022315
-413.2 -433.2 2645.1 0.9688474536 -0.2473557442 0.0122387335 0.0133920396 0.0029805722 -0.9999058843 0.2472959757 0.9689201713 0.0062003173
-312.5 -434.4 2251.0 0.9688474536 -0.0411782861 -0.2442109734 0.0133920396 0.9933483601 -0.1143664420 0.2472959757 0.1075331569 0.9629544616
-328.3 -416.8 2803.9 0.6926489472 -0.7206997871 -0.0287968069 -0.1219228655 -0.0776403099 -0.9894982576 0.7108953595 0.6888859272 -0.1416472644
-46.0 -386.4 2534.1 0.6926489472 -0.2511516809 -0.6761362553 -0.1219228655 0.8831591606 -0.4529510736 0.7108953595 0.3961725533 0.5810981393
19.7 -157.9 2449.1 0 0 0 0 0 0 0 0 0
-116.4 -93.8 2820.1 0 0 0 0 0 0 0 0 0
-297.0 -808.5 2210.5 0 0 0 0 0 0 0 0 0
66.7 -782.9 2356.3 0 0 0 0 0 0 0 0 0
-246.3 147.9 2608.5 5 0.4515064955 0.2043494135 -0.8685523272 0.0716633573 0.9619713426 0.2635819912 0.8893853426 -0.1812523603 0.4196919501
-287.6 -46.6 2645.1 0.4515064955 0.2043494135 -0.8685523272 0.0716633573 0.9619713426 0.2635819912 0.8893853426 -0.1812523603 0.4196919501
-327.2 -234.3 2684.4 0.4552171528 0.2022374868 -0.8671085835 0.0891912058 0.9586072564 0.2704017460 0.8859019279 -0.2004299760 0.4183366597
-352.5 -59.3 2518.9 -0.5153766274 0.0139583088 -0.8568500876 0.6597734094 0.6445470452 -0.3863394558 0.5468875766 -0.7644371986 -0.3413937986
-235.7 -208.8 2394.9 -0.9625294805 0.0139583088 0.2708176076 -0.1984020323 0.6445470452 -0.7383736968 -0.1848611236 -0.7644371986 -0.6176261902
-222.7 -33.9 2771.4 0.2989392877 0.4366551638 -0.8485090137 -0.1702910811 0.8993065953 0.4028008878 0.9389548898 0.0240805224 0.3431965709
-124.4 -89.9 3080.1 0.0288092606 0.4373961091 0.8988073468 -0.0117252273 0.8992666006 -0.4372437894 -0.9995161295 0.0020579486 0.0310357735
-408.5 -433.5 2644.6 0.9719870090 -0.2337162644 0.0248594787 0.0261741616 0.0025246872 -0.9996542335 0.2335726768 0.9723015428 0.0085712904
-313.9 -434.6 2250.7 0.9719870090 -0.0524076186 -0.2291172743 0.0261741616 0.9928957224 -0.1160731241 0.2335726768 0.1068246141 0.9664534926
-324.4 -415.6 2803.6 0.7012386322 -0.7127750516 -0.0147013366 -0.1110517830 -0.0888385326 -0.9898359776 0.7042243481 0.6957437992 -0.1414519548
-45.3 -380.8 2531.2 0.7012386322 -0.2454801202 -0.6693309546 -0.1110517830 0.8897783756 -0.4426759481 0.7042243481 0.3847518563 0.5966859460
13.1 -157.6 2442.7 0 0 0 0 0 0 0 0 0
-117.1 -92.9 2825.9 0 0 0 0 0 0 0 0 0
-294.1 -808.5 2210.5 0 0 0 0 0 0 0 0 0
65.8 -783.7 2357.0 0 0 0 0 0 0 0 0 0
-246.3 144.6 2603.9 6 0.4673061073 0.2146963179 -0.8576307297 0.0748376250 0.9569777846 0.2803440690 0.8809224367 -0.1951895356 0.4311341941
-289.4 -47.4 2643.0 0.4673061073 0.2146963179 -0.8576307297 0.0748376250 0.9569777846 0.2803440690 0.8809224367 -0.1951895356 0.4311341941
-331.0 -234.2 2684.5 0.4706178606 0.2128230184 -0.8562856913 0.0896403193 0.9539207816 0.2863560915 0.8777718544 -0.2115220129 0.4298546314
-356.5 -60.1 2518.0 -0.4956601858 0.0146331824 -0.8683932424 0.6719529629 0.6399489641 -0.3727526069 0.5502728224 -0.7682780623 -0.3270300329
-246.5 -209.1 2395.9 -0.9608091116 0.0146331824 0.2768243253 -0.2037242055 0.6399489641 -0.7409195304 -0.1879954636 -0.7682780623 -0.6118876934
-222.3 -34.6 2768.1 0.3115006387 0.4499600232 -0.8369607925 -0.1672122329 0.8929950595 0.4178515375 0.9354183078 0.0097890478 0.3534073532
-119.9 -89.6 3075.7 0.0125214905 0.4503454864 0.8927665949 -0.0200364776 0.8927702904 -0.4500663579 -0.9997208118 -0.0122523950 0.0202021524
-407.9 -430.1 2643.6 0.9727129340 -0.2308486253 0.0232059211 0.0265274923 0.0112946788 -0.9995842576 0.2304905504 0.9729241133 0.0171103161
-314.4 -434.7 2249.5 0.9727129340 -0.0523008108 -0.2260403335 0.0265274923 0.9929426908 -0.1155903116 0.2304905504 0.1064399108 0.9672355652
-325.6 -414.0 2803.7 0.7062854171 -0.7079217434 -0.0027866494 -0.0985613540 -0.0944340006 -0.9906401634 0.7010325193 0.6999493241 -0.1364710778
-48.4 -377.0 2529.6 0.7062854171 -0.2505075634 -0.6621230245 -0.0985613540 0.8913929462 -0.4423847497 0.7010325193 0.3777096272 0.6048874259
1.6 -156.5 2444.5 0 0 0 0 0 0 0 0 0
-116.7 -94.7 2821.4 0 0 0 0 0 0 0 0 0
-294.7 -808.7 2209.4 0 0 0 0 0 0 0 0 0
65.9 -783.5 2357.3 0 0 0 0 0 0 0 0 0
-246.1 141.9 2601.6 7 0.4813936353 0.2155600041 -0.8495846391 0.0698818639 0.9567626715 0.2823502719 0.8737143278 -0.1952921748 0.4455157220
-289.2 -49.6 2640.7 0.4813936353 0.2155600041 -0.8495846391 0.0698818639 0.9567626715 0.2823502719 0.8737143278 -0.1952921748 0.4455157220
-331.3 -236.3 2682.2 0.4846347868 0.2146815062 -0.8479628563 0.0842720419 0.9534456134 0.2895507812 0.8706476688 -0.2117859423 0.4439812601
-358.3 -61.6 2516.6 -0.4788607061 0.0002707487 -0.8778908253 0.6812930703 0.6307777762 -0.3714285195 0.5536534786 -0.7759634852 -0.3022391498
-254.6 -209.2 2396.7 -0.9666969776 0.0002707487 0.2559235394 -0.1984222382 0.6307777762 -0.7501652837 -0.1616339833 -0.7759634852 -0.6097172499
-220.2 -37.6 2764.7 0.3250141740 0.4548833966 -0.8291241527 -0.1718909591 0.8905332685 0.4211935997 0.9299566150 0.0056250673 0.3676262796
-113.3 -94.1 3070.5 -0.0030419130 0.4549268782 0.8905236125 -0.0168825146 0.8903774619 -0.4549098611 -0.9998528361 -0.0164180752 0.0049718590
-415.2 -429.1 2646.6 0.9687341452 -0.2474680692 0.0177118126 0.0218996909 0.0141803930 -0.9996595979 0.2471326739 0.9687922597 0.0191565063
-314.1 -434.9 2250.7 0.9687341452 -0.0498292930 -0.2430456579 0.0218996909 0.9929736257 -0.1162917167 0.2471326739 0.1073331311 0.9630187154
-330.2 -412.9 2805.2 0.7048998475 -0.7092872262 0.0052740606 -0.0951216146 -0.1018963531 -0.9902368188 0.7028997540 0.6975161433 -0.1392952651
-52.3 -373.0 2532.0 0.7048998475 -0.2554444671 -0.6617131829 -0.0951216146 0.8904308081 -0.4450672269 0.7028997540 0.3766710460 0.6033662558
-5.1 -158.0 2438.4 0 0 0 0 0 0 0 0 0
-114.1 -98.4 2816.2 0 0 0 0 0 0 0 0 0
-295.3 -808.9 2210.2 0 0 0 0 0 0 0 0 0
65.5 -783.6 2358.3 0 0 0 0 0 0 0 0 0
-244.4 144.9 2601.9 8 0.4787750542 0.2231902331 -0.8490939736 0.0639268234 0.9557161927 0.2872627676 0.8756071329 -0.1918141246 0.4433052242
-289.3 -47.2 2640.5 0.4787750542 0.2231902331 -0.8490939736 0.0639268234 0.9557161927 0.2872627676 0.8756071329 -0.1918141246 0.4433052242
-332.1 -233.9 2681.7 0.4828659892 0.2183543891 -0.8480340838 0.0816109702 0.9529777169 0.2918444276 0.8718830943 -0.2101306319 0.4423404038
-358.1 -58.9 2516.2 -0.4821804762 0.0061865165 -0.8760500550 0.6864870787 0.6239224672 -0.3734384179 0.5442770123 -0.7814617753 -0.3050901890
-253.3 -208.1 2398.0 -0.9697884321 0.0061865165 0.2438690811 -0.1868382096 0.6239224672 -0.7588229179 -0.1568498611 -0.7814617753 -0.6039169431
