-34.2 14.3 2821.0 6 0.3816740513 0.3760596216 -0.8443364501 -0.2182663083 0.9243255854 0.3130208552 0.8981562853 0.0648182631 0.4348722398
-108.3 -167.9 2808.2 0.3816740513 0.3760596216 -0.8443364501 -0.2182663083 0.9243255854 0.3130208552 0.8981562853 0.0648182631 0.4348722398
-186.0 -350.5 2797.2 0.3821589649 0.3911174834 -0.8372464776 -0.2171014100 0.9186576605 0.3300531507 0.8982324600 0.0556346290 0.4359854162
-162.1 -137.3 2681.9 -0.6325035691 0.0760688186 -0.7708130479 0.6210218072 0.6445397735 -0.4459825158 0.4628942907 -0.7607772350 -0.4549140930
-5.4 -291.1 2567.3 -0.9759330153 0.0760688186 0.2043728083 -0.1082592309 0.6445397735 -0.7568675280 -0.1893004179 -0.7607772350 -0.6207925081
-54.6 -198.4 2934.5 0.7624286413 0.3330566287 -0.5547754765 -0.6455100179 0.3319428265 -0.6878450513 -0.0449375920 0.8825458884 0.4680741131
125.3 -350.7 2923.9 0.9364287853 0.3330566287 0.1103375182 -0.0069169542 0.3319428265 -0.9432741404 -0.3507894576 0.8825458884 0.3131445646
-294.2 -510.1 2704.5 0.8590364456 -0.5025151968 -0.0976469070 -0.0980445221 0.0257110577 -0.9948498607 0.5024377704 0.8641859889 -0.0271821246
-89.0 -520.6 2351.6 0.8590364456 0.1946276277 -0.4734728336 -0.0980445221 0.9703364372 0.2209851742 0.5024377704 -0.1434129030 0.8526365161
-228.7 -553.0 2868.4 0.6578204632 -0.7531732917 0.0014859727 -0.1451802552 -0.1287356615 -0.9809942842 0.7390500307 0.6451023817 -0.1940308362
61.5 -503.4 2619.9 0.6578204632 -0.0149781629 -0.7530258298 -0.1451802552 0.9785307050 -0.1462886482 0.7390500307 0.2055561393 0.6415229440
248.2 -263.0 2616.5 0 0 0 0 0 0 0 0 0
368.5 -352.5 2832.8 0 0 0 0 0 0 0 0 0
-163.4 -891.5 2406.4 0 0 0 0 0 0 0 0 0
67.2 -877.5 2541.3 0 0 0 0 0 0 0 0 0
-33.6 15.5 2821.4 7 0.3622014225 0.3809287250 -0.8507075906 -0.2092714757 0.9226120114 0.3240255415 0.9083036780 0.0606663227 0.4138888717
-108.7 -166.3 2809.4 0.3622014225 0.3809287250 -0.8507075906 -0.2092714757 0.9226120114 0.3240255415 0.9083036780 0.0606663227 0.4138888717
-187.2 -348.7 2799.4 0.3633995652 0.3952663243 -0.8436262608 -0.2064315230 0.9171882868 0.3408102989 0.9084749818 0.0503007434 0.4149012566
-159.8 -137.3 2681.7 -0.6272249818 0.0691610575 -0.7757612467 0.6252835393 0.6385537386 -0.4486308396 0.4643374681 -0.7664632201 -0.4437621236
-5.8 -290.8 2567.7 -0.9785315394 0.0691610575 0.1941464096 -0.1060986444 0.6385537386 -0.7622284889 -0.1766894311 -0.7664632201 -0.6175070405
-57.6 -195.4 2937.2 0.7595079541 0.3177106082 -0.5676333904 -0.6501594782 0.3426091671 -0.6781678796 -0.0209847167 0.8841260672 0.4667769372
121.6 -348.8 2932.2 0.9430186749 0.3177106082 0.0988724977 -0.0169425402 0.3426091671 -0.9393252134 -0.3323082030 0.8841260672 0.3284696639
-298.8 -513.2 2703.8 0.8535200953 -0.5130602717 -0.0909542367 -0.0943631902 0.0194717627 -0.9953473806 0.5124441981 0.8581317067 -0.0317944624
-89.0 -521.1 2352.9 0.8535200953 0.1912847459 -0.4846788943 -0.0943631902 0.9715423584 0.2172579616 0.5124441981 -0.1396981776 0.8472811580
-232.5 -549.9 2872.7 0.6424731016 -0.7663081288 -0.0004809451 -0.1384445876 -0.1154546738 -0.9836174846 0.7536985278 0.6320143342 -0.1802677214
62.8 -505.4 2629.2 0.6424731016 -0.0131817861 -0.7661948800 -0.1384445876 0.9814026356 -0.1329734325 0.7536985278 0.1915073693 0.6286998391
248.5 -263.2 2613.6 0 0 0 0 0 0 0 0 0
366.6 -353.2 2845.9 0 0 0 0 0 0 0 0 0
-162.1 -892.6 2406.3 0 0 0 0 0 0 0 0 0
67.8 -880.6 2556.0 0 0 0 0 0 0 0 0 0
-33.7 16.9 2819.6 8 0.3337669671 0.3843767941 -0.8607288003 -0.1950761676 0.9214879274 0.3358649015 0.9222499132 0.0558070727 0.3825449944
-108.9 -163.5 2808.7 0.3337669671 0.3843767941 -0.8607288003 -0.1950761676 0.9214879274 0.3358649015 0.9222499132 0.0558070727 0.3825449944
-187.9 -345.8 2799.2 0.3346591592 0.3970200121 -0.8546217680 -0.1929775029 0.9165688157 0.3502303660 0.9223681092 0.0477149822 0.3833540678
-156.0 -136.4 2679.0 -0.6282549500 0.0667739362 -0.7751367688 0.6321707368 0.6245530844 -0.4585778117 0.4534929991 -0.7781225443 -0.4345910847
-3.4 -290.0 2568.8 -0.9790042639 0.0667739362 0.1925926059 -0.1095207110 0.6245530844 -0.7732649446 -0.1719182581 -0.7781225443 -0.6041269898
-61.9 -190.7 2938.3 0.7572999001 0.2917558849 -0.5842733383 -0.6529439688 0.3556427658 -0.6687169671 0.0126904957 0.8879171014 0.4598284662
116.8 -344.7 2941.3 0.9526808262 0.2917558849 0.0853098482 -0.0252524465 0.3556427658 -0.9342807531 -0.3029217124 0.8879171014 0.3461816013
-299.1 -512.1 2706.1 0.8510699272 -0.5135107040 -0.1094838232 -0.1141832545 0.0225154012 -0.9932045341 0.5124862790 0.8577877283 -0.0394721441
-89.2 -521.3 2355.4 0.8510699272 0.1978876740 -0.4863336682 -0.1141832545 0.9738452435 0.1964372396 0.5124862790 -0.1116506681 0.8514058590
-236.1 -545.6 2874.2 0.6185650826 -0.7857324481 0.0013458813 -0.1285144836 -0.1028621048 -0.9863586426 0.7751524448 0.6099540591 -0.1646049023
66.6 -506.0 2639.2 0.6185650826 -0.0151378941 -0.7855877280 -0.1285144836 0.9844011068 -0.1201601401 0.7751524448 0.1752862632 0.6069707274
251.1 -261.5 2613.5 0 0 0 0 0 0 0 0 0
364.2 -351.3 2862.7 0 0 0 0 0 0 0 0 0
-164.8 -893.4 2398.1 0 0 0 0 0 0 0 0 0
72.4 -882.3 2572.2 0 0 0 0 0 0 0 0 0
-32.2 14.9 2830.2 9 0.3094049990 0.3750141263 -0.8738609552 -0.2217266411 0.9220749140 0.3171989620 0.9247193336 0.0956153125 0.3684451878
-105.3 -165.0 2811.5 0.3094049990 0.3750141263 -0.8738609552 -0.2217266411 0.9220749140 0.3171989620 0.9247193336 0.0956153125 0.3684451878
-182.5 -347.2 2794.4 0.3106516004 0.3884070516 -0.8675457239 -0.2187228799 0.9174203277 0.3324158192 0.9250167012 0.0864865854 0.3699516058
-149.1 -134.2 2681.5 -0.6162734628 0.0876221210 -0.7826426029 0.6383426189 0.6375967264 -0.4312645793 0.4612220228 -0.7653710246 -0.4488668442
1.2 -289.9 2569.0 -0.9758399725 0.0876221210 0.2001466900 -0.0994320661 0.6375967264 -0.7639265060 -0.1945497245 -0.7653710246 -0.6134799123
-61.6 -195.8 2941.6 0.7617831826 0.2644278705 -0.5914087296 -0.6476801634 0.3306342363 -0.6864337921 0.0140277594 0.9059574604 0.4231362939
118.1 -348.6 2944.9 0.9608618617 0.2644278705 0.0825979188 -0.0098668020 0.3306342363 -0.9437074065 -0.2768522203 0.9059574604 0.3203028738
-297.5 -510.3 2705.1 0.8505851626 -0.5145738125 -0.1082529053 -0.1110551804 0.0254310668 -0.9934887886 0.5139763355 0.8570688963 -0.0355148017
-88.7 -520.6 2357.4 0.8505851626 0.1959756017 -0.4879533350 -0.1110551804 0.9739743471 0.1975871772 0.5139763355 -0.1138749644 0.8502122164
-231.1 -549.6 2861.9 0.5978328586 -0.8015062809 0.0135507314 -0.1474066675 -0.1265331507 -0.9809488654 0.7879512310 0.5844459534 -0.1937930435
77.6 -500.8 2636.8 0.5978328586 -0.0281803049 -0.8011253476 -0.1474066675 0.9784754515 -0.1444196999 0.7879512310 0.2044300437 0.5808107853
254.8 -264.0 2619.6 0 0 0 0 0 0 0 0 0
367.7 -351.2 2873.0 0 0 0 0 0 0 0 0 0
-163.7 -892.9 2401.0 0 0 0 0 0 0 0 0 0
88.4 -874.7 2558.7 0 0 0 0 0 0 0 0 0
-35.6 14.0 2835.0 0 0.3068414330 0.3477415442 -0.8859594464 -0.2292820662 0.9304565787 0.2857976854 0.9237304926 0.1154400483 0.3652335405
-103.7 -168.2 2812.4 0.3068414330 0.3477415442 -0.8859594464 -0.2292820662 0.9304565787 0.2857976854 0.9237304926 0.1154400483 0.3652335405
-175.4 -352.4 2792.6 0.3103706837 0.3609064221 -0.8794410825 -0.2200300545 0.9272793531 0.3028857708 0.9248009324 0.0994966030 0.3672105968
-147.4 -137.2 2682.3 -0.6057990193 0.0815259367 -0.7914297581 0.6359763145 0.6473240256 -0.4201258421 0.4780603647 -0.7578424215 -0.4439968169
-0.1 -291.9 2566.1 -0.9722843766 0.0815259367 0.2191269696 -0.1155204698 0.6473240256 -0.7534099817 -0.2032686025 -0.7578424215 -0.6199651361
-60.0 -199.2 2942.5 0.7802579999 0.2483185083 -0.5740516782 -0.6253309846 0.3281941414 -0.7079899311 0.0125934090 0.9113871455 0.4113573730
124.1 -346.7 2945.4 0.9626389146 0.2483185083 0.1080013067 0.0212920401 0.3281941414 -0.9443702698 -0.2699500024 0.9113871455 0.3106452525
-288.1 -509.4 2692.4 0.8541613817 -0.5089845061 -0.1065039858 -0.1053888649 0.0311205946 -0.9939439893 0.5092166066 0.8602129221 -0.0270592906
-88.7 -521.6 2355.4 0.8541613817 0.1952874959 -0.4819451571 -0.1053888649 0.9725812078 0.2073137462 0.5092166066 -0.1262877434 0.8513224125
-218.6 -556.8 2857.7 0.5965445638 -0.8014028072 0.0434522443 -0.1389311105 -0.1564371288 -0.9778678417 0.7904636264 0.5773048997 -0.2046615034
90.1 -496.5 2635.3 0.5965445638 -0.0580061078 -0.8004810214 -0.1389311105 0.9748640656 -0.1741786152 0.7904636264 0.2151170224 0.5734910369
252.6 -261.9 2618.9 0 0 0 0 0 0 0 0 0
374.1 -341.2 2875.3 0 0 0 0 0 0 0 0 0
-163.3 -893.4 2403.7 0 0 0 0 0 0 0 0 0
112.3 -868.9 2553.1 0 0 0 0 0 0 0 0 0
-37.3 17.0 2848.9 1 0.3117078245 0.3392569721 -0.8875488639 -0.2500679195 0.9304476380 0.2678305805 0.9166811109 0.1384626031 0.3748650849
-104.1 -166.2 2821.6 0.3117078245 0.3392569721 -0.8875488639 -0.2500679195 0.9304476380 0.2678305805 0.9166811109 0.1384626031 0.3748650849
-173.9 -350.6 2797.8 0.3161765635 0.3515587449 -0.8811576366 -0.2380427867 0.9284902811 0.2850288153 0.9183506966 0.1196337938 0.3772529066
-148.6 -132.7 2692.4 -0.5930939317 0.0910700113 -0.7999661565 0.6357858181 0.6625757217 -0.3959417045 0.4939797223 -0.7434377670 -0.4508706629
1.1 -293.2 2567.8 -0.9700655937 0.0910700113 0.2251199484 -0.1097382978 0.6625757217 -0.7409122586 -0.2166338861 -0.7434377670 -0.6327480078
-59.6 -199.7 2950.8 0.7869070172 0.2482573986 -0.5649297237 -0.6170535684 0.3095838726 -0.7234657407 -0.0047125886 0.9178922176 0.3968018293
126.1 -345.3 2949.7 0.9613431692 0.2482573986 0.1191117465 0.0377743877 0.3095838726 -0.9501215219 -0.2727497816 0.9178922176 0.2882385850
-275.5 -516.4 2688.1 0.8692317605 -0.4847105443 -0.0974259973 -0.1030273214 0.0151465386 -0.9945632219 0.4835509360 0.8745434880 -0.0367725790
-88.3 -522.3 2350.2 0.8692317605 0.1969103813 -0.4535002112 -0.1030273214 0.9692702889 0.2233841717 0.4835509360 -0.1474497020 0.8628076911
-214.8 -556.9 2858.3 0.6008741856 -0.7975941896 0.0528559722 -0.1510097235 -0.1782005280 -0.9723377228 0.7849498391 0.5762708783 -0.2275205702
92.6 -488.3 2636.2 0.6008741856 -0.0672700852 -0.7965079546 -0.1510097235 0.9689563513 -0.1957539916 0.7849498391 0.2379039675 0.5720624328
253.3 -264.7 2624.1 0 0 0 0 0 0 0 0 0
375.9 -335.5 2878.8 0 0 0 0 0 0 0 0 0
-163.5 -892.7 2406.6 0 0 0 0 0 0 0 0 0
118.3 -858.5 2545.3 0 0 0 0 0 0 0 0 0
-35.1 12.2 2833.8 2 0.3841687441 0.3594929576 -0.8503994346 -0.2481641024 0.9273904562 0.2799313366 0.8892856240 0.1034977436 0.4454876482
-105.8 -170.0 2813.5 0.3841687441 0.3594929576 -0.8503994346 -0.2481641024 0.9273904562 0.2799313366 0.8892856240 0.1034977436 0.4454876482
-179.2 -353.6 2794.9 0.3852581382 0.3704406619 -0.8451921940 -0.2454008609 0.9240388870 0.2931391001 0.8895811439 0.0944766700 0.4468999803
-159.8 -135.4 2688.7 -0.6243565679 0.1108298078 -0.7732371092 0.6188790202 0.6741725802 -0.4030882120 0.4766210616 -0.7302110195 -0.4895143211
-3.3 -290.6 2569.2 -0.9705183506 0.1108298078 0.2140347064 -0.0848167241 0.6741725802 -0.7336875796 -0.2256107777 -0.7302110195 -0.6448966265
-51.7 -204.6 2938.3 0.7760505080 0.3238765001 -0.5411558151 -0.6268897057 0.3023276627 -0.7180579901 -0.0689557269 0.8964942694 0.4376564026
131.0 -352.2 2922.0 0.9369856119 0.3238765001 0.1310037225 0.0287088733 0.3023276627 -0.9527716041 -0.3481864035 0.8964942694 0.2739785314
-272.8 -513.3 2689.8 0.8744546771 -0.4742698371 -0.1019664854 -0.1010422856 0.0275137406 -0.9945015907 0.4744675756 0.8799495101 -0.0238617901
-91.1 -523.8 2352.7 0.8744546771 0.1886028945 -0.4469429255 -0.1010422856 0.9719340205 0.2124491930 0.4744675756 -0.1406170577 0.8689691424
-217.4 -559.8 2857.6 0.6596782804 -0.7511417866 0.0247087125 -0.1602505147 -0.1727063209 -0.9718499184 0.7342644930 0.6371487379 -0.2343014777
71.3 -493.4 2612.7 0.6596782804 -0.0369459465 -0.7506394386 -0.1602505147 0.9689064622 -0.1885205358 0.7342644930 0.2446532547 0.6332459450
248.9 -268.5 2627.8 0 0 0 0 0 0 0 0 0
373.8 -344.8 2831.8 0 0 0 0 0 0 0 0 0
-163.2 -895.3 2406.4 0 0 0 0 0 0 0 0 0
85.4 -863.6 2519.2 0 0 0 0 0 0 0 0 0
-35.3 16.1 2826.8 3 0.3788563311 0.3669257760 -0.8496077657 -0.2384449244 0.9257494807 0.2934824526 0.8942102194 0.0913969725 0.4382176399
-107.4 -165.9 2808.8 0.3788563311 0.3669257760 -0.8496077657 -0.2384449244 0.9257494807 0.2934824526 0.8942102194 0.0913969725 0.4382176399
-182.6 -349.1 2793.2 0.3810290992 0.3788306713 -0.8433884978 -0.2330611497 0.9220996499 0.3088926971 0.8947062492 0.0788639858 0.4396375418
-161.0 -133.1 2683.1 -0.6358790398 0.1310136169 -0.7605874538 0.6222222447 0.6700697541 -0.4047789872 0.4566150606 -0.7306448817 -0.5076028705
-3.1 -287.6 2569.8 -0.9711434245 0.1310136169 0.1992885023 -0.0614081882 0.6700697541 -0.7397537231 -0.2304550111 -0.7306448817 -0.6426885128
-53.9 -198.7 2934.5 0.7708067894 0.3246904910 -0.5481176972 -0.6345921159 0.3155292273 -0.7055027485 -0.0561228655 0.8916375041 0.4492580891
127.9 -348.3 2921.3 0.9379941821 0.3246904910 0.1214205697 0.0136000095 0.3155292273 -0.9488183856 -0.3463840485 0.8916375041 0.2915488183
-287.9 -514.7 2694.9 0.8619484901 -0.4988396168 -0.0905752108 -0.0916968659 0.0223177578 -0.9955368638 0.4986346662 0.8664069176 -0.0265052728
-91.0 -523.5 2353.0 0.8619484901 0.1823857278 -0.4730542004 -0.0916968659 0.9737469554 0.2083472908 0.4986346662 -0.1362070441 0.8560438752
-222.9 -553.8 2859.6 0.6564442515 -0.7542140484 0.0155608086 -0.1536392123 -0.1538609564 -0.9760746956 0.7385634184 0.6383478642 -0.2168779969
67.4 -494.5 2613.9 0.6564442515 -0.0285335071 -0.7538347244 -0.1536392123 0.9732832909 -0.1706299335 0.7385634184 0.2278276086 0.6345223784
249.3 -271.6 2629.6 0 0 0 0 0 0 0 0 0
371.3 -344.8 2831.4 0 0 0 0 0 0 0 0 0
-160.7 -895.8 2405.1 0 0 0 0 0 0 0 0 0
78.3 -866.4 2526.8 0 0 0 0 0 0 0 0 0
-32.9 20.7 2832.8 4 0.3301087916 0.3741305172 -0.8666340113 -0.2168820649 0.9235996604 0.3161105216 0.9186894894 0.0836065263 0.3860305548
-106.8 -161.8 2816.3 0.3301087916 0.3741305172 -0.8666340113 -0.2168820649 0.9235996604 0.3161105216 0.9186894894 0.0836065263 0.3860305548
-183.3 -344.7 2801.3 0.3314778805 0.3846389949 -0.8614959717 -0.2135555595 0.9200106263 0.3285947144 0.9189757705 0.0750553682 0.3871049583
-153.4 -131.9 2687.3 -0.6163509488 0.1205857396 -0.7781841755 0.6264536977 0.6738572121 -0.3917552829 0.4771448970 -0.7289550900 -0.4908739030
-1.0 -286.7 2569.3 -0.9745699167 0.1205857396 0.1888717413 -0.0593508594 0.6738572121 -0.7364739776 -0.2160808444 -0.7289550900 -0.6495640874
-60.3 -191.8 2945.3 0.7654082179 0.2813418806 -0.5787892342 -0.6435450315 0.3347352743 -0.6883328557 0.0000843045 0.8993325830 0.4372653067
120.0 -343.4 2945.3 0.9548358917 0.2813418806 0.0955780298 -0.0043061269 0.3347352743 -0.9423023462 -0.2971024811 0.8993325830 0.3208287358
-292.7 -511.0 2695.7 0.8565199375 -0.5083671212 -0.0890865624 -0.0872134790 0.0275648087 -0.9958081841 0.5086918473 0.8606991768 -0.0207266565
-90.6 -521.9 2353.4 0.8565199375 0.1756458730 -0.4853061736 -0.0872134790 0.9760429859 0.1993336231 0.5086918473 -0.1284079850 0.8513190150
-229.4 -547.1 2870.5 0.6153263450 -0.7881175280 0.0156284217 -0.1415623873 -0.1299858689 -0.9813581109 0.7754570246 0.6016430855 -0.1915515214
73.8 -497.1 2639.1 0.6153263450 -0.0286914837 -0.7877501249 -0.1415623873 0.9790683985 -0.1462367177 0.7754570246 0.2014990896 0.5983849168
252.2 -271.3 2625.5 0 0 0 0 0 0 0 0 0
367.6 -344.5 2868.2 0 0 0 0 0 0 0 0 0
-157.7 -895.1 2402.5 0 0 0 0 0 0 0 0 0
84.8 -871.2 2562.1 0 0 0 0 0 0 0 0 0
-26.9 34.8 2816.8 5 0.3154940903 0.3829187155 -0.8682377338 -0.1664614677 0.9231123924 0.3466325104 0.9342130423 0.0351676159 0.3549777269
-102.3 -146.9 2809.9 0.3154940903 0.3829187155 -0.8682377338 -0.1664614677 0.9231123924 0.3466325104 0.9342130423 0.0351676159 0.3549777269
-179.7 -329.6 2803.9 0.3165040910 0.3894241154 -0.8649705648 -0.1640504748 0.9205789566 0.3544317186 0.9342979193 0.0297197383 0.3552522063
-146.8 -123.9 2678.7 -0.5947178006 0.1406064481 -0.7915431857 0.6670587659 0.6358488202 -0.3882381916 0.4487129748 -0.7588979602 -0.4719433486
-0.3 -288.2 2568.2 -0.9705929756 0.1406064481 0.1953946054 -0.0627498180 0.6358488202 -0.7692585588 -0.2324041426 -0.7588979602 -0.6083273888
-57.8 -169.9 2941.0 0.7618808746 0.2697517276 -0.5888730884 -0.6459831595 0.3829272985 -0.6603578329 0.0473629087 0.8835160732 0.4660000503
121.7 -322.1 2952.1 0.9591939449 0.2697517276 0.0847406089 -0.0261104889 0.3829272985 -0.9234094024 -0.2815407813 0.8835160732 0.3743448853
-290.0 -508.0 2702.3 0.8630685806 -0.4961065948 -0.0948204249 -0.0892519280 0.0349788107 -0.9953947067 0.4971385896 0.8675567508 -0.0140893562
-88.8 -522.2 2350.4 0.8630685806 0.1853509247 -0.4698486030 -0.0892519280 0.9715610743 0.2193243057 0.4971385896 -0.1473570168 0.8550667167
-228.2 -527.4 2883.5 0.6023433208 -0.7981476188 0.0119534312 -0.1019242555 -0.0917548090 -0.9905515909 0.7917032242 0.5954337716 -0.1366184950
79.0 -492.1 2654.4 0.6023433208 -0.0253376309 -0.7978349328 -0.1019242555 0.9888734818 -0.1083546281 0.7917032242 0.1465854198 0.5930587649
252.0 -271.9 2628.6 0 0 0 0 0 0 0 0 0
370.7 -328.8 2879.1 0 0 0 0 0 0 0 0 0
-159.7 -893.5 2406.8 0 0 0 0 0 0 0 0 0
88.6 -869.4 2598.4 0 0 0 0 0 0 0 0 0
-33.5 26.7 2828.3 6 0.2704772651 0.3789320290 -0.8850155473 -0.1831343323 0.9227464199 0.3391177654 0.9451475143 0.0703530908 0.3189773858
-107.9 -154.5 2814.5 0.2704772651 0.3789320290 -0.8850155473 -0.1831343323 0.9227464199 0.3391177654 0.9451475143 0.0703530908 0.3189773858
-186.2 -336.7 2802.8 0.2727080882 0.3943490088 -0.8775643110 -0.1778266579 0.9170815349 0.3568461239 0.9455199242 0.0587395057 0.3202213049
-146.3 -129.6 2681.7 -0.5988582969 0.1374468952 -0.7889721990 0.6545771956 0.6516020894 -0.3833319843 0.4614081383 -0.7460047007 -0.4801869094
0.2 -289.7 2568.9 -0.9669474363 0.1374468952 0.2147579193 -0.0750273392 0.6516020894 -0.7548414469 -0.2436873168 -0.7460047007 -0.6197527051
-69.6 -179.5 2947.2 0.7538004518 0.2328584492 -0.6144605875 -0.6529921293 0.3698931932 -0.6608935595 0.0733901411 0.8994197845 0.4308804274
108.1 -333.4 2964.5 0.9706275463 0.2328584492 0.0604910105 -0.0308698751 0.3698931932 -0.9285612702 -0.2385985553 0.8994197845 0.3662168384
-286.2 -497.4 2712.5 0.8722467422 -0.4758992791 -0.1127186939 -0.0940796435 0.0628996417 -0.9935756922 0.4799319208 0.8772476912 0.0100915702
-91.2 -523.2 2353.1 0.8722467422 0.1750492156 -0.4566655159 -0.0940796435 0.9763672352 0.1945661753 0.4799319208 -0.1267467737 0.8681017160
-239.5 -535.1 2877.6 0.5654637814 -0.8247039318 0.0106816348 -0.1158401966 -0.0922359079 -0.9889760017 0.8165977001 0.5579927564 -0.1476899385
77.8 -499.6 2662.9 0.5654637814 -0.0254287813 -0.8243810534 -0.1158401966 0.9871683121 -0.1099078208 0.8165977001 0.1576453596 0.5552622676
251.5 -270.2 2632.2 0 0 0 0 0 0 0 0 0
360.0 -341.4 2902.6 0 0 0 0 0 0 0 0 0
-158.1 -896.3 2401.5 0 0 0 0 0 0 0 0 0
87.5 -876.7 2602.7 0 0 0 0 0 0 0 0 0
-34.2 22.3 2824.0 7 0.2739033103 0.3875070512 -0.8802359104 -0.1776552200 0.9198727012 0.3496753573 0.9452066422 0.0606012642 0.3207988441
-110.4 -158.5 2812.1 0.2739033103 0.3875070512 -0.8802359104 -0.1776552200 0.9198727012 0.3496753573 0.9452066422 0.0606012642 0.3207988441
-190.4 -340.1 2802.1 0.2756359875 0.4027532339 -0.8728199601 -0.1736346036 0.9139185548 0.3668840528 0.9454500675 0.0504253060 0.3218407333
-149.2 -134.1 2679.2 -0.6137056351 0.1293731928 -0.7788632512 0.6428504586 0.6545964479 -0.3978024721 0.4583761394 -0.7448261976 -0.4848971367
1.0 -291.4 2567.1 -0.9661645293 0.1293731928 0.2231337875 -0.0858103484 0.6545964479 -0.7510926127 -0.2432338297 -0.7448261976 -0.6213462949
-71.7 -182.9 2945.0 0.7484106421 0.2405651808 -0.6180695295 -0.6590384245 0.3744170368 -0.6522884965 0.0744978637 0.8955111504 0.4387593865
104.9 -338.4 2962.6 0.9691231847 0.2405651808 0.0541166030 -0.0412136540 0.3744170368 -0.9263440371 -0.2431083024 0.8955111504 0.3727708161
-289.5 -502.6 2704.5 0.8640050292 -0.4907373786 -0.1125706732 -0.0994286314 0.0528750457 -0.9936388731 0.4935679138 0.8697016835 -0.0031090404
-90.7 -524.0 2352.3 0.8640050292 0.1859323829 -0.4678936601 -0.0994286314 0.9740225077 0.2034554034 0.4935679138 -0.1292644590 0.8600473404
-245.2 -537.6 2878.7 0.5685311556 -0.8226609230 0.0011688311 -0.1150972471 -0.0809489861 -0.9900504351 0.8145704269 0.5627399683 -0.1407080293
71.7 -506.4 2661.9 0.5685311556 -0.0159857515 -0.8225064278 -0.1150972471 0.9884318709 -0.0987678543 0.8145704269 0.1508208215 0.5601143837
252.1 -269.1 2630.3 0 0 0 0 0 0 0 0 0
356.6 -349.1 2899.4 0 0 0 0 0 0 0 0 0
-161.8 -896.3 2401.7 0 0 0 0 0 0 0 0 0
77.8 -884.1 2604.3 0 0 0 0 0 0 0 0 0
-34.6 20.6 2821.4 8 0.3109934330 0.3920161724 -0.8657981157 -0.1843826324 0.9185495377 0.3496709764 0.9323551655 0.0508927591 0.3579438329
-111.9 -160.4 2811.4 0.3109934330 0.3920161724 -0.8657981157 -0.1843826324 0.9185495377 0.3496709764 0.9323551655 0.0508927591 0.3579438329
-192.8 -341.7 2803.1 0.3120662868 0.4075586796 -0.8582019210 -0.1819261461 0.9122318625 0.3670639694 0.9324792027 0.0415810868 0.3588223755
-155.7 -134.8 2680.3 -0.6306960583 0.1223451346 -0.7663251162 0.6262785196 0.6633721590 -0.4095273018 0.4582550526 -0.7382202148 -0.4950083196
2.3 -291.7 2565.5 -0.9666530490 0.1223451346 0.2249745280 -0.0889583975 0.6633721590 -0.7429830432 -0.2401421815 -0.7382202148 -0.6303670406
-68.0 -186.0 2942.4 0.7483153939 0.2770018876 -0.6027387381 -0.6621451378 0.3665039837 -0.6536349654 0.0398480408 0.8882256150 0.4576760232
108.5 -342.1 2951.8 0.9586191177 0.2770018876 0.0657215193 -0.0421823338 0.3665039837 -0.9294597507 -0.2815493047 0.8882256150 0.3630223274
-295.7 -505.8 2705.4 0.8584148288 -0.5021301508 -0.1048300862 -0.0945194960 0.0460283570 -0.9944583774 0.5041726828 0.8635662794 -0.0079496652
-89.9 -524.7 2351.5 0.8584148288 0.1906598657 -0.4762067199 -0.0945194960 0.9712529182 0.2184807956 0.5041726828 -0.1425363272 0.8517589569
-245.2 -539.7 2880.3 0.5999140739 -0.8000285625 -0.0075764395 -0.1232115850 -0.0830270499 -0.9889011383 0.7905200720 0.5941892266 -0.1483818889
62.9 -507.7 2651.5 0.5999140739 -0.0065154242 -0.8000379205 -0.1232115850 0.9872853756 -0.1004314199 0.7905200720 0.1588241607 0.5914835930
253.6 -268.5 2628.0 0 0 0 0 0 0 0 0 0
357.4 -353.1 2878.7 0 0 0 0 0 0 0 0 0
-162.8 -895.9 2406.0 0 0 0 0 0 0 0 0 0
65.4 -885.0 2590.8 0 0 0 0 0 0 0 0 0
-36.4 19.4 2821.1 9 0.3270823359 0.3774954975 -0.8663222790 -0.1869664490 0.9244761467 0.3322460651 0.9263156652 0.0533013828 0.3729588091
-110.6 -162.3 2810.6 0.3270823359 0.3774954975 -0.8663222790 -0.1869664490 0.9244761467 0.3322460651 0.9263156652 0.0533013828 0.3729588091
-189.0 -344.7 2801.9 0.3278142214 0.3944174647 -0.8584711552 -0.1852196157 0.9178798795 0.3509846926 0.9264078736 0.0439479277 0.3739479184
-156.7 -136.2 2680.3 -0.6318356395 0.1115462780 -0.7670339942 0.6256060600 0.6576232910 -0.4197007418 0.4576033652 -0.7450429797 -0.4852938354
-0.4 -291.0 2567.1 -0.9721690416 0.1115462780 0.2060212195 -0.0832162127 0.6576232910 -0.7487367392 -0.2190031409 -0.7450429797 -0.6300385594
-64.5 -188.3 2940.9 0.7587523460 0.2839510143 -0.5862309337 -0.6509528160 0.3630996048 -0.6666476727 0.0235649589 0.8874291778 0.4603413939
114.5 -341.9 2946.5 0.9550885558 0.2839510143 0.0847214013 -0.0253300909 0.3630996048 -0.9314059615 -0.2952359617 0.8874291778 0.3539847732
-302.4 -506.3 2709.4 0.8533334732 -0.5110820532 -0.1030395180 -0.0932995453 0.0447497107 -0.9946319461 0.5129494667 0.8583662510 -0.0094972951
-89.7 -524.9 2352.3 0.8533334732 0.1893064529 -0.4857829213 -0.0932995453 0.9721577764 0.2149522156 0.5129494667 -0.1381025910 0.8472369909
-237.3 -544.1 2878.0 0.6127815843 -0.7902368903 0.0049446006 -0.1210943684 -0.1000808775 -0.9875829220 0.7809192538 0.6045738459 -0.1570209563
67.1 -505.6 2645.1 0.6127815843 -0.0190661065 -0.7900223136 -0.1210943684 0.9856366515 -0.1177139506 0.7809192538 0.1678001881 0.6016711593
252.3 -269.4 2624.1 0 0 0 0 0 0 0 0 0
362.6 -348.4 2869.8 0 0 0 0 0 0 0 0 0
-162.1 -896.6 2405.1 0 0 0 0 0 0 0 0 0
74.4 -882.3 2581.0 0 0 0 0 0 0 0 0 0
-34.5 16.8 2820.4 0 0.3165932894 0.3886555433 -0.8652834892 -0.1868901104 0.9198832512 0.3447997868 0.9299681783 0.0525516383 0.3638647497
-111.2 -164.9 2810.1 0.3165932894 0.3886555433 -0.8652834892 -0.1868901104 0.9198832512 0.3447997868 0.9299681783 0.0525516383 0.3638647497
-190.0 -347.2 2801.5 0.3189531565 0.3962576389 -0.8609580398 -0.1813670546 0.9171344042 0.3549231291 0.9302552938 0.0429455675 0.3643909991
-156.1 -139.4 2679.2 -0.6392242312 0.1196611598 -0.7596535683 0.6170526743 0.6693428159 -0.4137948155 0.4589534998 -0.7332539558 -0.5016974211
0.7 -290.7 2566.6 -0.9692035317 0.1196611598 0.2152339965 -0.0813584179 0.6693428159 -0.7384856343 -0.2324333638 -0.7332539558 -0.6389939785
-66.4 -190.4 2940.9 0.7569717169 0.2768115401 -0.5919199586 -0.6525779366 0.3669601977 -0.6629346013 0.0337030962 0.8880966306 0.4584195912
112.3 -344.4 2948.9 0.9576522708 0.2768115401 0.0792308673 -0.0291458089 0.3669601977 -0.9297799468 -0.2864483893 0.8880966306 0.3594881594
-297.4 -510.2 2708.2 0.8573378325 -0.5044245720 -0.1026045457 -0.1000970677 0.0321533009 -0.9944580197 0.5049281120 0.8628569245 -0.0229251757
-89.8 -523.4 2353.0 0.8573378325 0.1953150183 -0.4762603045 -0.1000970677 0.9708147645 0.2179432213 0.5049281120 -0.1391787082 0.8518667221
-239.5 -546.1 2878.3 0.6053867936 -0.7959217429 0.0039228112 -0.1186246574 -0.0950985625 -0.9883746505 0.7870419025 0.5978836417 -0.1519873589
67.2 -509.5 2647.8 0.6053867936 -0.0182214770 -0.7957227826 -0.1186246574 0.9865066409 -0.1128400713 0.7870419025 0.1627042294 0.5950565934
252.6 -269.6 2627.0 0 0 0 0 0 0 0 0 0
361.1 -351.9 2874.4 0 0 0 0 0 0 0 0 0
-164.5 -894.5 2406.2 0 0 0 0 0 0 0 0 0
74.2 -886.6 2585.7 0 0 0 0 0 0 0 0 0
-31.8 20.1 2819.6 1 0.2906133533 0.3974107504 -0.8704071045 -0.1747575402 0.9164121747 0.3600673676 0.9407463670 0.0474698320 0.3357721269
-110.1 -160.5 2810.3 0.2906133533 0.3974107504 -0.8704071045 -0.1747575402 0.9164121747 0.3600673676 0.9407463670 0.0474698320 0.3357721269
-191.5 -341.6 2802.7 0.2925263941 0.4096719325 -0.8640585542 -0.1704249233 0.9114526510 0.3744454384 0.9409483075 0.0377219394 0.3364422619
-151.2 -136.5 2677.9 -0.6326766610 0.1211755797 -0.7648769021 0.6284695864 0.6574397087 -0.4156909585 0.4524888694 -0.7436998487 -0.4921019375
3.7 -290.4 2567.1 -0.9684546590 0.1211755797 0.2177432179 -0.0860465020 0.6574397087 -0.7485780120 -0.2338624150 -0.7436998487 -0.6262738109
-68.9 -184.4 2942.6 0.7453578711 0.2601212561 -0.6138229370 -0.6636077762 0.3775629103 -0.6458103061 0.0637677982 0.8886974454 0.4540379941
106.9 -341.0 2957.6 0.9639907479 0.2601212561 0.0553063788 -0.0488288663 0.3775629103 -0.9246956110 -0.2614146173 0.8886974454 0.3766686022
-298.0 -512.9 2707.6 0.8551322818 -0.5079391599 -0.1036657169 -0.1059416234 0.0245243218 -0.9940698743 0.5074693561 0.8610437512 -0.0328403600
-89.0 -522.9 2353.3 0.8551322818 0.1949270368 -0.4803667665 -0.1059416234 0.9727696776 0.2061445713 0.5074693561 -0.1253900379 0.8524976373
-246.1 -538.4 2881.4 0.5833886862 -0.8121520281 -0.0081670806 -0.1148348376 -0.0725257546 -0.9907335639 0.8040339351 0.5789206028 -0.1355740577
66.8 -510.5 2658.4 0.5833886862 -0.0063444534 -0.8121683598 -0.1148348376 0.9892796278 -0.0902150199 0.8040339351 0.1458956450 0.5764060020
255.4 -268.0 2627.9 0 0 0 0 0 0 0 0 0
357.3 -353.6 2889.7 0 0 0 0 0 0 0 0 0
-163.5 -894.8 2401.2 0 0 0 0 0 0 0 0 0
69.2 -888.6 2602.6 0 0 0 0 0 0 0 0 0
-34.0 21.3 2830.2 2 0.2402711213 0.3896405399 -0.8890725970 -0.1811374575 0.9178125262 0.3532837331 0.9536556005 0.0761604682 0.2911023498
-110.7 -159.2 2815.2 0.2402711213 0.3896405399 -0.8890725970 -0.1811374575 0.9178125262 0.3532837331 0.9536556005 0.0761604682 0.2911023498
-190.9 -340.6 2802.6 0.2432246953 0.4044235945 -0.8816367388 -0.1743300408 0.9123576880 0.3704220057 0.9541754723 0.0635999814 0.2924110889
-144.9 -134.7 2681.1 -0.6180456281 0.1335161179 -0.7747212648 0.6380270720 0.6609270573 -0.3950910270 0.4592832029 -0.7384774089 -0.4936699569
5.9 -290.4 2569.1 -0.9647903442 0.1335161179 0.2266121060 -0.0837026983 0.6609270573 -0.7457675934 -0.2493460625 -0.7384774089 -0.6264803410
-76.5 -183.8 2949.3 0.7425180078 0.2121176869 -0.6353527308 -0.6623769999 0.3735900223 -0.6493744254 0.0996176302 0.9030152559 0.4178992212
98.6 -340.0 2972.8 0.9765079618 0.2121176869 0.0379250646 -0.0451688394 0.3735900223 -0.9264935255 -0.2106940895 0.9030152559 0.3743947446
-299.8 -507.2 2708.9 0.8536354899 -0.5094827414 -0.1083223745 -0.1051585302 0.0351092704 -0.9938355088 0.5101451874 0.8597642779 -0.0236059353
-88.9 -521.7 2353.0 0.8536354899 0.1972596347 -0.4820736945 -0.1051585302 0.9717240930 0.2114093751 0.5101451874 -0.1297723949 0.8502417207
-248.9 -537.9 2877.3 0.5407311320 -0.8411928415 0.0021222413 -0.1168302596 -0.0775981694 -0.9901157618 0.8330429196 0.5351384878 -0.1402365118
74.9 -508.1 2671.4 0.5407311320 -0.0171669908 -0.8410202861 -0.1168302596 0.9885694981 -0.0952943936 0.8330429196 0.1497852653 0.5325446725
256.7 -268.6 2633.9 0 0 0 0 0 0 0 0 0
352.1 -351.7 2918.1 0 0 0 0 0 0 0 0 0
-164.3 -893.2 2402.6 0 0 0 0 0 0 0 0 0
81.4 -885.9 2614.1 0 0 0 0 0 0 0 0 0
-30.9 31.0 2825.0 3 0.2463110536 0.3813695312 -0.8910040259 -0.1588067114 0.9227836132 0.3510710299 0.9560917020 0.0550247468 0.2878558338
-106.2 -151.2 2814.1 0.2463110536 0.3813695312 -0.8910040259 -0.1588067114 0.9227836132 0.3510710299 0.9560917020 0.0550247468 0.2878558338
-184.7 -333.5 2805.6 0.2491676062 0.3951217830 -0.8841913342 -0.1520362496 0.9176250696 0.3672181964 0.9564520121 0.0429302529 0.2887152731
-141.2 -129.8 2679.7 -0.6067538261 0.1255083978 -0.7849187255 0.6582343578 0.6329066157 -0.4076232612 0.4456201196 -0.7639874816 -0.4666324556
7.2 -290.8 2570.6 -0.9685118198 0.1255083978 0.2150173187 -0.0887344778 0.6329066157 -0.7691263556 -0.2326176912 -0.7639874816 -0.6018406749
-71.2 -172.6 2948.6 0.7501544356 0.2121961713 -0.6262915730 -0.6520873904 0.3946086764 -0.6473531127 0.1097742245 0.8940116167 0.4343878925
105.8 -326.4 2974.5 0.9759799838 0.2121961713 0.0493544042 -0.0393725745 0.3946086764 -0.9180053473 -0.2142729014 0.8940116167 0.3934848905
-293.5 -506.0 2702.5 0.8550775051 -0.5063552260 -0.1115652621 -0.1064617932 0.0391271003 -0.9935466647 0.5074527860 0.8614368439 -0.0204507802
-88.2 -521.8 2353.2 0.8550775051 0.2030842751 -0.4770735800 -0.1064617932 0.9692655206 0.2217886448 0.5074527860 -0.1388563812 0.8504179120
-240.3 -529.8 2884.7 0.5455268621 -0.8380110264 0.0117459726 -0.0940280780 -0.0751248300 -0.9927310944 0.8328019977 0.5404570103 -0.1197791770
82.5 -500.9 2676.5 0.5455268621 -0.0269493572 -0.8376599550 -0.0940280780 0.9912045598 -0.0931251049 0.8328019977 0.1295658052 0.5381947160
259.0 -267.8 2631.1 0 0 0 0 0 0 0 0 0
359.3 -336.6 2918.8 0 0 0 0 0 0 0 0 0
-165.8 -892.4 2406.3 0 0 0 0 0 0 0 0 0
92.8 -879.7 2627.0 0 0 0 0 0 0 0 0 0
-35.4 24.8 2832.9 4 0.2612013221 0.3689432144 -0.8919948339 -0.1906494945 0.9255898595 0.3270110488 0.9462698698 0.0846426487 0.3121041358
-108.1 -157.5 2816.2 0.2612013221 0.3689432144 -0.8919948339 -0.1906494945 0.9255898595 0.3270110488 0.9462698698 0.0846426487 0.3121041358
-184.8 -340.2 2802.2 0.2641984224 0.3859971166 -0.8838582635 -0.1833233088 0.9198112488 0.3469003737 0.9468852878 0.0703812912 0.3137749434
-145.3 -131.8 2683.1 -0.6118869185 0.1286291480 -0.7804158926 0.6423704028 0.6564913392 -0.3954482973 0.4614700973 -0.7432857156 -0.4843260348
7.3 -291.9 2568.1 -0.9673877358 0.1286291480 0.2182099074 -0.0818566382 0.6564913392 -0.7498790622 -0.2397092134 -0.7432857156 -0.6245525479
-70.9 -183.3 2949.3 0.7587468624 0.2202148139 -0.6130323410 -0.6469153166 0.3648186028 -0.6696326733 0.0761825517 0.9046617150 0.4192653000
108.0 -335.9 2967.3 0.9733021855 0.2202148139 0.0647169426 -0.0206479747 0.3648186028 -0.9308496714 -0.2285968214 0.9046617150 0.3596257269
-286.0 -502.0 2709.4 0.8673926592 -0.4834019244 -0.1181210354 -0.1055805385 0.0531915165 -0.9929870963 0.4862949252 0.8737810254 -0.0048999055
-88.1 -523.7 2351.7 0.8673926592 0.1964729726 -0.4571962059 -0.1055805385 0.9705009460 0.2167503089 0.4862949252 -0.1397365928 0.8625490665
-237.3 -539.8 2875.0 0.5579093695 -0.8296473622 0.0205525961 -0.1179456934 -0.1037794948 -0.9875822067 0.8214778900 0.5485572815 -0.1557528824
82.3 -499.8 2663.6 0.5579093695 -0.0352832675 -0.8291515112 -0.1179456934 0.9855834246 -0.1213018447 0.8214778900 0.1654702872 0.5457047224
258.7 -270.6 2630.4 0 0 0 0 0 0 0 0 0
360.9 -341.2 2907.9 0 0 0 0 0 0 0 0 0
-163.2 -894.7 2405.1 0 0 0 0 0 0 0 0 0
95.8 -876.3 2600.4 0 0 0 0 0 0 0 0 0
-35.2 18.2 2825.8 5 0.3244837224 0.3692942858 -0.8708226085 -0.2072218060 0.9260264039 0.3154903948 0.9229135513 0.0780819356 0.3770063519
-108.0 -164.3 2810.4 0.3244837224 0.3692942858 -0.8708226085 -0.2072218060 0.9260264039 0.3154903948 0.9229135513 0.0780819356 0.3770063519
-185.1 -347.0 2797.0 0.3253278732 0.3877353072 -0.8624517918 -0.2051641345 0.9192836285 0.3358948231 0.9230760932 0.0676682293 0.3786179721
-153.7 -135.5 2680.9 -0.6409487724 0.1420932859 -0.7543170452 0.6229344010 0.6704725623 -0.4030127525 0.4484834671 -0.7282005548 -0.5182533860
6.1 -290.7 2569.1 -0.9655259848 0.1420932859 0.2181034237 -0.0682149976 0.6704725623 -0.7387917638 -0.2512097061 -0.7282005548 -0.6376658082
-62.4 -193.1 2940.0 0.7629490495 0.2774366438 -0.5838986635 -0.6463630795 0.3429062366 -0.6816377640 0.0111111859 0.8974654675 0.4409447908
117.3 -345.3 2942.6 0.9564973116 0.2774366438 0.0902321935 -0.0108510740 0.3429062366 -0.9393069744 -0.2915393412 0.8974654675 0.3309993744
-285.8 -506.2 2701.4 0.8643057942 -0.4897650778 -0.1144799888 -0.1054107100 0.0461697727 -0.9933564067 0.4917967916 0.8706310987 -0.0117216855
-89.4 -524.7 2352.2 0.8643057942 0.1959035844 -0.4632464647 -0.1054107100 0.9711269736 0.2140116990 0.4917967916 -0.1361404061 0.8600009680
-232.4 -548.4 2868.0 0.6102522612 -0.7920999527 0.0130317723 -0.1358581185 -0.1208461896 -0.9833304286 0.7804708481 0.5983091593 -0.1813598722
72.3 -501.9 2637.9 0.6102522612 -0.0259394329 -0.7917823792 -0.1358581185 0.9812303185 -0.1368561387 0.7804708481 0.1910868287 0.5952739120
257.0 -273.0 2634.4 0 0 0 0 0 0 0 0 0
365.4 -348.1 2867.0 0 0 0 0 0 0 0 0 0
-164.3 -896.0 2404.2 0 0 0 0 0 0 0 0 0
82.2 -876.8 2564.9 0 0 0 0 0 0 0 0 0
-32.9 16.2 2822.8 6 0.3529457152 0.3735788763 -0.8578276038 -0.2099731416 0.9250713587 0.3164715171 0.9117788076 0.0684234872 0.4049414992
-106.5 -166.1 2809.3 0.3529457152 0.3735788763 -0.8578276038 -0.2099731416 0.9250713587 0.3164715171 0.9117788076 0.0684234872 0.4049414992
-183.6 -348.9 2797.1 0.3529586196 0.3881311417 -0.8513368368 -0.2099418789 0.9195510745 0.3321900368 0.9117810130 0.0614819191 0.4060484469
-156.1 -136.6 2681.3 -0.6479059458 0.1251126230 -0.7513751984 0.6150934696 0.6677824259 -0.4191976488 0.4493082166 -0.7337666154 -0.5096161962
3.4 -288.0 2570.6 -0.9703204632 0.1251126230 0.2069420666 -0.0719043687 0.6677824259 -0.7408754230 -0.2308851480 -0.7337666154 -0.6389667988
-56.9 -195.6 2937.4 0.7640468478 0.3036683798 -0.5692257285 -0.6449773908 0.3384900093 -0.6851486564 -0.0153807551 0.8906233907 0.4544814825
123.2 -347.6 2933.8 0.9473702908 0.3036683798 0.1013659313 -0.0078213466 0.3384900093 -0.9409374595 -0.3200443089 0.8906233907 0.3230504692
-291.9 -510.9 2699.1 0.8566424251 -0.5040466189 -0.1100033447 -0.1074303389 0.0342673473 -0.9936218858 0.5046012998 0.8629963994 -0.0247950368
-89.7 -524.6 2352.8 0.8566424251 0.1962565035 -0.4771237969 -0.1074303389 0.9724038839 0.2070976049 0.5046012998 -0.1261510253 0.8540863395
-228.4 -550.9 2868.4 0.6335335374 -0.7736628056 0.0090065654 -0.1391409338 -0.1253745407 -0.9823039174 0.7611012459 0.6210692525 -0.1870771497
69.4 -502.6 2629.3 0.6335335374 -0.0221542828 -0.7733979821 -0.1391409338 0.9800311923 -0.1420514733 0.7611012459 0.1976056844 0.6178000569
255.6 -269.3 2630.6 0 0 0 0 0 0 0 0 0
369.1 -349.6 2850.7 0 0 0 0 0 0 0 0 0
-164.7 -896.4 2401.1 0 0 0 0 0 0 0 0 0
77.8 -877.1 2553.8 0 0 0 0 0 0 0 0 0
-34.1 15.6 2821.8 7 0.3503413796 0.3625750542 -0.8635972738 -0.2098020911 0.9289832711 0.3049150407 0.9128220081 0.0743601695 0.4015302658
-105.4 -167.2 2807.2 0.3503413796 0.3625750542 -0.8635972738 -0.2098020911 0.9289832711 0.3049150407 0.9128220081 0.0743601695 0.4015302658
-179.5 -351.1 2794.2 0.3517418802 0.3728109002 -0.8586557508 -0.2062701285 0.9255940914 0.3173771501 0.9130883217 0.0654801950 0.4024699628
-154.9 -138.1 2678.8 -0.6459040642 0.1173643619 -0.7543430924 0.6169242859 0.6622762680 -0.4251994491 0.4496802688 -0.7400106192 -0.5001718402
2.0 -287.9 2569.6 -0.9738665223 0.1173643619 0.1944467872 -0.0691488385 0.6622762680 -0.7460620403 -0.2163385898 -0.7400106192 -0.6368530989
-55.9 -196.2 2935.5 0.7746747136 0.2937211990 -0.5600062013 -0.6322290897 0.3417367637 -0.6953433752 -0.0128623825 0.8927171230 0.4504339099
126.8 -345.3 2932.5 0.9489505291 0.2937211990 0.1149813682 0.0080928011 0.3417367637 -0.9397608638 -0.3153210282 0.8927171230 0.3219142556
-293.1 -512.4 2701.4 0.8566250205 -0.5044007897 -0.1085054129 -0.1078939140 0.0305243675 -0.9936937094 0.5045319796 0.8629299402 -0.0282738414
-89.8 -524.7 2353.6 0.8566250205 0.1925759465 -0.4786523879 -0.1078939140 0.9740812182 0.1988081336 0.5045319796 -0.1186603382 0.8552001119
-221.3 -554.0 2864.8 0.6319603324 -0.7745712996 0.0257955790 -0.1304387599 -0.1391147524 -0.9816480279 0.7639449239 0.6169978380 -0.1889491379
77.0 -500.4 2627.2 0.6319603324 -0.0393730067 -0.7739999294 -0.1304387599 0.9790578485 -0.1563056558 0.7639449239 0.1997385770 0.6135899425
255.1 -270.0 2625.8 0 0 0 0 0 0 0 0 0
373.2 -343.2 2850.6 0 0 0 0 0 0 0 0 0
-163.5 -897.1 2399.0 0 0 0 0 0 0 0 0 0
92.1 -874.6 2550.8 0 0 0 0 0 0 0 0 0
-36.7 14.6 2822.8 8 0.3818151057 0.3450811207 -0.8574008942 -0.2148603797 0.9354082346 0.2807960510 0.8989172578 0.0770092979 0.4312972426
-104.6 -169.4 2807.6 0.3818151057 0.3450811207 -0.8574008942 -0.2148603797 0.9354082346 0.2807960510 0.8989172578 0.0770092979 0.4312972426
-175.5 -354.5 2793.6 0.3820078969 0.3567178547 -0.8525387645 -0.2143474817 0.9315457940 0.2937304676 0.8989577889 0.0705321804 0.4323194325
-158.3 -139.3 2681.2 -0.6464368701 0.0958075747 -0.7569281459 0.6076023579 0.6646706462 -0.4347785115 0.4614528418 -0.7409682274 -0.4878805280
1.5 -289.4 2567.2 -0.9736375213 0.0958075747 0.2070045769 -0.0922286808 0.6646706462 -0.7414221764 -0.2086237222 -0.7409682274 -0.6383120418
-50.8 -199.5 2934.0 0.7859941721 0.3128441870 -0.5332369804 -0.6165230274 0.3325114548 -0.7136774659 -0.0459624305 0.8896991611 0.4542277157
134.5 -344.9 2923.2 0.9390929341 0.3128441870 0.1422427744 0.0319963433 0.3325114548 -0.9425562620 -0.3421706259 0.8896991611 0.3022492826
-285.8 -516.2 2697.4 0.8628336787 -0.4960383177 -0.0972831100 -0.1011873633 0.0190673862 -0.9946846366 0.4952566326 0.8680912256 -0.0337408260
-88.8 -523.8 2352.6 0.8628336787 0.1924224794 -0.4674308598 -0.1011873633 0.9717444777 0.2132457197 0.4952566326 -0.1366974860 0.8579246402
-211.3 -559.3 2861.9 0.6562457085 -0.7535442710 0.0388916172 -0.1308691949 -0.1644302309 -0.9776686430 0.7431115508 0.6365011334 -0.2065223753
78.9 -496.0 2616.7 0.6562457085 -0.0521905012 -0.7527401447 -0.1308691949 0.9746129513 -0.1816667914 0.7431115508 0.2177285552 0.6327554584
254.5 -265.5 2621.4 0 0 0 0 0 0 0 0 0
378.4 -336.6 2834.3 0 0 0 0 0 0 0 0 0
-162.4 -895.2 2404.9 0 0 0 0 0 0 0 0 0
98.8 -868.4 2533.5 0 0 0 0 0 0 0 0 0
-37.1 13.6 2810.3 9 0.4158736169 0.3490357101 -0.8397756815 -0.2038854361 0.9356946945 0.2879343629 0.8862730265 0.0514737368 0.4602940381
-105.6 -169.9 2800.2 0.4158736169 0.3490357101 -0.8397756815 -0.2038854361 0.9356946945 0.2879343629 0.8862730265 0.0514737368 0.4602940381
-177.8 -354.8 2790.7 0.4145400524 0.3637605608 -0.8341671228 -0.2073764503 0.9302785397 0.3026165664 0.8860877752 0.0475399233 0.4610731006
-163.9 -140.7 2675.6 -0.6641515493 0.1032304838 -0.7404364944 0.6018053293 0.6614350080 -0.4475869536 0.4435459673 -0.7428641915 -0.5014177561
-0.5 -288.8 2566.5 -0.9710216522 0.1032304838 0.2155468166 -0.0948309898 0.6614350080 -0.7439830899 -0.2193719447 -0.7428641915 -0.6324782372
-47.3 -199.1 2924.7 0.7804686427 0.3479131460 -0.5194469690 -0.6213665009 0.3398534358 -0.7059769034 -0.0690827966 0.8737597466 0.4814265072
