-260.5 157.8 2619.4 34 0.3828756213 0.1907479912 -0.9038923979 0.1145885736 0.9610877633 0.2513559461 0.9166655540 -0.1998137981 0.3461195230
-298.6 -34.5 2659.4 0.3828756213 0.1907479912 -0.9038923979 0.1145885736 0.9610877633 0.2513559461 0.9166655540 -0.1998137981 0.3461195230
-334.7 -222.2 2702.2 0.3866767585 0.1840825230 -0.9036563039 0.1340524703 0.9582488537 0.2525648773 0.9124203920 -0.2187983245 0.3458558619
-353.7 -53.6 2529.4 -0.4825521410 0.0216445848 -0.8755997419 0.5952384472 0.7414640188 -0.3097133040 0.6425220966 -0.6706434488 -0.3706787229
-246.9 -185.4 2387.1 -0.9631068707 0.0216445848 0.2682473361 -0.1645188034 0.7414640188 -0.6505111456 -0.2129757851 -0.6706434488 -0.7105481625
-243.5 -15.4 2789.4 0.7525514960 0.6384049058 -0.1615716070 -0.4876206815 0.7051044703 0.5148336887 0.4425972402 -0.3086532056 0.8419268727
-122.6 -93.8 2860.5 -0.3719782531 0.6384049058 0.6738481522 -0.0684328452 0.7051044703 -0.7057936192 -0.9257154465 -0.3086532056 -0.2185956687
-407.7 -422.6 2656.5 0.9773796201 -0.2031390071 0.0588523597 0.0626930967 0.0125184702 -0.9979543686 0.2019867152 0.9790698886 0.0249707121
-323.6 -427.8 2250.9 0.9773796201 -0.1052099690 -0.1834664047 0.0626930967 0.9726230502 -0.2237721980 0.2019867152 0.2072083205 0.9572178721
-335.8 -397.7 2827.5 0.5479711294 -0.8085427880 0.2144438773 -0.0774344355 -0.3042890131 -0.9494272470 0.8329054713 0.5036533475 -0.2293506414
-32.4 -283.5 2638.6 0.5479711294 -0.3742548525 -0.7481049299 -0.0774344355 0.8677952886 -0.4908515215 0.8329054713 0.3269015253 0.4465465546
-4.8 -144.0 2440.7 0 0 0 0 0 0 0 0 0
-133.2 -95.7 2834.2 0 0 0 0 0 0 0 0 0
-287.1 -765.4 2179.0 0 0 0 0 0 0 0 0 0
162.8 -736.3 2468.0 0 0 0 0 0 0 0 0 0
-262.3 151.6 2620.3 35 0.4036428630 0.1865481585 -0.8956965208 0.1146749556 0.9609565139 0.2518178821 0.9077015519 -0.2043584436 0.3664908409
-299.4 -39.6 2661.0 0.4036428630 0.1865481585 -0.8956965208 0.1146749556 0.9609565139 0.2518178821 0.9077015519 -0.2043584436 0.3664908409
-335.9 -226.9 2705.2 0.4073245823 0.1865990907 -0.8940175772 0.1335908771 0.9562021494 0.2604437470 0.9034600854 -0.2255177349 0.3645567000
-357.4 -58.6 2532.3 -0.5168071985 0.0186977126 -0.8558976054 0.5603638291 0.7632241249 -0.3216851056 0.6472269297 -0.6458632350 -0.4049172401
-240.6 -185.3 2386.0 -0.9577082992 0.0186977126 0.2871327698 -0.1718415618 0.7632241249 -0.6228638887 -0.2307927907 -0.6458632350 -0.7277330160
-241.3 -20.6 2789.7 0.7581356168 0.6370347738 -0.1393452287 -0.4922783375 0.6992501020 0.5183737278 0.4276592433 -0.3244009316 0.8437248468
-119.5 -99.7 2858.4 -0.3924143314 0.6370347738 0.6634739637 -0.0680458248 0.6992501020 -0.7116312385 -0.9172680974 -0.3244009316 -0.2310482115
-405.7 -421.9 2662.6 0.9786817431 -0.1928309351 0.0706982613 0.0743995234 0.0120118037 -0.9971561432 0.1914333403 0.9811584949 0.0261022635
-324.9 -427.0 2251.5 0.9786817431 -0.1166063026 -0.1690709442 0.0743995234 0.9685721397 -0.2373450994 0.1914333403 0.2197065204 0.9565993547
-335.7 -402.1 2831.0 0.5652689934 -0.7997232080 0.2022714466 -0.0792399198 -0.2967129648 -0.9516735077 0.8210919499 0.5219235420 -0.2310926318
-35.6 -290.8 2635.2 0.5652689934 -0.3604783714 -0.7419745922 -0.0792399198 0.8715770841 -0.4838124216 0.8210919499 0.3322781622 0.4641112089
0.7 -142.0 2444.2 0 0 0 0 0 0 0 0 0
-130.6 -101.6 2832.4 0 0 0 0 0 0 0 0 0
-284.5 -763.0 2175.3 0 0 0 0 0 0 0 0 0
152.5 -745.5 2461.8 0 0 0 0 0 0 0 0 0
-262.0 149.9 2619.3 36 0.4350657761 0.1646944284 -0.8852081895 0.1011364684 0.9679688811 0.2297991663 0.8947006464 -0.1895045787 0.4044735134
-294.8 -43.1 2657.1 0.4350657761 0.1646944284 -0.8852081895 0.1011364684 0.9679688811 0.2297991663 0.8947006464 -0.1895045787 0.4044735134
-326.1 -232.0 2697.7 0.4381540120 0.1594565213 -0.8846437931 0.1195528805 0.9650602937 0.2331647128 0.8909142017 -0.2079237700 0.4037815630
-357.2 -60.2 2530.3 -0.5376094580 0.0098183993 -0.8431367874 0.5562049747 0.7556596398 -0.3458533585 0.6337286830 -0.6548909545 -0.4117108285
-236.6 -185.0 2388.0 -0.9594259858 0.0098183993 0.2817896307 -0.1774402559 0.7556596398 -0.6304708719 -0.2191272676 -0.6548909545 -0.7232573032
-232.4 -26.0 2784.0 0.7831210494 0.6106642485 -0.1175187156 -0.4869055748 0.7196672559 0.4949767888 0.3868390024 -0.3304062188 0.8609223962
-106.7 -104.2 2846.1 -0.4252274334 0.6106642485 0.6680350304 -0.0539733395 0.7196672559 -0.6922181249 -0.9034758210 -0.3304062188 -0.2730626762
-409.3 -426.2 2667.7 0.9783158302 -0.1976892799 0.0617822334 0.0633582696 0.0016509884 -0.9979894757 0.1971898079 0.9802633524 0.0141404392
-325.7 -426.9 2253.1 0.9783158302 -0.0986594185 -0.1821109951 0.0633582696 0.9796653986 -0.1903719008 0.1971898079 0.1747056097 0.9646730423
-317.8 -410.1 2818.8 0.5968914628 -0.7738550901 0.2118225843 -0.0885231122 -0.3259206116 -0.9412435293 0.7974234819 0.5430690646 -0.2630433142
-27.7 -287.9 2615.2 0.5968914628 -0.3641239703 -0.7149365544 -0.0885231122 0.8557554483 -0.5097512007 0.7974234819 0.3675545454 0.4785597622
5.5 -140.3 2443.3 0 0 0 0 0 0 0 0 0
-118.7 -105.7 2820.4 0 0 0 0 0 0 0 0 0
-290.0 -780.9 2190.0 0 0 0 0 0 0 0 0 0
162.2 -734.2 2423.5 0 0 0 0 0 0 0 0 0
-260.2 151.3 2620.3 37 0.4365365505 0.1750063747 -0.8825013041 0.0842627957 0.9686341286 0.2337684333 0.8957318664 -0.1764104962 0.4080976844
-295.3 -43.2 2655.7 0.4365365505 0.1750063747 -0.8825013041 0.0842627957 0.9686341286 0.2337684333 0.8957318664 -0.1764104962 0.4080976844
-328.9 -232.2 2694.2 0.4399831593 0.1715507805 -0.8814675808 0.1034969017 0.9653550386 0.2395372242 0.8920219541 -0.1966215074 0.4069849849
-358.0 -57.9 2528.6 -0.5426124930 0.0089184958 -0.8399358392 0.5579898953 0.7512625456 -0.3524937928 0.6278685927 -0.6599432230 -0.4126208425
-234.2 -185.2 2385.4 -0.9585040212 0.0089184958 0.2849394679 -0.1816362143 0.7512625456 -0.6345178485 -0.2197232842 -0.6599432230 -0.7184682488
-232.6 -28.4 2782.8 0.7770503759 0.6195610166 -0.1110714376 -0.5013543367 0.7159091234 0.4859197140 0.3805739582 -0.3218979239 0.8669170737
-107.8 -108.9 2843.9 -0.4260864556 0.6195610166 0.6592378020 -0.0376809612 0.7159091234 -0.6971759200 -0.9038974047 -0.3218979239 -0.2816935182
-397.0 -431.8 2657.9 0.9828053713 -0.1760191917 0.0557750128 0.0550799854 -0.0088357311 -0.9984428287 0.1762379110 0.9843471050 0.0010113303
-324.4 -428.2 2252.2 0.9828053713 -0.0803958401 -0.1662230939 0.0550799854 0.9868967533 -0.1516606063 0.1762379110 0.1398972869 0.9743556380
-322.8 -411.8 2813.2 0.5961230993 -0.7776523829 0.1997349262 -0.1052035987 -0.3222790360 -0.9407807589 0.7959707975 0.5398082733 -0.2739298046
-31.1 -290.9 2610.7 0.5961230993 -0.3534578681 -0.7209055424 -0.1052035987 0.8557570577 -0.5065689087 0.7959707975 0.3778192997 0.4729515016
7.4 -139.4 2440.8 0 0 0 0 0 0 0 0 0
-119.9 -110.0 2818.2 0 0 0 0 0 0 0 0 0
-294.8 -792.1 2200.6 0 0 0 0 0 0 0 0 0
153.2 -737.3 2413.7 0 0 0 0 0 0 0 0 0
-260.1 152.7 2619.3 38 0.4162599742 0.1819243282 -0.8908597827 0.0875134021 0.9672140479 0.2384079993 0.9050243497 -0.1772018820 0.3866916895
-296.6 -41.3 2654.8 0.4162599742 0.1819243282 -0.8908597827 0.0875134021 0.9672140479 0.2384079993 0.9050243497 -0.1772018820 0.3866916895
-331.5 -230.0 2693.7 0.4200828075 0.1783479899 -0.8897878528 0.1080023199 0.9637036324 0.2441531718 0.9010360241 -0.1986636966 0.3855733573
-356.4 -56.7 2526.5 -0.5594756603 0.0469258763 -0.8275173306 0.5585766435 0.7589656711 -0.3346092105 0.6123554111 -0.6494375467 -0.4508345127
-228.1 -184.8 2386.1 -0.9539071321 0.0469258763 0.2964104116 -0.1588763893 0.7589656711 -0.6314502954 -0.2545966804 -0.6494375467 -0.7165273428
-236.7 -25.9 2783.2 0.7669879794 0.6285044551 -0.1292733401 -0.5009031296 0.7123745680 0.4915470779 0.4010305703 -0.3122572899 0.8612025976
-113.5 -106.3 2847.6 -0.4057346880 0.6285044551 0.6635974050 -0.0422380753 0.7123745680 -0.7005272508 -0.9130144119 -0.3122572899 -0.2624882460
-402.3 -430.5 2652.0 0.9796720147 -0.1923752129 0.0568724833 0.0574863553 -0.0023937402 -0.9983434081 0.1921926737 0.9813185334 0.0087138694
-323.3 -429.6 2249.2 0.9796720147 -0.0915741771 -0.1784849316 0.0574863553 0.9805690646 -0.1875622422 0.1921926737 0.1734890342 0.9659003615
-328.5 -408.9 2814.0 0.5778227448 -0.7903727293 0.2035480738 -0.1015699133 -0.3170945346 -0.9429393411 0.8098175526 0.5241774321 -0.2635025084
-32.0 -290.0 2617.3 0.5778227448 -0.3597243726 -0.7326112986 -0.1015699133 0.8589573503 -0.5018723011 0.8098175526 0.3644044697 0.4597879052
12.6 -144.7 2450.3 0 0 0 0 0 0 0 0 0
-125.0 -107.5 2821.7 0 0 0 0 0 0 0 0 0
-291.2 -773.0 2188.4 0 0 0 0 0 0 0 0 0
155.6 -738.1 2427.2 0 0 0 0 0 0 0 0 0
-260.9 151.7 2619.8 39 0.4172414839 0.1780959517 -0.8911741376 0.0929358602 0.9671074748 0.2367826998 0.9040312171 -0.1816176027 0.3869658411
-296.5 -42.0 2656.2 0.4172414839 0.1780959517 -0.8911741376 0.0929358602 0.9671074748 0.2367826998 0.9040312171 -0.1816176027 0.3869658411
-331.3 -230.6 2696.0 0.4208603203 0.1776403189 -0.8895619512 0.1125687808 0.9628310800 0.2455291003 0.9001138210 -0.2034703642 0.3852206469
-356.5 -58.1 2527.9 -0.5578238964 0.0365853049 -0.8291525841 0.5541130900 0.7601784468 -0.3392453492 0.6178925633 -0.6486834884 -0.4443180859
-231.3 -182.5 2389.2 -0.9672938585 0.0365853049 0.2510061562 -0.1361039728 0.7601784468 -0.6352987289 -0.2140520811 -0.6486834884 -0.7303365469
-236.6 -25.9 2784.4 0.7676419616 0.6277993321 -0.1288168430 -0.4985380471 0.7112664580 0.4955399334 0.4027227461 -0.3161771595 0.8589798808
-113.2 -106.1 2849.1 -0.4065463543 0.6277993321 0.6637680531 -0.0467628092 0.7112664580 -0.7013652921 -0.9124326110 -0.3161771595 -0.2598051131
-404.4 -428.5 2651.1 0.9786928296 -0.2006171793 0.0437389873 0.0443898737 -0.0012550696 -0.9990134835 0.2004741728 0.9796689153 0.0076770438
-322.8 -428.0 2252.5 0.9786928296 -0.0760690868 -0.1907192916 0.0443898737 0.9852631092 -0.1651852280 0.2004741728 0.1531995982 0.9676465988
-328.1 -408.9 2817.2 0.5786408782 -0.7897145748 0.2037783116 -0.0972732604 -0.3148974180 -0.9441279173 0.8097608685 0.5264888406 -0.2590306401
-31.8 -290.8 2619.6 0.5786408782 -0.3599763513 -0.7318413258 -0.0972732604 0.8604577184 -0.5001503825 0.8097608685 0.3605960608 0.4628799558
14.4 -147.9 2443.6 0 0 0 0 0 0 0 0 0
-124.8 -107.4 2823.2 0 0 0 0 0 0 0 0 0
-295.1 -785.9 2196.8 0 0 0 0 0 0 0 0 0
156.0 -739.8 2431.5 0 0 0 0 0 0 0 0 0
-259.5 153.9 2618.0 40 0.4313081503 0.1763592511 -0.8847997785 0.0963053554 0.9661055803 0.2395105958 0.8970499039 -0.1885138303 0.3997048736
-294.9 -39.8 2655.8 0.4313081503 0.1763592511 -0.8847997785 0.0963053554 0.9661055803 0.2395105958 0.8970499039 -0.1885138303 0.3997048736
-329.0 -228.3 2696.8 0.4348087311 0.1740434319 -0.8835441470 0.1155698448 0.9622475505 0.2464208007 0.8930761218 -0.2092569768 0.3982794583
-356.8 -56.3 2528.6 -0.5517836213 0.0190417431 -0.8337698579 0.5635739565 0.7454444766 -0.3559451401 0.6147513390 -0.6662957072 -0.4220554829
-232.1 -183.7 2389.6 -0.9736712575 0.0190417431 0.2271600366 -0.1375848055 0.7454444766 -0.6522139311 -0.1817544848 -0.6662957072 -0.7231979966
-232.9 -23.3 2783.1 0.7740194201 0.6225227714 -0.1155826747 -0.4970293343 0.7104812264 0.4981749356 0.3922445476 -0.3281491101 0.8593383431
-108.5 -103.2 2846.1 -0.4207091033 0.6225227714 0.6599009633 -0.0497500151 0.7104812264 -0.7019553781 -0.9058304429 -0.3281491101 -0.2679353952
-404.2 -429.3 2654.5 0.9785270095 -0.2035928220 0.0321685597 0.0340386368 0.0056894328 -0.9994043112 0.2032885253 0.9790391326 0.0124972863
-320.4 -431.6 2251.6 0.9785270095 -0.0632976443 -0.1961587667 0.0340386368 0.9882375598 -0.1490903646 0.2032885253 0.1392119825 0.9691717029
-323.8 -406.3 2818.5 0.5912569165 -0.7812615037 0.2001143098 -0.0944362804 -0.3134938478 -0.9448827505 0.8009350896 0.5397704244 -0.2591348290
-30.6 -288.7 2616.0 0.5912569165 -0.3547038436 -0.7242930532 -0.0944362804 0.8614596128 -0.4989680946 0.8009350896 0.3634178936 0.4758470356
14.2 -148.9 2435.6 0 0 0 0 0 0 0 0 0
-120.5 -104.6 2820.4 0 0 0 0 0 0 0 0 0
-297.0 -797.2 2200.1 0 0 0 0 0 0 0 0 0
154.5 -738.2 2426.3 0 0 0 0 0 0 0 0 0
-258.5 155.6 2617.7 41 0.4367598295 0.1712817550 -0.8831213713 0.0946977586 0.9674974084 0.2344805896 0.8945798874 -0.1860413253 0.4063439965
-293.0 -39.4 2655.1 0.4367598295 0.1712817550 -0.8831213713 0.0946977586 0.9674974084 0.2344805896 0.8945798874 -0.1860413253 0.4063439965
-325.5 -228.3 2695.4 0.4401758015 0.1662592739 -0.8823848963 0.1142482683 0.9643504024 0.2386957407 0.8906136155 -0.2058790326 0.4054888487
-355.7 -55.7 2528.2 -0.5601191521 0.0229898188 -0.8280929923 0.5647126436 0.7419640422 -0.3613709509 0.6061073542 -0.6700453758 -0.4285709262
-228.1 -184.3 2390.2 -0.9713104367 0.0229898188 0.2367014140 -0.1421075612 0.7419640422 -0.6552059054 -0.1906870008 -0.6700453758 -0.7174103856
-230.2 -23.1 2782.1 0.7799729705 0.6155295372 -0.1129847839 -0.4936931133 0.7161462307 0.4933575392 0.3845897913 -0.3290257454 0.8624573946
-104.9 -102.5 2843.9 -0.4265981913 0.6155295372 0.6626743674 -0.0482811108 0.7161462307 -0.6962783337 -0.9031516314 -0.3290257454 -0.2757882476
-402.4 -427.2 2657.1 0.9791849256 -0.2008702308 0.0291210283 0.0323172137 0.0126501704 -0.9993975759 0.2003808469 0.9795361757 0.0188784227
-319.3 -432.4 2252.0 0.9791849256 -0.0604313836 -0.1937651485 0.0323172137 0.9888890386 -0.1451003999 0.2003808469 0.1358181685 0.9702581763
-318.3 -406.8 2816.3 0.5973701477 -0.7754504085 0.2045128942 -0.0943025798 -0.3211672008 -0.9423155785 0.7964018583 0.5436251163 -0.2649826705
-27.4 -286.3 2612.3 0.5973701477 -0.3578706980 -0.7176889777 -0.0943025798 0.8573578000 -0.5060085654 0.7964018583 0.3699543476 0.4784118235
17.3 -148.4 2438.4 0 0 0 0 0 0 0 0 0
-117.0 -103.8 2818.2 0 0 0 0 0 0 0 0 0
-296.7 -801.6 2201.3 0 0 0 0 0 0 0 0 0
159.4 -733.7 2419.2 0 0 0 0 0 0 0 0 0
-258.1 156.8 2617.5 42 0.4149129391 0.1773484051 -0.8924095631 0.0933298171 0.9673501253 0.2356336862 0.9050617814 -0.1810558885 0.3848142028
-293.9 -38.8 2654.1 0.4149129391 0.1773484051 -0.8924095631 0.0933298171 0.9673501253 0.2356336862 0.9050617814 -0.1810558885 0.3848142028
-327.2 -227.7 2693.8 0.4189020693 0.1700593680 -0.8919646144 0.1155105755 0.9643453956 0.2381076366 0.9006544352 -0.2027751207 0.3843226135
-353.6 -55.3 2525.7 -0.5545846224 -0.0053459397 -0.8321101665 0.5749753714 0.7204062343 -0.3878377974 0.6015306711 -0.6935317516 -0.3964524567
-228.6 -184.9 2390.2 -0.9703889489 -0.0053459397 0.2414885610 -0.1712220907 0.7204062343 -0.6720847487 -0.1703769416 -0.6935317516 -0.6999895573
-234.2 -22.3 2782.4 0.7711409926 0.6224542856 -0.1337616891 -0.4926081300 0.7164393663 0.4940160811 0.4033345580 -0.3150639534 0.8591018319
-110.3 -101.5 2847.2 -0.4050942659 0.6224542856 0.6696635485 -0.0495220125 0.7164393663 -0.6958895326 -0.9129327536 -0.3150639534 -0.2594002783
-397.9 -427.5 2655.3 0.9812564254 -0.1905526668 0.0287321638 0.0317068845 0.0125799449 -0.9994180202 0.1900803298 0.9815963507 0.0183859840
-319.5 -432.6 2251.5 0.9812564254 -0.0549689867 -0.1847004741 0.0317068845 0.9914448857 -0.1266165376 0.1900803298 0.1183870137 0.9746045470
-322.7 -406.1 2814.9 0.5785003901 -0.7877067327 0.2117909044 -0.0929068401 -0.3215908408 -0.9423097372 0.8103737235 0.5254497528 -0.2592237890
-27.1 -285.5 2617.7 0.5785003901 -0.3673605025 -0.7282743454 -0.0929068401 0.8573546410 -0.5062719584 0.8103737235 0.3605402112 0.4618497193
16.3 -141.7 2433.1 0 0 0 0 0 0 0 0 0
-121.8 -102.9 2821.3 0 0 0 0 0 0 0 0 0
-298.9 -804.3 2207.1 0 0 0 0 0 0 0 0 0
164.6 -732.9 2429.6 0 0 0 0 0 0 0 0 0
-259.0 157.2 2617.9 43 0.4254379570 0.1818499118 -0.8865287304 0.0935350806 0.9655212760 0.2429400533 0.9001409411 -0.1862774491 0.3937600553
-295.5 -37.1 2655.3 0.4254379570 0.1818499118 -0.8865287304 0.0935350806 0.9655212760 0.2429400533 0.9001409411 -0.1862774491 0.3937600553
-330.6 -225.5 2695.8 0.4290403724 0.1791313887 -0.8853452802 0.1127692759 0.9618488550 0.2492585629 0.8962184191 -0.2067817301 0.3924714625
-356.7 -53.1 2527.6 -0.5622105002 0.0051004952 -0.8269784451 0.5733733177 0.7230181694 -0.3853410780 0.5959550142 -0.6908102036 -0.4094128907
-227.3 -185.1 2390.5 -0.9628763795 0.0051004952 0.2698944807 -0.1828997731 0.7230181694 -0.6661774516 -0.1985364556 -0.6908102036 -0.6952442527
-234.4 -21.0 2783.1 0.7693514824 0.6275082231 -0.1197151542 -0.5004899502 0.7085315585 0.4974865615 0.3969988525 -0.3228257895 0.8591713309
-110.8 -101.4 2846.9 -0.4145836234 0.6275082231 0.6590552926 -0.0468999073 0.7085315585 -0.7041189075 -0.9088018537 -0.3228257895 -0.2643155158
-398.4 -427.0 2652.1 0.9801222682 -0.1955357045 0.0335570909 0.0372982025 0.0154809803 -0.9991842508 0.1948567033 0.9805743694 0.0224663839
-318.1 -433.3 2249.6 0.9801222682 -0.0693932623 -0.1858624965 0.0372982025 0.9845798016 -0.1709135026 0.1948567033 0.1605837941 0.9675968885
-326.9 -403.6 2817.3 0.5853642225 -0.7861270905 0.1983757019 -0.0976373032 -0.3112449646 -0.9453007579 0.8048699498 0.5339763761 -0.2589469850
-32.0 -286.9 2617.0 0.5853642225 -0.3539707959 -0.7294198871 -0.0976373032 0.8623391390 -0.4968280494 0.8048699498 0.3620439768 0.4702217579
15.4 -139.0 2440.5 0 0 0 0 0 0 0 0 0
-122.5 -102.8 2821.1 0 0 0 0 0 0 0 0 0
-293.7 -779.1 2193.2 0 0 0 0 0 0 0 0 0
152.7 -736.9 2428.1 0 0 0 0 0 0 0 0 0
-255.6 160.1 2608.6 44 0.4369359910 0.1960309446 -0.8778717518 0.1116512194 0.9565957189 0.2691814601 0.8925362229 -0.2156305164 0.3960839808
-295.0 -32.1 2651.9 0.4369359910 0.1960309446 -0.8778717518 0.1116512194 0.9565957189 0.2691814601 0.8925362229 -0.2156305164 0.3960839808
-331.6 -219.1 2696.9 0.4400933981 0.1874020845 -0.8781789541 0.1273929030 0.9550573826 0.2676499188 0.8888694048 -0.2296647131 0.3964407444
-357.7 -50.2 2525.3 -0.5595283508 -0.0108140744 -0.8287406564 0.5873876214 0.7002648711 -0.4057152569 0.5847254395 -0.7138012052 -0.3854660094
-229.0 -185.3 2390.8 -0.9661567807 -0.0108140744 0.2577288449 -0.1913059503 0.7002648711 -0.6877725720 -0.1730408370 -0.7138012052 -0.6786344647
-232.2 -14.0 2778.5 0.7681807280 0.6315966249 -0.1048049256 -0.5002792478 0.6943128109 0.5173494220 0.3995235562 -0.3449861407 0.8493323922
-108.8 -94.4 2842.8 -0.4251881838 0.6315966249 0.6483060122 -0.0618891120 0.6943128109 -0.7170072794 -0.9029865861 -0.3449861407 -0.2561246455
-404.5 -424.0 2655.3 0.9778585434 -0.2059309334 0.0372173972 0.0411589630 0.0148880463 -0.9990416765 0.2051794976 0.9784532785 0.0230343062
-320.2 -430.1 2254.8 0.9778585434 -0.0833102912 -0.1919689626 0.0411589630 0.9759880304 -0.2139002383 0.2051794976 0.2012629360 0.9578071833
-328.5 -394.6 2822.2 0.5929739475 -0.7836555839 0.1851103455 -0.0866162106 -0.2906303406 -0.9529069662 0.8005495071 0.5490154028 -0.2402134985
-34.6 -285.6 2616.2 0.5929739475 -0.3406057358 -0.7296366692 -0.0866162106 0.8738929033 -0.4783396125 0.8005495071 0.3468412757 0.4886937439
14.4 -137.1 2434.4 0 0 0 0 0 0 0 0 0
-120.8 -96.1 2817.1 0 0 0 0 0 0 0 0 0
-291.6 -765.1 2185.7 0 0 0 0 0 0 0 0 0
143.1 -741.5 2435.3 0 0 0 0 0 0 0 0 0
-257.8 156.4 2613.4 45 0.4212577343 0.2007419765 -0.8844459057 0.1078386977 0.9571918249 0.2686161399 0.9005069137 -0.2085341364 0.3815767169
-298.1 -35.5 2655.2 0.4212577343 0.2007419765 -0.8844459057 0.1078386977 0.9571918249 0.2686161399 0.9005069137 -0.2085341364 0.3815767169
-335.5 -222.7 2698.9 0.4245980680 0.1912627667 -0.8849491477 0.1241403744 0.9559016824 0.2661601007 0.8968309164 -0.2228689790 0.3821305633
-358.6 -53.2 2527.4 -0.5595895648 -0.0249158852 -0.8283952475 0.5753496289 0.7077572942 -0.4099420309 0.5965168476 -0.7060161829 -0.3817182183
-230.1 -185.3 2390.5 -0.9673237205 -0.0249158852 0.2523173392 -0.1953195333 0.7077572942 -0.6789181828 -0.1616635770 -0.7060161829 -0.6894969344
-237.6 -17.8 2783.0 0.7611634731 0.6374545693 -0.1195066646 -0.5017802119 0.6955606341 0.5142101645 0.4109097421 -0.3314318955 0.8492974043
-115.2 -98.5 2849.1 -0.4093915224 0.6374545693 0.6527252197 -0.0586447641 0.6955606341 -0.7160699964 -0.9104720354 -0.3314318955 -0.2473732531
-408.1 -417.6 2661.5 0.9773600698 -0.2090260834 0.0327922739 0.0392529853 0.0268345214 -0.9988689423 0.2079097033 0.9775418043 0.0344318897
-321.5 -428.7 2256.8 0.9773600698 -0.0762460381 -0.1973671168 0.0392529853 0.9819605947 -0.1849665046 0.2079097033 0.1730316430 0.9627220035
-334.5 -398.7 2823.6 0.5790432692 -0.7930075526 0.1893353760 -0.0895709544 -0.2926992774 -0.9520000815 0.8103616238 0.5342902541 -0.2405159920
-37.1 -288.9 2623.1 0.5790432692 -0.3466010392 -0.7379543781 -0.0895709544 0.8726124167 -0.4801297486 0.8103616238 0.3441151679 0.4742349684
14.0 -136.0 2431.2 0 0 0 0 0 0 0 0 0
-126.8 -100.1 2823.2 0 0 0 0 0 0 0 0 0
-294.1 -782.0 2194.5 0 0 0 0 0 0 0 0 0
143.8 -744.2 2443.6 0 0 0 0 0 0 0 0 0
-257.1 155.0 2614.9 46 0.4345816374 0.2002742738 -0.8780825734 0.1049908772 0.9570492506 0.2702473104 0.8944918513 -0.2096351832 0.3948890865
-297.2 -36.6 2656.8 0.4345816374 0.2002742738 -0.8780825734 0.1049908772 0.9570492506 0.2702473104 0.8944918513 -0.2096351832 0.3948890865
-334.8 -223.9 2700.0 0.4371791482 0.1921728104 -0.8786034584 0.1176547185 0.9562896490 0.2677078843 0.8916455507 -0.2204081416 0.3954598308
-359.5 -53.3 2529.8 -0.5583505034 -0.0251064543 -0.8292251825 0.5701249242 0.7145000696 -0.4055208862 0.6026626229 -0.6991847157 -0.3846276700
-230.2 -185.3 2390.3 -0.9662534595 -0.0251064543 0.2563666701 -0.1967048496 0.7145000696 -0.6714140773 -0.1663171798 -0.6991847157 -0.6953267455
-234.9 -19.8 2783.9 0.7645694613 0.6357783079 -0.1059221700 -0.5070240498 0.6947293282 0.5101742148 0.3979449570 -0.3363585174 0.8535237312
-112.0 -101.3 2847.8 -0.4218574762 0.6357783079 0.6463916898 -0.0521789789 0.6947293282 -0.7173761129 -0.9051594734 -0.3363585174 -0.2599025071
-411.3 -421.1 2661.5 0.9758686423 -0.2145827264 0.0404301770 0.0462186672 0.0220250525 -0.9986885190 0.2134108394 0.9764574766 0.0314112864
-321.5 -430.3 2253.0 0.9758686423 -0.0893009007 -0.1992628872 0.0462186672 0.9763483405 -0.2112055868 0.2134108394 0.1968992352 0.9569150805
-332.9 -400.5 2823.7 0.5895897150 -0.7868948579 0.1821548492 -0.0962563232 -0.2923679352 -0.9514492750 0.8019468188 0.5434311628 -0.2481207401
-37.7 -290.8 2619.8 0.5895897150 -0.3382728398 -0.7334544659 -0.0962563232 0.8721764088 -0.4796280265 0.8019468188 0.3533833921 0.4816653430
13.6 -135.6 2432.3 0 0 0 0 0 0 0 0 0
-123.9 -102.8 2822.1 0 0 0 0 0 0 0 0 0
-290.7 -767.9 2184.9 0 0 0 0 0 0 0 0 0
138.8 -745.9 2435.4 0 0 0 0 0 0 0 0 0
-254.2 157.5 2615.1 47 0.4533052146 0.1862082779 -0.8716884851 0.1023169532 0.9606016874 0.2584097385 0.8854634762 -0.2063269913 0.4163935184
-291.6 -35.3 2656.5 0.4533052146 0.1862082779 -0.8716884851 0.1023169532 0.9606016874 0.2584097385 0.8854634762 -0.2063269913 0.4163935184
-325.8 -223.3 2699.0 0.4559918642 0.1748969257 -0.8726296425 0.1166086346 0.9603068233 0.2534033954 0.8823116422 -0.2173060328 0.4174976051
-356.6 -51.9 2530.8 -0.5503854752 -0.0049598441 -0.8348959088 0.5741532445 0.7237505317 -0.3827965856 0.6061549783 -0.6900439262 -0.3954940736
-229.2 -184.8 2390.5 -0.9613649845 -0.0049598441 0.2752321064 -0.1933780015 0.7237505317 -0.6624123454 -0.1959139258 -0.6900439262 -0.6967475414
-226.6 -18.6 2782.2 0.7798975110 0.6190053821 -0.0926942229 -0.5000694990 0.7052934766 0.5024854541 0.3764178157 -0.3455336094 0.8596023321
-101.3 -99.0 2842.7 -0.4418089986 0.6190053821 0.6493359208 -0.0510385334 0.7052934766 -0.7070757747 -0.8956561089 -0.3455336094 -0.2800118625
-411.9 -421.8 2662.6 0.9757991433 -0.2143311203 0.0433388688 0.0478652902 0.0159717761 -0.9987260699 0.2133658826 0.9766304493 0.0258442666
-322.5 -428.4 2255.2 0.9757991433 -0.0955031738 -0.1967110336 0.0478652902 0.9710556269 -0.2340081781 0.2133658826 0.2189293355 0.9521265626
-318.9 -400.8 2821.2 0.6090214849 -0.7704510093 0.1884092689 -0.0948244780 -0.3065674305 -0.9471138716 0.7874650359 0.5589469075 -0.2597637773
-29.9 -285.9 2611.6 0.6090214849 -0.3409754932 -0.7161204815 -0.0948244780 0.8651003838 -0.4925542474 0.7874650359 0.3678818643 0.4945318997
14.2 -135.8 2440.1 0 0 0 0 0 0 0 0 0
-113.8 -100.4 2817.2 0 0 0 0 0 0 0 0 0
-289.8 -760.6 2180.3 0 0 0 0 0 0 0 0 0
148.0 -737.3 2419.6 0 0 0 0 0 0 0 0 0
-256.9 153.6 2619.2 48 0.4420720935 0.1890277117 -0.8768356442 0.0911551267 0.9630141854 0.2535634935 0.8923357129 -0.1920214146 0.4084908664
-294.9 -39.9 2657.8 0.4420720935 0.1890277117 -0.8768356442 0.0911551267 0.9630141854 0.2535634935 0.8923357129 -0.1920214146 0.4084908664
-330.2 -228.1 2698.7 0.4456716180 0.1804194599 -0.8768270016 0.1099011302 0.9610434175 0.2536084652 0.8884247541 -0.2093903720 0.4084814787
-358.4 -55.6 2531.2 -0.5721598268 0.0265778936 -0.8197113872 0.5565488935 0.7467041612 -0.3642612100 0.6024006009 -0.6646250486 -0.4420260191
-225.7 -184.7 2391.5 -0.9491205812 0.0265778936 0.3137893379 -0.1898503006 0.7467041612 -0.6374870539 -0.2512508929 -0.6646250486 -0.7036664486
-231.4 -24.2 2784.3 0.7737819552 0.6252582073 -0.1015565172 -0.5047551394 0.7054657340 0.4975342751 0.3827320337 -0.3337218463 0.8614789248
-107.0 -105.4 2845.9 -0.4311140478 0.6252582073 0.6505327821 -0.0442217700 0.7054657340 -0.7073630691 -0.9012131691 -0.3337218463 -0.2764861584
-401.3 -421.9 2661.8 0.9811175466 -0.1878936440 0.0458725281 0.0492561013 0.0133761093 -0.9986966252 0.1870351583 0.9820982814 0.0223784447
-323.9 -427.5 2257.1 0.9811175466 -0.0856259987 -0.1734257787 0.0492561013 0.9777153730 -0.2040747702 0.1870351583 0.1916790605 0.9634712934
-325.2 -406.4 2820.0 0.5991860628 -0.7780678272 0.1886437684 -0.1013595462 -0.3074519932 -0.9461498260 0.7941676378 0.5477989912 -0.2630855739
-33.4 -291.0 2614.5 0.5991860628 -0.3428559601 -0.7234817147 -0.1013595462 0.8639060259 -0.4933483899 0.7941676378 0.3689392805 0.4828887284
14.8 -136.6 2455.1 0 0 0 0 0 0 0 0 0
-119.2 -106.6 2820.3 0 0 0 0 0 0 0 0 0
-293.1 -778.7 2188.2 0 0 0 0 0 0 0 0 0
145.6 -741.9 2422.0 0 0 0 0 0 0 0 0 0
-257.9 155.9 2617.7 49 0.4301428795 0.1930381954 -0.8818805814 0.1018209308 0.9602632523 0.2598594725 0.8970003128 -0.2015706152 0.3933950961
-296.5 -36.0 2658.0 0.4301428795 0.1930381954 -0.8818805814 0.1018209308 0.9602632523 0.2598594725 0.8970003128 -0.2015706152 0.3933950961
-332.7 -223.8 2700.4 0.4333667755 0.1848732680 -0.8820516467 0.1181904748 0.9586212635 0.2589908242 0.8934339881 -0.2164881080 0.3935843408
-358.3 -52.9 2530.7 -0.5907959342 0.0701527819 -0.8037653565 0.5575380325 0.7555857897 -0.3438624740 0.5831907988 -0.6512823105 -0.4855098426
-219.0 -184.3 2393.2 -0.9313414693 0.0701527819 0.3573257327 -0.1842596531 0.7555857897 -0.6286004186 -0.3140883148 -0.6512823105 -0.6907820702
-234.8 -19.2 2785.3 0.7675521970 0.6309766769 -0.1128362939 -0.5019688010 0.7011696696 0.5063481331 0.3986112475 -0.3320083022 0.8549149632
-111.4 -99.8 2849.4 -0.4185440838 0.6309766769 0.6532145739 -0.0526687615 0.7011696696 -0.7110465169 -0.9066680074 -0.3320083022 -0.2602376342
-405.8 -426.3 2659.4 0.9788915515 -0.1976119131 0.0521623716 0.0546168424 0.0069870697 -0.9984829426 0.1969476640 0.9802554250 0.0176325217
-324.5 -429.1 2256.2 0.9788915515 -0.0975072086 -0.1796210706 0.0546168424 0.9716956615 -0.2298358828 0.1969476640 0.2151740640 0.9565101862
-329.8 -400.8 2823.5 0.5878311396 -0.7861561179 0.1908222288 -0.0942513645 -0.3008259237 -0.9490102530 0.8034744859 0.5398725271 -0.2509311438
-34.8 -288.0 2621.0 0.5878311396 -0.3465803564 -0.7309833169 -0.0942513645 0.8680886030 -0.4873795807 0.8034744859 0.3553930819 0.4776238501
17.7 -137.5 2473.1 0 0 0 0 0 0 0 0 0
-123.3 -101.3 2823.6 0 0 0 0 0 0 0 0 0
-290.6 -767.1 2181.3 0 0 0 0 0 0 0 0 0
146.0 -740.9 2435.5 0 0 0 0 0 0 0 0 0
-259.2 152.2 2619.0 50 0.4404187202 0.1878553927 -0.8779189587 0.0969850942 0.9621865749 0.2545405626 0.8925386667 -0.1972494721 0.4055458009
-296.7 -39.9 2658.4 0.4404187202 0.1878553927 -0.8779189587 0.0969850942 0.9621865749 0.2545405626 0.8925386667 -0.1972494721 0.4055458009
-332.9 -227.7 2700.5 0.4436796308 0.1846732497 -0.8769516349 0.1138021722 0.9590066075 0.2595292032 0.8889304996 -0.2149468213 0.4044754803
-360.0 -56.1 2531.7 -0.5788695812 0.0703340247 -0.8123811483 0.5533065200 0.7656934857 -0.3279716969 0.5989673734 -0.6393486261 -0.4821529388
-225.3 -184.8 2392.3 -0.9491258264 0.0703340247 0.3069418669 -0.1458498538 0.7656934857 -0.6264513731 -0.2790842354 -0.6393486261 -0.7164812088
-233.5 -23.6 2785.0 0.7708032131 0.6288489103 -0.1020365283 -0.5052541494 0.7009793520 0.5033351183 0.3880472183 -0.3364179432 0.8580456376
-109.6 -104.8 2847.4 -0.4288420975 0.6288489103 0.6485703588 -0.0482223779 0.7009793520 -0.7115494013 -0.9020915031 -0.3364179432 -0.2702848613
-408.1 -422.2 2662.0 0.9782730937 -0.2031988502 0.0411334038 0.0452768728 0.0157828424 -0.9988498092 0.2023159266 0.9790102839 0.0246401392
-324.2 -428.7 2257.7 0.9782730937 -0.0833699405 -0.1898188144 0.0452768728 0.9793949127 -0.1968137026 0.2023159266 0.1839431524 0.9618903995
-329.0 -405.2 2822.9 0.5966377854 -0.7807133794 0.1857685298 -0.0986158028 -0.3010556698 -0.9484937787 0.7964284420 0.5475875139 -0.2566118836
-36.0 -292.3 2617.4 0.5966377854 -0.3405408859 -0.7266741395 -0.0986158028 0.8675263524 -0.4875171483 0.7964284420 0.3625327051 0.4840162992
14.7 -148.0 2462.9 0 0 0 0 0 0 0 0 0
-121.8 -106.2 2821.8 0 0 0 0 0 0 0 0 0
-294.0 -783.3 2191.1 0 0 0 0 0 0 0 0 0
141.7 -745.0 2428.3 0 0 0 0 0 0 0 0 0
-260.5 154.6 2618.6 51 0.4338471293 0.1841697097 -0.8819626570 0.0957535207 0.9639169574 0.2483854443 0.8958838582 -0.1922123581 0.4005577266
-297.4 -38.5 2657.2 0.4338471293 0.1841697097 -0.8819626570 0.0957535207 0.9639169574 0.2483854443 0.8958838582 -0.1922123581 0.4005577266
-332.2 -226.8 2698.3 0.4373012781 0.1773725003 -0.8816499114 0.1141485423 0.9614804387 0.2500510514 0.8920413256 -0.2099867016 0.4002097845
-359.8 -54.8 2530.0 -0.5527864099 0.0745882466 -0.8299781680 0.5632674694 0.7674521804 -0.3061811626 0.6141310334 -0.6367524862 -0.4662502706
-232.2 -184.8 2388.3 -0.9576117992 0.0745882466 0.2782377303 -0.1230365857 0.7674521804 -0.6291893125 -0.2604642808 -0.6367524862 -0.7257441878
-235.1 -22.2 2784.3 0.7729406953 0.6245619059 -0.1117366403 -0.4999189377 0.7079410553 0.4988992810 0.3906964362 -0.3297602832 0.8594267964
-110.9 -102.6 2847.1 -0.4229651093 0.6245619059 0.6565234065 -0.0483340807 0.7079410553 -0.7046156526 -0.9048559666 -0.3297602832 -0.2692467570
-409.2 -425.8 2662.2 0.9774124026 -0.2081065029 0.0368326642 0.0396107398 0.0091963978 -0.9991728663 0.2075956464 0.9780629277 0.0172319263
-322.4 -429.6 2254.3 0.9774124026 -0.0731727928 -0.1982692778 0.0396107398 0.9849509597 -0.1682337523 0.2075956464 0.1565801650 0.9656017423
-327.4 -404.8 2820.0 0.5927206874 -0.7812504768 0.1957800388 -0.0964786559 -0.3102029860 -0.9457620978 0.7996086478 0.5416842103 -0.2592377365
-34.2 -288.4 2616.8 0.5927206874 -0.3505010605 -0.7251421809 -0.0964786559 0.8629597425 -0.4959761202 0.7996086478 0.3639360666 0.4776782691
9.9 -153.6 2454.2 0 0 0 0 0 0 0 0 0
-122.9 -104.0 2821.4 0 0 0 0 0 0 0 0 0
-295.4 -793.3 2196.5 0 0 0 0 0 0 0 0 0
148.7 -738.7 2426.9 0 0 0 0 0 0 0 0 0
-259.0 156.6 2621.0 52 0.4240475297 0.1902634352 -0.8854284286 0.0849610716 0.9650133252 0.2480542511 0.9016458988 -0.1804137379 0.3930465281
-297.2 -37.2 2657.2 0.4240475297 0.1902634352 -0.8854284286 0.0849610716 0.9650133252 0.2480542511 0.9016458988 -0.1804137379 0.3930465281
-333.4 -225.6 2696.6 0.4280642867 0.1845096648 -0.8847130537 0.1056147143 0.9620167017 0.2517327666 0.8975558281 -0.2011965215 0.3923180699
-358.2 -52.2 2529.3 -0.5333051682 0.0702035278 -0.8430047631 0.5804754496 0.7552709579 -0.3043255508 0.6153323054 -0.6516419649 -0.4435413182
-236.2 -185.0 2388.5 -0.9634673595 0.0702035278 0.2584610879 -0.1179196313 0.7552709579 -0.6447175741 -0.2404695898 -0.6516419649 -0.7194005251
-236.2 -22.1 2785.1 0.7660923004 0.6316936612 -0.1185988784 -0.5066319108 0.7070497274 0.4933606386 0.3955081105 -0.3178738058 0.8617015481
-113.1 -103.6 2848.7 -0.4132444859 0.6316936612 0.6558903456 -0.0398016497 0.7070497274 -0.7060428262 -0.9097498655 -0.3178738058 -0.2670419514
-406.4 -425.4 2658.8 0.9775592089 -0.2074672729 0.0365420319 0.0401492082 0.0132013382 -0.9991064668 0.2067994922 0.9781528711 0.0212347358
-320.7 -430.9 2254.6 0.9775592089 -0.0813245326 -0.1943304092 0.0401492082 0.9774952531 -0.2071015090 0.2067994922 0.1946517676 0.9588246346
-330.8 -404.4 2817.1 0.5834172368 -0.7887120247 0.1937981248 -0.1051474959 -0.3099587262 -0.9449177980 0.8053374290 0.5309039354 -0.2637663484
-34.9 -288.1 2617.9 0.5834172368 -0.3501468301 -0.7328175306 -0.1051474959 0.8621356487 -0.4956471622 0.8053374290 0.3662230372 0.4661677480
7.1 -155.2 2449.3 0 0 0 0 0 0 0 0 0
-124.8 -104.7 2822.8 0 0 0 0 0 0 0 0 0
-292.2 -773.8 2186.3 0 0 0 0 0 0 0 0 0
147.9 -738.1 2426.8 0 0 0 0 0 0 0 0 0
-262.6 147.6 2619.6 53 0.4352781475 0.1827368736 -0.8815555573 0.0902566165 0.9653937221 0.2446808517 0.8957604170 -0.1860704571 0.4037215710
-299.0 -44.9 2656.7 0.4352781475 0.1827368736 -0.8815555573 0.0902566165 0.9653937221 0.2446808517 0.8957604170 -0.1860704571 0.4037215710
-333.9 -233.4 2696.8 0.4387015104 0.1779228151 -0.8808430433 0.1085563675 0.9625322819 0.2484895736 0.8920518756 -0.2046338767 0.4029497206
-361.5 -60.4 2529.6 -0.5292922854 0.0596609972 -0.8463393450 0.5635670424 0.7703917623 -0.2981420755 0.6342253685 -0.6347732544 -0.4413853884
-245.8 -183.6 2391.0 -0.9663999677 0.0596609972 0.2500232458 -0.1146983206 0.7703917623 -0.6271688938 -0.2300333530 -0.6347732544 -0.7376635671
-236.5 -29.4 2783.8 0.7730726004 0.6247099042 -0.1099830419 -0.5028985143 0.7092954516 0.4939565361 0.3865900040 -0.3265539706 0.8625025749
-112.2 -110.3 2846.0 -0.4243113697 0.6247099042 0.6555130482 -0.0427173413 0.7092954516 -0.7036157846 -0.9045081735 -0.3265539706 -0.2742761970
-408.2 -423.5 2654.9 0.9761971235 -0.2135631293 0.0378155597 0.0416417122 0.0134441834 -0.9990421534 0.2128501683 0.9768367410 0.0220173076
-321.3 -429.0 2257.6 0.9761971235 -0.0902298316 -0.1972252727 0.0416417122 0.9704096317 -0.2378467172 0.2128501683 0.2239724845 0.9510684013
-329.0 -412.1 2817.5 0.5937952399 -0.7807500362 0.1945162714 -0.1016783267 -0.3126237690 -0.9444193244 0.7981658578 0.5410135984 -0.2650198638
-36.1 -294.8 2614.5 0.5937952399 -0.3492133319 -0.7248843312 -0.1016783267 0.8611176014 -0.4981344640 0.7981658578 0.3694948852 0.4758200943
-0.0 -154.4 2449.5 0 0 0 0 0 0 0 0 0
-124.3 -111.5 2820.3 0 0 0 0 0 0 0 0 0
-289.9 -766.6 2179.7 0 0 0 0 0 0 0 0 0
146.2 -744.2 2421.7 0 0 0 0 0 0 0 0 0
-258.6 152.8 2619.4 54 0.4367809892 0.2009095699 -0.8768453002 0.0903721154 0.9600092173 0.2649815679 0.8950169086 -0.1949812919 0.4011571407
-298.9 -40.0 2658.6 0.4367809892 0.2009095699 -0.8768453002 0.0903721154 0.9600092173 0.2649815679 0.8950169086 -0.1949812919 0.4011571407
-335.8 -227.8 2699.9 0.4406605661 0.1885873675 -0.8776406050 0.1094872952 0.9590926170 0.2610629797 0.8909718394 -0.2111306638 0.4019863904
-361.7 -55.6 2531.6 -0.5503773093 0.0825718939 -0.8308228850 0.5630905628 0.7714312673 -0.2963492274 0.6164526343 -0.6309324503 -0.4710737169
-236.1 -184.0 2391.0 -0.9556177258 0.0825718939 0.2828014493 -0.1183641702 0.7714312673 -0.6252070069 -0.2697863877 -0.6309324503 -0.7274197936
-236.1 -24.4 2785.6 0.7676866651 0.6323735118 -0.1037348062 -0.5089797974 0.7000519037 0.5008661747 0.3893542290 -0.3317093551 0.8592858315
-112.7 -106.2 2848.2 -0.4255504012 0.6323735118 0.6473103166 -0.0438760221 0.7000519037 -0.7127427459 -0.9038704634 -0.3317093551 -0.2701613307
-408.3 -431.8 2656.2 0.9758344293 -0.2159906477 0.0330937654 0.0324202925 -0.0066613862 -0.9994521141 0.2160927653 0.9763727188 0.0005020699
-319.8 -429.0 2255.9 0.9758344293 -0.0724744052 -0.2061422318 0.0324202925 0.9809736609 -0.1914146692 0.2160927653 0.1801058352 0.9596175551
-332.9 -405.7 2821.8 0.5933006406 -0.7837574482 0.1836262494 -0.1031006351 -0.3002192974 -0.9482819438 0.7983512282 0.5436843038 -0.2589261830
-38.8 -293.1 2617.8 0.5933006406 -0.3391731679 -0.7300382853 -0.1031006351 0.8674147129 -0.4867874086 0.7983512282 0.3640787005 0.4796687067
5.8 -154.1 2459.3 0 0 0 0 0 0 0 0 0
-124.8 -107.4 2822.5 0 0 0 0 0 0 0 0 0
-293.6 -784.0 2190.7 0 0 0 0 0 0 0 0 0
138.2 -745.8 2427.8 0 0 0 0 0 0 0 0 0
-256.4 156.8 2619.4 55 0.4253081977 0.2108993679 -0.8801331520 0.0933680534 0.9570575953 0.2744505703 0.9002196193 -0.1989023983 0.3873531818
-298.8 -35.5 2659.3 0.4253081977 0.2108993679 -0.8801331520 0.0933680534 0.9570575953 0.2744505703 0.9002196193 -0.1989023983 0.3873531818
-337.4 -223.0 2700.8 0.4289106131 0.1970544159 -0.8815924525 0.1102717891 0.9571983814 0.2676031291 0.8965912461 -0.2119925916 0.3888229728
-359.9 -51.3 2531.6 -0.5388893485 0.0444668680 -0.8412020802 0.5775831342 0.7464125752 -0.3305540681 0.6131851077 -0.6639962196 -0.4279170930
-235.9 -184.3 2390.4 -0.9633424878 0.0444668680 0.2645636201 -0.1439799815 0.7464125752 -0.6497215033 -0.2263646871 -0.6639962196 -0.7126486301
-237.7 -19.8 2787.1 0.7592567801 0.6409640908 -0.1126683578 -0.5119433403 0.6951366663 0.5046771765 0.4017998576 -0.3254997432 0.8559245467
-115.7 -102.1 2851.7 -0.4132429361 0.6409640908 0.6468348503 -0.0448449142 0.6951366663 -0.7174775004 -0.9095159173 -0.3254997432 -0.2585163116
-412.6 -425.5 2660.7 0.9742186666 -0.2232624143 0.0324327499 0.0356291905 0.0103026219 -0.9993119836 0.2227746546 0.9747039080 0.0179916658
-319.2 -429.8 2253.2 0.9742186666 -0.0822280273 -0.2100869864 0.0356291905 0.9756032228 -0.2166308016 0.2227746546 0.2035605311 0.9533805847
-337.2 -400.5 2823.4 0.5815758705 -0.7929426432 0.1816904545 -0.1035708115 -0.2937023938 -0.9502694011 0.8068720698 0.5338359475 -0.2529359460
-39.7 -290.3 2623.1 0.5815758705 -0.3390978873 -0.7394471765 -0.1035708115 0.8707170486 -0.4807545543 0.8068720698 0.3561803997 0.4712673724
7.8 -147.8 2447.6 0 0 0 0 0 0 0 0 0
-127.4 -103.4 2825.9 0 0 0 0 0 0 0 0 0
-290.6 -769.0 2182.4 0 0 0 0 0 0 0 0 0
137.2 -744.7 2437.2 0 0 0 0 0 0 0 0 0
-258.0 155.7 2621.3 56 0.4396190345 0.1999026239 -0.8756563663 0.0813190490 0.9620559812 0.2604525387 0.8944955468 -0.1857074350 0.4066822231
-298.1 -37.2 2658.5 0.4396190345 0.1999026239 -0.8756563663 0.0813190490 0.9620559812 0.2604525387 0.8944955468 -0.1857074350 0.4066822231
-335.5 -225.4 2697.7 0.4429197013 0.1912539005 -0.8759247065 0.0975455120 0.9609031081 0.2591333389 0.8912390471 -0.2002177835 0.4069469571
-361.2 -51.1 2531.6 -0.5442515612 0.0002985927 -0.8389220238 0.5760086179 0.7271630168 -0.3734274209 0.6099215150 -0.6864647865 -0.3959316015
-235.0 -184.7 2390.1 -0.9681648016 0.0002985927 0.2503134310 -0.1716211587 0.7271630168 -0.6646654606 -0.1822171360 -0.6864647865 -0.7039623857
-234.9 -23.3 2785.5 0.7668929696 0.6339041591 -0.1002030894 -0.5159748197 0.7018516660 0.4910949171 0.3816348314 -0.3249149919 0.8653237224
-111.7 -106.2 2846.9 -0.4276776612 0.6339041591 0.6444045901 -0.0319310501 0.7018516660 -0.7116070986 -0.9033671618 -0.3249149919 -0.2799250484
-414.8 -420.4 2661.3 0.9733706713 -0.2254784107 0.0413397923 0.0471303463 0.0203568004 -0.9986813068 0.2243395299 0.9740354419 0.0304415878
-320.9 -428.9 2255.6 0.9733706713 -0.0981473625 -0.2071631998 0.0471303463 0.9700841904 -0.2381499708 0.2243395299 0.2220445275 0.9488772154
-333.0 -404.7 2817.5 0.5946164727 -0.7835938334 0.1800333112 -0.1145234257 -0.3041828871 -0.9457045794 0.7958112955 0.5417134762 -0.2706120014
-39.0 -290.6 2614.2 0.5946164727 -0.3354651928 -0.7306807637 -0.1145234257 0.8641903996 -0.4899585545 0.7958112955 0.3750174940 0.4754431844
9.7 -141.3 2436.2 0 0 0 0 0 0 0 0 0
-123.8 -107.1 2821.2 0 0 0 0 0 0 0 0 0
-287.0 -763.5 2179.0 0 0 0 0 0 0 0 0 0
136.1 -741.5 2418.6 0 0 0 0 0 0 0 0 0
-258.3 153.1 2622.8 57 0.4488072097 0.1996155083 -0.8710486293 0.0726143569 0.9633625746 0.2581852973 0.8906734586 -0.1791260689 0.4178691506
-298.3 -39.9 2658.7 0.4488072097 0.1996155083 -0.8710486293 0.0726143569 0.9633625746 0.2581852973 0.8906734586 -0.1791260689 0.4178691506
-336.0 -228.3 2696.9 0.4522812963 0.1920759380 -0.8709468842 0.0896892995 0.9617887735 0.2586854398 0.8873541951 -0.1951131970 0.4177719057
-362.8 -52.7 2532.2 -0.5488572717 -0.0457415767 -0.8346636891 0.5690321922 0.7109932303 -0.4131477177 0.6123382449 -0.7017096281 -0.3642053306
