-36.2 15.3 2803.9 6 0.2521740794 0.3954046965 -0.8832119703 -0.1349274367 0.9181604981 0.3725264072 0.9582290053 0.0252280179 0.2848872244
-114.1 -165.6 2798.9 0.2521740794 0.3954046965 -0.8832119703 -0.1349274367 0.9181604981 0.3725264072 0.9582290053 0.0252280179 0.2848872244
-194.8 -347.2 2794.9 0.2526297867 0.4061323106 -0.8781996965 -0.1338859946 0.9135826826 0.3839808106 0.9582550526 0.0205736421 0.2851736248
-149.7 -146.8 2664.2 -0.6756209731 0.1259744167 -0.7264067531 0.6071881056 0.6539280415 -0.4513322413 0.4181614220 -0.7459950447 -0.5182976127
14.0 -293.8 2562.9 -0.9584472179 0.1259744167 0.2559480071 -0.1137865335 0.6539280415 -0.7479510307 -0.2615942657 -0.7459950447 -0.6124212742
-78.6 -184.5 2933.7 0.7431244850 0.2215293199 -0.6314195991 -0.6582232118 0.4118527174 -0.6301742196 0.1204498261 0.8839129210 0.4518736005
96.8 -339.8 2962.1 0.9742990732 0.2215293199 0.0408176742 -0.0555388778 0.4118527174 -0.9095563293 -0.2183042765 0.8839129210 0.4135712087
-298.3 -515.8 2710.6 0.8583653569 -0.5033585429 -0.0991924256 -0.1088245586 0.0103043681 -0.9940075874 0.5013642907 0.8640162349 -0.0459328555
-89.5 -520.1 2352.2 0.8583653569 0.1954342723 -0.4743568003 -0.1088245586 0.9729202986 0.2039197981 0.5013642907 -0.1234160140 0.8563891053
-252.4 -540.9 2878.7 0.3213210106 -0.9425548315 0.0913407952 0.0743739456 -0.0710393563 -0.9946969151 0.9440451860 0.3264103830 0.0472750887
116.9 -513.1 2750.8 0.3213210106 -0.0042669936 -0.9469606876 0.0743739456 0.9970146418 0.0207438990 0.9440451860 -0.0770946592 0.3206791282
263.1 -264.2 2630.9 0 0 0 0 0 0 0 0 0
349.9 -354.2 2905.4 0 0 0 0 0 0 0 0 0
-164.2 -892.0 2399.4 0 0 0 0 0 0 0 0 0
118.5 -894.0 2780.3 0 0 0 0 0 0 0 0 0
-33.7 18.8 2801.3 7 0.2474905849 0.3921969533 -0.8859627247 -0.1267463267 0.9196572900 0.3717066646 0.9605643153 0.0202986244 0.2773160338
-111.0 -162.4 2797.3 0.2474905849 0.3921969533 -0.8859627247 -0.1267463267 0.9196572900 0.3717066646 0.9605643153 0.0202986244 0.2773160338
-191.1 -344.3 2794.2 0.2478799969 0.4030929506 -0.8809492588 -0.1258480102 0.9150215983 0.3832724094 0.9605820179 0.0158601478 0.2775439918
-145.9 -144.7 2662.2 -0.6753683090 0.1520329565 -0.7216395736 0.6164155602 0.6535542607 -0.4392022789 0.4048573971 -0.7414531708 -0.5351052880
18.3 -294.5 2563.8 -0.9504647255 0.1520329565 0.2711139321 -0.1091001555 0.6535542607 -0.7489752769 -0.2910566032 -0.7414531708 -0.6045934558
-76.1 -180.1 2932.5 0.7446051240 0.2155153155 -0.6317565441 -0.6548550129 0.4192370772 -0.6288124919 0.1293370575 0.8819259405 0.4532973766
99.6 -334.7 2963.0 0.9756173491 0.2155153155 0.0415198468 -0.0540416241 0.4192370772 -0.9062669277 -0.2127210647 0.8819259405 0.4206617773
-298.7 -516.4 2702.9 0.8516049385 -0.5140237212 -0.1027063653 -0.1124969870 0.0121468632 -0.9935778379 0.5119701028 0.8576899767 -0.0474817902
-88.9 -521.4 2352.8 0.8516049385 0.1999852806 -0.4845357239 -0.1124969870 0.9725515842 0.2036857009 0.5119701028 -0.1189509481 0.8507274985
-248.5 -537.7 2879.2 0.3158687651 -0.9440584779 0.0947654545 0.0826737732 -0.0721135437 -0.9939641356 0.9451941252 0.3217968643 0.0552704632
121.5 -509.4 2753.1 0.3158687651 -0.0063673337 -0.9487814903 0.0826737732 0.9963588119 0.0208371636 0.9451941252 -0.0850211605 0.3152450621
265.2 -266.1 2639.4 0 0 0 0 0 0 0 0 0
353.2 -348.7 2907.7 0 0 0 0 0 0 0 0 0
-165.3 -893.2 2398.3 0 0 0 0 0 0 0 0 0
123.9 -890.2 2785.6 0 0 0 0 0 0 0 0 0
-34.6 14.6 2799.1 8 0.2531823814 0.3939142227 -0.8835894465 -0.1096847802 0.9191465378 0.3783370554 0.9611805081 0.0011280286 0.2759181261
-112.3 -166.7 2798.8 0.2531823814 0.3939142227 -0.8835894465 -0.1096847802 0.9191465378 0.3783370554 0.9611805081 0.0011280286 0.2759181261
-193.0 -348.4 2798.4 0.2513918579 0.4059584737 -0.8786352277 -0.1137881130 0.9138892889 0.3896903992 0.9611734748 0.0020132582 0.2759375572
-147.7 -150.7 2663.6 -0.6884743571 0.1463304460 -0.7103453279 0.5965676904 0.6712484956 -0.4399232566 0.4124440551 -0.7266449332 -0.5494333506
18.7 -294.9 2563.9 -0.9479801059 0.1463304460 0.2827031612 -0.1147678122 0.6712484956 -0.7322935462 -0.2969209254 -0.7266449332 -0.6195362210
-76.9 -182.8 2934.1 0.7431508899 0.2204012275 -0.6317832470 -0.6553524137 0.4303225577 -0.6207541823 0.1350556165 0.8753546476 0.4642350674
98.5 -337.4 2966.0 0.9745719433 0.2204012275 0.0404088348 -0.0599731617 0.4303225577 -0.9006806612 -0.2158999592 0.8753546476 0.4325984418
-294.0 -514.6 2703.0 0.8565888405 -0.5057371259 -0.1023990437 -0.1072864830 0.0195515100 -0.9940358996 0.5047228932 0.8624660373 -0.0375111513
-88.7 -522.5 2352.8 0.8565888405 0.1943343878 -0.4780060053 -0.1072864830 0.9732001424 0.2033988237 0.5047228932 -0.1229455695 0.8544818163
-250.6 -540.5 2886.2 0.3198633194 -0.9429719448 0.0921482742 0.0943938792 -0.0650577024 -0.9934068918 0.9427498579 0.3264526725 0.0682012141
119.0 -515.0 2758.3 0.3198633194 -0.0033740727 -0.9474576712 0.0943938792 0.9951319098 0.0283236858 0.9427498579 -0.0984939188 0.3186247051
265.0 -265.0 2641.1 0 0 0 0 0 0 0 0 0
351.8 -353.0 2909.8 0 0 0 0 0 0 0 0 0
-163.0 -894.6 2399.8 0 0 0 0 0 0 0 0 0
120.3 -895.3 2795.9 0 0 0 0 0 0 0 0 0
-35.9 13.1 2809.4 9 0.2814849913 0.3855452836 -0.8787041903 -0.1384198964 0.9224681854 0.3604058623 0.9495294094 0.0201812945 0.3130280972
-111.8 -168.6 2805.4 0.2814849913 0.3855452836 -0.8787041903 -0.1384198964 0.9224681854 0.3604058623 0.9495294094 0.0201812945 0.3130280972
-192.1 -350.4 2803.1 0.2821845412 0.4037010372 -0.8702858090 -0.1367914230 0.9148146510 0.3800030053 0.9495577812 0.0118166581 0.3133693933
-151.5 -149.4 2671.9 -0.6853850484 0.1161666885 -0.7188550830 0.5838785172 0.6775690317 -0.4471980929 0.4351244271 -0.7262269258 -0.5322228670
18.3 -294.0 2564.1 -0.9577253461 0.1161666885 0.2631871402 -0.1173335016 0.6775690317 -0.7260392904 -0.2626690269 -0.7262269258 -0.6352947950
-72.1 -187.8 2939.0 0.7485626936 0.2470400035 -0.6153252721 -0.6562281847 0.4089304507 -0.6341454983 0.0949659199 0.8784914017 0.4682246745
104.4 -342.6 2961.4 0.9673570991 0.2470400035 0.0564930700 -0.0512218550 0.4089304507 -0.9111269116 -0.2481865287 0.8784914017 0.4082356095
-296.8 -519.6 2709.9 0.8577309847 -0.5050762892 -0.0958929136 -0.1064699218 0.0079636248 -0.9942840338 0.5029529333 0.8630379438 -0.0469447859
-88.2 -522.9 2353.4 0.8577309847 0.1951290965 -0.4756281674 -0.1064699218 0.9725338221 0.2069833279 0.5029529333 -0.1268959194 0.8549478054
-246.5 -544.8 2887.8 0.3494045138 -0.9319407344 0.0969688892 0.0718173683 -0.0765498355 -0.9944759607 0.9342156053 0.3544384241 0.0401826724
118.7 -514.8 2748.9 0.3494045138 -0.0082579739 -0.9369356036 0.0718173683 0.9972555041 0.0179927014 0.9342156053 -0.0735749826 0.3490386307
267.1 -263.6 2632.3 0 0 0 0 0 0 0 0 0
355.8 -355.9 2896.9 0 0 0 0 0 0 0 0 0
-162.8 -894.7 2401.9 0 0 0 0 0 0 0 0 0
121.8 -895.9 2777.0 0 0 0 0 0 0 0 0 0
-35.6 15.1 2814.1 0 0.2787011564 0.3880223036 -0.8785011768 -0.1492334306 0.9211316109 0.3595078588 0.9487122893 0.0309064854 0.3146263659
-112.2 -166.8 2808.0 0.2787011564 0.3880223036 -0.8785011768 -0.1492334306 0.9211316109 0.3595078588 0.9487122893 0.0309064854 0.3146263659
-191.9 -348.8 2803.8 0.2805593610 0.4008725584 -0.8721167445 -0.1449064314 0.9158852100 0.3743746281 0.9488353729 0.0213410184 0.3150492013
-151.7 -146.4 2674.5 -0.6637952328 0.1022032350 -0.7408983707 0.5980950594 0.6673268676 -0.4437986016 0.4490637183 -0.7377189994 -0.5040956140
11.3 -293.3 2564.3 -0.9622249603 0.1022032350 0.2523442507 -0.1218048707 0.6673268676 -0.7347369790 -0.2434885949 -0.7377189994 -0.6296697259
-72.8 -187.2 2941.5 0.7503863573 0.2440007776 -0.6143158674 -0.6547898054 0.4014867246 -0.6403582692 0.0903917402 0.8827638626 0.4610393643
104.3 -341.7 2962.8 0.9680214524 0.2440007776 0.0582928322 -0.0461171977 0.4014867246 -0.9147030115 -0.2465920448 0.8827638626 0.3999003768
-298.3 -519.7 2713.7 0.8578633070 -0.5052424073 -0.0938119069 -0.1061015278 0.0044747088 -0.9943452477 0.5028051734 0.8629658222 -0.0497683063
-88.0 -521.6 2354.5 0.8578633070 0.1941844970 -0.4757761657 -0.1061015278 0.9728365541 0.2057462782 0.5028051734 -0.1260215938 0.8551639915
-245.9 -544.2 2886.5 0.3472128212 -0.9324556589 0.0998484194 0.0641654059 -0.0826009214 -0.9945148826 0.9355885983 0.3517151475 0.0311512966
119.6 -511.8 2748.7 0.3472128212 -0.0112753948 -0.9377185702 0.0641654059 0.9978699684 0.0117601082 0.9355885983 -0.0642523542 0.3471967280
261.3 -261.6 2627.5 0 0 0 0 0 0 0 0 0
355.9 -353.7 2898.7 0 0 0 0 0 0 0 0 0
-162.2 -893.5 2402.7 0 0 0 0 0 0 0 0 0
123.9 -893.2 2773.2 0 0 0 0 0 0 0 0 0
-33.3 24.0 2806.4 1 0.3009986877 0.3776458800 -0.8756616712 -0.1357636452 0.9258624315 0.3526287377 0.9439110160 0.0127422363 0.3299539685
-107.9 -159.0 2803.9 0.3009986877 0.3776458800 -0.8756616712 -0.1357636452 0.9258624315 0.3526287377 0.9439110160 0.0127422363 0.3299539685
-185.6 -341.9 2802.7 0.3015565276 0.3912014961 -0.8694970012 -0.1344241500 0.9202849865 0.3674312532 0.9439246655 0.0060800947 0.3301048875
-150.3 -140.1 2671.1 -0.6487303972 0.1276550293 -0.7502353191 0.6241062284 0.6533636451 -0.4284942448 0.4354770780 -0.7462037802 -0.5035271645
9.0 -293.3 2564.2 -0.9588324428 0.1276550293 0.2536622584 -0.1111230180 0.6533636451 -0.7488441467 -0.2613274455 -0.7462037802 -0.6122808456
-65.5 -177.9 2936.7 0.7591341734 0.2578480840 -0.5976869464 -0.6460285187 0.4109579027 -0.6432424188 0.0797653571 0.8744300604 0.4785493910
113.7 -330.4 2955.5 0.9631657600 0.2578480840 0.0763285458 -0.0378329530 0.4109579027 -0.9108689427 -0.2662336230 0.8744300604 0.4055757523
-297.4 -517.6 2712.5 0.8587930799 -0.5034484267 -0.0949426293 -0.1046027988 0.0091084950 -0.9944723845 0.5015302896 0.8639772534 -0.0448397994
-89.7 -521.4 2356.0 0.8587930799 0.1849629730 -0.4777688682 -0.1046027988 0.9762140512 0.1899062395 0.5015302896 -0.1131142154 0.8577135205
-235.7 -537.2 2888.0 0.3657284975 -0.9240587354 0.1111671925 0.0752121210 -0.0897081643 -0.9931241274 0.9276776314 0.3715749383 0.0366915800
126.4 -502.0 2742.4 0.3657284975 -0.0236136764 -0.9304219484 0.0752121210 0.9971584678 0.0042568194 0.9276776314 -0.0715358481 0.3664653003
258.1 -264.5 2632.1 0 0 0 0 0 0 0 0 0
364.0 -340.2 2886.3 0 0 0 0 0 0 0 0 0
-160.4 -894.5 2399.3 0 0 0 0 0 0 0 0 0
135.5 -883.1 2769.8 0 0 0 0 0 0 0 0 0
-34.9 23.0 2802.6 2 0.3331075311 0.3620617390 -0.8706036210 -0.1361209750 0.9321298599 0.3355667591 0.9330114722 0.0067276005 0.3597836494
-106.4 -161.3 2801.3 0.3331075311 0.3620617390 -0.8706036210 -0.1361209750 0.9321298599 0.3355667591 0.9330114722 0.0067276005 0.3597836494
-181.1 -345.5 2800.7 0.3326056898 0.3757503629 -0.8649769425 -0.1373852640 0.9267175198 0.3497426510 0.9330052137 0.0025086873 0.3598541021
-153.2 -142.0 2670.1 -0.6578567028 0.1238396764 -0.7428918481 0.6155872941 0.6567036510 -0.4356518984 0.4339088202 -0.7439113259 -0.5082510114
7.7 -292.5 2563.9 -0.9620333910 0.1238396764 0.2432190031 -0.1042945608 0.6567036510 -0.7469022274 -0.2522189319 -0.7439113259 -0.6188550591
-59.7 -180.5 2932.5 0.7718539834 0.2776422501 -0.5719757080 -0.6337842345 0.4075625837 -0.6574270129 0.0505863689 0.8699468374 0.4905440807
122.4 -330.1 2944.4 0.9550428391 0.2776422501 0.1039613560 -0.0191009417 0.4075625837 -0.9129775167 -0.2958518863 0.8699468374 0.3945429623
-291.0 -512.5 2714.9 0.8661488295 -0.4885530472 -0.1053665057 -0.1081835926 0.0225524250 -0.9938750863 0.4879369736 0.8722426891 -0.0333196633
-89.1 -521.8 2354.3 0.8661488295 0.1904084235 -0.4620939195 -0.1081835926 0.9740914106 0.1986005753 0.4879369736 -0.1220266819 0.8643072248
-225.3 -542.2 2885.7 0.3927253485 -0.9105866551 0.1288361251 0.0732078701 -0.1086930782 -0.9913760424 0.9167373776 0.3987703025 0.0239755809
131.4 -499.6 2729.5 0.3927253485 -0.0423283391 -0.9186812043 0.0732078701 0.9972090721 -0.0146510229 0.9167373776 -0.0615008622 0.3947280347
257.7 -265.4 2629.5 0 0 0 0 0 0 0 0 0
370.5 -335.0 2867.6 0 0 0 0 0 0 0 0 0
-161.8 -894.2 2400.9 0 0 0 0 0 0 0 0 0
147.6 -880.8 2753.0 0 0 0 0 0 0 0 0 0
-35.9 20.3 2811.7 3 0.2865717411 0.3734503090 -0.8822762966 -0.1537442803 0.9268909693 0.3423972130 0.9456422925 0.0375235714 0.3230366111
-109.9 -163.4 2804.3 0.2865717411 0.3734503090 -0.8822762966 -0.1537442803 0.9268909693 0.3423972130 0.9456422925 0.0375235714 0.3230366111
-187.2 -346.4 2798.8 0.2883139551 0.3890426755 -0.8749405146 -0.1495224983 0.9208245873 0.3601737618 0.9457896948 0.0269801654 0.3236571848
-150.5 -142.5 2671.3 -0.6500173807 0.1116555184 -0.7516717911 0.6207860112 0.6485260129 -0.4404982924 0.4382946491 -0.7529588342 -0.4908673465
7.2 -293.0 2565.1 -0.9631306529 0.1116555184 0.2447700799 -0.1160062999 0.6485260129 -0.7523007989 -0.2427383065 -0.7529588342 -0.6116625667
-69.4 -184.4 2937.2 0.7590212226 0.2445779592 -0.6033807993 -0.6461764574 0.3963564932 -0.6521943808 0.0796415210 0.8849198818 0.4588834941
109.6 -336.8 2956.0 0.9669385552 0.2445779592 0.0721905753 -0.0317515321 0.3963564932 -0.9175474644 -0.2530250847 0.8849198818 0.3910180926
-286.3 -517.1 2714.6 0.8737743497 -0.4773380160 -0.0930957794 -0.1001029313 0.0108001931 -0.9949184656 0.4759178460 0.8786534071 -0.0383460000
-89.5 -521.5 2352.4 0.8737743497 0.1883469522 -0.4483790994 -0.1001029313 0.9718729854 0.2131721377 0.4759178460 -0.1413802803 0.8680517077
-238.0 -543.1 2880.0 0.3523110151 -0.9290874600 0.1125763580 0.0601235032 -0.0975714326 -0.9934107661 0.9339497685 0.3567580283 0.0214845054
125.8 -504.9 2740.4 0.3523110151 -0.0248422213 -0.9355531931 0.0601235032 0.9981834888 -0.0038639405 0.9339497685 -0.0548874289 0.3531646132
257.5 -262.8 2628.2 0 0 0 0 0 0 0 0 0
360.6 -345.1 2890.3 0 0 0 0 0 0 0 0 0
-161.5 -893.0 2406.5 0 0 0 0 0 0 0 0 0
135.3 -886.4 2761.3 0 0 0 0 0 0 0 0 0
-36.3 18.1 2815.2 4 0.2755810916 0.3740260899 -0.8855278492 -0.1635300219 0.9260121584 0.3402342796 0.9472660422 0.0510482490 0.3163559437
-110.3 -165.0 2805.1 0.2755810916 0.3740260899 -0.8855278492 -0.1635300219 0.9260121584 0.3402342796 0.9472660422 0.0510482490 0.3163559437
-187.6 -348.0 2797.1 0.2775091529 0.3891865611 -0.8783635497 -0.1588658392 0.9202763438 0.3575654626 0.9474968910 0.0403142758 0.3172135651
-149.3 -142.7 2671.9 -0.6450393200 0.1115332842 -0.7559660077 0.6236912012 0.6484386921 -0.4365048707 0.4415127933 -0.7530521750 -0.4878307879
5.5 -292.4 2565.9 -0.9638381004 0.1115332842 0.2420257181 -0.1139685512 0.6484386921 -0.7526874542 -0.2408885509 -0.7530521750 -0.6122786403
-71.3 -187.4 2938.4 0.7579075098 0.2346502841 -0.6086997986 -0.6471706629 0.3879232705 -0.6562664509 0.0821357071 0.8913218975 0.4458687603
107.6 -340.1 2957.8 0.9697387815 0.2346502841 0.0674232095 -0.0298177470 0.3879232705 -0.9212092161 -0.2423170507 0.8913218975 0.3831810057
-290.8 -515.8 2706.7 0.8663086295 -0.4922022820 -0.0851251185 -0.0894058123 0.0148754613 -0.9958841801 0.4914427698 0.8703537583 -0.0311190058
-89.4 -521.9 2350.7 0.8663086295 0.1876412034 -0.4629256427 -0.0894058123 0.9700430632 0.2258829474 0.4914427698 -0.1542961001 0.8571328521
-239.4 -545.4 2875.9 0.3416891396 -0.9331229329 0.1119382605 0.0511046350 -0.1004827991 -0.9936254621 0.9384225011 0.3452315927 0.0133530227
126.1 -506.1 2740.6 0.3416891396 -0.0237117838 -0.9395138621 0.0511046350 0.9986713529 -0.0066187223 0.9384225011 -0.0457519665 0.3424469531
256.0 -262.8 2628.6 0 0 0 0 0 0 0 0 0
359.5 -347.8 2894.8 0 0 0 0 0 0 0 0 0
-161.2 -892.7 2409.6 0 0 0 0 0 0 0 0 0
135.2 -887.8 2758.1 0 0 0 0 0 0 0 0 0
-36.4 16.6 2817.0 5 0.3153181672 0.3628685176 -0.8768699169 -0.1734682620 0.9304783344 0.3226745427 0.9329968691 0.0503639579 0.3563429117
-108.1 -167.3 2807.1 0.3153181672 0.3628685176 -0.8768699169 -0.1734682620 0.9304783344 0.3226745427 0.9329968691 0.0503639579 0.3563429117
-183.3 -351.0 2799.0 0.3165915906 0.3788733482 -0.8696118593 -0.1702835560 0.9245759845 0.3408266306 0.9331523180 0.0401777625 0.3572288752
-152.6 -143.4 2675.9 -0.6567622423 0.0925818309 -0.7483929396 0.6056500077 0.6560351849 -0.4503397644 0.4492788315 -0.7490303516 -0.4869313240
7.0 -290.5 2566.8 -0.9725459218 0.0925818309 0.2135019302 -0.1017218605 0.6560351849 -0.7478439212 -0.2093015313 -0.7490303516 -0.6286067367
-63.6 -191.2 2938.2 0.7685790062 0.2645121217 -0.5825115442 -0.6383934021 0.3764708340 -0.6713594794 0.0417158753 0.8878643513 0.4582103491
117.7 -341.7 2948.1 0.9597679377 0.2645121217 0.0942273363 -0.0128099220 0.3764708340 -0.9263399243 -0.2805019617 0.8878643513 0.3647130132
-290.3 -516.3 2702.2 0.8624033332 -0.4987646341 -0.0865699276 -0.0914713666 0.0146611165 -0.9956997633 0.4978890419 0.8666134477 -0.0329788886
-89.3 -522.2 2352.9 0.8624033332 0.1900566369 -0.4691897035 -0.0914713666 0.9700951576 0.2248297483 0.4978890419 -0.1509764940 0.8539980054
-229.6 -550.4 2876.5 0.3776367903 -0.9174661636 0.1250850260 0.0403791219 -0.1186421663 -0.9921156764 0.9250729680 0.3797101974 -0.0077571659
129.7 -503.9 2727.8 0.3776367903 -0.0376749374 -0.9251870513 0.0403791219 0.9988914728 -0.0241946001 0.9250729680 -0.0282214694 0.3787394166
259.6 -264.1 2621.1 0 0 0 0 0 0 0 0 0
366.9 -345.0 2875.2 0 0 0 0 0 0 0 0 0
-161.9 -893.1 2410.6 0 0 0 0 0 0 0 0 0
144.1 -885.7 2738.6 0 0 0 0 0 0 0 0 0
-35.3 16.3 2817.9 6 0.3164434731 0.3650198579 -0.8755707145 -0.1812847108 0.9292612076 0.3218842745 0.9311280251 0.0568693988 0.3602311611
-107.4 -167.1 2806.7 0.3164434731 0.3650198579 -0.8755707145 -0.1812847108 0.9292612076 0.3218842745 0.9311280251 0.0568693988 0.3602311611
-182.0 -351.1 2797.0 0.3178585768 0.3755941987 -0.8705716133 -0.1777407229 0.9255173206 0.3344038725 0.9313292503 0.0484428853 0.3609420061
-152.1 -142.1 2675.7 -0.6510548592 0.1084451526 -0.7512437701 0.6101033092 0.6635737419 -0.4329478741 0.4515545368 -0.7402091622 -0.4981856346
4.6 -289.0 2567.0 -0.9702426791 0.1084451526 0.2164921463 -0.0915056244 0.6635737419 -0.7424935102 -0.2241783142 -0.7402091622 -0.6339041591
-62.6 -192.1 2937.7 0.7710248232 0.2637968361 -0.5795964003 -0.6358194947 0.3695220649 -0.6776334047 0.0354161114 0.8909908533 0.4526378512
119.3 -342.1 2946.0 0.9596039653 0.2637968361 0.0978336632 -0.0068486882 0.3695220649 -0.9291967154 -0.2812708616 0.8909908533 0.3564015031
-287.6 -519.2 2705.4 0.8662331700 -0.4910504818 -0.0922469124 -0.1003328413 0.0099078175 -0.9949045777 0.4894623756 0.8710747361 -0.0406860113
-89.3 -523.2 2353.7 0.8662331700 0.1923132688 -0.4611460567 -0.1003328413 0.9711096883 0.2165163010 0.4894623756 -0.1412855089 0.8605027795
-227.5 -551.3 2872.7 0.3781531453 -0.9167641997 0.1286220253 0.0334501676 -0.1253170967 -0.9915526509 0.9251385331 0.3792611957 -0.0167231392
131.7 -502.2 2724.1 0.3781531453 -0.0414097868 -0.9248164296 0.0334501676 0.9989578724 -0.0310519412 0.9251385331 -0.0191928744 0.3791442215
256.8 -265.2 2625.2 0 0 0 0 0 0 0 0 0
368.6 -343.9 2872.9 0 0 0 0 0 0 0 0 0
-162.8 -894.5 2407.7 0 0 0 0 0 0 0 0 0
147.5 -884.1 2731.5 0 0 0 0 0 0 0 0 0
-35.9 19.6 2809.3 7 0.2913697958 0.3808072209 -0.8775474429 -0.1437607706 0.9243636131 0.3533903658 0.9457465410 0.0231896080 0.3240767717
-110.7 -162.0 2804.8 0.2913697958 0.3808072209 -0.8775474429 -0.1437607706 0.9243636131 0.3533903658 0.9457465410 0.0231896080 0.3240767717
-188.5 -344.8 2801.3 0.2921863198 0.3909386098 -0.8728082180 -0.1418091357 0.9202558994 0.3647180200 0.9457892776 0.0172065571 0.3243248463
-151.9 -142.1 2671.9 -0.6517552733 0.1178692356 -0.7492141724 0.6153576970 0.6596302390 -0.4315355122 0.4433395565 -0.7422902584 -0.5024492145
3.7 -289.0 2566.1 -0.9677041173 0.1178692356 0.2228353024 -0.0914397612 0.6596302390 -0.7460072041 -0.2349201888 -0.7422902584 -0.6275489330
-69.6 -181.9 2937.7 0.7587067485 0.2483668029 -0.6022275090 -0.6461929083 0.4039542377 -0.6474996209 0.0824549645 0.8804174662 0.4669756591
109.2 -334.2 2957.1 0.9659361243 0.2483668029 0.0726730153 -0.0350934155 0.4039542377 -0.9141058326 -0.2563900948 0.8804174662 0.3989100158
-285.8 -518.8 2701.9 0.8676367402 -0.4887525141 -0.0912550464 -0.0960002244 0.0154052824 -0.9952620864 0.4878426492 0.8722864389 -0.0335541591
-90.6 -524.9 2353.5 0.8676367402 0.1912011802 -0.4589647055 -0.0960002244 0.9701538682 0.2226777971 0.4878426492 -0.1491427124 0.8600965142
-239.5 -540.5 2884.4 0.3558898568 -0.9278776050 0.1112904772 0.0676078871 -0.0932119042 -0.9933482409 0.9320791960 0.3610466719 0.0295586716
123.9 -504.0 2743.0 0.3558898568 -0.0225051232 -0.9342569113 0.0676078871 0.9977104664 0.0017204734 0.9320791960 -0.0637754351 0.3565965593
255.2 -265.2 2627.1 0 0 0 0 0 0 0 0 0
360.1 -343.3 2890.5 0 0 0 0 0 0 0 0 0
-163.7 -895.8 2410.5 0 0 0 0 0 0 0 0 0
132.5 -885.0 2767.4 0 0 0 0 0 0 0 0 0
-36.1 20.9 2803.1 8 0.2760089636 0.3876707554 -0.8795058131 -0.1214689985 0.9217832088 0.3681861758 0.9534486532 0.0052100089 0.3015103936
-112.1 -159.9 2802.0 0.2760089636 0.3876707554 -0.8795058131 -0.1214689985 0.9217832088 0.3681861758 0.9534486532 0.0052100089 0.3015103936
-191.4 -342.1 2801.9 0.2764093280 0.3985222578 -0.8745157719 -0.1205324978 0.9171585441 0.3798579872 0.9534515142 0.0004112754 0.3015460670
-151.0 -143.0 2668.0 -0.6612355709 0.1322526187 -0.7384285331 0.6143690944 0.6603254676 -0.4318805933 0.4304858744 -0.7392424941 -0.5178826451
6.4 -289.3 2565.5 -0.9660707712 0.1322526187 0.2218480557 -0.0810504109 0.6603254676 -0.7465929985 -0.2452308089 -0.7392424941 -0.6272020340
-73.2 -176.8 2936.1 0.7517386675 0.2384189963 -0.6148539782 -0.6501752138 0.4238663912 -0.6305627823 0.1102777869 0.8737812638 0.4736508727
104.1 -330.1 2962.1 0.9693883061 0.2384189963 0.0586740188 -0.0495103449 0.4238663912 -0.9043704867 -0.2404890507 0.8737812638 0.4226953387
-293.1 -514.6 2711.1 0.8641170859 -0.4930520356 -0.1010014862 -0.1000276431 0.0284316633 -0.9945783615 0.4932505488 0.8695350885 -0.0247505493
-90.5 -526.3 2353.7 0.8641170859 0.1936618090 -0.4645392597 -0.1000276431 0.9706748724 0.2185973525 0.4932505488 -0.1424269527 0.8581482768
-245.3 -535.3 2889.1 0.3422255814 -0.9340374470 0.1022529006 0.0880796611 -0.0764550790 -0.9931750298 0.9354804158 0.3488962948 0.0561048165
120.7 -505.4 2752.4 0.3422255814 -0.0130430255 -0.9395272732 0.0880796611 0.9959461093 0.0182570126 0.9354804158 -0.0890012607 0.3419870436
257.5 -268.2 2629.3 0 0 0 0 0 0 0 0 0
355.9 -343.0 2899.6 0 0 0 0 0 0 0 0 0
-164.5 -897.4 2408.2 0 0 0 0 0 0 0 0 0
125.6 -885.8 2786.4 0 0 0 0 0 0 0 0 0
-36.3 16.3 2821.9 9 0.2552539110 0.3878608048 -0.8856689334 -0.1678052247 0.9198826551 0.3544817865 0.9522010684 0.0581370145 0.2998887002
-112.4 -164.0 2810.5 0.2552539110 0.3878608048 -0.8856689334 -0.1678052247 0.9198826551 0.3544817865 0.9522010684 0.0581370145 0.2998887002
-192.4 -345.5 2801.3 0.2577532828 0.4027551413 -0.8782662153 -0.1620073766 0.9141263366 0.3716540039 0.9525318146 0.0464905649 0.3008683622
-148.6 -141.3 2676.7 -0.6509146690 0.1241738051 -0.7489265203 0.6107902527 0.6715216637 -0.4195163250 0.4508274496 -0.7305063605 -0.5129474401
8.6 -288.9 2567.8 -0.9635928869 0.1241738051 0.2367902547 -0.0940778106 0.6715216637 -0.7349884510 -0.2502760887 -0.7305063605 -0.6353914738
-76.1 -186.8 2944.4 0.7465657592 0.2241646796 -0.6264102459 -0.6582678556 0.3855215013 -0.6465729475 0.0965557918 0.8950549364 0.4353775382
100.0 -342.1 2967.1 0.9734658003 0.2241646796 0.0459836647 -0.0452427492 0.3855215013 -0.9215890169 -0.2243154049 0.8950549364 0.3854338229
-296.0 -513.3 2714.4 0.8613728881 -0.4970071614 -0.1049790755 -0.1052609682 0.0275386311 -0.9940632582 0.4969475269 0.8673093319 -0.0285944231
-90.3 -524.7 2355.3 0.8613728881 0.1922694147 -0.4701799452 -0.1052609682 0.9730693698 0.2050758004 0.4969475269 -0.1271551400 0.8584140539
-248.2 -532.7 2891.5 0.3597473800 -0.9285562634 0.0914609134 0.0228626300 -0.0892217085 -0.9957493544 0.9327695966 0.3603092730 -0.0108680381
118.3 -497.5 2749.3 0.3597473800 -0.1345388144 -0.9232990742 0.0228626300 0.9905235767 -0.1354264319 0.9327695966 0.0276102610 0.3594141901
259.1 -264.4 2632.8 0 0 0 0 0 0 0 0 0
353.0 -353.8 2908.9 0 0 0 0 0 0 0 0 0
-163.8 -896.7 2403.9 0 0 0 0 0 0 0 0 0
168.0 -863.4 2739.1 0 0 0 0 0 0 0 0 0
-36.0 14.8 2820.3 0 0.2768097818 0.3823848963 -0.8815657496 -0.1770787388 0.9220009446 0.3443216085 0.9444678426 0.0607949644 0.3229311109
-111.0 -166.1 2808.4 0.2768097818 0.3823848963 -0.8815657496 -0.1770787388 0.9220009446 0.3443216085 0.9444678426 0.0607949644 0.3229311109
-190.1 -348.1 2798.7 0.2792178392 0.3979442120 -0.8738865852 -0.1714063436 0.9161214828 0.3624103367 0.9448053837 0.0485982709 0.3240076303
-150.3 -142.0 2675.6 -0.6481370330 0.1204169244 -0.7519429326 0.6141490340 0.6664842963 -0.4226341248 0.4502658546 -0.7357298732 -0.5059270859
4.1 -288.3 2568.3 -0.9661460519 0.1204169244 0.2281699926 -0.0916615874 0.6664842963 -0.7398626804 -0.2411637157 -0.7357298732 -0.6328836083
-71.7 -190.2 2941.2 0.7523858547 0.2410296053 -0.6130418181 -0.6546873450 0.3764693737 -0.6554809213 0.0728011727 0.8945252895 0.4410492480
105.8 -344.6 2958.4 0.9686474204 0.2410296053 0.0602241494 -0.0361217968 0.3764693737 -0.9257245660 -0.2457995713 0.8945252895 0.3733724952
-296.0 -512.1 2704.7 0.8530262709 -0.5107606649 -0.1070967466 -0.1088948548 0.0264935922 -0.9937001467 0.5103803873 0.8593146205 -0.0330194794
-90.2 -522.8 2358.4 0.8530262709 0.1919507682 -0.4852845669 -0.1088948548 0.9748990536 0.1942003965 0.5103803873 -0.1128130481 0.8525169492
-250.2 -540.5 2880.4 0.3254613578 -0.9395058155 0.1067882702 0.0087287128 -0.1099470705 -0.9938991070 0.9455150366 0.3244078755 -0.0275828447
121.6 -497.0 2752.0 0.3254613578 -0.0662656501 -0.9432305098 0.0087287128 0.9977093339 -0.0670811608 0.9455150366 0.0135991378 0.3252942562
255.3 -264.5 2631.0 0 0 0 0 0 0 0 0 0
357.5 -354.0 2894.6 0 0 0 0 0 0 0 0 0
-163.6 -895.5 2401.5 0 0 0 0 0 0 0 0 0
146.5 -871.1 2746.9 0 0 0 0 0 0 0 0 0
-35.5 15.2 2809.6 1 0.2727933228 0.3887074590 -0.8800513148 -0.1532424837 0.9206222296 0.3591258824 0.9497897625 0.0368941091 0.3107061088
-112.0 -166.0 2802.3 0.2727933228 0.3887074590 -0.8800513148 -0.1532424837 0.9206222296 0.3591258824 0.9497897625 0.0368941091 0.3107061088
-191.0 -348.3 2796.5 0.2745931447 0.3975300193 -0.8755389452 -0.1490355879 0.9171315432 0.3696730435 0.9499405026 0.0289767887 0.3110841513
-150.6 -145.1 2668.7 -0.6600899100 0.1162929907 -0.7421302199 0.6160381436 0.6491450667 -0.4462148547 0.4298585057 -0.7517224550 -0.5001350045
4.2 -289.6 2567.9 -0.9657667279 0.1162929907 0.2318848521 -0.1027965620 0.6491450667 -0.7536866665 -0.2381753772 -0.7517224550 -0.6149681807
-73.4 -187.0 2935.9 0.7521736026 0.2365567982 -0.6150412560 -0.6525197029 0.3975975811 -0.6450846791 0.0919397473 0.8865422010 0.4534203708
104.1 -341.0 2957.6 0.9698465466 0.2365567982 0.0586393252 -0.0415576436 0.3975975811 -0.9166182876 -0.2401471585 0.8865422010 0.3954393864
-294.8 -514.4 2702.5 0.8548620939 -0.5088995099 -0.1011535227 -0.1048359200 0.0215215478 -0.9942566156 0.5081536770 0.8605568409 -0.0349529944
-90.3 -523.0 2356.6 0.8548620939 0.1932121366 -0.4815390110 -0.1048359200 0.9732581377 0.2043967694 0.5081536770 -0.1242484748 0.8522570729
-248.2 -541.5 2880.2 0.3019165695 -0.9461446404 0.1168617979 0.0307855438 -0.1128421351 -0.9931358695 0.9528371692 0.3034418225 -0.0049413317
121.4 -497.4 2761.7 0.3019165695 -0.0296386797 -0.9528735280 0.0307855438 0.9992984533 -0.0213283505 0.9528371692 -0.0228953473 0.3026171923
255.2 -262.9 2629.8 0 0 0 0 0 0 0 0 0
356.2 -351.8 2895.2 0 0 0 0 0 0 0 0 0
-164.2 -895.1 2404.1 0 0 0 0 0 0 0 0 0
132.6 -875.3 2770.4 0 0 0 0 0 0 0 0 0
-36.5 14.1 2814.2 2 0.3053391278 0.3873766959 -0.8698892593 -0.1737956405 0.9208420515 0.3490629792 0.9362494946 0.0446003675 0.3484935164
-112.8 -167.2 2805.4 0.3053391278 0.3873766959 -0.8698892593 -0.1737956405 0.9208420515 0.3490629792 0.9362494946 0.0446003675 0.3484935164
-192.5 -349.2 2797.9 0.3059320748 0.4008061588 -0.8635739684 -0.1724142581 0.9153909087 0.3637757599 0.9363113046 0.0376017913 0.3491521478
-155.8 -143.0 2673.8 -0.6771639585 0.1085553095 -0.7277806997 0.5989546180 0.6558501124 -0.4594714642 0.4274369776 -0.7470450997 -0.5091377497
10.2 -289.8 2569.0 -0.9690698385 0.1085553095 0.2216290385 -0.0977246016 0.6558501124 -0.7485389709 -0.2266133130 -0.7470450997 -0.6249560118
-69.8 -191.5 2937.0 0.7529060245 0.2672165632 -0.6014381051 -0.6561561823 0.3754720092 -0.6545836926 0.0509075746 0.8874773979 0.4580309391
107.8 -346.2 2949.0 0.9611172676 0.2672165632 0.0696341172 -0.0372955166 0.3754720092 -0.9260830283 -0.2736103833 0.8874773979 0.3708386123
-295.2 -516.8 2703.7 0.8579218984 -0.5056080222 -0.0912717804 -0.0975559950 0.0141055332 -0.9951300621 0.5044331551 0.8626480103 -0.0372236446
-91.3 -522.5 2355.7 0.8579218984 0.1895244718 -0.4775463045 -0.0975559950 0.9726579785 0.2107587606 0.5044331551 -0.1342270672 0.8529538512
-245.8 -545.5 2877.5 0.3236097395 -0.9387117028 0.1187310219 0.0079554571 -0.1227793843 -0.9924020767 0.9461572170 0.3220955431 -0.0322647244
118.4 -497.9 2752.5 0.3236097395 -0.0095555978 -0.9461423755 0.0079554571 0.9999411106 -0.0073779295 0.9461572170 -0.0051394254 0.3236666918
262.1 -264.4 2627.9 0 0 0 0 0 0 0 0 0
357.4 -355.9 2877.9 0 0 0 0 0 0 0 0 0
-163.7 -894.3 2407.0 0 0 0 0 0 0 0 0 0
122.0 -878.0 2754.4 0 0 0 0 0 0 0 0 0
-37.4 16.4 2817.5 3 0.3177925348 0.3731156290 -0.8716608286 -0.1907681078 0.9256795645 0.3266876638 0.9287708998 0.0624662004 0.3653526306
-110.7 -165.4 2805.2 0.3177925348 0.3731156290 -0.8716608286 -0.1907681078 0.9256795645 0.3266876638 0.9287708998 0.0624662004 0.3653526306
-188.1 -348.1 2794.6 0.3185756207 0.3894088864 -0.8642165661 -0.1888731569 0.9195149541 0.3447016478 0.9288899302 0.0534137748 0.3664839268
-155.5 -138.9 2674.6 -0.6634884477 0.1153953448 -0.7392340899 0.6066254377 0.6612975597 -0.4412381649 0.4379368722 -0.7411946058 -0.5087650418
5.9 -286.5 2568.0 -0.9720953703 0.1153953448 0.2042414248 -0.0782432929 0.6612975597 -0.7460318208 -0.2211529613 -0.7411946058 -0.6338154078
-65.9 -192.0 2935.8 0.7618628740 0.2722305655 -0.5877546072 -0.6471207142 0.3595043719 -0.6723030210 0.0282789208 0.8925508857 0.4500590861
113.8 -344.6 2942.5 0.9584193230 0.2722305655 0.0855742991 -0.0188134946 0.3595043719 -0.9329537153 -0.2847428322 0.8925508857 0.3496775627
-300.3 -515.3 2704.7 0.8544505835 -0.5124650002 -0.0854039043 -0.0887682587 0.0179618783 -0.9958903193 0.5118929148 0.8585202694 -0.0301430877
-91.6 -522.6 2355.1 0.8544505835 0.1830806434 -0.4862053692 -0.0887682587 0.9735369086 0.2105852067 0.5118929148 -0.1367750466 0.8480909467
-237.2 -547.5 2869.7 0.3290686905 -0.9348540902 0.1332727373 -0.0085952030 -0.1440924108 -0.9895269275 0.9442668557 0.3244768083 -0.0554515608
124.3 -491.8 2744.2 0.3290686905 -0.0136707658 -0.9442070127 -0.0085952030 0.9998103976 -0.0174713656 0.9442668557 0.0138649307 0.3288888037
258.6 -266.1 2625.5 0 0 0 0 0 0 0 0 0
362.9 -349.5 2868.5 0 0 0 0 0 0 0 0 0
-161.6 -894.8 2407.4 0 0 0 0 0 0 0 0 0
129.5 -872.9 2738.9 0 0 0 0 0 0 0 0 0
-36.5 14.8 2818.1 4 0.3128211796 0.3657097816 -0.8765838742 -0.1894361675 0.9283828735 0.3197173476 0.9307292104 0.0660423264 0.3596964777
-108.4 -167.7 2805.1 0.3128211796 0.3657097816 -0.8765838742 -0.1894361675 0.9283828735 0.3197173476 0.9307292104 0.0660423264 0.3596964777
-183.0 -351.6 2793.4 0.3138853610 0.3751505613 -0.8722029924 -0.1867738515 0.9250773191 0.3306772709 0.9309089780 0.0591099486 0.3604365289
-152.6 -141.5 2674.2 -0.6540933847 0.1172615811 -0.7472693920 0.6082133055 0.6688736081 -0.4274162948 0.4497092664 -0.7340693474 -0.5088258386
4.2 -287.2 2566.4 -0.9675943255 0.1172615811 0.2236313522 -0.0895000845 0.6688736081 -0.7379687428 -0.2361164838 -0.7340693474 -0.6367033720
-64.3 -194.0 2936.1 0.7711675167 0.2597649097 -0.5812252760 -0.6357925534 0.3611198366 -0.6821731925 0.0326873027 0.8956085443 0.4436405003
117.7 -344.0 2943.8 0.9608204365 0.2597649097 0.0966758728 -0.0038039198 0.3611198366 -0.9325116873 -0.2771453857 0.8956085443 0.3479594588
-294.8 -513.6 2698.8 0.8556803465 -0.5094067454 -0.0911914781 -0.0942505002 0.0198646057 -0.9953503013 0.5088496208 0.8602965474 -0.0310140867
-90.6 -521.5 2354.0 0.8556803465 0.1887070686 -0.4818721414 -0.0942505002 0.9723994136 0.2134390771 0.5088496208 -0.1372189373 0.8498488069
-229.2 -552.2 2867.3 0.3192926049 -0.9357574582 0.1497005075 -0.0063444641 -0.1600764692 -0.9870842099 0.9476349354 0.3142189085 -0.0570481084
132.1 -490.4 2746.0 0.3192926049 -0.0244388096 -0.9473410249 -0.0063444641 0.9995898604 -0.0279250313 0.9476349354 0.0149266273 0.3190065920
255.6 -264.0 2627.8 0 0 0 0 0 0 0 0 0
367.4 -345.0 2871.8 0 0 0 0 0 0 0 0 0
-162.8 -893.3 2406.4 0 0 0 0 0 0 0 0 0
141.4 -872.0 2740.3 0 0 0 0 0 0 0 0 0
-38.8 15.7 2817.0 5 0.2967676222 0.3551996648 -0.8864322901 -0.1673523337 0.9332296252 0.3179240227 0.9401713610 0.0539969504 0.3363958299
-108.7 -167.9 2806.3 0.2967676222 0.3551996648 -0.8864322901 -0.1673523337 0.9332296252 0.3179240227 0.9401713610 0.0539969504 0.3363958299
-181.4 -352.7 2796.8 0.2975178361 0.3654075563 -0.8820206523 -0.1654129624 0.9296135306 0.3293284476 0.9402774572 0.0479165614 0.3370197415
-150.5 -144.6 2674.1 -0.6513940692 0.1198305488 -0.7492172122 0.6042691469 0.6790974140 -0.4167559147 0.4588513970 -0.7242011428 -0.5147699118
4.9 -288.8 2564.6 -0.9631431103 0.1198305488 0.2408236265 -0.0974263996 0.6790974140 -0.7275539637 -0.2507258952 -0.7242011428 -0.6423933506
-66.8 -191.2 2938.6 0.7762178779 0.2390837371 -0.5833736062 -0.6276002526 0.3811235130 -0.6788687706 0.0600309037 0.8930754662 0.4458838999
116.3 -339.2 2952.8 0.9659759402 0.2390837371 0.0986378863 0.0000752355 0.3811235130 -0.9245241284 -0.2586319149 0.8930754662 0.3681381643
-286.4 -518.3 2696.3 0.8623980880 -0.4985061586 -0.0880974829 -0.0958279595 0.0101215653 -0.9953464270 0.4970780313 0.8668270707 -0.0390420109
-89.0 -522.3 2353.0 0.8623980880 0.1932430863 -0.4678959846 -0.0958279595 0.9698802829 0.2239403725 0.4970780313 -0.1482882351 0.8549409509
-226.9 -552.4 2873.7 0.2998180985 -0.9403737783 0.1606432348 0.0153625505 -0.1636088043 -0.9864056706 0.9538726807 0.2982101738 -0.0346063450
135.8 -489.3 2758.7 0.2998180985 -0.0315355845 -0.9534749985 0.0153625505 0.9994834661 -0.0282265637 0.9538726807 -0.0061849728 0.3001477122
255.3 -263.5 2629.7 0 0 0 0 0 0 0 0 0
367.3 -339.2 2885.5 0 0 0 0 0 0 0 0 0
-162.9 -893.1 2409.7 0 0 0 0 0 0 0 0 0
147.9 -871.0 2761.0 0 0 0 0 0 0 0 0 0
-38.8 16.6 2829.4 6 0.2559295297 0.3482050896 -0.9018055797 -0.1896938533 0.9328272939 0.3063486814 0.9479010105 0.0926632956 0.3047904372
-107.1 -166.4 2811.2 0.2559295297 0.3482050896 -0.9018055797 -0.1896938533 0.9328272939 0.3063486814 0.9479010105 0.0926632956 0.3047904372
-179.5 -350.7 2795.0 0.2577861547 0.3647988439 -0.8946888447 -0.1848497242 0.9275016785 0.3249172568 0.9483548403 0.0816238150 0.3065300584
-143.3 -140.3 2677.9 -0.6312927604 0.1136008352 -0.7671794295 0.6179041266 0.6714844108 -0.4090271592 0.4686831832 -0.7322592139 -0.4940976799
8.2 -288.7 2565.4 -0.9715141058 0.1136008352 0.2079786956 -0.0792082623 0.6714844108 -0.7367731929 -0.2233524919 -0.7322592139 -0.6433584690
-70.8 -192.4 2944.5 0.7716192603 0.2025723606 -0.6029661894 -0.6310825944 0.3624499142 -0.6858314276 0.0796145424 0.9097222090 0.4075132310
111.2 -341.3 2963.3 0.9759151340 0.2025723606 0.0809574649 0.0020801993 0.3624499142 -0.9320009351 -0.2181406468 0.9097222090 0.3532989621
-281.3 -522.2 2701.1 0.8714709282 -0.4822181463 -0.0894658267 -0.1009563059 0.0021319119 -0.9948886037 0.4799440503 0.8760485649 -0.0468250625
-89.8 -523.1 2353.2 0.8714709282 0.1869272292 -0.4534277022 -0.1009563059 0.9730912447 0.2071262151 0.4799440503 -0.1347280741 0.8668921590
-228.3 -551.8 2865.8 0.2592121065 -0.9524659514 0.1600553840 -0.0043720352 -0.1668750793 -0.9859683514 0.9658105373 0.2548751533 -0.0474202558
138.6 -487.5 2767.6 0.2592121065 -0.0287907720 -0.9653912187 -0.0043720352 0.9995103478 -0.0309822168 0.9658105373 0.0122516891 0.2589592934
260.6 -268.1 2623.4 0 0 0 0 0 0 0 0 0
364.7 -340.7 2906.6 0 0 0 0 0 0 0 0 0
-161.2 -895.1 2404.7 0 0 0 0 0 0 0 0 0
149.6 -869.4 2762.9 0 0 0 0 0 0 0 0 0
-34.3 22.9 2814.1 7 0.2396294028 0.3800520301 -0.8933858275 -0.1539355069 0.9234290719 0.3515431285 0.9585831165 0.0532837287 0.2797842622
-108.9 -158.4 2803.6 0.2396294028 0.3800520301 -0.8933858275 -0.1539355069 0.9234290719 0.3515431285 0.9585831165 0.0532837287 0.2797842622
-185.9 -341.2 2794.2 0.2411008626 0.3872202933 -0.8899049759 -0.1503987163 0.9207851291 0.3599096835 0.9587755799 0.0470660254 0.2802395225
-142.9 -137.2 2668.9 -0.6405003667 0.1488026232 -0.7534036636 0.6329928041 0.6577833295 -0.4082170725 0.4348326027 -0.7383622527 -0.5155014992
10.0 -288.4 2565.1 -0.9639644027 0.1488026232 0.2205229253 -0.0700235590 0.6577833295 -0.7499451637 -0.2566501200 -0.7383622527 -0.6236600876
-74.9 -179.5 2938.3 0.7546771169 0.1996363252 -0.6249862313 -0.6455426216 0.3961091638 -0.6529718637 0.1172058731 0.8962381482 0.4278082550
103.0 -331.7 2966.0 0.9784393311 0.1996363252 0.0529317148 -0.0311758909 0.3961091638 -0.9176740050 -0.2041677982 0.8962381482 0.3937926292
-275.5 -518.0 2691.9 0.8704367876 -0.4810778499 -0.1044217572 -0.1133343130 0.0105860485 -0.9935005307 0.4790565073 0.8766139746 -0.0453081429
-90.3 -522.1 2354.4 0.8704367876 0.1909920871 -0.4537199736 -0.1133343130 0.9746601582 0.1928546876 0.4790565073 -0.1164457723 0.8700259924
-240.7 -537.7 2872.7 0.2459954321 -0.9597060680 0.1358326972 0.0303679276 -0.1324390769 -0.9907258153 0.9687951207 0.2478389740 -0.0034351223
129.0 -486.7 2777.2 0.2459954321 -0.0025416794 -0.9692676663 0.0303679276 0.9995258451 0.0050862082 0.9687951207 -0.0306858346 0.2459559739
260.4 -270.2 2631.7 0 0 0 0 0 0 0 0 0
357.1 -339.8 2913.0 0 0 0 0 0 0 0 0 0
-163.3 -894.6 2398.9 0 0 0 0 0 0 0 0 0
129.9 -868.2 2788.9 0 0 0 0 0 0 0 0 0
-36.0 19.9 2805.9 8 0.2398752123 0.3918153644 -0.8882232904 -0.1269833297 0.9197387099 0.3714241982 0.9624630213 0.0236940943 0.2703765333
-112.8 -160.2 2801.3 0.2398752123 0.3918153644 -0.8882232904 -0.1269833297 0.9197387099 0.3714241982 0.9624630213 0.0236940943 0.2703765333
-192.5 -342.0 2797.0 0.2397134453 0.4014458656 -0.8839562535 -0.1273576170 0.9156379104 0.3812968433 0.9624539018 0.0211765803 0.2706179023
-146.5 -142.3 2666.0 -0.6599406004 0.1459903419 -0.7369974256 0.6191958189 0.6612656116 -0.4234670103 0.4255289435 -0.7358088493 -0.5267926455
10.7 -289.9 2564.6 -0.9621703625 0.1459903419 0.2300327271 -0.0780369490 0.6612656116 -0.7460817695 -0.2610334754 -0.7358088493 -0.6248574853
-79.0 -178.1 2936.6 0.7447544336 0.2067122161 -0.6345162988 -0.6535947323 0.4179166555 -0.6309989095 0.1347397566 0.8846557140 0.4463512897
96.7 -332.2 2968.4 0.9776186943 0.2067122161 0.0391371846 -0.0520564318 0.4179166555 -0.9069927335 -0.2038425654 0.8846557140 0.4193238616
-284.9 -510.2 2697.0 0.8635588884 -0.4928355813 -0.1066728681 -0.1036870629 0.0334754661 -0.9940464497 0.4934723973 0.8694782853 -0.0221926384
-89.8 -523.5 2352.6 0.8635588884 0.1898633391 -0.4671380222 -0.1036870629 0.9734688997 0.2039786130 0.4934723973 -0.1277113855 0.8603340983
-250.3 -535.5 2881.0 0.2473122329 -0.9614099860 0.1205300316 0.0536652580 -0.1106121019 -0.9924136996 0.9674485326 0.2519043386 0.0242385902
120.1 -492.8 2784.0 0.2473122329 0.0130750705 -0.9688476324 0.0536652580 0.9981892705 0.0271698758 0.9674485326 -0.0587128997 0.2461627424
260.8 -269.6 2632.4 0 0 0 0 0 0 0 0 0
350.7 -345.8 2915.4 0 0 0 0 0 0 0 0 0
-162.3 -895.6 2401.4 0 0 0 0 0 0 0 0 0
115.1 -874.0 2806.4 0 0 0 0 0 0 0 0 0
-36.4 20.7 2813.9 9 0.2024716437 0.3863628209 -0.8998494148 -0.1308058500 0.9213171601 0.3661481738 0.9705128074 0.0435709506 0.2370791286
-112.3 -160.3 2805.3 0.2024716437 0.3863628209 -0.8998494148 -0.1308058500 0.9213171601 0.3661481738 0.9705128074 0.0435709506 0.2370791286
-191.7 -342.2 2798.1 0.2038983256 0.3998019397 -0.8936352134 -0.1274718344 0.9158826470 0.3806703091 0.9706577063 0.0362952873 0.2377104312
-141.0 -142.3 2668.9 -0.6491898894 0.1504261345 -0.7456033826 0.6235004067 0.6666943431 -0.4083698094 0.4356600940 -0.7299935818 -0.5266020298
14.7 -291.9 2564.3 -0.9553049207 0.1504261345 0.2544887364 -0.0920522362 0.6666943431 -0.7396249175 -0.2809251249 -0.7299935818 -0.6230493188
-83.6 -178.2 2941.7 0.7393370271 0.1737329960 -0.6505364180 -0.6535689235 0.4175405204 -0.6312745810 0.1619520932 0.8918950558 0.4222496450
