139.9 30.3 2655.1 4 0.4541213810 0.0740159675 -0.8878600001 -0.1757499874 0.9844037294 -0.0078280736 0.8734332919 0.1595962793 0.4600470662
125.4 -162.6 2623.8 0.4541213810 0.0740159675 -0.8878600001 -0.1757499874 0.9844037294 -0.0078280736 0.8734332919 0.1595962793 0.4600470662
108.6 -353.8 2595.3 0.4545532167 0.0864129514 -0.8865180016 -0.1704479009 0.9853287339 0.0086490316 0.8742590547 0.1471736878 0.4626132548
63.4 -139.3 2504.6 -0.6749844551 0.1980182827 -0.7107635140 0.6881734133 0.5163895488 -0.5096657276 0.2661076784 -0.8331450224 -0.4848258197
230.7 -309.8 2438.7 -0.9416293502 0.1980182827 0.2722553313 -0.1358699054 0.5163895488 -0.8455064893 -0.3080155551 -0.8331450224 -0.4593428075
187.3 -185.8 2743.0 0.9236537814 0.3570676148 -0.1391634643 -0.3700135350 0.7363891602 -0.5664106011 -0.0997684076 0.5746596456 0.8122884631
411.4 -275.6 2718.8 0.5542368889 0.3570676148 0.7518804669 0.3281868398 0.7363891602 -0.5916286111 -0.7649280429 0.5746596456 0.2909491658
35.0 -528.9 2493.9 0.7682389021 -0.6400752068 0.0106189344 0.0334428996 0.0235629994 -0.9991628528 0.6392891407 0.7679508924 0.0395079814
256.8 -537.1 2227.8 0.7682389021 -0.0571440160 -0.6376076937 0.0334428996 0.9982303977 -0.0491693541 0.6392891407 0.0164503604 0.7687904835
122.6 -559.5 2646.6 0.3435816169 -0.8475552797 -0.4044770896 -0.0649555549 0.4082181156 -0.9105705619 0.9368737340 0.3391283453 0.0852028131
451.3 -717.8 2515.1 0.3723365664 -0.5671464801 -0.7346498370 -0.1030654609 0.7614019513 -0.6400348544 0.9223573208 0.3140254021 0.2250445783
469.0 -275.4 2516.6 0 0 0 0 0 0 0 0 0
515.3 -214.1 2575.4 0 0 0 0 0 0 0 0 0
271.1 -786.9 2223.7 0 0 0 0 0 0 0 0 0
588.7 -902.2 2439.1 0 0 0 0 0 0 0 0 0
140.0 28.0 2655.0 5 0.4680497646 0.0851489455 -0.8795902729 -0.1824773252 0.9832081795 -0.0019205889 0.8646568060 0.1614042222 0.4757281244
123.2 -165.2 2623.3 0.4680497646 0.0851489455 -0.8795902729 -0.1824773252 0.9832081795 -0.0019205889 0.8646568060 0.1614042222 0.4757281244
105.9 -356.3 2594.3 0.4687738121 0.0894925892 -0.8787730932 -0.1743187904 0.9846622944 0.0072873184 0.8659469485 0.1497705579 0.4771841466
59.3 -141.4 2505.1 -0.6821041107 0.1706444770 -0.7110657096 0.6783096194 0.5109192729 -0.5280696750 0.2731849849 -0.8425211906 -0.4642499387
228.3 -309.5 2437.4 -0.9532679915 0.1706444770 0.2493202090 -0.1307538450 0.5109192729 -0.8496263623 -0.2723665535 -0.8425211906 -0.4647305608
187.2 -189.0 2741.5 0.9216863513 0.3669575453 -0.1258427054 -0.3700028062 0.7340537310 -0.5694410205 -0.1165853813 0.5714082122 0.8123426437
411.1 -278.9 2713.1 0.5418263674 0.3669575453 0.7561523318 0.3306457698 0.7340537310 -0.5931597948 -0.7727208734 0.5714082122 0.2763966918
51.1 -529.7 2488.6 0.7867876291 -0.6170478463 0.0147365704 0.0331766270 0.0184378084 -0.9992794394 0.6163315177 0.7867096066 0.0349782072
257.8 -535.9 2225.1 0.7867876291 -0.0526614040 -0.6149731278 0.0331766270 0.9985215068 -0.0430597365 0.6163315177 0.0134761343 0.7873715162
132.4 -560.2 2644.9 0.3403183222 -0.8379024863 -0.4267351627 -0.0597024746 0.4336537719 -0.8990995884 0.9384130239 0.3314571977 0.0975554734
457.4 -728.4 2516.4 0.3825928867 -0.5690159798 -0.7279034853 -0.1145811751 0.7525411248 -0.6485006213 0.9167845249 0.3315157592 0.2227183431
469.4 -276.4 2506.3 0 0 0 0 0 0 0 0 0
512.7 -216.8 2568.2 0 0 0 0 0 0 0 0 0
271.0 -785.9 2221.7 0 0 0 0 0 0 0 0 0
589.4 -903.0 2439.5 0 0 0 0 0 0 0 0 0
143.9 27.4 2664.5 6 0.4739882946 0.1080036685 -0.8738822937 -0.2063144892 0.9784441590 0.0090228375 0.8560194969 0.1760178655 0.4860537946
122.7 -164.6 2629.9 0.4739882946 0.1080036685 -0.8738822937 -0.2063144892 0.9784441590 0.0090228375 0.8560194969 0.1760178655 0.4860537946
101.3 -355.1 2599.3 0.4756358564 0.1098783687 -0.8727526665 -0.1914953291 0.9813060164 0.0191832781 0.8585453033 0.1580038220 0.4877855480
57.7 -138.5 2512.7 -0.6723132730 0.1859175861 -0.7165399194 0.6718592644 0.5596464276 -0.4851813316 0.3108052909 -0.8076078892 -0.5011681914
223.7 -304.4 2436.0 -0.9419318438 0.1859175861 0.2796408534 -0.1324107349 0.5596464276 -0.8180851340 -0.3085964322 -0.8076078892 -0.5025313497
187.6 -190.8 2747.2 0.9131149650 0.3875146806 -0.1267022043 -0.3859873712 0.7216066122 -0.5747152567 -0.1312814653 0.5736865997 0.8084855676
409.4 -284.6 2715.3 0.5387639999 0.3875146806 0.7480412722 0.3276939690 0.7216066122 -0.6098365188 -0.7761120796 0.5736865997 0.2617894411
46.5 -531.8 2487.7 0.7811943889 -0.6238551140 0.0232408773 0.0367210582 0.0087551959 -0.9992871881 0.6232069135 0.7814909816 0.0297481306
260.6 -534.8 2219.6 0.7811943889 -0.0395569727 -0.6230333447 0.0367210582 0.9991741180 -0.0173955690 0.6232069135 -0.0092891231 0.7820017934
130.4 -563.0 2642.7 0.3402368426 -0.8402210474 -0.4222173691 -0.0699594021 0.4251429141 -0.9024184942 0.9377337098 0.3365741074 0.0858679265
456.5 -728.0 2512.1 0.3646389246 -0.5740457773 -0.7331506610 -0.1018490419 0.7580488324 -0.6441962123 0.9255620837 0.3095697165 0.2179481089
462.2 -270.8 2514.1 0 0 0 0 0 0 0 0 0
510.6 -223.1 2569.6 0 0 0 0 0 0 0 0 0
270.5 -786.0 2221.9 0 0 0 0 0 0 0 0 0
590.1 -904.4 2440.1 0 0 0 0 0 0 0 0 0
142.2 23.6 2659.2 7 0.4430608451 0.1058527678 -0.8902203441 -0.1899380684 0.9815455079 0.0221801102 0.8761395812 0.1592596024 0.4549898505
121.4 -169.1 2628.0 0.4430608451 0.1058527678 -0.8902203441 -0.1899380684 0.9815455079 0.0221801102 0.8761395812 0.1592596024 0.4549898505
100.7 -360.0 2599.6 0.4442865849 0.1062181816 -0.8895657063 -0.1785802990 0.9835197926 0.0282462072 0.8779057264 0.1463094950 0.4559331536
60.7 -144.7 2508.1 -0.6752517819 0.1923663765 -0.7120605707 0.6695944071 0.5647273660 -0.4824171960 0.3093192279 -0.8025448322 -0.5101405978
222.7 -305.4 2433.9 -0.9332763553 0.1923663765 0.3032991886 -0.1474826932 0.5647273660 -0.8119925261 -0.3274814188 -0.8025448322 -0.4986760020
182.0 -193.5 2747.8 0.9164301157 0.3682133257 -0.1567633897 -0.3893750012 0.7299271226 -0.5617770553 -0.0924279541 0.5758691430 0.8123003244
404.6 -288.1 2725.3 0.5669051409 0.3682133257 0.7369108200 0.3146596253 0.7299271226 -0.6067913175 -0.7613198161 0.5758691430 0.2979375720
37.4 -528.3 2491.8 0.7726508379 -0.6347754598 0.0084157586 0.0317082070 0.0253484119 -0.9991756678 0.6340388656 0.7722807527 0.0397130623
256.1 -537.1 2225.7 0.7726508379 -0.0546582527 -0.6324738860 0.0317082070 0.9983658195 -0.0475427695 0.6340388656 0.0166793484 0.7731212378
122.5 -562.6 2645.6 0.3377663493 -0.8472783566 -0.4099186063 -0.0711681843 0.4112771153 -0.9087278247 0.9385355711 0.3361108303 0.0786163136
451.4 -722.3 2515.1 0.3675460815 -0.5755526423 -0.7305128574 -0.1096576378 0.7531933784 -0.6485945582 0.9235177636 0.3184947073 0.2137195170
459.7 -267.9 2517.1 0 0 0 0 0 0 0 0 0
511.0 -229.0 2582.4 0 0 0 0 0 0 0 0 0
269.7 -784.9 2221.6 0 0 0 0 0 0 0 0 0
590.4 -904.2 2438.2 0 0 0 0 0 0 0 0 0
142.2 27.0 2658.1 8 0.4377371073 0.1057659462 -0.8928604722 -0.1849355549 0.9824143648 0.0257070810 0.8798778653 0.1538686901 0.4495991170
121.4 -165.8 2627.9 0.4377371073 0.1057659462 -0.8928604722 -0.1849355549 0.9824143648 0.0257070810 0.8798778653 0.1538686901 0.4495991170
101.2 -356.9 2600.6 0.4390762448 0.1042414680 -0.8923820853 -0.1723927855 0.9845656157 0.0301877223 0.8817555308 0.1405855268 0.4502698481
61.5 -142.3 2507.5 -0.6667161584 0.1840769202 -0.7222224474 0.6869331598 0.5277178884 -0.4996365905 0.2891581059 -0.8292343020 -0.4782865644
222.8 -308.4 2437.6 -0.9349660277 0.1840769202 0.3032394350 -0.1662671566 0.5277178884 -0.8329880238 -0.3133587539 -0.8292343020 -0.4627923369
181.4 -189.3 2748.3 0.9174175262 0.3638814390 -0.1610446572 -0.3889002800 0.7341914177 -0.5565244555 -0.0842713118 0.5731956363 0.8150736690
404.4 -283.9 2727.8 0.5712332129 0.3638814390 0.7357193232 0.3101707995 0.7341914177 -0.6039511561 -0.7599254251 0.5731956363 0.3065291643
40.3 -534.9 2492.7 0.7754491568 -0.6309895515 0.0230388884 0.0318332613 0.0026275297 -0.9994897246 0.6306070089 0.7757868767 0.0221239701
256.9 -535.8 2226.3 0.7754491568 -0.0517894924 -0.6292824745 0.0318332613 0.9985697865 -0.0429542288 0.6306070089 0.0132767083 0.7759887576
119.8 -566.9 2649.8 0.3469419181 -0.8531653881 -0.3895383775 -0.0717203766 0.3899860084 -0.9180234671 0.9351403713 0.3464386761 0.0741131529
450.9 -718.2 2515.4 0.3738934696 -0.5686849356 -0.7326671481 -0.1072252765 0.7581605315 -0.6431915164 0.9212526083 0.3190455437 0.2224938720
459.2 -266.4 2516.8 0 0 0 0 0 0 0 0 0
511.6 -225.6 2585.2 0 0 0 0 0 0 0 0 0
269.9 -785.8 2223.0 0 0 0 0 0 0 0 0 0
591.0 -905.0 2436.8 0 0 0 0 0 0 0 0 0
147.0 29.8 2658.0 9 0.3637813330 0.1353333145 -0.9216008186 -0.1859771460 0.9800214171 0.0705018267 0.9127297997 0.1457494497 0.3816823959
120.3 -163.4 2629.3 0.3637813330 0.1353333145 -0.9216008186 -0.1859771460 0.9800214171 0.0705018267 0.9127297997 0.1457494497 0.3816823959
95.4 -354.1 2603.7 0.3659901023 0.1281538904 -0.9217525721 -0.1695207655 0.9830820560 0.0693709701 0.9150485992 0.1308671236 0.3815230429
70.5 -140.4 2504.7 -0.6414932609 0.1876964569 -0.7438120842 0.7111043334 0.5092302561 -0.4847836196 0.2877794504 -0.8399134278 -0.4601395428
221.6 -308.0 2436.9 -0.9348255992 0.1876964569 0.3014484346 -0.1698221266 0.5092302561 -0.8437090516 -0.3118678629 -0.8399134278 -0.4441664517
170.1 -186.3 2753.9 0.9066160321 0.3463561833 -0.2410078347 -0.4218662679 0.7322037220 -0.5347023606 -0.0087306257 0.5864427686 0.8099436164
389.8 -288.5 2751.8 0.6367586851 0.3463561833 0.6888946295 0.2755714655 0.7322037220 -0.6228467822 -0.7201380134 0.5864427686 0.3707911968
41.6 -532.6 2494.4 0.7814890146 -0.6236919165 0.0168337282 0.0326394886 0.0139239822 -0.9993702173 0.6230646968 0.7815462351 0.0312384237
252.3 -537.3 2230.4 0.7814890146 -0.0677795485 -0.6202265024 0.0326394886 0.9971618056 -0.0678458214 0.6230646968 0.0327768847 0.7814832330
120.2 -563.4 2652.3 0.3454155624 -0.8473556042 -0.4033318460 -0.0991110802 0.3944428265 -0.9135599732 0.9332014918 0.3555324972 0.0522643663
449.1 -716.5 2514.3 0.3588964939 -0.5706665516 -0.7386021018 -0.1169091985 0.7576057911 -0.6421570778 0.9260267615 0.3168172836 0.2051858902
457.5 -265.1 2515.6 0 0 0 0 0 0 0 0 0
509.0 -237.0 2617.0 0 0 0 0 0 0 0 0 0
269.2 -786.0 2222.2 0 0 0 0 0 0 0 0 0
590.4 -904.1 2435.9 0 0 0 0 0 0 0 0 0
145.1 26.8 2657.0 0 0.3854500949 0.1178873256 -0.9151670933 -0.1754158288 0.9830800295 0.0527538955 0.9059014916 0.1402008086 0.3996075690
122.0 -166.1 2629.5 0.3854500949 0.1178873256 -0.9151670933 -0.1754158288 0.9830800295 0.0527538955 0.9059014916 0.1402008086 0.3996075690
99.1 -357.1 2604.3 0.3866768479 0.1176527590 -0.9146796465 -0.1651674211 0.9846270680 0.0568260998 0.9073041081 0.1291019469 0.4001649022
69.2 -143.6 2505.8 -0.6717896461 0.1911425292 -0.7156558037 0.6857824326 0.5256887674 -0.5033426285 0.2800020278 -0.8289245367 -0.4842344522
228.9 -306.7 2439.2 -0.9296320677 0.1911425292 0.3150376379 -0.1740921438 0.5256887674 -0.8326723576 -0.3247708380 -0.8289245367 -0.4554207325
174.7 -188.5 2753.2 0.9118983150 0.3482654989 -0.2171465605 -0.4094987810 0.7367192507 -0.5381035805 -0.0274268631 0.5796170235 0.8144273758
396.0 -287.9 2746.6 0.6182311177 0.3482654989 0.7046285868 0.2842717171 0.7367192507 -0.6135424376 -0.7327890992 0.5796170235 0.3564607203
37.7 -529.8 2496.5 0.7790668607 -0.6265692711 0.0215817150 0.0432803258 0.0194086172 -0.9988744259 0.6254451275 0.7791240215 0.0422387309
256.3 -536.5 2224.7 0.7790668607 -0.0601540096 -0.6240483522 0.0432803258 0.9981719255 -0.0421854816 0.6254451275 0.0058562956 0.7802461386
103.1 -559.9 2659.9 0.3603887558 -0.8593355417 -0.3628531694 -0.0928240567 0.3540236950 -0.9306185842 0.9281721711 0.3690659702 0.0478191562
436.4 -697.2 2516.7 0.3605331779 -0.5706879497 -0.7377879620 -0.0930176303 0.7650436163 -0.6372252703 0.9280967116 0.2983681262 0.2227395475
464.1 -262.6 2521.4 0 0 0 0 0 0 0 0 0
511.9 -234.6 2609.2 0 0 0 0 0 0 0 0 0
271.5 -787.9 2223.2 0 0 0 0 0 0 0 0 0
590.9 -904.3 2436.0 0 0 0 0 0 0 0 0 0
146.6 29.8 2656.0 1 0.3687465191 0.1142752841 -0.9224787951 -0.1695668250 0.9840316176 0.0541186631 0.9139327407 0.1364657283 0.3822355270
124.2 -163.7 2629.2 0.3687465191 0.1142752841 -0.9224787951 -0.1695668250 0.9840316176 0.0541186631 0.9139327407 0.1364657283 0.3822355270
101.3 -354.9 2605.3 0.3701038957 0.1175314188 -0.9215255976 -0.1580339372 0.9854716063 0.0622173734 0.9154497981 0.1226054206 0.3833008409
73.6 -142.2 2504.2 -0.6690484285 0.2042622566 -0.7145985961 0.6855749488 0.5408862829 -0.4872668684 0.2869863212 -0.8159160614 -0.5019161701
231.9 -304.4 2436.3 -0.9239767790 0.2042622566 0.3233324885 -0.1687703878 0.5408862829 -0.8239894509 -0.3431960344 -0.8159160614 -0.4652929008
174.7 -185.2 2754.1 0.9113985300 0.3393718302 -0.2327648401 -0.4114566147 0.7411776781 -0.5304329395 -0.0074938890 0.5792084336 0.8151450753
396.0 -285.1 2752.3 0.6318328977 0.3393718302 0.6968600154 0.2765504122 0.7411776781 -0.6116988659 -0.7240904570 0.5792084336 0.3744470477
41.6 -533.5 2498.0 0.7847232819 -0.6191494465 0.0293829832 0.0414796583 0.0051566679 -0.9991260171 0.6184568405 0.7852562070 0.0297286641
257.4 -535.3 2224.3 0.7847232819 -0.0530658215 -0.6175705791 0.0414796583 0.9985909462 -0.0330990441 0.6184568405 0.0003569738 0.7858186960
110.8 -562.9 2660.3 0.3560113013 -0.8589540124 -0.3680406511 -0.1064103618 0.3540201187 -0.9291644692 0.9284033775 0.3699563742 0.0346335471
444.1 -700.3 2516.7 0.3560113013 -0.5539827347 -0.7525683045 -0.1064103618 0.7760614157 -0.6216152310 0.9284033775 0.3013831079 0.2173371166
467.6 -261.3 2523.9 0 0 0 0 0 0 0 0 0
514.6 -233.3 2616.4 0 0 0 0 0 0 0 0 0
270.8 -786.7 2224.2 0 0 0 0 0 0 0 0 0
590.2 -904.9 2437.3 0 0 0 0 0 0 0 0 0
149.6 30.6 2656.5 2 0.3474419713 0.1241375282 -0.9294481874 -0.1658551693 0.9837061167 0.0693850443 0.9229171872 0.1300465018 0.3623696566
125.1 -163.0 2630.9 0.3474419713 0.1241375282 -0.9294481874 -0.1658551693 0.9837061167 0.0693850443 0.9229171872 0.1300465018 0.3623696566
100.9 -354.4 2608.9 0.3494059443 0.1245627850 -0.9286547303 -0.1503025591 0.9857400060 0.0756685063 0.9248376489 0.1131401584 0.3631455302
77.4 -142.6 2504.6 -0.6680182219 0.2111563832 -0.7135577202 0.6892675161 0.5369828939 -0.4863739610 0.2804673612 -0.8167388439 -0.5042576194
234.6 -304.8 2438.6 -0.9202558994 0.2111563832 0.3294571638 -0.1724228859 0.5369828939 -0.8257842660 -0.3512824774 -0.8167388439 -0.4577535093
172.8 -183.5 2757.1 0.9073424339 0.3343589306 -0.2548210621 -0.4200636446 0.7450538278 -0.5181131959 0.0166196451 0.5771471858 0.8164710402
393.3 -285.6 2761.2 0.6494616270 0.3343589306 0.6829375625 0.2616117001 0.7450538278 -0.6135585308 -0.7139740586 0.5771471858 0.3964116573
45.3 -532.1 2499.5 0.7922737598 -0.6095888019 0.0265281294 0.0419737063 0.0110755730 -0.9990573525 0.6087203622 0.7926403880 0.0343615897
250.5 -535.8 2232.8 0.7922737598 -0.0815403685 -0.6046928763 0.0419737063 0.9959661365 -0.0793076605 0.6087203622 0.0374521799 0.7925003767
111.6 -560.3 2663.4 0.3511917591 -0.8554171324 -0.3806913197 -0.1050795093 0.3680123389 -0.9238643050 0.9303884506 0.3644563854 0.0393560864
443.6 -703.1 2521.9 0.3630400896 -0.5580893755 -0.7461488843 -0.1212512106 0.7656785250 -0.6316918135 0.9238506556 0.3198008835 0.2103029788
470.5 -260.6 2528.7 0 0 0 0 0 0 0 0 0
515.1 -236.5 2627.2 0 0 0 0 0 0 0 0 0
271.0 -786.4 2223.3 0 0 0 0 0 0 0 0 0
588.9 -902.6 2438.6 0 0 0 0 0 0 0 0 0
148.9 32.1 2654.7 3 0.4236646593 0.1275081635 -0.8967998028 -0.1823303699 0.9817831516 0.0534550063 0.8872789145 0.1408668458 0.4391954243
123.8 -161.2 2627.0 0.4236646593 0.1275081635 -0.8967998028 -0.1823303699 0.9817831516 0.0534550063 0.8872789145 0.1408668458 0.4391954243
98.7 -352.1 2603.2 0.4256978929 0.1292775869 -0.8955828547 -0.1667652875 0.9839965105 0.0627714768 0.8893653154 0.1226304397 0.4404442310
65.9 -138.5 2506.0 -0.7061550617 0.2026477307 -0.6784386039 0.6587256789 0.5394096375 -0.5245167017 0.2596641779 -0.8172950149 -0.5143960714
242.0 -302.7 2441.2 -0.9227243066 0.2026477307 0.3278928399 -0.1742790490 0.5394096375 -0.8238106966 -0.3438119292 -0.8172950149 -0.4624091089
181.8 -183.8 2748.0 0.9071115851 0.3782029152 -0.1846920252 -0.4154517353 0.7342645526 -0.5368942618 -0.0674421713 0.5637536645 0.8231849074
401.5 -284.5 2731.7 0.5867173672 0.3782029152 0.7160483599 0.2809257805 0.7342645526 -0.6180099845 -0.7595020533 0.5637536645 0.3245588243
45.4 -532.3 2504.1 0.7977030873 -0.6022448540 0.0311594587 0.0472671874 0.0109297978 -0.9988225102 0.6011951566 0.7982366085 0.0371851549
252.2 -536.0 2230.0 0.7977030873 -0.0805334225 -0.5976488590 0.0472671874 0.9963437319 -0.0711685196 0.6011951566 0.0285221674 0.7985930443
108.0 -559.1 2669.7 0.3699775040 -0.8552716970 -0.3628043532 -0.1011231914 0.3511215448 -0.9308532476 0.9235208631 0.3810826838 0.0434192680
439.9 -695.4 2521.8 0.3699775040 -0.5558726788 -0.7443938851 -0.1011231914 0.7723941207 -0.6270418167 0.9235208631 0.3072668314 0.2295568287
480.7 -257.6 2530.2 0 0 0 0 0 0 0 0 0
511.3 -231.9 2589.5 0 0 0 0 0 0 0 0 0
272.9 -791.8 2222.7 0 0 0 0 0 0 0 0 0
589.6 -903.4 2439.0 0 0 0 0 0 0 0 0 0
148.3 33.7 2654.8 4 0.4385744333 0.1367696673 -0.8882266283 -0.1849692762 0.9809285402 0.0597127713 0.8794537187 0.1381061375 0.4555083513
121.4 -159.4 2627.7 0.4385744333 0.1367696673 -0.8882266283 -0.1849692762 0.9809285402 0.0597127713 0.8794537187 0.1381061375 0.4555083513
94.3 -350.2 2604.5 0.4407396317 0.1390033662 -0.8868069649 -0.1695493162 0.9830451608 0.0698229447 0.8814769387 0.1195837781 0.4568348825
61.3 -136.2 2507.5 -0.6981855631 0.1959123015 -0.6885893345 0.6647995114 0.5343386531 -0.5220381618 0.2656661868 -0.8222533464 -0.5033099651
237.2 -303.8 2440.5 -0.9256867170 0.1959123015 0.3236084878 -0.1759367436 0.5343386531 -0.8267577887 -0.3348885477 -0.8222533464 -0.4601620436
181.4 -182.5 2747.8 0.9026465416 0.3940195739 -0.1731408685 -0.4221364856 0.7321752310 -0.5345280170 -0.0838450417 0.5555789471 0.8272255063
400.5 -284.9 2727.5 0.5746511817 0.3940195739 0.7173036933 0.2755102813 0.7321752310 -0.6229072809 -0.7706296444 0.5555789471 0.3121889234
35.5 -528.2 2500.1 0.7783134580 -0.6276615262 0.0164065864 0.0384928361 0.0216181856 -0.9990249872 0.6266949177 0.7781861424 0.0409861989
253.9 -535.8 2229.2 0.7783134580 -0.0699548274 -0.6239667535 0.0384928361 0.9972208738 -0.0637869313 0.6266949177 0.0256279744 0.7788431644
111.5 -558.0 2658.8 0.3540143371 -0.8575242758 -0.3732639849 -0.0898016319 0.3660984933 -0.9262329936 0.9309186339 0.3614194691 0.0525970422
444.2 -700.0 2518.5 0.3638578057 -0.5536394119 -0.7490600348 -0.1035203040 0.7751652598 -0.6232193708 0.9256840944 0.3043061495 0.2247370034
478.4 -258.0 2527.8 0 0 0 0 0 0 0 0 0
508.2 -233.3 2583.0 0 0 0 0 0 0 0 0 0
271.6 -787.6 2222.8 0 0 0 0 0 0 0 0 0
589.3 -903.2 2438.8 0 0 0 0 0 0 0 0 0
150.2 35.6 2655.4 5 0.3794584572 0.1482358277 -0.9132564664 -0.1828380674 0.9796298146 0.0830399692 0.9069628119 0.1354678273 0.3988319635
121.0 -157.1 2628.8 0.3794584572 0.1482358277 -0.9132564664 -0.1828380674 0.9796298146 0.0830399692 0.9069628119 0.1354678273 0.3988319635
93.4 -347.8 2605.5 0.3819373846 0.1420756280 -0.9132022262 -0.1660829186 0.9825781584 0.0834066346 0.9091426134 0.1198111847 0.3988796771
69.0 -134.5 2504.9 -0.6580257416 0.2210490257 -0.7198190689 0.6937219501 0.5497223139 -0.4653549194 0.2928343415 -0.8055698276 -0.5150780082
227.1 -301.1 2434.6 -0.9230696559 0.2210490257 0.3147692978 -0.1486655027 0.5497223139 -0.8220121264 -0.3547406793 -0.8055698276 -0.4745696187
173.1 -179.7 2752.6 0.9012153745 0.3662928641 -0.2316038758 -0.4327786863 0.7327383161 -0.5251639485 -0.0226587690 0.5735190511 0.8188788295
391.6 -284.6 2747.1 0.6255553961 0.3662928641 0.6888468862 0.2623723447 0.7327383161 -0.6278975010 -0.7347388864 0.5735190511 0.3622632921
27.9 -525.8 2502.5 0.7679238319 -0.6405310631 0.0035989096 0.0298091881 0.0301242378 -0.9991015792 0.6398471594 0.7673411965 0.0422268324
255.4 -536.5 2230.0 0.7679238319 -0.0618157685 -0.6375514269 0.0298091881 0.9977028966 -0.0608305186 0.6398471594 0.0277083125 0.7680025101
106.7 -556.1 2660.1 0.3485098183 -0.8580750227 -0.3771579862 -0.1086539775 0.3626878858 -0.9255548716 0.9309861660 0.3635446727 0.0331670195
439.8 -696.9 2519.0 0.3494399190 -0.5618591905 -0.7498039603 -0.1099283621 0.7701411247 -0.6283298731 0.9304877520 0.3019882441 0.2073537856
469.6 -262.0 2527.8 0 0 0 0 0 0 0 0 0
508.7 -235.5 2609.5 0 0 0 0 0 0 0 0 0
270.8 -785.0 2223.1 0 0 0 0 0 0 0 0 0
589.7 -902.5 2438.4 0 0 0 0 0 0 0 0 0
151.7 34.8 2654.7 6 0.3951877654 0.1492994875 -0.9063863754 -0.1826472878 0.9797736406 0.0817529112 0.9002591968 0.1332412660 0.4144637287
122.4 -157.5 2628.5 0.3951877654 0.1492994875 -0.9063863754 -0.1826472878 0.9797736406 0.0817529112 0.9002591968 0.1332412660 0.4144637287
95.3 -348.3 2604.6 0.3971310854 0.1393385828 -0.9071227312 -0.1694356352 0.9825484753 0.0767467916 0.9019858241 0.1232203767 0.4138094485
68.2 -134.4 2505.5 -0.6747971177 0.2365577519 -0.6990631819 0.6817338467 0.5625832677 -0.4676953852 0.2826443017 -0.7921745181 -0.5408989787
233.6 -301.5 2436.2 -0.9162353277 0.2365577519 0.3233469129 -0.1421670467 0.5625832677 -0.8144252896 -0.3745681942 -0.7921745181 -0.4818279743
176.6 -180.6 2751.5 0.9029431343 0.3717382252 -0.2156488597 -0.4279432893 0.7316437960 -0.5306240916 -0.0394751057 0.5714088082 0.8197156191
395.8 -284.5 2742.0 0.6125148535 0.3717382252 0.6975931525 0.2692228258 0.7316437960 -0.6262718439 -0.7431988716 0.5714088082 0.3480623066
31.7 -523.7 2501.0 0.7729862928 -0.6344010234 0.0052521862 0.0337923281 0.0329045244 -0.9988870621 0.6335221529 0.7723034620 0.0468726307
254.8 -535.3 2229.5 0.7729862928 -0.0634334087 -0.6312435865 0.0337923281 0.9976931214 -0.0588775463 0.6335221529 0.0241803452 0.7733466029
100.0 -553.4 2663.4 0.3433746099 -0.8622931838 -0.3722154498 -0.1182144210 0.3534792960 -0.9279427528 0.9317291379 0.3626332283 0.0194403250
434.7 -690.6 2522.7 0.3433746099 -0.5591200590 -0.7546380758 -0.1182144210 0.7713720798 -0.6253082752 0.9317291379 0.3039240837 0.1987735480
478.4 -263.5 2536.3 0 0 0 0 0 0 0 0 0
510.6 -234.1 2602.6 0 0 0 0 0 0 0 0 0
270.8 -786.8 2223.4 0 0 0 0 0 0 0 0 0
589.4 -904.0 2438.6 0 0 0 0 0 0 0 0 0
151.3 34.4 2655.3 7 0.3442492783 0.1563498229 -0.9257684350 -0.1752867550 0.9794024229 0.1002270728 0.9223703146 0.1277718395 0.3645646274
120.7 -157.5 2630.3 0.3442492783 0.1563498229 -0.9257684350 -0.1752867550 0.9794024229 0.1002270728 0.9223703146 0.1277718395 0.3645646274
93.2 -348.3 2607.9 0.3468171358 0.1413903832 -0.9272144437 -0.1583600938 0.9832072258 0.0906953663 0.9244673848 0.1153790504 0.3633837104
73.4 -135.9 2504.3 -0.6979237199 0.2496877909 -0.6712365150 0.6659486294 0.5710617304 -0.4800009727 0.2634671330 -0.7820131183 -0.5648368001
243.4 -298.2 2440.1 -0.9074633121 0.2496877909 0.3378850520 -0.1438031942 0.5710617304 -0.8082135320 -0.3947542906 -0.7820131183 -0.4823116958
167.9 -179.0 2756.3 0.8998538852 0.3471721113 -0.2640728951 -0.4359128773 0.7373840213 -0.5159891248 0.0155861136 0.5794275999 0.8148747087
386.2 -284.8 2760.1 0.6538310051 0.3471721113 0.6722920537 0.2526111901 0.7373840213 -0.6264601946 -0.7132269144 0.5794275999 0.3944249749
32.7 -523.8 2500.0 0.7706639171 -0.6372413039 0.0007808278 0.0323840491 0.0379406698 -0.9987550974 0.6364184022 0.7697298527 0.0498759598
256.7 -537.2 2229.5 0.7706639171 -0.0599841923 -0.6344123483 0.0323840491 0.9979600310 -0.0550188012 0.6364184022 0.0218561664 0.7710343003
103.8 -554.1 2661.3 0.3482332528 -0.8615831137 -0.3693347871 -0.1052241623 0.3555783331 -0.9287044406 0.9314835072 0.3622687161 0.0331648476
438.3 -692.2 2520.7 0.3482332528 -0.5580995083 -0.7531656623 -0.1052241623 0.7751054168 -0.6230083704 0.9314835072 0.2962034643 0.2111919373
488.8 -259.3 2546.8 0 0 0 0 0 0 0 0 0
508.8 -237.4 2626.4 0 0 0 0 0 0 0 0 0
271.8 -788.0 2224.0 0 0 0 0 0 0 0 0 0
590.3 -903.3 2440.0 0 0 0 0 0 0 0 0 0
147.9 32.4 2645.6 8 0.3673675954 0.1294689178 -0.9210205674 -0.1510062963 0.9854276776 0.0782907978 0.9177353382 0.1103183925 0.3815647960
122.6 -160.0 2624.1 0.3673675954 0.1294689178 -0.9210205674 -0.1510062963 0.9854276776 0.0782907978 0.9177353382 0.1103183925 0.3815647960
99.3 -351.7 2604.2 0.3687478900 0.1197839901 -0.9217791557 -0.1400807649 0.9874978662 0.0722862482 0.9189137220 0.1024681255 0.3809171915
72.3 -141.0 2498.7 -0.6976917982 0.2593148947 -0.6678187847 0.6707642078 0.5638406277 -0.4818289578 0.2515979409 -0.7841170430 -0.5673261285
239.3 -301.5 2438.5 -0.8980084062 0.2593148947 0.3554387093 -0.1580324471 0.5638406277 -0.8106228709 -0.4106173813 -0.7841170430 -0.4653534591
172.9 -179.1 2749.5 0.9103410244 0.3407488167 -0.2348818034 -0.4138549864 0.7519957423 -0.5130560398 0.0018068900 0.5642629266 0.8255931735
393.9 -279.6 2749.9 0.6332373023 0.3407488167 0.6949105859 0.2600441873 0.7519957423 -0.6057057381 -0.7289633155 0.5642629266 0.3875820339
34.7 -525.0 2502.8 0.7749487162 -0.6320174932 -0.0028887191 0.0246613454 0.0348049961 -0.9990897775 0.6315428019 0.7741721272 0.0425584912
258.4 -537.3 2228.7 0.7749487162 -0.0511397906 -0.6299517155 0.0246613454 0.9984087348 -0.0507136211 0.6315428019 0.0237649996 0.7749767303
96.7 -553.3 2668.1 0.3631858528 -0.8622831702 -0.3529358506 -0.0894813687 0.3447699249 -0.9344125390 0.9274098873 0.3709466159 0.0480572879
431.4 -687.1 2524.1 0.3631858528 -0.5648230910 -0.7409932017 -0.0894813687 0.7704776525 -0.6311554909 0.9274098873 0.2955318391 0.2292854488
484.7 -258.3 2550.7 0 0 0 0 0 0 0 0 0
512.7 -230.8 2613.2 0 0 0 0 0 0 0 0 0
271.2 -787.2 2222.8 0 0 0 0 0 0 0 0 0
590.5 -904.2 2440.8 0 0 0 0 0 0 0 0 0
150.3 32.4 2641.8 9 0.3731379807 0.1308554262 -0.9185014367 -0.1493687630 0.9855619073 0.0797287524 0.9156729579 0.1074455976 0.3872963190
124.5 -161.3 2620.7 0.3731379807 0.1308554262 -0.9185014367 -0.1493687630 0.9855619073 0.0797287524 0.9156729579 0.1074455976 0.3872963190
100.9 -352.9 2600.6 0.3740766048 0.1216115952 -0.9193896651 -0.1420344859 0.9871818423 0.0727884918 0.9164566994 0.1033565551 0.3865546882
73.5 -142.0 2495.6 -0.6861335635 0.2728507817 -0.6743686795 0.6847342849 0.5552896857 -0.4720087945 0.2456820309 -0.7856244445 -0.5678331852
232.7 -300.8 2438.6 -0.8951330185 0.2728507817 0.3525469303 -0.1527161300 0.5552896857 -0.8175151944 -0.4188253582 -0.7856244445 -0.4553894401
175.6 -180.7 2745.8 0.9098924398 0.3449032307 -0.2305157483 -0.4148228765 0.7508111596 -0.5140084028 -0.0042093592 0.5633155704 0.8262311220
396.7 -281.5 2744.8 0.6291732788 0.3449032307 0.6965506077 0.2604290247 0.7508111596 -0.6070085168 -0.7323371768 0.5633155704 0.3825674951
43.1 -530.8 2502.0 0.7874237299 -0.6163269877 0.0102434056 0.0285297669 0.0198397860 -0.9993960261 0.6157515645 0.7872403860 0.0332059823
259.8 -537.7 2225.3 0.7874237299 -0.0446748435 -0.6147910953 0.0285297669 0.9989426732 -0.0360489860 0.6157515645 0.0108459815 0.7878657579
109.1 -555.8 2666.4 0.3737997115 -0.8513982296 -0.3679604232 -0.0935741439 0.3600775301 -0.9282176495 0.9227771759 0.3813990653 0.0549280196
439.5 -695.5 2518.4 0.3675641716 -0.5631670356 -0.7400941849 -0.0849990919 0.7721277475 -0.6297570467 0.9261056781 0.2943834662 0.2359378040
478.7 -258.9 2553.7 0 0 0 0 0 0 0 0 0
514.8 -232.6 2607.3 0 0 0 0 0 0 0 0 0
270.9 -786.5 2222.6 0 0 0 0 0 0 0 0 0
591.1 -903.4 2439.2 0 0 0 0 0 0 0 0 0
149.6 32.4 2638.4 0 0.3869027793 0.1204856709 -0.9142152071 -0.1321102828 0.9884420633 0.0743580684 0.9126078486 0.0920078903 0.3983483911
125.9 -161.5 2620.3 0.3869027793 0.1204856709 -0.9142152071 -0.1321102828 0.9884420633 0.0743580684 0.9126078486 0.0920078903 0.3983483911
102.8 -353.5 2603.1 0.3873018324 0.1192367375 -0.9142099619 -0.1288186908 0.9888731837 0.0744011775 0.9129090905 0.0889516249 0.3983523250
73.0 -144.0 2495.7 -0.6937320828 0.2632711828 -0.6703910232 0.6806390882 0.5440096259 -0.4906973541 0.2355127037 -0.7967068553 -0.5565896034
234.7 -302.5 2440.8 -0.9055376053 0.2632711828 0.3327009976 -0.1454538554 0.5440096259 -0.8263756037 -0.3985534608 -0.7967068553 -0.4543273747
178.8 -179.1 2745.0 0.9113448262 0.3497848213 -0.2170280218 -0.4114825130 0.7593362927 -0.5040739775 -0.0115201650 0.5486884713 0.8359475136
400.3 -279.2 2742.2 0.6179727912 0.3497848213 0.7041023970 0.2531720996 0.7593362927 -0.5994266868 -0.7443208694 0.5486884713 0.3806934059
43.8 -531.8 2498.5 0.7885413170 -0.6146411896 0.0204642601 0.0385138653 0.0161449704 -0.9991276264 0.6137745976 0.7886415720 0.0364031829
254.3 -537.4 2228.5 0.7885413170 -0.0643568560 -0.6116051078 0.0385138653 0.9977250099 -0.0553309210 0.6137745976 0.0200754423 0.7892259955
110.8 -557.2 2662.6 0.3682124019 -0.8526026607 -0.3707942367 -0.0722106248 0.3713842034 -0.9256669879 0.9269332290 0.3676173389 0.0751812980
441.7 -701.4 2519.9 0.3795424104 -0.5620396137 -0.7348871231 -0.0876244456 0.7689145803 -0.6333185434 0.9210155010 0.3047653139 0.2425872833
484.7 -262.4 2550.8 0 0 0 0 0 0 0 0 0
516.4 -231.6 2602.5 0 0 0 0 0 0 0 0 0
270.2 -783.9 2223.5 0 0 0 0 0 0 0 0 0
589.8 -904.0 2439.6 0 0 0 0 0 0 0 0 0
148.0 33.3 2637.2 1 0.3889722228 0.1149609685 -0.9140484929 -0.1211339757 0.9899513125 0.0729589388 0.9132508636 0.0823433176 0.3989892304
125.4 -161.5 2621.0 0.3889722228 0.1149609685 -0.9140484929 -0.1211339757 0.9899513125 0.0729589388 0.9132508636 0.0823433176 0.3989892304
102.4 -353.6 2606.0 0.3893560469 0.1187513098 -0.9134002328 -0.1178822741 0.9899238944 0.0784503594 0.9135128260 0.0771285743 0.3994315267
72.2 -145.4 2496.2 -0.7128278017 0.2563070655 -0.6528270841 0.6644884944 0.5445749164 -0.5117549896 0.2243468314 -0.7985892892 -0.5585012436
240.1 -301.9 2443.4 -0.9073299766 0.2563070655 0.3332550824 -0.1492981613 0.5445749164 -0.8253170252 -0.3930169642 -0.7985892892 -0.4558430016
178.6 -177.6 2745.7 0.9116371274 0.3503635824 -0.2148559839 -0.4109052718 0.7659905553 -0.4943838120 -0.0086364327 0.5389841199 0.8422716856
400.2 -277.5 2743.6 0.6162078977 0.3503635824 0.7053603530 0.2448609322 0.7659905553 -0.5943918228 -0.7485526204 0.5389841199 0.3862190545
45.0 -533.9 2504.0 0.7945973873 -0.6066561341 0.0241525788 0.0383586697 0.0104609774 -0.9992092848 0.6059237719 0.7948955297 0.0315827876
255.4 -537.5 2228.3 0.7945973873 -0.0599101260 -0.6041736603 0.0383586697 0.9980852604 -0.0485220104 0.6059237719 0.0153801655 0.7953740358
114.4 -556.9 2667.5 0.3826121688 -0.8456712961 -0.3720859587 -0.0665954575 0.3764391840 -0.9240446687 0.9215058088 0.3783299625 0.0877123475
442.6 -703.0 2520.7 0.3939326704 -0.5585305095 -0.7299730778 -0.0821014121 0.7696349025 -0.6331835985 0.9154651165 0.3093635440 0.2573281825
492.5 -260.4 2552.7 0 0 0 0 0 0 0 0 0
515.9 -231.5 2603.1 0 0 0 0 0 0 0 0 0
270.3 -785.6 2224.5 0 0 0 0 0 0 0 0 0
588.9 -904.6 2439.6 0 0 0 0 0 0 0 0 0
146.1 35.9 2636.6 2 0.3977572024 0.1010583416 -0.9119081497 -0.1117995828 0.9918473959 0.0611523949 0.9106536508 0.0776271448 0.4058127105
126.2 -159.2 2621.3 0.3977572024 0.1010583416 -0.9119081497 -0.1117995828 0.9918473959 0.0611523949 0.9106536508 0.0776271448 0.4058127105
105.5 -351.7 2607.4 0.3980880380 0.1066153944 -0.9111306667 -0.1086396873 0.9917128682 0.0685781986 0.9108915329 0.0716847852 0.4063716829
71.8 -144.4 2496.9 -0.6859035492 0.2377755344 -0.6877493262 0.6876707673 0.5209067464 -0.5057321787 0.2380025089 -0.8198286295 -0.5208030939
233.1 -306.1 2440.9 -0.9129227400 0.2377755344 0.3317150772 -0.1683965921 0.5209067464 -0.8368385434 -0.3717723489 -0.8198286295 -0.4355070293
180.6 -174.1 2745.7 0.9167540669 0.3447699547 -0.2017317712 -0.3992033899 0.7729440928 -0.4931471646 -0.0140949441 0.5326266885 0.8462329507
403.5 -271.1 2742.3 0.6070085168 0.3447699547 0.7160128355 0.2492324710 0.7729440928 -0.5834729075 -0.7546017766 0.5326266885 0.3832557499
44.4 -535.2 2509.2 0.7966542840 -0.6039533615 0.0241312142 0.0297623444 -0.0006792223 -0.9995567799 0.6037020683 0.7970193624 0.0174339619
256.1 -535.0 2229.9 0.7966542840 -0.0571894683 -0.6017236114 0.0297623444 0.9980177879 -0.0554503798 0.6037020683 0.0262660775 0.7967771888
114.2 -556.3 2672.8 0.4002403915 -0.8405367732 -0.3651103675 -0.0615691990 0.3728496134 -0.9258468747 0.9143396020 0.3930408657 0.0974783078
440.4 -701.0 2520.3 0.4029018581 -0.5614787340 -0.7227805257 -0.0652140826 0.7700952888 -0.6345868111 0.9129168391 0.3028116822 0.2736565173
487.1 -259.3 2544.3 0 0 0 0 0 0 0 0 0
517.5 -224.3 2600.6 0 0 0 0 0 0 0 0 0
270.5 -786.6 2223.3 0 0 0 0 0 0 0 0 0
588.1 -903.6 2440.6 0 0 0 0 0 0 0 0 0
147.0 34.9 2637.3 3 0.3904913366 0.1096985415 -0.9140474796 -0.1150950566 0.9909024835 0.0697523281 0.9133836031 0.0779646635 0.3995645940
125.5 -159.9 2621.9 0.3904913366 0.1096985415 -0.9140474796 -0.1150950566 0.9909024835 0.0697523281 0.9133836031 0.0779646635 0.3995645940
103.4 -352.3 2608.6 0.3912709951 0.1138369441 -0.9132076502 -0.1081819236 0.9911291599 0.0771989450 0.9138947725 0.0685868487 0.4001151919
72.0 -145.1 2497.1 -0.6715471148 0.1914685220 -0.7157962322 0.6980643868 0.4874125123 -0.5245333314 0.2484564334 -0.8519206643 -0.4609778225
228.2 -307.4 2439.3 -0.9310405850 0.1914685220 0.3106496930 -0.1845250577 0.4874125123 -0.8534515500 -0.3148236573 -0.8519206643 -0.4184700847
178.9 -174.7 2746.8 0.9137121439 0.3472286761 -0.2110981047 -0.4063100219 0.7723320127 -0.4882780015 -0.0065062954 0.5319167972 0.8467715979
401.1 -273.5 2745.2 0.6138356328 0.3472286761 0.7089697719 0.2416298240 0.7723320127 -0.5874676704 -0.7515456676 0.5319167972 0.3901841044
49.2 -534.5 2511.9 0.8089516759 -0.5867229104 0.0367881544 0.0407595336 -0.0064499327 -0.9991481900 0.5864604115 0.8097620606 0.0186968669
254.2 -532.2 2228.8 0.8089516759 -0.0682754591 -0.5838969350 0.0407595336 0.9973567128 -0.0601518787 0.5864604115 0.0248606000 0.8095963001
120.5 -553.9 2675.0 0.4182786644 -0.8273651600 -0.3748463690 -0.0723163560 0.3810380101 -0.9217268229 0.9054354429 0.4126462042 0.0995480269
441.6 -701.8 2514.9 0.3970199525 -0.5644470453 -0.7237228155 -0.0427111611 0.7763155699 -0.6288957596 0.9168156385 0.2805952132 0.2841045856
486.2 -256.3 2526.6 0 0 0 0 0 0 0 0 0
516.4 -228.1 2604.1 0 0 0 0 0 0 0 0 0
271.6 -786.5 2222.5 0 0 0 0 0 0 0 0 0
588.8 -904.3 2441.7 0 0 0 0 0 0 0 0 0
148.6 36.6 2637.1 4 0.4001254737 0.1260674298 -0.9077481031 -0.1198566481 0.9891847372 0.0845457837 0.9085890055 0.0749707222 0.4109080136
123.8 -157.9 2622.4 0.4001254737 0.1260674298 -0.9077481031 -0.1198566481 0.9891847372 0.0845457837 0.9085890055 0.0749707222 0.4109080136
99.0 -350.0 2609.0 0.4007662237 0.1273496896 -0.9072863460 -0.1148536280 0.9894635081 0.0881512389 0.9089527130 0.0688770860 0.4111701250
69.0 -142.3 2498.2 -0.6607084274 0.1981278807 -0.7240232825 0.7040831447 0.4979846478 -0.5062392950 0.2602523565 -0.8442491293 -0.4685211480
224.6 -308.1 2436.9 -0.9204583168 0.1981278807 0.3369003534 -0.2015218139 0.4979846478 -0.8434454799 -0.3348812759 -0.8442491293 -0.4184470177
178.5 -173.6 2746.5 0.9082805514 0.3634287715 -0.2072340399 -0.4179693758 0.7668350339 -0.4870992303 -0.0181115605 0.5290402770 0.8484034538
399.3 -275.3 2742.1 0.6077965498 0.3634287715 0.7060473561 0.2352069467 0.7668350339 -0.5971949100 -0.7584596276 0.5290402770 0.3805987239
46.2 -535.0 2513.4 0.8087930679 -0.5868061781 0.0388881713 0.0479428321 -0.0001152389 -0.9988500476 0.5861358643 0.8097274303 0.0280399453
249.7 -534.9 2232.7 0.8087930679 -0.0854013115 -0.5818594098 0.0479428321 0.9956814647 -0.0794980153 0.5861358643 0.0364014581 0.8093946576
116.3 -554.3 2677.2 0.4456670880 -0.8334489465 -0.3267165422 -0.0025099008 0.3638005853 -0.9314734936 0.8951952457 0.4159470797 0.1600420773
439.8 -695.5 2515.7 0.4456670880 -0.5578919649 -0.7000981569 -0.0025099008 0.7812770605 -0.6241793036 0.8951952457 0.2799333334 0.3467892110
478.6 -252.5 2529.3 0 0 0 0 0 0 0 0 0
513.5 -231.1 2599.7 0 0 0 0 0 0 0 0 0
271.4 -788.2 2223.4 0 0 0 0 0 0 0 0 0
588.7 -904.1 2441.0 0 0 0 0 0 0 0 0 0
148.0 36.3 2637.5 5 0.4050135612 0.1184164137 -0.9066099524 -0.1159763560 0.9902217388 0.0775267407 0.9069253206 0.0737459362 0.4147867262
124.7 -158.1 2623.1 0.4050135612 0.1184164137 -0.9066099524 -0.1159763560 0.9902217388 0.0775267407 0.9069253206 0.0737459362 0.4147867262
101.2 -350.2 2609.2 0.4051267505 0.1213800982 -0.9061673284 -0.1150415838 0.9900378585 0.0811819956 0.9069938064 0.0713579282 0.4150545597
69.4 -142.3 2499.2 -0.6708563566 0.1933552921 -0.7159367800 0.6918341517 0.5108326077 -0.5103092790 0.2670528293 -0.8376537561 -0.4764651060
228.6 -306.6 2435.8 -0.9241970778 0.1933552921 0.3293530941 -0.1917683929 0.5108326077 -0.8380184770 -0.3302796185 -0.8376537561 -0.4350305498
180.1 -173.8 2747.0 0.9108269811 0.3606922328 -0.2007370293 -0.4121470749 0.7675427198 -0.4909307063 -0.0230006538 0.5298860669 0.8477568626
401.6 -274.0 2741.4 0.6032704711 0.3606922328 0.7113127708 0.2412932813 0.7675427198 -0.5938482285 -0.7601593733 0.5298860669 0.3760032654
38.4 -531.8 2514.2 0.7967734933 -0.6036030650 0.0285538379 0.0423883088 0.0086924443 -0.9990633726 0.6027895808 0.7972375751 0.0325116254
250.1 -534.8 2234.7 0.7967734933 -0.0856264159 -0.5981807113 0.0423883088 0.9953909516 -0.0860239714 0.6027895808 0.0431857519 0.7967306376
110.2 -552.3 2677.1 0.4310308099 -0.8417288065 -0.3251231313 0.0054578022 0.3627375960 -0.9318753481 0.9023206830 0.3998925090 0.1609450728
436.9 -693.1 2521.9 0.4497028887 -0.5571069121 -0.6981397867 -0.0201891847 0.7750955224 -0.6315214038 0.8929499984 0.2980918884 0.3373151720
484.8 -253.4 2527.3 0 0 0 0 0 0 0 0 0
514.9 -228.7 2598.6 0 0 0 0 0 0 0 0 0
272.2 -791.9 2223.5 0 0 0 0 0 0 0 0 0
587.8 -903.1 2441.1 0 0 0 0 0 0 0 0 0
148.6 38.6 2638.3 6 0.4301962554 0.1146192253 -0.8954293132 -0.1316198707 0.9892709851 0.0633965135 0.8930886984 0.0905833542 0.4406668246
126.1 -155.9 2620.4 0.4301962554 0.1146192253 -0.8954293132 -0.1316198707 0.9892709851 0.0633965135 0.8930886984 0.0905833542 0.4406668246
103.8 -348.0 2604.2 0.4309230149 0.1148694381 -0.8950476646 -0.1253520399 0.9898685217 0.0666875690 0.8936398625 0.0834588483 0.4409562349
67.3 -138.8 2498.4 -0.6711624861 0.1819299906 -0.7186393142 0.6950509548 0.4915232658 -0.5246989727 0.2577694356 -0.8516492248 -0.4563425779
228.9 -306.3 2436.3 -0.9317939878 0.1819299906 0.3141041696 -0.1904877871 0.4915232658 -0.8497760296 -0.3089892566 -0.8516492248 -0.4233429730
185.0 -173.0 2742.5 0.9133418798 0.3685415387 -0.1731580943 -0.4035450220 0.7624390125 -0.5058044195 -0.0543874465 0.5318494439 0.8450906277
407.0 -271.1 2729.3 0.5800852180 0.3685415387 0.7264146805 0.2584480047 0.7624390125 -0.5932043195 -0.7724673152 0.5318494439 0.3470307887
41.3 -532.1 2514.1 0.7988621593 -0.6011773348 0.0201251414 0.0334978104 0.0110574961 -0.9993776083 0.6005806923 0.7990391254 0.0289715398
252.6 -536.0 2233.3 0.7988621593 -0.0753623992 -0.5967744589 0.0334978104 0.9961546063 -0.0809559971 0.6005806923 0.0446820483 0.7983146906
113.9 -552.7 2676.6 0.4344252050 -0.8375899196 -0.3312368691 0.0045667365 0.3697952330 -0.9291020632 0.9006963372 0.4021126926 0.1644734144
439.0 -696.2 2520.5 0.4528340399 -0.5602237582 -0.6936070323 -0.0204577055 0.7712062597 -0.6362565756 0.8913601041 0.3023082316 0.3377675414
488.8 -253.1 2522.5 0 0 0 0 0 0 0 0 0
515.8 -222.6 2584.3 0 0 0 0 0 0 0 0 0
271.7 -789.1 2222.0 0 0 0 0 0 0 0 0 0
588.9 -902.6 2439.6 0 0 0 0 0 0 0 0 0
151.2 41.9 2637.6 7 0.4533810616 0.1125645712 -0.8841803074 -0.1333645433 0.9893932939 0.0575738661 0.8812828660 0.0918154120 0.4635843039
129.0 -152.7 2619.5 0.4533810616 0.1125645712 -0.8841803074 -0.1333645433 0.9893932939 0.0575738661 0.8812828660 0.0918154120 0.4635843039
108.7 -345.0 2602.6 0.4542285502 0.1046345830 -0.8847191930 -0.1256384254 0.9906774163 0.0526614115 0.8819815516 0.0872344077 0.4631401002
67.0 -135.6 2499.1 -0.6655691266 0.1911618263 -0.7214394212 0.7054530382 0.4766765535 -0.5245144963 0.2436261326 -0.8580422997 -0.4521169066
228.7 -307.0 2439.9 -0.9368302822 0.1911618263 0.2929269075 -0.1722728163 0.4766765535 -0.8620333672 -0.3044192493 -0.8580422997 -0.4136330485
191.1 -169.9 2740.0 0.9166215062 0.3721006513 -0.1461031437 -0.3917849064 0.7635730505 -0.5132843256 -0.0794329941 0.5277284384 0.8456909060
413.8 -265.1 2720.7 0.5577040315 0.3721006513 0.7419617772 0.2705571353 0.7635730505 -0.5863062739 -0.7847069502 0.5277284384 0.3251733184
