143.3 32.6 2636.1 04 0.4059875607 0.1165606752 -0.9064147472 -0.1226756796 0.9898070097 0.0723374933 0.9056074023 0.0818269253 0.4161485136
120.2 -163.3 2619.9 0.4059875607 0.1165606752 -0.9064147472 -0.1226756796 0.9898070097 0.0723374933 0.9056074023 0.0818269253 0.4161485136
97.7 -355.5 2605.0 0.4065555632 0.1161166653 -0.9062171578 -0.1178419292 0.9902698994 0.0740192831 0.9059944153 0.0766974241 0.4162831306
64.7 -147.3 2496.1 -0.6697322130 0.1508167237 -0.7271265984 0.6918996572 0.4823326766 -0.5372430086 0.2696916759 -0.8629075885 -0.4273837805
228.6 -316.6 2430.1 -0.9493074417 0.1508167237 0.2758073807 -0.1728721261 0.4823326766 -0.8587610126 -0.2625464201 -0.8629075885 -0.4318099618
175.7 -179.4 2743.6 0.7789510489 0.4191778898 -0.4663959444 -0.5113324523 0.8551241755 -0.0854505152 0.3630074859 0.3050451577 0.8804391026
379.0 -312.9 2838.3 0.1935073435 0.4191778898 0.8870427012 0.2441198677 0.8551241755 -0.4573490322 -0.9502422810 0.3050451577 0.0631431490
41.9 -539.7 2503.6 0.7956785560 -0.6036629081 0.0498674177 0.0503838286 -0.0160823073 -0.9986004233 0.6036200523 0.7970774174 0.0176185016
249.4 -534.2 2229.7 0.7956785560 -0.0845498666 -0.5997891426 0.0503838286 0.9960168600 -0.0735654533 0.6036200523 0.0283147823 0.7967692018
113.7 -562.2 2666.1 0.3839092851 -0.8496640325 -0.3615033925 -0.0759033039 0.3611398935 -0.9294173717 0.9202458262 0.3842512667 0.0741526410
443.5 -702.3 2517.0 0.3855381608 -0.5586870909 -0.7343221903 -0.0781557038 0.7732139826 -0.6293105483 0.9193758965 0.3000147045 0.2544389069
471.3 -272.4 2497.3 0 0 0 0 0 0 0 0 0
428.1 -250.9 2597.2 0 0 0 0 0 0 0 0 0
270.9 -787.7 2222.5 0 0 0 0 0 0 0 0 0
587.4 -901.6 2439.7 0 0 0 0 0 0 0 0 0
144.5 28.1 2628.5 05 0.3949262202 0.1299964786 -0.9094691873 -0.1232360452 0.9884877205 0.0877773389 0.9104098678 0.0774138197 0.4063999653
118.7 -168.0 2613.2 0.3949262202 0.1299964786 -0.9094691873 -0.1232360452 0.9884877205 0.0877773389 0.9104098678 0.0774138197 0.4063999653
95.0 -360.0 2598.0 0.3952684999 0.1222688630 -0.9103917480 -0.1205522269 0.9894341230 0.0805438757 0.9106206298 0.0779132992 0.4058319330
64.7 -151.5 2488.8 -0.6663299203 0.1331242770 -0.7336773276 0.7002932429 0.4496789873 -0.5544169545 0.2561129034 -0.8832138777 -0.3928605914
223.3 -318.2 2427.8 -0.9567394257 0.1331242770 0.2587037086 -0.1743063033 0.4496789873 -0.8760172129 -0.2329527736 -0.8832138777 -0.4070212245
172.7 -184.5 2737.5 0.7710818648 0.4217043817 -0.4770725369 -0.5167626739 0.8521986008 -0.0819381028 0.3720068932 0.3097142577 0.8750359416
373.9 -319.3 2834.6 0.2061539143 0.4217043817 0.8829869628 0.2425143421 0.8521986008 -0.4636208415 -0.9479911923 0.3097142577 0.0734147206
38.7 -537.2 2509.0 0.7940679789 -0.6063643098 0.0421709642 0.0457062423 -0.0096164607 -0.9989086390 0.6061080694 0.7951288223 0.0200785119
251.3 -533.8 2230.2 0.7940679789 -0.0794080421 -0.6026196480 0.0457062423 0.9964233637 -0.0710733011 0.6061080694 0.0288935509 0.7948573232
111.5 -558.3 2671.2 0.3804016411 -0.8490773439 -0.3665546179 -0.0817370638 0.3639338613 -0.9278314710 0.9212023020 0.3829097152 0.0690399483
441.1 -699.6 2522.6 0.3885872960 -0.5547003746 -0.7357359529 -0.0930631682 0.7707769275 -0.6302714944 0.9167001247 0.3133854270 0.2478919476
466.1 -274.0 2486.9 0 0 0 0 0 0 0 0 0
426.2 -257.8 2594.1 0 0 0 0 0 0 0 0 0
271.8 -790.4 2222.7 0 0 0 0 0 0 0 0 0
587.4 -902.8 2440.0 0 0 0 0 0 0 0 0 0
143.5 26.1 2632.2 06 0.3688367307 0.1203209162 -0.9216736555 -0.1229854822 0.9891853929 0.0799177960 0.9213219285 0.0838758647 0.3796456158
119.7 -169.5 2615.7 0.3688367307 0.1203209162 -0.9216736555 -0.1229854822 0.9891853929 0.0799177960 0.9213219285 0.0838758647 0.3796456158
95.9 -361.5 2600.6 0.3694212437 0.1227802634 -0.9211150408 -0.1182280928 0.9893876314 0.0844642669 0.9217103720 0.0776987821 0.3800168931
69.3 -153.3 2489.8 -0.6597117186 0.1405704170 -0.7382549644 0.7035436034 0.4608835280 -0.5409368873 0.2642098367 -0.8762570024 -0.4029476643
223.6 -318.0 2428.0 -0.9555778503 0.1405704170 0.2590578198 -0.1684205830 0.4608835280 -0.8713328242 -0.2418790907 -0.8762570024 -0.4167351127
170.2 -185.6 2741.5 0.7589415908 0.4153209627 -0.5015138984 -0.5175166726 0.8521602750 -0.0774553195 0.3952013850 0.3183258772 0.8616753817
368.2 -320.7 2844.6 0.2331559211 0.4153209627 0.8792876601 0.2385249883 0.8521602750 -0.4657560289 -0.9427322745 0.3183258772 0.0996217877
35.8 -541.3 2501.3 0.7796573043 -0.6246446967 0.0441975743 0.0419804379 -0.0182837695 -0.9989511371 0.6247976422 0.7806950212 0.0119677847
254.7 -534.9 2227.8 0.7796573043 -0.0669155344 -0.6226208806 0.0419804379 0.9976226687 -0.0546497814 0.6247976422 0.0164702050 0.7806130052
106.6 -562.9 2664.5 0.3658781946 -0.8586753607 -0.3589007258 -0.0926600322 0.3501133919 -0.9321130514 0.9260385036 0.3742955923 0.0485339724
439.9 -698.8 2519.2 0.3658781946 -0.5611910224 -0.7424269319 -0.0926600322 0.7718099952 -0.6290655136 0.9260385036 0.2989546657 0.2303884774
464.8 -275.4 2489.0 0 0 0 0 0 0 0 0 0
427.4 -260.1 2605.5 0 0 0 0 0 0 0 0 0
272.1 -793.9 2223.5 0 0 0 0 0 0 0 0 0
588.5 -903.1 2440.0 0 0 0 0 0 0 0 0 0
146.1 28.6 2634.1 07 0.3234544098 0.1372921169 -0.9362308383 -0.1167379320 0.9876496196 0.1045010537 0.9390151501 0.0754923224 0.3354867995
119.0 -166.4 2619.2 0.3234544098 0.1372921169 -0.9362308383 -0.1167379320 0.9876496196 0.1045010537 0.9390151501 0.0754923224 0.3354867995
93.0 -358.4 2606.5 0.3249813318 0.1334459335 -0.9362581372 -0.1055902168 0.9889246225 0.1043014899 0.9398073554 0.0649636611 0.3354726434
74.6 -152.1 2491.0 -0.6539663672 0.1559060514 -0.7402846217 0.7056611180 0.4784491360 -0.5226172805 0.2727093399 -0.8641641736 -0.4229064882
223.3 -312.5 2429.0 -0.9546831250 0.1559060514 0.2535220683 -0.1515557319 0.4784491360 -0.8649377227 -0.2561464608 -0.8641641736 -0.4331388772
163.3 -180.8 2747.4 0.7323965430 0.4126120210 -0.5416147709 -0.5201862454 0.8523380756 -0.0540932342 0.4393193722 0.3213582635 0.8388845921
354.2 -316.4 2861.9 0.2796374261 0.4126120210 0.8669222593 0.2172318101 0.8523380756 -0.4757417142 -0.9352076054 0.3213582635 0.1487131566
39.0 -543.0 2502.9 0.7862016559 -0.6165963411 0.0411820747 0.0378972404 -0.0184085313 -0.9991120696 0.6168069243 0.7870642543 0.0088944817
251.0 -536.7 2232.4 0.7862016559 -0.0800139830 -0.6127681136 0.0378972404 0.9959585667 -0.0814267844 0.6168069243 0.0407956503 0.7860565782
105.1 -564.2 2668.0 0.3883804381 -0.8565186858 -0.3399064541 -0.0648622215 0.3425380886 -0.9372622371 0.9192135334 0.3860614300 0.0774793848
437.6 -697.1 2518.2 0.3883804381 -0.5647760034 -0.7281405926 -0.0648622215 0.7714550495 -0.6329691410 0.9192135334 0.2930616736 0.2629854381
465.0 -274.2 2493.8 0 0 0 0 0 0 0 0 0
425.1 -261.3 2624.9 0 0 0 0 0 0 0 0 0
271.2 -788.0 2222.1 0 0 0 0 0 0 0 0 0
587.9 -902.5 2440.2 0 0 0 0 0 0 0 0 0
147.5 27.2 2626.0 08 0.2884427607 0.1517513692 -0.9453952909 -0.1053964645 0.9863930941 0.1261754185 0.9516786933 0.0632469356 0.3005120158
117.4 -168.6 2613.5 0.2884427607 0.1517513692 -0.9453952909 -0.1053964645 0.9863930941 0.1261754185 0.9516786933 0.0632469356 0.3005120158
89.6 -360.3 2602.8 0.2900663912 0.1431453079 -0.9462404251 -0.0945248827 0.9882007837 0.1205167398 0.9523268938 0.0544854105 0.3001746237
77.8 -155.7 2483.6 -0.6637122631 0.1871788204 -0.7241892815 0.7080939412 0.4691988230 -0.5276887417 0.2410165966 -0.8630275726 -0.4439532161
222.6 -310.2 2431.0 -0.9472270608 0.1871788204 0.2602403462 -0.1465393752 0.4691988230 -0.8708493710 -0.2851090133 -0.8630275726 -0.4170087576
157.0 -181.4 2743.4 0.7099131942 0.4112948477 -0.5717165470 -0.5216568112 0.8524579406 -0.0344917066 0.4731780589 0.3227259517 0.8197258711
342.0 -317.4 2866.7 0.3153458834 0.4112948477 0.8552154899 0.1991201490 0.8524579406 -0.4833907783 -0.9278513789 0.3227259517 0.1869220138
38.0 -540.9 2509.8 0.7901487947 -0.6119449139 0.0344715305 0.0376117639 -0.0077249119 -0.9992625713 0.6117599607 0.7908626795 0.0169124994
253.8 -538.2 2230.9 0.7901487947 -0.0718145594 -0.6086933017 0.0376117639 0.9969215989 -0.0687942356 0.6117599607 0.0314636566 0.7904174924
96.1 -559.7 2677.9 0.4130252302 -0.8598091006 -0.3002307713 -0.0388127491 0.3127455413 -0.9490436316 0.9098921418 0.4036317468 0.0958002433
429.7 -681.0 2521.4 0.4130252302 -0.5547493696 -0.7222626209 -0.0388127491 0.7816254497 -0.6225392818 0.9098921418 0.2851574421 0.3012996912
462.6 -273.1 2503.2 0 0 0 0 0 0 0 0 0
422.0 -266.9 2631.6 0 0 0 0 0 0 0 0 0
271.9 -789.4 2223.0 0 0 0 0 0 0 0 0 0
587.5 -903.3 2440.3 0 0 0 0 0 0 0 0 0
149.1 26.3 2632.5 09 0.3438237906 0.1443116218 -0.9278789759 -0.1428322047 0.9846601486 0.1002165079 0.9281078577 0.0980741754 0.3591619432
120.3 -170.2 2612.9 0.3438237906 0.1443116218 -0.9278789759 -0.1428322047 0.9846601486 0.1002165079 0.9281078577 0.0980741754 0.3591619432
93.2 -361.5 2596.2 0.3457296491 0.1387871951 -0.9280135632 -0.1295614839 0.9865887761 0.0992794111 0.9293464422 0.0859109759 0.3590744734
73.2 -152.6 2486.4 -0.6681277752 0.1956816614 -0.7178537250 0.7050979137 0.4745788872 -0.5268887877 0.2375757545 -0.8581861854 -0.4550540745
226.5 -314.4 2431.9 -0.9313885570 0.1956816614 0.3069593906 -0.1839783937 0.4745788872 -0.8607710600 -0.3141135573 -0.8581861854 -0.4060161412
167.5 -187.7 2739.5 0.7401975989 0.4226849675 -0.5229196548 -0.5330625772 0.8429012895 -0.0732233822 0.4098192155 0.3329486847 0.8492310643
360.1 -326.4 2846.1 0.2595123053 0.4226849675 0.8683264256 0.2394249290 0.8429012895 -0.4818642139 -0.9355902076 0.3329486847 0.1175419465
35.8 -543.7 2507.0 0.7846053839 -0.6181318760 0.0480349883 0.0421059914 -0.0241724346 -0.9988207221 0.6185640097 0.7857026458 0.0070612328
255.5 -535.1 2227.7 0.7846053839 -0.0654207915 -0.6165342331 0.0421059914 0.9977440238 -0.0522868149 0.6185640097 0.0150647322 0.7855899930
87.7 -560.5 2677.4 0.3881150484 -0.8743404746 -0.2913681567 -0.0704554319 0.2870768905 -0.9553129673 0.9189139009 0.3912998140 0.0498168208
426.8 -671.9 2525.6 0.3881150484 -0.5468764901 -0.7418172359 -0.0704554319 0.7849518061 -0.6155377626 0.9189139009 0.2911645174 0.2661211789
459.2 -268.4 2510.4 0 0 0 0 0 0 0 0 0
425.7 -265.8 2609.4 0 0 0 0 0 0 0 0 0
272.2 -789.9 2223.9 0 0 0 0 0 0 0 0 0
587.6 -902.6 2440.0 0 0 0 0 0 0 0 0 0
148.9 27.8 2634.7 10 0.3758583069 0.1348188519 -0.9168175459 -0.1511023194 0.9850354791 0.0829044953 0.9142749310 0.1073729098 0.3906052113
122.2 -167.2 2613.5 0.3758583069 0.1348188519 -0.9168175459 -0.1511023194 0.9850354791 0.0829044953 0.9142749310 0.1073729098 0.3906052113
95.8 -358.5 2594.7 0.3771595955 0.1353880614 -0.9161990881 -0.1416097432 0.9860553145 0.0874162018 0.9152580500 0.0967728496 0.3910724819
70.8 -148.0 2488.7 -0.6628273129 0.1917477697 -0.7238043547 0.7111797929 0.4636586607 -0.5284354091 0.2342718393 -0.8650164604 -0.4436927438
228.9 -317.5 2432.9 -0.9370563626 0.1917477697 0.2918187082 -0.1755738705 0.4636586607 -0.8684437275 -0.3018264174 -0.8650164604 -0.4008083940
173.7 -186.5 2738.2 0.7566813827 0.4283795059 -0.4938869178 -0.5343844295 0.8404642344 -0.0897394493 0.3766517341 0.3318296671 0.8648829460
370.8 -325.6 2836.3 0.2266927361 0.4283795059 0.8747007847 0.2555248439 0.8404642344 -0.4778357148 -0.9398496747 0.3318296671 0.0810655355
35.1 -541.4 2496.5 0.7736518979 -0.6322367191 0.0417065099 0.0409894474 -0.0157452393 -0.9990355372 0.6322836280 0.7746152878 0.0137336999
250.6 -536.0 2232.5 0.7736518979 -0.0816341192 -0.6283299923 0.0409894474 0.9960364699 -0.0789378136 0.6322836280 0.0353154913 0.7739316821
96.9 -564.4 2662.5 0.3379558325 -0.8795203567 -0.3350071609 -0.1299306154 0.3089420497 -0.9421638846 0.9321501255 0.3619374931 -0.0098678526
438.0 -684.2 2522.1 0.3379558325 -0.5395547748 -0.7711462379 -0.1299306154 0.7847627997 -0.6060242057 0.9321501255 0.3050049543 0.1951104850
463.9 -273.5 2508.6 0 0 0 0 0 0 0 0 0
428.2 -260.9 2598.3 0 0 0 0 0 0 0 0 0
271.2 -787.3 2223.6 0 0 0 0 0 0 0 0 0
586.8 -900.7 2438.0 0 0 0 0 0 0 0 0 0
145.4 23.4 2627.9 11 0.4020618498 0.1268744618 -0.9067795277 -0.1327345818 0.9879677892 0.0793802291 0.9059402943 0.0884452462 0.4140647650
120.2 -172.4 2610.3 0.4020618498 0.1268744618 -0.9067795277 -0.1327345818 0.9879677892 0.0793802291 0.9059402943 0.0884452462 0.4140647650
95.8 -364.2 2594.7 0.4030716717 0.1255576164 -0.9065144658 -0.1248267144 0.9888291955 0.0814558789 0.9066154361 0.0803246722 0.4142419696
65.2 -155.4 2486.7 -0.7002198100 0.1877286285 -0.6888034344 0.6793172956 0.4719557464 -0.5619481802 0.2195909917 -0.8614033461 -0.4580000937
230.9 -316.1 2434.7 -0.9428794384 0.1877286285 0.2752022445 -0.1591294259 0.4719557464 -0.8671422005 -0.2926706970 -0.8614033461 -0.4151242375
175.2 -189.3 2734.0 0.7730420828 0.4267782867 -0.4693253040 -0.5201983452 0.8499065638 -0.0839791819 0.3630421758 0.3090617061 0.8790228963
376.7 -324.9 2828.6 0.1983934790 0.4267782867 0.8823266625 0.2454352677 0.8499065638 -0.4662835896 -0.9488949180 0.3090617061 0.0638694763
35.7 -537.2 2494.0 0.7726412416 -0.6338698268 0.0351355597 0.0446444452 -0.0009566151 -0.9990024567 0.6332711577 0.7734391689 0.0275596455
255.2 -536.9 2226.2 0.7726412416 -0.0651376992 -0.6314923167 0.0446444452 0.9978345633 -0.0483022630 0.6332711577 0.0091276979 0.7738761902
103.1 -562.5 2657.7 0.3473710120 -0.8692277074 -0.3518189788 -0.1084368601 0.3354305625 -0.9358032942 0.9314369559 0.3632210791 0.0222625323
440.3 -692.6 2516.8 0.3473710120 -0.5489824414 -0.7602313161 -0.1084368601 0.7817610502 -0.6140774488 0.9314369559 0.2957498133 0.2120311856
466.8 -276.3 2507.9 0 0 0 0 0 0 0 0 0
427.0 -262.7 2588.1 0 0 0 0 0 0 0 0 0
271.7 -790.6 2223.9 0 0 0 0 0 0 0 0 0
586.1 -900.2 2438.2 0 0 0 0 0 0 0 0 0
147.4 21.3 2631.9 12 0.4303131998 0.1267156005 -0.8937414289 -0.1507845670 0.9862774611 0.0672366172 0.8899969459 0.1058296040 0.4435149729
122.3 -174.2 2610.9 0.4303131998 0.1267156005 -0.8937414289 -0.1507845670 0.9862774611 0.0672366172 0.8899969459 0.1058296040 0.4435149729
97.6 -365.8 2591.9 0.4312147498 0.1268320978 -0.8932902217 -0.1437676698 0.9870793223 0.0707481056 0.8907214403 0.0979186371 0.4438775182
63.5 -154.6 2489.4 -0.7013834119 0.1843375415 -0.6885353923 0.6738951802 0.4862035513 -0.5563015342 0.2322211117 -0.8541813493 -0.4652392864
234.3 -318.8 2432.8 -0.9404105544 0.1843375415 0.2857404649 -0.1654100269 0.4862035513 -0.8580475450 -0.2970984280 -0.8541813493 -0.4267396927
181.2 -193.8 2732.4 0.7845910192 0.4349982440 -0.4418070018 -0.5264403820 0.8438180685 -0.1040748954 0.3275323510 0.3142412901 0.8910527229
385.7 -331.0 2817.8 0.1685442924 0.4349982440 0.8845164776 0.2665171027 0.8438180685 -0.4657678604 -0.9489791393 0.3142412901 0.0262862444
35.4 -545.0 2498.0 0.7767173052 -0.6280126572 0.0480658002 0.0411981940 -0.0254931245 -0.9988257289 0.6285005212 0.7777854800 0.0060720355
258.8 -535.9 2221.2 0.7767173052 -0.0453641191 -0.6282135844 0.0411981940 0.9989261031 -0.0211966950 0.6285005212 -0.0094174249 0.7777521610
107.5 -567.2 2660.2 0.3586081862 -0.8631370664 -0.3555201888 -0.1053917557 0.3409802914 -0.9341440201 0.9275196791 0.3724605739 0.0313107893
442.4 -699.6 2515.6 0.3586081862 -0.5578811169 -0.7484442592 -0.1053917557 0.7724488378 -0.6262710094 0.9275196791 0.3034657538 0.2182103992
469.6 -277.4 2507.2 0 0 0 0 0 0 0 0 0
428.4 -263.5 2577.3 0 0 0 0 0 0 0 0 0
270.2 -786.9 2223.6 0 0 0 0 0 0 0 0 0
587.3 -900.2 2436.8 0 0 0 0 0 0 0 0 0
144.9 20.1 2634.9 13 0.3924620748 0.1214709282 -0.9117117524 -0.1609159857 0.9850207567 0.0619691089 0.9055824280 0.1223884746 0.4061298966
120.7 -175.7 2610.6 0.3924620748 0.1214709282 -0.9117117524 -0.1609159857 0.9850207567 0.0619691089 0.9055824280 0.1223884746 0.4061298966
95.9 -367.0 2589.1 0.3934805393 0.1278230995 -0.9104033709 -0.1528653353 0.9855979085 0.0723115057 0.9065347314 0.1107159480 0.4073533118
67.1 -154.8 2487.0 -0.6998334527 0.1880795211 -0.6891002655 0.6753923893 0.4882992804 -0.5526381731 0.2325472385 -0.8521677852 -0.4687556624
234.5 -316.4 2431.3 -0.9426491857 0.1880795211 0.2757509649 -0.1538565606 0.4882992804 -0.8590064049 -0.2962104976 -0.8521677852 -0.4313576519
174.4 -196.5 2734.3 0.7675340176 0.4264571965 -0.4785663784 -0.5335395336 0.8388238549 -0.1082134023 0.3552845120 0.3383915424 0.8713576198
374.5 -335.6 2826.9 0.2087476403 0.4264571965 0.8800901771 0.2727441788 0.8388238549 -0.4711530507 -0.9391672015 0.3383915424 0.0587887801
34.3 -544.5 2493.2 0.7708193660 -0.6353063583 0.0471519046 0.0421417840 -0.0230028015 -0.9988468289 0.6356583834 0.7719175220 0.0090419380
255.3 -536.5 2224.8 0.7708193660 -0.0592647046 -0.6342911124 0.0421417840 0.9982261062 -0.0420561992 0.6356583834 0.0056875758 0.7719495296
111.5 -570.2 2652.6 0.3360776603 -0.8646067977 -0.3735062778 -0.1237456277 0.3525995314 -0.9275562763 0.9336695671 0.3579507172 0.0115095163
447.1 -707.0 2513.7 0.3360776603 -0.5556957126 -0.7604301572 -0.1237456277 0.7743405104 -0.6205511689 0.9336695671 0.3026533127 0.1914736480
470.7 -277.9 2505.6 0 0 0 0 0 0 0 0 0
427.4 -266.5 2588.9 0 0 0 0 0 0 0 0 0
269.9 -783.2 2223.4 0 0 0 0 0 0 0 0 0
586.8 -901.7 2437.5 0 0 0 0 0 0 0 0 0
146.2 21.7 2626.0 14 0.3789090812 0.1381434053 -0.9150651693 -0.1423359215 0.9857298136 0.0898730531 0.9144224524 0.0961929336 0.3931647539
118.7 -174.0 2606.9 0.3789090812 0.1381434053 -0.9150651693 -0.1423359215 0.9857298136 0.0898730531 0.9144224524 0.0961929336 0.3931647539
92.4 -365.5 2588.6 0.3793125451 0.1353701651 -0.9153124690 -0.1394268721 0.9863063693 0.0880902410 0.9147033095 0.0942054167 0.3929926455
66.9 -155.0 2482.0 -0.7048545480 0.1928959638 -0.6826208830 0.6793377399 0.4605258703 -0.5713284016 0.2041576207 -0.8664335608 -0.4556452334
233.3 -315.4 2433.8 -0.9458882213 0.1928959638 0.2609341741 -0.1475454718 0.4605258703 -0.8752977848 -0.2890083492 -0.8664335608 -0.4071450531
170.5 -193.1 2731.7 0.7576446533 0.4291506708 -0.4917359948 -0.5333861113 0.8413267732 -0.0875697359 0.3761300445 0.3286319077 0.8663297892
368.1 -332.2 2829.8 0.2243664563 0.4291506708 0.8749225140 0.2531393468 0.8413267732 -0.4775873721 -0.9410526752 0.3286319077 0.0801305920
36.0 -544.6 2486.5 0.7635734081 -0.6439334750 0.0480130874 0.0402672254 -0.0267263632 -0.9988314509 0.6444642544 0.7646145225 0.0055218735
254.3 -535.5 2227.3 0.7635734081 -0.0641568750 -0.6425258517 0.0402672254 0.9978462458 -0.0517826788 0.6444642544 0.0136671457 0.7645123005
106.4 -571.9 2648.7 0.3176763952 -0.8716581464 -0.3732208908 -0.1333114207 0.3486424387 -0.9277265072 0.9387810230 0.3444714248 -0.0054465206
444.7 -707.2 2515.0 0.3176763952 -0.5637151599 -0.7624348998 -0.1333114207 0.7695475221 -0.6245195270 0.9387810230 0.3000364006 0.1693174094
471.0 -278.3 2506.5 0 0 0 0 0 0 0 0 0
425.0 -268.0 2591.2 0 0 0 0 0 0 0 0 0
270.4 -786.3 2223.9 0 0 0 0 0 0 0 0 0
587.9 -902.7 2438.8 0 0 0 0 0 0 0 0 0
144.9 23.9 2623.5 15 0.3635214865 0.1371338069 -0.9214371443 -0.1248986870 0.9873505235 0.0976689234 0.9231752157 0.0795815438 0.3760509491
117.8 -171.1 2607.7 0.3635214865 0.1371338069 -0.9214371443 -0.1248986870 0.9873505235 0.0976689234 0.9231752157 0.0795815438 0.3760509491
90.0 -362.6 2593.1 0.3637637496 0.1427512318 -0.9204879403 -0.1231897622 0.9868800640 0.1043646187 0.9233093858 0.0754306242 0.3765766919
68.1 -154.3 2481.7 -0.7028896213 0.1996736676 -0.6826980710 0.6820794344 0.4614747465 -0.5672818422 0.2017766535 -0.8643908501 -0.4605590999
232.6 -314.0 2434.5 -0.9394376874 0.1996736676 0.2785449326 -0.1606113166 0.4614747465 -0.8724936247 -0.3027554452 -0.8643908501 -0.4014568925
167.5 -187.9 2733.8 0.7469550967 0.4313707948 -0.5059419870 -0.5316225886 0.8444954753 -0.0648444816 0.3992937207 0.3174061179 0.8601266742
362.3 -326.6 2837.9 0.2412443459 0.4313707948 0.8693218231 0.2310364395 0.8444954753 -0.4831661880 -0.9425621033 0.3174061179 0.1040673926
32.2 -544.4 2488.4 0.7600206137 -0.6486423612 0.0403953753 0.0358784534 -0.0201848838 -0.9991523027 0.6489078403 0.7608256340 0.0079313563
250.7 -537.6 2232.1 0.7600206137 -0.0787425637 -0.6451110840 0.0358784534 0.9962027073 -0.0793277323 0.6489078403 0.0371451229 0.7599597573
100.1 -569.3 2652.1 0.3148492575 -0.8746776581 -0.3685226142 -0.1439207494 0.3397838771 -0.9294265509 0.9381666780 0.3456673026 -0.0189035591
439.6 -701.2 2517.9 0.3148492575 -0.5642583966 -0.7632053494 -0.1439207494 0.7664207816 -0.6260080338 0.9381666780 0.3069392443 0.1600985229
469.1 -273.6 2510.7 0 0 0 0 0 0 0 0 0
423.5 -268.0 2598.9 0 0 0 0 0 0 0 0 0
270.4 -786.8 2222.8 0 0 0 0 0 0 0 0 0
587.4 -902.0 2437.5 0 0 0 0 0 0 0 0 0
144.1 29.0 2622.2 16 0.3683622181 0.1254868805 -0.9211744070 -0.1077265665 0.9899354577 0.0917757973 0.9234198928 0.0654282197 0.3781730831
119.2 -166.9 2609.3 0.3683622181 0.1254868805 -0.9211744070 -0.1077265665 0.9899354577 0.0917757973 0.9234198928 0.0654282197 0.3781730831
93.7 -358.9 2597.5 0.3686173558 0.1316006184 -0.9202187061 -0.1057621092 0.9894376397 0.0991338864 0.9235451221 0.0607818030 0.3786422610
68.9 -152.4 2483.2 -0.7342525721 0.2307165712 -0.6384692788 0.6571055055 0.4777974784 -0.5830282569 0.1705447286 -0.8476316333 -0.5024291873
242.2 -307.5 2442.9 -0.9261652827 0.2307165712 0.2983081639 -0.1592349708 0.4777974784 -0.8639177084 -0.3418510258 -0.8476316333 -0.4057812989
169.6 -181.3 2735.4 0.7545570731 0.4228028953 -0.5018777847 -0.5172405243 0.8538496494 -0.0583357103 0.4038636684 0.3036091626 0.8629690409
366.4 -316.2 2840.8 0.2350811213 0.4228028953 0.8751997352 0.2202188075 0.8538496494 -0.4716401994 -0.9466997981 0.3036091626 0.1076147854
29.7 -543.1 2495.8 0.7661733031 -0.6413877606 0.0400024913 0.0366200618 -0.0185713582 -0.9991566539 0.6415897608 0.7669920921 0.0092587806
253.5 -536.6 2228.1 0.7661733031 -0.0656154156 -0.6392754316 0.0366200618 0.9976151586 -0.0585062616 0.6415897608 0.0214156304 0.7667489052
94.9 -565.1 2661.1 0.3590048552 -0.8739336133 -0.3276515901 -0.0871003941 0.3181517720 -0.9440301657 0.9292626381 0.3674499989 0.0380980633
434.0 -688.6 2518.5 0.3590048552 -0.5596845746 -0.7469061017 -0.0871003941 0.7766718268 -0.6238544583 0.9292626381 0.2890225947 0.2300802022
476.0 -267.3 2529.2 0 0 0 0 0 0 0 0 0
426.1 -260.4 2600.6 0 0 0 0 0 0 0 0 0
270.2 -790.0 2222.7 0 0 0 0 0 0 0 0 0
588.6 -903.2 2438.6 0 0 0 0 0 0 0 0 0
145.3 29.6 2620.6 17 0.3266964257 0.1411607563 -0.9345282912 -0.0924250335 0.9888158441 0.1170505583 0.9405993223 0.0481338091 0.3360893726
117.4 -165.8 2611.1 0.3266964257 0.1411607563 -0.9345282912 -0.0924250335 0.9888158441 0.1170505583 0.9405993223 0.0481338091 0.3360893726
89.9 -357.7 2603.3 0.3278333247 0.1411924511 -0.9341252446 -0.0844605342 0.9891899228 0.1198738292 0.9409525394 0.0395980813 0.3362146020
72.7 -154.3 2482.7 -0.7712503672 0.2715218961 -0.5757158399 0.6209082603 0.5200731158 -0.5865124464 0.1401633620 -0.8098146915 -0.5696967840
254.0 -300.3 2449.8 -0.9061868191 0.2715218961 0.3241933286 -0.1452836841 0.5200731158 -0.8416748643 -0.3971374035 -0.8098146915 -0.4318357110
162.2 -177.2 2739.4 0.7302946448 0.4200194180 -0.5387517810 -0.5143461823 0.8570918441 -0.0290096905 0.4495750964 0.2982905209 0.8419649601
352.5 -311.3 2856.6 0.2777068913 0.4200194180 0.8639806509 0.1915337592 0.8570918441 -0.4782346487 -0.9413785934 0.2982905209 0.1575724185
35.1 -541.4 2503.0 0.7806631327 -0.6240464449 0.0336321145 0.0355563127 -0.0093772905 -0.9993236661 0.6239398122 0.7813309431 0.0148682864
251.0 -538.2 2232.6 0.7806631327 -0.0768237934 -0.6202122569 0.0355563127 0.9962680340 -0.0786498338 0.6239398122 0.0393465646 0.7804812789
101.1 -560.3 2668.3 0.3728305399 -0.8643327951 -0.3375295997 -0.0872625113 0.3294843733 -0.9401198626 0.9237871170 0.3799590766 0.0474179871
436.5 -688.2 2520.9 0.3728305399 -0.5508213043 -0.7467216849 -0.0872625113 0.7803640366 -0.6192069650 0.9237871170 0.2960200906 0.2428774983
483.7 -263.5 2550.4 0 0 0 0 0 0 0 0 0
422.9 -262.7 2618.0 0 0 0 0 0 0 0 0 0
270.4 -790.0 2222.7 0 0 0 0 0 0 0 0 0
586.9 -901.2 2440.1 0 0 0 0 0 0 0 0 0
146.4 25.8 2628.8 18 0.2940154374 0.1414358914 -0.9452781677 -0.1262844801 0.9860689640 0.1082601547 0.9474213123 0.0875438079 0.3077806532
118.4 -169.3 2611.5 0.2940154374 0.1414358914 -0.9452781677 -0.1262844801 0.9860689640 0.1082601547 0.9474213123 0.0875438079 0.3077806532
90.3 -360.7 2597.1 0.2957415283 0.1448612064 -0.9442204237 -0.1143906042 0.9866930842 0.1155487671 0.9483942986 0.0738373697 0.3083768785
78.0 -153.8 2482.1 -0.7272573113 0.2596451044 -0.6353591084 0.6643902659 0.4986646473 -0.5567038655 0.1722856760 -0.8269933462 -0.5351632237
246.9 -308.1 2442.1 -0.9036354423 0.2596451044 0.3406279385 -0.1766039431 0.4986646473 -0.8486133814 -0.3901974261 -0.8269933462 -0.4047566950
158.7 -184.9 2740.8 0.7122246027 0.4146099091 -0.5664227605 -0.5322587490 0.8450623155 -0.0506981127 0.4576426148 0.3375919163 0.8225539327
344.5 -323.7 2860.1 0.3100834489 0.4146099091 0.8555389643 0.2175812274 0.8450623155 -0.4883933663 -0.9254764318 0.3375919163 0.1718285233
33.1 -542.1 2511.4 0.7854263186 -0.6178550720 0.0368863046 0.0384458229 -0.0107800784 -0.9992025495 0.6177600026 0.7862181067 0.0152869886
254.1 -538.2 2230.2 0.7854263186 -0.0717286766 -0.6147848964 0.0384458229 0.9969981313 -0.0672056079 0.6177600026 0.0291491449 0.7858262658
91.8 -557.1 2679.8 0.3899308443 -0.8680478334 -0.3073220551 -0.0804241747 0.3003612161 -0.9504289031 0.9173253775 0.3953176737 0.0473080724
428.5 -673.7 2526.4 0.3899308443 -0.5435439348 -0.7433127761 -0.0804241747 0.7840216756 -0.6155014038 0.9173253775 0.2997833192 0.2620001733
475.3 -263.4 2540.7 0 0 0 0 0 0 0 0 0
423.0 -268.6 2625.6 0 0 0 0 0 0 0 0 0
272.3 -790.9 2222.8 0 0 0 0 0 0 0 0 0
585.9 -900.6 2439.6 0 0 0 0 0 0 0 0 0
146.4 24.2 2632.4 19 0.3071775138 0.1440420300 -0.9406879544 -0.1426061243 0.9842846394 0.1041503176 0.9409067035 0.1021552309 0.3228913844
117.9 -170.5 2612.2 0.3071775138 0.1440420300 -0.9406879544 -0.1426061243 0.9842846394 0.1041503176 0.9409067035 0.1021552309 0.3228913844
89.0 -361.6 2594.9 0.3087994456 0.1489345133 -0.9393941760 -0.1317050010 0.9848449230 0.1128460914 0.9419642687 0.0888760984 0.3237349987
75.7 -152.5 2483.6 -0.7089639306 0.2239184976 -0.6687530875 0.6823654175 0.4573718607 -0.5702529550 0.1781786531 -0.8606227636 -0.4770543575
240.6 -311.2 2442.2 -0.9312408566 0.2239184976 0.2874907255 -0.1600750238 0.4573718607 -0.8747496605 -0.3273628056 -0.8606227636 -0.3900796175
160.0 -188.5 2740.7 0.7169805765 0.4217509627 -0.5550360084 -0.5420256853 0.8379641771 -0.0634367689 0.4383457601 0.3463266790 0.8294038773
347.1 -329.9 2855.1 0.2975814939 0.4217509627 0.8564878106 0.2328786999 0.8379641771 -0.4935418665 -0.9258578420 0.3463266790 0.1511458158
35.8 -541.9 2497.9 0.7737405896 -0.6325294971 0.0350980088 0.0320573896 -0.0162383486 -0.9993541241 0.6326909065 0.7743660212 0.0077129751
254.7 -536.3 2229.9 0.7737405896 -0.0690420792 -0.6297290325 0.0320573896 0.9970370531 -0.0699243695 0.6326909065 0.0339158550 0.7736613750
88.7 -562.3 2667.6 0.3513191044 -0.8827264309 -0.3120399117 -0.1103241369 0.2919319868 -0.9500548840 0.9297330379 0.3681979775 0.0051752492
431.1 -675.6 2524.7 0.3513191044 -0.5434394479 -0.7623965144 -0.1103241369 0.7846015692 -0.6101056933 0.9297330379 0.2984525263 0.2156910449
474.2 -271.1 2524.3 0 0 0 0 0 0 0 0 0
422.5 -270.8 2620.3 0 0 0 0 0 0 0 0 0
272.1 -787.5 2221.4 0 0 0 0 0 0 0 0 0
587.1 -900.8 2439.1 0 0 0 0 0 0 0 0 0
145.6 24.0 2634.2 20 0.3093802631 0.1320376396 -0.9417271018 -0.1441038251 0.9853863716 0.0908173993 0.9399563670 0.1076093689 0.3238862157
119.5 -171.4 2612.8 0.3093802631 0.1320376396 -0.9417271018 -0.1441038251 0.9853863716 0.0908173993 0.9399563670 0.1076093689 0.3238862157
92.9 -362.8 2594.9 0.3111175299 0.1366987526 -0.9404888749 -0.1313576400 0.9862883687 0.0999020040 0.9412497282 0.0924591348 0.3248080313
77.0 -153.5 2484.3 -0.6920692921 0.2019802481 -0.6929964423 0.6951502562 0.4451022446 -0.5644910336 0.1944382191 -0.8724035621 -0.4484482110
236.4 -313.6 2439.5 -0.9427522421 0.2019802481 0.2653717101 -0.1529977322 0.4451022446 -0.8823127151 -0.2963272631 -0.8724035621 -0.3887186348
161.9 -189.3 2741.4 0.7239731550 0.4114931226 -0.5536571741 -0.5346042514 0.8419155478 -0.0733245462 0.4359600544 0.3490724862 0.8295102119
350.9 -328.8 2855.1 0.2938497663 0.4114931226 0.8627431393 0.2399954498 0.8419155478 -0.4833015203 -0.9252321124 0.3490724862 0.1486402303
32.4 -540.9 2493.4 0.7632074356 -0.6451873779 0.0353228524 0.0315411724 -0.0174018741 -0.9993509650 0.6453832984 0.7638261914 0.0070687258
255.8 -534.8 2228.9 0.7632074356 -0.0636217445 -0.6430137753 0.0315411724 0.9976226687 -0.0612709112 0.6453832984 0.0264810063 0.7633997202
87.7 -564.4 2662.0 0.3298627138 -0.8875622153 -0.3215958476 -0.1272404790 0.2957535684 -0.9467521906 0.9354146123 0.3532182574 -0.0153757790
432.1 -679.2 2524.9 0.3298627138 -0.5476069450 -0.7689715624 -0.1272404790 0.7813403010 -0.6109969020 0.9354146123 0.2993894219 0.1880572438
472.0 -275.4 2513.6 0 0 0 0 0 0 0 0 0
425.4 -268.0 2620.4 0 0 0 0 0 0 0 0 0
271.9 -787.6 2222.2 0 0 0 0 0 0 0 0 0
588.0 -901.6 2439.7 0 0 0 0 0 0 0 0 0
145.1 21.6 2636.1 21 0.3596527874 0.1270134151 -0.9244011641 -0.1487175375 0.9858308434 0.0775929987 0.9211584926 0.1095681190 0.3734459281
119.9 -174.1 2614.3 0.3596527874 0.1270134151 -0.9244011641 -0.1487175375 0.9858308434 0.0775929987 0.9211584926 0.1095681190 0.3734459281
94.7 -365.6 2595.3 0.3609214127 0.1296720803 -0.9235371947 -0.1389687806 0.9867079854 0.0842323005 0.9221840501 0.0979415923 0.3741443753
70.6 -155.2 2488.5 -0.6836775541 0.1716729552 -0.7093048692 0.6905914545 0.4664203525 -0.5527526140 0.2359415591 -0.8677444458 -0.4374369979
230.9 -317.1 2433.2 -0.9475694895 0.1716729552 0.2695189714 -0.1627979428 0.4664203525 -0.8694531918 -0.2749707401 -0.8677444458 -0.4140177071
169.1 -193.1 2740.1 0.7516480088 0.4193058610 -0.5091245770 -0.5311371088 0.8424589634 -0.0903122127 0.3910481036 0.3382979333 0.8559415340
365.0 -331.5 2842.0 0.2427339405 0.4193058610 0.8747929931 0.2550349832 0.8424589634 -0.4745735526 -0.9359686971 0.3382979333 0.0975557119
38.5 -542.4 2492.7 0.7706972957 -0.6359435320 0.0400186889 0.0343966074 -0.0211915746 -0.9991835356 0.6362723708 0.7714446187 0.0055420077
252.3 -535.3 2233.3 0.7706972957 -0.0765829831 -0.6325825453 0.0343966074 0.9963039756 -0.0787099749 0.6362723708 0.0389028750 0.7704830170
94.3 -566.0 2661.2 0.3377553523 -0.8802850246 -0.3331960440 -0.1216615885 0.3101990819 -0.9428547025 0.9333379865 0.3589913845 -0.0023254647
435.9 -686.3 2521.9 0.3377553523 -0.5496228933 -0.7640916109 -0.1216615885 0.7794944048 -0.6144810319 0.9333379865 0.3005048633 0.1964104176
469.6 -276.2 2502.5 0 0 0 0 0 0 0 0 0
426.5 -266.9 2604.8 0 0 0 0 0 0 0 0 0
271.8 -788.2 2223.4 0 0 0 0 0 0 0 0 0
587.8 -901.8 2438.8 0 0 0 0 0 0 0 0 0
143.4 21.5 2636.0 22 0.3519091308 0.1208751425 -0.9281967282 -0.1437544674 0.9868419766 0.0740103424 0.9249294996 0.1073875204 0.3646550477
119.4 -174.4 2614.7 0.3519091308 0.1208751425 -0.9281967282 -0.1437544674 0.9868419766 0.0740103424 0.9249294996 0.1073875204 0.3646550477
94.8 -366.0 2595.9 0.3528820574 0.1267946959 -0.9270368814 -0.1359997839 0.9872044921 0.0832549408 0.9257312417 0.0966976434 0.3656107783
71.2 -155.8 2488.3 -0.6711221933 0.1472045630 -0.7265850306 0.7004831433 0.4468145967 -0.5564891100 0.2427310646 -0.8824327588 -0.4029814899
226.3 -317.8 2432.2 -0.9557048082 0.1472045630 0.2548708320 -0.1656358540 0.4468145967 -0.8791595101 -0.2432963103 -0.8824327588 -0.4026404917
167.6 -192.9 2741.1 0.7492174506 0.4144110680 -0.5166592002 -0.5285137892 0.8442188501 -0.0892620832 0.3991822302 0.3399381936 0.8515254259
363.0 -330.8 2845.2 0.2506309748 0.4144110680 0.8748986125 0.2532132566 0.8442188501 -0.4724167287 -0.9343806505 0.3399381936 0.1066530198
37.2 -544.7 2493.7 0.7719108462 -0.6336051822 0.0519436337 0.0434333310 -0.0289551895 -0.9986366630 0.6342453957 0.7731145620 0.0051687583
253.1 -534.9 2230.3 0.7719108462 -0.0739744231 -0.6314122677 0.0434333310 0.9970228076 -0.0637103990 0.6342453957 0.0217544120 0.7728257179
101.8 -569.5 2658.7 0.3360530138 -0.8742837906 -0.3502802253 -0.1234868467 0.3277988136 -0.9366423488 0.9337126613 0.3580164909 0.0021952353
441.1 -696.8 2519.8 0.3360530138 -0.5536885262 -0.7619037628 -0.1234868467 0.7760643959 -0.6184456944 0.9337126613 0.3019156456 0.1924255341
466.5 -276.1 2493.4 0 0 0 0 0 0 0 0 0
426.5 -266.6 2608.2 0 0 0 0 0 0 0 0 0
272.2 -792.8 2224.7 0 0 0 0 0 0 0 0 0
587.2 -901.5 2440.1 0 0 0 0 0 0 0 0 0
144.5 23.4 2636.5 23 0.3719590604 0.1222092956 -0.9201691747 -0.1416370273 0.9871599078 0.0738526583 0.9173796177 0.1028598621 0.3844924271
120.3 -172.0 2616.1 0.3719590604 0.1222092956 -0.9201691747 -0.1416370273 0.9871599078 0.0738526583 0.9173796177 0.1028598621 0.3844924271
96.4 -363.8 2598.1 0.3730545044 0.1231142431 -0.9196048975 -0.1328169852 0.9880352616 0.0783958808 0.9182537794 0.0928932205 0.3849426806
69.4 -153.9 2490.8 -0.6740851998 0.1533138007 -0.7225676775 0.6945665479 0.4644575417 -0.5494146347 0.2513691485 -0.8722236156 -0.4195705950
224.5 -313.7 2432.9 -0.9483085275 0.1533138007 0.2778593004 -0.1790368110 0.4644575417 -0.8673090339 -0.2620243132 -0.8722236156 -0.4130002558
171.3 -190.1 2741.5 0.7604929209 0.4166251421 -0.4980702996 -0.5237033367 0.8470132351 -0.0911230668 0.3839079738 0.3301395476 0.8623355031
369.7 -326.8 2841.7 0.2294349223 0.4166251421 0.8796494007 0.2534323633 0.8470132351 -0.4672693610 -0.9397508502 0.3301395476 0.0887481198
38.5 -545.5 2494.3 0.7756387591 -0.6291208863 0.0509059019 0.0450144112 -0.0253100079 -0.9986656904 0.6295698881 0.7768952847 0.0086880857
249.8 -537.0 2233.3 0.7756387591 -0.0861762911 -0.6252664924 0.0450144112 0.9956656098 -0.0813858584 0.6295698881 0.0349800214 0.7761560082
101.7 -569.8 2660.0 0.3792561889 -0.8700835109 -0.3148323596 -0.0582215376 0.3171379268 -0.9465906024 0.9234581590 0.3773303628 0.0696189255
439.4 -692.9 2513.6 0.3792561889 -0.5561036468 -0.7395359874 -0.0582215376 0.7833203673 -0.6188856363 0.9234581590 0.2777731419 0.2647019029
464.0 -268.5 2499.1 0 0 0 0 0 0 0 0 0
427.9 -262.5 2603.3 0 0 0 0 0 0 0 0 0
271.5 -787.7 2224.5 0 0 0 0 0 0 0 0 0
588.0 -902.2 2439.3 0 0 0 0 0 0 0 0 0
145.3 26.1 2636.7 24 0.3791041672 0.1216027513 -0.9173291922 -0.1344396174 0.9880476594 0.0754175261 0.9155359268 0.0947342813 0.3909212053
121.2 -169.6 2618.0 0.3791041672 0.1216027513 -0.9173291922 -0.1344396174 0.9880476594 0.0754175261 0.9155359268 0.0947342813 0.3909212053
97.6 -361.5 2601.5 0.3801918030 0.1218520924 -0.9168457985 -0.1256075650 0.9889021516 0.0793424919 0.9163388610 0.0849974155 0.3912780583
69.3 -152.4 2492.8 -0.7388394475 0.1640698761 -0.6536033750 0.6336030960 0.4994281232 -0.5908626318 0.2294851542 -0.8506777287 -0.4729523659
247.0 -304.8 2437.6 -0.9497561455 0.1640698761 0.2665415108 -0.1530364454 0.4994281232 -0.8527317047 -0.2730259299 -0.8506777287 -0.4492262602
173.1 -186.7 2743.1 0.7644208074 0.4173520505 -0.4914042652 -0.5194449425 0.8501662612 -0.0859901085 0.3818871677 0.3209900856 0.8666761518
372.6 -322.3 2842.8 0.2218801975 0.4173520505 0.8812414408 0.2472006232 0.8501662612 -0.4648754895 -0.9432184696 0.3209900856 0.0854653791
39.1 -543.7 2497.8 0.7796306014 -0.6246543527 0.0445315950 0.0411702283 -0.0198309757 -0.9989553094 0.6248849034 0.7806494832 0.0102563296
253.0 -536.9 2230.6 0.7796306014 -0.0729258731 -0.6219790578 0.0411702283 0.9970164895 -0.0652927607 0.6248849034 0.0252972096 0.7803069353
106.0 -567.5 2662.3 0.3910434842 -0.8612836003 -0.3244619370 -0.0491601564 0.3324841559 -0.9418267012 0.9190583825 0.3842457831 0.0876749307
440.2 -696.5 2513.1 0.3910434842 -0.5531978011 -0.7355659008 -0.0491601564 0.7855096459 -0.6168937087 0.9190583825 0.2773928046 0.2799731493
487.7 -266.0 2506.8 0 0 0 0 0 0 0 0 0
428.9 -259.5 2603.4 0 0 0 0 0 0 0 0 0
271.5 -790.0 2224.2 0 0 0 0 0 0 0 0 0
585.5 -902.8 2440.3 0 0 0 0 0 0 0 0 0
145.6 29.6 2638.4 25 0.3743644953 0.1254842579 -0.9187518358 -0.1349743009 0.9876229763 0.0798926800 0.9174056649 0.0940989032 0.3866681159
120.8 -165.6 2619.8 0.3743644953 0.1254842579 -0.9187518358 -0.1349743009 0.9876229763 0.0798926800 0.9174056649 0.0940989032 0.3866681159
96.1 -357.4 2603.7 0.3755979538 0.1275582165 -0.9179624319 -0.1253422648 0.9883741736 0.0860568434 0.9182676673 0.0827367231 0.3872197568
69.5 -148.5 2494.3 -0.7500295639 0.1435460895 -0.6456393003 0.6182923317 0.4988338947 -0.6073544025 0.2348834276 -0.8547276258 -0.4628936052
254.9 -301.3 2436.3 -0.9542182088 0.1435460895 0.2624159157 -0.1592480987 0.4988338947 -0.8519417644 -0.2531948686 -0.8547276258 -0.4531369507
172.2 -182.7 2745.2 0.7596403360 0.4211700559 -0.4955424666 -0.5229809284 0.8485325575 -0.0805196688 0.3865714669 0.3203252554 0.8648434877
370.4 -319.2 2846.1 0.2273058742 0.4211700559 0.8780363202 0.2431553602 0.8485325575 -0.4699659050 -0.9429780245 0.3203252554 0.0904666930
39.9 -542.2 2502.9 0.7843956947 -0.6189778447 0.0398724973 0.0367534347 -0.0177874025 -0.9991660714 0.6191709042 0.7852069736 0.0087972004
255.2 -536.0 2229.8 0.7843956947 -0.0677013695 -0.6165548563 0.0367534347 0.9973518848 -0.0627565384 0.6191709042 0.0265654512 0.7848067880
108.0 -564.7 2667.0 0.3971329033 -0.8547140956 -0.3342891335 -0.0504982211 0.3433419466 -0.9378519058 0.9163707495 0.3893328607 0.0931908414
439.7 -698.0 2515.9 0.3971329033 -0.5562093258 -0.7300114036 -0.0504982211 0.7809782028 -0.6225134134 0.9163707495 0.2840848267 0.2820645571
498.2 -260.7 2500.8 0 0 0 0 0 0 0 0 0
428.1 -257.5 2606.8 0 0 0 0 0 0 0 0 0
272.5 -791.5 2223.0 0 0 0 0 0 0 0 0 0
585.4 -902.5 2441.5 0 0 0 0 0 0 0 0 0
146.5 31.4 2627.7 26 0.4002581537 0.1262773871 -0.9076604247 -0.1249130517 0.9887340069 0.0824727789 0.9078491926 0.0803682283 0.4115225375
121.4 -165.0 2611.7 0.4002581537 0.1262773871 -0.9076604247 -0.1249130517 0.9887340069 0.0824727789 0.9078491926 0.0803682283 0.4115225375
98.0 -357.1 2596.7 0.4009429514 0.1205138639 -0.9081416130 -0.1194230095 0.9897261262 0.0786153898 0.9082856774 0.0769327134 0.4112158418
66.7 -148.7 2487.7 -0.7590560317 0.1393383890 -0.6359393001 0.6155927777 0.4714840651 -0.6314651966 0.2118479013 -0.8707970977 -0.4436585307
256.1 -302.4 2434.8 -0.9529867172 0.1393383890 0.2690745294 -0.1751017123 0.4714840651 -0.8643159866 -0.2472967654 -0.8707970977 -0.4249196649
176.2 -181.3 2735.7 0.7744094133 0.4217363596 -0.4716232717 -0.5150200129 0.8531756997 -0.0827379599 0.3674839139 0.3069684803 0.8779099584
378.2 -315.7 2831.6 0.1999754757 0.4217363596 0.8843914866 0.2426915914 0.8531756997 -0.4617271721 -0.9492684603 0.3069684803 0.0682623461
37.7 -538.1 2505.4 0.7825477123 -0.6220416427 0.0261383168 0.0287262518 -0.0058636209 -0.9995701313 0.6219274998 0.7829622030 0.0132803619
256.0 -536.0 2230.6 0.7825477123 -0.0637178868 -0.6193214655 0.0287262518 0.9973850250 -0.0663170964 0.6219274998 0.0341055095 0.7823317647
105.0 -560.5 2669.9 0.4036540389 -0.8559828401 -0.3230430484 -0.0435839929 0.3346952498 -0.9413179755 0.9138730168 0.3940463066 0.0977939367
437.2 -690.4 2516.9 0.4036540389 -0.5496905446 -0.7313711047 -0.0435839929 0.7869292498 -0.6155020595 0.9138730168 0.2803259790 0.2936894596
500.9 -257.4 2498.3 0 0 0 0 0 0 0 0 0
429.0 -254.1 2590.8 0 0 0 0 0 0 0 0 0
272.1 -788.0 2222.0 0 0 0 0 0 0 0 0 0
585.8 -903.2 2441.1 0 0 0 0 0 0 0 0 0
145.4 28.8 2632.3 27 0.3577186763 0.1407666057 -0.9231587648 -0.1257955283 0.9868264794 0.1017298475 0.9253177047 0.0797385797 0.3707140982
117.5 -166.3 2616.6 0.3577186763 0.1407666057 -0.9231587648 -0.1257955283 0.9868264794 0.1017298475 0.9253177047 0.0797385797 0.3707140982
90.3 -357.9 2602.9 0.3590432405 0.1404496878 -0.9226927161 -0.1164956242 0.9876251221 0.1050020978 0.9260219932 0.0697893649 0.3709619045
68.5 -150.4 2490.2 -0.7330686450 0.1373028606 -0.6661518812 0.6354019642 0.4876471460 -0.5987191796 0.2426411957 -0.8621764183 -0.4447213113
247.0 -305.1 2431.1 -0.9562923908 0.1373028606 0.2581720650 -0.1616076082 0.4876471460 -0.8579529524 -0.2436962575 -0.8621764183 -0.4441440403
166.5 -182.1 2742.9 0.7457137704 0.4284270704 -0.5102560520 -0.5277782083 0.8472653031 -0.0599308610 0.4066462219 0.3139932752 0.8579318523
360.9 -319.7 2848.9 0.2457581460 0.4284270704 0.8695131540 0.2251370549 0.8472653031 -0.4810975492 -0.9428235292 0.3139932752 0.1117675379
