-263.2 127.2 2675.9 42 0.4467401206 0.1097073704 -0.8879119158 -0.1943455935 0.9806543589 0.0233841203 0.8733000755 0.1621151417 0.4594188035
-285.5 -72.5 2642.9 0.4467401206 0.1097073704 -0.8879119158 -0.1943455935 0.9806543589 0.0233841203 0.8733000755 0.1621151417 0.4594188035
-304.3 -268.2 2613.9 0.4489804506 0.0943387896 -0.8885475397 -0.1727658212 0.9848116636 0.0172612779 0.8766804338 0.1457606703 0.4584597051
-351.1 -47.3 2514.8 -0.3957529664 0.3428937793 -0.8519409895 0.7920368314 0.5969782472 -0.1276506186 0.4648196101 -0.7252867222 -0.5078403950
-250.9 -247.9 2397.1 -0.8554944992 0.3428937793 0.3880116642 -0.1204635277 0.5969782472 -0.7931617498 -0.5036047101 -0.7252867222 -0.4694053829
-219.9 -97.7 2770.9 0.4211949706 0.3470975757 -0.8379248381 -0.2887402773 0.9271207452 0.2389061749 0.8597812653 0.1413165778 0.4907196462
-68.7 -201.4 3079.6 0.0685086176 0.3470975757 0.9353233576 0.1252161562 0.9271207452 -0.3532251716 -0.9897613525 0.1413165778 0.0200535357
-360.7 -448.9 2497.7 0.7549796104 -0.5792422891 -0.3073828518 -0.1740446538 0.2749358416 -0.9455785155 0.6322296262 0.7673907876 0.1067569330
-141.4 -552.9 2207.2 0.7549796104 0.4658307135 -0.4615274370 -0.1740446538 0.8209227324 0.5438697934 0.6322296262 -0.3302842081 0.7008551955
-279.9 -481.9 2659.0 0.4581846297 -0.8679445982 -0.1916742772 -0.1870049536 0.1166861579 -0.9754042625 0.8689625859 0.4827592671 -0.1088461354
68.7 -528.8 2465.1 0.4581846297 0.5753899813 -0.6774904132 -0.1870049536 0.8075453639 0.5593742728 0.8689625859 -0.1296026409 0.4776056409
-4.3 -213.2 2542.2 0 0 0 0 0 0 0 0 0
-41.3 -151.3 2683.5 0 0 0 0 0 0 0 0 0
-319.4 -866.6 2333.4 0 0 0 0 0 0 0 0 0
-150.9 -836.9 2514.6 0 0 0 0 0 0 0 0 0
-264.4 126.0 2675.3 43 0.4305078387 0.1052039415 -0.8964346647 -0.1920014173 0.9811266065 0.0229355972 0.8819288015 0.1622427851 0.4425820112
-285.9 -75.2 2642.1 0.4305078387 0.1052039415 -0.8964346647 -0.1920014173 0.9811266065 0.0229355972 0.8819288015 0.1622427851 0.4425820112
-303.7 -271.0 2613.6 0.4328790307 0.0890740380 -0.8970404267 -0.1679965109 0.9856443405 0.0168032032 0.8856595755 0.1434259117 0.4416289330
-349.2 -50.6 2512.7 -0.4128593504 0.3159439862 -0.8542403579 0.7972858548 0.5787954330 -0.1712632477 0.4403208196 -0.7517813444 -0.4908587635
-246.3 -249.3 2403.0 -0.8747042418 0.3159439862 0.3675213456 -0.1292422712 0.5787954330 -0.8051660061 -0.4671070278 -0.7517813444 -0.4654414952
-222.7 -99.7 2771.4 0.4057115614 0.3420179784 -0.8475976586 -0.2841117382 0.9285998940 0.2387104928 0.8687224388 0.1439648569 0.4739150405
-77.1 -201.7 3083.3 0.0867616311 0.3420179784 0.9356794953 0.1213440299 0.9285998940 -0.3506819308 -0.9888114333 0.1439648569 0.0390650034
-364.2 -448.0 2504.6 0.7551821470 -0.5785962939 -0.3081009984 -0.1802991778 0.2685458064 -0.9462427497 0.6302317977 0.7701359987 0.0984805673
-139.2 -552.4 2205.1 0.7551821470 0.4700585306 -0.4568860829 -0.1802991778 0.8190523386 0.5446517467 0.6302317977 -0.3289350867 0.7032848597
-281.8 -479.7 2665.3 0.4653749764 -0.8616468906 -0.2024617642 -0.1908903867 0.1256526262 -0.9735359550 0.8642840981 0.4917072654 -0.1060045138
66.7 -530.5 2466.4 0.4653749764 0.5790674686 -0.6694079638 -0.1908903867 0.8041605949 0.5629267693 0.8642840981 -0.1341885030 0.4847746491
4.6 -212.2 2536.9 0 0 0 0 0 0 0 0 0
-42.3 -153.1 2687.6 0 0 0 0 0 0 0 0 0
-318.8 -865.4 2330.8 0 0 0 0 0 0 0 0 0
-154.4 -837.6 2517.7 0 0 0 0 0 0 0 0 0
-265.7 127.3 2674.5 44 0.4110026360 0.1028211191 -0.9058170915 -0.1905522048 0.9813603163 0.0249356162 0.8914968967 0.1623568386 0.4229344726
-286.8 -73.6 2641.3 0.4110026360 0.1028211191 -0.9058170915 -0.1905522048 0.9813603163 0.0249356162 0.8914968967 0.1623568386 0.4229344726
-304.4 -269.5 2613.0 0.4133545160 0.0886535943 -0.9062442183 -0.1663889736 0.9858461022 0.0205476228 0.8952389359 0.1422955841 0.4222549200
-347.1 -49.3 2510.5 -0.4192056358 0.3144420385 -0.8516999483 0.8022443056 0.5674945116 -0.1853483766 0.4250537455 -0.7609705329 -0.4901562333
-242.0 -250.5 2404.0 -0.8757349253 0.3144420385 0.3663530350 -0.1359566450 0.5674945116 -0.8120749593 -0.4632538259 -0.7609705329 -0.4542242885
-226.4 -97.9 2772.0 0.3862413168 0.3413724005 -0.8569028378 -0.2824839950 0.9281347394 0.2424225807 0.8780776858 0.1484277248 0.4549162388
-87.7 -199.3 3087.3 0.1082477793 0.3413724005 0.9336740971 0.1180419698 0.9281347394 -0.3530325890 -0.9870909452 0.1484277248 0.0601722561
-361.0 -451.5 2503.9 0.7611537576 -0.5762414932 -0.2976420224 -0.1788622290 0.2546225786 -0.9503555298 0.6234206557 0.7766035795 0.0907391012
-138.7 -549.7 2204.2 0.7611537576 0.4655224979 -0.4515902996 -0.1788622290 0.8199496269 0.5437746644 0.6234206557 -0.3331236541 0.7073721290
-281.7 -482.3 2666.3 0.4643949270 -0.8646830916 -0.1914692074 -0.1732430607 0.1233244911 -0.9771273732 0.8685184121 0.4869437218 -0.0925290808
68.6 -532.2 2469.0 0.4643949270 0.5880494118 -0.6622199416 -0.1732430607 0.7936134338 0.5832362771 0.8685184121 -0.1561269462 0.4704255462
8.6 -211.6 2536.5 0 0 0 0 0 0 0 0 0
-44.4 -152.1 2692.3 0 0 0 0 0 0 0 0 0
-316.5 -863.1 2331.5 0 0 0 0 0 0 0 0 0
-156.0 -835.3 2528.7 0 0 0 0 0 0 0 0 0
-266.2 128.6 2674.7 45 0.4134621620 0.0966400206 -0.9053782225 -0.1879876554 0.9819881916 0.0189683978 0.8909038305 0.1623572260 0.4241821170
-286.0 -72.0 2641.5 0.4134621620 0.0966400206 -0.9053782225 -0.1879876554 0.9819881916 0.0189683978 0.8909038305 0.1623572260 0.4241821170
-303.5 -268.0 2613.4 0.4155944288 0.0883170813 -0.9052520990 -0.1652993858 0.9860342741 0.0203105416 0.8944033384 0.1411966681 0.4243891239
-346.7 -47.9 2510.9 -0.4185661972 0.3061571121 -0.8550264239 0.8026952147 0.5651124716 -0.1905998290 0.4248325825 -0.7661042809 -0.4822878242
-240.8 -251.0 2403.4 -0.8806583285 0.3061571121 0.3615366518 -0.1374971569 0.5651124716 -0.8134755492 -0.4533601999 -0.7661042809 -0.4555752575
-225.3 -96.2 2772.1 0.3885199726 0.3410891891 -0.8559850454 -0.2814283073 0.9285008311 0.2422484607 0.8774111867 0.1467800587 0.4567332566
-85.8 -197.2 3087.1 0.1058210731 0.3410891891 0.9340556860 0.1172252595 0.9285008311 -0.3523413837 -0.9874513149 0.1467800587 0.0582706891
-359.9 -450.2 2502.7 0.7626547217 -0.5746465325 -0.2968823612 -0.1742363423 0.2595064938 -0.9498937130 0.6228960156 0.7761686444 0.0977895483
-136.7 -551.0 2201.2 0.7626547217 0.4710495472 -0.4432494938 -0.1742363423 0.8095760345 0.5605607629 0.6228960156 -0.3502841294 0.6995009184
-284.1 -480.7 2666.8 0.4684588909 -0.8639070392 -0.1849617660 -0.1610448509 0.1223470792 -0.9793343544 0.8686833978 0.4885650277 -0.0818132088
64.4 -530.0 2469.7 0.4684588909 0.5548748374 -0.6875028610 -0.1610448509 0.8187646270 0.5510798693 0.8686833978 -0.1474394649 0.4729173183
11.6 -211.5 2533.3 0 0 0 0 0 0 0 0 0
-43.4 -150.3 2692.0 0 0 0 0 0 0 0 0 0
-316.7 -860.3 2335.1 0 0 0 0 0 0 0 0 0
-147.4 -842.5 2526.0 0 0 0 0 0 0 0 0 0
-267.3 129.2 2675.2 46 0.4174126089 0.0938394889 -0.9038589001 -0.1851750910 0.9825670719 0.0164950229 0.8896498680 0.1604869217 0.4275126159
-286.5 -71.9 2642.4 0.4174126089 0.0938394889 -0.9038589001 -0.1851750910 0.9825670719 0.0164950229 0.8896498680 0.1604869217 0.4275126159
-302.9 -268.0 2615.0 0.4196879268 0.0828172490 -0.9038823843 -0.1598070562 0.9870147705 0.0162330382 0.8934896588 0.1376339644 0.4274729788
-347.8 -48.5 2511.9 -0.4111778736 0.2786657512 -0.8679159880 0.8015227914 0.5640082359 -0.1986352056 0.4341589212 -0.7773288488 -0.4552646577
-244.2 -250.4 2402.5 -0.8954192996 0.2786657512 0.3472315371 -0.1400562525 0.5640082359 -0.8138052225 -0.4226210713 -0.7773288488 -0.4659949243
-225.2 -95.2 2772.9 0.3932603300 0.3359518349 -0.8558520079 -0.2761536837 0.9310331345 0.2385716289 0.8769751787 0.1425259411 0.4589127600
-84.0 -194.4 3087.7 0.1016842350 0.3359518349 0.9363741875 0.1145850718 0.9310331345 -0.3464787900 -0.9881955981 0.1425259411 0.0561763309
-359.2 -448.8 2503.4 0.7609363794 -0.5688633919 -0.3120420575 -0.1875541061 0.2675487101 -0.9451143742 0.6211274266 0.7776966691 0.0968948752
-139.7 -552.0 2203.3 0.7609363794 0.4719200432 -0.4452721477 -0.1875541061 0.8169628978 0.5453394055 0.6211274266 -0.3314559460 0.7101673484
-283.0 -479.1 2667.4 0.4867941141 -0.8584175706 -0.1617119461 -0.1103151739 0.1232313737 -0.9862274528 0.8665229678 0.4979290068 -0.0347081758
64.5 -529.0 2465.8 0.4867941141 0.5432427526 -0.6840459108 -0.1103151739 0.8150568604 0.5687819123 0.8665229678 -0.2014190555 0.4566928148
12.3 -210.3 2523.6 0 0 0 0 0 0 0 0 0
-43.3 -148.5 2692.2 0 0 0 0 0 0 0 0 0
-320.0 -864.1 2329.9 0 0 0 0 0 0 0 0 0
-142.6 -839.8 2542.6 0 0 0 0 0 0 0 0 0
-266.1 129.3 2676.5 47 0.4100468159 0.0960930809 -0.9069882631 -0.1803369373 0.9833440185 0.0226529520 0.8940582871 0.1542747170 0.4205462039
-285.8 -71.9 2644.9 0.4100468159 0.0960930809 -0.9069882631 -0.1803369373 0.9833440185 0.0226529520 0.8940582871 0.1542747170 0.4205462039
-302.5 -268.1 2618.1 0.4121220410 0.0839620829 -0.9072517753 -0.1576242745 0.9873012304 0.0197689719 0.8973906636 0.1348576695 0.4201230705
-346.0 -48.8 2513.9 -0.3967217207 0.2715956569 -0.8768395782 0.7987727523 0.5728133917 -0.1839753538 0.4522985518 -0.7733826041 -0.4441907406
-246.2 -249.8 2400.1 -0.8980888724 0.2715956569 0.3459365964 -0.1380019784 0.5728133917 -0.8079853058 -0.4176024199 -0.7733826041 -0.4769566059
-225.6 -94.9 2776.0 0.3855624199 0.3369206190 -0.8589680791 -0.2739681005 0.9307661057 0.2421073467 0.8810693026 0.1419823468 0.4511739314
-87.2 -193.2 3092.3 0.1098902971 0.3369206190 0.9350981712 0.1108947471 0.9307661057 -0.3483918011 -0.9877380729 0.1419823468 0.0649194345
-357.9 -449.5 2505.7 0.7680785060 -0.5615615845 -0.3077401519 -0.1845499426 0.2660644352 -0.9461241961 0.6131857038 0.7834911346 0.1007222310
-140.5 -552.5 2202.5 0.7680785060 0.4652386308 -0.4400095642 -0.1845499426 0.8188030720 0.5436017513 0.6131857038 -0.3363250792 0.7147648335
-280.9 -478.8 2669.6 0.4835937321 -0.8558856249 -0.1832945198 -0.1516053975 0.1243404597 -0.9805892110 0.8620631695 0.5019952655 -0.0696266070
62.4 -528.7 2468.2 0.4835937321 0.5422207117 -0.6871199012 -0.1516053975 0.8250402212 0.5443569422 0.8620631695 -0.1590765119 0.4811878502
11.9 -210.1 2520.1 0 0 0 0 0 0 0 0 0
-43.2 -148.9 2697.0 0 0 0 0 0 0 0 0 0
-318.3 -865.3 2331.0 0 0 0 0 0 0 0 0 0
-144.3 -843.3 2528.9 0 0 0 0 0 0 0 0 0
-266.4 131.7 2687.1 48 0.3986361325 0.1029985771 -0.9113070369 -0.2098498493 0.9775549769 0.0186907835 0.8927778602 0.1837868243 0.4113029540
-287.4 -67.7 2649.6 0.3986361325 0.1029985771 -0.9113070369 -0.2098498493 0.9775549769 0.0186907835 0.8927778602 0.1837868243 0.4113029540
-305.5 -262.9 2617.7 0.4012093544 0.0914739370 -0.9114074707 -0.1839108467 0.9827839136 0.0176785477 0.8973337412 0.1605249196 0.4111251533
-346.0 -40.9 2518.6 -0.3880298138 0.2714297771 -0.8807716370 0.8038292527 0.5671814084 -0.1793424934 0.4508784413 -0.7775802612 -0.4382665157
-245.0 -250.0 2401.3 -0.8993700147 0.2714297771 0.3427234888 -0.1382203400 0.5671814084 -0.8119115233 -0.4147633910 -0.7775802612 -0.4725888669
-228.7 -94.5 2780.7 0.3737706542 0.3438211977 -0.8614420891 -0.2995563149 0.9237337708 0.2387088835 0.8778163195 0.1688280553 0.4482584000
-94.6 -202.1 3095.8 0.1212805361 0.3438211977 0.9311702251 0.1346005946 0.9237337708 -0.3586064875 -0.9834498763 0.1688280553 0.0657523945
-357.0 -449.8 2509.0 0.7708232403 -0.5600154996 -0.3036678433 -0.1863049567 0.2576709092 -0.9481013417 0.6091978550 0.7873933911 0.0942850634
-139.0 -550.1 2202.6 0.7708232403 0.4625538290 -0.4380359650 -0.1863049567 0.8212202191 0.5393401384 0.6091978550 -0.3341276348 0.7191917300
-281.4 -478.7 2673.6 0.4675835669 -0.8568073511 -0.2173632085 -0.2197832018 0.1254887879 -0.9674440026 0.8561897874 0.5001336932 -0.1296353787
63.2 -529.2 2472.5 0.4675835669 0.5610263348 -0.6830922961 -0.2197832018 0.8222932220 0.5249087811 0.8561897874 -0.0953064933 0.5077949762
12.9 -210.4 2520.2 0 0 0 0 0 0 0 0 0
-46.0 -148.2 2702.3 0 0 0 0 0 0 0 0 0
-315.8 -863.9 2330.3 0 0 0 0 0 0 0 0 0
-150.5 -842.4 2508.8 0 0 0 0 0 0 0 0 0
-267.2 129.5 2681.4 49 0.4086619914 0.1071997955 -0.9063683748 -0.2073846310 0.9780082703 0.0221676733 0.8888121247 0.1789077818 0.4219063818
-289.1 -69.8 2645.0 0.4086619914 0.1071997955 -0.9063683748 -0.2073846310 0.9780082703 0.0221676733 0.8888121247 0.1789077818 0.4219063818
-307.5 -265.1 2613.3 0.4110813439 0.0927364305 -0.9068694115 -0.1836570799 0.9828389287 0.0172538403 0.8929066062 0.1594602466 0.4210584462
-349.1 -43.0 2514.6 -0.3982502222 0.2645759583 -0.8782917261 0.7973066568 0.5732740164 -0.1888359189 0.4535403848 -0.7754717469 -0.4392546713
-246.5 -248.4 2397.8 -0.9036901593 0.2645759583 0.3366655707 -0.1333418638 0.5732740164 -0.8084409833 -0.4068956673 -0.7754717469 -0.4827830195
-229.0 -96.6 2775.4 0.3834882379 0.3451885283 -0.8566105962 -0.2993173003 0.9239139557 0.2383111268 0.8736966848 0.1650088429 0.4576310217
-91.3 -204.1 3089.0 0.1104607061 0.3451885283 0.9320103526 0.1345995516 0.9239139557 -0.3581424356 -0.9847240448 0.1650088429 0.0555939674
-360.5 -441.3 2503.6 0.7642364502 -0.5675569177 -0.3063034713 -0.1670712978 0.2845005095 -0.9440056086 0.6229203939 0.7726179957 0.1226031855
-141.0 -551.3 2204.9 0.7642364502 0.4540301859 -0.4580384791 -0.1670712978 0.8253372908 0.5393565893 0.6229203939 -0.3356708586 0.7066082358
-286.9 -475.0 2668.1 0.4565674663 -0.8634830117 -0.2143436819 -0.1974556595 0.1365665346 -0.9707527161 0.8675006628 0.4855374992 -0.1081477702
65.3 -530.7 2470.1 0.4565674663 0.5765892267 -0.6775625348 -0.1974556595 0.8082491755 0.5547472239 0.8675006628 -0.1194909811 0.4828711152
13.3 -210.0 2514.8 0 0 0 0 0 0 0 0 0
-47.1 -150.2 2695.0 0 0 0 0 0 0 0 0 0
-314.5 -866.7 2333.1 0 0 0 0 0 0 0 0 0
-154.6 -839.0 2515.6 0 0 0 0 0 0 0 0 0
-267.5 128.5 2678.6 50 0.4178787470 0.1048880965 -0.9024277329 -0.2023804635 0.9791010022 0.0200853199 0.8856745958 0.1742405146 0.4303727746
-288.9 -71.3 2643.1 0.4178787470 0.1048880965 -0.9024277329 -0.2023804635 0.9791010022 0.0200853199 0.8856745958 0.1742405146 0.4303727746
-306.6 -266.8 2612.2 0.4202314615 0.0888879895 -0.9030528665 -0.1785474271 0.9838351607 0.0137532186 0.8896776438 0.1554582268 0.4293092191
-350.3 -45.2 2513.1 -0.4110146761 0.2698821127 -0.8707643747 0.7940109372 0.5752732754 -0.1964873821 0.4478990138 -0.7721556425 -0.4507350922
-244.9 -248.9 2398.2 -0.9001799226 0.2698821127 0.3418182731 -0.1339338571 0.5752732754 -0.8069215417 -0.4144125879 -0.7721556425 -0.4817030728
-227.6 -97.3 2773.0 0.3930881023 0.3416946828 -0.8536548018 -0.2944158614 0.9262843728 0.2351946831 0.8710918427 0.1588772684 0.4647116959
-86.4 -203.0 3085.7 0.1007044762 0.3416946828 0.9344000220 0.1319920719 0.9262843728 -0.3529523015 -0.9861220717 0.1588772684 0.0481799990
-363.6 -443.5 2499.7 0.7565480471 -0.5803896189 -0.3013021052 -0.1658992022 0.2753325701 -0.9469262958 0.6325444579 0.7663810253 0.1120161414
-140.4 -549.4 2205.0 0.7565480471 0.4548978806 -0.4697903693 -0.1658992022 0.8284116387 0.5349875093 0.6325444579 -0.3268058896 0.7022004128
-288.2 -477.2 2663.5 0.4505215883 -0.8695926070 -0.2020864636 -0.1840392798 0.1310359687 -0.9741453528 0.8735901713 0.4760653675 -0.1010046601
65.7 -530.5 2469.7 0.4505215883 0.5801485181 -0.6785705686 -0.1840392798 0.8041034937 0.5652850270 0.8735901713 -0.1297894865 0.4690361023
14.0 -210.3 2517.4 0 0 0 0 0 0 0 0 0
-46.1 -150.2 2691.1 0 0 0 0 0 0 0 0 0
-314.2 -866.0 2329.8 0 0 0 0 0 0 0 0 0
-155.8 -837.5 2519.3 0 0 0 0 0 0 0 0 0
-267.3 129.3 2677.2 51 0.4052175283 0.1072840020 -0.9079035521 -0.1917175949 0.9809806943 0.0303514730 0.8938921094 0.1617621332 0.4180788100
-289.2 -71.0 2644.1 0.4052175283 0.1072840020 -0.9079035521 -0.1917175949 0.9809806943 0.0303514730 0.8938921094 0.1617621332 0.4180788100
-307.3 -266.8 2615.7 0.4075997770 0.0913833082 -0.9085766673 -0.1681375355 0.9854788780 0.0236892477 0.8975479007 0.1431101114 0.4170459211
-348.7 -46.5 2513.1 -0.4007722139 0.2578275800 -0.8791510463 0.7968564034 0.5716236234 -0.1956177652 0.4521078467 -0.7789553404 -0.4345424175
-246.9 -249.0 2398.2 -0.9065071940 0.2578275800 0.3343196809 -0.1358493567 0.5716236234 -0.8091918230 -0.3997370005 -0.7789553404 -0.4831551909
-229.6 -95.6 2775.2 0.3801678419 0.3438532650 -0.8586252928 -0.2841291428 0.9268556833 0.2453754991 0.8801949024 0.1506765783 0.4500594437
-93.2 -197.6 3091.2 0.1143444479 0.3438532650 0.9320355654 0.1179385632 0.9268556833 -0.3564112782 -0.9864156246 0.1506765783 0.0654272437
-362.8 -445.9 2499.7 0.7586119175 -0.5785318017 -0.2996813655 -0.1653858721 0.2739059925 -0.9474297166 0.6302027106 0.7682945132 0.1121073663
-139.1 -551.8 2202.6 0.7586119175 0.4620958567 -0.4593205750 -0.1653858721 0.8184565306 0.5502511859 0.6302027106 -0.3414619863 0.6973150373
-285.7 -478.6 2662.9 0.4505758882 -0.8676466346 -0.2101683319 -0.1971562654 0.1328967661 -0.9713227153 0.8706955910 0.4790906012 -0.1111818850
64.5 -532.3 2469.5 0.4505758882 0.5830107331 -0.6760767698 -0.1971562654 0.8035923839 0.5615769625 0.8706955910 -0.1197402626 0.4770235717
14.3 -209.8 2513.3 0 0 0 0 0 0 0 0 0
-47.4 -150.4 2696.5 0 0 0 0 0 0 0 0 0
-315.6 -864.5 2333.0 0 0 0 0 0 0 0 0 0
-158.2 -839.2 2515.2 0 0 0 0 0 0 0 0 0
-268.3 129.4 2676.0 52 0.3816107213 0.1024462283 -0.9186283350 -0.1776187569 0.9834447503 0.0358893611 0.9070969224 0.1494698524 0.3934894204
-289.3 -72.0 2645.4 0.3816107213 0.1024462283 -0.9186283350 -0.1776187569 0.9834447503 0.0358893611 0.9070969224 0.1494698524 0.3934894204
-307.8 -268.0 2618.9 0.3834809363 0.0928404778 -0.9188705087 -0.1587506831 0.9867520332 0.0334461369 0.9098024964 0.1330453753 0.3931390941
-345.3 -48.8 2512.5 -0.3937729299 0.2616607547 -0.8811790347 0.7991263270 0.5711753368 -0.1874989420 0.4542466104 -0.7780054212 -0.4340133965
-246.9 -248.5 2399.0 -0.9053362608 0.2616607547 0.3345144093 -0.1341311932 0.5711753368 -0.8097947836 -0.4029578865 -0.7780054212 -0.4820088744
-233.3 -95.1 2778.2 0.3558963239 0.3447210193 -0.8686226010 -0.2748165131 0.9269874692 0.2552844882 0.8932041526 0.1478570104 0.4246464372
-105.5 -193.8 3098.9 0.1403066218 0.3447210193 0.9281602502 0.1048605815 0.9269874692 -0.3601368368 -0.9845396280 0.1478570104 0.0939148292
-362.9 -447.2 2505.0 0.7646381259 -0.5679954886 -0.3044825792 -0.1720524877 0.2753973007 -0.9458087683 0.6210687757 0.7755884528 0.1128542498
-142.3 -554.2 2203.7 0.7646381259 0.4571638405 -0.4542353153 -0.1720524877 0.8240582943 0.5397461653 0.6210687757 -0.3345581889 0.7087625861
-288.1 -478.0 2669.6 0.4691976011 -0.8612214327 -0.1953235716 -0.1649892926 0.1317970008 -0.9774497747 0.8675437570 0.4908433855 -0.0802534744
69.4 -532.8 2465.8 0.4691976011 0.5885847211 -0.6583476067 -0.1649892926 0.7908012867 0.5894165635 0.8675437570 -0.1679325253 0.4681522548
13.3 -209.9 2514.8 0 0 0 0 0 0 0 0 0
-49.4 -151.8 2704.9 0 0 0 0 0 0 0 0 0
-316.9 -869.1 2331.5 0 0 0 0 0 0 0 0 0
-155.2 -834.5 2529.9 0 0 0 0 0 0 0 0 0
-267.6 128.3 2675.4 53 0.3715375662 0.1037801132 -0.9225993156 -0.1739646345 0.9839137793 0.0406203270 0.9119737744 0.1454076767 0.3836149871
-288.9 -73.2 2645.6 0.3715375662 0.1037801132 -0.9225993156 -0.1739646345 0.9839137793 0.0406203270 0.9119737744 0.1454076767 0.3836149871
-307.4 -269.4 2620.0 0.3734912872 0.0929620862 -0.9229638577 -0.1543893665 0.9873182178 0.0369679406 0.9146956801 0.1286886036 0.3831071258
-343.4 -50.6 2512.0 -0.3916517198 0.2621368766 -0.8819825053 0.8012495637 0.5684018135 -0.1868650317 0.4523362219 -0.7798741460 -0.4326525927
-246.4 -249.3 2399.9 -0.9043921232 0.2621368766 0.3366884291 -0.1372523904 0.5684018135 -0.8112220168 -0.4040255249 -0.7798741460 -0.4780791998
-234.3 -95.7 2779.2 0.3459034860 0.3445759714 -0.8727073669 -0.2705017626 0.9272543788 0.2588978708 0.8984317183 0.1465152055 0.4139489233
-110.2 -192.8 3101.7 0.1509795040 0.3445759714 0.9265379310 0.0993029997 0.9272543788 -0.3610238433 -0.9835365415 0.1465152055 0.1057789698
-361.4 -449.6 2509.1 0.7543298006 -0.5909308195 -0.2859847844 -0.1898078769 0.2207059413 -0.9566931725 0.6284580231 0.7759443521 0.0543217398
-130.1 -536.0 2205.3 0.7543298006 0.4680189490 -0.4603746235 -0.1898078769 0.8267915845 0.5295174122 0.6284580231 -0.3120480478 0.7125071883
-291.1 -478.6 2675.9 0.4815107286 -0.8546668291 -0.1941442639 -0.1694702059 0.1265411675 -0.9773777127 0.8598995805 0.5035195351 -0.0839096308
66.1 -531.5 2465.4 0.4815107286 0.5696559548 -0.6660627127 -0.1694702059 0.8061368465 0.5669419765 0.8598995805 -0.1601108760 0.4847032726
12.7 -210.0 2515.6 0 0 0 0 0 0 0 0 0
-49.8 -153.1 2708.1 0 0 0 0 0 0 0 0 0
-308.8 -851.8 2324.5 0 0 0 0 0 0 0 0 0
-151.3 -839.3 2526.5 0 0 0 0 0 0 0 0 0
-268.2 126.3 2675.1 54 0.3649810553 0.0972613767 -0.9259206653 -0.1770558208 0.9836294651 0.0335310921 0.9140241146 0.1517014205 0.3762268126
-288.2 -75.6 2643.9 0.3649810553 0.0972613767 -0.9259206653 -0.1770558208 0.9836294651 0.0335310921 0.9140241146 0.1517014205 0.3762268126
-306.4 -271.8 2618.3 0.3672126532 0.0914346427 -0.9256320000 -0.1537452489 0.9874344468 0.0365463905 0.9173424840 0.1288912296 0.3766560555
-341.8 -53.1 2510.0 -0.4042596817 0.2747695148 -0.8723965883 0.7970230579 0.5737364292 -0.1886286587 0.4486962855 -0.7715751529 -0.4509361386
-242.1 -249.6 2399.3 -0.8962882757 0.2747695148 0.3480934799 -0.1376792341 0.5737364292 -0.8073852658 -0.4215587676 -0.7715751529 -0.4764031470
-234.5 -98.0 2777.9 0.3398127556 0.3429565728 -0.8757328987 -0.2698824704 0.9275396466 0.2585220933 0.9009388089 0.1484958380 0.4077477753
-112.6 -194.9 3101.3 0.1577596813 0.3429565728 0.9260089993 0.0989643186 0.9275396466 -0.3603835106 -0.9825059772 0.1484958380 0.1123878956
-360.1 -451.4 2510.6 0.7658671141 -0.5730115771 -0.2917280793 -0.1831366569 0.2405189276 -0.9532111883 0.6163672209 0.7834592462 0.0792661086
-138.8 -544.3 2208.0 0.7658671141 0.4532692134 -0.4560642540 -0.1831366569 0.8336675763 0.5210176110 0.6163672209 -0.3155081570 0.7214887738
-291.6 -479.7 2678.3 0.4793380797 -0.8554672003 -0.1959869713 -0.1892010570 0.1173358336 -0.9749026895 0.8569935560 0.5043889284 -0.1056117639
65.6 -528.7 2467.7 0.4793380797 0.5683936477 -0.6687029600 -0.1892010570 0.8109505177 0.5536805987 0.8569935560 -0.1388808936 0.4962601364
14.5 -210.2 2520.0 0 0 0 0 0 0 0 0 0
-49.4 -155.3 2708.2 0 0 0 0 0 0 0 0 0
-312.0 -862.8 2328.5 0 0 0 0 0 0 0 0 0
-151.5 -838.4 2520.7 0 0 0 0 0 0 0 0 0
-266.1 132.1 2675.4 55 0.3732604980 0.0967456698 -0.9226683378 -0.1730763316 0.9843488336 0.0331960358 0.9114390612 0.1473012865 0.3841629028
-285.9 -69.0 2645.3 0.3732604980 0.0967456698 -0.9226683378 -0.1730763316 0.9843488336 0.0331960358 0.9114390612 0.1473012865 0.3841629028
-302.6 -265.3 2619.0 0.3749627471 0.0841511488 -0.9232125878 -0.1545200944 0.9876134396 0.0272629801 0.9140713811 0.1324322969 0.3833212852
-340.6 -46.4 2511.8 -0.3876110017 0.2718943357 -0.8808128238 0.8045976162 0.5660962462 -0.1793258637 0.4498670995 -0.7782085538 -0.4381906390
-242.6 -250.0 2398.0 -0.8985653520 0.2718943357 0.3444615602 -0.1401154846 0.5660962462 -0.8123439550 -0.4158701003 -0.7782085538 -0.4705778360
-231.1 -91.6 2778.8 0.3484116495 0.3362937868 -0.8749375939 -0.2708117366 0.9297330976 0.2495143414 0.8973685503 0.1500096619 0.4150021374
-106.0 -188.8 3101.0 0.1499713063 0.3362937868 0.9297392368 0.1043845341 0.9297330976 -0.3531292677 -0.9831645489 0.1500096619 0.1043294147
-358.2 -453.9 2508.6 0.7698046565 -0.5651743412 -0.2966121733 -0.1855698228 0.2464574277 -0.9512216449 0.6107082963 0.7872970700 0.0848447680
-141.2 -548.5 2206.3 0.7698046565 0.4567196965 -0.4458788335 -0.1855698228 0.8285341263 0.5282945037 0.6107082963 -0.3239419162 0.7225627899
-290.9 -482.1 2676.8 0.4830238521 -0.8568564057 -0.1802361161 -0.1603602916 0.1157923117 -0.9802432060 0.8607975841 0.5023835897 -0.0814752877
67.4 -530.5 2466.8 0.4830238521 0.5734930634 -0.6616597772 -0.1603602916 0.8008168936 0.5770414472 0.8607975841 -0.1726208478 0.4787791967
14.5 -209.9 2517.0 0 0 0 0 0 0 0 0 0
-46.0 -147.0 2707.5 0 0 0 0 0 0 0 0 0
-315.7 -865.1 2330.1 0 0 0 0 0 0 0 0 0
-151.6 -836.2 2532.7 0 0 0 0 0 0 0 0 0
-266.9 131.1 2676.1 56 0.3880208731 0.0967920870 -0.9165539145 -0.1784994155 0.9835330248 0.0282980781 0.9042000771 0.1526241004 0.3989086747
-286.7 -69.9 2644.9 0.3880208731 0.0967920870 -0.9165539145 -0.1784994155 0.9835330248 0.0282980781 0.9042000771 0.1526241004 0.3989086747
-303.2 -266.1 2617.7 0.3898402452 0.0830849707 -0.9171267748 -0.1585674882 0.9871025085 0.0220224746 0.9071278572 0.1368412375 0.3979868591
-343.6 -46.8 2512.4 -0.3917138577 0.2674528658 -0.8803574443 0.8012205958 0.5695463419 -0.1834736615 0.4523337781 -0.7772296667 -0.4373879433
-244.6 -249.2 2398.1 -0.9011485577 0.2674528658 0.3411747813 -0.1377559006 0.5695463419 -0.8103334308 -0.4110408425 -0.7772296667 -0.4764026403
-229.7 -93.1 2777.4 0.3633993566 0.3356568515 -0.8690658212 -0.2748470902 0.9299483299 0.2442441732 0.8901684880 0.1501020342 0.4301969111
-99.3 -191.7 3096.9 0.1340943873 0.3356568515 0.9323911071 0.1105525792 0.9299483299 -0.3506768644 -0.9847826362 0.1501020342 0.0875931233
-353.7 -447.3 2508.9 0.7724892497 -0.5552591681 -0.3081357479 -0.1879672855 0.2635546625 -0.9461539388 0.6065712571 0.7888131738 0.0992225856
-140.2 -548.7 2205.6 0.7724892497 0.4594142139 -0.4384050369 -0.1879672855 0.8248568177 0.5331787467 0.6065712571 -0.3294690251 0.7235478163
-284.9 -475.7 2676.5 0.4895674884 -0.8527981639 -0.1818211973 -0.1480516493 0.1241943389 -0.9811505675 0.8593046069 0.5072583556 -0.0654566661
66.5 -526.9 2467.5 0.4895674884 0.5622467995 -0.6664850116 -0.1480516493 0.8068484664 0.5719058514 0.8593046069 -0.1813123077 0.4782483280
13.4 -209.8 2515.8 0 0 0 0 0 0 0 0 0
-45.6 -147.5 2702.9 0 0 0 0 0 0 0 0 0
-315.8 -863.8 2331.5 0 0 0 0 0 0 0 0 0
-148.2 -835.0 2536.7 0 0 0 0 0 0 0 0 0
-267.6 130.0 2675.4 57 0.3991580009 0.0941391215 -0.9120365977 -0.1730793267 0.9845678806 0.0258765463 0.9003979564 0.1475258470 0.4092916846
-286.9 -71.0 2645.3 0.3991580009 0.0941391215 -0.9120365977 -0.1730793267 0.9845678806 0.0258765463 0.9003979564 0.1475258470 0.4092916846
-303.7 -267.3 2619.1 0.4008179605 0.0845658556 -0.9122464657 -0.1547594219 0.9876711965 0.0235604085 0.9029919505 0.1317352951 0.4089637399
-345.4 -48.4 2513.4 -0.3950817287 0.2704177201 -0.8779434562 0.7925439477 0.5835936666 -0.1768969893 0.4645261467 -0.7656974792 -0.4448851347
-245.6 -248.6 2396.1 -0.8974592090 0.2704177201 0.3484840989 -0.1350795031 0.5835936666 -0.8007321358 -0.4199053049 -0.7656974792 -0.4872236550
-228.3 -93.6 2777.2 0.3741936982 0.3372895122 -0.8638373017 -0.2711115181 0.9306030869 0.2459195107 0.8868357539 0.1421747208 0.4396688938
-94.0 -190.9 3095.6 0.1221466362 0.3372895122 0.9334430695 0.1064866632 0.9306030869 -0.3501977324 -0.9867830276 0.1421747208 0.0777532011
-355.5 -447.7 2507.3 0.7702803612 -0.5547855496 -0.3144536614 -0.1855097562 0.2768366933 -0.9428401589 0.6101264358 0.7845854759 0.1103237420
-142.6 -553.9 2206.2 0.7702803612 0.4613412321 -0.4402640164 -0.1855097562 0.8226360083 0.5374534130 0.6101264358 -0.3323165476 0.7192436457
-284.0 -476.8 2673.7 0.4832552969 -0.8549513817 -0.1884740293 -0.1637370139 0.1232204512 -0.9787783027 0.8600317240 0.5038599372 -0.0804402530
66.2 -527.2 2467.3 0.4832552969 0.5660156012 -0.6679002047 -0.1637370139 0.8078684211 0.5661614537 0.8600317240 -0.1642405391 0.4830843806
11.9 -209.9 2516.5 0 0 0 0 0 0 0 0 0
-45.1 -148.3 2700.7 0 0 0 0 0 0 0 0 0
-318.8 -868.3 2333.2 0 0 0 0 0 0 0 0 0
-150.0 -835.8 2530.1 0 0 0 0 0 0 0 0 0
-267.3 128.6 2676.1 58 0.4109697044 0.0926989764 -0.9069238305 -0.1857405305 0.9824644327 0.0162524339 0.8925269246 0.1617732495 0.4209810495
-286.3 -72.3 2643.0 0.4109697044 0.0926989764 -0.9069238305 -0.1857405305 0.9824644327 0.0162524339 0.8925269246 0.1617732495 0.4209810495
-302.6 -268.2 2614.2 0.4127312005 0.0822937489 -0.9071277380 -0.1659254134 0.9860395193 0.0139586618 0.8956124783 0.1447543800 0.4206238985
-346.6 -48.1 2512.2 -0.4148921072 0.3042741418 -0.8574857116 0.7873069048 0.5924588442 -0.1707054824 0.4560837448 -0.7459287643 -0.4853636324
-240.8 -248.8 2395.9 -0.8766422868 0.3042741418 0.3727136850 -0.1322276443 0.5924588442 -0.7946749926 -0.4626165926 -0.7459287643 -0.4791410267
-226.0 -96.5 2773.8 0.3863680363 0.3353529572 -0.8592194915 -0.2821453214 0.9298768640 0.2360572815 0.8781308532 0.1512197703 0.4538929462
-87.3 -197.8 3089.1 0.1093278974 0.3353529572 0.9357274175 0.1210178658 0.9298768640 -0.3473955989 -0.9866114259 0.1512197703 0.0610777847
-357.2 -449.4 2510.1 0.7683277130 -0.5546721220 -0.3193921745 -0.1937978715 0.2739805281 -0.9420069456 0.6100122333 0.7856675386 0.1030125394
-142.6 -555.4 2206.1 0.7683277130 0.4636012912 -0.4413008094 -0.1937978715 0.8256087899 0.5299174786 0.6100122333 -0.3216271102 0.7241830230
-283.7 -477.7 2675.8 0.4810554981 -0.8564616442 -0.1872404963 -0.1582871228 0.1252157092 -0.9794213772 0.8622823358 0.5007938147 -0.0753311515
68.2 -529.2 2470.0 0.4810554981 0.5766415000 -0.6603561044 -0.1582871228 0.7979874611 0.5815162659 0.8622823358 -0.1752157360 0.4751512110
10.9 -210.9 2528.7 0 0 0 0 0 0 0 0 0
-43.5 -149.4 2694.2 0 0 0 0 0 0 0 0 0
-319.7 -870.8 2329.0 0 0 0 0 0 0 0 0 0
-152.1 -834.0 2536.9 0 0 0 0 0 0 0 0 0
-268.4 128.5 2676.4 59 0.4133803248 0.0866676420 -0.9064245224 -0.1796652228 0.9836531878 0.0121144550 0.8926573396 0.1578450799 0.4221940339
-286.1 -72.4 2644.2 0.4133803248 0.0866676420 -0.9064245224 -0.1796652228 0.9836531878 0.0121144550 0.8926573396 0.1578450799 0.4221940339
-301.7 -268.6 2616.4 0.4150398672 0.0786441565 -0.9063978195 -0.1598813087 0.9870579243 0.0124329766 0.8956449628 0.1397558749 0.4222421348
-346.7 -49.1 2513.4 -0.4158617556 0.2993216813 -0.8587581515 0.7869302034 0.5917592049 -0.1748196781 0.4558507204 -0.7484835386 -0.4816353023
-241.4 -248.3 2398.0 -0.8805896640 0.2993216813 0.3673803508 -0.1307135820 0.5917592049 -0.7954463959 -0.4554950595 -0.7484835386 -0.4819716513
-225.4 -95.8 2775.0 0.3891062737 0.3319359124 -0.8593106866 -0.2762893140 0.9319309592 0.2348806411 0.8787835240 0.1460248381 0.4543305337
-85.8 -195.0 3090.5 0.1070245355 0.3319359124 0.9372109175 0.1165956408 0.9319309592 -0.3433805108 -0.9873961806 0.1460248381 0.0610371940
-356.9 -448.9 2503.4 0.7602568269 -0.5634629130 -0.3232941031 -0.1947000176 0.2771491110 -0.9408933520 0.6197592020 0.7782659531 0.1009982750
-142.1 -554.6 2206.7 0.7602568269 0.4673469365 -0.4512165785 -0.1947000176 0.8265766501 0.5280747414 0.6197592020 -0.3136205375 0.7194030285
-281.2 -479.4 2667.6 0.4818709791 -0.8585910797 -0.1749905497 -0.1320787817 0.1262531430 -0.9831659794 0.8662306666 0.4968717098 -0.0525639318
67.8 -530.7 2465.7 0.4818709791 0.5771474838 -0.6593186855 -0.1320787817 0.7916831374 0.5964838862 0.8662306666 -0.2003462762 0.4577180743
11.1 -210.8 2528.6 0 0 0 0 0 0 0 0 0
-42.9 -148.3 2695.3 0 0 0 0 0 0 0 0 0
-320.7 -870.4 2326.6 0 0 0 0 0 0 0 0 0
-152.7 -833.1 2542.2 0 0 0 0 0 0 0 0 0
-269.0 123.8 2675.6 60 0.3946923912 0.0894837230 -0.9144455194 -0.1888800561 0.9818922281 0.0145594794 0.8991897702 0.1669740081 0.4044471085
-287.3 -76.9 2641.5 0.3946923912 0.0894837230 -0.9144455194 -0.1888800561 0.9818922281 0.0145594794 0.8991897702 0.1669740081 0.4044471085
-303.1 -272.8 2612.6 0.3967344165 0.0797706321 -0.9144607186 -0.1651359200 0.9861659408 0.0143822227 0.9029573202 0.1453043967 0.4044189751
-345.2 -52.7 2509.6 -0.4042094648 0.2909338772 -0.8671633005 0.7952780724 0.5801128745 -0.1760734320 0.4518268704 -0.7608065009 -0.4658604562
-245.2 -249.5 2397.8 -0.8864524364 0.2909338772 0.3599437773 -0.1357251108 0.5801128745 -0.8031486273 -0.4424711764 -0.7608065009 -0.4747554660
-229.3 -101.0 2773.3 0.3706787527 0.3326713145 -0.8671372533 -0.2813702822 0.9299970269 0.2365085185 0.8851146698 0.1563179940 0.4383339584
-96.2 -202.0 3091.1 0.1268569529 0.3326713145 0.9344715476 0.1201211214 0.9299970269 -0.3473851383 -0.9846208692 0.1563179940 0.0780157372
-355.4 -450.1 2506.5 0.7694877386 -0.5576153994 -0.3113738298 -0.1964996755 0.2571836710 -0.9461735487 0.6076812148 0.7892538309 0.0883284509
-142.5 -548.3 2205.1 0.7694877386 0.4555498064 -0.4476191998 -0.1964996755 0.8357448578 0.5127557516 0.6076812148 -0.3066022396 0.7326108217
-279.3 -479.4 2670.8 0.4814821184 -0.8541517258 -0.1964683384 -0.1682885289 0.1298944205 -0.9771419764 0.8601475954 0.5035397410 -0.0812020972
65.8 -531.8 2467.4 0.4814821184 0.5812486410 -0.6559916139 -0.1682885289 0.7958434224 0.5816461444 0.8601475954 -0.1696563512 0.4810018539
9.0 -210.5 2524.7 0 0 0 0 0 0 0 0 0
-45.5 -153.9 2697.1 0 0 0 0 0 0 0 0 0
-316.5 -867.6 2322.3 0 0 0 0 0 0 0 0 0
-156.2 -835.8 2532.2 0 0 0 0 0 0 0 0 0
-268.2 125.8 2676.7 61 0.3887131810 0.0894510299 -0.9170063138 -0.1881161034 0.9820156097 0.0160512459 0.9019502997 0.1662643254 0.3985496163
-286.5 -75.8 2642.5 0.3887131810 0.0894510299 -0.9170063138 -0.1881161034 0.9820156097 0.0160512459 0.9019502997 0.1662643254 0.3985496163
-302.2 -271.9 2614.1 0.3908685446 0.0787651464 -0.9170702696 -0.1628933251 0.9865249991 0.0153029850 0.9059180617 0.1434031725 0.3984318972
-343.6 -52.0 2510.2 -0.3520706594 0.2998545766 -0.8866416812 0.8049923778 0.5803115964 -0.1233926788 0.4775286019 -0.7571827173 -0.4456913471
-258.0 -247.8 2394.1 -0.8839349747 0.2998545766 0.3588122129 -0.1295191050 0.5803115964 -0.8040294051 -0.4493148029 -0.7571827173 -0.4741208255
-229.4 -99.6 2774.9 0.3649363816 0.3315923214 -0.8699815869 -0.2791730464 0.9304025173 0.2375153005 0.8881913424 0.1561974436 0.4321093857
-98.4 -199.8 3093.7 0.1332451552 0.3315923214 0.9339658618 0.1177186072 0.9304025173 -0.3471216559 -0.9840670824 0.1561974436 0.0849370509
-355.3 -453.6 2500.9 0.7684805393 -0.5676220059 -0.2953691781 -0.1841855645 0.2458414882 -0.9516499639 0.6127914786 0.7857272029 0.0843766108
-140.9 -546.5 2204.1 0.7684805393 0.4545471966 -0.4503604472 -0.1841855645 0.8311765790 0.5246152878 0.6127914786 -0.3202067018 0.7224640250
-282.6 -483.9 2666.5 0.4694926143 -0.8617631197 -0.1922005266 -0.1957256943 0.1106880531 -0.9743919373 0.8609693050 0.4950883687 -0.1167019531
64.3 -528.5 2467.3 0.4694926143 0.5668432117 -0.6769530773 -0.1957256943 0.8144471645 0.5462300181 0.8609693050 -0.1239538640 0.4933227003
-4.8 -210.7 2522.8 0 0 0 0 0 0 0 0 0
-45.1 -152.7 2699.9 0 0 0 0 0 0 0 0 0
-314.5 -864.1 2326.4 0 0 0 0 0 0 0 0 0
-152.0 -839.2 2514.5 0 0 0 0 0 0 0 0 0
-269.7 126.3 2677.2 62 0.3924690187 0.0849259794 -0.9158360362 -0.1936625093 0.9810357690 0.0079805618 0.8991456628 0.1742309779 0.4014731348
-287.1 -74.6 2641.5 0.3924690187 0.0849259794 -0.9158360362 -0.1936625093 0.9810357690 0.0079805618 0.8991456628 0.1742309779 0.4014731348
-303.5 -270.4 2611.8 0.3944607377 0.0826765001 -0.9151859283 -0.1702957749 0.9852693677 0.0156073542 0.9029950500 0.1496957988 0.4027295709
-344.7 -49.8 2509.6 -0.3816769719 0.3175412118 -0.8680381775 0.8036725521 0.5778869390 -0.1419757754 0.4565447569 -0.7518073320 -0.4757652879
-250.1 -249.0 2396.5 -0.8737438917 0.3175412118 0.3684280515 -0.1297337264 0.5778869390 -0.8057393432 -0.4687651992 -0.7518073320 -0.4637293816
-229.5 -99.5 2773.4 0.3680640757 0.3353727460 -0.8672104478 -0.2863674462 0.9282348752 0.2374315262 0.8846030235 0.1609508395 0.4376897514
-97.3 -202.3 3091.0 0.1291386187 0.3353727460 0.9331925511 0.1239363998 0.9282348752 -0.3507418036 -0.9838510752 0.1609508395 0.0783060789
-353.7 -453.0 2502.5 0.7725389004 -0.5639041066 -0.2918832302 -0.1808927804 0.2451800108 -0.9524518847 0.6086554527 0.7886056900 0.0874049291
-139.1 -546.3 2202.3 0.7725389004 0.4555325806 -0.4423501790 -0.1808927804 0.8256734610 0.5343604684 0.6086554527 -0.3327963352 0.7202674150
-282.0 -482.8 2668.6 0.4618147612 -0.8651737571 -0.1954520643 -0.2088253945 0.1081086397 -0.9719591141 0.8620435596 0.4896804094 -0.1307440847
64.5 -526.1 2472.5 0.4618147612 0.5697742701 -0.6797679067 -0.2088253945 0.8146888018 0.5409935713 0.8620435596 -0.1078860238 0.4952186644
0.6 -211.7 2531.0 0 0 0 0 0 0 0 0 0
-45.7 -152.7 2697.3 0 0 0 0 0 0 0 0 0
-313.1 -861.8 2329.5 0 0 0 0 0 0 0 0 0
-153.0 -837.2 2513.7 0 0 0 0 0 0 0 0 0
-269.2 128.9 2687.0 63 0.3777462542 0.0953632742 -0.9209851623 -0.2126472145 0.9770295024 0.0139481574 0.9011597633 0.1905760616 0.3893479407
-288.8 -71.5 2647.9 0.3777462542 0.0953632742 -0.9209851623 -0.2126472145 0.9770295024 0.0139481574 0.9011597633 0.1905760616 0.3893479407
-306.7 -266.7 2615.3 0.3802617788 0.0903738663 -0.9204528928 -0.1861104965 0.9823340178 0.0195627771 0.9059602022 0.1638669819 0.3903636038
-344.3 -44.4 2515.6 -0.3634522855 0.3340870440 -0.8696483374 0.8030213714 0.5855889320 -0.1106450483 0.4722913802 -0.7385603786 -0.4811126590
-251.7 -249.0 2395.2 -0.8609018326 0.3340870440 0.3837106526 -0.1294129789 0.5855889320 -0.8002111316 -0.4920368791 -0.7385603786 -0.4608993828
-233.2 -98.7 2780.2 0.3529711366 0.3423126638 -0.8707659841 -0.3016582131 0.9226071239 0.2404129952 0.8856713176 0.1778148562 0.4289151132
-106.5 -207.0 3098.2 0.1439172029 0.3423126638 0.9284987450 0.1355300546 0.9226071239 -0.3611477315 -0.9802649617 0.1778148562 0.0863853842
-356.1 -450.6 2499.2 0.7734529972 -0.5649657845 -0.2873744369 -0.1658334881 0.2572208345 -0.9520171881 0.6117758751 0.7839968801 0.1052579880
-142.2 -548.0 2202.4 0.7734529972 0.4478196800 -0.4485844076 -0.1658334881 0.8260250092 0.5386853814 0.6117758751 -0.3422574997 0.7131550312
-283.8 -481.8 2664.9 0.4686843753 -0.8641735911 -0.1831365377 -0.1700668782 0.1151670367 -0.9786795974 0.8668403625 0.4898373187 -0.0929903165
67.0 -528.6 2466.0 0.4686843753 0.5816475153 -0.6648466587 -0.1700668782 0.7979621291 0.5782160163 0.8668403625 -0.1579324007 0.4729113579
-4.9 -211.9 2536.3 0 0 0 0 0 0 0 0 0
-48.9 -152.7 2705.9 0 0 0 0 0 0 0 0 0
-313.3 -863.6 2333.2 0 0 0 0 0 0 0 0 0
-154.8 -832.9 2526.3 0 0 0 0 0 0 0 0 0
-270.3 128.8 2690.9 64 0.3855470121 0.0954693705 -0.9177358747 -0.2250778675 0.9743170738 0.0067986143 0.8948147297 0.2039408535 0.3971330822
-289.8 -70.1 2649.2 0.3855470121 0.0954693705 -0.9177358747 -0.2250778675 0.9743170738 0.0067986143 0.8948147297 0.2039408535 0.3971330822
-307.1 -264.8 2613.6 0.3879533708 0.0870275348 -0.9175611138 -0.1993101090 0.9798980951 0.0086698206 0.8998709321 0.1795157194 0.3975002468
-346.5 -41.0 2517.8 -0.3817432225 0.3265434802 -0.8646626472 0.8028596640 0.5806407928 -0.1351761520 0.4579175115 -0.7458053231 -0.4838242829
-247.5 -249.3 2399.0 -0.8673790097 0.3265434802 0.3755303621 -0.1294130087 0.5806407928 -0.8038087487 -0.4805267453 -0.7458053231 -0.4613766670
-233.2 -99.2 2780.7 0.3610493541 0.3393401504 -0.8686147928 -0.3146342039 0.9211544991 0.2290845662 0.8778659701 0.1905850768 0.4393502474
-103.5 -212.1 3095.8 0.1358798742 0.3393401504 0.9307979941 0.1524806470 0.9211544991 -0.3580838740 -0.9789209962 0.1905850768 0.0734235495
-359.6 -444.8 2499.7 0.7663215995 -0.5667386651 -0.3025864661 -0.1688769311 0.2767251134 -0.9459935427 0.6198643446 0.7760351300 0.1163513362
-142.4 -550.9 2202.4 0.7663215995 0.4563587904 -0.4522033930 -0.1688769311 0.8221998215 0.5435697436 0.6198643446 -0.3401825130 0.7071379423
-289.8 -479.0 2665.8 0.4742242694 -0.8640901446 -0.1686995924 -0.1251312792 0.1235185713 -0.9844213128 0.8714662790 0.4879460931 -0.0495492071
64.7 -529.6 2465.7 0.4742242694 0.5587054491 -0.6804113388 -0.1251312792 0.8077669144 0.5760684013 0.8714662790 -0.1880448759 0.4529742002
1.2 -212.2 2536.8 0 0 0 0 0 0 0 0 0
-49.2 -151.1 2704.1 0 0 0 0 0 0 0 0 0
-316.8 -865.0 2332.3 0 0 0 0 0 0 0 0 0
-148.5 -837.8 2537.4 0 0 0 0 0 0 0 0 0
-268.9 129.7 2683.3 65 0.3900808692 0.1145568714 -0.9136266708 -0.2204171270 0.9749996066 0.0281432290 0.8940096498 0.1904008240 0.4055789709
-292.4 -70.0 2644.3 0.3900808692 0.1145568714 -0.9136266708 -0.2204171270 0.9749996066 0.0281432290 0.8940096498 0.1904008240 0.4055789709
-310.9 -265.0 2611.5 0.3934383094 0.0931199715 -0.9146228433 -0.1887815446 0.9818399549 0.0187563859 0.8997598886 0.1652844399 0.4038727880
-349.9 -42.4 2512.9 -0.4103358388 0.3148742020 -0.8558497429 0.7998131514 0.5751140714 -0.1718799770 0.4380906224 -0.7550483942 -0.4878304303
-243.7 -249.3 2399.6 -0.8754759431 0.3148742020 0.3666007817 -0.1312783211 0.5751140714 -0.8074712753 -0.4650891125 -0.7550483942 -0.4621623755
