-225.1 109.0 2697.2  0.4544960260 0.2292923629 -0.8607313037 -0.2334016412 0.9631942511 0.1333435476 0.8596261144 0.1402919888 0.4912851751
-271.7 -86.6 2668.7 0.4544960260 0.2292923629 -0.8607313037 -0.2334016412 0.9631942511 0.1333435476 0.8596261144 0.1402919888 0.4912851751
-312.9 -279.3 2643.7 0.4597421288 0.2074481100 -0.8634827733 -0.2101787478 0.9701259136 0.1211636886 0.8628221750 0.1257816702 0.4896089137
-338.8 -55.9 2542.7 -0.0820293650 0.3270964622 -0.9414239526 0.6984690428 0.6926823258 0.1798116118 0.7109234929 -0.6428056359 -0.2852870226
-319.7 -218.4 2377.3 -0.9287106991 0.3270964622 0.1746550947 0.1099120677 0.6926823258 -0.7128187418 -0.3541409671 -0.6428056359 -0.6792533398
-204.5 -117.3 2794.7 0.7584296465 0.5862525702 0.2847673297 -0.5357442498 0.8095964193 -0.2398577332 -0.3711638153 0.0293527506 0.9281033278
-55.7 -222.4 2721.9 -0.0601608530 0.5862525702 0.8078914285 0.0796392336 0.8095964193 -0.5815593600 -0.9950066805 0.0293527506 -0.0953947157
-397.4 -452.9 2533.2 0.8420683146 -0.4955130219 -0.2130442560 -0.1253593415 0.2043725848 -0.9708330631 0.5246008039 0.8442148566 0.1099784896
-215.3 -528.0 2223.0 0.8420683146 0.3226473033 -0.4322264791 -0.1253593415 0.8964818120 0.4249769449 0.5246008039 -0.3036759794 0.7953457236
-311.0 -491.5 2697.9 0.6617595553 -0.7496175766 0.0121589769 -0.0055495980 -0.0211155377 -0.9997616410 0.7496955991 0.6615343094 -0.0181334857
-12.5 -483.1 2434.5 0.6617595553 0.1452381760 -0.7355135679 -0.0055495980 0.9819781184 0.1889131814 0.7496955991 -0.1209332943 0.6506394148
-94.9 -245.0 2463.0 0 0 0 0 0 0 0 0 0
-67.3 -207.1 2530.8 0 0 0 0 0 0 0 0 0
-338.6 -870.5 2339.0 0 0 0 0 0 0 0 0 0
-52.5 -753.7 2467.8 0 0 0 0 0 0 0 0 0
-224.9 107.1 2698.0  0.4701725543 0.2279382944 -0.8526323438 -0.2348410338 0.9635569453 0.1280923933 0.8507570028 0.1400075257 0.5065672994
-271.1 -88.1 2669.6 0.4701725543 0.2279382944 -0.8526323438 -0.2348410338 0.9635569453 0.1280923933 0.8507570028 0.1400075257 0.5065672994
-311.9 -280.9 2644.2 0.4750216901 0.2055847645 -0.8556221724 -0.2132106721 0.9702434540 0.1147557572 0.8537538052 0.1279163063 0.5047195554
-340.5 -57.0 2544.9 -0.1049644426 0.3423809111 -0.9336796999 0.6977693439 0.6943225861 0.1761651486 0.7085904479 -0.6330019832 -0.3117820919
-315.6 -222.3 2377.1 -0.9236273170 0.3423809111 0.1723016798 0.1251733750 0.6943225861 -0.7086944580 -0.3622764051 -0.6330019832 -0.6841522455
-201.7 -119.3 2794.3 0.7542674541 0.5833401084 0.3013219535 -0.5304204822 0.8118674755 -0.2439781427 -0.3869557381 0.0241974201 0.9217807651
-53.8 -223.3 2718.4 -0.0772124156 0.5833401084 0.8085496426 0.0850856528 0.8118674755 -0.5776085854 -0.9933773875 0.0241974201 -0.1123201251
-396.2 -452.8 2539.6 0.8422836661 -0.4937027991 -0.2163694203 -0.1331063956 0.1984735131 -0.9710257053 0.5223417282 0.8466792703 0.1014560014
-210.6 -527.4 2221.4 0.8422836661 0.3323828280 -0.4243581593 -0.1331063956 0.8911279440 0.4337898791 0.5223417282 -0.3088893592 0.7948248386
-308.8 -493.3 2697.1 0.6713263988 -0.7410504818 0.0128460601 -0.0092660310 -0.0257226583 -0.9996261597 0.7411038876 0.6709564328 -0.0241348967
-13.6 -483.1 2429.9 0.6713263988 0.1450208873 -0.7268354893 -0.0092660310 0.9822359681 0.1874209642 0.7411038876 -0.1190857664 0.6607447267
-83.8 -253.7 2468.0 0 0 0 0 0 0 0 0 0
-68.6 -206.9 2527.6 0 0 0 0 0 0 0 0 0
-337.6 -867.9 2339.4 0 0 0 0 0 0 0 0 0
-53.4 -752.5 2462.5 0 0 0 0 0 0 0 0 0
-226.3 105.9 2697.9  0.4652934372 0.2278364599 -0.8553318381 -0.2333106995 0.9637023211 0.1297842413 0.8538548350 0.1391703188 0.5015610456
-272.3 -88.8 2669.7 0.4652934372 0.2278364599 -0.8553318381 -0.2333106995 0.9637023211 0.1297842413 0.8538548350 0.1391703188 0.5015610456
-313.1 -281.7 2644.7 0.4703354239 0.2051456273 -0.8583121896 -0.2107865065 0.9705687761 0.1164699495 0.8569443226 0.1261406988 0.4997348189
-341.0 -58.1 2544.6 -0.1038254723 0.3263384998 -0.9395336509 0.6923733950 0.7018807530 0.1672795117 0.7140303254 -0.6331402659 -0.2988212109
-316.7 -219.9 2377.7 -0.9299220443 0.3263384998 0.1695529073 0.1182408109 0.7018807530 -0.7024118900 -0.3482299745 -0.6331402659 -0.6912809014
-203.6 -119.6 2794.9 0.7562463880 0.5833685994 0.2962641418 -0.5317068100 0.8118237853 -0.2413089275 -0.3812863529 0.0249633472 0.9241198897
-55.3 -223.9 2720.1 -0.0718089044 0.5833685994 0.8090268970 0.0821672529 0.8118237853 -0.5780922771 -0.9940281510 0.0249633472 -0.1062299758
-396.3 -454.2 2540.5 0.8462853432 -0.4875919223 -0.2146049142 -0.1321356446 0.1981287748 -0.9712286592 0.5160826445 0.8502935171 0.1032451913
-214.8 -527.9 2223.8 0.8462853432 0.3179151714 -0.4274705946 -0.1321356446 0.9026068449 0.4096841514 0.5160826445 -0.2902255952 0.8058708310
-307.7 -494.2 2696.7 0.6657040715 -0.7461794019 0.0073745865 -0.0022596950 -0.0118983900 -0.9999266863 0.7462124228 0.6656385660 -0.0096069444
-10.8 -489.5 2431.9 0.6657040715 0.1612929851 -0.7285757661 -0.0022596950 0.9767918587 0.2141786665 0.7462124228 -0.1409332454 0.6506187916
-85.1 -249.3 2464.4 0 0 0 0 0 0 0 0 0
-69.1 -208.1 2529.1 0 0 0 0 0 0 0 0 0
-336.2 -872.7 2334.7 0 0 0 0 0 0 0 0 0
-51.5 -735.7 2467.4 0 0 0 0 0 0 0 0 0
-226.2 104.8 2696.8  0.4693571031 0.2268149108 -0.8533808589 -0.2333735824 0.9639460444 0.1278465390 0.8516106606 0.1391508728 0.5053675175
-272.0 -90.0 2668.7 0.4693571031 0.2268149108 -0.8533808589 -0.2333735824 0.9639460444 0.1278465390 0.8516106606 0.1391508728 0.5053675175
-312.4 -283.0 2643.7 0.4745520949 0.2030117959 -0.8564966321 -0.2099867016 0.9710564613 0.1138198078 0.8548133969 0.1258394867 0.5034466386
-341.3 -59.3 2543.8 -0.1149838194 0.3505269587 -0.9294673800 0.6932508349 0.6984591484 0.1776459813 0.7114647031 -0.6239275932 -0.3233146071
-314.3 -222.5 2376.4 -0.9208719730 0.3505269587 0.1706623882 0.1356410831 0.6984591484 -0.7026779652 -0.3655082583 -0.6239275932 -0.6907373071
-202.7 -120.7 2793.6 0.7560914755 0.5812139511 0.3008588552 -0.5293807387 0.8134265542 -0.2410254329 -0.3848139346 0.0229683984 0.9227083325
-54.4 -224.5 2718.1 -0.0762613043 0.5812139511 0.8101694584 0.0825483575 0.8134265542 -0.5757803321 -0.9936649203 0.0229683984 -0.1100112274
-397.0 -455.2 2541.0 0.8485447764 -0.4872475564 -0.2063046992 -0.1261024177 0.1924412102 -0.9731724262 0.5138773918 0.8517958522 0.1018518880
-216.6 -526.5 2225.6 0.8485447764 0.3094466031 -0.4292022586 -0.1261024177 0.9060527682 0.4039387405 0.5138773918 -0.2886366546 0.8078483343
-309.9 -494.4 2698.0 0.6850701571 -0.7162048817 0.1331519186 0.1545360982 -0.0357414596 -0.9873404503 0.7118971348 0.6969742179 0.0861941054
-25.5 -480.2 2421.2 0.6850701571 0.1301091760 -0.7167639136 0.1545360982 0.9355708957 0.3175305426 0.7118971348 -0.3282966018 0.6208251119
-80.0 -257.0 2469.4 0 0 0 0 0 0 0 0 0
-69.0 -208.7 2527.2 0 0 0 0 0 0 0 0 0
-334.8 -872.7 2335.9 0 0 0 0 0 0 0 0 0
-66.2 -773.2 2524.0 0 0 0 0 0 0 0 0 0
-225.3 107.3 2696.8  0.4596528709 0.2247374654 -0.8591928482 -0.2307847142 0.9644420743 0.1288016140 0.8575882912 0.1390845478 0.4951745570
-270.8 -88.2 2668.6 0.4596528709 0.2247374654 -0.8591928482 -0.2307847142 0.9644420743 0.1288016140 0.8575882912 0.1390845478 0.4951745570
-311.2 -281.2 2643.6 0.4645531476 0.2028683424 -0.8619946837 -0.2086040229 0.9710822105 0.1161192730 0.8606246114 0.1258719862 0.4934384525
-338.7 -57.7 2542.9 -0.1012628525 0.3429006636 -0.9338977337 0.7015544772 0.6901943684 0.1773499399 0.7053843737 -0.6372211576 -0.3104545474
-315.1 -221.4 2378.3 -0.9209080935 0.3429006636 0.1853304952 0.1131583303 0.6901943684 -0.7147215605 -0.3729925752 -0.6372211576 -0.6744076610
-203.0 -118.7 2794.3 0.7596942186 0.5820075870 0.2900548875 -0.5312749147 0.8127126098 -0.2392595857 -0.3749821484 0.0276652351 0.9266191125
-54.0 -222.9 2720.8 -0.0648845211 0.5820075870 0.8105906248 0.0803243816 0.8127126098 -0.5771015286 -0.9946547151 0.0276652351 -0.0994818732
-396.2 -456.7 2540.3 0.8544986844 -0.4809744656 -0.1962028593 -0.1171594486 0.1895273775 -0.9748605490 0.5060688257 0.8560040593 0.1056001857
-219.2 -526.4 2225.3 0.8544986844 0.2995161116 -0.4244079292 -0.1171594486 0.9071013331 0.4042782187 0.5060688257 -0.2957318127 0.8102080226
-309.2 -492.9 2698.0 0.6816893816 -0.7092731595 0.1795304418 0.2086762935 -0.0467031822 -0.9768689871 0.7012516260 0.7033849359 0.1161714345
-29.4 -474.4 2420.4 0.6816893816 0.1268158704 -0.7205674052 0.2086762935 0.9102550745 0.3576170504 0.7012516260 -0.3941490650 0.5940477252
-83.6 -249.9 2472.0 0 0 0 0 0 0 0 0 0
-66.4 -207.5 2529.6 0 0 0 0 0 0 0 0 0
-333.7 -873.0 2338.3 0 0 0 0 0 0 0 0 0
-73.4 -790.3 2557.2 0 0 0 0 0 0 0 0 0
-223.9 109.5 2696.3  0.4626994729 0.2217447609 -0.8583347201 -0.2178485990 0.9669639468 0.1323734671 0.8593318462 0.1257378757 0.4957205057
-268.9 -86.9 2670.7 0.4626994729 0.2217447609 -0.8583347201 -0.2178485990 0.9669639468 0.1323734671 0.8593318462 0.1257378757 0.4957205057
-308.3 -280.3 2647.6 0.4669145942 0.1981363744 -0.8618194461 -0.1983715594 0.9732058644 0.1162713543 0.8617653251 0.1166716740 0.4937086701
-337.2 -57.9 2544.9 -0.0984321833 0.3482582569 -0.9322163463 0.6993845105 0.6906149387 0.1841529757 0.7079353333 -0.6338510513 -0.3115451634
-313.8 -223.8 2376.9 -0.9207023978 0.3482582569 0.1761344224 0.1249519512 0.6906149387 -0.7123467922 -0.3697217107 -0.6338510513 -0.6793664098
-200.7 -115.9 2796.6 0.7618257403 0.5778921843 0.2926810086 -0.5308018923 0.8158839941 -0.2293091565 -0.3713096976 0.0193379801 0.9283076525
-51.3 -220.0 2723.8 -0.0667853355 0.5778921843 0.8133758903 0.0708933696 0.8158839941 -0.5738531947 -0.9952456355 0.0193379801 -0.0954578146
-394.1 -455.0 2539.6 0.8496962786 -0.4869194031 -0.2023011744 -0.1297756135 0.1787448227 -0.9752992392 0.5110524297 0.8549618721 0.0886885449
-213.7 -521.2 2222.9 0.8496962786 0.3160994053 -0.4220159054 -0.1297756135 0.9011288285 0.4136726558 0.5110524297 -0.2967287600 0.8067077994
-305.1 -491.7 2703.6 0.6831106544 -0.7002899051 0.2072532028 0.2422279567 -0.0504653677 -0.9689059854 0.6889742017 0.7120724916 0.1351563632
-29.7 -471.8 2423.6 0.6831106544 0.1165506840 -0.7209547758 0.2422279567 0.8951438665 0.3742233515 0.6889742017 -0.4302713573 0.5832504630
-78.5 -255.7 2471.4 0 0 0 0 0 0 0 0 0
-64.1 -206.4 2532.6 0 0 0 0 0 0 0 0 0
-334.4 -865.5 2336.2 0 0 0 0 0 0 0 0 0
-72.1 -797.9 2580.3 0 0 0 0 0 0 0 0 0
-223.6 110.2 2697.0  0.4583942294 0.2255402207 -0.8596547842 -0.2230578065 0.9654999971 0.1343686730 0.8603022099 0.1301588714 0.4928881526
-269.4 -86.0 2670.6 0.4583942294 0.2255402207 -0.8596547842 -0.2230578065 0.9654999971 0.1343686730 0.8603022099 0.1301588714 0.4928881526
-309.7 -279.2 2647.2 0.4632442594 0.2030212432 -0.8626627922 -0.2011300772 0.9720913172 0.1207688972 0.8631057143 0.1175619364 0.4911494255
-337.1 -56.6 2544.5 -0.0978483930 0.3545094430 -0.9299187064 0.7002255917 0.6885055304 0.1887968928 0.7071844339 -0.6326794028 -0.3156057298
-313.7 -223.9 2375.6 -0.9217447042 0.3545094430 0.1571932733 0.1435717344 0.6885055304 -0.7108778358 -0.3602413535 -0.6326794028 -0.6855238676
-201.7 -115.4 2796.7 0.7600677013 0.5822160840 0.2886546254 -0.5347915888 0.8127546310 -0.2311447710 -0.3691816032 0.0213156156 0.9291127920
-52.6 -220.3 2724.2 -0.0634154901 0.5822160840 0.8105571270 0.0715339109 0.8127546310 -0.5781978965 -0.9954202175 0.0213156156 -0.0931894258
-390.5 -455.5 2545.3 0.8529637456 -0.4734308124 -0.2198092192 -0.1476788819 0.1850244701 -0.9715744257 0.5006433725 0.8611789346 0.0879034325
-213.7 -524.6 2223.7 0.8529637456 0.3264379799 -0.4072972834 -0.1476788819 0.8993496299 0.4115351439 0.5006433725 -0.2908753753 0.8153206110
-307.7 -490.7 2703.1 0.6831125021 -0.6988576651 0.2120265812 0.2486986071 -0.0503649861 -0.9672705531 0.6866632104 0.7134853005 0.1393999755
-33.3 -470.9 2423.0 0.6831125021 0.1206209436 -0.7202832103 0.2486986071 0.8888971210 0.3847218752 0.6866632104 -0.4419417381 0.5772184730
-76.2 -260.9 2468.4 0 0 0 0 0 0 0 0 0
-64.8 -206.6 2533.0 0 0 0 0 0 0 0 0 0
-338.4 -868.2 2334.9 0 0 0 0 0 0 0 0 0
-78.3 -802.6 2587.9 0 0 0 0 0 0 0 0 0
-223.2 109.0 2697.4  0.5071058869 0.2228440046 -0.8325768113 -0.2313427627 0.9657409191 0.1175798923 0.8302554488 0.1329851598 0.5412862301
-268.4 -86.8 2670.4 0.5071058869 0.2228440046 -0.8325768113 -0.2313427627 0.9657409191 0.1175798923 0.8302554488 0.1329851598 0.5412862301
-308.6 -279.9 2646.1 0.5115352869 0.2020496577 -0.8351691961 -0.2111453861 0.9717163444 0.1057589725 0.8329161406 0.1222426817 0.5397290587
-343.0 -56.1 2548.9 -0.1237478331 0.3550326824 -0.9266273379 0.6908760071 0.7011303306 0.1763705462 0.7123038769 -0.6183591485 -0.3320469260
-312.9 -224.4 2375.4 -0.9210356474 0.3550326824 0.1601409614 0.1490281522 0.7011303306 -0.6972853541 -0.3598387539 -0.6183591485 -0.6986759305
-193.8 -117.6 2791.9 0.7421800494 0.5769355297 0.3410485387 -0.5229613781 0.8167858720 -0.2436641306 -0.4191421270 0.0024874422 0.9079172015
-48.4 -220.1 2709.8 -0.1187053472 0.5769355297 0.8081178069 0.0868596360 0.8167858720 -0.5703650117 -0.9891230464 0.0024874422 -0.1470692605
-392.6 -453.9 2544.7 0.8458194137 -0.4832893312 -0.2258782685 -0.1531471908 0.1856153309 -0.9706146717 0.5110141635 0.8555573225 0.0829826370
-211.6 -523.4 2224.3 0.8458194137 0.3357107937 -0.4145935774 -0.1531471908 0.8972551227 0.4141004086 0.5110141635 -0.2867603004 0.8103289604
-302.0 -492.3 2698.2 0.7181990147 -0.6561675668 0.2315908074 0.2480406910 -0.0695433691 -0.9662502408 0.6501277089 0.7514039278 0.1128102764
-45.0 -465.1 2403.9 0.7181990147 0.0877462029 -0.6902831197 0.2480406910 0.8945675492 0.3717858195 0.6501277089 -0.4382345080 0.6207128763
-74.6 -263.0 2468.5 0 0 0 0 0 0 0 0 0
-71.2 -203.4 2520.0 0 0 0 0 0 0 0 0 0
-339.8 -866.3 2333.8 0 0 0 0 0 0 0 0 0
-78.1 -802.7 2569.3 0 0 0 0 0 0 0 0 0
-223.3 112.8 2697.6  0.5123938322 0.2220711261 -0.8295401931 -0.2318449318 0.9658876061 0.1153649092 0.8268617988 0.1332124174 0.5464009643
-268.5 -83.6 2670.5 0.5123938322 0.2220711261 -0.8295401931 -0.2318449318 0.9658876061 0.1153649092 0.8268617988 0.1332124174 0.5464009643
-308.7 -276.8 2646.9 0.5174455643 0.2022634298 -0.8314683437 -0.2087725699 0.9721415639 0.1065587699 0.8298578858 0.1184494048 0.5452574492
-344.0 -53.1 2549.4 -0.1273556799 0.3596296608 -0.9243630171 0.6985909343 0.6940943003 0.1737925112 0.7040960789 -0.6236181855 -0.3396308720
-312.7 -224.8 2376.3 -0.9198167324 0.3596296608 0.1568556279 0.1513596475 0.6940943003 -0.7037920952 -0.3619771004 -0.6236181855 -0.6928730011
-192.9 -114.1 2791.6 0.7397393584 0.5762134194 0.3475108445 -0.5233100653 0.8172920942 -0.2412056774 -0.4230038226 -0.0034265954 0.9061214328
-47.9 -216.7 2708.7 -0.1256189048 0.5762134194 0.8075878024 0.0844204575 0.8172920942 -0.5700059533 -0.9884802103 -0.0034265954 -0.1513115317
-395.6 -453.7 2545.6 0.8431155682 -0.4894123971 -0.2227815539 -0.1484310180 0.1863882691 -0.9711990952 0.5168406963 0.8519007564 0.0845028684
-210.4 -524.2 2223.1 0.8431155682 0.3411047459 -0.4156965911 -0.1484310180 0.8906480074 0.4297840595 0.5168406963 -0.3006553650 0.8015497327
-301.5 -489.1 2699.5 0.7226433158 -0.6498097181 0.2356563807 0.2528074384 -0.0688416362 -0.9650643468 0.6433311701 0.7569730282 0.1145287827
-46.9 -462.1 2402.9 0.7226433158 0.0835287124 -0.6861556768 0.2528074384 0.8919578195 0.3748328686 0.6433311701 -0.4443357289 0.6234506965
-74.2 -264.1 2470.2 0 0 0 0 0 0 0 0 0
-72.0 -200.5 2518.9 0 0 0 0 0 0 0 0 0
-340.7 -864.5 2338.0 0 0 0 0 0 0 0 0 0
-78.6 -800.9 2571.6 0 0 0 0 0 0 0 0 0
-222.6 113.2 2686.7  0.5575376749 0.2250625491 -0.7990610600 -0.2244767696 0.9675630927 0.1158959568 0.7992258072 0.1147542819 0.5899741650
-268.2 -82.9 2663.4 0.5575376749 0.2250625491 -0.7990610600 -0.2244767696 0.9675630927 0.1158959568 0.7992258072 0.1147542819 0.5899741650
-308.5 -276.2 2641.6 0.5612401366 0.2031860054 -0.8023247123 -0.2076997757 0.9729532599 0.1011074930 0.8011680841 0.1098970771 0.5882621408
-350.0 -52.6 2546.6 -0.1527422518 0.3646029234 -0.9185501933 0.7035888433 0.6928182244 0.1580053121 0.6939975619 -0.6221475601 -0.3623531759
-312.4 -225.6 2375.9 -0.9153146744 0.3646029234 0.1710663438 0.1439145654 0.6928182244 -0.7066056132 -0.3761483729 -0.6221475601 -0.6866183877
-186.3 -113.2 2780.3 0.7190234065 0.5714336634 0.3955614865 -0.5189868212 0.8200308681 -0.2412509769 -0.4622315764 -0.0318261050 0.8861879706
-45.4 -214.9 2689.7 -0.1776315868 0.5714336634 0.8011932373 0.0857330859 0.8200308681 -0.5658614635 -0.9803555012 -0.0318261050 -0.1946541667
-396.3 -450.8 2547.4 0.8501976728 -0.4793644249 -0.2176548690 -0.1392760277 0.1939006299 -0.9710842967 0.5077067018 0.8559277654 0.0980898887
-215.9 -523.8 2225.3 0.8501976728 0.3180594742 -0.4195259809 -0.1392760277 0.9043684006 0.4033856690 0.5077067018 -0.2845276594 0.8131899834
-297.5 -488.6 2693.1 0.7541217208 -0.6083635688 0.2473744899 0.2563118041 -0.0741590336 -0.9637451172 0.6046525240 0.7901861668 0.1000058353
-59.4 -459.5 2383.8 0.7541217208 0.0550731681 -0.6544213891 0.2563118041 0.8927708268 0.3704922199 0.6046525240 -0.4471321702 0.6591420174
-74.9 -263.0 2473.5 0 0 0 0 0 0 0 0 0
-79.5 -198.4 2501.6 0 0 0 0 0 0 0 0 0
-337.4 -869.2 2334.0 0 0 0 0 0 0 0 0 0
-80.3 -799.5 2554.1 0 0 0 0 0 0 0 0 0
-224.0 115.0 2691.2  0.5344666839 0.2200887501 -0.8160308599 -0.2262915522 0.9675140381 0.1127330735 0.8143325448 0.1244088113 0.5669082403
-268.8 -82.0 2665.9 0.5344666839 0.2200887501 -0.8160308599 -0.2262915522 0.9675140381 0.1127330735 0.8143325448 0.1244088113 0.5669082403
-308.2 -275.4 2642.9 0.5386638045 0.1984456927 -0.8188166022 -0.2068289667 0.9732721448 0.0998152494 0.8167393208 0.1155881286 0.5653108358
-347.4 -51.8 2546.7 -0.1276498139 0.3345257938 -0.9337012172 0.7067063451 0.6911998391 0.1510260850 0.6958962679 -0.6405741572 -0.3246430457
-316.7 -221.5 2379.7 -0.9291779399 0.3345257938 0.1572287828 0.1285133064 0.6911998391 -0.7111449242 -0.3465728462 -0.6405741572 -0.6852386594
-190.2 -112.2 2785.0 0.7327884436 0.5706480145 0.3706507087 -0.5176540613 0.8210480809 -0.2406538874 -0.4416507185 -0.0155204637 0.8970528245
-46.6 -213.7 2698.5 -0.1498988271 0.5706480145 0.8073977828 0.0855637267 0.8210480809 -0.5644102097 -0.9849919677 -0.0155204637 -0.1719009131
-400.2 -450.5 2546.4 0.8502846956 -0.4845257103 -0.2055500448 -0.1236034408 0.1957915425 -0.9728246927 0.5116035342 0.8525846004 0.1065895036
-218.1 -524.1 2225.9 0.8502846956 0.3065003753 -0.4278708994 -0.1236034408 0.9064923525 0.4037249088 0.5116035342 -0.2903947830 0.8086610436
-298.2 -487.8 2694.8 0.7362787127 -0.6301162839 0.2466720939 0.2581814528 -0.0753658786 -0.9631522894 0.6254885793 0.7728347182 0.1071940511
-51.5 -458.3 2392.2 0.7362787127 0.0662764311 -0.6734248996 0.2581814528 0.8923925161 0.3701052964 0.6254885793 -0.4463664591 0.6399382949
-81.0 -254.1 2467.6 0 0 0 0 0 0 0 0 0
-75.3 -197.3 2509.5 0 0 0 0 0 0 0 0 0
-335.2 -870.4 2336.9 0 0 0 0 0 0 0 0 0
-76.8 -798.7 2562.4 0 0 0 0 0 0 0 0 0
-223.9 114.4 2693.5  0.5264945626 0.2229301035 -0.8204301596 -0.2285966873 0.9665917158 0.1159483045 0.8188693523 0.1265014708 0.5598663688
-269.3 -82.6 2667.7 0.5264945626 0.2229301035 -0.8204301596 -0.2285966873 0.9665917158 0.1159483045 0.8188693523 0.1265014708 0.5598663688
-309.2 -276.0 2644.7 0.5310959220 0.2007611096 -0.8231841326 -0.2075349092 0.9727535844 0.1033427790 0.8215025067 0.1159545109 0.5582904220
-346.8 -52.3 2547.8 -0.1321047843 0.3440024555 -0.9296293259 0.7043663263 0.6924504638 0.1561423540 0.6974356174 -0.6341723800 -0.3337797523
-314.7 -223.4 2378.4 -0.9265400767 0.3440024555 0.1522689164 0.1408038139 0.6924504638 -0.7075921297 -0.3488521278 -0.6341723800 -0.6900199652
-191.8 -113.0 2787.6 0.7348316908 0.5733143091 0.3623991609 -0.5205021501 0.8192505240 -0.2406367362 -0.4348561764 -0.0118020503 0.9004225731
-47.7 -215.0 2702.4 -0.1413469613 0.5733143091 0.8070513010 0.0847061053 0.8192505240 -0.5671449900 -0.9863294959 -0.0118020503 -0.1643617898
-396.9 -449.9 2545.2 0.8543066382 -0.4786753058 -0.2025590539 -0.1193758696 0.1985953152 -0.9727842808 0.5058751106 0.8552367091 0.1125190035
-215.7 -525.1 2221.4 0.8543066382 0.3088414073 -0.4180636406 -0.1193758696 0.8994097710 0.4204895198 0.5058751106 -0.3093202710 0.8052399158
-298.6 -487.4 2695.6 0.7071627975 -0.6686186790 0.2299344093 0.1547423303 -0.1709638685 -0.9730499387 0.6899098158 0.7236853242 -0.0174356867
-36.6 -420.4 2412.0 0.7071627975 0.1074381024 -0.6988403201 0.1547423303 0.9409092665 0.3012383878 0.6899098158 -0.3211647570 0.6487508416
-76.8 -259.5 2468.0 0 0 0 0 0 0 0 0 0
-74.8 -198.8 2513.0 0 0 0 0 0 0 0 0 0
-333.7 -868.6 2339.6 0 0 0 0 0 0 0 0 0
-77.2 -776.1 2533.4 0 0 0 0 0 0 0 0 0
-224.3 112.5 2696.1  0.4972521961 0.2266574800 -0.8374763727 -0.2266546637 0.9656884670 0.1267808825 0.8374770880 0.1267758459 0.5315636992
-270.3 -83.6 2670.4 0.4972521961 0.2266574800 -0.8374763727 -0.2266546637 0.9656884670 0.1267808825 0.8374770880 0.1267758459 0.5315636992
-310.9 -276.7 2646.9 0.5015376806 0.2043697089 -0.8406503201 -0.2073915899 0.9717661142 0.1125139147 0.8399099112 0.1179138422 0.5297618508
-343.5 -53.3 2547.8 -0.1236481741 0.3502572179 -0.9284562469 0.7003561854 0.6936435103 0.1684041470 0.7030023932 -0.6294271946 -0.3310725391
-313.3 -224.4 2376.1 -0.9228231311 0.3502572179 0.1603663415 0.1405009776 0.6936435103 -0.7064829469 -0.3586878181 -0.6294271946 -0.6893217564
-197.1 -113.9 2793.0 0.7448544502 0.5798628330 0.3300770819 -0.5284344554 0.8147069216 -0.2387669533 -0.4073681831 0.0034225201 0.9132575989
-51.1 -217.5 2713.1 -0.1074479744 0.5798628330 0.8075976968 0.0806383044 0.8147069216 -0.5742387176 -0.9909350872 0.0034225201 -0.1342977732
-397.7 -450.2 2546.3 0.8534979820 -0.4803503156 -0.2020018399 -0.1209450662 0.1944570839 -0.9734262824 0.5068663359 0.8552485108 0.1078727245
-214.4 -524.4 2220.0 0.8534979820 0.3154391646 -0.4147762060 -0.1209450662 0.8941470385 0.4311303496 0.5068663359 -0.3178037703 0.8013035059
-300.6 -488.1 2697.4 0.6992788911 -0.6624928713 0.2685371935 0.1079767048 -0.2734569013 -0.9558045864 0.7066470385 0.6973697543 -0.1196888387
-40.5 -380.8 2423.6 0.6992788911 0.0642028600 -0.7119599581 0.1079767048 0.9750449061 0.1939807087 0.7066470385 -0.2125217170 0.6748958826
-74.9 -260.7 2468.8 0 0 0 0 0 0 0 0 0
-71.7 -202.0 2522.9 0 0 0 0 0 0 0 0 0
-335.0 -866.0 2341.4 0 0 0 0 0 0 0 0 0
-64.2 -740.2 2502.0 0 0 0 0 0 0 0 0 0
-223.0 112.5 2695.9  0.4911706448 0.2284633368 -0.8405687809 -0.2272184193 0.9651865959 0.1295631528 0.8409061432 0.1273550987 0.5259824395
-269.4 -83.5 2670.1 0.4911706448 0.2284633368 -0.8405687809 -0.2272184193 0.9651865959 0.1295631528 0.8409061432 0.1273550987 0.5259824395
-310.2 -276.5 2646.6 0.4955735207 0.2054615468 -0.8439149261 -0.2075677663 0.9714812636 0.1146287918 0.8433993459 0.1183625460 0.5240876079
-341.8 -53.2 2546.9 -0.1047719046 0.3330123425 -0.9370835423 0.7016671896 0.6925016642 0.1676441729 0.7047595382 -0.6399564147 -0.3062185645
-316.8 -220.4 2378.9 -0.9303823709 0.3330123425 0.1532689780 0.1309989393 0.6925016642 -0.7094228268 -0.3423855901 -0.6399564147 -0.6879156232
-197.0 -113.8 2793.2 0.7466157079 0.5812500119 0.3235945702 -0.5300896168 0.8136985898 -0.2385364324 -0.4019577503 0.0065609259 0.9156346917
-50.6 -217.8 2714.4 -0.1007388905 0.5812500119 0.8074652553 0.0799570233 0.8136985898 -0.5757616758 -0.9916948080 0.0065609259 -0.1284461170
-397.4 -450.8 2546.5 0.8499585390 -0.4843752384 -0.2072465420 -0.1288199127 0.1903608292 -0.9732256532 0.5108580589 0.8538989425 0.0994016379
-213.5 -523.1 2222.2 0.8499585390 0.3175019026 -0.4204319715 -0.1288199127 0.8990322948 0.4185049534 0.5108580589 -0.3015518486 0.8050407171
-305.6 -488.7 2700.7 0.6852928996 -0.6797138453 0.2614626586 0.0651760772 -0.3003382385 -0.9516034126 0.7253452539 0.6691681743 -0.1615185887
-37.4 -370.2 2436.6 0.6852928996 0.0624936782 -0.7255812883 0.0651760772 0.9870506525 0.1465709507 0.7253452539 -0.1477345675 0.6723457575
-81.4 -253.6 2465.5 0 0 0 0 0 0 0 0 0
-70.0 -202.4 2523.9 0 0 0 0 0 0 0 0 0
-334.8 -866.6 2337.5 0 0 0 0 0 0 0 0 0
-59.8 -724.3 2489.6 0 0 0 0 0 0 0 0 0
-220.8 112.3 2695.9  0.5084477067 0.2326640040 -0.8290647864 -0.2345101833 0.9638264775 0.1266626865 0.8285444379 0.1300227791 0.5446174741
-268.1 -83.5 2669.4 0.5084477067 0.2326640040 -0.8290647864 -0.2345101833 0.9638264775 0.1266626865 0.8285444379 0.1300227791 0.5446174741
-309.4 -276.4 2645.6 0.5134495497 0.2078654766 -0.8325632215 -0.2125443518 0.9707921743 0.1112989113 0.8313810825 0.1198102459 0.5426334143
-343.0 -52.4 2548.0 -0.1158802882 0.3488312066 -0.9299938679 0.7025213838 0.6906813979 0.1715310514 0.7021648288 -0.6334635019 -0.3250977397
-315.0 -222.5 2378.0 -0.9253396392 0.3488312066 0.1485373378 0.1467013061 0.6906813979 -0.7081228495 -0.3496073186 -0.6334635019 -0.6902888417
-193.1 -114.5 2790.8 0.7379379869 0.5811790228 0.3430429101 -0.5274785757 0.8137752414 -0.2440004796 -0.4209677875 -0.0008905555 0.9070751667
-48.4 -217.9 2708.3 -0.1218598112 0.5811790228 0.8046000004 0.0859472826 0.8137752414 -0.5747894645 -0.9888191223 -0.0008905555 -0.1491172612
-396.5 -450.6 2545.7 0.8560546637 -0.4745565057 -0.2048574984 -0.1208056435 0.2016628534 -0.9719763994 0.5025698543 0.8568128347 0.1153053269
-219.0 -526.0 2225.2 0.8560546637 0.2989290953 -0.4216774106 -0.1208056435 0.9089196324 0.3990877867 0.5025698543 -0.2906999290 0.8141971827
-303.6 -488.8 2698.2 0.6972085834 -0.6704217792 0.2538400888 0.0373032875 -0.3196865022 -0.9467887878 0.7158970833 0.6695783734 -0.1978792399
-40.2 -363.3 2435.2 0.6972085834 0.0586167648 -0.7144678235 0.0373032875 0.9923345447 0.1178158224 0.7158970833 -0.1087942049 0.6896775961
-77.8 -260.1 2467.7 0 0 0 0 0 0 0 0 0
-71.8 -201.4 2518.4 0 0 0 0 0 0 0 0 0
-333.2 -873.2 2336.3 0 0 0 0 0 0 0 0 0
-61.0 -714.8 2473.7 0 0 0 0 0 0 0 0 0
-220.8 110.1 2695.8  0.4969405234 0.2354161292 -0.8352420926 -0.2285192758 0.9640279412 0.1357537359 0.8371553421 0.1234073788 0.5328617096
-268.6 -85.3 2670.8 0.4969405234 0.2354161292 -0.8352420926 -0.2285192758 0.9640279412 0.1357537359 0.8371553421 0.1234073788 0.5328617096
-310.5 -278.2 2647.7 0.5012821555 0.2112228125 -0.8391073346 -0.2097145021 0.9704926014 0.1190122440 0.8394855857 0.1163142622 0.5307871103
-341.8 -54.7 2548.2 -0.0992333367 0.3303585649 -0.9386245012 0.6924867034 0.7003136277 0.1732714623 0.7145732641 -0.6327906847 -0.2982633710
-318.3 -218.7 2379.0 -0.9325714707 0.3303585649 0.1455119103 0.1388272792 0.7003136277 -0.7002055645 -0.3332228661 -0.6327906847 -0.6989552975
-195.4 -115.9 2793.4 0.7407774329 0.5852393508 0.3297629952 -0.5338616967 0.8108590245 -0.2397900969 -0.4077259004 0.0015832572 0.9131029844
-50.1 -220.6 2713.4 -0.1083019897 0.5852393508 0.8035953641 0.0801019818 0.8108590245 -0.5797338486 -0.9908856153 0.0015832572 -0.1346964836
-397.7 -449.8 2545.6 0.8550744653 -0.4738304615 -0.2105524987 -0.1243266910 0.2068661600 -0.9704376459 0.5033791065 0.8559737802 0.1179762036
-221.0 -527.0 2226.4 0.8550744653 0.2994797230 -0.4232724309 -0.1243266910 0.9109387994 0.3933615983 0.5033791065 -0.2837294042 0.8161538243
-306.6 -490.3 2701.6 0.6861904860 -0.6830609441 0.2501407266 0.0270317439 -0.3196909428 -0.9471362233 0.7269194722 0.6566776037 -0.2009045631
-38.8 -365.0 2444.2 0.6861904860 0.0634917915 -0.7246457338 0.0270317439 0.9932698011 0.1126252487 0.7269194722 -0.0968708098 0.6798559427
-84.2 -253.5 2462.6 0 0 0 0 0 0 0 0 0
-70.9 -205.3 2523.1 0 0 0 0 0 0 0 0 0
-335.5 -875.0 2334.8 0 0 0 0 0 0 0 0 0
-61.2 -714.9 2478.3 0 0 0 0 0 0 0 0 0
-221.5 107.4 2697.3  0.4802845120 0.2331658900 -0.8455533385 -0.2219034880 0.9649586678 0.1400486827 0.8485785723 0.1203680187 0.5151950121
-268.6 -87.5 2673.0 0.4802845120 0.2331658900 -0.8455533385 -0.2219034880 0.9649586678 0.1400486827 0.8485785723 0.1203680187 0.5151950121
-310.1 -280.5 2650.8 0.4848158062 0.2091723084 -0.8492352962 -0.2020665705 0.9714990854 0.1239298955 0.8509539962 0.1115188897 0.5132648349
-339.4 -58.0 2548.7 -0.0993339494 0.3410450518 -0.9347839355 0.6853008866 0.7045716643 0.1842319071 0.7214536667 -0.6223078370 -0.3037063777
-315.7 -221.4 2376.6 -0.9287471175 0.3410450518 0.1453171372 0.1502082795 0.7045716643 -0.6935533285 -0.3389192522 -0.6223078370 -0.7055967450
-197.8 -117.0 2797.2 0.7484395504 0.5852963328 0.3118757308 -0.5376113653 0.8108003736 -0.2314666212 -0.3883455098 0.0055708354 0.9214969873
-51.0 -222.4 2721.1 -0.0889899433 0.5852963328 0.8059212565 0.0710656792 0.8108003736 -0.5809926391 -0.9934940934 0.0055708354 -0.1137475595
-398.5 -451.8 2547.6 0.8529441953 -0.4764760733 -0.2132059038 -0.1317242980 0.1987566352 -0.9711562991 0.5051087737 0.8564265370 0.1067648456
-219.0 -526.6 2225.0 0.8529441953 0.3075240552 -0.4217998981 -0.1317242980 0.9086927772 0.3961390555 0.5051087737 -0.2823232114 0.8155726194
-307.3 -492.1 2706.7 0.6711197495 -0.6967921853 0.2531382442 0.0277853627 -0.3175748885 -0.9478260279 0.7408280969 0.6431382895 -0.1937701702
-34.4 -367.8 2454.9 0.6711197495 0.0647406355 -0.7385166883 0.0277853627 0.9932830930 0.1123239100 0.7408280969 -0.0959027484 0.6648130417
-78.5 -259.8 2463.2 0 0 0 0 0 0 0 0 0
-68.1 -208.8 2530.2 0 0 0 0 0 0 0 0 0
-336.5 -873.9 2332.9 0 0 0 0 0 0 0 0 0
-57.2 -716.8 2488.6 0 0 0 0 0 0 0 0 0
-221.3 107.4 2707.5  0.4529996514 0.2323514670 -0.8606997728 -0.2400852591 0.9615671039 0.1332206577 0.8585746288 0.1462924182 0.4913737178
-268.4 -87.6 2677.9 0.4529996514 0.2323514670 -0.8606997728 -0.2400852591 0.9615671039 0.1332206577 0.8585746288 0.1462924182 0.4913737178
-310.1 -280.1 2651.5 0.4582154453 0.2099500448 -0.8636895418 -0.2173230648 0.9686738849 0.1201732159 0.8618638515 0.1326344311 0.4894883037
-335.3 -55.9 2552.0 -0.0751849338 0.3341850042 -0.9395039082 0.6819044352 0.7046685815 0.1960830092 0.7275668979 -0.6259093881 -0.2808626890
-317.3 -219.4 2377.6 -0.9290417433 0.3341850042 0.1587508470 0.1344290823 0.7046685815 -0.6966857314 -0.3446886539 -0.6259093881 -0.6995907426
-201.5 -119.4 2803.7 0.7573302984 0.5885269046 0.2829962969 -0.5353879929 0.8076974154 -0.2469504923 -0.3739123940 0.0355102606 0.9267839789
-53.0 -224.4 2730.3 -0.0588536635 0.5885269046 0.8063326478 0.0866067037 0.8076974154 -0.5832016468 -0.9945026636 0.0355102606 -0.0985063240
-396.2 -455.1 2550.6 0.8566882610 -0.4711702168 -0.2099616081 -0.1398019642 0.1797222644 -0.9737326503 0.4965286255 0.8635383844 0.0880954266
-216.6 -523.5 2221.6 0.8566882610 0.3158716261 -0.4078117013 -0.1398019642 0.9031732082 0.4058738053 0.4965286255 -0.2906944156 0.8178973794
-309.7 -492.5 2704.2 0.6482343078 -0.7176630497 0.2544642985 0.0105017582 -0.3257296383 -0.9454046488 0.7613685131 0.6155160069 -0.2036124021
-29.0 -365.1 2463.4 0.6482343078 0.0710463300 -0.7581192255 0.0105017582 0.9947086573 0.1021976471 0.7613685131 -0.0742096007 0.6440581679
-84.0 -253.1 2464.1 0 0 0 0 0 0 0 0 0
-64.3 -207.7 2539.4 0 0 0 0 0 0 0 0 0
-337.3 -868.6 2332.7 0 0 0 0 0 0 0 0 0
-54.0 -714.1 2489.4 0 0 0 0 0 0 0 0 0
-219.5 107.8 2711.6  0.4293889701 0.2339178473 -0.8723001480 -0.2488403022 0.9591305852 0.1347110569 0.8681610823 0.1592199951 0.4700482786
-267.0 -86.8 2679.3 0.4293889701 0.2339178473 -0.8723001480 -0.2488403022 0.9591305852 0.1347110569 0.8681610823 0.1592199951 0.4700482786
-309.0 -278.8 2650.3 0.4344756305 0.2117431611 -0.8754403591 -0.2268632799 0.9663628936 0.1211437955 0.8716444373 0.1459712386 0.4678978622
-330.4 -53.7 2552.1 -0.0614629462 0.3399102688 -0.9384472966 0.6911846995 0.6927953959 0.2056652755 0.7200596929 -0.6359996200 -0.2775220275
-315.5 -222.0 2376.7 -0.9298884273 0.3399102688 0.1406006366 0.1464800090 0.6927953959 -0.7061006427 -0.3374183178 -0.6359996200 -0.6940125227
-203.6 -119.9 2806.6 0.7638105154 0.5918598175 0.2574790418 -0.5366943479 0.8039969206 -0.2560237050 -0.3585425019 0.0573660471 0.9317491055
-53.8 -225.2 2736.3 -0.0325113460 0.5918598175 0.8053849339 0.0949241295 0.8039969206 -0.5870079398 -0.9949534535 0.0573660471 -0.0823208019
-393.7 -452.6 2546.2 0.8563104868 -0.4709829092 -0.2119137645 -0.1362978220 0.1896855831 -0.9723385572 0.4981518388 0.8615071177 0.0982358009
-215.0 -524.6 2219.3 0.8563104868 0.3202536106 -0.4051789343 -0.1362978220 0.8968483806 0.4208157361 0.4981518388 -0.3051239252 0.8116305470
-311.2 -491.6 2701.2 0.6280709505 -0.7354186773 0.2543349266 -0.0008738288 -0.3275094330 -0.9448475242 0.7781555653 0.5932090282 -0.2063417882
-23.6 -363.6 2469.3 0.6280709505 0.0781192780 -0.7742249370 -0.0008738288 0.9950183034 0.0996884480 0.7781555653 -0.0619348772 0.6250103712
-77.9 -259.4 2462.9 0 0 0 0 0 0 0 0 0
-60.0 -207.0 2545.2 0 0 0 0 0 0 0 0 0
-337.4 -867.2 2335.9 0 0 0 0 0 0 0 0 0
-51.0 -712.4 2491.0 0 0 0 0 0 0 0 0 0
-213.3 110.2 2704.2  0.4430783987 0.2512405217 -0.8605577946 -0.2486211509 0.9567103386 0.1513039023 0.8613182306 0.1469133794 0.4863613844
-264.1 -83.0 2674.5 0.4430783987 0.2512405217 -0.8605577946 -0.2486211509 0.9567103386 0.1513039023 0.8613182306 0.1469133794 0.4863613844
-308.8 -274.8 2648.5 0.4495173991 0.2253731638 -0.8643732071 -0.2226539105 0.9653764963 0.1359171420 0.8650776744 0.1313589513 0.4841337502
-329.7 -50.4 2548.2 -0.0469053425 0.3346497118 -0.9411745071 0.7033659220 0.6800919175 0.2067639232 0.7092786431 -0.6522917747 -0.2672811449
-318.5 -218.6 2378.6 -0.9317403436 0.3346497118 0.1409591138 0.1352583468 0.6800919175 -0.7205415964 -0.3369941711 -0.6522917747 -0.6789332628
-198.4 -115.5 2800.8 0.7504512668 0.6017374992 0.2733766735 -0.5489667654 0.7978402972 -0.2491712719 -0.3680466413 0.0369161926 0.9290742278
-51.3 -223.2 2728.7 -0.0517130904 0.6017374992 0.7970179915 0.0850428194 0.7978402972 -0.5968405008 -0.9950343966 0.0369161926 -0.0924322456
-390.8 -450.0 2541.5 0.8493249416 -0.4756125510 -0.2289974093 -0.1504420787 0.1977294981 -0.9686434865 0.5059785843 0.8571439385 0.0963844508
-212.5 -524.2 2220.0 0.8493249416 0.3314931989 -0.4108033478 -0.1504420787 0.8979600072 0.4135638475 0.5059785843 -0.2894479930 0.8125303388
-312.3 -487.0 2701.7 0.6435773969 -0.7269117832 0.2395983934 -0.0005459103 -0.3134804666 -0.9495944977 0.7653808594 0.6110067368 -0.2021457553
-28.1 -364.4 2462.8 0.6435773969 0.0878449231 -0.7603232265 -0.0005459103 0.9934442043 0.1143167689 0.7653808594 -0.0731566176 0.6394061446
-83.3 -252.8 2463.7 0 0 0 0 0 0 0 0 0
-61.2 -206.9 2537.6 0 0 0 0 0 0 0 0 0
-339.1 -867.2 2330.6 0 0 0 0 0 0 0 0 0
-58.9 -712.6 2488.4 0 0 0 0 0 0 0 0 0
-207.7 111.8 2710.0  0.4781398773 0.2557999790 -0.8402075171 -0.2677708566 0.9535588622 0.1379283518 0.8364694118 0.1590340286 0.5244303346
-259.7 -82.0 2677.7 0.4781398773 0.2557999790 -0.8402075171 -0.2677708566 0.9535588622 0.1379283518 0.8364694118 0.1590340286 0.5244303346
-305.4 -273.2 2649.0 0.4847292900 0.2297929972 -0.8439387679 -0.2417705059 0.9624798298 0.1232054681 0.8405858278 0.1443182081 0.5220993161
-330.4 -46.8 2555.0 -0.0291536897 0.3134368360 -0.9491614103 0.6929000616 0.6907363534 0.2068158537 0.7204440236 -0.6516445279 -0.2373179197
-323.4 -214.0 2381.1 -0.9426285625 0.3134368360 0.1149293408 0.1432625949 0.6907363534 -0.7087729573 -0.3015414178 -0.6516445279 -0.6960116029
-189.0 -117.3 2800.3 0.7351543307 0.6021217704 0.3114440739 -0.5390084982 0.7978135347 -0.2701174021 -0.4111178815 0.0307069663 0.9110648632
-44.9 -222.9 2719.7 -0.0924402177 0.6021217704 0.7930347919 0.1078645885 0.7978135347 -0.5931769013 -0.9898585677 0.0307069663 -0.1386976689
-394.7 -446.1 2543.1 0.8531547189 -0.4731228352 -0.2197313011 -0.1307221204 0.2138770223 -0.9680745602 0.5050136447 0.8546410799 0.1206225678
-217.5 -526.3 2222.9 0.8531547189 0.3098738194 -0.4196490049 -0.1307221204 0.9057809711 0.4030787945 0.5050136447 -0.2890311778 0.8132786751
-306.7 -486.6 2697.4 0.6615151763 -0.7385974526 0.1298903525 0.0002090372 -0.1730212867 -0.9849180579 0.7499317527 0.6515653729 -0.1143018007
-13.8 -418.0 2439.0 0.6615151763 0.1522657573 -0.7343111038 0.0002090372 0.9791330695 0.2032200247 0.7499317527 -0.1345866174 0.6476795077
-88.7 -249.7 2456.2 0 0 0 0 0 0 0 0 0
-62.7 -202.2 2529.8 0 0 0 0 0 0 0 0 0
-335.8 -872.3 2333.3 0 0 0 0 0 0 0 0 0
-69.4 -775.4 2488.1 0 0 0 0 0 0 0 0 0
-206.7 110.9 2723.4  0.4519233406 0.2663165629 -0.8513758183 -0.2891894281 0.9465919137 0.1425946802 0.8438807726 0.1817670166 0.5048028827
-261.1 -82.5 2686.2 0.4519233406 0.2663165629 -0.8513758183 -0.2891894281 0.9465919137 0.1425946802 0.8438807726 0.1817670166 0.5048028827
-309.3 -272.5 2653.9 0.4594054818 0.2427253276 -0.8544185162 -0.2612194717 0.9563187957 0.1312203854 0.8489469886 0.1629073769 0.5027427077
-328.2 -44.4 2562.4 -0.0342270620 0.3387391269 -0.9402575493 0.6838014722 0.6940618753 0.2251525670 0.7288649082 -0.6352431774 -0.2553859949
-319.5 -216.5 2379.0 -0.9341040850 0.3387391269 0.1127181947 0.1671945453 0.6940618753 -0.7002314329 -0.3154291809 -0.6352431774 -0.7049613595
-194.1 -120.7 2810.1 0.7356658578 0.6148936152 0.2840803266 -0.5464759469 0.7866041660 -0.2874333858 -0.4001997113 0.0562118627 0.9147023559
-49.9 -227.8 2731.7 -0.0657671094 0.6148936152 0.7858629227 0.1221807301 0.7866041660 -0.6052485108 -0.9903264642 0.0562118627 -0.1268608272
-395.5 -442.3 2543.4 0.8489269614 -0.4766764045 -0.2282598764 -0.1355576068 0.2210585922 -0.9657935500 0.5108298063 0.8508306146 0.1230454892
-215.6 -525.7 2222.3 0.8489269614 0.3172461390 -0.4227030277 -0.1355576068 0.9037477970 0.4060344994 0.5108298063 -0.2873930335 0.8102210164
-303.9 -486.4 2695.2 0.6784992814 -0.7295883298 0.0856716111 0.0298886448 -0.0891090855 -0.9955733418 0.7339927554 0.6780563593 -0.0386540443
-15.4 -451.2 2427.1 0.6784992814 0.1436526179 -0.7204183936 0.0298886448 0.9744828939 0.2224629968 0.7339927554 -0.1724733114 0.6568923593
-82.0 -259.0 2459.2 0 0 0 0 0 0 0 0 0
-62.5 -204.3 2541.6 0 0 0 0 0 0 0 0 0
-336.8 -871.0 2332.1 0 0 0 0 0 0 0 0 0
-61.2 -762.3 2482.2 0 0 0 0 0 0 0 0 0
-206.3 107.9 2719.1  0.5052847862 0.2711023688 -0.8192623258 -0.2967039943 0.9460700154 0.1300704181 0.8103418946 0.1773558259 0.5584719181
-261.8 -85.7 2682.8 0.5052847862 0.2711023688 -0.8192623258 -0.2967039943 0.9460700154 0.1300704181 0.8103418946 0.1773558259 0.5584719181
-310.5 -275.5 2650.1 0.5120729208 0.2451918274 -0.8232024312 -0.2717035115 0.9554178715 0.1155592203 0.8148365021 0.1644922495 0.5558630824
-336.4 -46.1 2564.1 -0.0566662773 0.3163959980 -0.9469332099 0.6723763943 0.7132171392 0.1980688721 0.7380371690 -0.6254717112 -0.2531525791
-322.4 -212.9 2381.0 -0.9420246482 0.3163959980 0.1117278636 0.1585673839 0.7132171392 -0.6827721000 -0.2957125902 -0.6254717112 -0.7220382094
-187.2 -125.3 2801.5 0.7136247754 0.6118425131 0.3411574662 -0.5339118242 0.7903183103 -0.3005580902 -0.4535171986 0.0323376879 0.8906606436
-47.5 -229.8 2712.7 -0.1268518716 0.6118425131 0.7807415128 0.1383949816 0.7903183103 -0.5968616605 -0.9822196364 0.0323376879 -0.1849292964
-399.6 -438.5 2543.7 0.8378269076 -0.4893886447 -0.2419603169 -0.1415186673 0.2333653569 -0.9620358944 0.5272746086 0.8402614594 0.1262621433
-212.4 -527.8 2222.4 0.8378269076 0.3299090862 -0.4349782169 -0.1415186673 0.9007657766 0.4106014073 0.5272746086 -0.2824553847 0.8013740778
-306.6 -490.2 2689.9 0.7308220267 -0.6773793101 0.0840027034 0.0533851907 -0.0659668818 -0.9963926673 0.6804772019 0.7326702476 -0.0120480275
-31.4 -463.4 2392.2 0.7308220267 0.1080901772 -0.6739552617 0.0533851907 0.9753054976 0.2143109888 0.6804772019 -0.1926024258 0.7070043087
-85.8 -252.7 2455.3 0 0 0 0 0 0 0 0 0
-71.8 -203.3 2524.5 0 0 0 0 0 0 0 0 0
-338.5 -872.0 2330.3 0 0 0 0 0 0 0 0 0
-63.4 -752.6 2449.3 0 0 0 0 0 0 0 0 0
-207.6 107.9 2726.9  0.4819562435 0.2633470297 -0.8356832862 -0.2961144745 0.9466010928 0.1275248080 0.8246420026 0.1859965473 0.5342011452
-261.6 -86.1 2688.8 0.4819562435 0.2633470297 -0.8356832862 -0.2961144745 0.9466010928 0.1275248080 0.8246420026 0.1859965473 0.5342011452
-309.2 -276.1 2655.4 0.4892462194 0.2397801876 -0.8385365605 -0.2685445845 0.9561678767 0.1167339385 0.8297722340 0.1680728346 0.5321931839
-332.9 -46.9 2567.8 -0.0297786221 0.3042130768 -0.9521384835 0.6655848622 0.7167012691 0.2081731856 0.7457278371 -0.6275297999 -0.2238219827
-325.6 -210.3 2384.7 -0.9478177428 0.3042130768 0.0953725204 0.1617750823 0.7167012691 -0.6783568859 -0.2747186422 -0.6275297999 -0.7285162807
