-37.5 16.6 2827.8 6 0.3033788800 0.3711860776 -0.8776002526 -0.2022067904 0.9251096249 0.3213792741 0.9311679006 0.0799570456 0.3557150662
-110.2 -164.4 2812.2 0.3033788800 0.3711860776 -0.8776002526 -0.2022067904 0.9251096249 0.3213792741 0.9311679006 0.0799570456 0.3557150662
-186.2 -347.5 2798.1 0.3049960732 0.3825427592 -0.8721458912 -0.1982453167 0.9212207794 0.3347402215 0.9314913750 0.0708043799 0.3568060398
-153.1 -136.5 2681.2 -0.6170277596 0.1099996939 -0.7792155147 0.6384065747 0.6489279270 -0.4139197767 0.4601236582 -0.7528563142 -0.4706310630
-0.7 -294.3 2567.5 -0.9649994969 0.1099996939 0.2380673289 -0.1116985604 0.6489279270 -0.7526060939 -0.2372749895 -0.7528563142 -0.6139283180
-67.2 -192.3 2943.2 0.7655138969 0.2556967437 -0.5904300809 -0.6425852180 0.3505355418 -0.6813288927 0.0327531323 0.9009683728 0.4326467514
113.5 -344.0 2951.0 0.9629426003 0.2556967437 0.0857944861 -0.0096415654 0.3505355418 -0.9364998341 -0.2695339620 0.9009683728 0.3400109112
-301.6 -510.6 2702.9 0.8470677137 -0.5223531723 -0.0980992541 -0.0976365060 0.0284975450 -0.9948140383 0.5224398375 0.8522529602 -0.0268613901
-88.4 -522.2 2355.0 0.8470677137 0.1930771768 -0.4951741993 -0.0976365060 0.9723546505 0.2121167928 0.5224398375 -0.1313302070 0.8425016403
-233.4 -548.7 2869.5 0.3765166700 -0.9199234843 0.1094345674 -0.0033802970 -0.1194910333 -0.9928295016 0.9264037013 0.3734469414 -0.0480999798
135.6 -500.8 2719.7 0.3765166700 -0.0350590721 -0.9257462025 -0.0033802970 0.9992250204 -0.0392166227 0.9264037013 0.0178950094 0.3761063814
250.2 -265.2 2629.2 0 0 0 0 0 0 0 0 0
363.7 -346.5 2880.9 0 0 0 0 0 0 0 0 0
-162.2 -893.9 2405.2 0 0 0 0 0 0 0 0 0
149.0 -882.5 2712.8 0 0 0 0 0 0 0 0 0
-37.4 14.8 2824.3 7 0.3111347258 0.3717672825 -0.8746337891 -0.2107038349 0.9243932366 0.3179638088 0.9267141223 0.0853591114 0.3659436405
-110.6 -167.2 2807.5 0.3111347258 0.3717672825 -0.8746337891 -0.2107038349 0.9243932366 0.3179638088 0.9267141223 0.0853591114 0.3659436405
-186.7 -350.2 2793.0 0.3139199317 0.3828087449 -0.8688565493 -0.2038925290 0.9209465981 0.3320921957 0.9272983074 0.0729029998 0.3671553433
-154.8 -138.5 2677.0 -0.6230955720 0.1086848751 -0.7745575905 0.6387575865 0.6422119141 -0.4237364829 0.4513763785 -0.7587828636 -0.4695826769
-3.1 -294.0 2567.1 -0.9652323127 0.1086848751 0.2377270162 -0.1143620983 0.6422119141 -0.7579479814 -0.2350486070 -0.7587828636 -0.6074542403
-66.4 -195.8 2938.0 0.7660053968 0.2642253637 -0.5860211253 -0.6424791813 0.3449694216 -0.6842635274 0.0213595834 0.9006559253 0.4340077341
114.4 -347.5 2943.0 0.9603003860 0.2642253637 0.0894880742 -0.0074534630 0.3449694216 -0.9385843277 -0.2788684368 0.9006559253 0.3332436681
-290.2 -512.3 2698.6 0.8588193655 -0.5026469231 -0.0988705978 -0.0991032198 0.0263358820 -0.9947285652 0.5026010871 0.8640905619 -0.0271961614
-88.3 -522.9 2351.5 0.8588193655 0.1970030665 -0.4728838205 -0.0991032198 0.9695532918 0.2239307165 0.5026010871 -0.1454517245 0.8521947861
-227.9 -551.5 2866.9 0.3403326571 -0.9333754778 0.1139469147 -0.0024476396 -0.1220597476 -0.9925197363 0.9403018951 0.3375079632 -0.0438254848
144.6 -502.8 2732.2 0.3403326571 -0.0175272673 -0.9401417375 -0.0024476396 0.9998063445 -0.0195256583 0.9403018951 0.0089463471 0.3402238488
247.9 -264.3 2628.2 0 0 0 0 0 0 0 0 0
364.0 -349.4 2870.5 0 0 0 0 0 0 0 0 0
-163.6 -893.5 2407.1 0 0 0 0 0 0 0 0 0
151.3 -884.9 2728.7 0 0 0 0 0 0 0 0 0
-37.7 14.4 2821.5 8 0.3011761606 0.3676795959 -0.8798321486 -0.1989689171 0.9265951514 0.3191124797 0.9325793982 0.0789501891 0.3522251844
-110.1 -168.1 2806.0 0.3011761606 0.3676795959 -0.8798321486 -0.1989689171 0.9265951514 0.3191124797 0.9325793982 0.0789501891 0.3522251844
-185.3 -351.6 2792.5 0.3036138117 0.3783201575 -0.8744670153 -0.1929245144 0.9231899977 0.3324159980 0.9330588579 0.0677800402 0.3532804549
-152.8 -141.0 2674.7 -0.6267299056 0.1083339527 -0.7716692090 0.6326991320 0.6488081217 -0.4227763712 0.4548642039 -0.7532010078 -0.4751702249
-1.6 -293.6 2565.0 -0.9668095112 0.1083339527 0.2313939184 -0.1075938344 0.6488081217 -0.7533071041 -0.2317389846 -0.7532010078 -0.6156177521
-67.4 -195.3 2937.3 0.7681714296 0.2521594763 -0.5884966254 -0.6391645074 0.3553928733 -0.6820297837 0.0371672176 0.9000619650 0.4341740310
113.9 -346.1 2946.1 0.9635630250 0.2521594763 0.0892294273 -0.0064483569 0.3553928733 -0.9346947670 -0.2674036622 0.9000619650 0.3440694213
-291.6 -514.5 2693.5 0.8521985412 -0.5123379827 -0.1061479524 -0.1096871272 0.0234277975 -0.9936900139 0.5115919709 0.8584643006 -0.0362317488
-87.8 -523.8 2351.9 0.8521985412 0.2023688555 -0.4824981391 -0.1096871272 0.9707808495 0.2134320885 0.5115919709 -0.1289626807 0.8494952917
-229.6 -552.6 2866.3 0.2940883040 -0.9480562210 0.1212495863 0.0123678343 -0.1230741367 -0.9923204184 0.9556982517 0.2933294177 -0.0244692620
151.9 -503.1 2748.2 0.2940883040 -0.0122814979 -0.9556993246 0.0123678343 0.9998826385 -0.0090434514 0.9556982517 -0.0091603575 0.2942056954
249.7 -265.7 2625.2 0 0 0 0 0 0 0 0 0
364.4 -347.8 2876.5 0 0 0 0 0 0 0 0 0
-165.1 -894.9 2401.2 0 0 0 0 0 0 0 0 0
156.6 -885.2 2751.7 0 0 0 0 0 0 0 0 0
-36.8 15.2 2820.7 9 0.2618164420 0.3850421011 -0.8849828839 -0.1763098985 0.9206200242 0.3483871222 0.9488766789 0.0648177788 0.3089201748
-112.7 -166.2 2807.9 0.2618164420 0.3850421011 -0.8849828839 -0.1763098985 0.9206200242 0.3483871222 0.9488766789 0.0648177788 0.3089201748
-192.1 -348.1 2797.2 0.2641702890 0.3994345069 -0.8778759241 -0.1708014309 0.9151984453 0.3650187552 0.9492317438 0.0535153486 0.3099922240
-149.9 -142.3 2674.5 -0.6321271658 0.0954672024 -0.7689611316 0.6298037767 0.6414169669 -0.4380998909 0.4514005482 -0.7612294555 -0.4655826986
2.3 -293.9 2565.8 -0.9699392319 0.0954672024 0.2238389105 -0.1120201945 0.6414169669 -0.7589702010 -0.2160308361 -0.7612294555 -0.6114412546
-75.5 -190.2 2941.3 0.7494446635 0.2277926058 -0.6216456294 -0.6565319300 0.3768596351 -0.6534084678 0.0854315236 0.8978236914 0.4319885671
101.1 -344.9 2961.5 0.9722987413 0.2277926058 0.0523993187 -0.0384158343 0.3768596351 -0.9254733920 -0.2305631936 0.8978236914 0.3751710057
-288.4 -517.4 2693.5 0.8562220931 -0.5065969229 -0.1012088582 -0.1085845530 0.0150541756 -0.9939731956 0.5050674081 0.8620515466 -0.0421188846
-88.0 -523.4 2352.5 0.8562220931 0.1953446418 -0.4782511592 -0.1085845530 0.9731233120 0.2030772716 0.5050674081 -0.1219485626 0.8544211388
-245.8 -545.4 2874.2 0.2411207259 -0.9655833244 0.0975171402 0.0373131596 -0.0911839679 -0.9951347709 0.9697775841 0.2435863018 0.0140426205
144.1 -508.6 2775.9 0.2411207259 0.0193308536 -0.9703025818 0.0373131596 0.9988777041 0.0291724820 0.9697775841 -0.0432391465 0.2401288301
254.4 -264.8 2622.0 0 0 0 0 0 0 0 0 0
353.6 -354.9 2901.6 0 0 0 0 0 0 0 0 0
-162.7 -895.4 2399.1 0 0 0 0 0 0 0 0 0
136.7 -890.0 2792.4 0 0 0 0 0 0 0 0 0
-37.2 17.4 2830.2 0 0.2461106479 0.3834185898 -0.8901795745 -0.1848209053 0.9201415181 0.3452258110 0.9514572024 0.0795600489 0.2973203957
-112.7 -163.8 2814.5 0.2461106479 0.3834185898 -0.8901795745 -0.1848209053 0.9201415181 0.3452258110 0.9514572024 0.0795600489 0.2973203957
-192.0 -345.6 2801.3 0.2491333485 0.3986464143 -0.8826174736 -0.1777292192 0.9146949053 0.3629676402 0.9520214796 0.0664395615 0.2987321317
-147.8 -138.9 2680.7 -0.6244539618 0.0904567614 -0.7758059502 0.6244012117 0.6545359492 -0.4262697399 0.4692338705 -0.7505999804 -0.4652088583
5.2 -291.9 2565.7 -0.9743258357 0.0904567614 0.2061717212 -0.0978661627 0.6545359492 -0.7496699095 -0.2027595043 -0.7505999804 -0.6288785934
-77.7 -188.8 2948.4 0.7478758693 0.2139045298 -0.6284317970 -0.6573680043 0.3704875708 -0.6562059522 0.0924607441 0.9038715959 0.4176926911
98.7 -343.9 2970.2 0.9757607579 0.2139045298 0.0462152138 -0.0372602604 0.3704875708 -0.9280897975 -0.2156447619 0.9038715959 0.3694773614
-295.8 -514.3 2699.4 0.8530843854 -0.5130527616 -0.0949942544 -0.0985626876 0.0203287061 -0.9949231744 0.5123792291 0.8581162691 -0.0332257599
-88.7 -522.5 2353.0 0.8530843854 0.1914744824 -0.4853705764 -0.0985626876 0.9726216793 0.2104576528 0.5123792291 -0.1316987127 0.8486006260
-247.6 -543.6 2875.7 0.2172594070 -0.9712758064 0.0970650986 0.0320622846 -0.0922857597 -0.9952162504 0.9755871892 0.2193322182 0.0110913720
145.9 -506.2 2786.9 0.2172594070 0.0220911484 -0.9758638740 0.0320622846 0.9990428686 0.0297539830 0.9755871892 -0.0377527587 0.2163431644
258.4 -266.4 2618.4 0 0 0 0 0 0 0 0 0
352.2 -353.6 2914.2 0 0 0 0 0 0 0 0 0
-161.9 -894.3 2403.4 0 0 0 0 0 0 0 0 0
137.4 -888.0 2801.3 0 0 0 0 0 0 0 0 0
9.9 3.2 2818.5 1 0.3435849249 0.4995430410 -0.7952396870 -0.2460494936 0.8650943041 0.4371172190 0.9063162208 0.0454814360 0.4201456606
-88.2 -166.5 2809.6 0.3435849249 0.4995430410 -0.7952396870 -0.2460494936 0.8650943041 0.4371172190 0.9063162208 0.0454814360 0.4201456606
-188.0 -336.5 2801.9 0.3412224650 0.5073838234 -0.7912830710 -0.2500979900 0.8604683876 0.4438976645 0.9061005712 0.0464304313 0.4205068350
-135.1 -130.8 2683.1 -0.5750128031 0.1218319237 -0.8090224266 0.6599448323 0.6535279155 -0.3706400990 0.4835629463 -0.7470329404 -0.4561892748
4.5 -291.1 2565.7 -0.9687322974 0.1218319237 0.2161357999 -0.0856001079 0.6535279155 -0.7520464659 -0.2328740507 -0.7470329404 -0.6226648092
-41.2 -202.2 2936.1 0.6694142818 0.3659394383 -0.6465082169 -0.7425613999 0.3037462831 -0.5969428420 -0.0220704842 0.8796740770 0.4750646055
114.7 -375.2 2931.0 0.9305690527 0.3659394383 -0.0113816755 -0.1309883296 0.3037462831 -0.9437056184 -0.3418819606 0.8796740770 0.3305906951
-302.7 -502.2 2704.2 0.8443619609 -0.5231181383 -0.1157596558 -0.1049130484 0.0504437648 -0.9932012558 0.5254009366 0.8507660031 -0.0122891236
-88.6 -522.8 2356.1 0.8443619609 0.1888251007 -0.5013960004 -0.1049130484 0.9759906530 0.1908809543 0.5254009366 -0.1085696220 0.8438995481
-256.9 -529.7 2876.9 0.3370614946 -0.9414002895 -0.0124491360 -0.0319680385 0.0017713591 -0.9994873405 0.9409397244 0.3372866809 -0.0294976663
120.7 -530.4 2741.6 0.3370614946 0.1355960518 -0.9316669106 -0.0319680385 0.9906519055 0.1326153129 0.9409397244 -0.0149159515 0.3382453620
256.2 -268.8 2626.2 0 0 0 0 0 0 0 0 0
353.3 -408.7 2843.3 0 0 0 0 0 0 0 0 0
-160.8 -895.8 2397.6 0 0 0 0 0 0 0 0 0
69.3 -906.5 2747.2 0 0 0 0 0 0 0 0 0
42.4 -9.9 2804.9 2 0.4165887535 0.5693991184 -0.7086878419 -0.3138932288 0.8217023611 0.4756850600 0.8531851172 0.0242872778 0.5210424662
-69.7 -171.7 2800.1 0.4165887535 0.5693991184 -0.7086878419 -0.3138932288 0.8217023611 0.4756850600 0.8531851172 0.0242872778 0.5210424662
-182.7 -333.5 2795.9 0.4126495421 0.5735863447 -0.7076150179 -0.3195464909 0.8186248541 0.4772246480 0.8530008197 0.0291893594 0.5210927129
-126.5 -126.3 2681.3 -0.5354675055 0.1044533849 -0.8380715847 0.6950250864 0.6182560325 -0.3670144975 0.4798069000 -0.7790051103 -0.4036537409
2.5 -293.8 2565.7 -0.9717762470 0.1044533849 0.2115193307 -0.1031437144 0.6182560325 -0.7791796327 -0.2121610492 -0.7790051103 -0.5900328159
-13.0 -217.0 2918.9 0.6040180922 0.4772660732 -0.6382626891 -0.7869380116 0.2304892987 -0.5723663568 -0.1260583252 0.8479927778 0.5147985220
127.4 -400.0 2889.6 0.8773921132 0.4772660732 -0.0489914492 -0.1787860841 0.2304892987 -0.9565094113 -0.4452174604 0.8479927778 0.2875580192
-322.8 -478.7 2713.4 0.8264573216 -0.5454928875 -0.1393047869 -0.0987550095 0.1031369492 -0.9897525907 0.5542705059 0.8317453265 0.0313681327
-88.2 -523.1 2355.8 0.8264573216 0.1989294589 -0.5266833901 -0.0987550095 0.9722139835 0.2122436613 0.5542705059 -0.1233977079 0.8231386542
-258.5 -524.9 2869.3 0.4276073277 -0.8993759155 -0.0909664854 -0.1035262123 0.0512454957 -0.9933056831 0.8980168700 0.4341621995 -0.0711960420
102.3 -545.5 2695.1 0.4276073277 0.2104510814 -0.8791258931 -0.1035262123 0.9775246978 0.1836512536 0.8980168700 0.0124819567 0.4397839308
255.0 -267.0 2620.8 0 0 0 0 0 0 0 0 0
352.2 -445.8 2775.6 0 0 0 0 0 0 0 0 0
-164.2 -894.7 2402.9 0 0 0 0 0 0 0 0 0
22.4 -916.7 2690.4 0 0 0 0 0 0 0 0 0
61.6 -29.9 2800.5 3 0.4379259646 0.6295021176 -0.6418316960 -0.3604986668 0.7769801617 0.5160838366 0.8235663772 0.0053729508 0.5671944618
-62.7 -183.2 2799.4 0.4379259646 0.6295021176 -0.6418316960 -0.3604986668 0.7769801617 0.5160838366 0.8235663772 0.0053729508 0.5671944618
-187.3 -336.5 2798.7 0.4346054196 0.6316403151 -0.6419880390 -0.3645855188 0.7751989961 0.5158914328 0.8235262632 0.0098503372 0.5671926141
-122.8 -131.7 2684.3 -0.5246232748 0.1080539674 -0.8444494009 0.6881797910 0.6377611756 -0.3459325135 0.5011776686 -0.7626172304 -0.4089448750
1.0 -294.0 2566.0 -0.9689707160 0.1080539674 0.2223063707 -0.1039743274 0.6377611756 -0.7631841302 -0.2242434472 -0.7626172304 -0.6067370176
-2.5 -234.8 2914.6 0.5389887094 0.5384545326 -0.6477329135 -0.8243824244 0.1793934405 -0.5368534327 -0.1728721261 0.8233375549 0.5405834913
123.3 -427.2 2874.2 0.8362978101 0.5384545326 -0.1033089682 -0.2335562408 0.1793934405 -0.9556513429 -0.4960418344 0.8233375549 0.2757857442
-334.8 -463.5 2715.2 0.8163086176 -0.5595261455 -0.1434248239 -0.0808096975 0.1352361292 -0.9875125289 0.5719352961 0.8177050948 0.0651792809
-87.6 -523.3 2353.9 0.8163086176 0.2024701089 -0.5409677029 -0.0808096975 0.9673732519 0.2401224822 0.5719352961 -0.1522986144 0.8060366511
-272.6 -523.4 2873.0 0.4658473432 -0.8687441349 -0.1681363285 -0.1520490348 0.1085976735 -0.9823887348 0.8717036843 0.4832081795 -0.0815017745
77.2 -567.2 2678.5 0.4658473432 0.2802367508 -0.8393173218 -0.1520490348 0.9597686529 0.2360618711 0.8717036843 0.0176486000 0.4897154272
252.8 -267.0 2624.3 0 0 0 0 0 0 0 0 0
338.4 -487.3 2746.7 0 0 0 0 0 0 0 0 0
-165.0 -892.9 2412.1 0 0 0 0 0 0 0 0 0
-29.3 -931.9 2671.8 0 0 0 0 0 0 0 0 0
63.3 -31.9 2801.2 4 0.4329050481 0.6344805956 -0.6403340101 -0.3708248436 0.7728030086 0.5150383115 0.8216338158 0.0144890733 0.5698314905
-62.5 -185.1 2798.3 0.4329050481 0.6344805956 -0.6403340101 -0.3708248436 0.7728030086 0.5150383115 0.8216338158 0.0144890733 0.5698314905
-188.3 -338.1 2795.6 0.4312619865 0.6355047226 -0.6404271126 -0.3728233576 0.7719163895 0.5149250627 0.8215934634 0.0166985802 0.5698292255
-122.6 -132.5 2683.1 -0.5247067213 0.1091610640 -0.8442550898 0.6897373796 0.6357850432 -0.3464674354 0.4989440441 -0.7641081214 -0.4088931680
1.5 -295.7 2565.0 -0.9655643702 0.1091610640 0.2361552119 -0.1148030832 0.6357850432 -0.7632808089 -0.2334644943 -0.7641081214 -0.6013593674
-2.3 -237.7 2913.6 0.5365003347 0.5366976261 -0.6512472630 -0.8246970177 0.1697445959 -0.5395012498 -0.1790033281 0.8265243173 0.5336809754
123.7 -431.2 2871.6 0.8364557624 0.5366976261 -0.1108937040 -0.2357713282 0.1697445959 -0.9568691850 -0.4947258234 0.8265243173 0.2685217559
-352.2 -455.1 2723.3 0.8015408516 -0.5766226053 -0.1582359672 -0.0898330733 0.1455031782 -0.9852709770 0.5911533237 0.8039497733 0.0648269653
-86.8 -522.0 2353.3 0.8015408516 0.2095162123 -0.5600314140 -0.0898330733 0.9681661725 0.2336326689 0.5911533237 -0.1369567961 0.7948462963
-274.9 -525.4 2868.1 0.4608581364 -0.8700143695 -0.1751706302 -0.1623757184 0.1113877445 -0.9804217815 0.8724929094 0.4802788198 -0.0899352580
77.2 -570.5 2673.7 0.4608581364 0.2844168544 -0.8406645060 -0.1623757184 0.9582884908 0.2351963520 0.8724929094 0.0281113498 0.4878174067
252.5 -265.9 2625.7 0 0 0 0 0 0 0 0 0
339.9 -492.2 2743.7 0 0 0 0 0 0 0 0 0
-166.9 -892.0 2405.7 0 0 0 0 0 0 0 0 0
-31.3 -935.8 2663.0 0 0 0 0 0 0 0 0 0
68.7 -37.4 2799.7 5 0.4379844666 0.6463131309 -0.6248591542 -0.3874533176 0.7629162073 0.5175314546 0.8112025261 0.0154330162 0.5845616460
-59.6 -188.9 2796.7 0.4379844666 0.6463131309 -0.6248591542 -0.3874533176 0.7629162073 0.5175314546 0.8112025261 0.0154330162 0.5845616460
-188.0 -340.3 2793.7 0.4370926917 0.6467939019 -0.6249861121 -0.3885052800 0.7624827027 0.5173816085 0.8111804128 0.0166666694 0.5845584869
-120.9 -134.2 2682.7 -0.5183476806 0.0964738950 -0.8497108221 0.6898300648 0.6344152093 -0.3487861156 0.5054207444 -0.7669485807 -0.3953982592
0.9 -296.2 2564.0 -0.9704616070 0.0964738950 0.2211267799 -0.1112314910 0.6344152093 -0.7649476528 -0.2140836716 -0.7669485807 -0.6049447060
1.6 -243.7 2910.6 0.5225834250 0.5499228239 -0.6515300870 -0.8296583295 0.1519672573 -0.5371899605 -0.1964017451 0.8212739229 0.5356636047
124.6 -438.9 2864.4 0.8262473941 0.5499228239 -0.1220662072 -0.2426937521 0.1519672573 -0.9581261277 -0.5083453655 0.8212739229 0.2590253949
-354.0 -456.3 2718.0 0.7943187356 -0.5870002508 -0.1564876735 -0.0904121473 0.1404974908 -0.9859442711 0.6007356644 0.7973024249 0.0585278384
-86.4 -520.3 2354.6 0.7943187356 0.2096963227 -0.5701624155 -0.0904121473 0.9688903689 0.2303846776 0.6007356644 -0.1314492673 0.7885668874
-276.3 -527.3 2865.0 0.4692273736 -0.8620424271 -0.1915945858 -0.1798406839 0.1191326007 -0.9764552116 0.8645709753 0.4926360250 -0.0991300270
73.3 -575.7 2665.2 0.4692273736 0.2984363735 -0.8311205506 -0.1798406839 0.9537345171 0.2409311980 0.8645709753 0.0364177786 0.5011893511
253.1 -267.3 2619.6 0 0 0 0 0 0 0 0 0
338.8 -501.8 2732.6 0 0 0 0 0 0 0 0 0
-166.5 -890.7 2404.8 0 0 0 0 0 0 0 0 0
-40.6 -939.7 2651.3 0 0 0 0 0 0 0 0 0
10.6 0.3 2809.3 6 0.5292838812 0.3327001035 -0.7804929018 -0.2510757446 0.9401270151 0.2304825634 0.8104440570 0.0739721507 0.5811269879
-57.1 -191.1 2794.2 0.5292838812 0.3327001035 -0.7804929018 -0.2510757446 0.9401270151 0.2304825634 0.8104440570 0.0739721507 0.5811269879
-188.8 -339.7 2793.5 0.4430304468 0.6632883549 -0.6031356454 -0.3972994387 0.7483515143 0.5311526656 0.8036648631 0.0043086549 0.5950666070
-119.3 -135.2 2681.2 -0.5215920806 0.0917513743 -0.8482472301 0.6903201938 0.6296462417 -0.3563756645 0.5013977289 -0.7714449167 -0.3917563558
2.6 -296.5 2564.0 -0.9696950912 0.0917513743 0.2264356315 -0.1196698770 0.6296462417 -0.7676097155 -0.2130036056 -0.7714449167 -0.5995849967
5.1 -247.1 2907.2 0.5012722015 0.5674178004 -0.6532711387 -0.8406728506 0.1405585259 -0.5229842067 -0.2049277425 0.8113447428 0.5474708080
123.2 -445.2 2858.9 0.8116924763 0.5674178004 -0.1385363936 -0.2612507045 0.1405585259 -0.9549823999 -0.5224015713 0.8113447428 0.2623285949
-356.5 -455.7 2716.5 0.7900810242 -0.5929678082 -0.1554385424 -0.0861215144 0.1436825544 -0.9858693480 0.6069226265 0.7923032641 0.0624535792
-86.1 -521.2 2355.2 0.7900810242 0.2043308020 -0.5779454112 -0.0861215144 0.9704593420 0.2253703326 0.6069226265 -0.1282873005 0.7843387723
-279.9 -524.9 2866.5 0.4800202847 -0.8505439758 -0.2148383558 -0.1895687729 0.1385413855 -0.9720442295 0.8565303087 0.5073275566 -0.0947339013
65.4 -581.1 2660.6 0.4800202847 0.3193455935 -0.8170672655 -0.1895687729 0.9471424222 0.2588145435 0.8565303087 0.0306542125 0.5151855350
254.6 -265.4 2619.4 0 0 0 0 0 0 0 0 0
333.8 -513.0 2723.3 0 0 0 0 0 0 0 0 0
-164.2 -892.2 2404.3 0 0 0 0 0 0 0 0 0
-56.6 -942.8 2648.9 0 0 0 0 0 0 0 0 0
-14.9 10.3 2814.0 7 0.3919745982 0.3637893200 -0.8449930549 -0.2275067270 0.9282969832 0.2941180170 0.8914014697 0.0769548193 0.4466333687
-88.1 -176.4 2798.5 0.3919745982 0.3637893200 -0.8449930549 -0.2275067270 0.9282969832 0.2941180170 0.8914014697 0.0769548193 0.4466333687
-196.0 -340.5 2791.6 0.3604278862 0.5509456992 -0.7526955605 -0.2882567346 0.8332222700 0.4718566835 0.8871300817 0.0468992628 0.4591303170
-137.0 -135.2 2675.2 -0.5796710849 0.0934420899 -0.8094751239 0.6719346046 0.6167830229 -0.4099786878 0.4609612823 -0.7815671563 -0.4203182757
2.6 -297.0 2564.2 -0.9685364366 0.0934420899 0.2306636274 -0.1255552471 0.6167830229 -0.7770550251 -0.2148790658 -0.7815671563 -0.5856447220
-39.3 -217.6 2921.8 0.6291992664 0.4126037359 -0.6586853862 -0.7747964263 0.2657590806 -0.5736398101 -0.0616343021 0.8712807894 0.4868993163
106.1 -396.6 2907.6 0.9099150300 0.4126037359 -0.0425762981 -0.1649528891 0.2657590806 -0.9498224258 -0.3805852532 0.8712807894 0.3098783791
-349.8 -463.3 2712.5 0.7918369174 -0.5908994675 -0.1543767303 -0.0973261967 0.1274536401 -0.9870578647 0.6029278040 0.7966136932 0.0434124954
-85.7 -520.3 2356.5 0.7918369174 0.2060869038 -0.5749108791 -0.0973261967 0.9718971848 0.2143441886 0.6029278040 -0.1137717515 0.7896417379
-272.1 -531.5 2865.1 0.3667925596 -0.9284713864 -0.0583450943 -0.0667211115 0.0363002419 -0.9971111417 0.9279070497 0.3696257770 -0.0486339815
98.5 -546.0 2717.6 0.3667925596 0.1865450889 -0.9114077687 -0.0667211115 0.9824415445 0.1742324680 0.9279070497 -0.0030970355 0.3727987111
254.4 -264.4 2620.1 0 0 0 0 0 0 0 0 0
337.8 -438.6 2810.7 0 0 0 0 0 0 0 0 0
-164.5 -891.8 2400.0 0 0 0 0 0 0 0 0 0
27.9 -917.7 2718.8 0 0 0 0 0 0 0 0 0
-24.5 12.7 2818.4 8 0.3268489242 0.3887867332 -0.8614027500 -0.2157249600 0.9180925488 0.3325189352 0.9201263785 0.0771426037 0.3839485645
-101.7 -169.6 2803.1 0.3268489242 0.3887867332 -0.8614027500 -0.2157249600 0.9180925488 0.3325189352 0.9201263785 0.0771426037 0.3839485645
-197.9 -341.4 2792.7 0.3143737018 0.4895157516 -0.8133532405 -0.2411207855 0.8698700666 0.4303333759 0.9181666374 0.0608308725 0.3914967179
-144.7 -135.2 2675.0 -0.6014043093 0.1022008881 -0.7923811078 0.6572352648 0.6271933913 -0.4179357290 0.4542627931 -0.7721291780 -0.4443668127
2.1 -295.6 2564.1 -0.9678638577 0.1022008881 0.2297705561 -0.1165905297 0.6271933913 -0.7700877190 -0.2228142172 -0.7721291780 -0.5951221585
-58.8 -204.0 2931.2 0.6839100122 0.3290127814 -0.6511663795 -0.7295523882 0.3139458895 -0.6076111794 0.0045191655 0.8906113505 0.4547428191
100.2 -373.7 2932.3 0.9443181157 0.3290127814 -0.0037252088 -0.1131016091 0.3139458895 -0.9426802397 -0.3089843392 0.8906113505 0.3336766660
-330.1 -483.5 2701.0 0.8083305955 -0.5752367973 -0.1253165007 -0.0924274102 0.0862243921 -0.9919791222 0.5814282298 0.8134297729 0.0165301673
-85.3 -520.2 2354.8 0.8083305955 0.2045369893 -0.5520563722 -0.0924274102 0.9701700807 0.2241143584 0.5814282298 -0.1301333606 0.8031229973
-266.1 -535.6 2865.9 0.3005936444 -0.9537054300 0.0094570937 -0.0207407512 -0.0164498556 -0.9996495247 0.9535267353 0.3002921343 -0.0247252882
116.6 -529.0 2745.4 0.3005936444 0.1186033338 -0.9463491440 -0.0207407512 0.9928160906 0.1178389192 0.9535267353 -0.0157936364 0.3008941114
253.7 -265.3 2622.0 0 0 0 0 0 0 0 0 0
342.1 -402.6 2853.1 0 0 0 0 0 0 0 0 0
-163.5 -891.1 2404.6 0 0 0 0 0 0 0 0 0
71.6 -905.7 2751.4 0 0 0 0 0 0 0 0 0
-31.6 16.4 2819.1 9 0.2996551096 0.3806956708 -0.8748014569 -0.1917977035 0.9222549200 0.3356479108 0.9345696568 0.0672063008 0.3493749499
-107.0 -166.3 2805.8 0.2996551096 0.3806956708 -0.8748014569 -0.1917977035 0.9222549200 0.3356479108 0.9345696568 0.0672063008 0.3493749499
-193.9 -343.7 2796.2 0.2954274416 0.4402227402 -0.8478953838 -0.2011630088 0.8962755203 0.3952513635 0.9339464903 0.0537970923 0.3533408940
-147.8 -137.7 2675.0 -0.6136671305 0.1201782301 -0.7803652287 0.6439982057 0.6480077505 -0.4066353440 0.4568139613 -0.7520925403 -0.4750555754
1.5 -294.4 2563.9 -0.9634360671 0.1201782301 0.2394747734 -0.1066180989 0.6480077505 -0.7541342974 -0.2458120286 -0.7520925403 -0.6115008593
-66.3 -194.9 2936.5 0.7224924564 0.2812743187 -0.6315768957 -0.6899595857 0.3518305421 -0.6325907707 0.0442765206 0.8928045630 0.4482628107
102.6 -356.2 2946.9 0.9590663910 0.2812743187 0.0328089185 -0.0712555051 0.3518305421 -0.9333477020 -0.2740699053 0.8928045630 0.3574711978
-319.3 -493.6 2697.2 0.8207854033 -0.5604152679 -0.1106616631 -0.0911869630 0.0626982450 -0.9938580990 0.5639115572 0.8258351088 0.0003592328
-85.3 -519.8 2352.3 0.8207854033 0.2072264701 -0.5323236585 -0.0911869630 0.9674605727 0.2360190004 0.5639115572 -0.1451799721 0.8129738569
-254.2 -539.6 2871.8 0.2677161396 -0.9615867138 0.0606550351 0.0163000543 -0.0584238172 -0.9981588125 0.9633599520 0.2682119012 0.0000329157
133.7 -516.1 2763.6 0.2677161396 0.0651808456 -0.9612905383 0.0163000543 0.9972599149 0.0721592829 0.9633599520 -0.0349872932 0.2659201324
251.9 -266.7 2627.8 0 0 0 0 0 0 0 0 0
349.7 -374.6 2876.3 0 0 0 0 0 0 0 0 0
-164.5 -889.6 2407.8 0 0 0 0 0 0 0 0 0
108.9 -895.3 2776.9 0 0 0 0 0 0 0 0 0
-33.9 17.0 2819.9 0 0.2769994438 0.3864795268 -0.8797186613 -0.1772391647 0.9203847647 0.3485372365 0.9443821311 0.0593759753 0.3234453797
-110.4 -165.1 2808.2 0.2769994438 0.3864795268 -0.8797186613 -0.1772391647 0.9203847647 0.3485372365 0.9443821311 0.0593759753 0.3234453797
-194.4 -344.4 2799.6 0.2766309977 0.4244501591 -0.8621585369 -0.1780682057 0.9042730927 0.3880488873 0.9443341494 0.0461766757 0.3257310390
-148.8 -139.9 2675.7 -0.6172174811 0.0953710973 -0.7809910178 0.6390977502 0.6397352815 -0.4269576073 0.4589080811 -0.7626553178 -0.4558072686
0.9 -294.9 2564.3 -0.9659491777 0.0953710973 0.2405130416 -0.1256365478 0.6397352815 -0.7582573295 -0.2261805087 -0.7626553178 -0.6059696674
-71.9 -190.3 2940.7 0.7327086329 0.2543399334 -0.6312283874 -0.6765663624 0.3723542690 -0.6353032589 0.0734575838 0.8925600648 0.4449050426
100.2 -349.2 2957.9 0.9663988948 0.2543399334 0.0372071080 -0.0623458847 0.3723542690 -0.9259942174 -0.2493715435 0.8925600648 0.3756997883
-305.9 -503.8 2700.5 0.8403606415 -0.5331907868 -0.0974756479 -0.0903070346 0.0395920947 -0.9951266646 0.5344516635 0.8450680375 -0.0148792434
-85.8 -520.1 2351.6 0.8403606415 0.2023731172 -0.5028310418 -0.0903070346 0.9669943452 0.2382573187 0.5344516635 -0.1548128873 0.8308997154
-253.4 -540.1 2877.4 0.2437554598 -0.9669780731 0.0744091794 0.0373319872 -0.0673113093 -0.9970333576 0.9691179395 0.2458101660 0.0196917132
138.2 -512.9 2777.9 0.2437554598 0.0495549403 -0.9685698748 0.0373319872 0.9974741340 0.0604289360 0.9691179395 -0.0508885197 0.2412897944
251.9 -262.3 2623.1 0 0 0 0 0 0 0 0 0
350.2 -365.3 2893.4 0 0 0 0 0 0 0 0 0
-163.2 -889.8 2410.8 0 0 0 0 0 0 0 0 0
119.3 -893.1 2797.3 0 0 0 0 0 0 0 0 0
-38.0 19.8 2819.9 1 0.2654549181 0.3772525489 -0.8872509003 -0.1706772745 0.9241201282 0.3418644667 0.9488956332 0.0606839731 0.3097006679
-112.5 -162.7 2807.9 0.2654549181 0.3772525489 -0.8872509003 -0.1706772745 0.9241201282 0.3418644667 0.9488956332 0.0606839731 0.3097006679
-193.8 -343.6 2798.5 0.2655299604 0.4098170996 -0.8726647496 -0.1705023348 0.9108514190 0.3758705854 0.9489061236 0.0489864834 0.3117330968
-149.7 -138.6 2674.5 -0.6199172735 0.1007680297 -0.7781698704 0.6427254677 0.6341019869 -0.4299053848 0.4501183331 -0.7666553855 -0.4578569531
1.0 -294.9 2565.1 -0.9631072283 0.1007680297 0.2495400310 -0.1311025769 0.6341019869 -0.7620543242 -0.2350245416 -0.7666553855 -0.5974972844
-75.4 -186.8 2941.2 0.7420755029 0.2355538458 -0.6275653839 -0.6647845507 0.3786480129 -0.6439620852 0.0859386325 0.8950642943 0.4375779629
99.3 -343.3 2961.4 0.9708347917 0.2355538458 0.0446557403 -0.0493596904 0.3786480129 -0.9242236018 -0.2346132398 0.8950642943 0.3792315423
-302.8 -508.0 2704.2 0.8470191956 -0.5218627453 -0.1010830328 -0.0986547247 0.0325252898 -0.9945900440 0.5223272443 0.8524091244 -0.0239346810
-86.3 -521.5 2350.6 0.8470191956 0.2051429152 -0.4903824031 -0.0986547247 0.9671707749 0.2341963798 0.5223272443 -0.1499902755 0.8394504786
-250.9 -540.1 2876.0 0.2285452336 -0.9695424438 0.0880594999 0.0433013998 -0.0802402869 -0.9958345890 0.9725698233 0.2314063460 0.0236440115
142.4 -507.5 2782.1 0.2285452336 0.0345913768 -0.9729185700 0.0433013998 0.9980183244 0.0456555746 0.9725698233 -0.0525631011 0.2265944779
251.3 -260.8 2626.2 0 0 0 0 0 0 0 0 0
351.0 -356.1 2900.6 0 0 0 0 0 0 0 0 0
-164.7 -891.2 2407.9 0 0 0 0 0 0 0 0 0
129.2 -888.5 2802.2 0 0 0 0 0 0 0 0 0
-37.1 17.8 2820.8 2 0.2762690485 0.3700294197 -0.8869913220 -0.1802631170 0.9264820218 0.3303577900 0.9440236092 0.0686241835 0.3226609826
-110.0 -164.6 2807.3 0.2762690485 0.3700294197 -0.8869913220 -0.1802631170 0.9264820218 0.3303577900 0.9440236092 0.0686241835 0.3226609826
-187.6 -347.1 2795.5 0.2766103745 0.3909644783 -0.8778573275 -0.1794356257 0.9184471369 0.3525019884 0.9440813065 0.0600131713 0.3242049813
-148.8 -139.4 2674.6 -0.6223699450 0.1088367179 -0.7751194835 0.6384507418 0.6434738636 -0.4222819507 0.4528093636 -0.7576912045 -0.4699656665
2.3 -294.4 2564.6 -0.9599914551 0.1088367179 0.2580134273 -0.1298004091 0.6434738636 -0.7543826699 -0.2481294423 -0.7576912045 -0.6036023498
-71.1 -189.9 2940.1 0.7567235827 0.2345969379 -0.6101915240 -0.6500254273 0.3693080544 -0.6641374230 0.0695440620 0.8992084265 0.4319580793
107.2 -343.1 2956.4 0.9698230028 0.2345969379 0.0663902164 -0.0257421397 0.3693080544 -0.9289504290 -0.2424473614 0.8992084265 0.3642024696
-299.0 -509.0 2701.9 0.8501036167 -0.5165945292 -0.1022445783 -0.0989831090 0.0339479782 -0.9945098758 0.5172293186 0.8555569053 -0.0222748313
-87.3 -522.9 2351.3 0.8501036167 0.1983101368 -0.4878492951 -0.0989831090 0.9700462222 0.2218392193 0.5172293186 -0.1402974874 0.8442691565
-239.9 -545.9 2870.3 0.2350131124 -0.9659285545 0.1084014103 0.0323488303 -0.1036905274 -0.9940834045 0.9714537263 0.2371293008 0.0068780226
152.3 -503.8 2774.0 0.2350131124 0.0130616594 -0.9719044566 0.0323488303 0.9992507100 0.0212513395 0.9714537263 -0.0364343151 0.2344144881
251.9 -260.7 2629.1 0 0 0 0 0 0 0 0 0
358.9 -349.8 2893.5 0 0 0 0 0 0 0 0 0
-163.1 -893.8 2405.0 0 0 0 0 0 0 0 0 0
147.3 -885.4 2787.9 0 0 0 0 0 0 0 0 0
-35.5 17.2 2820.3 3 0.2688196003 0.3786139786 -0.8856565356 -0.1686445922 0.9238003492 0.3437322974 0.9483116865 0.0569592007 0.3121868372
-110.1 -164.8 2809.1 0.2688196003 0.3786139786 -0.8856565356 -0.1686445922 0.9238003492 0.3437322974 0.9483116865 0.0569592007 0.3121868372
-189.3 -346.8 2799.9 0.2700640559 0.3986475468 -0.8764391541 -0.1656990945 0.9159244299 0.3655492365 0.9484773278 0.0465034656 0.3134137988
-148.0 -141.5 2675.7 -0.6217831373 0.0958046317 -0.7773076892 0.6325287223 0.6466872692 -0.4262662828 0.4618367255 -0.7567146420 -0.4626984298
2.9 -295.0 2563.6 -0.9646700025 0.0958046317 0.2454245985 -0.1271163672 0.6466872692 -0.7520884275 -0.2307665199 -0.7567146420 -0.6116614938
-72.1 -188.2 2942.5 0.7507142425 0.2330551147 -0.6181532741 -0.6552026272 0.3823245168 -0.6515653729 0.0844845101 0.8941550851 0.4397147894
104.9 -342.7 2962.4 0.9708511233 0.2330551147 0.0559766032 -0.0385473706 0.3823245168 -0.9232237339 -0.2365632355 0.8941550851 0.3801638782
-290.4 -513.2 2697.1 0.8558198214 -0.5054156780 -0.1101246029 -0.1106599197 0.0290779453 -0.9934328794 0.5052987337 0.8623859286 -0.0310437735
-88.1 -524.8 2352.0 0.8558198214 0.1993675232 -0.4773101807 -0.1106599197 0.9719436765 0.2075569630 0.5052987337 -0.1248122603 0.8538706303
-234.4 -548.9 2867.4 0.2722229958 -0.9545927048 0.1210266203 0.0157457404 -0.1213406324 -0.9924860597 0.9621053338 0.2720831931 -0.0180009436
148.9 -500.2 2758.2 0.2722229958 0.0065282639 -0.9622120261 0.0157457404 0.9998129010 0.0112380581 0.9621053338 -0.0182099994 0.2720692754
253.6 -262.0 2623.6 0 0 0 0 0 0 0 0 0
357.1 -352.7 2901.0 0 0 0 0 0 0 0 0 0
-164.3 -896.3 2399.7 0 0 0 0 0 0 0 0 0
146.4 -882.1 2765.1 0 0 0 0 0 0 0 0 0
-35.1 18.1 2819.5 4 0.2374074459 0.3892703950 -0.8900035024 -0.1543999761 0.9196715951 0.3610606194 0.9590612054 0.0516980402 0.2784402370
-111.7 -162.9 2809.4 0.2374074459 0.3892703950 -0.8900035024 -0.1543999761 0.9196715951 0.3610606194 0.9590612054 0.0516980402 0.2784402370
-192.5 -344.3 2801.2 0.2394363880 0.4065241814 -0.8817076087 -0.1497281343 0.9127199650 0.3801627159 0.9592974782 0.0409916490 0.2794064879
-145.4 -141.8 2674.5 -0.6200706959 0.0813401937 -0.7803179622 0.6350693703 0.6360310316 -0.4383508265 0.4606508911 -0.7673645020 -0.4460408688
3.6 -294.5 2563.8 -0.9713752866 0.0813401937 0.2231900394 -0.1218201220 0.6360310316 -0.7619871497 -0.2039359659 -0.7673645020 -0.6079159379
-78.1 -183.9 2944.3 0.7409184575 0.2096688449 -0.6380273104 -0.6608194113 0.3970981240 -0.6368915439 0.1198231354 0.8935055137 0.4327705503
96.7 -339.7 2972.5 0.9771541953 0.2096688449 0.0347660780 -0.0526059084 0.3970981240 -0.9162672758 -0.2059182376 0.8935055137 0.3990558982
-293.2 -513.7 2703.7 0.8589122891 -0.5016083717 -0.1032410637 -0.1035903171 0.0272564776 -0.9942465425 0.5015363693 0.8646653295 -0.0285508446
-88.8 -524.8 2351.4 0.8589122891 0.1921622753 -0.4747034311 -0.1035903171 0.9729629159 0.2064273655 0.5015363693 -0.1281283200 0.8555959463
-246.7 -541.8 2875.9 0.2807230651 -0.9538957477 0.1061951891 0.0166179445 -0.1057971045 -0.9942488670 0.9596449137 0.2808733284 -0.0138478996
145.3 -498.3 2760.4 0.2807230651 0.0090887779 -0.9597457647 0.0166179445 0.9997592568 0.0143284090 0.9596449137 -0.0199713167 0.2805044353
256.1 -262.8 2616.7 0 0 0 0 0 0 0 0 0
350.4 -353.4 2919.0 0 0 0 0 0 0 0 0 0
-162.2 -896.7 2400.4 0 0 0 0 0 0 0 0 0
141.8 -880.4 2768.1 0 0 0 0 0 0 0 0 0
-36.5 18.2 2820.2 5 0.2100473791 0.3911230266 -0.8960484862 -0.1446408927 0.9188407660 0.3671657741 0.9669328332 0.0524830483 0.2495724708
-113.9 -163.6 2809.8 0.2100473791 0.3911230266 -0.8960484862 -0.1446408927 0.9188407660 0.3671657741 0.9669328332 0.0524830483 0.2495724708
-195.6 -344.7 2802.1 0.2133500576 0.4111033976 -0.8862707019 -0.1371085644 0.9107785821 0.3894657493 0.9673070908 0.0384227633 0.2506804764
-143.9 -144.4 2673.8 -0.6285542846 0.0618257746 -0.7753045559 0.6239654422 0.6351784468 -0.4552091956 0.4643130898 -0.7698869109 -0.4378212690
6.9 -294.1 2562.3 -0.9782092571 0.0618257746 0.1982024759 -0.1146169454 0.6351784468 -0.7638136148 -0.1731173098 -0.7698869109 -0.6142511964
-83.9 -182.9 2945.8 0.7332964540 0.1888078898 -0.6531676054 -0.6634563208 0.4087638855 -0.6266880035 0.1486676931 0.8928962350 0.4250108898
89.1 -339.4 2980.9 0.9818408489 0.1888078898 0.0184413865 -0.0615025908 0.4087638855 -0.9105654955 -0.1794601232 0.8928962350 0.4129532874
-295.3 -512.0 2705.1 0.8588555455 -0.5025848746 -0.0988713205 -0.0992459431 0.0260880105 -0.9947208762 0.5025110245 0.8641341329 -0.0274736769
-89.7 -522.6 2351.6 0.8588555455 0.1868270785 -0.4769305587 -0.0992459431 0.9741603136 0.2028840333 0.5025110245 -0.1269146651 0.8552048206
-255.5 -539.5 2880.6 0.2741916478 -0.9566654563 0.0980311185 0.0213787928 -0.0958489403 -0.9951663017 0.9614374042 0.2749620676 -0.0058286255
142.3 -499.6 2766.3 0.2741916478 0.0117516452 -0.9616032839 0.0213787928 0.9996037483 0.0183119960 0.9614374042 -0.0255789123 0.2738317549
261.1 -264.3 2607.3 0 0 0 0 0 0 0 0 0
344.1 -355.4 2934.2 0 0 0 0 0 0 0 0 0
-161.1 -895.1 2400.1 0 0 0 0 0 0 0 0 0
137.8 -881.7 2776.0 0 0 0 0 0 0 0 0 0
-36.5 15.8 2820.5 6 0.1906524003 0.3989205062 -0.8969470859 -0.1397559643 0.9154296517 0.3774345815 0.9716583490 0.0533948988 0.2302803695
-115.0 -164.5 2810.0 0.1906524003 0.3989205062 -0.8969470859 -0.1397559643 0.9154296517 0.3774345815 0.9716583490 0.0533948988 0.2302803695
-197.4 -345.2 2801.4 0.1932164729 0.4144324362 -0.8893329501 -0.1340042502 0.9090661407 0.3945144117 0.9719620347 0.0429477207 0.2311822623
-142.2 -145.7 2673.2 -0.6309466958 0.0867512077 -0.7709607482 0.6250250340 0.6455481648 -0.4388750196 0.4596193731 -0.7587764859 -0.4615281522
9.2 -295.7 2562.9 -0.9778626561 0.0867512077 0.1904174685 -0.0904022977 0.6455481648 -0.7583501935 -0.1887114346 -0.7587764859 -0.6234149337
-87.9 -183.3 2946.7 0.7270863056 0.1727978587 -0.6644444466 -0.6661566496 0.4116781354 -0.6218974590 0.1660747081 0.8947972059 0.4144359827
83.7 -340.5 2985.8 0.9849401116 0.1727978587 0.0058235354 -0.0668510050 0.4116781354 -0.9088740349 -0.1594489068 0.8947972059 0.4170300066
-296.9 -513.2 2705.8 0.8531000018 -0.5101831555 -0.1092405841 -0.1121290550 0.0252055507 -0.9933739305 0.5095561147 0.8596963882 -0.0357034989
-87.1 -523.5 2352.3 0.8531000018 0.2020177841 -0.4810500443 -0.1121290550 0.9714426994 0.2091079652 0.5095561147 -0.1244503185 0.8513898849
-260.9 -538.8 2880.7 0.2642071545 -0.9600092769 0.0926106423 0.0203912500 -0.0904410556 -0.9956930280 0.9642503858 0.2649576664 -0.0043193847
140.5 -501.0 2769.9 0.2642071545 0.0146651519 -0.9643544555 0.0203912500 0.9995759726 0.0207874272 0.9642503858 -0.0251565799 0.2637960911
263.3 -272.2 2611.9 0 0 0 0 0 0 0 0 0
339.6 -357.9 2944.4 0 0 0 0 0 0 0 0 0
-164.3 -894.9 2399.9 0 0 0 0 0 0 0 0 0
134.9 -883.1 2779.5 0 0 0 0 0 0 0 0 0
-35.4 20.6 2810.6 7 0.1824494004 0.4069842994 -0.8950284719 -0.1022973880 0.9132248759 0.3944053948 0.9778790474 0.0196000487 0.2082507461
-115.6 -159.3 2806.8 0.1824494004 0.4069842994 -0.8950284719 -0.1022973880 0.9132248759 0.3944053948 0.9778790474 0.0196000487 0.2082507461
-199.5 -339.4 2804.7 0.1848394424 0.4220111072 -0.8875477314 -0.0970508903 0.9065333009 0.4108266830 0.9779649973 0.0102003263 0.2085196674
-141.6 -145.7 2669.3 -0.6371685863 0.0888710320 -0.7655835152 0.6300279498 0.6322175860 -0.4509608746 0.4439379871 -0.7696771622 -0.4588204026
10.5 -296.1 2563.3 -0.9777714014 0.0888710320 0.1899078190 -0.0919570923 0.6322175860 -0.7693145275 -0.1884328276 -0.7696771622 -0.6099919677
-89.5 -172.9 2944.3 0.7203215957 0.1695006937 -0.6726115942 -0.6647984982 0.4454127848 -0.5997086167 0.1979387850 0.8791342378 0.4335242510
80.4 -329.8 2990.9 0.9855163693 0.1695006937 -0.0051942402 -0.0813067108 0.4454127848 -0.8916258812 -0.1488176137 0.8791342378 0.4527431428
-297.5 -513.7 2703.7 0.8529226184 -0.5114605427 -0.1045521498 -0.1087876633 0.0217403322 -0.9938272238 0.5105764270 0.8590316772 -0.0370977782
-89.4 -522.5 2354.1 0.8529226184 0.1941587329 -0.4845879078 -0.1087876633 0.9739897847 0.1987692118 0.5105764270 -0.1168175712 0.8518599272
-265.9 -528.7 2891.6 0.2616141140 -0.9615668654 0.0833500475 0.0543005951 -0.0715574697 -0.9959573150 0.9636438489 0.2650824487 0.0334932096
137.3 -498.7 2780.5 0.2616141140 0.0226359516 -0.9649071097 0.0543005951 0.9977963567 0.0381299630 0.9636438489 -0.0623703636 0.2598084509
264.6 -272.2 2612.3 0 0 0 0 0 0 0 0 0
336.5 -350.9 2952.3 0 0 0 0 0 0 0 0 0
-163.6 -894.8 2398.8 0 0 0 0 0 0 0 0 0
128.7 -879.9 2804.3 0 0 0 0 0 0 0 0 0
-35.9 20.0 2815.2 8 0.1353599876 0.4167999327 -0.8988634348 -0.0957948416 0.9084681869 0.4068278670 0.9861546755 0.0310382638 0.1628975272
-118.1 -159.3 2809.1 0.1353599876 0.4167999327 -0.8988634348 -0.0957948416 0.9084681869 0.4068278670 0.9861546755 0.0310382638 0.1628975272
-203.5 -338.7 2804.9 0.1386712790 0.4296397865 -0.8922891617 -0.0887092650 0.9027610421 0.4208956659 0.9863573909 0.0207881685 0.1633000672
-137.6 -146.8 2670.5 -0.6379503608 0.1063664109 -0.7626962066 0.6242270470 0.6514106393 -0.4312826991 0.4509544075 -0.7512325644 -0.4819644392
13.3 -294.5 2563.8 -0.9701088667 0.1063664109 0.2181169540 -0.0977453291 0.6514106393 -0.7524028420 -0.2221140862 -0.7512325644 -0.6215423942
-98.6 -171.7 2947.7 0.7037388682 0.1331317723 -0.6978735924 -0.6696575880 0.4523893297 -0.5889843702 0.2372980416 0.8818275332 0.4075166583
67.3 -329.6 3003.6 0.9904972315 0.1331317723 -0.0345137566 -0.0917158276 0.4523893297 -0.8870919347 -0.1024864689 0.8818275332 0.4603006840
-300.4 -510.6 2713.0 0.8542645574 -0.5085838437 -0.1075848415 -0.1078147069 0.0291192066 -0.9937444925 0.5085351467 0.8605199456 -0.0299573094
-89.2 -522.7 2355.7 0.8542645574 0.1942694634 -0.4821736217 -0.1078147069 0.9735888839 0.2012476772 0.5085351467 -0.1199333519 0.8526476026
-275.9 -526.3 2890.7 0.2198669761 -0.9728451967 0.0723239481 0.0605363734 -0.0603889674 -0.9963375330 0.9736497402 0.2234399617 0.0456149802
132.3 -501.0 2797.0 0.2198669761 0.0344120227 -0.9749227166 0.0605363734 0.9969702959 0.0488425530 0.9736497402 -0.0697571486 0.2171176672
265.3 -269.1 2621.5 0 0 0 0 0 0 0 0 0
324.5 -353.4 2977.0 0 0 0 0 0 0 0 0 0
-163.5 -894.9 2401.6 0 0 0 0 0 0 0 0 0
119.1 -882.0 2823.7 0 0 0 0 0 0 0 0 0
-32.8 20.1 2816.5 9 0.1950293779 0.3955663145 -0.8974913955 -0.1266203523 0.9175601006 0.3768962622 0.9725897312 0.0401348285 0.2290379107
-111.0 -161.3 2808.6 0.1950293779 0.3955663145 -0.8974913955 -0.1266203523 0.9175601006 0.3768962622 0.9725897312 0.0401348285 0.2290379107
-192.1 -342.6 2802.6 0.1981007159 0.4081189930 -0.8911761642 -0.1196267977 0.9124649763 0.3912763000 0.9728543162 0.0290964451 0.2295819223
-138.8 -144.6 2672.1 -0.6336370707 0.1393882483 -0.7609697580 0.6243610978 0.6729523540 -0.3966211379 0.4568120837 -0.7264337540 -0.5134361982
15.7 -296.8 2560.7 -0.9502459764 0.1393882483 0.2785741389 -0.1154745817 0.6729523540 -0.7306166887 -0.2893064916 -0.7264337540 -0.6233744621
-83.1 -177.9 2945.0 0.7323553562 0.1728162915 -0.6586274505 -0.6589143872 0.4237910509 -0.6214764714 0.1717191786 0.8891207576 0.4242367744
