-254.1 133.3 2584.0 0 0.3330139816 0.1991605759 -0.9216489196 0.1817168593 0.9455613494 0.2699865401 0.9252462983 -0.2573884428 0.2786943018
-293.8 -55.2 2635.3 0.3330139816 0.1991605759 -0.9216489196 0.1817168593 0.9455613494 0.2699865401 0.9252462983 -0.2573884428 0.2786943018
-331.2 -239.8 2688.6 0.3363373578 0.1909224093 -0.9221853614 0.1978073120 0.9430668950 0.2673894167 0.9207330942 -0.2723480463 0.2794227898
-341.7 -83.4 2504.2 -0.5865398049 0.1037137210 -0.8032524586 0.5288347006 0.8002105355 -0.2828373313 0.6134369969 -0.5906831026 -0.5242027640
-226.8 -187.0 2383.9 -0.9420896173 0.1037137210 0.3189210594 -0.1113928109 0.8002105355 -0.5892832279 -0.3163207471 -0.5906831026 -0.7423170805
-245.9 -27.0 2766.5 0.8343592882 0.4998524487 -0.2323619425 -0.5172115564 0.8556999564 -0.0164250731 0.1906219870 0.1338846833 0.9724906683
-78.7 -130.6 2804.7 -0.6606923938 0.6846265793 0.3078506291 0.7122142315 0.7012752891 -0.0310449619 -0.2371422499 0.1987444311 -0.9509280920
-405.5 -437.0 2665.2 0.9750232100 -0.2220164537 0.0061957184 0.0029245948 -0.0150594292 -0.9998823404 0.2220836282 0.9749265909 -0.0140339853
-311.0 -430.6 2250.4 0.9750232100 -0.0327552147 -0.2196742743 0.0029245948 0.9908730984 -0.1347664148 0.2220836282 0.1307579130 0.9662200809
-338.2 -406.6 2825.1 0.5026479363 -0.8330368996 0.2310727239 -0.0173463523 -0.2769583762 -0.9607253075 0.8643171787 0.4788983464 -0.1536626965
-25.8 -302.7 2645.5 0.5026479363 -0.3953711092 -0.7687826157 -0.0173463523 0.8844974041 -0.4662225544 0.8643171787 0.2476813942 0.4377325475
8.1 -159.3 2462.8 0 0 0 0 0 0 0 0 0
-247.8 51.7 2744.0 0 0 0 0 0 0 0 0 0
-298.7 -803.6 2201.1 0 0 0 0 0 0 0 0 0
180.5 -764.2 2516.2 0 0 0 0 0 0 0 0 0
-255.4 134.5 2591.7 1 0.3145962656 0.1941959709 -0.9291486144 0.1664471775 0.9523971081 0.2554116249 0.9345183372 -0.2350057065 0.2672972083
-294.2 -55.7 2638.6 0.3145962656 0.1941959709 -0.9291486144 0.1664471775 0.9523971081 0.2554116249 0.9345183372 -0.2350057065 0.2672972083
-331.3 -241.5 2688.0 0.3181282580 0.1894440502 -0.9289270043 0.1839512736 0.9488754272 0.2565098405 0.9300302863 -0.2524803281 0.2670156062
-339.5 -81.9 2506.1 -0.5479956865 0.1026810557 -0.8301550150 0.5460257530 0.7957415581 -0.2620139420 0.6336849332 -0.5968685150 -0.4921294451
-233.3 -187.7 2383.2 -0.9346488118 0.1026810557 0.3404235244 -0.1281715482 0.7957415581 -0.5919184685 -0.3316679299 -0.5968685150 -0.7305781245
-248.9 -29.5 2771.1 0.8636362553 0.4527790546 -0.2216384560 -0.4740152359 0.8790196776 -0.0513225272 0.1715867817 0.1493839920 0.9737774134
-80.6 -121.8 2804.5 -0.6811211109 0.6540421247 0.3290941119 0.6903178096 0.7234497070 -0.0090447562 -0.2439986914 0.2210189551 -0.9442538023
-399.0 -442.4 2658.7 0.9778782129 -0.2083593011 0.0184541922 0.0124191428 -0.0302358512 -0.9994656444 0.2088059336 0.9775848985 -0.0269793384
-312.1 -429.8 2250.8 0.9778782129 -0.0393082723 -0.2054483294 0.0124191428 0.9913619757 -0.1305647939 0.2088059336 0.1251249760 0.9699195027
-339.6 -410.6 2821.4 0.4868586063 -0.8397599459 0.2403579652 -0.0288618449 -0.2904882431 -0.9564431906 0.8730038404 0.4587154388 -0.1656637192
-24.6 -301.7 2649.4 0.4868586063 -0.4060349166 -0.7733720541 -0.0288618449 0.8774296045 -0.4788364172 0.8730038404 0.2554465830 0.4154652357
-0.7 -155.8 2465.8 0 0 0 0 0 0 0 0 0
-254.9 54.9 2742.0 0 0 0 0 0 0 0 0 0
-297.3 -803.1 2203.6 0 0 0 0 0 0 0 0 0
187.2 -759.5 2516.1 0 0 0 0 0 0 0 0 0
-257.7 131.4 2595.5 2 0.3151630759 0.1874628663 -0.9303386211 0.1511419117 0.9578709602 0.2442117184 0.9369249344 -0.2175796777 0.2735520601
-295.1 -59.8 2638.9 0.3151630759 0.1874628663 -0.9303386211 0.1511419117 0.9578709602 0.2442117184 0.9369249344 -0.2175796777 0.2735520601
-330.7 -246.7 2685.1 0.3187473118 0.1815306991 -0.9302939177 0.1697196960 0.9546950459 0.2444433421 0.9325209856 -0.2358048558 0.2734971344
-340.6 -84.0 2506.0 -0.5018409491 0.0897435918 -0.8602916598 0.5518034101 0.7991365790 -0.2385239601 0.6660845280 -0.5944129825 -0.4505603015
-247.4 -186.4 2382.4 -0.9447498918 0.0897435918 0.3152677715 -0.1206156909 0.7991365790 -0.5889249444 -0.3047942519 -0.5944129825 -0.7441596985
-249.7 -35.6 2771.7 0.8587813973 0.4490802586 -0.2466199398 -0.4751318693 0.8781678677 -0.0554154813 0.1916877031 0.1647667736 0.9675266147
-81.0 -129.0 2809.4 -0.6550098062 0.6627811790 0.3628818691 0.7082751989 0.7058546543 -0.0107471682 -0.2632648647 0.2499807179 -0.9317731857
-397.1 -443.9 2653.4 0.9787715673 -0.2034894228 0.0244592745 0.0183418356 -0.0318947658 -0.9993229508 0.2041317672 0.9785575271 -0.0274853185
-313.5 -430.8 2251.4 0.9787715673 -0.0444591679 -0.2000739425 0.0183418356 0.9912726879 -0.1305451989 0.2041317672 0.1241042092 0.9710450172
-337.4 -418.3 2815.5 0.4889728129 -0.8364897966 0.2473670393 -0.0407481790 -0.3051749468 -0.9514241219 0.8713467717 0.4551407695 -0.1833076924
-23.6 -303.9 2644.7 0.4889728129 -0.4122915864 -0.7687140107 -0.0407481790 0.8694924116 -0.4922626317 0.8713467717 0.2720267475 0.4083580375
-9.0 -156.0 2459.3 0 0 0 0 0 0 0 0 0
-248.5 52.2 2742.1 0 0 0 0 0 0 0 0 0
-296.8 -804.1 2204.6 0 0 0 0 0 0 0 0 0
191.5 -757.5 2502.8 0 0 0 0 0 0 0 0 0
-257.8 129.1 2597.4 3 0.3176678121 0.1934456825 -0.9282596111 0.1460522115 0.9573027492 0.2494799495 0.9368863106 -0.2148261219 0.2758511007
-296.4 -61.6 2640.2 0.3176678121 0.1934456825 -0.9282596111 0.1460522115 0.9573027492 0.2494799495 0.9368863106 -0.2148261219 0.2758511007
-333.0 -248.4 2686.1 0.3216986656 0.1870730221 -0.9281775951 0.1662974507 0.9538863897 0.2498919070 0.9321239591 -0.2347434610 0.2757541835
-342.2 -85.3 2507.3 -0.6038950086 0.1113429070 -0.7892487049 0.5003703833 0.8237268925 -0.2666523457 0.6204355359 -0.5559467077 -0.5531572700
-221.2 -185.5 2383.0 -0.9223296046 0.1113429070 0.3700146377 -0.1226362586 0.8237268925 -0.5535651445 -0.3664265573 -0.5559467077 -0.7460930347
-250.5 -37.9 2773.0 0.8681929708 0.4422944486 -0.2249813378 -0.4665242136 0.8820184469 -0.0663218275 0.1691039056 0.1625393778 0.9721032977
-80.0 -129.5 2806.2 -0.6613028646 0.6689160466 0.3394552469 0.7119287252 0.7022448182 0.0031157343 -0.2362965345 0.2437283844 -0.9406170249
-395.0 -449.0 2646.9 0.9788073897 -0.2032676637 0.0248677470 0.0164634604 -0.0429329835 -0.9989423156 0.2041203231 0.9781814814 -0.0386766307
-312.9 -431.7 2251.7 0.9788073897 -0.0439518392 -0.2000109702 0.0164634604 0.9904239178 -0.1370744705 0.2041203231 0.1308766305 0.9701578021
-340.6 -420.1 2816.3 0.4905472398 -0.8374337554 0.2409732789 -0.0451362580 -0.3005777895 -0.9526886940 0.8702448606 0.4564621747 -0.1852462292
-26.4 -307.4 2645.1 0.4905472398 -0.4062347114 -0.7709323764 -0.0451362580 0.8716582060 -0.4880314767 0.8702448606 0.2741994858 0.4092535973
10.2 -154.7 2475.0 0 0 0 0 0 0 0 0 0
-249.2 52.7 2745.7 0 0 0 0 0 0 0 0 0
-296.4 -804.7 2202.5 0 0 0 0 0 0 0 0 0
185.6 -762.2 2502.0 0 0 0 0 0 0 0 0 0
-255.9 130.1 2598.8 4 0.3084972501 0.2030463964 -0.9293016791 0.1567393690 0.9527475834 0.2602014542 0.9382228851 -0.2259295881 0.2620946467
-296.2 -59.3 2643.7 0.3084972501 0.2030463964 -0.9293016791 0.1567393690 0.9527475834 0.2602014542 0.9382228851 -0.2259295881 0.2620946467
-334.8 -245.2 2691.8 0.3126135170 0.1971644908 -0.9291926622 0.1763011217 0.9491802454 0.2607196271 0.9333759546 -0.2453221828 0.2619662583
-340.8 -84.4 2510.7 -0.6291950345 0.1188698635 -0.7681038976 0.4839021266 0.8332562447 -0.2674374878 0.6082370877 -0.5399574041 -0.5818020701
-211.6 -183.8 2385.8 -0.9158957005 0.1188698635 0.3834124207 -0.1179747656 0.8332562447 -0.5401536822 -0.3836887777 -0.5399574041 -0.7491521239
-251.7 -34.2 2776.7 0.8664857149 0.4589935541 -0.1962840557 -0.4797888994 0.8742970824 -0.0735337734 0.1378590614 0.1578908712 0.9777859449
-78.5 -130.1 2804.3 -0.6598889828 0.6818971634 0.3155356348 0.7199158669 0.6940378547 0.0057112034 -0.2150992155 0.2309278548 -0.9488965273
-398.7 -450.2 2647.9 0.9775295258 -0.2087281644 0.0294717997 0.0205684453 -0.0446985178 -0.9987887740 0.2097926885 0.9769516587 -0.0394009091
-313.8 -432.0 2250.4 0.9775295258 -0.0473422967 -0.2054135799 0.0205684453 0.9912258387 -0.1305689812 0.2097926885 0.1234100014 0.9699262977
-345.2 -415.1 2824.2 0.4804546237 -0.8448022008 0.2355261445 -0.0373122469 -0.2879994810 -0.9569033980 0.8762255311 0.4509606361 -0.1698921621
-28.2 -307.1 2655.0 0.4804546237 -0.4023362994 -0.7792873979 -0.0373122469 0.8783815503 -0.4765014946 0.8762255311 0.2580143213 0.4070104063
20.6 -153.9 2483.1 0 0 0 0 0 0 0 0 0
-247.4 54.2 2749.2 0 0 0 0 0 0 0 0 0
-296.0 -805.3 2203.9 0 0 0 0 0 0 0 0 0
181.7 -765.4 2520.3 0 0 0 0 0 0 0 0 0
-251.3 134.4 2591.6 5 0.3271207511 0.2117670476 -0.9209488034 0.1591799259 0.9482927918 0.2745952904 0.9314793348 -0.2364223897 0.2764971852
-293.4 -54.1 2638.6 0.3271207511 0.2117670476 -0.9209488034 0.1591799259 0.9482927918 0.2745952904 0.9314793348 -0.2364223897 0.2764971852
-333.5 -239.2 2688.5 0.3313004971 0.2048679888 -0.9210152626 0.1781735867 0.9449959397 0.2742933929 0.9265496135 -0.2549741268 0.2765755355
-340.7 -79.5 2506.5 -0.6652477980 0.1409068108 -0.7332057357 0.4952901900 0.8181271553 -0.2921567559 0.5586886406 -0.5575062633 -0.6140470505
-200.0 -184.2 2388.4 -0.9090812802 0.1409068108 0.3920668960 -0.1160859764 0.8181271553 -0.5631979704 -0.4001190066 -0.5575062633 -0.7273868322
-246.2 -28.7 2770.6 0.8255796432 0.5016671419 -0.2583568990 -0.5232573152 0.8519907594 -0.0177074205 0.2112344354 0.1498060226 0.9658872485
-80.8 -133.6 2812.9 -0.6255791783 0.6886807084 0.3665645421 0.7251144052 0.6866235733 -0.0525089391 -0.2878537476 0.2329527289 -0.9289097190
-401.7 -447.0 2655.4 0.9766585827 -0.2134763747 0.0237876829 0.0163515341 -0.0365321785 -0.9991986752 0.2141743302 0.9762649536 -0.0321887992
-313.6 -431.9 2252.4 0.9766585827 -0.0450008996 -0.2100307941 0.0163515341 0.9905467629 -0.1361973137 0.2141743302 0.1295839548 0.9681618214
-343.7 -408.1 2822.2 0.4954171479 -0.8402400017 0.2203601301 -0.0377723537 -0.2742775679 -0.9609084725 0.8678335547 0.4677270055 -0.1676196605
-28.5 -305.2 2646.7 0.4954171479 -0.3865128756 -0.7779265046 -0.0377723537 0.8851201534 -0.4638271034 0.8678335547 0.2591720223 0.4239042103
28.6 -155.0 2489.0 0 0 0 0 0 0 0 0 0
-240.4 51.4 2739.4 0 0 0 0 0 0 0 0 0
-296.6 -805.0 2203.5 0 0 0 0 0 0 0 0 0
173.2 -767.1 2511.5 0 0 0 0 0 0 0 0 0
-249.3 140.7 2595.4 6 0.3102486432 0.2223749310 -0.9242808819 0.1638473421 0.9451990128 0.2824054956 0.9364293218 -0.2390568852 0.2568111718
-293.8 -48.3 2643.2 0.3102486432 0.2223749310 -0.9242808819 0.1638473421 0.9451990128 0.2824054956 0.9364293218 -0.2390568852 0.2568111718
-336.0 -232.7 2693.6 0.3145976067 0.2155808806 -0.9244204760 0.1825868487 0.9419386983 0.2818039656 0.9314990044 -0.2574418783 0.2569694221
-338.6 -74.3 2510.5 -0.6601608396 0.1442194581 -0.7371488810 0.5049736500 0.8117292523 -0.2934232950 0.5560479760 -0.5659472942 -0.6086988449
-196.0 -183.3 2390.4 -0.9065322876 0.1442194581 0.3967366517 -0.1209219843 0.8117292523 -0.5713785887 -0.4044466615 -0.5659472942 -0.7184194922
-249.0 -22.2 2775.9 0.8208502531 0.5305600166 -0.2114496380 -0.5515888333 0.8324624896 -0.0524974242 0.1481708586 0.1597257853 0.9759780169
-76.0 -138.5 2807.2 -0.6404353380 0.6953158975 0.3261570036 0.7290383577 0.6839571595 -0.0265648104 -0.2415483296 0.2207679152 -0.9449422956
-403.6 -440.3 2654.7 0.9755285978 -0.2194175571 0.0141393542 0.0099966275 -0.0199793931 -0.9997504354 0.2196452916 0.9754264355 -0.0172970332
-313.1 -432.1 2252.4 0.9755285978 -0.0402514935 -0.2161568999 0.0099966275 0.9902033210 -0.1392746121 0.2196452916 0.1337055266 0.9663740396
-349.8 -400.7 2828.2 0.4784626961 -0.8507374525 0.2175298929 -0.0348785259 -0.2659424245 -0.9633577466 0.8774148822 0.4533436298 -0.1569160074
-30.6 -300.9 2658.1 0.4784626961 -0.3858065009 -0.7888135314 -0.0348785259 0.8892517090 -0.4560864568 0.8774148822 0.2457330227 0.4120174348
34.0 -152.7 2493.1 0 0 0 0 0 0 0 0 0
-239.5 47.7 2745.5 0 0 0 0 0 0 0 0 0
-297.9 -805.0 2202.0 0 0 0 0 0 0 0 0 0
170.7 -764.9 2529.9 0 0 0 0 0 0 0 0 0
-248.7 142.0 2589.3 7 0.2965398133 0.2365173250 -0.9252695441 0.1892093718 0.9350929260 0.2996681333 0.9360896945 -0.2639331818 0.2325409949
-295.7 -44.0 2641.8 0.2965398133 0.2365173250 -0.9252695441 0.1892093718 0.9350929260 0.2996681333 0.9360896945 -0.2639331818 0.2325409949
-340.0 -226.6 2696.9 0.3011489511 0.2258651108 -0.9264417291 0.2078273594 0.9326425791 0.2949331701 0.9306541085 -0.2813587487 0.2339233756
-338.7 -73.6 2509.3 -0.6277288795 0.1178681329 -0.7694566846 0.5275024176 0.7913177013 -0.3091237843 0.5724488497 -0.5999361873 -0.5589087009
-206.2 -184.9 2388.5 -0.9456837773 0.1178681329 0.3029674292 -0.0948741958 0.7913177013 -0.6039993763 -0.3109357655 -0.5999361873 -0.7371536493
-252.8 -14.3 2774.4 0.8228744268 0.5432689786 -0.1665425450 -0.5587869883 0.8268644214 -0.0636576936 0.1031248569 0.1454440951 0.9839772582
-67.8 -140.0 2797.6 -0.6654749513 0.6956301332 0.2706321776 0.7209186554 0.6929677725 -0.0084838402 -0.1934410036 0.1894580126 -0.9626454115
-406.7 -433.7 2659.8 0.9749981165 -0.2216552794 0.0157345366 0.0148254493 -0.0057646325 -0.9998734593 0.2217179388 0.9751080275 -0.0023343673
-313.8 -431.3 2251.3 0.9749981165 -0.0447754562 -0.2176552266 0.0148254493 0.9904138446 -0.1373339295 0.2217179388 0.1306734830 0.9663154483
-357.0 -390.4 2836.0 0.4642078280 -0.8595928550 0.2135678083 -0.0122752003 -0.2473421097 -0.9688504338 0.8856412172 0.4471263885 -0.1253698170
-34.6 -297.6 2668.3 0.4642078280 -0.3836732507 -0.7983144522 -0.0122752003 0.8984371424 -0.4389305115 0.8856412172 0.2135544419 0.4123519063
30.9 -161.1 2466.5 0 0 0 0 0 0 0 0 0
-237.7 44.1 2748.2 0 0 0 0 0 0 0 0 0
-296.9 -804.3 2202.1 0 0 0 0 0 0 0 0 0
165.5 -766.2 2556.9 0 0 0 0 0 0 0 0 0
-251.9 138.0 2598.8 8 0.2772530019 0.2252071500 -0.9340302348 0.1781295538 0.9432392716 0.2803026736 0.9441401362 -0.2440931499 0.2213998735
-296.6 -49.5 2647.3 0.2772530019 0.2252071500 -0.9340302348 0.1781295538 0.9432392716 0.2803026736 0.9441401362 -0.2440931499 0.2213998735
-339.5 -233.5 2698.7 0.2816098332 0.2187424451 -0.9342631698 0.1966097802 0.9398552179 0.2793147564 0.9391701221 -0.2623430490 0.2216655612
-336.8 -77.5 2513.6 -0.5809102654 0.1077613384 -0.8068028092 0.5232767463 0.8086727262 -0.2687561214 0.6234779358 -0.5783043504 -0.5261552930
-216.9 -185.5 2384.9 -0.9499481320 0.1077613384 0.2932338417 -0.0878162161 0.8086727262 -0.5816671848 -0.2998114228 -0.5783043504 -0.7587339282
-256.5 -21.5 2781.1 0.8510816693 0.5024154186 -0.1524424702 -0.5191375017 0.8486625552 -0.1013318226 0.0784615502 0.1653802693 0.9831038117
-70.2 -135.2 2798.3 -0.6692543030 0.6757928133 0.3088732362 0.7111015916 0.7030848861 0.0024868294 -0.2154835165 0.2213045806 -0.9510999322
-411.5 -427.9 2667.9 0.9734531045 -0.2287623733 0.0075370697 0.0098007685 0.0087609245 -0.9999135733 0.2286765724 0.9734428525 0.0107703963
-313.4 -431.7 2250.5 0.9734531045 -0.0410129316 -0.2251820862 0.0098007685 0.9903820157 -0.1380122304 0.2286765724 0.1321414709 0.9644924402
-356.8 -399.8 2834.9 0.4483347237 -0.8641977906 0.2283815145 -0.0203924794 -0.2653209269 -0.9639444947 0.8936331272 0.4275125265 -0.1365757138
-32.7 -300.2 2674.6 0.4483347237 -0.3992616236 -0.7997412682 -0.0203924794 0.8898980618 -0.4557034075 0.8936331272 0.2206163704 0.3908302784
21.1 -163.5 2460.0 0 0 0 0 0 0 0 0 0
-241.3 46.6 2743.2 0 0 0 0 0 0 0 0 0
-298.0 -804.7 2200.8 0 0 0 0 0 0 0 0 0
175.6 -764.5 2559.5 0 0 0 0 0 0 0 0 0
-252.8 142.1 2599.0 9 0.2883456647 0.2192599624 -0.9320846796 0.1786296219 0.9440234900 0.2773284912 0.9407168627 -0.2464644015 0.2330387682
-296.6 -46.3 2648.2 0.2883456647 0.2192599624 -0.9320846796 0.1786296219 0.9440234900 0.2773284912 0.9407168627 -0.2464644015 0.2330387682
-337.5 -230.7 2700.1 0.2927979529 0.2093773186 -0.9329686761 0.1982120126 0.9412450790 0.2734405398 0.9354043603 -0.2649884224 0.2340935320
-338.3 -74.6 2515.0 -0.5442824960 0.0940541923 -0.8336127996 0.5427216291 0.7972090244 -0.2644069493 0.6396951079 -0.5963317752 -0.4849521816
-226.3 -186.3 2383.3 -0.9582541585 0.0940541923 0.2700052261 -0.0899577662 0.7972090244 -0.5969634652 -0.2713975012 -0.5963317752 -0.7554679513
-254.8 -18.1 2781.5 0.8505076170 0.5026550889 -0.1548374444 -0.5190547705 0.8496982455 -0.0927093923 0.0849642605 0.1592191607 0.9835803509
-83.3 -122.8 2798.6 -0.6597627997 0.6805940270 0.3185981810 0.7154204249 0.6986097097 -0.0108658411 -0.2299710065 0.2207627594 -0.9478275776
-407.7 -435.3 2665.2 0.9747717977 -0.2230007052 0.0095189437 0.0076294811 -0.0093329232 -0.9999273419 0.2230733484 0.9747735858 -0.0073960912
-313.1 -431.3 2251.7 0.9747717977 -0.0395997986 -0.2196628749 0.0076294811 0.9894723296 -0.1445210129 0.2230733484 0.1391990930 0.9648118615
-352.1 -397.1 2836.5 0.4603555501 -0.8567485213 0.2324967384 -0.0178142600 -0.2707617283 -0.9624815583 0.8875558376 0.4389419854 -0.1399090141
-30.7 -295.5 2671.9 0.4603555501 -0.4017996788 -0.7915995121 -0.0178142600 0.8873465657 -0.4607588053 0.8875558376 0.2262146473 0.4013371766
13.9 -163.7 2451.4 0 0 0 0 0 0 0 0 0
-252.1 60.2 2739.8 0 0 0 0 0 0 0 0 0
-298.2 -804.0 2199.2 0 0 0 0 0 0 0 0 0
179.0 -758.5 2553.8 0 0 0 0 0 0 0 0 0
-253.8 144.5 2599.2 0 0.2861667573 0.2188117951 -0.9328612089 0.1778714508 0.9445232749 0.2761115134 0.9415255189 -0.2449433208 0.2313707918
-297.5 -44.3 2648.1 0.2861667573 0.2188117951 -0.9328612089 0.1778714508 0.9445232749 0.2761115134 0.9415255189 -0.2449433208 0.2313707918
-338.3 -228.7 2699.9 0.2908678651 0.2085355669 -0.9337605834 0.1986192614 0.9415354729 0.2721421421 0.9359200001 -0.2646202147 0.2324432284
-339.0 -72.6 2514.8 -0.5723214746 0.0909054130 -0.8149750233 0.5410001278 0.7887254953 -0.2919433713 0.6162523627 -0.6079870462 -0.5005843639
-218.9 -186.1 2385.5 -0.9642208815 0.0909054130 0.2490267903 -0.0829565227 0.7887254953 -0.6091225147 -0.2517863214 -0.6079870462 -0.7529643774
-256.0 -16.0 2781.5 0.8449983597 0.5021948814 -0.1837881356 -0.5216039419 0.8497810364 -0.0761680081 0.1179284900 0.1602264643 0.9800103903
-93.9 -116.1 2804.1 -0.6415148973 0.6795827746 0.3558453023 0.7177533507 0.6954568624 -0.0342031792 -0.2707189620 0.2334673256 -0.9339187741
-405.0 -432.9 2667.5 0.9758107066 -0.2184650451 0.0081527634 0.0078828493 -0.0021070777 -0.9999666810 0.2184749395 0.9758424759 -0.0003339821
-311.9 -432.0 2251.7 0.9758107066 -0.0388096459 -0.2151447237 0.0078828493 0.9897229075 -0.1427812129 0.2184749395 0.1376314759 0.9660881162
-352.9 -395.1 2836.4 0.4588505030 -0.8571299314 0.2340608835 -0.0171751324 -0.2719368935 -0.9621617794 0.8883474469 0.4374684095 -0.1394997090
-31.3 -293.1 2672.2 0.4588505030 -0.4034447670 -0.7916366458 -0.0171751324 0.8867735863 -0.4618848562 0.8883474469 0.2255325764 0.3999672830
22.7 -165.3 2448.6 0 0 0 0 0 0 0 0 0
-258.0 67.5 2734.9 0 0 0 0 0 0 0 0 0
-297.3 -804.8 2199.8 0 0 0 0 0 0 0 0 0
179.2 -755.9 2554.5 0 0 0 0 0 0 0 0 0
-255.8 145.1 2600.2 1 0.2684287429 0.2158040404 -0.9388155341 0.1755490899 0.9473045468 0.2679488957 0.9471687078 -0.2367334068 0.2163995653
-299.0 -44.4 2647.6 0.2684287429 0.2158040404 -0.9388155341 0.1755490899 0.9473045468 0.2679488957 0.9471687078 -0.2367334068 0.2163995653
-339.4 -229.2 2698.5 0.2737636566 0.2065372169 -0.9393592477 0.1994301230 0.9432547092 0.2655149400 0.9408937693 -0.2600248754 0.2170391083
-338.0 -72.8 2513.5 -0.6104848385 0.0570623800 -0.7899697423 0.5244982839 0.7764869928 -0.3492413163 0.5934726596 -0.6275442839 -0.5039626360
-210.9 -182.0 2390.0 -0.9712662101 0.0570623800 0.2310537994 -0.1022945344 0.7764869928 -0.6217747331 -0.2148902118 -0.6275442839 -0.7483384013
-260.0 -16.0 2781.6 0.8555160165 0.4870809913 -0.1756259054 -0.5069857836 0.8569133282 -0.0930858850 0.1051558107 0.1686763018 0.9800462127
-96.3 -113.0 2801.8 -0.6472048163 0.6736980677 0.3567307293 0.7159918547 0.6978522539 -0.0189172588 -0.2616898715 0.2431729734 -0.9340156913
-405.5 -431.1 2667.2 0.9752336144 -0.2211486846 0.0035598248 0.0042973910 0.0028541097 -0.9999867082 0.2211355865 0.9752359390 0.0037337861
-311.5 -432.3 2252.6 0.9752336144 -0.0377962627 -0.2179239690 0.0042973910 0.9883427024 -0.1521847397 0.2211355865 0.1474791765 0.9640274644
-355.1 -395.9 2834.5 0.4440101385 -0.8624519706 0.2429640591 -0.0151053648 -0.2783249319 -0.9603682160 0.8958944082 0.4227431715 -0.1366067529
-31.5 -291.5 2675.9 0.4440101385 -0.4131710231 -0.7950752974 -0.0151053648 0.8837615848 -0.4676935971 0.8958944082 0.2196705937 0.3861580193
34.9 -156.1 2444.4 0 0 0 0 0 0 0 0 0
-261.9 70.2 2734.8 0 0 0 0 0 0 0 0 0
-297.2 -804.5 2197.1 0 0 0 0 0 0 0 0 0
184.1 -752.6 2561.2 0 0 0 0 0 0 0 0 0
-258.1 146.2 2599.7 2 0.2541492879 0.2073671222 -0.9446729422 0.1812058091 0.9492385387 0.2571198642 0.9500381947 -0.2365270555 0.2036721706
-299.6 -43.6 2647.0 0.2541492879 0.2073671222 -0.9446729422 0.1812058091 0.9492385387 0.2571198642 0.9500381947 -0.2365270555 0.2036721706
-339.2 -228.7 2697.3 0.2584460676 0.2023237795 -0.9446008205 0.2010737360 0.9451386333 0.2574534416 0.9448677301 -0.2564722598 0.2035853565
-336.4 -72.2 2512.4 -0.5948817730 0.0932713822 -0.7983834743 0.5383126140 0.7838442922 -0.3095281124 0.5969381928 -0.6139125228 -0.5165038705
-212.7 -184.2 2388.3 -0.9630988836 0.0932713822 0.2524697781 -0.0853242427 0.7838442922 -0.6150673628 -0.2552651763 -0.6139125228 -0.7469612360
-262.8 -15.0 2781.7 0.8584415913 0.4758900106 -0.1913289875 -0.4986287653 0.8617174029 -0.0938747227 0.1201974750 0.1759880930 0.9770264626
-95.3 -112.3 2805.1 -0.6564299464 0.6592294574 0.3667645752 0.7050489187 0.7090472579 -0.0125683723 -0.2683388591 0.2503367066 -0.9302288890
-404.6 -431.9 2664.4 0.9754034877 -0.2203993648 0.0034906282 0.0038721606 0.0012990951 -0.9999916553 0.2203929871 0.9754088521 0.0021205635
-311.4 -432.5 2252.0 0.9754034877 -0.0375171416 -0.2172107846 0.0038721606 0.9881734848 -0.1532912999 0.2203929871 0.1486797929 0.9640130997
-355.5 -395.7 2832.9 0.4311434031 -0.8660824895 0.2530147433 -0.0119623840 -0.2858781219 -0.9581913352 0.9022040963 0.4100911915 -0.1336148828
-30.5 -288.4 2679.0 0.4311434031 -0.4237273037 -0.7965993881 -0.0119623840 0.8801084757 -0.4746218920 0.9022040963 0.2141593248 0.3743841946
29.6 -162.7 2452.5 0 0 0 0 0 0 0 0 0
-263.3 68.2 2736.4 0 0 0 0 0 0 0 0 0
-297.3 -804.7 2196.0 0 0 0 0 0 0 0 0 0
190.6 -747.7 2567.3 0 0 0 0 0 0 0 0 0
-256.9 148.1 2599.0 3 0.2422665507 0.2161164880 -0.9458332658 0.1806550175 0.9477774501 0.2628338635 0.9532421827 -0.2345453799 0.1905722469
-300.2 -41.7 2646.0 0.2422665507 0.2161164880 -0.9458332658 0.1806550175 0.9477774501 0.2628338635 0.9532421827 -0.2345453799 0.1905722469
-340.9 -226.7 2695.9 0.2469572425 0.2079911977 -0.9464416504 0.2015816271 0.9443000555 0.2601197362 0.9478275180 -0.2550236881 0.1912745237
-335.3 -70.4 2510.9 -0.5381355882 0.0760831758 -0.8394173384 0.5676516294 0.7688994408 -0.2942198217 0.6230422854 -0.6348267794 -0.4569608569
-225.7 -186.1 2384.0 -0.9460783601 0.0760831758 0.3148763478 -0.1453876644 0.7688994408 -0.6226203442 -0.2894791663 -0.6348267794 -0.7163775563
-265.0 -13.0 2781.1 0.8514800668 0.4758710265 -0.2202916443 -0.5023828149 0.8606935740 -0.0825715512 0.1503102034 0.1809787601 0.9719328880
-101.3 -109.5 2809.9 -0.6352427006 0.6570819616 0.4058448970 0.7085239291 0.7049456239 -0.0323335603 -0.3073444068 0.2670111656 -0.9133698344
-402.2 -432.0 2662.1 0.9765470028 -0.2151573896 0.0079550343 0.0081164399 -0.0001333295 -0.9999670386 0.2151513547 0.9765793681 0.0016161095
-311.6 -431.9 2251.1 0.9765470028 -0.0387702473 -0.2117849141 0.0081164399 0.9895833135 -0.1437321752 0.2151513547 0.1386422813 0.9666892886
-359.3 -393.4 2831.5 0.4196306169 -0.8719592690 0.2521848083 -0.0120086614 -0.2831386924 -0.9590038061 0.9076155424 0.3993989527 -0.1292847246
-32.1 -287.1 2681.7 0.4196306169 -0.4241322279 -0.8025098443 -0.0120086614 0.8814469576 -0.4721303582 0.9076155424 0.2077574283 0.3647888601
10.2 -149.8 2456.2 0 0 0 0 0 0 0 0 0
-263.8 71.7 2731.3 0 0 0 0 0 0 0 0 0
-297.0 -804.6 2198.9 0 0 0 0 0 0 0 0 0
189.2 -747.1 2573.3 0 0 0 0 0 0 0 0 0
-255.8 151.7 2599.6 4 0.2695329785 0.2107901126 -0.9396379590 0.1816152334 0.9471126795 0.2645628452 0.9457102418 -0.2419609725 0.2169954032
-298.1 -38.3 2648.2 0.2695329785 0.2107901126 -0.9396379590 0.1816152334 0.9471126795 0.2645628452 0.9457102418 -0.2419609725 0.2169954032
-338.0 -223.1 2699.5 0.2740319967 0.2040203512 -0.9398308992 0.2021174878 0.9431964159 0.2636835277 0.9402419925 -0.2622139752 0.2172299325
-337.1 -67.1 2514.2 -0.5315789580 0.0619366206 -0.8447411656 0.5669770241 0.7669444680 -0.3005549014 0.6292542219 -0.6387174726 -0.4428081810
-225.4 -186.3 2382.0 -0.9416527748 0.0619366206 0.3308381438 -0.1672232598 0.7669444680 -0.6195422411 -0.2921068370 -0.6387174726 -0.7118381262
-259.0 -9.5 2782.1 0.8261705041 0.5176728964 -0.2223894000 -0.5419208407 0.8381198049 -0.0622651167 0.1541559994 0.1719590575 0.9729676247
-107.1 -109.2 2810.5 -0.6129178405 0.6786232591 0.4047247767 0.7217352986 0.6893136501 -0.0628077462 -0.3216051161 0.2536081672 -0.9122790694
-403.9 -429.8 2660.2 0.9751058817 -0.2217095345 0.0036587485 0.0046183276 0.0038098288 -0.9999820590 0.2216916233 0.9751052856 0.0047389138
-310.6 -431.4 2249.8 0.9751058817 -0.0351407528 -0.2189375013 0.0046183276 0.9903669357 -0.1383905560 0.2216916233 0.1339343190 0.9658749700
-353.2 -389.5 2835.8 0.4447849989 -0.8613996506 0.2452691197 -0.0120860254 -0.2795963883 -0.9600415826 0.8955557942 0.4240477681 -0.1347711682
-30.1 -284.7 2676.8 0.4447849989 -0.4150568247 -0.7936586738 -0.0120860254 0.8832762837 -0.4686971009 0.8955557942 0.2180616260 0.3878516555
9.5 -144.6 2454.9 0 0 0 0 0 0 0 0 0
-263.9 75.5 2728.2 0 0 0 0 0 0 0 0 0
-297.4 -804.4 2199.4 0 0 0 0 0 0 0 0 0
186.5 -745.6 2563.0 0 0 0 0 0 0 0 0 0
-256.6 153.9 2599.5 5 0.2716332972 0.2148369998 -0.9381153584 0.1843023747 0.9451127648 0.2698046267 0.9445887804 -0.2461847961 0.2171291113
-299.7 -35.6 2648.8 0.2716332972 0.2148369998 -0.9381153584 0.1843023747 0.9451127648 0.2698046267 0.9445887804 -0.2461847961 0.2171291113
-340.6 -219.9 2700.7 0.2758211792 0.2092786729 -0.9381498098 0.2029298991 0.9413329363 0.2696512341 0.9395436049 -0.2647541761 0.2171706557
-339.0 -64.5 2514.9 -0.5462784171 0.0639590248 -0.8351581693 0.5651720762 0.7640388012 -0.3111675382 0.6181913018 -0.6419921517 -0.4535257518
-221.6 -186.0 2382.1 -0.9342294335 0.0639590248 0.3508911133 -0.1803539693 0.7640388012 -0.6194490790 -0.3077137768 -0.6419921517 -0.7022523284
-260.4 -6.7 2782.7 0.8255361319 0.5226767063 -0.2128360718 -0.5456566215 0.8355126381 -0.0646332353 0.1440449357 0.1694924980 0.9749478698
-105.0 -109.4 2809.8 -0.6241311431 0.6801270843 0.3845614195 0.7204363346 0.6914445162 -0.0536283106 -0.3023769259 0.2435809076 -0.9215403199
-402.7 -426.1 2665.9 0.9771841168 -0.2121967226 0.0091504185 0.0120044872 0.0121656591 -0.9998539090 0.2120544165 0.9771512151 0.0144354021
-312.0 -431.3 2248.1 0.9771841168 -0.0379856490 -0.2089695483 0.0120044872 0.9921821356 -0.1242194697 0.2120544165 0.1188767254 0.9700006247
-356.7 -386.0 2837.4 0.4453058541 -0.8627343774 0.2395665497 -0.0124012250 -0.2734760344 -0.9617988467 0.8952926397 0.4253237545 -0.1324794441
-33.0 -283.4 2677.9 0.4453058541 -0.4098796248 -0.7960536480 -0.0124012250 0.8861607313 -0.4632119536 0.8952926397 0.2161430418 0.3895295560
12.8 -140.7 2459.2 0 0 0 0 0 0 0 0 0
-264.7 75.0 2732.4 0 0 0 0 0 0 0 0 0
-297.7 -804.9 2203.3 0 0 0 0 0 0 0 0 0
180.9 -745.8 2565.1 0 0 0 0 0 0 0 0 0
-254.2 157.2 2598.9 6 0.2948041260 0.2072030604 -0.9328222871 0.1636758447 0.9508301020 0.2629302740 0.9414354563 -0.2301934063 0.2463945150
-296.0 -34.3 2645.3 0.2948041260 0.2072030604 -0.9328222871 0.1636758447 0.9508301020 0.2629302740 0.9414354563 -0.2301934063 0.2463945150
-334.9 -220.0 2693.7 0.2987365127 0.1983540058 -0.9334946275 0.1820906550 0.9483439922 0.2597818375 0.9368028045 -0.2475869656 0.2471865714
-338.6 -60.3 2511.8 -0.5678781271 0.1048487797 -0.8164074421 0.5720097423 0.7634842992 -0.2998275459 0.5918776989 -0.6372585297 -0.4935405850
-214.0 -185.8 2382.0 -0.9258849025 0.1048487797 0.3629654348 -0.1589325666 0.7634842992 -0.6259649992 -0.3427500725 -0.6372585297 -0.6902346611
-253.4 -8.4 2778.7 0.8248182535 0.5195670724 -0.2229909152 -0.5444514751 0.8362355232 -0.0654423162 0.1524712592 0.1753857434 0.9726213813
-99.1 -110.2 2807.2 -0.6491084695 0.6671556830 0.3654607236 0.7075623274 0.7059279680 -0.0319573320 -0.2793094516 0.2378424704 -0.9302780032
-406.6 -422.7 2667.6 0.9757700562 -0.2186743617 0.0073666545 0.0121249007 0.0204255302 -0.9997178316 0.2184621841 0.9755840898 0.0225820262
-313.2 -431.4 2251.1 0.9757700562 -0.0431244597 -0.2145064622 0.0121249007 0.9895351529 -0.1437814832 0.2184621841 0.1376967877 0.9660816789
-346.8 -389.3 2826.8 0.4678622186 -0.8504677415 0.2404361814 -0.0314957276 -0.2879191339 -0.9571366310 0.8832400441 0.4402353764 -0.1614925861
-27.7 -281.3 2661.6 0.4678622186 -0.4079553485 -0.7840136290 -0.0314957276 0.8788329363 -0.4760889709 0.8832400441 0.2474371344 0.3983238637
18.7 -145.9 2468.1 0 0 0 0 0 0 0 0 0
-265.2 70.8 2735.7 0 0 0 0 0 0 0 0 0
-297.0 -804.0 2199.3 0 0 0 0 0 0 0 0 0
185.1 -739.7 2532.6 0 0 0 0 0 0 0 0 0
-255.6 151.9 2601.1 7 0.3002156317 0.2042866349 -0.9317389727 0.1559712291 0.9531373382 0.2592338026 0.9410332441 -0.2231505066 0.2542839050
-296.6 -39.1 2645.8 0.3002156317 0.2042866349 -0.9317389727 0.1559712291 0.9531373382 0.2592338026 0.9410332441 -0.2231505066 0.2542839050
-335.2 -225.1 2693.3 0.3044983447 0.1970643997 -0.9319047332 0.1762769669 0.9498057961 0.2584480345 0.9360594153 -0.2429703325 0.2544763684
-340.0 -64.2 2512.4 -0.5818635225 0.1015341654 -0.8069235682 0.5483704805 0.7816920877 -0.2970644534 0.6006036401 -0.6153439879 -0.5105164647
-211.7 -185.1 2380.0 -0.9299583435 0.1015341654 0.3533670604 -0.1451290995 0.7816920877 -0.6065434813 -0.3378091156 -0.6153439879 -0.7122055292
-253.2 -14.0 2779.1 0.8471259475 0.4884846210 -0.2091898769 -0.5121599436 0.8554905057 -0.0763422102 0.1416679621 0.1718101352 0.9748904705
-94.4 -110.0 2805.7 -0.6852833629 0.6378972530 0.3513884544 0.6778138876 0.7351250052 -0.0126345679 -0.2663739920 0.2295177132 -0.9361444712
-400.8 -422.2 2657.5 0.9765011072 -0.2155037224 -0.0019320903 0.0036719560 0.0256010108 -0.9996654987 0.2154811025 0.9761673808 0.0257907361
-311.0 -432.9 2250.9 0.9765011072 -0.0331949405 -0.2129405588 0.0036719560 0.9904857278 -0.1375662982 0.2154811025 0.1335517466 0.9673323035
-346.3 -395.2 2825.5 0.4732970297 -0.8478228450 0.2391366214 -0.0369359106 -0.2903288007 -0.9562138319 0.8801282048 0.4437404573 -0.1687268764
-28.2 -286.2 2659.0 0.4732970297 -0.4063325822 -0.7815905213 -0.0369359106 0.8773264885 -0.4784704745 0.8801282048 0.2553274333 0.4002277553
22.6 -148.5 2465.1 0 0 0 0 0 0 0 0 0
-269.6 63.4 2737.6 0 0 0 0 0 0 0 0 0
-298.5 -805.9 2200.6 0 0 0 0 0 0 0 0 0
183.8 -744.0 2525.8 0 0 0 0 0 0 0 0 0
-255.3 150.9 2602.7 8 0.2913754582 0.2096151412 -0.9333605170 0.1463358998 0.9544466138 0.2600336671 0.9453497529 -0.2123515904 0.2474280894
-297.4 -40.8 2645.3 0.2913754582 0.2096151412 -0.9333605170 0.1463358998 0.9544466138 0.2600336671 0.9453497529 -0.2123515904 0.2474280894
-336.0 -227.3 2691.3 0.2964816988 0.1967307925 -0.9345563650 0.1702925563 0.9519817829 0.2544231415 0.9397335052 -0.2345797867 0.2487433851
-339.7 -65.1 2511.4 -0.5275890827 0.0683724508 -0.8467437625 0.5738057494 0.7636838555 -0.2958613336 0.6264157891 -0.6419596076 -0.4421437681
-228.4 -186.1 2379.3 -0.9353935719 0.0683724508 0.3469352126 -0.1746935397 0.7636838555 -0.6215055585 -0.3074426651 -0.6419596076 -0.7024007440
-255.2 -16.5 2779.2 0.8488969803 0.4789260924 -0.2236151844 -0.5056611300 0.8590357304 -0.0797778815 0.1538857222 0.1807966977 0.9714071155
-99.1 -109.5 2807.5 -0.6732349992 0.6367584467 0.3758900166 0.6827759147 0.7304827571 -0.0145586291 -0.2838515341 0.2468472868 -0.9265499115
-401.3 -427.0 2656.3 0.9769846797 -0.2131070942 0.0092901941 0.0131135331 0.0165343937 -0.9997773170 0.2129060328 0.9768889546 0.0189484358
-312.4 -433.9 2248.8 0.9769846797 -0.0407177806 -0.2093872130 0.0131135331 0.9912204742 -0.1315676272 0.2129060328 0.1257937402 0.9689411521
-347.7 -398.3 2822.1 0.4662599266 -0.8506885767 0.2427562624 -0.0420464724 -0.2954101562 -0.9544448256 0.8836479783 0.4348123372 -0.1735063791
-28.5 -287.5 2659.0 0.4662599266 -0.4105851054 -0.7835952640 -0.0420464724 0.8744844794 -0.4832276404 0.8836479783 0.2582570910 0.3904734254
6.4 -142.3 2456.5 0 0 0 0 0 0 0 0 0
-271.3 65.2 2734.9 0 0 0 0 0 0 0 0 0
-297.1 -807.2 2201.4 0 0 0 0 0 0 0 0 0
185.7 -743.8 2524.2 0 0 0 0 0 0 0 0 0
-255.4 150.5 2601.5 9 0.3082957268 0.2170202285 -0.9262051582 0.1545647085 0.9492650032 0.2738716900 0.9386498332 -0.2275920957 0.2591106892
-298.9 -39.5 2647.0 0.3082957268 0.2170202285 -0.9262051582 0.1545647085 0.9492650032 0.2738716900 0.9386498332 -0.2275920957 0.2591106892
-339.7 -224.8 2695.5 0.3129320741 0.2082716972 -0.9266587496 0.1752287745 0.9462518096 0.2718499899 0.9334711432 -0.2474478632 0.2596173286
-343.5 -64.5 2514.0 -0.4823251069 0.0466416143 -0.8747497201 0.5831617117 0.7622433901 -0.2809046507 0.6536703706 -0.6456078887 -0.3948487341
-242.8 -186.2 2377.6 -0.9409599900 0.0466416143 0.3352892399 -0.1834111363 0.7622433901 -0.6207619309 -0.2845253646 -0.6456078887 -0.7086859345
-254.3 -14.6 2780.0 0.8416393995 0.4934085310 -0.2195249349 -0.5165403485 0.8541120887 -0.0606515184 0.1575729251 0.1644401997 0.9737197757
-98.9 -109.9 2809.1 -0.6825244427 0.6342878938 0.3630968332 0.6716879010 0.7402076125 -0.0304639265 -0.2880899608 0.2230953723 -0.9312532544
-401.3 -429.1 2652.3 0.9769548774 -0.2131764889 0.0107234484 0.0124178510 0.0066109211 -0.9999010563 0.2130845040 0.9769913554 0.0091057653
-314.0 -431.8 2252.4 0.9769548774 -0.0437805317 -0.2089078128 0.0124178510 0.9887385964 -0.1491367072 0.2130845040 0.1431056410 0.9664966464
-352.1 -394.3 2828.3 0.4785038531 -0.8487377763 0.2251182497 -0.0402122177 -0.2772858441 -0.9599456191 0.8771641850 0.4502851665 -0.1668119729
-33.8 -290.3 2659.4 0.4785038531 -0.3929311037 -0.7852637768 -0.0402122177 0.8835467100 -0.4666135013 0.8771641850 0.2548535466 0.4069798887
-6.6 -140.1 2449.0 0 0 0 0 0 0 0 0 0
-273.7 62.0 2735.4 0 0 0 0 0 0 0 0 0
-297.5 -804.1 2198.5 0 0 0 0 0 0 0 0 0
171.3 -751.3 2526.5 0 0 0 0 0 0 0 0 0
-255.0 149.8 2600.9 0 0.3085254729 0.2252460420 -0.9241624475 0.1589862257 0.9456812143 0.2835673094 0.9378355145 -0.2344168276 0.2559557259
-300.0 -39.0 2647.7 0.3085254729 0.2252460420 -0.9241624475 0.1589862257 0.9456812143 0.2835673094 0.9378355145 -0.2344168276 0.2559557259
-342.3 -223.7 2697.3 0.3131323159 0.2157715410 -0.9248734117 0.1787160188 0.9430629015 0.2805226147 0.9327425957 -0.2531303763 0.2567416430
-344.7 -64.5 2514.8 -0.4572334290 0.0325847417 -0.8887495995 0.5870580077 0.7617315054 -0.2740949094 0.6680572629 -0.6470729113 -0.3674182296
-250.3 -185.5 2377.0 -0.9441065788 0.0325847417 0.3280259669 -0.1890239120 0.7617315054 -0.6197056770 -0.2700606585 -0.6470729113 -0.7129964232
-255.4 -13.5 2780.6 0.8510906696 0.4849376082 -0.2011969835 -0.5055688024 0.8603349924 -0.0649915189 0.1415799707 0.1570325941 0.9773923755
-90.9 -111.2 2808.0 -0.7066316605 0.6215373874 0.3381759822 0.6552218795 0.7552005649 -0.0188802127 -0.2671254277 0.2082389444 -0.9408934712
-408.7 -425.9 2659.6 0.9743561149 -0.2248658538 0.0080913715 0.0119074695 0.0156195583 -0.9998071194 0.2246960998 0.9742645025 0.0178965963
-314.6 -432.5 2251.8 0.9743561149 -0.0433793776 -0.2207902968 0.0119074695 0.9898061752 -0.1419222653 0.2246960998 0.1356537789 0.9649402499
-356.2 -392.2 2831.2 0.4771331251 -0.8513773084 0.2179464251 -0.0383981951 -0.2679548264 -0.9626659751 0.8779917955 0.4509510994 -0.1605414748
-36.8 -291.7 2662.0 0.4771331251 -0.3864895701 -0.7892843485 -0.0383981951 0.8880813122 -0.4580798149 0.8779917955 0.2488721460 0.4088925421
-12.9 -138.0 2444.9 0 0 0 0 0 0 0 0 0
-271.7 56.4 2739.6 0 0 0 0 0 0 0 0 0
-298.3 -805.3 2200.7 0 0 0 0 0 0 0 0 0
164.9 -755.1 2532.1 0 0 0 0 0 0 0 0 0
-255.2 146.7 2602.6 1 0.3282572925 0.2152080089 -0.9197459817 0.1385355145 0.9522027969 0.2722457647 0.9343741536 -0.2167841494 0.2827535570
-298.2 -43.4 2645.9 0.3282572925 0.2152080089 -0.9197459817 0.1385355145 0.9522027969 0.2722457647 0.9343741536 -0.2167841494 0.2827535570
-338.6 -229.3 2692.2 0.3328631520 0.2060920149 -0.9201783538 0.1593259126 0.9495032430 0.2702940702 0.9294177890 -0.2365791947 0.2832188308
-345.6 -66.1 2513.5 -0.4461974204 0.0366641097 -0.8941832185 0.5843545794 0.7686944008 -0.2600742280 0.6778182387 -0.6385645270 -0.3644143045
-255.0 -184.8 2375.7 -0.9466091990 0.0366641097 0.3202916086 -0.1780875027 0.7686944008 -0.6143238544 -0.2687299848 -0.6385645270 -0.7211238146
-250.7 -20.7 2778.2 0.8669202924 0.4557628930 -0.2018153220 -0.4776422083 0.8753522038 -0.0749431327 0.1425031871 0.1613652408 0.9765521288
-84.0 -112.5 2805.7 -0.7167817354 0.6222824454 0.3146244287 0.6583220959 0.7526536584 0.0111563886 -0.2298608273 0.2151209116 -0.9491506815
-412.8 -424.5 2662.5 0.9721242189 -0.2344660610 -0.0003556431 0.0044369120 0.0199124720 -0.9997918606 0.2344243526 0.9719203711 0.0203977004
-314.3 -432.9 2254.0 0.9721242189 -0.0395488963 -0.2311067879 0.0044369120 0.9885979891 -0.1505136639 0.2344243526 0.1452925801 0.9612155557
-348.9 -400.8 2822.4 0.4964521229 -0.8401002288 0.2185562700 -0.0559107214 -0.2821972370 -0.9577258229 0.8662616611 0.4632453918 -0.1870680302
-33.7 -294.9 2648.6 0.4964521229 -0.3845429420 -0.7782428861 -0.0559107214 0.8805005550 -0.4707364142 0.8662616611 0.2772102058 0.4156263173
-17.2 -140.1 2443.2 0 0 0 0 0 0 0 0 0
-267.4 55.9 2746.9 0 0 0 0 0 0 0 0 0
-299.4 -805.2 2199.3 0 0 0 0 0 0 0 0 0
166.9 -754.2 2504.0 0 0 0 0 0 0 0 0 0
-255.7 143.4 2601.9 2 0.3054744899 0.2208843529 -0.9262264371 0.1488878727 0.9496775866 0.2755809724 0.9404880404 -0.2220868319 0.2572152913
-299.5 -44.8 2645.9 0.3054744899 0.2208843529 -0.9262264371 0.1488878727 0.9496775866 0.2755809724 0.9404880404 -0.2220868319 0.2572152913
-341.5 -230.0 2693.6 0.3104563951 0.2146390527 -0.9260382652 0.1705698073 0.9457848668 0.2763998508 0.9351592064 -0.2437642813 0.2570140362
-343.7 -69.1 2512.7 -0.4373151362 0.0358652659 -0.8985928893 0.5729343891 0.7812927961 -0.2476444989 0.6931822896 -0.6231334209 -0.3622196019
-255.4 -184.8 2372.7 -0.9397649765 0.0358652659 0.3399344385 -0.1857300103 0.7812927961 -0.5958908796 -0.2869601250 -0.6231334209 -0.7275703549
-255.2 -20.4 2779.1 0.8783051968 0.4471592903 -0.1691995710 -0.4658399224 0.8800303340 -0.0924110115 0.1075783074 0.1599849910 0.9812398553
-80.1 -113.3 2800.6 -0.7281684875 0.6321517825 0.2648673952 0.6633987427 0.7471658587 0.0405629463 -0.1722579449 0.2052493542 -0.9634312987
-409.1 -429.6 2654.5 0.9730724692 -0.2304989547 0.0004452873 0.0028229407 0.0099855661 -0.9999461770 0.2304821014 0.9730213284 0.0103673646
-313.8 -433.8 2252.2 0.9730724692 -0.0374556482 -0.2274357975 0.0028229407 0.9885714054 -0.1507267505 0.2304821014 0.1460260153 0.9620573521
-355.5 -399.8 2825.8 0.4749236405 -0.8520113230 0.2202823013 -0.0459285975 -0.2739691734 -0.9606411457 0.8788276911 0.4461139441 -0.1692461222
-35.9 -297.0 2658.5 0.4749236405 -0.3885224760 -0.7896187901 -0.0459285975 0.8851008415 -0.4631274641 0.8788276911 0.2562162578 0.4025110304
-19.1 -138.1 2444.9 0 0 0 0 0 0 0 0 0
-266.2 56.2 2756.6 0 0 0 0 0 0 0 0 0
-299.6 -806.1 2197.2 0 0 0 0 0 0 0 0 0
166.7 -758.7 2524.8 0 0 0 0 0 0 0 0 0
-251.2 147.5 2601.1 3 0.2912778258 0.2310290784 -0.9283225536 0.1564487815 0.9458317161 0.2844751477 0.9437589645 -0.2280962318 0.2393555790
-297.4 -41.5 2646.7 0.2912778258 0.2310290784 -0.9283225536 0.1564487815 0.9458317161 0.2844751477 0.9437589645 -0.2280962318 0.2393555790
-340.5 -226.3 2695.4 0.2964880168 0.2199765444 -0.9293574095 0.1782723516 0.9432604313 0.2801406384 0.9382504225 -0.2487370670 0.2404496819
-339.6 -67.0 2513.0 -0.4081952572 0.0406798720 -0.9119878411 0.5817398429 0.7814850211 -0.2255213857 0.7035306096 -0.6225964427 -0.3426635861
-257.1 -184.5 2370.9 -0.9381247759 0.0406798720 0.3438997269 -0.1845925599 0.7814850211 -0.5959922671 -0.2929973900 -0.6225964427 -0.7256212831
