-272.9 113.9 2635.3 02 0.4022401571 0.0841042250 -0.9116629362 -0.0993318260 0.9939025044 0.0478643440 0.9101296663 0.0713041797 0.4081417322
-290.1 -89.0 2620.7 0.4022401571 0.0841042250 -0.9116629362 -0.0993318260 0.9939025044 0.0478643440 0.9101296663 0.0713041797 0.4081417322
-305.3 -286.7 2607.7 0.4029025435 0.0768743232 -0.9120087028 -0.0911484733 0.9948827028 0.0435927659 0.9106928706 0.0655645654 0.4078477621
-348.9 -75.7 2487.7 -0.1586592644 0.3558489382 -0.9209770560 0.8510553837 0.5221722722 0.0551442951 0.5005317330 -0.7750533223 -0.3856946230
-317.0 -246.7 2387.2 -0.9107106924 0.3558489382 0.2097082734 0.0076578124 0.5221722722 -0.8528056741 -0.4129738212 -0.7750533223 -0.4782728851
-231.2 -102.3 2753.7 0.3771842718 0.3300516605 -0.8653311133 -0.2085230500 0.9406173825 0.2678751647 0.9023581147 0.0794031769 0.4236094654
-95.8 -177.2 3077.6 0.1203464940 0.3300516605 0.9362599254 0.0415010415 0.9406173825 -0.3369222879 -0.9918640852 0.0794031769 0.0995025188
-360.9 -475.6 2510.9 0.7596778274 -0.6080282331 -0.2306324691 -0.2126049995 0.1029463783 -0.9717001319 0.6145638824 0.7872126102 -0.0510637611
-125.1 -515.6 2205.6 0.7596778274 0.4597277641 -0.4599348009 -0.2126049995 0.8439803720 0.4924391210 0.6145638824 -0.2763106227 0.7388935685
-288.8 -492.2 2678.7 0.5053495765 -0.8425813913 -0.1862214655 -0.2179608345 0.0841706991 -0.9723211527 0.8349340558 0.5319510102 -0.1411141157
59.6 -527.0 2458.8 0.5053495765 0.5682250261 -0.6494168043 -0.2179608345 0.8122352958 0.5410793424 0.8349340558 -0.1318867952 0.5343135595
-83.9 -248.6 2492.9 0 0 0 0 0 0 0 0 0
-47.6 -160.6 2680.7 0 0 0 0 0 0 0 0 0
-300.7 -837.9 2311.1 0 0 0 0 0 0 0 0 0
-157.4 -837.1 2509.1 0 0 0 0 0 0 0 0 0
-273.1 115.4 2636.5 03 0.3983329833 0.0843750164 -0.9133518934 -0.0923567265 0.9943889976 0.0515823737 0.9125793576 0.0638072342 0.4038905501
-290.3 -88.0 2623.5 0.3983329833 0.0843750164 -0.9133518934 -0.0923567265 0.9943889976 0.0515823737 0.9125793576 0.0638072342 0.4038905501
-306.2 -285.7 2612.7 0.3992099166 0.0798232779 -0.9133781791 -0.0817303210 0.9953352213 0.0512639396 0.9132094979 0.0541856214 0.4038716555
-348.7 -76.0 2490.1 -0.1635212898 0.3571891487 -0.9196068048 0.8408637643 0.5379734039 0.0594374873 0.5159544349 -0.7635447383 -0.3883174956
-315.4 -247.0 2385.2 -0.9052830338 0.3571891487 0.2299532890 -0.0018592355 0.5379734039 -0.8429597616 -0.4248048365 -0.7635447383 -0.4863540828
-232.0 -99.9 2756.8 0.3731461763 0.3327717483 -0.8660398126 -0.1991125941 0.9404345155 0.2755669355 0.9061545730 0.0696126893 0.4171785712
-98.1 -171.4 3082.1 0.1241760030 0.3327717483 0.9347958565 0.0294769611 0.9404345155 -0.3386946321 -0.9918223023 0.0696126893 0.1069702953
-357.6 -476.0 2511.1 0.7732534409 -0.5832089186 -0.2488905787 -0.2053826749 0.1409969479 -0.9684718847 0.5999142528 0.7999920249 -0.0107546309
-135.6 -529.7 2206.7 0.7732534409 0.4537664056 -0.4429166913 -0.2053826749 0.8400733471 0.5020903349 0.5999142528 -0.2972756624 0.7427853346
-283.7 -492.7 2678.2 0.5108822584 -0.8408735991 -0.1786923707 -0.2036918998 0.0835386962 -0.9754644632 0.8351700306 0.5347456336 -0.1286007017
57.0 -526.6 2461.5 0.5108822584 0.5491346121 -0.6614004374 -0.2036918998 0.8247993588 0.5274615288 0.8351700306 -0.1347488165 0.5332295895
-86.4 -246.5 2492.7 0 0 0 0 0 0 0 0 0
-48.4 -159.6 2685.2 0 0 0 0 0 0 0 0 0
-308.9 -850.6 2320.2 0 0 0 0 0 0 0 0 0
-152.7 -841.6 2513.0 0 0 0 0 0 0 0 0 0
-272.6 114.6 2636.6 04 0.4023521245 0.0846406221 -0.9115638733 -0.0983688608 0.9939492345 0.0488715731 0.9101848006 0.0700059161 0.4082435966
-289.9 -88.6 2622.3 0.4023521245 0.0846406221 -0.9115638733 -0.0983688608 0.9939492345 0.0488715731 0.9101848006 0.0700059161 0.4082435966
-305.8 -286.3 2610.3 0.4032335877 0.0797744170 -0.9116132259 -0.0877058804 0.9949759841 0.0482745022 0.9108843803 0.0604879409 0.4082044363
-348.8 -75.8 2489.3 -0.1620502621 0.3404889405 -0.9261786938 0.8450757861 0.5324964523 0.0479004793 0.5094964504 -0.7749289274 -0.3740301430
-316.0 -246.8 2386.2 -0.9128098488 0.3404889405 0.2254893035 -0.0104487455 0.5324964523 -0.8463677168 -0.4082511067 -0.7749289274 -0.4825103581
-231.0 -101.4 2755.4 0.3771728575 0.3328038156 -0.8642813563 -0.2050466090 0.9400534034 0.2724984884 0.9031592011 0.0744389221 0.4228029549
-95.6 -175.0 3079.6 0.1198175699 0.3328038156 0.9353530407 0.0361446664 0.9400534034 -0.3391063213 -0.9921377301 0.0744389221 0.1006058380
-358.7 -476.0 2518.2 0.7774512768 -0.5695422292 -0.2668167949 -0.2061076462 0.1700923592 -0.9636328220 0.5942130685 0.8041705489 0.0148515170
-138.7 -541.7 2207.6 0.7774512768 0.4610509574 -0.4277867973 -0.2061076462 0.8293730021 0.5192880034 0.5942130685 -0.3155510128 0.7398232222
-285.5 -491.0 2685.7 0.5143548250 -0.8327456713 -0.2048751563 -0.2337819040 0.0936948434 -0.9677640796 0.8250970840 0.5456702113 -0.1464884728
60.6 -529.9 2458.9 0.5143548250 0.5697271824 -0.6409758925 -0.2337819040 0.8122700453 0.5343812704 0.8250970840 -0.1250130236 0.5509869456
-87.9 -244.1 2488.2 0 0 0 0 0 0 0 0 0
-47.7 -160.6 2682.6 0 0 0 0 0 0 0 0 0
-314.8 -858.5 2328.1 0 0 0 0 0 0 0 0 0
-157.0 -840.1 2506.7 0 0 0 0 0 0 0 0 0
-273.0 114.7 2636.7 05 0.3983540833 0.0836330801 -0.9134109616 -0.1005142108 0.9938173294 0.0471592322 0.9117076993 0.0730247051 0.4042975008
-290.1 -88.1 2621.8 0.3983540833 0.0836330801 -0.9134109616 -0.1005142108 0.9938173294 0.0471592322 0.9117076993 0.0730247051 0.4042975008
-306.2 -285.8 2609.1 0.3991202116 0.0813565105 -0.9132820964 -0.0912808478 0.9946330786 0.0487120487 0.9123436213 0.0639232025 0.4044044316
-348.4 -74.8 2488.5 -0.1559163332 0.3489535451 -0.9240787625 0.8469029665 0.5287096500 0.0567582585 0.5083753467 -0.7737554908 -0.3779642582
-316.8 -246.4 2385.5 -0.9093065262 0.3489535451 0.2267003804 -0.0087084640 0.5287096500 -0.8487580419 -0.4160358012 -0.7737554908 -0.4777202904
-231.7 -101.5 2755.1 0.3728756309 0.3342208266 -0.8655982018 -0.2085482031 0.9391950369 0.2728009224 0.9041412473 0.0787981227 0.4199041128
-97.9 -176.3 3079.6 0.1241815612 0.3342208266 0.9342780113 0.0389947966 0.9391950369 -0.3411628902 -0.9914929867 0.0787981227 0.1035978347
-358.6 -476.0 2514.8 0.7752366066 -0.5711184740 -0.2698738575 -0.2046850920 0.1770611256 -0.9626802802 0.5975886583 0.8015441298 0.0203648210
-139.6 -543.9 2207.4 0.7752366066 0.4584728181 -0.4345237613 -0.2046850920 0.8331072927 0.5138446093 0.5975886583 -0.3094106019 0.7396978140
-284.7 -492.1 2681.8 0.5136391521 -0.8345457315 -0.1992692947 -0.2348579168 0.0866252705 -0.9681620598 0.8252372742 0.5440859199 -0.1515055448
62.7 -528.1 2455.3 0.5136391521 0.5757007003 -0.6361945271 -0.2348579168 0.8074977398 0.5410999060 0.8252372742 -0.1285147965 0.5499703288
-89.7 -244.2 2489.4 0 0 0 0 0 0 0 0 0
-48.2 -160.7 2682.9 0 0 0 0 0 0 0 0 0
-314.8 -862.1 2325.6 0 0 0 0 0 0 0 0 0
-157.2 -836.6 2504.4 0 0 0 0 0 0 0 0 0
-272.9 114.4 2637.2 06 0.4104210436 0.0846218094 -0.9079613090 -0.1026431620 0.9936442971 0.0462101959 0.9061009884 0.0742303804 0.4164983928
-290.1 -88.2 2622.1 0.4104210436 0.0846218094 -0.9079613090 -0.1026431620 0.9936442971 0.0462101959 0.9061009884 0.0742303804 0.4164983928
-306.2 -285.8 2609.2 0.4112372696 0.0808935165 -0.9079318047 -0.0928382427 0.9945917726 0.0465645976 0.9067882895 0.0651416928 0.4165232182
-350.2 -74.6 2489.7 -0.1633020937 0.3639516234 -0.9169905186 0.8329344988 0.5489826202 0.0695570707 0.5287272930 -0.7524342537 -0.3927978873
-316.8 -245.0 2381.5 -0.9040439129 0.3639516234 0.2241512686 0.0137996199 0.5489826202 -0.8357198238 -0.4272167385 -0.7524342537 -0.5013267994
-230.0 -101.8 2754.5 0.3850399852 0.3340041935 -0.8603402972 -0.2101214528 0.9394577146 0.2706809044 0.8986619115 0.0765529871 0.4319102466
-91.8 -177.2 3077.1 0.1110429019 0.3340041935 0.9360078573 0.0414330587 0.9394577146 -0.3401506543 -0.9929515719 0.0765529871 0.0904812962
-359.0 -475.1 2512.7 0.7752845883 -0.5705043674 -0.2710325122 -0.1989534497 0.1866855472 -0.9620634317 0.5994592309 0.7997958064 0.0312306080
-139.2 -547.0 2204.6 0.7752845883 0.4597553909 -0.4330806136 -0.1989534497 0.8285318017 0.5234047771 0.5994592309 -0.3196247518 0.7338178754
-285.8 -491.8 2680.1 0.5154277682 -0.8341572881 -0.1962546855 -0.2277846783 0.0874143094 -0.9697797894 0.8261043429 0.5445552468 -0.1449524909
60.4 -528.1 2454.1 0.5154277682 0.5666973591 -0.6427972913 -0.2277846783 0.8137324452 0.5347463489 0.8261043429 -0.1292037219 0.5485052466
-86.5 -248.5 2490.3 0 0 0 0 0 0 0 0 0
-47.4 -160.6 2679.8 0 0 0 0 0 0 0 0 0
-314.8 -863.5 2326.7 0 0 0 0 0 0 0 0 0
-156.1 -839.0 2503.4 0 0 0 0 0 0 0 0 0
-272.3 113.9 2637.5 07 0.4078365564 0.0785961524 -0.9096658826 -0.0990635380 0.9942158461 0.0414875485 0.9076650143 0.0731945783 0.4132635891
-288.4 -89.0 2622.6 0.4078365564 0.0785961524 -0.9096658826 -0.0990635380 0.9942158461 0.0414875485 0.9076650143 0.0731945783 0.4132635891
-303.2 -286.7 2609.4 0.4084246755 0.0747419149 -0.9097268581 -0.0914341360 0.9949792027 0.0406964906 0.9082010388 0.0665586367 0.4132080078
-348.0 -75.6 2489.9 -0.1580572724 0.3704650700 -0.9152997136 0.8243376613 0.5597975254 0.0842269063 0.5435856581 -0.7412033081 -0.3938683569
-315.7 -244.3 2378.7 -0.8967422843 0.3704650700 0.2420928031 0.0075702672 0.5597975254 -0.8285948634 -0.4424884021 -0.7412033081 -0.5047986507
-228.7 -102.3 2755.2 0.3829548359 0.3281317353 -0.8635248542 -0.2088614106 0.9413356781 0.2650735974 0.8998458385 0.0788458064 0.4290231168
-91.2 -177.3 3078.3 0.1144668013 0.3281317353 0.9376710057 0.0432291813 0.9413356781 -0.3346914053 -0.9924860597 0.0788458064 0.0935668200
-360.0 -475.0 2513.1 0.7734934092 -0.5708304644 -0.2754279971 -0.2005517036 0.1917996109 -0.9607247114 0.6012378931 0.7983517647 0.0338747166
-139.7 -549.0 2205.0 0.7734934092 0.4664106667 -0.4291492403 -0.2005517036 0.8224206567 0.5323563814 0.6012378931 -0.3257075250 0.7296763659
-284.6 -492.0 2679.4 0.5049022436 -0.8364077806 -0.2132972479 -0.2518750727 0.0935914889 -0.9632235169 0.8256104589 0.5400580168 -0.1634157151
57.5 -530.3 2458.5 0.5049022436 0.5600788593 -0.6567993760 -0.2518750727 0.8233909607 0.5085138083 0.8256104589 -0.0913183987 0.5568018556
-87.9 -246.3 2491.1 0 0 0 0 0 0 0 0 0
-45.4 -160.0 2681.1 0 0 0 0 0 0 0 0 0
-317.9 -863.2 2329.4 0 0 0 0 0 0 0 0 0
-156.3 -844.6 2493.4 0 0 0 0 0 0 0 0 0
-269.8 116.2 2639.6 08 0.4165424705 0.0824169293 -0.9053727388 -0.1095247567 0.9931780696 0.0400199518 0.9024947286 0.0824907199 0.4227275550
-286.6 -86.4 2622.8 0.4165424705 0.0824169293 -0.9053727388 -0.1095247567 0.9931780696 0.0400199518 0.9024947286 0.0824907199 0.4227275550
-302.0 -284.0 2608.5 0.4174919724 0.0774180219 -0.9053766727 -0.0977176949 0.9944111705 0.0399711989 0.9034111500 0.0717836693 0.4227237701
-347.6 -72.2 2490.8 -0.1486569643 0.3710977137 -0.9166174531 0.8305504322 0.5499546528 0.0879536197 0.5367374420 -0.7482221127 -0.3899699748
-316.8 -244.5 2379.5 -0.8970907331 0.3710977137 0.2398221046 0.0042263130 0.5499546528 -0.8351837993 -0.4418261051 -0.7482221127 -0.4949276149
-225.6 -100.7 2754.8 0.3917020857 0.3308117390 -0.8585645556 -0.2150424719 0.9402006269 0.2641581297 0.8946095109 0.0811565444 0.4394171238
-85.0 -177.9 3075.9 0.1044136807 0.3308117390 0.9379026294 0.0490040369 0.9402006269 -0.3370777071 -0.9933259487 0.0811565444 0.0819586962
-355.5 -476.0 2512.8 0.7827504277 -0.5611149073 -0.2691687942 -0.1951095462 0.1894476712 -0.9623106718 0.5909603238 0.8057664633 0.0388113670
-139.4 -549.0 2202.4 0.7827504277 0.4595544934 -0.4196563661 -0.1951095462 0.8215411305 0.5357260704 0.5909603238 -0.3374608457 0.7327251434
-280.6 -492.8 2679.4 0.5214729309 -0.8296229243 -0.1994787753 -0.2233954668 0.0928831995 -0.9702923298 0.8235049844 0.5505438447 -0.1368979365
60.5 -531.0 2453.0 0.5214729309 0.5688828826 -0.6359546185 -0.2233954668 0.8103436232 0.5416989326 0.8235049844 -0.1404119432 0.5496581197
-89.9 -245.6 2491.2 0 0 0 0 0 0 0 0 0
-43.2 -158.3 2678.4 0 0 0 0 0 0 0 0 0
-314.9 -862.9 2331.3 0 0 0 0 0 0 0 0 0
-156.5 -840.1 2506.6 0 0 0 0 0 0 0 0 0
-267.1 117.8 2638.2 09 0.4184628725 0.0908899456 -0.9036746025 -0.1108600497 0.9926517606 0.0485033542 0.9014426470 0.0798845589 0.4254639745
-285.7 -85.4 2621.8 0.4184628725 0.0908899456 -0.9036746025 -0.1108600497 0.9926517606 0.0485033542 0.9014426470 0.0798845589 0.4254639745
-302.2 -282.9 2607.8 0.4194874167 0.0832369328 -0.9039369226 -0.0991706848 0.9940291643 0.0455110073 0.9023278356 0.0705527440 0.4252373874
-346.9 -70.9 2490.0 -0.1461445093 0.3639982343 -0.9198625088 0.8435645103 0.5315760374 0.0763270706 0.5167597532 -0.7648085952 -0.3847429156
-316.9 -244.4 2383.8 -0.9035899043 0.3639982343 0.2258994579 0.0023841085 0.5315760374 -0.8470072150 -0.4283918738 -0.7648085952 -0.4811945260
-224.4 -99.9 2753.6 0.3930104077 0.3363458514 -0.8558120728 -0.2163565755 0.9383967519 0.2694464028 0.8937184215 0.0792653337 0.4415703118
-83.3 -177.5 3074.5 0.1018782556 0.3363458514 0.9362116456 0.0474180505 0.9383967519 -0.3422909081 -0.9936661124 0.0792653337 0.0796533599
-355.7 -472.7 2511.4 0.7831712961 -0.5595752597 -0.2711425424 -0.1903418452 0.1993794292 -0.9612584710 0.5919566751 0.8044397831 0.0496376604
-142.1 -548.8 2204.4 0.7831712961 0.4521544576 -0.4268478155 -0.1903418452 0.8278397322 0.5276849270 0.5919566751 -0.3320207000 0.7344042063
-279.1 -490.6 2677.1 0.5104068518 -0.8371611834 -0.1965858042 -0.2115346342 0.0993514434 -0.9723077416 0.8335094452 0.5378572345 -0.1263789237
60.6 -530.9 2458.9 0.5104068518 0.5627309084 -0.6502451897 -0.2115346342 0.8150847554 0.5393421650 0.8335094452 -0.1377345622 0.5350618958
-90.8 -245.0 2490.9 0 0 0 0 0 0 0 0 0
-42.5 -158.6 2676.8 0 0 0 0 0 0 0 0 0
-314.9 -865.1 2331.3 0 0 0 0 0 0 0 0 0
-154.3 -842.1 2511.5 0 0 0 0 0 0 0 0 0
-263.5 119.7 2628.5 10 0.4265884757 0.0979784802 -0.8991231918 -0.1029217914 0.9929161668 0.0593680255 0.8985707760 0.0672136545 0.4336507022
-283.6 -84.5 2614.7 0.4265884757 0.0979784802 -0.8991231918 -0.1029217914 0.9929161668 0.0593680255 0.8985707760 0.0672136545 0.4336507022
-301.3 -282.0 2601.8 0.4271516204 0.0890639275 -0.8997828364 -0.0969396234 0.9939119816 0.0523612872 0.8989683986 0.0648583993 0.4331849515
-346.0 -70.3 2483.3 -0.1427700073 0.3924670219 -0.9086178541 0.8454494476 0.5256790519 0.0942165852 0.5146182775 -0.7547391653 -0.4068622291
-317.4 -240.2 2380.0 -0.8982217908 0.3924670219 0.1979071796 0.0424901433 0.5256790519 -0.8496211767 -0.4374839365 -0.7547391653 -0.4888523519
-221.2 -98.6 2746.0 0.3999859393 0.3419477046 -0.8503428698 -0.2140253931 0.9369909763 0.2761177719 0.8911814690 0.0715517476 0.4479686916
-77.6 -175.5 3065.9 0.0930846110 0.3419477046 0.9350973368 0.0419935994 0.9369909763 -0.3468204439 -0.9947722554 0.0715517476 0.0728598237
-357.2 -471.3 2511.1 0.7800967097 -0.5628584623 -0.2732022703 -0.1892873049 0.2038782388 -0.9605227709 0.5963383913 0.8010143638 0.0525027849
-141.5 -549.5 2204.1 0.7800967097 0.4528874755 -0.4316735864 -0.1892873049 0.8284549117 0.5270984173 0.5963383913 -0.3294773996 0.7320008278
-280.3 -489.5 2676.6 0.4978362322 -0.8426965475 -0.2049918473 -0.2330493927 0.0976848081 -0.9675462246 0.8353724480 0.5294527411 -0.1477588862
61.2 -529.1 2462.0 0.4978362322 0.5704662204 -0.6532437205 -0.2330493927 0.8135080934 0.5328156352 0.8353724480 -0.1130168736 0.5379406214
-88.5 -251.0 2491.4 0 0 0 0 0 0 0 0 0
-40.4 -158.7 2667.8 0 0 0 0 0 0 0 0 0
-314.6 -866.0 2330.0 0 0 0 0 0 0 0 0 0
-156.6 -839.8 2505.2 0 0 0 0 0 0 0 0 0
-260.1 120.8 2623.6 11 0.4996185005 0.1116826311 -0.8590158820 -0.1022907943 0.9923223257 0.0695200041 0.8601848483 0.0531359389 0.5072066784
-283.0 -82.7 2612.7 0.4996185005 0.1116826311 -0.8590158820 -0.1022907943 0.9923223257 0.0695200041 0.8601848483 0.0531359389 0.5072066784
-301.7 -280.3 2601.5 0.5003127456 0.0940878317 -0.8607175350 -0.0955892876 0.9940038919 0.0530942306 0.8605520725 0.0557116531 0.5063065886
-356.0 -68.8 2487.2 -0.1855258793 0.3962723613 -0.8991931677 0.8290067911 0.5544159412 0.0732851475 0.5275679231 -0.7318409681 -0.4313710034
-317.9 -238.9 2378.9 -0.8954240084 0.3962723613 0.2029385269 0.0571856499 0.5544159412 -0.8302726746 -0.4415265024 -0.7318409681 -0.5190984607
-210.0 -96.7 2738.2 0.4726006091 0.3466573656 -0.8102328777 -0.2126848549 0.9370744228 0.2768694758 0.8552273512 0.0414755754 0.5165907145
-40.3 -173.1 3045.2 0.0101771746 0.3466573656 0.9379366040 0.0404572748 0.9370744228 -0.3467777073 -0.9991294146 0.0414755754 -0.0044880426
-358.2 -470.6 2506.5 0.7734408379 -0.5723922253 -0.2723168433 -0.1843369007 0.2079315931 -0.9606166482 0.6064727902 0.7931782007 0.0553097799
-140.4 -549.7 2204.7 0.7734408379 0.4545599520 -0.4417743385 -0.1843369007 0.8281265497 0.5293641090 0.6064727902 -0.3279964924 0.7242990136
-279.9 -488.4 2671.4 0.4790266156 -0.8482114077 -0.2259887904 -0.2641347647 0.1062343344 -0.9586172700 0.8371178508 0.5188946724 -0.1731530428
62.6 -531.3 2461.9 0.4790266156 0.5999187827 -0.6408049464 -0.2641347647 0.7946903706 0.5465345979 0.8371178508 -0.0925457552 0.5391372442
-87.5 -253.6 2492.6 0 0 0 0 0 0 0 0 0
-36.2 -156.9 2645.4 0 0 0 0 0 0 0 0 0
-314.1 -866.2 2330.0 0 0 0 0 0 0 0 0 0
-166.4 -834.6 2497.2 0 0 0 0 0 0 0 0 0
-258.1 121.9 2630.7 12 0.4900702536 0.1135188416 -0.8642596006 -0.1153164729 0.9912126064 0.0648047626 0.8640215397 0.0679044798 0.4988543987
-281.3 -80.9 2616.8 0.4900702536 0.1135188416 -0.8642596006 -0.1153164729 0.9912126064 0.0648047626 0.8640215397 0.0679044798 0.4988543987
-300.8 -278.2 2604.2 0.4913595319 0.0977562964 -0.8654533625 -0.1032065600 0.9932151437 0.0535921529 0.8648203611 0.0629874468 0.4981148243
-353.0 -65.8 2490.6 -0.1718222350 0.3971886933 -0.9015088677 0.8238295913 0.5597139001 0.0895829126 0.5401684046 -0.7272973657 -0.4233870804
-317.2 -237.6 2378.0 -0.8967097402 0.3971886933 0.1953273863 0.0680188388 0.5597139001 -0.8258897066 -0.4373614788 -0.7272973657 -0.5289172530
-209.6 -96.0 2743.0 0.4632039666 0.3502101004 -0.8141222000 -0.2201453447 0.9352881312 0.2770777643 0.8584743142 0.0508816913 0.5103263259
-43.3 -175.0 3051.2 0.0202380568 0.3502101004 0.9364525080 0.0467535555 0.9352881312 -0.3507850766 -0.9987013936 0.0508816913 0.0025548483
-366.1 -469.0 2511.8 0.7656709552 -0.5791994929 -0.2797783911 -0.1903671771 0.2114265412 -0.9586757421 0.6144170761 0.7872908115 0.0516226031
-141.5 -551.0 2206.5 0.7656709552 0.4595041871 -0.4501153827 -0.1903671771 0.8303008080 0.5237947702 0.6144170761 -0.3153672516 0.7232117057
-274.6 -486.6 2669.1 0.4654012322 -0.8545860052 -0.2304006219 -0.2756309807 0.1074312106 -0.9552413821 0.8410881162 0.5080760717 -0.1855517626
66.0 -529.4 2466.6 0.4654012322 0.5997456908 -0.6509276032 -0.2756309807 0.7970652580 0.5373216271 0.8410881162 -0.0706543326 0.5362636447
-85.4 -255.2 2491.0 0 0 0 0 0 0 0 0 0
-35.2 -156.3 2651.5 0 0 0 0 0 0 0 0 0
-317.1 -868.3 2327.0 0 0 0 0 0 0 0 0 0
-163.0 -833.7 2493.5 0 0 0 0 0 0 0 0 0
-259.0 118.2 2634.2 13 0.4695974588 0.1053338274 -0.8765745759 -0.1243313402 0.9908530116 0.0524594933 0.8740823269 0.0843508542 0.4783983529
-280.5 -84.6 2617.0 0.4695974588 0.1053338274 -0.8765745759 -0.1243313402 0.9908530116 0.0524594933 0.8740823269 0.0843508542 0.4783983529
-299.1 -281.9 2602.1 0.4710318148 0.0930999815 -0.8771895170 -0.1099923253 0.9928528666 0.0463123396 0.8752318025 0.0746695325 0.4779055715
-349.3 -68.6 2489.2 -0.1538434774 0.3979324400 -0.9044235349 0.8254233003 0.5548999906 0.1037420034 0.5431469083 -0.7305722237 -0.4138304293
-317.8 -237.6 2378.0 -0.8973754644 0.3979324400 0.1907013953 0.0698993430 0.5548999906 -0.8289753199 -0.4356963634 -0.7305722237 -0.5257688761
-211.7 -100.7 2744.7 0.4434038401 0.3459514380 -0.8268679976 -0.2269474268 0.9357838631 0.2698210776 0.8671147227 0.0680158585 0.4934429526
-52.6 -182.2 3056.0 0.0437729992 0.3459514380 0.9372307658 0.0563156605 0.9357838631 -0.3480475545 -0.9974529743 0.0680158585 0.0214795824
-365.1 -466.1 2512.5 0.7648112774 -0.5765579343 -0.2874798775 -0.1936750114 0.2198231220 -0.9561212063 0.6144539714 0.7869299650 0.0564583428
-140.4 -551.8 2205.8 0.7648112774 0.4661527574 -0.4447081089 -0.1936750114 0.8246962428 0.5313813090 0.6144539714 -0.3202776015 0.7210190892
-275.2 -485.1 2670.9 0.4800540209 -0.8467823863 -0.2291456163 -0.2568902075 0.1140631288 -0.9596859217 0.8387821913 0.5195663571 -0.1627736241
66.9 -531.2 2461.0 0.4800540209 0.6087195277 -0.6316713691 -0.2568902075 0.7860491872 0.5622580647 0.8387821913 -0.1076440588 0.5337201357
-85.2 -255.7 2490.9 0 0 0 0 0 0 0 0 0
-35.1 -159.6 2656.9 0 0 0 0 0 0 0 0 0
-318.5 -866.9 2328.2 0 0 0 0 0 0 0 0 0
-165.4 -831.2 2502.1 0 0 0 0 0 0 0 0 0
-256.2 115.4 2626.5 14 0.4980573058 0.1239001080 -0.8582468629 -0.1154332906 0.9904042482 0.0759907216 0.8594266176 0.0612225235 0.5075802803
-281.6 -87.6 2613.9 0.4980573058 0.1239001080 -0.8582468629 -0.1154332906 0.9904042482 0.0759907216 0.8594266176 0.0612225235 0.5075802803
-302.5 -284.9 2602.7 0.4996137023 0.1050976887 -0.8598491549 -0.1019539386 0.9928480387 0.0621137396 0.8602275848 0.0566321388 0.5067556500
-354.6 -72.7 2488.3 -0.1878300756 0.3778312206 -0.9066219926 0.8192045093 0.5695012808 0.0676181689 0.5418706536 -0.7300081253 -0.4164905250
-316.1 -240.5 2377.4 -0.8987638354 0.3778312206 0.2224120498 0.0361965187 0.5695012808 -0.8211930990 -0.4369363487 -0.7300081253 -0.5255233049
-208.6 -102.5 2739.5 0.4706061780 0.3570158780 -0.8068887591 -0.2187307179 0.9331434965 0.2853070199 0.8548021317 0.0422241203 0.5172334313
-39.7 -181.0 3046.4 0.0101728132 0.3570158780 0.9340429306 0.0413162857 0.9331434965 -0.3571220934 -0.9990943074 0.0422241203 -0.0052578757
-360.7 -469.1 2507.1 0.7671560049 -0.5711867213 -0.2919200957 -0.1952581704 0.2255539894 -0.9544630051 0.6110203266 0.7892218232 0.0615062304
-144.2 -554.6 2207.9 0.7671560049 0.4625644088 -0.4444162548 -0.1952581704 0.8283354044 0.5251045227 0.6110203266 -0.3160611987 0.7257819772
-274.4 -489.3 2667.4 0.4848323166 -0.8467747569 -0.2188838124 -0.2469407171 0.1075491011 -0.9630438685 0.8390219808 0.5209661126 -0.1569598764
64.0 -532.3 2459.3 0.4848323166 0.5993344784 -0.6369739175 -0.2469407171 0.7924703360 0.5576836467 0.8390219808 -0.1130882651 0.5322152972
-87.1 -249.7 2488.7 0 0 0 0 0 0 0 0 0
-35.6 -164.5 2646.6 0 0 0 0 0 0 0 0 0
-320.9 -871.1 2328.7 0 0 0 0 0 0 0 0 0
-164.9 -834.9 2502.4 0 0 0 0 0 0 0 0 0
-252.9 114.4 2632.6 15 0.4872911274 0.1250434965 -0.8642404079 -0.1293386966 0.9891135097 0.0701848865 0.8636080623 0.0775792599 0.4981592298
-278.5 -87.9 2616.8 0.4872911274 0.1250434965 -0.8642404079 -0.1293386966 0.9891135097 0.0701848865 0.8636080623 0.0775792599 0.4981592298
-300.5 -284.9 2602.9 0.4889433682 0.1109247059 -0.8652341366 -0.1154714823 0.9913836718 0.0618444532 0.8646391034 0.0696714297 0.4975391030
-349.9 -71.0 2490.5 -0.1612359732 0.3997955620 -0.9023117423 0.8182129264 0.5653756261 0.1042979881 0.5518429279 -0.7214665413 -0.4182767570
-316.9 -238.4 2377.6 -0.8921309710 0.3997955620 0.2103945166 0.0593454875 0.5653756261 -0.8226959109 -0.4478620887 -0.7214665413 -0.5281151533
-207.0 -104.8 2743.0 0.4592376351 0.3625970483 -0.8109403253 -0.2319795191 0.9301735759 0.2845394015 0.8574883938 0.0574503541 0.5112857819
-42.2 -188.0 3050.8 0.0220093690 0.3625970483 0.9316861033 0.0530813746 0.9301735759 -0.3632623553 -0.9983476400 0.0574503541 0.0012253835
-369.1 -472.8 2512.7 0.7654531598 -0.5811993480 -0.2762042582 -0.1855039299 0.2117037177 -0.9595675468 0.6161735058 0.7857409120 0.0542345122
-143.3 -555.0 2207.5 0.7654531598 0.4610947669 -0.4488575459 -0.1855039299 0.8260380626 0.5322117805 0.6161735058 -0.3241183460 0.7178283334
-277.5 -491.6 2670.3 0.5044637322 -0.8412207961 -0.1945864409 -0.2122370452 0.0976390243 -0.9723281860 0.8369418979 0.5318027139 -0.1292828768
59.6 -530.7 2457.2 0.5044637322 0.5681967139 -0.6501298547 -0.2122370452 0.8114582896 0.5445097685 0.8369418979 -0.1367037892 0.5299436450
-87.4 -253.7 2492.8 0 0 0 0 0 0 0 0 0
-33.4 -166.8 2651.3 0 0 0 0 0 0 0 0 0
-319.5 -870.7 2331.3 0 0 0 0 0 0 0 0 0
-157.3 -840.4 2509.3 0 0 0 0 0 0 0 0 0
-251.0 114.4 2635.2 16 0.4893187284 0.1208532304 -0.8636907339 -0.1366017908 0.9887485504 0.0609612167 0.8613402843 0.0881522372 0.5003219247
-275.7 -88.2 2617.1 0.4893187284 0.1208532304 -0.8636907339 -0.1366017908 0.9887485504 0.0609612167 0.8613402843 0.0881522372 0.5003219247
-296.9 -285.2 2601.4 0.4910615981 0.1064196080 -0.8646001220 -0.1214185506 0.9911833405 0.0530388020 0.8626216054 0.0789331719 0.4996533692
-347.5 -70.5 2491.2 -0.1459886283 0.3770205677 -0.9146271348 0.8265162110 0.5545505881 0.0966678038 0.5436527729 -0.7418417335 -0.3925716877
-317.4 -240.6 2379.2 -0.9004555941 0.3770205677 0.2168759853 0.0319131389 0.5545505881 -0.8315378428 -0.4337755740 -0.7418417335 -0.5113800764
-204.0 -105.9 2743.1 0.4618874192 0.3583523333 -0.8113221526 -0.2379911095 0.9312732816 0.2758446336 0.8544122577 0.0656782910 0.5154280663
-38.2 -191.4 3049.8 0.0199310761 0.3583523333 0.9333736300 0.0627029985 0.9312732816 -0.3588849008 -0.9978331923 0.0656782910 -0.0039084875
-367.3 -471.3 2509.8 0.7630226016 -0.5862153172 -0.2723015249 -0.1812582165 0.2103175521 -0.9606831074 0.6204369664 0.7823797464 0.0542206913
-142.5 -551.9 2209.8 0.7630226016 0.4531054795 -0.4609685242 -0.1812582165 0.8345407844 0.5202760696 0.6204369664 -0.3134280443 0.7189025283
-277.7 -492.5 2668.3 0.5008952022 -0.8436350822 -0.1933488548 -0.2144972086 0.0954257175 -0.9720519185 0.8385075331 0.5283689499 -0.1331591010
59.9 -530.6 2456.9 0.5008952022 0.5664241314 -0.6544216871 -0.2144972086 0.8137648106 0.5401645303 0.8385075331 -0.1301942170 0.5291073322
-88.1 -248.7 2489.7 0 0 0 0 0 0 0 0 0
-30.2 -166.3 2650.5 0 0 0 0 0 0 0 0 0
-315.6 -870.8 2329.6 0 0 0 0 0 0 0 0 0
-156.5 -841.4 2506.6 0 0 0 0 0 0 0 0 0
-249.6 115.9 2636.0 17 0.4990210831 0.1218970045 -0.8579738140 -0.1368421465 0.9887201786 0.0608817115 0.8557173610 0.0870257244 0.5100728869
-274.6 -87.1 2618.1 0.4990210831 0.1218970045 -0.8579738140 -0.1368421465 0.9887201786 0.0608817115 0.8557173610 0.0870257244 0.5100728869
-296.7 -284.0 2602.6 0.5005300641 0.1113417000 -0.8585293889 -0.1240358055 0.9906868339 0.0561670996 0.8567874432 0.0783750638 0.5096789002
-347.7 -69.0 2493.0 -0.1493712366 0.3764657676 -0.9143094420 0.8273647428 0.5539269447 0.0929116830 0.5414386988 -0.7425890565 -0.3942152262
-316.6 -241.5 2380.1 -0.8978854418 0.3764657676 0.2282000929 0.0207174271 0.5539269447 -0.8323074579 -0.4397414327 -0.7425890565 -0.5051622987
-201.5 -105.2 2743.3 0.4707907140 0.3628591299 -0.8041699529 -0.2404834181 0.9297685027 0.2787440717 0.8488367796 0.0621594116 0.5249879956
-32.5 -191.5 3048.0 0.0086191790 0.3628591299 0.9318041205 0.0633541346 0.9297685027 -0.3626524508 -0.9979538918 0.0621594116 -0.0149747850
-363.0 -471.0 2506.7 0.7656672001 -0.5795118213 -0.2791411281 -0.1860867292 0.2158455253 -0.9585313797 0.6157316566 0.7858605385 0.0574263744
-141.9 -553.3 2206.9 0.7656672001 0.4608882964 -0.4487045109 -0.1860867292 0.8264557719 0.5313591957 0.6157316566 -0.3233463764 0.7185552716
-273.0 -493.2 2664.9 0.4890231490 -0.8493058085 -0.1988366097 -0.2288206667 0.0950628743 -0.9688158631 0.8417229056 0.5192713141 -0.1478507817
64.0 -531.0 2458.8 0.4890231490 0.5837382078 -0.6481559277 -0.2288206667 0.8028942347 0.5504561663 0.8417229056 -0.1208743304 0.5262052417
-88.3 -246.7 2491.9 0 0 0 0 0 0 0 0 0
-29.0 -166.2 2648.6 0 0 0 0 0 0 0 0 0
-318.0 -869.1 2330.4 0 0 0 0 0 0 0 0 0
-158.9 -837.6 2505.0 0 0 0 0 0 0 0 0 0
-248.5 117.3 2636.9 18 0.4767774045 0.1314046979 -0.8691467643 -0.1316811293 0.9882828593 0.0771819353 0.8691049218 0.0776516348 0.4884944558
-275.5 -85.5 2620.9 0.4767774045 0.1314046979 -0.8691467643 -0.1316811293 0.9882828593 0.0771819353 0.8691049218 0.0776516348 0.4884944558
-299.7 -282.3 2608.0 0.4787948430 0.1217820272 -0.8694392443 -0.1159144267 0.9904314280 0.0748960003 0.8702409863 0.0649207383 0.4883297384
-345.4 -68.6 2493.9 -0.1334837526 0.4044494033 -0.9047666788 0.8206465840 0.5569408536 0.1278908700 0.5556269288 -0.7254223228 -0.4062525630
-317.6 -239.4 2378.2 -0.8878108263 0.4044494033 0.2195737660 0.0486592017 0.5569408536 -0.8291255236 -0.4576289356 -0.7254223228 -0.5141382813
-205.5 -102.4 2748.0 0.4478046298 0.3728332520 -0.8126907945 -0.2321106791 0.9262295365 0.2970243096 0.8634787798 0.0556253493 0.5013085008
-44.8 -185.8 3058.0 0.0327203870 0.3728332520 0.9273212552 0.0467868559 0.9262295365 -0.3740451932 -0.9983688593 0.0556253493 0.0128628919
-364.7 -469.4 2508.4 0.7671062350 -0.5798097849 -0.2745335102 -0.1804165542 0.2156871706 -0.9596503973 0.6156280637 0.7856841683 0.0608476885
-141.3 -552.5 2205.7 0.7671062350 0.4595127106 -0.4476562440 -0.1804165542 0.8241703510 0.5368362665 0.6156280637 -0.3310458064 0.7151298523
-272.9 -492.2 2665.5 0.4833257496 -0.8503321409 -0.2081620544 -0.2392687649 0.1004161686 -0.9657468796 0.8421084881 0.5165770054 -0.1549242139
65.7 -532.2 2459.8 0.4833257496 0.5969482660 -0.6403506398 -0.2392687649 0.7936869264 0.5592955947 0.8421084881 -0.1171060354 0.5264403820
-89.5 -251.9 2495.8 0 0 0 0 0 0 0 0 0
-31.7 -167.0 2658.5 0 0 0 0 0 0 0 0 0
-316.9 -867.5 2332.2 0 0 0 0 0 0 0 0 0
-162.3 -835.4 2504.5 0 0 0 0 0 0 0 0 0
-248.3 119.0 2646.3 19 0.4960145652 0.1202468947 -0.8599478006 -0.1564723104 0.9865301251 0.0476943254 0.8540995121 0.1109009385 0.5081486106
-273.0 -83.6 2623.5 0.4960145652 0.1202468947 -0.8599478006 -0.1564723104 0.9865301251 0.0476943254 0.8540995121 0.1109009385 0.5081486106
-295.5 -280.0 2604.1 0.4978466332 0.1125859693 -0.8599262238 -0.1409288645 0.9888613820 0.0478773043 0.8557381630 0.0973528773 0.5081679225
-345.7 -63.1 2498.6 -0.1317070276 0.3917228580 -0.9106077552 0.8302227259 0.5455261469 0.1145925894 0.5416488647 -0.7409145832 -0.3970668614
-317.9 -238.7 2384.1 -0.9003794789 0.3917228580 0.1893938333 0.0615224130 0.5455261469 -0.8358326554 -0.4307340682 -0.7409145832 -0.5152802467
-200.3 -104.1 2748.5 0.4679574370 0.3640587032 -0.8052807450 -0.2571600080 0.9278717041 0.2700422704 0.8455084562 0.0807177275 0.5278257728
-32.4 -196.4 3052.0 0.0116209639 0.3640587032 0.9313035011 0.0821329355 0.9278717041 -0.3637420237 -0.9965535998 0.0807177275 -0.0191184469
-367.8 -468.5 2515.3 0.7662697434 -0.5748736858 -0.2869684696 -0.1935660541 0.2193371803 -0.9562548995 0.6126686335 0.7882965803 0.0567954257
-141.7 -554.7 2205.3 0.7662697434 0.4637590349 -0.4447001219 -0.1935660541 0.8265867233 0.5284757614 0.6126686335 -0.3188761473 0.7231563926
-280.0 -489.7 2674.9 0.4873795807 -0.8455072045 -0.2181254774 -0.2503040433 0.1040393189 -0.9625610113 0.8365458846 0.5237302780 -0.1609272212
67.7 -532.5 2459.5 0.4873795807 0.6137173176 -0.6211377978 -0.2503040433 0.7796850801 0.5739678741 0.8365458846 -0.1242669076 0.5336185098
-85.3 -254.6 2495.3 0 0 0 0 0 0 0 0 0
-27.7 -163.5 2653.2 0 0 0 0 0 0 0 0 0
-318.9 -870.6 2327.1 0 0 0 0 0 0 0 0 0
-166.7 -830.3 2506.9 0 0 0 0 0 0 0 0 0
-248.4 119.1 2651.0 20 0.4774143100 0.1179031506 -0.8707321286 -0.1603455693 0.9860072136 0.0455962159 0.8639240861 0.1178497523 0.4896392226
-272.6 -83.0 2626.9 0.4774143100 0.1179031506 -0.8707321286 -0.1603455693 0.9860072136 0.0455962159 0.8639240861 0.1178497523 0.4896392226
-294.7 -279.3 2605.5 0.4788657725 0.1109910458 -0.8708435893 -0.1478280127 0.9880053401 0.0446348526 0.8653522134 0.1073609740 0.4895295501
-342.5 -61.5 2500.5 -0.1135811955 0.4051702023 -0.9071584344 0.8228363395 0.5500798821 0.1426622421 0.5568121076 -0.7302391529 -0.3958674967
-318.2 -238.1 2381.0 -0.8933450580 0.4051702023 0.1943493485 0.0684148446 0.5500798821 -0.8323049545 -0.4441328347 -0.7302391529 -0.5191308260
-202.7 -104.5 2753.2 0.4491414130 0.3627331853 -0.8165149093 -0.2639554143 0.9269577265 0.2666025758 0.8535804152 0.0957812816 0.5120804906
-41.4 -199.3 3059.7 0.0335355252 0.3627331853 0.9312894344 0.0897304863 0.9269577265 -0.3642771542 -0.9954013228 0.0957812816 -0.0014622097
-363.6 -463.5 2506.4 0.7666886449 -0.5764732957 -0.2826076150 -0.1804620624 0.2289354056 -0.9565678239 0.6161347628 0.7843896151 0.0714906082
-142.0 -551.5 2205.0 0.7666886449 0.4509058297 -0.4570257068 -0.1804620624 0.8345111012 0.5206002593 0.6161347628 -0.3166624904 0.7211815715
-272.3 -489.3 2663.2 0.4869197011 -0.8494364619 -0.2033885568 -0.2197257131 0.1062458530 -0.9697589278 0.8453578353 0.5168844461 -0.1349098384
62.9 -531.2 2459.3 0.4869197011 0.5901370049 -0.6439313293 -0.2197257131 0.7962813973 0.5636103153 0.8453578353 -0.1329446882 0.5173933506
-86.8 -255.8 2496.1 0 0 0 0 0 0 0 0 0
-28.0 -163.4 2661.3 0 0 0 0 0 0 0 0 0
-314.3 -870.3 2326.0 0 0 0 0 0 0 0 0 0
-162.5 -835.3 2510.0 0 0 0 0 0 0 0 0 0
-244.7 116.9 2645.4 21 0.4859906733 0.1351678818 -0.8634481430 -0.1637994349 0.9845477343 0.0619310439 0.8584769964 0.1113343984 0.5006214380
-272.5 -85.4 2622.5 0.4859906733 0.1351678818 -0.8634481430 -0.1637994349 0.9845477343 0.0619310439 0.8584769964 0.1113343984 0.5006214380
-295.5 -281.6 2601.3 0.4877195060 0.1155150309 -0.8653241992 -0.1501992345 0.9875296950 0.0471724123 0.8599824905 0.1069641262 0.4989877641
-343.7 -63.5 2496.9 -0.1210620031 0.4030907750 -0.9071173072 0.8297439814 0.5426934361 0.1304177940 0.5448567867 -0.7368865013 -0.4001616836
-317.8 -240.9 2380.4 -0.8925114274 0.4030907750 0.2023392469 0.0550913922 0.5426934361 -0.8381221890 -0.4476474822 -0.7368865013 -0.5065668821
-201.2 -107.3 2748.1 0.4574736655 0.3669072390 -0.8099980950 -0.2662147880 0.9256369472 0.2689347565 0.8484382629 0.0926029012 0.5211306810
-37.0 -202.9 3052.7 0.0230397955 0.3669072390 0.9299721718 0.0904728100 0.9256369472 -0.3674382865 -0.9956324100 0.0926029012 -0.0118686436
-360.7 -462.0 2504.9 0.7635956407 -0.5723146796 -0.2989608645 -0.1930402815 0.2394857556 -0.9515156150 0.6161632538 0.7842847109 0.0723904893
-140.3 -554.2 2202.9 0.7635956407 0.4670359194 -0.4458689690 -0.1930402815 0.8240668774 0.5325872898 0.6161632538 -0.3206106424 0.7194106579
-272.9 -489.1 2663.5 0.4931877255 -0.8456587195 -0.2040274292 -0.2122406363 0.1104777157 -0.9709523916 0.8436348438 0.5221647620 -0.1249968931
64.4 -533.1 2455.3 0.4931877255 0.5972098708 -0.6325395107 -0.2122406363 0.7877535820 0.5782717466 0.8436348438 -0.1509459466 0.5152626038
-86.3 -255.2 2496.6 0 0 0 0 0 0 0 0 0
-27.8 -166.7 2654.3 0 0 0 0 0 0 0 0 0
-318.7 -869.0 2325.4 0 0 0 0 0 0 0 0 0
-163.7 -834.0 2512.9 0 0 0 0 0 0 0 0 0
-244.5 117.5 2651.6 22 0.4691252708 0.1388101578 -0.8721543550 -0.1766297221 0.9823639989 0.0613430776 0.8652880788 0.1252707839 0.4853697717
-272.9 -83.7 2625.9 0.4691252708 0.1388101578 -0.8721543550 -0.1766297221 0.9823639989 0.0613430776 0.8652880788 0.1252707839 0.4853697717
-297.1 -279.7 2603.3 0.4715691805 0.1217120364 -0.8733891845 -0.1581644565 0.9860419035 0.0520131029 0.8675289750 0.1136113554 0.4842374921
-341.8 -60.7 2499.2 -0.1127655283 0.3829806149 -0.9168477654 0.8356343508 0.5357865691 0.1210289299 0.5375863910 -0.7525016069 -0.3804500103
-317.3 -242.1 2382.5 -0.8988341689 0.3829806149 0.2131267786 0.0281941518 0.5357865691 -0.8438826203 -0.4373811483 -0.7525016069 -0.4923810661
-204.0 -106.8 2752.6 0.4405807555 0.3728008270 -0.8166444302 -0.2738724351 0.9221450090 0.2732076645 0.8549166322 0.1032863632 0.5083792210
-45.9 -205.2 3059.5 0.0409494303 0.3728008270 0.9270073771 0.0948524028 0.9221450090 -0.3750354052 -0.9946487546 0.1032863632 0.0024002590
-363.1 -464.1 2501.2 0.7607265115 -0.5797943473 -0.2917766869 -0.1815730184 0.2414877117 -0.9532654285 0.6231583953 0.7781530619 0.0784310922
-143.3 -555.6 2206.1 0.7607265115 0.4547518790 -0.4631370008 -0.1815730184 0.8341454268 0.5208000541 0.6231583953 -0.3120932281 0.7171272039
-273.7 -491.6 2658.9 0.4850138724 -0.8530395031 -0.1925750226 -0.2073220760 0.1017709225 -0.9729646444 0.8495758176 0.5118263960 -0.1274936199
59.6 -531.4 2458.9 0.4850138724 0.5687269568 -0.6643125415 -0.2073220760 0.8127654195 0.5444538593 0.8495758176 -0.1263410002 0.5121121407
-87.3 -249.3 2494.4 0 0 0 0 0 0 0 0 0
-29.5 -167.2 2661.5 0 0 0 0 0 0 0 0 0
-317.0 -874.3 2325.4 0 0 0 0 0 0 0 0 0
-157.5 -841.6 2507.1 0 0 0 0 0 0 0 0 0
-242.2 118.2 2655.2 23 0.4713973999 0.1449161619 -0.8699332476 -0.1833815277 0.9809536934 0.0640399456 0.8626446128 0.1293414235 0.4889939427
-271.9 -82.9 2628.7 0.4713973999 0.1449161619 -0.8699332476 -0.1833815277 0.9809536934 0.0640399456 0.8626446128 0.1293414235 0.4889939427
-297.7 -278.6 2605.9 0.4742178917 0.1297003478 -0.8708014488 -0.1631909013 0.9848985076 0.0578244776 0.8651509285 0.1146854758 0.4882223904
-341.2 -59.1 2502.3 -0.0982924625 0.3497343659 -0.9316782951 0.8326813579 0.5415834188 0.1154519022 0.5449590087 -0.7644430995 -0.3444508612
-319.6 -242.1 2382.5 -0.9134736061 0.3497343659 0.2079706490 0.0159961767 0.5415834188 -0.8404948115 -0.4065833688 -0.7644430995 -0.5003165603
-202.6 -106.7 2755.0 0.4422959089 0.3802482486 -0.8122718930 -0.2786391973 0.9191163182 0.2785414755 0.8524872661 0.1031330153 0.5124734640
-43.8 -206.7 3061.0 0.0372334048 0.3802482486 0.9241346717 0.0962063596 0.9191163182 -0.3820595443 -0.9946647882 0.1031330153 -0.0023604711
-364.5 -461.1 2501.2 0.7599310279 -0.5838167667 -0.2857671380 -0.1745012254 0.2402613759 -0.9548946619 0.6261423230 0.7755208015 0.0807053298
-141.8 -552.7 2205.4 0.7599310279 0.4526709616 -0.4664695859 -0.1745012254 0.8333739042 0.5244399309 0.6261423230 -0.3171386719 0.7122983336
-278.0 -490.1 2660.3 0.4752002358 -0.8552540541 -0.2067009509 -0.2296544015 0.1062173918 -0.9674589038 0.8493783474 0.5072064996 -0.1459383219
61.9 -532.3 2458.7 0.4752002358 0.5893933177 -0.6532995105 -0.2296544015 0.7998350263 0.5545474291 0.8493783474 -0.1134879440 0.5154385567
-89.1 -246.1 2485.1 0 0 0 0 0 0 0 0 0
-28.9 -168.2 2663.0 0 0 0 0 0 0 0 0 0
-314.8 -871.2 2326.6 0 0 0 0 0 0 0 0 0
-163.1 -837.6 2502.0 0 0 0 0 0 0 0 0 0
-242.4 114.9 2656.0 24 0.4736080170 0.1436079144 -0.8689489365 -0.1829865724 0.9811322093 0.0624138564 0.8615168929 0.1294462830 0.4909504056
-271.8 -85.4 2629.5 0.4736080170 0.1436079144 -0.8689489365 -0.1829865724 0.9811322093 0.0624138564 0.8615168929 0.1294462830 0.4909504056
-297.3 -281.2 2607.0 0.4765538573 0.1285089105 -0.8697021604 -0.1616997272 0.9851941466 0.0569707565 0.8641467690 0.1134809777 0.4902779460
-341.4 -61.8 2503.3 -0.1034196094 0.3642940521 -0.9255237579 0.8322131634 0.5412995219 0.1200671867 0.5447252989 -0.7578157187 -0.3591512740
-318.8 -243.8 2384.2 -0.9060368538 0.3642940521 0.2153764814 0.0178114679 0.5412995219 -0.8406412005 -0.4228237867 -0.7578157187 -0.4969259202
-202.1 -109.0 2755.8 0.4447734952 0.3791259229 -0.8114432096 -0.2772068679 0.9197746515 0.2777965665 0.8516647816 0.1013810709 0.5141876936
-42.5 -208.5 3061.5 0.0346816853 0.3791259229 0.9246949553 0.0953593105 0.9197746515 -0.3806851506 -0.9948385954 0.1013810709 -0.0042538480
-366.9 -459.3 2503.8 0.7536983490 -0.5841391683 -0.3011980355 -0.1888051033 0.2465279847 -0.9505664706 0.6295168400 0.7733080983 0.0755192786
-143.3 -553.7 2207.7 0.7536983490 0.4598065317 -0.4695921242 -0.1888051033 0.8358766437 0.5154249072 0.6295168400 -0.2998135090 0.7168126702
-279.9 -489.3 2662.4 0.4929915667 -0.8483421803 -0.1930670738 -0.2029310763 0.1036659330 -0.9736900926 0.8460367918 0.5192003250 -0.1210485548
66.0 -531.5 2450.7 0.4929915667 0.6022691727 -0.6278783083 -0.2029310763 0.7813645601 0.5901596546 0.8460367918 -0.1635277122 0.5074252486
-86.8 -248.4 2492.5 0 0 0 0 0 0 0 0 0
-28.6 -170.4 2663.4 0 0 0 0 0 0 0 0 0
-318.9 -873.1 2322.2 0 0 0 0 0 0 0 0 0
-163.7 -829.5 2513.1 0 0 0 0 0 0 0 0 0
-241.4 116.7 2656.4 25 0.4824965000 0.1478485316 -0.8633295894 -0.1830082238 0.9809132218 0.0657057837 0.8565658927 0.1262935996 0.5003446937
-271.7 -84.1 2630.5 0.4824965000 0.1478485316 -0.8633295894 -0.1830082238 0.9809132218 0.0657057837 0.8565658927 0.1262935996 0.5003446937
-297.8 -279.9 2608.2 0.4853818417 0.1313815117 -0.8643745780 -0.1626946181 0.9849497080 0.0583487451 0.8590313792 0.1123076603 0.4994517565
-342.6 -60.4 2505.0 -0.1100165695 0.3698016703 -0.9225741625 0.8345003724 0.5385791063 0.1163685247 0.5399124622 -0.7570860386 -0.3678522706
-318.7 -241.1 2388.1 -0.9073209763 0.3698016703 0.2000383586 0.0338982679 0.5385791063 -0.8418927789 -0.4190698564 -0.7570860386 -0.5011997819
