-266.3 118.3 2695.6 2 0.4596842825 0.1119914725 -0.8809927702 -0.2154276818 0.9764494896 0.0117200678 0.8615574837 0.1844027042 0.4729845524
-289.2 -81.1 2657.9 0.4596842825 0.1119914725 -0.8809927702 -0.2154276818 0.9764494896 0.0117200678 0.8615574837 0.1844027042 0.4729845524
-306.4 -276.0 2623.7 0.4620068967 0.0865444466 -0.8826435804 -0.1925248355 0.9812815189 -0.0045582787 0.8657273054 0.1720367670 0.4700207710
-356.6 -53.0 2531.5 -0.6455004215 0.3906487226 -0.6562947631 0.6751240492 0.6936388612 -0.2511427701 0.3571229279 -0.6051931381 -0.7114804983
-195.5 -221.5 2442.4 -0.6678187847 0.3906487226 0.6335705519 -0.2389377207 0.6936388612 -0.6795395017 -0.7049304247 -0.6051931381 -0.3698843122
-221.7 -109.2 2784.3 0.2893570960 0.6133382916 -0.7349072099 -0.3256458640 0.7850316167 0.5269536376 0.9001262188 0.0868417099 0.4268855453
-129.8 -212.6 3070.1 -0.0380271934 0.6122003198 0.7897877693 0.0758264214 0.7898485065 -0.6085964441 -0.9963956475 0.0367435627 -0.0764566809
-366.6 -448.4 2498.8 0.7417118549 -0.5930533409 -0.3132909834 -0.1803525388 0.2735460997 -0.9447991848 0.6460158229 0.7572715878 0.0959337205
-134.8 -555.3 2202.8 0.7417118549 0.4835731983 -0.4647800028 -0.1803525388 0.8112297654 0.5562187433 0.6460158229 -0.3287297785 0.6889123917
-277.3 -487.1 2654.2 0.4503885210 -0.8733024597 -0.1857228130 -0.1962004155 0.1061224341 -0.9748042822 0.8710083961 0.4754795432 -0.1235459894
67.7 -529.0 2466.3 0.4503885210 0.5868007541 -0.6729153395 -0.1962004155 0.8003113866 0.5665748715 0.8710083961 -0.1231525317 0.4755816162
-14.5 -156.8 2633.5 0 0 0 0 0 0 0 0 0
-137.5 -197.3 2869.2 0 0 0 0 0 0 0 0 0
-319.5 -865.3 2328.4 0 0 0 0 0 0 0 0 0
-156.4 -834.8 2513.4 0 0 0 0 0 0 0 0 0
-266.0 119.0 2696.2 3 0.4442098737 0.1149062887 -0.8885235786 -0.2270361185 0.9738069773 0.0124305869 0.8666788340 0.1962051541 0.4586625397
-289.5 -79.8 2656.1 0.4442098737 0.1149062887 -0.8885235786 -0.2270361185 0.9738069773 0.0124305869 0.8666788340 0.1962051541 0.4586625397
-307.8 -274.2 2619.4 0.4463871121 0.0922996104 -0.8900670409 -0.2065225989 0.9784395695 -0.0021115658 0.8706818819 0.1847615391 0.4558247626
-354.6 -49.7 2529.0 -0.6445636749 0.4307199419 -0.6316787601 0.6803331971 0.7000897527 -0.2168435305 0.3488329649 -0.5695214868 -0.7442854643
-189.0 -224.6 2439.3 -0.6504098773 0.4307199419 0.6256575584 -0.1966887414 0.7000897527 -0.6864312887 -0.7336760759 -0.5695214868 -0.3706274927
-224.3 -110.0 2783.2 0.2720279098 0.6186823249 -0.7370433807 -0.3385443389 0.7784917951 0.5285246372 0.9007710814 0.1057484299 0.4212228954
-137.9 -217.5 3069.3 -0.0213088077 0.6183934808 0.7855796814 0.0875845850 0.7838917971 -0.6146890521 -0.9959291816 0.0557063781 -0.0708655342
-366.1 -453.3 2510.2 0.7490524650 -0.5855109692 -0.3099956214 -0.1953902543 0.2518600523 -0.9478339553 0.6330426931 0.7705474496 0.0742532462
-134.8 -552.8 2205.8 0.7490524650 0.4844354987 -0.4519321322 -0.1953902543 0.8133436441 0.5479915738 0.6330426931 -0.3221713006 0.7038910389
-281.4 -488.6 2668.9 0.4668552279 -0.8623391390 -0.1960036457 -0.2249080539 0.0985722989 -0.9693811536 0.8552558422 0.4966434836 -0.1479280293
67.8 -528.5 2467.8 0.4668552279 0.5857945085 -0.6624884605 -0.2249080539 0.8031561971 0.5516850948 0.8552558422 -0.1085580885 0.5067076087
-14.4 -171.8 2636.3 0 0 0 0 0 0 0 0 0
-142.2 -199.8 2868.4 0 0 0 0 0 0 0 0 0
-319.9 -863.6 2328.9 0 0 0 0 0 0 0 0 0
-156.0 -835.3 2509.2 0 0 0 0 0 0 0 0 0
-265.1 118.3 2696.5 4 0.4646936953 0.1175756156 -0.8776307702 -0.2345139831 0.9720938802 0.0060587656 0.8538518548 0.2030012161 0.4792990088
-289.2 -80.5 2655.0 0.4646936953 0.1175756156 -0.8776307702 -0.2345139831 0.9720938802 0.0060587656 0.8538518548 0.2030012161 0.4792990088
-308.0 -274.7 2617.6 0.4672867954 0.0949380845 -0.8789936304 -0.2107248157 0.9775241613 -0.0064444714 0.8586257100 0.1882371902 0.4767899513
-357.4 -49.7 2529.6 -0.6612365842 0.4489729702 -0.6009903550 0.6749730110 0.7056862712 -0.2154490501 0.3273798525 -0.5481150746 -0.7696702480
-183.0 -227.8 2443.3 -0.6338782310 0.4489729702 0.6297790408 -0.1808028221 0.7056862712 -0.6850672960 -0.7520031333 -0.5481150746 -0.3661435843
-220.9 -111.3 2780.3 0.2939028740 0.6196683645 -0.7277583480 -0.3433191180 0.7790131569 0.5246622562 0.8920499086 0.0956536084 0.4416982234
-127.6 -220.3 3063.7 -0.0451048017 0.6181815863 0.7847401500 0.0933855325 0.7847089767 -0.6127894521 -0.9946078062 0.0456436351 -0.0931233615
-367.1 -449.7 2502.9 0.7409304380 -0.5936020613 -0.3140997887 -0.1881848425 0.2654545903 -0.9455793500 0.6446771026 0.7597173452 0.0849764794
-134.8 -553.6 2205.6 0.7409304380 0.4878099561 -0.4615880549 -0.1881848425 0.8105844855 0.5545622110 0.6446771026 -0.3240281641 0.6923851371
-285.3 -487.5 2662.5 0.4521613419 -0.8717514873 -0.1886782497 -0.2175274342 0.0973718017 -0.9711851478 0.8650040030 0.4801750481 -0.1456021070
66.0 -526.8 2469.0 0.4521613419 0.5777145028 -0.6795558333 -0.2175274342 0.8103085160 0.5441340804 0.8650040030 -0.0982143581 0.4920589328
-12.5 -179.1 2645.6 0 0 0 0 0 0 0 0 0
-136.7 -201.5 2863.0 0 0 0 0 0 0 0 0 0
-321.2 -863.3 2329.4 0 0 0 0 0 0 0 0 0
-154.7 -836.3 2506.5 0 0 0 0 0 0 0 0 0
-264.1 119.2 2696.1 5 0.4560038745 0.1237396970 -0.8813335896 -0.2451032847 0.9694524407 0.0092946608 0.8555611372 0.2117793709 0.4724030793
-289.4 -79.0 2652.8 0.4560038745 0.1237396970 -0.8813335896 -0.2451032847 0.9694524407 0.0092946608 0.8555611372 0.2117793709 0.4724030793
-309.6 -272.8 2613.8 0.4587787986 0.1014448628 -0.8827406168 -0.2211391330 0.9752380848 -0.0028559328 0.8605925441 0.1965187192 0.4698520005
-356.4 -46.7 2527.1 -0.6989218593 0.4919398129 -0.5191372633 0.6515395045 0.7373188734 -0.1784858704 0.2949653864 -0.4629860818 -0.8358464837
-168.2 -222.2 2447.7 -0.5764588714 0.4919398129 0.6524495482 -0.1226708591 0.7373188734 -0.6643137336 -0.8078657389 -0.4629860818 -0.3646872938
-222.5 -111.3 2778.5 0.2840454578 0.6252423525 -0.7269045115 -0.3525257707 0.7731313109 0.5272509456 0.8916522861 0.1064893305 0.4400184751
-132.2 -223.3 3061.8 -0.0364811420 0.6241974831 0.7804144025 0.1013716981 0.7792174220 -0.6185013652 -0.9941794872 0.0565482974 -0.0917026997
-369.8 -449.6 2501.5 0.7369071245 -0.6001493335 -0.3111087084 -0.1820822805 0.2669951022 -0.9463401437 0.6510099173 0.7540121675 0.0874740332
-134.1 -554.5 2205.4 0.7369071245 0.4848550856 -0.4710450470 -0.1820822805 0.8134307861 0.5524277091 0.6510099173 -0.3213189542 0.6877064705
-284.1 -488.3 2658.9 0.4501997530 -0.8759677410 -0.1732071787 -0.1964709014 0.0920469537 -0.9761795402 0.8710449934 0.4735059440 -0.1306626648
66.0 -525.0 2469.6 0.4501997530 0.5765954852 -0.6818048358 -0.1964709014 0.8088133335 0.5542744398 0.8710449934 -0.1155794039 0.4774118066
-12.5 -189.1 2665.9 0 0 0 0 0 0 0 0 0
-139.6 -202.8 2861.2 0 0 0 0 0 0 0 0 0
-319.4 -865.3 2328.2 0 0 0 0 0 0 0 0 0
-154.3 -834.1 2513.7 0 0 0 0 0 0 0 0 0
-264.1 118.3 2695.4 6 0.4799479246 0.1094287932 -0.8704454899 -0.2380331159 0.9712139368 -0.0091501782 0.8443874717 0.2115864605 0.4921797812
-286.5 -80.3 2652.2 0.4799479246 0.1094287932 -0.8704454899 -0.2380331159 0.9712139368 -0.0091501782 0.8443874717 0.2115864605 0.4921797812
-303.9 -274.2 2612.4 0.4820717573 0.0875923857 -0.8717421889 -0.2170435041 0.9759147763 -0.0219650324 0.8488221169 0.1997946948 0.4894722998
-356.9 -48.6 2528.2 -0.6676611304 0.4997717738 -0.5517760515 0.6693403721 0.7274419665 -0.1510352045 0.3259018958 -0.4701663256 -0.8202021718
-177.1 -228.9 2440.5 -0.6114552021 0.4997717738 0.6134743094 -0.0881563872 0.7274419665 -0.6804826260 -0.7863529921 -0.4701663256 -0.4007400870
-216.1 -112.0 2776.1 0.3105912209 0.6128781438 -0.7265765071 -0.3517159820 0.7842273712 0.5111587644 0.8830792308 0.0967871472 0.4591331780
-117.5 -223.7 3056.6 -0.0607784912 0.6105922461 0.7896094322 0.1057834327 0.7905571461 -0.6031826138 -0.9925300479 0.0468670651 -0.1126394123
-371.8 -446.3 2495.8 0.7272239923 -0.6092479825 -0.3161679208 -0.1767116040 0.2789135277 -0.9439175129 0.6632633209 0.7423100471 0.0951714292
-134.9 -554.7 2207.2 0.7272239923 0.4811611474 -0.4895193279 -0.1767116040 0.8203706741 0.5438427925 0.6632633209 -0.3089918196 0.6816200018
-287.7 -486.8 2653.6 0.4435091019 -0.8803153634 -0.1683583558 -0.1878239810 0.0923842639 -0.9778482914 0.8763685226 0.4653063715 -0.1243710741
65.6 -523.9 2466.8 0.4435091019 0.5701718330 -0.6915227771 -0.1878239810 0.8135507703 0.5503247380 0.8763685226 -0.1141894758 0.4679091275
-10.0 -204.8 2655.4 0 0 0 0 0 0 0 0 0
-129.7 -202.3 2856.4 0 0 0 0 0 0 0 0 0
-318.8 -868.2 2325.3 0 0 0 0 0 0 0 0 0
-152.2 -834.7 2510.5 0 0 0 0 0 0 0 0 0
-263.6 117.9 2695.1 7 0.5931187868 0.0967559665 -0.7992799282 -0.2462908626 0.9669659138 -0.0657091662 0.7665186524 0.2358286828 0.5973557830
-283.4 -80.3 2646.8 0.5931187868 0.0967559665 -0.7992799282 -0.2462908626 0.9669659138 -0.0657091662 0.7665186524 0.2358286828 0.5973557830
-297.5 -273.2 2602.0 0.5953142047 0.0692584291 -0.8005024791 -0.2206486911 0.9720678329 -0.0799890161 0.7726028562 0.2242484242 0.5939676166
-369.6 -48.6 2534.9 -0.6577284932 0.4836621583 -0.5774635673 0.6720000505 0.7231153250 -0.1597504020 0.3403075337 -0.4931279123 -0.8006345034
-181.4 -240.9 2437.6 -0.6321662068 0.4836621583 0.6053401828 -0.1010534614 0.7231153250 -0.6832953095 -0.7682148814 -0.4931279123 -0.4082533419
-197.3 -111.9 2758.6 0.4358387887 0.5848950744 -0.6840630770 -0.3641043305 0.8096604347 0.4603020549 0.8230872154 0.0484528393 0.5658442378
-60.1 -226.5 3017.6 -0.1917886734 0.5756932497 0.7948549390 0.1324591488 0.8176628947 -0.5602517128 -0.9724565148 -0.0021641217 -0.2330743223
-365.5 -448.2 2494.9 0.7322117686 -0.6027731895 -0.3170652390 -0.1793504506 0.2784561813 -0.9435547590 0.6570383310 0.7477477193 0.0957812369
-134.3 -555.0 2208.1 0.7322117686 0.4836409688 -0.4795386493 -0.1793504506 0.8161587119 0.5492889881 0.6570383310 -0.3161903620 0.6843422651
-276.6 -487.9 2649.7 0.4502749443 -0.8769705892 -0.1678541750 -0.1818325818 0.0939890146 -0.9788273573 0.8741792440 0.4712627828 -0.1171409264
62.9 -524.3 2467.3 0.4502749443 0.5640322566 -0.6921850443 -0.1818325818 0.8168977499 0.5473709702 0.8741792440 -0.1206056550 0.4703880250
-5.2 -212.8 2651.7 0 0 0 0 0 0 0 0 0
-98.5 -200.0 2823.2 0 0 0 0 0 0 0 0 0
-319.1 -866.9 2328.9 0 0 0 0 0 0 0 0 0
-152.6 -836.4 2513.4 0 0 0 0 0 0 0 0 0
-262.8 119.7 2695.4 8 0.6089824438 0.1020765007 -0.7865880728 -0.2570236027 0.9635719657 -0.0739457011 0.7503860593 0.2472033352 0.6130344868
-283.7 -77.4 2644.9 0.6089824438 0.1020765007 -0.7865880728 -0.2570236027 0.9635719657 -0.0739457011 0.7503860593 0.2472033352 0.6130344868
-299.2 -269.7 2597.5 0.6110886931 0.0771587417 -0.7877925634 -0.2343217283 0.9682648778 -0.0869280398 0.7560845613 0.2377176583 0.6097757220
-372.5 -43.5 2535.0 -0.5767199397 0.4353000224 -0.6913089156 0.7191150784 0.6720356941 -0.1767529249 0.3876436949 -0.5990675688 -0.7006071806
-208.9 -247.4 2425.0 -0.7326205373 0.4353000224 0.5232408643 -0.1223148927 0.6720356941 -0.7303472757 -0.6695566773 -0.5990675688 -0.4391034842
-194.8 -111.3 2754.8 0.4522473812 0.5885246992 -0.6701574326 -0.3784646690 0.8070158362 0.4533100128 0.8076117635 0.0486226603 0.5877065659
-51.8 -231.0 3010.1 -0.2120261937 0.5784342885 0.7876920104 0.1494119763 0.8157286048 -0.5588049293 -0.9657747746 -0.0007906643 -0.2593808472
-365.8 -446.4 2487.0 0.7252210975 -0.6120042801 -0.3154443204 -0.1744246036 0.2798986733 -0.9440512657 0.6660558581 0.7396671176 0.0962398201
-134.8 -552.0 2207.9 0.7252210975 0.4757892191 -0.4976735413 -0.1744246036 0.8262006640 0.5356944799 0.6660558581 -0.3016903996 0.6821674705
-257.3 -486.0 2627.0 0.4286800921 -0.8862890005 -0.1752861291 -0.1616064161 0.1156647131 -0.9800536036 0.8888851404 0.4484568238 -0.0936468244
64.5 -528.0 2464.2 0.4286800921 0.5841585994 -0.6891967058 -0.1616064161 0.8001213074 0.5776584148 0.8888851404 -0.1362520605 0.4373998344
-5.6 -213.5 2610.9 0 0 0 0 0 0 0 0 0
-94.4 -201.0 2816.1 0 0 0 0 0 0 0 0 0
-316.6 -867.7 2323.2 0 0 0 0 0 0 0 0 0
-158.6 -833.6 2516.3 0 0 0 0 0 0 0 0 0
-261.3 119.1 2696.1 9 0.5999432802 0.1045803204 -0.7931778431 -0.2643296421 0.9616550803 -0.0731394440 0.7551144958 0.2535399199 0.6045821309
-282.7 -78.1 2644.1 0.5999432802 0.1045803204 -0.7931778431 -0.2643296421 0.9616550803 -0.0731394440 0.7551144958 0.2535399199 0.6045821309
-299.4 -270.1 2595.8 0.6020299792 0.0833403245 -0.7941122651 -0.2429188937 0.9665125608 -0.0827275813 0.7606249452 0.2427093685 0.6021144986
-370.4 -42.8 2533.3 -0.5335978866 0.3884143829 -0.7512706518 0.7406824827 0.6434087157 -0.1934288442 0.4082435369 -0.6596662402 -0.6310132146
-221.7 -249.2 2419.5 -0.7731774449 0.3884143829 0.5013291240 -0.1619128138 0.6434087157 -0.7482041717 -0.6131727695 -0.6596662402 -0.4345798492
-195.0 -113.4 2754.9 0.4413774312 0.5950739980 -0.6716196537 -0.3859900832 0.8015955687 0.4565699697 0.8100602627 0.0577188432 0.5834988356
-55.1 -235.7 3011.7 -0.2015730441 0.5856029391 0.7851353288 0.1559861898 0.8105515838 -0.5645126104 -0.9669728875 0.0086797494 -0.2547313273
-370.5 -440.7 2481.2 0.7139374614 -0.6204252839 -0.3246010244 -0.1643326432 0.3021665812 -0.9389835596 0.6806527376 0.7237180471 0.1137719154
-135.3 -555.3 2206.8 0.7139374614 0.4841489196 -0.5058588386 -0.1643326432 0.8181145191 0.5510747433 0.6806527376 -0.3103037775 0.6636440754
-258.8 -483.3 2619.0 0.4126343727 -0.8943523765 -0.1728197634 -0.1349485368 0.1276101619 -0.9826009274 0.9008450508 0.4287766814 -0.0680352077
65.0 -529.5 2463.8 0.4126343727 0.5819287896 -0.7007793784 -0.1349485368 0.7998935580 0.5847727656 0.9008450508 -0.1467281878 0.4085940421
-6.1 -204.0 2590.5 0 0 0 0 0 0 0 0 0
-95.7 -204.3 2817.0 0 0 0 0 0 0 0 0 0
-320.3 -867.9 2325.4 0 0 0 0 0 0 0 0 0
-157.3 -835.1 2519.8 0 0 0 0 0 0 0 0 0
-261.2 118.3 2695.9 0 0.5574457049 0.1179508343 -0.8217918873 -0.2597465515 0.9649407864 -0.0376969278 0.7885341048 0.2344715893 0.5685393810
-285.3 -79.1 2648.0 0.5574457049 0.1179508343 -0.8217918873 -0.2597465515 0.9649407864 -0.0376969278 0.7885341048 0.2344715893 0.5685393810
-304.5 -271.9 2604.2 0.5601425767 0.0956749991 -0.8228527308 -0.2353098392 0.9707682729 -0.0473095477 0.7942730188 0.2201254368 0.5662819147
-366.9 -44.9 2532.2 -0.4468462467 0.3072208762 -0.8402045965 0.7657497525 0.6169493198 -0.1816613674 0.4625534713 -0.7245611548 -0.5109357834
-248.0 -248.7 2409.2 -0.8414282799 0.3072208762 0.4445377290 -0.1795582622 0.6169493198 -0.7662456632 -0.5096638799 -0.7245611548 -0.4639545381
-203.7 -113.2 2763.7 0.3939919770 0.6110912561 -0.6865404248 -0.3728332818 0.7890036702 0.4883323908 0.8400986195 0.0635660887 0.5386962891
-78.8 -231.4 3029.9 -0.1529522538 0.6041100025 0.7820848227 0.1330606639 0.7967795134 -0.5894380808 -0.9792346358 0.0139088491 -0.2022525072
-371.1 -439.9 2478.0 0.7092994452 -0.6268038750 -0.3225076199 -0.1534452289 0.3092527092 -0.9385187030 0.6880035400 0.7151780128 0.1231727153
-135.1 -556.3 2208.7 0.7092994452 0.4814085960 -0.5149174929 -0.1534452289 0.8184052706 0.5537755489 0.6880035400 -0.3137810528 0.6543642879
-260.9 -484.2 2617.0 0.3988218904 -0.8985312581 -0.1832557917 -0.1501696408 0.1331464499 -0.9796535373 0.9046491981 0.4182267487 -0.0818303898
63.4 -532.3 2466.1 0.3988218904 0.5851733088 -0.7060547471 -0.1501696408 0.8012195230 0.5792204738 0.9046491981 -0.1249778122 0.4074191451
-14.1 -198.8 2550.9 0 0 0 0 0 0 0 0 0
-109.6 -204.6 2832.8 0 0 0 0 0 0 0 0 0
-319.0 -869.1 2328.6 0 0 0 0 0 0 0 0 0
-160.1 -838.4 2513.8 0 0 0 0 0 0 0 0 0
-259.5 119.4 2695.3 1 0.5223653316 0.1298719943 -0.8427737951 -0.2498207837 0.9682757258 -0.0056312033 0.8153060675 0.2134839743 0.5382384062
-286.2 -80.1 2651.4 0.5223653316 0.1298719943 -0.8427737951 -0.2498207837 0.9682757258 -0.0056312033 0.8153060675 0.2134839743 0.5382384062
-307.0 -273.8 2612.3 0.5258250833 0.1035922691 -0.8442609906 -0.2210216224 0.9751026034 -0.0180105697 0.8213753104 0.1960703433 0.5356295109
-362.9 -48.1 2531.6 -0.3249409795 0.2848002315 -0.9018326998 0.7836647034 0.6148935556 -0.0881792605 0.5294176340 -0.7353875041 -0.4229919910
-278.3 -252.1 2393.8 -0.8747959733 0.2848002315 0.3919449449 -0.1469552666 0.6148935556 -0.7747967839 -0.4616667330 -0.7353875041 -0.4960534871
-209.6 -112.2 2771.1 0.3558052182 0.6213951707 -0.6980478168 -0.3544881046 0.7808445692 0.5144122243 0.8647201061 0.0644190907 0.4981057346
-96.8 -224.6 3045.2 -0.1137405634 0.6164278984 0.7791532278 0.1071730852 0.7872789502 -0.6072114706 -0.9877130389 0.0144396788 -0.1556100249
-374.9 -443.2 2487.7 0.7146120071 -0.6222751141 -0.3195361793 -0.1628857702 0.2962116897 -0.9411306381 0.6802925467 0.7245911360 0.1103166714
-134.8 -557.5 2208.1 0.7146120071 0.4849288464 -0.5041564107 -0.1628857702 0.8162587285 0.5542472005 0.6802925467 -0.3139517903 0.6622962952
-272.4 -486.1 2632.9 0.4095427990 -0.8906818032 -0.1973844320 -0.2006558776 0.1231188029 -0.9718945026 0.8899505138 0.4376387596 -0.1282981187
64.7 -532.7 2467.3 0.4095427990 0.6032562256 -0.6843658686 -0.2006558776 0.7913560867 0.5774883628 0.8899505138 -0.0991841629 0.4451410770
-34.1 -211.1 2522.6 0 0 0 0 0 0 0 0 0
-119.7 -203.0 2846.3 0 0 0 0 0 0 0 0 0
-320.1 -869.4 2328.1 0 0 0 0 0 0 0 0 0
-165.7 -834.9 2505.2 0 0 0 0 0 0 0 0 0
-259.2 117.6 2697.6 2 0.5102267861 0.1244810745 -0.8509836197 -0.2614650428 0.9650869370 -0.0155953793 0.8193318248 0.2304596454 0.5249606967
-284.9 -81.4 2650.0 0.5102267861 0.1244810745 -0.8509836197 -0.2614650428 0.9650869370 -0.0155953793 0.8193318248 0.2304596454 0.5249606967
-304.4 -274.6 2607.9 0.5136455894 0.0979386717 -0.8523944020 -0.2316842228 0.9723913074 -0.0278848242 0.8261299133 0.2118092477 0.5221553445
-359.9 -47.7 2529.5 -0.3208018243 0.3035286069 -0.8971937299 0.7894352078 0.6090842485 -0.0762129202 0.5233337879 -0.7327255607 -0.4350115061
-278.1 -248.8 2396.2 -0.8755788207 0.3035286069 0.3758085668 -0.1250094026 0.6090842485 -0.7831915617 -0.4666201174 -0.7327255607 -0.4953573644
-209.9 -115.2 2770.5 0.3433238566 0.6183235049 -0.7069687247 -0.3664974570 0.7812461257 0.5053059459 0.8647591472 0.0856186450 0.4948344231
-101.0 -231.5 3045.0 -0.0986199826 0.6141305566 0.7830183506 0.1217236444 0.7883901000 -0.6030127406 -0.9876524806 0.0358427428 -0.1525052339
-375.9 -447.3 2498.2 0.7257642150 -0.6144584417 -0.3093657792 -0.1688572913 0.2768279016 -0.9459669590 0.6668984890 0.7387876511 0.0971560031
-133.7 -556.4 2207.0 0.7257642150 0.4851697087 -0.4877260625 -0.1688572913 0.8129070997 0.5573771000 0.6668984890 -0.3221682310 0.6719033122
-279.6 -487.5 2648.5 0.4381271303 -0.8797969222 -0.1843962818 -0.1894118935 0.1101714298 -0.9756973982 0.8787307739 0.4624063373 -0.1183749065
66.6 -530.9 2466.5 0.4381271303 0.5963050127 -0.6726551056 -0.1894118935 0.7927384377 0.5793866515 0.8787307739 -0.1264361441 0.4602674842
-32.3 -213.7 2527.2 0 0 0 0 0 0 0 0 0
-120.9 -206.9 2845.9 0 0 0 0 0 0 0 0 0
-319.1 -867.0 2330.1 0 0 0 0 0 0 0 0 0
-161.1 -833.6 2514.8 0 0 0 0 0 0 0 0 0
-258.0 121.2 2696.7 3 0.5165007710 0.1158066243 -0.8484196067 -0.2524267733 0.9673742652 -0.0216287710 0.8182345033 0.2253350914 0.5288822055
-281.7 -77.3 2650.4 0.5165007710 0.1158066243 -0.8484196067 -0.2524267733 0.9673742652 -0.0216287710 0.8182345033 0.2253350914 0.5288822055
-299.8 -270.4 2607.1 0.5186079144 0.0906615630 -0.8501918912 -0.2326357067 0.9718105197 -0.0382747315 0.8227553964 0.2176345736 0.5250797868
-357.5 -43.4 2530.3 -0.3972634375 0.3554914594 -0.8460541368 0.7924172878 0.5978857875 -0.1208612099 0.4628786147 -0.7184416652 -0.5192157626
-254.0 -249.9 2409.7 -0.8239654303 0.3554914594 0.4412559569 -0.1624131650 0.5978857875 -0.7849551439 -0.5428655148 -0.7184416652 -0.4349007308
-206.0 -111.3 2770.5 0.3495178223 0.6121617556 -0.7092921138 -0.3691484928 0.7857779860 0.4962684214 0.8611426353 0.0883794576 0.5006220341
-95.0 -228.5 3044.0 -0.1032350957 0.6077344418 0.7874016762 0.1272971332 0.7931940556 -0.5955154300 -0.9864775538 0.0387558788 -0.1592483222
-371.0 -446.5 2490.1 0.7252498865 -0.6134833097 -0.3124912977 -0.1657083333 0.2849983573 -0.9440956712 0.6682464480 0.7364877462 0.1050357372
-133.6 -556.8 2205.2 0.7252498865 0.4860809147 -0.4875837564 -0.1657083333 0.8106183410 0.5616392493 0.6682464480 -0.3265320957 0.6684485674
-276.9 -488.9 2641.5 0.4263232946 -0.8861991763 -0.1813821197 -0.2001618296 0.1031265184 -0.9743203521 0.8821471930 0.4516812563 -0.1334180087
66.4 -528.8 2466.5 0.4263232946 0.5976656079 -0.6790023446 -0.2001618296 0.7943565845 0.5735266805 0.8821471930 -0.1085974351 0.4582825601
-23.1 -204.4 2561.8 0 0 0 0 0 0 0 0 0
-115.8 -202.8 2845.1 0 0 0 0 0 0 0 0 0
-319.4 -866.5 2330.0 0 0 0 0 0 0 0 0 0
-161.9 -832.2 2508.0 0 0 0 0 0 0 0 0 0
-256.3 125.4 2696.2 4 0.5163133740 0.1224400401 -0.8476018906 -0.2418388575 0.9702900648 -0.0071522677 0.8215439320 0.2086758763 0.5305845141
-281.5 -74.3 2653.3 0.5163133740 0.1224400401 -0.8476018906 -0.2418388575 0.9702900648 -0.0071522677 0.8215439320 0.2086758763 0.5305845141
-300.9 -268.1 2613.8 0.5187717676 0.0975515619 -0.8493288755 -0.2200977653 0.9752200246 -0.0224250797 0.8260949254 0.1985688806 0.5273874998
-357.3 -42.2 2532.6 -0.4496273696 0.3987630606 -0.7992641926 0.7815911174 0.6087964773 -0.1359490454 0.4323777854 -0.6858242154 -0.5854012370
-237.7 -250.2 2417.6 -0.7661247253 0.3987630606 0.5040247440 -0.1898762882 0.6087964773 -0.7702686787 -0.6140031815 -0.6858242154 -0.3906983733
-205.8 -106.5 2773.9 0.3489208519 0.6175314784 -0.7049177885 -0.3547348082 0.7832519412 0.5105679035 0.8674200177 0.0719110817 0.4923528433
-94.9 -219.2 3049.4 -0.1044753045 0.6130532026 0.7831032276 0.1089241654 0.7897288799 -0.6037083864 -0.9885445833 0.0222262479 -0.1492834836
-365.4 -442.2 2488.5 0.7246587873 -0.6050210595 -0.3298775852 -0.1767764986 0.2994705141 -0.9375860095 0.6660478711 0.7377445102 0.1100604385
-134.1 -556.6 2206.5 0.7246587873 0.4872869253 -0.4872587919 -0.1767764986 0.8148770928 0.5520194173 0.6660478711 -0.3138898015 0.6766486764
-270.3 -484.8 2639.3 0.4293247461 -0.8836244345 -0.1867835671 -0.1760654300 0.1209598333 -0.9769184589 0.8858223557 0.4523014128 -0.1036446765
68.1 -531.1 2466.1 0.4293247461 0.5979905128 -0.6768216491 -0.1760654300 0.7904388905 0.5866917968 0.8858223557 -0.1327164173 0.4446404576
-23.0 -197.0 2589.6 0 0 0 0 0 0 0 0 0
-116.0 -197.2 2850.0 0 0 0 0 0 0 0 0 0
-320.3 -868.0 2326.4 0 0 0 0 0 0 0 0 0
-160.3 -833.0 2516.8 0 0 0 0 0 0 0 0 0
-256.1 124.4 2698.0 5 0.5463952422 0.1243802607 -0.8282401562 -0.2512010932 0.9677200913 -0.0203924030 0.7989682555 0.2191971391 0.5600021482
-281.7 -74.3 2653.0 0.5463952422 0.1243802607 -0.8282401562 -0.2512010932 0.9677200913 -0.0203924030 0.7989682555 0.2191971391 0.5600021482
-301.5 -267.7 2612.2 0.5493174791 0.0994730145 -0.8296719193 -0.2258588374 0.9736074209 -0.0328088067 0.8045111299 0.2054111809 0.5572863817
-361.9 -41.3 2535.6 -0.5398504734 0.4022699296 -0.7394189239 0.7422183752 0.6418547034 -0.1927028298 0.3970809579 -0.6528410316 -0.6450777054
-211.1 -248.6 2424.7 -0.7146319151 0.4022699296 0.5722587705 -0.2255805731 0.6418547034 -0.7328956127 -0.6621288657 -0.6528410316 -0.3679455817
-201.5 -107.3 2770.4 0.3816933632 0.6156206131 -0.6894356012 -0.3619974256 0.7858892679 0.5013341308 0.8504516482 0.0582180023 0.5228217840
-80.3 -222.2 3040.4 -0.1405084729 0.6093141437 0.7803804278 0.1187590137 0.7928812504 -0.5976919532 -0.9829311371 0.0086964294 -0.1837680787
-367.9 -441.6 2498.6 0.7278457284 -0.5982982516 -0.3350817561 -0.1888927966 0.2948127389 -0.9366989732 0.6592116952 0.7450668812 0.1015639678
-133.5 -557.1 2206.7 0.7278457284 0.4938232899 -0.4757931530 -0.1888927966 0.8113753796 0.5531631708 0.6592116952 -0.3127435744 0.6838358045
-272.8 -482.0 2650.1 0.4445904791 -0.8706093431 -0.2106624991 -0.2151472718 0.1245079860 -0.9686121345 0.8695119023 0.4759591818 -0.1319541633
68.1 -530.7 2463.7 0.4445904791 0.6107363701 -0.6552407146 -0.2151472718 0.7829082012 0.5837519765 0.8695119023 -0.1185573116 0.4794718027
-7.0 -184.2 2613.8 0 0 0 0 0 0 0 0 0
-108.6 -198.3 2842.2 0 0 0 0 0 0 0 0 0
-322.2 -867.2 2326.2 0 0 0 0 0 0 0 0 0
-165.1 -829.8 2509.0 0 0 0 0 0 0 0 0 0
-255.7 123.8 2696.4 6 0.5416010618 0.1266436279 -0.8310413361 -0.2476246655 0.9687584639 -0.0137498369 0.8033369780 0.2132332623 0.5560407043
-281.6 -74.2 2652.8 0.5416010618 0.1266436279 -0.8310413361 -0.2476246655 0.9687584639 -0.0137498369 0.8033369780 0.2132332623 0.5560407043
-301.6 -267.8 2612.7 0.5443959236 0.1006805077 -0.8327643871 -0.2237360626 0.9742336869 -0.0284770411 0.8084400296 0.2018222064 0.5528947115
-361.1 -41.6 2534.7 -0.5545021892 0.3949517608 -0.7324891686 0.7380759120 0.6399981976 -0.2136499584 0.3844103217 -0.6591019630 -0.6463847756
-207.2 -246.4 2428.1 -0.6806883216 0.3949517608 0.6169899106 -0.2779610157 0.6399981976 -0.7163379192 -0.6777912974 -0.6591019630 -0.3258580863
-202.1 -106.9 2770.8 0.3761759996 0.6171679497 -0.6910827756 -0.3592551053 0.7846736312 0.5051960349 0.8540652394 0.0582323857 0.5168961287
-82.6 -221.0 3042.1 -0.1348363012 0.6111561060 0.7799406648 0.1149483100 0.7914621830 -0.6003119946 -0.9841778874 0.0087090097 -0.1769691855
-371.6 -440.5 2497.6 0.7246072888 -0.6050092578 -0.3300121427 -0.1821527779 0.2936957479 -0.9383832812 0.6646537781 0.7400720119 0.1026099622
-134.0 -555.8 2207.0 0.7246072888 0.4907690585 -0.4838284552 -0.1821527779 0.8134736419 0.5523413420 0.6646537781 -0.3120999038 0.6788439155
-270.9 -481.9 2645.1 0.4466819465 -0.8745570779 -0.1887461841 -0.1789769381 0.1193533167 -0.9765869379 0.8766084909 0.4700049758 -0.1032125726
68.5 -528.2 2462.7 0.4466819465 0.6010744572 -0.6627101302 -0.1789769381 0.7857716084 0.5920559764 0.8766084909 -0.1458508968 0.4585684538
-11.3 -166.4 2623.2 0 0 0 0 0 0 0 0 0
-109.8 -197.8 2843.6 0 0 0 0 0 0 0 0 0
-321.6 -866.7 2326.3 0 0 0 0 0 0 0 0 0
-161.1 -828.3 2518.4 0 0 0 0 0 0 0 0 0
-257.3 122.7 2696.6 7 0.5159464478 0.1176859587 -0.8484982848 -0.2444849610 0.9695492983 -0.0141883688 0.8209910989 0.2147655040 0.5290079117
-281.3 -75.2 2652.7 0.5159464478 0.1176859587 -0.8484982848 -0.2444849610 0.9695492983 -0.0141883688 0.8209910989 0.2147655040 0.5290079117
-300.3 -268.8 2612.4 0.5183321238 0.0955977738 -0.8498193026 -0.2227395326 0.9745250344 -0.0262298379 0.8256627321 0.2028841227 0.5264210701
-357.0 -42.6 2532.2 -0.5544074774 0.4078726768 -0.7254462242 0.7414588332 0.6379584670 -0.2079609483 0.3779829741 -0.6531836390 -0.6561097503
-205.1 -245.8 2428.7 -0.6525896192 0.4078726768 0.6385661364 -0.2966428697 0.6379584670 -0.7106419802 -0.6972301006 -0.6531836390 -0.2953325212
-205.6 -107.7 2773.3 0.3485275507 0.6161409020 -0.7063277364 -0.3580690324 0.7839457989 0.5071642399 0.8662073016 0.0761533901 0.4938476682
-94.9 -221.4 3048.4 -0.1035505533 0.6117005348 0.7842829227 0.1131075770 0.7906488180 -0.6017317772 -0.9881720543 0.0263986904 -0.1510600895
-371.6 -440.9 2498.5 0.7232281566 -0.6039432287 -0.3349531591 -0.1872603893 0.2953454256 -0.9368588924 0.6647365093 0.7402861714 0.1005074903
-134.1 -557.0 2207.4 0.7232281566 0.4943721294 -0.4822211564 -0.1872603893 0.8124773502 0.5520997643 0.6647365093 -0.3089931607 0.6801828146
-271.8 -481.9 2646.7 0.4440793097 -0.8708620667 -0.2106960565 -0.2039075047 0.1307557076 -0.9702188969 0.8724765182 0.4738166332 -0.1195094138
67.1 -532.8 2462.3 0.4440793097 0.6123019457 -0.6541252732 -0.2039075047 0.7799683213 0.5916680694 0.8724765182 -0.1293664873 0.4712207615
-14.9 -159.3 2631.9 0 0 0 0 0 0 0 0 0
-115.8 -198.6 2849.1 0 0 0 0 0 0 0 0 0
-323.0 -867.5 2325.5 0 0 0 0 0 0 0 0 0
-166.8 -830.7 2511.7 0 0 0 0 0 0 0 0 0
-257.4 123.4 2696.2 8 0.5081260800 0.1177215651 -0.8531996012 -0.2442906797 0.9696314335 -0.0117017524 0.8259115815 0.2143746763 0.5214532614
-281.5 -75.1 2652.3 0.5081260800 0.1177215651 -0.8531996012 -0.2442906797 0.9696314335 -0.0117017524 0.8259115815 0.2143746763 0.5214532614
-300.0 -268.8 2612.3 0.5107281804 0.0930278227 -0.8546944261 -0.2202789634 0.9751036763 -0.0254955515 0.8310438395 0.2012924999 0.5185049772
-356.1 -42.9 2530.9 -0.5749807954 0.4144275188 -0.7054409385 0.7383925915 0.6342051029 -0.2292601913 0.3523825109 -0.6527125835 -0.6706659794
-196.4 -248.0 2433.1 -0.6242102981 0.4144275188 0.6622773409 -0.3238326013 0.6342051029 -0.7020800114 -0.7109809518 -0.6527125835 -0.2616722286
-206.9 -107.2 2773.6 0.3406448662 0.6148488522 -0.7112819552 -0.3555674255 0.7845885754 0.5079296231 0.8703636527 0.0798850730 0.4858863056
-98.7 -220.2 3050.2 -0.0943558887 0.6108741164 0.7860850692 0.1105319411 0.7911542654 -0.6015459895 -0.9893834591 0.0301281009 -0.1421711743
-366.8 -442.0 2496.5 0.7338957787 -0.5945122838 -0.3285607100 -0.1812541783 0.2947646976 -0.9382221103 0.6546326876 0.7481102347 0.1085687354
-136.4 -556.3 2206.6 0.7338957787 0.4836465120 -0.4769518673 -0.1812541783 0.8161382079 0.5486941934 0.6546326876 -0.3162348270 0.6866233349
-271.8 -482.9 2647.8 0.4855588078 -0.8534726501 -0.1892539263 -0.1465393454 0.1339618862 -0.9800920486 0.8618345857 0.5036254525 -0.0600209646
73.2 -537.0 2444.2 0.4855588078 0.6235316992 -0.6127322912 -0.1465393454 0.7490393519 0.6461163163 0.8618345857 -0.2239380628 0.4550745785
-14.9 -153.8 2639.8 0 0 0 0 0 0 0 0 0
-117.7 -197.9 2850.6 0 0 0 0 0 0 0 0 0
-321.2 -868.1 2327.4 0 0 0 0 0 0 0 0 0
-163.8 -821.8 2529.3 0 0 0 0 0 0 0 0 0
-258.8 122.1 2696.0 9 0.5016192198 0.1234910861 -0.8562290072 -0.2429299057 0.9700408578 -0.0024139700 0.8302789927 0.2092145234 0.5165907741
-284.0 -75.7 2653.3 0.5016192198 0.1234910861 -0.8562290072 -0.2429299057 0.9700408578 -0.0024139700 0.8302789927 0.2092145234 0.5165907741
-304.1 -269.5 2614.7 0.5044283867 0.1009141356 -0.8575361967 -0.2185724527 0.9757238626 -0.0137484698 0.8353311419 0.1943689138 0.5142398477
-357.7 -43.7 2531.3 -0.5768253803 0.4055927992 -0.7090606093 0.7360190749 0.6345778704 -0.2357686609 0.3543281257 -0.6578794718 -0.6645646691
-198.4 -247.0 2433.4 -0.6274113059 0.4055927992 0.6647176147 -0.3301288188 0.6345778704 -0.6988031864 -0.7052446008 -0.6578794718 -0.2642434835
-210.3 -107.6 2775.3 0.3329437971 0.6215585470 -0.7090933919 -0.3519244194 0.7795692086 0.5180937052 0.8748129010 0.0770511851 0.4782943428
-104.5 -219.4 3053.3 -0.0883016661 0.6178991199 0.7812832594 0.1037972718 0.7857848406 -0.6097280383 -0.9906709790 0.0272550657 -0.1335223466
-365.3 -442.4 2496.1 0.7361167073 -0.5951363444 -0.3224049807 -0.1772926301 0.2901609242 -0.9404115677 0.6532224417 0.7494127154 0.1080790162
-135.3 -554.5 2206.5 0.7361167073 0.4843594730 -0.4727876186 -0.1772926301 0.8120980859 0.5559352636 0.6532224417 -0.3254114687 0.6836723089
-271.6 -482.8 2648.5 0.4694089890 -0.8638758063 -0.1826850176 -0.1555400938 0.1227616295 -0.9801718593 0.8691734672 0.4885163009 -0.0767419189
69.2 -531.2 2455.8 0.4694089890 0.5920285583 -0.6551010609 -0.1555400938 0.7857596278 0.5986560583 0.8691734672 -0.1791200638 0.4609268010
-16.1 -151.1 2638.4 0 0 0 0 0 0 0 0 0
-122.4 -198.5 2853.4 0 0 0 0 0 0 0 0 0
-320.4 -864.9 2330.8 0 0 0 0 0 0 0 0 0
-156.0 -830.1 2523.9 0 0 0 0 0 0 0 0 0
-257.5 122.7 2695.4 0 0.4952947199 0.1275525093 -0.8593099117 -0.2436861843 0.9698477983 0.0035028623 0.8338466287 0.2076670080 0.5114432573
-283.6 -75.5 2652.9 0.4952947199 0.1275525093 -0.8593099117 -0.2436861843 0.9698477983 0.0035028623 0.8338466287 0.2076670080 0.5114432573
-303.9 -269.3 2614.3 0.4981508255 0.1023161113 -0.8610326052 -0.2195145786 0.9755463600 -0.0110765425 0.8388438821 0.1945270002 0.5084291101
-356.3 -43.4 2530.4 -0.5852261186 0.4137690365 -0.6973561645 0.7281291485 0.6466261148 -0.2273820937 0.3568450212 -0.6408352852 -0.6796997786
-196.3 -242.6 2432.8 -0.6167212725 0.4137690365 0.6696641445 -0.3187014759 0.6466261148 -0.6930397153 -0.7197806835 -0.6408352852 -0.2669192851
-210.8 -107.5 2775.5 0.3260260224 0.6231941581 -0.7108699679 -0.3523638248 0.7778775692 0.5203328133 0.8772381544 0.0808428079 0.4731993973
-107.2 -219.5 3054.2 -0.0812879428 0.6198906898 0.7804663777 0.1035005748 0.7840743065 -0.6119764447 -0.9913021326 0.0310324132 -0.1278948337
-370.4 -443.4 2499.5 0.7350045443 -0.5961045027 -0.3231528401 -0.1764354408 0.2920307517 -0.9399939179 0.6547051668 0.7479154468 0.1094699875
-135.1 -558.7 2204.2 0.7350045443 0.4933605790 -0.4651490748 -0.1764354408 0.8015230894 0.5713416338 0.6547051668 -0.3378699422 0.6761693954
-277.9 -483.5 2652.7 0.4408003092 -0.8702542186 -0.2198924720 -0.2347187102 0.1246983558 -0.9640318751 0.8663730025 0.4765584171 -0.1492978781
68.9 -533.2 2462.8 0.4408003092 0.6168084741 -0.6521061659 -0.2347187102 0.7804251313 0.5795202851 0.8663730025 -0.1023912057 0.4887881279
-17.5 -150.2 2641.5 0 0 0 0 0 0 0 0 0
-123.6 -198.6 2854.2 0 0 0 0 0 0 0 0 0
-323.6 -864.9 2333.3 0 0 0 0 0 0 0 0 0
-165.5 -829.7 2501.7 0 0 0 0 0 0 0 0 0
-260.0 121.8 2696.1 1 0.4803943336 0.1175462604 -0.8691399097 -0.2487687916 0.9685410261 -0.0065107420 0.8410323262 0.2193426043 0.4945234656
-284.0 -76.0 2651.3 0.4803943336 0.1175462604 -0.8691399097 -0.2487687916 0.9685410261 -0.0065107420 0.8410323262 0.2193426043 0.4945234656
-302.7 -269.5 2610.1 0.4827921093 0.0939898863 -0.8706765771 -0.2267530859 0.9737339616 -0.0206201151 0.8458692431 0.2073838264 0.4914235771
-354.5 -42.9 2527.7 -0.5807126164 0.4279863834 -0.6925319433 0.7301288843 0.6500824690 -0.2104864866 0.3601175547 -0.6278697848 -0.6899963021
-196.0 -242.2 2429.4 -0.6125921607 0.4279863834 0.6644986868 -0.3021191359 0.6500824690 -0.6972207427 -0.7303799391 -0.6278697848 -0.2689325809
-213.5 -109.1 2774.8 0.3106189370 0.6179065108 -0.7222931385 -0.3608902991 0.7796461582 0.5117715001 0.8793600202 0.1017026603 0.4651693404
-114.8 -223.8 3054.2 -0.0625460222 0.6155397296 0.7856200337 0.1143917814 0.7863950729 -0.6070398092 -0.9914648533 0.0519005507 -0.1195985600
-369.9 -443.1 2498.7 0.7356941104 -0.5967670083 -0.3203487098 -0.1729070544 0.2918221951 -0.9407140613 0.6548720002 0.7474683523 0.1115066484
-136.0 -557.5 2205.6 0.7356941104 0.4873497486 -0.4703662097 -0.1729070544 0.8065841198 0.5652655959 0.6548720002 -0.3345329463 0.6776654124
-278.6 -483.3 2652.5 0.4400393963 -0.8740079999 -0.2060954869 -0.2240641564 0.1153829992 -0.9677200317 0.8695749640 0.4720135331 -0.1450608075
68.9 -529.2 2464.9 0.4400393963 0.6087152958 -0.6601750255 -0.2240641564 0.7863547206 0.5757095814 0.8695749640 -0.1054133326 0.4824183285
-18.2 -154.5 2641.5 0 0 0 0 0 0 0 0 0
-127.4 -200.7 2854.2 0 0 0 0 0 0 0 0 0
-322.2 -865.7 2333.5 0 0 0 0 0 0 0 0 0
-163.1 -828.8 2505.1 0 0 0 0 0 0 0 0 0
-259.0 120.6 2695.9 2 0.4777969718 0.1214077324 -0.8700403571 -0.2438044995 0.9698233008 0.0014424627 0.8439605832 0.2114305496 0.4929783940
-283.8 -77.5 2652.7 0.4777969718 0.1214077324 -0.8700403571 -0.2438044995 0.9698233008 0.0014424627 0.8439605832 0.2114305496 0.4929783940
-303.6 -271.3 2613.8 0.4805515707 0.0997883752 -0.8712705970 -0.2195783705 0.9755498171 -0.0093773380 0.8490321040 0.1958184689 0.4907133579
-354.0 -45.4 2528.7 -0.5767032504 0.4220377803 -0.6994979978 0.7260245681 0.6573401093 -0.2019710541 0.3745687008 -0.6243301034 -0.6855000257
-197.3 -242.6 2427.0 -0.5998030305 0.4220377803 0.6797944307 -0.3139339387 0.6573401093 -0.6850908399 -0.7359903455 -0.6243301034 -0.2617826164
-213.6 -109.5 2776.7 0.3075378239 0.6225810647 -0.7195924520 -0.3521710038 0.7770141959 0.5217514634 0.8839660883 0.0929612964 0.4582162499
-115.8 -221.5 3057.7 -0.0608792976 0.6203048229 0.7819946408 0.1028602794 0.7831756473 -0.6132338047 -0.9928310513 0.0431029461 -0.1114839092
-365.6 -442.2 2491.3 0.7286048532 -0.5977382064 -0.3344307840 -0.1812284589 0.3026243746 -0.9357215166 0.6605234146 0.7423796058 0.1121664271
-136.9 -558.0 2207.2 0.7286048532 0.4881713688 -0.4804410934 -0.1812284589 0.8138440251 0.5520997643 0.6605234146 -0.3151929975 0.6814412475
-277.1 -483.8 2646.4 0.4298063517 -0.8809115291 -0.1981447339 -0.2019987851 0.1200753450 -0.9719971418 0.8800357580 0.4577955306 -0.1263339072
64.0 -530.2 2469.2 0.4298063517 0.5853531957 -0.6874795556 -0.2019987851 0.8044328690 0.5586450100 0.8800357580 -0.1012391523 0.4639909863
-21.7 -150.7 2642.5 0 0 0 0 0 0 0 0 0
-128.1 -200.7 2857.3 0 0 0 0 0 0 0 0 0
-323.4 -868.9 2327.6 0 0 0 0 0 0 0 0 0
-159.3 -837.1 2507.8 0 0 0 0 0 0 0 0 0
-260.7 118.7 2696.8 3 0.4618297815 0.1222633645 -0.8785015345 -0.2425006032 0.9701220393 0.0075314422 0.8531745076 0.2095589042 0.4776801765
-285.7 -79.2 2654.1 0.4618297815 0.1222633645 -0.8785015345 -0.2425006032 0.9701220393 0.0075314422 0.8531745076 0.2095589042 0.4776801765
-305.7 -273.3 2616.4 0.4650125504 0.1007759497 -0.8795496225 -0.2147199363 0.9766743183 -0.0016169432 0.8588705659 0.1896087378 0.4758044183
-353.6 -47.9 2528.7 -0.5134597421 0.3541292548 -0.7816339135 0.7515852451 0.6251516342 -0.2104876637 0.4140998423 -0.6955414414 -0.5871485472
-217.9 -246.5 2419.2 -0.7035929561 0.3541292548 0.6160758734 -0.3118501008 0.6251516342 -0.7154963017 -0.6385189891 -0.6955414414 -0.3294169903
-217.8 -110.6 2779.5 0.2908063233 0.6243590713 -0.7249879241 -0.3462551236 0.7750519514 0.5285847187 0.8919299841 0.0973149911 0.4415775239
-125.4 -220.6 3062.9 -0.0434513092 0.6229621172 0.7810443044 0.0949845612 0.7808172703 -0.6174967885 -0.9945300221 0.0473561026 -0.0930993110
-367.5 -445.0 2497.1 0.7310974002 -0.5975660086 -0.3292588890 -0.1834434122 0.2926544547 -0.9384571910 0.6571491957 0.7465040088 0.1043393612
-135.9 -558.4 2207.8 0.7310974002 0.4882774949 -0.4765308499 -0.1834434122 0.8134049773 0.5520153046 0.6571491957 -0.3161605299 0.6842495203
-279.3 -485.3 2652.8 0.4592094123 -0.8713024259 -0.1730861068 -0.1470966190 0.1175726876 -0.9821096063 0.8760646582 0.4764543474 -0.0741751641
67.5 -532.1 2463.1 0.4592094123 0.5918348432 -0.6624637246 -0.1470966190 0.7861074805 0.6003312469 0.8760646582 -0.1782315671 0.4480448663
-16.1 -157.1 2602.3 0 0 0 0 0 0 0 0 0
-134.1 -201.5 2862.3 0 0 0 0 0 0 0 0 0
-322.5 -869.2 2328.6 0 0 0 0 0 0 0 0 0
-157.8 -831.3 2531.0 0 0 0 0 0 0 0 0 0
-260.4 119.3 2695.8 4 0.4773890078 0.1190663874 -0.8705877066 -0.2410108298 0.9705222845 0.0005750826 0.8449932337 0.2095465213 0.4920129478
-284.7 -78.7 2653.1 0.4773890078 0.1190663874 -0.8705877066 -0.2410108298 0.9705222845 0.0005750826 0.8449932337 0.2095465213 0.4920129478
-304.1 -272.8 2615.3 0.4804298282 0.0977946892 -0.8715637326 -0.2137046009 0.9768639803 -0.0081898253 0.8505983353 0.1901918203 0.4902137816
-354.8 -47.5 2528.8 -0.4708220661 0.3000546396 -0.8296347260 0.7667800784 0.6042589545 -0.2166088969 0.4363197386 -0.7381316423 -0.5145743489
-231.8 -247.9 2414.8 -0.7581715584 0.3000546396 0.5789154768 -0.3185292780 0.6042589545 -0.7303493619 -0.5689595938 -0.7381316423 -0.3625557721
-214.5 -109.9 2777.3 0.3076019287 0.6210327148 -0.7209017873 -0.3463919163 0.7787354589 0.5230523348 0.8862243891 0.0888226479 0.4546612501
-116.8 -220.0 3058.9 -0.0604092628 0.6187771559 0.7832404375 0.0968856663 0.7846032977 -0.6123812795 -0.9934605360 0.0388912708 -0.1073479429
-368.4 -447.7 2500.0 0.7380618453 -0.5942954421 -0.3194959462 -0.1792924404 0.2837512791 -0.9419869781 0.6504759192 0.7525278330 0.1028733179
-136.2 -558.5 2206.0 0.7380618453 0.4804756641 -0.4737170637 -0.1792924404 0.8164972067 0.5488046408 0.6504759192 -0.3201178908 0.6887710690
-283.1 -487.1 2657.5 0.4692944586 -0.8681238890 -0.1616281420 -0.1401823461 0.1074729562 -0.9842755795 0.8718438148 0.4845725000 -0.0712591708
64.5 -530.1 2463.5 0.4692944586 0.5782222748 -0.6673992276 -0.1401823461 0.7949947715 0.5901967883 0.8718438148 -0.1834184974 0.4541431665
-14.9 -156.7 2577.6 0 0 0 0 0 0 0 0 0
-128.9 -200.4 2858.4 0 0 0 0 0 0 0 0 0
-319.8 -870.5 2328.3 0 0 0 0 0 0 0 0 0
-156.0 -833.2 2533.4 0 0 0 0 0 0 0 0 0
-259.2 120.7 2695.3 5 0.4896644950 0.1256500185 -0.8628098369 -0.2381351888 0.9712116718 0.0062892442 0.8387612104 0.2023857683 0.5054895282
-284.8 -77.4 2654.0 0.4896644950 0.1256500185 -0.8628098369 -0.2381351888 0.9712116718 0.0062892442 0.8387612104 0.2023857683 0.5054895282
-306.0 -271.6 2617.5 0.4927515686 0.1064064652 -0.8636397123 -0.2122147381 0.9772228003 -0.0006788938 0.8438962102 0.1836116016 0.5041090846
-356.8 -46.4 2530.7 -0.4414619505 0.2562361360 -0.8599153757 0.7726935744 0.5957442522 -0.2191653103 0.4561315477 -0.7612041831 -0.4609904289
