-236.8 155.9 2632.1 4 0.5432455540 0.2057521194 -0.8139719367 0.0036663017 0.9689154625 0.2473649234 0.8395658135 -0.1373641640 0.5256046653
-278.0 -38.1 2659.6 0.5432455540 0.2057521194 -0.8139719367 0.0036663017 0.9689154625 0.2473649234 0.8395658135 -0.1373641640 0.5256046653
-317.8 -227.1 2691.3 0.5477821231 0.2030621171 -0.8116036654 0.0251340233 0.9656649828 0.2585719526 0.8362433910 -0.1620399505 0.5238702297
-356.0 -41.7 2540.6 -0.3685345352 -0.0669663996 -0.9271988869 0.7043789029 0.6307789683 -0.3255277276 0.6066569686 -0.7730675340 -0.1852941066
-267.2 -211.4 2394.4 -0.9764297605 -0.0669663996 0.2051837742 -0.2007666230 0.6307789683 -0.7495403290 -0.0792315826 -0.7730675340 -0.6293559670
-200.0 -34.4 2778.7 0.7860607505 0.6177934408 0.0209697057 -0.5632184744 0.7018166780 0.4361631572 0.2547418475 -0.3546612859 0.8996232152
-73.8 -124.9 2819.6 -0.5316913724 0.6177934408 0.5793405771 0.0405282229 0.7018166780 -0.7112037539 -0.8459679484 -0.3546612859 -0.3981879652
-410.1 -419.0 2650.0 0.9723265767 -0.2335749120 0.0048803096 0.0134316878 0.0350342169 -0.9992958307 0.2332394570 0.9717074633 0.0372020043
-314.6 -433.3 2252.8 0.9723265767 -0.0476905964 -0.2287064940 0.0134316878 0.9887353182 -0.1490705013 0.2332394570 0.1418733001 0.9620141983
-308.2 -413.9 2798.6 0.6789384484 -0.7257496715 0.1110402942 -0.1848967820 -0.3153806627 -0.9307782650 0.7105320096 0.6114102006 -0.3483128548
-36.0 -295.6 2569.3 0.6789384484 -0.2555500567 -0.6882853508 -0.1848967820 0.8477413654 -0.4971395731 0.7105320096 0.4647889137 0.5283138156
-2.8 -157.1 2415.9 0 0 0 0 0 0 0 0 0
-88.8 -123.7 2795.6 0 0 0 0 0 0 0 0 0
-296.7 -805.6 2199.3 0 0 0 0 0 0 0 0 0
97.2 -737.6 2326.9 0 0 0 0 0 0 0 0 0
-231.9 153.4 2635.7 5 0.5570034981 0.2202689946 -0.8007675409 -0.0155798746 0.9667891860 0.2550998032 0.8303639889 -0.1296156198 0.5419367552
-275.9 -40.0 2661.6 0.5570034981 0.2202689946 -0.8007675409 -0.0155798746 0.9667891860 0.2550998032 0.8303639889 -0.1296156198 0.5419367552
-318.7 -228.7 2691.9 0.5617631078 0.2180140316 -0.7980551720 0.0053842319 0.9636685848 0.2670466006 0.8272805810 -0.1543138623 0.5401796103
-355.9 -40.8 2543.8 -0.3684968650 -0.0717018694 -0.9268596768 0.7011054754 0.6332789063 -0.3277329504 0.6104598045 -0.7705950141 -0.1830907315
-265.4 -213.1 2393.8 -0.9754055142 -0.0717018694 0.2084297538 -0.2059643269 0.6332789063 -0.7460137010 -0.0785035938 -0.7705950141 -0.6324717999
-195.9 -39.3 2779.4 0.7796352506 0.6247222424 0.0434859730 -0.5803706646 0.6947082281 0.4249122143 0.2352420539 -0.3565145135 0.9041894674
-70.7 -132.5 2817.2 -0.5444675684 0.6247222424 0.5597116947 0.0602789558 0.6947082281 -0.7167614102 -0.8366131186 -0.3565145135 -0.4159037173
-407.2 -418.5 2647.6 0.9725251198 -0.2327215821 -0.0059583271 0.0032722047 0.0392572209 -0.9992237687 0.2327748537 0.9717507362 0.0389401503
-312.7 -434.4 2253.2 0.9725251198 -0.0387489572 -0.2295503318 0.0032722047 0.9882279634 -0.1529533863 0.2327748537 0.1479998827 0.9612033367
-310.7 -416.9 2796.8 0.6871235371 -0.7211661935 0.0882076100 -0.2053239048 -0.3092066944 -0.9285652041 0.6969242096 0.6199278831 -0.3605358601
-40.2 -300.9 2564.3 0.6871235371 -0.2325540185 -0.6883167028 -0.2053239048 0.8466148376 -0.4910044670 0.6969242096 0.4787085950 0.5339800715
0.3 -157.0 2415.2 0 0 0 0 0 0 0 0 0
-86.2 -130.8 2793.5 0 0 0 0 0 0 0 0 0
-298.1 -806.5 2197.5 0 0 0 0 0 0 0 0 0
81.1 -742.4 2314.7 0 0 0 0 0 0 0 0 0
-224.9 157.5 2635.5 6 0.5352825522 0.2413652390 -0.8094537854 -0.0146526620 0.9608134031 0.2768084705 0.8445459604 -0.1363100857 0.5178433061
-273.3 -35.1 2662.8 0.5352825522 0.2413652390 -0.8094537854 -0.0146526620 0.9608134031 0.2768084705 0.8445459604 -0.1363100857 0.5178433061
-319.6 -222.8 2693.8 0.5403196216 0.2366573215 -0.8074948788 0.0055727949 0.9586082101 0.2846739292 0.8414413929 -0.1583149135 0.5166360140
-350.2 -35.9 2543.0 -0.3134903610 -0.0753537118 -0.9465968609 0.7261286974 0.6233615279 -0.2900991738 0.6119320989 -0.7782944441 -0.1407013535
-274.7 -210.9 2395.6 -0.9820046425 -0.0753537118 0.1731724739 -0.1819395721 0.6233615279 -0.7604724765 -0.0506446399 -0.7782944441 -0.6258537173
-196.3 -34.3 2782.6 0.7643239498 0.6442716718 0.0268879961 -0.5895891786 0.6813495755 0.4337595701 0.2611388862 -0.3473857045 0.9006273746
-73.6 -128.9 2824.6 -0.5217801929 0.6442716718 0.5591595769 0.0595027842 0.6813495755 -0.7295356393 -0.8510022759 -0.3473857045 -0.3938506544
-412.2 -417.9 2647.4 0.9694186449 -0.2453820109 -0.0038962427 0.0068243025 0.0428237729 -0.9990593195 0.2453180403 0.9684801698 0.0431887247
-312.3 -435.3 2253.1 0.9694186449 -0.0546882004 -0.2392419577 0.0068243025 0.9804848433 -0.1964761764 0.2453180403 0.1888350099 0.9508734941
-317.2 -409.9 2800.7 0.6657215357 -0.7415662408 0.0830321014 -0.2084872872 -0.2916883230 -0.9335153699 0.7164829969 0.6041501760 -0.3487903178
-39.1 -300.5 2574.2 0.6657215357 -0.2316915989 -0.7093192935 -0.2084872872 0.8549658656 -0.4749383032 0.7164829969 0.4640606940 0.5208644271
-6.7 -161.2 2409.4 0 0 0 0 0 0 0 0 0
-88.4 -127.3 2800.4 0 0 0 0 0 0 0 0 0
-292.9 -782.0 2186.3 0 0 0 0 0 0 0 0 0
81.7 -746.5 2332.1 0 0 0 0 0 0 0 0 0
-218.9 156.8 2636.4 7 0.5385959744 0.2561487854 -0.8026843667 -0.0218700208 0.9565976262 0.2905902267 0.8422802687 -0.1389559954 0.5208216310
-270.4 -35.4 2664.3 0.5385959744 0.2561487854 -0.8026843667 -0.0218700208 0.9565976262 0.2905902267 0.8422802687 -0.1389559954 0.5208216310
-319.5 -222.4 2695.5 0.5436769724 0.2506458759 -0.8009943366 -0.0027058816 0.9548847079 0.2969643772 0.8392902017 -0.1592853069 0.5198270679
-347.8 -35.1 2544.7 -0.3123754263 -0.0808247998 -0.9465141296 0.7275837660 0.6202592254 -0.2930876613 0.6107728481 -0.7802216411 -0.1349469274
-271.6 -212.6 2395.7 -0.9819445610 -0.0808247998 0.1710329056 -0.1838719100 0.6202592254 -0.7625415325 -0.0444524698 -0.7802216411 -0.6239215732
-192.9 -35.8 2783.9 0.7562601566 0.6532278657 0.0369313397 -0.6011828184 0.6715155840 0.4331813157 0.2581661344 -0.3498002589 0.9005498290
-71.4 -132.4 2825.4 -0.5241311193 0.6532278657 0.5464247465 0.0676302835 0.6715155840 -0.7378976941 -0.8489480019 -0.3498002589 -0.3961401880
-414.8 -411.0 2648.7 0.9675211310 -0.2521310449 -0.0182426907 -0.0050816489 0.0527521446 -0.9985947013 0.2527390420 0.9662541747 0.0497575738
-312.8 -432.3 2257.8 0.9675211310 -0.0421960130 -0.2492435575 -0.0050816489 0.9825245142 -0.1860638708 0.2527390420 0.1812873036 0.9503988028
-319.4 -409.6 2802.5 0.6653514504 -0.7434885502 0.0673216134 -0.2185452431 -0.2802152336 -0.9347285032 0.7138245106 0.6072101593 -0.3489274979
-40.5 -304.5 2574.7 0.6653514504 -0.2169265300 -0.7143180966 -0.2185452431 0.8583316207 -0.4642249644 0.7138245106 0.4649835527 0.5236839056
-3.6 -162.4 2407.8 0 0 0 0 0 0 0 0 0
-86.3 -130.5 2801.3 0 0 0 0 0 0 0 0 0
-297.4 -791.0 2191.6 0 0 0 0 0 0 0 0 0
72.6 -752.3 2332.2 0 0 0 0 0 0 0 0 0
-216.2 153.8 2638.8 8 0.5411153436 0.2570189536 -0.8007093668 -0.0281869471 0.9571586251 0.2881888747 0.8404758573 -0.1333738714 0.5251777768
-267.8 -38.1 2665.6 0.5411153436 0.2570189536 -0.8007093668 -0.0281869471 0.9571586251 0.2881888747 0.8404758573 -0.1333738714 0.5251777768
-317.1 -225.1 2695.9 0.5463852286 0.2519596815 -0.7987361550 -0.0083857523 0.9552741051 0.2956028879 0.8374919891 -0.1548150480 0.5240605474
-345.6 -36.9 2546.2 -0.2892575264 -0.0939350054 -0.9526312351 0.7263012528 0.6267175078 -0.2823325396 0.6235516071 -0.7735640407 -0.1130576432
-276.0 -211.6 2396.2 -0.9825690985 -0.0939350054 0.1604189128 -0.1835585237 0.6267175078 -0.7573185563 -0.0293986220 -0.7735640407 -0.6330358386
-189.9 -39.3 2784.9 0.7559620738 0.6533516049 0.0406568497 -0.6040181518 0.6722421050 0.4280801713 0.2523556352 -0.3481698632 0.9028257728
-68.4 -136.3 2825.5 -0.5267693996 0.6533516049 0.5437330604 0.0733708516 0.6722421050 -0.7366867065 -0.8468356729 -0.3481698632 -0.4020535350
-417.7 -409.1 2650.8 0.9665870667 -0.2558253109 -0.0162128359 -0.0011354800 0.0589740947 -0.9982588887 0.2563360333 0.9649225473 0.0567131117
-312.2 -433.5 2252.9 0.9665870667 -0.0367015451 -0.2536975443 -0.0011354800 0.9890745282 -0.1474121511 0.2563360333 0.1427747458 0.9559849501
-317.1 -413.0 2801.9 0.6672163606 -0.7420754433 0.0643923581 -0.2237140983 -0.2821003199 -0.9329369664 0.7104747295 0.6080653667 -0.3542346954
-38.7 -307.1 2573.7 0.6672163606 -0.2138608545 -0.7135025263 -0.2237140983 0.8561360836 -0.4658143520 0.7104747295 0.4704195261 0.5233843327
-7.9 -161.5 2404.2 0 0 0 0 0 0 0 0 0
-83.4 -134.2 2801.4 0 0 0 0 0 0 0 0 0
-298.6 -800.0 2200.0 0 0 0 0 0 0 0 0 0
72.9 -753.9 2328.3 0 0 0 0 0 0 0 0 0
-209.4 156.2 2628.6 9 0.5438121557 0.2759824693 -0.7925288677 -0.0145886857 0.9473445415 0.3198835850 0.8390801549 -0.1623946279 0.5192036629
-265.0 -34.7 2661.3 0.5438121557 0.2759824693 -0.7925288677 -0.0145886857 0.9473445415 0.3198835850 0.8390801549 -0.1623946279 0.5192036629
-317.0 -220.3 2695.8 0.5485812426 0.2654450238 -0.7928414345 0.0021047301 0.9478231668 0.3187895417 0.8360946178 -0.1765506864 0.5193993449
-343.2 -35.0 2542.1 -0.2725906968 -0.1069143042 -0.9561713338 0.7547168136 0.5926242471 -0.2814232111 0.5967385173 -0.7983519435 -0.0808538422
-278.9 -212.9 2401.5 -0.9815801382 -0.1069143042 0.1583341807 -0.1907800734 0.5926242471 -0.7825595737 -0.0101658646 -0.7983519435 -0.6021053195
-186.8 -34.4 2780.4 0.7478421926 0.6620371938 0.0493845195 -0.6091933250 0.6547770500 0.4473817945 0.2638475299 -0.3646557033 0.8929785490
-66.6 -132.3 2822.8 -0.5281654596 0.6620371938 0.5317406058 0.0623999611 0.6547770500 -0.7532418370 -0.8468456268 -0.3646557033 -0.3871417046
-415.9 -411.5 2650.5 0.9679223299 -0.2507134974 -0.0164041873 -0.0029466909 0.0539582111 -0.9985388517 0.2512322962 0.9665563703 0.0514885820
-312.7 -433.7 2252.8 0.9679223299 -0.0350641273 -0.2487907857 -0.0029466909 0.9885613918 -0.1507901996 0.2512322962 0.1466863155 0.9567473531
-319.3 -405.7 2806.0 0.6658209562 -0.7444519401 0.0497369356 -0.2177367657 -0.2576332688 -0.9413903356 0.7136337757 0.6159678698 -0.3336322010
-40.1 -309.0 2574.9 0.6658209562 -0.2000423372 -0.7187944651 -0.2177367657 0.8693557978 -0.4436340332 0.7136337757 0.4518888295 0.5352787971
-11.1 -160.9 2404.3 0 0 0 0 0 0 0 0 0
-81.6 -130.6 2798.8 0 0 0 0 0 0 0 0 0
-299.6 -803.0 2198.0 0 0 0 0 0 0 0 0 0
64.3 -762.5 2339.2 0 0 0 0 0 0 0 0 0
-204.6 156.0 2633.4 0 0.5449247956 0.2788542211 -0.7907574177 -0.0338003524 0.9496177435 0.3115825951 0.8378033638 -0.1430612057 0.5268956423
-260.8 -35.4 2662.2 0.5449247956 0.2788542211 -0.7907574177 -0.0338003524 0.9496177435 0.3115825951 0.8378033638 -0.1430612057 0.5268956423
-314.4 -220.9 2694.1 0.5501815677 0.2740723491 -0.7887867689 -0.0157608073 0.9478438497 0.3183451891 0.8348962665 -0.1627157480 0.5258058310
-339.2 -33.1 2543.3 -0.2387648225 -0.1009782255 -0.9658129811 0.7635211349 0.5950222611 -0.2509660423 0.6000223756 -0.7973405123 -0.0649713799
-282.8 -213.3 2401.7 -0.9814884067 -0.1009782255 0.1627386957 -0.1906744242 0.5950222611 -0.7807635665 -0.0179930367 -0.7973405123 -0.6032614708
-182.4 -37.6 2781.2 0.7425523400 0.6674969196 0.0553527176 -0.6201905608 0.6540052891 0.4331752360 0.2529421449 -0.3559845090 0.8996084332
-63.0 -137.3 2821.8 -0.5291231275 0.6674969196 0.5239050984 0.0802325234 0.6540052891 -0.7522232533 -0.8447434306 -0.3559845090 -0.3996042907
-418.5 -406.1 2654.8 0.9672259688 -0.2534604967 -0.0152208982 0.0021042901 0.0679435879 -0.9976869226 0.2539083958 0.9649567008 0.0662501529
-313.2 -434.3 2253.9 0.9672259688 -0.0406045765 -0.2506495118 0.0021042901 0.9883790612 -0.1519946754 0.2539083958 0.1464857608 0.9560713768
-318.4 -407.9 2801.4 0.6651073098 -0.7456668615 0.0401642546 -0.2347923368 -0.2598780096 -0.9366621375 0.7088757753 0.6135506034 -0.3479236364
-38.6 -310.4 2571.2 0.6651073098 -0.1909899712 -0.7219107151 -0.2347923368 0.8642247915 -0.4449585378 0.7088757753 0.4654442966 0.5299592018
-15.1 -161.2 2406.6 0 0 0 0 0 0 0 0 0
-78.1 -135.0 2797.9 0 0 0 0 0 0 0 0 0
-298.0 -805.1 2198.9 0 0 0 0 0 0 0 0 0
61.0 -761.3 2328.4 0 0 0 0 0 0 0 0 0
-204.2 151.4 2645.3 1 0.5583135486 0.2842466533 -0.7794163227 -0.0595032200 0.9507747889 0.3041161597 0.8274934292 -0.1234143823 0.5477440357
-261.3 -39.4 2670.1 0.5583135486 0.2842466533 -0.7794163227 -0.0595032200 0.9507747889 0.3041161597 0.8274934292 -0.1234143823 0.5477440357
-316.6 -225.0 2698.7 0.5638486743 0.2822443247 -0.7761525512 -0.0409486070 0.9481890202 0.3150568306 0.8248623610 -0.1458619982 0.5461926460
-341.6 -33.6 2552.6 -0.2115655690 -0.1037758738 -0.9718387723 0.7494737506 0.6209935546 -0.2294691354 0.6273189783 -0.7769154310 -0.0536035523
-291.0 -212.8 2402.6 -0.9822635651 -0.1037758738 0.1561691910 -0.1866414100 0.6209935546 -0.7612699866 -0.0179785937 -0.7769154310 -0.6293482184
-180.9 -45.2 2787.6 0.7394678593 0.6689559221 0.0754004568 -0.6340618134 0.6544731855 0.4118621349 0.2261700481 -0.3523673713 0.9081213474
-62.1 -147.1 2823.9 -0.5422024727 0.6689559221 0.5084431171 0.1053849086 0.6544731855 -0.7487047911 -0.8336129189 -0.3523673713 -0.4253548682
-417.9 -405.1 2650.5 0.9672101736 -0.2536212206 -0.0134459650 0.0046657426 0.0706760585 -0.9974883795 0.2539345324 0.9647181630 0.0695419312
-313.3 -434.2 2252.8 0.9672101736 -0.0391824953 -0.2509367466 0.0046657426 0.9906023741 -0.1366938800 0.2539345324 0.1310409009 0.9583034515
-320.9 -414.4 2801.8 0.6741055846 -0.7382571101 0.0236238353 -0.2583304346 -0.2656045556 -0.9288269877 0.6919877529 0.6200247407 -0.3697597980
-43.9 -314.7 2569.2 0.6741055846 -0.1731141061 -0.7180621028 -0.2583304346 0.8554974794 -0.4487643540 0.6919877529 0.4880118668 0.5319749713
-23.0 -161.9 2407.5 0 0 0 0 0 0 0 0 0
-77.5 -144.1 2800.3 0 0 0 0 0 0 0 0 0
-298.6 -806.5 2203.6 0 0 0 0 0 0 0 0 0
46.4 -760.9 2314.6 0 0 0 0 0 0 0 0 0
-206.0 147.1 2651.3 2 0.5879170895 0.2757488191 -0.7604709864 -0.0897586197 0.9565376639 0.2774510980 0.8039259315 -0.0948594213 0.5871156454
-261.3 -45.0 2670.4 0.5879170895 0.2757488191 -0.7604709864 -0.0897586197 0.9565376639 0.2774510980 0.8039259315 -0.0948594213 0.5871156454
-315.7 -231.6 2694.2 0.5935916305 0.2772399187 -0.7555044889 -0.0701633543 0.9530410171 0.2946013212 0.8017020226 -0.1218641549 0.5851692557
-345.9 -35.1 2556.3 -0.2377067804 -0.1201208681 -0.9638809562 0.7491164207 0.6090090275 -0.2606387734 0.6183203459 -0.7840146422 -0.0547810644
-288.8 -214.8 2408.0 -0.9813667536 -0.1201208681 0.1499676853 -0.1921408474 0.6090090275 -0.7695387602 0.0011059854 -0.7840146422 -0.6207413673
-176.8 -55.0 2784.4 0.7469214201 0.6559101343 0.1090425253 -0.6411869526 0.6671010256 0.3792828619 0.1760330945 -0.3532111347 0.9188330770
-56.9 -157.9 2812.7 -0.5724472404 0.6559101343 0.4920223951 0.1345975995 0.6671010256 -0.7327071428 -0.8088186979 -0.3532111347 -0.4701640606
-422.8 -407.0 2652.8 0.9641122222 -0.2647426426 -0.0199726485 -0.0021963911 0.0672720745 -0.9977322221 0.2654858828 0.9619697332 0.0642763525
-312.9 -434.9 2253.2 0.9641122222 -0.0362199247 -0.2630127370 -0.0021963911 0.9895285368 -0.1443208307 0.2654858828 0.1397191584 0.9539369941
-316.5 -424.4 2790.4 0.6986418962 -0.7154043913 0.0097982390 -0.2828262746 -0.2887270153 -0.9146835804 0.6571976542 0.6362650394 -0.4040519595
-48.3 -316.1 2551.8 0.6986418962 -0.1542215198 -0.6986524463 -0.2828262746 0.8374289870 -0.4676772654 0.6571976542 0.5243362188 0.5414450765
-21.1 -162.4 2407.7 0 0 0 0 0 0 0 0 0
-73.2 -154.1 2789.8 0 0 0 0 0 0 0 0 0
-299.2 -807.2 2200.6 0 0 0 0 0 0 0 0 0
32.1 -752.6 2278.5 0 0 0 0 0 0 0 0 0
-205.7 143.9 2653.3 3 0.5987796187 0.2744678855 -0.7524163127 -0.1069673225 0.9584364891 0.2644947767 0.7937386036 -0.0778901204 0.6032513380
-261.0 -49.0 2669.0 0.5987796187 0.2744678855 -0.7524163127 -0.1069673225 0.9584364891 0.2644947767 0.7937386036 -0.0778901204 0.6032513380
-314.5 -236.2 2689.1 0.6044047475 0.2728905678 -0.7484822273 -0.0872874111 0.9565318227 0.2782585323 0.7918811440 -0.1028477252 0.6019523144
-347.1 -36.6 2556.2 -0.2673230171 -0.1205632985 -0.9560350180 0.7346224785 0.6165606976 -0.2831654549 0.6235929728 -0.7780214548 -0.0762523562
-282.1 -215.1 2404.7 -0.9794673920 -0.1205632985 0.1615800560 -0.2014492303 0.6165606976 -0.7610986233 -0.0078633577 -0.7780214548 -0.6281884909
-174.9 -61.4 2781.7 0.7510497570 0.6492284536 0.1201111898 -0.6427825093 0.6774207354 0.3576755226 0.1508473307 -0.3458374739 0.9260893464
-54.3 -164.6 2805.9 -0.5835402608 0.6492284536 0.4878351688 0.1519955546 0.6774207354 -0.7197211385 -0.7977331281 -0.3458374739 -0.4939821064
-423.8 -411.8 2645.7 0.9622917771 -0.2715916932 -0.0152465170 -0.0003437306 0.0548352823 -0.9984953403 0.2720190883 0.9608491063 0.0526741892
-313.2 -434.1 2254.4 0.9622917771 -0.0400104560 -0.2690607011 -0.0003437306 0.9889439344 -0.1482894719 0.2720190883 0.1427902281 0.9516388774
-313.4 -431.3 2780.7 0.7081407309 -0.7060377598 0.0068853470 -0.2960999608 -0.3058063686 -0.9048796892 0.6409848332 0.6387434006 -0.4256116748
-48.6 -316.6 2541.1 0.7081407309 -0.1497519463 -0.6900080442 -0.2960999608 0.8241812587 -0.4827525914 0.6409848332 0.5461681485 0.5392947793
-14.9 -160.2 2406.8 0 0 0 0 0 0 0 0 0
-70.8 -160.3 2783.3 0 0 0 0 0 0 0 0 0
-298.1 -806.4 2200.6 0 0 0 0 0 0 0 0 0
29.5 -746.3 2256.4 0 0 0 0 0 0 0 0 0
-202.3 144.6 2663.3 4 0.6013171673 0.2724941671 -0.7511088848 -0.1259459853 0.9606221914 0.2476744205 0.7890217304 -0.0543317348 0.6119581461
-257.3 -49.4 2674.3 0.6013171673 0.2724941671 -0.7511088848 -0.1259459853 0.9606221914 0.2476744205 0.7890217304 -0.0543317348 0.6119581461
-310.1 -237.2 2690.2 0.6075935960 0.2691678107 -0.7472474575 -0.1036950946 0.9596542120 0.2613639534 0.7874498963 -0.0813171715 0.6109911203
-343.9 -34.6 2562.1 -0.2652809620 -0.1178052276 -0.9569472075 0.7220683098 0.6334433556 -0.2781490088 0.6389392614 -0.7647688389 -0.0829770565
-277.8 -214.6 2402.9 -0.9803065062 -0.1178052276 0.1584963351 -0.1971018016 0.6334433556 -0.7482649088 -0.0122489389 -0.7647688389 -0.6441882849
-170.7 -64.1 2786.4 0.7538666129 0.6455727220 0.1221516430 -0.6434185505 0.6877372861 0.3361994028 0.1330329031 -0.3320441246 0.9338356256
-49.6 -167.5 2807.8 -0.5869742036 0.6455727220 0.4885664582 0.1686826646 0.6877372861 -0.7060903311 -0.7918380499 -0.3320441246 -0.5125809908
-422.6 -415.6 2637.7 0.9615573287 -0.2743901610 -0.0108436579 0.0018124836 0.0458290949 -0.9989476800 0.2745983601 0.9605257511 0.0445646271
-313.2 -433.9 2254.8 0.9615573287 -0.0410453826 -0.2715194821 0.0018124836 0.9896932244 -0.1431924105 0.2745983601 0.1371955723 0.9517211318
-307.9 -434.5 2777.2 0.7115114927 -0.7026240826 0.0084127719 -0.3084627986 -0.3230769634 -0.8946909904 0.6313494444 0.6339879036 -0.4466063380
-44.4 -313.3 2539.4 0.7115114927 -0.1508120447 -0.6862995625 -0.3084627986 0.8105200529 -0.4979035556 0.6313494444 0.5659620166 0.5301744342
-10.3 -160.8 2406.2 0 0 0 0 0 0 0 0 0
-66.3 -162.7 2785.3 0 0 0 0 0 0 0 0 0
-297.8 -806.5 2203.1 0 0 0 0 0 0 0 0 0
34.3 -735.9 2244.2 0 0 0 0 0 0 0 0 0
-201.3 144.5 2669.8 5 0.6072157621 0.2735343575 -0.7459678054 -0.1354829073 0.9607669711 0.2420150042 0.7829006314 -0.0458894335 0.6204521060
-256.6 -49.5 2679.0 0.6072157621 0.2735343575 -0.7459678054 -0.1354829073 0.9607669711 0.2420150042 0.7829006314 -0.0458894335 0.6204521060
-309.7 -237.4 2693.4 0.6134161353 0.2712586224 -0.7417138219 -0.1136258170 0.9597054720 0.2570108175 0.7815432549 -0.0733767450 0.6195207834
-344.0 -33.4 2567.7 -0.2629141510 -0.1321309358 -0.9557288289 0.7175725698 0.6353942156 -0.2852432728 0.6449540257 -0.7607992887 -0.0722405910
-277.6 -214.6 2404.8 -0.9798864126 -0.1321309358 0.1495459676 -0.1995244771 0.6353942156 -0.7459652424 0.0035444379 -0.7607992887 -0.6489775777
-169.2 -65.7 2790.4 0.7529761195 0.6450082660 0.1303505152 -0.6469418406 0.6893599033 0.3259588182 0.1203877181 -0.3297684193 0.9363543987
-48.2 -169.7 2809.7 -0.5925431848 0.6450082660 0.4825524986 0.1786744595 0.6893599033 -0.7020387053 -0.7854731083 -0.3297684193 -0.5237219930
-417.7 -415.7 2634.9 0.9641513228 -0.2652152479 -0.0085524227 0.0037944163 0.0460067689 -0.9989339113 0.2653259933 0.9630909562 0.0453638211
-312.7 -434.0 2253.5 0.9641513228 -0.0389215238 -0.2624831200 0.0037944163 0.9911053777 -0.1330254674 0.2653259933 0.1272606999 0.9557232261
-307.4 -435.6 2778.4 0.7156137824 -0.6984922290 0.0023610371 -0.3169282973 -0.3277054131 -0.8900368810 0.6224575043 0.6361743808 -0.4558824599
-45.4 -312.7 2539.7 0.7156137824 -0.1441690922 -0.6834560633 -0.3169282973 0.8049345016 -0.5016341805 0.6224575043 0.5755829215 0.5303309560
-10.3 -160.2 2403.9 0 0 0 0 0 0 0 0 0
-65.0 -164.6 2787.4 0 0 0 0 0 0 0 0 0
-298.0 -807.2 2205.5 0 0 0 0 0 0 0 0 0
29.8 -732.6 2239.4 0 0 0 0 0 0 0 0 0
-202.1 136.5 2664.5 6 0.6538611054 0.2750220895 -0.7048606277 -0.1428796798 0.9597185850 0.2419206500 0.7430014014 -0.0574722365 0.6668177247
-256.8 -54.6 2676.0 0.6538611054 0.2750220895 -0.7048606277 -0.1428796798 0.9597185850 0.2419206500 0.7430014014 -0.0574722365 0.6668177247
-311.2 -242.0 2693.2 0.6593778729 0.2780766487 -0.6984942555 -0.1237661615 0.9565551281 0.2639777958 0.7415542603 -0.0876111686 0.6651477814
-350.6 -37.0 2570.5 -0.2918787301 -0.1595268399 -0.9430577755 0.7069920301 0.6280894876 -0.3250628710 0.6441809535 -0.7616132498 -0.0705417618
-277.1 -215.0 2408.3 -0.9785442352 -0.1595268399 0.1303930730 -0.2025100738 0.6280894876 -0.7513276339 0.0379584059 -0.7616132498 -0.6469191909
-163.1 -72.3 2781.4 0.7502154112 0.6325077415 0.1926417947 -0.6572840810 0.6817874908 0.3211596012 0.0717951730 -0.3675592542 0.9272246957
-42.6 -177.8 2793.0 -0.6377838254 0.6325077415 0.4395062625 0.1891719103 0.6817874908 -0.7066680789 -0.7466229200 -0.3675592542 -0.5544857383
-418.3 -415.1 2637.2 0.9639375806 -0.2656720877 -0.0155778136 -0.0025231619 0.0494089089 -0.9987754226 0.2661164403 0.9627965093 0.0469567701
-312.2 -434.8 2252.7 0.9639375806 -0.0341653787 -0.2639262080 -0.0025231619 0.9905073047 -0.1374370009 0.2661164403 0.1331466138 0.9547010064
-306.1 -440.5 2777.3 0.7492828369 -0.6612645388 -0.0361170322 -0.3270211220 -0.3220236599 -0.8884581923 0.5758753419 0.6775174737 -0.4575342834
-58.4 -319.8 2523.4 0.7492828369 -0.0979719907 -0.6549631357 -0.3270211220 0.8052687645 -0.4945699573 0.5758753419 0.5847595334 0.5713351369
-10.3 -159.8 2397.9 0 0 0 0 0 0 0 0 0
-60.7 -172.4 2771.8 0 0 0 0 0 0 0 0 0
-299.4 -807.9 2202.6 0 0 0 0 0 0 0 0 0
-7.3 -739.5 2218.6 0 0 0 0 0 0 0 0 0
-202.5 135.0 2669.4 7 0.6412964463 0.2756368816 -0.7160748243 -0.1619979441 0.9608497024 0.2247766554 0.7499970198 -0.0281458218 0.6608421206
-257.3 -56.1 2675.0 0.6412964463 0.2756368816 -0.7160748243 -0.1619979441 0.9608497024 0.2247766554 0.7499970198 -0.0281458218 0.6608421206
-311.7 -243.8 2686.0 0.6465625167 0.2781735361 -0.7103353739 -0.1437435895 0.9588918090 0.2446718961 0.7491960526 -0.0560895167 0.6599691510
-349.4 -35.6 2568.4 -0.2966787815 -0.1570464373 -0.9419756532 0.7093505859 0.6241656542 -0.3274737000 0.6393774152 -0.7653454542 -0.0737757161
-275.1 -213.2 2408.3 -0.9794057012 -0.1570464373 0.1268892735 -0.1980018467 0.6241656542 -0.7557860613 0.0394935720 -0.7653454542 -0.6424068809
-165.3 -76.6 2781.6 0.7501639724 0.6374469399 0.1758277714 -0.6579042673 0.6927753687 0.2953375578 0.0664528757 -0.3372294307 0.9390741587
-44.8 -182.3 2792.3 -0.6251511574 0.6374469399 0.4503858387 0.2091901302 0.6927753687 -0.6901462078 -0.7519478202 -0.3372294307 -0.5664369464
-425.1 -418.1 2643.5 0.9608016610 -0.2768869400 -0.0139216278 -0.0027919395 0.0405494906 -0.9991736412 0.2772226334 0.9600465298 0.0381869636
-312.6 -434.5 2253.5 0.9608016610 -0.0354285017 -0.2749636471 -0.0027919395 0.9905142784 -0.1373815686 0.2772226334 0.1327641159 0.9515888095
-307.7 -444.6 2764.6 0.7394052148 -0.6727083325 -0.0272660796 -0.3424121439 -0.3408742547 -0.8755333424 0.5796843171 0.6567101479 -0.4823876917
-55.6 -316.8 2518.5 0.7394052148 -0.1096348539 -0.6642741561 -0.3424121439 0.7882806063 -0.5112412572 0.5796843171 0.6054699421 0.5453184843
-8.0 -159.2 2397.6 0 0 0 0 0 0 0 0 0
-62.5 -176.4 2771.0 0 0 0 0 0 0 0 0 0
-299.3 -807.6 2203.5 0 0 0 0 0 0 0 0 0
1.6 -727.8 2202.8 0 0 0 0 0 0 0 0 0
-204.2 135.9 2671.8 8 0.6398654580 0.2656503916 -0.7211117148 -0.1583881974 0.9637940526 0.2145092338 0.7519876361 -0.0230414644 0.6587743759
-257.3 -56.7 2676.4 0.6398654580 0.2656503916 -0.7211117148 -0.1583881974 0.9637940526 0.2145092338 0.7519876361 -0.0230414644 0.6587743759
-309.6 -245.1 2686.8 0.6454216838 0.2676509619 -0.7153976560 -0.1383234859 0.9620675445 0.2351438254 0.7511973381 -0.0528106317 0.6579616666
-349.2 -37.0 2569.5 -0.3013101816 -0.1476898342 -0.9420190454 0.7021418214 0.6340555549 -0.3239913881 0.6451426148 -0.7590528727 -0.0873481855
-273.7 -212.9 2407.9 -0.9808620811 -0.1476898342 0.1268751472 -0.1923519969 0.6340555549 -0.7489821315 0.0301711634 -0.7590528727 -0.6503294706
-165.3 -76.5 2783.4 0.7573380470 0.6307659149 0.1690368652 -0.6495129466 0.7007908225 0.2950002551 0.0676166192 -0.3332065344 0.9404261708
-43.7 -180.8 2794.3 -0.6246538162 0.6307659149 0.4603715539 0.2038083375 0.7007908225 -0.6836332083 -0.7538366914 -0.3332065344 -0.5663070083
-424.5 -418.5 2629.4 0.9590981603 -0.2828750014 -0.0106042735 0.0008240803 0.0402511694 -0.9991892576 0.2830725014 0.9583118558 0.0388379358
-313.5 -434.3 2253.4 0.9590981603 -0.0405666232 -0.2801518738 0.0008240803 0.9900740981 -0.1405437440 0.2830725014 0.1345643699 0.9496117234
-303.7 -446.0 2765.0 0.7411097884 -0.6711919308 -0.0160529763 -0.3357357085 -0.3497912288 -0.8746014237 0.5814102292 0.6535652280 -0.4845767915
-52.0 -314.8 2519.9 0.7411097884 -0.1205570400 -0.6604712605 -0.3357357085 0.7853647470 -0.5200805664 0.5814102292 0.6071805358 0.5415661931
-6.2 -160.4 2399.6 0 0 0 0 0 0 0 0 0
-61.4 -175.0 2772.9 0 0 0 0 0 0 0 0 0
-298.2 -807.2 2202.7 0 0 0 0 0 0 0 0 0
10.9 -724.4 2203.2 0 0 0 0 0 0 0 0 0
-200.5 137.6 2663.6 9 0.6322393417 0.2845764756 -0.7206175327 -0.1436931789 0.9570342302 0.2518686354 0.7613314986 -0.0556934401 0.6459664106
-257.5 -54.0 2674.7 0.6322393417 0.2845764756 -0.7206175327 -0.1436931789 0.9570342302 0.2518686354 0.7613314986 -0.0556934401 0.6459664106
-312.5 -241.2 2690.6 0.6384016275 0.2809208930 -0.7166078687 -0.1228436902 0.9562706947 0.2654350102 0.7598373294 -0.0814233944 0.6449941397
-348.4 -36.5 2566.5 -0.3076832891 -0.1419693679 -0.9408377409 0.7094895244 0.6246325970 -0.3262802064 0.6339997053 -0.7679054737 -0.0914632380
-272.2 -212.3 2409.4 -0.9817894101 -0.1419693679 0.1262309253 -0.1877820194 0.6246325970 -0.7580053210 0.0287655778 -0.7679054737 -0.6399169564
-166.5 -71.5 2782.9 0.7482847571 0.6421194077 0.1665909439 -0.6567190289 0.6815439463 0.3228281736 0.0937551856 -0.3509708345 0.9316809773
-46.3 -177.0 2798.0 -0.6169268489 0.6421194077 0.4550647140 0.1876401305 0.6815439463 -0.7073111534 -0.7643248439 -0.3509708345 -0.5409501195
-420.3 -421.0 2629.3 0.9621005654 -0.2726899087 -0.0016564962 0.0087501975 0.0369425900 -0.9992790818 0.2725545168 0.9613924623 0.0379285775
-313.3 -435.5 2252.0 0.9621005654 -0.0474657826 -0.2685321867 0.0087501975 0.9896012545 -0.1435717195 0.2725545168 0.1357807219 0.9525111914
-309.8 -439.4 2775.2 0.7324032187 -0.6804209948 -0.0247554183 -0.3271568418 -0.3197989762 -0.8892114758 0.5971213579 0.6593602300 -0.4568261802
-54.6 -319.5 2528.0 0.7324032187 -0.1139022261 -0.6712762713 -0.3271568418 0.8057654500 -0.4936703742 0.5971213579 0.5811784267 0.5528813004
-4.4 -161.1 2401.6 0 0 0 0 0 0 0 0 0
-63.8 -171.7 2776.3 0 0 0 0 0 0 0 0 0
-295.4 -808.2 2200.9 0 0 0 0 0 0 0 0 0
4.8 -739.7 2224.9 0 0 0 0 0 0 0 0 0
-201.2 130.9 2669.4 0 0.6442927122 0.2983801365 -0.7041705251 -0.1653003693 0.9533177018 0.2527075708 0.7467011809 -0.0464180037 0.6635380387
-260.4 -58.5 2678.6 0.6442927122 0.2983801365 -0.7041705251 -0.1653003693 0.9533177018 0.2527075708 0.7467011809 -0.0464180037 0.6635380387
-319.4 -244.5 2694.4 0.6511977315 0.3009973168 -0.6966649890 -0.1433708072 0.9502462745 0.2765444517 0.7452424765 -0.0802036896 0.6619524360
-353.2 -38.0 2572.5 -0.3167243898 -0.1431002319 -0.9376609325 0.6904704571 0.6430020332 -0.3313592076 0.6503354907 -0.7523766756 -0.1048479602
-273.6 -211.6 2409.0 -0.9801841974 -0.1431002319 0.1369716674 -0.1972846389 0.6430020332 -0.7400183082 0.0178237259 -0.7523766756 -0.6584919095
-167.7 -78.9 2784.8 0.7346979976 0.6502799988 0.1932737827 -0.6744493246 0.6694749594 0.3113219142 0.0730544627 -0.3590809703 0.9304428697
-49.7 -187.2 2796.5 -0.6280863285 0.6502799988 0.4273680449 0.2078804821 0.6694749594 -0.7131542563 -0.7498621345 -0.3590809703 -0.5556685925
-425.2 -417.2 2637.9 0.9609053731 -0.2768163383 -0.0057969927 0.0063695381 0.0430322438 -0.9990533590 0.2768037617 0.9599587917 0.0431131050
-313.9 -434.5 2252.2 0.9609053731 -0.0431369133 -0.2734960616 0.0063695381 0.9909715056 -0.1339212209 0.2768037617 0.1269435734 0.9525045753
-319.5 -443.4 2777.4 0.7372773886 -0.6733788848 -0.0546166264 -0.3482982814 -0.3095856905 -0.8847852945 0.5788872242 0.6713550687 -0.4627872109
-66.9 -327.3 2525.7 0.7372773886 -0.0832461342 -0.6704417467 -0.3482982814 0.8034957051 -0.4827866852 0.5788872242 0.5894613862 0.5634046793
-6.2 -157.8 2404.2 0 0 0 0 0 0 0 0 0
-67.5 -181.3 2775.2 0 0 0 0 0 0 0 0 0
-297.7 -807.8 2204.4 0 0 0 0 0 0 0 0 0
-23.5 -746.3 2218.3 0 0 0 0 0 0 0 0 0
-199.2 132.9 2671.3 1 0.6798748374 0.2780766785 -0.6785598993 -0.1701054722 0.9598789215 0.2229272574 0.7133262753 -0.0361358784 0.6998999119
-254.8 -58.7 2678.6 0.6798748374 0.2780766785 -0.6785598993 -0.1701054722 0.9598789215 0.2229272574 0.7133262753 -0.0361358784 0.6998999119
-310.1 -246.0 2692.8 0.6862221956 0.2826373577 -0.6702351570 -0.1484123617 0.9564427137 0.2513783276 0.7120904922 -0.0730302185 0.6982791424
-352.4 -37.7 2577.2 -0.3013527691 -0.1507376134 -0.9415225387 0.6868114471 0.6506292820 -0.3239931166 0.6614201069 -0.7442846894 -0.0925406069
-275.7 -212.6 2408.8 -0.9808979630 -0.1507376134 0.1229527220 -0.1920770556 0.6506292820 -0.7347026467 0.0307506770 -0.7442846894 -0.6671541929
-157.1 -79.8 2779.9 0.7471836805 0.6232119799 0.2309184372 -0.6641358733 0.6869009137 0.2951113284 0.0252988283 -0.3738636076 0.9271386266
-37.2 -186.4 2784.0 -0.6644387841 0.6232119799 0.4124656320 0.2129314393 0.6869009137 -0.6948578358 -0.7163667083 -0.3738636076 -0.5891050100
-437.1 -417.5 2642.8 0.9527651072 -0.3032784164 -0.0161526017 -0.0040136394 0.0406065620 -0.9991671443 0.3036817312 0.9520363808 0.0374712646
-313.8 -434.0 2255.6 0.9527651072 -0.0405745246 -0.3009857237 -0.0040136394 0.9892670512 -0.1460637152 0.3036817312 0.1403724551 0.9423762560
-303.6 -446.6 2771.3 0.7677246928 -0.6377757788 -0.0619742759 -0.3486509323 -0.3346166313 -0.8754851222 0.5376256108 0.6937389970 -0.4792545736
-64.6 -321.2 2511.3 0.7677246928 -0.0682718754 -0.6371324062 -0.3486509323 0.7897357345 -0.5047376156 0.5376256108 0.6096363068 0.5824965835
-8.1 -160.2 2400.4 0 0 0 0 0 0 0 0 0
-56.0 -180.4 2763.7 0 0 0 0 0 0 0 0 0
-298.5 -806.6 2202.7 0 0 0 0 0 0 0 0 0
-29.0 -733.0 2193.4 0 0 0 0 0 0 0 0 0
-195.6 132.5 2671.3 2 0.6807451248 0.2901690900 -0.6725978851 -0.1793733984 0.9562748671 0.2310055494 0.7102191448 -0.0366097279 0.7030280828
-253.6 -58.7 2678.6 0.6807451248 0.2901690900 -0.6725978851 -0.1793733984 0.9562748671 0.2310055494 0.7102191448 -0.0366097279 0.7030280828
-310.2 -245.6 2692.5 0.6879352927 0.2891158462 -0.6657004356 -0.1556547284 0.9546612501 0.2537587583 0.7088841200 -0.0709501803 0.7017474174
-351.5 -36.5 2577.7 -0.2987891138 -0.1363917440 -0.9445222616 0.6872205138 0.6559795141 -0.3121199012 0.6621578336 -0.7423531413 -0.1022683308
-275.4 -211.5 2409.0 -0.9810487628 -0.1363917440 0.1376250386 -0.1935413927 0.6559795141 -0.7295427322 0.0092243999 -0.7423531413 -0.6699453592
-155.6 -80.8 2779.6 0.7426605225 0.6265630722 0.2363769561 -0.6693646908 0.6839189529 0.2901822925 0.0201548208 -0.3737293482 0.9273188114
-36.3 -188.3 2782.8 -0.6656628251 0.6265630722 0.4053538144 0.2202041447 0.6839189529 -0.6955322027 -0.7130239010 -0.3737293482 -0.5932312012
-427.5 -419.8 2642.7 0.9595563412 -0.2814631164 -0.0054868530 0.0039827647 0.0330611616 -0.9994453788 0.2814884186 0.9590023160 0.0328450501
-314.3 -433.1 2257.2 0.9595563412 -0.0594075248 -0.2751769125 0.0039827647 0.9802471995 -0.1977359653 0.2814884186 0.1886428446 0.9408390522
-304.7 -446.6 2770.4 0.7673549056 -0.6373757124 -0.0701330304 -0.3557738960 -0.3322078586 -0.8735346794 0.5334710479 0.6952626109 -0.4816829562
-65.7 -322.0 2509.7 0.7673549056 -0.0605817512 -0.6383543611 -0.3557738960 0.7880129218 -0.5024545193 0.5334710479 0.6126707792 0.5831321478
-7.8 -158.7 2406.5 0 0 0 0 0 0 0 0 0
-55.2 -182.1 2762.6 0 0 0 0 0 0 0 0 0
-293.3 -779.6 2190.6 0 0 0 0 0 0 0 0 0
-34.1 -733.1 2190.1 0 0 0 0 0 0 0 0 0
-191.4 129.5 2663.8 3 0.6736994386 0.3126859367 -0.6695943475 -0.1752782762 0.9478299022 0.2662630379 0.7179182172 -0.0620159246 0.6933595538
-253.8 -59.4 2676.2 0.6736994386 0.3126859367 -0.6695943475 -0.1752782762 0.9478299022 0.2662630379 0.7179182172 -0.0620159246 0.6933595538
-315.1 -244.4 2694.5 0.6805558205 0.3132320046 -0.6623666286 -0.1545436382 0.9450411201 0.2881207466 0.7162123322 -0.0937177092 0.6915612221
-350.7 -37.5 2574.1 -0.3181012571 -0.1182355359 -0.9406550527 0.6868223548 0.6552025080 -0.3146182597 0.6535186172 -0.7461434007 -0.1272139251
-269.6 -212.6 2407.4 -0.9793040156 -0.1182355359 0.1642679572 -0.2012457401 0.6552025080 -0.7281550765 -0.0215349812 -0.7461434007 -0.6654368639
-156.8 -81.4 2778.2 0.7257445455 0.6450817585 0.2390908450 -0.6867238283 0.6584191322 0.3080498278 0.0412953384 -0.3877548277 0.9208370447
-40.3 -191.7 2784.8 -0.6566919088 0.6450817585 0.3906728327 0.2182580084 0.6584191322 -0.7203108668 -0.7218858600 -0.3877548277 -0.5731727481
-429.0 -418.5 2642.3 0.9596052170 -0.2813470662 -0.0013022673 0.0081722708 0.0324996784 -0.9994383454 0.2812313735 0.9590556026 0.0334861055
-316.4 -431.5 2258.7 0.9596052170 -0.0575008877 -0.2754115462 0.0081722708 0.9841762781 -0.1770036817 0.2812313735 0.1676029116 0.9448905587
-315.0 -443.3 2777.5 0.7557185888 -0.6486821175 -0.0900048837 -0.3612021208 -0.2982144356 -0.8835163713 0.5462805033 0.7001997232 -0.4596715569
-71.8 -331.5 2515.0 0.7557185888 -0.0435815230 -0.6534447670 -0.3612021208 0.8045613170 -0.4713959098 0.5462805033 0.5922682881 0.5922802687
-2.6 -157.8 2413.3 0 0 0 0 0 0 0 0 0
-58.9 -185.5 2764.3 0 0 0 0 0 0 0 0 0
-295.4 -790.7 2197.5 0 0 0 0 0 0 0 0 0
-49.1 -751.1 2206.1 0 0 0 0 0 0 0 0 0
-190.2 126.2 2661.0 4 0.6766592860 0.3186353147 -0.6637799144 -0.1893535256 0.9464970231 0.2613209188 0.7115317583 -0.0511361621 0.7007907033
-254.0 -63.3 2671.3 0.6766592860 0.3186353147 -0.6637799144 -0.1893535256 0.9464970231 0.2613209188 0.7115317583 -0.0511361621 0.7007907033
-315.7 -248.5 2686.8 0.6837022305 0.3152638376 -0.6581489444 -0.1683305502 0.9456791282 0.2781292200 0.7100817561 -0.0793709904 0.6996314526
-351.4 -39.4 2570.1 -0.3144082129 -0.1263931543 -0.9408359528 0.6934121847 0.6463016868 -0.3185492754 0.6483262777 -0.7525416017 -0.1155600026
-272.6 -213.2 2407.6 -0.9783071280 -0.1263931543 0.1641338915 -0.2067363113 0.6463016868 -0.7345435619 -0.0132387355 -0.7525416017 -0.6584116220
-156.5 -87.3 2772.4 0.7241416574 0.6448641419 0.2444772273 -0.6891621947 0.6632869840 0.2917290032 0.0259670094 -0.3797375858 0.9247297049
-40.2 -198.0 2776.6 -0.6597117782 0.6448641419 0.3859153390 0.2321867049 0.6632869840 -0.7114349604 -0.7147514820 -0.3797375858 -0.5873070955
-438.0 -415.4 2648.0 0.9559708238 -0.2934552729 0.0019390447 0.0138424356 0.0384915322 -0.9991630316 0.2931350470 0.9551975727 0.0408589169
-317.4 -431.2 2255.6 0.9559708238 -0.0578484200 -0.2877035439 0.0138424356 0.9881761074 -0.1526969820 0.2931350470 0.1419913471 0.9454683065
-315.7 -448.8 2766.5 0.7574459314 -0.6460166574 -0.0945417285 -0.3721840382 -0.3082589507 -0.8754743934 0.5364277363 0.6983114481 -0.4739265740
-73.4 -333.2 2504.6 0.7574459314 -0.0386748016 -0.6517514586 -0.3721840382 0.7945908904 -0.4796919525 0.5364277363 0.6059122086 0.5874654651
-5.8 -156.8 2411.2 0 0 0 0 0 0 0 0 0
-58.9 -191.4 2756.3 0 0 0 0 0 0 0 0 0
-296.0 -797.5 2203.0 0 0 0 0 0 0 0 0 0
-53.2 -747.7 2188.5 0 0 0 0 0 0 0 0 0
-189.9 129.3 2667.7 5 0.6595863104 0.3156972229 -0.6821151972 -0.1938738525 0.9482656121 0.2514066100 0.7261947393 -0.0335800461 0.6866684556
-253.2 -60.9 2674.4 0.6595863104 0.3156972229 -0.6821151972 -0.1938738525 0.9482656121 0.2514066100 0.7261947393 -0.0335800461 0.6866684556
-314.7 -246.4 2686.3 0.6659808159 0.3144890368 -0.6764364243 -0.1746393591 0.9473199844 0.2684883177 0.7252383232 -0.0606756471 0.6858190894
-348.1 -36.0 2571.1 -0.3003885746 -0.1350949258 -0.9442012906 0.7056783438 0.6345156431 -0.3152903616 0.6417046189 -0.7610120177 -0.0952676833
-272.6 -213.2 2410.0 -0.9790785313 -0.1350949258 0.1521664709 -0.2034398764 0.6345156431 -0.7456554770 0.0041822721 -0.7610120177 -0.6487243176
-158.3 -85.8 2777.7 0.7250769734 0.6525260210 0.2201662511 -0.6876989603 0.6691053510 0.2817235887 0.0365175605 -0.3556793928 0.9338943362
-41.8 -196.3 2783.6 -0.6420288086 0.6525260210 0.4025031030 0.2388557196 0.6691053510 -0.7037371993 -0.7285237908 -0.3556793928 -0.5854445100
-439.2 -418.4 2638.1 0.9528359175 -0.3034854829 0.0004904959 0.0117493309 0.0352736041 -0.9993086457 0.3032583594 0.9521829486 0.0371757112
-316.8 -432.6 2253.9 0.9528359175 -0.0526251979 -0.2988883853 0.0117493309 0.9905092716 -0.1369426399 0.3032583594 0.1269721240 0.9444111586
-316.1 -447.7 2763.7 0.7447332144 -0.6625708342 -0.0798265263 -0.3760479987 -0.3178152442 -0.8703914881 0.5513259768 0.6782280803 -0.4858460128
-67.6 -328.5 2509.3 0.7447332144 -0.0564602055 -0.6649696827 -0.3760479987 0.7876622677 -0.4880328178 0.5513259768 0.6135147810 0.5653665066
-5.6 -157.7 2408.8 0 0 0 0 0 0 0 0 0
-60.0 -189.6 2762.9 0 0 0 0 0 0 0 0 0
-297.1 -802.7 2206.4 0 0 0 0 0 0 0 0 0
-38.2 -739.4 2189.3 0 0 0 0 0 0 0 0 0
-188.6 130.3 2661.5 6 0.6691522002 0.3231775761 -0.6691722870 -0.1962599158 0.9453673959 0.2603123188 0.7167407870 -0.0428568609 0.6960214972
-253.5 -59.7 2670.1 0.6691522002 0.3231775761 -0.6691722870 -0.1962599158 0.9453673959 0.2603123188 0.7167407870 -0.0428568609 0.6960214972
-315.4 -245.0 2683.3 0.6763493419 0.3159930408 -0.6653570533 -0.1749587059 0.9463722706 0.2716043293 0.7155005336 -0.0672894046 0.6953639984
-349.9 -34.8 2568.1 -0.3024038076 -0.1333895624 -0.9438003898 0.7089592814 0.6303673387 -0.3162494898 0.6371253133 -0.7647510767 -0.0960577056
-274.0 -212.7 2408.2 -0.9796617627 -0.1333895624 0.1499000043 -0.2005793452 0.6303673387 -0.7499366403 0.0055416506 -0.7647510767 -0.6443019509
-157.1 -84.7 2772.0 0.7237510681 0.6488505006 0.2348988503 -0.6895336509 0.6667007208 0.2829372883 0.0269767717 -0.3667468131 0.9299295545
-40.8 -195.5 2776.4 -0.6522530913 0.6488505006 0.3918659389 0.2391081899 0.6667007208 -0.7059302330 -0.7193004489 -0.3667468131 -0.5900030732
-436.5 -416.1 2632.6 0.9537005424 -0.3007572889 -0.0005613649 0.0130472416 0.0432373658 -0.9989796281 0.3004746735 0.9527201056 0.0451595522
-316.8 -433.3 2253.5 0.9537005424 -0.0523688793 -0.2961634099 0.0130472416 0.9910008311 -0.1332184821 0.3004746735 0.1231864318 0.9458012581
-316.1 -446.2 2761.1 0.7519810200 -0.6530972123 -0.0893790722 -0.3769026697 -0.3147500455 -0.8711353540 0.5408039689 0.6887644529 -0.4828401208
-71.1 -328.1 2502.7 0.7519810200 -0.0452000983 -0.6576332450 -0.3769026697 0.7890000939 -0.4852043390 0.5408039689 0.6127281785 0.5762770176
-6.8 -158.0 2406.7 0 0 0 0 0 0 0 0 0
-59.3 -188.7 2755.9 0 0 0 0 0 0 0 0 0
-297.1 -805.1 2207.3 0 0 0 0 0 0 0 0 0
-47.5 -739.8 2183.0 0 0 0 0 0 0 0 0 0
-186.5 133.5 2648.9 7 0.6568806767 0.3396123350 -0.6731799245 -0.1642362475 0.9358272552 0.3118554652 0.7358900905 -0.0942912921 0.6705034971
-254.6 -54.3 2667.8 0.6568806767 0.3396123350 -0.6731799245 -0.1642362475 0.9358272552 0.3118554652 0.7358900905 -0.0942912921 0.6705034971
-319.4 -237.5 2689.9 0.6636096239 0.3308075964 -0.6709609628 -0.1454404294 0.9368505478 0.3180536926 0.7338047028 -0.1134786457 0.6698158383
-349.2 -33.6 2563.4 -0.3189640641 -0.1081920117 -0.9415712357 0.7118663192 0.6285259128 -0.3133711517 0.6257061958 -0.7702270150 -0.1234589294
