146.0 26.5 2642.3 94 0.3779274821 0.1222523078 -0.9177283049 -0.1436703801 0.9869800806 0.0723129138 0.9146199226 0.1045213342 0.3905709088
122.0 -167.4 2621.7 0.3779274821 0.1222523078 -0.9177283049 -0.1436703801 0.9869800806 0.0723129138 0.9146199226 0.1045213342 0.3905709088
98.9 -359.0 2601.8 0.3782845736 0.1193135008 -0.9179679155 -0.1407515854 0.9875420332 0.0703542531 0.9149261117 0.1025915071 0.3903654814
70.3 -148.2 2496.7 -0.6954498291 0.2245665789 -0.6825829148 0.6799250841 0.5129870772 -0.5239715576 0.2324897051 -0.8285011649 -0.5094451904
232.3 -306.5 2442.6 -0.9167870879 0.2245665789 0.3302594125 -0.1769292206 0.5129870772 -0.8399645090 -0.3580467403 -0.8285011649 -0.4305675328
173.7 -186.6 2746.7 0.7647367120 0.4145023525 -0.4933209717 -0.5241849422 0.8454483747 -0.1022115275 0.3747105002 0.3367563188 0.8638212681
373.3 -323.4 2844.5 0.2235121578 0.4145023525 0.8821735382 0.2641307116 0.8454483747 -0.4641680717 -0.9382309318 0.3367563188 0.0794852003
33.5 -542.5 2502.2 0.7769262791 -0.6279889941 0.0448925681 0.0398094021 -0.0221611764 -0.9989615083 0.6283317208 0.7779065967 0.0077822674
252.6 -534.8 2230.8 0.7769262791 -0.0729678348 -0.6253488660 0.0398094021 0.9969671369 -0.0668707713 0.6283317208 0.0270588975 0.7774748206
100.2 -569.8 2666.2 0.3927623928 -0.8694335818 -0.2997047007 -0.0441118591 0.3077074885 -0.9504579306 0.9185814261 0.3865246475 0.0825035945
437.6 -689.2 2516.2 0.3927623928 -0.5523951054 -0.7352532744 -0.0441118591 0.7872647643 -0.6150352359 0.9185814261 0.2739961147 0.2848408222
471.4 -260.4 2536.0 0 0 0 0 0 0 0 0 0
430.0 -256.4 2606.4 0 0 0 0 0 0 0 0 0
271.4 -791.5 2223.9 0 0 0 0 0 0 0 0 0
586.7 -901.8 2442.2 0 0 0 0 0 0 0 0 0
148.0 27.1 2639.6 95 0.3884726167 0.1362949461 -0.9113246799 -0.1471104622 0.9854888320 0.0846775770 0.9096414447 0.1011704728 0.4028858244
121.2 -166.2 2619.8 0.3884726167 0.1362949461 -0.9113246799 -0.1471104622 0.9854888320 0.0846775770 0.9096414447 0.1011704728 0.4028858244
95.9 -357.6 2600.5 0.3890250623 0.1303240359 -0.9119622707 -0.1430243552 0.9864836931 0.0799621716 0.9100568891 0.0993255228 0.4024063945
68.1 -146.6 2495.5 -0.6990712285 0.2070304900 -0.6844251752 0.6811733842 0.4839468896 -0.5493616462 0.2174908221 -0.8502551317 -0.4793369770
232.6 -307.0 2444.3 -0.9254366755 0.2070304900 0.3173410296 -0.1850304008 0.4839468896 -0.8553123474 -0.3306519091 -0.8502551317 -0.4095552564
174.4 -185.7 2744.1 0.7644506693 0.4272030592 -0.4828174412 -0.5311173797 0.8418356180 -0.0960576534 0.3654167950 0.3298640847 0.8704367876
373.9 -324.4 2839.5 0.2135826945 0.4272030592 0.8785669804 0.2605462670 0.8418356180 -0.4726821482 -0.9415402412 0.3298640847 0.0684953555
41.8 -538.1 2499.9 0.7867237926 -0.6163246036 0.0347794630 0.0408669300 -0.0042171143 -0.9991557002 0.6159509420 0.7874808908 0.0218695924
249.9 -536.6 2234.1 0.7867237926 -0.0852308422 -0.6113929749 0.0408669300 0.9954408407 -0.0861823335 0.6159509420 0.0428159423 0.7866201401
109.6 -563.3 2663.9 0.4063289762 -0.8557606339 -0.3202663064 -0.0266254842 0.3392676115 -0.9403130412 0.9133388400 0.3906036913 0.1150692254
441.6 -694.9 2512.3 0.4063289762 -0.5527141690 -0.7276014090 -0.0266254842 0.7888004780 -0.6140723228 0.9133388400 0.2688881457 0.3057962358
474.5 -258.6 2530.7 0 0 0 0 0 0 0 0 0
428.1 -258.2 2600.5 0 0 0 0 0 0 0 0 0
271.5 -789.0 2223.3 0 0 0 0 0 0 0 0 0
586.3 -901.4 2441.9 0 0 0 0 0 0 0 0 0
152.8 33.5 2639.3 96 0.4156656861 0.1458738148 -0.8977432251 -0.1525793225 0.9842498899 0.0892842188 0.8966279030 0.0998646691 0.4313762188
124.0 -160.5 2619.6 0.4156656861 0.1458738148 -0.8977432251 -0.1525793225 0.9842498899 0.0892842188 0.8966279030 0.0998646691 0.4313762188
97.7 -352.0 2601.9 0.4173551202 0.1356142461 -0.8985674381 -0.1407512128 0.9865164161 0.0835134163 0.8977771401 0.0916197076 0.4308155179
67.0 -141.2 2497.0 -0.6991583109 0.2106858790 -0.6832196712 0.6822822690 0.4822345078 -0.5494913459 0.2137020379 -0.8503301144 -0.4809055030
235.9 -306.0 2445.4 -0.9295290112 0.2106858790 0.3026338816 -0.1704652458 0.4822345078 -0.8592970967 -0.3269822598 -0.8503301144 -0.4123363495
181.0 -179.7 2742.2 0.7743601203 0.4394870698 -0.4552114904 -0.5318231583 0.8418529630 -0.0919114947 0.3428272307 0.3132646084 0.8856267929
383.1 -318.5 2831.7 0.1842100322 0.4394870698 0.8791574240 0.2568680048 0.8418529630 -0.4746603072 -0.9487283826 0.3132646084 0.0421875976
35.8 -536.3 2499.7 0.7778282166 -0.6277754903 0.0296850707 0.0401324928 0.0024771953 -0.9991912842 0.6271942258 0.7783905268 0.0271210279
252.6 -537.1 2230.9 0.7778282166 -0.0760774836 -0.6238552928 0.0401324928 0.9966329336 -0.0714991689 0.6271942258 0.0305772033 0.7782624364
105.5 -561.9 2662.8 0.4101060331 -0.8569432497 -0.3121878505 -0.0085861972 0.3386542499 -0.9408717155 0.9119974375 0.3885376751 0.1315262616
438.1 -693.3 2512.0 0.4101060331 -0.5631739497 -0.7173898220 -0.0085861972 0.7841600776 -0.6204991937 0.9119974375 0.2606301010 0.3167532682
479.9 -261.2 2531.3 0 0 0 0 0 0 0 0 0
429.8 -253.3 2591.0 0 0 0 0 0 0 0 0 0
272.0 -791.3 2223.1 0 0 0 0 0 0 0 0 0
587.5 -901.5 2442.8 0 0 0 0 0 0 0 0 0
153.3 32.9 2639.6 97 0.4626584947 0.1447040588 -0.8746472597 -0.1533139795 0.9847837687 0.0818274915 0.8731791973 0.0962374732 0.4778037369
124.8 -160.9 2620.7 0.4626584947 0.1447040588 -0.8746472597 -0.1533139795 0.9847837687 0.0818274915 0.8731791973 0.0962374732 0.4778037369
97.8 -352.3 2604.0 0.4643002152 0.1394107938 -0.8746370077 -0.1419231296 0.9864838719 0.0818986148 0.8742328882 0.0861056745 0.4778102934
61.5 -141.5 2501.5 -0.7305824757 0.2063126713 -0.6509103775 0.6455095410 0.5194916129 -0.5598623753 0.2226357758 -0.8291945457 -0.5127082467
243.2 -302.0 2446.1 -0.9439252615 0.2063126713 0.2577599287 -0.1175697297 0.5194916129 -0.8463485241 -0.3085165322 -0.8291945457 -0.4661051333
188.2 -180.2 2739.9 0.7916210294 0.4550249577 -0.4077847302 -0.5320769548 0.8414664268 -0.0939591005 0.3003834188 0.2913528681 0.9082308412
394.6 -319.0 2818.3 0.1336458176 0.4550249577 0.8803925514 0.2589480877 0.8414664268 -0.4742152393 -0.9566006064 0.2913528681 -0.0053693824
34.0 -530.8 2503.7 0.7776745558 -0.6283745170 0.0191770419 0.0316208638 0.0086317984 -0.9994626641 0.6278713346 0.7778630853 0.0265824758
255.7 -533.9 2229.3 0.7776745558 -0.0585989431 -0.6259300709 0.0316208638 0.9980320930 -0.0541480407 0.6278713346 0.0223171022 0.7779971361
108.8 -556.1 2664.5 0.4232611060 -0.8496913910 -0.3144432902 0.0061533544 0.3497526646 -0.9368218780 0.9059868455 0.3945853710 0.1532651484
438.6 -691.8 2511.3 0.4232611060 -0.5594042540 -0.7126829028 0.0061533544 0.7883757949 -0.6151632071 0.9059868455 0.2559892535 0.3371310234
493.0 -270.9 2527.7 0 0 0 0 0 0 0 0 0
428.4 -253.3 2575.8 0 0 0 0 0 0 0 0 0
270.7 -788.7 2223.6 0 0 0 0 0 0 0 0 0
587.9 -902.3 2443.0 0 0 0 0 0 0 0 0 0
154.9 31.9 2639.3 98 0.4664213359 0.1609771848 -0.8697916269 -0.1548679322 0.9829746485 0.0988774598 0.8709001541 0.0885842741 0.4834105670
123.2 -161.7 2621.9 0.4664213359 0.1609771848 -0.8697916269 -0.1548679322 0.9829746485 0.0988774598 0.8709001541 0.0885842741 0.4834105670
92.7 -352.7 2605.4 0.4672710598 0.1570316404 -0.8700568080 -0.1496122330 0.9839517474 0.0972374305 0.8713632822 0.0847349092 0.4832660556
59.4 -141.3 2502.9 -0.7427946925 0.2132406831 -0.6346530318 0.6305002570 0.5416681767 -0.5559361577 0.2252231389 -0.8130953312 -0.5367965698
246.7 -300.2 2446.1 -0.9470952749 0.2132406831 0.2398727238 -0.0897244066 0.5416681767 -0.8357900977 -0.3081558645 -0.8130953312 -0.4938784838
187.0 -182.2 2740.8 0.7843139768 0.4711180627 -0.4036078751 -0.5453092456 0.8337650895 -0.0864498690 0.2957860529 0.2878949344 0.9108386636
391.6 -324.4 2818.0 0.1320684105 0.4711180627 0.8721271157 0.2560309172 0.8337650895 -0.4891665578 -0.9576043487 0.2878949344 -0.0105067547
29.3 -531.1 2509.1 0.7793725133 -0.6262097359 0.0209737383 0.0394361801 0.0156187471 -0.9991000295 0.6253185868 0.7794981599 0.0368681401
255.2 -536.7 2227.9 0.7793725133 -0.0614027269 -0.6235448718 0.0394361801 0.9980205894 -0.0489871874 0.6253185868 0.0135890376 0.7802512646
112.3 -556.5 2665.5 0.4110646844 -0.8485290408 -0.3332031667 0.0069498476 0.3684185743 -0.9296340346 0.9115796685 0.3798240125 0.1573410034
441.6 -699.5 2518.1 0.4356405139 -0.5559962988 -0.7078739405 -0.0268896390 0.7780314088 -0.6276496053 0.8997189999 0.2924640775 0.3239914477
501.5 -276.1 2529.0 0 0 0 0 0 0 0 0 0
425.1 -259.5 2575.1 0 0 0 0 0 0 0 0 0
270.6 -788.2 2224.5 0 0 0 0 0 0 0 0 0
586.0 -901.6 2442.2 0 0 0 0 0 0 0 0 0
152.7 31.1 2639.6 99 0.3838841319 0.1555365771 -0.9101875424 -0.1429455429 0.9838386774 0.1078331396 0.9122497439 0.0887118205 0.3999133110
122.1 -162.3 2622.2 0.3838841319 0.1555365771 -0.9101875424 -0.1429455429 0.9838386774 0.1078331396 0.9122497439 0.0887118205 0.3999133110
91.3 -353.2 2605.6 0.3841412365 0.1589742899 -0.9094848633 -0.1413371712 0.9835794568 0.1122288182 0.9123920798 0.0854322985 0.4003024101
69.9 -143.1 2498.1 -0.6919508576 0.2072711885 -0.6915509105 0.6818554401 0.5023905635 -0.5316736102 0.2372280508 -0.8394297957 -0.4889585972
233.9 -304.7 2441.9 -0.9505345821 0.2072711885 0.2313496023 -0.0994960219 0.5023905635 -0.8588970900 -0.2942524850 -0.8394297957 -0.4569169879
174.4 -181.5 2746.3 0.7476018667 0.4525204599 -0.4861241877 -0.5493389964 0.8326883316 -0.0696906671 0.3732534945 0.3191478252 0.8711064458
368.7 -324.3 2843.3 0.2218003869 0.4525204599 0.8637301922 0.2415433228 0.8326883316 -0.4982839823 -0.9447017312 0.3191478252 0.0753873140
20.5 -530.3 2511.0 0.7675570250 -0.6407935023 0.0154882250 0.0350470580 0.0178284738 -0.9992266297 0.6400218010 0.7675062418 0.0361422971
256.6 -536.8 2228.2 0.7675570250 -0.0569819212 -0.6384428740 0.0350470580 0.9982815981 -0.0469633043 0.6400218010 0.0136714708 0.7682350874
104.1 -557.1 2667.0 0.3966835439 -0.8571860194 -0.3284421563 -0.0411810130 0.3408195078 -0.9392263889 0.9170312285 0.3861012459 0.0998976976
436.7 -689.3 2517.2 0.3966835439 -0.5521731377 -0.7333123088 -0.0411810130 0.7873449922 -0.6151357293 0.9170312285 0.2742127776 0.2895877659
491.1 -277.7 2521.5 0 0 0 0 0 0 0 0 0
424.8 -263.3 2604.6 0 0 0 0 0 0 0 0 0
271.0 -789.8 2224.7 0 0 0 0 0 0 0 0 0
586.2 -902.5 2442.9 0 0 0 0 0 0 0 0 0
150.4 32.0 2637.8 00 0.4002343416 0.1376921088 -0.9060095549 -0.1314555109 0.9870496392 0.0919371396 0.9069354534 0.0823035538 0.4131515622
123.3 -162.3 2621.6 0.4002343416 0.1376921088 -0.9060095549 -0.1314555109 0.9870496392 0.0919371396 0.9069354534 0.0823035538 0.4131515622
96.1 -353.8 2606.4 0.4006353021 0.1401923746 -0.9054487348 -0.1286071241 0.9870457649 0.0959212035 0.9071667790 0.0780177414 0.4134751260
68.7 -144.8 2498.0 -0.6617881656 0.2017864734 -0.7220239639 0.7025203705 0.5031494498 -0.5032948852 0.2617278695 -0.8403111696 -0.4747374952
225.1 -310.8 2436.1 -0.9470033050 0.2017864734 0.2499338388 -0.1187076345 0.5031494498 -0.8560076356 -0.2984848320 -0.8403111696 -0.4525306225
177.9 -179.8 2745.2 0.7646262646 0.4397075176 -0.4711730182 -0.5313072801 0.8438804746 -0.0746878386 0.3647729158 0.3074459136 0.8788729906
377.0 -318.2 2840.2 0.2025224417 0.4397075176 0.8750097156 0.2403375953 0.8438804746 -0.4796910882 -0.9493274093 0.3074459136 0.0652264878
26.2 -531.5 2507.7 0.7681555152 -0.6402233839 0.0071490314 0.0238893516 0.0175014548 -0.9995614290 0.6398174763 0.7679893970 0.0287383609
258.3 -537.9 2229.3 0.7681555152 -0.0505751558 -0.6382626891 0.0238893516 0.9984451532 -0.0503645018 0.6398174763 0.0234400891 0.7681693435
94.7 -556.7 2670.4 0.3889636993 -0.8669954538 -0.3114901185 -0.0522207804 0.3168223798 -0.9470462203 0.9197718501 0.3846328557 0.0779572204
431.1 -679.7 2521.1 0.3889636993 -0.5482621789 -0.7403484583 -0.0522207804 0.7892184258 -0.6118882895 0.9197718501 0.2766638994 0.2783466280
482.3 -278.5 2517.2 0 0 0 0 0 0 0 0 0
428.3 -257.3 2599.8 0 0 0 0 0 0 0 0 0
270.9 -786.7 2223.4 0 0 0 0 0 0 0 0 0
586.3 -903.0 2442.8 0 0 0 0 0 0 0 0 0
149.2 28.2 2627.9 01 0.3037571311 0.1576965749 -0.9396080971 -0.0876115113 0.9866516590 0.1372688860 0.9487127066 0.0406240821 0.3135184944
118.3 -165.4 2619.9 0.3037571311 0.1576965749 -0.9396080971 -0.0876115113 0.9866516590 0.1372688860 0.9487127066 0.0406240821 0.3135184944
87.7 -356.7 2611.2 0.3033714294 0.1560407430 -0.9400090575 -0.0900374651 0.9867808819 0.1347468197 0.9486089945 0.0437576957 0.3134106398
77.1 -153.4 2491.3 -0.6544573307 0.2204340249 -0.7232526541 0.7124820352 0.4999855459 -0.4923248887 0.2530907094 -0.8375101686 -0.4842744768
218.2 -307.0 2436.7 -0.9389216900 0.2204340249 0.2642628551 -0.1238591522 0.4999855459 -0.8571308851 -0.3210684061 -0.8375101686 -0.4421445131
159.5 -177.4 2748.5 0.7102096081 0.4267377853 -0.5599082112 -0.5270009637 0.8496068120 -0.0209352430 0.4667679369 0.3099405766 0.8282901049
343.4 -313.9 2869.4 0.3039703071 0.4267377853 0.8517610431 0.1880290955 0.8496068120 -0.4927609563 -0.9339417219 0.3099405766 0.1780161262
33.2 -533.9 2510.2 0.7814251781 -0.6238365173 0.0142359352 0.0263563357 0.0102034044 -0.9996005297 0.6234420538 0.7814882398 0.0244152416
257.7 -537.6 2228.9 0.7814251781 -0.0536232144 -0.6216906309 0.0263563357 0.9982479811 -0.0529745221 0.6234420538 0.0250101388 0.7814694047
101.2 -556.7 2674.2 0.3812379241 -0.8590968847 -0.3414824009 -0.0819133222 0.3365355432 -0.9381012917 0.9208408594 0.3856117427 0.0579286329
437.8 -688.6 2523.1 0.3812379241 -0.5481500626 -0.7444388270 -0.0819133222 0.7820579410 -0.6177989841 0.9208408594 0.2965078652 0.2532493472
473.7 -273.3 2524.1 0 0 0 0 0 0 0 0 0
420.0 -266.5 2634.2 0 0 0 0 0 0 0 0 0
271.1 -786.4 2222.6 0 0 0 0 0 0 0 0 0
587.5 -902.1 2442.2 0 0 0 0 0 0 0 0 0
153.2 25.8 2631.4 02 0.3027641773 0.1708884388 -0.9376198649 -0.1030502394 0.9838957787 0.1460469216 0.9474779367 0.0524041727 0.3154985011
119.6 -167.5 2621.1 0.3027641773 0.1708884388 -0.9376198649 -0.1030502394 0.9838957787 0.1460469216 0.9474779367 0.0524041727 0.3154985011
87.2 -358.5 2611.1 0.3031921685 0.1664098650 -0.9382869005 -0.1005524248 0.9847240448 0.1421538442 0.9476094842 0.0512470901 0.3152935207
78.4 -153.9 2492.2 -0.6803106070 0.2558481991 -0.6868181229 0.6937931180 0.5269038677 -0.4909413457 0.2362807095 -0.8105022907 -0.5359640121
229.5 -308.1 2439.7 -0.9139137268 0.2558481991 0.3151244521 -0.1414669454 0.5269038677 -0.8380688429 -0.3804586828 -0.8105022907 -0.4453506470
160.9 -181.1 2750.1 0.7052548528 0.4357815087 -0.5592048764 -0.5376821756 0.8428794146 -0.0212653205 0.4620752335 0.3156719506 0.8287567496
344.3 -320.9 2870.2 0.3049521148 0.4357815087 0.8468167782 0.1917109042 0.8428794146 -0.5027934313 -0.9328725338 0.3156719506 0.1734937876
30.1 -540.2 2518.2 0.7865501046 -0.6169187427 0.0273910407 0.0280723721 -0.0085893134 -0.9995689988 0.6168881059 0.7869799733 0.0105624460
256.2 -537.0 2229.7 0.7865501046 -0.0547501110 -0.6150946021 0.0280723721 0.9982023239 -0.0529534183 0.6168881059 0.0243833493 0.7866730690
82.3 -555.9 2687.8 0.4147655070 -0.8665646911 -0.2775521576 -0.0361481570 0.2890937030 -0.9566180706 0.9092100263 0.4068051875 0.0885813832
419.8 -668.5 2529.4 0.4147655070 -0.5602992773 -0.7169618607 -0.0361481570 0.7771642208 -0.6282587647 0.9092100263 0.2864969373 0.3020871282
478.0 -269.6 2543.1 0 0 0 0 0 0 0 0 0
421.4 -272.4 2634.4 0 0 0 0 0 0 0 0 0
270.0 -787.8 2223.6 0 0 0 0 0 0 0 0 0
589.3 -903.5 2442.7 0 0 0 0 0 0 0 0 0
151.2 22.1 2633.7 03 0.3857776821 0.1455239654 -0.9110424519 -0.1338378489 0.9858632684 0.1008021981 0.9128323793 0.0830447152 0.3998006582
122.7 -171.0 2617.4 0.3857776821 0.1455239654 -0.9110424519 -0.1338378489 0.9858632684 0.1008021981 0.9128323793 0.0830447152 0.3998006582
94.3 -362.2 2602.0 0.3864113092 0.1449372321 -0.9108674526 -0.1295356750 0.9863156080 0.1019904688 0.9131850004 0.0785795599 0.3998980522
70.2 -153.6 2493.5 -0.6985699534 0.2524096966 -0.6695441008 0.6777033806 0.5336461663 -0.5059050322 0.2296043187 -0.8071623445 -0.5438480973
235.0 -313.5 2439.3 -0.8986570835 0.2524096966 0.3587545156 -0.1799938381 0.5336461663 -0.8263316154 -0.4000221193 -0.8071623445 -0.4341327250
175.3 -188.3 2741.4 0.7562078238 0.4397116303 -0.4845651984 -0.5349268913 0.8419260383 -0.0708082542 0.3768328428 0.3127526939 0.8718845844
371.3 -327.0 2839.1 0.2179652303 0.4397116303 0.8712891936 0.2377802283 0.8419260383 -0.4843770564 -0.9465472698 0.3127526939 0.0789558738
27.6 -540.7 2516.5 0.7824190855 -0.6218115687 0.0342172459 0.0343860574 -0.0117243743 -0.9993398786 0.6218022108 0.7830791473 0.0122082727
255.8 -536.4 2229.2 0.7824190855 -0.0608228669 -0.6197749376 0.0343860574 0.9979202747 -0.0545231216 0.6218022108 0.0213483144 0.7828832865
82.1 -558.8 2685.1 0.3933515251 -0.8776510358 -0.2738671601 -0.0682063997 0.2692022026 -0.9606654048 0.9168546796 0.3965587020 0.0460296832
421.9 -663.0 2531.5 0.3933515251 -0.5426659584 -0.7421510816 -0.0682063997 0.7877741456 -0.6121762991 0.9168546796 0.2914199233 0.2728588581
479.4 -264.6 2548.1 0 0 0 0 0 0 0 0 0
426.3 -267.1 2600.5 0 0 0 0 0 0 0 0 0
271.1 -787.5 2223.8 0 0 0 0 0 0 0 0 0
587.8 -903.8 2442.4 0 0 0 0 0 0 0 0 0
152.5 24.6 2635.3 04 0.3870377243 0.1431189030 -0.9108890295 -0.1339963377 0.9861237407 0.0980045944 0.9122756124 0.0841243193 0.4008445144
124.1 -170.8 2618.7 0.3870377243 0.1431189030 -0.9108890295 -0.1339963377 0.9861237407 0.0980045944 0.9122756124 0.0841243193 0.4008445144
97.1 -362.4 2603.3 0.3880226314 0.1382966191 -0.9112148285 -0.1270898283 0.9872618318 0.0957197323 0.9128453135 0.0786647126 0.4006560147
71.3 -153.6 2494.3 -0.7129049897 0.2546530962 -0.6533898115 0.6674240828 0.5323191881 -0.5207507610 0.2152011693 -0.8073339462 -0.5494546294
238.4 -310.2 2443.9 -0.8979951143 0.2546530962 0.3588266373 -0.1796110868 0.5323191881 -0.8272702694 -0.4016772509 -0.8073339462 -0.4322815239
177.0 -188.0 2743.0 0.7602061033 0.4341038465 -0.4833637476 -0.5296405554 0.8449773788 -0.0741223767 0.3762546182 0.3123573363 0.8722759485
374.8 -325.8 2840.9 0.2155556828 0.4341038465 0.8746939898 0.2392318696 0.8449773788 -0.4783109426 -0.9467332363 0.3123573363 0.0782881975
31.4 -542.1 2505.2 0.7737849355 -0.6322206855 0.0394193232 0.0342713594 -0.0203557573 -0.9992052317 0.6325206757 0.7745208740 0.0059160856
255.1 -534.9 2231.1 0.7737849355 -0.0669176430 -0.6299039125 0.0342713594 0.9973704815 -0.0638558120 0.6325206757 0.0278229993 0.7740436196
100.4 -565.0 2667.5 0.3651125729 -0.8727009296 -0.3241696060 -0.0923240110 0.3125499487 -0.9454040527 0.9263741374 0.3751075268 0.0335446633
438.4 -686.0 2522.2 0.3651125729 -0.5391891599 -0.7589254379 -0.0923240110 0.7902149558 -0.6058354974 0.9263741374 0.2912651896 0.2387373000
483.0 -261.2 2553.3 0 0 0 0 0 0 0 0 0
429.3 -265.3 2601.4 0 0 0 0 0 0 0 0 0
272.1 -787.3 2224.0 0 0 0 0 0 0 0 0 0
586.5 -903.0 2442.2 0 0 0 0 0 0 0 0 0
151.5 29.0 2635.7 05 0.4047857225 0.1393480897 -0.9037315249 -0.1340481341 0.9866858721 0.0920981765 0.9045328498 0.0838634968 0.4180756807
124.0 -166.0 2619.1 0.4047857225 0.1393480897 -0.9037315249 -0.1340481341 0.9866858721 0.0920981765 0.9045328498 0.0838634968 0.4180756807
96.3 -357.5 2604.4 0.4056926966 0.1421547830 -0.9028872848 -0.1276891083 0.9869590402 0.0980171114 0.9050463438 0.0755240470 0.4185537100
68.6 -148.6 2495.6 -0.7077473998 0.2520580292 -0.6599699855 0.6742987633 0.5196979642 -0.5246286392 0.2107481807 -0.8163214922 -0.5377773046
238.1 -310.1 2445.2 -0.9006623030 0.2520580292 0.3539408445 -0.1825458556 0.5196979642 -0.8346202970 -0.3943150938 -0.8163214922 -0.4220602214
179.3 -183.4 2742.5 0.7662330270 0.4422100186 -0.4661943913 -0.5313036442 0.8440644145 -0.0726062953 0.3613908589 0.3033241034 0.8816978931
379.0 -321.8 2836.7 0.1973227113 0.4422100186 0.8749365807 0.2383465022 0.8440644145 -0.4803604484 -0.9509230852 0.3033241034 0.0611538701
35.5 -542.6 2506.4 0.7817343473 -0.6219344735 0.0457049236 0.0363411270 -0.0277328826 -0.9989545345 0.6225517988 0.7825780511 0.0009220542
253.7 -532.9 2231.8 0.7817343473 -0.0701521337 -0.6196532249 0.0363411270 0.9970885515 -0.0670355335 0.6225517988 0.0298850797 0.7820077538
104.9 -565.2 2669.3 0.4010016024 -0.8586342335 -0.3192882538 -0.0440341011 0.3300689161 -0.9429292083 0.9150184393 0.3921757042 0.0945489705
437.7 -693.2 2517.3 0.4010016024 -0.5575121641 -0.7268960476 -0.0440341011 0.7808396816 -0.6231776476 0.9150184393 0.2819034457 0.2885684073
483.0 -260.5 2552.4 0 0 0 0 0 0 0 0 0
429.0 -261.4 2595.7 0 0 0 0 0 0 0 0 0
271.7 -789.4 2224.1 0 0 0 0 0 0 0 0 0
586.6 -901.7 2442.0 0 0 0 0 0 0 0 0 0
151.3 30.2 2635.8 06 0.4031838775 0.1367149502 -0.9048490524 -0.1276809722 0.9875100255 0.0923120454 0.9061679244 0.0783132762 0.4156040251
124.2 -165.6 2620.3 0.4031838775 0.1367149502 -0.9048490524 -0.1276809722 0.9875100255 0.0923120454 0.9061679244 0.0783132762 0.4156040251
97.4 -357.4 2607.0 0.4043618441 0.1376619637 -0.9041795731 -0.1191993058 0.9881076813 0.0971324742 0.9067982435 0.0685009137 0.4159622490
69.0 -149.4 2496.5 -0.6906356215 0.2454224378 -0.6802868843 0.6848185062 0.5243117809 -0.5060837865 0.2324781120 -0.8153925538 -0.5301781893
228.2 -307.2 2442.9 -0.9059111476 0.2454224378 0.3450982273 -0.1753835231 0.5243117809 -0.8332693577 -0.3854420483 -0.8153925538 -0.4319368303
179.4 -181.8 2744.1 0.7678456903 0.4377906322 -0.4677097201 -0.5251381993 0.8482875824 -0.0681036487 0.3669371903 0.2979053259 0.8812544942
379.7 -318.8 2839.8 0.1982961595 0.4377906322 0.8769367337 0.2320837080 0.8482875824 -0.4759678245 -0.9522687793 0.2979053259 0.0666080862
32.3 -537.7 2508.7 0.7807135582 -0.6240762472 0.0318618976 0.0322951823 -0.0106240064 -0.9994218946 0.6240539551 0.7812912464 0.0118603511
255.6 -533.9 2229.1 0.7807135582 -0.0596727803 -0.6220333576 0.0322951823 0.9979528189 -0.0552017540 0.6240539551 0.0230080765 0.7810424566
105.0 -560.5 2670.5 0.4105775356 -0.8527966142 -0.3227445483 -0.0335635506 0.3395797014 -0.9399782419 0.9112077355 0.3967664242 0.1108009145
435.8 -692.2 2516.6 0.4105775356 -0.5639405251 -0.7165173888 -0.0335635506 0.7759256959 -0.6299307942 0.9112077355 0.2826842964 0.2996498346
474.4 -259.6 2547.6 0 0 0 0 0 0 0 0 0
430.0 -259.9 2598.3 0 0 0 0 0 0 0 0 0
270.8 -787.8 2223.3 0 0 0 0 0 0 0 0 0
587.9 -901.6 2440.3 0 0 0 0 0 0 0 0 0
151.1 30.6 2635.9 07 0.4688909650 0.1287797540 -0.8738175035 -0.1403025687 0.9876123667 0.0702639446 0.8720415235 0.0896527097 0.4811506569
125.5 -165.5 2618.1 0.4688909650 0.1287797540 -0.8738175035 -0.1403025687 0.9876123667 0.0702639446 0.8720415235 0.0896527097 0.4811506569
100.4 -357.3 2602.0 0.4696727693 0.1291016340 -0.8733500242 -0.1343127638 0.9881836176 0.0738456249 0.8725637794 0.0826187730 0.4814629257
61.6 -147.3 2499.3 -0.7099937201 0.2458915263 -0.6598835588 0.6700431108 0.5242133141 -0.5255878568 0.2166821212 -0.8153145313 -0.5369460583
233.6 -309.6 2446.8 -0.9018336535 0.2458915263 0.3552934825 -0.1845907867 0.5242133141 -0.8313402534 -0.3906691074 -0.8153145313 -0.4273638725
189.5 -183.7 2736.9 0.7987771034 0.4470256865 -0.4026452005 -0.5224434733 0.8472787738 -0.0957680419 0.2983419299 0.2868566811 0.9103325605
397.4 -319.6 2814.5 0.1267008185 0.4470256865 0.8855026364 0.2574755847 0.8472787738 -0.4645697474 -0.9579421878 0.2868566811 -0.0077472874
34.5 -538.5 2512.5 0.7880409956 -0.6147709489 0.0323742963 0.0311502796 -0.0127011156 -0.9994339943 0.6148341894 0.7886034250 0.0091412859
256.4 -533.9 2227.9 0.7880409956 -0.0551848002 -0.6131443977 0.0311502796 0.9982727170 -0.0498117357 0.6148341894 0.0201540720 0.7883988619
106.9 -559.8 2674.8 0.4185574055 -0.8472626209 -0.3270409107 -0.0326097421 0.3458489180 -0.9377233982 0.9076046944 0.4031557739 0.1171286032
435.7 -694.0 2518.3 0.4185574055 -0.5649238229 -0.7111053467 -0.0326097421 0.7731381655 -0.6333987117 0.9076046944 0.2883026898 0.3051806986
476.7 -259.8 2552.1 0 0 0 0 0 0 0 0 0
429.4 -254.5 2572.2 0 0 0 0 0 0 0 0 0
270.4 -787.2 2222.7 0 0 0 0 0 0 0 0 0
588.1 -902.6 2440.6 0 0 0 0 0 0 0 0 0
147.1 29.9 2636.9 08 0.5276780725 0.1144100577 -0.8417043686 -0.1573525816 0.9869042039 0.0354997143 0.8347430825 0.1137119308 0.5387704372
124.4 -166.1 2614.3 0.5276780725 0.1144100577 -0.8417043686 -0.1573525816 0.9869042039 0.0354997143 0.8347430825 0.1137119308 0.5387704372
101.5 -357.8 2594.4 0.5286313295 0.1169328764 -0.8407589793 -0.1492154598 0.9878443480 0.0435695760 0.8356336951 0.1024219990 0.5396536589
52.4 -145.9 2500.7 -0.7196171880 0.2342351973 -0.6536703706 0.6574637294 0.5326749682 -0.5329153538 0.2233663201 -0.8132596016 -0.5373232365
232.2 -310.2 2444.9 -0.9203560948 0.2342351973 0.3131749630 -0.1479775459 0.5326749682 -0.8332826495 -0.3620046079 -0.8132596016 -0.4555891156
196.4 -186.3 2728.0 0.8258563280 0.4500674307 -0.3397067785 -0.5148317218 0.8475809693 -0.1286652237 0.2300209701 0.2811508179 0.9316890836
411.0 -320.1 2787.8 0.0584341288 0.4500674307 0.8910806775 0.2862127125 0.8475809693 -0.4468654692 -0.9563826323 0.2811508179 -0.0792873651
33.2 -537.1 2508.0 0.7851632237 -0.6184440851 0.0323361494 0.0359758548 -0.0065771481 -0.9993309975 0.6182430387 0.7858012915 0.0170849226
250.8 -534.8 2231.5 0.7851632237 -0.0760264844 -0.6146045327 0.0359758548 0.9963593483 -0.0772899985 0.6182430387 0.0385743380 0.7850398421
117.1 -561.0 2663.8 0.4052220881 -0.8436904550 -0.3521101177 -0.0191271007 0.3772405982 -0.9259177446 0.9140181541 0.3819371760 0.1367288679
444.4 -707.3 2515.6 0.4229093492 -0.5661295652 -0.7075627446 -0.0428512841 0.7674584389 -0.6396650076 0.9051582217 0.3008402884 0.3003059626
478.5 -270.6 2541.7 0 0 0 0 0 0 0 0 0
425.8 -247.8 2546.1 0 0 0 0 0 0 0 0 0
269.9 -785.7 2221.8 0 0 0 0 0 0 0 0 0
588.1 -902.1 2439.3 0 0 0 0 0 0 0 0 0
149.0 29.3 2637.9 09 0.5367146730 0.1400343180 -0.8320623636 -0.1737465560 0.9833404422 0.0534203723 0.8256812096 0.1158964708 0.5521036983
121.2 -165.9 2614.9 0.5367146730 0.1400343180 -0.8320623636 -0.1737465560 0.9833404422 0.0534203723 0.8256812096 0.1158964708 0.5521036983
94.9 -357.0 2593.4 0.5377015471 0.1349660158 -0.8322627544 -0.1666843742 0.9846388698 0.0519864000 0.8264946342 0.1107720286 0.5519385338
47.9 -143.2 2502.3 -0.7166922092 0.2205077559 -0.6616106033 0.6596373320 0.5222492218 -0.5404945612 0.2263423651 -0.8237913251 -0.5197470784
231.9 -312.6 2444.2 -0.9308563471 0.2205077559 0.2913465798 -0.1395991892 0.5222492218 -0.8412894011 -0.3376663625 -0.8237913251 -0.4553562701
194.5 -188.6 2727.6 0.8202870488 0.4679779708 -0.3288248777 -0.5307428837 0.8370851278 -0.1326667368 0.2131693065 0.2833462656 0.9350260496
408.1 -326.8 2783.1 0.0499315560 0.4679779708 0.8823284507 0.2950645387 0.8370851278 -0.4606792927 -0.9541717768 0.2833462656 -0.0962867513
31.4 -536.2 2499.8 0.7743061781 -0.6317448020 0.0367211774 0.0427548252 -0.0056695100 -0.9990695119 0.6313651800 0.7751556635 0.0226202030
252.1 -534.2 2229.0 0.7743061781 -0.0743678361 -0.6284261346 0.0427548252 0.9969493747 -0.0652990714 0.6313651800 0.0236932226 0.7751236558
125.8 -562.7 2648.9 0.3723990619 -0.8447260857 -0.3843913972 -0.0139009831 0.4090589583 -0.9124020934 0.9279685616 0.3451210856 0.1405906528
453.2 -721.2 2515.1 0.4148615599 -0.5629079938 -0.7148597836 -0.0701668561 0.7635277510 -0.6419516802 0.9071750045 0.3164805472 0.2772608399
478.6 -275.7 2533.6 0 0 0 0 0 0 0 0 0
420.8 -252.1 2541.4 0 0 0 0 0 0 0 0 0
271.1 -788.9 2222.9 0 0 0 0 0 0 0 0 0
588.3 -904.4 2439.2 0 0 0 0 0 0 0 0 0
152.4 31.5 2637.5 10 0.4644276500 0.1655827910 -0.8699938655 -0.1762093157 0.9800012708 0.0924545154 0.8679039478 0.1103625819 0.4843168855
119.7 -162.2 2615.6 0.4644276500 0.1655827910 -0.8699938655 -0.1762093157 0.9800012708 0.0924545154 0.8679039478 0.1103625819 0.4843168855
89.5 -352.7 2593.9 0.4651742876 0.1551598459 -0.8715149164 -0.1716428548 0.9816437960 0.0831515938 0.8684190512 0.1109093279 0.4832675457
56.4 -139.0 2497.5 -0.6964303851 0.2229463458 -0.6821141243 0.6870045066 0.4818215966 -0.5439418554 0.2073874474 -0.8474330902 -0.4887203276
232.5 -312.8 2445.1 -0.9375753403 0.2229463458 0.2669220269 -0.1320472956 0.4818215966 -0.8662629128 -0.3217389584 -0.8474330902 -0.4223046005
182.9 -185.4 2733.8 0.7841067314 0.4698190987 -0.4055202007 -0.5523074269 0.8262636065 -0.1106567606 0.2830779254 0.3107385337 0.9073634744
386.7 -329.0 2807.3 0.1343616545 0.4698190987 0.8724774718 0.2809731066 0.8262636065 -0.4882033467 -0.9502636790 0.3107385337 -0.0209883843
20.5 -533.1 2498.0 0.7563559413 -0.6537790895 0.0223277155 0.0372022614 0.0089124618 -0.9992679954 0.6531015635 0.7566329837 0.0310630556
250.8 -536.3 2231.5 0.7563559413 -0.0797350779 -0.6492826343 0.0372022614 0.9961802959 -0.0789985061 0.6531015635 0.0355962068 0.7564332485
116.7 -562.9 2645.8 0.3325098157 -0.8586499095 -0.3900737464 -0.0302692726 0.4036786258 -0.9143999815 0.9426138997 0.3158542216 0.1082363874
449.6 -719.4 2523.3 0.3951599300 -0.5630224943 -0.7258473039 -0.1118486151 0.7547879815 -0.6463628411 0.9117776752 0.3366017342 0.2352886945
478.2 -278.2 2529.4 0 0 0 0 0 0 0 0 0
420.6 -258.0 2567.3 0 0 0 0 0 0 0 0 0
271.0 -789.1 2222.5 0 0 0 0 0 0 0 0 0
588.4 -905.4 2440.3 0 0 0 0 0 0 0 0 0
150.8 33.5 2639.7 11 0.4062872827 0.1533950716 -0.9007777572 -0.1747940183 0.9806504250 0.0881575346 0.8968710303 0.1216332838 0.4252383411
120.4 -160.9 2615.6 0.4062872827 0.1533950716 -0.9007777572 -0.1747940183 0.9806504250 0.0881575346 0.8968710303 0.1216332838 0.4252383411
91.0 -351.3 2592.4 0.4067276418 0.1519802064 -0.9008188844 -0.1719649285 0.9811741710 0.0878935456 0.8972182870 0.1191605106 0.4252059460
65.1 -137.6 2493.5 -0.6734969616 0.2080816776 -0.7092981339 0.7133685946 0.4343710840 -0.5499336720 0.1936674863 -0.8763696551 -0.4409865439
231.6 -313.8 2445.7 -0.9466547966 0.2080816776 0.2460624129 -0.1359655857 0.4343710840 -0.8904128671 -0.2921610177 -0.8763696551 -0.3829075098
175.7 -184.3 2737.6 0.7612152696 0.4522753358 -0.4647561908 -0.5554443598 0.8246027827 -0.1072933152 0.3347131014 0.3398194909 0.8789139986
373.7 -328.7 2824.7 0.1974494308 0.4522753358 0.8697475195 0.2789863944 0.8246027827 -0.4921350181 -0.9397767186 0.3398194909 0.0366386771
17.9 -527.9 2494.8 0.7472683191 -0.6643825769 0.0136327017 0.0334200822 0.0170845427 -0.9992953539 0.6636815071 0.7471973896 0.0349704586
253.2 -534.0 2230.1 0.7472683191 -0.0698187128 -0.6608444452 0.0334200822 0.9971553683 -0.0675595179 0.6636815071 0.0283996128 0.7474759817
100.8 -558.4 2649.7 0.3215088248 -0.8734422922 -0.3656920195 -0.0526947230 0.3690944016 -0.9278968573 0.9454392195 0.3175970614 0.0726413131
439.5 -701.5 2526.6 0.3691426814 -0.5582768917 -0.7430077791 -0.1166490614 0.7653179169 -0.6329940557 0.9220231771 0.3203362525 0.2173890322
476.1 -278.7 2521.1 0 0 0 0 0 0 0 0 0
423.6 -258.2 2587.2 0 0 0 0 0 0 0 0 0
271.1 -790.1 2222.9 0 0 0 0 0 0 0 0 0
588.4 -905.7 2441.1 0 0 0 0 0 0 0 0 0
154.5 32.8 2639.3 12 0.3777483404 0.1861153394 -0.9070100784 -0.1657540649 0.9773579836 0.1315178275 0.9109510183 0.1006599590 0.4000447392
117.6 -161.1 2619.4 0.3777483404 0.1861153394 -0.9070100784 -0.1657540649 0.9773579836 0.1315178275 0.9109510183 0.1006599590 0.4000447392
81.6 -350.7 2600.4 0.3784586191 0.1853820384 -0.9068641663 -0.1620156765 0.9778810740 0.1322859079 0.9113286734 0.0968614593 0.4001223147
66.0 -139.1 2495.2 -0.6854063272 0.2280553579 -0.6915265322 0.6985179186 0.4741375744 -0.5359722376 0.2056473643 -0.8504024744 -0.4842776358
234.9 -311.2 2444.5 -0.9346930385 0.2280553579 0.2726529539 -0.1379725933 0.4741375744 -0.8695729375 -0.3275857866 -0.8504024744 -0.4117076993
169.2 -183.1 2743.6 0.7323272228 0.4736327529 -0.4892533422 -0.5724828839 0.8172783256 -0.0657225996 0.3687278032 0.3282196224 0.8696618080
359.8 -332.1 2839.5 0.2297234535 0.4736327529 0.8502347469 0.2451295406 0.8172783256 -0.5215051770 -0.9418804049 0.3282196224 0.0716466308
25.2 -526.4 2489.2 0.7505907416 -0.6607668996 0.0008103517 0.0300121959 0.0328668505 -0.9990090132 0.6600854993 0.7498712540 0.0445006192
252.8 -537.8 2231.0 0.7505907416 -0.0711407959 -0.6569265723 0.0300121959 0.9968317747 -0.0736589655 0.6600854993 0.0355719253 0.7503477931
97.8 -557.1 2649.2 0.2734117210 -0.8782737255 -0.3922770321 -0.1793334335 0.3541230857 -0.9178433418 0.9450320601 0.3212975264 -0.0606824383
438.5 -694.5 2524.6 0.2734117210 -0.5508388877 -0.7885572314 -0.1793334335 0.7762294412 -0.6044065952 0.9450320601 0.3066665232 0.1134464070
475.0 -275.8 2528.7 0 0 0 0 0 0 0 0 0
417.9 -270.0 2601.2 0 0 0 0 0 0 0 0 0
270.8 -790.1 2221.9 0 0 0 0 0 0 0 0 0
588.1 -905.4 2441.3 0 0 0 0 0 0 0 0 0
150.7 29.2 2637.7 13 0.3420448899 0.1621688157 -0.9255844355 -0.1415825337 0.9826451540 0.1198451668 0.9289562106 0.0900541693 0.3590690494
118.6 -165.3 2619.8 0.3420448899 0.1621688157 -0.9255844355 -0.1415825337 0.9826451540 0.1198451668 0.9289562106 0.0900541693 0.3590690494
86.1 -355.9 2603.7 0.3428171277 0.1673023850 -0.9243842959 -0.1369768679 0.9823988676 0.1270030737 0.9293619990 0.0830804333 0.3596996963
71.9 -146.7 2493.2 -0.7238588929 0.2628870606 -0.6379017830 0.6630109549 0.5208622217 -0.5376979113 0.1909051090 -0.8121532798 -0.5513277650
244.2 -304.5 2447.7 -0.9117054343 0.2628870606 0.3157270253 -0.1413494051 0.5208622217 -0.8418568373 -0.3857635558 -0.8121532798 -0.4377139807
165.3 -183.9 2746.5 0.7245141268 0.4476490319 -0.5241084099 -0.5534588695 0.8310397267 -0.0552836806 0.4108071923 0.3301262259 0.8498553634
354.0 -328.0 2853.5 0.2652110457 0.4476490319 0.8539751172 0.2291832715 0.8310397267 -0.5068017244 -0.9365565181 0.3301262259 0.1178072467
11.8 -525.9 2500.1 0.7442025542 -0.6679459810 0.0032762291 0.0299490802 0.0284674987 -0.9991459846 0.6672822833 0.7436650991 0.0411899537
253.0 -536.2 2231.5 0.7442025542 -0.0699002519 -0.6642864943 0.0299490802 0.9970009923 -0.0713584274 0.6672822833 0.0332103521 0.7440641522
79.4 -554.8 2663.0 0.3257259727 -0.8873004913 -0.3264972866 -0.1193781272 0.3039689660 -0.9451728463 0.9378973842 0.3468439877 -0.0069136773
423.2 -672.5 2528.6 0.3257259727 -0.5528807044 -0.7669586539 -0.1193781272 0.7806555033 -0.6134540439 0.9378973842 0.2913759947 0.1882779151
479.3 -268.0 2547.2 0 0 0 0 0 0 0 0 0
421.1 -270.0 2616.3 0 0 0 0 0 0 0 0 0
270.7 -788.1 2223.1 0 0 0 0 0 0 0 0 0
586.4 -903.0 2442.6 0 0 0 0 0 0 0 0 0
151.2 23.3 2637.3 14 0.4144281447 0.1480990797 -0.8979510069 -0.1544018239 0.9838085175 0.0909990519 0.8968887329 0.1009327024 0.4305846989
122.0 -170.9 2617.4 0.4144281447 0.1480990797 -0.8979510069 -0.1544018239 0.9838085175 0.0909990519 0.8968887329 0.1009327024 0.4305846989
92.8 -361.7 2598.5 0.4148952067 0.1497184187 -0.8974666595 -0.1513156891 0.9839867949 0.0941993669 0.8971987367 0.0967179164 0.4309061468
65.5 -150.4 2495.3 -0.7528128028 0.2636080682 -0.6031448245 0.6328348517 0.5419375300 -0.5530133247 0.1810880452 -0.7980065942 -0.5747979283
247.9 -303.8 2451.5 -0.9003329277 0.2636080682 0.3462822139 -0.1587458402 0.5419375300 -0.8252899051 -0.4052164257 -0.7980065942 -0.4460775554
178.4 -191.3 2739.4 0.7662960291 0.4517419338 -0.4568584263 -0.5450004339 0.8336055279 -0.0898683071 0.3402424455 0.3178537786 0.8849881887
377.5 -332.9 2827.8 0.1883461624 0.4517419338 0.8720406890 0.2591374218 0.8336055279 -0.4878007770 -0.9472979903 0.3178537786 0.0399431661
22.9 -534.2 2504.5 0.7650222778 -0.6434663534 0.0263052154 0.0358658656 0.0017871013 -0.9993550181 0.6430042982 0.7654723525 0.0244456492
253.0 -534.8 2230.9 0.7650222778 -0.0741247535 -0.6397237182 0.0358658656 0.9967161417 -0.0725987628 0.6430042982 0.0325954258 0.7651686072
84.2 -558.6 2670.7 0.3665767908 -0.8809142709 -0.2993518710 -0.0842038170 0.2890166640 -0.9536136985 0.9265695810 0.3747792244 0.0317704603
425.6 -670.7 2525.4 0.3665767908 -0.5488281846 -0.7512716055 -0.0842038170 0.7845977545 -0.6142606139 0.9265695810 0.2884336114 0.2414019108
481.4 -262.6 2556.5 0 0 0 0 0 0 0 0 0
425.1 -267.5 2588.5 0 0 0 0 0 0 0 0 0
271.7 -787.4 2222.6 0 0 0 0 0 0 0 0 0
587.3 -901.8 2440.4 0 0 0 0 0 0 0 0 0
152.1 24.7 2638.1 15 0.4305754006 0.1410503983 -0.8914648890 -0.1533573419 0.9847839475 0.0817444101 0.8894303441 0.1015155464 0.4456548393
124.3 -169.3 2618.1 0.4305754006 0.1410503983 -0.8914648890 -0.1533573419 0.9847839475 0.0817444101 0.8894303441 0.1015155464 0.4456548393
96.3 -360.4 2599.1 0.4308718741 0.1439863592 -0.8908520341 -0.1513087749 0.9847401977 0.0859788880 0.8896375895 0.0977478400 0.4460832775
65.6 -148.7 2496.9 -0.6267151833 0.2422467321 -0.7406379580 0.7228451967 0.5357478261 -0.4364276230 0.2910720408 -0.8088824153 -0.5108681917
204.9 -309.4 2432.2 -0.9031966925 0.2422467321 0.3543334603 -0.1799547523 0.5357478261 -0.8249791265 -0.3896818757 -0.8088824153 -0.4402922392
183.1 -189.8 2739.4 0.7760653496 0.4505158365 -0.4413140416 -0.5401322842 0.8360450268 -0.0963631347 0.3255452812 0.3131520450 0.8921636939
385.2 -330.5 2824.2 0.1705905646 0.4505158365 0.8763186336 0.2636868358 0.8360450268 -0.4811423719 -0.9494040608 0.3131520450 0.0238262843
26.5 -539.2 2499.6 0.7640164495 -0.6440704465 0.0381070115 0.0381694324 -0.0138393492 -0.9991754293 0.6440667510 0.7648410201 0.0140103139
253.5 -534.3 2230.0 0.7640164495 -0.0719215199 -0.6411756277 0.0381694324 0.9970654249 -0.0663599595 0.6440667510 0.0262267888 0.7645195723
100.6 -566.0 2659.6 0.3411408961 -0.8774163127 -0.3372885287 -0.1161892563 0.3167029321 -0.9413815737 0.9328038096 0.3603330553 0.0060939700
440.8 -688.8 2519.9 0.3411408961 -0.5449487567 -0.7659332752 -0.1161892563 0.7841188312 -0.6096373200 0.9328038096 0.2969654202 0.2041778117
411.5 -268.2 2521.3 0 0 0 0 0 0 0 0 0
428.4 -263.7 2583.8 0 0 0 0 0 0 0 0 0
271.9 -789.0 2223.3 0 0 0 0 0 0 0 0 0
587.6 -900.1 2439.9 0 0 0 0 0 0 0 0 0
152.8 26.6 2627.6 16 0.3905184567 0.1480598599 -0.9086108208 -0.1284335256 0.9860921502 0.1054852158 0.9115921259 0.0755021647 0.4041030109
123.5 -168.4 2612.6 0.3905184567 0.1480598599 -0.9086108208 -0.1284335256 0.9860921502 0.1054852158 0.9115921259 0.0755021647 0.4041030109
95.1 -359.8 2598.0 0.3906818032 0.1457751989 -0.9089099765 -0.1273367852 0.9864470959 0.1034770906 0.9116759896 0.0753110573 0.4039494693
70.2 -151.2 2488.4 -0.5362993479 0.2428933531 -0.8083228469 0.7805510759 0.5071039200 -0.3654936254 0.3211277425 -0.8269512653 -0.4615501761
178.6 -308.8 2423.5 -0.9149579406 0.2428933531 0.3222651184 -0.1634428650 0.5071039200 -0.8462458253 -0.3689694107 -0.8269512653 -0.4242795706
176.8 -185.7 2736.9 0.7577766180 0.4413402379 -0.4806176722 -0.5340578556 0.8426918983 -0.0682095289 0.3749090135 0.3083652556 0.8742734790
374.1 -324.8 2834.5 0.2137377411 0.4413402379 0.8715130091 0.2350321412 0.8426918983 -0.4843864441 -0.9481962323 0.3083652556 0.0763859153
29.8 -538.0 2500.5 0.7690296769 -0.6383119226 0.0339305438 0.0369254649 -0.0086311381 -0.9992807508 0.6381456852 0.7697294354 0.0169323646
255.0 -534.9 2229.0 0.7690296769 -0.0650100932 -0.6358986497 0.0369254649 0.9976716638 -0.0573392436 0.6381456852 0.0206147265 0.7696396112
106.8 -564.9 2659.6 0.3522740901 -0.8649492264 -0.3574434817 -0.1003799066 0.3448039889 -0.9332920909 0.9304981828 0.3646547794 0.0346419886
442.3 -698.6 2518.2 0.3522740901 -0.5555025339 -0.7532064319 -0.1003799066 0.7777276635 -0.6205349565 0.9304981828 0.2942051888 0.2182120085
392.2 -270.7 2509.6 0 0 0 0 0 0 0 0 0
428.2 -265.3 2594.4 0 0 0 0 0 0 0 0 0
271.6 -789.7 2223.7 0 0 0 0 0 0 0 0 0
587.5 -902.0 2441.2 0 0 0 0 0 0 0 0 0
151.2 24.2 2623.8 17 0.3807393610 0.1487270743 -0.9126433134 -0.1094243824 0.9872920513 0.1152420565 0.9181850553 0.0559882447 0.3921753168
121.8 -170.8 2612.7 0.3807393610 0.1487270743 -0.9126433134 -0.1094243824 0.9872920513 0.1152420565 0.9181850553 0.0559882447 0.3921753168
92.5 -362.3 2601.9 0.3806953132 0.1507714540 -0.9123261571 -0.1097146794 0.9870135784 0.1173326001 0.9181687236 0.0554275997 0.3922932744
69.9 -155.9 2487.4 -0.5857511759 0.2184262723 -0.7805033922 0.7525164485 0.5042333603 -0.4236362875 0.3010225594 -0.8354870677 -0.4597246647
191.3 -311.9 2425.0 -0.9272726178 0.2184262723 0.3040648401 -0.1595254093 0.5042333603 -0.8487051129 -0.3386991322 -0.8354870677 -0.4327172637
173.8 -185.7 2738.0 0.7509278655 0.4430084825 -0.4897457063 -0.5298653245 0.8468089700 -0.0464466885 0.3941447735 0.2943773866 0.8706272840
369.5 -323.9 2840.7 0.2246224731 0.4430084825 0.8679217696 0.2130416781 0.8468089700 -0.4873682261 -0.9508722425 0.2943773866 0.0958330557
