153.7 33.7 2653.9  0.3727980554 0.1449899226 -0.9165148735 -0.1748311967 0.9810020328 0.0840779394 0.9112933874 0.1288913041 0.3910644054
125.3 -158.5 2628.6 0.3727980554 0.1449899226 -0.9165148735 -0.1748311967 0.9810020328 0.0840779394 0.9112933874 0.1288913041 0.3910644054
98.3 -349.3 2605.6 0.3744829893 0.1391972303 -0.9167260528 -0.1631859541 0.9831299782 0.0826185793 0.9127610922 0.1186575592 0.3908804655
74.2 -136.2 2504.0 -0.7116658092 0.2200222313 -0.6671746373 0.6814385653 0.4470956624 -0.5794367790 0.1708019078 -0.8670038581 -0.4681143165
242.2 -297.1 2463.6 -0.9196384549 0.2200222313 0.3253542185 -0.2013656944 0.4470956624 -0.8715258837 -0.3372195065 -0.8670038581 -0.3668614328
176.5 -180.7 2753.3 0.9018574357 0.3694026768 -0.2240420282 -0.4300847352 0.7184355855 -0.5466969013 -0.0409915298 0.5893996954 0.8068009019
392.5 -283.8 2743.5 0.8509393334 0.3694026768 0.3734219372 -0.0066444124 0.7184355855 -0.6955617666 -0.5252220035 0.5893996954 0.6137995124
38.7 -529.6 2504.0 0.7903931737 -0.6117218733 0.0327872410 0.0539924949 0.0162495710 -0.9984090924 0.6102159023 0.7909060121 0.0458719395
251.3 -535.2 2229.0 0.7903931737 -0.0868664980 -0.6064097881 0.0539924949 0.9959211946 -0.0722892135 0.6102159023 0.0243953206 0.7918594480
104.4 -557.2 2668.3 0.4169516265 -0.8600834608 -0.2939521074 0.0090212002 0.3273049891 -0.9448757172 0.9088839293 0.3913156390 0.1442293227
438.1 -684.2 2516.5 0.4169516265 -0.5260910988 -0.7412014008 0.0090212002 0.8178221583 -0.5754003525 0.9088839293 0.2332275808 0.3457382321
481.5 -244.7 2551.4 0 0 0 0 0 0 0 0 0
630.0 -285.6 2596.9 0 0 0 0 0 0 0 0 0
273.5 -789.9 2222.8 0 0 0 0 0 0 0 0 0
634.4 -989.3 2429.4 0 0 0 0 0 0 0 0 0
149.4 31.9 2644.9  0.3963398635 0.1242477968 -0.9096577168 -0.1477656513 0.9865162373 0.0703638718 0.9061346650 0.1065281630 0.4093552530
125.0 -161.9 2624.0 0.3963398635 0.1242477968 -0.9096577168 -0.1477656513 0.9865162373 0.0703638718 0.9061346650 0.1065281630 0.4093552530
100.2 -353.4 2604.4 0.3968031108 0.1278418452 -0.9089574814 -0.1441396922 0.9866465330 0.0758447200 0.9065158963 0.1009214371 0.4099314809
70.8 -142.3 2500.2 -0.7154958248 0.2074723691 -0.6670988798 0.6814014316 0.4179248512 -0.6008585095 0.1541356742 -0.8844738603 -0.4403954744
239.4 -302.9 2463.9 -0.9217125773 0.2074723691 0.3277211785 -0.2193844616 0.4179248512 -0.8815947175 -0.3198693693 -0.8844738603 -0.3396903872
179.2 -181.6 2747.8 0.9066399336 0.3723558784 -0.1983812451 -0.4183262587 0.7322593331 -0.5374006033 -0.0548377633 0.5702169538 0.8196617961
396.3 -281.8 2734.6 0.8391125202 0.3723558784 0.3965366483 -0.0031130232 0.7322593331 -0.6810187697 -0.5439490080 0.5702169538 0.6156070828
37.7 -525.5 2500.8 0.7845081687 -0.6198361516 0.0187098589 0.0486065671 0.0313852876 -0.9983247519 0.6182105541 0.7841033936 0.0547501221
255.0 -536.5 2225.9 0.7845081687 -0.0696259663 -0.6161972880 0.0486065671 0.9975237846 -0.0508299917 0.6182105541 0.0099253096 0.7859498858
104.8 -554.7 2664.3 0.4280751646 -0.8583827615 -0.2827201188 0.0466883592 0.3334194720 -0.9416218400 0.9025363326 0.3898851871 0.1828050762
437.9 -684.1 2513.0 0.4280751646 -0.5299950838 -0.7320224643 0.0466883592 0.8218770027 -0.5677485466 0.9025363326 0.2088621110 0.3765697479
478.4 -246.0 2546.8 0 0 0 0 0 0 0 0 0
630.5 -282.7 2582.8 0 0 0 0 0 0 0 0 0
272.7 -789.6 2223.4 0 0 0 0 0 0 0 0 0
635.7 -990.7 2435.1 0 0 0 0 0 0 0 0 0
150.0 28.7 2640.9  0.4177990258 0.1358843446 -0.8983203173 -0.1526520848 0.9851948619 0.0780285820 0.8956234455 0.1045302004 0.4323564768
123.3 -164.8 2620.4 0.4177990258 0.1358843446 -0.8983203173 -0.1526520848 0.9851948619 0.0780285820 0.8956234455 0.1045302004 0.4323564768
97.9 -356.1 2600.1 0.4180608988 0.1308263838 -0.8989491463 -0.1507167667 0.9858496785 0.0733816400 0.8958289623 0.1048087105 0.4318629503
66.2 -144.2 2498.1 -0.7323769927 0.2123035043 -0.6469552517 0.6708580256 0.3875612319 -0.6322545409 0.1165049225 -0.8970638514 -0.4262664616
243.1 -306.2 2470.0 -0.9202518463 0.2123035043 0.3287305832 -0.2295184731 0.3875612319 -0.8928143978 -0.3169508576 -0.8970638514 -0.3079263568
180.4 -185.4 2742.7 0.9048313498 0.3861490190 -0.1793576330 -0.4183457494 0.7279950976 -0.5431482196 -0.0791646838 0.5664910674 0.8202565908
397.1 -285.5 2723.8 0.8260021806 0.3861490190 0.4106206894 0.0004838475 0.7279950976 -0.6855822206 -0.5636667609 0.5664910674 0.6011386514
39.9 -532.0 2503.6 0.7920398712 -0.6097534299 0.0295568034 0.0502500981 0.0168671925 -0.9985942245 0.6083977222 0.7924116850 0.0439996570
252.5 -537.9 2227.3 0.7920398712 -0.0770209655 -0.6055911183 0.0502500981 0.9968681931 -0.0610637590 0.6083977222 0.0179339182 0.7934296727
110.9 -557.8 2665.9 0.4491967857 -0.8490781188 -0.2780083418 0.0743242949 0.3456034064 -0.9354326129 0.8903359771 0.3995305598 0.2183510810
440.5 -691.9 2510.9 0.4491967857 -0.5407258868 -0.7112227678 0.0743242949 0.8159130812 -0.5733774304 0.8903359771 0.2046981752 0.4066946208
479.4 -247.3 2551.3 0 0 0 0 0 0 0 0 0
627.6 -285.4 2566.5 0 0 0 0 0 0 0 0 0
271.8 -786.9 2222.8 0 0 0 0 0 0 0 0 0
642.3 -996.4 2434.5 0 0 0 0 0 0 0 0 0
149.0 28.9 2648.5  0.4024993777 0.1251171231 -0.9068295956 -0.1639894396 0.9844458103 0.0630387291 0.9006118774 0.1233374327 0.4167567194
124.5 -163.4 2624.4 0.4024993777 0.1251171231 -0.9068295956 -0.1639894396 0.9844458103 0.0630387291 0.9006118774 0.1233374327 0.4167567194
99.8 -354.6 2602.1 0.4033422470 0.1276212931 -0.9061058760 -0.1574209481 0.9851405025 0.0686789379 0.9014065266 0.1149389297 0.4174390435
69.4 -141.9 2501.3 -0.7194237113 0.2112236619 -0.6616752148 0.6827058196 0.3903783560 -0.6176710129 0.1278369427 -0.8960967064 -0.4250510633
243.3 -307.0 2470.4 -0.9273729920 0.2112236619 0.3088103533 -0.2096071243 0.3903783560 -0.8964762092 -0.3099098802 -0.8960967064 -0.3177523613
179.6 -184.9 2747.5 0.9066238403 0.3756184280 -0.1922082454 -0.4165161550 0.7239139080 -0.5499662757 -0.0674352497 0.5786703825 0.8127687573
396.8 -284.7 2731.3 0.8352603912 0.3756184280 0.4015604854 0.0061135371 0.7239139080 -0.6898632050 -0.5498205423 0.5786703825 0.6023603082
35.1 -534.0 2499.5 0.7797873616 -0.6252733469 0.0310640540 0.0457588099 0.0074391235 -0.9989247918 0.6243699789 0.7803703547 0.0344126970
253.4 -536.6 2227.0 0.7797873616 -0.0729010850 -0.6217854619 0.0457588099 0.9971773624 -0.0595272370 0.6243699789 0.0179664232 0.7809221148
110.0 -561.0 2659.9 0.4486975372 -0.8551522493 -0.2595864832 0.0984324291 0.3359905183 -0.9367077351 0.8882463574 0.3947467506 0.2349328399
441.9 -691.4 2506.7 0.4486975372 -0.5390740633 -0.7127900720 0.0984324291 0.8225445747 -0.5601173639 0.8882463574 0.1811616272 0.4221360981
480.2 -253.4 2549.5 0 0 0 0 0 0 0 0 0
629.9 -283.0 2577.8 0 0 0 0 0 0 0 0 0
271.7 -787.2 2222.5 0 0 0 0 0 0 0 0 0
643.0 -998.3 2439.1 0 0 0 0 0 0 0 0 0
150.3 28.8 2642.7  0.3878123760 0.1333691031 -0.9120385051 -0.1460386664 0.9858689904 0.0820676386 0.9100957513 0.1013660431 0.4018092155
124.1 -165.0 2622.8 0.3878123760 0.1333691031 -0.9120385051 -0.1460386664 0.9858689904 0.0820676386 0.9100957513 0.1013660431 0.4018092155
98.1 -356.4 2603.8 0.3882467747 0.1338325292 -0.9117857814 -0.1428326666 0.9861815572 0.0839329287 0.9104192853 0.0976461023 0.4019974470
71.1 -145.6 2498.5 -0.7121716142 0.1977083683 -0.6735896468 0.6873463988 0.3914453089 -0.6118214726 0.1427112669 -0.8987112641 -0.4146703780
239.6 -308.2 2464.7 -0.9360783696 0.1977083683 0.2909788787 -0.1967517585 0.3914453089 -0.8989211917 -0.2916265428 -0.8987112641 -0.3275240064
177.1 -184.5 2747.1 0.9042230844 0.3724285960 -0.2089918405 -0.4246565104 0.7322595119 -0.5324122906 -0.0452492982 0.5701692104 0.8202801943
393.7 -286.2 2736.3 0.8436298370 0.3724285960 0.3867629766 -0.0110875266 0.7322595119 -0.6809354424 -0.5368106961 0.5701692104 0.6218852997
38.9 -531.8 2499.0 0.7870958447 -0.6159625053 0.0327156298 0.0525202230 0.0140775125 -0.9985206127 0.6145907044 0.7876496911 0.0434308387
247.8 -536.5 2231.9 0.7870958447 -0.0933527723 -0.6097256541 0.0525202230 0.9950343370 -0.0845474824 0.6145907044 0.0345240496 0.7880903482
111.1 -560.0 2660.5 0.4413841963 -0.8517574668 -0.2822928131 0.0723262057 0.3473428488 -0.9349448681 0.8943986297 0.3922527134 0.2149160206
441.8 -694.8 2508.2 0.4413841963 -0.5455596447 -0.7124217153 0.0723262057 0.8129924536 -0.5777648687 0.8943986297 0.2034895271 0.3983002603
477.2 -258.3 2538.7 0 0 0 0 0 0 0 0 0
629.1 -289.3 2586.4 0 0 0 0 0 0 0 0 0
271.4 -788.3 2223.1 0 0 0 0 0 0 0 0 0
645.3 -998.1 2432.3 0 0 0 0 0 0 0 0 0
150.4 29.5 2639.8  0.3779752851 0.1339812130 -0.9160697460 -0.1367352903 0.9867006540 0.0878937319 0.9156627059 0.0920373946 0.3912684023
124.1 -164.4 2621.8 0.3779752851 0.1339812130 -0.9160697460 -0.1367352903 0.9867006540 0.0878937319 0.9156627059 0.0920373946 0.3912684023
97.1 -355.9 2604.8 0.3782879412 0.1389524043 -0.9151996970 -0.1344749629 0.9864309430 0.0941834748 0.9158682823 0.0874429792 0.3918405175
72.4 -146.1 2496.7 -0.6974945664 0.2160507888 -0.6832447052 0.6981933713 0.4195540249 -0.5800865889 0.1613299102 -0.8816441894 -0.4434818923
235.1 -309.0 2459.0 -0.9322392344 0.2160507888 0.2902621329 -0.1797977239 0.4195540249 -0.8897455931 -0.3140108883 -0.8816441894 -0.3522792757
175.8 -182.8 2746.8 0.9019908309 0.3712621033 -0.2204019874 -0.4306247234 0.7366652489 -0.5214275718 -0.0312238075 0.5652334094 0.8243398666
391.8 -285.9 2739.4 0.8488285542 0.3712621033 0.3763702512 -0.0225178245 0.7366652489 -0.6758826375 -0.5281884670 0.5652334094 0.6336624622
37.3 -535.0 2503.3 0.7875138521 -0.6149337292 0.0409680866 0.0535068810 0.0019971158 -0.9985654950 0.6139698029 0.7885762453 0.0344759449
248.7 -535.7 2232.3 0.7875138521 -0.0958205089 -0.6088023782 0.0535068810 0.9947396517 -0.0873502642 0.6139698029 0.0362144299 0.7884983420
106.9 -560.6 2666.4 0.4603757262 -0.8514064550 -0.2513189614 0.1043155715 0.3330284655 -0.9371287823 0.8815738559 0.4052148461 0.2421331704
437.3 -689.9 2509.1 0.4603757262 -0.5498734713 -0.6969170570 0.1043155715 0.8131308556 -0.5726574063 0.8815738559 0.1909382492 0.4317060709
471.1 -263.5 2538.5 0 0 0 0 0 0 0 0 0
628.8 -292.2 2591.9 0 0 0 0 0 0 0 0 0
273.3 -791.0 2223.0 0 0 0 0 0 0 0 0 0
642.5 -993.3 2437.9 0 0 0 0 0 0 0 0 0
151.2 30.0 2639.4  0.3629755378 0.1361396611 -0.9217997193 -0.1227622628 0.9876329303 0.0975226089 0.9236764312 0.0777639002 0.3751994073
124.4 -164.5 2624.1 0.3629755378 0.1361396611 -0.9217997193 -0.1227622628 0.9876329303 0.0975226089 0.9236764312 0.0777639002 0.3751994073
96.7 -356.1 2610.0 0.3633074760 0.1423497945 -0.9207302928 -0.1204085946 0.9871445894 0.1051062271 0.9238557816 0.0726779625 0.3757771254
74.7 -148.1 2497.9 -0.6852590442 0.2275548428 -0.6918373108 0.7074543834 0.4336237311 -0.5581027865 0.1729980558 -0.8718883395 -0.4581292570
231.2 -309.6 2458.4 -0.9161242843 0.2275548428 0.3300531209 -0.2081508785 0.4336237311 -0.8767232895 -0.3426215053 -0.8718883395 -0.3498874903
174.0 -181.0 2750.3 0.9002963305 0.3659148216 -0.2357390225 -0.4351696670 0.7445867658 -0.5061797500 -0.0096905259 0.5582982302 0.8295837045
389.6 -285.2 2747.9 0.8568581343 0.3659148216 0.3631811142 -0.0354369581 0.7445867658 -0.6665844321 -0.5143329501 0.5582982302 0.6509720683
36.2 -535.3 2505.8 0.7881624699 -0.6141927838 0.0395871960 0.0477898866 -0.0030537387 -0.9988527298 0.6136090159 0.7891501188 0.0269453600
249.6 -534.2 2231.6 0.7881624699 -0.0889370292 -0.6090074778 0.0477898866 0.9953603148 -0.0835099667 0.6136090159 0.0367150269 0.7887559533
104.0 -559.4 2669.8 0.4701078832 -0.8511888981 -0.2334010601 0.1160616949 0.3217658997 -0.9396788478 0.8749447465 0.4146614969 0.2500551045
434.4 -684.3 2508.9 0.4701078832 -0.5460594893 -0.6934101582 0.1160616949 0.8170610666 -0.5647485852 0.8749447465 0.1850143820 0.4474834204
460.8 -257.4 2544.3 0 0 0 0 0 0 0 0 0
628.8 -295.1 2604.4 0 0 0 0 0 0 0 0 0
272.4 -789.4 2222.2 0 0 0 0 0 0 0 0 0
638.2 -989.2 2439.8 0 0 0 0 0 0 0 0 0
148.2 28.9 2648.7  0.3530116975 0.1268772781 -0.9269762039 -0.1447240263 0.9862428308 0.0798753202 0.9243580103 0.1059588119 0.3665174544
123.3 -164.8 2627.9 0.3530116975 0.1268772781 -0.9269762039 -0.1447240263 0.9862428308 0.0798753202 0.9243580103 0.1059588119 0.3665174544
96.8 -356.2 2609.6 0.3539936543 0.1366778761 -0.9252068400 -0.1373753250 0.9861324430 0.0931170136 0.9251034856 0.0941377580 0.3678608239
74.9 -146.0 2501.5 -0.7047699690 0.2355037630 -0.6692064404 0.6909464598 0.4418107271 -0.5721855164 0.1609107256 -0.8656449914 -0.4740954340
240.4 -308.3 2463.8 -0.9171788692 0.2355037630 0.3214356303 -0.1935532987 0.4418107271 -0.8759796619 -0.3483102322 -0.8656449914 -0.3596369326
171.7 -183.5 2754.2 0.9024598598 0.3562830389 -0.2421334684 -0.4306855798 0.7348634601 -0.5239137411 -0.0087265391 0.5770944953 0.8166307211
387.8 -286.7 2752.1 0.8624975681 0.3562830389 0.3593889177 -0.0210949518 0.7348634601 -0.6778869033 -0.5056213737 0.5770944953 0.6413336992
36.5 -536.9 2513.1 0.7942554951 -0.6061336994 0.0419544578 0.0424515344 -0.0135208331 -0.9990070462 0.6060990691 0.7952478528 0.0149923097
249.8 -532.2 2233.2 0.7942554951 -0.0871160775 -0.6013060808 0.0424515344 0.9952057600 -0.0881099552 0.6060990691 0.0444554500 0.7941458225
101.6 -558.5 2678.6 0.4853003621 -0.8471829295 -0.2162512094 0.1201009378 0.3095743954 -0.9432600141 0.8660596609 0.4317924678 0.2519840300
430.4 -678.6 2511.0 0.4853003621 -0.5461180806 -0.6828166842 0.1201009378 0.8151783943 -0.5666215420 0.8660596609 0.1929747313 0.4611956775
471.8 -259.4 2551.6 0 0 0 0 0 0 0 0 0
628.6 -292.6 2611.0 0 0 0 0 0 0 0 0 0
272.5 -791.3 2221.6 0 0 0 0 0 0 0 0 0
634.2 -982.9 2439.0 0 0 0 0 0 0 0 0 0
151.8 27.6 2643.3  0.3757403791 0.1445160061 -0.9153875113 -0.1457881331 0.9846845865 0.0956143588 0.9151857495 0.0975264609 0.3910544813
123.4 -165.9 2624.2 0.3757403791 0.1445160061 -0.9153875113 -0.1457881331 0.9846845865 0.0956143588 0.9151857495 0.0975264609 0.3910544813
95.5 -357.1 2606.6 0.3766890466 0.1438973248 -0.9150950313 -0.1393079907 0.9854263663 0.0976121798 0.9158049226 0.0907106102 0.3912453651
71.9 -146.9 2499.1 -0.7075326443 0.1726573110 -0.6852641702 0.6906701326 0.3741914332 -0.6188340187 0.1495737582 -0.9111368060 -0.3840019107
238.9 -309.9 2463.8 -0.9339137077 0.1726573110 0.3130408823 -0.2317957580 0.3741914332 -0.8979150653 -0.2721688151 -0.9111368060 -0.3094412982
174.8 -184.9 2749.2 0.8997409344 0.3745472133 -0.2240102887 -0.4352723956 0.7328664660 -0.5229194164 -0.0316883773 0.5679975152 0.8224200010
390.3 -289.2 2741.6 0.8492141366 0.3745472133 0.3722226620 -0.0252198502 0.7328664660 -0.6799049377 -0.5274459720 0.5679975152 0.6318066120
38.5 -535.2 2508.5 0.7913122773 -0.6101632118 0.0390604399 0.0381361283 -0.0145048480 -0.9991672635 0.6102216840 0.7921429873 0.0117913987
250.3 -530.2 2233.6 0.7913122773 -0.0815624073 -0.6059475541 0.0381361283 0.9957168102 -0.0842242390 0.6102216840 0.0435391814 0.7910333872
102.0 -559.8 2674.2 0.4572612345 -0.8555541039 -0.2427743077 0.0724279508 0.3079033792 -0.9486567974 0.8863782287 0.4162003398 0.2027583122
434.0 -679.3 2512.7 0.4572612345 -0.5328941345 -0.7119944096 0.0724279508 0.8202490807 -0.5674025416 0.8863782287 0.2078828812 0.4136645496
472.7 -251.9 2531.9 0 0 0 0 0 0 0 0 0
627.3 -296.2 2594.4 0 0 0 0 0 0 0 0 0
271.5 -789.5 2222.3 0 0 0 0 0 0 0 0 0
632.9 -985.4 2435.1 0 0 0 0 0 0 0 0 0
151.2 27.4 2649.1  0.3748373091 0.1463052034 -0.9154735208 -0.1638463289 0.9823799133 0.0899114758 0.9124973416 0.1162948087 0.3922041953
122.6 -164.5 2626.4 0.3748373091 0.1463052034 -0.9154735208 -0.1638463289 0.9823799133 0.0899114758 0.9124973416 0.1162948087 0.3922041953
94.5 -355.5 2605.8 0.3763132691 0.1444963664 -0.9151552320 -0.1538668722 0.9837933183 0.0920635313 0.9136264324 0.1061673462 0.3924477100
71.2 -143.5 2501.6 -0.6974486113 0.1588946134 -0.6987974644 0.6991154552 0.3651529551 -0.6147364378 0.1574896723 -0.9172872305 -0.3657611012
238.2 -311.0 2463.9 -0.9330841303 0.1588946134 0.3226553202 -0.2480929941 0.3651529551 -0.8972809911 -0.2603916526 -0.9172872305 -0.3012978137
174.0 -185.6 2751.2 0.8995142579 0.3747984171 -0.2244999111 -0.4352130294 0.7237088084 -0.5355699658 -0.0382582173 0.5794581175 0.8141035438
389.5 -289.8 2742.0 0.8493698239 0.3747984171 0.3716140687 -0.0175125208 0.7237088084 -0.6898832321 -0.5275074840 0.5794581175 0.6212601066
33.8 -535.9 2507.0 0.7835814953 -0.6202262044 0.0363254845 0.0361795947 -0.0128163835 -0.9992631078 0.6202347279 0.7843183279 0.0123968525
253.3 -531.4 2229.5 0.7835814953 -0.0688873380 -0.6174581647 0.0361795947 0.9972069263 -0.0653408840 0.6202347279 0.0288605206 0.7838851810
101.3 -560.9 2671.0 0.4643497765 -0.8577729464 -0.2204650939 0.1081069857 0.3019648492 -0.9471695423 0.8790290952 0.4159841239 0.2329485565
434.2 -678.1 2509.5 0.4643497765 -0.5286798477 -0.7105469108 0.1081069857 0.8301224113 -0.5470005870 0.8790290952 0.1771845073 0.4426211417
471.7 -248.9 2529.1 0 0 0 0 0 0 0 0 0
626.6 -294.7 2594.8 0 0 0 0 0 0 0 0 0
271.1 -789.1 2222.0 0 0 0 0 0 0 0 0 0
631.5 -987.8 2443.4 0 0 0 0 0 0 0 0 0
160.1 19.4 2641.2  0.4338909388 0.1737614125 -0.8840506673 -0.1638574153 0.9800808430 0.1122152582 0.8859398365 0.0961690843 0.4537203014
126.1 -172.2 2622.4 0.4338909388 0.1737614125 -0.8840506673 -0.1638574153 0.9800808430 0.1122152582 0.8859398365 0.0961690843 0.4537203014
92.6 -362.5 2604.7 0.4345761538 0.1732838750 -0.8838078380 -0.1599863321 0.9805622101 0.1135873497 0.8863114119 0.0920348167 0.4538519979
66.9 -150.2 2501.6 -0.6898387074 0.1801206172 -0.7011983395 0.6992096901 0.4168664813 -0.5807995796 0.1876921207 -0.8909426928 -0.4135127366
226.2 -311.7 2458.2 -0.9256767631 0.1801206172 0.3326846957 -0.2345055640 0.4168664813 -0.8781967163 -0.2968664169 -0.8909426928 -0.3436443508
185.3 -194.1 2743.2 0.8844650388 0.4300147593 -0.1811323613 -0.4562739730 0.7158146501 -0.5286051631 -0.0976508334 0.5501787663 0.8293175697
396.8 -303.2 2719.8 0.8105176091 0.4300147593 0.3976789713 -0.0376543589 0.7158146501 -0.6972743869 -0.5845026970 0.5501787663 0.5963723063
32.8 -532.6 2503.4 0.7825005651 -0.6216097474 0.0359752513 0.0476144366 0.0021298821 -0.9988635182 0.6208266616 0.7833241820 0.0312642306
247.6 -533.4 2232.7 0.7825005651 -0.0945964307 -0.6154221296 0.0476144366 0.9945887327 -0.0923369825 0.6208266616 0.0429507606 0.7827703953
100.2 -560.2 2667.1 0.4428765178 -0.8607951999 -0.2507828176 0.0714734942 0.3127153516 -0.9471539855 0.8937292099 0.4015479386 0.2000183314
434.3 -681.6 2511.2 0.4428765178 -0.5369166732 -0.7180395722 0.0714734942 0.8194563389 -0.5686675906 0.8937292099 0.2005287260 0.4012932777
458.3 -252.9 2532.6 0 0 0 0 0 0 0 0 0
622.5 -313.7 2557.1 0 0 0 0 0 0 0 0 0
271.8 -787.7 2221.7 0 0 0 0 0 0 0 0 0
634.6 -987.3 2436.4 0 0 0 0 0 0 0 0 0
151.5 23.1 2648.1  0.4523795843 0.1076575220 -0.8853036761 -0.1732698232 0.9843811393 0.0311670490 0.8748315573 0.1392970681 0.4639677107
129.4 -178.4 2619.6 0.4523795843 0.1076575220 -0.8853036761 -0.1732698232 0.9843811393 0.0311670490 0.8748315573 0.1392970681 0.4639677107
92.2 -368.0 2602.1 0.4528229833 0.1919730157 -0.8706880808 -0.1703671664 0.9771817923 0.1268495321 0.8751721978 0.0908962712 0.4751962423
67.7 -155.0 2500.2 -0.6686534286 0.1756727844 -0.7225245237 0.7083445191 0.4460367560 -0.5470824838 0.2261649817 -0.8776048422 -0.4226808548
216.4 -312.6 2449.9 -0.9241703749 0.1756727844 0.3391875029 -0.2324308604 0.4460367560 -0.8643072844 -0.3031253517 -0.8776048422 -0.3713821769
191.2 -201.7 2739.0 0.8742115498 0.4549197555 -0.1697122008 -0.4703916013 0.7068664432 -0.5282722712 -0.1203576177 0.5416528583 0.8319412470
400.3 -314.3 2710.2 0.7955465913 0.4549197555 0.4001920223 -0.0492489301 0.7068664432 -0.7056304812 -0.6038875580 0.5416528583 0.5847495198
20.2 -538.3 2507.8 0.7683454156 -0.6383113861 0.0469454862 0.0478265844 -0.0158833079 -0.9987293482 0.6382459402 0.7696143985 0.0183243845
247.8 -532.7 2233.4 0.7683454156 -0.0971712247 -0.6326160431 0.0478265844 0.9943612814 -0.0946481973 0.6382459402 0.0424666442 0.7686603069
97.9 -567.1 2666.2 0.4233519137 -0.8718686700 -0.2462076247 0.0452652015 0.2917793989 -0.9554139376 0.9048337936 0.3933316767 0.1629906744
436.3 -680.3 2513.6 0.4233519137 -0.5137959123 -0.7461815476 0.0452652015 0.8345987201 -0.5489954948 0.9048337936 0.1986422241 0.3765860498
448.5 -254.2 2526.0 0 0 0 0 0 0 0 0 0
622.1 -328.0 2541.8 0 0 0 0 0 0 0 0 0
273.0 -791.1 2222.4 0 0 0 0 0 0 0 0 0
627.9 -991.7 2439.5 0 0 0 0 0 0 0 0 0
150.3 25.8 2643.5  0.3928757906 0.1326989084 -0.9099668264 -0.1606878042 0.9842160344 0.0741500109 0.9054435492 0.1170888245 0.4079977572
123.7 -171.6 2620.0 0.3928757906 0.1326989084 -0.9099668264 -0.1606878042 0.9842160344 0.0741500109 0.9054435492 0.1170888245 0.4079977572
87.7 -361.5 2602.9 0.3935191035 0.1853165030 -0.9004446268 -0.1567172110 0.9786577821 0.1329234689 0.9058600664 0.0888072476 0.4141628146
70.1 -150.1 2496.7 -0.6696594357 0.1763887256 -0.7214174867 0.7131134868 0.4240251780 -0.5582757592 0.2074256390 -0.8883072138 -0.4097376466
222.7 -312.6 2449.4 -0.9275862575 0.1763887256 0.3293489814 -0.2303528339 0.4240251780 -0.8758653998 -0.2941450477 -0.8883072138 -0.3526882827
177.2 -193.0 2743.4 0.8802237511 0.4177661836 -0.2251168191 -0.4713835418 0.7149137259 -0.5164261460 -0.0548062623 0.5606868863 0.8262121081
387.5 -305.6 2730.3 0.8341273665 0.4177661836 0.3601429462 -0.0571778752 0.7149137259 -0.6968709230 -0.5486001968 0.5606868863 0.6202160716
14.5 -542.3 2506.3 0.7570307255 -0.6512092352 0.0532069169 0.0442706943 -0.0301228929 -0.9985653162 0.6518777609 0.7583001256 0.0060255304
247.7 -531.5 2234.7 0.7570307255 -0.0938283652 -0.6466071010 0.0442706943 0.9947268367 -0.0925126299 0.6518777609 0.0414091572 0.7571926117
95.5 -572.9 2662.8 0.4194267988 -0.8763901591 -0.2366884500 0.0529630259 0.2839106619 -0.9573869109 0.9062428474 0.3890179694 0.1654960215
435.7 -683.1 2511.8 0.4194267988 -0.5302886367 -0.7368006110 0.0529630259 0.8245549202 -0.5632975698 0.9062428474 0.1972388923 0.3739261329
456.9 -254.5 2523.6 0 0 0 0 0 0 0 0 0
619.7 -321.5 2577.6 0 0 0 0 0 0 0 0 0
272.3 -792.3 2223.9 0 0 0 0 0 0 0 0 0
633.5 -990.8 2438.3 0 0 0 0 0 0 0 0 0
149.1 28.7 2640.2  0.3807271123 0.1218852550 -0.9166192412 -0.1421599090 0.9872052670 0.0722237080 0.9136943817 0.1028089821 0.3931830227
124.8 -168.1 2619.7 0.3807271123 0.1218852550 -0.9166192412 -0.1421599090 0.9872052670 0.0722237080 0.9136943817 0.1028089821 0.3931830227
95.4 -359.1 2603.2 0.3812403083 0.1516522914 -0.9119525552 -0.1384604424 0.9846934676 0.1058655083 0.9140484333 0.0859091505 0.3964026868
72.9 -149.1 2495.1 -0.6663203835 0.1937145591 -0.7200638056 0.7212210298 0.4126560986 -0.5563768148 0.1893604398 -0.8900503516 -0.4146721661
223.6 -312.2 2452.2 -0.9315603971 0.1937145591 0.3076847196 -0.2071621120 0.4126560986 -0.8870167732 -0.2987960279 -0.8900503516 -0.3442837596
176.8 -187.0 2744.4 0.8961877823 0.3834391534 -0.2232080996 -0.4422655106 0.7319872975 -0.5182623267 -0.0353365690 0.5631775856 0.8255800009
391.0 -292.7 2736.0 0.8456263542 0.3834391534 0.3713360429 -0.0330795422 0.7319872975 -0.6805147529 -0.5327492952 0.5631775856 0.6316717267
16.6 -537.4 2504.9 0.7606536746 -0.6468948126 0.0541587323 0.0555003062 -0.0183177311 -0.9982905984 0.6467810869 0.7623592019 0.0219694097
249.7 -530.8 2230.2 0.7606536746 -0.0908302814 -0.6427720189 0.0555003062 0.9956367016 -0.0750148520 0.6467810869 0.0213862769 0.7623758316
86.9 -565.5 2666.7 0.3845282197 -0.8837628365 -0.2666483521 -0.0050451346 0.2868413627 -0.9579648376 0.9230994582 0.3697097600 0.1058398932
429.9 -676.8 2523.2 0.3845282197 -0.5387390852 -0.7495986819 -0.0050451346 0.8107947111 -0.5853089094 0.9230994582 0.2288496196 0.3090554178
457.5 -260.2 2527.3 0 0 0 0 0 0 0 0 0
626.7 -302.0 2587.5 0 0 0 0 0 0 0 0 0
273.3 -789.5 2224.6 0 0 0 0 0 0 0 0 0
630.8 -979.2 2437.9 0 0 0 0 0 0 0 0 0
150.9 34.5 2649.1  0.3718319535 0.1285719275 -0.9193531871 -0.1534374803 0.9852522016 0.0757302195 0.9155315161 0.1129043177 0.3860759735
125.4 -160.5 2626.8 0.3718319535 0.1285719275 -0.9193531871 -0.1534374803 0.9852522016 0.0757302195 0.9155315161 0.1129043177 0.3860759735
97.1 -351.5 2608.0 0.3729474545 0.1459743083 -0.9162977934 -0.1454340070 0.9845370054 0.0976515040 0.9163837433 0.0968419835 0.3884102106
74.5 -140.6 2501.7 -0.6314382553 0.2271733880 -0.7414026856 0.7415688038 0.4563547969 -0.4917479157 0.2266306430 -0.8603095412 -0.4566245973
222.0 -313.8 2448.7 -0.9092510939 0.2271733880 0.3487902582 -0.2170030624 0.4563547969 -0.8629310131 -0.3552070856 -0.8603095412 -0.3656437993
176.3 -180.4 2751.8 0.8987274766 0.3742660880 -0.2285033762 -0.4374251962 0.7285801768 -0.5270959139 -0.0307911038 0.5736687183 0.8185084462
391.4 -285.1 2744.5 0.8510242701 0.3742660880 0.3683511019 -0.0241279639 0.7285801768 -0.6845354438 -0.5245717168 0.5736687183 0.6290697455
31.9 -537.7 2504.9 0.7835937142 -0.6186989546 0.0565018952 0.0602055043 -0.0148965232 -0.9980748296 0.6183495522 0.7854868770 0.0255762618
246.2 -532.5 2232.8 0.7835937142 -0.1007371992 -0.6130521297 0.0602055043 0.9944351315 -0.0864526033 0.6183495522 0.0308346041 0.7852980494
100.1 -562.5 2668.4 0.3769638538 -0.8732771873 -0.3086829782 -0.0401869528 0.3175344467 -0.9473947883 0.9253557324 0.3695386052 0.0846046582
438.9 -685.7 2525.0 0.3769638538 -0.5234108567 -0.7641592622 -0.0401869528 0.8150033951 -0.5780609846 0.9253557324 0.2486173213 0.2861925066
450.7 -259.2 2538.1 0 0 0 0 0 0 0 0 0
628.8 -291.8 2598.2 0 0 0 0 0 0 0 0 0
272.3 -789.6 2224.8 0 0 0 0 0 0 0 0 0
634.1 -989.7 2432.3 0 0 0 0 0 0 0 0 0
150.7 32.9 2654.5  0.3572044075 0.1286422759 -0.9251249433 -0.1569081396 0.9846586585 0.0763361230 0.9207523465 0.1178920344 0.3719094098
125.4 -160.4 2631.4 0.3572044075 0.1286422759 -0.9251249433 -0.1569081396 0.9846586585 0.0763361230 0.9207523465 0.1178920344 0.3719094098
98.3 -351.4 2610.8 0.3580929041 0.1398242265 -0.9231569171 -0.1503913403 0.9844506383 0.0907711014 0.9214944243 0.1063303202 0.3735531271
76.5 -139.8 2505.6 -0.6440906525 0.2696619034 -0.7158419490 0.7290464640 0.4997280538 -0.4677211642 0.2315997034 -0.8231368661 -0.5184662342
227.5 -310.7 2451.3 -0.8819836974 0.2696619034 0.3865063787 -0.2149222344 0.4997280538 -0.8390949368 -0.4194200337 -0.8231368661 -0.3827956617
174.3 -181.0 2757.2 0.9011213183 0.3612152040 -0.2397998571 -0.4331621528 0.7261474133 -0.5339293480 -0.0187333487 0.5850073099 0.8108116388
390.1 -284.7 2752.7 0.8598841429 0.3612152040 0.3607253730 -0.0166950468 0.7261474133 -0.6873363256 -0.5102161169 0.5850073099 0.6304331422
35.4 -529.5 2507.3 0.7887538671 -0.6139543056 0.0304544568 0.0480451211 0.0121812792 -0.9987708926 0.6128287315 0.7892475724 0.0391055420
248.2 -533.7 2233.8 0.7887538671 -0.0929945260 -0.6076342463 0.0480451211 0.9947929978 -0.0898805931 0.6128287315 0.0416998006 0.7891147733
102.2 -555.6 2671.3 0.4236517847 -0.8582798243 -0.2896116674 0.0272963978 0.3316725492 -0.9429996014 0.9054137468 0.3915981054 0.1639416218
435.1 -684.3 2519.4 0.4236517847 -0.5380780697 -0.7286913991 0.0272963978 0.8116685748 -0.5834800601 0.9054137468 0.2273017317 0.3585524559
450.1 -256.4 2557.2 0 0 0 0 0 0 0 0 0
630.0 -289.3 2610.4 0 0 0 0 0 0 0 0 0
272.1 -789.5 2223.1 0 0 0 0 0 0 0 0 0
635.8 -987.1 2434.6 0 0 0 0 0 0 0 0 0
149.2 31.3 2655.8  0.3270166814 0.1458005458 -0.9337035418 -0.1620950997 0.9820377827 0.0965765268 0.9310130477 0.1197666302 0.3447763026
120.7 -160.5 2632.4 0.3270166814 0.1458005458 -0.9337035418 -0.1620950997 0.9820377827 0.0965765268 0.9310130477 0.1197666302 0.3447763026
91.8 -351.3 2611.6 0.3286584914 0.1490845084 -0.9326078296 -0.1511544138 0.9830369949 0.1038779616 0.9322745800 0.1068274230 0.3456182182
75.9 -139.9 2505.1 -0.6737356186 0.2958889306 -0.6771484613 0.7136653066 0.4982830286 -0.4923371077 0.1917344928 -0.8149624467 -0.5468766689
235.2 -308.6 2459.7 -0.8521634936 0.2958889306 0.4315868020 -0.2477803081 0.4982830286 -0.8308543563 -0.4608929753 -0.8149624467 -0.3513031602
165.6 -181.1 2759.6 0.8956951499 0.3529649973 -0.2704550028 -0.4445661604 0.7238689661 -0.5276122093 0.0095453588 0.5928148627 0.8052822351
380.0 -287.6 2761.9 0.8743565083 0.3529649973 0.3330412209 -0.0296620708 0.7238689661 -0.6892995834 -0.4843768179 0.5928148627 0.6433892250
39.1 -529.0 2507.7 0.7934993505 -0.6078694463 0.0292155426 0.0436280854 0.0089366240 -0.9990078807 0.6070052385 0.7939867377 0.0336113833
252.3 -532.1 2229.3 0.7934993505 -0.0751816556 -0.6039093733 0.0436280854 0.9968140721 -0.0667704120 0.6070052385 0.0266348720 0.7942513227
103.2 -556.0 2672.7 0.4518179595 -0.8542976975 -0.2569747269 0.0676826537 0.3200480938 -0.9449805617 0.8895390034 0.4095664620 0.2024246156
434.7 -680.2 2513.8 0.4518179595 -0.5271739960 -0.7196860909 0.0676826537 0.8246544600 -0.5615728498 0.8895390034 0.2050184309 0.4082742333
449.1 -246.4 2575.5 0 0 0 0 0 0 0 0 0
624.0 -295.8 2626.8 0 0 0 0 0 0 0 0 0
271.7 -789.8 2222.4 0 0 0 0 0 0 0 0 0
631.4 -987.8 2437.3 0 0 0 0 0 0 0 0 0
150.5 33.7 2654.9  0.3585105240 0.1426242441 -0.9225662947 -0.1643401831 0.9824685454 0.0880220160 0.9189463854 0.1200578883 0.3756642044
122.5 -158.8 2631.3 0.3585105240 0.1426242441 -0.9225662947 -0.1643401831 0.9824685454 0.0880220160 0.9189463854 0.1200578883 0.3756642044
94.6 -349.7 2610.2 0.3599730134 0.1438157707 -0.9218115211 -0.1543019414 0.9836179018 0.0932026058 0.9201142788 0.1086868867 0.3762669563
73.4 -137.8 2505.7 -0.7114089131 0.3097296953 -0.6308445930 0.6846121550 0.5082049966 -0.5225265026 0.1587563902 -0.8036138415 -0.5735862255
246.4 -304.3 2467.1 -0.8315837383 0.3097296953 0.4610162675 -0.2650052607 0.5082049966 -0.8194509745 -0.4880990684 -0.8036138415 -0.3405349851
171.7 -179.9 2756.9 0.8994030356 0.3656029105 -0.2396010756 -0.4365415275 0.7230573297 -0.5353686810 -0.0224870332 0.5861080289 0.8099207878
386.9 -284.4 2751.5 0.8584493399 0.3656029105 0.3597210348 -0.0185809173 0.7230573297 -0.6905381083 -0.5125616789 0.5861080289 0.6275013089
33.5 -528.6 2507.4 0.7864677310 -0.6170972586 0.0256807823 0.0464170873 0.0175927188 -0.9987671971 0.6158847213 0.7866902351 0.0424799621
250.0 -534.7 2231.4 0.7864677310 -0.0869171321 -0.6114850044 0.0464170873 0.9955663681 -0.0818110481 0.6158847213 0.0359583981 0.7870152593
92.3 -555.6 2674.3 0.4364021420 -0.8655433059 -0.2457396388 0.0557242818 0.2985951602 -0.9527516365 0.8980244994 0.4020892084 0.1785393357
428.1 -671.5 2518.3 0.4364021420 -0.5279742479 -0.7285577059 0.0557242818 0.8240373731 -0.5637882948 0.8980244994 0.2054400593 0.3890326321
456.4 -237.4 2590.4 0 0 0 0 0 0 0 0 0
626.4 -289.5 2608.6 0 0 0 0 0 0 0 0 0
272.2 -789.8 2222.2 0 0 0 0 0 0 0 0 0
625.2 -979.0 2441.7 0 0 0 0 0 0 0 0 0
151.9 32.7 2655.4  0.3405773640 0.1336056739 -0.9306753278 -0.1674401164 0.9826478958 0.0797926188 0.9251869321 0.1286568195 0.3570386171
125.6 -160.5 2630.1 0.3405773640 0.1336056739 -0.9306753278 -0.1674401164 0.9826478958 0.0797926188 0.9251869321 0.1286568195 0.3570386171
100.4 -351.6 2607.6 0.3422859907 0.1301129013 -0.9305433631 -0.1546941549 0.9846546650 0.0807771459 0.9267739654 0.1163007244 0.3571611941
78.9 -139.3 2503.6 -0.7657057643 0.3250203729 -0.5550283790 0.6313933134 0.5443527699 -0.5522884130 0.1226262450 -0.7733316422 -0.6220297217
267.3 -294.7 2473.4 -0.8193230033 0.3250203729 0.4723044932 -0.2463082373 0.5443527699 -0.8018804789 -0.5177277327 -0.7733316422 -0.3659455776
172.3 -181.6 2756.7 0.9046720862 0.3447438478 -0.2504399121 -0.4260739088 0.7243772745 -0.5419765711 -0.0054301182 0.5970169902 0.8022102118
389.0 -283.6 2755.4 0.8692117333 0.3447438478 0.3544329107 -0.0061976644 0.7243772745 -0.6893759370 -0.4944012463 0.5970169902 0.6317738295
34.5 -526.9 2506.7 0.7863122821 -0.6174066067 0.0228505097 0.0445556156 0.0197783504 -0.9988111258 0.6162205935 0.7863955498 0.0430608913
251.0 -533.8 2230.9 0.7863122821 -0.0786024928 -0.6128088236 0.0445556156 0.9965057969 -0.0706471652 0.6162205935 0.0282466579 0.7870668769
98.9 -554.5 2671.5 0.4091102481 -0.8649449944 -0.2906870842 -0.0034490803 0.3170983195 -0.9483863711 0.9124784470 0.3889971972 0.1267449111
434.5 -677.5 2520.5 0.4091102481 -0.5182943940 -0.7509991527 -0.0034490803 0.8221421242 -0.5692718625 0.9124784470 0.2354852110 0.3345591128
476.2 -232.0 2605.4 0 0 0 0 0 0 0 0 0
631.5 -285.4 2617.4 0 0 0 0 0 0 0 0 0
271.3 -790.3 2223.6 0 0 0 0 0 0 0 0 0
627.9 -984.2 2432.7 0 0 0 0 0 0 0 0 0
151.8 31.4 2647.2  0.3623479903 0.1464200467 -0.9204700589 -0.1524169892 0.9835975766 0.0964620262 0.9194960594 0.1053424552 0.3787214756
123.0 -161.5 2626.5 0.3623479903 0.1464200467 -0.9204700589 -0.1524169892 0.9835975766 0.0964620262 0.9194960594 0.1053424552 0.3787214756
95.7 -352.7 2607.5 0.3636250198 0.1412271261 -0.9207777977 -0.1436767727 0.9851162434 0.0943557322 0.9203987122 0.0979842767 0.3785039485
73.4 -141.8 2500.9 -0.7645077109 0.2728643417 -0.5840145350 0.6313555837 0.4997681975 -0.5929771662 0.1300695837 -0.8220564723 -0.5543510914
262.9 -298.3 2468.6 -0.8740208149 0.2728643417 0.4020357132 -0.2283052206 0.4997681975 -0.8355288506 -0.4289107025 -0.8220564723 -0.3745114505
172.7 -181.1 2752.2 0.9006096721 0.3654284179 -0.2352960855 -0.4341247380 0.7302739024 -0.5274806023 -0.0209258199 0.5772020221 0.8163332343
388.4 -285.1 2747.2 0.8567559719 0.3654284179 0.3639111519 -0.0214505289 0.7302739024 -0.6828176379 -0.5152757764 0.5772020221 0.6335051060
44.5 -528.9 2502.0 0.7942110896 -0.6070979238 0.0257059447 0.0454167798 0.0171222221 -0.9988213778 0.6059422493 0.7944425344 0.0411710925
254.8 -534.8 2226.9 0.7942110896 -0.0662629306 -0.6040181518 0.0454167798 0.9977291822 -0.0497368351 0.6059422493 0.0120689860 0.7954170704
105.8 -556.6 2668.0 0.4302519858 -0.8556754589 -0.2875807583 0.0408270955 0.3366946280 -0.9407283664 0.9017850757 0.3930091560 0.1797982752
437.8 -687.2 2515.5 0.4302519858 -0.5350798368 -0.7270300984 0.0408270955 0.8160974383 -0.5764703751 0.9017850757 0.2183450013 0.3729732931
486.2 -240.0 2578.2 0 0 0 0 0 0 0 0 0
627.4 -291.1 2603.4 0 0 0 0 0 0 0 0 0
271.8 -791.4 2223.7 0 0 0 0 0 0 0 0 0
637.4 -991.7 2434.0 0 0 0 0 0 0 0 0 0
149.6 29.4 2652.1  0.3707647920 0.1240750402 -0.9204014540 -0.1630336195 0.9843416214 0.0670197830 0.9143049121 0.1252077967 0.3851875961
125.3 -163.6 2627.5 0.3707647920 0.1240750402 -0.9204014540 -0.1630336195 0.9843416214 0.0670197830 0.9143049121 0.1252077967 0.3851875961
100.9 -354.8 2605.2 0.3718710244 0.1258041859 -0.9197201729 -0.1543135643 0.9853664637 0.0723899305 0.9153683782 0.1150055826 0.3858425021
74.5 -142.5 2502.5 -0.7383735180 0.2319000661 -0.6332668662 0.6600626111 0.4410489202 -0.6081061959 0.1382817775 -0.8670052886 -0.4787274003
253.4 -302.5 2469.0 -0.8972083926 0.2319000661 0.3758184016 -0.2473739237 0.4410489202 -0.8627178073 -0.3658186197 -0.8670052886 -0.3383467495
176.1 -184.7 2752.5 0.9075077176 0.3570485711 -0.2212376446 -0.4186294377 0.7257790565 -0.5458884239 -0.0343390480 0.5880145431 0.8081210852
393.4 -284.9 2744.3 0.8536622524 0.3570485711 0.3791795373 0.0020016131 0.7257790565 -0.6879249811 -0.5208231807 0.5880145431 0.6188554764
35.7 -531.0 2506.2 0.7882593870 -0.6146830916 0.0284927487 0.0510666035 0.0192024466 -0.9985105991 0.6132204533 0.7885404229 0.0465262868
252.5 -537.7 2228.1 0.7882593870 -0.0769602433 -0.6105114818 0.0510666035 0.9969072342 -0.0597343221 0.6132204533 0.0159093942 0.7897515893
100.9 -556.7 2671.0 0.4439995885 -0.8571462035 -0.2610839009 0.0696017668 0.3234916031 -0.9436677098 0.8933196068 0.4008161724 0.2032890320
433.5 -682.3 2515.4 0.4439995885 -0.5379743576 -0.7165527940 0.0696017668 0.8179909587 -0.5710046887 0.8933196068 0.2036525011 0.4006316066
481.1 -239.7 2561.8 0 0 0 0 0 0 0 0 0
631.6 -284.4 2599.0 0 0 0 0 0 0 0 0 0
272.0 -790.7 2224.0 0 0 0 0 0 0 0 0 0
634.3 -987.5 2439.4 0 0 0 0 0 0 0 0 0
149.3 32.8 2655.5  0.4060986638 0.1088355631 -0.9073250294 -0.1644299328 0.9853798151 0.0446031913 0.8989141583 0.1310780942 0.4180572331
128.1 -159.7 2629.9 0.4060986638 0.1088355631 -0.9073250294 -0.1644299328 0.9853798151 0.0446031913 0.8989141583 0.1310780942 0.4180572331
106.3 -351.1 2606.4 0.4069812596 0.1118502244 -0.9065626264 -0.1565444767 0.9863317609 0.0514148287 0.8999222517 0.1209924966 0.4189280570
72.5 -138.4 2507.1 -0.7216618657 0.1988939941 -0.6630575657 0.6689957380 0.4465373755 -0.5941793323 0.1779012680 -0.8723792434 -0.4553082287
246.5 -299.7 2464.2 -0.9121147990 0.1988939941 0.3584519327 -0.2412410527 0.4465373755 -0.8616304994 -0.3314353228 -0.8723792434 -0.3593119383
183.6 -181.1 2752.7 0.9131425023 0.3645992279 -0.1823132783 -0.4013952911 0.7262283564 -0.5580987334 -0.0710812956 0.5828033686 0.8094984293
402.2 -277.1 2735.7 0.8343552947 0.3645992279 0.4134231210 0.0230914876 0.7262283564 -0.6870656013 -0.5507431626 0.5828033686 0.5975133181
43.2 -532.2 2500.9 0.7912750244 -0.6107824445 0.0287861954 0.0454086922 0.0117492741 -0.9988994002 0.6097720265 0.7917112708 0.0370317400
252.9 -536.2 2229.1 0.7912750244 -0.0722991228 -0.6071710587 0.0454086922 0.9971911907 -0.0595635772 0.6097720265 0.0195603278 0.7923354506
109.8 -559.8 2664.9 0.4369920194 -0.8524520993 -0.2869902551 0.0558103509 0.3441502154 -0.9372544289 0.8977322578 0.3935556710 0.1979665458
440.6 -693.4 2512.1 0.4369920194 -0.5407764316 -0.7187480927 0.0558103509 0.8138458133 -0.5783945322 0.8977322578 0.2126401961 0.3858250380
475.6 -239.1 2547.4 0 0 0 0 0 0 0 0 0
634.9 -270.7 2582.1 0 0 0 0 0 0 0 0 0
271.3 -789.7 2224.1 0 0 0 0 0 0 0 0 0
642.4 -997.1 2432.8 0 0 0 0 0 0 0 0 0
152.8 33.2 2646.7  0.4273357689 0.1199727654 -0.8960974813 -0.1517202705 0.9866165519 0.0597386137 0.8912715912 0.1104277149 0.4398188591
129.4 -159.8 2625.1 0.4273357689 0.1199727654 -0.8960974813 -0.1517202705 0.9866165519 0.0597386137 0.8912715912 0.1104277149 0.4398188591
106.6 -351.5 2604.7 0.4280330539 0.1172632352 -0.8961233497 -0.1459179819 0.9875043631 0.0595233254 0.8919056058 0.1052825600 0.4397953153
70.9 -139.9 2503.4 -0.7240989208 0.1869198084 -0.6638838649 0.6647243500 0.4458099008 -0.5994956493 0.1839083731 -0.8753939271 -0.4470606148
241.2 -296.2 2460.1 -0.9273570180 0.1869198084 0.3241449296 -0.2139524668 0.4458099008 -0.8691822886 -0.3069744110 -0.8753939271 -0.3734329939
187.8 -179.7 2746.9 0.9100941420 0.3804111481 -0.1643655598 -0.4050365686 0.7327196598 -0.5468704700 -0.0876017585 0.5642776489 0.8209242821
405.7 -276.7 2725.9 0.8209770918 0.3804111481 0.4257745445 0.0133525170 0.7327196598 -0.6803995967 -0.5708049536 0.5642776489 0.5964666009
48.2 -528.5 2502.3 0.7980318666 -0.6022599339 0.0206908341 0.0425457992 0.0220599826 -0.9988509417 0.6011114717 0.7979951501 0.0432282016
253.9 -536.1 2229.7 0.7980318666 -0.0703221634 -0.5984981060 0.0425457992 0.9972643256 -0.0604461059 0.6011114717 0.0227743387 0.7988405824
121.0 -556.5 2663.4 0.4389266968 -0.8384898901 -0.3229210973 0.0411615260 0.3777776659 -0.9249809384 0.8975795507 0.3927069008 0.2003302276
446.3 -703.1 2511.1 0.4389266968 -0.5354235172 -0.7215712070 0.0411615260 0.8142025471 -0.5791199803 0.8975795507 0.2244902402 0.3794140816
474.2 -242.5 2537.3 0 0 0 0 0 0 0 0 0
634.8 -273.0 2566.7 0 0 0 0 0 0 0 0 0
271.9 -792.3 2223.9 0 0 0 0 0 0 0 0 0
646.1 -1006.9 2427.3 0 0 0 0 0 0 0 0 0
152.8 26.9 2641.4  0.4245054424 0.1210357323 -0.8972989917 -0.1387096941 0.9880197644 0.0676504448 0.8947372437 0.0957460925 0.4362085760
129.1 -166.7 2622.6 0.4245054424 0.1210357323 -0.8972989917 -0.1387096941 0.9880197644 0.0676504448 0.8947372437 0.0957460925 0.4362085760
105.7 -358.5 2605.3 0.4252565503 0.1207619011 -0.8969801664 -0.1325692832 0.9886806011 0.0702568442 0.8953112364 0.0890348330 0.4364522398
71.0 -148.6 2500.3 -0.7278968096 0.1743254811 -0.6631566882 0.6602653265 0.4390987754 -0.6092963219 0.1849754155 -0.8813642263 -0.4347196817
238.8 -300.7 2457.7 -0.9286328554 0.1743254811 0.3274930418 -0.2243760675 0.4390987754 -0.8699699044 -0.2954597175 -0.8813642263 -0.3686470687
187.2 -184.8 2744.9 0.9088364244 0.3816632628 -0.1683731675 -0.4097034633 0.7407311797 -0.5324099660 -0.0784820542 0.5528566241 0.8295722604
404.9 -282.9 2726.1 0.8224664330 0.3816632628 0.4217607379 0.0007653079 0.7407311797 -0.6718010902 -0.5688131452 0.5528566241 0.6089344621
45.6 -530.0 2504.4 0.7970783710 -0.6033970714 0.0240421388 0.0453927703 0.0201677065 -0.9987656474 0.6021673679 0.7971858382 0.0434651077
