-236.1 146.0 2600.6 5 0.4849554300 0.2759962082 -0.8298459649 0.0374996029 0.9414601922 0.3350321352 0.8737345338 -0.1935945451 0.4462164640
-291.5 -43.0 2639.5 0.4849554300 0.2759962082 -0.8298459649 0.0374996029 0.9414601922 0.3350321352 0.8737345338 -0.1935945451 0.4462164640
-343.1 -227.5 2680.0 0.4897318184 0.2632056475 -0.8311952353 0.0541865379 0.9423129559 0.3303182721 0.8701876402 -0.2068069577 0.4472184181
-361.3 -50.7 2515.5 -0.3216820359 -0.5214340687 -0.7903335690 0.6773392558 0.4565216601 -0.5768877864 0.6616133451 -0.7208983898 0.2063329518
-290.1 -200.7 2369.0 -0.8132432699 -0.5214340687 0.2583445609 -0.5216674209 0.4565216601 -0.7207295299 0.2578730583 -0.7208983898 -0.6432783008
-221.7 -35.3 2763.4 0.3172171414 0.5001724362 -0.8057299852 -0.1936694831 0.8658711910 0.4612582624 0.9283670783 0.0097262878 0.3715373278
-117.5 -98.9 3068.6 -0.0055147540 0.5001721382 0.8659084439 -0.0109846415 0.8658390641 -0.5002020001 -0.9999244809 -0.0122701842 0.0007193222
-437.0 -418.0 2645.5 0.9529318810 -0.3028881252 -0.0134000974 -0.0021751013 0.0373668782 -0.9992992282 0.3031766117 0.9522932768 0.0349492766
-312.3 -433.3 2253.4 0.9529318810 -0.0430920273 -0.3001064062 -0.0021751013 0.9888506532 -0.1488948464 0.3031766117 0.1425394118 0.9422135949
-355.8 -401.4 2808.1 0.6458913088 -0.7621400356 0.0443506241 -0.1581717283 -0.1904269010 -0.9688752890 0.7468641996 0.6187731028 -0.2435440868
-65.8 -328.9 2572.6 0.6458913088 -0.2236000597 -0.7299503088 -0.1581717283 0.8962053657 -0.4144848287 0.7468641996 0.3831696510 0.5434840322
-83.0 -67.9 2303.4 0 0 0 0 0 0 0 0 0
-118.9 -101.7 2814.4 0 0 0 0 0 0 0 0 0
-296.0 -805.8 2199.7 0 0 0 0 0 0 0 0 0
48.9 -788.8 2376.0 0 0 0 0 0 0 0 0 0
-234.5 144.4 2601.9 6 0.5006248951 0.2720130682 -0.8218172789 0.0279687997 0.9437705278 0.3294160366 0.8652123809 -0.1878991127 0.4648671150
-289.1 -45.3 2639.7 0.5006248951 0.2720130682 -0.8218172789 0.0279687997 0.9437705278 0.3294160366 0.8652123809 -0.1878991127 0.4648671150
-339.6 -230.4 2679.1 0.5055207014 0.2575083673 -0.8234915137 0.0454333797 0.9451560974 0.3234436810 0.8616174459 -0.2009214759 0.4660964906
-361.2 -51.8 2517.0 -0.3099237382 -0.5288769007 -0.7900863886 0.6737296581 0.4641808569 -0.5749995708 0.6708469391 -0.7105106711 0.2124593854
-292.4 -201.3 2368.1 -0.8163431883 -0.5288769007 0.2321057171 -0.5071870089 0.4641808569 -0.7261524796 0.2763062418 -0.7105106711 -0.6471703649
-217.1 -38.8 2762.5 0.3346096277 0.4985482395 -0.7996786833 -0.2034029812 0.8668006063 0.4552844763 0.9201432467 0.0103144608 0.3914460242
-107.1 -105.7 3064.9 -0.0238634478 0.4981436133 0.8667660952 0.0002233067 0.8670156598 -0.4982808828 -0.9997152090 -0.0116971452 -0.0208012201
-438.9 -416.9 2641.9 0.9499282837 -0.3116568625 -0.0224992502 -0.0101925246 0.0410609841 -0.9991046786 0.3123016655 0.9493070841 0.0358284228
-311.2 -433.8 2252.7 0.9499282837 -0.0352236591 -0.3104762733 -0.0101925246 0.9896042347 -0.1434558928 0.3123016655 0.1394373477 0.9396940470
-347.1 -408.5 2800.7 0.6460417509 -0.7608116865 0.0616088659 -0.1712325960 -0.2231110334 -0.9596357942 0.7438477278 0.6094153523 -0.2744148076
-59.7 -324.2 2570.6 0.6460417509 -0.2278787345 -0.7284924984 -0.1712325960 0.8868042231 -0.4292524755 0.7438477278 0.4020566940 0.5338922739
-84.2 -72.0 2297.6 0 0 0 0 0 0 0 0 0
-113.2 -105.6 2810.7 0 0 0 0 0 0 0 0 0
-297.9 -806.5 2200.2 0 0 0 0 0 0 0 0 0
58.2 -783.1 2362.5 0 0 0 0 0 0 0 0 0
-235.4 145.1 2609.1 7 0.4921814799 0.2657221556 -0.8289446235 0.0208071787 0.9484074116 0.3163706660 0.8702439070 -0.1729597896 0.4612596333
-288.9 -45.9 2643.9 0.4921814799 0.2657221556 -0.8289446235 0.0208071787 0.9484074116 0.3163706660 0.8702439070 -0.1729597896 0.4612596333
-338.2 -231.7 2681.4 0.4980401695 0.2518065572 -0.8297888041 0.0422837250 0.9487202764 0.3132760823 0.8661224246 -0.1911106259 0.4618535042
-359.9 -51.9 2520.5 -0.2847029567 -0.5387414098 -0.7929072380 0.6795343161 0.4699910283 -0.5633307695 0.6761488914 -0.6991896033 0.2322854549
-296.8 -202.3 2370.8 -0.8097842336 -0.5387414098 0.2323944122 -0.5178219080 0.4699910283 -0.7148209214 0.2758803368 -0.6991896033 -0.6595634222
-217.9 -39.8 2767.4 0.3286089003 0.4917067289 -0.8063750267 -0.2083645910 0.8704954982 0.4458943307 0.9211950898 0.0214951523 0.3885068595
-109.9 -108.3 3070.2 -0.0156483185 0.4914813340 0.8707475066 0.0082299998 0.8708879352 -0.4914126992 -0.9998436570 -0.0005235301 -0.0176728237
-435.7 -419.6 2640.5 0.9497299790 -0.3116911650 -0.0293530803 -0.0190518294 0.0360439569 -0.9991685748 0.3124900162 0.9494996071 0.0282937400
-308.1 -434.3 2251.6 0.9497299790 -0.0217361189 -0.3123147786 -0.0190518294 0.9917253256 -0.1269563735 0.3124900162 0.1265244484 0.9414571524
-343.9 -412.2 2799.3 0.6345401406 -0.7685321569 0.0819580629 -0.1749837697 -0.2461387217 -0.9533081651 0.7528210282 0.5905709863 -0.2906655669
-54.7 -319.6 2577.1 0.6345401406 -0.2431004494 -0.7336627245 -0.1749837697 0.8794115782 -0.4427369237 0.7528210282 0.4093134403 0.5154833198
-89.8 -69.9 2300.3 0 0 0 0 0 0 0 0 0
-113.9 -106.2 2815.9 0 0 0 0 0 0 0 0 0
-299.9 -807.8 2204.0 0 0 0 0 0 0 0 0 0
71.6 -776.5 2364.4 0 0 0 0 0 0 0 0 0
-233.7 145.7 2604.7 8 0.4993993938 0.2747479677 -0.8216530681 0.0064856531 0.9471716881 0.3206614256 0.8663476110 -0.1654670686 0.4712350667
-289.0 -44.7 2637.9 0.4993993938 0.2747479677 -0.8216530681 0.0064856531 0.9471716881 0.3206614256 0.8663476110 -0.1654670686 0.4712350667
-340.2 -230.3 2673.4 0.5047678351 0.2615118325 -0.8226913214 0.0254587438 0.9480864406 0.3169920146 0.8628796339 -0.1809520572 0.4719057679
-360.9 -48.3 2515.0 -0.2679547369 -0.5399708152 -0.7978920937 0.7137723565 0.4449861050 -0.5408478379 0.6470929384 -0.7144360542 0.2661801279
-302.5 -203.7 2374.1 -0.7983651757 -0.5399708152 0.2665418983 -0.5395835042 0.4449861050 -0.7147286534 0.2673251927 -0.7144360542 -0.6466207504
-217.0 -41.0 2760.9 0.3327395022 0.5020284057 -0.7982805967 -0.2238904983 0.8643679619 0.4502678216 0.9160553813 0.0289055500 0.4000087678
-107.6 -114.6 3062.0 -0.0227051750 0.5016503334 0.8647724390 0.0211634710 0.8650428057 -0.5012515187 -0.9995181561 0.0069205826 -0.0302576106
-432.5 -421.3 2640.5 0.9529311061 -0.3022820950 -0.0234048869 -0.0146344164 0.0312468335 -0.9994045496 0.3028334379 0.9527062178 0.0253523588
-309.0 -434.0 2251.1 0.9529311061 -0.0283107124 -0.3018621504 -0.0146344164 0.9901752472 -0.1390639991 0.3028334379 0.1369359940 0.9431545138
-346.5 -413.0 2787.9 0.6344308257 -0.7694364190 0.0739265606 -0.1934647262 -0.2506547570 -0.9485481381 0.7483775020 0.5874860287 -0.3078818917
-57.3 -318.8 2567.2 0.6344308257 -0.2322140932 -0.7372748256 -0.1934647262 0.8757491708 -0.4423062801 0.7483775020 0.4232493937 0.5106770396
-98.3 -65.7 2305.7 0 0 0 0 0 0 0 0 0
-113.4 -109.3 2807.9 0 0 0 0 0 0 0 0 0
-298.3 -806.9 2199.5 0 0 0 0 0 0 0 0 0
63.6 -774.7 2346.8 0 0 0 0 0 0 0 0 0
-234.3 147.5 2611.5 9 0.4880548120 0.2762682140 -0.8279362321 -0.0038155522 0.9492499828 0.3144993782 0.8728046417 -0.1503338963 0.4643401504
-289.9 -43.4 2641.7 0.4880548120 0.2762682140 -0.8279362321 -0.0038155522 0.9492499828 0.3144993782 0.8728046417 -0.1503338963 0.4643401504
-341.8 -229.4 2674.1 0.4929985404 0.2653895319 -0.8285655379 0.0135179004 0.9498897195 0.3122928441 0.8699251413 -0.1651603878 0.4647067189
-360.1 -45.3 2517.8 -0.2700374424 -0.5361171961 -0.7997863293 0.7059507966 0.4546188712 -0.5430977345 0.6547619700 -0.7112665176 0.2557082474
-300.1 -202.1 2372.3 -0.8043904305 -0.5361171961 0.2559968531 -0.5306577682 0.4546188712 -0.7153488994 0.2671298087 -0.7112665176 -0.6501858234
-219.6 -41.5 2765.7 0.3199381232 0.5028926134 -0.8029561639 -0.2362190932 0.8630785346 0.4464257658 0.9175184369 0.0468449555 0.3949245811
-114.4 -119.1 3067.3 -0.0090663182 0.5028148890 0.8643465638 0.0340033248 0.8640372157 -0.5022782683 -0.9993805885 0.0248368438 -0.0249310154
-437.0 -418.3 2630.9 0.9471833110 -0.3196121752 -0.0263035335 -0.0146343540 0.0388578214 -0.9991375804 0.3203586340 0.9467513561 0.0321281590
-309.7 -433.8 2253.8 0.9471833110 -0.0315925442 -0.3191327751 -0.0146343540 0.9898409247 -0.1414239258 0.3203586340 0.1386246830 0.9370984435
-349.6 -413.8 2785.6 0.6221648455 -0.7788466811 0.0794278905 -0.2047749907 -0.2598194778 -0.9436954260 0.7556309700 0.5708692670 -0.3211388588
-57.2 -316.3 2571.3 0.6221648455 -0.2379461527 -0.7458502054 -0.2047749907 0.8700648546 -0.4483908117 0.7556309700 0.4317044616 0.4925983250
-94.2 -66.3 2303.9 0 0 0 0 0 0 0 0 0
-116.8 -110.5 2813.2 0 0 0 0 0 0 0 0 0
-297.9 -806.6 2201.6 0 0 0 0 0 0 0 0 0
66.9 -769.8 2346.2 0 0 0 0 0 0 0 0 0
-232.0 152.5 2606.9 0 0.5029426813 0.2745855153 -0.8195434809 -0.0076114284 0.9495650530 0.3134777844 0.8642862439 -0.1514234543 0.4796667397
-287.5 -39.4 2637.5 0.5029426813 0.2745855153 -0.8195434809 -0.0076114284 0.9495650530 0.3134777844 0.8642862439 -0.1514234543 0.4796667397
-338.3 -225.9 2669.2 0.5073989630 0.2594242692 -0.8217331171 0.0082579758 0.9520984292 0.3056801856 0.8616716862 -0.1618876606 0.4809514582
-359.8 -40.6 2514.7 -0.2897180915 -0.5213947892 -0.8026275039 0.7119333744 0.4430880845 -0.5448153615 0.6396985650 -0.7292602062 0.2428277284
-294.9 -200.0 2371.4 -0.8044323325 -0.5213947892 0.2846684158 -0.5403306484 0.4430880845 -0.7153431177 0.2468429953 -0.7292602062 -0.6381599307
-215.2 -38.2 2760.3 0.3359971344 0.5007069111 -0.7977458835 -0.2424084246 0.8644261956 0.4404605627 0.9101340771 0.0453868471 0.4118202925
-104.7 -117.9 3059.4 -0.0258871410 0.5002579093 0.8654894233 0.0419420674 0.8655607104 -0.4990446270 -0.9987846017 0.0233815741 -0.0433887430
-438.4 -416.6 2627.8 0.9444311261 -0.3268949687 -0.0344898514 -0.0212781318 0.0439071991 -0.9988089800 0.3280199766 0.9440401793 0.0345116109
-308.6 -434.1 2253.0 0.9444311261 -0.0251181964 -0.3277482986 -0.0212781318 0.9903132915 -0.1372108310 0.3280199766 0.1365600526 0.9347482324
-343.4 -411.4 2779.0 0.6345433593 -0.7688819766 0.0785828382 -0.2091177553 -0.2686787844 -0.9402560592 0.7440594435 0.5802001953 -0.3312752247
-54.8 -310.6 2561.3 0.6345433593 -0.2340867519 -0.7365854383 -0.2091177553 0.8654847145 -0.4551987946 0.7440594435 0.4428764582 0.5002359152
-89.2 -61.9 2308.3 0 0 0 0 0 0 0 0 0
-111.3 -107.3 2805.5 0 0 0 0 0 0 0 0 0
-299.1 -807.0 2201.6 0 0 0 0 0 0 0 0 0
67.2 -761.9 2330.3 0 0 0 0 0 0 0 0 0
-235.6 151.2 2613.1 1 0.5144153237 0.2800238431 -0.8105328679 -0.0221751742 0.9492101073 0.3138604462 0.8572543859 -0.1434809268 0.4944978356
-292.0 -40.0 2642.0 0.5144153237 0.2800238431 -0.8105328679 -0.0221751742 0.9492101073 0.3138604462 0.8572543859 -0.1434809268 0.4944978356
-343.9 -226.3 2673.4 0.5204357505 0.2649683356 -0.8117501736 -0.0011854176 0.9508608580 0.3096162677 0.8539000154 -0.1601731181 0.4951761067
-366.1 -39.9 2520.3 -0.3273710907 -0.4718326032 -0.8186587691 0.6822543740 0.4813851118 -0.5502702594 0.6537255645 -0.7386760712 0.1643182784
-290.8 -196.8 2369.9 -0.8289968371 -0.4718326032 0.3002303243 -0.5275011063 0.4813851118 -0.7000077963 0.1857600957 -0.7386760712 -0.6479589343
-217.8 -40.2 2763.7 0.3476313651 0.5086367130 -0.7876808643 -0.2507541180 0.8599091172 0.4446107149 0.9034792781 0.0429535806 0.4264741242
-103.6 -122.6 3060.7 -0.0406239703 0.5078650713 0.8604782224 0.0482634008 0.8611812592 -0.5060014725 -0.9980081916 0.0209738184 -0.0594958961
-435.0 -413.1 2623.0 0.9454061389 -0.3231672645 -0.0420729145 -0.0258462355 0.0543417744 -0.9981878400 0.3248679340 0.9447803497 0.0430223905
-308.1 -434.4 2252.1 0.9454061389 -0.0196777750 -0.3252998590 -0.0258462355 0.9905039668 -0.1350326687 0.3248679340 0.1360684931 0.9359199405
-348.8 -412.5 2782.0 0.6435798407 -0.7624969482 0.0663580820 -0.2190397084 -0.2665625215 -0.9385979176 0.7333666086 0.5895276666 -0.3385713696
-62.7 -312.5 2560.8 0.6435798407 -0.2203313261 -0.7329795957 -0.2190397084 0.8645927906 -0.4522177875 0.7333666086 0.4515898824 0.5081731677
-79.3 -62.2 2322.5 0 0 0 0 0 0 0 0 0
-113.9 -110.4 2806.9 0 0 0 0 0 0 0 0 0
-300.7 -807.5 2200.8 0 0 0 0 0 0 0 0 0
52.2 -763.5 2325.2 0 0 0 0 0 0 0 0 0
-235.9 153.5 2615.2 2 0.5064572096 0.2762891054 -0.8168019652 -0.0218418445 0.9510814548 0.3081671000 0.8619884253 -0.1382329762 0.4877167046
-291.4 -37.4 2642.9 0.5064572096 0.2762891054 -0.8168019652 -0.0218418445 0.9510814548 0.3081671000 0.8619884253 -0.1382329762 0.4877167046
-342.5 -224.1 2672.5 0.5114986897 0.2612625957 -0.8186030388 -0.0039807889 0.9533673525 0.3017861545 0.8592748642 -0.1511045247 0.4886861444
-364.3 -36.8 2520.5 -0.3321586847 -0.3981569409 -0.8550682068 0.6896902919 0.5158777833 -0.5081313252 0.6434267163 -0.7585124969 0.1032516882
-288.1 -195.0 2372.9 -0.8660061955 -0.3981569409 0.3024967611 -0.4840636253 0.5158777833 -0.7067903280 0.1253621131 -0.7585124969 -0.6394866705
-218.5 -38.0 2765.4 0.3396275342 0.5033038855 -0.7945680022 -0.2548378706 0.8624238372 0.4373588562 0.9053788185 0.0539469048 0.4211637676
-106.8 -121.7 3063.0 -0.0305149108 0.5027536154 0.8638910055 0.0546900891 0.8638385534 -0.5007913113 -0.9980369806 0.0319646709 -0.0538555942
-442.8 -412.4 2627.6 0.9405499697 -0.3372271955 -0.0405414701 -0.0224231072 0.0574516058 -0.9980964661 0.3389144242 0.9396686554 0.0464744233
-308.2 -435.3 2252.4 0.9405499697 -0.0219442379 -0.3389457762 -0.0224231072 0.9917221665 -0.1264291853 0.3389144242 0.1265131831 0.9322721958
-347.5 -411.1 2779.9 0.6369174123 -0.7672248483 0.0755130649 -0.2203895599 -0.2750652730 -0.9358245134 0.7387588620 0.5794006586 -0.3442822099
-59.6 -307.9 2562.4 0.6369174123 -0.2301017344 -0.7357916832 -0.2203895599 0.8602424860 -0.4597948492 0.7387588620 0.4550121427 0.4971913993
-67.3 -71.7 2340.9 0 0 0 0 0 0 0 0 0
-114.6 -107.8 2809.2 0 0 0 0 0 0 0 0 0
-299.9 -808.8 2204.7 0 0 0 0 0 0 0 0 0
60.4 -756.8 2325.0 0 0 0 0 0 0 0 0 0
-240.1 151.4 2616.2 3 0.5128666759 0.2641877234 -0.8168063760 -0.0105814161 0.9533426166 0.3017049730 0.8584030867 -0.1460914612 0.4917331338
-293.2 -40.1 2645.6 0.5128666759 0.2641877234 -0.8168063760 -0.0105814161 0.9533426166 0.3017049730 0.8584030867 -0.1460914612 0.4917331338
-343.2 -226.7 2677.5 0.5178669691 0.2553601861 -0.8164588213 0.0077655595 0.9529651999 0.3029802740 0.8554258943 -0.1632437259 0.4915261865
-367.0 -41.2 2523.7 -0.3523347676 -0.3222001493 -0.8786622286 0.6737681627 0.5642849803 -0.4770942330 0.6495357156 -0.7601115108 0.0182709768
-286.9 -194.3 2376.1 -0.8923176527 -0.3222001493 0.3161586225 -0.4491813481 0.5642849803 -0.6926893592 0.0447810441 -0.7601115108 -0.6482477784
-219.4 -39.0 2767.5 0.3476074040 0.4993550777 -0.7936079502 -0.2433909625 0.8654302955 0.4379397929 0.9054998159 0.0409258977 0.4223684967
-105.1 -119.0 3065.2 -0.0381596535 0.4986354113 0.8659714460 0.0437701866 0.8666049838 -0.4970714152 -0.9983125925 0.0189356580 -0.0548947118
-439.9 -410.5 2624.5 0.9416442513 -0.3344857097 -0.0377549082 -0.0182637293 0.0612278134 -0.9979566932 0.3361138999 0.9404097199 0.0515458621
-307.5 -434.7 2252.1 0.9416442513 -0.0431719497 -0.3338297606 -0.0182637293 0.9837275743 -0.1787359267 0.3361138999 0.1744026393 0.9255328774
-346.4 -412.6 2786.9 0.6433532834 -0.7616100907 0.0777598843 -0.2093592882 -0.2727265954 -0.9390361309 0.7363865972 0.5878522396 -0.3349097073
-60.6 -310.3 2566.3 0.6433532834 -0.2311490178 -0.7298401594 -0.2093592882 0.8638689518 -0.4581474960 0.7363865972 0.4475495219 0.5073797703
-59.4 -79.8 2364.6 0 0 0 0 0 0 0 0 0
-114.8 -107.9 2811.3 0 0 0 0 0 0 0 0 0
-292.2 -783.3 2190.3 0 0 0 0 0 0 0 0 0
60.0 -761.1 2332.7 0 0 0 0 0 0 0 0 0
-241.2 149.6 2616.8 4 0.5147707462 0.2525875866 -0.8192744255 -0.0073697595 0.9568822980 0.2903823555 0.8572961688 -0.1434424967 0.4944365323
-291.8 -41.9 2645.5 0.5147707462 0.2525875866 -0.8192744255 -0.0073697595 0.9568822980 0.2903823555 0.8572961688 -0.1434424967 0.4944365323
-339.7 -229.2 2677.2 0.5197599530 0.2444218248 -0.8186010122 0.0118330028 0.9560470581 0.2929743528 0.8542304039 -0.1619628370 0.4940227270
-365.9 -43.6 2523.7 -0.3847397864 -0.2449764609 -0.8899223804 0.6530132890 0.6091549993 -0.4500042498 0.6523411274 -0.7542656660 -0.0743933022
-278.9 -191.2 2376.3 -0.9210498929 -0.2449764609 0.3027434647 -0.3891502917 0.6091549993 -0.6910080910 -0.0151369898 -0.7542656660 -0.6563948393
-217.7 -40.3 2767.2 0.3523957431 0.4898373187 -0.7974187136 -0.2412441820 0.8708286881 0.4283207059 0.9042226076 0.0414342321 0.4250467122
-101.9 -119.6 3064.5 -0.0410073474 0.4890526235 0.8712897897 0.0452608317 0.8720373511 -0.4873420596 -0.9981331825 0.0194506980 -0.0578948706
-440.0 -414.0 2632.2 0.9433615804 -0.3298060000 -0.0360120311 -0.0223088879 0.0452412628 -0.9987269640 0.3310153782 0.9429640770 0.0353212655
-307.7 -432.2 2253.8 0.9433615804 -0.0316330753 -0.3302547932 -0.0223088879 0.9871426821 -0.1582769156 0.3310153782 0.1566799730 0.9305268526
-340.6 -415.3 2786.1 0.6473352909 -0.7571777105 0.0874010697 -0.2037211508 -0.2823745012 -0.9374232292 0.7344757915 0.5890216827 -0.3370440900
-56.4 -309.4 2565.1 0.6473352909 -0.2396402061 -0.7235534191 -0.2037211508 0.8603557944 -0.4672104418 0.7344757915 0.4498449564 0.5081188679
-44.1 -92.0 2380.1 0 0 0 0 0 0 0 0 0
-112.3 -108.1 2810.7 0 0 0 0 0 0 0 0 0
-296.1 -792.9 2196.6 0 0 0 0 0 0 0 0 0
68.6 -758.3 2330.4 0 0 0 0 0 0 0 0 0
-241.7 149.1 2617.0 5 0.5089182258 0.2486943007 -0.8241075873 -0.0030428059 0.9578713179 0.2871816754 0.8608095050 -0.1436443925 0.4882349074
-291.6 -43.0 2645.8 0.5089182258 0.2486943007 -0.8241075873 -0.0030428059 0.9578713179 0.2871816754 0.8608095050 -0.1436443925 0.4882349074
-339.0 -230.3 2677.9 0.5139529109 0.2421217114 -0.8229395151 0.0165928360 0.9563545585 0.2917372584 0.8576579094 -0.1635941267 0.4875037372
-364.9 -45.4 2523.6 -0.4116385281 -0.1924472898 -0.8907961249 0.6381602287 0.6369422674 -0.4324997962 0.6506191492 -0.7465042472 -0.1393777579
-272.1 -189.2 2377.0 -0.9408119917 -0.1924472898 0.2789924741 -0.3360372186 0.6369422674 -0.6938180923 -0.0441786945 -0.7465042472 -0.6639123559
-218.4 -40.7 2768.1 0.3471464813 0.4864674211 -0.8017722964 -0.2369197756 0.8727005720 0.4269223809 0.9073909521 0.0417511053 0.4182086885
-104.2 -118.6 3066.4 -0.0344412550 0.4858267009 0.8733763099 0.0417316072 0.8738316894 -0.4844343364 -0.9985350370 0.0197628718 -0.0503701903
-434.5 -417.5 2631.7 0.9477772713 -0.3174625337 -0.0305913221 -0.0195499659 0.0379083157 -0.9990899563 0.3183332980 0.9475128055 0.0297222566
-307.9 -432.6 2253.9 0.9477772713 -0.0277296416 -0.3177252710 -0.0195499659 0.9892885089 -0.1446583867 0.3183332980 0.1433154494 0.9370830059
-340.0 -416.1 2787.4 0.6430678964 -0.7601350546 0.0930505991 -0.1989189684 -0.2831349373 -0.9382248521 0.7395234704 0.5848327279 -0.3332802653
-54.8 -309.9 2568.0 0.6430678964 -0.2457130402 -0.7253198028 -0.1989189684 0.8610247970 -0.4680465162 0.7395234704 0.4452655613 0.5048204064
-32.1 -103.5 2388.2 0 0 0 0 0 0 0 0 0
-113.0 -108.0 2812.4 0 0 0 0 0 0 0 0 0
-297.6 -799.6 2200.7 0 0 0 0 0 0 0 0 0
73.5 -759.2 2335.6 0 0 0 0 0 0 0 0 0
-242.1 148.5 2617.1 6 0.4984034300 0.2418504059 -0.8325276971 0.0129804723 0.9581108093 0.2861033976 0.8668480515 -0.1534015089 0.4743863940
-290.5 -43.2 2647.8 0.4984034300 0.2418504059 -0.8325276971 0.0129804723 0.9581108093 0.2861033976 0.8668480515 -0.1534015089 0.4743863940
-336.8 -230.3 2682.3 0.5036863089 0.2365463376 -0.8308705688 0.0341133066 0.9555857182 0.2927323580 0.8632128239 -0.1757890284 0.4732460678
-362.2 -48.1 2524.8 -0.4328358173 -0.1277255267 -0.8923784494 0.6243132353 0.6716227531 -0.3989433944 0.6502969265 -0.7298007011 -0.2109616399
-265.0 -188.3 2378.8 -0.9462387562 -0.1277255267 0.2971840501 -0.3029997647 0.6716227531 -0.6761021018 -0.1132400855 -0.7298007011 -0.6742162704
-218.7 -38.3 2770.8 0.3382597268 0.4791178107 -0.8099545836 -0.2199361622 0.8771032095 0.4269871712 0.9149909616 0.0337057337 0.4020640254
-107.5 -110.6 3071.6 -0.0229626931 0.4787286222 0.8776625991 0.0258755460 0.8778845668 -0.4781727195 -0.9994013906 0.0117298653 -0.0325459577
-432.9 -419.1 2632.4 0.9499580860 -0.3114705980 -0.0237853955 -0.0126080047 0.0378507115 -0.9992038608 0.3121229112 0.9495016336 0.0320295654
-308.3 -434.3 2252.4 0.9499580860 -0.0259209778 -0.3113001585 -0.0126080047 0.9925576448 -0.1211214960 0.3121229112 0.1189852133 0.9425613284
-337.6 -414.4 2794.7 0.6358314157 -0.7647399902 0.1043606326 -0.1821996868 -0.2801085114 -0.9425192475 0.7500144839 0.5802688599 -0.3174371719
-50.7 -309.3 2577.0 0.6358314157 -0.2576433420 -0.7275564075 -0.1821996868 0.8658961654 -0.4658616781 0.7500144839 0.4287700355 0.5036213994
-24.6 -111.2 2407.6 0 0 0 0 0 0 0 0 0
-113.3 -104.1 2817.5 0 0 0 0 0 0 0 0 0
-298.6 -805.2 2207.9 0 0 0 0 0 0 0 0 0
83.8 -761.1 2353.3 0 0 0 0 0 0 0 0 0
-242.3 152.3 2617.2 7 0.4638539255 0.2462586910 -0.8509971499 0.0306731816 0.9555489421 0.2932325900 0.8853805065 -0.1621198803 0.4356816113
-291.7 -39.3 2649.7 0.4638539255 0.2462586910 -0.8509971499 0.0306731816 0.9555489421 0.2932325900 0.8853805065 -0.1621198803 0.4356816113
-338.8 -226.0 2685.8 0.4692997038 0.2404853553 -0.8496614695 0.0520262904 0.9529999495 0.2984700203 0.8815050125 -0.1842766106 0.4347310364
-358.5 -46.8 2524.2 -0.4856891632 -0.0149113629 -0.8740043640 0.6032621861 0.7178647518 -0.3474836946 0.6325984001 -0.6960228682 -0.3396636844
-246.4 -186.0 2378.2 -0.9543824792 -0.0149113629 0.2982142568 -0.2178284228 0.7178647518 -0.6612268686 -0.2042177171 -0.6960228682 -0.6883656383
-224.8 -31.9 2775.2 0.3026713729 0.4748985171 -0.8263543248 -0.2017005235 0.8793002963 0.4314486384 0.9315078855 0.0360889509 0.3619263172
-125.4 -98.2 3081.2 0.0162319764 0.4753715098 0.8796353936 0.0072149327 0.8796727061 -0.4755248129 -0.9998422265 0.0140652182 0.0108490530
-428.7 -420.6 2638.7 0.9557428956 -0.2938283086 -0.0148459310 -0.0046967589 0.0352167040 -0.9993686676 0.2941656411 0.9552092552 0.0322780758
-309.2 -434.9 2250.4 0.9557428956 -0.0287505966 -0.2927949429 -0.0046967589 0.9935957193 -0.1128959507 0.2941656411 0.1092746928 0.9494870305
-343.6 -407.9 2801.5 0.6063934565 -0.7860862017 0.1198141575 -0.1659160852 -0.2724450231 -0.9477581978 0.7776623964 0.5548352599 -0.2956332266
-48.8 -305.7 2593.4 0.6063934565 -0.2764525712 -0.7455608249 -0.1659160852 0.8729906678 -0.4586493075 0.7776623964 0.4018224776 0.4835079014
-6.9 -131.4 2429.4 0 0 0 0 0 0 0 0 0
-121.3 -96.3 2827.2 0 0 0 0 0 0 0 0 0
-298.4 -807.6 2209.4 0 0 0 0 0 0 0 0 0
95.4 -761.0 2383.8 0 0 0 0 0 0 0 0 0
-240.6 149.8 2617.2 8 0.4630199075 0.2473714501 -0.8511286378 0.0291006081 0.9555043578 0.2935380638 0.8858700395 -0.1606823355 0.4352188706
-290.4 -42.7 2649.6 0.4630199075 0.2473714501 -0.8511286378 0.0291006081 0.9555043578 0.2935380638 0.8858700395 -0.1606823355 0.4352188706
-336.6 -229.8 2684.8 0.4684135020 0.2354928255 -0.8515467644 0.0504423305 0.9551228285 0.2918834984 0.8820682168 -0.1796761751 0.4355136156
-357.1 -49.9 2524.0 -0.5691006780 0.0712585226 -0.8191743493 0.5570035577 0.7662566900 -0.3203088641 0.6048730612 -0.6385710239 -0.4757684767
-220.4 -183.7 2378.6 -0.9327844977 0.0712585226 0.3533203602 -0.1755795032 0.7662566900 -0.6180797219 -0.3147775531 -0.6385710239 -0.7022408247
-223.7 -35.5 2775.3 0.3031641543 0.4701257646 -0.8288988471 -0.2043468803 0.8816723824 0.4253188372 0.9307705760 0.0404414721 0.3633601964
-124.1 -102.7 3081.2 0.0168250874 0.4706105292 0.8821806312 0.0119067701 0.8821486235 -0.4708205462 -0.9997875690 0.0184255186 0.0092387768
-428.3 -417.3 2642.3 0.9556899667 -0.2935989499 -0.0213616453 -0.0092125637 0.0427007638 -0.9990454316 0.2942308486 0.9549744725 0.0381038934
-307.9 -434.8 2250.4 0.9556899667 -0.0263191089 -0.2931961417 -0.0092125637 0.9928333163 -0.1191517860 0.2942308486 0.1165732518 0.9485983849
-340.4 -412.2 2799.7 0.6067544818 -0.7850118876 0.1249214411 -0.1662573963 -0.2790103257 -0.9457862973 0.7773078680 0.5530909896 -0.2998047769
-45.9 -307.6 2592.2 0.6067544818 -0.2815977037 -0.7433382273 -0.1662573963 0.8695048690 -0.4651018679 0.7773078680 0.4057881236 0.4807582796
15.3 -139.4 2458.2 0 0 0 0 0 0 0 0 0
-119.8 -99.6 2827.0 0 0 0 0 0 0 0 0 0
-298.0 -808.0 2206.6 0 0 0 0 0 0 0 0 0
101.0 -761.2 2380.5 0 0 0 0 0 0 0 0 0
-239.7 147.1 2619.3 9 0.4554552734 0.2481147349 -0.8549851179 0.0235818978 0.9566789865 0.2901882827 0.8899462819 -0.1523299515 0.4298734665
-289.6 -45.3 2649.9 0.4554552734 0.2481147349 -0.8549851179 0.0235818978 0.9566789865 0.2901882827 0.8899462819 -0.1523299515 0.4298734665
-336.4 -232.5 2683.8 0.4610101581 0.2388155013 -0.8546559811 0.0453958884 0.9554988742 0.2914809287 0.8862329721 -0.1731735319 0.4296534359
-355.3 -51.8 2523.6 -0.5592299104 0.1122960821 -0.8213716745 0.5590723753 0.7826616168 -0.2736400068 0.6121274233 -0.6122339368 -0.5004694462
-224.2 -182.8 2380.2 -0.9305654764 0.1122960821 0.3484787643 -0.1332435310 0.7826616168 -0.6080188751 -0.3410190940 -0.6122339368 -0.7133551836
-223.9 -38.9 2776.2 0.2948882878 0.4714259803 -0.8311428428 -0.2092785090 0.8805681467 0.4252084196 0.9323322177 0.0485513471 0.3583285511
-127.0 -107.7 3082.7 0.0253208205 0.4720984995 0.8811820745 0.0165340286 0.8811463714 -0.4725544751 -0.9995426536 0.0265349559 0.0145056592
-425.0 -421.4 2640.3 0.9581093192 -0.2857879400 -0.0187547933 -0.0097071081 0.0330426730 -0.9994068146 0.2862381041 0.9577230215 0.0288843177
-309.2 -434.8 2252.1 0.9581093192 -0.0274093505 -0.2850880921 -0.0097071081 0.9917303324 -0.1279715151 0.2862381041 0.1253780872 0.9499200583
-341.5 -415.5 2797.8 0.5998244286 -0.7902155519 0.1255785525 -0.1710537523 -0.2799614668 -0.9446492195 0.7816336751 0.5451430082 -0.3030970693
-45.0 -310.5 2593.3 0.5998244286 -0.2834883034 -0.7482278943 -0.1710537523 0.8680793643 -0.4660245180 0.7816336751 0.4075200856 0.4722034931
13.2 -148.8 2467.2 0 0 0 0 0 0 0 0 0
-120.5 -103.4 2828.5 0 0 0 0 0 0 0 0 0
-298.9 -807.9 2205.0 0 0 0 0 0 0 0 0 0
102.9 -763.4 2380.6 0 0 0 0 0 0 0 0 0
-236.2 148.8 2618.3 0 0.4542639554 0.2478351891 -0.8556997180 0.0252240635 0.9565612078 0.2904382348 0.8905099630 -0.1535198390 0.4282798767
-286.1 -43.5 2649.1 0.4542639554 0.2478351891 -0.8556997180 0.0252240635 0.9565612078 0.2904382348 0.8905099630 -0.1535198390 0.4282798767
-331.9 -231.0 2682.8 0.4596886337 0.2339966744 -0.8566982746 0.0467671566 0.9569463134 0.2864725888 0.8868479133 -0.1717535406 0.4289539754
-351.6 -50.2 2522.8 -0.5089188218 0.1014311239 -0.8548177481 0.5883739591 0.7658452988 -0.2594167590 0.6283451915 -0.6349745989 -0.4494325221
-236.5 -183.3 2380.6 -0.9466523528 0.1014311239 0.3058775961 -0.1219425946 0.7658452988 -0.6313564777 -0.2982940972 -0.6349745989 -0.7126204371
-220.6 -36.9 2775.5 0.2948588729 0.4667232931 -0.8338031173 -0.2088144720 0.8829804063 0.4204070568 0.9324455857 0.0501493961 0.3578131795
-123.6 -105.5 3082.1 0.0264344104 0.4674189985 0.8836405873 0.0178468283 0.8835879564 -0.4679250419 -0.9994912148 0.0281395037 0.0150151793
-424.8 -423.7 2637.6 0.9577333927 -0.2872500122 -0.0153042777 -0.0075325822 0.0281412583 -0.9995755553 0.2875587940 0.9574421644 0.0247880872
-308.7 -435.1 2250.7 0.9577333927 -0.0262626689 -0.2864560485 -0.0075325822 0.9931924343 -0.1162415296 0.2875587940 0.1134861410 0.9510157108
-336.2 -414.2 2796.6 0.5997762680 -0.7893934846 0.1308678091 -0.1688242704 -0.2847093046 -0.9436307549 0.7821552157 0.5438736677 -0.3040306568
-40.0 -307.3 2592.5 0.5997762680 -0.2885866761 -0.7463150620 -0.1688242704 0.8660631180 -0.4705667496 0.7821552157 0.4082308710 0.4707236290
6.2 -152.0 2457.1 0 0 0 0 0 0 0 0 0
-116.9 -101.0 2827.9 0 0 0 0 0 0 0 0 0
-298.8 -809.0 2208.0 0 0 0 0 0 0 0 0 0
110.6 -759.3 2379.5 0 0 0 0 0 0 0 0 0
-235.9 147.2 2619.3 1 0.4531838298 0.2456555665 -0.8569000959 0.0222872514 0.9578555822 0.2863843441 0.8911384344 -0.1488827020 0.4286096692
-285.3 -45.5 2649.2 0.4531838298 0.2456555665 -0.8569000959 0.0222872514 0.9578555822 0.2863843441 0.8911384344 -0.1488827020 0.4286096692
-331.2 -233.0 2682.2 0.4586027265 0.2345532328 -0.8571279645 0.0438995697 0.9573800564 0.2854755223 0.8875564337 -0.1685473919 0.4287602901
-350.7 -51.7 2522.7 -0.5198712349 0.0882927105 -0.8496695161 0.5785993338 0.7681401968 -0.2741959989 0.6284558177 -0.6341648102 -0.4504201114
-232.6 -183.1 2380.0 -0.9514905214 0.0882927105 0.2947374284 -0.1233424321 0.7681401968 -0.6282891631 -0.2818730474 -0.6341648102 -0.7199879289
-219.9 -39.2 2775.7 0.2936301827 0.4669744670 -0.8340960145 -0.2117518932 0.8826563954 0.4196174741 0.9321708083 0.0534090586 0.3580572903
-123.4 -108.8 3082.2 0.0276807193 0.4676976204 0.8834549785 0.0208743904 0.8833304644 -0.4682857692 -0.9993988276 0.0314040706 0.0146883205
-419.3 -422.6 2636.3 0.9610500336 -0.2760570645 -0.0132394787 -0.0055236118 0.0287091080 -0.9995725751 0.2763191760 0.9607123733 0.0260660592
-308.7 -434.1 2251.5 0.9610500336 -0.0275348816 -0.2749993205 -0.0055236118 0.9929122925 -0.1187209934 0.2763191760 0.1156158000 0.9540863037
-335.7 -416.5 2795.5 0.5987416506 -0.7901757956 0.1308839768 -0.1714225858 -0.2860497236 -0.9427565336 0.7823827267 0.5420311689 -0.3067238927
-39.2 -309.2 2592.1 0.5987416506 -0.2888067961 -0.7470602393 -0.1714225858 0.8649060726 -0.4717539251 0.7823827267 0.4105217457 0.4683473110
10.1 -151.7 2451.9 0 0 0 0 0 0 0 0 0
-116.4 -103.5 2828.0 0 0 0 0 0 0 0 0 0
-298.4 -808.0 2207.9 0 0 0 0 0 0 0 0 0
111.5 -760.6 2377.8 0 0 0 0 0 0 0 0 0
-234.8 149.3 2618.3 2 0.4395896792 0.2562268376 -0.8608767390 0.0338418595 0.9530426264 0.3009392917 0.8975609541 -0.1614234746 0.4102765024
-286.4 -42.6 2650.8 0.4395896792 0.2562268376 -0.8608767390 0.0338418595 0.9530426264 0.3009392917 0.8975609541 -0.1614234746 0.4102765024
-334.7 -228.9 2686.9 0.4458878040 0.2461601645 -0.8605749607 0.0577183515 0.9515326023 0.3020833135 0.8932259679 -0.1843662262 0.4100688100
-350.0 -50.8 2523.5 -0.5328307152 0.0832231045 -0.8421195745 0.5709535480 0.7698619366 -0.2851747870 0.6245826483 -0.6327610016 -0.4577226043
-226.4 -183.2 2378.7 -0.9513963461 0.0832231045 0.2965112031 -0.1275478899 0.7698619366 -0.6253352165 -0.2803150415 -0.6327610016 -0.7218288779
-222.9 -34.4 2778.0 0.2779376507 0.4745247066 -0.8352107406 -0.1953265220 0.8792220354 0.4345298409 0.9405308366 0.0423666090 0.3370561600
-131.5 -98.6 3087.2 0.0424971692 0.4755747020 0.8786482215 0.0001861340 0.8794389367 -0.4760116935 -0.9990965724 0.0203926954 0.0372851454
-418.6 -424.5 2635.0 0.9614995122 -0.2745394707 -0.0121162497 -0.0051107807 0.0262181349 -0.9996432066 0.2747591734 0.9612183571 0.0238056127
-309.5 -434.9 2252.9 0.9614995122 -0.0299494974 -0.2731698453 -0.0051107807 0.9919227958 -0.1267402023 0.2747591734 0.1232567579 0.9535802007
-342.6 -410.0 2803.7 0.5854051709 -0.8008331656 0.1263608783 -0.1611407995 -0.2676806748 -0.9499372244 0.7945655584 0.5357362628 -0.2857485414
-42.1 -309.6 2602.7 0.5854051709 -0.2864105403 -0.7584654093 -0.1611407995 0.8757522106 -0.4550732374 0.7945655584 0.3886219561 0.4665174484
15.0 -150.9 2449.8 0 0 0 0 0 0 0 0 0
-120.7 -98.5 2833.2 0 0 0 0 0 0 0 0 0
-298.2 -808.4 2206.4 0 0 0 0 0 0 0 0 0
107.3 -766.5 2399.9 0 0 0 0 0 0 0 0 0
-233.1 154.4 2617.8 3 0.4200837016 0.2613648474 -0.8690328598 0.0430719405 0.9508057237 0.3067789674 0.9064626098 -0.1663037688 0.3881604970
-285.7 -37.0 2651.3 0.4200837016 0.2613648474 -0.8690328598 0.0430719405 0.9508057237 0.3067789674 0.9064626098 -0.1663037688 0.3881604970
-335.0 -223.0 2687.9 0.4260083139 0.2518000305 -0.8689727783 0.0650112703 0.9494859576 0.3070014715 0.9023804069 -0.1872782111 0.3881190717
-346.4 -46.3 2522.7 -0.4925002158 0.0651254132 -0.8678722382 0.6061163545 0.7412737608 -0.2883335352 0.6245530248 -0.6680358648 -0.4045510590
-233.6 -185.1 2379.7 -0.9658964872 0.0651254132 0.2506046593 -0.1212979704 0.7412737608 -0.6601515412 -0.2287592888 -0.6680358648 -0.7080941200
-225.0 -27.8 2779.8 0.2565682828 0.4749614000 -0.8417745233 -0.1874030083 0.8788461089 0.4387591779 0.9481839538 0.0451793931 0.3144932389
-140.7 -89.3 3091.5 0.0647487864 0.4765034616 0.8767850399 -0.0087618446 0.8788663745 -0.4769875407 -0.9978631139 0.0232021082 0.0610805787
-423.2 -420.5 2642.2 0.9604032636 -0.2783329189 -0.0125025343 -0.0031013731 0.0341914073 -0.9994105101 0.2785963416 0.9598758817 0.0319743268
-310.1 -434.4 2252.1 0.9604032636 -0.0315441489 -0.2768221498 -0.0031013731 0.9922981858 -0.1238332018 0.2785963416 0.1197883412 0.9529086351
-345.9 -403.0 2806.1 0.5673486590 -0.8129657507 0.1311571151 -0.1548819542 -0.2617760301 -0.9526200294 0.8087812066 0.5201538205 -0.2744320035
-40.9 -304.8 2611.0 0.5673486590 -0.2934547365 -0.7694152594 -0.1548819542 0.8796467781 -0.4497033358 0.8087812066 0.3743070960 0.4536155760
12.2 -154.2 2437.9 0 0 0 0 0 0 0 0 0
-124.2 -91.6 2837.8 0 0 0 0 0 0 0 0 0
-298.2 -808.1 2207.0 0 0 0 0 0 0 0 0 0
112.2 -763.8 2415.7 0 0 0 0 0 0 0 0 0
-228.8 156.1 2619.5 4 0.4288486838 0.2642510235 -0.8638635278 0.0257886034 0.9522901773 0.3041025102 0.9030081630 -0.1526917964 0.4015737474
-282.1 -36.1 2650.3 0.4288486838 0.2642510235 -0.8638635278 0.0257886034 0.9522901773 0.3041025102 0.9030081630 -0.1526917964 0.4015737474
-331.2 -222.7 2683.7 0.4345080554 0.2504217029 -0.8651541471 0.0467392914 0.9530059099 0.2993246317 0.8994544148 -0.1704956442 0.4023841918
-344.1 -42.8 2522.2 -0.4879767597 0.0907458514 -0.8681266308 0.6183084846 0.7379502058 -0.2704147398 0.6160951853 -0.6687262058 -0.4162114561
-231.6 -185.3 2380.2 -0.9526677132 0.0907458514 0.2901541293 -0.1313187778 0.7379502058 -0.6619553566 -0.2741889954 -0.6687262058 -0.6911047101
-220.2 -29.4 2778.5 0.2654118240 0.4757325947 -0.8385910988 -0.2065184414 0.8776499629 0.4325281680 0.9417572618 0.0583864376 0.3311862648
-133.0 -97.3 3088.0 0.0553875491 0.4770657718 0.8771205544 0.0113439020 0.8781117201 -0.4783211946 -0.9984005094 0.0364430100 0.0432246700
-422.9 -414.8 2643.0 0.9606627822 -0.2772412002 -0.0162569862 -0.0027500775 0.0490384102 -0.9987931252 0.2777038217 0.9595481157 0.0463469401
-310.1 -434.8 2252.7 0.9606627822 -0.0330245718 -0.2757469118 -0.0027500775 0.9917246103 -0.1283538640 0.2777038217 0.1240631044 0.9526221156
-341.0 -405.1 2798.4 0.5748313665 -0.8081741929 0.1281536669 -0.1712605655 -0.2719712853 -0.9469432235 0.8001492023 0.5223849416 -0.2947459817
-37.8 -303.1 2602.4 0.5748313665 -0.2896240950 -0.7653017640 -0.1712605655 0.8719689250 -0.4586284161 0.8001492023 0.3946999907 0.4516338706
11.4 -151.8 2450.2 0 0 0 0 0 0 0 0 0
-118.9 -94.4 2834.2 0 0 0 0 0 0 0 0 0
-297.7 -808.3 2206.0 0 0 0 0 0 0 0 0 0
113.3 -758.0 2396.5 0 0 0 0 0 0 0 0 0
-227.6 157.7 2618.9 5 0.4230480492 0.2716681957 -0.8644227982 0.0232434385 0.9504285455 0.3100731373 0.9058091044 -0.1512680054 0.3957624435
-282.4 -34.1 2649.4 0.4230480492 0.2716681957 -0.8644227982 0.0232434385 0.9504285455 0.3100731373 0.9058091044 -0.1512680054 0.3957624435
-332.7 -220.5 2682.5 0.4288896918 0.2567292452 -0.8661083579 0.0442715660 0.9516410828 0.3040054739 0.9022713900 -0.1687287986 0.3967832327
-343.5 -40.5 2520.9 -0.4309148490 0.1012522280 -0.8966941237 0.6508860588 0.7231347561 -0.2311350852 0.6250277758 -0.6832452416 -0.3775131702
-246.2 -187.5 2379.7 -0.9493756294 0.1012522280 0.2973783016 -0.1350545436 0.7231347561 -0.6773746014 -0.2836302817 -0.6832452416 -0.6728519797
-221.3 -27.8 2778.0 0.2581098080 0.4801340699 -0.8383618593 -0.2080659419 0.8750280738 0.4370748699 0.9434446692 0.0616212375 0.3257528841
-136.4 -96.2 3088.2 0.0619554035 0.4816144705 0.8741905093 0.0111319153 0.8754851818 -0.4831167161 -0.9980168343 0.0396631062 0.0488797463
-419.5 -413.6 2635.8 0.9621945024 -0.2719871402 -0.0143093355 0.0007620238 0.0552258044 -0.9984735847 0.2723622322 0.9607148767 0.0533452258
-310.9 -435.6 2252.1 0.9621945024 -0.0383501574 -0.2696498334 0.0007620238 0.9904125333 -0.1381393820 0.2723622322 0.1327114701 0.9529986978
-344.2 -402.9 2797.0 0.5687152743 -0.8130049109 0.1248438358 -0.1744388342 -0.2675398290 -0.9476252198 0.8038246632 0.5171512961 -0.2939736247
-39.2 -302.5 2603.0 0.5687152743 -0.2874716520 -0.7706640363 -0.1744388342 0.8734734654 -0.4545494318 0.8038246632 0.3929429352 0.4466114640
-3.5 -153.0 2452.2 0 0 0 0 0 0 0 0 0
-120.7 -93.4 2834.4 0 0 0 0 0 0 0 0 0
-296.5 -808.6 2202.1 0 0 0 0 0 0 0 0 0
110.8 -758.3 2398.0 0 0 0 0 0 0 0 0 0
-227.8 157.1 2619.1 6 0.4326664209 0.2718170583 -0.8596017957 0.0109134354 0.9518177509 0.3064700067 0.9014880061 -0.1419804841 0.4088531137
-282.6 -34.8 2647.7 0.4326664209 0.2718170583 -0.8596017957 0.0109134354 0.9518177509 0.3064700067 0.9014880061 -0.1419804841 0.4088531137
-333.5 -221.2 2679.3 0.4386299551 0.2598937452 -0.8602668047 0.0322673395 0.9520970583 0.3040888011 0.8980882764 -0.1611409783 0.4092322290
-345.1 -39.4 2519.7 -0.4823647141 0.1258845329 -0.8668779135 0.6294021606 0.7380949259 -0.2430407256 0.6092431545 -0.6628491282 -0.4352629483
-233.4 -185.1 2378.6 -0.9381144047 0.1258845329 0.3226366937 -0.1287348419 0.7380949259 -0.6623014212 -0.3215100169 -0.6628491282 -0.6762117743
-220.1 -30.2 2775.7 0.2669442594 0.4853318334 -0.8325825930 -0.2196652442 0.8718334436 0.4377825856 0.9383431673 0.0660258979 0.3393414915
-132.3 -102.4 3084.2 0.0514896698 0.4865826070 0.8721159101 0.0217123535 0.8725224733 -0.4880913198 -0.9984374642 0.0440673493 0.0343610384
-421.8 -410.9 2634.0 0.9604566097 -0.2777926028 -0.0188234411 -0.0007996008 0.0648535118 -0.9978944659 0.2784284651 0.9584494233 0.0620668605
-311.0 -436.7 2251.8 0.9604566097 -0.0385112986 -0.2757534087 -0.0007996008 0.9900025129 -0.1410472840 0.2784284651 0.1356902868 0.9508237243
-344.8 -404.8 2792.0 0.5762872100 -0.8088565469 0.1168079674 -0.1860399395 -0.2690163255 -0.9449970126 0.7957902551 0.5228587389 -0.3055103123
-41.2 -303.8 2595.8 0.5762872100 -0.2787477374 -0.7682400346 -0.1860399395 0.8706075549 -0.4554466307 0.7957902551 0.4053914249 0.4498617947
5.7 -152.3 2460.6 0 0 0 0 0 0 0 0 0
-119.2 -96.9 2830.3 0 0 0 0 0 0 0 0 0
-296.5 -809.6 2200.6 0 0 0 0 0 0 0 0 0
104.2 -758.1 2384.3 0 0 0 0 0 0 0 0 0
-229.7 154.9 2619.7 7 0.4562174678 0.2704495192 -0.8477751613 0.0098179560 0.9511095285 0.3086977005 0.8898141384 -0.1491567045 0.4312575161
-284.1 -36.4 2649.7 0.4562174678 0.2704495192 -0.8477751613 0.0098179560 0.9511095285 0.3086977005 0.8898141384 -0.1491567045 0.4312575161
-335.4 -222.3 2683.6 0.4630098641 0.2619621158 -0.8467571735 0.0340637602 0.9493622780 0.3123313487 0.8856983185 -0.1734562367 0.4306406975
-350.1 -41.2 2523.5 -0.4747623801 0.1033857316 -0.8740206361 0.6269690990 0.7366713881 -0.2534265220 0.6176653504 -0.6683012843 -0.4145635366
-239.8 -186.8 2380.1 -0.9490947127 0.1033857316 0.2975410223 -0.1279301494 0.7366713881 -0.6640399694 -0.2878422141 -0.6683012843 -0.6859447956
-218.1 -31.5 2775.8 0.2907721996 0.4929544628 -0.8200289011 -0.2166001201 0.8687244058 0.4454236925 0.9319527745 0.0481015332 0.3593749106
-122.6 -102.7 3082.2 0.0245321672 0.4936162233 0.8693337440 0.0160182603 0.8692897558 -0.4940432608 -0.9995707273 0.0260451660 0.0134186894
-424.0 -410.6 2629.7 0.9580337405 -0.2859095633 -0.0206660684 -0.0024751443 0.0638403893 -0.9979570508 0.2866447866 0.9561276436 0.0604535751
-310.4 -436.0 2249.7 0.9580337405 -0.0356876627 -0.2844253182 -0.0024751443 0.9911531806 -0.1326999068 0.2866447866 0.1278349757 0.9494698644
-344.8 -405.2 2797.6 0.5963749886 -0.7961821556 0.1021316573 -0.1855711490 -0.2605381310 -0.9474614859 0.7809610963 0.5460896492 -0.3031268418
-46.2 -307.4 2592.8 0.5963749886 -0.2617048323 -0.7588461637 -0.1855711490 0.8748008609 -0.4475341737 0.7809610963 0.4077181518 0.4731444716
2.5 -154.1 2453.6 0 0 0 0 0 0 0 0 0
-116.3 -98.6 2828.0 0 0 0 0 0 0 0 0 0
-297.0 -809.3 2201.6 0 0 0 0 0 0 0 0 0
90.4 -763.9 2380.1 0 0 0 0 0 0 0 0 0
-228.1 155.1 2618.0 8 0.4508765340 0.2856404185 -0.8456476331 0.0179119557 0.9443264604 0.3285220563 0.8924065828 -0.1632700861 0.4206582606
-285.4 -34.2 2650.7 0.4508765340 0.2856404185 -0.8456476331 0.0179119557 0.9443264604 0.3285220563 0.8924065828 -0.1632700861 0.4206582606
-339.3 -218.8 2687.5 0.4583441615 0.2757365704 -0.8449200988 0.0430133380 0.9426613450 0.3309675157 0.8877333403 -0.1880398691 0.4202029705
-350.7 -40.3 2524.2 -0.5102798939 0.1133993715 -0.8524993062 0.6156167984 0.7403454185 -0.2700086236 0.6005251408 -0.6625928283 -0.4475939274
-230.7 -185.1 2383.0 -0.9442673326 0.1133993715 0.3090303838 -0.1271203309 0.7403454185 -0.6600977778 -0.3036439121 -0.6625928283 -0.6846686006
