-273.0 125.9 2695.1 82 0.3687793314 0.0860862508 -0.9255219698 -0.2306335717 0.9730396867 -0.0013911665 0.9004498720 0.2139694691 0.3786913157
-290.6 -72.1 2651.5 0.3687793314 0.0860862508 -0.9255219698 -0.2306335717 0.9730396867 -0.0013911665 0.9004498720 0.2139694691 0.3786913157
-306.9 -266.6 2614.2 0.3709923625 0.0822327137 -0.9249877930 -0.2049717456 0.9787561297 0.0048031076 0.9057324529 0.1878144592 0.3799664378
-344.8 -42.2 2519.2 -0.1979610771 0.3090817332 -0.9302042127 0.7877039909 0.6149598360 0.0366996042 0.5833814144 -0.7254604697 -0.3652030230
-297.4 -230.5 2379.7 -0.9010677338 0.3090817332 0.3042127490 -0.0546462461 0.6149598360 -0.7866626978 -0.4302216768 -0.7254604697 -0.5372303128
-236.4 -102.1 2783.8 0.3446724415 0.3343692422 -0.8771533966 -0.3201763034 0.9202541113 0.2249877006 0.8824330568 0.2032966763 0.4242433310
-112.6 -217.0 3100.6 0.1543177366 0.3343692422 0.9297221303 0.1593397558 0.9202541113 -0.3574117422 -0.9750881195 0.2032966763 0.0887332186
-358.3 -440.1 2493.9 0.7519067526 -0.5746284723 -0.3231692016 -0.1743020117 0.2994785607 -0.9380465746 0.6358104944 0.7616526484 0.1250210553
-138.4 -554.7 2202.5 0.7519067526 0.4740737975 -0.4581378102 -0.1743020117 0.8131407499 0.5553566217 0.6358104944 -0.3377220631 0.6940380335
-289.5 -477.8 2659.7 0.4524668753 -0.8701574206 -0.1951917559 -0.1857023984 0.1221443489 -0.9749848247 0.8722318411 0.4773959219 -0.1063240394
65.2 -527.6 2465.1 0.4524668753 0.5808852911 -0.6766431928 -0.1857023984 0.8034946322 0.5656067729 0.8722318411 -0.1302640736 0.4714264870
-59.8 -216.1 2493.2 0 0 0 0 0 0 0 0 0
-50.9 -153.2 2710.4 0 0 0 0 0 0 0 0 0
-319.6 -865.5 2331.5 0 0 0 0 0 0 0 0 0
-156.5 -834.3 2514.8 0 0 0 0 0 0 0 0 0
-272.3 125.1 2695.4 83 0.3841916919 0.0854520127 -0.9192903042 -0.2331699729 0.9724103808 -0.0070571164 0.8933244348 0.2170621902 0.3935168087
-289.8 -73.8 2651.0 0.3841916919 0.0854520127 -0.9192903042 -0.2331699729 0.9724103808 -0.0070571164 0.8933244348 0.2170621902 0.3935168087
-305.9 -268.1 2612.7 0.3862426281 0.0813658983 -0.9188014865 -0.2091920078 0.9778736830 -0.0013422963 0.8983625770 0.1927243769 0.3947176039
-346.2 -43.2 2519.8 -0.2118955851 0.3093852103 -0.9270280600 0.7831365466 0.6212048531 0.0283145942 0.5846344233 -0.7199898362 -0.3739214242
-295.3 -231.4 2379.3 -0.8985999227 0.3093852103 0.3111253381 -0.0567342751 0.6212048531 -0.7815918326 -0.4350855052 -0.7199898362 -0.5406618714
-233.3 -104.4 2782.2 0.3600079119 0.3339466751 -0.8711336851 -0.3243524730 0.9202956557 0.2187496573 0.8747512698 0.2038027644 0.4396301508
-104.1 -220.8 3096.2 0.1380663961 0.3339466751 0.9324254990 0.1661253572 0.9202956557 -0.3542009294 -0.9763913155 0.2038027644 0.0715848953
-357.3 -442.3 2493.8 0.7513134480 -0.5723671317 -0.3285178840 -0.1840554327 0.2963130474 -0.9371884465 0.6337599754 0.7645877600 0.1172766909
-140.4 -554.6 2204.1 0.7513134480 0.4717261195 -0.4615220428 -0.1840554327 0.8213615417 0.5398970246 0.6337599754 -0.3206862509 0.7039237022
-289.2 -479.9 2660.0 0.4550377429 -0.8706282973 -0.1869411170 -0.1762965322 0.1176981330 -0.9772751331 0.8728460073 0.4776541293 -0.0999316499
63.6 -527.6 2466.4 0.4550377429 0.5681036711 -0.6857104897 -0.1762965322 0.8122850657 0.5559788346 0.8728460073 -0.1321029961 0.4697750807
-57.3 -216.4 2494.6 0 0 0 0 0 0 0 0 0
-48.9 -154.3 2705.5 0 0 0 0 0 0 0 0 0
-320.6 -868.4 2326.6 0 0 0 0 0 0 0 0 0
-153.4 -837.8 2516.9 0 0 0 0 0 0 0 0 0
-270.2 129.0 2695.1 84 0.3873878121 0.1008741483 -0.9163815379 -0.2312369347 0.9728526473 0.0093381554 0.8924461603 0.2082837671 0.4001970887
-290.9 -69.8 2652.5 0.3873878121 0.1008741483 -0.9163815379 -0.2312369347 0.9728526473 0.0093381554 0.8924461603 0.2082837671 0.4001970887
-308.9 -264.3 2615.9 0.3899493515 0.0905704647 -0.9163713455 -0.2051250488 0.9786902070 0.0094416384 0.8976988196 0.1842889637 0.4002178907
-347.8 -39.8 2521.4 -0.2132221758 0.3064377904 -0.9277026653 0.7942658663 0.6073021889 0.0180502310 0.5689271092 -0.7329937816 -0.3728833497
-295.6 -234.3 2382.1 -0.8998993039 0.3064377904 0.3102855682 -0.0661804527 0.6073021889 -0.7917096615 -0.4310468733 -0.7329937816 -0.5262306333
-233.9 -99.7 2783.7 0.3626259863 0.3427318037 -0.8666241169 -0.3202513456 0.9191163182 0.2294869721 0.8751808405 0.1943195760 0.4430557787
-103.7 -214.7 3097.8 0.1335051060 0.3427318037 0.9298985600 0.1570951939 0.9191163182 -0.3613118827 -0.9785180092 0.1943195760 0.0688652024
-357.5 -443.3 2492.0 0.7472012043 -0.5777878165 -0.3284076452 -0.1875725687 0.2907155454 -0.9382435679 0.6375789046 0.7626569867 0.1088458672
-140.1 -552.7 2205.0 0.7472012043 0.4724001586 -0.4674702585 -0.1875725687 0.8246912360 0.5335736871 0.6375789046 -0.3110023141 0.7048196197
-286.7 -481.6 2656.8 0.4534823895 -0.8734849095 -0.1771379560 -0.1650131792 0.1130277738 -0.9797935486 0.8758563399 0.4735492170 -0.0928804129
64.9 -527.1 2466.2 0.4534823895 0.5708858371 -0.6844290495 -0.1650131792 0.8084323406 0.5649847984 0.8758563399 -0.1432708502 0.4608134925
-55.5 -216.6 2497.1 0 0 0 0 0 0 0 0 0
-50.3 -151.8 2706.3 0 0 0 0 0 0 0 0 0
-320.6 -867.8 2323.9 0 0 0 0 0 0 0 0 0
-153.2 -835.9 2520.9 0 0 0 0 0 0 0 0 0
-270.3 130.1 2695.4 85 0.3917373419 0.1029841080 -0.9142954350 -0.2325832695 0.9725261927 0.0098908916 0.8901948333 0.2087751925 0.4049271941
-291.4 -69.1 2652.7 0.3917373419 0.1029841080 -0.9142954350 -0.2325832695 0.9725261927 0.0098908916 0.8901948333 0.2087751925 0.4049271941
-310.3 -263.6 2616.2 0.3944143057 0.0950820893 -0.9140003920 -0.2062150240 0.9784229994 0.0127968788 0.8954957724 0.1834333390 0.4055114090
-349.0 -39.0 2521.9 -0.2108362317 0.3104064167 -0.9269282222 0.7936453819 0.6079432368 0.0230657216 0.5706794858 -0.7307892442 -0.3745290935
-297.3 -233.7 2381.8 -0.8988913894 0.3104064167 0.3092605472 -0.0623859838 0.6079432368 -0.7915257812 -0.4337075353 -0.7307892442 -0.5271099210
-233.8 -99.3 2783.5 0.3665557206 0.3470858932 -0.8632313013 -0.3212513924 0.9179640412 0.2326790392 0.8731749058 0.1920244247 0.4479868114
-102.2 -214.6 3096.9 0.1283911467 0.3470858932 0.9290032983 0.1563154012 0.9179640412 -0.3645647764 -0.9793269038 0.1920244247 0.0636035949
-362.6 -439.9 2497.0 0.7445595860 -0.5812723637 -0.3282582760 -0.1888467968 0.2882390618 -0.9387518764 0.6402873993 0.7609472275 0.1048397273
-138.5 -551.1 2203.6 0.7445595860 0.4810276330 -0.4628643990 -0.1888467968 0.8168246150 0.5451003313 0.6402873993 -0.3184492290 0.6990151405
-291.1 -477.5 2661.6 0.4499893486 -0.8680393696 -0.2098028958 -0.2093260139 0.1258628219 -0.9697118998 0.8681544662 0.4802772403 -0.1250662804
67.1 -529.5 2463.4 0.4499893486 0.5898728371 -0.6704921126 -0.2093260139 0.7995558977 0.5629324913 0.8681544662 -0.1129622087 0.4832673669
-54.8 -216.9 2498.8 0 0 0 0 0 0 0 0 0
-50.8 -152.0 2705.0 0 0 0 0 0 0 0 0 0
-322.3 -863.2 2325.3 0 0 0 0 0 0 0 0 0
-158.1 -834.8 2506.6 0 0 0 0 0 0 0 0 0
-269.8 129.8 2686.1 86 0.4103619456 0.1085870862 -0.9054346681 -0.2222986817 0.9748446941 0.0161608793 0.8844130039 0.1946451217 0.4241779149
-292.1 -70.9 2646.0 0.4103619456 0.1085870862 -0.9054346681 -0.2222986817 0.9748446941 0.0161608793 0.8844130039 0.1946451217 0.4241779149
-309.8 -265.8 2611.3 0.4130098224 0.0889842659 -0.9063689709 -0.1960920542 0.9805611372 0.0069139241 0.8893653750 0.1748762280 0.4224304855
-352.5 -42.3 2516.1 -0.2062853724 0.3214487731 -0.9241845012 0.7958305478 0.6046375036 0.0326685831 0.5692979097 -0.7287551761 -0.3805466294
-303.1 -232.9 2379.8 -0.9130689502 0.3214487731 0.2509498298 -0.0060411589 0.6046375036 -0.7964778543 -0.4077605307 -0.7287551761 -0.5501338243
-231.8 -99.6 2775.9 0.3858578205 0.3416791558 -0.8569533825 -0.3115448058 0.9225795865 0.2275668830 0.8683626056 0.1791709065 0.4624329209
-93.3 -211.4 3087.6 0.1086028591 0.3416791558 0.9335206151 0.1506079435 0.9225795865 -0.3551958799 -0.9826101065 0.1791709065 0.0487351902
-365.3 -439.1 2497.6 0.7499803901 -0.5812433362 -0.3157303631 -0.1727512777 0.2886410654 -0.9417235851 0.6385033131 0.7608170509 0.1160646081
-139.7 -551.1 2202.3 0.7499803901 0.4671925306 -0.4682526886 -0.1727512777 0.8216826916 0.5431340337 0.6385033131 -0.3264485896 0.6969540119
-293.0 -476.9 2661.9 0.4509502947 -0.8686609268 -0.2051145434 -0.1957446933 0.1279620975 -0.9722703695 0.8708202243 0.4785957038 -0.1123312190
63.9 -529.5 2465.3 0.4509502947 0.5677559376 -0.6886922717 -0.1957446933 0.8157266378 0.5443106294 0.8708202243 -0.1106491983 0.4789873660
-55.9 -231.2 2490.2 0 0 0 0 0 0 0 0 0
-49.8 -151.1 2694.4 0 0 0 0 0 0 0 0 0
-318.2 -865.1 2327.0 0 0 0 0 0 0 0 0 0
-152.9 -841.0 2507.5 0 0 0 0 0 0 0 0 0
-270.8 128.6 2691.4 87 0.3727743030 0.1083418727 -0.9215754867 -0.2254067361 0.9739854336 0.0233269800 0.9001283646 0.1990336180 0.3874977529
-293.0 -71.1 2650.6 0.3727743030 0.1083418727 -0.9215754867 -0.2254067361 0.9739854336 0.0233269800 0.9001283646 0.1990336180 0.3874977529
-308.8 -266.3 2617.1 0.3765256405 0.0792425275 -0.9230108857 -0.1862816364 0.9824608564 0.0083562108 0.9074842334 0.1687936485 0.3846831322
-347.9 -43.9 2518.1 -0.1871476769 0.3132211566 -0.9310575724 0.7985796928 0.6004577875 0.0414837562 0.5720543861 -0.7357600927 -0.3625063598
-303.4 -234.0 2381.9 -0.9095956683 0.3132211566 0.2729985118 -0.0330285616 0.6004577875 -0.7989740372 -0.4141796827 -0.7357600927 -0.5358285904
-238.0 -98.3 2783.1 0.3505518138 0.3316911161 -0.8758392930 -0.3020106256 0.9252600670 0.2295285910 0.8865116835 0.1840511113 0.4245258570
-112.2 -206.7 3101.4 0.1485971808 0.3316911161 0.9316114187 0.1414182633 0.9252600670 -0.3519867659 -0.9787337780 0.1840511113 0.0905838609
-365.3 -442.6 2494.9 0.7531452775 -0.5830414295 -0.3046883047 -0.1637174487 0.2824660540 -0.9452034235 0.6371568441 0.7617582679 0.1172839031
-142.7 -550.5 2204.1 0.7531452775 0.4534707069 -0.4765884578 -0.1637174487 0.8308663964 0.5318436623 0.6371568441 -0.3225296736 0.7000041604
-289.6 -478.6 2658.0 0.4533690214 -0.8735035658 -0.1773358434 -0.1522193551 0.1201571226 -0.9810155630 0.8782287836 0.4717560112 -0.0784886330
65.0 -527.4 2466.5 0.4533690214 0.5636227727 -0.6904968619 -0.1522193551 0.8122668266 0.5630735755 0.8782287836 -0.1501731426 0.4540509284
-56.4 -225.0 2494.4 0 0 0 0 0 0 0 0 0
-52.7 -150.1 2709.7 0 0 0 0 0 0 0 0 0
-316.0 -867.9 2327.3 0 0 0 0 0 0 0 0 0
-150.2 -837.4 2523.9 0 0 0 0 0 0 0 0 0
-268.7 129.6 2683.1 88 0.3905604482 0.1124363840 -0.9136851430 -0.2173189223 0.9757222533 0.0271762181 0.8945585489 0.1879471242 0.4055130780
-291.7 -70.5 2644.6 0.3905604482 0.1124363840 -0.9136851430 -0.2173189223 0.9757222533 0.0271762181 0.8945585489 0.1879471242 0.4055130780
-308.1 -266.0 2613.3 0.3945647776 0.0824813917 -0.9151586890 -0.1770567298 0.9841230512 0.0123601435 0.9016482234 0.1571581215 0.4029041529
-349.3 -44.6 2512.9 -0.2513155043 0.3160968125 -0.9148351550 0.8084396720 0.5882779956 -0.0188237429 0.5322272778 -0.7443196774 -0.4033885896
-289.1 -238.3 2385.4 -0.8979738951 0.3160968125 0.3061465621 -0.0676495135 0.5882779956 -0.8058241606 -0.4348177314 -0.7443196774 -0.5068745017
-234.1 -96.4 2776.2 0.3681910038 0.3351904154 -0.8672270179 -0.2929911315 0.9270578623 0.2339228541 0.8823783398 0.1679615378 0.4395422041
-101.9 -201.5 3093.0 0.1290381849 0.3351904154 0.9332719445 0.1314219385 0.9270578623 -0.3511295617 -0.9828923941 0.1679615378 0.0755744874
-359.0 -444.4 2500.4 0.7588283420 -0.5695464611 -0.3159055412 -0.1842686385 0.2774793208 -0.9428946376 0.6246795654 0.7737066746 0.1056096181
-141.8 -550.3 2205.3 0.7588283420 0.4607698619 -0.4602940977 -0.1842686385 0.8297547698 0.5268321037 0.6246795654 -0.3149573803 0.7145469189
-290.0 -478.6 2666.7 0.4599181712 -0.8658803701 -0.1967904568 -0.1937504411 0.1184232682 -0.9738771319 0.8665656447 0.4860320389 -0.1132996827
66.4 -527.3 2466.6 0.4599181712 0.5720394254 -0.6791510582 -0.1937504411 0.8110628724 0.5519399643 0.8665656447 -0.1222614199 0.4838554561
-43.2 -219.8 2504.5 0 0 0 0 0 0 0 0 0
-50.3 -148.9 2699.7 0 0 0 0 0 0 0 0 0
-317.8 -867.3 2325.6 0 0 0 0 0 0 0 0 0
-151.9 -837.0 2513.3 0 0 0 0 0 0 0 0 0
-267.0 130.8 2679.4 89 0.4102972448 0.1100673750 -0.9052852392 -0.2072627693 0.9779666662 0.0249676891 0.8880869150 0.1773877591 0.4240698814
-289.5 -69.3 2643.1 0.4102972448 0.1100673750 -0.9052852392 -0.2072627693 0.9779666662 0.0249676891 0.8880869150 0.1773877591 0.4240698814
-306.7 -265.0 2613.1 0.4136757255 0.0865673721 -0.9062993526 -0.1735407561 0.9847148061 0.0148456153 0.8937314749 0.1511386037 0.4223755896
-349.9 -44.0 2512.6 -0.2971863151 0.3169713914 -0.9006716609 0.8098288178 0.5833915472 -0.0619000196 0.5058236718 -0.7477856874 -0.4300685525
-276.6 -243.8 2387.8 -0.8860778809 0.3169713914 0.3382234871 -0.0990146250 0.5833915472 -0.8061329722 -0.4528378248 -0.7477856874 -0.4855455458
-229.1 -94.7 2773.7 0.3868082762 0.3394072652 -0.8574275970 -0.2895341218 0.9274843335 0.2365222871 0.8755280375 0.1567657739 0.4570285976
-90.2 -198.6 3088.0 0.1080304682 0.3394072652 0.9344154000 0.1271208972 0.9274843335 -0.3515865207 -0.9859866500 0.1567657739 0.0570508130
-360.7 -445.4 2499.5 0.7591945529 -0.5736269951 -0.3075315952 -0.1706551611 0.2805296183 -0.9445527792 0.6280927062 0.7695811987 0.1150841564
-139.6 -553.5 2202.9 0.7591945529 0.4639487863 -0.4564812779 -0.1706551611 0.8187031150 0.5482718349 0.6280927062 -0.3383441269 0.7007302046
-288.3 -477.8 2664.7 0.4604966044 -0.8658298254 -0.1956568062 -0.1969213486 0.1152806357 -0.9736181498 0.8655431271 0.4868768454 -0.1174140349
67.1 -525.2 2464.9 0.4604966044 0.5820068121 -0.6702320576 -0.1969213486 0.8032206893 0.5621908307 0.8655431271 -0.1269039661 0.4844899476
-33.1 -216.5 2512.3 0 0 0 0 0 0 0 0 0
-47.0 -147.7 2693.4 0 0 0 0 0 0 0 0 0
-316.8 -866.2 2332.1 0 0 0 0 0 0 0 0 0
-155.2 -831.9 2513.3 0 0 0 0 0 0 0 0 0
-268.8 127.8 2677.6 90 0.4034354389 0.0939943492 -0.9101675153 -0.1924780905 0.9811706543 0.0160102583 0.8945345283 0.1687282026 0.4139308631
-288.1 -73.5 2643.0 0.4034354389 0.0939943492 -0.9101675153 -0.1924780905 0.9811706543 0.0160102583 0.8945345283 0.1687282026 0.4139308631
-304.0 -269.3 2612.8 0.4052878618 0.0799868926 -0.9106831551 -0.1715424955 0.9851241112 0.0101823891 0.8979504108 0.1520940661 0.4129799902
-347.3 -48.5 2511.8 -0.3726811409 0.3368027508 -0.8646807075 0.8072783947 0.5771853328 -0.1231204122 0.4576137364 -0.7439227104 -0.4869996905
-255.6 -246.9 2399.3 -0.8522880673 0.3368027508 0.4002111852 -0.1489384174 0.5771853328 -0.8029161692 -0.5014203787 -0.7439227104 -0.4417653084
-228.8 -98.6 2774.1 0.3792007565 0.3330430686 -0.8633012772 -0.2876688540 0.9291802645 0.2321006358 0.8794620037 0.1603321433 0.4481519759
-92.7 -201.9 3089.8 0.1175741106 0.3330430686 0.9355525970 0.1277890801 0.9291802645 -0.3468343019 -0.9848077297 0.1603321433 0.0666882694
-361.8 -444.7 2501.2 0.7593473792 -0.5742591023 -0.3059706688 -0.1728419065 0.2753207684 -0.9456871152 0.6273095608 0.7709895968 0.1098080650
-138.5 -551.8 2201.3 0.7593473792 0.4664298296 -0.4536901712 -0.1728419065 0.8167893291 0.5504369736 0.6273095608 -0.3395562172 0.7008454204
-286.0 -476.6 2665.0 0.4643401206 -0.8607839942 -0.2084207088 -0.1947840601 0.1303118914 -0.9721512198 0.8639718890 0.4920058548 -0.1071579605
65.5 -529.8 2464.1 0.4643401206 0.5903284550 -0.6602276564 -0.1947840601 0.7952834964 0.5740935206 0.8639718890 -0.1379728168 0.4842686057
-21.8 -206.1 2536.9 0 0 0 0 0 0 0 0 0
-45.7 -150.7 2695.7 0 0 0 0 0 0 0 0 0
-316.7 -863.9 2331.0 0 0 0 0 0 0 0 0 0
-160.0 -833.6 2516.8 0 0 0 0 0 0 0 0 0
-270.2 126.5 2676.2 91 0.4042095840 0.0800244957 -0.9111589789 -0.1891034693 0.9819543362 0.0023519145 0.8949047327 0.1713526547 0.4120482802
-286.6 -75.4 2640.9 0.4042095840 0.0800244957 -0.9111589789 -0.1891034693 0.9819543362 0.0023519145 0.8949047327 0.1713526547 0.4120482802
-300.9 -271.3 2610.3 0.4056794643 0.0719431490 -0.9111796618 -0.1700744182 0.9854289889 0.0020842946 0.8980528116 0.1541227996 0.4120039940
-345.9 -50.6 2509.8 -0.4616675973 0.4052807689 -0.7890567183 0.7940048575 0.5854046345 -0.1638831198 0.3954987824 -0.7021744251 -0.5920572281
-231.1 -248.0 2411.5 -0.7769389749 0.4052807689 0.4817814231 -0.1842222661 0.5854046345 -0.7895337343 -0.6020199060 -0.7021744251 -0.3801619411
-227.4 -100.3 2772.1 0.3805417120 0.3254295588 -0.8656116724 -0.2863687873 0.9314936996 0.2243041694 0.8793070912 0.1625270694 0.4476650953
-90.7 -203.1 3087.8 0.1176088825 0.3254295588 0.9382237196 0.1306743026 0.9314936996 -0.3394755721 -0.9844248891 0.1625270694 0.0670266524
-357.0 -449.3 2500.2 0.7678135633 -0.5649771690 -0.3020979762 -0.1697481573 0.2752817869 -0.9462586641 0.6177765727 0.7778308392 0.1154612526
-141.5 -554.3 2203.5 0.7678135633 0.4570377469 -0.4489753544 -0.1697481573 0.8208656311 0.5453119874 0.6177765727 -0.3424851894 0.7078530788
-282.7 -480.8 2664.9 0.4742507339 -0.8568703532 -0.2021372169 -0.2066838592 0.1148202643 -0.9716470838 0.8557850122 0.5025828481 -0.1226476654
67.0 -527.6 2459.8 0.4742507339 0.5877607465 -0.6554567814 -0.2066838592 0.7980303764 0.5660647154 0.8557850122 -0.1329842806 0.4999471605
-17.3 -197.3 2577.1 0 0 0 0 0 0 0 0 0
-43.7 -150.8 2693.8 0 0 0 0 0 0 0 0 0
-316.1 -868.0 2334.3 0 0 0 0 0 0 0 0 0
-157.5 -832.5 2510.6 0 0 0 0 0 0 0 0 0
-269.4 126.3 2676.0 92 0.4110809267 0.0865519494 -0.9074807167 -0.1934166849 0.9810985923 0.0059572463 0.8908436894 0.1730729938 0.4200515151
-287.2 -74.9 2640.5 0.4110809267 0.0865519494 -0.9074807167 -0.1934166849 0.9810985923 0.0059572463 0.8908436894 0.1730729938 0.4200515151
-301.9 -270.7 2610.0 0.4129684269 0.0743384734 -0.9077063799 -0.1703467071 0.9853789806 0.0031990060 0.8946726322 0.1533037126 0.4195937216
-347.5 -50.0 2509.8 -0.5351779461 0.4603366852 -0.7082899809 0.7671101689 0.6159492731 -0.1793000102 0.3537323475 -0.6392938495 -0.6827714443
-211.3 -245.2 2419.8 -0.6973313093 0.4603366852 0.5493807197 -0.1947639585 0.6159492731 -0.7633305192 -0.6897796988 -0.6392938495 -0.3398637474
-226.8 -99.8 2771.2 0.3875439465 0.3278251886 -0.8615917563 -0.2866164744 0.9311590791 0.2253746390 0.8761624694 0.1596038193 0.4548251629
-87.7 -202.7 3085.7 0.1095360443 0.3278251886 0.9383669496 0.1303375512 0.9311590791 -0.3405214548 -0.9854004383 0.1596038193 0.0592675507
-352.4 -451.5 2497.4 0.7726113200 -0.5582216382 -0.3024240732 -0.1751174778 0.2704935074 -0.9466610551 0.6102504134 0.7843607664 0.1112319753
-142.3 -553.3 2202.2 0.7726113200 0.4540664256 -0.4437289834 -0.1751174778 0.8242204785 0.5385113358 0.6102504134 -0.3383552730 0.7163170576
-278.0 -482.7 2662.1 0.4680963457 -0.8598333001 -0.2038933337 -0.2104691565 0.1156126410 -0.9707401395 0.8582473397 0.4973131716 -0.1268505305
64.3 -528.7 2464.0 0.4680963457 0.5718693733 -0.6736847758 -0.2104691565 0.8125755191 0.5435289741 0.8582473397 -0.1126340702 0.5007244945
-15.9 -190.6 2613.1 0 0 0 0 0 0 0 0 0
-43.9 -150.5 2691.4 0 0 0 0 0 0 0 0 0
-315.8 -868.2 2331.5 0 0 0 0 0 0 0 0 0
-154.1 -839.1 2507.1 0 0 0 0 0 0 0 0 0
-268.5 128.2 2686.9 93 0.3928473592 0.0931069776 -0.9148781300 -0.2140454948 0.9767948985 0.0074974084 0.8943464160 0.1928802133 0.4036604464
-287.7 -72.4 2647.3 0.3928473592 0.0931069776 -0.9148781300 -0.2140454948 0.9767948985 0.0074974084 0.8943464160 0.1928802133 0.4036604464
-304.2 -267.5 2613.5 0.3950996995 0.0834598541 -0.9148391485 -0.1890592277 0.9819336534 0.0079301288 0.8989732265 0.1698255986 0.4037405550
-345.4 -44.8 2516.0 -0.3876984119 0.3917239606 -0.8344113231 0.7891114950 0.6089139581 -0.0807887912 0.4764378071 -0.6897652745 -0.5451888442
-251.9 -235.0 2401.1 -0.8155763745 0.3917239606 0.4258961678 -0.1172190458 0.6089139581 -0.7845275402 -0.5666523576 -0.6897652745 -0.4506983459
-229.9 -100.0 2778.5 0.3686101437 0.3361272216 -0.8666862845 -0.3047115505 0.9245155454 0.2289583534 0.8782240152 0.1796929538 0.4432076216
-97.6 -209.3 3093.8 0.1284009367 0.3361272216 0.9330228567 0.1440290362 0.9245155454 -0.3528833985 -0.9812078476 0.1796929538 0.0702965781
-354.6 -450.9 2497.5 0.7726177573 -0.5606082678 -0.2979599535 -0.1668372303 0.2735424638 -0.9472802281 0.6125578284 0.7815963626 0.1178134307
-144.5 -553.4 2204.7 0.7726177573 0.4464117289 -0.4514181316 -0.1668372303 0.8288129568 0.5340734124 0.6125578284 -0.3373212516 0.7148337364
-278.8 -482.1 2661.6 0.4582099020 -0.8623105288 -0.2155556381 -0.2380500585 0.1145987436 -0.9644684196 0.8563736677 0.4932419956 -0.1527628005
66.2 -528.0 2464.2 0.4582099020 0.5870958567 -0.6673545837 -0.2380500585 0.8044409156 0.5442489982 0.8563736677 -0.0905164704 0.5083609819
-32.9 -203.5 2553.3 0 0 0 0 0 0 0 0 0
-46.2 -151.7 2701.2 0 0 0 0 0 0 0 0 0
-315.1 -870.1 2333.6 0 0 0 0 0 0 0 0 0
-158.0 -835.2 2498.8 0 0 0 0 0 0 0 0 0
-268.6 130.1 2690.8 94 0.3897902668 0.0992263556 -0.9155423045 -0.2184936106 0.9757553339 0.0127290273 0.8946083188 0.1950784922 0.4020202458
-288.9 -69.9 2650.8 0.3897902668 0.0992263556 -0.9155423045 -0.2184936106 0.9757553339 0.0127290273 0.8946083188 0.1950784922 0.4020202458
-306.4 -264.9 2617.0 0.3923799694 0.0881673172 -0.9155678153 -0.1914459914 0.9814240336 0.0124621559 0.8996590376 0.1703918874 0.4019704163
-346.2 -41.9 2519.4 -0.3823258281 0.3410687149 -0.8587776423 0.7954671383 0.5943816900 -0.1180778742 0.4701690674 -0.7282736301 -0.4985564649
-251.3 -239.4 2402.7 -0.8606392741 0.3410687149 0.3781166077 -0.1141817793 0.5943816900 -0.7960357666 -0.4962484837 -0.7282736301 -0.4726043940
-231.6 -97.8 2782.2 0.3653376698 0.3405171335 -0.8663581610 -0.3069525063 0.9227060676 0.2332244664 0.8788108826 0.1807251275 0.4416218698
-100.4 -208.0 3097.7 0.1310412586 0.3405171335 0.9310619235 0.1437630802 0.9227060676 -0.3576949239 -0.9808977246 0.1807251275 0.0719587803
-357.0 -445.2 2497.3 0.7669281363 -0.5654225945 -0.3035103679 -0.1652609408 0.2829865515 -0.9447790384 0.6200887561 0.7747360468 0.1235880852
-142.9 -552.4 2203.9 0.7669281363 0.4491394460 -0.4583612084 -0.1652609408 0.8283934593 0.5352131128 0.6200887561 -0.3347207904 0.7095434666
-284.6 -479.9 2662.2 0.4567225575 -0.8649564981 -0.2079777718 -0.2157495171 0.1191104949 -0.9691567421 0.8630507588 0.4875068367 -0.1322135031
67.1 -528.3 2464.0 0.4567225575 0.5875912905 -0.6679378748 -0.2157495171 0.8015675545 0.5576213598 0.8630507588 -0.1105709672 0.4928665161
-21.3 -208.8 2535.4 0 0 0 0 0 0 0 0 0
-48.0 -150.5 2705.2 0 0 0 0 0 0 0 0 0
-314.5 -869.0 2331.8 0 0 0 0 0 0 0 0 0
-157.4 -834.5 2506.2 0 0 0 0 0 0 0 0 0
-269.1 128.2 2683.3 95 0.3965776265 0.1017977893 -0.9123395085 -0.2023825198 0.9790754914 0.0212720651 0.8954147100 0.1762055457 0.4088815153
-289.9 -72.1 2647.3 0.3965776265 0.1017977893 -0.9123395085 -0.2023825198 0.9790754914 0.0212720651 0.8954147100 0.1762055457 0.4088815153
-307.4 -267.6 2616.2 0.3988817334 0.0883191526 -0.9127393365 -0.1785937995 0.9837735295 0.0171442572 0.8994429708 0.1561710536 0.4081825316
-348.2 -46.0 2515.9 -0.4284691215 0.3247435689 -0.8431819677 0.7922153473 0.5837866664 -0.1777301431 0.4345216751 -0.7441335320 -0.5074014068
-240.8 -244.5 2407.0 -0.8695496917 0.3247435689 0.3720550537 -0.1252133846 0.5837866664 -0.8021937013 -0.4777080119 -0.7441335320 -0.4669692814
-231.6 -98.2 2778.6 0.3718163967 0.3407973349 -0.8634869456 -0.2944038808 0.9254473448 0.2384816855 0.8803856969 0.1655425131 0.4444285631
-98.1 -203.8 3094.7 0.1240072548 0.3407973349 0.9319223762 0.1302949637 0.9254473448 -0.3557673097 -0.9836897254 0.1655425131 0.0703580081
-359.9 -442.3 2500.6 0.7598770857 -0.5686236024 -0.3150460422 -0.1792753339 0.2825382650 -0.9423547387 0.6248577237 0.7725538015 0.1127541810
-140.1 -551.5 2202.0 0.7598770857 0.4607883990 -0.4585420787 -0.1792753339 0.8265650868 0.5335265398 0.6248577237 -0.3232093155 0.7106958628
-287.9 -477.4 2665.6 0.4651406705 -0.8613773584 -0.2041402608 -0.1951423585 0.1251600534 -0.9727560878 0.8634602427 0.4923048317 -0.1098741814
70.7 -529.5 2460.7 0.4651406705 0.6093543768 -0.6421303749 -0.1951423585 0.7781137824 0.5970413685 0.8634602427 -0.1524013728 0.4808432162
-7.7 -211.0 2535.1 0 0 0 0 0 0 0 0 0
-48.5 -151.7 2701.0 0 0 0 0 0 0 0 0 0
-316.2 -867.4 2325.5 0 0 0 0 0 0 0 0 0
-161.8 -826.4 2518.8 0 0 0 0 0 0 0 0 0
-267.7 129.5 2680.0 96 0.4043582082 0.1039653420 -0.9086724520 -0.1946449578 0.9805403948 0.0255712960 0.8936485648 0.1665285528 0.4167258739
-289.0 -70.8 2646.0 0.4043582082 0.1039653420 -0.9086724520 -0.1946449578 0.9805403948 0.0255712960 0.8936485648 0.1665285528 0.4167258739
-306.7 -266.6 2616.7 0.4066559374 0.0891493857 -0.9092212915 -0.1712579131 0.9850234985 0.0199854430 0.8973860145 0.1475841403 0.4158332050
-348.4 -45.8 2514.9 -0.4502114952 0.3062810898 -0.8387499452 0.7929208875 0.5690652728 -0.2178100199 0.4105924070 -0.7631229162 -0.4990563989
-233.9 -247.5 2410.5 -0.8809385896 0.3062810898 0.3607480228 -0.1343565732 0.5690652728 -0.8112416267 -0.4537571669 -0.7631229162 -0.4601606727
-229.5 -95.9 2777.1 0.3794877231 0.3417283297 -0.8597736955 -0.2872278988 0.9268856645 0.2416259497 0.8794823289 0.1552569121 0.4498956501
-93.3 -199.0 3092.8 0.1155175269 0.3417283297 0.9326722026 0.1225223690 0.9268856645 -0.3547833562 -0.9857200384 0.1552569121 0.0652021691
-361.5 -446.7 2502.7 0.7617430687 -0.5691446066 -0.3095511198 -0.1785257906 0.2749011517 -0.9447528124 0.6227969527 0.7749217749 0.1077970564
-142.8 -552.3 2205.0 0.7617430687 0.4566222429 -0.4596124589 -0.1785257906 0.8298838139 0.5286032557 0.6227969527 -0.3206071854 0.7136771083
-288.4 -479.4 2667.7 0.4849488437 -0.8554841876 -0.1815802008 -0.1537589431 0.1209906265 -0.9806729555 0.8609197140 0.5034958124 -0.0728640854
68.1 -529.8 2457.8 0.4849488437 0.5854995251 -0.6496267319 -0.1537589431 0.7883302569 0.5957294703 0.8609197140 -0.1890123785 0.4723256528
3.0 -211.4 2532.5 0 0 0 0 0 0 0 0 0
-47.1 -149.9 2698.3 0 0 0 0 0 0 0 0 0
-317.3 -869.4 2327.5 0 0 0 0 0 0 0 0 0
-155.2 -830.5 2529.9 0 0 0 0 0 0 0 0 0
-269.3 128.5 2678.4 97 0.3992706239 0.0907838941 -0.9123274088 -0.1829275787 0.9829660058 0.0177566521 0.8983988166 0.1598001271 0.4090763330
-287.9 -72.3 2645.8 0.3992706239 0.0907838941 -0.9123274088 -0.1829275787 0.9829660058 0.0177566521 0.8983988166 0.1598001271 0.4090763330
-304.3 -268.2 2617.0 0.4007923007 0.0825318247 -0.9124439955 -0.1656400114 0.9860493541 0.0164319295 0.9010710120 0.1445514411 0.4088715613
-346.4 -48.1 2514.1 -0.4730793536 0.2992412746 -0.8286437988 0.7785962224 0.5821523070 -0.2342789471 0.4122909904 -0.7560114861 -0.5083923340
-224.8 -248.3 2408.1 -0.8804143071 0.2992412746 0.3678659201 -0.1370075494 0.5821523070 -0.8014534712 -0.4539819360 -0.7560114861 -0.4715368748
-229.3 -96.4 2777.4 0.3744079173 0.3353657722 -0.8644931912 -0.2818261981 0.9293575287 0.2384712249 0.8833983541 0.1543513238 0.4424736798
-94.9 -197.6 3094.5 0.1222993955 0.3353657722 0.9341160059 0.1195051894 0.9293575287 -0.3493036628 -0.9852722287 0.1543513238 0.0735819191
-361.7 -446.6 2505.1 0.7632235885 -0.5670127869 -0.3098165989 -0.1843772829 0.2684361041 -0.9454877377 0.6192695498 0.7787416577 0.1003324986
-142.8 -550.2 2204.4 0.7632235885 0.4581219554 -0.4556468427 -0.1843772829 0.8302853703 0.5259574652 0.6192695498 -0.3174121976 0.7181606293
-287.1 -478.0 2669.7 0.4927142560 -0.8495767117 -0.1882872432 -0.1462526768 0.1324481368 -0.9803406000 0.8578128219 0.5105652809 -0.0589937828
66.0 -533.0 2457.5 0.4927142560 0.5772306919 -0.6511815190 -0.1462526768 0.7926065326 0.5919333100 0.8578128219 -0.1964169294 0.4749500751
12.9 -211.3 2530.7 0 0 0 0 0 0 0 0 0
-46.0 -149.8 2700.2 0 0 0 0 0 0 0 0 0
-317.8 -867.5 2325.7 0 0 0 0 0 0 0 0 0
-154.4 -835.6 2532.5 0 0 0 0 0 0 0 0 0
-269.0 126.7 2677.6 98 0.4100922346 0.0920099691 -0.9073910713 -0.1853531152 0.9825439453 0.0158608258 0.8930109739 0.1616833508 0.4199879766
-287.7 -73.3 2644.7 0.4100922346 0.0920099691 -0.9073910713 -0.1853531152 0.9825439453 0.0158608258 0.8930109739 0.1616833508 0.4199879766
-304.1 -269.3 2615.8 0.4117840230 0.0824253261 -0.9075461030 -0.1662610471 0.9859808087 0.0141107440 0.8959861398 0.1450789869 0.4197152555
-347.9 -49.1 2513.8 -0.3927284181 0.3120157123 -0.8651072383 0.7889827490 0.5976325274 -0.1426241696 0.4725152552 -0.7385672331 -0.4808822870
-250.0 -245.6 2396.1 -0.8746305704 0.3120157123 0.3710358143 -0.1229074150 0.5976325274 -0.7922936082 -0.4689511359 -0.7385672331 -0.4843586087
-227.6 -97.6 2775.5 0.3854057789 0.3354620934 -0.8596089482 -0.2824692130 0.9297453761 0.2361877114 0.8784494996 0.1517849565 0.4530869722
-89.2 -199.0 3090.9 0.1103536338 0.3354620934 0.9355678558 0.1212289408 0.9297453761 -0.3476737738 -0.9864712954 0.1517849565 0.0619330667
-357.4 -448.9 2505.7 0.7659468651 -0.5613512993 -0.3133850098 -0.1874264628 0.2713060975 -0.9440679550 0.6149770021 0.7818425298 0.1025939658
-141.3 -553.4 2204.7 0.7659468651 0.4605962336 -0.4485270679 -0.1874264628 0.8273298144 0.5295249820 0.6149770021 -0.3215221465 0.7200185657
-283.9 -479.3 2671.0 0.4924287796 -0.8510862589 -0.1821156293 -0.1496042311 0.1233596727 -0.9810203910 0.8573986888 0.5103279352 -0.0665802434
66.9 -530.2 2460.6 0.4924287796 0.5797464848 -0.6491593719 -0.1496042311 0.7911379337 0.5930593014 0.8573986888 -0.1949224919 0.4763116241
-13.0 -212.3 2523.2 0 0 0 0 0 0 0 0 0
-45.1 -150.5 2696.1 0 0 0 0 0 0 0 0 0
-317.4 -869.5 2327.6 0 0 0 0 0 0 0 0 0
-154.6 -832.3 2535.1 0 0 0 0 0 0 0 0 0
-266.8 130.7 2676.2 99 0.4263016284 0.1177147254 -0.8968891501 -0.2012988031 0.9789802432 0.0328093916 0.8818989396 0.1665560156 0.4410367012
-290.9 -69.9 2642.0 0.4263016284 0.1177147254 -0.8968891501 -0.2012988031 0.9789802432 0.0328093916 0.8818989396 0.1665560156 0.4410367012
-307.3 -265.7 2612.2 0.4293812513 0.0827040076 -0.8993285298 -0.1711171269 0.9852104783 0.0089026149 0.8867641687 0.1500678957 0.4371829629
-353.6 -44.9 2512.5 -0.3961103261 0.3511797488 -0.8483922482 0.7889154553 0.6029140353 -0.1187733039 0.4697968066 -0.7163570523 -0.5158715844
-253.7 -243.8 2394.1 -0.8544031978 0.3511797488 0.3829724789 -0.1065861881 0.6029140353 -0.7906541824 -0.5085612535 -0.7163570523 -0.4777007997
-228.2 -94.9 2771.6 0.4029648900 0.3359647393 -0.8513207436 -0.2872759998 0.9296058416 0.2308796942 0.8689602017 0.1515275985 0.4711131155
-83.5 -198.0 3083.5 0.0910296664 0.3359647393 0.9374653697 0.1280784756 0.9296058416 -0.3455847502 -0.9875776172 0.1515275985 0.0415918604
-358.3 -449.9 2504.9 0.7643426061 -0.5635125041 -0.3134231269 -0.1871396899 0.2712867558 -0.9441304207 0.6170568466 0.7802929878 0.1019004732
-140.8 -554.6 2203.7 0.7643426061 0.4636203647 -0.4481479228 -0.1871396899 0.8245902658 0.5338817239 0.6170568466 -0.3242022693 0.7170312405
-282.7 -480.4 2669.2 0.4739186466 -0.8566203713 -0.2039672285 -0.2013155222 0.1200960949 -0.9721363187 0.8572474718 0.5017752647 -0.1155352071
70.6 -530.0 2462.2 0.4739186466 0.6069253683 -0.6379989982 -0.2013155222 0.7800195813 0.5924875736 0.8572474718 -0.1523517817 0.4918493032
-20.8 -214.8 2532.7 0 0 0 0 0 0 0 0 0
-47.1 -146.8 2688.3 0 0 0 0 0 0 0 0 0
-318.0 -869.7 2327.6 0 0 0 0 0 0 0 0 0
-160.9 -827.6 2520.3 0 0 0 0 0 0 0 0 0
-266.4 129.6 2677.5 00 0.4352219999 0.1193402112 -0.8923786879 -0.2139901370 0.9764837623 0.0262226872 0.8745227456 0.1795475483 0.4505248666
-290.9 -70.7 2640.6 0.4352219999 0.1193402112 -0.8923786879 -0.2139901370 0.9764837623 0.0262226872 0.8745227456 0.1795475483 0.4505248666
-309.1 -266.1 2609.0 0.4385294020 0.0912932977 -0.8940679431 -0.1832217872 0.9830154181 0.0105076814 0.8798418641 0.1592048109 0.4478080869
-355.0 -44.0 2512.1 -0.4010284543 0.3610469997 -0.8419152498 0.7902566791 0.6011874676 -0.1186086908 0.4633255899 -0.7128945589 -0.5264130831
-252.8 -245.4 2394.1 -0.8465651870 0.3610469997 0.3911169767 -0.1093231365 0.6011874676 -0.7915946245 -0.5209375024 -0.7128945589 -0.4694736004
-226.9 -97.5 2769.1 0.4111005962 0.3441615701 -0.8441262245 -0.2990070283 0.9256721139 0.2317885607 0.8611568213 0.1571112573 0.4834510684
-79.3 -204.8 3078.3 0.0803548619 0.3441615701 0.9354656339 0.1376805305 0.9256721139 -0.3523850143 -0.9872118235 0.1571112573 0.0269979071
-363.1 -445.8 2501.1 0.7531546354 -0.5762903690 -0.3172498941 -0.1815668494 0.2814220190 -0.9422500134 0.6322907805 0.7672620416 0.1073190570
-140.7 -554.4 2205.0 0.7531546354 0.4705441594 -0.4597241580 -0.1815668494 0.8203780651 0.5422299504 0.6322907805 -0.3249123096 0.7033067346
-284.4 -477.2 2663.7 0.4547170401 -0.8634840250 -0.2182378620 -0.2151547074 0.1312794983 -0.9677159190 0.8642573953 0.4869918227 -0.1260876358
66.8 -530.5 2465.7 0.4547170401 0.5985031128 -0.6595653296 -0.2151547074 0.7924392223 0.5707438588 0.8642573953 -0.1176183522 0.4891063571
-21.0 -215.4 2536.7 0 0 0 0 0 0 0 0 0
-47.1 -149.7 2683.2 0 0 0 0 0 0 0 0 0
-320.6 -867.9 2329.2 0 0 0 0 0 0 0 0 0
-161.6 -832.9 2510.5 0 0 0 0 0 0 0 0 0
-267.7 126.2 2676.6 01 0.4268154800 0.1032724157 -0.8984227180 -0.2040025443 0.9788460135 0.0156010678 0.8810286522 0.1766217351 0.4388544858
-289.0 -75.5 2640.2 0.4268154800 0.1032724157 -0.8984227180 -0.2040025443 0.9788460135 0.0156010678 0.8810286522 0.1766217351 0.4388544858
-306.1 -271.1 2609.5 0.4294515550 0.0858391821 -0.8990011215 -0.1766386628 0.9842289686 0.0095969411 0.8856467605 0.1546769291 0.4378411770
-351.7 -49.7 2510.9 -0.3817129433 0.3443624675 -0.8577352166 0.7914085984 0.6011536717 -0.1108455732 0.4774596095 -0.7211301923 -0.5019995570
-257.2 -245.6 2392.7 -0.8579338193 0.3443624675 0.3812664449 -0.1104336306 0.6011536717 -0.7914661765 -0.5017509460 -0.7211301923 -0.4777208269
-226.3 -101.3 2769.6 0.4026655555 0.3389284015 -0.8502870202 -0.2926300168 0.9278392196 0.2312619537 0.8673108816 0.1556982696 0.4727895260
-81.7 -206.3 3080.9 0.0907560661 0.3389284015 0.9364244938 0.1324775368 0.9278392196 -0.3486604393 -0.9870222807 0.1556982696 0.0393066369
-367.4 -444.6 2496.7 0.7446883321 -0.5862139463 -0.3190493882 -0.1725848913 0.2926406562 -0.9405189753 0.6447121501 0.7554565668 0.1167544201
-140.1 -558.1 2203.7 0.7446883321 0.4752383232 -0.4686020017 -0.1725848913 0.8153567910 0.5526371002 0.6447121501 -0.3306687474 0.6892056465
-287.0 -478.2 2658.1 0.4481774867 -0.8714768291 -0.1991609931 -0.1807628572 0.1298393011 -0.9749187231 0.8754780293 0.4729375243 -0.0993395895
65.6 -530.7 2466.7 0.4481774867 0.5871865749 -0.6740540862 -0.1807628572 0.7979730368 0.5749467611 0.8754780293 -0.1358342618 0.4637750685
-20.6 -215.2 2531.0 0 0 0 0 0 0 0 0 0
-45.4 -153.3 2686.0 0 0 0 0 0 0 0 0 0
-321.7 -869.7 2330.1 0 0 0 0 0 0 0 0 0
-158.6 -835.4 2518.6 0 0 0 0 0 0 0 0 0
-267.7 126.0 2676.2 02 0.4392401278 0.0992164388 -0.8928741217 -0.2042433172 0.9788849950 0.0082986131 0.8748444319 0.1787184775 0.4502298832
-288.0 -74.4 2639.6 0.4392401278 0.0992164388 -0.8928741217 -0.2042433172 0.9788849950 0.0082986131 0.8748444319 0.1787184775 0.4502298832
-304.3 -270.0 2608.2 0.4416686893 0.0821558014 -0.8934087753 -0.1779602468 0.9840344787 0.0025124771 0.8793514371 0.1578815579 0.4492376745
-352.5 -48.4 2511.2 -0.3836214542 0.3497005701 -0.8547187448 0.7962831259 0.5940164328 -0.1143573970 0.4677261412 -0.7244680524 -0.5063381195
-256.9 -246.9 2394.6 -0.8543610573 0.3497005701 0.3844173253 -0.1150989607 0.5940164328 -0.7961762547 -0.5067735314 -0.7244680524 -0.4672543705
-223.5 -100.4 2768.0 0.4153170288 0.3355565071 -0.8455256224 -0.2940246463 0.9291058183 0.2243031561 0.8608491421 0.1554484665 0.4845353365
-74.4 -206.0 3077.1 0.0774541348 0.3355565071 0.9388304949 0.1372456849 0.9291058183 -0.3434035778 -0.9875041842 0.1554484665 0.0259094052
-362.5 -450.4 2497.6 0.7483548522 -0.5793036222 -0.3230671287 -0.1875493824 0.2823818326 -0.9407899380 0.6362313032 0.7646357417 0.1026737764
-139.3 -559.2 2203.0 0.7483548522 0.4851240516 -0.4523490667 -0.1875493824 0.8088995218 0.5572313666 0.6362313032 -0.3321690261 0.6963285804
-283.8 -482.8 2660.0 0.4525798261 -0.8694759607 -0.1979471892 -0.2050721645 0.1145485565 -0.9720205665 0.8678230643 0.4805103838 -0.1264629513
67.4 -529.1 2465.9 0.4525798261 0.5923972726 -0.6665110588 -0.2050721645 0.7965514064 0.5687277913 0.8678230643 -0.1207118481 0.4819872975
-20.2 -215.0 2535.0 0 0 0 0 0 0 0 0 0
-43.4 -151.0 2681.9 0 0 0 0 0 0 0 0 0
-324.7 -868.3 2329.9 0 0 0 0 0 0 0 0 0
-158.8 -833.3 2512.0 0 0 0 0 0 0 0 0 0
-268.7 126.3 2676.5 03 0.4469820857 0.0910941660 -0.8898926377 -0.2049798816 0.9787622690 -0.0027675256 0.8707412481 0.1836471260 0.4561616480
-287.4 -73.9 2638.9 0.4469820857 0.0910941660 -0.8898926377 -0.2049798816 0.9787622690 -0.0027675256 0.8707412481 0.1836471260 0.4561616480
-303.9 -269.2 2606.2 0.4488045275 0.0830554813 -0.8897619247 -0.1844518483 0.9828407168 -0.0012953144 0.8743866682 0.1646995842 0.4564231038
-352.9 -47.0 2511.2 -0.4227815568 0.3394178748 -0.8402685523 0.7910214663 0.5906539559 -0.1594142467 0.4421999156 -0.7320678830 -0.5182044506
-245.5 -248.0 2398.8 -0.8586286306 0.3394178748 0.3841254115 -0.1232706085 0.5906539559 -0.7974535823 -0.4975551963 -0.7320678830 -0.4653121531
-221.8 -100.8 2766.6 0.4223482609 0.3364489973 -0.8416792750 -0.3003836274 0.9280427694 0.2202413082 0.8552143574 0.1598081440 0.4930210412
-70.2 -208.7 3073.6 0.0694454834 0.3364489973 0.9391375780 0.1447879374 0.9280427694 -0.3431807458 -0.9870226979 0.1598081440 0.0157346278
-361.2 -449.2 2496.2 0.7460571527 -0.5804494619 -0.3263082802 -0.1898229569 0.2843139768 -0.9397514462 0.6382522583 0.7630491257 0.1019318402
-138.7 -558.2 2203.7 0.7460571527 0.4848264456 -0.4564449787 -0.1898229569 0.8118823171 0.5520999432 0.6382522583 -0.3252543807 0.6977418065
-280.2 -481.8 2657.5 0.4513241053 -0.8696922660 -0.1998546273 -0.2024487704 0.1183316633 -0.9721173644 0.8690921068 0.4792003036 -0.1226622015
67.8 -529.2 2465.8 0.4513241053 0.5866357684 -0.6724321842 -0.2024487704 0.8012070060 0.5631001592 0.8690921068 -0.1180076227 0.4803677201
-7.8 -213.9 2536.5 0 0 0 0 0 0 0 0 0
-42.4 -150.7 2678.7 0 0 0 0 0 0 0 0 0
-323.9 -868.4 2328.0 0 0 0 0 0 0 0 0 0
-156.3 -835.2 2510.8 0 0 0 0 0 0 0 0 0
-267.2 125.3 2676.6 04 0.4515634775 0.0968033522 -0.8869721293 -0.2124316543 0.9771747589 -0.0015023918 0.8665813208 0.1890993863 0.4618205130
-287.1 -74.8 2637.9 0.4515634775 0.0968033522 -0.8869721293 -0.2124316543 0.9771747589 -0.0015023918 0.8665813208 0.1890993863 0.4618205130
-303.8 -269.9 2604.1 0.4536749423 0.0840832219 -0.8871916533 -0.1895640343 0.9818606973 -0.0038801511 0.8707723618 0.1699399501 0.4613847435
-353.3 -47.1 2510.7 -0.4252429008 0.3500084579 -0.8346631527 0.7929066420 0.5887478590 -0.1570827514 0.4364258647 -0.7286083102 -0.5278849006
-245.9 -247.5 2400.4 -0.8528281450 0.3500084579 0.3875283599 -0.1215015128 0.5887478590 -0.7991328835 -0.5078597665 -0.7286083102 -0.4595741928
-220.8 -102.5 2765.1 0.4270991385 0.3374394178 -0.8388807774 -0.3053804338 0.9270729423 0.2174364030 0.8510752916 0.1633108705 0.4989994168
-67.5 -212.1 3070.6 0.0639317781 0.3374394178 0.9391737580 0.1505160183 0.9270729423 -0.3433376253 -0.9865382314 0.1633108705 0.0084793819
-361.6 -447.6 2493.3 0.7449786663 -0.5856456757 -0.3194150925 -0.1755955964 0.2897763252 -0.9408484697 0.6435627341 0.7569999099 0.1130403727
-138.5 -558.0 2205.0 0.7449786663 0.4829485118 -0.4601821005 -0.1755955964 0.8074774146 0.5631575584 0.6435627341 -0.3387344182 0.6863570213
-279.2 -481.4 2653.6 0.4464429617 -0.8743972182 -0.1900478154 -0.1800565720 0.1202592701 -0.9762772918 0.8765091300 0.4700714946 -0.1037520617
67.8 -529.1 2467.1 0.4464429617 0.5836040974 -0.6783030033 -0.1800565720 0.8011251092 0.5707698464 0.8765091300 -0.1326832771 0.4627384245
-10.4 -213.9 2540.6 0 0 0 0 0 0 0 0 0
-41.9 -151.9 2675.8 0 0 0 0 0 0 0 0 0
-323.0 -866.5 2334.4 0 0 0 0 0 0 0 0 0
-155.2 -835.2 2517.8 0 0 0 0 0 0 0 0 0
-266.4 128.4 2686.2 05 0.3884978294 0.1019404754 -0.9157934189 -0.2169881314 0.9760331511 0.0165953040 0.8955364823 0.1922690570 0.4013066292
-287.3 -71.7 2646.8 0.3884978294 0.1019404754 -0.9157934189 -0.2169881314 0.9760331511 0.0165953040 0.8955364823 0.1922690570 0.4013066292
-306.3 -266.7 2613.5 0.3911257088 0.0949458852 -0.9154266715 -0.1908617318 0.9814082384 0.0202416405 0.9003291130 0.1668028980 0.4019755125
-344.4 -43.9 2515.5 -0.3992518187 0.3231509626 -0.8580043316 0.7992056012 0.5812668800 -0.1529681683 0.4492976964 -0.7467947006 -0.4903359115
-242.0 -248.9 2400.2 -0.8690441251 0.3231509626 0.3746141195 -0.1301079541 0.5812668800 -0.8032438755 -0.4773198068 -0.7467947006 -0.4631020725
