-286.2 115.5 2672.8 2 0.4454245865 0.0625340566 -0.8931329250 -0.1874142587 0.9819700122 -0.0247133970 0.8754843473 0.1783937961 0.4491133690
-299.0 -85.5 2636.2 0.4454245865 0.0625340566 -0.8931329250 -0.1874142587 0.9819700122 -0.0247133970 0.8754843473 0.1783937961 0.4491133690
-309.4 -281.0 2602.4 0.4461057782 0.0520661101 -0.8934644461 -0.1757285595 0.9839691520 -0.0304008536 0.8775585890 0.1705692112 0.4481038451
-364.2 -59.8 2508.1 -0.7122066021 0.4714790583 -0.5200665593 0.6574401855 0.7076802254 -0.2587684989 0.2460368872 -0.5262092948 -0.8139837980
-173.0 -236.3 2442.0 -0.6569402218 0.4714790583 0.5883341432 -0.1162320971 0.7076802254 -0.6969066262 -0.7449293137 -0.5262092948 -0.4101025760
-233.9 -111.2 2764.4 0.3108032942 0.5393570065 -0.7826207876 -0.1241549700 0.8393834233 0.5291700959 0.9423305392 -0.0673015490 0.3278469741
-128.6 -153.2 3083.5 -0.1235641986 0.5385274291 0.8334987164 -0.0082838861 0.8393464684 -0.5435337424 -0.9923020005 -0.0740659162 -0.0992520750
-357.5 -462.6 2490.8 0.7554438114 -0.5816711187 -0.3016013503 -0.1860834509 0.2508879900 -0.9499621987 0.6282337308 0.7737661004 0.0812924057
-142.4 -555.4 2204.7 0.7554438114 0.4727159739 -0.4537006021 -0.1860834509 0.8187247515 0.5431967378 0.6282337308 -0.3259284198 0.7064651847
-276.6 -493.2 2652.4 0.4597788155 -0.8702066541 -0.1770417541 -0.1980766207 0.0938458815 -0.9756836891 0.8656610847 0.4836665094 -0.1292192489
65.8 -530.1 2462.2 0.4597788155 0.5849461555 -0.6681627035 -0.1980766207 0.8010038137 0.5649412274 0.8656610847 -0.1274005920 0.4841487408
16.5 -202.7 2657.0 0 0 0 0 0 0 0 0 0
-158.7 -155.2 2841.7 0 0 0 0 0 0 0 0 0
-323.1 -868.2 2329.2 0 0 0 0 0 0 0 0 0
-157.6 -836.0 2510.8 0 0 0 0 0 0 0 0 0
-286.6 116.9 2673.8 3 0.4238408208 0.0654558465 -0.9033684134 -0.1891582608 0.9817886949 -0.0176109560 0.8857641220 0.1783438474 0.4285036325
-300.0 -83.8 2637.3 0.4238408208 0.0654558465 -0.9033684134 -0.1891582608 0.9817886949 -0.0176109560 0.8857641220 0.1783438474 0.4285036325
-310.5 -279.3 2603.6 0.4246398807 0.0530789681 -0.9038050771 -0.1759060025 0.9840931892 -0.0248527601 0.8881092668 0.1695382148 0.4272221327
-362.0 -58.1 2507.6 -0.7062379718 0.4637899697 -0.5349082351 0.6553521156 0.7141084671 -0.2460949570 0.2678461075 -0.5243548155 -0.8082762361
-175.0 -231.6 2436.7 -0.6961454153 0.4637899697 0.5479784608 -0.0723333359 0.7141084671 -0.6962879896 -0.7142474651 -0.5243548155 -0.4635758698
-238.0 -109.5 2767.0 0.2881302238 0.5450307131 -0.7873515487 -0.1234691888 0.8365026712 0.5338713527 0.9495979548 -0.0566108152 0.3083162010
-140.4 -151.3 3088.5 -0.1004605815 0.5443559289 0.8328170776 -0.0100553092 0.8364534378 -0.5479457378 -0.9948902130 -0.0634211823 -0.0785569325
-360.6 -460.4 2488.0 0.7454326749 -0.5908556581 -0.3085769415 -0.1871615648 0.2587784231 -0.9476308823 0.6397661567 0.7641487718 0.0823163986
-142.1 -556.1 2205.4 0.7454326749 0.4765600264 -0.4660694003 -0.1871615648 0.8207035661 0.5398298502 0.6397661567 -0.3151764870 0.7009729743
-278.8 -492.7 2648.9 0.4513564408 -0.8759108186 -0.1704629958 -0.1882723421 0.0932518169 -0.9776797295 0.8722562194 0.4733754992 -0.1228199676
67.9 -529.6 2461.6 0.4513564408 0.5917122960 -0.6679475307 -0.1882723421 0.7948284149 0.5768893361 0.8722562194 -0.1346266866 0.4701539874
25.1 -210.9 2641.9 0 0 0 0 0 0 0 0 0
-164.9 -153.7 2846.1 0 0 0 0 0 0 0 0 0
-324.2 -869.7 2325.8 0 0 0 0 0 0 0 0 0
-158.1 -833.2 2513.0 0 0 0 0 0 0 0 0 0
-286.2 116.9 2674.8 4 0.4349725544 0.0626114458 -0.8982642889 -0.1857257485 0.9823672175 -0.0214615781 0.8810816407 0.1761659980 0.4389313161
-299.0 -83.4 2638.8 0.4349725544 0.0626114458 -0.8982642889 -0.1857257485 0.9823672175 -0.0214615781 0.8810816407 0.1761659980 0.4389313161
-308.7 -279.1 2606.0 0.4358652234 0.0488689691 -0.8986842036 -0.1699718982 0.9850258231 -0.0288729239 0.8838161826 0.1653357595 0.4376448691
-362.7 -58.6 2509.8 -0.6987498403 0.4464011788 -0.5589942932 0.6468587518 0.7279658914 -0.2272431403 0.3054871857 -0.5203764439 -0.7974245548
-183.7 -224.2 2431.5 -0.7335543633 0.4464011788 0.5124685168 -0.0353394412 0.7279658914 -0.6847019792 -0.6787113547 -0.5203764439 -0.5182269812
-235.3 -108.2 2767.9 0.2997389138 0.5391118526 -0.7870927453 -0.1181486025 0.8396518230 0.5301185846 0.9466770887 -0.0659032688 0.3153716326
-133.8 -148.2 3088.5 -0.1117659062 0.5383602977 0.8352703452 -0.0143703250 0.8395732045 -0.5430564880 -0.9936306477 -0.0726983100 -0.0860992447
-360.0 -458.8 2488.5 0.7460449338 -0.5925574303 -0.3037970364 -0.1820760071 0.2573126256 -0.9490197897 0.6405195594 0.7633255124 0.0840762854
-139.8 -554.4 2204.8 0.7460449338 0.4797569215 -0.4617902935 -0.1820760071 0.8140292764 0.5515475273 0.6405195594 -0.3273983002 0.6946546435
-282.2 -491.0 2651.4 0.4489348829 -0.8766509295 -0.1730336100 -0.1929166317 0.0939889401 -0.9767032862 0.8724910617 0.4718572199 -0.1269256324
64.6 -528.2 2464.7 0.4489348829 0.5716987848 -0.6867444515 -0.1929166317 0.8124309182 0.5502174497 0.8724910617 -0.1145273671 0.4750187695
25.3 -214.1 2625.0 0 0 0 0 0 0 0 0 0
-161.1 -151.7 2846.3 0 0 0 0 0 0 0 0 0
-323.1 -865.4 2329.9 0 0 0 0 0 0 0 0 0
-153.7 -838.4 2508.5 0 0 0 0 0 0 0 0 0
-284.5 116.8 2675.3 5 0.4115290046 0.0776133016 -0.9080859423 -0.1811257005 0.9834579825 0.0019722204 0.8932174444 0.1636660695 0.4187792540
-300.2 -83.1 2642.0 0.4115290046 0.0776133016 -0.9080859423 -0.1811257005 0.9834579825 0.0019722204 0.8932174444 0.1636660695 0.4187792540
-311.9 -279.2 2612.3 0.4129900038 0.0582696460 -0.9088695645 -0.1599385291 0.9870823026 -0.0093919747 0.8965817690 0.1492420584 0.4169746935
-360.6 -59.8 2511.1 -0.6301649213 0.4455567300 -0.6359020472 0.6771077514 0.7161672115 -0.1692028344 0.3800227344 -0.5371999145 -0.7529933453
-207.6 -224.2 2418.8 -0.7395896912 0.4455567300 0.5044662952 -0.0436708368 0.7161672115 -0.6965610981 -0.6716397405 -0.5371999145 -0.5102120638
-239.9 -106.5 2772.9 0.2762564421 0.5516747832 -0.7869799137 -0.1050684005 0.8312740326 0.5458425283 0.9553235173 -0.0681057945 0.2876083851
-146.4 -142.0 3096.3 -0.0890732557 0.5510787964 0.8296855688 -0.0306741521 0.8310838342 -0.5553006530 -0.9955526590 -0.0749123394 -0.0571234673
-358.4 -459.3 2492.1 0.7585577965 -0.5829482079 -0.2911381423 -0.1685647368 0.2560360134 -0.9518568516 0.6294251084 0.7711141109 0.0959535986
-142.3 -554.2 2206.3 0.7585577965 0.4620570540 -0.4594489336 -0.1685647368 0.8202503324 0.5466033816 0.6294251084 -0.3371833861 0.7000938654
-278.4 -490.5 2654.2 0.4674876630 -0.8692790270 -0.1606527716 -0.1681943983 0.0909487158 -0.9815492630 0.8678513169 0.4858830571 -0.1036904603
65.2 -526.4 2462.1 0.4674876630 0.5680304170 -0.6773453355 -0.1681943983 0.8093855381 0.5626772642 0.8678513169 -0.1491189599 0.4739172757
2.4 -211.8 2609.6 0 0 0 0 0 0 0 0 0
-168.1 -149.5 2853.7 0 0 0 0 0 0 0 0 0
-318.8 -867.5 2335.1 0 0 0 0 0 0 0 0 0
-151.7 -835.4 2519.0 0 0 0 0 0 0 0 0 0
-283.9 116.7 2675.0 6 0.4071247280 0.0760065094 -0.9102046490 -0.1686933786 0.9856447577 0.0068513956 0.8976591825 0.1507561207 0.4141021669
-299.4 -83.6 2644.4 0.4071247280 0.0760065094 -0.9102046490 -0.1686933786 0.9856447577 0.0068513956 0.8976591825 0.1507561207 0.4141021669
-311.4 -280.1 2617.6 0.4085824192 0.0604828745 -0.9107152224 -0.1476038098 0.9890463948 -0.0005357948 0.9007072449 0.1346439570 0.4130344987
-359.1 -62.1 2512.8 -0.6833358407 0.4702473879 -0.5584975481 0.6224486828 0.7750310302 -0.1090160012 0.3815884590 -0.4221306145 -0.8223113418
-194.3 -212.2 2420.8 -0.6720636487 0.4702473879 0.5720120668 0.0044603916 0.7750310302 -0.6319074035 -0.7404799461 -0.4221306145 -0.5229676962
-239.7 -105.1 2775.9 0.2717458606 0.5544022322 -0.7866335511 -0.0915512815 0.8285782933 0.5523371696 0.9580044746 -0.0780780390 0.2759189606
-147.7 -136.1 3100.2 -0.0847616717 0.5538375974 0.8282990456 -0.0453028940 0.8282889128 -0.5584667921 -0.9953708649 -0.0848609209 -0.0451167002
-361.3 -460.7 2500.4 0.7625671029 -0.5786219239 -0.2892889977 -0.1747972369 0.2462543845 -0.9533125162 0.6228461862 0.7775316238 0.0866439715
-142.6 -553.8 2206.6 0.7625671029 0.4587001204 -0.4561640620 -0.1747972369 0.8250163794 0.5373954773 0.6228461862 -0.3300638795 0.7093098164
-285.6 -490.0 2664.8 0.4873571098 -0.8594058156 -0.1546113789 -0.1503499150 0.0918296874 -0.9843587875 0.8601616025 0.5029800534 -0.0844577327
62.2 -527.2 2461.2 0.4873571098 0.5534896255 -0.6753756404 -0.1503499150 0.8150852323 0.5594917536 0.8601616025 -0.1711296141 0.4804546833
-3.2 -213.4 2631.3 0 0 0 0 0 0 0 0 0
-168.4 -147.2 2857.7 0 0 0 0 0 0 0 0 0
-317.9 -869.0 2332.7 0 0 0 0 0 0 0 0 0
-149.1 -838.4 2526.6 0 0 0 0 0 0 0 0 0
-283.6 116.2 2675.4 7 0.3987527490 0.0722333863 -0.9142092466 -0.1809838116 0.9834852815 -0.0012331073 0.8990222812 0.1659487784 0.4052405357
-298.4 -84.3 2641.6 0.3987527490 0.0722333863 -0.9142092466 -0.1809838116 0.9834852815 -0.0012331073 0.8990222812 0.1659487784 0.4052405357
-309.5 -280.4 2612.1 0.4002334476 0.0559979305 -0.9147007465 -0.1582262218 0.9873638153 -0.0087865870 0.9026503563 0.1482463181 0.4040363729
-356.8 -61.2 2509.7 -0.7249597311 0.4950075150 -0.4789582491 0.5974656343 0.7979269624 -0.0796701312 0.3427363932 -0.3439187407 -0.8742148876
-181.8 -205.4 2427.0 -0.6140201092 0.4950075150 0.6147738099 0.0411850214 0.7979269624 -0.6013454199 -0.7882151008 -0.3439187407 -0.5103301406
-239.9 -107.4 2773.4 0.2626616061 0.5525049567 -0.7910418510 -0.1034539118 0.8312276602 0.5462214351 0.9593259096 -0.0616350360 0.2754904032
-151.0 -142.4 3098.2 -0.0748661384 0.5520076752 0.8304713368 -0.0323368870 0.8310266137 -0.5552918911 -0.9966691732 -0.0684274212 -0.0443655476
-360.9 -463.1 2508.3 0.7677372694 -0.5723432302 -0.2881019711 -0.1848110259 0.2327266186 -0.9548210502 0.6135343313 0.7862960696 0.0728975609
-140.9 -552.6 2205.9 0.7677372694 0.4624356627 -0.4435456693 -0.1848110259 0.8226026297 0.5377450585 0.6135343313 -0.3308748007 0.7170059085
-286.0 -490.1 2673.4 0.4803097844 -0.8573730588 -0.1849702150 -0.2263110727 0.0826043040 -0.9705461264 0.8473994136 0.5080236197 -0.1543573588
61.3 -523.6 2467.6 0.4803097844 0.5518387556 -0.6817451715 -0.2263110727 0.8289262652 0.5115315914 0.8473994136 -0.0914071500 0.5230286121
-7.8 -217.1 2650.3 0 0 0 0 0 0 0 0 0
-169.2 -150.3 2855.3 0 0 0 0 0 0 0 0 0
-317.6 -866.9 2332.4 0 0 0 0 0 0 0 0 0
-148.8 -839.2 2502.4 0 0 0 0 0 0 0 0 0
-283.7 115.3 2675.1 8 0.3750885725 0.0760300979 -0.9238657951 -0.1767588407 0.9842109084 0.0092323264 0.9099807143 0.1598384976 0.3826052547
-299.2 -84.9 2642.5 0.3750885725 0.0760300979 -0.9238657951 -0.1767588407 0.9842109084 0.0092323264 0.9099807143 0.1598384976 0.3826052547
-311.9 -281.2 2614.2 0.3765478730 0.0642725080 -0.9241648912 -0.1562487185 0.9877049327 0.0050284858 0.9131253958 0.1425061077 0.3819606900
-354.2 -62.2 2509.2 -0.7704233527 0.4882679284 -0.4099296033 0.5525080562 0.8321709037 -0.0471855067 0.3180923164 -0.2628422379 -0.9108958244
-171.3 -193.3 2433.7 -0.5647423267 0.4882679284 0.6653274298 0.0716802701 0.8321709037 -0.5498668551 -0.8221484423 -0.2628422379 -0.5049613118
-244.2 -107.7 2775.9 0.2383028120 0.5637380481 -0.7908294201 -0.0993092731 0.8241645098 0.5575755835 0.9661000967 -0.0543351434 0.2523851395
-163.5 -141.4 3102.9 -0.0513359010 0.5633999705 0.8245878220 -0.0389789343 0.8239170313 -0.5653682947 -0.9979204535 -0.0611652471 -0.0203357954
-357.3 -462.1 2499.9 0.7644518018 -0.5770131946 -0.2875224650 -0.1824322343 0.2341433465 -0.9549321532 0.6183299422 0.7824530005 0.0737255067
-140.1 -550.2 2205.4 0.7644518018 0.4678604603 -0.4435313046 -0.1824322343 0.8168571591 0.5472319722 0.6183299422 -0.3374180794 0.7098007798
-283.9 -491.1 2665.4 0.4618519545 -0.8649386168 -0.1964025348 -0.2539945245 0.0831849873 -0.9636218548 0.8498114944 0.4949357808 -0.1812705249
64.5 -524.6 2466.1 0.4618519545 0.5876559019 -0.6643442512 -0.2539945245 0.8052750230 0.5357414484 0.8498114944 -0.0786934271 0.5211791992
-15.1 -213.1 2661.1 0 0 0 0 0 0 0 0 0
-176.0 -150.9 2859.8 0 0 0 0 0 0 0 0 0
-318.9 -862.4 2334.3 0 0 0 0 0 0 0 0 0
-159.5 -831.5 2496.1 0 0 0 0 0 0 0 0 0
-285.3 115.4 2684.9 9 0.3756887913 0.0720317215 -0.9239422679 -0.1948890239 0.9808213711 -0.0027787155 0.9060221910 0.1811101437 0.3825218081
-300.0 -84.8 2648.0 0.3756887913 0.0720317215 -0.9239422679 -0.1948890239 0.9808213711 -0.0027787155 0.9060221910 0.1811101437 0.3825218081
-311.6 -280.4 2615.1 0.3770000637 0.0586143062 -0.9243566990 -0.1751636416 0.9844980836 -0.0090127876 0.9094991088 0.1653115153 0.3814229369
-355.0 -59.3 2515.2 -0.6365158558 0.3672045469 -0.6782391667 0.6312330365 0.7533169389 -0.1845491081 0.4431618154 -0.5455954075 -0.7112898231
-207.7 -205.3 2412.6 -0.7007355094 0.3672045469 0.6116620898 -0.1616827548 0.7533169389 -0.6374733448 -0.6948585510 -0.5455954075 -0.4685053229
-244.9 -110.4 2780.8 0.2384920269 0.5590931773 -0.7940632105 -0.1203203350 0.8283683062 0.5471096635 0.9636620879 -0.0349393412 0.2648295164
-164.2 -151.1 3107.0 -0.0506904759 0.5587612987 0.8277779222 -0.0161182359 0.8282778263 -0.5600857735 -0.9985843301 -0.0417333320 -0.0329795517
-359.3 -463.1 2502.2 0.7636429071 -0.5759741068 -0.2917247713 -0.1892640591 0.2322872430 -0.9540554285 0.6172751784 0.7837706804 0.0683733150
-139.2 -551.9 2202.8 0.7636429071 0.4736492336 -0.4387549758 -0.1892640591 0.8139367700 0.5492595434 0.6172751784 -0.3363976181 0.7112017870
-290.2 -491.7 2669.6 0.4784961939 -0.8616795540 -0.1689666212 -0.1980652958 0.0815517530 -0.9767903686 0.8554598093 0.5008569360 -0.1316466182
65.7 -525.4 2462.7 0.4784961939 0.5768861175 -0.6619998813 -0.1980652958 0.8053883910 0.5586766601 0.8554598093 -0.1362054646 0.4996364117
-28.2 -163.9 2590.6 0 0 0 0 0 0 0 0 0
-176.5 -155.0 2863.7 0 0 0 0 0 0 0 0 0
-320.2 -862.9 2331.3 0 0 0 0 0 0 0 0 0
-154.1 -832.2 2514.6 0 0 0 0 0 0 0 0 0
-286.2 115.5 2689.8 0 0.3822517991 0.0724039972 -0.9212172627 -0.2044450939 0.9788461328 -0.0078994688 0.9011580348 0.1913579404 0.3889683485
-300.9 -83.7 2650.9 0.3822517991 0.0724039972 -0.9212172627 -0.2044450939 0.9788461328 -0.0078994688 0.9011580348 0.1913579404 0.3889683485
-313.4 -278.8 2615.6 0.3833690882 0.0628280938 -0.9214558005 -0.1882440448 0.9820566177 -0.0113583300 0.9042081237 0.1778129935 0.3883171380
-356.9 -56.2 2518.8 -0.5915738344 0.2473718524 -0.7673640251 0.6449286342 0.7163623571 -0.2662556469 0.4838465452 -0.6524049044 -0.5833184123
-216.0 -209.9 2403.6 -0.7412152290 0.2473718524 0.6240249276 -0.2937426865 0.7163623571 -0.6328824759 -0.6035853028 -0.6524049044 -0.4583150148
-244.9 -111.2 2782.9 0.2453666925 0.5613188744 -0.7903899550 -0.1337602437 0.8271184564 0.5458784699 0.9601579905 -0.0282176398 0.2780294418
-161.8 -156.5 3108.0 -0.0582524501 0.5609359145 0.8258072138 -0.0027418102 0.8271188736 -0.5620203018 -0.9982981086 -0.0350032672 -0.0466437228
-357.9 -459.9 2498.9 0.7609102130 -0.5773060918 -0.2961981297 -0.1909315884 0.2370676249 -0.9525461197 0.6201296449 0.7813556194 0.0701612160
-140.1 -549.3 2204.1 0.7609102130 0.4667257965 -0.4507578909 -0.1909315884 0.8249933124 0.5319127440 0.6201296449 -0.3186739087 0.7168585658
-288.7 -492.0 2665.6 0.4771737754 -0.8631489873 -0.1651635915 -0.1826111376 0.0864511132 -0.9793770313 0.8596268892 0.4974937439 -0.1163684204
63.4 -527.3 2462.7 0.4771737754 0.5682181716 -0.6703978777 -0.1826111376 0.8103079200 0.5568251610 0.8596268892 -0.1432802379 0.4904206395
-26.5 -134.8 2557.8 0 0 0 0 0 0 0 0 0
-176.0 -157.1 2864.8 0 0 0 0 0 0 0 0 0
-318.4 -864.5 2325.8 0 0 0 0 0 0 0 0 0
-153.3 -836.4 2517.3 0 0 0 0 0 0 0 0 0
-285.5 116.9 2692.3 1 0.3549082875 0.0814520866 -0.9313461781 -0.2004743069 0.9796549678 0.0092822080 0.9131539464 0.1834166497 0.3640167117
-302.0 -82.4 2655.0 0.3549082875 0.0814520866 -0.9313461781 -0.2004743069 0.9796549678 0.0092822080 0.9131539464 0.1834166497 0.3640167117
-315.6 -277.9 2622.5 0.3567000926 0.0678647310 -0.9317507148 -0.1769075692 0.9842194915 0.0039611915 0.9173160791 0.1634207964 0.3630769849
-354.1 -56.6 2521.1 -0.5721614957 0.1866357327 -0.7986227274 0.6455381513 0.7031183243 -0.2981696725 0.5058771968 -0.6861426830 -0.5227777362
-217.6 -210.7 2400.3 -0.7310004234 0.1866357327 0.6563577056 -0.3672193587 0.7031183243 -0.6089126468 -0.5751419663 -0.6861426830 -0.4454435408
-249.9 -108.2 2788.9 0.2178125829 0.5701640248 -0.7921304703 -0.1200485229 0.8211050630 0.5580097437 0.9685794115 -0.0264474545 0.2472943664
-176.2 -148.8 3116.7 -0.0311456062 0.5699647665 0.8210786581 -0.0188723542 0.8209953904 -0.5706228614 -0.9993366599 -0.0332680829 -0.0148138218
-361.1 -456.6 2497.3 0.7548829317 -0.5829074979 -0.3006170690 -0.1858268827 0.2494801581 -0.9503830671 0.6289834380 0.7732906938 0.0800084248
-139.2 -551.6 2202.9 0.7548829317 0.4730026126 -0.4543350041 -0.1858268827 0.8185967207 0.5434774756 0.6289834380 -0.3258342147 0.7058413029
-290.8 -491.2 2663.1 0.4766107500 -0.8641022444 -0.1617699564 -0.1705231071 0.0896495432 -0.9812669754 0.8624175787 0.4952678978 -0.1046214625
62.4 -527.8 2460.7 0.4766107500 0.5624092221 -0.6756760478 -0.1705231071 0.8131331801 0.5565395951 0.8624175787 -0.1500343680 0.4834517837
-28.0 -115.4 2549.5 0 0 0 0 0 0 0 0 0
-183.8 -153.4 2873.3 0 0 0 0 0 0 0 0 0
-319.9 -864.4 2327.4 0 0 0 0 0 0 0 0 0
-152.3 -838.3 2518.0 0 0 0 0 0 0 0 0 0
-283.8 118.3 2693.5 2 0.3630400598 0.0843450874 -0.9279481769 -0.1994476169 0.9798463583 0.0110326800 0.9101772308 0.1810717434 0.3725458980
-301.0 -81.3 2656.6 0.3630400598 0.0843450874 -0.9279481769 -0.1994476169 0.9798463583 0.0110326800 0.9101772308 0.1810717434 0.3725458980
-315.3 -276.8 2624.3 0.3647770584 0.0719738230 -0.9283089042 -0.1776245832 0.9840768576 0.0065004188 0.9139952064 0.1625192910 0.3717529774
-354.3 -55.4 2523.2 -0.5512842536 0.1622778475 -0.8183835149 0.6512889266 0.6967675090 -0.3005624712 0.5214484334 -0.6986994743 -0.4898067117
-221.4 -212.3 2397.5 -0.7008565068 0.1622778475 0.6945977211 -0.4170519710 0.6967675090 -0.5835946202 -0.5786775947 -0.6986994743 -0.4206557572
-247.7 -107.2 2790.1 0.2264748067 0.5720732808 -0.7883154750 -0.1204835400 0.8195827007 0.5601499081 0.9665365219 -0.0318808071 0.2545402348
-171.0 -148.0 3117.3 -0.0404683240 0.5718104839 0.8193870187 -0.0189374667 0.8194725513 -0.5728054643 -0.9990013242 -0.0386975929 -0.0223340392
-361.8 -457.2 2506.0 0.7600285411 -0.5735352635 -0.3056369424 -0.1999056339 0.2411715835 -0.9496704936 0.6183804274 0.7828752398 0.0686443597
-137.9 -551.4 2200.3 0.7600285411 0.4838002920 -0.4339284301 -0.1999056339 0.8093600273 0.5522446036 0.6183804274 -0.3329769075 0.7118511200
-296.4 -489.6 2674.1 0.4861236215 -0.8567090631 -0.1724337190 -0.1914185435 0.0881376639 -0.9775431752 0.8526680470 0.5082138181 -0.1211442053
63.7 -526.7 2460.5 0.4861236215 0.5720481873 -0.6606396437 -0.1914185435 0.8073198795 0.5582056642 0.8526680470 -0.1448982656 0.5019578934
-37.4 -102.8 2549.5 0 0 0 0 0 0 0 0 0
-180.9 -152.6 2873.9 0 0 0 0 0 0 0 0 0
-322.7 -860.6 2327.5 0 0 0 0 0 0 0 0 0
-154.8 -835.0 2515.9 0 0 0 0 0 0 0 0 0
-283.4 118.1 2694.6 3 0.3684651554 0.0842558444 -0.9258155227 -0.2058188170 0.9785640240 0.0071425419 0.9065715671 0.1879184693 0.3779082000
-300.6 -81.8 2656.3 0.3684651554 0.0842558444 -0.9258155227 -0.2058188170 0.9785640240 0.0071425419 0.9065715671 0.1879184693 0.3779082000
-314.9 -277.2 2623.2 0.3704370260 0.0717762932 -0.9260802269 -0.1810236722 0.9834713340 0.0038139937 0.9110471010 0.1662295908 0.3773073852
-354.7 -55.3 2523.2 -0.5545427799 0.1668884754 -0.8152487278 0.6523662210 0.6953992844 -0.3013937473 0.5166242123 -0.6989764571 -0.4945010543
-221.4 -212.1 2399.1 -0.6773385406 0.1668884754 0.7164919972 -0.4342990816 0.6953992844 -0.5725418329 -0.5937986374 -0.6989764571 -0.3985412121
-246.5 -108.2 2789.3 0.2323610634 0.5709092021 -0.7874458432 -0.1242992654 0.8203968406 0.5581206679 0.9646543860 -0.0318065733 0.2615918815
-167.8 -150.3 3116.0 -0.0463851541 0.5706062317 0.8199127316 -0.0147547368 0.8203153014 -0.5717211366 -0.9988146424 -0.0386169702 -0.0296313073
-363.1 -456.1 2508.3 0.7618003488 -0.5746262670 -0.2991068661 -0.1933665127 0.2389680594 -0.9515795708 0.6182795763 0.7827508450 0.0709324777
-136.0 -550.5 2198.9 0.7618003488 0.4801696837 -0.4348532259 -0.1933665127 0.8092095256 0.5547876954 0.6182795763 -0.3385513723 0.7093048096
-296.2 -488.6 2675.8 0.4849093854 -0.8580709696 -0.1690475047 -0.1841440797 0.0887854397 -0.9788810611 0.8549584150 0.5057976842 -0.1149557978
65.3 -526.0 2462.8 0.4849093854 0.5644000173 -0.6680685282 -0.1841440797 0.8126526475 0.5528893471 0.8549584150 -0.1450803876 0.4979937971
-41.5 -96.8 2556.8 0 0 0 0 0 0 0 0 0
-179.1 -153.9 2872.6 0 0 0 0 0 0 0 0 0
-319.5 -859.7 2328.3 0 0 0 0 0 0 0 0 0
-150.4 -836.5 2518.2 0 0 0 0 0 0 0 0 0
-282.8 117.4 2695.2 4 0.3660469353 0.0858080834 -0.9266318679 -0.2055189162 0.9786076546 0.0094351191 0.9076186419 0.1869866848 0.3758515120
-300.3 -81.9 2657.1 0.3660469353 0.0858080834 -0.9266318679 -0.2055189162 0.9786076546 0.0094351191 0.9076186419 0.1869866848 0.3758515120
-315.4 -277.3 2624.3 0.3679971993 0.0762022585 -0.9266991615 -0.1819019169 0.9832788706 0.0086205723 0.9118605852 0.1653960049 0.3757052124
-354.0 -55.3 2523.9 -0.5168235898 0.1405854225 -0.8444697261 0.6743348241 0.6745608449 -0.3004000187 0.5274143815 -0.7247092128 -0.4434306026
-230.5 -216.4 2397.9 -0.6951972246 0.1405854225 0.7049372792 -0.4539179504 0.6745608449 -0.5821736455 -0.5573682189 -0.7247092128 -0.4051385820
-246.5 -108.4 2790.3 0.2300870419 0.5748923421 -0.7852125764 -0.1244761124 0.8176186085 0.5621436834 0.9651764631 -0.0316017717 0.2596837878
-168.6 -150.6 3117.2 -0.0447221249 0.5746008754 0.8172109723 -0.0154973660 0.8175319433 -0.5756746531 -0.9988792539 -0.0384100117 -0.0276569668
-363.1 -456.0 2506.7 0.7684842348 -0.5715312958 -0.2877220213 -0.1745328903 0.2453794926 -0.9535864592 0.6156055927 0.7830331326 0.0888192579
-140.4 -551.6 2201.6 0.7684842348 0.4574591219 -0.4473959506 -0.1745328903 0.8225456476 0.5412549376 0.6156055927 -0.3378605545 0.7119550705
-295.2 -489.2 2673.7 0.4908789396 -0.8577246666 -0.1527947485 -0.1548774093 0.0866746157 -0.9841242433 0.8573510647 0.5067502856 -0.0902954265
61.4 -525.3 2463.1 0.4908789396 0.5487397909 -0.6766996980 -0.1548774093 0.8193105459 0.5520355105 0.8573510647 -0.1661771089 0.4871696830
-44.5 -94.9 2547.1 0 0 0 0 0 0 0 0 0
-179.5 -154.4 2873.7 0 0 0 0 0 0 0 0 0
-315.2 -865.8 2330.7 0 0 0 0 0 0 0 0 0
-148.2 -838.2 2526.6 0 0 0 0 0 0 0 0 0
-282.8 115.3 2697.5 5 0.3641492724 0.0846842006 -0.9274825454 -0.2040556371 0.9789154530 0.0092637371 0.9087114930 0.1858846694 0.3737516403
-300.1 -83.8 2659.7 0.3641492724 0.0846842006 -0.9274825454 -0.2040556371 0.9789154530 0.0092637371 0.9087114930 0.1858846694 0.3737516403
-314.3 -279.3 2626.8 0.3660542369 0.0715425760 -0.9278393984 -0.1801250577 0.9836320877 0.0047810338 0.9129946828 0.1653770059 0.3729493320
-353.5 -57.5 2526.3 -0.4748269618 0.1417143196 -0.8685945272 0.6826491356 0.6822118163 -0.2618725300 0.5554543138 -0.7172894478 -0.4206737280
-241.0 -219.3 2394.6 -0.7174981236 0.1417143196 0.6819922924 -0.4284227192 0.6822118163 -0.5924871564 -0.5492271185 -0.7172894478 -0.4287720621
-246.6 -110.1 2793.1 0.2277341336 0.5715177059 -0.7883556485 -0.1232884750 0.8200382590 0.5588713884 0.9658867121 -0.0300789215 0.2572122514
-169.5 -151.9 3120.2 -0.0416785888 0.5712469816 0.8197193146 -0.0159044825 0.8199489117 -0.5722156763 -0.9990044832 -0.0368863530 -0.0250889268
-364.3 -456.0 2507.8 0.7656344175 -0.5735055208 -0.2913680375 -0.1815807372 0.2418455333 -0.9531732202 0.6171161532 0.7826890349 0.0810277015
-141.4 -550.0 2203.5 0.7656344175 0.4594982266 -0.4501836598 -0.1815807372 0.8257463574 0.5340143442 0.6171161532 -0.3271150887 0.7156558633
-296.8 -489.3 2675.0 0.4925943613 -0.8581454158 -0.1446971297 -0.1316484809 0.0908755809 -0.9871222377 0.8602438569 0.5052999854 -0.0682087466
64.1 -527.6 2462.5 0.4925943613 0.5618479252 -0.6645883322 -0.1316484809 0.8029878736 0.5812737346 0.8602438569 -0.1988401264 0.4695137143
-47.2 -103.6 2543.0 0 0 0 0 0 0 0 0 0
-179.6 -155.8 2876.7 0 0 0 0 0 0 0 0 0
-316.9 -865.5 2328.5 0 0 0 0 0 0 0 0 0
-150.4 -834.1 2538.4 0 0 0 0 0 0 0 0 0
-284.2 113.1 2696.1 6 0.3623926044 0.0781213716 -0.9287457466 -0.2093858123 0.9778329730 0.0005488902 0.9082010984 0.1942672729 0.3707169294
-300.1 -85.5 2656.7 0.3623926044 0.0781213716 -0.9287457466 -0.2093858123 0.9778329730 0.0005488902 0.9082010984 0.1942672729 0.3707169294
-313.0 -280.7 2621.7 0.3639907837 0.0650942549 -0.9291251302 -0.1875128895 0.9822511673 -0.0046431320 0.9123319983 0.1759129912 0.3697363734
-353.2 -58.1 2523.4 -0.4744510651 0.1242470369 -0.8714693785 0.7075750828 0.6427649856 -0.2935824692 0.5236732364 -0.7559205294 -0.3928746283
-243.4 -222.0 2402.1 -0.7602671981 0.1242470369 0.6376178265 -0.4278775156 0.6427649856 -0.6354321837 -0.4887889624 -0.7559205294 -0.4355106056
-246.9 -112.9 2789.9 0.2251872122 0.5667037964 -0.7925512791 -0.1320702434 0.8236906528 0.5514445901 0.9653228521 -0.0195058193 0.2603293061
-170.6 -157.6 3116.8 -0.0381845385 0.5664569139 0.8232062459 -0.0056590447 0.8236712217 -0.5670393705 -0.9992547035 -0.0263106991 -0.0282459017
-362.1 -458.2 2510.2 0.7713572383 -0.5644565821 -0.2939333320 -0.1855176091 0.2423693389 -0.9522816539 0.6087620854 0.7890791297 0.0822366998
-144.7 -551.6 2206.3 0.7713572383 0.4550279379 -0.4449242949 -0.1855176091 0.8295333385 0.5267424583 0.6087620854 -0.3237653077 0.7242822051
-294.9 -491.3 2677.7 0.4917072654 -0.8544792533 -0.1675981581 -0.1818589270 0.0874555334 -0.9794278145 0.8515581489 0.5120710135 -0.1123921648
64.0 -528.0 2462.6 0.4917072654 0.5699791908 -0.6582915187 -0.1818589270 0.8065450788 0.5625054240 0.8515581489 -0.1568718255 0.5002399087
-37.2 -105.9 2534.7 0 0 0 0 0 0 0 0 0
-179.9 -159.0 2873.3 0 0 0 0 0 0 0 0 0
-318.6 -868.5 2330.0 0 0 0 0 0 0 0 0 0
-153.5 -835.8 2522.4 0 0 0 0 0 0 0 0 0
-283.1 111.7 2695.9 7 0.3669918180 0.0895533115 -0.9259034395 -0.2111343890 0.9773968458 0.0108483499 0.9059466124 0.1915088147 0.3776044250
-301.3 -86.4 2657.1 0.3669918180 0.0895533115 -0.9259034395 -0.2111343890 0.9773968458 0.0108483499 0.9059466124 0.1915088147 0.3776044250
-315.3 -281.7 2623.3 0.3691955507 0.0705619082 -0.9266691208 -0.1841540337 0.9828962684 0.0014742948 0.9109236598 0.1701055616 0.3758752048
-355.2 -59.5 2524.1 -0.4547335207 0.1626498103 -0.8756497502 0.7216022611 0.6435565948 -0.2551960945 0.5220225453 -0.7479170561 -0.4100152254
-249.8 -226.8 2403.1 -0.7691642046 0.1626498103 0.6180060506 -0.3920779228 0.6435565948 -0.6573505998 -0.5046398044 -0.7479170561 -0.4312292933
-247.3 -113.3 2790.2 0.2309836745 0.5701708198 -0.7883855104 -0.1278254986 0.8210579753 0.5563492775 0.9645243287 -0.0277318228 0.2625333667
-169.1 -156.6 3116.8 -0.0448158160 0.5698787570 0.8205057979 -0.0109153306 0.8210026622 -0.5708200336 -0.9989356399 -0.0345378593 -0.0305734873
-359.3 -458.7 2503.1 0.7619056702 -0.5703572035 -0.3069077730 -0.1938909739 0.2512697279 -0.9482983947 0.6179854870 0.7820205688 0.0808567107
-144.3 -553.4 2208.2 0.7619056702 0.4693078697 -0.4463741183 -0.1938909739 0.8228419423 0.5341698527 0.6179854870 -0.3204391003 0.7179225087
-292.5 -493.1 2670.4 0.4898138046 -0.8579696417 -0.1548241526 -0.1630689055 0.0842918903 -0.9830073118 0.8564409018 0.5067375898 -0.0986208320
65.9 -528.3 2458.7 0.4898138046 0.5800808668 -0.6508368850 -0.1630689055 0.7943037748 0.5852265358 0.8564409018 -0.1805207729 0.4836540818
-39.3 -119.5 2541.1 0 0 0 0 0 0 0 0 0
-180.0 -159.3 2873.4 0 0 0 0 0 0 0 0 0
-323.6 -867.8 2330.6 0 0 0 0 0 0 0 0 0
-155.5 -831.5 2527.6 0 0 0 0 0 0 0 0 0
-274.7 119.7 2695.4 8 0.3701058328 0.1113498881 -0.9222921729 -0.2082381994 0.9774712920 0.0344480276 0.9053499699 0.1793070585 0.3849551380
-297.4 -79.6 2658.8 0.3701058328 0.1113498881 -0.9222921729 -0.2082381994 0.9774712920 0.0344480276 0.9053499699 0.1793070585 0.3849551380
-315.1 -274.9 2627.0 0.3727695644 0.0893802568 -0.9236092567 -0.1822222322 0.9830204248 0.0215845779 0.9098559618 0.1602560729 0.3827271461
-351.9 -53.0 2525.9 -0.4530481994 0.2297436297 -0.8613740206 0.7527862191 0.6161813736 -0.2315889597 0.4775565267 -0.7533514500 -0.4521076977
-240.9 -237.3 2409.0 -0.7633639574 0.2297436297 0.6037328243 -0.3660809100 0.6161813736 -0.6973559260 -0.5322220325 -0.7533514500 -0.3862658739
-242.9 -106.2 2791.7 0.2360278368 0.5845057368 -0.7763014436 -0.1229680926 0.8104159236 0.5728043914 0.9639344811 -0.0397374667 0.2631562650
-163.0 -147.9 3118.2 -0.0526632927 0.5841605067 0.8099278212 -0.0193789974 0.8103027344 -0.5856909752 -0.9984242916 -0.0465400070 -0.0313527659
-363.2 -460.1 2506.0 0.7627741098 -0.5733357668 -0.2991015017 -0.1889615804 0.2447269261 -0.9510006309 0.6184409261 0.7819173932 0.0783329308
-143.0 -554.1 2205.7 0.7627741098 0.4675639272 -0.4467209280 -0.1889615804 0.8218145967 0.5375074744 0.6184409261 -0.3255837262 0.7152104974
-295.4 -493.9 2673.1 0.4927214086 -0.8579755425 -0.1452706605 -0.1513295025 0.0799140558 -0.9852477312 0.8569276333 0.5074363947 -0.0904616416
62.8 -527.3 2461.2 0.4927214086 0.5587103963 -0.6671344042 -0.1513295025 0.8099900484 0.5665823221 0.8569276333 -0.1782101244 0.4836488068
-31.8 -137.0 2554.7 0 0 0 0 0 0 0 0 0
-175.8 -152.6 2874.8 0 0 0 0 0 0 0 0 0
-321.6 -868.1 2330.1 0 0 0 0 0 0 0 0 0
-150.6 -836.5 2529.3 0 0 0 0 0 0 0 0 0
-276.3 115.5 2695.6 9 0.3741883636 0.1060124040 -0.9212732911 -0.2188969702 0.9754687548 0.0233406220 0.9011477232 0.1929301471 0.3882148564
-297.8 -82.8 2656.3 0.3741883636 0.1060124040 -0.9212732911 -0.2188969702 0.9754687548 0.0233406220 0.9011477232 0.1929301471 0.3882148564
-314.8 -277.8 2622.5 0.3770210147 0.0853661522 -0.9222623110 -0.1899283081 0.9817088842 0.0132259028 0.9065221548 0.1701772809 0.3863383234
-352.9 -55.0 2523.9 -0.4846503139 0.2563130558 -0.8363119364 0.7491361499 0.6152113080 -0.2455810755 0.4515629113 -0.7455325127 -0.4901757240
-233.1 -240.2 2412.3 -0.7733196616 0.2563130558 0.5798968673 -0.3322150707 0.6152113080 -0.7149463296 -0.5400091410 -0.7455325127 -0.3906039000
-242.8 -110.5 2788.8 0.2402032763 0.5805360079 -0.7779976130 -0.1318432093 0.8135464787 0.5663563013 0.9617275000 -0.0334669389 0.2719562650
-161.4 -155.2 3114.4 -0.0562865213 0.5801663399 0.8125508428 -0.0092718126 0.8135021925 -0.5814878941 -0.9983716011 -0.0402637497 -0.0404100157
-367.1 -453.5 2511.7 0.7606810927 -0.5755733848 -0.3001325130 -0.1940136105 0.2396351099 -0.9512800574 0.6194537282 0.7818505764 0.0706168339
-142.5 -547.0 2206.6 0.7606810927 0.4602899849 -0.4577088058 -0.1940136105 0.8341006637 0.5163669586 0.6194537282 -0.3039888442 0.7237871289
-298.7 -486.9 2678.6 0.5008633733 -0.8512194753 -0.1567205638 -0.1417190731 0.0979714617 -0.9850468636 0.8538451791 0.5155841708 -0.0715637133
65.2 -528.8 2458.2 0.5008633733 0.5699521899 -0.6513757706 -0.1417190731 0.7964246869 0.5878974199 0.8538451791 -0.2021439224 0.4796730578
-22.2 -149.6 2559.6 0 0 0 0 0 0 0 0 0
-175.1 -157.4 2871.1 0 0 0 0 0 0 0 0 0
-318.3 -865.6 2322.7 0 0 0 0 0 0 0 0 0
-152.4 -832.9 2535.4 0 0 0 0 0 0 0 0 0
-277.0 112.0 2696.2 0 0.3987049460 0.0973338336 -0.9118993878 -0.2227896750 0.9748439193 0.0066432166 0.8896061778 0.2005130947 0.4103600681
-296.7 -85.6 2655.5 0.3987049460 0.0973338336 -0.9118993878 -0.2227896750 0.9748439193 0.0066432166 0.8896061778 0.2005130947 0.4103600681
-311.5 -280.4 2619.2 0.4009805322 0.0743815303 -0.9130618572 -0.1968786716 0.9804056883 -0.0065936819 0.8946806192 0.1824063510 0.4077677429
-355.3 -56.9 2524.9 -0.5085918903 0.2619229853 -0.8202015758 0.7396725416 0.6205003858 -0.2605068386 0.4407026768 -0.7391722798 -0.5093187094
-225.8 -245.3 2412.6 -0.7977513671 0.2619229853 0.5431289673 -0.2918335199 0.6205003858 -0.7278821468 -0.5276608467 -0.7391722798 -0.4185671210
-238.2 -114.4 2786.2 0.2646737099 0.5670996308 -0.7799652815 -0.1415166259 0.8228937387 0.5502898693 0.9538977146 -0.0352692120 0.2980523705
-148.6 -162.3 3109.1 -0.0795616135 0.5665694475 0.8201640248 0.0038064306 0.8229389191 -0.5681170821 -0.9968226552 -0.0420784131 -0.0676309541
-366.4 -455.5 2505.6 0.7596792579 -0.5796918869 -0.2946943045 -0.1811724305 0.2465595454 -0.9520425200 0.6245509982 0.7766374350 0.0822819918
-144.1 -550.0 2207.8 0.7596792579 0.4517201781 -0.4677993953 -0.1811724305 0.8378971815 0.5148833990 0.6245509982 -0.3063938916 0.7183723450
-297.2 -490.3 2671.9 0.4824926257 -0.8607218862 -0.1623535007 -0.1708194613 0.0893312171 -0.9812444448 0.8590818048 0.5011763573 -0.1039263979
62.2 -527.6 2462.6 0.4824926257 0.5566154718 -0.6762988567 -0.1708194613 0.8170894980 0.5506227612 0.8590818048 -0.1501464099 0.4893204272
-7.3 -165.3 2557.2 0 0 0 0 0 0 0 0 0
-168.0 -161.3 2866.2 0 0 0 0 0 0 0 0 0
-316.6 -870.1 2324.8 0 0 0 0 0 0 0 0 0
-150.1 -839.2 2519.9 0 0 0 0 0 0 0 0 0
-275.2 112.1 2695.5 1 0.4017506242 0.1044173241 -0.9097765684 -0.2260964364 0.9740316272 0.0119495131 0.8873988986 0.2008965164 0.4149262011
-296.4 -85.3 2654.8 0.4017506242 0.1044173241 -0.9097765684 -0.2260964364 0.9740316272 0.0119495131 0.8873988986 0.2008965164 0.4149262011
-313.0 -279.9 2618.3 0.4041275978 0.0837139711 -0.9108638167 -0.2014143765 0.9795058966 0.0006600574 0.8922517300 0.1831943095 0.4127065539
-355.4 -55.9 2524.4 -0.4801037312 0.2657467425 -0.8359898925 0.7524122596 0.6146919727 -0.2367056608 0.4509725273 -0.7426522970 -0.4950670004
-231.9 -249.4 2408.4 -0.8091765046 0.2657467425 0.5240343809 -0.2765228152 0.6146919727 -0.7387076020 -0.5184288621 -0.7426522970 -0.4239092767
-237.4 -114.7 2785.1 0.2685491443 0.5739222169 -0.7736243606 -0.1450795084 0.8180636168 0.5565283895 0.9522779584 -0.0372181833 0.3029546440
-146.4 -163.8 3107.5 -0.0848411471 0.5733568668 0.8149011135 0.0058528176 0.8181225657 -0.5750141144 -0.9963772893 -0.0440153889 -0.0727662072
-363.1 -457.1 2501.0 0.7566373944 -0.5810320973 -0.2998357415 -0.1862664521 0.2480258346 -0.9506776333 0.6267412901 0.7751676440 0.0794388279
-143.2 -551.0 2207.6 0.7566373944 0.4563971758 -0.4681895077 -0.1862664521 0.8368578553 0.5147560239 0.6267412901 -0.3022756875 0.7182094455
-289.6 -493.2 2665.0 0.4737741947 -0.8655176163 -0.1625339091 -0.1850666851 0.0825880617 -0.9792494774 0.8609810472 0.4940227270 -0.1210503802
63.0 -526.9 2463.7 0.4737741947 0.5631751418 -0.6770315766 -0.1850666851 0.8152926564 0.5486786366 0.8609810472 -0.1346537918 0.4904895723
-10.3 -173.7 2550.4 0 0 0 0 0 0 0 0 0
-167.1 -162.4 2864.7 0 0 0 0 0 0 0 0 0
-317.6 -870.8 2323.1 0 0 0 0 0 0 0 0 0
-152.0 -838.0 2515.1 0 0 0 0 0 0 0 0 0
-276.0 108.5 2696.1 2 0.3979233205 0.0965450406 -0.9123245478 -0.2350502014 0.9719831944 0.0003378185 0.8867967129 0.2143076509 0.4094676971
-295.6 -88.4 2652.7 0.3979233205 0.0965450406 -0.9123245478 -0.2350502014 0.9719831944 0.0003378185 0.8867967129 0.2143076509 0.4094676971
-311.9 -282.6 2614.0 0.4001149535 0.0821679533 -0.9127740264 -0.2111432999 0.9774444699 -0.0045651863 0.8918108344 0.1945527196 0.4084393680
-354.1 -57.6 2522.4 -0.4977968335 0.3071515858 -0.8110833764 0.7540202737 0.6153637767 -0.2297407985 0.4285460711 -0.7259375453 -0.5379246473
-226.7 -250.4 2412.8 -0.8015165925 0.3071515858 0.5130585432 -0.2439705431 0.6153637767 -0.7495370507 -0.5459391475 -0.7259375453 -0.4182883203
-237.2 -119.3 2783.0 0.2642202377 0.5735201836 -0.7754110098 -0.1556207836 0.8187996149 0.5525842905 0.9518244863 -0.0253338777 0.3055950701
-147.7 -172.0 3105.3 -0.0801854134 0.5729871988 0.8156322241 0.0170084648 0.8189345002 -0.5736349225 -0.9966348410 -0.0321245044 -0.0754122362
-366.8 -456.1 2500.1 0.7544003129 -0.5857337117 -0.2963042557 -0.1787471175 0.2510303557 -0.9513323307 0.6316087842 0.7706489563 0.0846791714
-142.4 -552.2 2204.9 0.7544003129 0.4658119678 -0.4624925852 -0.1787471175 0.8237270713 0.5380735993 0.6316087842 -0.3232536614 0.7046824694
-292.6 -493.0 2663.8 0.4631612599 -0.8715054393 -0.1611208767 -0.1774382442 0.0869321525 -0.9802848697 0.8683301806 0.4826189876 -0.1143747941
63.7 -528.5 2466.4 0.4631612599 0.5739890933 -0.6752911806 -0.1774382442 0.8065721393 0.5638768077 0.8683301806 -0.1413434148 0.4754205644
-7.1 -183.5 2562.5 0 0 0 0 0 0 0 0 0
-167.2 -167.8 2862.4 0 0 0 0 0 0 0 0 0
-320.3 -866.9 2328.3 0 0 0 0 0 0 0 0 0
-155.5 -836.6 2520.4 0 0 0 0 0 0 0 0 0
-276.7 107.0 2695.4 3 0.3890387118 0.0944800079 -0.9163637161 -0.2310478687 0.9729398489 0.0022227012 0.8917767406 0.2108591646 0.4003406763
-295.8 -90.1 2652.7 0.3890387118 0.0944800079 -0.9163637161 -0.2310478687 0.9729398489 0.0022227012 0.8917767406 0.2108591646 0.4003406763
-312.9 -284.3 2614.3 0.3908451200 0.0862003937 -0.9164112806 -0.2115490586 0.9773659110 0.0017092777 0.8958164454 0.1931978762 0.4002343118
-352.9 -59.2 2521.9 -0.5477905869 0.3681808114 -0.7512445450 0.7463851571 0.6207187176 -0.2400364131 0.3779347539 -0.6922074556 -0.6148285866
-211.5 -251.8 2424.3 -0.7539557815 0.3681808114 0.5440528989 -0.2363266647 0.6207187176 -0.7475680113 -0.6129440665 -0.6922074556 -0.3809835315
-238.7 -121.0 2783.6 0.2547288537 0.5785586238 -0.7748439312 -0.1550851762 0.8153460622 0.5578166246 0.9544955492 -0.0219251812 0.2974180281
-152.4 -173.5 3106.8 -0.0711257979 0.5780871511 0.8128691912 0.0152890859 0.8154692650 -0.5785984397 -0.9973501563 -0.0287252478 -0.0668393224
-365.0 -457.5 2493.6 0.7517872453 -0.5875413418 -0.2993511260 -0.1748005748 0.2601593733 -0.9496114254 0.6358149648 0.7662325501 0.0928819403
-144.6 -555.0 2206.3 0.7517872453 0.4617039561 -0.4707922637 -0.1748005748 0.8279609680 0.5328465104 0.6358149648 -0.3182924390 0.7031566501
-291.6 -496.2 2657.2 0.4588265717 -0.8745142817 -0.1571718156 -0.1820776910 0.0805961043 -0.9799755216 0.8696699739 0.4782562852 -0.1222499013
64.2 -529.0 2462.6 0.4588265717 0.5732368231 -0.6788797379 -0.1820776910 0.8084970117 0.5596251488 0.8696699739 -0.1331620216 0.4753335416
-6.8 -187.6 2590.8 0 0 0 0 0 0 0 0 0
-169.8 -169.8 2863.7 0 0 0 0 0 0 0 0 0
-321.0 -871.4 2327.9 0 0 0 0 0 0 0 0 0
-154.8 -837.8 2513.4 0 0 0 0 0 0 0 0 0
-276.8 107.1 2695.1 4 0.3914707005 0.0932600275 -0.9154524803 -0.2269721478 0.9738988876 0.0021550967 0.8917590976 0.2069385648 0.4024202824
-295.7 -90.2 2653.2 0.3914707005 0.0932600275 -0.9154524803 -0.2269721478 0.9738988876 0.0021550967 0.8917590976 0.2069385648 0.4024202824
-312.4 -284.7 2616.2 0.3935413957 0.0838805959 -0.9154721498 -0.2041442245 0.9789388776 0.0019386396 0.8963539004 0.1861254126 0.4023767114
-353.2 -60.4 2522.2 -0.5986778736 0.4181996882 -0.6831499338 0.7263844609 0.6428930759 -0.2430105209 0.3375654221 -0.6417145133 -0.6886596084
-195.4 -251.9 2433.2 -0.6823735237 0.4181996882 0.5995627046 -0.2439516783 0.6428930759 -0.7260689139 -0.6890965104 -0.6417145133 -0.3366726935
-238.2 -120.0 2784.1 0.2573905289 0.5761964917 -0.7757239938 -0.1476705521 0.8167966604 0.5577065945 0.9549573660 -0.0289968066 0.2953229845
-151.1 -170.1 3107.5 -0.0734850839 0.5757092237 0.8143456578 0.0080947755 0.8168707490 -0.5767639279 -0.9972634912 -0.0357915983 -0.0646880493
-365.9 -459.1 2493.8 0.7525078654 -0.5929471254 -0.2866105735 -0.1647400111 0.2518827021 -0.9536329508 0.6376461387 0.7648325562 0.0918616056
-142.7 -553.9 2205.9 0.7525078654 0.4595397413 -0.4717575014 -0.1647400111 0.8248935342 0.5407507420 0.6376461387 -0.3292018473 0.6964434981
-294.2 -497.9 2658.1 0.4709083140 -0.8716400862 -0.1359739900 -0.1489222497 0.0733769760 -0.9861227274 0.8695214391 0.4846229553 -0.0952527747
66.2 -528.2 2457.7 0.4709083140 0.5767447352 -0.6675409079 -0.1489222497 0.7978042960 0.5842349529 0.8695214391 -0.1757093966 0.4615828097
-10.5 -185.8 2619.9 0 0 0 0 0 0 0 0 0
-169.0 -168.1 2864.4 0 0 0 0 0 0 0 0 0
-318.3 -869.1 2331.7 0 0 0 0 0 0 0 0 0
-154.0 -832.8 2524.8 0 0 0 0 0 0 0 0 0
-275.8 107.4 2695.4 5 0.3937627971 0.0992668718 -0.9138364196 -0.2266227752 0.9739485383 0.0081472006 0.8908383846 0.2038880736 0.4060008228
-295.9 -89.5 2654.2 0.3937627971 0.0992668718 -0.9138364196 -0.2266227752 0.9739485383 0.0081472006 0.8908383846 0.2038880736 0.4060008228
-312.8 -284.0 2617.6 0.3960083425 0.0849962533 -0.9143046737 -0.2028202564 0.9792107940 0.0031835537 0.8955675960 0.1841787845 0.4050146043
-353.7 -59.8 2523.4 -0.6276954412 0.4327215850 -0.6471093297 0.7066026330 0.6655374765 -0.2403593957 0.3266668022 -0.6081216335 -0.7235170007
