-255.0 109.3 2678.3 2 0.4563445449 0.1286150813 -0.8804588914 -0.2310830653 0.9726780653 0.0223151464 0.8592730761 0.1932757348 0.4735971093
-281.3 -89.8 2638.7 0.4563445449 0.1286150813 -0.8804588914 -0.2310830653 0.9726780653 0.0223151464 0.8592730761 0.1932757348 0.4735971093
-301.1 -284.3 2602.8 0.4592748880 0.0995808467 -0.8826949000 -0.2060269117 0.9785411358 0.0031958553 0.8640714884 0.1803911179 0.4699356854
-348.4 -59.8 2512.5 -0.6897376776 0.4440895915 -0.5718796253 0.6725386381 0.6855432391 -0.2787870169 0.2682418227 -0.5769010782 -0.7715124488
-155.0 -248.4 2437.2 -0.5065041184 0.4440895915 0.7390791774 -0.3390376270 0.6855432391 -0.6442700624 -0.7927843928 -0.5769010782 -0.1966673881
-214.3 -119.9 2764.9 0.3280051053 0.5740237236 -0.7502729297 -0.1492910236 0.8157292604 0.5588362813 0.9328048229 -0.0712921396 0.3532599509
-103.2 -170.5 3080.8 -0.1480918378 0.5730270147 0.8060451746 0.0094214668 0.8158124685 -0.5782397389 -0.9889287353 -0.0780384615 -0.1262139231
-370.2 -459.0 2488.5 0.7339214683 -0.6084412336 -0.3019247651 -0.1730404645 0.2623556256 -0.9493294954 0.6568228602 0.7489784956 0.0872634575
-142.4 -557.2 2208.1 0.7339214683 0.4730408490 -0.4874337018 -0.1730404645 0.8241578937 0.5392779708 0.6568228602 -0.3114419281 0.6867223978
-290.9 -499.2 2649.7 0.4418329895 -0.8843528032 -0.1506776810 -0.1494824141 0.0930369198 -0.9843775630 0.8845556378 0.4574541152 -0.0910884067
63.8 -536.5 2466.2 0.4418329895 0.5887449384 -0.6768774390 -0.1494824141 0.7922876477 0.5915533304 0.8845556378 -0.1601864845 0.4380658269
-11.4 -152.3 2661.9 0 0 0 0 0 0 0 0 0
-139.3 -168.2 2839.8 0 0 0 0 0 0 0 0 0
-323.1 -872.1 2327.0 0 0 0 0 0 0 0 0 0
-160.6 -838.4 2527.3 0 0 0 0 0 0 0 0 0
-255.4 108.4 2678.5 3 0.4587423503 0.1192773730 -0.8805273175 -0.2286235094 0.9734314084 0.0127526484 0.8586540222 0.1954590678 0.4738238156
-279.7 -90.4 2638.6 0.4587423503 0.1192773730 -0.8805273175 -0.2286235094 0.9734314084 0.0127526484 0.8586540222 0.1954590678 0.4738238156
-299.1 -284.7 2601.8 0.4608774185 0.0975602269 -0.8820850253 -0.2094106674 0.9778269529 -0.0012647554 0.8624031544 0.1853009015 0.4710884988
-347.0 -59.8 2512.6 -0.6862508059 0.4534975290 -0.5686824918 0.6784003973 0.6810695529 -0.2755306959 0.2623598576 -0.5748776197 -0.7750374675
-157.3 -247.3 2440.1 -0.4948960841 0.4534975290 0.7412272692 -0.3440084755 0.6810695529 -0.6463763714 -0.7979574203 -0.5748776197 -0.1810516417
-212.4 -120.9 2764.6 0.3295769095 0.5720575452 -0.7510854006 -0.1533766240 0.8174061179 0.5552682877 0.9315871596 -0.0678046718 0.3571383953
-100.8 -172.9 3080.1 -0.1494084746 0.5710526109 0.8072025776 0.0142142195 0.8175219297 -0.5757220387 -0.9886733890 -0.0745439902 -0.1302617639
-363.0 -459.8 2487.7 0.7405319214 -0.6012169123 -0.3002509773 -0.1810696423 0.2517576516 -0.9507007003 0.6471678615 0.7583906054 0.0775724500
-140.1 -553.2 2206.6 0.7405319214 0.4701836705 -0.4801455438 -0.1810696423 0.8276580572 0.5312211514 0.6471678615 -0.3064464331 0.6980432272
-280.3 -498.3 2647.2 0.4631679356 -0.8757287860 -0.1362885386 -0.1326446086 0.0835495368 -0.9876360297 0.8762881160 0.4755192697 -0.0774632394
65.0 -531.2 2459.7 0.4631679356 0.5714563131 -0.6774312854 -0.1326446086 0.8004494309 0.5845392346 0.8762881160 -0.1808822155 0.4465430975
-17.8 -150.3 2665.1 0 0 0 0 0 0 0 0 0
-137.2 -169.4 2839.1 0 0 0 0 0 0 0 0 0
-319.8 -869.4 2323.7 0 0 0 0 0 0 0 0 0
-153.0 -836.5 2528.7 0 0 0 0 0 0 0 0 0
-255.6 110.1 2677.1 4 0.4542557001 0.1076243073 -0.8843465447 -0.2283776850 0.9735718966 0.0011739042 0.8611012697 0.2014317662 0.4668295681
-277.6 -88.8 2636.0 0.4542557001 0.1076243073 -0.8843465447 -0.2283776850 0.9735718966 0.0011739042 0.8611012697 0.2014317662 0.4668295681
-297.0 -282.8 2597.6 0.4555243552 0.0977613106 -0.8848391175 -0.2163333148 0.9763132930 -0.0035028080 0.8635377884 0.1930157989 0.4658834934
-344.1 -57.2 2509.9 -0.6692324877 0.4462047517 -0.5941625834 0.6970907450 0.6538828015 -0.2941116989 0.2572786510 -0.6110143661 -0.7486448884
-159.0 -250.1 2438.7 -0.5382564664 0.4462047517 0.7149693966 -0.3493711948 0.6538828015 -0.6711013317 -0.7669548392 -0.6110143661 -0.1960655898
-211.1 -120.4 2762.1 0.3238977492 0.5735327601 -0.7524296641 -0.1606579721 0.8170949221 0.5536649823 0.9323514700 -0.0584470183 0.3567978144
-101.4 -174.8 3077.9 -0.1435703188 0.5725678205 0.8071887493 0.0216631126 0.8172615170 -0.5758596659 -0.9894030094 -0.0651901364 -0.1297380924
-360.8 -459.8 2485.9 0.7462675571 -0.5992664099 -0.2897663713 -0.1698803455 0.2494374514 -0.9533737898 0.6436034441 0.7606975436 0.0843434930
-139.8 -551.7 2205.4 0.7462675571 0.4662625194 -0.4750621021 -0.1698803455 0.8234601021 0.5413447618 0.6436034441 -0.3232842982 0.6937303543
-277.0 -498.5 2644.5 0.4590000510 -0.8772825599 -0.1403361261 -0.1458052099 0.0814340338 -0.9859560728 0.8763902187 0.4730156362 -0.0905341431
70.8 -530.8 2457.0 0.4590000510 0.5941894054 -0.6604982018 -0.1458052099 0.7837390304 0.6037333608 0.8763902187 -0.1808095723 0.4463721514
-8.9 -152.6 2652.5 0 0 0 0 0 0 0 0 0
-136.4 -169.5 2836.7 0 0 0 0 0 0 0 0 0
-318.0 -866.3 2328.9 0 0 0 0 0 0 0 0 0
-156.0 -829.9 2526.0 0 0 0 0 0 0 0 0 0
-256.4 108.9 2677.5 5 0.4753400385 0.1105102673 -0.8728340864 -0.2389932275 0.9709944129 -0.0072158072 0.8467196226 0.2120313942 0.4879637361
-279.0 -89.6 2634.1 0.4753400385 0.1105102673 -0.8728340864 -0.2389932275 0.9709944129 -0.0072158072 0.8467196226 0.2120313942 0.4879637361
-298.0 -283.3 2593.8 0.4769568741 0.0959364697 -0.8736751676 -0.2237565368 0.9745274186 -0.0151423486 0.8499677181 0.2027127743 0.4862739742
-348.6 -57.0 2510.0 -0.6691704392 0.4351216257 -0.6023952961 0.6918849945 0.6605772376 -0.2914324701 0.2711200118 -0.6118062735 -0.7430928946
-159.3 -252.7 2433.3 -0.5579503775 0.4351216257 0.7066544890 -0.3354798257 0.6605772376 -0.6716331244 -0.7590419650 -0.6118062735 -0.2225947827
-209.3 -122.3 2758.2 0.3466451168 0.5666980743 -0.7474559546 -0.1697441638 0.8216070533 0.5441954732 0.9225096703 -0.0617664233 0.3809997737
-91.9 -179.8 3070.5 -0.1668184102 0.5655714273 0.8076512814 0.0326619893 0.8218494058 -0.5687677264 -0.9854465127 -0.0685014278 -0.1555723101
-358.2 -456.9 2480.1 0.7428036928 -0.6007693410 -0.2954977751 -0.1712680906 0.2561709583 -0.9513378143 0.6472325325 0.7572665811 0.0873921141
-139.8 -550.1 2204.7 0.7428036928 0.4690424502 -0.4777466655 -0.1712680906 0.8229561448 0.5416737199 0.6472325325 -0.3205344677 0.6916268468
-275.0 -496.8 2638.7 0.4524790943 -0.8820837736 -0.1311141998 -0.1234740913 0.0836410969 -0.9888166189 0.8831856251 0.4636080563 -0.0710686371
66.4 -529.1 2459.3 0.4524790943 0.5795351267 -0.6777918339 -0.1234740913 0.7934413552 0.5959907770 0.8831856251 -0.1859836429 0.4305731952
-5.0 -159.9 2643.2 0 0 0 0 0 0 0 0 0
-132.6 -171.8 2830.4 0 0 0 0 0 0 0 0 0
-319.0 -864.5 2327.2 0 0 0 0 0 0 0 0 0
-154.9 -832.1 2530.3 0 0 0 0 0 0 0 0 0
-257.1 110.0 2676.6 6 0.4589043260 0.1142492667 -0.8811094761 -0.2298223972 0.9732109308 0.0064942460 0.8582473397 0.1995184571 0.4728677273
-280.5 -88.9 2635.8 0.4589043260 0.1142492667 -0.8811094761 -0.2298223972 0.9732109308 0.0064942460 0.8582473397 0.1995184571 0.4728677273
-299.4 -283.1 2598.2 0.4608406425 0.0948507264 -0.8823996782 -0.2117599100 0.9773060083 -0.0055410168 0.8618489504 0.1894104034 0.4704679251
-347.8 -58.0 2510.0 -0.6497638822 0.4368856549 -0.6220432520 0.7022082806 0.6583231091 -0.2711349428 0.2910504639 -0.6129776239 -0.7345393300
-166.3 -254.2 2428.7 -0.5915662050 0.4368856549 0.6776284575 -0.3030777574 0.6583231091 -0.6890243292 -0.7471233606 -0.6129776239 -0.2570313811
-213.2 -119.8 2761.7 0.3293876946 0.5699237585 -0.7527886033 -0.1563193947 0.8191950917 0.5518004298 0.9311648607 -0.0640807971 0.3589228988
-101.7 -172.8 3076.9 -0.1488123536 0.5689217448 0.8088157773 0.0178617463 0.8193359971 -0.5730352998 -0.9887041450 -0.0708278790 -0.1320892572
-360.9 -456.4 2475.6 0.7350544333 -0.6108959317 -0.2941106856 -0.1665911525 0.2577578425 -0.9517396092 0.6572232246 0.7485767007 0.0876961797
-138.5 -550.2 2203.2 0.7350544333 0.4746553302 -0.4841459095 -0.1665911525 0.8186193109 0.5496451855 0.6572232246 -0.3233647048 0.6808031797
-273.6 -497.5 2631.6 0.4405093193 -0.8899571896 -0.1180157885 -0.1005516350 0.0817196518 -0.9915701151 0.8920991421 0.4486625493 -0.0534883887
65.2 -528.6 2460.8 0.4405093193 0.5726564527 -0.6913871169 -0.1005516350 0.7967613339 0.5958697200 0.8920991421 -0.1929660439 0.4085623324
-4.1 -171.1 2633.5 0 0 0 0 0 0 0 0 0
-138.0 -168.4 2836.0 0 0 0 0 0 0 0 0 0
-319.9 -863.0 2326.7 0 0 0 0 0 0 0 0 0
-153.5 -832.9 2534.5 0 0 0 0 0 0 0 0 0
-258.1 108.7 2676.7 7 0.4615176916 0.1170306653 -0.8793777823 -0.2200771570 0.9753775597 0.0143051017 0.8593994975 0.1869288981 0.4759097993
-282.0 -89.9 2638.6 0.4615176916 0.1170306653 -0.8793777823 -0.2200771570 0.9753775597 0.0143051017 0.8593994975 0.1869288981 0.4759097993
-301.0 -284.7 2604.2 0.4639322758 0.0955487043 -0.8807027340 -0.1978645176 0.9802271128 0.0021161474 0.8634908795 0.1732780635 0.4736646712
-349.7 -61.0 2512.5 -0.5198726654 0.3666789830 -0.7715432048 0.7358900905 0.6509091258 -0.1865021139 0.4338181317 -0.6647283435 -0.6082253456
-217.3 -248.4 2402.0 -0.7495247722 0.3666789830 0.5511435270 -0.2165893018 0.6509091258 -0.7276031375 -0.6255411506 -0.6647283435 -0.4084537625
-214.2 -118.8 2764.7 0.3327491879 0.5697139502 -0.7514678836 -0.1413523257 0.8180074096 0.5575692058 0.9323612452 -0.0793089643 0.3527216911
-101.5 -166.7 3080.4 -0.1523597389 0.5686900020 0.8083181381 0.0019698348 0.8180397749 -0.5751582980 -0.9883231521 -0.0860387161 -0.1257565469
-360.5 -457.9 2481.5 0.7401934862 -0.6027681828 -0.2979666293 -0.1752805412 0.2548468709 -0.9509625435 0.6491458416 0.7561240196 0.0829824582
-137.8 -552.0 2202.2 0.7401934862 0.4785256386 -0.4723630250 -0.1752805412 0.8155409098 0.5515158772 0.6491458416 -0.3254324198 0.6875342727
-276.1 -496.7 2639.6 0.4557886422 -0.8804235458 -0.1308092624 -0.1085004658 0.0909094810 -0.9899308681 0.8834502697 0.4653921127 -0.0540908575
67.5 -532.2 2458.0 0.4557886422 0.6014209390 -0.6561627984 -0.1085004658 0.7692322731 0.6296899319 0.8834502697 -0.2158115506 0.4158617556
-21.8 -191.9 2565.2 0 0 0 0 0 0 0 0 0
-138.7 -166.2 2839.6 0 0 0 0 0 0 0 0 0
-320.7 -863.7 2326.5 0 0 0 0 0 0 0 0 0
-162.0 -825.8 2540.3 0 0 0 0 0 0 0 0 0
-258.3 109.2 2675.7 8 0.4537599087 0.1119246706 -0.8840671778 -0.2141650915 0.9767010212 0.0137290508 0.8650059104 0.1831066310 0.4671581089
-281.1 -90.2 2638.4 0.4537599087 0.1119246706 -0.8840671778 -0.2141650915 0.9767010212 0.0137290508 0.8650059104 0.1831066310 0.4671581089
-298.4 -285.2 2604.6 0.4560971558 0.0870898515 -0.8856583834 -0.1911671609 0.9815555811 -0.0019276794 0.8691550493 0.1701880097 0.4643334448
-347.8 -62.2 2511.4 -0.4999345243 0.3302640617 -0.8006192446 0.7407257557 0.6420667768 -0.1976755112 0.4487658739 -0.6918640733 -0.5656264424
-222.7 -247.6 2399.1 -0.8158354759 0.3302640617 0.4746979773 -0.1744559705 0.6420667768 -0.7465355992 -0.5513416529 -0.6918640733 -0.4662042856
-214.5 -118.1 2765.3 0.3237597942 0.5650087595 -0.7589101791 -0.1353166252 0.8215181828 0.5538928509 0.9364128113 -0.0766350701 0.3424296677
-104.9 -163.9 3082.4 -0.1418657154 0.5640557408 0.8134588003 -0.0030606173 0.8215163946 -0.5701766610 -0.9898811579 -0.0833782107 -0.1148186550
-362.5 -461.3 2490.6 0.7510790825 -0.5900989175 -0.2960802317 -0.1777819395 0.2511249781 -0.9514881968 0.6358252764 0.7672806382 0.0837057978
-141.2 -555.4 2202.9 0.7510790825 0.4686276913 -0.4650465548 -0.1777819395 0.8219308853 0.5411313772 0.6358252764 -0.3237555921 0.7006486654
-277.5 -497.6 2649.0 0.4609271884 -0.8746606112 -0.1500496566 -0.1597560048 0.0845384523 -0.9835299850 0.8729399443 0.4773070514 -0.1007662192
64.7 -530.7 2462.2 0.4609271884 0.5877292752 -0.6649213433 -0.1597560048 0.7919718623 0.5892865062 0.8729399443 -0.1653929800 0.4589346349
-10.1 -202.1 2542.8 0 0 0 0 0 0 0 0 0
-139.5 -164.6 2841.1 0 0 0 0 0 0 0 0 0
-320.3 -869.5 2326.6 0 0 0 0 0 0 0 0 0
-159.4 -832.6 2525.3 0 0 0 0 0 0 0 0 0
-258.9 109.8 2675.2 9 0.4436889589 0.1096900702 -0.8894426227 -0.2152120322 0.9764798880 0.0130676739 0.8699562550 0.1856207848 0.4568599761
-281.3 -89.3 2637.4 0.4436889589 0.1096900702 -0.8894426227 -0.2152120322 0.9764798880 0.0130676739 0.8699562550 0.1856207848 0.4568599761
-298.8 -284.2 2603.1 0.4458501041 0.0878835917 -0.8907828927 -0.1937996745 0.9810410738 -0.0002112659 0.8738760352 0.1727276295 0.4544290900
-346.4 -61.0 2509.8 -0.5033727884 0.3168008327 -0.8038986921 0.7459516525 0.6288722157 -0.2192620933 0.4360871613 -0.7100400925 -0.5528752208
-219.7 -248.7 2400.0 -0.8407818079 0.3168008327 0.4390024245 -0.1602898240 0.6288722157 -0.7608067393 -0.5171006322 -0.7100400925 -0.4779644012
-216.2 -117.6 2765.0 0.3129173815 0.5680828691 -0.7611600161 -0.1376817375 0.8200726509 0.5554499030 0.9397480488 -0.0690120980 0.3348296285
-110.2 -164.2 3083.3 -0.1308199614 0.5672040582 0.8131209612 -0.0011234310 0.8200840354 -0.5722419620 -0.9914054871 -0.0757741556 -0.1066461504
-357.6 -462.7 2491.1 0.7532674670 -0.5853117704 -0.2999971211 -0.1918768585 0.2407173812 -0.9514401555 0.6291036606 0.7742514014 0.0690167844
-139.8 -552.2 2203.0 0.7532674670 0.4712384641 -0.4588272870 -0.1918768585 0.8247109652 0.5320104957 0.6291036606 -0.3127078414 0.7116476297
-274.0 -497.7 2650.5 0.4670034647 -0.8706247211 -0.1546622813 -0.1737155020 0.0811679438 -0.9814451933 0.8670240641 0.4852055311 -0.1133353040
66.2 -529.5 2460.9 0.4670034647 0.5850958824 -0.6630011797 -0.1737155020 0.7958794236 0.5799990296 0.8670240641 -0.1556879580 0.4733186662
0.7 -206.7 2535.6 0 0 0 0 0 0 0 0 0
-142.1 -164.5 2841.6 0 0 0 0 0 0 0 0 0
-319.9 -867.4 2322.5 0 0 0 0 0 0 0 0 0
-157.2 -833.2 2520.3 0 0 0 0 0 0 0 0 0
-258.4 107.8 2676.0 0 0.4432038367 0.1110275015 -0.8895185590 -0.2279181778 0.9736477137 0.0079677477 0.8669623137 0.1992061138 0.4568295777
-281.0 -90.1 2635.5 0.4432038367 0.1110275015 -0.8895185590 -0.2279181778 0.9736477137 0.0079677477 0.8669623137 0.1992061138 0.4568295777
-299.3 -284.5 2598.7 0.4453784227 0.0922764167 -0.8905746341 -0.2070394307 0.9783301950 -0.0021717306 0.8710756302 0.1853512973 0.4548320174
-346.1 -59.9 2508.3 -0.4770064354 0.3221587837 -0.8177276850 0.7530066371 0.6296211481 -0.1912018359 0.4532613158 -0.7069588900 -0.5429210663
-227.1 -247.7 2395.2 -0.8437522054 0.3221587837 0.4292970598 -0.1476772577 0.6296211481 -0.7627375722 -0.5160171390 -0.7069588900 -0.4836687148
-215.9 -120.3 2762.7 0.3127200305 0.5716565847 -0.7585610747 -0.1511943936 0.8183915019 0.5544146299 0.9377347231 -0.0586863756 0.3423587084
-110.0 -171.5 3080.3 -0.1312436759 0.5707766414 0.8105486631 0.0122763785 0.8184940219 -0.5743838549 -0.9912741184 -0.0654336512 -0.1144292355
-357.1 -461.4 2488.6 0.7581125498 -0.5830087662 -0.2921748459 -0.1736098528 0.2514310777 -0.9521775246 0.6285896897 0.7725821733 0.0893969908
-142.4 -554.0 2204.1 0.7581125498 0.4645504057 -0.4576660991 -0.1736098528 0.8202557564 0.5450138450 0.6285896897 -0.3337264657 0.7024967074
-275.4 -497.0 2648.9 0.4624767005 -0.8741471171 -0.1482636333 -0.1476107538 0.0889762789 -0.9850351810 0.8742576241 0.4774411321 -0.0878840536
65.2 -531.6 2462.9 0.4624767005 0.5698361993 -0.6792657971 -0.1476107538 0.8049125075 0.5747407675 0.8742576241 -0.1655372977 0.4563672245
-4.8 -208.8 2531.1 0 0 0 0 0 0 0 0 0
-142.0 -168.5 2838.7 0 0 0 0 0 0 0 0 0
-319.9 -867.4 2331.6 0 0 0 0 0 0 0 0 0
-152.4 -839.0 2526.1 0 0 0 0 0 0 0 0 0
-259.4 110.7 2675.4 1 0.4424176812 0.1104872450 -0.8899770379 -0.2189722806 0.9756539464 0.0122701013 0.8696653247 0.1894517988 0.4558402002
-281.8 -87.9 2636.8 0.4424176812 0.1104872450 -0.8899770379 -0.2189722806 0.9756539464 0.0122701013 0.8696653247 0.1894517988 0.4558402002
-299.9 -282.8 2602.1 0.4447038174 0.0906293020 -0.8910807371 -0.1967367083 0.9804551601 0.0015356642 0.8738038540 0.1746253669 0.4538422525
-346.8 -59.2 2509.2 -0.4786618948 0.3267863393 -0.8149192929 0.7490382195 0.6362206936 -0.1848376989 0.4580661058 -0.6988804340 -0.5493100882
-226.9 -246.8 2394.4 -0.8219858408 0.3267863393 0.4664225578 -0.1736163646 0.6362206936 -0.7517184019 -0.5423989892 -0.6988804340 -0.4662289321
-216.9 -116.7 2764.4 0.3118980825 0.5705152750 -0.7597577572 -0.1403514594 0.8185408115 0.5570389628 0.9396920204 -0.0671062842 0.3353739679
-111.3 -164.2 3082.7 -0.1301569641 0.5696431994 0.8115206361 0.0011234295 0.8185673952 -0.5744094253 -0.9914927483 -0.0738516971 -0.1071821973
-358.5 -459.9 2482.0 0.7529073358 -0.5963126421 -0.2784632146 -0.1525455415 0.2534686327 -0.9552400112 0.6402034163 0.7616855502 0.0998735651
-138.8 -553.3 2201.4 0.7529073358 0.4687677324 -0.4619386792 -0.1525455415 0.8070867658 0.5703865290 0.6402034163 -0.3589815199 0.6791700125
-276.8 -497.9 2641.7 0.4314051867 -0.8883036971 -0.1574993879 -0.1753432453 0.0886913240 -0.9805042744 0.8849543929 0.4506110847 -0.1174961627
66.3 -532.1 2467.7 0.4314051867 0.5863656402 -0.6856127977 -0.1753432453 0.7999747396 0.5738424659 0.8849543929 -0.1273410469 0.4479285181
-8.7 -200.7 2538.5 0 0 0 0 0 0 0 0 0
-143.0 -163.9 2841.0 0 0 0 0 0 0 0 0 0
-317.9 -861.5 2338.5 0 0 0 0 0 0 0 0 0
-157.5 -837.4 2516.3 0 0 0 0 0 0 0 0 0
-257.3 112.4 2675.1 2 0.4482931495 0.1235305443 -0.8853098154 -0.2218219489 0.9747992754 0.0236936528 0.8659262657 0.1857594550 0.4643976092
-282.4 -86.0 2637.3 0.4482931495 0.1235305443 -0.8853098154 -0.2218219489 0.9747992754 0.0236936528 0.8659262657 0.1857594550 0.4643976092
-301.2 -280.9 2603.1 0.4511514604 0.0941794440 -0.8874641061 -0.1961498559 0.9805642962 0.0043446310 0.8706248403 0.1721158773 0.4608563185
-348.3 -57.4 2510.1 -0.4787995815 0.3078522086 -0.8221787810 0.7475596666 0.6340116858 -0.1979488432 0.4603319764 -0.7094054818 -0.5337024331
-226.9 -246.9 2393.4 -0.8321376443 0.3078522086 0.4612742364 -0.1820673198 0.6340116858 -0.7515854239 -0.5238304734 -0.7094054818 -0.4715351760
-216.5 -114.7 2764.4 0.3189919889 0.5717859864 -0.7558470964 -0.1393636912 0.8171408176 0.5593376756 0.9374549985 -0.0730866045 0.3403475881
-108.5 -161.9 3081.9 -0.1379852444 0.5708595514 0.8093697429 -0.0003664782 0.8171572685 -0.5764146447 -0.9904342294 -0.0798333362 -0.1125464365
-358.7 -459.5 2487.3 0.7563175559 -0.5863846540 -0.2900634706 -0.1667415947 0.2559560239 -0.9521994591 0.6325985789 0.7685307860 0.0958093256
-140.4 -554.8 2201.2 0.7563175559 0.4720314741 -0.4529569745 -0.1667415947 0.8085999489 0.5642369390 0.6325985789 -0.3512155414 0.6902656555
-277.1 -495.6 2647.6 0.4437453449 -0.8820682168 -0.1582583934 -0.1592750549 0.0961577073 -0.9825401306 0.8818852305 0.4612042308 -0.0978219286
68.4 -533.3 2466.9 0.4437453449 0.5923658609 -0.6724528074 -0.1592750549 0.7905628085 0.5913052559 0.8818852305 -0.1552839875 0.4451576769
-4.4 -198.2 2533.5 0 0 0 0 0 0 0 0 0
-142.1 -161.9 2840.5 0 0 0 0 0 0 0 0 0
-320.7 -863.7 2335.4 0 0 0 0 0 0 0 0 0
-157.7 -835.1 2526.2 0 0 0 0 0 0 0 0 0
-257.9 110.4 2675.4 3 0.4256592095 0.1160294935 -0.8974137306 -0.2170791030 0.9758780599 0.0232099295 0.8784593940 0.1849302500 0.4405790567
-281.4 -87.2 2638.0 0.4256592095 0.1160294935 -0.8974137306 -0.2170791030 0.9758780599 0.0232099295 0.8784593940 0.1849302500 0.4405790567
-299.6 -282.1 2603.6 0.4279336929 0.0915169418 -0.8991648555 -0.1956377774 0.9806533456 0.0067022117 0.8823823333 0.1730425060 0.4375587702
-343.9 -58.7 2509.1 -0.4711644948 0.3088497818 -0.8262056708 0.7548499703 0.6257537007 -0.1965547204 0.4562954009 -0.7162709832 -0.5279681683
-227.3 -245.5 2396.2 -0.8444806337 0.3088497818 0.4375663400 -0.1660474092 0.6257537007 -0.7621420622 -0.5091961622 -0.7162709832 -0.4771531820
-218.9 -115.8 2766.8 0.2941787541 0.5750459433 -0.7634009123 -0.1385148168 0.8159641027 0.5612630844 0.9456598163 -0.0593693368 0.3196916878
-119.3 -162.7 3087.0 -0.1121245995 0.5742915273 0.8109360933 -0.0016749128 0.8159717917 -0.5780892968 -0.9936927557 -0.0661762804 -0.0905286223
-361.2 -457.7 2489.0 0.7495462894 -0.5905025601 -0.2991439700 -0.1768418700 0.2568577230 -0.9501321316 0.6378929019 0.7650691867 0.0881011710
-140.4 -553.8 2202.9 0.7495462894 0.4743242860 -0.4617324769 -0.1768418700 0.8156642914 0.5508345962 0.6378929019 -0.3312223554 0.6952584982
-278.5 -493.7 2648.7 0.4511417449 -0.8778039813 -0.1610318571 -0.1508046389 0.1028610840 -0.9831976295 0.8796187043 0.4678458571 -0.0859719813
69.0 -534.4 2463.5 0.4511417449 0.5992446542 -0.6613448262 -0.1508046389 0.7815731764 0.6053109169 0.8796187043 -0.1733471751 0.4429691732
-1.0 -201.0 2532.6 0 0 0 0 0 0 0 0 0
-146.6 -163.1 2844.8 0 0 0 0 0 0 0 0 0
-321.6 -865.3 2329.4 0 0 0 0 0 0 0 0 0
-159.8 -832.9 2529.7 0 0 0 0 0 0 0 0 0
-259.1 110.4 2675.6 4 0.4206018150 0.1094075069 -0.9006242752 -0.2091607898 0.9776539207 0.0210845694 0.8828057051 0.1795070767 0.4340867698
-281.4 -88.5 2639.1 0.4206018150 0.1094075069 -0.9006242752 -0.2091607898 0.9776539207 0.0210845694 0.8828057051 0.1795070767 0.4340867698
-299.0 -283.8 2606.9 0.4231371582 0.0886842012 -0.9017150402 -0.1840684414 0.9828595519 0.0102891922 0.8871717453 0.1616235375 0.4322083890
-343.2 -61.7 2509.5 -0.4417607784 0.3526922762 -0.8248972893 0.7586138844 0.6376933455 -0.1336121857 0.4789075255 -0.6848031878 -0.5492651463
-236.4 -245.0 2393.8 -0.8048737645 0.3526922762 0.4772697687 -0.1665266454 0.6376933455 -0.7520745397 -0.5696026087 -0.6848031878 -0.4545299709
-219.5 -115.4 2768.6 0.2889136076 0.5738619566 -0.7662971616 -0.1264205426 0.8162909150 0.5636373162 0.9489714503 -0.0659667999 0.3083854914
-121.7 -158.2 3089.9 -0.1063141599 0.5731500983 0.8125246167 -0.0139635531 0.8162146211 -0.5775800347 -0.9942345619 -0.0727506727 -0.0787719637
-357.0 -459.0 2488.3 0.7530798912 -0.5835597515 -0.3038562834 -0.1809268445 0.2603476942 -0.9484115839 0.6325631142 0.7692054510 0.0904809833
-140.2 -555.7 2202.6 0.7530798912 0.4765270352 -0.4536437392 -0.1809268445 0.8129131794 0.5535681248 0.6325631142 -0.3348047137 0.6984050870
-278.5 -494.9 2650.1 0.4507158697 -0.8797455430 -0.1513372362 -0.1332123727 0.1013488844 -0.9858919382 0.8826718926 0.4645171165 -0.0715134442
64.4 -534.4 2469.0 0.4507158697 0.5743615031 -0.6833476424 -0.1332123727 0.8002168536 0.5847284794 0.8826718926 -0.1725160480 0.4371825159
-20.6 -200.3 2546.5 0 0 0 0 0 0 0 0 0
-147.6 -161.6 2847.7 0 0 0 0 0 0 0 0 0
-322.3 -866.3 2330.5 0 0 0 0 0 0 0 0 0
-154.9 -840.0 2534.9 0 0 0 0 0 0 0 0 0
-258.5 108.1 2677.2 5 0.4266243577 0.1136720851 -0.8972570896 -0.2143001258 0.9765241146 0.0218197014 0.8786734939 0.1829735041 0.4409689009
-281.6 -90.6 2640.0 0.4266243577 0.1136720851 -0.8972570896 -0.2143001258 0.9765241146 0.0218197014 0.8786734939 0.1829735041 0.4409689009
-299.6 -285.7 2607.1 0.4293246865 0.0905901343 -0.8985953927 -0.1884077936 0.9820497632 0.0089872461 0.8832795620 0.1654439420 0.4386861026
-344.4 -63.1 2510.9 -0.4962484837 0.3928185403 -0.7742292881 0.7424213290 0.6542979479 -0.1438916177 0.4500533342 -0.6462103724 -0.6163312197
-224.4 -242.5 2402.1 -0.7699062824 0.3928185403 0.5029293299 -0.1503104270 0.6542979479 -0.7411484122 -0.6202024817 -0.6462103724 -0.4447033703
-218.9 -118.1 2769.0 0.2955880463 0.5740013719 -0.7636426687 -0.1309410185 0.8161607385 0.5627930760 0.9462991953 -0.0663627833 0.3164077103
-118.8 -162.5 3089.4 -0.1134297848 0.5732414722 0.8114973307 -0.0093607325 0.8161159158 -0.5778124332 -0.9935019016 -0.0731373504 -0.0872058943
-355.4 -462.3 2493.5 0.7475775480 -0.5846145749 -0.3152040839 -0.2051904500 0.2480731905 -0.9467610717 0.6316840053 0.7724542022 0.0654966235
-133.4 -556.5 2200.1 0.7475775480 0.4991062880 -0.4382016957 -0.2051904500 0.8010508418 0.5623294711 0.6316840053 -0.3304700851 0.7012594342
-277.8 -496.0 2656.2 0.4614025652 -0.8725093603 -0.1607330889 -0.1742812991 0.0885019898 -0.9807106853 0.8699043989 0.4805152118 -0.1112270206
63.6 -530.6 2468.1 0.4614025652 0.5696354508 -0.6801640391 -0.1742812991 0.8099073172 0.5600680113 0.8699043989 -0.1398769468 0.4729701281
-17.3 -202.1 2569.0 0 0 0 0 0 0 0 0 0
-146.5 -164.7 2847.3 0 0 0 0 0 0 0 0 0
-324.0 -862.5 2326.4 0 0 0 0 0 0 0 0 0
-153.8 -839.8 2521.5 0 0 0 0 0 0 0 0 0
-256.9 113.2 2676.0 6 0.4527077079 0.1173185855 -0.8839072585 -0.2032849491 0.9787797928 0.0257950071 0.8681768179 0.1680074483 0.4669502378
-280.8 -85.6 2641.8 0.4527077079 0.1173185855 -0.8839072585 -0.2032849491 0.9787797928 0.0257950071 0.8681768179 0.1680074483 0.4669502378
-299.4 -281.1 2611.2 0.4551675916 0.0941532105 -0.8854138255 -0.1804591715 0.9835115075 0.0118154958 0.8719271421 0.1544030160 0.4646533728
-347.2 -59.3 2514.5 -0.5364790559 0.4155867398 -0.7344915867 0.7301916480 0.6649339199 -0.1571084261 0.4230961800 -0.6206049919 -0.6601811051
-214.2 -240.3 2409.7 -0.7528829575 0.4155867398 0.5103478432 -0.1313623488 0.6649339199 -0.7352597117 -0.6449117661 -0.6206049919 -0.4460249543
-214.3 -112.0 2769.2 0.3232752085 0.5708121657 -0.7547626495 -0.1226646677 0.8161368370 0.5646893382 0.9383211136 -0.0899673402 0.3338553011
-104.9 -153.5 3086.8 -0.1423801035 0.5698478818 0.8093215227 -0.0179269556 0.8160330057 -0.5777272582 -0.9896497130 -0.0967655405 -0.1059712246
-357.0 -463.6 2493.2 0.7558532953 -0.5833689570 -0.2972650528 -0.1868427843 0.2429558039 -0.9518730044 0.6275154352 0.7750181556 0.0746406689
-136.5 -555.5 2200.2 0.7558532953 0.4820652604 -0.4430563450 -0.1868427843 0.8073621392 0.5596929193 0.6275154352 -0.3402638733 0.7003177404
-278.3 -498.2 2655.2 0.4549798667 -0.8765166402 -0.1572002321 -0.1816409677 0.0814710930 -0.9799842238 0.8717797399 0.4744270742 -0.1221436188
65.3 -530.1 2469.2 0.4549798667 0.5845676064 -0.6717693210 -0.1816409677 0.7994332910 0.5726368427 0.8717797399 -0.1385174096 0.4699074924
-9.6 -204.6 2584.9 0 0 0 0 0 0 0 0 0
-139.6 -157.9 2845.7 0 0 0 0 0 0 0 0 0
-320.6 -863.9 2330.2 0 0 0 0 0 0 0 0 0
-157.9 -835.4 2522.1 0 0 0 0 0 0 0 0 0
-256.4 113.2 2675.4 7 0.4624884129 0.1197549924 -0.8785005212 -0.2088495940 0.9776695967 0.0233241655 0.8616764545 0.1726873219 0.4771716595
-280.8 -86.2 2640.2 0.4624884129 0.1197549924 -0.8785005212 -0.2088495940 0.9776695967 0.0233241655 0.8616764545 0.1726873219 0.4771716595
-300.1 -281.5 2608.8 0.4651188254 0.0973751917 -0.8798764348 -0.1851013154 0.9826589823 0.0109020900 0.8656800389 0.1577955186 0.4750774503
-348.7 -59.2 2513.7 -0.5321096182 0.3725315332 -0.7603154778 0.7271806598 0.6610383391 -0.1850313544 0.4336676598 -0.6513437033 -0.6226425767
-216.8 -239.5 2406.2 -0.7668612003 0.3725315332 0.5226320028 -0.1759917289 0.6610383391 -0.7294211984 -0.6172121763 -0.6513437033 -0.4413621426
-212.9 -113.3 2766.6 0.3340877593 0.5708835125 -0.7499849200 -0.1274006963 0.8157535195 0.5641943216 0.9338920712 -0.0929418281 0.3452642262
-99.8 -156.4 3082.8 -0.1540235728 0.5698427558 0.8071901798 -0.0131643834 0.8156825304 -0.5783500075 -0.9879794717 -0.0997056887 -0.1181327030
-359.8 -459.9 2500.6 0.7600030899 -0.5756565928 -0.3016865849 -0.1851434857 0.2531928122 -0.9495342374 0.6229905486 0.7775042653 0.0858482495
-140.4 -556.5 2204.2 0.7600030899 0.4705969691 -0.4482564032 -0.1851434857 0.8178997636 0.5447585583 0.6229905486 -0.3310264349 0.7087342739
-276.4 -493.0 2660.4 0.4716597199 -0.8646075726 -0.1731786132 -0.1841717213 0.0954710245 -0.9782464504 0.8623328209 0.4932940304 -0.1142064258
70.2 -531.3 2462.7 0.4716597199 0.5984660983 -0.6475920081 -0.1841717213 0.7850769162 0.5913839936 0.8623328209 -0.1596638709 0.4805096984
-7.2 -191.4 2574.9 0 0 0 0 0 0 0 0 0
-137.3 -159.6 2842.0 0 0 0 0 0 0 0 0 0
-320.2 -868.9 2330.6 0 0 0 0 0 0 0 0 0
-158.3 -831.1 2523.7 0 0 0 0 0 0 0 0 0
-257.1 111.2 2675.6 8 0.4441538453 0.1213171631 -0.8876990080 -0.2213800102 0.9749286771 0.0224724766 0.8681694865 0.1865375787 0.4598754942
-281.9 -87.8 2637.5 0.4441538453 0.1213171631 -0.8876990080 -0.2213800102 0.9749286771 0.0224724766 0.8681694865 0.1865375787 0.4598754942
-301.3 -282.6 2603.8 0.4470580816 0.0981002375 -0.8891093731 -0.1954957694 0.9806545377 0.0099025853 0.8728805780 0.1693900824 0.4575877190
-347.1 -59.2 2510.0 -0.5505795479 0.3702104986 -0.7482020259 0.7263147831 0.6542573571 -0.2107467353 0.4114960432 -0.6594630480 -0.6291100979
-210.6 -239.4 2408.0 -0.7241531014 0.3702104986 0.5818474293 -0.2413917929 0.6542573571 -0.7167128921 -0.6460126042 -0.6594630480 -0.3844166994
-216.6 -116.3 2765.0 0.3149250150 0.5758417249 -0.7544723749 -0.1379205436 0.8142481446 0.5638952851 0.9390421510 -0.0735275000 0.3358474970
-110.0 -163.0 3082.9 -0.1343578994 0.5749346614 0.8070923686 -0.0028780163 0.8142474890 -0.5805107355 -0.9909287095 -0.0803190246 -0.1077459082
-362.1 -459.8 2498.1 0.7589390874 -0.5809971690 -0.2940301895 -0.1803552955 0.2463248074 -0.9522584081 0.6256863475 0.7757360339 0.0821596086
-141.5 -553.3 2203.6 0.7589390874 0.4646239281 -0.4562193453 -0.1803552955 0.8232025504 0.5383395553 0.6256863475 -0.3262853622 0.7085579634
-276.8 -493.7 2656.8 0.4650854170 -0.8692018390 -0.1678801030 -0.1773961484 0.0942854658 -0.9796125889 0.8673097491 0.4853848219 -0.1103422642
67.8 -531.1 2464.4 0.4650854170 0.5849578977 -0.6644695997 -0.1773961484 0.7969453335 0.5774155855 0.8673097491 -0.1506732255 0.4744169116
-10.9 -172.8 2586.1 0 0 0 0 0 0 0 0 0
-142.7 -163.7 2841.4 0 0 0 0 0 0 0 0 0
-319.1 -867.8 2328.2 0 0 0 0 0 0 0 0 0
-155.6 -835.5 2521.9 0 0 0 0 0 0 0 0 0
-258.8 110.6 2675.7 9 0.4317746162 0.1146128625 -0.8946700692 -0.2099107206 0.9774281383 0.0239101723 0.8772161603 0.1774770319 0.4460871518
-282.2 -88.8 2639.5 0.4317746162 0.1146128625 -0.8946700692 -0.2099107206 0.9774281383 0.0239101723 0.8772161603 0.1774770319 0.4460871518
-301.9 -283.8 2607.0 0.4338908792 0.0992958024 -0.8954769969 -0.1905301511 0.9815423489 0.0165205132 0.8805890083 0.1634472609 0.4448010921
-345.5 -60.9 2510.9 -0.5354496241 0.3488904238 -0.7691353559 0.7351084352 0.6409038305 -0.2210382223 0.4158236682 -0.6837527156 -0.5996439457
-213.1 -242.8 2408.0 -0.7155415416 0.3488904238 0.6052072048 -0.2889904976 0.6409038305 -0.7111446857 -0.6359911561 -0.6837527156 -0.3577672839
-218.8 -116.6 2768.1 0.3010479212 0.5798102617 -0.7570933104 -0.1319351345 0.8116135001 0.5691016316 0.9444380999 -0.0714396611 0.3208318949
-116.9 -161.3 3087.8 -0.1202995256 0.5790010691 0.8064030409 -0.0098637119 0.8115650415 -0.5841788650 -0.9926886559 -0.0782305673 -0.0919197872
-361.8 -459.6 2490.2 0.7537450790 -0.5884770155 -0.2925118208 -0.1694946289 0.2559670806 -0.9517102838 0.6349329948 0.7669261098 0.0931902379
-142.8 -554.8 2204.8 0.7537450790 0.4636183083 -0.4657535851 -0.1694946289 0.8218991756 0.5438321233 0.6349329948 -0.3309680521 0.6980832815
-279.8 -495.4 2650.2 0.4598648250 -0.8758484125 -0.1463347226 -0.1448273808 0.0886102021 -0.9854812622 0.8760989308 0.4743814468 -0.0860981271
69.0 -530.7 2461.3 0.4598648250 0.5900822282 -0.6635716558 -0.1448273808 0.7871088386 0.5995703936 0.8760989308 -0.1796180010 0.4474237561
-13.2 -162.1 2585.6 0 0 0 0 0 0 0 0 0
-146.2 -163.7 2845.9 0 0 0 0 0 0 0 0 0
-320.0 -868.9 2331.3 0 0 0 0 0 0 0 0 0
-156.3 -831.3 2529.9 0 0 0 0 0 0 0 0 0
-259.3 110.1 2675.2 0 0.4291570187 0.1123507842 -0.8962151408 -0.2130970806 0.9768177867 0.0204126649 0.8777322173 0.1822205931 0.4431498051
-282.2 -89.2 2638.0 0.4291570187 0.1123507842 -0.8962151408 -0.2130970806 0.9768177867 0.0204126649 0.8777322173 0.1822205931 0.4431498051
-301.2 -284.1 2604.4 0.4311581254 0.0957039297 -0.8971863985 -0.1942674220 0.9808838367 0.0112735350 0.8811145425 0.1694334149 0.4415082037
-345.2 -60.8 2509.3 -0.5370998979 0.3587716818 -0.7634176612 0.7422112226 0.6310463548 -0.2256169915 0.4008069634 -0.6877959967 -0.6052193046
-211.4 -245.7 2409.5 -0.6926940084 0.3587716818 0.6256659627 -0.3139090240 0.6310463548 -0.7093952298 -0.6493351460 -0.6877959967 -0.3245003819
-219.2 -117.6 2766.7 0.2979021072 0.5776122808 -0.7600120902 -0.1364516467 0.8137511015 0.5649691224 0.9447937608 -0.0646006018 0.3212343156
-118.4 -163.8 3086.6 -0.1165486351 0.5768302679 0.8085068464 -0.0045037651 0.8137392998 -0.5812125802 -0.9931747913 -0.0713808611 -0.0922422931
-361.4 -461.4 2493.8 0.7561461926 -0.5833451748 -0.2965659797 -0.1787771881 0.2518042326 -0.9511221647 0.6295090914 0.7722066045 0.0861119926
-140.9 -556.5 2201.9 0.7561461926 0.4695388973 -0.4558247328 -0.1787771881 0.8182711601 0.5463250279 0.6295090914 -0.3316105008 0.7026754618
-281.8 -496.3 2655.2 0.4802533388 -0.8663985729 -0.1367855966 -0.1331296712 0.0821396410 -0.9876890182 0.8669678569 0.4925511479 -0.0758955106
65.6 -529.2 2457.7 0.4802533388 0.5738952160 -0.6633257270 -0.1331296712 0.7951768041 0.5915828943 0.8669678569 -0.1958013326 0.4582887888
-14.8 -156.6 2593.8 0 0 0 0 0 0 0 0 0
-146.8 -164.9 2844.6 0 0 0 0 0 0 0 0 0
-320.3 -869.2 2328.6 0 0 0 0 0 0 0 0 0
-153.6 -832.9 2532.5 0 0 0 0 0 0 0 0 0
-258.4 109.1 2675.5 1 0.4492240548 0.1144782156 -0.8860544562 -0.2245756388 0.9743824005 0.0120317424 0.8647332191 0.1935812980 0.4634250402
-281.7 -89.4 2636.1 0.4492240548 0.1144782156 -0.8860544562 -0.2245756388 0.9743824005 0.0120317424 0.8647332191 0.1935812980 0.4634250402
-301.0 -283.9 2600.4 0.4514803588 0.0966818631 -0.8870276809 -0.2037030309 0.9790280461 0.0030284696 0.8687177896 0.1793229282 0.4617063105
-347.7 -59.6 2509.2 -0.6113228798 0.4110229611 -0.6762724519 0.7093189955 0.6635203362 -0.2379231006 0.3509286642 -0.6251407266 -0.6971715093
-188.8 -244.0 2418.0 -0.5922709107 0.4110229611 0.6930189729 -0.3269426525 0.6635203362 -0.6729407907 -0.7364262342 -0.6251407266 -0.2586028576
-215.8 -119.1 2762.9 0.3195415735 0.5736538768 -0.7541978955 -0.1470519453 0.8163046837 0.5585896373 0.9360923767 -0.0675863549 0.3452001810
-107.6 -168.9 3079.8 -0.1389315724 0.5727178454 0.8078936934 0.0072720731 0.8163734078 -0.5774785876 -0.9902752638 -0.0743549466 -0.1175848916
-359.8 -461.2 2489.9 0.7546924949 -0.5871030092 -0.2928297222 -0.1769603789 0.2476329356 -0.9525560141 0.6317628026 0.7707061768 0.0829927474
-142.1 -553.1 2204.1 0.7546924949 0.4654350877 -0.4623952806 -0.1769603789 0.8230739236 0.5396612883 0.6317628026 -0.3254526854 0.7035313249
-280.7 -496.9 2651.5 0.4652541578 -0.8750863075 -0.1332759708 -0.1545091122 0.0679676384 -0.9856507182 0.8715879321 0.4791704416 -0.1035865843
65.1 -523.7 2462.1 0.4652541578 0.5574524999 -0.6875938773 -0.1545091122 0.8160051703 0.5570120811 0.8715879321 -0.1529126763 0.4657813013
-18.2 -149.9 2630.1 0 0 0 0 0 0 0 0 0
-141.5 -167.1 2838.5 0 0 0 0 0 0 0 0 0
-319.9 -867.6 2328.4 0 0 0 0 0 0 0 0 0
-147.6 -835.0 2520.5 0 0 0 0 0 0 0 0 0
-258.4 109.7 2674.6 2 0.4535964727 0.1111986414 -0.8842426538 -0.2216021717 0.9750961065 0.0089470958 0.8632165194 0.1918917149 0.4669420123
-281.1 -89.0 2635.5 0.4535964727 0.1111986414 -0.8842426538 -0.2216021717 0.9750961065 0.0089470958 0.8632165194 0.1918917149 0.4669420123
-299.0 -283.9 2601.1 0.4563053250 0.0902753249 -0.8852320910 -0.1953054965 0.9807422161 -0.0006575893 0.8681250811 0.1731907576 0.4651491940
-347.7 -60.5 2508.7 -0.6443576217 0.4324099720 -0.6307336092 0.6936952472 0.6776403785 -0.2441115379 0.3218542933 -0.5948320031 -0.7366034985
-176.8 -244.5 2423.3 -0.5119563341 0.4324099720 0.7422414422 -0.3585345447 0.6776403785 -0.6420720220 -0.7806110978 -0.5948320031 -0.1918883622
-214.4 -117.6 2762.3 0.3241916299 0.5674623847 -0.7568925023 -0.1392196119 0.8200127482 0.5551549196 0.9356909990 -0.0746022910 0.3448431790
-104.7 -164.7 3079.1 -0.1427763104 0.5665016174 0.8115977049 0.0004399472 0.8200348616 -0.5723134279 -0.9897548556 -0.0813557431 -0.1173307821
-361.6 -459.8 2485.2 0.7494328618 -0.5956556201 -0.2890411317 -0.1675118953 0.2517715096 -0.9531793594 0.6405389309 0.7627617717 0.0889064446
-140.2 -553.4 2201.6 0.7494328618 0.4679808617 -0.4683420658 -0.1675118953 0.8183890581 0.5497082472 0.6405389309 -0.3335165679 0.6917200089
-278.8 -497.1 2644.4 0.4475597441 -0.8836464286 -0.1373289227 -0.1649693549 0.0693472773 -0.9838577509 0.8789057732 0.4629901648 -0.1147375330
62.1 -523.9 2465.8 0.4475597441 0.5520518422 -0.7035119534 -0.1649693549 0.8241699934 0.5417830944 0.8789057732 -0.1264223903 0.4599369466
-27.7 -140.1 2650.7 0 0 0 0 0 0 0 0 0
-139.5 -164.6 2837.9 0 0 0 0 0 0 0 0 0
-319.0 -866.1 2329.0 0 0 0 0 0 0 0 0 0
-148.6 -838.5 2514.1 0 0 0 0 0 0 0 0 0
-259.2 109.3 2674.7 3 0.4615706205 0.1062294841 -0.8807200789 -0.2177653164 0.9759945273 0.0035940181 0.8599597812 0.1901313812 0.4736235142
-280.9 -89.9 2635.9 0.4615706205 0.1062294841 -0.8807200789 -0.2177653164 0.9759945273 0.0035940181 0.8599597812 0.1901313812 0.4736235142
-298.2 -284.8 2601.8 0.4640795887 0.0871343762 -0.8814974427 -0.1923684925 0.9813134670 -0.0042747241 0.8646528125 0.1715561450 0.4721694589
-348.7 -61.8 2509.6 -0.5088291168 0.3986737728 -0.7629889846 0.7396926880 0.6558802128 -0.1505853087 0.4403949380 -0.6409995556 -0.6286270022
-222.9 -244.7 2400.7 -0.6926420331 0.3986737728 0.6010875106 -0.2427691519 0.6558802128 -0.7147617340 -0.6791981459 -0.6409995556 -0.3575044870
-213.1 -117.9 2762.2 0.3322483003 0.5630738735 -0.7566761971 -0.1368272007 0.8225380182 0.5520049930 0.9332145452 -0.0798688233 0.3503306806
-100.6 -164.3 3078.2 -0.1506325155 0.5620594621 0.8132644296 -0.0011685188 0.8225491643 -0.5686927438 -0.9885891080 -0.0866139382 -0.1232458726
-358.8 -460.9 2487.1 0.7556091547 -0.5857974887 -0.2930803001 -0.1684161723 0.2586465180 -0.9511771202 0.6330013871 0.7680776715 0.0967779160
-142.3 -556.5 2203.2 0.7556091547 0.4668901563 -0.4594217241 -0.1684161723 0.8162816763 0.5525578856 0.6330013871 -0.3401437402 0.6954218149
-275.1 -496.7 2646.3 0.4670903981 -0.8747761846 -0.1288144290 -0.1237263381 0.0795877725 -0.9891195893 0.8755103350 0.4779459834 -0.0710581765
63.9 -527.5 2461.1 0.4670903981 0.5584226251 -0.6855587363 -0.1237263381 0.8089847565 0.5746611953 0.8755103350 -0.1835970432 0.4469605684
-33.4 -178.3 2586.5 0 0 0 0 0 0 0 0 0
-137.3 -164.6 2837.3 0 0 0 0 0 0 0 0 0
-320.7 -868.4 2333.1 0 0 0 0 0 0 0 0 0
-149.0 -836.0 2531.1 0 0 0 0 0 0 0 0 0
-259.8 108.6 2674.7 4 0.4663728774 0.1058515459 -0.8782321811 -0.2190141529 0.9757208228 0.0012972676 0.8570467830 0.1917402744 0.4782327116
-281.3 -90.2 2635.7 0.4663728774 0.1058515459 -0.8782321811 -0.2190141529 0.9757208228 0.0012972676 0.8570467830 0.1917402744 0.4782327116
-298.8 -284.9 2600.1 0.4683441520 0.0878739804 -0.8791654706 -0.1991138756 0.9799426794 -0.0081240181 0.8608178496 0.1788588762 0.4764473736
-349.8 -61.1 2509.9 -0.4743451476 0.3849483132 -0.7917142510 0.7565092444 0.6381655931 -0.1429628432 0.4502114952 -0.6667529345 -0.5939277411
-232.1 -248.7 2398.3 -0.7582513094 0.3849483132 0.5261841416 -0.1931901276 0.6381655931 -0.7452665567 -0.6226817369 -0.6667529345 -0.4095216691
-212.9 -119.3 2761.4 0.3368543088 0.5625891089 -0.7549984455 -0.1441425383 0.8232226372 0.5491151214 0.9304580092 -0.0761443973 0.3583991230
-98.9 -168.1 3076.5 -0.1554974765 0.5615426898 0.8127055764 0.0066219191 0.8232868314 -0.5675868988 -0.9878140688 -0.0828766599 -0.1317375153
-358.1 -462.2 2488.4 0.7578887343 -0.5840581656 -0.2906556427 -0.1699556261 0.2533816695 -0.9523196816 0.6298568845 0.7711509466 0.0927711576
-141.1 -556.3 2202.0 0.7578887343 0.4687039852 -0.4537854195 -0.1699556261 0.8134132624 0.5563038588 0.6298568845 -0.3444930315 0.6961356401
-273.0 -497.5 2647.0 0.4815954566 -0.8671172261 -0.1271750778 -0.1215105578 0.0776446313 -0.9895486236 0.8679291606 0.4920152426 -0.0679706037
66.0 -527.8 2454.7 0.4815954566 0.5592717528 -0.6747450829 -0.1215105578 0.8050858378 0.5805789828 0.8679291606 -0.1976155490 0.4556831121
-26.6 -196.3 2567.1 0 0 0 0 0 0 0 0 0
-136.8 -166.5 2835.8 0 0 0 0 0 0 0 0 0
-320.2 -867.2 2333.6 0 0 0 0 0 0 0 0 0
-147.5 -835.1 2530.1 0 0 0 0 0 0 0 0 0
-260.5 109.9 2675.2 5 0.4704164565 0.1076203808 -0.8758574128 -0.2244962752 0.9744746089 -0.0008373674 0.8534106612 0.1970206499 0.4825692475
-282.4 -89.0 2635.0 0.4704164565 0.1076203808 -0.8758574128 -0.2244962752 0.9744746089 -0.0008373674 0.8534106612 0.1970206499 0.4825692475
-301.4 -283.5 2598.7 0.4723088443 0.0956546366 -0.8762274384 -0.2063150704 0.9784757495 -0.0043923468 0.8569471836 0.1828534752 0.4818777442
-351.4 -58.9 2509.8 -0.4397031367 0.3447617292 -0.8293373585 0.7673451900 0.6240608096 -0.1474090219 0.4667359591 -0.7012042999 -0.5389527678
