-268.7 124.2 2695.2 02 0.3849033713 0.0957895815 -0.9179726243 -0.2252998501 0.9742628932 0.0071958182 0.8950359821 0.2040493935 0.3965784609
-288.2 -73.2 2653.9 0.3849033713 0.0957895815 -0.9179726243 -0.2252998501 0.9742628932 0.0071958182 0.8950359821 0.2040493935 0.3965784609
-305.2 -267.8 2617.9 0.3872424960 0.0858918503 -0.9179683328 -0.2001424432 0.9797400236 0.0072421101 0.8999923468 0.1809199750 0.3965875804
-344.7 -43.9 2522.4 -0.1348270029 0.3836857677 -0.9135681987 0.7551566362 0.6367206573 0.1559655368 0.6415295601 -0.6688587070 -0.3755899966
-312.9 -222.2 2371.0 -0.9000129104 0.3836857677 0.2067896724 0.0956403539 0.6367206573 -0.7651402950 -0.4252407253 -0.6688587070 -0.6097526550
-231.6 -102.4 2785.3 0.3604730070 0.3382503390 -0.8692789674 -0.3154629767 0.9212272167 0.2276479006 0.8778054118 0.1921643913 0.4387830198
-102.2 -215.6 3100.4 0.1367153823 0.3382503390 0.9310722947 0.1539292336 0.9212272167 -0.3572761416 -0.9785779119 0.1921643913 0.0738793090
-356.5 -443.6 2500.6 0.7559411526 -0.5618289113 -0.3360078633 -0.1983496994 0.2925736010 -0.9354453683 0.6238672733 0.7737887502 0.1097298265
-139.7 -556.5 2202.1 0.7559411526 0.4815407693 -0.4434765577 -0.1983496994 0.8140722513 0.5458422899 0.6238672733 -0.3246611953 0.7109041810
-286.4 -480.1 2666.0 0.4758364558 -0.8608806133 -0.1801784486 -0.1599189639 0.1167592257 -0.9802005887 0.8648731709 0.4952291250 -0.0821128339
62.3 -527.4 2465.4 0.4758364558 0.5477753878 -0.6881291866 -0.1599189639 0.8232216835 0.5447310805 0.8648731709 -0.1491580009 0.4793185592
-84.6 -246.4 2478.9 0 0 0 0 0 0 0 0 0
-47.5 -154.0 2708.8 0 0 0 0 0 0 0 0 0
-323.8 -867.6 2326.2 0 0 0 0 0 0 0 0 0
-146.7 -841.6 2522.3 0 0 0 0 0 0 0 0 0
-269.6 124.1 2695.0 03 0.3900336921 0.0933239684 -0.9160591364 -0.2246913165 0.9744233489 0.0036022428 0.8929655552 0.2044255435 0.4010270238
-288.5 -73.2 2653.6 0.3900336921 0.0933239684 -0.9160591364 -0.2246913165 0.9744233489 0.0036022428 0.8929655552 0.2044255435 0.4010270238
-305.6 -267.9 2617.5 0.3922242820 0.0862569585 -0.9158164859 -0.2008556128 0.9796009660 0.0062424699 0.8976731896 0.1814984381 0.4015484750
-345.7 -43.9 2522.5 -0.1430236250 0.3921727538 -0.9087049961 0.7584456205 0.6332952380 0.1539393961 0.6358494163 -0.6671863794 -0.3880178928
-311.8 -224.0 2371.5 -0.9010618925 0.3921727538 0.1851701736 0.1184657142 0.6332952380 -0.7647895217 -0.4171970189 -0.6671863794 -0.6170972586
-231.2 -102.5 2784.7 0.3654072583 0.3387089968 -0.8670373559 -0.3161692917 0.9212350845 0.2266338766 0.8755081296 0.1913169175 0.4437153637
-100.0 -216.0 3099.0 0.1313300580 0.3387089968 0.9316805601 0.1550558507 0.9212350845 -0.3567683101 -0.9791374207 0.1913169175 0.0684670508
-357.8 -444.2 2499.4 0.7540100217 -0.5685870051 -0.3289037347 -0.1945850253 0.2848989666 -0.9385996461 0.6273798943 0.7717132568 0.1041781679
-140.0 -553.3 2203.7 0.7540100217 0.4744280577 -0.4542982280 -0.1945850253 0.8219022155 0.5353628993 0.6273798943 -0.3152693808 0.7120391130
-286.8 -480.8 2664.5 0.4646678269 -0.8677841425 -0.1761661172 -0.1632030606 0.1116098315 -0.9802591801 0.8703151941 0.4842457175 -0.0897635296
62.3 -525.8 2469.6 0.4646678269 0.5476095676 -0.6958502531 -0.1632030606 0.8253418207 0.5405327678 0.8703151941 -0.1376032978 0.4728813171
-80.5 -254.4 2478.6 0 0 0 0 0 0 0 0 0
-47.4 -154.0 2707.2 0 0 0 0 0 0 0 0 0
-321.2 -867.4 2324.2 0 0 0 0 0 0 0 0 0
-146.8 -840.9 2522.2 0 0 0 0 0 0 0 0 0
-269.2 123.2 2695.4 04 0.3956230879 0.0959719941 -0.9133847952 -0.2290822119 0.9734022617 0.0030536421 0.8893839121 0.2080321163 0.4070858955
-288.6 -74.0 2653.2 0.3956230879 0.0959719941 -0.9133847952 -0.2290822119 0.9734022617 0.0030536421 0.8893839121 0.2080321163 0.4070858955
-305.5 -268.7 2617.4 0.3983691931 0.0850793049 -0.9132707715 -0.1994553506 0.9798975587 0.0042836550 0.8952762485 0.1804502606 0.4073305130
-346.8 -44.9 2522.5 -0.1387531161 0.3581160605 -0.9233095050 0.7563269138 0.6401877999 0.1346447915 0.6393099427 -0.6796414256 -0.3596808612
-314.4 -221.5 2373.2 -0.9145833254 0.3581160605 0.1878569275 0.0940672830 0.6401877999 -0.7624375224 -0.3933048248 -0.6796414256 -0.6191920638
-230.4 -103.1 2784.0 0.3716861308 0.3377261162 -0.8647488356 -0.3148438334 0.9221349359 0.2248120606 0.8733400106 0.1887013018 0.4490757585
-97.0 -216.2 3097.5 0.1247666106 0.3377261162 0.9329385757 0.1548531651 0.9221349359 -0.3545244634 -0.9800274372 0.1887013018 0.0627536997
-358.7 -444.1 2499.1 0.7533395886 -0.5727400184 -0.3231847584 -0.1864701957 0.2852337956 -0.9401438832 0.6306412220 0.7685118914 0.1080789715
-139.1 -553.5 2204.4 0.7533395886 0.4705933928 -0.4593706131 -0.1864701957 0.8227091432 0.5370088816 0.6306412220 -0.3188911080 0.7075309753
-286.8 -480.9 2663.8 0.4618585110 -0.8688282967 -0.1783931553 -0.1543264836 0.1193428636 -0.9807857275 0.8734243512 0.4805150032 -0.0789636970
65.5 -529.3 2469.0 0.4618585110 0.5662518740 -0.6826753020 -0.1543264836 0.8092496395 0.5668318868 0.8734243512 -0.1564412415 0.4611464739
-84.0 -245.2 2472.2 0 0 0 0 0 0 0 0 0
-47.1 -154.2 2705.3 0 0 0 0 0 0 0 0 0
-318.9 -867.9 2326.2 0 0 0 0 0 0 0 0 0
-150.7 -838.3 2528.7 0 0 0 0 0 0 0 0 0
-269.6 122.4 2695.1 05 0.3900436461 0.0925023332 -0.9161382318 -0.2245707959 0.9744538069 0.0027799660 0.8929915428 0.2046535909 0.4008528292
-288.4 -76.3 2653.4 0.3900436461 0.0925023332 -0.9161382318 -0.2245707959 0.9744538069 0.0027799660 0.8929915428 0.2046535909 0.4008528292
-304.7 -271.1 2617.8 0.3925038874 0.0817598850 -0.9161092043 -0.1969722062 0.9804041386 0.0031059319 0.8984112144 0.1792289615 0.4009168446
-345.8 -47.5 2522.1 -0.1262522936 0.3534090519 -0.9269101620 0.7525629401 0.6428920031 0.1426147521 0.6463044286 -0.6795527339 -0.3471291363
-317.0 -218.9 2374.9 -0.9210853577 0.3534090519 0.1634131521 0.1122455075 0.6428920031 -0.7576878071 -0.3728307486 -0.6795527339 -0.6318269372
-231.1 -105.0 2784.6 0.3662169576 0.3344631195 -0.8683429956 -0.3124567568 0.9231894612 0.2238123566 0.8765020967 0.1893557459 0.4425928891
-99.6 -217.2 3099.2 0.1313051730 0.3344631195 0.9332166910 0.1533174068 0.9231894612 -0.3524414301 -0.9794144630 0.1893557459 0.0699405298
-359.0 -445.2 2499.4 0.7556734681 -0.5747259855 -0.3140822053 -0.1785091013 0.2806623280 -0.9430605173 0.6301524639 0.7687123418 0.1094952598
-138.1 -553.0 2204.0 0.7556734681 0.4734583795 -0.4525425732 -0.1785091013 0.8136882782 0.5532141328 0.6301524639 -0.3372662663 0.6993992925
-285.9 -481.7 2663.6 0.4655955136 -0.8647899628 -0.1880401522 -0.1714969724 0.1202836558 -0.9778141975 0.8682221174 0.4875142276 -0.0923053399
65.6 -530.6 2465.5 0.4655955136 0.5705447197 -0.6765349507 -0.1714969724 0.8081240058 0.5634929538 0.8682221174 -0.1463361084 0.4741056263
-88.6 -246.7 2467.4 0 0 0 0 0 0 0 0 0
-47.1 -155.9 2707.3 0 0 0 0 0 0 0 0 0
-319.0 -863.9 2332.9 0 0 0 0 0 0 0 0 0
-152.4 -839.3 2521.4 0 0 0 0 0 0 0 0 0
-267.4 126.2 2694.9 06 0.3610610664 0.1049079373 -0.9266225100 -0.2299221903 0.9729916453 0.0205678083 0.9037536979 0.2056248486 0.3754300475
-288.8 -72.4 2653.0 0.3610610664 0.1049079373 -0.9266225100 -0.2299221903 0.9729916453 0.0205678083 0.9037536979 0.2056248486 0.3754300475
-306.1 -267.1 2617.3 0.3641289473 0.0872403905 -0.9272536039 -0.1987409592 0.9799498320 0.0141534870 0.9098967910 0.1791295707 0.3741663396
-342.0 -43.4 2520.1 -0.1006969959 0.3406784236 -0.9347717762 0.7688187957 0.6229892969 0.1442290843 0.6314885616 -0.7041466832 -0.3246531188
-319.1 -217.7 2376.8 -0.9273413420 0.3406784236 0.1548427641 0.0993123651 0.6229892969 -0.7759003639 -0.3607979119 -0.7041466832 -0.6115573049
-235.6 -101.4 2785.8 0.3372275531 0.3389037549 -0.8783062100 -0.3139934242 0.9200243354 0.2344426811 0.8875166178 0.1967218518 0.4166710973
-114.6 -214.1 3104.4 0.1612991095 0.3389037549 0.9268909693 0.1491809785 0.9200243354 -0.3623538017 -0.9755653143 0.1967218518 0.0978411064
-356.9 -447.9 2499.7 0.7575325966 -0.5707644224 -0.3168159425 -0.1850601882 0.2776457071 -0.9426906109 0.6260168552 0.7727488875 0.1046999022
-138.6 -554.1 2204.1 0.7575325966 0.4764176905 -0.4462852776 -0.1850601882 0.8123319745 0.5530547500 0.6260168552 -0.3363673687 0.7035338879
-284.9 -484.0 2664.5 0.4666265845 -0.8631892204 -0.1927797943 -0.1921980828 0.1137928441 -0.9747363925 0.8633189201 0.4918898344 -0.1128045395
67.2 -530.4 2463.9 0.4666265845 0.5763872266 -0.6708482504 -0.1921980828 0.8064447045 0.5592020154 0.8633189201 -0.1320027709 0.4870890379
-92.2 -242.0 2465.1 0 0 0 0 0 0 0 0 0
-50.0 -154.4 2714.0 0 0 0 0 0 0 0 0 0
-320.6 -864.5 2332.7 0 0 0 0 0 0 0 0 0
-153.0 -838.5 2514.3 0 0 0 0 0 0 0 0 0
-267.1 125.1 2694.8 07 0.3737522364 0.1015060171 -0.9219576120 -0.2286990583 0.9733898044 0.0144563420 0.8988915682 0.2054477483 0.3870209455
-287.7 -73.0 2653.0 0.3737522364 0.1015060171 -0.9219576120 -0.2286990583 0.9733898044 0.0144563420 0.8988915682 0.2054477483 0.3870209455
-304.9 -267.6 2616.6 0.3763008714 0.0861438140 -0.9224840999 -0.2021777928 0.9793077111 0.0089775231 0.9041691422 0.1831275523 0.3859306872
-342.7 -43.4 2521.0 -0.0989154875 0.3589456081 -0.9281022549 0.7613528967 0.6278544664 0.1616804749 0.6407476068 -0.6906206012 -0.3353888094
-320.4 -215.3 2376.4 -0.9219347239 0.3589456081 0.1455829293 0.1230888143 0.6278544664 -0.7685362101 -0.3672676086 -0.6906206012 -0.6230230331
-232.8 -102.5 2785.1 0.3495132625 0.3382136226 -0.8737574220 -0.3174060583 0.9201710224 0.2292132080 0.8815292716 0.1972228289 0.4289630055
-107.3 -216.4 3101.5 0.1484201849 0.3382136226 0.9292916656 0.1547936499 0.9201710224 -0.3596167564 -0.9767345190 0.1972228289 0.0842186362
-356.9 -443.6 2498.3 0.7530637383 -0.5687590241 -0.3307690024 -0.1911706328 0.2918931246 -0.9371510744 0.6295623779 0.7689678669 0.1110841110
-139.6 -555.1 2204.6 0.7530637383 0.4787784219 -0.4512939155 -0.1911706328 0.8155427575 0.5462085605 0.6295623779 -0.3250557184 0.7056840658
-290.1 -480.0 2665.1 0.4505076110 -0.8700160384 -0.2002873421 -0.2059295624 0.1170267314 -0.9715440273 0.8686978221 0.4789330363 -0.1264405996
63.3 -527.6 2470.6 0.4505076110 0.5593581200 -0.6958170533 -0.2059295624 0.8234788775 0.5286544561 0.8686978221 -0.0948735327 0.4861718714
-93.9 -245.5 2466.6 0 0 0 0 0 0 0 0 0
-47.9 -154.5 2710.7 0 0 0 0 0 0 0 0 0
-322.6 -866.7 2328.8 0 0 0 0 0 0 0 0 0
-150.2 -841.9 2506.8 0 0 0 0 0 0 0 0 0
-266.0 129.1 2694.8 08 0.3945495486 0.1023966447 -0.9131514430 -0.2301255912 0.9731127024 0.0096890042 0.8895913959 0.2063167244 0.4075052440
-286.9 -69.0 2652.8 0.3945495486 0.1023966447 -0.9131514430 -0.2301255912 0.9731127024 0.0096890042 0.8895913959 0.2063167244 0.4075052440
-304.2 -263.5 2616.2 0.3971158564 0.0869359523 -0.9136416912 -0.2036651671 0.9790296555 0.0046344320 0.8948851824 0.1842365712 0.4064940214
-344.9 -39.2 2522.1 -0.1312515587 0.3845441937 -0.9137279391 0.7634037137 0.6272190809 0.1543079913 0.6324458718 -0.6772902012 -0.3758859634
-313.7 -220.8 2371.7 -0.9078363180 0.3845441937 0.1672092378 0.1240603477 0.6272190809 -0.7688987255 -0.4005523622 -0.6772902012 -0.6171189547
-228.9 -98.7 2783.5 0.3702148497 0.3394549191 -0.8647029996 -0.3189143240 0.9207130671 0.2249023765 0.8724876046 0.1925039887 0.4491187036
-96.0 -213.2 3096.7 0.1260058880 0.3394549191 0.9321442246 0.1583004296 0.9207130671 -0.3566909134 -0.9793178439 0.1925039887 0.0622794032
-356.5 -443.6 2497.3 0.7523809075 -0.5679971576 -0.3336198330 -0.1935152560 0.2935292721 -0.9361583591 0.6296624541 0.7689082026 0.1109296903
-139.2 -555.9 2203.2 0.7523809075 0.4809509516 -0.4501212835 -0.1935152560 0.8145444989 0.5468720794 0.6296624541 -0.3243508041 0.7059190869
-287.5 -480.7 2663.1 0.4533719718 -0.8693408370 -0.1967241019 -0.1970620900 0.1174847484 -0.9733262062 0.8692642450 0.4800456762 -0.1180498302
65.2 -528.3 2468.4 0.4533719718 0.5578033328 -0.6952044964 -0.1970620900 0.8233982921 0.5321483016 0.8692642450 -0.1042626724 0.4832276106
-84.3 -252.1 2472.9 0 0 0 0 0 0 0 0 0
-45.5 -149.8 2704.8 0 0 0 0 0 0 0 0 0
-323.0 -867.2 2327.1 0 0 0 0 0 0 0 0 0
-147.9 -842.8 2508.2 0 0 0 0 0 0 0 0 0
-264.7 130.7 2695.3 09 0.3941482902 0.1046128199 -0.9130735397 -0.2245956212 0.9743414521 0.0146807749 0.8911812305 0.1992859244 0.4075306058
-286.0 -67.2 2654.8 0.3941482902 0.1046128199 -0.9130735397 -0.2245956212 0.9743414521 0.0146807749 0.8911812305 0.1992859244 0.4075306058
-304.1 -261.8 2619.1 0.3965015709 0.0911682025 -0.9134959579 -0.2011102438 0.9795126915 0.0104651600 0.8957349658 0.1795639396 0.4067131877
-343.9 -37.8 2524.0 -0.1323124468 0.3789674342 -0.9159023166 0.7633836865 0.6283563375 0.1497118324 0.6322489381 -0.6793761849 -0.3724369407
-312.4 -219.7 2373.4 -0.9038884044 0.3789674342 0.1984173805 0.0939296409 0.6283563375 -0.7722341418 -0.4173283875 -0.6793761849 -0.6035602689
-228.0 -96.6 2785.6 0.3691022992 0.3434382975 -0.8636050224 -0.3163484633 0.9201581478 0.2307218909 0.8738919497 0.1880401522 0.4482786655
-95.5 -210.1 3099.3 0.1263972819 0.3434382975 0.9306309223 0.1531117260 0.9201581478 -0.3603689075 -0.9800921082 0.1880401522 0.0637210533
-357.9 -439.4 2497.5 0.7544278502 -0.5648111701 -0.3344053030 -0.1862958074 0.3042651117 -0.9341930151 0.6293905377 0.7670795918 0.1243241355
-142.4 -555.4 2204.9 0.7544278502 0.4675731659 -0.4606668055 -0.1862958074 0.8254953027 0.5327770710 0.6293905377 -0.3161215782 0.7098835707
-285.0 -476.7 2661.6 0.4408880472 -0.8705312610 -0.2186162919 -0.2194420546 0.1316300780 -0.9667050838 0.8703234196 0.4741823375 -0.1329970360
66.1 -529.8 2470.3 0.4408880472 0.5798814297 -0.6850950718 -0.2194420546 0.8097605705 0.5441810489 0.8703234196 -0.0895842686 0.4842641354
-85.3 -243.3 2478.2 0 0 0 0 0 0 0 0 0
-45.0 -148.9 2707.1 0 0 0 0 0 0 0 0 0
-321.1 -870.8 2325.7 0 0 0 0 0 0 0 0 0
-155.3 -839.0 2504.5 0 0 0 0 0 0 0 0 0
-266.5 127.8 2695.0 10 0.3714951873 0.0990184247 -0.9231395721 -0.2247876227 0.9743065238 0.0140463896 0.9008117914 0.2022921890 0.3842083216
-286.6 -70.1 2653.9 0.3714951873 0.0990184247 -0.9231395721 -0.2247876227 0.9743065238 0.0140463896 0.9008117914 0.2022921890 0.3842083216
-304.0 -264.7 2618.0 0.3738144338 0.0875964761 -0.9233577847 -0.2005041093 0.9796222448 0.0117615564 0.9055721164 0.1807403862 0.3837603927
-341.2 -40.8 2521.7 -0.1209957674 0.3788406849 -0.9175182581 0.7656754851 0.6238676310 0.1566213518 0.6317445040 -0.6835706830 -0.3655543625
-313.0 -219.1 2374.5 -0.9035653472 0.3788406849 0.2001233846 0.0896179676 0.6238676310 -0.7763747573 -0.4189728498 -0.6835706830 -0.5976561308
-232.0 -99.4 2786.2 0.3468585312 0.3395190537 -0.8743088841 -0.3157404363 0.9200413823 0.2320167720 0.8831744790 0.1955776662 0.4263240993
-107.4 -212.7 3103.2 0.1509816796 0.3395190537 0.9284026027 0.1519253403 0.9200413823 -0.3611682355 -0.9767923355 0.1955776662 0.0873278528
-358.6 -438.0 2501.3 0.7583228350 -0.5633254051 -0.3280411363 -0.1827353537 0.2993508577 -0.9364811182 0.6257429719 0.7700996995 0.1240651384
-140.4 -554.0 2203.1 0.7583228350 0.4694611728 -0.4522750378 -0.1827353537 0.8190732002 0.5438077450 0.6257429719 -0.3297352195 0.7069090605
-285.8 -474.9 2665.6 0.4537971020 -0.8628923297 -0.2224522978 -0.2100071311 0.1390443295 -0.9677621722 0.8660053015 0.4858842492 -0.1181156263
68.4 -532.0 2466.1 0.4537971020 0.5958968997 -0.6625519395 -0.2100071311 0.7940915823 0.5703644156 0.8660053015 -0.1196890920 0.4854990542
-88.1 -241.4 2478.8 0 0 0 0 0 0 0 0 0
-47.0 -151.9 2712.4 0 0 0 0 0 0 0 0 0
-319.8 -866.9 2329.1 0 0 0 0 0 0 0 0 0
-159.0 -835.1 2511.8 0 0 0 0 0 0 0 0 0
-266.9 126.1 2694.9 11 0.3774767220 0.0972553194 -0.9208977818 -0.2025771439 0.9790546298 0.0203606896 0.9035894275 0.1788671464 0.3892720342
-286.6 -72.2 2658.7 0.3774767220 0.0972553194 -0.9208977818 -0.2025771439 0.9790546298 0.0203606896 0.9035894275 0.1788671464 0.3892720342
-304.2 -267.6 2627.1 0.3795663714 0.0884318575 -0.9209284186 -0.1804927737 0.9833722115 0.0200367868 0.9073873162 0.1586156338 0.3892163336
-342.1 -45.9 2526.1 -0.1323191375 0.3855289519 -0.9131588340 0.7474740744 0.6438511610 0.1635182351 0.6509793997 -0.6609259844 -0.3733667135
-310.9 -221.8 2372.9 -0.8882199526 0.3855289519 0.2498653829 0.0649946481 0.6438511610 -0.7623853087 -0.4547977149 -0.6609259844 -0.5969387889
-231.2 -98.6 2791.2 0.3525053561 0.3404610455 -0.8716801405 -0.2961979806 0.9241741300 0.2411824018 0.8876974583 0.1731718183 0.4266202152
-104.6 -204.9 3109.8 0.1447860897 0.3404610455 0.9290442467 0.1304488331 0.9241741300 -0.3590059876 -0.9808261991 0.1731718183 0.0893948153
-355.7 -441.0 2499.1 0.7604166865 -0.5649699569 -0.3202739060 -0.1814014614 0.2887524366 -0.9400614500 0.6235863566 0.7729365826 0.1170857847
-138.4 -552.1 2201.8 0.7604166865 0.4713537395 -0.4467573464 -0.1814014614 0.8146941066 0.5507876277 0.6235863566 -0.3377856612 0.7050112486
-287.1 -477.8 2665.1 0.4525534809 -0.8664333820 -0.2109230161 -0.1976966411 0.1331610978 -0.9711766839 0.8695466518 0.4812081754 -0.1110284626
69.4 -532.6 2467.1 0.4525534809 0.5885800719 -0.6699020863 -0.1976966411 0.7987601757 0.5682412982 0.8695466518 -0.1247221828 0.4778420329
-90.7 -237.9 2485.7 0 0 0 0 0 0 0 0 0
-46.7 -152.7 2717.4 0 0 0 0 0 0 0 0 0
-318.5 -863.4 2330.9 0 0 0 0 0 0 0 0 0
-155.4 -837.7 2514.7 0 0 0 0 0 0 0 0 0
-266.3 128.8 2695.3 12 0.3757067323 0.1040451154 -0.9208794832 -0.2041149437 0.9785665870 0.0272866525 0.9039809704 0.1777134836 0.3888911903
-287.5 -70.5 2659.1 0.3757067323 0.1040451154 -0.9208794832 -0.2041149437 0.9785665870 0.0272866525 0.9039809704 0.1777134836 0.3888911903
-305.9 -265.9 2627.8 0.3780001104 0.0929730609 -0.9211253524 -0.1812800616 0.9831177592 0.0248387288 0.9078840613 0.1575926244 0.3884727657
-342.7 -44.0 2526.5 -0.1415553242 0.4098706841 -0.9010927081 0.7475023866 0.6410244703 0.1741487831 0.6490009427 -0.6489172578 -0.3971197605
-308.8 -223.0 2371.2 -0.8671095371 0.4098706841 0.2830672860 0.0530460514 0.6410244703 -0.7656851411 -0.4952849448 -0.6489172578 -0.5775804520
-232.2 -97.0 2791.7 0.3504057527 0.3447071314 -0.8708575368 -0.2968774736 0.9227411151 0.2457897812 0.8883014917 0.1724118441 0.4256695807
-106.4 -203.6 3110.6 0.1461659968 0.3447071314 0.9272607565 0.1286675930 0.9227411151 -0.3633091152 -0.9808568358 0.1724118441 0.0905207321
-356.5 -446.4 2512.4 0.7778756618 -0.5499073267 -0.3041568696 -0.1781068742 0.2712351382 -0.9458908439 0.6026503444 0.7899578810 0.1130449325
-141.4 -552.5 2203.4 0.7778756618 0.4564444125 -0.4319351315 -0.1781068742 0.8192863464 0.5450209379 0.6026503444 -0.3470278978 0.7185987830
-286.9 -479.5 2678.8 0.4807195365 -0.8546727896 -0.1960691363 -0.1801317185 0.1225798950 -0.9759747386 0.8581732512 0.5044884086 -0.0950271338
67.9 -530.4 2469.3 0.4807195365 0.5734332204 -0.6633875966 -0.1801317185 0.8049806952 0.5652951598 0.8581732512 -0.1522512883 0.4902634323
-91.9 -236.3 2495.1 0 0 0 0 0 0 0 0 0
-48.0 -152.1 2718.1 0 0 0 0 0 0 0 0 0
-315.8 -865.6 2335.9 0 0 0 0 0 0 0 0 0
-151.0 -837.8 2527.5 0 0 0 0 0 0 0 0 0
-267.7 127.5 2695.0 13 0.3737763464 0.0945715159 -0.9226849079 -0.2038590014 0.9788394570 0.0177445766 0.9048385024 0.1814651340 0.3851462901
-286.9 -71.8 2658.1 0.3737763464 0.0945715159 -0.9226849079 -0.2038590014 0.9788394570 0.0177445766 0.9048385024 0.1814651340 0.3851462901
-304.0 -267.2 2626.2 0.3758730292 0.0859207958 -0.9226793051 -0.1810658276 0.9833098054 0.0178057551 0.9088094831 0.1603729874 0.3851569295
-341.9 -45.4 2525.4 -0.1431499720 0.4150407612 -0.8984705210 0.7495257258 0.6383040547 0.1754399389 0.6463120580 -0.6483125091 -0.4024569392
-307.3 -226.0 2369.5 -0.8641403913 0.4150407612 0.2846094966 0.0536569431 0.6383040547 -0.7679120302 -0.5003821850 -0.6483125091 -0.5738540888
-232.0 -98.2 2790.8 0.3491121829 0.3379913568 -0.8740037084 -0.2967927754 0.9245530963 0.2389886826 0.8888390064 0.1759641171 0.4230861664
-106.7 -204.8 3109.9 0.1488908082 0.3379913568 0.9292972684 0.1320850998 0.9245530963 -0.3574284017 -0.9799923897 0.1759641171 0.0930138305
-359.1 -444.6 2513.3 0.7717514038 -0.5544524193 -0.3114196956 -0.1816066056 0.2771581411 -0.9435054064 0.6094413996 0.7847074866 0.1132049784
-142.3 -552.9 2206.5 0.7717514038 0.4571724236 -0.4420329332 -0.1816066056 0.8246005177 0.5357733369 0.6094413996 -0.3332077265 0.7194121480
-289.7 -477.8 2679.8 0.4762577116 -0.8542594314 -0.2083731890 -0.2009429336 0.1249674261 -0.9715992212 0.8560376763 0.5046027303 -0.1121407002
63.2 -529.5 2471.3 0.4762577116 0.5564881563 -0.6808080077 -0.2009429336 0.8226476908 0.5318578482 0.8560376763 -0.1164978296 0.5036146641
-87.0 -239.7 2497.1 0 0 0 0 0 0 0 0 0
-47.1 -151.9 2717.8 0 0 0 0 0 0 0 0 0
-317.0 -868.0 2333.8 0 0 0 0 0 0 0 0 0
-149.1 -843.4 2515.7 0 0 0 0 0 0 0 0 0
-268.0 127.6 2695.4 14 0.3573017120 0.0954560116 -0.9290983081 -0.2032180279 0.9788768291 0.0224190820 0.9116128087 0.1807991415 0.3691527545
-287.4 -71.3 2658.7 0.3573017120 0.0954560116 -0.9290983081 -0.2032180279 0.9788768291 0.0224190820 0.9116128087 0.1807991415 0.3691527545
-304.8 -266.9 2627.9 0.3598479033 0.0873866975 -0.9289095998 -0.1758824885 0.9841076136 0.0244447645 0.9162831903 0.1545825303 0.3694988489
-340.0 -45.6 2524.8 -0.1180978566 0.4129676521 -0.9030562639 0.7525870800 0.6305122375 0.1899131387 0.6478160024 -0.6572001576 -0.3852562904
-312.3 -222.3 2372.8 -0.8662227392 0.4129676521 0.2812753916 0.0490608178 0.6305122375 -0.7746272087 -0.4972435832 -0.6572001576 -0.5664246082
-234.9 -97.0 2792.5 0.3329353631 0.3389102519 -0.8799396753 -0.2916430235 0.9244326353 0.2457002848 0.8967153430 0.1748259664 0.4066171348
-115.3 -201.7 3114.4 0.1658212841 0.3389102519 0.9260902405 0.1242208928 0.9244326353 -0.3605460525 -0.9783008099 0.1748259664 0.1111908704
-355.6 -446.0 2511.0 0.7748199701 -0.5528876781 -0.3065439463 -0.1815049648 0.2699282169 -0.9456186891 0.6055657864 0.7883235216 0.1087939143
-141.7 -550.4 2206.1 0.7748199701 0.4557219148 -0.4381455481 -0.1815049648 0.8242525458 0.5363429189 0.6055657864 -0.3360436261 0.7213631272
-286.6 -479.2 2677.7 0.4887477160 -0.8532384634 -0.1819608510 -0.1576019078 0.1187879965 -0.9803321362 0.8580718637 0.5078124404 -0.0764146522
62.5 -527.8 2470.0 0.4887477160 0.5434177518 -0.6825121045 -0.1576019078 0.8244401813 0.5435623527 0.8580718637 -0.1580996364 0.4885869324
-97.9 -234.4 2495.9 0 0 0 0 0 0 0 0 0
-49.0 -152.0 2722.9 0 0 0 0 0 0 0 0 0
-315.8 -865.3 2334.5 0 0 0 0 0 0 0 0 0
-144.9 -842.3 2530.3 0 0 0 0 0 0 0 0 0
-266.2 128.2 2695.6 15 0.3554671705 0.0973659158 -0.9296036959 -0.2022624910 0.9790071249 0.0251981076 0.9125420451 0.1790668517 0.3676983416
-285.9 -70.5 2659.2 0.3554671705 0.0973659158 -0.9296036959 -0.2022624910 0.9790071249 0.0251981076 0.9125420451 0.1790668517 0.3676983416
-303.4 -266.0 2628.3 0.3578350842 0.0876844227 -0.9296588302 -0.1771452129 0.9838768840 0.0246132370 0.9168280363 0.1558771282 0.3675985634
-338.2 -44.6 2525.3 -0.0897983760 0.3869181275 -0.9177312255 0.7559167147 0.6264458299 0.1901462376 0.6484799385 -0.6766535640 -0.3487316966
-317.5 -218.7 2376.0 -0.8786571026 0.3869181275 0.2797428966 0.0278523825 0.6264458299 -0.7789672017 -0.4766402841 -0.6766535640 -0.5612076521
-233.7 -96.4 2793.2 0.3308904469 0.3391278684 -0.8806269169 -0.2928665578 0.9240203500 0.2457957119 0.8970733881 0.1765747219 0.4050687253
-114.9 -201.5 3115.2 0.1679290682 0.3391278684 0.9256306291 0.1252220422 0.9240203500 -0.3612558544 -0.9778135419 0.1765747219 0.1127035916
-355.2 -446.3 2513.2 0.7697426677 -0.5508791804 -0.3225342631 -0.1992477030 0.2726818919 -0.9412464499 0.6064623594 0.7887817621 0.1001334861
-139.9 -552.9 2204.9 0.7697426677 0.4696005881 -0.4324020147 -0.1992477030 0.8202724457 0.5361468196 0.6064623594 -0.3265399933 0.7249655724
-289.2 -478.6 2681.2 0.4913645983 -0.8505366445 -0.1874787658 -0.1763788909 0.1136219427 -0.9777425528 0.8529075384 0.5134953856 -0.0941869095
63.1 -525.6 2468.6 0.4913645983 0.5429138541 -0.6810325980 -0.1763788909 0.8277651072 0.5326306224 0.8529075384 -0.1415960640 0.5024930239
-105.9 -225.4 2490.8 0 0 0 0 0 0 0 0 0
-47.7 -151.4 2723.9 0 0 0 0 0 0 0 0 0
-319.3 -866.3 2329.7 0 0 0 0 0 0 0 0 0
-144.2 -841.6 2522.6 0 0 0 0 0 0 0 0 0
-265.6 129.8 2695.7 16 0.3569566011 0.1021708474 -0.9285166264 -0.2107538134 0.9771798253 0.0265039094 0.9100356102 0.1862276793 0.3703436852
-286.4 -69.3 2657.7 0.3569566011 0.1021708474 -0.9285166264 -0.2107538134 0.9771798253 0.0265039094 0.9100356102 0.1862276793 0.3703436852
-304.7 -264.6 2626.0 0.3597716093 0.0920684487 -0.9284868240 -0.1823479086 0.9828686118 0.0268044621 0.9150484204 0.1596641392 0.3703967333
-339.0 -42.6 2524.1 -0.0930262655 0.3995693326 -0.9119706154 0.7612747550 0.6188841462 0.1935024858 0.6417218447 -0.6762593985 -0.3617545366
-317.4 -219.1 2375.3 -0.8744725585 0.3995693326 0.2750311494 0.0360012129 0.6188841462 -0.7846568227 -0.4837372303 -0.6762593985 -0.5555821657
-233.9 -95.9 2791.4 0.3323074281 0.3433292806 -0.8784627318 -0.2978785038 0.9219252467 0.2476333678 0.8948967457 0.1793847531 0.4086329937
-114.6 -202.8 3112.6 0.1656022668 0.3433292806 0.9245003462 0.1285806298 0.9219252467 -0.3654051125 -0.9777744412 0.1793847531 0.1085274145
-353.6 -445.3 2513.2 0.7741350532 -0.5441827178 -0.3233883679 -0.1967561394 0.2787121832 -0.9400034547 0.6016659737 0.7913182974 0.1086895689
-143.1 -553.1 2207.1 0.7741350532 0.4589397907 -0.4359921813 -0.1967561394 0.8290818334 0.5233644247 0.6016659737 -0.3193706274 0.7321205139
-288.0 -477.8 2681.4 0.4891996086 -0.8502078652 -0.1945002675 -0.1766023338 0.1218258962 -0.9767138958 0.8541049957 0.5121572614 -0.0905515105
61.7 -527.9 2470.7 0.4891996086 0.5440982580 -0.6816456914 -0.1766023338 0.8271554708 0.5335030556 0.8541049957 -0.1406092644 0.5007331371
-108.4 -227.7 2490.9 0 0 0 0 0 0 0 0 0
-48.3 -151.4 2721.4 0 0 0 0 0 0 0 0 0
-318.4 -869.9 2329.1 0 0 0 0 0 0 0 0 0
-146.1 -843.8 2524.4 0 0 0 0 0 0 0 0 0
-266.2 127.6 2695.2 17 0.3534361124 0.0963896662 -0.9304794073 -0.2132223547 0.9767948985 0.0201965291 0.9108343124 0.1912608296 0.3657870293
-285.8 -71.3 2656.3 0.3534361124 0.0963896662 -0.9304794073 -0.2132223547 0.9767948985 0.0201965291 0.9108343124 0.1912608296 0.3657870293
-303.1 -266.5 2623.4 0.3559763134 0.0872507468 -0.9304128885 -0.1861231774 0.9823039770 0.0209061094 0.9157723784 0.1657293290 0.3659163415
-337.8 -44.1 2522.5 -0.0880425498 0.4107292593 -0.9074965715 0.7604162097 0.6161943674 0.2051137984 0.6434404850 -0.6720163822 -0.3665765226
-317.6 -218.7 2374.7 -0.8666693568 0.4107292593 0.2831708491 0.0349441096 0.6161943674 -0.7868185639 -0.4976576567 -0.6720163822 -0.5483893156
-233.8 -98.5 2790.0 0.3290856183 0.3386582136 -0.8814835548 -0.3016471267 0.9222707748 0.2417138964 0.8948249221 0.1863524169 0.4056613445
-115.6 -206.7 3111.3 0.1699177027 0.3386582136 0.9254396558 0.1348529458 0.9222707748 -0.3622585833 -0.9761878252 0.1863524169 0.1110410839
-356.0 -443.2 2510.4 0.7724404931 -0.5515096188 -0.3149171472 -0.1836253256 0.2807379663 -0.9420551658 0.6079617143 0.7855083346 0.1155822277
-142.0 -552.1 2205.6 0.7724404931 0.4573959410 -0.4405958056 -0.1836253256 0.8249759078 0.5345057845 0.6079617143 -0.3319693804 0.7212342620
-290.0 -476.6 2678.2 0.4883404672 -0.8526316285 -0.1858571470 -0.1636811644 0.1197042316 -0.9792238474 0.8571651578 0.5086159706 -0.0811033174
61.9 -526.0 2468.3 0.4883404672 0.4930164516 -0.7200405598 -0.1636811644 0.8622208238 0.4793576002 0.8571651578 -0.1162326485 0.5017548203
-111.2 -227.0 2493.2 0 0 0 0 0 0 0 0 0
-47.7 -152.8 2720.6 0 0 0 0 0 0 0 0 0
-316.8 -867.3 2332.4 0 0 0 0 0 0 0 0 0
-98.4 -806.4 2506.1 0 0 0 0 0 0 0 0 0
-266.2 127.3 2695.0 18 0.3573068678 0.0928477868 -0.9293605685 -0.2083820403 0.9778894782 0.0175804123 0.9104442596 0.1873804480 0.3687544465
-285.0 -71.1 2657.0 0.3573068678 0.0928477868 -0.9293605685 -0.2083820403 0.9778894782 0.0175804123 0.9104442596 0.1873804480 0.3687544465
-301.8 -266.4 2624.5 0.3596017957 0.0842685848 -0.9292929173 -0.1829751879 0.9829466343 0.0183293335 0.9149899483 0.1634462923 0.3688884377
-337.6 -44.4 2523.3 -0.1026672050 0.4126748145 -0.9050740004 0.7630289793 0.6164060235 0.1945003271 0.6381584406 -0.6706289053 -0.3781675398
-313.8 -221.4 2375.3 -0.8668045998 0.4126748145 0.2799094021 0.0395062119 0.6164060235 -0.7864367962 -0.4970805049 -0.6706289053 -0.5506067872
-232.5 -97.8 2790.6 0.3330572844 0.3359548151 -0.8810262084 -0.2986371517 0.9238547683 0.2393914759 0.8943649530 0.1833760738 0.4080251455
-112.9 -205.1 3111.7 0.1662742049 0.3359548151 0.9270853400 0.1334613860 0.9238547683 -0.3587206006 -0.9770061374 0.1833760738 0.1087762266
-353.1 -444.6 2506.4 0.7688286901 -0.5529415607 -0.3211823404 -0.1911503524 0.2805788815 -0.9406046271 0.6102163196 0.7845579386 0.1100221276
-139.7 -552.9 2203.6 0.7688286901 0.4689313471 -0.4347480237 -0.1911503524 0.8173230290 0.5435481668 0.6102163196 -0.3347932100 0.7180177569
-287.8 -478.7 2674.4 0.4751457572 -0.8602084517 -0.1851430833 -0.2008915693 0.0988028497 -0.9746181965 0.8566674590 0.5002793670 -0.1258628666
57.2 -518.4 2473.8 0.4751457572 0.4889308214 -0.7315621376 -0.2008915693 0.8697280884 0.4507943988 0.8566674590 -0.0672283769 0.5114697218
-101.9 -231.1 2496.8 0 0 0 0 0 0 0 0 0
-46.4 -151.6 2720.7 0 0 0 0 0 0 0 0 0
-318.9 -865.2 2331.5 0 0 0 0 0 0 0 0 0
-115.5 -825.6 2497.5 0 0 0 0 0 0 0 0 0
-266.8 125.5 2695.4 19 0.3181612790 0.1003082991 -0.9427150488 -0.1986011714 0.9793748260 0.0371822007 0.9270010591 0.1753943712 0.3315204978
-287.1 -73.2 2659.8 0.3181612790 0.1003082991 -0.9427150488 -0.1986011714 0.9793748260 0.0371822007 0.9270010591 0.1753943712 0.3315204978
-306.0 -268.6 2629.7 0.3206002414 0.0947847292 -0.9424602389 -0.1740568280 0.9839331508 0.0397461578 0.9310852289 0.1512990147 0.3319471478
-333.9 -47.8 2523.9 -0.0987153500 0.4149538279 -0.9044714570 0.7547010779 0.6236312985 0.2037406564 0.6485996842 -0.6624932885 -0.3747280836
-311.0 -222.8 2373.5 -0.8630984426 0.4149538279 0.2878791690 0.0394207723 0.6236312985 -0.7807240486 -0.5034948587 -0.6624932885 -0.5546129942
-240.3 -98.5 2795.7 0.2928873897 0.3444517553 -0.8919472694 -0.2895812094 0.9209994078 0.2605817318 0.9112407565 0.1819700748 0.3694958687
-135.2 -202.5 3122.8 0.2063556612 0.3444517553 0.9158440232 0.1148143411 0.9209994078 -0.3722603917 -0.9717175364 0.1819700748 0.1505054384
-351.5 -445.0 2508.1 0.7769107223 -0.5456511974 -0.3141250312 -0.1882067472 0.2748379409 -0.9428904057 0.6008227468 0.7916620970 0.1108292937
-140.3 -551.4 2201.7 0.7769107223 0.4637219608 -0.4258776009 -0.1882067472 0.8165345788 0.5457558632 0.6008227468 -0.3438505232 0.7216500640
-285.5 -478.6 2675.9 0.4850226045 -0.8537310958 -0.1894630194 -0.1821199507 0.1132926941 -0.9767277241 0.8553276658 0.5082400441 -0.1005319431
62.9 -524.8 2468.5 0.4850226045 0.5435047150 -0.6850953698 -0.1821199507 0.8290127516 0.5287439227 0.8553276658 -0.1316832304 0.5010730028
-97.7 -232.6 2497.9 0 0 0 0 0 0 0 0 0
-52.6 -156.6 2734.0 0 0 0 0 0 0 0 0 0
-317.5 -863.4 2333.1 0 0 0 0 0 0 0 0 0
-136.2 -828.4 2516.8 0 0 0 0 0 0 0 0 0
-267.3 123.9 2695.1 20 0.3353470862 0.0957578272 -0.9372154474 -0.1992667019 0.9795225859 0.0287804138 0.9207796454 0.1771043986 0.3475613594
-286.8 -75.0 2659.1 0.3353470862 0.0957578272 -0.9372154474 -0.1992667019 0.9795225859 0.0287804138 0.9207796454 0.1771043986 0.3475613594
-304.1 -270.5 2628.2 0.3375154436 0.0870165452 -0.9372894168 -0.1759720743 0.9839972854 0.0279857516 0.9247254729 0.1554911435 0.3474267721
-336.0 -49.3 2524.1 -0.1144753024 0.3989051580 -0.9098187089 0.7561692595 0.6289553046 0.1806192696 0.6442852616 -0.6673004627 -0.3736396432
-309.3 -226.2 2373.4 -0.8791059852 0.3989051580 0.2608588934 0.0552885123 0.6289553046 -0.7754730582 -0.4734087586 -0.6673004627 -0.5749732256
-237.5 -100.6 2794.1 0.3106838763 0.3377900422 -0.8884668946 -0.2916659117 0.9235092998 0.2491216511 0.9046582580 0.1817374229 0.3854412735
-125.9 -205.3 3118.9 0.1892952621 0.3377900422 0.9219897985 0.1224847361 0.9235092998 -0.3634942770 -0.9742509127 0.1817374229 0.1334418058
-354.3 -448.2 2514.3 0.7804946303 -0.5409901142 -0.3133014739 -0.1920828372 0.2693893611 -0.9436808825 0.5949220657 0.7967177033 0.1063420400
-143.5 -553.2 2203.9 0.7804946303 0.4575138986 -0.4260389209 -0.1920828372 0.8240202069 0.5330054760 0.5949220657 -0.3341731727 0.7310239673
-295.5 -480.1 2684.9 0.4872236848 -0.8518691659 -0.1921771616 -0.2019080669 0.1042134613 -0.9738442898 0.8496153355 0.5132821202 -0.1212239861
63.4 -524.0 2468.6 0.4872236848 0.5519362092 -0.6767418385 -0.2019080669 0.8251453042 0.5276061893 0.8496153355 -0.1204226017 0.5134707093
-86.5 -240.2 2493.3 0 0 0 0 0 0 0 0 0
-50.2 -156.3 2729.0 0 0 0 0 0 0 0 0 0
-318.3 -868.0 2331.6 0 0 0 0 0 0 0 0 0
-143.1 -832.7 2513.7 0 0 0 0 0 0 0 0 0
-268.2 123.9 2695.4 21 0.3447527587 0.0874014795 -0.9346156716 -0.2000589073 0.9796218872 0.0178143196 0.9171270132 0.1808366477 0.3552128077
-286.0 -75.0 2658.7 0.3447527587 0.0874014795 -0.9346156716 -0.2000589073 0.9796218872 0.0178143196 0.9171270132 0.1808366477 0.3552128077
-302.9 -270.5 2627.5 0.3467771709 0.0848994777 -0.9340972304 -0.1769888848 0.9839268923 0.0237225574 0.9210974574 0.1570983976 0.3562296331
-336.6 -49.2 2524.2 -0.1189908385 0.3921075761 -0.9121912122 0.7553936243 0.6319877505 0.1731240749 0.6443769336 -0.6684632301 -0.3713963032
-308.9 -225.2 2374.0 -0.8814664483 0.3921075761 0.2631892562 0.0502230823 0.6319877505 -0.7733492851 -0.4695684910 -0.6684632301 -0.5767688155
-235.3 -100.8 2793.2 0.3201786578 0.3361248076 -0.8857232928 -0.2927306294 0.9242901206 0.2449418902 0.9009963274 0.1808531731 0.3943319917
-120.4 -205.9 3116.6 0.1797381192 0.3361248076 0.9245076180 0.1255435646 0.9242901206 -0.3604532778 -0.9756705761 0.1808531731 0.1239318699
-352.3 -449.9 2512.5 0.7758733034 -0.5418918133 -0.3230695128 -0.2049033493 0.2678803205 -0.9414110184 0.5966868997 0.7966136932 0.0968057513
-143.6 -553.1 2205.6 0.7758733034 0.4623926580 -0.4292011857 -0.2049033493 0.8281215429 0.5217559338 0.5966868997 -0.3168717623 0.7372632027
-290.5 -482.1 2682.0 0.5058530569 -0.8488501906 -0.1535122097 -0.1358205527 0.0973648950 -0.9859375358 0.8518599868 0.5195896626 -0.0660389736
62.3 -522.5 2466.1 0.5058530569 0.5261318088 -0.6835919619 -0.1358205527 0.8311545849 0.5391982794 0.8518599868 -0.1799092740 0.4919016361
-87.2 -237.8 2492.1 0 0 0 0 0 0 0 0 0
-48.5 -155.7 2726.2 0 0 0 0 0 0 0 0 0
-320.2 -869.5 2326.6 0 0 0 0 0 0 0 0 0
-136.3 -836.2 2534.0 0 0 0 0 0 0 0 0 0
-268.2 124.7 2695.6 22 0.3148820996 0.0881129280 -0.9450319409 -0.2069091499 0.9781069756 0.0222552083 0.9263033271 0.1885280013 0.3262197375
-286.1 -73.5 2657.4 0.3148820996 0.0881129280 -0.9450319409 -0.2069091499 0.9781069756 0.0222552083 0.9263033271 0.1885280013 0.3262197375
-301.9 -269.1 2625.9 0.3175475001 0.0794712007 -0.9449062943 -0.1756994724 0.9841578603 0.0237264596 0.9318225384 0.1584852636 0.3264799416
-332.4 -47.9 2521.3 -0.1375520527 0.3841603696 -0.9129623175 0.7701769471 0.6210613847 0.1452937722 0.6228217483 -0.6831570864 -0.3812997341
-300.2 -228.6 2375.1 -0.8719202280 0.3841603696 0.3036049008 0.0007263231 0.6210613847 -0.7837616205 -0.4896474183 -0.6831570864 -0.5417949557
-239.7 -99.2 2793.5 0.2916471362 0.3298448324 -0.8978554010 -0.2914780676 0.9246665835 0.2450146973 0.9110337496 0.1902473271 0.3658188879
-135.0 -203.8 3120.5 0.2104521245 0.3298448324 0.9202783704 0.1244311556 0.9246665835 -0.3598729670 -0.9696529508 0.1902473271 0.1535550803
-351.6 -449.8 2511.8 0.7758120894 -0.5424935222 -0.3222055435 -0.2028733939 0.2690697610 -0.9415114522 0.5974596143 0.7958028913 0.0986900777
-143.8 -552.8 2207.0 0.7758120894 0.4621345103 -0.4295897186 -0.2028733939 0.8273943067 0.5236993432 0.5974596143 -0.3191399574 0.7356572747
-288.0 -482.2 2680.7 0.5043596029 -0.8492838740 -0.1560071558 -0.1329711974 0.1021254137 -0.9858443141 0.8531939983 0.5179645419 -0.0614223666
60.0 -524.1 2468.4 0.5043596029 0.5236591697 -0.6865875721 -0.1329711974 0.8327440619 0.5374532938 0.8531939983 -0.1797733605 0.4896340668
-76.6 -228.8 2500.7 0 0 0 0 0 0 0 0 0
-50.8 -154.0 2732.5 0 0 0 0 0 0 0 0 0
-320.4 -869.0 2329.0 0 0 0 0 0 0 0 0 0
-138.8 -840.3 2536.7 0 0 0 0 0 0 0 0 0
-268.5 125.0 2695.7 23 0.3141931295 0.0927146226 -0.9448210001 -0.2164674550 0.9759999514 0.0237895623 0.9243508577 0.1970484853 0.3267221749
-287.4 -73.7 2655.6 0.3141931295 0.0927146226 -0.9448210001 -0.2164674550 0.9759999514 0.0237895623 0.9243508577 0.1970484853 0.3267221749
-303.6 -269.1 2622.8 0.3172376156 0.0815486237 -0.9448333979 -0.1822431087 0.9829690456 0.0236500967 0.9306705594 0.1646866798 0.3266964257
-333.7 -47.1 2519.6 -0.2690777779 0.3601421416 -0.8932495713 0.7938709855 0.6080564260 0.0060159047 0.5453127623 -0.7075061798 -0.4495208859
-269.2 -237.6 2388.8 -0.8679809570 0.3601421416 0.3419161737 -0.0595560484 0.6080564260 -0.7916567922 -0.4930132926 -0.7075061798 -0.5063327551
-241.0 -100.3 2791.5 0.2910927534 0.3317987919 -0.8973152041 -0.2978335619 0.9227527976 0.2445863634 0.9091535807 0.1960532665 0.3674274385
-136.5 -207.3 3117.9 0.2106507123 0.3317987919 0.9195302129 0.1301057339 0.9227527976 -0.3627668917 -0.9688646793 0.1960532665 0.1512096077
-346.8 -448.6 2509.0 0.7777172923 -0.5359709263 -0.3284675479 -0.2076734155 0.2741216421 -0.9390043020 0.5933191180 0.7984938622 0.1018822342
-143.0 -552.8 2205.5 0.7777172923 0.4651912451 -0.4227917790 -0.2076734155 0.8249506354 0.5256692171 0.5933191180 -0.3210194707 0.7381862402
-288.6 -480.8 2679.8 0.5022568107 -0.8482147455 -0.1681363881 -0.1492839456 0.1064670086 -0.9830458164 0.8517349362 0.5188415051 -0.0731510669
61.1 -524.7 2465.9 0.5022568107 0.5354721546 -0.6789754033 -0.1492839456 0.8271027207 0.5418629050 0.8517349362 -0.1707942039 0.4953553677
-43.8 -222.1 2516.8 0 0 0 0 0 0 0 0 0
-52.2 -155.2 2730.2 0 0 0 0 0 0 0 0 0
-320.8 -868.0 2328.1 0 0 0 0 0 0 0 0 0
-142.8 -839.7 2530.9 0 0 0 0 0 0 0 0 0
-268.3 127.2 2695.7 24 0.3303546607 0.0886373520 -0.9396857023 -0.2034917027 0.9788558483 0.0207928624 0.9216598868 0.1843492240 0.3414065540
-286.3 -71.5 2658.3 0.3303546607 0.0886373520 -0.9396857023 -0.2034917027 0.9788558483 0.0207928624 0.9216598868 0.1843492240 0.3414065540
-302.9 -267.0 2627.2 0.3328116834 0.0835376233 -0.9392858148 -0.1754785031 0.9841567874 0.0253520496 0.9265223742 0.1563870162 0.3421979249
-334.9 -45.8 2523.0 -0.3833335936 0.3707817495 -0.8459174037 0.7894241214 0.6069616675 -0.0916903839 0.4794423282 -0.7029355764 -0.5253728628
-238.9 -243.6 2402.9 -0.8443357944 0.3707817495 0.3868048787 -0.0949320570 0.6069616675 -0.7890408635 -0.5273376703 -0.7029355764 -0.4772803783
-237.7 -97.1 2793.6 0.3063994348 0.3343201280 -0.8912628293 -0.2912342846 0.9243219495 0.2465999871 0.9062571526 0.1840082109 0.3805772066
-127.7 -201.6 3118.9 0.1944073439 0.3343201280 0.9221907854 0.1234083697 0.9243219495 -0.3611084819 -0.9731270075 0.1840082109 0.1384370774
-348.9 -447.7 2504.8 0.7702288032 -0.5475572348 -0.3269994259 -0.2030065656 0.2755654156 -0.9396020770 0.6045956612 0.7900916338 0.1010907218
-141.6 -552.0 2205.7 0.7702288032 0.4705376625 -0.4305135012 -0.2030065656 0.8208053112 0.5339166522 0.6045956612 -0.3238409162 0.7277301550
-290.7 -481.1 2675.4 0.4921245277 -0.8560844660 -0.1579013616 -0.1410447061 0.1005771011 -0.9848810434 0.8590226173 0.5069552660 -0.0712497234
60.5 -522.4 2467.4 0.4921245277 0.5284742117 -0.6917575598 -0.1410447061 0.8325499892 0.5356929302 0.8590226173 -0.1660588831 0.4842567444
-15.7 -218.5 2542.2 0 0 0 0 0 0 0 0 0
-49.9 -152.3 2729.5 0 0 0 0 0 0 0 0 0
-321.4 -865.6 2329.4 0 0 0 0 0 0 0 0 0
-141.1 -840.0 2530.8 0 0 0 0 0 0 0 0 0
-268.8 125.1 2695.7 25 0.3553620577 0.0832583234 -0.9310133457 -0.2015742660 0.9794153571 0.0106471423 0.9127352238 0.1838847399 0.3648298085
-285.8 -74.3 2658.3 0.3553620577 0.0832583234 -0.9310133457 -0.2015742660 0.9794153571 0.0106471423 0.9127352238 0.1838847399 0.3648298085
-301.6 -269.7 2626.0 0.3571296334 0.0792535767 -0.9306864738 -0.1802244037 0.9835172296 0.0145954480 0.9165028930 0.1625199467 0.3655265570
-338.0 -48.0 2524.5 -0.4680910110 0.3989129364 -0.7885171175 0.7791768312 0.6072512865 -0.1553361863 0.4168624580 -0.6871057749 -0.5950725675
-218.7 -246.5 2418.3 -0.8135883212 0.3989129364 0.4230159521 -0.1112810597 0.6072512865 -0.7866780758 -0.5706930757 -0.6871057749 -0.4496611059
