-21.7 21.2 2821.2 6 0.2370829582 0.4007878602 -0.8849636912 -0.1686195135 0.9140851498 0.3688031733 0.9567440152 0.0617852025 0.2842946649
-100.5 -158.5 2809.1 0.2370829582 0.4007878602 -0.8849636912 -0.1686195135 0.9140851498 0.3688031733 0.9567440152 0.0617852025 0.2842946649
-183.4 -338.9 2799.3 0.2399995327 0.4168137312 -0.8767362833 -0.1621209085 0.9076581001 0.3871351182 0.9571400285 0.0492250398 0.2854117453
-134.3 -135.7 2674.4 -0.6224943995 0.1796772480 -0.7617196441 0.6284676790 0.6947894692 -0.3497083783 0.4664001465 -0.6964076757 -0.5454238653
16.9 -288.3 2561.2 -0.9178780913 0.1796772480 0.3538585305 -0.1362423003 0.6947894692 -0.7061909437 -0.3727436066 -0.6964076757 -0.6132524014
-66.8 -181.3 2943.7 0.7337400913 0.2164372802 -0.6440344453 -0.6702736020 0.3856860697 -0.6340185404 0.1111698598 0.8968841434 0.4280655384
106.4 -339.5 2970.0 0.9759712219 0.2164372802 0.0251996797 -0.0617631041 0.3856860697 -0.9205604792 -0.2089627683 0.8968841434 0.3897863328
-286.3 -503.6 2697.3 0.8552209139 -0.5035496950 -0.1226167902 -0.1159873456 0.0446260273 -0.9922477007 0.5051179528 0.8628129363 -0.0202402808
-85.3 -521.4 2352.9 0.8552209139 0.2063013762 -0.4754334092 -0.1159873456 0.9702780843 0.2123849392 0.5051179528 -0.1264917850 0.8537304401
-244.2 -534.2 2877.3 0.2417377681 -0.9688581824 0.0536350347 0.0494335070 -0.0429062434 -0.9978553653 0.9690816402 0.2438707054 0.0375219956
131.4 -517.6 2782.8 0.2417377681 0.0377916656 -0.9696053863 0.0494335070 0.9974641204 0.0512020402 0.9690816402 -0.0603084601 0.2392565757
255.4 -252.9 2658.0 0 0 0 0 0 0 0 0 0
360.1 -355.5 2915.7 0 0 0 0 0 0 0 0 0
-164.1 -892.4 2401.3 0 0 0 0 0 0 0 0 0
116.9 -898.9 2805.8 0 0 0 0 0 0 0 0 0
-21.1 20.7 2809.5 7 0.2558941841 0.4196179509 -0.8708840013 -0.1440962106 0.9073715210 0.3948585391 0.9559050202 0.0244490746 0.2926564515
-103.8 -158.3 2804.7 0.2558941841 0.4196179509 -0.8708840013 -0.1440962106 0.9073715210 0.3948585391 0.9559050202 0.0244490746 0.2926564515
-189.6 -337.5 2800.8 0.2562645078 0.4315496683 -0.8649238944 -0.1433090568 0.9018779993 0.4075273573 0.9559241533 0.0195166338 0.2929643095
-139.9 -138.1 2670.2 -0.6433320642 0.1711202413 -0.7462182641 0.6202930212 0.6878039241 -0.3770441413 0.4487319887 -0.7054385543 -0.5486310124
16.9 -289.3 2560.8 -0.9138146639 0.1711202413 0.3683214188 -0.1568681747 0.6878039241 -0.7087440491 -0.3746133745 -0.7054385543 -0.6016820073
-67.8 -178.5 2939.1 0.7254743576 0.2398166507 -0.6451162100 -0.6788884997 0.4034153223 -0.6134871244 0.1131253317 0.8830311894 0.4554762542
103.5 -338.7 2965.8 0.9706414938 0.2398166507 0.0185231082 -0.0822810680 0.4034153223 -0.9113100171 -0.2260198146 0.8830311894 0.4113040268
-288.2 -504.5 2701.7 0.8587663174 -0.4994595349 -0.1142830849 -0.1084943712 0.0407275856 -0.9932624102 0.5007488728 0.8653793335 -0.0192130730
-86.3 -520.9 2351.9 0.8587663174 0.1999062896 -0.4717604518 -0.1084943712 0.9708159566 0.2138816565 0.5007488728 -0.1324909925 0.8553926945
-251.8 -529.9 2884.6 0.2613071203 -0.9644717574 0.0388948694 0.0686267242 -0.0216298699 -0.9974079132 0.9628130198 0.2632990181 0.0605364963
122.0 -521.5 2782.6 0.2613071203 0.0515858755 -0.9638763070 0.0686267242 0.9950510859 0.0718590468 0.9628130198 -0.0849249512 0.2564737499
254.3 -248.5 2658.2 0 0 0 0 0 0 0 0 0
355.7 -360.1 2907.1 0 0 0 0 0 0 0 0 0
-162.8 -892.1 2402.6 0 0 0 0 0 0 0 0 0
102.3 -901.7 2815.0 0 0 0 0 0 0 0 0 0
-20.2 24.9 2805.1 8 0.2359289229 0.4267248809 -0.8730655313 -0.1197275445 0.9043471813 0.4096602499 0.9643665552 0.0078792945 0.2644523680
-104.3 -153.5 2803.6 0.2359289229 0.4267248809 -0.8730655313 -0.1197275445 0.9043471813 0.4096602499 0.9643665552 0.0078792945 0.2644523680
-191.6 -332.0 2803.5 0.2376206517 0.4387792945 -0.8666078448 -0.1162034795 0.8985948563 0.4231123328 0.9643822908 0.0001626198 0.2645123899
-137.8 -137.1 2668.0 -0.6281596422 0.1635158360 -0.7607088685 0.6365350485 0.6702558994 -0.3815496266 0.4474802315 -0.7238919735 -0.5251113176
13.6 -290.6 2560.1 -0.9222676158 0.1635158360 0.3502641618 -0.1566640139 0.6702558994 -0.7254056931 -0.3533819616 -0.7238919735 -0.5925382972
-70.9 -169.8 2939.2 0.7176329494 0.2269417048 -0.6584075093 -0.6807507277 0.4280216396 -0.5944543481 0.1469061673 0.8748113513 0.4616531432
98.4 -330.4 2973.9 0.9739019871 0.2269417048 0.0035174768 -0.0964934304 0.4280216396 -0.8986025453 -0.2054359466 0.8748113513 0.4387494922
-298.8 -503.5 2709.3 0.8511019349 -0.5115322471 -0.1181536093 -0.1119726747 0.0430088118 -0.9927800894 0.5129206777 0.8581870794 -0.0206727479
-85.8 -521.4 2352.0 0.8511019349 0.2049017698 -0.4833639860 -0.1119726747 0.9703549147 0.2141807824 0.5129206777 -0.1281661093 0.8488143682
-257.0 -521.2 2891.9 0.2442089766 -0.9692729115 0.0295302812 0.0955572352 -0.0062506995 -0.9954043031 0.9650030136 0.2459084988 0.0910945609
118.7 -518.8 2796.6 0.2442089766 0.0619603060 -0.9677411318 0.0955572352 0.9915620089 0.0875992700 0.9650030136 -0.1138671935 0.2362275869
253.3 -249.9 2651.9 0 0 0 0 0 0 0 0 0
351.5 -355.5 2920.5 0 0 0 0 0 0 0 0 0
-164.2 -892.4 2401.0 0 0 0 0 0 0 0 0 0
95.0 -897.6 2840.1 0 0 0 0 0 0 0 0 0
-21.2 20.4 2812.5 9 0.2180594951 0.4321165085 -0.8750573397 -0.1280930340 0.9015501738 0.4132789671 0.9674927592 0.0219693482 0.2519426644
-106.5 -157.7 2808.1 0.2180594951 0.4321165085 -0.8750573397 -0.1280930340 0.9015501738 0.4132789671 0.9674927592 0.0219693482 0.2519426644
-194.7 -335.8 2805.9 0.2211853713 0.4434925616 -0.8685570359 -0.1216751263 0.8962065578 0.4266250432 0.9676116109 0.0113185700 0.2521897852
-137.7 -140.6 2672.0 -0.6273840070 0.1463455409 -0.7648348212 0.6219516397 0.6851856709 -0.3790735602 0.4685781300 -0.7135149240 -0.5208943486
12.5 -289.5 2559.9 -0.9249374270 0.1463455409 0.3508186340 -0.1610157639 0.6851856709 -0.7103481889 -0.3443321884 -0.7135149240 -0.6101899147
-75.4 -174.8 2944.2 0.7114141583 0.2150765508 -0.6690530777 -0.6853594780 0.4229415655 -0.5927924514 0.1554745883 0.8802627325 0.4482913613
92.5 -336.6 2980.9 0.9765600562 0.2150765508 -0.0085140970 -0.1009992585 0.4229415655 -0.9005107284 -0.1900777817 0.8802627325 0.4347504079
-300.6 -499.9 2715.1 0.8502858281 -0.5126003027 -0.1193941608 -0.1094595119 0.0496618338 -0.9927498698 0.5148131847 0.8571899533 -0.0138822263
-84.5 -520.8 2353.8 0.8502858281 0.2052427828 -0.4846539199 -0.1094595119 0.9696569443 0.2185956091 0.5148131847 -0.1328187585 0.8469513059
-262.5 -525.1 2892.3 0.2290634066 -0.9731487036 0.0226186011 0.0900140554 -0.0019604531 -0.9959385395 0.9692406654 0.2301690727 0.0871479884
114.7 -524.3 2803.1 0.2290634066 0.0689606071 -0.9709656835 0.0900140554 0.9917127490 0.0916695967 0.9692406654 -0.1083987057 0.2209576666
252.9 -247.6 2649.3 0 0 0 0 0 0 0 0 0
346.3 -362.8 2931.5 0 0 0 0 0 0 0 0 0
-163.0 -891.5 2404.6 0 0 0 0 0 0 0 0 0
88.3 -903.3 2844.5 0 0 0 0 0 0 0 0 0
-20.1 19.8 2805.1 0 0.2337482572 0.4394226074 -0.8673347235 -0.1158065498 0.8982794285 0.4238902330 0.9653759003 0.0013594365 0.2608592808
-106.7 -157.2 2804.9 0.2337482572 0.4394226074 -0.8673347235 -0.1158065498 0.8982794285 0.4238902330 0.9653759003 0.0013594365 0.2608592808
-195.9 -334.8 2805.5 0.2344508171 0.4491538405 -0.8621448278 -0.1143899336 0.8934486508 0.4343551993 0.9653744102 -0.0032142429 0.2608484328
-139.7 -141.1 2669.0 -0.6383734941 0.1669247895 -0.7514089346 0.6157306433 0.6965494156 -0.3683676720 0.4619037211 -0.6978216767 -0.5474393964
15.1 -290.4 2557.1 -0.9003973603 0.1669247895 0.4017719924 -0.1807100475 0.6965494156 -0.6943794489 -0.3957631588 -0.6978216767 -0.5970062613
-73.7 -173.3 2940.7 0.7093008161 0.2305173129 -0.6661487222 -0.6884565949 0.4295037985 -0.5844262242 0.1513930410 0.8731485009 0.4633485675
93.8 -335.8 2976.4 0.9730367661 0.2305173129 -0.0078235669 -0.1089595333 0.4295037985 -0.8964676857 -0.2032910734 0.8731485009 0.4430400431
-303.1 -502.8 2714.9 0.8478753567 -0.5177602768 -0.1141564250 -0.1079270169 0.0422558486 -0.9932603836 0.5190945268 0.8544815779 -0.0200526305
-85.7 -520.5 2356.0 0.8478753567 0.2005777210 -0.4907911718 -0.1079270169 0.9715917110 0.2106211632 0.5190945268 -0.1256108582 0.8454364538
-263.7 -522.9 2894.7 0.2437158227 -0.9696858525 0.0176619012 0.0973349810 0.0063364808 -0.9952315092 0.9649500251 0.2442727834 0.0959286541
112.2 -525.3 2800.0 0.2437158227 0.0734238774 -0.9670633674 0.0973349810 0.9902439117 0.0997138694 0.9649500251 -0.1184309423 0.2341914028
248.8 -243.5 2659.8 0 0 0 0 0 0 0 0 0
346.6 -364.1 2923.6 0 0 0 0 0 0 0 0 0
-162.4 -892.0 2404.0 0 0 0 0 0 0 0 0 0
84.1 -903.8 2845.2 0 0 0 0 0 0 0 0 0
-23.5 20.5 2812.0 1 0.2208180428 0.4224338830 -0.8790841699 -0.1331816167 0.9059507847 0.4018903077 0.9661790729 0.0283332169 0.2563107014
-106.8 -158.2 2806.4 0.2208180428 0.4224338830 -0.8790841699 -0.1331816167 0.9059507847 0.4018903077 0.9661790729 0.0283332169 0.2563107014
-193.1 -337.2 2802.3 0.2227256596 0.4339469075 -0.8729738593 -0.1291572452 0.9007081985 0.4147809148 0.9662875533 0.0203685537 0.2566581964
-138.2 -140.0 2670.4 -0.6290481091 0.1569797695 -0.7613513470 0.6153824925 0.6989787817 -0.3643254638 0.4749766886 -0.6977005005 -0.5362938643
14.5 -289.4 2555.1 -0.8998646140 0.1569797695 0.4069411159 -0.1898636520 0.6989787817 -0.6894783974 -0.3926773667 -0.6977005005 -0.5991814733
-75.5 -176.4 2942.3 0.7186831236 0.2107997686 -0.6626145244 -0.6792857647 0.4164229333 -0.6042870283 0.1485443264 0.8843954802 0.4424694180
94.2 -336.7 2977.4 0.9775286913 0.2107997686 0.0010374162 -0.0888395235 0.4164229333 -0.9048201442 -0.1911678761 0.8843954802 0.4257927239
-306.7 -501.9 2717.6 0.8458597064 -0.5217212439 -0.1110327840 -0.1046154276 0.0418532230 -0.9936316609 0.5230458379 0.8520887494 -0.0191781316
-85.6 -519.6 2356.5 0.8458597064 0.1938953549 -0.4969164133 -0.1046154276 0.9738034606 0.2018971145 0.5230458379 -0.1187915206 0.8439855576
-258.8 -528.0 2886.9 0.2283070385 -0.9730257988 0.0331166349 0.0828040391 -0.0144854095 -0.9964605570 0.9700615406 0.2302411497 0.0772633478
118.3 -522.4 2797.7 0.2283070385 0.0581648499 -0.9718501568 0.0828040391 0.9934368730 0.0789091289 0.9700615406 -0.0984886289 0.2219923437
246.7 -240.4 2656.4 0 0 0 0 0 0 0 0 0
348.2 -359.8 2927.7 0 0 0 0 0 0 0 0 0
-159.7 -891.9 2401.9 0 0 0 0 0 0 0 0 0
96.1 -902.0 2835.3 0 0 0 0 0 0 0 0 0
-22.0 20.0 2815.9 2 0.2526562512 0.4127555192 -0.8750987053 -0.1612458676 0.9097564816 0.3825479746 0.9540254474 0.0444529094 0.2964107692
-103.4 -159.6 2807.1 0.2526562512 0.4127555192 -0.8750987053 -0.1612458676 0.9097564816 0.3825479746 0.9540254474 0.0444529094 0.2964107692
-187.7 -339.4 2799.9 0.2546467185 0.4236896038 -0.8692768216 -0.1569271088 0.9051004052 0.3951798379 0.9542164207 0.0357818529 0.2969692349
-139.3 -137.6 2673.0 -0.6248543262 0.1585627347 -0.7644703388 0.6128970385 0.7061827183 -0.3544900119 0.4836468399 -0.6900462508 -0.5384439230
14.7 -288.6 2553.8 -0.8949818611 0.1585627347 0.4169716835 -0.1923509389 0.7061827183 -0.6814008355 -0.4025029540 -0.6900462508 -0.6015210152
-67.6 -181.6 2941.2 0.7310519814 0.2333841473 -0.6411667466 -0.6743411422 0.3904276788 -0.6267617345 0.1040529981 0.8905605674 0.4428034425
104.8 -340.7 2965.8 0.9720503092 0.2333841473 0.0254958328 -0.0696616173 0.3904276788 -0.9179942608 -0.2241995782 0.8905605674 0.3957732618
-299.7 -504.3 2709.7 0.8491114378 -0.5176469684 -0.1051255837 -0.1003465503 0.0373149589 -0.9942525625 0.5185945630 0.8547802567 -0.0202595275
-85.8 -519.7 2356.5 0.8491114378 0.1985866576 -0.4894620478 -0.1003465503 0.9704070091 0.2196380198 0.5185945630 -0.1373813301 0.8439111710
-248.6 -533.6 2880.2 0.2576529384 -0.9650594592 0.0476991385 0.0544476658 -0.0347863212 -0.9979104996 0.9647022486 0.2597116828 0.0435824357
125.3 -520.2 2779.6 0.2576529384 0.0438444428 -0.9652422667 0.0544476658 0.9967238307 0.0598082021 0.9647022486 -0.0679649487 0.2544216216
244.9 -239.1 2657.3 0 0 0 0 0 0 0 0 0
357.3 -358.7 2907.5 0 0 0 0 0 0 0 0 0
-161.8 -890.6 2409.0 0 0 0 0 0 0 0 0 0
108.6 -900.9 2805.6 0 0 0 0 0 0 0 0 0
-22.2 20.3 2817.3 3 0.2305690348 0.4240186214 -0.8758116961 -0.1589524150 0.9043855667 0.3960061371 0.9599854350 0.0479056314 0.2759220898
-105.9 -158.3 2807.9 0.2305690348 0.4240186214 -0.8758116961 -0.1589524150 0.9043855667 0.3960061371 0.9599854350 0.0479056314 0.2759220898
-192.7 -336.9 2800.6 0.2337349951 0.4365696013 -0.8687778115 -0.1523182988 0.8989368677 0.4107452631 0.9602953196 0.0363252200 0.2766105235
-138.8 -136.9 2672.8 -0.6148555279 0.1623095721 -0.7717566490 0.6273694634 0.6936368346 -0.3539427519 0.4778705239 -0.7018002272 -0.5283144712
12.6 -291.4 2555.1 -0.9067574739 0.1623095721 0.3891613185 -0.1756547242 0.6936368346 -0.6985795498 -0.3833227754 -0.7018002272 -0.6004499197
-73.0 -179.7 2942.9 0.7185451984 0.2221794724 -0.6590364575 -0.6843514442 0.3947154880 -0.6130765080 0.1239188910 0.8915357590 0.4356697500
96.5 -341.1 2972.1 0.9749981761 0.2221794724 0.0038495674 -0.0863348544 0.3947154880 -0.9147381783 -0.2047555298 0.8915357590 0.4040287137
-295.3 -504.9 2705.3 0.8502230644 -0.5141057968 -0.1132078841 -0.1116798595 0.0340027623 -0.9931623340 0.5144398808 0.8570525646 -0.0285053272
-86.1 -518.7 2356.5 0.8502230644 0.2033749223 -0.4855506420 -0.1116798595 0.9710481763 0.2111706883 0.5144398808 -0.1253159642 0.8483204246
-258.1 -529.5 2881.4 0.2398823798 -0.9702878594 0.0315889381 0.0590374619 -0.0178985260 -0.9980952740 0.9690051675 0.2412904054 0.0529897958
117.9 -522.6 2787.9 0.2398823798 0.0601146519 -0.9689389467 0.0590374619 0.9953303337 0.0763680562 0.9690051675 -0.0755230486 0.2352131903
247.0 -246.0 2654.2 0 0 0 0 0 0 0 0 0
349.7 -363.5 2918.9 0 0 0 0 0 0 0 0 0
-163.8 -889.9 2404.4 0 0 0 0 0 0 0 0 0
94.9 -902.9 2816.7 0 0 0 0 0 0 0 0 0
-22.6 16.5 2807.6 4 0.2865338922 0.4038283229 -0.8688043356 -0.1739231199 0.9136849642 0.3673289716 0.9421513081 0.0458529741 0.3320367932
-101.7 -162.4 2798.6 0.2865338922 0.4038283229 -0.8688043356 -0.1739231199 0.9136849642 0.3673289716 0.9421513081 0.0458529741 0.3320367932
-183.8 -343.2 2790.8 0.2882344127 0.4129073322 -0.8639609218 -0.1701260656 0.9099804759 0.3781437576 0.9423258901 0.0379882231 0.3325339854
-142.2 -138.6 2666.2 -0.6262544394 0.1663347185 -0.7616680264 0.6354771852 0.6748742461 -0.3751179874 0.4516350031 -0.7189419270 -0.5283449292
8.5 -291.6 2557.5 -0.9215974212 0.1663347185 0.3507006764 -0.1529100835 0.6748742461 -0.7219163775 -0.3567586243 -0.7189419270 -0.5965281129
-61.2 -186.2 2930.9 0.7424681187 0.2577800453 -0.6182965040 -0.6664773226 0.3771921396 -0.6430661082 0.0674469844 0.8895366788 0.4518576860
113.7 -343.2 2946.8 0.9648855329 0.2577800453 0.0504513197 -0.0524236150 0.3771921396 -0.9246501327 -0.2573861778 0.8895366788 0.3774610162
-301.0 -501.6 2705.3 0.8485594392 -0.5181840062 -0.1069216058 -0.0954467431 0.0488494225 -0.9942352176 0.5204198360 0.8538730145 -0.0080073373
-88.2 -521.7 2354.7 0.8485594392 0.1940780431 -0.4922200739 -0.0954467431 0.9711838961 0.2183844894 0.5204198360 -0.1383314133 0.8426313400
-239.4 -539.5 2869.4 0.2888432741 -0.9553648829 0.0620281920 0.0402199067 -0.0526235960 -0.9978041649 0.9565311670 0.2907038033 0.0232247151
130.2 -519.2 2756.9 0.2888432741 0.0290427413 -0.9569357634 0.0402199067 0.9982892275 0.0424378589 0.9565311670 -0.0507457592 0.2871810496
247.3 -252.0 2650.0 0 0 0 0 0 0 0 0 0
364.0 -356.7 2880.0 0 0 0 0 0 0 0 0 0
-162.4 -892.9 2407.6 0 0 0 0 0 0 0 0 0
119.1 -900.4 2776.3 0 0 0 0 0 0 0 0 0
-22.9 19.9 2824.2 5 0.2800506353 0.3851766884 -0.8793238997 -0.2046532184 0.9188746214 0.3373225927 0.9379172325 0.0854890570 0.3361590803
-98.6 -160.6 2807.4 0.2800506353 0.3851766884 -0.8793238997 -0.2046532184 0.9188746214 0.3373225927 0.9379172325 0.0854890570 0.3361590803
-177.4 -342.4 2793.3 0.2841136456 0.3967022598 -0.8728727102 -0.1951221824 0.9152607322 0.3524558842 0.9387261271 0.0701792911 0.3374434710
-138.6 -133.2 2675.5 -0.6081027389 0.1519635171 -0.7791779041 0.6407237053 0.6734462976 -0.3687047362 0.4687048197 -0.7234480977 -0.5068911314
11.3 -291.1 2560.0 -0.9325080514 0.1519635171 0.3276214302 -0.1449318081 0.6734462976 -0.7248895168 -0.3307922184 -0.7234480977 -0.6059697866
-58.6 -188.0 2939.3 0.7537048459 0.2444594651 -0.6100562215 -0.6551108956 0.3536382616 -0.6676598787 0.0525234416 0.9028729200 0.4266869128
119.1 -342.4 2951.7 0.9675745368 0.2444594651 0.0635538101 -0.0279354509 0.3536382616 -0.9349650145 -0.2510361075 0.9028729200 0.3490004539
-292.2 -508.5 2696.8 0.8527957201 -0.5134464502 -0.0954577550 -0.0925144404 0.0313669965 -0.9952171445 0.5139849186 0.8575481772 -0.0207515676
-87.0 -521.1 2354.0 0.8527957201 0.1973242909 -0.4835313261 -0.0925144404 0.9683084488 0.2319908887 0.5139849186 -0.1531072110 0.8440247178
-230.2 -542.0 2865.3 0.2808200121 -0.9565019608 0.0790197626 0.0152883129 -0.0778642669 -0.9968467355 0.9596386552 0.2811425924 -0.0072425432
140.2 -511.9 2756.4 0.2808200121 0.0115178833 -0.9596913457 0.0152883129 0.9997474551 0.0164722111 0.9596386552 -0.0192977879 0.2805729806
253.2 -253.5 2645.8 0 0 0 0 0 0 0 0 0
370.3 -349.7 2886.5 0 0 0 0 0 0 0 0 0
-162.4 -891.2 2412.5 0 0 0 0 0 0 0 0 0
135.8 -893.6 2763.8 0 0 0 0 0 0 0 0 0
7.5 0.2 2831.4 6 0.2817457616 0.5026502609 -0.8172894716 -0.2545680106 0.8604297638 0.4414247274 0.9251024127 0.0836862028 0.3703810871
-91.0 -168.5 2815.0 0.2817457616 0.5026502609 -0.8172894716 -0.2545680106 0.8604297638 0.4414247274 0.9251024127 0.0836862028 0.3703810871
-191.1 -337.7 2800.0 0.2836668491 0.5072104335 -0.8138001561 -0.2512983978 0.8583210707 0.4473634064 0.9254092574 0.0776045024 0.3709383905
-130.5 -133.2 2684.9 -0.5918843150 0.1668654233 -0.7885612845 0.6281476617 0.7085468173 -0.3215461075 0.5050776601 -0.6856510639 -0.5241938829
14.7 -287.3 2561.1 -0.9321334362 0.1668654233 0.3213770390 -0.1132992581 0.7085468173 -0.6965089440 -0.3439339399 -0.6856510639 -0.6415544152
-51.6 -203.8 2945.1 0.6690611839 0.3131177425 -0.6740285158 -0.7430278659 0.3017424047 -0.5973785520 0.0163331795 0.9005047679 0.4345393479
105.0 -377.6 2948.9 0.9489194155 0.3131177425 -0.0388490632 -0.1381867379 0.3017424047 -0.9433217645 -0.2836483717 0.9005047679 0.3295979500
-300.2 -496.7 2697.2 0.8446975946 -0.5247625709 -0.1054048240 -0.0835943893 0.0651705116 -0.9943665266 0.5286756158 0.8487502933 0.0111821648
-88.6 -523.0 2355.0 0.8446975946 0.1855766773 -0.5020430684 -0.0835943893 0.9722008109 0.2187179178 0.5286756158 -0.1427825093 0.8367288709
-265.4 -530.0 2869.7 0.3100929558 -0.9497599006 -0.0424085632 -0.0411305055 0.0311634336 -0.9986676574 0.9498161077 0.3114241064 -0.0294005424
100.2 -542.0 2749.8 0.3100929558 0.1331521869 -0.9413356781 -0.0411305055 0.9910954237 0.1266415864 0.9498161077 -0.0005530543 0.3128083348
256.6 -257.8 2650.3 0 0 0 0 0 0 0 0 0
349.8 -413.3 2875.7 0 0 0 0 0 0 0 0 0
-159.5 -894.6 2409.6 0 0 0 0 0 0 0 0 0
49.7 -917.8 2750.1 0 0 0 0 0 0 0 0 0
-10.4 18.9 2814.1 7 0.4308516085 0.3216191232 -0.8431654572 -0.1892225146 0.9457620382 0.2640624642 0.8823614717 0.0457741581 0.4683406949
-76.7 -176.0 2804.7 0.4308516085 0.3216191232 -0.8431654572 -0.1892225146 0.9457620382 0.2640624642 0.8823614717 0.0457741581 0.4683406949
-189.5 -337.6 2793.0 0.3633927107 0.5716726780 -0.7356195450 -0.3224152327 0.8179777265 0.4764041305 0.8740676045 0.0640531555 0.4815631211
-126.8 -130.6 2682.6 -0.5823425651 0.1733668596 -0.7942424417 0.6449803710 0.6932425499 -0.3215822279 0.4948509336 -0.6995418072 -0.5155228376
14.4 -286.9 2562.6 -0.9408824444 0.1733668596 0.2910054624 -0.0932943150 0.6932425499 -0.7146404386 -0.3256323338 -0.6995418072 -0.6360855699
-26.6 -221.5 2926.7 0.6108762026 0.4284362197 -0.6657872796 -0.7859860659 0.2270957530 -0.5750246644 -0.0951639339 0.8745684028 0.4754723012
115.8 -404.6 2904.6 0.9010544419 0.4284362197 -0.0674041510 -0.1795822680 0.2270957530 -0.9571717381 -0.3947798312 0.8745684028 0.2815651894
-325.8 -479.2 2702.1 0.8173439503 -0.5628014803 -0.1233017519 -0.0757735819 0.1071466729 -0.9913516045 0.5711454749 0.8196182847 0.0449302047
-88.2 -524.4 2356.1 0.8173439503 0.1927045435 -0.5429675579 -0.0757735819 0.9701744914 0.2302604318 0.5711454749 -0.1470593810 0.8075681925
-269.6 -528.9 2861.0 0.4078757763 -0.9061703682 -0.1117703989 -0.1143136322 0.0707701892 -0.9909207821 0.9058530331 0.4169494510 -0.0747221857
78.0 -556.0 2701.1 0.4078757763 0.2036804706 -0.8900290132 -0.1143136322 0.9785217047 0.1715449691 0.9058530331 0.0317734107 0.4223987460
258.7 -262.7 2647.2 0 0 0 0 0 0 0 0 0
347.3 -450.7 2803.1 0 0 0 0 0 0 0 0 0
-161.9 -895.3 2412.3 0 0 0 0 0 0 0 0 0
0.7 -927.5 2689.0 0 0 0 0 0 0 0 0 0
-16.2 17.8 2826.9 8 0.2649663091 0.3746514022 -0.8884982467 -0.2031495124 0.9224404097 0.3283808529 0.9426150322 0.0934881344 0.3205258846
-91.4 -167.3 2808.2 0.2649663091 0.3746514022 -0.8884982467 -0.2031495124 0.9224404097 0.3283808529 0.9426150322 0.0934881344 0.3205258846
-192.8 -336.0 2790.2 0.2395754904 0.5151056647 -0.8229640126 -0.2537693977 0.8514052033 0.4590319097 0.9371257424 0.0988702774 0.3346938789
-123.8 -131.3 2678.4 -0.5897316337 0.1797427237 -0.7873430848 0.6480701566 0.6870589256 -0.3285652995 0.4818938673 -0.7040188909 -0.5216662884
17.3 -286.4 2563.1 -0.9414348006 0.1797427237 0.2852946520 -0.0874155983 0.6870589256 -0.7213242054 -0.3256670237 -0.7040188909 -0.6311088800
-59.0 -203.4 2937.9 0.6522322893 0.2749502659 -0.7063960433 -0.7564139962 0.2966917157 -0.5829338431 0.0493040271 0.9145361781 0.4014881551
92.2 -378.7 2949.4 0.9594005346 0.2749502659 -0.0628725886 -0.1468654871 0.2966917157 -0.9436125159 -0.2407927364 0.9145361781 0.3250268996
-329.9 -473.4 2697.8 0.8056597710 -0.5760258436 -0.1382264495 -0.0865141153 0.1164247617 -0.9894243479 0.5860270262 0.8090979457 0.0439643823
-87.2 -522.4 2357.0 0.8056597710 0.1954883188 -0.5591928363 -0.0865141153 0.9726868868 0.2153961509 0.5860270262 -0.1251579374 0.8005672097
-273.0 -528.1 2856.8 0.2672628462 -0.9624524713 -0.0474957526 -0.0397213325 0.0382434092 -0.9984786510 0.9628046751 0.2687428296 -0.0280088540
93.4 -542.6 2754.5 0.2672628462 0.1498573273 -0.9518998861 -0.0397213325 0.9887073040 0.1444994360 0.9628046751 -0.0008085976 0.2701972425
261.9 -263.7 2647.7 0 0 0 0 0 0 0 0 0
336.7 -416.2 2888.0 0 0 0 0 0 0 0 0 0
-162.0 -894.2 2404.9 0 0 0 0 0 0 0 0 0
36.4 -918.5 2754.8 0 0 0 0 0 0 0 0 0
-19.3 16.6 2822.9 9 0.2649739981 0.3924979270 -0.8807577491 -0.1948244870 0.9163609147 0.3497515023 0.9443686604 0.0789181218 0.3192799985
-97.3 -165.4 2807.2 0.2649739981 0.3924979270 -0.8807577491 -0.1948244870 0.9163609147 0.3497515023 0.9443686604 0.0789181218 0.3192799985
-190.2 -339.5 2792.6 0.2531908453 0.4709025025 -0.8450711370 -0.2193227410 0.8787299395 0.4239472449 0.9422271252 0.0780037567 0.3257659972
-132.1 -134.4 2675.7 -0.6210613251 0.1702676415 -0.7650436163 0.6336162686 0.6836106777 -0.3622247875 0.4613168538 -0.7097079158 -0.5324485302
17.7 -287.3 2564.4 -0.9472098351 0.1702676415 0.2716659904 -0.0850160345 0.6836106777 -0.7248783708 -0.3091371059 -0.7097079158 -0.6330473423
-62.4 -196.3 2938.7 0.6931946278 0.2609319091 -0.6718599200 -0.7179723978 0.3317534029 -0.6119275689 0.0632203817 0.9065617323 0.4173115790
99.5 -364.0 2953.4 0.9652202725 0.2609319091 -0.0162594635 -0.1054759175 0.3317534029 -0.9374510646 -0.2392167598 0.9065617323 0.3477371335
-312.7 -483.0 2685.6 0.8168711066 -0.5627318025 -0.1267064512 -0.0881578252 0.0952865034 -0.9915385246 0.5700436831 0.8211293221 0.0282275770
-87.0 -521.2 2356.1 0.8168711066 0.1904967278 -0.5444562435 -0.0881578252 0.9740341306 0.2085323334 0.5700436831 -0.1223459616 0.8124541044
-260.5 -533.8 2863.6 0.2694753110 -0.9630072713 -0.0001476938 -0.0062178439 -0.0015865555 -0.9999794364 0.9629872441 0.2694706619 -0.0064153662
109.3 -533.1 2760.2 0.2694753110 0.0969817191 -0.9581114650 -0.0062178439 0.9950705767 0.0989739746 0.9629872441 -0.0207136553 0.2687499821
263.9 -265.2 2644.7 0 0 0 0 0 0 0 0 0
347.7 -391.2 2891.9 0 0 0 0 0 0 0 0 0
-159.8 -893.5 2402.9 0 0 0 0 0 0 0 0 0
72.3 -911.9 2768.1 0 0 0 0 0 0 0 0 0
-21.6 17.6 2831.3 0 0.2159336209 0.4027332366 -0.8894822001 -0.1832572669 0.9115013480 0.3682147563 0.9590565562 0.0834941342 0.2706275880
-101.4 -163.1 2814.8 0.2159336209 0.4027332366 -0.8894822001 -0.1832572669 0.9115013480 0.3682147563 0.9590565562 0.0834941342 0.2706275880
-190.6 -339.7 2801.3 0.2150876969 0.4502777159 -0.8665952086 -0.1850438714 0.8900800943 0.4165526927 0.9589035511 0.0707627758 0.2747664154
-131.2 -137.0 2680.6 -0.6207780242 0.1634812206 -0.7667519450 0.6182719469 0.7034425735 -0.3505827785 0.4820522666 -0.6916953325 -0.5377575755
18.9 -286.4 2564.1 -0.9494229555 0.1634812206 0.2680857778 -0.0783442035 0.7034425735 -0.7064210176 -0.3040695488 -0.6916953325 -0.6550567150
-71.6 -189.2 2949.0 0.7040489912 0.2134933174 -0.6773002148 -0.7006289363 0.3644827306 -0.6134096384 0.1159053892 0.9064065814 0.4061933160
93.5 -353.5 2976.1 0.9768269062 0.2134933174 -0.0151603883 -0.0940391496 0.3644827306 -0.9264496565 -0.1922651082 0.9064065814 0.3761132658
-304.7 -494.3 2691.2 0.8286488652 -0.5454030037 -0.1260023713 -0.1062327549 0.0677815676 -0.9920283556 0.5495958924 0.8354287744 -0.0017725417
-84.7 -521.6 2354.3 0.8286488652 0.2039570361 -0.5212893486 -0.1062327549 0.9716337919 0.2112874389 0.5495958924 -0.1197050959 0.8268101811
-260.4 -533.3 2875.3 0.2254605591 -0.9740916491 0.0176927391 0.0278896093 -0.0116997594 -0.9995425344 0.9738529921 0.2258508652 0.0245292000
115.1 -528.8 2788.2 0.2254605591 0.0785668865 -0.9710791707 0.0278896093 0.9958140254 0.0870433822 0.9738529921 -0.0467078686 0.2223255932
265.6 -266.1 2643.1 0 0 0 0 0 0 0 0 0
345.8 -377.8 2926.5 0 0 0 0 0 0 0 0 0
-162.7 -893.1 2400.1 0 0 0 0 0 0 0 0 0
85.1 -908.5 2806.0 0 0 0 0 0 0 0 0 0
-23.1 16.5 2826.0 1 0.2177935690 0.4082453251 -0.8865109682 -0.1821241975 0.9093605280 0.3740243614 0.9588517547 0.0799949989 0.2724042237
-103.5 -162.6 2810.3 0.2177935690 0.4082453251 -0.8865109682 -0.1821241975 0.9093605280 0.3740243614 0.9588517547 0.0799949989 0.2724042237
-189.4 -341.0 2795.7 0.2168155313 0.4329148233 -0.8749718666 -0.1842260659 0.8983325958 0.3988224268 0.9586718678 0.0747217238 0.2745266557
-133.8 -136.6 2675.7 -0.6327960491 0.1636355072 -0.7568305731 0.6175631881 0.6962748766 -0.3658100963 0.4671026170 -0.6988738775 -0.5416552424
19.0 -285.8 2562.9 -0.9518374205 0.1636355072 0.2592854202 -0.0747618154 0.6962748766 -0.7138711214 -0.2973485887 -0.6988738775 -0.6505067945
-73.2 -188.6 2944.8 0.7178557515 0.2048427016 -0.6653740406 -0.6867431402 0.3652765453 -0.6284559369 0.1143109202 0.9080817699 0.4028901756
95.6 -350.1 2971.7 0.9787945747 0.2048427016 0.0007940122 -0.0756926313 0.3652765453 -0.9278166294 -0.1903464943 0.9080817699 0.3730357885
-298.6 -499.8 2699.8 0.8406966925 -0.5263879895 -0.1270621419 -0.1171965301 0.0522148311 -0.9917351604 0.5286719799 0.8486396670 -0.0177940112
-85.0 -520.9 2355.4 0.8406966925 0.2073466033 -0.5002363920 -0.1171965301 0.9715617299 0.2057493031 0.5286719799 -0.1143467799 0.8410890102
-255.6 -536.3 2868.9 0.2227078378 -0.9742434025 0.0353695937 0.0279403217 -0.0298872441 -0.9991626740 0.9744847417 0.2235095948 0.0205645505
121.0 -524.7 2782.5 0.2227078378 0.0586755238 -0.9731178880 0.0279403217 0.9973928928 0.0665336475 0.9744847417 -0.0420067906 0.2204878032
266.5 -266.3 2640.2 0 0 0 0 0 0 0 0 0
349.2 -369.7 2922.4 0 0 0 0 0 0 0 0 0
-164.2 -892.4 2399.1 0 0 0 0 0 0 0 0 0
98.6 -905.5 2798.5 0 0 0 0 0 0 0 0 0
-25.2 19.6 2834.4 2 0.2153380960 0.4149195254 -0.8840086460 -0.1883979738 0.9058913589 0.3792980313 0.9581939578 0.0848681182 0.2732429206
-107.2 -159.4 2817.6 0.2153380960 0.4149195254 -0.8840086460 -0.1883979738 0.9058913589 0.3792980313 0.9581939578 0.0848681182 0.2732429206
-193.5 -337.7 2803.0 0.2171337754 0.4347200096 -0.8739973903 -0.1845865995 0.8974907994 0.4005472064 0.9585304856 0.0743558705 0.2751190662
-137.6 -133.4 2682.9 -0.6281028390 0.1458104998 -0.7643468380 0.6157340407 0.6937322617 -0.3736403883 0.4757713675 -0.7053189874 -0.5255156755
18.7 -286.7 2564.5 -0.9557478428 0.1458104998 0.2555100322 -0.0853535607 0.6937322617 -0.7151575685 -0.2815330327 -0.7053189874 -0.6505876780
-76.7 -185.4 2952.4 0.7168754935 0.2062822282 -0.6659858823 -0.6878961921 0.3648143411 -0.6274625659 0.1135268137 0.9079416990 0.4034272134
92.2 -347.5 2979.1 0.9784914851 0.2062822282 -0.0014226888 -0.0782578737 0.3648143411 -0.9277856350 -0.1908666790 0.9079416990 0.3731109500
-294.7 -502.7 2693.2 0.8433665633 -0.5243831873 -0.1172821000 -0.1092397794 0.0463859849 -0.9929325581 0.5261173248 0.8502179980 -0.0181631092
-87.2 -521.0 2356.8 0.8433665633 0.1942845136 -0.5009853244 -0.1092397794 0.9748679996 0.1941625178 0.5261173248 -0.1090226546 0.8433946967
-260.0 -533.0 2876.2 0.2232779860 -0.9742093682 0.0326050110 0.0271051284 -0.0272312686 -0.9992616177 0.9743778706 0.2239968926 0.0203259271
117.2 -522.5 2789.5 0.2232779860 0.0602378957 -0.9728917480 0.0271051284 0.9973190427 0.0679709539 0.9743778706 -0.0415467732 0.2210466415
267.1 -264.5 2637.7 0 0 0 0 0 0 0 0 0
346.2 -367.8 2929.6 0 0 0 0 0 0 0 0 0
-161.5 -893.7 2398.4 0 0 0 0 0 0 0 0 0
94.2 -903.5 2805.3 0 0 0 0 0 0 0 0 0
-24.9 18.9 2837.6 3 0.2540184557 0.4147779047 -0.8737470508 -0.2120085359 0.9052867889 0.3681143820 0.9436773658 0.0917339921 0.3178960085
-107.0 -160.1 2819.5 0.2540184557 0.4147779047 -0.8737470508 -0.2120085359 0.9052867889 0.3681143820 0.9436773658 0.0917339921 0.3178960085
-193.1 -338.5 2803.5 0.2557593286 0.4334653020 -0.8641151786 -0.2083085030 0.8975570202 0.3885858953 0.9440311193 0.0806180686 0.3198530674
-142.9 -130.9 2686.8 -0.6192234159 0.1559554487 -0.7695714831 0.6160659194 0.7041653991 -0.3530068994 0.4868522286 -0.6926969290 -0.5321145654
13.2 -286.2 2564.1 -0.9493441582 0.1559554487 0.2728067935 -0.0868287981 0.7041653991 -0.7047069669 -0.3020040095 -0.6926969290 -0.6549538970
-71.1 -189.4 2952.1 0.7237758636 0.2403805405 -0.6468119025 -0.6867936850 0.3416996598 -0.6415261626 0.0668050274 0.9085474610 0.4124058187
99.5 -351.2 2967.8 0.9705243707 0.2403805405 0.0173094347 -0.0679147467 0.3416996598 -0.9373520613 -0.2312358171 0.9085474610 0.3479532599
-299.5 -499.2 2700.4 0.8421799541 -0.5255435705 -0.1205687970 -0.1078081056 0.0549695492 -0.9926508665 0.5283088684 0.8489890099 -0.0103636021
-86.4 -521.5 2356.1 0.8421799541 0.2022465616 -0.4998291731 -0.1078081056 0.9714310169 0.2114217430 0.5283088684 -0.1241695285 0.8399236202
-255.9 -536.0 2874.0 0.2614364922 -0.9644849300 0.0376799628 0.0024462610 -0.0383754596 -0.9992604256 0.9652175903 0.2613353133 -0.0076733641
117.5 -521.1 2772.8 0.2614364922 0.0545876063 -0.9636758566 0.0024462610 0.9983588457 0.0572158806 0.9652175903 -0.0173157230 0.2608739138
260.0 -263.6 2642.6 0 0 0 0 0 0 0 0 0
351.3 -368.9 2907.8 0 0 0 0 0 0 0 0 0
-163.7 -892.8 2403.6 0 0 0 0 0 0 0 0 0
96.7 -902.6 2779.4 0 0 0 0 0 0 0 0 0
-27.5 18.9 2841.2 4 0.2888734937 0.4003170431 -0.8696541786 -0.2363311797 0.9100864530 0.3404265046 0.9277390242 0.1071861982 0.3575072587
-106.6 -160.9 2820.0 0.2888734937 0.4003170431 -0.8696541786 -0.2363311797 0.9100864530 0.3404265046 0.9277390242 0.1071861982 0.3575072587
-189.1 -340.7 2801.0 0.2911460102 0.4149463177 -0.8620055318 -0.2312721461 0.9048425555 0.3574537337 0.9283034205 0.0952866450 0.3594067991
-147.5 -128.5 2689.6 -0.6049828529 0.1591823697 -0.7801645398 0.6240279078 0.7033643126 -0.3403936028 0.4945552051 -0.6927767396 -0.5248576403
6.2 -287.1 2563.9 -0.9470231533 0.1591823697 0.2789410949 -0.0894794762 0.7033643126 -0.7051752210 -0.3084486723 -0.6927767396 -0.6518587470
-65.7 -193.4 2950.4 0.7414635420 0.2616021633 -0.6178964972 -0.6706397533 0.3188074529 -0.6697791815 0.0217743330 0.9110028148 0.4118249118
109.0 -351.4 2955.5 0.9638687372 0.2616021633 0.0502127595 -0.0371883921 0.3188074529 -0.9470896721 -0.2637689114 0.9110028148 0.3170171082
-302.6 -497.9 2701.0 0.8379436135 -0.5309693813 -0.1261821836 -0.1102371365 0.0617704056 -0.9919839501 0.5345074534 0.8451366425 -0.0067724311
-85.7 -523.1 2355.7 0.8379436135 0.2083708495 -0.5044125915 -0.1102371365 0.9698156118 0.2174981236 0.5345074534 -0.1266461760 0.8356210589
-245.0 -541.6 2867.0 0.2923165560 -0.9544124603 0.0603975952 -0.0217253584 -0.0697673410 -0.9973266721 0.9560748339 0.2902229428 -0.0411291011
124.5 -514.6 2754.7 0.2923165560 0.0310179926 -0.9558184743 -0.0217253584 0.9994313121 0.0257890727 0.9560748339 0.0132269263 0.2928242087
252.4 -263.8 2644.1 0 0 0 0 0 0 0 0 0
359.1 -361.0 2887.1 0 0 0 0 0 0 0 0 0
-165.3 -893.8 2404.2 0 0 0 0 0 0 0 0 0
112.6 -896.3 2749.6 0 0 0 0 0 0 0 0 0
-24.2 20.4 2830.5 5 0.3555881679 0.4120243192 -0.8389236927 -0.2347444892 0.9081868529 0.3465424776 0.9046834111 0.0737063065 0.4196609259
-105.8 -159.5 2815.9 0.3555881679 0.4120243192 -0.8389236927 -0.2347444892 0.9081868529 0.3465424776 0.9046834111 0.0737063065 0.4196609259
-190.1 -338.8 2802.3 0.3550391793 0.4250767529 -0.8326205015 -0.2359320223 0.9025567174 0.3601770103 0.9045901299 0.0685648993 0.4207322001
-155.6 -126.3 2689.0 -0.6206194758 0.1540778130 -0.7688247561 0.6175602674 0.7002317309 -0.3581827283 0.4831674695 -0.6970908046 -0.5297297835
4.2 -285.4 2564.6 -0.9460523725 0.1540778130 0.2850349844 -0.0989751741 0.7002317309 -0.7070215344 -0.3085268736 -0.6970908046 -0.6472060084
-56.0 -192.6 2942.8 0.7370520234 0.3273710012 -0.5912550688 -0.6750336885 0.3139837682 -0.6676403880 -0.0329216011 0.8912028074 0.4524088502
117.6 -351.6 2935.0 0.9424771667 0.3273710012 0.0675649270 -0.0410632305 0.3139837682 -0.9485399127 -0.3317387700 0.8912028074 0.3093654513
-298.3 -499.4 2697.0 0.8377091885 -0.5312872529 -0.1264005452 -0.1128954068 0.0579816476 -0.9919136763 0.5343200564 0.8452052474 -0.0114081362
-85.0 -522.6 2357.6 0.8377091885 0.2080336213 -0.5049408674 -0.1128954068 0.9705985785 0.2125864923 0.5343200564 -0.1210801527 0.8365654349
-242.0 -539.8 2871.4 0.3594320714 -0.9316927195 0.0525091849 -0.0260712467 -0.0662736669 -0.9974608421 0.9328069687 0.3571504354 -0.0481112711
118.1 -514.2 2733.4 0.3594320714 0.0363626927 -0.9324625134 -0.0260712467 0.9992417693 0.0289172791 0.9328069687 0.0139166629 0.3601075411
250.2 -259.6 2644.8 0 0 0 0 0 0 0 0 0
361.7 -362.2 2849.1 0 0 0 0 0 0 0 0 0
-164.5 -893.7 2403.9 0 0 0 0 0 0 0 0 0
104.2 -896.1 2728.1 0 0 0 0 0 0 0 0 0
-24.5 16.8 2814.1 6 0.4126275182 0.4261740446 -0.8050553799 -0.2311034352 0.9038639069 0.3600295186 0.8810957670 0.0374929905 0.4714494050
-109.2 -162.9 2806.7 0.4126275182 0.4261740446 -0.8050553799 -0.2311034352 0.9038639069 0.3600295186 0.8810957670 0.0374929905 0.4714494050
-194.6 -342.1 2798.7 0.4104542136 0.4308322966 -0.8036857843 -0.2356817722 0.9015248418 0.3629147410 0.8808980584 0.0404542126 0.4715739787
-166.8 -129.7 2683.2 -0.6538965702 0.1575785875 -0.7399920821 0.6010997891 0.7021600604 -0.3816415370 0.4594543278 -0.6943631768 -0.5538605452
0.7 -283.7 2565.5 -0.9474976659 0.1575785875 0.2782393694 -0.0906129330 0.7021600604 -0.7062298059 -0.3066552877 -0.6943631768 -0.6510163546
-51.6 -196.0 2930.2 0.7315855026 0.3836287558 -0.5635704398 -0.6772607565 0.3142544925 -0.6652532816 -0.0781057477 0.8683738112 0.4897207320
120.7 -355.5 2911.8 0.9196442366 0.3836287558 0.0841633603 -0.0443047173 0.3142544925 -0.9483043551 -0.3902455568 0.8683738112 0.3059988916
-306.9 -496.6 2706.0 0.8336092830 -0.5364362597 -0.1316500157 -0.1156067625 0.0636197701 -0.9912555814 0.5401209593 0.8415394425 -0.0089816283
-83.6 -523.1 2355.7 0.8336092830 0.2105076760 -0.5106682777 -0.1156067625 0.9705465436 0.2113634795 0.5401209593 -0.1171578467 0.8333926797
-242.4 -542.9 2871.2 0.4172795713 -0.9075784683 0.0466811471 -0.0256116651 -0.0630909950 -0.9976791143 0.9084172249 0.4151155353 -0.0495711789
108.2 -518.5 2710.8 0.4172795713 0.0393627025 -0.9079253078 -0.0256116651 0.9991740584 0.0315477140 0.9084172249 0.0100892624 0.4179430604
247.0 -260.1 2645.2 0 0 0 0 0 0 0 0 0
358.9 -367.0 2810.7 0 0 0 0 0 0 0 0 0
-164.1 -894.1 2400.5 0 0 0 0 0 0 0 0 0
93.2 -900.4 2707.0 0 0 0 0 0 0 0 0 0
-21.1 18.8 2817.5 7 0.4330330491 0.4009702504 -0.8072826266 -0.2392626852 0.9146134257 0.3259380460 0.8690429926 0.0520106591 0.4919950664
-100.3 -161.8 2807.2 0.4330330491 0.4009702504 -0.8072826266 -0.2392626852 0.9146134257 0.3259380460 0.8690429926 0.0520106591 0.4919950664
-180.9 -343.0 2797.2 0.4325242043 0.4063550234 -0.8048592210 -0.2404141873 0.9123378992 0.3314220905 0.8689786196 0.0501514971 0.4923017323
-161.0 -128.0 2685.1 -0.6354686022 0.1601059139 -0.7553448081 0.6090326309 0.7052604556 -0.3628869057 0.4746145010 -0.6906328797 -0.5456806421
-1.2 -281.2 2565.8 -0.9575893879 0.1601059139 0.2395592481 -0.0588279553 0.7052604556 -0.7065033317 -0.2820670307 -0.6906328797 -0.6659312844
-39.5 -195.5 2929.2 0.7490959167 0.3901237249 -0.5354052186 -0.6542790532 0.3090589941 -0.6902183890 -0.1037987620 0.8673442006 0.4867646396
137.0 -349.7 2904.8 0.9134232998 0.3901237249 0.1160229519 -0.0112063149 0.3090589941 -0.9509768486 -0.4068565667 0.8673442006 0.2866735458
-317.5 -499.6 2710.2 0.8304370642 -0.5456040502 -0.1126520187 -0.0999326110 0.0530439056 -0.9935792685 0.5480763912 0.8363627195 -0.0104740094
-86.6 -522.1 2356.2 0.8304370642 0.1964073330 -0.5213428736 -0.0999326110 0.9731320143 0.2074307054 0.5480763912 -0.1201589927 0.8277524114
-221.9 -546.3 2866.7 0.4339471757 -0.8979644775 0.0731412098 -0.0311246309 -0.0960769579 -0.9948871732 0.9004005194 0.4294520020 -0.0696411356
125.4 -509.2 2700.6 0.4339471757 0.0119696008 -0.9008588195 -0.0311246309 0.9995140433 -0.0017124346 0.9004005194 0.0287820026 0.4341088533
247.5 -265.9 2639.0 0 0 0 0 0 0 0 0 0
373.9 -352.6 2799.3 0 0 0 0 0 0 0 0 0
-161.7 -894.1 2402.1 0 0 0 0 0 0 0 0 0
120.8 -891.0 2689.6 0 0 0 0 0 0 0 0 0
-18.5 18.5 2829.1 8 0.4185482860 0.3924140632 -0.8190412521 -0.2630450428 0.9155589938 0.3042351902 0.8692667484 0.0881076232 0.4864282310
-96.1 -162.6 2811.7 0.4185482860 0.3924140632 -0.8190412521 -0.2630450428 0.9155589938 0.3042351902 0.8692667484 0.0881076232 0.4864282310
-175.8 -343.8 2795.9 0.4197504520 0.4014056921 -0.8140534759 -0.2602767050 0.9124561548 0.3157210946 0.8695203066 0.0793550685 0.4874804318
-155.1 -126.0 2689.5 -0.6223695874 0.1466066986 -0.7688709497 0.6145955324 0.6998137236 -0.3640508950 0.4846941531 -0.6991188526 -0.5256466269
1.4 -280.6 2567.6 -0.9656306505 0.1466066986 0.2146250457 -0.0520969890 0.6998137236 -0.7124230862 -0.2546435595 -0.6991188526 -0.6681238413
-37.1 -199.2 2933.9 0.7538905740 0.3748033345 -0.5396030545 -0.6480677128 0.2892587483 -0.7045122981 -0.1079686731 0.8808245063 0.4609673917
140.7 -352.0 2908.4 0.9198660851 0.3748033345 0.1156234667 0.0024624926 0.2892587483 -0.9572477937 -0.3922247589 0.8808245063 0.2651563585
-301.2 -502.3 2707.6 0.8461899757 -0.5208986998 -0.1123699099 -0.1046728641 0.0442862324 -0.9935201406 0.5224998593 0.8524689078 -0.0170493945
-87.5 -520.5 2358.0 0.8461899757 0.1930275261 -0.4966919124 -0.1046728641 0.9741374850 0.2002492994 0.5224998593 -0.1174587905 0.8445101380
-217.0 -549.0 2859.8 0.4195838571 -0.9043142200 0.0785188600 -0.0515885353 -0.1101186574 -0.9925786853 0.9062494040 0.4124193192 -0.0928562582
133.1 -506.4 2700.1 0.4195838571 0.0067173042 -0.9076917171 -0.0515885353 0.9985328317 -0.0164574236 0.9062494040 0.0537317581 0.4193147719
252.2 -267.0 2633.7 0 0 0 0 0 0 0 0 0
379.5 -351.4 2806.6 0 0 0 0 0 0 0 0 0
-161.3 -892.9 2402.9 0 0 0 0 0 0 0 0 0
130.6 -887.9 2679.6 0 0 0 0 0 0 0 0 0
-20.4 17.7 2834.9 9 0.3924623132 0.3929304779 -0.8316122890 -0.2550297081 0.9151914120 0.3120649457 0.8837042451 0.0896121114 0.4593870938
-98.1 -163.4 2817.2 0.3924623132 0.3929304779 -0.8316122890 -0.2550297081 0.9151914120 0.3120649457 0.8837042451 0.0896121114 0.4593870938
-179.2 -344.2 2801.0 0.3924496770 0.4079001546 -0.8243790269 -0.2550585568 0.9093972445 0.3285450041 0.8837015033 0.0813275278 0.4609310627
-153.3 -127.6 2693.0 -0.6226933599 0.1412438899 -0.7696123719 0.6055152416 0.7099421620 -0.3596295118 0.4955848157 -0.6899508834 -0.5276015997
3.2 -279.8 2568.4 -0.9683614969 0.1412438899 0.2057332098 -0.0457561947 0.7099421620 -0.7027719617 -0.2453209311 -0.6899508834 -0.6810178757
-42.9 -199.3 2941.4 0.7502645850 0.3525851667 -0.5592734218 -0.6562830806 0.2948540449 -0.6945168376 -0.0799723044 0.8881130815 0.4526142180
