153.6 24.9 2655.8  0.3187387288 0.1308687478 -0.9387646317 -0.1750448495 0.9815137982 0.0773952305 0.9315389991 0.1396570504 0.3357543349
127.9 -168.1 2628.3 0.3187387288 0.1308687478 -0.9387646317 -0.1750448495 0.9815137982 0.0773952305 0.9315389991 0.1396570504 0.3357543349
101.2 -358.8 2604.0 0.3202815652 0.1374396831 -0.9372993708 -0.1637510061 0.9825580120 0.0881212950 0.9330623150 0.1252600849 0.3372010887
84.3 -145.8 2501.3 -0.6895554066 0.1777192503 -0.7020891905 0.7051632404 0.3857501447 -0.5949299335 0.1651005000 -0.9053246379 -0.3913171589
242.0 -307.1 2463.5 -0.9313912988 0.1777192503 0.3176886737 -0.2310573906 0.3857501447 -0.8932017088 -0.2812875807 -0.9053246379 -0.3182209730
171.5 -190.4 2755.4 0.9000666738 0.3388617039 -0.2739574611 -0.4355975389 0.7164332867 -0.5449570417 0.0116071831 0.6098328829 0.7924450636
386.5 -294.5 2758.2 0.8798309565 0.3388617039 0.3332720697 -0.0117015289 0.7164332867 -0.6975575089 -0.4751427174 0.6098328829 0.6343053579
40.7 -535.5 2494.4 0.7795746326 -0.6255407333 0.0310195442 0.0426634066 0.0036260027 -0.9990829229 0.6248545647 0.7801830769 0.0295144394
253.4 -536.8 2229.2 0.7795746326 -0.0752395391 -0.6217736006 0.0426634066 0.9968314171 -0.0671334863 0.6248545647 0.0258085765 0.7803144455
110.2 -567.6 2656.2 0.4446163177 -0.8593665957 -0.2525972128 0.1035719290 0.3294369876 -0.9384797215 0.8897129893 0.3911014199 0.2354793102
443.7 -695.5 2504.4 0.4446163177 -0.5316617489 -0.7208689451 0.1035719290 0.8299087882 -0.5482009053 0.8897129893 0.1690772772 0.4240562320
474.6 -249.4 2533.7 0 0 0 0 0 0 0 0 0
631.4 -297.7 2625.9 0 0 0 0 0 0 0 0 0
272.4 -789.0 2222.6 0 0 0 0 0 0 0 0 0
642.1 -1005.1 2441.4 0 0 0 0 0 0 0 0 0
151.1 28.5 2656.9  0.3548355401 0.1159793586 -0.9277071357 -0.1761344522 0.9828004241 0.0554978959 0.9181875587 0.1437085569 0.3691604733
128.3 -164.7 2628.6 0.3548355401 0.1159793586 -0.9277071357 -0.1761344522 0.9828004241 0.0554978959 0.9181875587 0.1437085569 0.3691604733
104.2 -355.5 2603.0 0.3557976484 0.1241229475 -0.9262837172 -0.1682554930 0.9834532738 0.0671545938 0.9192921519 0.1319588870 0.3707947433
79.8 -141.8 2503.3 -0.6950424910 0.1780457199 -0.6965742111 0.6899994016 0.4374346435 -0.5766730309 0.2020315379 -0.8814480305 -0.4268871248
240.7 -301.5 2456.6 -0.9310441017 0.1780457199 0.3185225427 -0.2150658667 0.4374346435 -0.8731538057 -0.2947940826 -0.8814480305 -0.3689793944
176.8 -187.6 2753.9 0.9076875448 0.3471909463 -0.2357154638 -0.4188956320 0.7160329223 -0.5584114194 -0.0250953641 0.6056032777 0.7953709364
393.8 -287.7 2747.9 0.8625760674 0.3471909463 0.3679958284 0.0095773963 0.7160329223 -0.6980007887 -0.5058366656 0.6056032777 0.6143077016
45.8 -534.9 2496.4 0.7860448956 -0.6177968979 0.0214566234 0.0323468186 0.0064440286 -0.9994559288 0.6173225045 0.7863112688 0.0250490606
255.3 -537.1 2229.8 0.7860448956 -0.0620186217 -0.6150504947 0.0323468186 0.9977180362 -0.0592651293 0.6173225045 0.0266901255 0.7862572670
103.0 -564.1 2663.0 0.4266929030 -0.8627371788 -0.2713257968 0.0469436124 0.3207308650 -0.9460063577 0.9031774402 0.3909171820 0.1773535758
437.9 -688.6 2511.3 0.4266929030 -0.5332363844 -0.7304739356 0.0469436124 0.8196617961 -0.5709210634 0.9031774402 0.2093168944 0.3747758865
473.9 -247.6 2530.4 0 0 0 0 0 0 0 0 0
634.1 -285.0 2607.0 0 0 0 0 0 0 0 0 0
270.9 -788.9 2223.0 0 0 0 0 0 0 0 0 0
636.8 -994.3 2433.2 0 0 0 0 0 0 0 0 0
150.8 27.1 2655.9  0.3901419044 0.1141132712 -0.9136561155 -0.1729098409 0.9837166071 0.0490291156 0.9043735266 0.1388518065 0.4035203755
128.5 -165.9 2628.7 0.3901419044 0.1141132712 -0.9136561155 -0.1729098409 0.9837166071 0.0490291156 0.9043735266 0.1388518065 0.4035203755
106.4 -357.1 2604.0 0.3914470673 0.1136136129 -0.9131599665 -0.1616242081 0.9854109287 0.0533189923 0.9058955908 0.1267171949 0.4040989280
75.1 -143.9 2505.1 -0.7188447118 0.1831507385 -0.6706101894 0.6644273400 0.4647179842 -0.5852977633 0.2044468969 -0.8663100004 -0.4557504356
241.4 -297.6 2457.8 -0.9314714670 0.1831507385 0.3143512905 -0.1997452229 0.4647179842 -0.8626349568 -0.3040769398 -0.8663100004 -0.3962880373
181.9 -187.9 2752.2 0.9125139713 0.3579716682 -0.1979255825 -0.4049384594 0.7221620083 -0.5608091354 -0.0578194484 0.5918938518 0.8039394021
400.1 -284.7 2738.4 0.8433663845 0.3579716682 0.4007361531 0.0219894666 0.7221620083 -0.6913743615 -0.5368888378 0.5918938518 0.6011755466
48.2 -531.4 2495.1 0.7896610498 -0.6132293344 0.0196277592 0.0352045968 0.0133487666 -0.9992909431 0.6125324965 0.7897921205 0.0321294926
256.6 -535.9 2226.7 0.7896610498 -0.0561887622 -0.6109650135 0.0352045968 0.9983065724 -0.0463102013 0.6125324965 0.0150605850 0.7903019190
111.8 -561.4 2659.5 0.4168697596 -0.8555636406 -0.3069697618 0.0193433631 0.3459866345 -0.9380400181 0.9087603688 0.3851026893 0.1607808471
443.9 -695.7 2510.0 0.4168697596 -0.5304912925 -0.7381047010 0.0193433631 0.8170201182 -0.5762845874 0.9087603688 0.2259581983 0.3508524895
474.8 -247.6 2534.0 0 0 0 0 0 0 0 0 0
635.1 -278.6 2588.8 0 0 0 0 0 0 0 0 0
270.8 -787.9 2222.9 0 0 0 0 0 0 0 0 0
641.8 -1000.5 2425.7 0 0 0 0 0 0 0 0 0
154.3 28.8 2656.4  0.3796797395 0.1346615553 -0.9152647257 -0.1852015704 0.9803854227 0.0674154013 0.9063904881 0.1439121962 0.3971720040
127.8 -164.5 2628.1 0.3796797395 0.1346615553 -0.9152647257 -0.1852015704 0.9803854227 0.0674154013 0.9063904881 0.1439121962 0.3971720040
103.2 -355.3 2602.3 0.3814837039 0.1266937554 -0.9156521559 -0.1716494113 0.9830440283 0.0645049438 0.9082987905 0.1325635612 0.3967621922
75.7 -141.1 2504.1 -0.7094343901 0.1833045036 -0.6805162430 0.6812855005 0.4255616665 -0.5956066847 0.1804242432 -0.8861696720 -0.4267907739
243.5 -302.3 2461.4 -0.9292198420 0.1833045036 0.3208580911 -0.2192144543 0.4255616665 -0.8779762387 -0.2974819243 -0.8861696720 -0.3552573621
179.8 -187.9 2752.0 0.9071324468 0.3632427454 -0.2125216275 -0.4175957739 0.7142916918 -0.5616059303 -0.0521968454 0.5981990695 0.7996457815
397.0 -287.9 2739.5 0.8480587602 0.3632427454 0.3858122528 0.0123887733 0.7142916918 -0.6997385025 -0.5297573805 0.5981990695 0.6012611389
49.3 -534.0 2498.4 0.7928646207 -0.6090816259 0.0196285192 0.0303171072 0.0072541684 -0.9995139837 0.6086432338 0.7930743694 0.0242171660
259.6 -536.5 2224.5 0.7928646207 -0.0431137420 -0.6078708172 0.0303171072 0.9990496635 -0.0313148908 0.6086432338 0.0063995835 0.7934182286
119.4 -562.8 2660.4 0.4195578098 -0.8470910788 -0.3262023032 0.0139494436 0.3653354347 -0.9307714105 0.9076214433 0.3859620690 0.1650957912
448.1 -704.6 2510.6 0.4195578098 -0.5388348699 -0.7304986119 0.0139494436 0.8084867001 -0.5883491039 0.9076214433 0.2366564274 0.3467233479
477.0 -247.2 2536.2 0 0 0 0 0 0 0 0 0
633.5 -284.4 2591.8 0 0 0 0 0 0 0 0 0
270.4 -786.3 2222.9 0 0 0 0 0 0 0 0 0
649.1 -1006.3 2422.3 0 0 0 0 0 0 0 0 0
155.0 31.3 2655.2  0.3875845671 0.1358849853 -0.9117639661 -0.1834780276 0.9806581140 0.0681574047 0.9033902884 0.1408718973 0.4050198495
128.1 -162.5 2627.4 0.3875845671 0.1358849853 -0.9117639661 -0.1834780276 0.9806581140 0.0681574047 0.9033902884 0.1408718973 0.4050198495
103.4 -353.4 2601.8 0.3891986609 0.1272782385 -0.9123182893 -0.1714332104 0.9831134081 0.0640208274 0.9050607681 0.1314848363 0.4044461548
75.0 -139.1 2503.8 -0.6945521235 0.1994528323 -0.6912423372 0.6978965998 0.4201621413 -0.5800035596 0.1747504920 -0.8852583766 -0.4310219586
241.7 -306.6 2461.8 -0.9340615273 0.1994528323 0.2962222397 -0.1915777475 0.4201621413 -0.8869959116 -0.3013752103 -0.8852583766 -0.3542465568
181.3 -185.9 2750.9 0.9069368243 0.3677721620 -0.2054487616 -0.4170091450 0.7146072388 -0.5616403222 -0.0597404912 0.5950462818 0.8014680147
398.4 -285.8 2736.6 0.8435887098 0.3677721620 0.3912821114 0.0128653031 0.7146072388 -0.6994075775 -0.5368356705 0.5950462818 0.5981031060
44.5 -530.8 2495.2 0.7859930396 -0.6179946065 0.0172515213 0.0378755890 0.0202823076 -0.9990766048 0.6170740724 0.7859206796 0.0393486619
254.8 -537.7 2227.8 0.7859930396 -0.0625422969 -0.6150637269 0.0378755890 0.9978724122 -0.0530665070 0.6170740724 0.0184140038 0.7866895795
112.7 -561.5 2657.8 0.4076510668 -0.8514302969 -0.3299804032 0.0108440192 0.3658582568 -0.9306074381 0.9130733609 0.3757847846 0.1583754271
443.2 -703.5 2512.0 0.4076510668 -0.5593912005 -0.7217354774 0.0108440192 0.7933005095 -0.6087337136 0.9130733609 0.2403244376 0.3294558525
477.1 -258.3 2537.8 0 0 0 0 0 0 0 0 0
633.9 -282.2 2586.8 0 0 0 0 0 0 0 0 0
270.4 -786.2 2223.2 0 0 0 0 0 0 0 0 0
651.9 -999.5 2422.3 0 0 0 0 0 0 0 0 0
152.9 30.2 2655.6  0.4104779661 0.1292050332 -0.9026704431 -0.1839538515 0.9812919497 0.0568079464 0.8931230903 0.1427312940 0.4265664816
127.5 -163.2 2627.5 0.4104779661 0.1292050332 -0.9026704431 -0.1839538515 0.9812919497 0.0568079464 0.8931230903 0.1427312940 0.4265664816
103.0 -354.0 2601.4 0.4116905630 0.1258765608 -0.9025884867 -0.1746163219 0.9829597473 0.0574389175 0.8944383860 0.1339596212 0.4266553521
71.3 -139.3 2505.3 -0.6878476143 0.2144333869 -0.6934580207 0.7044120431 0.4277031124 -0.5664572120 0.1751268208 -0.8781163692 -0.4452440143
237.6 -309.7 2463.0 -0.9330535531 0.2144333869 0.2888414562 -0.1761627644 0.4277031124 -0.8865871429 -0.3136522770 -0.8781163692 -0.3612947166
183.7 -187.0 2749.6 0.9071517587 0.3786807954 -0.1835117638 -0.4123540521 0.7129996419 -0.5670940876 -0.0839038119 0.5901122093 0.8029494286
400.9 -285.7 2729.5 0.8303474188 0.3786807954 0.4088080227 0.0199035592 0.7129996419 -0.7008818984 -0.5568904281 0.5901122093 0.5845003128
43.9 -528.8 2495.2 0.7817445993 -0.6235561967 0.0072792643 0.0268733930 0.0220240951 -0.9993962049 0.6230193973 0.7814682126 0.0339742899
257.7 -536.4 2227.2 0.7817445993 -0.0513365008 -0.6214820147 0.0268733930 0.9984531999 -0.0486723073 0.6230193973 0.0213479847 0.7819150090
113.6 -559.5 2657.3 0.4179056287 -0.8498027921 -0.3212321699 0.0326244868 0.3673986793 -0.9294911623 0.9079044461 0.3779595494 0.1812623441
443.4 -702.2 2510.6 0.4179056287 -0.5556147695 -0.7187817097 0.0326244868 0.7998502851 -0.5993122458 0.9079044461 0.2270060778 0.3523885906
474.0 -265.1 2542.4 0 0 0 0 0 0 0 0 0
632.6 -280.2 2574.1 0 0 0 0 0 0 0 0 0
270.6 -787.2 2221.8 0 0 0 0 0 0 0 0 0
650.8 -1000.6 2425.9 0 0 0 0 0 0 0 0 0
154.3 22.5 2646.3 0 0.4006560743 0.1437617391 -0.9048796892 -0.1618462503 0.9831879139 0.0845417678 0.9018206596 0.1125792116 0.4171875119
126.0 -170.9 2624.1 0.4006560743 0.1437617391 -0.9048796892 -0.1618462503 0.9831879139 0.0845417678 0.9018206596 0.1125792116 0.4171875119
98.4 -361.8 2602.9 0.4011967778 0.1424681842 -0.9048447013 -0.1581306905 0.9837716818 0.0847821087 0.9022393227 0.1090694144 0.4172146022
71.2 -149.3 2500.9 -0.7099232078 0.2236021757 -0.6678406596 0.6840838790 0.4443853796 -0.5784037113 0.1674462855 -0.8674812317 -0.4684421420
236.0 -308.1 2462.1 -0.9226655960 0.2236021757 0.3141500652 -0.1903555095 0.4443853796 -0.8753778934 -0.3353400826 -0.8674812317 -0.3674551845
180.9 -192.5 2747.3 0.9003465772 0.3863949776 -0.2001873255 -0.4302947521 0.7217739820 -0.5421150327 -0.0649805292 0.5742309690 0.8161104918
396.4 -295.5 2731.8 0.8351756930 0.3863949776 0.3913828433 -0.0096130921 0.7217739820 -0.6920620799 -0.5498992801 0.5742309690 0.6065225005
41.7 -529.1 2495.3 0.7820310593 -0.6231198907 0.0122082355 0.0366188437 0.0263854191 -0.9989809394 0.6221627593 0.7816811204 0.0434521474
253.4 -538.1 2229.8 0.7820310593 -0.0728868619 -0.6189628243 0.0366188437 0.9967958927 -0.0711129159 0.6221627593 0.0329468027 0.7821943760
115.5 -560.4 2655.5 0.4229554236 -0.8479618430 -0.3194830418 0.0344111659 0.3673477769 -0.9294468760 0.9054968953 0.3821208179 0.1845510900
444.7 -703.0 2507.2 0.4229554236 -0.5521143675 -0.7185251713 0.0344111659 0.8021568656 -0.5961209536 0.9054968953 0.2274073064 0.3582755029
471.4 -259.5 2547.6 0 0 0 0 0 0 0 0 0
629.5 -298.2 2578.3 0 0 0 0 0 0 0 0 0
271.6 -786.7 2221.6 0 0 0 0 0 0 0 0 0
650.7 -1002.4 2422.3 0 0 0 0 0 0 0 0 0
153.1 21.8 2651.6 1 0.4086853564 0.1309620589 -0.9032304287 -0.1789445579 0.9819409251 0.0614073537 0.8949609399 0.1365318894 0.4247398376
127.5 -169.8 2625.0 0.4086853564 0.1309620589 -0.9032304287 -0.1789445579 0.9819409251 0.0614073537 0.8949609399 0.1365318894 0.4247398376
100.7 -360.3 2599.7 0.4090575874 0.1377753317 -0.9020475745 -0.1762246042 0.9818542600 0.0700509474 0.8953305483 0.1303081065 0.4259143174
71.6 -145.8 2502.7 -0.7124500871 0.2589237988 -0.6522064805 0.6833785176 0.4671374261 -0.5610494018 0.1594010144 -0.8454236388 -0.5097550750
240.2 -307.5 2465.0 -0.8842779398 0.2589237988 0.3886013627 -0.2374989986 0.4671374261 -0.8516905904 -0.4020532072 -0.8454236388 -0.3515851498
183.4 -193.9 2747.2 0.9022575021 0.3867104650 -0.1907523572 -0.4234014750 0.7107989192 -0.5616903901 -0.0816249847 0.5875541568 0.8050574064
399.5 -295.3 2727.7 0.8309573531 0.3867104650 0.3999561369 0.0077462434 0.7107989192 -0.7033526301 -0.5562822223 0.5875541568 0.5876480341
34.7 -538.5 2501.0 0.7770435810 -0.6286504269 0.0316525288 0.0397485644 -0.0011789181 -0.9992090464 0.6281905174 0.7776870728 0.0240718815
254.9 -538.1 2228.6 0.7770435810 -0.0708330572 -0.6254485846 0.0397485644 0.9971867800 -0.0635502636 0.6281905174 0.0245206412 0.7776730657
106.6 -566.8 2662.5 0.4255326986 -0.8582404852 -0.2869584560 0.0312898010 0.3308656216 -0.9431589842 0.9044019580 0.3923661113 0.1676483154
439.6 -695.2 2510.3 0.4255326986 -0.5499750376 -0.7186441422 0.0312898010 0.8025990725 -0.5956976414 0.9044019580 0.2310025990 0.3587407470
466.2 -246.8 2567.8 0 0 0 0 0 0 0 0 0
631.4 -293.1 2572.4 0 0 0 0 0 0 0 0 0
272.8 -789.2 2222.4 0 0 0 0 0 0 0 0 0
644.9 -994.7 2424.1 0 0 0 0 0 0 0 0 0
151.7 22.0 2643.8 2 0.3780600727 0.1379965544 -0.9154384136 -0.1549685895 0.9843093753 0.0843790919 0.9127186537 0.1099638343 0.3935132027
124.8 -170.4 2622.3 0.3780600727 0.1379965544 -0.9154384136 -0.1549685895 0.9843093753 0.0843790919 0.9127186537 0.1099638343 0.3935132027
97.6 -361.4 2601.7 0.3784859180 0.1396232992 -0.9150156975 -0.1519484967 0.9845186472 0.0873770416 0.9130498767 0.1059642732 0.3938419819
73.1 -149.7 2497.7 -0.7428752780 0.2963325679 -0.6002693772 0.6582625508 0.4864601195 -0.5744971037 0.1217648983 -0.8219145536 -0.5564438701
246.9 -303.7 2469.2 -0.8539799452 0.2963325679 0.4276742637 -0.2503950298 0.4864601195 -0.8370537162 -0.4560927451 -0.8219145536 -0.3412269950
176.4 -191.1 2746.9 0.9018256664 0.3716030717 -0.2205029726 -0.4302860796 0.7255986929 -0.5369920135 -0.0395512246 0.5791525841 0.8142591715
392.3 -294.1 2737.4 0.8487787247 0.3716030717 0.3761460185 -0.0127788903 0.7255986929 -0.6879994869 -0.5285937786 0.5791525841 0.6206213832
37.3 -535.1 2494.2 0.7729443908 -0.6338946819 0.0271021463 0.0337610543 -0.0015637376 -0.9994286895 0.6335749030 0.7734177709 0.0201922711
254.4 -534.5 2229.3 0.7729443908 -0.0686532706 -0.6307485104 0.0337610543 0.9971705675 -0.0671640188 0.6335749030 0.0306193158 0.7730752230
110.6 -566.6 2654.5 0.4267339408 -0.8582634926 -0.2850998938 0.0594326481 0.3411765993 -0.9381184578 0.9024222493 0.3833827674 0.1966005117
443.7 -699.0 2505.8 0.4267339408 -0.5502043962 -0.7177557349 0.0594326481 0.8089919090 -0.5848075747 0.9024222493 0.2068991214 0.3779244125
466.4 -239.4 2586.5 0 0 0 0 0 0 0 0 0
629.0 -297.7 2590.0 0 0 0 0 0 0 0 0 0
271.7 -785.4 2221.6 0 0 0 0 0 0 0 0 0
649.0 -1000.9 2428.6 0 0 0 0 0 0 0 0 0
154.9 24.9 2649.9 3 0.3961462080 0.1468301117 -0.9063714147 -0.1754914522 0.9810411930 0.0822247043 0.9012607336 0.1264874190 0.4144031703
126.1 -167.6 2625.1 0.3961462080 0.1468301117 -0.9063714147 -0.1754914522 0.9810411930 0.0822247043 0.9012607336 0.1264874190 0.4144031703
98.5 -358.3 2601.6 0.3972226679 0.1418046653 -0.9067003727 -0.1681682914 0.9825077653 0.0799866468 0.9021826982 0.1207057387 0.4141214192
71.8 -144.7 2501.9 -0.7629361153 0.3018023968 -0.5717024803 0.6375442743 0.4977292120 -0.5880500674 0.1070781201 -0.8131303191 -0.5721480250
259.9 -301.9 2475.5 -0.8649092317 0.3018023968 0.4010577500 -0.2158497125 0.4977292120 -0.8400443792 -0.4531455636 -0.8131303191 -0.3653466403
180.3 -190.5 2748.2 0.9007685781 0.3835844994 -0.2036636025 -0.4292682409 0.7151927948 -0.5515686870 -0.0659144670 0.5842620730 0.8088838458
395.9 -293.3 2732.4 0.8376405239 0.3835844994 0.3888717890 -0.0030399368 0.7151927948 -0.6989206076 -0.5462133884 0.5842620730 0.6002405286
36.5 -538.9 2499.4 0.7762441039 -0.6297276616 0.0298016742 0.0332282335 -0.0063382937 -0.9994276762 0.6295561790 0.7767901421 0.0160046741
259.2 -536.6 2224.7 0.7762441039 -0.0503622107 -0.6284176111 0.0332282335 0.9986869097 -0.0389913619 0.6295561790 0.0093856063 0.7768982649
104.3 -566.0 2662.9 0.4377205372 -0.8580373526 -0.2686496675 0.0661706254 0.3287271261 -0.9421039820 0.8966728449 0.3946015537 0.2006674856
437.3 -693.6 2509.7 0.4377205372 -0.5572752357 -0.7055813670 0.0661706254 0.8025929332 -0.5928457379 0.8966728449 0.2128120065 0.3881866634
483.5 -246.1 2592.7 0 0 0 0 0 0 0 0 0
629.6 -294.1 2580.0 0 0 0 0 0 0 0 0 0
271.7 -785.4 2222.4 0 0 0 0 0 0 0 0 0
645.2 -993.1 2430.3 0 0 0 0 0 0 0 0 0
154.8 33.6 2643.9 4 0.4143924713 0.1325581074 -0.9003928304 -0.1497287303 0.9857849479 0.0762193128 0.8976971507 0.1032299623 0.4283496141
128.8 -160.2 2623.6 0.4143924713 0.1325581074 -0.9003928304 -0.1497287303 0.9857849479 0.0762193128 0.8976971507 0.1032299623 0.4283496141
105.1 -351.9 2605.4 0.4160400033 0.1222518459 -0.9010910988 -0.1369664967 0.9880415797 0.0708101094 0.8989721537 0.0939594582 0.4278092086
72.0 -141.5 2500.9 -0.7018851042 0.2200072557 -0.6774615049 0.6998775005 0.3898009658 -0.5985204577 0.1323962957 -0.8942326307 -0.4275736213
238.9 -308.0 2469.4 -0.9099882841 0.2200072557 0.3514515460 -0.2482561022 0.3898009658 -0.8868055940 -0.3320997953 -0.8942326307 -0.3000961542
185.6 -178.9 2746.3 0.9086096883 0.3780295849 -0.1775444001 -0.4115028977 0.7376787663 -0.5352526307 -0.0713705942 0.5593957901 0.8258224130
403.1 -277.4 2729.2 0.8280339241 0.3780295849 0.4140694141 0.0008394422 0.7376787663 -0.6751512885 -0.5606774092 0.5593957901 0.6105057001
35.3 -533.9 2497.5 0.7755769491 -0.6308041811 0.0238008294 0.0384835340 0.0096144630 -0.9992129803 0.6300788522 0.7758825421 0.0317323282
254.4 -537.2 2228.0 0.7755769491 -0.0697984397 -0.6273822784 0.0384835340 0.9972476363 -0.0633734614 0.6300788522 0.0250071101 0.7761283517
106.4 -563.9 2659.0 0.4330445230 -0.8581439257 -0.2757923305 0.0697248876 0.3369438052 -0.9389394522 0.8986717463 0.3873730004 0.2057456523
439.5 -694.7 2508.6 0.4330445230 -0.5520858765 -0.7125121951 0.0697248876 0.8086233735 -0.5841802955 0.8986717463 0.2032962590 0.3886640668
468.8 -245.3 2553.3 0 0 0 0 0 0 0 0 0
634.2 -277.2 2572.8 0 0 0 0 0 0 0 0 0
271.7 -784.2 2221.8 0 0 0 0 0 0 0 0 0
645.6 -996.5 2432.7 0 0 0 0 0 0 0 0 0
153.6 32.5 2649.9 5 0.4020988345 0.1263050139 -0.9068426490 -0.1697742045 0.9835489988 0.0617098808 0.8997184038 0.1291450113 0.4169272184
128.7 -161.4 2624.5 0.4020988345 0.1263050139 -0.9068426490 -0.1697742045 0.9835489988 0.0617098808 0.8997184038 0.1291450113 0.4169272184
104.4 -352.5 2601.6 0.4034155309 0.1257492453 -0.9063349366 -0.1594906449 0.9850124717 0.0656750277 0.9010097980 0.1180576235 0.4174251556
73.7 -139.6 2501.5 -0.6800740957 0.1880579144 -0.7086137533 0.7179331183 0.3666858673 -0.5917039514 0.1485640258 -0.9111397862 -0.3843865693
234.6 -309.5 2466.4 -0.9226302505 0.1880579144 0.3367308676 -0.2521017492 0.3666858673 -0.8955368400 -0.2918872237 -0.9111397862 -0.2909057140
183.8 -183.2 2747.5 0.9074612260 0.3741278946 -0.1911608577 -0.4144846499 0.7228415012 -0.5529038310 -0.0686777607 0.5809720159 0.8110208511
401.2 -282.4 2731.0 0.8354340792 0.3741278946 0.4025894105 0.0092583466 0.7228415012 -0.6909518838 -0.5495126843 0.5809720159 0.6004225612
44.1 -531.3 2506.7 0.7978134155 -0.6023557186 0.0257169846 0.0437725298 0.0153281465 -0.9989239573 0.6013133526 0.7980805635 0.0385956354
253.6 -536.6 2229.1 0.7978134155 -0.0759731829 -0.5980985761 0.0437725298 0.9967097640 -0.0682176948 0.6013133526 0.0282447021 0.7985138893
118.6 -555.7 2667.6 0.4589118659 -0.8369107842 -0.2982955575 0.0775858685 0.3722017407 -0.9249033928 0.8850877285 0.4013056159 0.2357402444
443.2 -700.1 2511.9 0.4589118659 -0.5504592657 -0.6974198818 0.0775858685 0.8067861795 -0.5857272744 0.8850877285 0.2146872729 0.4129516184
467.2 -245.9 2539.9 0 0 0 0 0 0 0 0 0
634.4 -279.8 2577.7 0 0 0 0 0 0 0 0 0
272.9 -789.1 2221.9 0 0 0 0 0 0 0 0 0
648.6 -1001.2 2431.8 0 0 0 0 0 0 0 0 0
155.1 33.7 2644.0 6 0.3933136761 0.1405719370 -0.9085944295 -0.1568429023 0.9840152860 0.0843461901 0.9059275389 0.1093320772 0.4090743661
127.3 -160.9 2622.3 0.3933136761 0.1405719370 -0.9085944295 -0.1568429023 0.9840152860 0.0843461901 0.9059275389 0.1093320772 0.4090743661
101.1 -352.1 2602.7 0.3946385086 0.1353400797 -0.9088143110 -0.1473853290 0.9856092334 0.0827765390 0.9069387913 0.1012790948 0.4089065194
73.4 -140.8 2498.5 -0.6471104622 0.1742696464 -0.7422116399 0.7435664535 0.3592928648 -0.5639304519 0.1683953851 -0.9168090224 -0.3620832264
223.1 -312.7 2459.6 -0.9216937423 0.1742696464 0.3465700150 -0.2681720853 0.3592928648 -0.8938637376 -0.2802934647 -0.9168090224 -0.2844237089
181.3 -181.0 2746.2 0.9035381079 0.3771321774 -0.2034457922 -0.4251214862 0.7293555140 -0.5360151529 -0.0537642427 0.5707992911 0.8193275332
397.7 -282.8 2733.3 0.8397690058 0.3771321774 0.3905884922 -0.0093755843 0.7293555140 -0.6840706468 -0.5428628922 0.5707992911 0.6160259843
43.9 -529.3 2498.0 0.7846055031 -0.6197943687 0.0157848671 0.0395943373 0.0246827956 -0.9989109039 0.6187297106 0.7843760252 0.0439066030
256.3 -537.7 2229.2 0.7846055031 -0.0668224320 -0.6163837910 0.0395943373 0.9975459576 -0.0577440709 0.6187297106 0.0209010076 0.7853258252
116.1 -557.8 2659.3 0.4090204537 -0.8474951982 -0.3383108079 0.0061419704 0.3732897639 -0.9276944995 0.9125045538 0.3773681223 0.1578884274
444.9 -702.6 2512.9 0.4090204537 -0.5478015542 -0.7298052311 0.0061419704 0.8013990521 -0.5980985165 0.9125045538 0.2401520908 0.3311531842
454.1 -245.5 2529.8 0 0 0 0 0 0 0 0 0
632.1 -285.4 2581.8 0 0 0 0 0 0 0 0 0
273.4 -792.4 2223.8 0 0 0 0 0 0 0 0 0
649.3 -1001.7 2423.3 0 0 0 0 0 0 0 0 0
153.2 33.2 2641.5 7 0.3700392246 0.1249797866 -0.9205710292 -0.1460587829 0.9864130020 0.0752078965 0.9174627066 0.1066276133 0.3832658827
128.4 -162.4 2620.3 0.3700392246 0.1249797866 -0.9205710292 -0.1460587829 0.9864130020 0.0752078965 0.9174627066 0.1066276133 0.3832658827
103.9 -354.0 2601.6 0.3711526692 0.1264619082 -0.9199201465 -0.1373189390 0.9872652888 0.0803169385 0.9183622599 0.0965126082 0.3837917447
77.7 -143.6 2494.9 -0.6156545281 0.1952493638 -0.7634443045 0.7659919858 0.3757284284 -0.5216171741 0.1850023121 -0.9059281349 -0.3808783293
215.4 -315.0 2453.6 -0.9184529185 0.1952493638 0.3439795673 -0.2539225221 0.3757284284 -0.8912639618 -0.3032616377 -0.9059281349 -0.2955106497
179.1 -181.2 2745.7 0.9072369933 0.3572089374 -0.2220872939 -0.4198149443 0.7363440394 -0.5306155682 -0.0260079838 0.5746296644 0.8180001974
396.3 -281.7 2739.5 0.8539899588 0.3572089374 0.3782895207 -0.0083074737 0.7363440394 -0.6765563488 -0.5202232003 0.5746296644 0.6317979097
39.5 -530.1 2501.8 0.7794640064 -0.6264279485 0.0048832134 0.0261131525 0.0247022919 -0.9993537664 0.6259024739 0.7790877819 0.0356125571
259.0 -538.8 2228.8 0.7794640064 -0.0520693138 -0.6242792606 0.0261131525 0.9983741641 -0.0506670587 0.6259024739 0.0231912490 0.7795564532
110.2 -556.5 2664.2 0.4158914387 -0.8506075144 -0.3217160106 0.0126750581 0.3591491282 -0.9331941009 0.9093259573 0.3840296865 0.1601485461
440.2 -695.9 2515.2 0.4158914387 -0.5481568575 -0.7256433964 0.0126750581 0.8013403416 -0.5980743766 0.9093259573 0.2395364493 0.3402185142
444.2 -251.7 2529.1 0 0 0 0 0 0 0 0 0
634.7 -284.0 2594.3 0 0 0 0 0 0 0 0 0
272.1 -790.3 2223.0 0 0 0 0 0 0 0 0 0
644.8 -995.0 2425.8 0 0 0 0 0 0 0 0 0
154.8 28.9 2640.2 8 0.3539963365 0.1547815353 -0.9223498702 -0.1512101591 0.9827069640 0.1068759859 0.9229421020 0.1016349718 0.3712792099
124.3 -164.9 2620.2 0.3539963365 0.1547815353 -0.9223498702 -0.1512101591 0.9827069640 0.1068759859 0.9229421020 0.1016349718 0.3712792099
95.6 -355.9 2601.3 0.3550376296 0.1482009292 -0.9230301976 -0.1444501430 0.9841932058 0.1024593785 0.9236246347 0.0969549045 0.3708332777
75.8 -145.2 2494.0 -0.6304498315 0.1948431730 -0.7513781786 0.7597914338 0.3530555964 -0.5459566712 0.1589023322 -0.9150890112 -0.3706240058
217.1 -315.5 2458.4 -0.9301745892 0.1948431730 0.3111452758 -0.2294492424 0.3530555964 -0.9070307612 -0.2865803242 -0.9150890112 -0.2836967111
172.8 -184.6 2746.3 0.8974097371 0.3664592206 -0.2456895560 -0.4410102963 0.7288278341 -0.5237556100 -0.0128696896 0.5783750415 0.8156694770
387.7 -290.2 2743.2 0.8606275916 0.3664592206 0.3535926342 -0.0292848870 0.7288278341 -0.6840704679 -0.5083920956 0.5783750415 0.6379810572
46.1 -533.3 2500.7 0.7910492420 -0.6112852693 0.0239047594 0.0386898778 0.0109935310 -0.9991908073 0.6105278134 0.7913339734 0.0323469788
258.3 -537.1 2225.9 0.7910492420 -0.0552159734 -0.6092555523 0.0386898778 0.9984402061 -0.0402528122 0.6105278134 0.0082699331 0.7919516563
112.5 -557.9 2665.1 0.4536657631 -0.8450319171 -0.2830343544 0.0830540955 0.3563067019 -0.9306704998 0.8872932792 0.3987061679 0.2318275124
440.5 -696.2 2510.4 0.4536657631 -0.5521550775 -0.6995084882 0.0830540955 0.8077108264 -0.5836996436 0.8872932792 0.2067074925 0.4122894704
448.1 -258.5 2529.6 0 0 0 0 0 0 0 0 0
627.9 -298.4 2601.3 0 0 0 0 0 0 0 0 0
272.2 -788.3 2223.8 0 0 0 0 0 0 0 0 0
646.5 -997.5 2433.3 0 0 0 0 0 0 0 0 0
152.3 31.2 2647.6 9 0.3907996714 0.1325877607 -0.9108765721 -0.1723181158 0.9826147556 0.0690991879 0.9042024612 0.1299565881 0.4068528116
126.2 -162.1 2622.0 0.3907996714 0.1325877607 -0.9108765721 -0.1723181158 0.9826147556 0.0690991879 0.9042024612 0.1299565881 0.4068528116
99.9 -352.9 2598.3 0.3916691840 0.1350914538 -0.9101349115 -0.1659321338 0.9833155274 0.0745461211 0.9050202966 0.1218232065 0.4075503945
72.8 -139.5 2498.5 -0.6271330714 0.1874984950 -0.7560082078 0.7605433464 0.3569454253 -0.5423687100 0.1681603491 -0.9151143432 -0.3664530218
218.2 -315.9 2459.5 -0.9362930059 0.1874984950 0.2969844341 -0.2167310268 0.3569454253 -0.9086350203 -0.2763749361 -0.9151143432 -0.2935687602
179.7 -184.7 2745.5 0.9037411809 0.3751224577 -0.2062401474 -0.4239357114 0.7174051404 -0.5528185964 -0.0594169348 0.5870375037 0.8073763847
395.9 -286.1 2731.3 0.8415654302 0.3751224577 0.3886524737 0.0019503274 0.7174051404 -0.6966534853 -0.5401516557 0.5870375037 0.6030117273
35.0 -533.9 2499.8 0.7770236135 -0.6290904880 0.0218962543 0.0390623473 0.0134715280 -0.9991459846 0.6282582879 0.7772153020 0.0350414477
253.0 -538.6 2230.4 0.7770236135 -0.0745525286 -0.6250410080 0.0390623473 0.9967586994 -0.0703290254 0.6282582879 0.0302317441 0.7774172425
98.6 -559.8 2665.2 0.4125530124 -0.8657429814 -0.2833532393 0.0409254953 0.3283592463 -0.9436658621 0.9100137949 0.3777158260 0.1708965600
434.4 -687.1 2518.7 0.4125530124 -0.5505584478 -0.7257309556 0.0409254953 0.8070869446 -0.5890125632 0.9100137949 0.2132980078 0.3554980159
450.6 -262.1 2528.1 0 0 0 0 0 0 0 0 0
630.6 -285.6 2580.7 0 0 0 0 0 0 0 0 0
271.6 -786.9 2222.9 0 0 0 0 0 0 0 0 0
639.8 -988.3 2439.1 0 0 0 0 0 0 0 0 0
153.0 27.1 2642.3 0 0.4159017503 0.1363666803 -0.8991273046 -0.1731662303 0.9824790955 0.0689082295 0.8927705288 0.1270394176 0.4322288632
126.1 -166.5 2617.2 0.4159017503 0.1363666803 -0.8991273046 -0.1731662303 0.9824790955 0.0689082295 0.8927705288 0.1270394176 0.4322288632
100.2 -357.3 2593.1 0.4164271355 0.1329617798 -0.8993940353 -0.1693316251 0.9832817316 0.0669613183 0.8932610154 0.1244113445 0.4319798350
69.2 -143.5 2495.3 -0.6621173024 0.2133967131 -0.7183749080 0.7328558564 0.3846931756 -0.5611892939 0.1565979719 -0.8980384469 -0.4111010432
223.0 -313.7 2458.9 -0.9317271709 0.2133967131 0.2938475311 -0.1963397264 0.3846931756 -0.9019212127 -0.3055081666 -0.8980384469 -0.3165308237
182.9 -189.6 2739.2 0.9040370584 0.3868589997 -0.1818160564 -0.4186978042 0.7157692909 -0.5588975549 -0.0860762149 0.5813901424 0.8090589643
399.3 -289.8 2718.6 0.8268557191 0.3868589997 0.4082275033 0.0098567754 0.7157692909 -0.6982672811 -0.5623276830 0.5813901424 0.5880247355
38.5 -528.8 2493.6 0.7744538784 -0.6325040460 0.0126436464 0.0357686244 0.0238246471 -0.9990760684 0.6316183805 0.7741905451 0.0410748906
251.2 -536.8 2233.3 0.7744538784 -0.0796280503 -0.6275990605 0.0357686244 0.9959715009 -0.0822278410 0.6316183805 0.0412333123 0.7741821408
108.7 -558.4 2655.6 0.4125131965 -0.8598568439 -0.3007974327 0.0564641394 0.3537013233 -0.9336525798 0.9092000127 0.3681597412 0.1944575310
442.2 -695.6 2512.8 0.4125131965 -0.5438169241 -0.7308186889 0.0564641394 0.8159800768 -0.5753158331 0.9092000127 0.1960603297 0.3673087060
456.5 -264.5 2535.5 0 0 0 0 0 0 0 0 0
629.9 -287.1 2561.7 0 0 0 0 0 0 0 0 0
271.3 -788.2 2222.9 0 0 0 0 0 0 0 0 0
645.1 -1000.1 2439.6 0 0 0 0 0 0 0 0 0
150.7 25.3 2639.6 1 0.4082442820 0.1368249208 -0.9025605321 -0.1645476818 0.9835385084 0.0746730193 0.8979201913 0.1180294082 0.4240382016
123.8 -167.9 2616.4 0.4082442820 0.1368249208 -0.9025605321 -0.1645476818 0.9835385084 0.0746730193 0.8979201913 0.1180294082 0.4240382016
96.2 -358.8 2594.7 0.4087010920 0.1420021504 -0.9015535712 -0.1613250822 0.9835073352 0.0817770809 0.8982970715 0.1120208204 0.4248690307
68.0 -145.9 2493.8 -0.6767730117 0.1761917770 -0.7147969604 0.7227510214 0.3436987400 -0.5995849371 0.1400328726 -0.9224031568 -0.3599488437
224.9 -313.5 2461.3 -0.9386194944 0.1761917770 0.2965635359 -0.2236543000 0.3436987400 -0.9120580554 -0.2626256645 -0.9224031568 -0.2831962705
179.7 -189.9 2739.1 0.9003530145 0.3901105523 -0.1928163618 -0.4287937284 0.7198197246 -0.5458896160 -0.0741642788 0.5741718411 0.8153688312
395.2 -292.6 2721.3 0.8306684494 0.3901105523 0.3972451091 -0.0061009424 0.7198197246 -0.6941342354 -0.5567339659 0.5741718411 0.6003115773
37.1 -533.0 2488.9 0.7635622025 -0.6455672979 0.0146859949 0.0337758921 0.0172167271 -0.9992811084 0.6448503733 0.7635093331 0.0349506512
255.6 -538.9 2230.4 0.7635622025 -0.0671050921 -0.6422380209 0.0337758921 0.9973745942 -0.0640555620 0.6448503733 0.0272182450 0.7638240457
111.6 -563.3 2648.8 0.4069402516 -0.8609228134 -0.3053055704 0.0588712879 0.3582554758 -0.9317656159 0.9115557075 0.3611992002 0.1964722276
445.7 -702.3 2508.7 0.4069402516 -0.5492296219 -0.7298948169 0.0588712879 0.8131568432 -0.5790597200 0.9115557075 0.1926728636 0.3632400930
460.1 -257.4 2527.1 0 0 0 0 0 0 0 0 0
627.0 -294.3 2566.0 0 0 0 0 0 0 0 0 0
272.6 -790.6 2223.6 0 0 0 0 0 0 0 0 0
650.7 -1005.8 2436.7 0 0 0 0 0 0 0 0 0
149.9 25.0 2647.3 2 0.4086121023 0.1277987808 -0.9037165642 -0.1685518324 0.9836840034 0.0628972575 0.8970097303 0.1266224980 0.4234859049
124.8 -168.3 2622.4 0.4086121023 0.1277987808 -0.9037165642 -0.1685518324 0.9836840034 0.0628972575 0.8970097303 0.1266224980 0.4234859049
99.6 -359.2 2598.9 0.4091629982 0.1293611974 -0.9032449126 -0.1643363684 0.9841597676 0.0665065721 0.8975406289 0.1212239489 0.4239405096
68.9 -145.8 2499.8 -0.7242454290 0.1998078972 -0.6599586010 0.6762677431 0.3927195668 -0.6232441664 0.1346495599 -0.8976904750 -0.4195489883
241.1 -306.7 2467.8 -0.9131362438 0.1998078972 0.3553294241 -0.2576079667 0.3927195668 -0.8828417063 -0.3159435689 -0.8976904750 -0.3071343601
180.7 -190.7 2745.0 0.9058232307 0.3800083995 -0.1872910261 -0.4167133570 0.7194805741 -0.5556057096 -0.0763825923 0.5813272595 0.8100767732
397.6 -290.5 2726.7 0.8316119313 0.3800083995 0.4049879313 0.0094210748 0.7194805741 -0.6944487095 -0.5552772880 0.5813272595 0.5947484970
32.0 -535.2 2492.5 0.7626798153 -0.6465792656 0.0159609523 0.0326014087 0.0137856044 -0.9993733764 0.6459540725 0.7627222538 0.0315933973
252.1 -539.9 2232.9 0.7626798153 -0.0802171901 -0.6417824626 0.0326014087 0.9957855940 -0.0857217088 0.6459540725 0.0444552042 0.7620807886
105.3 -564.1 2653.3 0.4048439264 -0.8638132811 -0.2998800278 0.0449208058 0.3463505805 -0.9370290041 0.9132817388 0.3658796549 0.1790211201
440.5 -698.5 2511.3 0.4048439264 -0.5569207668 -0.7252176404 0.0449208058 0.8042758107 -0.5925559402 0.9132817388 0.2073153108 0.3506235182
470.7 -241.9 2547.2 0 0 0 0 0 0 0 0 0
629.7 -287.9 2571.7 0 0 0 0 0 0 0 0 0
271.9 -786.0 2221.9 0 0 0 0 0 0 0 0 0
648.4 -998.6 2434.0 0 0 0 0 0 0 0 0 0
154.3 31.3 2642.1 3 0.3703591228 0.1337414980 -0.9192101955 -0.1624379605 0.9836570621 0.0776703656 0.9145753384 0.1205486953 0.3860310614
128.0 -161.5 2618.5 0.3703591228 0.1337414980 -0.9192101955 -0.1624379605 0.9836570621 0.0776703656 0.9145753384 0.1205486953 0.3860310614
102.4 -352.7 2597.2 0.3718052208 0.1316998154 -0.9189211130 -0.1517118663 0.9851970077 0.0798142478 0.9158298969 0.1097358912 0.3862818182
77.3 -140.9 2493.5 -0.6587554216 0.1925854832 -0.7272909284 0.7356831431 0.3672776520 -0.5691022873 0.1575168669 -0.9099549055 -0.3836280406
228.8 -310.1 2457.3 -0.9158213139 0.1925854832 0.3523948193 -0.2657413483 0.3672776520 -0.8913409114 -0.3010860682 -0.9099549055 -0.2851827741
178.8 -182.2 2743.5 0.9050130248 0.3618094921 -0.2237081975 -0.4240945876 0.7265096903 -0.5406730771 -0.0330944881 0.5841896534 0.8109421730
395.4 -283.7 2735.6 0.8531816602 0.3618094921 0.3757325411 -0.0054846560 0.7265096903 -0.6871343255 -0.5215850472 0.5841896534 0.6218291521
37.8 -535.5 2494.9 0.7756625414 -0.6303702593 0.0313195027 0.0413967595 0.0012965181 -0.9991419315 0.6297887564 0.7762935162 0.0271009468
251.8 -536.0 2231.5 0.7756625414 -0.0825812668 -0.6257219315 0.0413967595 0.9959250093 -0.0801231787 0.6297887564 0.0362456888 0.7759203315
111.2 -565.0 2655.7 0.4417110980 -0.8549873829 -0.2718232274 0.1050049141 0.3501689732 -0.9307822585 0.8909912109 0.3825940788 0.2444513887
443.0 -700.9 2507.2 0.4417110980 -0.5566277504 -0.7036027312 0.1050049141 0.8109433651 -0.5756255984 0.8909912109 0.1803784668 0.4166513085
458.5 -243.4 2532.8 0 0 0 0 0 0 0 0 0
633.3 -285.2 2590.1 0 0 0 0 0 0 0 0 0
272.7 -788.7 2222.3 0 0 0 0 0 0 0 0 0
650.7 -1003.4 2439.9 0 0 0 0 0 0 0 0 0
150.7 24.7 2639.6 4 0.4001138806 0.1040048003 -0.9105448127 -0.1609676331 0.9860699177 0.0418986753 0.9022185206 0.1298040003 0.4112816751
130.3 -169.1 2614.0 0.4001138806 0.1040048003 -0.9105448127 -0.1609676331 0.9860699177 0.0418986753 0.9022185206 0.1298040003 0.4112816751
109.0 -360.6 2590.9 0.4009518921 0.1091648191 -0.9095716476 -0.1532115936 0.9868813753 0.0509055518 0.9031964540 0.1189462468 0.4124172628
75.5 -148.3 2490.8 -0.6450359225 0.1887457669 -0.7404752970 0.7403535843 0.3943137825 -0.5444200635 0.1892226189 -0.8993840814 -0.3940851688
219.1 -313.1 2448.6 -0.9099847078 0.1887457669 0.3691922128 -0.2740841508 0.3943137825 -0.8771513700 -0.3111361861 -0.8993840814 -0.3070872724
185.0 -190.0 2737.3 0.9144124985 0.3590796590 -0.1868464500 -0.3997613192 0.7286140919 -0.5561586022 -0.0635662973 0.5832523704 0.8097999692
403.8 -285.6 2722.1 0.8381310105 0.3590796590 0.4106070995 0.0231980439 0.7286140919 -0.6845315099 -0.5449754596 0.5832523704 0.6023440957
43.5 -530.4 2493.9 0.7850042582 -0.6190496087 0.0233638044 0.0475510024 0.0226094052 -0.9986128807 0.6176626682 0.7850263715 0.0471849106
249.1 -537.9 2233.2 0.7850042582 -0.0899623930 -0.6129233837 0.0475510024 0.9952307343 -0.0851747468 0.6176626682 0.0377174206 0.7855381370
110.1 -557.5 2657.8 0.4086959362 -0.8552055955 -0.3187333941 0.0311912373 0.3621156216 -0.9316111803 0.9121374488 0.3708040118 0.1746701002
442.0 -698.0 2513.9 0.4086959362 -0.5450040698 -0.7320780158 0.0311912373 0.8099994659 -0.5856005549 0.9121374488 0.2164981365 0.3480428457
447.1 -244.4 2526.6 0 0 0 0 0 0 0 0 0
637.5 -279.2 2570.1 0 0 0 0 0 0 0 0 0
271.9 -790.3 2223.7 0 0 0 0 0 0 0 0 0
645.3 -1000.1 2433.2 0 0 0 0 0 0 0 0 0
150.8 29.8 2639.3 5 0.4314358830 0.0960693657 -0.8970137835 -0.1456196904 0.9886909127 0.0358493440 0.8903134465 0.1151561812 0.4405463040
131.9 -165.1 2616.6 0.4314358830 0.0960693657 -0.8970137835 -0.1456196904 0.9886909127 0.0358493440 0.8903134465 0.1151561812 0.4405463040
112.5 -357.1 2596.0 0.4321209788 0.1000415310 -0.8962494731 -0.1387094855 0.9893746972 0.0435584970 0.8910842538 0.1054957658 0.4414062798
72.9 -146.2 2495.0 -0.6194559336 0.1877030283 -0.7622610331 0.7501553297 0.4277364016 -0.5042901635 0.2313900143 -0.8841997385 -0.4057702720
212.6 -315.3 2442.8 -0.9037011862 0.1877030283 0.3848268688 -0.2774844468 0.4277364016 -0.8602581024 -0.3260775208 -0.8841997385 -0.3344612420
190.8 -184.0 2738.2 0.9168922305 0.3685950637 -0.1531220078 -0.3889508843 0.7390232682 -0.5500562191 -0.0895872861 0.5638992190 0.8209699988
410.3 -277.1 2716.7 0.8195401430 0.3685950637 0.4387386739 0.0279601403 0.7390232682 -0.6730994582 -0.5723392367 0.5638992190 0.5953532457
51.9 -538.4 2486.9 0.7859812975 -0.6172981262 0.0342990793 0.0429720096 -0.0007973318 -0.9990759492 0.6167550683 0.7867289186 0.0258998536
252.5 -538.2 2231.2 0.7859812975 -0.0771768093 -0.6134143472 0.0429720096 0.9965980053 -0.0703261346 0.6167550683 0.0289153792 0.7866238356
123.7 -565.8 2648.6 0.3992014527 -0.8518108130 -0.3391998410 0.0246401094 0.3797903359 -0.9247443676 0.9165320992 0.3608013690 0.1726015657
454.3 -713.2 2508.5 0.3992014527 -0.5284840465 -0.7492281199 0.0246401094 0.8230532408 -0.5674294829 0.9165320992 0.2080576122 0.3415859640
438.2 -246.0 2524.2 0 0 0 0 0 0 0 0 0
638.9 -269.3 2557.1 0 0 0 0 0 0 0 0 0
272.0 -789.1 2223.9 0 0 0 0 0 0 0 0 0
651.4 -1020.2 2430.9 0 0 0 0 0 0 0 0 0
151.7 34.3 2637.6 6 0.4125169814 0.1138887629 -0.9038025737 -0.1342007071 0.9889263511 0.0633628741 0.9010105133 0.0951526836 0.4232328534
129.3 -160.2 2618.9 0.4125169814 0.1138887629 -0.9038025737 -0.1342007071 0.9889263511 0.0633628741 0.9010105133 0.0951526836 0.4232328534
106.5 -352.2 2602.1 0.4132789969 0.1173702627 -0.9030086994 -0.1276822239 0.9893309474 0.0701539740 0.9016084075 0.0863049924 0.4238557816
72.9 -142.8 2495.8 -0.6204073429 0.1810786128 -0.7630892992 0.7547101378 0.4024934769 -0.5180845261 0.2133244276 -0.8973346949 -0.3863717914
214.6 -315.3 2447.1 -0.9213604331 0.1810786128 0.3439556956 -0.2496787310 0.4024934769 -0.8807153702 -0.2979186475 -0.8973346949 -0.3256300688
185.8 -177.6 2742.0 0.9107329845 0.3724426329 -0.1784709394 -0.4079631269 0.7440423965 -0.5291190743 -0.0642765537 0.5546957850 0.8295668364
403.7 -275.2 2726.6 0.8301443458 0.3724426329 0.4149058759 0.0001191900 0.7440423965 -0.6681323647 -0.5575485229 0.5546957850 0.6176182032
54.4 -536.7 2495.7 0.7964605689 -0.6041032672 0.0266420692 0.0364612266 0.0039989688 -0.9993270636 0.6035901904 0.7968960404 0.0252113678
255.7 -538.0 2230.3 0.7964605689 -0.0633834600 -0.6013593674 0.0364612266 0.9977156520 -0.0568690598 0.6035901904 0.0233676638 0.7969521880
131.7 -561.4 2655.2 0.4461376369 -0.8307396770 -0.3329155743 0.0692421347 0.4029125571 -0.9126154780 0.8922817707 0.3841003180 0.2372766435
454.0 -717.7 2506.2 0.4461376369 -0.5503293276 -0.7057611942 0.0692421347 0.8074527979 -0.5858545303 0.8922817707 0.2125033438 0.3983410597
444.6 -252.9 2521.4 0 0 0 0 0 0 0 0 0
635.3 -275.2 2571.1 0 0 0 0 0 0 0 0 0
271.6 -788.8 2224.4 0 0 0 0 0 0 0 0 0
659.3 -1018.9 2427.0 0 0 0 0 0 0 0 0 0
152.1 31.6 2637.3 7 0.4372689724 0.1142924130 -0.8920387030 -0.1326877326 0.9892354012 0.0617034547 0.8894885182 0.0913815871 0.4477271438
129.6 -163.5 2619.3 0.4372689724 0.1142924130 -0.8920387030 -0.1326877326 0.9892354012 0.0617034547 0.8894885182 0.0913815871 0.4477271438
106.5 -355.5 2602.9 0.4377720952 0.1189490408 -0.8911827803 -0.1284197420 0.9893190861 0.0689645037 0.8898673654 0.0842547193 0.4483717084
69.8 -146.0 2497.8 -0.6683695912 0.2049287111 -0.7150428891 0.7155243158 0.4397942424 -0.5427761674 0.2032413036 -0.8744056821 -0.4405765831
224.0 -311.1 2450.9 -0.9213135242 0.2049287111 0.3304325044 -0.2149231881 0.4397942424 -0.8720028996 -0.3240207434 -0.8744056821 -0.3611444533
189.4 -181.0 2740.8 0.9088941813 0.3869486451 -0.1555061787 -0.4072931409 0.7435601950 -0.5303117037 -0.0895751938 0.5453338027 0.8334190249
407.0 -278.5 2719.3 0.8146207333 0.3869486451 0.4320460558 0.0014430211 0.7435601950 -0.6686674356 -0.5799921751 0.5453338027 0.6051611900
