-246.4 159.3 2618.4 4 0.4582505822 0.2325893790 -0.8578511477 0.0556798391 0.9557462931 0.2888750136 0.8870773315 -0.1801421493 0.4250207543
-292.7 -31.0 2654.3 0.4582505822 0.2325893790 -0.8578511477 0.0556798391 0.9557462931 0.2888750136 0.8870773315 -0.1801421493 0.4250207543
-336.5 -217.9 2693.3 0.4629943967 0.2237271518 -0.8576609492 0.0755349100 0.9541410804 0.2896710038 0.8831368089 -0.1988994032 0.4248627722
-358.7 -41.8 2528.5 -0.4850341678 0.0433887206 -0.8734181523 0.6114786267 0.7308376431 -0.3032658696 0.6251685619 -0.6811708808 -0.3810124993
-243.8 -186.6 2380.4 -0.9742217064 0.0433887206 0.2213809043 -0.1201317087 0.7308376431 -0.6718963385 -0.1909462214 -0.6811708808 -0.7067855597
-226.7 -20.3 2780.1 0.7851123810 0.4862072468 -0.3836678863 -0.5651611686 0.8158102632 -0.1226638556 0.2533601522 0.3131391108 0.9152882099
-90.0 -118.7 2824.3 0.5118923783 0.4862072468 0.7082151771 0.0245236233 0.8158102632 -0.5777994394 -0.8586995006 0.3131391108 0.4056834877
-426.3 -413.9 2656.4 0.9626553655 -0.2705549598 -0.0097318422 0.0030182267 0.0466696545 -0.9989058375 0.2707131207 0.9615726471 0.0457433872
-312.2 -433.6 2250.9 0.9626553655 -0.0402886830 -0.2677153647 0.0030182267 0.9904006720 -0.1381931454 0.2707131207 0.1322243363 0.9535360932
-338.5 -397.9 2812.0 0.6048086882 -0.7841272950 0.1391071677 -0.1413478553 -0.2776001096 -0.9502415061 0.7837265134 0.5550518632 -0.2787296772
-44.3 -293.8 2603.8 0.6048086882 -0.2953716218 -0.7395688295 -0.1413478553 0.8741141558 -0.4646990299 0.7837265134 0.3855904937 0.4869216979
5.7 -155.8 2429.3 0 0 0 0 0 0 0 0 0
43.2 -112.3 2600.8 0 0 0 0 0 0 0 0 0
-297.0 -806.6 2201.1 0 0 0 0 0 0 0 0 0
109.8 -749.9 2402.6 0 0 0 0 0 0 0 0 0
-248.6 156.2 2618.4 5 0.4640671313 0.2258310169 -0.8565290570 0.0552820750 0.9576866627 0.2824538648 0.8840733171 -0.1784282625 0.4319464862
-293.7 -34.9 2654.0 0.4640671313 0.2258310169 -0.8565290570 0.0552820750 0.9576866627 0.2824538648 0.8840733171 -0.1784282625 0.4319464862
-335.9 -222.3 2692.3 0.4685283303 0.2157568783 -0.8566972613 0.0746213347 0.9565891027 0.2817248404 0.8802913427 -0.1959239691 0.4320890605
-360.4 -45.6 2528.5 -0.5167248845 0.0648463070 -0.8536921740 0.5871900320 0.7524965405 -0.2982563078 0.6230595708 -0.6553959846 -0.4269107878
-236.9 -185.9 2379.6 -0.9630105495 0.0648463070 0.2615447938 -0.1249491796 0.7524965405 -0.6466348767 -0.2387434393 -0.6553959846 -0.7165595889
-226.9 -24.3 2779.4 0.7907851338 0.4826667905 -0.3764194846 -0.5607995987 0.8177509904 -0.1295649111 0.2452807426 0.3135538995 0.9173446894
-89.2 -122.0 2822.1 0.5057933331 0.4826667905 0.7149866223 0.0320059173 0.8177509904 -0.5746815801 -0.8620607257 0.3135538995 0.3981648386
-422.1 -411.6 2652.4 0.9643879533 -0.2641377747 -0.0136782462 -0.0007796521 0.0488760360 -0.9988045692 0.2644905448 0.9632457495 0.0469295271
-312.1 -431.9 2251.3 0.9643879533 -0.0357455201 -0.2620651126 -0.0007796521 0.9904369116 -0.1379640698 0.2644905448 0.1332552135 0.9551375508
-335.8 -402.9 2810.3 0.6111322045 -0.7783876061 0.1436319351 -0.1408882439 -0.2855364084 -0.9479554296 0.7788888812 0.5590900183 -0.2841661572
-43.8 -295.7 2600.5 0.6111322045 -0.2987696528 -0.7329761982 -0.1408882439 0.8701794147 -0.4721634090 0.7788888812 0.3918219805 0.4897015393
11.0 -153.7 2441.1 0 0 0 0 0 0 0 0 0
42.5 -113.7 2597.8 0 0 0 0 0 0 0 0 0
-298.7 -805.0 2201.1 0 0 0 0 0 0 0 0 0
112.1 -749.8 2396.0 0 0 0 0 0 0 0 0 0
-244.7 160.7 2615.8 6 0.4319207668 0.2462201566 -0.8676520586 0.0673142523 0.9505309463 0.3032486141 0.8993960619 -0.1893847287 0.3939799368
-293.9 -29.3 2653.7 0.4319207668 0.2462201566 -0.8676520586 0.0673142523 0.9505309463 0.3032486141 0.8993960619 -0.1893847287 0.3939799368
-340.0 -215.3 2693.8 0.4365538359 0.2353215814 -0.8683573604 0.0855993405 0.9499439597 0.3004650474 0.8955967426 -0.2054999769 0.3945583105
-356.1 -41.6 2526.2 -0.4741961062 0.0825159326 -0.8765438795 0.6242968440 0.7335281372 -0.2686817646 0.6207991242 -0.6746314168 -0.3993506134
-245.6 -187.0 2381.6 -0.9629682899 0.0825159326 0.2566772103 -0.1156637371 0.7335281372 -0.6697449684 -0.2435445786 -0.6746314168 -0.6968202591
-231.7 -17.1 2781.2 0.7737772465 0.4813826084 -0.4117518663 -0.5657614470 0.8175448179 -0.1073983461 0.2849259079 0.3160557151 0.9049453139
-97.0 -115.6 2830.8 0.5377490520 0.4813826084 0.6921681166 0.0092825983 0.8175448179 -0.5757901073 -0.8430538177 0.3160557151 0.4351654947
-420.5 -416.4 2651.1 0.9643257856 -0.2641864419 -0.0167713854 -0.0071191774 0.0374507755 -0.9992731214 0.2646225095 0.9637442231 0.0342339575
-310.8 -431.9 2250.8 0.9643257856 -0.0293247681 -0.2630890012 -0.0071191774 0.9906128645 -0.1365116090 0.2646225095 0.1335146427 0.9550647736
-346.7 -393.6 2814.9 0.5798989534 -0.8022667170 0.1417227983 -0.1338764131 -0.2654355168 -0.9547885060 0.8036133051 0.5347074866 -0.2613303661
-45.9 -294.1 2614.4 0.5798989534 -0.3012851775 -0.7569309473 -0.1338764131 0.8812330365 -0.4533270299 0.8036133051 0.3642190695 0.4706911147
3.2 -157.1 2444.5 0 0 0 0 0 0 0 0 0
42.8 -113.2 2611.6 0 0 0 0 0 0 0 0 0
-299.7 -805.0 2200.5 0 0 0 0 0 0 0 0 0
111.3 -753.7 2424.4 0 0 0 0 0 0 0 0 0
-245.7 160.2 2617.5 7 0.4515557289 0.2405829430 -0.8591957092 0.0626373515 0.9520382285 0.2994991839 0.8900415897 -0.1890583187 0.4148288369
-293.8 -30.4 2655.4 0.4515557289 0.2405829430 -0.8591957092 0.0626373515 0.9520382285 0.2994991839 0.8900415897 -0.1890583187 0.4148288369
-339.4 -216.5 2695.9 0.4561660886 0.2327301204 -0.8589232564 0.0811672062 0.9502921104 0.3005941510 0.8861852884 -0.2068372667 0.4146009684
-358.8 -42.0 2529.2 -0.4580708444 0.0812707692 -0.8851927519 0.6233683228 0.7392808795 -0.2547071576 0.6337057948 -0.6684750319 -0.3893046379
-252.2 -187.1 2381.6 -0.9578166604 0.0812707692 0.2756488919 -0.1275594383 0.7392808795 -0.6612052321 -0.2575185895 -0.6684750319 -0.6977286935
-228.9 -18.8 2781.6 0.7645626068 0.4951545000 -0.4126331210 -0.5594336987 0.8277441263 -0.0432850793 0.3201218247 0.2639350295 0.9098683000
-101.0 -112.4 2835.2 0.4605197310 0.4951545000 0.7367113233 0.0075444961 0.8277441263 -0.5610550642 -0.8876174092 0.2639350295 0.3774568141
-425.6 -409.1 2653.1 0.9614391923 -0.2739482820 -0.0242274050 -0.0094316294 0.0551981963 -0.9984308481 0.2748557329 0.9601591229 0.0504859313
-311.5 -432.1 2253.5 0.9614391923 -0.0326318592 -0.2730746865 -0.0094316294 0.9884393215 -0.1513232589 0.2748557329 0.1480636597 0.9500165582
-343.8 -395.2 2816.4 0.5970708728 -0.7909089923 0.1340498030 -0.1380473822 -0.2659164369 -0.9540604353 0.7902210355 0.5511364937 -0.2679538727
-47.2 -295.5 2609.7 0.5970708728 -0.2916207612 -0.7473042607 -0.1380473822 0.8803316355 -0.4538272619 0.7902210355 0.3741304576 0.4853629172
-4.6 -154.1 2448.2 0 0 0 0 0 0 0 0 0
-37.5 -111.3 2712.9 0 0 0 0 0 0 0 0 0
-299.2 -804.4 2197.7 0 0 0 0 0 0 0 0 0
104.9 -754.8 2414.5 0 0 0 0 0 0 0 0 0
-247.9 157.8 2617.9 8 0.4568829834 0.2403339297 -0.8564447165 0.0626198053 0.9517307878 0.3004783988 0.8873199224 -0.1909138709 0.4197799563
-295.9 -32.3 2656.0 0.4568829834 0.2403339297 -0.8564447165 0.0626198053 0.9517307878 0.3004783988 0.8873199224 -0.1909138709 0.4197799563
-341.1 -218.5 2696.6 0.4613738060 0.2305822521 -0.8567181826 0.0807621181 0.9507117867 0.2993735671 0.8835223317 -0.2073134929 0.4200112224
-361.6 -43.8 2530.2 -0.4042231143 0.0657326952 -0.9122954011 0.6392822862 0.7336459160 -0.2303948402 0.6541573405 -0.6763452291 -0.3385784030
-271.4 -186.6 2384.1 -0.9721059203 0.0657326952 0.2251429111 -0.1058523506 0.7336459160 -0.6712368727 -0.2092973888 -0.6763452291 -0.7062236071
-230.2 -20.8 2781.9 0.7586311698 0.5243529677 -0.3866945803 -0.5540136695 0.8315150142 0.0406400412 0.3428520858 0.1834032983 0.9213119149
-105.8 -111.6 2838.1 0.3247060180 0.5243529677 0.7871594429 0.0038527139 0.8315150142 -0.5554889441 -0.9458071589 0.1834032983 0.2679777443
-426.2 -409.9 2656.3 0.9618955255 -0.2724470198 -0.0230127238 -0.0084711686 0.0544304103 -0.9984816313 0.2732859254 0.9606299996 0.0500484258
-311.5 -432.9 2251.7 0.9618955255 -0.0313588791 -0.2716129422 -0.0084711686 0.9895060658 -0.1442426890 0.2732859254 0.1410472840 0.9515358210
-344.5 -397.4 2817.0 0.6019243002 -0.7873513699 0.1332850307 -0.1381621808 -0.2670724988 -0.9537208676 0.7865102291 0.5556528568 -0.2695396245
-49.2 -297.2 2608.6 0.6019243002 -0.2903770804 -0.7438872457 -0.1381621808 0.8796261549 -0.4551582932 0.7865102291 0.3767479360 0.4893492162
-20.4 -159.2 2438.1 0 0 0 0 0 0 0 0 0
-80.4 -111.3 2764.3 0 0 0 0 0 0 0 0 0
-299.7 -805.5 2198.6 0 0 0 0 0 0 0 0 0
102.4 -756.2 2412.0 0 0 0 0 0 0 0 0 0
-246.6 160.1 2615.1 9 0.4605619907 0.2377925217 -0.8551826477 0.0625461340 0.9523586631 0.2984977961 0.8854211569 -0.1909651160 0.4237472117
-294.3 -31.0 2653.4 0.4605619907 0.2377925217 -0.8551826477 0.0625461340 0.9523586631 0.2984977961 0.8854211569 -0.1909651160 0.4237472117
-337.6 -217.9 2692.9 0.4644849598 0.2210710347 -0.8575437665 0.0788456127 0.9541712999 0.2886875868 0.8820641041 -0.2017046064 0.4257677197
-360.5 -42.3 2527.7 -0.4216524959 0.0683578253 -0.9041771889 0.6423497796 0.7263177633 -0.2446410805 0.6399968266 -0.6839515567 -0.3501633406
-263.7 -189.8 2380.7 -0.9690740705 0.0683578253 0.2371132225 -0.1145953909 0.7263177633 -0.6777392030 -0.2185483277 -0.6839515567 -0.6960222125
-228.1 -19.8 2779.1 0.7604768276 0.5608154535 -0.3273545504 -0.5469833016 0.8249199390 0.1425356716 0.3499774933 0.0706623942 0.9340891838
-104.7 -108.6 2835.9 0.1254111528 0.5608154535 0.8183875084 -0.0002764027 0.8249199390 -0.5652495623 -0.9921048284 0.0706623942 0.1036091745
-427.9 -412.0 2657.4 0.9601886272 -0.2783929408 -0.0231343284 -0.0094001982 0.0505678877 -0.9986763597 0.2791942954 0.9591351748 0.0459377617
-310.2 -433.4 2251.6 0.9601886272 -0.0309458580 -0.2776331604 -0.0094001982 0.9897031784 -0.1428257972 0.2791942954 0.1397495121 0.9500108361
-338.9 -397.6 2812.1 0.6065854430 -0.7824749351 0.1406667680 -0.1381183118 -0.2779639363 -0.9506099820 0.7829287648 0.5571975112 -0.2766829729
-45.4 -293.3 2603.1 0.6065854430 -0.2967277467 -0.7375681400 -0.1381183118 0.8742974401 -0.4653249681 0.7829287648 0.3841310143 0.4893525243
-12.4 -160.1 2437.4 0 0 0 0 0 0 0 0 0
-98.4 -108.6 2786.3 0 0 0 0 0 0 0 0 0
-298.5 -806.2 2199.0 0 0 0 0 0 0 0 0 0
109.5 -749.6 2402.6 0 0 0 0 0 0 0 0 0
-246.5 159.9 2608.2 0 0.4576289356 0.2406510711 -0.8559572697 0.0813147649 0.9473149180 0.3098102510 0.8854172230 -0.2113800943 0.4139502347
-294.8 -30.2 2650.6 0.4576289356 0.2406510711 -0.8559572697 0.0813147649 0.9473149180 0.3098102510 0.8854172230 -0.2113800943 0.4139502347
-338.5 -216.3 2693.3 0.4608456194 0.2231066823 -0.8589788675 0.0944751054 0.9500522017 0.2974478602 0.8824374080 -0.2182296664 0.4167493582
-360.5 -43.7 2524.9 -0.4590885341 0.0746721625 -0.8852467537 0.6317440271 0.7280322909 -0.2662113011 0.6246096492 -0.6814638972 -0.3814049661
-254.1 -190.1 2380.1 -0.9669237733 0.0746721625 0.2438903153 -0.1142740250 0.7280322909 -0.6759514809 -0.2280347943 -0.6814638972 -0.6954186559
-229.1 -16.8 2776.3 0.7560987473 0.6002404094 -0.2608180642 -0.5397074819 0.7972878814 0.2702736259 0.3701762557 -0.0635880828 0.9267826676
-107.0 -103.9 2836.1 -0.0825404376 0.6002404094 0.7955491543 -0.0173305143 0.7972878814 -0.6033504009 -0.9964370131 -0.0635880828 -0.0554060154
-422.9 -411.9 2652.7 0.9628115892 -0.2694719136 -0.0194596499 -0.0055590100 0.0522521473 -0.9986184239 0.2701164484 0.9615896344 0.0488109775
-310.0 -433.8 2249.9 0.9628115892 -0.0304918755 -0.2684474587 -0.0055590100 0.9911646843 -0.1325203478 0.2701164484 0.1290844381 0.9541353583
-340.5 -393.8 2815.8 0.6030313373 -0.7852207422 0.1406472027 -0.1244356632 -0.2667467892 -0.9556996822 0.7879524231 0.5588153005 -0.2585661113
-45.9 -293.7 2606.1 0.6030313373 -0.2973299026 -0.7402352095 -0.1244356632 0.8815212250 -0.4554514885 0.7879524231 0.3667631745 0.4945864677
-2.1 -160.3 2439.6 0 0 0 0 0 0 0 0 0
-110.1 -104.6 2798.6 0 0 0 0 0 0 0 0 0
-298.6 -807.1 2201.3 0 0 0 0 0 0 0 0 0
109.2 -753.7 2414.8 0 0 0 0 0 0 0 0 0
-244.8 157.8 2604.2 1 0.4587861300 0.2439310998 -0.8544079065 0.0930460989 0.9431032538 0.3192157745 0.8836615086 -0.2259510905 0.4099858403
-293.8 -31.8 2649.7 0.4587861300 0.2439310998 -0.8544079065 0.0930460989 0.9431032538 0.3192157745 0.8836615086 -0.2259510905 0.4099858403
-338.5 -216.8 2695.5 0.4621974528 0.2282180935 -0.8569072485 0.1066877097 0.9449867606 0.3092211783 0.8803358674 -0.2343427092 0.4124224186
-359.7 -47.0 2524.2 -0.4588380456 0.0838370770 -0.8845558167 0.6260668635 0.7369270921 -0.2549092770 0.6304823160 -0.6707531214 -0.3906178176
-253.8 -191.5 2378.7 -0.9544523954 0.0838370770 0.2863424122 -0.1340393722 0.7369270921 -0.6625494957 -0.2665596902 -0.6707531214 -0.6921243668
-227.9 -16.6 2775.1 0.7522507310 0.6312455535 -0.1888063401 -0.5367566943 0.7533124685 0.3800166249 0.3821139932 -0.1845247298 0.9055051208
-106.7 -103.1 2836.7 -0.2428552657 0.6312455535 0.7365801930 -0.0339692272 0.7533124685 -0.6567849517 -0.9694675803 -0.1845247298 -0.1615029722
-423.9 -410.9 2656.3 0.9632688165 -0.2679473162 -0.0178164076 -0.0040210835 0.0519461259 -0.9986417890 0.2685088813 0.9620321393 0.0489606448
-310.5 -432.9 2249.3 0.9632688165 -0.0310443398 -0.2667385340 -0.0040210835 0.9915164709 -0.1299188435 0.2685088813 0.1262193471 0.9549720883
-341.4 -392.2 2821.0 0.6030423045 -0.7861957550 0.1350416839 -0.1145465076 -0.2528761029 -0.9606938958 0.7894423008 0.5638704896 -0.2425509542
-46.4 -297.3 2609.4 0.6030423045 -0.2920929193 -0.7423083782 -0.1145465076 0.8891989589 -0.4429495037 0.7894423008 0.3521461189 0.5027663708
-4.1 -156.4 2448.4 0 0 0 0 0 0 0 0 0
-114.6 -104.2 2805.2 0 0 0 0 0 0 0 0 0
-298.8 -806.3 2201.7 0 0 0 0 0 0 0 0 0
106.0 -761.3 2425.7 0 0 0 0 0 0 0 0 0
-243.2 160.3 2601.3 2 0.4540847540 0.2530999184 -0.8542525768 0.0960418582 0.9393097162 0.3293526769 0.8857668638 -0.2315980345 0.4022180438
-294.1 -28.7 2647.9 0.4540847540 0.2530999184 -0.8542525768 0.0960418582 0.9393097162 0.3293526769 0.8857668638 -0.2315980345 0.4022180438
-340.9 -212.8 2695.3 0.4580402672 0.2388038337 -0.8562545180 0.1111561283 0.9402933121 0.3217029572 0.8819543123 -0.2425308526 0.4041476846
-359.4 -44.6 2522.2 -0.4425705373 0.0818667412 -0.8929888606 0.6476584673 0.7179340124 -0.2551651597 0.6202175617 -0.6912804246 -0.3707581162
-257.1 -194.2 2378.9 -0.9491436481 0.0818667412 0.3040135205 -0.1554143727 0.7179340124 -0.6785404682 -0.2738115489 -0.6912804246 -0.6686992049
-228.8 -12.9 2773.5 0.7440779209 0.6539589763 -0.1366957575 -0.5396730304 0.7089482546 0.4540323615 0.3938287497 -0.2640644312 0.8804367781
-109.1 -99.7 2836.9 -0.3341255188 0.6539589763 0.6787472367 -0.0425006114 0.7089482546 -0.7039787769 -0.9415698647 -0.2640644312 -0.2090840340
-425.0 -411.5 2661.9 0.9630010724 -0.2685846090 -0.0221631993 -0.0095511097 0.0481737405 -0.9987933040 0.2693282068 0.9620507360 0.0438260846
-310.1 -432.1 2250.5 0.9630010724 -0.0267898664 -0.2681626678 -0.0095511097 0.9910291433 -0.1333044171 0.2693282068 0.1309335530 0.9541062713
-346.2 -386.9 2822.5 0.5972811580 -0.7919036746 0.1270581931 -0.1123787910 -0.2394902855 -0.9643730521 0.7941197753 0.5617232323 -0.2320362180
-49.1 -297.1 2611.8 0.5972811580 -0.2854230106 -0.7495257854 -0.1123787910 0.8955312967 -0.4305748641 0.7941197753 0.3414050639 0.5028084517
-8.1 -153.4 2450.7 0 0 0 0 0 0 0 0 0
-119.2 -101.0 2808.4 0 0 0 0 0 0 0 0 0
-300.0 -805.4 2201.2 0 0 0 0 0 0 0 0 0
99.8 -764.3 2433.7 0 0 0 0 0 0 0 0 0
-243.7 157.2 2609.3 3 0.4294540882 0.2541036606 -0.8666028380 0.0912603065 0.9424757361 0.3215759397 0.8984657526 -0.2171885520 0.3815604746
-294.4 -30.9 2652.6 0.4294540882 0.2541036606 -0.8666028380 0.0912603065 0.9424757361 0.3215759397 0.8984657526 -0.2171885520 0.3815604746
-341.9 -215.5 2697.3 0.4331009090 0.2426639199 -0.8680655360 0.1051011011 0.9429115653 0.3160245121 0.8951968551 -0.2281051576 0.3828716278
-356.1 -45.9 2525.1 -0.4119923413 0.0705274120 -0.9084537625 0.6507104635 0.7206812501 -0.2391535640 0.6378386617 -0.6896697879 -0.3428080678
-261.4 -195.4 2378.5 -0.9520407915 0.0705274120 0.2977318168 -0.1577311009 0.7206812501 -0.6750847697 -0.2621817291 -0.6896697879 -0.6749935746
-232.7 -15.9 2780.1 0.7339878082 0.6671314240 -0.1272696555 -0.5409292579 0.6875526905 0.4844242036 0.4106792212 -0.2867175937 0.8655261993
-114.6 -102.9 2846.2 -0.3607731462 0.6671314240 0.6517502666 -0.0385377035 0.6875526905 -0.7251111269 -0.9318570495 -0.2867175937 -0.2223408371
-429.1 -407.0 2663.1 0.9609277248 -0.2756460905 -0.0252424683 -0.0089486474 0.0602100231 -0.9981456399 0.2766547799 0.9593716860 0.0553908199
-310.8 -432.8 2251.6 0.9609277248 -0.0307045449 -0.2750912011 -0.0089486474 0.9898630381 -0.1417431533 0.2766547799 0.1386666149 0.9509120584
-350.2 -390.7 2822.8 0.5753963590 -0.8064238429 0.1363802701 -0.1171519905 -0.2462956607 -0.9620882869 0.8094407916 0.5376048684 -0.2361917943
-47.7 -298.3 2621.2 0.5753963590 -0.2974278927 -0.7618764043 -0.1171519905 0.8919534087 -0.4366858602 0.8094407916 0.3405227959 0.4783824980
-11.2 -154.0 2447.4 0 0 0 0 0 0 0 0 0
-125.2 -104.0 2818.9 0 0 0 0 0 0 0 0 0
-299.2 -805.7 2199.3 0 0 0 0 0 0 0 0 0
107.5 -763.8 2443.5 0 0 0 0 0 0 0 0 0
-243.3 156.6 2613.3 4 0.4456407428 0.2490324378 -0.8598762751 0.0687286332 0.9481756687 0.3102246225 0.8925697207 -0.1973468512 0.4054300487
-293.0 -32.7 2652.7 0.4456407428 0.2490324378 -0.8598762751 0.0687286332 0.9481756687 0.3102246225 0.8925697207 -0.1973468512 0.4054300487
-338.8 -218.7 2693.3 0.4495204687 0.2337624878 -0.8621405959 0.0839808434 0.9498167038 0.3013227880 0.8893135190 -0.2078540623 0.4073304832
-357.0 -44.7 2526.0 -0.4066572785 0.0737256631 -0.9106011391 0.6507143974 0.7229928374 -0.2320605814 0.6412492394 -0.6869103909 -0.3419846296
-262.5 -195.9 2377.0 -0.9477898479 0.0737256631 0.3102563322 -0.1634867638 0.7229928374 -0.6712327600 -0.2738001645 -0.6869103909 -0.6731920838
-228.9 -20.7 2779.3 0.7442018390 0.6612192392 -0.0946189463 -0.5472840667 0.6848189831 0.4811477661 0.3829410076 -0.3062876165 0.8715182543
-109.3 -108.7 2840.9 -0.4043709040 0.6612192392 0.6318807602 -0.0185359735 0.6848189831 -0.7284774780 -0.9144072533 -0.3062876165 -0.2646645010
-428.5 -409.7 2661.0 0.9614135027 -0.2746597826 -0.0156875923 -0.0018570808 0.0505428612 -0.9987201691 0.2751011550 0.9602121711 0.0480825230
-311.9 -431.1 2253.4 0.9614135027 -0.0383198895 -0.2724255621 -0.0018570808 0.9893249869 -0.1457141042 0.2751011550 0.1405974180 0.9510792494
-343.9 -397.1 2814.3 0.5911152363 -0.7949529886 0.1365008354 -0.1354326308 -0.2646514475 -0.9547866583 0.7951356769 0.5459023118 -0.2641021013
-45.8 -297.8 2609.6 0.5911152363 -0.2950212061 -0.7506965399 -0.1354326308 0.8811904192 -0.4529475570 0.7951356769 0.3694130182 0.4809295833
-12.6 -152.8 2449.2 0 0 0 0 0 0 0 0 0
-121.0 -109.2 2814.5 0 0 0 0 0 0 0 0 0
-297.5 -803.8 2200.5 0 0 0 0 0 0 0 0 0
108.1 -757.4 2416.9 0 0 0 0 0 0 0 0 0
-246.0 158.5 2615.3 5 0.4444346428 0.2318713963 -0.8652823567 0.0598606132 0.9560742378 0.2869472802 0.8938090205 -0.1793256402 0.4110325575
-292.5 -33.2 2651.2 0.4444346428 0.2318713963 -0.8652823567 0.0598606132 0.9560742378 0.2869472802 0.8938090205 -0.1793256402 0.4110325575
-335.6 -220.3 2689.4 0.4488410354 0.2198696733 -0.8661403060 0.0785095990 0.9558076262 0.2833160460 0.8901561499 -0.1951641887 0.4117438197
-356.5 -44.4 2524.4 -0.4031813443 0.0712751597 -0.9123402238 0.6623359323 0.7106737494 -0.2371791750 0.6314712763 -0.6999018788 -0.3337384760
-263.8 -196.5 2379.3 -0.9497036934 0.0712751597 0.3049306571 -0.1661599576 0.7106737494 -0.6836180687 -0.2654311955 -0.6999018788 -0.6630864143
-228.5 -22.0 2778.0 0.7521868944 0.6525533199 -0.0915919170 -0.5414888263 0.6913139224 0.4784087539 0.3755059838 -0.3102567792 0.8733475804
-107.7 -109.0 2838.4 -0.4181057513 0.6525533199 0.6319507360 -0.0129777417 0.6913139224 -0.7224379778 -0.9083056450 -0.3102567792 -0.2805736661
-425.2 -412.3 2653.7 0.9624551535 -0.2712627649 -0.0098280581 0.0024522415 0.0448948108 -0.9989886880 0.2714296877 0.9614577293 0.0438744426
-312.1 -431.0 2252.9 0.9624551535 -0.0406788923 -0.2683753371 0.0024522415 0.9899694920 -0.1412599683 0.2714296877 0.1352982670 0.9529010057
-338.1 -400.3 2808.1 0.5935904980 -0.7906545401 0.1500523835 -0.1375118643 -0.2833613455 -0.9491031766 0.7929317951 0.5427446365 -0.2769249678
-41.5 -294.0 2604.5 0.5935904980 -0.3075599074 -0.7436781526 -0.1375118643 0.8717377782 -0.4702804685 0.7929317951 0.3814185858 0.4751621485
-12.5 -152.6 2449.6 0 0 0 0 0 0 0 0 0
-119.6 -109.4 2812.4 0 0 0 0 0 0 0 0 0
-296.8 -803.8 2201.9 0 0 0 0 0 0 0 0 0
118.9 -748.8 2405.5 0 0 0 0 0 0 0 0 0
-248.3 159.2 2616.8 6 0.4640550017 0.2245404124 -0.8568748832 0.0592896566 0.9572960734 0.2829646766 0.8838199377 -0.1821149886 0.4309251010
-293.2 -32.0 2653.2 0.4640550017 0.2245404124 -0.8568748832 0.0592896566 0.9572960734 0.2829646766 0.8838199377 -0.1821149886 0.4309251010
-335.3 -219.2 2692.3 0.4684779644 0.2152448148 -0.8568536043 0.0785306320 0.9558826089 0.2830572724 0.8799780607 -0.1998953521 0.4309066236
-359.9 -43.2 2527.8 -0.4249349833 0.0875829309 -0.9009769559 0.6430088282 0.7297695875 -0.2323273271 0.6371576786 -0.6780601144 -0.3664212227
-260.2 -194.1 2378.3 -0.9460788965 0.0875829309 0.3118716478 -0.1521659940 0.7297695875 -0.6665446758 -0.2859723866 -0.6780601144 -0.6770924926
-226.4 -20.8 2778.5 0.7603590488 0.6459749937 -0.0676048920 -0.5414602757 0.6879187822 0.4833099842 0.3587128520 -0.3308837712 0.8728350401
-104.2 -107.9 2836.2 -0.4447509050 0.6459749937 0.6204134822 -0.0131231612 0.6879187822 -0.7256690264 -0.8955581784 -0.3308837712 -0.2974752784
-419.2 -414.5 2647.2 0.9651833773 -0.2614316940 -0.0086342385 0.0026666606 0.0428413935 -0.9990783334 0.2615606487 0.9642707705 0.0420469493
-312.1 -432.1 2252.2 0.9651833773 -0.0388618186 -0.2586712837 0.0026666606 0.9903125167 -0.1388307512 0.2615606487 0.1333073527 0.9559367895
-335.1 -399.3 2810.9 0.6111399531 -0.7782866955 0.1441449970 -0.1373657733 -0.2836351097 -0.9490425587 0.7795118093 0.5601972342 -0.2802506983
-43.2 -292.9 2600.8 0.6111399531 -0.2992152274 -0.7327879667 -0.1373657733 0.8716534376 -0.4704794586 0.7795118093 0.3881887794 0.4916002750
-9.8 -153.9 2453.9 0 0 0 0 0 0 0 0 0
-116.9 -108.2 2810.7 0 0 0 0 0 0 0 0 0
-297.5 -805.1 2202.0 0 0 0 0 0 0 0 0 0
112.9 -747.7 2398.3 0 0 0 0 0 0 0 0 0
-250.3 160.0 2617.0 7 0.4520564973 0.2203204185 -0.8643516898 0.0675893798 0.9577691555 0.2794815004 0.8894248605 -0.1847624183 0.4180744588
-294.3 -31.5 2654.0 0.4520564973 0.2203204185 -0.8643516898 0.0675893798 0.9577691555 0.2794815004 0.8894248605 -0.1847624183 0.4180744588
-335.6 -218.9 2693.0 0.4558129311 0.2105680555 -0.8648096323 0.0842823759 0.9570370317 0.2774465084 0.8860762119 -0.1993519068 0.4184826612
-359.3 -43.5 2527.7 -0.4214414656 0.0757095516 -0.9036897421 0.6403322816 0.7304821610 -0.2374244928 0.6421539187 -0.6787222028 -0.3563347459
-262.7 -190.2 2380.6 -0.9509863853 0.0757095516 0.2998215258 -0.1517716646 0.7304821610 -0.6658536792 -0.2694257498 -0.6787222028 -0.6831880212
-229.4 -19.5 2780.2 0.7595092654 0.6454467177 -0.0808962435 -0.5346890092 0.6902751327 0.4874708652 0.3704771399 -0.3269843161 0.8693836331
-107.3 -105.4 2839.8 -0.4357810318 0.6454467177 0.6272905469 -0.0187832098 0.6902751327 -0.7233031392 -0.8998566866 -0.3269843161 -0.2886852622
-419.8 -413.5 2651.9 0.9654818773 -0.2602939606 -0.0095821125 0.0021891063 0.0448952802 -0.9989892840 0.2604610622 0.9644851089 0.0439153910
-311.7 -432.1 2251.4 0.9654818773 -0.0398785956 -0.2573994100 0.0021891063 0.9894177914 -0.1450782269 0.2604610622 0.1395069212 0.9553521872
-335.6 -398.7 2812.1 0.6015312672 -0.7836102247 0.1552905589 -0.1306919158 -0.2883070707 -0.9485771656 0.7880861163 0.5503035784 -0.2758372426
-41.6 -290.5 2605.7 0.6015312672 -0.3112337887 -0.7357266545 -0.1306919158 0.8702333570 -0.4749879837 0.7880861163 0.3818736374 0.4827968180
-10.8 -150.0 2452.0 0 0 0 0 0 0 0 0 0
-119.7 -105.9 2814.2 0 0 0 0 0 0 0 0 0
-296.7 -804.8 2198.9 0 0 0 0 0 0 0 0 0
120.8 -744.6 2406.4 0 0 0 0 0 0 0 0 0
-247.4 160.3 2608.7 8 0.4552768469 0.2372892350 -0.8581473231 0.0816345289 0.9486464858 0.3056234121 0.8865996003 -0.2091977149 0.4125257730
-294.8 -29.4 2650.5 0.4552768469 0.2372892350 -0.8581473231 0.0816345289 0.9486464858 0.3056234121 0.8865996003 -0.2091977149 0.4125257730
-338.8 -215.2 2693.6 0.4588982165 0.2245051265 -0.8596568704 0.0965175480 0.9492272139 0.2994195819 0.8832308650 -0.2203750908 0.4139299691
-360.2 -43.1 2524.6 -0.3958726823 0.0639233366 -0.9160778522 0.6513101459 0.7227894664 -0.2310205102 0.6473638415 -0.6881054640 -0.3277665377
-272.6 -187.4 2381.3 -0.9719474316 0.0639233366 0.2263448834 -0.1112969443 0.7227894664 -0.6820471883 -0.2071984410 -0.6881054640 -0.6953989267
-229.4 -15.6 2776.3 0.7522338629 0.6550979018 -0.0706463531 -0.5377945900 0.6723851562 0.5086011887 0.3806851506 -0.3445938528 0.8580989838
-108.5 -102.1 2837.5 -0.4397399724 0.6550979018 0.6143903136 -0.0315659083 0.6723851562 -0.7395280600 -0.8975702524 -0.3445938528 -0.2749958634
-418.0 -413.9 2652.0 0.9658396244 -0.2584708929 -0.0186184440 -0.0071744695 0.0451485738 -0.9989545345 0.2590412796 0.9649634361 0.0417518876
-310.4 -432.7 2250.2 0.9658396244 -0.0281281732 -0.2576095164 -0.0071744695 0.9908081293 -0.1350843459 0.2590412796 0.1323180199 0.9567599297
-341.2 -392.4 2816.6 0.6010810733 -0.7867619395 0.1403822005 -0.1227237731 -0.2644398212 -0.9565618038 0.7897090912 0.5577429533 -0.2555041611
-46.1 -293.2 2607.4 0.6010810733 -0.2973755002 -0.7418014407 -0.1227237731 0.8828393221 -0.4533581436 0.7897090912 0.3635416627 0.4941629469
-15.7 -157.9 2436.1 0 0 0 0 0 0 0 0 0
-121.0 -103.0 2812.0 0 0 0 0 0 0 0 0 0
-299.8 -805.9 2200.4 0 0 0 0 0 0 0 0 0
109.0 -753.7 2417.7 0 0 0 0 0 0 0 0 0
-249.1 158.9 2613.0 9 0.4511808753 0.2394283563 -0.8597149849 0.0805309713 0.9484858513 0.3064136803 0.8887916207 -0.2074816823 0.4086572826
-296.9 -30.3 2654.4 0.4511808753 0.2394283563 -0.8597149849 0.0805309713 0.9484858513 0.3064136803 0.8887916207 -0.2074816823 0.4086572826
-341.6 -216.2 2696.9 0.4544190466 0.2282498628 -0.8610489964 0.0936690718 0.9490122795 0.3010013700 0.8858495355 -0.2174344212 0.4098692834
-361.6 -43.7 2528.1 -0.3935238123 0.0544781089 -0.9176988602 0.6530205607 0.7191925049 -0.2373315543 0.6470727921 -0.6926718354 -0.3185946941
-273.5 -189.9 2383.2 -0.9732787013 0.0544781089 0.2230710983 -0.1167281941 0.7191925049 -0.6849355102 -0.1977450550 -0.6926718354 -0.6936156154
-232.1 -17.0 2780.6 0.7487080693 0.6588441133 -0.0732160881 -0.5405731201 0.6707393527 0.5078281164 0.3836885095 -0.3406363726 0.8583413959
-111.8 -103.9 2842.3 -0.4357925057 0.6588441133 0.6131959558 -0.0287929270 0.6707393527 -0.7411340475 -0.8995864987 -0.3406363726 -0.2733331323
-424.2 -409.8 2657.0 0.9622830749 -0.2704155147 -0.0297777019 -0.0148444735 0.0571019091 -0.9982579947 0.2716448307 0.9610487819 0.0509340242
-309.9 -433.9 2250.6 0.9622830749 -0.0230066925 -0.2710755765 -0.0148444735 0.9904928207 -0.1367609501 0.2716448307 0.1356267184 0.9527930021
-345.2 -393.5 2819.6 0.5965483189 -0.7904261947 0.1391276568 -0.1257903576 -0.2632919550 -0.9564800858 0.7926580906 0.5530856848 -0.2564943731
-48.6 -294.7 2612.1 0.5965483189 -0.2969344556 -0.7456272840 -0.1257903576 0.8829668760 -0.4522679448 0.7926580906 0.3635924160 0.4893808961
-15.8 -159.0 2435.5 0 0 0 0 0 0 0 0 0
-124.1 -104.7 2816.7 0 0 0 0 0 0 0 0 0
-301.2 -807.0 2199.6 0 0 0 0 0 0 0 0 0
106.3 -755.5 2422.3 0 0 0 0 0 0 0 0 0
-251.4 157.4 2615.6 0 0.4445311427 0.2298480272 -0.8657724857 0.0816548318 0.9520973563 0.2946915329 0.8920339346 -0.2016940713 0.4044687152
-297.2 -32.0 2655.7 0.4445311427 0.2298480272 -0.8657724857 0.0816548318 0.9520973563 0.2946915329 0.8920339346 -0.2016940713 0.4044687152
-340.3 -218.4 2697.5 0.4477734864 0.2203828692 -0.8665623665 0.0953661352 0.9518507123 0.2913512290 0.8890467882 -0.2131000608 0.4051964283
-361.0 -45.6 2529.0 -0.4030188620 0.0679508001 -0.9126656055 0.6387669444 0.7350454926 -0.2273430675 0.6554026008 -0.6746041775 -0.3396419287
-270.7 -188.7 2382.2 -0.9647517800 0.0679508001 0.2542375028 -0.1238953620 0.7350454926 -0.6666018367 -0.2321722656 -0.6746041775 -0.7007176876
-233.3 -18.4 2782.4 0.7514303923 0.6545208097 -0.0833956972 -0.5344633460 0.6779112220 0.5047626495 0.3869125545 -0.3347220421 0.8592204452
-112.6 -104.3 2844.6 -0.4300805926 0.6545208097 0.6217983365 -0.0302655101 0.6779112220 -0.7345204949 -0.9022830129 -0.3347220421 -0.2717470527
-427.3 -410.5 2659.4 0.9606613517 -0.2761791945 -0.0292364024 -0.0141640138 0.0564129539 -0.9983070493 0.2773609459 0.9594491124 0.0502819419
-309.9 -434.4 2251.5 0.9606613517 -0.0259849094 -0.2765040696 -0.0141640138 0.9897334576 -0.1422219723 0.2773609459 0.1405435652 0.9504306316
-343.0 -396.2 2819.6 0.5926688910 -0.7913361788 0.1501021087 -0.1223855615 -0.2726720273 -0.9542912245 0.7960938215 0.5472083688 -0.2584523559
-46.1 -293.9 2614.3 0.5926688910 -0.3078685105 -0.7442852855 -0.1223855615 0.8789141774 -0.4610115588 0.7960938215 0.3643169701 0.4832264185
-14.9 -155.9 2443.7 0 0 0 0 0 0 0 0 0
-124.8 -105.2 2819.0 0 0 0 0 0 0 0 0 0
-300.1 -807.2 2198.6 0 0 0 0 0 0 0 0 0
114.6 -752.5 2424.2 0 0 0 0 0 0 0 0 0
-251.6 159.7 2616.9 1 0.4336187840 0.2249644399 -0.8725627661 0.0824001655 0.9543780088 0.2870067060 0.8973209858 -0.1963508129 0.3952991068
-296.7 -31.3 2656.2 0.4336187840 0.2249644399 -0.8725627661 0.0824001655 0.9543780088 0.2870067060 0.8973209858 -0.1963508129 0.3952991068
-338.9 -218.0 2697.6 0.4374886751 0.2157528400 -0.8729572892 0.0991512090 0.9532961249 0.2852990329 0.8937408328 -0.2113698721 0.3956640959
-359.0 -45.4 2528.9 -0.4151672721 0.0828154907 -0.9059678316 0.6228265762 0.7517509460 -0.2166970968 0.6631162763 -0.6542263627 -0.3636820614
-265.7 -185.4 2379.8 -0.9605804682 0.0828154907 0.2653805017 -0.1146024242 0.7517509460 -0.6494126916 -0.2532814741 -0.6542263627 -0.7126263976
-234.3 -17.2 2783.6 0.7510632873 0.6531959176 -0.0961202011 -0.5287930369 0.6823064089 0.5048127174 0.3953250349 -0.3283185959 0.8578607440
-113.6 -102.2 2847.2 -0.4203186035 0.6531959176 0.6298153996 -0.0339288935 0.6823064089 -0.7302786112 -0.9067420363 -0.3283185959 -0.2646238506
-423.9 -413.4 2658.9 0.9626840353 -0.2694445550 -0.0252794791 -0.0134384502 0.0457006842 -0.9988647699 0.2702939510 0.9619309306 0.0403744020
-309.9 -432.7 2251.7 0.9626840353 -0.0256640594 -0.2694081962 -0.0134384502 0.9897319674 -0.1423027217 0.2702939510 0.1406129897 0.9524542689
-341.6 -395.7 2819.8 0.5849674940 -0.7951560616 0.1598120183 -0.1175787896 -0.2781003118 -0.9533286095 0.8024888039 0.5388757586 -0.2561731339
-43.3 -291.4 2617.6 0.5849674940 -0.3181226254 -0.7460637093 -0.1175787896 0.8768864870 -0.4660958350 0.8024888039 0.3603721857 0.4755456150
-11.8 -155.1 2446.8 0 0 0 0 0 0 0 0 0
-125.5 -103.1 2821.4 0 0 0 0 0 0 0 0 0
-300.2 -805.5 2198.7 0 0 0 0 0 0 0 0 0
122.7 -749.0 2429.6 0 0 0 0 0 0 0 0 0
-252.3 157.8 2619.6 2 0.4378556609 0.2148752064 -0.8729897141 0.0786423981 0.9581425786 0.2752782702 0.8955991268 -0.1891861558 0.4026298523
-295.1 -33.1 2657.3 0.4378556609 0.2148752064 -0.8729897141 0.0786423981 0.9581425786 0.2752782702 0.8955991268 -0.1891861558 0.4026298523
-336.1 -220.3 2697.8 0.4417359233 0.2093195021 -0.8723844886 0.0961495191 0.9557542801 0.2780089676 0.8919779658 -0.2066859007 0.4020650387
-358.1 -46.8 2530.2 -0.4203727543 0.0843489468 -0.9034223557 0.6109871268 0.7624148726 -0.2131156772 0.6708065271 -0.6415674686 -0.3720345497
-263.4 -184.4 2379.1 -0.9562309384 0.0843489468 0.2801920772 -0.1191154495 0.7624148726 -0.6360307336 -0.2672711313 -0.6415674686 -0.7189974189
-232.2 -19.4 2784.4 0.7561253309 0.6476099491 -0.0942116827 -0.5269646049 0.6878762841 0.4991337657 0.3880499601 -0.3277614713 0.8613882065
-110.6 -104.1 2846.8 -0.4251129627 0.6476099491 0.6323609352 -0.0308061987 0.6878762841 -0.7251738906 -0.9046158791 -0.3277614713 -0.2724747360
-420.7 -413.7 2658.3 0.9641261101 -0.2641228139 -0.0264564361 -0.0147226611 0.0463068001 -0.9988187551 0.2650359273 0.9633767605 0.0407570079
-309.6 -433.1 2253.1 0.9641261101 -0.0238693133 -0.2643691897 -0.0147226611 0.9896072149 -0.1430414319 0.2650359273 0.1418022066 0.9537547231
-337.2 -398.8 2818.9 0.5899100900 -0.7907044888 0.1636841148 -0.1192415431 -0.2857953608 -0.9508430362 0.7986159921 0.5413939953 -0.2628783882
-40.5 -291.6 2615.8 0.5899100900 -0.3210240006 -0.7409113646 -0.1192415431 0.8728787899 -0.4731427431 0.7986159921 0.3674590886 0.4766406417
-12.3 -153.1 2449.3 0 0 0 0 0 0 0 0 0
-122.7 -105.0 2821.1 0 0 0 0 0 0 0 0 0
-300.6 -805.9 2199.6 0 0 0 0 0 0 0 0 0
127.0 -747.1 2424.0 0 0 0 0 0 0 0 0 0
-253.4 158.7 2618.9 3 0.4354704320 0.2101371884 -0.8753330112 0.0823118985 0.9590045810 0.2711732686 0.8964319825 -0.1901382655 0.4003213346
-295.4 -32.6 2656.9 0.4354704320 0.2101371884 -0.8753330112 0.0823118985 0.9590045810 0.2711732686 0.8964319825 -0.1901382655 0.4003213346
-335.5 -219.9 2697.8 0.4394963086 0.2048863173 -0.8745653629 0.1008902341 0.9562177658 0.2747156918 0.8925604820 -0.2089716345 0.3995831311
-358.0 -47.0 2529.7 -0.3665428162 0.0824652761 -0.9267393351 0.6332623363 0.7518530488 -0.1835640222 0.6816341877 -0.6541532278 -0.3278084993
-277.3 -186.3 2379.7 -0.9662280679 0.0824652761 0.2441369444 -0.1004784331 0.7518530488 -0.6516295671 -0.2372919321 -0.6541532278 -0.7181755304
-232.7 -18.2 2784.1 0.7580236793 0.6447635293 -0.0983876511 -0.5220395327 0.6902055740 0.5010898113 0.3909921348 -0.3284757137 0.8597841859
-110.9 -102.1 2846.9 -0.4232191443 0.6447635293 0.6365261674 -0.0355012640 0.6902055740 -0.7227419615 -0.9053315520 -0.3284757137 -0.2692182958
-417.1 -416.2 2657.6 0.9664639831 -0.2558969855 -0.0215442795 -0.0115304003 0.0405686498 -0.9991102219 0.2565433085 0.9658524394 0.0362575427
-309.6 -433.2 2252.2 0.9664639831 -0.0242570397 -0.2556540966 -0.0115304003 0.9904259443 -0.1375629008 0.2565433085 0.1358973831 0.9569312334
-335.9 -398.0 2819.4 0.5889465213 -0.7903054953 0.1689947248 -0.1140068173 -0.2882607877 -0.9507408738 0.8000903130 0.5406689644 -0.2598704100
-39.3 -289.9 2616.5 0.5889465213 -0.3261668086 -0.7394303679 -0.1140068173 0.8722619414 -0.4755644500 0.8000903130 0.3643821180 0.4765303731
-24.5 -160.0 2441.7 0 0 0 0 0 0 0 0 0
-122.9 -103.1 2821.2 0 0 0 0 0 0 0 0 0
-300.5 -806.2 2201.1 0 0 0 0 0 0 0 0 0
130.9 -745.1 2426.4 0 0 0 0 0 0 0 0 0
-254.8 159.2 2618.6 4 0.4340252578 0.2065668404 -0.8768991828 0.0863769427 0.9593325257 0.2687379122 0.8967503309 -0.1923829168 0.3985319436
-296.0 -32.0 2657.0 0.4340252578 0.2065668404 -0.8768991828 0.0863769427 0.9593325257 0.2687379122 0.8967503309 -0.1923829168 0.3985319436
-335.6 -219.3 2698.4 0.4379443526 0.2021102309 -0.8759886622 0.1047473177 0.9562927485 0.2730058730 0.8928788900 -0.2113188356 0.3976325095
-358.4 -47.0 2529.7 -0.4295786321 0.0946414545 -0.8980563283 0.6110334992 0.7627151608 -0.2119048089 0.6649062037 -0.6397722960 -0.3854752481
-261.4 -184.9 2379.6 -0.9628503323 0.0946414545 0.2529076338 -0.0931346565 0.7627151608 -0.6399933696 -0.2534663975 -0.6397722960 -0.7255661488
-233.6 -17.1 2784.2 0.7591570020 0.6430000663 -0.1011513844 -0.5185327530 0.6913549900 0.5031422377 0.3934519887 -0.3295136094 0.8582635522
-111.5 -100.5 2847.5 -0.4218831062 0.6430000663 0.6391913295 -0.0393449068 0.6913549900 -0.7214431763 -0.9057961106 -0.3295136094 -0.2663722038
-415.3 -416.3 2658.1 0.9683208466 -0.2494296283 -0.0118153282 -0.0019395780 0.0398020446 -0.9992057085 0.2497017682 0.9675746560 0.0380573645
-310.5 -433.0 2251.2 0.9683208466 -0.0314477272 -0.2477211654 -0.0019395780 0.9910610914 -0.1333949417 0.2497017682 0.1296495795 0.9596040845
-335.6 -397.2 2820.5 0.5882079601 -0.7901224494 0.1723888516 -0.1099228933 -0.2893008590 -0.9509058595 0.8012043238 0.5403808951 -0.2570216060
-39.1 -288.6 2617.7 0.5882079601 -0.3294642270 -0.7385558486 -0.1099228933 0.8722046614 -0.4766298532 0.8012043238 0.3615416586 0.4768220484
-10.9 -160.6 2445.6 0 0 0 0 0 0 0 0 0
-123.5 -101.6 2821.7 0 0 0 0 0 0 0 0 0
-298.6 -806.3 2202.4 0 0 0 0 0 0 0 0 0
132.9 -743.8 2429.0 0 0 0 0 0 0 0 0 0
-255.2 158.5 2618.4 5 0.4364981055 0.2045524567 -0.8761436343 0.0839820728 0.9602967501 0.2660397887 0.8957769871 -0.1897062212 0.4019889534
-295.9 -32.4 2656.2 0.4364981055 0.2045524567 -0.8761436343 0.0839820728 0.9602967501 0.2660397887 0.8957769871 -0.1897062212 0.4019889534
-334.3 -220.2 2696.3 0.4399777353 0.1959146261 -0.8763772249 0.1006587297 0.9590020776 0.2649203241 0.8923493624 -0.2047740668 0.4022190571
-358.6 -46.8 2529.0 -0.4695543349 0.0938385054 -0.8779026270 0.5993672609 0.7639886141 -0.2389148325 0.6482881904 -0.6383696198 -0.4149778783
-250.8 -184.3 2380.2 -0.9610091448 0.0938385054 0.2601072192 -0.0980113596 0.7639886141 -0.6377422810 -0.2585637271 -0.6383696198 -0.7250027657
-233.2 -18.1 2783.3 0.7633360028 0.6379749775 -0.1015187278 -0.5169831514 0.6975239515 0.4961740673 0.3873583972 -0.3262640536 0.8622674942
-110.5 -101.2 2845.6 -0.4243669212 0.6379749775 0.6425734758 -0.0350836031 0.6975239515 -0.7157020569 -0.9048104286 -0.3262640536 -0.2736236453
-414.8 -416.1 2659.0 0.9692311287 -0.2460031062 -0.0085713929 0.0014602483 0.0405671559 -0.9991757274 0.2461480498 0.9684197307 0.0396781787
-310.9 -433.2 2250.4 0.9692311287 -0.0333942585 -0.2438766509 0.0014602483 0.9915173650 -0.1299659908 0.2461480498 0.1256109625 0.9610582590
-332.9 -399.0 2817.0 0.5912025571 -0.7868280411 0.1771472991 -0.1124607623 -0.2979210317 -0.9479428530 0.7986438870 0.5405041575 -0.2646189630
-37.6 -287.2 2614.2 0.5912025571 -0.3334503770 -0.7343639135 -0.1124607623 0.8675525188 -0.4844638705 0.7986438870 0.3690034151 0.4753991961
-2.7 -159.0 2446.9 0 0 0 0 0 0 0 0 0
-122.6 -102.2 2819.9 0 0 0 0 0 0 0 0 0
-298.4 -806.7 2203.0 0 0 0 0 0 0 0 0 0
136.4 -739.9 2421.6 0 0 0 0 0 0 0 0 0
-252.9 159.1 2617.9 6 0.4256367683 0.2240645289 -0.8767145872 0.0866814554 0.9543074965 0.2859782279 0.9007328749 -0.1977177411 0.3867661059
-297.6 -31.3 2657.3 0.4256367683 0.2240645289 -0.8767145872 0.0866814554 0.9543074965 0.2859782279 0.9007328749 -0.1977177411 0.3867661059
-339.8 -217.8 2699.1 0.4295700192 0.2156555355 -0.8769049644 0.1037407741 0.9528514743 0.2851524651 0.8970548511 -0.2134637535 0.3869441450
-358.8 -46.1 2529.5 -0.4979638755 0.1068532392 -0.8605895638 0.5854396224 0.7735324502 -0.2427095920 0.6397596598 -0.6246838570 -0.4477473497
-241.6 -183.8 2379.0 -0.9539757371 0.1068532392 0.2802010477 -0.0972976312 0.7735324502 -0.6262432933 -0.2836607397 -0.6246838570 -0.7275346518
-236.3 -16.5 2785.1 0.7487467527 0.6545911431 -0.1043490395 -0.5255073905 0.6821475029 0.5084454417 0.4040053487 -0.3258606791 0.8547481894
-116.0 -100.9 2850.1 -0.4126634896 0.6545911431 0.6334186792 -0.0387404226 0.6821475029 -0.7301875949 -0.9100593328 -0.3258606791 -0.2561382353
-412.4 -417.2 2655.7 0.9697362185 -0.2438139319 -0.0129021555 -0.0032638996 0.0398939215 -0.9991986156 0.2441332638 0.9690011740 0.0378907956
-311.1 -433.7 2252.9 0.9697362185 -0.0320914611 -0.2420368493 -0.0032638996 0.9895317554 -0.1442782134 0.2441332638 0.1407017857 0.9594800472
-343.2 -395.0 2821.9 0.5782417655 -0.7992529273 0.1638023555 -0.1132751033 -0.2774753571 -0.9540315270 0.8079636097 0.5331061482 -0.2509832978
-43.4 -290.9 2621.9 0.5782417655 -0.3228557408 -0.7492667437 -0.1132751033 0.8777059317 -0.4656189382 0.8079636097 0.3541135788 0.4709547162
2.4 -158.9 2451.5 0 0 0 0 0 0 0 0 0
-127.7 -102.0 2824.2 0 0 0 0 0 0 0 0 0
-299.0 -806.4 2199.9 0 0 0 0 0 0 0 0 0
125.1 -748.9 2437.2 0 0 0 0 0 0 0 0 0
-256.1 158.8 2617.6 7 0.4381840527 0.2045600414 -0.8752999306 0.0887351185 0.9591614008 0.2685804069 0.8944947124 -0.1953575015 0.4021375775
-296.9 -32.6 2656.6 0.4381840527 0.2045600414 -0.8752999306 0.0887351185 0.9591614008 0.2685804069 0.8944947124 -0.1953575015 0.4021375775
-335.6 -220.0 2697.7 0.4415671825 0.1974835694 -0.8752248883 0.1048629656 0.9574320912 0.2689379156 0.8910791874 -0.2105328441 0.4020618796
-359.8 -47.5 2529.6 -0.5231006145 0.0983181223 -0.8465809822 0.5697957277 0.7790361643 -0.2616018057 0.6337969899 -0.6192222238 -0.4635355175
