-255.6 120.0 2696.1 2 0.5224511027 0.1317616850 -0.8424273133 -0.2560134232 0.9666435122 -0.0075827562 0.8133277297 0.2196343094 0.5387566686
-282.5 -77.5 2651.2 0.5224511027 0.1317616850 -0.8424273133 -0.2560134232 0.9666435122 -0.0075827562 0.8133277297 0.2196343094 0.5387566686
-303.5 -270.9 2610.6 0.5257421136 0.1052771956 -0.8441042304 -0.2290811688 0.9731740952 -0.0213061068 0.8192173243 0.2045699060 0.5357556343
-359.3 -44.1 2531.6 -0.4611011744 0.3630365133 -0.8096852303 0.7814729810 0.5983839631 -0.1767388880 0.4203400016 -0.7142416239 -0.5596187711
-236.7 -251.9 2419.8 -0.8221912980 0.3630365133 0.4384130538 -0.1549449861 0.5983839631 -0.7860844135 -0.5477166772 -0.7142416239 -0.4357354045
-205.8 -111.0 2770.8 0.3553695977 0.6229187846 -0.6969107389 -0.3632537723 0.7790087461 0.5110695362 0.8612543941 0.0715368912 0.5031136274
-92.9 -226.4 3044.3 -0.1136323586 0.6179763675 0.7779414058 0.1167585403 0.7858935595 -0.6072386503 -0.9866383076 0.0218293462 -0.1614569575
-366.7 -445.3 2492.6 0.7356515527 -0.6003405452 -0.3137005270 -0.1714417934 0.2830185890 -0.9436674118 0.6553049088 0.7479918003 0.1052796170
-137.0 -553.6 2206.4 0.7356515527 0.4721895158 -0.4856478572 -0.1714417934 0.8234237432 0.5409076214 0.6553049088 -0.3146592081 0.6867060065
-276.3 -487.1 2646.6 0.4297547340 -0.8826808929 -0.1902243197 -0.2050213367 0.1097789407 -0.9725815058 0.8793617487 0.4569715559 -0.1337903887
65.8 -529.7 2469.5 0.4297547340 0.5928158164 -0.6810875535 -0.2050213367 0.7986581922 0.5657837987 0.8793617487 -0.1035107896 0.4647670388
-5.1 -208.3 2574.1 0 0 0 0 0 0 0 0 0
-115.8 -202.8 2845.3 0 0 0 0 0 0 0 0 0
-317.4 -868.1 2326.6 0 0 0 0 0 0 0 0 0
-160.6 -834.7 2509.1 0 0 0 0 0 0 0 0 0
-257.4 116.2 2695.4 3 0.4648962617 0.1328377724 -0.8753431439 -0.2411930859 0.9702882171 0.0191480983 0.8518787026 0.2022248358 0.4831229150
-284.5 -82.4 2654.0 0.4648962617 0.1328377724 -0.8753431439 -0.2411930859 0.9702882171 0.0191480983 0.8518787026 0.2022248358 0.4831229150
-305.3 -276.5 2617.1 0.4683058262 0.1040583104 -0.8774175048 -0.2131662667 0.9770137072 0.0020963608 0.8574670553 0.1860540807 0.4797229171
-352.8 -51.3 2529.1 -0.4228361249 0.2982035279 -0.8557360768 0.7899100780 0.5840883851 -0.1867693812 0.4441302419 -0.7549273968 -0.4825276434
-245.2 -252.4 2416.1 -0.8729476333 0.2982035279 0.3860532343 -0.1530001760 0.5840883851 -0.7971397042 -0.4631990790 -0.7549273968 -0.4642533958
-216.3 -113.4 2779.0 0.2937958539 0.6267880201 -0.7216790915 -0.3443550169 0.7737064958 0.5317874551 0.8916858435 0.0922768712 0.4431493580
-123.2 -222.5 3061.5 -0.0476810336 0.6251744628 0.7790272236 0.0917135552 0.7793598771 -0.6198280454 -0.9946432114 0.0418933071 -0.0944976583
-372.6 -443.3 2494.8 0.7259411812 -0.6113225818 -0.3151097000 -0.1721163541 0.2821089029 -0.9438170195 0.6658719182 0.7393911481 0.0995758548
-133.2 -553.8 2205.4 0.7259411812 0.4844633341 -0.4881646335 -0.1721163541 0.8151783347 0.5530463457 0.6658719182 -0.3174579740 0.6751555800
-276.2 -485.3 2645.0 0.4429486990 -0.8750006557 -0.1953722686 -0.1903460771 0.1211659387 -0.9742110372 0.8761077523 0.4687138796 -0.1128826514
67.2 -532.9 2461.1 0.4429486990 0.6122735143 -0.6549180150 -0.1903460771 0.7780598402 0.5986579061 0.8761077523 -0.1405136585 0.4611844420
0.9 -209.2 2546.7 0 0 0 0 0 0 0 0 0
-132.8 -204.1 2861.4 0 0 0 0 0 0 0 0 0
-318.3 -865.2 2326.7 0 0 0 0 0 0 0 0 0
-166.5 -829.8 2514.7 0 0 0 0 0 0 0 0 0
-259.8 112.2 2695.1 4 0.4991461337 0.1217940524 -0.8579156995 -0.2583737969 0.9659548998 -0.0131932786 0.8271010518 0.2282483131 0.5136210918
-284.6 -84.4 2648.6 0.4991461337 0.1217940524 -0.8579156995 -0.2583737969 0.9659548998 -0.0131932786 0.8271010518 0.2282483131 0.5136210918
-304.3 -277.4 2605.8 0.5017426610 0.0981593430 -0.8594294786 -0.2355023026 0.9715116620 -0.0265276022 0.8323418498 0.2157076448 0.5105655789
-357.8 -50.2 2527.4 -0.4497887194 0.2829164863 -0.8471412659 0.7835031152 0.5803021193 -0.2221988440 0.4287341833 -0.7636803389 -0.4826793075
-241.8 -252.2 2416.8 -0.8856730461 0.2829164863 0.3681595922 -0.1475600302 0.5803021193 -0.8009216189 -0.4402377307 -0.7636803389 -0.4722108245
-211.5 -118.7 2769.9 0.3305341899 0.6196032763 -0.7119262218 -0.3699606657 0.7790149450 0.5062260032 0.8682604432 0.0960596800 0.4867199361
-106.7 -236.0 3045.1 -0.0850514248 0.6160917878 0.7830690742 0.1246585101 0.7863212228 -0.6051108837 -0.9885476828 0.0461506844 -0.1436788142
-369.0 -451.1 2501.7 0.7391924858 -0.5973511338 -0.3110724986 -0.1839867681 0.2652053535 -0.9464750290 0.6478760242 0.7568604350 0.0861331001
-136.3 -554.4 2206.9 0.7391924858 0.4764039814 -0.4760606289 -0.1839867681 0.8228054047 0.5377175212 0.6478760242 -0.3098878860 0.6958636045
-282.4 -490.0 2656.0 0.4502938092 -0.8709691167 -0.1965916306 -0.2192848027 0.1055585817 -0.9699338078 0.8655343056 0.4798647463 -0.1434579194
64.9 -532.1 2464.6 0.4502938092 0.5970938206 -0.6638633013 -0.2192848027 0.7946899533 0.5660229921 0.8655343056 -0.1093015224 0.4887775779
9.1 -210.4 2541.5 0 0 0 0 0 0 0 0 0
-123.8 -210.9 2846.1 0 0 0 0 0 0 0 0 0
-318.3 -868.8 2325.3 0 0 0 0 0 0 0 0 0
-163.0 -835.3 2506.3 0 0 0 0 0 0 0 0 0
-260.3 111.6 2695.4 5 0.4829355478 0.1199604049 -0.8673999906 -0.2643812299 0.9643190503 -0.0138332872 0.8347908854 0.2360048592 0.4974192083
-284.7 -84.1 2647.5 0.4829355478 0.1199604049 -0.8673999906 -0.2643812299 0.9643190503 -0.0138332872 0.8347908854 0.2360048592 0.4974192083
-304.4 -276.7 2603.2 0.4854026437 0.0988065451 -0.8686895370 -0.2425696850 0.9698057175 -0.0252343398 0.8399668336 0.2229665667 0.4947137237
-355.5 -48.7 2525.0 -0.4421693385 0.2734308541 -0.8542375565 0.7926084399 0.5649120212 -0.2294476181 0.4198310375 -0.7785306573 -0.4665103853
-242.3 -251.7 2417.5 -0.8964193463 0.2734308541 0.3488092422 -0.1438485682 0.5649120212 -0.8125157952 -0.4192134440 -0.7785306573 -0.4670654833
-213.8 -119.4 2770.1 0.3128429353 0.6214607358 -0.7182728052 -0.3764697909 0.7754248977 0.5069386363 0.8720090389 0.1118158549 0.4765473902
-114.6 -238.9 3046.8 -0.0662936866 0.6189048290 0.7826634049 0.1307282895 0.7830150127 -0.6081098318 -0.9891992807 0.0620024092 -0.1328173131
-369.9 -448.8 2486.8 0.7251118422 -0.6157065034 -0.3084125817 -0.1647031158 0.2798020840 -0.9458243251 0.6686446667 0.7366249561 0.1014790311
-135.9 -555.1 2206.9 0.7251118422 0.4767920673 -0.4968723655 -0.1647031158 0.8206725717 0.5471465588 0.6686446667 -0.3149060309 0.6736085415
-277.6 -491.8 2637.8 0.4075081944 -0.8948283792 -0.1822615564 -0.2185708582 0.0982112139 -0.9708662629 0.8866588473 0.4354730248 -0.1555615366
63.6 -529.2 2471.7 0.4075081944 0.5840774775 -0.7019904256 -0.2185708582 0.8087533712 0.5460263491 0.8866588473 -0.0690755472 0.4572359324
12.7 -210.7 2536.8 0 0 0 0 0 0 0 0 0
-127.9 -212.5 2847.5 0 0 0 0 0 0 0 0 0
-318.1 -868.7 2327.2 0 0 0 0 0 0 0 0 0
-159.2 -837.8 2498.0 0 0 0 0 0 0 0 0 0
-258.7 112.3 2694.6 6 0.4875817001 0.1280992329 -0.8636288047 -0.2663820684 0.9638388753 -0.0074291192 0.8314473629 0.2336775213 0.5040735602
-284.7 -83.3 2647.2 0.4875817001 0.1280992329 -0.8636288047 -0.2663820684 0.9638388753 -0.0074291192 0.8314473629 0.2336775213 0.5040735602
-306.0 -275.7 2602.3 0.4896929860 0.1070391983 -0.8652995825 -0.2490338385 0.9682636261 -0.0211579446 0.8355734348 0.2258497775 0.5008082986
-356.2 -47.0 2525.2 -0.4351495802 0.2641328275 -0.8607431054 0.7944446802 0.5625011921 -0.2290198505 0.4236773551 -0.7834706903 -0.4546110630
-243.5 -252.7 2415.5 -0.9003798366 0.2641328275 0.3457600772 -0.1474026442 0.5625011921 -0.8135507703 -0.4093759060 -0.7834706903 -0.4675308168
-213.2 -119.7 2769.1 0.3163998425 0.6275558472 -0.7113822699 -0.3818807900 0.7707214355 0.5100544691 0.8683652282 0.1102820709 0.4835076630
-112.7 -241.0 3044.9 -0.0723657832 0.6247046590 0.7775006890 0.1349973679 0.7785057425 -0.6129473448 -0.9881998301 0.0606041327 -0.1406706721
-368.6 -447.2 2482.0 0.7171152234 -0.6208527088 -0.3166822493 -0.1665713638 0.2885366976 -0.9428682327 0.6767567992 0.7288953662 0.1034977660
-134.5 -555.9 2207.3 0.7171152234 0.4871064126 -0.4984707832 -0.1665713638 0.8142711520 0.5560723543 0.6767567992 -0.3157370090 0.6650642157
-279.4 -491.5 2635.2 0.4021763802 -0.8976171613 -0.1803817898 -0.2118490189 0.1004364640 -0.9721278548 0.8907155395 0.4291805625 -0.1497661322
66.4 -530.2 2469.9 0.4021763802 0.5972120166 -0.6939682961 -0.2118490189 0.7981006503 0.5640526414 0.8907155395 -0.0798321515 0.4474960268
13.2 -210.7 2532.2 0 0 0 0 0 0 0 0 0
-127.3 -213.7 2845.6 0 0 0 0 0 0 0 0 0
-320.7 -867.1 2327.9 0 0 0 0 0 0 0 0 0
-161.6 -834.9 2500.3 0 0 0 0 0 0 0 0 0
-259.8 111.9 2695.7 7 0.4630765915 0.1217156649 -0.8779210448 -0.2654595673 0.9641010165 -0.0063581038 0.8456307054 0.2359968275 0.4787632227
-284.6 -84.9 2647.5 0.4630765915 0.1217156649 -0.8779210448 -0.2654595673 0.9641010165 -0.0063581038 0.8456307054 0.2359968275 0.4787632227
-306.8 -277.3 2602.9 0.4649119377 0.1114722937 -0.8783113360 -0.2502516210 0.9681333303 -0.0095921773 0.8492532372 0.2242583483 0.4779928625
-352.5 -48.4 2523.5 -0.3965466619 0.2401340902 -0.8860509992 0.7996796966 0.5643691421 -0.2049386203 0.4508470893 -0.7898247242 -0.4158290625
-252.2 -250.7 2409.5 -0.9137347341 0.2401340902 0.3277566731 -0.1433004141 0.5643691421 -0.8129898310 -0.3802023232 -0.7898247242 -0.4812723696
-216.7 -121.4 2771.5 0.2893866599 0.6326856017 -0.7183065414 -0.3810687661 0.7645335197 0.5198798776 0.8780899644 0.1232779101 0.4623425007
-124.8 -242.5 3050.3 -0.0449570492 0.6312221289 0.7742980719 0.1309916377 0.7721143961 -0.6218364239 -0.9903635979 0.0734706447 -0.1173968092
-372.2 -445.3 2480.8 0.7081117630 -0.6275346875 -0.3236941993 -0.1704789847 0.2929214537 -0.9408155680 0.6852114201 0.7213855982 0.1004396453
-133.1 -556.9 2205.9 0.7081117630 0.4993092716 -0.4992674589 -0.1704789847 0.8070545793 0.5653315783 0.6852114201 -0.3152033389 0.6566065550
-282.3 -490.9 2633.7 0.4006639421 -0.9005423784 -0.1687952727 -0.1813768446 0.1026249230 -0.9780442715 0.8980928659 0.4224826396 -0.1222194210
63.1 -530.3 2471.6 0.4006639421 0.5800048113 -0.7092692256 -0.1813768446 0.8090111017 0.5591095090 0.8980928659 -0.0953700170 0.4293410182
9.2 -209.7 2518.2 0 0 0 0 0 0 0 0 0
-133.9 -216.0 2850.6 0 0 0 0 0 0 0 0 0
-323.8 -865.3 2326.4 0 0 0 0 0 0 0 0 0
-158.4 -839.2 2508.0 0 0 0 0 0 0 0 0 0
-261.3 111.3 2695.7 8 0.4540242553 0.1215338260 -0.8826615810 -0.2619050443 0.9650918841 -0.0018352774 0.8516265154 0.2320067734 0.4700054526
-286.0 -84.7 2648.6 0.4540242553 0.1215338260 -0.8826615810 -0.2619050443 0.9650918841 -0.0018352774 0.8516265154 0.2320067734 0.4700054526
-307.8 -277.4 2605.6 0.4563367069 0.1097158641 -0.8830171227 -0.2425531596 0.9701262116 -0.0048104180 0.8561102748 0.2163737714 0.4693161249
-352.7 -49.3 2523.6 -0.3988072276 0.2482057065 -0.8828061819 0.7960026860 0.5716947317 -0.1988587677 0.4553377628 -0.7820224166 -0.4255684018
-251.3 -251.7 2407.8 -0.9077361822 0.2482057065 0.3382439613 -0.1446178406 0.5716947317 -0.8076204658 -0.3938283026 -0.7820224166 -0.4830530286
-219.4 -120.1 2773.6 0.2804643810 0.6318060756 -0.7226069570 -0.3730247617 0.7653908730 0.5244323611 0.8844163418 0.1224656776 0.4503441751
-130.3 -238.6 3054.6 -0.0350411721 0.6308419704 0.7751196623 0.1218852997 0.7725037932 -0.6232029200 -0.9919254184 0.0726379305 -0.1039598063
-371.6 -446.7 2480.5 0.7061814666 -0.6263618469 -0.3301190138 -0.1773349792 0.2949182093 -0.9389225245 0.6854633689 0.7215913534 0.0971898958
-135.4 -557.9 2208.5 0.7061814666 0.4956976175 -0.5055606961 -0.1773349792 0.8151078820 0.5514992476 0.6854633689 -0.2998049557 0.6635186076
-286.3 -492.6 2636.0 0.4200021625 -0.8963607550 -0.1418997347 -0.1432157010 0.0889350548 -0.9856874943 0.8961514831 0.4343131483 -0.0910200179
64.4 -527.4 2466.1 0.4200021625 0.5746417046 -0.7024137974 -0.1432157010 0.8062601089 0.5739633441 0.8961514831 -0.1404691637 0.4209286869
8.4 -210.3 2520.5 0 0 0 0 0 0 0 0 0
-137.4 -214.0 2854.5 0 0 0 0 0 0 0 0 0
-324.8 -869.3 2323.0 0 0 0 0 0 0 0 0 0
-154.9 -835.0 2519.7 0 0 0 0 0 0 0 0 0
-263.3 109.8 2695.2 9 0.4430541992 0.1156151369 -0.8890085220 -0.2584951818 0.9660072327 -0.0031971820 0.8584190011 0.2312209457 0.4578795433
-286.9 -87.0 2648.2 0.4430541992 0.1156151369 -0.8890085220 -0.2584951818 0.9660072327 -0.0031971820 0.8584190011 0.2312209457 0.4578795433
-308.1 -280.1 2606.5 0.4457114339 0.1068742499 -0.8887739778 -0.2353503257 0.9719099402 -0.0011546096 0.8636848927 0.2096878737 0.4583442509
-352.0 -52.6 2522.0 -0.4098127186 0.2522087395 -0.8766095638 0.7941628098 0.5714111328 -0.2068687677 0.4487303495 -0.7809481621 -0.4344663620
-248.8 -252.6 2409.0 -0.9048346281 0.2522087395 0.3430234194 -0.1468226463 0.5714111328 -0.8074232936 -0.3996466100 -0.7809481621 -0.4800026417
-221.8 -121.3 2774.3 0.2695115507 0.6301249862 -0.7282211781 -0.3656391501 0.7665327191 0.5279542208 0.8908824325 0.1239764169 0.4369877875
-136.1 -237.5 3057.3 -0.0227316357 0.6297788024 0.7764418721 0.1137103066 0.7732312679 -0.6238455772 -0.9932538867 0.0741084144 -0.0891891494
-371.5 -448.0 2484.1 0.7181068659 -0.6192256212 -0.3176195025 -0.1687619239 0.2878263593 -0.9426957965 0.6751606464 0.7305584550 0.1021883786
-136.4 -557.3 2206.7 0.7181068659 0.4880534708 -0.4961111844 -0.1687619239 0.8137171268 0.5562228560 0.6751606464 -0.3157027662 0.6667007208
-287.8 -492.4 2641.0 0.4226131737 -0.8932760954 -0.1531532109 -0.1656874120 0.0899884999 -0.9820640087 0.8910363913 0.4404087365 -0.1099742875
61.3 -527.6 2468.9 0.4226131737 0.5670513511 -0.7070013285 -0.1656874120 0.8152803779 0.5548563600 0.8910363913 -0.1173483804 0.4385015070
10.4 -210.6 2523.4 0 0 0 0 0 0 0 0 0
-140.7 -214.6 2856.9 0 0 0 0 0 0 0 0 0
-322.8 -868.1 2327.3 0 0 0 0 0 0 0 0 0
-155.1 -838.8 2513.7 0 0 0 0 0 0 0 0 0
-262.5 111.1 2695.5 0 0.4463275075 0.1164279804 -0.8872633576 -0.2595367730 0.9657256007 -0.0038330399 0.8564066887 0.2319882661 0.4612472355
-286.2 -85.5 2648.3 0.4463275075 0.1164279804 -0.8872633576 -0.2595367730 0.9657256007 -0.0038330399 0.8564066887 0.2319882661 0.4612472355
-306.6 -278.7 2606.4 0.4491688311 0.1028783768 -0.8875040412 -0.2344300598 0.9721147418 -0.0059595108 0.8621426225 0.2107344419 0.4607614279
-351.8 -51.3 2522.3 -0.4078463614 0.2473105788 -0.8789191246 0.7996860743 0.5613154173 -0.2131365836 0.4406399131 -0.7897863388 -0.4267012775
-248.6 -253.5 2410.9 -0.9079031944 0.2473105788 0.3384512663 -0.1504730880 0.5613154173 -0.8138076663 -0.3912411630 -0.7897863388 -0.4724064469
-220.6 -119.8 2774.2 0.2736685276 0.6268475056 -0.7294982672 -0.3655688167 0.7693240643 0.5239274502 0.8896431923 0.1232993677 0.4396956861
-133.6 -235.9 3056.9 -0.0259835459 0.6263332963 0.7791222334 0.1149634495 0.7760865688 -0.6200588942 -0.9930298328 0.0734592527 -0.0921709165
-370.2 -451.6 2485.6 0.7250967622 -0.6184495091 -0.3029107153 -0.1675733179 0.2681849003 -0.9486812353 0.6679474711 0.7386454344 0.0908243805
-136.5 -553.0 2206.4 0.7250967622 0.4791525304 -0.4946185350 -0.1675733179 0.8194245696 0.5481446385 0.6679474711 -0.3145730197 0.6744552851
-288.5 -494.8 2644.0 0.4246045351 -0.8922274113 -0.1537571102 -0.1796398014 0.0834261402 -0.9801885486 0.8873784542 0.4438134134 -0.1248564422
63.5 -527.7 2468.9 0.4246045351 0.5779980421 -0.6968710423 -0.1796398014 0.8081819415 0.5608667135 0.8873784542 -0.1129607558 0.4469891787
11.1 -210.5 2522.8 0 0 0 0 0 0 0 0 0
-138.8 -212.7 2856.5 0 0 0 0 0 0 0 0 0
-319.5 -866.1 2326.6 0 0 0 0 0 0 0 0 0
-157.3 -836.4 2512.0 0 0 0 0 0 0 0 0 0
-263.5 110.8 2695.6 1 0.4657530189 0.1007688344 -0.8791585565 -0.2551051676 0.9666064978 -0.0243553165 0.8473461270 0.2356214523 0.4759065509
-284.0 -85.3 2647.8 0.4657530189 0.1007688344 -0.8791585565 -0.2551051676 0.9666064978 -0.0243553165 0.8473461270 0.2356214523 0.4759065509
-301.7 -278.3 2604.0 0.4675908685 0.0890920907 -0.8794437647 -0.2363462746 0.9712862372 -0.0272665992 0.8517624140 0.2206028849 0.4752211571
-352.3 -50.8 2523.4 -0.4208264053 0.2550035119 -0.8705620766 0.7935412526 0.5684804916 -0.2170765400 0.4395422637 -0.7821784616 -0.4415874183
-244.7 -253.8 2411.0 -0.9024946094 0.2550035119 0.3470975459 -0.1504455209 0.5684804916 -0.8088238835 -0.4035710990 -0.7821784616 -0.4746864140
-215.7 -119.8 2772.2 0.2949895561 0.6150054336 -0.7312656641 -0.3707883656 0.7790280581 0.5055998564 0.8806231618 0.1219981164 0.4578420222
-122.0 -237.6 3052.0 -0.0446842946 0.6135343313 0.7884027958 0.1258938611 0.7863577604 -0.6048076153 -0.9910368323 0.0722296685 -0.1123780459
-368.3 -450.4 2485.5 0.7255238295 -0.6149175167 -0.3090171814 -0.1753835529 0.2689900696 -0.9470400810 0.6654740572 0.7412967086 0.0873123035
-135.7 -552.1 2205.1 0.7255238295 0.4794807136 -0.4936733544 -0.1753835529 0.8224785924 0.5410818458 0.6654740572 -0.3059855998 0.6808208823
-285.9 -493.4 2643.6 0.4253954291 -0.8916470408 -0.1549332887 -0.1718175411 0.0885120854 -0.9811444283 0.8885479569 0.4439946115 -0.1155479625
66.8 -528.4 2467.9 0.4253954291 0.5893073082 -0.6868446469 -0.1718175411 0.7977243662 0.5780264735 0.8885479569 -0.1278778613 0.4406016469
12.9 -210.9 2526.2 0 0 0 0 0 0 0 0 0
-131.0 -212.2 2852.1 0 0 0 0 0 0 0 0 0
-318.9 -866.4 2322.0 0 0 0 0 0 0 0 0 0
-158.3 -833.1 2516.8 0 0 0 0 0 0 0 0 0
-258.8 118.2 2696.2 2 0.4611653686 0.1254910529 -0.8783954382 -0.2519803941 0.9677140117 0.0059595229 0.8507834077 0.2185900956 0.4778974652
-284.3 -78.7 2651.7 0.4611653686 0.1254910529 -0.8783954382 -0.2519803941 0.9677140117 0.0059595229 0.8507834077 0.2185900956 0.4778974652
-306.0 -272.0 2611.7 0.4639475346 0.1090613082 -0.8791236281 -0.2289553285 0.9734369516 -0.0000670556 0.8557640910 0.2013111413 0.4765938222
-352.1 -45.3 2526.7 -0.4095767140 0.2454374284 -0.8786395192 0.7974727154 0.5640615821 -0.2141770571 0.4430397153 -0.7884129882 -0.4267561138
-245.1 -253.6 2411.0 -0.9011288881 0.2454374284 0.3573894799 -0.1670814902 0.5640615821 -0.8086521626 -0.4000631571 -0.7884129882 -0.4672841132
-216.5 -112.1 2776.7 0.2888260186 0.6308033466 -0.7201851606 -0.3592537940 0.7686848640 0.5292072296 0.8874211311 0.1058804393 0.4486346841
-124.8 -226.3 3058.7 -0.0437163636 0.6294015050 0.7758495808 0.1072945073 0.7750582695 -0.6227139235 -0.9932656884 0.0560216121 -0.1014140546
-362.3 -449.6 2482.0 0.7310291529 -0.6054855585 -0.3146165311 -0.1703422666 0.2845428884 -0.9434081316 0.6607418656 0.7432513237 0.1048693657
-138.4 -554.9 2207.1 0.7310291529 0.4722988009 -0.4924735427 -0.1703422666 0.8252019286 0.5385400057 0.6607418656 -0.3097993731 0.6836991310
-276.6 -492.9 2638.2 0.4297580123 -0.8905093670 -0.1493356377 -0.1453824043 0.0949875042 -0.9848052263 0.8911632895 0.4449387193 -0.0886427537
68.2 -529.7 2466.0 0.4297580123 0.5995550156 -0.6751605868 -0.1453824043 0.7839221954 0.6035975218 0.8911632895 -0.1612444073 0.4240615964
11.2 -206.1 2524.8 0 0 0 0 0 0 0 0 0
-133.6 -204.6 2858.3 0 0 0 0 0 0 0 0 0
-318.9 -870.2 2325.5 0 0 0 0 0 0 0 0 0
-160.7 -829.0 2527.5 0 0 0 0 0 0 0 0 0
-256.6 121.6 2695.5 3 0.4648213685 0.1361653060 -0.8748714924 -0.2470122874 0.9688151479 0.0195484981 0.8502505422 0.2070174515 0.4839604795
-284.2 -74.7 2653.5 0.4648213685 0.1361653060 -0.8748714924 -0.2470122874 0.9688151479 0.0195484981 0.8502505422 0.2070174515 0.4839604795
-307.1 -268.3 2615.5 0.4678973258 0.1150465682 -0.8762627244 -0.2232145667 0.9747297764 0.0087848287 0.8551300168 0.1914842129 0.4817534983
-352.6 -42.1 2528.6 -0.4184533954 0.3113519847 -0.8532037735 0.7997940183 0.5714696050 -0.1837173253 0.4303792715 -0.7592644095 -0.4881508350
-242.5 -252.5 2415.4 -0.8555973768 0.3113519847 0.4135372043 -0.1791123301 0.5714696050 -0.8008378744 -0.4856663942 -0.7592644095 -0.4331809282
-215.9 -107.3 2778.5 0.2922697365 0.6352293491 -0.7148860693 -0.3524277210 0.7664578557 0.5369702578 0.8890293241 0.0950054899 0.4478848577
-123.0 -219.3 3061.0 -0.0490009822 0.6335672140 0.7721343637 0.0982373506 0.7723718882 -0.6275277734 -0.9939559102 0.0451029576 -0.1000869498
-370.3 -444.4 2493.2 0.7317449450 -0.6030400991 -0.3176348805 -0.1685795188 0.2914162874 -0.9416249394 0.6604015827 0.7425760031 0.1115821972
-137.0 -557.1 2206.0 0.7317449450 0.4743334949 -0.4894456863 -0.1685795188 0.8217494488 0.5443425179 0.6604015827 -0.3158093691 0.6812739372
-285.1 -486.4 2650.2 0.4336220920 -0.8810319901 -0.1890885234 -0.1921249479 0.1146226078 -0.9746536016 0.8803748488 0.4589599669 -0.1195653304
64.5 -531.9 2468.0 0.4336220920 0.6079306602 -0.6651257277 -0.1921249479 0.7835325599 0.5909016132 0.8803748488 -0.1284407526 0.4565556943
-1.2 -202.0 2552.4 0 0 0 0 0 0 0 0 0
-132.9 -199.4 2860.4 0 0 0 0 0 0 0 0 0
-318.3 -871.1 2326.7 0 0 0 0 0 0 0 0 0
-167.6 -831.0 2517.1 0 0 0 0 0 0 0 0 0
-257.8 120.1 2695.6 4 0.4343518317 0.1308432817 -0.8911893964 -0.2295743674 0.9727994204 0.0309341867 0.8709960580 0.1911579221 0.4525754452
-284.4 -77.7 2656.8 0.4343518317 0.1308432817 -0.8911893964 -0.2295743674 0.9727994204 0.0309341867 0.8709960580 0.1911579221 0.4525754452
-306.5 -271.9 2621.5 0.4369510710 0.1108731627 -0.8926258683 -0.2085987926 0.9778100252 0.0193422809 0.8749630451 0.1777490377 0.4503831565
-348.2 -47.2 2529.1 -0.4607107937 0.3717640936 -0.8059386015 0.7873401046 0.5903334618 -0.1777694821 0.4096842110 -0.7164480686 -0.5646777749
-229.2 -250.5 2423.3 -0.7783263922 0.3717640936 0.5059638619 -0.2224222571 0.5903334618 -0.7759089470 -0.5871425271 -0.7164480686 -0.3767835200
-220.6 -108.1 2784.5 0.2597814202 0.6336039305 -0.7287384272 -0.3369298577 0.7666945457 0.5464959145 0.9049816728 0.1035642475 0.4126530886
-138.1 -215.1 3071.9 -0.0136920102 0.6337183118 0.7734426856 0.0802749693 0.7717151046 -0.6308817267 -0.9966787100 0.0534500517 -0.0614380501
-372.9 -441.5 2499.0 0.7356535196 -0.5998535156 -0.3146261871 -0.1655506939 0.2911779583 -0.9422358274 0.6568157077 0.7452456951 0.1148999184
-136.5 -556.2 2205.3 0.7356535196 0.4739216268 -0.4839547276 -0.1655506939 0.8186042905 0.5499818325 0.6568157077 -0.3244770169 0.6806671619
-287.0 -482.4 2655.9 0.4418601692 -0.8764010668 -0.1915221959 -0.1882563829 0.1181521267 -0.9749869704 0.8771083951 0.4668631852 -0.1127813756
66.7 -530.1 2467.4 0.4418601692 0.6097128987 -0.6580348015 -0.1882563829 0.7802150846 0.5965098143 0.8771083951 -0.1396946609 0.4595282972
-9.6 -187.8 2588.9 0 0 0 0 0 0 0 0 0
-140.9 -198.9 2870.9 0 0 0 0 0 0 0 0 0
-317.6 -869.0 2329.3 0 0 0 0 0 0 0 0 0
-166.2 -828.1 2520.8 0 0 0 0 0 0 0 0 0
-258.6 118.0 2697.2 5 0.4353151917 0.1326198727 -0.8904564381 -0.2409653515 0.9701666236 0.0266913734 0.8674309254 0.2029499859 0.4542850554
-285.6 -79.9 2655.8 0.4353151917 0.1326198727 -0.8904564381 -0.2409653515 0.9701666236 0.0266913734 0.8674309254 0.2029499859 0.4542850554
-307.9 -273.8 2618.6 0.4382310510 0.1120631322 -0.8918493986 -0.2177744508 0.9758742452 0.0156124979 0.8720824718 0.1873801351 0.4520629048
-349.6 -48.1 2528.5 -0.4266628325 0.3514979184 -0.8333114982 0.7936369777 0.5873560905 -0.1585973203 0.4337039590 -0.7290143967 -0.5295647979
-240.8 -250.6 2417.8 -0.7995388508 0.3514979184 0.4870182872 -0.2167552710 0.5873560905 -0.7797627449 -0.5601381660 -0.7290143967 -0.3934250176
-221.6 -111.7 2783.1 0.2609972060 0.6344710588 -0.7275485992 -0.3462212086 0.7650538683 0.5429764986 0.9011167288 0.1101774126 0.4193442464
-138.7 -221.7 3069.4 -0.0152559150 0.6345068216 0.7727666497 0.0903144330 0.7705718875 -0.6309217811 -0.9957964420 0.0601666942 -0.0690609068
-368.6 -447.1 2506.0 0.7441678047 -0.5875002742 -0.3178957403 -0.1814214736 0.2802532613 -0.9426262975 0.6428845525 0.7591452599 0.1019702852
-136.2 -558.0 2205.6 0.7441678047 0.4810569882 -0.4634635746 -0.1814214736 0.8132866025 0.5528572202 0.6428845525 -0.3273362815 0.6924957633
-288.5 -485.3 2666.3 0.4681636691 -0.8655195236 -0.1780414134 -0.1861057281 0.1003877744 -0.9773878455 0.8638214469 0.4907119870 -0.1140802354
66.6 -526.5 2465.0 0.4681636691 0.5881630182 -0.6594596505 -0.1861057281 0.7951878905 0.5770969391 0.8638214469 -0.1474465877 0.4817385674
-14.1 -189.2 2576.6 0 0 0 0 0 0 0 0 0
-141.8 -203.5 2868.5 0 0 0 0 0 0 0 0 0
-320.0 -868.7 2330.7 0 0 0 0 0 0 0 0 0
-158.0 -830.2 2521.3 0 0 0 0 0 0 0 0 0
-258.9 116.9 2696.0 6 0.4330075383 0.1345503032 -0.8912916183 -0.2462961376 0.9688295126 0.0265998580 0.8670886159 0.2080037445 0.4526496828
-286.3 -80.7 2653.6 0.4330075383 0.1345503032 -0.8912916183 -0.2462961376 0.9688295126 0.0265998580 0.8670886159 0.2080037445 0.4526496828
-309.1 -274.5 2615.7 0.4361962378 0.1144455597 -0.8925441504 -0.2214023769 0.9750374556 0.0168213733 0.8721891046 0.1902739704 0.4506461918
-350.0 -48.4 2526.2 -0.4400815368 0.3768796623 -0.8150398731 0.7941940427 0.5869165659 -0.1574318260 0.4190275371 -0.7165826559 -0.5576066971
-238.6 -249.6 2420.0 -0.7835755944 0.3768796623 0.4939342141 -0.2105224282 0.5869165659 -0.7817987204 -0.5845422149 -0.7165826559 -0.3805518746
-222.6 -113.1 2780.9 0.2585535944 0.6363946795 -0.7267405987 -0.3494255245 0.7629923224 0.5438240170 0.9005841613 0.1133340448 0.4196469486
-140.5 -224.1 3067.1 -0.0133520691 0.6365284324 0.7711376548 0.0931175873 0.7686465383 -0.6328598857 -0.9955655932 0.0633564889 -0.0695350170
-370.4 -447.7 2501.4 0.7340825796 -0.5979294181 -0.3218745887 -0.1845112294 0.2805360854 -0.9419422150 0.6535123587 0.7508528233 0.0956119671
-135.5 -557.9 2206.5 0.7340825796 0.4900088608 -0.4701213837 -0.1845112294 0.8101965785 0.5563606024 0.6535123587 -0.3216719329 0.6851633191
-290.0 -487.7 2661.3 0.4630421996 -0.8655134439 -0.1909931153 -0.2117897719 0.1011994407 -0.9720616341 0.8606607914 0.4905559421 -0.1364472955
65.3 -529.2 2459.9 0.4630421996 0.5976498127 -0.6545277834 -0.2117897719 0.7916787863 0.5730530024 0.8606607914 -0.1267254353 0.4931568205
-16.8 -190.0 2585.5 0 0 0 0 0 0 0 0 0
-143.1 -205.3 2866.2 0 0 0 0 0 0 0 0 0
-322.8 -867.5 2329.4 0 0 0 0 0 0 0 0 0
-162.9 -831.6 2508.3 0 0 0 0 0 0 0 0 0
-260.9 114.5 2695.9 7 0.4215954542 0.1263946444 -0.8979318738 -0.2459192276 0.9690640569 0.0209437665 0.8728006482 0.2119889259 0.4396358728
-286.6 -82.4 2652.8 0.4215954542 0.1263946444 -0.8979318738 -0.2459192276 0.9690640569 0.0209437665 0.8728006482 0.2119889259 0.4396358728
-308.1 -276.2 2614.6 0.4246708155 0.1082726419 -0.8988502026 -0.2204378992 0.9753098488 0.0133346273 0.8781012893 0.1924778372 0.4380530417
-348.6 -50.2 2524.5 -0.4403235912 0.3906569779 -0.8083948493 0.7964234352 0.5856373310 -0.1507935226 0.4145176411 -0.7102225423 -0.5689982772
-238.3 -249.9 2420.6 -0.7786067724 0.3906569779 0.4910790324 -0.2013756931 0.5856373310 -0.7851603627 -0.5943225622 -0.7102225423 -0.3773123622
-224.6 -114.6 2781.1 0.2249185145 0.6276397109 -0.7453053594 -0.3098119795 0.7712748051 0.5560140610 0.9238117933 0.1058466658 0.3679243028
-147.6 -220.7 3097.3 0.0087655000 0.6280977130 0.7780851126 0.0948586315 0.7740837336 -0.6259362698 -0.9954521656 0.0792947337 -0.0527952611
-371.8 -447.9 2498.0 0.7324329615 -0.6049807072 -0.3123143017 -0.1714906693 0.2799987793 -0.9445589781 0.6588876247 0.7453851104 0.1013317779
-134.7 -557.7 2205.8 0.7324329615 0.4861656725 -0.4766391516 -0.1714906693 0.8092399836 0.5618910789 0.6588876247 -0.3298083842 0.6760869622
-291.8 -488.5 2657.9 0.4473176301 -0.8716394901 -0.2003784627 -0.2374040037 0.1002877355 -0.9662203193 0.8622912765 0.4797780216 -0.1620702446
65.3 -529.6 2461.3 0.4473176301 0.6024128199 -0.6610640883 -0.2374040037 0.7925959826 0.5616323948 0.8622912765 -0.0942887962 0.4975573719
-18.6 -193.0 2588.3 0 0 0 0 0 0 0 0 0
-145.6 -198.8 2868.1 0 0 0 0 0 0 0 0 0
-320.5 -866.9 2331.9 0 0 0 0 0 0 0 0 0
-164.7 -832.3 2497.3 0 0 0 0 0 0 0 0 0
-262.2 110.3 2698.8 8 0.4242285490 0.1195549443 -0.8976284266 -0.2575712204 0.9662342668 0.0069616921 0.8681516051 0.2282498926 0.4406980574
-286.5 -86.1 2652.4 0.4242285490 0.1195549443 -0.8976284266 -0.2575712204 0.9662342668 0.0069616921 0.8681516051 0.2282498926 0.4406980574
-307.4 -279.4 2611.1 0.4270995259 0.1049638242 -0.8980916142 -0.2327799499 0.9725249410 0.0029615313 0.8737273812 0.2077928632 0.4397983849
-348.9 -52.1 2524.8 -0.4736127257 0.4467184544 -0.7590346336 0.7895365953 0.5972531438 -0.1411405504 0.3902857602 -0.6661315560 -0.6355672479
-229.6 -251.0 2426.5 -0.7483364344 0.4467184544 0.4903419614 -0.1586286426 0.5972531438 -0.7862096429 -0.6440726519 -0.6661315560 -0.3760839701
-224.1 -120.1 2780.0 0.2187854499 0.6229929924 -0.7510077357 -0.3063185215 0.7745974660 0.5533242226 0.9264458418 0.1089883074 0.3603049517
-146.4 -228.9 3109.0 0.0083206967 0.6232128143 0.7820080519 0.1119815707 0.7765352726 -0.6200428605 -0.9936754704 0.0927296728 -0.0633270368
-368.6 -449.8 2495.8 0.7226285338 -0.6111587286 -0.3229442239 -0.1850689650 0.2790811360 -0.9422649145 0.6660010815 0.7406744957 0.0885654837
-130.3 -558.6 2207.0 0.7226285338 0.5008319020 -0.4764193296 -0.1850689650 0.8042458892 0.5647459626 0.6660010815 -0.3199311197 0.6738594770
-290.7 -490.2 2656.8 0.4477545023 -0.8733707070 -0.1916754097 -0.2179915160 0.1012733430 -0.9706819057 0.8671767712 0.4764108062 -0.1450418234
67.3 -531.8 2461.5 0.4477545023 0.6124690771 -0.6514580250 -0.2179915160 0.7813607454 0.5847692490 0.8671767712 -0.1198207289 0.4833708704
-19.4 -206.5 2607.3 0 0 0 0 0 0 0 0 0
-144.4 -201.5 2866.0 0 0 0 0 0 0 0 0 0
-321.6 -865.9 2329.2 0 0 0 0 0 0 0 0 0
-166.5 -830.1 2507.3 0 0 0 0 0 0 0 0 0
-260.2 112.3 2697.3 9 0.4429714084 0.1279555559 -0.8873577118 -0.2663997710 0.9638439417 0.0059972540 0.8560417295 0.2337352782 0.4610426426
-286.3 -84.3 2649.6 0.4429714084 0.1279555559 -0.8873577118 -0.2663997710 0.9638439417 0.0059972540 0.8560417295 0.2337352782 0.4610426426
-307.6 -277.0 2606.3 0.4458140731 0.1069666967 -0.8887113929 -0.2429992706 0.9700128436 -0.0051461384 0.8615109921 0.2182504535 0.4584381878
-351.5 -48.8 2523.8 -0.5287954211 0.4710409939 -0.7060423493 0.7766290307 0.6041010618 -0.1786316484 0.3423781097 -0.6427925825 -0.6852699518
-215.3 -248.8 2435.7 -0.7413389683 0.4710409939 0.4780553281 -0.1238082200 0.6041010618 -0.7872315049 -0.6596120596 -0.6427925825 -0.3895249069
-221.2 -119.8 2775.4 0.2349224687 0.6222029924 -0.7467763424 -0.3092544675 0.7761996984 0.5494321585 0.9215058684 0.1018699482 0.3747658134
-136.3 -231.6 3108.6 -0.0123636816 0.6221006513 0.7828396559 0.1249696240 0.7777224183 -0.6160604358 -0.9920835495 0.0902144015 -0.0873591974
-367.4 -451.2 2489.7 0.7207880020 -0.6142490506 -0.3211896122 -0.1872184128 0.2736311853 -0.9434379935 0.6673933864 0.7401514053 0.0822313428
-130.4 -556.8 2204.1 0.7207880020 0.4982294142 -0.4819046557 -0.1872184128 0.8093279004 0.5567204356 0.6673933864 -0.3110559881 0.6766315699
-289.1 -493.9 2650.0 0.4397158921 -0.8813277483 -0.1729488224 -0.2159855664 0.0831483305 -0.9728497267 0.8717799187 0.4651319385 -0.1537924409
66.5 -527.5 2462.3 0.4397158921 0.5979887843 -0.6701188684 -0.2159855664 0.7946303487 0.5673736334 0.8717799187 -0.1047471836 0.4785685539
-6.7 -213.9 2621.3 0 0 0 0 0 0 0 0 0
-139.4 -200.1 2858.8 0 0 0 0 0 0 0 0 0
-320.8 -866.1 2323.0 0 0 0 0 0 0 0 0 0
-161.8 -830.9 2502.3 0 0 0 0 0 0 0 0 0
-261.2 113.3 2697.0 0 0.4309042096 0.1270373166 -0.8934109211 -0.2595188022 0.9656617045 0.0121414773 0.8642751575 0.2266251147 0.4490762651
-287.0 -83.3 2650.9 0.4309042096 0.1270373166 -0.8934109211 -0.2595188022 0.9656617045 0.0121414773 0.8642751575 0.2266251147 0.4490762651
-308.7 -276.4 2609.4 0.4338404238 0.1092025936 -0.8943474293 -0.2354371399 0.9718793631 0.0044609038 0.8696848750 0.2086272687 0.4473508894
-350.4 -48.9 2523.9 -0.5432518721 0.4650493562 -0.6990039349 0.7705821395 0.6066988707 -0.1952425092 0.3332874775 -0.6447058320 -0.6879490614
-210.5 -247.4 2438.0 -0.7535933852 0.4650493562 0.4645708203 -0.1108660623 0.6066988707 -0.7871627808 -0.6479241252 -0.6447058320 -0.4056460857
-223.6 -117.7 2777.9 0.2553144693 0.6236152649 -0.7388629913 -0.3183418512 0.7757996917 0.5447874069 0.9129474163 0.0961189047 0.3965957165
-131.2 -232.9 3108.3 -0.0545967408 0.6229161620 0.7803810835 0.1482984871 0.7779375911 -0.6105904579 -0.9874344468 0.0823930949 -0.1348503828
-369.8 -447.5 2483.9 0.7175711393 -0.6228779554 -0.3116323352 -0.1685269028 0.2788605988 -0.9454287291 0.6757887006 0.7309308052 0.0951306224
-130.8 -554.5 2203.5 0.7175711393 0.4905745387 -0.4943969250 -0.1685269028 0.8110488653 0.5601771474 0.6757887006 -0.3186477721 0.6646602154
-288.0 -492.0 2641.9 0.4210095406 -0.8902624249 -0.1737346798 -0.2092527151 0.0910440907 -0.9736140370 0.8825895190 0.4462552667 -0.1479593962
63.3 -528.0 2465.8 0.4210095406 0.5828604698 -0.6949997544 -0.2092527151 0.8079577088 0.5508335829 0.8825895190 -0.0864756256 0.4621230364
1.7 -216.2 2620.4 0 0 0 0 0 0 0 0 0
-144.9 -195.9 2861.8 0 0 0 0 0 0 0 0 0
-318.3 -864.4 2325.3 0 0 0 0 0 0 0 0 0
-159.3 -836.5 2498.8 0 0 0 0 0 0 0 0 0
-261.0 112.5 2696.4 1 0.4333800673 0.1201580912 -0.8931649923 -0.2538117766 0.9672285318 0.0069677695 0.8647319078 0.2236761004 0.4496751130
-285.5 -84.9 2650.7 0.4333800673 0.1201580912 -0.8931649923 -0.2538117766 0.9672285318 0.0069677695 0.8647319078 0.2236761004 0.4496751130
-306.0 -278.3 2609.7 0.4360653758 0.1027422845 -0.8940307498 -0.2304364294 0.9730871916 -0.0005683784 0.8699114919 0.2062651068 0.4480052292
-349.2 -51.3 2523.7 -0.5505744219 0.4507725239 -0.7026179433 0.7696156502 0.6001171470 -0.2180621177 0.3233566880 -0.6608052254 -0.6773307323
-208.1 -248.6 2440.8 -0.7714460492 0.4507725239 0.4490825236 -0.1105256826 0.6001171470 -0.7922394872 -0.6266219616 -0.6608052254 -0.4131360948
-221.8 -118.6 2777.8 0.2748413384 0.6176484227 -0.7368667722 -0.3231462836 0.7811382413 0.5342279673 0.9055598974 0.0912878290 0.4142798781
-122.3 -235.6 3105.7 -0.0843849257 0.6164399981 0.7828671336 0.1622102559 0.7836874723 -0.5996013284 -0.9831414223 0.0763917640 -0.1661242843
-370.2 -447.9 2488.2 0.7216455936 -0.6168010831 -0.3142992556 -0.1740188897 0.2778078914 -0.9447434545 0.6700336337 0.7364639640 0.0931437984
-132.3 -555.1 2204.1 0.7216455936 0.4944997430 -0.4844560027 -0.1740188897 0.8069256544 0.5644363761 0.6700336337 -0.3230185211 0.6683666706
-290.7 -491.1 2647.7 0.4326947629 -0.8839550614 -0.1771967858 -0.2096970528 0.0924770907 -0.9733833671 0.8768137693 0.4583355188 -0.1453484148
65.5 -528.4 2463.0 0.4326947629 0.5886833668 -0.6828082800 -0.2096970528 0.8023248315 0.5588398576 0.8768137693 -0.0986241996 0.4706069231
11.1 -217.2 2618.8 0 0 0 0 0 0 0 0 0
-143.3 -195.3 2861.2 0 0 0 0 0 0 0 0 0
-321.3 -863.4 2327.6 0 0 0 0 0 0 0 0 0
-159.3 -834.8 2500.7 0 0 0 0 0 0 0 0 0
-262.2 109.5 2696.1 2 0.4356751144 0.1122339517 -0.8930793405 -0.2473129481 0.9689350128 0.0011189512 0.8654614687 0.2203825861 0.4498977661
-285.0 -87.8 2651.2 0.4356751144 0.1122339517 -0.8930793405 -0.2473129481 0.9689350128 0.0011189512 0.8654614687 0.2203825861 0.4498977661
-303.9 -281.4 2610.8 0.4381357729 0.0948375389 -0.8938919902 -0.2242184281 0.9745171666 -0.0065078419 0.8704959154 0.2032783777 0.4482351840
-349.0 -55.0 2524.1 -0.5444908142 0.4228130579 -0.7244024277 0.7696453333 0.5951756835 -0.2311101407 0.3334303498 -0.6833702922 -0.6494837999
-210.8 -250.4 2439.4 -0.7921242714 0.4228130579 0.4401911795 -0.1235672757 0.5951756835 -0.7940384150 -0.5977209210 -0.6833702922 -0.4192072451
-221.0 -120.5 2778.4 0.2859877348 0.6108865142 -0.7382605672 -0.3224054575 0.7868648171 0.5262113810 0.9023667574 0.0875292271 0.4219868481
-117.4 -237.3 3105.3 -0.1000247374 0.6093873978 0.7865380049 0.1667627245 0.7895879149 -0.5905430317 -0.9809104204 0.0720963031 -0.1806014329
-366.4 -450.5 2489.0 0.7304757833 -0.6086999774 -0.3096602261 -0.1696219295 0.2775086462 -0.9456306696 0.6615387201 0.7432854772 0.0994644836
-133.8 -556.6 2205.0 0.7304757833 0.4875444770 -0.4782316089 -0.1696219295 0.8078337908 0.5644758344 0.6615387201 -0.3312173784 0.6728012562
-286.4 -492.8 2648.5 0.4459158480 -0.8801725507 -0.1626510471 -0.1764852554 0.0916913971 -0.9800232649 0.8775032759 0.4657134116 -0.1144508272
64.4 -529.3 2462.9 0.4459158480 0.5750205517 -0.6859376431 -0.1764852554 0.8077862263 0.5624361038 0.8775032759 -0.1297412813 0.4616873264
15.9 -215.0 2610.5 0 0 0 0 0 0 0 0 0
-142.3 -195.9 2861.7 0 0 0 0 0 0 0 0 0
-320.1 -865.3 2331.5 0 0 0 0 0 0 0 0 0
-155.2 -837.8 2512.5 0 0 0 0 0 0 0 0 0
-260.5 110.7 2695.9 3 0.4443190098 0.1157921925 -0.8883540034 -0.2517089248 0.9678029418 0.0002532476 0.8597809076 0.2234940976 0.4591591656
-284.1 -86.5 2650.4 0.4443190098 0.1157921925 -0.8883540034 -0.2517089248 0.9678029418 0.0002532476 0.8597809076 0.2234940976 0.4591591656
-302.8 -279.9 2608.6 0.4466891885 0.0941361561 -0.8897230625 -0.2297945321 0.9731600881 -0.0124051878 0.8646752238 0.2099947631 0.4563320875
-349.4 -53.0 2524.1 -0.5023747683 0.4135409296 -0.7593441010 0.7832556367 0.5896366835 -0.1970766038 0.3662378788 -0.6937668920 -0.6201268435
-222.0 -251.6 2431.2 -0.8010023236 0.4135409296 0.4328731298 -0.1266580820 0.5896366835 -0.7976755500 -0.5851093531 -0.6937668920 -0.4199220538
-218.9 -120.1 2776.7 0.2992166579 0.6094061732 -0.7342298627 -0.3307832778 0.7880146503 0.5192449689 0.8950150013 0.0875042081 0.4373684824
-110.4 -240.0 3101.0 -0.1164608523 0.6076221466 0.7856413126 0.1782751083 0.7909656167 -0.5853130817 -0.9770644307 0.0718942285 -0.2004404217
-362.9 -454.5 2490.6 0.7344159484 -0.6012706757 -0.3148122728 -0.1798769981 0.2748211026 -0.9445197582 0.6544290781 0.7502979040 0.0936782435
-134.9 -558.7 2206.0 0.7344159484 0.4853604734 -0.4744032025 -0.1798769981 0.8131884336 0.5535058975 0.6544290781 -0.3211693466 0.6845237613
-282.6 -495.6 2650.3 0.4625592232 -0.8762528896 -0.1349810213 -0.1447083503 0.0755875483 -0.9865829945 0.8746990561 0.4758859277 -0.0918373987
64.7 -525.6 2461.7 0.4625592232 0.5600028038 -0.6873396635 -0.1447083503 0.8125548959 0.5646361709 0.8746990561 -0.1617138833 0.4568918347
7.3 -215.3 2598.7 0 0 0 0 0 0 0 0 0
-139.3 -195.7 2858.5 0 0 0 0 0 0 0 0 0
-320.3 -869.4 2328.7 0 0 0 0 0 0 0 0 0
-149.1 -835.7 2523.4 0 0 0 0 0 0 0 0 0
-260.6 109.3 2695.8 4 0.4594848156 0.1121894121 -0.8810716271 -0.2571306527 0.9663134217 -0.0110518802 0.8501514792 0.2316287160 0.4728536904
-283.5 -88.0 2648.6 0.4594848156 0.1121894121 -0.8810716271 -0.2571306527 0.9663134217 -0.0110518802 0.8501514792 0.2316287160 0.4728536904
-301.8 -281.2 2605.6 0.4619126916 0.0919116512 -0.8821501732 -0.2340738326 0.9719855785 -0.0212944113 0.8554800749 0.2163244188 0.4704865813
-351.0 -53.8 2523.6 -0.4274840057 0.3524638712 -0.8324822187 0.8031485677 0.5707839727 -0.1707573235 0.4149817228 -0.7416028976 -0.5270818472
-245.9 -251.3 2421.6 -0.8528075218 0.3524638712 0.3853421509 -0.1304024160 0.5707839727 -0.8106792569 -0.5056822896 -0.7416028976 -0.4408067167
-216.0 -122.2 2773.5 0.3175787330 0.6060910225 -0.7292444706 -0.3372079730 0.7909718156 0.5105432272 0.8862474561 0.0837693810 0.4555745423
-101.0 -244.4 3094.7 -0.1367626041 0.6039648652 0.7851894498 0.1874326020 0.7940964103 -0.5781694651 -0.9727101326 0.0680981427 -0.2218054086
-362.5 -452.2 2487.6 0.7311536670 -0.6037223339 -0.3177005947 -0.1785770506 0.2800857127 -0.9432190657 0.6584258676 0.7463721037 0.0969747305
-135.1 -557.7 2206.4 0.7311536670 0.4881655574 -0.4765592515 -0.1785770506 0.8111425042 0.5569183230 0.6584258676 -0.3220903277 0.6802449822
-280.6 -494.4 2646.2 0.4542317986 -0.8788887858 -0.1456982046 -0.1592695713 0.0807958543 -0.9839233756 0.8765310645 0.4701345861 -0.1032802016
62.1 -525.9 2462.9 0.4542317986 0.5553873777 -0.6965761185 -0.1592695713 0.8199219108 0.5498738289 0.8765310645 -0.1388268024 0.4608909190
-2.6 -214.1 2565.8 0 0 0 0 0 0 0 0 0
-134.9 -197.9 2853.4 0 0 0 0 0 0 0 0 0
-321.6 -867.7 2329.5 0 0 0 0 0 0 0 0 0
-150.0 -838.9 2515.9 0 0 0 0 0 0 0 0 0
-257.7 111.9 2696.3 5 0.4552004635 0.1225471273 -0.8819153905 -0.2544299066 0.9670863748 0.0030581774 0.8532631397 0.2229935527 0.4713978171
-282.7 -85.6 2650.8 0.4552004635 0.1225471273 -0.8819153905 -0.2544299066 0.9670863748 0.0030581774 0.8532631397 0.2229935527 0.4713978171
-302.7 -279.1 2609.9 0.4581699371 0.1004761234 -0.8831675053 -0.2285916060 0.9734908342 -0.0078368178 0.8589680791 0.2054752856 0.4689922631
-349.7 -52.2 2525.3 -0.3903947175 0.3666406274 -0.8444919586 0.8082193732 0.5757511854 -0.1236610711 0.4408780634 -0.7308113575 -0.5210962892
-253.8 -250.8 2417.0 -0.8434248567 0.3666406274 0.3926948011 -0.1258632839 0.5757511854 -0.8078793287 -0.5222958922 -0.7308113575 -0.4394562542
