-37.0 12.4 2825.5 16 0.2490114570 0.3692438900 -0.8953503370 -0.1826809496 0.9257832766 0.3309879303 0.9511156678 0.0811436698 0.2979844809
-109.7 -169.9 2809.5 0.2490114570 0.3692438900 -0.8953503370 -0.1826809496 0.9257832766 0.3309879303 0.9511156678 0.0811436698 0.2979844809
-186.0 -352.7 2795.1 0.2503979802 0.3841289580 -0.8886764050 -0.1792831123 0.9204403162 0.3473431170 0.9513981342 0.0723506659 0.2993442416
-144.9 -144.7 2675.8 -0.6560068130 0.1075851545 -0.7470478415 0.6085123420 0.6609407067 -0.4391697943 0.4465061724 -0.7426862121 -0.4990485013
18.4 -296.2 2564.6 -0.9613461494 0.1075851545 0.2534542680 -0.1212819442 0.6609407067 -0.7405728102 -0.2471928746 -0.7426862121 -0.6223446727
-74.5 -195.1 2943.2 0.7579224110 0.2068345100 -0.6186866164 -0.6461411119 0.3685081005 -0.6683587432 0.0897513703 0.9063229561 0.4129448235
104.3 -347.5 2964.4 0.9765414596 0.2068345100 0.0598855540 -0.0210573673 0.3685081005 -0.9293860197 -0.2142974138 0.9063229561 0.3642188013
-287.4 -522.0 2692.4 0.8575316668 -0.5049777627 -0.0981677994 -0.1084396914 0.0090981284 -0.9940614104 0.5028720498 0.8630843759 -0.0469577014
-90.0 -525.5 2355.0 0.8575316668 0.1922078878 -0.4771745801 -0.1084396914 0.9742736816 0.1975642145 0.5028720498 -0.1176728979 0.8563134670
-239.3 -552.0 2867.8 0.2041878998 -0.9751620293 0.0858272240 0.0022603977 -0.0872044787 -0.9961878657 0.9789291024 0.2036035210 -0.0156018455
148.0 -517.4 2786.9 0.2041878998 0.0247475095 -0.9786188602 0.0022603977 0.9996657968 0.0257513784 0.9789291024 -0.0074701877 0.2040637285
268.2 -264.7 2628.8 0 0 0 0 0 0 0 0 0
358.0 -353.0 2908.7 0 0 0 0 0 0 0 0 0
-163.5 -897.9 2400.0 0 0 0 0 0 0 0 0 0
138.6 -899.2 2789.8 0 0 0 0 0 0 0 0 0
-36.7 13.0 2822.1 17 0.2513144016 0.3936071098 -0.8842592835 -0.1702435613 0.9173132181 0.3599355221 0.9528159499 0.0600824617 0.2975431085
-114.3 -167.9 2810.3 0.2513144016 0.3936071098 -0.8842592835 -0.1702435613 0.9173132181 0.3599355221 0.9528159499 0.0600824617 0.2975431085
-194.7 -349.2 2800.1 0.2534060180 0.4047607183 -0.8786092401 -0.1654484123 0.9130064249 0.3728888035 0.9531066418 0.0508722439 0.2983283401
-150.0 -144.6 2676.2 -0.6540077925 0.1040716544 -0.7492949367 0.6074532866 0.6625714302 -0.4381776154 0.4508595467 -0.7417332530 -0.4965455532
12.7 -295.8 2564.1 -0.9621424079 0.1040716544 0.2518950403 -0.1218138337 0.6625714302 -0.7390267253 -0.2438101918 -0.7417332530 -0.6248106956
-78.7 -191.2 2944.3 0.7442715168 0.2214144617 -0.6301075816 -0.6606504917 0.3824840486 -0.6459465027 0.0979842097 0.8970404267 0.4309495687
97.0 -347.0 2967.4 0.9742655158 0.2214144617 0.0422172584 -0.0469386689 0.3824840486 -0.9227690697 -0.2204618454 0.8970404267 0.3830339313
-285.2 -519.2 2693.5 0.8581433296 -0.5024103522 -0.1057065502 -0.1134183779 0.0152918817 -0.9934296012 0.5007258058 0.8644940853 -0.0438599400
-87.8 -525.2 2353.8 0.8581433296 0.2035727948 -0.4713259637 -0.1134183779 0.9705170989 0.2126801163 0.5007258058 -0.1290529966 0.8559316397
-251.9 -545.8 2877.4 0.2113516629 -0.9753175974 0.0639222115 0.0180976726 -0.0614833720 -0.9979439974 0.9772425294 0.2120739818 0.0046563647
135.6 -521.4 2793.1 0.2113516629 0.0470918454 -0.9762749672 0.0180976726 0.9984788895 0.0520808063 0.9772425294 -0.0286756698 0.2101779282
262.8 -264.1 2627.4 0 0 0 0 0 0 0 0 0
350.0 -359.2 2910.2 0 0 0 0 0 0 0 0 0
-165.6 -896.1 2403.1 0 0 0 0 0 0 0 0 0
117.6 -902.8 2804.1 0 0 0 0 0 0 0 0 0
-36.3 14.4 2820.0 18 0.2619844079 0.3938219547 -0.8810609579 -0.1689161360 0.9175676107 0.3599125147 0.9501744509 0.0545339510 0.3069112897
-113.9 -166.5 2809.2 0.2619844079 0.3938219547 -0.8810609579 -0.1689161360 0.9175676107 0.3599125147 0.9501744509 0.0545339510 0.3069112897
-194.3 -348.0 2799.9 0.2635639012 0.4045942128 -0.8756926060 -0.1652941704 0.9133060575 0.3722228408 0.9503746033 0.0466423929 0.3075915873
-151.0 -143.3 2675.5 -0.6505039930 0.1005377248 -0.7528191805 0.6129003763 0.6548753977 -0.4421440065 0.4485505819 -0.7490196228 -0.4876186848
9.6 -294.6 2564.8 -0.9698985815 0.1005377248 0.2217857242 -0.1033082604 0.6548753977 -0.7486425042 -0.2205088288 -0.7490196228 -0.6247763038
-76.8 -189.8 2942.9 0.7457327247 0.2306749374 -0.6250374317 -0.6601350307 0.3825931549 -0.6464087367 0.0900247395 0.8946572542 0.4375888407
99.2 -345.6 2964.1 0.9718924761 0.2306749374 0.0470545888 -0.0461309738 0.3825931549 -0.9227645397 -0.2308614254 0.8946572542 0.3824806511
-298.4 -515.4 2702.6 0.8492515087 -0.5166453123 -0.1088555083 -0.1115278751 0.0259833913 -0.9934215546 0.5160750151 0.8558051586 -0.0355539173
-87.9 -526.0 2354.0 0.8492515087 0.2036330253 -0.4871401191 -0.1115278751 0.9710017443 0.2114644200 0.5160750151 -0.1252567768 0.8473353982
-250.6 -544.7 2877.8 0.2217986882 -0.9729360342 0.0648141131 0.0183626115 -0.0622903258 -0.9978891611 0.9749195576 0.2225206643 0.0040497333
136.1 -519.9 2789.4 0.2217986882 0.0463330261 -0.9739910364 0.0183626115 0.9984948635 0.0516802408 0.9749195576 -0.0293476284 0.2206140608
261.6 -267.7 2622.0 0 0 0 0 0 0 0 0 0
351.7 -357.6 2904.1 0 0 0 0 0 0 0 0 0
-165.7 -897.2 2401.8 0 0 0 0 0 0 0 0 0
118.4 -901.5 2800.6 0 0 0 0 0 0 0 0 0
-36.3 15.6 2829.9 19 0.2138882279 0.3976128995 -0.8922756314 -0.1733125895 0.9143688083 0.3659130931 0.9613608122 0.0763780922 0.2644840479
-114.6 -164.6 2814.8 0.2138882279 0.3976128995 -0.8922756314 -0.1733125895 0.9143688083 0.3659130931 0.9613608122 0.0763780922 0.2644840479
-195.4 -345.7 2801.8 0.2169913948 0.4071093798 -0.8872298002 -0.1662735343 0.9110178351 0.3773587942 0.9619084597 0.0656392202 0.2653745413
-145.1 -141.2 2679.6 -0.6295354366 0.0933964401 -0.7713379264 0.6207455993 0.6575218439 -0.4270127714 0.4672900736 -0.7476243377 -0.4719087481
9.4 -293.6 2564.9 -0.9745041132 0.0933964401 0.2040070444 -0.0934916586 0.6575218439 -0.7476124167 -0.2039634287 -0.7476243377 -0.6320259571
-84.1 -188.0 2950.0 0.7364688516 0.1900034547 -0.6492398381 -0.6647287607 0.3813123405 -0.6424457431 0.1254962385 0.9047096968 0.4071254134
89.6 -344.8 2979.6 0.9815045595 0.1900034547 0.0233979803 -0.0518127829 0.3813123405 -0.9229931235 -0.1842938215 0.9047096968 0.3841044009
-298.9 -514.3 2703.5 0.8495306373 -0.5170093179 -0.1048764437 -0.1044683531 0.0299918707 -0.9940758944 0.5170919299 0.8554541469 -0.0285320990
-90.2 -526.4 2358.2 0.8495306373 0.1934573799 -0.4907870889 -0.1044683531 0.9736019969 0.2029422373 0.5170919299 -0.1211339310 0.8473148942
-256.4 -542.0 2876.8 0.1752242148 -0.9827637672 0.0589220375 0.0175396148 -0.0567224100 -0.9982358813 0.9843723178 0.1759485602 0.0072981585
133.8 -519.5 2807.0 0.1752242148 0.0534826256 -0.9830747843 0.0175396148 0.9981953502 0.0574315116 0.9843723178 -0.0273061451 0.1739699244
262.6 -269.3 2617.9 0 0 0 0 0 0 0 0 0
344.4 -358.2 2931.8 0 0 0 0 0 0 0 0 0
-164.2 -898.6 2404.5 0 0 0 0 0 0 0 0 0
113.4 -901.0 2817.4 0 0 0 0 0 0 0 0 0
-36.1 12.9 2824.3 20 0.2517173290 0.3914490044 -0.8851022720 -0.1792446673 0.9175843000 0.3548386097 0.9510571361 0.0693308339 0.3011370301
-113.5 -168.3 2810.6 0.2517173290 0.3914490044 -0.8851022720 -0.1792446673 0.9175843000 0.3548386097 0.9510571361 0.0693308339 0.3011370301
-192.6 -350.2 2797.8 0.2527000308 0.3983825743 -0.8817222118 -0.1769646704 0.9149568081 0.3626809716 0.9512235522 0.0643841922 0.3017092645
-149.0 -143.5 2676.9 -0.6471703053 0.1010937095 -0.7556127906 0.6126188636 0.6588819623 -0.4365462661 0.4537275434 -0.7454224229 -0.4883407652
9.5 -293.5 2565.8 -0.9734093547 0.1010937095 0.2055584341 -0.0893028900 0.6588819623 -0.7469267249 -0.2109483480 -0.7454224229 -0.6323339343
-77.9 -193.2 2944.3 0.7482880950 0.2171519250 -0.6268253326 -0.6572399139 0.3708835542 -0.6561105847 0.0900035352 0.9029343724 0.4202486575
98.5 -348.2 2965.5 0.9749566913 0.2171519250 0.0480052270 -0.0369163565 0.3708835542 -0.9279453754 -0.2193094641 0.9029343724 0.3696118593
-296.1 -511.5 2700.5 0.8511564136 -0.5143415928 -0.1048118994 -0.0978750437 0.0406628512 -0.9943676591 0.5157065988 0.8566208482 -0.0157307591
-89.9 -527.8 2357.1 0.8511564136 0.1932453811 -0.4880461097 -0.0978750437 0.9718889594 0.2141315788 0.5157065988 -0.1344919205 0.8461434245
-248.6 -548.3 2872.1 0.2095665485 -0.9752036929 0.0711312145 0.0058481125 -0.0714952126 -0.9974238276 0.9777768850 0.2094426453 -0.0092799040
138.6 -519.9 2788.9 0.2095665485 0.0410089232 -0.9769340754 0.0058481125 0.9990496635 0.0431917794 0.9777768850 -0.0147647718 0.2091275603
262.5 -270.3 2620.7 0 0 0 0 0 0 0 0 0
351.6 -357.8 2908.6 0 0 0 0 0 0 0 0 0
-163.8 -899.3 2408.5 0 0 0 0 0 0 0 0 0
123.0 -901.8 2794.6 0 0 0 0 0 0 0 0 0
-35.6 11.1 2811.1 21 0.2705856562 0.4053143859 -0.8732145429 -0.1531781554 0.9136222601 0.3766043782 0.9504314065 0.0318536535 0.3092983961
-115.5 -169.1 2804.8 0.2705856562 0.4053143859 -0.8732145429 -0.1531781554 0.9136222601 0.3766043782 0.9504314065 0.0318536535 0.3092983961
-196.8 -350.3 2798.5 0.2702083290 0.4093353152 -0.8714540005 -0.1540236771 0.9118436575 0.3805494308 0.9504020810 0.0313969180 0.3094350696
-153.6 -147.4 2671.2 -0.6641947627 0.0907850266 -0.7420265079 0.6053436399 0.6477347016 -0.4626000226 0.4386391640 -0.7564375997 -0.4851781428
7.6 -294.3 2564.7 -0.9781076312 0.0907850266 0.1872525662 -0.0848267749 0.6477347016 -0.7571288943 -0.1900259554 -0.7564375997 -0.6258532405
-77.5 -190.8 2938.4 0.7431116700 0.2394727618 -0.6248502135 -0.6626795530 0.3930697143 -0.6374574304 0.0929559991 0.8877775669 0.4507884085
97.8 -347.1 2960.3 0.9698394537 0.2394727618 0.0454334505 -0.0540556349 0.3930697143 -0.9179183841 -0.2376749665 0.8877775669 0.3941593766
-294.9 -515.9 2697.8 0.8509743214 -0.5149459243 -0.1033121422 -0.1043258905 0.0270546898 -0.9941751361 0.5147415400 0.8567956090 -0.0306993499
-88.5 -526.7 2354.4 0.8509743214 0.1927304119 -0.4885669947 -0.1043258905 0.9737290144 0.2024052888 0.5147415400 -0.1212715060 0.8487251401
-253.3 -545.6 2879.4 0.2294508070 -0.9714686871 0.0600075535 0.0302710403 -0.0545000732 -0.9980548024 0.9728494287 0.2308209687 0.0169022810
132.5 -523.9 2787.7 0.2294508070 0.0509929582 -0.9719835520 0.0302710403 0.9977697134 0.0594916865 0.9728494287 -0.0430733673 0.2273954600
261.8 -272.3 2614.1 0 0 0 0 0 0 0 0 0
349.7 -361.2 2898.6 0 0 0 0 0 0 0 0 0
-162.2 -899.0 2400.8 0 0 0 0 0 0 0 0 0
113.1 -905.2 2804.1 0 0 0 0 0 0 0 0 0
-37.2 10.4 2825.9 22 0.1968959719 0.4090286493 -0.8910261393 -0.1646923423 0.9097013474 0.3812084198 0.9664928317 0.0716867745 0.2464804053
-117.8 -168.8 2811.8 0.1968959719 0.4090286493 -0.8910261393 -0.1646923423 0.9097013474 0.3812084198 0.9664928317 0.0716867745 0.2464804053
-201.2 -348.6 2799.4 0.1994640827 0.4212531149 -0.8847371936 -0.1590798795 0.9048238397 0.3949524462 0.9669062495 0.0619650520 0.2474927455
-145.8 -146.5 2676.1 -0.6461924911 0.0858378038 -0.7583318353 0.6064545512 0.6609744430 -0.4419566393 0.4633013606 -0.7454828620 -0.4791734219
11.6 -294.1 2563.3 -0.9756930470 0.0858378038 0.2016306370 -0.0956595168 0.6609744430 -0.7442862988 -0.1971605867 -0.7454828620 -0.6366969347
-89.8 -191.1 2947.4 0.7227752805 0.1826267838 -0.6665158272 -0.6759716272 0.3874095380 -0.6268781424 0.1437298506 0.9036378264 0.4034605324
80.6 -350.4 2981.3 0.9831809402 0.1826267838 0.0016401849 -0.0704282075 0.3874095380 -0.9192136526 -0.1685084552 0.9036378264 0.3937557340
-302.9 -517.3 2705.2 0.8477568030 -0.5205931067 -0.1014456823 -0.1054903194 0.0219460186 -0.9941781163 0.5197885633 0.8535228372 -0.0363126434
-88.3 -526.3 2353.4 0.8477568030 0.1980698854 -0.4920129180 -0.1054903194 0.9720866084 0.2095695883 0.5197885633 -0.1257614493 0.8449875116
-266.4 -542.9 2875.4 0.1604182720 -0.9861599207 0.0418872498 0.0252177846 -0.0383282118 -0.9989469647 0.9867269397 0.1613056511 0.0187202226
124.4 -527.7 2811.5 0.1604182720 0.0704859197 -0.9845291972 0.0252177846 0.9968287349 0.0754754543 0.9867269397 -0.0369352885 0.1581320465
265.2 -269.3 2614.6 0 0 0 0 0 0 0 0 0
335.4 -368.6 2937.6 0 0 0 0 0 0 0 0 0
-164.0 -898.0 2401.5 0 0 0 0 0 0 0 0 0
97.5 -908.7 2825.6 0 0 0 0 0 0 0 0 0
-34.9 10.3 2833.3 23 0.1316324621 0.4153430462 -0.9000905752 -0.1644749194 0.9045569301 0.3933506310 0.9775586128 0.0962646082 0.1873825788
-116.2 -166.7 2814.5 0.1316324621 0.4153430462 -0.9000905752 -0.1644749194 0.9045569301 0.3933506310 0.9775586128 0.0962646082 0.1873825788
-200.4 -345.9 2797.9 0.1361914277 0.4250762463 -0.8948531151 -0.1546787173 0.9013153911 0.4046047926 0.9785327911 0.0833110213 0.1885016859
-135.3 -145.0 2677.3 -0.6170934439 0.1122782528 -0.7788383961 0.6259009838 0.6699053645 -0.3993429244 0.4769105017 -0.7339076400 -0.4836692512
12.8 -295.2 2562.8 -0.9607252479 0.1122782528 0.2537727654 -0.1154393181 0.6699053645 -0.7334170938 -0.2523505092 -0.7339076400 -0.6306336522
-97.1 -188.4 2951.7 0.7054987550 0.1284750402 -0.6969689131 -0.6818367243 0.3912914395 -0.6180531383 0.1933135688 0.9112547040 0.3636546433
69.1 -349.0 2997.3 0.9911968112 0.1284750402 -0.0319853388 -0.0803008601 0.3912914395 -0.9167566895 -0.1052647606 0.9112547040 0.3981634676
-303.0 -513.9 2698.6 0.8441346884 -0.5271394253 -0.0977785364 -0.0967437625 0.0296165049 -0.9948685765 0.5273302794 0.8492625356 -0.0259971283
-88.3 -525.9 2352.8 0.8441346884 0.2007139027 -0.4971423745 -0.0967437625 0.9690814614 0.2269839942 0.5273302794 -0.1435096413 0.8374531269
-272.2 -539.2 2870.7 0.0976586044 -0.9947261214 0.0313478187 0.0300407521 -0.0285376627 -0.9991412163 0.9947664738 0.0985164493 0.0270953737
121.9 -527.9 2831.7 0.0976586044 0.0824162290 -0.9918015599 0.0300407521 0.9958669543 0.0857120380 0.9947664738 -0.0381649844 0.0947791338
262.1 -265.3 2628.3 0 0 0 0 0 0 0 0 0
325.8 -369.8 2970.0 0 0 0 0 0 0 0 0 0
-165.0 -896.3 2407.6 0 0 0 0 0 0 0 0 0
90.4 -908.5 2846.3 0 0 0 0 0 0 0 0 0
-35.9 10.4 2836.6 24 0.1061990410 0.4085131586 -0.9065532088 -0.1615082324 0.9066888690 0.3896542490 0.9811406136 0.1050349101 0.1622677296
-116.2 -167.8 2815.9 0.1061990410 0.4085131586 -0.9065532088 -0.1615082324 0.9066888690 0.3896542490 0.9811406136 0.1050349101 0.1622677296
-199.9 -347.2 2798.5 0.1123982221 0.4220322371 -0.8995862603 -0.1480057091 0.9023345709 0.4048291147 0.9825787544 0.0876418278 0.1638839841
-131.9 -147.0 2677.9 -0.6026768684 0.1047014073 -0.7910867333 0.6326627135 0.6668736935 -0.3937224150 0.4863316417 -0.7377784848 -0.4681500494
12.6 -298.8 2561.3 -0.9517589808 0.1047014073 0.2884311378 -0.1479660273 0.6668736935 -0.7303324938 -0.2688139677 -0.7377784848 -0.6192107797
-100.4 -188.6 2953.9 0.7016407847 0.1057804227 -0.7046351433 -0.6792163253 0.3981438279 -0.6165603399 0.2153261155 0.9112036228 0.3512017429
65.0 -348.7 3004.7 0.9935618639 0.1057804227 -0.0405630805 -0.0796976760 0.3981438279 -0.9138543606 -0.0805179626 0.9112036228 0.4040109813
-297.1 -510.9 2691.8 0.8414412737 -0.5286142826 -0.1119980589 -0.1094334796 0.0362636074 -0.9933323860 0.5291511416 0.8480871916 -0.0273344032
-87.0 -525.3 2354.8 0.8414412737 0.2074186057 -0.4989530444 -0.1094334796 0.9696702957 0.2185492665 0.5291511416 -0.1292942017 0.8386191726
-273.4 -540.1 2871.0 0.0733500496 -0.9968023896 0.0316972286 0.0371243581 -0.0290317647 -0.9988888502 0.9966150522 0.0744452924 0.0348761678
122.1 -528.6 2841.5 0.0733500496 0.0824875310 -0.9938890934 0.0371243581 0.9956570864 0.0853740796 0.9966150522 -0.0431596898 0.0699692070
259.7 -260.4 2631.0 0 0 0 0 0 0 0 0 0
322.8 -369.4 2983.8 0 0 0 0 0 0 0 0 0
-166.3 -896.0 2404.2 0 0 0 0 0 0 0 0 0
90.6 -909.2 2858.0 0 0 0 0 0 0 0 0 0
-36.1 13.2 2828.2 25 0.1740628183 0.4087653756 -0.8958867192 -0.1505075842 0.9101290703 0.3860214353 0.9731647372 0.0676457658 0.2199419290
-116.7 -166.3 2814.8 0.1740628183 0.4087653756 -0.8958867192 -0.1505075842 0.9101290703 0.3860214353 0.9731647372 0.0676457658 0.2199419290
-200.4 -346.1 2803.7 0.1775039881 0.4226389825 -0.8887455463 -0.1429965496 0.9045786858 0.4016084969 0.9736756682 0.0558004268 0.2210022360
-141.6 -146.2 2678.2 -0.6146287322 0.0970632061 -0.7828219533 0.6268715858 0.6624937057 -0.4100415707 0.4788146615 -0.7427521944 -0.4680338502
9.9 -300.7 2560.2 -0.9492380023 0.0970632061 0.2992088795 -0.1627316177 0.6624937057 -0.7311775088 -0.2691944242 -0.7427521944 -0.6130689383
-91.8 -186.4 2951.4 0.7171152830 0.1638852656 -0.6774121523 -0.6755659580 0.4023942947 -0.6178102493 0.1713367999 0.9006777406 0.3992784321
77.2 -345.6 2991.8 0.9864299893 0.1638852656 -0.0098732477 -0.0759850517 0.4023942947 -0.9123075604 -0.1455408335 0.9006777406 0.4093866348
-293.9 -513.0 2691.1 0.8470267057 -0.5215412974 -0.1026664302 -0.1016503945 0.0306505971 -0.9943478703 0.5217402577 0.8526753187 -0.0270530041
-87.3 -525.2 2353.2 0.8470267057 0.2008192688 -0.4921558201 -0.1016503945 0.9699957967 0.2208513021 0.5217402577 -0.1370391250 0.8420257568
-267.9 -539.0 2881.7 0.1387502998 -0.9895808697 0.0384452194 0.0419773087 -0.0329090096 -0.9985764623 0.9894373417 0.1401666105 0.0369738042
124.3 -526.0 2826.1 0.1387502998 0.0744637847 -0.9875239134 0.0419773087 0.9958307147 0.0809881017 0.9894373417 -0.0526907183 0.1350460202
256.5 -258.5 2630.1 0 0 0 0 0 0 0 0 0
332.9 -365.3 2954.1 0 0 0 0 0 0 0 0 0
-164.0 -896.0 2405.6 0 0 0 0 0 0 0 0 0
95.8 -906.6 2846.3 0 0 0 0 0 0 0 0 0
-36.6 13.0 2824.0 26 0.2057411373 0.3997727036 -0.8932258487 -0.1598445028 0.9142228365 0.3723523617 0.9654637575 0.0661690384 0.2519947290
-115.3 -166.9 2811.0 0.2057411373 0.3997727036 -0.8932258487 -0.1598445028 0.9142228365 0.3723523617 0.9654637575 0.0661690384 0.2519947290
-197.0 -347.7 2799.9 0.2087407857 0.4118932188 -0.8870012760 -0.1531044245 0.9095610976 0.3863387108 0.9659121633 0.0551591702 0.2529251575
-144.6 -145.4 2675.3 -0.6226739287 0.0886768997 -0.7774404287 0.6319668889 0.6428632140 -0.4328333735 0.4614055455 -0.7608306408 -0.4563350379
6.5 -298.7 2563.4 -0.9642588496 0.0886768997 0.2496823370 -0.1360663325 0.6428632140 -0.7537989020 -0.2273561507 -0.7608306408 -0.6078206301
-86.0 -188.4 2946.6 0.7314279079 0.1853999943 -0.6562317014 -0.6672213674 0.3932941556 -0.6325625181 0.1408149898 0.9005256891 0.4113691747
86.5 -345.7 2979.8 0.9825462699 0.1853999943 0.0151549922 -0.0600610971 0.3932941556 -0.9174488187 -0.1760553867 0.9005256891 0.3975650370
-300.4 -512.8 2703.6 0.8506121039 -0.5163267851 -0.0993261039 -0.0971244425 0.0313603729 -0.9947780371 0.5167454481 0.8558172584 -0.0234724414
-88.2 -525.7 2351.8 0.8506121039 0.2008029819 -0.4859395027 -0.0971244425 0.9683040977 0.2301173657 0.5167454481 -0.1485440135 0.8431540728
-259.6 -542.5 2877.4 0.1679381579 -0.9843607545 0.0532045327 0.0310496185 -0.0486624464 -0.9983325601 0.9853084087 0.1693101078 0.0223917440
130.9 -523.2 2810.2 0.1679381579 0.0597110912 -0.9839874506 0.0310496185 0.9973482490 0.0658211261 0.9853084087 -0.0416063145 0.1656388193
256.7 -263.4 2622.4 0 0 0 0 0 0 0 0 0
341.4 -361.2 2934.1 0 0 0 0 0 0 0 0 0
-164.9 -895.9 2408.6 0 0 0 0 0 0 0 0 0
108.1 -904.4 2826.1 0 0 0 0 0 0 0 0 0
-35.9 9.7 2823.9 27 0.2287096083 0.3948778212 -0.8898108602 -0.1647624373 0.9165527225 0.3643960655 0.9594504833 0.0632665232 0.2746854424
-113.5 -170.6 2811.4 0.2287096083 0.3948778212 -0.8898108602 -0.1647624373 0.9165527225 0.3643960655 0.9594504833 0.0632665232 0.2746854424
-194.7 -351.7 2800.7 0.2306767404 0.4084941447 -0.8831312060 -0.1602871269 0.9111626744 0.3795926571 0.9597375989 0.0539913736 0.2756603956
-146.0 -148.0 2676.5 -0.6429917812 0.0911162794 -0.7604337335 0.6110241413 0.6596522927 -0.4376166165 0.4617478549 -0.7460272312 -0.4798252583
10.4 -296.7 2564.2 -0.9671902061 0.0911162794 0.2371516675 -0.1197830364 0.6596522927 -0.7419641614 -0.2240426540 -0.7460272312 -0.6270951033
-81.1 -193.1 2946.3 0.7378745675 0.2031601220 -0.6436358690 -0.6643537879 0.3868412077 -0.6395215988 0.1190595850 0.8994886279 0.4204104841
92.9 -349.8 2974.4 0.9787282348 0.2031601220 0.0285839457 -0.0534125604 0.3868412077 -0.9205981493 -0.1980862767 0.8994886279 0.3894637227
-297.9 -514.5 2700.5 0.8492677212 -0.5188561082 -0.0976352245 -0.1023777500 0.0195762906 -0.9945529699 0.5179412365 0.8546373844 -0.0364938118
-87.8 -522.4 2354.5 0.8492677212 0.1948218793 -0.4907023013 -0.1023777500 0.9725542068 0.2089428157 0.5179412365 -0.1272113919 0.8459043503
-254.6 -547.5 2877.8 0.1894089878 -0.9801446199 0.0586581752 0.0236252248 -0.0551730841 -0.9981972575 0.9816139936 0.1904533505 0.0127058588
134.5 -525.6 2802.2 0.1894089878 0.0539026521 -0.9804176092 0.0236252248 0.9979528189 0.0594309308 0.9816139936 -0.0344193392 0.1877477765
261.6 -265.5 2622.4 0 0 0 0 0 0 0 0 0
347.0 -363.6 2923.0 0 0 0 0 0 0 0 0 0
-162.3 -894.1 2403.1 0 0 0 0 0 0 0 0 0
113.9 -907.1 2815.4 0 0 0 0 0 0 0 0 0
-37.3 14.3 2831.8 28 0.1992056519 0.3961686194 -0.8963077068 -0.1720266789 0.9145733118 0.3660088480 0.9647403359 0.0812778026 0.2503397465
-115.4 -165.9 2815.8 0.1992056519 0.3961686194 -0.8963077068 -0.1720266789 0.9145733118 0.3660088480 0.9647403359 0.0812778026 0.2503397465
-197.3 -346.5 2802.5 0.2030176818 0.4125062525 -0.8880441189 -0.1634329408 0.9084840417 0.3846380413 0.9654395580 0.0670473501 0.2518554330
-143.9 -142.9 2680.1 -0.6257661581 0.0975591317 -0.7738856077 0.6194347739 0.6651222110 -0.4170288146 0.4740435183 -0.7403341532 -0.4766424894
9.9 -295.2 2563.5 -0.9610472322 0.0975591317 0.2585931420 -0.1303246021 0.6651222110 -0.7352740765 -0.2437287420 -0.7403341532 -0.6264994740
-86.8 -188.9 2951.5 0.7301889062 0.1806164384 -0.6589399576 -0.6691282988 0.3840726614 -0.6362040043 0.1381719112 0.9054644704 0.4013011754
85.4 -346.7 2984.1 0.9834805131 0.1806164384 0.0119886436 -0.0593032017 0.3840726614 -0.9213963747 -0.1710238457 0.9054644704 0.3884391189
-296.9 -518.1 2702.0 0.8505344391 -0.5165272355 -0.0989481509 -0.1094596907 0.0101625072 -0.9939392805 0.5144022703 0.8562104702 -0.0478953496
-87.7 -522.3 2355.1 0.8505344391 0.1995327473 -0.4865981936 -0.1094596907 0.9721337557 0.2073030323 0.5144022703 -0.1230554879 0.8486740589
-260.6 -542.1 2877.6 0.1623050869 -0.9853717685 0.0519569777 0.0207588952 -0.0492336862 -0.9985715151 0.9865222573 0.1631518006 0.0124643520
130.7 -522.5 2812.8 0.1623050869 0.0609605648 -0.9848557711 0.0207588952 0.9976579547 0.0651740804 0.9865222573 -0.0310226008 0.1606594771
259.6 -261.4 2626.8 0 0 0 0 0 0 0 0 0
340.9 -362.1 2939.7 0 0 0 0 0 0 0 0 0
-163.9 -893.9 2402.1 0 0 0 0 0 0 0 0 0
107.4 -903.9 2824.7 0 0 0 0 0 0 0 0 0
-37.3 14.7 2825.3 29 0.2330244631 0.3951390684 -0.8885745406 -0.1786712557 0.9155703783 0.3602880836 0.9559164047 0.0748067945 0.2839502692
-115.0 -165.3 2810.6 0.2330244631 0.3951390684 -0.8885745406 -0.1786712557 0.9155703783 0.3602880836 0.9559164047 0.0748067945 0.2839502692
-196.4 -346.2 2797.7 0.2350547314 0.4097831547 -0.8813779354 -0.1740669012 0.9098716378 0.3766089678 0.9562687874 0.0648950115 0.2851993144
-148.0 -140.8 2676.2 -0.6137266755 0.0891748071 -0.7844663262 0.6355524659 0.6452966928 -0.4238694012 0.4684150815 -0.7587094307 -0.4527110457
1.9 -296.0 2561.8 -0.9638515115 0.0891748071 0.2510738969 -0.1361104399 0.6452966928 -0.7517088056 -0.2290506512 -0.7587094307 -0.6098325849
-81.9 -189.8 2945.0 0.7377391458 0.2078265548 -0.6422998309 -0.6666780710 0.3739779592 -0.6447331309 0.1062133238 0.9038521051 0.4144515693
92.1 -347.0 2970.1 0.9777218103 0.2078265548 0.0294642560 -0.0515878797 0.3739779592 -0.9260017276 -0.2034667283 0.9038521051 0.3763677478
-297.8 -512.1 2700.6 0.8499092460 -0.5181246996 -0.0959220603 -0.0963166133 0.0262149200 -0.9950054884 0.5180515051 0.8549032211 -0.0276237130
-88.4 -522.7 2355.1 0.8499092460 0.1922044158 -0.4906238019 -0.0963166133 0.9720806479 0.2139680237 0.5180515051 -0.1345981807 0.8446928263
-256.3 -543.0 2872.4 0.1940824091 -0.9792906046 0.0576362237 0.0096154828 -0.0568514988 -0.9983363152 0.9809380770 0.1943137199 -0.0016175236
132.7 -520.5 2795.2 0.1940824091 0.0549535304 -0.9794448018 0.0096154828 0.9982751608 0.0579154044 0.9809380770 -0.0206581969 0.1932192445
252.3 -260.7 2621.3 0 0 0 0 0 0 0 0 0
346.0 -360.4 2917.2 0 0 0 0 0 0 0 0 0
-161.9 -894.3 2406.5 0 0 0 0 0 0 0 0 0
111.7 -902.1 2803.1 0 0 0 0 0 0 0 0 0
-34.5 15.9 2822.0 30 0.3180950582 0.3770464659 -0.8698571920 -0.2149610519 0.9223020673 0.3211707473 0.9233673811 0.0848225877 0.3744300306
-108.8 -165.7 2805.3 0.3180950582 0.3770464659 -0.8698571920 -0.2149610519 0.9223020673 0.3211707473 0.9233673811 0.0848225877 0.3744300306
-186.6 -347.9 2789.8 0.3187183142 0.3911396861 -0.8633819222 -0.2134686261 0.9171045423 0.3366755545 0.9234986901 0.0770002902 0.3757940531
-153.5 -136.0 2676.1 -0.6193460822 0.0910766721 -0.7798175812 0.6404957771 0.6330480576 -0.4347589016 0.4540656209 -0.7687360644 -0.4504100680
0.9 -295.6 2562.9 -0.9637915492 0.0910766721 0.2506209016 -0.1382397413 0.6330480576 -0.7616691589 -0.2280253768 -0.7687360644 -0.5975359678
-64.1 -195.5 2934.6 0.7599692345 0.2726342678 -0.5900146365 -0.6498710513 0.3336696923 -0.6828851104 0.0106921187 0.9024051428 0.4307558537
114.3 -348.1 2937.1 0.9583963156 0.2726342678 0.0845400691 -0.0117706340 0.3336696923 -0.9426165819 -0.2851980329 0.9024051428 0.3229969144
-299.3 -511.1 2697.1 0.8450403214 -0.5247535706 -0.1026671305 -0.1029861271 0.0286826696 -0.9942691326 0.5246910453 0.8507708311 -0.0298043247
-87.3 -522.7 2353.3 0.8450403214 0.2030901909 -0.4946323931 -0.1029861271 0.9695591927 0.2221458554 0.5246910453 -0.1367819309 0.8402321339
-235.3 -549.5 2858.6 0.2747583091 -0.9578913450 0.0833787397 -0.0339049548 -0.0963142738 -0.9947733283 0.9609153867 0.2704952955 -0.0589404106
143.8 -511.4 2751.5 0.2747583091 0.0302235428 -0.9610381722 -0.0339049548 0.9991887808 0.0217299964 0.9609153867 0.0266134590 0.2755601406
251.4 -259.7 2622.1 0 0 0 0 0 0 0 0 0
362.3 -351.1 2863.3 0 0 0 0 0 0 0 0 0
-164.9 -893.4 2405.6 0 0 0 0 0 0 0 0 0
132.3 -892.9 2741.4 0 0 0 0 0 0 0 0 0
-33.0 16.7 2820.4 31 0.3542957902 0.3632169962 -0.8617122173 -0.2168721557 0.9282768965 0.3021067083 0.9096378088 0.0798462406 0.4076562524
-104.2 -165.3 2804.8 0.3542957902 0.3632169962 -0.8617122173 -0.2168721557 0.9282768965 0.3021067083 0.9096378088 0.0798462406 0.4076562524
-179.6 -348.6 2790.1 0.3540070653 0.3789712489 -0.8550203443 -0.2175921649 0.9225096107 0.3187941015 0.9095782638 0.0731903687 0.4090360701
-154.0 -134.8 2677.2 -0.6118081808 0.0977299586 -0.7849456072 0.6463049054 0.6338874698 -0.4248254299 0.4560489953 -0.7672258615 -0.4509809017
-2.9 -294.4 2564.6 -0.9655414224 0.0977299586 0.2412023991 -0.1264493614 0.6338874698 -0.7630184889 -0.2274649441 -0.7672258615 -0.5996867418
-54.5 -195.7 2932.3 0.7702865005 0.2990516722 -0.5632289052 -0.6372967362 0.3296769857 -0.6965385675 -0.0226174090 0.8954781890 0.4445303977
126.7 -345.6 2927.0 0.9478291273 0.2990516722 0.1103993878 0.0059450194 0.3296769857 -0.9440750480 -0.3187233508 0.8954781890 0.3106995821
-293.6 -510.8 2690.0 0.8473844528 -0.5209614635 -0.1026583463 -0.0993351862 0.0343873650 -0.9944596887 0.5216053128 0.8528872132 -0.0226104893
-89.2 -524.2 2355.4 0.8473844528 0.1952235401 -0.4937888086 -0.0993351862 0.9718245268 0.2137511820 0.5216053128 -0.1320788264 0.8429015875
-222.6 -551.8 2858.5 0.3089042008 -0.9461951852 0.0963996947 -0.0386386402 -0.1137578189 -0.9927569032 0.9503079653 0.3029420078 -0.0716999620
152.5 -506.7 2738.5 0.3089042008 0.0143315764 -0.9509851933 -0.0386386402 0.9992501140 0.0025081269 0.9503079653 0.0359700024 0.3092263043
248.0 -261.5 2623.7 0 0 0 0 0 0 0 0 0
372.3 -344.1 2844.4 0 0 0 0 0 0 0 0 0
-163.8 -895.8 2405.9 0 0 0 0 0 0 0 0 0
147.1 -888.4 2724.7 0 0 0 0 0 0 0 0 0
-35.5 16.0 2809.1 32 0.3690639436 0.3659705520 -0.8543168902 -0.1881821454 0.9295950532 0.3169235885 0.9101534486 0.0438021235 0.4119491279
-107.3 -166.4 2800.5 0.3690639436 0.3659705520 -0.8543168902 -0.1881821454 0.9295950532 0.3169235885 0.9101534486 0.0438021235 0.4119491279
-183.2 -349.9 2792.5 0.3677825928 0.3815007210 -0.8480525613 -0.1913588345 0.9235021472 0.3324538171 0.9100097418 0.0400116332 0.4126515388
-159.1 -139.6 2672.7 -0.6371085048 0.0868538618 -0.7658649683 0.6336884499 0.6246750355 -0.4563113451 0.4387843013 -0.7760396600 -0.4530240595
-3.7 -294.1 2565.7 -0.9692416787 0.0868538618 0.2302759737 -0.1270752549 0.6246750355 -0.7704758048 -0.2107664496 -0.7760396600 -0.5944240689
-55.6 -193.2 2928.3 0.7691447735 0.3136182427 -0.5568302870 -0.6388863325 0.3561899960 -0.6818745732 -0.0155109465 0.8802115321 0.4743280709
125.6 -343.8 2924.6 0.9427554607 0.3136182427 0.1133830398 -0.0061132433 0.3561899960 -0.9343935847 -0.3334287703 0.8802115321 0.3377172947
-287.4 -512.1 2692.2 0.8560339212 -0.5052812696 -0.1090722531 -0.1066991985 0.0337416008 -0.9937186837 0.5057877302 0.8622947931 -0.0250291526
-88.7 -525.4 2353.2 0.8560339212 0.1994397640 -0.4768958986 -0.1066991985 0.9708787203 0.2144989967 0.5057877302 -0.1327340156 0.8523851633
-225.2 -550.8 2867.8 0.3236054182 -0.9415985346 0.0931222215 -0.0105031906 -0.1019865498 -0.9947303534 0.9461338520 0.3209220469 -0.0428931899
148.5 -510.4 2740.4 0.3236054182 0.0155997723 -0.9460635185 -0.0105031906 0.9998617172 0.0128941936 0.9461338520 0.0057640551 0.3237245083
248.2 -261.1 2620.5 0 0 0 0 0 0 0 0 0
370.3 -345.4 2838.1 0 0 0 0 0 0 0 0 0
-165.0 -896.5 2403.9 0 0 0 0 0 0 0 0 0
142.5 -892.3 2738.2 0 0 0 0 0 0 0 0 0
-34.8 19.0 2814.4 33 0.3557589054 0.3643605411 -0.8606259227 -0.1881164610 0.9299415946 0.3159443736 0.9154495001 0.0494978838 0.3993772268
-106.4 -163.9 2804.7 0.3557589054 0.3643605411 -0.8606259227 -0.1881164610 0.9299415946 0.3159443736 0.9154495001 0.0494978838 0.3993772268
-182.2 -347.4 2796.1 0.3552311361 0.3815074563 -0.8533831835 -0.1894278228 0.9233637452 0.3339408338 0.9153840542 0.0430283397 0.4002756774
-156.4 -137.3 2676.0 -0.6293132305 0.1024599001 -0.7703679800 0.6319711208 0.6443889737 -0.4305523634 0.4523022771 -0.7578026056 -0.4702741802
-1.0 -293.3 2564.4 -0.9640113711 0.1024599001 0.2453244179 -0.1235566735 0.6443889737 -0.7546499968 -0.2354057133 -0.7578026056 -0.6085386872
-56.5 -190.5 2933.4 0.7689248323 0.3019511700 -0.5635424852 -0.6393299103 0.3583931625 -0.6803025603 -0.0034483678 0.8833910823 0.4686238170
124.9 -341.3 2932.6 0.9471613169 0.3019511700 0.1082169563 -0.0075936345 0.3583931625 -0.9335398674 -0.3206676543 0.8833910823 0.3417490721
-292.7 -515.9 2701.1 0.8560872078 -0.5075199008 -0.0976639092 -0.1021401659 0.0191013776 -0.9945865870 0.5066380501 0.8614282608 -0.0354857221
-88.7 -523.5 2355.0 0.8560872078 0.1980995536 -0.4773586392 -0.1021401659 0.9702574611 0.2194716483 0.5066380501 -0.1391293705 0.8508589268
-225.5 -548.2 2871.4 0.3108102679 -0.9459127188 0.0929842815 -0.0082167219 -0.1004999653 -0.9949031472 0.9504364729 0.3084620833 -0.0390087217
150.2 -508.3 2748.9 0.3108102679 0.0159828980 -0.9503375888 -0.0082167219 0.9998664260 0.0141285807 0.9504364729 0.0034173522 0.3109000623
249.5 -261.2 2625.5 0 0 0 0 0 0 0 0 0
370.9 -343.3 2849.3 0 0 0 0 0 0 0 0 0
-164.5 -894.5 2408.2 0 0 0 0 0 0 0 0 0
144.1 -890.4 2747.6 0 0 0 0 0 0 0 0 0
-35.8 19.6 2817.1 34 0.3314452469 0.3663564324 -0.8694406152 -0.1894090772 0.9286071062 0.3190815449 0.9242663383 0.0589218810 0.3771736622
-107.8 -162.8 2805.5 0.3314452469 0.3663564324 -0.8694406152 -0.1894090772 0.9286071062 0.3190815449 0.9242663383 0.0589218810 0.3771736622
-183.9 -346.1 2795.3 0.3315892816 0.3829469979 -0.8622065783 -0.1890532523 0.9223462343 0.3369514048 0.9242874980 0.0512734763 0.3782375157
-154.4 -136.2 2675.6 -0.6178299785 0.0868343711 -0.7815023661 0.6425022483 0.6287075877 -0.4380840361 0.4532957077 -0.7727784514 -0.4442256689
-2.8 -293.9 2564.3 -0.9684277177 0.0868343711 0.2336826026 -0.1286853999 0.6287075877 -0.7669203281 -0.2135130763 -0.7727784514 -0.5976835489
-61.2 -189.4 2935.5 0.7668882608 0.2807757258 -0.5771025419 -0.6415607333 0.3589321375 -0.6779141426 0.0167988129 0.8901307583 0.4553955197
119.8 -340.7 2939.5 0.9548683167 0.2807757258 0.0969096944 -0.0108219376 0.3589321375 -0.9333009124 -0.2968322635 0.8901307583 0.3457714617
-290.6 -513.5 2703.6 0.8595455289 -0.5009926558 -0.1009345651 -0.1023010015 0.0248333886 -0.9944434762 0.5007154346 0.8650951385 -0.0299066249
-88.3 -523.6 2354.3 0.8595455289 0.1941738874 -0.4727345407 -0.1023010015 0.9716603756 0.2130977958 0.5007154346 -0.1348060369 0.8550505042
-229.6 -546.8 2869.8 0.2868866026 -0.9536278248 0.0910496265 -0.0075728726 -0.0972995311 -0.9952263236 0.9579346180 0.2848275900 -0.0351356342
149.3 -508.1 2756.7 0.2868866026 0.0186672453 -0.9577826262 -0.0075728726 0.9998230934 0.0172182973 0.9579346180 0.0023134667 0.2869772017
248.9 -260.5 2619.8 0 0 0 0 0 0 0 0 0
367.8 -343.5 2862.4 0 0 0 0 0 0 0 0 0
-162.5 -895.0 2405.8 0 0 0 0 0 0 0 0 0
142.1 -890.3 2755.8 0 0 0 0 0 0 0 0 0
-34.7 18.5 2818.4 35 0.2972274125 0.3862239420 -0.8732050061 -0.1825308949 0.9206533432 0.3450795412 0.9371970892 0.0568197966 0.3441412151
-110.8 -163.0 2807.2 0.2972274125 0.3862239420 -0.8732050061 -0.1825308949 0.9206533432 0.3450795412 0.9371970892 0.0568197966 0.3441412151
-190.1 -345.0 2797.8 0.2989404202 0.3987989426 -0.8669452071 -0.1785234958 0.9158211350 0.3597235382 0.9374241233 0.0472341850 0.3449709415
-152.9 -137.9 2675.5 -0.6190530062 0.0878456756 -0.7804207206 0.6421003938 0.6287894249 -0.4385554790 0.4521950781 -0.7725975513 -0.4456597567
-2.2 -294.2 2565.4 -0.9676177502 0.0878456756 0.2366410792 -0.1303867400 0.6287894249 -0.7665657997 -0.2161369026 -0.7725975513 -0.5969738960
-68.8 -188.0 2939.0 0.7535359263 0.2596288621 -0.6039672494 -0.6553398371 0.3694506586 -0.6588140130 0.0520889722 0.8922438622 0.4485394955
108.9 -342.6 2951.3 0.9632979631 0.2596288621 0.0681896359 -0.0338387936 0.3694506586 -0.9286340475 -0.2662928998 0.8922438622 0.3646766245
-290.4 -512.1 2700.4 0.8580834270 -0.5032255054 -0.1022592485 -0.1024603322 0.0273497701 -0.9943610430 0.5031846166 0.8637222052 -0.0280922689
-88.3 -523.1 2353.6 0.8580834270 0.1960205883 -0.4746249020 -0.1024603322 0.9710462689 0.2158031464 0.5031846166 -0.1365468651 0.8533230424
-241.9 -543.4 2874.2 0.2566021681 -0.9637528658 0.0730460882 0.0040594693 -0.0745012686 -0.9972126484 0.9665085673 0.2561834455 -0.0152048618
140.8 -513.8 2772.5 0.2566021681 0.0379859693 -0.9657703638 0.0040594693 0.9991762042 0.0403784849 0.9665085673 -0.0142817218 0.2562365830
249.3 -260.3 2621.6 0 0 0 0 0 0 0 0 0
359.1 -351.4 2882.2 0 0 0 0 0 0 0 0 0
-163.3 -894.4 2405.8 0 0 0 0 0 0 0 0 0
126.3 -895.6 2778.0 0 0 0 0 0 0 0 0 0
-34.9 18.8 2818.6 36 0.2890242934 0.3788532317 -0.8791673183 -0.1804480553 0.9234590530 0.3386176527 0.9401614070 0.0607753098 0.3352654278
-109.6 -163.4 2806.6 0.2890242934 0.3788532317 -0.8791673183 -0.1804480553 0.9234590530 0.3386176527 0.9401614070 0.0607753098 0.3352654278
-187.0 -346.2 2796.9 0.2920584679 0.3890707791 -0.8736851811 -0.1731645912 0.9199275374 0.3517774642 0.9405933619 0.0485517420 0.3360458910
-150.7 -139.0 2674.3 -0.6178992987 0.0916088447 -0.7809022069 0.6413972378 0.6331802607 -0.4332347810 0.4547637105 -0.7685639858 -0.4499993026
-0.9 -294.5 2564.1 -0.9648692012 0.0916088447 0.2462423146 -0.1344138533 0.6331802607 -0.7622438669 -0.2257440537 -0.7685639858 -0.5986226201
-68.6 -187.7 2938.9 0.7596689463 0.2477330863 -0.6012747884 -0.6474639177 0.3745344579 -0.6637126207 0.0607745573 0.8935056329 0.4449204206
110.7 -340.5 2953.3 0.9659793973 0.2477330863 0.0742435381 -0.0248138402 0.3745344579 -0.9268808961 -0.2574258447 0.8935056329 0.3679397702
-296.8 -510.7 2702.4 0.8526888490 -0.5120022893 -0.1038047224 -0.1031982303 0.0297038890 -0.9942171574 0.5121248960 0.8584703207 -0.0275095571
-88.4 -522.8 2353.1 0.8526888490 0.1936651468 -0.4851964414 -0.1031982303 0.9728901982 0.2069655508 0.5121248960 -0.1264057904 0.8495585322
-237.5 -544.9 2873.5 0.2477226108 -0.9652507901 0.0832132101 0.0093151284 -0.0835133493 -0.9964631200 0.9687862396 0.2476215810 -0.0116967103
146.0 -511.7 2775.1 0.2477226108 0.0278679971 -0.9684301019 0.0093151284 0.9994714856 0.0311440509 0.9687862396 -0.0167361367 0.2473320961
249.9 -259.6 2622.7 0 0 0 0 0 0 0 0 0
361.6 -346.9 2886.4 0 0 0 0 0 0 0 0 0
-162.5 -894.7 2401.4 0 0 0 0 0 0 0 0 0
135.4 -893.8 2781.5 0 0 0 0 0 0 0 0 0
-33.9 20.1 2819.2 37 0.2738721669 0.3747881353 -0.8857358098 -0.1712347567 0.9252345562 0.3385552764 0.9463998675 0.0589478873 0.3175727427
-107.9 -162.6 2807.6 0.2738721669 0.3747881353 -0.8857358098 -0.1712347567 0.9252345562 0.3385552764 0.9463998675 0.0589478873 0.3175727427
-184.2 -345.9 2798.3 0.2772404850 0.3837395012 -0.8808414936 -0.1630307287 0.9222729802 0.3504760861 0.9468678236 0.0464380756 0.3182527423
-146.9 -139.6 2674.4 -0.6133427024 0.1120399833 -0.7818297744 0.6454006433 0.6416900158 -0.4143572450 0.4552677572 -0.7587364316 -0.4658865631
0.8 -295.1 2564.7 -0.9569085240 0.1120399833 0.2679049969 -0.1361818761 0.6416900158 -0.7547770739 -0.2564771771 -0.7587364316 -0.5987808704
-68.9 -185.5 2940.8 0.7617080212 0.2310705781 -0.6053158045 -0.6430400610 0.3840564191 -0.6625708938 0.0793747827 0.8939278722 0.4411264956
110.9 -337.2 2959.5 0.9702188373 0.2310705781 0.0726759955 -0.0223262161 0.3840564191 -0.9230396748 -0.2411989868 0.8939278722 0.3777776957
-291.1 -513.2 2701.0 0.8576150537 -0.5039906502 -0.1024197340 -0.1039781049 0.0251173172 -0.9942623973 0.5036714673 0.8633438349 -0.0308630057
-88.8 -523.3 2354.4 0.8576150537 0.1912156194 -0.4774232805 -0.1039781049 0.9736079574 0.2031653225 0.5036714673 -0.1245960742 0.8548630476
-235.0 -544.2 2875.9 0.2316022813 -0.9687981606 0.0882638171 0.0195857193 -0.0860687047 -0.9960966706 0.9726133943 0.2324269712 -0.0009590994
150.0 -510.0 2783.6 0.2316022813 0.0232800245 -0.9725319743 0.0195857193 0.9993994236 0.0285873804 0.9726133943 -0.0256686397 0.2310072333
249.5 -259.7 2631.3 0 0 0 0 0 0 0 0 0
363.0 -343.0 2896.8 0 0 0 0 0 0 0 0 0
-161.9 -895.5 2402.0 0 0 0 0 0 0 0 0 0
141.1 -892.0 2793.4 0 0 0 0 0 0 0 0 0
-35.2 19.3 2819.0 38 0.2602622509 0.3803289831 -0.8874758482 -0.1577773392 0.9235492945 0.3495183289 0.9525596499 0.0490571521 0.3003723025
-110.1 -162.8 2809.3 0.2602622509 0.3803289831 -0.8874758482 -0.1577773392 0.9235492945 0.3495183289 0.9525596499 0.0490571521 0.3003723025
-188.4 -345.4 2802.1 0.2634290457 0.3937648833 -0.8806556463 -0.1502415538 0.9185074568 0.3657479286 0.9529074430 0.0359624475 0.3011213839
-147.2 -141.7 2675.3 -0.6075655222 0.0931331888 -0.7887904048 0.6413390040 0.6433801651 -0.4180266261 0.4685599804 -0.7598606348 -0.4506255686
-0.7 -296.3 2562.3 -0.9595256448 0.0931331888 0.2657756507 -0.1457215995 0.6433801651 -0.7515498400 -0.2409890145 -0.7598606348 -0.6037682891
-73.1 -183.9 2943.4 0.7532311082 0.2241732925 -0.6183762550 -0.6501405835 0.3963852823 -0.6482252479 0.0998004749 0.8902949095 0.4443138838
104.7 -337.3 2966.9 0.9728676081 0.2241732925 0.0572274812 -0.0373770334 0.3963852823 -0.9173231125 -0.2283234745 0.8902949095 0.3940093517
-285.9 -514.3 2702.2 0.8657871485 -0.4904032052 -0.0995855406 -0.1010249108 0.0236174185 -0.9946035147 0.4901087284 0.8711755872 -0.0290952846
-88.9 -523.8 2352.3 0.8657871485 0.1925160885 -0.4618984163 -0.1010249108 0.9712733030 0.2154579014 0.4901087284 -0.1398774385 0.8603649139
-242.5 -541.7 2882.4 0.2194976360 -0.9725914598 0.0767243207 0.0332298502 -0.0711434931 -0.9969124198 0.9750469327 0.2213694602 0.0167032406
144.0 -513.4 2794.4 0.2194976360 0.0351804309 -0.9749785066 0.0332298502 0.9985001683 0.0435102321 0.9750469327 -0.0419487841 0.2179993838
248.6 -258.4 2624.9 0 0 0 0 0 0 0 0 0
357.5 -347.0 2907.6 0 0 0 0 0 0 0 0 0
-162.5 -895.1 2405.8 0 0 0 0 0 0 0 0 0
130.6 -895.1 2810.4 0 0 0 0 0 0 0 0 0
-37.4 16.2 2819.4 39 0.2587103546 0.3854324818 -0.8857260942 -0.1599526256 0.9213786125 0.3542267084 0.9526196122 0.0500320904 0.3000211418
-113.4 -165.4 2809.5 0.2587103546 0.3854324818 -0.8857260942 -0.1599526256 0.9213786125 0.3542267084 0.9526196122 0.0500320904 0.3000211418
-193.4 -347.2 2802.0 0.2611046433 0.4026743174 -0.8773127794 -0.1543750316 0.9145613313 0.3738259971 0.9528865218 0.0378274918 0.3009590507
-150.1 -143.7 2675.4 -0.6218877435 0.0912463591 -0.7777723074 0.6297413707 0.6486369967 -0.4274293184 0.4654905200 -0.7556084394 -0.4608410001
0.4 -296.2 2562.8 -0.9593864083 0.0912463591 0.2669304311 -0.1461295336 0.6486369967 -0.7469378710 -0.2412963212 -0.7556084394 -0.6089597344
-76.6 -187.2 2943.6 0.7467632890 0.2273350805 -0.6250306964 -0.6576269269 0.3927756846 -0.6428483725 0.0993548855 0.8910925984 0.4428121448
