-30.8 18.6 2816.3 6 0.2923794985 0.3794139922 -0.8778150678 -0.1753179133 0.9236353636 0.3408244550 0.9400945902 0.0542466193 0.3365701139
-105.4 -162.9 2805.7 0.2923794985 0.3794139922 -0.8778150678 -0.1753179133 0.9236353636 0.3408244550 0.9400945902 0.0542466193 0.3365701139
-183.8 -345.2 2796.9 0.2939788103 0.3947545886 -0.8704856634 -0.1715139151 0.9177333713 0.3582574725 0.9402975440 0.0439802967 0.3375000954
-146.8 -138.8 2673.5 -0.6463504434 0.1745001525 -0.7428194880 0.6142312884 0.6965682507 -0.3708268404 0.4527151585 -0.6959470510 -0.5574106574
14.3 -291.9 2560.7 -0.9100615978 0.1745001525 0.3759489059 -0.1557644606 0.6965682507 -0.7003785372 -0.3840902448 -0.6959470510 -0.6067391038
-64.0 -187.0 2937.8 0.7559675574 0.2527379990 -0.6038514376 -0.6517868042 0.3761800528 -0.6585305929 0.0607211813 0.8914101720 0.4491111934
114.3 -340.8 2952.2 0.9650307298 0.2527379990 0.0695640445 -0.0317695178 0.3761800528 -0.9260017872 -0.2602044344 0.8914101720 0.3710547090
-288.9 -510.7 2698.8 0.8600659966 -0.4979966581 -0.1108412519 -0.1067871153 0.0367237180 -0.9936034679 0.4988817275 0.8664010167 -0.0215948038
-90.7 -525.4 2353.9 0.8600659966 0.1930359453 -0.4722537398 -0.1067871153 0.9732658863 0.2033469230 0.4988817275 -0.1244611591 0.8576866984
-235.3 -543.3 2874.3 0.4172880352 -0.9035769701 0.0970534831 -0.1146488190 -0.1582857519 -0.9807146788 0.9015133381 0.3981134295 -0.1696447879
146.1 -476.5 2706.2 0.4172880352 -0.3016313910 -0.8572567701 -0.1146488190 0.9183010459 -0.3789179921 0.9015133381 0.2564014196 0.3486143649
272.9 -247.6 2669.9 0 0 0 0 0 0 0 0 0
364.9 -349.0 2884.6 0 0 0 0 0 0 0 0 0
-164.5 -897.4 2401.4 0 0 0 0 0 0 0 0 0
269.6 -852.3 2601.3 0 0 0 0 0 0 0 0 0
-34.0 14.7 2817.6 7 0.3016727865 0.3719768226 -0.8778535128 -0.1806665063 0.9263707399 0.3304495215 0.9361373782 0.0589110963 0.3466646075
-107.1 -167.3 2806.0 0.3016727865 0.3719768226 -0.8778535128 -0.1806665063 0.9263707399 0.3304495215 0.9361373782 0.0589110963 0.3466646075
-184.3 -350.1 2795.7 0.3019860685 0.3887315691 -0.8704551458 -0.1799061894 0.9199169278 0.3484057486 0.9361827970 0.0513865948 0.3477373123
-149.6 -142.0 2674.3 -0.6752228737 0.1744105369 -0.7166972756 0.5888909101 0.7125543952 -0.3814102113 0.4441638291 -0.6795934439 -0.5838418007
21.7 -291.4 2561.7 -0.9031252861 0.1744105369 0.3923591077 -0.1592512578 0.7125543952 -0.6833047271 -0.3987527192 -0.6795934439 -0.6157507896
-64.6 -192.6 2937.6 0.7609112859 0.2566528022 -0.5959390402 -0.6470765471 0.3681233227 -0.6676654816 0.0480208658 0.8936523795 0.4461832047
115.0 -345.3 2949.0 0.9632885456 0.2566528022 0.0787687674 -0.0220734887 0.3681233227 -0.9295148849 -0.2675592303 0.8936523795 0.3602742255
-289.2 -511.9 2701.9 0.8612726331 -0.4981837869 -0.1001116857 -0.0987918004 0.0290910751 -0.9946827888 0.4984471798 0.8665832877 -0.0241611227
-90.7 -523.5 2356.7 0.8612726331 0.1809575260 -0.4748302698 -0.0987918004 0.9762420654 0.1928513795 0.4984471798 -0.1191882789 0.8586876988
-233.9 -549.4 2871.3 0.4247032106 -0.8994994760 0.1026056409 -0.1217195913 -0.1690380722 -0.9780646563 0.8971129060 0.4028981030 -0.1812777221
146.0 -478.0 2701.2 0.4247032106 -0.3061188161 -0.8520084620 -0.1217195913 0.9132482409 -0.3887956142 0.8971129060 0.2688288689 0.3505988121
279.0 -246.0 2675.2 0 0 0 0 0 0 0 0 0
365.3 -351.0 2879.5 0 0 0 0 0 0 0 0 0
-159.9 -896.7 2402.3 0 0 0 0 0 0 0 0 0
271.3 -851.9 2591.1 0 0 0 0 0 0 0 0 0
-32.8 28.1 2840.2 8 0.2409342378 0.3590973318 -0.9016650319 -0.2041610479 0.9269977212 0.3146323860 0.9488250613 0.1082791612 0.2966591716
-103.6 -154.8 2818.8 0.2409342378 0.3590973318 -0.9016650319 -0.2041610479 0.9269977212 0.3146323860 0.9488250613 0.1082791612 0.2966591716
-178.2 -338.0 2801.0 0.2453603446 0.3765917420 -0.8932955861 -0.1930370182 0.9219893217 0.3356671035 0.9500184059 0.0900797173 0.2989157736
-138.1 -127.6 2685.4 -0.6039133072 0.1554250121 -0.7817491889 0.6402780414 0.6787289977 -0.3596818149 0.4746922553 -0.7177534699 -0.5094087124
16.9 -291.9 2563.6 -0.9270137548 0.1554250121 0.3413042426 -0.1508237123 0.6787289977 -0.7187344432 -0.3433623910 -0.7177534699 -0.6057493091
-69.1 -182.0 2952.2 0.7616386414 0.1979851723 -0.6170157194 -0.6424572468 0.3550092280 -0.6791297197 0.0845886767 0.9136576653 0.3975857496
110.5 -333.5 2972.2 0.9780961275 0.1979851723 0.0642640740 -0.0104409186 0.3550092280 -0.9348044991 -0.2078917623 0.9136576653 0.3493002951
-289.3 -516.5 2699.6 0.8610021472 -0.5005711913 -0.0900212079 -0.0951198339 0.0153903114 -0.9953468442 0.4996274114 0.8655585647 -0.0343631580
-91.1 -522.5 2357.1 0.8610021472 0.1792280823 -0.4759754539 -0.0951198339 0.9760840535 0.1954791993 0.4996274114 -0.1230332926 0.8574585915
-230.4 -538.9 2870.1 0.3696919382 -0.9210388660 0.1225368232 -0.1325301528 -0.1828020364 -0.9741761684 0.9196540713 0.3439052403 -0.1896458715
157.9 -461.8 2725.1 0.3696919382 -0.3302043974 -0.8685004115 -0.1325301528 0.9064244032 -0.4010368586 0.9196540713 0.2633625865 0.2913357615
280.8 -249.0 2661.3 0 0 0 0 0 0 0 0 0
364.2 -336.2 2918.2 0 0 0 0 0 0 0 0 0
-159.7 -895.7 2404.1 0 0 0 0 0 0 0 0 0
293.1 -832.9 2617.3 0 0 0 0 0 0 0 0 0
-40.1 33.0 2829.5 9 0.3924350739 0.2105742991 -0.8953508735 -0.2013969421 0.9694908857 0.1397380978 0.8974597454 0.1254827976 0.4228712618
-81.1 -155.6 2805.1 0.3924350739 0.2105742991 -0.8953508735 -0.2013969421 0.9694908857 0.1397380978 0.8974597454 0.1254827976 0.4228712618
-175.3 -328.7 2797.1 0.3724572361 0.4810789227 -0.7936237454 -0.2546824515 0.8753058910 0.4110674262 0.8924194574 0.0490170196 0.4485363662
-132.2 -119.0 2681.1 -0.5730457902 0.1866495013 -0.7979852557 0.6733902693 0.6622036099 -0.3286820948 0.4670803845 -0.7257053852 -0.5051609278
14.5 -291.3 2561.6 -0.9211397171 0.1866495013 0.3415605128 -0.1388569623 0.6622036099 -0.7363457680 -0.3636211753 -0.7257053852 -0.5840644836
-30.0 -192.1 2929.0 0.6895229816 0.3786686957 -0.6173881292 -0.7224421501 0.2991775572 -0.6233538985 -0.0513359345 0.8758440614 0.4798560441
130.3 -360.1 2917.1 0.9251564741 0.3786686957 0.0263731629 -0.0953893065 0.2991775572 -0.9494175315 -0.3674049675 0.8758440614 0.3129070103
-289.1 -495.8 2701.7 0.8597727418 -0.4957099259 -0.1227294952 -0.1012121141 0.0701537430 -0.9923883080 0.5005466938 0.8656501174 0.0101444237
-90.7 -523.9 2355.2 0.8597727418 0.1877751648 -0.4749014080 -0.1012121141 0.9741537571 0.2019418478 0.5005466938 -0.1255583167 0.8565559983
-236.1 -525.6 2869.9 0.5005816221 -0.8656812906 -0.0037326147 -0.1986346394 -0.1106619835 -0.9738060236 0.8425925970 0.4882108569 -0.2273496538
124.0 -479.6 2666.9 0.5005816221 -0.1835918576 -0.8459976912 -0.1986346394 0.9268209338 -0.3186647594 0.8425925970 0.3275621533 0.4274818599
277.0 -251.8 2665.2 0 0 0 0 0 0 0 0 0
366.3 -384.4 2823.4 0 0 0 0 0 0 0 0 0
-162.5 -896.3 2403.2 0 0 0 0 0 0 0 0 0
198.2 -854.1 2534.5 0 0 0 0 0 0 0 0 0
-35.5 25.5 2824.6 0 0.3289931118 0.3059847951 -0.8933850527 -0.2134777457 0.9456574321 0.2452739626 0.9198862910 0.1100243777 0.3764356971
-95.4 -159.6 2803.1 0.3289931118 0.3059847951 -0.8933850527 -0.2134777457 0.9456574321 0.2452739626 0.9198862910 0.1100243777 0.3764356971
-185.1 -335.6 2791.6 0.3218344450 0.4558147788 -0.8298527002 -0.2307069749 0.8878206015 0.3981819153 0.9182575345 0.0633041412 0.3908909261
-139.9 -126.7 2674.9 -0.5901403427 0.1703398526 -0.7891252637 0.6659052968 0.6553276777 -0.3565329313 0.4564038813 -0.7358871698 -0.5001655221
5.5 -290.7 2562.5 -0.9415333867 0.1703398526 0.2906875610 -0.1120629460 0.6553276777 -0.7469856143 -0.3177370131 -0.7358871698 -0.5979241133
-50.9 -192.5 2931.2 0.7105769515 0.3146138489 -0.6293635964 -0.7036125064 0.3217048347 -0.6335893273 0.0031333279 0.8930420876 0.4499622881
115.3 -357.0 2932.0 0.9488186240 0.3146138489 0.0275923777 -0.0792341754 0.3217048347 -0.9435189366 -0.3057207167 0.8930420876 0.3301677108
-306.6 -480.3 2706.7 0.8436660171 -0.5191524029 -0.1367789358 -0.0939561948 0.1080639660 -0.9896941185 0.5285829306 0.8478224874 0.0423923060
-90.1 -525.4 2353.1 0.8436660171 0.1887509227 -0.5025940537 -0.0939561948 0.9736208320 0.2079295963 0.5285829306 -0.1282013059 0.8391451240
-245.9 -533.1 2863.6 0.4491222501 -0.8929313421 0.0310298279 -0.1751747727 -0.1220577955 -0.9769420028 0.8761295676 0.4333307445 -0.2112379074
127.8 -482.0 2682.3 0.4491222501 -0.2276172936 -0.8639904857 -0.1751747727 0.9258046150 -0.3349620700 0.8761295676 0.3017882407 0.3759266436
273.6 -258.8 2653.0 0 0 0 0 0 0 0 0 0
359.1 -377.4 2853.4 0 0 0 0 0 0 0 0 0
-162.2 -897.6 2402.1 0 0 0 0 0 0 0 0 0
220.2 -858.1 2559.7 0 0 0 0 0 0 0 0 0
-34.7 23.0 2822.2 1 0.2819277942 0.3478437662 -0.8941596150 -0.1850931495 0.9341757894 0.3050510585 0.9414123893 0.0795004517 0.3277536333
-103.0 -160.4 2806.6 0.2819277942 0.3478437662 -0.8941596150 -0.1850931495 0.9341757894 0.3050510585 0.9414123893 0.0795004517 0.3277536333
-188.6 -339.1 2798.1 0.2824954093 0.4323246777 -0.8563245535 -0.1837583482 0.9005416036 0.3940275609 0.9415037036 0.0460458100 0.3338421285
-142.2 -134.3 2674.9 -0.6186145544 0.1512967497 -0.7709898353 0.6430523992 0.6613194346 -0.3861867785 0.4514417350 -0.7346876264 -0.5063935518
7.8 -290.3 2565.4 -0.9523165226 0.1512967497 0.2649575472 -0.1017046198 0.6613194346 -0.7431774735 -0.2876619101 -0.7346876264 -0.6143978834
-63.8 -186.5 2938.3 0.7266002297 0.2637805939 -0.6344066858 -0.6839066744 0.3660510778 -0.6310929656 0.0657551736 0.8924272656 0.4463741183
106.5 -346.8 2953.7 0.9640441537 0.2637805939 0.0322274268 -0.0691351816 0.3660510778 -0.9280231595 -0.2565913796 0.8924272656 0.3711259067
-305.8 -491.4 2695.7 0.8397806883 -0.5295136571 -0.1199320853 -0.0890292153 0.0836036354 -0.9925140738 0.5355765224 0.8441716433 0.0230665356
-90.0 -525.4 2351.6 0.8397806883 0.1923364699 -0.5077155232 -0.0890292153 0.9712729454 0.2206869274 0.5355765224 -0.1401270926 0.8327798247
-248.6 -534.7 2875.5 0.4093558788 -0.9103178978 0.0612294786 -0.1290257871 -0.1241951436 -0.9838332534 0.9032054543 0.3948377371 -0.1682945043
133.9 -482.5 2709.6 0.4093558788 -0.2630039155 -0.8736456633 -0.1290257871 0.9312403202 -0.3407987356 0.9032054543 0.2522307932 0.3472744226
279.3 -261.3 2647.4 0 0 0 0 0 0 0 0 0
355.4 -364.7 2887.5 0 0 0 0 0 0 0 0 0
-163.5 -896.7 2405.2 0 0 0 0 0 0 0 0 0
241.0 -861.7 2606.9 0 0 0 0 0 0 0 0 0
-33.7 21.5 2810.0 2 0.2921818793 0.3575376272 -0.8870155811 -0.1680047363 0.9322541952 0.3204318285 0.9414904118 0.0553984456 0.3324557841
-104.0 -161.8 2799.1 0.2921818793 0.3575376272 -0.8870155811 -0.1680047363 0.9322541952 0.3204318285 0.9414904118 0.0553984456 0.3324557841
-184.5 -343.1 2791.7 0.2915474474 0.4058392942 -0.8661954403 -0.1695383638 0.9131222367 0.3707620502 0.9414121509 0.0387586318 0.3350237906
-144.8 -137.9 2667.0 -0.6547619104 0.1591277868 -0.7388945818 0.6286002398 0.6574785709 -0.4154319167 0.4197005928 -0.7364782691 -0.5305196643
13.7 -290.0 2565.5 -0.9532278776 0.1591277868 0.2569727302 -0.0918509811 0.6574785709 -0.7478538156 -0.2879583836 -0.7364782691 -0.6121108532
-63.3 -185.8 2931.2 0.7474265099 0.2569350302 -0.6126483679 -0.6610779762 0.3789825439 -0.6475709677 0.0657993779 0.8890200257 0.4531157017
112.5 -341.2 2946.7 0.9645727873 0.2569350302 0.0598637946 -0.0435811393 0.3789825439 -0.9243770242 -0.2601921856 0.8890200257 0.3767537773
-300.7 -501.3 2703.4 0.8496655822 -0.5150275826 -0.1132032648 -0.0977423191 0.0571369566 -0.9935702085 0.5181841850 0.8552671671 -0.0017926864
-89.2 -524.8 2352.2 0.8496655822 0.1978572011 -0.4887953699 -0.0977423191 0.9699690342 0.2227252424 0.5181841850 -0.1414659768 0.8434883356
-238.4 -540.0 2870.5 0.4163757265 -0.9049908519 0.0873088762 -0.1128531098 -0.1467299908 -0.9827179313 0.9021615386 0.3993268311 -0.1632258296
142.8 -478.2 2702.3 0.4163757265 -0.2900559902 -0.8616836667 -0.1128531098 0.9239287376 -0.3655405641 0.9021615386 0.2494459003 0.3519677818
285.6 -263.8 2647.6 0 0 0 0 0 0 0 0 0
362.3 -352.5 2879.3 0 0 0 0 0 0 0 0 0
-164.8 -895.6 2406.3 0 0 0 0 0 0 0 0 0
261.2 -855.3 2600.4 0 0 0 0 0 0 0 0 0
-34.7 20.4 2814.4 3 0.3290652633 0.3488103151 -0.8775234818 -0.1887447536 0.9348208904 0.3008077145 0.9252521396 0.0666425675 0.3734531999
-103.3 -163.3 2801.3 0.3290652633 0.3488103151 -0.8775234818 -0.1887447536 0.9348208904 0.3008077145 0.9252521396 0.0666425675 0.3734531999
-179.8 -346.3 2791.4 0.3293402195 0.3852489591 -0.8620430827 -0.1880494803 0.9214491844 0.3399541080 0.9252958298 0.0501461849 0.3759161234
-149.5 -136.9 2671.4 -0.6719954610 0.1499582082 -0.7252134681 0.6092270613 0.6686960459 -0.4262487590 0.4210278988 -0.7282569408 -0.5407193303
18.7 -289.4 2566.0 -0.9532203078 0.1499582082 0.2624568045 -0.0977485403 0.6686960459 -0.7370826602 -0.2860354185 -0.7282569408 -0.6227564216
-57.1 -189.7 2931.2 0.7650572062 0.2797075808 -0.5800440907 -0.6436536312 0.3600335121 -0.6753413081 0.0199372228 0.8900222182 0.4554810524
122.9 -341.2 2935.9 0.9553991556 0.2797075808 0.0947421715 -0.0128991660 0.3600335121 -0.9328501821 -0.2950356305 0.8900222182 0.3475837111
-292.0 -509.0 2698.1 0.8568210602 -0.5057086349 -0.1005806923 -0.0948021859 0.0372331589 -0.9947996140 0.5068237185 0.8619005084 -0.0160401314
-89.3 -524.0 2352.7 0.8568210602 0.1935043037 -0.4779265821 -0.0948021859 0.9702278972 0.2228684872 0.5068237185 -0.1456499249 0.8496562839
-226.2 -546.5 2866.2 0.4508743286 -0.8865489364 0.1036502570 -0.1285704225 -0.1794180125 -0.9753352404 0.8832790852 0.4264272451 -0.1948789507
147.5 -470.9 2686.5 0.4508743286 -0.3023397923 -0.8398231864 -0.1285704225 0.9090757966 -0.3962963820 0.8832790852 0.2866562903 0.3710069954
290.7 -261.5 2647.6 0 0 0 0 0 0 0 0 0
370.6 -344.5 2859.4 0 0 0 0 0 0 0 0 0
-163.3 -894.9 2408.4 0 0 0 0 0 0 0 0 0
271.0 -842.2 2569.4 0 0 0 0 0 0 0 0 0
-35.5 17.1 2816.6 4 0.3342821002 0.3633045256 -0.8696351647 -0.1868683845 0.9299465418 0.3166696131 0.9237617254 0.0566503294 0.3787546158
-107.2 -166.5 2805.4 0.3342821002 0.3633045256 -0.8696351647 -0.1868683845 0.9299465418 0.3166696131 0.9237617254 0.0566503294 0.3787546158
-184.5 -349.3 2796.7 0.3347743154 0.3889972270 -0.8582583070 -0.1856578290 0.9201893210 0.3446487188 0.9238275290 0.0439628251 0.3802761436
-154.3 -140.4 2675.5 -0.6836751699 0.1481431872 -0.7145920992 0.5906134248 0.6874872446 -0.4225364327 0.4286770523 -0.7109253407 -0.5575133562
18.4 -289.5 2567.3 -0.9444393516 0.1481431872 0.2934073508 -0.1149250194 0.6874872446 -0.7170449495 -0.3079391420 -0.7109253407 -0.6322646737
-60.2 -192.6 2935.2 0.7628992200 0.2871485054 -0.5792499781 -0.6462876201 0.3626074195 -0.6714373827 0.0172380805 0.8866011500 0.4622134268
119.6 -344.9 2939.3 0.9533473253 0.2871485054 0.0931377858 -0.0181882326 0.3626074195 -0.9317644835 -0.3013272285 0.8866011500 0.3509135246
-286.6 -512.2 2696.7 0.8609039187 -0.4972366095 -0.1077043787 -0.1075847074 0.0289874729 -0.9937732220 0.4972625077 0.8671306372 -0.0285396259
-89.2 -523.7 2352.4 0.8609039187 0.1950668246 -0.4698865712 -0.1075847074 0.9724916816 0.2066046745 0.4972625077 -0.1273141503 0.8582080603
-231.2 -549.1 2872.7 0.4561848640 -0.8844553828 0.0981534123 -0.1268258840 -0.1737915426 -0.9765816331 0.8808010817 0.4330533743 -0.1914529055
142.1 -475.8 2689.9 0.4561848640 -0.2974832058 -0.8386889100 -0.1268258840 0.9111139774 -0.3921563029 0.8808010817 0.2852632105 0.3779078126
287.9 -256.7 2655.1 0 0 0 0 0 0 0 0 0
367.1 -349.6 2861.1 0 0 0 0 0 0 0 0 0
-163.8 -895.5 2401.1 0 0 0 0 0 0 0 0 0
263.8 -848.5 2573.2 0 0 0 0 0 0 0 0 0
-36.6 17.0 2818.2 5 0.3232327998 0.3699550927 -0.8710073233 -0.1788210571 0.9277119040 0.3276791275 0.9292704463 0.0498378240 0.3660226762
-109.8 -166.6 2808.3 0.3232327998 0.3699550927 -0.8710073233 -0.1788210571 0.9277119040 0.3276791275 0.9292704463 0.0498378240 0.3660226762
-188.1 -349.1 2800.9 0.3239779472 0.3940809369 -0.8600805402 -0.1770206690 0.9183088541 0.3540798724 0.9293556809 0.0375379622 0.3672722578
-155.4 -141.7 2677.6 -0.6780054569 0.1496839225 -0.7196549773 0.5883852243 0.6973409653 -0.4092901349 0.4405807555 -0.7009353042 -0.5608727932
16.7 -290.9 2565.8 -0.9351058602 0.1496839225 0.3212035596 -0.1304588318 0.6973409653 -0.7047666907 -0.3294806182 -0.7009353042 -0.6325600743
-64.2 -191.4 2939.0 0.7588319778 0.2801014781 -0.5879772305 -0.6504718065 0.3710860312 -0.6627077460 0.0325647332 0.8853464127 0.4637900591
114.7 -344.9 2946.7 0.9563211799 0.2801014781 0.0836238414 -0.0275251567 0.3710860312 -0.9281904697 -0.2910191417 0.8853464127 0.3625872731
-292.6 -515.2 2703.3 0.8608111739 -0.4997825623 -0.0960285068 -0.0981058404 0.0221914370 -0.9949285388 0.4993789494 0.8658666015 -0.0299289506
-89.8 -524.2 2351.9 0.8608111739 0.1883321553 -0.4727949798 -0.0981058404 0.9729908705 0.2089592218 0.4993789494 -0.1334904879 0.8560379744
-236.8 -547.8 2878.6 0.4461070895 -0.8900329471 0.0939669162 -0.1194850281 -0.1632822007 -0.9793172479 0.8869677782 0.4256527126 -0.1791869551
139.1 -478.8 2698.9 0.4461070895 -0.2950907350 -0.8449319005 -0.1194850281 0.9159908295 -0.3829936087 0.8869677782 0.2718128860 0.3733710945
283.5 -253.7 2659.9 0 0 0 0 0 0 0 0 0
363.2 -352.0 2871.1 0 0 0 0 0 0 0 0 0
-161.7 -896.1 2402.9 0 0 0 0 0 0 0 0 0
259.8 -853.7 2587.7 0 0 0 0 0 0 0 0 0
-34.3 16.7 2819.5 6 0.2941484153 0.3856891096 -0.8744830489 -0.1786310524 0.9210238457 0.3461300135 0.9389183521 0.0543962456 0.3398137391
-110.2 -164.6 2808.8 0.2941484153 0.3856891096 -0.8744830489 -0.1786310524 0.9210238457 0.3461300135 0.9389183521 0.0543962456 0.3398137391
-190.3 -346.3 2799.4 0.2943500578 0.4032922983 -0.8664371967 -0.1781620830 0.9138646722 0.3648418784 0.9389442801 0.0469750203 0.3408475220
-151.6 -139.6 2676.7 -0.6617437601 0.1573712826 -0.7330275774 0.6036852002 0.6916327477 -0.3964950144 0.4445889592 -0.7048960328 -0.5526863933
14.2 -290.9 2565.3 -0.9336509705 0.1573712826 0.3217610419 -0.1283656508 0.6916327477 -0.7107505798 -0.3343922198 -0.7048960328 -0.6255425215
-68.8 -189.7 2940.8 0.7499434948 0.2581734359 -0.6090412736 -0.6590945721 0.3701013923 -0.6546902061 0.0563833974 0.8923964500 0.4477158487
108.1 -345.1 2954.1 0.9641042948 0.2581734359 0.0620436855 -0.0393775925 0.3701013923 -0.9281564355 -0.2625877857 0.8923964500 0.3669825792
-296.2 -515.4 2708.2 0.8604602814 -0.5013670325 -0.0907704532 -0.0942863449 0.0183917377 -0.9953752160 0.5007176995 0.8650392294 -0.0314467028
-91.0 -522.9 2354.0 0.8604602814 0.1792412102 -0.4769494236 -0.0942863449 0.9759277701 0.1966598928 0.5007176995 -0.1242481992 0.8566470146
-243.5 -544.2 2876.1 0.4183236957 -0.9040426016 0.0878194794 -0.1222408265 -0.1518413424 -0.9808167219 0.9000347257 0.3995637298 -0.1740297526
138.2 -480.1 2707.4 0.4183236957 -0.2924534976 -0.8599280715 -0.1222408265 0.9200063348 -0.3723512590 0.9000347257 0.2608816624 0.3491106927
280.7 -254.2 2660.8 0 0 0 0 0 0 0 0 0
358.5 -355.4 2885.9 0 0 0 0 0 0 0 0 0
-159.5 -896.0 2401.5 0 0 0 0 0 0 0 0 0
257.9 -856.7 2600.6 0 0 0 0 0 0 0 0 0
-36.5 17.5 2820.6 7 0.3177293539 0.3726335168 -0.8718900681 -0.1883144230 0.9260208607 0.3271437287 0.9292931557 0.0602463111 0.3643962741
-109.9 -164.8 2808.8 0.3177293539 0.3726335168 -0.8718900681 -0.1883144230 0.9260208607 0.3271437287 0.9292931557 0.0602463111 0.3643962741
-187.5 -347.5 2798.2 0.3176774383 0.3902189434 -0.8641818166 -0.1884400100 0.9191955328 0.3457888067 0.9292854071 0.0529971384 0.3655405343
-154.6 -138.4 2678.1 -0.6621352434 0.1517466158 -0.7338595986 0.6050927639 0.6859728694 -0.4041088521 0.4420856237 -0.7116278410 -0.5460276008
12.8 -291.3 2566.3 -0.9345074296 0.1517466158 0.3219763935 -0.1349583715 0.6859728694 -0.7150017023 -0.3293661475 -0.7116278410 -0.6205673218
-65.2 -191.3 2939.5 0.7610630393 0.2720227838 -0.5888859630 -0.6480157375 0.3598349690 -0.6712632775 0.0293028522 0.8924810290 0.4501321316
114.3 -344.2 2946.4 0.9585890770 0.2720227838 0.0843242481 -0.0200561639 0.3598349690 -0.9328003526 -0.2840857506 0.8924810290 0.3503895998
-297.5 -511.6 2704.0 0.8543633223 -0.5109732747 -0.0947079509 -0.0970243961 0.0221999437 -0.9950343966 0.5105385184 0.8593098521 -0.0306100566
-90.1 -520.6 2355.2 0.8543633223 0.1849880964 -0.4856363833 -0.0970243961 0.9748473763 0.2006461620 0.5105385184 -0.1243061423 0.8508222103
-235.9 -547.5 2872.8 0.4398367405 -0.8926149011 0.0989051983 -0.1301342845 -0.1723136008 -0.9764082432 0.8885992765 0.4165892899 -0.1919496506
141.0 -474.7 2696.9 0.4398367405 -0.3005900085 -0.8462796807 -0.1301342845 0.9110460281 -0.3912290335 0.8885992765 0.2822068930 0.3615944684
279.6 -252.8 2660.3 0 0 0 0 0 0 0 0 0
363.3 -349.4 2872.6 0 0 0 0 0 0 0 0 0
-160.8 -893.3 2402.7 0 0 0 0 0 0 0 0 0
264.0 -847.6 2581.4 0 0 0 0 0 0 0 0 0
-34.4 17.6 2820.7 8 0.3317979574 0.3695898950 -0.8679363132 -0.1931938529 0.9271783233 0.3209618330 0.9233559966 0.0611854717 0.3790383935
-107.1 -164.6 2808.7 0.3317979574 0.3695898950 -0.8679363132 -0.1931938529 0.9271783233 0.3209618330 0.9233559966 0.0611854717 0.3790383935
-184.4 -347.5 2798.6 0.3326249719 0.3889715075 -0.8591052294 -0.1911801249 0.9198738337 0.3424649537 0.9234775305 0.0503314510 0.3803366423
-153.9 -137.8 2678.8 -0.6553059816 0.1566668451 -0.7389381528 0.6064211726 0.6923710704 -0.3909932375 0.4503637254 -0.7043279409 -0.5487209558
10.0 -289.4 2566.1 -0.9361873269 0.1566668451 0.3146566153 -0.1230929717 0.6923710704 -0.7109644413 -0.3292436898 -0.7043279409 -0.6289044023
-60.3 -191.5 2938.6 0.7628713846 0.2852540910 -0.5802218318 -0.6463776231 0.3572213352 -0.6742320657 0.0149401836 0.8893947601 0.4568957984
119.7 -344.0 2942.1 0.9540402889 0.2852540910 0.0918542966 -0.0168956742 0.3572213352 -0.9338669181 -0.2992016673 0.8893947601 0.3456231356
-294.2 -513.0 2702.4 0.8543099165 -0.5093983412 -0.1032853648 -0.1093432307 0.0181311630 -0.9938386679 0.5081324577 0.8603398204 -0.0402096286
-87.8 -520.3 2353.8 0.8543099165 0.1927070171 -0.4827199578 -0.1093432307 0.9745792747 0.1955486834 0.5081324577 -0.1142770201 0.8536639810
-231.2 -547.9 2873.3 0.4540406466 -0.8855727315 0.0980204567 -0.1323196292 -0.1758144349 -0.9754900336 0.8811007738 0.4299421012 -0.1970055550
142.8 -473.6 2691.7 0.4540406466 -0.2982668579 -0.8395736814 -0.1323196292 0.9092804193 -0.3945891857 0.8811007738 0.2902516127 0.3733837306
277.3 -254.3 2660.1 0 0 0 0 0 0 0 0 0
367.6 -348.4 2864.4 0 0 0 0 0 0 0 0 0
-161.5 -892.9 2397.5 0 0 0 0 0 0 0 0 0
264.9 -845.9 2572.9 0 0 0 0 0 0 0 0 0
-34.4 16.5 2830.2 9 0.3171931505 0.3659655452 -0.8749043941 -0.2137961090 0.9263893366 0.3099903464 0.9239478707 0.0887243450 0.3720863760
-106.5 -166.0 2812.8 0.3171931505 0.3659655452 -0.8749043941 -0.2137961090 0.9263893366 0.3099903464 0.9239478707 0.0887243450 0.3720863760
-183.0 -348.8 2797.8 0.3190745711 0.3850618601 -0.8659785390 -0.2091711909 0.9198197126 0.3319323659 0.9243586063 0.0752265826 0.3740349114
-151.4 -136.6 2682.7 -0.6463413835 0.1595402658 -0.7461834550 0.6078134179 0.6988442540 -0.3770670295 0.4613086283 -0.6972543597 -0.5486626625
9.6 -287.9 2567.8 -0.9377538562 0.1595402658 0.3084875345 -0.1134276241 0.6988442540 -0.7062229514 -0.3282557428 -0.6972543597 -0.6372476220
-61.6 -195.4 2942.8 0.7647715807 0.2703862786 -0.5848211050 -0.6441614032 0.3398001194 -0.6852678061 0.0134352753 0.9007925391 0.4340418577
118.9 -347.5 2946.0 0.9585806727 0.2703862786 0.0895227343 -0.0080164568 0.3398001194 -0.9404635429 -0.2847082615 0.9007925391 0.3278933764
-292.2 -512.8 2703.9 0.8599864841 -0.5002550483 -0.1008373573 -0.1028816029 0.0235825554 -0.9944140315 0.4998386502 0.8655568957 -0.0311863646
-89.7 -522.4 2353.4 0.8599864841 0.1893174201 -0.4739010632 -0.1028816029 0.9738923311 0.2023587078 0.4998386502 -0.1252700537 0.8570114970
-230.3 -550.8 2867.6 0.4408366680 -0.8915166259 0.1042168364 -0.1489094347 -0.1871388108 -0.9709814787 0.8851491213 0.4125253856 -0.2152528763
146.3 -471.7 2693.4 0.4408366680 -0.3059931695 -0.8438194394 -0.1489094347 0.9021379352 -0.4049358964 0.8851491213 0.3041632771 0.3521302342
277.3 -255.6 2661.6 0 0 0 0 0 0 0 0 0
368.0 -349.5 2872.0 0 0 0 0 0 0 0 0 0
-162.0 -894.7 2401.3 0 0 0 0 0 0 0 0 0
271.6 -841.1 2568.8 0 0 0 0 0 0 0 0 0
-33.8 18.6 2825.0 0 0.3524034917 0.3484025300 -0.8685778379 -0.2154648155 0.9333900809 0.2869805098 0.9107066989 0.0860150307 0.4039984345
-102.4 -165.0 2808.1 0.3524034917 0.3484025300 -0.8685778379 -0.2154648155 0.9333900809 0.2869805098 0.9107066989 0.0860150307 0.4039984345
-175.0 -349.4 2793.0 0.3532426059 0.3653292656 -0.8612515330 -0.2132767141 0.9278064370 0.3060853183 0.9108966589 0.0755625218 0.4056569934
-152.1 -135.1 2680.0 -0.6535123587 0.1424097270 -0.7433983088 0.6157401204 0.6712207794 -0.4127066135 0.4402109981 -0.7274490595 -0.5263384581
9.6 -287.4 2571.1 -0.9563003778 0.1424097270 0.2553606033 -0.0963037163 0.6712207794 -0.7349749804 -0.2760709226 -0.7274490595 -0.6281741261
-52.7 -194.9 2936.2 0.7797903419 0.2908017039 -0.5544018149 -0.6257336140 0.3343050778 -0.7047677636 -0.0196083076 0.8964789510 0.4426522851
131.2 -342.5 2931.6 0.9489424229 0.2908017039 0.1222402751 0.0189341623 0.3343050778 -0.9422746897 -0.3148806393 0.8964789510 0.3117301762
-288.8 -512.4 2698.1 0.8596656322 -0.5006749630 -0.1014868915 -0.1021688357 0.0261445288 -0.9944234490 0.5005362630 0.8652404547 -0.0286778267
-90.1 -522.8 2354.6 0.8596656322 0.1837529391 -0.4766653776 -0.1021688357 0.9760609269 0.1920068711 0.5005362630 -0.1163613573 0.8578598499
-215.2 -553.3 2861.4 0.4722654223 -0.8732140660 0.1202602834 -0.1499885768 -0.2140531540 -0.9652381539 0.8686016202 0.4378109276 -0.2320620418
153.4 -462.9 2676.6 0.4722654223 -0.3170803487 -0.8224508762 -0.1499885768 0.8905441761 -0.4294584394 0.8686016202 0.3261765838 0.3730147779
282.2 -260.0 2649.8 0 0 0 0 0 0 0 0 0
377.7 -337.6 2849.8 0 0 0 0 0 0 0 0 0
-160.3 -895.9 2399.1 0 0 0 0 0 0 0 0 0
283.2 -827.4 2543.1 0 0 0 0 0 0 0 0 0
-35.6 17.4 2811.9 1 0.3709042370 0.3505734503 -0.8599582911 -0.1867693961 0.9352483749 0.3007118702 0.9096962214 0.0490785837 0.4123639762
-104.5 -166.4 2802.3 0.3709042370 0.3505734503 -0.8599582911 -0.1867693961 0.9352483749 0.3007118702 0.9096962214 0.0490785837 0.4123639762
-176.3 -351.5 2793.7 0.3711810112 0.3614825904 -0.8553099036 -0.1860438585 0.9313875437 0.3128976524 0.9097320437 0.0429834835 0.4129649997
-156.7 -140.3 2674.3 -0.6892753243 0.1398131847 -0.7108810544 0.5929253101 0.6727161407 -0.4425975084 0.4163401723 -0.7265709043 -0.5465853810
11.9 -285.4 2572.5 -0.9625341892 0.1398131847 0.2323363572 -0.0798387453 0.6727161407 -0.7355805635 -0.2591402829 -0.7265709043 -0.6363497972
-52.3 -192.6 2930.2 0.7828614116 0.3055182993 -0.5420208573 -0.6219699383 0.3607829213 -0.6949741840 -0.0167754702 0.8811891079 0.4724662304
132.4 -339.3 2926.2 0.9428475499 0.3055182993 0.1330303252 0.0146678872 0.3607829213 -0.9325344563 -0.3329014182 0.8811891079 0.3356819749
-280.0 -514.2 2694.4 0.8666896820 -0.4875352383 -0.1056334376 -0.1074277237 0.0243758000 -0.9939140081 0.4871430099 0.8727629781 -0.0312485471
-89.3 -523.8 2353.1 0.8666896820 0.1932612211 -0.4598903358 -0.1074277237 0.9725826383 0.2062578946 0.4871430099 -0.1293566078 0.8636889458
-214.0 -553.5 2868.5 0.4889712334 -0.8638377786 0.1212082431 -0.1230613664 -0.2058761269 -0.9708094001 0.8635756969 0.4597818255 -0.2069725692
150.7 -466.6 2674.3 0.4889712334 -0.3164086640 -0.8128915429 -0.1230613664 0.8975523710 -0.4233859181 0.8635756969 0.3070590794 0.3999396265
286.4 -262.6 2646.4 0 0 0 0 0 0 0 0 0
377.4 -335.5 2839.7 0 0 0 0 0 0 0 0 0
-163.2 -895.5 2402.5 0 0 0 0 0 0 0 0 0
280.2 -834.0 2548.7 0 0 0 0 0 0 0 0 0
-35.8 15.6 2815.3 2 0.3550978899 0.3518363535 -0.8660927415 -0.1845922172 0.9346200824 0.3039917052 0.9164230227 0.0519271679 0.3968278766
-104.9 -168.0 2805.1 0.3550978899 0.3518363535 -0.8660927415 -0.1845922172 0.9346200824 0.3039917052 0.9164230227 0.0519271679 0.3968278766
-177.2 -352.8 2796.0 0.3553172946 0.3640414774 -0.8609433174 -0.1840206832 0.9302632809 0.3174061179 0.9164529443 0.0456515104 0.3975297809
-154.9 -142.1 2676.2 -0.6944715381 0.1321930289 -0.7072724104 0.5726858377 0.6966401935 -0.4321150184 0.4355918169 -0.7051364779 -0.5595018864
19.9 -286.2 2566.6 -0.9594638348 0.1321930289 0.2489059567 -0.0887048170 0.6966401935 -0.7119156122 -0.2675081789 -0.7051364779 -0.6566749215
-54.9 -193.8 2934.0 0.7807815075 0.2920794487 -0.5523313284 -0.6248025298 0.3629629612 -0.6912884116 -0.0014353264 0.8848432302 0.4658867419
129.4 -341.3 2933.7 0.9482899904 0.2920794487 0.1242406443 0.0102783060 0.3629629612 -0.9317469001 -0.3172388673 0.8848432302 0.3411920369
-282.1 -519.5 2701.7 0.8682861328 -0.4854701161 -0.1019705981 -0.1099504977 0.0121044563 -0.9938633442 0.4837252498 0.8741694689 -0.0428675488
-88.2 -524.3 2352.5 0.8682861328 0.1949611604 -0.4561462104 -0.1099504977 0.9722970128 0.2062752098 0.4837252498 -0.1289523840 0.8656680584
-216.9 -554.6 2871.0 0.4741539061 -0.8720473647 0.1212907881 -0.1216021255 -0.2013042867 -0.9719513655 0.8720040321 0.4461053312 -0.2014920264
151.4 -469.6 2682.6 0.4741539061 -0.3181652427 -0.8209439516 -0.1216021255 0.8998211026 -0.4189688265 0.8720040321 0.2984842360 0.3879641294
295.0 -260.8 2643.3 0 0 0 0 0 0 0 0 0
375.8 -338.6 2851.3 0 0 0 0 0 0 0 0 0
-162.7 -896.0 2401.8 0 0 0 0 0 0 0 0 0
281.6 -838.0 2560.4 0 0 0 0 0 0 0 0 0
-35.6 15.0 2827.6 3 0.2686227858 0.3520287573 -0.8966144919 -0.1932720244 0.9315947294 0.3078590333 0.9436565638 0.0905925557 0.3182848692
-104.6 -167.6 2809.8 0.2686227858 0.3520287573 -0.8966144919 -0.1932720244 0.9315947294 0.3078590333 0.9436565638 0.0905925557 0.3182848692
-177.4 -351.8 2794.7 0.2717204988 0.3678537309 -0.8892983794 -0.1852753013 0.9267742038 0.3267455101 0.9443733692 0.0759815723 0.3199777603
-142.7 -141.6 2677.4 -0.6899095774 0.1734344810 -0.7028123736 0.5730949640 0.7239990830 -0.3839108348 0.4422521591 -0.6676419973 -0.5988883376
32.5 -287.1 2565.2 -0.9373109937 0.1734344810 0.3022723496 -0.0867235437 0.7239990830 -0.6843276620 -0.3375309110 -0.6676419973 -0.6635714173
-66.5 -193.6 2942.1 0.7705191970 0.2170623988 -0.5993196964 -0.6338087916 0.3608010113 -0.6841849089 0.0677243322 0.9070317149 0.4155801535
114.9 -342.9 2958.1 0.9725126028 0.2170623988 0.0842804313 0.0002953171 0.3608010113 -0.9326427579 -0.2328501493 0.9070317149 0.3508194387
-282.1 -520.8 2702.9 0.8682203889 -0.4860858321 -0.0995684788 -0.1109289974 0.0054345927 -0.9938134551 0.4836197495 0.8738941550 -0.0492025875
-88.6 -523.0 2355.0 0.8682203889 0.1903661937 -0.4582073987 -0.1109289974 0.9745694399 0.1947027743 0.4836197495 -0.1182164326 0.8672581911
-225.4 -553.0 2865.8 0.3946366310 -0.9096668363 0.1294918805 -0.1240465716 -0.1923856884 -0.9734475613 0.9104253650 0.3680950403 -0.1887634844
157.4 -472.1 2710.9 0.3946366310 -0.3329932392 -0.8563745618 -0.1240465716 0.9041791558 -0.4087450504 0.9104253650 0.2675361037 0.3155155182
304.6 -262.0 2663.1 0 0 0 0 0 0 0 0 0
366.7 -342.8 2897.8 0 0 0 0 0 0 0 0 0
-161.4 -895.6 2400.2 0 0 0 0 0 0 0 0 0
293.7 -842.1 2601.4 0 0 0 0 0 0 0 0 0
-37.8 13.6 2833.7 4 0.2847676575 0.3663382828 -0.8858349919 -0.2058363259 0.9259085059 0.3167409301 0.9362365007 0.0921394452 0.3390745223
-110.0 -168.8 2815.5 0.2847676575 0.3663382828 -0.8858349919 -0.2058363259 0.9259085059 0.3167409301 0.9362365007 0.0921394452 0.3390745223
-186.4 -351.5 2799.7 0.2866472304 0.3853554428 -0.8771171570 -0.2012224197 0.9193313122 0.3381412327 0.9366658330 0.0795684010 0.3410659134
-150.2 -140.5 2684.0 -0.7821360230 0.2276213616 -0.5800445676 0.4955430329 0.7915708423 -0.3575649858 0.3777569532 -0.5671014786 -0.7319122553
73.9 -282.4 2575.8 -0.8939559460 0.2276213616 0.3860456347 -0.0610168539 0.7915708423 -0.6080234647 -0.4439816177 -0.5671014786 -0.6937407255
-69.7 -197.1 2947.0 0.7610778809 0.2408428937 -0.6022915840 -0.6470645666 0.3469807804 -0.6789048910 0.0454741828 0.9064210057 0.4199202955
109.7 -349.6 2957.8 0.9676468968 0.2408428937 0.0751941800 -0.0134890294 0.3469807804 -0.9377752542 -0.2519474328 0.9064210057 0.3390036225
-275.1 -519.1 2693.2 0.8703987598 -0.4825358987 -0.0978016555 -0.1069466472 0.0086022075 -0.9942275286 0.4805917740 0.8758339286 -0.0441182479
-88.1 -522.5 2353.9 0.8703987598 0.1924370378 -0.4531821311 -0.1069466472 0.9723719358 0.2074974924 0.4805917740 -0.1321392506 0.8669317961
-236.6 -552.7 2869.7 0.4101163149 -0.9055342078 0.1086850390 -0.1416032761 -0.1809441298 -0.9732459784 0.9009734392 0.3837538958 -0.2024347484
145.2 -476.4 2707.9 0.4101163149 -0.3124680817 -0.8568361998 -0.1416032761 0.9062711000 -0.3982728422 0.9009734392 0.2846690118 0.3274300396
334.6 -264.6 2705.3 0 0 0 0 0 0 0 0 0
360.6 -353.1 2892.4 0 0 0 0 0 0 0 0 0
-161.7 -894.2 2404.4 0 0 0 0 0 0 0 0 0
273.0 -847.2 2591.4 0 0 0 0 0 0 0 0 0
-35.2 15.6 2815.7 5 0.2585423589 0.3819784224 -0.8872701526 -0.1592735499 0.9227845669 0.3508568704 0.9527789950 0.0506072938 0.2994179726
-110.3 -165.8 2805.8 0.2585423589 0.3819784224 -0.8872701526 -0.1592735499 0.9227845669 0.3508568704 0.9527789950 0.0506072938 0.2994179726
-189.1 -347.9 2797.6 0.2603999972 0.3961708546 -0.8804774284 -0.1548808664 0.9172688127 0.3669193387 0.9529972672 0.0408233143 0.3002160788
-146.9 -144.1 2672.0 -0.7568785548 0.2128002644 -0.6179408431 0.5374968648 0.7405602336 -0.4033208787 0.3717956245 -0.6374061704 -0.6748936176
53.4 -286.3 2573.6 -0.9060792923 0.2128002644 0.3656998575 -0.0945925564 0.7405602336 -0.6652990580 -0.4123985767 -0.6374061704 -0.6508769393
-73.7 -187.5 2939.5 0.7512655854 0.2222424001 -0.6214565635 -0.6524982452 0.3916632533 -0.6487264037 0.0992271975 0.8928651810 0.4392559230
103.2 -341.2 2962.9 0.9735055566 0.2222424001 0.0538073629 -0.0386018902 0.3916632533 -0.9192985296 -0.2253814787 0.8928651810 0.3898653388
-289.1 -515.8 2698.2 0.8608092666 -0.4995210171 -0.0973969474 -0.1016138270 0.0188287050 -0.9946457148 0.4986802936 0.8660971522 -0.0345503204
-89.2 -523.3 2351.6 0.8608092666 0.1912531406 -0.4716244638 -0.1016138270 0.9726315141 0.2089558691 0.4986802936 -0.1319475770 0.8566842079
-244.0 -544.2 2876.7 0.3848294318 -0.9175472260 0.1000667065 -0.0992956832 -0.1489430666 -0.9838477373 0.9176310301 0.3686773777 -0.1484261602
143.0 -481.4 2721.2 0.3848294318 -0.3067105711 -0.8705371618 -0.0992956832 0.9239418507 -0.3694209456 0.9176310301 0.2286046296 0.3251049817
314.7 -259.1 2692.6 0 0 0 0 0 0 0 0 0
355.9 -351.2 2904.4 0 0 0 0 0 0 0 0 0
-162.3 -895.1 2402.0 0 0 0 0 0 0 0 0 0
268.4 -859.0 2627.7 0 0 0 0 0 0 0 0 0
-34.0 18.4 2817.8 6 0.2392423749 0.3754795790 -0.8954206705 -0.1548295617 0.9251542091 0.3465797901 0.9585357904 0.0557210147 0.2794714272
-108.1 -164.0 2806.8 0.2392423749 0.3754795790 -0.8954206705 -0.1548295617 0.9251542091 0.3465797901 0.9585357904 0.0557210147 0.2794714272
-184.4 -347.2 2798.1 0.2426128834 0.3841685951 -0.8908161521 -0.1466328502 0.9222223759 0.3577773869 0.9589774609 0.0438215062 0.2800747752
-142.2 -143.4 2672.0 -0.7414508462 0.1818978786 -0.6458821893 0.5534433722 0.7100387812 -0.4353680909 0.3794088960 -0.6802632809 -0.6271290183
52.5 -288.7 2572.4 -0.9119988680 0.1818978786 0.3676564693 -0.1368420571 0.7100387812 -0.6907381415 -0.3866941631 -0.6802632809 -0.6226632595
-74.0 -184.6 2941.5 0.7567690015 0.1994617730 -0.6225075722 -0.6428966522 0.3993871510 -0.6535853148 0.1182562485 0.8948211670 0.4304771423
104.5 -336.2 2969.4 0.9782568812 0.1994617730 0.0568199791 -0.0282089338 0.3993871510 -0.9163482785 -0.2054696232 0.8948211670 0.3963298500
-291.7 -515.9 2702.3 0.8617872596 -0.4989057183 -0.0917377472 -0.0961375609 0.0169360209 -0.9952239394 0.4980766177 0.8664907813 -0.0333683342
-89.6 -522.8 2351.2 0.8617872596 0.1845096648 -0.4725239873 -0.0961375609 0.9740289450 0.2050004452 0.4980766177 -0.1312394738 0.8571440578
-238.6 -543.8 2877.2 0.3673941493 -0.9229508638 0.1148184463 -0.0894241259 -0.1579341441 -0.9833921790 0.9257563949 0.3510249853 -0.1405581534
151.0 -477.2 2729.0 0.3673941493 -0.3227100968 -0.8722842336 -0.0894241259 0.9212722778 -0.3784979284 0.9257563949 0.2170611769 0.3096119761
314.1 -249.4 2683.3 0 0 0 0 0 0 0 0 0
358.5 -343.5 2916.0 0 0 0 0 0 0 0 0 0
-160.1 -895.1 2401.4 0 0 0 0 0 0 0 0 0
283.0 -854.0 2640.3 0 0 0 0 0 0 0 0 0
-36.1 14.6 2819.3 7 0.2392429113 0.3716081381 -0.8970341086 -0.1574082524 0.9264861345 0.3418275714 0.9581155777 0.0594207533 0.2801494300
-109.3 -167.9 2807.6 0.2392429113 0.3716081381 -0.8970341086 -0.1574082524 0.9264861345 0.3418275714 0.9581155777 0.0594207533 0.2801494300
-185.7 -351.1 2798.0 0.2418676168 0.3847047389 -0.8907874823 -0.1509940177 0.9217838049 0.3570930660 0.9584888220 0.0481343344 0.2810377479
-143.3 -146.6 2672.8 -0.7433163524 0.1677241027 -0.6475719810 0.5507815480 0.7028371692 -0.4501772523 0.3796320856 -0.6912947893 -0.6148096919
49.6 -289.6 2574.2 -0.9126525521 0.1677241027 0.3727383614 -0.1544304490 0.7028371692 -0.6943854094 -0.3784395754 -0.6912947893 -0.6155444980
-75.2 -189.1 2942.4 0.7563065886 0.1992871314 -0.6231251955 -0.6438727975 0.3954524398 -0.6550154686 0.1158802286 0.8966058493 0.4273988307
103.2 -341.0 2969.7 0.9783466458 0.1992871314 0.0558796078 -0.0281167943 0.3954524398 -0.9180560112 -0.2050544769 0.8966058493 0.3924928606
-283.1 -517.0 2701.5 0.8693801165 -0.4840723872 -0.0992580876 -0.1069178730 0.0118367784 -0.9941973686 0.4824384153 0.8749479055 -0.0414653346
-89.9 -521.7 2352.4 0.8693801165 0.1906332970 -0.4558916688 -0.1069178730 0.9733030796 0.2031002194 0.4824384153 -0.1278283149 0.8665524125
-240.0 -548.1 2876.3 0.3668384254 -0.9232613444 0.1140966415 -0.0936886519 -0.1586887240 -0.9828734994 0.9255549908 0.3498662114 -0.1447122246
149.9 -481.1 2728.5 0.3668384254 -0.3224814832 -0.8726025820 -0.0936886519 0.9204196930 -0.3795392215 0.9255549908 0.2209825218 0.3074324429
311.0 -245.4 2682.6 0 0 0 0 0 0 0 0 0
357.4 -348.3 2916.4 0 0 0 0 0 0 0 0 0
-162.8 -893.8 2401.2 0 0 0 0 0 0 0 0 0
281.9 -857.8 2638.1 0 0 0 0 0 0 0 0 0
-22.1 28.4 2819.5 8 0.0289867260 0.4230716228 -0.9056324959 -0.0941411257 0.9031415582 0.4188947678 0.9951367974 0.0731148720 0.0660075545
-106.3 -151.2 2805.0 0.0289867260 0.4230716228 -0.9056324959 -0.0941411257 0.9031415582 0.4188947678 0.9951367974 0.0731148720 0.0660075545
-189.9 -331.1 2795.0 0.0405548066 0.4212805629 -0.9060231447 -0.0693580732 0.9057688117 0.4180577397 0.9967671633 0.0458857715 0.0659524873
-112.1 -142.3 2668.1 -0.6720705032 0.1798920482 -0.7183036208 0.6189914346 0.6688843966 -0.4116349518 0.4064122140 -0.7212714553 -0.5608890653
48.4 -290.0 2571.1 -0.9145663381 0.1798920482 0.3622253835 -0.1562729925 0.6688843966 -0.7267547250 -0.3730242848 -0.7212714553 -0.5836268663
-100.5 -160.2 2941.8 0.6764029860 0.0370697863 -0.7355983257 -0.6647993326 0.4606461227 -0.5880875587 0.3170502186 0.8868094683 0.3362263739
55.4 -313.4 3014.9 0.9968162775 0.0370697863 -0.0705917552 -0.0797326937 0.4606461227 -0.8839954138 -0.0002517016 0.8868094683 0.4621351957
-284.4 -520.4 2700.6 0.8682642579 -0.4875958860 -0.0914734304 -0.1026976481 0.0037334869 -0.9947056174 0.4853558838 0.8730614781 -0.0468332991
-89.2 -521.9 2350.9 0.8682642579 0.1919654161 -0.4574564397 -0.1026976481 0.9716775417 0.2128285170 0.4853558838 -0.1378116906 0.8633872867
-269.7 -516.8 2874.2 0.1702688038 -0.9812255502 0.0905810148 -0.0266011618 -0.0964668170 -0.9949806929 0.9850385189 0.1670046002 -0.0425270312
136.4 -476.9 2805.1 0.1702688038 -0.2932219505 -0.9407600164 -0.0266011618 0.9529852271 -0.3018469214 0.9850385189 0.0764204264 0.1544636041
310.1 -245.3 2677.9 0 0 0 0 0 0 0 0 0
308.7 -333.6 3014.8 0 0 0 0 0 0 0 0 0
-162.5 -893.4 2403.6 0 0 0 0 0 0 0 0 0
255.1 -862.6 2774.2 0 0 0 0 0 0 0 0 0
-28.0 28.9 2819.7 9 -0.0483172387 0.4148350060 -0.9086129069 -0.0729389638 0.9057812691 0.4174208641 0.9961653352 0.0864419118 -0.0135072125
-110.2 -150.6 2802.5 -0.0483172387 0.4148350060 -0.9086129069 -0.0729389638 0.9057812691 0.4174208641 0.9961653352 0.0864419118 -0.0135072125
-193.6 -330.5 2789.6 -0.0384385251 0.4207916558 -0.9063425660 -0.0515323952 0.9049712420 0.4223405123 0.9979313016 0.0629401505 -0.0131013570
-104.8 -143.8 2664.2 -0.6614274979 0.2195764333 -0.7171470523 0.6236669421 0.6921414137 -0.3632902205 0.4165971875 -0.6875510216 -0.5947439671
54.2 -293.7 2564.1 -0.8671314716 0.2195764333 0.4470672905 -0.1844917685 0.6921414137 -0.6977843642 -0.4626508057 -0.6875510216 -0.5596675873
