-222.3 155.2 2643.0 14 0.4921454787 0.2785123885 -0.8247567415 -0.0137525592 0.9498069286 0.3125342429 0.8704043031 -0.1424698085 0.4712734520
-278.0 -34.8 2671.5 0.4921454787 0.2785123885 -0.8247567415 -0.0137525592 0.9498069286 0.3125342429 0.8704043031 -0.1424698085 0.4712734520
-330.7 -220.9 2702.6 0.4972304106 0.2688310444 -0.8249192834 0.0038977931 0.9500839114 0.3119701147 0.8676097989 -0.1583363861 0.4713627696
-348.9 -35.4 2547.9 -0.3625887930 0.0262052603 -0.9315807223 0.6348951459 0.7387024164 -0.2263335586 0.6822298169 -0.6735221148 -0.2844828069
-264.6 -183.1 2389.2 -0.9804672003 0.0262052603 0.1949291825 -0.1123865247 0.7387024164 -0.6645961404 -0.1614105701 -0.6735221148 -0.7213283777
-207.2 -34.3 2795.2 0.7348585725 0.6781774759 -0.0076280804 -0.6047004461 0.6602506042 0.4454284608 0.3071160018 -0.3227142096 0.8952850699
-89.1 -131.5 2844.6 -0.4765492678 0.6781774759 0.5594426394 0.0608118586 0.6602506042 -0.7485793829 -0.8770419955 -0.3227142096 -0.3558831811
-433.0 -403.9 2658.9 0.9632520080 -0.2685087323 0.0069752391 0.0265758932 0.0694329217 -0.9972325563 0.2672813237 0.9607716203 0.0740172639
-317.9 -433.7 2246.9 0.9632520080 -0.0543169007 -0.2630499303 0.0265758932 0.9938072562 -0.1078930050 0.2672813237 0.0969373658 0.9587303400
-338.4 -406.6 2812.0 0.6232773662 -0.7782555223 0.0764434114 -0.2147421688 -0.2643316984 -0.9402204752 0.7519382238 0.5696025491 -0.3318762481
-46.4 -307.4 2598.3 0.6232773662 -0.2331039011 -0.7464501858 -0.2147421688 0.8668240905 -0.4500019550 0.7519382238 0.4407703578 0.4902146459
-15.1 -154.5 2430.3 0 0 0 0 0 0 0 0 0
-102.6 -129.8 2819.6 0 0 0 0 0 0 0 0 0
-297.4 -807.9 2210.4 0 0 0 0 0 0 0 0 0
75.3 -759.7 2368.3 0 0 0 0 0 0 0 0 0
-223.6 156.1 2640.2 15 0.4843503237 0.2763953805 -0.8300665021 -0.0052948073 0.9496925473 0.3131389022 0.8748581409 -0.1472738981 0.4614473581
-279.1 -34.7 2669.7 0.4843503237 0.2763953805 -0.8300665021 -0.0052948073 0.9496925473 0.3131389022 0.8748581409 -0.1472738981 0.4614473581
-331.3 -220.6 2702.5 0.4904080033 0.2662251294 -0.8298338056 0.0159051158 0.9493052363 0.3139531016 0.8713478446 -0.1671637148 0.4613125622
-349.0 -37.0 2545.6 -0.3771041930 0.0507926457 -0.9247770309 0.6297745109 0.7461929321 -0.2158244401 0.6790997982 -0.6637892723 -0.3133803904
-261.6 -183.0 2388.1 -0.9721705317 0.0507926457 0.2287018001 -0.1152608097 0.7461929321 -0.6556760073 -0.2039591819 -0.6637892723 -0.7195724249
-209.3 -32.4 2793.9 0.7348912358 0.6779864430 -0.0164099820 -0.5980895758 0.6593163610 0.4556213319 0.3197244406 -0.3250174820 0.8900223970
-91.1 -128.6 2845.3 -0.4699259102 0.6779864430 0.5652468801 0.0487574190 0.6593163610 -0.7502830625 -0.8813582659 -0.3250174820 -0.3428867161
-428.3 -407.3 2655.1 0.9642003179 -0.2650881410 0.0067829383 0.0250519030 0.0655965135 -0.9975317121 0.2639888823 0.9619902968 0.0698891431
-316.4 -435.0 2249.2 0.9642003179 -0.0678041577 -0.2563597560 0.0250519030 0.9857249260 -0.1664894670 0.2639888823 0.1541069001 0.9521349072
-339.1 -405.1 2814.0 0.6182109714 -0.7816335559 0.0828504041 -0.2035415024 -0.2610073388 -0.9436344504 0.7592009306 0.5665016770 -0.3204524517
-45.8 -307.1 2601.4 0.6182109714 -0.2400339991 -0.7484643459 -0.2035415024 0.8708606958 -0.4474064410 0.7592009306 0.4289351106 0.4895187616
-14.5 -153.7 2439.9 0 0 0 0 0 0 0 0 0
-104.5 -127.2 2820.3 0 0 0 0 0 0 0 0 0
-292.7 -780.0 2195.2 0 0 0 0 0 0 0 0 0
79.4 -761.6 2377.6 0 0 0 0 0 0 0 0 0
-226.0 157.0 2639.2 16 0.4619303048 0.2728613317 -0.8438999057 0.0164238866 0.9487042427 0.3157381117 0.8867641687 -0.1597091258 0.4337537885
-280.9 -33.8 2671.3 0.4619303048 0.2728613317 -0.8438999057 0.0164238866 0.9487042427 0.3157381117 0.8867641687 -0.1597091258 0.4337537885
-332.2 -219.6 2706.4 0.4678348899 0.2617148161 -0.8441776037 0.0373785794 0.9484374523 0.3147526383 0.8830251098 -0.1788064241 0.4339296222
-347.5 -39.2 2545.6 -0.3753013015 0.0500611886 -0.9255499840 0.6199755073 0.7558541298 -0.2105112076 0.6890423298 -0.6528234482 -0.3147097230
-260.3 -183.2 2385.5 -0.9686045051 0.0500611886 0.2435142398 -0.1226281449 0.7558541298 -0.6431539059 -0.2162582874 -0.6528234482 -0.7259847522
-214.2 -28.5 2797.1 0.7318819165 0.6800577044 -0.0432482958 -0.5847752094 0.6593864560 0.4724906981 0.3498382866 -0.3205168545 0.8802738786
-96.6 -122.4 2853.3 -0.4476881623 0.6800577044 0.5806004405 0.0272741951 0.6593864560 -0.7513092756 -0.8937737346 -0.3205168545 -0.3137475252
-427.8 -408.0 2656.5 0.9647714496 -0.2630650103 0.0035877749 0.0196712799 0.0585306324 -0.9980917573 0.2623530030 0.9630010128 0.0616435073
-318.0 -432.4 2254.5 0.9647714496 -0.0623423681 -0.2555963397 0.0196712799 0.9858928919 -0.1662175804 0.2623530030 0.1553340703 0.9523876309
-341.2 -401.9 2821.2 0.6004620194 -0.7933975458 0.0998283997 -0.1829337627 -0.2578199208 -0.9487171173 0.7784475684 0.5514066219 -0.2999502718
-43.5 -305.2 2614.3 0.6004620194 -0.2587177753 -0.7566442490 -0.1829337627 0.8766801357 -0.4449350238 0.7784475684 0.4055823684 0.4790849090
-14.3 -152.0 2440.5 0 0 0 0 0 0 0 0 0
-109.3 -121.7 2828.0 0 0 0 0 0 0 0 0 0
-295.3 -790.6 2198.1 0 0 0 0 0 0 0 0 0
91.4 -762.5 2402.8 0 0 0 0 0 0 0 0 0
-227.9 160.2 2648.2 17 0.4546739161 0.2593025267 -0.8520761728 -0.0031242343 0.9571401477 0.2896082997 0.8906524777 -0.1290152669 0.4359968007
-279.9 -31.7 2674.1 0.4546739161 0.2593025267 -0.8520761728 -0.0031242343 0.9571401477 0.2896082997 0.8906524777 -0.1290152669 0.4359968007
-329.0 -218.9 2704.0 0.4610731304 0.2507021725 -0.8512108922 0.0208796542 0.9559291601 0.2928540707 0.8871164918 -0.1528001279 0.4355186522
-345.6 -34.7 2547.7 -0.3631421030 0.0296668522 -0.9312613606 0.6309215426 0.7433034778 -0.2223464996 0.6856134534 -0.6682962179 -0.2886422575
-259.9 -183.6 2386.0 -0.9718781114 0.0296668522 0.2336081415 -0.1348067373 0.7433034778 -0.6552305818 -0.1930803806 -0.6682962179 -0.7184011340
-214.2 -28.8 2800.5 0.7369811535 0.6736211181 -0.0556183644 -0.5839740038 0.6760094762 0.4494280815 0.3403427899 -0.2987403274 0.8915834427
-95.8 -122.6 2855.2 -0.4418623745 0.6736211181 0.5924459696 0.0443495400 0.6760094762 -0.7355571389 -0.8959859014 -0.2987403274 -0.3285779357
-425.7 -408.7 2661.6 0.9655207396 -0.2603192925 0.0018846490 0.0172887500 0.0568967946 -0.9982303381 0.2597513795 0.9638447165 0.0594356321
-315.5 -432.7 2253.7 0.9655207396 -0.0696900710 -0.2508246005 0.0172887500 0.9785400033 -0.2053302526 0.2597513795 0.1939141750 0.9460055828
-336.4 -404.1 2814.1 0.5971415043 -0.7939807773 0.1140900105 -0.1949752718 -0.2816385925 -0.9395021796 0.7780788541 0.5387710333 -0.3229847252
-38.6 -298.5 2612.0 0.5971415043 -0.2730442584 -0.7542339563 -0.1949752718 0.8626741171 -0.4666669369 0.7780788541 0.4257231653 0.4619016349
-13.2 -149.4 2435.0 0 0 0 0 0 0 0 0 0
-108.3 -121.4 2829.7 0 0 0 0 0 0 0 0 0
-291.3 -772.6 2186.3 0 0 0 0 0 0 0 0 0
103.8 -748.4 2390.0 0 0 0 0 0 0 0 0 0
-229.0 157.4 2652.3 18 0.4509373307 0.2575470805 -0.8545905352 -0.0085689547 0.9586698413 0.2843917906 0.8925144672 -0.1209199354 0.4345069230
-280.6 -34.7 2676.5 0.4509373307 0.2575470805 -0.8545905352 -0.0085689547 0.9586698413 0.2843917906 0.8925144672 -0.1209199354 0.4345069230
-330.0 -222.1 2704.8 0.4568722844 0.2521011233 -0.8530607820 0.0137380781 0.9568851590 0.2901415229 0.8894262314 -0.1442770362 0.4337109327
-345.7 -36.7 2549.8 -0.3508021533 0.0286261085 -0.9360119700 0.6254184842 0.7510997653 -0.2114258111 0.6969860196 -0.6595678329 -0.2813906968
-263.4 -183.5 2386.2 -0.9667697549 0.0286261085 0.2540409863 -0.1468910575 0.7510997653 -0.6436398029 -0.2092350274 -0.6595678329 -0.7219355702
-215.5 -32.8 2803.2 0.7349252105 0.6755325198 -0.0595042817 -0.5871630907 0.6777700782 0.4425688982 0.3392999172 -0.2903163433 0.8947580457
-97.4 -127.2 2857.8 -0.4374960065 0.6755325198 0.5935091376 0.0515117124 0.6777700782 -0.7334672809 -0.8977437019 -0.2903163433 -0.3313195407
-419.8 -407.9 2653.8 0.9671965241 -0.2539200783 -0.0074511436 0.0062606889 0.0531497188 -0.9985669255 0.2539522350 0.9657638073 0.0529959388
-315.7 -429.7 2257.9 0.9671965241 -0.0541379564 -0.2481935024 0.0062606889 0.9818100333 -0.1897627115 0.2539522350 0.1819839627 0.9499421716
-338.1 -408.2 2813.4 0.5933538675 -0.7967008352 0.1148867309 -0.2013823986 -0.2851148844 -0.9370990396 0.7793435454 0.5328951478 -0.3296155334
-39.2 -301.3 2613.5 0.5933538675 -0.2744644880 -0.7567036748 -0.2013823986 0.8595604897 -0.4696816802 0.7793435454 0.4310742319 0.4547512233
-17.0 -146.0 2439.5 0 0 0 0 0 0 0 0 0
-109.8 -125.7 2832.3 0 0 0 0 0 0 0 0 0
-296.1 -785.0 2192.0 0 0 0 0 0 0 0 0 0
104.0 -749.7 2388.6 0 0 0 0 0 0 0 0 0
-233.7 154.7 2654.3 19 0.4558006227 0.2481659055 -0.8547862172 -0.0100845965 0.9617238045 0.2738351226 0.8900247812 -0.1161940470 0.4408569336
-283.5 -38.2 2677.6 0.4558006227 0.2481659055 -0.8547862172 -0.0100845965 0.9617238045 0.2738351226 0.8900247812 -0.1161940470 0.4408569336
-330.7 -226.2 2705.6 0.4624402523 0.2411373854 -0.8532301784 0.0159907807 0.9598825574 0.2799459696 0.8865062594 -0.1431021094 0.4400323629
-349.4 -40.5 2551.2 -0.3678639233 0.0233852956 -0.9295855165 0.6090143323 0.7615019083 -0.2218477428 0.7026931643 -0.6477407217 -0.2943710387
-263.0 -183.5 2386.2 -0.9694478512 0.0233852956 0.2441802323 -0.1409786940 0.7615019083 -0.6326451302 -0.2007382959 -0.6477407217 -0.7349395156
-217.6 -35.9 2803.9 0.7431920171 0.6665300727 -0.0583376959 -0.5804091096 0.6856215596 0.4393727183 0.3328527212 -0.2926785648 0.8964085579
-98.1 -129.2 2857.4 -0.4437466860 0.6665300727 0.5990213156 0.0494225249 0.6856215596 -0.7262785435 -0.8947883844 -0.2926785648 -0.3371838927
-420.7 -410.7 2652.6 0.9665969014 -0.2562423050 -0.0055095982 0.0072557759 0.0488455147 -0.9987800121 0.2561987936 0.9653776288 0.0490731597
-315.6 -430.7 2256.7 0.9665969014 -0.0507433787 -0.2512281537 0.0072557759 0.9852301478 -0.1710815281 0.2561987936 0.1635440141 0.9526885748
-336.1 -412.7 2813.7 0.6004992127 -0.7901872993 0.1224939749 -0.1974172890 -0.2949528098 -0.9348953366 0.7748723030 0.5372214317 -0.3331155479
-39.6 -302.0 2612.2 0.6004992127 -0.2806148231 -0.7487697005 -0.1974172890 0.8553858399 -0.4788960814 0.7748723030 0.4353967905 0.4582602978
-16.4 -147.7 2437.2 0 0 0 0 0 0 0 0 0
-110.7 -127.8 2832.0 0 0 0 0 0 0 0 0 0
-296.8 -794.5 2196.3 0 0 0 0 0 0 0 0 0
106.8 -748.4 2385.0 0 0 0 0 0 0 0 0 0
-235.8 153.2 2654.8 20 0.4485340714 0.2411192805 -0.8606268764 -0.0043220622 0.9634961486 0.2676873207 0.8937552571 -0.1163472012 0.4332029819
-284.1 -39.8 2678.1 0.4485340714 0.2411192805 -0.8606268764 -0.0043220622 0.9634961486 0.2676873207 0.8937552571 -0.1163472012 0.4332029819
-330.6 -228.0 2706.2 0.4547798336 0.2372258157 -0.8584283590 0.0208031926 0.9607796073 0.2765316367 0.8903608918 -0.1436190605 0.4320081472
-348.9 -42.8 2551.2 -0.3644479811 0.0034380492 -0.9312173724 0.6018017530 0.7639915943 -0.2327048481 0.7106421590 -0.6452170610 -0.2805042267
-264.2 -182.6 2386.0 -0.9743426442 0.0034380492 0.2250435352 -0.1426443756 0.7639915943 -0.6292610765 -0.1740947962 -0.6452170610 -0.7438991666
-219.3 -36.8 2805.0 0.7433905005 0.6653593779 -0.0683189034 -0.5755714178 0.6883948445 0.4413955510 0.3407170475 -0.2888068259 0.8947080374
-99.8 -129.3 2859.7 -0.4363364875 0.6653593779 0.6057287455 0.0447097160 0.6883948445 -0.7239568830 -0.8986721039 -0.2888068259 -0.3301198184
-419.7 -415.6 2653.5 0.9674893618 -0.2528997958 0.0024472233 0.0134657295 0.0418469831 -0.9990332723 0.2525528967 0.9665870667 0.0438919924
-315.6 -432.8 2255.6 0.9674893618 -0.0657910705 -0.2442044765 0.0134657295 0.9776027799 -0.2100272179 0.2525528967 0.1999107152 0.9467062354
-335.9 -414.2 2814.8 0.5949442983 -0.7931294441 0.1303339452 -0.1921270043 -0.2977826297 -0.9351003766 0.7804668546 0.5312919617 -0.3295456767
-38.3 -302.5 2615.5 0.5949442983 -0.2888691127 -0.7500639558 -0.1921270043 0.8550241590 -0.4816855192 0.7804668546 0.4306835830 0.4531922042
-15.6 -146.2 2430.4 0 0 0 0 0 0 0 0 0
-112.2 -128.1 2834.2 0 0 0 0 0 0 0 0 0
-292.6 -774.8 2185.6 0 0 0 0 0 0 0 0 0
112.4 -748.7 2390.7 0 0 0 0 0 0 0 0 0
-237.8 152.0 2655.0 21 0.4436018467 0.2345572412 -0.8649857044 -0.0036904069 0.9656144977 0.2599520385 0.8962163925 -0.1121230572 0.4292139709
-284.8 -41.4 2677.5 0.4436018467 0.2345572412 -0.8649857044 -0.0036904069 0.9656144977 0.2599520385 0.8962163925 -0.1121230572 0.4292139709
-330.4 -229.9 2704.8 0.4495505989 0.2327211499 -0.8624066114 0.0208552759 0.9624676108 0.2705940306 0.8930113912 -0.1396314353 0.4278244078
-348.9 -44.3 2550.2 -0.3661189079 -0.0104653463 -0.9305092096 0.5978835225 0.7635976076 -0.2438318431 0.7130864263 -0.6456075907 -0.2733104527
-264.0 -182.9 2385.0 -0.9695786238 -0.0104653463 0.2445561737 -0.1656536758 0.7635976076 -0.6240813732 -0.1802112907 -0.6456075907 -0.7421015501
-220.7 -38.4 2804.7 0.7445957661 0.6631875634 -0.0758903921 -0.5724039078 0.6928507686 0.4385334253 0.3434106410 -0.2830901742 0.8955049515
-101.1 -130.4 2859.9 -0.4314174652 0.6631875634 0.6116054058 0.0447935201 0.6928507686 -0.7196883559 -0.9010396600 -0.2830901742 -0.3286144137
-418.2 -418.0 2653.9 0.9692651629 -0.2453320473 0.0183648188 0.0268515721 0.0312926620 -0.9991495013 0.2445487231 0.9689339399 0.0369184352
-318.2 -430.8 2258.9 0.9692651629 -0.0843001679 -0.2311245650 0.0268515721 0.9700976014 -0.2412253171 0.2445487231 0.2276052386 0.9425453544
-335.3 -416.5 2812.9 0.5915253162 -0.7944940925 0.1373934746 -0.1909803003 -0.3036155403 -0.9334581494 0.7833417654 0.5259246826 -0.3313289881
-37.2 -302.5 2615.6 0.5915253162 -0.2960707843 -0.7499599457 -0.1909803003 0.8522223830 -0.4870764911 0.7833417654 0.4313456416 0.4475674629
-17.5 -140.8 2430.8 0 0 0 0 0 0 0 0 0
-113.3 -129.1 2834.4 0 0 0 0 0 0 0 0 0
-289.0 -766.1 2180.2 0 0 0 0 0 0 0 0 0
117.3 -747.3 2390.5 0 0 0 0 0 0 0 0 0
-238.5 152.6 2655.2 22 0.4441520572 0.2262599915 -0.8669114113 0.0026659083 0.9672494531 0.2538136244 0.8959474564 -0.1150429472 0.4290026426
-283.8 -41.1 2678.2 0.4441520572 0.2262599915 -0.8669114113 0.0026659083 0.9672494531 0.2538136244 0.8959474564 -0.1150429472 0.4290026426
-327.9 -229.9 2706.3 0.4500349462 0.2250179201 -0.8641964197 0.0278382152 0.9637279510 0.2654306591 0.8925769329 -0.1435107589 0.4274471402
-347.9 -45.1 2551.0 -0.3534050882 -0.0141787129 -0.9353629351 0.5983514786 0.7651715875 -0.2376720309 0.7190830112 -0.6436702609 -0.2619316876
-266.5 -182.9 2385.3 -0.9682814479 -0.0141787129 0.2494594306 -0.1711090505 0.7651715875 -0.6206723452 -0.1820789427 -0.6436702609 -0.7433275580
-219.7 -37.2 2805.4 0.7493500113 0.6574825644 -0.0786849037 -0.5651859045 0.6969760060 0.4413494468 0.3450210392 -0.2862536013 0.8938788176
-99.2 -128.0 2860.9 -0.4324070215 0.6574825644 0.6170420647 0.0379059166 0.6969760060 -0.7160918713 -0.9008814096 -0.2862536013 -0.3262998164
-416.6 -420.2 2651.5 0.9709661007 -0.2380202711 0.0238997135 0.0299173817 0.0217014235 -0.9993167520 0.2373389900 0.9710177183 0.0281922910
-320.5 -429.0 2259.4 0.9709661007 -0.0771311820 -0.2264412194 0.0299173817 0.9783145189 -0.2049529105 0.2373389900 0.1922278106 0.9522177577
-331.3 -416.1 2815.1 0.5936047435 -0.7916812897 0.1444789022 -0.1833033562 -0.3078233898 -0.9336190820 0.7836027741 0.5277172923 -0.3278432786
-34.2 -300.6 2617.1 0.5936047435 -0.3024714589 -0.7457509041 -0.1833033562 0.8515012264 -0.4912693501 0.7836027741 0.4283184707 0.4500111341
-21.0 -139.5 2431.5 0 0 0 0 0 0 0 0 0
-111.5 -126.9 2835.3 0 0 0 0 0 0 0 0 0
-292.7 -782.1 2190.0 0 0 0 0 0 0 0 0 0
123.7 -745.0 2393.5 0 0 0 0 0 0 0 0 0
-239.5 149.6 2657.2 23 0.4538431466 0.2160365283 -0.8644967675 -0.0244231466 0.9728169441 0.2302839458 0.8907468319 -0.0833990574 0.4467825890
-282.8 -45.3 2673.9 0.4538431466 0.2160365283 -0.8644967675 -0.0244231466 0.9728169441 0.2302839458 0.8907468319 -0.0833990574 0.4467825890
-325.1 -235.2 2695.9 0.4593956470 0.2160173357 -0.8615638018 0.0005436494 0.9699077606 0.2434719950 0.8882315755 -0.1123183593 0.4454539716
-348.2 -45.4 2547.4 -0.3684135973 -0.0040519903 -0.9296531677 0.6011132598 0.7617893815 -0.2415363640 0.7091786265 -0.6478121281 -0.2782178521
-263.6 -183.5 2384.5 -0.9697479606 -0.0040519903 0.2440747470 -0.1611106098 0.7617893815 -0.6274713874 -0.1833910495 -0.6478121281 -0.7393965125
-217.3 -45.2 2800.4 0.7575624585 0.6487305760 -0.0724414662 -0.5704517961 0.7118929625 0.4096256196 0.3173072636 -0.2689926326 0.9093729258
-95.5 -136.9 2851.4 -0.4426456392 0.6487305760 0.6190423369 0.0654543191 0.7118929625 -0.6992311478 -0.8943045139 -0.2689926326 -0.3575785458
-412.6 -421.1 2653.7 0.9738414884 -0.2256491780 0.0267423932 0.0328867324 0.0235140920 -0.9991824627 0.2248358727 0.9739248157 0.0303198621
-320.3 -430.7 2255.2 0.9738414884 -0.0694818646 -0.2163445801 0.0328867324 0.9851755500 -0.1683673859 0.2248358727 0.1568482816 0.9616898894
-325.9 -425.0 2798.1 0.6031570435 -0.7837411761 0.1481597275 -0.2057292461 -0.3323303461 -0.9204520583 0.7706341743 0.5246964097 -0.3616858721
-31.9 -300.3 2601.3 0.6031570435 -0.3043633997 -0.7372682691 -0.2057292461 0.8336926699 -0.5124763846 0.7706341743 0.4607813954 0.4402311742
-17.8 -142.7 2431.0 0 0 0 0 0 0 0 0 0
-108.1 -135.0 2826.0 0 0 0 0 0 0 0 0 0
-294.7 -793.9 2197.4 0 0 0 0 0 0 0 0 0
126.8 -735.1 2361.0 0 0 0 0 0 0 0 0 0
-234.5 151.1 2647.2 24 0.4595638514 0.2342536598 -0.8566949964 -0.0078881942 0.9656279087 0.2598086298 0.8881096840 -0.1126408800 0.4456155300
-281.4 -42.2 2669.8 0.4595638514 0.2342536598 -0.8566949964 -0.0078881942 0.9656279087 0.2598086298 0.8881096840 -0.1126408800 0.4456155300
-326.1 -231.0 2696.1 0.4646451771 0.2283328027 -0.8555518985 0.0133108813 0.9642724991 0.2645776272 0.8853968978 -0.1343228668 0.4450052679
-347.6 -44.1 2543.7 -0.3666666150 0.0034273576 -0.9303460717 0.6121560931 0.7539164424 -0.2384846658 0.7005858421 -0.6569613814 -0.2785340548
-264.1 -183.6 2384.0 -0.9732084870 0.0034273576 0.2298989892 -0.1485217959 0.7539164424 -0.6399619579 -0.1755180061 -0.6569613814 -0.7332087755
-215.1 -40.3 2795.9 0.7516600490 0.6566699743 -0.0615773723 -0.5737798214 0.6970945597 0.4299254417 0.3252443671 -0.2878259122 0.9007620811
-94.3 -132.5 2848.2 -0.4470421374 0.6566699743 0.6074025631 0.0524139740 0.6970945597 -0.7150608301 -0.8929759860 -0.2878259122 -0.3460493088
-409.0 -425.1 2637.6 0.9738896489 -0.2257034183 0.0244316570 0.0291877333 0.0177588779 -0.9994161725 0.2251377702 0.9740341902 0.0238829590
-320.2 -432.1 2254.7 0.9738896489 -0.0622841492 -0.2183108479 0.0291877333 0.9880002141 -0.1516696066 0.2251377702 0.1413374692 0.9640210867
-328.8 -418.5 2802.4 0.6049630642 -0.7849574685 0.1336468309 -0.1972476989 -0.3103484213 -0.9299339652 0.7714356780 0.5362141728 -0.3425803781
-34.4 -302.1 2601.3 0.6049630642 -0.2904668152 -0.7413829565 -0.1972476989 0.8474004865 -0.4929561615 0.7714356780 0.4444563389 0.4553520977
-17.6 -146.0 2428.5 0 0 0 0 0 0 0 0 0
-107.0 -131.1 2822.9 0 0 0 0 0 0 0 0 0
-297.0 -800.2 2202.0 0 0 0 0 0 0 0 0 0
117.1 -744.1 2369.4 0 0 0 0 0 0 0 0 0
-235.7 149.0 2651.8 25 0.4529993534 0.2329593301 -0.8605356216 -0.0215137005 0.9678307772 0.2506805360 0.8912512064 -0.0950448141 0.4434385598
-282.5 -45.6 2670.9 0.4529993534 0.2329593301 -0.8605356216 -0.0215137005 0.9678307772 0.2506805360 0.8912512064 -0.0950448141 0.4434385598
-327.0 -234.7 2694.9 0.4592147470 0.2274179757 -0.8587216735 0.0045949258 0.9660537243 0.2583002746 0.8883134127 -0.1225610599 0.4425811470
-348.0 -46.2 2544.3 -0.3734216690 -0.0154057508 -0.9275338054 0.6036689281 0.7551582456 -0.2555775642 0.7043721080 -0.6553615332 -0.2726924717
-262.7 -184.1 2383.5 -0.9758332968 -0.0154057508 0.2179725468 -0.1542400569 0.7551582456 -0.6371389627 -0.1547881514 -0.6553615332 -0.7392846942
-217.1 -44.9 2797.4 0.7506322265 0.6572319865 -0.0678041875 -0.5760509968 0.7012465596 0.4200220704 0.3235993981 -0.2762234211 0.9049773812
-96.4 -137.5 2849.5 -0.4415782392 0.6572319865 0.6107820868 0.0612679124 0.7012465596 -0.7102813125 -0.8951284289 -0.2762234211 -0.3499224484
-412.8 -420.9 2642.4 0.9724718928 -0.2323147506 0.0181174558 0.0261454713 0.0315239690 -0.9991609454 0.2315486968 0.9721296430 0.0367301516
-319.4 -433.6 2251.5 0.9724718928 -0.0578034148 -0.2257369161 0.0261454713 0.9896938801 -0.1407919973 0.2315486968 0.1310142577 0.9639608264
-330.1 -423.4 2799.1 0.6006777883 -0.7875972390 0.1373927444 -0.2044262141 -0.3174430728 -0.9259804487 0.7729140520 0.5281292200 -0.3516865373
-34.6 -304.3 2601.0 0.6006777883 -0.2947083712 -0.7431911826 -0.2044262141 0.8420619965 -0.4991407692 0.7729140520 0.4517505467 0.4455618560
-15.8 -145.0 2422.6 0 0 0 0 0 0 0 0 0
-108.9 -135.8 2824.0 0 0 0 0 0 0 0 0 0
-297.8 -804.3 2202.5 0 0 0 0 0 0 0 0 0
119.2 -743.7 2365.3 0 0 0 0 0 0 0 0 0
-237.6 148.7 2653.5 26 0.4507604837 0.2272695452 -0.8632285595 -0.0203031935 0.9694059491 0.2446218580 0.8924140334 -0.0927395746 0.4415841997
-283.3 -46.2 2672.2 0.4507604837 0.2272695452 -0.8632285595 -0.0203031935 0.9694059491 0.2446218580 0.8924140334 -0.0927395746 0.4415841997
-327.4 -235.5 2695.8 0.4565746188 0.2251615226 -0.8607217073 0.0045792656 0.9668378234 0.2553501725 0.8896733522 -0.1205278859 0.4404025376
-348.4 -46.8 2545.4 -0.3779422641 -0.0114700338 -0.9257581234 0.6010260582 0.7575402260 -0.2547557056 0.7042210698 -0.6526876688 -0.2794126868
-262.1 -184.0 2384.7 -0.9679155946 -0.0114700338 0.2510136366 -0.1722664088 0.7575402260 -0.6296483278 -0.1829308420 -0.6526876688 -0.7352108955
-218.2 -45.5 2798.9 0.7511886358 0.6561922431 -0.0716055706 -0.5745368004 0.7033823133 0.4185221195 0.3249970675 -0.2732490301 0.9053794146
-97.5 -137.9 2851.2 -0.4390181899 0.6561922431 0.6137383580 0.0613390803 0.7033823133 -0.7081601620 -0.8963819146 -0.2732490301 -0.3490478694
-413.1 -424.3 2638.6 0.9711592793 -0.2374973744 0.0210867189 0.0275027230 0.0237338394 -0.9993399382 0.2368401438 0.9710981846 0.0295811631
-318.3 -433.7 2251.2 0.9711592793 -0.0568011925 -0.2315670103 0.0275027230 0.9914131761 -0.1278417259 0.2368401438 0.1177859604 0.9643822908
-330.2 -424.4 2799.8 0.5990075469 -0.7882433534 0.1409340054 -0.2038790435 -0.3203372359 -0.9251039624 0.7743535042 0.5254107714 -0.3525907099
-34.4 -304.2 2602.6 0.5990075469 -0.2982984781 -0.7431070209 -0.2038790435 0.8406209946 -0.5017864704 0.7743535042 0.4520778060 0.4427214861
-17.3 -140.4 2431.0 0 0 0 0 0 0 0 0 0
-109.9 -136.2 2825.7 0 0 0 0 0 0 0 0 0
-297.0 -806.1 2207.0 0 0 0 0 0 0 0 0 0
121.2 -742.9 2366.7 0 0 0 0 0 0 0 0 0
-239.6 149.8 2654.9 27 0.4515042901 0.2252722383 -0.8633633852 -0.0148190493 0.9693641663 0.2451806366 0.8921458721 -0.0979058817 0.4410103858
-284.9 -45.2 2674.6 0.4515042901 0.2252722383 -0.8633633852 -0.0148190493 0.9693641663 0.2451806366 0.8921458721 -0.0979058817 0.4410103858
-329.0 -234.4 2699.2 0.4570648372 0.2250167429 -0.8604993820 0.0090834433 0.9662378430 0.2574916482 0.8893870115 -0.1255066842 0.4395894110
-350.1 -46.5 2547.8 -0.3753855824 0.0002404557 -0.9268687367 0.5954422355 0.7664123774 -0.2409576923 0.7103056908 -0.6423488259 -0.2878433168
-263.5 -183.8 2384.1 -0.9623255134 0.0002404557 0.2718999088 -0.1744772643 0.7664123774 -0.6181988120 -0.2085361034 -0.6423488259 -0.7374961972
-219.8 -43.9 2801.3 0.7513995171 0.6560022235 -0.0711325407 -0.5728635788 0.7020424008 0.4230411053 0.3274539709 -0.2771236598 0.9033141136
-99.0 -136.0 2854.0 -0.4394830465 0.6560022235 0.6136087775 0.0567962527 0.7020424008 -0.7098666430 -0.8964534998 -0.2771236598 -0.3457942009
-412.8 -425.3 2639.0 0.9711292982 -0.2372821271 0.0245989840 0.0299247392 0.0188686978 -0.9993740320 0.2366694510 0.9712575078 0.0254245512
-317.8 -432.8 2250.4 0.9711292982 -0.0600693226 -0.2308670580 0.0299247392 0.9908083081 -0.1319217980 0.2366694510 0.1212044805 0.9640005231
-331.8 -422.9 2804.1 0.5994771123 -0.7879088521 0.1408077329 -0.1999362558 -0.3177590072 -0.9268520474 0.7750178576 0.5274739861 -0.3480207920
-36.1 -303.6 2606.2 0.5994771123 -0.2981086373 -0.7428044677 -0.1999362558 0.8428556323 -0.4996197224 0.7750178576 0.4480241239 0.4456699193
-20.3 -139.7 2436.8 0 0 0 0 0 0 0 0 0
-111.5 -134.4 2828.5 0 0 0 0 0 0 0 0 0
-295.2 -805.5 2204.8 0 0 0 0 0 0 0 0 0
119.5 -743.5 2372.4 0 0 0 0 0 0 0 0 0
-240.2 150.1 2655.1 28 0.4483844936 0.2270981371 -0.8645101190 -0.0105153276 0.9684590697 0.2489506304 0.8937789202 -0.1025349945 0.4366300702
-285.8 -44.3 2675.7 0.4483844936 0.2270981371 -0.8645101190 -0.0105153276 0.9684590697 0.2489506304 0.8937789202 -0.1025349945 0.4366300702
-329.9 -233.4 2701.3 0.4542270601 0.2254229486 -0.8618946075 0.0144537697 0.9654657841 0.2601286173 0.8907687068 -0.1306150705 0.4352824688
-350.5 -46.4 2548.7 -0.4262592494 0.0047971443 -0.9045883417 0.5830281377 0.7660385966 -0.2706715465 0.6916511059 -0.6427767277 -0.3293278813
-250.3 -183.5 2386.0 -0.9585828185 0.0047971443 0.2847734988 -0.1795272976 0.7660385966 -0.6172153950 -0.2211083621 -0.6427767277 -0.7334502339
-221.0 -42.3 2802.6 0.7503414750 0.6568949223 -0.0740047395 -0.5708787441 0.7003605962 0.4284768999 0.3332943022 -0.2792562544 0.9005169868
-100.4 -134.0 2856.2 -0.4366066456 0.6568949223 0.6147062182 0.0513750538 0.7003605962 -0.7119379044 -0.8981844187 -0.2792562544 -0.3395301104
-414.4 -424.5 2643.4 0.9709568620 -0.2382133454 0.0222965330 0.0283266101 0.0219202228 -0.9993583560 0.2375717461 0.9709654450 0.0280313678
-318.0 -433.4 2250.5 0.9709568620 -0.0594863482 -0.2317414582 0.0283266101 0.9903673530 -0.1355364770 0.2375717461 0.1250356287 0.9632890224
-333.0 -421.2 2807.4 0.5970131159 -0.7895801663 0.1419100612 -0.1952540576 -0.3145895004 -0.9289290905 0.7781074047 0.5268743634 -0.3419827819
-36.7 -303.1 2609.6 0.5970131159 -0.2995178998 -0.7442206144 -0.1952540576 0.8455405235 -0.4969275892 0.7781074047 0.4419844151 0.4463167489
-6.9 -137.9 2442.2 0 0 0 0 0 0 0 0 0
-112.8 -132.6 2830.7 0 0 0 0 0 0 0 0 0
-295.6 -806.1 2203.5 0 0 0 0 0 0 0 0 0
119.6 -744.4 2379.0 0 0 0 0 0 0 0 0 0
-242.8 150.9 2654.2 29 0.4499380589 0.2198966444 -0.8655641079 -0.0008230763 0.9693135619 0.2458263487 0.8930593729 -0.1098942012 0.4363120496
-287.0 -43.8 2676.3 0.4499380589 0.2198966444 -0.8655641079 -0.0008230763 0.9693135619 0.2458263487 0.8930593729 -0.1098942012 0.4363120496
-329.0 -233.3 2702.6 0.4552794695 0.2145668119 -0.8641074300 0.0229870975 0.9673708677 0.2523196042 0.8900517821 -0.1347392499 0.4354918301
-351.9 -47.1 2549.4 -0.4627393186 -0.0065153837 -0.8864704370 0.5700697899 0.7636074424 -0.3031899035 0.6788908243 -0.6456479430 -0.3496369421
-241.2 -183.5 2387.0 -0.9607548118 -0.0065153837 0.2773224413 -0.1838403940 0.7636074424 -0.6189559102 -0.2077327371 -0.6456479430 -0.7348372936
-222.1 -40.6 2803.1 0.7570545673 0.6487397552 -0.0774924681 -0.5612524152 0.7064633965 0.4311672449 0.3344609141 -0.2829242945 0.8989381194
-100.5 -130.8 2856.9 -0.4383530915 0.6487397552 0.6220797896 0.0429959223 0.7064633965 -0.7064423561 -0.8977738619 -0.2829242945 -0.3375735879
-415.1 -423.8 2646.3 0.9702888727 -0.2413886487 0.0164634958 0.0225318503 0.0224004667 -0.9994951487 0.2408979833 0.9701699615 0.0271738563
-316.8 -432.9 2251.1 0.9702888727 -0.0522713140 -0.2362355590 0.0225318503 0.9916623831 -0.1268779933 0.2408979833 0.1177854761 0.9633767605
-329.9 -420.7 2809.5 0.6002500057 -0.7853037715 0.1516506225 -0.1855794936 -0.3211819232 -0.9286562204 0.7779846787 0.5292826891 -0.3385257423
-35.2 -300.1 2610.9 0.6002500057 -0.3082237244 -0.7380366325 -0.1855794936 0.8439064622 -0.5033707619 0.7779846787 0.4391127825 0.4493548572
3.4 -136.7 2439.9 0 0 0 0 0 0 0 0 0
-112.9 -129.6 2831.4 0 0 0 0 0 0 0 0 0
-297.1 -806.3 2206.7 0 0 0 0 0 0 0 0 0
125.6 -740.6 2381.7 0 0 0 0 0 0 0 0 0
-242.3 153.9 2653.2 30 0.4474256933 0.2223384976 -0.8662423491 -0.0026778581 0.9689320326 0.2473127097 0.8943170905 -0.1083343849 0.4341204762
-287.0 -41.1 2675.0 0.4474256933 0.2223384976 -0.8662423491 -0.0026778581 0.9689320326 0.2473127097 0.8943170905 -0.1083343849 0.4341204762
-329.5 -230.5 2701.0 0.4527164698 0.2166749686 -0.8649275899 0.0206555966 0.9672166705 0.2531110942 0.8914152384 -0.1324531585 0.4333993793
-351.6 -44.0 2548.0 -0.4711214304 -0.0171389617 -0.8819018602 0.5759941936 0.7512338161 -0.3223018348 0.6680383682 -0.6598136425 -0.3440504074
-237.5 -183.4 2386.3 -0.9645012617 -0.0171389617 0.2635214925 -0.1863481253 0.7512338161 -0.6331841350 -0.1871141344 -0.6598136425 -0.7277597785
-222.5 -38.1 2802.1 0.7550728917 0.6508222818 -0.0793426260 -0.5631766915 0.7057819963 0.4297717512 0.3357036412 -0.2798250914 0.8994448185
-101.1 -128.7 2856.0 -0.4356580675 0.6508222818 0.6217976809 0.0453133956 0.7057819963 -0.7069783807 -0.8989709020 -0.2798250914 -0.3369705975
-412.2 -424.8 2648.6 0.9725530744 -0.2320084125 0.0176809188 0.0234742090 0.0222329777 -0.9994772077 0.2314940095 0.9724596739 0.0270689651
-317.5 -433.9 2251.5 0.9725530744 -0.0527226329 -0.2266293019 0.0234742090 0.9912535548 -0.1298666447 0.2314940095 0.1209822595 0.9652843475
-331.0 -418.1 2807.5 0.5976383686 -0.7874175310 0.1510033309 -0.1879710704 -0.3206959665 -0.9283431172 0.7794198394 0.5264292359 -0.3396719396
-35.5 -297.7 2609.9 0.5976383686 -0.3080047071 -0.7402442098 -0.1879710704 0.8437091112 -0.5028139353 0.7794198394 0.4396453798 0.4463369548
8.2 -135.9 2434.0 0 0 0 0 0 0 0 0 0
-113.5 -127.4 2830.5 0 0 0 0 0 0 0 0 0
-297.6 -807.2 2206.0 0 0 0 0 0 0 0 0 0
125.2 -738.1 2380.5 0 0 0 0 0 0 0 0 0
-239.7 154.9 2644.3 31 0.4897448421 0.2226987928 -0.8429443836 0.0005168206 0.9667537808 0.2557084560 0.8718656301 -0.1256675571 0.4733476043
-284.9 -41.0 2669.7 0.4897448421 0.2226987928 -0.8429443836 0.0005168206 0.9667537808 0.2557084560 0.8718656301 -0.1256675571 0.4733476043
-327.4 -230.2 2696.9 0.4928549528 0.2172505409 -0.8425533772 0.0141812647 0.9661938548 0.2574263513 0.8699958920 -0.1388223171 0.4731125236
-355.0 -43.0 2545.9 -0.4560145736 -0.0068591139 -0.8899458647 0.5900608301 0.7462578416 -0.3081030250 0.6662423611 -0.6656216979 -0.3362571597
-246.1 -183.9 2386.7 -0.9608622193 -0.0068591139 0.2769417167 -0.1892656386 0.7462578416 -0.6381831765 -0.2022925466 -0.6656216979 -0.7183491588
-214.7 -39.0 2793.6 0.7652564049 0.6427672505 -0.0351134576 -0.5700159073 0.7019672394 0.4269939959 0.2991062403 -0.3067446649 0.9035724401
-91.8 -130.6 2841.6 -0.4756747186 0.6427672505 0.6004863381 0.0518517233 0.7019672394 -0.7103192210 -0.8780916333 -0.3067446649 -0.3672366738
-412.8 -421.8 2646.3 0.9721505642 -0.2331740558 0.0235190336 0.0311934371 0.0292794928 -0.9990844131 0.2322719395 0.9719941020 0.0357375741
-318.0 -433.7 2250.9 0.9721505642 -0.0722983181 -0.2229265273 0.0311934371 0.9826798439 -0.1826672703 0.2322719395 0.1706262380 0.9575679898
-325.4 -418.2 2802.7 0.6311320066 -0.7648145556 0.1293487400 -0.1947577149 -0.3176611066 -0.9279875159 0.7508274317 0.5604909658 -0.3494396210
-38.6 -299.1 2592.5 0.6311320066 -0.2815429568 -0.7227765918 -0.1947577149 0.8444359899 -0.4989962876 0.7508274317 0.4556988180 0.4781179130
-1.9 -135.8 2438.2 0 0 0 0 0 0 0 0 0
-105.3 -129.1 2816.7 0 0 0 0 0 0 0 0 0
-292.4 -781.0 2190.6 0 0 0 0 0 0 0 0 0
108.2 -739.6 2354.8 0 0 0 0 0 0 0 0 0
-240.4 158.5 2640.3 32 0.4588377178 0.2315439582 -0.8578200936 0.0186839737 0.9627203345 0.2698526084 0.8883236051 -0.1398460418 0.4374062419
-287.1 -35.4 2668.4 0.4588377178 0.2315439582 -0.8578200936 0.0186839737 0.9627203345 0.2698526084 0.8883236051 -0.1398460418 0.4374062419
-330.9 -223.9 2698.5 0.4625062644 0.2234722674 -0.8579907417 0.0342058763 0.9624960423 0.2691306472 0.8859559298 -0.1538229287 0.4375163615
-352.9 -40.3 2542.3 -0.4282288849 0.0092028063 -0.9036234617 0.6128758788 0.7377901077 -0.2829291523 0.6640807390 -0.6749674082 -0.3215832412
-252.7 -183.8 2386.9 -0.9573231936 0.0092028063 0.2888729572 -0.1884958297 0.7377901077 -0.6481782794 -0.2190926820 -0.6749674082 -0.7045689225
-221.2 -30.5 2794.5 0.7536630630 0.6539796591 -0.0655941889 -0.5632727742 0.6940929890 0.4482841194 0.3386971653 -0.3009077609 0.8914812207
-100.2 -120.9 2848.9 -0.4450463057 0.6539796591 0.6117551327 0.0313374661 0.6940929890 -0.7192029357 -0.8949590921 -0.3009077609 -0.3293975890
-414.4 -420.8 2645.5 0.9719069600 -0.2345858812 0.0191401988 0.0259413905 0.0259406231 -0.9993268251 0.2339314520 0.9717492461 0.0312973559
-320.0 -431.2 2254.3 0.9719069600 -0.0664406642 -0.2257930934 0.0259413905 0.9837241173 -0.1778028905 0.2339314520 0.1669504791 0.9578118920
-332.9 -409.3 2808.6 0.6043535471 -0.7843401432 0.1398833543 -0.1778666675 -0.3039694726 -0.9359305501 0.7766081691 0.5407523513 -0.3232129812
-38.9 -295.3 2605.9 0.6043535471 -0.2955471277 -0.7398707271 -0.1778666675 0.8551621437 -0.4868892133 0.7766081691 0.4258515537 0.4642522931
-9.6 -135.9 2442.5 0 0 0 0 0 0 0 0 0
-112.9 -120.0 2823.5 0 0 0 0 0 0 0 0 0
-295.7 -790.3 2193.3 0 0 0 0 0 0 0 0 0
115.3 -741.2 2383.8 0 0 0 0 0 0 0 0 0
-245.6 155.5 2648.3 33 0.4437727928 0.2131502926 -0.8704209924 0.0050575673 0.9706897736 0.2402828336 0.8961250782 -0.1110331938 0.4296876788
-288.5 -39.5 2670.6 0.4437727928 0.2131502926 -0.8704209924 0.0050575673 0.9706897736 0.2402828336 0.8961250782 -0.1110331938 0.4296876788
-329.9 -229.1 2696.8 0.4483231008 0.2114568055 -0.8685001135 0.0258351136 0.9681450129 0.2490538806 0.8934981227 -0.1340944022 0.4285787642
-352.3 -43.2 2543.3 -0.4169287384 0.0168118011 -0.9087836742 0.6079624295 0.7484099865 -0.2650739551 0.6756864190 -0.6630232930 -0.3222545683
-255.8 -184.0 2386.9 -0.9532388449 0.0168118011 0.3017500341 -0.1881266981 0.7484099865 -0.6359959245 -0.2365249842 -0.6630232930 -0.7102507353
-224.6 -35.8 2797.8 0.7567258477 0.6480327845 -0.0861367732 -0.5577914119 0.7087562084 0.4318950772 0.3409321308 -0.2787798047 0.8978012800
-103.0 -125.4 2852.6 -0.4317454994 0.6480327845 0.6274148226 0.0403220206 0.7087562084 -0.7043002248 -0.9010937810 -0.2787798047 -0.3321322799
-416.5 -415.5 2648.7 0.9708124995 -0.2387726009 0.0225987863 0.0329708755 0.0395343453 -0.9986740947 0.2375625819 0.9702703953 0.0462529808
-318.8 -431.6 2251.7 0.9708124995 -0.0798593760 -0.2261537910 0.0329708755 0.9784225821 -0.2039659619 0.2375625819 0.1905562282 0.9524979591
-330.7 -416.3 2803.8 0.5949652791 -0.7879520059 0.1585808992 -0.1820914298 -0.3243118823 -0.9282588363 0.7828531265 0.5234055519 -0.3364336193
-35.3 -294.7 2607.5 0.5949652791 -0.3150450587 -0.7394341826 -0.1820914298 0.8432248235 -0.5057811737 0.7828531265 0.4355668724 0.4443224967
-13.7 -136.2 2446.9 0 0 0 0 0 0 0 0 0
-115.3 -124.3 2827.0 0 0 0 0 0 0 0 0 0
-290.9 -773.1 2185.2 0 0 0 0 0 0 0 0 0
129.0 -734.5 2380.4 0 0 0 0 0 0 0 0 0
-247.9 155.8 2653.3 34 0.4443850219 0.2019936442 -0.8727660179 0.0027786300 0.9739321470 0.2268224061 0.8958315849 -0.1032215804 0.4322396219
-288.2 -38.9 2673.9 0.4443850219 0.2019936442 -0.8727660179 0.0027786300 0.9739321470 0.2268224061 0.8958315849 -0.1032215804 0.4322396219
-328.5 -228.7 2700.3 0.4497916400 0.2056602240 -0.8691325188 0.0285514686 0.9693188667 0.2441429198 0.8926770091 -0.1346284449 0.4301196337
-352.3 -42.9 2546.7 -0.4082692564 0.0194541030 -0.9126542211 0.6043141484 0.7550936937 -0.2542399764 0.6841934323 -0.6553282142 -0.3200379014
-257.0 -184.1 2386.9 -0.9509850144 0.0194541030 0.3086244762 -0.1883519590 0.7550936937 -0.6279785633 -0.2452571541 -0.6553282142 -0.7144185305
-224.2 -34.8 2801.1 0.7605900168 0.6433735490 -0.0870247111 -0.5533294082 0.7125027180 0.4314700663 0.3396017551 -0.2800185084 0.8979199529
-101.9 -123.7 2855.7 -0.4335474372 0.6433735490 0.6309573054 0.0376418158 0.7125027180 -0.7006589174 -0.9003441930 -0.2800185084 -0.3331214786
-411.8 -420.9 2642.4 0.9727848172 -0.2303500175 0.0250711665 0.0306088105 0.0204976629 -0.9993212223 0.2296797633 0.9728919268 0.0269905552
-319.8 -429.1 2254.1 0.9727848172 -0.0701692551 -0.2208301872 0.0306088105 0.9836071730 -0.1777075976 0.2296797633 0.1661119014 0.9589859247
-328.1 -415.9 2807.3 0.5974608660 -0.7851337790 0.1631117463 -0.1786134690 -0.3285925090 -0.9274287820 0.7817530036 0.5249684453 -0.3365566432
-33.6 -292.7 2610.4 0.5974608660 -0.3191486299 -0.7356525660 -0.1786134690 0.8413789868 -0.5100770593 0.7817530036 0.4361485541 0.4456867576
-15.6 -136.3 2449.2 0 0 0 0 0 0 0 0 0
-114.2 -122.7 2830.1 0 0 0 0 0 0 0 0 0
-294.4 -785.9 2193.9 0 0 0 0 0 0 0 0 0
132.9 -731.6 2382.8 0 0 0 0 0 0 0 0 0
-247.5 155.6 2645.3 35 0.4715237021 0.2052215487 -0.8576418161 0.0071807778 0.9716189504 0.2364425808 0.8818241358 -0.1176468208 0.4566676915
-288.6 -38.8 2668.8 0.4715237021 0.2052215487 -0.8576418161 0.0071807778 0.9716189504 0.2364425808 0.8818241358 -0.1176468208 0.4566676915
-328.6 -228.5 2697.1 0.4764143229 0.2043498605 -0.8551435471 0.0303440262 0.9682142138 0.2482749969 0.8786970973 -0.1442302614 0.4550703168
-356.5 -43.2 2543.7 -0.4246431887 0.0249499064 -0.9050169587 0.6050983667 0.7513852119 -0.2632037997 0.6734494567 -0.6593919396 -0.3341677785
-257.7 -183.9 2387.0 -0.9498779178 0.0249499064 0.3116238713 -0.1877918243 0.7513852119 -0.6325776577 -0.2499323189 -0.6593919396 -0.7090388536
-220.8 -34.5 2794.0 0.7687200308 0.6368865371 -0.0586949848 -0.5545803308 0.7094543576 0.4348737001 0.3186066151 -0.3017450273 0.8985764980
-97.2 -123.6 2845.2 -0.4601993561 0.6368865371 0.6185402870 0.0358290076 0.7094543576 -0.7038400173 -0.8870923519 -0.3017450273 -0.3493094444
-409.4 -421.1 2646.0 0.9743621945 -0.2242780924 0.0178227462 0.0241687857 0.0255818442 -0.9993805289 0.2236832082 0.9741893411 0.0303465109
-318.8 -431.4 2252.2 0.9743621945 -0.0576025359 -0.2174862176 0.0241687857 0.9878739119 -0.1533655375 0.2236832082 0.1441771984 0.9639391899
-325.6 -415.3 2804.7 0.6201222539 -0.7699630857 0.1503504366 -0.1775448769 -0.3244186938 -0.9291018844 0.7641506195 0.5494627953 -0.3378822505
-36.8 -293.7 2598.6 0.6201222539 -0.3034716845 -0.7234316468 -0.1775448769 0.8439353704 -0.5062123537 0.7641506195 0.4423551261 0.4694632590
-16.6 -136.3 2450.4 0 0 0 0 0 0 0 0 0
-110.3 -122.6 2820.0 0 0 0 0 0 0 0 0 0
-297.5 -796.5 2199.0 0 0 0 0 0 0 0 0 0
121.5 -734.0 2367.8 0 0 0 0 0 0 0 0 0
-247.9 151.1 2640.8 36 0.4873397350 0.1969656050 -0.8507082462 0.0125936568 0.9725415707 0.2323882878 0.8731216192 -0.1239655688 0.4714776278
-287.2 -43.0 2665.5 0.4873397350 0.1969656050 -0.8507082462 0.0125936568 0.9725415707 0.2323882878 0.8731216192 -0.1239655688 0.4714776278
-325.3 -233.1 2693.7 0.4909439683 0.1948095709 -0.8491308689 0.0304667894 0.9702426195 0.2402103543 0.8706582785 -0.1438001096 0.4703995585
-357.1 -47.4 2541.5 -0.4202406704 0.0048194486 -0.9073998928 0.6018890142 0.7498214245 -0.2747680545 0.6790636182 -0.6616227031 -0.3180062175
-262.6 -182.8 2388.7 -0.9680284262 0.0048194486 0.2507941127 -0.1624366790 0.7498214245 -0.6413908005 -0.1911419630 -0.6616227031 -0.7250655890
-217.2 -38.7 2789.6 0.7780804634 0.6264259815 -0.0467038117 -0.5500432849 0.7153380513 0.4309801161 0.3033861816 -0.3096480966 0.9011519551
-92.2 -127.1 2838.3 -0.4753457010 0.6264259815 0.6177676916 0.0357392728 0.7153380513 -0.6978639960 -0.8790729046 -0.3096480966 -0.3624208868
-411.6 -420.8 2645.9 0.9734073281 -0.2274389267 0.0273797642 0.0340066366 0.0252688993 -0.9991021156 0.2265428603 0.9734644294 0.0323313661
-318.7 -431.1 2248.1 0.9734073281 -0.0750962645 -0.2164224237 0.0340066366 0.9816437364 -0.1876675487 0.2265428603 0.1753171831 0.9580929875
-319.1 -420.3 2800.5 0.6342133880 -0.7582128048 0.1512834430 -0.1760414541 -0.3321434855 -0.9266553521 0.7528497577 0.5610650778 -0.3441267312
-34.7 -295.7 2590.0 0.6342133880 -0.3020848632 -0.7117008567 -0.1760414541 0.8399114609 -0.5133791566 0.7528497577 0.4508807957 0.4795036316
-16.3 -141.4 2437.4 0 0 0 0 0 0 0 0 0
-105.7 -126.1 2813.4 0 0 0 0 0 0 0 0 0
-292.2 -777.1 2186.3 0 0 0 0 0 0 0 0 0
122.9 -734.0 2354.8 0 0 0 0 0 0 0 0 0
-246.2 155.8 2640.0 37 0.4599609375 0.2091973275 -0.8629440665 0.0150805535 0.9698697925 0.2431567013 0.8878110647 -0.1248562559 0.4429473877
-288.3 -39.3 2665.1 0.4599609375 0.2091973275 -0.8629440665 0.0150805535 0.9698697925 0.2431567013 0.8878110647 -0.1248562559 0.4429473877
-328.3 -228.9 2694.0 0.4645443261 0.2044993937 -0.8616139293 0.0365473293 0.9677141905 0.2493864298 0.8847953677 -0.1473407447 0.4420722127
-354.4 -44.6 2539.1 -0.4052650928 0.0132223433 -0.9141035676 0.6197116375 0.7390748262 -0.2640567124 0.6720994711 -0.6734935641 -0.3077152669
