-243.7 110.3 2695.5 2 0.4761979580 0.1600954682 -0.8646414876 -0.2608691752 0.9647410512 0.0349570364 0.8397516012 0.2089118361 0.5011717081
-276.4 -86.9 2652.8 0.4761979580 0.1600954682 -0.8646414876 -0.2608691752 0.9647410512 0.0349570364 0.8397516012 0.2089118361 0.5011717081
-303.2 -280.1 2614.8 0.4804792702 0.1347838193 -0.8665869832 -0.2327457517 0.9722847342 0.0221774988 0.8455584645 0.1910386086 0.4985330105
-346.6 -52.9 2529.2 -0.2007721364 0.3692871332 -0.9073684812 0.7620849013 0.6408783793 0.0922037065 0.6155624986 -0.6729798913 -0.4100986719
-298.4 -235.7 2381.6 -0.8535891771 0.3692871332 0.3674404621 -0.0524099730 0.6408783793 -0.7658511996 -0.5183036327 -0.6729798913 -0.5276925564
-206.2 -120.9 2776.3 0.3532825410 0.5957587361 -0.7212925553 -0.1732692271 0.7993389964 0.5753563046 0.9193308353 -0.0782855526 0.3856191933
-86.6 -179.6 3087.6 -0.1795585454 0.5945479274 0.7837547064 0.0289908722 0.7995553613 -0.5998923182 -0.9833199978 -0.0849940628 -0.1608034670
-374.2 -452.3 2500.3 0.7411363721 -0.6026413441 -0.2958720326 -0.1740489006 0.2531669438 -0.9516372681 0.6484009624 0.7567892075 0.0827421695
-139.6 -550.8 2205.7 0.7411363721 0.4740090966 -0.4754284918 -0.1740489006 0.8196112514 0.5458428264 0.6484009624 -0.3217961490 0.6899445057
-288.2 -494.8 2656.6 0.4971266091 -0.8593035340 -0.1202603057 -0.0807875916 0.0921584442 -0.9924616814 0.8639088273 0.5030946732 -0.0236066468
69.8 -533.2 2447.0 0.4971266091 0.5928434134 -0.6335628033 -0.0807875916 0.7586352825 0.6464872956 0.8639088273 -0.2702020407 0.4250321686
-61.1 -221.2 2525.7 0 0 0 0 0 0 0 0 0
-130.3 -172.5 2847.9 0 0 0 0 0 0 0 0 0
-320.7 -864.0 2328.7 0 0 0 0 0 0 0 0 0
-155.5 -821.4 2549.7 0 0 0 0 0 0 0 0 0
-244.3 110.5 2695.6 3 0.4680808783 0.1582942754 -0.8693924546 -0.2611050606 0.9646733403 0.0350635611 0.8442301154 0.2105901688 0.4928765893
-276.7 -86.9 2652.5 0.4680808783 0.1582942754 -0.8693924546 -0.2611050606 0.9646733403 0.0350635611 0.8442301154 0.2105901688 0.4928765893
-303.3 -280.2 2614.6 0.4725190103 0.1337962002 -0.8711052537 -0.2316708267 0.9725053906 0.0237039775 0.8503260612 0.1906090975 0.4905239642
-345.8 -53.1 2528.3 -0.2402691543 0.3601339757 -0.9014289975 0.7649464607 0.6419445276 0.0525754094 0.5976015925 -0.6769126654 -0.4297226667
-287.6 -238.3 2383.6 -0.8529216051 0.3601339757 0.3779262602 -0.0673782378 0.6419445276 -0.7637848854 -0.5176725984 -0.6769126654 -0.5232631564
-207.7 -120.8 2776.7 0.3446880281 0.5970906615 -0.7243430614 -0.1719827950 0.7987380028 0.5765756965 0.9228283167 -0.0741641968 0.3780047596
-91.0 -179.0 3089.2 -0.1704983413 0.5959416628 0.7847189307 0.0274591260 0.7989438772 -0.6007784009 -0.9849752784 -0.0808840245 -0.1525826454
-374.0 -452.0 2499.3 0.7416899204 -0.6029135585 -0.2939240038 -0.1770655215 0.2466675937 -0.9527869225 0.6469496489 0.7587162256 0.0761956573
-139.6 -547.9 2204.3 0.7416899204 0.4682147205 -0.4802822471 -0.1770655215 0.8273199797 0.5330942273 0.6469496489 -0.3103491664 0.6965195537
-285.9 -494.7 2654.4 0.4807534814 -0.8670024872 -0.1310830712 -0.1032555997 0.0924763009 -0.9903466105 0.8707550764 0.4896476269 -0.0450645611
66.0 -532.2 2455.6 0.4807534814 0.5825079083 -0.6554087996 -0.1032555997 0.7798609734 0.6173775792 0.8707550764 -0.2291317880 0.4350680709
-48.5 -219.4 2528.7 0 0 0 0 0 0 0 0 0
-132.5 -172.3 2849.2 0 0 0 0 0 0 0 0 0
-318.5 -864.0 2322.9 0 0 0 0 0 0 0 0 0
-155.7 -829.0 2542.8 0 0 0 0 0 0 0 0 0
-243.4 111.1 2695.2 4 0.4776976109 0.1545241773 -0.8648278713 -0.2647440135 0.9639680386 0.0260037668 0.8376846910 0.2165360600 0.5013945699
-275.2 -87.1 2650.7 0.4776976109 0.1545241773 -0.8648278713 -0.2647440135 0.9639680386 0.0260037668 0.8376846910 0.2165360600 0.5013945699
-301.1 -280.0 2610.9 0.4815582335 0.1303557307 -0.8666654825 -0.2385212183 0.9710431695 0.0135221556 0.8433322310 0.2002063990 0.4987064302
-345.6 -52.2 2527.5 -0.2741656303 0.3611635864 -0.8912878633 0.7648859620 0.6436592937 0.0255370270 0.5829088092 -0.6747322083 -0.4527182281
-277.9 -241.1 2383.5 -0.8441483974 0.3611635864 0.3961998820 -0.0817571059 0.6436592937 -0.7609326243 -0.5298389196 -0.6747322083 -0.5138162971
-204.9 -121.9 2773.9 0.3541110456 0.5920979977 -0.7238959074 -0.1803056598 0.8027539849 0.5683977008 0.9176574945 -0.0707533732 0.3910226524
-85.0 -182.9 3084.6 -0.1797348410 0.5908867717 0.7864783406 0.0374393873 0.8030277491 -0.5947644114 -0.9830023646 -0.0774546191 -0.1664545089
-373.3 -452.2 2498.8 0.7383769751 -0.6040824056 -0.2998064756 -0.1832801998 0.2480776459 -0.9512443542 0.6490052342 0.7573255301 0.0724584684
-139.5 -548.2 2205.7 0.7383769751 0.4762430191 -0.4774851203 -0.1832801998 0.8230886459 0.5375252962 0.6490052342 -0.3093827367 0.6950356364
-286.6 -494.7 2654.7 0.4540946782 -0.8748585582 -0.1685838103 -0.1869136095 0.0914626941 -0.9781093597 0.8711264729 0.4756648540 -0.1219902560
66.7 -531.6 2462.7 0.4540946782 0.6107096076 -0.6487154365 -0.1869136095 0.7772104144 0.6008387804 0.8711264729 -0.1515839547 0.4670770764
-38.7 -217.9 2533.7 0 0 0 0 0 0 0 0 0
-128.8 -173.8 2845.0 0 0 0 0 0 0 0 0 0
-321.5 -862.7 2323.9 0 0 0 0 0 0 0 0 0
-165.4 -827.0 2520.3 0 0 0 0 0 0 0 0 0
-246.2 110.0 2697.0 5 0.4627303779 0.1253986210 -0.8775852323 -0.2688954771 0.9631603956 -0.0041558454 0.8447341919 0.2379017174 0.4794026911
-271.9 -88.1 2648.0 0.4627303779 0.1253986210 -0.8775852323 -0.2688954771 0.9631603956 -0.0041558454 0.8447341919 0.2379017174 0.4794026911
-295.5 -280.3 2603.8 0.4647773206 0.1187834591 -0.8774238229 -0.2527105510 0.9675376415 -0.0028796461 0.8485984802 0.2230726480 0.4797073901
-339.8 -51.2 2524.1 -0.2900170684 0.3736136854 -0.8810805678 0.7810966969 0.6243632436 0.0076488899 0.5529720783 -0.6859907508 -0.4729043841
-268.2 -244.0 2387.6 -0.8347610831 0.3736136854 0.4044586122 -0.0961510763 0.6243632436 -0.7751938701 -0.5421521068 -0.6859907508 -0.4852707982
-204.1 -125.0 2772.0 0.3354248405 0.5875886083 -0.7363625765 -0.1971287429 0.8081194162 0.5550524592 0.9212114215 -0.0410201587 0.3868939281
-90.5 -191.8 3083.8 -0.1585889608 0.5865191817 0.7942574024 0.0568253696 0.8085263371 -0.5857098103 -0.9857080579 -0.0477531403 -0.1615525186
-371.2 -451.1 2493.8 0.7388629317 -0.6008493304 -0.3050601482 -0.1753415167 0.2656865120 -0.9479799867 0.6506434679 0.7539169788 0.0909520686
-142.9 -552.1 2207.2 0.7388629317 0.4673159719 -0.4854867160 -0.1753415167 0.8289724588 0.5310932398 0.6506434679 -0.3072791100 0.6944369078
-282.9 -494.8 2648.4 0.4414032698 -0.8826102614 -0.1617475748 -0.1802169383 0.0893855989 -0.9795570970 0.8790250421 0.4615293443 -0.1196062267
68.4 -530.4 2464.8 0.4414032698 0.6086674929 -0.6593080163 -0.1802169383 0.7799248099 0.5993655920 0.8790250421 -0.1457434446 0.4539535642
-30.1 -216.6 2542.3 0 0 0 0 0 0 0 0 0
-129.1 -177.9 2843.7 0 0 0 0 0 0 0 0 0
-321.4 -868.8 2324.6 0 0 0 0 0 0 0 0 0
-163.6 -827.6 2520.3 0 0 0 0 0 0 0 0 0
-245.0 110.2 2696.4 6 0.4902309775 0.1357000619 -0.8609640598 -0.2652352452 0.9641832709 0.0009445042 0.8302552700 0.2278949916 0.5086649656
-272.8 -87.6 2649.6 0.4902309775 0.1357000619 -0.8609640598 -0.2652352452 0.9641832709 0.0009445042 0.8302552700 0.2278949916 0.5086649656
-296.7 -280.3 2607.7 0.4931504428 0.1205678880 -0.8615486026 -0.2432009280 0.9699697495 -0.0034675242 0.8352580070 0.2112394273 0.5076632500
-344.8 -52.1 2527.7 -0.2625200748 0.3545181155 -0.8974408507 0.7652844787 0.6429862380 0.0301387403 0.5877268910 -0.6788855195 -0.4401040077
-279.5 -242.4 2381.5 -0.8425671458 0.3545181155 0.4054595828 -0.0951568335 0.6429862380 -0.7599433064 -0.5301186442 -0.6788855195 -0.5080242753
-200.8 -123.1 2771.6 0.3658385277 0.5815337896 -0.7266227603 -0.1876835674 0.8108038306 0.5544114113 0.9115574956 -0.0664499030 0.4057676196
-77.0 -186.6 3080.0 -0.1903834343 0.5802365541 0.7918836474 0.0476944149 0.8111515045 -0.5828880668 -0.9805505276 -0.0732038021 -0.1821038425
-361.7 -449.3 2481.7 0.7123605609 -0.6461383104 -0.2739484012 -0.1919959188 0.1960313916 -0.9616180658 0.6750407219 0.7376157641 0.0155891143
-122.8 -521.8 2208.9 0.7123605609 0.4827646613 -0.5093924999 -0.1919959188 0.8321893215 0.5201907754 0.6750407219 -0.2727621198 0.6855077147
-276.4 -495.7 2637.2 0.4260473251 -0.8921261430 -0.1503152400 -0.1587397456 0.0898558721 -0.9832230806 0.8906657100 0.4427605569 -0.1033330113
69.1 -530.5 2465.7 0.4260473251 0.6049339175 -0.6727098823 -0.1587397456 0.7820213437 0.6026975513 0.8906657100 -0.1499918848 0.4292051494
-37.4 -215.1 2533.9 0 0 0 0 0 0 0 0 0
-123.4 -175.0 2841.2 0 0 0 0 0 0 0 0 0
-307.1 -839.6 2313.1 0 0 0 0 0 0 0 0 0
-161.7 -829.0 2523.0 0 0 0 0 0 0 0 0 0
-245.5 110.2 2696.1 7 0.4977873862 0.1325314641 -0.8571132421 -0.2568372488 0.9664546251 0.0002745354 0.8283974528 0.2200019360 0.5151279569
-272.6 -87.4 2651.1 0.4977873862 0.1325314641 -0.8571132421 -0.2568372488 0.9664546251 0.0002745354 0.8283974528 0.2200019360 0.5151279569
-296.6 -280.4 2610.2 0.5001502633 0.1211267635 -0.8574252129 -0.2387886792 0.9710692763 -0.0021083425 0.8323639035 0.2057979256 0.5146042705
-345.6 -52.5 2529.5 -0.2935591340 0.3576473892 -0.8865164518 0.7627205849 0.6466745734 0.0083223246 0.5762640834 -0.6737212539 -0.4626222849
-272.3 -243.1 2385.6 -0.8379586935 0.3576473892 0.4122056961 -0.0962143242 0.6466745734 -0.7566735148 -0.5371852517 -0.6737212539 -0.5074757934
-199.5 -122.3 2772.6 0.3733525872 0.5800175071 -0.7240079641 -0.1830039322 0.8111544847 0.5554618835 0.9094599485 -0.0748868287 0.4089921117
-73.1 -184.3 3080.5 -0.1983067840 0.5786721706 0.7910833955 0.0429505296 0.8114678860 -0.5828165412 -0.9791984558 -0.0815990195 -0.1857738644
-365.8 -450.7 2489.2 0.7308573723 -0.6202106476 -0.2849320173 -0.1813744158 0.2259709686 -0.9571000338 0.6579899788 0.7511829734 0.0526621975
-131.6 -536.1 2205.5 0.7308573723 0.4754058123 -0.4897313714 -0.1813744158 0.8270036578 0.5321356058 0.6579899788 -0.3000904918 0.6906481385
-275.4 -495.3 2642.3 0.4728440642 -0.8713876009 -0.1307752728 -0.0922363698 0.0986515284 -0.9908381701 0.8763052821 0.4805741906 -0.0337268338
69.6 -534.4 2452.0 0.4728440642 0.6065367460 -0.6391648054 -0.0922363698 0.7554645538 0.6486645937 0.8763052821 -0.2477629781 0.4131616652
-30.8 -215.4 2540.4 0 0 0 0 0 0 0 0 0
-121.4 -173.8 2841.9 0 0 0 0 0 0 0 0 0
-313.1 -851.8 2320.1 0 0 0 0 0 0 0 0 0
-160.8 -821.4 2546.1 0 0 0 0 0 0 0 0 0
-247.8 108.5 2695.9 8 0.4626914859 0.1258077770 -0.8775471449 -0.2582561374 0.9660736918 0.0023322555 0.8480685949 0.2255528271 0.4794846773
-273.6 -89.1 2649.8 0.4626914859 0.1258077770 -0.8775471449 -0.2582561374 0.9660736918 0.0023322555 0.8480685949 0.2255528271 0.4794846773
-296.7 -282.1 2608.6 0.4652441144 0.1166063696 -0.8774684668 -0.2378556430 0.9712960124 0.0029612069 0.8526269197 0.2073331326 0.4796252251
-341.5 -54.4 2525.3 -0.2966369689 0.3535393775 -0.8871394396 0.7745946050 0.6324195862 -0.0069754357 0.5585782528 -0.6892426014 -0.4614487290
-268.6 -244.6 2388.2 -0.8433408737 0.3535393775 0.4047049880 -0.1032918394 0.6324195862 -0.7677084804 -0.5273585320 -0.6892426014 -0.4968275428
-205.7 -123.9 2774.2 0.3356251121 0.5858063102 -0.7376901507 -0.1813320816 0.8086456656 0.5596524477 0.9243778586 -0.0540665351 0.3776272833
-92.1 -185.2 3086.9 -0.1584895700 0.5847231746 0.7956002951 0.0402934290 0.8089439869 -0.5865032673 -0.9865381122 -0.0608971938 -0.1517696828
-366.5 -451.4 2493.0 0.7384253144 -0.6075041890 -0.2926886678 -0.1795781404 0.2412099987 -0.9537134767 0.6499844193 0.7568066716 0.0690211058
-134.5 -543.5 2204.0 0.7384253144 0.4749975204 -0.4786495268 -0.1795781404 0.8226935267 0.5393765569 0.6499844193 -0.3123343587 0.6927968860
-277.6 -497.0 2643.9 0.4569519162 -0.8808824420 -0.1234546453 -0.0620276593 0.1068979129 -0.9923332930 0.8873260617 0.4611062109 -0.0057918685
75.5 -539.8 2459.0 0.4569519162 0.6217927337 -0.6360571384 -0.0620276593 0.7356138825 0.6745553017 0.8873260617 -0.2687861919 0.3747085035
-25.2 -214.7 2540.5 0 0 0 0 0 0 0 0 0
-130.7 -175.4 2846.7 0 0 0 0 0 0 0 0 0
-315.9 -857.8 2323.3 0 0 0 0 0 0 0 0 0
-161.3 -820.0 2561.4 0 0 0 0 0 0 0 0 0
-248.6 109.7 2696.3 9 0.4578657746 0.1240031645 -0.8803306818 -0.2545029521 0.9670643210 0.0038517977 0.8518140912 0.2222831547 0.4743448198
-274.0 -88.4 2650.8 0.4578657746 0.1240031645 -0.8803306818 -0.2545029521 0.9670643210 0.0038517977 0.8518140912 0.2222831547 0.4743448198
-297.4 -281.5 2610.0 0.4600782692 0.1181759462 -0.8799786568 -0.2367921770 0.9715374112 0.0066699497 0.8557204008 0.2053033710 0.4749664068
-341.1 -53.8 2525.9 -0.2843018174 0.3355307579 -0.8981044292 0.7676288486 0.6408846974 -0.0035650192 0.5743852258 -0.6904244423 -0.4397677779
-270.7 -244.0 2383.6 -0.8540197015 0.3355307579 0.3975795507 -0.1023791581 0.6408846974 -0.7607793808 -0.5100675225 -0.6904244423 -0.5129767656
-206.8 -123.0 2775.8 0.3302304745 0.5882897377 -0.7381483912 -0.1796667427 0.8068982959 0.5627033114 0.9266432524 -0.0532010719 0.3721584976
-95.0 -183.8 3089.4 -0.1531583071 0.5872516036 0.7947818041 0.0380450040 0.8071786761 -0.5890799761 -0.9874690175 -0.0599850118 -0.1459680945
-362.5 -453.3 2489.3 0.7425329685 -0.6009836197 -0.2957421839 -0.1802700311 0.2459323555 -0.9523759484 0.6450949311 0.7604840398 0.0742735490
-136.4 -545.9 2203.2 0.7425329685 0.4752371907 -0.4720109701 -0.1802700311 0.8204831481 0.5425035954 0.6450949311 -0.3177373707 0.6949068308
-278.6 -497.8 2644.7 0.4548095465 -0.8797454238 -0.1385506988 -0.1163183376 0.0955607221 -0.9886041880 0.8829599619 0.4657426178 -0.0588685945
69.3 -535.6 2460.5 0.4548095465 0.6043387055 -0.6541582346 -0.1163183376 0.7685406208 0.6291385293 0.8829599619 -0.2100476325 0.4198352993
-24.5 -214.5 2530.6 0 0 0 0 0 0 0 0 0
-132.3 -174.6 2848.9 0 0 0 0 0 0 0 0 0
-317.9 -859.3 2324.6 0 0 0 0 0 0 0 0 0
-160.7 -828.1 2540.4 0 0 0 0 0 0 0 0 0
-249.3 108.3 2698.1 0 0.4550147951 0.1274807453 -0.8813116550 -0.2499413937 0.9681984186 0.0110058924 0.8546875715 0.2152684182 0.4724073112
-275.3 -89.7 2654.0 0.4550147951 0.1274807453 -0.8813116550 -0.2499413937 0.9681984186 0.0110058924 0.8546875715 0.2152684182 0.4724073112
-298.7 -282.9 2613.6 0.4569263160 0.1173918545 -0.8817241788 -0.2347957194 0.9720139503 0.0077373171 0.8579564691 0.2034896761 0.4717018306
-342.1 -55.4 2528.7 -0.3122494519 0.3522250950 -0.8822911978 0.7547622919 0.6559774876 -0.0052390457 0.5769178271 -0.6675559878 -0.4706748128
-263.8 -244.6 2384.2 -0.8350940347 0.3522250950 0.4225582182 -0.1017553732 0.6559774876 -0.7478899360 -0.5406143069 -0.6675559878 -0.5119620562
-208.6 -124.0 2779.3 0.3268121779 0.5884560347 -0.7395358682 -0.1774922907 0.8067961931 0.5635391474 0.9282727242 -0.0529095456 0.3681172132
-97.9 -184.1 3093.6 -0.1495130658 0.5874470472 0.7953312993 0.0357722305 0.8070597649 -0.5893851519 -0.9881124496 -0.0596700087 -0.1416802704
-363.1 -452.8 2490.8 0.7439622283 -0.5977585912 -0.2986718714 -0.1793108881 0.2519885600 -0.9509728551 0.6437140703 0.7610430121 0.0802853331
-137.3 -548.0 2203.4 0.7439622283 0.4728887379 -0.4721191227 -0.1793108881 0.8218963742 0.5406792164 0.6437140703 -0.3175887764 0.6962539554
-279.4 -496.7 2647.2 0.4629481733 -0.8772628307 -0.1268421859 -0.0885211229 0.0966274291 -0.9913764000 0.8819540739 0.4701841176 -0.0329227932
69.3 -535.1 2460.3 0.4629481733 0.5937841535 -0.6581028700 -0.0885211229 0.7697166204 0.6322185397 0.8819540739 -0.2344284356 0.4089013636
-22.8 -215.2 2540.2 0 0 0 0 0 0 0 0 0
-134.4 -175.4 2852.9 0 0 0 0 0 0 0 0 0
-318.0 -862.0 2324.7 0 0 0 0 0 0 0 0 0
-157.1 -828.5 2549.7 0 0 0 0 0 0 0 0 0
-249.2 108.1 2696.9 1 0.4598982334 0.1389241219 -0.8770368695 -0.2600106895 0.9654632807 0.0165873095 0.8490512967 0.2204104960 0.4801366031
-277.6 -89.3 2651.8 0.4598982334 0.1389241219 -0.8770368695 -0.2600106895 0.9654632807 0.0165873095 0.8490512967 0.2204104960 0.4801366031
-301.2 -282.4 2611.2 0.4630405903 0.1188169792 -0.8783370256 -0.2363937646 0.9716334343 0.0068158815 0.8542314768 0.2044773698 0.4779933095
-345.2 -54.8 2527.1 -0.3109724820 0.3575899899 -0.8805825114 0.7506595850 0.6606814265 0.0032008525 0.5829290748 -0.6600223184 -0.4738821089
-267.4 -242.5 2381.3 -0.8187286258 0.3575899899 0.4492358267 -0.1181917489 0.6606814265 -0.7413034439 -0.5618844628 -0.6600223184 -0.4986546040
-209.9 -123.9 2776.6 0.3334290087 0.5880426764 -0.7369062901 -0.1792215258 0.8069173098 0.5628179908 0.9255834818 -0.0555903763 0.3744395375
-97.0 -184.5 3090.0 -0.1565585434 0.5869873166 0.7943143845 0.0376367941 0.8071931005 -0.5890863538 -0.9869512916 -0.0623310544 -0.1484653056
-363.9 -454.5 2494.5 0.7471543550 -0.5943281651 -0.2975471914 -0.1798590273 0.2501786351 -0.9513471127 0.6398524046 0.7643197179 0.0800267681
-138.9 -549.2 2205.2 0.7471543550 0.4679012001 -0.4720474482 -0.1798590273 0.8260551691 0.5341194868 0.6398524046 -0.3141677380 0.7013469934
-280.4 -497.8 2651.6 0.4495439827 -0.8779225349 -0.1648097187 -0.1750102788 0.0943640545 -0.9800341129 0.8759461045 0.4694118202 -0.1112246737
64.3 -534.8 2467.3 0.4495439827 0.5826143622 -0.6771046519 -0.1750102788 0.8007721901 0.5728309751 0.8759461045 -0.1390124410 0.4619458020
-31.0 -208.4 2543.6 0 0 0 0 0 0 0 0 0
-135.2 -175.4 2849.5 0 0 0 0 0 0 0 0 0
-317.7 -864.8 2325.3 0 0 0 0 0 0 0 0 0
-157.0 -838.9 2520.1 0 0 0 0 0 0 0 0 0
-249.3 106.0 2695.8 2 0.4242057204 0.1494551152 -0.8931476474 -0.2618679404 0.9643941522 0.0370014533 0.8668764234 0.2181904912 0.4482389987
-279.7 -90.3 2651.4 0.4242057204 0.1494551152 -0.8931476474 -0.2618679404 0.9643941522 0.0370014533 0.8668764234 0.2181904912 0.4482389987
-304.6 -283.3 2611.3 0.4278350770 0.1252983361 -0.8951298594 -0.2362968475 0.9714078307 0.0230354294 0.8724224567 0.2016610056 0.4452099502
-342.2 -55.8 2524.1 -0.2693510354 0.3216987550 -0.9077224135 0.7479349971 0.6636395454 0.0132584218 0.6066656709 -0.6753461957 -0.4193617404
-277.3 -236.0 2377.9 -0.8311117291 0.3216987550 0.4536112547 -0.1437897235 0.6636395454 -0.7341029048 -0.5371943712 -0.6753461957 -0.5053016543
-217.3 -124.8 2778.8 0.2965485156 0.6012857556 -0.7419666052 -0.1765491813 0.7980388999 0.5761634111 0.9385570884 -0.0398668051 0.3428137600
-116.9 -184.5 3096.4 -0.1196314096 0.6004742384 0.7906447053 0.0319150127 0.7982782125 -0.6014426947 -0.9923052788 -0.0467179976 -0.1146632954
-367.3 -453.8 2492.2 0.7406758666 -0.5988079309 -0.3046773970 -0.1758517325 0.2648897171 -0.9481084347 0.6484407783 0.7558190823 0.0908959955
-139.2 -554.7 2204.4 0.7406758666 0.4799972475 -0.4701084197 -0.1758517325 0.8138176203 0.5538745522 0.6484407783 -0.3275721371 0.6871834397
-282.5 -497.3 2648.8 0.4396323860 -0.8824965358 -0.1671024412 -0.1908433586 0.0900163502 -0.9774844646 0.8776686192 0.4616242349 -0.1288444996
64.6 -532.7 2467.2 0.4396323860 0.5833327174 -0.6829687357 -0.1908433586 0.8036985397 0.5636022091 0.8776686192 -0.1174377576 0.4646570981
-39.5 -194.9 2531.6 0 0 0 0 0 0 0 0 0
-146.0 -176.7 2854.7 0 0 0 0 0 0 0 0 0
-322.6 -865.6 2329.5 0 0 0 0 0 0 0 0 0
-157.6 -838.8 2512.0 0 0 0 0 0 0 0 0 0
-248.5 106.8 2695.3 3 0.4286932647 0.1495551765 -0.8909856081 -0.2650750279 0.9636207819 0.0342077315 0.8636882305 0.2215134203 0.4527410865
-278.9 -89.3 2650.2 0.4286932647 0.1495551765 -0.8909856081 -0.2650750279 0.9636207819 0.0342077315 0.8636882305 0.2215134203 0.4527410865
-303.5 -282.3 2609.9 0.4326997697 0.1238439083 -0.8929913640 -0.2367188185 0.9713720679 0.0200117640 0.8699052334 0.2027287781 0.4496286511
-342.1 -54.7 2523.2 -0.3200231791 0.3446161747 -0.8825105429 0.7502849102 0.6609669924 -0.0139699569 0.5784960985 -0.6666050553 -0.4700850844
-264.3 -237.1 2382.6 -0.8053639531 0.3446161747 0.4823158681 -0.1566752493 0.6609669924 -0.7338770032 -0.5717007518 -0.6666050553 -0.4783261716
-215.7 -123.9 2777.3 0.3015829623 0.5990961194 -0.7417085171 -0.1774974316 0.7996079326 0.5736914277 0.9367723465 -0.0413642079 0.3474861681
-113.6 -183.9 3094.4 -0.1245598197 0.5982558727 0.7915647626 0.0334487669 0.7998561263 -0.5992589593 -0.9916481376 -0.0481667295 -0.1196408570
-368.7 -454.7 2491.3 0.7394729853 -0.6023122072 -0.3006654382 -0.1700998396 0.2649600208 -0.9491376281 0.6513414979 0.7530047894 0.0934775621
-139.8 -555.4 2205.0 0.7394729853 0.4770316482 -0.4749952555 -0.1700998396 0.8151009083 0.5537838340 0.6513414979 -0.3287115991 0.6838881373
-290.4 -498.1 2651.1 0.4533768296 -0.8794665337 -0.1448727548 -0.1573556662 0.0810086131 -0.9842137694 0.8773190379 0.4690162838 -0.1016616076
66.3 -530.9 2460.9 0.4533768296 0.5828102827 -0.6743749976 -0.1573556662 0.7970557213 0.5830448866 0.8773190379 -0.1582223177 0.4530751109
-33.7 -192.3 2546.3 0 0 0 0 0 0 0 0 0
-144.0 -175.8 2852.8 0 0 0 0 0 0 0 0 0
-322.0 -866.9 2330.6 0 0 0 0 0 0 0 0 0
-155.9 -834.7 2521.2 0 0 0 0 0 0 0 0 0
-247.8 109.1 2695.5 4 0.4414323568 0.1401068419 -0.8862886429 -0.2666900456 0.9635851383 0.0194961969 0.8567460775 0.2277580947 0.4627227783
-276.5 -88.2 2648.9 0.4414323568 0.1401068419 -0.8862886429 -0.2666900456 0.9635851383 0.0194961969 0.8567460775 0.2277580947 0.4627227783
-299.7 -281.2 2607.3 0.4450189471 0.1167453378 -0.8878787756 -0.2396788150 0.9708231091 0.0075206878 0.8628512025 0.2094588876 0.4600160420
-341.5 -53.3 2522.9 -0.3422658145 0.3866034448 -0.8563830256 0.7470116615 0.6648091078 0.0015658105 0.5699365735 -0.6391921639 -0.5163387060
-259.5 -232.2 2386.4 -0.7751637101 0.3866034448 0.4996588826 -0.1412605345 0.6648091078 -0.7335355282 -0.6157650948 -0.6391921639 -0.4607240856
-211.5 -123.2 2774.9 0.3141387999 0.5907766819 -0.7431687117 -0.1822857857 0.8057648540 0.5634845495 0.9317128062 -0.0415432677 0.3608122170
-105.1 -185.0 3090.4 -0.1363779604 0.5898575187 0.7959077358 0.0404670648 0.8060606122 -0.5904479027 -0.9898300171 -0.0483160317 -0.1337987036
-367.8 -453.6 2489.9 0.7395884395 -0.6043252945 -0.2963104248 -0.1696210206 0.2586814165 -0.9509535432 0.6513352394 0.7535747290 0.0888115168
-140.5 -551.0 2206.4 0.7395884395 0.4636777937 -0.4878645241 -0.1696210206 0.8298548460 0.5315728188 0.6513352394 -0.3103930354 0.6924005747
-288.5 -497.1 2649.3 0.4452368617 -0.8828625679 -0.1493915617 -0.1563080698 0.0876456797 -0.9838119745 0.8816642761 0.4613804817 -0.0989754573
64.9 -532.2 2464.6 0.4452368617 0.5749185681 -0.6864640117 -0.1563080698 0.8047775030 0.5726264119 0.8816642761 -0.1476545185 0.4481810033
-36.3 -191.5 2563.7 0 0 0 0 0 0 0 0 0
-138.3 -175.1 2849.2 0 0 0 0 0 0 0 0 0
-317.6 -867.9 2325.0 0 0 0 0 0 0 0 0 0
-154.5 -839.3 2521.0 0 0 0 0 0 0 0 0 0
-248.3 107.8 2695.6 5 0.4458855987 0.1347640157 -0.8848868012 -0.2685834169 0.9631895423 0.0113526490 0.8538436294 0.2326039374 0.4656677246
-275.9 -90.1 2647.9 0.4458855987 0.1347640157 -0.8848868012 -0.2685834169 0.9631895423 0.0113526490 0.8538436294 0.2326039374 0.4656677246
-298.3 -282.9 2605.4 0.4493719935 0.1125586927 -0.8862253428 -0.2413259596 0.9704437256 0.0008877493 0.8601317406 0.2134702504 0.4632535577
-341.6 -54.8 2522.2 -0.3649729490 0.3235356808 -0.8729944825 0.7368157506 0.6735653877 -0.0584143288 0.5691197515 -0.6645557284 -0.4842193127
-255.6 -228.3 2388.2 -0.7877576947 0.3235356808 0.5241779089 -0.1973310709 0.6735653877 -0.7122991681 -0.5835223198 -0.6645557284 -0.4667626619
-210.3 -125.3 2773.5 0.3184440434 0.5865205526 -0.7447060347 -0.1849586368 0.8089479804 0.5580264330 0.9297223687 -0.0399603881 0.3660867214
-102.5 -187.9 3088.3 -0.1401708722 0.5855773091 0.7984055281 0.0443296060 0.8092694283 -0.5857626200 -0.9891344905 -0.0467138588 -0.1393944174
-363.7 -452.1 2486.5 0.7393090725 -0.6010738015 -0.3035331368 -0.1734328121 0.2655877173 -0.9483587146 0.6506482363 0.7537727952 0.0921054855
-139.8 -551.0 2205.7 0.7393090725 0.4672981799 -0.4848242104 -0.1734328121 0.8278537989 0.5334596038 0.6506482363 -0.3103070855 0.6930846572
-282.7 -498.4 2644.2 0.4372812510 -0.8862204552 -0.1529654413 -0.1544819027 0.0935413614 -0.9835575223 0.8859573603 0.4537216425 -0.0960011408
64.0 -535.0 2466.7 0.4372812510 0.5710515380 -0.6947555542 -0.1544819027 0.8087432384 0.5675118566 0.8859573603 -0.1408351362 0.4418653846
-28.0 -171.3 2556.8 0 0 0 0 0 0 0 0 0
-136.6 -177.1 2847.3 0 0 0 0 0 0 0 0 0
-318.3 -867.3 2324.3 0 0 0 0 0 0 0 0 0
-154.1 -843.8 2520.5 0 0 0 0 0 0 0 0 0
-248.1 108.6 2695.7 6 0.4448823035 0.1338185519 -0.8855350614 -0.2580929101 0.9659823775 0.0163126085 0.8575941920 0.2212931365 0.4642860889
-275.5 -89.2 2650.4 0.4448823035 0.1338185519 -0.8855350614 -0.2580929101 0.9659823775 0.0163126085 0.8575941920 0.2212931365 0.4642860889
-297.7 -282.6 2610.6 0.4485519528 0.1113690734 -0.8867908716 -0.2290670276 0.9733897448 0.0063792439 0.8639035821 0.2002731264 0.4621268511
-341.1 -55.7 2524.2 -0.3661445081 0.2494656295 -0.8964959979 0.7300305963 0.6744241714 -0.1104868725 0.5770558715 -0.6949236989 -0.4290542305
-255.4 -226.6 2389.2 -0.8147863150 0.2494656295 0.5233451724 -0.2416386455 0.6744241714 -0.6976838708 -0.5270047784 -0.6949236989 -0.4892310202
-210.0 -122.6 2776.6 0.3174926937 0.5858004093 -0.7456784248 -0.1719071567 0.8088911772 0.5622659326 0.9325482845 -0.0503278598 0.3575203121
-102.5 -180.8 3092.4 -0.1389932036 0.5848675966 0.7991312742 0.0306565687 0.8091186881 -0.5868450403 -0.9898186922 -0.0570688471 -0.1303920299
-361.9 -453.6 2484.1 0.7380290627 -0.6024412513 -0.3039368689 -0.1786992103 0.2598463297 -0.9489712715 0.6506763101 0.7546816468 0.0841183811
-139.1 -549.7 2205.0 0.7380290627 0.4719235599 -0.4822874963 -0.1786992103 0.8259213567 0.5347153544 0.6506763101 -0.3084510863 0.6938863397
-279.8 -499.0 2641.6 0.4453606904 -0.8822191954 -0.1527845114 -0.1553366333 0.0919208005 -0.9835756421 0.8817734122 0.4617789686 -0.0961030498
67.4 -535.2 2459.9 0.4453606904 0.5909377337 -0.6726413965 -0.1553366333 0.7908636332 0.5919503570 0.8817734122 -0.1591455787 0.4440138340
-20.8 -157.0 2540.9 0 0 0 0 0 0 0 0 0
-136.4 -173.4 2851.1 0 0 0 0 0 0 0 0 0
-319.4 -865.3 2322.9 0 0 0 0 0 0 0 0 0
-158.3 -837.2 2520.6 0 0 0 0 0 0 0 0 0
-248.8 110.0 2695.7 7 0.4500025511 0.1421839893 -0.8816356659 -0.2551331520 0.9665654898 0.0256563779 0.8558065295 0.2133890390 0.4712328017
-277.8 -87.5 2652.1 0.4500025511 0.1421839893 -0.8816356659 -0.2551331520 0.9665654898 0.0256563779 0.8558065295 0.2133890390 0.4712328017
-302.4 -281.0 2614.3 0.4539632797 0.1237673461 -0.8823825717 -0.2262350172 0.9738631248 0.0202067252 0.8618207574 0.1904527247 0.4700986147
-344.2 -54.4 2526.3 -0.3736103773 0.2190008461 -0.9013622403 0.7274653316 0.6720744371 -0.1382393539 0.5755079985 -0.7073574662 -0.4104095101
-256.0 -226.0 2390.5 -0.8237141371 0.2190008461 0.5230044127 -0.2612423599 0.6720744371 -0.6928696632 -0.5032369494 -0.7073574662 -0.4963849485
-211.5 -120.5 2778.0 0.3241835535 0.5940746069 -0.7361931801 -0.1671008319 0.8019456267 0.5735508204 0.9311188459 -0.0629172549 0.3592479527
-101.7 -177.1 3093.3 -0.1477802098 0.5930815935 0.7914639711 0.0234066807 0.8021236658 -0.5966989994 -0.9887431860 -0.0696547627 -0.1324200779
-360.9 -455.0 2491.6 0.7367186546 -0.6195454001 -0.2709411681 -0.1933749914 0.1909185499 -0.9623700976 0.6479597092 0.7613892555 0.0208486691
-125.8 -527.5 2202.5 0.7367186546 0.4802317619 -0.4760494828 -0.1933749914 0.8242311478 0.5322115421 0.6479597092 -0.3000340760 0.7000913024
-278.8 -497.6 2649.9 0.4564680457 -0.8754292130 -0.1589360535 -0.1704994440 0.0892562196 -0.9813069105 0.8732507229 0.4750337601 -0.1085175797
65.8 -532.7 2462.9 0.4564680457 0.5860085487 -0.6695004702 -0.1704994440 0.7961344123 0.5806031227 0.8732507229 -0.1508772969 0.4633240402
-18.9 -150.8 2535.4 0 0 0 0 0 0 0 0 0
-137.8 -171.4 2852.4 0 0 0 0 0 0 0 0 0
-309.3 -842.4 2317.2 0 0 0 0 0 0 0 0 0
-158.0 -836.8 2520.5 0 0 0 0 0 0 0 0 0
-250.1 107.9 2696.3 8 0.4460775554 0.1366190910 -0.8845055103 -0.2583234012 0.9658734202 0.0189082902 0.8569036126 0.2200539112 0.4661463499
-278.0 -89.1 2651.4 0.4460775554 0.1366190910 -0.8845055103 -0.2583234012 0.9658734202 0.0189082902 0.8569036126 0.2200539112 0.4661463499
-301.3 -282.3 2611.1 0.4492652118 0.1174888462 -0.8856393695 -0.2340113521 0.9721797109 0.0102605140 0.8622061610 0.2026399821 0.4642602503
-343.6 -54.9 2525.4 -0.3703116477 0.2087090313 -0.9051573277 0.7228407860 0.6767500639 -0.1396801323 0.5834128261 -0.7060098052 -0.4014718235
-256.7 -224.6 2388.4 -0.8245834112 0.2087090313 0.5258352757 -0.2663809359 0.6767500639 -0.6863312125 -0.4991025925 -0.7060098052 -0.5024408102
-212.3 -123.3 2777.3 0.3187347949 0.5903751850 -0.7415289879 -0.1763572395 0.8056097031 0.5655891895 0.9312927723 -0.0494989492 0.3608928025
-104.4 -183.0 3092.7 -0.1412030458 0.5894272327 0.7953849435 0.0342334807 0.8058615327 -0.5911135674 -0.9893885851 -0.0562382378 -0.1339682490
-368.7 -453.7 2497.4 0.7383494377 -0.6088126302 -0.2901504934 -0.1961854994 0.2177289277 -0.9560886025 0.6452529430 0.7628507614 0.0413198099
-135.8 -537.0 2205.6 0.7383494377 0.4708604515 -0.4828359783 -0.1961854994 0.8349243402 0.5142106414 0.6452529430 -0.2849417031 0.7088419199
-285.5 -495.5 2655.4 0.4790398777 -0.8673959374 -0.1347036660 -0.1135851443 0.0909141898 -0.9893599153 0.8704132438 0.4892431796 -0.0549717695
67.7 -532.5 2456.3 0.4790398777 0.5856435895 -0.6538672447 -0.1135851443 0.7799927592 0.6153939366 0.8704132438 -0.2205286324 0.4401680529
-18.4 -147.7 2532.7 0 0 0 0 0 0 0 0 0
-138.8 -174.7 2851.6 0 0 0 0 0 0 0 0 0
-315.7 -856.0 2314.5 0 0 0 0 0 0 0 0 0
-155.5 -829.7 2540.3 0 0 0 0 0 0 0 0 0
-252.7 108.0 2696.0 9 0.4512017071 0.1281308085 -0.8831757903 -0.2535512447 0.9672617316 0.0107943155 0.8556452394 0.2190599144 0.4689178765
-278.9 -89.6 2651.3 0.4512017071 0.1281308085 -0.8831757903 -0.2535512447 0.9672617316 0.0107943155 0.8556452394 0.2190599144 0.4689178765
-300.9 -282.9 2611.2 0.4541003704 0.1108702049 -0.8840252757 -0.2300171554 0.9731787443 0.0038976900 0.8607467413 0.2015710324 0.4674228728
-345.2 -56.0 2525.5 -0.4070249200 0.2295395434 -0.8841053843 0.7179835439 0.6787364483 -0.1543258876 0.5646505952 -0.6975876093 -0.4410682619
-248.1 -227.3 2390.8 -0.8086428642 0.2295395434 0.5416718125 -0.2658888102 0.6787364483 -0.6845582724 -0.5247855783 -0.6975876093 -0.4878233373
-212.5 -123.2 2777.0 0.3233454823 0.5840947628 -0.7445005178 -0.1732678264 0.8100083470 0.5602363348 0.9302827120 -0.0521519035 0.3631173670
-103.0 -181.8 3092.1 -0.1449569464 0.5831208229 0.7993482351 0.0324480943 0.8102481961 -0.5851880312 -0.9889057875 -0.0588897467 -0.1363722682
-365.9 -454.0 2491.8 0.7452334762 -0.6022434235 -0.2862341106 -0.1802831292 0.2312958390 -0.9560335875 0.6419696808 0.7640714049 0.0637950674
-140.0 -540.7 2205.3 0.7452334762 0.4589572847 -0.4837202728 -0.1802831292 0.8370971084 0.5164943933 0.6419696808 -0.2977022827 0.7065750360
-283.5 -497.0 2649.9 0.4637209773 -0.8757680655 -0.1341386288 -0.1288540512 0.0831269175 -0.9881733656 0.8765611649 0.4755210280 -0.0742985681
65.1 -530.1 2460.6 0.4637209773 0.5713210106 -0.6771669984 -0.1288540512 0.7996761203 0.5864424109 0.8765611649 -0.1846899539 0.4444436431
-14.4 -150.4 2542.5 0 0 0 0 0 0 0 0 0
-138.4 -173.9 2851.0 0 0 0 0 0 0 0 0 0
-315.4 -860.5 2319.0 0 0 0 0 0 0 0 0 0
-152.8 -835.0 2531.1 0 0 0 0 0 0 0 0 0
-252.9 107.0 2695.9 0 0.4324932396 0.1372848600 -0.8911242485 -0.2561218441 0.9663323164 0.0245665293 0.8644947410 0.2176115364 0.4530938268
-281.0 -90.7 2651.4 0.4324932396 0.1372848600 -0.8911242485 -0.2561218441 0.9663323164 0.0245665293 0.8644947410 0.2176115364 0.4530938268
-303.1 -284.0 2611.3 0.4358256459 0.1112626195 -0.8931274414 -0.2301186472 0.9731215835 0.0089354003 0.8701157570 0.2016309947 0.4497149289
-344.6 -57.1 2524.3 -0.4751162827 0.2960141897 -0.8286374807 0.7099630237 0.6852899790 -0.1622656733 0.5198240280 -0.6653970480 -0.5357515812
-228.6 -230.4 2397.4 -0.7429735065 0.2960141897 0.6003048420 -0.2726122439 0.6852899790 -0.6753222942 -0.6112878919 -0.6653970480 -0.4284552336
-217.3 -124.3 2778.4 0.3039602637 0.5886943936 -0.7490307689 -0.1726062596 0.8072497845 0.5644066930 0.9369179606 -0.0422698148 0.3469842076
-114.4 -182.7 3095.7 -0.1250839531 0.5878531933 0.7992388010 0.0308250301 0.8074793220 -0.5890899301 -0.9916672111 -0.0490491390 -0.1191232949
-364.6 -455.2 2492.2 0.7447180748 -0.5950624347 -0.3021517694 -0.1826683432 0.2537053525 -0.9498767853 0.6418935061 0.7625839114 0.0802398920
-140.2 -550.9 2204.6 0.7447180748 0.4708625376 -0.4729518890 -0.1826683432 0.8254227638 0.5341436863 0.6418935061 -0.3113931119 0.7007189393
-281.3 -497.5 2650.1 0.4679636359 -0.8719964623 -0.1436391622 -0.1302073747 0.0927294791 -0.9871409535 0.8741030097 0.4806489646 -0.0701463372
70.6 -534.9 2456.1 0.4679636359 0.6165093780 -0.6331873536 -0.1302073747 0.7567589283 0.6405950189 0.8741030097 -0.2173295170 0.4344097078
-14.0 -151.6 2573.9 0 0 0 0 0 0 0 0 0
-144.9 -175.2 2854.0 0 0 0 0 0 0 0 0 0
-320.0 -866.2 2323.6 0 0 0 0 0 0 0 0 0
-164.1 -823.0 2538.9 0 0 0 0 0 0 0 0 0
-254.0 105.4 2695.3 1 0.4185823500 0.1354233027 -0.8980252743 -0.2540494502 0.9668036103 0.0273791067 0.8719218373 0.2166824043 0.4390911460
-281.6 -91.9 2651.1 0.4185823500 0.1354233027 -0.8980252743 -0.2540494502 0.9668036103 0.0273791067 0.8719218373 0.2166824043 0.4390911460
-304.3 -285.4 2612.1 0.4221706688 0.1139842793 -0.8993216753 -0.2261271030 0.9739443064 0.0172909312 0.8778601885 0.1960612833 0.4369456470
-343.3 -58.9 2522.9 -0.5347604752 0.3320698142 -0.7770205140 0.7111211419 0.6735601425 -0.2015525997 0.4564405084 -0.6603380442 -0.5963352323
-209.3 -237.0 2408.5 -0.6936827898 0.3320698142 0.6391664743 -0.2999907136 0.6735601425 -0.6755163074 -0.6548356414 -0.6603380442 -0.3676192164
-220.0 -124.9 2779.3 0.2897140384 0.5938439369 -0.7506098747 -0.1673474461 0.8035921454 0.5711694360 0.9423696995 -0.0398631580 0.3321901858
-121.9 -181.6 3098.4 -0.1109024957 0.5931000710 0.7974540591 0.0241677258 0.8037760258 -0.5944409370 -0.9935373664 -0.0466523319 -0.1034746468
-365.1 -456.3 2491.4 0.7462953329 -0.5965614915 -0.2952248156 -0.1742648333 0.2529485822 -0.9516558051 0.6423978806 0.7616635561 0.0848146528
-139.6 -551.9 2203.5 0.7462953329 0.4710418880 -0.4702795148 -0.1742648333 0.8201614022 0.5449468493 0.6423978806 -0.3247380853 0.6941686273
-285.2 -498.5 2651.0 0.4670151770 -0.8737222552 -0.1360376775 -0.1353329867 0.0814078674 -0.9874501228 0.8738316894 0.4795645773 -0.0802247226
66.8 -531.3 2457.8 0.4670151770 0.5975039005 -0.6518326998 -0.1353329867 0.7767723799 0.6150687933 0.8738316894 -0.1990320086 0.4436264932
-7.9 -149.9 2598.6 0 0 0 0 0 0 0 0 0
-148.9 -175.7 2856.3 0 0 0 0 0 0 0 0 0
-319.6 -865.3 2327.6 0 0 0 0 0 0 0 0 0
-161.0 -827.5 2533.7 0 0 0 0 0 0 0 0 0
-252.3 107.5 2695.0 2 0.4571645260 0.1395335943 -0.8783683777 -0.2511215508 0.9676817656 0.0230202433 0.8531931639 0.2100531906 0.4774296582
-280.8 -89.9 2652.2 0.4571645260 0.1395335943 -0.8783683777 -0.2511215508 0.9676817656 0.0230202433 0.8531931639 0.2100531906 0.4774296582
-303.4 -283.7 2614.7 0.4612126946 0.1141948476 -0.8799104095 -0.2201199532 0.9754083753 0.0112108001 0.8595522642 0.1885152757 0.4750072956
-348.1 -57.8 2526.7 -0.6156011224 0.3535726070 -0.7042880654 0.6887079477 0.6757615209 -0.2627314031 0.3830361664 -0.6467865109 -0.6595078111
-185.1 -240.1 2425.4 -0.6298642159 0.3535726070 0.6915616393 -0.3392039239 0.6757615209 -0.6544364691 -0.6987215281 -0.6467865109 -0.3057047725
-213.4 -122.1 2777.6 0.3311513662 0.5849212408 -0.7404092550 -0.1622637361 0.8082945943 0.5659773350 0.9295209646 -0.0672825947 0.3625793755
-101.4 -176.9 3092.1 -0.1534967273 0.5838706493 0.7972037792 0.0202601757 0.8084545732 -0.5882097483 -0.9879414439 -0.0741367787 -0.1359244436
-365.6 -458.2 2492.7 0.7394517660 -0.6001236439 -0.3050618768 -0.1913841963 0.2470542639 -0.9499137998 0.6454325914 0.7607994676 0.0678305328
-139.1 -551.5 2205.5 0.7394517660 0.4772214890 -0.4748376310 -0.1913841963 0.8252484202 0.5313540697 0.6454325914 -0.3020342886 0.7015640140
-288.2 -499.7 2653.7 0.4644236267 -0.8751398921 -0.1357969642 -0.1454561055 0.0758778900 -0.9864507318 0.8735864162 0.4778835475 -0.0920549482
66.1 -530.4 2460.2 0.4644236267 0.5848355293 -0.6650398970 -0.1454561055 0.7911117077 0.5941252708 0.8735864162 -0.1791916937 0.4524788558
-3.8 -142.5 2626.5 0 0 0 0 0 0 0 0 0
-138.8 -172.0 2851.5 0 0 0 0 0 0 0 0 0
-321.4 -866.7 2320.9 0 0 0 0 0 0 0 0 0
-157.0 -832.3 2528.5 0 0 0 0 0 0 0 0 0
-252.5 107.3 2694.9 3 0.4759880900 0.1330165267 -0.8693342209 -0.2615224719 0.9651869535 0.0044910787 0.8396673799 0.2252127230 0.4942042828
-279.7 -90.1 2648.8 0.4759880900 0.1330165267 -0.8693342209 -0.2615224719 0.9651869535 0.0044910787 0.8396673799 0.2252127230 0.4942042828
-301.5 -283.2 2607.6 0.4793594778 0.1092737094 -0.8707891703 -0.2345659733 0.9720739722 -0.0071421368 0.8456910253 0.2076811641 0.4916047752
-349.7 -55.9 2525.4 -0.6783148646 0.3630111814 -0.6388362646 0.6622942090 0.6785885096 -0.3176225126 0.3182064295 -0.6385456324 -0.7007169127
-162.8 -238.4 2437.7 -0.5603678823 0.3630111814 0.7444533110 -0.3885281980 0.6785885096 -0.6233485937 -0.7314599752 -0.6385456324 -0.2392190993
-209.8 -124.3 2772.3 0.3502649963 0.5764338374 -0.7382671833 -0.1793202311 0.8148881793 0.5511819124 0.9193251133 -0.0606734902 0.3887930512
-91.2 -185.0 3083.3 -0.1725388616 0.5752624273 0.7995645404 0.0403441712 0.8151844740 -0.5777946115 -0.9841761589 -0.0674342588 -0.1638595015
-368.3 -457.4 2498.5 0.7419717312 -0.6001822352 -0.2987627685 -0.1898336411 0.2393137068 -0.9522038102 0.6429938674 0.7632235885 0.0636292249
-136.5 -549.9 2203.6 0.7419717312 0.4819041789 -0.4660968482 -0.1898336411 0.8177803159 0.5433217287 0.6429938674 -0.3146485388 0.6982515454
-283.8 -497.8 2656.0 0.4683990479 -0.8720214367 -0.1420595199 -0.1547608227 0.0773233697 -0.9849213958 0.8698571324 0.4833214879 -0.0987365693
66.4 -528.8 2461.9 0.4683990479 0.5867868066 -0.6605176330 -0.1547608227 0.7905331850 0.5925422907 0.8698571324 -0.1753239930 0.4610966146
-1.9 -126.9 2647.7 0 0 0 0 0 0 0 0 0
-133.3 -175.2 2843.7 0 0 0 0 0 0 0 0 0
-320.6 -862.3 2323.8 0 0 0 0 0 0 0 0 0
-157.6 -830.7 2528.8 0 0 0 0 0 0 0 0 0
-253.5 108.0 2694.3 4 0.4807317257 0.1219570115 -0.8683452606 -0.2590495348 0.9658328295 -0.0077656265 0.8377292752 0.2286776155 0.4958993793
-278.4 -89.7 2647.5 0.4807317257 0.1219570115 -0.8683452606 -0.2590495348 0.9658328295 -0.0077656265 0.8377292752 0.2286776155 0.4958993793
-298.6 -282.6 2604.7 0.4831968844 0.1016814932 -0.8695870638 -0.2376981229 0.9711624980 -0.0185211431 0.8426270485 0.2156485766 0.4934321940
-349.0 -55.0 2524.5 -0.6895517111 0.4052577317 -0.6002371311 0.6623721719 0.6880553961 -0.2963829935 0.2928849161 -0.6019517779 -0.7428811789
-152.4 -243.8 2441.0 -0.4722559154 0.4052577317 0.7827774286 -0.4062267244 0.6880553961 -0.6012982726 -0.7822750211 -0.6019517779 -0.1603116989
-207.8 -124.4 2770.6 0.3537796736 0.5695423484 -0.7419309020 -0.1841981560 0.8201203942 0.5417320132 0.9170119762 -0.0549914837 0.3950505555
-88.1 -186.7 3081.0 -0.1750609428 0.5683586597 0.8039416075 0.0472948253 0.8204629421 -0.5697401166 -0.9834210277 -0.0617169589 -0.1705114394
-367.2 -454.9 2488.8 0.7391846776 -0.6039207578 -0.2981370986 -0.1717039943 0.2590594888 -0.9504767060 0.6512478590 0.7537690997 0.0877971947
-140.1 -552.3 2205.5 0.7391846776 0.4733737111 -0.4790859520 -0.1717039943 0.8202817440 0.5455782413 0.6512478590 -0.3210220933 0.6876198649
-279.3 -497.9 2643.8 0.4655562043 -0.8745527267 -0.1357015669 -0.1309842318 0.0835549831 -0.9878571033 0.8752717376 0.4776777625 -0.0756530762
68.8 -531.1 2453.7 0.4655562043 0.6040253639 -0.6468468308 -0.1309842318 0.7698624730 0.6246238351 0.8752717376 -0.2060707510 0.4375320375
-17.2 -127.4 2665.1 0 0 0 0 0 0 0 0 0
-130.7 -175.2 2841.4 0 0 0 0 0 0 0 0 0
-321.0 -865.7 2328.1 0 0 0 0 0 0 0 0 0
-161.8 -825.0 2532.3 0 0 0 0 0 0 0 0 0
-254.4 107.7 2694.5 5 0.4677430987 0.1319077462 -0.8739660978 -0.2545269430 0.9670167565 0.0097301025 0.8464233279 0.2178967297 0.4858894944
-281.4 -89.6 2650.1 0.4677430987 0.1319077462 -0.8739660978 -0.2545269430 0.9670167565 0.0097301025 0.8464233279 0.2178967297 0.4858894944
-301.6 -283.2 2610.1 0.4712451100 0.1018437743 -0.8761026859 -0.2254438996 0.9742231965 -0.0080136396 0.8527033925 0.2012884021 0.4820579588
-350.2 -56.7 2525.6 -0.7109218240 0.4508026540 -0.5397843122 0.6470230222 0.7200347185 -0.2508210242 0.2755926549 -0.5275670290 -0.8035681248
