-18.5 26.2 2804.8  0.2813789248 0.3941853046 -0.8748964667 -0.1425738037 0.9187873602 0.3681066334 0.9489460588 0.0211598724 0.3147278726
-96.5 -155.6 2800.6 0.2813789248 0.3941853046 -0.8748964667 -0.1425738037 0.9187873602 0.3681066334 0.9489460588 0.0211598724 0.3147278726
-176.7 -337.4 2797.5 0.2820019126 0.4038199484 -0.8702898026 -0.1411423832 0.9146978259 0.3786908388 0.9489750862 0.0160432365 0.3149426579
-136.2 -135.7 2667.2 -0.6885216832 0.1553799361 -0.7083748579 0.6121952534 0.6481766701 -0.4528619945 0.3887864053 -0.7454690337 -0.5414065719
30.6 -284.0 2573.1 -0.9602069259 0.1553799361 0.2320770472 -0.0781879947 0.6481766701 -0.7574652433 -0.2681218386 -0.7454690337 -0.6102349162
-56.8 -175.4 2934.1 0.7482994795 0.2470573485 -0.6156383157 -0.6569269896 0.4049324691 -0.6359847188 0.0921672508 0.8803365231 0.4653093815
119.7 -330.4 2955.8 0.9673863053 0.2470573485 0.0559140444 -0.0506470017 0.4049324691 -0.9129428267 -0.2481906414 0.8803365231 0.4042388499
-278.3 -505.9 2698.5 0.8689847589 -0.4829404652 -0.1078610569 -0.0997896343 0.0424673557 -0.9941018820 0.4846726060 0.8746228218 -0.0112889679
-88.4 -522.6 2354.6 0.8689847589 0.1925185919 -0.4558531344 -0.0997896343 0.9704670906 0.2196261734 0.4846726060 -0.1453623772 0.8625324965
-231.0 -532.1 2881.2 0.1229900792 -0.9849638939 -0.1213243455 0.1214409769 0.1362711191 -0.9832000136 0.9849495292 0.1061901003 0.1363749653
123.9 -581.2 2843.0 0.1229900792 0.2359835058 -0.9639425278 0.1214409769 0.9604381919 0.2506203353 0.9849495292 -0.1478859335 0.0894663036
305.2 -261.7 2649.7 0 0 0 0 0 0 0 0 0
371.0 -343.6 2891.3 0 0 0 0 0 0 0 0 0
-162.0 -893.6 2410.1 0 0 0 0 0 0 0 0 0
33.7 -948.2 2899.5 0 0 0 0 0 0 0 0 0
-18.3 25.0 2801.8  0.2715421617 0.3990411162 -0.8758030534 -0.1307384521 0.9168535471 0.3772095144 0.9535052776 0.0120728454 0.3011344075
-97.2 -156.3 2799.4 0.2715421617 0.3990411162 -0.8758030534 -0.1307384521 0.9168535471 0.3772095144 0.9535052776 0.0120728454 0.3011344075
-178.8 -337.5 2798.0 0.2719916701 0.4107774794 -0.8702197075 -0.1297234893 0.9117097855 0.3898166716 0.9535157681 0.0068610488 0.3012649715
-135.5 -138.1 2665.3 -0.6939635873 0.1384992152 -0.7065638900 0.6095595360 0.6353040338 -0.4741581380 0.3832123578 -0.7597412467 -0.5253013968
30.9 -284.3 2573.4 -0.9663656354 0.1384992152 0.2166918814 -0.0811568573 0.6353040338 -0.7679858804 -0.2440306693 -0.7597412467 -0.6026958823
-58.9 -174.6 2933.5 0.7423713207 0.2419401705 -0.6247798204 -0.6611328125 0.4156531096 -0.6246085763 0.1085737497 0.8767539263 0.4685235322
116.3 -330.6 2959.1 0.9692422152 0.2419401705 0.0451048836 -0.0615256056 0.4156531096 -0.9074398875 -0.2382941395 0.8767539263 0.4177540541
-282.8 -506.2 2707.3 0.8709025979 -0.4801265299 -0.1049151570 -0.0988746881 0.0379377902 -0.9943764210 0.4814067483 0.8763784766 -0.0144322384
-88.9 -521.5 2353.4 0.8709025979 0.1872387379 -0.4543900490 -0.0988746881 0.9724295735 0.2111979574 0.4814067483 -0.1390051842 0.8654046059
-235.5 -530.6 2884.1 0.1147102565 -0.9848362803 -0.1301499903 0.1345480084 0.1452102363 -0.9802095890 0.9842450619 0.0949286669 0.1491648704
119.5 -583.0 2849.9 0.1147102565 0.2449930757 -0.9627149105 0.1345480084 0.9563502669 0.2594051659 0.9842450619 -0.1592878103 0.0767398477
307.2 -261.1 2643.2 0 0 0 0 0 0 0 0 0
368.1 -346.6 2897.2 0 0 0 0 0 0 0 0 0
-160.5 -893.2 2406.6 0 0 0 0 0 0 0 0 0
25.9 -948.5 2910.8 0 0 0 0 0 0 0 0 0
-17.9 26.9 2811.3  0.2403998077 0.3972610235 -0.8856588602 -0.1369019598 0.9171723127 0.3742362261 0.9609712958 0.0312821195 0.2748738825
-96.8 -155.1 2805.1 0.2403998077 0.3972610235 -0.8856588602 -0.1369019598 0.9171723127 0.3742362261 0.9609712958 0.0312821195 0.2748738825
-178.9 -336.1 2801.4 0.2433638126 0.4134534895 -0.8773997426 -0.1302205622 0.9103342295 0.3928538859 0.9611538053 0.0186490566 0.2753825486
-131.0 -136.8 2669.9 -0.6786451340 0.1422726512 -0.7205548286 0.6131565571 0.6498233676 -0.4491866231 0.4043264091 -0.7466512322 -0.5282348990
32.8 -284.8 2572.3 -0.9630458355 0.1422726512 0.2286945730 -0.0834077746 0.6498233676 -0.7554950118 -0.2560973465 -0.7466512322 -0.6139430404
-62.5 -173.4 2940.3 0.7365300655 0.2175028920 -0.6404809952 -0.6636911631 0.4151090384 -0.6222527623 0.1305276752 0.8833894730 0.4500950277
111.3 -330.0 2971.1 0.9756074548 0.2175028920 0.0297074281 -0.0649127066 0.4151090384 -0.9074529409 -0.2097054571 0.8833894730 0.4191021919
-285.4 -506.9 2709.2 0.8717424870 -0.4800359309 -0.0981351212 -0.0919761509 0.0364020877 -0.9950956106 0.4812539518 0.8764932156 -0.0124186091
-88.7 -521.8 2350.1 0.8717424870 0.1939861625 -0.4499270618 -0.0919761509 0.9667502642 0.2386090159 0.4812539518 -0.1666230708 0.8605993986
-238.7 -529.0 2885.8 0.0862018242 -0.9866971374 -0.1378332376 0.1345188767 0.1486084908 -0.9797041416 0.9871544838 0.0659111068 0.1455397159
116.9 -582.5 2862.0 0.0862018242 0.2527019083 -0.9636965394 0.1345188767 0.9554870129 0.2625817955 0.9871544838 -0.1522704065 0.0483715422
308.2 -261.0 2645.5 0 0 0 0 0 0 0 0 0
364.7 -346.9 2916.6 0 0 0 0 0 0 0 0 0
-162.9 -891.2 2413.8 0 0 0 0 0 0 0 0 0
20.3 -947.8 2920.2 0 0 0 0 0 0 0 0 0
-15.5 23.3 2804.0  0.2566172779 0.4121910632 -0.8742117286 -0.1399295181 0.9108154774 0.3883746564 0.9563301206 0.0226643775 0.2914086878
-97.1 -156.9 2799.6 0.2566172779 0.4121910632 -0.8742117286 -0.1399295181 0.9108154774 0.3883746564 0.9563301206 0.0226643775 0.2914086878
-180.5 -337.3 2795.9 0.2573367059 0.4196168482 -0.8704593778 -0.1383568347 0.9075152278 0.3965772390 0.9563656449 0.0183801185 0.2915938497
-133.3 -137.4 2665.0 -0.6890299320 0.1486864090 -0.7093166113 0.6128290892 0.6420070529 -0.4607249498 0.3868827224 -0.7521431446 -0.5334814191
32.0 -284.4 2572.2 -0.9632951021 0.1486864090 0.2235059738 -0.0778761879 0.6420070529 -0.7627333999 -0.2569004893 -0.7521431446 -0.6068630815
-60.9 -176.4 2934.1 0.7341689467 0.2338598371 -0.6374210119 -0.6692193151 0.4077512026 -0.6211959720 0.1146363989 0.8826372623 0.4558617771
112.4 -334.3 2961.1 0.9717956185 0.2338598371 0.0303787254 -0.0696636960 0.4077512026 -0.9104317427 -0.2253003865 0.8826372623 0.4125423729
-283.4 -505.1 2709.5 0.8707166910 -0.4773479998 -0.1182850227 -0.1090773493 0.0470764525 -0.9929178953 0.4795358181 0.8774523735 -0.0110776043
-89.8 -524.2 2353.6 0.8707166910 0.1902639568 -0.4534887969 -0.1090773493 0.9738768935 0.1991630346 0.4795358181 -0.1239492148 0.8687243462
-240.3 -530.4 2880.0 0.1023854837 -0.9845766425 -0.1418662667 0.1272977293 0.1544115096 -0.9797716141 0.9865660071 0.0822551325 0.1411438733
114.7 -586.1 2850.3 0.1023854837 0.2566065192 -0.9610776901 0.1272977293 0.9548314214 0.2685000598 0.9865660071 -0.1498335153 0.0650954470
307.5 -262.2 2645.7 0 0 0 0 0 0 0 0 0
364.9 -352.4 2902.6 0 0 0 0 0 0 0 0 0
-162.4 -896.1 2400.9 0 0 0 0 0 0 0 0 0
16.6 -951.1 2907.6 0 0 0 0 0 0 0 0 0
-13.7 24.6 2801.9  0.2721350193 0.4089057446 -0.8710560203 -0.1329670846 0.9125155807 0.3868268728 0.9530279636 0.0105526447 0.3026984632
-94.7 -156.1 2799.8 0.2721350193 0.4089057446 -0.8710560203 -0.1329670846 0.9125155807 0.3868268728 0.9530279636 0.0105526447 0.3026984632
-178.0 -336.6 2798.6 0.2723918855 0.4192374051 -0.8660500050 -0.1324024796 0.9078547955 0.3978307247 0.9530331492 0.0063013020 0.3028003573
-133.0 -137.5 2665.7 -0.6883528233 0.1577340513 -0.7080186009 0.6138292551 0.6467455626 -0.4526961446 0.3865023255 -0.7462171912 -0.5420109034
33.2 -285.7 2572.4 -0.9546899796 0.1577340513 0.2523628473 -0.0932459161 0.6467455626 -0.7569844127 -0.2826167643 -0.7462171912 -0.6027334929
-56.3 -174.7 2933.9 0.7363542914 0.2474298477 -0.6297307611 -0.6680596471 0.4132665992 -0.6187947989 0.1071383655 0.8763499260 0.4696085453
117.5 -332.4 2959.2 0.9681834579 0.2474298477 0.0374074243 -0.0705375299 0.4132665992 -0.9078739882 -0.2400943637 0.8763499260 0.4175709486
-287.5 -505.0 2704.5 0.8627100587 -0.4923729002 -0.1153269559 -0.1075555161 0.0441848859 -0.9932167530 0.4941287339 0.8692620993 -0.0148386769
-89.4 -522.8 2354.9 0.8627100587 0.1960171312 -0.4661637843 -0.1075555161 0.9718525410 0.2096055597 0.4941287339 -0.1306903362 0.8595096469
-236.3 -529.2 2884.7 0.1177741885 -0.9832594395 -0.1390326917 0.1333442181 0.1543979347 -0.9789691567 0.9840470552 0.0967580900 0.1492960453
118.3 -584.9 2849.8 0.1177741885 0.2535280287 -0.9601316452 0.1333442181 0.9540668130 0.2682831883 0.9840470552 -0.1596248299 0.0785579458
306.1 -259.0 2653.2 0 0 0 0 0 0 0 0 0
369.1 -350.7 2896.8 0 0 0 0 0 0 0 0 0
-164.3 -894.1 2404.8 0 0 0 0 0 0 0 0 0
21.3 -949.6 2910.9 0 0 0 0 0 0 0 0 0
-14.6 24.3 2800.3  0.2737231255 0.4094122350 -0.8703202009 -0.1262435317 0.9123436809 0.3894760609 0.9534873962 0.0032637038 0.3014152050
-95.5 -156.0 2799.7 0.2737231255 0.4094122350 -0.8703202009 -0.1262435317 0.9123436809 0.3894760609 0.9534873962 0.0032637038 0.3014152050
-179.4 -336.2 2800.2 0.2742772698 0.4220944941 -0.8640649319 -0.1250313222 0.9065482616 0.4031592607 0.9534878731 -0.0025422408 0.3014206290
-134.1 -138.4 2665.5 -0.6900628805 0.1867271662 -0.6992468834 0.6098181605 0.6703450084 -0.4227994978 0.3897885084 -0.7181716561 -0.5764498115
34.1 -287.0 2570.5 -0.9308522344 0.1867271662 0.3140812516 -0.1129875258 0.6703450084 -0.7333971858 -0.3474879861 -0.7181716561 -0.6028943062
-56.9 -173.6 2933.9 0.7345724106 0.2508214712 -0.6304696798 -0.6693626642 0.4200927913 -0.6127607226 0.1111622229 0.8721299171 0.4764790833
116.5 -331.6 2960.1 0.9673789740 0.2508214712 0.0355888084 -0.0756523982 0.4200927913 -0.9043222666 -0.2417740375 0.8721299171 0.4253641665
-286.3 -504.9 2709.9 0.8664141297 -0.4854692221 -0.1168168113 -0.1093794256 0.0437423252 -0.9930371642 0.4871988297 0.8731587529 -0.0152013758
-88.3 -522.7 2353.8 0.8664141297 0.1981974840 -0.4583058953 -0.1093794256 0.9708908200 0.2130896300 0.4871988297 -0.1344946325 0.8628722429
-238.1 -527.9 2888.2 0.1205543503 -0.9825392365 -0.1417156905 0.1414831728 0.1583052725 -0.9772011042 0.9825727344 0.0977554545 0.1580971628
116.3 -585.0 2852.9 0.1205543503 0.2561661601 -0.9590857625 0.1414831728 0.9518356323 0.2720137239 0.9825727344 -0.1684869379 0.0785047263
299.5 -254.8 2669.6 0 0 0 0 0 0 0 0 0
368.0 -351.3 2897.3 0 0 0 0 0 0 0 0 0
-164.0 -893.8 2405.2 0 0 0 0 0 0 0 0 0
18.3 -948.9 2917.3 0 0 0 0 0 0 0 0 0
-15.2 21.0 2801.1 0 0.2578145564 0.4252233505 -0.8675925136 -0.1208302230 0.9050884247 0.4076947570 0.9586092830 -0.0002782518 0.2847248018
-99.5 -158.3 2801.1 0.2578145564 0.4252233505 -0.8675925136 -0.1208302230 0.9050884247 0.4076947570 0.9586092830 -0.0002782518 0.2847248018
-186.5 -337.0 2802.9 0.2598063052 0.4377103746 -0.8607614636 -0.1166660115 0.8990688324 0.4219765961 0.9585873485 -0.0092105754 0.2846496701
-136.0 -141.9 2666.2 -0.6823105812 0.1644544005 -0.7123250961 0.6091802716 0.6665785313 -0.4296189845 0.4041678607 -0.7270679474 -0.5549959540
28.2 -288.6 2568.9 -0.9404357672 0.1644544005 0.2975488901 -0.1163939387 0.6665785313 -0.7362917662 -0.3194260895 -0.7270679474 -0.6077327728
-62.9 -174.7 2936.0 0.7214323878 0.2467436343 -0.6470339298 -0.6802162528 0.4276063442 -0.5953642726 0.1297734678 0.8696380854 0.4763281047
107.4 -335.3 2966.6 0.9689723253 0.2467436343 0.0144986790 -0.0954372883 0.4276063442 -0.8989129663 -0.2280007750 0.8696380854 0.4378872812
-288.4 -504.9 2713.2 0.8620213866 -0.4911398590 -0.1253027469 -0.1214164421 0.0399305187 -0.9917981625 0.4921150208 0.8701650500 -0.0252114944
-87.0 -521.3 2356.4 0.8620213866 0.2012404203 -0.4652111828 -0.1214164421 0.9730685949 0.1959479302 0.4921150208 -0.1124270186 0.8632398248
-249.6 -526.4 2892.7 0.1102474406 -0.9808500409 -0.1605573148 0.1527198404 0.1763413697 -0.9724095464 0.9821009040 0.0826853737 0.1692364514
104.1 -590.0 2862.8 0.1102474406 0.2748210728 -0.9551538229 0.1527198404 0.9449152350 0.2895026803 0.9821009040 -0.1777878851 0.0622038543
296.7 -255.4 2660.1 0 0 0 0 0 0 0 0 0
359.2 -360.1 2907.4 0 0 0 0 0 0 0 0 0
-163.9 -893.2 2399.3 0 0 0 0 0 0 0 0 0
-1.0 -951.2 2930.8 0 0 0 0 0 0 0 0 0
-15.5 21.0 2799.9 1 0.2629610598 0.4292254448 -0.8640699983 -0.1108128652 0.9030987024 0.4148893952 0.9584215879 -0.0133496830 0.2850435078
-100.7 -158.2 2802.6 0.2629610598 0.4292254448 -0.8640699983 -0.1108128652 0.9030987024 0.4148893952 0.9584215879 -0.0133496830 0.2850435078
-188.9 -336.2 2806.8 0.2643745542 0.4437547326 -0.8562638760 -0.1079000086 0.8958891630 0.4309758544 0.9583650827 -0.0215481650 0.2847314477
-137.9 -143.0 2667.7 -0.6899855733 0.1526270807 -0.7075484991 0.5980268121 0.6709079146 -0.4384592474 0.4077791274 -0.7256635427 -0.5541918278
29.1 -287.7 2569.0 -0.9461255670 0.1526270807 0.2855720520 -0.1129790321 0.6709079146 -0.7328835726 -0.3034504056 -0.7256635427 -0.6175194383
-63.5 -173.3 2937.4 0.7175191045 0.2545351088 -0.6483657956 -0.6836650968 0.4354924858 -0.5856178999 0.1332980990 0.8634570837 0.4864909351
105.9 -334.7 2968.9 0.9670030475 0.2545351088 0.0108178360 -0.1046284139 0.4354924858 -0.8940912485 -0.2322887182 0.8634570837 0.4477541447
-297.3 -505.1 2716.8 0.8569582701 -0.5021325350 -0.1161268726 -0.1107893661 0.0405747443 -0.9930152893 0.5033370852 0.8638383150 -0.0208600797
-87.1 -522.0 2355.1 0.8569582701 0.1988435984 -0.4754826427 -0.1107893661 0.9720811248 0.2068429887 0.5033370852 -0.1245773882 0.8550627232
-252.8 -524.2 2899.0 0.1168121025 -0.9791402221 -0.1662509888 0.1628251821 0.1840127707 -0.9693437219 0.9797157049 0.0861612260 0.1809235960
100.3 -590.6 2868.0 0.1168121025 0.2801957130 -0.9528091550 0.1628251821 0.9409927130 0.2966827750 0.9797157049 -0.1897974610 0.0642964244
299.4 -255.4 2655.7 0 0 0 0 0 0 0 0 0
357.2 -361.9 2908.5 0 0 0 0 0 0 0 0 0
-163.1 -893.6 2402.7 0 0 0 0 0 0 0 0 0
-6.8 -950.2 2940.5 0 0 0 0 0 0 0 0 0
-13.7 21.7 2809.9 2 0.2602211535 0.4319180548 -0.8635575771 -0.1445511132 0.9017168283 0.4074453712 0.9546674490 0.0188023001 0.2970800400
-99.5 -157.5 2806.1 0.2602211535 0.4319180548 -0.8635575771 -0.1445511132 0.9017168283 0.4074453712 0.9546674490 0.0188023001 0.2970800400
-187.4 -335.7 2804.7 0.2636558115 0.4419934452 -0.8573957086 -0.1374818683 0.8969901204 0.4201278985 0.9547692537 0.0071072038 0.2972627282
-136.6 -138.1 2671.8 -0.6828961968 0.1509333998 -0.7147530317 0.6023060679 0.6699917316 -0.4339798391 0.4133765399 -0.7268632650 -0.5484429002
30.9 -285.9 2570.4 -0.9492676854 0.1509333998 0.2758803368 -0.1069702953 0.6699917316 -0.7346212864 -0.2957164347 -0.7268632650 -0.6198561192
-62.4 -176.8 2940.4 0.7189134359 0.2527307868 -0.6475265622 -0.6859464645 0.4086262286 -0.6020814180 0.1124318168 0.8770129681 0.4671266675
107.3 -338.7 2967.0 0.9674602747 0.2527307868 0.0121542700 -0.0953423008 0.4086262286 -0.9077083468 -0.2343723923 0.8770129681 0.4194255769
-301.4 -504.4 2723.2 0.8565217853 -0.5025219321 -0.1176526323 -0.1122193933 0.0411737598 -0.9928300381 0.5037630796 0.8635834455 -0.0211264845
-87.4 -521.9 2355.5 0.8565217853 0.1998367310 -0.4758526385 -0.1122193933 0.9720484018 0.2062248141 0.5037630796 -0.1232361570 0.8550061584
-251.0 -526.5 2890.8 0.1154990494 -0.9796029329 -0.1644324660 0.1321632415 0.1792240292 -0.9748905897 0.9844759107 0.0908670053 0.1501677036
102.3 -591.2 2858.1 0.1154990494 0.2786171734 -0.9534319043 0.1321632415 0.9470109344 0.2927510738 0.9844759107 -0.1598211229 0.0725559145
302.2 -255.3 2654.9 0 0 0 0 0 0 0 0 0
358.8 -363.5 2906.0 0 0 0 0 0 0 0 0 0
-163.8 -893.5 2402.6 0 0 0 0 0 0 0 0 0
-4.2 -953.0 2919.1 0 0 0 0 0 0 0 0 0
-12.3 22.0 2804.8 3 0.2930377126 0.4278331399 -0.8550366759 -0.1597595513 0.9036331177 0.3973965645 0.9426589012 0.0201480947 0.3331490159
-97.5 -157.8 2800.8 0.2930377126 0.4278331399 -0.8550366759 -0.1597595513 0.9036331177 0.3973965645 0.9426589012 0.0201480947 0.3331490159
-183.9 -336.8 2798.8 0.2960768044 0.4346480370 -0.8505407572 -0.1534021944 0.9005445242 0.4068012834 0.9427652359 0.0100303860 0.3333063126
-139.1 -136.3 2668.3 -0.6907871366 0.1510607153 -0.7071023583 0.6076856256 0.6512401104 -0.4545376301 0.3918306530 -0.7436847091 -0.5416657329
29.8 -284.9 2572.4 -0.9574512839 0.1510607153 0.2459018379 -0.0907533839 0.6512401104 -0.7534255981 -0.2739541531 -0.7436847091 -0.6098213792
-55.8 -179.3 2933.4 0.7276212573 0.2780695260 -0.6270921826 -0.6818200946 0.3936723471 -0.6165577173 0.0754229203 0.8761845827 0.4760377705
115.8 -340.2 2951.2 0.9599773884 0.2780695260 0.0334780514 -0.0821025074 0.3936723471 -0.9155769944 -0.2677734494 0.8761845827 0.4007467330
-299.4 -501.3 2715.7 0.8549461365 -0.5054543018 -0.1165464297 -0.1079513505 0.0463871174 -0.9930734038 0.5073595047 0.8616055846 -0.0149059910
-87.8 -520.7 2354.9 0.8549461365 0.1938994825 -0.4811134338 -0.1079513505 0.9737084508 0.2005950660 0.5073595047 -0.1195611283 0.8533999920
-243.1 -529.8 2883.2 0.1467224360 -0.9775399566 -0.1512884796 0.1140804663 0.1686453521 -0.9790527821 0.9825773239 0.1263899505 0.1362622678
109.2 -590.6 2837.6 0.1467224360 0.2655728459 -0.9528607130 0.1140804663 0.9523150921 0.2829869688 0.9825773239 -0.1502233297 0.1094293222
303.4 -258.9 2650.7 0 0 0 0 0 0 0 0 0
365.2 -361.5 2881.6 0 0 0 0 0 0 0 0 0
-161.9 -893.0 2400.7 0 0 0 0 0 0 0 0 0
7.7 -954.5 2895.0 0 0 0 0 0 0 0 0 0
-11.9 23.1 2802.3 4 0.3084526658 0.4175943136 -0.8546764851 -0.1543536186 0.9085519910 0.3882116079 0.9386330247 0.0121775065 0.3447024822
-94.9 -157.4 2799.9 0.3084526658 0.4175943136 -0.8546764851 -0.1543536186 0.9085519910 0.3882116079 0.9386330247 0.0121775065 0.3447024822
-179.4 -337.3 2798.7 0.3098084629 0.4253230989 -0.8503640294 -0.1514365673 0.9050240517 0.3974901140 0.9386616349 0.0056304103 0.3447935879
-138.5 -136.1 2667.8 -0.6927739978 0.1490311027 -0.7055876255 0.6091251969 0.6446849704 -0.4618958831 0.3860448599 -0.7497806549 -0.5373995900
30.2 -284.4 2573.9 -0.9613195658 0.1490311027 0.2316342294 -0.0831601098 0.6446849704 -0.7599116564 -0.2625815868 -0.7497806549 -0.6073548198
-51.3 -178.7 2931.9 0.7355920672 0.2853779793 -0.6143807769 -0.6742902398 0.3955932558 -0.6235692501 0.0650919601 0.8729635477 0.4834228456
122.3 -337.8 2947.3 0.9572046399 0.2853779793 0.0481529683 -0.0718804747 0.3955932558 -0.9156086445 -0.2803435326 0.8729635477 0.3991768062
-297.4 -501.7 2710.3 0.8546896577 -0.5060154200 -0.1159912571 -0.1068626195 0.0471584387 -0.9931548238 0.5080215931 0.8612343073 -0.0137682967
-87.9 -521.2 2353.8 0.8546896577 0.1958926320 -0.4807614982 -0.1068626195 0.9726291299 0.2063320428 0.5080215931 -0.1249744445 0.8522297144
-235.6 -531.0 2883.7 0.1583000422 -0.9775000811 -0.1394083649 0.1144760102 0.1584056169 -0.9807155132 0.9807325602 0.1392883807 0.1369759291
116.9 -588.1 2833.4 0.1583000422 0.2535343170 -0.9542858005 0.1144760102 0.9552420378 0.2727780342 0.9807325602 -0.1524236053 0.1221912503
305.0 -260.6 2648.9 0 0 0 0 0 0 0 0 0
371.0 -356.4 2874.4 0 0 0 0 0 0 0 0 0
-162.8 -893.1 2401.5 0 0 0 0 0 0 0 0 0
20.0 -953.2 2891.7 0 0 0 0 0 0 0 0 0
-12.3 24.0 2812.0 5 0.2812390327 0.4061457217 -0.8694539666 -0.1625458747 0.9130927324 0.3739524782 0.9457713366 0.0361561179 0.3228146434
-92.8 -157.0 2804.9 0.2812390327 0.4061457217 -0.8694539666 -0.1625458747 0.9130927324 0.3739524782 0.9457713366 0.0361561179 0.3228146434
-175.9 -337.5 2800.1 0.2841989994 0.4185408354 -0.8625859618 -0.1560100764 0.9078812003 0.3891176879 0.9459872246 0.0239852425 0.3233155012
-132.8 -135.1 2671.8 -0.6707555056 0.1447786987 -0.7274105549 0.6190831661 0.6493940353 -0.4416144788 0.4084397256 -0.7465430498 -0.5252147317
29.8 -285.2 2572.8 -0.9622950554 0.1447786987 0.2302767634 -0.0831816047 0.6493940353 -0.7558889985 -0.2589769959 -0.7465430498 -0.6128657460
-52.8 -179.0 2937.9 0.7381091118 0.2577967644 -0.6234868169 -0.6697635651 0.3913516998 -0.6310789585 0.0813125148 0.8833938241 0.4615231156
121.4 -337.1 2957.1 0.9652310014 0.2577967644 0.0432426743 -0.0633941963 0.3913516998 -0.9180549979 -0.2535946965 0.8833938241 0.3940876126
-292.4 -503.3 2711.5 0.8595595360 -0.4981366396 -0.1140931547 -0.1069253832 0.0430085920 -0.9933364391 0.4997242689 0.8660312295 -0.0162950046
-87.0 -521.0 2354.5 0.8595595360 0.1973241419 -0.4714027643 -0.1069253832 0.9714725018 0.2116793841 0.4997242689 -0.1315461248 0.8561373949
-233.0 -532.3 2882.1 0.1296934187 -0.9821253419 -0.1364162415 0.1087062955 0.1508322805 -0.9825642705 0.9855772853 0.1126028150 0.1263251603
121.0 -586.6 2841.5 0.1296934187 0.2507128417 -0.9593344927 0.1087062955 0.9580788612 0.2650808096 0.9855772853 -0.1386649311 0.0970024541
305.0 -261.4 2646.8 0 0 0 0 0 0 0 0 0
372.2 -353.5 2891.2 0 0 0 0 0 0 0 0 0
-162.5 -892.4 2404.8 0 0 0 0 0 0 0 0 0
25.2 -952.9 2894.5 0 0 0 0 0 0 0 0 0
-13.1 22.6 2804.9 6 0.2912232280 0.4015329182 -0.8683089018 -0.1646787971 0.9151433110 0.3679587543 0.9423745871 0.0358339325 0.3326349556
-92.4 -157.9 2797.8 0.2912232280 0.4015329182 -0.8683089018 -0.1646787971 0.9151433110 0.3679587543 0.9423745871 0.0358339325 0.3326349556
-174.1 -339.0 2792.3 0.2928490639 0.4114619195 -0.8630982041 -0.1610268503 0.9110029340 0.3796629906 0.9425018430 0.0277980231 0.3330428004
-133.6 -135.3 2665.2 -0.6817921400 0.1546586752 -0.7150106430 0.6236809492 0.6337158680 -0.4576311409 0.3823369443 -0.7579478025 -0.5285201669
31.0 -285.8 2573.0 -0.9605163336 0.1546586752 0.2312770337 -0.0831448063 0.6337158680 -0.7690846324 -0.2655095458 -0.7579478025 -0.5958353877
-51.1 -180.6 2930.4 0.7441217899 0.2615855634 -0.6146997213 -0.6643317938 0.3866239190 -0.6396758556 0.0703276545 0.8843613267 0.4614748955
124.5 -337.4 2947.0 0.9636845589 0.2615855634 0.0537128039 -0.0536307245 0.3866239190 -0.9206767678 -0.2616024017 0.8843613267 0.3866125345
-285.2 -503.6 2708.6 0.8655977249 -0.4866974950 -0.1177546084 -0.1106987968 0.0433511138 -0.9929080606 0.4883506596 0.8724942803 -0.0163521990
-88.3 -521.2 2355.7 0.8655977249 0.1896792352 -0.4634246230 -0.1106987968 0.9750670791 0.1923276335 0.4883506596 -0.1151778176 0.8650131226
-229.0 -534.9 2873.2 0.1365557909 -0.9823911786 -0.1275148839 0.1021059006 0.1419930309 -0.9845874310 0.9853562117 0.1214310825 0.1196979135
125.2 -586.1 2829.4 0.1365557909 0.2420548499 -0.9606050253 0.1021059006 0.9610849023 0.2566907704 0.9853562117 -0.1331360489 0.1065264791
305.7 -262.0 2648.9 0 0 0 0 0 0 0 0 0
374.9 -351.3 2879.1 0 0 0 0 0 0 0 0 0
-160.8 -893.9 2399.7 0 0 0 0 0 0 0 0 0
32.7 -953.5 2880.3 0 0 0 0 0 0 0 0 0
-13.2 20.3 2801.8 7 0.3094083071 0.4042640030 -0.8607189655 -0.1614058763 0.9143273234 0.3714212179 0.9371310472 0.0240042824 0.3481510580
-93.1 -160.3 2797.1 0.3094083071 0.4042640030 -0.8607189655 -0.1614058763 0.9143273234 0.3714212179 0.9371310472 0.0240042824 0.3481510580
-175.3 -341.3 2793.2 0.3095775843 0.4138221443 -0.8561033607 -0.1610283852 0.9101448655 0.3817147911 0.9371401072 0.0196865909 0.3483975530
-136.6 -137.7 2665.3 -0.7009162307 0.1572709978 -0.6956883669 0.6073627472 0.6429784894 -0.4665717483 0.3739344478 -0.7495628595 -0.5461946130
34.0 -285.6 2574.2 -0.9588425159 0.1572709978 0.2364041060 -0.0822747871 0.6429784894 -0.7614522576 -0.2717571259 -0.7495628595 -0.6035756469
-49.5 -183.0 2929.0 0.7438497543 0.2784519494 -0.6075788736 -0.6658895016 0.3866541386 -0.6380358934 0.0572605319 0.8791831732 0.4730308056
126.1 -340.2 2942.5 0.9586495757 0.2784519494 0.0587836578 -0.0558623262 0.3866541386 -0.9205313325 -0.2790527046 0.8791831732 0.3862207830
-282.8 -505.3 2700.3 0.8641155958 -0.4902051091 -0.1140317097 -0.1079988554 0.0406896099 -0.9933179617 0.4915694594 0.8706568480 -0.0177810639
-88.6 -521.4 2355.5 0.8641155958 0.1938710362 -0.4644548297 -0.1079988554 0.9727610350 0.2051150948 0.4915694594 -0.1270825565 0.8615158200
-229.2 -537.0 2875.2 0.1546787173 -0.9797146916 -0.1274114400 0.1024908423 0.1441799849 -0.9842295051 0.9826343060 0.1391808540 0.1227133572
124.1 -589.0 2825.0 0.1546787173 0.2416028082 -0.9579679370 0.1024908423 0.9604820013 0.2587855756 0.9826343060 -0.1382115632 0.1238040477
308.2 -262.1 2651.9 0 0 0 0 0 0 0 0 0
375.2 -354.7 2869.9 0 0 0 0 0 0 0 0 0
-162.7 -893.3 2404.1 0 0 0 0 0 0 0 0 0
31.7 -956.1 2877.9 0 0 0 0 0 0 0 0 0
-12.8 23.0 2811.3 8 0.3044914305 0.4053613842 -0.8619554043 -0.1747547686 0.9133394957 0.3677930832 0.9363470078 0.0386409648 0.3489428759
-93.0 -157.9 2803.7 0.3044914305 0.4053613842 -0.8619554043 -0.1747547686 0.9133394957 0.3677930832 0.9363470078 0.0386409648 0.3489428759
-175.8 -338.5 2797.4 0.3054955900 0.4161806405 -0.8564263582 -0.1725276858 0.9087308645 0.3800557256 0.9364329576 0.0316519141 0.3494159579
-136.0 -133.6 2671.9 -0.6828569174 0.1635523140 -0.7120091915 0.6127097607 0.6589946151 -0.4362486005 0.3978607655 -0.7341503501 -0.5502091646
33.6 -285.8 2573.1 -0.9550448060 0.1635523140 0.2472651005 -0.0807550773 0.6589946151 -0.7477998734 -0.2852507830 -0.7341503501 -0.6161617637
-50.0 -182.2 2935.4 0.7418966889 0.2760748565 -0.6110417247 -0.6684544683 0.3759028018 -0.6417676806 0.0525163785 0.8845788836 0.4634245038
125.1 -340.0 2947.8 0.9595717788 0.2760748565 0.0548151396 -0.0553089678 0.3759028018 -0.9250070453 -0.2759763598 0.8845788836 0.3759751320
-286.0 -507.4 2703.3 0.8642541766 -0.4920712411 -0.1045494601 -0.0998858362 0.0358329490 -0.9943534732 0.4930390418 0.8698171973 -0.0181821678
-88.2 -521.8 2353.7 0.8642541766 0.1956868172 -0.4634343088 -0.0998858362 0.9696501493 0.2231621742 0.4930390418 -0.1465783268 0.8575705886
-230.4 -535.0 2877.0 0.1511481851 -0.9798567295 -0.1305184215 0.0908853114 0.1452512443 -0.9852116108 0.9843241572 0.1370507479 0.1110090464
123.0 -587.4 2827.6 0.1511481851 0.2447415292 -0.9577347040 0.0908853114 0.9613215327 0.2600014806 0.9843241572 -0.1263427734 0.1230586022
306.7 -262.7 2654.6 0 0 0 0 0 0 0 0 0
374.5 -354.4 2876.1 0 0 0 0 0 0 0 0 0
-163.0 -892.4 2409.7 0 0 0 0 0 0 0 0 0
29.4 -954.9 2875.8 0 0 0 0 0 0 0 0 0
-13.1 20.1 2804.5 9 0.3320505321 0.4179682434 -0.8456033468 -0.1704684645 0.9082968831 0.3820173442 0.9277299643 0.0172996353 0.3728508949
-95.9 -159.8 2801.1 0.3320505321 0.4179682434 -0.8456033468 -0.1704684645 0.9082968831 0.3820173442 0.9277299643 0.0172996353 0.3728508949
-180.6 -339.5 2798.4 0.3319517076 0.4264167845 -0.8414135575 -0.1706806570 0.9044212699 0.3910118639 0.9277263284 0.0138159730 0.3730052710
-142.6 -135.7 2670.6 -0.6844761968 0.1503985375 -0.7133530974 0.6027629972 0.6671514511 -0.4377050996 0.4100843370 -0.7295815349 -0.5473039150
27.2 -285.2 2568.9 -0.9588742256 0.1503985375 0.2407084107 -0.0812419951 0.6671514511 -0.7404786944 -0.2719558775 -0.7295815349 -0.6274955869
-49.2 -183.8 2931.6 0.7359812856 0.3067065477 -0.6035417318 -0.6761483550 0.3777566552 -0.6325529814 0.0339837745 0.8736309409 0.4854009748
124.6 -343.4 2939.6 0.9501262903 0.3067065477 0.0564904064 -0.0670363083 0.3777566552 -0.9234749675 -0.3045754433 0.8736309409 0.3794769943
-286.5 -503.4 2705.2 0.8634644747 -0.4924677908 -0.1091083214 -0.0992355123 0.0462287888 -0.9939895272 0.4945517778 0.8691020608 -0.0089533785
-86.8 -522.1 2352.8 0.8634644747 0.2021115571 -0.4621472359 -0.0992355123 0.9663748741 0.2372170091 0.4945517778 -0.1589670330 0.8544870019
-234.8 -535.0 2880.8 0.1818772107 -0.9736663699 -0.1374569833 0.0947499946 0.1564911157 -0.9831240773 0.9787456989 0.1657838225 0.1207170486
116.2 -591.4 2821.0 0.1818772107 0.2506508827 -0.9508389831 0.0947499946 0.9580001235 0.2706624866 0.9787456989 -0.1393193305 0.1504892260
301.3 -261.9 2646.7 0 0 0 0 0 0 0 0 0
371.4 -360.8 2860.5 0 0 0 0 0 0 0 0 0
-164.1 -891.5 2413.5 0 0 0 0 0 0 0 0 0
20.4 -957.6 2874.2 0 0 0 0 0 0 0 0 0
-12.4 22.5 2813.2 0 0.3016988039 0.4236723483 -0.8540957570 -0.1705622822 0.9053714871 0.3888585269 0.9380225539 0.0283583701 0.3454120159
-96.4 -156.9 2807.5 0.3016988039 0.4236723483 -0.8540957570 -0.1705622822 0.9053714871 0.3888585269 0.9380225539 0.0283583701 0.3454120159
-182.6 -335.9 2803.4 0.3031418622 0.4337998629 -0.8484825492 -0.1675226688 0.9007719755 0.4006819129 0.9381051064 0.0206765980 0.3457330167
-139.0 -133.3 2675.6 -0.6636807323 0.1518507898 -0.7324405909 0.6162582636 0.6659941077 -0.4203303158 0.4239736199 -0.7303377390 -0.5355867147
24.8 -285.5 2570.9 -0.9492555261 0.1518507898 0.2754184008 -0.1076304018 0.6659941077 -0.7381514311 -0.2955158949 -0.7303377390 -0.6158547997
-53.8 -180.4 2939.5 0.7286337018 0.2843216062 -0.6231004000 -0.6823021770 0.3805433214 -0.6242198944 0.0596374869 0.8799704313 0.4712699652
118.2 -341.5 2953.6 0.9580073953 0.2843216062 0.0371888056 -0.0771662071 0.3805433214 -0.9215379357 -0.2761650980 0.8799704313 0.3865033388
-295.7 -503.6 2710.6 0.8563621044 -0.5042096376 -0.1114297062 -0.1027697250 0.0450563431 -0.9936842322 0.5060457587 0.8624051213 -0.0132329408
-86.7 -522.3 2353.0 0.8563621044 0.2064401209 -0.4733143151 -0.1027697250 0.9664089680 0.2355675697 0.5060457587 -0.1530887485 0.8488118052
-241.0 -530.4 2885.3 0.1539603323 -0.9766901135 -0.1495750397 0.0992822647 0.1659055203 -0.9811311960 0.9830763936 0.1362051368 0.1225108728
111.1 -590.2 2836.2 0.1539603323 0.2631551623 -0.9523894191 0.0992822647 0.9548834562 0.2798939645 0.9830763936 -0.1376479417 0.1208875328
296.1 -254.7 2655.4 0 0 0 0 0 0 0 0 0
367.0 -361.5 2881.8 0 0 0 0 0 0 0 0 0
-165.6 -891.7 2411.5 0 0 0 0 0 0 0 0 0
10.5 -955.2 2888.8 0 0 0 0 0 0 0 0 0
-11.7 23.8 2806.5 1 0.2903779745 0.4398206174 -0.8498461246 -0.1475809664 0.8980711699 0.4143525958 0.9454631209 0.0051022540 0.3256892264
-98.6 -153.6 2805.5 0.2903779745 0.4398206174 -0.8498461246 -0.1475809664 0.8980711699 0.4143525958 0.9454631209 0.0051022540 0.3256892264
-188.1 -331.0 2804.8 0.2894978523 0.4505071640 -0.8445320129 -0.1493512541 0.8927674890 0.4250416458 0.9454550147 0.0030832589 0.3257380724
-139.3 -132.6 2672.5 -0.6574492455 0.1651972681 -0.7351669073 0.6238735914 0.6664737463 -0.4081597924 0.4225425720 -0.7269955873 -0.5412349105
23.7 -287.3 2567.7 -0.9367839098 0.1651972681 0.3084570765 -0.1245051175 0.6664737463 -0.7350586057 -0.3270082474 -0.7269955873 -0.6037740111
-57.8 -174.6 2938.4 0.7150955796 0.2814602554 -0.6398581862 -0.6938063502 0.3974399269 -0.6005616188 0.0852709487 0.8733965755 0.4794864357
110.9 -338.2 2958.6 0.9594475031 0.2814602554 0.0155117391 -0.1018476635 0.3974399269 -0.9119586349 -0.2628450990 0.8733965755 0.4099888206
-296.6 -499.6 2713.3 0.8591822982 -0.4997549057 -0.1097761691 -0.0955195129 0.0541144460 -0.9939555526 0.5026746392 0.8644747734 -0.0012421728
-87.3 -522.3 2351.3 0.8591822982 0.1966473907 -0.4723722935 -0.0955195129 0.9686117768 0.2294933647 0.5026746392 -0.1520558596 0.8509978056
-251.1 -522.1 2890.8 0.1446645409 -0.9748859406 -0.1693208218 0.1211975664 0.1872904003 -0.9747992158 0.9820302129 0.1204976141 0.1452480853
100.3 -589.6 2847.4 0.1446645409 0.2829002738 -0.9481769800 0.1211975664 0.9459755421 0.3007347286 0.9820302129 -0.1584223956 0.1025623009
291.3 -251.7 2661.1 0 0 0 0 0 0 0 0 0
360.1 -364.7 2890.3 0 0 0 0 0 0 0 0 0
-162.5 -892.6 2409.5 0 0 0 0 0 0 0 0 0
-7.8 -951.1 2907.9 0 0 0 0 0 0 0 0 0
-10.2 24.9 2812.6 2 0.2967646420 0.4360267818 -0.8495948315 -0.1697245687 0.8995925188 0.4024014175 0.9397469759 0.0247786138 0.3409716785
-96.6 -153.3 2807.7 0.2967646420 0.4360267818 -0.8495948315 -0.1697245687 0.8995925188 0.4024014175 0.9397469759 0.0247786138 0.3409716785
-185.5 -331.0 2804.3 0.2981978059 0.4472958148 -0.8432108164 -0.1668141484 0.8942282796 0.4153658152 0.9398143888 0.0167983249 0.3412721753
-138.6 -129.8 2675.5 -0.6455121636 0.1511510462 -0.7486436963 0.6354011893 0.6501596570 -0.4166026115 0.4237680137 -0.7446111441 -0.5157275200
22.3 -288.2 2569.9 -0.9434725046 0.1511510462 0.2949797213 -0.1298956424 0.6501596570 -0.7486117482 -0.3049373627 -0.7446111441 -0.5937739015
-54.6 -176.7 2939.9 0.7183685303 0.2875952721 -0.6334316134 -0.6925805211 0.3812844157 -0.6123352051 0.0654128939 0.8785847425 0.4730856121
114.9 -340.1 2955.4 0.9574897289 0.2875952721 0.0224125925 -0.0929944143 0.3812844157 -0.9197685719 -0.2730666697 0.8785847425 0.3918206692
-304.2 -494.7 2717.5 0.8509811759 -0.5114178061 -0.1195110753 -0.1009442657 0.0640422702 -0.9928287268 0.5154040456 0.8569424748 0.0028740678
-86.9 -521.9 2353.3 0.8509811759 0.2004954964 -0.4854200780 -0.1009442657 0.9694714546 0.2234621048 0.5154040456 -0.1411616653 0.8452408314
-247.1 -524.0 2887.2 0.1527870446 -0.9744760990 -0.1644763350 0.1024572775 0.1811527312 -0.9781033397 0.9829337001 0.1325897276 0.1275199652
104.3 -589.3 2839.4 0.1527870446 0.2781596780 -0.9483054876 0.1024572775 0.9499424100 0.2951473296 0.9829337001 -0.1422554851 0.1166394055
291.9 -251.1 2657.0 0 0 0 0 0 0 0 0 0
363.7 -364.3 2884.4 0 0 0 0 0 0 0 0 0
-163.5 -892.5 2407.3 0 0 0 0 0 0 0 0 0
-2.0 -952.3 2893.7 0 0 0 0 0 0 0 0 0
-12.5 23.6 2826.2 3 0.2740223706 0.4344227910 -0.8580143452 -0.1907946467 0.8989866972 0.3942338824 0.9426076412 0.0556756333 0.3292280138
-98.5 -154.4 2815.2 0.2740223706 0.4344227910 -0.8580143452 -0.1907946467 0.8989866972 0.3942338824 0.9426076412 0.0556756333 0.3292280138
-186.9 -332.1 2806.4 0.2770981193 0.4450339973 -0.8515641093 -0.1845225245 0.8944199085 0.4073873162 0.9429571033 0.0442464910 0.3299608827
-137.5 -128.4 2682.6 -0.6244284511 0.1407450885 -0.7682967782 0.6371593475 0.6607365012 -0.3968062997 0.4517931938 -0.7373046279 -0.5022597313
19.2 -288.4 2569.1 -0.9463635087 0.1407450885 0.2908382714 -0.1289840043 0.6607365012 -0.7394527793 -0.2962418199 -0.7373046279 -0.6071430445
-59.5 -180.3 2947.8 0.7180072069 0.2669308186 -0.6428169012 -0.6926754117 0.3646667004 -0.6222692132 0.0683110803 0.8920572400 0.4467297196
109.9 -343.8 2963.9 0.9635975361 0.2669308186 0.0150909061 -0.0864985883 0.3646667004 -0.9271117449 -0.2529778481 0.8920572400 0.3744810522
-301.8 -493.4 2714.8 0.8489501476 -0.5128657222 -0.1274847984 -0.1081208289 0.0675715879 -0.9918386936 0.5172944069 0.8558053970 0.0019134464
-86.2 -521.8 2355.0 0.8489501476 0.2049718052 -0.4871038496 -0.1081208289 0.9695889354 0.2195613831 0.5172944069 -0.1337305903 0.8452944160
-249.9 -526.8 2884.0 0.1302923709 -0.9775363803 -0.1656697839 0.0837213770 0.1773447394 -0.9805812240 0.9879345298 0.1138921455 0.1049473658
102.5 -590.7 2843.0 0.1302923709 0.2791745365 -0.9513598084 0.0837213770 0.9530143738 0.2911260128 0.9879345298 -0.1175806522 0.1007976159
289.7 -251.5 2653.8 0 0 0 0 0 0 0 0 0
360.3 -366.3 2898.2 0 0 0 0 0 0 0 0 0
-164.6 -892.5 2406.1 0 0 0 0 0 0 0 0 0
-4.1 -954.9 2887.9 0 0 0 0 0 0 0 0 0
-10.9 29.9 2813.5 4 0.3092684150 0.4281853735 -0.8491232991 -0.1805560738 0.9030950665 0.3896393180 0.9336768985 0.0328112356 0.3566102386
-96.1 -149.9 2807.0 0.3092684150 0.4281853735 -0.8491232991 -0.1805560738 0.9030950665 0.3896393180 0.9336768985 0.0328112356 0.3566102386
-183.5 -328.3 2802.4 0.3114033639 0.4398869276 -0.8423345089 -0.1761269867 0.8977677822 0.4037229717 0.9338132739 0.0226371456 0.3570438623
-139.9 -125.1 2675.7 -0.6243078113 0.1544899046 -0.7657497525 0.6517871022 0.6433430314 -0.4016008973 0.4305964708 -0.7498283982 -0.5023385882
15.5 -287.3 2568.5 -0.9464387298 0.1544899046 0.2835252285 -0.1214268208 0.6433430314 -0.7558870912 -0.2991808951 -0.7498283982 -0.5901255608
-52.3 -174.7 2938.3 0.7247158289 0.2956725955 -0.6223862767 -0.6874140501 0.3724062443 -0.6235187054 0.0474231392 0.8797109127 0.4731381834
118.7 -336.9 2949.4 0.9546563625 0.2956725955 0.0347706079 -0.0816691369 0.3724062443 -0.9244694710 -0.2862890661 0.8797109127 0.3796672821
-300.8 -492.9 2711.1 0.8434805274 -0.5200391412 -0.1345357448 -0.1153063774 0.0693290234 -0.9909076095 0.5246379972 0.8513241410 -0.0014861436
-83.2 -521.9 2354.9 0.8434805274 0.2168219686 -0.4914557934 -0.1153063774 0.9666723609 0.2285803109 0.5246379972 -0.1361350566 0.8403702974
-242.3 -522.9 2883.5 0.1644594669 -0.9741291404 -0.1550014615 0.0912602097 0.1714938730 -0.9809492230 0.9821530581 0.1471809298 0.1171030253
108.9 -584.7 2830.5 0.1644594669 0.2678467035 -0.9493214488 0.0912602097 0.9541662335 0.2850234509 0.9821530581 -0.1335100830 0.1324779242
286.1 -252.6 2654.0 0 0 0 0 0 0 0 0 0
366.7 -358.1 2875.1 0 0 0 0 0 0 0 0 0
-166.1 -891.5 2406.9 0 0 0 0 0 0 0 0 0
6.5 -949.3 2881.5 0 0 0 0 0 0 0 0 0
-13.2 24.5 2806.1 5 0.3246883154 0.4279815257 -0.8434508443 -0.1635129154 0.9037379622 0.3956275880 0.9315798879 0.0094594508 0.3634136617
-97.8 -154.1 2804.3 0.3246883154 0.4279815257 -0.8434508443 -0.1635129154 0.9037379622 0.3956275880 0.9315798879 0.0094594508 0.3634136617
-184.1 -333.1 2803.1 0.3250097334 0.4344042540 -0.8400366902 -0.1628403813 0.9006987810 0.4027713239 0.9315855503 0.0058872942 0.3634744287
-143.5 -131.2 2673.2 -0.6512961388 0.1544180661 -0.7429457307 0.6286864877 0.6580763459 -0.4143535793 0.4249313176 -0.7369468212 -0.5256831050
17.9 -287.0 2567.9 -0.9451699853 0.1544180661 0.2877652049 -0.1188546345 0.6580763459 -0.7435113788 -0.3041830361 -0.7369468212 -0.6036406755
-52.1 -177.0 2935.3 0.7297610044 0.3050731719 -0.6118654013 -0.6821587682 0.3849922419 -0.6216433048 0.0459167399 0.8710404038 0.4890606403
120.2 -338.0 2946.1 0.9512242675 0.3050731719 0.0458554104 -0.0791462511 0.3849922419 -0.9195199013 -0.2981748283 0.8710404038 0.3903593719
-299.4 -490.6 2712.3 0.8427616954 -0.5187432766 -0.1437293440 -0.1228268296 0.0746481195 -0.9896166921 0.5240861177 0.8516649008 -0.0008050100
-80.5 -522.1 2352.9 0.8427616954 0.2280285656 -0.4876019657 -0.1228268296 0.9634060860 0.2382483631 0.5240861177 -0.1408959925 0.8399298191
-240.6 -527.1 2887.3 0.1770719886 -0.9731479287 -0.1470667422 0.1042455882 0.1671322137 -0.9804078937 0.9786615372 0.1582717150 0.1310408115
110.3 -587.3 2830.2 0.1770719886 0.2600106001 -0.9492312670 0.1042455882 0.9540916681 0.2807881832 0.9786615372 -0.1486728936 0.1418379396
288.1 -253.0 2654.9 0 0 0 0 0 0 0 0 0
367.4 -358.6 2868.6 0 0 0 0 0 0 0 0 0
-167.6 -890.4 2406.8 0 0 0 0 0 0 0 0 0
10.9 -952.0 2887.1 0 0 0 0 0 0 0 0 0
-16.4 20.6 2803.5 6 0.3224475086 0.4239257574 -0.8463537097 -0.1531791240 0.9056943059 0.3952897191 0.9341112375 0.0021835400 0.3569754362
-100.2 -158.4 2803.0 0.3224475086 0.4239257574 -0.8463537097 -0.1531791240 0.9056943059 0.3952897191 0.9341112375 0.0021835400 0.3569754362
-186.1 -337.6 2803.5 0.3227549195 0.4324552715 -0.8419095874 -0.1525303274 0.9016527534 0.4046688378 0.9341112375 -0.0021921087 0.3569754064
-145.6 -136.9 2671.6 -0.6697878242 0.1477941722 -0.7276958227 0.6109014153 0.6667712927 -0.4268670976 0.4221182168 -0.7304607630 -0.5368829370
18.4 -286.5 2568.3 -0.9497895837 0.1477941722 0.2757836282 -0.1102606207 0.6667712927 -0.7370607853 -0.2928178906 -0.7304607630 -0.6169965863
-54.8 -179.8 2934.4 0.7311609387 0.3017587662 -0.6118376255 -0.6799827814 0.3946900070 -0.6179346442 0.0550190099 0.8678487539 0.4937726855
117.8 -340.3 2947.4 0.9522313476 0.3017587662 0.0468727686 -0.0800198764 0.3946900070 -0.9153232574 -0.2947070301 0.8678487539 0.3999828994
-300.2 -497.2 2716.5 0.8480901122 -0.5125116706 -0.1344431937 -0.1198876575 0.0615425669 -0.9908781052 0.5161105990 0.8564720154 -0.0092501836
-83.4 -523.2 2354.2 0.8480901122 0.2168012857 -0.4834670424 -0.1198876575 0.9673105478 0.2234663963 0.5161105990 -0.1315579116 0.8463582993
-242.5 -530.8 2889.6 0.1740975678 -0.9739660621 -0.1451900899 0.1147633269 0.1665051579 -0.9793393016 0.9780181050 0.1538380831 0.1407637298
108.8 -590.8 2834.1 0.1740975678 0.2585112154 -0.9501904845 0.1147633269 0.9530245662 0.2803096473 0.9780181050 -0.1578482538 0.1362516582
289.9 -254.9 2652.0 0 0 0 0 0 0 0 0 0
365.3 -361.1 2870.8 0 0 0 0 0 0 0 0 0
-166.3 -893.0 2404.5 0 0 0 0 0 0 0 0 0
10.0 -955.1 2894.4 0 0 0 0 0 0 0 0 0
-16.8 20.3 2800.1 7 0.3016030788 0.4302861392 -0.8508169055 -0.1369224042 0.9026687741 0.4079721868 0.9435506463 -0.0065497817 0.3311634958
-101.8 -157.9 2801.4 0.3016030788 0.4302861392 -0.8508169055 -0.1369224042 0.9026687741 0.4079721868 0.9435506463 -0.0065497817 0.3311634958
-188.9 -336.6 2803.6 0.3022279143 0.4381320179 -0.8465805650 -0.1356262416 0.8988416195 0.4167604446 0.9435379505 -0.0111381011 0.3310772181
-144.3 -138.9 2668.7 -0.6809631586 0.1527245790 -0.7162153125 0.6092192531 0.6608581543 -0.4383131564 0.4063755274 -0.7348072529 -0.5430628061
20.5 -286.3 2570.4 -0.9472442269 0.1527245790 0.2817863524 -0.1141157150 0.6608581543 -0.7417843938 -0.2995095253 -0.7348072529 -0.6085658073
-59.2 -177.0 2934.1 0.7255399823 0.2859394550 -0.6259635091 -0.6830390692 0.4101836383 -0.6043235660 0.0839600414 0.8660184741 0.4929124713
