161.0 32.8 2637.6 4 0.3907985985 0.1546010077 -0.9074001312 -0.1571833640 0.9825234413 0.0997047275 0.9069563746 0.1036637351 0.4082694948
130.5 -161.2 2617.1 0.3907985985 0.1546010077 -0.9074001312 -0.1571833640 0.9825234413 0.0997047275 0.9069563746 0.1036637351 0.4082694948
98.2 -351.8 2600.0 0.3923199177 0.1660983860 -0.9047079086 -0.1478633136 0.9821580648 0.1161978766 0.9078664780 0.0881863683 0.4098800421
76.9 -141.1 2493.2 -0.6457684040 0.2057130933 -0.7352994084 0.7227665782 0.4751614034 -0.5018267632 0.2461535633 -0.8555137515 -0.4555267692
227.2 -309.2 2436.0 -0.9360987544 0.2057130933 0.2853091061 -0.1593275070 0.4751614034 -0.8653533459 -0.3135823905 -0.8555137515 -0.4120222330
184.1 -181.3 2741.1 0.8910818696 0.3913908005 -0.2297528386 -0.4532470703 0.7415286303 -0.4946740270 -0.0232425462 0.5449298620 0.8381594419
400.5 -291.4 2735.4 0.6196783185 0.3913908005 0.6803029180 0.2253976166 0.7415286303 -0.6319265962 -0.7517943382 0.5449298620 0.3712906539
36.3 -533.0 2499.4 0.7779124379 -0.6279196739 0.0238558836 0.0386041999 0.0098639140 -0.9992058873 0.6271857619 0.7782156467 0.0319135971
252.6 -536.4 2231.3 0.7779124379 -0.0772126764 -0.6236107945 0.0386041999 0.9964197278 -0.0752160549 0.6271857619 0.0344375074 0.7781080008
109.5 -559.1 2660.5 0.3226098418 -0.8594824076 -0.3965007365 -0.1508373320 0.3668628633 -0.9179649949 0.9344362020 0.3559516668 -0.0112884678
443.0 -701.5 2522.4 0.3265345693 -0.5559912324 -0.7643617988 -0.1562359035 0.7658154368 -0.6237924695 0.9321832061 0.3231105506 0.1631994098
468.3 -268.2 2516.7 0 0 0 0 0 0 0 0 0
516.8 -249.1 2594.4 0 0 0 0 0 0 0 0 0
272.1 -787.4 2222.6 0 0 0 0 0 0 0 0 0
587.5 -900.5 2438.4 0 0 0 0 0 0 0 0 0
160.9 26.4 2636.8 5 0.3946256638 0.1594723314 -0.9048973322 -0.1574352682 0.9819951057 0.1044019535 0.9052539468 0.1012630612 0.4126270413
129.4 -167.1 2616.8 0.3946256638 0.1594723314 -0.9048973322 -0.1574352682 0.9819951057 0.1044019535 0.9052539468 0.1012630612 0.4126270413
97.0 -357.7 2600.0 0.3963175118 0.1672539413 -0.9027505517 -0.1472648829 0.9821161032 0.1173072010 0.9062259793 0.0864525586 0.4138604403
75.3 -147.0 2493.1 -0.6761067510 0.2006295919 -0.7089622021 0.6950914264 0.4928382635 -0.5234102607 0.2443921119 -0.8466747999 -0.4726672173
231.2 -307.2 2436.7 -0.9386574030 0.2006295919 0.2804817259 -0.1507315785 0.4928382635 -0.8569658399 -0.3101648390 -0.8466747999 -0.4323650897
183.6 -187.1 2740.6 0.8906355500 0.3944141567 -0.2262868881 -0.4539268613 0.7418383956 -0.4935850799 -0.0268086530 0.5423220992 0.8397428393
400.0 -297.5 2734.1 0.6164223552 0.3944141567 0.6815136671 0.2241018116 0.7418383956 -0.6320238709 -0.7548521757 0.5423220992 0.3688968420
30.8 -529.2 2501.6 0.7724123597 -0.6349648237 0.0141003439 0.0364883095 0.0222005136 -0.9990874529 0.6340723634 0.7722219825 0.0403167419
255.5 -537.0 2228.3 0.7724123597 -0.0637490153 -0.6319139004 0.0364883095 0.9977607131 -0.0560554862 0.6340723634 0.0202404801 0.7730087638
101.1 -555.6 2664.1 0.3396922052 -0.8628351688 -0.3743323386 -0.1269121766 0.3523087800 -0.9272388220 0.9319348335 0.3624831140 0.0101722572
435.9 -692.3 2523.4 0.3396922052 -0.5575540662 -0.7574580312 -0.1269121766 0.7708089948 -0.6242970228 0.9319348335 0.3081994653 0.1910774112
473.0 -268.4 2516.6 0 0 0 0 0 0 0 0 0
515.8 -255.4 2592.4 0 0 0 0 0 0 0 0 0
271.6 -788.2 2223.2 0 0 0 0 0 0 0 0 0
587.2 -901.5 2439.8 0 0 0 0 0 0 0 0 0
160.0 24.3 2636.4 6 0.3916477561 0.1550082117 -0.9069644213 -0.1457350552 0.9837151766 0.1051938906 0.9085006118 0.0909775645 0.4078599811
129.3 -170.0 2618.4 0.3916477561 0.1550082117 -0.9069644213 -0.1457350552 0.9837151766 0.1051938906 0.9085006118 0.0909775645 0.4078599811
97.7 -360.9 2602.9 0.3927147686 0.1630891114 -0.9050840139 -0.1391368508 0.9833582640 0.1168222278 0.9090743065 0.0800527260 0.4088710248
75.7 -151.0 2494.2 -0.6657969952 0.1971627921 -0.7196118832 0.6995317936 0.5004502535 -0.5101027489 0.2595566511 -0.8430162668 -0.4711199105
227.1 -310.1 2435.2 -0.9326443672 0.1971627921 0.3021611571 -0.1692831814 0.5004502535 -0.8490540385 -0.3186184764 -0.8430162668 -0.4333657324
183.0 -189.0 2742.6 0.8925022483 0.3890485466 -0.2282125652 -0.4506242573 0.7473198175 -0.4883143306 -0.0194301996 0.5386597514 0.8422993422
400.0 -298.6 2737.9 0.6190226674 0.3890485466 0.6822405457 0.2209633440 0.7473198175 -0.6266484857 -0.7536485791 0.5386597514 0.3766424060
29.0 -535.1 2502.1 0.7688640952 -0.6391019225 0.0199175086 0.0298459511 0.0047552213 -0.9995431900 0.6387152672 0.7691073418 0.0227307230
257.4 -536.8 2227.2 0.7688640952 -0.0507559292 -0.6373945475 0.0298459511 0.9986067414 -0.0435173698 0.6387152672 0.0144352987 0.7693077326
100.0 -561.5 2664.4 0.3548806608 -0.8684608936 -0.3461725116 -0.1032285988 0.3316097856 -0.9377520084 0.9291951060 0.3685249388 0.0280318949
437.0 -690.2 2521.4 0.3548806608 -0.5500390530 -0.7559872866 -0.1032285988 0.7806212902 -0.6164205074 0.9291951060 0.2967952192 0.2202476263
466.2 -266.7 2516.9 0 0 0 0 0 0 0 0 0
516.2 -257.1 2596.3 0 0 0 0 0 0 0 0 0
270.1 -786.9 2223.5 0 0 0 0 0 0 0 0 0
587.2 -903.3 2440.3 0 0 0 0 0 0 0 0 0
160.7 24.6 2637.7 7 0.3979867399 0.1592462212 -0.9034640193 -0.1510012001 0.9827576876 0.1067048311 0.9048785567 0.0939570367 0.4151709080
129.2 -169.5 2619.1 0.3979867399 0.1592462212 -0.9034640193 -0.1510012001 0.9827576876 0.1067048311 0.9048785567 0.0939570367 0.4151709080
97.8 -360.3 2602.5 0.3990616798 0.1621016711 -0.9024814963 -0.1444252878 0.9830750823 0.1127153561 0.9054783583 0.0853607729 0.4157191813
74.7 -149.8 2495.4 -0.6817239523 0.2026922256 -0.7029711008 0.6884879470 0.5027405024 -0.5227200985 0.2474607080 -0.8403379321 -0.4822813869
231.9 -308.5 2438.4 -0.9269194603 0.2026922256 0.3158102632 -0.1782562882 0.5027405024 -0.8458585739 -0.3302195668 -0.8403379321 -0.4298687875
183.7 -189.2 2742.8 0.8930555582 0.3915069103 -0.2217523754 -0.4490506649 0.7444347739 -0.4941360354 -0.0283774938 0.5408689976 0.8406280279
400.9 -298.4 2735.9 0.6135747433 0.3915069103 0.6857466102 0.2268416286 0.7444347739 -0.6279807091 -0.7563523650 0.5408689976 0.3679562807
30.8 -539.3 2505.9 0.7770607471 -0.6286417842 0.0314021148 0.0351854749 -0.0064277761 -0.9993601441 0.6284413338 0.7776684761 0.0171242878
252.7 -537.0 2231.5 0.7770607471 -0.0745254979 -0.6249980330 0.0351854749 0.9965562224 -0.0750843883 0.6284413338 0.0363542773 0.7770069838
101.2 -564.2 2668.7 0.3626514673 -0.8656677604 -0.3451134264 -0.1026124060 0.3309796453 -0.9380422235 0.9262583852 0.3755953014 0.0312020071
437.2 -692.7 2522.9 0.3626514673 -0.5543551445 -0.7491156459 -0.1026124060 0.7751964927 -0.6233305931 0.9262583852 0.3029203117 0.2242424339
468.7 -263.0 2522.7 0 0 0 0 0 0 0 0 0
516.1 -255.8 2593.9 0 0 0 0 0 0 0 0 0
271.4 -787.1 2222.3 0 0 0 0 0 0 0 0 0
587.2 -902.4 2441.0 0 0 0 0 0 0 0 0 0
160.4 24.5 2629.8 8 0.3320344985 0.1746776253 -0.9269524217 -0.1221819520 0.9823895693 0.1413587630 0.9353206158 0.0663208663 0.3475296795
125.8 -169.9 2616.7 0.3320344985 0.1746776253 -0.9269524217 -0.1221819520 0.9823895693 0.1413587630 0.9353206158 0.0663208663 0.3475296795
92.2 -360.7 2605.6 0.3337140083 0.1721832752 -0.9268159866 -0.1126635373 0.9834151864 0.1421320289 0.9359176755 0.0569869205 0.3475781977
80.3 -154.7 2489.2 -0.6859874725 0.2008887380 -0.6993317008 0.6925029159 0.4752160609 -0.5427793264 0.2232954204 -0.8566290736 -0.4651083052
232.8 -308.6 2439.6 -0.9272853732 0.2008887380 0.3158884346 -0.1897323132 0.4752160609 -0.8591690063 -0.3227126300 -0.8566290736 -0.4025458097
171.3 -185.2 2744.2 0.8854089379 0.3654031456 -0.2872830629 -0.4619654715 0.7600893378 -0.4570033848 0.0513703153 0.5373497605 0.8417935371
385.9 -297.1 2756.6 0.6678791642 0.3654031456 0.6483964324 0.1880244613 0.7600893378 -0.6220217347 -0.7201278806 0.5373497605 0.4389431179
30.5 -538.2 2504.9 0.7776455283 -0.6277722716 0.0341960192 0.0401442833 -0.0046992404 -0.9991828203 0.6274200082 0.7783828378 0.0215471238
254.3 -536.5 2227.4 0.7776455283 -0.0688676015 -0.6249197125 0.0401442833 0.9973932505 -0.0599597916 0.6274200082 0.0215405095 0.7783830166
102.0 -564.1 2667.1 0.3796041608 -0.8622853756 -0.3352083564 -0.0738555565 0.3329276443 -0.9400556087 0.9221963286 0.3816060126 0.0626961440
436.8 -693.3 2518.9 0.3796041608 -0.5593127012 -0.7369328141 -0.0738555565 0.7756927013 -0.6267744303 0.9221963286 0.2923527658 0.2531478107
469.4 -260.2 2521.9 0 0 0 0 0 0 0 0 0
511.0 -261.9 2621.8 0 0 0 0 0 0 0 0 0
271.6 -786.5 2222.0 0 0 0 0 0 0 0 0 0
587.5 -902.4 2440.2 0 0 0 0 0 0 0 0 0
161.7 27.9 2632.4 9 0.3657030463 0.1693735421 -0.9151906371 -0.1382445544 0.9822800159 0.1265482605 0.9204073548 0.0802410468 0.3826377392
128.2 -166.3 2616.5 0.3657030463 0.1693735421 -0.9151906371 -0.1382445544 0.9822800159 0.1265482605 0.9204073548 0.0802410468 0.3826377392
94.9 -357.0 2603.2 0.3674993813 0.1708992720 -0.9141868949 -0.1278700680 0.9829211235 0.1323453039 0.9211913347 0.0682603270 0.3830758035
78.1 -148.9 2491.0 -0.6727053523 0.1946290731 -0.7138536572 0.7079764605 0.4496927261 -0.5445601344 0.2150275707 -0.8717201352 -0.4403035045
233.7 -312.7 2441.2 -0.9245863557 0.1946290731 0.3275051117 -0.2126242667 0.4496927261 -0.8675063848 -0.3161186278 -0.8717201352 -0.3743968904
178.3 -183.6 2742.1 0.8881425261 0.3821748793 -0.2552355826 -0.4594301879 0.7519593835 -0.4727377594 0.0112582939 0.5371214151 0.8434298038
393.8 -295.1 2744.8 0.6407943368 0.3821748793 0.6658265591 0.2031498253 0.7519593835 -0.6271261573 -0.7403463721 0.5371214151 0.4042125642
28.7 -541.5 2510.8 0.7804548144 -0.6240072250 0.0387974158 0.0406040885 -0.0113352370 -0.9991109967 0.6238923073 0.7813363671 0.0164906047
250.9 -537.4 2232.6 0.7804548144 -0.0847961828 -0.6194351315 0.0406040885 0.9955427051 -0.0851236284 0.6238923073 0.0412835479 0.7804191709
88.4 -561.5 2678.0 0.4158807695 -0.8654457331 -0.2793687582 -0.0257980302 0.2958439887 -0.9548878670 0.9090531468 0.4043266773 0.1007090360
424.1 -676.2 2521.2 0.4158807695 -0.5669499040 -0.7110632658 -0.0257980302 0.7742177844 -0.6323932409 0.9090531468 0.2813442349 0.3073561192
467.9 -258.8 2521.3 0 0 0 0 0 0 0 0 0
513.9 -257.0 2606.1 0 0 0 0 0 0 0 0 0
272.1 -786.1 2222.3 0 0 0 0 0 0 0 0 0
589.6 -902.2 2439.1 0 0 0 0 0 0 0 0 0
160.1 25.1 2634.7 0 0.3483098149 0.1575090438 -0.9240515232 -0.1462044269 0.9828457832 0.1124208570 0.9259074330 0.0959431380 0.3653633595
129.0 -169.1 2615.7 0.3483098149 0.1575090438 -0.9240515232 -0.1462044269 0.9828457832 0.1124208570 0.9259074330 0.0959431380 0.3653633595
97.0 -359.9 2599.5 0.3498023450 0.1645418704 -0.9222604036 -0.1370945573 0.9828474522 0.1233529672 0.9267380238 0.0832877308 0.3663601279
81.2 -150.4 2489.3 -0.6677267551 0.1995271444 -0.7171679735 0.7122198939 0.4514640272 -0.5375155807 0.2165265828 -0.8696948886 -0.4435618222
233.6 -313.0 2439.9 -0.9362699986 0.1995271444 0.2891147733 -0.1740314513 0.4514640272 -0.8751533031 -0.3051417470 -0.8696948886 -0.3879682422
176.7 -187.8 2742.2 0.8899800777 0.3678291142 -0.2695129216 -0.4553905427 0.7474712729 -0.4836384654 0.0235568602 0.5531622171 0.8327404261
392.9 -298.4 2747.9 0.6542431712 0.3678291142 0.6608082652 0.2147046179 0.7474712729 -0.6286402941 -0.7251673937 0.5531622171 0.4100533724
28.7 -536.3 2507.6 0.7767834663 -0.6288062930 0.0347860642 0.0413056687 -0.0042469390 -0.9991375208 0.6284117103 0.7775503993 0.0226743128
249.5 -534.8 2234.5 0.7767834663 -0.0912827700 -0.6231170893 0.0413056687 0.9946936965 -0.0942244008 0.6284117103 0.0474536903 0.7764321566
94.5 -559.1 2672.3 0.3555558026 -0.8709157705 -0.3392430246 -0.1169164851 0.3186661899 -0.9406287074 0.9273136258 0.3741090894 0.0114792008
432.2 -682.7 2527.2 0.3555558026 -0.5533031821 -0.7532832623 -0.1169164851 0.7732878327 -0.6231825352 0.9273136258 0.3096473813 0.2102567106
469.9 -269.0 2516.9 0 0 0 0 0 0 0 0 0
515.6 -258.2 2611.9 0 0 0 0 0 0 0 0 0
272.9 -789.0 2222.4 0 0 0 0 0 0 0 0 0
589.3 -902.2 2439.3 0 0 0 0 0 0 0 0 0
171.2 31.2 2636.8 1 0.3939245641 0.1853056103 -0.9002695680 -0.1783874929 0.9762560129 0.1228904277 0.9016658664 0.1121872813 0.4176274240
134.5 -162.3 2614.6 0.3939245641 0.1853056103 -0.9002695680 -0.1783874929 0.9762560129 0.1228904277 0.9016658664 0.1121872813 0.4176274240
100.1 -352.2 2594.8 0.3961950243 0.1768263727 -0.9009783268 -0.1661292911 0.9788895845 0.1190637946 0.9030119181 0.1025063992 0.4172072411
80.5 -139.6 2491.5 -0.6661356688 0.1672340184 -0.7268397808 0.7180172801 0.4074474275 -0.5643029213 0.2017783374 -0.8977858424 -0.3914921582
239.3 -310.8 2443.4 -0.9577096701 0.1672340184 0.2341472805 -0.1491273344 0.4074474275 -0.9009703994 -0.2460756004 -0.8977858424 -0.3652771711
188.5 -184.9 2737.7 0.8862112761 0.4020457566 -0.2301930040 -0.4618965089 0.7283849120 -0.5060701370 -0.0357942507 0.5548104048 0.8312064409
403.5 -297.0 2729.0 0.6175904870 0.4020457566 0.6759742498 0.2316188961 0.7283849120 -0.6448318362 -0.7516213655 0.5548104048 0.3567222059
33.7 -538.3 2500.5 0.7757856846 -0.6299566627 0.0362108611 0.0377741195 -0.0109185902 -0.9992266297 0.6298648715 0.7765535116 0.0153255723
252.8 -534.5 2230.3 0.7757856846 -0.0756397843 -0.6264465451 0.0377741195 0.9965757728 -0.0735516250 0.6298648715 0.0333968326 0.7759864330
96.3 -562.9 2666.3 0.3113275766 -0.8762562275 -0.3677636683 -0.1762098521 0.3270553946 -0.9284313917 0.9338229299 0.3538498878 -0.0525836200
436.2 -689.7 2529.0 0.3113275766 -0.5493811369 -0.7754066586 -0.1762098521 0.7684344053 -0.6151899099 0.9338229299 0.3281598985 0.1424284577
481.0 -273.1 2505.5 0 0 0 0 0 0 0 0 0
519.3 -253.5 2588.1 0 0 0 0 0 0 0 0 0
272.1 -788.6 2221.8 0 0 0 0 0 0 0 0 0
588.3 -902.5 2438.2 0 0 0 0 0 0 0 0 0
170.6 36.3 2627.4 2 0.4016110599 0.1898696572 -0.8959118724 -0.1377015859 0.9796701074 0.1458928734 0.9053987265 0.0647762939 0.4195916951
133.0 -157.8 2614.6 0.4016110599 0.1898696572 -0.8959118724 -0.1377015859 0.9796701074 0.1458928734 0.9053987265 0.0647762939 0.4195916951
97.1 -348.0 2603.4 0.4031947255 0.1850522459 -0.8962085247 -0.1294195801 0.9810280800 0.1443415731 0.9059164524 0.0577891693 0.4194947481
78.0 -140.2 2491.1 -0.6866079569 0.1625994295 -0.7086120248 0.6956093311 0.4303537905 -0.5752592683 0.2114170343 -0.8878947496 -0.4085900187
241.9 -306.3 2440.6 -0.9643116593 0.1625994295 0.2089604735 -0.1212629527 0.4303537905 -0.8944780231 -0.2353685498 -0.8878947496 -0.3952778876
188.0 -175.5 2738.1 0.8825034499 0.4123728871 -0.2261331975 -0.4697411358 0.7493099570 -0.4667738378 -0.0230410229 0.5181536078 0.8549771905
402.4 -289.6 2732.5 0.6126300097 0.4123728871 0.6742648482 0.1928710788 0.7493099570 -0.6335102916 -0.7664758563 0.5181536078 0.3795149624
30.2 -527.3 2494.2 0.7660335302 -0.6426566839 0.0136004807 0.0405819267 0.0272352081 -0.9988049865 0.6415182948 0.7656700611 0.0469433293
250.9 -536.6 2231.4 0.7660335302 -0.0829595700 -0.6374247670 0.0405819267 0.9959002137 -0.0808445811 0.6415182948 0.0360617377 0.7662596703
101.1 -557.0 2655.6 0.3105951250 -0.8692133427 -0.3847061992 -0.1516539454 0.3542247117 -0.9227816463 0.9383665323 0.3449536860 -0.0217991602
438.2 -694.4 2521.8 0.3105951250 -0.5546534657 -0.7719392180 -0.1516539454 0.7727862597 -0.6162811518 0.9383665323 0.3084815443 0.1559082717
488.3 -275.3 2500.7 0 0 0 0 0 0 0 0 0
517.2 -253.4 2588.8 0 0 0 0 0 0 0 0 0
272.0 -789.9 2222.2 0 0 0 0 0 0 0 0 0
588.2 -903.4 2438.4 0 0 0 0 0 0 0 0 0
164.3 31.6 2622.7 3 0.4078121185 0.1625654101 -0.8984774947 -0.1210103482 0.9849652052 0.1232883334 0.9050114751 0.0584465936 0.4213528633
132.2 -163.0 2611.1 0.4078121185 0.1625654101 -0.8984774947 -0.1210103482 0.9849652052 0.1232883334 0.9050114751 0.0584465936 0.4213528633
99.7 -354.0 2601.2 0.4085294306 0.1673286706 -0.8972763419 -0.1167279705 0.9845582843 0.1304592639 0.9052504301 0.0514407940 0.4217529595
76.5 -147.1 2487.6 -0.6785092354 0.1642854363 -0.7159856558 0.6994169950 0.4424688518 -0.5612817407 0.2245909423 -0.8816074133 -0.4151232541
233.5 -308.9 2435.6 -0.9618116617 0.1642854363 0.2189259678 -0.1265058815 0.4424688518 -0.8878161907 -0.2427231967 -0.8816074133 -0.4047886431
188.0 -178.9 2734.7 0.8907791376 0.4006222486 -0.2145095021 -0.4538271427 0.7598043084 -0.4655516148 -0.0235250797 0.5120539069 0.8586311340
404.5 -289.2 2729.0 0.6061991453 0.4006222486 0.6870403290 0.1992586106 0.7598043084 -0.6188645959 -0.7699471116 0.5120539069 0.3807653189
25.0 -526.6 2511.2 0.7766976357 -0.6296992302 0.0148202814 0.0433222055 0.0299325977 -0.9986126423 0.6283820271 0.7762621641 0.0505285375
255.2 -537.6 2227.4 0.7766976357 -0.0669389367 -0.6263065934 0.0433222055 0.9976594448 -0.0529038124 0.6283820271 0.0139572853 0.7777796984
97.2 -549.8 2673.2 0.3856527209 -0.8586306572 -0.3376764655 -0.0734150112 0.3362699151 -0.9388997555 0.9197185636 0.3868797719 0.0666470453
430.1 -680.1 2523.2 0.3856527209 -0.5529646873 -0.7385810614 -0.0734150112 0.7795755267 -0.6219905019 0.9197185636 0.2940952778 0.2600495219
481.3 -276.3 2498.2 0 0 0 0 0 0 0 0 0
518.2 -251.8 2584.5 0 0 0 0 0 0 0 0 0
272.4 -793.5 2223.9 0 0 0 0 0 0 0 0 0
587.7 -902.4 2439.4 0 0 0 0 0 0 0 0 0
160.3 28.7 2631.3 4 0.4331566095 0.1375647187 -0.8907588124 -0.1454067528 0.9860039949 0.0815658122 0.8895123601 0.0941915810 0.4470969737
133.2 -166.1 2612.7 0.4331566095 0.1375647187 -0.8907588124 -0.1454067528 0.9860039949 0.0815658122 0.8895123601 0.0941915810 0.4470969737
105.3 -357.3 2596.3 0.4340543747 0.1430169642 -0.8894621730 -0.1390966177 0.9861183167 0.0906796828 0.8900836706 0.0843612701 0.4479221404
73.9 -147.2 2491.3 -0.6622265577 0.1858611852 -0.7258867621 0.7046810985 0.4837940633 -0.5190066099 0.2547165155 -0.8552186489 -0.4513541460
227.4 -310.6 2432.2 -0.9435906410 0.1858611852 0.2740298510 -0.1548586488 0.4837940633 -0.8613722324 -0.2926696837 -0.8552186489 -0.4277213216
192.5 -185.0 2734.2 0.9015244246 0.3931981623 -0.1806900650 -0.4282882512 0.7511024475 -0.5024085045 -0.0618293323 0.5303209424 0.8455393910
411.4 -289.0 2719.1 0.5813084841 0.3931981623 0.7123732567 0.2438000441 0.7511024475 -0.6135198474 -0.7763001919 0.5303209424 0.3407605290
30.7 -534.5 2510.2 0.7847609520 -0.6190007925 0.0314369090 0.0470746271 0.0089523848 -0.9988512397 0.6180083156 0.7853393555 0.0361647122
250.4 -537.7 2231.5 0.7847609520 -0.0834308043 -0.6141576171 0.0470746271 0.9960597754 -0.0751594380 0.6180083156 0.0300709512 0.7855962515
103.8 -555.4 2672.2 0.3697433174 -0.8604511023 -0.3505905867 -0.1024393439 0.3372784257 -0.9358148575 0.9234695435 0.3819255829 0.0365623981
437.6 -686.2 2524.1 0.3697433174 -0.5450496078 -0.7524697781 -0.1024393439 0.7810105681 -0.6160589457 0.9234695435 0.3048661947 0.2329389304
469.8 -270.8 2507.4 0 0 0 0 0 0 0 0 0
520.4 -243.3 2573.6 0 0 0 0 0 0 0 0 0
271.5 -789.2 2223.9 0 0 0 0 0 0 0 0 0
587.2 -900.5 2440.4 0 0 0 0 0 0 0 0 0
162.2 33.8 2633.6 5 0.4298093021 0.1542826742 -0.8896408677 -0.1451431364 0.9842857718 0.1005735844 0.8911775351 0.0858977959 0.4454482198
131.8 -160.2 2616.7 0.4298093021 0.1542826742 -0.8896408677 -0.1451431364 0.9842857718 0.1005735844 0.8911775351 0.0858977959 0.4454482198
102.0 -351.3 2601.8 0.4311767519 0.1534260660 -0.8891271353 -0.1363907456 0.9851955771 0.1038615853 0.8918991685 0.0764860138 0.4457193315
72.9 -141.6 2494.9 -0.6684494019 0.1999153942 -0.7163861990 0.7022107244 0.4870555401 -0.5193043351 0.2451029569 -0.8501827717 -0.4659547508
231.6 -308.3 2436.8 -0.9328657985 0.1999153942 0.2996585965 -0.1707559824 0.4870555401 -0.8565157652 -0.3171810806 -0.8501827717 -0.4202207029
190.7 -178.8 2738.5 0.8968741894 0.4006406963 -0.1873598695 -0.4386035204 0.7511128187 -0.4934131205 -0.0569529794 0.5247061849 0.8493761420
408.7 -285.4 2724.7 0.5849667788 0.4006406963 0.7051956654 0.2310799211 0.7511128187 -0.6184105277 -0.7774419188 0.5247061849 0.3467960060
38.6 -536.0 2500.2 0.7838568091 -0.6199277043 0.0354697593 0.0444654487 -0.0009357794 -0.9990105033 0.6193474531 0.7846583724 0.0268318467
252.0 -535.7 2230.1 0.7838568091 -0.0794358924 -0.6158396006 0.0444654487 0.9964181185 -0.0719291493 0.6193474531 0.0289985687 0.7845813036
116.4 -560.8 2659.5 0.3766382337 -0.8524482846 -0.3625956476 -0.0754267126 0.3618999422 -0.9291605353 0.9232845902 0.3773067594 0.0720079765
447.1 -701.2 2513.1 0.3766382337 -0.5480373502 -0.7468592525 -0.0754267126 0.7854101062 -0.6143628955 0.9232845902 0.2877256870 0.2544788122
471.0 -264.5 2518.2 0 0 0 0 0 0 0 0 0
518.4 -242.0 2578.8 0 0 0 0 0 0 0 0 0
272.1 -788.5 2222.8 0 0 0 0 0 0 0 0 0
585.8 -900.1 2440.3 0 0 0 0 0 0 0 0 0
158.4 30.6 2635.8 6 0.4501281083 0.1230921224 -0.8844393492 -0.1513899565 0.9866352081 0.0602665879 0.8800373673 0.1067675501 0.4627471566
134.1 -164.6 2614.7 0.4501281083 0.1230921224 -0.8844393492 -0.1513899565 0.9866352081 0.0602665879 0.8800373673 0.1067675501 0.4627471566
109.7 -356.1 2595.9 0.4511435032 0.1253730208 -0.8836012483 -0.1433227956 0.9874105453 0.0669255480 0.8808678389 0.0964471698 0.4634326398
72.4 -145.1 2494.4 -0.6949025393 0.2123568505 -0.6870335340 0.6782220006 0.5110913515 -0.5280156136 0.2390091717 -0.8328806162 -0.4991837740
236.4 -305.1 2438.0 -0.9240469933 0.2123568505 0.3178706765 -0.1722245961 0.5110913515 -0.8420951962 -0.3412856460 -0.8328806162 -0.4356993735
195.7 -184.1 2735.0 0.9083773494 0.3875168860 -0.1571025252 -0.4099112153 0.7510200739 -0.5176308155 -0.0826035291 0.5346022248 0.8410571814
416.4 -283.7 2714.9 0.5635089278 0.3875168860 0.7295809388 0.2659775913 0.7510200739 -0.6043382883 -0.7821212411 0.5346022248 0.3201356828
33.5 -530.2 2507.1 0.7841495872 -0.6200348735 0.0258113109 0.0441143028 0.0142066786 -0.9989254475 0.6190019250 0.7844456434 0.0384925641
255.9 -535.3 2225.8 0.7841495872 -0.0640131086 -0.6172614694 0.0441143028 0.9978992343 -0.0474457219 0.6190019250 0.0099744815 0.7853261232
110.8 -554.6 2666.8 0.3720294535 -0.8483923078 -0.3765960336 -0.0750995725 0.3768768609 -0.9232138991 0.9251778722 0.3717449605 0.0764953867
440.0 -700.8 2522.6 0.3874017298 -0.5615596771 -0.7311434150 -0.0958613381 0.7642375827 -0.6377707124 0.9169135690 0.3171618581 0.2422350943
475.0 -260.6 2526.2 0 0 0 0 0 0 0 0 0
522.1 -233.8 2568.2 0 0 0 0 0 0 0 0 0
272.2 -790.0 2223.3 0 0 0 0 0 0 0 0 0
585.9 -899.3 2440.2 0 0 0 0 0 0 0 0 0
156.8 29.1 2635.9 7 0.4456466436 0.1357427984 -0.8848575950 -0.1529895812 0.9854441285 0.0741222575 0.8820392489 0.1023416594 0.4599270821
130.1 -164.6 2615.8 0.4456466436 0.1357427984 -0.8848575950 -0.1529895812 0.9854441285 0.0741222575 0.8820392489 0.1023416594 0.4599270821
103.6 -356.0 2597.6 0.4467236698 0.1362529695 -0.8842358589 -0.1451819986 0.9862756133 0.0786291957 0.8828137517 0.0932496041 0.4603741765
69.1 -144.8 2495.2 -0.6966233850 0.2104957551 -0.6858625412 0.6721794009 0.5256620049 -0.5213964581 0.2507801354 -0.8242396116 -0.5076794028
234.9 -304.8 2435.5 -0.9225886464 0.2104957551 0.3232981563 -0.1720126718 0.5256620049 -0.8331212997 -0.3453140557 -0.8242396116 -0.4487619102
191.2 -184.4 2736.4 0.9038586617 0.3944768608 -0.1656126678 -0.4205980897 0.7484235168 -0.5127958059 -0.0783376619 0.5331512690 0.8423852921
410.8 -286.6 2717.3 0.5689454675 0.3944768608 0.7215878367 0.2566858232 0.7484235168 -0.6115346551 -0.7812895775 0.5331512690 0.3245555460
44.9 -534.8 2498.2 0.7889362574 -0.6138721108 0.0272145588 0.0373339765 0.0036794727 -0.9992960691 0.6133398414 0.7893969417 0.0258211549
253.8 -536.0 2229.5 0.7889362574 -0.0676257461 -0.6107424498 0.0373339765 0.9973646402 -0.0622085556 0.6133398414 0.0262771416 0.7893818617
125.7 -560.3 2656.0 0.3681360185 -0.8407425880 -0.3970236778 -0.0758521110 0.3984312713 -0.9140563607 0.9266726971 0.3666121364 0.0829047933
452.0 -714.9 2513.7 0.3805324733 -0.5591495633 -0.7365777493 -0.0928053185 0.7693892121 -0.6320026517 0.9200990200 0.3088558614 0.2408855408
474.8 -260.0 2525.3 0 0 0 0 0 0 0 0 0
517.6 -238.4 2570.7 0 0 0 0 0 0 0 0 0
270.8 -786.8 2222.9 0 0 0 0 0 0 0 0 0
587.8 -901.9 2438.7 0 0 0 0 0 0 0 0 0
156.8 30.2 2636.4 8 0.4262698889 0.1354299337 -0.8944007754 -0.1579991132 0.9846777320 0.0737975389 0.8906908631 0.1098568514 0.4411362708
130.1 -163.5 2614.8 0.4262698889 0.1354299337 -0.8944007754 -0.1579991132 0.9846777320 0.0737975389 0.8906908631 0.1098568514 0.4411362708
104.0 -354.8 2595.3 0.4274938703 0.1346439123 -0.8939351439 -0.1490689665 0.9858090281 0.0771947727 0.8916431069 0.1002576947 0.4414985180
71.7 -143.1 2493.0 -0.6743665338 0.2060671896 -0.7090600133 0.6956415772 0.4993173778 -0.5164929032 0.2476137280 -0.8415571451 -0.4800718427
230.2 -306.6 2434.9 -0.9385073185 0.2060671896 0.2770203352 -0.1426188052 0.4993173778 -0.8546004891 -0.3144261837 -0.8415571451 -0.4392239749
188.5 -183.8 2736.6 0.9050739408 0.3833418190 -0.1840929389 -0.4209129512 0.7458432913 -0.5162849426 -0.0606091209 0.5447631478 0.8363968134
408.5 -286.2 2721.9 0.5858138204 0.3833418190 0.7140526175 0.2596542239 0.7458432913 -0.6134309173 -0.7677251101 0.5447631478 0.3373889923
37.2 -534.3 2500.4 0.7801869512 -0.6248245835 0.0300423726 0.0395604782 0.0013535658 -0.9992162585 0.6242942214 0.7807639837 0.0257743951
255.3 -534.8 2227.8 0.7801869512 -0.0645857900 -0.6222033501 0.0395604782 0.9977589250 -0.0539638326 0.6242942214 0.0174872167 0.7809935212
117.2 -560.3 2658.6 0.3646909595 -0.8454201818 -0.3902117610 -0.0875958949 0.3860651553 -0.9183031321 0.9269991517 0.3690778017 0.0667391345
445.3 -710.1 2515.3 0.3693911433 -0.5683261156 -0.7352248430 -0.0939031392 0.7643037438 -0.6379827261 0.9245173931 0.3047050834 0.2289594263
474.6 -269.4 2516.8 0 0 0 0 0 0 0 0 0
518.5 -237.4 2577.7 0 0 0 0 0 0 0 0 0
271.7 -786.8 2223.4 0 0 0 0 0 0 0 0 0
588.2 -902.2 2438.7 0 0 0 0 0 0 0 0 0
157.7 34.3 2637.7 9 0.4240532517 0.1466605365 -0.8936831355 -0.1588140130 0.9835513830 0.0860512778 0.8916035891 0.1054390818 0.4403699040
128.8 -159.5 2616.9 0.4240532517 0.1466605365 -0.8936831355 -0.1588140130 0.9835513830 0.0860512778 0.8916035891 0.1054390818 0.4403699040
101.9 -350.8 2598.5 0.4259514213 0.1385952979 -0.8940675259 -0.1457095146 0.9858060479 0.0833973959 0.8929356933 0.0947509035 0.4401001334
70.7 -139.6 2495.0 -0.6815869808 0.1790102124 -0.7095029950 0.6900587082 0.4798099697 -0.5418499708 0.2434299290 -0.8589165807 -0.4505597949
235.0 -305.9 2436.3 -0.9549672604 0.1790102124 0.2366281450 -0.1252339333 0.4798099697 -0.8683886528 -0.2689869702 -0.8589165807 -0.4357846379
187.0 -179.4 2738.9 0.9034078717 0.3858339489 -0.1870464087 -0.4249413013 0.7473801970 -0.5107325315 -0.0572631583 0.5408835411 0.8391459584
406.7 -282.7 2725.0 0.5876865983 0.3858339489 0.7111656666 0.2528276742 0.7473801970 -0.6144111156 -0.7685717940 0.5408835411 0.3416758478
39.6 -532.8 2496.0 0.7778100371 -0.6280858517 0.0227965582 0.0347328186 0.0067399219 -0.9993739128 0.6275389791 0.7781148553 0.0270575713
256.4 -535.1 2227.4 0.7778100371 -0.0577806830 -0.6258377433 0.0347328186 0.9981951118 -0.0489917025 0.6275389791 0.0163691286 0.7784130573
116.2 -559.5 2655.7 0.3606821299 -0.8487378955 -0.3867200315 -0.0825479180 0.3839531243 -0.9196552634 0.9290286303 0.3636261523 0.0684234872
445.6 -708.5 2514.6 0.3641769588 -0.5645104051 -0.7407450080 -0.0873143077 0.7711647153 -0.6306197047 0.9272277951 0.2943347991 0.2315505892
484.3 -273.3 2506.5 0 0 0 0 0 0 0 0 0
517.0 -235.2 2580.7 0 0 0 0 0 0 0 0 0
270.9 -786.6 2223.3 0 0 0 0 0 0 0 0 0
589.0 -904.3 2439.8 0 0 0 0 0 0 0 0 0
157.7 36.7 2636.8 0 0.4248914123 0.1531117707 -0.8922018409 -0.1584675312 0.9829538465 0.0932191759 0.8912661672 0.1017769873 0.4419118762
127.5 -157.4 2616.7 0.4248914123 0.1531117707 -0.8922018409 -0.1584675312 0.9829538465 0.0932191759 0.8912661672 0.1017769873 0.4419118762
99.4 -348.6 2598.7 0.4266986251 0.1445307732 -0.8927704692 -0.1465176940 0.9851546288 0.0894589052 0.8924465775 0.0926346779 0.4415404499
69.2 -137.4 2494.8 -0.6413805485 0.2020657957 -0.7401353717 0.7200803757 0.4914890826 -0.4898190796 0.2647927701 -0.8471174240 -0.4607351720
221.6 -308.5 2431.9 -0.9464224577 0.2020657957 0.2519006729 -0.1244798601 0.4914890826 -0.8619415760 -0.2979753315 -0.8471174240 -0.4400031865
185.8 -177.4 2738.7 0.9008036852 0.3911774158 -0.1885017157 -0.4303230941 0.7461269498 -0.5080517530 -0.0580921583 0.5387715697 0.8404466510
404.8 -282.1 2724.5 0.5877676606 0.3911774158 0.7081732750 0.2479314357 0.7461269498 -0.6179195642 -0.7701033354 0.5387715697 0.3415641189
36.9 -529.1 2500.1 0.7808828354 -0.6243736744 0.0194812026 0.0435977876 0.0233632661 -0.9987759590 0.6231542230 0.7807763219 0.0454652868
252.5 -537.1 2230.5 0.7808828354 -0.0767602473 -0.6199434400 0.0435977876 0.9966984987 -0.0684934407 0.6231542230 0.0264571924 0.7816513181
113.2 -555.2 2660.1 0.3690254986 -0.8465706110 -0.3835861683 -0.0861623958 0.3797774315 -0.9210565090 0.9254167676 0.3729440570 0.0672050118
441.8 -702.6 2515.3 0.3693165183 -0.5650789738 -0.7377608418 -0.0865586549 0.7695171833 -0.6327328682 0.9252637029 0.2975382805 0.2352829576
466.8 -276.2 2509.1 0 0 0 0 0 0 0 0 0
515.2 -235.5 2579.9 0 0 0 0 0 0 0 0 0
271.7 -786.6 2223.9 0 0 0 0 0 0 0 0 0
588.5 -902.3 2438.1 0 0 0 0 0 0 0 0 0
156.3 30.1 2636.9 1 0.4407195747 0.1424982697 -0.8862620592 -0.1659243554 0.9832379222 0.0755798966 0.8821764588 0.1137429178 0.4569761455
128.3 -163.1 2614.5 0.4407195747 0.1424982697 -0.8862620592 -0.1659243554 0.9832379222 0.0755798966 0.8821764588 0.1137429178 0.4569761455
101.6 -354.2 2593.7 0.4418325126 0.1376324743 -0.8864769340 -0.1581061929 0.9846400023 0.0740707219 0.8830552101 0.1074306369 0.4568065107
68.0 -141.6 2493.9 -0.6247925162 0.2100930065 -0.7519941330 0.7281129360 0.5045432448 -0.4639909863 0.2819323242 -0.8374347687 -0.4682063162
212.6 -310.1 2428.7 -0.9412462711 0.2100930065 0.2644169629 -0.1272767782 0.5045432448 -0.8539535999 -0.3128194809 -0.8374347687 -0.4481595159
188.7 -184.7 2735.2 0.9034305811 0.3931484818 -0.1710187644 -0.4213052094 0.7401524186 -0.5240957141 -0.0794674829 0.5455352068 0.8343118429
408.3 -287.1 2715.8 0.5735837817 0.3931484818 0.7186347842 0.2662933469 0.7401524186 -0.6174643636 -0.7746544480 0.5455352068 0.3198466003
33.1 -526.7 2500.8 0.7757250071 -0.6309301257 0.0133372145 0.0410658382 0.0293782074 -0.9987244606 0.6297335029 0.7752832174 0.0486990847
255.3 -537.1 2227.8 0.7757250071 -0.0675880834 -0.6274412870 0.0410658382 0.9975472093 -0.0566849969 0.6297335029 0.0182055701 0.7765978575
109.6 -553.0 2660.7 0.3569930494 -0.8536764979 -0.3791996837 -0.0869866386 0.3738031685 -0.9234200120 0.9300479889 0.3626398444 0.0591866858
441.0 -698.1 2519.9 0.3694309592 -0.5578274727 -0.7432020903 -0.1040540710 0.7699176669 -0.6296026707 0.9234140515 0.3099279106 0.2263872027
453.4 -277.5 2508.7 0 0 0 0 0 0 0 0 0
516.0 -237.1 2570.4 0 0 0 0 0 0 0 0 0
272.2 -786.5 2223.3 0 0 0 0 0 0 0 0 0
588.8 -902.1 2437.8 0 0 0 0 0 0 0 0 0
158.5 28.6 2638.9 2 0.4307796955 0.1683503985 -0.8866154552 -0.1833664626 0.9782806039 0.0966635197 0.8836320639 0.1209348738 0.4522932172
125.3 -164.7 2615.0 0.4307796955 0.1683503985 -0.8866154552 -0.1833664626 0.9782806039 0.0966635197 0.8836320639 0.1209348738 0.4522932172
93.8 -354.8 2592.7 0.4321862757 0.1620747000 -0.8871002197 -0.1750299186 0.9800856709 0.0937904790 0.8846352696 0.1147341207 0.4519474804
66.3 -140.8 2494.2 -0.6106807590 0.2086742967 -0.7638874650 0.7412363887 0.4900644720 -0.4586997330 0.2786352634 -0.8463402987 -0.4539499283
208.1 -313.0 2429.5 -0.9400781989 0.2086742967 0.2696441412 -0.1380877048 0.4900644720 -0.8606791496 -0.3117446303 -0.8463402987 -0.4318835735
184.3 -188.6 2735.9 0.8928095102 0.4087049961 -0.1893448085 -0.4438106716 0.7263599038 -0.5248175263 -0.0769630522 0.5525953174 0.8298886418
401.3 -296.4 2717.2 0.5848848820 0.4087049961 0.7006210685 0.2563470900 0.7263599038 -0.6377205253 -0.7695426345 0.5525953174 0.3200666010
35.3 -531.2 2493.7 0.7690228224 -0.6390616894 0.0142850429 0.0322516896 0.0164719839 -0.9993440509 0.6384071708 0.7689790726 0.0332781486
258.0 -536.9 2225.7 0.7690228224 -0.0506193303 -0.6372139454 0.0322516896 0.9986625910 -0.0404092632 0.6384071708 0.0105244191 0.7696268559
114.4 -559.5 2651.9 0.3439989388 -0.8571661115 -0.3833158314 -0.0998619348 0.3725169599 -0.9226368070 0.9336446524 0.3556647599 0.0425471812
447.2 -704.1 2513.8 0.3454881907 -0.5521500111 -0.7587939501 -0.1019689217 0.7817082405 -0.6152516603 0.9328666925 0.2899355888 0.2137688100
445.4 -278.1 2508.2 0 0 0 0 0 0 0 0 0
511.1 -248.3 2572.7 0 0 0 0 0 0 0 0 0
270.6 -786.9 2223.1 0 0 0 0 0 0 0 0 0
587.8 -903.1 2440.0 0 0 0 0 0 0 0 0 0
159.0 28.3 2637.5 3 0.4268545508 0.1710984558 -0.8879867792 -0.1748267114 0.9790271521 0.1046011820 0.8872602582 0.1105943173 0.4478147924
125.3 -164.6 2615.7 0.4268545508 0.1710984558 -0.8879867792 -0.1748267114 0.9790271521 0.1046011820 0.8872602582 0.1105943173 0.4478147924
93.6 -354.9 2595.2 0.4282887280 0.1631005257 -0.8888008595 -0.1664155275 0.9809895754 0.0998266563 0.8881861567 0.1051556394 0.4472892284
66.8 -141.8 2494.3 -0.6020952463 0.2117752433 -0.7698262930 0.7444154620 0.4974902868 -0.4453639388 0.2886640728 -0.8412221074 -0.4571852982
205.4 -313.2 2427.9 -0.9379156232 0.2117752433 0.2747099400 -0.1384879202 0.4974902868 -0.8563436866 -0.3180179298 -0.8412221074 -0.4372755885
183.8 -187.3 2737.0 0.8924503922 0.4074873328 -0.1936140656 -0.4459014833 0.7314713597 -0.5158696771 -0.0685872212 0.5467208624 0.8345010877
400.7 -295.7 2720.3 0.5884696841 0.4074873328 0.6983247995 0.2474792600 0.7314713597 -0.6353768110 -0.7697125673 0.5467208624 0.3296040595
23.7 -529.4 2491.2 0.7510010004 -0.6602510810 0.0081229275 0.0308209620 0.0227634776 -0.9992656708 0.6595813632 0.7506998777 0.0374449678
260.8 -537.5 2221.6 0.7510010004 -0.0376503840 -0.6592267752 0.0308209620 0.9992836714 -0.0219603349 0.6595813632 -0.0038257688 0.7516234517
101.1 -560.7 2649.7 0.3241819739 -0.8718855977 -0.3670443892 -0.0838583410 0.3599848449 -0.9291817546 0.9422705770 0.3320036829 0.0435857140
439.4 -700.4 2520.9 0.3517267406 -0.5635000467 -0.7474998832 -0.1208157465 0.7645188570 -0.6331780553 0.9282736182 0.3130154014 0.2008220404
441.1 -278.4 2507.8 0 0 0 0 0 0 0 0 0
511.3 -249.2 2575.8 0 0 0 0 0 0 0 0 0
270.1 -784.0 2222.6 0 0 0 0 0 0 0 0 0
587.3 -901.1 2438.7 0 0 0 0 0 0 0 0 0
156.1 31.0 2637.7 4 0.3849800527 0.1723686010 -0.9066859484 -0.1573026627 0.9802851677 0.1195695102 0.9094208479 0.0965922400 0.4045042694
122.3 -161.3 2618.8 0.3849800527 0.1723686010 -0.9066859484 -0.1573026627 0.9802851677 0.1195695102 0.9094208479 0.0965922400 0.4045042694
88.4 -351.6 2601.4 0.3860681951 0.1739337295 -0.9059240818 -0.1511407197 0.9807187319 0.1238839403 0.9100043178 0.0890943632 0.4049127996
69.6 -140.7 2494.6 -0.6243157387 0.2110838741 -0.7521126866 0.7315929532 0.4955317080 -0.4682094157 0.2738642395 -0.8425508142 -0.4637957215
214.9 -311.0 2430.8 -0.9416266680 0.2110838741 0.2622648478 -0.1281901896 0.4955317080 -0.8590783477 -0.3112981319 -0.8425508142 -0.4395469725
175.0 -181.9 2742.9 0.8873782754 0.3945322335 -0.2385458797 -0.4606778920 0.7382040024 -0.4927785993 -0.0183215123 0.5471738577 0.8368184566
390.4 -293.7 2738.5 0.6257609129 0.3945322335 0.6728801131 0.2202093154 0.7382040024 -0.6376227140 -0.7482854724 0.5471738577 0.3750595152
23.6 -530.4 2495.3 0.7574186325 -0.6528493762 0.0102301929 0.0321024358 0.0215860624 -0.9992514849 0.6521399021 0.7571800947 0.0373077393
257.2 -538.1 2224.3 0.7574186325 -0.0486304350 -0.6511160135 0.0321024358 0.9987900853 -0.0372539051 0.6521399021 0.0073143938 0.7580633759
100.3 -560.2 2654.4 0.3361706734 -0.8692317605 -0.3625265062 -0.0889266655 0.3539131284 -0.9310411215 0.9375933409 0.3452270031 0.0416773409
437.6 -697.6 2520.4 0.3563364148 -0.5625956655 -0.7459962964 -0.1161352471 0.7655459046 -0.6328127980 0.9271121621 0.3121307194 0.2074547112
452.1 -278.7 2509.3 0 0 0 0 0 0 0 0 0
507.8 -252.4 2598.1 0 0 0 0 0 0 0 0 0
269.0 -781.2 2222.5 0 0 0 0 0 0 0 0 0
588.2 -902.4 2436.9 0 0 0 0 0 0 0 0 0
154.9 32.4 2636.8 5 0.3745723665 0.1696341038 -0.9115480185 -0.1462763250 0.9816214442 0.1225666702 0.9155865908 0.0874278173 0.3925017118
121.6 -160.4 2619.7 0.3745723665 0.1696341038 -0.9115480185 -0.1462763250 0.9816214442 0.1225666702 0.9155865908 0.0874278173 0.3925017118
88.9 -351.1 2604.7 0.3763050437 0.1677566171 -0.9111818075 -0.1361879408 0.9828036427 0.1246991530 0.9164318442 0.0771670565 0.3926803768
70.2 -141.8 2494.6 -0.6993758082 0.2303987294 -0.6766017079 0.6759065986 0.5210193992 -0.5212379694 0.2324300557 -0.8218607903 -0.5201163888
237.2 -303.3 2439.0 -0.9424511790 0.2303987294 0.2422854602 -0.0908116028 0.5210193992 -0.8487001657 -0.3217748702 -0.8218607903 -0.4701124728
172.9 -179.0 2744.8 0.8899517059 0.3842989206 -0.2455612123 -0.4560520053 0.7480430603 -0.4821287990 -0.0015912099 0.5410600305 0.8409824967
389.2 -289.8 2744.4 0.6332004666 0.3842989206 0.6718419194 0.2129253298 0.7480430603 -0.6285653710 -0.7441236377 0.5410600305 0.3918342292
20.0 -528.4 2502.6 0.7602150440 -0.6495637894 0.0118320975 0.0338753425 0.0214451011 -0.9991959333 0.6487877369 0.7600046396 0.0383070819
254.3 -536.2 2228.6 0.7602150440 -0.0625419319 -0.6466541886 0.0338753425 0.9978175163 -0.0566808246 0.6487877369 0.0211839825 0.7606744766
89.2 -555.4 2665.5 0.3689031601 -0.8695469499 -0.3283269107 -0.0759245679 0.3238697648 -0.9430502653 0.9263616800 0.3728223145 0.0534566119
426.4 -681.0 2520.9 0.3689031601 -0.5641770959 -0.7386573553 -0.0759245679 0.7737629414 -0.6289088726 0.9263616800 0.2880887091 0.2426086962
477.4 -280.1 2521.1 0 0 0 0 0 0 0 0 0
508.0 -249.8 2604.7 0 0 0 0 0 0 0 0 0
269.7 -781.7 2223.4 0 0 0 0 0 0 0 0 0
588.4 -903.1 2438.2 0 0 0 0 0 0 0 0 0
156.0 36.8 2637.9 6 0.3665886819 0.1720607132 -0.9143346548 -0.1415353715 0.9816259742 0.1279772222 0.9195544720 0.0824956968 0.3842056394
122.2 -156.1 2621.7 0.3665886819 0.1720607132 -0.9143346548 -0.1415353715 0.9816259742 0.1279772222 0.9195544720 0.0824956968 0.3842056394
89.2 -346.9 2608.5 0.3691082597 0.1696220189 -0.9137764573 -0.1270467341 0.9831831455 0.1311869174 0.9206618071 0.0676701367 0.3844509423
71.8 -138.7 2496.0 -0.7335582972 0.2420734167 -0.6350532770 0.6466228366 0.5362442732 -0.5425136089 0.2092155665 -0.8086053133 -0.5498966575
252.4 -298.0 2444.4 -0.9430928230 0.2420734167 0.2279832214 -0.0657797679 0.5362442732 -0.8414957523 -0.3259584606 -0.8086053133 -0.4898046255
172.6 -173.4 2747.4 0.8887977600 0.3821278512 -0.2530154288 -0.4581885338 0.7530469894 -0.4722113013 0.0100874286 0.5356290936 0.8443930745
388.6 -284.8 2749.9 0.6392490864 0.3821278512 0.6673371792 0.2031606138 0.7530469894 -0.6258162856 -0.7416780591 0.5356290936 0.4037512839
22.6 -529.7 2507.6 0.7684969306 -0.6396362782 0.0166721810 0.0352048650 0.0162517186 -0.9992479682 0.6388843060 0.7685059309 0.0350077040
253.7 -535.5 2230.0 0.7684969306 -0.0674282834 -0.6362907887 0.0352048650 0.9973813891 -0.0631737709 0.6388843060 0.0261483174 0.7688583136
90.0 -554.0 2671.7 0.3618759513 -0.8714180589 -0.3311742246 -0.1008588225 0.3165675998 -0.9431927204 0.9267541766 0.3747206032 0.0266679991
428.2 -676.9 2526.3 0.3618759513 -0.5488955379 -0.7534981370 -0.1008588225 0.7804810405 -0.6169901490 0.9267541766 0.2992708385 0.2270763665
496.2 -281.0 2528.7 0 0 0 0 0 0 0 0 0
508.6 -246.6 2610.6 0 0 0 0 0 0 0 0 0
270.6 -785.0 2223.5 0 0 0 0 0 0 0 0 0
587.4 -903.3 2439.5 0 0 0 0 0 0 0 0 0
157.7 36.3 2647.9 7 0.3950968087 0.1556811035 -0.9053518176 -0.1786857545 0.9797358513 0.0904932022 0.9010937214 0.1260198951 0.4149085283
127.2 -155.5 2623.3 0.3950968087 0.1556811035 -0.9053518176 -0.1786857545 0.9797358513 0.0904932022 0.9010937214 0.1260198951 0.4149085283
96.8 -345.8 2602.0 0.3974355161 0.1559344530 -0.9042839408 -0.1639652550 0.9816642404 0.0972146615 0.9028623104 0.1096345857 0.4157160819
72.9 -133.2 2500.1 -0.7405582070 0.2482063621 -0.6244734526 0.6391705871 0.5470475554 -0.5405551791 0.2074474394 -0.7994576693 -0.5637667775
260.6 -295.2 2447.5 -0.9431806207 0.2482063621 0.2209162116 -0.0517346486 0.5470475554 -0.8355013728 -0.3282284141 -0.7994576693 -0.5031237602
181.5 -177.8 2746.4 0.8961474895 0.3847944736 -0.2210268080 -0.4422597587 0.7335845828 -0.5160038471 -0.0364135690 0.5601668358 0.8275790811
399.1 -285.2 2737.6 0.6146773100 0.3847944736 0.6885527968 0.2490732372 0.7335845828 -0.6323102117 -0.7484211922 0.5601668358 0.3550758064
