160.4 26.5 2636.2 4 0.4217115045 0.1468773782 -0.8947549462 -0.1507845521 0.9844128489 0.0905280337 0.8941048384 0.0967385098 0.4372850657
131.4 -167.7 2617.1 0.4217115045 0.1468773782 -0.8947549462 -0.1507845521 0.9844128489 0.0905280337 0.8941048384 0.0967385098 0.4372850657
104.0 -359.0 2599.1 0.4225599766 0.1415441930 -0.8952140808 -0.1449892223 0.9855661988 0.0873919651 0.8946626186 0.0928680524 0.4369832277
73.7 -148.0 2494.9 -0.6536816359 0.1966918856 -0.7307617068 0.7082624435 0.4991618395 -0.4992011189 0.2665795386 -0.8438896537 -0.4656023979
223.2 -309.9 2434.0 -0.9434754252 0.1966918856 0.2667703629 -0.1378254592 0.4991618395 -0.8554773927 -0.3014270663 -0.8438896537 -0.4438377917
189.2 -187.5 2739.3 0.9021428227 0.3866340518 -0.1914482713 -0.4281175435 0.7472928762 -0.5082014799 -0.0534200706 0.5404326916 0.8396897316
408.4 -291.6 2726.3 0.5910461545 0.3866340518 0.7079396844 0.2490534037 0.7472928762 -0.6160566211 -0.7672267556 0.5404326916 0.3453920484
39.0 -539.0 2505.3 0.7902095318 -0.6116974354 0.0373518281 0.0428146310 -0.0056963498 -0.9990667701 0.6113393307 0.7910712957 0.0216882899
250.9 -537.0 2231.3 0.7902095318 -0.0820885748 -0.6073140502 0.0428146310 0.9959617257 -0.0789123029 0.6113393307 0.0363553241 0.7905330658
115.3 -563.3 2665.5 0.3765366971 -0.8485320210 -0.3717707694 -0.0735149160 0.3726720810 -0.9250465035 0.9234802127 0.3756446540 0.0779449493
444.6 -707.9 2519.7 0.3886368573 -0.5635851622 -0.7289260030 -0.0898224041 0.7641726732 -0.6387269497 0.9170023799 0.3137067258 0.2463630885
462.0 -275.0 2510.3 0 0 0 0 0 0 0 0 0
519.4 -244.8 2582.3 0 0 0 0 0 0 0 0 0
271.4 -786.5 2222.2 0 0 0 0 0 0 0 0 0
587.8 -902.1 2439.9 0 0 0 0 0 0 0 0 0
160.5 26.8 2629.1 5 0.4225380123 0.1473614872 -0.8942853212 -0.1381285042 0.9856379628 0.0971508026 0.8957578540 0.0824763849 0.4368243217
131.4 -168.4 2612.8 0.4225380123 0.1473614872 -0.8942853212 -0.1381285042 0.9856379628 0.0971508026 0.8957578540 0.0824763849 0.4368243217
104.3 -360.0 2597.2 0.4233347774 0.1393972188 -0.8951849341 -0.1326473951 0.9869804978 0.0909622982 0.8962099552 0.0802364424 0.4363138676
73.5 -150.3 2490.3 -0.5930016637 0.1997115761 -0.7800412178 0.7507697940 0.4872719347 -0.4459941983 0.2910220027 -0.8501066566 -0.4388904572
202.3 -313.3 2427.2 -0.9355062246 0.1997115761 0.2914504409 -0.1632369012 0.4872719347 -0.8578576446 -0.3133397102 -0.8501066566 -0.4232456386
189.2 -186.5 2735.2 0.9030997157 0.3851819038 -0.1898574084 -0.4266917408 0.7550199032 -0.4978745580 -0.0484261364 0.5306409597 0.8462122083
408.8 -290.3 2723.4 0.5901247263 0.3851819038 0.7094982266 0.2405593246 0.7550199032 -0.6099804044 -0.7706387043 0.5306409597 0.3528968394
38.6 -537.4 2500.9 0.7840005159 -0.6193142533 0.0423449613 0.0449646786 -0.0113788107 -0.9989237785 0.6191295385 0.7850607634 0.0189262722
253.1 -533.4 2229.0 0.7840005159 -0.0742593333 -0.6163024902 0.0449646786 0.9970044494 -0.0629310384 0.6191295385 0.0216261223 0.7849910259
114.3 -563.3 2661.1 0.3720757663 -0.8521733284 -0.3679133952 -0.0586712435 0.3739869893 -0.9255762696 0.9263462424 0.3659704328 0.0891534314
445.1 -708.4 2519.1 0.3945342302 -0.5643715262 -0.7251396179 -0.0886555016 0.7620937228 -0.6413683891 0.9145944118 0.3173294067 0.2506374121
434.8 -272.8 2505.0 0 0 0 0 0 0 0 0 0
519.6 -245.1 2578.7 0 0 0 0 0 0 0 0 0
272.2 -789.9 2223.5 0 0 0 0 0 0 0 0 0
588.9 -902.7 2438.2 0 0 0 0 0 0 0 0 0
160.1 27.0 2633.5 6 0.4398889244 0.1502554417 -0.8853931427 -0.1449099928 0.9848601222 0.0951399878 0.8862836957 0.0864512920 0.4550025761
130.4 -167.6 2616.4 0.4398889244 0.1502554417 -0.8853931427 -0.1449099928 0.9848601222 0.0951399878 0.8862836957 0.0864512920 0.4550025761
101.9 -358.9 2600.7 0.4407751858 0.1471763998 -0.8854695559 -0.1390382499 0.9857549667 0.0946336985 0.8867838383 0.0814019516 0.4549594522
70.2 -148.6 2495.3 -0.5553123355 0.2141746283 -0.8035903573 0.7592574954 0.5248444080 -0.3847939670 0.3393468261 -0.8238127828 -0.4540662766
189.3 -311.4 2422.6 -0.9232925773 0.2141746283 0.3188418150 -0.1665184945 0.5248444080 -0.8347514272 -0.3461249173 -0.8238127828 -0.4489209354
190.6 -186.6 2737.6 0.8992184401 0.4006853998 -0.1756629199 -0.4320783913 0.7503309846 -0.5003116131 -0.0686622187 0.5257895589 0.8478389382
409.2 -291.6 2720.9 0.5756578445 0.4006853998 0.7127897739 0.2402853221 0.7503309846 -0.6158460975 -0.7815887928 0.5257895589 0.3356550932
39.3 -539.7 2501.3 0.7861399055 -0.6167839766 0.0395172574 0.0433941446 -0.0086978087 -0.9990201592 0.6165233254 0.7870844007 0.0199271198
250.6 -536.7 2231.7 0.7861399055 -0.0825168565 -0.6125153303 0.0433941446 0.9959707856 -0.0784804970 0.6165233254 0.0351170711 0.7865530849
115.2 -563.4 2661.8 0.3706292212 -0.8546392322 -0.3636286557 -0.0560695939 0.3702092767 -0.9272547364 0.9270869493 0.3640561998 0.0892910957
446.9 -707.1 2520.5 0.3966805637 -0.5551670194 -0.7310500145 -0.0916420445 0.7684592605 -0.6333025098 0.9133708477 0.3182137311 0.2539561987
421.1 -269.6 2509.5 0 0 0 0 0 0 0 0 0
517.3 -246.5 2574.1 0 0 0 0 0 0 0 0 0
271.1 -784.2 2223.0 0 0 0 0 0 0 0 0 0
588.2 -902.7 2439.5 0 0 0 0 0 0 0 0 0
160.6 25.8 2626.7 7 0.4561721087 0.1571118981 -0.8759126067 -0.1303856522 0.9854691029 0.1088586003 0.8802877665 0.0645481721 0.4700286686
129.7 -168.0 2614.1 0.4561721087 0.1571118981 -0.8759126067 -0.1303856522 0.9854691029 0.1088586003 0.8802877665 0.0645481721 0.4700286686
100.2 -359.5 2601.8 0.4566910863 0.1523584723 -0.8764816523 -0.1270789504 0.9862945676 0.1052326784 0.8805022240 0.0633235499 0.4697935283
67.3 -150.7 2493.8 -0.5696341991 0.1972771287 -0.7978712916 0.7540085912 0.5117683411 -0.4117817879 0.3270901442 -0.8361667991 -0.4402693808
189.2 -312.0 2423.8 -0.9366437197 0.1972771287 0.2894482315 -0.1534346789 0.5117683411 -0.8453111649 -0.3148910105 -0.8361667991 -0.4490754306
192.1 -185.4 2734.3 0.8961278796 0.4132573605 -0.1617813259 -0.4367876351 0.7567567825 -0.4863494039 -0.0785583556 0.5064953566 0.8586565256
410.0 -291.6 2715.2 0.5619035959 0.4132573605 0.7165771127 0.2257739156 0.7567567825 -0.6134698987 -0.7957955003 0.5064953566 0.3319216073
33.8 -537.8 2505.4 0.7813947797 -0.6229879856 0.0361696556 0.0406057946 -0.0070784092 -0.9991501570 0.6227145195 0.7821993828 0.0197658893
251.0 -535.4 2232.8 0.7813947797 -0.0798316449 -0.6189096570 0.0406057946 0.9961861372 -0.0772294030 0.6227145195 0.0352153331 0.7816562653
112.8 -562.7 2664.3 0.3850487173 -0.8531461358 -0.3519647717 -0.0420890749 0.3647398651 -0.9301577210 0.9219359756 0.3729699254 0.1045344919
443.9 -704.3 2519.5 0.4083602726 -0.5608713627 -0.7201841474 -0.0735280141 0.7661907077 -0.6383928061 0.9098546505 0.3136479557 0.2716420889
423.8 -273.5 2502.7 0 0 0 0 0 0 0 0 0
515.5 -249.2 2565.8 0 0 0 0 0 0 0 0 0
271.1 -787.0 2223.9 0 0 0 0 0 0 0 0 0
588.1 -901.2 2438.9 0 0 0 0 0 0 0 0 0
161.3 28.6 2621.9 8 0.4478035867 0.1495214403 -0.8815414310 -0.1262563616 0.9866141677 0.1032077670 0.8851730227 0.0650834069 0.4606873989
131.8 -166.4 2609.0 0.4478035867 0.1495214403 -0.8815414310 -0.1262563616 0.9866141677 0.1032077670 0.8851730227 0.0650834069 0.4606873989
104.1 -358.1 2597.2 0.4488103390 0.1424325258 -0.8822030425 -0.1194475666 0.9879190922 0.0987329483 0.8856080174 0.0610646419 0.4604015052
70.5 -150.0 2488.0 -0.5763059855 0.2100533545 -0.7897778153 0.7629287839 0.4846892655 -0.4278036356 0.2929352522 -0.8490900397 -0.4395850897
193.9 -313.4 2425.3 -0.9366750717 0.2100533545 0.2802095413 -0.1491401047 0.4846892655 -0.8618779182 -0.3168549240 -0.8490900397 -0.4226689935
193.1 -182.7 2730.0 0.9009761810 0.4008777440 -0.1659485698 -0.4285489619 0.7625496984 -0.4846274555 -0.0677323267 0.5077549219 0.8588348627
412.1 -286.9 2713.5 0.5678694844 0.4008777440 0.7189028859 0.2280895710 0.7625496984 -0.6053867936 -0.7908852100 0.5077549219 0.3415926397
29.7 -539.5 2510.6 0.7802215219 -0.6243875027 0.0373447463 0.0376413055 -0.0127271907 -0.9992102385 0.6243696809 0.7810110450 0.0135727311
253.5 -534.9 2230.7 0.7802215219 -0.0684876740 -0.6217425466 0.0376413055 0.9973270893 -0.0626240820 0.6243696809 0.0254574548 0.7807140350
111.5 -562.3 2668.3 0.3978994489 -0.8487590551 -0.3482587039 -0.0610804595 0.3542522192 -0.9331530333 0.9153934717 0.3925728798 0.0891141668
441.0 -699.8 2516.0 0.3978994489 -0.5599083900 -0.7267590165 -0.0610804595 0.7742438912 -0.6299329996 0.9153934717 0.2950407863 0.2738717496
428.5 -276.1 2504.7 0 0 0 0 0 0 0 0 0
518.8 -244.0 2565.0 0 0 0 0 0 0 0 0 0
270.9 -787.6 2224.3 0 0 0 0 0 0 0 0 0
587.3 -902.2 2438.8 0 0 0 0 0 0 0 0 0
160.1 26.1 2628.9 9 0.4359208047 0.1437614113 -0.8884288073 -0.1416707188 0.9858134389 0.0900068954 0.8887645602 0.0866284668 0.4501033723
131.8 -168.2 2611.8 0.4359208047 0.1437614113 -0.8884288073 -0.1416707188 0.9858134389 0.0900068954 0.8887645602 0.0866284668 0.4501033723
104.0 -359.7 2596.8 0.4371189773 0.1435853243 -0.8878683448 -0.1334460378 0.9866020679 0.0938537493 0.8894487619 0.0774572641 0.4504233897
72.1 -150.0 2490.4 -0.6211559772 0.2016937137 -0.7572878599 0.7398204803 0.4696759880 -0.4817365408 0.2585166693 -0.8594906330 -0.4409591854
208.6 -312.6 2433.6 -0.9442857504 0.2016937137 0.2600848079 -0.1397736520 0.4696759880 -0.8717039824 -0.2979727983 -0.8594906330 -0.4153168499
191.5 -186.5 2733.3 0.9009182453 0.3958320618 -0.1779418737 -0.4294685721 0.7541262507 -0.4968404174 -0.0624747314 0.5240330100 0.8494035006
410.6 -290.9 2718.1 0.5785124302 0.3958320618 0.7131902575 0.2383979708 0.7541262507 -0.6119313836 -0.7800575495 0.5240330100 0.3419058323
36.3 -539.1 2506.0 0.7857475877 -0.6169849634 0.0439347625 0.0443025455 -0.0147106471 -0.9989098310 0.6169586778 0.7868373990 0.0157751516
248.4 -534.1 2235.5 0.7857475877 -0.0913163498 -0.6117696166 0.0443025455 0.9948108196 -0.0915898308 0.6169586778 0.0448635370 0.7857157588
116.7 -560.6 2664.6 0.3799501359 -0.8462139964 -0.3735770285 -0.0728546977 0.3752331436 -0.9240629077 0.9221334457 0.3783146739 0.0809192210
445.1 -706.2 2517.8 0.3902088404 -0.5603812337 -0.7305545807 -0.0868313685 0.7675209045 -0.6351156831 0.9166228175 0.3112628162 0.2508347631
444.7 -277.6 2508.1 0 0 0 0 0 0 0 0 0
519.2 -246.2 2571.7 0 0 0 0 0 0 0 0 0
271.7 -788.1 2224.0 0 0 0 0 0 0 0 0 0
587.1 -900.8 2438.9 0 0 0 0 0 0 0 0 0
159.7 26.8 2633.9 0 0.4283662736 0.1595978439 -0.8893991709 -0.1496263891 0.9832188487 0.1043678820 0.8911309242 0.0883699059 0.4450578392
128.2 -167.3 2616.5 0.4283662736 0.1595978439 -0.8893991709 -0.1496263891 0.9832188487 0.1043678820 0.8911309242 0.0883699059 0.4450578392
96.9 -358.2 2600.9 0.4294456542 0.1612173319 -0.8885861635 -0.1430087537 0.9836618304 0.1093522012 0.8916977644 0.0801147744 0.4454847872
69.5 -147.7 2494.7 -0.6678583622 0.2276417017 -0.7086215019 0.7037305236 0.5031309128 -0.5016199946 0.2423397601 -0.8336896896 -0.4962185919
223.9 -310.4 2438.7 -0.9364941716 0.2276417017 0.2667544782 -0.1214226410 0.5031309128 -0.8556376696 -0.3289912343 -0.8336896896 -0.4435383081
186.9 -186.8 2738.3 0.8932415843 0.4065907001 -0.1918422431 -0.4458014369 0.7458643317 -0.4949217141 -0.0581423007 0.5276082158 0.8474957347
404.0 -295.2 2724.2 0.5872314572 0.4065907001 0.6998879910 0.2290471345 0.7458643317 -0.6254789233 -0.7763354182 0.5276082158 0.3448665440
37.0 -539.3 2502.1 0.7820363641 -0.6218261719 0.0418488532 0.0429395176 -0.0132292993 -0.9989900589 0.6217517853 0.7830435634 0.0163551215
250.3 -534.7 2233.5 0.7820363641 -0.0855037645 -0.6173396111 0.0429395176 0.9955825210 -0.0834966451 0.6217517853 0.0387891456 0.7822532058
115.3 -563.2 2661.4 0.3728983402 -0.8504889011 -0.3709655404 -0.0812953413 0.3683182895 -0.9261385798 0.9243040085 0.3755133152 0.0682044849
445.4 -706.1 2515.7 0.3766687512 -0.5596755147 -0.7381625772 -0.0864872113 0.7721246481 -0.6295582056 0.9223018289 0.3009765148 0.2424304485
460.6 -279.7 2521.8 0 0 0 0 0 0 0 0 0
514.3 -252.2 2578.4 0 0 0 0 0 0 0 0 0
272.3 -791.1 2223.5 0 0 0 0 0 0 0 0 0
587.4 -902.0 2439.3 0 0 0 0 0 0 0 0 0
160.2 29.2 2636.5 1 0.4107832909 0.1733499467 -0.8951016068 -0.1494878680 0.9812781215 0.1214358062 0.8993945122 0.0839230269 0.4290063679
125.9 -165.1 2619.8 0.4107832909 0.1733499467 -0.8951016068 -0.1494878680 0.9812781215 0.1214358062 0.8993945122 0.0839230269 0.4290063679
92.2 -355.7 2605.9 0.4126952589 0.1735362113 -0.8941855431 -0.1386654526 0.9822112918 0.1266209781 0.9002524614 0.0717367753 0.4294174314
69.5 -146.1 2496.9 -0.6779756546 0.2260967344 -0.6994492412 0.6946292520 0.5083646774 -0.5089749694 0.2404977232 -0.8309305906 -0.5017123222
225.4 -305.9 2441.6 -0.9319084287 0.2260967344 0.2835964859 -0.1354605407 0.5083646774 -0.8504209518 -0.3364478350 -0.8309305906 -0.4431221485
182.3 -184.0 2742.8 0.8878157139 0.4081336558 -0.2126268297 -0.4586057663 0.7462300062 -0.4825158715 -0.0382624455 0.5258970857 0.8496871591
398.1 -295.5 2733.5 0.6030591130 0.4081336558 0.6853806376 0.2121013850 0.7462300062 -0.6309943199 -0.7689815760 0.5258970857 0.3634550869
27.2 -536.3 2505.5 0.7710832357 -0.6360501051 0.0295101665 0.0374176577 -0.0010020540 -0.9992992282 0.6356339455 0.7716470957 0.0230268389
253.9 -535.9 2230.4 0.7710832357 -0.0715968832 -0.6326962113 0.0374176577 0.9970360398 -0.0672242716 0.6356339455 0.0281614996 0.7714767456
104.1 -561.9 2665.3 0.3890387714 -0.8570749164 -0.3377445340 -0.0606691800 0.3419939578 -0.9377416372 0.9192214608 0.3853085637 0.0810508803
436.7 -694.6 2515.8 0.3890387714 -0.5640607476 -0.7283434868 -0.0606691800 0.7732239962 -0.6312240958 0.9192214608 0.2897586823 0.2665930092
462.3 -271.4 2527.1 0 0 0 0 0 0 0 0 0
511.3 -255.7 2589.1 0 0 0 0 0 0 0 0 0
272.0 -788.3 2223.3 0 0 0 0 0 0 0 0 0
587.8 -901.8 2438.1 0 0 0 0 0 0 0 0 0
161.0 32.4 2637.7 2 0.3983706236 0.1724987924 -0.9008579254 -0.1574415565 0.9804392457 0.1181146204 0.9036110640 0.0947790816 0.4177366495
126.9 -161.4 2619.0 0.3983706236 0.1724987924 -0.9008579254 -0.1574415565 0.9804392457 0.1181146204 0.9036110640 0.0947790816 0.4177366495
93.4 -351.9 2602.9 0.4002448320 0.1726005524 -0.9000073075 -0.1467864662 0.9814972878 0.1229506060 0.9045760632 0.0828985572 0.4181746244
72.2 -141.4 2495.4 -0.6456694007 0.2415236086 -0.7244151831 0.7208107710 0.5059326887 -0.4737762809 0.2520771921 -0.8280690908 -0.5007580519
218.1 -304.2 2438.5 -0.9248779416 0.2415236086 0.2937127650 -0.1382647902 0.5059326887 -0.8514193892 -0.3542367518 -0.8280690908 -0.4345317781
181.6 -181.5 2742.5 0.8882020712 0.4009298682 -0.2243931741 -0.4584645629 0.7413808107 -0.4900659919 -0.0301213041 0.5381539464 0.8423081636
397.5 -292.9 2735.2 0.6136282682 0.4009298682 0.6802319884 0.2188531011 0.7413808107 -0.6343955994 -0.7586591244 0.5381539464 0.3671875000
21.6 -533.9 2511.3 0.7736664414 -0.6327840686 0.0320083201 0.0447891094 0.0042288033 -0.9989874959 0.6320080757 0.7743167281 0.0316135176
248.1 -535.4 2234.1 0.7736664414 -0.0930938125 -0.6267166734 0.0447891094 0.9947080612 -0.0924649686 0.6320080757 0.0434669629 0.7737418413
95.5 -558.7 2672.6 0.3785463572 -0.8640378714 -0.3318752944 -0.0856657550 0.3243132234 -0.9420627952 0.9216094613 0.3850447834 0.0487491265
430.8 -684.6 2523.2 0.3785463572 -0.5603228211 -0.7367095351 -0.0856657550 0.7713155746 -0.6306613088 0.9216094613 0.3018453121 0.2439782172
453.9 -269.0 2528.8 0 0 0 0 0 0 0 0 0
512.7 -251.8 2592.8 0 0 0 0 0 0 0 0 0
271.7 -787.0 2223.1 0 0 0 0 0 0 0 0 0
589.0 -902.3 2437.9 0 0 0 0 0 0 0 0 0
164.4 35.9 2637.8 3 0.4099687040 0.1827539504 -0.8936032057 -0.1645798534 0.9784619212 0.1246025041 0.8971282840 0.0959859490 0.4312163591
128.2 -157.9 2618.8 0.4099687040 0.1827539504 -0.8936032057 -0.1645798534 0.9784619212 0.1246025041 0.8971282840 0.0959859490 0.4312163591
94.0 -348.2 2601.8 0.4118073881 0.1760922074 -0.8940951824 -0.1545426548 0.9804350734 0.1219167262 0.8980708718 0.0879696310 0.4309641421
72.0 -136.7 2496.2 -0.6168967485 0.2541020811 -0.7448963523 0.7397403717 0.5103706121 -0.4385270476 0.2687425613 -0.8215557933 -0.5028155446
211.5 -304.1 2435.4 -0.9161008000 0.2541020811 0.3101474047 -0.1453849226 0.5103706121 -0.8475759625 -0.3736609519 -0.8215557933 -0.4306083620
184.5 -179.0 2741.5 0.8866138458 0.4097910225 -0.2144462615 -0.4602846205 0.7363396883 -0.4959253073 -0.0453204475 0.5384005904 0.8414694667
400.0 -290.9 2730.5 0.6040850878 0.4097910225 0.6834855676 0.2231889665 0.7363396883 -0.6387413740 -0.7650280595 0.5384005904 0.3533509672
24.0 -529.3 2505.7 0.7705125213 -0.6368918419 0.0260624215 0.0461938754 0.0150124421 -0.9988197088 0.6357488036 0.7708070278 0.0409877785
251.3 -534.6 2230.7 0.7705125213 -0.0823187456 -0.6320870519 0.0461938754 0.9962298274 -0.0734320208 0.6357488036 0.0273817368 0.7714101672
95.8 -555.5 2667.8 0.3583766818 -0.8691712618 -0.3407455385 -0.1044857651 0.3253536522 -0.9398019314 0.9277116060 0.3724061549 0.0257831439
433.1 -681.8 2523.3 0.3583766818 -0.5483192205 -0.7555872798 -0.1044857651 0.7807039618 -0.6161038876 0.9277116060 0.2997453809 0.2224945575
445.3 -266.9 2530.8 0 0 0 0 0 0 0 0 0
513.5 -249.0 2586.8 0 0 0 0 0 0 0 0 0
272.5 -791.2 2223.6 0 0 0 0 0 0 0 0 0
588.7 -903.3 2438.2 0 0 0 0 0 0 0 0 0
162.5 38.0 2638.9 4 0.4085451066 0.1506329477 -0.9002225399 -0.1532547325 0.9836063385 0.0950343385 0.8997799158 0.0991375521 0.4249327779
132.8 -156.3 2619.3 0.4085451066 0.1506329477 -0.9002225399 -0.1532547325 0.9836063385 0.0950343385 0.8997799158 0.0991375521 0.4249327779
102.7 -347.3 2601.8 0.4095302820 0.1548641026 -0.8990561962 -0.1469101906 0.9838200212 0.1025455743 0.9003900886 0.0900849923 0.4256551862
76.8 -136.3 2496.3 -0.5295178890 0.2648408413 -0.8058971167 0.7797169685 0.5261616707 -0.3394043744 0.3341440260 -0.8080923557 -0.4851129055
192.9 -307.2 2423.1 -0.9054613113 0.2648408413 0.3316612244 -0.1525367200 0.5261616707 -0.8365921974 -0.3960711956 -0.8080923557 -0.4360210598
188.7 -176.4 2742.3 0.8963763118 0.3909229338 -0.2090186179 -0.4414497018 0.7442240119 -0.5012512207 -0.0403939076 0.5415809155 0.8396775723
406.6 -283.7 2732.5 0.6037682891 0.3909229338 0.6947252154 0.2367775738 0.7442240119 -0.6245534420 -0.7611834407 0.5415809155 0.3567770720
23.0 -524.6 2504.2 0.7680870295 -0.6402004361 0.0136299720 0.0459020771 0.0338159576 -0.9983733892 0.6386981606 0.7674633265 0.0553601272
251.2 -536.7 2230.6 0.7680870295 -0.0821304694 -0.6350566149 0.0459020771 0.9962511659 -0.0733254030 0.6386981606 0.0271698702 0.7689775229
96.7 -552.3 2665.1 0.3488558233 -0.8680945635 -0.3531451225 -0.1115977690 0.3356578648 -0.9353500605 0.9305081964 0.3657125235 0.0202187859
433.7 -682.6 2523.2 0.3488558233 -0.5464370251 -0.7613843679 -0.1115977690 0.7824218273 -0.6126679182 0.9305081964 0.2987015843 0.2119712532
422.0 -268.6 2523.3 0 0 0 0 0 0 0 0 0
520.0 -239.3 2589.6 0 0 0 0 0 0 0 0 0
271.9 -788.0 2223.8 0 0 0 0 0 0 0 0 0
587.4 -902.7 2439.1 0 0 0 0 0 0 0 0 0
158.8 39.1 2638.4 5 0.4204947054 0.1325985789 -0.8975532651 -0.1450815350 0.9863601923 0.0777490884 0.8956202269 0.0975253209 0.4339968562
132.7 -154.9 2619.3 0.4204947054 0.1325985789 -0.8975532651 -0.1450815350 0.9863601923 0.0777490884 0.8956202269 0.0975253209 0.4339968562
104.7 -346.1 2601.8 0.4207775295 0.1440612227 -0.8956520557 -0.1430657059 0.9854930639 0.0912994146 0.8958116174 0.0897203609 0.4352835715
75.2 -135.3 2496.9 -0.5516408682 0.2259495407 -0.8028942347 0.7725375295 0.5013144016 -0.3897045255 0.3144488633 -0.8352429271 -0.4510999918
199.4 -309.3 2426.1 -0.9278868437 0.2259495407 0.2966021001 -0.1503049731 0.5013144016 -0.8521105051 -0.3412248492 -0.8352429271 -0.4312016666
190.2 -174.4 2741.6 0.9010949135 0.3877646327 -0.1940786391 -0.4306715131 0.7481956482 -0.5047031641 -0.0504972376 0.5383695960 0.8411945105
409.2 -279.1 2729.4 0.5928262472 0.3877646327 0.7058297396 0.2448149621 0.7481956482 -0.6166594625 -0.7672174573 0.5383695960 0.3486194611
36.0 -525.0 2503.7 0.7826477885 -0.6224321723 0.0063774679 0.0362864174 0.0353937596 -0.9987144470 0.6214062572 0.7818730474 0.0502866767
253.0 -537.4 2231.0 0.7826477885 -0.0744465590 -0.6179969311 0.0362864174 0.9965904951 -0.0740994737 0.6214062572 0.0355688967 0.7826806903
109.3 -551.4 2665.0 0.3673900962 -0.8530346155 -0.3706163466 -0.0910499096 0.3635822833 -0.9271018505 0.9255995154 0.3743526042 0.0559078045
440.3 -692.4 2519.8 0.3673900962 -0.5491470098 -0.7506411076 -0.0910499096 0.7819704413 -0.6166296005 0.9255995154 0.2948894203 0.2372884154
433.4 -271.4 2512.1 0 0 0 0 0 0 0 0 0
520.6 -233.1 2585.3 0 0 0 0 0 0 0 0 0
271.8 -788.2 2222.1 0 0 0 0 0 0 0 0 0
587.5 -902.0 2440.7 0 0 0 0 0 0 0 0 0
159.1 32.5 2637.7 6 0.4167761803 0.1434795111 -0.8976141810 -0.1530284584 0.9844458699 0.0863056704 0.8960356712 0.1013903618 0.4322500229
130.9 -160.5 2617.8 0.4167761803 0.1434795111 -0.8976141810 -0.1530284584 0.9844458699 0.0863056704 0.8960356712 0.1013903618 0.4322500229
102.9 -351.7 2599.8 0.4178153574 0.1442969888 -0.8969998360 -0.1459160298 0.9851478934 0.0905105099 0.8967378736 0.0930699706 0.4326651692
73.8 -140.5 2495.3 -0.5939262509 0.1888355017 -0.7820439339 0.7537701726 0.4703911841 -0.4588710666 0.2812154293 -0.8620169759 -0.4217162430
209.5 -312.7 2431.1 -0.9448537827 0.1888355017 0.2675677836 -0.1521452069 0.4703911841 -0.8692433238 -0.2900055349 -0.8620169759 -0.4157204628
188.0 -180.4 2740.3 0.9010277390 0.3864124417 -0.1970646232 -0.4310015142 0.7463958859 -0.5070807338 -0.0488540716 0.5418289900 0.8390677571
407.1 -285.2 2728.5 0.5954551697 0.3864124417 0.7043568492 0.2467442751 0.7463958859 -0.6180699468 -0.7645589709 0.5418289900 0.3491002321
39.1 -524.6 2504.2 0.7870122790 -0.6168465614 0.0105847660 0.0374857299 0.0306873564 -0.9988258481 0.6157974601 0.7864849567 0.0472742692
252.8 -535.2 2231.7 0.7870122790 -0.0753670186 -0.6123165488 0.0374857299 0.9965180159 -0.0744759664 0.6157974601 0.0356603712 0.7870970964
114.5 -550.2 2664.7 0.3637453914 -0.8452473879 -0.3914667070 -0.0936881974 0.3849265277 -0.9181797504 0.9267749786 0.3706594706 0.0608255491
442.4 -699.6 2520.8 0.3701245487 -0.5539697409 -0.7457381487 -0.1025677547 0.7734711766 -0.6254775524 0.9233025908 0.3079932928 0.2294612527
447.2 -274.4 2504.1 0 0 0 0 0 0 0 0 0
518.9 -238.9 2584.9 0 0 0 0 0 0 0 0 0
272.0 -789.3 2222.6 0 0 0 0 0 0 0 0 0
587.6 -902.3 2440.1 0 0 0 0 0 0 0 0 0
161.9 31.8 2638.3 7 0.4067327976 0.1584527791 -0.8997005820 -0.1645289510 0.9814448357 0.0984697938 0.8986092806 0.1079759076 0.4252558649
130.6 -162.1 2617.0 0.4067327976 0.1584527791 -0.8997005820 -0.1645289510 0.9814448357 0.0984697938 0.8986092806 0.1079759076 0.4252558649
101.2 -353.1 2598.1 0.4087147415 0.1511959881 -0.9000511169 -0.1519508660 0.9836909175 0.0962451473 0.8999239802 0.0974267349 0.4250233471
74.7 -141.4 2494.1 -0.6243871450 0.1895475388 -0.7577680349 0.7407260537 0.4515901506 -0.4973844290 0.2479225993 -0.8718589544 -0.4223698974
219.8 -313.4 2436.5 -0.9483389258 0.1895475388 0.2544110119 -0.1458758414 0.4515901506 -0.8802196383 -0.2817329764 -0.8718589544 -0.4006101489
186.4 -182.9 2739.9 0.8980064988 0.3874765635 -0.2084376216 -0.4379456341 0.7416532040 -0.5080887079 -0.0422840305 0.5475513339 0.8357030749
404.8 -289.4 2729.7 0.6041217446 0.3874765635 0.6963468194 0.2443658113 0.7416532040 -0.6246886253 -0.7585000396 0.5475513339 0.3533627987
37.5 -529.8 2501.3 0.7804214954 -0.6250860095 0.0144844363 0.0324704908 0.0173833072 -0.9993215203 0.6244100928 0.7803623080 0.0338631570
254.6 -535.9 2230.2 0.7804214954 -0.0673657507 -0.6216141582 0.0324704908 0.9972040653 -0.0673033744 0.6244100928 0.0323408805 0.7804268599
112.3 -556.0 2662.0 0.3603842854 -0.8489921689 -0.3864394128 -0.1019201130 0.3759585321 -0.9210143685 0.9272192121 0.3713050783 0.0489601642
441.8 -701.9 2517.9 0.3622039258 -0.5613113046 -0.7441357374 -0.1044105738 0.7688866258 -0.6308024526 0.9262325764 0.3061747551 0.2198869139
458.3 -276.7 2507.3 0 0 0 0 0 0 0 0 0
518.2 -243.5 2587.2 0 0 0 0 0 0 0 0 0
271.8 -789.2 2222.0 0 0 0 0 0 0 0 0 0
588.1 -902.2 2438.2 0 0 0 0 0 0 0 0 0
161.6 28.1 2638.7 8 0.3985067606 0.1530731022 -0.9043014050 -0.1605119258 0.9823973179 0.0955583155 0.9030106664 0.1070705280 0.4160620272
131.3 -166.2 2617.5 0.3985067606 0.1530731022 -0.9043014050 -0.1605119258 0.9823973179 0.0955583155 0.9030106664 0.1070705280 0.4160620272
101.9 -357.2 2598.9 0.4001682997 0.1516003907 -0.9038156271 -0.1497893035 0.9837798476 0.0986932293 0.9041175246 0.0958880037 0.4163856506
76.7 -145.7 2494.0 -0.6426549554 0.1871086210 -0.7429569364 0.7248979807 0.4624231756 -0.5105758905 0.2480273396 -0.8666920662 -0.4328131974
224.1 -312.0 2437.1 -0.9510358572 0.1871086210 0.2460103929 -0.1356784999 0.4624231756 -0.8762169480 -0.2777086496 -0.8666920662 -0.4143944085
186.0 -186.7 2741.0 0.8977785707 0.3833626509 -0.2168564647 -0.4392352402 0.7427732348 -0.5053318739 -0.0326501727 0.5489271283 0.8352323174
404.3 -293.5 2733.1 0.6114480495 0.3833626509 0.6922169924 0.2413340360 0.7427732348 -0.6245364547 -0.7535842061 0.5489271283 0.3616487980
35.3 -530.4 2498.5 0.7721369863 -0.6353671551 0.0106344270 0.0260782707 0.0149620222 -0.9995479584 0.6349207759 0.7720652223 0.0281220060
255.4 -535.6 2231.1 0.7721369863 -0.0635218620 -0.6322732568 0.0260782707 0.9973205328 -0.0683496594 0.6349207759 0.0362867080 0.7717245817
108.5 -557.6 2659.8 0.3501992524 -0.8579018116 -0.3759852648 -0.0989813134 0.3652622104 -0.9256274700 0.9314306974 0.3613695502 0.0429982953
441.5 -699.4 2519.5 0.3592348099 -0.5597212315 -0.7467679977 -0.1113421544 0.7687621713 -0.6297678947 0.9265815020 0.3093813062 0.2138455659
464.7 -277.7 2507.3 0 0 0 0 0 0 0 0 0
519.1 -248.1 2591.5 0 0 0 0 0 0 0 0 0
271.5 -788.1 2221.9 0 0 0 0 0 0 0 0 0
588.7 -901.6 2438.2 0 0 0 0 0 0 0 0 0
163.9 29.0 2639.3 9 0.4170248508 0.1554469913 -0.8955035210 -0.1667850316 0.9816234112 0.0927265063 0.8934612870 0.1106873229 0.4352875948
133.3 -164.4 2617.5 0.4170248508 0.1554469913 -0.8955035210 -0.1667850316 0.9816234112 0.0927265063 0.8934612870 0.1106873229 0.4352875948
105.0 -355.5 2598.2 0.4192014635 0.1459821910 -0.8960799575 -0.1525892466 0.9842771292 0.0889667198 0.8949785829 0.0994371995 0.4348857105
76.0 -143.6 2495.3 -0.6137496233 0.1990858912 -0.7639870048 0.7424741983 0.4745350778 -0.4728091359 0.2684090436 -0.8574271202 -0.4390618801
217.5 -314.7 2433.4 -0.9432513714 0.1990858912 0.2657850385 -0.1445068568 0.4745350778 -0.8682938814 -0.2989893854 -0.8574271202 -0.4188365936
190.6 -185.3 2739.7 0.9002613425 0.3885454834 -0.1963719577 -0.4320628643 0.7420832515 -0.5124784708 -0.0533968620 0.5462095737 0.8359448910
409.4 -290.3 2726.8 0.5944915414 0.3885454834 0.7039973140 0.2510133684 0.7420832515 -0.6215342283 -0.7639189363 0.5462095737 0.3436321020
36.6 -534.7 2499.2 0.7747293115 -0.6320747137 0.0166130029 0.0247905217 0.0041105710 -0.9996842146 0.6318068504 0.7748965025 0.0188540425
257.5 -536.1 2228.4 0.7747293115 -0.0540726893 -0.6299766898 0.0247905217 0.9981681108 -0.0551888570 0.6318068504 0.0271389745 0.7746506333
108.3 -561.5 2661.2 0.3515703380 -0.8610287905 -0.3674611449 -0.0949240401 0.3577087224 -0.9289962053 0.9313365221 0.3614884019 0.0440274402
442.5 -700.4 2520.9 0.3649784327 -0.5562494993 -0.7465770245 -0.1133575216 0.7693783045 -0.6286550164 0.9240891933 0.3140756190 0.2177514285
454.9 -278.3 2508.6 0 0 0 0 0 0 0 0 0
521.1 -243.2 2583.3 0 0 0 0 0 0 0 0 0
271.1 -786.4 2221.6 0 0 0 0 0 0 0 0 0
588.9 -902.8 2438.3 0 0 0 0 0 0 0 0 0
163.9 32.2 2637.1 0 0.4149667621 0.1508459747 -0.8972446918 -0.1502425373 0.9839828014 0.0959428251 0.8973459601 0.0949912369 0.4309836626
134.2 -161.8 2618.4 0.4149667621 0.1508459747 -0.8972446918 -0.1502425373 0.9839828014 0.0959428251 0.8973459601 0.0949912369 0.4309836626
105.8 -353.1 2602.0 0.4166513979 0.1462736279 -0.8972210884 -0.1390753239 0.9856079221 0.0960995182 0.8983650208 0.0847413167 0.4309979677
77.2 -142.8 2495.7 -0.6204799414 0.1735634208 -0.7647747397 0.7411677837 0.4484651089 -0.4995491803 0.2562713325 -0.8767866492 -0.4069032073
219.9 -313.1 2436.8 -0.9550791383 0.1735634208 0.2402074635 -0.1405026168 0.4484651089 -0.8826879859 -0.2609270215 -0.8767866492 -0.4039335549
191.1 -180.7 2741.1 0.9001913071 0.3874026835 -0.1989341378 -0.4332390130 0.7502018213 -0.4995009601 -0.0442672633 0.5358324647 0.8431630731
410.0 -286.1 2730.4 0.5967779756 0.3874026835 0.7026914358 0.2389440835 0.7502018213 -0.6165249348 -0.7660037875 0.5358324647 0.3551363349
39.1 -532.9 2498.7 0.7781513929 -0.6277482510 0.0203107912 0.0272335112 0.0014154665 -0.9996281266 0.6274860501 0.7784151435 0.0181972366
258.6 -533.4 2226.5 0.7781513929 -0.0513075106 -0.6259775758 0.0272335112 0.9984767437 -0.0479850434 0.6274860501 0.0202920604 0.7783633471
114.2 -560.2 2659.0 0.3585104942 -0.8524754643 -0.3804678917 -0.0849474967 0.3760785162 -0.9226856828 0.9296526909 0.3631123006 0.0624124445
445.0 -706.2 2518.1 0.3717763722 -0.5590480566 -0.7411124110 -0.1030714139 0.7685409188 -0.6314437389 0.9225825667 0.3111433685 0.2281034738
459.9 -277.8 2502.4 0 0 0 0 0 0 0 0 0
522.0 -241.2 2586.5 0 0 0 0 0 0 0 0 0
271.6 -786.6 2221.3 0 0 0 0 0 0 0 0 0
588.1 -902.8 2438.5 0 0 0 0 0 0 0 0 0
161.7 33.8 2636.6 1 0.4183529019 0.1383058280 -0.8976927996 -0.1502927691 0.9852553606 0.0817553028 0.8957638741 0.1007141694 0.4329708219
134.5 -159.6 2616.8 0.4183529019 0.1383058280 -0.8976927996 -0.1502927691 0.9852553606 0.0817553028 0.8957638741 0.1007141694 0.4329708219
107.4 -351.0 2599.2 0.4195636213 0.1397669762 -0.8969010711 -0.1417097598 0.9860452414 0.0873678252 0.8965961933 0.0904432759 0.4335150719
77.2 -140.2 2494.3 -0.6157567501 0.1800357550 -0.7670924067 0.7450588346 0.4498128891 -0.4924994409 0.2563805580 -0.8747888207 -0.4111125469
220.1 -313.1 2434.8 -0.9443336725 0.1800357550 0.2753562629 -0.1699114889 0.4498128891 -0.8768115044 -0.2817162275 -0.8747888207 -0.3941833079
191.8 -179.0 2739.3 0.9030088186 0.3834863305 -0.1936835945 -0.4268365800 0.7495583296 -0.5059376359 -0.0488430150 0.5395373702 0.8405437469
411.4 -282.7 2727.4 0.5934257507 0.3834863305 0.7076609731 0.2476522326 0.7495583296 -0.6138653755 -0.7658421993 0.5395373702 0.3498359621
40.0 -531.9 2505.0 0.7897720933 -0.6129201651 0.0242678728 0.0376537107 0.0089541171 -0.9992507100 0.6122436523 0.7900940776 0.0301504303
252.1 -535.0 2231.7 0.7897720933 -0.0760005862 -0.6086739898 0.0376537107 0.9964300394 -0.0755600259 0.6122436523 0.0367563628 0.7898143530
114.7 -556.8 2666.0 0.3758724034 -0.8437321186 -0.3831919134 -0.0946358293 0.3764021695 -0.9216102362 0.9218264222 0.3826715350 0.0616319031
442.1 -702.9 2517.5 0.3701285720 -0.5576985478 -0.7429516315 -0.0866254941 0.7755451202 -0.6253205538 0.9249328971 0.2958075702 0.2387404740
457.8 -270.4 2505.7 0 0 0 0 0 0 0 0 0
522.9 -236.2 2583.6 0 0 0 0 0 0 0 0 0
271.3 -787.4 2222.4 0 0 0 0 0 0 0 0 0
586.8 -904.1 2440.7 0 0 0 0 0 0 0 0 0
164.4 31.8 2638.3 2 0.4148296118 0.1456651092 -0.8981637359 -0.1591073722 0.9835066795 0.0860201269 0.8958801627 0.1072207764 0.4311640859
135.7 -161.9 2617.1 0.4148296118 0.1456651092 -0.8981637359 -0.1591073722 0.9835066795 0.0860201269 0.8958801627 0.1072207764 0.4311640859
108.4 -353.2 2598.4 0.4165202975 0.1408446282 -0.8981500864 -0.1474894583 0.9853076935 0.0861136094 0.8970828652 0.0965996012 0.4311737716
78.8 -141.8 2494.6 -0.5854700208 0.2032057196 -0.7848135233 0.7593291402 0.4765623808 -0.4430660605 0.2839790583 -0.8553336859 -0.4333130121
207.4 -308.5 2432.2 -0.9366243482 0.2032057196 0.2853808701 -0.1599997729 0.4765623808 -0.8644584417 -0.3116646707 -0.8553336859 -0.4138470590
192.6 -182.1 2739.7 0.9025602341 0.3828279376 -0.1970477849 -0.4278268218 0.7458758354 -0.5105227232 -0.0484691747 0.5450798273 0.8369818926
412.1 -286.1 2727.9 0.5961917043 0.3828279376 0.7056899071 0.2512406111 0.7458758354 -0.6168852448 -0.7625179291 0.5450798273 0.3485030532
42.7 -529.7 2501.3 0.7902353406 -0.6121988893 0.0272148270 0.0457574539 0.0146615142 -0.9988449812 0.6110928059 0.7905678749 0.0395987108
253.6 -534.7 2228.9 0.7902353406 -0.0751686394 -0.6081758142 0.0457574539 0.9969156384 -0.0637605712 0.6110928059 0.0225572772 0.7912374735
117.8 -555.1 2662.0 0.3643114567 -0.8433146477 -0.3950918317 -0.0966567174 0.3877158463 -0.9166972637 0.9262475967 0.3721516132 0.0597373024
445.2 -705.6 2517.5 0.3691583872 -0.5568774343 -0.7440494299 -0.1033522263 0.7710335851 -0.6283514500 0.9236018658 0.3088603616 0.2270789742
444.0 -268.1 2511.0 0 0 0 0 0 0 0 0 0
524.1 -238.9 2584.7 0 0 0 0 0 0 0 0 0
273.0 -791.0 2223.1 0 0 0 0 0 0 0 0 0
587.5 -902.7 2438.6 0 0 0 0 0 0 0 0 0
164.1 29.4 2637.1 3 0.4185934663 0.1463999152 -0.8962960243 -0.1544001549 0.9840258956 0.0886207297 0.8949525952 0.1012921929 0.4345109761
135.3 -164.1 2617.2 0.4185934663 0.1463999152 -0.8962960243 -0.1544001549 0.9840258956 0.0886207297 0.8949525952 0.1012921929 0.4345109761
107.1 -355.3 2599.3 0.4199079871 0.1452722996 -0.8958645463 -0.1455255747 0.9851110578 0.0915339366 0.8958234191 0.0919353738 0.4347968400
78.0 -144.2 2494.8 -0.6071523428 0.2090097070 -0.7666035295 0.7441508770 0.4878183901 -0.4563690722 0.2785777450 -0.8475542068 -0.4517148435
213.8 -310.6 2432.5 -0.9284353852 0.2090097070 0.3071199059 -0.1732051075 0.4878183901 -0.8555893898 -0.3286452293 -0.8475542068 -0.4167063236
192.7 -184.0 2739.6 0.9005861282 0.3882812858 -0.1954027116 -0.4317096770 0.7465258241 -0.5062864423 -0.0507083870 0.5403118134 0.8399356008
411.7 -289.0 2727.3 0.5937927961 0.3882812858 0.7047324181 0.2456995100 0.7465258241 -0.6183291674 -0.7661865950 0.5403118134 0.3478811383
43.7 -531.2 2499.3 0.7909933329 -0.6112098098 0.0274257101 0.0438751243 0.0119559476 -0.9989655018 0.6102495790 0.7913783193 0.0362739824
251.3 -535.3 2230.5 0.7909933329 -0.0789239556 -0.6067129374 0.0438751243 0.9964089990 -0.0724158064 0.6102495790 0.0306608137 0.7916156650
118.4 -557.6 2660.0 0.3617668450 -0.8457247019 -0.3922683597 -0.0914639309 0.3865398765 -0.9177261591 0.9277710319 0.3678813279 0.0624840036
446.7 -707.7 2517.2 0.3697285354 -0.5568720698 -0.7437703013 -0.1024481282 0.7711793184 -0.6283206344 0.9234744906 0.3085059524 0.2280765027
447.8 -267.0 2515.4 0 0 0 0 0 0 0 0 0
523.2 -242.8 2583.4 0 0 0 0 0 0 0 0 0
271.2 -786.8 2222.8 0 0 0 0 0 0 0 0 0
587.9 -903.3 2438.9 0 0 0 0 0 0 0 0 0
163.1 28.3 2636.5 4 0.3980670869 0.1580966711 -0.9036304951 -0.1488912702 0.9831112027 0.1064128578 0.9051927924 0.0921832323 0.4148834348
132.1 -164.8 2618.4 0.3980670869 0.1580966711 -0.9036304951 -0.1488912702 0.9831112027 0.1064128578 0.9051927924 0.0921832323 0.4148834348
100.6 -355.6 2602.0 0.3989338875 0.1621086150 -0.9025367498 -0.1435685158 0.9831530452 0.1131291613 0.9056709409 0.0844448060 0.4154867530
77.6 -145.2 2494.7 -0.6360668540 0.2290496379 -0.7368549705 0.7249659300 0.5044450760 -0.4689984322 0.2642789483 -0.8325091004 -0.4869139791
222.5 -310.3 2434.5 -0.9196454883 0.2290496379 0.3190430403 -0.1681705117 0.5044450760 -0.8469083905 -0.3549237549 -0.8325091004 -0.4253912568
186.6 -184.4 2742.1 0.8930471539 0.3914684057 -0.2218541354 -0.4491028488 0.7449932694 -0.4932460785 -0.0278104302 0.5401273370 0.8411237001
403.7 -293.6 2735.4 0.6136515141 0.3914684057 0.6856998205 0.2260389924 0.7449932694 -0.6276077032 -0.7565303445 0.5401273370 0.3686791062
41.3 -533.5 2501.2 0.7874204516 -0.6158435345 0.0265672598 0.0409167558 0.0092146909 -0.9991200566 0.6150568128 0.7878146172 0.0324541554
255.4 -536.7 2227.4 0.7874204516 -0.0642147586 -0.6130624413 0.0409167558 0.9978105426 -0.0519612245 0.6150568128 0.0158308037 0.7883238792
116.6 -559.6 2661.8 0.3611025512 -0.8483457565 -0.3871878684 -0.0973002613 0.3786605000 -0.9204069376 0.9274360538 0.3700347543 0.0541910008
445.9 -706.6 2518.1 0.3669810593 -0.5552141666 -0.7463659644 -0.1054551750 0.7723436356 -0.6263900399 0.9242316484 0.3085814416 0.2248852849
455.2 -267.8 2524.4 0 0 0 0 0 0 0 0 0
518.9 -251.1 2593.4 0 0 0 0 0 0 0 0 0
271.5 -787.8 2223.5 0 0 0 0 0 0 0 0 0
587.9 -904.1 2439.2 0 0 0 0 0 0 0 0 0
163.0 27.5 2636.3 5 0.3644202054 0.1687494367 -0.9158174396 -0.1364797205 0.9825034142 0.1267293394 0.9211792350 0.0788077712 0.3810749948
129.9 -165.3 2620.8 0.3644202054 0.1687494367 -0.9158174396 -0.1364797205 0.9825034142 0.1267293394 0.9211792350 0.0788077712 0.3810749948
96.0 -355.9 2607.3 0.3656066060 0.1740257740 -0.9143559933 -0.1296791881 0.9823082685 0.1351064444 0.9216914177 0.0691771209 0.3817059398
79.9 -147.6 2495.0 -0.6585190892 0.2136143297 -0.7216103673 0.7125742435 0.4853980243 -0.5065833330 0.2420547903 -0.8477957845 -0.4718599319
229.4 -309.4 2440.0 -0.9238433838 0.2136143297 0.3176198006 -0.1817800999 0.4853980243 -0.8551869988 -0.3368521929 -0.8477957845 -0.4096009135
179.8 -182.9 2746.6 0.8865921497 0.3839632273 -0.2579275072 -0.4623842239 0.7507091165 -0.4718438983 0.0124578178 0.5375946760 0.8431113362
395.2 -295.2 2749.6 0.6425290108 0.3839632273 0.6631204486 0.2009031475 0.7507091165 -0.6293438673 -0.7394554615 0.5375946760 0.4052129686
33.4 -533.6 2504.5 0.7802615762 -0.6248750687 0.0268888026 0.0384782441 0.0050482866 -0.9992466569 0.6242685914 0.7807084322 0.0279830806
257.5 -535.4 2224.5 0.7802615762 -0.0541125499 -0.6231080890 0.0384782441 0.9985162616 -0.0385312997 0.6242685914 0.0060883872 0.7811860442
104.9 -559.3 2666.7 0.3696245849 -0.8592063189 -0.3537543714 -0.0919922367 0.3450075090 -0.9340809584 0.9246161580 0.3778019547 0.0484829433
438.2 -693.1 2520.1 0.3696245849 -0.5565463305 -0.7440657616 -0.0919922367 0.7749230266 -0.6253253222 0.9246161580 0.2995838821 0.2352326661
463.9 -263.2 2525.5 0 0 0 0 0 0 0 0 0
515.7 -257.5 2610.9 0 0 0 0 0 0 0 0 0
271.1 -786.1 2222.9 0 0 0 0 0 0 0 0 0
588.5 -902.4 2439.2 0 0 0 0 0 0 0 0 0
161.2 29.9 2626.6 6 0.3865492940 0.1647852510 -0.9074279070 -0.1148315370 0.9848513603 0.1299286932 0.9150919914 0.0539775006 0.3996161520
128.9 -163.1 2616.0 0.3865492940 0.1647852510 -0.9074279070 -0.1148315370 0.9848513603 0.1299286932 0.9150919914 0.0539775006 0.3996161520
96.8 -354.3 2607.3 0.3878963292 0.1655170172 -0.9067196846 -0.1067973077 0.9851889610 0.1341531128 0.9154947996 0.0447977223 0.3998279572
76.0 -148.6 2491.1 -0.6964251995 0.1985805333 -0.6896069050 0.6872488856 0.4611964226 -0.5612368584 0.2065935135 -0.8647910953 -0.4576630592
236.4 -306.9 2443.5 -0.9364898801 0.1985805333 0.2890544236 -0.1709446758 0.4611964226 -0.8706755042 -0.3062100708 -0.8647910953 -0.3979595006
181.9 -177.7 2741.0 0.8912386298 0.3887158334 -0.2336529940 -0.4535325468 0.7654411793 -0.4565172791 0.0013921342 0.5128350854 0.8584859967
398.5 -287.9 2741.3 0.6234038472 0.3887158334 0.6784302592 0.1913485825 0.7654411793 -0.6143984795 -0.7581248879 0.5128350854 0.4027987719
29.5 -534.9 2511.3 0.7835100889 -0.6207091212 0.0288465302 0.0390862413 0.0029000666 -0.9992316365 0.6201485395 0.7840355635 0.0265334174
251.5 -536.0 2230.8 0.7835100889 -0.0772952288 -0.6165528297 0.0390862413 0.9963987470 -0.0752448291 0.6201485395 0.0348563492 0.7837096453
94.9 -558.1 2676.3 0.3816766739 -0.8662925363 -0.3222734332 -0.0880203396 0.3130185306 -0.9456594586 0.9200952649 0.3893027604 0.0432205126
430.9 -679.5 2525.3 0.3816766739 -0.5486311316 -0.7438594103 -0.0880203396 0.7795531154 -0.6201204658 0.9200952649 0.3021602631 0.2492465377
475.1 -263.3 2521.6 0 0 0 0 0 0 0 0 0
515.5 -252.0 2599.1 0 0 0 0 0 0 0 0 0
270.9 -785.0 2222.1 0 0 0 0 0 0 0 0 0
588.4 -903.3 2438.6 0 0 0 0 0 0 0 0 0
160.1 28.1 2631.8 7 0.3147855699 0.1589569896 -0.9357578158 -0.1150289997 0.9849992990 0.1286262870 0.9421668649 0.0671495870 0.3283482194
128.9 -165.3 2618.6 0.3147855699 0.1589569896 -0.9357578158 -0.1150289997 0.9849992990 0.1286262870 0.9421668649 0.0671495870 0.3283482194
96.7 -356.4 2608.3 0.3166127801 0.1661790311 -0.9338848591 -0.1039597094 0.9846826792 0.1399729848 0.9428407550 0.0527691580 0.3290390372
85.8 -151.2 2490.2 -0.6932362318 0.1971252263 -0.6932280660 0.6899399161 0.4595708251 -0.5592651963 0.2083421350 -0.8659886122 -0.4545957148
240.5 -305.1 2443.7 -0.9443794489 0.1971252263 0.2632282674 -0.1481556147 0.4595708251 -0.8756965995 -0.2935939431 -0.8659886122 -0.4048040509
172.0 -179.5 2747.0 0.8859822154 0.3525540233 -0.3012327254 -0.4582072198 0.7654440403 -0.4518203437 0.0712857172 0.5383318067 0.8397125602
386.9 -290.6 2764.3 0.6800977588 0.3525540233 0.6427851319 0.1855649203 0.7654440403 -0.6161664724 -0.7092480063 0.5383318067 0.4551550746
