-10.2 35.1 2804.5 6 0.2348594368 0.4107357562 -0.8809865117 -0.1194248572 0.9116636515 0.3932010531 0.9646651149 0.0128647070 0.2631648779
-91.7 -145.7 2802.0 0.2348594368 0.4107357562 -0.8809865117 -0.1194248572 0.9116636515 0.3932010531 0.9646651149 0.0128647070 0.2631648779
-175.0 -326.2 2801.8 0.2387010753 0.4188606441 -0.8761150241 -0.1109982580 0.9080501199 0.4038865268 0.9647285342 0.0008390915 0.2632453442
-125.3 -130.1 2666.3 -0.6144717932 0.1752273887 -0.7692332268 0.6625069380 0.6440258026 -0.3825118840 0.4283795059 -0.7446650863 -0.5118250847
21.9 -288.8 2563.7 -0.9397152662 0.1752273887 0.2936504483 -0.1161910668 0.6440258026 -0.7561285496 -0.3216128945 -0.7446650863 -0.5848410130
-58.1 -161.3 2937.7 0.7321608067 0.2164735496 -0.6458171606 -0.6649224162 0.4327723682 -0.6087579727 0.1477117985 0.8751270175 0.4607970715
114.7 -318.2 2972.5 0.9760244489 0.2164735496 0.0227032825 -0.0750880837 0.4327723682 -0.8983706832 -0.2042988390 0.8751270175 0.4386509955
-275.8 -488.6 2712.4 0.8710532188 -0.4681410193 -0.1486951709 -0.1247012615 0.0820432678 -0.9887964725 0.4750956297 0.8798368573 0.0130862789
-85.4 -522.0 2354.4 0.8710532188 0.2102368772 -0.4439219534 -0.1247012615 0.9688118696 0.2141334414 0.4750956297 -0.1311639994 0.8701035380
-236.3 -516.8 2890.1 0.0831313804 -0.9860571623 -0.1441542208 0.1551881731 0.1556998044 -0.9755378962 0.9843809009 0.0587267801 0.1659679562
119.2 -573.0 2868.9 0.0831313804 0.2592710853 -0.9622201920 0.1551881731 0.9504144788 0.2694975734 0.9843809009 -0.1717289090 0.0387734585
290.6 -255.6 2655.6 0 0 0 0 0 0 0 0 0
368.3 -337.7 2919.4 0 0 0 0 0 0 0 0 0
-165.7 -892.3 2404.6 0 0 0 0 0 0 0 0 0
20.1 -936.2 2934.6 0 0 0 0 0 0 0 0 0
-14.4 31.0 2801.2 7 0.2055179328 0.4223819077 -0.8828113675 -0.1099782661 0.9063213468 0.4080274105 0.9724541903 0.0132331206 0.2327181250
-97.9 -148.2 2798.5 0.2055179328 0.4223819077 -0.8828113675 -0.1099782661 0.9063213468 0.4080274105 0.9724541903 0.0132331206 0.2327181250
-183.2 -327.7 2797.9 0.2090186179 0.4292521775 -0.8786659241 -0.1025402248 0.9031797647 0.4168354273 0.9725208282 0.0029722380 0.2327969968
-127.3 -133.8 2661.8 -0.6368857026 0.1773888469 -0.7502731085 0.6509053707 0.6452435255 -0.3999787569 0.4131571054 -0.7430975437 -0.5264097452
24.5 -288.9 2563.3 -0.9360468984 0.1773888469 0.3038903475 -0.1225370318 0.6452435255 -0.7540858388 -0.3298497200 -0.7430975437 -0.5822415352
-68.5 -162.6 2935.3 0.7195925117 0.1957216114 -0.6662429571 -0.6715534925 0.4402201474 -0.5960051417 0.1766424775 0.8762986064 0.4482166469
101.3 -321.0 2977.0 0.9806592464 0.1957216114 -0.0006847820 -0.0884838104 0.4402201474 -0.8935193419 -0.1745795906 0.8762986064 0.4490241706
-280.1 -496.5 2713.2 0.8661373854 -0.4799843729 -0.1393594146 -0.1240611076 0.0636357889 -0.9902319312 0.4841641188 0.8749659657 -0.0044300631
-84.6 -522.4 2356.9 0.8661373854 0.2090384960 -0.4539922476 -0.1240611076 0.9698274732 0.2098655105 0.4841641188 -0.1254495829 0.8659373522
-249.4 -516.6 2886.4 0.0559666157 -0.9854737520 -0.1603409052 0.1654441506 0.1675260216 -0.9718864560 0.9846298695 0.0278657340 0.1724167317
105.9 -577.0 2876.4 0.0559666157 0.2752991617 -0.9597281218 0.1654441506 0.9453890920 0.2808338702 0.9846298695 -0.1744987220 0.0073635983
292.1 -253.9 2657.6 0 0 0 0 0 0 0 0 0
356.0 -344.0 2931.6 0 0 0 0 0 0 0 0 0
-164.5 -893.2 2404.8 0 0 0 0 0 0 0 0 0
0.6 -938.3 2943.1 0 0 0 0 0 0 0 0 0
-17.7 25.6 2800.0 8 0.2582812607 0.4209542274 -0.8695334196 -0.1215397269 0.9070804715 0.4030298889 0.9583939314 0.0015877848 0.2854445577
-101.0 -153.7 2799.7 0.2582812607 0.4209542274 -0.8695334196 -0.1215397269 0.9070804715 0.4030298889 0.9583939314 0.0015877848 0.2854445577
-187.0 -332.9 2800.7 0.2593453526 0.4331277609 -0.8632150888 -0.1192866489 0.9013185501 0.4164079428 0.9583896399 -0.0050234306 0.2854191363
-137.4 -136.9 2665.0 -0.6664718390 0.1776664853 -0.7240510583 0.6206150651 0.6703538299 -0.4067710638 0.4131008089 -0.7204584479 -0.5570344329
26.5 -289.6 2563.4 -0.9299070835 0.1776664853 0.3220363855 -0.1252149045 0.6703538299 -0.7314006686 -0.3458237350 -0.7204584479 -0.6011202931
-64.5 -170.5 2934.3 0.7242956161 0.2435493916 -0.6450422406 -0.6775611639 0.4246849418 -0.6004611850 0.1276977807 0.8719669580 0.4726170599
106.2 -330.2 2964.4 0.9697064161 0.2435493916 0.0187927727 -0.0892029554 0.4246849418 -0.9009359479 -0.2274034023 0.8719669580 0.4335450232
-287.7 -497.8 2708.1 0.8598353267 -0.4949874282 -0.1251824945 -0.1096538752 0.0604321621 -0.9921310544 0.4986574352 0.8667960763 -0.0023155811
-85.4 -522.5 2353.9 0.8598353267 0.2054427266 -0.4674147069 -0.1096538752 0.9684161544 0.2239334434 0.4986574352 -0.1412920505 0.8552060127
-249.3 -523.0 2889.4 0.1084460691 -0.9818541408 -0.1555696577 0.1490543485 0.1707834154 -0.9739691019 0.9828643203 0.0824347883 0.1648704112
104.2 -584.5 2859.7 0.1084460691 0.2702365816 -0.9566669464 0.1490543485 0.9470433593 0.2844146788 0.9828643203 -0.1734390110 0.0624231957
292.4 -253.8 2662.3 0 0 0 0 0 0 0 0 0
357.8 -353.3 2905.4 0 0 0 0 0 0 0 0 0
-164.0 -892.7 2407.9 0 0 0 0 0 0 0 0 0
0.9 -946.5 2926.0 0 0 0 0 0 0 0 0 0
-18.9 25.5 2809.4 9 0.2777608633 0.4160687327 -0.8658728004 -0.1400484145 0.9092488289 0.3919860125 0.9503869414 0.0123857325 0.3108235002
-101.3 -154.6 2806.9 0.2777608633 0.4160687327 -0.8658728004 -0.1400484145 0.9092488289 0.3919860125 0.9503869414 0.0123857325 0.3108235002
-186.7 -334.1 2806.1 0.2791569531 0.4298341572 -0.8586699367 -0.1370576322 0.9028992057 0.4074165225 0.9504138827 0.0039541125 0.3109626472
-140.5 -135.3 2673.3 -0.6521357894 0.1651177853 -0.7399020195 0.6166623831 0.6832375526 -0.3910422027 0.4409608245 -0.7112823725 -0.5473855734
22.3 -289.3 2563.2 -0.9338855147 0.1651177853 0.3171654940 -0.1236082762 0.6832375526 -0.7196578979 -0.3355276883 -0.7112823725 -0.6176556945
-62.0 -173.9 2940.5 0.7293058038 0.2597002685 -0.6329840422 -0.6768894196 0.4086445868 -0.6122338772 0.0996681973 0.8749659061 0.4738152623
109.9 -333.5 2964.0 0.9652005434 0.2597002685 0.0307189170 -0.0810182244 0.4086445868 -0.9090905786 -0.2486441880 0.8749659061 0.4154644608
-296.8 -501.1 2713.9 0.8559761643 -0.5036811829 -0.1166621223 -0.1046937406 0.0521089248 -0.9931383729 0.5063042641 0.8623166084 -0.0081282668
-85.7 -523.0 2352.5 0.8559761643 0.2054692954 -0.4744334817 -0.1046937406 0.9675132036 0.2301248014 0.5063042641 -0.1473111361 0.8496795893
-246.6 -526.1 2892.4 0.1278364956 -0.9805710912 -0.1487891376 0.1302229166 0.1653162390 -0.9776055217 0.9832089543 0.1055979133 0.1488262713
106.7 -585.7 2854.4 0.1278364956 0.2635090351 -0.9561489224 0.1302229166 0.9512530565 0.2795704901 0.9832089543 -0.1602518111 0.0872899443
289.3 -254.0 2659.2 0 0 0 0 0 0 0 0 0
360.6 -354.5 2899.4 0 0 0 0 0 0 0 0 0
-164.3 -892.8 2408.8 0 0 0 0 0 0 0 0 0
6.0 -949.3 2915.6 0 0 0 0 0 0 0 0 0
-19.2 27.3 2814.1 0 0.2967120409 0.4068517983 -0.8639639020 -0.1668607295 0.9128755331 0.3725797832 0.9402762651 0.0336127318 0.3387487531
-99.7 -153.3 2807.4 0.2967120409 0.4068517983 -0.8639639020 -0.1668607295 0.9128755331 0.3725797832 0.9402762651 0.0336127318 0.3387487531
-183.6 -333.4 2802.5 0.2979433835 0.4220030606 -0.8562377691 -0.1641582102 0.9062633514 0.3895367086 0.9403625727 0.0244985763 0.3392904401
-141.6 -130.2 2675.2 -0.6324267983 0.1625550985 -0.7573719025 0.6310926676 0.6750785708 -0.3820876181 0.4491752684 -0.7196142673 -0.5295251012
17.2 -288.7 2562.4 -0.9381076097 0.1625550985 0.3058266640 -0.1203107983 0.6750785708 -0.7278696299 -0.3247759640 -0.7196142673 -0.6137392521
-57.8 -176.3 2939.6 0.7371042371 0.2721696198 -0.6185475588 -0.6726449132 0.3835430741 -0.6328060627 0.0650090426 0.8825069070 0.4657847285
116.0 -335.0 2954.9 0.9611328244 0.2721696198 0.0463398471 -0.0641912892 0.3835430741 -0.9212894440 -0.2685202956 0.8825069070 0.3861067593
-297.8 -501.0 2718.2 0.8599131107 -0.4984900057 -0.1098050699 -0.0966723487 0.0521789119 -0.9939475656 0.5012024641 0.8653236628 -0.0033208679
-89.2 -522.8 2356.3 0.8599131107 0.1868052483 -0.4750297070 -0.0966723487 0.9733858705 0.2077844292 0.5012024641 -0.1327543110 0.8550862074
-240.2 -528.5 2883.8 0.1447889060 -0.9798758626 -0.1374025047 0.1005370021 0.1527162194 -0.9831429720 0.9843416214 0.1285341680 0.1206253991
112.9 -583.5 2837.5 0.1447889060 0.2524435818 -0.9567174911 0.1005370021 0.9581486583 0.2680363953 0.9843416214 -0.1349942088 0.1133493781
285.5 -254.3 2655.3 0 0 0 0 0 0 0 0 0
365.7 -351.6 2885.2 0 0 0 0 0 0 0 0 0
-160.6 -894.8 2407.0 0 0 0 0 0 0 0 0 0
16.4 -949.7 2889.1 0 0 0 0 0 0 0 0 0
-16.7 29.5 2817.4 1 0.3157531023 0.3992730379 -0.8607444763 -0.1844126433 0.9156786203 0.3571058810 0.9307480454 0.0459748656 0.3627593815
-96.0 -152.4 2808.3 0.3157531023 0.3992730379 -0.8607444763 -0.1844126433 0.9156786203 0.3571058810 0.9307480454 0.0459748656 0.3627593815
-177.4 -333.6 2801.3 0.3183011115 0.4094575644 -0.8550022840 -0.1786553860 0.9116593599 0.3700804114 0.9310030341 0.0349537544 0.3633340001
-140.8 -127.3 2677.4 -0.6083721519 0.1452038437 -0.7802558541 0.6459283233 0.6618297100 -0.3804708123 0.4611506760 -0.7354571819 -0.4964300394
11.1 -288.6 2562.3 -0.9444049001 0.1452038437 0.2949835062 -0.1289081424 0.6618297100 -0.7384877205 -0.3024601042 -0.7354571819 -0.6063172817
-51.2 -177.5 2939.2 0.7477363348 0.2836477160 -0.6003618240 -0.6629471183 0.3697108924 -0.6510107517 0.0373026058 0.8847925067 0.4644896984
125.1 -333.8 2948.0 0.9565981030 0.2836477160 0.0668132454 -0.0448051840 0.3697108924 -0.9280658960 -0.2879453599 0.8847925067 0.3663736284
-294.9 -498.4 2711.5 0.8587754369 -0.5008794665 -0.1078167781 -0.0904930830 0.0588436536 -0.9941571355 0.5042972565 0.8635144234 0.0052073575
-88.6 -522.7 2355.8 0.8587754369 0.1881865412 -0.4765401781 -0.0904930830 0.9711920023 0.2204473615 0.5042972565 -0.1461911947 0.8510654569
-229.6 -531.1 2879.6 0.1622414589 -0.9792888761 -0.1211240143 0.0827885866 0.1358266622 -0.9872675538 0.9832719564 0.1501480341 0.1031106561
123.3 -580.0 2825.5 0.1622414589 0.2360864282 -0.9580923319 0.0827885866 0.9642762542 0.2516294718 0.9832719564 -0.1201438457 0.1369003206
281.1 -251.7 2648.7 0 0 0 0 0 0 0 0 0
373.6 -345.5 2873.2 0 0 0 0 0 0 0 0 0
-160.5 -893.9 2411.7 0 0 0 0 0 0 0 0 0
33.1 -948.5 2871.4 0 0 0 0 0 0 0 0 0
-17.3 28.6 2808.6 2 0.3016053438 0.4205093086 -0.8556904197 -0.1670584977 0.9069072008 0.3867954910 0.9386829734 0.0262907762 0.3437777162
-100.3 -150.2 2803.4 0.3016053438 0.4205093086 -0.8556904197 -0.1670584977 0.9069072008 0.3867954910 0.9386829734 0.0262907762 0.3437777162
-185.6 -329.6 2799.7 0.3033030331 0.4293138683 -0.8507037163 -0.1634428799 0.9029657841 0.3974156976 0.9387724400 0.0185040738 0.3440405726
-143.0 -127.3 2671.4 -0.6187416911 0.1384487301 -0.7732985616 0.6554920077 0.6335328221 -0.4110552371 0.4329999387 -0.7612280250 -0.4827452004
9.5 -288.8 2564.7 -0.9515529871 0.1384487301 0.2745520473 -0.1279875487 0.6335328221 -0.7630565763 -0.2795819342 -0.7612280250 -0.5851203203
-57.6 -173.2 2935.4 0.7322807312 0.2814096808 -0.6201398969 -0.6781601310 0.3844540119 -0.6263337135 0.0621588975 0.8792062998 0.4723691046
115.1 -333.1 2950.1 0.9586832523 0.2814096808 0.0416529328 -0.0728680640 0.3844540119 -0.9202637672 -0.2749847770 0.8792062998 0.3890753984
-288.1 -498.4 2709.0 0.8636513948 -0.4910475016 -0.1139239892 -0.0987513959 0.0568081141 -0.9934893250 0.4943222404 0.8692785501 0.0005707807
-87.4 -521.6 2353.8 0.8636513948 0.1990466267 -0.4631271362 -0.0987513959 0.9677449465 0.2317713052 0.4943222404 -0.1544351429 0.8554503322
-243.2 -524.0 2882.0 0.1524023712 -0.9777023792 -0.1444700956 0.1025899500 0.1610378176 -0.9816018343 0.9829795361 0.1347772628 0.1248449832
109.2 -582.0 2833.4 0.1524023712 0.2589639723 -0.9537878036 0.1025899500 0.9557026625 0.2758763731 0.9829795361 -0.1398932487 0.1190842539
281.5 -252.2 2644.6 0 0 0 0 0 0 0 0 0
364.1 -352.0 2878.7 0 0 0 0 0 0 0 0 0
-163.5 -891.5 2412.8 0 0 0 0 0 0 0 0 0
10.3 -947.2 2886.9 0 0 0 0 0 0 0 0 0
-17.6 24.4 2803.7 3 0.3232422173 0.4188515246 -0.8485740423 -0.1690717340 0.9078466296 0.3837046623 0.9310903549 0.0194403343 0.3642703295
-100.1 -154.6 2799.9 0.3232422173 0.4188515246 -0.8485740423 -0.1690717340 0.9078466296 0.3837046623 0.9310903549 0.0194403343 0.3642703295
-185.5 -334.0 2796.9 0.3233603835 0.4293583632 -0.8432611823 -0.1688194871 0.9030159116 0.3950471282 0.9310950637 0.0146163357 0.3644836247
-145.6 -130.8 2668.9 -0.6432180405 0.1504978240 -0.7507469058 0.6362987161 0.6504538655 -0.4147695005 0.4259043336 -0.7444865108 -0.5141452551
12.2 -287.0 2564.4 -0.9485587478 0.1504978240 0.2785438597 -0.1171697974 0.6504538655 -0.7504538894 -0.2941215932 -0.7444865108 -0.5993599296
-54.6 -178.3 2930.8 0.7335138917 0.3002403080 -0.6097648740 -0.6783492565 0.3793878555 -0.6292114854 0.0424227268 0.8751689196 0.4819540679
118.4 -338.3 2940.8 0.9525415301 0.3002403080 0.0502030738 -0.0709623322 0.3793878555 -0.9225124121 -0.2960218489 0.8751689196 0.3826884627
-298.8 -494.1 2709.9 0.8532762527 -0.5081480145 -0.1170692220 -0.0952392146 0.0688628778 -0.9930697083 0.5126881003 0.8585124016 0.0103634438
-87.4 -522.7 2352.7 0.8532762527 0.1906739622 -0.4853483737 -0.0952392146 0.9720796943 0.2144540548 0.5126881003 -0.1367643625 0.8476122022
-241.2 -529.0 2879.4 0.1735691875 -0.9745905995 -0.1415870190 0.0969792157 0.1599848866 -0.9823440909 0.9800350666 0.1567736715 0.1222834811
110.2 -586.6 2822.8 0.1735691875 0.2554736435 -0.9511082768 0.0969792157 0.9566391706 0.2746571600 0.9800350666 -0.1399097592 0.1412674487
283.4 -253.5 2648.4 0 0 0 0 0 0 0 0 0
365.9 -356.7 2863.9 0 0 0 0 0 0 0 0 0
-160.3 -894.3 2405.0 0 0 0 0 0 0 0 0 0
12.5 -952.2 2876.3 0 0 0 0 0 0 0 0 0
-17.5 26.5 2812.2 4 0.2777436376 0.4288694859 -0.8596100807 -0.1621488929 0.9029065967 0.3980796337 0.9468718171 0.0288207345 0.3203172684
-102.0 -151.5 2806.6 0.2777436376 0.4288694859 -0.8596100807 -0.1621488929 0.9029065967 0.3980796337 0.9468718171 0.0288207345 0.3203172684
-190.0 -329.7 2802.5 0.2792395949 0.4424813688 -0.8521944880 -0.1590595394 0.8965520859 0.4133937359 0.9469558001 0.0201137606 0.3207337260
-141.3 -129.2 2673.5 -0.6296351552 0.1367686838 -0.7647573948 0.6396663189 0.6499119401 -0.4104161859 0.4408928752 -0.7476020455 -0.4966937304
14.4 -287.4 2564.5 -0.9462971091 0.1367686838 0.2929439545 -0.1374627501 0.6499119401 -0.7474747300 -0.2926189005 -0.7476020455 -0.5962091684
-62.8 -173.8 2939.6 0.7198842764 0.2672497630 -0.6405811310 -0.6888771057 0.3880379498 -0.6122702360 0.0849407092 0.8820453882 0.4634446800
106.9 -336.3 2959.7 0.9634473324 0.2672497630 0.0186237227 -0.0899068266 0.3880379498 -0.9172476530 -0.2523609400 0.8820453882 0.3978817165
-300.5 -498.0 2708.6 0.8520368934 -0.5134021640 -0.1022321209 -0.0847243890 0.0574727729 -0.9947455525 0.5165800452 0.8562214375 0.0054712375
-87.9 -521.8 2354.0 0.8520368934 0.1871823668 -0.4888721108 -0.0847243890 0.9708822966 0.2240744531 0.5165800452 -0.1495003104 0.8430864215
-252.3 -522.5 2885.2 0.1315970868 -0.9779192805 -0.1623457223 0.1093343347 0.1770891845 -0.9781029820 0.9852554202 0.1109655350 0.1302245706
99.9 -586.3 2845.2 0.1315970868 0.2764537632 -0.9519745111 0.1093343347 0.9504196048 0.2911161482 0.9852554202 -0.1423935294 0.0948465616
284.9 -248.1 2648.1 0 0 0 0 0 0 0 0 0
357.0 -359.6 2894.2 0 0 0 0 0 0 0 0 0
-159.4 -892.9 2411.1 0 0 0 0 0 0 0 0 0
-5.7 -949.5 2899.6 0 0 0 0 0 0 0 0 0
-18.1 28.0 2817.0 5 0.2607172132 0.4205106199 -0.8690209389 -0.1667518020 0.9062382579 0.3884920776 0.9509050250 0.0436242297 0.3063928187
-101.3 -151.2 2808.4 0.2607172132 0.4205106199 -0.8690209389 -0.1667518020 0.9062382579 0.3884920776 0.9509050250 0.0436242297 0.3063928187
-187.4 -330.2 2801.5 0.2624622285 0.4336051941 -0.8620325327 -0.1630606651 0.9004338384 0.4032742381 0.9510650635 0.0347193554 0.3070338070
-138.2 -128.3 2674.6 -0.6102484465 0.1133733019 -0.7840556502 0.6516045928 0.6347218156 -0.4153789282 0.4505643547 -0.7643786669 -0.4612125754
12.7 -289.4 2563.3 -0.9481850863 0.1133733019 0.2968022227 -0.1607029885 0.6347218156 -0.7558457255 -0.2740795612 -0.7643786669 -0.5836143494
-64.3 -174.1 2942.1 0.7246028781 0.2466932237 -0.6435006857 -0.6826874614 0.3846759796 -0.6212586164 0.0942789689 0.8894755840 0.4471516907
106.6 -335.2 2964.4 0.9688972235 0.2466932237 0.0195087269 -0.0794265717 0.3846759796 -0.9196280837 -0.2343705446 0.8894755840 0.3923054934
-303.5 -493.4 2711.6 0.8448174000 -0.5206031799 -0.1235147119 -0.1034426615 0.0675718486 -0.9923374653 0.5249601603 0.8511206508 0.0032332984
-86.0 -521.6 2356.0 0.8448174000 0.1995347142 -0.4964568913 -0.1034426615 0.9712659121 0.2143411040 0.5249601603 -0.1297242641 0.8411827683
-249.5 -524.1 2881.7 0.1116952896 -0.9814541936 -0.1557941735 0.1040405408 0.1674630195 -0.9803732634 0.9882811904 0.0932941660 0.1208158582
104.2 -584.5 2848.1 0.1116952896 0.2700627744 -0.9563421011 0.1040405408 0.9538972378 0.2815237045 0.9882811904 -0.1309432238 0.0784483552
282.7 -243.6 2641.3 0 0 0 0 0 0 0 0 0
358.3 -355.8 2903.5 0 0 0 0 0 0 0 0 0
-162.2 -892.8 2405.6 0 0 0 0 0 0 0 0 0
1.0 -949.1 2898.1 0 0 0 0 0 0 0 0 0
-15.5 24.4 2807.4 6 0.2659449577 0.4524173439 -0.8512296081 -0.1509432644 0.8916803002 0.4267579913 0.9520973563 0.0149932364 0.3054272234
-105.1 -152.2 2804.4 0.2659449577 0.4524173439 -0.8512296081 -0.1509432644 0.8916803002 0.4267579913 0.9520973563 0.0149932364 0.3054272234
-194.8 -329.5 2801.6 0.2664438188 0.4514252245 -0.8516002297 -0.1499586850 0.8921960592 0.4260264635 0.9521135092 0.0141927386 0.3054152727
-142.6 -131.1 2670.5 -0.6320812702 0.1194037348 -0.7656474113 0.6393275261 0.6386777163 -0.4281951189 0.4378738701 -0.7601535916 -0.4800343215
13.6 -289.1 2562.3 -0.9422435164 0.1194037348 0.3129214942 -0.1684135497 0.6386777163 -0.7508180141 -0.2895064652 -0.7601535916 -0.5816807747
-67.6 -173.3 2938.3 0.7119179368 0.2608871460 -0.6520051956 -0.6947612762 0.3969886601 -0.5997555852 0.1023701355 0.8799647093 0.4638776481
100.4 -337.2 2962.5 0.9653592110 0.2608871460 0.0044173626 -0.1031124517 0.3969886601 -0.9120130539 -0.2396861315 0.8799647093 0.4101373851
-297.6 -494.2 2707.3 0.8460596800 -0.5174415708 -0.1282077432 -0.1105267406 0.0650066733 -0.9917449355 0.5215044022 0.8532457948 -0.0021916018
-83.8 -521.1 2354.8 0.8460596800 0.2080829442 -0.4907998145 -0.1105267406 0.9691380858 0.2203523368 0.5215044022 -0.1321847290 0.8429474235
-260.1 -520.5 2886.1 0.1211424842 -0.9772448540 -0.1741176844 0.1209298298 0.1886326075 -0.9745736122 0.9852413535 0.0970062464 0.1410294771
92.2 -588.5 2851.1 0.1211424842 0.2876752913 -0.9500355124 0.1209298298 0.9456781745 0.3017760813 0.9852413535 -0.1514455378 0.0797732770
279.4 -241.6 2643.9 0 0 0 0 0 0 0 0 0
351.1 -364.0 2900.2 0 0 0 0 0 0 0 0 0
-163.4 -891.5 2405.3 0 0 0 0 0 0 0 0 0
-17.7 -949.8 2909.0 0 0 0 0 0 0 0 0 0
-17.1 21.8 2823.6 7 0.2750630677 0.4363496006 -0.8567025661 -0.1980168968 0.8976822495 0.3936443627 0.9408133030 0.0613645576 0.3333238363
-103.2 -155.3 2811.5 0.2750630677 0.4363496006 -0.8567025661 -0.1980168968 0.8976822495 0.3936443627 0.9408133030 0.0613645576 0.3333238363
-191.3 -332.9 2800.6 0.2768622637 0.4430743158 -0.8526619673 -0.1943496168 0.8948298693 0.4018802941 0.9410502315 0.0544490330 0.3338559568
-142.2 -128.0 2679.2 -0.6155722141 0.0976343825 -0.7820091844 0.6381405592 0.6440206766 -0.4219170511 0.4624364972 -0.7587521672 -0.4587456882
14.0 -289.9 2561.9 -0.9447962642 0.0976343825 0.3127739727 -0.1796227545 0.6440206766 -0.7436215281 -0.2740359306 -0.7587521672 -0.5909309983
-64.2 -182.6 2943.7 0.7198544145 0.2650038898 -0.6415470243 -0.6914111376 0.3554033041 -0.6289984584 0.0613208897 0.8963600993 0.4390652776
105.5 -345.6 2958.2 0.9640960693 0.2650038898 0.0170793459 -0.0811945200 0.3554033041 -0.9311798811 -0.2528363466 0.8963600993 0.3641597927
-309.0 -493.0 2711.4 0.8398094773 -0.5285146832 -0.1240654886 -0.1020686030 0.0707395971 -0.9922589660 0.5331997871 0.8459717035 0.0054630260
-87.7 -522.6 2357.3 0.8398094773 0.1985164434 -0.5052832961 -0.1020686030 0.9718831778 0.2121910900 0.5331997871 -0.1266265213 0.8364590406
-254.0 -528.4 2876.0 0.1290566623 -0.9781239033 -0.1631502658 0.0730229989 0.1734535396 -0.9821311235 0.9889448881 0.1148368493 0.0938108712
98.6 -590.9 2834.6 0.1290566623 0.2777585983 -0.9519425035 0.0730229989 0.9547021985 0.2884637117 0.9889448881 -0.1067418605 0.1029279232
278.0 -239.7 2638.5 0 0 0 0 0 0 0 0 0
356.0 -366.7 2892.5 0 0 0 0 0 0 0 0 0
-163.6 -894.1 2405.7 0 0 0 0 0 0 0 0 0
-7.4 -955.4 2875.4 0 0 0 0 0 0 0 0 0
-4.3 13.5 2816.5 8 0.2969732583 0.4800676107 -0.8254344463 -0.2264542431 0.8751799464 0.4275260270 0.9276450872 0.0599593446 0.3686183691
-99.3 -159.8 2804.6 0.2969732583 0.4800676107 -0.8254344463 -0.2264542431 0.8751799464 0.4275260270 0.9276450872 0.0599593446 0.3686183691
-195.3 -333.1 2793.4 0.2975674272 0.4831184745 -0.8234380484 -0.2253753990 0.8736789227 0.4311508834 0.9277173877 0.0572862141 0.3688614070
-141.1 -128.0 2674.2 -0.6189399958 0.0970955193 -0.7794137001 0.6412931085 0.6354190707 -0.4300996959 0.4534935951 -0.7660385370 -0.4555529654
13.7 -288.4 2560.8 -0.9468727112 0.0970955193 0.3066014946 -0.1781292856 0.6354190707 -0.7513405085 -0.2677722275 -0.7660385370 -0.5843654871
-57.5 -191.5 2935.0 0.6902593374 0.3088954091 -0.6543131471 -0.7231345177 0.3255866766 -0.6091549993 0.0248704739 0.8936313391 0.4481121898
105.1 -361.8 2940.9 0.9510284662 0.3088954091 -0.0113338120 -0.1169325933 0.3255866766 -0.9382537603 -0.2861321270 0.8936313391 0.3457621634
-304.8 -492.8 2703.6 0.8364534974 -0.5335033536 -0.1253782213 -0.1025110781 0.0724286288 -0.9920915365 0.5383651257 0.8426910639 0.0058931727
-85.9 -522.5 2357.8 0.8364534974 0.2032793462 -0.5089430809 -0.1025110781 0.9703075290 0.2190770209 0.5383651257 -0.1310754418 0.8324555159
-264.0 -527.2 2867.1 0.1638908833 -0.9654837847 -0.2024373114 0.0476937480 0.2127271891 -0.9759469628 0.9853248596 0.1502938122 0.0809115842
83.7 -603.8 2813.0 0.1638908833 0.3155308664 -0.9346550703 0.0476937480 0.9438238144 0.3269892037 0.9853248596 -0.0981677473 0.1396352649
276.0 -239.0 2635.0 0 0 0 0 0 0 0 0 0
351.9 -392.2 2866.6 0 0 0 0 0 0 0 0 0
-163.6 -893.4 2407.9 0 0 0 0 0 0 0 0 0
-36.8 -964.1 2850.5 0 0 0 0 0 0 0 0 0
-6.9 49.8 2828.1 9 0.3176504970 0.3679538667 -0.8739039302 -0.2224922776 0.9248299003 0.3085235655 0.9217349887 0.0964342207 0.3756395876
-91.9 -163.9 2805.9 0.3176504970 0.3679538667 -0.8739039302 -0.2224922776 0.9248299003 0.3085235655 0.9217349887 0.0964342207 0.3756395876
-201.6 -328.5 2798.2 0.3047327101 0.5538232923 -0.7748662233 -0.2471079081 0.8316753507 0.4972462356 0.9198237062 0.0399483740 0.3902928233
-134.6 -129.1 2676.5 -0.6058083177 0.0677901804 -0.7927173376 0.6536948085 0.6103640199 -0.4473688304 0.4535189271 -0.7892149687 -0.4140776694
14.4 -289.9 2564.9 -0.9553487897 0.0677901804 0.2875990272 -0.1883136928 0.6103640199 -0.7694112659 -0.2276986241 -0.7892149687 -0.5703446865
-49.2 -198.7 2935.2 0.6295070052 0.3604063690 -0.6883518100 -0.7769415379 0.3023466170 -0.5522212982 0.0090967622 0.8824362755 0.4703440070
98.7 -381.3 2937.3 0.9296233654 0.3604063690 -0.0768609196 -0.1943711340 0.3023466170 -0.9331700802 -0.3130818009 0.8824362755 0.3511210680
-318.5 -485.9 2697.1 0.8195558190 -0.5591799617 -0.1250840276 -0.0903172493 0.0895037204 -0.9918829799 0.5658366084 0.8242006898 0.0228496939
-86.4 -523.0 2355.1 0.8195558190 0.1937178224 -0.5392603278 -0.0903172493 0.9730268121 0.2122770995 0.5658366084 -0.1252684146 0.8149458766
-283.4 -515.9 2874.8 0.1957225353 -0.9402553439 -0.2785903811 0.0369573496 0.2909550965 -0.9560226202 0.9799626470 0.1768192202 0.0916958228
54.2 -620.3 2811.3 0.1957225353 0.3877123594 -0.9007617831 0.0369573496 0.9149580598 0.4018531144 0.9799626470 -0.1119414791 0.1647490859
276.1 -238.3 2627.3 0 0 0 0 0 0 0 0 0
339.3 -431.6 2856.3 0 0 0 0 0 0 0 0 0
-160.4 -895.0 2403.0 0 0 0 0 0 0 0 0 0
-93.4 -968.8 2854.0 0 0 0 0 0 0 0 0 0
-9.9 42.3 2824.0 0 0.2988623083 0.3986658752 -0.8670333624 -0.2042678744 0.9142245650 0.3499544263 0.9321780801 0.0725188628 0.3546619117
-95.1 -153.0 2808.5 0.2988623083 0.3986658752 -0.8670333624 -0.2042678744 0.9142245650 0.3499544263 0.9321780801 0.0725188628 0.3546619117
-195.1 -323.8 2801.0 0.2937726080 0.5050106645 -0.8115798831 -0.2142732441 0.8622284532 0.4589652419 0.9315496087 0.0390684307 0.3615093827
-136.2 -122.8 2677.5 -0.5973274708 0.0634896010 -0.7994804382 0.6591715813 0.6066921949 -0.4443168342 0.4568290412 -0.7923974395 -0.4042444229
15.1 -289.8 2561.8 -0.9546988010 0.0634896010 0.2907219231 -0.1943771243 0.6066921949 -0.7708061337 -0.2253168970 -0.7923974395 -0.5668673515
-54.0 -183.2 2939.5 0.6717642546 0.3195710480 -0.6682867408 -0.7397487760 0.3366456926 -0.5826160312 0.0387886241 0.8857449293 0.4625488222
103.9 -357.1 2948.6 0.9469782114 0.3195710480 -0.0332659297 -0.1462823153 0.3366456926 -0.9301995039 -0.2860659957 0.8857449293 0.3655437231
-334.4 -472.5 2705.7 0.8046085238 -0.5764965415 -0.1423266530 -0.0929969475 0.1143899262 -0.9890735745 0.5864782333 0.8090529442 0.0384266935
-86.3 -521.7 2357.5 0.8046085238 0.1973543167 -0.5600503683 -0.0929969475 0.9733964801 0.2094059289 0.5864782333 -0.1164068207 0.8015564680
-268.4 -514.3 2878.9 0.1677326560 -0.9594662189 -0.2264735848 0.0641552359 0.2398649156 -0.9686841369 0.9837427735 0.1479504853 0.1017879620
76.3 -600.5 2825.8 0.1677326560 0.3385014236 -0.9258955121 0.0641552359 0.9334627390 0.3528901339 0.9837427735 -0.1185922474 0.1348555386
273.5 -237.2 2622.7 0 0 0 0 0 0 0 0 0
349.1 -395.0 2874.5 0 0 0 0 0 0 0 0 0
-161.7 -893.9 2402.0 0 0 0 0 0 0 0 0 0
-52.7 -956.2 2871.0 0 0 0 0 0 0 0 0 0
-14.7 30.7 2811.4 1 0.3165687919 0.4238725901 -0.8485966325 -0.1803271025 0.9051846862 0.3848672509 0.9312713742 0.0311880037 0.3629889488
-101.6 -154.7 2805.0 0.3165687919 0.4238725901 -0.8485966325 -0.1803271025 0.9051846862 0.3848672509 0.9312713742 0.0311880037 0.3629889488
-196.8 -328.6 2802.4 0.3135566115 0.4804200232 -0.8190719485 -0.1862633526 0.8769324422 0.4430524111 0.9311220050 0.0136410873 0.3644526005
-145.5 -128.5 2674.0 -0.6336737871 0.0482697263 -0.7720929384 0.6328269839 0.6064011455 -0.4814641178 0.4449579120 -0.7936924696 -0.4148069024
14.8 -288.6 2561.5 -0.9588389397 0.0482697263 0.2798176706 -0.1944762915 0.6064011455 -0.7710101604 -0.2068981975 -0.7936924696 -0.5720537305
-57.6 -180.9 2935.9 0.6934910417 0.3227513433 -0.6441286802 -0.7191924453 0.3632382452 -0.5923007131 0.0428063236 0.8740077615 0.4840228260
105.7 -350.3 2946.0 0.9464820623 0.3227513433 -0.0017964402 -0.1256168485 0.3632382452 -0.9231892228 -0.2973080277 0.8740077615 0.3843415082
-319.6 -475.9 2707.9 0.8190734386 -0.5540257096 -0.1489101946 -0.1087183580 0.1049621776 -0.9885156751 0.5632930398 0.8258562088 0.0257389639
-85.3 -520.3 2358.6 0.8190734386 0.2052775323 -0.5357050300 -0.1087183580 0.9724105597 0.2063929290 0.5632930398 -0.1108099967 0.8187930584
-263.4 -519.6 2885.2 0.1802388728 -0.9636216164 -0.1973507106 0.0885629430 0.2157199085 -0.9724307060 0.9796277881 0.1577918679 0.1242222786
83.4 -597.2 2828.4 0.1802388728 0.3095523417 -0.9336441159 0.0885629430 0.9402267337 0.3288317919 0.9796277881 -0.1419545412 0.1420505345
271.9 -236.4 2617.0 0 0 0 0 0 0 0 0 0
351.2 -382.9 2868.9 0 0 0 0 0 0 0 0 0
-163.7 -892.1 2400.9 0 0 0 0 0 0 0 0 0
-34.7 -955.8 2882.6 0 0 0 0 0 0 0 0 0
-16.7 27.7 2804.6 2 0.3210977018 0.4298111498 -0.8438948989 -0.1553407460 0.9029155970 0.4007650912 0.9342191815 0.0024065131 0.3566913307
-103.2 -154.0 2804.1 0.3210977018 0.4298111498 -0.8438948989 -0.1553407460 0.9029155970 0.4007650912 0.9342191815 0.0024065131 0.3566913307
-195.1 -329.9 2805.6 0.3192485869 0.4631150067 -0.8268039823 -0.1590459198 0.8862674832 0.4350107312 0.9342294931 -0.0073767584 0.3565962017
-148.0 -131.6 2672.7 -0.6448671222 0.0321603157 -0.7636177540 0.6281960011 0.5913885236 -0.5055980682 0.4353345931 -0.8057451844 -0.4015699923
11.9 -287.4 2564.8 -0.9724630713 0.0321603157 0.2308273166 -0.1676659137 0.5913885236 -0.7887634635 -0.1618755013 -0.8057451844 -0.5697113276
-58.4 -176.4 2935.5 0.7076833844 0.3173133433 -0.6312657595 -0.7042346001 0.3887566328 -0.5940722823 0.0569016896 0.8649743199 0.4985796511
108.5 -342.4 2948.9 0.9481699467 0.3173133433 0.0169102289 -0.1137948707 0.3887566328 -0.9142860770 -0.2966891229 0.8649743199 0.4047159851
-319.5 -485.9 2714.4 0.8261487484 -0.5462778807 -0.1380533874 -0.1114061177 0.0818087682 -0.9904019237 0.5523286462 0.8335992694 0.0067275111
-85.2 -521.0 2356.7 0.8261487484 0.2056092620 -0.5245980620 -0.1114061177 0.9722693563 0.2056232840 0.5523286462 -0.1114319786 0.8261452317
-260.9 -522.3 2888.3 0.2849192917 -0.9497129321 -0.1298705637 0.0350877009 0.1457287520 -0.9887021780 0.9579091072 0.2771434784 0.0748441741
95.6 -577.0 2784.3 0.2849192917 -0.0368692502 -0.9578421712 0.0350877009 0.9989914894 -0.0280159954 0.9579091072 -0.0256261826 0.2859255970
271.2 -242.7 2607.9 0 0 0 0 0 0 0 0 0
354.7 -371.9 2871.8 0 0 0 0 0 0 0 0 0
-163.8 -892.8 2399.3 0 0 0 0 0 0 0 0 0
108.7 -932.4 2793.4 0 0 0 0 0 0 0 0 0
-17.8 25.5 2801.2 3 0.3248376846 0.4285494089 -0.8431048989 -0.1475751251 0.9034964442 0.4023875296 0.9341852665 -0.0062893257 0.3567329347
-103.3 -154.7 2802.4 0.3248376846 0.4285494089 -0.8431048989 -0.1475751251 0.9034964442 0.4023875296 0.9341852665 -0.0062893257 0.3567329347
-192.3 -332.2 2805.0 0.3239638805 0.4485026300 -0.8330022693 -0.1493656933 0.8936920762 0.4230890870 0.9342041016 -0.0126436148 0.3565148413
-148.8 -133.7 2671.0 -0.6645835638 0.0341550596 -0.7464329004 0.6214064956 0.5800110698 -0.5267268419 0.4149489701 -0.8138922453 -0.4066900313
14.6 -286.5 2569.0 -0.9754078984 0.0341550596 0.2177450359 -0.1580822766 0.5800110698 -0.7991227508 -0.1535886228 -0.8138922453 -0.5603480935
-57.7 -175.7 2933.9 0.7192176580 0.3127230406 -0.6204274893 -0.6923139691 0.3978127241 -0.6020352244 0.0585436746 0.8625249863 0.5026164651
111.9 -339.0 2947.7 0.9492843151 0.3127230406 0.0326125026 -0.0997188836 0.3978127241 -0.9120313525 -0.2981868684 0.8625249863 0.4088217616
-315.6 -491.5 2721.5 0.8372089267 -0.5321175456 -0.1262226552 -0.1078493744 0.0656251311 -0.9919989109 0.5361434221 0.8441233635 -0.0024466047
-86.1 -519.8 2357.4 0.8372089267 0.1999824792 -0.5090071559 -0.1078493744 0.9728384018 0.2048265636 0.5361434221 -0.1165865213 0.8360369802
-253.3 -524.4 2891.0 0.3513361216 -0.9320868254 -0.0881877542 0.0385594927 0.1085181385 -0.9933463335 0.9354550242 0.3455979824 0.0740671381
105.0 -566.1 2758.1 0.3513361216 -0.2235715985 -0.9091637135 0.0385594927 0.9737014174 -0.2245411128 0.9354550242 0.0438325144 0.3507173061
274.2 -244.4 2609.9 0 0 0 0 0 0 0 0 0
358.5 -364.9 2870.2 0 0 0 0 0 0 0 0 0
-162.5 -891.7 2401.9 0 0 0 0 0 0 0 0 0
186.0 -918.7 2742.2 0 0 0 0 0 0 0 0 0
-18.0 29.9 2822.5 4 0.2986809909 0.4051333666 -0.8640929461 -0.1672523320 0.9136309028 0.3705472350 0.9395830631 0.0338461548 0.3406436741
-98.8 -152.3 2815.7 0.2986809909 0.4051333666 -0.8640929461 -0.1672523320 0.9136309028 0.3705472350 0.9395830631 0.0338461548 0.3406436741
-183.7 -331.7 2811.4 0.2996874154 0.4282019138 -0.8525435925 -0.1650578529 0.9034122229 0.3957299888 0.9396506548 0.0221237075 0.3414193690
-140.9 -129.0 2683.6 -0.6306836605 0.0384289436 -0.7750879526 0.6219322085 0.6224004030 -0.4752031863 0.4641535282 -0.7817550302 -0.4164379537
19.5 -287.2 2565.5 -0.9661490917 0.0384289436 0.2551061213 -0.1765827388 0.6224004030 -0.7625196576 -0.1880809814 -0.7817550302 -0.5945457220
-56.6 -175.6 2947.9 0.7326523066 0.2777937651 -0.6213302016 -0.6775935888 0.3834712803 -0.6275481582 0.0639333203 0.8807839751 0.4691824317
116.2 -335.4 2963.0 0.9597677588 0.2777937651 0.0409442671 -0.0717110038 0.3834712803 -0.9207645059 -0.2714836001 0.8807839751 0.3879642487
-310.8 -496.2 2721.8 0.8450484276 -0.5214207768 -0.1183786392 -0.1050322726 0.0552048944 -0.9929353595 0.5242722034 0.8515120745 -0.0081151975
-87.2 -519.8 2356.7 0.8450484276 0.1941109747 -0.4982108474 -0.1050322726 0.9738845229 0.2012888789 0.5242722034 -0.1177706346 0.8433675170
-242.0 -526.7 2892.1 0.3532433212 -0.9341888428 -0.0501030982 0.0346334763 0.0665773898 -0.9971799850 0.9348902106 0.3505119383 0.0558722243
122.1 -552.7 2755.5 0.3532433212 -0.3278500736 -0.8762040138 0.0346334763 0.9405249953 -0.3379545510 0.9348902106 0.0890341997 0.3435887396
276.0 -240.4 2615.4 0 0 0 0 0 0 0 0 0
365.5 -354.1 2892.5 0 0 0 0 0 0 0 0 0
-161.4 -892.1 2401.7 0 0 0 0 0 0 0 0 0
243.3 -900.4 2722.5 0 0 0 0 0 0 0 0 0
-23.1 43.2 2809.6 5 0.3926411569 0.3145876527 -0.8642149568 -0.1441249996 0.9491159916 0.2800122201 0.9083286524 0.0146106547 0.4180019498
-90.1 -158.8 2806.5 0.3926411569 0.3145876527 -0.8642149568 -0.1441249996 0.9491159916 0.2800122201 0.9083286524 0.0146106547 0.4180019498
-187.6 -331.2 2807.0 0.3644815683 0.4934189916 -0.7897410393 -0.2075151354 0.8697914481 0.4476608932 0.9077943563 0.0007190715 0.4194148779
-140.9 -129.3 2679.2 -0.6384932995 0.0399339721 -0.7685906887 0.6206066608 0.6173257232 -0.4834834933 0.4551633894 -0.7856934667 -0.4189416170
21.0 -286.7 2563.8 -0.9640399814 0.0399339721 0.2627397180 -0.1829588711 0.6173257232 -0.7651371956 -0.1927509755 -0.7856934667 -0.5878204107
-39.2 -188.3 2933.8 0.6826886535 0.3783142567 -0.6251516342 -0.7306590676 0.3433846831 -0.5901052952 -0.0085777482 0.8596308827 0.5108435750
121.1 -359.8 2931.8 0.9256423116 0.3783142567 0.0080372971 -0.1322691888 0.3433846831 -0.9298343062 -0.3545294404 0.8596308827 0.3678907156
-302.5 -493.5 2721.8 0.8522772193 -0.5084998608 -0.1226844192 -0.1070265621 0.0600603558 -0.9924404621 0.5120242834 0.8589648604 -0.0032349180
-86.3 -519.0 2356.5 0.8522772193 0.1936805844 -0.4859129488 -0.1070265621 0.9738417864 0.2004432082 0.5120242834 -0.1188275889 0.8507121205
-252.4 -523.1 2889.9 0.4482967854 -0.8872288465 -0.1088805124 -0.0101911351 0.1167251095 -0.9931119680 0.8938266635 0.4463185072 0.0432856232
93.7 -568.6 2715.8 0.4482967854 -0.2814937830 -0.8484051228 -0.0101911351 0.9474501610 -0.3197411001 0.8938266635 0.1519851238 0.4218701124
276.6 -238.2 2614.9 0 0 0 0 0 0 0 0 0
360.2 -394.0 2840.2 0 0 0 0 0 0 0 0 0
-160.3 -891.3 2402.0 0 0 0 0 0 0 0 0 0
199.2 -923.8 2658.8 0 0 0 0 0 0 0 0 0
-19.8 34.7 2804.7 6 0.3342055082 0.3765182495 -0.8640258908 -0.1471194327 0.9263412356 0.3467676938 0.9309471250 0.0112233236 0.3649814725
-96.8 -154.9 2802.4 0.3342055082 0.3765182495 -0.8640258908 -0.1471194327 0.9263412356 0.3467676938 0.9309471250 0.0112233236 0.3649814725
-191.5 -329.3 2802.8 0.3211527765 0.4773551524 -0.8179199100 -0.1747123301 0.8787103891 0.4442337453 0.9307720065 0.0002337872 0.3656001091
-141.7 -130.2 2671.9 -0.6505845785 0.0492009409 -0.7578383684 0.6218101382 0.6074103117 -0.4943731427 0.4359952211 -0.7928631306 -0.4257654250
22.4 -287.0 2561.9 -0.9610266685 0.0492009409 0.2720422447 -0.1874255389 0.6074103117 -0.7719613910 -0.2032224983 -0.7928631306 -0.5745159984
-52.0 -179.7 2932.9 0.6953508258 0.3271745741 -0.6398781538 -0.7171453238 0.3738614321 -0.5881583095 0.0467953160 0.8678619862 0.4945965707
111.4 -348.2 2943.9 0.9449501634 0.3271745741 0.0051020384 -0.1244813949 0.3738614321 -0.9190930128 -0.3026113212 0.8678619862 0.3940075636
-321.5 -483.2 2725.0 0.8346357346 -0.5358445048 -0.1274906695 -0.0976279974 0.0838795081 -0.9916819334 0.5420811772 0.8401398063 0.0176954027
-84.2 -520.3 2353.0 0.8346357346 0.1963134408 -0.5146301985 -0.0976279974 0.9722611308 0.2125489563 0.5420811772 -0.1271586418 0.8306495547
-257.0 -520.0 2888.0 0.4089565277 -0.9082256556 -0.0887736157 0.0284192171 0.1099087596 -0.9935353398 0.9121112227 0.4037898779 0.0707589686
99.4 -563.1 2729.5 0.4089565277 -0.3248136044 -0.8527899384 0.0284192171 0.9385890961 -0.3438646197 0.9121112227 0.1163900644 0.3930730820
276.6 -237.4 2615.7 0 0 0 0 0 0 0 0 0
355.9 -380.4 2865.6 0 0 0 0 0 0 0 0 0
-159.3 -892.0 2401.6 0 0 0 0 0 0 0 0 0
222.2 -917.9 2685.5 0 0 0 0 0 0 0 0 0
-17.8 35.7 2814.2 7 0.2674215734 0.3964471519 -0.8782455921 -0.1469191909 0.9175596833 0.3694576621 0.9523131847 0.0302301869 0.3036209643
-97.4 -148.5 2808.2 0.2674215734 0.3964471519 -0.8782455921 -0.1469191909 0.9175596833 0.3694576621 0.9523131847 0.0302301869 0.3036209643
-187.9 -325.2 2805.2 0.2642008960 0.4568960369 -0.8493785262 -0.1537388265 0.8893610239 0.4305825830 0.9521356225 0.0168221518 0.3052126467
-134.2 -126.8 2674.7 -0.6225273609 0.0419693701 -0.7814718485 0.6486949325 0.5862657428 -0.4852704108 0.4377836883 -0.8090309501 -0.3921917975
20.8 -288.3 2565.6 -0.9647880793 0.0419693701 0.2596585155 -0.1866617501 0.5862657428 -0.7883208990 -0.1853142232 -0.8090309501 -0.5577881336
-60.5 -170.3 2941.7 0.7062994242 0.2620298862 -0.6576332450 -0.7004283071 0.3934007287 -0.5955132842 0.1026711091 0.8812355995 0.4613918662
105.6 -335.0 2965.8 0.9650595784 0.2620298862 -0.0005445454 -0.1073301211 0.3934007287 -0.9130805731 -0.2390401810 0.8812355995 0.4077788591
-316.9 -487.0 2718.3 0.8372558951 -0.5323714614 -0.1248325184 -0.0961655974 0.0813770071 -0.9920332432 0.5382887125 0.8425902724 0.0169375595
-86.3 -522.2 2353.3 0.8372558951 0.1908537298 -0.5124230981 -0.0961655974 0.9738986492 0.2056054473 0.5382887125 -0.1228668988 0.8337559700
-254.5 -516.1 2889.1 0.3520669937 -0.9334201217 -0.0691064596 0.0534591153 0.0937669128 -0.9941578507 0.9344468713 0.3463158011 0.0829120502
112.6 -553.0 2752.9 0.3520669937 -0.3615477383 -0.8633261919 0.0534591153 0.9286436439 -0.3671008945 0.9344468713 0.0830914602 0.3462727964
275.7 -239.0 2614.6 0 0 0 0 0 0 0 0 0
355.3 -362.8 2904.0 0 0 0 0 0 0 0 0 0
-159.3 -894.6 2400.2 0 0 0 0 0 0 0 0 0
249.8 -905.6 2721.3 0 0 0 0 0 0 0 0 0
-14.7 33.5 2817.0 8 0.2235103995 0.4284307659 -0.8754942417 -0.1401857734 0.9030091166 0.4061065018 0.9645677805 0.0319628157 0.2618918121
-100.0 -146.4 2810.6 0.2235103995 0.4284307659 -0.8754942417 -0.1401857734 0.9030091166 0.4061065018 0.9645677805 0.0319628157 0.2618918121
-191.9 -322.5 2807.2 0.2249429077 0.4626477957 -0.8575299978 -0.1373091638 0.8863536716 0.4421802461 0.9646486044 0.0182814188 0.2629047632
-131.5 -127.0 2675.3 -0.6182007790 0.0390915275 -0.7850475311 0.6488834620 0.5890406370 -0.4816444516 0.4435966611 -0.8071573377 -0.3895112276
22.3 -288.4 2564.9 -0.9635183811 0.0390915275 0.2647719979 -0.1918193400 0.5890406370 -0.7850072980 -0.1866485924 -0.8071573377 -0.5600529313
-68.5 -165.7 2946.0 0.6967185140 0.2296621203 -0.6795870662 -0.7028543949 0.4080059528 -0.5826893449 0.1434539109 0.8836212158 0.4456843138
95.5 -331.2 2979.8 0.9729679227 0.2296621203 -0.0242647510 -0.1188817322 0.4080059528 -0.9052062035 -0.1979914159 0.8836212158 0.4242793322
-303.3 -487.3 2715.3 0.8492887020 -0.5117112398 -0.1298474222 -0.1015710682 0.0829814821 -0.9913613796 0.5180656910 0.8551407456 0.0185001772
-86.6 -522.5 2353.1 0.8492887020 0.1938849390 -0.4910370111 -0.1015710682 0.9727522731 0.2084137499 0.5180656910 -0.1271282881 0.8458406329
-253.3 -514.2 2889.7 0.3388904035 -0.9389591217 -0.0592368543 -0.0356780700 0.0500913933 -0.9981071949 0.9401491284 0.3403623998 -0.0165247563
117.7 -533.9 2755.2 0.3388904035 -0.3263891637 -0.8823964000 -0.0356780700 0.9327625632 -0.3587214649 0.9401491284 0.1530494690 0.3044593632
276.1 -237.9 2614.1 0 0 0 0 0 0 0 0 0
347.6 -362.0 2928.5 0 0 0 0 0 0 0 0 0
-160.7 -894.4 2401.7 0 0 0 0 0 0 0 0 0
242.5 -890.6 2696.7 0 0 0 0 0 0 0 0 0
-16.7 30.1 2818.9 9 0.2323765308 0.4256520271 -0.8745407462 -0.1492969692 0.9041083455 0.4003729224 0.9610991478 0.0375290066 0.2736421227
-101.3 -149.5 2811.4 0.2323765308 0.4256520271 -0.8745407462 -0.1492969692 0.9041083455 0.4003729224 0.9610991478 0.0375290066 0.2736421227
-190.6 -327.0 2807.3 0.2360242903 0.4498374164 -0.8613587022 -0.1418098360 0.8928572536 0.4274294078 0.9613441229 0.0212654136 0.2745273709
-134.4 -129.5 2676.3 -0.6260102987 0.0341501012 -0.7790666223 0.6432130337 0.5874537230 -0.4910958409 0.4408946633 -0.8085368872 -0.3897179067
21.4 -289.6 2566.6 -0.9673654437 0.0341501012 0.2510735095 -0.1838096529 0.5874537230 -0.7881066799 -0.1744080037 -0.8085368872 -0.5620053411
-68.2 -169.5 2946.5 0.7086513638 0.2321986705 -0.6662559509 -0.6933168769 0.4043116271 -0.5965265036 0.1308623850 0.8846557736 0.4475032389
