405.4 313.3 2628.6 73 0.9735500216 0.0871351510 0.2112056762 -0.0780156553 0.9956391454 -0.0511493236 -0.2147415429 0.0333190784 0.9761024117
388.1 116.0 2622.0 0.9735500216 0.0871351510 0.2112056762 -0.0780156553 0.9956391454 -0.0511493236 -0.2147415429 0.0333190784 0.9761024117
370.1 -77.0 2614.3 0.9731511474 0.0930232704 0.2105313689 -0.0824222863 0.9948731661 -0.0585994236 -0.2149031311 0.0396736190 0.9758291841
255.2 127.3 2651.4 0.2926218212 -0.8583092093 -0.4215184152 0.9450766444 0.3267194331 -0.0091959853 0.1456112564 -0.3956762552 0.9067732096
171.2 -144.3 2609.5 0.0834780782 -0.8628703952 -0.4984837770 0.8923840523 0.2873533964 -0.3479636312 0.4434885383 -0.4157916605 0.7939994931
521.0 104.8 2592.6 0.1789989769 0.5331349373 0.8268775344 -0.9789969921 0.1798866689 0.0959459990 -0.0975920781 -0.8266848922 0.5541370511
567.0 -146.5 2567.6 -0.1814947128 0.5401856899 0.8217414618 -0.9148636460 0.2137252241 -0.3425581157 -0.3606718779 -0.8139538765 0.4554062784
260.8 -267.5 2622.0 0.9997715950 -0.0143133076 0.0158712659 0.0185014438 0.9513803124 -0.3074624240 -0.0106988056 0.3076858521 0.9514278769
266.3 -636.5 2502.7 0.9851996303 0.1711036712 0.0102581568 -0.1713044494 0.9849318266 0.0237500835 -0.0060398583 -0.0251558423 0.9996653199
435.4 -279.1 2584.0 0.9866513610 -0.0220429935 0.1613479704 0.0357502252 0.9959454536 -0.0825507045 -0.1588741094 0.0872169957 0.9834389687
443.9 -665.5 2550.1 0.9845222235 -0.0868587345 0.1522220075 0.0648271888 0.9874297976 0.1441519111 -0.1628293991 -0.1320526302 0.9777774215
148.9 -382.6 2491.1 0 0 0 0 0 0 0 0 0
520.3 -381.8 2474.8 0 0 0 0 0 0 0 0 0
202.5 -1003.8 2512.1 0 0 0 0 0 0 0 0 0
476.3 -1033.6 2599.3 0 0 0 0 0 0 0 0 0
434.0 313.5 2632.8 74 0.9916887283 0.0674598366 0.1095566899 -0.0630053654 0.9970591664 -0.0436279289 -0.1121776327 0.0363626629 0.9930226207
420.6 115.6 2625.6 0.9916887283 0.0674598366 0.1095566899 -0.0630053654 0.9970591664 -0.0436279289 -0.1121776327 0.0363626629 0.9930226207
407.0 -77.8 2617.4 0.9915548563 0.0701698810 0.1090647504 -0.0649440959 0.9965973496 -0.0507540740 -0.1122550443 0.0432423390 0.9927380681
285.9 124.4 2640.8 0.2983554006 -0.8103905916 -0.5042332411 0.9416533113 0.3361591995 0.0169109888 0.1557981372 -0.4798583984 0.8634018898
193.1 -168.4 2592.4 0.0487923287 -0.8139793873 -0.5788409114 0.8972098231 0.2903785706 -0.3327083290 0.4389007390 -0.5031081438 0.7444785833
555.2 106.8 2610.3 0.1164011285 0.6139535308 0.7807124257 -0.9837896824 0.1792346388 0.0057287272 -0.1364135444 -0.7687236071 0.6248642206
584.9 -143.6 2575.6 -0.1496661305 0.6123306751 0.7763060927 -0.9344945550 0.1688769907 -0.3133696020 -0.3229860663 -0.7723546624 0.5469444990
278.8 -264.5 2622.8 0.9378907084 -0.0093406020 -0.3468050957 -0.1258494854 0.9223883748 -0.3651870489 0.3233000636 0.3861507773 0.8639239669
282.4 -617.8 2474.9 0.9378907084 0.1680525541 -0.3035117090 -0.1258494854 0.9800607562 0.1537622511 0.3233000636 -0.1060153916 0.9403392076
455.5 -277.5 2591.5 0.9982256293 0.0008888790 0.0595381632 0.0029668796 0.9979041219 -0.0646414161 -0.0594708361 0.0647033677 0.9961308837
455.2 -664.4 2566.4 0.9973374009 -0.0426367037 0.0591622442 0.0388579965 0.9972177744 0.0636139661 -0.0617099293 -0.0611456670 0.9962193966
180.1 -408.1 2475.1 0 0 0 0 0 0 0 0 0
546.4 -383.8 2492.6 0 0 0 0 0 0 0 0 0
219.9 -982.3 2514.3 0 0 0 0 0 0 0 0 0
471.0 -1035.1 2589.1 0 0 0 0 0 0 0 0 0
448.8 311.2 2635.4 75 0.9976484179 0.0497392528 0.0471551456 -0.0478245169 0.9980180860 -0.0408993736 -0.0490959920 0.0385480225 0.9980499148
439.0 112.7 2627.7 0.9976484179 0.0497392528 0.0471551456 -0.0478245169 0.9980180860 -0.0408993736 -0.0490959920 0.0385480225 0.9980499148
429.6 -80.9 2619.8 0.9977347851 0.0481515974 0.0469756313 -0.0460637324 0.9979441762 -0.0445596427 -0.0490246750 0.0422948338 0.9979016781
303.3 119.0 2634.4 0.2965415418 -0.7825334072 -0.5474528074 0.9443870187 0.3255793154 0.0461652540 0.1421134621 -0.5306972861 0.8355621696
216.3 -158.1 2592.7 0.0458055772 -0.7846097946 -0.6182954907 0.9053722620 0.2941636443 -0.3062169552 0.4221408665 -0.5457611680 0.7238382697
574.6 106.5 2621.1 0.1404090524 0.6594095826 0.7385555506 -0.9837827682 0.1770054400 0.0289929714 -0.1116101071 -0.7306490541 0.6735689640
610.2 -142.9 2592.8 -0.1564414650 0.6564778686 0.7379450798 -0.9276267886 0.1589085609 -0.3380187154 -0.3391675949 -0.7374176979 0.5841065645
312.0 -266.3 2617.7 0.9714509845 0.0487392657 -0.2321798801 -0.1351557225 0.9180214405 -0.3727862537 0.1949767768 0.3935239911 0.8984001875
293.3 -619.7 2466.2 0.9714509845 0.1656078845 -0.1698735952 -0.1351557225 0.9748101234 0.1774206907 0.1949767768 -0.1493961066 0.9693630934
489.9 -277.0 2601.3 0.9976146817 0.0689781383 -0.0026361207 -0.0689935088 0.9951660633 -0.0698887184 -0.0021974165 0.0699038878 0.9975513220
463.2 -662.2 2574.3 0.9999821186 0.0030348566 0.0051534944 -0.0032521700 0.9990827441 0.0426970385 -0.0050191884 -0.0427130349 0.9990747571
204.1 -400.1 2479.8 0 0 0 0 0 0 0 0 0
569.9 -381.4 2505.6 0 0 0 0 0 0 0 0 0
231.6 -982.6 2521.8 0 0 0 0 0 0 0 0 0
462.1 -1033.9 2590.2 0 0 0 0 0 0 0 0 0
464.2 311.3 2645.2 76 0.9988407493 0.0478563942 -0.0051867310 -0.0480664670 0.9973940253 -0.0538030118 0.0025983963 0.0539899506 0.9985380769
454.7 113.1 2634.4 0.9988407493 0.0478563942 -0.0051867310 -0.0480664670 0.9973940253 -0.0538030118 0.0025983963 0.0539899506 0.9985380769
445.8 -80.5 2624.0 0.9989275932 0.0460058786 -0.0052111163 -0.0462213531 0.9974531531 -0.0543212704 0.0026987465 0.0545038804 0.9985098839
318.7 119.4 2634.0 0.3031553924 -0.7571633458 -0.5786194205 0.9443114400 0.3202227652 0.0757184327 0.1279558986 -0.5693514347 0.8120752573
232.0 -150.9 2597.4 0.0576093271 -0.7570919394 -0.6507633328 0.9001110196 0.3213475943 -0.2941697538 0.4318347871 -0.5688123107 0.6999794245
590.6 106.7 2634.8 0.1297771931 0.6991552711 0.7030930519 -0.9859638214 0.1661107838 0.0168091431 -0.1050391346 -0.6954057217 0.7108991742
624.1 -147.6 2607.7 -0.1327248216 0.6990182400 0.7026789188 -0.9260976315 0.1651520282 -0.3392166793 -0.3531675041 -0.6957717538 0.6254393458
334.8 -270.9 2615.4 0.9840252399 0.0823818892 -0.1578212082 -0.1372659802 0.9156059623 -0.3779202998 0.1133682504 0.3935466111 0.9122876525
303.0 -624.7 2463.3 0.9840252399 0.1544779837 -0.0884921551 -0.1372659802 0.9748764038 0.1754252315 0.1133682504 -0.1604758948 0.9805076122
513.3 -278.7 2608.5 0.9913607836 0.1194818616 -0.0541101769 -0.1232577339 0.9896969795 -0.0728521049 0.0448481739 0.0788922161 0.9958738089
467.1 -661.8 2577.9 0.9990543723 0.0100775966 -0.0422939919 -0.0090991892 0.9996879697 0.0232625678 0.0425152257 -0.0228557289 0.9988343716
216.6 -391.6 2481.9 0 0 0 0 0 0 0 0 0
590.0 -385.7 2516.9 0 0 0 0 0 0 0 0 0
245.4 -988.1 2523.1 0 0 0 0 0 0 0 0 0
463.3 -1034.3 2586.5 0 0 0 0 0 0 0 0 0
475.7 313.5 2650.1 77 0.9984276891 0.0400789157 -0.0391898416 -0.0423324034 0.9973911047 -0.0584714711 0.0367441252 0.0600385368 0.9975195527
467.8 116.0 2638.2 0.9984276891 0.0400789157 -0.0391898416 -0.0423324034 0.9973911047 -0.0584714711 0.0367441252 0.0600385368 0.9975195527
460.3 -77.6 2626.4 0.9984663129 0.0390600637 -0.0392347611 -0.0413591079 0.9973649383 -0.0596037060 0.0368032493 0.0611350052 0.9974507689
331.7 121.7 2633.1 0.3043114543 -0.7411461473 -0.5984120369 0.9453865886 0.3120003343 0.0943398625 0.1167851314 -0.5944393873 0.7956148982
245.6 -145.8 2600.1 0.0461575501 -0.7402420044 -0.6707542539 0.8912408352 0.3337906897 -0.3070400059 0.4511754513 -0.5836313367 0.6751408577
603.9 110.3 2643.2 0.1289981753 0.7239298224 0.6777057648 -0.9873449802 0.1573375911 0.0198675022 -0.0922459140 -0.6716922522 0.7350647449
638.2 -152.5 2618.7 -0.1093806177 0.7250932455 0.6799085736 -0.9299526811 0.1669114828 -0.3276104629 -0.3510326743 -0.6681170464 0.6560454965
349.5 -270.2 2612.9 0.9887199998 0.0853072777 -0.1231074408 -0.1284429431 0.9057165980 -0.4039552212 0.0770401359 0.4152109027 0.9064572453
316.5 -620.9 2452.1 0.9887199998 0.1419806182 -0.0476893708 -0.1284429431 0.9675441384 0.2176252156 0.0770401359 -0.2090450376 0.9748666286
528.1 -278.3 2614.3 0.9853097796 0.1467869431 -0.0872825682 -0.1533162743 0.9854409099 -0.0734873340 0.0752248242 0.0857896283 0.9934693575
471.3 -660.1 2581.1 0.9970559478 0.0232749674 -0.0730596706 -0.0218888912 0.9995660186 0.0197156202 0.0734868422 -0.0180583820 0.9971326590
233.3 -384.2 2479.4 0 0 0 0 0 0 0 0 0
610.1 -391.7 2528.4 0 0 0 0 0 0 0 0 0
263.6 -981.3 2530.0 0 0 0 0 0 0 0 0 0
462.6 -1032.9 2587.8 0 0 0 0 0 0 0 0 0
478.9 315.3 2643.5 78 0.9989433289 0.0254345629 -0.0382795297 -0.0267242528 0.9990791678 -0.0335654989 0.0373905562 0.0345530249 0.9987031817
473.8 116.6 2636.6 0.9989433289 0.0254345629 -0.0382795297 -0.0267242528 0.9990791678 -0.0335654989 0.0373905562 0.0345530249 0.9987031817
468.8 -77.3 2629.0 0.9989314079 0.0257057380 -0.0384091251 -0.0271897856 0.9988836646 -0.0386285670 0.0373732708 0.0396316275 0.9985151887
337.5 120.3 2631.6 0.2940494120 -0.7399547100 -0.6049809456 0.9480038285 0.3064224422 0.0859882087 0.1217523664 -0.5988090634 0.7915832400
257.8 -136.6 2598.6 0.0569539443 -0.7384769917 -0.6718689799 0.8948711753 0.3361480236 -0.2936154902 0.4426757395 -0.5845136642 0.6799867749
610.1 112.8 2641.7 0.1587496400 0.7223055959 0.6731071472 -0.9861746430 0.1488168687 0.0728912354 -0.0475199446 -0.6753726006 0.7359440923
653.3 -155.7 2628.8 -0.1105316505 0.7240822911 0.6807992458 -0.9316409826 0.1630961895 -0.3247225583 -0.3461616039 -0.6701526046 0.6565574408
364.4 -267.6 2611.1 0.9926841855 0.0982455164 -0.0701846182 -0.1183408424 0.9069917798 -0.4041799009 0.0239480082 0.4095287025 0.9119828343
326.3 -619.2 2452.4 0.9926841855 0.1207370535 0.0007904023 -0.1183408424 0.9716427326 0.2047092915 0.0239480082 -0.2033052146 0.9788224697
543.0 -274.9 2618.2 0.9783397913 0.1858781278 -0.0911073536 -0.1934674829 0.9775866866 -0.0830334276 0.0736312345 0.0988612175 0.9923733473
471.0 -653.8 2579.9 0.9974023700 0.0112809269 -0.0711428970 -0.0098961154 0.9997552037 0.0197877437 0.0713487044 -0.0190323032 0.9972698689
242.6 -376.0 2480.1 0 0 0 0 0 0 0 0 0
624.9 -395.4 2539.7 0 0 0 0 0 0 0 0 0
281.3 -981.5 2528.2 0 0 0 0 0 0 0 0 0
466.8 -1026.8 2587.0 0 0 0 0 0 0 0 0 0
483.4 307.0 2651.7 79 0.9964365959 0.0235357508 -0.0809946209 -0.0280868020 0.9980626106 -0.0555168316 0.0795310736 0.0575938821 0.9951671958
478.8 109.1 2640.3 0.9964365959 0.0235357508 -0.0809946209 -0.0280868020 0.9980626106 -0.0555168316 0.0795310736 0.0575938821 0.9951671958
473.6 -84.6 2629.0 0.9963458776 0.0270711761 -0.0810064152 -0.0316657275 0.9979295135 -0.0559818745 0.0793231949 0.0583424382 0.9951401949
342.9 113.5 2629.5 0.2965379059 -0.7143593431 -0.6338422298 0.9451213479 0.3148269355 0.0873478279 0.1371528655 -0.6249597669 0.7685143948
264.1 -137.6 2593.1 0.0520657375 -0.7132955194 -0.6989267468 0.8998423219 0.3370352387 -0.2769314051 0.4330968857 -0.6145052910 0.6594015360
614.7 104.7 2651.1 0.1966368407 0.7478068471 0.6341284513 -0.9797465801 0.1748124212 0.0976589918 -0.0378234647 -0.6404885054 0.7670357227
666.1 -151.4 2641.3 -0.1147129163 0.7443935871 0.6578139067 -0.9345258474 0.1437086761 -0.3255905807 -0.3369010985 -0.6520935893 0.6791698337
374.9 -268.7 2617.9 0.9957040548 0.0925612301 -0.0024315212 -0.0844334662 0.8968663812 -0.4341677725 -0.0380063541 0.4325079024 0.9008287191
339.0 -616.5 2450.2 0.9957040548 0.0748430640 0.0545161441 -0.0844334662 0.9755733013 0.2027995735 -0.0380063541 -0.2065313458 0.9777015448
553.8 -273.5 2624.8 0.9631011486 0.2343292385 -0.1323857456 -0.2476251274 0.9642103910 -0.0947636962 0.1054418012 0.1240490600 0.9866579175
463.0 -647.0 2576.8 0.9950828552 -0.0070320661 -0.0987961367 0.0109477649 0.9991734624 0.0391480811 0.0984391868 -0.0400371812 0.9943373203
250.2 -378.3 2477.2 0 0 0 0 0 0 0 0 0
636.6 -391.9 2554.6 0 0 0 0 0 0 0 0 0
311.1 -980.1 2527.1 0 0 0 0 0 0 0 0 0
465.6 -1019.7 2591.7 0 0 0 0 0 0 0 0 0
490.4 304.4 2662.9 80 0.9952441454 0.0277330261 -0.0933808312 -0.0356946923 0.9957669973 -0.0846994072 0.0906365737 0.0876297876 0.9920212030
484.9 107.5 2645.5 0.9952441454 0.0277330261 -0.0933808312 -0.0356946923 0.9957669973 -0.0846994072 0.0906365737 0.0876297876 0.9920212030
479.1 -85.8 2629.2 0.9951718450 0.0305586718 -0.0932695642 -0.0381657258 0.9959914684 -0.0808975548 0.0904235616 0.0840666667 0.9923489094
349.1 112.8 2633.2 0.3067732453 -0.7038282156 -0.6407152414 0.9377270341 0.3387664855 0.0768456385 0.1629667282 -0.6243901849 0.7639232278
265.5 -142.6 2588.8 0.0463421680 -0.7033130527 -0.7093681097 0.8913272023 0.3497171402 -0.2885026634 0.4509858787 -0.6189092398 0.6430886984
620.8 102.2 2657.9 0.2061965168 0.7590192556 0.6175538301 -0.9782677293 0.1739653796 0.1128198355 -0.0218005609 -0.6273960471 0.7783951163
675.2 -156.0 2652.1 -0.0991230309 0.7559555173 0.6470748782 -0.9409305453 0.1403736025 -0.3081314266 -0.3237658739 -0.6393954158 0.6973873973
379.5 -275.4 2610.6 0.9886219501 0.0846459493 0.1243449375 -0.0249827877 0.9075599909 -0.4191786647 -0.1483322680 0.4113027751 0.8993484378
346.7 -627.4 2451.0 0.9886219501 -0.0079343664 0.1502120048 -0.0249827877 0.9760776758 0.2159820050 -0.1483322680 -0.2172772735 0.9647735953
557.8 -281.1 2624.9 0.9588429332 0.2470053732 -0.1400305778 -0.2619581819 0.9598137140 -0.1006752402 0.1095359549 0.1332139075 0.9850156903
462.1 -653.2 2573.2 0.9951414466 0.0053625912 -0.0983093455 0.0001148308 0.9984516501 0.0556260534 0.0984554291 -0.0553670824 0.9936000109
253.1 -381.1 2468.2 0 0 0 0 0 0 0 0 0
649.7 -398.2 2568.8 0 0 0 0 0 0 0 0 0
349.7 -990.2 2531.8 0 0 0 0 0 0 0 0 0
460.1 -1025.8 2593.9 0 0 0 0 0 0 0 0 0
500.0 305.8 2668.4 81 0.9899449944 0.0333801843 -0.1374577433 -0.0453890413 0.9953314066 -0.0851774961 0.1339727789 0.0905601084 0.9868384600
493.3 108.7 2650.5 0.9899449944 0.0333801843 -0.1374577433 -0.0453890413 0.9953314066 -0.0851774961 0.1339727789 0.0905601084 0.9868384600
486.5 -84.4 2633.1 0.9898816347 0.0353622288 -0.1374187320 -0.0472251028 0.9953420162 -0.0840478390 0.1338065267 0.0896870270 0.9869407415
358.3 115.2 2632.2 0.3250632584 -0.6695403457 -0.6678694487 0.9292995334 0.3570755124 0.0943368003 0.1753175259 -0.6513161659 0.7382757068
267.1 -145.5 2583.0 0.0336668044 -0.6691496372 -0.7423646450 0.8822297454 0.3689178824 -0.2925239205 0.4696139097 -0.6450878382 0.6027640104
628.4 102.2 2668.7 0.1966773719 0.7860354185 0.5860599875 -0.9800027609 0.1760169566 0.0928041488 -0.0302091390 -0.5925928950 0.8049354553
680.6 -158.0 2660.7 -0.0936890095 0.7824744582 0.6155940890 -0.9414316416 0.1315467358 -0.3104866743 -0.3239272833 -0.6086289287 0.7243217230
384.2 -275.6 2604.8 0.9658899307 0.0745247230 0.2479972988 0.0361646675 0.9094858766 -0.4141588509 -0.2564150989 0.4090006053 0.8757681251
355.3 -628.5 2446.1 0.9658899307 -0.1142499149 0.2323866338 0.0361646675 0.9481292963 0.3158210814 -0.2564150989 -0.2966442406 0.9199203849
562.4 -282.4 2621.0 0.9506608844 0.2537658215 -0.1784566790 -0.2714299858 0.9589294791 -0.0823411494 0.1502319872 0.1267170012 0.9804964066
464.0 -654.5 2571.9 0.9890262485 0.0415398180 -0.1417799294 -0.0346674696 0.9981169701 0.0506034829 0.1436150074 -0.0451330207 0.9886039495
258.1 -381.0 2457.7 0 0 0 0 0 0 0 0 0
656.5 -400.3 2577.3 0 0 0 0 0 0 0 0 0
397.5 -978.5 2555.6 0 0 0 0 0 0 0 0 0
448.5 -1026.7 2588.7 0 0 0 0 0 0 0 0 0
505.1 307.1 2671.2 82 0.9839462042 0.0399585254 -0.1739345491 -0.0554729141 0.9948125482 -0.0852684006 0.1696250737 0.0935481787 0.9810586572
497.2 110.8 2652.7 0.9839462042 0.0399585254 -0.1739345491 -0.0554729141 0.9948125482 -0.0852684006 0.1696250737 0.0935481787 0.9810586572
489.3 -82.3 2634.9 0.9839120507 0.0411621965 -0.1738469154 -0.0563101284 0.9949474335 -0.0831190571 0.1695471853 0.0915711895 0.9812586308
363.0 118.5 2629.6 0.3302524686 -0.6414077282 -0.6924806833 0.9250818491 0.3656819165 0.1024712324 0.1875018179 -0.6744426489 0.7141219974
268.2 -146.9 2575.8 0.0294414945 -0.6409242153 -0.7670393586 0.8771379590 0.3845536411 -0.2876586318 0.4793351591 -0.6643302441 0.5735008121
631.5 103.1 2675.9 0.1952754408 0.8063293695 0.5583013892 -0.9801438451 0.1804330647 0.0822307616 -0.0344309583 -0.5632733703 0.8255529404
683.7 -158.9 2666.7 -0.0774399713 0.8031130433 0.5907727480 -0.9485085607 0.1231977344 -0.2918113172 -0.3071393669 -0.5829508901 0.7522192001
391.2 -273.4 2603.7 0.9601305723 0.0605146177 0.2729234695 0.0628763363 0.9045274854 -0.4217542410 -0.2723890543 0.4220995903 0.8646595478
367.8 -624.4 2439.8 0.9601305723 -0.1554687321 0.2323331684 0.0628763363 0.9298950434 0.3624110818 -0.2723890543 -0.3333536983 0.9025959969
568.4 -281.9 2627.6 0.9342453480 0.2736736238 -0.2286665738 -0.3081451356 0.9422391653 -0.1312704235 0.1795333475 0.1931012720 0.9646137357
462.4 -646.6 2552.9 0.9879457951 0.0396493264 -0.1496363431 -0.0219301265 0.9927406907 0.1182581782 0.1532389522 -0.1135511249 0.9816434979
260.4 -380.5 2448.1 0 0 0 0 0 0 0 0 0
663.7 -403.0 2587.6 0 0 0 0 0 0 0 0 0
425.4 -969.0 2563.4 0 0 0 0 0 0 0 0 0
447.7 -1016.2 2595.1 0 0 0 0 0 0 0 0 0
510.0 307.9 2672.1 83 0.9745054841 0.0432244316 -0.2201606780 -0.0620700940 0.9949075580 -0.0794116780 0.2156070024 0.0910525098 0.9722258449
501.4 111.2 2654.1 0.9745054841 0.0432244316 -0.2201606780 -0.0620700940 0.9949075580 -0.0794116780 0.2156070024 0.0910525098 0.9722258449
492.9 -81.9 2636.5 0.9744660854 0.0442990139 -0.2201215327 -0.0629661530 0.9949219227 -0.0785217136 0.2155252993 0.0903769508 0.9723069668
368.6 119.8 2624.7 0.3530576229 -0.6093214154 -0.7099843025 0.9209061265 0.3602910340 0.1487355083 0.1651732624 -0.7063411474 0.6883313060
271.2 -134.2 2579.1 0.0312295835 -0.6086403728 -0.7928313613 0.8831477761 0.3882532418 -0.2632669210 0.4680542350 -0.6919655204 0.5496443510
634.3 102.6 2683.5 0.1882104129 0.8318135738 0.5221714377 -0.9814353585 0.1792671531 0.0681758747 -0.0368985720 -0.5253089070 0.8501111865
684.9 -161.2 2673.6 -0.0717525333 0.8287257552 0.5550361872 -0.9555528760 0.1024224609 -0.2764566839 -0.2859549522 -0.5502029061 0.7845422029
393.3 -270.4 2601.9 0.9649963379 0.0313364491 0.2603845298 0.0777267516 0.9140594006 -0.3980628252 -0.2504808009 0.4043680131 0.8796282411
381.2 -625.0 2445.1 0.9649963379 -0.1527599990 0.2131817639 0.0777267516 0.9429180026 0.3238275051 -0.2504808009 -0.2959224284 0.9217859507
569.4 -280.5 2632.3 0.9199140072 0.2723970711 -0.2820604146 -0.3233089149 0.9339219332 -0.1525162011 0.2218774259 0.2314944267 0.9471962452
463.9 -642.3 2542.6 0.9825856090 0.0472965837 -0.1796902120 -0.0191310775 0.9876735210 0.1553543806 0.1848229915 -0.1492113024 0.9713786244
262.9 -369.1 2454.6 0 0 0 0 0 0 0 0 0
666.5 -407.1 2600.0 0 0 0 0 0 0 0 0 0
437.9 -975.4 2555.1 0 0 0 0 0 0 0 0 0
446.2 -1010.2 2598.2 0 0 0 0 0 0 0 0 0
515.8 305.6 2664.0 84 0.9725930691 0.0549692027 -0.2259228081 -0.0692296103 0.9960454106 -0.0556845888 0.2219684422 0.0697989985 0.9725523591
505.0 108.5 2650.2 0.9725930691 0.0549692027 -0.2259228081 -0.0692296103 0.9960454106 -0.0556845888 0.2219684422 0.0697989985 0.9725523591
494.5 -84.8 2636.4 0.9726268649 0.0540246107 -0.2260050774 -0.0686116070 0.9960029721 -0.0571881868 0.2220121622 0.0711293370 0.9724460244
372.2 117.9 2619.9 0.3592486382 -0.5987629294 -0.7158375382 0.9189932942 0.3604969680 0.1596659571 0.1624552011 -0.7152096629 0.6797671914
272.6 -137.0 2574.8 0.0230216347 -0.5983263254 -0.8009217381 0.8811373711 0.3906192780 -0.2664836943 0.4722996652 -0.6995871663 0.5362003446
637.7 99.2 2680.5 0.1813369393 0.8367899060 0.5166232586 -0.9833958149 0.1580566764 0.0891670287 -0.0070416811 -0.5242144465 0.8515571952
686.1 -163.1 2678.7 -0.0719653219 0.8339392543 0.5471437573 -0.9557020664 0.0993142873 -0.2770743370 -0.2854023576 -0.5428462029 0.7898502946
397.1 -269.4 2599.7 0.9534755349 0.0397212990 0.2988421917 0.0926487967 0.9047005177 -0.4158523977 -0.2868808806 0.4241924584 0.8589296341
381.7 -620.4 2435.1 0.9534755349 -0.1912107915 0.2330726683 0.0926487967 0.9215586782 0.3770223260 -0.2868808806 -0.3378876448 0.8963990808
570.0 -284.1 2639.5 0.9117222428 0.2863387465 -0.2945720255 -0.3402189016 0.9281818271 -0.1507634521 0.2302469760 0.2376733571 0.9436618686
458.8 -644.6 2547.2 0.9835542440 0.0542307608 -0.1722791493 -0.0204396266 0.9811508060 0.1921595037 0.1794527769 -0.1854779720 0.9661235213
266.5 -370.1 2449.9 0 0 0 0 0 0 0 0 0
667.6 -409.0 2605.2 0 0 0 0 0 0 0 0 0
452.8 -963.0 2560.7 0 0 0 0 0 0 0 0 0
438.6 -1010.3 2616.3 0 0 0 0 0 0 0 0 0
519.1 305.6 2669.5 85 0.9657447338 0.0600022227 -0.2524616420 -0.0791061521 0.9946653247 -0.0662049875 0.2471424043 0.0839083865 0.9653393030
507.2 108.8 2652.9 0.9657447338 0.0600022227 -0.2524616420 -0.0791061521 0.9946653247 -0.0662049875 0.2471424043 0.0839083865 0.9653393030
495.6 -84.3 2637.3 0.9657915235 0.0601539388 -0.2522464097 -0.0783311874 0.9949574471 -0.0626410916 0.2472063452 0.0802569985 0.9656333923
375.4 119.5 2619.1 0.3539274037 -0.5827750564 -0.7315112352 0.9206202030 0.3549843431 0.1626177579 0.1649054587 -0.7309988737 0.6621531844
273.9 -144.5 2571.9 0.0029450790 -0.5835028291 -0.8121057749 0.8688237071 0.4035805166 -0.2868242264 0.4951128066 -0.7047320008 0.5081496835
639.1 98.1 2686.6 0.1682637483 0.8515565991 0.4965266287 -0.9855281115 0.1558205634 0.0667408705 -0.0205354374 -0.5005710125 0.8654518723
684.8 -169.8 2681.1 -0.0565147512 0.8496804237 0.5242606401 -0.9639091492 0.0903959796 -0.2504151165 -0.2601638734 -0.5194917917 0.8139060736
396.9 -271.9 2602.7 0.9685342312 0.0244577695 0.2476757914 0.0910094976 0.8914326429 -0.4439201355 -0.2316435874 0.4524926841 0.8611571193
387.4 -617.7 2427.2 0.9685342312 -0.1694779843 0.1822599620 0.0910094976 0.9227762222 0.3744346201 -0.2316435874 -0.3460653424 0.9091644883
569.9 -284.4 2642.3 0.9007269740 0.2895017862 -0.3238512278 -0.3551412225 0.9200902581 -0.1652533263 0.2501312196 0.2638610601 0.9315641522
457.3 -642.2 2539.7 0.9794789553 0.0652714968 -0.1906844825 -0.0275553111 0.9805915952 0.1941155940 0.1996538192 -0.1848777682 0.9622673988
273.1 -372.9 2441.7 0 0 0 0 0 0 0 0 0
670.3 -417.8 2614.1 0 0 0 0 0 0 0 0 0
450.6 -961.4 2556.1 0 0 0 0 0 0 0 0 0
433.0 -1007.9 2608.7 0 0 0 0 0 0 0 0 0
523.6 306.1 2672.7 86 0.9643913507 0.0793182105 -0.2523052692 -0.0992699042 0.9927795529 -0.0673372373 0.2451424301 0.0899857655 0.9653018713
507.9 110.5 2655.0 0.9643913507 0.0793182105 -0.2523052692 -0.0992699042 0.9927795529 -0.0673372373 0.2451424301 0.0899857655 0.9653018713
492.7 -82.2 2638.2 0.9645200372 0.0785211995 -0.2520625293 -0.0976508185 0.9931424856 -0.0642834008 0.2452864051 0.0866167471 0.9655734897
376.2 123.8 2621.5 0.3532300889 -0.5795534253 -0.7344020009 0.9184292555 0.3642555773 0.1542905271 0.1780904233 -0.7289963365 0.6609448791
273.9 -142.3 2569.9 0.0042958744 -0.5805700421 -0.8141989708 0.8563506603 0.4225771427 -0.2968032062 0.5163769126 -0.6959648132 0.4989868701
639.6 97.2 2688.5 0.2372978330 0.8378980756 0.4915451109 -0.9708014131 0.2228436023 0.0887992755 -0.0351329371 -0.4982645512 0.8663129210
704.1 -166.5 2679.0 -0.1404006332 0.8273100257 0.5439170599 -0.9643043280 0.0103095816 -0.2645957470 -0.2245102823 -0.5616509914 0.7963311672
397.5 -270.4 2599.6 0.9822939038 -0.0096753780 0.1870964319 0.0858157277 0.9109728336 -0.4034403861 -0.1665363312 0.4123528600 0.8956733346
401.2 -623.4 2439.8 0.9822939038 -0.1293284893 0.1355464011 0.0858157277 0.9537481666 0.2880972624 -0.1665363312 -0.2713641822 0.9479594827
563.6 -283.7 2642.6 0.8933140635 0.3081597984 -0.3271506131 -0.3764168024 0.9107227325 -0.1699837297 0.2455613613 0.2749938369 0.9295579791
443.7 -638.1 2535.6 0.9797642827 0.0819924995 -0.1825900525 -0.0455904864 0.9796844125 0.1952945590 0.1948933154 -0.1830182672 0.9635978937
272.7 -366.2 2434.9 0 0 0 0 0 0 0 0 0
668.1 -413.7 2621.4 0 0 0 0 0 0 0 0 0
449.3 -977.6 2540.6 0 0 0 0 0 0 0 0 0
413.1 -1003.6 2603.9 0 0 0 0 0 0 0 0 0
525.4 306.3 2664.4 87 0.9720270634 0.0881963223 -0.2176806033 -0.1005447954 0.9938548207 -0.0462968349 0.2122596949 0.0668884292 0.9749214053
508.0 110.4 2651.2 0.9720270634 0.0881963223 -0.2176806033 -0.1005447954 0.9938548207 -0.0462968349 0.2122596949 0.0668884292 0.9749214053
491.3 -82.5 2638.0 0.9721758366 0.0862041935 -0.2178141326 -0.0988489166 0.9939528108 -0.0478188656 0.2123747915 0.0680190399 0.9748181105
375.3 124.0 2622.2 0.3528195024 -0.5951442719 -0.7220260501 0.9160282016 0.3770569861 0.1368223578 0.1908159256 -0.7096698284 0.6782020330
272.3 -143.4 2566.5 -0.0247219130 -0.5955855846 -0.8029113412 0.8648061752 0.3901625574 -0.3160434365 0.5014968514 -0.7021758556 0.5054205656
640.7 96.9 2680.2 0.1828119904 0.8342062831 0.5202687979 -0.9830220938 0.1466324925 0.1103015766 0.0157259535 -0.5316002369 0.8468493819
689.1 -163.4 2684.3 -0.0907034129 0.8295907378 0.5509556532 -0.9624446630 0.0691249222 -0.2625300586 -0.2558772564 -0.5540766716 0.7921652794
391.1 -266.2 2599.4 0.9885023236 -0.0376471840 0.1464437991 0.0948931351 0.9084942937 -0.4069809020 -0.1177216694 0.4161981046 0.9016211629
405.7 -618.4 2438.0 0.9885023236 -0.1212083623 0.0903970823 0.0948931351 0.9627431631 0.2532209754 -0.1177216694 -0.2417314649 0.9631757140
561.5 -284.2 2643.4 0.8588330746 0.3225996196 0.3979136646 -0.1702430397 0.9123843312 -0.3722528219 -0.4831387997 0.2519609928 0.8385061622
436.0 -639.3 2545.4 0.8588330746 0.0790201575 0.5061240792 -0.1702430397 0.9758998156 0.1365170926 -0.4831387997 -0.2034094930 0.8515875936
278.7 -369.8 2435.2 0 0 0 0 0 0 0 0 0
665.8 -410.2 2618.7 0 0 0 0 0 0 0 0 0
450.8 -976.7 2528.0 0 0 0 0 0 0 0 0 0
406.5 -1003.4 2621.3 0 0 0 0 0 0 0 0 0
532.8 307.8 2668.7 88 0.9682305455 0.0999018624 -0.2292360961 -0.1137237623 0.9923587441 -0.0478648059 0.2227026522 0.0724137574 0.9721933007
513.1 112.2 2654.4 0.9682305455 0.0999018624 -0.2292360961 -0.1137237623 0.9923587441 -0.0478648059 0.2227026522 0.0724137574 0.9721933007
493.8 -80.4 2640.2 0.9682612419 0.0994897410 -0.2292856425 -0.1134181395 0.9923698306 -0.0483579449 0.2227250189 0.0728282779 0.9721571803
380.9 127.7 2624.0 0.3622675240 -0.5821118951 -0.7279477715 0.9106878042 0.3873991668 0.1434209496 0.1985193342 -0.7148899436 0.6704643965
271.0 -148.6 2563.7 -0.0429177321 -0.5824554563 -0.8117288351 0.8585898280 0.3939455748 -0.3280707300 0.5108635426 -0.7110221982 0.4831830561
645.3 96.7 2684.8 0.2846000195 0.5912045836 0.7546389699 -0.9567551613 0.1257471889 0.2623111606 0.0601858422 -0.7966585159 0.6014257073
720.6 -156.5 2700.7 -0.2203951329 0.5912045836 0.7758241296 -0.9249860048 0.1257471889 -0.3585925102 -0.3095592558 -0.7966585159 0.5191419125
387.6 -266.5 2605.8 0.9885582328 -0.0783558786 0.1288915128 0.1224766672 0.9157330990 -0.3826647401 -0.0880461931 0.3940725625 0.9148522615
418.0 -621.4 2453.1 0.9966955781 -0.0313465856 0.0749357194 0.0231522378 0.9939006567 0.1078211963 -0.0778584927 -0.1057299748 0.9913421273
561.2 -283.1 2645.9 0.8622400761 0.3330868781 0.3815694451 -0.1808780283 0.9061650038 -0.3822931945 -0.4731017351 0.2606109977 0.8415798545
431.5 -635.9 2544.4 0.8622400761 0.0949722603 0.4975162148 -0.1808780283 0.9752304554 0.1273133159 -0.4731017351 -0.1997643858 0.8580611348
282.3 -375.5 2428.7 0 0 0 0 0 0 0 0 0
664.6 -391.6 2622.0 0 0 0 0 0 0 0 0 0
429.5 -986.7 2491.9 0 0 0 0 0 0 0 0 0
396.1 -999.8 2619.0 0 0 0 0 0 0 0 0 0
535.6 304.3 2671.3 89 0.9677944779 0.1024609581 -0.2299469262 -0.1178194582 0.9915630221 -0.0540495627 0.2224688977 0.0794010907 0.9717011452
515.4 108.8 2655.7 0.9677944779 0.1024609581 -0.2299469262 -0.1178194582 0.9915630221 -0.0540495627 0.2224688977 0.0794010907 0.9717011452
495.4 -83.7 2640.6 0.9677866697 0.1030121371 -0.2297334671 -0.1178949326 0.9916642308 -0.0519893579 0.2224629223 0.0773990229 0.9718639851
383.2 124.9 2625.3 0.3600630164 -0.5835694075 -0.7278745770 0.9118366241 0.3850980401 0.1423146427 0.1972526014 -0.7149449587 0.6707795262
276.3 -145.9 2566.7 -0.0408011451 -0.5842630863 -0.8105380535 0.8557970524 0.3982566297 -0.3301561773 0.5157002211 -0.7071267962 0.4837612808
647.6 92.7 2686.0 0.1835693121 0.5989196897 0.7794854045 -0.9828544259 0.0978663266 0.1562669873 0.0173060019 -0.7948065400 0.6066160798
696.5 -169.2 2690.7 -0.1557952315 0.6109228134 0.7762094736 -0.9351780415 0.1618089378 -0.3150554895 -0.3180721998 -0.7749781609 0.5461125374
387.9 -262.8 2606.2 0.9968154430 -0.0701512098 0.0379185565 0.0795753598 0.9059153199 -0.4159148335 -0.0051740711 0.4176076949 0.9086126685
415.1 -614.1 2444.2 0.9968154430 -0.0794995576 -0.0062313760 0.0795753598 0.9866030812 0.1424154639 -0.0051740711 -0.1424577832 0.9897873402
562.1 -286.7 2645.4 0.8619475961 0.3365286291 0.3792029321 -0.1819800287 0.9034569860 -0.3881349266 -0.4732120335 0.2655445933 0.8399740458
431.1 -638.5 2542.0 0.8619475961 0.0984700546 0.4973429441 -0.1819800287 0.9756777287 0.1222138554 -0.4732120335 -0.1958484203 0.8589026332
287.2 -375.5 2428.3 0 0 0 0 0 0 0 0 0
656.7 -407.9 2609.5 0 0 0 0 0 0 0 0 0
444.5 -978.9 2496.9 0 0 0 0 0 0 0 0 0
394.3 -1002.7 2615.1 0 0 0 0 0 0 0 0 0
534.7 306.7 2672.6 90 0.9650399685 0.0915509164 -0.2455937564 -0.1086909175 0.9924320579 -0.0571391247 0.2385039777 0.0818353519 0.9676873684
516.7 110.9 2656.5 0.9650399685 0.0915509164 -0.2455937564 -0.1086909175 0.9924320579 -0.0571391247 0.2385039777 0.0818353519 0.9676873684
498.7 -81.7 2641.3 0.9650135636 0.0927150398 -0.2452605963 -0.1089754626 0.9926009774 -0.0535502099 0.2384810001 0.0784040689 0.9679770470
384.9 125.8 2623.9 0.3436700106 -0.5772528648 -0.7407226562 0.9176931381 0.3738559186 0.1344284862 0.1993243396 -0.7259551883 0.6582240462
284.4 -142.4 2565.7 -0.0068460726 -0.5779844522 -0.8160190582 0.8631818295 0.4085682034 -0.2966296673 0.5048467517 -0.7064036131 0.4961085618
648.5 96.0 2689.1 0.2297931612 0.6341178417 0.7383018732 -0.9731922150 0.1422385871 0.1807348579 0.0095921960 -0.7600412369 0.6498039961
711.7 -171.5 2691.7 -0.2473292947 0.6341178417 0.7326136231 -0.8939845562 0.1422385871 -0.4249232709 -0.3736573756 -0.7600412369 0.5317118168
388.8 -265.6 2605.7 0.9962490797 -0.0825089887 0.0260775927 0.0859520212 0.9087353945 -0.4084265530 0.0100012319 0.4091359973 0.9124186039
420.8 -618.1 2447.0 0.9989400506 -0.0425524004 -0.0175510440 0.0439307354 0.9951921701 0.0875362381 0.0137417838 -0.0882144868 0.9960067272
567.1 -284.2 2647.4 0.8713757396 0.3239913583 0.3684207797 -0.1745040864 0.9065015912 -0.3844518363 -0.4585331082 0.2707110941 0.8464413285
441.0 -637.2 2542.0 0.8713757396 0.0928064212 0.4817585051 -0.1745040864 0.9763608575 0.1275453866 -0.4585331082 -0.1952087879 0.8669722676
286.3 -374.7 2429.8 0 0 0 0 0 0 0 0 0
648.7 -399.2 2596.6 0 0 0 0 0 0 0 0 0
436.6 -987.1 2479.7 0 0 0 0 0 0 0 0 0
406.3 -1001.6 2614.8 0 0 0 0 0 0 0 0 0
535.1 306.0 2674.3 91 0.9641172290 0.0844274685 -0.2516942620 -0.1029705107 0.9927867651 -0.0614124946 0.2446938306 0.0851259306 0.9658563733
518.4 109.4 2657.5 0.9641172290 0.0844274685 -0.2516942620 -0.1029705107 0.9927867651 -0.0614124946 0.2446938306 0.0851259306 0.9658563733
501.5 -83.4 2642.2 0.9640424252 0.0870121270 -0.2510997057 -0.1038366258 0.9930986762 -0.0545253158 0.2446224093 0.0786380619 0.9664242864
386.7 123.6 2624.0 0.3383961618 -0.5748052001 -0.7450416088 0.9195692539 0.3700249195 0.1321891993 0.1997009218 -0.7298496366 0.6537882090
292.4 -132.5 2568.4 0.0314405821 -0.5739508271 -0.8182860017 0.8675690889 0.4222061336 -0.2628037930 0.4963218272 -0.7016569376 0.5112164021
650.1 95.2 2690.9 0.1619494557 0.6461182237 0.7458575964 -0.9867990613 0.1060431376 0.1224029437 -0.0000063050 -0.7558346987 0.6547625065
692.9 -165.5 2690.9 -0.1836948097 0.6605250835 0.7279854417 -0.9079738259 0.1697294116 -0.3831129074 -0.3766162395 -0.7313675880 0.5685610771
394.3 -264.6 2604.7 0.9974826574 -0.0670180917 0.0231725406 0.0705740899 0.9064154029 -0.4164498150 0.0069057238 0.4170368314 0.9088633657
420.3 -616.3 2442.9 0.9986330867 -0.0506641343 -0.0128472559 0.0515678115 0.9951233268 0.0840849504 0.0085245129 -0.0846325159 0.9963757396
571.0 -285.4 2648.8 0.8752151728 0.3175911605 0.3648756444 -0.1701215655 0.9081881046 -0.3824304044 -0.4528322220 0.2726356983 0.8488891125
447.3 -639.2 2542.6 0.8752151728 0.0889149234 0.4754918516 -0.1701215655 0.9767454267 0.1304874718 -0.4528322220 -0.1950960308 0.8699887991
284.0 -366.4 2434.6 0 0 0 0 0 0 0 0 0
645.9 -397.5 2594.6 0 0 0 0 0 0 0 0 0
439.1 -986.5 2474.4 0 0 0 0 0 0 0 0 0
414.1 -1003.8 2615.5 0 0 0 0 0 0 0 0 0
538.0 305.1 2665.1 92 0.9591303468 0.0880888104 -0.2689039707 -0.1008720174 0.9943159223 -0.0340690538 0.2643744051 0.0598015487 0.9625642896
520.5 107.9 2653.3 0.9591303468 0.0880888104 -0.2689039707 -0.1008720174 0.9943159223 -0.0340690538 0.2643744051 0.0598015487 0.9625642896
503.6 -85.2 2642.1 0.9592545033 0.0872883871 -0.2687221467 -0.0994643122 0.9945262074 -0.0320070386 0.2644573748 0.0574311577 0.9626858234
389.5 121.4 2617.2 0.3420975506 -0.5636003613 -0.7518802285 0.9242159128 0.3463088274 0.1609195322 0.1696884483 -0.7499498725 0.6393598318
296.0 -131.2 2570.8 0.0544033386 -0.5609685183 -0.8260475993 0.8702787757 0.4322271049 -0.2362088263 0.4895458817 -0.7060410976 0.5117135644
651.6 94.3 2689.4 0.2331992388 0.4749870896 0.8485313058 -0.9720516205 0.1381703764 0.1898015440 -0.0270885993 -0.8690778017 0.4939332008
713.9 -165.5 2682.2 -0.2610001862 0.4749870896 0.8403964043 -0.9210387468 0.1381703764 -0.3641381860 -0.2890788317 -0.8690778017 0.4014190137
398.3 -266.8 2605.0 0.9980738759 -0.0554916039 0.0277342964 0.0620186627 0.9031997919 -0.4247161150 -0.0014814310 0.4256181121 0.9049016833
419.8 -617.4 2439.8 0.9980738759 -0.0618844554 -0.0043386212 0.0620186627 0.9936760068 0.0936037153 -0.0014814310 -0.0936925039 0.9956001043
572.5 -287.1 2654.7 0.8829626441 0.3143777549 0.3486309350 -0.1818048507 0.9136928320 -0.3634726703 -0.4328093231 0.2575500011 0.8639121056
450.1 -642.9 2554.4 0.8829626441 0.0943446979 0.4598651826 -0.1818048507 0.9718749523 0.1496865600 -0.4328093231 -0.2157733738 0.8752816319
281.3 -366.1 2438.7 0 0 0 0 0 0 0 0 0
647.4 -400.1 2608.5 0 0 0 0 0 0 0 0 0
442.9 -987.6 2474.8 0 0 0 0 0 0 0 0 0
414.8 -1005.6 2634.9 0 0 0 0 0 0 0 0 0
543.0 308.1 2670.1 93 0.9577047229 0.0952416882 -0.2715339959 -0.1110580489 0.9928635359 -0.0434524342 0.2654577196 0.0717706382 0.9614474177
524.1 111.8 2655.9 0.9577047229 0.0952416882 -0.2715339959 -0.1110580489 0.9928635359 -0.0434524342 0.2654577196 0.0717706382 0.9614474177
505.5 -80.9 2642.4 0.9576891065 0.0960540622 -0.2713027298 -0.1112199128 0.9929475784 -0.0410517454 0.2654462159 0.0694890767 0.9616181850
393.3 127.0 2619.6 0.3326357305 -0.5670256019 -0.7535485625 0.9282990098 0.3376733065 0.1556847245 0.1661760062 -0.7513046861 0.6386914849
300.2 -132.9 2573.1 0.0613580607 -0.5639495254 -0.8235266805 0.8519876599 0.4594067931 -0.2511223257 0.5199540257 -0.6862261891 0.5086663365
655.0 96.6 2692.1 0.1399928331 0.4827743471 0.8644830585 -0.9883989692 0.1200744659 0.0930034444 -0.0589026585 -0.8674739599 0.4939832389
692.2 -166.0 2676.5 -0.1590098739 0.4846840203 0.8601146936 -0.9589427710 0.1313968450 -0.2513238490 -0.2348290086 -0.8647636771 0.4438908398
400.7 -269.3 2607.3 0.9985574484 -0.0492891707 0.0212988276 0.0536629707 0.9025869370 -0.4271500111 0.0018298266 0.4276767671 0.9039298892
419.8 -619.6 2441.3 0.9969227314 -0.0783506110 -0.0024956283 0.0783755928 0.9968475103 0.0123427166 0.0015207016 -0.0125003308 0.9999207258
572.6 -283.6 2652.7 0.8823859692 0.3218556345 0.3432258070 -0.1844892800 0.9077000022 -0.3768877387 -0.4328495264 0.2692389786 0.8603206873
447.2 -637.1 2547.8 0.8823859692 0.1034631133 0.4590102136 -0.1844892800 0.9734871387 0.1352273673 -0.4328495264 -0.2040051967 0.8780792356
283.7 -361.4 2433.6 0 0 0 0 0 0 0 0 0
651.7 -409.8 2616.8 0 0 0 0 0 0 0 0 0
448.9 -990.1 2445.9 0 0 0 0 0 0 0 0 0
408.6 -1000.4 2623.9 0 0 0 0 0 0 0 0 0
540.5 306.8 2663.0 94 0.9700120091 0.0917795375 -0.2250626534 -0.1026280597 0.9940328598 -0.0369611420 0.2203274071 0.0589504987 0.9736430049
522.4 110.2 2651.4 0.9700120091 0.0917795375 -0.2250626534 -0.1026280597 0.9940328598 -0.0369611420 0.2203274071 0.0589504987 0.9736430049
504.2 -82.6 2639.3 0.9697705507 0.0937651321 -0.2252846658 -0.1052148789 0.9936710596 -0.0393395014 0.2201701850 0.0618535876 0.9734984636
390.1 124.6 2621.3 0.3401335180 -0.5994414091 -0.7245544791 0.9268121719 0.3440876901 0.1504089236 0.1591489464 -0.7226849794 0.6726053953
299.1 -123.3 2578.7 0.0541552268 -0.5970296264 -0.8003891706 0.8609587550 0.4339332283 -0.2654278576 0.5057837367 -0.6747277379 0.5375176668
654.7 95.9 2681.4 0.1661976427 0.4408847690 0.8820425272 -0.9849340916 0.1175635234 0.1268212795 -0.0477824546 -0.8898311257 0.4537812173
699.1 -167.2 2668.6 -0.1946532428 0.4390139878 0.8771412969 -0.9576764703 0.1082625687 -0.2667114437 -0.2120516151 -0.8919337988 0.3993597031
401.0 -263.6 2605.1 0.9964880347 -0.0504372083 0.0668405965 0.0745475590 0.8979003429 -0.4338405132 -0.0381344929 0.4372996986 0.8985069394
420.6 -612.2 2435.4 0.9966278672 -0.0727651492 0.0379219428 0.0726554394 0.9973480105 0.0042650979 -0.0381317250 -0.0014954801 0.9992716312
572.8 -284.9 2647.0 0.8620013595 0.3288197815 0.3857865036 -0.1808309257 0.9104606509 -0.3719698787 -0.4735544622 0.2508763969 0.8442791104
444.8 -639.5 2549.3 0.8620013595 0.0881190151 0.4991880357 -0.1808309257 0.9734378457 0.1404242814 -0.4735544622 -0.2113145590 0.8550393581
284.6 -353.7 2443.4 0 0 0 0 0 0 0 0 0
649.4 -411.9 2614.4 0 0 0 0 0 0 0 0 0
447.7 -983.7 2435.9 0 0 0 0 0 0 0 0 0
411.9 -1002.8 2628.2 0 0 0 0 0 0 0 0 0
543.0 303.9 2660.5 95 0.9694276452 0.0956558064 -0.2259647399 -0.1065072417 0.9936490655 -0.0363010876 0.2210572362 0.0592581555 0.9734588861
524.1 107.9 2648.8 0.9694276452 0.0956558064 -0.2259647399 -0.1065072417 0.9936490655 -0.0363010876 0.2210572362 0.0592581555 0.9734588861
505.2 -85.0 2637.0 0.9692059159 0.0976305902 -0.2260712385 -0.1087866053 0.9933614731 -0.0373959690 0.2209194750 0.0608379133 0.9733926654
391.8 122.7 2618.6 0.3622615039 -0.5966575742 -0.7160770297 0.9208156466 0.3481562138 0.1757436544 0.1444479078 -0.7230401039 0.6755352020
295.0 -123.2 2580.1 0.0465537533 -0.5948436260 -0.8024922609 0.8685777783 0.4208836555 -0.2615905702 0.4933613539 -0.6848489046 0.5362616777
656.4 93.0 2679.0 0.1056221947 0.4462849796 0.8886358738 -0.9936311841 0.0826431587 0.0765972957 -0.0392554514 -0.8910666704 0.4521716237
684.0 -166.3 2668.7 -0.1305739433 0.4554843307 0.8806159496 -0.9653108120 0.1441621780 -0.2176976800 -0.2261094004 -0.8784937263 0.4208601415
399.3 -266.1 2607.6 0.9952181578 -0.0726891533 0.0652461797 0.0941764787 0.8913010955 -0.4435235262 -0.0259146411 0.4475473464 0.8938846588
427.5 -612.0 2433.9 0.9977657199 -0.0604724884 0.0284023508 0.0611916222 0.9978085756 -0.0251715109 -0.0268179271 0.0268532559 0.9992796183
573.0 -285.6 2644.2 0.8548075557 0.3230555356 0.4061270952 -0.1318939775 0.8921496868 -0.4320566654 -0.5019044280 0.3157595694 0.8052253127
447.6 -631.7 2521.7 0.8548075557 0.0244427752 0.5183691978 -0.1318939775 0.9763222933 0.1714606881 -0.5019044280 -0.2149356753 0.8377915025
282.6 -355.3 2448.2 0 0 0 0 0 0 0 0 0
650.6 -413.4 2610.8 0 0 0 0 0 0 0 0 0
450.0 -983.9 2423.9 0 0 0 0 0 0 0 0 0
438.5 -995.4 2601.8 0 0 0 0 0 0 0 0 0
542.9 304.2 2659.2 96 0.9700326324 0.0978788361 -0.2223879695 -0.1090833843 0.9932813048 -0.0386406966 0.2171117067 0.0617415719 0.9741922021
523.7 108.5 2647.1 0.9700326324 0.0978788361 -0.2223879695 -0.1090833843 0.9932813048 -0.0386406966 0.2171117067 0.0617415719 0.9741922021
504.0 -84.2 2635.0 0.9696964025 0.1012150645 -0.2223609984 -0.1124378368 0.9929175973 -0.0383715853 0.2169023752 0.0622105785 0.9742090106
391.2 123.9 2617.4 0.3602274358 -0.6034637094 -0.7113844156 0.9235118032 0.3384054005 0.1805759668 0.1317652911 -0.7220203280 0.6792087555
293.3 -127.1 2581.6 0.0558128171 -0.6008874178 -0.7973827720 0.8667098284 0.4256398976 -0.2600860596 0.4956803620 -0.6765833497 0.5445511937
656.1 93.2 2676.7 0.1630220860 0.4440044761 0.8810697198 -0.9866193533 0.0755897760 0.1444591135 -0.0024593691 -0.8928304315 0.4503861964
699.9 -171.8 2676.0 -0.1838777065 0.4607501030 0.8682731986 -0.9468243122 0.1542504728 -0.2823659778 -0.2640317082 -0.8740229607 0.4078861773
