444.9 403.7 2458.5 82 0.9193437696 0.1900223345 0.3445264995 -0.0982438028 0.9587727785 -0.2666512132 -0.3809923232 0.2112965435 0.9001103640
407.1 213.0 2416.5 0.9193437696 0.1900223345 0.3445264995 -0.0982438028 0.9587727785 -0.2666512132 -0.3809923232 0.2112965435 0.9001103640
369.3 22.5 2374.6 0.9193322659 0.1900408119 0.3445470631 -0.0983019397 0.9587956667 -0.2665475011 -0.3810051382 0.2111760676 0.9001331925
272.9 227.4 2472.1 0.4623685479 0.6386976242 -0.6150453091 -0.8522827625 0.5114771128 -0.1095684320 0.2446004748 0.5748534799 0.7808418870
157.7 439.7 2411.2 -0.6518468857 0.6386976242 -0.4088532925 -0.0373032093 0.5114771128 0.8584868312 0.7574325800 0.5748534799 -0.3095792830
541.4 198.6 2360.9 -0.1065958887 0.8465286493 0.5215616822 0.9909612536 0.0474823825 0.1254639775 0.0814438686 0.5302213430 -0.8439385295
532.4 282.5 2367.7 0.3192828596 0.7840337157 0.5323058963 0.9386329055 -0.3389816880 -0.0637158155 0.1304866076 0.5199831724 -0.8441509008
247.7 -162.2 2366.6 0.8592200279 -0.1722249836 0.4817463458 0.0378252529 0.9604428411 0.2758963108 -0.5102061033 -0.2188334316 0.8317461610
316.1 -543.8 2453.6 0.8646161556 0.0174161028 0.5021309853 -0.0946245939 0.9871595502 0.1286944747 -0.4934420288 -0.1587852687 0.8551620841
414.6 -178.6 2292.6 0.4122880697 -0.1240901947 0.9025630951 -0.0008662560 0.9906268120 0.1365934610 -0.9110531211 -0.0570977032 0.4083161354
463.9 -572.3 2315.3 0.3981739283 -0.2307604700 0.8878102899 0.0622657612 0.9724079967 0.2248236239 -0.9151942134 -0.0342387222 0.4015559852
327.0 449.4 2214.5 0 0 0 0 0 0 0 0 0
602.4 488.3 2396.4 0 0 0 0 0 0 0 0 0
309.4 -921.0 2514.2 0 0 0 0 0 0 0 0 0
552.0 -943.6 2328.3 0 0 0 0 0 0 0 0 0
441.4 407.7 2455.1 83 0.9252863526 0.1796740443 0.3340095580 -0.0981782526 0.9641182423 -0.2466516942 -0.3663415909 0.1954309791 0.9097255468
405.7 215.9 2416.2 0.9252863526 0.1796740443 0.3340095580 -0.0981782526 0.9641182423 -0.2466516942 -0.3663415909 0.1954309791 0.9097255468
370.0 24.4 2377.4 0.9253076911 0.1795748323 0.3340038359 -0.0980637968 0.9641219974 -0.2466824204 -0.3663184047 0.1955034584 0.9097192883
270.5 230.3 2469.7 0.4655274749 0.6265209317 -0.6251045465 -0.8437346816 0.5274126530 -0.0997378975 0.2672001719 0.5738531351 0.7741425037
154.6 440.5 2403.2 -0.6620829105 0.6265209317 -0.4112392664 -0.0283396430 0.5274126530 0.8491364717 0.7488945723 0.5738531351 -0.3314355314
540.8 201.6 2362.7 -0.1154618189 0.8386381865 0.5323105454 0.9914313555 0.0643378645 0.1136860400 0.0610937327 0.5408757925 -0.8388807774
531.1 285.5 2367.9 0.3100856245 0.7793134451 0.5445342064 0.9434809685 -0.3227428198 -0.0753709897 0.1170068756 0.5371291041 -0.8353452682
247.3 -158.9 2367.5 0.8652713299 -0.1701487750 0.4715452194 0.0388290025 0.9605593085 0.2753508091 -0.4997977614 -0.2199435383 0.8377511501
314.9 -540.6 2454.9 0.8701721430 0.0107584475 0.4926303625 -0.0794909149 0.9897315502 0.1187965870 -0.4862937629 -0.1425331235 0.8620920181
415.8 -176.9 2297.7 0.4196162224 -0.1299463660 0.8983519077 0.0258828066 0.9910100698 0.1312596053 -0.9073325396 -0.0318267941 0.4192073047
467.5 -570.6 2310.3 0.4144634306 -0.2195820063 0.8831782341 0.0492940918 0.9744471908 0.2191409022 -0.9087299705 -0.0472904183 0.4146968126
326.5 447.8 2208.6 0 0 0 0 0 0 0 0 0
599.1 492.4 2393.6 0 0 0 0 0 0 0 0 0
310.8 -918.8 2509.4 0 0 0 0 0 0 0 0 0
551.3 -942.8 2328.4 0 0 0 0 0 0 0 0 0
437.9 408.2 2454.7 84 0.9351363778 0.1680785418 0.3118807673 -0.0956976116 0.9674136043 -0.2344201952 -0.3411186934 0.1893686056 0.9207483530
404.5 215.8 2417.0 0.9351363778 0.1680785418 0.3118807673 -0.0956976116 0.9674136043 -0.2344201952 -0.3411186934 0.1893686056 0.9207483530
371.1 23.7 2379.4 0.9351512790 0.1680661589 0.3118427396 -0.0956118479 0.9673690796 -0.2346389890 -0.3411019146 0.1896070838 0.9207054973
267.9 229.8 2466.8 0.4638313651 0.6079220772 -0.6444309354 -0.8376778364 0.5377213955 -0.0956635699 0.2883683145 0.5841972828 0.7586548924
152.4 438.5 2394.9 -0.6811080575 0.6079220772 -0.4080718458 -0.0249753110 0.5377213955 0.8427525759 0.7317568660 0.5841972828 -0.3510633111
541.1 201.9 2367.2 -0.1235474721 0.8238403201 0.5531936288 0.9912107587 0.0758812949 0.1083662435 0.0472994298 0.5617198348 -0.8259743452
530.6 285.7 2371.2 0.3007082343 0.7671868801 0.5665675998 0.9467875361 -0.3116159737 -0.0805536658 0.1147518009 0.5606422424 -0.8200684786
249.4 -158.1 2372.2 0.8753300309 -0.1700308919 0.4526443183 0.0528288260 0.9641584754 0.2600144744 -0.4806313515 -0.2036857903 0.8529393673
317.0 -541.2 2453.1 0.8819503784 0.0138756186 0.4711379409 -0.0851880461 0.9877980351 0.1303765178 -0.4635800719 -0.1551209390 0.8723708987
419.1 -176.1 2305.0 0.4394285679 -0.1248773560 0.8895550370 0.0454729162 0.9921125174 0.1168115363 -0.8971258402 -0.0108796619 0.4416411221
468.7 -570.2 2309.3 0.4382508993 -0.2112211585 0.8736828566 0.0509488359 0.9762725234 0.2104665786 -0.8974075913 -0.0477240384 0.4386137724
329.3 445.0 2204.9 0 0 0 0 0 0 0 0 0
596.6 493.3 2396.4 0 0 0 0 0 0 0 0 0
311.7 -918.6 2512.4 0 0 0 0 0 0 0 0 0
549.4 -943.2 2327.6 0 0 0 0 0 0 0 0 0
435.2 408.9 2453.9 85 0.9394094348 0.1589300632 0.3037287295 -0.0918096751 0.9703089595 -0.2237667292 -0.3302739561 0.1823233366 0.9261087179
403.6 215.9 2417.6 0.9394094348 0.1589300632 0.3037287295 -0.0918096751 0.9703089595 -0.2237667292 -0.3302739561 0.1823233366 0.9261087179
372.0 23.1 2381.4 0.9394204617 0.1589241624 0.3036976457 -0.0917422548 0.9702715278 -0.2239564359 -0.3302612603 0.1825273633 0.9260730147
266.4 229.3 2465.8 0.4669299424 0.5976867080 -0.6517261863 -0.8315101862 0.5475728512 -0.0935668871 0.3009438813 0.5856061578 0.7526607513
150.0 436.5 2390.8 -0.6886649728 0.5976867080 -0.4105010629 -0.0233484879 0.5475728512 0.8364322186 0.7247036695 0.5856061578 -0.3631391525
540.8 202.4 2369.4 -0.1313188523 0.8172098398 0.5611803532 0.9906525016 0.0870960727 0.1049851179 0.0369182639 0.5697212815 -0.8210083842
529.7 286.3 2372.5 0.2925062776 0.7634172440 0.5758768916 0.9499993324 -0.3008057177 -0.0837687850 0.1092765182 0.5715855360 -0.8132334352
251.9 -159.8 2373.0 0.8810874224 -0.1591849178 0.4453594685 0.0487371534 0.9672024846 0.2492870688 -0.4704355299 -0.1979381442 0.8599482179
315.2 -544.1 2451.7 0.8875842690 0.0087728826 0.4605618417 -0.0812504813 0.9871245027 0.1377810985 -0.4534231424 -0.1597132087 0.8768689632
423.4 -177.3 2310.5 0.4469427764 -0.1133372560 0.8873538375 0.0543893166 0.9935493469 0.0995062441 -0.8929075599 0.0037889674 0.4502240419
468.4 -572.0 2309.0 0.4503744543 -0.2115725428 0.8674098849 0.0388400406 0.9752409458 0.2177075148 -0.8919945359 -0.0643596649 0.4474411011
328.9 442.6 2202.6 0 0 0 0 0 0 0 0 0
593.8 494.6 2396.5 0 0 0 0 0 0 0 0 0
311.8 -921.3 2512.7 0 0 0 0 0 0 0 0 0
549.2 -944.6 2333.5 0 0 0 0 0 0 0 0 0
428.4 404.0 2469.7 86 0.9269337654 0.1513753086 0.3433354795 -0.0644380897 0.9656377435 -0.2517766654 -0.3696504831 0.2112564147 0.9048365951
398.3 211.9 2427.7 0.9269337654 0.1513753086 0.3433354795 -0.0644380897 0.9656377435 -0.2517766654 -0.3696504831 0.2112564147 0.9048365951
368.2 20.2 2385.9 0.9269961715 0.1507977545 0.3434211910 -0.0640392974 0.9658069015 -0.2512289286 -0.3695633113 0.2108957916 0.9049562812
263.0 221.2 2481.7 0.4912290871 0.6115911007 -0.6202018261 -0.8336457610 0.5364751816 -0.1312598288 0.2524455190 0.5815072656 0.7733825445
140.7 428.7 2418.8 -0.6592767835 0.6115911007 -0.4373904765 -0.0607626326 0.5364751816 0.8417257667 0.7494411469 0.5815072656 -0.3165237308
533.6 202.7 2373.8 -0.1452410668 0.8375636935 0.5266802907 0.9863570929 0.0808827728 0.1433793753 0.0774899945 0.5403193831 -0.8378843665
521.3 286.1 2380.3 0.2816902697 0.7899602056 0.5446223021 0.9504054189 -0.3077039421 -0.0452535450 0.1318339258 0.5303595066 -0.8374596238
254.2 -161.3 2375.4 0.8668417335 -0.1599967331 0.4722144306 0.0471062511 0.9691572189 0.2418992668 -0.4963531196 -0.1874441206 0.8476427794
317.8 -546.4 2449.9 0.8736934066 0.0209110454 0.4860273600 -0.1026532128 0.9845044017 0.1421739310 -0.4755230546 -0.1741086990 0.8623015881
426.5 -178.0 2314.9 0.4145030975 -0.1082606837 0.9035854936 0.0598987378 0.9939913750 0.0916149840 -0.9080744982 0.0161489379 0.4184972048
469.5 -573.0 2308.4 0.4209478199 -0.2129424512 0.8817360401 0.0312410612 0.9748814106 0.2205226570 -0.9065467119 -0.0652821660 0.4170267582
311.8 444.5 2224.4 0 0 0 0 0 0 0 0 0
583.0 494.5 2409.2 0 0 0 0 0 0 0 0 0
309.8 -922.5 2516.4 0 0 0 0 0 0 0 0 0
550.9 -945.5 2333.4 0 0 0 0 0 0 0 0 0
425.5 404.0 2464.7 87 0.9315596223 0.1449209005 0.3334585726 -0.0675660670 0.9701567292 -0.2328750193 -0.3572555184 0.1944064796 0.9135505557
396.7 211.0 2426.0 0.9315596223 0.1449209005 0.3334585726 -0.0675660670 0.9701567292 -0.2328750193 -0.3572555184 0.1944064796 0.9135505557
367.9 18.3 2387.4 0.9316087365 0.1445193589 0.3334956169 -0.0672367886 0.9702391624 -0.2326266319 -0.3571895659 0.1942938268 0.9136003256
260.7 220.8 2478.1 0.4915114641 0.6024589539 -0.6288558841 -0.8265931010 0.5500543118 -0.1190970391 0.2741537988 0.5783454776 0.7683463693
138.3 426.6 2409.9 -0.6679705977 0.6024589539 -0.4368735850 -0.0491463728 0.5500543118 0.8336815238 0.7425630689 0.5783454776 -0.3378114104
532.7 201.2 2373.8 -0.1499730200 0.8306946158 0.5361478925 0.9870457649 0.0945349112 0.1296295077 0.0569978394 0.5486434102 -0.8341112733
520.1 284.8 2378.7 0.2764105797 0.7847166657 0.5548125505 0.9538779855 -0.2943623364 -0.0588864647 0.1171067208 0.5455003381 -0.8298888206
253.2 -165.8 2377.8 0.8710359931 -0.1589630693 0.4647871256 0.0503946990 0.9701162577 0.2373496592 -0.4886273742 -0.1833172888 0.8530170321
316.3 -551.3 2450.6 0.8780326247 0.0142679801 0.4783880711 -0.0916710049 0.9860623479 0.1388433725 -0.4697394371 -0.1657633185 0.8671028614
423.0 -177.4 2310.2 0.4240753055 -0.1133393124 0.8985067010 0.0537999906 0.9935384393 0.0999343842 -0.9040274620 0.0059599476 0.4274327755
468.0 -572.2 2307.8 0.4292812049 -0.2280561477 0.8739039302 0.0321031772 0.9708368182 0.2375821918 -0.9026001692 -0.0739344805 0.4240833223
311.7 439.4 2217.1 0 0 0 0 0 0 0 0 0
580.7 493.9 2404.3 0 0 0 0 0 0 0 0 0
310.9 -928.1 2514.0 0 0 0 0 0 0 0 0 0
555.2 -943.1 2336.0 0 0 0 0 0 0 0 0 0
420.9 402.6 2463.4 88 0.9490534067 0.1309916228 0.2865988016 -0.0684439465 0.9734813571 -0.2182875425 -0.3075924218 0.1875505894 0.9328513741
394.8 209.0 2426.1 0.9490534067 0.1309916228 0.2865988016 -0.0684439465 0.9734813571 -0.2182875425 -0.3075924218 0.1875505894 0.9328513741
368.6 15.7 2388.9 0.9490612745 0.1310320050 0.2865542769 -0.0683854744 0.9734112620 -0.2186183631 -0.3075811565 0.1878860593 0.9327875972
256.3 219.0 2471.0 0.4789142609 0.5700508356 -0.6675950885 -0.8210594058 0.5599768162 -0.1108483374 0.3106485903 0.6012220979 0.7362264991
137.1 423.4 2393.6 -0.7052927017 0.5700508356 -0.4214311540 -0.0418248102 0.5599768162 0.8274518847 0.7076813579 0.6012220979 -0.3711053133
533.3 199.0 2381.3 -0.1560167074 0.8008748293 0.5781507492 0.9871223569 0.1054824740 0.1202615723 0.0353296958 0.5894683599 -0.8070184588
520.1 282.6 2384.3 0.2667941451 0.7564200759 0.5972014070 0.9565201402 -0.2836045325 -0.0681006685 0.1178563014 0.5894040465 -0.7991950512
253.7 -168.2 2381.6 0.8930151463 -0.1584583372 0.4212064445 0.0593900234 0.9692693353 0.2387252599 -0.4460905194 -0.1881698072 0.8749830723
316.7 -553.4 2456.3 0.8993036747 0.0134724090 0.4371171594 -0.0737642050 0.9898774028 0.1212498397 -0.4310588837 -0.1412840337 0.8911941648
424.5 -180.5 2316.1 0.4666462541 -0.1115328297 0.8773834109 0.0730617046 0.9934874773 0.0874332711 -0.8814211488 0.0233027209 0.4717560112
468.8 -575.2 2306.9 0.4747382700 -0.2291498780 0.8497728705 0.0399960354 0.9701310992 0.2392613143 -0.8792178035 -0.0795989484 0.4697234333
320.0 434.2 2210.1 0 0 0 0 0 0 0 0 0
578.6 492.3 2410.1 0 0 0 0 0 0 0 0 0
311.6 -931.6 2510.3 0 0 0 0 0 0 0 0 0
556.4 -945.9 2337.3 0 0 0 0 0 0 0 0 0
421.1 399.2 2472.7 89 0.9540495276 0.1295886338 0.2701781988 -0.0658375025 0.9702702165 -0.2328972518 -0.2923266888 0.2044076473 0.9342176318
395.3 206.2 2432.0 0.9540495276 0.1295886338 0.2701781988 -0.0658375025 0.9702702165 -0.2328972518 -0.2923266888 0.2044076473 0.9342176318
369.4 13.5 2391.4 0.9540203214 0.1298668385 0.2701477110 -0.0660558194 0.9702005982 -0.2331253588 -0.2923727036 0.2045615166 0.9341695905
256.0 215.9 2474.7 0.4721948802 0.5609129667 -0.6800063252 -0.8264965415 0.5499393344 -0.1202920154 0.3064888716 0.6188241839 0.7232711911
138.3 421.7 2398.3 -0.7173267007 0.5609129667 -0.4133026004 -0.0503215790 0.5499393344 0.8336873055 0.6949173808 0.6188241839 -0.3662601411
534.6 196.5 2389.3 -0.1545097530 0.7909302711 0.5920777321 0.9868552685 0.0948204324 0.1308652759 0.0473642386 0.6045150161 -0.7951843739
521.5 280.0 2393.3 0.2667671144 0.7456609011 0.6105940938 0.9540301561 -0.2941163778 -0.0576369502 0.1366081089 0.5979008079 -0.7898435593
255.6 -171.5 2379.8 0.9015694261 -0.1531933695 0.4046040177 0.0578388497 0.9694938064 0.2381941080 -0.4287508428 -0.1913466901 0.8829264641
316.5 -556.8 2455.8 0.9079826474 0.0135823395 0.4187875092 -0.0756889209 0.9883493781 0.1320481896 -0.4121148586 -0.1515950412 0.8984321356
429.4 -183.9 2323.5 0.4834555984 -0.1008887962 0.8695355654 0.0690266117 0.9946368337 0.0770254955 -0.8726431131 0.0227826871 0.4878267646
469.5 -579.1 2314.4 0.4791464508 -0.2204531580 0.8495993614 0.0885284469 0.9751471281 0.2031029910 -0.8732590675 -0.0221023597 0.4867546260
324.6 434.8 2217.9 0 0 0 0 0 0 0 0 0
580.0 489.2 2423.3 0 0 0 0 0 0 0 0 0
311.3 -934.4 2513.7 0 0 0 0 0 0 0 0 0
553.6 -951.1 2322.8 0 0 0 0 0 0 0 0 0
420.3 400.9 2471.7 90 0.9563649297 0.1232646927 0.2648999393 -0.0642890111 0.9732078314 -0.2207565904 -0.2850141823 0.1940937042 0.9386663437
395.8 207.4 2433.1 0.9563649297 0.1232646927 0.2648999393 -0.0642890111 0.9732078314 -0.2207565904 -0.2850141823 0.1940937042 0.9386663437
371.2 14.0 2394.5 0.9563544989 0.1233885810 0.2648798525 -0.0643711612 0.9731664062 -0.2209151536 -0.2850305736 0.1942225695 0.9386347532
256.1 216.8 2474.7 0.4744934738 0.5537049770 -0.6843001842 -0.8202895522 0.5601580143 -0.1155337095 0.3193446696 0.6161442399 0.7199897170
137.9 421.2 2395.1 -0.7218184471 0.5537049770 -0.4151974320 -0.0460630991 0.5601580143 0.8271040916 0.6905478239 0.6161442399 -0.3788270354
535.5 197.9 2391.5 -0.1599749327 0.7862178683 0.5968831182 0.9865041375 0.1059619039 0.1248264238 0.0348938927 0.6087967753 -0.7925584316
522.0 281.4 2394.4 0.2608388066 0.7430228591 0.6163441539 0.9569387436 -0.2832593620 -0.0635011569 0.1274024397 0.6063671708 -0.7849124074
256.2 -173.2 2377.6 0.9045522809 -0.1524769664 0.3981657028 0.0554921925 0.9680255055 0.2446368635 -0.4227360487 -0.1991917491 0.8840909600
316.8 -557.9 2456.8 0.9104285240 0.0207895748 0.4131437242 -0.0819600150 0.9880025387 0.1308953166 -0.4054657817 -0.1530320942 0.9012095928
431.0 -185.3 2324.0 0.4880410135 -0.0939052552 0.8677544594 0.0722911730 0.9951285124 0.0670313314 -0.8698217869 0.0300169475 0.4924520552
468.3 -580.7 2312.1 0.4827184379 -0.2216913551 0.8472519517 0.0963755399 0.9750016928 0.2002086788 -0.8704565763 -0.0149900550 0.4920168817
325.4 433.1 2215.8 0 0 0 0 0 0 0 0 0
579.1 491.2 2422.3 0 0 0 0 0 0 0 0 0
308.8 -935.4 2515.2 0 0 0 0 0 0 0 0 0
553.0 -953.0 2317.8 0 0 0 0 0 0 0 0 0
421.0 401.2 2462.3 91 0.9616898298 0.1215468720 0.2457214147 -0.0750086159 0.9787976742 -0.1906010956 -0.2636785209 0.1648679227 0.9504168630
396.8 206.6 2429.5 0.9616898298 0.1215468720 0.2457214147 -0.0750086159 0.9787976742 -0.1906010956 -0.2636785209 0.1648679227 0.9504168630
372.7 12.2 2396.8 0.9617320299 0.1212065890 0.2457244843 -0.0746686012 0.9788284898 -0.1905763745 -0.2636212409 0.1649354994 0.9504210353
256.4 217.5 2468.0 0.4666532278 0.5420660973 -0.6988555789 -0.8099439740 0.5793299079 -0.0914750695 0.3552823663 0.6087209582 0.7093893290
140.2 419.2 2379.5 -0.7356700897 0.5420660973 -0.4061450958 -0.0229448192 0.5793299079 0.8147701621 0.6769512892 0.6087209582 -0.4137580693
537.3 195.7 2391.1 -0.1589002162 0.7741099000 0.6127843261 0.9872945547 0.1248236671 0.0983283669 -0.0003730210 0.6206230521 -0.7841089964
523.8 279.3 2391.0 0.2599328458 0.7302861214 0.6317571402 0.9602839351 -0.2642225027 -0.0896726102 0.1014377996 0.6299750805 -0.7699621916
259.0 -173.4 2382.1 0.9115510583 -0.1373225003 0.3875785768 0.0498715341 0.9725494385 0.2272892892 -0.4081512690 -0.1878566593 0.8933770061
313.6 -559.9 2456.7 0.9172365665 0.0076637845 0.3982691765 -0.0689391643 0.9877821803 0.1397631913 -0.3923320770 -0.1556522548 0.9065582752
434.4 -185.2 2329.8 0.5008363724 -0.0889182612 0.8609625101 0.0935578942 0.9944425821 0.0482795760 -0.8604707122 0.0563696772 0.5063719749
469.7 -580.3 2307.4 0.5072407722 -0.2123610228 0.8352302909 0.0651461408 0.9758400321 0.2085479945 -0.8593385816 -0.0513720140 0.5088203549
331.2 425.2 2203.7 0 0 0 0 0 0 0 0 0
580.8 489.8 2413.3 0 0 0 0 0 0 0 0 0
310.7 -937.3 2516.2 0 0 0 0 0 0 0 0 0
550.8 -952.7 2327.0 0 0 0 0 0 0 0 0 0
418.3 396.6 2471.2 92 0.9689406157 0.1161927953 0.2182962745 -0.0691672713 0.9748464227 -0.2118733078 -0.2374235094 0.1901937127 0.9526050687
395.2 202.8 2433.4 0.9689406157 0.1161927953 0.2182962745 -0.0691672713 0.9748464227 -0.2118733078 -0.2374235094 0.1901937127 0.9526050687
372.0 9.2 2395.6 0.9688884616 0.1166608706 0.2182781547 -0.0696039945 0.9747823477 -0.2120251060 -0.2375087142 0.1902356595 0.9525754452
253.7 213.0 2468.1 0.4562127590 0.5246919394 -0.7187268734 -0.8181048632 0.5650693774 -0.1067756638 0.3501062095 0.6367063522 0.6870448589
140.0 416.8 2380.8 -0.7547971606 0.5246919394 -0.3936744928 -0.0370736867 0.5650693774 0.8242099881 0.6549097300 0.6367063522 -0.4070605040
536.7 192.6 2398.7 -0.1585802883 0.7559958100 0.6350768805 0.9871965051 0.1102088988 0.1153127328 0.0171848182 0.6452320218 -0.7637934089
523.3 276.2 2400.2 0.2571491003 0.7118255496 0.6535891294 0.9575405717 -0.2789099813 -0.0729746521 0.1303473115 0.6446034908 -0.7533232570
260.4 -175.4 2388.2 0.9229669571 -0.1326140463 0.3613108099 0.0577657446 0.9758611321 0.2106137276 -0.3805195391 -0.1735181212 0.9083481431
313.1 -563.1 2457.2 0.9290762544 0.0023175438 0.3698810041 -0.0582734086 0.9884097576 0.1401795447 -0.3652691543 -0.1517917216 0.9184430838
436.7 -189.0 2339.9 0.5251827240 -0.0897796452 0.8462403417 0.1143871546 0.9928424358 0.0343435369 -0.8432666659 0.0787623897 0.5316933393
472.4 -583.4 2308.6 0.5385752916 -0.1932843775 0.8201084137 0.0521810688 0.9791160226 0.1964915842 -0.8409600258 -0.0630313754 0.5374134779
336.0 426.4 2210.8 0 0 0 0 0 0 0 0 0
579.7 486.1 2428.8 0 0 0 0 0 0 0 0 0
312.2 -940.8 2515.2 0 0 0 0 0 0 0 0 0
546.2 -957.2 2332.7 0 0 0 0 0 0 0 0 0
415.2 397.9 2468.9 93 0.9654303789 0.1125332862 0.2351178527 -0.0658874214 0.9780691266 -0.1975843906 -0.2521963418 0.1752626747 0.9516721964
392.8 203.4 2434.1 0.9654303789 0.1125332862 0.2351178527 -0.0658874214 0.9780691266 -0.1975843906 -0.2521963418 0.1752626747 0.9516721964
370.4 9.1 2399.3 0.9653769135 0.1130161658 0.2351059318 -0.0663514435 0.9780169129 -0.1976877898 -0.2522794902 0.1752436012 0.9516536593
251.8 213.1 2470.9 0.4674472511 0.5311182141 -0.7066870332 -0.8102360368 0.5771251321 -0.1021964923 0.3535684347 0.6203547716 0.7001066804
135.3 415.0 2382.8 -0.7437524199 0.5311182141 -0.4058889151 -0.0331779458 0.5771251321 0.8159815073 0.6676313281 0.6203547716 -0.4116168022
533.9 193.7 2397.2 -0.1650661677 0.7655549049 0.6218350530 0.9862608314 0.1239407659 0.1092168018 0.0065407483 0.6313195229 -0.7754952312
519.9 277.1 2397.8 0.2526328266 0.7240569592 0.6418085098 0.9609039426 -0.2654366195 -0.0787846521 0.1133148968 0.6366198659 -0.7628071904
260.0 -178.0 2379.6 0.9194177389 -0.1282776743 0.3717739284 0.0361954831 0.9688984156 0.2447973341 -0.3916131854 -0.2116144747 0.8954654932
311.0 -562.8 2463.7 0.9230925441 -0.0061249509 0.3845291734 -0.0459871255 0.9909408689 0.1261798590 -0.3818185031 -0.1341590732 0.9144484401
437.6 -190.8 2336.1 0.5117579103 -0.0843965039 0.8549742699 0.0945538729 0.9946507215 0.0415876172 -0.8539106250 0.0595583394 0.5170004368
471.2 -585.9 2312.5 0.5194088221 -0.2012455314 0.8304906487 0.0590763204 0.9780043960 0.2000434995 -0.8524813652 -0.0548420325 0.5198729634
328.5 423.6 2209.4 0 0 0 0 0 0 0 0 0
575.3 487.8 2422.6 0 0 0 0 0 0 0 0 0
313.3 -941.4 2514.9 0 0 0 0 0 0 0 0 0
548.0 -959.5 2333.4 0 0 0 0 0 0 0 0 0
417.2 394.1 2475.2 94 0.9649296999 0.1245099008 0.2311016321 -0.0742646679 0.9738724828 -0.2146093994 -0.2517845035 0.1899203062 0.9489651322
392.4 200.5 2437.4 0.9649296999 0.1245099008 0.2311016321 -0.0742646679 0.9738724828 -0.2146093994 -0.2517845035 0.1899203062 0.9489651322
367.6 7.1 2399.7 0.9648926854 0.1248141527 0.2310919464 -0.0745536089 0.9738336802 -0.2146850824 -0.2518408597 0.1899193376 0.9489504099
251.5 211.4 2474.2 0.4567964971 0.5371970534 -0.7090530992 -0.8210988641 0.5612793565 -0.1037404090 0.3422478437 0.6295909882 0.6974823475
137.6 416.0 2388.9 -0.7451430559 0.5371970534 -0.3951976001 -0.0339308493 0.5612793565 0.8269305825 0.6660408974 0.6295909882 -0.4000058770
533.4 189.6 2400.6 -0.1528695971 0.7659986019 0.6244013309 0.9880241752 0.1050662026 0.1130015180 0.0209555328 0.6341980696 -0.7728865743
520.5 273.2 2402.4 0.2643093467 0.7196809053 0.6420280337 0.9559134841 -0.2838030457 -0.0754005089 0.1279451996 0.6336523294 -0.7629644871
259.4 -179.1 2387.6 0.9190517068 -0.1307951510 0.3718018234 0.0414857268 0.9701935649 0.2387537807 -0.3919475675 -0.2040025890 0.8970841765
311.4 -564.5 2468.6 0.9224331975 -0.0035408169 0.3861404359 -0.0399416834 0.9937196374 0.1045270339 -0.3840854466 -0.1118423119 0.9164986014
436.4 -191.3 2341.3 0.5145127177 -0.0816424936 0.8535872102 0.0978499725 0.9945446253 0.0361439884 -0.8518814445 0.0649269447 0.5196946263
468.9 -586.4 2315.5 0.5175876617 -0.2220186144 0.8263236284 0.0845750943 0.9742944241 0.2088001072 -0.8514400125 -0.0381859541 0.5230600238
331.2 424.8 2215.9 0 0 0 0 0 0 0 0 0
578.4 482.8 2430.4 0 0 0 0 0 0 0 0 0
312.8 -944.1 2511.3 0 0 0 0 0 0 0 0 0
553.7 -958.5 2330.1 0 0 0 0 0 0 0 0 0
416.4 394.3 2474.1 95 0.9651250839 0.1247264668 0.2301671505 -0.0770809501 0.9756225348 -0.2054732293 -0.2501842082 0.1805658638 0.9512117505
391.5 200.2 2438.2 0.9651250839 0.1247264668 0.2301671505 -0.0770809501 0.9756225348 -0.2054732293 -0.2501842082 0.1805658638 0.9512117505
366.7 6.4 2402.3 0.9651053548 0.1248909310 0.2301606983 -0.0772351623 0.9755996466 -0.2055237293 -0.2502127588 0.1805755496 0.9512024522
250.5 211.5 2474.8 0.4562505186 0.5367351770 -0.7097540498 -0.8178333640 0.5672642589 -0.0967464820 0.3506908715 0.6246011853 0.6977745295
136.8 415.4 2387.4 -0.7457502484 0.5367351770 -0.3946795464 -0.0273322202 0.5672642589 0.8230821490 0.6656647325 0.6246011853 -0.4083673060
532.5 188.9 2401.7 -0.1526331156 0.7654402852 0.6251434088 0.9882191420 0.1110243499 0.1053397730 0.0112251714 0.6338570118 -0.7733687758
519.6 272.5 2402.6 0.2644385993 0.7190224528 0.6427121758 0.9570440054 -0.2778202891 -0.0829614922 0.1189073175 0.6370421052 -0.7616025209
254.4 -179.5 2385.0 0.9181239009 -0.1427805424 0.3696784973 0.0466512553 0.9652946591 0.2569628954 -0.3935379684 -0.2186778039 0.8929209709
311.1 -563.0 2471.9 0.9218544364 -0.0019415155 0.3875314593 -0.0407747813 0.9939510226 0.1019741371 -0.3853852749 -0.1098068208 0.9161990285
431.3 -193.2 2338.8 0.5153297186 -0.0838691220 0.8528782129 0.0893790573 0.9950322509 0.0438430719 -0.8523184061 0.0536358096 0.5202658176
464.6 -588.6 2317.5 0.5120984912 -0.2277588546 0.8281793594 0.1034290940 0.9735380411 0.2037795633 -0.8526766896 -0.0186973624 0.5221042633
330.6 422.5 2214.4 0 0 0 0 0 0 0 0 0
577.6 482.4 2428.7 0 0 0 0 0 0 0 0 0
311.8 -942.8 2513.9 0 0 0 0 0 0 0 0 0
551.6 -960.5 2324.7 0 0 0 0 0 0 0 0 0
411.0 396.2 2474.0 96 0.9619520307 0.1186820865 0.2460952401 -0.0701345354 0.9778084755 -0.1974125803 -0.2640633583 0.1726416498 0.9489285350
387.4 201.7 2439.7 0.9619520307 0.1186820865 0.2460952401 -0.0701345354 0.9778084755 -0.1974125803 -0.2640633583 0.1726416498 0.9489285350
363.8 7.4 2405.4 0.9619213939 0.1189322993 0.2460941970 -0.0703866854 0.9777886271 -0.1974211484 -0.2641078532 0.1725818664 0.9489270449
246.9 212.0 2478.3 0.4686132073 0.5410007238 -0.6983694434 -0.8115820885 0.5758808851 -0.0984666720 0.3489070833 0.6129269004 0.7089319229
130.1 414.3 2391.3 -0.7354630828 0.5410007238 -0.4079365730 -0.0295486748 0.5758808851 0.8169994354 0.6769201756 0.6129269004 -0.4075533152
528.0 191.4 2401.1 -0.1611811370 0.7737736702 0.6126132011 0.9868977070 0.1217633858 0.1058612391 0.0073187808 0.6216493845 -0.7832614183
514.3 274.9 2401.7 0.2577057183 0.7308483124 0.6320194006 0.9600608349 -0.2674441338 -0.0822001100 0.1089540645 0.6279605031 -0.7705807090
253.4 -180.3 2389.4 0.9116930962 -0.1465977430 0.3838291168 0.0523343459 0.9680062532 0.2454078197 -0.4075252414 -0.2036491632 0.8901967406
311.7 -564.9 2470.3 0.9160544872 0.0100887883 0.4009268880 -0.0562739782 0.9930269718 0.1035889387 -0.3970861435 -0.1174548641 0.9102345705
430.4 -194.5 2343.5 0.5012037158 -0.0797047094 0.8616507053 0.0951489434 0.9947872758 0.0366740488 -0.8600822687 0.0636039898 0.5061749220
462.1 -589.8 2318.2 0.4967755675 -0.2174632996 0.8401926756 0.1155343279 0.9760529399 0.1843161285 -0.8601545691 0.0055073421 0.5100037456
321.2 422.0 2215.5 0 0 0 0 0 0 0 0 0
570.8 485.4 2425.6 0 0 0 0 0 0 0 0 0
307.8 -944.3 2515.2 0 0 0 0 0 0 0 0 0
545.1 -962.6 2316.1 0 0 0 0 0 0 0 0 0
403.8 400.8 2479.5 97 0.9537669420 0.1152908802 0.2775548398 -0.0585818999 0.9770990610 -0.2045618743 -0.2947826982 0.1788446605 0.9386787415
380.9 206.4 2443.9 0.9537669420 0.1152908802 0.2775548398 -0.0585818999 0.9770990610 -0.2045618743 -0.2947826982 0.1788446605 0.9386787415
357.9 12.3 2408.4 0.9537394047 0.1154895648 0.2775668204 -0.0588150099 0.9771063328 -0.2044602931 -0.2948253453 0.1786767393 0.9386973381
241.6 215.1 2487.0 0.4864631593 0.5548531413 -0.6749011874 -0.8107140660 0.5746434331 -0.1119272485 0.3257243335 0.6016003489 0.7293700576
120.4 417.1 2405.8 -0.7135242820 0.5548531413 -0.4278096259 -0.0431538410 0.5746434331 0.8172653913 0.6993002295 0.6016003489 -0.3860780001
520.2 197.8 2400.8 -0.1697506756 0.7918033600 0.5867130160 0.9852330089 0.1228364408 0.1192775071 0.0223745853 0.5982965231 -0.8009623289
505.8 281.2 2402.7 0.2523484528 0.7526035905 0.6082006693 0.9613001347 -0.2667974532 -0.0687106922 0.1105544716 0.6020024419 -0.7908038497
252.0 -180.4 2395.3 0.9006495476 -0.1468374282 0.4089855254 0.0477281660 0.9689111114 0.2427617908 -0.4319171309 -0.1991231740 0.8796576262
310.3 -565.4 2474.5 0.9039672017 0.0058339625 0.4275620282 -0.0443383493 0.9957958460 0.0801543966 -0.4252969027 -0.0914143398 0.9004254341
428.4 -193.3 2346.9 0.4736377299 -0.0787975341 0.8771877289 0.1011624411 0.9942649007 0.0346918553 -0.8748905659 0.0723070726 0.4788926840
459.7 -588.4 2318.2 0.4698524177 -0.2282044888 0.8527376056 0.1176138446 0.9735776186 0.1957385689 -0.8748746514 0.0083255060 0.4842778146
305.7 428.3 2224.2 0 0 0 0 0 0 0 0 0
561.1 492.0 2427.0 0 0 0 0 0 0 0 0 0
308.1 -945.8 2509.4 0 0 0 0 0 0 0 0 0
546.9 -960.3 2315.0 0 0 0 0 0 0 0 0 0
395.7 400.5 2484.2 98 0.9509884715 0.1133999303 0.2876827717 -0.0546297580 0.9773093462 -0.2046509236 -0.3043624759 0.1789046377 0.9356049299
373.1 206.1 2448.6 0.9509884715 0.1133999303 0.2876827717 -0.0546297580 0.9773093462 -0.2046509236 -0.3043624759 0.1789046377 0.9356049299
350.5 11.9 2413.1 0.9509693384 0.1135464534 0.2876882255 -0.0547945388 0.9773099422 -0.2046039551 -0.3043926358 0.1788083464 0.9356135130
234.2 214.1 2493.1 0.4928311706 0.5585892200 -0.6671547890 -0.8092003465 0.5760836005 -0.1154230461 0.3198628724 0.5967459679 0.7359225750
111.4 415.8 2413.4 -0.7063351870 0.5585892200 -0.4348203242 -0.0467787683 0.5760836005 0.8160511255 0.7063302398 0.5967459679 -0.3807780147
512.0 198.1 2404.1 -0.1732668728 0.7972561121 0.5782398582 0.9845481515 0.1250905395 0.1225449592 0.0253673829 0.5905379653 -0.8066110611
497.4 281.4 2406.3 0.2497784793 0.7595781684 0.6005428433 0.9621139169 -0.2646946013 -0.0653726980 0.1093047708 0.5941193104 -0.7969157696
247.5 -176.4 2399.9 0.8950101733 -0.1576526463 0.4172559083 0.0585933253 0.9689036608 0.2404007018 -0.4421805739 -0.1907126606 0.8764160275
310.1 -561.4 2475.7 0.8981608748 0.0262479987 0.4388827384 -0.0590551347 0.9963729382 0.0612651519 -0.4356828034 -0.0809442401 0.8964533210
422.3 -187.2 2345.9 0.4657608867 -0.0866052508 0.8806624413 0.0892420188 0.9947226048 0.0506241135 -0.8803991675 0.0550133660 0.4710316956
456.7 -582.5 2324.0 0.4518852234 -0.2286381871 0.8622785807 0.1526063383 0.9721618295 0.1777995974 -0.8789260983 0.0512441583 0.4741972089
294.9 428.0 2229.9 0 0 0 0 0 0 0 0 0
552.1 492.3 2430.3 0 0 0 0 0 0 0 0 0
300.1 -942.0 2506.6 0 0 0 0 0 0 0 0 0
544.0 -953.6 2304.5 0 0 0 0 0 0 0 0 0
391.6 394.1 2484.9 99 0.9518171549 0.1112400591 0.2857791185 -0.0526419394 0.9773251414 -0.2050961554 -0.3021140397 0.1801700741 0.9360907078
369.5 199.7 2449.1 0.9518171549 0.1112400591 0.2857791185 -0.0526419394 0.9773251414 -0.2050961554 -0.3021140397 0.1801700741 0.9360907078
347.4 5.5 2413.3 0.9518048763 0.1113444567 0.2857794762 -0.0527500361 0.9773198962 -0.2050931603 -0.3021339476 0.1801338047 0.9360913038
230.5 207.4 2493.2 0.4935546219 0.5560535192 -0.6687363386 -0.8086051345 0.5765177011 -0.1174096465 0.3202522993 0.5986917019 0.7341707349
107.4 409.0 2413.4 -0.7079643011 0.5560535192 -0.4354204834 -0.0488230400 0.5765177011 0.8156246543 0.7045586109 0.5986917019 -0.3810057640
508.6 192.0 2404.9 -0.1751071662 0.7955890298 0.5799789429 0.9842059612 0.1258922815 0.1244579554 0.0260025095 0.5926122069 -0.8050680757
493.7 275.2 2407.1 0.2477724999 0.7586070299 0.6025978327 0.9624446630 -0.2639638484 -0.0634295046 0.1109459922 0.5956832170 -0.7955203056
240.8 -177.2 2405.5 0.8954157829 -0.1586100161 0.4160209596 0.0641089529 0.9705871940 0.2320572436 -0.4405912161 -0.1811170578 0.8792474270
303.8 -562.9 2477.4 0.9002913833 0.0053248331 0.4352551699 -0.0456590243 0.9955642223 0.0822625831 -0.4328864217 -0.0939336196 0.8965409994
415.1 -187.3 2349.6 0.4658623338 -0.0989526510 0.8793069124 0.1109334454 0.9924184680 0.0529084057 -0.8778758645 0.0728965104 0.4733075500
454.5 -581.6 2320.7 0.4662331939 -0.2383100241 0.8519594669 0.1094244719 0.9711735249 0.2117742151 -0.8778683543 -0.0055109570 0.4788702726
291.4 421.7 2230.3 0 0 0 0 0 0 0 0 0
548.1 486.3 2431.5 0 0 0 0 0 0 0 0 0
301.8 -943.2 2513.3 0 0 0 0 0 0 0 0 0
545.3 -951.9 2322.8 0 0 0 0 0 0 0 0 0
387.7 389.3 2479.4 00 0.9619286656 0.1059000194 0.2519492209 -0.0579093583 0.9799215198 -0.1907886118 -0.2670949697 0.1689348221 0.9487472177
366.6 194.3 2445.8 0.9619286656 0.1059000194 0.2519492209 -0.0579093583 0.9799215198 -0.1907886118 -0.2670949697 0.1689348221 0.9487472177
345.5 -0.3 2412.3 0.9619303942 0.1059048995 0.2519406676 -0.0578936450 0.9799070954 -0.1908675581 -0.2670922577 0.1690155417 0.9487336278
226.1 202.8 2484.8 0.4806710780 0.5349313021 -0.6948408484 -0.8040390015 0.5850930214 -0.1057706028 0.3499665260 0.6095200181 0.7113429308
106.4 403.1 2397.6 -0.7327696681 0.5349313021 -0.4205913544 -0.0378417298 0.5850930214 0.8100827932 0.6794237494 0.6095200181 -0.4084956944
507.1 185.8 2406.8 -0.1748514473 0.7740528584 0.6084974408 0.9845837951 0.1345346719 0.1117818132 0.0046610245 0.6186619401 -0.7856434584
492.3 269.1 2407.2 0.2447006702 0.7365599275 0.6305561662 0.9638985395 -0.2552084029 -0.0759493485 0.1049819887 0.6263770461 -0.7724186778
238.0 -183.8 2405.2 0.9089147449 -0.1563879699 0.3865447342 0.0677971244 0.9700953364 0.2330634296 -0.4114335477 -0.1856281757 0.8923366070
300.1 -569.4 2479.0 0.9143955708 0.0037649714 0.4048043191 -0.0453777090 0.9946079850 0.0932512432 -0.4022705257 -0.1036376208 0.9096360207
412.5 -193.5 2349.8 0.4941502213 -0.0986796841 0.8637579679 0.1260043085 0.9911758304 0.0411502570 -0.8601967692 0.0885028169 0.5022238493
451.7 -587.3 2314.6 0.5049747229 -0.2364996970 0.8301014304 0.0836421251 0.9706112742 0.2256496549 -0.8590719104 -0.0445159189 0.5099154711
296.6 412.9 2221.2 0 0 0 0 0 0 0 0 0
545.9 480.5 2430.2 0 0 0 0 0 0 0 0 0
298.7 -949.3 2518.5 0 0 0 0 0 0 0 0 0
541.9 -957.5 2331.6 0 0 0 0 0 0 0 0 0
383.3 385.0 2479.2 01 0.9742462635 0.1005920842 0.2018054575 -0.0631884113 0.9809128046 -0.1838948727 -0.2164519131 0.1664071232 0.9620068669
363.3 189.8 2446.1 0.9742462635 0.1005920842 0.2018054575 -0.0631884113 0.9809128046 -0.1838948727 -0.2164519131 0.1664071232 0.9620068669
343.1 -5.0 2413.1 0.9742082357 0.1010054201 0.2017825693 -0.0635584444 0.9808471203 -0.1841175556 -0.2165147215 0.1665438563 0.9619690776
221.1 199.1 2477.7 0.4583502710 0.5052587390 -0.7311830521 -0.8032323122 0.5876411200 -0.0974460691 0.3804377615 0.6319742799 0.6751856208
107.0 399.2 2383.0 -0.7670634389 0.5052587390 -0.3953824937 -0.0297055449 0.5876411200 0.8085761666 0.6408832073 0.6319742799 -0.4357490242
505.5 180.5 2414.5 -0.1708580703 0.7415767908 0.6487460136 0.9852207899 0.1367011070 0.1032122821 -0.0121444603 0.6567927003 -0.7539733648
491.1 263.9 2413.5 0.2428596020 0.7021524310 0.6693289280 0.9638155699 -0.2528275549 -0.0844852030 0.1099032983 0.6656276584 -0.7381470203
236.2 -189.8 2403.2 0.9274226427 -0.1546361595 0.3405508101 0.0729704872 0.9678395987 0.2407526523 -0.3668276370 -0.1984293014 0.9088802338
297.7 -574.4 2482.0 0.9327156544 -0.0032273100 0.3605982959 -0.0297591407 0.9958603382 0.0858871639 -0.3593827188 -0.0908394009 0.9287584424
412.5 -200.3 2354.2 0.5382723212 -0.0995028466 0.8368763924 0.1191677824 0.9920147657 0.0413006917 -0.8343032598 0.0774976835 0.5458316207
452.1 -594.5 2323.4 0.5321537852 -0.2262318432 0.8158624172 0.1464553326 0.9737091064 0.1744745821 -0.8338844180 0.0266400985 0.5512958169
306.0 406.9 2216.7 0 0 0 0 0 0 0 0 0
544.3 475.2 2437.6 0 0 0 0 0 0 0 0 0
298.9 -954.8 2516.7 0 0 0 0 0 0 0 0 0
538.2 -965.3 2313.3 0 0 0 0 0 0 0 0 0
379.5 384.3 2486.4 02 0.9751186371 0.1059060469 0.1947498620 -0.0673214719 0.9784851074 -0.1950249076 -0.2112141550 0.1770615727 0.9612688422
358.4 189.6 2451.2 0.9751186371 0.1059060469 0.1947498620 -0.0673214719 0.9784851074 -0.1950249076 -0.2112141550 0.1770615727 0.9612688422
337.2 -4.8 2416.0 0.9750896692 0.1061965451 0.1947367936 -0.0675888732 0.9784426093 -0.1951455027 -0.2112625539 0.1771223247 0.9612470269
216.0 199.5 2482.0 0.4512445927 0.5050253868 -0.7357497215 -0.8097101450 0.5783072710 -0.0996500105 0.3751636446 0.6407105327 0.6698822379
103.6 401.2 2388.6 -0.7711206675 0.5050253868 -0.3877141178 -0.0311418865 0.5783072710 0.8152244091 0.6359269619 0.6407105327 -0.4302172661
500.8 179.7 2420.3 -0.1645379961 0.7384046912 0.6539768577 0.9863657355 0.1252917200 0.1066989452 -0.0031508938 0.6626164317 -0.7489523292
486.9 263.2 2420.1 0.2482831180 0.6964610815 0.6732736826 0.9610793591 -0.2640464008 -0.0812771022 0.1211691648 0.6672492027 -0.7349126339
233.8 -194.1 2399.8 0.9314112663 -0.1500228047 0.3316114843 0.0621453971 0.9632716179 0.2612388134 -0.3586237133 -0.2227126658 0.9065253139
293.4 -576.8 2488.3 0.9346988797 -0.0206338130 0.3548411131 -0.0023543008 0.9979323149 0.0642307475 -0.3554327488 -0.0608718134 0.9327176213
412.2 -205.7 2360.2 0.5439004302 -0.0920479149 0.8340860605 0.1262933612 0.9916232824 0.0270785559 -0.8295916915 0.0906114876 0.5509693623
448.8 -599.7 2324.2 0.5340250134 -0.2464702129 0.8087458014 0.1670939475 0.9684649706 0.1848113686 -0.8287924528 0.0364426300 0.5583682060
303.8 409.3 2223.5 0 0 0 0 0 0 0 0 0
541.3 473.9 2446.6 0 0 0 0 0 0 0 0 0
301.3 -957.9 2511.6 0 0 0 0 0 0 0 0 0
542.8 -969.1 2310.3 0 0 0 0 0 0 0 0 0
377.2 385.1 2483.9 03 0.9740498066 0.1028979346 0.2015912533 -0.0648266524 0.9802008867 -0.1870927364 -0.2168513834 0.1691691577 0.9614350200
356.7 190.1 2450.2 0.9740498066 0.1028979346 0.2015912533 -0.0648266524 0.9802008867 -0.1870927364 -0.2168513834 0.1691691577 0.9614350200
336.2 -4.7 2416.6 0.9740285277 0.1031144038 0.2015833855 -0.0650289953 0.9801732302 -0.1871675998 -0.2168863118 0.1691978127 0.9614220858
214.4 199.6 2481.9 0.4572042525 0.5065059066 -0.7310376167 -0.8048508167 0.5853644609 -0.0977934077 0.3783905208 0.6330878139 0.6752928495
100.5 400.2 2387.6 -0.7669715881 0.5065059066 -0.3939623535 -0.0296090823 0.5853644609 0.8102294207 0.6409975886 0.6330878139 -0.4339607656
499.0 180.5 2418.5 -0.1687746942 0.7419948578 0.6488133073 0.9856095910 0.1333393604 0.1038955897 -0.0094223553 0.6570115685 -0.7538216114
484.7 263.9 2417.8 0.2449209690 0.7017478943 0.6690019965 0.9629961252 -0.2561276555 -0.0838875026 0.1124820337 0.6647921205 -0.7385115027
226.7 -193.0 2400.2 0.9276195168 -0.1667985767 0.3342158198 0.0708829165 0.9571067095 0.2809312344 -0.3667391241 -0.2369071096 0.8996540308
293.0 -573.2 2494.3 0.9314763546 -0.0178880598 0.3633618355 -0.0027682541 0.9984130263 0.0562476069 -0.3637913465 -0.0533991940 0.9299485683
405.5 -205.4 2361.5 0.5370389819 -0.1004753634 0.8375523090 0.1336629391 0.9904733896 0.0331155099 -0.8329005837 0.0941653773 0.5453526974
445.4 -599.0 2324.1 0.5279693604 -0.2587688565 0.8088800907 0.1689173877 0.9654161930 0.1985911727 -0.8322951794 0.0317838602 0.5534207225
299.7 407.9 2221.1 0 0 0 0 0 0 0 0 0
538.4 475.1 2442.4 0 0 0 0 0 0 0 0 0
299.8 -954.6 2514.7 0 0 0 0 0 0 0 0 0
544.2 -967.5 2311.9 0 0 0 0 0 0 0 0 0
387.8 381.7 2481.4 04 0.9771444201 0.1312346607 0.1672312617 -0.1002133563 0.9781669974 -0.1820621490 -0.1874729693 0.1611422002 0.9689618349
361.7 187.3 2449.4 0.9771444201 0.1312346607 0.1672312617 -0.1002133563 0.9781669974 -0.1820621490 -0.1874729693 0.1611422002 0.9689618349
335.4 -7.0 2417.5 0.9770866632 0.1315383166 0.1673301309 -0.1006433666 0.9782595634 -0.1813261062 -0.1875436306 0.1603306383 0.9690827727
219.0 201.9 2476.8 0.4184544086 0.5079236031 -0.7529339194 -0.8148082495 0.5761688948 -0.0641627908 0.4012273252 0.6403459907 0.6549607515
114.8 404.8 2376.9 -0.7855430841 0.5079236031 -0.3534623682 0.0047853412 0.5761688948 0.8173166513 0.6187884212 0.6403459907 -0.4550361037
504.3 172.6 2422.0 -0.1347532123 0.7268869877 0.6734069586 0.9905325174 0.1167923063 0.0721445456 -0.0262078214 0.6767532229 -0.7357433438
492.9 256.4 2419.8 0.2742510736 0.6731858850 0.6867365241 0.9555752277 -0.2709623873 -0.1159971580 0.1079921201 0.6880407929 -0.7175915241
226.4 -193.5 2402.9 0.9343520403 -0.1579287946 0.3194445372 0.0705872700 0.9606927037 0.2684900761 -0.3492903411 -0.2283155322 0.9087729454
289.1 -575.2 2493.6 0.9379582405 -0.0348150507 0.3449959457 0.0126514733 0.9977203012 0.0662881061 -0.3465172946 -0.0578107722 0.9362604618
405.0 -205.4 2363.1 0.5635270476 -0.0819479898 0.8220229745 0.1244253665 0.9921356440 0.0136084538 -0.8166735172 0.0946117789 0.5692916512
437.5 -599.6 2325.5 0.5451661348 -0.3004555404 0.7826367617 0.1867488772 0.9536355138 0.2360174209 -0.8172629476 0.0174878296 0.5759994984
318.7 403.6 2216.3 0 0 0 0 0 0 0 0 0
553.1 465.9 2443.4 0 0 0 0 0 0 0 0 0
302.4 -956.3 2515.7 0 0 0 0 0 0 0 0 0
552.2 -963.5 2318.9 0 0 0 0 0 0 0 0 0
398.7 383.4 2463.1 05 0.9583474994 0.2124505043 0.1908791065 -0.1950610429 0.9750565886 -0.1059046760 -0.2086174339 0.0642604008 0.9758839011
356.0 187.4 2450.2 0.9583474994 0.2124505043 0.1908791065 -0.1950610429 0.9750565886 -0.1059046760 -0.2086174339 0.0642604008 0.9758839011
327.1 -7.0 2421.3 0.9730464220 0.1453156918 0.1790641993 -0.1147920117 0.9786614776 -0.1704244018 -0.2000085860 0.1452757120 0.9689641595
213.9 204.1 2479.4 0.4146557450 0.5236430168 -0.7442167401 -0.8142442107 0.5786554217 -0.0465216115 0.4062843621 0.6252646446 0.6663160920
110.6 407.0 2378.2 -0.7765467763 0.5236430168 -0.3503898680 0.0223398134 0.5786554217 0.8152661324 0.6296634078 0.6252646446 -0.4610511065
498.1 170.6 2421.0 -0.1234603450 0.7378383279 0.6635903120 0.9916362762 0.1170782894 0.0543149970 -0.0376163311 0.6647459865 -0.7461218238
487.7 254.5 2417.8 0.2869867980 0.6797496080 0.6749659181 0.9535805583 -0.2698229849 -0.1337148249 0.0912287310 0.6820088029 -0.7256316543
219.8 -192.1 2402.8 0.9285225272 -0.1539627761 0.3378481269 0.0642037019 0.9628405571 0.2623279989 -0.3656826317 -0.2218863517 0.9039041400
281.0 -574.7 2490.9 0.9310424328 -0.0628371239 0.3594599068 0.0320232660 0.9953313470 0.0910497606 -0.3635030091 -0.0732601136 0.9287079573
