202.4 375.9 2340.3 0.4161394835 0.0826249495 0.9055390954 -0.1076064408 0.9933401346 -0.0411858410 -0.9029113054 -0.0803027824 0.4222590029
186.6 186.7 2355.6 0.4161394835 0.0826249495 0.9055390954 -0.1076064408 0.9933401346 -0.0411858410 -0.9029113054 -0.0803027824 0.4222590029
141.5 -6.8 2357.5 0.4164777398 0.2266857326 0.8804316521 -0.1054550335 0.9739246368 -0.2008732259 -0.9030091763 -0.0091867251 0.4295230806
126.0 202.0 2487.0 -0.6074743271 0.7940810323 0.0202550720 -0.3748549819 -0.2640973628 -0.8886711001 -0.7003275156 -0.5474376082 0.4580976069
230.2 266.2 2607.0 -0.1803322732 0.7940810323 0.5804443359 -0.9624834061 -0.2640973628 0.0622762144 0.2027461678 -0.5474376082 0.8119150400
247.2 171.4 2224.2 0.3054972887 0.7905607224 0.5307402015 0.9139350057 -0.0870393887 -0.3964175880 -0.2671968937 0.6061665416 -0.7491114140
289.3 297.4 2187.4 0.0284791049 0.7946248651 0.6064324379 0.9995287657 -0.0156865772 -0.0263850335 -0.0114533547 0.6068980694 -0.7946971655
61.3 -186.3 2439.0 0.6454892755 -0.1113614962 0.7556071877 0.2587649524 0.9626901746 -0.0791726112 -0.7185988426 0.2466297299 0.6502226591
105.3 -566.7 2341.6 0.6610065699 -0.1633626372 0.7323817015 0.1792988181 0.9821277857 0.0572451316 -0.7286440730 0.0934757590 0.6784836650
139.7 -203.6 2276.7 0.5577492714 -0.0083907442 0.8299670815 0.2135751247 0.9677286744 -0.1337419301 -0.8020607233 0.2518548071 0.5415419936
143.2 -608.1 2171.4 0.5577492714 -0.5140214562 0.6516883969 0.2135751247 0.8475993872 0.4857580662 -0.8020607233 -0.1317467690 0.5825301409
254.8 397.8 2579.3 0 0 0 0 0 0 0 0 0
295.6 516.3 2184.9 0 0 0 0 0 0 0 0 0
167.0 -937.9 2306.2 0 0 0 0 0 0 0 0 0
339.6 -931.9 2221.8 0 0 0 0 0 0 0 0 0
204.3 394.5 2296.5 0.5991392732 0.1411315948 0.7881078720 -0.2294704765 0.9733155966 0.0001512340 -0.7670563459 -0.1809381098 0.6155371070
177.3 208.3 2331.2 0.5991392732 0.1411315948 0.7881078720 -0.2294704765 0.9733155966 0.0001512340 -0.7670563459 -0.1809381098 0.6155371070
138.3 15.1 2356.0 0.6007674336 0.1964178383 0.7749183774 -0.2200846672 0.9725250006 -0.0758809671 -0.7685318589 -0.1249608397 0.6274898648
89.9 240.3 2443.0 -0.4350189865 0.8988925219 -0.0524468273 -0.5172200203 -0.2971380651 -0.8026160002 -0.7370494604 -0.3220266402 0.5941859484
164.5 328.9 2569.3 -0.1923775375 0.8988925219 0.3936789036 -0.9279450774 -0.2971380651 0.2250041813 0.3192315698 -0.3220266402 0.8912855983
264.7 176.3 2219.3 0.3296372890 0.6466072202 0.6879232526 0.8777214289 0.0585150123 -0.4755849540 -0.3477704823 0.7605755329 -0.5482522845
310.2 297.3 2171.4 0.0025407469 0.6484453678 0.7612569332 0.9851178527 0.1292085350 -0.1133488640 -0.1718614399 0.7502158284 -0.6384668350
44.5 -155.4 2447.6 0.7695702314 -0.1319313645 0.6247845888 0.2178650647 0.9739636183 -0.0626873970 -0.6002470255 0.1843611002 0.7782766223
96.4 -539.1 2375.0 0.7743028998 -0.1576576382 0.6128613949 0.1903738230 0.9816383123 0.0120023424 -0.6035004854 0.1073793173 0.7900992632
133.1 -196.6 2298.8 0.5151150823 0.0662527606 0.8545566201 0.2181652337 0.9540361762 -0.2054723203 -0.8288910389 0.2922764421 0.4769843817
106.0 -587.1 2179.1 0.5151150823 -0.5128983855 0.6867253780 0.2181652337 0.8532697558 0.4736397862 -0.8288910389 -0.0941594020 0.5514287353
190.8 455.8 2525.7 0 0 0 0 0 0 0 0 0
310.8 513.1 2133.7 0 0 0 0 0 0 0 0 0
156.1 -910.9 2334.3 0 0 0 0 0 0 0 0 0
301.8 -912.9 2215.1 0 0 0 0 0 0 0 0 0
197.6 407.4 2274.7 0.6842690110 0.1578658223 0.7119370103 -0.2675626576 0.9625477195 0.0437278114 -0.6783702374 -0.2204093486 0.7008805871
167.2 222.2 2317.1 0.6842690110 0.1578658223 0.7119370103 -0.2675626576 0.9625477195 0.0437278114 -0.6783702374 -0.2204093486 0.7008805871
131.2 30.3 2353.7 0.6858910322 0.1812212169 0.7047782540 -0.2583371699 0.9660501480 0.0030113924 -0.6803053617 -0.1841358989 0.7094212770
67.4 259.7 2416.1 -0.3384840786 0.9363262653 -0.0933899209 -0.5900171399 -0.2885055542 -0.7540851235 -0.7330132127 -0.2001441419 0.6501030326
125.5 360.9 2541.7 -0.1993533224 0.9363262653 0.2890525758 -0.9060078859 -0.2885055542 0.3097002506 0.3733737469 -0.2001441419 0.9058335423
267.0 184.6 2218.1 0.3402470350 0.5591623783 0.7560220957 0.8587659597 0.1427640170 -0.4920766950 -0.3830835223 0.8166736364 -0.4316146076
314.0 303.0 2165.3 -0.0067657903 0.5601102710 0.8283904195 0.9677051306 0.2124263197 -0.1357269138 -0.2519939840 0.8007193804 -0.5434588194
32.2 -136.7 2450.3 0.8210541606 -0.1518893391 0.5502724051 0.2103018165 0.9766362906 -0.0442118347 -0.5307006836 0.1520235986 0.8338139057
92.0 -521.5 2390.4 0.8228564858 -0.1646402776 0.5438757539 0.1998657584 0.9798062444 -0.0057830298 -0.5319406986 0.1134607419 0.8391458392
149.7 -188.1 2324.1 0.5132936835 0.1667588949 0.8418557644 0.2075165808 0.9277151227 -0.3102926910 -0.8327463269 0.3339703083 0.4415850341
82.8 -559.9 2190.2 0.5132936835 -0.4423418939 0.7354340553 0.2075165808 0.8954792023 0.3937688470 -0.8327463269 -0.0495042913 0.5514370799
152.7 484.7 2490.7 0 0 0 0 0 0 0 0 0
312.5 515.0 2110.1 0 0 0 0 0 0 0 0 0
154.4 -892.9 2347.4 0 0 0 0 0 0 0 0 0
251.1 -900.5 2209.1 0 0 0 0 0 0 0 0 0
190.3 412.8 2265.2 0.7733505964 0.1582699716 0.6139050722 -0.2615851760 0.9617261887 0.0815837309 -0.5774963498 -0.2236812860 0.7851526141
159.7 226.5 2308.5 0.7733505964 0.1582699716 0.6139050722 -0.2615851760 0.9617261887 0.0815837309 -0.5774963498 -0.2236812860 0.7851526141
125.9 34.5 2347.1 0.7749456167 0.1694874316 0.6088787317 -0.2522028089 0.9662753344 0.0520168319 -0.5795283318 -0.1938711554 0.7915560007
46.9 263.2 2392.9 -0.2224350870 0.9635440111 -0.1486794800 -0.6248201728 -0.2579516768 -0.7369264960 -0.7484132051 -0.0710203648 0.6594192386
85.0 370.3 2521.2 -0.2134727091 0.9635440111 0.1612834632 -0.9012282491 -0.2579516768 0.3482077420 0.3771168292 -0.0710203648 0.9234386683
272.4 189.8 2224.2 0.3560140133 0.4461174905 0.8211170435 0.8592119813 0.1892277598 -0.4753394425 -0.3674353659 0.8747411370 -0.3159417510
321.5 308.3 2173.5 -0.0083529716 0.4466622770 0.8946636319 0.9585638642 0.2583544552 -0.1200343072 -0.2847551405 0.8565896153 -0.4303123355
21.6 -133.9 2437.3 0.8728128672 -0.1933505684 0.4481219351 0.2304906547 0.9726342559 -0.0292684212 -0.4301997125 0.1288337708 0.8934931755
97.8 -517.0 2386.5 0.8734364510 -0.1996201575 0.4441402853 0.2274704576 0.9737367630 -0.0096895294 -0.4305414855 0.1094919816 0.8959048390
154.7 -179.3 2335.3 0.4474233985 0.2220360935 0.8663210869 0.1929317564 0.9219165444 -0.3359273374 -0.8732637763 0.3174425960 0.3696492314
66.2 -546.6 2208.8 0.4474233985 -0.3668678999 0.8156103492 0.1929317564 0.9301080108 0.3125323057 -0.8732637763 0.0175228715 0.4869325459
114.2 493.5 2469.6 0 0 0 0 0 0 0 0 0
319.7 518.3 2111.2 0 0 0 0 0 0 0 0 0
173.5 -886.1 2345.0 0 0 0 0 0 0 0 0 0
205.3 -899.2 2202.2 0 0 0 0 0 0 0 0 0
181.5 419.5 2259.0 0.8003826737 0.1529018730 0.5796624422 -0.2609896660 0.9593585730 0.1073105484 -0.5396961570 -0.2371754199 0.8077598214
151.9 233.6 2304.9 0.8003826737 0.1529018730 0.5796624422 -0.2609896660 0.9593585730 0.1073105484 -0.5396961570 -0.2371754199 0.8077598214
120.3 42.1 2347.0 0.8020045161 0.1587610543 0.5758330226 -0.2509789765 0.9643693566 0.0836734921 -0.5420316458 -0.2116284966 0.8132743239
35.2 270.1 2383.8 -0.1806488931 0.9703107476 -0.1608197093 -0.6474315524 -0.2404022813 -0.7232144475 -0.7404041886 -0.0265281238 0.6716382504
66.2 381.1 2510.7 -0.2112193406 0.9703107476 0.1178278178 -0.8957008719 -0.2404022813 0.3740677834 0.3912880719 -0.0265281238 0.9198858142
268.6 197.2 2226.0 0.3540319502 0.4073278010 0.8418701887 0.8567817211 0.2196324766 -0.4665689766 -0.3749485612 0.8864793181 -0.2712341249
317.4 315.3 2174.4 -0.0151475975 0.4072867334 0.9131746888 0.9508762360 0.2882865369 -0.1128062233 -0.3092004657 0.8666074276 -0.3916461170
16.4 -132.5 2430.7 0.8910442591 -0.1746304482 0.4189800620 0.2055643499 0.9782000780 -0.0294606425 -0.4047016203 0.1123781055 0.9075173736
85.4 -519.4 2386.3 0.8872007728 -0.2179258317 0.4066732526 0.2234475017 0.9741044044 0.0345233344 -0.4036657512 0.0602409951 0.9129211307
160.9 -177.2 2336.8 0.4059266150 0.2888950408 0.8670427799 0.1746370643 0.9067200422 -0.3838758171 -0.8970649242 0.3072432280 0.3176100254
46.2 -537.1 2214.8 0.4059266150 -0.3358724415 0.8499490023 0.1746370643 0.9413878918 0.2886013389 -0.8970649242 0.0312816277 0.4407901764
95.0 503.6 2457.2 0 0 0 0 0 0 0 0 0
314.1 523.6 2106.6 0 0 0 0 0 0 0 0 0
168.3 -889.6 2363.4 0 0 0 0 0 0 0 0 0
173.9 -895.2 2202.9 0 0 0 0 0 0 0 0 0
171.3 420.3 2249.4 0.7879687548 0.1348069906 0.6007764339 -0.2733087540 0.9509208798 0.1450922042 -0.5517314672 -0.2785255909 0.7861399055
145.2 236.1 2303.3 0.7879687548 0.1348069906 0.6007764339 -0.2733087540 0.9509208798 0.1450922042 -0.5517314672 -0.2785255909 0.7861399055
115.9 45.7 2352.0 0.7894845009 0.1472364515 0.5958486795 -0.2630481422 0.9582906365 0.1117349714 -0.5545447469 -0.2449499220 0.7952858806
30.3 274.3 2384.0 -0.1953925192 0.9708131552 -0.1390811205 -0.6708070636 -0.2357483655 -0.7031646967 -0.7154297233 -0.0440965332 0.6972917914
63.8 389.3 2506.7 -0.1955270916 0.9708131552 0.1388918757 -0.8844380975 -0.2357483655 0.4027305543 0.4237196743 -0.0440965332 0.9047193527
260.1 197.9 2222.6 0.3389522135 0.4284124672 0.8376002312 0.8468261957 0.2489425987 -0.4700138271 -0.4098741710 0.8686140180 -0.2784112394
306.8 314.6 2166.1 -0.0290156435 0.4274322987 0.9035816193 0.9408544898 0.3169540465 -0.1197201237 -0.3375661075 0.8466650844 -0.4113482237
12.8 -125.6 2434.7 0.8747088313 -0.1638101041 0.4561257660 0.2231783420 0.9715657830 -0.0790654421 -0.4302044511 0.1709566265 0.8863960505
77.6 -510.2 2367.1 0.8850148916 -0.2186577618 0.4110199809 0.1811000109 0.9750016928 0.1287418455 -0.4288955927 -0.0395027287 0.9024899602
160.9 -170.7 2341.6 0.4507755339 0.3105736077 0.8368664384 0.1435981244 0.9000802636 -0.4113819003 -0.8810113668 0.3056133389 0.3611363769
37.6 -528.2 2220.2 0.4507755339 -0.2376244962 0.8604277968 0.1435981244 0.9706662297 0.1928384304 -0.8810113668 0.0366289802 0.4716750383
90.6 510.2 2448.7 0 0 0 0 0 0 0 0 0
300.5 520.7 2092.2 0 0 0 0 0 0 0 0 0
160.5 -879.9 2382.0 0 0 0 0 0 0 0 0 0
127.7 -896.3 2206.3 0 0 0 0 0 0 0 0 0
160.4 421.3 2244.6 0.7807341814 0.1318790019 0.6107880473 -0.2816692293 0.9468094110 0.1556096524 -0.5577782393 -0.2935299873 0.7763527632
134.9 237.6 2301.5 0.7807341814 0.1318790019 0.6107880473 -0.2816692293 0.9468094110 0.1556096524 -0.5577782393 -0.2935299873 0.7763527632
106.9 48.1 2354.3 0.7822200060 0.1402434409 0.6070120931 -0.2712919414 0.9537811279 0.1292369962 -0.5608320236 -0.2657692432 0.7841135859
21.0 277.0 2383.1 -0.2034529597 0.9708939195 -0.1263799369 -0.6853299737 -0.2334047109 -0.6898152828 -0.6992351413 -0.0537330024 0.7128695846
55.9 394.5 2503.0 -0.1861767620 0.9708939195 0.1506758481 -0.8765974045 -0.2334047109 0.4208315909 0.4437512755 -0.0537330024 0.8945376277
248.7 198.1 2219.9 0.3299213052 0.4401807189 0.8351005316 0.8397312164 0.2673092186 -0.4726491868 -0.4312811196 0.8571970463 -0.2814424634
294.2 313.9 2160.4 -0.0372809321 0.4386388361 0.8978897929 0.9339597225 0.3348739445 -0.1248146817 -0.3554284871 0.8339396715 -0.4221554101
13.1 -120.0 2449.5 0.8648234010 -0.1344755441 0.4837321937 0.2350454926 0.9598037601 -0.1533962637 -0.4436599016 0.2463597357 0.8616685867
66.3 -499.4 2352.1 0.8782407045 -0.2495241463 0.4079595804 0.1875698417 0.9644591808 0.1861076504 -0.4398986995 -0.0869263932 0.8938304782
158.4 -167.8 2350.9 0.5336942077 0.3270250559 0.7798879147 0.1068889648 0.8887234330 -0.4458087683 -0.8388952613 0.3212869465 0.4393511415
28.6 -520.8 2223.3 0.5336942077 -0.1527003795 0.8317770958 0.1068889648 0.9878550172 0.1127703711 -0.8388952613 0.0287229009 0.5435344577
81.4 514.3 2442.3 0 0 0 0 0 0 0 0 0
286.0 518.5 2082.6 0 0 0 0 0 0 0 0 0
161.1 -866.0 2385.1 0 0 0 0 0 0 0 0 0
86.5 -895.5 2212.4 0 0 0 0 0 0 0 0 0
152.1 418.9 2241.7 0.9021936655 0.0971617773 0.4202453792 -0.2015580982 0.9563470483 0.2116003335 -0.3813409507 -0.2756083310 0.8823939562
133.1 232.0 2295.5 0.9021936655 0.0971617773 0.4202453792 -0.2015580982 0.9563470483 0.2116003335 -0.3813409507 -0.2756083310 0.8823939562
111.4 40.4 2343.5 0.9026296735 0.1087927520 0.4164418876 -0.1974921823 0.9643521905 0.1761296540 -0.3824350238 -0.2412238717 0.8919386268
1.7 260.7 2351.2 0.0075009344 0.9773285389 -0.2115954161 -0.6953145266 -0.1469775289 -0.7035163641 -0.7186664343 0.1524024010 0.6784482598
0.5 379.9 2474.4 -0.1974007934 0.9773285389 -0.0765624493 -0.8928173184 -0.1469775289 0.4257637858 0.4048581719 0.1524024010 0.9015893340
264.4 203.3 2239.9 0.3380388916 0.2266340703 0.9134367704 0.8686042428 0.2984965146 -0.3955079317 -0.3622932434 0.9271121025 -0.0959518850
311.0 323.1 2189.9 -0.0437001958 0.2240857482 0.9735891819 0.9297093749 0.3658367991 -0.0424720533 -0.3656921387 0.9032989740 -0.2243217677
9.0 -123.5 2443.6 0.9397661090 -0.1104698032 0.3234749436 0.1854027212 0.9597718120 -0.2108645439 -0.2871679664 0.2581364810 0.9224424958
51.6 -493.0 2344.2 0.9227856398 -0.2929421663 0.2503028810 0.2471162379 0.9483579397 0.1988738775 -0.2956352532 -0.1216640621 0.9475218654
150.5 -165.8 2356.3 0.6494316459 0.3295305073 0.6853088140 0.0303743724 0.8892632127 -0.4563861489 -0.7598130703 0.3172074258 0.5675063729
19.6 -519.1 2230.2 0.6461329460 -0.0808140785 0.7589343190 0.0816535428 0.9959907532 0.0365394354 -0.7588444352 0.0383603387 0.6501412392
27.4 502.0 2419.0 0 0 0 0 0 0 0 0 0
301.4 526.7 2109.8 0 0 0 0 0 0 0 0 0
163.0 -853.8 2390.5 0 0 0 0 0 0 0 0 0
50.3 -897.3 2215.7 0 0 0 0 0 0 0 0 0
143.5 418.9 2240.7 0.9728763700 0.0758036003 0.2185528725 -0.1290963590 0.9618907571 0.2410401404 -0.1919522732 -0.2627166510 0.9455867410
128.8 231.6 2291.9 0.9728763700 0.0758036003 0.2185528725 -0.1290963590 0.9618907571 0.2410401404 -0.1919522732 -0.2627166510 0.9455867410
111.3 39.1 2337.5 0.9725410342 0.0875308365 0.2156440020 -0.1330616772 0.9693254232 0.2066464871 -0.1909412742 -0.2296661437 0.9543557763
-12.7 250.9 2319.7 0.2000188231 0.9346691966 -0.2939149141 -0.6939943433 -0.0766044930 -0.7158935666 -0.6916388273 0.3471674919 0.6333327889
-47.0 369.9 2438.2 -0.2119428962 0.9346691966 -0.2854360342 -0.9040747881 -0.0766044930 0.4204527736 0.3711185753 0.3471674919 0.8612465858
270.3 212.3 2264.1 0.3425142765 0.0145836603 0.9393994212 0.8900246620 0.3151958585 -0.3294050097 -0.3008987606 0.9489145875 0.0949792713
317.5 335.0 2222.6 -0.0340852588 0.0121809114 0.9993447065 0.9237104654 0.3821493983 0.0268475767 -0.3815719485 0.9240202904 -0.0242772959
10.5 -136.6 2418.8 0.9822643399 -0.1233075485 0.1412517577 0.1457873136 0.9759958982 -0.1617962867 -0.1179104298 0.1795194298 0.9766626358
58.6 -517.2 2348.8 0.9477815032 -0.3032516539 0.0987353846 0.2895155549 0.9479680657 0.1324285865 -0.1337571740 -0.0969279334 0.9862626195
170.8 -168.3 2358.2 0.7262310982 0.4016138017 0.5579379797 -0.0987964272 0.8641528487 -0.4934360087 -0.6803144217 0.3032262921 0.6672526598
11.7 -510.7 2238.1 0.7309874296 -0.0201906767 0.6820921302 0.0460292622 0.9987445474 -0.0197649039 -0.6808367372 0.0458440967 0.7309990525
-18.1 493.5 2387.5 0 0 0 0 0 0 0 0 0
310.0 537.3 2139.0 0 0 0 0 0 0 0 0 0
174.2 -878.6 2385.7 0 0 0 0 0 0 0 0 0
19.4 -890.4 2220.7 0 0 0 0 0 0 0 0 0
135.3 417.0 2240.2  0.9950546026 0.0528322645 0.0841136575 -0.0721535310 0.9664430618 0.2465393990 -0.0682658255 -0.2513892651 0.9654756188
125.0 228.6 2289.3 0.9950546026 0.0528322645 0.0841136575 -0.0721535310 0.9664430618 0.2465393990 -0.0682658255 -0.2513892651 0.9654756188
112.0 35.4 2333.4 0.9944674373 0.0652619153 0.0823126063 -0.0817947835 0.9727465510 0.2169649303 -0.0659097582 -0.2224972993 0.9727028608
-19.7 240.5 2298.9 0.3216360509 0.8860390782 -0.3338936567 -0.6820606589 -0.0277903173 -0.7307673693 -0.6567674875 0.4627768695 0.5953940153
-74.8 357.4 2411.4 -0.2097720206 0.8860390782 -0.4134373367 -0.9142054915 -0.0277903173 0.4042969048 0.3467333019 0.4627768695 0.8158514500
269.7 216.8 2279.7 0.3309804201 -0.1218257099 0.9357405901 0.9069634676 0.3148369193 -0.2798124850 -0.2605173290 0.9412949681 0.2146963179
315.4 341.8 2243.7 -0.0336508490 -0.1245466769 0.9916429520 0.9209339619 0.3815907538 0.0791777596 -0.3882631063 0.9159020782 0.1018584147
8.7 -143.2 2396.8 0.9909769893 -0.1326060295 0.0194984842 0.1339992732 0.9834061265 -0.1222972870 -0.0029575692 0.1238065884 0.9923019409
60.9 -529.8 2348.2 0.9498274922 -0.3124727011 -0.0137323039 0.3117216527 0.9421189427 0.1234563515 -0.0256392751 -0.1215428859 0.9922549725
180.4 -164.9 2367.4 0.7594352365 0.4448315203 0.4747452140 -0.1762466729 0.8431056738 -0.5080452561 -0.6262549162 0.3021551967 0.7186842561
4.1 -499.1 2247.7 0.7811853886 0.0267321765 0.6237264872 0.0269552730 0.9967068434 -0.0764777660 -0.6237168908 0.0765560269 0.7778922915
-46.1 482.4 2364.0 0 0 0 0 0 0 0 0 0
308.0 543.5 2158.7 0 0 0 0 0 0 0 0 0
180.1 -889.2 2394.5 0 0 0 0 0 0 0 0 0
-6.1 -878.4 2218.5 0 0 0 0 0 0 0 0 0
126.6 420.2 2246.5  0.9954462051 0.0444213040 0.0843420476 -0.0622770563 0.9729168415 0.2226081640 -0.0721692517 -0.2268470377 0.9712527990
117.9 230.5 2290.7 0.9954462051 0.0444213040 0.0843420476 -0.0622770563 0.9729168415 0.2226081640 -0.0721692517 -0.2268470377 0.9712527990
106.6 36.4 2331.5 0.9949217439 0.0566701367 0.0831820965 -0.0723941699 0.9770699143 0.2002335787 -0.0699274614 -0.2052386403 0.9762106538
-26.8 241.0 2300.9 0.3254297972 0.8874962330 -0.3262604773 -0.6675466895 -0.0287353899 -0.7440132499 -0.6696841717 0.4599181712 0.5830938220
-82.6 355.4 2415.7 -0.2013163865 0.8874962330 -0.4145143628 -0.9219512939 -0.0287353899 0.3862383664 0.3308738470 0.4599181712 0.8240132332
262.7 220.0 2280.6 0.3228148222 -0.1218373999 0.9385873675 0.9141715765 0.2969625890 -0.2758688033 -0.2451141775 0.9470844269 0.2072442025
307.2 346.1 2246.8 -0.0422658697 -0.1251753420 0.9912339449 0.9274109006 0.3641344607 0.0855282247 -0.3716484606 0.9228960872 0.1006985158
10.8 -151.3 2382.0 0.9912756085 -0.1311032623 0.0135876816 0.1317369342 0.9888060689 -0.0700570792 -0.0042508696 0.0712358728 0.9974504113
62.5 -541.6 2353.9 0.9465250373 -0.3225057125 -0.0089661432 0.3217608333 0.9415705800 0.0995733738 -0.0236707255 -0.0971336439 0.9949898124
188.1 -164.8 2372.9 0.7479684353 0.4668895006 0.4717599452 -0.1793442369 0.8264939189 -0.5336135626 -0.6390452981 0.3145186603 0.7019252777
2.9 -492.7 2248.1 0.7708063722 0.1007768437 0.6290481091 -0.0354171395 0.9926606417 -0.1156309769 -0.6360841990 0.0668500066 0.7687183619
-55.1 481.5 2370.5 0 0 0 0 0 0 0 0 0
297.9 549.2 2165.4 0 0 0 0 0 0 0 0 0
185.6 -901.0 2391.0 0 0 0 0 0 0 0 0 0
-35.4 -870.2 2222.7 0 0 0 0 0 0 0 0 0
117.0 420.5 2249.6  0.9997249842 0.0233990178 0.0015718723 -0.0231856722 0.9760914445 0.2161201984 0.0035227095 -0.2160972059 0.9763655066
112.4 229.2 2292.0 0.9997249842 0.0233990178 0.0015718723 -0.0231856722 0.9760914445 0.2161201984 0.0035227095 -0.2160972059 0.9763655066
104.6 34.5 2330.9 0.9992427230 0.0388977975 0.0009399455 -0.0383255221 0.9797986150 0.1962800324 0.0067139040 -0.1961674243 0.9805474281
-33.0 234.7 2291.0 0.3985940218 0.8499413133 -0.3445613980 -0.6516225338 -0.0019190587 -0.7585409880 -0.6453765631 0.5268738866 0.5530759692
-101.3 346.4 2401.7 -0.1945791245 0.8499413133 -0.4896312058 -0.9304448366 -0.0019190587 0.3664269149 0.3105017543 0.5268738866 0.7911969423
257.8 223.6 2293.0 0.3093136251 -0.2044137567 0.9287303686 0.9261834621 0.2862363458 -0.2454646975 -0.2156600207 0.9361003041 0.2778614461
300.4 351.3 2263.2 -0.0451878347 -0.2081724256 0.9770477414 0.9279646277 0.3534204364 0.1182184815 -0.3699184656 0.9120078087 0.1772063524
5.6 -151.5 2377.8 0.9884117842 -0.1375462413 -0.0642119050 0.1341496855 0.9894597530 -0.0545279682 0.0710352138 0.0452820808 0.9964454770
60.0 -543.3 2359.9 0.9395915866 -0.3338274658 -0.0756757781 0.3367696404 0.9411150813 0.0298097972 0.0612682886 -0.0534943417 0.9966868162
185.5 -164.1 2366.5 0.7615853548 0.4773421884 0.4383288622 -0.2227685004 0.8279764652 -0.5146155953 -0.6085737348 0.2942778170 0.7369115353
-4.0 -492.8 2249.7 0.7912036180 0.1304990947 0.5974670649 -0.0708416924 0.9899478555 -0.1224119365 -0.6074358821 0.0545271859 0.7924950719
-74.7 473.6 2359.2 0 0 0 0 0 0 0 0 0
290.5 554.6 2182.2 0 0 0 0 0 0 0 0 0
187.4 -902.4 2380.3 0 0 0 0 0 0 0 0 0
-53.7 -870.0 2228.9 0 0 0 0 0 0 0 0 0
108.1 421.3 2251.2  0.9988770485 0.0083212918 -0.0466409065 0.0014345928 0.9786909223 0.2053337991 0.0473556779 -0.2051701397 0.9775800109
106.5 230.7 2291.2 0.9988770485 0.0083212918 -0.0466409065 0.0014345928 0.9786909223 0.2053337991 0.0473556779 -0.2051701397 0.9775800109
101.8 35.6 2328.4 0.9986314178 0.0231220555 -0.0469111986 -0.0138825644 0.9819789529 0.1884796470 0.0504238456 -0.1875704527 0.9809560180
-38.8 232.6 2283.8 0.4425517917 0.8258172274 -0.3495337367 -0.6365337968 0.0147380186 -0.7711079717 -0.6316428185 0.5637452602 0.5321829319
-114.7 341.8 2392.1 -0.1848422289 0.8258172274 -0.5327844024 -0.9373607039 0.0147380186 0.3480483890 0.2952765226 0.5637452602 0.7713644505
251.8 228.7 2298.5 0.2953799963 -0.2522893548 0.9214666486 0.9351615310 0.2737262547 -0.2248261422 -0.1955083758 0.9281293154 0.3167845607
292.5 357.6 2271.5 -0.0519545488 -0.2566551566 0.9651055932 0.9294766784 0.3409865797 0.1407167315 -0.3652037382 0.9043540359 0.2208391875
5.9 -155.7 2365.4 0.9941474795 -0.0524001457 -0.0944725424 0.0354369283 0.9842784405 -0.1730322987 0.1020542085 0.1686718017 0.9803748131
25.0 -512.6 2304.2 0.9920763373 -0.0721306652 -0.1028676704 0.0747607723 0.9969601035 0.0219407827 0.1009723544 -0.0294573959 0.9944530129
187.2 -161.0 2368.4 0.3144280910 0.3934667408 0.8638975024 0.0316990279 0.9051947594 -0.4238131344 -0.9487518668 0.1606434733 0.2721461654
29.4 -524.2 2303.9 0.3144280910 -0.1012168601 0.9438697696 0.0316990279 0.9948643446 0.0961255282 -0.9487518668 -0.0003048126 0.3160217702
-89.4 469.9 2351.7 0 0 0 0 0 0 0 0 0
281.1 561.2 2191.5 0 0 0 0 0 0 0 0 0
51.5 -879.6 2315.0 0 0 0 0 0 0 0 0 0
66.9 -893.1 2304.0 0 0 0 0 0 0 0 0 0
101.4 418.3 2253.5  0.9992132783 0.0022387786 -0.0395959280 0.0053602871 0.9816201925 0.1907696277 0.0392952524 -0.1908317953 0.9808359146
101.0 228.3 2290.4 0.9992132783 0.0022387786 -0.0395959280 0.0053602871 0.9816201925 0.1907696277 0.0392952524 -0.1908317953 0.9808359146
97.7 32.7 2325.3 0.9990829229 0.0159624200 -0.0397306830 -0.0087188855 0.9843131304 0.1762146950 0.0419202447 -0.1757066846 0.9835495949
-44.4 229.5 2284.3 0.4408349395 0.8304316998 -0.3406577408 -0.6262034774 0.0126321437 -0.7795573473 -0.6430658698 0.5569771528 0.5255879164
-120.0 336.9 2394.6 -0.1770220995 0.8304316998 -0.5282483697 -0.9419496059 0.0126321437 0.3355165124 0.2852964699 0.5569771528 0.7799887061
246.3 227.1 2296.5 0.2884056568 -0.2460269928 0.9253609776 0.9391722083 0.2609101832 -0.2233416289 -0.1864880174 0.9334862828 0.3063096702
286.1 356.5 2270.8 -0.0603057221 -0.2509747446 0.9661132693 0.9335500002 0.3284293711 0.1435917467 -0.3533378839 0.9105744362 0.2144913077
6.1 -157.7 2359.2 0.9962648153 0.0180347003 -0.0844462141 -0.0367614143 0.9734805822 -0.2257966250 0.0781345814 0.2280575931 0.9705074430
-0.7 -526.3 2272.8 0.9945415258 0.0710699037 -0.0763952807 -0.0676426962 0.9966229200 0.0465529859 0.0794458017 -0.0411312953 0.9959902763
188.1 -159.5 2369.3 0.1340471655 0.3721072376 0.9184593558 0.0339853838 0.9245525599 -0.3795359731 -0.9903920293 0.0820899084 0.1112874374
40.0 -527.4 2336.6 0.1340471655 -0.2237230539 0.9653908014 0.0339853838 0.9746476412 0.2211492956 -0.9903920293 0.0031647398 0.1382520646
-95.8 465.6 2355.6 0 0 0 0 0 0 0 0 0
272.9 561.0 2193.4 0 0 0 0 0 0 0 0 0
-27.1 -896.4 2288.1 0 0 0 0 0 0 0 0 0
123.6 -891.5 2335.4 0 0 0 0 0 0 0 0 0
92.8 414.1 2253.1  0.9993413687 0.0057969661 0.0358223729 -0.0123683373 0.9824616909 0.1860539615 -0.0341155604 -0.1863744706 0.9818862677
91.7 222.9 2289.4 0.9993413687 0.0057969661 0.0358223729 -0.0123683373 0.9824616909 0.1860539615 -0.0341155604 -0.1863744706 0.9818862677
86.2 27.1 2322.7 0.9989941716 0.0273965355 0.0354979225 -0.0329524167 0.9854367971 0.1668186933 -0.0304107051 -0.1678206474 0.9853484035
-53.7 227.7 2293.8 0.3779224753 0.8684275150 -0.3209490478 -0.6297692060 -0.0129761193 -0.7766739130 -0.6786496639 0.4956463575 0.5420049429
-118.5 335.6 2410.2 -0.1790634543 0.8684275150 -0.4623526335 -0.9403969049 -0.0129761193 0.3398312926 0.2891193032 0.4956463575 0.8189900517
237.0 218.1 2285.0 0.2971685231 -0.1717285812 0.9392551184 0.9339342117 0.2569229007 -0.2485105991 -0.1986397803 0.9510520101 0.2367326021
278.0 346.9 2257.6 -0.0626806989 -0.1766561270 0.9822747707 0.9383646250 0.3247766495 0.1182878166 -0.3399161994 0.9291462302 0.1454106271
3.2 -161.8 2355.4 0.9983057380 0.0548407547 -0.0194464885 -0.0578231774 0.9723184109 -0.2263921201 0.0064926632 0.2271330059 0.9738420844
-18.1 -538.8 2267.3 0.9918441772 0.1272735894 -0.0068192873 -0.1273115426 0.9918478131 -0.0054531372 0.0060696546 0.0062768366 0.9999618530
185.8 -163.0 2363.5 0.0529996529 0.3627072275 0.9303948283 0.0101790475 0.9314596653 -0.3637021780 -0.9985426664 0.0287466235 0.0456750244
41.8 -532.8 2352.1 0.0529996529 -0.3016384840 0.9519481659 0.0101790475 0.9534016252 0.3015322983 -0.9985426664 -0.0062911822 0.0536003485
-94.0 464.2 2370.6 0 0 0 0 0 0 0 0 0
264.3 552.4 2183.1 0 0 0 0 0 0 0 0 0
-65.9 -911.5 2265.0 0 0 0 0 0 0 0 0 0
155.4 -892.0 2354.5 0 0 0 0 0 0 0 0 0
82.9 413.8 2247.4  0.9530501962 0.0307283066 0.3012492955 -0.0900085643 0.9786203504 0.1849343032 -0.2891259789 -0.2033666968 0.9354400635
76.9 222.4 2287.2 0.9530501962 0.0307283066 0.3012492955 -0.0900085643 0.9786203504 0.1849343032 -0.2891259789 -0.2033666968 0.9354400635
66.4 27.2 2323.2 0.9524728656 0.0524555221 0.3000729978 -0.1036157385 0.9821147919 0.1572078764 -0.2864597142 -0.1808285266 0.9408729076
-61.7 237.4 2328.9 0.1448259056 0.9637382627 -0.2241295576 -0.6504159570 -0.0779749602 -0.7555653453 -0.7456437349 0.2552028894 0.6155379415
-86.5 348.9 2456.7 -0.1641493142 0.9637382627 -0.2103891671 -0.9272380471 -0.0779749602 0.3662642837 0.3365778029 0.2552028894 0.9064142704
215.5 207.3 2245.5 0.3008364737 0.0978834406 0.9486391544 0.9117915034 0.2620325685 -0.3161885142 -0.2795239687 0.9600821733 -0.0104203355
257.0 333.0 2207.0 -0.0820402130 0.0922599509 0.9923495054 0.9427242279 0.3302115500 0.0472373888 -0.3233271241 0.9393872619 -0.1140663102
-11.7 -164.5 2361.3 0.9761772156 0.0370624587 0.2137858868 0.0191698819 0.9667180181 -0.2551251054 -0.2161262333 0.2531455755 0.9429776073
-26.3 -545.5 2261.5 0.9637547135 0.1553584933 0.2168885022 -0.1461132169 0.9875583649 -0.0581325814 -0.2232214361 0.0243352745 0.9744639397
169.2 -171.4 2351.6 0.0335665792 0.3122844398 0.9493954778 -0.0242135581 0.9499060512 -0.3115962744 -0.9991431236 -0.0125290202 0.0394466110
45.7 -547.2 2356.6 0.0335665792 -0.3311756253 0.9429718852 -0.0242135581 0.9429571629 0.3320323527 -0.9991431236 -0.0339778960 0.0236329064
-64.1 475.6 2410.7 0 0 0 0 0 0 0 0 0
239.0 539.5 2136.2 0 0 0 0 0 0 0 0 0
-85.2 -919.6 2252.3 0 0 0 0 0 0 0 0 0
171.2 -904.7 2369.5 0 0 0 0 0 0 0 0 0
72.3 413.7 2243.6  0.9446946383 0.0374440514 0.3258067071 -0.1004283577 0.9787627459 0.1787111461 -0.3121957779 -0.2015476972 0.9283923507
64.9 220.7 2283.3 0.9446946383 0.0374440514 0.3258067071 -0.1004283577 0.9787627459 0.1787111461 -0.3121957779 -0.2015476972 0.9283923507
53.9 25.7 2319.5 0.9442195296 0.0551194623 0.3246710896 -0.1104909778 0.9817700982 0.1546583772 -0.3102276623 -0.1819046885 0.9330967069
-72.4 236.8 2328.5 0.1213429496 0.9692249894 -0.2141934633 -0.6511866450 -0.0851322487 -0.7541276217 -0.7491540909 0.2309879810 0.6208161116
-93.2 348.4 2456.9 -0.1624747515 0.9692249894 -0.1849456877 -0.9261330962 -0.0851322487 0.3674643040 0.3404107392 0.2309879810 0.9114631414
202.3 204.7 2238.2 0.3004299104 0.1238002777 0.9457353354 0.9096639156 0.2609555721 -0.3231312037 -0.2867986262 0.9573795795 -0.0342177860
243.8 330.1 2198.7 -0.0831857920 0.1181610972 0.9895039797 0.9434189796 0.3291815221 0.0400024690 -0.3209996819 0.9368444085 -0.1388586462
-28.1 -157.9 2386.2 0.9721971154 0.0279779024 0.2324864566 0.0515173115 0.9429553747 -0.3289090395 -0.2284265310 0.3317414820 0.9152971506
-39.2 -529.9 2255.3 0.9675396681 0.1042493433 0.2302151769 -0.0995679051 0.9945195317 -0.0318923779 -0.2322782576 0.0079350984 0.9726170301
139.0 -176.9 2333.6 -0.0699227452 0.2405769676 0.9681082368 -0.0533381775 0.9681936502 -0.2444505990 -0.9961254001 -0.0687297881 -0.0548668243
44.1 -559.1 2360.7 -0.0699227452 -0.3708820939 0.9260438681 -0.0533381775 0.9283781052 0.3677895665 -0.9961254001 -0.0236766357 -0.0846969187
-71.0 475.0 2410.4 0 0 0 0 0 0 0 0 0
225.5 536.8 2128.3 0 0 0 0 0 0 0 0 0
-78.8 -907.7 2252.3 0 0 0 0 0 0 0 0 0
185.1 -912.2 2369.7 0 0 0 0 0 0 0 0 0
60.2 415.2 2241.7  0.9493097067 0.0246928316 0.3133709431 -0.0831491873 0.9811263084 0.1745775938 -0.3031456769 -0.1917847395 0.9334459305
55.4 222.5 2279.4 0.9493097067 0.0246928316 0.3133709431 -0.0831491873 0.9811263084 0.1745775938 -0.3031456769 -0.1917847395 0.9334459305
46.1 27.0 2313.9 0.9487745166 0.0465409383 0.3125073016 -0.0979105830 0.9837104678 0.1507557184 -0.3004003763 -0.1736309677 0.9378762841
-82.7 236.7 2323.1 0.1367578804 0.9674398899 -0.2129726708 -0.6439120173 -0.0765602142 -0.7612593770 -0.7527779341 0.2412438691 0.6124759316
-106.1 347.1 2452.1 -0.1562601477 0.9674398899 -0.1991050988 -0.9304808378 -0.0765602142 0.3582513034 0.3313430548 0.2412438691 0.9121475816
193.4 208.3 2235.6 0.2937759757 0.1102400795 0.9494960904 0.9150683880 0.2546986938 -0.3126954436 -0.2763069868 0.9607162476 -0.0260528568
233.9 334.4 2197.5 -0.0897748843 0.1040943190 0.9905073643 0.9449787140 0.3230203390 0.0517015606 -0.3145721853 0.9406499267 -0.1273660362
-42.0 -159.0 2384.5 0.9741625190 -0.0070340289 0.2257385552 0.0853365511 0.9368820190 -0.3390719593 -0.2091053426 0.3495749533 0.9132755995
-39.2 -529.7 2246.2 0.9697363973 0.1262487173 0.2089799941 -0.1313168108 0.9912848473 0.0104997922 -0.2058331072 -0.0376246199 0.9778635502
127.4 -179.3 2327.6 -0.1030790061 0.2310358882 0.9674694538 -0.0591042638 0.9695092440 -0.2378202677 -0.9929156303 -0.0816958472 -0.0862808451
35.9 -563.2 2359.9 -0.1030790061 -0.4087116122 0.9068238735 -0.0591042638 0.9125860929 0.4045902789 -0.9929156303 -0.0118923923 -0.1182250679
-84.8 474.3 2406.8 0 0 0 0 0 0 0 0 0
214.3 541.4 2128.6 0 0 0 0 0 0 0 0 0
-87.2 -906.9 2260.5 0 0 0 0 0 0 0 0 0
191.5 -910.8 2364.5 0 0 0 0 0 0 0 0 0
48.9 415.4 2240.2  0.9303621650 0.0354827084 0.3649208546 -0.1031381786 0.9804422259 0.1676174700 -0.3518362939 -0.1935822219 0.9158259630
41.9 221.0 2278.6 0.9303621650 0.0354827084 0.3649208546 -0.1031381786 0.9804422259 0.1676174700 -0.3518362939 -0.1935822219 0.9158259630
31.8 25.6 2313.1 0.9300726056 0.0505677313 0.3638789654 -0.1097472310 0.9834969044 0.1438381523 -0.3506002724 -0.1737146378 0.9202731848
-93.4 236.9 2329.6 0.0878639445 0.9777597785 -0.1904357970 -0.6435049772 -0.0902170837 -0.7601066828 -0.7603822947 0.1893323660 0.6212664843
-108.5 347.3 2460.0 -0.1510271430 0.9777597785 -0.1455220580 -0.9292584062 -0.0902170837 0.3582453728 0.3371493220 0.1893323660 0.9222166538
177.2 205.1 2227.6 0.2910500765 0.1645355076 0.9424531460 0.9118450880 0.2504160106 -0.3253158033 -0.2895313799 0.9540544748 -0.0771472827
217.4 330.8 2187.7 -0.0935514420 0.1582583040 0.9829559922 0.9470037818 0.3188717067 0.0387906209 -0.3072979152 0.9344919324 -0.1797021180
-49.4 -159.3 2376.1 0.9629170895 -0.0120909149 0.2695263922 0.0986848623 0.9455528855 -0.3101467490 -0.2511015236 0.3252438009 0.9116822481
-44.6 -534.1 2247.2 0.9601218104 0.1163380668 0.2542274594 -0.1149699762 0.9931617975 -0.0202863440 -0.2548490763 -0.0097511644 0.9669317007
122.7 -177.3 2321.0 -0.1109521985 0.2411825657 0.9641164541 -0.0668301284 0.9660996199 -0.2493696064 -0.9915761948 -0.0921001360 -0.0910726190
27.1 -560.5 2357.6 -0.1109521985 -0.4237750769 0.8989462256 -0.0668301284 0.9056650400 0.4186939299 -0.9915761948 -0.0136216767 -0.1288064718
-87.8 474.3 2413.9 0 0 0 0 0 0 0 0 0
196.9 538.2 2120.4 0 0 0 0 0 0 0 0 0
-88.9 -912.7 2250.9 0 0 0 0 0 0 0 0 0
188.7 -906.0 2362.8 0 0 0 0 0 0 0 0 0
39.7 416.1 2240.5  0.9407616258 0.0424186215 0.3364048004 -0.1019670293 0.9816109538 0.1613772660 -0.3233732283 -0.1861197352 0.9277872443
31.3 221.9 2277.3 0.9407616258 0.0424186215 0.3364048004 -0.1019670293 0.9816109538 0.1613772660 -0.3233732283 -0.1861197352 0.9277872443
19.6 26.2 2309.2 0.9404310584 0.0585594997 0.3349033296 -0.1084066629 0.9852864742 0.1321309954 -0.3222381771 -0.1605658382 0.9329422116
-105.6 237.7 2324.2 0.1102682799 0.9710360169 -0.2119669467 -0.6349301338 -0.0952560231 -0.7666746378 -0.7646598220 0.2191240937 0.6060363054
-124.5 346.5 2455.3 -0.1640080512 0.9710360169 -0.1737539619 -0.9326466322 -0.0952560231 0.3479893208 0.3213590384 0.2191240937 0.9212561846
168.1 206.2 2230.4 0.3024069369 0.1348625720 0.9435900450 0.9142751098 0.2388935685 -0.3271557689 -0.2695386708 0.9616350532 -0.0510584190
209.8 332.3 2193.3 -0.0813474432 0.1293833405 0.9882522821 0.9507606626 0.3075887561 0.0379913971 -0.2990598381 0.9426818490 -0.1480341405
-63.0 -159.7 2379.9 0.9698660374 -0.0447158292 0.2395002842 0.1212611347 0.9412046671 -0.3153245151 -0.2113187760 0.3348645866 0.9182646871
-45.3 -533.0 2247.0 0.9653276801 0.1430270374 0.2183707058 -0.1357605308 0.9895779490 -0.0480055362 -0.2229609191 0.0166949499 0.9746844172
106.4 -179.8 2315.7 -0.1445501149 0.2171733975 0.9653708935 -0.0764921978 0.9702453613 -0.2297235429 -0.9865364432 -0.1070499122 -0.1236370131
20.2 -564.9 2358.2 -0.1445501149 -0.4412532151 0.8856640458 -0.0764921978 0.8973691463 0.4346005023 -0.9865364432 -0.0049248370 -0.1634672433
-102.0 474.0 2411.4 0 0 0 0 0 0 0 0 0
192.0 540.5 2127.8 0 0 0 0 0 0 0 0 0
-99.8 -910.5 2240.7 0 0 0 0 0 0 0 0 0
188.6 -907.4 2360.0 0 0 0 0 0 0 0 0 0
31.2 414.6 2239.1  0.8967113495 0.0556348823 0.4391053617 -0.1315479577 0.9807395339 0.1443781406 -0.4226155281 -0.1872289330 0.8867589831
20.2 221.0 2276.1 0.8967113495 0.0556348823 0.4391053617 -0.1315479577 0.9807395339 0.1443781406 -0.4226155281 -0.1872289330 0.8867589831
5.5 25.8 2310.1 0.8961292505 0.0735524148 0.4376555681 -0.1403939724 0.9825075269 0.1223458648 -0.4210010469 -0.1710819155 0.8907800317
-110.2 241.3 2337.4 0.0061395657 0.9852962494 -0.1707442254 -0.6395112276 -0.1273970753 -0.7581526041 -0.7687572241 0.1138475835 0.6293258667
-111.2 351.0 2469.1 -0.1592615694 0.9852962494 -0.0618630685 -0.9261012673 -0.1273970753 0.3551146388 0.3420119584 0.1138475835 0.9327735901
150.6 200.6 2214.8 0.3017520607 0.2455200553 0.9212304950 0.9031849504 0.2358006239 -0.3586851358 -0.3052911162 0.9402754903 -0.1505966932
192.2 325.1 2172.7 -0.0815275237 0.2403112501 0.9672661424 0.9524660707 0.3046100140 0.0046016201 -0.2935331166 0.9216632843 -0.2537223995
-78.0 -159.6 2370.7 0.9436215162 -0.0581667982 0.3258757591 0.1587391198 0.9433803558 -0.2912651002 -0.2904828191 0.3265732825 0.8994274139
-54.9 -534.1 2241.0 0.9478012323 0.1140622795 0.2977626026 -0.1121222228 0.9934130311 -0.0236475822 -0.2984985411 -0.0109725986 0.9543470144
93.8 -179.5 2311.6 -0.0745046809 0.2061389387 0.9756821990 -0.0847190395 0.9735559821 -0.2121589929 -0.9936155081 -0.0984656960 -0.0550705828
12.0 -566.1 2350.7 -0.0745046809 -0.4650612175 0.8821378350 -0.0847190395 0.8843502402 0.4590722919 -0.9936155081 -0.0405308381 -0.1052877679
-89.5 477.6 2422.4 0 0 0 0 0 0 0 0 0
174.3 533.7 2108.4 0 0 0 0 0 0 0 0 0
-98.4 -913.1 2245.2 0 0 0 0 0 0 0 0 0
189.4 -903.6 2366.2 0 0 0 0 0 0 0 0 0
24.2 412.0 2239.9  0.8693519235 0.0715153366 0.4889916182 -0.1561074853 0.9785506129 0.1344214529 -0.4688898325 -0.1931948066 0.8618689179
10.3 221.9 2277.5 0.8693519235 0.0715153366 0.4889916182 -0.1561074853 0.9785506129 0.1344214529 -0.4688898325 -0.1931948066 0.8618689179
-7.2 27.2 2312.6 0.8688570857 0.0877931044 0.4872162938 -0.1621919125 0.9803146124 0.1125921533 -0.4677404463 -0.1768490374 0.8659926653
-116.1 245.5 2345.5 -0.0500374585 0.9866330028 -0.1550856978 -0.6401384473 -0.1508735865 -0.7532993555 -0.7666283250 0.0615831353 0.6391310692
-107.6 355.2 2477.0 -0.1629169434 0.9866330028 -0.0036592367 -0.9217230678 -0.1508735865 0.3573006690 0.3519725502 0.0615831353 0.9339822531
136.7 198.4 2209.4 0.3065709472 0.3007502556 0.9030855894 0.8954303861 0.2306613326 -0.3807882965 -0.3228290975 0.9253889322 -0.1985868514
179.0 321.8 2164.9 -0.0742540359 0.2962037027 0.9522340894 0.9538923502 0.2995596826 -0.0187982433 -0.2908190489 0.9069329500 -0.3047899604
-90.4 -156.6 2382.6 0.9271798134 -0.0752720460 0.3669764996 0.1994981170 0.9283547401 -0.3136207759 -0.3170774877 0.3639939725 0.8757683635
-60.6 -525.0 2238.2 0.9393562078 0.1034447402 0.3269695640 -0.1032982096 0.9944900274 -0.0178638846 -0.3270158768 -0.0169948190 0.9448660016
72.5 -182.2 2305.9 -0.0674578249 0.1682511717 0.9834332466 -0.0910366029 0.9805288315 -0.1739988476 -0.9935601354 -0.1012660116 -0.0508273281
5.8 -571.5 2346.1 -0.0674578249 -0.4766888022 0.8764800429 -0.0910366029 0.8777573109 0.4703768790 -0.9935601354 -0.0480611622 -0.1026077345
-85.3 481.2 2428.8 0 0 0 0 0 0 0 0 0
162.7 530.7 2101.2 0 0 0 0 0 0 0 0 0
-100.1 -904.7 2244.6 0 0 0 0 0 0 0 0 0
187.8 -906.6 2364.5 0 0 0 0 0 0 0 0 0
14.3 414.8 2239.4  0.8283006549 0.0881902352 0.5532996655 -0.1788319200 0.9774941206 0.1119125262 -0.5309776068 -0.1916448623 0.8254302144
-3.0 222.3 2277.1 0.8283006549 0.0881902352 0.5532996655 -0.1788319200 0.9774941206 0.1119125262 -0.5309776068 -0.1916448623 0.8254302144
-22.9 27.8 2312.1 0.8282240033 0.0996855348 0.5514597297 -0.1796302795 0.9793522358 0.0927481204 -0.5308276415 -0.1758750826 0.8290295005
-123.5 248.4 2354.3 -0.1218102202 0.9843351841 -0.1274616420 -0.6318778992 -0.1759377569 -0.7548352480 -0.7654362321 -0.0114064561 0.6434106827
-102.7 356.8 2485.6 -0.1603910774 0.9843351841 0.0732045248 -0.9204614162 -0.1759377569 0.3489937782 0.3564063013 -0.0114064561 0.9342614412
117.5 196.2 2199.9 0.3050638735 0.3728626370 0.8763044477 0.8903422356 0.2148937136 -0.4013868570 -0.3379744887 0.9026594758 -0.2664190531
159.5 319.0 2153.3 -0.0708222911 0.3687464893 0.9268280268 0.9579843879 0.2840447128 -0.0398065634 -0.2779391110 0.8850675821 -0.3733700812
-103.8 -152.8 2390.6 0.9025540948 -0.0914751217 0.4207473993 0.2418861240 0.9161240458 -0.3196995556 -0.3562122583 0.3903191090 0.8489781022
-67.5 -516.4 2235.7 0.9233939648 0.0912232772 0.3728564084 -0.0881576389 0.9957851171 -0.0253034513 -0.3735931218 -0.0095050875 0.9275439978
54.6 -182.4 2305.2 -0.0516648069 0.1441201866 0.9882105589 -0.0914600939 0.9846907854 -0.1483885050 -0.9944676161 -0.0980482921 -0.0376926139
-2.6 -573.4 2344.2 -0.0516648069 -0.4980506301 0.8656075001 -0.0914600939 0.8654822111 0.4925196469 -0.9944676161 -0.0537226088 -0.0902667269
-80.7 482.6 2436.8 0 0 0 0 0 0 0 0 0
144.0 528.8 2092.4 0 0 0 0 0 0 0 0 0
-102.3 -896.7 2239.3 0 0 0 0 0 0 0 0 0
187.6 -903.9 2364.7 0 0 0 0 0 0 0 0 0
5.5 417.3 2239.1  0.8101952076 0.1057583094 0.5765404701 -0.1941294223 0.9764925838 0.0936803594 -0.5530800223 -0.1878228486 0.8116804361
-15.2 226.4 2275.8 0.8101952076 0.1057583094 0.5765404701 -0.1941294223 0.9764925838 0.0936803594 -0.5530800223 -0.1878228486 0.8116804361
-38.4 32.1 2310.0 0.8102259040 0.1165461466 0.5744135380 -0.1938593239 0.9781598449 0.0749792308 -0.5531297326 -0.1721055359 0.8151240349
-133.1 254.6 2356.3 -0.1551719159 0.9796358347 -0.1274180263 -0.6237365007 -0.1971751153 -0.7563562393 -0.7660772800 -0.0378899612 0.6416306496
-106.5 361.5 2487.6 -0.1713041961 0.9796358347 0.1047308296 -0.9192248583 -0.1971751153 0.3408043981 0.3545144796 -0.0378899612 0.9342825413
102.7 198.2 2195.3 0.3157082498 0.4004759490 0.8602018952 0.8858452439 0.2004560381 -0.4184441864 -0.3400095105 0.8941120505 -0.2914741039
146.3 320.4 2148.4 -0.0569469891 0.3974240720 0.9158663154 0.9612091780 0.2698009610 -0.0573090576 -0.2698776126 0.8770755529 -0.3973720372
-118.1 -150.4 2395.6 0.8936651945 -0.1085686684 0.4354025126 0.2732663155 0.9012966752 -0.3361395895 -0.3559326231 0.4193770885 0.8351256251
-75.1 -508.1 2229.2 0.9273720384 0.0745807812 0.3666317463 -0.0851443931 0.9962876439 0.0127010746 -0.3643234372 -0.0429952592 0.9302794337
