110.1 528.5 2492.7 14 0.9730048776 -0.0396717638 0.2273491919 0.0339766704 0.9990043640 0.0289105959 -0.2282697707 -0.0204055831 0.9733840823
118.1 327.1 2496.8 0.9730048776 -0.0396717638 0.2273491919 0.0339766704 0.9990043640 0.0289105959 -0.2282697707 -0.0204055831 0.9733840823
124.9 128.5 2499.1 0.9731374979 -0.0339500085 0.2277077585 0.0303771421 0.9993544817 0.0191778988 -0.2282118648 -0.0117456224 0.9735406637
-18.8 322.8 2528.9 0.1579357535 -0.9833797216 0.0895581245 0.9863821864 0.1613304317 0.0319798551 -0.0458967909 0.0832877755 0.9954680204
-63.4 44.1 2541.8 0.1180780008 -0.9923143983 0.0370104872 0.9569762349 0.1037663370 -0.2709778249 0.2650547326 0.0674146786 0.9618738294
255.1 331.3 2464.7 0.2316794395 0.8701254129 0.4349785745 -0.9688438773 0.2466327697 0.0226672385 -0.0875566304 -0.4266778827 0.9001554251
321.0 55.7 2439.8 -0.0133722136 0.8776718378 0.4790754914 -0.9697479606 0.1054082215 -0.2201772183 -0.2437418401 -0.4675267339 0.8497109413
43.0 -76.3 2536.1 0.8443458676 0.1406120360 0.5170187354 0.0180174354 0.9569527507 -0.2896839380 -0.5354955196 0.2539087832 0.8054656386
-12.9 -456.8 2435.1 0.8431299329 0.1420817822 0.5185987949 0.0095794024 0.9603363276 -0.2786797285 -0.5376245379 0.2399310917 0.8083272576
221.3 -74.8 2492.8 0.6313850284 0.0135893058 -0.7753503919 -0.0170053076 0.9998486638 0.0036762124 0.7752830386 0.0108639663 0.6315205693
215.9 -472.3 2488.5 0.6690325737 0.0788737983 -0.7390360832 0.2098608166 0.9338431954 0.2896468639 0.7129893899 -0.3488778770 0.6082190275
-96.5 -224.1 2467.5 0 0 0 0 0 0 0 0 0
317.1 -221.5 2370.1 0 0 0 0 0 0 0 0 0
-60.7 -779.9 2354.4 0 0 0 0 0 0 0 0 0
192.5 -749.0 2591.9 0 0 0 0 0 0 0 0 0
99.9 532.3 2486.2 15 0.9723727107 -0.0505116805 0.2279031426 0.0455114134 0.9985949397 0.0271459576 -0.2289541066 -0.0160237942 0.9733053446
110.1 330.7 2489.5 0.9723727107 -0.0505116805 0.2279031426 0.0455114134 0.9985949397 0.0271459576 -0.2289541066 -0.0160237942 0.9733053446
119.3 132.1 2490.7 0.9724627733 -0.0462488681 0.2284233272 0.0436527580 0.9989120364 0.0164075568 -0.2289336324 -0.0059844293 0.9734236598
-26.7 324.5 2521.7 0.1699703038 -0.9814203978 0.0890173987 0.9848173857 0.1724010557 0.0203129444 -0.0352822319 0.0842132792 0.9958229065
-73.9 50.9 2531.5 0.1042048112 -0.9938857555 0.0365033038 0.9604577422 0.0910361111 -0.2631222308 0.2581903338 0.0624784864 0.9640716910
247.0 336.8 2457.3 0.2268406600 0.8716931343 0.4343897402 -0.9706743360 0.2387978733 0.0276938975 -0.0795907602 -0.4279330671 0.9002991915
310.2 66.3 2435.1 0.0305940453 0.8819131255 0.4704181254 -0.9791779518 0.1209386513 -0.1630472392 -0.2006852329 -0.4556347728 0.8672499061
42.4 -72.9 2522.4 0.8378909230 0.1499115229 0.5248479247 -0.0073539671 0.9645588398 -0.2637653053 -0.5457881689 0.2171468288 0.8092975616
-17.2 -456.1 2436.1 0.8421812654 0.1322025210 0.5227363110 0.0211398136 0.9606351256 -0.2770076394 -0.5387799740 0.2443411797 0.8062341809
220.9 -67.4 2480.6 0.6321792603 0.0407944061 -0.7737475038 -0.0202376693 0.9991416931 0.0361430012 0.7745578289 -0.0071900110 0.6324622631
204.7 -464.4 2483.4 0.6654500365 0.0392998308 -0.7454071641 0.2324160188 0.9380635619 0.2569427788 0.7093370557 -0.3442271352 0.6151005030
-103.1 -218.3 2459.1 0 0 0 0 0 0 0 0 0
318.9 -213.1 2377.8 0 0 0 0 0 0 0 0 0
-61.5 -778.0 2354.3 0 0 0 0 0 0 0 0 0
193.0 -742.8 2585.6 0 0 0 0 0 0 0 0 0
91.5 532.9 2482.5 16 0.9755393267 -0.0447523557 0.2152214497 0.0440118648 0.9989970922 0.0082341712 -0.2153740972 0.0014395396 0.9765305519
100.6 331.2 2482.2 0.9755393267 -0.0447523557 0.2152214497 0.0440118648 0.9989970922 0.0082341712 -0.2153740972 0.0014395396 0.9765305519
108.7 132.6 2480.3 0.9756373763 -0.0406101160 0.2155980021 0.0417160988 0.9991293550 -0.0005799030 -0.2153867334 0.0095596826 0.9764820337
-36.7 325.4 2512.5 0.1730760038 -0.9818522930 0.0775293037 0.9845629930 0.1745632738 0.0127837891 -0.0260855611 0.0741199180 0.9969081283
-85.1 50.4 2519.8 0.0700757653 -0.9972308874 0.0248989575 0.9612749815 0.0608379059 -0.2687920332 0.2665329278 0.0427705497 0.9628763795
237.8 337.1 2451.9 0.2245874256 0.8808369637 0.4167573750 -0.9723142982 0.2308913618 0.0359727740 -0.0645395294 -0.4132981896 0.9083057046
300.3 66.6 2434.0 0.0556832626 0.8894104958 0.4537051320 -0.9761679769 0.1439564675 -0.1623966098 -0.2097510248 -0.4338496327 0.8762300014
39.3 -70.4 2512.8 0.8411302567 0.1580119133 0.5172350407 -0.0273924191 0.9675875306 -0.2510459423 -0.5401384234 0.1969940215 0.8181954622
-23.5 -454.9 2434.6 0.8497282863 0.1114159003 0.5153138638 0.0327868462 0.9643564820 -0.2625672817 -0.5262004137 0.2400063574 0.8157879710
217.8 -62.4 2470.9 0.6218100786 0.0570571646 -0.7810868621 -0.0350467674 0.9983707070 0.0450292639 0.7823835015 -0.0006250781 0.6227966547
195.1 -459.2 2471.1 0.6591557264 0.0116929049 -0.7519155741 0.2717649043 0.9285995364 0.2526791990 0.7011829615 -0.3708992004 0.6089139581
-104.7 -219.0 2445.1 0 0 0 0 0 0 0 0 0
316.2 -211.3 2374.2 0 0 0 0 0 0 0 0 0
-60.8 -778.1 2354.1 0 0 0 0 0 0 0 0 0
191.5 -739.9 2583.2 0 0 0 0 0 0 0 0 0
81.6 536.2 2480.1 17 0.9789248109 -0.0412345119 0.2000148445 0.0440138094 0.9989860654 -0.0094668251 -0.1994216740 0.0180707257 0.9797471166
89.9 335.0 2476.5 0.9789248109 -0.0412345119 0.2000148445 0.0440138094 0.9989860654 -0.0094668251 -0.1994216740 0.0180707257 0.9797471166
97.3 136.5 2471.8 0.9790405035 -0.0370551571 0.2002663463 0.0410611406 0.9990303516 -0.0158853158 -0.1994835138 0.0237755310 0.9796127081
-47.8 329.3 2504.6 0.1522150934 -0.9863888621 0.0621894263 0.9883093238 0.1524598747 -0.0008180526 -0.0086744735 0.0615869090 0.9980640411
-90.9 49.7 2507.0 0.0583602004 -0.9981465936 0.0172485057 0.9596295357 0.0513293408 -0.2765437961 0.2751458883 0.0326913260 0.9608464837
227.7 340.8 2448.4 0.2264309973 0.8877297640 0.4008302689 -0.9715939760 0.2349235117 0.0285667274 -0.0688049197 -0.3959126770 0.9157068729
293.1 60.2 2428.6 0.0544747300 0.8979060650 0.4368034303 -0.9779513478 0.1362999976 -0.1582198143 -0.2016028464 -0.4185535312 0.8855333328
27.2 -69.8 2498.2 0.8473854661 0.1438285112 0.5111274123 -0.0355239399 0.9758144617 -0.2156946957 -0.5297885537 0.1646192968 0.8320003748
-29.9 -457.4 2432.8 0.8577618003 0.0938440189 0.5054087043 0.0426688753 0.9668039083 -0.2519317269 -0.5122733712 0.2376626432 0.8252832294
206.3 -62.1 2458.6 0.6112655997 0.0534406416 -0.7896191478 -0.0154033955 0.9983319640 0.0556419306 0.7912756205 -0.0218491834 0.6110692024
185.0 -458.9 2467.3 0.6384290457 -0.0218593013 -0.7693701982 0.3002798557 0.9274598360 0.2228234857 0.7086892128 -0.3732833564 0.5986812115
-107.3 -219.2 2429.9 0 0 0 0 0 0 0 0 0
308.6 -219.1 2371.0 0 0 0 0 0 0 0 0 0
-61.1 -778.6 2353.8 0 0 0 0 0 0 0 0 0
191.5 -735.8 2578.8 0 0 0 0 0 0 0 0 0
71.4 538.6 2472.0 18 0.9766250849 -0.0473392047 0.2096722424 0.0506397001 0.9986628890 -0.0103976512 -0.2088996619 0.0207723472 0.9777164459
80.9 336.9 2467.8 0.9766250849 -0.0473392047 0.2096722424 0.0506397001 0.9986628890 -0.0103976512 -0.2088996619 0.0207723472 0.9777164459
89.1 138.4 2462.3 0.9768382907 -0.0409829244 0.2100176215 0.0458184294 0.9987838268 -0.0182085447 -0.2090159655 0.0274094809 0.9775280356
-56.5 330.5 2497.2 0.1428596377 -0.9873425961 0.0688894540 0.9896240234 0.1414170414 -0.0254067499 0.0153430235 0.0718042552 0.9973007441
-97.3 48.3 2492.8 0.0653586015 -0.9974359870 0.0291499719 0.9575085044 0.0544653423 -0.2832154930 0.2809016705 0.0464219153 0.9586132169
218.4 343.4 2438.4 0.2304372787 0.8860775232 0.4022005498 -0.9723263383 0.2260100394 0.0591690354 -0.0384730101 -0.4047049284 0.9136376381
285.9 58.5 2427.1 0.0274236966 0.8951958418 0.4448284209 -0.9789921641 0.1139951050 -0.1690547466 -0.2020453811 -0.4308474362 0.8795158863
14.9 -65.8 2485.3 0.8414804339 0.1267445236 0.5252108574 -0.0358055793 0.9830400944 -0.1798615605 -0.5390998125 0.1325445175 0.8317471743
-35.4 -456.3 2432.7 0.8531146646 0.0782066956 0.5158284903 0.0585295111 0.9681132436 -0.2435796410 -0.5184299946 0.2379925549 0.8213342428
194.5 -58.3 2448.7 0.6196268797 0.0497470498 -0.7833184004 -0.0052877786 0.9982313514 0.0592129752 0.7848786712 -0.0325479396 0.6187940240
174.8 -455.1 2461.7 0.6396148801 -0.0483727753 -0.7671720386 0.3185123801 0.9249895215 0.2072298378 0.6996018291 -0.3769010603 0.6070443988
-115.6 -220.1 2414.1 0 0 0 0 0 0 0 0 0
293.8 -223.7 2368.8 0 0 0 0 0 0 0 0 0
-61.5 -779.0 2353.4 0 0 0 0 0 0 0 0 0
189.4 -734.8 2575.6 0 0 0 0 0 0 0 0 0
61.8 535.9 2458.9 19 0.9846056700 -0.0546261370 0.1660352796 0.0556202084 0.9984511137 -0.0013397401 -0.1657049209 0.0105540324 0.9861189127
72.8 334.9 2456.7 0.9846056700 -0.0546261370 0.1660352796 0.0556202084 0.9984511137 -0.0013397401 -0.1657049209 0.0105540324 0.9861189127
82.5 136.4 2453.6 0.9848352671 -0.0492360294 0.1663588881 0.0512045771 0.9986595511 -0.0075622359 -0.1657635570 0.0159658939 0.9860363007
-65.7 327.7 2480.1 0.1482152492 -0.9885720015 0.0275258180 0.9889120460 0.1484111696 0.0052050841 -0.0092307394 0.0264491402 0.9996075630
-106.9 52.6 2482.6 0.0781043991 -0.9967985749 -0.0170962829 0.9552971125 0.0797353536 -0.2846923172 0.2851440907 0.0059036938 0.9584664702
211.3 342.1 2433.4 0.2350645065 0.9008141756 0.3650732636 -0.9712579846 0.2321644127 0.0525135100 -0.0374521054 -0.3669243753 0.9294965267
278.3 65.2 2422.8 0.0455474928 0.9111427665 0.4095659852 -0.9765861630 0.1269029230 -0.1737098098 -0.2102495581 -0.3920644522 0.8955895305
7.6 -64.4 2476.0 0.8622969389 0.1337900609 0.4884098470 -0.0552503429 0.9835668206 -0.1718828231 -0.5033799410 0.1212292239 0.8555186391
-45.5 -455.2 2427.9 0.8751589656 0.0488999225 0.4813580215 0.0662366375 0.9734041095 -0.2193107158 -0.4792801440 0.2238152772 0.8486443758
186.9 -56.0 2437.7 0.5843080282 0.0471256338 -0.8101625443 0.0123631144 0.9976797700 0.0669497252 0.8114377856 -0.0491353907 0.5823696256
168.1 -452.6 2457.2 0.5973144174 -0.0629717112 -0.7995311618 0.3384270370 0.9235990047 0.1800889522 0.7271056771 -0.3781526685 0.5729902983
-128.8 -215.2 2402.7 0 0 0 0 0 0 0 0 0
291.4 -215.2 2362.4 0 0 0 0 0 0 0 0 0
-61.8 -779.5 2353.3 0 0 0 0 0 0 0 0 0
187.7 -738.9 2574.4 0 0 0 0 0 0 0 0 0
53.4 535.8 2451.8 20 0.9853270054 -0.0515299402 0.1627123207 0.0532850549 0.9985585809 -0.0064379890 -0.1621460319 0.0150136594 0.9866525531
63.8 335.2 2448.8 0.9853270054 -0.0515299402 0.1627123207 0.0532850549 0.9985585809 -0.0064379890 -0.1621460319 0.0150136594 0.9866525531
73.3 136.6 2445.2 0.9854657650 -0.0481568128 0.1629052758 0.0505053885 0.9986706376 -0.0103037683 -0.1621925086 0.0183816049 0.9865878820
-74.8 328.1 2471.6 0.1530074775 -0.9879527092 0.0231986959 0.9882248044 0.1529811621 -0.0029148078 -0.0006692713 0.0233715139 0.9997266531
-117.9 49.7 2471.8 0.0731816441 -0.9970301986 -0.0239849668 0.9506493211 0.0770076737 -0.3005589247 0.3015133440 -0.0008058965 0.9534616470
202.4 342.3 2426.0 0.2361856103 0.9027134180 0.3596176207 -0.9712564945 0.2305940688 0.0590528399 -0.0296179000 -0.3632283807 0.9312292337
269.7 65.6 2417.6 0.0526910536 0.9122553468 0.4062190056 -0.9744915962 0.1358357370 -0.1786471754 -0.2181508988 -0.3864439130 0.8961424828
2.0 -66.9 2465.7 0.8616229296 0.1449229419 0.4864188433 -0.0715712905 0.9834846258 -0.1662394851 -0.5024773479 0.1084221154 0.8577651978
-55.6 -457.7 2422.6 0.8760781884 0.0230647679 0.4816170335 0.0826398134 0.9768925309 -0.1971083432 -0.4750343263 0.2124830782 0.8539281487
182.6 -57.4 2435.3 0.5812888145 0.0438548252 -0.8125146627 0.0053721266 0.9983179569 0.0577267334 0.8136795759 -0.0379208364 0.5800755024
165.1 -454.3 2450.3 0.5948581100 -0.0705642402 -0.8007274866 0.3533180058 0.9177067280 0.1816058606 0.7220181823 -0.3909411728 0.5708369017
-138.4 -216.8 2387.3 0 0 0 0 0 0 0 0 0
284.7 -212.0 2355.4 0 0 0 0 0 0 0 0 0
-63.1 -777.6 2353.0 0 0 0 0 0 0 0 0 0
187.3 -742.3 2573.1 0 0 0 0 0 0 0 0 0
46.0 533.2 2440.8 21 0.9897677898 -0.0513654687 0.1331214756 0.0516527481 0.9986642599 0.0012967942 -0.1330102682 0.0055925651 0.9910988808
56.4 332.9 2439.7 0.9897677898 -0.0513654687 0.1331214756 0.0516527481 0.9986642599 0.0012967942 -0.1330102682 0.0055925651 0.9910988808
66.0 134.3 2437.8 0.9898631573 -0.0489212945 0.1333326995 0.0497528464 0.9987573028 -0.0029100901 -0.1330246329 0.0095142722 0.9910670519
-82.9 325.8 2458.4 0.1581929773 -0.9873951077 -0.0050898357 0.9873118997 0.1581034511 0.0147814294 -0.0137903905 -0.0073635736 0.9998778105
-126.8 51.9 2462.2 0.0548230521 -0.9969329834 -0.0558481365 0.9499883652 0.0692995042 -0.3044990301 0.3074353635 -0.0363615155 0.9508739710
195.6 339.9 2421.0 0.2282492816 0.9141831994 0.3349198401 -0.9732221961 0.2238519937 0.0522379465 -0.0272174180 -0.3378746808 0.9407975078
260.1 64.8 2413.3 0.0732035339 0.9218952656 0.3804607093 -0.9702802300 0.1540576071 -0.1866080761 -0.2306459695 -0.3554931283 0.9057742953
-7.5 -66.5 2456.4 0.8755575418 0.1460743546 0.4605011046 -0.0798494741 0.9838394523 -0.1602621675 -0.4764693677 0.1035479829 0.8730720282
-65.5 -457.6 2415.2 0.8878774047 -0.0095197381 0.4599815607 0.0953567475 0.9818838835 -0.1637409627 -0.4500897229 0.1892442554 0.8727003336
173.3 -57.2 2426.7 0.5565762520 0.0450479798 -0.8295742869 0.0090143560 0.9981426597 0.0602495596 0.8307476044 -0.0410115533 0.5551364422
155.4 -454.1 2443.0 0.5616116524 -0.0976148248 -0.8216226101 0.3837837279 0.9104637504 0.1541615874 0.7330091596 -0.4019043446 0.5487900376
-142.1 -214.4 2376.0 0 0 0 0 0 0 0 0 0
280.8 -209.9 2348.0 0 0 0 0 0 0 0 0 0
-62.5 -774.6 2354.1 0 0 0 0 0 0 0 0 0
185.8 -737.6 2568.1 0 0 0 0 0 0 0 0 0
38.1 530.2 2426.8 22 0.9915223718 -0.0584297553 0.1160574257 0.0562765859 0.9981783628 0.0217463467 -0.1171166450 -0.0150306737 0.9930044413
49.8 329.8 2429.8 0.9915223718 -0.0584297553 0.1160574257 0.0562765859 0.9981783628 0.0217463467 -0.1171166450 -0.0150306737 0.9930044413
60.8 131.3 2431.1 0.9916216135 -0.0556431897 0.1165781468 0.0545402355 0.9984316826 0.0126322778 -0.1170982122 -0.0061682393 0.9931011796
-89.7 322.1 2446.3 0.1625929922 -0.9864260554 -0.0229592677 0.9864908457 0.1620443910 0.0240294505 -0.0199828558 -0.0265561286 0.9994475842
-134.5 50.3 2451.8 0.0558486097 -0.9953898191 -0.0779747665 0.9442251325 0.0780391246 -0.3199200034 0.3245301843 -0.0557586476 0.9442304373
189.3 337.5 2413.3 0.2328033745 0.9175915122 0.3222241998 -0.9722173810 0.2279010415 0.0534268916 -0.0244111679 -0.3257099390 0.9451545477
254.8 64.1 2406.5 0.0824658349 0.9245674610 0.3719871044 -0.9646175504 0.1678435504 -0.2033261061 -0.2504243553 -0.3420578539 0.9056953788
-15.0 -68.8 2448.1 0.8838026524 0.1429189593 0.4454963505 -0.0822274461 0.9848282933 -0.1528133601 -0.4605773091 0.0984248370 0.8821457028
-71.9 -460.3 2409.0 0.8939872384 -0.0288507398 0.4471626878 0.1023563519 0.9846892953 -0.1411035806 -0.4362453520 0.1719147414 0.8832526803
166.5 -59.7 2423.7 0.5417818427 0.0400985181 -0.8395621181 0.0099258935 0.9984865189 0.0540942699 0.8404605389 -0.0376406983 0.5405638218
150.5 -456.6 2438.7 0.5411000252 -0.1118221208 -0.8334906101 0.3962151110 0.9081211090 0.1353872120 0.7417711020 -0.4034995735 0.5356899500
-150.2 -214.4 2360.8 0 0 0 0 0 0 0 0 0
278.0 -207.7 2335.9 0 0 0 0 0 0 0 0 0
-62.8 -769.6 2355.0 0 0 0 0 0 0 0 0 0
185.5 -740.7 2564.9 0 0 0 0 0 0 0 0 0
29.3 534.2 2427.8 23 0.9941239953 -0.0691728219 0.0832620859 0.0700181350 0.9975191951 -0.0072721280 -0.0825525001 0.0130592529 0.9965011477
43.1 333.9 2425.2 0.9941239953 -0.0691728219 0.0832620859 0.0700181350 0.9975191951 -0.0072721280 -0.0825525001 0.0130592529 0.9965011477
56.6 135.7 2422.0 0.9942073822 -0.0676726475 0.0834988579 0.0688023716 0.9975726604 -0.0107240211 -0.0825704560 0.0164068211 0.9964501858
-96.7 324.3 2436.8 0.1637301147 -0.9851889014 -0.0509439372 0.9862185717 0.1622194648 0.0325232111 -0.0237774085 -0.0555668846 0.9981718063
-143.2 44.1 2443.5 0.0516351648 -0.9925496578 -0.1103584319 0.9319590330 0.0876009986 -0.3518216312 0.3588679433 -0.0846831650 0.9295389056
182.9 343.5 2413.6 0.2366696149 0.9251701236 0.2967283726 -0.9693139195 0.2457275689 0.0069671040 -0.0664685816 -0.2892718315 0.9549365044
251.2 64.0 2394.4 0.0605057478 0.9366475344 0.3450078964 -0.9629822969 0.1457370818 -0.2267725170 -0.2626863718 -0.3185154498 0.9107929468
-19.1 -72.2 2443.0 0.8953058124 0.1471761614 0.4204363525 -0.0906524807 0.9842893481 -0.1515145600 -0.4361303449 0.0975382701 0.8945817947
-77.6 -463.5 2404.3 0.9044204354 -0.0475965887 0.4239791036 0.1113590524 0.9856449962 -0.1268979013 -0.4118529856 0.1619829684 0.8967377543
162.8 -62.1 2421.6 0.5136295557 0.0338564552 -0.8573437929 -0.0012873063 0.9992504716 0.0386891216 0.8580110669 -0.0187682118 0.5132881403
149.3 -459.3 2429.0 0.5186498761 -0.1017493755 -0.8489106894 0.4129315615 0.8992252350 0.1445043832 0.7486586571 -0.4254892170 0.5083985925
-157.6 -217.0 2343.0 0 0 0 0 0 0 0 0 0
268.2 -206.2 2320.7 0 0 0 0 0 0 0 0 0
-63.0 -766.6 2354.4 0 0 0 0 0 0 0 0 0
181.4 -742.8 2563.1 0 0 0 0 0 0 0 0 0
21.7 534.5 2420.8 24 0.9945066571 -0.0823107809 0.0646638945 0.0824973360 0.9965912700 -0.0002155694 -0.0644257292 0.0055489843 0.9979071021
38.2 334.5 2419.7 0.9945066571 -0.0823107809 0.0646638945 0.0824973360 0.9965912700 -0.0002155694 -0.0644257292 0.0055489843 0.9979071021
54.2 136.4 2417.9 0.9946146607 -0.0807529017 0.0649667680 0.0811774731 0.9966919422 -0.0039179106 -0.0644354746 0.0091706496 0.9978797436
-101.7 323.1 2428.7 0.1875527948 -0.9798961282 -0.0680261031 0.9816059470 0.1844625920 0.0492275283 -0.0356895924 -0.0760075822 0.9964683056
-154.2 48.4 2438.7 0.0458734035 -0.9892002344 -0.1392069608 0.9285331964 0.0936164185 -0.3592521548 0.3684043884 -0.1127781644 0.9227997065
178.1 345.9 2410.6 0.2361861318 0.9267674685 0.2920926809 -0.9655181766 0.2577023506 -0.0369340256 -0.1095022261 -0.2732974887 0.9556766152
246.7 65.3 2378.8 0.0436616763 0.9422734976 0.3319854140 -0.9673848748 0.1228706315 -0.2215160578 -0.2495199591 -0.3114858866 0.9169058204
-21.0 -68.9 2426.3 0.8995569944 0.1553688347 0.4082373381 -0.1147317290 0.9858296514 -0.1223785132 -0.4214662910 0.0632486716 0.9046357274
-82.7 -460.6 2401.2 0.9100609422 -0.0633932054 0.4095978141 0.1198482513 0.9862669110 -0.1136397347 -0.3967687786 0.1525086612 0.9051605463
161.3 -56.3 2411.2 0.4972751141 0.0504517332 -0.8661247492 0.0052384445 0.9981150031 0.0611477494 0.8675770760 -0.0349444002 0.4960734546
141.2 -453.0 2425.1 0.4964052737 -0.1117568761 -0.8608671427 0.4226914644 0.8972952366 0.1272523403 0.7582306862 -0.4270499051 0.4926607907
-167.0 -211.8 2335.5 0 0 0 0 0 0 0 0 0
258.8 -202.3 2309.8 0 0 0 0 0 0 0 0 0
-63.1 -766.7 2353.8 0 0 0 0 0 0 0 0 0
177.3 -742.7 2562.9 0 0 0 0 0 0 0 0 0
14.5 534.4 2416.8 25 0.9944790006 -0.0765956566 0.0717257410 0.0773731098 0.9969691634 -0.0081202397 -0.0708863735 0.0136250518 0.9973913431
29.9 334.3 2414.0 0.9944790006 -0.0765956566 0.0717257410 0.0773731098 0.9969691634 -0.0081202397 -0.0708863735 0.0136250518 0.9973913431
44.7 136.1 2410.6 0.9946282506 -0.0743440539 0.0720247701 0.0754014105 0.9970802069 -0.0120706642 -0.0709170923 0.0174365938 0.9973297715
-110.0 323.7 2424.0 0.1763968915 -0.9823270440 -0.0625919327 0.9841153026 0.1747094244 0.0315229185 -0.0200304128 -0.0671582296 0.9975412488
-159.4 48.6 2429.6 0.0565323085 -0.9900069833 -0.1291906983 0.9221777320 0.1013657972 -0.3732467890 0.3826124370 -0.0980362892 0.9186928868
169.8 344.9 2404.1 0.2278462499 0.9267066717 0.2988323867 -0.9663818479 0.2527707815 -0.0470427088 -0.1191308871 -0.2780676782 0.9531454444
237.3 58.8 2368.8 0.0420175530 0.9404509068 0.3373227417 -0.9640702009 0.1268005222 -0.2334316373 -0.2623036802 -0.3153945506 0.9119884968
-20.9 -69.1 2422.0 0.8951330185 0.1650620550 0.4141152501 -0.1211022362 0.9840303659 -0.1304551214 -0.4290351570 0.0666243955 0.9008274078
-86.5 -460.2 2395.5 0.9044769406 -0.0726652816 0.4202870727 0.1219862700 0.9882912636 -0.0916499794 -0.4087062776 0.1341645420 0.9027508497
161.5 -54.3 2410.2 0.5015661716 0.0704966486 -0.8622422218 -0.0341637582 0.9975109100 0.0616831221 0.8644444942 -0.0014807329 0.5027261376
133.5 -450.5 2410.8 0.5034766197 -0.1253277659 -0.8548709154 0.4472743869 0.8843358159 0.1337750107 0.7392272353 -0.4497144520 0.5012983084
-175.2 -209.9 2322.4 0 0 0 0 0 0 0 0 0
248.6 -201.7 2297.9 0 0 0 0 0 0 0 0 0
-63.7 -770.4 2353.4 0 0 0 0 0 0 0 0 0
175.4 -745.8 2561.0 0 0 0 0 0 0 0 0 0
8.5 537.2 2408.3 26 0.9942894578 -0.0716786608 0.0790606514 0.0723421723 0.9973644018 -0.0055567194 -0.0784539804 0.0112444069 0.9968543053
22.9 336.8 2406.0 0.9942894578 -0.0716786608 0.0790606514 0.0723421723 0.9973644018 -0.0055567194 -0.0784539804 0.0112444069 0.9968543053
36.7 138.5 2403.1 0.9944497943 -0.0691365376 0.0793078467 0.0700710863 0.9975008965 -0.0090586487 -0.0784833655 0.0145655582 0.9968090057
-117.0 326.9 2417.1 0.1781070679 -0.9822551608 -0.0587590262 0.9840013385 0.1775213331 0.0150844334 -0.0043857829 -0.0605056062 0.9981582165
-167.3 49.2 2418.3 0.0437347479 -0.9915270209 -0.1223171353 0.9283185005 0.0855795145 -0.3618022799 0.3692045808 -0.0977259278 0.9241956472
162.8 346.7 2395.0 0.2067680508 0.9296045899 0.3050938249 -0.9721540213 0.2303568870 -0.0430373624 -0.1102881953 -0.2876994610 0.9513493180
225.0 54.4 2361.8 0.0645928979 0.9366488457 0.3442625105 -0.9507218599 0.1625927240 -0.2639915645 -0.3032419980 -0.3102459013 0.9009948969
-31.8 -69.0 2413.7 0.8945017457 0.1499931812 0.4211516380 -0.1075789407 0.9865738750 -0.1228768900 -0.4339278936 0.0646065474 0.8986281753
-91.4 -461.1 2388.0 0.8991596699 -0.0844791979 0.4293892682 0.1233626083 0.9903287888 -0.0634866878 -0.4198732376 0.1100552529 0.9008852839
150.7 -55.1 2400.7 0.5080297589 0.0688745156 -0.8585814238 -0.0298050120 0.9976066351 0.0623910986 0.8608236909 -0.0061065056 0.5088666677
123.3 -451.6 2403.1 0.5009940863 -0.1474018544 -0.8528057337 0.4669048488 0.8757217526 0.1229278371 0.7287007570 -0.4597652555 0.5075540543
-179.6 -211.0 2314.8 0 0 0 0 0 0 0 0 0
242.3 -200.5 2280.5 0 0 0 0 0 0 0 0 0
-65.1 -769.8 2353.7 0 0 0 0 0 0 0 0 0
172.8 -745.7 2557.5 0 0 0 0 0 0 0 0 0
0.3 536.6 2403.0 27 0.9928627014 -0.0586370081 0.1038526967 0.0600323789 0.9981426597 -0.0103590107 -0.1030523926 0.0165196005 0.9945387244
12.0 336.2 2399.7 0.9928627014 -0.0586370081 0.1038526967 0.0600323789 0.9981426597 -0.0103590107 -0.1030523926 0.0165196005 0.9945387244
23.5 137.8 2396.1 0.9929112196 -0.0575969890 0.1039707661 0.0591990612 0.9981693625 -0.0123868054 -0.1030669883 0.0184539706 0.9945032001
-127.6 327.9 2414.2 0.1497185230 -0.9879433513 -0.0393994674 0.9884041548 0.1505713612 -0.0196339898 0.0253296997 -0.0360030271 0.9990306497
-169.4 52.3 2407.2 0.0513404980 -0.9947352409 -0.0886903927 0.9295719862 0.0800607130 -0.3598419428 0.3650480807 -0.0639696345 0.9287883639
151.7 344.5 2385.2 0.2218719274 0.9199821949 0.3231185973 -0.9697736502 0.2427082658 -0.0251354445 -0.1015477106 -0.3077750504 0.9460245967
218.2 53.9 2354.8 0.0448139161 0.9274050593 0.3713645041 -0.9438052773 0.1611519903 -0.2885508835 -0.3274496794 -0.3375647068 0.8825116158
-40.8 -66.2 2407.5 0.8856604695 0.1358484030 0.4440166056 -0.0933941826 0.9888199568 -0.1162435636 -0.4548439980 0.0614837557 0.8884462118
-94.8 -459.3 2383.0 0.8867108822 -0.0933927819 0.4527931213 0.1265013814 0.9910199642 -0.0433223173 -0.4446810186 0.0956933275 0.8905625343
141.6 -53.3 2393.1 0.9014881253 0.0647978783 0.4279257059 -0.0590293445 0.9978977442 -0.0267509241 -0.4287594855 -0.0011445327 0.9034179449
115.9 -450.0 2393.5 0.9014881253 -0.1640201211 0.4005203545 -0.0590293445 0.8701656461 0.4892109036 -0.4287594855 -0.4646602869 0.7747619748
-183.8 -208.3 2304.8 0 0 0 0 0 0 0 0 0
230.3 -200.9 2266.4 0 0 0 0 0 0 0 0 0
-65.9 -765.9 2353.4 0 0 0 0 0 0 0 0 0
172.3 -749.5 2553.4 0 0 0 0 0 0 0 0 0
-6.6 533.9 2400.9 28 0.9916628599 -0.0474246331 0.1198153123 0.0502560996 0.9985213876 -0.0207201634 -0.1186555028 0.0265688654 0.9925799370
2.9 333.6 2395.6 0.9916628599 -0.0474246331 0.1198153123 0.0502560996 0.9985213876 -0.0207201634 -0.1186555028 0.0265688654 0.9925799370
12.3 135.1 2390.3 0.9916664958 -0.0473085716 0.1198307350 0.0501785241 0.9985185266 -0.0210453402 -0.1186575815 0.0268828887 0.9925712347
-136.6 326.5 2412.3 0.1397020519 -0.9898548126 -0.0258999318 0.9891312122 0.1407157481 -0.0426448397 0.0458567291 -0.0196608584 0.9987545013
-175.9 48.7 2399.4 0.0588173643 -0.9956266880 -0.0725807026 0.9205690026 0.0822183713 -0.3818283379 0.3861259520 -0.0443574116 0.9213789701
142.4 340.7 2378.9 0.2150760889 0.9163371325 0.3377403021 -0.9700894356 0.2403185070 -0.0342563055 -0.1125555709 -0.3202705681 0.9406157732
206.6 51.2 2345.3 0.0318818875 0.9231433272 0.3831318021 -0.9432848692 0.1545252949 -0.2938291430 -0.3304499388 -0.3520346284 0.8757137060
-56.1 -66.1 2401.9 0.8807152510 0.1087617502 0.4609897137 -0.0717813075 0.9926858544 -0.0970680341 -0.4681752622 0.0523988567 0.8820806742
-99.4 -460.6 2381.1 0.8773846626 -0.1085900292 0.4673375487 0.1380248666 0.9900013804 -0.0290938113 -0.4595055282 0.0900306702 0.8836001158
126.0 -55.2 2383.0 0.9131663442 0.0431094095 0.4053008258 -0.0382960029 0.9990666509 -0.0199815873 -0.4057839513 0.0027251113 0.9139649868
108.9 -452.3 2381.9 0.9131663442 -0.1746827811 0.3682568669 -0.0382960029 0.8627362847 0.5042018294 -0.4057839513 -0.4745229185 0.7811321020
-192.4 -209.4 2291.2 0 0 0 0 0 0 0 0 0
215.3 -206.0 2255.2 0 0 0 0 0 0 0 0 0
-66.2 -762.6 2353.6 0 0 0 0 0 0 0 0 0
170.2 -755.2 2548.5 0 0 0 0 0 0 0 0 0
-15.6 530.0 2391.8 29 0.9928477407 -0.0496033579 0.1085949838 0.0514410809 0.9985752702 -0.0141855013 -0.1077366173 0.0196702853 0.9939848781
-5.6 329.2 2387.9 0.9928477407 -0.0496033579 0.1085949838 0.0514410809 0.9985752702 -0.0141855013 -0.1077366173 0.0196702853 0.9939848781
4.0 130.7 2383.7 0.9928871393 -0.0486381315 0.1086715683 0.0506406538 0.9985928535 -0.0157424957 -0.1077529714 0.0211337209 0.9939530492
-145.3 322.1 2403.1 0.1386206150 -0.9896896482 -0.0360382758 0.9897401333 0.1397163272 -0.0298965722 0.0346234627 -0.0315242447 0.9989030957
-183.7 47.7 2393.5 0.0827613249 -0.9929194450 -0.0852143243 0.9109908342 0.1100444943 -0.3974744081 0.4040374756 -0.0447339565 0.9136479497
134.1 336.4 2372.7 0.2209611535 0.9177993536 0.3298796117 -0.9679519534 0.2477679104 -0.0409889966 -0.1193532497 -0.3102506399 0.9431326985
197.5 58.7 2338.5 0.0346745737 0.9249687791 0.3784580231 -0.9369817972 0.1618184298 -0.3096447885 -0.3476532400 -0.3438715041 0.8722898960
-69.3 -68.0 2395.8 0.8871576786 0.0913101360 0.4523425400 -0.0616950803 0.9948973656 -0.0798309743 -0.4573237598 0.0429153554 0.8882641792
-105.6 -463.4 2378.8 0.8797411919 -0.1294669658 0.4574863017 0.1518409103 0.9883284569 -0.0122950366 -0.4505549371 0.0802815855 0.8891316652
112.6 -58.7 2374.1 0.9324944615 0.0228849966 0.3604584634 -0.0152210752 0.9995939732 -0.0240863748 -0.3608633280 0.0169738457 0.9324642420
103.5 -456.0 2367.3 0.9324944615 -0.1756997705 0.3155687153 -0.0152210752 0.8538132310 0.5203568935 -0.3608633280 -0.4900332391 0.7935017943
-206.9 -207.6 2280.2 0 0 0 0 0 0 0 0 0
207.0 -198.0 2243.2 0 0 0 0 0 0 0 0 0
-66.5 -761.6 2354.6 0 0 0 0 0 0 0 0 0
166.1 -760.1 2541.9 0 0 0 0 0 0 0 0 0
-22.6 528.9 2380.8 30 0.9943069220 -0.0528608374 0.0925174579 0.0533780940 0.9985694885 -0.0031236175 -0.0922199935 0.0080442401 0.9957061410
-11.9 327.7 2379.2 0.9943069220 -0.0528608374 0.0925174579 0.0533780940 0.9985694885 -0.0031236175 -0.0922199935 0.0080442401 0.9957061410
-1.9 129.1 2376.9 0.9944255352 -0.0502226129 0.0927122012 0.0510800034 0.9986707568 -0.0068966816 -0.0922425911 0.0115939761 0.9956690669
-151.8 320.5 2392.2 0.1339091361 -0.9897729754 -0.0491715781 0.9909702539 0.1340816617 -0.0002120354 0.0068028742 -0.0486991778 0.9987903237
-190.6 33.6 2390.2 0.1064757258 -0.9887573123 -0.1049852744 0.8797073364 0.1428888738 -0.4535391927 0.4634414315 -0.0440653972 0.8850312233
128.0 334.9 2366.2 0.2135910094 0.9230811000 0.3198439777 -0.9684476852 0.2431011498 -0.0548715927 -0.1284053624 -0.2980321050 0.9458799958
188.7 59.7 2329.7 0.0300585330 0.9300680161 0.3661557138 -0.9351252317 0.1555509567 -0.3183467388 -0.3530399799 -0.3328324258 0.8744056821
-77.4 -72.4 2389.4 0.8945818543 0.0840309039 0.4389329255 -0.0631187782 0.9960751534 -0.0620508939 -0.4424243569 0.0278046951 0.8963747025
-110.8 -468.3 2378.4 0.8849689960 -0.1442392617 0.4427469969 0.1655071527 0.9861624241 -0.0095435064 -0.4352439046 0.0817235038 0.8965957761
104.8 -63.1 2369.6 0.9383686185 0.0289906189 0.3444181085 -0.0052074911 0.9975489378 -0.0697785988 -0.3455968499 0.0636844933 0.9362195730
93.3 -459.2 2344.3 0.9383686185 -0.1867755055 0.2908250391 -0.0052074911 0.8336845040 0.5522164702 -0.3455968499 -0.5196971297 0.7813307643
-220.6 -214.5 2259.5 0 0 0 0 0 0 0 0 0
196.9 -195.7 2233.3 0 0 0 0 0 0 0 0 0
-68.0 -760.8 2354.1 0 0 0 0 0 0 0 0 0
161.4 -763.2 2533.9 0 0 0 0 0 0 0 0 0
-27.7 532.9 2381.8 31 0.9955370426 -0.0526790172 0.0782998800 0.0541138686 0.9984014630 -0.0163161736 -0.0773151964 0.0204804633 0.9967963099
-17.2 332.1 2377.7 0.9955370426 -0.0526790172 0.0782998800 0.0541138686 0.9984014630 -0.0163161736 -0.0773151964 0.0204804633 0.9967963099
-7.1 133.6 2373.5 0.9956499338 -0.0504289642 0.0783459097 0.0519274883 0.9985026121 -0.0172076728 -0.0773608312 0.0212011263 0.9967777133
-157.3 324.8 2388.6 0.1391113847 -0.9883049130 -0.0624612980 0.9902135134 0.1395382285 -0.0025029194 0.0111893862 -0.0615018345 0.9980442524
-197.6 37.9 2385.3 0.1183010712 -0.9861068130 -0.1166115403 0.8881477118 0.1575984359 -0.4316901863 0.4440704286 -0.0524988547 0.8944525123
122.9 339.4 2366.8 0.2011520267 0.9277446866 0.3143686950 -0.9643538594 0.2438825667 -0.1026788577 -0.1719288081 -0.2825086117 0.9437316060
182.2 55.5 2316.2 0.0070515955 0.9357932806 0.3524787426 -0.9373034835 0.1290102601 -0.3237569928 -0.3484429717 -0.3280965388 0.8780319691
-83.2 -74.1 2383.1 0.8991487026 0.0875391588 0.4287989140 -0.0786819756 0.9961608052 -0.0383776277 -0.4305122197 0.0007684485 0.9025844336
-118.0 -469.9 2382.8 0.8866609335 -0.1683590114 0.4306827486 0.1938618720 0.9809038043 -0.0156629346 -0.4198213518 0.0973806754 0.9023674726
99.2 -64.7 2366.1 0.9429574609 0.0321593247 0.3313564062 0.0060046068 0.9935184717 -0.1135121286 -0.3328591585 0.1090267748 0.9366525412
86.5 -459.0 2322.9 0.9429574609 -0.1924551576 0.2716473639 0.0060046068 0.8256695271 0.5641220808 -0.3328591585 -0.5303120017 0.7797268629
-231.1 -214.0 2259.4 0 0 0 0 0 0 0 0 0
184.1 -200.0 2221.2 0 0 0 0 0 0 0 0 0
-67.8 -762.3 2353.7 0 0 0 0 0 0 0 0 0
157.5 -763.8 2518.6 0 0 0 0 0 0 0 0 0
-35.1 529.0 2367.3 32 0.9947316051 -0.0620524399 0.0816001147 0.0613813139 0.9980569482 0.0107099861 -0.0821061432 -0.0056448397 0.9966076016
-22.7 328.4 2368.4 0.9947316051 -0.0620524399 0.0816001147 0.0613813139 0.9980569482 0.0107099861 -0.0821061432 -0.0056448397 0.9966076016
-10.6 130.0 2368.8 0.9948089123 -0.0604643598 0.0818495452 0.0601217784 0.9981689453 0.0066459430 -0.0821015090 -0.0016905033 0.9966225624
-162.6 320.0 2380.0 0.1485552639 -0.9870478511 -0.0605632886 0.9889040589 0.1482527405 0.0094836205 -0.0003821134 -0.0613001212 0.9981192946
-204.1 43.8 2380.1 0.1234582961 -0.9851296544 -0.1194891855 0.8906536698 0.1630979031 -0.4244232774 0.4376003742 -0.0540249012 0.8975450993
117.3 336.9 2356.9 0.1805496812 0.9289609790 0.3231613636 -0.9695319533 0.2233978808 -0.1005047262 -0.1655585319 -0.2951691747 0.9409917593
170.2 53.0 2308.4 0.0361294709 0.9341247082 0.3551135957 -0.9371196032 0.1551014781 -0.3126506507 -0.3471333385 -0.3214879930 0.8809903264
-88.4 -69.6 2376.4 0.8985745907 0.0768674240 0.4320359528 -0.0780311897 0.9968371391 -0.0150623051 -0.4318272769 -0.0201776735 0.9017305970
-119.0 -465.8 2384.4 0.8861665726 -0.1685832888 0.4316115081 0.1964669377 0.9802964926 -0.0204832871 -0.4196541011 0.1029489934 0.9018269777
94.2 -60.1 2362.2 0.9462532401 0.0442239903 0.3203888237 0.0139775677 0.9840903282 -0.1771182716 -0.3231244385 0.1720770001 0.9305804968
76.7 -450.3 2293.9 0.9462532401 -0.1963840425 0.2569787502 0.0139775677 0.8186390400 0.5741382241 -0.3231244385 -0.5396882296 0.7773848772
-239.3 -209.6 2255.6 0 0 0 0 0 0 0 0 0
180.1 -203.6 2213.3 0 0 0 0 0 0 0 0 0
-67.7 -763.8 2353.1 0 0 0 0 0 0 0 0 0
152.7 -767.1 2502.8 0 0 0 0 0 0 0 0 0
-40.9 525.1 2359.5 33 0.9957206845 -0.0579628535 0.0719764978 0.0567480139 0.9982112646 0.0188117679 -0.0729381368 -0.0146467444 0.9972289205
-29.3 324.7 2362.5 0.9957206845 -0.0579628535 0.0719764978 0.0567480139 0.9982112646 0.0188117679 -0.0729381368 -0.0146467444 0.9972289205
-18.2 126.3 2364.7 0.9958212972 -0.0559485629 0.0721780956 0.0549843907 0.9983702898 0.0152782956 -0.0729152635 -0.0112457834 0.9972747564
-169.4 317.0 2372.7 0.1494079977 -0.9863533378 -0.0691690594 0.9886603355 0.1479564309 0.0256826822 -0.0150981909 -0.0722219050 0.9972742796
-212.1 34.3 2377.1 0.1194785610 -0.9840838313 -0.1315443665 0.8802604079 0.1662773639 -0.4444023669 0.4592020214 -0.0626967400 0.8861166239
110.9 332.4 2352.2 0.1601445526 0.9345411062 0.3177839816 -0.9713155031 0.2065265477 -0.1178682894 -0.1757835895 -0.2897925675 0.9408083558
156.7 54.4 2301.9 0.0620049275 0.9363647699 0.3455088437 -0.9253480434 0.1836561710 -0.3316645622 -0.3740138412 -0.2991510928 0.8778509498
-89.9 -73.9 2376.6 0.9033476710 0.0727948621 0.4226865768 -0.0733044222 0.9971957207 -0.0150734540 -0.4225985110 -0.0173682272 0.9061505795
-118.8 -470.2 2383.5 0.8907618523 -0.1693376154 0.4217440784 0.1992538273 0.9795610905 -0.0275313146 -0.4084620178 0.1085579693 0.9062968493
92.7 -62.8 2361.6 0.9616405964 0.0496869758 0.2697751224 0.0248317588 0.9636530876 -0.2660001814 -0.2731863856 0.2624955773 0.9254540801
71.7 -468.8 2251.0 0.9616405964 -0.1898558736 0.1979953498 0.0248317588 0.7790732384 0.6264409423 -0.2731863856 -0.5974944830 0.7539029121
-246.3 -217.6 2245.7 0 0 0 0 0 0 0 0 0
173.7 -198.9 2199.5 0 0 0 0 0 0 0 0 0
-67.8 -765.2 2350.8 0 0 0 0 0 0 0 0 0
145.1 -770.0 2481.9 0 0 0 0 0 0 0 0 0
-47.0 527.6 2356.2 34 0.9959790707 -0.0562745854 0.0697057992 0.0551065356 0.9983077645 0.0185694974 -0.0706328303 -0.0146535859 0.9973947406
-35.7 327.2 2359.1 0.9959790707 -0.0562745854 0.0697057992 0.0551065356 0.9983077645 0.0185694974 -0.0706328303 -0.0146535859 0.9973947406
-25.2 128.7 2361.6 0.9961327910 -0.0533057302 0.0698423758 0.0523050167 0.9985016584 0.0160807315 -0.0705949217 -0.0123654371 0.9974284172
-175.9 319.8 2369.0 0.1528918296 -0.9856473804 -0.0715774596 0.9881291986 0.1513740718 0.0262015406 -0.0149905086 -0.0747337863 0.9970908165
-219.7 36.8 2373.3 0.1193958744 -0.9840677977 -0.1317390949 0.8959103823 0.1639709771 -0.4128657281 0.4278892577 -0.0687319636 0.9012140036
104.4 334.5 2349.2 0.1592220366 0.9348480701 0.3173442781 -0.9690554142 0.2094107866 -0.1306854934 -0.1886263937 -0.2867161930 0.9392624497
149.9 57.9 2295.3 0.0399996638 0.9375782609 0.3454664052 -0.9214386344 0.1683346182 -0.3501632810 -0.3864594400 -0.3043196797 0.8706541657
-98.4 -77.2 2373.6 0.9052416086 0.0571377985 0.4210378528 -0.0597591698 0.9981884360 -0.0069775251 -0.4206737876 -0.0188445263 0.9070162177
-121.1 -474.0 2381.1 0.8890838027 -0.1811702251 0.4203656614 0.2079132199 0.9779769778 -0.0182507243 -0.4078014791 0.1036260054 0.9071711898
84.3 -67.1 2360.2 0.9777680635 0.0315595903 0.2073008269 0.0394367911 0.9432906508 -0.3296171129 -0.2059475183 0.3304643631 0.9210748672
70.5 -481.2 2215.2 0.9777680635 -0.1627814323 0.1321811080 0.0394367911 0.7618717551 0.6465262175 -0.2059475183 -0.6269398332 0.7513534427
-253.9 -219.4 2251.0 0 0 0 0 0 0 0 0 0
160.8 -193.6 2189.8 0 0 0 0 0 0 0 0 0
-67.3 -764.6 2350.3 0 0 0 0 0 0 0 0 0
130.8 -763.6 2447.6 0 0 0 0 0 0 0 0 0
-52.0 526.9 2348.0 35 0.9969262481 -0.0599743314 0.0504092835 0.0584157705 0.9977843165 0.0318439342 -0.0522074103 -0.0288013555 0.9982208610
-40.0 326.6 2353.8 0.9969262481 -0.0599743314 0.0504092835 0.0584157705 0.9977843165 0.0318439342 -0.0522074103 -0.0288013555 0.9982208610
-29.0 128.2 2358.6 0.9971882105 -0.0551919118 0.0506909080 0.0538763665 0.9981834888 0.0269630104 -0.0520869717 -0.0241561532 0.9983503819
-180.3 319.0 2361.1 0.1530047059 -0.9842901230 -0.0881049410 0.9874243736 0.1486827433 0.0537269004 -0.0397831760 -0.0952174291 0.9946612120
-224.3 34.6 2372.5 0.1262924373 -0.9809795022 -0.1474089175 0.9016762376 0.1754697710 -0.3952092826 0.4135580063 -0.0830031782 0.9066864252
100.4 334.2 2346.4 0.1619140059 0.9390428066 0.3032861352 -0.9668079615 0.2125138342 -0.1418456733 -0.1976516694 -0.2702526748 0.9422830343
146.4 59.4 2290.2 0.0183181688 0.9428151846 0.3328122497 -0.9194866419 0.1466227621 -0.3647547662 -0.3926941752 -0.2993347943 0.8695918322
-106.0 -74.6 2370.5 0.9135013819 0.0514096245 0.4035743177 -0.0576139987 0.9983336926 0.0032373460 -0.4027354121 -0.0262088496 0.9149411321
-126.4 -471.5 2380.9 0.8937397003 -0.1975169927 0.4027610123 0.2207952142 0.9752502441 -0.0116817662 -0.3904854059 0.0993681625 0.9152306318
76.8 -65.0 2357.5 0.9869833589 0.0159358960 0.1600308716 0.0455353335 0.9266670942 -0.3731147945 -0.1542412639 0.3755451441 0.9138793349
69.8 -476.8 2190.7 0.9869833589 -0.1310841590 0.0931706876 0.0455353335 0.7834116817 0.6198327541 -0.1542412639 -0.6075220704 0.7791832685
-260.5 -223.6 2254.1 0 0 0 0 0 0 0 0 0
151.4 -191.4 2183.1 0 0 0 0 0 0 0 0 0
-66.5 -767.2 2350.8 0 0 0 0 0 0 0 0 0
117.0 -759.0 2409.5 0 0 0 0 0 0 0 0 0
-55.7 527.5 2342.9 36 0.9978346229 -0.0597074553 0.0275880769 0.0587994382 0.9977363944 0.0326296277 -0.0294738617 -0.0309368093 0.9990866780
-43.7 327.5 2349.1 0.9978346229 -0.0597074553 0.0275880769 0.0587994382 0.9977363944 0.0326296277 -0.0294738617 -0.0309368093 0.9990866780
-32.4 129.1 2354.6 0.9979707599 -0.0572891235 0.0277907588 0.0564771481 0.9979776144 0.0291723143 -0.0294058118 -0.0275435727 0.9991880059
-184.2 319.5 2353.2 0.1499969661 -0.9827943444 -0.1077782586 0.9868803620 0.1422445625 0.0763782710 -0.0597332641 -0.1178207621 0.9912366867
-227.8 32.4 2370.6 0.1248596087 -0.9784066677 -0.1647132933 0.9045348763 0.1804697365 -0.3863253593 0.4077090621 -0.1007524952 0.9075363874
96.7 335.5 2344.9 0.1553104669 0.9461081028 0.2841796875 -0.9670657516 0.2043346316 -0.1517603993 -0.2016495019 -0.2512504458 0.9466840625
141.3 57.7 2287.0 0.0195980333 0.9493777752 0.3135246933 -0.9119809270 0.1454953402 -0.3835647404 -0.4097642303 -0.2784114182 0.8686658740
-109.5 -75.2 2368.1 0.9233625531 0.0383844599 0.3820055425 -0.0389848650 0.9992207289 -0.0061710700 -0.3819447458 -0.0091943005 0.9241394401
-124.8 -472.3 2371.8 0.9038537145 -0.1917119473 0.3824852407 0.2045636177 0.9788267016 0.0072086072 -0.3757687509 0.0717270374 0.9239335060
73.4 -65.3 2358.6 0.9890722036 0.0247588195 0.1453381479 0.0370554999 0.9124058485 -0.4076057076 -0.1426992118 0.4085370600 0.9015178680
63.0 -449.1 2186.7 0.9890722036 -0.1056417152 0.1028396934 0.0370554999 0.8532767296 0.5201401114 -0.1426992118 -0.5106453896 0.8478668928
-263.5 -226.5 2253.9 0 0 0 0 0 0 0 0 0
146.6 -190.1 2175.7 0 0 0 0 0 0 0 0 0
-67.3 -765.7 2350.3 0 0 0 0 0 0 0 0 0
100.6 -752.8 2368.5 0 0 0 0 0 0 0 0 0
-58.7 530.0 2331.8 37 0.9981145859 -0.0611726791 -0.0050195917 0.0613466501 0.9968835711 0.0495956093 0.0019700520 -0.0498100370 0.9987567663
-46.4 329.5 2341.8 0.9981145859 -0.0611726791 -0.0050195917 0.0613466501 0.9968835711 0.0495956093 0.0019700520 -0.0498100370 0.9987567663
-34.7 131.3 2350.3 0.9982289672 -0.0593115389 -0.0045915181 0.0594533905 0.9973254800 0.0425102971 0.0020578867 -0.0427079909 0.9990854859
-186.8 321.1 2341.6 0.1465716660 -0.9796287417 -0.1372744292 0.9853857756 0.1324188709 0.1071453020 -0.0867848918 -0.1509727389 0.9847210646
-229.7 32.4 2367.0 0.1247745082 -0.9738677144 -0.1897708178 0.9120393991 0.1878864914 -0.3645308912 0.3906602561 -0.1275943071 0.9116491675
94.0 337.9 2342.1 0.1537725180 0.9540917873 0.2570269108 -0.9674361944 0.1982998699 -0.1573032886 -0.2010501772 -0.2244682312 0.9535160661
138.7 56.6 2283.7 0.0193602294 0.9578526616 0.2866068780 -0.9123414755 0.1341831833 -0.3868176043 -0.4089720845 -0.2539944649 0.8764865398
-112.5 -74.5 2362.7 0.9354538321 0.0306881666 0.3521142006 -0.0372379646 0.9992362857 0.0118418010 -0.3514818847 -0.0241894741 0.9358821511
