551.9 461.7 2737.4 1 0.8439878225 0.0055003432 -0.5363340974 0.0295946132 0.9979465604 0.0568051524 0.5355452299 -0.0638154596 0.8420919776
550.8 265.7 2749.9 0.8439878225 0.0055003432 -0.5363340974 0.0295946132 0.9979465604 0.0568051524 0.5355452299 -0.0638154596 0.8420919776
546.1 70.5 2764.2 0.8438441753 0.0235917624 -0.5360694528 0.0197431073 0.9969914556 0.0749546438 0.5362249613 -0.0738337114 0.8408396840
432.0 262.8 2675.0 0.2537415922 -0.4203195870 -0.8711754680 0.9641337991 0.1823950708 0.1928160638 0.0778537467 -0.8888551593 0.4515255392
368.4 21.0 2655.4 -0.8102003336 -0.4203195870 -0.4085423648 0.3656141162 0.1823950708 -0.9127203226 0.4581503272 -0.8888551593 0.0058982167
669.5 268.6 2824.9 0.8458250761 0.4775839150 0.2376836538 -0.5334593654 0.7580791116 0.3751495481 -0.0010176270 -0.4441054761 0.8959739208
905.5 119.8 2824.6 -0.6942335367 0.4775839150 0.5384732485 0.0158124324 0.7580791116 -0.6519708633 -0.7195761204 -0.4441054761 -0.5338357091
465.4 -129.7 2735.6 0.2039985210 0.0444174409 -0.9779630303 -0.2789822221 0.9601855278 -0.0145843718 0.9383781552 0.2758094966 0.2082681060
448.0 -505.6 2627.6 0.2096268982 0.0493628606 -0.9765346050 -0.1866274625 0.9823839068 0.0095963236 0.9598056078 0.1802365184 0.2151465565
616.5 -122.9 2825.7 0.8673747182 -0.0324042104 -0.4965995252 -0.0930966660 0.9696964622 -0.2258800715 0.4888702631 0.2421544194 0.8380734324
629.0 -496.4 2732.5 0.8348200321 0.2923119068 -0.4665075541 -0.2281978428 0.9549006820 0.1899748594 0.5010002851 -0.0521388017 0.8638751507
575.6 -72.4 2538.3 0 0 0 0 0 0 0 0 0
733.2 123.7 2646.0 0 0 0 0 0 0 0 0 0
432.4 -816.1 2570.7 0 0 0 0 0 0 0 0 0
536.1 -799.7 2749.0 0 0 0 0 0 0 0 0 0
551.3 463.7 2716.8 2 0.8681066036 -0.0018118500 -0.4963745475 0.0474448763 0.9957177639 0.0793415308 0.4941052198 -0.0924273357 0.8644751310
551.6 267.7 2735.0 0.8681066036 -0.0018118500 -0.4963745475 0.0474448763 0.9957177639 0.0793415308 0.4941052198 -0.0924273357 0.8644751310
548.2 72.9 2754.1 0.8679887652 0.0181089137 -0.4962535203 0.0330547057 0.9950115085 0.0941246524 0.4954824746 -0.0981026590 0.8630602360
428.8 263.0 2665.2 0.2919271290 -0.4838875532 -0.8250038624 0.9559122920 0.1762770861 0.2348576188 0.0317845978 -0.8571926355 0.5140141249
356.5 26.3 2657.4 -0.7919140458 -0.4838875532 -0.3724579513 0.3286784291 0.1762770861 -0.9278452992 0.5146285892 -0.8571926355 0.0194470976
674.4 272.4 2804.8 0.8516793251 0.4522752762 0.2647440135 -0.5236444473 0.7546187043 0.3954074979 -0.0209477656 -0.4753921330 0.8795245886
912.8 125.8 2799.0 -0.7222855687 0.4522752762 0.5232118368 -0.0027884224 0.7546187043 -0.6561576128 -0.6915892959 -0.4753921330 -0.5437890887
466.1 -126.6 2730.9 0.2473704666 0.0407107957 -0.9680653214 -0.2749764323 0.9609874487 -0.0298517961 0.9290832877 0.2735796273 0.2489144206
450.2 -502.9 2623.8 0.2525635958 0.0319113508 -0.9670539498 -0.1650781482 0.9862238765 -0.0105692083 0.9533943534 0.1623088568 0.2543520927
622.5 -119.0 2817.3 0.8895121217 -0.0236676205 -0.4562982023 -0.0812606066 0.9745424986 -0.2089585215 0.4496275485 0.2229502052 0.8649441004
631.6 -494.4 2731.4 0.8575070500 0.2887201607 -0.4258195460 -0.2170528024 0.9534423947 0.2093697488 0.4664436579 -0.0871107131 0.8802511096
557.3 -57.0 2526.9 0 0 0 0 0 0 0 0 0
730.9 125.1 2624.7 0 0 0 0 0 0 0 0 0
440.0 -818.6 2571.9 0 0 0 0 0 0 0 0 0
539.9 -797.3 2759.1 0 0 0 0 0 0 0 0 0
551.6 465.2 2698.6 3 0.9022955894 -0.0065027014 -0.4310688376 0.0546988882 0.9935323596 0.0995059684 0.4276337922 -0.1133627817 0.8968155980
552.9 269.0 2720.9 0.9022955894 -0.0065027014 -0.4310688376 0.0546988882 0.9935323596 0.0995059684 0.4276337922 -0.1133627817 0.8968155980
550.4 74.5 2743.0 0.9022316933 0.0135513162 -0.4310386181 0.0366884246 0.9934706092 0.1080281287 0.4296881258 -0.1132805347 0.8958435059
425.1 263.9 2660.3 0.2970063686 -0.5424857736 -0.7858093977 0.9546462297 0.1867277026 0.2319123298 0.0209232382 -0.8190494180 0.5733413696
352.5 30.5 2655.2 -0.7703593969 -0.5424857736 -0.3350456059 0.2782785296 0.1867277026 -0.9421750307 0.5736789107 -0.8190494180 0.0071147121
680.7 274.2 2781.6 0.8490101099 0.4178154767 0.3234378397 -0.5233792663 0.7489981055 0.4062953889 -0.0724978372 -0.5142295361 0.8545829654
918.5 127.6 2761.3 -0.7689321041 0.4178154767 0.4839149415 -0.0099480692 0.7489981055 -0.6624974012 -0.6392530799 -0.5142295361 -0.5717722774
466.8 -124.9 2729.0 0.3140297234 0.0413250253 -0.9485133290 -0.2700345814 0.9616780877 -0.0475032963 0.9102014303 0.2710488439 0.3131546974
450.6 -501.6 2622.8 0.3192020655 0.0250359103 -0.9473559260 -0.1547623426 0.9876083136 -0.0260459520 0.9349645376 0.1549289525 0.3191212416
628.9 -116.8 2803.5 0.9200044870 -0.0047474829 -0.3918790519 -0.0783738717 0.9774993062 -0.1958384216 0.3839912415 0.2108853012 0.8989316821
630.7 -493.5 2722.2 0.8889017701 0.2842321396 -0.3592571914 -0.2140304297 0.9510609508 0.2228766680 0.4050242007 -0.1212234870 0.9062340856
546.9 -39.7 2510.4 0 0 0 0 0 0 0 0 0
723.6 125.0 2599.3 0 0 0 0 0 0 0 0 0
442.6 -818.2 2573.1 0 0 0 0 0 0 0 0 0
540.4 -795.5 2760.7 0 0 0 0 0 0 0 0 0
547.8 461.7 2681.4 4 0.9241552949 -0.0107641891 -0.3818652630 0.0623981953 0.9904316664 0.1230916679 0.3768864572 -0.1375835240 0.9159843922
549.9 266.9 2708.5 0.9241552949 -0.0107641891 -0.3818652630 0.0623981953 0.9904316664 0.1230916679 0.3768864572 -0.1375835240 0.9159843922
547.9 73.0 2735.4 0.9241455197 0.0117118824 -0.3818610311 0.0419551283 0.9903732538 0.1319112927 0.3797298670 -0.1379262507 0.9147576690
418.8 261.1 2654.7 0.2959258854 -0.5813625455 -0.7579218149 0.9551400542 0.1897584200 0.2273746580 0.0116349198 -0.7912074924 0.6114370823
347.7 31.6 2651.9 -0.7573614120 -0.5813625455 -0.2973570824 0.2291785479 0.1897584200 -0.9547088146 0.6114580035 -0.7912074924 -0.0104798740
681.1 272.7 2762.2 0.7528127432 0.6389022470 0.1583569348 -0.6325114965 0.6355494857 0.4427257180 0.1822147667 -0.4334521294 0.8825627565
870.8 113.4 2808.1 -0.5457038283 0.6389022470 0.5422280431 -0.0227181185 0.6355494857 -0.7717257738 -0.8376700878 -0.4334521294 -0.3323071599
466.8 -123.3 2726.6 0.3596909046 0.0447350144 -0.9319984913 -0.2790063918 0.9583063126 -0.0616805851 0.8903807402 0.2822194993 0.3571754098
449.3 -498.6 2616.1 0.3664948642 0.0171839222 -0.9302613735 -0.1307963729 0.9908522964 -0.0332266502 0.9211806655 0.1338522136 0.3653898537
628.9 -117.2 2796.4 0.9389464259 0.0105110640 -0.3439027369 -0.0742286071 0.9821832776 -0.1726444513 0.3359608352 0.1876313090 0.9229977131
624.9 -495.7 2724.1 0.9083341360 0.2817098498 -0.3091417551 -0.2095161676 0.9461926818 0.2466218770 0.3619834781 -0.1592448801 0.9184818864
537.3 -25.8 2498.9 0 0 0 0 0 0 0 0 0
737.9 107.8 2604.1 0 0 0 0 0 0 0 0 0
443.8 -818.5 2572.9 0 0 0 0 0 0 0 0 0
535.4 -796.1 2774.7 0 0 0 0 0 0 0 0 0
546.8 459.3 2668.8 5 0.9646379352 0.0037102243 -0.2635525167 0.0295151062 0.9920916557 0.1219957024 0.2619208992 -0.1254604608 0.9568997622
546.1 264.2 2693.5 0.9646379352 0.0037102243 -0.2635525167 0.0295151062 0.9920916557 0.1219957024 0.2619208992 -0.1254604608 0.9568997622
542.8 70.0 2718.6 0.9645161033 0.0167518407 -0.2634920478 0.0177061893 0.9916344285 0.1278581470 0.2634296417 -0.1279866844 0.9561507106
410.0 261.7 2656.5 0.2777575850 -0.5876206160 -0.7599688768 0.9603109956 0.1908928305 0.2033782005 0.0255633835 -0.7862963080 0.6173204780
345.2 37.5 2650.5 -0.7502216101 -0.5876206160 -0.3030999005 0.2354843467 0.1908928305 -0.9529464841 0.6178306341 -0.7862963080 -0.0048364620
682.2 266.7 2730.6 0.5139566660 0.8568985462 -0.0396660529 -0.7615988255 0.4770986140 0.4385706186 0.3947351575 -0.1951966584 0.8978209496
802.0 89.2 2822.6 -0.2150852382 0.8568985462 0.4684689641 -0.0132141626 0.4770986140 -0.8787504435 -0.9765058756 -0.1951966584 -0.0912936702
462.6 -124.6 2728.3 0.4605724812 0.0348122977 -0.8869391680 -0.2913097143 0.9498128295 -0.1139921099 0.8384578824 0.3108756244 0.4475988150
449.0 -496.5 2606.6 0.4727061093 0.0165406615 -0.8810648918 -0.1008328125 0.9942722321 -0.0354325399 0.8754323125 0.1055894271 0.4716663957
625.8 -122.5 2767.2 0.9712067842 0.0563205406 -0.2314851880 -0.0985926539 0.9795620441 -0.1753217578 0.2168798745 0.1930964291 0.9569100738
604.1 -499.8 2692.8 0.9412105680 0.2805692255 -0.1881584525 -0.2327040136 0.9422274232 0.2409487218 0.2448908538 -0.1829982549 0.9521239996
535.1 -22.1 2494.1 0 0 0 0 0 0 0 0 0
751.6 86.1 2593.5 0 0 0 0 0 0 0 0 0
443.6 -818.5 2572.4 0 0 0 0 0 0 0 0 0
515.0 -799.0 2751.0 0 0 0 0 0 0 0 0 0
546.0 464.2 2663.1 6 0.9596865773 0.0030588598 -0.2810558081 0.0277281702 0.9940328002 0.1054984778 0.2797013819 -0.1090386361 0.9538751245
545.4 268.2 2684.6 0.9596865773 0.0030588598 -0.2810558081 0.0277281702 0.9940328002 0.1054984778 0.2797013819 -0.1090386361 0.9538751245
542.5 73.7 2706.9 0.9595951438 0.0150352558 -0.2809823453 0.0176889859 0.9933730364 0.1135654300 0.2808277905 -0.1139471307 0.9529699683
409.3 265.7 2644.8 0.2718112469 -0.6178854108 -0.7377914786 0.9622948766 0.1827564836 0.2014661580 0.0103531741 -0.7647337317 0.6442632675
344.5 36.0 2642.3 -0.7413408756 -0.6178854108 -0.2619758546 0.1886514723 0.1827564836 -0.9648889303 0.6440685987 -0.7647337317 -0.0189198516
681.5 270.7 2724.3 0.3377193511 0.9324383736 -0.1284691840 -0.8138524890 0.3578449488 0.4578111768 0.4728527665 -0.0500567220 0.8797184825
760.4 80.4 2834.9 -0.0353775956 0.9324383736 0.3595929742 -0.0474549942 0.3578449488 -0.9325743914 -0.9982466698 -0.0500567220 0.0315891653
453.2 -125.7 2720.2 0.4471422732 0.0140797291 -0.8943520188 -0.2820754349 0.9510750771 -0.1260543615 0.8488211036 0.3086389601 0.4292374253
447.7 -498.1 2599.4 0.4585410058 0.0088637220 -0.8886290193 -0.0810448155 0.9962003827 -0.0318831913 0.8849700093 0.0866385251 0.4575170875
624.3 -125.2 2752.6 0.9657412171 0.0987724140 -0.2399748564 -0.1224176660 0.9887737036 -0.0856765807 0.2288183421 0.1121185645 0.9669910073
586.1 -507.7 2709.2 0.9808444381 0.0817518830 -0.1768071651 -0.0181235634 0.9420316219 0.3350343108 0.1939476132 -0.3254121840 0.9254681468
533.0 -12.0 2478.5 0 0 0 0 0 0 0 0 0
751.9 68.9 2593.8 0 0 0 0 0 0 0 0 0
444.8 -818.9 2571.5 0 0 0 0 0 0 0 0 0
558.4 -826.5 2819.3 0 0 0 0 0 0 0 0 0
547.1 464.0 2660.7 7 0.9587568045 0.0082353801 -0.2841083109 0.0141487848 0.9969580173 0.0766453147 0.2838752568 -0.0775040090 0.9557237625
545.5 267.3 2676.0 0.9587568045 0.0082353801 -0.2841083109 0.0141487848 0.9969580173 0.0766453147 0.2838752568 -0.0775040090 0.9557237625
541.9 72.3 2692.5 0.9586520195 0.0184985362 -0.2839789987 0.0063363435 0.9962502122 0.0862863734 0.2845103145 -0.0845180005 0.9549400806
409.2 266.4 2635.6 0.2751394808 -0.6534346938 -0.7052101493 0.9613358974 0.1782374233 0.2099160552 -0.0114715965 -0.7357000113 0.6772103906
344.9 41.6 2638.2 -0.7236013412 -0.6534346938 -0.2223155200 0.1383577883 0.1782374233 -0.9742117524 0.6762087345 -0.7357000113 -0.0385650583
681.8 268.2 2716.4 0.2308709919 0.9619535208 -0.1460959017 -0.8252029419 0.2731378376 0.4944044948 0.5154984593 0.0064151054 0.8568664789
734.4 80.1 2833.9 0.0472237691 0.9619535208 0.2691009939 -0.1430970430 0.2731378376 -0.9512723088 -0.9885813594 0.0064151054 0.1505513042
453.2 -122.4 2704.0 0.4438911676 0.0280631855 -0.8956411481 -0.2822733819 0.9530023336 -0.1100377887 0.8504601121 0.3016604483 0.4309507906
442.3 -495.6 2585.9 0.4563305676 -0.0030921698 -0.8898049593 -0.0453366861 0.9986143112 -0.0267209131 0.8886545897 0.0525343753 0.4555580616
623.9 -125.1 2733.8 0.9629574418 0.1267202646 -0.2380228788 -0.1459476799 0.9871610999 -0.0649016723 0.2267425805 0.0972364396 0.9690886736
573.9 -515.3 2695.3 0.9865845442 -0.0063303802 -0.1631284952 0.0645598844 0.9329200983 0.3542486429 0.1499433219 -0.3600277901 0.9208132029
528.3 6.6 2466.9 0 0 0 0 0 0 0 0 0
746.1 44.7 2589.8 0 0 0 0 0 0 0 0 0
443.3 -817.4 2569.0 0 0 0 0 0 0 0 0 0
576.1 -847.5 2823.5 0 0 0 0 0 0 0 0 0
545.4 461.2 2650.0 8 0.9603573680 -0.0029012477 -0.2787567079 0.0235339198 0.9972200394 0.0706988946 0.2777766883 -0.0744564384 0.9577559233
546.0 263.5 2664.7 0.9603573680 -0.0029012477 -0.2787567079 0.0235339198 0.9972200394 0.0706988946 0.2777766883 -0.0744564384 0.9577559233
544.0 68.4 2680.8 0.9603168964 0.0104496563 -0.2787153423 0.0128477728 0.9965798259 0.0816311389 0.2786150873 -0.0819726288 0.9568981528
409.3 261.7 2625.1 0.2612428665 -0.6896123886 -0.6754161119 0.9651573896 0.1757803857 0.1938362867 -0.0149470000 -0.7025212049 0.7115058303
349.9 42.3 2628.5 -0.7047616243 -0.6896123886 -0.1665706336 0.0602323897 0.1757803857 -0.9825850129 0.7068826556 -0.7025212049 -0.0823462754
682.7 265.3 2704.4 0.1635679305 0.9735909104 -0.1592678130 -0.8386876583 0.2222402245 0.4972044528 0.5194694400 0.0522492528 0.8528900743
720.9 69.5 2825.6 0.0889446512 0.9735909104 0.2102606744 -0.1584607363 0.2222402245 -0.9620288610 -0.9833509326 0.0522492528 0.1740430146
451.9 -123.3 2683.4 0.4515599310 0.0339106843 -0.8915961385 -0.2709701955 0.9572926164 -0.1008268520 0.8500992656 0.2871253490 0.4414637387
438.6 -498.2 2571.0 0.4653785229 -0.0099183209 -0.8850561976 -0.0079141064 0.9998506308 -0.0153661370 0.8850763440 0.0141554987 0.4652305245
623.8 -125.1 2724.3 0.9678574800 0.1086788997 -0.2268055677 -0.1180853397 0.9926005602 -0.0282843392 0.2220534086 0.0541576222 0.9735292792
581.1 -515.2 2703.0 0.9839885235 0.0432187803 -0.1729124337 0.0162866302 0.9442924857 0.3287041187 0.1774861068 -0.3262572289 0.9284691215
527.5 27.1 2450.4 0 0 0 0 0 0 0 0 0
743.2 29.7 2578.5 0 0 0 0 0 0 0 0 0
441.7 -817.0 2566.5 0 0 0 0 0 0 0 0 0
565.3 -860.6 2822.4 0 0 0 0 0 0 0 0 0
546.1 466.8 2642.6 9 0.9586646557 0.0010892160 -0.2845362127 0.0168071445 0.9980298877 0.0604474396 0.2840414941 -0.0627310649 0.9567576647
545.8 269.0 2655.1 0.9586646557 0.0010892160 -0.2845362127 0.0168071445 0.9980298877 0.0604474396 0.2840414941 -0.0627310649 0.9567576647
543.5 73.7 2669.2 0.9586119652 0.0122434786 -0.2844525576 0.0089154700 0.9972941875 0.0729711354 0.2845762968 -0.0724870339 0.9559089541
409.3 267.7 2614.5 0.2335054129 -0.6822747588 -0.6928032637 0.9719900489 0.1833160669 0.1470735073 0.0266574342 -0.7077403665 0.7059695125
354.3 38.9 2608.3 -0.7200685143 -0.6822747588 -0.1265009344 -0.0009925971 0.1833160669 -0.9830535054 0.6939022541 -0.7077403665 -0.1326773465
682.4 270.3 2695.6 0.1078305691 0.9817264080 -0.1567987204 -0.8710657954 0.1693152040 0.4610604048 0.4791835845 0.0868655965 0.8734056950
708.0 63.0 2809.6 0.1255519092 0.9817264080 0.1430034488 -0.2332656085 0.1693152040 -0.9575591683 -0.9642737508 0.0868655965 0.2502608597
455.2 -127.9 2671.7 0.4452558458 0.0517709516 -0.8939054608 -0.2963244021 0.9505930543 -0.0925456583 0.8449491262 0.3060925007 0.4385980964
435.0 -500.1 2551.9 0.4672678113 -0.0173075125 -0.8839464188 0.0464690626 0.9989072084 0.0050058444 0.8828937411 -0.0434152298 0.4675614536
628.1 -127.1 2716.8 0.9659677744 0.1157028154 -0.2313420177 -0.1246610805 0.9918984175 -0.0244363304 0.2266404331 0.0524440557 0.9725655317
582.7 -516.3 2696.2 0.9850212932 0.0467457473 -0.1659755409 0.0188851897 0.9275158644 0.3733064234 0.1713954359 -0.3708492517 0.9127400517
534.0 39.2 2435.1 0 0 0 0 0 0 0 0 0
739.8 4.1 2565.8 0 0 0 0 0 0 0 0 0
440.5 -817.6 2565.7 0 0 0 0 0 0 0 0 0
565.4 -860.2 2833.7 0 0 0 0 0 0 0 0 0
548.4 466.5 2639.0 0 0.9480030537 0.0076661385 -0.3181688488 0.0077343900 0.9988596439 0.0471121594 0.3181672096 -0.0471233130 0.9468626976
546.9 269.2 2648.3 0.9480030537 0.0076661385 -0.3181688488 0.0077343900 0.9988596439 0.0471121594 0.3181672096 -0.0471233130 0.9468626976
543.2 73.7 2659.8 0.9479129314 0.0187980253 -0.3179744184 0.0009322965 0.9980890751 0.0617843419 0.3185282350 -0.0588626228 0.9460840225
411.9 269.1 2602.9 0.2431994081 -0.6670808792 -0.7041712403 0.9681659341 0.2112767696 0.1342268437 0.0592348762 -0.7143985033 0.6972273588
354.5 40.5 2588.9 -0.7348349690 -0.6670808792 -0.1225588247 -0.0288481992 0.2112767696 -0.9770004749 0.6776321530 -0.7143985033 -0.1744976491
681.8 269.3 2693.6 0.0653100237 0.9839231372 -0.1662224084 -0.8893738389 0.1329324692 0.4374277890 0.4524916708 0.1192654446 0.8837573528
697.5 55.4 2802.4 0.1548199952 0.9839231372 0.0890284181 -0.3019793332 0.1329324692 -0.9440007806 -0.9406589270 0.1192654446 0.3177050650
454.5 -122.4 2657.7 0.4151313901 0.0451346897 -0.9086411595 -0.2797367275 0.9567143321 -0.0802808553 0.8656865954 0.2875074148 0.4097880125
436.8 -497.0 2545.2 0.4360312819 -0.0146630406 -0.8998120427 0.0626428723 0.9979364872 0.0140934642 0.8977486491 -0.0625120029 0.4360500574
627.4 -121.5 2706.6 0.9597715139 0.0892237648 -0.2662287951 -0.1033272967 0.9938660264 -0.0394176766 0.2610787749 0.0653406605 0.9631035328
592.5 -511.0 2680.9 0.9778295159 0.0786191598 -0.1940837651 0.0122435419 0.9037939310 0.4277926981 0.2090444416 -0.4206845760 0.8827937841
538.7 47.8 2419.1 0 0 0 0 0 0 0 0 0
736.8 -21.2 2563.8 0 0 0 0 0 0 0 0 0
441.5 -819.0 2565.3 0 0 0 0 0 0 0 0 0
563.1 -848.1 2837.9 0 0 0 0 0 0 0 0 0
549.8 461.9 2619.1 1 0.9550567269 0.0198405907 -0.2957583666 0.0021803835 0.9972602725 0.0739408433 0.2964150906 -0.0712625682 0.9523968101
545.8 263.3 2633.3 0.9550567269 0.0198405907 -0.2957583666 0.0021803835 0.9972602725 0.0739408433 0.2964150906 -0.0712625682 0.9523968101
540.5 68.2 2648.6 0.9549280405 0.0275797900 -0.2955534160 -0.0032305561 0.9965809584 0.0825588405 0.2968198359 -0.0778829455 0.9517521858
409.8 263.8 2591.0 0.2472895980 -0.6589072347 -0.7104147673 0.9647792578 0.2353277951 0.1175661087 0.0897151828 -0.7144662738 0.6938941479
353.3 43.5 2570.6 -0.7400894761 -0.6589072347 -0.1345690340 -0.0328937434 0.2353277951 -0.9713592529 0.6717034578 -0.7144662738 -0.1958375573
681.8 262.8 2675.6 0.0389899872 0.9840503335 -0.1735647023 -0.8839499950 0.1149632484 0.4532282650 0.4659529924 0.1357511580 0.8743337393
691.6 39.4 2793.3 0.1649658680 0.9840503335 0.0665671378 -0.3041865826 0.1149632484 -0.9456500411 -0.9382200241 0.1357511580 0.3182999194
454.0 -121.8 2642.5 0.4318980277 0.0357197039 -0.9012148380 -0.2703270614 0.9584044814 -0.0915650725 0.8604576588 0.2831695378 0.4235889912
440.0 -497.1 2531.6 0.4612131119 0.0002287241 -0.8872893453 0.0837801471 0.9955209494 0.0438055545 0.8833251595 -0.0945409238 0.4591281712
625.1 -122.0 2698.7 0.9977428913 0.0671448335 0.0008464935 -0.0668292567 0.9941266179 -0.0851238817 -0.0065571512 0.0848751813 0.9963700175
598.8 -511.4 2665.5 0.9977428913 0.0568904579 0.0356738195 -0.0668292567 0.8931368589 0.4447925687 -0.0065571512 -0.4461726844 0.8949228525
539.6 51.8 2401.5 0 0 0 0 0 0 0 0 0
733.7 -38.1 2554.2 0 0 0 0 0 0 0 0 0
439.9 -821.3 2562.4 0 0 0 0 0 0 0 0 0
577.5 -845.9 2832.6 0 0 0 0 0 0 0 0 0
552.0 459.3 2609.2 2 0.9303135276 0.0178962220 -0.3663284183 0.0109697822 0.9970042706 0.0765650272 0.3666011989 -0.0752480254 0.9273301959
548.5 261.9 2624.1 0.9303135276 0.0178962220 -0.3663284183 0.0109697822 0.9970042706 0.0765650272 0.3666011989 -0.0752480254 0.9273301959
543.3 66.8 2640.1 0.9301890135 0.0265396666 -0.3661202192 0.0053860554 0.9962888360 0.0859040916 0.3670413792 -0.0818789825 0.9265940189
416.3 261.1 2571.9 0.2397166938 -0.6526539922 -0.7187340856 0.9645526409 0.2442440391 0.0999152884 0.1103363931 -0.7172082067 0.6880685091
360.7 37.4 2546.4 -0.7514615655 -0.6526539922 -0.0966862738 -0.0878748745 0.2442440391 -0.9657239914 0.6538986564 -0.7172082067 -0.2408919036
680.6 262.7 2676.2 0.0006145766 0.9794600010 -0.2016376853 -0.9080219865 0.0850170925 0.4102050066 0.4189220667 0.1828393489 0.8894234300
680.8 32.3 2782.5 0.2002819777 0.9794600010 0.0233509578 -0.3051830530 0.0850170925 -0.9484910965 -0.9309943318 0.1828393489 0.3159419894
448.9 -126.6 2637.0 0.3683876097 0.0165338740 -0.9295252562 -0.2698321939 0.9587027431 -0.0898864940 0.8896522522 0.2839289308 0.3576355875
442.4 -502.1 2525.8 0.3976761401 0.0073004258 -0.9174968004 0.0944407359 0.9943314791 0.0488458052 0.9126524925 -0.1060738862 0.3947324455
621.3 -127.5 2690.0 0.9933968782 0.0190192759 -0.1131412834 -0.0305385292 0.9944208264 -0.1009685919 0.1105896980 0.1037570536 0.9884353280
613.9 -516.5 2649.4 0.9933968782 0.0819258094 -0.0803171545 -0.0305385292 0.8636250496 0.5032088161 0.1105896980 -0.4974333048 0.8604243398
549.4 59.5 2382.2 0 0 0 0 0 0 0 0 0
731.9 -45.6 2544.8 0 0 0 0 0 0 0 0 0
440.1 -821.8 2559.9 0 0 0 0 0 0 0 0 0
583.2 -840.2 2835.9 0 0 0 0 0 0 0 0 0
554.3 456.5 2603.7 3 0.8967130184 0.0230048820 -0.4420141280 0.0118562430 0.9970415831 0.0759443417 0.4424535632 -0.0733409077 0.8937874436
549.8 258.9 2618.3 0.8967130184 0.0230048820 -0.4420141280 0.0118562430 0.9970415831 0.0759443417 0.4424535632 -0.0733409077 0.8937874436
544.2 63.8 2634.6 0.8966975808 0.0286965165 -0.4417125881 0.0112593649 0.9960947633 0.0875698254 0.4425005317 -0.0834970549 0.8928726315
422.6 257.3 2555.5 0.2504031956 -0.6224844456 -0.7414926887 0.9592555761 0.2630541921 0.1031076238 0.1308698654 -0.7370994687 0.6629912853
364.6 35.1 2525.2 -0.7792027593 -0.6224844456 -0.0731859133 -0.1202372909 0.2630541921 -0.9572593570 0.6151309013 -0.7370994687 -0.2798183858
676.9 260.5 2681.0 -0.0153447092 0.9734876752 -0.2282240987 -0.9275223613 0.0713924691 0.3668861091 0.3734526038 0.2173127234 0.9018360972
672.9 16.5 2779.3 0.2284746319 0.9734876752 0.0110020433 -0.2577904165 0.0713924691 -0.9635596871 -0.9387989640 0.2173127234 0.2672671676
454.3 -128.8 2623.1 0.2949564755 0.0314740017 -0.9549921751 -0.2632611990 0.9634509087 -0.0495574027 0.9185283184 0.2660296559 0.2924619615
441.9 -506.0 2518.9 0.3211070895 0.0096021472 -0.9469941854 0.1104531735 0.9927447438 0.0475185364 0.9405797720 -0.1198570579 0.3177167773
621.9 -127.9 2688.9 0.9890460968 -0.0103685874 -0.1472424865 -0.0086108446 0.9917780757 -0.1276795864 0.1473557204 0.1275488734 0.9808249474
625.9 -515.9 2639.0 0.9890460968 0.0815355405 -0.1230439469 -0.0086108446 0.8640422821 0.5033456087 0.1473557204 -0.4967724681 0.8552797437
560.1 65.2 2370.9 0 0 0 0 0 0 0 0 0
731.2 -49.3 2539.6 0 0 0 0 0 0 0 0 0
438.9 -821.4 2557.0 0 0 0 0 0 0 0 0 0
595.3 -840.5 2825.7 0 0 0 0 0 0 0 0 0
556.6 457.2 2595.5 4 0.8683690429 0.0359189436 -0.4946160018 0.0069849142 0.9963887334 0.0846206173 0.4958693087 -0.0769367814 0.8649823070
549.5 258.9 2610.8 0.8683690429 0.0359189436 -0.4946160018 0.0069849142 0.9963887334 0.0846206173 0.4958693087 -0.0769367814 0.8649823070
542.2 63.9 2628.2 0.8685518503 0.0370052606 -0.4942148626 0.0119767170 0.9953500032 0.0955770239 0.4954536259 -0.0889326707 0.8640698195
426.3 257.1 2540.5 0.2270286083 -0.6128841639 -0.7568560243 0.9621820450 0.2612881660 0.0770337880 0.1505447179 -0.7457221150 0.6490260363
373.2 32.4 2505.3 -0.7891550660 -0.6128841639 -0.0400908701 -0.1545200497 0.2612881660 -0.9528127313 0.5944390893 -0.7457221150 -0.3008997738
672.7 260.6 2681.2 -0.0347293951 0.9659259319 -0.2564778924 -0.9339154363 0.0599988252 0.3524231315 0.3558030128 0.2517681122 0.9000094533
663.4 10.3 2776.5 0.2587816417 0.9659259319 -0.0043703839 -0.2403131127 0.0599988252 -0.9688394070 -0.9355648756 0.2517681122 0.2476512790
457.9 -132.3 2611.1 0.2385261357 0.0318198875 -0.9706146121 -0.2524557710 0.9671328068 -0.0303346403 0.9377480149 0.2522728741 0.2387195677
445.4 -511.0 2512.4 0.2663578391 0.0236389376 -0.9635843039 0.1243137941 0.9905073047 0.0586627387 0.9558240175 -0.1354120970 0.2608907521
619.2 -130.3 2690.6 0.9968042970 -0.0332980677 -0.0726118237 0.0205002502 0.9851701260 -0.1703514010 0.0772073716 0.1683184355 0.9827044010
632.2 -515.5 2624.8 0.9968042970 0.0225983299 -0.0766195431 0.0205002502 0.8546620607 0.5187798142 0.0772073716 -0.5186926723 0.8514675498
572.8 71.5 2355.0 0 0 0 0 0 0 0 0 0
729.6 -51.1 2537.4 0 0 0 0 0 0 0 0 0
438.0 -820.4 2554.6 0 0 0 0 0 0 0 0 0
623.7 -836.4 2819.5 0 0 0 0 0 0 0 0 0
564.9 460.5 2588.9 5 0.8555992246 0.0492107235 -0.5152943134 -0.0054904707 0.9962775707 0.0860283077 0.5176097155 -0.0707765445 0.8526844978
555.2 262.6 2603.0 0.8555992246 0.0492107235 -0.5152943134 -0.0054904707 0.9962775707 0.0860283077 0.5176097155 -0.0707765445 0.8526844978
545.0 67.7 2618.9 0.8557699323 0.0518758148 -0.5147491693 -0.0021271110 0.9953045845 0.0967693031 0.5173521638 -0.0817173347 0.8518620729
433.5 262.9 2529.4 0.2299986333 -0.5728875995 -0.7867022753 0.9596508741 0.2678857446 0.0854834020 0.1617739350 -0.7746205926 0.6113854647
379.1 35.7 2491.1 -0.8185727000 -0.5728875995 -0.0416955613 -0.1389205754 0.2678857446 -0.9533825517 0.5573506951 -0.7746205926 -0.2988698184
676.8 262.3 2676.5 -0.0530014485 0.9634315968 -0.2626602948 -0.9397147298 0.0408636332 0.3395090997 0.3378270566 0.2648202181 0.9031850100
662.5 8.1 2767.9 0.2671061456 0.9634315968 -0.0213044863 -0.2250381559 0.0408636332 -0.9734926820 -0.9370230436 0.2648202181 0.2277237922
456.8 -132.1 2600.9 0.2123951614 0.0229643509 -0.9769139886 -0.2295923680 0.9729110003 -0.0270464327 0.9498292804 0.2300365269 0.2119140327
447.8 -513.0 2510.9 0.2387176603 0.0318550654 -0.9705663919 0.1255052686 0.9900673628 0.0633640215 0.9629446268 -0.1369373202 0.2323485911
613.1 -129.9 2690.1 0.9982800484 -0.0538171493 0.0232525598 0.0571090505 0.9823260307 -0.1782528460 -0.0132485358 0.1792741865 0.9837099314
634.2 -514.3 2619.9 0.9982800484 -0.0559840649 -0.0173997581 0.0571090505 0.8615666628 0.5044218898 -0.0132485358 -0.5045479536 0.8632820249
584.7 70.6 2351.1 0 0 0 0 0 0 0 0 0
730.8 -49.5 2528.2 0 0 0 0 0 0 0 0 0
438.0 -818.0 2553.0 0 0 0 0 0 0 0 0 0
655.1 -837.2 2809.1 0 0 0 0 0 0 0 0 0
570.6 459.4 2586.1 6 0.8120536804 0.0697584450 -0.5793984532 -0.0218997784 0.9957733154 0.0891956165 0.5831717253 -0.0597429276 0.8101490736
556.9 263.4 2597.8 0.8120536804 0.0697584450 -0.5793984532 -0.0218997784 0.9957733154 0.0891956165 0.5831717253 -0.0597429276 0.8101490736
542.1 68.7 2611.9 0.8122468591 0.0759198591 -0.5783521533 -0.0192603655 0.9944439530 0.1034903675 0.5829957724 -0.0729204491 0.8091962337
441.7 266.1 2515.1 0.2315567434 -0.5782412291 -0.7823161483 0.9615079165 0.2583225369 0.0936589465 0.1479324251 -0.7738905549 0.6157998443
387.2 40.1 2480.3 -0.8126927614 -0.5782412291 -0.0718859807 -0.0987959579 0.2583225369 -0.9609936476 0.5742558837 -0.7738905549 -0.2670647502
672.1 260.7 2680.6 -0.0941149071 0.9423406124 -0.3211488128 -0.9420835376 0.0200039111 0.3347812593 0.3219021857 0.3340569139 0.8858808875
646.5 4.8 2768.0 0.3300036490 0.9423406124 -0.0556037240 -0.2214002609 0.0200039111 -0.9749778509 -0.9176489115 0.3340569139 0.2152358294
457.7 -127.1 2588.2 0.1337033808 0.0301606283 -0.9905623198 -0.2058111131 0.9785896540 0.0020162663 0.9694148898 0.2035991549 0.1370481402
445.9 -510.2 2508.5 0.1528248489 0.0288973432 -0.9878306985 0.1411163807 0.9886911511 0.0507542789 0.9781261086 -0.1471555978 0.1470186859
612.0 -127.4 2681.5 0.9952182770 -0.0679932013 0.0701248422 0.0777265206 0.9860781431 -0.1469984353 -0.0591536760 0.1517460793 0.9866478443
638.6 -513.3 2622.1 0.9952182770 -0.0954660848 0.0206590258 0.0777265206 0.9021288157 0.4244080186 -0.0591536760 -0.4207728803 0.9052353501
592.4 65.0 2335.3 0 0 0 0 0 0 0 0 0
730.8 -51.7 2533.6 0 0 0 0 0 0 0 0 0
436.9 -817.8 2554.3 0 0 0 0 0 0 0 0 0
672.4 -832.9 2771.1 0 0 0 0 0 0 0 0 0
578.3 465.0 2584.2 7 0.7576360106 0.0715064406 -0.6487484574 -0.0114886127 0.9952874184 0.0962858200 0.6525762081 -0.0654963851 0.7548871040
564.2 269.0 2597.1 0.7576360106 0.0715064406 -0.6487484574 -0.0114886127 0.9952874184 0.0962858200 0.6525762081 -0.0654963851 0.7548871040
549.3 74.3 2611.7 0.7578520775 0.0759668499 -0.6479886174 -0.0085736476 0.9942718744 0.1065360457 0.6523700953 -0.0751829371 0.7541623116
456.9 270.2 2504.6 0.2484270334 -0.5604993105 -0.7900155187 0.9551947117 0.2772226632 0.1036854088 0.1608945876 -0.7803769112 0.6042556167
397.9 43.6 2466.5 -0.8193430901 -0.5604993105 -0.1204880551 -0.0485331267 0.2772226632 -0.9595791698 0.5712454915 -0.7803769112 -0.2543432713
671.5 267.9 2689.5 -0.1154957712 0.9104657769 -0.3971306980 -0.9408988357 0.0278728120 0.3375389278 0.3183867931 0.4126441181 0.8534370065
640.1 11.7 2776.2 0.4080134034 0.9104657769 -0.0676544234 -0.2237415463 0.0278728120 -0.9742498994 -0.8851354718 0.4126441181 0.2150814980
454.2 -124.3 2573.5 0.0498092324 0.0315793827 -0.9982593656 -0.1577518582 0.9872024655 0.0233584028 0.9862217903 0.1563138068 0.0541535020
441.9 -510.5 2512.4 0.0590786673 0.0224886220 -0.9979999661 0.1405905038 0.9895941615 0.0306217540 0.9883036017 -0.1421184093 0.0553022176
600.4 -127.8 2678.4 0.9936042428 -0.1117460877 -0.0162306465 0.1084964499 0.9846098423 -0.1370106786 0.0312912613 0.1343734264 0.9904366136
644.1 -512.8 2625.9 0.9859762788 -0.1541585475 -0.0639211610 0.1664752811 0.9353848696 0.3119953275 0.0116941445 -0.3182612658 0.9479309320
605.5 55.9 2321.7 0 0 0 0 0 0 0 0 0
744.0 -45.4 2550.6 0 0 0 0 0 0 0 0 0
434.9 -817.5 2556.4 0 0 0 0 0 0 0 0 0
696.6 -831.6 2734.4 0 0 0 0 0 0 0 0 0
584.0 466.2 2582.7 8 0.7141218781 0.0771027133 -0.6957622766 -0.0092199035 0.9948654771 0.1007854268 0.6999606490 -0.0655582175 0.7111660838
568.8 270.2 2595.6 0.7141218781 0.0771027133 -0.6957622766 -0.0092199035 0.9948654771 0.1007854268 0.6999606490 -0.0655582175 0.7111660838
553.2 75.5 2610.1 0.7144333720 0.0798612460 -0.6951310039 -0.0052725086 0.9940513968 0.1087842807 0.6996836066 -0.0740540400 0.7106046081
467.5 270.9 2496.4 0.2688741386 -0.5431528687 -0.7954191566 0.9503382444 0.2839823365 0.1273235083 0.1567288637 -0.7901512384 0.5925344825
404.4 47.6 2459.6 -0.8253963590 -0.5431528687 -0.1539667100 -0.0080242353 0.2839823365 -0.9587959051 0.5644965768 -0.7901512384 -0.2387563884
670.1 269.5 2694.9 -0.1345174164 0.8828403354 -0.4499977529 -0.9401885271 0.0297195129 0.3393557370 0.3129706681 0.4687319696 0.8260385394
633.4 13.1 2780.2 0.4628123045 0.8828403354 -0.0799854472 -0.2250063866 0.0297195129 -0.9739039540 -0.8574245572 0.4687319696 0.2123992741
466.4 -119.6 2567.7 -0.0123236924 0.0693379939 -0.9975171089 -0.1289989501 0.9891461730 0.0703498274 0.9915681481 0.1295456290 -0.0032454056
439.3 -506.4 2517.0 -0.0082800742 0.0168691147 -0.9998233914 0.1292020977 0.9914946556 0.0156585984 0.9915837049 -0.1290496290 -0.0103891743
602.5 -121.1 2684.9 0.9891850948 -0.1254126728 -0.0760558769 0.1118607819 0.9804534912 -0.1618582606 0.0948683247 0.1516001076 0.9838787317
651.6 -504.8 2625.6 0.9759258032 -0.1847256869 -0.1159538701 0.2051359862 0.9580147266 0.2003172785 0.0740817636 -0.2192811072 0.9728451371
614.4 49.6 2315.9 0 0 0 0 0 0 0 0 0
751.4 -44.3 2561.6 0 0 0 0 0 0 0 0 0
434.0 -816.8 2557.4 0 0 0 0 0 0 0 0 0
713.9 -828.0 2699.6 0 0 0 0 0 0 0 0 0
590.4 470.6 2583.0 9 0.6834603548 0.0733769313 -0.7262904048 -0.0077318237 0.9956070781 0.0933100581 0.7299466729 -0.0581581779 0.6810253263
575.8 272.6 2594.6 0.6834603548 0.0733769313 -0.7262904048 -0.0077318237 0.9956070781 0.0933100581 0.7299466729 -0.0581581779 0.6810253263
561.1 77.8 2608.5 0.6840767860 0.0750390440 -0.7255398631 0.0005341478 0.9946423769 0.1033746228 0.7294098139 -0.0711037219 0.6803716421
478.6 272.5 2490.9 0.2795499861 -0.5698736906 -0.7727197409 0.9475101233 0.2938061357 0.1261052936 0.1551657021 -0.7674124837 0.6220945716
411.9 46.3 2453.9 -0.8016589284 -0.5698736906 -0.1805185825 0.0063807261 0.2938061357 -0.9558437467 0.5977476835 -0.7674124837 -0.2318961024
672.9 272.7 2698.2 -0.1400272697 0.8623092175 -0.4866366386 -0.9412288666 0.0366491377 0.3357753754 0.3073770106 0.5050541759 0.8064984083
634.7 15.8 2782.1 0.4999318719 0.8623092175 -0.0805666819 -0.2202994972 0.0366491377 -0.9747435451 -0.8375776410 0.5050541759 0.2082883567
473.3 -118.7 2561.5 -0.0514709502 0.0882439017 -0.9947682023 -0.1021337658 0.9904006720 0.0931410342 0.9934381843 0.1063934788 -0.0419641808
438.8 -506.2 2519.9 -0.0497030169 0.0135055482 -0.9986727238 0.1261726916 0.9919826388 0.0071355766 0.9907623529 -0.1256505698 -0.0510085598
601.8 -119.6 2687.4 0.9836475253 -0.1407258511 -0.1124001294 0.1176069155 0.9745361805 -0.1909133196 0.1364044249 0.1745723784 0.9751504064
656.9 -501.0 2619.1 0.9647892714 -0.2168585360 -0.1488424391 0.2334063947 0.9667594433 0.1043919846 0.1212565452 -0.1354570389 0.9833352566
615.5 44.7 2302.0 0 0 0 0 0 0 0 0 0
762.3 -40.5 2568.2 0 0 0 0 0 0 0 0 0
434.6 -817.8 2559.4 0 0 0 0 0 0 0 0 0
731.1 -831.9 2665.5 0 0 0 0 0 0 0 0 0
600.0 477.2 2582.1 0 0.6837446094 0.1000137404 -0.7228350639 -0.0331261866 0.9937960505 0.1061700135 0.7289690971 -0.0486484095 0.6828157902
580.1 279.9 2591.8 0.6837446094 0.1000137404 -0.7228350639 -0.0331261866 0.9937960505 0.1061700135 0.7289690971 -0.0486484095 0.6828157902
560.6 85.5 2603.4 0.6845549345 0.0996259898 -0.7221212983 -0.0250608400 0.9932476282 0.1132742614 0.7285303473 -0.0594454929 0.6824293137
482.8 283.5 2488.2 0.2672767341 -0.5667951703 -0.7792986631 0.9540774822 0.2691835761 0.1314396709 0.1352750361 -0.7786420584 0.6127129793
416.7 47.8 2454.7 -0.7896025181 -0.5667951703 -0.2350981086 0.0922087580 0.2691835761 -0.9586645365 0.6066510081 -0.7786420584 -0.1602845639
677.4 276.4 2695.4 -0.1631262600 0.8636959791 -0.4768847823 -0.9409694672 0.0091075236 0.3383688629 0.2965910733 0.5039308667 0.8112258911
632.9 19.5 2776.4 0.4931263626 0.8636959791 -0.1041905284 -0.2219579667 0.0091075236 -0.9750136733 -0.8411664963 0.5039308667 0.1961953640
484.8 -117.1 2556.7 -0.0480152890 0.1206781790 -0.9915297627 -0.0698152930 0.9898414612 0.1238535345 0.9964036942 0.0751708075 -0.0391023383
437.6 -504.2 2527.3 -0.0477392934 0.0058340663 -0.9988427758 0.1089000478 0.9940525293 0.0006012525 0.9929056764 -0.1087453291 -0.0480906963
608.0 -117.0 2688.1 0.9824554324 -0.1476130635 -0.1139814183 0.1205314547 0.9689415693 -0.2159269154 0.1423149556 0.1984002143 0.9697338939
665.8 -496.2 2610.5 0.9666242599 -0.2101852000 -0.1464913487 0.2162335217 0.9759824276 0.0264827851 0.1374066919 -0.0572752394 0.9888573885
617.5 24.4 2300.5 0 0 0 0 0 0 0 0 0
759.0 -37.2 2561.3 0 0 0 0 0 0 0 0 0
435.8 -817.8 2561.6 0 0 0 0 0 0 0 0 0
737.5 -829.1 2630.0 0 0 0 0 0 0 0 0 0
604.1 476.6 2582.7 1 0.7364144921 0.0924345702 -0.6701862216 -0.0493594967 0.9953229427 0.0830414072 0.6747276187 -0.0280728396 0.7375327349
585.8 279.7 2588.3 0.7364144921 0.0924345702 -0.6701862216 -0.0493594967 0.9953229427 0.0830414072 0.6747276187 -0.0280728396 0.7375327349
568.0 84.9 2596.0 0.7372910976 0.0903019011 -0.6695128083 -0.0398113728 0.9951116443 0.0903760269 0.6744011641 -0.0399792120 0.7372819781
481.2 285.3 2492.5 0.2419833243 -0.5413019657 -0.8052554131 0.9586679339 0.2613976598 0.1123700589 0.1496657431 -0.7991642356 0.5821827054
421.8 50.2 2455.8 -0.7843515873 -0.5413019657 -0.3029600978 0.1854801178 0.2613976598 -0.9472424984 0.5919372439 -0.7991642356 -0.1046269163
690.5 274.2 2684.0 -0.1366902441 0.8990501165 -0.4159622788 -0.9497641921 0.0003988456 0.3129660785 0.2815380991 0.4378454983 0.8538311124
653.2 15.0 2760.8 0.4293934703 0.8990501165 -0.0856160000 -0.1963422894 0.0003988456 -0.9805353284 -0.8815162778 0.4378454983 0.1766928285
479.4 -106.7 2549.3 0.0338549316 0.1018398106 -0.9942245483 -0.0360525288 0.9942718148 0.1006170064 0.9987762570 0.0324379280 0.0373325832
439.5 -495.5 2536.7 0.0353274941 0.0105698407 -0.9993199110 0.0806490853 0.9966526031 0.0133926980 0.9961162806 -0.0810673609 0.0343567878
602.8 -111.3 2680.8 0.9845535755 -0.1689319611 -0.0460021459 0.1562271565 0.9662654996 -0.2047537863 0.0790397450 0.1944042891 0.9777318835
669.0 -489.5 2604.7 0.9767323732 -0.2006327212 -0.0757653415 0.1991425753 0.9796036482 -0.0268136412 0.0795996934 0.0111016473 0.9967650771
621.5 3.0 2305.1 0 0 0 0 0 0 0 0 0
762.8 -35.1 2535.9 0 0 0 0 0 0 0 0 0
436.1 -817.3 2562.8 0 0 0 0 0 0 0 0 0
738.7 -830.0 2600.8 0 0 0 0 0 0 0 0 0
605.8 473.3 2565.0 2 0.8083510995 0.0826450363 -0.5828707218 -0.0291580539 0.9945023656 0.1005724594 0.5879781842 -0.0643024817 0.8063168526
589.4 275.6 2577.8 0.8083510995 0.0826450363 -0.5828707218 -0.0291580539 0.9945023656 0.1005724594 0.5879781842 -0.0643024817 0.8063168526
573.0 81.1 2591.6 0.8085206151 0.0849694014 -0.5823011994 -0.0271474291 0.9938528538 0.1073290408 0.5878413916 -0.0709697604 0.8058571815
475.1 279.6 2494.7 0.1984389871 -0.5776204467 -0.7918185592 0.9701213241 0.2308203727 0.0747435391 0.1395944506 -0.7829920650 0.6061656475
427.2 45.2 2461.0 -0.7557685971 -0.5776204467 -0.3084938228 0.2112751454 0.2308203727 -0.9497814178 0.6198198199 -0.7829920650 -0.0524099432
703.7 271.7 2660.8 -0.1017880887 0.9427096248 -0.3177069724 -0.9439716339 0.0092557380 0.3298968673 0.3139375746 0.3334859312 0.8889489770
675.9 14.2 2746.4 0.3274339139 0.9427096248 -0.0639184862 -0.2171900272 0.0092557380 -0.9760854840 -0.9195735455 0.3334859312 0.2077777684
483.8 -106.4 2543.1 0.1466047615 0.1028343812 -0.9838353992 -0.0098422682 0.9946841598 0.1025017053 0.9891461730 -0.0053440658 0.1468375474
443.6 -495.4 2545.2 0.1482098550 0.0206793081 -0.9887397289 0.0534101166 0.9981548786 0.0288822819 0.9875126481 -0.0570893399 0.1468318999
616.6 -113.4 2664.5 0.9883883595 -0.1383313388 0.0628721043 0.1473246813 0.9737275839 -0.1736376733 -0.0372007713 0.1808840781 0.9828006029
670.7 -494.5 2593.7 0.9796257019 -0.1961598992 0.0430672839 0.1977654099 0.9795571566 -0.0368316509 -0.0349619761 0.0445984527 0.9983929992
620.9 -8.9 2302.1 0 0 0 0 0 0 0 0 0
759.1 -41.0 2512.8 0 0 0 0 0 0 0 0 0
436.9 -815.6 2563.5 0 0 0 0 0 0 0 0 0
738.5 -832.8 2578.3 0 0 0 0 0 0 0 0 0
608.4 474.1 2555.1 3 0.8689343929 0.0726548359 -0.4895653725 -0.0157522131 0.9927250743 0.1193683967 0.4946765304 -0.0960115716 0.8637574315
594.0 277.2 2574.2 0.8689343929 0.0726548359 -0.4895653725 -0.0157522131 0.9927250743 0.1193683967 0.4946765304 -0.0960115716 0.8637574315
579.6 83.0 2594.1 0.8689768314 0.0757359862 -0.4890227914 -0.0151845831 0.9918344021 0.1266250014 0.4946196973 -0.1026085839 0.8630312085
471.4 279.5 2504.5 0.1755512953 -0.5847159028 -0.7920158505 0.9741376042 0.2194266319 0.0539242886 0.1422589719 -0.7809988856 0.6081143618
428.2 40.3 2469.6 -0.7363920808 -0.5847159028 -0.3403439820 0.2603337169 0.2194266319 -0.9402543902 0.6244621873 -0.7809988856 -0.0093627721
716.6 274.8 2643.8 -0.0643136352 0.9740578532 -0.2169677466 -0.9367172122 0.0160503872 0.3497187793 0.3441287577 0.2257291079 0.9113845229
699.1 19.5 2737.7 0.2229372412 0.9740578532 -0.0388617255 -0.2393541485 0.0160503872 -0.9707996845 -0.9449912906 0.2257291079 0.2367230356
484.1 -111.0 2552.7 0.2505982220 0.0992665812 -0.9629884362 -0.0398798846 0.9949432015 0.0921826065 0.9672694206 0.0153030679 0.2532897294
445.3 -500.3 2546.7 0.2540435195 0.0275612585 -0.9668000340 0.0488165207 0.9979544878 0.0412767939 0.9659600854 -0.0576819181 0.2521784306
629.1 -116.0 2658.0 0.9796108007 -0.0980711207 0.1753418744 0.1299816817 0.9748682976 -0.1809324473 -0.1531909853 0.2000346035 0.9677389264
667.5 -497.3 2579.8 0.9661011100 -0.2060156763 0.1555832773 0.2098406404 0.9776995778 -0.0083932010 -0.1503845751 0.0407563746 0.9877871275
618.5 -27.0 2308.2 0 0 0 0 0 0 0 0 0
755.6 -41.2 2498.0 0 0 0 0 0 0 0 0 0
436.6 -814.1 2564.8 0 0 0 0 0 0 0 0 0
739.2 -837.4 2565.6 0 0 0 0 0 0 0 0 0
613.5 480.5 2551.2 4 0.8886491656 0.0476601534 -0.4561043680 0.0095595876 0.9924435019 0.1223297417 0.4584880769 -0.1130683869 0.8814784288
604.0 281.5 2573.9 0.8886491656 0.0476601534 -0.4561043680 0.0095595876 0.9924435019 0.1223297417 0.4584880769 -0.1130683869 0.8814784288
593.9 87.4 2596.5 0.8885036707 0.0527964868 -0.4558220208 0.0066866125 0.9917636514 0.1279067546 0.4588207304 -0.1166935340 0.8808326721
478.1 280.7 2509.0 0.1801378131 -0.6138809323 -0.7685704827 0.9761828184 0.2076086253 0.0629746690 0.1209029108 -0.7616094351 0.6366581321
432.9 35.9 2478.7 -0.7008882165 -0.6138809323 -0.3631885648 0.3005402982 0.2076086253 -0.9308996797 0.6468626261 -0.7616094351 0.0389855057
729.9 282.4 2638.8 -0.0334015936 0.9819634557 -0.1860970408 -0.9331368804 0.0360505953 0.3577091992 0.3579662740 0.1856020689 0.9151021838
720.8 27.9 2736.4 0.1887316704 0.9819634557 -0.0113196084 -0.2456687838 0.0360505953 -0.9686832428 -0.9508034587 0.1856020689 0.2480416596
487.5 -109.6 2569.8 0.2861770391 0.0887296647 -0.9540596008 -0.0736428127 0.9947947264 0.0704284310 0.9553425908 0.0501046367 0.2912217379
452.8 -498.8 2550.2 0.2927699089 0.0474366695 -0.9550055265 0.0312136449 0.9977622032 0.0591294281 0.9556733370 -0.0471205190 0.2906340957
