537.8 307.5 2646.0 03 0.9788362980 0.0984206349 -0.1794235855 -0.1102361158 0.9922642708 -0.0570930019 0.1724164933 0.0756636634 0.9821138382
518.4 111.9 2631.0 0.9788362980 0.0984206349 -0.1794235855 -0.1102361158 0.9922642708 -0.0570930019 0.1724164933 0.0756636634 0.9821138382
499.0 -80.7 2616.7 0.9786877036 0.1002580374 -0.1792169064 -0.1117205769 0.9922148585 -0.0550285019 0.1723046303 0.0738779306 0.9822694063
384.7 127.2 2607.5 0.3423957229 -0.6403326988 -0.6875603199 0.9297879338 0.3361732364 0.1499398351 0.1351279914 -0.6906240582 0.7104778886
284.4 -145.4 2567.9 0.1001985818 -0.6358834505 -0.7652532458 0.9006037712 0.3848974705 -0.2019079477 0.4229339659 -0.6689590216 0.6112452149
652.1 96.6 2654.6 0.1148262098 0.4102404416 0.9047197104 -0.9933808446 0.0446057133 0.1058527753 0.0030694194 -0.9108858705 0.4126468897
683.1 -171.2 2655.4 -0.1129404381 0.4554553032 0.8830656409 -0.9171994925 0.2939765155 -0.2689291239 -0.3820857704 -0.8403203487 0.3845415413
394.9 -260.2 2587.0 0.9568806887 -0.0850842223 -0.2777408659 -0.0712884143 0.8581157327 -0.5084834099 0.2815977335 0.5063576698 0.8150488734
427.9 -593.3 2390.4 0.9568806887 0.0669568628 -0.2826589644 -0.0712884143 0.9974429607 -0.0050550578 0.2815977335 0.0249873977 0.9592071176
567.2 -283.3 2617.8 0.8250685930 0.3331118226 0.4563971460 -0.0675367042 0.8600849509 -0.5056605935 -0.5609818697 0.3863811195 0.7321263552
438.8 -614.8 2468.9 0.8250685930 -0.0535753481 0.5624868870 -0.0675367042 0.9790070653 0.1923121363 -0.5609818697 -0.1966592222 0.8041296601
257.5 -387.2 2454.4 0 0 0 0 0 0 0 0 0
654.0 -407.1 2557.1 0 0 0 0 0 0 0 0 0
402.9 -965.1 2381.1 0 0 0 0 0 0 0 0 0
458.8 -980.2 2542.3 0 0 0 0 0 0 0 0 0
534.4 310.0 2642.0 04 0.9773583412 0.1061055586 -0.1830636263 -0.1187554970 0.9911361337 -0.0595509894 0.1751222908 0.0799424723 0.9812957644
513.5 115.0 2626.2 0.9773583412 0.1061055586 -0.1830636263 -0.1187554970 0.9911361337 -0.0595509894 0.1751222908 0.0799424723 0.9812957644
492.8 -77.4 2611.3 0.9773429036 0.1068393961 -0.1827189624 -0.1188992932 0.9913064837 -0.0563422181 0.1751109213 0.0767908171 0.9815494418
380.0 131.3 2602.3 0.3261814415 -0.6441297531 -0.6918833256 0.9365935326 0.3193586469 0.1442310065 0.1280554384 -0.6950589418 0.7074566483
284.6 -142.6 2564.9 0.1006986052 -0.6403585672 -0.7614464760 0.9153799415 0.3594791293 -0.1812577248 0.3897940516 -0.6787604094 0.6223704219
647.1 98.8 2650.2 0.1252922565 0.4119814038 0.9025370479 -0.9921076894 0.0565372147 0.1119190976 -0.0049183462 -0.9094365835 0.4158135951
681.0 -170.2 2648.8 -0.1119395047 0.4550843835 0.8833842278 -0.9157977104 0.2978231311 -0.2694734335 -0.3857254088 -0.8391659856 0.3834270835
391.9 -263.3 2586.9 0.9550392628 -0.0848483965 -0.2840787768 -0.0741765648 0.8593184352 -0.5060333014 0.2870502174 0.5043536425 0.8143890500
424.8 -596.9 2391.1 0.9516611695 0.1022131220 -0.2896438241 -0.1147915870 0.9930299520 -0.0267293956 0.2848928869 0.0586859994 0.9567611814
559.6 -280.5 2612.1 0.8263803720 0.3378095925 0.4505332112 -0.0716970637 0.8566848636 -0.5108332038 -0.5585293174 0.3898406029 0.7321675420
429.4 -610.7 2461.8 0.8263803720 -0.0463215299 0.5612038970 -0.0716970637 0.9798446894 0.1864508688 -0.5585293174 -0.1943160146 0.8064032793
257.5 -389.4 2459.8 0 0 0 0 0 0 0 0 0
652.2 -405.9 2549.6 0 0 0 0 0 0 0 0 0
386.7 -966.9 2369.3 0 0 0 0 0 0 0 0 0
446.7 -976.4 2534.4 0 0 0 0 0 0 0 0 0
531.2 308.8 2641.0 05 0.9763840437 0.1062271819 -0.1881222278 -0.1217472181 0.9898780584 -0.0729317814 0.1784707308 0.0941127837 0.9794340134
510.4 114.5 2622.5 0.9763840437 0.1062271819 -0.1881222278 -0.1217472181 0.9898780584 -0.0729317814 0.1784707308 0.0941127837 0.9794340134
489.8 -77.8 2605.5 0.9765162468 0.1061794087 -0.1874619722 -0.1205148920 0.9904630780 -0.0667760074 0.1785839349 0.0877998173 0.9799994826
377.0 131.0 2598.1 0.3366057575 -0.6418374181 -0.6890147328 0.9334549308 0.3237393200 0.1544499397 0.1239294112 -0.6951529384 0.7080988288
283.8 -127.5 2563.8 0.1000047103 -0.6395829320 -0.7621893883 0.9226202965 0.3464068770 -0.1696291715 0.3725195825 -0.6862477064 0.6247345209
643.8 98.0 2646.9 0.1339785010 0.4163937867 0.8992585540 -0.9909264445 0.0660941675 0.1170315593 -0.0107045323 -0.9067788124 0.4214707911
679.7 -167.3 2644.0 -0.1132264063 0.4577879012 0.8818219900 -0.9149199128 0.2980407774 -0.2722007036 -0.3874290884 -0.8376168013 0.3850931823
384.5 -259.1 2580.7 0.9529665709 -0.0911271200 -0.2890512049 -0.0703581721 0.8611537218 -0.5034521222 0.2947956622 0.5001101494 0.8142391443
419.9 -593.5 2386.6 0.9499407411 0.0987470448 -0.2964146137 -0.1075699925 0.9941049814 -0.0135627193 0.2933279574 0.0447690971 0.9549630284
556.7 -280.8 2604.4 0.8290844560 0.3356871903 0.4471387267 -0.0655416697 0.8525497913 -0.5185201764 -0.5552685857 0.4005908370 0.7288372517
427.3 -609.4 2450.0 0.8290844560 -0.0457380638 0.5572494864 -0.0655416697 0.9818270802 0.1781005859 -0.5552685857 -0.1841834933 0.8110198379
256.7 -376.9 2463.1 0 0 0 0 0 0 0 0 0
650.5 -402.7 2544.3 0 0 0 0 0 0 0 0 0
383.1 -964.2 2369.9 0 0 0 0 0 0 0 0 0
444.4 -975.9 2518.8 0 0 0 0 0 0 0 0 0
528.3 309.1 2630.0 06 0.9805318117 0.0966879204 -0.1709057540 -0.1092152372 0.9918601513 -0.0654636770 0.1631850600 0.0828547329 0.9831102490
509.4 114.7 2613.7 0.9805318117 0.0966879204 -0.1709057540 -0.1092152372 0.9918601513 -0.0654636770 0.1631850600 0.0828547329 0.9831102490
490.2 -77.9 2599.1 0.9804422855 0.0988893658 -0.1701581031 -0.1101234481 0.9922312498 -0.0578789264 0.1631125808 0.0754853487 0.9837155342
375.4 129.7 2591.5 0.3370965421 -0.6532135606 -0.6779955626 0.9344927073 0.3196650445 0.1566451341 0.1144087389 -0.6863864064 0.7181812525
284.4 -122.7 2560.6 0.1101622209 -0.6505333185 -0.7514457703 0.9247506857 0.3441857100 -0.1623958498 0.3642807901 -0.6770100594 0.6394973397
643.3 99.6 2636.0 0.1288808733 0.4009943604 0.9069692492 -0.9916554689 0.0548977591 0.1166431308 -0.0030173413 -0.9144341350 0.4047235250
677.7 -165.2 2635.2 -0.1155604646 0.4446529448 0.8882170320 -0.9168333411 0.2963059247 -0.2676181197 -0.3821811676 -0.8452730775 0.3734313846
381.7 -259.2 2572.4 0.9580068588 -0.0926917568 -0.2713505328 -0.0549058765 0.8695045710 -0.4908636510 0.2814395428 0.4851494730 0.8279020190
417.7 -596.7 2384.1 0.9525558949 0.1149507686 -0.2818218172 -0.1195702031 0.9928253889 0.0008116448 0.2798931599 0.0329243578 0.9594663978
558.9 -280.4 2599.0 0.8200775385 0.3348003328 0.4640921652 -0.0641866475 0.8596902490 -0.5067669153 -0.5686412454 0.3857996464 0.7265024185
429.8 -611.7 2450.3 0.8200775385 -0.0576411933 0.5693419576 -0.0641866475 0.9793705344 0.1916073710 -0.5686412454 -0.1936770529 0.7994600534
254.6 -373.0 2461.9 0 0 0 0 0 0 0 0 0
648.0 -401.1 2536.8 0 0 0 0 0 0 0 0 0
374.8 -967.1 2371.8 0 0 0 0 0 0 0 0 0
451.3 -977.3 2522.6 0 0 0 0 0 0 0 0 0
523.9 306.2 2623.5 07 0.9826887250 0.0921134129 -0.1607419550 -0.1051933393 0.9916317463 -0.0748387128 0.1525031775 0.0904521421 0.9841550589
505.9 112.0 2605.8 0.9826887250 0.0921134129 -0.1607419550 -0.1051933393 0.9916317463 -0.0748387128 0.1525031775 0.0904521421 0.9841550589
487.8 -80.6 2590.1 0.9827363491 0.0932311267 -0.1598036140 -0.1046834588 0.9923925996 -0.0647942722 0.1525470912 0.0804044828 0.9850200415
371.6 126.3 2584.9 0.3249824047 -0.6657556295 -0.6716813445 0.9393933415 0.3092619479 0.1479770392 0.1092089415 -0.6790629029 0.7259111404
285.4 -122.9 2555.9 0.1191403270 -0.6618726850 -0.7400879264 0.9259816408 0.3430459797 -0.1577258706 0.3582786322 -0.6665163040 0.6537525654
640.1 97.7 2626.6 0.1371702701 0.3932075799 0.9091601372 -0.9905322790 0.0493608639 0.1280990094 0.0054925736 -0.9181237817 0.3962556422
676.2 -162.9 2628.0 -0.1131832376 0.4365007579 0.8925562501 -0.9198155999 0.2936260104 -0.2602364719 -0.3756711483 -0.8504415751 0.3682666421
383.2 -260.6 2569.8 0.8886650205 -0.0891513005 -0.4498072565 -0.1485807449 0.8720181584 -0.4663776755 0.4338182509 0.4812861979 0.7616858482
417.8 -599.2 2383.0 0.8886650205 0.1502270252 -0.4332509339 -0.1485807449 0.9881744981 0.0378810763 0.4338182509 0.0307091568 0.9004769325
557.7 -282.6 2588.2 0.8146671653 0.3331995606 0.4746529460 -0.0555362888 0.8595302105 -0.5080585480 -0.5772634149 0.3875381649 0.7187357545
429.3 -613.9 2438.8 0.8146671653 -0.0658742636 0.5761752725 -0.0555362888 0.9800996780 0.1905790418 -0.5772634149 -0.1872571409 0.7947966456
253.1 -373.8 2458.9 0 0 0 0 0 0 0 0 0
647.1 -399.7 2531.3 0 0 0 0 0 0 0 0 0
361.8 -967.7 2371.5 0 0 0 0 0 0 0 0 0
453.9 -979.8 2508.7 0 0 0 0 0 0 0 0 0
521.2 306.6 2611.7 08 0.9786380529 0.0940643325 -0.1828097701 -0.1069937572 0.9923135638 -0.0621785820 0.1755558252 0.0804098323 0.9811801314
502.8 111.6 2595.9 0.9786380529 0.0940643325 -0.1828097701 -0.1069937572 0.9923135638 -0.0621785820 0.1755558252 0.0804098323 0.9811801314
484.9 -81.1 2581.6 0.9789445400 0.0919510052 -0.1822431087 -0.1037226319 0.9930211306 -0.0561306067 0.1758099943 0.0738514885 0.9816500545
369.0 125.8 2571.9 0.3071201146 -0.6563391089 -0.6891270876 0.9467326403 0.2843843997 0.1510723233 0.0968223214 -0.6988164783 0.7087178230
286.8 -127.8 2546.0 0.1306533664 -0.6495822072 -0.7489810586 0.9301804304 0.3417275846 -0.1341141313 0.3430656195 -0.6791650653 0.6488765478
636.5 97.5 2619.9 0.1412254274 0.4105809033 0.9008211493 -0.9899448156 0.0659599230 0.1251341552 -0.0080404021 -0.9094353318 0.4157676399
673.6 -162.9 2617.8 -0.1057960987 0.4435464740 0.8899852037 -0.9304444194 0.2716104388 -0.2459695190 -0.3508282006 -0.8541043997 0.3839600086
381.6 -263.9 2560.8 0.8799219728 -0.0755614936 -0.4690712392 -0.1597733796 0.8827160597 -0.4419103861 0.4474481344 0.4637917578 0.7646485567
411.0 -606.5 2380.8 0.8825748563 0.1481760442 -0.4462123513 -0.1429478973 0.9886803031 0.0455758683 0.4479146004 0.0235610008 0.8937658668
554.7 -283.2 2583.0 0.8275666237 0.3248233199 0.4578463435 -0.0609789453 0.8627808690 -0.5018871427 -0.5580456853 0.3874260783 0.7338160872
429.5 -615.7 2433.7 0.8275666237 -0.0609070957 0.5580535531 -0.0609789453 0.9784609675 0.1972200572 -0.5580456853 -0.1972422600 0.8060275912
251.4 -379.8 2453.0 0 0 0 0 0 0 0 0 0
646.4 -402.3 2527.5 0 0 0 0 0 0 0 0 0
355.7 -975.3 2372.1 0 0 0 0 0 0 0 0 0
452.2 -980.9 2507.3 0 0 0 0 0 0 0 0 0
517.5 306.1 2596.8 09 0.9742009640 0.0938949957 -0.2052222937 -0.1055929959 0.9933080673 -0.0467890017 0.1994557083 0.0672519282 0.9775963426
499.0 110.4 2583.6 0.9742009640 0.0938949957 -0.2052222937 -0.1055929959 0.9933080673 -0.0467890017 0.1994557083 0.0672519282 0.9775963426
481.3 -82.5 2571.3 0.9745240211 0.0911105573 -0.2049433887 -0.1021231636 0.9938073158 -0.0437932462 0.1996842176 0.0636070371 0.9777936339
365.9 124.4 2556.3 0.2933914959 -0.6448016167 -0.7057990432 0.9525201917 0.2600359917 0.1583874375 0.0814046711 -0.7187573910 0.6904789209
287.2 -131.0 2534.5 0.1339157373 -0.6358537078 -0.7601030469 0.9332162142 0.3389827013 -0.1191563085 0.3334277868 -0.6933835745 0.6387841105
632.1 96.5 2610.9 0.1482762545 0.4283360243 0.8913710713 -0.9888545871 0.0764692351 0.1277460307 -0.0134442383 -0.9003781080 0.4349006116
670.9 -162.3 2607.3 -0.0947722569 0.4535493851 0.8861778378 -0.9394137859 0.2538281083 -0.2303758264 -0.3294236660 -0.8543209434 0.4020147026
379.4 -264.6 2551.5 0.8699232936 -0.0613970309 -0.4893504679 -0.1635778844 0.9001353979 -0.4037307799 0.4652695656 0.4312617481 0.7730055451
403.2 -613.7 2384.2 0.8754418492 0.1223828197 -0.4675724804 -0.1244886816 0.9918662906 0.0265301932 0.4670162201 0.0349818394 0.8835565448
550.8 -284.5 2576.8 0.8401790857 0.3166135550 0.4402895868 -0.0685103387 0.8673423529 -0.4929741621 -0.5379641056 0.3840222061 0.7504142523
428.8 -618.8 2428.8 0.8401790857 -0.0553533174 0.5394766927 -0.0685103387 0.9759735465 0.2068381011 -0.5379641056 -0.2107407749 0.8162003160
251.0 -383.9 2444.1 0 0 0 0 0 0 0 0 0
646.5 -404.0 2522.6 0 0 0 0 0 0 0 0 0
357.5 -983.8 2371.2 0 0 0 0 0 0 0 0 0
449.5 -983.1 2507.4 0 0 0 0 0 0 0 0 0
511.8 304.9 2588.9 10 0.9759261608 0.0781588852 -0.2036155462 -0.0918171257 0.9940557480 -0.0585046187 0.1978325546 0.0757915825 0.9773013592
496.4 109.6 2574.0 0.9759261608 0.0781588852 -0.2036155462 -0.0918171257 0.9940557480 -0.0585046187 0.1978325546 0.0757915825 0.9773013592
481.5 -83.5 2560.6 0.9761149883 0.0770334974 -0.2031386793 -0.0893973187 0.9946169853 -0.0523939505 0.1980091035 0.0693025738 0.9777472019
363.1 121.8 2547.0 0.2973742187 -0.6416528821 -0.7070007920 0.9489504695 0.2802074850 0.1448335946 0.1051740199 -0.7139785290 0.6922233105
282.6 -135.1 2518.5 0.1064506099 -0.6392907500 -0.7615612745 0.9451658130 0.3028895855 -0.1221451610 0.3087552488 -0.7067992687 0.6364785433
629.8 97.4 2601.1 0.1481894702 0.4286909699 0.8912148476 -0.9889265299 0.0715376511 0.1300258189 -0.0080145216 -0.9006145000 0.4345449805
668.8 -163.2 2599.0 -0.0950431600 0.4539823234 0.8859271407 -0.9410580397 0.2492341697 -0.2286746055 -0.3246175349 -0.8554428220 0.4035357237
376.3 -266.2 2541.0 0.8733440638 -0.0451075770 -0.4850107133 -0.1634543538 0.9108310342 -0.3790375590 0.4588603079 0.4103073180 0.7880958915
393.8 -619.5 2381.9 0.8864931464 0.0641830713 -0.4582689703 -0.0497117341 0.9978121519 0.0435847491 0.4600637555 -0.0158562362 0.8877443075
548.9 -285.1 2573.7 0.8822656870 0.2638480067 0.3898608983 -0.1115405709 0.9217497110 -0.3713975847 -0.4573467076 0.2841860354 0.8426578641
447.6 -638.9 2464.6 0.8822656870 0.0159914996 0.4704801440 -0.1115405709 0.9780645370 0.1759217530 -0.4573467076 -0.2076873481 0.8646964431
253.8 -391.1 2434.9 0 0 0 0 0 0 0 0 0
644.4 -405.4 2515.4 0 0 0 0 0 0 0 0 0
369.9 -990.8 2387.8 0 0 0 0 0 0 0 0 0
441.7 -1003.1 2541.9 0 0 0 0 0 0 0 0 0
510.3 310.1 2576.9 11 0.9731088281 0.0703449100 -0.2193418443 -0.0841049179 0.9949911237 -0.0540283471 0.2144425511 0.0710231885 0.9741509557
496.5 114.5 2563.0 0.9731088281 0.0703449100 -0.2193418443 -0.0841049179 0.9949911237 -0.0540283471 0.2144425511 0.0710231885 0.9741509557
482.8 -78.7 2550.5 0.9732022285 0.0704782978 -0.2188840657 -0.0827844962 0.9954320192 -0.0475580394 0.2145324051 0.0644037947 0.9745911956
363.5 125.8 2533.7 0.2975741923 -0.6332235932 -0.7144770622 0.9505457878 0.2662414908 0.1599316895 0.0889509097 -0.7267346978 0.6811346412
281.5 -136.2 2509.2 0.0765241310 -0.6308133006 -0.7721519470 0.9411197901 0.3014640510 -0.1530128121 0.3292985559 -0.7149783373 0.6167401671
629.4 103.2 2592.3 0.1384216696 0.4428934455 0.8858243823 -0.9903389812 0.0693551451 0.1200773343 -0.0082550179 -0.8938876987 0.4482148886
666.5 -162.1 2590.1 -0.0919442251 0.4681528211 0.8788510561 -0.9406971931 0.2485993356 -0.2308401912 -0.3265502751 -0.8479571342 0.4175327718
379.1 -268.5 2529.4 0.8664799929 -0.0375338495 -0.4977988005 -0.1541703641 0.9283066392 -0.3383464813 0.4748093486 0.3699162602 0.7985724807
393.6 -628.4 2386.0 0.8782058954 0.0714031234 -0.4729228318 -0.0535768121 0.9972565174 0.0510775819 0.4752724767 -0.0195189361 0.8796221018
553.7 -279.6 2561.6 0.8834708929 0.2484863102 0.3971570432 -0.1346916258 0.9466764927 -0.2926802337 -0.4487062693 0.2050807476 0.8698301911
458.1 -644.1 2482.7 0.8827392459 0.0569416247 0.4664001465 -0.1488244832 0.9754054546 0.1625900716 -0.4456710815 -0.2129363865 0.8695029616
260.8 -391.1 2420.0 0 0 0 0 0 0 0 0 0
642.8 -404.2 2506.0 0 0 0 0 0 0 0 0 0
367.0 -1000.1 2393.2 0 0 0 0 0 0 0 0 0
436.9 -1007.5 2562.0 0 0 0 0 0 0 0 0 0
504.5 310.0 2561.5 12 0.9735034704 0.0570626296 -0.2214381397 -0.0683759227 0.9966995120 -0.0437589623 0.2182102799 0.0577405393 0.9741921425
493.3 114.1 2550.1 0.9735034704 0.0570626296 -0.2214381397 -0.0683759227 0.9966995120 -0.0437589623 0.2182102799 0.0577405393 0.9741921425
482.2 -79.4 2539.9 0.9735615849 0.0571576953 -0.2211579382 -0.0673614666 0.9969712496 -0.0388679616 0.2182665020 0.0527378768 0.9744631648
360.3 123.3 2520.3 0.2960326672 -0.6316269636 -0.7165277600 0.9517416954 0.2586242259 0.1652310044 0.0809470788 -0.7308630943 0.6777069569
280.8 -132.2 2498.6 0.0416182578 -0.6311863661 -0.7745138407 0.9480479360 0.2696478665 -0.1688051969 0.3153935373 -0.7272508144 0.6096171737
626.3 104.9 2579.9 0.1434904784 0.4453945458 0.8837614059 -0.9896348715 0.0593709797 0.1307588965 0.0057695252 -0.8933637142 0.4492971599
664.2 -156.8 2581.4 -0.0855805129 0.4688297510 0.8791328669 -0.9470340014 0.2358389199 -0.2179601789 -0.3095199764 -0.8512218595 0.4238144755
381.9 -264.5 2518.8 0.8672364950 -0.0197950713 -0.4975027442 -0.1430772692 0.9471562505 -0.2870956063 0.4768959284 0.3201611340 0.8185762763
389.6 -631.4 2394.8 0.8739438057 0.0609156862 -0.4821944833 -0.0710189342 0.9974712729 -0.0027061903 0.4808102846 0.0366099961 0.8760600090
556.1 -276.9 2555.6 0.8818364143 0.2514713109 0.3989069164 -0.1465882510 0.9502142072 -0.2749632895 -0.4481924176 0.1839975715 0.8747962117
458.9 -644.2 2484.5 0.8813022375 0.0717732459 0.4670705795 -0.1542381048 0.9779573679 0.1407479197 -0.4466731846 -0.1960815340 0.8729462028
269.5 -388.9 2413.2 0 0 0 0 0 0 0 0 0
642.2 -400.5 2501.8 0 0 0 0 0 0 0 0 0
366.9 -1002.8 2381.1 0 0 0 0 0 0 0 0 0
432.2 -1008.8 2557.6 0 0 0 0 0 0 0 0 0
497.8 309.2 2546.2 13 0.9792615175 0.0491699204 -0.1965430081 -0.0580272004 0.9975308776 -0.0395602472 0.1941125393 0.0501446687 0.9796968102
488.1 112.8 2536.3 0.9792615175 0.0491699204 -0.1965430081 -0.0580272004 0.9975308776 -0.0395602472 0.1941125393 0.0501446687 0.9796968102
478.7 -80.8 2527.5 0.9793254137 0.0487585627 -0.1963271052 -0.0567257442 0.9977704287 -0.0351612717 0.1941749752 0.0455711298 0.9799078107
354.4 120.6 2509.8 0.2808801234 -0.6506561041 -0.7055160999 0.9561388493 0.2533538938 0.1470046192 0.0830958039 -0.7158620358 0.6932796240
279.3 -135.2 2487.6 0.0119671868 -0.6506105661 -0.7593172789 0.9441514611 0.2574268878 -0.2056924254 0.3292943239 -0.7144489288 0.6173555851
621.9 105.1 2562.8 0.1533343792 0.4265001118 0.8913956881 -0.9874376655 0.0313044414 0.1548771262 0.0381504633 -0.9039456248 0.4259423018
662.3 -155.2 2572.9 -0.0812551603 0.4553304017 0.8866069317 -0.9461818933 0.2443529218 -0.2122061998 -0.3132689297 -0.8561342359 0.4109704494
383.9 -266.8 2510.1 0.8802742958 -0.0095738675 -0.4743685424 -0.1338008344 0.9542089701 -0.2675491571 0.4552082121 0.2989875376 0.8386846781
387.6 -636.8 2394.2 0.8842144608 0.0965981707 -0.4569831192 -0.0989034176 0.9949167967 0.0189400949 0.4564897418 0.0284500849 0.8892737031
558.2 -277.7 2548.4 0.8749027252 0.2439050525 0.4183964133 -0.1285173446 0.9498754740 -0.2849910855 -0.4669352472 0.1955682933 0.8623946309
463.7 -645.6 2472.6 0.8706387281 0.0909421071 0.4834435582 -0.1976493895 0.9646177292 0.1744916290 -0.4504696131 -0.2474715114 0.8578082323
276.0 -390.8 2398.4 0 0 0 0 0 0 0 0 0
641.4 -398.7 2492.3 0 0 0 0 0 0 0 0 0
351.6 -1007.5 2383.6 0 0 0 0 0 0 0 0 0
429.9 -1004.9 2564.8 0 0 0 0 0 0 0 0 0
492.4 309.8 2538.6 14 0.9835245013 0.0513352975 -0.1733326018 -0.0607998557 0.9969099164 -0.0497395322 0.1702435911 0.0594586469 0.9836065173
482.3 114.0 2526.9 0.9835245013 0.0513352975 -0.1733326018 -0.0607998557 0.9969099164 -0.0497395322 0.1702435911 0.0594586469 0.9836065173
472.6 -79.7 2517.0 0.9836643338 0.0499822684 -0.1729342043 -0.0580477789 0.9974342585 -0.0418974534 0.1703963578 0.0512514785 0.9840418696
348.0 121.9 2503.6 0.2607217431 -0.6667310596 -0.6982076168 0.9591853619 0.2609178722 0.1090197638 0.1094879806 -0.6981343627 0.7075456381
277.1 -138.8 2473.9 -0.0376595333 -0.6659376621 -0.7450562119 0.9374043345 0.2347627878 -0.2572149336 0.3462005854 -0.7081055045 0.6154118180
616.6 106.0 2550.2 0.2332983911 0.6960550547 0.6790281534 -0.9700513482 0.1180351153 0.2122923583 0.0676180050 -0.7082196474 0.7027465701
679.6 -155.6 2568.4 -0.1667079777 0.6960550547 0.6983665228 -0.9328680634 0.1180351153 -0.3403305709 -0.3193205893 -0.7082196474 0.6296501160
381.5 -269.4 2501.2 0.8905362487 -0.0178535916 -0.4545617998 -0.1073281765 0.9627751112 -0.2480820417 0.4420699775 0.2697133422 0.8554699421
388.4 -642.8 2396.6 0.8884405494 0.1266646236 -0.4411682785 -0.1248357818 0.9916182160 0.0333064906 0.4416892529 0.0254827477 0.8968061209
556.9 -279.0 2535.6 0.8682056069 0.2208308876 0.4443565309 -0.1062394083 0.9574714303 -0.2682566941 -0.4846980274 0.1856938004 0.8547430038
471.3 -650.2 2463.6 0.8602324128 0.1177004054 0.4961318672 -0.2287186980 0.9586871266 0.1691352129 -0.4557279646 -0.2589702308 0.8516140580
287.3 -392.4 2380.2 0 0 0 0 0 0 0 0 0
636.8 -394.8 2486.5 0 0 0 0 0 0 0 0 0
341.2 -1012.4 2387.1 0 0 0 0 0 0 0 0 0
427.4 -1007.5 2560.1 0 0 0 0 0 0 0 0 0
483.0 305.6 2524.8 15 0.9874535799 0.0446875542 -0.1514545530 -0.0523369871 0.9975275397 -0.0469004102 0.1489842236 0.0542386509 0.9873509407
474.2 109.1 2514.1 0.9874535799 0.0446875542 -0.1514545530 -0.0523369871 0.9975275397 -0.0469004102 0.1489842236 0.0542386509 0.9873509407
465.5 -84.6 2504.8 0.9874821901 0.0449918248 -0.1511776447 -0.0517002903 0.9978313446 -0.0407392271 0.1490168571 0.0480451882 0.9876667857
339.4 116.2 2493.8 0.2408367991 -0.6823320389 -0.6902323365 0.9625110626 0.2593398392 0.0794691965 0.1247803569 -0.6834953427 0.7192106843
275.7 -138.5 2460.7 -0.0747655481 -0.6794009805 -0.7299482226 0.9323617816 0.2120159864 -0.2928322852 0.3537112176 -0.7024695873 0.6175959706
609.1 102.0 2534.4 0.2299070060 0.7339571714 0.6391006708 -0.9701291919 0.1206044480 0.2104848325 0.0774084628 -0.6684021950 0.7397610545
669.2 -151.6 2554.7 -0.1269713491 0.7339571714 0.6672219634 -0.9423949718 0.1206044480 -0.3120036125 -0.3094672263 -0.6684021950 0.6763642430
374.8 -268.1 2491.7 0.8999439478 -0.0328221284 -0.4347684383 -0.0757998079 0.9701998830 -0.2301445752 0.4293661416 0.2400725782 0.8706375957
387.5 -644.3 2398.6 0.8946108818 0.1211673766 -0.4301044941 -0.1308438182 0.9913773537 0.0071338369 0.4272602499 0.0498945042 0.9027509093
550.9 -278.1 2522.1 0.8674858809 0.1714895815 0.4669684768 -0.0555970743 0.9662432671 -0.2515608668 -0.4943452179 0.1922634095 0.8477367163
484.5 -652.5 2447.6 0.8550921082 0.1525186002 0.4955356121 -0.2749198973 0.9437081814 0.1839399040 -0.4395867586 -0.2935181558 0.8488878608
295.9 -390.8 2365.0 0 0 0 0 0 0 0 0 0
636.6 -393.5 2475.2 0 0 0 0 0 0 0 0 0
342.3 -1014.0 2380.0 0 0 0 0 0 0 0 0 0
427.7 -1004.1 2556.9 0 0 0 0 0 0 0 0 0
481.2 308.2 2518.4 16 0.9827262163 0.0358293988 -0.1815637201 -0.0469511151 0.9972506166 -0.0573308356 0.1790104061 0.0648651347 0.9817065597
474.1 111.6 2505.6 0.9827262163 0.0358293988 -0.1815637201 -0.0469511151 0.9972506166 -0.0573308356 0.1790104061 0.0648651347 0.9817065597
466.6 -82.1 2494.4 0.9826757312 0.0385568291 -0.1812780350 -0.0483049899 0.9975969195 -0.0496693924 0.1789273173 0.0575655438 0.9821767807
339.9 118.2 2481.2 0.2450710088 -0.6598336697 -0.7103236914 0.9591919780 0.2716002166 0.0786390230 0.1410353929 -0.7006089091 0.6994684935
271.9 -148.0 2442.0 -0.1211106926 -0.6522504091 -0.7482657433 0.9254635572 0.1983979493 -0.3227311969 0.3589559495 -0.7315788865 0.5796058774
608.3 105.0 2530.0 0.1926318556 0.7540082932 0.6279844642 -0.9807729125 0.1275534481 0.1476975232 0.0312635712 -0.6443614364 0.7640817761
659.3 -154.8 2538.3 -0.0957446918 0.7529547215 0.6510699987 -0.9543117881 0.1165615693 -0.2751407325 -0.2830582559 -0.6476670504 0.7073934078
368.3 -273.7 2482.1 0.8864173889 -0.0426359996 -0.4609190226 -0.0693960339 0.9722545743 -0.2233947664 0.4576552808 0.2300069630 0.8588646054
384.9 -650.9 2392.8 0.8820438385 0.1219522357 -0.4551113844 -0.1115320250 0.9925124049 0.0497965552 0.4577764869 0.0068367478 0.8890410066
545.2 -282.8 2508.7 0.9846420884 0.1394797713 -0.1050015464 -0.1572061628 0.9699378014 -0.1857602000 0.0759351775 0.1994142085 0.9769687057
491.1 -658.7 2431.4 0.9846420884 0.1733453274 -0.0207683556 -0.1572061628 0.9320719242 0.3263865113 0.0759351775 -0.3181089759 0.9450082183
304.7 -398.5 2344.9 0 0 0 0 0 0 0 0 0
634.7 -399.9 2465.6 0 0 0 0 0 0 0 0 0
339.4 -1020.8 2390.3 0 0 0 0 0 0 0 0 0
426.5 -1006.1 2549.9 0 0 0 0 0 0 0 0 0
474.7 307.0 2506.7 17 0.9793865681 0.0222877376 -0.2007616162 -0.0331076980 0.9981650710 -0.0506989062 0.1992632747 0.0563005805 0.9783273339
470.3 110.5 2495.6 0.9793865681 0.0222877376 -0.2007616162 -0.0331076980 0.9981650710 -0.0506989062 0.1992632747 0.0563005805 0.9783273339
465.2 -83.3 2485.9 0.9793216586 0.0263025053 -0.2005922347 -0.0357739776 0.9984022975 -0.0437392369 0.1991212964 0.0500107631 0.9786979556
336.6 115.4 2468.4 0.2429057360 -0.6465321183 -0.7231825590 0.9601845741 0.2663010061 0.0844353884 0.1379940361 -0.7148985863 0.6854762435
271.2 -143.2 2431.2 -0.1329498887 -0.6381812692 -0.7583198547 0.9246618748 0.1955913901 -0.3267176449 0.3568259180 -0.7446265221 0.5640980601
604.0 105.6 2522.8 0.1906370819 0.7646502256 0.6156033874 -0.9814283848 0.1348206550 0.1364612281 0.0213490520 -0.6301852465 0.7761512399
654.0 -151.7 2528.4 -0.0628907084 0.7640420198 0.6420938969 -0.9619900584 0.1249018684 -0.2428468913 -0.2657439709 -0.6329607964 0.7271456718
371.2 -271.4 2467.2 0.8787182570 -0.0210859105 -0.4768747985 -0.0814770684 0.9777375460 -0.1933670491 0.4703357220 0.2087695301 0.8574377894
379.4 -650.7 2386.3 0.8782817721 0.0971967354 -0.4681601822 -0.0860424712 0.9952650070 0.0452131107 0.4703380466 0.0005718088 0.8824861646
547.2 -280.0 2499.2 0.9665213227 0.0981547236 -0.2370700389 -0.1497980803 0.9659906030 -0.2107667923 0.2083196789 0.2392232269 0.9483539462
509.1 -654.1 2406.6 0.9665213227 0.2214370668 -0.1296232045 -0.1497980803 0.8971216679 0.4156119525 0.2083196789 -0.3822804987 0.9002580643
307.2 -393.6 2334.6 0 0 0 0 0 0 0 0 0
637.8 -398.9 2460.1 0 0 0 0 0 0 0 0 0
343.1 -1021.8 2386.0 0 0 0 0 0 0 0 0 0
426.9 -987.5 2548.6 0 0 0 0 0 0 0 0 0
471.4 306.2 2500.3 18 0.9801172018 0.0184823852 -0.1975568384 -0.0300325323 0.9979997277 -0.0556294881 0.1961335093 0.0604565516 0.9787117243
467.8 108.8 2488.4 0.9801172018 0.0184823852 -0.1975568384 -0.0300325323 0.9979997277 -0.0556294881 0.1961335093 0.0604565516 0.9787117243
463.6 -84.9 2477.6 0.9800831079 0.0212094914 -0.1974518001 -0.0317451172 0.9982271791 -0.0503462888 0.1960339248 0.0556116775 0.9790189266
333.9 113.1 2461.6 0.2332549691 -0.6478262544 -0.7251987457 0.9591668248 0.2759646773 0.0619875230 0.1599720865 -0.7100455165 0.6857436299
270.8 -146.2 2418.3 -0.1302978098 -0.6403824687 -0.7569231987 0.9164915085 0.2134503126 -0.3383522630 0.3782403469 -0.7378003001 0.5590929985
601.6 104.5 2515.1 0.1863382161 0.7633340359 0.6185460091 -0.9823874235 0.1358575076 0.1282873899 0.0138920229 -0.6315566897 0.7752052546
650.0 -150.7 2518.7 -0.0352168344 0.7632758021 0.6451122761 -0.9680824876 0.1342257559 -0.2116593868 -0.2481451780 -0.6319758892 0.7341869473
372.4 -273.9 2458.4 0.8806636333 -0.0137211401 -0.4735433161 -0.0863024369 0.9782075882 -0.1888434291 0.4658147991 0.2071754783 0.8602876663
377.7 -653.5 2378.0 0.8843336105 0.0780341700 -0.4602876604 -0.0479072481 0.9958952665 0.0767951757 0.4643909335 -0.0458614416 0.8844420910
547.8 -280.3 2494.0 0.9629608989 0.0813790038 -0.2570677400 -0.1504813433 0.9532866478 -0.2619158924 0.2237447798 0.2908986509 0.9302237630
516.2 -649.4 2381.4 0.9629608989 0.2370454967 -0.1285137832 -0.1504813433 0.8679294586 0.4733432233 0.2237447798 -0.4364720881 0.8714530468
306.1 -394.4 2315.9 0 0 0 0 0 0 0 0 0
641.0 -399.5 2455.0 0 0 0 0 0 0 0 0 0
348.6 -1024.6 2395.1 0 0 0 0 0 0 0 0 0
428.1 -972.0 2543.6 0 0 0 0 0 0 0 0 0
467.4 305.4 2489.1 19 0.9775823951 0.0122922743 -0.2101940960 -0.0219407920 0.9988066554 -0.0436326563 0.2094069123 0.0472663417 0.9766855240
465.0 107.7 2479.8 0.9775823951 0.0122922743 -0.2101940960 -0.0219407920 0.9988066554 -0.0436326563 0.2094069123 0.0472663417 0.9766855240
462.0 -86.2 2471.5 0.9775583744 0.0151006943 -0.2101227790 -0.0236925185 0.9989802837 -0.0384324044 0.2093281597 0.0425482541 0.9769193530
331.5 110.9 2451.2 0.2284419686 -0.6343456507 -0.7385254502 0.9568744302 0.2861288488 0.0502158403 0.1794592440 -0.7181475163 0.6723529696
269.9 -147.0 2402.8 -0.1317419559 -0.6257657409 -0.7688051462 0.9194389582 0.2127424777 -0.3307153285 0.3705078363 -0.7504384518 0.5473262668
598.5 104.5 2508.4 0.1885328889 0.7703649402 0.6090921760 -0.9818354249 0.1343910992 0.1339338869 0.0213214066 -0.6232791543 0.7817086577
647.8 -152.3 2514.0 -0.0176943298 0.7706379294 0.6370275617 -0.9680431485 0.1462036073 -0.2037571520 -0.2501587272 -0.6202754974 0.7434237599
371.7 -275.9 2449.2 0.8751340508 -0.0107291201 -0.4837615788 -0.0911086351 0.9782189131 -0.1865127534 0.4752258360 0.2072985172 0.8550951481
375.9 -655.6 2368.8 0.8877333403 -0.0078494996 -0.4602911174 0.0845005214 0.9856451154 0.1461620778 0.4525364041 -0.1686477810 0.8756533265
547.3 -281.5 2484.3 0.9152625799 0.0521101356 -0.3994733691 -0.1584794968 0.9582220316 -0.2381066680 0.3703764081 0.2812384665 0.8852831721
527.1 -652.9 2375.4 0.9152625799 0.3135462403 -0.2529489994 -0.1584794968 0.8574929237 0.4894794226 0.3703764081 -0.4079149663 0.8345218301
305.6 -396.2 2302.4 0 0 0 0 0 0 0 0 0
643.3 -401.2 2449.6 0 0 0 0 0 0 0 0 0
378.8 -1019.1 2431.0 0 0 0 0 0 0 0 0 0
410.7 -971.2 2526.8 0 0 0 0 0 0 0 0 0
462.8 306.9 2475.6 20 0.9650568962 0.0059141731 -0.2619736493 -0.0143044004 0.9994435906 -0.0301315747 0.2616496682 0.0328260586 0.9646045566
461.6 108.9 2469.1 0.9650568962 0.0059141731 -0.2619736493 -0.0143044004 0.9994435906 -0.0301315747 0.2616496682 0.0328260586 0.9646045566
459.9 -85.1 2463.7 0.9650503993 0.0082572242 -0.2619341910 -0.0152207101 0.9995822906 -0.0245671514 0.2616219223 0.0276953653 0.9647729993
330.0 111.0 2433.4 0.2248801142 -0.5966590047 -0.7703421116 0.9602127671 0.2700569332 0.0711383373 0.1655909121 -0.7556899190 0.6336500049
269.0 -149.4 2388.5 -0.1337433159 -0.5898892879 -0.7963311672 0.9237492681 0.2167928219 -0.3157342672 0.3588871360 -0.7778376937 0.5159152150
593.2 106.9 2504.7 0.2596929073 0.7854078412 0.5618666410 -0.9655289054 0.2005068064 0.1659849286 0.0177077744 -0.5856035948 0.8104041219
663.4 -154.1 2509.5 -0.0742560625 0.7819767594 0.6188686490 -0.9669287801 0.0953821093 -0.2365395725 -0.2439974397 -0.6159663796 0.7490331531
371.5 -278.0 2444.6 0.8487620950 -0.0256223250 -0.5281537771 -0.0758292452 0.9826035500 -0.1695293784 0.5233094692 0.1839396060 0.8320537210
381.5 -659.3 2373.2 0.8567901850 0.0125359111 -0.5155127645 0.0465876646 0.9937344790 0.1015944183 0.5135564208 -0.1110616326 0.8508378863
546.7 -282.2 2482.0 0.8790237904 0.0260335729 -0.4760666192 -0.1636658758 0.9543101192 -0.2500114441 0.4478064775 0.2976818681 0.8431221247
536.6 -652.2 2366.6 0.8790237904 0.3599008620 -0.3127115667 -0.1636658758 0.8438071012 0.5110802650 0.4478064775 -0.3980714977 0.8006300330
305.2 -399.8 2291.2 0 0 0 0 0 0 0 0 0
644.4 -402.5 2446.8 0 0 0 0 0 0 0 0 0
376.8 -1027.3 2414.3 0 0 0 0 0 0 0 0 0
402.7 -965.9 2514.6 0 0 0 0 0 0 0 0 0
462.1 306.9 2468.3 21 0.9545250535 0.0085469782 -0.2980081439 -0.0160278771 0.9996145368 -0.0226682629 0.2976995409 0.0264138635 0.9542941451
460.4 110.0 2463.1 0.9545250535 0.0085469782 -0.2980081439 -0.0160278771 0.9996145368 -0.0226682629 0.2976995409 0.0264138635 0.9542941451
458.5 -84.1 2459.5 0.9545392394 0.0093400972 -0.2979389131 -0.0144421766 0.9997842908 -0.0149276974 0.2977352142 0.0185519587 0.9544681907
330.2 111.9 2422.4 0.2215836048 -0.5640411973 -0.7954610586 0.9579707384 0.2783186436 0.0695036277 0.1821887344 -0.7774292827 0.6020057797
269.2 -151.8 2372.3 -0.1402478665 -0.5542010665 -0.8204826117 0.9342393875 0.2003744543 -0.2950371206 0.3279136419 -0.8079054952 0.4896543622
590.7 108.1 2503.7 0.2380741984 0.8049508929 0.5434839129 -0.9712066054 0.2024029642 0.1256611347 -0.0088517219 -0.5577518344 0.8299605250
653.1 -146.6 2501.4 -0.0365918688 0.8045386076 0.5927720070 -0.9639879465 0.1279378384 -0.2331504226 -0.2634164989 -0.5799564719 0.7708840370
371.9 -277.7 2435.0 0.8283553123 -0.0314883441 -0.5593173504 -0.0708677620 0.9845077395 -0.1603815854 0.5557024479 0.1724905074 0.8132907152
384.1 -659.8 2368.0 0.8320868611 -0.0358009562 -0.5534887314 0.0758326873 0.9958868027 0.0495867021 0.5494368672 -0.0832329839 0.8313791752
544.5 -280.4 2481.8 0.8734664321 0.0051505337 -0.4868571758 -0.1667416245 0.9426418543 -0.2891774178 0.4574425220 0.3337661326 0.8242247701
542.5 -645.8 2352.4 0.8734664321 0.3703191876 -0.3161014616 -0.1667416245 0.8374913931 0.5203896165 0.4574425220 -0.4018355906 0.7932682037
307.2 -404.9 2283.4 0 0 0 0 0 0 0 0 0
643.7 -394.3 2433.7 0 0 0 0 0 0 0 0 0
397.4 -1029.6 2398.9 0 0 0 0 0 0 0 0 0
404.6 -957.8 2502.1 0 0 0 0 0 0 0 0 0
461.9 309.1 2465.1 22 0.9450948834 0.0151051711 -0.3264467418 -0.0249578357 0.9993499517 -0.0260139555 0.3258415759 0.0327330604 0.9448575377
458.9 112.4 2458.7 0.9450948834 0.0151051711 -0.3264467418 -0.0249578357 0.9993499517 -0.0260139555 0.3258415759 0.0327330604 0.9448575377
455.5 -81.6 2454.2 0.9451157451 0.0171917453 -0.3262830675 -0.0236663520 0.9995937347 -0.0158840064 0.3258774281 0.0227341559 0.9451386333
329.9 115.6 2414.2 0.2223426402 -0.5348237753 -0.8151854277 0.9516171217 0.3009432852 0.0621127710 0.2121051848 -0.7895547152 0.5758600235
268.5 -147.4 2355.6 -0.1500348002 -0.5194968581 -0.8411970735 0.9441866279 0.1770830005 -0.2777647674 0.2932596505 -0.8359214067 0.4639333785
587.9 109.2 2503.1 0.2271183878 0.8231701255 0.5203922987 -0.9738368988 0.1961793751 0.1146966517 -0.0076753758 -0.5328269601 0.8461894393
647.9 -148.1 2501.1 -0.0484051332 0.8217652440 0.5677665472 -0.9444597960 0.1473250389 -0.2937532961 -0.3250424564 -0.5504518747 0.7689929605
371.3 -276.9 2429.3 0.8110290170 -0.0075738616 -0.5849568844 -0.0896570012 0.9864941239 -0.1370801926 0.5780947208 0.1636215001 0.7993963361
374.2 -659.7 2365.8 0.8005120754 -0.1433890462 -0.5819106698 0.1606702209 0.9867602587 -0.0221204981 0.5773781538 -0.0757879913 0.8129518032
542.1 -279.4 2482.5 0.8370072246 -0.0093305307 -0.5471122265 -0.1698015481 0.9460667968 -0.2759076059 0.5201790929 0.3238371611 0.7902804613
545.7 -646.3 2356.9 0.8370072246 0.3886208236 -0.3852177560 -0.1698015481 0.8537037373 0.4922980368 0.5201790929 -0.3466464579 0.7805446386
309.1 -403.1 2276.2 0 0 0 0 0 0 0 0 0
635.5 -390.5 2417.7 0 0 0 0 0 0 0 0 0
427.3 -1024.9 2393.8 0 0 0 0 0 0 0 0 0
401.0 -964.1 2486.0 0 0 0 0 0 0 0 0 0
460.2 308.4 2465.5 23 0.9293450117 0.0111679677 -0.3690434694 -0.0276050977 0.9988464713 -0.0392896123 0.3681789935 0.0467010848 0.9285812974
458.0 112.8 2456.4 0.9293450117 0.0111679677 -0.3690434694 -0.0276050977 0.9988464713 -0.0392896123 0.3681789935 0.0467010848 0.9285812974
454.7 -81.2 2450.1 0.9293412566 0.0171043184 -0.3688255847 -0.0278737452 0.9993259311 -0.0238905121 0.3681683242 0.0324829891 0.9291915298
331.3 116.6 2406.2 0.2195814103 -0.4951355159 -0.8406097889 0.9450017214 0.3220303953 0.0571681596 0.2423959076 -0.8069307208 0.5386158228
272.0 -138.6 2340.7 -0.1434710175 -0.4783563912 -0.8663666844 0.9521174431 0.1720988303 -0.2526941895 0.2699785829 -0.8611371517 0.4307602644
584.8 108.9 2506.6 0.2272931039 0.8448274136 0.4843598604 -0.9736049175 0.2077471018 0.0945231766 -0.0207685791 -0.4930596054 0.8697476387
644.9 -148.6 2501.1 -0.0764676332 0.8415920138 0.5346733332 -0.9206859469 0.1462458223 -0.3618695736 -0.3827402890 -0.5199375153 0.7636588812
367.6 -273.5 2420.7 0.7838215232 -0.0069705034 -0.6209470630 -0.0894335508 0.9882455468 -0.1239856258 0.6145123839 0.1527161002 0.7739847302
370.3 -657.1 2361.4 0.7735292315 -0.1471831352 -0.6164330244 0.1927242875 0.9812238216 0.0075568110 0.6037465334 -0.1246470287 0.7873710990
536.7 -277.7 2479.0 0.6581599116 -0.0612437576 -0.7503830791 -0.1794414669 0.9552025795 -0.2353482842 0.7311814427 0.2895466387 0.6176863313
560.4 -647.7 2366.8 0.6581599116 0.4894533157 -0.5720673203 -0.1794414669 0.8399233222 0.5121811628 0.7311814427 -0.2344444990 0.6406320930
310.8 -396.5 2267.6 0 0 0 0 0 0 0 0 0
625.3 -384.7 2403.0 0 0 0 0 0 0 0 0 0
424.9 -1021.4 2407.7 0 0 0 0 0 0 0 0 0
380.1 -957.2 2453.2 0 0 0 0 0 0 0 0 0
459.3 305.2 2454.8 24 0.9108464718 0.0126889683 -0.4125502408 -0.0215365924 0.9996268153 -0.0168035179 0.4121830761 0.0241903514 0.9107798338
456.8 108.6 2450.0 0.9108464718 0.0126889683 -0.4125502408 -0.0215365924 0.9996268153 -0.0168035179 0.4121830761 0.0241903514 0.9107798338
453.5 -85.5 2447.3 0.9108573198 0.0165876113 -0.4123879373 -0.0207956750 0.9997674227 -0.0057182587 0.4121971428 0.0137844039 0.9109904170
332.6 111.4 2393.8 0.2267934233 -0.4487541318 -0.8643983006 0.9384729862 0.3380302489 0.0707394108 0.2604481876 -0.8272576928 0.4978066385
273.8 -132.0 2326.3 -0.1413465738 -0.4309774041 -0.8912236691 0.9549354315 0.1779907644 -0.2375238240 0.2609969676 -0.8846342564 0.3863972127
581.0 105.8 2506.2 0.3302547038 0.4993676543 0.8009767532 -0.9421983361 0.2252184600 0.2480703890 -0.0565164201 -0.8366053700 0.5448828340
668.6 -144.3 2491.2 -0.2052257061 0.4993676543 0.8417329192 -0.9073917866 0.2252184600 -0.3548476100 -0.3667732179 -0.8366053700 0.4069014788
368.3 -272.7 2410.8 0.7537762523 0.0053615198 -0.6571092606 -0.0754175857 0.9940651059 -0.0784014091 0.6527889967 0.1086547151 0.7497070432
366.2 -658.2 2368.7 0.7315646410 -0.1816466451 -0.6571283340 0.1687469035 0.9821062684 -0.0836169049 0.6605585814 -0.0497172065 0.7491265535
534.6 -277.7 2476.7 0.5846033096 -0.1300000399 -0.8008364439 -0.1658588201 0.9470834732 -0.2748157978 0.7941850424 0.2934840024 0.5321064591
584.9 -644.6 2363.0 0.5846033096 0.5456629395 -0.6004089713 -0.1658588201 0.8047900200 0.5699156523 0.7941850424 -0.2335914373 0.5609859228
312.1 -390.8 2255.5 0 0 0 0 0 0 0 0 0
616.4 -375.4 2397.8 0 0 0 0 0 0 0 0 0
433.6 -1022.5 2387.2 0 0 0 0 0 0 0 0 0
383.0 -942.4 2449.5 0 0 0 0 0 0 0 0 0
457.3 303.9 2449.4 25 0.8653481603 -0.0091136461 -0.5010882616 0.0012923477 0.9998719096 -0.0159535706 0.5011695027 0.0131578138 0.8652490973
459.0 108.1 2446.8 0.8653481603 -0.0091136461 -0.5010882616 0.0012923477 0.9998719096 -0.0159535706 0.5011695027 0.0131578138 0.8652490973
460.3 -85.9 2446.5 0.8653193712 -0.0070478846 -0.5011713505 0.0048596463 0.9999721050 -0.0056717973 0.5011973381 0.0024724004 0.8653294444
341.6 107.4 2378.7 0.2427702099 -0.3708593845 -0.8963961005 0.9394929409 0.3201050162 0.1220073774 0.2416933030 -0.8717775345 0.4261317551
278.0 -138.5 2315.5 -0.1313837022 -0.3585812449 -0.9242066145 0.9512667060 0.2167612165 -0.2193313241 0.2789802551 -0.9079835415 0.3126275241
576.5 108.8 2514.8 0.2685065567 0.5733183622 0.7740867734 -0.9590618014 0.2342112660 0.1592027843 -0.0900259688 -0.7851440310 0.6127349734
647.0 -143.1 2491.2 -0.1192411929 0.5757728219 0.8088678122 -0.9151429534 0.2522441447 -0.3144618571 -0.3850907683 -0.7777265310 0.4968365729
368.7 -277.7 2407.8 0.6864204407 0.0132295266 -0.7270845175 -0.0784366578 0.9953484535 -0.0559392162 0.7229624391 0.0954279006 0.6842651963
363.6 -663.8 2370.8 0.6623753905 -0.1867514402 -0.7255223989 0.1220376641 0.9823936820 -0.1414548755 0.7391654849 0.0051551759 0.6735041142
531.6 -281.3 2481.5 0.5365060568 -0.1707507670 -0.8264414072 -0.1737957597 0.9359669685 -0.3062039018 0.8258064389 0.3079122603 0.4724762142
597.6 -642.8 2362.6 0.5365060568 0.5662942529 -0.6256772876 -0.1737957597 0.7996658683 0.5747430325 0.8258064389 -0.1996130794 0.5274451375
313.6 -396.3 2239.9 0 0 0 0 0 0 0 0 0
616.6 -376.6 2393.0 0 0 0 0 0 0 0 0 0
433.0 -1028.9 2368.8 0 0 0 0 0 0 0 0 0
387.3 -939.8 2436.7 0 0 0 0 0 0 0 0 0
459.8 306.5 2446.7 26 0.8412516117 0.0054227123 -0.5406166315 -0.0174540654 0.9997008443 -0.0171326045 0.5403620005 0.0238487888 0.8410946131
458.7 111.1 2442.0 0.8412516117 0.0054227123 -0.5406166315 -0.0174540654 0.9997008443 -0.0171326045 0.5403620005 0.0238487888 0.8410946131
456.7 -82.9 2440.0 0.8412778974 0.0100948643 -0.5405086279 -0.0140632363 0.9998959303 -0.0032141518 0.5404199362 0.0103052957 0.8413323164
344.3 113.0 2368.5 0.2304892391 -0.3332338631 -0.9142373204 0.9452777505 0.2996390462 0.1290982962 0.2309212834 -0.8939639926 0.3840621412
282.2 -141.4 2306.3 -0.1378406733 -0.3235809505 -0.9361064434 0.9490573406 0.2272375673 -0.2182961702 0.2833550274 -0.9185088277 0.2757743001
573.1 109.2 2515.5 0.3139786422 0.2980956137 0.9014191031 -0.9357216954 0.2579131424 0.2406359762 -0.1607553065 -0.9190319777 0.3599137664
656.6 -139.4 2472.8 -0.1809256077 0.2980956137 0.9372326136 -0.9300849438 0.2579131424 -0.2615775168 -0.3196997046 -0.9190319777 0.2305911481
