338.8 466.0 2779.1 1 0.2879300416 0.1058515683 -0.9517834783 -0.0019492655 0.9939352274 0.1099497452 0.9576494694 -0.0298025552 0.2863901258
317.9 270.0 2785.0 0.2879300416 0.1058515683 -0.9517834783 -0.0019492655 0.9939352274 0.1099497452 0.9576494694 -0.0298025552 0.2863901258
298.0 75.3 2791.3 0.2883113623 0.1017136201 -0.9521191716 0.0017032685 0.9942861199 0.1067340299 0.9575352073 -0.0323943458 0.2864907384
276.9 269.8 2648.8 0.3576067984 -0.0725846291 -0.9310472012 0.9294472337 0.1246017888 0.3472782969 0.0908030719 -0.9895483255 0.1120220274
185.0 30.9 2625.4 -0.5472900271 -0.0725846291 -0.8337895870 0.8244690299 0.1246017888 -0.5520192385 0.1439597756 -0.9895483255 -0.0083495388
358.9 270.3 2921.2 0.4763796329 0.8004343510 -0.3638231754 -0.8792125583 0.4304167926 -0.2042710632 -0.0069099623 0.4171884954 0.9087936878
520.2 -27.3 2918.8 0.5856008530 0.8004343510 0.1279706508 -0.4129182994 0.4304167926 -0.8026455045 -0.6975457668 0.4171884954 0.5825664401
238.7 -121.1 2720.9 -0.3669541180 -0.1679751575 -0.9149475694 -0.1657595187 0.9796280861 -0.1133693904 0.9153515697 0.1100599021 -0.3873220384
304.4 -504.5 2677.8 -0.3665132523 0.0481759347 -0.9291647673 -0.1564505249 0.9812476635 0.1125889793 0.9171648026 0.1866336614 -0.3521031141
298.4 -120.5 2891.1 -0.1981350034 0.2073765248 -0.9579861760 0.0329824239 0.9782197475 0.2049349397 0.9796196818 0.0090080779 -0.2006593496
217.3 -503.3 2887.6 -0.2225836664 0.3338920176 -0.9159544706 -0.0340645723 0.9362864494 0.3495815396 0.9743182659 0.1090127453 -0.1970281899
338.8 -200.8 2585.0 0 0 0 0 0 0 0 0 0
674.3 -136.0 2735.2 0 0 0 0 0 0 0 0 0
289.5 -808.3 2620.0 0 0 0 0 0 0 0 0 0
110.1 -803.9 2852.6 0 0 0 0 0 0 0 0 0
344.5 465.5 2776.7 2 0.2468038648 0.1006385237 -0.9638255835 -0.0207078289 0.9949134588 0.0985819921 0.9688441753 -0.0043716817 0.2476324886
324.7 269.4 2777.6 0.2468038648 0.1006385237 -0.9638255835 -0.0207078289 0.9949134588 0.0985819921 0.9688441753 -0.0043716817 0.2476324886
305.7 74.5 2779.9 0.2475933582 0.0973356068 -0.9639623165 -0.0127715869 0.9951821566 0.0972076431 0.9687798619 -0.0117566381 0.2476436347
289.5 271.2 2639.8 0.3460774720 -0.0578028113 -0.9364236593 0.9336028695 0.1199656278 0.3376298547 0.0928226933 -0.9910938740 0.0954822674
201.7 34.6 2616.2 -0.5408967137 -0.0578028113 -0.8391004801 0.8306518793 0.1199656278 -0.5437147021 0.1320914477 -0.9910938740 -0.0168750007
359.9 267.5 2915.3 0.4834317565 0.8115933537 -0.3280394971 -0.8752543330 0.4545398355 -0.1652978063 0.0149524156 0.3670282066 0.9300896525
522.0 -26.0 2920.4 0.5171443224 0.8115933537 0.2718049884 -0.2666595578 0.4545398355 -0.8498742580 -0.8132985234 0.3670282066 0.4514818192
252.2 -119.5 2711.3 -0.4108593464 -0.1574104875 -0.8980069757 -0.1446890682 0.9837568402 -0.1062428132 0.9001442790 0.0862809345 -0.4269612730
313.8 -504.6 2677.5 -0.4111211002 0.0725341365 -0.9086903930 -0.1481848359 0.9782527089 0.1451304257 0.8994557858 0.1943203211 -0.3914318681
304.2 -119.2 2884.1 -0.2331363857 0.1654516160 -0.9582657218 0.0499278754 0.9861567616 0.1581202596 0.9711614847 -0.0109805847 -0.2381696850
239.5 -504.9 2888.4 -0.2586945891 0.3899967074 -0.8837305307 -0.0087321885 0.9138920307 0.4058633745 0.9659196734 0.1127115637 -0.2330134064
353.9 -199.2 2579.1 0 0 0 0 0 0 0 0 0
600.0 -66.3 2797.7 0 0 0 0 0 0 0 0 0
291.2 -808.9 2617.1 0 0 0 0 0 0 0 0 0
110.7 -806.6 2851.2 0 0 0 0 0 0 0 0 0
354.6 467.1 2776.0 3 0.1760886610 0.1144195572 -0.9777018428 -0.0343289785 0.9933312535 0.1100658402 0.9837755561 0.0141821587 0.1788422912
331.9 269.9 2773.2 0.1760886610 0.1144195572 -0.9777018428 -0.0343289785 0.9933312535 0.1100658402 0.9837755561 0.0141821587 0.1788422912
311.5 75.2 2772.5 0.1774744540 0.1049679965 -0.9785113931 -0.0217727236 0.9944708347 0.1027310565 0.9838845134 0.0030727203 0.1787786186
306.7 273.0 2633.4 0.3624592423 -0.0090854187 -0.9319553375 0.9249624610 0.1261556298 0.3585096896 0.1143142059 -0.9919688702 0.0541299470
213.8 35.9 2604.1 -0.5728555918 -0.0090854187 -0.8196059465 0.8124340773 0.1261556298 -0.5692412853 0.1085697040 -0.9919688702 -0.0648876578
357.1 266.9 2912.9 0.4935343862 0.8248096108 -0.2758857608 -0.8693811893 0.4767956138 -0.1297780126 0.0244989619 0.3038997948 0.9523889422
523.0 -25.4 2921.1 0.3796569705 0.8248096108 0.4189865589 -0.0687420815 0.4767956138 -0.8763221502 -0.9225698709 0.3038997948 0.2377178967
264.4 -119.2 2694.8 -0.4771016836 -0.1529380828 -0.8654385805 -0.1366056651 0.9856784344 -0.0988781676 0.8681663871 0.0710488707 -0.4911610484
324.3 -505.1 2667.0 -0.4734005630 0.1054248884 -0.8745155931 -0.0990191922 0.9801496267 0.1717612743 0.8752639890 0.1679057032 -0.4535642862
309.1 -121.5 2869.6 -0.2932698131 0.1341262460 -0.9465743303 0.0990182459 0.9890462756 0.1094663069 0.9508880973 -0.0616249666 -0.3033383489
256.7 -508.0 2893.7 -0.3267678618 0.4307312369 -0.8412451148 0.0314792655 0.8945744038 0.4458090961 0.9445802569 0.1191942990 -0.3058772385
374.9 -192.6 2573.6 0 0 0 0 0 0 0 0 0
565.7 -33.1 2817.3 0 0 0 0 0 0 0 0 0
291.8 -806.9 2615.3 0 0 0 0 0 0 0 0 0
113.1 -806.1 2853.9 0 0 0 0 0 0 0 0 0
364.5 466.9 2775.6 4 0.1995859146 0.1066277325 -0.9740616083 -0.0565524809 0.9936583042 0.0971852839 0.9782470465 0.0356887840 0.2043502629
343.3 268.6 2768.5 0.1995859146 0.1066277325 -0.9740616083 -0.0565524809 0.9936583042 0.0971852839 0.9782470465 0.0356887840 0.2043502629
325.2 73.7 2764.2 0.2012563050 0.0926016197 -0.9751517177 -0.0398750864 0.9954707623 0.0863015354 0.9787266850 0.0215155277 0.2040372640
314.6 274.3 2629.3 0.3368062079 0.0820764229 -0.9379898906 0.9280052185 0.1395762563 0.3454342484 0.1592731178 -0.9868038893 -0.0291571952
229.1 38.5 2588.9 -0.5971692204 0.0820764229 -0.7979049683 0.7996034622 0.1395762563 -0.5840829015 0.0634291619 -0.9868038893 -0.1489792317
371.9 263.0 2907.7 0.4652402997 0.8417384624 -0.2739121020 -0.8841665387 0.4567322731 -0.0982095897 0.0424377099 0.2878749669 0.9567272663
523.5 -25.1 2921.5 0.2795872986 0.8417384624 0.4618520439 0.0873777717 0.4567322731 -0.8853026032 -0.9561359882 0.2878749669 0.0541473180
275.1 -117.6 2683.3 -0.4598706663 -0.1512573957 -0.8750087023 -0.1266826838 0.9864818454 -0.1039475650 0.8789029717 0.0630460083 -0.4728157520
334.4 -503.9 2658.6 -0.4529565573 0.1354535520 -0.8811825514 -0.0715828463 0.9796739817 0.1873893738 0.8886541724 0.1479568034 -0.4340535998
307.1 -121.5 2860.5 -0.5617095232 0.0631925613 -0.8249176145 0.1458815336 0.9890212417 -0.0235711578 0.8143715262 -0.1335804015 -0.5647612810
282.5 -506.4 2912.5 -0.5617095232 0.4702531397 -0.6806940436 0.1458815336 0.8661608100 0.4780000746 0.8143715262 0.1691964865 -0.5551320314
396.9 -186.3 2571.0 0 0 0 0 0 0 0 0 0
550.7 -16.6 2828.4 0 0 0 0 0 0 0 0 0
292.6 -805.8 2613.0 0 0 0 0 0 0 0 0 0
120.4 -805.0 2854.2 0 0 0 0 0 0 0 0 0
373.6 465.3 2777.0 5 0.1473365426 0.1155168638 -0.9823175669 -0.0754594356 0.9915747046 0.1052874103 0.9862037301 0.0586124472 0.1548120230
350.7 268.3 2765.3 0.1473365426 0.1155168638 -0.9823175669 -0.0754594356 0.9915747046 0.1052874103 0.9862037301 0.0586124472 0.1548120230
334.0 73.5 2756.5 0.1491659731 0.0856921598 -0.9850920439 -0.0573943295 0.9953085184 0.0778900385 0.9871450663 0.0449201539 0.1533844024
329.5 276.5 2625.0 0.3225926757 0.1263719648 -0.9380640388 0.9232352972 0.1765421629 0.3412761986 0.2087356001 -0.9761469960 -0.0597198419
246.8 39.9 2571.5 -0.6748577952 0.1263719648 -0.7270467877 0.7365227938 0.1765421629 -0.6529678702 0.0458375923 -0.9761469960 -0.2122166902
371.9 260.1 2905.6 0.4434246123 0.8354136944 -0.3247439265 -0.8934506774 0.4409031272 -0.0857338235 0.0715574026 0.3281591535 0.9419082403
514.1 -26.3 2928.6 0.2710492611 0.8354136944 0.4781383574 0.1889148653 0.4409031272 -0.8774483800 -0.9438450336 0.3281591535 -0.0383155942
288.9 -117.6 2671.7 -0.5092450380 -0.1450221837 -0.8483148217 -0.1193393990 0.9880767465 -0.0972752571 0.8523072004 0.0517004430 -0.5204800367
345.7 -504.6 2651.5 -0.4965173006 0.1661118567 -0.8519843817 -0.0331893377 0.9771677852 0.2098609358 0.8673920631 0.1324763745 -0.4796675742
325.2 -124.8 2848.3 -0.6032837033 0.0676011443 -0.7946564555 0.1539102197 0.9875391126 -0.0328352600 0.7825345993 -0.1421147287 -0.6061707139
298.8 -510.4 2903.7 -0.5831603408 0.4796459079 -0.6556400061 0.1913760006 0.8654831052 0.4629408121 0.7894930243 0.1444949508 -0.5965081453
435.7 -166.3 2558.7 0 0 0 0 0 0 0 0 0
538.9 -9.0 2842.1 0 0 0 0 0 0 0 0 0
294.6 -805.0 2610.7 0 0 0 0 0 0 0 0 0
138.0 -800.5 2855.3 0 0 0 0 0 0 0 0 0
381.7 463.0 2776.6 6 0.0882594064 0.1309248954 -0.9874557853 -0.0792032182 0.9891080856 0.1240647286 0.9929436445 0.0672597960 0.0976677611
355.7 266.3 2763.2 0.0882594064 0.1309248954 -0.9874557853 -0.0792032182 0.9891080856 0.1240647286 0.9929436445 0.0672597960 0.0976677611
339.2 71.5 2752.6 0.0901015401 0.0847238675 -0.9923223257 -0.0622551702 0.9949055910 0.0792917386 0.9939849377 0.0546328872 0.0949170291
342.9 275.2 2622.0 0.3269535303 0.0152299460 -0.9449176788 0.9161055684 0.2404162288 0.3208591640 0.2320602089 -0.9705504179 0.0646526963
260.0 43.0 2563.2 -0.8255324364 0.0152299460 -0.5641490817 0.5506855845 0.2404162288 -0.7993406057 0.1234566793 -0.9705504179 -0.2068583071
368.5 257.5 2904.5 0.4238723814 0.8217595816 -0.3808456063 -0.8997381330 0.4302925766 -0.0729353428 0.1039397195 0.3735766113 0.9217575788
503.2 -28.6 2937.5 0.2958136201 0.8217595816 0.4870374501 0.2382023782 0.4302925766 -0.8706939220 -0.9250696898 0.3735766113 -0.0684586838
303.9 -116.2 2658.7 -0.5639775395 -0.1226093248 -0.8166371584 -0.0872538835 0.9922280908 -0.0887140334 0.8211675286 0.0212220419 -0.5702925324
351.9 -504.6 2650.4 -0.5523383617 0.1756053567 -0.8149141669 -0.0139546320 0.9754760265 0.2196629941 0.8335032463 0.1327001303 -0.5363422632
330.8 -126.6 2836.7 -0.7554281950 -0.0064724302 -0.6551994681 0.2209368348 0.9388749003 -0.2640092373 0.6168591380 -0.3441977203 -0.7078225613
333.3 -484.9 2968.1 -0.7554281950 0.4744830430 -0.4518783987 0.2209368348 0.8337150812 0.5060692430 0.6168591380 0.2824623883 -0.7346426845
481.1 -104.5 2530.1 0 0 0 0 0 0 0 0 0
529.6 -7.4 2855.1 0 0 0 0 0 0 0 0 0
297.9 -804.6 2609.6 0 0 0 0 0 0 0 0 0
153.2 -801.3 2860.9 0 0 0 0 0 0 0 0 0
391.2 459.2 2775.9 7 0.0540541857 0.1314774305 -0.9898443222 -0.0995190442 0.9870674014 0.1256739497 0.9935663342 0.0917151570 0.0664396286
364.9 261.8 2757.6 0.0540541857 0.1314774305 -0.9898443222 -0.0995190442 0.9870674014 0.1256739497 0.9935663342 0.0917151570 0.0664396286
347.9 67.2 2744.7 0.0572171994 0.0873455703 -0.9945335388 -0.0708832741 0.9940069318 0.0832212865 0.9958422184 0.0657341033 0.0630656332
356.8 271.9 2616.0 0.3269957900 0.0219235830 -0.9447714686 0.9012855291 0.2933954298 0.3187531233 0.2841798365 -0.9557397366 0.0761796609
276.1 49.5 2545.9 -0.8958706260 0.0219235830 -0.4437737763 0.4301014543 0.2933954298 -0.8537750840 0.1114833876 -0.9557397366 -0.2722737193
373.0 251.7 2899.2 0.4102321267 0.8134068251 -0.4124063253 -0.9045812488 0.4204119742 -0.0706155896 0.1159413531 0.4020237923 0.9082590342
503.0 -34.9 2936.0 0.3120367229 0.8134068251 0.4909200072 0.2679190338 0.4204119742 -0.8668755293 -0.9115111232 0.4020237923 -0.0867431834
314.6 -117.7 2652.3 -0.5930699110 -0.1060085967 -0.7981417775 -0.0726630539 0.9942964315 -0.0780684575 0.8018654585 0.0116953608 -0.5973901749
356.1 -506.9 2647.7 -0.5803703666 0.1884344369 -0.7922516465 0.0016857000 0.9731365442 0.2302224338 0.8143509030 0.1322787851 -0.5650972724
330.8 -128.9 2831.4 -0.7541858554 -0.1011958793 -0.6488166451 0.2087259293 0.8998683095 -0.3829758763 0.6226051450 -0.4242598414 -0.6575457454
369.6 -474.0 2994.1 -0.7541858554 0.4872373939 -0.4402310550 0.2087259293 0.8135138154 0.5427972078 0.6226051450 0.3174823225 -0.7152397037
508.4 -62.0 2517.0 0 0 0 0 0 0 0 0 0
530.4 -11.4 2855.8 0 0 0 0 0 0 0 0 0
298.6 -803.8 2607.4 0 0 0 0 0 0 0 0 0
177.3 -795.2 2868.8 0 0 0 0 0 0 0 0 0
400.5 457.4 2776.1 8 0.0495690256 0.1189667284 -0.9916601181 -0.1292542368 0.9852954149 0.1117422804 0.9903717637 0.1226373240 0.0642170832
376.7 260.5 2751.6 0.0495690256 0.1189667284 -0.9916601181 -0.1292542368 0.9852954149 0.1117422804 0.9903717637 0.1226373240 0.0642170832
359.1 66.4 2732.9 0.0525928922 0.0899986923 -0.9945522547 -0.1006510854 0.9913367033 0.0843851864 0.9935307503 0.0956647024 0.0611957312
369.2 274.8 2610.2 0.2746755481 0.0551742800 -0.9599526525 0.8976883292 0.3430188894 0.2765749395 0.3445417285 -0.9377067089 0.0446895920
300.7 50.8 2524.2 -0.9467294216 0.0551742800 -0.3172683120 0.3163853884 0.3430188894 -0.8844423890 0.0600305572 -0.9377067089 -0.3422024250
384.2 246.2 2893.0 0.4043743312 0.8135873079 -0.4178003371 -0.9097594023 0.4047203958 -0.0924077109 0.0939105749 0.4174650908 0.9038272500
512.1 -41.6 2922.7 0.3098424971 0.8135873079 0.4920094907 0.3057696223 0.4047203958 -0.8618041277 -0.9002791643 0.4174650908 -0.1233706996
325.7 -121.1 2642.0 -0.6010589600 -0.0809776485 -0.7950916290 -0.0489265919 0.9967159033 -0.0645258203 0.7977056503 0.0001173009 -0.6030470133
357.4 -511.3 2642.0 -0.5886299610 0.1955405921 -0.7843970060 0.0204481687 0.9735959172 0.2273607701 0.8081439734 0.1177918762 -0.5770861506
343.7 -134.2 2808.7 -0.7569648027 -0.1398794949 -0.6383087039 0.2018653303 0.8789857626 -0.4320120215 0.6214939356 -0.4558703005 -0.6371244788
397.8 -474.0 2984.9 -0.7569648027 0.4978136122 -0.4233035445 0.2018653303 0.7942519188 0.5730744600 0.6214939356 0.3483468592 -0.7017120123
537.3 -28.3 2509.2 0 0 0 0 0 0 0 0 0
539.1 -14.9 2844.1 0 0 0 0 0 0 0 0 0
299.0 -802.2 2606.8 0 0 0 0 0 0 0 0 0
197.4 -793.8 2844.7 0 0 0 0 0 0 0 0 0
407.1 455.9 2776.2 9 -0.0221183933 0.1251604110 -0.9918899536 -0.1467666924 0.9809771776 0.1270561963 0.9889237881 0.1483866870 -0.0033282591
382.1 259.7 2746.5 -0.0221183933 0.1251604110 -0.9918899536 -0.1467666924 0.9809771776 0.1270561963 0.9889237881 0.1483866870 -0.0033282591
362.3 66.2 2724.3 -0.0180707388 0.1019914746 -0.9946210980 -0.1116748974 0.9883530736 0.1033776924 0.9935804605 0.1129423231 -0.0064703827
384.7 275.5 2605.4 0.2355584949 0.1132301092 -0.9652414918 0.8827856779 0.3904412389 0.2612375915 0.4064500630 -0.9136381149 -0.0079861665
327.1 59.9 2506.1 -0.9595116973 0.1132301092 -0.2579074800 0.2816650569 0.3904412389 -0.8764818311 0.0014535760 -0.9136381149 -0.4065259099
379.5 243.8 2887.7 0.3774455488 0.7914599776 -0.4807555676 -0.9192747474 0.3828423917 -0.0914637670 0.1116637066 0.4764690697 0.8720713854
498.7 -46.6 2922.9 0.3731228411 0.7914599776 0.4841181934 0.3148079813 0.3828423917 -0.8685203791 -0.8727400899 0.4764690697 -0.1063106880
336.8 -118.5 2624.5 -0.6580727696 -0.0546073057 -0.7509715557 -0.0016315067 0.9974677563 -0.0711017326 0.7529525757 -0.0455648974 -0.6564954519
358.2 -508.6 2642.3 -0.6507944465 0.1966801435 -0.7333372235 0.0369265154 0.9729216695 0.2281662375 0.7583554387 0.1214097366 -0.6404347420
339.5 -136.1 2794.1 -0.7956302166 -0.1092328206 -0.5958529115 0.2151257098 0.8685500026 -0.4464770854 0.5662980080 -0.4834139645 -0.6675458550
381.9 -473.4 2981.8 -0.7956302166 0.4904016554 -0.3556385040 0.2151257098 0.7775371671 0.5908949971 0.5662980080 0.3936269283 -0.7241300941
566.1 -10.3 2505.7 0 0 0 0 0 0 0 0 0
531.2 -19.2 2847.1 0 0 0 0 0 0 0 0 0
298.9 -801.8 2605.7 0 0 0 0 0 0 0 0 0
182.7 -789.2 2821.9 0 0 0 0 0 0 0 0 0
412.2 455.5 2766.7 0 -0.0870206654 0.1162007153 -0.9894062877 -0.1343805939 0.9827273488 0.1272354126 0.9871014357 0.1440291256 -0.0699024647
389.0 259.2 2738.0 -0.0870206654 0.1162007153 -0.9894062877 -0.1343805939 0.9827273488 0.1272354126 0.9871014357 0.1440291256 -0.0699024647
368.3 65.8 2715.5 -0.0837851614 0.1059250087 -0.9908379912 -0.1056779847 0.9877823591 0.1145344675 0.9908643961 0.1143060476 -0.0715675652
400.9 274.2 2597.3 0.1951130182 0.1709516197 -0.9657672644 0.8787349463 0.4068768919 0.2495517284 0.4356096685 -0.8973442912 -0.0708341897
354.6 65.3 2493.8 -0.9733768702 0.1709516197 -0.1526860148 0.2108792067 0.4068768919 -0.8888088465 -0.0898189023 -0.8973442912 -0.4320946932
377.1 244.2 2878.6 0.3572981954 0.7636756897 -0.5377150774 -0.9232496023 0.3758446872 -0.0796927139 0.1412379593 0.5249192715 0.8393518925
489.9 -47.2 2923.2 0.4307734966 0.7636756897 0.4808676243 0.3089605570 0.3758446872 -0.8736613393 -0.8479254246 0.5249192715 -0.0740417391
344.1 -117.3 2612.6 -0.7061372399 -0.0336329713 -0.7072757483 0.0272458401 0.9968408942 -0.0746046007 0.7075505853 -0.0719514042 -0.7029901743
357.2 -507.2 2640.7 -0.7007551193 0.1925146729 -0.6869354844 0.0560714453 0.9747852087 0.2159855068 0.7111949325 0.1128354818 -0.6938803196
339.5 -136.5 2783.5 -0.8280340433 -0.0761765987 -0.5554788709 0.2296350747 0.8577441573 -0.4599377513 0.5114952326 -0.5084015131 -0.6927485466
369.1 -470.4 2981.4 -0.8280340433 0.4746811688 -0.2983913720 0.2296350747 0.7726320624 0.5918678045 0.5114952326 0.4215655625 -0.7487691045
598.5 12.5 2516.3 0 0 0 0 0 0 0 0 0
527.2 -20.4 2849.7 0 0 0 0 0 0 0 0 0
299.4 -799.9 2606.9 0 0 0 0 0 0 0 0 0
175.3 -785.8 2809.3 0 0 0 0 0 0 0 0 0
423.9 464.3 2780.5 1 -0.1134225130 0.1693061888 -0.9790151715 -0.1534090638 0.9705725908 0.1856191754 0.9816318154 0.1712432057 -0.0841116831
390.0 270.0 2746.2 -0.1134225130 0.1693061888 -0.9790151715 -0.1534090638 0.9705725908 0.1856191754 0.9816318154 0.1712432057 -0.0841116831
369.8 76.7 2722.8 -0.1071472317 0.1036632732 -0.9888242483 -0.1083972156 0.9874032736 0.1152600348 0.9883164763 0.1195355877 -0.0945607126
405.3 285.4 2605.7 0.0983502716 0.1874184608 -0.9773441553 0.8773356676 0.4472035170 0.1740435064 0.4696906805 -0.8745760918 -0.1204463094
380.5 64.9 2487.6 -0.9812064767 0.1874184608 -0.0459154472 0.1268513203 0.4472035170 -0.8853912950 -0.1454051286 -0.8745760918 -0.4625732303
374.8 254.6 2886.8 0.3534251750 0.7510780692 -0.5576489568 -0.9236988425 0.3744363785 -0.0811038390 0.1478887349 0.5437638164 0.8261052370
486.4 -37.0 2933.5 0.4498934150 0.7510780692 0.4831952155 0.3125162721 0.3744363785 -0.8730011582 -0.8366178870 0.5437638164 -0.0662676767
355.2 -118.2 2603.8 -0.7232377529 0.0031745390 -0.6905918121 0.0710935593 0.9950188398 -0.0698803887 0.6869300008 -0.0996367633 -0.7198609114
354.0 -507.2 2642.8 -0.7266744971 0.1840723306 -0.6618621945 0.0535119288 0.9756739736 0.2125953734 0.6848946214 0.1190701127 -0.7188474536
339.5 -126.2 2789.1 -0.8505960107 -0.1510294527 -0.5036630630 0.0573107675 0.9255276322 -0.3743181527 0.5226871371 -0.3472588658 -0.7785944939
397.5 -481.4 2922.4 -0.8505960107 0.1595046371 -0.5010435581 0.0573107675 0.9753269553 0.2131967247 0.5226871371 0.1526291072 -0.8387505412
626.6 33.1 2524.1 0 0 0 0 0 0 0 0 0
525.4 -9.9 2860.9 0 0 0 0 0 0 0 0 0
298.7 -800.2 2607.0 0 0 0 0 0 0 0 0 0
342.1 -820.3 2869.4 0 0 0 0 0 0 0 0 0
433.8 467.6 2777.9 2 -0.1547322273 0.1794684976 -0.9715189338 -0.1385605931 0.9697005749 0.2012009174 0.9781916738 0.1657464951 -0.1251766533
397.8 273.2 2744.7 -0.1547322273 0.1794684976 -0.9715189338 -0.1385605931 0.9697005749 0.2012009174 0.9781916738 0.1657464951 -0.1251766533
378.1 79.8 2721.2 -0.1497759521 0.1008458063 -0.9835635424 -0.1039521918 0.9876651764 0.1170960665 0.9832401276 0.1197817624 -0.1374453455
419.1 288.0 2604.8 0.0982657596 0.1929168105 -0.9762821794 0.8706560731 0.4584674835 0.1782289594 0.4819770157 -0.8675198555 -0.1229125410
395.4 77.5 2488.3 -0.9796862006 0.1929168105 -0.0547549725 0.1393360794 0.4584674835 -0.8777203560 -0.1442236453 -0.8675198555 -0.4760345221
376.5 258.5 2884.5 0.3441905081 0.7279188037 -0.5930152535 -0.9239128828 0.3749881983 -0.0759526566 0.1670863479 0.5740366578 0.8016009331
485.2 -33.3 2937.3 0.4857526422 0.7279188037 0.4839200079 0.3088401258 0.3749881983 -0.8740718961 -0.8177176714 0.5740366578 -0.0426590256
359.2 -106.9 2610.2 -0.7515545487 0.0318427831 -0.6589019299 0.0924853012 0.9940552711 -0.0574505255 0.6531555653 -0.1041159481 -0.7500317693
346.7 -495.8 2650.9 -0.7629588842 0.1568831205 -0.6271215677 0.0309180766 0.9778506160 0.2070077658 0.6457072496 0.1385490149 -0.7509103417
339.5 -121.0 2791.9 -0.8448740840 -0.2263877094 -0.4847023785 -0.0803500712 0.9494673014 -0.3034068644 0.5288966298 -0.2173947096 -0.8203705549
426.3 -485.0 2875.3 -0.8449239731 0.0378407538 -0.5335462689 0.0102387592 0.9984558225 0.0545994826 0.5347884297 0.0406695567 -0.8440067172
640.8 42.6 2524.4 0 0 0 0 0 0 0 0 0
527.3 -6.5 2866.3 0 0 0 0 0 0 0 0 0
297.6 -802.2 2607.5 0 0 0 0 0 0 0 0 0
413.6 -820.9 2861.6 0 0 0 0 0 0 0 0 0
444.9 463.6 2798.1 3 -0.1865247190 0.2273503840 -0.9557825923 -0.1550792605 0.9538460374 0.2571540475 0.9701334834 0.1961876452 -0.1426585317
399.4 272.4 2758.8 -0.1865247190 0.2273503840 -0.9557825923 -0.1550792605 0.9538460374 0.2571540475 0.9701334834 0.1961876452 -0.1426585317
378.6 79.9 2729.5 -0.1819516867 0.1066560894 -0.9775060415 -0.1285612285 0.9829866290 0.1311842948 0.9748669863 0.1495385766 -0.1651442349
425.3 290.6 2620.1 0.0638343766 0.2203214467 -0.9733363390 0.8357283473 0.5212476850 0.1727976501 0.5454203486 -0.8244751692 -0.1508553475
409.6 85.7 2486.3 -0.9743550420 0.2203214467 -0.0457242802 0.1572275162 0.5212476850 -0.8387969732 -0.1609712839 -0.8244751692 -0.5425208807
373.4 254.1 2897.4 0.3300892413 0.7127979994 -0.6188377142 -0.9314904809 0.3521317542 -0.0912617072 0.1528612524 0.6065659523 0.7801994681
477.7 -40.0 2945.7 0.5144211650 0.7127979994 0.4767493010 0.3253803849 0.3521317542 -0.8775709867 -0.7934094071 0.6065659523 -0.0507864654
371.9 -104.3 2609.0 -0.7684955001 0.0841220468 -0.6343013644 0.1214081869 0.9924821258 -0.0154690146 0.6282314658 -0.0888972431 -0.7729310989
339.0 -492.2 2643.8 -0.7833427787 0.1289694160 -0.6080633402 0.0325534903 0.9854080677 0.1670664251 0.6207369566 0.1110756993 -0.7761107087
344.7 -120.3 2788.1 -0.8462481499 -0.2754839957 -0.4560401440 -0.1471018493 0.9434875846 -0.2969717681 0.5120791793 -0.1842274815 -0.8389488459
451.3 -485.3 2859.4 -0.8519194722 0.0270641632 -0.5229729414 0.0036816336 0.9989484549 0.0456988253 0.5236598253 0.0370063223 -0.8511233330
647.5 47.3 2525.6 0 0 0 0 0 0 0 0 0
522.3 -11.8 2876.9 0 0 0 0 0 0 0 0 0
298.1 -804.9 2608.5 0 0 0 0 0 0 0 0 0
442.1 -824.2 2846.9 0 0 0 0 0 0 0 0 0
454.3 464.1 2807.2 4 -0.1628757268 0.2664275169 -0.9499936104 -0.1761468500 0.9395299554 0.2936932147 0.9707954526 0.2151738852 -0.1060962602
401.0 276.2 2764.1 -0.1628757268 0.2664275169 -0.9499936104 -0.1761468500 0.9395299554 0.2936932147 0.9707954526 0.2151738852 -0.1060962602
381.0 84.5 2730.1 -0.1590567380 0.1023082510 -0.9819541574 -0.1562718004 0.9794682264 0.1273621172 0.9748231173 0.1737095565 -0.1398031265
423.7 298.4 2625.4 -0.0148522183 0.2198948115 -0.9754105210 0.8422214389 0.5285423994 0.1063294634 0.5389271379 -0.8199324608 -0.1930501610
427.3 89.5 2491.7 -0.9740650058 0.2198948115 -0.0533255711 0.1649066955 0.5285423994 -0.8327356577 -0.1549294293 -0.8199324608 -0.5510967970
378.4 254.0 2902.9 0.3405030072 0.7233407497 -0.6006962061 -0.9324949384 0.3416448832 -0.1171834618 0.1204612106 0.6000474691 0.7908426523
485.8 -40.4 2940.9 0.4939139485 0.7233407497 0.4825217128 0.3512684107 0.3416448832 -0.8717162609 -0.7953989506 0.6000474691 -0.0853435621
374.2 -100.9 2612.2 -0.7522999644 0.0993555188 -0.6512858272 0.1306056380 0.9914343357 0.0003836300 0.6457452774 -0.0847729966 -0.7588323951
335.4 -488.8 2645.4 -0.7708250880 0.1148936972 -0.6266005039 0.0162729695 0.9868320823 0.1609273851 0.6368389726 0.1138502061 -0.7625445724
341.3 -122.7 2789.0 -0.8122442365 -0.3633187413 -0.4563538432 -0.2285457402 0.9180085063 -0.3240790665 0.5366806984 -0.1589336246 -0.8286820054
482.1 -478.5 2850.6 -0.8232429028 0.0741337985 -0.5628280044 0.0450867042 0.9968430996 0.0653529242 0.5658960342 0.0284252744 -0.8239864707
665.9 49.1 2529.7 0 0 0 0 0 0 0 0 0
528.7 -9.9 2871.9 0 0 0 0 0 0 0 0 0
297.7 -812.6 2608.0 0 0 0 0 0 0 0 0 0
456.4 -823.5 2840.8 0 0 0 0 0 0 0 0 0
463.4 461.1 2812.2 5 -0.1099268422 0.2551901042 -0.9606217146 -0.1903918236 0.9431757331 0.2723426819 0.9755342603 0.2128322870 -0.0550942160
412.2 271.8 2769.5 -0.1099268422 0.2551901042 -0.9606217146 -0.1903918236 0.9431757331 0.2723426819 0.9755342603 0.2128322870 -0.0550942160
391.5 80.5 2733.4 -0.1067366004 0.1052090526 -0.9887053967 -0.1733929068 0.9771792293 0.1227013320 0.9790517092 0.1845312268 -0.0860582888
427.3 296.5 2630.3 -0.0625830293 0.2565833628 -0.9644938111 0.8321198225 0.5469921231 0.0915220976 0.5510535240 -0.7968466878 -0.2477405369
442.8 90.6 2493.9 -0.9664050937 0.2565833628 -0.0150380852 0.1580203921 0.5469921231 -0.8220883012 -0.2027084827 -0.7968466878 -0.5691613555
397.0 247.2 2908.7 0.3515387177 0.7518554926 -0.5577936769 -0.9321454167 0.3363226652 -0.1341340840 0.0867492184 0.5670982003 0.8190691471
507.9 -47.0 2936.1 0.4492141604 0.7518554926 0.4826177657 0.3682901859 0.3363226652 -0.8667464256 -0.8139833808 0.5670982003 -0.1258200854
375.3 -93.2 2608.1 -0.7157759070 0.1102551892 -0.6895713806 0.1387262940 0.9902271032 0.0143288178 0.6844120622 -0.0854054540 -0.7240759730
332.1 -480.8 2641.5 -0.7345130444 0.1059825048 -0.6702673435 0.0164337400 0.9902171493 0.1385639608 0.6783955693 0.0907620341 -0.7290690541
346.5 -120.7 2784.5 -0.7820388079 -0.3779482841 -0.4955506027 -0.2418701351 0.9168658257 -0.3175781369 0.5743815303 -0.1284995377 -0.8084390759
493.7 -477.8 2834.5 -0.7979917526 0.0697609112 -0.5986171961 0.0608937331 0.9975278378 0.0350737609 0.5995841026 -0.0084634628 -0.8002669811
680.6 51.7 2543.8 0 0 0 0 0 0 0 0 0
546.9 -15.0 2865.5 0 0 0 0 0 0 0 0 0
296.8 -811.0 2611.3 0 0 0 0 0 0 0 0 0
470.0 -816.6 2837.4 0 0 0 0 0 0 0 0 0
479.6 471.8 2805.3 6 -0.1353355646 0.2357186377 -0.9623517990 -0.1760433763 0.9501125813 0.2574777305 0.9750348926 0.2042615563 -0.0870873183
432.4 281.4 2764.3 -0.1353355646 0.2357186377 -0.9623517990 -0.1760433763 0.9501125813 0.2574777305 0.9750348926 0.2042615563 -0.0870873183
414.5 89.5 2729.6 -0.1333757937 0.0910598636 -0.9868733287 -0.1644684225 0.9799289703 0.1126469821 0.9773234129 0.1773338914 -0.1157223284
451.4 304.8 2625.2 -0.0481902622 0.2847822905 -0.9573801160 0.8786699176 0.4678925872 0.0949509963 0.4749914408 -0.8366454244 -0.2727774978
463.5 84.4 2506.1 -0.9547514915 0.2847822905 -0.0857240558 0.2164970338 0.4678925872 -0.8568579555 -0.2039083391 -0.8366454244 -0.5083757043
413.4 257.9 2903.4 0.3573783934 0.7320244312 -0.5800180435 -0.9278329611 0.3492879868 -0.1308582425 0.1068018973 0.5849257708 0.8040243983
526.2 -34.9 2937.1 0.4691094458 0.7320244312 0.4940410852 0.3641830683 0.3492879868 -0.8633473516 -0.8045539260 0.5849257708 -0.1027366072
382.5 -94.5 2608.8 -0.7350228429 0.1095931977 -0.6691268682 0.1521368474 0.9883455038 -0.0052428260 0.6607539654 -0.1056524515 -0.7431297302
339.5 -482.3 2650.2 -0.7575491071 0.1212482676 -0.6414188743 0.0225425083 0.9868716002 0.1599257886 0.6523888111 0.1066924483 -0.7503369451
361.2 -126.1 2785.8 -0.0776384398 -0.4033491313 -0.9117465615 0.0566511974 0.9112445116 -0.4079510868 0.9953707457 -0.0833242163 -0.0478973873
518.5 -481.5 2818.3 -0.0776384398 0.1172167882 -0.9900668859 0.0566511974 0.9919785857 0.1130006760 0.9953707457 -0.0473152809 -0.0836561397
701.4 30.5 2556.9 0 0 0 0 0 0 0 0 0
566.9 -3.3 2867.3 0 0 0 0 0 0 0 0 0
298.1 -819.4 2613.8 0 0 0 0 0 0 0 0 0
479.2 -814.3 2834.2 0 0 0 0 0 0 0 0 0
491.7 467.9 2811.8 7 -0.2240308225 0.2250219434 -0.9482485652 -0.1502370238 0.9533753395 0.2617331743 0.9629325271 0.2010983378 -0.1797788441
446.3 275.3 2771.1 -0.2240308225 0.2250219434 -0.9482485652 -0.1502370238 0.9533753395 0.2617331743 0.9629325271 0.2010983378 -0.1797788441
430.6 83.0 2737.3 -0.2242830843 0.0798780918 -0.9712448716 -0.1518379450 0.9815993905 0.1157926023 0.9626226425 0.1734421551 -0.2080276161
478.1 296.9 2634.7 0.0100211482 0.3103550375 -0.9505679011 0.8779156804 0.4523617029 0.1569487602 0.4787103534 -0.8360912800 -0.2679323852
475.6 80.5 2516.7 -0.9388588667 0.3103550375 -0.1490764022 0.2837846577 0.4523617029 -0.8454792500 -0.1949622929 -0.8360912800 -0.5127778053
414.4 253.6 2907.6 0.3392603397 0.6770284176 -0.6530964375 -0.9286848307 0.3516291380 -0.1179044694 0.1498230547 0.6465210319 0.7480398417
521.4 -39.3 2954.9 0.5435920358 0.6770284176 0.4961251915 0.3532769084 0.3516291380 -0.8669211864 -0.7613824010 0.6465210319 -0.0480356999
409.7 -87.2 2606.6 -0.7868577242 0.1494131088 -0.5987742543 0.2018592954 0.9791909456 -0.0209270474 0.5831875801 -0.1373347640 -0.8006443977
351.2 -470.6 2660.4 -0.8192306161 0.1408946812 -0.5558865666 0.0478258356 0.9827575684 0.1786064357 0.5714664459 0.1197341159 -0.8118434548
384.6 -117.1 2783.3 -0.0459933951 -0.3987802565 -0.9158924222 0.0630734339 0.9138739705 -0.4010687768 0.9969485402 -0.0762149915 -0.0168797262
540.5 -474.3 2813.1 -0.0459933951 0.1637696922 -0.9854258299 0.0630734339 0.9849775434 0.1607513279 0.9969485402 -0.0547606908 -0.0556319803
710.5 9.5 2565.4 0 0 0 0 0 0 0 0 0
568.5 -8.7 2889.0 0 0 0 0 0 0 0 0 0
301.1 -820.2 2617.8 0 0 0 0 0 0 0 0 0
484.1 -813.0 2831.9 0 0 0 0 0 0 0 0 0
503.7 468.5 2825.5 8 -0.1910311729 0.2060157359 -0.9597210884 -0.1743401885 0.9550607204 0.2397174984 0.9659775496 0.2131114751 -0.1465295553
462.0 275.3 2782.4 -0.1910311729 0.2060157359 -0.9597210884 -0.1743401885 0.9550607204 0.2397174984 0.9659775496 0.2131114751 -0.1465295553
447.9 82.8 2749.3 -0.1880159974 0.0719622448 -0.9795261025 -0.1533190459 0.9829355478 0.1016416773 0.9701253772 0.1692902744 -0.1737744212
488.8 297.1 2644.6 0.0497820713 0.3158268332 -0.9475099444 0.8833004236 0.4288632870 0.1893585026 0.4661567509 -0.8463625908 -0.2576202750
476.2 75.1 2527.4 -0.9267821312 0.3158268332 -0.2032936066 0.3305619657 0.4288632870 -0.8407170177 -0.1783358306 -0.8463625908 -0.5018631816
435.3 253.5 2920.2 0.3583593965 0.6943344474 -0.6240819097 -0.9231882691 0.3630348742 -0.1262103170 0.1389313340 0.6213737726 0.7710983753
548.4 -37.8 2964.1 0.5112615228 0.6943344474 0.5064694881 0.3588231206 0.3630348742 -0.8599137068 -0.7809337974 0.6213737726 -0.0635374859
435.6 -95.3 2616.8 -0.7631384730 0.1856199503 -0.6190031767 0.2254642695 0.9741486311 0.0141533483 0.6056281924 -0.1287621260 -0.7852609754
362.9 -476.6 2667.2 -0.8051467538 0.1659884304 -0.5693738461 0.0537337661 0.9765037894 0.2086937428 0.5906364322 0.1374344826 -0.7951480150
394.7 -122.8 2790.1 -0.0526032932 -0.3933712542 -0.9178736210 0.0477591418 0.9171034098 -0.3957782388 0.9974727631 -0.0646560937 -0.0294555873
548.6 -481.7 2815.4 -0.0526032932 0.1828418374 -0.9817340374 0.0477591418 0.9824308753 0.1804125756 0.9974727631 -0.0373964794 -0.0604114681
708.4 -7.7 2572.1 0 0 0 0 0 0 0 0 0
592.7 -6.7 2896.4 0 0 0 0 0 0 0 0 0
304.4 -820.9 2618.8 0 0 0 0 0 0 0 0 0
487.2 -811.6 2827.9 0 0 0 0 0 0 0 0 0
509.1 469.0 2832.4 9 -0.1628595591 0.1471296400 -0.9756175876 -0.1808766872 0.9676088691 0.1761155725 0.9699280262 0.2051485777 -0.1309720278
479.6 274.9 2791.2 -0.1628595591 0.1471296400 -0.9756175876 -0.1808766872 0.9676088691 0.1761155725 0.9699280262 0.2051485777 -0.1309720278
469.6 82.1 2758.6 -0.1603817791 0.0510847941 -0.9857322574 -0.1564716995 0.9847161174 0.0764905810 0.9745739102 0.1665068865 -0.1499371976
502.4 297.2 2652.6 0.0944207534 0.3137041032 -0.9448145032 0.8978689909 0.3831082582 0.2169315666 0.4300185740 -0.8688024879 -0.2454918176
478.5 69.8 2543.7 -0.9014586210 0.3137041032 -0.2982651293 0.4075835943 0.3831082582 -0.8289172053 -0.1457668841 -0.8688024879 -0.4732168913
456.8 252.7 2929.9 0.3854655027 0.6998171806 -0.6013919711 -0.9133608341 0.3819858432 -0.1409211308 0.1311041862 0.6036081314 0.7864279747
578.4 -35.5 2971.3 0.4828032255 0.6998171806 0.5264570117 0.3698352873 0.3819858432 -0.8469407558 -0.7938027978 0.6036081314 -0.0743930712
451.0 -95.8 2628.7 -0.7520843744 0.1826458722 -0.6332531571 0.2159618139 0.9760807157 0.0250383243 0.6226793528 -0.1179275736 -0.7735396028
379.5 -477.9 2674.9 -0.7922319174 0.2075401992 -0.5738428831 0.0717859939 0.9655542374 0.2501035631 0.6059829593 0.1569461375 -0.7798413634
416.9 -123.5 2803.6 -0.0222601127 -0.3553905487 -0.9344528317 0.0299793016 0.9340267777 -0.3559426665 0.9993026257 -0.0359375663 -0.0101371808
555.8 -488.7 2817.7 -0.0222601127 0.1954283416 -0.9804653525 0.0299793016 0.9803977609 0.1947342306 0.9993026257 -0.0250588600 -0.0276825689
703.9 -32.2 2580.2 0 0 0 0 0 0 0 0 0
620.3 -3.5 2902.4 0 0 0 0 0 0 0 0 0
305.9 -820.2 2619.3 0 0 0 0 0 0 0 0 0
491.2 -812.9 2825.9 0 0 0 0 0 0 0 0 0
519.4 469.4 2824.8 0 -0.1093404591 0.1865040362 -0.9763507843 -0.1550894082 0.9670096636 0.2020879686 0.9818308949 0.1735180616 -0.0768084824
481.8 274.2 2789.8 -0.1093404591 0.1865040362 -0.9763507843 -0.1550894082 0.9670096636 0.2020879686 0.9818308949 0.1735180616 -0.0768084824
476.4 80.9 2759.1 -0.1090128571 0.0276260637 -0.9936563969 -0.1520992965 0.9873791933 0.0441381745 0.9823349714 0.1559460610 -0.1034351140
497.3 295.7 2650.1 0.0728170276 0.2608710229 -0.9626234770 0.9278357029 0.3362975121 0.1613221765 0.3658121824 -0.9049034715 -0.2175572515
479.4 68.4 2560.5 -0.8881956935 0.2608710229 -0.3782257140 0.4508622587 0.3362975121 -0.8268175125 -0.0884963498 -0.9049034715 -0.4163148999
466.3 252.7 2929.5 0.4201752543 0.7153913379 -0.5582723022 -0.8995482922 0.4093427658 -0.1524840742 0.1194389462 0.5662629604 0.8155247569
598.8 -31.1 2967.2 0.4327268004 0.7153913379 0.5486007333 0.3767445087 0.4093427658 -0.8309645653 -0.8190305829 0.5662629604 -0.0923861712
474.2 -96.5 2638.0 -0.7253773808 0.1990618557 -0.6589401364 0.2144460231 0.9749842286 0.0584694557 0.6540952325 -0.0988946706 -0.7499194741
396.2 -478.3 2676.7 -0.7646376491 0.2469114512 -0.5952848196 0.0891822055 0.9553477168 0.2817041874 0.6382599473 0.1623128057 -0.7525149584
445.1 -124.8 2813.9 0.0782318339 -0.3066653609 -0.9485969543 0.0189575236 0.9517986774 -0.3061369956 0.9967549443 0.0059666107 0.0802745745
564.9 -496.4 2811.6 0.0782318339 0.2179418951 -0.9728212357 0.0189575236 0.9753102064 0.2200240195 0.9967549443 -0.0356551632 0.0721686706
701.6 -44.3 2582.6 0 0 0 0 0 0 0 0 0
636.3 1.5 2896.2 0 0 0 0 0 0 0 0 0
308.6 -817.5 2619.1 0 0 0 0 0 0 0 0 0
493.6 -815.5 2823.2 0 0 0 0 0 0 0 0 0
524.2 465.1 2811.6 1 -0.1397813112 0.1950555742 -0.9707803726 -0.1085338891 0.9714801908 0.2108238339 0.9842162132 0.1348318011 -0.1146246344
485.5 272.2 2784.8 -0.1397813112 0.1950555742 -0.9707803726 -0.1085338891 0.9714801908 0.2108238339 0.9842162132 0.1348318011 -0.1146246344
478.8 78.2 2759.0 -0.1417387575 0.0339627527 -0.9893212914 -0.1253052652 0.9907564521 0.0519643389 0.9819412827 0.1313325316 -0.1361728609
505.6 289.9 2645.1 0.1000664607 0.2116303146 -0.9722136259 0.9481337070 0.2760120034 0.1576699764 0.3017103672 -0.9375659823 -0.1730342954
481.7 63.5 2573.1 -0.8451912999 0.2116303146 -0.4907792509 0.5333971381 0.2760120034 -0.7995654345 -0.0337513201 -0.9375659823 -0.3461659253
465.3 254.4 2924.5 0.4058197141 0.7013970017 -0.5859629512 -0.9004871845 0.4165012836 -0.1250978410 0.1563110650 0.5784193277 0.8006234765
593.3 -29.6 2973.8 0.4628911018 0.7013970017 0.5420092940 0.3509216011 0.4165012836 -0.8386779428 -0.8139937520 0.5784193277 -0.0533406325
480.9 -98.7 2639.9 -0.7533292770 0.1763195992 -0.6335664392 0.1883170158 0.9808820486 0.0490619801 0.6301045418 -0.0823515058 -0.7721311450
411.9 -482.7 2672.1 -0.7718658447 0.2875497341 -0.5670434833 0.1321577728 0.9449625611 0.2992992699 0.6218982935 0.1560796797 -0.7673862576
461.2 -126.0 2817.1 0.0513183959 -0.2978138030 -0.9532436132 0.0118319448 0.9546155930 -0.2976054847 0.9986122251 0.0039939112 0.0525130592
577.7 -499.3 2815.5 0.0513183959 0.2466158718 -0.9677535892 0.0118319448 0.9688122869 0.2475131005 0.9986122251 -0.0241523832 0.0467999503
694.4 -70.8 2581.6 0 0 0 0 0 0 0 0 0
633.4 0.8 2903.2 0 0 0 0 0 0 0 0 0
311.4 -812.9 2617.6 0 0 0 0 0 0 0 0 0
496.0 -820.1 2823.5 0 0 0 0 0 0 0 0 0
531.1 460.4 2803.4 2 -0.0048816972 0.1761067063 -0.9843589664 -0.0889497325 0.9803922176 0.1758381575 0.9960241318 0.0884168595 0.0108786672
496.2 266.2 2785.9 -0.0048816972 0.1761067063 -0.9843589664 -0.0889497325 0.9803922176 0.1758381575 0.9960241318 0.0884168595 0.0108786672
488.8 71.9 2763.1 -0.0078648832 0.0386685394 -0.9992211461 -0.1163518354 0.9924293756 0.0393215120 0.9931769371 0.1165704727 -0.0033061854
497.3 282.6 2645.8 0.0514001809 0.1768637896 -0.9828922749 0.9620726705 0.2552520633 0.0962420404 0.2679070234 -0.9505606890 -0.1570358276
485.0 51.6 2581.4 -0.8183948994 0.1768637896 -0.5467622876 0.5746526718 0.2552520633 -0.7775735855 0.0020375953 -0.9505606890 -0.3105322421
495.1 249.8 2926.0 0.4320607483 0.7683107853 -0.4722521007 -0.8954055309 0.4279215634 -0.1230123490 0.1075751409 0.4760059416 0.8728378415
631.3 -32.4 2959.9 0.3451287150 0.7683107853 0.5390591025 0.3493423164 0.4279215634 -0.8335725069 -0.8711177111 0.4760059416 -0.1207154468
484.9 -104.4 2644.6 -0.6713177562 0.1491038799 -0.7260168791 0.1441052109 0.9871202111 0.0694791824 0.7270255685 -0.0579802096 -0.6841579676
426.5 -490.7 2667.3 -0.6802330613 0.3247210681 -0.6571447253 0.1192133576 0.9335930943 0.3379232585 0.7232365608 0.1515261382 -0.6737719774
459.3 -127.0 2821.8 0.0180381499 -0.3284186721 -0.9443600178 -0.0056322208 0.9444652796 -0.3285628855 0.9998214245 0.0112455105 0.0151866805
587.7 -496.4 2817.4 0.0180381499 0.2516733110 -0.9676441550 -0.0056322208 0.9678118229 0.2516119182 0.9998214245 0.0009113718 0.0188750140
692.4 -94.1 2580.9 0 0 0 0 0 0 0 0 0
661.0 -2.4 2885.0 0 0 0 0 0 0 0 0 0
314.6 -812.5 2615.1 0 0 0 0 0 0 0 0 0
504.4 -816.9 2817.1 0 0 0 0 0 0 0 0 0
538.7 459.8 2799.3 3 0.0469256267 0.1527781039 -0.9871457815 -0.0678489208 0.9864396453 0.1494434923 0.9965914488 0.0599640496 0.0566551276
508.5 264.7 2787.5 0.0469256267 0.1527781039 -0.9871457815 -0.0678489208 0.9864396453 0.1494434923 0.9965914488 0.0599640496 0.0566551276
497.8 70.1 2769.0 0.0438407101 0.0553247146 -0.9975054860 -0.0972064361 0.9939640760 0.0508560427 0.9942982197 0.0947343931 0.0489540063
502.2 278.5 2646.7 0.1051148996 0.1490802020 -0.9832222462 0.9658252001 0.2202465534 0.1366496980 0.2369230688 -0.9639847279 -0.1208342239
477.3 49.6 2590.6 -0.7243751884 0.1490802020 -0.6730940938 0.6879259348 0.2202465534 -0.6915557384 0.0451493822 -0.9639847279 -0.2620972991
514.7 250.9 2928.3 0.4290894270 0.7963774204 -0.4262221456 -0.8973632455 0.4296835065 -0.1005551443 0.1030607820 0.4256232083 0.8990124464
650.1 -32.3 2960.8 0.3015568554 0.7963774204 0.5242580771 0.3279173076 0.4296835065 -0.8413336277 -0.8952841163 0.4256232083 -0.1315719336
482.1 -112.0 2651.4 -0.6401967406 0.1096164584 -0.7603501678 0.0903818011 0.9936407804 0.0671496540 0.7628756762 -0.0257328264 -0.6460329294
439.3 -500.5 2661.4 -0.6277325153 0.3623066843 -0.6889744401 0.1231193990 0.9201527238 0.3716995120 0.7686309218 0.1485017538 -0.6222168207
480.7 -132.8 2829.1 0.0458082855 -0.2813644707 -0.9585070014 -0.0231727865 0.9589567184 -0.2826039493 0.9986814260 0.0351568796 0.0374081656
590.7 -507.7 2815.4 0.0458082855 0.2482177764 -0.9676205516 -0.0231727865 0.9686407447 0.2473824620 0.9986814260 0.0110902973 0.0501236692
659.7 -123.7 2579.2 0 0 0 0 0 0 0 0 0
676.2 -4.0 2883.5 0 0 0 0 0 0 0 0 0
318.4 -807.4 2611.9 0 0 0 0 0 0 0 0 0
511.0 -818.9 2811.8 0 0 0 0 0 0 0 0 0
542.7 456.3 2787.3 4 0.0866041780 0.1436985284 -0.9858247638 -0.0264985040 0.9895248413 0.1419100016 0.9958903193 0.0138328830 0.0895047858
514.3 260.2 2784.6 0.0866041780 0.1436985284 -0.9858247638 -0.0264985040 0.9895248413 0.1419100016 0.9958903193 0.0138328830 0.0895047858
499.5 65.4 2776.0 0.0838728100 0.0767049789 -0.9935198426 -0.0511049442 0.9960519671 0.0725862011 0.9951651096 0.0446857661 0.0874616802
502.2 267.5 2643.5 0.1565979868 0.0090022217 -0.9876214266 0.9751993418 0.1569454819 0.1560588926 0.1564075947 -0.9875662327 0.0157983862
466.4 44.5 2607.7 -0.7477942705 0.0090022217 -0.6638695002 0.6567248106 0.1569454819 -0.7376182079 0.0975511149 -0.9875662327 -0.1232749224
526.3 252.9 2925.7 0.4187331200 0.8202353716 -0.3897133470 -0.8989292383 0.4352569878 -0.0497756861 0.1287976652 0.3711674511 0.9195900559
658.4 -30.8 2966.3 0.2691772580 0.8202353716 0.5047350526 0.2788432837 0.4352569878 -0.8560360670 -0.9218405485 0.3711674511 -0.1115558445
483.2 -115.7 2661.3 -0.6171174645 0.0792493001 -0.7828701138 0.0299820080 0.9965610504 0.0772469789 0.7862996459 0.0241984390 -0.6173712611
