205.8 359.9 2846.9 22 0.6641541123 -0.0242947042 0.7472008467 0.1698753089 0.9782313108 -0.1191882342 -0.7280396223 0.2060903311 0.6538234353
210.6 164.3 2805.6 0.6641541123 -0.0242947042 0.7472008467 0.1698753089 0.9782313108 -0.1191882342 -0.7280396223 0.2060903311 0.6538234353
216.0 -30.5 2766.6 0.6642891765 -0.0270852651 0.7469847798 0.1647266001 0.9800788164 -0.1109532714 -0.7290987968 0.1967533231 0.6555174589
113.7 140.2 2912.1 -0.0502032004 -0.2601711452 0.9642565250 0.7654139996 0.6101853251 0.2044879645 -0.6415770054 0.7483213544 0.1685053855
130.6 -118.2 3128.6 0.1341203898 -0.2818446457 0.9500396252 0.8698868155 0.4926978648 0.0233618692 -0.4746669233 0.8232936263 0.3112537563
307.6 188.3 2699.2 -0.3158495426 -0.6036227345 0.7320373654 -0.8646345139 0.5008144975 0.0399004295 -0.3906997144 -0.6203421950 -0.6800950766
221.3 -48.0 2592.4 -0.6804954410 -0.6036227345 -0.4154100716 0.0817767978 0.5008144975 -0.8616828918 0.7281747460 -0.6203421950 -0.2914396524
160.6 -238.4 2794.8 0.4857371449 -0.2082826048 0.8489274383 0.1746496111 0.9747386575 0.1392195523 -0.8564794064 0.0806407407 0.5098432302
242.7 -623.0 2763.0 0.4919068813 -0.0016216181 0.8706462979 0.0202701502 0.9997485280 -0.0095903650 -0.8704118133 0.0223656986 0.4918160439
280.0 -207.9 2659.3 0.8709158897 0.0879094452 0.4835053682 0.0615256839 0.9566242099 -0.2847537994 -0.4875654876 0.2777446210 0.8277305365
245.1 -587.8 2549.1 0.8662965298 -0.1861779690 0.4635386765 0.0872027427 0.9700645804 0.2266503721 -0.4918597639 -0.1559245884 0.8565987945
93.0 -362.0 3261.7 0 0 0 0 0 0 0 0 0
34.7 -25.6 2792.1 0 0 0 0 0 0 0 0 0
243.3 -963.7 2755.4 0 0 0 0 0 0 0 0 0
315.6 -955.0 2608.1 0 0 0 0 0 0 0 0 0
201.2 359.0 2846.3 23 0.6942866445 -0.0245383848 0.7192801833 0.1734163910 0.9756754637 -0.1341051608 -0.6984932423 0.2178423852 0.6816537380
206.1 164.0 2802.8 0.6942866445 -0.0245383848 0.7192801833 0.1734163910 0.9756754637 -0.1341051608 -0.6984932423 0.2178423852 0.6816537380
211.0 -30.2 2761.4 0.6944568753 -0.0244755223 0.7191179395 0.1666317433 0.9777228236 -0.1276400983 -0.6999739408 0.2084684223 0.6830646992
104.8 139.7 2904.9 -0.0168159045 -0.2832112908 0.9589101076 0.7742081881 0.6031931639 0.1917282045 -0.6327075958 0.7456201315 0.2091212571
110.5 -121.5 3118.4 0.1617703438 -0.3090533316 0.9371853471 0.8744958639 0.4849499762 0.0089714443 -0.4572606683 0.8181134462 0.3487163782
307.5 188.3 2700.7 -0.2746802270 -0.5947705507 0.7555122375 -0.8599712253 0.5034372211 0.0836684331 -0.4301165342 -0.6267367601 -0.6497698426
228.9 -57.7 2577.6 -0.6977969408 -0.5947705507 -0.3991584182 0.0637931153 0.5034372211 -0.8616735935 0.7134492993 -0.6267367601 -0.3133547008
160.0 -240.1 2794.0 0.5270950198 -0.1365879476 0.8387577534 0.1460358500 0.9868745804 0.0689357519 -0.8371644616 0.0861530080 0.5401234031
214.0 -629.8 2760.0 0.5321875811 -0.0404988267 0.8456572890 0.0646702275 0.9978814721 0.0070907404 -0.8441529274 0.0509152450 0.5336791873
282.2 -210.1 2660.7 0.8888046145 0.1002959013 0.4471767843 0.0437393896 0.9527395368 -0.3006230295 -0.4561942816 0.2867543995 0.8424124122
242.3 -588.5 2546.8 0.8825516105 -0.1618570387 0.4414804578 0.0867803991 0.9788274765 0.1853806674 -0.4621383548 -0.1252961457 0.8779117465
65.2 -366.5 3246.5 0 0 0 0 0 0 0 0 0
36.9 -40.2 2773.9 0 0 0 0 0 0 0 0 0
227.5 -963.2 2743.0 0 0 0 0 0 0 0 0 0
303.8 -960.5 2594.4 0 0 0 0 0 0 0 0 0
197.5 356.6 2844.0 24 0.7137343884 -0.0272320062 0.6998868585 0.1761620641 0.9741021395 -0.1417460144 -0.6779012680 0.2244625092 0.7000474930
203.0 161.1 2799.0 0.7137343884 -0.0272320062 0.6998868585 0.1761620641 0.9741021395 -0.1417460144 -0.6779012680 0.2244625092 0.7000474930
207.6 -32.9 2756.3 0.7139806747 -0.0232702773 0.6997786164 0.1666514277 0.9763723612 -0.1375655681 -0.6800433397 0.2148382515 0.7009890079
98.8 136.8 2898.2 0.0053351228 -0.2987936139 0.9543028474 0.7786979079 0.5999654531 0.1834966540 -0.6273763180 0.7421346903 0.2358708382
97.0 -126.0 3110.0 0.1798973233 -0.3273705244 0.9276127815 0.8765014410 0.4813992381 -0.0000909327 -0.4465223253 0.8130702972 0.3735431433
307.2 185.4 2699.8 -0.2883876264 -0.5836011767 0.7591062188 -0.8631885648 0.5015757084 0.0576826446 -0.4144128859 -0.6386168599 -0.6484060884
227.1 -54.3 2584.7 -0.7283074856 -0.5836011767 -0.3591349125 0.0245057382 0.5015757084 -0.8647665977 0.6848121285 -0.6386168599 -0.3509997725
150.7 -242.3 2780.9 0.5538597107 -0.1182023734 0.8241769075 0.1192248389 0.9909297824 0.0619968995 -0.8240296245 0.0639247745 0.5629287362
197.7 -636.0 2755.5 0.5560245514 -0.0594460033 0.8290373087 0.0876813754 0.9960686564 0.0126162060 -0.8265280724 0.0656762123 0.5590509772
279.5 -209.2 2655.9 0.9000511169 0.0960142314 0.4250755608 0.0322058052 0.9581038356 -0.2846046388 -0.4345926344 0.2698486149 0.8592502475
241.4 -589.9 2548.7 0.8931276798 -0.1340392232 0.4293674529 0.0980572477 0.9896290898 0.1049717888 -0.4389848411 -0.0516506247 0.8970086575
46.6 -371.6 3235.1 0 0 0 0 0 0 0 0 0
26.2 -47.5 2773.6 0 0 0 0 0 0 0 0 0
217.4 -965.7 2733.8 0 0 0 0 0 0 0 0 0
292.3 -965.8 2568.3 0 0 0 0 0 0 0 0 0
195.6 355.3 2841.9 25 0.7522389293 -0.0235652216 0.6584689021 0.1666849256 0.9736590981 -0.1555766761 -0.6374580264 0.2267876565 0.7363522649
200.3 160.4 2796.5 0.7522389293 -0.0235652216 0.6584689021 0.1666849256 0.9736590981 -0.1555766761 -0.6374580264 0.2267876565 0.7363522649
204.7 -33.5 2753.1 0.7523924112 -0.0221190639 0.6583436728 0.1601361483 0.9755951762 -0.1502345502 -0.6389538646 0.2184599638 0.7375724912
90.6 137.1 2889.6 0.0500203334 -0.3311657906 0.9422458410 0.7817785740 0.6001013517 0.1694124937 -0.6215466261 0.7281535268 0.2889156044
73.8 -126.6 3099.3 0.2155446112 -0.3651503325 0.9056521058 0.8763175607 0.4815179706 -0.0144195389 -0.4308224916 0.7967469096 0.4237762690
310.0 183.7 2703.4 -0.3824962378 -0.5845745802 0.7155202031 -0.8443010449 0.5356944799 -0.0136803873 -0.3753030300 -0.6093471646 -0.6984580755
203.0 -52.5 2598.4 -0.7116056681 -0.5845745802 -0.3897306323 0.0222393628 0.5356944799 -0.8441189528 0.7022270560 -0.6093471646 -0.3682026565
142.2 -242.1 2770.6 0.6013170481 -0.1007273421 0.7926359773 0.1012089998 0.9936335087 0.0494897552 -0.7925745845 0.0504628606 0.6076833010
182.4 -638.0 2750.5 0.6017377973 -0.0623985939 0.7962524891 0.0947043747 0.9954845905 0.0064422255 -0.7930591106 0.0715320632 0.6049301028
277.7 -211.6 2651.3 0.9227701426 0.0934815109 0.3738401532 0.0206554793 0.9567357898 -0.2902239561 -0.3847968280 0.2755318582 0.8809163570
240.6 -591.8 2541.8 0.9159044623 -0.1190106496 0.3833477795 0.1070474461 0.9928681254 0.0524762310 -0.3868590295 -0.0070268097 0.9221121073
13.4 -372.0 3219.9 0 0 0 0 0 0 0 0 0
3.1 -46.2 2795.6 0 0 0 0 0 0 0 0 0
203.0 -966.2 2726.9 0 0 0 0 0 0 0 0 0
285.9 -969.7 2544.5 0 0 0 0 0 0 0 0 0
195.3 354.2 2830.8 26 0.7738521695 -0.0198272783 0.6330558658 0.1501372606 0.9767646194 -0.1529366821 -0.6153142452 0.2133956552 0.7588482499
199.3 158.6 2788.1 0.7738521695 -0.0198272783 0.6330558658 0.1501372606 0.9767646194 -0.1529366821 -0.6153142452 0.2133956552 0.7588482499
203.7 -35.8 2747.0 0.7739047408 -0.0223150570 0.6329087019 0.1476972103 0.9781804085 -0.1461117864 -0.6158384085 0.2065554708 0.7603143454
86.4 137.0 2877.9 0.0759608895 -0.3504150212 0.9335091114 0.7740380764 0.6109000444 0.1663314551 -0.6285657883 0.7099369168 0.3176390827
60.8 -124.1 3089.9 0.2359284312 -0.3874883056 0.8911737204 0.8696716428 0.4933806062 -0.0157107953 -0.4336000979 0.7787351012 0.4533900917
312.2 180.1 2698.3 -0.3760532737 -0.5668979883 0.7329465151 -0.8460374475 0.5326658487 -0.0220861305 -0.3778949976 -0.6284057498 -0.6799276471
208.8 -52.3 2594.5 -0.7360267043 -0.5668979883 -0.3699882925 0.0150993876 0.5326658487 -0.8461909294 0.6767840385 -0.6284057498 -0.3834964633
138.2 -243.7 2763.6 0.6281883121 -0.0915468857 0.7726568580 0.0806429461 0.9953663349 0.0523695983 -0.7738708854 0.0294113569 0.6326601505
174.7 -641.0 2751.9 0.6278014183 -0.0636077896 0.7757701874 0.0868975893 0.9961525202 0.0113546904 -0.7735077143 0.0602840707 0.6309133768
278.0 -212.7 2651.2 0.9353768826 0.0879786089 0.3425344229 0.0148176644 0.9579620361 -0.2865121365 -0.3533419073 0.2730723917 0.8947519064
243.1 -593.4 2542.7 0.9295186400 -0.1050877646 0.3534850478 0.1155022532 0.9932714105 -0.0084326724 -0.3502204120 0.0486666448 0.9354021549
-5.3 -367.7 3211.4 0 0 0 0 0 0 0 0 0
0.4 -48.0 2786.1 0 0 0 0 0 0 0 0 0
195.6 -968.6 2732.1 0 0 0 0 0 0 0 0 0
283.1 -971.6 2524.1 0 0 0 0 0 0 0 0 0
194.3 356.9 2825.3 27 0.7858577967 -0.0205705184 0.6180649996 0.1472022235 0.9769415855 -0.1546500921 -0.6006321907 0.2125135362 0.7707651854
198.4 161.6 2782.8 0.7858577967 -0.0205705184 0.6180649996 0.1472022235 0.9769415855 -0.1546500921 -0.6006321907 0.2125135362 0.7707651854
202.7 -32.8 2741.8 0.7859265804 -0.0213494133 0.6179511547 0.1439943612 0.9782451391 -0.1493387222 -0.6013194323 0.2063507587 0.7719030380
83.7 140.6 2870.6 0.0913989395 -0.3605166078 0.9282639623 0.7735676765 0.6127112508 0.1617959142 -0.6270879507 0.7032870650 0.3348851502
52.9 -120.5 3082.2 0.2482446283 -0.3994364738 0.8825106621 0.8684316874 0.4954029918 -0.0200580712 -0.4291864932 0.7713795304 0.4698644280
313.1 182.6 2695.1 -0.3942061663 -0.5495483875 0.7366125584 -0.8468775749 0.5285138488 -0.0589189418 -0.3569311202 -0.6470468640 -0.6737436652
203.3 -53.4 2595.6 -0.7471930385 -0.5495483875 -0.3737634718 0.0355658084 0.5285138488 -0.8481793404 0.6636547446 -0.6470468640 -0.3753567338
135.4 -240.4 2756.5 0.6431500912 -0.0856295675 0.7609372735 0.0741513148 0.9960221648 0.0494108014 -0.7621414065 0.0246459413 0.6469413042
169.6 -638.3 2746.7 0.6424029469 -0.0629896596 0.7637740374 0.0867911503 0.9961844087 0.0091577163 -0.7614366412 0.0604058802 0.6454187632
279.0 -216.6 2649.6 0.9416337609 0.0923881307 0.3237133026 0.0080817724 0.9551222324 -0.2961015999 -0.3365420699 0.2814354300 0.8986287117
242.2 -596.2 2537.8 0.9340044260 -0.1198426709 0.3365611732 0.1427640617 0.9887734652 -0.0441079326 -0.3274967372 0.0892458409 0.9406279922
-16.7 -363.8 3202.5 0 0 0 0 0 0 0 0 0
-11.6 -43.1 2786.4 0 0 0 0 0 0 0 0 0
190.3 -965.6 2726.8 0 0 0 0 0 0 0 0 0
287.9 -973.0 2503.8 0 0 0 0 0 0 0 0 0
194.6 359.8 2823.5 28 0.7668061256 -0.0111488197 0.6417819262 0.1481204927 0.9759371281 -0.1600218862 -0.6245547533 0.2177668214 0.7500059605
196.8 164.6 2780.0 0.7668061256 -0.0111488197 0.6417819262 0.1481204927 0.9759371281 -0.1600218862 -0.6245547533 0.2177668214 0.7500059605
199.3 -29.6 2738.4 0.7668557167 -0.0128514133 0.6416908503 0.1440850943 0.9777270555 -0.1526082307 -0.6254373193 0.2094865739 0.7516272664
84.9 143.6 2871.3 0.0731101036 -0.3369123936 0.9386932254 0.7750715613 0.6115116477 0.1591151208 -0.6276296973 0.7159214616 0.3058388829
60.2 -118.0 3083.1 0.2362955660 -0.3738815188 0.8968706727 0.8690789938 0.4941392541 -0.0229798704 -0.4345872700 0.7848815322 0.4416955113
308.7 185.7 2688.7 -0.3280985355 -0.5457956195 0.7710113525 -0.8631350398 0.5048760772 -0.0099015096 -0.3838610053 -0.6687355638 -0.6367444396
216.4 -57.1 2580.7 -0.7566228509 -0.5457956195 -0.3600402474 0.0459721163 0.5048760772 -0.8619667292 0.6522333622 -0.6687355638 -0.3569094241
131.8 -237.2 2754.4 0.6190874577 -0.0821204036 0.7810165882 0.0731220245 0.9962249398 0.0467870496 -0.7819104195 0.0281442441 0.6227551699
164.7 -635.4 2743.1 0.6182042360 -0.0604999885 0.7836856842 0.0889587477 0.9960126877 0.0067170812 -0.7809672952 0.0655631721 0.6211212277
278.9 -214.0 2645.7 0.9315711856 0.0930646956 0.3514457047 0.0169680323 0.9544983506 -0.2977331281 -0.3631627858 0.2833229601 0.8876039982
241.9 -593.3 2533.1 0.9230402112 -0.1261802763 0.3634216189 0.1624570638 0.9841639400 -0.0709157884 -0.3487182856 0.1244985387 0.9289217591
-6.0 -361.6 3204.9 0 0 0 0 0 0 0 0 0
-0.5 -43.9 2767.7 0 0 0 0 0 0 0 0 0
184.5 -962.5 2721.6 0 0 0 0 0 0 0 0 0
290.0 -968.7 2485.6 0 0 0 0 0 0 0 0 0
195.8 360.5 2810.6 29 0.7493205667 -0.0089218747 0.6621473432 0.1360368878 0.9806570411 -0.1407329291 -0.6480838656 0.1955305487 0.7360401750
197.6 164.2 2771.5 0.7493205667 -0.0089218747 0.6621473432 0.1360368878 0.9806570411 -0.1407329291 -0.6480838656 0.1955305487 0.7360401750
199.7 -31.0 2734.2 0.7493625879 -0.0101093901 0.6620827317 0.1317038089 0.9821810722 -0.1340688318 -0.6489297748 0.1876649857 0.7373411655
88.2 145.0 2866.2 0.0537189394 -0.3193776309 0.9461036921 0.7608130574 0.6267485023 0.1683741063 -0.6467440128 0.7107631564 0.2766549289
70.1 -111.8 3084.5 0.2217955738 -0.3541049957 0.9085242748 0.8595771790 0.5108934045 -0.0107212439 -0.4603626430 0.7833246589 0.4176944792
307.0 183.4 2676.8 -0.3555075526 -0.5422891974 0.7612731457 -0.8712924123 0.4870942533 -0.0599063151 -0.3383252323 -0.6845886707 -0.6456581354
208.6 -57.9 2583.1 -0.7598365545 -0.5422891974 -0.3585677743 0.0634116307 0.4870942533 -0.8710442781 0.6470142007 -0.6845886707 -0.3357245624
133.2 -238.1 2756.6 0.5977118611 -0.0843037069 0.7972661853 0.0562326461 0.9964151382 0.0632041916 -0.7997364998 0.0070544914 0.6003097892
166.9 -636.5 2753.8 0.5967051983 -0.0627527311 0.8000031114 0.0736885741 0.9970104098 0.0232433677 -0.7990700006 0.0450816490 0.5995454788
272.1 -210.7 2639.5 0.9243418574 0.0659889504 0.3758159280 0.0450291596 0.9591842890 -0.2791736424 -0.3788991272 0.2749745548 0.8836427331
245.9 -591.8 2530.2 0.9173676372 -0.1133360863 0.3815646172 0.1656503677 0.9803554416 -0.1070661247 -0.3619345129 0.1614253223 0.9181205034
8.0 -352.6 3213.4 0 0 0 0 0 0 0 0 0
-11.3 -39.5 2770.4 0 0 0 0 0 0 0 0 0
187.5 -963.7 2739.0 0 0 0 0 0 0 0 0 0
289.1 -965.7 2468.7 0 0 0 0 0 0 0 0 0
200.3 359.5 2794.2 30 0.7649944425 -0.0017088205 0.6440346241 0.1046772376 0.9870295525 -0.1217183694 -0.6354732513 0.1605296433 0.7552509904
200.7 162.0 2762.1 0.7649944425 -0.0017088205 0.6440346241 0.1046772376 0.9870295525 -0.1217183694 -0.6354732513 0.1605296433 0.7552509904
201.5 -34.2 2731.1 0.7649968863 -0.0047195614 0.6440166831 0.1039127409 0.9877758026 -0.1161942855 -0.6355956793 0.1558098048 0.7561358213
89.0 146.8 2854.8 0.0759755522 -0.3291028142 0.9412327409 0.7389701009 0.6523420811 0.1684428900 -0.6694407463 0.6827452779 0.2927591801
63.4 -102.5 3080.6 0.2409147918 -0.3666545451 0.8986237049 0.8421619534 0.5391937494 -0.0057771052 -0.4824140668 0.7581784725 0.4386822283
312.3 177.1 2669.4 -0.3488763869 -0.5391098261 0.7665806413 -0.8693749905 0.4916254878 -0.0499155149 -0.3499606252 -0.6838603616 -0.6402050853
214.4 -66.8 2571.2 -0.7412518263 -0.5391098261 -0.3998828530 0.1085520312 0.4916254878 -0.8640143871 0.6623912454 -0.6838603616 -0.3058968484
132.4 -239.9 2758.5 0.6160898209 -0.0740409568 0.7841882706 0.0243265573 0.9968858957 0.0750113726 -0.7873001695 -0.0271371417 0.6159723997
162.0 -638.2 2769.3 0.6152063608 -0.0539207160 0.7865199447 0.0425991528 0.9984744191 0.0351309367 -0.7872143388 0.0118923085 0.6165648103
270.4 -214.0 2637.5 0.9346969128 0.0420034602 0.3529551923 0.0536783822 0.9649242759 -0.2569821179 -0.3513691723 0.2591464520 0.8996570706
253.7 -597.3 2534.6 0.9306563139 -0.0876143277 0.3552500308 0.1578807235 0.9720294476 -0.1738746315 -0.3300795853 0.2179046571 0.9184579849
-4.1 -338.4 3215.7 0 0 0 0 0 0 0 0 0
1.5 -35.6 2761.4 0 0 0 0 0 0 0 0 0
179.7 -965.8 2765.4 0 0 0 0 0 0 0 0 0
287.1 -967.7 2451.6 0 0 0 0 0 0 0 0 0
202.8 359.2 2785.0 31 0.7549532652 0.0055287071 0.6557552814 0.1001514196 0.9872621298 -0.1236252710 -0.6480858326 0.1590061337 0.7447830439
201.7 161.9 2753.2 0.7549532652 0.0055287071 0.6557552814 0.1001514196 0.9872621298 -0.1236252710 -0.6480858326 0.1590061337 0.7447830439
201.2 -34.4 2722.8 0.7549476027 0.0020977003 0.6557817459 0.0986928344 0.9882421494 -0.1167781129 -0.6483161449 0.1528823227 0.7458640337
91.4 147.5 2847.8 0.0681235567 -0.3150711060 0.9466199875 0.7365846038 0.6558396816 0.1652800143 -0.6729058623 0.6860062480 0.2767546475
68.5 -101.1 3074.9 0.2364929914 -0.3518482149 0.9056897163 0.8396273851 0.5431001186 -0.0082557853 -0.4889754057 0.7623943090 0.4238607585
311.9 176.3 2658.6 -0.3820294440 -0.5467448831 0.7450661063 -0.8686510921 0.4876238704 -0.0875686109 -0.3154343367 -0.6806562543 -0.6612172127
205.5 -65.7 2570.7 -0.7329174876 -0.5467448831 -0.4048480392 0.1143426970 0.4876238704 -0.8655337691 0.6706397533 -0.6806562543 -0.2948718071
131.6 -239.8 2751.9 0.6032529473 -0.0702047274 0.7944540381 0.0191012528 0.9971042871 0.0736084729 -0.7973212004 -0.0292294621 0.6028470397
159.7 -638.4 2763.6 0.6024286151 -0.0497243218 0.7966223955 0.0377787501 0.9987154007 0.0337693803 -0.7972782254 0.0097517595 0.6035332680
272.5 -220.8 2642.0 0.9300621748 0.0332712494 0.3658925891 0.0718021840 0.9602274299 -0.2698290646 -0.3603176475 0.2772296965 0.8906822801
259.3 -602.3 2531.9 0.9275014400 -0.0690523833 0.3673865199 0.1478294581 0.9704316258 -0.1908110678 -0.3433475494 0.2312880903 0.9102846980
2.2 -336.4 3212.0 0 0 0 0 0 0 0 0 0
-7.7 -32.4 2765.8 0 0 0 0 0 0 0 0 0
176.0 -966.1 2760.4 0 0 0 0 0 0 0 0 0
285.7 -972.5 2443.6 0 0 0 0 0 0 0 0 0
205.8 360.4 2780.9 32 0.7564123869 0.0137756420 0.6539499164 0.1012972295 0.9852492213 -0.1379232854 -0.6462036371 0.1705702096 0.7438592911
203.1 163.3 2746.8 0.7564123869 0.0137756420 0.6539499164 0.1012972295 0.9852492213 -0.1379232854 -0.6462036371 0.1705702096 0.7438592911
201.4 -32.7 2714.3 0.7564073205 0.0080960970 0.6540507674 0.1008405313 0.9865258336 -0.1288333237 -0.6462810040 0.1634052992 0.7453989387
92.6 148.6 2841.1 0.0736432523 -0.3118470609 0.9472740293 0.7431841493 0.6505536437 0.1563884616 -0.6650218368 0.6924820542 0.2796686590
67.7 -102.3 3065.6 0.2424071431 -0.3494321108 0.9050613046 0.8432214260 0.5372506976 -0.0184189267 -0.4798086584 0.7676320076 0.4248820543
313.5 178.0 2652.4 -0.3560719490 -0.5415365100 0.7615451217 -0.8746684194 0.4799774885 -0.0676513687 -0.3288888335 -0.6901882291 -0.6445714235
211.2 -73.2 2557.9 -0.7292723060 -0.5415365100 -0.4182106256 0.1402042508 0.4799774885 -0.8660048246 0.6697049141 -0.6901882291 -0.2741085887
130.5 -237.9 2741.1 0.6044181585 -0.0639189780 0.7940989137 0.0237167552 0.9977779984 0.0622619055 -0.7963141203 -0.0187987760 0.6045911312
156.0 -636.9 2748.6 0.6037015915 -0.0436240584 0.7960159183 0.0425989144 0.9988403916 0.0224322602 -0.7960714102 0.0203670226 0.6048598886
270.0 -221.7 2633.1 0.9310665131 0.0228259824 0.3641346991 0.0728132650 0.9663388729 -0.2467538416 -0.3575098813 0.2562580705 0.8980637193
260.9 -605.5 2531.3 0.9282357097 -0.0731999725 0.3647193015 0.1593019068 0.9642175436 -0.2119137049 -0.3361566961 0.2548063695 0.9066820741
-0.2 -338.6 3200.1 0 0 0 0 0 0 0 0 0
1.0 -32.8 2751.0 0 0 0 0 0 0 0 0 0
170.4 -964.6 2741.9 0 0 0 0 0 0 0 0 0
288.9 -973.6 2434.0 0 0 0 0 0 0 0 0 0
209.9 360.2 2768.8 33 0.7551966310 0.0126596326 0.6553760767 0.1035699099 0.9849501848 -0.1383705586 -0.6472644806 0.1723742187 0.7425199151
207.4 163.5 2734.4 0.7551966310 0.0126596326 0.6553760767 0.1035699099 0.9849501848 -0.1383705586 -0.6472644806 0.1723742187 0.7425199151
205.6 -32.4 2701.1 0.7551929355 0.0088723833 0.6554425359 0.1032343730 0.9858204722 -0.1322899312 -0.6473223567 0.1675686240 0.7435687780
97.1 148.4 2828.9 0.0726793259 -0.3101916611 0.9478917718 0.7459305525 0.6477867365 0.1547901630 -0.6620463133 0.6958113909 0.2784621418
72.5 -103.4 3052.5 0.2418478131 -0.3476816416 0.9058847427 0.8451172113 0.5341838598 -0.0206028782 -0.4767457545 0.7705615163 0.4230229259
317.7 178.6 2639.8 -0.3353557885 -0.5286756158 0.7797682881 -0.8884897232 0.4526945353 -0.0751910284 -0.3132451773 -0.7180318236 -0.6215366125
220.3 -79.5 2548.8 -0.7517727613 -0.5286756158 -0.3941316903 0.1430646777 0.4526945353 -0.8801137209 0.6437159181 -0.7180318236 -0.2646886110
134.6 -237.7 2727.2 0.6028792262 -0.0634859577 0.7953025699 0.0267639495 0.9978772998 0.0593683049 -0.7973834276 -0.0145064788 0.6032986045
160.0 -636.8 2733.0 0.6021674871 -0.0431847498 0.7972009778 0.0457458980 0.9987618327 0.0195491277 -0.7970581055 0.0246968269 0.6033974290
269.2 -219.4 2622.6 0.9304243326 0.0173806213 0.3660716414 0.0749712214 0.9687240124 -0.2365440726 -0.3587336540 0.2475312054 0.9000213742
262.3 -604.3 2524.2 0.9283471704 -0.0623860620 0.3664416075 0.1460324079 0.9677641988 -0.2051998675 -0.3418274820 0.2440090775 0.9075315595
4.7 -340.3 3186.1 0 0 0 0 0 0 0 0 0
4.6 -38.5 2733.5 0 0 0 0 0 0 0 0 0
174.1 -964.5 2724.9 0 0 0 0 0 0 0 0 0
286.1 -973.9 2431.1 0 0 0 0 0 0 0 0 0
217.7 361.8 2773.8 34 0.7591230869 0.0322774425 0.6501463652 0.1148658097 0.9764549136 -0.1825969666 -0.6407324076 0.2132931650 0.7375419140
211.3 166.4 2731.1 0.7591230869 0.0322774425 0.6501463652 0.1148658097 0.9764549136 -0.1825969666 -0.6407324076 0.2132931650 0.7375419140
206.8 -27.9 2690.4 0.7591732740 0.0225980058 0.6504961848 0.1166542098 0.9784914851 -0.1701358408 -0.6403496861 0.2050457001 0.7402084470
100.4 149.4 2824.6 0.0863491073 -0.3034406602 0.9489297271 0.7693647146 0.6254442930 0.1299898922 -0.6329469085 0.7188485265 0.2874630988
71.2 -110.2 3038.2 0.2562570870 -0.3428936601 0.9037456512 0.8588871360 0.5097038150 -0.0501487516 -0.4434469342 0.7890664935 0.4251221716
322.2 183.4 2637.6 -0.3053831756 -0.5197056532 0.7979016900 -0.8870124221 0.4600220621 -0.0398577973 -0.3463380635 -0.7199206352 -0.6014683843
230.7 -82.3 2533.9 -0.7647732496 -0.5197056532 -0.3808253407 0.1251188964 0.4600220621 -0.8790477514 0.6320341825 -0.7199206352 -0.2867875397
132.7 -232.8 2708.4 0.6063503623 -0.0489660725 0.7936885953 0.0482814275 0.9985278845 0.0247181654 -0.7937305570 0.0233325511 0.6078218818
152.3 -631.8 2699.1 0.6059109569 -0.0288421474 0.7950094938 0.0672921464 0.9976191521 -0.0150936181 -0.7926813364 0.0626432821 0.6064091921
273.1 -218.8 2608.4 0.9322624207 0.0290749520 0.3606126308 0.0564346425 0.9728764892 -0.2243355364 -0.3573541045 0.2294906378 0.9053353667
261.5 -605.3 2517.3 0.9290671349 -0.0779421106 0.3616064787 0.1501904726 0.9728302956 -0.1761931628 -0.3380488455 0.2180051357 0.9155308604
-0.6 -350.8 3162.4 0 0 0 0 0 0 0 0 0
11.8 -46.5 2714.8 0 0 0 0 0 0 0 0 0
161.7 -959.0 2678.5 0 0 0 0 0 0 0 0 0
291.3 -976.8 2434.0 0 0 0 0 0 0 0 0 0
220.4 361.0 2755.3 35 0.7466911674 0.0299227461 0.6644974947 0.1074697971 0.9804356098 -0.1649127156 -0.6564316750 0.1945522875 0.7288668752
214.4 163.5 2716.1 0.7466911674 0.0299227461 0.6644974947 0.1074697971 0.9804356098 -0.1649127156 -0.6564316750 0.1945522875 0.7288668752
209.1 -31.3 2677.8 0.7467247248 0.0267581549 0.6645947695 0.1086298078 0.9808681607 -0.1615462303 -0.6562025547 0.1928253621 0.7295317650
105.3 147.7 2811.9 0.0741188303 -0.2894128859 0.9543304443 0.7617611289 0.6340347528 0.1331163496 -0.6436042190 0.7171053886 0.2674573958
80.3 -109.4 3029.1 0.2476294935 -0.3275045156 0.9118226171 0.8534904122 0.5191334486 -0.0453277230 -0.4585125744 0.7894563079 0.4080747068
323.4 179.4 2620.3 -0.2859854102 -0.5268537402 0.8003983498 -0.8870115876 0.4615609050 -0.0131150689 -0.3625228405 -0.7137132883 -0.5993250608
239.4 -81.3 2513.7 -0.7617462873 -0.5268537402 -0.3770512938 0.1160934046 0.4615609050 -0.8794792891 0.6373891234 -0.7137132883 -0.2904280722
135.3 -236.1 2699.7 0.5909613371 -0.0483438745 0.8052500486 0.0384845324 0.9987556934 0.0317179151 -0.8057814240 0.0122456122 0.5920864344
154.6 -635.3 2694.8 0.5905445814 -0.0274874736 0.8065367341 0.0575293340 0.9983109832 -0.0080995560 -0.8049518466 0.0511826724 0.5911284685
272.0 -211.5 2591.0 0.9250060320 0.0289970860 0.3788442612 0.0450781733 0.9816658497 -0.1852028370 -0.3772688210 0.1883913577 0.9067397118
260.5 -601.2 2516.2 0.9206856489 -0.0953075066 0.3784896731 0.1804927886 0.9637755156 -0.1963648647 -0.3460640311 0.2491049767 0.9045365453
10.9 -348.6 3157.6 0 0 0 0 0 0 0 0 0
21.5 -48.1 2696.1 0 0 0 0 0 0 0 0 0
163.7 -962.8 2678.0 0 0 0 0 0 0 0 0 0
296.8 -969.1 2421.1 0 0 0 0 0 0 0 0 0
224.9 360.8 2745.0 36 0.7648994923 0.0279770996 0.6435418129 0.1040485203 0.9805705547 -0.1662987173 -0.6356907487 0.1941613704 0.7471269369
219.3 163.1 2705.9 0.7648994923 0.0279770996 0.6435418129 0.1040485203 0.9805705547 -0.1662987173 -0.6356907487 0.1941613704 0.7471269369
213.5 -31.8 2667.9 0.7648150921 0.0292157512 0.6435870528 0.1011552364 0.9811348915 -0.1647479534 -0.6362589598 0.1911039203 0.7474315166
107.6 148.4 2798.8 0.0972233042 -0.3035511971 0.9478419423 0.7595739961 0.6380174160 0.1264162958 -0.6431134939 0.7076655030 0.2925997674
74.8 -108.0 3015.8 0.2663894892 -0.3444656730 0.9002110958 0.8504469395 0.5235509276 -0.0513266325 -0.4536261261 0.7792546749 0.4324182272
331.0 177.9 2613.0 -0.2898388803 -0.5228492618 0.8016371131 -0.8754364252 0.4833316207 -0.0012797880 -0.3867874444 -0.7021532655 -0.5978096128
245.9 -79.1 2499.5 -0.7623208165 -0.5228492618 -0.3814388812 0.1034679413 0.4833316207 -0.8693013787 0.6388750672 -0.7021532655 -0.3143556118
137.6 -236.0 2688.3 0.6125646830 -0.0407599919 0.7893688083 0.0318095870 0.9991317391 0.0269065239 -0.7897801399 0.0086275106 0.6133293509
153.9 -635.4 2684.8 0.6122760177 -0.0209715385 0.7903659344 0.0508690998 0.9986218810 -0.0129095782 -0.7890059948 0.0481094271 0.6124990582
272.3 -216.2 2579.4 0.9352894425 0.0217569880 0.3532142937 0.0446883552 0.9828567505 -0.1788731366 -0.3510507941 0.1830827147 0.9182832241
263.6 -606.6 2506.6 0.9307402968 -0.0959514752 0.3528679907 0.1727006882 0.9659056664 -0.1928750128 -0.3223305345 0.2404570878 0.9155781865
0.1 -346.3 3143.0 0 0 0 0 0 0 0 0 0
27.9 -49.5 2682.1 0 0 0 0 0 0 0 0 0
160.8 -963.1 2669.0 0 0 0 0 0 0 0 0 0
300.3 -975.5 2414.8 0 0 0 0 0 0 0 0 0
233.2 364.2 2740.4 37 0.7685426474 0.0428837240 0.6383597851 0.1030888930 0.9764140844 -0.1897056848 -0.6314387321 0.2116047144 0.7459949851
224.6 168.1 2697.9 0.7685426474 0.0428837240 0.6383597851 0.1030888930 0.9764140844 -0.1897056848 -0.6314387321 0.2116047144 0.7459949851
215.6 -26.0 2656.8 0.7683214545 0.0454942137 0.6384453177 0.0981997624 0.9772831202 -0.1878151745 -0.6324862838 0.2069976032 0.7464000583
112.4 153.8 2790.3 0.1122317165 -0.2946235240 0.9490000010 0.7679203749 0.6318246126 0.1053375900 -0.6306365132 0.7169342041 0.2971581519
74.5 -105.4 3003.1 0.2823733091 -0.3377180099 0.8978930116 0.8528241515 0.5169629455 -0.0737583116 -0.4392679036 0.7865722179 0.4339906275
336.8 182.4 2605.5 -0.2913649678 -0.5084601641 0.8102930188 -0.8770872355 0.4801240265 -0.0141042126 -0.3818697035 -0.7148070931 -0.5858552456
250.5 -77.5 2492.4 -0.7792021632 -0.5084601641 -0.3664863706 0.0967609361 0.4801240265 -0.8718476295 0.6192587018 -0.7148070931 -0.3249146044
136.1 -229.1 2673.6 0.6153584123 -0.0236313771 0.7878931165 0.0339543000 0.9994174242 0.0034567444 -0.7875157595 0.0246252213 0.6158023477
145.6 -628.7 2663.8 0.6153947115 -0.0039757513 0.7882090807 0.0530160703 0.9979315400 -0.0363587290 -0.7864341140 0.0641627163 0.6143325567
277.8 -217.4 2571.6 0.9372864962 0.0231213514 0.3477922380 0.0448391326 0.9815088511 -0.1860907674 -0.3456638455 0.1900150627 0.9189182520
268.6 -607.4 2496.1 0.9336003065 -0.0860225409 0.3478369415 0.1580018699 0.9701129198 -0.1841639280 -0.3215988576 0.2268943936 0.9192894697
-4.6 -344.4 3126.2 0 0 0 0 0 0 0 0 0
27.8 -49.8 2669.3 0 0 0 0 0 0 0 0 0
146.9 -956.1 2642.7 0 0 0 0 0 0 0 0 0
301.5 -978.0 2409.5 0 0 0 0 0 0 0 0 0
239.3 365.3 2728.1 38 0.7683687210 0.0421268530 0.6386194229 0.1112526655 0.9738483429 -0.1980964392 -0.6302636862 0.2232592255 0.7435879111
230.8 170.0 2683.3 0.7683687210 0.0421268530 0.6386194229 0.1112526655 0.9738483429 -0.1980964392 -0.6302636862 0.2232592255 0.7435879111
222.0 -23.8 2640.4 0.7680863142 0.0443856381 0.6388061643 0.1048890054 0.9754000902 -0.1938891113 -0.6316974759 0.2159273177 0.7445358634
118.6 154.7 2775.6 0.1111676991 -0.2952300906 0.9489367604 0.7737883925 0.6248876452 0.1037639007 -0.6236131191 0.7227410078 0.2979129553
81.1 -106.5 2986.1 0.2812678516 -0.3381731510 0.8980686665 0.8571425080 0.5093435645 -0.0766537338 -0.4315032661 0.7913330793 0.4331245422
343.0 185.3 2591.0 -0.2702342272 -0.5074753761 0.8181944489 -0.8776115179 0.4793149829 0.0074308598 -0.3959438503 -0.7160487771 -0.5748935342
262.4 -76.5 2472.9 -0.7811594605 -0.5074753761 -0.3636737168 0.0948167294 0.4793149829 -0.8725061417 0.6170896292 -0.7160487771 -0.3263042867
135.4 -225.7 2666.3 0.6108459234 -0.1328734607 0.7805202603 0.0964567661 0.9909631610 0.0932102427 -0.7858519554 0.0183493607 0.6181423664
188.0 -618.3 2659.0 0.6260904670 -0.0730347335 0.7763224840 -0.0355825499 0.9918906689 0.1220116168 -0.7789381146 -0.1040138453 0.6184145212
277.0 -211.1 2557.6 0.9371019602 0.0130578578 0.3488114178 0.0454023890 0.9862506986 -0.1588967144 -0.3460903466 0.1647392958 0.9236246347
271.8 -602.9 2492.2 0.9347528815 -0.0737954825 0.3475504220 0.1554711014 0.9645263553 -0.2133485377 -0.3194773793 0.2534621954 0.9130668640
2.2 -346.8 3107.0 0 0 0 0 0 0 0 0 0
39.1 -49.4 2649.3 0 0 0 0 0 0 0 0 0
213.6 -965.6 2695.5 0 0 0 0 0 0 0 0 0
300.0 -971.3 2395.4 0 0 0 0 0 0 0 0 0
249.0 366.8 2721.9 39 0.7780844569 0.0449597724 0.6265486479 0.1219117716 0.9676619768 -0.2208344340 -0.6162159443 0.2482114881 0.7474415898
240.0 173.3 2672.3 0.7780844569 0.0449597724 0.6265486479 0.1219117716 0.9676619768 -0.2208344340 -0.6162159443 0.2482114881 0.7474415898
231.1 -19.3 2624.4 0.7778737545 0.0449406579 0.6268115640 0.1173717156 0.9694979787 -0.2151687443 -0.6173623800 0.2409440726 0.7488722801
126.3 156.2 2762.4 0.1234153807 -0.3036056459 0.9447709918 0.7886873484 0.6078262925 0.0923010185 -0.6022797227 0.7337375879 0.3144650459
84.7 -110.0 2965.7 0.2909704149 -0.3480051756 0.8911950588 0.8664814830 0.4907989800 -0.0912481323 -0.4056428075 0.7987545133 0.4443480074
353.6 190.4 2582.1 -0.2609953582 -0.5005440116 0.8254314661 -0.8613616228 0.5067878366 0.0349613875 -0.4358183146 -0.7018702030 -0.5634186864
275.1 -68.7 2451.1 -0.7886632085 -0.5005440116 -0.3570238948 0.0674149916 0.5067878366 -0.8594307899 0.6111183167 -0.7018702030 -0.3659407198
142.4 -225.5 2651.8 0.6236166358 -0.1648872495 0.7641429901 0.1088575944 0.9862949848 0.1239847392 -0.7741138935 0.0058638281 0.6330191493
207.8 -616.6 2649.4 0.6625869870 -0.1116180420 0.7406212687 -0.0993570760 0.9669954181 0.2346230745 -0.7423655391 -0.2290441692 0.6296285987
283.6 -207.9 2539.6 0.9420079589 0.0143275363 0.3352845013 0.0261874460 0.9929033518 -0.1160048842 -0.3345671892 0.1180577725 0.9349476695
277.9 -602.0 2492.7 0.9415225983 -0.0579895265 0.3319222927 0.1369460225 0.9659063220 -0.2197059989 -0.3078652024 0.2523135841 0.9173640609
3.2 -352.8 3079.4 0 0 0 0 0 0 0 0 0
49.8 -49.4 2625.7 0 0 0 0 0 0 0 0 0
248.3 -967.8 2732.6 0 0 0 0 0 0 0 0 0
300.1 -971.0 2396.3 0 0 0 0 0 0 0 0 0
255.6 367.2 2708.8 40 0.7846254706 0.0414368436 0.6185837984 0.1248557791 0.9667596221 -0.2231298238 -0.6072676182 0.2523070872 0.7533705831
247.2 172.9 2658.1 0.7846254706 0.0414368436 0.6185837984 0.1248557791 0.9667596221 -0.2231298238 -0.6072676182 0.2523070872 0.7533705831
238.9 -19.3 2608.8 0.7845136523 0.0418038107 0.6187009215 0.1222568750 0.9677157402 -0.2204076052 -0.6079404950 0.2485532016 0.7540753484
132.6 155.1 2746.9 0.1295789927 -0.3119208217 0.9412304163 0.7931591868 0.6022682786 0.0903957784 -0.5950695872 0.7348321676 0.3254441619
88.9 -112.7 2947.8 0.2949196398 -0.3569674790 0.8863388896 0.8695801497 0.4847393632 -0.0941175893 -0.3960464299 0.7984998226 0.4533709884
361.8 190.7 2569.4 -0.3087910116 -0.4901023507 0.8151366711 -0.8566086888 0.5157656670 -0.0143964719 -0.4133637846 -0.7026987076 -0.5790897608
272.9 -55.9 2450.3 -0.8038071394 -0.4901023507 -0.3371850252 0.0444258265 0.5157656670 -0.8555770516 0.5932288170 -0.7026987076 -0.3928029537
150.7 -221.8 2631.3 0.6338661909 -0.1723882407 0.7539867163 0.1038444489 0.9849869013 0.1379025280 -0.7664397955 -0.0091144191 0.6422514915
219.1 -612.8 2635.0 0.6801770329 -0.1435138285 0.7188622952 -0.1018508598 0.9526348710 0.2865540385 -0.7259377241 -0.2681242228 0.6333433390
293.5 -201.1 2520.0 0.9451684356 0.0227805674 0.3257878125 0.0050648721 0.9964217544 -0.0843684375 -0.3265440464 0.0813924596 0.9416710138
284.5 -596.6 2487.7 0.9467444420 -0.0450858660 0.3188137710 0.1237827763 0.9650205970 -0.2311125696 -0.2972419560 0.2582682073 0.9192087650
6.2 -356.4 3058.8 0 0 0 0 0 0 0 0 0
43.2 -43.2 2619.9 0 0 0 0 0 0 0 0 0
272.5 -967.3 2734.7 0 0 0 0 0 0 0 0 0
301.7 -965.3 2389.0 0 0 0 0 0 0 0 0 0
261.2 368.5 2691.8 41 0.8040791154 0.0372878350 0.5933517814 0.1181956604 0.9680829644 -0.2210094929 -0.5826547146 0.2478407323 0.7740080357
253.7 174.4 2642.1 0.8040791154 0.0372878350 0.5933517814 0.1181956604 0.9680829644 -0.2210094929 -0.5826547146 0.2478407323 0.7740080357
246.3 -18.1 2593.8 0.8039698005 0.0374181680 0.5934917331 0.1153605655 0.9692457914 -0.2173809856 -0.5833733678 0.2432332933 0.7749277949
136.3 157.6 2727.3 0.1515113711 -0.3330290318 0.9306642413 0.7887427807 0.6082119942 0.0892359838 -0.5957593322 0.7205344439 0.3548252583
85.2 -108.7 2928.4 0.3106220067 -0.3805204034 0.8710443377 0.8659049273 0.4912627041 -0.0941784978 -0.3920747340 0.7834954858 0.4820914865
371.1 191.3 2557.0 -0.3166988790 -0.4745320380 0.8212924004 -0.8497684598 0.5266366601 -0.0233957581 -0.4214206338 -0.7053177953 -0.5700275898
279.2 -55.5 2434.6 -0.8001042008 -0.4745320380 -0.3669504821 0.0759737268 0.5266366601 -0.8466887474 0.5950304866 -0.7053177953 -0.3853122294
158.6 -222.4 2614.2 0.6601648331 -0.1594229639 0.7340072989 0.0857232437 0.9868223667 0.1372338831 -0.7462130189 -0.0276754964 0.6651316881
221.9 -614.2 2625.2 0.7092895508 -0.1556110382 0.6875271201 -0.1154800877 0.9365032315 0.3310982883 -0.6953939199 -0.3142402470 0.6462819576
302.6 -200.4 2503.6 0.9545190930 0.0417987667 0.2952053249 -0.0188464783 0.9966027737 -0.0801728293 -0.2975535691 0.0709629133 0.9520641565
286.0 -596.1 2475.5 0.9552112818 -0.0595908575 0.2898625135 0.1141147241 0.9779317379 -0.1750066876 -0.2730369568 0.2002459466 0.9409316778
-1.9 -351.3 3038.3 0 0 0 0 0 0 0 0 0
50.6 -33.8 2604.6 0 0 0 0 0 0 0 0 0
280.6 -967.0 2743.6 0 0 0 0 0 0 0 0 0
308.7 -969.1 2399.1 0 0 0 0 0 0 0 0 0
269.2 366.8 2674.3 42 0.8285953403 0.0327583738 0.5588887334 0.1142534837 0.9673825502 -0.2260911167 -0.5480656028 0.2511930466 0.7978259325
262.6 173.2 2624.0 0.8285953403 0.0327583738 0.5588887334 0.1142534837 0.9673825502 -0.2260911167 -0.5480656028 0.2511930466 0.7978259325
256.3 -19.3 2574.9 0.8285454512 0.0319404826 0.5590100884 0.1127599254 0.9683988690 -0.2224608362 -0.5484502316 0.2473528534 0.7987608314
141.7 156.7 2704.0 0.1804747730 -0.3602720499 0.9152228832 0.7897084951 0.6077702641 0.0835208520 -0.5863354802 0.7076858878 0.3941971064
80.8 -109.8 2901.9 0.3311077058 -0.4109496772 0.8494045138 0.8654856086 0.4908739328 -0.0998870060 -0.3759019971 0.7682207823 0.5182031989
383.5 189.6 2544.0 -0.2963382304 -0.4521229565 0.8412897587 -0.8414619565 0.5402826071 -0.0060421079 -0.4518024623 -0.7097038627 -0.5405506492
296.0 -59.1 2410.5 -0.7998609543 -0.4521229565 -0.3947243094 0.1065278947 0.5402826071 -0.8347134590 0.5906557441 -0.7097038627 -0.3839872777
165.1 -221.1 2598.5 0.6923751831 -0.1626359224 0.7029695511 0.0796048865 0.9855362177 0.1496041417 -0.7171329856 -0.0476223789 0.6953074336
229.7 -612.5 2617.4 0.7420153618 -0.1328663379 0.6570842862 -0.1354379654 0.9302395582 0.3410438895 -0.6565590501 -0.3420539498 0.6722568870
312.5 -200.1 2492.0 0.9662251472 0.0405755565 0.2544849515 -0.0216110796 0.9968061447 -0.0768799558 -0.2567916214 0.0687836558 0.9640160203
296.4 -596.1 2464.7 0.9679725170 -0.0209576245 0.2501798570 0.0627579615 0.9850716591 -0.1602975726 -0.2430856228 0.1708644181 0.9548375607
-11.9 -352.3 3007.2 0 0 0 0 0 0 0 0 0
67.5 -28.6 2579.2 0 0 0 0 0 0 0 0 0
280.1 -965.3 2747.1 0 0 0 0 0 0 0 0 0
304.4 -971.7 2399.6 0 0 0 0 0 0 0 0 0
274.3 369.8 2655.5 43 0.8385356665 0.0253988486 0.5442543626 0.1056109816 0.9723904133 -0.2080941945 -0.5345131159 0.2319736481 0.8127016425
269.2 174.2 2608.9 0.8385356665 0.0253988486 0.5442543626 0.1056109816 0.9723904133 -0.2080941945 -0.5345131159 0.2319736481 0.8127016425
263.8 -19.1 2562.9 0.8384957314 0.0267289858 0.5442521572 0.1041216776 0.9725334644 -0.2081763297 -0.5348677635 0.2312234193 0.8126820922
146.8 158.9 2686.9 0.1909974366 -0.3736670017 0.9076855183 0.7795459032 0.6196884513 0.0910732448 -0.5965133309 0.6901877522 0.4096494913
82.3 -104.2 2888.3 0.3377099633 -0.4254113734 0.8396291733 0.8590715528 0.5038356781 -0.0902536660 -0.3846401572 0.7517811060 0.5356091261
391.6 189.4 2530.8 -0.2880766988 -0.4424148500 0.8492825627 -0.8356636763 0.5492351055 0.0026546065 -0.4676302373 -0.7089498639 -0.5279318690
306.4 -57.8 2392.4 -0.8085162640 -0.4424148500 -0.3880342245 0.0977727994 0.5492351055 -0.8299285173 0.5802946687 -0.7089498639 -0.4008093476
174.1 -221.9 2575.8 0.7111861706 -0.0861341134 0.6977071166 0.0226288103 0.9947562218 0.0997397676 -0.7026394606 -0.0551452599 0.7094059587
208.2 -616.0 2597.6 0.7473556995 -0.1973276585 0.6344456673 -0.1088123545 0.9056383967 0.4098523259 -0.6554535627 -0.3753409982 0.6553623080
325.9 -201.4 2475.5 0.9696538448 0.0623478033 0.2363984585 -0.0483628027 0.9967445731 -0.0645082816 -0.2396508306 0.0511178114 0.9695124626
301.1 -597.3 2455.2 0.9728811383 -0.0035266404 0.2312788516 0.0359952711 0.9900108576 -0.1363190264 -0.2284878194 0.1409471482 0.9632897973
-12.4 -344.9 2996.1 0 0 0 0 0 0 0 0 0
75.4 -29.9 2558.2 0 0 0 0 0 0 0 0 0
283.1 -959.7 2740.1 0 0 0 0 0 0 0 0 0
302.5 -975.0 2401.4 0 0 0 0 0 0 0 0 0
281.7 368.6 2637.1 44 0.8597506881 0.0173022952 0.5104207993 0.1036817953 0.9727006555 -0.2076138854 -0.5000788569 0.2314175218 0.8344861269
278.2 172.9 2590.6 0.8597506881 0.0173022952 0.5104207993 0.1036817953 0.9727006555 -0.2076138854 -0.5000788569 0.2314175218 0.8344861269
273.6 -20.1 2543.6 0.8597067595 0.0230249148 0.5102687478 0.1015630290 0.9713310599 -0.2149440646 -0.5005889535 0.2366132885 0.8327213526
152.7 158.1 2663.6 0.2188659161 -0.3973792195 0.8911719918 0.7811771631 0.6186324954 0.0840002298 -0.5846878886 0.6777784228 0.4458211362
78.9 -105.6 2860.9 0.3574209511 -0.4521716237 0.8171848655 0.8589038849 0.5027765036 -0.0974675119 -0.3667893112 0.7367201447 0.5680748224
403.6 187.7 2517.5 -0.2694001496 -0.4113599658 0.8707505465 -0.8353672028 0.5496909022 0.0012320192 -0.4791504741 -0.7270645499 -0.4917234480
323.4 -61.3 2374.7 -0.8301969767 -0.4113599658 -0.3762391806 0.1033065915 0.5496909022 -0.8289557695 0.5478144884 -0.7270645499 -0.4138555229
181.6 -221.8 2565.9 0.7399799824 -0.0299927406 0.6719598770 -0.0017057445 0.9989184737 0.0464648604 -0.6726267338 -0.0355292596 0.7391285300
193.5 -617.4 2580.0 0.7628732920 -0.2464392334 0.5977391601 -0.0748327151 0.8846399188 0.4602306485 -0.6422027946 -0.3958280981 0.6564264297
335.3 -202.7 2468.0 0.9769046307 0.0815323889 0.1975091398 -0.0696334094 0.9953556657 -0.0664705038 -0.2020113319 0.0511821099 0.9780448675
303.0 -598.1 2447.7 0.9813015461 0.0001195742 0.1924766451 0.0241580904 0.9920154214 -0.1237811968 -0.1909546107 0.1261165440 0.9734633565
-21.3 -346.2 2963.7 0 0 0 0 0 0 0 0 0
86.3 -31.8 2531.2 0 0 0 0 0 0 0 0 0
287.2 -953.8 2730.5 0 0 0 0 0 0 0 0 0
302.9 -976.9 2399.5 0 0 0 0 0 0 0 0 0
288.0 369.5 2609.5 45 0.8688079715 0.0059212307 0.4951137602 0.0834818259 0.9838625193 -0.1582572758 -0.4880609214 0.1788281947 0.8542932868
286.8 169.9 2573.2 0.8688079715 0.0059212307 0.4951137602 0.0834818259 0.9838625193 -0.1582572758 -0.4880609214 0.1788281947 0.8542932868
283.2 -24.9 2535.2 0.8687646389 0.0175605565 0.4949137270 0.0798565894 0.9813248515 -0.1749985814 -0.4887441993 0.1915547103 0.8511379957
160.0 158.2 2644.4 0.2294454128 -0.4105063975 0.8825187087 0.7533624768 0.6490029693 0.1060196310 -0.6162790060 0.6405307651 0.4581708610
82.6 -95.9 2852.3 0.3639580905 -0.4663154483 0.8062781096 0.8413111567 0.5360314846 -0.0697553679 -0.3996624649 0.7037187815 0.5874093771
413.6 181.6 2501.9 -0.2518855333 -0.3675578833 0.8952401280 -0.8487079740 0.5284104943 -0.0218442064 -0.4650252759 -0.7652996182 -0.4450482726
340.2 -65.7 2366.4 -0.8562403321 -0.3675578833 -0.3629789352 0.1289018989 0.5284104943 -0.8391463757 0.5002367496 -0.7652996182 -0.4050674736
190.3 -222.4 2542.4 0.7925364971 0.0303740911 0.6090676188 -0.0425833464 0.9990773201 0.0055868840 -0.6083359122 -0.0303639453 0.7930986285
