-177.2 480.3 2705.4 1 -0.9943644404 0.0579901971 0.0887498409 0.0573435239 0.9983062148 -0.0098209828 -0.0891690403 -0.0046764072 -0.9960055351
-189.1 274.9 2706.4 -0.9943644404 0.0579901971 0.0887498409 0.0573435239 0.9983062148 -0.0098209828 -0.0891690403 -0.0046764072 -0.9960055351
-192.3 79.2 2704.2 -0.9955195785 0.0302298106 0.0895930454 0.0311843809 0.9994706511 0.0092736427 -0.0892652795 0.0120259970 -0.9959352612
-50.1 270.4 2718.9 0.9868628979 0.0809659362 0.1398076266 -0.0034081901 0.8756005764 -0.4830237627 -0.1615241170 0.4762017429 0.8643736839
-436.2 271.7 2782.1 0.9402635694 -0.0505576618 -0.3366723955 -0.1040816233 0.8988756537 -0.4256636798 0.3241471648 0.4352774620 0.8399178982
-328.1 279.4 2693.9 0.0334820971 -0.3796524107 -0.9245231152 -0.7934060693 0.5524323583 -0.2555881739 0.6077711582 0.7420798540 -0.2827219367
-321.1 113.5 2821.0 0.3062584102 -0.4035117924 -0.8621972203 -0.6225196719 0.6003232002 -0.5020769835 0.7201910019 0.6905000210 -0.0673400238
-110.2 -119.7 2709.6 -0.7074445486 0.6906705499 0.1499878764 0.6895378232 0.7210506797 -0.0679967329 -0.1551122069 0.0553183928 -0.9863468409
-379.2 -400.5 2688.0 -0.8702706099 0.3697780669 0.3254124522 0.4266887903 0.8960005641 0.1229619384 -0.2461011261 0.2458600104 -0.9375430942
-276.4 -115.9 2681.9 -0.8204592466 -0.2855083048 0.4953096509 -0.1979101449 0.9546451569 0.2224505395 -0.5363563895 0.0844847932 -0.8397524357
-164.8 -489.1 2648.9 -0.8380060792 0.0525659248 0.5431230068 0.0774959102 0.9967249036 0.0231039338 -0.5401297808 0.0614510514 -0.8393352032
-721.1 303.3 2683.9 0 0 0 0 0 0 0 0 0
-244.0 -43.3 3002.4 0 0 0 0 0 0 0 0 0
-550.4 -815.3 2574.2 0 0 0 0 0 0 0 0 0
-182.5 -823.5 2628.3 0 0 0 0 0 0 0 0 0
-178.5 484.6 2699.8 2 -0.9898881912 0.0568426847 0.1299627423 0.0538006015 0.9981919527 -0.0268025137 -0.1312512904 -0.0195394177 -0.9911565781
-190.2 278.8 2703.9 -0.9898881912 0.0568426847 0.1299627423 0.0538006015 0.9981919527 -0.0268025137 -0.1312512904 -0.0195394177 -0.9911565781
-194.9 83.1 2704.8 -0.9906715751 0.0380749777 0.1308441013 0.0373151377 0.9992694259 -0.0082550086 -0.1310628355 -0.0032955369 -0.9913685918
-51.9 273.4 2722.2 0.9926433563 0.0685014054 0.0998336151 -0.0137175303 0.8828793168 -0.4693996012 -0.1202955619 0.4645769000 0.8773239255
-440.3 278.8 2769.3 0.9251251817 -0.0610146187 -0.3747273684 -0.1058041304 0.9064684510 -0.4088036120 0.3646215498 0.4178422093 0.8321412206
-328.5 284.1 2685.5 0.0016326368 -0.4054250717 -0.9141268134 -0.7832503319 0.5677996278 -0.2532241344 0.6217042804 0.7164036036 -0.3166223168
-328.2 120.3 2815.5 0.2709397376 -0.4267255366 -0.8628423810 -0.6125875711 0.6149933338 -0.4965074658 0.7425147295 0.6630901098 -0.0947806090
-111.8 -119.1 2708.4 -0.7036111951 0.6881012917 0.1773356795 0.6828504205 0.7237973213 -0.0991604179 -0.1965875030 0.0513233617 -0.9791421294
-380.5 -401.8 2688.4 -0.8557851911 0.3697213233 0.3618533015 0.4318624139 0.8956630826 0.1062191278 -0.2848271728 0.2471716106 -0.9261639714
-285.2 -113.8 2695.1 -0.7976130843 -0.3150191009 0.5143698454 -0.2056035995 0.9437028766 0.2591370940 -0.5670454502 0.1009348258 -0.8174788356
-162.0 -482.9 2655.6 -0.8155087233 0.0679316074 0.5747441053 0.1012573987 0.9945170879 0.0261284132 -0.5698179007 0.0795050412 -0.8179159760
-720.6 310.8 2658.8 0 0 0 0 0 0 0 0 0
-259.9 -34.0 3002.6 0 0 0 0 0 0 0 0 0
-551.9 -816.9 2573.8 0 0 0 0 0 0 0 0 0
-185.5 -826.9 2628.1 0 0 0 0 0 0 0 0 0
-178.1 481.9 2697.6 3 -0.9971687794 0.0618567653 0.0427568965 0.0609236732 0.9978821278 -0.0227934029 -0.0440762676 -0.0201239623 -0.9988254905
-190.8 277.2 2701.7 -0.9971687794 0.0618567653 0.0427568965 0.0609236732 0.9978821278 -0.0227934029 -0.0440762676 -0.0201239623 -0.9988254905
-196.9 81.5 2703.0 -0.9980401993 0.0449637696 0.0435204692 0.0446340255 0.9989670515 -0.0085195461 -0.0438585877 -0.0065603559 -0.9990162253
-51.4 270.8 2707.9 0.9781802297 0.1153644472 0.1727845818 -0.0208765008 0.8820323944 -0.4707260430 -0.2067066431 0.4568477571 0.8651950359
-434.2 279.0 2788.7 0.9526845217 -0.0175681729 -0.3034528196 -0.1128054634 0.9065985084 -0.4066374898 0.2822537422 0.4216283560 0.8617205620
-330.2 283.6 2695.5 0.0502925590 -0.3370022774 -0.9401596189 -0.7836739421 0.5702440739 -0.2463268191 0.6191331148 0.7491669655 -0.2354208678
-319.7 119.7 2825.0 0.3303825557 -0.3625401556 -0.8714424968 -0.6150648594 0.6176290512 -0.4901322126 0.7159208059 0.6979247928 -0.0189318545
-114.8 -115.8 2716.5 -0.7159861922 0.6837523580 0.1408775151 0.6850683689 0.7269816995 -0.0466789603 -0.1343322247 0.0630892366 -0.9889259934
-382.2 -400.2 2691.9 -0.8783035278 0.3632170260 0.3108959496 0.4204530418 0.8963527679 0.1406091154 -0.2276008278 0.2542146444 -0.9399855137
-290.5 -109.3 2694.2 -0.8316131830 -0.3287288249 0.4476124048 -0.2416527569 0.9398840666 0.2412921190 -0.5000234246 0.0924949422 -0.8610582352
-161.8 -477.1 2658.1 -0.8599011302 0.0658118948 0.5062003732 0.0999349058 0.9941689968 0.0405096449 -0.5005826950 0.0854213759 -0.8614639640
-722.8 313.1 2703.2 0 0 0 0 0 0 0 0 0
-236.4 -35.3 3005.4 0 0 0 0 0 0 0 0 0
-551.3 -817.4 2573.5 0 0 0 0 0 0 0 0 0
-185.0 -827.6 2627.9 0 0 0 0 0 0 0 0 0
-179.5 479.7 2695.9 4 -0.0021332791 0.0613487922 -0.9981141090 0.3601921499 0.9311677814 0.0564641133 0.9328756928 -0.3593924046 -0.0240837932
-192.6 279.7 2773.1 -0.0021332791 0.0613487922 -0.9981141090 0.3601921499 0.9311677814 0.0564641133 0.9328756928 -0.3593924046 -0.0240837932
-199.6 83.4 2701.8 -0.0229995549 0.0520558693 -0.9983792901 0.0051112385 0.9986365438 0.0519515350 0.9997224212 -0.0039080926 -0.0232342668
-192.7 279.7 2702.9 0.8640853167 -0.4423461556 -0.2401801050 0.4491772950 0.8929833174 -0.0286460854 0.2271483094 -0.0831307918 0.9703055620
-429.7 156.5 2640.6 0.5510275364 -0.4423461556 -0.7076005936 0.3437439203 0.8929833174 -0.2905528545 0.7604004145 -0.0831307918 0.6441121697
-192.6 279.7 2843.3 0.5704077482 0.7877538800 -0.2325485647 -0.8158417940 0.5106228590 -0.2714156508 -0.0950641260 0.3445404172 0.9339457750
-73.3 109.1 2823.4 0.6719521284 0.7398930192 -0.0322280116 -0.6415706277 0.5598166585 -0.5243971944 -0.3699560463 0.3730463386 0.8508636355
-209.0 -110.6 2709.5 -0.2888506055 0.5099680424 -0.8102456331 0.1055880934 0.8581272364 0.5024627447 0.9515337348 0.0595843829 -0.3017171025
-383.3 -404.0 2689.1 -0.3826314807 0.3664835393 -0.8481054902 -0.1015996709 0.8957033157 0.4328892529 0.9182977080 0.2518042922 -0.3054896593
-206.6 -112.3 2698.6 -0.4970806241 -0.1233048365 -0.8588985801 -0.1695929170 0.9845671058 -0.0431954712 0.8509694934 0.1241914928 -0.5103208423
-161.2 -474.8 2652.8 -0.4917093515 0.0729169846 -0.8677009940 -0.0287705455 0.9945831299 0.0998831913 0.8702839613 0.0740777329 -0.4869479537
-526.0 96.3 2507.6 0 0 0 0 0 0 0 0 0
95.9 -52.6 2730.2 0 0 0 0 0 0 0 0 0
-552.6 -817.6 2572.8 0 0 0 0 0 0 0 0 0
-187.1 -828.3 2626.5 0 0 0 0 0 0 0 0 0
-182.2 482.9 2695.1 5 0.7022534609 -0.0162704568 -0.7117410898 0.1900247782 0.9677519202 0.1653688401 0.6860981584 -0.2513792813 0.6826989055
-178.9 282.9 2747.1 0.7022534609 -0.0162704568 -0.7117410898 0.1900247782 0.9677519202 0.1653688401 0.6860981584 -0.2513792813 0.6826989055
-202.1 87.8 2695.3 0.6984859109 0.0491153114 -0.7139363289 -0.0355507098 0.9987916946 0.0339306071 0.7147402167 0.0016808915 0.6993880272
-264.8 287.4 2696.7 0.5950341225 -0.5067037344 -0.6238474846 0.7021036744 0.7054829001 0.0966660008 0.3911327124 -0.4955252111 0.7755449414
-425.2 98.1 2591.3 0.0998091698 -0.5067037344 -0.8563232422 0.6189139485 0.7054829001 -0.3453106582 0.7790915370 -0.4955252111 0.3840196729
-93.0 278.4 2797.4 0.3182597756 0.8050215840 0.5006505847 -0.8004094958 0.5111721754 -0.3131255507 -0.5079914927 -0.3010702431 0.8070324659
-26.4 111.0 2691.1 0.1955110580 0.7926905751 0.5774227977 -0.6133283377 0.5582642555 -0.5587211847 -0.7652475238 -0.2449136078 0.5953264236
-256.1 -108.0 2705.9 0.3477739394 0.3929871917 -0.8512428403 -0.2298870832 0.9159434438 0.3289370537 0.9089583158 0.0812940001 0.4088839293
-399.1 -441.4 2676.3 0.3060420752 0.3543795049 -0.8836025000 -0.3453785777 0.9062338471 0.2438317090 0.8871594667 0.2305546105 0.3997407556
-164.6 -113.8 2700.7 0.2581343949 -0.0128011946 -0.9660242200 -0.1409199685 0.9887189865 -0.0507576056 0.9557762146 0.1492343843 0.2534184158
-159.8 -487.2 2644.4 0.2666938901 0.0938792676 -0.9591981173 -0.0598509461 0.9949369431 0.0807362646 0.9619210958 0.0358770490 0.2709623575
-445.3 -26.6 2434.3 0 0 0 0 0 0 0 0 0
22.8 -43.5 2498.4 0 0 0 0 0 0 0 0 0
-543.7 -811.2 2582.3 0 0 0 0 0 0 0 0 0
-191.0 -818.3 2632.4 0 0 0 0 0 0 0 0 0
-182.5 480.6 2686.2 6 0.9309412837 -0.0143743027 -0.3648858666 0.0659923479 0.9893952012 0.1293915212 0.3591564298 -0.1445355862 0.9220174551
-179.6 280.2 2715.5 0.9309412837 -0.0143743027 -0.3648858666 0.0659923479 0.9893952012 0.1293915212 0.3591564298 -0.1445355862 0.9220174551
-202.0 85.0 2689.4 0.9288359284 0.0521093383 -0.3668083847 -0.0449224710 0.9985949397 0.0281087309 0.3677577078 -0.0096304622 0.9298717976
-299.6 286.2 2691.1 0.4781668484 -0.7542532086 -0.4499539137 0.7891289592 0.5938581228 -0.1568696201 0.3855282068 -0.2800617814 0.8791663051
-434.5 63.4 2582.3 0.0538245812 -0.7912682295 -0.6090956330 0.7756044865 0.4173142910 -0.4735889137 0.6289201975 -0.4469265938 0.6361729503
-59.6 274.2 2739.8 0.0784063712 0.6158590913 0.7839451432 -0.7956530452 0.5124522448 -0.3229997754 -0.6006568074 -0.5984231234 0.5301896930
-43.2 107.8 2614.2 -0.1372707188 0.6277875304 0.7661850452 -0.6055180430 0.5589662194 -0.5664844513 -0.7839034796 -0.5417006016 0.3034069836
-280.5 -103.4 2696.7 0.6730674505 0.3332721591 -0.6602347493 -0.2743535638 0.9415303469 0.1955780089 0.6868117452 0.0495005585 0.7251477838
-406.1 -458.3 2678.1 0.6301363111 0.3434743881 -0.6963860989 -0.4096565545 0.9089313745 0.0776224583 0.6596285105 0.2363663912 0.7134572268
-144.4 -110.9 2694.0 0.6250257492 0.0342700221 -0.7798514962 -0.1338936388 0.9889364243 -0.0638533086 0.7690352798 0.1443271190 0.6226992607
-157.6 -490.9 2638.5 0.6320654750 0.1108816713 -0.7669410110 -0.0794620737 0.9937667847 0.0781876147 0.7708300948 0.0115230270 0.6369366050
-447.1 -117.6 2435.5 0 0 0 0 0 0 0 0 0
-77.7 -44.8 2416.7 0 0 0 0 0 0 0 0 0
-537.1 -805.1 2587.9 0 0 0 0 0 0 0 0 0
-193.2 -810.1 2634.8 0 0 0 0 0 0 0 0 0
-185.7 481.2 2690.2 7 0.9798141122 0.0097277518 -0.1996739060 0.0014896068 0.9984323978 0.0559514277 0.1999051720 -0.0551194362 0.9782636762
-187.6 281.3 2701.3 0.9798141122 0.0097277518 -0.1996739060 0.0014896068 0.9984323978 0.0559514277 0.1999051720 -0.0551194362 0.9782636762
-204.0 86.0 2686.2 0.9784566164 0.0466842093 -0.2011051327 -0.0465750247 0.9989008307 0.0052771089 0.2011304498 0.0042030551 0.9795554280
-319.7 287.6 2686.9 0.4293886125 -0.8520581126 -0.2993699610 0.8473216295 0.4947920144 -0.1929429173 0.3125244379 -0.1708151400 0.9344252944
-444.2 42.0 2596.3 0.1164234355 -0.9024105072 -0.4148504138 0.8428905010 0.3107041121 -0.4393160343 0.5253391266 -0.2985267937 0.7968064547
-55.6 275.0 2715.7 -0.0239328723 0.5019469857 0.8645672202 -0.7817879915 0.5296104550 -0.3291205168 -0.6230849028 -0.6837850213 0.3797410131
-60.6 111.5 2585.3 -0.2685372531 0.5233358145 0.8087072372 -0.5891790986 0.5749551058 -0.5677099824 -0.7620733380 -0.6289246678 0.1539416611
-291.2 -106.1 2694.1 0.7826967835 0.3118110597 -0.5386646390 -0.2832230330 0.9490939975 0.1378598511 0.5542296171 0.0446597822 0.8311648965
-411.0 -470.8 2676.9 0.7430910468 0.3372291625 -0.5780071020 -0.4135633111 0.9104752541 -0.0004781990 0.5260999203 0.2393978834 0.8160315752
-133.0 -114.5 2688.8 0.7491365075 0.0614231080 -0.6595617533 -0.1379222125 0.9883332849 -0.0646126866 0.6478981376 0.1393719316 0.7488681078
-156.9 -497.8 2634.8 0.7565774322 0.1173163205 -0.6432942152 -0.0844075382 0.9930654168 0.0818318278 0.6484334469 -0.0076132310 0.7612332702
-473.4 -169.4 2464.6 0 0 0 0 0 0 0 0 0
-128.2 -36.9 2393.4 0 0 0 0 0 0 0 0 0
-535.0 -805.5 2588.9 0 0 0 0 0 0 0 0 0
-193.4 -806.9 2637.1 0 0 0 0 0 0 0 0 0
-189.4 486.6 2684.8 8 0.9937905073 0.0132883796 -0.1104712412 -0.0098881805 0.9994620681 0.0312701464 0.1108273491 -0.0299836155 0.9933872819
-192.0 285.8 2690.8 0.9937905073 0.0132883796 -0.1104712412 -0.0098881805 0.9994620681 0.0312701464 0.1108273491 -0.0299836155 0.9933872819
-202.6 90.2 2685.3 0.9932414293 0.0341987349 -0.1109140515 -0.0329994224 0.9993755221 0.0126312859 0.1112767681 -0.0088858157 0.9937497377
-329.6 290.3 2682.2 0.4249001443 -0.8889271617 -0.1710800380 0.8886260986 0.4456270933 -0.1084443256 0.1726370156 -0.1059481800 0.9792708755
-453.5 31.3 2631.8 0.1644438058 -0.9355759621 -0.3124994338 0.8589690924 0.2915683687 -0.4209038317 0.4849024415 -0.1992123127 0.8515774012
-54.5 281.2 2699.4 -0.0707824752 0.4306857288 0.8997219801 -0.7881689072 0.5286892056 -0.3150833547 -0.6113752127 -0.7314352393 0.3020311594
-69.3 116.4 2571.5 -0.3294745684 0.4564154148 0.8265176415 -0.5998567939 0.5748264790 -0.5565485954 -0.7291216254 -0.6791608334 0.0843931809
-298.1 -105.4 2685.5 0.8350365758 0.2962551415 -0.4636235237 -0.2636659741 0.9550647140 0.1353944838 0.4829017818 0.0091824075 0.8756263852
-412.9 -475.6 2681.9 0.7917442918 0.3326793909 -0.5123137832 -0.4155683815 0.9080408812 -0.0525798649 0.4477096498 0.2545312345 0.8571872115
-128.7 -113.6 2685.4 0.8064927459 0.0709500462 -0.5869715214 -0.1276782006 0.9902485609 -0.0557324588 0.5772934556 0.1198912859 0.8076870441
-156.3 -499.5 2638.7 0.8101395965 0.1240546703 -0.5729609728 -0.1009099409 0.9922751784 0.0721606389 0.5774868131 -0.0006427305 0.8163997531
-497.0 -196.1 2503.5 0 0 0 0 0 0 0 0 0
-152.3 -34.7 2387.9 0 0 0 0 0 0 0 0 0
-533.4 -804.4 2589.7 0 0 0 0 0 0 0 0 0
-194.4 -804.2 2638.9 0 0 0 0 0 0 0 0 0
-193.8 489.8 2680.0 9 0.9978506565 0.0071261167 -0.0651402995 -0.0057542319 0.9997581840 0.0212238692 0.0652757958 -0.0208034180 0.9976503849
-195.2 290.0 2684.2 0.9978506565 0.0071261167 -0.0651402995 -0.0057542319 0.9997581840 0.0212238692 0.0652757958 -0.0208034180 0.9976503849
-201.5 94.3 2683.8 0.9976360202 0.0217600055 -0.0651834607 -0.0206117518 0.9996212125 0.0182367917 0.0655556023 -0.0168501362 0.9977066517
-335.3 292.8 2678.5 0.4310112000 -0.8989621401 -0.0780792683 0.9015010595 0.4327372909 -0.0058582928 0.0390541926 -0.0678635463 0.9969299436
-461.9 28.1 2667.0 0.2173411548 -0.9413499236 -0.2581145167 0.8638424277 0.3086195588 -0.3981585205 0.4544656873 -0.1364340484 0.8802537918
-55.2 287.1 2689.9 -0.0893959329 0.3901760876 0.9163901806 -0.7931705713 0.5285941958 -0.3024377823 -0.6024025083 -0.7538904548 0.2622220218
-73.8 121.2 2563.9 -0.3554760218 0.4177300036 0.8361449838 -0.6087180972 0.5753911734 -0.5462483764 -0.7092947364 -0.7031548023 0.0497420654
-296.8 -102.5 2686.0 0.8523266912 0.2993898094 -0.4288413823 -0.2739703655 0.9540294409 0.1215238273 0.4455102980 0.0139118237 0.8951687217
-413.4 -474.2 2680.6 0.8135279417 0.3302022219 -0.4786843956 -0.4081079960 0.9105844498 -0.0654507726 0.4142705798 0.2486009598 0.8755440712
-121.7 -108.4 2687.9 0.8316076398 0.0866604820 -0.5485605597 -0.1415320933 0.9882068634 -0.0584451146 0.5370264053 0.1262423247 0.8340656757
-155.6 -494.4 2638.5 0.8369597197 0.1267143339 -0.5323925614 -0.1043356806 0.9919278026 0.0720646828 0.5372266173 -0.0047676978 0.8434244394
-521.5 -208.7 2542.5 0 0 0 0 0 0 0 0 0
-163.4 -32.1 2385.2 0 0 0 0 0 0 0 0 0
-533.4 -805.0 2590.3 0 0 0 0 0 0 0 0 0
-195.1 -803.8 2640.0 0 0 0 0 0 0 0 0 0
-197.8 487.6 2676.1 0 0.9989653230 0.0000103492 -0.0454779901 0.0006003616 0.9999098182 0.0134150330 0.0454740264 -0.0134284561 0.9988752604
-197.8 286.8 2678.8 0.9989653230 0.0000103492 -0.0454779901 0.0006003616 0.9999098182 0.0134150330 0.0454740264 -0.0134284561 0.9988752604
-200.8 91.1 2680.8 0.9989120364 0.0104711931 -0.0454439148 -0.0095740017 0.9997557998 0.0199157782 0.0456413589 -0.0194590297 0.9987683296
-339.1 288.2 2674.2 0.4559056461 -0.8457581997 -0.2772057950 0.8833513856 0.3919007480 0.2571072578 -0.1088134050 -0.3620867729 0.9257714748
-467.9 38.7 2704.9 0.2299609482 -0.8457581997 -0.4814675450 0.8800860047 0.3919007480 -0.2680718005 0.4154114127 -0.3620867729 0.8344618082
-56.5 285.5 2683.5 0.1642422825 0.8393870592 0.5181252956 -0.9607909918 0.2550848722 -0.1086849496 -0.2233946621 -0.4799594581 0.8483712077
-18.2 61.1 2631.3 -0.1842166632 0.8393870592 0.5113644600 -0.6972585917 0.2550848722 -0.6698971391 -0.6927443147 -0.4799594581 0.5382789373
-294.6 -99.6 2685.7 0.8615111709 0.2968112528 -0.4119485319 -0.2717188895 0.9548959732 0.1197601184 0.4289141595 0.0087595284 0.9033027887
-410.6 -472.7 2682.3 0.8200375438 0.3374594152 -0.4622331858 -0.4131891727 0.9079370499 -0.0701783150 0.3959963024 0.2485386133 0.8839770555
-116.7 -103.3 2688.4 0.8412628174 0.0990922377 -0.5314673781 -0.1579044908 0.9852293730 -0.0662516654 0.5170522332 0.1396561414 0.8444839716
-155.5 -488.7 2633.7 0.8505328894 0.1254279464 -0.5107461214 -0.0973845199 0.9919108748 0.0814193189 0.5168268681 -0.0195110422 0.8558675647
-531.8 -206.1 2589.4 0 0 0 0 0 0 0 0 0
-64.1 -112.8 2458.6 0 0 0 0 0 0 0 0 0
-533.5 -803.4 2591.7 0 0 0 0 0 0 0 0 0
-195.3 -803.8 2639.9 0 0 0 0 0 0 0 0 0
-199.3 486.5 2675.2 1 0.9999780059 -0.0017007723 0.0064077494 0.0016782345 0.9999923706 0.0035209989 -0.0064136889 -0.0035101678 0.9999732971
-199.0 286.7 2675.9 0.9999780059 -0.0017007723 0.0064077494 0.0016782345 0.9999923706 0.0035209989 -0.0064136889 -0.0035101678 0.9999732971
-200.5 90.9 2677.7 0.9999667406 0.0050287941 0.0064253360 -0.0051189284 0.9998876452 0.0140893320 -0.0063537615 -0.0141217541 0.9998800755
-340.8 287.4 2677.7 0.4489238262 -0.8822278380 -0.1419205517 0.8594757318 0.3828606308 0.3387022316 -0.2444767356 -0.2740287781 0.9301286936
-461.8 55.7 2743.6 0.2773261666 -0.8822278380 -0.3804789484 0.8929089308 0.3828606308 -0.2369206399 0.3546884060 -0.2740287781 0.8939263821
-57.2 286.0 2674.1 0.2312246710 0.9267166257 0.2961949706 -0.9726461768 0.2271499783 0.0486035682 -0.0222389475 -0.2993312478 0.9538900256
1.8 37.5 2668.4 -0.0222627949 0.9267166257 0.3751008809 -0.7620100975 0.2271499783 -0.6064185500 -0.6471822858 -0.2993312478 0.7011104226
-292.5 -103.8 2682.7 0.8786673546 0.3053972423 -0.3669825196 -0.2865184546 0.9521532059 0.1063553691 0.3819042146 0.0116962651 0.9241278768
-412.0 -476.3 2678.1 0.8418524861 0.3385388553 -0.4203282893 -0.4079414606 0.9090542197 -0.0848773718 0.3533669114 0.2429235578 0.9033935666
-113.2 -105.6 2686.4 0.8672807217 0.1102899536 -0.4854485691 -0.1605602652 0.9850093126 -0.0630637109 0.4712160826 0.1326376945 0.8719877601
-156.4 -491.1 2634.5 0.8761675358 0.1227290630 -0.4661201537 -0.1015148684 0.9923354387 0.0704632998 0.4711954594 -0.0144195305 0.8819109201
-539.2 -193.4 2644.7 0 0 0 0 0 0 0 0 0
-3.8 -154.2 2505.5 0 0 0 0 0 0 0 0 0
-533.9 -803.7 2590.7 0 0 0 0 0 0 0 0 0
-195.2 -804.7 2639.0 0 0 0 0 0 0 0 0 0
-203.7 490.9 2667.2 2 0.9994305372 -0.0063662189 0.0331363492 0.0054918928 0.9996361136 0.0264101774 -0.0332924239 -0.0262131561 0.9991018176
-202.4 291.6 2672.5 0.9994305372 -0.0063662189 0.0331363492 0.0054918928 0.9996361136 0.0264101774 -0.0332924239 -0.0262131561 0.9991018176
-202.1 95.9 2678.7 0.9994488358 -0.0025443467 0.0330999680 0.0013992635 0.9994012117 0.0345719643 -0.0331681147 -0.0345065929 0.9988539219
-344.5 291.4 2677.7 0.4164883494 -0.9090453386 -0.0131902779 0.8257710338 0.3721864820 0.4237681329 -0.3803152144 -0.1873866469 0.9056746364
-451.6 79.0 2775.5 0.3013098240 -0.9090453386 -0.2878348827 0.8977367282 0.3721864820 -0.2356819808 0.3213738501 -0.1873866469 0.9282268286
-60.4 291.8 2667.3 0.2424779534 0.9601625204 0.1388970315 -0.9660492539 0.2258030772 0.1255461723 0.0891813487 -0.1646235436 0.9823165536
7.1 22.7 2692.1 0.0839297622 0.9601625204 0.2665403187 -0.7949424982 0.2258030772 -0.5630980134 -0.6008512378 -0.1646235436 0.7822256088
-291.5 -104.5 2682.2 0.8831507564 0.3092347980 -0.3527301848 -0.2962015569 0.9506987333 0.0918506831 0.3637435734 0.0233612321 0.9312061071
-412.5 -476.6 2673.0 0.8515996337 0.3363139331 -0.4020833373 -0.3980670571 0.9139817357 -0.0786130056 0.3410581648 0.2270029336 0.9122220278
-111.6 -105.4 2678.7 0.8795126081 0.1144614965 -0.4619048536 -0.1559221894 0.9863750339 -0.0524644107 0.4496062696 0.1181643233 0.8853763938
-156.4 -491.5 2632.4 0.8881224394 0.1194852516 -0.4438037574 -0.0974526033 0.9926161170 0.0722236857 0.4491564035 -0.0208936464 0.8932088017
-534.7 -168.5 2686.9 0 0 0 0 0 0 0 0 0
28.3 -177.6 2540.7 0 0 0 0 0 0 0 0 0
-533.1 -804.3 2591.6 0 0 0 0 0 0 0 0 0
-194.3 -807.1 2639.1 0 0 0 0 0 0 0 0 0
-208.5 491.6 2662.3 3 0.9984132648 -0.0065959487 0.0559230559 0.0047165090 0.9994217753 0.0336732231 -0.0561128259 -0.0333560333 0.9978671074
-207.2 292.6 2668.9 0.9984132648 -0.0065959487 0.0559230559 0.0047165090 0.9994217753 0.0336732231 -0.0561128259 -0.0333560333 0.9978671074
-206.7 96.9 2677.1 0.9984329343 -0.0030636971 0.0558772720 0.0006509959 0.9990685582 0.0431457683 -0.0559574105 -0.0430417806 0.9975049496
-349.3 292.5 2677.1 0.3385787308 -0.9260496497 0.1667227149 0.8061674237 0.3768696189 0.4561396241 -0.4852406681 -0.0200327486 0.8741511106
-434.0 90.8 2798.5 0.3519126177 -0.9260496497 -0.1363434345 0.8814648986 0.3768696189 -0.2845854461 0.3149239421 -0.0200327486 0.9489054680
-65.2 292.6 2660.7 0.2448148727 0.9649873376 0.0941549391 -0.9471874833 0.2172876149 0.2358431220 0.2071269155 -0.1469202787 0.9672191143
3.6 26.7 2718.9 0.1141354442 0.9649873376 0.2361621857 -0.8521708846 0.2172876149 -0.4760156274 -0.5106641650 -0.1469202787 0.8471342921
-291.7 -99.9 2689.0 0.8888689876 0.3037165403 -0.3430279195 -0.3005003035 0.9516381025 0.0639097840 0.3458489180 0.0462725647 0.9371485114
-410.6 -472.4 2670.9 0.8588258028 0.3378987908 -0.3850229383 -0.3960784376 0.9146567583 -0.0807769373 0.3248693943 0.2218725979 0.9193652272
-111.5 -99.7 2681.9 0.8887185454 0.1108086929 -0.4448604584 -0.1591630131 0.9845700860 -0.0727243498 0.4299378395 0.1354368031 0.8926423192
-154.9 -485.2 2628.8 0.8980118632 0.1202076972 -0.4232313335 -0.0971905291 0.9923871160 0.0756426007 0.4291021228 -0.0267938767 0.9028584957
-529.6 -148.7 2712.9 0 0 0 0 0 0 0 0 0
32.5 -189.1 2589.6 0 0 0 0 0 0 0 0 0
-532.0 -801.1 2591.2 0 0 0 0 0 0 0 0 0
-193.9 -806.9 2637.5 0 0 0 0 0 0 0 0 0
-212.6 489.3 2659.3 4 0.9977785945 -0.0138970027 0.0651520416 0.0112761874 0.9991190434 0.0404227152 -0.0656563938 -0.0395982526 0.9970562458
-209.8 290.7 2667.1 0.9977785945 -0.0138970027 0.0651520416 0.0112761874 0.9991190434 0.0404227152 -0.0656563938 -0.0395982526 0.9970562458
-207.7 95.1 2677.2 0.9978254437 -0.0109203262 0.0650010183 0.0075035384 0.9985885620 0.0525790416 -0.0654834583 -0.0519769676 0.9964990020
-351.9 289.6 2676.6 0.2840918899 -0.9226122499 0.2609184682 0.7592547536 0.3826603889 0.5264059305 -0.5855117440 0.0485559255 0.8092084527
-420.8 105.5 2818.6 0.3751654327 -0.9226122499 -0.0896523967 0.8609504700 0.3826603889 -0.3351646662 0.3435334563 0.0485559255 0.9378843904
-67.8 291.7 2657.7 0.2132838070 0.9768332243 -0.0175182298 -0.9345489740 0.2092132866 0.2878333032 0.2848301828 -0.0450185426 0.9575203061
-7.3 26.9 2738.4 0.1598667204 0.9768332243 0.1422656029 -0.8532458544 0.2092132866 -0.4777041674 -0.4964011312 -0.0450185426 0.8669251800
-296.2 -98.8 2690.8 0.8938083053 0.2934574187 -0.3391009569 -0.2924577892 0.9546775222 0.0553109087 0.3399634361 0.0497353636 0.9391226172
-411.1 -472.6 2671.4 0.8625872135 0.3358221054 -0.3783739209 -0.3936085105 0.9153484702 -0.0849091560 0.3178296089 0.2221727371 0.9217503071
-116.0 -98.7 2680.1 0.8942931890 0.1022335887 -0.4356466532 -0.1450919360 0.9872026443 -0.0661762506 0.4233060777 0.1223897934 0.8976818323
-156.0 -485.3 2632.2 0.9007524252 0.1161456034 -0.4185155034 -0.0984938145 0.9931019545 0.0636198223 0.4230177104 -0.0160845257 0.9059786201
-519.4 -120.6 2728.4 0 0 0 0 0 0 0 0 0
33.7 -191.8 2611.2 0 0 0 0 0 0 0 0 0
-531.6 -801.2 2591.6 0 0 0 0 0 0 0 0 0
-193.5 -805.5 2637.4 0 0 0 0 0 0 0 0 0
-220.1 492.9 2649.3 5 0.9963749647 -0.0203663390 0.0825959966 0.0147156604 0.9975457191 0.0684541464 -0.0837874413 -0.0669905469 0.9942293167
-216.0 293.8 2662.6 0.9963749647 -0.0203663390 0.0825959966 0.0147156604 0.9975457191 0.0684541464 -0.0837874413 -0.0669905469 0.9942293167
-212.6 98.6 2677.4 0.9964466691 -0.0172568448 0.0824396461 0.0109170545 0.9969911575 0.0767429098 -0.0835159346 -0.0755702108 0.9936368465
-357.9 292.3 2674.6 0.2086592615 -0.9099881053 0.3583057523 0.7649499178 0.3801324368 0.5199528337 -0.6093544960 0.1655929834 0.7754134536
-409.0 105.1 2823.7 0.4126841128 -0.9099881053 -0.0401685908 0.7916533947 0.3801324368 -0.4783139825 0.4505294263 0.1655929834 0.8772697449
-74.1 295.3 2650.7 0.2841246724 0.9429625273 0.1734786928 -0.9072185755 0.2058658302 0.3668428659 0.3102057278 -0.2616122067 0.9139646888
5.8 40.4 2737.8 0.0483502485 0.9429625273 0.3293690085 -0.8622218966 0.2058658302 -0.4628095627 -0.5042178631 -0.2616122067 0.8229966164
-295.7 -101.1 2693.4 0.8955075741 0.3022096157 -0.3267039955 -0.2984377742 0.9523527026 0.0629219115 0.3301530480 0.0411537625 0.9430298805
-414.0 -474.1 2677.3 0.8656052351 0.3323774040 -0.3745034039 -0.3955930471 0.9124579430 -0.1045304388 0.3069750667 0.2386330366 0.9213145971
-115.4 -99.8 2681.3 0.9002403617 0.1037688181 -0.4228467345 -0.1520539373 0.9849641919 -0.0820073038 0.4079790711 0.1381217837 0.9024829268
-156.1 -485.5 2627.2 0.9085769653 0.1194181293 -0.4002839029 -0.0953475684 0.9922563434 0.0796004683 0.4066899717 -0.0341570526 0.9129274487
-510.2 -89.1 2713.1 0 0 0 0 0 0 0 0 0
18.0 -177.0 2610.7 0 0 0 0 0 0 0 0 0
-533.5 -802.0 2591.5 0 0 0 0 0 0 0 0 0
-194.5 -805.0 2638.2 0 0 0 0 0 0 0 0 0
-225.7 491.6 2644.3 6 0.9950079322 -0.0149363363 0.0986717567 0.0069308644 0.9966914654 0.0809821784 -0.0995548740 -0.0798940286 0.9918194413
-222.8 293.1 2660.2 0.9950079322 -0.0149363363 0.0986717567 0.0069308644 0.9966914654 0.0809821784 -0.0995548740 -0.0798940286 0.9918194413
-219.9 98.1 2677.2 0.9950277209 -0.0143118026 0.0985649377 0.0055841734 0.9960818291 0.0882597715 -0.0994419008 -0.0872705132 0.9912089705
-364.5 292.4 2674.4 0.1199743077 -0.8816666007 0.4563662410 0.7482092977 0.3824387789 0.5421470404 -0.6525250673 0.2764137387 0.7055540085
-395.1 101.6 2840.7 0.4718728364 -0.8816666007 0.0000600596 0.7146388888 0.3824387789 -0.5856891870 0.5163596272 0.2764137387 0.8105357289
-81.0 293.9 2646.0 0.3410425186 0.8884751201 0.3070861995 -0.8899497390 0.1999346167 0.4098971188 0.3027862310 -0.4130836427 0.8588843942
12.8 49.2 2729.2 -0.0001586161 0.8884751201 0.4589247406 -0.8999780416 0.1999346167 -0.3873831034 -0.4359351993 -0.4130836427 0.7995764017
-299.2 -97.6 2699.8 0.8987738490 0.2984404266 -0.3211523890 -0.3003333807 0.9527775049 0.0448869765 0.3193828762 0.0561095402 0.9459631443
-416.1 -470.7 2677.8 0.8727796078 0.3246535063 -0.3644939661 -0.3856083453 0.9164280295 -0.1070786342 0.2992690504 0.2340079695 0.9250288010
-119.1 -95.6 2684.5 0.9057507515 0.1026386246 -0.4111945033 -0.1532080621 0.9839132428 -0.0918806568 0.3951492012 0.1462192833 0.9069051743
-159.3 -481.0 2627.2 0.9155148268 0.1066181585 -0.3878984153 -0.0835425109 0.9936074018 0.0759275779 0.3935139775 -0.0371068157 0.9185694456
-512.6 -76.4 2712.1 0 0 0 0 0 0 0 0 0
12.7 -177.5 2619.4 0 0 0 0 0 0 0 0 0
-533.4 -801.9 2593.2 0 0 0 0 0 0 0 0 0
-194.0 -804.0 2639.3 0 0 0 0 0 0 0 0 0
-228.4 489.5 2640.8 7 0.9913479686 -0.0178645924 0.1300388575 0.0045850426 0.9948034286 0.1017110124 -0.1311801374 -0.1002347693 0.9862782359
-224.9 291.3 2660.7 0.9913479686 -0.0178645924 0.1300388575 0.0045850426 0.9948034286 0.1017110124 -0.1311801374 -0.1002347693 0.9862782359
-221.5 96.6 2681.5 0.9913786054 -0.0168732461 0.1299377233 0.0028311997 0.9942008257 0.1075023115 -0.1309980899 -0.1062076092 0.9856771231
-366.1 290.9 2679.4 0.1074904725 -0.8824467659 0.4579667449 0.7718029618 0.3644323349 0.5210654736 -0.6267104745 0.2974505126 0.7202480435
-394.2 88.9 2843.5 0.4702719748 -0.8824467659 0.0114899753 0.6988794804 0.3644323349 -0.6154319644 0.5388986468 0.2974505126 0.7881062627
-83.7 291.6 2642.1 0.4014947414 0.8242661357 0.3992334306 -0.8730689883 0.2127698809 0.4387248158 0.2766811550 -0.5247040391 0.8050671816
22.7 60.2 2715.4 -0.0196167491 0.8242661357 0.5658626556 -0.9154193997 0.2127698809 -0.3416669369 -0.4020230174 -0.5247040391 0.7503753304
-307.0 -97.4 2703.3 0.9097852111 0.2825151682 -0.3040988147 -0.2901800871 0.9567481875 0.0206983108 0.2967935801 0.0694124028 0.9524155855
-417.6 -472.1 2676.2 0.8836058974 0.3210629523 -0.3408214152 -0.3778666258 0.9188008308 -0.1141132787 0.2765094638 0.2296162099 0.9331767559
-127.2 -96.5 2685.3 0.9186100364 0.0874189809 -0.3853744566 -0.1378643215 0.9848462343 -0.1052205339 0.3703363240 0.1497860253 0.9167416096
-161.4 -482.2 2626.6 0.9261693954 0.1005631983 -0.3634518683 -0.0792653188 0.9941706061 0.0730877072 0.3686830997 -0.0388824679 0.9287415743
-513.0 -87.6 2707.4 0 0 0 0 0 0 0 0 0
17.8 -172.1 2613.4 0 0 0 0 0 0 0 0 0
-533.5 -803.8 2593.3 0 0 0 0 0 0 0 0 0
-193.9 -803.7 2639.2 0 0 0 0 0 0 0 0 0
-230.1 489.4 2648.5 8 0.9887614250 -0.0146364057 0.1487839371 0.0008310358 0.9957188964 0.0924296677 -0.1494998187 -0.0912672430 0.9845405221
-227.2 291.5 2666.7 0.9887614250 -0.0146364057 0.1487839371 0.0008310358 0.9957188964 0.0924296677 -0.1494998187 -0.0912672430 0.9845405221
-224.4 96.6 2685.9 0.9887833595 -0.0141189601 0.1486878842 -0.0006902062 0.9950792789 0.0990796909 -0.1493551284 -0.0980709717 0.9839081168
-368.1 291.6 2688.0 0.1691414714 -0.9044284821 0.3916635215 0.8524242640 0.3337182403 0.4024985135 -0.4947363734 0.2657842934 0.8274023533
-413.6 62.0 2821.2 0.4258867502 -0.9044284821 0.0250926185 0.7428867221 0.3337182403 -0.5803029537 0.5164686441 0.2657842934 0.8140140176
-86.4 291.3 2645.4 0.4441105425 0.6426840425 0.6242780089 -0.8830544949 0.1960813701 0.4263412356 0.1515934467 -0.7406141162 0.6546068788
37.2 45.7 2687.6 -0.0717093796 0.6426840425 0.7627679706 -0.9470537901 0.1960813701 -0.2542464137 -0.3129647076 -0.7406141162 0.5945954919
-307.7 -98.3 2714.2 0.9134815335 0.2837457359 -0.2916158438 -0.2975728512 0.9546937346 -0.0032132682 0.2774920464 0.0897122175 0.9565300941
-418.8 -472.1 2679.0 0.8907014132 0.3166075945 -0.3262063861 -0.3734605014 0.9187741876 -0.1279893517 0.2591876090 0.2358255088 0.9365938902
-128.6 -97.8 2690.5 0.9254791737 0.0832115710 -0.3695459068 -0.1358597875 0.9835835099 -0.1187670380 0.3535964489 0.1601228416 0.9215911627
-161.2 -483.1 2627.7 0.9327670336 0.0972738490 -0.3471072018 -0.0778131559 0.9945351481 0.0696059167 0.3519811332 -0.0379165970 0.9352387786
-521.7 -126.6 2690.2 0 0 0 0 0 0 0 0 0
18.8 -196.6 2607.5 0 0 0 0 0 0 0 0 0
-532.4 -801.8 2594.4 0 0 0 0 0 0 0 0 0
-192.5 -803.6 2640.0 0 0 0 0 0 0 0 0 0
-230.9 489.4 2652.4 9 0.9806244373 -0.0045276997 0.1958449632 -0.0129799582 0.9960341454 0.0880196616 -0.1954668015 -0.0888562873 0.9766766429
-230.0 291.5 2670.1 0.9806244373 -0.0045276997 0.1958449632 -0.0129799582 0.9960341454 0.0880196616 -0.1954668015 -0.0888562873 0.9766766429
-229.1 96.6 2689.0 0.9806311727 -0.0045199511 0.1958112270 -0.0144707784 0.9953294396 0.0954456925 -0.1953280866 -0.0964305624 0.9759857059
-369.6 293.6 2697.9 0.2326014489 -0.9297794104 0.2853188813 0.9238650799 0.3029060364 0.2339258045 -0.3039242029 0.2091846466 0.9294470549
-435.5 31.7 2784.0 0.3652012646 -0.9297794104 0.0462420247 0.8303935528 0.3029060364 -0.4676477909 0.4208022952 0.2091846466 0.8827044964
-90.4 289.4 2642.2 0.4769499004 0.4930692911 0.7275997996 -0.8770962358 0.2135507613 0.4302305281 0.0567539781 -0.8433734179 0.5343222022
44.7 40.9 2658.3 -0.0641407669 0.4930692911 0.8676223755 -0.9578445554 0.2135507613 -0.1921713948 -0.2800352275 -0.8433734179 0.4585864544
-311.0 -98.2 2718.6 0.9273865223 0.2756769657 -0.2528961003 -0.2901432514 0.9567519426 -0.0210382249 0.2361591011 0.0928866714 0.9672646523
-418.9 -472.9 2682.2 0.9033347368 0.3170791566 -0.2888723016 -0.3707918525 0.9158137441 -0.1542677879 0.2156381160 0.2464669347 0.9448567629
-132.3 -98.3 2691.6 0.9415282011 0.0709682107 -0.3293753564 -0.1204924956 0.9838386774 -0.1324501485 0.3146524727 0.1643928140 0.9348629713
-160.1 -483.7 2627.2 0.9459249377 0.1011855453 -0.3082004189 -0.0837317705 0.9940704107 0.0693756044 0.3133927286 -0.0398179479 0.9487884641
-528.3 -179.4 2677.0 0 0 0 0 0 0 0 0 0
28.1 -208.0 2585.6 0 0 0 0 0 0 0 0 0
-532.7 -801.6 2593.7 0 0 0 0 0 0 0 0 0
-192.7 -803.9 2640.0 0 0 0 0 0 0 0 0 0
-235.0 490.2 2663.3 0 0.9674574137 -0.0073527829 0.2529271245 -0.0096019367 0.9977909327 0.0657343715 -0.2528517246 -0.0660237968 0.9652496576
-233.5 292.2 2676.4 0.9674574137 -0.0073527829 0.2529271245 -0.0096019367 0.9977909327 0.0657343715 -0.2528517246 -0.0660237968 0.9652496576
-232.0 96.9 2691.4 0.9674692750 -0.0085470760 0.2528440356 -0.0110957315 0.9970338941 0.0761596113 -0.2527450025 -0.0764875785 0.9645048380
-371.1 293.7 2712.4 0.2704687715 -0.9174782634 0.2916853428 0.9562082291 0.2912132442 0.0293376576 -0.1118592992 0.2709769905 0.9560642838
-451.4 9.7 2745.6 0.3037695289 -0.9378625751 0.1677434444 0.9124593735 0.2357240170 -0.3344430029 0.2741204202 0.2546526790 0.9273672700
-96.0 290.7 2640.5 0.4733304977 0.4013622105 0.7841343284 -0.8807491660 0.2312585413 0.4132799804 -0.0154627962 -0.8862437010 0.4629611671
39.8 38.0 2636.1 0.0039503044 0.4013622105 0.9159108996 -0.9680281281 0.2312585413 -0.0971649513 -0.2508105636 -0.8862437010 0.3894434571
-316.7 -97.0 2725.5 0.9440521598 0.2621043921 -0.2001668215 -0.2779779732 0.9589943886 -0.0552992225 0.1774646938 0.1078473181 0.9782000184
-419.4 -472.6 2683.3 0.9201321602 0.3149194121 -0.2327715456 -0.3590503931 0.9157122970 -0.1804267764 0.1563318819 0.2495931834 0.9556482434
-139.7 -99.6 2690.3 0.9604934454 0.0531170890 -0.2731866837 -0.0931178555 0.9863773584 -0.1356054246 0.2622621953 0.1556866765 0.9523550868
-160.5 -485.9 2629.3 0.9611850381 0.0982293114 -0.2578261197 -0.0863426477 0.9946303368 0.0570562743 0.2620462775 -0.0325802490 0.9645051956
-529.0 -223.3 2675.6 0 0 0 0 0 0 0 0 0
40.8 -217.3 2569.9 0 0 0 0 0 0 0 0 0
-533.1 -803.3 2593.2 0 0 0 0 0 0 0 0 0
-192.0 -804.7 2639.7 0 0 0 0 0 0 0 0 0
-238.1 490.7 2669.3 1 0.9589617848 0.0001921303 0.2835352123 -0.0166799463 0.9983060956 0.0557377934 -0.2830442488 -0.0581797659 0.9573405981
-238.1 293.0 2680.8 0.9589617848 0.0001921303 0.2835352123 -0.0166799463 0.9983060956 0.0557377934 -0.2830442488 -0.0581797659 0.9573405981
-238.5 97.7 2694.1 0.9589588046 0.0013947431 0.2835420668 -0.0204764474 0.9977176189 0.0643449873 -0.2828051746 -0.0675101206 0.9567986131
-374.6 295.9 2721.1 0.2605641186 -0.9204933047 0.2912017703 0.9653775692 0.2445501983 -0.0907822028 0.0123509625 0.3047742248 0.9523445368
-452.2 8.4 2717.4 0.3201689124 -0.9141945243 0.2484759241 0.9354201555 0.2635552883 -0.2356432378 0.1499366164 0.3078750372 0.9395381808
-101.7 290.2 2640.6 0.4481350780 0.3508891165 0.8222236633 -0.8875770569 0.2844027877 0.3623838127 -0.1066861823 -0.8921837807 0.4388920069
28.8 31.7 2609.5 0.1232661605 0.3511327505 0.9281762838 -0.9590445757 0.2825131416 0.0204897765 -0.2550273538 -0.8926881552 0.3715762794
-317.7 -97.3 2729.2 0.9506474137 0.2555033267 -0.1760328710 -0.2728059590 0.9585735798 -0.0819365978 0.1478053778 0.1259156317 0.9809682965
-417.7 -472.7 2679.9 0.9255483150 0.3209172785 -0.2009287626 -0.3566788435 0.9170557857 -0.1782944053 0.1270451248 0.2366871238 0.9632438421
-143.2 -99.2 2683.6 0.9687039852 0.0416199900 -0.2447047532 -0.0759142861 0.9882810116 -0.1324298829 0.2363253236 0.1468619406 0.9605112672
-159.5 -486.3 2626.1 0.9678480029 0.0975663587 -0.2318426520 -0.0850580335 0.9943585396 0.0633735806 0.2367178649 -0.0416159108 0.9706867337
-535.6 -235.5 2678.3 0 0 0 0 0 0 0 0 0
61.6 -223.6 2541.6 0 0 0 0 0 0 0 0 0
-533.0 -802.1 2594.9 0 0 0 0 0 0 0 0 0
-190.7 -804.9 2639.4 0 0 0 0 0 0 0 0 0
-240.7 491.9 2672.3 2 0.9553598762 0.0045552775 0.2954095304 -0.0184643939 0.9988471270 0.0443117544 -0.2948670983 -0.0477882326 0.9543425441
-241.6 293.5 2681.8 0.9553598762 0.0045552775 0.2954095304 -0.0184643939 0.9988471270 0.0443117544 -0.2948670983 -0.0477882326 0.9543425441
-243.8 98.1 2693.1 0.9552892447 0.0109601077 0.2954696417 -0.0275516976 0.9982644320 0.0520485118 -0.2943863571 -0.0578620732 0.9539332390
-377.7 297.4 2723.7 0.2278008461 -0.9306185246 0.2864540517 0.9689295292 0.1875427663 -0.1612551808 0.0963446796 0.3142878711 0.9444261789
-445.4 9.2 2695.1 0.3300797045 -0.9058444500 0.2655056417 0.9318051934 0.2676984668 -0.2451052666 0.1509517878 0.3283038139 0.9324324131
-105.6 289.7 2639.9 0.4316948056 0.3168269992 0.8445473313 -0.8822084665 0.3434510231 0.3221018314 -0.1880100965 -0.8841165304 0.4277735054
21.6 29.7 2584.4 0.1928212941 0.3227279782 0.9266426563 -0.9449883699 0.3153769970 0.0868003517 -0.2642288506 -0.8924034834 0.3657855988
-325.4 -95.9 2732.9 0.9569051266 0.2383978814 -0.1658283025 -0.2556749284 0.9623938799 -0.0918057784 0.1377058476 0.1302475631 0.9818720222
-418.7 -472.8 2681.9 0.9284937978 0.3205808103 -0.1874224842 -0.3534812033 0.9176613688 -0.1815176606 0.1137992963 0.2347883433 0.9653621912
-152.3 -99.5 2681.8 0.9720526934 0.0148213813 -0.2342945337 -0.0457815938 0.9908119440 -0.1272625476 0.2302556038 0.1344322860 0.9637999535
-158.1 -487.4 2629.2 0.9686180949 0.0996170044 -0.2277179211 -0.0894424245 0.9944943786 0.0545982495 0.2319031060 -0.0325172096 0.9721952081
-533.3 -238.9 2654.9 0 0 0 0 0 0 0 0 0
73.3 -223.6 2513.6 0 0 0 0 0 0 0 0 0
-534.5 -804.2 2597.1 0 0 0 0 0 0 0 0 0
-189.8 -804.3 2639.5 0 0 0 0 0 0 0 0 0
-244.8 490.6 2673.3 3 0.9614646435 -0.0115130590 0.2746873498 -0.0002226676 0.9990898371 0.0426545590 -0.2749284208 -0.0410720147 0.9605870247
-242.5 290.1 2681.5 0.9614646435 -0.0115130590 0.2746873498 -0.0002226676 0.9990898371 0.0426545590 -0.2749284208 -0.0410720147 0.9605870247
-241.8 94.6 2692.0 0.9615473151 -0.0036034314 0.2746157050 -0.0111440504 0.9985784888 0.0521231703 -0.2744131386 -0.0531792231 0.9601402879
-379.5 291.7 2720.6 0.2096532434 -0.9423264861 0.2608951628 0.9667791724 0.1598748565 -0.1994443983 0.1462311596 0.2940421700 0.9445399046
-440.0 12.4 2678.4 0.3190077245 -0.9164535999 0.2415509671 0.9264657497 0.2478315085 -0.2832680047 0.1997380257 0.3141533732 0.9281230569
-105.6 288.5 2642.4 0.4163648188 0.3095847070 0.8548670411 -0.8745763898 0.3933691978 0.2835081220 -0.2485085875 -0.8656893373 0.4345405400
17.9 29.0 2568.7 0.1693008989 0.3184147775 0.9327107072 -0.9363973141 0.3471485078 0.0514582843 -0.3074040413 -0.8820997477 0.3569352925
-332.3 -95.0 2731.1 0.9581609964 0.2232477516 -0.1791310608 -0.2394337654 0.9680711627 -0.0742271170 0.1568405926 0.1140115485 0.9810211062
-419.7 -474.0 2686.5 0.9250498414 0.3198291361 -0.2049198598 -0.3583083749 0.9138031006 -0.1912564039 0.1260870397 0.2503462136 0.9599108696
-159.8 -99.9 2677.9 0.9676308632 0.0016771507 -0.2523643076 -0.0307888538 0.9932928085 -0.1114513502 0.2504847348 0.1156137660 0.9611924291
-160.4 -488.8 2632.6 0.9637950659 0.0954326242 -0.2489813268 -0.0867513791 0.9951841831 0.0456358865 0.2521374226 -0.0223841704 0.9674324989
-525.9 -237.0 2624.6 0 0 0 0 0 0 0 0 0
63.3 -221.7 2486.4 0 0 0 0 0 0 0 0 0
-534.5 -802.0 2596.6 0 0 0 0 0 0 0 0 0
-190.5 -802.4 2639.7 0 0 0 0 0 0 0 0 0
-248.1 491.6 2673.8 4 0.9590409398 -0.0121985134 0.2830047309 0.0004782735 0.9991406202 0.0414457582 -0.2832671106 -0.0396128260 0.9582226276
-245.6 291.7 2681.7 0.9590409398 -0.0121985134 0.2830047309 0.0004782735 0.9991406202 0.0414457582 -0.2832671106 -0.0396128260 0.9582226276
-244.7 96.1 2691.6 0.9591275454 -0.0046999720 0.2829349935 -0.0097644450 0.9987168908 0.0496908836 -0.2828055024 -0.0504226014 0.9578510523
-382.3 293.1 2722.0 0.2038334459 -0.9421687126 0.2660263181 0.9649953246 0.1475503147 -0.2168245614 0.1650330573 0.3009102345 0.9392641187
-441.9 10.7 2673.7 0.2716607451 -0.9348829985 0.2284605503 0.9110324383 0.1732980609 -0.3741492629 0.3101940155 0.3097766340 0.8987870216
-109.0 290.3 2641.4 0.3958270550 0.2971462011 0.8689218163 -0.8760595322 0.4059365392 0.2602599561 -0.2753918469 -0.8642451167 0.4209984243
