-316.5 298.2 2960.5 3 0.9723753929 0.1190286502 -0.2007941008 -0.1185898930 0.9928409457 0.0142565174 0.2010535449 0.0099494644 0.9795297384
-340.7 96.8 2958.5 0.9723753929 0.1190286502 -0.2007941008 -0.1185898930 0.9928409457 0.0142565174 0.2010535449 0.0099494644 0.9795297384
-363.3 -95.8 2956.9 0.9726240039 0.1173743755 -0.2005636245 -0.1165013090 0.9930585027 0.0161926150 0.2010720223 0.0076166000 0.9795468450
-473.2 112.7 2931.1 0.3206428587 -0.8224588037 -0.4698400795 0.9446541667 0.2413230091 0.2222424001 -0.0694019943 -0.5150968432 0.8543176055
-559.5 -141.7 2949.8 0.0493500233 -0.8238288760 -0.5646862388 0.9463274479 0.2193800360 -0.2373536378 0.3194196820 -0.5226646662 0.7904382944
-208.1 80.8 2985.9 0.1062638089 0.9201827645 0.3767913282 -0.9925996065 0.1205644310 -0.0145011274 -0.0587713197 -0.3724619448 0.9261846542
-180.0 -182.1 2970.3 -0.2191124260 0.8976268172 0.3824340403 -0.8770703673 -0.0094761308 -0.4802684188 -0.4274778366 -0.4406543374 0.7893582582
-477.8 -281.6 2946.9 -0.6233769655 0.0614578128 0.7795024514 0.2367094904 0.9649611115 0.1132194474 -0.7452313900 0.2550940216 -0.6160821915
-501.7 -656.1 2847.9 -0.6294418573 0.0966642871 0.7710116506 0.1844728887 0.9824548364 0.0274271592 -0.7548329234 0.1594945490 -0.6362301111
-302.6 -299.8 2975.8 0.9827311635 0.0532618761 0.1772080064 -0.0276367608 0.9891847968 -0.1440472901 -0.1829636991 0.1366623044 0.9735746980
-323.2 -683.7 2922.8 0.9833288789 0.0160883162 0.1811229438 -0.0055236998 0.9982613921 -0.0586824156 -0.1817521453 0.0567036457 0.9817081094
-572.1 -381.8 2868.8 0 0 0 0 0 0 0 0 0
-237.0 -410.4 2859.0 0 0 0 0 0 0 0 0 0
-533.2 -976.0 2796.0 0 0 0 0 0 0 0 0 0
-327.8 -967.1 2906.7 0 0 0 0 0 0 0 0 0
-310.0 303.7 2969.7 4 0.9714886546 0.1112227961 -0.2093783319 -0.1151792035 0.9933217168 -0.0067594093 0.2072282434 0.0306827184 0.9778113365
-332.4 103.5 2963.5 0.9714886546 0.1112227961 -0.2093783319 -0.1151792035 0.9933217168 -0.0067594093 0.2072282434 0.0306827184 0.9778113365
-354.0 -89.2 2957.8 0.9714455605 0.1118645146 -0.2092363238 -0.1155628785 0.9932849407 -0.0054947855 0.2072166204 0.0295178369 0.9778496623
-465.0 119.3 2935.3 0.3215033114 -0.8124284148 -0.4864110053 0.9467970133 0.2679296434 0.1782950759 -0.0145280547 -0.5178549290 0.8553450704
-553.4 -141.3 2939.3 0.0484718382 -0.8163138032 -0.5755712390 0.9496846199 0.2161868215 -0.2266328186 0.3094344139 -0.5356258154 0.7857196331
-199.9 87.6 2991.8 0.0753597915 0.9264476895 0.3688028157 -0.9950294495 0.0940109268 -0.0328386799 -0.0650948137 -0.3644949496 0.9289273620
-179.2 -185.5 2973.9 -0.2259180695 0.9044170976 0.3619264066 -0.8722178936 -0.0223460011 -0.4886067510 -0.4338167012 -0.4260637760 0.7938971519
-472.8 -277.9 2937.3 -0.6185777187 0.0760106221 0.7820383310 0.2419795990 0.9653629065 0.0975724012 -0.7475342751 0.2495934367 -0.6155450344
-502.3 -652.6 2840.5 -0.6268714666 0.0684749261 0.7761077881 0.1570441276 0.9867899418 0.0397832841 -0.7631312013 0.1468221843 -0.6293441057
-299.0 -298.9 2973.2 0.9830949903 0.0640932843 0.1715119481 -0.0425134972 0.9910346270 -0.1266608983 -0.1780923903 0.1172281280 0.9770059586
-323.8 -683.5 2927.8 0.9845123291 0.0121493116 0.1748940051 0.0000940094 0.9975591302 -0.0698263496 -0.1753154546 0.0687613413 0.9821081161
-565.7 -382.3 2860.8 0 0 0 0 0 0 0 0 0
-238.1 -413.0 2860.8 0 0 0 0 0 0 0 0 0
-524.2 -969.3 2793.4 0 0 0 0 0 0 0 0 0
-327.3 -964.1 2908.4 0 0 0 0 0 0 0 0 0
-298.9 303.5 2961.9 5 0.9544334412 0.1412361115 -0.2628861964 -0.1375553459 0.9899623394 0.0324513577 0.2648307383 0.0051887394 0.9642809629
-327.5 103.1 2960.8 0.9544334412 0.1412361115 -0.2628861964 -0.1375553459 0.9899623394 0.0324513577 0.2648307383 0.0051887394 0.9642809629
-354.1 -89.0 2958.6 0.9548113346 0.1370420605 -0.2637323737 -0.1348658949 0.9905112982 0.0264291931 0.2648518085 0.0103336088 0.9642337561
-457.6 121.4 2924.7 0.3321700692 -0.7785126567 -0.5325232744 0.9430578947 0.2636675239 0.2027837783 -0.0174606312 -0.5695589781 0.8217650056
-548.7 -137.2 2929.5 0.0400487930 -0.7801956534 -0.6242522001 0.9444394112 0.2335382700 -0.2312877476 0.3262364864 -0.5803056359 0.7462005019
-197.4 84.8 2996.9 0.1268292069 0.6841022968 0.7182745934 -0.9897695780 0.1349865496 0.0462038890 -0.0653492138 -0.7167863250 0.6942238808
-163.7 -178.1 2979.6 -0.2686133981 0.6841022968 0.6781230569 -0.8670316339 0.1349865496 -0.4796193540 -0.4196462035 -0.7167863250 0.5568791628
-462.5 -271.5 2933.4 -0.5668839812 0.0768324733 0.8202068806 0.2614088953 0.9609615803 0.0906545371 -0.7812220454 0.2657999992 -0.5648384094
-492.4 -644.5 2830.3 -0.5812741518 0.0663027838 0.8110020757 0.1279073060 0.9917294979 0.0105977254 -0.8035920262 0.1098932624 -0.5849472880
-288.7 -292.3 2970.5 0.9896447062 0.0898094773 0.1119714752 -0.0766855478 0.9902300835 -0.1164635569 -0.1213370487 0.1066709533 0.9868630171
-323.6 -676.5 2929.1 0.9932168722 0.0132299829 0.1155217290 -0.0044177542 0.9970822334 -0.0762072504 -0.1161928773 0.0751799718 0.9903773069
-558.8 -376.8 2846.7 0 0 0 0 0 0 0 0 0
-233.8 -404.4 2870.1 0 0 0 0 0 0 0 0 0
-514.1 -970.2 2794.2 0 0 0 0 0 0 0 0 0
-327.4 -962.0 2907.6 0 0 0 0 0 0 0 0 0
-290.0 298.7 2958.4 6 0.9574711919 0.1510163099 -0.2458516210 -0.1459740251 0.9885305762 0.0387156866 0.2488785535 -0.0011812028 0.9685339928
-320.4 100.2 2958.6 0.9574711919 0.1510163099 -0.2458516210 -0.1459740251 0.9885305762 0.0387156866 0.2488785535 -0.0011812028 0.9685339928
-349.3 -91.7 2957.7 0.9576025605 0.1487059146 -0.2467465252 -0.1451070905 0.9888717532 0.0328116044 0.2488799542 0.0043841926 0.9685243964
-451.0 119.9 2924.7 0.3451075852 -0.7755877376 -0.5285493135 0.9383630157 0.2967496216 0.1772414297 0.0193805285 -0.5571385026 0.8301934004
-545.5 -137.0 2919.4 0.0103245545 -0.7795794606 -0.6262181997 0.9441851974 0.2138067633 -0.2506012619 0.3292532861 -0.5886785984 0.7382748723
-189.7 80.4 2992.6 0.1125480235 0.7799597383 0.6156263351 -0.9931449890 0.1079771519 0.0447652675 -0.0315584727 -0.6164444685 0.7867656946
-160.1 -181.5 2984.3 -0.2196437716 0.7799597383 0.5860199928 -0.8751171231 0.1079771519 -0.4717106223 -0.4311920404 -0.6164444685 0.6588396430
-466.1 -269.1 2932.7 -0.5767723918 0.0503454171 0.8153520226 0.2709216475 0.9533999562 0.1327780038 -0.7706717849 0.2974792123 -0.5635344386
-485.6 -638.9 2817.4 -0.5956140161 0.0404775105 0.8022502661 0.0811460614 0.9966524839 0.0099591380 -0.7991616130 0.0710312501 -0.5969047546
-295.5 -293.1 2980.1 0.9898732305 0.0670678914 0.1251113266 -0.0488527715 0.9884639382 -0.1433614194 -0.1332829744 0.1357976049 0.9817304611
-321.5 -676.5 2927.5 0.9913128614 0.0208442193 0.1298625767 -0.0121286614 0.9976423979 -0.0675466210 -0.1309643686 0.0653847754 0.9892285466
-548.1 -376.6 2835.8 0 0 0 0 0 0 0 0 0
-217.4 -409.7 2871.8 0 0 0 0 0 0 0 0 0
-499.0 -967.0 2794.0 0 0 0 0 0 0 0 0 0
-327.6 -968.0 2908.4 0 0 0 0 0 0 0 0 0
-284.6 298.1 2968.7 7 0.9580104351 0.1602433324 -0.2377773523 -0.1638694257 0.9864714742 0.0045709237 0.2352930307 0.0345854424 0.9713089466
-316.7 100.4 2961.8 0.9580104351 0.1602433324 -0.2377773523 -0.1638694257 0.9864714742 0.0045709237 0.2352930307 0.0345854424 0.9713089466
-347.9 -91.0 2954.8 0.9579188824 0.1605230570 -0.2379574776 -0.1644325554 0.9863822460 0.0034630282 0.2352729291 0.0358106531 0.9712693691
-447.5 122.8 2929.7 0.3452586234 -0.7764691114 -0.5271548033 0.9361229539 0.3249375820 0.1344965845 0.0668599531 -0.5399178267 0.8390581012
-543.4 -137.3 2911.1 -0.0178541224 -0.7804110050 -0.6250119209 0.9345481396 0.2091671675 -0.2878695428 0.3553885221 -0.5892433524 0.7255971432
-186.0 78.0 2993.8 0.1138236225 0.8002861738 0.5887157917 -0.9933544993 0.1018484831 0.0536069758 -0.0170588885 -0.5909051895 0.8065606356
-155.5 -187.6 2989.3 -0.2007448226 0.8002861738 0.5650164485 -0.8830924034 0.1018484831 -0.4580117166 -0.4240864813 -0.5909051895 0.6862810254
-463.8 -270.6 2934.5 -0.5808913708 0.0158030875 0.8138276935 0.2854021788 0.9402936697 0.1854546368 -0.7623062730 0.3399972022 -0.5507187247
-469.9 -634.9 2802.8 -0.6047402620 0.0380254611 0.7955144644 0.0636736527 0.9979705215 0.0007010979 -0.7938733697 0.0510772988 -0.6059341431
-292.5 -296.5 2979.1 0.9878065586 0.0779537410 0.1347643435 -0.0587103963 0.9882252812 -0.1412936449 -0.1441919059 0.1316587180 0.9807521105
-322.7 -680.0 2928.0 0.9899169207 0.0160385147 0.1407381147 -0.0077487309 0.9982128739 -0.0592536852 -0.1414369345 0.0575656854 0.9882721305
-538.9 -374.3 2821.0 0 0 0 0 0 0 0 0 0
-208.0 -418.2 2878.5 0 0 0 0 0 0 0 0 0
-482.3 -959.0 2786.2 0 0 0 0 0 0 0 0 0
-327.4 -970.9 2911.2 0 0 0 0 0 0 0 0 0
-279.2 296.9 2961.3 8 0.9608974457 0.1768210530 -0.2130972445 -0.1764400303 0.9840881824 0.0209610350 0.2134128362 0.0174574777 0.9768061042
-314.8 98.6 2957.8 0.9608974457 0.1768210530 -0.2130972445 -0.1764400303 0.9840881824 0.0209610350 0.2134128362 0.0174574777 0.9768061042
-349.3 -92.3 2953.8 0.9606287479 0.1776151061 -0.2136474550 -0.1779317409 0.9838799238 0.0179060362 0.2133838236 0.0208136104 0.9767467380
-446.0 122.9 2928.7 0.3562367558 -0.7770986557 -0.5188574195 0.9296895862 0.3504364192 0.1134529859 0.0936623737 -0.5227924585 0.8472989202
-542.9 -130.0 2903.2 -0.0434425659 -0.7791845202 -0.6252873540 0.9165408015 0.2179851979 -0.3353139460 0.3975748122 -0.5876682401 0.7046845555
-183.7 74.3 2986.9 0.1137043089 0.8285324574 0.5482748151 -0.9933053851 0.0834768564 0.0798501298 0.0203901716 -0.5536835790 0.8324774504
-153.4 -190.6 2992.4 -0.1912062466 0.8285324574 0.5262832642 -0.8872085214 0.0834768564 -0.4537539184 -0.4198823571 -0.5536835790 0.7191197872
-464.8 -267.6 2926.8 -0.5950968266 -0.0208576638 0.8033832908 0.2649019361 0.9387040734 0.2205939144 -0.7587402463 0.3440925181 -0.5530945659
-456.8 -631.4 2793.4 -0.6143768430 0.0266482998 0.7885625958 0.0566111021 0.9983424544 0.0103687672 -0.7869791985 0.0510117300 -0.6148670912
-293.4 -297.0 2968.9 0.9843870997 0.0770220980 0.1582706273 -0.0589637421 0.9915221930 -0.1157888323 -0.1658471376 0.1046488062 0.9805831909
-323.2 -681.7 2928.3 0.9866846204 0.0133277690 0.1620982587 -0.0030412807 0.9979745746 -0.0635416359 -0.1626168191 0.0622025691 0.9847266674
-531.9 -362.2 2802.5 0 0 0 0 0 0 0 0 0
-203.3 -422.4 2882.7 0 0 0 0 0 0 0 0 0
-465.4 -956.2 2776.8 0 0 0 0 0 0 0 0 0
-327.0 -963.5 2910.7 0 0 0 0 0 0 0 0 0
-274.8 296.0 2959.1 9 0.9475356936 0.1881781667 -0.2583894432 -0.1864174753 0.9819645286 0.0315302014 0.2596625686 0.0182923172 0.9655261636
-312.6 98.8 2955.5 0.9475356936 0.1881781667 -0.2583894432 -0.1864174753 0.9819645286 0.0315302014 0.2596625686 0.0182923172 0.9655261636
-349.5 -91.7 2951.6 0.9470337629 0.1904381961 -0.2585738003 -0.1890205443 0.9814970493 0.0305742249 0.2596119046 0.0199209340 0.9655075669
-441.7 124.6 2920.1 0.3651569188 -0.5644011497 -0.7403457165 0.9249080420 0.3103742599 0.2195744216 0.1058561951 -0.7649307847 0.6353545189
-542.1 -129.5 2891.0 -0.0539978966 -0.5644011497 -0.8237326741 0.9107611775 0.3103742599 -0.2723635733 0.4093877673 -0.7649307847 0.4972751141
-183.4 73.0 2990.9 0.1142702401 0.8327639103 0.5417070985 -0.9932637811 0.0852208138 0.0785141438 0.0192190260 -0.5470299125 0.8368924260
-152.7 -193.5 2996.1 -0.1785781682 0.8327639103 0.5240363479 -0.8939192295 0.0852208138 -0.4400520623 -0.4111182690 -0.5470299125 0.7292050719
-469.7 -267.2 2930.7 -0.5554849505 -0.0602320954 0.8293422461 0.2689940631 0.9307280779 0.2477648407 -0.7868155241 0.3607177734 -0.5008033514
-446.4 -627.9 2790.9 -0.5688678026 0.0087644914 0.8223822713 0.0699698776 0.9968335629 0.0377766825 -0.8194471598 0.0790319294 -0.5676797628
-297.7 -299.1 2968.9 0.9911093116 0.0740309730 0.1105521172 -0.0616442151 0.9918459654 -0.1115416586 -0.1179082170 0.1037350744 0.9875913858
-326.5 -684.0 2928.6 0.9934354424 -0.0006701135 0.1143920422 0.0073251654 0.9983032346 -0.0577671528 -0.1141592339 0.0582258813 0.9917547107
-528.4 -360.5 2787.2 0 0 0 0 0 0 0 0 0
-199.4 -427.1 2888.6 0 0 0 0 0 0 0 0 0
-449.3 -954.2 2765.0 0 0 0 0 0 0 0 0 0
-326.3 -963.7 2912.3 0 0 0 0 0 0 0 0 0
-271.6 298.2 2958.6 0 0.9311789870 0.1889388114 -0.3117817640 -0.1865131110 0.9817221761 0.0378737301 0.3132388890 0.0228841677 0.9493985772
-309.5 101.5 2954.0 0.9311789870 0.1889388114 -0.3117817640 -0.1865131110 0.9817221761 0.0378737301 0.3132388890 0.0228841677 0.9493985772
-346.6 -89.0 2949.5 0.9307615757 0.1911509633 -0.3116796017 -0.1886686683 0.9812896848 0.0384013504 0.3131884634 0.0230616778 0.9494109750
-436.4 127.2 2911.3 0.3552199006 -0.5150482655 -0.7800923586 0.9240850806 0.3193705976 0.2099266052 0.1410162151 -0.7954418063 0.5893952250
-538.6 -138.6 2870.7 -0.0572711155 -0.5159626603 -0.8546944261 0.9058977962 0.3329579234 -0.2617024481 0.4196059704 -0.7892538309 0.4483405650
-182.6 75.7 2996.7 0.1117354557 0.8601552844 0.4976425767 -0.9937374592 0.0961865932 0.0568687320 0.0010493967 -0.5008803010 0.8655159473
-152.2 -194.9 2997.0 -0.1561514884 0.8560000658 0.4928291738 -0.9095573425 0.0699299499 -0.4096526504 -0.3851262033 -0.5122242570 0.7676614523
-471.2 -265.2 2924.4 -0.5101262331 -0.0942483693 0.8549201488 0.2610457242 0.9301259518 0.2583037913 -0.8195281625 0.3549408019 -0.4498784840
-434.7 -625.8 2786.8 -0.5174734592 -0.0031579544 0.8556933999 0.0893629193 0.9943257570 0.0577110574 -0.8510202765 0.1063311994 -0.5142549872
-301.8 -299.0 2970.9 0.9953145981 0.0805639401 0.0534632131 -0.0731251985 0.9889570475 -0.1289055645 -0.0632579625 0.1243920773 0.9902146459
-333.0 -682.8 2922.6 0.9977651834 -0.0265415944 0.0613205656 0.0283277500 0.9991939068 -0.0284446646 -0.0605161674 0.0301181693 0.9977127314
-523.9 -370.1 2763.5 0 0 0 0 0 0 0 0 0
-193.0 -432.5 2896.3 0 0 0 0 0 0 0 0 0
-433.6 -959.4 2751.2 0 0 0 0 0 0 0 0 0
-325.6 -964.1 2914.1 0 0 0 0 0 0 0 0 0
-269.4 301.9 2956.8 1 0.9123294353 0.1584700197 -0.3775477111 -0.1587418169 0.9868451953 0.0306200795 0.3774335086 0.0319970138 0.9254837036
-301.4 102.9 2950.3 0.9123294353 0.1584700197 -0.3775477111 -0.1587418169 0.9868451953 0.0306200795 0.3774335086 0.0319970138 0.9254837036
-332.1 -88.6 2944.6 0.9123669863 0.1588069350 -0.3773152828 -0.1585080624 0.9868368506 0.0320660435 0.3774409294 0.0305515137 0.9255295396
-425.5 124.5 2898.9 0.3681829870 -0.4594954252 -0.8082730174 0.9165820479 0.3251944184 0.2326498181 0.1559443325 -0.8265061975 0.5408962965
-534.6 -147.1 2852.7 -0.0658695772 -0.4602905214 -0.8853213191 0.9102448821 0.3357762694 -0.2422985733 0.4087976217 -0.8218192458 0.3968596458
-177.2 81.2 3001.7 0.1007350832 0.8925403357 0.4395726919 -0.9948807955 0.0939362869 0.0372577198 -0.0080378102 -0.4410755932 0.8974339366
-149.7 -190.1 2999.5 -0.1422342360 0.8860900402 0.4411506653 -0.9219556451 0.0436025299 -0.3848332167 -0.3602321744 -0.4614577889 0.8107339144
-466.9 -262.6 2917.0 -0.4649043381 -0.1218751371 0.8769323826 0.2737418413 0.9221609831 0.2732847631 -0.8419794440 0.3671043515 -0.3953543305
-419.6 -620.2 2774.6 -0.4777948856 0.0040659462 0.8784620166 0.0528660417 0.9983099699 0.0241331439 -0.8768792748 0.0579715036 -0.4772023559
-300.5 -296.3 2973.0 0.9951179028 0.0981022716 -0.0107845496 -0.0986838564 0.9875550866 -0.1224599481 -0.0013632623 0.1229263544 0.9924148321
-338.6 -679.6 2925.3 0.9989128113 -0.0465089791 -0.0031730263 0.0463152602 0.9978765249 -0.0457963459 0.0052962299 0.0455995984 0.9989457726
-517.6 -382.5 2747.0 0 0 0 0 0 0 0 0 0
-186.9 -431.0 2905.4 0 0 0 0 0 0 0 0 0
-421.0 -973.6 2754.1 0 0 0 0 0 0 0 0 0
-325.3 -963.5 2912.3 0 0 0 0 0 0 0 0 0
-267.5 302.7 2955.9 2 0.8995482922 0.1495064199 -0.4104396403 -0.1521784961 0.9880013466 0.0263635200 0.4094564319 0.0387448259 0.9115065932
-297.5 104.8 2948.1 0.8995482922 0.1495064199 -0.4104396403 -0.1521784961 0.9880013466 0.0263635200 0.4094564319 0.0387448259 0.9115065932
-326.4 -87.0 2941.5 0.8998491764 0.1492252052 -0.4098820090 -0.1501879096 0.9882006049 0.0300524626 0.4095302224 0.0345166363 0.9116433263
-420.1 125.3 2892.3 0.3633792996 -0.4327952862 -0.8250113726 0.9174069762 0.3204363286 0.2359766215 0.1622340381 -0.8426201940 0.5134893656
-531.8 -156.8 2842.4 -0.0761395544 -0.4331525266 -0.8980989456 0.9163476229 0.3246834278 -0.2342812568 0.3930773437 -0.8408088684 0.3721970320
-174.9 84.3 3003.9 0.1010564193 0.9070947170 0.4086156785 -0.9948129058 0.0969276875 0.0308593959 -0.0116137788 -0.4096146822 0.9121847153
-147.6 -184.2 3000.8 -0.1172913536 0.9018841982 0.4157494307 -0.9325072765 0.0439705551 -0.3584644496 -0.3415741622 -0.4297341704 0.8358562589
-444.3 -265.8 2905.1 -0.4363635480 -0.0897306129 0.8952850103 0.2609101832 0.9396448135 0.2213447094 -0.8611113429 0.3301757276 -0.3866151273
-409.5 -629.9 2777.2 -0.4445641041 0.0067125489 0.8957219124 0.0861155018 0.9956603050 0.0352793001 -0.8915979266 0.0928194523 -0.4432128966
-281.5 -294.2 2972.6 0.9869061708 0.1551868320 -0.0439685248 -0.1593258679 0.9804051518 -0.1158492416 0.0251286924 0.1213376522 0.9922931790
-341.6 -674.2 2925.6 0.9976761341 -0.0581095330 -0.0355754904 0.0557894930 0.9964492321 -0.0630589947 0.0391134992 0.0609277152 0.9973755479
-511.7 -399.4 2738.3 0 0 0 0 0 0 0 0 0
-178.2 -427.8 2911.6 0 0 0 0 0 0 0 0 0
-412.0 -991.8 2743.5 0 0 0 0 0 0 0 0 0
-324.8 -961.9 2908.0 0 0 0 0 0 0 0 0 0
-265.2 301.6 2943.4 3 0.8956329823 0.1540143341 -0.4172782898 -0.1479364336 0.9878751040 0.0470913127 0.4194715917 0.0195541345 0.9075578451
-296.3 102.3 2939.5 0.8956329823 0.1540143341 -0.4172782898 -0.1479364336 0.9878751040 0.0470913127 0.4194715917 0.0195541345 0.9075578451
-326.2 -89.4 2936.2 0.8957387805 0.1544168890 -0.4169022739 -0.1472587734 0.9878585935 0.0495000109 0.4194841385 0.0170534365 0.9076024890
-418.5 122.4 2882.2 0.3718531430 -0.4206812978 -0.8274977207 0.9151040912 0.3158445358 0.2506525815 0.1559157968 -0.8504524827 0.5024150014
-530.2 -152.5 2835.4 -0.0710456297 -0.4242173731 -0.9027691483 0.9035968184 0.3559395373 -0.2383691669 0.4224515855 -0.8326743841 0.3580335081
-174.1 82.2 2996.7 0.1053329185 0.9094138145 0.4023326337 -0.9944255948 0.0982646495 0.0382333472 -0.0047651422 -0.4041170776 0.9146948457
-146.3 -180.0 2995.5 -0.0958552808 0.9054730535 0.4134371579 -0.9466531277 0.0454548784 -0.3190324605 -0.3076680303 -0.4219625294 0.8528118134
-435.7 -265.3 2898.4 -0.4288892448 -0.0853905380 0.8993121982 0.2556492388 0.9433525205 0.2114933878 -0.8664280176 0.3206157386 -0.3827637434
-402.6 -631.1 2774.0 -0.4346855581 -0.0106546087 0.9005192518 0.0688583776 0.9966096878 0.0450298302 -0.8979460001 0.0815821141 -0.4324781597
-274.9 -292.2 2971.6 0.9822754860 0.1795908958 -0.0536844656 -0.1843702197 0.9773453474 -0.1039409339 0.0338014141 0.1119964421 0.9931335449
-344.5 -671.2 2928.2 0.9958899021 -0.0750634596 -0.0506825484 0.0704357028 0.9936597347 -0.0876304805 0.0569390580 0.0837004483 0.9948629141
-510.9 -398.5 2720.4 0 0 0 0 0 0 0 0 0
-171.3 -427.2 2915.1 0 0 0 0 0 0 0 0 0
-398.7 -998.2 2744.0 0 0 0 0 0 0 0 0 0
-322.5 -963.4 2903.6 0 0 0 0 0 0 0 0 0
-264.6 301.5 2938.2 4 0.8931129575 0.1542887539 -0.4225449264 -0.1469938755 0.9878718853 0.0500192642 0.4251376688 0.0174386632 0.9049606919
-295.5 103.6 2934.7 0.8931129575 0.1542887539 -0.4225449264 -0.1469938755 0.9878718853 0.0500192642 0.4251376688 0.0174386632 0.9049606919
-325.9 -88.1 2932.5 0.8932118416 0.1564247906 -0.4215493500 -0.1463651359 0.9876244664 0.0563489534 0.4251468182 0.0113685755 0.9050530195
-417.5 123.5 2876.6 0.3800097406 -0.5537950397 -0.7408803105 0.9135229588 0.3503854871 0.2066539824 0.1451497525 -0.7553417087 0.6390543580
-530.6 -148.5 2833.4 -0.0559885316 -0.5537950397 -0.8307685256 0.8894276023 0.3503854871 -0.2935107350 0.4536340237 -0.7553417087 0.4729430377
-173.6 83.6 2992.8 0.1044652835 0.9117067456 0.3973383605 -0.9945176244 0.0938932374 0.0460299440 0.0046584243 -0.3999685347 0.9165170193
-145.7 -181.9 2994.0 -0.0914490223 0.9083808064 0.4080212414 -0.9458833337 0.0488730855 -0.3208055496 -0.3113548756 -0.4152778387 0.8547528982
-436.3 -267.9 2895.4 -0.4245987535 -0.1077512652 0.8989469409 0.2586720586 0.9370693564 0.2344990969 -0.8676431775 0.3321004808 -0.3700062335
-394.6 -631.4 2766.6 -0.4325714409 -0.0028048027 0.9015952945 0.0628369004 0.9974697232 0.0332512297 -0.8994072676 0.0710369870 -0.4313006699
-276.1 -294.3 2970.5 0.9820011854 0.1787516922 -0.0610040501 -0.1845100522 0.9769270420 -0.1075621471 0.0403695889 0.1168820187 0.9923250079
-345.4 -673.3 2925.2 0.9950251579 -0.0827458650 -0.0554805174 0.0783330873 0.9939117432 -0.0774812624 0.0615539923 0.0727498457 0.9954489470
-515.0 -397.0 2706.7 0 0 0 0 0 0 0 0 0
-169.6 -429.1 2912.6 0 0 0 0 0 0 0 0 0
-393.5 -1001.2 2740.3 0 0 0 0 0 0 0 0 0
-321.0 -966.5 2903.7 0 0 0 0 0 0 0 0 0
-266.8 293.6 2923.6 5 0.9156486392 0.1635665298 -0.3671968281 -0.1527357399 0.9865292907 0.0585813597 0.3718323708 0.0024441374 0.9282966852
-299.5 96.3 2923.1 0.9156486392 0.1635665298 -0.3671968281 -0.1527357399 0.9865292907 0.0585813597 0.3718323708 0.0024441374 0.9282966852
-331.5 -95.1 2923.9 0.9156950712 0.1656868160 -0.3661289215 -0.1524575800 0.9861715436 0.0649797320 0.3718322217 -0.0036824932 0.9282926321
-424.3 117.1 2872.4 0.3601685762 -0.6714468002 -0.6476401687 0.9197406769 0.3717170060 0.1261093467 0.1560631394 -0.6410816312 0.7514377236
-528.9 -150.0 2827.1 -0.0172770787 -0.6714468002 -0.7408513427 0.8570083976 0.3717170060 -0.3568797112 0.5150128007 -0.6410816312 0.5690133572
-174.6 75.4 2973.8 0.1143098101 0.8878582716 0.4456915259 -0.9916150570 0.0747534186 0.1054112092 0.0602732524 -0.4540039599 0.8889586926
-145.1 -180.5 2989.3 -0.0956344754 0.8866877556 0.4523702562 -0.9446370602 0.0624537766 -0.3221185803 -0.3138708174 -0.4581313431 0.8316254020
-436.2 -266.7 2892.3 -0.4723460078 -0.1077078357 0.8748075962 0.2474886179 0.9363704324 0.2489172369 -0.8459542990 0.3340799809 -0.4156343639
-394.4 -630.1 2762.6 -0.4773049951 -0.0169195160 0.8785747886 0.0663615614 0.9962654710 0.0552383624 -0.8762283325 0.0846691430 -0.4743996561
-276.3 -292.9 2968.4 0.9823945165 0.1867278218 -0.0058109500 -0.1860865951 0.9753236175 -0.1188090220 -0.0165173933 0.1177986711 0.9929001331
-348.7 -671.5 2922.7 0.9948881269 -0.1009670943 0.0018080564 0.1007941812 0.9917706847 -0.0789395720 0.0061771222 0.0787182897 0.9968777895
-524.0 -392.7 2681.2 0 0 0 0 0 0 0 0 0
-170.1 -427.4 2907.3 0 0 0 0 0 0 0 0 0
-388.1 -1000.7 2731.1 0 0 0 0 0 0 0 0 0
-318.9 -964.1 2899.5 0 0 0 0 0 0 0 0 0
-271.4 295.2 2928.3 6 0.9201244712 0.1513625979 -0.3611929119 -0.1593111753 0.9871971607 0.0078589916 0.3577581644 0.0503108166 0.9324579835
-301.6 98.4 2918.2 0.9201244712 0.1513625979 -0.3611929119 -0.1593111753 0.9871971607 0.0078589916 0.3577581644 0.0503108166 0.9324579835
-332.2 -93.0 2911.4 0.9200271368 0.1577124298 -0.3587155640 -0.1599328816 0.9868437648 0.0236815698 0.3577311039 0.0355827287 0.9331464767
-427.2 120.2 2869.4 0.3380313516 -0.6889472008 -0.6411603093 0.9252449870 0.3679328561 0.0924503803 0.1722105145 -0.6244814992 0.7618178129
-526.5 -151.6 2818.8 0.0111006396 -0.6890418530 -0.7246365547 0.8386032581 0.4011222422 -0.3685722947 0.5446295738 -0.6035912037 0.5822854042
-176.0 76.6 2967.1 0.1184609830 0.8852629662 0.4497515857 -0.9919289351 0.0848803967 0.0941928998 0.0452103950 -0.4572798014 0.8881729841
-144.4 -187.8 2979.1 -0.1159023941 0.8818585277 0.4570472836 -0.9386119246 0.0532854162 -0.3408346772 -0.3249219060 -0.4684936106 0.8215470314
-445.5 -272.9 2891.4 -0.4767503440 -0.1357455254 0.8684942722 0.2425783575 0.9293231368 0.2784137726 -0.8449052572 0.3434117734 -0.4101261795
-392.8 -633.4 2758.2 -0.4802179933 -0.0231226496 0.8768443465 0.0677520335 0.9956881404 0.0633620918 -0.8745286465 0.0898356065 -0.4765807390
-281.8 -300.2 2957.9 0.9863978028 0.1640828550 0.0098049622 -0.1616116464 0.9789777398 -0.1244355962 -0.0300165880 0.1211584061 0.9921792150
-345.4 -680.1 2910.9 0.9952893257 -0.0938905329 0.0241601206 0.0947660580 0.9947708845 -0.0380823687 -0.0204582121 0.0401925333 0.9989824891
-529.6 -388.7 2664.9 0 0 0 0 0 0 0 0 0
-174.7 -433.2 2894.2 0 0 0 0 0 0 0 0 0
-384.2 -1004.5 2724.7 0 0 0 0 0 0 0 0 0
-318.8 -962.2 2899.5 0 0 0 0 0 0 0 0 0
-271.4 294.4 2906.6 7 0.9144462347 0.1653223783 -0.3694003820 -0.1555280834 0.9862219095 0.0563683398 0.3736296892 0.0059063169 0.9275591373
-304.4 97.8 2905.4 0.9144462347 0.1653223783 -0.3694003820 -0.1555280834 0.9862219095 0.0563683398 0.3736296892 0.0059063169 0.9275591373
-336.8 -93.4 2904.5 0.9142220020 0.1670883596 -0.3691607416 -0.1568584293 0.9859288931 0.0577900559 0.3736222684 0.0050730328 0.9275670648
-429.2 119.2 2854.4 0.3254395723 -0.6817666888 -0.6551971436 0.9331650734 0.3434102535 0.1061713845 0.1526172906 -0.6459594369 0.7479601502
-525.6 -157.3 2809.2 0.0294869393 -0.6820267439 -0.7307325006 0.8303974271 0.4236411452 -0.3618953526 0.5563907027 -0.5961272120 0.5788451433
-179.6 76.4 2956.4 0.1336621791 0.8873341680 0.4413303733 -0.9893372059 0.0934784487 0.1116858274 0.0578477718 -0.4515527189 0.8903672099
-143.9 -187.1 2971.9 -0.1432154328 0.8802497983 0.4523821473 -0.9297749996 0.0369611271 -0.3662680984 -0.3391279876 -0.4730688632 0.8131408691
-445.1 -270.0 2872.5 -0.4617846608 -0.1367143840 0.8763926625 0.1994559616 0.9467402697 0.2527847588 -0.8642755747 0.2915338576 -0.4099216461
-392.2 -636.9 2759.5 -0.4614675343 -0.0289032869 0.8866861463 0.0880896002 0.9930370450 0.0782154128 -0.8827728629 0.1142017022 -0.4557082653
-280.5 -298.7 2936.5 0.9843382835 0.1762827635 -0.0015806218 -0.1757802665 0.9807723165 -0.0847760886 -0.0133943325 0.0837261900 0.9963987470
-348.8 -679.1 2904.0 0.9939922690 -0.1090451404 0.0094099166 0.1092395484 0.9937380552 -0.0234810505 -0.0067904978 0.0243679173 0.9996799827
-534.1 -395.8 2649.4 0 0 0 0 0 0 0 0 0
-181.4 -430.1 2883.2 0 0 0 0 0 0 0 0 0
-381.4 -1007.2 2716.9 0 0 0 0 0 0 0 0 0
-318.5 -955.9 2897.2 0 0 0 0 0 0 0 0 0
-275.5 296.1 2895.8 8 0.9225770235 0.1575484872 -0.3521791399 -0.1506847888 0.9874635935 0.0470075458 0.3551700711 0.0096999574 0.9347513914
-306.8 99.8 2893.9 0.9225770235 0.1575484872 -0.3521791399 -0.1506847888 0.9874635935 0.0470075458 0.3551700711 0.0096999574 0.9347513914
-338.3 -91.7 2892.4 0.9220440388 0.1618743837 -0.3516125977 -0.1539786905 0.9867823124 0.0505091473 0.3551412523 0.0075691855 0.9347820282
-432.8 120.8 2845.4 0.3082631528 -0.6969078183 -0.6475286484 0.9369466901 0.3402209878 0.0798782855 0.1646350175 -0.6313233376 0.7578430772
-525.5 -161.1 2795.8 0.0398791321 -0.6959571242 -0.7169751525 0.8423182964 0.4094052613 -0.3505527377 0.5375030637 -0.5899415016 0.6025441289
-180.9 78.8 2942.4 0.1357813478 0.8402484655 0.5249246955 -0.9877309203 0.0735520124 0.1377597004 0.0771431029 -0.5371896029 0.8399263620
-144.3 -187.5 2963.2 -0.1653244793 0.8402484655 0.5163819790 -0.9088214636 0.0735520124 -0.4106502831 -0.3830291927 -0.5371896029 0.7514758706
-451.2 -270.6 2870.0 -0.4785607159 -0.1534322351 0.8645450473 0.1968110055 0.9408178926 0.2759113610 -0.8557131886 0.3021923304 -0.4200413525
-391.7 -635.4 2752.8 -0.4791625738 -0.0276856180 0.8772894144 0.0642217323 0.9957174659 0.0664999560 -0.8753734827 0.0882053375 -0.4753325582
-287.5 -298.6 2936.9 0.9902201891 0.1391552687 0.0099873515 -0.1363856196 0.9806109667 -0.1407163590 -0.0293751303 0.1379780620 0.9899995923
-341.3 -678.3 2883.5 0.9960023165 -0.0813803524 0.0368318558 0.0793955848 0.9954609871 0.0524758585 -0.0409351811 -0.0493417904 0.9979427457
-536.9 -401.0 2642.8 0 0 0 0 0 0 0 0 0
-187.5 -424.7 2863.2 0 0 0 0 0 0 0 0 0
-381.3 -1006.8 2719.9 0 0 0 0 0 0 0 0 0
-317.8 -966.7 2897.8 0 0 0 0 0 0 0 0 0
-279.7 298.1 2878.9 9 0.9206953645 0.1394399107 -0.3645223677 -0.1306559891 0.9902268052 0.0487837903 0.3677622080 0.0027120179 0.9299159050
-307.7 99.5 2878.3 0.9206953645 0.1394399107 -0.3645223677 -0.1306559891 0.9902268052 0.0487837903 0.3677622080 0.0027120179 0.9299159050
-335.7 -92.5 2877.9 0.9200625420 0.1442553699 -0.3642462790 -0.1350722909 0.9895372391 0.0507104807 0.3677504957 0.0025427677 0.9299210310
-433.3 117.9 2828.1 0.3085002601 -0.6948450208 -0.6496291161 0.9409126639 0.3231943548 0.1011374444 0.1396816075 -0.6424452066 0.7534940243
-525.6 -163.4 2786.3 0.0360724330 -0.6950740814 -0.7180325985 0.8338118792 0.4169905782 -0.3617686927 0.5508688688 -0.5856542587 0.5946028829
-182.0 81.1 2928.6 0.1392528415 0.8522585034 0.5042459965 -0.9857605696 0.0708332881 0.1525082588 0.0942590684 -0.5183030367 0.8499865532
-144.3 -185.5 2954.1 -0.1814007163 0.8522585034 0.4906619787 -0.8892963529 0.0708332881 -0.4518126249 -0.4198163450 -0.5183030367 0.7450612187
-452.3 -269.3 2859.1 -0.4711597860 -0.1607328802 0.8672792912 0.1825942248 0.9441840649 0.2741821110 -0.8629413843 0.2875437737 -0.4155126512
-389.9 -635.7 2747.5 -0.4723480046 -0.0228379108 0.8811162114 0.0496689752 0.9973860979 0.0524780452 -0.8800115585 0.0685520396 -0.4699790180
-287.2 -296.9 2922.7 0.9918190837 0.1276496947 -0.0006676724 -0.1265090406 0.9822313190 -0.1386259049 -0.0170397442 0.1375762820 0.9903445840
-336.6 -677.7 2869.4 0.9974501729 -0.0659254491 0.0273302477 0.0635541975 0.9947621226 0.0800574869 -0.0324649215 -0.0781164020 0.9964154959
-535.9 -403.1 2628.0 0 0 0 0 0 0 0 0 0
-191.7 -417.7 2844.5 0 0 0 0 0 0 0 0 0
-381.4 -1007.7 2722.0 0 0 0 0 0 0 0 0 0
-317.6 -965.2 2891.9 0 0 0 0 0 0 0 0 0
-285.5 297.5 2870.4 0 0.9225221872 0.1152227223 -0.3683429062 -0.1099817976 0.9933076501 0.0352686718 0.3699415922 0.0079748835 0.9290207624
-308.5 99.3 2868.8 0.9225221872 0.1152227223 -0.3683429062 -0.1099817976 0.9933076501 0.0352686718 0.3699415922 0.0079748835 0.9290207624
-331.5 -93.3 2867.8 0.9223014116 0.1183344126 -0.3679090440 -0.1118595153 0.9929600358 0.0389584303 0.3699291050 0.0052227098 0.9290453196
-434.4 114.6 2818.3 0.3248748481 -0.7819418907 -0.5319992304 0.9351209402 0.3497070074 0.0570427328 0.1414397657 -0.5160153508 0.8448212147
-531.8 -165.6 2775.9 0.0132103646 -0.7819418907 -0.6232113242 0.8369190097 0.3497070074 -0.4210362434 0.5471672416 -0.5160153508 0.6590418220
-182.6 84.0 2919.4 0.1419053227 0.8660339713 0.4794246852 -0.9846282005 0.0736673251 0.1583680958 0.1018342227 -0.4945283532 0.8631752729
-144.1 -182.8 2947.0 -0.1840664297 0.8660339713 0.4648706317 -0.8726460338 0.0736673251 -0.4827649593 -0.4523366392 -0.4945283532 0.7421814203
-446.1 -272.4 2844.5 -0.4730720818 -0.1648162454 0.8654700518 0.1700614840 0.9467885494 0.2732590139 -0.8644546866 0.2764543295 -0.4198703468
-382.1 -639.8 2737.2 -0.4790034294 0.0112105189 0.8777414560 0.0350397825 0.9993656874 0.0063581001 -0.8771134019 0.0338014215 -0.4790924191
-281.3 -296.6 2910.3 0.9917554855 0.1281441897 -0.0004004800 -0.1268061697 0.9809398651 -0.1472317278 -0.0184740443 0.1460686475 0.9891019464
-331.0 -677.2 2853.6 0.9982222319 -0.0499692149 0.0324879140 0.0461453833 0.9929313064 0.1093529090 -0.0377225466 -0.1076593325 0.9934719205
-535.5 -404.2 2620.0 0 0 0 0 0 0 0 0 0
-192.1 -410.6 2828.9 0 0 0 0 0 0 0 0 0
-386.3 -1012.4 2724.6 0 0 0 0 0 0 0 0 0
-316.7 -960.6 2884.4 0 0 0 0 0 0 0 0 0
-289.9 295.7 2866.2 1 0.9444822073 0.1163533777 -0.3072707057 -0.1187559068 0.9928632379 0.0109354956 0.3063501716 0.0261618309 0.9515593052
-313.0 98.1 2861.0 0.9444822073 0.1163533777 -0.3072707057 -0.1187559068 0.9928632379 0.0109354956 0.3063501716 0.0261618309 0.9515593052
-336.5 -94.4 2856.8 0.9441458583 0.1207600981 -0.3066034019 -0.1215721741 0.9924450517 0.0165226478 0.3062823117 0.0216746535 0.9516939521
-441.7 114.6 2819.3 0.2849081159 -0.8267536163 -0.4850832522 0.9469501972 0.3212644160 0.0086320834 0.1487033814 -0.4618090391 0.8744253516
-526.3 -166.8 2775.1 0.0287562888 -0.8264764547 -0.5622363687 0.8327675462 0.3309122026 -0.4438415170 0.5528754592 -0.4554489553 0.6977786422
-184.3 81.7 2902.7 0.1535126716 0.8632170558 0.4809263647 -0.9811694622 0.0754231215 0.1778139621 0.1172190756 -0.4991669655 0.8585406542
-143.5 -179.4 2933.9 -0.1822696924 0.8632170558 0.4707802832 -0.8755169511 0.0754231215 -0.4772645235 -0.4474906027 -0.4991669655 0.7420138121
-437.0 -276.0 2833.7 -0.5219389796 -0.1452900171 0.8405179977 0.1525120884 0.9536122680 0.2595451176 -0.8392376304 0.2636558712 -0.4755689204
-380.6 -646.0 2731.4 -0.5279067755 0.0107098175 0.8492348194 0.0215357244 0.9997677803 0.0007789660 -0.8490292430 0.0187001079 -0.5280148387
-271.8 -296.0 2900.0 0.9887800813 0.1351373047 0.0636543408 -0.1226085275 0.9776241779 -0.1709330380 -0.0853294507 0.1612106115 0.9832242727
-324.3 -675.4 2837.4 0.9944987893 -0.0242586732 0.1019005254 0.0102353739 0.9906631708 0.1359473765 -0.1042469963 -0.1341565102 0.9854615927
-534.6 -404.8 2617.0 0 0 0 0 0 0 0 0 0
-191.1 -408.2 2817.0 0 0 0 0 0 0 0 0 0
-384.6 -1018.9 2724.4 0 0 0 0 0 0 0 0 0
-317.3 -961.7 2876.2 0 0 0 0 0 0 0 0 0
-292.3 294.1 2853.1 2 0.9427902102 0.1146826297 -0.3130408227 -0.1139194071 0.9932723641 0.0207927916 0.3133193851 0.0160581842 0.9495120049
-315.5 93.5 2849.8 0.9427902102 0.1146826297 -0.3130408227 -0.1139194071 0.9932723641 0.0207927916 0.3133193851 0.0160581842 0.9495120049
-338.2 -99.2 2847.0 0.9425796270 0.1170141175 -0.3128119707 -0.1157244295 0.9930207133 0.0227547102 0.3132913709 0.0147518609 0.9495424628
-444.1 109.3 2807.1 0.2788602114 -0.8269932270 -0.4881795049 0.9512661099 0.3075586855 0.0223714914 0.1316427737 -0.4706271291 0.8724564910
-525.2 -167.6 2768.8 0.0297901705 -0.8264783621 -0.5621797442 0.8327009678 0.3316371441 -0.4434251487 0.5529209971 -0.4549179077 0.6980888844
-186.8 77.8 2892.6 0.1662609428 0.8531976938 0.4943794012 -0.9803966880 0.0892677456 0.1756518185 0.1057335958 -0.5138919353 0.8513139486
-143.0 -180.5 2920.4 -0.1818051934 0.8531976938 0.4888768196 -0.8725595474 0.0892677456 -0.4802823365 -0.4534167051 -0.5138919353 0.7282364368
-444.5 -276.2 2825.3 -0.5150184631 -0.1584737301 0.8424025774 0.1315317005 0.9565118551 0.2603544295 -0.8470274210 0.2448899746 -0.4717769325
-383.0 -647.3 2730.2 -0.5176725984 0.0090623852 0.8555307984 0.0466122963 0.9987575412 0.0176250618 -0.8543081284 0.0490022674 -0.5174518228
-275.7 -297.8 2880.0 0.9934778214 0.0989848897 0.0566019639 -0.0877902135 0.9807756543 -0.1742755324 -0.0727644712 0.1681697816 0.9830688238
-314.1 -678.2 2814.8 0.9961180091 0.0083305277 0.0876329914 -0.0240219869 0.9834522605 0.1795677096 -0.0846869722 -0.1809757501 0.9798346162
-533.7 -404.3 2611.6 0 0 0 0 0 0 0 0 0
-190.6 -408.6 2801.9 0 0 0 0 0 0 0 0 0
-386.4 -1019.8 2712.0 0 0 0 0 0 0 0 0 0
-316.5 -960.8 2866.8 0 0 0 0 0 0 0 0 0
-296.3 295.0 2846.0 3 0.9446559548 0.1066786498 -0.3102335036 -0.1066582724 0.9941490293 0.0170810036 0.3102405071 0.0169532970 0.9505069256
-317.7 95.5 2842.6 0.9446559548 0.1066786498 -0.3102335036 -0.1066582724 0.9941490293 0.0170810036 0.3102405071 0.0169532970 0.9505069256
-339.4 -97.3 2840.0 0.9442366362 0.1118514016 -0.3096876740 -0.1104724109 0.9936346412 0.0220458508 0.3101822734 0.0133954454 0.9505827427
-446.6 110.6 2800.3 0.2563986182 -0.8361900449 -0.4848154187 0.9593991041 0.2811564505 0.0224588010 0.1175291613 -0.4708898962 0.8743280768
-521.9 -171.3 2765.7 0.0313452743 -0.8356444240 -0.5483756065 0.8376206160 0.3213138282 -0.4417568147 0.5453522801 -0.4454837441 0.7100247145
-188.7 80.5 2885.0 0.1709078252 0.8292263150 0.5321412086 -0.9830988050 0.1075429469 0.1481596231 0.0656298250 -0.5484690070 0.8335912824
-142.7 -184.2 2902.6 -0.1804741025 0.8292263150 0.5289734006 -0.8772264719 0.1075429469 -0.4678762853 -0.4448626637 -0.5484690070 0.7080105543
-445.3 -281.6 2816.1 -0.5142723918 -0.1583230644 0.8428865075 0.1021861285 0.9644995332 0.2435132414 -0.8515173793 0.2113634497 -0.4798370600
-383.9 -655.7 2734.1 -0.5143382549 -0.0029830118 0.8575822115 0.0794911459 0.9955230355 0.0511379503 -0.8538953662 0.0944724008 -0.5117984414
-276.7 -302.3 2872.2 0.9958109260 0.0706278458 0.0580719560 -0.0572585687 0.9768375754 -0.2061791718 -0.0712888613 0.2019903511 0.9767895341
-304.0 -681.0 2793.9 0.9957753420 0.0403400958 0.0824870691 -0.0581249408 0.9723568559 0.2261495888 -0.0710839704 -0.2299887389 0.9705937505
-530.8 -408.3 2611.4 0 0 0 0 0 0 0 0 0
-189.9 -413.6 2786.3 0 0 0 0 0 0 0 0 0
-382.8 -1026.8 2698.9 0 0 0 0 0 0 0 0 0
-315.8 -964.4 2860.9 0 0 0 0 0 0 0 0 0
-297.5 297.1 2832.5 4 0.9403368831 0.0944381133 -0.3268760741 -0.0882774666 0.9955267906 0.0336675383 0.3285934031 -0.0028030374 0.9444673061
-316.6 96.2 2833.1 0.9403368831 0.0944381133 -0.3268760741 -0.0882774666 0.9955267906 0.0336675383 0.3285934031 -0.0028030374 0.9444673061
-335.7 -97.0 2833.5 0.9399468899 0.0983752385 -0.3268366456 -0.0923041701 0.9951476455 0.0340747312 0.3286028206 -0.0018600506 0.9444663525
-444.9 108.7 2788.2 0.2571459413 -0.8307734728 -0.4936511219 0.9628498554 0.2638352513 0.0575418733 0.0824383125 -0.4901085794 0.8677542806
-520.3 -173.5 2764.0 0.0373062454 -0.8299937844 -0.5565236211 0.8781414628 0.2930292785 -0.3781552315 0.4769442081 -0.4745989442 0.7397837639
-188.2 83.6 2877.9 0.1710865647 0.8213723302 0.5441294909 -0.9839343429 0.1138410494 0.1375261843 0.0510159284 -0.5589165688 0.8276531100
-142.1 -181.9 2891.7 -0.1826393306 0.8213723302 0.5403613448 -0.8757991195 0.1138410494 -0.4690587819 -0.4467872083 -0.5589165688 0.6985653043
-445.7 -280.3 2809.7 -0.5036739707 -0.1632941216 0.8483204246 0.0996673033 0.9644322395 0.2448201478 -0.8581252694 0.2078593522 -0.4694843292
-382.3 -654.6 2729.0 -0.5040327311 -0.0066605378 0.8636588454 0.0466572717 0.9983001351 0.0349281505 -0.8624233603 0.0579008982 -0.5028651953
-276.6 -300.1 2865.2 0.9984715581 0.0368513130 0.0411886014 -0.0261096023 0.9713671207 -0.2361444533 -0.0487114862 0.2347081006 0.9708446264
-290.9 -676.5 2774.3 0.9949052930 0.0852930546 0.0537452735 -0.0962049514 0.9626030326 0.2532587349 -0.0301341545 -0.2571390271 0.9659044743
-530.8 -421.2 2629.5 0 0 0 0 0 0 0 0 0
-189.8 -410.9 2774.9 0 0 0 0 0 0 0 0 0
-379.8 -1026.7 2707.4 0 0 0 0 0 0 0 0 0
-315.8 -957.9 2849.4 0 0 0 0 0 0 0 0 0
-301.2 296.5 2825.2 5 0.9442794323 0.0839197412 -0.3182668686 -0.0792639032 0.9964721799 0.0275756456 0.3194582164 -0.0008120417 0.9476000071
-318.0 96.9 2825.4 0.9442794323 0.0839197412 -0.3182668686 -0.0792639032 0.9964721799 0.0275756456 0.3194582164 -0.0008120417 0.9476000071
-335.0 -96.4 2825.5 0.9439702034 0.0876559988 -0.3181771040 -0.0828553438 0.9961506128 0.0286180172 0.3194608688 -0.0006518815 0.9475992322
-446.9 108.2 2781.8 0.2566010654 -0.8344800472 -0.4876463711 0.9618385434 0.2700586915 0.0439872481 0.0949866623 -0.4803242385 0.8719324470
-518.3 -159.2 2755.4 0.0240631308 -0.8355462551 -0.5488929152 0.9118672013 0.2433998138 -0.3305370212 0.4097793996 -0.4925636649 0.7677642107
-189.1 85.6 2869.0 0.1772241443 0.8109610677 0.5576143265 -0.9827736020 0.1156491637 0.1441574097 0.0524184182 -0.5735567808 0.8174869418
-141.4 -178.5 2883.1 -0.1814022511 0.8109610677 0.5562691689 -0.8822717071 0.1156491637 -0.4563133717 -0.4343844354 -0.5735567808 0.6945090294
-439.0 -281.8 2804.4 -0.5131894946 -0.1371581852 0.8472450376 0.0980452225 0.9713176489 0.2166314721 -0.8526568413 0.1942413300 -0.4850223064
-385.8 -658.7 2729.1 -0.5118978620 -0.0365926810 0.8582665920 0.0345017202 0.9974104762 0.0631030947 -0.8583531976 0.0619140118 -0.5093097687
-270.7 -298.3 2863.3 0.9871576428 0.0253903400 -0.1577186137 -0.0670406222 0.9619865417 -0.2647404373 0.1450013369 0.2719140947 0.9513344765
-280.5 -671.2 2757.9 0.9871576428 0.1079900041 -0.1177199632 -0.0670406222 0.9489206076 0.3083103299 0.1450013369 -0.2964588702 0.9439738989
-525.0 -414.5 2640.7 0 0 0 0 0 0 0 0 0
-188.9 -409.2 2769.5 0 0 0 0 0 0 0 0 0
-372.1 -1030.6 2706.0 0 0 0 0 0 0 0 0 0
-313.2 -958.3 2847.6 0 0 0 0 0 0 0 0 0
-300.6 299.8 2822.6 6 0.9413673878 0.0781239867 -0.3282135129 -0.0765501037 0.9969080091 0.0177343749 0.3285841644 0.0084302165 0.9444370866
-316.2 100.7 2820.9 0.9413673878 0.0781239867 -0.3282135129 -0.0765501037 0.9969080091 0.0177343749 0.3285841644 0.0084302165 0.9444370866
-332.1 -92.7 2819.1 0.9410545230 0.0818292126 -0.3282077909 -0.0804491565 0.9965996742 0.0178055633 0.3285487890 0.0096480334 0.9444377422
-444.7 111.7 2776.0 0.2664916813 -0.8275494576 -0.4941093624 0.9582533240 0.2825864255 0.0435375348 0.1035991311 -0.4850843251 0.8683089614
-519.0 -155.2 2747.2 -0.0242136940 -0.8296557665 -0.5577499270 0.9306911230 0.1849926114 -0.3155816793 0.3650037944 -0.5267342925 0.7676739097
