-504.2 487.8 2665.7 1 0.7880377769 -0.0736132488 0.6112098694 0.1247188523 0.9913277626 -0.0414069220 -0.6028612256 0.1088596135 0.7903847098
-489.6 290.4 2644.1 0.7880377769 -0.0736132488 0.6112098694 0.1247188523 0.9913277626 -0.0414069220 -0.6028612256 0.1088596135 0.7903847098
-476.7 95.9 2625.1 0.7889407873 -0.0662978142 0.6108821630 0.1119115949 0.9930380583 -0.0367589220 -0.6041921973 0.0973654091 0.7908677459
-601.3 274.4 2729.5 0.2005724460 -0.9310672879 0.3047694564 0.9595215321 0.1239164397 -0.2529093325 0.1977096647 0.3431594968 0.9182333350
-658.6 0.3 2673.1 0.3360702991 -0.9310672879 0.1420228183 0.6574110389 0.1239164397 -0.7432734370 0.6744385958 0.3431594968 0.6537385583
-377.9 306.3 2558.6 -0.0385843627 0.5716542602 0.8195868731 -0.9396926761 0.2581832707 -0.2243191153 -0.3398365974 -0.7788150311 0.5272174478
-389.3 28.5 2458.1 -0.5792158842 0.5716542602 0.5811371207 -0.5453130007 0.2581832707 -0.7974805236 -0.6059229970 -0.7788150311 0.1621866226
-526.6 -105.1 2662.9 0.9791063070 0.0640490949 0.1929986924 -0.0671610013 0.9976958036 0.0096179424 -0.1919379681 -0.0223789737 0.9811518788
-551.6 -495.0 2671.6 0.9808205366 -0.0823742002 0.1766508818 0.1155467108 0.9756152630 -0.1866113394 -0.1569713354 0.2034436613 0.9664216042
-395.4 -83.2 2541.9 0.9862495065 -0.1234561726 0.1098657250 0.1079049930 0.9845758677 0.1377201527 -0.1251735389 -0.1239713728 0.9843590260
-347.0 -468.8 2590.5 0.9331409335 -0.3408499658 0.1143208742 0.3303317130 0.9383907914 0.1015073359 -0.1418764293 -0.0569568463 0.9882444143
-739.5 -158.0 2510.7 0 0 0 0 0 0 0 0 0
-548.3 -121.3 2291.7 0 0 0 0 0 0 0 0 0
-526.8 -789.4 2610.2 0 0 0 0 0 0 0 0 0
-224.7 -805.5 2610.9 0 0 0 0 0 0 0 0 0
-517.3 490.5 2669.5 2 0.7562099695 -0.0602211021 0.6515519023 0.1125996709 0.9928780198 -0.0389175266 -0.6445679069 0.1027943492 0.7576051354
-505.2 291.9 2648.9 0.7562099695 -0.0602211021 0.6515519023 0.1125996709 0.9928780198 -0.0389175266 -0.6445679069 0.1027943492 0.7576051354
-495.6 97.1 2631.9 0.7572042942 -0.0493029840 0.6513147354 0.0945537686 0.9949178696 -0.0346132219 -0.6462981105 0.0877935439 0.7580178380
-612.6 278.4 2740.6 0.2028478235 -0.9621580839 0.1819465905 0.9400961995 0.1393625289 -0.3111225367 0.2739925086 0.2341578156 0.9327905774
-671.6 4.8 2660.8 0.2709446251 -0.9621580839 0.0289966911 0.5807325840 0.1393625289 -0.8020771742 0.7676839828 0.2341578156 0.5965160728
-397.8 305.4 2557.3 -0.0136464573 0.4236091375 0.9057422876 -0.9353883266 0.3147033751 -0.1612776220 -0.3533588350 -0.8494216204 0.3919444680
-401.8 33.2 2454.5 -0.6657424569 0.4236091375 0.6142818928 -0.5277321339 0.3147033751 -0.7889617085 -0.5275279880 -0.8494216204 0.0140407654
-534.8 -108.6 2660.3 0.9672362804 0.0687651038 0.2443877459 -0.0748821497 0.9970669746 0.0158163346 -0.2425833344 -0.0335984118 0.9695485830
-561.7 -498.7 2673.4 0.9685494900 -0.1064839736 0.2248844802 0.1509225816 0.9699738622 -0.1907171309 -0.1978237629 0.2186591327 0.9555385709
-394.0 -88.3 2551.8 0.9802404642 -0.1028636768 0.1689607054 0.0871323124 0.9913610220 0.0980371535 -0.1775855273 -0.0813780501 0.9807349443
-353.8 -476.3 2583.7 0.9233379364 -0.3461602032 0.1661933064 0.3286646903 0.9362565279 0.1241096184 -0.1985613853 -0.0599732511 0.9782518148
-737.7 -136.7 2473.8 0 0 0 0 0 0 0 0 0
-586.2 -113.0 2308.3 0 0 0 0 0 0 0 0 0
-529.8 -788.9 2608.0 0 0 0 0 0 0 0 0 0
-231.7 -806.6 2604.8 0 0 0 0 0 0 0 0 0
-528.4 490.4 2672.4 3 0.7346109748 -0.0560306124 0.6761710644 0.1117963493 0.9929585457 -0.0391775854 -0.6692146659 0.1043737382 0.7357022762
-517.2 292.7 2651.6 0.7346109748 -0.0560306124 0.6761710644 0.1117963493 0.9929585457 -0.0391775854 -0.6692146659 0.1043737382 0.7357022762
-507.7 97.8 2634.5 0.7354802489 -0.0488793552 0.6757807732 0.0953251272 0.9949386716 -0.0317821838 -0.6708069444 0.0877940580 0.7364171743
-621.7 279.1 2746.9 0.2277276069 -0.9732646942 0.0299320649 0.9310975671 0.2086596340 -0.2991963923 0.2849516869 0.0960049555 0.9537219405
-681.8 33.3 2671.7 0.1992795020 -0.9732646942 -0.1142080277 0.5592818260 0.2086596340 -0.8022873998 0.8046686053 0.0960049555 0.5859108567
-412.7 306.2 2556.3 -0.0179154295 0.2285831124 0.9733595252 -0.9175047278 0.3831020296 -0.1068548039 -0.3973211944 -0.8949763179 0.2028626502
-418.0 34.8 2438.7 -0.7366368771 0.2285831124 0.6364871264 -0.5329815149 0.3831020296 -0.7544292808 -0.4162892997 -0.8949763179 -0.1603764892
-554.1 -106.2 2672.9 0.9594881535 0.0604250990 0.2751932144 -0.0650257915 0.9978545308 0.0076165400 -0.2741425633 -0.0252026375 0.9613587856
-577.7 -496.9 2682.8 0.9550200701 -0.1505844593 0.2554622889 0.2067555487 0.9556772113 -0.2096025795 -0.2125765979 0.2529929280 0.9438250661
-418.3 -89.1 2556.7 0.9712514877 -0.1203106567 0.2054164857 0.1105478406 0.9921533465 0.0584026501 -0.2108311206 -0.0340153091 0.9769304991
-371.3 -477.1 2570.0 0.9046409726 -0.3806964457 0.1915592998 0.3532014787 0.9212604165 0.1628740877 -0.2384815961 -0.0796835423 0.9678724408
-730.3 -102.8 2475.9 0 0 0 0 0 0 0 0 0
-621.9 -112.8 2323.5 0 0 0 0 0 0 0 0 0
-531.5 -790.3 2605.1 0 0 0 0 0 0 0 0 0
-234.8 -807.3 2598.5 0 0 0 0 0 0 0 0 0
-538.1 487.9 2663.8 4 0.7438286543 -0.0653504431 0.6651678681 0.1046239734 0.9943243861 -0.0193075575 -0.6601308584 0.0839540213 0.7464442253
-525.0 288.7 2647.0 0.7438286543 -0.0653504431 0.6651678681 0.1046239734 0.9943243861 -0.0193075575 -0.6601308584 0.0839540213 0.7464442253
-513.0 93.7 2633.6 0.7446518540 -0.0615838021 0.6646059155 0.0917173699 0.9957297444 -0.0104974797 -0.6611214280 0.0687728748 0.7471203208
-631.0 275.6 2741.1 0.2786701322 -0.9546749592 -0.1045882776 0.9199426770 0.2966175973 -0.2563659251 0.2757688463 -0.0247737002 0.9609046578
-698.5 52.8 2674.3 0.1571260542 -0.9546749592 -0.2527986169 0.5729019642 0.2966175973 -0.7640689015 0.8044219613 -0.0247737002 0.5935415030
-419.1 301.8 2552.9 -0.0622756295 0.0693466067 0.9956468940 -0.9038930535 0.4190804958 -0.0857254863 -0.4232009649 -0.9052969813 0.0365834162
-437.5 34.9 2428.0 -0.7875538468 0.0693466067 0.6123315692 -0.5340222716 0.4190804958 -0.7342967987 -0.3075371981 -0.9052969813 -0.2930158377
-564.4 -105.6 2677.8 0.9641512036 0.0581350066 0.2589068115 -0.0615489520 0.9980911016 0.0050924318 -0.2581165135 -0.0208453164 0.9658888578
-587.1 -496.5 2686.0 0.9557095766 -0.1717797816 0.2389787883 0.2258703411 0.9486703873 -0.2213755399 -0.1886842549 0.2655489445 0.9454533458
-432.1 -88.4 2556.9 0.9743360281 -0.1095565483 0.1966384798 0.1076721251 0.9939795732 0.0202816054 -0.1976766139 0.0014113839 0.9802662730
-389.2 -477.1 2556.3 0.8949748874 -0.4101039469 0.1755982488 0.3789439797 0.9065610170 0.1858725995 -0.2354176193 -0.0998094007 0.9667557478
-737.7 -90.1 2473.6 0 0 0 0 0 0 0 0 0
-657.6 -114.4 2342.0 0 0 0 0 0 0 0 0 0
-534.2 -789.0 2604.1 0 0 0 0 0 0 0 0 0
-239.4 -808.2 2592.8 0 0 0 0 0 0 0 0 0
-548.5 486.5 2659.6 5 0.7637645006 -0.0785353631 0.6406995654 0.1024880111 0.9947342277 -0.0002417560 -0.6373068094 0.0658486709 0.7677916288
-532.9 288.1 2646.4 0.7637645006 -0.0785353631 0.6406995654 0.1024880111 0.9947342277 -0.0002417560 -0.6373068094 0.0658486709 0.7677916288
-518.1 93.1 2637.3 0.7648856640 -0.0756646544 0.6397067904 0.0880134106 0.9960399270 0.0125757847 -0.6381250024 0.0466837399 0.7685161829
-641.8 275.5 2737.2 0.3057624996 -0.9346233010 -0.1816275418 0.9186384082 0.3397313952 -0.2017079741 0.2502255440 -0.1051752940 0.9624579549
-711.6 65.5 2680.1 0.1208600029 -0.9346233010 -0.3344728947 0.5815487504 0.3397313952 -0.7391776443 0.8044835925 -0.1051752940 0.5845890045
-424.0 300.7 2555.6 -0.1044387743 -0.1283952743 0.9862084985 -0.8741559982 0.4847507179 -0.0294624157 -0.4742824137 -0.8651770949 -0.1628642678
-456.1 31.6 2409.6 -0.8288660645 -0.1283952743 0.5445141792 -0.5314506888 0.4847507179 -0.6946775317 -0.1747603118 -0.8651770949 -0.4700291753
-568.2 -109.5 2679.8 0.9728863239 0.0585207865 0.2237577438 -0.0528111309 0.9981100559 -0.0314221941 -0.2251736969 0.0187533237 0.9741381407
-591.1 -500.1 2672.5 0.9597114921 -0.1845881790 0.2118514925 0.2252166867 0.9561673999 -0.1871397644 -0.1680217087 0.2273126841 0.9592171907
-433.9 -92.9 2560.5 0.9822029471 -0.0751591772 0.1721292883 0.0832705796 0.9957081676 -0.0403882414 -0.1683549881 0.0540027544 0.9842460752
-404.5 -481.9 2539.4 0.8892462254 -0.4326918721 0.1483877450 0.4002619982 0.8930662274 0.2054823935 -0.2214306444 -0.1233304664 0.9673458934
-741.6 -78.8 2480.4 0 0 0 0 0 0 0 0 0
-690.6 -118.7 2360.2 0 0 0 0 0 0 0 0 0
-534.6 -792.6 2603.0 0 0 0 0 0 0 0 0 0
-247.9 -805.2 2584.1 0 0 0 0 0 0 0 0 0
-559.2 485.3 2657.9 6 0.7586566210 -0.0851564184 0.6459013224 0.1056159064 0.9943820238 0.0070472118 -0.6428728104 0.0628710389 0.7633883953
-542.1 286.3 2645.3 0.7586566210 -0.0851564184 0.6459013224 0.1056159064 0.9943820238 0.0070472118 -0.6428728104 0.0628710389 0.7633883953
-526.4 91.3 2637.0 0.7600412369 -0.0804329440 0.6448781490 0.0889741555 0.9958460927 0.0193444341 -0.6437553167 0.0426749215 0.7640405297
-650.4 273.6 2737.0 0.2941252589 -0.9405429363 -0.1699097157 0.9087156057 0.3302823007 -0.2552441061 0.2961862087 -0.0793258697 0.9518303871
-718.8 62.2 2668.1 0.1576301008 -0.9405429363 -0.3008849323 0.6312666535 0.3302823007 -0.7017235756 0.7593781352 -0.0793258697 0.6457958221
-433.9 299.0 2553.6 -0.1285834908 -0.2792997658 0.9515555501 -0.8610568047 0.5074629784 0.0325956680 -0.4919831455 -0.8151521087 -0.3057443202
-474.8 24.5 2396.8 -0.8321343064 -0.2792997658 0.4791076779 -0.5515099764 0.5074629784 -0.6620559692 -0.0582173355 -0.8151521087 -0.5763139725
-572.5 -109.9 2685.9 0.9706959128 0.0711712316 0.2295300663 -0.0630428195 0.9971027970 -0.0425636023 -0.2318943590 0.0268460941 0.9723704457
-600.3 -500.3 2675.4 0.9546177387 -0.2048550993 0.2161929011 0.2473317236 0.9496666789 -0.1922504604 -0.1659277081 0.2369970679 0.9572358131
-434.4 -93.9 2570.7 0.9830685854 -0.0166477431 0.1824802756 0.0363934673 0.9937637448 -0.1053996235 -0.1795876175 0.1102561429 0.9775437713
-427.9 -481.4 2527.7 0.8724156618 -0.4588614106 0.1683362722 0.4236427546 0.8816786408 0.2077730298 -0.2437575161 -0.1099500060 0.9635835290
-758.4 -96.5 2477.2 0 0 0 0 0 0 0 0 0
-715.4 -134.9 2380.0 0 0 0 0 0 0 0 0 0
-538.1 -788.9 2603.3 0 0 0 0 0 0 0 0 0
-259.8 -804.4 2568.0 0 0 0 0 0 0 0 0 0
-569.9 482.4 2657.1 7 0.7367802858 -0.0892534330 0.6702153683 0.1035731286 0.9944484234 0.0185720958 -0.6681522727 0.0557327494 0.7419342399
-551.9 282.6 2645.9 0.7367802858 -0.0892534330 0.6702153683 0.1035731286 0.9944484234 0.0185720958 -0.6681522727 0.0557327494 0.7419342399
-535.2 87.6 2639.2 0.7382792234 -0.0856761038 0.6690316796 0.0865194947 0.9957348704 0.0320390463 -0.6689231396 0.0342305228 0.7425429821
-657.1 270.2 2741.2 0.2870731652 -0.9472733140 -0.1423454732 0.9111495614 0.3158890009 -0.2646140158 0.2956271768 -0.0537344292 0.9537909627
-721.9 64.6 2674.4 0.1720838547 -0.9472733140 -0.2702968419 0.6429859400 0.3158890009 -0.6976985335 0.7462949753 -0.0537344292 0.6634428501
-446.8 294.9 2550.6 -0.1542499214 -0.4010757506 0.9029646516 -0.8510609269 0.5181774497 0.0847788528 -0.5018986464 -0.7554008365 -0.4212687314
-496.9 18.7 2387.8 -0.8068404794 -0.4010757506 0.4337587655 -0.5903033018 0.5181774497 -0.6188975573 0.0234607831 -0.7554008365 -0.6548428535
-579.4 -111.8 2686.8 0.9630684257 0.0692821220 0.2601906657 -0.0601996928 0.9972715378 -0.0427250601 -0.2624408305 0.0254837610 0.9646115303
-606.5 -502.3 2676.9 0.9449195862 -0.2147966623 0.2469603270 0.2647534311 0.9452381730 -0.1908674091 -0.1924386621 0.2457379401 0.9500422478
-442.1 -95.7 2570.5 0.4269721806 0.0055422937 0.9042477608 0.1269928664 0.9897034168 -0.0660301819 -0.8953030705 0.1430260688 0.4218719900
-444.2 -482.2 2514.7 0.4269721806 -0.4556179643 0.7810934782 0.1269928664 0.8854405284 0.4470658302 -0.8953030705 -0.0916913748 0.4359187186
-765.1 -97.1 2486.8 0 0 0 0 0 0 0 0 0
-734.8 -155.4 2394.7 0 0 0 0 0 0 0 0 0
-540.2 -793.8 2601.1 0 0 0 0 0 0 0 0 0
-279.6 -802.1 2547.8 0 0 0 0 0 0 0 0 0
-579.0 483.6 2656.2 8 0.7211152315 -0.0703497678 0.6892341971 0.0787886605 0.9967045188 0.0193000082 -0.6883205771 0.0403863080 0.7242815495
-564.9 283.9 2648.1 0.7211152315 -0.0703497678 0.6892341971 0.0787886605 0.9967045188 0.0193000082 -0.6883205771 0.0403863080 0.7242815495
-552.1 88.6 2643.4 0.7221078277 -0.0656390041 0.6886594296 0.0642319843 0.9975496531 0.0277288761 -0.6887920499 0.0242107194 0.7245545983
-667.7 274.7 2746.2 0.2285524011 -0.9618663788 -0.1502558440 0.9002305269 0.2675662339 -0.3435014784 0.3706059158 -0.0567568168 0.9270544052
-723.7 54.4 2655.5 0.1852924973 -0.9557704329 -0.2284066230 0.6807673573 0.2924697995 -0.6715781689 0.7086765766 -0.0310533792 0.7048497796
-462.1 293.0 2550.0 -0.1378941238 -0.3681052625 0.9195019007 -0.8615097404 0.5026082993 0.0720125064 -0.4886574745 -0.7822297812 -0.3864330053
-505.2 23.9 2397.4 -0.6200091839 -0.3681052625 0.6928832531 -0.7596352100 0.5026082993 -0.4127217829 -0.1963238120 -0.7822297812 -0.5912474394
-585.1 -115.2 2692.9 0.9569633007 0.0599130876 0.2839571536 -0.0499453470 0.9978591204 -0.0422210023 -0.2858788371 0.0262216106 0.9579069614
-608.5 -506.1 2682.6 0.9395917058 -0.2107289732 0.2697419524 0.2710409462 0.9393135309 -0.2103018463 -0.2090555727 0.2707089782 0.9396874309
-451.7 -99.6 2572.1 0.4556871057 0.0248118564 0.8897941709 0.1518199891 0.9827984571 -0.1051563025 -0.8770974874 0.1830069125 0.4440816343
-461.4 -483.6 2500.6 0.4556871057 -0.4391533136 0.7742697597 0.1518199891 0.8954280019 0.4185204804 -0.8770974874 -0.0731647611 0.4747072458
-770.6 -118.0 2476.0 0 0 0 0 0 0 0 0 0
-674.6 -183.6 2343.8 0 0 0 0 0 0 0 0 0
-542.4 -800.9 2597.7 0 0 0 0 0 0 0 0 0
-306.8 -798.9 2526.3 0 0 0 0 0 0 0 0 0
-588.4 481.1 2655.7 9 0.6339483857 -0.0822319686 0.7689911127 0.0725442171 0.9962698221 0.0467312783 -0.7699654102 0.0261606425 0.6375491023
-571.9 281.9 2650.5 0.6339483857 -0.0822319686 0.7689911127 0.0725442171 0.9962698221 0.0467312783 -0.7699654102 0.0261606425 0.6375491023
-557.1 86.7 2648.8 0.6354017258 -0.0746289417 0.7685669661 0.0540748015 0.9971756339 0.0521216020 -0.7702860236 0.0084419521 0.6376426816
-661.8 274.4 2759.5 0.2460395396 -0.9665437341 -0.0725102350 0.8571739793 0.2518994212 -0.4492209256 0.4524569511 0.0483722165 0.8904733658
-730.9 33.6 2632.3 0.2073676735 -0.9704836011 -0.1231270432 0.7466336489 0.2383336723 -0.6210759282 0.6320893168 0.0368602723 0.7740184069
-482.0 289.4 2541.5 -0.1021303982 -0.4705980718 0.8764170408 -0.8903480768 0.4361884296 0.1304605305 -0.4436774552 -0.7669922709 -0.4635441601
-512.5 24.0 2409.3 -0.4368611276 -0.4218232930 0.7944919467 -0.8260223269 0.5378127694 -0.1686550379 -0.3561453223 -0.7299469113 -0.5833849907
-604.4 -112.6 2700.9 0.9184234738 0.0173809566 0.3952167034 -0.0154445749 0.9998480678 -0.0080807740 -0.3952971101 0.0013176183 0.9185523987
-611.2 -503.7 2700.4 0.9048224688 -0.1968671232 0.3775442243 0.3090230525 0.9136191607 -0.2642058730 -0.2929182053 0.3557292819 0.8874996305
-474.0 -101.0 2576.5 0.5180979371 0.0174000487 0.8551443219 0.1912394613 0.9721254706 -0.1356447041 -0.8336678147 0.2338145673 0.5003286004
-480.8 -480.8 2485.2 0.5180979371 -0.4137029052 0.7486150265 0.1912394613 0.9091161489 0.3700476587 -0.8336678147 -0.0485561863 0.5501275063
-784.4 -159.1 2469.2 0 0 0 0 0 0 0 0 0
-632.4 -202.8 2311.5 0 0 0 0 0 0 0 0 0
-545.3 -809.3 2581.4 0 0 0 0 0 0 0 0 0
-337.6 -795.4 2502.0 0 0 0 0 0 0 0 0 0
-595.4 481.2 2655.0 0 0.5932173133 -0.0750579014 0.8015357256 0.0566421412 0.9970681071 0.0514471680 -0.8030472398 0.0148813520 0.5957294703
-580.5 282.6 2652.0 0.5932173133 -0.0750579014 0.8015357256 0.0566421412 0.9970681071 0.0514471680 -0.8030472398 0.0148813520 0.5957294703
-566.7 87.3 2652.6 0.5945062041 -0.0693722591 0.8010929227 0.0388414972 0.9975860119 0.0575629696 -0.8031523824 -0.0031058954 0.5957655907
-664.7 277.2 2765.9 0.2288145721 -0.9726158381 -0.0407718644 0.8498768806 0.2200129628 -0.4788565934 0.4747138321 0.0749182999 0.8769458532
-736.2 12.0 2617.7 0.2170455754 -0.9741902947 -0.0620043650 0.8028889894 0.2142861336 -0.5562829971 0.5552121401 0.0709561408 0.8286764622
-496.2 288.1 2538.2 -0.0675491467 -0.5118654370 0.8564057946 -0.9056442380 0.3916121125 0.1626299173 -0.4186235070 -0.7646134496 -0.4900210500
-516.0 23.4 2415.8 -0.3004671037 -0.4658561647 0.8322845101 -0.8358016014 0.5490034223 0.0055578896 -0.4595162570 -0.6939547658 -0.5543208122
-599.3 -113.3 2716.1 0.8981581926 0.0658322424 0.4347159863 0.0127641279 0.9844060540 -0.1754475534 -0.4394871593 0.1631284356 0.8833120465
-624.7 -493.1 2653.2 0.8784959912 -0.1952207983 0.4360431731 0.2865828872 0.9455928802 -0.1540272385 -0.3822500110 0.2602748275 0.8866464496
-485.3 -103.8 2577.9 0.4763367474 0.0327857733 0.8786514401 0.2230650485 0.9621054530 -0.1568283439 -0.8504970670 0.2706995308 0.4509728253
-498.1 -479.9 2472.1 0.4922902882 -0.3763523698 0.7848625183 0.1849881411 0.9263321757 0.3281586766 -0.8505466580 -0.0163590703 0.5256450772
-794.4 -203.3 2468.9 0 0 0 0 0 0 0 0 0
-599.1 -207.9 2288.6 0 0 0 0 0 0 0 0 0
-557.4 -819.2 2563.4 0 0 0 0 0 0 0 0 0
-371.9 -790.6 2477.6 0 0 0 0 0 0 0 0 0
-603.0 479.9 2645.6 1 0.6025710702 -0.0788983554 0.7941556573 0.0464612395 0.9968814850 0.0637861267 -0.7967116833 -0.0015382187 0.6043576598
-587.2 281.1 2645.9 0.6025710702 -0.0788983554 0.7941556573 0.0464612395 0.9968814850 0.0637861267 -0.7967116833 -0.0015382187 0.6043576598
-573.8 85.7 2648.5 0.6037330627 -0.0681018382 0.7942723632 0.0306953862 0.9975913763 0.0622028336 -0.7965953946 -0.0131734097 0.6043692827
-673.1 276.8 2759.2 0.1996353716 -0.9787725806 -0.0463676155 0.8705695868 0.1988864690 -0.4500585794 0.4497269094 0.0494813770 0.8917944431
-735.7 3.7 2618.1 0.2450830936 -0.9679324031 -0.0551460683 0.8390678167 0.2402626276 -0.4880974293 0.4856948555 0.0733531415 0.8710452318
-501.4 285.4 2532.7 -0.0291780028 -0.5033158064 0.8636097908 -0.9101800323 0.3705117404 0.1851845533 -0.4131838679 -0.7806370854 -0.4689188004
-509.8 23.8 2414.0 -0.2409816682 -0.4668660164 0.8508607149 -0.8429107666 0.5352395177 0.0549550653 -0.4810709357 -0.7039564848 -0.5225093365
-611.3 -113.3 2718.2 0.9062275887 0.0502440445 0.4197940528 0.0596129559 0.9678091407 -0.2445235997 -0.4185663760 0.2466191947 0.8740601540
-630.9 -489.9 2622.3 0.8835651875 -0.2016653121 0.4226625562 0.2680857480 0.9578282833 -0.1034169942 -0.3839825094 0.2046854645 0.9003673196
-499.5 -104.6 2581.0 0.4873564243 0.0457680821 0.8720028400 0.2399878055 0.9531489611 -0.1841546595 -0.8395770192 0.2990190089 0.4535394907
-517.4 -477.4 2464.0 0.4989283085 -0.3192985058 0.8056792021 0.2067279816 0.9466670156 0.2471540868 -0.8416258693 0.0432442650 0.5383269191
-804.7 -232.8 2481.2 0 0 0 0 0 0 0 0 0
-576.4 -209.0 2281.1 0 0 0 0 0 0 0 0 0
-560.0 -826.3 2550.4 0 0 0 0 0 0 0 0 0
-412.9 -787.3 2449.9 0 0 0 0 0 0 0 0 0
-611.9 479.5 2641.5 2 0.6355632544 -0.1017170325 0.7653188705 0.0647393018 0.9948133230 0.0784555823 -0.7693297267 -0.0003172722 0.6388518810
-591.6 280.9 2641.5 0.6355632544 -0.1017170325 0.7653188705 0.0647393018 0.9948133230 0.0784555823 -0.7693297267 -0.0003172722 0.6388518810
-573.3 86.0 2643.2 0.6366754770 -0.0934895650 0.7654436827 0.0533987507 0.9955859184 0.0771829709 -0.7692807913 -0.0082667675 0.6388573647
-682.1 273.3 2750.9 0.1886017621 -0.9799968600 -0.0635258779 0.8904307485 0.1979305297 -0.4098250866 0.4142010212 0.0207283348 0.9099493623
-740.0 -0.1 2623.7 0.2396901548 -0.9688689113 -0.0619814880 0.8822831511 0.2440206259 -0.4025299847 0.4051235318 0.0417972542 0.9133060575
-501.1 288.5 2532.1 -0.0002128029 -0.4781225622 0.8782930970 -0.9378181696 0.3049744964 0.1657938659 -0.3471267819 -0.8236439824 -0.4484569132
-501.2 16.3 2431.4 -0.2136003524 -0.4343582690 0.8750473261 -0.8157691956 0.5721184611 0.0848591924 -0.5374900103 -0.6957106590 -0.4765408039
-610.5 -114.2 2712.0 0.9218941331 0.0041820332 0.3874192536 0.1124195680 0.9540355206 -0.2778095007 -0.3707735538 0.2996644676 0.8790495992
-612.2 -487.5 2594.8 0.8940935135 -0.2364872843 0.3803558052 0.2867100537 0.9546365142 -0.0804147348 -0.3440844715 0.1809501201 0.9213376045
-506.0 -106.9 2579.3 0.5151290894 0.0720775947 0.8540766239 0.2191258967 0.9522686601 -0.2125281990 -0.8286288977 0.2966297567 0.4747472107
-534.2 -479.5 2463.2 0.5047124624 -0.2440327406 0.8280780911 0.2622323036 0.9572283030 0.1222627833 -0.8224959373 0.1554412842 0.5471183062
-807.4 -248.0 2509.9 0 0 0 0 0 0 0 0 0
-560.2 -209.1 2282.8 0 0 0 0 0 0 0 0 0
-528.3 -825.9 2530.6 0 0 0 0 0 0 0 0 0
-456.7 -783.7 2413.8 0 0 0 0 0 0 0 0 0
-621.7 478.7 2639.4 3 0.7038228512 -0.1138372868 0.7011950016 0.0814389661 0.9934988022 0.0795479119 -0.7056919336 0.0011169552 0.7085179687
-599.0 280.8 2639.1 0.7038228512 -0.1138372868 0.7011950016 0.0814389661 0.9934988022 0.0795479119 -0.7056919336 0.0011169552 0.7085179687
-577.7 86.2 2640.5 0.7047534585 -0.1089689285 0.7010337710 0.0731375813 0.9940282106 0.0809864327 -0.7056723237 -0.0058035548 0.7085145712
-698.9 270.4 2739.1 0.1354192048 -0.9824942946 -0.1279318780 0.9276694059 0.1710803658 -0.3319050968 0.3479814827 -0.0737321600 0.9345974922
-739.0 -4.4 2636.1 0.2430994660 -0.9619512558 -0.1247094274 0.9114437103 0.2705220580 -0.3099810183 0.3319232762 -0.0383094028 0.9425281286
-499.2 291.2 2539.2 0.0208232570 -0.4024657011 0.9151982069 -0.9554278255 0.2616225481 0.1367891878 -0.2944894433 -0.8772542477 -0.3790791035
-493.0 7.0 2451.5 -0.1859364361 -0.3585030138 0.9148241282 -0.7867708802 0.6120466590 0.0799401700 -0.5885738730 -0.7048932314 -0.3958615065
-618.7 -115.3 2704.1 0.9498963356 -0.0472070128 0.3089797795 0.1442182064 0.9432086945 -0.2992631793 -0.2773050964 0.3288294971 0.9027585983
-600.2 -485.6 2575.0 0.9189760089 -0.2671331167 0.2900395691 0.3003678322 0.9507907629 -0.0760004893 -0.2554647028 0.1569611877 0.9539921284
-497.5 -104.1 2575.6 0.5786207318 0.1392222047 0.8036262989 0.1479375213 0.9510630369 -0.2712813318 -0.8020676374 0.2758554816 0.5297086239
-551.9 -475.5 2467.9 0.5606619120 -0.1509675682 0.8141664863 0.3222031891 0.9455251098 -0.0465548821 -0.7627865672 0.2884285748 0.5787621140
-807.2 -260.0 2543.0 0 0 0 0 0 0 0 0 0
-544.3 -210.0 2289.2 0 0 0 0 0 0 0 0 0
-505.0 -824.4 2519.0 0 0 0 0 0 0 0 0 0
-501.8 -789.5 2372.1 0 0 0 0 0 0 0 0 0
-633.8 479.9 2637.8 4 0.7225930095 -0.1456305683 0.6757596135 0.1038581729 0.9893323779 0.1021514758 -0.6834272742 -0.0036307869 0.7300096154
-604.7 282.2 2638.5 0.7225930095 -0.1456305683 0.6757596135 0.1038581729 0.9893323779 0.1021514758 -0.6834272742 -0.0036307869 0.7300096154
-576.9 88.4 2640.7 0.7235930562 -0.1418790817 0.6754875183 0.0969740450 0.9898357987 0.1040244997 -0.6833806634 -0.0097666522 0.7299969196
-707.4 268.3 2735.6 0.1339921355 -0.9818914533 -0.1339227706 0.9576920271 0.1630367339 -0.2371603101 0.2547000051 -0.0964791626 0.9621952176
-747.0 -15.0 2660.3 0.2082462162 -0.9669513702 -0.1471006423 0.9092316031 0.2468138188 -0.3352325261 0.3604600132 -0.0639376491 0.9305807352
-501.9 296.0 2541.5 0.0978100076 -0.3788046837 0.9202935696 -0.9641535282 0.1931244284 0.1819640100 -0.2466599792 -0.9051021934 -0.3463363945
-472.3 4.0 2466.8 -0.2234903723 -0.3109803796 0.9237657785 -0.7836008072 0.6209596992 0.0194627643 -0.5796738863 -0.7195138931 -0.3824629784
-622.8 -115.9 2700.1 0.9515597224 -0.1183889508 0.2837571800 0.1867870837 0.9556580186 -0.2276584208 -0.2442225814 0.2696327567 0.9314792156
-576.6 -489.0 2594.8 0.9593085647 -0.1347196251 0.2481485009 0.1384511888 0.9903662801 0.0024355112 -0.2460860163 0.0320200473 0.9687189460
-493.0 -101.8 2578.4 0.5921866298 0.1907329410 0.7829022408 0.1289061755 0.9366467595 -0.3256931603 -0.7954232693 0.2937920690 0.5300830603
-567.4 -467.6 2463.7 0.5927464962 -0.0608639233 0.8030860424 0.3327485621 0.9265646338 -0.1753749549 -0.7334371209 0.3711786270 0.5694702864
-805.1 -268.7 2559.7 0 0 0 0 0 0 0 0 0
-534.0 -212.3 2306.7 0 0 0 0 0 0 0 0 0
-528.0 -846.0 2583.3 0 0 0 0 0 0 0 0 0
-546.0 -794.2 2332.8 0 0 0 0 0 0 0 0 0
-641.1 477.2 2628.0 5 0.7356263995 -0.1590263397 0.6584561467 0.1042442545 0.9870498776 0.1219247729 -0.6693183184 -0.0210508145 0.7426775098
-609.4 280.7 2632.2 0.7356263995 -0.1590263397 0.6584561467 0.1042442545 0.9870498776 0.1219247729 -0.6693183184 -0.0210508145 0.7426775098
-579.0 87.4 2637.9 0.7367942333 -0.1554616839 0.6580014825 0.0969119146 0.9874402285 0.1247793287 -0.6691355109 -0.0281685088 0.7426063418
-714.2 266.9 2727.4 0.1313081384 -0.9818383455 -0.1369364113 0.9830115438 0.1468259543 -0.1101382151 0.1282437444 -0.1201480329 0.9844378829
-751.8 -14.9 2690.7 0.1648970395 -0.9723050594 -0.1656255424 0.9100707769 0.2147274762 -0.3544902205 0.3802370131 -0.0922765806 0.9202743173
-504.6 294.6 2537.1 0.1803397238 0.6758131981 0.7146705985 -0.9674384594 0.2530604899 0.0048217271 -0.1775963157 -0.6922693849 0.6994445324
-454.9 28.2 2488.1 -0.2130767554 0.6758131981 0.7056024671 -0.8320371509 0.2530604899 -0.4936340749 -0.5121645331 -0.6922693849 0.5083803535
-615.9 -114.5 2701.8 0.9640244842 -0.0947311223 0.2483601570 0.1118225977 0.9921712279 -0.0556056574 -0.2411482036 0.0813774914 0.9670704603
-579.5 -495.3 2670.5 0.9556943178 -0.1399162412 0.2589823604 0.1926184446 0.9625498056 -0.1907775104 -0.2225905359 0.2322097570 0.9468537569
-483.9 -96.5 2581.2 0.6051651239 0.2315043956 0.7616960406 0.1148497835 0.9213875532 -0.3712876737 -0.7877719998 0.3121709824 0.5310033560
-574.4 -456.5 2459.2 0.6253148317 0.0579500869 0.7782179117 0.2810991704 0.9135683179 -0.2938981950 -0.7279866934 0.4025353193 0.5549781322
-797.8 -268.6 2584.7 0 0 0 0 0 0 0 0 0
-513.6 -201.0 2347.1 0 0 0 0 0 0 0 0 0
-532.1 -821.3 2591.9 0 0 0 0 0 0 0 0 0
-595.4 -787.2 2313.5 0 0 0 0 0 0 0 0 0
-648.2 472.4 2614.2 6 0.7581920028 -0.1669968516 0.6302832365 0.0943857282 0.9845739603 0.1473277956 -0.6451637149 -0.0522130057 0.7622581720
-615.0 276.8 2624.5 0.7581920028 -0.1669968516 0.6302832365 0.0943857282 0.9845739603 0.1473277956 -0.6451637149 -0.0522130057 0.7622581720
-583.2 84.1 2636.3 0.7594690919 -0.1633675843 0.6296965480 0.0867729783 0.9847447872 0.1508249938 -0.6447303295 -0.0599062741 0.7620590925
-723.1 264.4 2716.3 0.1183540300 -0.9798035622 -0.1611749232 0.9927594066 0.1201139390 -0.0011849867 0.0205204096 -0.1598676741 0.9869251251
-756.0 -11.5 2710.6 0.1006913260 -0.9768994451 -0.1884905547 0.9453668594 0.1529874504 -0.2878824472 0.3100688756 -0.1492054611 0.9389328957
-507.0 289.3 2532.8 0.2417452037 0.6394658685 0.7298237085 -0.9628131390 0.2515754104 0.0984916836 -0.1206236407 -0.7264937758 0.6765033007
-443.7 37.5 2501.3 -0.1735605001 0.6394658685 0.7489727139 -0.8733161688 0.2515754104 -0.4171675146 -0.4551875293 -0.7264937758 0.5147923231
-615.9 -114.8 2702.6 0.9751579165 -0.0784245729 0.2071632296 0.0706217140 0.9964963198 0.0448075384 -0.2099514008 -0.0290642027 0.9772797227
-585.6 -498.9 2713.8 0.9648578167 -0.1413711309 0.2215029150 0.2086664587 0.9245450497 -0.3188648224 -0.1597111374 0.3538794518 0.9215539694
-482.1 -97.1 2583.2 0.6282040477 0.2680215538 0.7304273844 0.0855708197 0.9092985988 -0.4072513878 -0.7733287215 0.3183402121 0.5482901931
-586.9 -452.5 2458.7 0.6690025330 0.1133390889 0.7345678210 0.2831177115 0.8749384284 -0.3928448558 -0.6872262955 0.4707833529 0.5532477498
-783.9 -273.9 2624.5 0 0 0 0 0 0 0 0 0
-491.5 -202.8 2376.0 0 0 0 0 0 0 0 0 0
-538.0 -810.6 2594.5 0 0 0 0 0 0 0 0 0
-629.5 -781.0 2282.0 0 0 0 0 0 0 0 0 0
-657.5 472.7 2607.2 7 0.7467657924 -0.1773168892 0.6410145164 0.0878066942 0.9816536307 0.1692516059 -0.6592653990 -0.0701059476 0.7486349940
-622.1 276.8 2621.2 0.7467657924 -0.1773168892 0.6410145164 0.0878066942 0.9816536307 0.1692516059 -0.6592653990 -0.0701059476 0.7486349940
-588.7 84.5 2636.3 0.7483828664 -0.1707760394 0.6409045458 0.0786831230 0.9823199511 0.1698718071 -0.6585834026 -0.0767007694 0.7485886216
-728.7 265.5 2715.0 0.1385839731 -0.9809718132 -0.1359736770 0.9877653718 0.1269989163 0.0905035287 -0.0715128928 -0.1468524188 0.9865699410
-767.5 -11.0 2735.0 0.0002749994 -0.9842419624 -0.1768267006 0.9610112309 0.0491543114 -0.2721051872 0.2765091360 -0.1698576212 0.9458811283
-515.5 288.0 2527.5 0.3223347366 0.5785476565 0.7492548823 -0.9447748065 0.2460876107 0.2164287716 -0.0591679886 -0.7776396871 0.6259198785
-428.2 32.0 2511.4 -0.1466017365 0.5785476565 0.8023656011 -0.9065006971 0.2460876107 -0.3430705369 -0.3959348798 -0.7776396871 0.4883770049
-620.3 -116.6 2705.7 0.9720479846 -0.0797422752 0.2208254784 0.0618179291 0.9942942262 0.0869342238 -0.2264978290 -0.0708532631 0.9714311957
-589.3 -502.6 2733.2 0.9633278251 -0.1337119341 0.2326383889 0.2172378153 0.8975524902 -0.3836759329 -0.1575031132 0.4201435447 0.8936846256
-482.8 -100.7 2590.0 0.6206471324 0.2931727767 0.7272185683 0.0921268910 0.8937779665 -0.4389459789 -0.7786589265 0.3394269347 0.5277116895
-597.4 -450.3 2457.2 0.6748695970 0.1668049991 0.7188373208 0.2864198983 0.8385389447 -0.4634825587 -0.6800842881 0.5186796188 0.5181281567
-767.5 -277.0 2658.5 0 0 0 0 0 0 0 0 0
-468.5 -217.5 2402.5 0 0 0 0 0 0 0 0 0
-544.9 -800.6 2593.7 0 0 0 0 0 0 0 0 0
-662.1 -775.5 2256.1 0 0 0 0 0 0 0 0 0
-667.0 471.4 2594.2 8 0.7645443678 -0.1983596832 0.6132906079 0.0898775309 0.9749826789 0.2032998502 -0.6382741928 -0.1003107056 0.7632455826
-627.5 277.3 2614.2 0.7645443678 -0.1983596832 0.6132906079 0.0898775309 0.9749826789 0.2032998502 -0.6382741928 -0.1003107056 0.7632455826
-590.0 86.3 2634.5 0.7658557296 -0.1923324913 0.6135741472 0.0833294913 0.9758580923 0.2018840909 -0.6375901699 -0.1034852639 0.7633934617
-736.6 265.3 2705.0 0.1004740298 -0.9812190533 -0.1646635532 0.9873045683 0.0778640509 0.1384446025 -0.1230231151 -0.1764831692 0.9765853882
-765.1 -14.7 2739.9 -0.0077594090 -0.9820387959 -0.1885195374 0.9807021618 0.0293567460 -0.1932910234 0.1953535974 -0.1863813400 0.9628598094
-518.5 289.2 2523.4 0.3665573299 0.4858381748 0.7934714556 -0.9301438928 0.2111909240 0.3003843725 -0.0216357820 -0.8481507301 0.5293129683
-418.8 36.3 2517.5 -0.0924128592 0.4858381748 0.8691496849 -0.9525194168 0.2111909240 -0.2193289250 -0.2901148796 -0.8481507301 0.4432535470
-623.1 -115.0 2710.5 -0.9890893102 -0.0775409266 0.1252586097 -0.0859233066 0.9943105578 -0.0629582703 -0.1196641102 -0.0730339885 -0.9901245236
-592.8 -502.8 2738.9 -0.9890893102 -0.1308895946 0.0676034540 -0.0859233066 0.8853188753 0.4569767118 -0.1196641102 0.4461820722 -0.8869059086
-487.7 -100.7 2591.8 0.6386328936 0.3104448617 0.7041108012 0.0819168761 0.8823836446 -0.4633451402 -0.7651389837 0.3535860181 0.5380885601
-609.2 -446.0 2453.5 0.7008341551 0.2084388733 0.6821911335 0.2650386095 0.8118003607 -0.5203217268 -0.6622582674 0.5454662442 0.5136930346
-762.9 -286.4 2685.8 0 0 0 0 0 0 0 0 0
-444.1 -224.4 2438.1 0 0 0 0 0 0 0 0 0
-550.1 -792.0 2593.2 0 0 0 0 0 0 0 0 0
-692.0 -768.6 2236.7 0 0 0 0 0 0 0 0 0
-675.4 471.3 2587.8 9 0.7808248401 -0.1957132965 0.5933033228 0.0904838145 0.9750790596 0.2025674134 -0.6181628108 -0.1044853181 0.7790748477
-636.1 275.8 2608.7 0.7808248401 -0.1957132965 0.5933033228 0.0904838145 0.9750790596 0.2025674134 -0.6181628108 -0.1044853181 0.7790748477
-599.6 84.7 2630.1 0.7827383280 -0.1867375821 0.5936747789 0.0807203799 0.9763272405 0.2006722540 -0.6170939207 -0.1091522127 0.7792822719
-747.6 264.3 2696.6 0.0983380079 -0.9770968556 -0.1887096018 0.9857400060 0.0696202591 0.1531981677 -0.1365514547 -0.2010838091 0.9700098038
-775.7 -17.7 2735.7 0.0017207344 -0.9777145386 -0.2099316418 0.9863068461 0.0362796225 -0.1608806700 0.1649116129 -0.2067801952 0.9643889666
-524.7 287.4 2520.8 0.4047475159 0.5092111230 0.7595284581 -0.9142332077 0.2081750631 0.3476216495 0.0188979432 -0.8350850940 0.5497960448
-415.2 40.1 2525.9 -0.0173242707 0.5089197159 0.8606396317 -0.9777152538 0.1714938432 -0.1210899353 -0.2092194557 -0.8435583115 0.4946075380
-621.7 -112.3 2712.3 -0.9864336252 -0.0679102316 0.1494553536 -0.0743297338 0.9965175390 -0.0377879739 -0.1463686973 -0.0483843051 -0.9880461097
-595.2 -501.6 2731.2 -0.9861311913 -0.1335912496 0.0984815881 -0.0763665214 0.8920643926 0.4454090595 -0.1473546773 0.4317110777 -0.8898944259
-483.3 -97.1 2597.3 0.6536524296 0.3443486989 0.6739158034 0.0653482303 0.8614791036 -0.5035706758 -0.7539682388 0.3731993735 0.5406053066
-618.0 -434.0 2451.3 0.7155680060 0.2379262447 0.6567751169 0.2310660332 0.8066598773 -0.5439746380 -0.6592199802 0.5410092473 0.5222433209
-776.2 -291.8 2689.8 0 0 0 0 0 0 0 0 0
-419.9 -227.3 2468.7 0 0 0 0 0 0 0 0 0
-551.9 -790.4 2591.4 0 0 0 0 0 0 0 0 0
-716.6 -768.4 2227.1 0 0 0 0 0 0 0 0 0
-682.5 473.4 2582.5 0 0.7576953769 -0.1917528808 0.6238017082 0.0847515762 0.9766765833 0.1972817034 -0.6470818520 -0.0966112465 0.7562746406
-644.0 277.3 2601.9 0.7576953769 -0.1917528808 0.6238017082 0.0847515762 0.9766765833 0.1972817034 -0.6470818520 -0.0966112465 0.7562746406
-607.5 85.9 2621.9 0.7591208220 -0.1864891350 0.6236644983 0.0773884356 0.9771442413 0.1979904324 -0.6463332176 -0.1020342335 0.7562025785
-752.0 266.2 2693.9 0.0922694281 -0.9842916131 -0.1505203992 0.9847560525 0.0678185523 0.1601752788 -0.1474511176 -0.1630051583 0.9755446911
-778.5 -16.6 2736.3 0.0162437428 -0.9850788116 -0.1713355631 0.9886847734 0.0413818434 -0.1441874355 0.1491261572 -0.1670547128 0.9746046066
-535.9 288.3 2509.9 0.4470482767 0.4988134801 0.7425180078 -0.8896936774 0.1619275510 0.4268777072 0.0926982388 -0.8514485359 0.5161806345
-411.4 40.5 2535.7 0.0647283196 0.4988911748 0.8642441034 -0.9868146777 0.1607487649 -0.0188850369 -0.1483477503 -0.8516263366 0.5027180910
-633.9 -113.8 2707.2 -0.9902902842 -0.0829277560 0.1115710586 -0.0874595493 0.9955047369 -0.0363478735 -0.1080552712 -0.0457529016 -0.9930915236
-601.5 -503.2 2725.1 -0.9867579937 -0.1506380588 0.0601403788 -0.1104147881 0.8954480290 0.4312556088 -0.1188160926 0.4189045131 -0.9002231359
-492.4 -99.1 2595.8 0.6384779215 0.3490158319 0.6859547496 0.0952884927 0.8485622406 -0.5204442739 -0.7637185454 0.3976557851 0.5085310340
-629.0 -431.2 2440.2 0.6863526106 0.2597491741 0.6793014407 0.2226005942 0.8141859174 -0.5362371206 -0.6923648119 0.5192606449 0.5009983182
-783.1 -292.0 2694.8 0 0 0 0 0 0 0 0 0
-393.8 -227.9 2495.4 0 0 0 0 0 0 0 0 0
-553.6 -787.9 2591.9 0 0 0 0 0 0 0 0 0
-737.4 -771.1 2223.4 0 0 0 0 0 0 0 0 0
-686.3 473.2 2573.4 1 0.7576699257 -0.1916136295 0.6238753796 0.0813046321 0.9761944413 0.2010819465 -0.6475537419 -0.1016297936 0.7552122474
-648.1 278.6 2593.7 0.7576699257 -0.1916136295 0.6238753796 0.0813046321 0.9761944413 0.2010819465 -0.6475537419 -0.1016297936 0.7552122474
-611.3 87.3 2613.9 0.7583850622 -0.1882499009 0.6240304708 0.0776280463 0.9766575098 0.2002846450 -0.6471676230 -0.1034506261 0.7552959919
-756.2 267.5 2685.8 0.0882518366 -0.9848033190 -0.1495795250 0.9842916131 0.0631651729 0.1648639590 -0.1529103667 -0.1617794186 0.9749081135
-781.6 -15.8 2729.9 0.0172112212 -0.9854568243 -0.1690522581 0.9899921417 0.0404821746 -0.1351916790 0.1400691569 -0.1650335938 0.9762912393
-540.1 289.7 2501.5 0.4595451355 0.5105168223 0.7267673612 -0.8778093457 0.1365420073 0.4591373205 0.1351630390 -0.8489575386 0.5108836293
-409.4 40.1 2539.9 0.1216500700 0.5123671889 0.8501065373 -0.9901908636 0.1219476610 0.0681971088 -0.0687265396 -0.8500639200 0.5221762657
-639.6 -112.4 2700.2 -0.9899677634 -0.0869509205 0.1113704070 -0.0924791917 0.9946761131 -0.0454646088 -0.1068242937 -0.0553079434 -0.9927384257
-605.6 -501.8 2721.9 -0.9857830405 -0.1575650275 0.0583527908 -0.1188175678 0.8992637396 0.4209597409 -0.1188030839 0.4080416560 -0.9052004218
-502.5 -98.4 2583.5 0.6321885586 0.3636555374 0.6841726899 0.0822250694 0.8465403914 -0.5259357095 -0.7704392672 0.3887466788 0.5052715540
-644.9 -429.8 2431.4 0.6766174436 0.2535082698 0.6913192868 0.2068499029 0.8356195092 -0.5088744164 -0.7066837549 0.4873126447 0.5129565597
-786.4 -291.9 2690.8 0 0 0 0 0 0 0 0 0
-376.4 -228.6 2521.3 0 0 0 0 0 0 0 0 0
-554.9 -790.8 2590.7 0 0 0 0 0 0 0 0 0
-752.2 -783.7 2225.0 0 0 0 0 0 0 0 0 0
-687.9 470.5 2558.8 2 0.7896814942 -0.1960019916 0.5813659430 0.0823978335 0.9728928804 0.2160788625 -0.6079586744 -0.1227301881 0.7844256163
-648.9 276.7 2583.3 0.7896814942 -0.1960019916 0.5813659430 0.0823978335 0.9728928804 0.2160788625 -0.6079586744 -0.1227301881 0.7844256163
-612.1 85.8 2606.9 0.7906436324 -0.1880585253 0.5826805830 0.0775187165 0.9747499228 0.2094120681 -0.6073495746 -0.1204016656 0.7852578759
-761.4 265.7 2669.7 0.0897803381 -0.9754765630 -0.2009601444 0.9834512472 0.0549485385 0.1726391166 -0.1573629379 -0.2131341100 0.9642669559
-787.2 -17.7 2715.0 0.0061639785 -0.9758177996 -0.2184986025 0.9915609956 0.0342598259 -0.1250323206 0.1294944882 -0.2158839852 0.9677940011
-536.4 287.8 2496.9 0.4374662340 0.5604174137 0.7032464743 -0.8829483986 0.1195315570 0.4539981186 0.1703683138 -0.8195391893 0.5471107364
-410.2 33.3 2546.0 0.1879524142 0.5725962520 0.7980021238 -0.9804628491 0.0613854714 0.1868807971 0.0580215082 -0.8175361156 0.5729469061
-643.0 -111.0 2692.6 -0.9827787876 -0.0873035267 0.1628618389 -0.0962516889 0.9942051768 -0.0478718765 -0.1577387005 -0.0627231896 -0.9854868650
-608.8 -500.3 2717.2 -0.9814165235 -0.1611442268 0.1041832641 -0.1040983126 0.9032020569 0.4164007604 -0.1611991078 0.3978172839 -0.9031922817
-505.9 -96.9 2575.7 0.6590538025 0.3770808578 0.6507365704 0.0521746911 0.8402236700 -0.5397240520 -0.7502838373 0.3896591663 0.5340785384
-653.6 -425.9 2423.2 0.6924267411 0.2754844725 0.6668234468 0.1440584958 0.8528325558 -0.5019201040 -0.7069599032 0.4436044991 0.5508381724
-789.0 -294.4 2678.9 0 0 0 0 0 0 0 0 0
-359.5 -231.5 2561.6 0 0 0 0 0 0 0 0 0
-557.3 -789.1 2590.0 0 0 0 0 0 0 0 0 0
-763.6 -766.6 2245.9 0 0 0 0 0 0 0 0 0
-689.2 469.6 2543.1 3 0.8090125918 -0.1842203885 0.5581769347 0.0706237033 0.9732028246 0.2188344598 -0.5835331082 -0.1376193166 0.8003436923
-652.4 275.2 2570.6 0.8090125918 -0.1842203885 0.5581769347 0.0706237033 0.9732028246 0.2188344598 -0.5835331082 -0.1376193166 0.8003436923
-618.0 84.2 2596.9 0.8098891973 -0.1761149466 0.5595203042 0.0658838227 0.9751395583 0.2115706056 -0.5828711390 -0.1344854087 0.8013581634
-767.6 265.8 2653.5 0.1023763791 -0.9678979516 -0.2295486629 0.9812024236 0.0603080317 0.1833159626 -0.1635875255 -0.2440009266 0.9558779597
-797.2 -17.1 2700.7 0.0111105340 -0.9683116078 -0.2494978756 0.9927554727 0.0405347720 -0.1131081581 0.1196372807 -0.2464337051 0.9617470503
-537.1 284.6 2487.6 0.4262967110 0.5889635682 0.6865807176 -0.8823143244 0.1033469811 0.4591741264 0.1994807720 -0.8015244007 0.5637074113
-418.7 39.5 2543.0 0.2528029382 0.6042355299 0.7556388378 -0.9583627582 0.0492001288 0.2812831104 0.1327837259 -0.7952853441 0.5915147662
-646.8 -112.1 2685.2 -0.9778853059 -0.0825356543 0.1921670437 -0.0926809758 0.9947053194 -0.0444025621 -0.1874847710 -0.0612308420 -0.9803572297
-614.4 -501.7 2709.2 -0.9746007919 -0.1793724447 0.1340852827 -0.1101982519 0.9053403139 0.4101404846 -0.1949607134 0.3849472702 -0.9021118879
-504.0 -98.0 2575.6 0.6760912538 0.3971592188 0.6206167936 0.0261430182 0.8288327456 -0.5588853359 -0.7363539934 0.3940822780 0.5499836206
-659.5 -422.5 2421.3 0.7065871954 0.2753965557 0.6518368125 0.1118307710 0.8661253452 -0.4871558249 -0.6987334490 0.4171134830 0.5811952353
-800.3 -294.2 2667.3 0 0 0 0 0 0 0 0 0
-350.3 -219.6 2578.9 0 0 0 0 0 0 0 0 0
-558.0 -786.4 2588.2 0 0 0 0 0 0 0 0 0
-766.4 -758.5 2259.5 0 0 0 0 0 0 0 0 0
-688.2 466.7 2527.7 4 0.8146062493 -0.1657958180 0.5558133125 0.0502875373 0.9748550653 0.2170915306 -0.5778303146 -0.1488936394 0.8024604917
-655.3 273.0 2557.3 0.8146062493 -0.1657958180 0.5558133125 0.0502875373 0.9748550653 0.2170915306 -0.5778303146 -0.1488936394 0.8024604917
-624.0 81.8 2586.1 0.8152302504 -0.1599419713 0.5566131473 0.0465500280 0.9760949612 0.2123010755 -0.5772631168 -0.1471638978 0.8031874299
-771.4 266.3 2639.5 0.1185342744 -0.9650081992 -0.2338991165 0.9774607420 0.0719571784 0.1984758824 -0.1747001261 -0.2521533966 0.9517869949
-805.6 -15.5 2689.8 0.0258743539 -0.9656951427 -0.2583861649 0.9938816428 0.0526137203 -0.0971134454 0.1073766425 -0.2542925179 0.9611480236
