210.4 365.8 2072.6 82 0.9742706418 -0.0504818931 0.2196550369 0.0185703710 0.9892593026 0.1449869573 -0.2246149927 -0.1371774524 0.9647437334
220.7 163.7 2100.6 0.9742706418 -0.0504818931 0.2196550369 0.0185703710 0.9892593026 0.1449869573 -0.2246149927 -0.1371774524 0.9647437334
227.8 -33.7 2121.8 0.9745677710 -0.0364600159 0.2211069316 0.0117925797 0.9936525226 0.1118731052 -0.2237823606 -0.1064205095 0.9688116908
78.6 161.9 2133.3 0.4033147395 -0.5793070793 0.7083364129 0.5676547289 0.7655310035 0.3028702438 -0.7177083492 0.2799385190 0.6375963688
-57.4 -29.5 2375.4 0.4680495262 -0.6516590714 0.5968836546 0.7235484123 0.6703798175 0.1645255685 -0.5073533058 0.3548680842 0.7852778435
362.8 165.5 2068.0 -0.5636660457 -0.4255953431 0.7079189420 -0.8255596757 0.2622027695 -0.4997008443 0.0270520486 -0.8660936952 -0.4991491437
238.8 -16.1 2073.9 -0.9040287137 -0.4255953431 -0.0400091559 -0.0808810443 0.2622027695 -0.9616173506 0.4197503924 -0.8660936952 -0.2714614272
145.0 -230.1 2175.2 0.9825941324 -0.0240468737 0.1842023581 0.0656832680 0.9725069404 -0.2234186679 -0.1737655550 0.2316288948 0.9571591020
154.5 -616.4 2083.2 0.9808710217 -0.0801350251 0.1773989052 0.0910441205 0.9943696856 -0.0542207547 -0.1720551103 0.0693346933 0.9826442599
325.5 -229.2 2143.8 0.9926697612 0.0586172678 0.1056915522 -0.0431082696 0.9887154102 -0.1434695572 -0.1129086614 0.1378617138 0.9839947820
302.3 -621.0 2089.2 0.9926697612 -0.0382336415 0.1146511063 -0.0431082696 0.7742342353 0.6314293146 -0.1129086614 -0.6317432523 0.7669107914
-188.6 -232.3 2517.5 0 0 0 0 0 0 0 0 0
-18.4 -39.1 2193.3 0 0 0 0 0 0 0 0 0
185.1 -995.9 2056.8 0 0 0 0 0 0 0 0 0
316.9 -916.3 2330.2 0 0 0 0 0 0 0 0 0
203.5 368.8 2065.7 83 0.9724384546 -0.0540915318 0.2267985642 0.0221679471 0.9897600412 0.1410091668 -0.2321035713 -0.1320950687 0.9636798501
214.5 167.2 2092.6 0.9724384546 -0.0540915318 0.2267985642 0.0221679471 0.9897600412 0.1410091668 -0.2321035713 -0.1320950687 0.9636798501
222.8 -30.2 2112.8 0.9726781249 -0.0418530442 0.2283541858 0.0172128864 0.9939095378 0.1088464409 -0.2315189689 -0.1019419134 0.9674744606
72.6 164.7 2126.4 0.3949261606 -0.5803930163 0.7121638060 0.5721188188 0.7618891597 0.3036526740 -0.7188277841 0.2875219584 0.6329437494
-60.7 -28.4 2369.0 0.4607229233 -0.6517133713 0.6024981737 0.7275246382 0.6661374569 0.1642219424 -0.5083722472 0.3626714349 0.7810423374
356.4 169.8 2058.8 -0.5596520901 -0.4337199330 0.7061703801 -0.8282516599 0.2638521791 -0.4943492711 0.0280845519 -0.8615503907 -0.5068947077
233.3 -12.4 2065.0 -0.9002549648 -0.4337199330 -0.0377891548 -0.0867929533 0.2638521791 -0.9606503248 0.4266239405 -0.8615503907 -0.2751780748
145.7 -232.2 2163.4 0.9813097715 -0.0078000566 0.1922766268 0.0453706197 0.9803879261 -0.1917838454 -0.1870097518 0.1969230771 0.9624181390
148.8 -621.4 2085.2 0.9733291864 -0.1271546632 0.1909501553 0.1497796774 0.9826818109 -0.1090983674 -0.1737708896 0.1347890794 0.9755181074
324.1 -229.9 2122.4 0.9866069555 0.0645629764 0.1497942507 -0.0356907994 0.9815253615 -0.1879738569 -0.1591629982 0.1801100522 0.9706840515
298.5 -619.0 2051.0 0.9866069555 -0.0779363066 0.1432920992 -0.0356907994 0.7540374994 0.6558609605 -0.1591629982 -0.6521912217 0.7411570549
-189.8 -232.3 2511.4 0 0 0 0 0 0 0 0 0
-22.8 -37.1 2186.3 0 0 0 0 0 0 0 0 0
197.2 -995.5 2033.9 0 0 0 0 0 0 0 0 0
328.3 -906.6 2299.7 0 0 0 0 0 0 0 0 0
196.3 366.3 2055.2 84 0.9737899899 -0.0645340383 0.2181018591 0.0334903784 0.9891348481 0.1431453675 -0.2249698937 -0.1320892125 0.9653708935
209.4 165.5 2082.0 0.9737899899 -0.0645340383 0.2181018591 0.0334903784 0.9891348481 0.1431453675 -0.2249698937 -0.1320892125 0.9653708935
219.5 -31.8 2102.8 0.9742173553 -0.0506417342 0.2198543251 0.0261342619 0.9932532310 0.1129821688 -0.2240926325 -0.1043234617 0.9689680934
67.2 161.7 2114.8 0.3948879838 -0.5898251534 0.7043932080 0.5742654204 0.7569336295 0.3118825853 -0.7171350718 0.2813499570 0.6376201510
-66.1 -32.2 2356.8 0.4576061368 -0.6607902646 0.5949393511 0.7307589054 0.6606805325 0.1717342734 -0.5065451860 0.3561705947 0.7852098346
351.6 169.4 2049.3 -0.5518461466 -0.4296089113 0.7147741318 -0.8335555792 0.2579288185 -0.4885262251 0.0255143717 -0.8653952479 -0.5004398823
230.2 -14.0 2054.9 -0.9026285410 -0.4296089113 -0.0264170989 -0.0946213827 0.2579288185 -0.9615193605 0.4198910296 -0.8653952479 -0.2734640837
142.1 -233.0 2148.6 0.9823347926 -0.0189793948 0.1861669719 0.0492686480 0.9859751463 -0.1594541371 -0.1805296689 0.1658095419 0.9694927931
149.7 -627.8 2082.2 0.9695633650 -0.1597595662 0.1855364144 0.1854906231 0.9739126563 -0.1307185888 -0.1598127186 0.1611552238 0.9739039540
320.2 -226.1 2111.8 0.9875580072 0.0654914901 0.1429686248 -0.0258434676 0.9643808007 -0.2632522583 -0.1551169902 0.2562820613 0.9540745616
294.3 -607.7 2010.4 0.9875580072 -0.0822169036 0.1340505332 -0.0258434676 0.7559973001 0.6540644169 -0.1551169902 -0.6493908763 0.7444664240
-194.4 -237.0 2498.8 0 0 0 0 0 0 0 0 0
-26.6 -40.9 2174.4 0 0 0 0 0 0 0 0 0
210.6 -998.9 2020.8 0 0 0 0 0 0 0 0 0
325.6 -896.3 2258.3 0 0 0 0 0 0 0 0 0
189.5 364.7 2046.0 85 0.9629582167 -0.0755672231 0.2588457465 0.0363463983 0.9875441194 0.1530869305 -0.2671899498 -0.1380081922 0.9537102580
204.8 164.4 2074.0 0.9629582167 -0.0755672231 0.2588457465 0.0363463983 0.9875441194 0.1530869305 -0.2671899498 -0.1380081922 0.9537102580
216.2 -32.9 2095.4 0.9635856152 -0.0576116033 0.2611199915 0.0270180255 0.9924936295 0.1192745492 -0.2660315335 -0.1078762934 0.9579091668
64.2 160.4 2112.8 0.3620111942 -0.5791740417 0.7304144502 0.5710887313 0.7570926547 0.3172827959 -0.7367534041 0.3022715449 0.6048358083
-58.0 -32.3 2361.4 0.4332665205 -0.6466198564 0.6278239489 0.7290027738 0.6610339284 0.1777332276 -0.5299387574 0.3806795180 0.7577915192
345.4 168.3 2035.2 -0.5481162071 -0.4671571255 0.6937815547 -0.8346457481 0.2517691851 -0.4898762703 0.0541763753 -0.8475709558 -0.5279094577
224.8 -15.3 2047.1 -0.8834518194 -0.4671571255 -0.0357366018 -0.0941697657 0.2517691851 -0.9631948471 0.4589607120 -0.8475709558 -0.2664180100
140.3 -233.3 2143.5 0.9735417962 -0.0158422794 0.2279592752 0.0486165211 0.9891142845 -0.1388861686 -0.2232775092 0.1462940723 0.9637143016
146.7 -631.2 2084.6 0.9596706629 -0.1645420492 0.2279433459 0.1991059631 0.9702272415 -0.1378981173 -0.1984668076 0.1777216643 0.9638599157
318.8 -226.8 2102.9 0.9796807170 0.0873044357 0.1805646867 -0.0217639189 0.9412470460 -0.3370168805 -0.1993790418 0.3262391388 0.9240216613
284.3 -599.0 1973.9 0.9796807170 -0.1111410111 0.1669531167 -0.0217639189 0.7685947418 0.6393656731 -0.1993790418 -0.6300077438 0.7505586147
-179.3 -236.5 2509.9 0 0 0 0 0 0 0 0 0
-26.5 -42.1 2177.6 0 0 0 0 0 0 0 0 0
209.5 -1001.3 2016.8 0 0 0 0 0 0 0 0 0
326.7 -892.3 2214.4 0 0 0 0 0 0 0 0 0
182.3 367.9 2034.9 86 0.9537025094 -0.0821535066 0.2893134654 0.0372624025 0.9868335128 0.1573884040 -0.2984342277 -0.1393212080 0.9442068934
199.0 167.6 2063.2 0.9537025094 -0.0821535066 0.2893134654 0.0372624025 0.9868335128 0.1573884040 -0.2984342277 -0.1393212080 0.9442068934
211.8 -29.5 2085.1 0.9542992115 -0.0648044795 0.2917419672 0.0292287525 0.9917649031 0.1246918142 -0.2974200249 -0.1104660481 0.9483346343
59.7 163.3 2106.6 0.3356671631 -0.5718323588 0.7485554814 0.5688887239 0.7564368844 0.3227520287 -0.7507950068 0.3175075352 0.5792199969
-53.6 -28.7 2359.9 0.4130387306 -0.6363353133 0.6515185237 0.7280467749 0.6604976654 0.1835504025 -0.5471260548 0.3985224962 0.7360929847
338.2 171.8 2019.7 -0.5429370403 -0.4954602420 0.6780402064 -0.8363436460 0.2461228222 -0.4898498058 0.0758199319 -0.8330322504 -0.5480042100
218.8 -12.2 2036.4 -0.8676720262 -0.4954602420 -0.0407973342 -0.0951890498 0.2461228222 -0.9645530581 0.4879388511 -0.8330322504 -0.2607162595
137.8 -229.6 2135.4 0.9655818343 -0.0153397052 0.2596467435 0.0497716516 0.9907092452 -0.1265620291 -0.2552930117 0.1351290345 0.9573743343
144.0 -629.1 2080.9 0.9510829449 -0.1671385467 0.2598190308 0.2081159502 0.9681764245 -0.1390042007 -0.2283176929 0.1862770170 0.9556002617
315.9 -227.6 2092.4 0.9761320353 0.1079301238 0.1884604841 -0.0188965648 0.9066875577 -0.4213793576 -0.2163543105 0.4077606201 0.8870862722
274.0 -579.9 1934.0 0.9761320353 -0.1187593192 0.1818309426 -0.0188965648 0.7876248956 0.6158651710 -0.2163543105 -0.6046016812 0.7665817738
-169.3 -232.6 2513.2 0 0 0 0 0 0 0 0 0
-28.1 -39.3 2175.2 0 0 0 0 0 0 0 0 0
207.8 -998.8 2009.8 0 0 0 0 0 0 0 0 0
319.3 -880.5 2164.8 0 0 0 0 0 0 0 0 0
175.3 368.5 2024.3 87 0.9563026428 -0.0927999318 0.2772605419 0.0482531190 0.9853824377 0.1633800417 -0.2883693278 -0.1428620815 0.9468017220
194.2 168.6 2053.3 0.9563026428 -0.0927999318 0.2772605419 0.0482531190 0.9853824377 0.1633800417 -0.2883693278 -0.1428620815 0.9468017220
209.2 -28.2 2075.9 0.9570248127 -0.0753141791 0.2800557613 0.0397644453 0.9906473160 0.1305248141 -0.2872668505 -0.1137792245 0.9510688782
54.5 162.8 2095.2 0.3370306790 -0.5840250254 0.7384613156 0.5707459450 0.7505344748 0.3330871761 -0.7487719059 0.3092131913 0.5862830281
-59.3 -29.8 2348.0 0.4103798866 -0.6482397914 0.6413841248 0.7313100696 0.6541132927 0.1931873858 -0.5447696447 0.3897704184 0.7424992323
333.8 174.4 2011.4 -0.5338122249 -0.4893614054 0.6896157265 -0.8425133824 0.2381437868 -0.4831756949 0.0722198337 -0.8389356136 -0.5394176245
216.4 -10.9 2027.3 -0.8716749549 -0.4893614054 -0.0266117472 -0.1042148545 0.2381437868 -0.9656224847 0.4788758159 -0.8389356136 -0.2585827112
136.6 -228.9 2125.4 0.9676393270 -0.0284053255 0.2507335842 0.0595760904 0.9912702441 -0.1176181212 -0.2452037483 0.1287496388 0.9608843327
148.1 -629.1 2073.4 0.9504179955 -0.1832753420 0.2512286305 0.2222341150 0.9653971195 -0.1364566237 -0.2175262570 0.1855223924 0.9582607746
312.1 -223.9 2079.8 0.9718971252 0.1280443966 0.1975362599 -0.0194400456 0.8799201846 -0.4747236073 -0.2346018404 0.4575423896 0.8576811552
262.1 -568.1 1900.8 0.9718971252 -0.1245600432 0.1997516900 -0.0194400456 0.8031752110 0.5954256058 -0.2346018404 -0.5825756192 0.7781822681
-174.3 -234.8 2500.7 0 0 0 0 0 0 0 0 0
-31.6 -40.6 2163.5 0 0 0 0 0 0 0 0 0
218.1 -997.8 2002.6 0 0 0 0 0 0 0 0 0
309.6 -874.8 2123.2 0 0 0 0 0 0 0 0 0
168.7 367.7 2013.5 88 0.9541448951 -0.1037845612 0.2807779312 0.0562678538 0.9834362864 0.1722992063 -0.2940092087 -0.1485996395 0.9441804290
189.7 168.0 2043.7 0.9541448951 -0.1037845612 0.2807779312 0.0562678538 0.9834362864 0.1722992063 -0.2940092087 -0.1485996395 0.9441804290
207.0 -28.5 2067.4 0.9549158812 -0.0866750330 0.2839421332 0.0482835695 0.9890400171 0.1395295858 -0.2929238677 -0.1195292771 0.9486349821
50.3 161.0 2086.5 0.3266966343 -0.5903276801 0.7380938530 0.5694854856 0.7462114096 0.3447532654 -0.7542914748 0.3077040017 0.5799677968
-60.0 -31.3 2341.1 0.3994723856 -0.6530527472 0.6433846951 0.7321407199 0.6496317387 0.2048134208 -0.5517171025 0.3892308176 0.7376365066
329.1 175.1 2001.0 -0.5242431164 -0.4965980053 0.6917800307 -0.8477555513 0.2275569737 -0.4790911376 0.0804963335 -0.8376206160 -0.5402889252
213.8 -11.4 2018.7 -0.8678022623 -0.4965980053 -0.0175976120 -0.1106004193 0.2275569737 -0.9674633741 0.4844448268 -0.8376206160 -0.2523984015
136.8 -229.5 2118.3 0.9655655622 -0.0384636186 0.2573007643 0.0680787787 0.9919040799 -0.1071986705 -0.2510944307 0.1210240722 0.9603669643
152.3 -630.2 2069.4 0.9464384317 -0.1940138787 0.2580947280 0.2328487188 0.9638794661 -0.1292974353 -0.2236866951 0.1824690998 0.9574284554
311.9 -221.9 2068.1 0.9659675956 0.1430036426 0.2155378759 -0.0188264642 0.8699358702 -0.4928054214 -0.2579770982 0.4719762504 0.8430221081
255.7 -563.9 1882.5 0.9659675956 -0.1375671625 0.2190476954 -0.0188264642 0.8072075248 0.5899674296 -0.2579770982 -0.5740132928 0.7771463990
-171.9 -236.5 2495.8 0 0 0 0 0 0 0 0 0
-33.1 -42.9 2156.5 0 0 0 0 0 0 0 0 0
226.5 -998.5 1999.7 0 0 0 0 0 0 0 0 0
308.2 -872.2 2101.8 0 0 0 0 0 0 0 0 0
164.5 367.5 2002.2 89 0.9416429996 -0.1108978689 0.3178209960 0.0536160693 0.9815315008 0.1836334318 -0.3323158622 -0.1558768153 0.9301981330
187.0 168.8 2033.7 0.9416429996 -0.1108978689 0.3178209960 0.0536160693 0.9815315008 0.1836334318 -0.3323158622 -0.1558768153 0.9301981330
205.3 -27.5 2059.0 0.9425200224 -0.0919811428 0.3212405145 0.0451034680 0.9875891209 0.1504438370 -0.3310916424 -0.1273072809 0.9349712133
49.4 162.2 2082.1 0.2960234880 -0.5782306790 0.7602758408 0.5611011982 0.7494108677 0.3514950871 -0.7730042338 0.3225408792 0.5462891459
-50.5 -27.1 2342.9 0.3765968680 -0.6376101375 0.6720328331 0.7260755301 0.6536876559 0.2133230716 -0.5753165483 0.4076097906 0.7091298699
324.6 175.3 1985.4 -0.5200948119 -0.5295634270 0.6701223254 -0.8468760848 0.2178507000 -0.4851205349 0.1109154671 -0.8198192716 -0.5617775917
210.1 -11.0 2009.8 -0.8478415012 -0.5295634270 -0.0269694701 -0.1052052826 0.2178507000 -0.9702952504 0.5197082162 -0.8198192716 -0.2404157370
137.3 -227.9 2114.7 0.9548086524 -0.0345229469 0.2952093482 0.0653328523 0.9933170676 -0.0951465294 -0.2899517417 0.1101335958 0.9506832361
151.3 -629.3 2070.2 0.9365382791 -0.1879065633 0.2959512770 0.2313084155 0.9655873179 -0.1189012602 -0.2634244859 0.1798115969 0.9477738738
310.0 -220.2 2055.8 0.9521178007 0.1722828895 0.2525674105 -0.0256921146 0.8682738543 -0.4954194427 -0.3046499789 0.4652086794 0.8311253190
242.1 -562.5 1872.4 0.9521178007 -0.1608287692 0.2600111365 -0.0256921146 0.8053583503 0.5922312140 -0.3046499789 -0.5705541372 0.7626640201
-156.0 -230.6 2504.1 0 0 0 0 0 0 0 0 0
-31.1 -40.9 2157.6 0 0 0 0 0 0 0 0 0
223.1 -998.2 2001.5 0 0 0 0 0 0 0 0 0
303.6 -870.1 2090.4 0 0 0 0 0 0 0 0 0
159.9 366.5 1992.0 90 0.9339029789 -0.1128737479 0.3392415047 0.0509197414 0.9811757803 0.1862829030 -0.3538819849 -0.1566960663 0.9220704436
182.7 167.7 2023.7 0.9339029789 -0.1128737479 0.3392415047 0.0509197414 0.9811757803 0.1862829030 -0.3538819849 -0.1566960663 0.9220704436
201.6 -28.5 2049.1 0.9346410632 -0.0946562812 0.3427627385 0.0439188480 0.9872678518 0.1528834403 -0.3528700173 -0.1278373897 0.9268982410
46.3 161.3 2075.2 0.2782859206 -0.5704346895 0.7727620602 0.5588569641 0.7504992485 0.3527460992 -0.7811759710 0.3336991966 0.5276447535
-47.6 -27.4 2338.9 0.3634659052 -0.6278560758 0.6882508993 0.7243359089 0.6550512910 0.2150473446 -0.5858584046 0.4203624129 0.6928675175
319.2 174.1 1972.2 -0.5176010728 -0.5482848287 0.6568659544 -0.8464141488 0.2157854438 -0.4868466854 0.1251885295 -0.8079730272 -0.5757668018
205.3 -12.1 1999.8 -0.8356504440 -0.5482848287 -0.0327425711 -0.1035372317 0.2157854438 -0.9709360003 0.5394148231 -0.8079730272 -0.2370890975
134.8 -228.7 2106.9 0.9478869438 -0.0316653028 0.3170294464 0.0640533045 0.9936722517 -0.0922638550 -0.3121018112 0.1077624857 0.9439172149
147.6 -630.4 2063.3 0.9302156568 -0.1837266535 0.3177158833 0.2306930274 0.9659881592 -0.1168228835 -0.2854463160 0.1819653213 0.9409617782
306.1 -221.0 2043.1 0.9433235526 0.1887873411 0.2729469240 -0.0286414586 0.8656823039 -0.4997737110 -0.3306362629 0.4636307061 0.8220256567
231.6 -562.8 1860.1 0.9433235526 -0.1738063693 0.2827225327 -0.0286414586 0.8060817719 0.5911107063 -0.3306362629 -0.5657062531 0.7554178238
-149.4 -230.3 2503.0 0 0 0 0 0 0 0 0 0
-32.4 -41.6 2153.2 0 0 0 0 0 0 0 0 0
217.8 -999.5 1993.8 0 0 0 0 0 0 0 0 0
298.0 -870.7 2076.2 0 0 0 0 0 0 0 0 0
155.7 365.9 1980.9 91 0.9347631335 -0.1118289158 0.3372124135 0.0496836826 0.9809885025 0.1875981092 -0.3517804146 -0.1586058438 0.9225479364
178.3 167.7 2012.9 0.9347631335 -0.1118289158 0.3372124135 0.0496836826 0.9809885025 0.1875981092 -0.3517804146 -0.1586058438 0.9225479364
197.3 -28.4 2039.0 0.9354274869 -0.0950883776 0.3404903114 0.0433658324 0.9867371321 0.1564263254 -0.3508487642 -0.1315598339 0.9271446466
41.8 161.4 2064.1 0.2797637284 -0.5717211962 0.7712762952 0.5561652780 0.7513384819 0.3552051187 -0.7825678587 0.3295835853 0.5281687379
-52.7 -26.4 2328.3 0.3644069731 -0.6292747855 0.6864552498 0.7224029899 0.6561940312 0.2180442959 -0.5876576304 0.4164404571 0.6937116385
314.9 174.0 1961.7 -0.5172651410 -0.5465613008 0.6585647464 -0.8463516235 0.2125082761 -0.4883944988 0.1269870698 -0.8100067973 -0.5725061297
201.1 -12.2 1989.6 -0.8368274570 -0.5465613008 -0.0314724073 -0.1022481620 0.2125082761 -0.9717950225 0.5378336906 -0.8100067973 -0.2337176502
130.4 -228.5 2097.4 0.9485675693 -0.0325806551 0.3148936927 0.0635301024 0.9940459132 -0.0885248855 -0.3101345897 0.1039770618 0.9449895620
143.6 -630.3 2055.3 0.9306755066 -0.1850173920 0.3156131208 0.2306052297 0.9664072990 -0.1134822369 -0.2840146124 0.1783971786 0.9420775771
302.0 -220.7 2033.5 0.9433934689 0.1897726208 0.2720203698 -0.0299012363 0.8654619455 -0.5000815392 -0.3303250372 0.4636399150 0.8221455812
227.0 -562.6 1850.3 0.9433934689 -0.1731859744 0.2828698456 -0.0299012363 0.8049693704 0.5925624371 -0.3303250372 -0.5674777031 0.7542243600
-154.8 -228.9 2493.0 0 0 0 0 0 0 0 0 0
-37.0 -41.3 2142.6 0 0 0 0 0 0 0 0 0
214.3 -999.6 1987.2 0 0 0 0 0 0 0 0 0
293.1 -870.2 2067.1 0 0 0 0 0 0 0 0 0
152.6 365.5 1975.3 92 0.9336958528 -0.1021452397 0.3431885242 0.0435935855 0.9837456942 0.1741952002 -0.3554034531 -0.1476845145 0.9229722023
173.2 167.0 2005.1 0.9336958528 -0.1021452397 0.3431885242 0.0435935855 0.9837456942 0.1741952002 -0.3554034531 -0.1476845145 0.9229722023
190.1 -29.5 2029.2 0.9343687296 -0.0847196355 0.3460890651 0.0364902392 0.9889665246 0.1435744464 -0.3544340730 -0.1215226054 0.9271508455
36.8 161.7 2056.9 0.2826813757 -0.5619537830 0.7773668170 0.5606021881 0.7543938160 0.3414895833 -0.7783421278 0.3392607868 0.5282856226
-58.7 -27.6 2319.7 0.3699883521 -0.6201897860 0.6917176247 0.7239708900 0.6590748429 0.2036823630 -0.5822153687 0.4254233241 0.6928493381
309.6 172.3 1953.4 -0.5260574222 -0.5475730300 0.6507129669 -0.8418036103 0.2264433056 -0.4899899065 0.1209556684 -0.8055353761 -0.5800711513
193.9 -12.9 1980.0 -0.8356419802 -0.5475730300 -0.0432005227 -0.0982844979 0.2264433056 -0.9690529108 0.5404097438 -0.8055353761 -0.2430434674
121.2 -229.4 2085.9 0.9479035139 -0.0211018194 0.3178578913 0.0560326762 0.9932913780 -0.1011562571 -0.3135909140 0.1136967987 0.9427267909
129.8 -630.9 2039.9 0.9319545627 -0.1736426950 0.3182905316 0.2232220471 0.9665514827 -0.1262940764 -0.2857141495 0.1887498051 0.9395429492
292.6 -222.8 2021.1 0.9412541986 0.2026360333 0.2701466680 -0.0374757536 0.8576998115 -0.5127832294 -0.3356131017 0.4725354016 0.8149074316
212.5 -561.8 1834.3 0.9412541986 -0.1666422486 0.2937191725 -0.0374757536 0.8128494024 0.5812670588 -0.3356131017 -0.5581274033 0.7588528991
-162.4 -230.6 2482.9 0 0 0 0 0 0 0 0 0
-43.9 -40.8 2133.7 0 0 0 0 0 0 0 0 0
196.1 -1000.2 1967.8 0 0 0 0 0 0 0 0 0
276.2 -872.3 2047.6 0 0 0 0 0 0 0 0 0
150.0 364.1 1962.5 93 0.9347235560 -0.1042948142 0.3397270441 0.0460987091 0.9834732413 0.1750864834 -0.3523730636 -0.1479964852 0.9240834713
171.0 165.5 1992.4 0.9347235560 -0.1042948142 0.3397270441 0.0460987091 0.9834732413 0.1750864834 -0.3523730636 -0.1479964852 0.9240834713
188.4 -30.9 2016.7 0.9354171157 -0.0872150138 0.3426198661 0.0389567763 0.9886208177 0.1452973038 -0.3513932228 -0.1225662157 0.9281704426
34.5 159.8 2043.7 0.2835887969 -0.5652669072 0.7746294141 0.5608142614 0.7530121207 0.3441803157 -0.7778590918 0.3368175626 0.5305555463
-61.3 -29.5 2306.4 0.3697855771 -0.6235061884 0.6888386607 0.7245935202 0.6575923562 0.2062437981 -0.5815693140 0.4228620231 0.6949567199
307.6 171.2 1941.1 -0.5239850879 -0.5455846786 0.6540465951 -0.8432486653 0.2242214084 -0.4885247648 0.1198803708 -0.8075036407 -0.5775522590
192.3 -14.3 1967.5 -0.8371212482 -0.5455846786 -0.0395646803 -0.1003191695 0.2242214084 -0.9693610668 0.5377397537 -0.8075036407 -0.2424331158
120.0 -230.9 2073.3 0.9487609267 -0.0243736058 0.3150533736 0.0585475937 0.9933170676 -0.0994655266 -0.3105235696 0.1128146201 0.9438474178
129.8 -632.5 2027.7 0.9322229028 -0.1771302819 0.3155713677 0.2257909030 0.9661620259 -0.1246973053 -0.2828054130 0.1874988377 0.9406728148
291.6 -223.8 2009.0 0.9422674179 0.1992381066 0.2691398859 -0.0351459198 0.8581387401 -0.5122135282 -0.3330118060 0.4731829464 0.8155986071
212.8 -563.1 1821.9 0.9422674179 -0.1672350168 0.2901112735 -0.0351459198 0.8121865392 0.5823382735 -0.3330118060 -0.5589146018 0.7594192624
-165.0 -232.7 2469.4 0 0 0 0 0 0 0 0 0
-45.8 -42.8 2120.5 0 0 0 0 0 0 0 0 0
197.5 -1001.6 1956.1 0 0 0 0 0 0 0 0 0
276.7 -873.5 2035.5 0 0 0 0 0 0 0 0 0
146.0 361.6 1946.7 94 0.9264473915 -0.1127379164 0.3591453135 0.0460225902 0.9808633924 0.1891796589 -0.3736002147 -0.1587361991 0.9139068127
168.8 163.5 1978.7 0.9264473915 -0.1127379164 0.3591453135 0.0460225902 0.9808633924 0.1891796589 -0.3736002147 -0.1587361991 0.9139068127
187.6 -32.5 2005.1 0.9272667766 -0.0941822901 0.3623617887 0.0382320397 0.9866030216 0.1585962921 -0.3724441826 -0.1332072318 0.9184449911
33.4 158.0 2033.1 0.2638975382 -0.5609817505 0.7846385241 0.5519618988 0.7549458146 0.3541113734 -0.7910095453 0.3396414816 0.5088688731
-55.7 -28.4 2300.1 0.3536655605 -0.6169041395 0.7031002641 0.7186188102 0.6603701711 0.2179409266 -0.5987550616 0.4281829000 0.6768690944
304.2 169.1 1924.3 -0.5175532699 -0.5642182827 0.6432700157 -0.8437567353 0.2116160244 -0.4932476580 0.1421730965 -0.7980453372 -0.5855855346
190.3 -16.5 1955.6 -0.8246221542 -0.5642182827 -0.0406941809 -0.0967965648 0.2116160244 -0.9725477099 0.5573407412 -0.7980453372 -0.2291176468
121.3 -232.0 2065.8 0.9414196610 -0.0263246242 0.3362082541 0.0585289560 0.9945732951 -0.0860137790 -0.3321194649 0.1006529853 0.9378516078
131.9 -634.1 2025.1 0.9247503281 -0.1772653759 0.3367697001 0.2260447592 0.9677354097 -0.1113193408 -0.3061709106 0.1790676266 0.9349834919
291.3 -225.1 1997.5 0.9347417355 0.2060954720 0.2894521654 -0.0355445296 0.8647542000 -0.5009359121 -0.3535455763 0.4579572380 0.8156474233
209.9 -567.0 1816.4 0.9347417355 -0.1831375211 0.3044972122 -0.0355445296 0.8044558764 0.5929480195 -0.3535455763 -0.5650764704 0.7454489470
-154.8 -229.8 2467.9 0 0 0 0 0 0 0 0 0
-44.3 -44.0 2114.2 0 0 0 0 0 0 0 0 0
199.7 -1003.9 1956.6 0 0 0 0 0 0 0 0 0
279.8 -874.3 2032.3 0 0 0 0 0 0 0 0 0
143.1 360.6 1929.2 95 0.9071991444 -0.1130489558 0.4052279294 0.0312462244 0.9786651134 0.2030721754 -0.4195395410 -0.1715650558 0.8913764954
166.0 162.5 1963.9 0.9071991444 -0.1130489558 0.4052279294 0.0312462244 0.9786651134 0.2030721754 -0.4195395410 -0.1715650558 0.8913764954
183.9 -33.4 1992.4 0.9080976248 -0.0903846920 0.4088878632 0.0225706361 0.9855738282 0.1677341312 -0.4181497693 -0.1430901140 0.8970373273
33.4 159.2 2024.9 0.2299098223 -0.5357992053 0.8124411702 0.5380549431 0.7655972838 0.3526437581 -0.8109490275 0.3560617566 0.4643077552
-44.1 -22.3 2298.5 0.3306654692 -0.5882022977 0.7380233407 0.7063579559 0.6728661656 0.2197941840 -0.6258744001 0.4486303329 0.6379749775
298.5 165.8 1902.9 -0.5186448097 -0.6006962657 0.6084172726 -0.8358234167 0.2063898593 -0.5087262988 0.1800188422 -0.7723776102 -0.6091190577
184.4 -18.1 1942.6 -0.7970649600 -0.6006962657 -0.0620602109 -0.0796106979 0.2063898593 -0.9752258062 0.5986230969 -0.7723776102 -0.2123279721
118.8 -231.3 2059.1 0.9244329929 -0.0112569593 0.3811783195 0.0433876701 0.9961782694 -0.0758045539 -0.3788682520 0.0866146684 0.9213885069
123.3 -633.9 2024.1 0.9107854366 -0.1582676768 0.3813413680 0.2112852037 0.9721769094 -0.1011463702 -0.3547230959 0.1726944298 0.9188842177
285.1 -227.2 1982.6 0.9348387718 0.1958029419 0.2962055206 -0.0122166807 0.8514541984 -0.5242866874 -0.3548623025 0.4865048528 0.7983644009
207.5 -564.5 1789.8 0.9348387718 0.0013724903 0.3550698757 -0.0122166807 0.9995247722 0.0283008758 -0.3548623025 -0.0307945311 0.9344112873
-136.7 -220.2 2473.8 0 0 0 0 0 0 0 0 0
-42.4 -40.8 2112.8 0 0 0 0 0 0 0 0 0
183.8 -1005.3 1958.1 0 0 0 0 0 0 0 0 0
207.1 -878.2 1799.5 0 0 0 0 0 0 0 0 0
137.8 359.5 1914.5 96 0.9074084163 -0.1057971641 0.4067147672 0.0202786010 0.9776883721 0.2090794146 -0.4197603166 -0.1814728081 0.8893080950
159.3 160.8 1951.4 0.9074084163 -0.1057971641 0.4067147672 0.0202786010 0.9776883721 0.2090794146 -0.4197603166 -0.1814728081 0.8893080950
176.8 -34.8 1981.3 0.9077764750 -0.0876587704 0.4101924300 0.0165454745 0.9846413732 0.1738034487 -0.4191278219 -0.1509878486 0.8952845931
26.8 158.4 2012.5 0.2309095860 -0.5331702828 0.8138858676 0.5305242538 0.7701973915 0.3540339470 -0.8156131506 0.3500363529 0.4607057273
-51.1 -20.7 2287.8 0.3324066401 -0.5857835412 0.7391639948 0.7000659704 0.6784229875 0.2228226066 -0.6319916844 0.4433958530 0.6355994344
291.8 163.2 1890.2 -0.5209001303 -0.6008017063 0.6063830256 -0.8328279257 0.2018733919 -0.5154073834 0.1872450411 -0.7734885216 -0.6055203080
177.2 -20.0 1931.4 -0.7967445254 -0.6008017063 -0.0650804713 -0.0724446923 0.2018733919 -0.9767286777 0.5999582410 -0.7734885216 -0.2043664157
111.0 -232.0 2049.8 0.9242089987 -0.0080872253 0.3818013966 0.0375095718 0.9968637824 -0.0696823597 -0.3800404668 0.0787222683 0.9216138124
114.3 -634.9 2017.9 0.9110874534 -0.1551922411 0.3818835020 0.2057540566 0.9739745855 -0.0950725600 -0.3571902812 0.1651934832 0.9193074703
277.4 -229.0 1973.0 0.9394389391 0.1827144474 0.2899481356 0.0042493222 0.8397544622 -0.5429496765 -0.3426899910 0.5113001466 0.7881216407
204.9 -562.1 1770.2 0.9398773313 0.0984171480 0.3270240128 0.0083973296 0.9506266713 -0.3102231622 -0.3414090276 0.2943178415 0.8926460147
-144.3 -216.8 2464.9 0 0 0 0 0 0 0 0 0
-49.4 -40.6 2102.1 0 0 0 0 0 0 0 0 0
173.6 -1007.1 1954.8 0 0 0 0 0 0 0 0 0
172.3 -877.0 1672.7 0 0 0 0 0 0 0 0 0
135.6 359.1 1902.6 97 0.8943571448 -0.1092609391 0.4338057041 0.0233873930 0.9798088670 0.1985639185 -0.4467419386 -0.1674414575 0.8788543344
157.8 160.0 1936.6 0.8943571448 -0.1092609391 0.4338057041 0.0233873930 0.9798088670 0.1985639185 -0.4467419386 -0.1674414575 0.8788543344
175.2 -35.9 1964.4 0.8950840831 -0.0873734653 0.4372531474 0.0161182955 0.9863131046 0.1640934199 -0.4456059039 -0.1398296356 0.8842415214
27.2 157.7 2001.7 0.2094044685 -0.5189288855 0.8287717104 0.5366650820 0.7694966793 0.3462159634 -0.8173985481 0.3722736537 0.4396270514
-43.5 -23.5 2277.6 0.3170813322 -0.5692142248 0.7585872412 0.7040982246 0.6771515012 0.2138025463 -0.6353779435 0.4663271308 0.6154948473
288.4 162.4 1871.6 -0.5191190839 -0.6223902702 0.5857864022 -0.8320758343 0.2113584578 -0.5128132105 0.1953590363 -0.7536298633 -0.6275961399
174.2 -20.6 1914.6 -0.7790334821 -0.6223902702 -0.0757440254 -0.0741016269 0.2113584578 -0.9745956063 0.6225879192 -0.7536298633 -0.2107754499
110.5 -233.4 2033.0 0.9127628207 -0.0007656220 0.4084892273 0.0364404395 0.9961639047 -0.0795585066 -0.4068613052 0.0875035748 0.9092893004
110.8 -636.0 1997.7 0.9011642933 -0.1453687549 0.4083758593 0.2045467794 0.9732153416 -0.1049404442 -0.3821825981 0.1781005412 0.9067616463
274.5 -230.4 1951.4 0.9319552183 0.1849056035 0.3118804395 0.0161017459 0.8382299542 -0.5450791121 -0.3622157276 0.5130111575 0.7782154679
201.1 -563.2 1747.7 0.9318156838 0.1471922249 0.3317438364 0.0152485752 0.8973814249 -0.4409921467 -0.3626113832 0.4159820080 0.8339496255
-132.4 -220.8 2455.6 0 0 0 0 0 0 0 0 0
-47.4 -41.7 2091.7 0 0 0 0 0 0 0 0 0
166.3 -1007.9 1929.6 0 0 0 0 0 0 0 0 0
149.1 -880.6 1600.6 0 0 0 0 0 0 0 0 0
133.3 358.6 1887.7 98 0.8814899921 -0.1100400314 0.4592020512 0.0208775047 0.9805994034 0.1949073970 -0.4717409015 -0.1622219384 0.8666859865
155.7 158.9 1920.7 0.8814899921 -0.1100400314 0.4592020512 0.0208775047 0.9805994034 0.1949073970 -0.4717409015 -0.1622219384 0.8666859865
172.9 -37.2 1947.8 0.8823240399 -0.0866696909 0.4625933766 0.0125355106 0.9868767858 0.1609878689 -0.4704754055 -0.1362446249 0.8718315959
26.9 157.1 1989.4 0.1889238060 -0.5047243834 0.8423544765 0.5367021561 0.7714203596 0.3418499529 -0.8223494291 0.3875098825 0.4166263640
-36.8 -24.1 2267.0 0.3024276793 -0.5527849197 0.7765090466 0.7034134865 0.6791905761 0.2095462829 -0.6432316303 0.4828343689 0.5942423940
284.5 160.7 1852.1 -0.5173074007 -0.6422549486 0.5655984879 -0.8299111128 0.2151535153 -0.5147392750 0.2089033574 -0.7356749177 -0.6443150043
170.6 -21.8 1898.0 -0.7616351247 -0.6422549486 -0.0861426443 -0.0712710470 0.2151535153 -0.9739760756 0.6440748572 -0.7356749177 -0.2096426487
110.2 -234.1 2024.7 0.9007146358 -0.0249566361 0.4336938560 0.0817472935 0.9902499914 -0.1127930880 -0.4266504049 0.1370476782 0.8939728141
120.2 -630.4 1969.8 0.8992721438 -0.0731682926 0.4312261343 0.1045725346 0.9932826757 -0.0495386608 -0.4247048199 0.0896431506 0.9008828402
273.1 -231.2 1940.6 0.9206286669 0.2308699638 0.3148680925 0.0089173252 0.7938022017 -0.6081106067 -0.3903374672 0.5626518726 0.7287383080
181.7 -545.4 1717.8 0.9209687710 0.0726268217 0.3828078210 0.0133599509 0.9760107994 -0.2173117995 -0.3894072473 0.2052516788 0.8979051709
-121.6 -221.2 2447.2 0 0 0 0 0 0 0 0 0
-46.0 -42.1 2081.3 0 0 0 0 0 0 0 0 0
148.0 -1007.4 1935.8 0 0 0 0 0 0 0 0 0
155.7 -895.2 1644.3 0 0 0 0 0 0 0 0 0
130.1 357.6 1870.7 99 0.8748012781 -0.1072822958 0.4724544287 0.0162780080 0.9811326265 0.1926495582 -0.4842083156 -0.1608394682 0.8600423932
152.0 157.3 1903.6 0.8748012781 -0.1072822958 0.4724544287 0.0162780080 0.9811326265 0.1926495582 -0.4842083156 -0.1608394682 0.8600423932
169.2 -38.9 1930.5 0.8754168153 -0.0860609338 0.4756457508 0.0100121377 0.9870398045 0.1601628363 -0.4832650721 -0.1354470104 0.8649329543
24.2 155.8 1974.1 0.1783560216 -0.4969917536 0.8492280841 0.5357170105 0.7729831934 0.3398591280 -0.8253462315 0.3943300247 0.4041131437
-36.0 -25.0 2252.7 0.2949174047 -0.5439057350 0.7856145501 0.7022349834 0.6809387207 0.2078183889 -0.6479889750 0.4903967977 0.5827703476
279.8 158.7 1833.0 -0.5163827538 -0.6523233652 0.5548180342 -0.8284585476 0.2165090144 -0.5165077448 0.2168069631 -0.7263594866 -0.6522244215
166.2 -23.5 1880.7 -0.7523694634 -0.6523233652 -0.0917301476 -0.0689865649 0.2165090144 -0.9738401771 0.6551191211 -0.7263594866 -0.2078963220
109.1 -234.8 2013.8 0.8936250210 -0.0418384634 0.4468599558 0.1109176353 0.9853489399 -0.1295557767 -0.4348925948 0.1653389484 0.8851731420
125.8 -627.6 1947.9 0.8973105550 -0.0365202799 0.4398863912 0.0524672903 0.9983307719 -0.0241429023 -0.4382704198 0.0447433293 0.8977288604
270.3 -232.5 1926.4 0.9154141545 0.2528956234 0.3131465018 0.0078909490 0.7665532827 -0.6421322227 -0.4024358988 0.5902879238 0.6997181177
170.0 -536.3 1692.4 0.9154141545 0.0353580117 0.4009572864 0.0078909490 0.9943664670 -0.1057028025 -0.4024358988 0.0999257714 0.9099780917
-118.6 -221.9 2434.4 0 0 0 0 0 0 0 0 0
-47.8 -43.2 2067.1 0 0 0 0 0 0 0 0 0
139.7 -1007.1 1930.9 0 0 0 0 0 0 0 0 0
157.0 -902.2 1655.7 0 0 0 0 0 0 0 0 0
128.1 357.6 1845.2 00 0.8842883706 -0.1079906896 0.4542819262 0.0149710467 0.9789458513 0.2035703212 -0.4667011201 -0.1732137948 0.8672871590
150.2 157.3 1880.7 0.8842883706 -0.1079906896 0.4542819262 0.0149710467 0.9789458513 0.2035703212 -0.4667011201 -0.1732137948 0.8672871590
167.2 -38.4 1910.1 0.8851031065 -0.0854393169 0.4574851394 0.0066981246 0.9852407575 0.1710433066 -0.4653468132 -0.1483266652 0.8726118803
21.0 156.3 1948.6 0.1941272020 -0.5066485405 0.8400130272 0.5268104672 0.7761906385 0.3464084864 -0.8275175691 0.3752803504 0.4175874591
-44.6 -21.5 2228.0 0.3066802621 -0.5553296208 0.7730175853 0.6955932379 0.6851254106 0.2162249982 -0.6496901512 0.4713938534 0.5963979959
279.4 158.3 1812.8 -0.5188909173 -0.6377902627 0.5691887140 -0.8272175193 0.2067342401 -0.5224673748 0.2155538201 -0.7419464588 -0.6348637938
165.2 -23.7 1860.2 -0.7654705048 -0.6377902627 -0.0853138268 -0.0634353682 0.2067342401 -0.9763385057 0.6403365135 -0.7419464588 -0.1987074167
105.9 -236.1 1999.6 0.9015207887 -0.0590596087 0.4286866784 0.1188377216 0.9863445759 -0.1140262708 -0.4160984457 0.1537411958 0.8962286115
129.4 -628.6 1938.4 0.9071543217 -0.0182211827 0.4204034209 0.0259162243 0.9995847344 -0.0125983711 -0.4199992716 0.0223239362 0.9072498083
266.1 -234.3 1910.4 0.9173596501 0.2610590458 0.3004987538 0.0036102266 0.7494216561 -0.6620832086 -0.3980430663 0.6084532738 0.6865466833
162.6 -531.6 1669.0 0.9173596501 0.0173704308 0.3976802528 0.0036102266 0.9986432791 -0.0519481115 -0.3980430663 0.0490908176 0.9160522819
-130.5 -216.5 2410.1 0 0 0 0 0 0 0 0 0
-52.6 -41.7 2042.3 0 0 0 0 0 0 0 0 0
136.4 -1009.5 1929.9 0 0 0 0 0 0 0 0 0
156.1 -905.6 1650.6 0 0 0 0 0 0 0 0 0
124.8 359.7 1820.0 01 0.9009307623 -0.1134423241 0.4188729525 0.0219203420 0.9758918285 0.2171511054 -0.4334088266 -0.1864562780 0.8816977143
148.1 159.2 1858.3 0.9009307623 -0.1134423241 0.4188729525 0.0219203420 0.9758918285 0.2171511054 -0.4334088266 -0.1864562780 0.8816977143
166.3 -36.0 1890.9 0.9019408822 -0.0919350535 0.4219604135 0.0122901546 0.9821464419 0.1877159327 -0.4316845834 -0.1641227156 0.8869679570
16.5 157.3 1921.3 0.2188784331 -0.5300989747 0.8191992044 0.5191914439 0.7741120458 0.3622027338 -0.8261552453 0.3460428119 0.4446592629
-57.4 -17.9 2200.2 0.3224529922 -0.5812408924 0.7471165061 0.6914981008 0.6836324334 0.2334033251 -0.6464166045 0.4413680434 0.6223663092
279.7 161.0 1795.3 -0.5164150596 -0.6117414236 0.5992394090 -0.8310748339 0.1893069744 -0.5229507089 0.2064704299 -0.7680724263 -0.6061639190
166.1 -21.8 1840.8 -0.7883288860 -0.6117414236 -0.0656500012 -0.0653112754 0.1893069744 -0.9797434807 0.6117777228 -0.7680724263 -0.1891897768
102.9 -234.9 1981.2 0.9151086211 -0.0762220696 0.3959374130 0.1250455827 0.9872029424 -0.0989642069 -0.3833273351 0.1400732249 0.9129291773
133.3 -627.4 1925.5 0.9219776392 -0.0090980344 0.3871362507 0.0127036134 0.9998964667 -0.0067556449 -0.3870347142 0.0111465827 0.9219977856
265.1 -233.7 1895.6 0.9159389734 0.2700812221 0.2968365848 0.0018775091 0.7367631197 -0.6761483550 -0.4013132155 0.6198679209 0.6743229628
157.9 -526.2 1649.5 0.9159389734 0.0086009651 0.4012254179 0.0018775091 0.9996675253 -0.0257156920 -0.4013132155 0.0243073087 0.9156183004
-147.8 -211.7 2381.4 0 0 0 0 0 0 0 0 0
-58.2 -40.4 2014.8 0 0 0 0 0 0 0 0 0
136.7 -1008.9 1921.3 0 0 0 0 0 0 0 0 0
154.6 -904.3 1640.3 0 0 0 0 0 0 0 0 0
122.9 359.1 1798.4 02 0.8868340850 -0.1163453683 0.4472013414 0.0157501474 0.9748324156 0.2223818600 -0.4618194401 -0.1901723295 0.8663470745
146.6 160.0 1837.2 0.8868340850 -0.1163453683 0.4472013414 0.0157501474 0.9748324156 0.2223818600 -0.4618194401 -0.1901723295 0.8663470745
165.3 -35.0 1870.3 0.8877682686 -0.0940536037 0.4505790174 0.0070638950 0.9815695882 0.1909743994 -0.4602364898 -0.1663581729 0.8720707297
17.1 159.0 1904.4 0.1939185709 -0.5164027214 0.8341006041 0.5141158104 0.7776269913 0.3619132638 -0.8355121017 0.3586426377 0.4162871242
-48.3 -14.5 2186.4 0.3037024140 -0.5647618771 0.7673388124 0.6870754361 0.6877817512 0.2342725992 -0.6600698233 0.4560704827 0.5969150066
276.2 161.1 1770.1 -0.5121652484 -0.6353008151 0.5779961944 -0.8282800317 0.1872880012 -0.5280865431 0.2272420526 -0.7492102981 -0.6221293807
163.5 -21.2 1820.0 -0.7686438560 -0.6353008151 -0.0746961012 -0.0595134497 0.1872880012 -0.9805005789 0.6369024515 -0.7492102981 -0.1817667186
101.9 -232.3 1962.6 0.9027457833 -0.0839528516 0.4219028354 0.1210014150 0.9907288551 -0.0617654063 -0.4128059447 0.1068092957 0.9045346975
135.2 -625.9 1920.2 0.9092566967 -0.0045455298 0.4162110388 0.0064509674 0.9999741912 -0.0031718824 -0.4161858857 0.0055690189 0.9092624784
267.1 -230.0 1883.3 0.9100372791 0.2811603546 0.3045997620 0.0011187734 0.7331452370 -0.6800711751 -0.4145249426 0.6192308664 0.6668749452
155.4 -521.2 1637.4 0.9100372791 0.0042786361 0.4145043492 0.0011187734 0.9999177456 -0.0127776926 -0.4145249426 0.0120919133 0.9099576473
-133.5 -207.1 2371.3 0 0 0 0 0 0 0 0 0
-55.2 -38.1 2001.2 0 0 0 0 0 0 0 0 0
137.0 -1007.7 1918.0 0 0 0 0 0 0 0 0 0
153.8 -901.3 1632.8 0 0 0 0 0 0 0 0 0
120.9 359.0 1776.1 03 0.8927601576 -0.1236336231 0.4332366288 0.0274714809 0.9747598171 0.2215593904 -0.4496938586 -0.1858977377 0.8736231923
146.0 161.0 1813.8 0.8927601576 -0.1236336231 0.4332366288 0.0274714809 0.9747598171 0.2215593904 -0.4496938586 -0.1858977377 0.8736231923
166.5 -34.0 1846.5 0.8937823772 -0.1027915031 0.4365627170 0.0186421331 0.9810552001 0.1928294003 -0.4481133521 -0.1642090529 0.8787660599
15.6 158.2 1879.2 0.1994063556 -0.5298655629 0.8243054748 0.5191068053 0.7705880404 0.3697596490 -0.8311228752 0.3541701436 0.4287169874
-51.8 -17.0 2159.8 0.3048963249 -0.5785225630 0.7565380931 0.6926690936 0.6798880696 0.2407524139 -0.6536419392 0.4506260157 0.6080200672
276.5 163.7 1748.4 -0.5058764815 -0.6271599531 0.5922494531 -0.8347641230 0.1828994751 -0.5193424821 0.2173887044 -0.7571117282 -0.6160551906
165.2 -20.0 1796.3 -0.7764799595 -0.6271599531 -0.0612313859 -0.0703987852 0.1828994751 -0.9806078672 0.6261971593 -0.7571117282 -0.1861690730
102.6 -230.7 1945.2 0.9083049297 -0.0830379203 0.4099839330 0.1163821220 0.9915670156 -0.0570090450 -0.4017926455 0.0994963944 0.9103093743
135.6 -624.7 1905.7 0.9144398570 -0.0022718501 0.4047153890 0.0032039536 0.9999935627 -0.0016258033 -0.4047090709 0.0027833886 0.9144412875
265.3 -229.4 1860.8 0.9030301571 0.2843537033 0.3219930530 0.0006636198 0.7486338019 -0.6629834175 -0.4295766652 0.5989077091 0.6758501530
152.3 -526.8 1622.9 0.9030301571 0.0021337648 0.4295718670 0.0006636198 0.9999795556 -0.0063621243 -0.4295766652 0.0060302624 0.9030102491
-137.2 -211.2 2343.0 0 0 0 0 0 0 0 0 0
-55.7 -40.0 1974.4 0 0 0 0 0 0 0 0 0
136.5 -1006.7 1904.6 0 0 0 0 0 0 0 0 0
151.5 -907.9 1620.6 0 0 0 0 0 0 0 0 0
118.4 363.3 1756.4 04 0.8743108511 -0.1290214807 0.4679038227 0.0287154187 0.9760833383 0.2154919505 -0.4845162034 -0.1749708951 0.8571051359
144.6 165.3 1791.9 0.8743108511 -0.1290214807 0.4679038227 0.0287154187 0.9760833383 0.2154919505 -0.4845162034 -0.1749708951 0.8571051359
165.9 -29.8 1822.8 0.8754851222 -0.1071263701 0.4712215364 0.0189786516 0.9819890261 0.1879824698 -0.4828722477 -0.1556327194 0.8617498875
16.9 162.5 1862.4 0.1676440239 -0.5139302611 0.8412913680 0.5226998925 0.7698826790 0.3661496043 -0.8358709812 0.3783600926 0.3976975083
-39.7 -13.9 2144.5 0.2803721130 -0.5589581728 0.7803571224 0.6952449679 0.6787821651 0.2364090830 -0.6618353128 0.4762568474 0.5789244175
272.3 168.1 1721.5 -0.4986691773 -0.6560962200 0.5664510131 -0.8347791433 0.1875509024 -0.5176567435 0.2333942205 -0.7310009599 -0.6412212849
162.6 -15.6 1772.8 -0.7513712645 -0.6560962200 -0.0705617666 -0.0717715323 0.1875509024 -0.9796292782 0.6559650302 -0.7310009599 -0.1880093962
105.0 -230.6 1920.0 0.8940238953 -0.0753056481 0.4416450858 0.0903867036 0.9958196282 -0.0131712602 -0.4388069808 0.0516942628 0.8970931768
134.8 -625.9 1899.5 0.8976677656 -0.0011356910 0.4406713843 0.0016326271 0.9999983907 -0.0007485570 -0.4406698048 0.0013914076 0.8976681828
268.8 -227.2 1837.9 0.8798357248 0.2999415100 0.3686788976 0.0004936973 0.7751351595 -0.6317952871 -0.4752776027 0.5560580492 0.6818435192
149.8 -534.8 1617.2 0.8798357248 0.0010654831 0.4752766788 0.0004936973 0.9999948740 -0.0031557411 -0.4752776027 0.0030111766 0.8798307180
-118.3 -208.7 2329.9 0 0 0 0 0 0 0 0 0
-51.1 -36.0 1959.4 0 0 0 0 0 0 0 0 0
135.3 -1008.0 1899.0 0 0 0 0 0 0 0 0 0
149.4 -916.4 1616.1 0 0 0 0 0 0 0 0 0
114.2 365.3 1734.1 05 0.8777992725 -0.1349498928 0.4596269429 0.0377381369 0.9759973884 0.2144874930 -0.4775397778 -0.1709315032 0.8618226051
141.5 167.6 1768.7 0.8777992725 -0.1349498928 0.4596269429 0.0377381369 0.9759973884 0.2144874930 -0.4775397778 -0.1709315032 0.8618226051
164.0 -27.4 1799.3 0.8792241216 -0.1130308509 0.4628055096 0.0264905784 0.9815433621 0.1893960238 -0.4756712914 -0.1542615741 0.8659908772
13.2 163.8 1838.1 0.1706179529 -0.5225710273 0.8353496790 0.5256571174 0.7653365731 0.3714087605 -0.8334110975 0.3757385015 0.4052733481
-44.4 -13.7 2119.5 0.2807039320 -0.5677242875 0.7738826871 0.6986394525 0.6737222672 0.2408345044 -0.6581096053 0.4730617702 0.5857510567
269.9 171.5 1699.3 -0.4944373369 -0.6514782310 0.5754197240 -0.8389362693 0.1844726056 -0.5120115280 0.2274151891 -0.7358980775 -0.6377588511
161.1 -13.0 1749.3 -0.7561405897 -0.6514782310 -0.0618669912 -0.0787820816 0.1844726056 -0.9796750546 0.6496497393 -0.7358980775 -0.1908120364
