-43.7 467.1 2687.9 1 -0.5060445666 0.1850977391 -0.8424118161 0.0393057652 0.9806354046 0.1918573678 0.8616112471 0.0639767498 -0.5035206676
-80.4 272.8 2675.2 -0.5060445666 0.1850977391 -0.8424118161 0.0393057652 0.9806354046 0.1918573678 0.8616112471 0.0639767498 -0.5035206676
-105.3 78.9 2665.8 -0.5086204410 0.1269650906 -0.8515779972 0.0230335407 0.9907199740 0.1339531094 0.8606826663 0.0485164374 -0.5068249106
-8.0 269.6 2552.7 -0.0383629426 0.4516318142 -0.8913792372 0.9825031757 0.1797428280 0.0487849191 0.1822518557 -0.8739114404 -0.4506251812
2.1 12.4 2505.0 -0.6207380295 0.4516318142 -0.6408689618 0.7668727636 0.1797428280 -0.6161158085 -0.1630659103 -0.8739114404 -0.4579173326
-152.8 276.1 2797.8 -0.5089427233 0.6447531581 -0.5703250766 -0.3926041126 0.4157616496 0.8203683496 0.7660543919 0.6414324641 0.0415338501
-292.6 168.2 3008.2 0.1920624524 0.6447531581 -0.7398685217 -0.9003365040 0.4157616496 0.1285942048 0.3905204833 0.6414324641 0.6603469849
-84.4 -120.8 2574.5 -0.8129877448 0.0495187342 0.5801714063 -0.0946838781 0.9718736410 -0.2156307399 -0.5745310187 -0.2302380204 -0.7854326963
-103.8 -501.2 2664.6 -0.8183781505 0.0527138971 0.5722572803 0.1006149650 0.9935463667 0.0523669943 -0.5658036470 0.1004336551 -0.8184004426
-177.2 -118.8 2729.2 -0.9527771473 0.3018630445 -0.0330820158 0.3013630211 0.9265059829 -0.2253153920 -0.0373637043 -0.2246450484 -0.9737240672
-295.2 -480.9 2817.0 -0.9527771473 0.2681749463 0.1424707621 0.3013630211 0.8927413821 0.3349524140 -0.0373637043 0.3620704114 -0.9314016104
170.2 -195.3 2549.2 0 0 0 0 0 0 0 0 0
-243.5 -62.2 3108.2 0 0 0 0 0 0 0 0 0
-118.6 -780.2 2636.5 0 0 0 0 0 0 0 0 0
-382.7 -772.2 2698.9 0 0 0 0 0 0 0 0 0
-31.5 467.8 2681.1 2 -0.4671140909 0.1831898838 -0.8650120497 0.0449540019 0.9819574952 0.1836807132 0.8830535412 0.0469140932 -0.4669212997
-67.8 273.4 2671.8 -0.4671140909 0.1831898838 -0.8650120497 0.0449540019 0.9819574952 0.1836807132 0.8830535412 0.0469140932 -0.4669212997
-96.3 79.8 2665.3 -0.4681525826 0.1458290666 -0.8715314269 0.0387339108 0.9887270331 0.1446324885 0.8827983141 0.0339522511 -0.4685236514
-1.2 267.9 2546.2 -0.1288949847 0.5471431613 -0.8270552754 0.9749577641 0.2223370075 -0.0048569893 0.1812275201 -0.8069700003 -0.5620996356
31.7 18.8 2499.9 -0.6770349145 0.5471431613 -0.4921971858 0.6844508648 0.2223370075 -0.6943293810 -0.2704639137 -0.8069700003 -0.5250225663
-134.4 278.8 2797.4 -0.4795028567 0.6804876924 -0.5540879965 -0.3778954148 0.4097445011 0.8302436471 0.7920051217 0.6074914932 0.0606795065
-266.1 175.0 3014.9 0.1947295666 0.6804876924 -0.7064113021 -0.9003570080 0.4097445011 0.1465151757 0.3891499341 0.6074914932 0.6924712062
-84.3 -117.1 2578.6 -0.8407800198 0.0312722810 0.5404729843 -0.1033699214 0.9706895351 -0.2169711441 -0.5314166546 -0.2382936478 -0.8129037619
-96.5 -497.1 2671.9 -0.8458746076 0.0789069682 0.5275129080 0.1323660016 0.9891133308 0.0642962381 -0.5166966319 0.1242113188 -0.8471104503
-176.2 -113.0 2734.0 -0.9579241276 0.2427525520 -0.1531423926 0.2757292986 0.9264917970 -0.2560983002 0.0797166526 -0.2875486016 -0.9544427991
-270.8 -474.1 2846.1 -0.9579241276 0.2865201235 0.0169593766 0.2757292986 0.9022178650 0.3316266239 0.0797166526 0.3223493397 -0.9432582855
214.2 -165.6 2572.8 0 0 0 0 0 0 0 0 0
-216.2 -55.5 3114.6 0 0 0 0 0 0 0 0 0
-119.0 -779.1 2636.5 0 0 0 0 0 0 0 0 0
-366.2 -774.5 2738.8 0 0 0 0 0 0 0 0 0
-22.7 466.5 2677.7 3 -0.4885303080 0.1759925038 -0.8546138406 0.0513632372 0.9835493565 0.1731832772 0.8710338473 0.0407095477 -0.4895332158
-57.6 271.5 2669.6 -0.4885303080 0.1759925038 -0.8546138406 0.0513632372 0.9835493565 0.1731832772 0.8710338473 0.0407095477 -0.4895332158
-87.4 78.0 2664.4 -0.4885218441 0.1520928144 -0.8591939211 0.0514140278 0.9879978299 0.1456603557 0.8710355759 0.0269836430 -0.4904782176
11.9 264.2 2545.6 -0.1783139557 0.5682559609 -0.8032990098 0.9705057740 0.2361782640 -0.0483568572 0.1622426957 -0.7882290483 -0.5936095715
58.6 10.4 2503.2 -0.7306107879 0.5682559609 -0.3785406351 0.5854976773 0.2361782640 -0.7755078077 -0.3512838483 -0.7882290483 -0.5052669048
-127.1 278.8 2793.6 -0.5008930564 0.6689346433 -0.5492109060 -0.3658328652 0.4114497900 0.8347906470 0.7843930721 0.6190602183 0.0386259221
-264.7 178.2 3009.1 0.1790708899 0.6689346433 -0.7214292288 -0.8975033164 0.4114497900 0.1587353200 0.4030154645 0.6190602183 0.6740496755
-82.6 -117.2 2579.0 -0.8291366100 0.0061385380 0.5590122938 -0.1181021035 0.9754484296 -0.1858824939 -0.5464287400 -0.2201425135 -0.8080550432
-85.0 -499.0 2665.2 -0.8278320432 0.1165473461 0.5487356782 0.1490891874 0.9887111187 0.0149236489 -0.5408017635 0.0941648260 -0.8358626962
-167.1 -110.3 2738.4 -0.9508548379 0.1985733807 -0.2375787497 0.2624895275 0.9239255190 -0.2783178985 0.1642385423 -0.3270018399 -0.9306424856
-244.5 -470.7 2865.9 -0.9508548379 0.2966944277 -0.0885859132 0.2624895275 0.9241300821 0.2776379883 0.1642385423 0.2407405525 -0.9565927386
257.5 -149.0 2598.9 0 0 0 0 0 0 0 0 0
-218.9 -51.5 3112.3 0 0 0 0 0 0 0 0 0
-117.8 -777.3 2638.7 0 0 0 0 0 0 0 0 0
-342.2 -775.0 2786.6 0 0 0 0 0 0 0 0 0
-15.6 467.7 2676.0 4 -0.4839373827 0.1635515988 -0.8596833944 0.0498580746 0.9859373569 0.1595045924 0.8736811876 0.0343280770 -0.4852862954
-47.9 272.5 2669.2 -0.4839373827 0.1635515988 -0.8596833944 0.0498580746 0.9859373569 0.1595045924 0.8736811876 0.0343280770 -0.4852862954
-76.2 78.8 2665.1 -0.4835787416 0.1445043683 -0.8632902503 0.0521574728 0.9892829657 0.1363776028 0.8737455010 0.0209222753 -0.4859331846
20.9 265.1 2544.7 -0.2439265847 0.6125002503 -0.7518931031 0.9584181309 0.2706541419 -0.0904489383 0.1481029838 -0.7426909208 -0.6530510783
85.8 10.2 2505.4 -0.7391574979 0.6125002503 -0.2801600695 0.5291032791 0.2706541419 -0.8042363524 -0.4167684615 -0.7426909208 -0.5241318941
-116.8 279.9 2793.6 -0.4932534397 0.6694534421 -0.5554575920 -0.3653942943 0.4200256467 0.8307017684 0.7894226313 0.6127075553 0.0374353826
-252.4 179.5 3010.6 0.1887049079 0.6694534421 -0.7184863091 -0.8939013481 0.4200256467 0.1565847993 0.4066088796 0.6127075553 0.6776862741
-73.1 -120.1 2580.5 -0.8313612938 0.0167533047 0.5554797649 -0.1067789644 0.9761057496 -0.1892506331 -0.5453775525 -0.2166492045 -0.8097076416
-79.6 -502.3 2665.3 -0.8282576203 0.1216910183 0.5469740629 0.1558863521 0.9876401424 0.0163209196 -0.5382274389 0.0987837166 -0.8369904160
-161.3 -110.8 2737.7 -0.9566472769 0.1529811174 -0.2478361577 0.2354412228 0.9071143866 -0.3488709331 0.1714450717 -0.3920972943 -0.9038065672
-220.9 -464.2 2890.5 -0.9566472769 0.2645703554 -0.1217723489 0.2354412228 0.9486193061 0.2113973498 0.1714450717 0.1735624671 -0.9697848558
289.7 -135.7 2620.3 0 0 0 0 0 0 0 0 0
-204.1 -49.4 3114.7 0 0 0 0 0 0 0 0 0
-113.3 -775.4 2638.0 0 0 0 0 0 0 0 0 0
-307.5 -774.8 2833.7 0 0 0 0 0 0 0 0 0
-7.5 468.0 2665.6 5 -0.4805198610 0.1784783006 -0.8586304188 0.0826714039 0.9839308262 0.1582579166 0.8730785251 0.0050618928 -0.4875533581
-43.1 272.0 2664.6 -0.4805198610 0.1784783006 -0.8586304188 0.0826714039 0.9839308262 0.1582579166 0.8730785251 0.0050618928 -0.4875533581
-74.1 78.8 2667.0 -0.4796296060 0.1585916728 -0.8630203605 0.0878776535 0.9872682691 0.1325852871 0.8730595708 -0.0122483736 -0.4874597490
25.2 259.5 2540.3 -0.2860419452 0.6206092834 -0.7300850153 0.9484471679 0.2918968499 -0.1234674901 0.1364844590 -0.7277639508 -0.6721098423
98.0 18.1 2505.6 -0.7532503009 0.6206092834 -0.2178487778 0.4797910452 0.2918968499 -0.8274036050 -0.4499050081 -0.7277639508 -0.5176341534
-111.4 284.5 2788.9 -0.4956066310 0.6773443818 -0.5436714888 -0.3319447041 0.4307211637 0.8392210603 0.8026124835 0.5963923931 0.0113726202
-247.5 193.3 3009.4 0.1777699143 0.6773443818 -0.7138644457 -0.8824889660 0.4307211637 0.1889246255 0.4354435802 0.5963923931 0.6743181944
-60.9 -119.7 2582.1 -0.8338174224 0.0335786194 0.5510181189 -0.0839630961 0.9788216352 -0.1867041588 -0.5456176996 -0.2019423693 -0.8133391738
-74.0 -502.9 2661.1 -0.8259596229 0.1320726424 0.5480396748 0.1532792747 0.9881572127 -0.0071272976 -0.5424907207 0.0781162679 -0.8364219666
-148.2 -110.3 2739.9 -0.9558692575 0.1206086501 -0.2678946853 0.2244650871 0.8881212473 -0.4010686278 0.1895506382 -0.4435021579 -0.8760002255
-195.3 -456.5 2912.9 -0.9558692575 0.2450785935 -0.1620200425 0.2244650871 0.9650215507 0.1354577392 0.1895506382 0.0931120440 -0.9774460196
306.8 -114.9 2630.3 0 0 0 0 0 0 0 0 0
-202.0 -32.5 3120.9 0 0 0 0 0 0 0 0 0
-110.6 -776.6 2639.5 0 0 0 0 0 0 0 0 0
-276.5 -776.5 2882.0 0 0 0 0 0 0 0 0 0
-2.1 468.1 2660.5 6 -0.4763576686 0.1834609509 -0.8598985076 0.0936665758 0.9830124378 0.1578390896 0.8742482066 -0.0053558932 -0.4854496717
-38.8 271.5 2661.5 -0.4763576686 0.1834609509 -0.8598985076 0.0936665758 0.9830124378 0.1578390896 0.8742482066 -0.0053558932 -0.4854496717
-71.2 78.5 2666.7 -0.4746429324 0.1655361205 -0.8644720316 0.1033401713 0.9858431816 0.1320378035 0.8740909100 -0.0266638771 -0.4850300550
28.8 256.7 2537.0 -0.3518000245 0.6172059178 -0.7037709951 0.9312513471 0.3069941401 -0.1962792426 0.0949088708 -0.7244387269 -0.6827743649
117.9 20.9 2513.0 -0.7663408518 0.6172059178 -0.1782654375 0.4431702197 0.3069941401 -0.8422319889 -0.4651041329 -0.7244387269 -0.5087894201
-106.4 286.2 2786.0 -0.4939251542 0.6833995581 -0.5375899673 -0.3172478974 0.4340077043 0.8432028890 0.8095626831 0.5870283842 0.0024397478
-242.2 199.0 3008.5 0.1736383438 0.6833995581 -0.7090943456 -0.8776556253 0.4340077043 0.2033664733 0.4467329681 0.5870283842 0.6751498580
-61.8 -122.4 2590.6 -0.8366062045 0.0285430495 0.5470606685 -0.0713474751 0.9844579697 -0.1604742855 -0.5431386828 -0.1732851863 -0.8215671778
-73.0 -507.7 2658.4 -0.8273065090 0.1343130618 0.5454576015 0.1494205743 0.9886308312 -0.0168105047 -0.5415140390 0.0675951466 -0.8379698396
-148.5 -106.5 2748.3 -0.9600542784 0.0535540991 -0.2746410072 0.1664442718 0.8982841372 -0.4066717625 0.2249267250 -0.4361394048 -0.8713153005
-169.3 -456.7 2918.3 -0.9384577274 0.2580832839 -0.2295433134 0.2671503127 0.9636148214 -0.0087844720 0.2189242095 -0.0695664287 -0.9732587934
331.6 -102.7 2642.7 0 0 0 0 0 0 0 0 0
-197.7 -25.7 3122.9 0 0 0 0 0 0 0 0 0
-109.8 -778.5 2639.9 0 0 0 0 0 0 0 0 0
-250.5 -759.8 2940.2 0 0 0 0 0 0 0 0 0
2.5 466.2 2657.9 7 -0.4416497946 0.1812925935 -0.8786799312 0.0933527201 0.9833413363 0.1559649706 0.8923175931 -0.0131452670 -0.4512166679
-33.6 270.7 2660.5 -0.4416497946 0.1812925935 -0.8786799312 0.0933527201 0.9833413363 0.1559649706 0.8923175931 -0.0131452670 -0.4512166679
-64.9 77.6 2667.6 -0.4397134483 0.1604254693 -0.8836943507 0.1045140475 0.9863733053 0.1270610988 0.8920363784 -0.0364880040 -0.4504883289
29.1 255.8 2533.5 -0.4005545080 0.6322721839 -0.6631651521 0.9144067764 0.3220076859 -0.2452982664 0.0584490038 -0.7046580315 -0.7071356177
132.1 20.6 2518.4 -0.7620972991 0.6322721839 -0.1394258589 0.4221833348 0.3220076859 -0.8473914862 -0.4908858538 -0.7046580315 -0.5123359561
-96.2 285.6 2787.5 -0.4598454833 0.7048010826 -0.5401828885 -0.3164964914 0.4382817447 0.8412722945 0.8296819329 0.5578212738 0.0215251669
-222.5 198.7 3015.4 0.1947223693 0.7048010826 -0.6821573377 -0.8756425977 0.4382817447 0.2028772980 0.4419652522 0.5578212738 0.7024970651
-60.7 -123.9 2593.0 -0.8570842743 0.0225440897 0.5146827102 -0.0625064671 0.9871107340 -0.1473273188 -0.5113702416 -0.1584429294 -0.8446279168
-69.6 -510.4 2655.0 -0.8446260691 0.1511481106 0.5135767460 0.1610467434 0.9866170287 -0.0255093835 -0.5105592608 0.0611639731 -0.8576644063
-137.0 -106.8 2753.9 -0.9515016079 0.0025649371 -0.3076331019 0.1349218339 0.9021473527 -0.4097881019 0.2764793038 -0.4314204454 -0.8587406874
-138.0 -459.0 2922.4 -0.9249762297 0.2463981807 -0.2893214524 0.2817319036 0.9555472732 -0.0869282559 0.2550413609 -0.1619176567 -0.9532767534
346.7 -98.3 2656.7 0 0 0 0 0 0 0 0 0
-172.6 -25.5 3128.5 0 0 0 0 0 0 0 0 0
-110.7 -778.8 2638.4 0 0 0 0 0 0 0 0 0
-214.2 -754.3 2972.4 0 0 0 0 0 0 0 0 0
8.6 465.8 2658.1 8 -0.4122211635 0.1882864386 -0.8914157152 0.0908709913 0.9820304513 0.1654043943 0.9065407515 -0.0128206387 -0.4219235182
-28.9 270.3 2660.6 -0.4122211635 0.1882864386 -0.8914157152 0.0908709913 0.9820304513 0.1654043943 0.9065407515 -0.0128206387 -0.4219235182
-61.5 77.3 2667.3 -0.4104233980 0.1665715128 -0.8965526223 0.1008384377 0.9854357243 0.1369234473 0.9063025117 -0.0342103802 -0.4212426841
29.5 256.0 2531.6 -0.4207215905 0.6283420920 -0.6543542743 0.9068375826 0.3113867342 -0.2840491235 0.0252772104 -0.7128986716 -0.7008113861
138.9 20.2 2525.0 -0.7649455667 0.6283420920 -0.1415783614 0.4140845835 0.3113867342 -0.8553199768 -0.4933479428 -0.7128986716 -0.4983806908
-87.3 284.7 2789.7 -0.4356631637 0.7253832817 -0.5329322219 -0.3196938634 0.4287733436 0.8449552059 0.8414234519 0.5384910107 0.0450998247
-207.0 196.8 3020.8 0.2018714100 0.7253832817 -0.6580783129 -0.8804125190 0.4287733436 0.2025516927 0.4290940464 0.5384910107 0.7251936197
-56.6 -125.0 2594.2 -0.8734025359 0.0262259711 0.4862922728 -0.0560818501 0.9864893556 -0.1539273262 -0.4837590456 -0.1617126912 -0.8601315022
-66.9 -511.4 2657.5 -0.8589174151 0.1629263759 0.4855057597 0.1740031689 0.9844870567 -0.0225425623 -0.4816468954 0.0651173368 -0.8739427924
-131.7 -106.9 2755.2 -0.9383607507 -0.0777324587 -0.3368037045 0.0766176209 0.9033730030 -0.4219560921 0.3370590806 -0.4217521250 -0.8417341113
-100.0 -475.3 2927.2 -0.9385637641 0.0203104839 -0.3445076346 0.1258141994 0.9497007728 -0.2867738605 0.3213546276 -0.3124994934 -0.8939101100
355.6 -97.2 2664.8 0 0 0 0 0 0 0 0 0
-155.3 -28.6 3130.7 0 0 0 0 0 0 0 0 0
-111.1 -778.6 2639.8 0 0 0 0 0 0 0 0 0
-107.1 -808.0 3036.7 0 0 0 0 0 0 0 0 0
15.2 466.6 2647.2 9 -0.4482448399 0.1853639185 -0.8744808435 0.1099859253 0.9822674990 0.1518344581 0.8871187568 -0.0281215776 -0.4606837630
-21.6 271.7 2652.8 -0.4482448399 0.1853639185 -0.8744808435 0.1099859253 0.9822674990 0.1518344581 0.8871187568 -0.0281215776 -0.4606837630
-55.1 78.9 2661.1 -0.4470945299 0.1711242199 -0.8779652715 0.1163315848 0.9843174219 0.1326126903 0.8868897557 -0.0428446792 -0.4599901140
42.0 255.1 2526.5 -0.3619377315 0.5957738757 -0.7169759870 0.9321435690 0.2399341017 -0.2711826563 0.0104634464 -0.7664757967 -0.6421879530
134.1 18.0 2523.9 -0.7789761424 0.5957738757 -0.1955752522 0.4050137997 0.2399341017 -0.8822672367 -0.4787065685 -0.7664757967 -0.4281995893
-85.2 288.2 2779.0 -0.4711456001 0.7040387988 -0.5313673019 -0.3052509725 0.4350537360 0.8470832705 0.8275527954 0.5612999201 0.0099348882
-214.6 204.4 3006.2 0.1808141172 0.7040387988 -0.6867573261 -0.8741495013 0.4350537360 0.2158493698 0.4507426620 0.5612999201 0.6940990090
-57.1 -124.7 2592.2 -0.8531740904 0.0209685452 0.5212047100 -0.0708206668 0.9852833748 -0.1555671245 -0.5167962909 -0.1696379036 -0.8391332030
-65.3 -510.6 2658.6 -0.8379234672 0.1660784781 0.5199059248 0.1733285487 0.9842399955 -0.0350544453 -0.5175340176 0.0607416034 -0.8535039425
-129.3 -103.5 2749.2 -0.9489669800 -0.0902818963 -0.3021769226 0.0574433208 0.8926411271 -0.4470928609 0.3100999594 -0.4416344166 -0.8419008851
-91.6 -476.4 2933.7 -0.9504749775 -0.0460902117 -0.3073647022 0.0811817497 0.9177948236 -0.3886671960 0.3000114858 -0.3943708241 -0.8685992956
354.6 -96.7 2659.4 0 0 0 0 0 0 0 0 0
-168.3 -19.3 3121.6 0 0 0 0 0 0 0 0 0
-110.5 -778.7 2642.1 0 0 0 0 0 0 0 0 0
-74.1 -824.1 3083.1 0 0 0 0 0 0 0 0 0
17.9 463.0 2641.7 0 -0.4597207904 0.1823453605 -0.8691415191 0.1303002983 0.9819508791 0.1370921135 0.8784524202 -0.0502253063 -0.4751829207
-18.2 268.4 2651.7 -0.4597207904 0.1823453605 -0.8691415191 0.1303002983 0.9819508791 0.1370921135 0.8784524202 -0.0502253063 -0.4751829207
-52.5 75.9 2663.6 -0.4586765468 0.1749025583 -0.8712203503 0.1360429972 0.9827013612 0.1256596446 0.8781276345 -0.0608862936 -0.4745363295
47.1 249.0 2526.7 -0.3318482041 0.6235204935 -0.7078834772 0.9431234598 0.2351035029 -0.2350414842 0.0198727008 -0.7456195951 -0.6660754681
127.3 21.1 2521.9 -0.7530863285 0.6235204935 -0.2099599689 0.4367422760 0.2351035029 -0.8683216572 -0.4920540154 -0.7456195951 -0.4493709803
-83.5 287.7 2776.7 -0.4833640456 0.6976779699 -0.5287765861 -0.2864119112 0.4447499216 0.8486257792 0.8272408247 0.5616430640 -0.0151528521
-216.3 209.0 3004.0 0.1719811410 0.6976779699 -0.6954624057 -0.8650169969 0.4447499216 0.2322564274 0.4713470340 0.5616430640 0.6799919009
-48.3 -124.3 2589.5 -0.8455272317 0.0401179343 0.5324230194 -0.0553611256 0.9852114320 -0.1621529907 -0.5310544968 -0.1665803045 -0.8308020830
-64.0 -510.2 2654.7 -0.8290397525 0.1673120260 0.5335726142 0.1658578366 0.9848243594 -0.0511087291 -0.5340264440 0.0461260378 -0.8442085981
-128.4 -104.3 2754.6 -0.9514937997 -0.0979785174 -0.2916501164 0.0530065335 0.8815597892 -0.4690870941 0.3030674756 -0.4617927969 -0.8336051106
-87.0 -476.9 2949.8 -0.9525459409 -0.0771130547 -0.2944651842 0.0643324032 0.8945277333 -0.4423590302 0.2975189388 -0.4403109848 -0.8471179008
338.4 -101.3 2659.8 0 0 0 0 0 0 0 0 0
-172.3 -12.4 3124.6 0 0 0 0 0 0 0 0 0
-109.6 -778.4 2642.1 0 0 0 0 0 0 0 0 0
-56.5 -829.7 3123.5 0 0 0 0 0 0 0 0 0
21.1 462.4 2639.0 1 -0.4884571135 0.1659026295 -0.8566714525 0.1104194596 0.9856191874 0.1279156059 0.8655733466 -0.0321119130 -0.4997515678
-11.9 266.3 2645.4 -0.4884571135 0.1659026295 -0.8566714525 0.1104194596 0.9856191874 0.1279156059 0.8655733466 -0.0321119130 -0.4997515678
-43.3 73.3 2654.6 -0.4867722094 0.1605642587 -0.8586453795 0.1205945536 0.9859017134 0.1159949079 0.8651645780 -0.0470848642 -0.4992727041
57.4 249.2 2522.2 -0.2686850727 0.6272242665 -0.7310253382 0.9632142186 0.1790301800 -0.2004160434 0.0051698009 -0.7579827905 -0.6522540450
123.4 12.6 2520.9 -0.7333998680 0.6272242665 -0.2621342242 0.4633250833 0.1790301800 -0.8679159284 -0.4974479973 -0.7579827905 -0.4219094515
-81.2 283.5 2768.6 -0.5028259754 0.6732788086 -0.5420901179 -0.3017963171 0.4509268403 0.8399904370 0.8099907637 0.5859698057 -0.0235446543
-219.4 200.6 2991.1 0.1721696705 0.6732788086 -0.7190641165 -0.8663330674 0.4509268403 0.2147836387 0.4688546062 0.5859698057 0.6609196067
-45.4 -128.8 2596.2 -0.8273997307 0.0504167229 0.5593459606 -0.0409589373 0.9878931046 -0.1496314555 -0.5601179004 -0.1467152387 -0.8153174520
-65.1 -515.6 2653.7 -0.8108684421 0.1645749062 0.5616115332 0.1600455940 0.9854223132 -0.0576908924 -0.5629190207 0.0431037247 -0.8253873587
-118.8 -108.9 2741.9 -0.9600175023 -0.1069801077 -0.2586921751 0.0279293507 0.8828853965 -0.4687572718 0.2785432339 -0.4572402835 -0.8445975184
-73.3 -484.3 2936.4 -0.9606732130 -0.0969154909 -0.2602197528 0.0337584950 0.8894031048 -0.4558755457 0.2756216526 -0.4467320442 -0.8511540294
327.5 -116.3 2659.4 0 0 0 0 0 0 0 0 0
-175.3 -21.3 3111.2 0 0 0 0 0 0 0 0 0
-109.0 -778.3 2642.2 0 0 0 0 0 0 0 0 0
-34.2 -842.6 3116.3 0 0 0 0 0 0 0 0 0
23.8 463.1 2637.6 2 -0.4958364964 0.1601139754 -0.8535277843 0.1028477401 0.9867658615 0.1253612936 0.8623042107 -0.0256246980 -0.5057418942
-8.2 266.2 2642.8 -0.4958364964 0.1601139754 -0.8535277843 0.1028477401 0.9867658615 0.1253612936 0.8623042107 -0.0256246980 -0.5057418942
-39.0 73.0 2651.1 -0.4937639236 0.1573891938 -0.8552343845 0.1157295033 0.9866296649 0.1147542670 0.8618606925 -0.0423143320 -0.5053766966
62.2 249.8 2520.0 -0.2190504521 0.6535035968 -0.7245342731 0.9756442308 0.1555530578 -0.1546660066 0.0116287246 -0.7407673597 -0.6716609597
115.2 13.8 2517.2 -0.6894414425 0.6535035968 -0.3124155700 0.5262606144 0.1555530578 -0.8359742761 -0.4977150261 -0.7407673597 -0.4511579275
-78.5 282.7 2765.5 -0.5079245567 0.6671949029 -0.5448518991 -0.3063442707 0.4512565136 0.8381651044 0.8050874472 0.5926368833 -0.0248129293
-218.1 198.5 2986.8 0.1717555076 0.6671949029 -0.7248110175 -0.8673702478 0.4512565136 0.2098484188 0.4670854807 0.5926368833 0.6562108397
-30.8 -130.6 2585.8 -0.8217591047 0.0853501856 0.5634068847 -0.0240297336 0.9826493859 -0.1839096397 -0.5693281889 -0.1646679491 -0.8054501414
-64.2 -515.2 2650.2 -0.8046965003 0.1677044928 0.5695074797 0.1568477601 0.9852439165 -0.0685065538 -0.5725926161 0.0341989845 -0.8191264272
-114.4 -109.8 2737.2 -0.9617742300 -0.1107554361 -0.2504466772 0.0200398602 0.8836427927 -0.4677326083 0.2731093168 -0.4548720717 -0.8476454020
-67.2 -486.6 2931.2 -0.9621257186 -0.1058076695 -0.2512346804 0.0229427889 0.8869048357 -0.4613820910 0.2716390193 -0.4496715963 -0.8508864045
303.9 -130.3 2653.4 0 0 0 0 0 0 0 0 0
-174.1 -23.6 3106.4 0 0 0 0 0 0 0 0 0
-108.9 -778.1 2641.1 0 0 0 0 0 0 0 0 0
-24.1 -847.7 3114.3 0 0 0 0 0 0 0 0 0
26.2 463.7 2637.0 3 -0.4020330906 0.1582996249 -0.9018373489 0.1032278240 0.9864983559 0.1271419078 0.9097875953 -0.0419794545 -0.4129458964
-5.3 267.4 2645.3 -0.4020330906 0.1582996249 -0.9018373489 0.1032278240 0.9864983559 0.1271419078 0.9097875953 -0.0419794545 -0.4129458964
-35.6 74.3 2656.9 -0.3997352123 0.1559974849 -0.9032588601 0.1176490113 0.9859932065 0.1182208285 0.9090492129 -0.0590104870 -0.4124891460
51.4 250.7 2516.5 -0.2058240324 0.6956518888 -0.6882622242 0.9783278704 0.1625237167 -0.1282991320 0.0226074010 -0.6997531652 -0.7140269279
101.5 12.4 2511.0 -0.6268720627 0.6956518888 -0.3508558869 0.6130710840 0.1625237167 -0.7731299400 -0.4808069170 -0.6997531652 -0.5283656120
-61.9 284.2 2774.1 -0.4212142527 0.7284927368 -0.5402563214 -0.3059499562 0.4466311932 0.8407824636 0.8537992835 0.5194409490 0.0347548909
-177.1 200.5 3007.7 0.2156358361 0.7284927368 -0.6502303481 -0.8692065477 0.4466311932 0.2121332735 0.4449506998 0.5194409490 0.7295203805
-25.2 -130.6 2581.5 -0.8755362034 0.1008763984 0.4725043178 -0.0010470783 0.9775624871 -0.2106430233 -0.4831514060 -0.1849203408 -0.8557857275
-64.7 -513.3 2653.9 -0.8606086969 0.1618760377 0.4828548133 0.1646395922 0.9856596589 -0.0369975045 -0.4819195271 0.0476566404 -0.8749185205
-112.2 -110.2 2734.8 -0.8971460462 -0.2866685092 -0.3360805809 -0.0970277861 0.8701248765 -0.4831856191 0.4309461713 -0.4008789062 -0.8084438443
2.9 -459.6 2895.8 -0.9417915344 -0.0974006876 -0.3217791319 0.0917961523 0.8462458849 -0.5248250961 0.3234225810 -0.5238139033 -0.7880461812
271.2 -153.6 2641.2 0 0 0 0 0 0 0 0 0
-122.0 -21.9 3121.5 0 0 0 0 0 0 0 0 0
-108.2 -778.7 2641.0 0 0 0 0 0 0 0 0 0
42.3 -802.2 3107.8 0 0 0 0 0 0 0 0 0
26.6 460.5 2627.1 4 -0.3631476462 0.1578088701 -0.9182701707 0.1300846338 0.9844868183 0.1177440286 0.9226059914 -0.0766943693 -0.3780425787
-4.7 265.0 2642.3 -0.3631476462 0.1578088701 -0.9182701707 0.1300846338 0.9844868183 0.1177440286 0.9226059914 -0.0766943693 -0.3780425787
-35.6 72.5 2660.4 -0.3608350754 0.1587211043 -0.9190242887 0.1444592625 0.9830309153 0.1130566224 0.9213737249 -0.0919667780 -0.3776407540
46.5 244.4 2511.6 -0.1786740124 0.7075220942 -0.6837309599 0.9839057326 0.1268835366 -0.1258177161 -0.0022646161 -0.6952071786 -0.7188058496
89.3 8.6 2512.1 -0.5576409698 0.7075220942 -0.4341071546 0.7045388222 0.1268835366 -0.6982303262 -0.4389323592 -0.6952071786 -0.5692322850
-55.9 285.6 2773.1 -0.3868382871 0.7515665293 -0.5343256593 -0.2794741690 0.4566329718 0.8446185589 0.8787777424 0.4760610163 0.0334002972
-161.9 209.0 3013.9 0.2302519381 0.7515665293 -0.6181681156 -0.8578830957 0.4566329718 0.2356330007 0.4593698084 0.4760610163 0.7498968244
-30.1 -129.4 2586.7 -0.8938944936 0.0828348249 0.4405576289 0.0028023175 0.9837923646 -0.1792893559 -0.4482686520 -0.1590311825 -0.8796387315
-62.5 -514.4 2648.9 -0.8779839277 0.1702234745 0.4474016130 0.1620051414 0.9851480126 -0.0569005795 -0.4504426122 0.0225235671 -0.8925212026
-100.9 -108.4 2748.9 -0.8659958243 -0.3356483877 -0.3706635237 -0.1145766228 0.8547194004 -0.5062874556 0.4867478609 -0.3959734440 -0.7786408663
32.1 -446.9 2905.7 -0.9140133262 -0.1646874845 -0.3707529008 0.0501312129 0.8610402346 -0.5060598254 0.4025748670 -0.4811317027 -0.7787462473
238.0 -179.2 2629.1 0 0 0 0 0 0 0 0 0
-103.0 -10.5 3131.4 0 0 0 0 0 0 0 0 0
-108.4 -779.8 2642.9 0 0 0 0 0 0 0 0 0
94.1 -771.3 3087.0 0 0 0 0 0 0 0 0 0
28.0 456.4 2622.2 5 -0.2645116746 0.1467383653 -0.9531534314 0.1203455999 0.9856528640 0.1183442995 0.9568440318 -0.0834043697 -0.2783759832
-1.0 261.3 2638.7 -0.2645116746 0.1467383653 -0.9531534314 0.1203455999 0.9856528640 0.1183442995 0.9568440318 -0.0834043697 -0.2783759832
-29.3 68.5 2657.9 -0.2624299824 0.1454140246 -0.9539314508 0.1343831569 0.9844542146 0.1130975112 0.9555478096 -0.0985121429 -0.2778915167
36.0 242.1 2503.6 -0.1580610573 0.6441245079 -0.7484118342 0.9854719043 0.0552021042 -0.1606170535 -0.0621434711 -0.7629261613 -0.6434919238
74.3 3.6 2518.6 -0.4481125474 0.6660498977 -0.5962991714 0.8083466887 0.0170130394 -0.5884609222 -0.3817994595 -0.7457131743 -0.5460229516
-38.1 280.4 2773.9 -0.2915436924 0.7970163822 -0.5289301872 -0.2902243137 0.4531840682 0.8428487778 0.9114670157 0.3992356658 0.0991905704
-117.7 201.2 3022.8 0.2783788741 0.7970163822 -0.5359758139 -0.8622807860 0.4531840682 0.2260444313 0.4230568111 0.3992356658 0.8134087920
-34.0 -133.0 2595.4 -0.9352192879 0.0698709413 0.3471065164 0.0159864035 0.9876686335 -0.1557404995 -0.3537079394 -0.1401025355 -0.9248037338
-61.3 -519.6 2650.3 -0.9181056619 0.1808146089 0.3526869416 0.1759412438 0.9833196998 -0.0461199544 -0.3551431596 0.0197091885 -0.9346041083
-98.4 -107.0 2760.7 -0.8104891777 -0.3795664310 -0.4461351633 -0.1207616702 0.8535574675 -0.5068098903 0.5731700063 -0.3568879366 -0.7376362085
50.9 -442.6 2901.0 -0.8614703417 -0.2446380109 -0.4449955523 0.0187963396 0.8603447676 -0.5093658566 0.5074598789 -0.4471678436 -0.7365632653
190.9 -206.8 2618.0 0 0 0 0 0 0 0 0 0
-46.6 -19.2 3130.9 0 0 0 0 0 0 0 0 0
-109.3 -780.4 2645.0 0 0 0 0 0 0 0 0 0
140.4 -757.5 3064.7 0 0 0 0 0 0 0 0 0
30.6 459.0 2619.7 6 0.0361804739 0.1007700413 -0.9942516685 0.0514016487 0.9933984876 0.1025540531 0.9980224371 -0.0548166297 0.0307618827
10.8 263.3 2630.5 0.0361804739 0.1007700413 -0.9942516685 0.0514016487 0.9933984876 0.1025540531 0.9980224371 -0.0548166297 0.0307618827
-8.3 69.2 2643.0 0.0378320068 0.0926145464 -0.9949830770 0.0683668330 0.9931229353 0.0950408950 0.9969426990 -0.0716194287 0.0312400721
5.3 253.0 2495.9 -0.1757422984 0.3889226019 -0.9043527246 0.9843584299 0.0809743181 -0.1564662308 0.0123760849 -0.9177049398 -0.3970698714
48.0 13.8 2492.9 -0.4569396079 0.4228299856 -0.7825732827 0.8677842617 0.0187017843 -0.4965890646 -0.1953372359 -0.9060160518 -0.3754708171
16.3 273.7 2765.2 0.0018952704 0.8836605549 -0.4681243896 -0.3649785817 0.4364431798 0.8223794699 0.9310140014 0.1692967564 0.3233443499
16.8 178.2 3008.7 0.3897522390 0.8836605549 -0.2593014538 -0.8862376809 0.4364431798 0.1552421004 0.2503516674 0.1692967564 0.9532380104
-34.1 -136.4 2591.3 -0.9965722561 0.0650585592 0.0510994494 0.0581298321 0.9901965261 -0.1270108074 -0.0588616394 -0.1236050427 -0.9905841947
-59.6 -524.1 2639.7 -0.9796230197 0.1929755658 0.0556698069 0.1899677366 0.9802439809 -0.0550814606 -0.0651993677 -0.0433836021 -0.9969287515
-55.1 -114.1 2750.4 -0.6670836806 -0.3956473470 -0.6312388778 -0.0441809371 0.8668389916 -0.4966268241 0.7436715961 -0.3034029305 -0.5957341790
95.5 -444.0 2865.9 -0.6807304621 -0.3071882129 -0.6650123596 -0.0055765514 0.9099714160 -0.4146334231 0.7325127721 -0.2785451114 -0.6211583018
164.8 -208.1 2542.8 0 0 0 0 0 0 0 0 0
114.4 -43.7 3071.3 0 0 0 0 0 0 0 0 0
-110.5 -782.8 2651.1 0 0 0 0 0 0 0 0 0
203.6 -764.5 2964.0 0 0 0 0 0 0 0 0 0
35.0 460.6 2618.0 7 0.2543617785 0.1011875346 -0.9618009925 0.0176492371 0.9938600063 0.1092279330 0.9669480920 -0.0447584651 0.2510141134
15.1 264.9 2626.8 0.2543617785 0.1011875346 -0.9618009925 0.0176492371 0.9938600063 0.1092279330 0.9669480920 -0.0447584651 0.2510141134
-3.0 70.3 2636.6 0.2555293441 0.0880208611 -0.9627860785 0.0299197994 0.9946499467 0.0988748521 0.9663382173 -0.0540717915 0.2515286803
-20.5 260.3 2496.2 -0.1570616066 0.1838782430 -0.9703197479 0.9856423736 0.0908409134 -0.1423272192 0.0619738549 -0.9787424207 -0.1955058128
17.8 20.0 2481.1 -0.4354366064 0.2139039785 -0.8744369745 0.8976634741 0.0300266631 -0.4396574199 -0.0677880496 -0.9763931036 -0.2050885111
50.7 269.5 2757.4 0.0099070603 0.7050725222 -0.7090659738 -0.6491125226 0.5439229012 0.5317901373 0.7606278658 0.4549951553 0.4630601108
53.1 113.6 2940.0 0.4486040175 0.7050725222 -0.5492058992 -0.8390353322 0.5439229012 0.0129468478 0.3078541458 0.4549951553 0.8355867863
-30.9 -131.5 2570.1 -0.9828588367 0.0695591941 -0.1707337052 0.0927981436 0.9868773818 -0.1321419328 0.1593015641 -0.1457206309 -0.9764161706
-58.1 -517.9 2627.1 -0.9673568010 0.1909521073 -0.1666076630 0.2058523297 0.9755381942 -0.0771368295 0.1478026956 -0.1089154109 -0.9830014110
-10.9 -119.4 2734.7 -0.5369073749 -0.3485437632 -0.7682757974 0.0385115854 0.8995913267 -0.4350314140 0.8427617550 -0.2631590962 -0.4695742130
123.4 -466.0 2836.1 -0.5101348162 -0.3518458307 -0.7848356366 -0.0360112339 0.9204366207 -0.3892295361 0.8593402505 -0.1702966392 -0.4822171628
129.4 -209.9 2498.5 0 0 0 0 0 0 0 0 0
166.2 -97.9 3017.6 0 0 0 0 0 0 0 0 0
-111.5 -790.8 2657.6 0 0 0 0 0 0 0 0 0
241.9 -775.9 2893.4 0 0 0 0 0 0 0 0 0
38.3 461.0 2617.6 8 0.3703142107 0.0975592434 -0.9237692356 0.0013073186 0.9944137931 0.1055440828 0.9289056063 -0.0402921364 0.3681180179
19.0 264.4 2625.6 0.3703142107 0.0975592434 -0.9237692356 0.0013073186 0.9944137931 0.1055440828 0.9289056063 -0.0402921364 0.3681180179
2.0 69.6 2633.9 0.3711477518 0.0840016976 -0.9247664809 0.0104425717 0.9954592586 0.0946141556 0.9285151362 -0.0447727703 0.3685852587
-33.1 262.7 2497.9 -0.0940901414 0.0621277243 -0.9936232567 0.9884815216 0.1246645302 -0.0858084187 0.1185384914 -0.9902519584 -0.0731418058
-8.5 4.9 2466.9 -0.3680624962 0.0673447251 -0.9273589849 0.9264183044 0.1115614325 -0.3595875502 0.0792411715 -0.9914730191 -0.1034509614
71.1 266.1 2753.4 0.0600376651 0.7654879689 -0.6406431198 -0.7498593926 0.4582127035 0.4772337079 0.6588674784 0.4517402649 0.6015183330
85.6 85.3 2912.2 0.4489808679 0.7188037634 -0.5307893157 -0.8289656043 0.5567992330 0.0528263450 0.3335148394 0.4162880778 0.8458558321
-43.6 -127.1 2563.5 -0.9566035271 0.0324477963 -0.2895805240 0.0747657716 0.9878432155 -0.1362932175 0.2816377580 -0.1520292759 -0.9474002719
-56.3 -513.7 2623.0 -0.9378149509 0.1948252022 -0.2873086035 0.2263923585 0.9706830978 -0.0807515234 0.2631531954 -0.1407744586 -0.9544280767
8.0 -121.8 2726.0 -0.4483422041 -0.3384941518 -0.8272913694 0.0677680969 0.9099889994 -0.4090569019 0.8912893534 -0.2394614369 -0.3850473762
139.5 -475.2 2819.0 -0.3807364702 -0.3798807859 -0.8430482149 -0.1173168123 0.9241926074 -0.3634622693 0.9172112942 -0.0394796133 -0.3964402378
87.1 -235.9 2446.3 0 0 0 0 0 0 0 0 0
199.6 -125.3 2996.9 0 0 0 0 0 0 0 0 0
-113.5 -798.6 2664.3 0 0 0 0 0 0 0 0 0
263.7 -777.5 2832.0 0 0 0 0 0 0 0 0 0
41.4 458.2 2608.5 9 0.4671178758 0.0897754505 -0.8796256185 -0.0029252828 0.9949836135 0.0999955460 0.8841902018 -0.0441365540 0.4650372565
23.6 261.5 2617.2 0.4671178758 0.0897754505 -0.8796256185 -0.0029252828 0.9949836135 0.0999955460 0.8841902018 -0.0441365540 0.4650372565
8.1 66.4 2625.3 0.4674849212 0.0777174383 -0.8805781603 0.0014376146 0.9960597754 0.0886727422 0.8839998841 -0.0427191034 0.4655312002
-42.2 261.1 2494.2 -0.0446314439 -0.0433803648 -0.9980611801 0.9894552827 0.1358787119 -0.0501525216 0.1377909034 -0.9897753000 0.0368584692
-30.3 -3.6 2457.3 -0.3716767728 -0.0855619013 -0.9244109392 0.8934648037 0.2374780923 -0.3812148869 0.2521448135 -0.9676173329 -0.0118185431
89.5 261.8 2740.2 0.0820369720 0.8125672936 -0.5770652890 -0.7582876682 0.4266290367 0.4929375648 0.6467377543 0.3971424103 0.6511591077
109.9 73.2 2901.1 0.4403849542 0.7555412650 -0.4849932492 -0.8235228062 0.5550933480 0.1169684082 0.3575909734 0.3478918672 0.8666602373
-48.0 -126.3 2561.2 -0.9213047624 0.0188610833 -0.3883835673 0.0771187916 0.9878447056 -0.1349647492 0.3811170757 -0.1542953402 -0.9115605950
-55.4 -513.1 2621.6 -0.9022658467 0.1918089092 -0.3861679435 0.2347201854 0.9697697163 -0.0667314008 0.3616943061 -0.1508508772 -0.9200115204
21.3 -124.4 2721.7 -0.3474216163 -0.3370951712 -0.8750228882 0.0469220728 0.9257311225 -0.3752601743 0.9365343451 -0.1714313924 -0.3058018088
152.5 -484.6 2788.4 -0.2719935179 -0.3950916529 -0.8774520755 -0.1449894160 0.9182451963 -0.3685156703 0.9513136148 0.0269873850 -0.3070408404
68.3 -240.6 2390.4 0 0 0 0 0 0 0 0 0
222.2 -136.8 2992.3 0 0 0 0 0 0 0 0 0
-112.1 -799.6 2666.2 0 0 0 0 0 0 0 0 0
281.3 -784.1 2779.6 0 0 0 0 0 0 0 0 0
44.5 458.3 2603.9 0 0.5675903559 0.0830089301 -0.8191158175 0.0047068526 0.9945609570 0.1040500030 0.8232976794 -0.0629132316 0.5641124845
28.1 262.1 2616.3 0.5675903559 0.0830089301 -0.8191158175 0.0047068526 0.9945609570 0.1040500030 0.8232976794 -0.0629132316 0.5641124845
13.9 67.4 2630.2 0.5686023235 0.0734208152 -0.8193294406 0.0175757855 0.9946972728 0.1013330072 0.8224247694 -0.0720185414 0.5642967820
-52.0 259.6 2501.4 -0.0433700122 -0.1625314504 -0.9857497215 0.9782618880 0.1933656782 -0.0749229044 0.2027875036 -0.9675707817 0.1506120563
-40.1 -8.1 2445.9 -0.3799904883 -0.2135342211 -0.9000057578 0.8489321470 0.3058691025 -0.4309968650 0.3673165143 -0.9278185368 0.0650487170
108.2 264.6 2731.1 0.0873570889 0.8628810644 -0.4978001416 -0.7640028596 0.3787091970 0.5223782063 0.6392717957 0.3346872628 0.6923265457
130.7 68.1 2895.6 0.4099980593 0.8058916330 -0.4271302521 -0.8296496272 0.5240734816 0.1924277246 0.3789235353 0.2754734755 0.8834768534
-49.2 -128.8 2555.3 -0.8696387410 0.0229550954 -0.4931546450 0.0974162519 0.9872570634 -0.1258314550 0.4839819372 -0.1574691832 -0.8607931733
-58.2 -515.4 2617.0 -0.8539655209 0.1722465456 -0.4909928441 0.2348750085 0.9696192145 -0.0683545768 0.4643022418 -0.1736944020 -0.8684777617
36.0 -128.5 2710.6 -0.2312268615 -0.3293869793 -0.9154443145 0.0586711727 0.9345105290 -0.3510666192 0.9711291790 -0.1348862350 -0.1967584193
164.5 -493.0 2763.2 -0.1426379383 -0.3903006911 -0.9095712304 -0.1633989513 0.9156441689 -0.3672825992 0.9761942625 0.0962345600 -0.1943803281
63.1 -238.7 2346.1 0 0 0 0 0 0 0 0 0
235.4 -143.8 2992.4 0 0 0 0 0 0 0 0 0
-109.1 -802.2 2668.4 0 0 0 0 0 0 0 0 0
290.4 -788.5 2732.1 0 0 0 0 0 0 0 0 0
50.0 459.1 2601.6 1 0.5782014132 0.0654260069 -0.8132665753 0.0503238402 0.9920219779 0.1155849174 0.8143405914 -0.1077580601 0.5702960491
37.1 263.0 2622.9 0.5782014132 0.0654260069 -0.8132665753 0.0503238402 0.9920219779 0.1155849174 0.8143405914 -0.1077580601 0.5702960491
25.1 69.3 2646.4 0.5790177584 0.0622294582 -0.8129366040 0.0630030036 0.9906864762 0.1207102016 0.8128770590 -0.1211107969 0.5697044134
-44.9 254.1 2508.4 0.0078150546 -0.1794354171 -0.9837387204 0.9668368101 0.2524954975 -0.0383747779 0.2552753985 -0.9508149028 0.1754580289
-47.0 -10.1 2438.6 -0.4002293348 -0.2580161989 -0.8793430328 0.7819135785 0.4042899311 -0.4745111763 0.4779410958 -0.8774834871 0.0399376787
119.1 271.9 2737.4 0.1212816834 0.8677027225 -0.4820609391 -0.8013564944 0.3721799552 0.4683053195 0.5857632160 0.3295058012 0.7404778004
151.4 58.3 2893.6 0.3990307450 0.8098576069 -0.4300059378 -0.8192672133 0.5255005360 0.2294568419 0.4117957056 0.2607294321 0.8731806278
-51.1 -128.9 2571.2 -0.8648556471 0.0166521929 -0.5017443895 0.0681477264 0.9940925837 -0.0844735503 0.4973737001 -0.1072501615 -0.8608813882
-57.6 -517.8 2613.1 -0.8487879038 0.1671324074 -0.5016232133 0.2367293388 0.9684480429 -0.0778950080 0.4727772474 -0.1848652661 -0.8615721464
51.3 -125.9 2716.5 -0.1954826415 -0.3042576313 -0.9323163629 0.0347405858 0.9479122162 -0.3166314960 0.9800916314 -0.0942851752 -0.1747302860
170.1 -496.0 2753.3 -0.0819147602 -0.3918474615 -0.9163762927 -0.2457157224 0.8990240693 -0.3624630570 0.9658746123 0.1954769939 -0.1699264348
63.1 -225.3 2307.0 0 0 0 0 0 0 0 0 0
253.4 -151.1 2998.8 0 0 0 0 0 0 0 0 0
-106.8 -802.7 2667.5 0 0 0 0 0 0 0 0 0
297.7 -788.6 2689.7 0 0 0 0 0 0 0 0 0
57.7 463.4 2599.9 2 0.5860337615 0.0648106635 -0.8076905608 0.0720458925 0.9886803031 0.1316077709 0.8070773482 -0.1353173852 0.5747306943
44.9 267.7 2626.7 0.5860337615 0.0648106635 -0.8076905608 0.0720458925 0.9886803031 0.1316077709 0.8070773482 -0.1353173852 0.5747306943
32.5 74.6 2655.8 0.5867871642 0.0639305934 -0.8072135448 0.0836067274 0.9867669940 0.1389272511 0.8054133654 -0.1490092129 0.5736771822
-38.5 255.8 2512.6 0.0398841687 -0.6216128469 -0.7823085785 0.9547448158 0.2546531558 -0.1536688507 0.2947398722 -0.7407761216 0.6036382318
-49.3 -4.7 2432.2 -0.3907592595 -0.6216128469 -0.6788995862 0.7188053131 0.2546531558 -0.6468931437 0.5750010014 -0.7407761216 0.3473105133
128.3 279.5 2740.8 0.1455062628 0.8734730482 -0.4646210968 -0.8211753368 0.3685555458 0.4357038140 0.5518142581 0.3181377649 0.7709016800
167.2 60.1 2888.2 0.3953021765 0.8160642982 -0.4216339588 -0.8164166808 0.5225055814 0.2458693385 0.4209513068 0.2470363230 0.8727961183
-39.0 -130.2 2597.4 -0.8609055877 0.0506455265 -0.5062376857 0.0573033839 0.9983538389 0.0024284185 0.5055273771 -0.0269184932 -0.8623905778
-58.7 -519.5 2607.9 -0.8458774090 0.1601564586 -0.5087645054 0.2406213880 0.9658586979 -0.0960123837 0.4760176241 -0.2036343366 -0.8555350900
65.4 -118.9 2742.5 -0.1523717493 -0.2841021717 -0.9466090798 -0.0474351533 0.9587914348 -0.2801229656 0.9871842861 0.0022197228 -0.1595691592
176.0 -492.0 2741.6 -0.0473686680 -0.3774991930 -0.9247975945 -0.3110030293 0.8853914142 -0.3454839885 0.9492277503 0.2712497413 -0.1593432128
57.1 -200.4 2275.6 0 0 0 0 0 0 0 0 0
268.3 -148.7 2995.9 0 0 0 0 0 0 0 0 0
-105.5 -801.7 2667.4 0 0 0 0 0 0 0 0 0
304.4 -793.1 2649.3 0 0 0 0 0 0 0 0 0
60.9 461.0 2600.1 3 0.6408980489 0.0482130162 -0.7661104202 0.0664883777 0.9907882810 0.1179740652 0.7647411227 -0.1265467852 0.6317886710
51.4 265.1 2625.1 0.6408980489 0.0482130162 -0.7661104202 0.0664883777 0.9907882810 0.1179740652 0.7647411227 -0.1265467852 0.6317886710
41.8 71.5 2652.5 0.6414046288 0.0489948578 -0.7656367421 0.0768046528 0.9888447523 0.1276208013 0.7633486390 -0.1406610310 0.6304865479
-39.7 254.1 2517.0 0.0369963832 -0.6492905021 -0.7596400976 0.9344480038 0.2918899953 -0.2039784491 0.3541726172 -0.7022976875 0.6175270677
-49.9 -4.0 2419.1 -0.4244786799 -0.6492905021 -0.6310623884 0.6271302700 0.2918899953 -0.7221549749 0.6530891657 -0.7022976875 0.2832886577
142.4 276.0 2733.3 0.1717819571 0.8902624846 -0.4218099713 -0.7975313663 0.3770270944 0.4709503651 0.5783032179 0.2555059195 0.7747787237
188.7 61.5 2888.9 0.3849186003 0.8452548981 -0.3706505895 -0.8243718147 0.4954506755 0.2737512290 0.4150286317 0.2001819611 0.8875125051
-32.8 -126.0 2612.6 -0.8240475059 0.0612228401 -0.5632029176 0.0383241326 0.9978904128 0.0524016879 0.5652229786 0.0215972140 -0.8246554136
-56.7 -515.5 2604.1 -0.8097860813 0.1541072875 -0.5661249757 0.2484980673 0.9641580582 -0.0929944962 0.5315027833 -0.2159866095 -0.8190571070
73.2 -110.9 2757.2 -0.0652797371 -0.2732676268 -0.9597204328 -0.1195401177 0.9569873810 -0.2643583417 0.9906809330 0.0974678546 -0.0951383263
179.4 -482.9 2719.3 0.0095293727 -0.3611310124 -0.9324663877 -0.3091901243 0.8857476711 -0.3461972773 0.9509525299 0.2916084528 -0.1032175198
63.0 -170.8 2245.5 0 0 0 0 0 0 0 0 0
287.2 -149.6 2995.1 0 0 0 0 0 0 0 0 0
-103.3 -807.1 2669.5 0 0 0 0 0 0 0 0 0
307.4 -796.9 2615.9 0 0 0 0 0 0 0 0 0
68.3 459.2 2599.7 4 0.6930820942 0.0213094633 -0.7205436230 0.0784393623 0.9913982749 0.1047696322 0.7165783048 -0.1291329414 0.6854489446
64.1 261.4 2625.5 0.6930820942 0.0213094633 -0.7205436230 0.0784393623 0.9913982749 0.1047696322 0.7165783048 -0.1291329414 0.6854489446
59.4 67.7 2652.9 0.6932474375 0.0237575490 -0.7203079462 0.0857077688 0.9896461368 0.1151288971 0.7155851722 -0.1415487975 0.6840334535
-34.3 249.1 2524.0 0.0485805199 -0.7348775864 -0.6764575839 0.9268440604 0.2856016457 -0.2437044084 0.3722903132 -0.6151313782 0.6949915886
-47.8 -8.6 2420.5 -0.4401612580 -0.7348775864 -0.5159583092 0.4891785979 0.2856016457 -0.8240970969 0.7529690266 -0.6151313782 0.2337756157
162.4 273.7 2726.9 0.1635710150 0.9109233022 -0.3787654340 -0.7994269729 0.3473606110 0.4901603162 0.5780666471 0.2226192802 0.7850347757
206.6 57.8 2883.0 0.3943549991 0.8541420102 -0.3390067518 -0.8041070104 0.4993112087 0.3226456344 0.4448550642 0.1453607976 0.8837274313
