387.5 374.5 2479.2 22 0.5198649764 0.0466413535 0.8529741764 0.1174084991 0.9851313233 -0.1254251748 -0.8461416364 0.1653505713 0.5066592097
378.2 178.1 2446.2 0.5198649764 0.0466413535 0.8529741764 0.1174084991 0.9851313233 -0.1254251748 -0.8461416364 0.1653505713 0.5066592097
369.3 -18.1 2416.0 0.5193784237 0.0449403748 0.8533618450 0.1069285795 0.9873497486 -0.1170760840 -0.8478280306 0.1520555615 0.5080026984
302.4 162.5 2570.1 0.5250945091 -0.6904198527 -0.4975903630 0.7776980400 0.6267315745 -0.0489216223 0.3456320465 -0.3612865806 0.8660314679
160.9 -47.1 2476.9 -0.4188243151 -0.6904198527 -0.5898361206 0.0609020032 0.6267315745 -0.7768516541 0.9060226679 -0.3612865806 -0.2204424739
454.1 193.7 2322.4 0.1944528520 -0.6785129309 0.7083842754 -0.5312761068 0.5342243314 0.6575332880 -0.8245809674 -0.5042068958 -0.2565962672
503.6 58.5 2112.5 -0.7334094644 -0.6785129309 0.0416022427 -0.5315238833 0.5342243314 -0.6573330164 0.4237840474 -0.5042068958 -0.7524510026
310.8 -225.4 2460.7 0.3753020465 -0.0488350652 0.9256151915 -0.0306428690 0.9974115491 0.0650475398 -0.9263958931 -0.0527759790 0.3728341460
330.2 -621.4 2481.7 0.3710433841 0.0673548430 0.9261696339 -0.1120685264 0.9933242798 -0.0273415539 -0.9218283296 -0.0936495587 0.3761147559
408.2 -205.4 2306.6 -0.2514016926 -0.1797032803 0.9510540962 -0.0701848119 0.9834107161 0.1672644615 -0.9653347731 -0.0246989802 -0.2598435879
479.6 -596.2 2316.4 -0.2535117269 -0.1945965886 0.9475568533 -0.0596270524 0.9808375835 0.1854785681 -0.9654928446 -0.0094790291 -0.2602570355
269.0 -62.8 2243.1 0 0 0 0 0 0 0 0 0
314.6 -78.5 2221.7 0 0 0 0 0 0 0 0 0
304.5 -1000.2 2517.4 0 0 0 0 0 0 0 0 0
553.9 -970.7 2320.0 0 0 0 0 0 0 0 0 0
388.0 374.9 2478.5 23 0.5027673841 0.0470890254 0.8631381989 0.1124114767 0.9864745736 -0.1192960143 -0.8570814729 0.1570047885 0.4906738698
378.6 178.6 2447.2 0.5027673841 0.0470890254 0.8631381989 0.1124114767 0.9864745736 -0.1192960143 -0.8570814729 0.1570047885 0.4906738698
369.5 -17.9 2419.1 0.5021750331 0.0459711701 0.8635432124 0.0998391584 0.9888263941 -0.1107000113 -0.8589833379 0.1418062150 0.4919742346
305.3 164.0 2572.7 0.5499374866 -0.6703618765 -0.4981803894 0.7691308856 0.6389998198 -0.0108137876 0.3255863190 -0.3772190213 0.8670060039
156.7 -43.8 2484.7 -0.4209344685 -0.6703618765 -0.6110884547 0.0911748260 0.6389998198 -0.7637842894 0.9024972916 -0.3772190213 -0.2078569084
452.0 193.2 2321.8 0.1832942069 -0.7074142694 0.6826186776 -0.5405721068 0.5074450970 0.6710300446 -0.8210877180 -0.4920005202 -0.2893966734
498.5 56.0 2113.5 -0.7051507831 -0.7074142694 0.0482431278 -0.5542148948 0.5074450970 -0.6598070264 0.4422761798 -0.4920005202 -0.7498848438
312.8 -224.1 2463.5 0.3560805619 -0.0435829423 0.9334383607 -0.0228644442 0.9982063174 0.0553291515 -0.9341754913 -0.0410441831 0.3544453681
330.1 -620.7 2479.9 0.3511853814 0.0697537214 0.9337040186 -0.1138253808 0.9930053353 -0.0313718356 -0.9293614030 -0.0952618867 0.3566687107
408.0 -204.5 2308.1 -0.2732024789 -0.1761053801 0.9456993937 -0.0645853281 0.9842395782 0.1646242142 -0.9597859979 -0.0161025599 -0.2802705467
478.0 -595.6 2314.5 -0.2724435925 -0.1920754462 0.9428051114 -0.0684738383 0.9812579751 0.1801223904 -0.9597321749 -0.0154842930 -0.2804895937
265.7 -67.4 2251.1 0 0 0 0 0 0 0 0 0
316.8 -86.8 2227.4 0 0 0 0 0 0 0 0 0
303.5 -999.7 2516.2 0 0 0 0 0 0 0 0 0
551.4 -970.5 2320.4 0 0 0 0 0 0 0 0 0
391.3 372.5 2487.6 24 0.4902031124 0.0621134080 0.8693922162 0.1160853356 0.9839187860 -0.1357499361 -0.8638432026 0.1674687266 0.4751095772
379.0 176.6 2454.3 0.4902031124 0.0621134080 0.8693922162 0.1160853356 0.9839187860 -0.1357499361 -0.8638432026 0.1674687266 0.4751095772
368.4 -19.4 2423.5 0.4898272455 0.0530696325 0.8702027798 0.1096553057 0.9864684939 -0.1218838617 -0.8648959398 0.1551243961 0.4773797691
307.4 160.6 2580.6 0.5678929687 -0.6529080272 -0.5012072921 0.7546055317 0.6561786532 0.0002212354 0.3287370503 -0.3783394396 0.8653272390
153.7 -43.7 2491.6 -0.4181587994 -0.6529080272 -0.6315491796 0.1042172015 0.6561786532 -0.7473742962 0.9023757577 -0.3783394396 -0.2063426226
450.5 192.6 2328.0 0.1820709407 -0.7096989155 0.6805714965 -0.5143707395 0.5211417079 0.6810536385 -0.8380172253 -0.4740661681 -0.2701636255
498.2 57.7 2108.2 -0.7039448023 -0.7096989155 0.0280918255 -0.5513980985 0.5211417079 -0.6514379978 0.4476850331 -0.4740661681 -0.7581816316
314.4 -223.5 2469.7 0.3422192633 -0.0414265282 0.9387064576 -0.0164012853 0.9986120462 0.0500495844 -0.9394769669 -0.0325239263 0.3410648406
330.8 -620.3 2482.6 0.3374141753 0.0711997226 0.9386598468 -0.1006609499 0.9941473007 -0.0392246246 -0.9359589219 -0.0812514499 0.3426063955
406.4 -205.2 2312.1 -0.2842491865 -0.1899614036 0.9397431016 -0.0688130632 0.9816892147 0.1776262075 -0.9562777877 -0.0141764916 -0.2921161950
481.9 -595.3 2317.8 -0.2883634567 -0.1806517094 0.9403252006 -0.0468183421 0.9835268259 0.1745939702 -0.9563757181 0.0063220528 -0.2920710146
262.1 -70.7 2257.6 0 0 0 0 0 0 0 0 0
316.1 -84.9 2224.1 0 0 0 0 0 0 0 0 0
303.6 -1000.0 2513.6 0 0 0 0 0 0 0 0 0
550.9 -971.0 2315.4 0 0 0 0 0 0 0 0 0
390.8 373.0 2491.2 25 0.4673550129 0.0587766804 0.8821136951 0.1274496913 0.9828852415 -0.1330157071 -0.8748347759 0.1745906621 0.4518652558
379.0 177.1 2456.4 0.4673550129 0.0587766804 0.8821136951 0.1274496913 0.9828852415 -0.1330157071 -0.8748347759 0.1745906621 0.4518652558
368.6 -18.7 2424.5 0.4668036401 0.0526110381 0.8827946782 0.1177055985 0.9856515527 -0.1209811866 -0.8764928579 0.1603843272 0.4539131224
310.9 160.0 2584.4 0.5734163523 -0.6258504987 -0.5286821723 0.7424274683 0.6698130369 0.0123272398 0.3464031816 -0.3995767832 0.8487303257
153.3 -44.1 2489.2 -0.4339371622 -0.6258504987 -0.6480815411 0.1266632229 0.6698130369 -0.7316467166 0.8919949532 -0.3995767832 -0.2113845199
447.2 194.3 2328.4 0.1934948564 -0.6908887625 0.6965862513 -0.5043634176 0.5389536619 0.6746454835 -0.8415327072 -0.4818730354 -0.2441742420
497.2 64.0 2110.9 -0.7215910554 -0.6908887625 0.0444861464 -0.5550819635 0.5389536619 -0.6335715652 0.4137515128 -0.4818730354 -0.7724040747
312.9 -225.5 2471.9 0.3179040551 -0.0455163568 0.9470297098 -0.0089086602 0.9986594915 0.0509883091 -0.9480810165 -0.0246461555 0.3170724213
331.0 -622.3 2481.7 0.3136422038 0.0608582757 0.9475889802 -0.1006071493 0.9944565296 -0.0305683818 -0.9441963434 -0.0857466906 0.3180263042
402.8 -205.4 2313.4 -0.3063227832 -0.2032483369 0.9299765825 -0.0748109370 0.9790588021 0.1893335581 -0.9489834905 -0.0115752416 -0.3151132166
483.5 -594.4 2318.0 -0.3143298328 -0.1735185683 0.9333209991 -0.0311670024 0.9845095277 0.1725386679 -0.9488020539 0.0251452345 -0.3148687482
265.9 -76.9 2257.7 0 0 0 0 0 0 0 0 0
311.5 -78.9 2217.4 0 0 0 0 0 0 0 0 0
307.8 -1002.2 2514.5 0 0 0 0 0 0 0 0 0
549.8 -970.5 2308.3 0 0 0 0 0 0 0 0 0
389.9 371.5 2495.0 26 0.4689577818 0.0612883903 0.8810915351 0.1269944608 0.9825443029 -0.1359377503 -0.8740429282 0.1756428182 0.4529885054
377.7 176.2 2460.1 0.4689577818 0.0612883903 0.8810915351 0.1269944608 0.9825443029 -0.1359377503 -0.8740429282 0.1756428182 0.4529885054
366.6 -19.5 2427.4 0.4685038328 0.0558152348 0.8816965818 0.1193679422 0.9848514199 -0.1257734895 -0.8753601909 0.1641716659 0.4547441006
309.2 158.7 2587.9 0.5742617846 -0.6173301935 -0.5377051830 0.7441103458 0.6674523950 0.0284088999 0.3413549364 -0.4164261222 0.8426541686
153.5 -43.1 2495.3 -0.4379324019 -0.6173301935 -0.6535431743 0.1481772959 0.6674523950 -0.7297607660 0.8867123127 -0.4164261222 -0.2008247077
446.1 193.6 2332.2 0.1893817186 -0.6899830103 0.6986114383 -0.4828527570 0.5540753007 0.6781252027 -0.8549782038 -0.4657509923 -0.2282284796
495.4 67.8 2109.5 -0.7229263783 -0.6899830103 0.0360675976 -0.5595762730 0.5540753007 -0.6163399816 0.4052799642 -0.4657509923 -0.7866537571
315.3 -225.4 2473.0 0.3195070922 -0.0343278572 0.9469618797 -0.0126915416 0.9990989566 0.0405000076 -0.9474988580 -0.0249584466 0.3187835217
328.9 -622.4 2482.9 0.3160772920 0.0544147342 0.9471716881 -0.0957573280 0.9950853586 -0.0252125263 -0.9438886046 -0.0827295184 0.3197344840
400.9 -203.8 2312.3 -0.3042420745 -0.2038956136 0.9305177927 -0.0747316331 0.9789225459 0.1900678426 -0.9496588707 -0.0117124766 -0.3130668700
481.9 -592.8 2317.0 -0.3060097694 -0.1783662140 0.9351702929 -0.0650652424 0.9839140177 0.1663722843 -0.9498023987 -0.0099355420 -0.3126927316
267.2 -81.6 2265.1 0 0 0 0 0 0 0 0 0
309.1 -76.4 2213.9 0 0 0 0 0 0 0 0 0
308.2 -1002.6 2514.6 0 0 0 0 0 0 0 0 0
550.0 -968.5 2320.8 0 0 0 0 0 0 0 0 0
389.0 370.2 2495.4 27 0.4595569968 0.0526160374 0.8865883946 0.1301248819 0.9834825397 -0.1258157194 -0.8785641193 0.1731867045 0.4451196194
378.5 174.3 2460.9 0.4595569968 0.0526160374 0.8865883946 0.1301248819 0.9834825397 -0.1258157194 -0.8785641193 0.1731867045 0.4451196194
368.9 -21.5 2428.9 0.4590945840 0.0484630652 0.8870645165 0.1211161241 0.9857736230 -0.1165387183 -0.8800926208 0.1609401107 0.4466936588
311.5 156.7 2589.4 0.5836423039 -0.5865985751 -0.5614835620 0.7314363718 0.6800893545 0.0497926474 0.3526507020 -0.4397505820 0.8259884715
153.8 -40.9 2494.2 -0.4601308703 -0.5865985751 -0.6664695740 0.1669700891 0.6800893545 -0.7138623595 0.8720095158 -0.4397505820 -0.2149856836
445.6 192.0 2332.3 0.1732945442 -0.6903284788 0.7024354935 -0.4610696733 0.5733753443 0.6772410870 -0.8702780008 -0.4412338734 -0.2189267129
490.1 73.5 2108.5 -0.7229019403 -0.6903284788 0.0293153990 -0.5713515878 0.5733753443 -0.5871950984 0.3885487616 -0.4412338734 -0.8089144230
312.5 -226.2 2475.1 0.3100183904 -0.0463395566 0.9496005774 0.0009040539 0.9988253713 0.0484465286 -0.9507301450 -0.0141608240 0.3096961081
330.9 -623.1 2480.7 0.3045222163 0.0634887815 0.9503869414 -0.1220332086 0.9921538830 -0.0271771606 -0.9446555376 -0.1077027172 0.3098806441
398.4 -204.3 2314.5 -0.3155710995 -0.2084084749 0.9257325530 -0.0660545304 0.9780411124 0.1976674050 -0.9466000795 0.0012292946 -0.3224078417
481.2 -593.0 2314.1 -0.3138114512 -0.1818742305 0.9319034815 -0.0756509751 0.9831518531 0.1664011925 -0.9464667439 -0.0182808079 -0.3222832978
273.2 -84.3 2267.8 0 0 0 0 0 0 0 0 0
304.6 -73.2 2208.3 0 0 0 0 0 0 0 0 0
306.7 -1002.1 2521.8 0 0 0 0 0 0 0 0 0
550.7 -968.5 2321.0 0 0 0 0 0 0 0 0 0
388.0 368.0 2496.6 28 0.4402168393 0.0451083928 0.8967577219 0.1351432353 0.9840312004 -0.1158399731 -0.8876628876 0.1721854359 0.4270910025
379.0 172.0 2462.3 0.4402168393 0.0451083928 0.8967577219 0.1351432353 0.9840312004 -0.1158399731 -0.8876628876 0.1721854359 0.4270910025
370.8 -24.1 2431.4 0.4396322668 0.0410026126 0.8972414732 0.1217628792 0.9870145321 -0.1047667414 -0.8898860812 0.1553095430 0.4289308488
314.8 154.2 2592.2 0.5952024460 -0.5826811194 -0.5533685684 0.7197110057 0.6928411126 0.0445785001 0.3574214578 -0.4247987270 0.8317427039
153.9 -40.3 2495.6 -0.4724074900 -0.5826811194 -0.6612971425 0.1365739107 0.6928411126 -0.7080386877 0.8707345724 -0.4247987270 -0.2477242798
443.2 189.8 2332.3 0.1691354066 -0.6996777654 0.6941500306 -0.4401229918 0.5765553713 0.6883862615 -0.8818644881 -0.4219418764 -0.2104283273
486.2 77.9 2108.1 -0.7141634822 -0.6996777654 0.0205314849 -0.5813657641 0.5765553713 -0.5741060376 0.3898516595 -0.4219418764 -0.8185235262
317.2 -228.5 2477.6 0.2900944650 -0.0367501676 0.9562921524 0.0073500355 0.9993184805 0.0361740068 -0.9569697976 -0.0034650983 0.2901668847
331.8 -625.6 2479.0 0.2837864161 0.0644949228 0.9567160606 -0.1357493401 0.9903888106 -0.0264981724 -0.9492298961 -0.1223537624 0.2898140252
401.4 -206.3 2316.2 -0.3352338374 -0.1987843961 0.9209250808 -0.0689978898 0.9800426960 0.1864285916 -0.9396049976 -0.0010447151 -0.3422591686
480.3 -595.8 2316.6 -0.3393657506 -0.1841477752 0.9224535227 -0.0473963358 0.9827525616 0.1787483096 -0.9394596815 0.0169401355 -0.3422404826
276.6 -75.7 2269.6 0 0 0 0 0 0 0 0 0
302.4 -71.8 2208.4 0 0 0 0 0 0 0 0 0
307.1 -1004.0 2525.7 0 0 0 0 0 0 0 0 0
550.7 -971.0 2310.2 0 0 0 0 0 0 0 0 0
388.0 366.7 2496.2 29 0.4604984522 0.0474404432 0.8863918781 0.1295470893 0.9842874408 -0.1199822202 -0.8781564236 0.1700811237 0.4471170902
378.5 170.8 2462.3 0.4604984522 0.0474404432 0.8863918781 0.1295470893 0.9842874408 -0.1199822202 -0.8781564236 0.1700811237 0.4471170902
370.0 -25.4 2431.5 0.4599792063 0.0428365432 0.8868957758 0.1182091758 0.9869904518 -0.1089790091 -0.8800259829 0.1549673080 0.4489314258
311.4 153.5 2590.8 0.5822731853 -0.5757825971 -0.5739619136 0.7193312049 0.6938495040 0.0336969607 0.3788410723 -0.4324895442 0.8181883693
151.0 -44.7 2486.5 -0.5062550902 -0.5757825971 -0.6420125961 0.1128114164 0.6938495040 -0.7112287879 0.8549733162 -0.4324895442 -0.2863099873
445.7 188.0 2333.8 0.1474168301 -0.7265623808 0.6711001396 -0.4201844633 0.5682364702 0.7074972391 -0.8953844309 -0.3862828314 -0.2215225995
483.0 81.7 2107.3 -0.6870951653 -0.7265623808 -0.0027179141 -0.5986431241 0.5682364702 -0.5645650625 0.4117361307 -0.3862828314 -0.8253840804
322.4 -231.4 2482.1 0.3111346066 -0.0251007378 0.9500343204 0.0124701206 0.9996728897 0.0223282911 -0.9502840638 0.0048999381 0.3113458455
332.4 -628.6 2480.1 0.3046551943 0.0703982413 0.9498575330 -0.1147173867 0.9927170277 -0.0367805511 -0.9455290437 -0.0977597833 0.3105123043
403.0 -209.1 2318.9 -0.3153667152 -0.2011330277 0.9274100065 -0.0646745637 0.9795639515 0.1904513091 -0.9467634559 0.0000821687 -0.3219300508
482.9 -598.4 2318.9 -0.3228441179 -0.1774419695 0.9296698570 -0.0247279052 0.9835142493 0.1791318208 -0.9461290836 0.0348428637 -0.3219095469
282.3 -73.9 2264.6 0 0 0 0 0 0 0 0 0
308.4 -70.4 2212.0 0 0 0 0 0 0 0 0 0
305.5 -1007.8 2517.5 0 0 0 0 0 0 0 0 0
550.7 -974.0 2305.6 0 0 0 0 0 0 0 0 0
387.1 367.7 2496.5 30 0.4354526699 0.0362802930 0.8994802237 0.1331769675 0.9855965972 -0.1042268500 -0.8903060555 0.1651759148 0.4243489504
379.9 170.7 2463.4 0.4354526699 0.0362802930 0.8994802237 0.1331769675 0.9855965972 -0.1042268500 -0.8903060555 0.1651759148 0.4243489504
372.7 -25.6 2433.4 0.4349819422 0.0360902958 0.8997156024 0.1203405932 0.9879026413 -0.0978083313 -0.8923614025 0.1508171707 0.4253766835
316.4 153.1 2593.7 0.5873001814 -0.5456843972 -0.5977516174 0.6982256174 0.7151075602 0.0331994444 0.4093402922 -0.4368635416 0.8009936213
150.6 -44.0 2478.2 -0.5369647145 -0.5456843972 -0.6433485746 0.1018465385 0.7151075602 -0.6915551424 0.8374342918 -0.4368635416 -0.3284114599
443.4 188.2 2333.1 0.1702823043 -0.7019124627 0.6916088462 -0.4044658542 0.5902236104 0.6986010671 -0.8985607028 -0.3986915648 -0.1833949983
485.3 88.7 2112.0 -0.7121151686 -0.7019124627 0.0145204924 -0.5929368734 0.5902236104 -0.5477791429 0.3759226799 -0.3986915648 -0.8364969492
319.3 -232.3 2481.4 0.2855545580 -0.0279389210 0.9579551220 0.0106464233 0.9996057749 0.0259801019 -0.9583033323 0.0027800596 0.2857394218
330.4 -629.6 2480.3 0.2788748443 0.0739337578 0.9574772120 -0.1049574688 0.9934058785 -0.0461381562 -0.9545746446 -0.0876276121 0.2847957909
403.7 -210.7 2320.0 -0.3416776359 -0.2027073950 0.9176960588 -0.0624035932 0.9792007208 0.1930588186 -0.9377431273 0.0086963503 -0.3472206891
484.2 -599.8 2316.6 -0.3423133492 -0.1633677036 0.9252743125 -0.0585806146 0.9865632057 0.1525165439 -0.9377579093 -0.0019946892 -0.3472839594
289.9 -70.5 2260.8 0 0 0 0 0 0 0 0 0
309.3 -57.9 2204.9 0 0 0 0 0 0 0 0 0
302.2 -1009.1 2513.7 0 0 0 0 0 0 0 0 0
546.6 -976.4 2317.3 0 0 0 0 0 0 0 0 0
388.8 365.3 2497.1 31 0.4704773426 0.0435148999 0.8813384771 0.1259729266 0.9852409959 -0.1158919930 -0.8733738661 0.1655493379 0.4580518901
380.1 168.2 2464.0 0.4704773426 0.0435148999 0.8813384771 0.1259729266 0.9852409959 -0.1158919930 -0.8733738661 0.1655493379 0.4580518901
372.6 -28.0 2433.5 0.4701395035 0.0377705358 0.8817835450 0.1177737638 0.9874640703 -0.1050905809 -0.8746989369 0.1532582045 0.4597975016
311.5 151.0 2591.6 0.5776894689 -0.5654402375 -0.5886868238 0.6967266798 0.7173172235 -0.0052801142 0.4252608120 -0.4071035683 0.8083439469
148.4 -45.6 2471.6 -0.5628163218 -0.5654402375 -0.6029221416 0.0252447799 0.7173172235 -0.6962892413 0.8261963725 -0.4071035683 -0.3894434273
448.7 185.4 2336.3 0.1769429594 -0.6729714870 0.7181925774 -0.3602652252 0.6347779632 0.6835685372 -0.9159149528 -0.3796924353 -0.1301287264
490.2 100.8 2121.4 -0.7391428947 -0.6729714870 0.0278783403 -0.5964762568 0.6347779632 -0.4911955297 0.3128640354 -0.3796924353 -0.8706030846
325.7 -232.9 2485.2 0.3224811256 -0.0142508205 0.9464685917 0.0129888467 0.9998591542 0.0106291482 -0.9464867711 0.0088658361 0.3226208091
331.4 -630.3 2481.7 0.3169946373 0.0664164200 0.9460989833 -0.1004002914 0.9942898154 -0.0361598730 -0.9430981874 -0.0835261270 0.3218527734
405.4 -210.9 2321.7 -0.3084233701 -0.1956603229 0.9309092760 -0.0445604511 0.9805151224 0.1913230568 -0.9502049088 0.0175267644 -0.3111324608
483.2 -600.6 2314.7 -0.3041257560 -0.1803559214 0.9354032874 -0.0685071945 0.9835130572 0.1673584133 -0.9501653910 -0.0131838489 -0.3114673197
294.1 -52.2 2257.8 0 0 0 0 0 0 0 0 0
314.2 -41.2 2195.9 0 0 0 0 0 0 0 0 0
306.0 -1010.2 2513.6 0 0 0 0 0 0 0 0 0
552.1 -976.1 2319.7 0 0 0 0 0 0 0 0 0
390.2 365.4 2496.9 32 0.4794746935 0.0428053550 0.8765110970 0.1288127303 0.9845578671 -0.1185458899 -0.8680502772 0.1697455496 0.4665566981
381.6 169.0 2463.1 0.4794746935 0.0428053550 0.8765110970 0.1288127303 0.9845578671 -0.1185458899 -0.8680502772 0.1697455496 0.4665566981
374.6 -27.2 2432.2 0.4791021645 0.0356990248 0.8770328760 0.1194556355 0.9872247577 -0.1054400727 -0.8695927262 0.1552830935 0.4687170684
311.7 151.5 2590.0 0.6220297813 -0.5905406475 -0.5141406655 0.7053527236 0.7076982856 0.0405060202 0.3399360180 -0.3878464699 0.8567488790
128.2 -56.5 2489.8 -0.5828559995 -0.5905406475 -0.5581582785 -0.0416271053 0.7076982856 -0.7052874565 0.8115085363 -0.3878464699 -0.4370686412
451.6 186.4 2336.1 0.1756463498 -0.6542586088 0.7355909944 -0.3475013077 0.6579024196 0.6681371331 -0.9210815430 -0.3729746938 -0.1117975563
491.9 106.6 2124.7 -0.7562355995 -0.6542586088 0.0073066643 -0.5738971233 0.6579024196 -0.4876540899 0.3142448068 -0.3729746938 -0.8730063438
322.0 -235.0 2483.2 0.3321010768 -0.0220276807 0.9429865479 0.0225556530 0.9996268749 0.0154071180 -0.9429740906 0.0161529575 0.3324739933
330.8 -632.3 2476.8 0.3253059983 0.0681506619 0.9431497455 -0.1433345675 0.9894284606 -0.0220565293 -0.9346824288 -0.1280108541 0.3316353559
408.2 -213.5 2322.9 -0.2984176576 -0.1924146712 0.9348387718 -0.0438315608 0.9811972976 0.1879646480 -0.9534283876 0.0151165305 -0.3012404144
484.7 -603.4 2316.9 -0.2995726466 -0.1685645729 0.9390645623 -0.0371199474 0.9855825901 0.1650729775 -0.9533511400 0.0145933237 -0.3015106916
279.0 -45.8 2279.8 0 0 0 0 0 0 0 0 0
316.3 -26.6 2197.6 0 0 0 0 0 0 0 0 0
304.8 -1010.0 2525.6 0 0 0 0 0 0 0 0 0
549.0 -979.8 2311.3 0 0 0 0 0 0 0 0 0
392.6 365.9 2497.4 33 0.4989069104 0.0424803086 0.8656138182 0.1272200346 0.9843882322 -0.1216339916 -0.8572671413 0.1708074659 0.4857137501
384.2 169.5 2463.3 0.4989069104 0.0424803086 0.8656138182 0.1272200346 0.9843882322 -0.1216339916 -0.8572671413 0.1708074659 0.4857137501
377.0 -26.6 2431.9 0.4985831380 0.0359603614 0.8660956621 0.1190842167 0.9868246913 -0.1095259562 -0.8586232066 0.1577461213 0.4877318740
311.4 152.1 2588.6 0.6661311984 -0.5541374087 -0.4992002845 0.6800308824 0.7261407971 0.1013781726 0.3063122332 -0.4070028067 0.8605356216
117.5 -45.8 2499.5 -0.5861686468 -0.5541374087 -0.5910482407 0.0067751398 0.7261407971 -0.6875126958 0.8101607561 -0.4070028067 -0.4218865931
457.0 186.9 2337.9 0.1345775425 -0.6410522461 0.7556063533 -0.3452948332 0.6844098568 0.6421484351 -0.9287950993 -0.3473257124 -0.1292458326
488.4 106.3 2121.1 -0.7648875713 -0.6410522461 -0.0632380918 -0.5324223042 0.6844098568 -0.4981060028 0.3625927567 -0.3473257124 -0.8648071289
323.6 -234.3 2481.1 0.3530320823 -0.0206574425 0.9353831410 0.0147602167 0.9997547865 0.0165082589 -0.9354947805 0.0079785129 0.3532504141
331.8 -631.6 2477.9 0.3467795551 0.0666567981 0.9355751276 -0.1512643248 0.9883891344 -0.0143521195 -0.9256689548 -0.1365421116 0.3528359532
411.4 -212.5 2321.6 -0.2775285840 -0.1824159920 0.9432403445 -0.0410099998 0.9831628203 0.1780703813 -0.9598416686 0.0107373362 -0.2803366482
483.9 -603.2 2317.4 -0.2796410918 -0.1794969290 0.9431763887 -0.0295412261 0.9835118651 0.1784145683 -0.9596500397 0.0220294576 -0.2803328931
269.3 -47.5 2289.7 0 0 0 0 0 0 0 0 0
307.4 -19.7 2207.0 0 0 0 0 0 0 0 0 0
306.3 -1009.1 2530.0 0 0 0 0 0 0 0 0 0
552.4 -978.8 2309.0 0 0 0 0 0 0 0 0 0
395.0 371.0 2505.6 34 0.4793772101 0.0532590076 0.8759914041 0.1545471847 0.9774348736 -0.1440009624 -0.8638938665 0.2044127882 0.4603289664
384.3 174.9 2464.6 0.4793772101 0.0532590076 0.8759914041 0.1545471847 0.9774348736 -0.1440009624 -0.8638938665 0.2044127882 0.4603289664
376.0 -20.6 2430.4 0.4782680571 0.0415955521 0.8772283196 0.1316093951 0.9842028618 -0.1184218824 -0.8682963848 0.1720888913 0.4652384222
314.4 155.7 2591.3 0.7103836536 -0.5011239052 -0.4941962659 0.6385596395 0.7541800737 0.1531469226 0.2959674001 -0.4243668318 0.8557546735
102.8 -34.6 2503.1 -0.6059829593 -0.5011239052 -0.6177859902 0.0442585349 0.7541800737 -0.6551744342 0.7942454815 -0.4243668318 -0.4348412752
454.1 194.1 2337.8 0.1218618304 -0.6521946192 0.7481924295 -0.3715287447 0.6690353155 0.6437065601 -0.9203891158 -0.3564182520 -0.1607791781
483.3 105.0 2116.9 -0.7515105605 -0.6521946192 -0.0993684754 -0.5090094209 0.6690353155 -0.5415729284 0.4196919501 -0.3564182520 -0.8347602487
324.2 -233.6 2479.3 0.3313271105 -0.0202319566 0.9432989955 -0.0020118423 0.9997526407 0.0221494250 -0.9435138106 -0.0092364736 0.3312044442
332.2 -630.9 2483.0 0.3263306618 0.0610398538 0.9432827830 -0.1233612373 0.9921283722 -0.0215235744 -0.9371714592 -0.1093407348 0.3312918544
415.6 -211.8 2321.9 -0.2967314422 -0.1696189195 0.9397764802 -0.0459736213 0.9854956269 0.1633546799 -0.9538537264 0.0052675395 -0.3002255261
483.0 -603.4 2319.8 -0.3007819653 -0.1919299066 0.9341804385 -0.0256113801 0.9808123708 0.1932643652 -0.9533489943 0.0342047811 -0.2999262512
259.8 -46.0 2297.3 0 0 0 0 0 0 0 0 0
300.6 -18.8 2219.0 0 0 0 0 0 0 0 0 0
308.9 -1009.8 2524.7 0 0 0 0 0 0 0 0 0
556.3 -978.1 2306.7 0 0 0 0 0 0 0 0 0
394.7 369.3 2500.2 35 0.5105550289 0.0509264804 0.8583356142 0.1296979487 0.9822617769 -0.1354261339 -0.8500070572 0.1804668605 0.4948936105
384.5 172.5 2464.0 0.5105550289 0.0509264804 0.8583356142 0.1296979487 0.9822617769 -0.1354261339 -0.8500070572 0.1804668605 0.4948936105
376.1 -23.4 2432.0 0.5100015998 0.0415653177 0.8591685891 0.1179209650 0.9860230088 -0.1177001148 -0.8520522118 0.1613412350 0.4979718924
310.0 155.3 2588.4 0.7055314779 -0.4777172506 -0.5234611034 0.6195308566 0.7744213343 0.1282695383 0.3441028893 -0.4147985280 0.8423392177
104.4 -25.3 2488.1 -0.6240884066 -0.4777172506 -0.6183040738 0.0331534259 0.7744213343 -0.6318009496 0.7806500793 -0.4147985280 -0.4674693942
458.9 189.8 2339.7 0.0845080093 -0.6635524631 0.7433415055 -0.3419048786 0.6814072728 0.6471361518 -0.9359270334 -0.3088402748 -0.1692874581
479.5 106.6 2112.0 -0.7310351133 -0.6635524631 -0.1590152085 -0.5028188825 0.6814072728 -0.5318433046 0.4612600505 -0.3088402748 -0.8317793608
323.8 -228.3 2475.8 0.3649545610 -0.0144325374 0.9309134483 -0.0108449208 0.9997460842 0.0197513271 -0.9309621453 -0.0173040200 0.3647053838
329.6 -625.6 2482.7 0.3608715832 0.0592398979 0.9307321310 -0.1093824804 0.9937812090 -0.0208421610 -0.9261788130 -0.0942844525 0.3651071787
411.5 -204.1 2316.6 -0.2602839768 -0.1839126348 0.9478546381 -0.0688711479 0.9827272892 0.1717667580 -0.9630727172 -0.0205716975 -0.2684544623
484.6 -594.5 2324.8 -0.2739204764 -0.1635701060 0.9477406740 0.0082153836 0.9849972129 0.1723746508 -0.9617172480 0.0550029986 -0.2684671283
266.3 -33.9 2285.6 0 0 0 0 0 0 0 0 0
298.1 -18.2 2226.5 0 0 0 0 0 0 0 0 0
306.9 -1005.2 2518.7 0 0 0 0 0 0 0 0 0
547.0 -970.6 2303.8 0 0 0 0 0 0 0 0 0
396.0 370.8 2505.5 36 0.5250939131 0.0493134297 0.8496143818 0.1346673816 0.9809274077 -0.1401646733 -0.8403220177 0.1880149543 0.5084381104
386.1 174.7 2467.9 0.5250939131 0.0493134297 0.8496143818 0.1346673816 0.9809274077 -0.1401646733 -0.8403220177 0.1880149543 0.5084381104
377.8 -20.9 2433.6 0.5246609449 0.0417378135 0.8502874970 0.1253231764 0.9841287732 -0.1256369948 -0.8420362473 0.1724775583 0.5111032128
309.5 156.4 2590.8 0.6880431771 -0.4895207286 -0.5356920958 0.6050176024 0.7945775390 0.0509921387 0.4006872177 -0.3591879606 0.8428723216
104.9 -23.6 2471.6 -0.6191952825 -0.4895207286 -0.6139761209 -0.0267116074 0.7945775390 -0.6065748334 0.7847825885 -0.3591879606 -0.5050745010
462.7 193.0 2345.0 0.0610140972 -0.6448402405 0.7618781328 -0.3366063237 0.7052935362 0.6239047647 -0.9396666884 -0.2945199907 -0.1740244627
478.1 108.4 2109.0 -0.7449570894 -0.6448402405 -0.1709385812 -0.4937902391 0.7052935362 -0.5086572170 0.4485645592 -0.2945199907 -0.8438292742
321.1 -230.1 2478.0 0.3805050254 -0.0192473382 0.9245785475 0.0033377232 0.9998054504 0.0194397476 -0.9247728586 -0.0043109343 0.3804952502
328.8 -627.4 2479.7 0.3755127788 0.0621902905 0.9247283340 -0.1349691004 0.9907792807 -0.0118242577 -0.9169369936 -0.1203695983 0.3804440498
414.6 -208.5 2321.8 -0.2461830825 -0.1686859727 0.9544312358 -0.0466265604 0.9856592417 0.1621785015 -0.9681011438 -0.0045762411 -0.2505178750
481.6 -600.0 2323.7 -0.2557444870 -0.1843183935 0.9490107894 0.0025803328 0.9815227389 0.1913282722 -0.9667409658 0.0513799191 -0.2505434453
265.4 -16.6 2268.2 0 0 0 0 0 0 0 0 0
290.9 -15.6 2221.6 0 0 0 0 0 0 0 0 0
305.0 -1005.8 2525.7 0 0 0 0 0 0 0 0 0
552.0 -974.9 2304.0 0 0 0 0 0 0 0 0 0
398.2 371.4 2500.6 37 0.5319467783 0.0449872650 0.8455819488 0.1258231252 0.9833028913 -0.1314684153 -0.8373775482 0.1763279587 0.5174043775
389.2 174.7 2465.3 0.5319467783 0.0449872650 0.8455819488 0.1258231252 0.9833028913 -0.1314684153 -0.8373775482 0.1763279587 0.5174043775
381.3 -21.1 2432.3 0.5316997766 0.0395480059 0.8460090756 0.1200710088 0.9852997065 -0.1215215847 -0.8383783698 0.1661941558 0.5191350579
311.6 157.1 2587.8 0.7608035803 -0.4433777034 -0.4739135802 0.5498857498 0.8282422423 0.1078907922 0.3446788788 -0.3426820338 0.8739367723
88.4 -4.2 2486.7 -0.6057111621 -0.4433777034 -0.6607043147 0.0049534934 0.8282422423 -0.5603483319 0.7956691384 -0.3426820338 -0.4994793236
466.9 192.2 2342.9 0.0584576689 -0.6097377539 0.7904445529 -0.3137373030 0.7404586673 0.5943819284 -0.9477086067 -0.2827381194 -0.1480119824
481.4 114.2 2107.4 -0.7752977014 -0.6097377539 -0.1647219509 -0.4830515385 0.7404586673 -0.4673137665 0.4069086313 -0.2827381194 -0.8686106801
321.4 -227.9 2476.5 0.3883083165 -0.0203283746 0.9213052988 -0.0009442668 0.9997473359 0.0224571656 -0.9215290546 -0.0095902625 0.3881910443
329.5 -625.2 2480.3 0.3828868568 0.0657789707 0.9214503765 -0.1395212263 0.9901375175 -0.0127075603 -0.9131984711 -0.1236963347 0.3882881999
417.6 -204.9 2322.2 -0.2414839417 -0.1590089947 0.9572886825 -0.0319195203 0.9872515798 0.1559339762 -0.9698796868 0.0070993537 -0.2434809059
480.8 -597.1 2319.4 -0.2418446988 -0.1898860484 0.9515537024 -0.0300567951 0.9816601872 0.1882547587 -0.9698493481 0.0169277601 -0.2431166768
245.5 -5.5 2280.3 0 0 0 0 0 0 0 0 0
289.4 -5.4 2208.1 0 0 0 0 0 0 0 0 0
304.4 -1003.5 2527.6 0 0 0 0 0 0 0 0 0
553.3 -971.9 2312.9 0 0 0 0 0 0 0 0 0
400.1 372.4 2498.7 38 0.5544515848 0.0467864498 0.8308997750 0.1193481237 0.9836279750 -0.1350261718 -0.8236136436 0.1740318090 0.5397902131
390.7 175.4 2463.8 0.5544515848 0.0467864498 0.8308997750 0.1193481237 0.9836279750 -0.1350261718 -0.8236136436 0.1740318090 0.5397902131
382.8 -20.5 2431.5 0.5542076230 0.0396224670 0.8314349055 0.1137876213 0.9858829379 -0.1228299215 -0.8245642781 0.1626802683 0.5418753028
309.8 158.8 2584.2 0.8022121787 -0.3639799356 -0.4732591212 0.4823667109 0.8622344732 0.1545123756 0.3518209159 -0.3522361517 0.8672668338
80.4 20.9 2483.6 -0.6016145349 -0.3639799356 -0.7110404372 0.0710599273 0.8622344732 -0.5014999509 0.7956195474 -0.3522361517 -0.4928684235
471.6 192.1 2343.5 0.0398955047 -0.5459058285 0.8368961811 -0.2896959484 0.7952692509 0.5325626731 -0.9562869072 -0.2636922896 -0.1264190376
481.5 120.4 2107.0 -0.8122570515 -0.5459058285 -0.2054880708 -0.4251495302 0.7952692509 -0.4321974814 0.3993574679 -0.2636922896 -0.8780546784
324.7 -227.9 2476.2 0.4123600423 -0.0110744685 0.9109536409 0.0046436428 0.9999386668 0.0100542288 -0.9110091329 0.0000841808 0.4123861790
329.1 -625.3 2476.1 0.4080665708 0.0597774461 0.9109930396 -0.1574462950 0.9875109196 0.0057274774 -0.8992732167 -0.1457696706 0.4123819470
422.2 -205.9 2322.4 -0.2170037031 -0.1549056619 0.9638016820 -0.0284421835 0.9879130721 0.1523770690 -0.9757563472 0.0056537655 -0.2187866569
483.8 -598.5 2320.2 -0.2188143283 -0.1672375351 0.9613282084 -0.0178456940 0.9857242107 0.1674196124 -0.9756032825 0.0194782391 -0.2186750472
236.2 2.5 2277.5 0 0 0 0 0 0 0 0 0
281.8 15.9 2205.2 0 0 0 0 0 0 0 0 0
306.3 -1002.5 2531.8 0 0 0 0 0 0 0 0 0
547.6 -974.9 2312.8 0 0 0 0 0 0 0 0 0
401.4 369.5 2498.2 39 0.6018889546 0.0413756743 0.7975071669 0.1171212271 0.9832844734 -0.1394069344 -0.7899444699 0.1773125231 0.5869820714
393.1 172.6 2462.7 0.6018889546 0.0413756743 0.7975071669 0.1171212271 0.9832844734 -0.1394069344 -0.7899444699 0.1773125231 0.5869820714
386.6 -23.2 2429.3 0.6018169522 0.0327648781 0.7979616523 0.1152087227 0.9851453900 -0.1273403615 -0.7902805209 0.1685677320 0.5891023874
305.3 155.8 2577.9 0.8246957064 -0.2927342355 -0.4839252830 0.4172301292 0.8925451636 0.1711201370 0.3818324506 -0.3430302441 0.8582156897
76.7 40.1 2472.1 -0.6205687523 -0.2927342355 -0.7274621129 0.0955917984 0.8925451636 -0.4407099783 0.7783036828 -0.3430302441 -0.5259026289
480.8 189.4 2347.5 -0.0057028015 -0.4451973736 0.8954142928 -0.2621621490 0.8647747636 0.4282938242 -0.9650070071 -0.2323012650 -0.1216455400
479.4 123.6 2105.3 -0.8541957736 -0.4451973736 -0.2686054409 -0.3323326707 0.8647747636 -0.3764565885 0.3998807073 -0.2323012650 -0.8866406083
324.1 -226.8 2474.8 0.4650824964 -0.0177972056 0.8850884438 -0.0019065801 0.9997754693 0.0211051535 -0.8852652907 -0.0115031293 0.4649441540
331.2 -624.1 2479.3 0.4593802989 0.0730591193 0.8852299452 -0.1416534930 0.9898824692 -0.0081867035 -0.8768717051 -0.1216351092 0.4650816023
425.7 -205.9 2323.6 -0.1600710601 -0.1515860409 0.9753968120 -0.0211964436 0.9884383678 0.1501343101 -0.9868779182 0.0033572123 -0.1614334583
486.0 -598.7 2322.3 -0.1637516320 -0.1556306928 0.9741480947 0.0018725876 0.9874266386 0.1580668539 -0.9864998460 0.0277078841 -0.1614012867
237.6 15.3 2270.3 0 0 0 0 0 0 0 0 0
266.2 40.6 2205.1 0 0 0 0 0 0 0 0 0
303.3 -1002.1 2525.8 0 0 0 0 0 0 0 0 0
545.4 -975.9 2311.7 0 0 0 0 0 0 0 0 0
402.1 370.0 2505.0 40 0.6513186693 0.0369149074 0.7579058409 0.1255589128 0.9798041582 -0.1556238681 -0.7483441234 0.1965225637 0.6335297227
394.7 173.9 2465.7 0.6513186693 0.0369149074 0.7579058409 0.1255589128 0.9798041582 -0.1556238681 -0.7483441234 0.1965225637 0.6335297227
389.8 -21.1 2428.0 0.6513966918 0.0254393257 0.7583107352 0.1280129701 0.9814252257 -0.1428886801 -0.7478603125 0.1901508272 0.6360405684
299.9 155.3 2574.6 0.9070032835 -0.2278422415 -0.3541651368 0.3123972416 0.9280006289 0.2030341029 0.2824057043 -0.2947928011 0.9128769040
57.5 71.8 2499.1 -0.5816572309 -0.2278422415 -0.7808731198 0.1130817980 0.9280006289 -0.3550033569 0.8055354357 -0.2947928011 -0.5140134692
489.6 192.5 2356.8 -0.0748809204 -0.3750937581 0.9239575267 -0.2474706024 0.9045634866 0.3471645117 -0.9659975171 -0.2026563287 -0.1605592221
469.8 127.0 2101.1 -0.8674116135 -0.3750937581 -0.3269582987 -0.2653880715 0.9045634866 -0.3336676061 0.4209111929 -0.2026563287 -0.8841742873
325.0 -229.5 2468.1 0.5209330916 -0.0053099627 0.8535810113 -0.0236596968 0.9995066524 0.0206570458 -0.8532695770 -0.0309564061 0.5205504298
327.1 -626.6 2480.4 0.5182043314 0.0536058210 0.8535752296 -0.1381116062 0.9901797175 0.0216625687 -0.8440316916 -0.1291142851 0.5205190182
435.2 -208.4 2323.5 -0.0962140411 -0.1213015318 0.9879416823 -0.0056829215 0.9925972223 0.1213196963 -0.9953444600 0.0060582631 -0.0961911380
483.4 -602.7 2321.1 -0.0968692452 -0.1714461595 0.9804195762 -0.0019223508 0.9850825667 0.1720716357 -0.9952952862 0.0147837391 -0.0957537889
208.3 42.5 2290.3 0 0 0 0 0 0 0 0 0
250.6 60.0 2207.5 0 0 0 0 0 0 0 0 0
306.7 -1004.8 2529.8 0 0 0 0 0 0 0 0 0
548.9 -979.0 2315.4 0 0 0 0 0 0 0 0 0
402.9 370.8 2500.9 41 0.6731038690 0.0314803496 0.7388776541 0.1182193458 0.9816659093 -0.1495201290 -0.7300379276 0.1879922152 0.6570414901
396.6 173.8 2463.2 0.6731038690 0.0314803496 0.7388776541 0.1182193458 0.9816659093 -0.1495201290 -0.7300379276 0.1879922152 0.6570414901
392.4 -21.5 2427.0 0.6731641293 0.0214594919 0.7391816378 0.1204568446 0.9830465317 -0.1382378936 -0.7296164632 0.1820962876 0.6591667533
298.4 156.3 2569.5 0.9563712478 -0.1292175204 -0.2620246410 0.1848884821 0.9621183872 0.2003607899 0.2262085974 -0.2400646210 0.9440332055
49.2 108.1 2510.6 -0.5462347865 -0.1292175204 -0.8276051879 0.1329899728 0.9621183872 -0.2379955053 0.8270073533 -0.2400646210 -0.5083579421
494.7 191.4 2356.8 -0.1453196406 -0.3674608171 0.9186156988 -0.2137458324 0.9182056189 0.3334834278 -0.9660201669 -0.1478885859 -0.2119765282
455.3 133.3 2094.5 -0.8447229862 -0.3674608171 -0.3891215622 -0.2629756927 0.9182056189 -0.2962131798 0.4661403298 -0.1478885859 -0.8722626567
325.4 -227.8 2458.6 0.5455930233 -0.0042181611 0.8380396366 -0.0328996591 0.9991086721 0.0264477059 -0.8374042511 -0.0420009010 0.5449679494
327.0 -624.7 2475.3 0.5435447097 0.0506601743 0.8378500342 -0.1586103737 0.9863933325 0.0432547256 -0.8242583871 -0.1564025730 0.5441840887
444.5 -204.4 2321.9 -0.0686018243 -0.0945698917 0.9931517243 -0.0006425679 0.9955009818 0.0947492123 -0.9976438880 0.0058618016 -0.0683539510
482.1 -599.8 2319.6 -0.0677358210 -0.1713975221 0.9828706384 -0.0056253891 0.9851831794 0.1714131087 -0.9976874590 0.0060817772 -0.0676963702
190.8 73.6 2296.1 0 0 0 0 0 0 0 0 0
236.2 65.1 2215.4 0 0 0 0 0 0 0 0 0
307.7 -1001.5 2535.0 0 0 0 0 0 0 0 0 0
547.5 -976.2 2317.2 0 0 0 0 0 0 0 0 0
401.8 370.3 2497.8 42 0.6855192184 0.0232327096 0.7276837230 0.1142847613 0.9836661220 -0.1390681565 -0.7190287709 0.1784970611 0.6716669202
397.1 173.4 2462.1 0.6855192184 0.0232327096 0.7276837230 0.1142847613 0.9836661220 -0.1390681565 -0.7190287709 0.1784970611 0.6716669202
394.1 -22.2 2427.2 0.6855835915 0.0151803512 0.7278356552 0.1175809130 0.9843469262 -0.1312855184 -0.7184357047 0.1755867749 0.6730671525
297.1 156.2 2566.9 0.9654784799 0.0072513628 -0.2603819072 0.0416057147 0.9824859500 0.1816323698 0.2571386695 -0.1861955076 0.9482673407
48.6 145.5 2500.7 -0.5407048464 0.0072513628 -0.8411810994 0.1604847610 0.9824859500 -0.0946889147 0.8257620335 -0.1861955076 -0.5323986411
497.2 190.5 2357.3 -0.1530116349 -0.3187670112 0.9354010224 -0.1654582173 0.9414494038 0.2937627733 -0.9742746353 -0.1098206565 -0.1967953295
455.2 145.1 2089.9 -0.8946595788 -0.3187670112 -0.3130045533 -0.2605954111 0.9414494038 -0.2139229476 0.3628695309 -0.1098206565 -0.9253459573
326.5 -227.9 2457.7 0.5604184866 -0.0014913571 0.8282082081 -0.0376057923 0.9989211559 0.0272452384 -0.8273553848 -0.0464141630 0.5597578287
327.1 -624.8 2476.1 0.5573204160 0.0591390803 0.8281887174 -0.1531517357 0.9876669645 0.0325346999 -0.8160505891 -0.1449707896 0.5595042109
449.8 -205.8 2324.1 -0.0524342880 -0.0793930888 0.9954634309 0.0089617427 0.9967571497 0.0799683109 -0.9985841513 0.0131141683 -0.0515527502
481.3 -601.8 2318.9 -0.0483685993 -0.1781740040 0.9828094840 -0.0135650560 0.9839875698 0.1777199954 -0.9987374544 -0.0047357986 -0.0500110425
188.9 103.8 2286.5 0 0 0 0 0 0 0 0 0
222.8 77.4 2184.2 0 0 0 0 0 0 0 0 0
304.5 -1002.1 2531.5 0 0 0 0 0 0 0 0 0
549.4 -977.7 2320.7 0 0 0 0 0 0 0 0 0
402.7 369.3 2496.8 43 0.6857215166 0.0221359488 0.7275273204 0.1119634956 0.9844331741 -0.1354824007 -0.7192010880 0.1743596941 0.6725686193
398.3 172.5 2461.9 0.6857215166 0.0221359488 0.7275273204 0.1119634956 0.9844331741 -0.1354824007 -0.7192010880 0.1743596941 0.6725686193
395.0 -23.2 2427.8 0.6857574582 0.0164823737 0.7276434898 0.1137955263 0.9850205183 -0.1295574158 -0.7188792229 0.1716475338 0.6736095548
298.1 155.9 2566.9 0.9305312634 0.1820267439 -0.3177700341 -0.1204179823 0.9715556502 0.2039097399 0.3458482921 -0.1514791697 0.9259821773
59.8 186.7 2478.3 -0.5190086961 0.1820267439 -0.8351624012 0.2257767618 0.9715556502 0.0714459792 0.8244118094 -0.1514791697 -0.5453432202
498.4 189.1 2357.0 -0.1721939892 -0.2472644150 0.9535248280 -0.0931385085 0.9677337408 0.2341294438 -0.9806500077 -0.0484942012 -0.1896677762
450.6 163.3 2084.6 -0.9418651462 -0.2472644150 -0.2274871171 -0.2283017486 0.9677337408 -0.1066287532 0.2465124726 -0.0484942012 -0.9679255486
328.3 -228.6 2458.2 0.5603972673 -0.0032806417 0.8282174468 -0.0462861732 0.9983052611 0.0352730192 -0.8269295096 -0.0581019185 0.5592957139
329.6 -625.3 2481.3 0.5567236543 0.0684090704 0.8278762102 -0.1254402995 0.9920983315 0.0023760255 -0.8211720586 -0.1051718295 0.5609058142
453.9 -207.0 2326.6 -0.0524931252 -0.0684710592 0.9962711334 0.0063476553 0.9976035953 0.0688970909 -0.9986011386 0.0099406093 -0.0519327000
481.2 -603.4 2322.6 -0.0546867326 -0.1802978814 0.9820906520 0.0182893742 0.9832165837 0.1815230250 -0.9983360171 0.0278887227 -0.0504713655
194.2 128.2 2264.7 0 0 0 0 0 0 0 0 0
208.0 104.5 2148.1 0 0 0 0 0 0 0 0 0
303.5 -1004.0 2521.4 0 0 0 0 0 0 0 0 0
550.0 -978.9 2312.0 0 0 0 0 0 0 0 0 0
401.0 371.0 2496.8 44 0.6869938374 0.0208881851 0.7263629436 0.1065863073 0.9858787656 -0.1291604489 -0.7188037038 0.1661527753 0.6750662923
396.8 174.5 2463.7 0.6869938374 0.0208881851 0.7263629436 0.1065863073 0.9858787656 -0.1291604489 -0.7188037038 0.1661527753 0.6750662923
393.4 -21.5 2431.1 0.6870082617 0.0173697118 0.7264419794 0.1073282734 0.9863235950 -0.1250857860 -0.7186795473 0.1639027297 0.6757481694
296.5 158.9 2568.6 0.9078940153 0.2574359477 -0.3308400512 -0.2424589992 0.9662939906 0.0865424871 0.3419678807 0.0016437395 0.9397101998
67.6 220.0 2482.4 -0.4887109995 0.2574359477 -0.8335996270 0.1287324578 0.9662939906 0.2229437530 0.8628960252 0.0016437395 -0.5053788424
497.2 190.2 2358.7 -0.1823435724 -0.1895480752 0.9647913575 -0.0257656053 0.9818261862 0.1880251914 -0.9828972220 0.0094267502 -0.1839135140
445.5 182.9 2080.2 -0.9722681642 -0.1895480752 -0.1369894445 -0.1890250295 0.9818261862 -0.0169373900 0.1377102733 0.0094267502 -0.9904276729
328.9 -229.4 2459.6 0.5616171956 -0.0003916268 0.8273971081 -0.0437834784 0.9985847473 0.0301918220 -0.8262379766 -0.0531825684 0.5608052015
329.0 -626.2 2480.8 0.5578373075 0.0702223629 0.8269742131 -0.1216520220 0.9925703406 -0.0022232833 -0.8209862113 -0.0993628502 0.5622354746
454.6 -208.5 2327.9 -0.0520017669 -0.0661942661 0.9964507818 0.0145292701 0.9976450205 0.0670318380 -0.9985412955 0.0179634765 -0.0509175509
480.9 -605.0 2320.7 -0.0471992902 -0.1861598492 0.9813851118 -0.0109044276 0.9825176001 0.1858502328 -0.9988259673 -0.0019294443 -0.0484040976
193.7 186.8 2259.8 0 0 0 0 0 0 0 0 0
196.3 134.5 2115.5 0 0 0 0 0 0 0 0 0
302.2 -1005.3 2518.7 0 0 0 0 0 0 0 0 0
552.0 -980.1 2321.5 0 0 0 0 0 0 0 0 0
397.9 372.6 2498.3 45 0.6978269815 0.0173417386 0.7160564065 0.1048778296 0.9864582419 -0.1260982901 -0.7085464597 0.1630932242 0.6865584254
394.5 176.0 2465.8 0.6978269815 0.0173417386 0.7160564065 0.1048778296 0.9864582419 -0.1260982901 -0.7085464597 0.1630932242 0.6865584254
391.7 -20.0 2433.3 0.6978685856 0.0139289722 0.7160903811 0.1075016186 0.9864475727 -0.1239539161 -0.7081121802 0.1634844244 0.6869133711
292.5 160.3 2569.2 0.8844900727 0.3501318395 -0.3083585501 -0.3819217980 0.9229737520 -0.0474886037 0.2679795921 0.1597720534 0.9500840902
68.9 256.9 2501.4 -0.4840390086 0.3501318395 -0.8019438386 0.0322484672 0.9229737520 0.3835093975 0.8744519949 0.1597720534 -0.4580465257
496.4 191.7 2362.3 -0.1950142086 -0.1380343288 0.9710386395 0.0528817065 0.9871272445 0.1509415954 -0.9793737531 0.0807859376 -0.1852043420
440.3 206.9 2080.5 -0.9870940447 -0.1380343288 -0.0811900795 -0.1437977701 0.9871272445 0.0700145885 0.0704805180 0.0807859376 -0.9942364693
