332.2 370.5 2486.8 52 0.9614237547 0.0083281146 0.2749455571 0.0040831044 0.9989993572 -0.0445374511 -0.2750413418 0.0439419933 0.9604277015
330.5 164.8 2477.8 0.9614237547 0.0083281146 0.2749455571 0.0040831044 0.9989993572 -0.0445374511 -0.2750413418 0.0439419933 0.9604277015
327.4 -33.2 2464.0 0.9614335895 0.0148244556 0.2746373117 0.0049351840 0.9974557161 -0.0711177588 -0.2749928534 0.0697303861 0.9589142799
190.4 164.0 2517.8 0.3990337849 -0.5205155611 0.7548745275 0.6657897830 0.7305364609 0.1517907977 -0.6304728985 0.4420180917 0.6380626559
55.9 -60.4 2730.3 0.4826881886 -0.5943136811 0.6432754397 0.7788181901 0.6272305250 -0.0049040737 -0.4005674422 0.5033617616 0.7656190991
470.6 165.7 2437.8 -0.2483080775 -0.1650438160 0.9545174837 -0.8614384532 0.4882795513 -0.1396670192 -0.4430201948 -0.8569385409 -0.2634188533
404.0 -65.4 2318.9 -0.9626793265 -0.1650438160 -0.2144971192 0.1092056111 0.4882795513 -0.8658275008 0.2476340234 -0.8569385409 -0.4520329237
232.9 -232.9 2479.6 0.9364800453 0.2279887795 0.2665075660 -0.1224084646 0.9245711565 -0.3608106673 -0.3286660016 0.3052692115 0.8937501907
143.7 -594.9 2360.1 0.9364800453 -0.0835008994 0.3406358361 -0.1224084646 0.8323507905 0.5405629873 -0.3286660016 -0.5479231477 0.7692586780
406.4 -229.1 2422.3 0.9797536135 0.1865424067 -0.0726965070 -0.1878147572 0.9821426868 -0.0110173794 0.0693431348 0.0244477931 0.9972932339
332.4 -619.0 2412.6 0.9938328266 0.0822880194 -0.0743305981 -0.0839588419 0.9962757230 -0.0196351446 0.0724380389 0.0257547610 0.9970403314
-79.3 -278.5 2842.5 0 0 0 0 0 0 0 0 0
132.1 -34.5 2388.9 0 0 0 0 0 0 0 0 0
175.4 -911.3 2568.4 0 0 0 0 0 0 0 0 0
300.9 -999.6 2402.7 0 0 0 0 0 0 0 0 0
334.7 370.3 2466.3 53 0.9788678288 0.0060908766 0.2044031620 -0.0041560219 0.9999424219 -0.0098938281 -0.2044516504 0.0088352459 0.9788367748
333.5 163.6 2464.5 0.9788678288 0.0060908766 0.2044031620 -0.0041560219 0.9999424219 -0.0098938281 -0.2044516504 0.0088352459 0.9788367748
330.4 -34.7 2455.8 0.9788599014 0.0141891446 0.2040389925 -0.0049359868 0.9989389777 -0.0457875766 -0.2044721991 0.0438124873 0.9778913856
191.0 164.2 2494.1 0.4467736185 -0.5481773019 0.7070325017 0.6479479074 0.7432008386 0.1667812616 -0.6168928742 0.3836067915 0.6872328520
40.5 -54.1 2702.0 0.5138443112 -0.6266782880 0.5858654976 0.7668049335 0.6417298317 0.0138935940 -0.3846741617 0.4421054125 0.8102892041
475.9 163.1 2434.8 -0.1948844641 -0.1201815307 0.9734354019 -0.8712887764 0.4769746661 -0.1155465618 -0.4504174292 -0.8706615567 -0.1976677775
423.4 -71.4 2313.5 -0.9713246822 -0.1201815307 -0.2051455677 0.1247342005 0.4769746661 -0.8700209856 0.2024096996 -0.8706615567 -0.4483065307
236.4 -231.8 2475.3 0.9500691891 0.2180774659 0.2231831253 -0.1206007451 0.9162853360 -0.3819380105 -0.2877914906 0.3359515071 0.8968347907
150.4 -593.1 2342.8 0.9500691891 -0.0404204056 0.3094102144 -0.1206007451 0.8669570684 0.4835710227 -0.2877914906 -0.4967410564 0.8187944889
412.2 -230.8 2425.0 0.9646500349 0.2170711607 -0.1494336128 -0.2203743011 0.9753986597 -0.0057092030 0.1445180327 0.0384387076 0.9887552857
326.1 -618.0 2409.8 0.9882153869 0.0500789471 -0.1446458101 -0.0483207703 0.9987093210 0.0156449713 0.1452426016 -0.0084712040 0.9893597960
-103.4 -268.8 2809.7 0 0 0 0 0 0 0 0 0
149.8 -36.3 2370.5 0 0 0 0 0 0 0 0 0
165.7 -922.6 2531.6 0 0 0 0 0 0 0 0 0
307.0 -999.2 2413.0 0 0 0 0 0 0 0 0 0
340.7 370.1 2456.5 54 0.9830424786 0.0177719612 0.1825146675 -0.0186436828 0.9998214841 0.0030613602 -0.1824276894 -0.0064121927 0.9831983447
337.1 163.5 2457.8 0.9830424786 0.0177719612 0.1825146675 -0.0186436828 0.9998214841 0.0030613602 -0.1824276894 -0.0064121927 0.9831983447
331.9 -34.9 2453.1 0.9830005169 0.0253650304 0.1818421185 -0.0205883402 0.9993928075 -0.0281083360 -0.1824446768 0.0238866825 0.9829258919
193.8 166.4 2484.4 0.4681935012 -0.5470606685 0.6939160228 0.6291984320 0.7577749491 0.1728771627 -0.6204064488 0.3556708992 0.6989949942
35.9 -45.7 2693.6 0.5317965150 -0.6281317472 0.5680167675 0.7522077560 0.6584910750 0.0239388738 -0.3890707195 0.4145359695 0.8226687908
480.4 160.7 2431.3 -0.1344771981 -0.0795284286 0.9877201319 -0.8861297965 0.4557704031 -0.0839484185 -0.4434973300 -0.8865373731 -0.1317632347
444.5 -75.8 2313.0 -0.9824248552 -0.0795284286 -0.1688686013 0.1148249134 0.4557704031 -0.8826599121 0.1471618712 -0.8865373731 -0.4386283457
237.9 -232.8 2465.7 0.9687184095 0.1922015548 0.1569816321 -0.1221132874 0.9198780656 -0.3727099001 -0.2160393894 0.3418813944 0.9145731926
161.8 -596.8 2330.4 0.9687184095 0.0168035496 0.2475930452 -0.1221132874 0.9008345008 0.4166359901 -0.2160393894 -0.4338373542 0.8747068644
416.7 -233.4 2428.5 0.9601886868 0.2163881660 -0.1766743064 -0.2211314887 0.9752161503 -0.0073736426 0.1707000732 0.0461483411 0.9842417240
330.8 -620.8 2410.1 0.9827414751 0.0672706068 -0.1723189652 -0.0661756396 0.9977346659 0.0120977508 0.1727424264 -0.0004856447 0.9849669337
-113.0 -256.4 2802.5 0 0 0 0 0 0 0 0 0
168.2 -43.5 2354.4 0 0 0 0 0 0 0 0 0
155.5 -938.7 2495.1 0 0 0 0 0 0 0 0 0
305.1 -1001.8 2410.3 0 0 0 0 0 0 0 0 0
344.5 368.4 2443.1 55 0.9822762609 0.0279205367 0.1853477359 -0.0302043874 0.9994984865 0.0095092580 -0.1849892884 -0.0149390334 0.9826269746
338.7 161.5 2446.2 0.9822762609 0.0279205367 0.1853477359 -0.0302043874 0.9994984865 0.0095092580 -0.1849892884 -0.0149390334 0.9826269746
332.1 -37.1 2443.7 0.9822828174 0.0329209603 0.1844901592 -0.0299881417 0.9993759394 -0.0186653938 -0.1849895120 0.0128021790 0.9826570749
195.4 165.8 2473.2 0.4709657729 -0.5401239395 0.6974650025 0.6183747053 0.7660043836 0.1756417155 -0.6291295290 0.3485734761 0.6947607994
36.5 -42.9 2685.5 0.5363128185 -0.6217713356 0.5707616806 0.7435711026 0.6680260897 0.0290362220 -0.3993376195 0.4088294208 0.8206021786
482.1 157.1 2419.3 -0.1768810302 -0.0585533902 0.9824889898 -0.8902854323 0.4351348281 -0.1343485564 -0.4196486175 -0.8984593153 -0.1290963292
435.8 -75.9 2309.5 -0.9873978496 -0.0585533902 -0.1470270157 0.1073081642 0.4351348281 -0.8939477801 0.1163202524 -0.8984593153 -0.4233679473
236.7 -231.6 2465.0 0.9795764089 0.1733143330 0.1019418910 -0.1146208495 0.8978685141 -0.4250814319 -0.1652031243 0.4047150612 0.8993962407
168.1 -586.8 2304.9 0.9795764089 0.0435630903 0.1962963790 -0.1146208495 0.9230775237 0.3671375513 -0.1652031243 -0.3821389675 0.9092181921
416.6 -235.2 2431.7 0.9551047087 0.2414721847 -0.1716570407 -0.2427268028 0.9699941874 0.0139644342 0.1698783487 0.0283282679 0.9850577712
320.7 -620.4 2420.4 0.9822898507 0.0045844922 -0.1873115152 -0.0142851844 0.9986233115 -0.0504721329 0.1868222505 0.0522540435 0.9810030460
-113.8 -251.2 2797.4 0 0 0 0 0 0 0 0 0
158.0 -45.7 2342.2 0 0 0 0 0 0 0 0 0
151.6 -937.7 2450.1 0 0 0 0 0 0 0 0 0
319.0 -1000.6 2400.5 0 0 0 0 0 0 0 0 0
350.1 367.8 2421.5 56 0.9875252247 0.0342225358 0.1536970288 -0.0418432690 0.9980357289 0.0466239899 -0.1517995298 -0.0524735525 0.9870174527
343.1 161.4 2432.3 0.9875252247 0.0342225358 0.1536970288 -0.0418432690 0.9980357289 0.0466239899 -0.1517995298 -0.0524735525 0.9870174527
335.7 -37.0 2436.7 0.9876094460 0.0364920348 0.1526299864 -0.0394643024 0.9990849495 0.0164887346 -0.1518886089 -0.0223078672 0.9881458282
199.0 167.0 2454.4 0.4937862158 -0.5479509234 0.6752221584 0.5937704444 0.7797512412 0.1985565126 -0.6353045106 0.3028824925 0.7103874683
32.4 -33.3 2668.7 0.5521894693 -0.6318785548 0.5438899994 0.7269429564 0.6843280792 0.0570005365 -0.4082165956 0.3639018834 0.8372184038
487.2 155.7 2410.2 -0.2784331441 -0.0757065639 0.9574672580 -0.8696988225 0.4428853095 -0.2178911567 -0.4075523913 -0.8933762312 -0.1891558617
412.5 -77.5 2300.9 -0.9796777368 -0.0757065639 -0.1857417971 0.1338565797 0.4428853095 -0.8865297437 0.1493784338 -0.8933762312 -0.4237510562
235.5 -232.9 2458.1 0.9871438146 0.1494944990 0.0565552115 -0.1104476452 0.8937675953 -0.4347191751 -0.1155353412 0.4228839576 0.8987885118
176.2 -587.1 2290.5 0.9871438146 0.0692233294 0.1440667510 -0.1104476452 0.9469593167 0.3017770052 -0.1155353412 -0.3138091266 0.9424306154
415.5 -238.3 2424.2 0.9503517151 0.2282279879 -0.2115269303 -0.2300554365 0.9730414748 0.0162708350 0.2095379382 0.0331999063 0.9772367477
324.8 -624.8 2411.0 0.9755348563 0.0442792885 -0.2153394818 -0.0453681871 0.9989703298 -0.0001140184 0.2151127011 0.0098807914 0.9765392542
-122.3 -237.0 2783.1 0 0 0 0 0 0 0 0 0
137.0 -39.8 2342.9 0 0 0 0 0 0 0 0 0
149.9 -947.0 2409.7 0 0 0 0 0 0 0 0 0
307.9 -1005.2 2407.3 0 0 0 0 0 0 0 0 0
352.9 366.1 2403.1 57 0.9914796948 0.0312522091 0.1264568418 -0.0413983613 0.9960606098 0.0784183815 -0.1235079244 -0.0829853415 0.9888676405
346.4 160.3 2420.3 0.9914796948 0.0312522091 0.1264568418 -0.0413983613 0.9960606098 0.0784183815 -0.1235079244 -0.0829853415 0.9888676405
338.9 -37.9 2429.9 0.9914346337 0.0369741283 0.1252610832 -0.0427160524 0.9981412292 0.0434673838 -0.1234210804 -0.0484457277 0.9911711216
201.7 166.4 2438.2 0.5110905170 -0.5561668873 0.6553356647 0.5766453743 0.7872601151 0.2184071392 -0.6373904347 0.2662704587 0.7230722308
29.3 -28.1 2653.3 0.5631884336 -0.6417309046 0.5205768347 0.7159959674 0.6934748888 0.0802640468 -0.4125148654 0.3275271356 0.8500338197
491.1 154.2 2402.3 -0.3857322037 -0.1255822778 0.9140239358 -0.8258196712 0.4887317717 -0.2813593745 -0.4113788009 -0.8633483052 -0.2922278941
382.5 -78.4 2286.4 -0.9612367749 -0.1255822778 -0.2454646975 0.1553750336 0.4887317717 -0.8584869504 0.2277771533 -0.8633483052 -0.4502746165
237.8 -231.8 2455.0 0.9870483279 0.1429954469 0.0727178901 -0.0951230377 0.8866946697 -0.4524645805 -0.1291789412 0.4396872520 0.8888126612
181.0 -583.7 2280.5 0.9870483279 0.0651791617 0.1465853602 -0.0951230377 0.9735731483 0.2076220363 -0.1291789412 -0.2188766301 0.9671638012
418.7 -238.9 2427.2 0.9368802905 0.2449800223 -0.2494797558 -0.2536496818 0.9672923684 -0.0026939267 0.2406599075 0.0658043548 0.9683762789
321.5 -623.0 2401.1 0.9713624716 0.0162966847 -0.2370430082 -0.0057278061 0.9989612103 0.0452069007 0.2375334948 -0.0425545499 0.9704467654
-128.6 -228.8 2768.9 0 0 0 0 0 0 0 0 0
112.8 -34.8 2350.3 0 0 0 0 0 0 0 0 0
156.3 -952.9 2363.5 0 0 0 0 0 0 0 0 0
315.3 -1003.4 2417.3 0 0 0 0 0 0 0 0 0
355.5 363.9 2393.4 58 0.9916999340 0.0307413228 0.1248449460 -0.0415379293 0.9955301881 0.0848191828 -0.1216794550 -0.0893009752 0.9885441065
349.2 159.6 2411.8 0.9916999340 0.0307413228 0.1248449460 -0.0415379293 0.9955301881 0.0848191828 -0.1216794550 -0.0893009752 0.9885441065
342.4 -38.7 2422.3 0.9917447567 0.0338871032 0.1236688048 -0.0401541218 0.9980137944 0.0485396534 -0.1217783093 -0.0531047583 0.9911356568
204.4 165.4 2429.5 0.5100127459 -0.5589832664 0.6537772417 0.5750681758 0.7868094444 0.2241149098 -0.6396746039 0.2616650462 0.7227362990
32.2 -28.7 2645.5 0.5613969564 -0.6443566084 0.5192668438 0.7157524228 0.6930207610 0.0861431807 -0.4153696299 0.3233059645 0.8502595425
494.0 153.8 2394.0 -0.4785718322 -0.1652744263 0.8623533845 -0.7828756571 0.5250298977 -0.3338401914 -0.3975860775 -0.8348820210 -0.3806538582
351.6 -79.2 2275.7 -0.9416896701 -0.1652744263 -0.2930954993 0.1675630659 0.5250298977 -0.8344256878 0.2917931378 -0.8348820210 -0.4667213559
240.6 -232.2 2450.8 0.9875350595 0.1366893947 0.0780420303 -0.0820481330 0.8701732159 -0.4858669639 -0.1343229413 0.4734074473 0.8705416322
186.3 -577.6 2262.9 0.9875350595 0.0606502183 0.1452449709 -0.0820481330 0.9858480096 0.1461910158 -0.1343229413 -0.1562858373 0.9785357118
422.3 -239.9 2428.2 0.9331508279 0.2536744773 -0.2547131479 -0.2658140063 0.9639251828 -0.0138247302 0.2420174479 0.0806068778 0.9669178128
321.5 -622.8 2396.2 0.9717165828 0.0562685095 -0.2293484062 -0.0392259099 0.9961652756 0.0782053322 0.2328694165 -0.0669970214 0.9701974988
-125.2 -229.4 2761.9 0 0 0 0 0 0 0 0 0
87.5 -32.2 2357.5 0 0 0 0 0 0 0 0 0
163.3 -952.1 2322.3 0 0 0 0 0 0 0 0 0
300.1 -1002.4 2421.7 0 0 0 0 0 0 0 0 0
355.0 363.3 2373.1 59 0.9944670200 0.0317691639 0.1001303717 -0.0434597321 0.9922010303 0.1168264523 -0.0956379771 -0.1205316857 0.9880918264
348.4 159.3 2397.9 0.9944670200 0.0317691639 0.1001303717 -0.0434597321 0.9922010303 0.1168264523 -0.0956379771 -0.1205316857 0.9880918264
341.8 -38.6 2414.0 0.9945567846 0.0329420567 0.0988517627 -0.0407019183 0.9961581230 0.0775390193 -0.0959176943 -0.0811404139 0.9920766354
203.2 165.1 2411.9 0.5245839357 -0.5670891404 0.6349973679 0.5578751564 0.7923870087 0.2467754036 -0.6431073546 0.2247948498 0.7320384383
26.1 -23.2 2629.0 0.5700376630 -0.6537389159 0.4976770878 0.7050786018 0.7002006173 0.1121751741 -0.4218070805 0.2869574130 0.8600780368
493.6 153.4 2383.9 -0.5557987690 -0.2017584890 0.8064621687 -0.7642594576 0.5057197213 -0.4001938403 -0.3271013200 -0.8387735486 -0.4352741838
325.0 -78.5 2284.7 -0.9179426432 -0.2017584890 -0.3415769637 0.2010282129 0.5057197213 -0.8389489055 0.3420072496 -0.8387735486 -0.4236625135
244.6 -233.3 2444.0 0.9899834991 0.1303418726 0.0542555302 -0.0853702202 0.8587307334 -0.5052657127 -0.1124481708 0.4955729246 0.8612565398
192.9 -574.2 2247.3 0.9899834991 0.0756467134 0.1192067116 -0.0853702202 0.9932373166 0.0786866024 -0.1124481708 -0.0880751386 0.9897465110
426.5 -240.6 2421.7 0.9233894348 0.2709406316 -0.2719248831 -0.2709237933 0.9618359804 0.0383645557 0.2719416320 0.0382454917 0.9615534544
318.9 -622.3 2406.5 0.9591862559 0.0687671304 -0.2742860019 -0.0629560500 0.9975669980 0.0299440734 0.2756778300 -0.0114539806 0.9611818194
-133.6 -220.8 2747.2 0 0 0 0 0 0 0 0 0
61.7 -20.8 2382.8 0 0 0 0 0 0 0 0 0
164.1 -951.7 2280.7 0 0 0 0 0 0 0 0 0
292.7 -1002.4 2410.9 0 0 0 0 0 0 0 0 0
354.0 361.7 2355.9 60 0.9944571853 0.0410040095 0.0968170315 -0.0541774482 0.9890021086 0.1376215070 -0.0901092142 -0.1421039999 0.9857417345
345.5 158.2 2385.2 0.9944571853 0.0410040095 0.0968170315 -0.0541774482 0.9890021086 0.1376215070 -0.0901092142 -0.1421039999 0.9857417345
337.1 -39.3 2404.4 0.9945902824 0.0421727002 0.0949295014 -0.0510038845 0.9943950772 0.0926123261 -0.0904917195 -0.0969530940 0.9911666512
200.3 165.6 2398.4 0.5323914886 -0.5610305667 0.6338800788 0.5427114367 0.8008981943 0.2530343235 -0.6496334076 0.2093006670 0.7308691144
20.6 -17.6 2617.7 0.5781725645 -0.6488036513 0.4947426915 0.6931253672 0.7104694843 0.1216977835 -0.4304575324 0.2725563943 0.8604761958
490.8 150.8 2372.0 -0.5973500609 -0.2011494190 0.7763451338 -0.7567768693 0.4617880583 -0.4626451433 -0.2654461265 -0.8638811707 -0.4280743599
301.7 -88.7 2287.9 -0.9000596404 -0.2011494190 -0.3865637183 0.2608961463 0.4617880583 -0.8477529287 0.3490355015 -0.8638811707 -0.3631576896
244.0 -232.7 2438.9 0.9917276502 0.1211521029 0.0424081050 -0.0822972134 0.8536791801 -0.5142557621 -0.0985060856 0.5065115690 0.8565877676
195.8 -571.8 2237.7 0.9940230846 0.0528684370 0.0955148861 -0.0492812134 0.9980021715 -0.0395346917 -0.0974142030 0.0345913060 0.9946426153
426.3 -240.1 2421.3 0.9198455215 0.2697196007 -0.2848429680 -0.2740348577 0.9613843560 0.0253981072 0.2806939483 0.0546945632 0.9582376480
319.2 -621.9 2399.6 0.9584875703 0.0793529972 -0.2738697529 -0.0642537028 0.9958994985 0.0636843964 0.2778002918 -0.0434435569 0.9596560001
-141.5 -211.8 2738.3 0 0 0 0 0 0 0 0 0
44.5 -14.1 2387.7 0 0 0 0 0 0 0 0 0
175.8 -949.2 2224.6 0 0 0 0 0 0 0 0 0
288.9 -1001.7 2416.2 0 0 0 0 0 0 0 0 0
352.8 357.3 2341.3 61 0.9939300418 0.0470180549 0.0994604751 -0.0618174598 0.9865396619 0.1513873190 -0.0910037607 -0.1566167921 0.9834579229
343.1 155.0 2373.5 0.9939300418 0.0470180549 0.0994604751 -0.0618174598 0.9865396619 0.1513873190 -0.0910037607 -0.1566167921 0.9834579229
333.6 -42.2 2395.6 0.9940957427 0.0480461419 0.0972893834 -0.0583675765 0.9926316738 0.1061867103 -0.0914706588 -0.1112383008 0.9895752668
197.9 163.5 2386.8 0.5344275832 -0.5557520390 0.6368098855 0.5300493836 0.8072348833 0.2596527338 -0.6583576798 0.1987750679 0.7259846330
17.5 -15.5 2609.1 0.5815418363 -0.6439663172 0.4971081316 0.6833395958 0.7182465792 0.1310299188 -0.4414250851 0.2634942830 0.8577380776
488.3 146.5 2360.1 -0.6399916410 -0.2146016508 0.7378054261 -0.7369490266 0.4432601035 -0.5103200674 -0.2175241709 -0.8703255653 -0.4418332577
280.3 -93.1 2289.4 -0.8827297091 -0.2146016508 -0.4180124998 0.2933476567 0.4432601035 -0.8470345736 0.3670632839 -0.8703255653 -0.3283259571
237.5 -232.1 2432.0 0.9943659902 0.0980859250 0.0401927270 -0.0642847121 0.8594909310 -0.5070925355 -0.0842839181 0.5016517639 0.8609539866
198.5 -573.5 2232.7 0.9965878725 0.0406511128 0.0718336403 -0.0274479166 0.9839983582 -0.1760507524 -0.0778408423 0.1734783649 0.9817566276
419.8 -241.4 2415.4 0.9233294129 0.2521048486 -0.2896651924 -0.2586002648 0.9658468962 0.0162997358 0.2838814557 0.0598574653 0.9569892287
319.7 -625.1 2391.6 0.9573207498 0.1041736752 -0.2696011662 -0.0826883540 0.9925131798 0.0898900777 0.2769469023 -0.0637607574 0.9587674141
-145.5 -207.0 2732.8 0 0 0 0 0 0 0 0 0
28.2 -9.3 2394.3 0 0 0 0 0 0 0 0 0
183.2 -944.0 2167.4 0 0 0 0 0 0 0 0 0
280.0 -1003.8 2415.9 0 0 0 0 0 0 0 0 0
350.8 355.5 2326.1 62 0.9950652719 0.0450119711 0.0884254426 -0.0591203831 0.9846785665 0.1640513837 -0.0796863660 -0.1684695780 0.9824805856
341.6 153.2 2360.7 0.9950652719 0.0450119711 0.0884254426 -0.0591203831 0.9846785665 0.1640513837 -0.0796863660 -0.1684695780 0.9824805856
332.2 -43.7 2385.2 0.9951525331 0.0470883846 0.0863370225 -0.0572475530 0.9912128448 0.1192470789 -0.0799632147 -0.1236116216 0.9891036749
196.2 161.6 2372.3 0.5403548479 -0.5596293807 0.6283562779 0.5226942301 0.8084549904 0.2705388665 -0.6593992710 0.1822512299 0.7293676138
13.8 -14.9 2595.0 0.5847765207 -0.6483445168 0.4875303209 0.6788983345 0.7201080322 0.1433229893 -0.4439971745 0.2471715957 0.8612622619
487.0 144.9 2349.0 -0.6430575848 -0.2141432762 0.7352684140 -0.7461832166 0.3912200928 -0.5386626720 -0.1723007858 -0.8950360417 -0.4113671482
284.4 -90.2 2294.7 -0.9039551616 -0.2141432762 -0.3701455295 0.2678454816 0.3912200928 -0.8804576397 0.3333524466 -0.8950360417 -0.2962881029
232.8 -234.1 2426.0 0.9969925284 0.0712535232 0.0304770488 -0.0456760563 0.8579646349 -0.5116740465 -0.0626068115 0.5087431073 0.8586389422
204.5 -574.8 2224.0 0.9968712926 0.0609937683 0.0502735302 -0.0476391353 0.9711611867 -0.2336159497 -0.0630728230 0.2304900289 0.9710283875
415.1 -244.8 2409.3 0.9201808572 0.2479180545 -0.3029913902 -0.2550136745 0.9667950869 0.0165920202 0.2970440388 0.0619992875 0.9528488517
316.6 -628.9 2384.7 0.9564567804 0.0889625400 -0.2779857814 -0.0607106313 0.9922242761 0.1086519435 0.2854901850 -0.0870441943 0.9544205666
-150.1 -205.2 2719.4 0 0 0 0 0 0 0 0 0
26.4 -13.7 2389.8 0 0 0 0 0 0 0 0 0
181.4 -942.5 2136.7 0 0 0 0 0 0 0 0 0
282.7 -1007.6 2417.9 0 0 0 0 0 0 0 0 0
349.0 357.2 2309.9 63 0.9981136322 0.0443909876 0.0424103625 -0.0515035018 0.9814120531 0.1848721802 -0.0334153846 -0.1867077202 0.9818470478
339.9 155.5 2348.3 0.9981136322 0.0443909876 0.0424103625 -0.0515035018 0.9814120531 0.1848721802 -0.0334153846 -0.1867077202 0.9818470478
330.7 -40.9 2376.5 0.9981499314 0.0454637371 0.0403705649 -0.0507075526 0.9888316393 0.1401455849 -0.0335481502 -0.1419333965 0.9893075228
194.2 162.9 2353.2 0.5659093857 -0.5734653473 0.5923546553 0.5139895082 0.8071545362 0.2903728187 -0.6446405053 0.1401393563 0.7515314817
3.2 -10.6 2570.7 0.5992254019 -0.6643449664 0.4467378557 0.6747794747 0.7194026113 0.1647197008 -0.4308150709 0.2027453035 0.8793706298
485.5 148.2 2343.4 -0.6615743041 -0.2384405136 0.7109610438 -0.7338662148 0.4007572532 -0.5484833121 -0.1541421413 -0.8846127391 -0.4401141405
280.0 -79.8 2295.5 -0.8972259760 -0.2384405136 -0.3716607392 0.2576905191 0.4007572532 -0.8791980743 0.3585821688 -0.8846127391 -0.2981259525
231.6 -235.4 2417.1 0.9982962608 0.0579912663 -0.0064443313 -0.0528745688 0.8524068594 -0.5201988816 -0.0246737991 0.5196533203 0.8540208340
208.5 -574.0 2210.7 0.9966974258 0.0803762898 0.0115697607 -0.0754171088 0.9690423012 -0.2350942641 -0.0301075932 0.2334453017 0.9719037414
414.1 -245.8 2402.4 0.9033088684 0.2509684265 -0.3479194343 -0.2580847740 0.9657568336 0.0265700333 0.3426738381 0.0657917634 0.9371478558
314.4 -629.6 2376.3 0.9449470043 0.0770632848 -0.3180195093 -0.0359285735 0.9904313684 0.1332474649 0.3252449632 -0.1144858077 0.9386739135
-164.7 -199.7 2691.5 0 0 0 0 0 0 0 0 0
21.6 -5.6 2398.8 0 0 0 0 0 0 0 0 0
178.0 -942.5 2121.9 0 0 0 0 0 0 0 0 0
284.9 -1007.7 2420.0 0 0 0 0 0 0 0 0 0
344.3 357.1 2295.3 64 0.9971501231 0.0433176868 0.0617669150 -0.0545100719 0.9796978831 0.1929266155 -0.0521557815 -0.1957437247 0.9792671800
335.4 155.8 2335.6 0.9971501231 0.0433176868 0.0617669150 -0.0545100719 0.9796978831 0.1929266155 -0.0521557815 -0.1957437247 0.9792671800
326.6 -40.4 2365.8 0.9972296953 0.0441854522 0.0598381385 -0.0527222194 0.9873447418 0.1495683044 -0.0524721295 -0.1523087472 0.9869390726
189.9 163.4 2343.2 0.5539763570 -0.5693097115 0.6074509621 0.5065987110 0.8095250130 0.2966935039 -0.6606572270 0.1433726698 0.7368692756
2.9 -7.6 2566.2 0.5917397141 -0.6591263413 0.4641083777 0.6694858670 0.7225140333 0.1725171357 -0.4490354061 0.2086287737 0.8688160181
481.0 148.1 2327.9 -0.6492119431 -0.2695647478 0.7112374306 -0.7513335347 0.3728576303 -0.5444952846 -0.1184135601 -0.8878693581 -0.4445966780
293.5 -68.9 2293.7 -0.9072480798 -0.2695647478 -0.3228556514 0.2107833922 0.3728576303 -0.9036301970 0.3639660478 -0.8878693581 -0.2814545929
230.2 -232.7 2407.8 0.9987158775 0.0500063710 0.0081239166 -0.0380985439 0.8470275402 -0.5301818848 -0.0333936550 0.5291915536 0.8478450179
210.3 -569.3 2197.5 0.9963619113 0.0820565298 0.0230140518 -0.0739092827 0.9664391279 -0.2460342795 -0.0424304008 0.2434382290 0.9689878821
413.1 -241.9 2401.6 0.9079756141 0.2466333210 -0.3387511075 -0.2618880272 0.9650980234 0.0007007924 0.3271008730 0.0880785584 0.9408757687
315.1 -625.4 2366.6 0.9515872002 0.0835420713 -0.2958083153 -0.0393628553 0.9875535369 0.1522779465 0.3048481643 -0.1332618892 0.9430317283
-163.0 -195.2 2692.1 0 0 0 0 0 0 0 0 0
33.5 -8.5 2398.0 0 0 0 0 0 0 0 0 0
179.0 -937.7 2104.7 0 0 0 0 0 0 0 0 0
283.2 -1002.5 2417.5 0 0 0 0 0 0 0 0 0
338.0 357.0 2284.1 65 0.9954616427 0.0419808254 0.0854030922 -0.0579699390 0.9792168140 0.1943550110 -0.0754689649 -0.1984237731 0.9772064686
329.4 155.8 2324.8 0.9954616427 0.0419808254 0.0854030922 -0.0579699390 0.9792168140 0.1943550110 -0.0754689649 -0.1984237731 0.9772064686
320.5 -40.3 2355.4 0.9955070615 0.0447783284 0.0834303871 -0.0569414459 0.9870987535 0.1496454626 -0.0756531581 -0.1537237614 0.9852134585
184.1 164.1 2335.9 0.5405170918 -0.5624011159 0.6257365942 0.5040003657 0.8119712472 0.2944253683 -0.6736652851 0.1562295407 0.7223346829
1.6 -6.0 2563.3 0.5838971138 -0.6510449052 0.4849790931 0.6668267846 0.7253534794 0.1708927751 -0.4630401433 0.2236132771 0.8576659560
474.8 147.5 2313.8 -0.6302188635 -0.2957356870 0.7178890109 -0.7693265080 0.3625345230 -0.5260279775 -0.1046942919 -0.8838037848 -0.4559933841
305.3 -59.4 2285.6 -0.9171724916 -0.2957356870 -0.2670861781 0.1509168148 0.3625345230 -0.9196699858 0.3688071966 -0.8838037848 -0.2878752053
226.4 -231.8 2400.9 0.9988012910 0.0417366475 0.0255735368 -0.0218078233 0.8471697569 -0.5308746099 -0.0438220501 0.5296805501 0.8470644355
209.8 -568.4 2190.4 0.9965702295 0.0743317753 0.0363670401 -0.0618954264 0.9612566233 -0.2686161101 -0.0549247712 0.2654438913 0.9625605345
409.2 -241.4 2391.3 0.9172674417 0.2424174249 -0.3159971237 -0.2537783682 0.9672475457 0.0053639826 0.3069477379 0.0752730295 0.9487450123
312.9 -625.7 2361.4 0.9588977098 0.0787388086 -0.2726084888 -0.0349823311 0.9862033725 0.1617998034 0.2815873325 -0.1456129700 0.9484226108
-162.0 -192.9 2693.0 0 0 0 0 0 0 0 0 0
43.3 -16.2 2391.0 0 0 0 0 0 0 0 0 0
181.5 -935.2 2089.1 0 0 0 0 0 0 0 0 0
282.8 -1002.4 2417.0 0 0 0 0 0 0 0 0 0
331.7 354.9 2271.9 66 0.9943803549 0.0394757204 0.0982310623 -0.0579658002 0.9794510603 0.1931722760 -0.0885869041 -0.1977807730 0.9762351513
323.6 154.0 2312.5 0.9943803549 0.0394757204 0.0982310623 -0.0579658002 0.9794510603 0.1931722760 -0.0885869041 -0.1977807730 0.9762351513
315.1 -42.1 2343.3 0.9944300056 0.0425174758 0.0964426026 -0.0567748100 0.9870120287 0.1502791792 -0.0888005197 -0.1549176425 0.9839283228
178.4 162.3 2325.4 0.5314546227 -0.5604067445 0.6352167130 0.5035923123 0.8120012283 0.2950403094 -0.6811392903 0.1630897075 0.7137583494
-1.1 -7.7 2555.4 0.5776121616 -0.6481417418 0.4962624311 0.6665885448 0.7254137993 0.1715650707 -0.4711940885 0.2317047715 0.8510516882
468.8 145.7 2299.5 -0.6195880771 -0.3149605095 0.7189648747 -0.7822673321 0.3231158555 -0.5325917602 -0.0645635724 -0.8924102187 -0.4465820491
317.2 -45.6 2283.7 -0.9315990806 -0.3149605095 -0.1814471483 0.0745089352 0.3231158555 -0.9434217215 0.3557690382 -0.8924102187 -0.2775470614
220.4 -231.3 2392.8 0.9988294840 0.0308469422 0.0372578390 -0.0068162829 0.8523396850 -0.5229441524 -0.0478875637 0.5220780969 0.8515522480
208.1 -569.9 2185.4 0.9971562624 0.0612612292 0.0438920185 -0.0460682511 0.9564272165 -0.2883135378 -0.0596419647 0.2854716182 0.9565295577
402.8 -241.7 2379.0 0.9270821214 0.2273971587 -0.2980088890 -0.2295914739 0.9728807807 0.0281205624 0.2963216603 0.0423502289 0.9541488290
312.5 -628.0 2362.2 0.9589741826 0.0873114094 -0.2697132826 -0.0505289361 0.9887995124 0.1404363066 0.2789540291 -0.1210464612 0.9526449442
-163.0 -194.5 2687.5 0 0 0 0 0 0 0 0 0
51.8 -24.4 2385.1 0 0 0 0 0 0 0 0 0
184.7 -935.1 2076.4 0 0 0 0 0 0 0 0 0
279.2 -1005.7 2408.4 0 0 0 0 0 0 0 0 0
324.1 351.3 2258.8 67 0.9894152284 0.0343672410 0.1409836113 -0.0615859851 0.9791616201 0.1935191751 -0.1313950121 -0.2001534402 0.9709140062
317.0 151.4 2299.7 0.9894152284 0.0343672410 0.1409836113 -0.0615859851 0.9791616201 0.1935191751 -0.1313950121 -0.2001534402 0.9709140062
309.1 -44.8 2330.7 0.9894354939 0.0401577391 0.1393009722 -0.0610516556 0.9869313240 0.1491284966 -0.1314918250 -0.1560575813 0.9789565802
172.7 160.3 2318.9 0.5037662387 -0.5494747758 0.6665561199 0.5020677447 0.8141512871 0.2916945815 -0.7029563189 0.1877104342 0.6860154271
2.7 -9.2 2556.1 0.5595344305 -0.6345598102 0.5331557393 0.6646856666 0.7278304100 0.1686888337 -0.4950900972 0.2599937320 0.8290289640
461.4 142.4 2280.5 -0.6179581285 -0.3266814947 0.7151272297 -0.7861067653 0.2419246137 -0.5687782168 0.0128024435 -0.9136474729 -0.4063057899
325.5 -30.5 2283.3 -0.9417681098 -0.3266814947 -0.0796995535 -0.0018054796 0.2419246137 -0.9702933431 0.3362581730 -0.9136474729 -0.2284266949
215.5 -233.0 2382.2 0.9971325994 0.0231721941 0.0720387846 0.0170952268 0.8583775759 -0.5127335787 -0.0737176389 0.5124948621 0.8555201292
206.3 -574.1 2178.5 0.9956551790 0.0545612834 0.0754571036 -0.0296725053 0.9540120959 -0.2982958555 -0.0882624015 0.2947608232 0.9514861107
397.8 -243.4 2365.9 0.9422830939 0.2177672535 -0.2543225884 -0.2151160836 0.9758275151 0.0385456719 0.2565689683 0.0183879454 0.9663509727
311.4 -631.0 2358.6 0.9717276692 0.0744024888 -0.2240751088 -0.0376037210 0.9857061505 0.1642235667 0.2330908477 -0.1511545330 0.9606357217
-154.1 -195.4 2694.8 0 0 0 0 0 0 0 0 0
57.6 -31.0 2379.0 0 0 0 0 0 0 0 0 0
185.5 -938.5 2066.0 0 0 0 0 0 0 0 0 0
282.9 -1007.4 2416.3 0 0 0 0 0 0 0 0 0
317.5 350.3 2243.8 68 0.9914699197 0.0314889066 0.1264748573 -0.0565086752 0.9782834649 0.1994196624 -0.1174487621 -0.2048655301 0.9717180133
311.1 150.9 2285.6 0.9914699197 0.0314889066 0.1264748573 -0.0565086752 0.9782834649 0.1994196624 -0.1174487621 -0.2048655301 0.9717180133
303.9 -45.0 2318.1 0.9914734960 0.0366985910 0.1250340939 -0.0564050823 0.9858398438 0.1579186171 -0.1174682006 -0.1636246741 0.9795040488
166.4 159.1 2302.7 0.5105952621 -0.5564864278 0.6554504633 0.4990276396 0.8125772476 0.3011471927 -0.7001884580 0.1733235866 0.6926001906
-5.9 -9.4 2539.1 0.5626403689 -0.6420582533 0.5207658410 0.6636577249 0.7264084816 0.1785753369 -0.4929444790 0.2451365888 0.8348135948
455.8 142.6 2268.4 -0.6136115789 -0.3155041039 0.7238356471 -0.7895335555 0.2325654328 -0.5679349303 0.0108466633 -0.9199839234 -0.3918059170
320.8 -31.1 2270.8 -0.9462594390 -0.3155041039 -0.0710648894 -0.0045016687 0.2325654328 -0.9725703597 0.3233771920 -0.9199839234 -0.2214875370
210.4 -235.3 2373.8 0.9977169037 0.0238763448 0.0631732792 0.0115223164 0.8615226746 -0.5075883865 -0.0665445700 0.5071573853 0.8592806458
200.9 -577.7 2172.2 0.9969829321 0.0390007570 0.0671117827 -0.0187566411 0.9600312114 -0.2792638540 -0.0753209069 0.2771624923 0.9578662515
391.7 -246.5 2349.7 0.9425056577 0.2061361670 -0.2630418539 -0.1953070164 0.9784528017 0.0669724494 0.2711794674 -0.0117479926 0.9624571204
309.9 -635.0 2354.3 0.9639352560 0.0835534260 -0.2526808083 -0.0559343137 0.9918370843 0.1145885438 0.2601924837 -0.0963224098 0.9607402682
-163.6 -195.4 2677.2 0 0 0 0 0 0 0 0 0
51.7 -32.4 2362.8 0 0 0 0 0 0 0 0 0
186.1 -944.3 2066.4 0 0 0 0 0 0 0 0 0
278.0 -1013.3 2391.1 0 0 0 0 0 0 0 0 0
312.3 352.1 2230.3 69 0.9913432002 0.0302579142 0.1277618110 -0.0558358803 0.9778627753 0.2016598731 -0.1188317165 -0.2070478350 0.9710871577
306.1 151.7 2272.7 0.9913432002 0.0302579142 0.1277618110 -0.0558358803 0.9778627753 0.2016598731 -0.1188317165 -0.2070478350 0.9710871577
299.1 -44.3 2304.8 0.9913675189 0.0354288705 0.1262350827 -0.0551101491 0.9862169623 0.1560093760 -0.1189679429 -0.1616194546 0.9796559215
161.4 159.8 2290.1 0.5091312528 -0.5570268631 0.6561298966 0.5008884668 0.8116981387 0.3004278541 -0.6999257803 0.1756906956 0.6922692060
-10.5 -9.4 2526.4 0.5613327622 -0.6424129009 0.5217386484 0.6651644111 0.7253109217 0.1774270386 -0.4924041629 0.2474463880 0.8344509602
450.8 143.7 2255.3 -0.6127616167 -0.3170340657 0.7238871455 -0.7902038097 0.2341478616 -0.5663503408 0.0100557320 -0.9190561175 -0.3939983547
316.0 -30.2 2257.6 -0.9458016157 -0.3170340657 -0.0703469738 -0.0061776550 0.2341478616 -0.9721813798 0.3246862292 -0.9190561175 -0.2234159559
205.7 -235.8 2361.3 0.9976759553 0.0187960416 0.0654934794 0.0153995501 0.8741279840 -0.4854514599 -0.0663742498 0.4853318036 0.8718070388
198.2 -583.0 2168.5 0.9971302152 0.0333413966 0.0679681376 -0.0119549548 0.9558795094 -0.2935156226 -0.0747555718 0.2918607593 0.9535349607
387.4 -246.1 2339.8 0.9443464279 0.2001834661 -0.2610294223 -0.1887980849 0.9796409011 0.0682570934 0.2693790197 -0.0151764955 0.9629146457
307.9 -635.3 2345.8 0.9660916328 0.0846264735 -0.2439370155 -0.0492950864 0.9878371954 0.1474708766 0.2534500062 -0.1304454803 0.9585129619
-167.9 -195.8 2664.4 0 0 0 0 0 0 0 0 0
47.0 -31.9 2349.9 0 0 0 0 0 0 0 0 0
185.5 -948.2 2057.0 0 0 0 0 0 0 0 0 0
275.6 -1012.2 2395.6 0 0 0 0 0 0 0 0 0
305.9 352.3 2217.0 70 0.9896912575 0.0260341577 0.1408312023 -0.0533206277 0.9796273112 0.1936161071 -0.1329214573 -0.1991293728 0.9709167480
300.6 151.6 2257.8 0.9896912575 0.0260341577 0.1408312023 -0.0533206277 0.9796273112 0.1936161071 -0.1329214573 -0.1991293728 0.9709167480
294.4 -44.4 2289.5 0.9896961451 0.0315767042 0.1396581978 -0.0531533100 0.9867056012 0.1535800844 -0.1329519749 -0.1594209075 0.9782171249
156.1 159.4 2277.2 0.4985092878 -0.5558080673 0.6652562618 0.5035783648 0.8103201389 0.2996498644 -0.7056183815 0.1856304407 0.6838450432
-12.2 -10.6 2515.5 0.5533499122 -0.6400498748 0.5330479145 0.6673919559 0.7236000896 0.1760421097 -0.4983892739 0.2583390176 0.8275681734
445.1 143.9 2238.4 -0.6112860441 -0.3302209079 0.7192242146 -0.7912383676 0.2360971719 -0.5640921593 0.0164682306 -0.9138994813 -0.4056063592
310.6 -30.2 2242.0 -0.9411617517 -0.3302209079 -0.0718934983 -0.0086126961 0.2360971719 -0.9716913104 0.3378466368 -0.9138994813 -0.2250497192
201.2 -235.2 2347.8 0.9968093038 0.0130167706 0.0787513182 0.0259110238 0.8804143071 -0.4734968245 -0.0754971877 0.4740265608 0.8772678971
196.0 -585.0 2159.5 0.9964012504 0.0290561169 0.0796259716 -0.0076504201 0.9664039016 -0.2569143772 -0.0844157785 0.2553806305 0.9631483555
383.0 -245.3 2326.0 0.9488333464 0.1957593262 -0.2477773428 -0.1854158789 0.9805309772 0.0646521375 0.2556096315 -0.0154022500 0.9666574001
305.2 -634.9 2332.1 0.9729626775 0.0795684606 -0.2168235481 -0.0340852514 0.9779714346 0.2059370577 0.2284333259 -0.1929785907 0.9542418122
-167.3 -197.7 2655.2 0 0 0 0 0 0 0 0 0
42.8 -32.7 2338.1 0 0 0 0 0 0 0 0 0
184.9 -954.0 2062.0 0 0 0 0 0 0 0 0 0
274.9 -1007.6 2405.7 0 0 0 0 0 0 0 0 0
299.1 355.2 2202.9 71 0.9956645370 0.0196668282 0.0909137577 -0.0370584205 0.9803443551 0.1937824488 -0.0853157043 -0.1963114440 0.9768229127
295.1 153.6 2243.3 0.9956645370 0.0196668282 0.0909137577 -0.0370584205 0.9803443551 0.1937824488 -0.0853157043 -0.1963114440 0.9768229127
289.8 -42.6 2274.5 0.9955939651 0.0263535157 0.0899897888 -0.0400766730 0.9872142076 0.1542789340 -0.0847734064 -0.1572056711 0.9839206338
149.8 159.4 2255.6 0.5252475142 -0.5750235915 0.6272662282 0.5113174915 0.8024945259 0.3075010777 -0.6801981330 0.1592180431 0.7155278921
-27.4 -13.1 2485.1 0.5676971674 -0.6615049243 0.4900317788 0.6755133271 0.7145353556 0.1819915473 -0.4705333412 0.2277069092 0.8524951339
440.3 147.7 2230.9 -0.6009508967 -0.2885363400 0.7453890443 -0.7991697788 0.2328038812 -0.5541930795 -0.0136246160 -0.9287352562 -0.3704932332
308.1 -28.1 2227.9 -0.9562572241 -0.2885363400 -0.0481545366 -0.0212831479 0.2328038812 -0.9722908139 0.2917517722 -0.9287352562 -0.2287613600
197.3 -235.6 2333.3 0.9990676045 0.0088299010 0.0422603153 0.0121682277 0.8815863729 -0.4718658924 -0.0414226465 0.4719401598 0.8806569576
193.8 -586.0 2145.8 0.9988505840 0.0211583655 0.0430092327 -0.0122812223 0.9803172946 -0.1970461905 -0.0463318676 0.1962915063 0.9794503450
378.8 -245.4 2309.0 0.9374645948 0.1950240582 -0.2883154452 -0.1742896736 0.9799858928 0.0961808562 0.3013026416 -0.0399157405 0.9526927471
301.4 -634.7 2324.8 0.9654967189 0.0611687005 -0.2531293333 0.0049839737 0.9675037861 0.2528073490 0.2603675127 -0.2453462631 0.9338169098
-186.5 -202.4 2617.0 0 0 0 0 0 0 0 0 0
36.1 -34.1 2310.9 0 0 0 0 0 0 0 0 0
185.8 -959.7 2071.0 0 0 0 0 0 0 0 0 0
278.0 -1003.3 2418.3 0 0 0 0 0 0 0 0 0
291.4 356.9 2189.3 72 0.9889817834 0.0114955092 0.1475903094 -0.0394603387 0.9813797474 0.1879804730 -0.1426812112 -0.1917332262 0.9710202813
289.1 155.6 2228.7 0.9889817834 0.0114955092 0.1475903094 -0.0394603387 0.9813797474 0.1879804730 -0.1426812112 -0.1917332262 0.9710202813
284.9 -40.7 2259.2 0.9889296293 0.0205470305 0.1469556391 -0.0426637232 0.9879202843 0.1489741653 -0.1421194822 -0.1535946429 0.9778602719
144.8 161.9 2249.4 0.4868707955 -0.5624384284 0.6682962775 0.5135855675 0.8032039404 0.3018166423 -0.7065314651 0.1962815970 0.6799167991
-19.3 -11.3 2487.6 0.5417437553 -0.6451485753 0.5387921333 0.6765524745 0.7150635719 0.1759568304 -0.4987889528 0.2691976726 0.8238581419
433.3 149.4 2207.9 -0.6033921838 -0.3407111168 0.7209950089 -0.7972624898 0.2384222299 -0.5545514822 0.0170406178 -0.9094343185 -0.4154983163
300.5 -26.0 2211.7 -0.9379552603 -0.3407111168 -0.0644659996 -0.0198722761 0.2384222299 -0.9709582329 0.3461863995 -0.9094343185 -0.2304000854
193.4 -235.1 2313.5 0.9957563281 0.0043898881 0.0919242576 0.0376358032 0.8920904994 -0.4502866566 -0.0839814693 0.4518354535 0.8881395459
191.7 -589.5 2134.0 0.9956181049 0.0271618180 0.0894811749 -0.0104000270 0.9831127524 -0.1827051789 -0.0929326862 0.1809739769 0.9790872931
375.8 -242.4 2298.0 0.9512103200 0.1963954270 -0.2379659414 -0.1859226823 0.9803510904 0.0659124106 0.2462350726 -0.0184532963 0.9690344334
297.8 -631.9 2305.3 0.9813586473 0.0528639853 -0.1847719103 0.0042530056 0.9552157521 0.2958795726 0.1921384186 -0.2911497951 0.9371843934
-171.1 -200.8 2627.3 0 0 0 0 0 0 0 0 0
33.7 -31.6 2310.1 0 0 0 0 0 0 0 0 0
181.3 -964.7 2065.0 0 0 0 0 0 0 0 0 0
277.6 -996.0 2416.3 0 0 0 0 0 0 0 0 0
283.2 358.3 2176.0 73 0.9890852571 0.0000405970 0.1473443359 -0.0266874731 0.9835097194 0.1788752675 -0.1449073255 -0.1808551401 0.9727760553
283.2 156.1 2213.2 0.9890852571 0.0000405970 0.1473443359 -0.0266874731 0.9835097194 0.1788752675 -0.1449073255 -0.1808551401 0.9727760553
281.3 -40.5 2242.4 0.9890664220 0.0092850085 0.1471781582 -0.0306723453 0.9891425967 0.1437223405 -0.1442457139 -0.1466652453 0.9786125422
138.8 160.6 2234.3 0.4799515605 -0.5706837773 0.6663081050 0.5234344006 0.7957836390 0.3045402467 -0.7040333152 0.2026040405 0.6806531549
-23.1 -16.1 2471.8 0.5335578322 -0.6522821784 0.5383716226 0.6856029630 0.7063099146 0.1762806773 -0.4952419400 0.2750532627 0.8240637779
427.5 151.6 2192.2 -0.5944724679 -0.3450890183 0.7263029814 -0.8040181994 0.2410067022 -0.5435719490 0.0125368182 -0.9070994258 -0.4207296968
296.7 -25.3 2194.9 -0.9370077848 -0.3450890183 -0.0541297682 -0.0327259079 0.2410067022 -0.9699715376 0.3477721512 -0.9070994258 -0.2371184975
190.3 -233.1 2302.7 0.9950656891 0.0106697194 0.0986429676 0.0351595134 0.8917648792 -0.4511310458 -0.0927797779 0.4523732662 0.8869894743
186.1 -587.4 2122.9 0.9953185916 -0.0011128583 0.0966419727 0.0139004942 0.9911857843 -0.1317478418 -0.0956435353 0.1324744374 0.9865611196
371.3 -240.9 2276.7 0.9538905621 0.1907947361 -0.2317112535 -0.1760109216 0.9808759689 0.0830810666 0.2431314439 -0.0384665392 0.9692303538
295.5 -630.5 2291.9 0.9831256866 0.0487609766 -0.1763129979 0.0117702940 0.9449616671 0.3269692659 0.1825523674 -0.3235271275 0.9284421206
-172.6 -208.2 2610.6 0 0 0 0 0 0 0 0 0
30.1 -34.6 2293.9 0 0 0 0 0 0 0 0 0
186.5 -965.4 2072.4 0 0 0 0 0 0 0 0 0
276.9 -991.0 2415.3 0 0 0 0 0 0 0 0 0
275.8 360.3 2164.9 74 0.9825437069 0.0026214812 0.1860134602 -0.0353815444 0.9842829704 0.1730177701 -0.1826363206 -0.1765789688 0.9671937823
275.3 158.5 2201.1 0.9825437069 0.0026214812 0.1860134602 -0.0353815444 0.9842829704 0.1730177701 -0.1826363206 -0.1765789688 0.9671937823
272.7 -38.2 2229.0 0.9825181961 0.0128779523 0.1857206076 -0.0386295654 0.9899944663 0.1357154101 -0.1821146458 -0.1405171603 0.9731850624
131.9 164.2 2227.7 0.4575782120 -0.5551661849 0.6945593953 0.5239512324 0.7994604707 0.2938333750 -0.7183991075 0.2294635028 0.6566956639
-22.5 -12.6 2470.1 0.5205885768 -0.6347414255 0.5710436702 0.6841478944 0.7102527022 0.1657792926 -0.5108122826 0.3043754995 0.8040064573
418.6 152.9 2174.5 -0.6010089517 -0.3771759868 0.7046463490 -0.7986776233 0.2502910495 -0.5472370982 0.0300380215 -0.8916797042 -0.4516691864
286.4 -22.8 2181.1 -0.9233272672 -0.3771759868 -0.0721458420 -0.0266218651 0.2502910495 -0.9678045511 0.3830901086 -0.8916797042 -0.2411416769
188.9 -234.2 2284.7 0.9913414717 0.0211806539 0.1295894682 0.0347547308 0.9093843102 -0.4145025015 -0.1266260594 0.4154173732 0.9007742405
180.4 -595.3 2119.8 0.9911252856 -0.0264464971 0.1302736253 0.0447259396 0.9892174006 -0.1394578218 -0.1251807809 0.1440467834 0.9816212654
370.1 -239.8 2258.3 0.9629601836 0.1922761202 -0.1890437454 -0.1754055321 0.9791554809 0.1024084091 0.2047939003 -0.0654559061 0.9766140580
293.7 -628.7 2284.3 0.9898255467 0.0406930223 -0.1363433301 0.0079451948 0.9409291744 0.3385102153 0.1420644224 -0.3361493051 0.9310324192
-168.4 -204.3 2613.2 0 0 0 0 0 0 0 0 0
23.7 -30.4 2290.1 0 0 0 0 0 0 0 0 0
190.5 -972.7 2064.8 0 0 0 0 0 0 0 0 0
278.1 -987.9 2412.6 0 0 0 0 0 0 0 0 0
266.3 362.8 2151.3 75 0.9824047089 -0.0038231479 0.1867253184 -0.0285825003 0.9849351645 0.1705453545 -0.1845643520 -0.1728816330 0.9674956799
267.1 161.1 2186.7 0.9824047089 -0.0038231479 0.1867253184 -0.0285825003 0.9849351645 0.1705453545 -0.1845643520 -0.1728816330 0.9674956799
266.1 -35.7 2214.1 0.9824027419 0.0054360321 0.1866956949 -0.0309959929 0.9904608130 0.1342632622 -0.1841849089 -0.1376874149 0.9731999040
123.7 165.6 2213.6 0.4524323046 -0.5603222251 0.6937896013 0.5290170908 0.7949317694 0.2970259190 -0.7179456353 0.2326424271 0.6560728550
-29.0 -12.9 2456.0 0.5147766471 -0.6391219497 0.5714263916 0.6891294718 0.7049716115 0.1676770151 -0.5100054741 0.3074705601 0.8033406734
410.5 156.6 2159.9 -0.5951564908 -0.3807724714 0.7076730132 -0.8030887842 0.2501122057 -0.5408256054 0.0289338473 -0.8902000785 -0.4546500146
279.6 -20.1 2166.2 -0.9223365784 -0.3807724714 -0.0656320006 -0.0344017111 0.2501122057 -0.9676055312 0.3848529160 -0.8902000785 -0.2437868565
