301.9 532.1 3111.8 24 -0.1713695824 0.0988292247 -0.9802373648 -0.0951105282 0.9886491299 0.1163049713 0.9806051254 0.1131620258 -0.1600246876
282.2 335.2 3089.3 -0.1713695824 0.0988292247 -0.9802373648 -0.0951105282 0.9886491299 0.1163049713 0.9806051254 0.1131620258 -0.1600246876
264.3 138.4 3068.2 -0.1704479903 0.0902351290 -0.9812263250 -0.0854622573 0.9906919599 0.1059511751 0.9816535711 0.1019169763 -0.1611497551
306.0 347.2 2952.2 -0.0260363407 0.3919014931 -0.9196386933 0.9715534449 0.2265359610 0.0690315440 0.2353847921 -0.8916808367 -0.3866513968
314.1 46.5 2879.4 -0.3510244787 0.4517156482 -0.8202041388 0.9319136739 0.0832122937 -0.3530050814 -0.0912068561 -0.8882728815 -0.4501695633
258.4 323.3 3226.4 0.3851164579 0.6606111526 0.6444208622 -0.5572339296 -0.3901661634 0.7329807281 0.7356464267 -0.6413760781 0.2178555280
404.3 112.1 3505.2 -0.7063536644 0.6606111526 -0.2542783022 -0.0336649008 -0.3901661634 -0.9201288223 -0.7070581317 -0.6413760781 0.2978346944
274.9 -59.0 2969.6 0.1128980890 0.0876393169 -0.9897339940 0.0521538630 0.9942066669 0.0939845145 0.9922368526 -0.0622291230 0.1076733023
240.1 -453.9 2994.3 0.1076306775 0.2521704137 -0.9616786242 0.0318936221 0.9659240246 0.2568531632 0.9936792254 -0.0583166964 0.0959204286
230.8 -66.1 3136.7 -0.7199302316 -0.1223470047 -0.6831776500 -0.0608342178 0.9916752577 -0.1134874672 0.6913751960 -0.0401424803 -0.7213798761
277.2 -442.1 3152.0 -0.7302631140 -0.0044199578 -0.6831517220 0.1003801823 0.9884313941 -0.1136976853 0.6757511497 -0.1516041160 -0.7213713527
412.3 -214.2 2904.9 0 0 0 0 0 0 0 0 0
217.7 103.2 3318.4 0 0 0 0 0 0 0 0 0
172.5 -712.6 3009.9 0 0 0 0 0 0 0 0 0
278.9 -819.2 3209.8 0 0 0 0 0 0 0 0 0
285.6 517.9 3082.2 25 -0.3165108860 0.0637710690 -0.9464429021 -0.0330042206 0.9963932633 0.0781740397 0.9480145574 0.0559795424 -0.3132646084
273.0 320.4 3071.1 -0.3165108860 0.0637710690 -0.9464429021 -0.0330042206 0.9963932633 0.0781740397 0.9480145574 0.0559795424 -0.3132646084
262.3 122.3 3058.5 -0.3168323040 0.0530775078 -0.9469952583 -0.0384872295 0.9968912005 0.0687506050 0.9477003813 0.0582296364 -0.3138045371
317.6 325.8 2938.9 0.0412255339 0.5190414786 -0.8537542820 0.9694575667 0.1859835088 0.1598815620 0.2417693734 -0.8342697620 -0.4955214560
305.9 50.2 2870.2 -0.3174738586 0.5227737427 -0.7911497951 0.9482670426 0.1749534309 -0.2649168670 -0.0000772128 -0.8343254328 -0.5512722135
228.4 314.9 3203.3 0.2794639468 0.7588884830 0.5882076025 -0.5062354803 -0.4040904045 0.7618638873 0.8158587813 -0.5106850266 0.2712475657
334.3 123.1 3512.5 -0.5890069008 0.7588884830 -0.2777754068 -0.0914169177 -0.4040904045 -0.9101395011 -0.8029407263 -0.5106850266 0.3073872626
269.3 -58.5 2961.9 -0.0424149595 0.0809770301 -0.9958130717 0.0941458419 0.9925990105 0.0767056867 0.9946544766 -0.0904981941 -0.0497246981
237.8 -445.0 2997.1 -0.0527114160 0.2426478714 -0.9686813354 0.0532488935 0.9693328142 0.2399134934 0.9971891046 -0.0389350317 -0.0640156344
222.3 -79.3 3132.7 -0.8164167404 -0.1313031465 -0.5623372793 -0.0407856107 0.9844856262 -0.1706591547 0.5760210156 -0.1163937226 -0.8091058135
272.0 -451.9 3176.8 -0.8268868923 0.0020909170 -0.5623643994 0.1184002087 0.9782260656 -0.1704556644 0.5497630835 -0.2075316161 -0.8091298938
395.4 -217.1 2870.2 0 0 0 0 0 0 0 0 0
178.7 98.9 3300.3 0 0 0 0 0 0 0 0 0
169.6 -717.3 3008.1 0 0 0 0 0 0 0 0 0
271.2 -824.9 3255.9 0 0 0 0 0 0 0 0 0
293.5 534.5 3080.5 26 -0.4350793958 0.1295742095 -0.8910198808 -0.0493139178 0.9846764207 0.1672736406 0.8990406394 0.1167169958 -0.4220226109
261.2 288.7 3051.4 -0.4350793958 0.1295742095 -0.8910198808 -0.0493139178 0.9846764207 0.1672736406 0.8990406394 0.1167169958 -0.4220226109
254.9 90.3 3054.7 -0.4285135567 0.0295393467 -0.9030523300 0.0325558819 0.9993212223 0.0172400419 0.9029486179 -0.0220120717 -0.4291843772
321.8 284.1 2925.5 0.0994403362 0.6149785519 -0.7822486758 0.9529793859 0.1672987193 0.2526686490 0.2862550020 -0.7705923319 -0.5694256425
297.1 47.8 2854.5 -0.3115555644 0.5985466838 -0.7380210161 0.9497582316 0.2205683440 -0.2220560312 0.0298731718 -0.7701243162 -0.6371939182
200.6 293.4 3177.2 0.1868280619 0.8215302825 0.5386866331 -0.4286738932 -0.4252086282 0.7971426249 0.8839309812 -0.3798494935 0.2727276683
271.4 130.9 3512.2 -0.4859695733 0.8215302825 -0.2981972098 -0.1737673432 -0.4252086282 -0.8882581592 -0.8565269709 -0.3798494935 0.3493936062
283.1 -81.3 2966.7 -0.1709561795 0.1356509477 -0.9758958817 0.1106134206 0.9868578315 0.1177975610 0.9790498614 -0.0878089592 -0.1837142557
230.6 -463.3 3000.6 -0.1847565770 0.2300496995 -0.9554800391 0.0536723472 0.9731283784 0.2239205092 0.9813176394 -0.0099120755 -0.1921391785
208.8 -104.9 3140.7 -0.8691261411 -0.1537369937 -0.4700900614 -0.0837547854 0.9824848771 -0.1664591432 0.4874472916 -0.1053017005 -0.8667795062
266.4 -473.1 3180.2 -0.8792902231 -0.0847428292 -0.4686868787 -0.0014450741 0.9845143557 -0.1752980500 0.4762842059 -0.1534605622 -0.8657962680
384.7 -219.1 2846.1 0 0 0 0 0 0 0 0 0
143.0 85.0 3285.9 0 0 0 0 0 0 0 0 0
171.1 -714.7 3003.2 0 0 0 0 0 0 0 0 0
297.5 -834.5 3236.5 0 0 0 0 0 0 0 0 0
298.2 533.1 3080.1 27 -0.2958092988 0.1520886123 -0.9430620074 -0.0500342101 0.9834221005 0.1742917150 0.9539357424 0.0987424701 -0.2832957506
264.2 313.2 3058.1 -0.2958092988 0.1520886123 -0.9430620074 -0.0500342101 0.9834221005 0.1742917150 0.9539357424 0.0987424701 -0.2832957506
249.5 115.1 3052.1 -0.2905482650 0.0720914975 -0.9541407228 -0.0035562080 0.9970695376 0.0764179602 0.9568537474 0.0255962275 -0.2894404531
305.4 313.8 2924.5 0.0774069279 0.5047320724 -0.8597986698 0.9589025378 0.1984263957 0.2028124332 0.2729727030 -0.8401622176 -0.4686292708
283.2 39.2 2846.3 -0.3461412787 0.4924233854 -0.7985646129 0.9364687204 0.2327702045 -0.2623820305 0.0566789955 -0.8386520147 -0.5417104959
223.0 312.7 3191.6 0.2935301661 0.7369862199 0.6088442802 -0.4859773815 -0.4334162474 0.7589310408 0.8232046962 -0.5186536908 0.2309378982
334.3 128.5 3503.6 -0.6129674911 0.7369862199 -0.2848195136 -0.1052256674 -0.4334162474 -0.8950295448 -0.7830698490 -0.5186536908 0.3432199359
270.5 -86.4 2966.1 -0.0191679783 0.1235843748 -0.9921489358 0.0748229921 0.9897258282 0.1218369976 0.9970126152 -0.0719001815 -0.0282179955
218.9 -499.9 2996.1 -0.0304294247 0.2295038402 -0.9728319645 0.0272607673 0.9731112123 0.2287170142 0.9991651177 -0.0195604190 -0.0358676650
203.8 -106.8 3141.2 -0.7866426706 -0.2097311765 -0.5806945562 -0.1095539629 0.9730260968 -0.2030225396 0.6076111197 -0.0960887969 -0.7884007096
286.9 -492.0 3179.3 -0.8002070189 -0.0990690216 -0.5914846063 -0.0126882447 0.9888374805 -0.1484568566 0.5995896459 -0.1112913117 -0.7925317287
379.0 -220.0 2830.6 0 0 0 0 0 0 0 0 0
172.3 100.7 3296.7 0 0 0 0 0 0 0 0 0
169.7 -708.3 3000.3 0 0 0 0 0 0 0 0 0
316.9 -791.5 3213.0 0 0 0 0 0 0 0 0 0
303.2 531.3 3080.0 28 -0.1712151468 0.1566351950 -0.9727028012 -0.0602339208 0.9837703705 0.1690197885 0.9833906889 0.0875284523 -0.1590016335
270.2 323.7 3061.5 -0.1712151468 0.1566351950 -0.9727028012 -0.0602339208 0.9837703705 0.1690197885 0.9833906889 0.0875284523 -0.1590016335
249.8 126.2 3050.6 -0.1677209586 0.1011047065 -0.9806362987 -0.0334270336 0.9935718775 0.1081554964 0.9852676392 0.0509197041 -0.1632631868
294.0 328.5 2923.8 0.0719057396 0.4008595347 -0.9133133292 0.9580100775 0.2270706147 0.1750876009 0.2775721550 -0.8875531554 -0.3676998019
272.4 41.0 2840.5 -0.3378239572 0.4137795866 -0.8453764915 0.9400938153 0.1920561939 -0.2816700935 0.0458104536 -0.8898881078 -0.4538727999
246.4 318.9 3199.1 0.3819010258 0.6540681124 0.6529521346 -0.5230926275 -0.4294739962 0.7361563444 0.7619223595 -0.6226933599 0.1781216711
391.1 120.7 3487.9 -0.7092747688 0.6540681124 -0.2629147470 -0.0620832928 -0.4294739962 -0.9009426832 -0.7021929622 -0.6226933599 0.3452217877
252.0 -69.5 2955.9 0.1149648428 0.0845523030 -0.9897646308 0.0941931084 0.9909537435 0.0955947638 0.9888936877 -0.1042190418 0.1059606001
217.6 -473.0 2998.3 0.0931290388 0.1997422725 -0.9754127264 -0.0159121249 0.9798437953 0.1991304159 0.9955269098 -0.0030239350 0.0944302306
205.1 -84.1 3134.1 -0.7153011560 -0.2131228149 -0.6655245423 -0.0730334818 0.9699434042 -0.2321118414 0.6949895024 -0.1174242944 -0.7093667388
289.7 -468.9 3180.6 -0.7140350342 -0.1425495297 -0.6854440570 -0.0820287913 0.9893428087 -0.1203000024 0.6952878833 -0.0296722669 -0.7181186080
367.3 -223.0 2827.7 0 0 0 0 0 0 0 0 0
203.7 104.3 3302.4 0 0 0 0 0 0 0 0 0
169.5 -709.1 2999.0 0 0 0 0 0 0 0 0 0
332.5 -766.0 3189.5 0 0 0 0 0 0 0 0 0
304.0 534.8 3079.4 29 -0.0686911941 0.1412518471 -0.9875876904 -0.0862404183 0.9853795767 0.1469344348 0.9939034581 0.0952630788 -0.0555052795
275.1 333.0 3059.9 -0.0686911941 0.1412518471 -0.9875876904 -0.0862404183 0.9853795767 0.1469344348 0.9939034581 0.0952630788 -0.0555052795
253.5 136.0 3044.1 -0.0664940700 0.1072756797 -0.9920032620 -0.0687650219 0.9913470745 0.1118140444 0.9954144359 0.0756500959 -0.0585418828
284.6 342.7 2920.7 0.0699458793 0.3060026765 -0.9494577050 0.9624536037 0.2295464724 0.1448842883 0.2622796297 -0.9239430428 -0.2784575522
263.1 46.8 2840.0 -0.3087267280 0.3193007410 -0.8959547281 0.9471237063 0.1897896528 -0.2587211132 0.0874330923 -0.9284540415 -0.3610104322
265.5 323.3 3199.0 0.4567624629 0.5865543485 0.6688213944 -0.5490233302 -0.4056959748 0.7307421565 0.6999581456 -0.7009741664 0.1367253512
438.6 115.2 3464.3 -0.7772331834 0.5865543485 -0.2277334929 -0.0385960750 -0.4056959748 -0.9131928086 -0.6280277967 -0.7009741664 0.3379590809
239.8 -61.3 2949.6 0.2177213132 0.0408780500 -0.9751545787 0.1010547876 0.9928085208 0.0641804487 0.9707653522 -0.1125174910 0.2120246440
223.4 -460.4 2994.8 0.1910751611 0.2151844651 -0.9576982260 -0.0276352875 0.9764671922 0.2138879895 0.9811863303 -0.0144024165 0.1925253123
212.4 -74.7 3130.1 -0.6390906572 -0.2425034195 -0.7299008369 -0.1065928116 0.9677618146 -0.2281996012 0.7617093325 -0.0680380464 -0.6443366408
308.6 -458.5 3157.1 -0.6443568468 -0.1453650594 -0.7507817745 -0.0732973814 0.9889868498 -0.1285786033 0.7612041235 -0.0278201662 -0.6479153633
350.5 -221.2 2815.3 0 0 0 0 0 0 0 0 0
233.3 105.0 3298.4 0 0 0 0 0 0 0 0 0
168.2 -711.1 2998.5 0 0 0 0 0 0 0 0 0
351.7 -752.1 3165.4 0 0 0 0 0 0 0 0 0
305.2 538.2 3078.1 30 0.0113339666 0.1393301487 -0.9901811481 -0.0942572132 0.9859843254 0.1376607120 0.9954833388 0.0917714685 0.0243079849
277.0 338.6 3059.5 0.0113339666 0.1393301487 -0.9901811481 -0.0942572132 0.9859843254 0.1376607120 0.9954833388 0.0917714685 0.0243079849
253.6 141.9 3042.5 0.0124881277 0.1166685149 -0.9930924177 -0.0853500441 0.9896696210 0.1151931286 0.9962727427 0.0833219290 0.0223167837
275.4 350.7 2920.0 0.0535792001 0.2319859415 -0.9712423682 0.9652530551 0.2370928675 0.1098795757 0.2557651699 -0.9433819652 -0.2112218887
258.2 41.2 2838.0 -0.3022657633 0.2451157123 -0.9211697578 0.9458757639 0.1968851686 -0.2579830885 0.1181289479 -0.9492915869 -0.2913606465
278.6 326.6 3199.0 0.5088265538 0.5275204182 0.6803071499 -0.5618363619 -0.3952621818 0.7267102003 0.6522541046 -0.7519907355 0.0952602699
471.4 113.7 3446.2 -0.8247811198 0.5275204182 -0.2036132514 -0.0261304118 -0.3952621818 -0.9181966186 -0.5648480654 -0.7519907355 0.3397890925
235.4 -51.2 2938.1 0.2958448529 0.0209579617 -0.9550060630 0.1318903714 0.9892877340 0.0625677109 0.9460870624 -0.1444664448 0.2899115384
227.0 -446.4 2995.8 0.2607356310 0.2153805047 -0.9410781860 -0.0481973402 0.9764846563 0.2101302445 0.9642063975 -0.0094309747 0.2649851143
224.9 -67.5 3119.6 -0.5798357129 -0.2426339835 -0.7777655721 -0.1065161005 0.9690080285 -0.2228852063 0.8077405691 -0.0463922583 -0.5877099037
321.2 -452.2 3138.0 -0.5833916664 -0.1719980240 -0.7937700152 -0.0868388042 0.9849265218 -0.1495954394 0.8075352311 -0.0183426905 -0.5895340443
344.6 -229.0 2804.2 0 0 0 0 0 0 0 0 0
253.5 106.8 3296.9 0 0 0 0 0 0 0 0 0
168.6 -711.2 2998.4 0 0 0 0 0 0 0 0 0
371.5 -740.0 3143.4 0 0 0 0 0 0 0 0 0
304.2 533.4 3052.4 31 0.1190098897 0.1419925690 -0.9826875329 -0.0573005378 0.9890540838 0.1359730363 0.9912382364 0.0401263870 0.1258434653
275.7 335.4 3044.4 0.1190098897 0.1419925690 -0.9826875329 -0.0573005378 0.9890540838 0.1359730363 0.9912382364 0.0401263870 0.1258434653
250.2 138.5 3035.9 0.1192534342 0.1290500164 -0.9844413400 -0.0555215217 0.9908322096 0.1231620237 0.9913102388 0.0399701856 0.1253252029
258.8 343.2 2905.7 0.0344274119 0.1310451329 -0.9907784462 0.9729751945 0.2220969051 0.0631843954 0.2283288389 -0.9661781192 -0.1198574379
248.3 46.8 2836.1 -0.3062808514 0.1414134502 -0.9413789511 0.9415706992 0.1905754209 -0.2777150869 0.1401310414 -0.9714335799 -0.1915203631
292.6 327.6 3183.1 0.5737211108 0.4419099391 0.6896083355 -0.5457739830 -0.4215339422 0.7241821885 0.6107166409 -0.7918489575 -0.0006599670
510.1 120.7 3414.6 -0.8808675408 0.4419099391 -0.1696701646 -0.0369508006 -0.4215339422 -0.9060595036 -0.4719184041 -0.7918489575 0.3876444995
227.8 -45.2 2935.0 0.3963655829 -0.0029129263 -0.9180881381 0.1285466403 0.9903205037 0.0523552448 0.9090489745 -0.1387689561 0.3929034173
228.9 -439.7 2990.3 0.3625961542 0.2182001323 -0.9060423374 -0.0505530648 0.9753781557 0.2146668881 0.9305742383 -0.0320341662 0.3646990359
230.9 -62.7 3116.7 -0.4822133183 -0.2570552826 -0.8374920487 -0.1081223935 0.9661365151 -0.2342857271 0.8693560362 -0.0224240534 -0.4936773181
333.0 -446.4 3125.6 -0.4852308929 -0.1849065572 -0.8546113372 -0.0924255997 0.9827553034 -0.1601548344 0.8694874644 0.0012758950 -0.4939533174
336.5 -224.3 2795.8 0 0 0 0 0 0 0 0 0
277.3 111.0 3289.9 0 0 0 0 0 0 0 0 0
168.3 -710.8 2999.2 0 0 0 0 0 0 0 0 0
388.1 -739.0 3125.2 0 0 0 0 0 0 0 0 0
303.5 535.8 3029.1 32 0.3740431666 0.1057279781 -0.9213649035 -0.0357286669 0.9943856597 0.0996025726 0.9267228246 -0.0043365252 0.3757206798
282.3 337.0 3030.0 0.3740431666 0.1057279781 -0.9213649035 -0.0357286669 0.9943856597 0.0996025726 0.9267228246 -0.0043365252 0.3757206798
259.8 139.7 3027.0 0.3732276559 0.1116870269 -0.9209924936 -0.0431860313 0.9937425256 0.1030083671 0.9267340899 0.0013284369 0.3757155240
230.2 342.9 2902.5 -0.0276749786 -0.1290363371 -0.9912536144 0.9759118557 0.2111867517 -0.0547378622 0.2164027989 -0.9688910246 0.1200834960
238.4 54.6 2838.6 -0.2676804662 -0.1018821672 -0.9581060410 0.9537569880 0.1130934730 -0.2784914374 0.1367288530 -0.9883470535 0.0668979138
334.5 331.1 3157.4 0.7249877453 0.2314948887 0.6486932039 -0.5271806717 -0.4196059406 0.7389258742 0.4432530701 -0.8776906729 -0.1821695566
609.2 131.3 3325.4 -0.9719231129 0.2314948887 -0.0421376899 -0.0606771596 -0.4196059406 -0.9056760669 -0.2273406088 -0.8776906729 0.4218711555
213.4 -52.3 2937.9 0.6165152192 -0.0340079702 -0.7866081595 0.1183192059 0.9917231202 0.0498585030 0.7784019113 -0.1238093823 0.6154361963
226.9 -446.8 2987.2 0.5827170610 0.2185034305 -0.7827497125 -0.0986606628 0.9750730991 0.1987424195 0.8066640496 -0.0385839976 0.5897493958
245.6 -62.8 3114.9 -0.2491780967 -0.2494132668 -0.9357901812 -0.0686495379 0.9683867693 -0.2398214340 0.9660214782 0.0044833189 -0.2584228814
344.1 -445.4 3113.1 -0.2503241301 -0.1938190758 -0.9485630989 -0.0628724098 0.9809427857 -0.1838432550 0.9661184549 0.0136180492 -0.2577395141
315.9 -221.6 2799.0 0 0 0 0 0 0 0 0 0
352.4 115.3 3265.3 0 0 0 0 0 0 0 0 0
167.8 -710.4 2997.6 0 0 0 0 0 0 0 0 0
401.9 -737.7 3109.0 0 0 0 0 0 0 0 0 0
307.0 541.0 3028.9 33 0.4127953351 0.1083429679 -0.9043571353 -0.0320690200 0.9940133691 0.1044459268 0.9102590680 -0.0141129438 0.4137985408
285.2 341.7 3031.8 0.4127953351 0.1083429679 -0.9043571353 -0.0320690200 0.9940133691 0.1044459268 0.9102590680 -0.0141129438 0.4137985408
262.8 144.3 3033.4 0.4126961827 0.1122844964 -0.9039214849 -0.0329621062 0.9935639501 0.1083705798 0.9102721214 -0.0149289668 0.4137411714
227.4 346.3 2905.3 0.0101522645 -0.1704663932 -0.9853112102 0.9776763320 0.2085019499 -0.0259988382 0.2098712325 -0.9630514979 0.1687777191
224.3 50.9 2841.9 -0.2788177133 -0.1501907706 -0.9485269785 0.9439539909 0.1388385296 -0.2994573414 0.1766678244 -0.9788598418 0.1030625403
343.1 337.1 3158.3 0.7430319786 0.1932758391 0.6407401562 -0.5228812695 -0.4299265444 0.7360423803 0.4177303910 -0.8819340467 -0.2183888406
624.7 138.9 3316.6 -0.9808372855 0.1932758391 -0.0245484691 -0.0621745288 -0.4299265444 -0.9007205367 -0.1846415550 -0.8819340467 0.4337048233
205.3 -53.5 2944.5 0.6507889032 -0.0378197581 -0.7583162189 0.0927333236 0.9952405095 0.0299480129 0.7535743713 -0.0898110121 0.6511986256
220.4 -449.1 2980.2 0.6305745840 0.1800151765 -0.7549637556 -0.0592281744 0.9810547233 0.1844551563 0.7738654613 -0.0715975985 0.6292901039
276.6 -61.1 3106.2 -0.2103154808 -0.1960987151 -0.9577644467 -0.0447446741 0.9805804491 -0.1909447312 0.9766091108 0.0026962259 -0.2150056213
354.2 -449.2 3105.1 -0.2031366974 -0.1927155107 -0.9599980116 -0.0820691958 0.9803408980 -0.1794333160 0.9757049680 0.0423367769 -0.2149592340
303.9 -218.6 2791.4 0 0 0 0 0 0 0 0 0
365.6 122.5 3267.8 0 0 0 0 0 0 0 0 0
170.1 -722.9 3000.2 0 0 0 0 0 0 0 0 0
410.2 -733.7 3092.9 0 0 0 0 0 0 0 0 0
311.7 529.5 3042.9 34 0.4208241105 0.1230666563 -0.8987556100 -0.0687880144 0.9922314882 0.1036577150 0.9045304060 0.0182019509 0.4260204136
287.2 332.5 3039.2 0.4208241105 0.1230666563 -0.8987556100 -0.0687880144 0.9922314882 0.1036577150 0.9045304060 0.0182019509 0.4260204136
263.1 135.3 3036.2 0.4216127992 0.1209393814 -0.8986747265 -0.0623724833 0.9925864935 0.1043155566 0.9046282768 0.0120718013 0.4260304570
228.0 341.2 2912.8 0.0543290190 -0.1775817275 -0.9826052785 0.9661509395 0.2578875422 0.0068124169 0.2521919012 -0.9497150779 0.1855815202
211.6 48.7 2836.5 -0.3054989576 -0.1302989721 -0.9432351589 0.9412502050 0.1084193364 -0.3198331594 0.1439388543 -0.9855290055 0.0895219445
346.4 323.8 3165.7 0.7425677776 0.1804843396 0.6449949741 -0.5409051776 -0.4063180983 0.7364286780 0.3949869871 -0.8957293034 -0.2040937990
627.8 118.8 3315.4 -0.9831753969 0.1804843396 -0.0281334762 -0.0484794639 -0.4063180983 -0.9124447107 -0.1761131287 -0.8957293034 0.4082317650
203.7 -50.0 2954.3 0.6594596505 -0.0453752019 -0.7503692508 0.0589933731 0.9982220531 -0.0085168406 0.7494215965 -0.0386503004 0.6609640121
221.7 -446.3 2969.6 0.6454055309 0.1774016470 -0.7429537773 -0.0351454318 0.9785229564 0.2031196654 0.7630311251 -0.1049831286 0.6377789974
280.8 -55.9 3117.0 -0.1997422427 -0.2065007538 -0.9578415751 -0.0758175030 0.9778669477 -0.1950075179 0.9769108295 0.0336699188 -0.2109777182
362.6 -443.6 3103.7 -0.1947520077 -0.1715645343 -0.9657314420 -0.1049315408 0.9825776815 -0.1533965319 0.9752236009 0.0714614093 -0.2093614936
298.4 -218.8 2795.5 0 0 0 0 0 0 0 0 0
368.1 106.0 3268.8 0 0 0 0 0 0 0 0 0
171.1 -725.6 2999.6 0 0 0 0 0 0 0 0 0
413.6 -735.2 3082.5 0 0 0 0 0 0 0 0 0
315.6 526.3 3035.8 35 0.4679817259 0.1371804774 -0.8730261326 -0.0593969114 0.9905273914 0.1238042638 0.8817397952 -0.0060830782 0.4716968238
288.2 328.5 3037.0 0.4679817259 0.1371804774 -0.8730261326 -0.0593969114 0.9905273914 0.1238042638 0.8817397952 -0.0060830782 0.4716968238
263.8 131.3 3037.4 0.4686248600 0.1224844456 -0.8748647571 -0.0544855855 0.9924632907 0.1097632647 0.8817154169 -0.0037702795 0.4717665911
222.3 336.2 2913.5 0.0615117364 -0.2254427671 -0.9723126292 0.9618079662 0.2737125158 -0.0026164649 0.2667239904 -0.9350171089 0.2336691767
204.2 52.7 2834.9 -0.2579919398 -0.1763732880 -0.9499118924 0.9581819177 0.0792800859 -0.2749582529 0.1238043904 -0.9811254144 0.1485440731
354.0 320.8 3160.5 0.7617610693 0.1325958669 0.6341438293 -0.5383233428 -0.4150539041 0.7334427238 0.3604553640 -0.9000825286 -0.2447924465
642.7 116.8 3297.1 -0.9911412597 0.1325958669 -0.0075743892 -0.0485834964 -0.4150539041 -0.9084987044 -0.1236069500 -0.9000825286 0.4178190231
200.9 -56.1 2951.6 0.6987245679 -0.0423858911 -0.7141340375 0.0508500934 0.9986609221 -0.0095205149 0.7135813236 -0.0296615679 0.6999441981
217.7 -452.9 2963.4 0.6880148649 0.1706299037 -0.7053516507 -0.0212026872 0.9762764573 0.2154871225 0.7253867984 -0.1333029866 0.6753105521
278.9 -67.5 3115.3 -0.1421852261 -0.2360736728 -0.9612765312 -0.0923664421 0.9700702429 -0.2245710641 0.9855210781 0.0568590090 -0.1597349346
372.6 -452.4 3092.8 -0.1443522722 -0.1342556477 -0.9803763628 -0.0765439048 0.9892995358 -0.1242071539 0.9865614176 0.0571122505 -0.1530840993
277.4 -218.9 2799.8 0 0 0 0 0 0 0 0 0
380.9 104.0 3264.5 0 0 0 0 0 0 0 0 0
170.3 -724.6 3000.5 0 0 0 0 0 0 0 0 0
410.8 -734.1 3076.5 0 0 0 0 0 0 0 0 0
322.5 530.9 3032.8 36 0.4773238003 0.1525672376 -0.8653815389 -0.0637278408 0.9882292151 0.1390745938 0.8764135838 -0.0112347193 0.4814281166
292.1 333.8 3035.0 0.4773238003 0.1525672376 -0.8653815389 -0.0637278408 0.9882292151 0.1390745938 0.8764135838 -0.0112347193 0.4814281166
269.5 136.4 3036.3 0.4793241322 0.1138506532 -0.8702220321 -0.0488489009 0.9934739470 0.1030693278 0.8762774467 -0.0068942220 0.4817575216
224.7 340.7 2912.1 0.0793984309 -0.2407207936 -0.9673414230 0.9703145623 0.2410459220 0.0196587183 0.2284414321 -0.9401863217 0.2527135611
201.2 53.6 2844.5 -0.2299246937 -0.2092060149 -0.9504564404 0.9617125392 0.1008239463 -0.2548401356 0.1491428614 -0.9726599455 0.1780141443
359.5 326.9 3158.0 0.7705347538 0.1256770045 0.6248852015 -0.5310831070 -0.4155220985 0.7384389639 0.3524583876 -0.9008588791 -0.2534292936
651.5 125.6 3291.6 -0.9920578599 0.1256770045 0.0051480443 -0.0573503114 -0.4155220985 -0.9077732563 -0.1119470969 -0.9008588791 0.4194295704
196.9 -60.9 2957.8 0.7075133920 -0.0516430736 -0.7048104405 0.0390858762 0.9986593723 -0.0339382812 0.7056182027 -0.0035363443 0.7085833549
217.4 -457.7 2959.2 0.6988265514 0.1744230539 -0.6936988235 -0.0155563513 0.9732899070 0.2290518582 0.7151219845 -0.1492761075 0.6828742623
283.1 -70.9 3118.2 -0.1193888932 -0.2382502854 -0.9638376832 -0.1339143962 0.9657744169 -0.2221412808 0.9837749600 0.1025505364 -0.1472078860
377.6 -454.1 3077.6 -0.1326822639 -0.1027140021 -0.9858221412 -0.0145800058 0.9947105646 -0.1016777679 0.9910513759 0.0008824558 -0.1334780157
266.2 -218.1 2802.3 0 0 0 0 0 0 0 0 0
389.4 110.5 3262.0 0 0 0 0 0 0 0 0 0
169.7 -723.8 3000.0 0 0 0 0 0 0 0 0 0
406.5 -733.9 3077.3 0 0 0 0 0 0 0 0 0
323.2 534.1 3032.3 37 0.5954980850 0.1173536628 -0.7947390676 -0.0546983406 0.9929000735 0.1056292653 0.8014924526 -0.0194311216 0.5976891518
299.7 335.4 3036.2 0.5954980850 0.1173536628 -0.7947390676 -0.0546983406 0.9929000735 0.1056292653 0.8014924526 -0.0194311216 0.5976891518
280.7 137.6 3038.7 0.5966853499 0.0940835103 -0.7969409227 -0.0435332544 0.9954360723 0.0849228054 0.8012936115 -0.0159787629 0.5980578661
216.1 341.4 2924.3 0.0804408491 -0.3726760745 -0.9244683981 0.9706018567 0.2403689027 -0.0124435965 0.2268508822 -0.8962897658 0.3810555637
192.3 53.6 2857.0 -0.2376764715 -0.3398604393 -0.9099476933 0.9542735815 0.0931582004 -0.2840483785 0.1813059002 -0.9358506203 0.3021783233
383.2 329.3 3148.0 0.8212099075 0.0072816070 0.5705797672 -0.5181281567 -0.4094226062 0.7509436607 0.2390763164 -0.9123157859 -0.3324490786
694.4 132.9 3238.6 -0.9968264699 0.0072816070 0.0792716816 -0.0752965957 -0.4094226062 -0.9092323780 0.0258349441 -0.9123157859 0.4086715579
203.1 -56.6 2957.5 0.7983708382 -0.0390695632 -0.6008973122 0.0329271480 0.9992324710 -0.0212207641 0.6012651920 -0.0028437970 0.7990444899
218.6 -453.7 2958.6 0.7867576480 0.1769869328 -0.5913442373 -0.0447574109 0.9718471169 0.2313221246 0.6156371832 -0.1555274129 0.7725296617
291.2 -65.5 3117.6 0.0227458067 -0.2279999256 -0.9733954072 -0.1506162584 0.9617529511 -0.2287924141 0.9883306026 0.1518132389 -0.0124646472
381.6 -447.1 3057.4 0.0072467360 -0.0722719580 -0.9973586202 0.0667708293 0.9951938391 -0.0716299415 0.9977419972 -0.0660753772 0.0120375659
260.1 -218.9 2805.3 0 0 0 0 0 0 0 0 0
431.1 113.0 3245.5 0 0 0 0 0 0 0 0 0
169.6 -722.7 3001.7 0 0 0 0 0 0 0 0 0
402.7 -737.7 3076.7 0 0 0 0 0 0 0 0 0
327.5 534.3 3032.5 38 0.6359913349 0.1138028428 -0.7632587552 -0.0508668087 0.9930976033 0.1056869403 0.7700178623 -0.0283914451 0.6373902559
304.5 333.8 3038.3 0.6359913349 0.1138028428 -0.7632587552 -0.0508668087 0.9930976033 0.1056869403 0.7700178623 -0.0283914451 0.6373902559
286.7 136.0 3042.3 0.6371308565 0.0888950154 -0.7656121850 -0.0396862142 0.9957926869 0.0825949460 0.7697332501 -0.0222395379 0.6379781365
215.1 339.4 2930.5 0.0988150910 -0.4196988642 -0.9022685289 0.9728806019 0.2313055992 -0.0010455963 0.2091385871 -0.8776962161 0.4311733544
186.0 52.6 2868.9 -0.2498900592 -0.3842141628 -0.8887825608 0.9504514933 0.0779722929 -0.3009357154 0.1849241853 -0.9199455380 0.3456923962
393.9 328.2 3146.0 0.8345814347 -0.0377179720 0.5495918989 -0.5142840147 -0.4109249413 0.7527633309 0.1974483132 -0.9108886123 -0.3623480797
710.2 133.3 3220.8 -0.9938638806 -0.0377179720 0.1039801985 -0.0794232190 -0.4109249413 -0.9082029462 0.0769836307 -0.9108886123 0.4054077864
207.9 -56.3 2968.9 0.8291695118 -0.0262533445 -0.5583804250 0.0030681610 0.9990952015 -0.0424183309 0.5589888096 0.0334587879 0.8284998536
218.4 -453.2 2955.6 0.8226206303 0.1622285098 -0.5449561477 -0.0413972288 0.9729779363 0.2271568775 0.5670816302 -0.1643042564 0.8071075082
316.4 -64.1 3114.1 0.0766889825 -0.1781159043 -0.9810165763 -0.1618136764 0.9686468840 -0.1885194927 0.9838369489 0.1731992662 0.0454629511
387.1 -448.2 3045.5 0.0697156489 -0.0362307765 -0.9969087243 0.0973365083 0.9948187470 -0.0293478984 0.9928067923 -0.0949896127 0.0728810057
257.8 -220.4 2815.8 0 0 0 0 0 0 0 0 0
447.6 112.4 3241.2 0 0 0 0 0 0 0 0 0
172.4 -729.0 3002.1 0 0 0 0 0 0 0 0 0
397.4 -732.6 3072.6 0 0 0 0 0 0 0 0 0
332.9 541.5 3042.7 39 0.6077746153 0.0987491310 -0.7879458070 -0.0392463431 0.9947608709 0.0943958834 0.7931391597 -0.0264474284 0.6084659100
312.9 340.4 3048.0 0.6077746153 0.0987491310 -0.7879458070 -0.0392463431 0.9947608709 0.0943958834 0.7931391597 -0.0264474284 0.6084659100
296.3 142.4 3053.0 0.6086066365 0.0835256130 -0.7890636325 -0.0301584266 0.9961605668 0.0821864083 0.7928987741 -0.0262222737 0.6087889075
227.5 344.7 2936.8 0.1510233581 -0.3840585649 -0.9108737111 0.9645081162 0.2591501474 0.0506485216 0.2166010737 -0.8861942291 0.4095653594
181.7 52.1 2871.1 -0.2010682672 -0.3590753078 -0.9113926291 0.9575857520 0.1239878535 -0.2601086199 0.2064002007 -0.9250361919 0.3189153671
398.4 336.1 3159.2 0.8298983574 -0.0016447809 0.5579121709 -0.5075109601 -0.4175837040 0.7536951900 0.2317353487 -0.9086369872 -0.3473867774
712.9 143.8 3247.0 -0.9955162406 -0.0016447809 0.0945766047 -0.0852522701 -0.4175837040 -0.9046302438 0.0409815647 -0.9086369872 0.4155711234
211.0 -58.4 2976.4 0.8087832928 -0.0239070784 -0.5876206756 -0.0147339953 0.9980360866 -0.0608840622 0.5879222155 0.0579000115 0.8068426251
220.5 -454.9 2953.4 0.8062747717 0.1661683768 -0.5677227378 -0.0299602132 0.9699742198 0.2413552999 0.5907820463 -0.1775895953 0.7870441675
327.3 -65.5 3116.6 0.0452738255 -0.1652078480 -0.9852190614 -0.1753320396 0.9696072936 -0.1706469953 0.9834678173 0.1804663092 0.0149316033
392.9 -450.5 3045.0 0.0451290384 -0.0065168687 -0.9989598989 0.0862194821 0.9962727427 -0.0026042853 0.9952535033 -0.0860122740 0.0455227122
239.1 -221.5 2812.1 0 0 0 0 0 0 0 0 0
449.9 121.3 3257.9 0 0 0 0 0 0 0 0 0
172.9 -733.1 3004.4 0 0 0 0 0 0 0 0 0
394.7 -724.9 3068.7 0 0 0 0 0 0 0 0 0
340.6 546.8 3023.7 40 0.7018358111 0.1035257727 -0.7047758102 -0.0179560836 0.9916396737 0.1277825385 0.7121124268 -0.0770273507 0.6978271008
319.6 345.3 3039.4 0.7018358111 0.1035257727 -0.7047758102 -0.0179560836 0.9916396737 0.1277825385 0.7121124268 -0.0770273507 0.6978271008
303.7 147.6 3052.3 0.7027660012 0.0792961270 -0.7069880366 -0.0078501524 0.9945725799 0.1037484854 0.7113777399 -0.0673609450 0.6995742917
220.9 346.4 2939.9 0.1336747408 -0.4888740778 -0.8620517254 0.9680632949 0.2505778670 0.0080094822 0.2120954543 -0.8355913162 0.5067570210
180.8 56.1 2876.3 -0.1661273390 -0.4685880542 -0.8676559925 0.9658673406 0.1000197008 -0.2389484048 0.1987510622 -0.8777364492 0.4359779060
418.2 344.1 3138.8 0.8524786234 -0.1148437336 0.5099912286 -0.5030778646 -0.4454137683 0.7406208515 0.1421014518 -0.8879287839 -0.4374810755
741.2 153.4 3192.7 -0.9826030135 -0.1148437336 0.1459529549 -0.0803930610 -0.4454137683 -0.8917081952 0.1674165577 -0.8879287839 0.4284322560
224.1 -52.8 2985.7 0.8761292696 -0.0006508635 -0.4820758402 -0.0363930501 0.9970561862 -0.0674872249 0.4807006121 0.0766717419 0.8735263944
224.3 -449.0 2955.3 0.8723285794 0.1696346253 -0.4585487843 -0.0595105626 0.9677467346 0.2447952926 0.4852848649 -0.1862534285 0.8542881608
335.3 -58.3 3130.6 0.1746516675 -0.1522790641 -0.9727835655 -0.1912577599 0.9639042616 -0.1852271408 0.9658764005 0.2184026390 0.1392229348
395.8 -441.0 3043.9 0.1856251955 0.0114469985 -0.9825539589 0.0964831337 0.9948878884 0.0298183952 0.9778723121 -0.1003349349 0.1835718155
228.5 -221.0 2819.3 0 0 0 0 0 0 0 0 0
481.6 132.2 3236.9 0 0 0 0 0 0 0 0 0
174.0 -735.9 3010.5 0 0 0 0 0 0 0 0 0
392.5 -725.2 3072.6 0 0 0 0 0 0 0 0 0
342.8 542.5 3013.2 41 0.7061328888 0.1029532179 -0.7005547881 -0.0044942079 0.9900050163 0.1409606934 0.7080650926 -0.0963885412 0.6995377541
321.9 341.9 3032.8 0.7061328888 0.1029532179 -0.7005547881 -0.0044942079 0.9900050163 0.1409606934 0.7080650926 -0.0963885412 0.6995377541
306.6 144.6 3050.5 0.7073948979 0.0769353583 -0.7026189566 0.0094176810 0.9929443002 0.1182070971 0.7067557573 -0.0902361423 0.7016792297
222.5 340.6 2933.7 0.1440102756 -0.4962288737 -0.8561646342 0.9746781588 0.2206899375 0.0360339023 0.1710658669 -0.8396742344 0.5154450536
180.6 56.9 2883.9 -0.1462105960 -0.4842488468 -0.8626270890 0.9637432694 0.1270245463 -0.2346563935 0.2232069075 -0.8656603694 0.4481192231
421.3 343.2 3131.8 0.8543552756 -0.1197600141 0.5057020187 -0.4982302487 -0.4654910564 0.7314948440 0.1477959454 -0.8769125342 -0.4573628008
745.1 154.4 3187.9 -0.9813355207 -0.1197600141 0.1504599154 -0.0783573017 -0.4654910564 -0.8815771341 0.1756154299 -0.8769125342 0.4474188089
224.5 -49.2 3001.0 0.8794225454 -0.0046069529 -0.4760197103 -0.0581226870 0.9914327264 -0.1169739142 0.4724804163 0.1305370331 0.8716205359
226.4 -442.7 2949.1 0.8844195008 0.1501438022 -0.4418812096 -0.0287448075 0.9625627995 0.2695302963 0.4658067226 -0.2256760448 0.8556251526
352.3 -50.9 3130.1 0.1844692528 -0.1224008948 -0.9751867056 -0.1914477497 0.9687337279 -0.1578057855 0.9640118480 0.2158076167 0.1552682221
400.9 -435.6 3044.4 0.2015355378 0.0318788514 -0.9789623022 0.0915557370 0.9944811463 0.0512324683 0.9751927853 -0.0999547839 0.1975046098
222.6 -220.0 2819.8 0 0 0 0 0 0 0 0 0
485.8 133.7 3234.3 0 0 0 0 0 0 0 0 0
179.3 -744.6 3019.9 0 0 0 0 0 0 0 0 0
391.7 -722.5 3073.2 0 0 0 0 0 0 0 0 0
353.3 531.8 3021.5 42 0.7065448165 0.1027244851 -0.7001729012 -0.0122337341 0.9910334945 0.1330524534 0.7075625658 -0.0854417831 0.7014662623
332.5 331.6 3038.8 0.7065448165 0.1027244851 -0.7001729012 -0.0122337341 0.9910334945 0.1330524534 0.7075625658 -0.0854417831 0.7014662623
316.3 134.2 3055.4 0.7078312635 0.0818112791 -0.7016279697 0.0015981564 0.9930825233 0.1174077615 0.7063797712 -0.0842261985 0.7028040886
233.0 331.4 2939.6 0.1860389113 -0.4929417074 -0.8499400020 0.9672999382 0.2436672896 0.0704069287 0.1723960638 -0.8352453113 0.5221540928
180.3 57.2 2890.7 -0.1282680780 -0.4813318253 -0.8671026230 0.9671874046 0.1326305717 -0.2166970521 0.2193075120 -0.8664460778 0.4485258162
432.0 331.8 3137.9 0.8519553542 -0.1225629821 0.5090681314 -0.5033532977 -0.4595337212 0.7317541838 0.1442479938 -0.8796630502 -0.4531947076
754.9 141.0 3192.6 -0.9816130996 -0.1225629821 0.1463351995 -0.0745594278 -0.4595337212 -0.8850252032 0.1757172942 -0.8796630502 0.4419461191
227.0 -53.5 3003.9 0.8793259859 -0.0096963653 -0.4761216044 -0.0518436581 0.9919013381 -0.1159479246 0.4733899236 0.1266399175 0.8717019558
230.8 -447.5 2953.6 0.8806060553 0.1758164614 -0.4400244951 -0.0450108908 0.9554552436 0.2916835248 0.4717064798 -0.2370523959 0.8492933512
356.2 -51.9 3132.8 0.1837181002 -0.1317832172 -0.9741051197 -0.1955816001 0.9662583470 -0.1676087230 0.9633252025 0.2213097960 0.1517447829
408.5 -435.9 3044.9 0.2072721422 0.0599979684 -0.9764417410 0.0726506934 0.9944173694 0.0765242651 0.9755819440 -0.0868005157 0.2017561346
217.0 -219.8 2827.9 0 0 0 0 0 0 0 0 0
495.6 121.3 3239.0 0 0 0 0 0 0 0 0 0
178.1 -733.7 3024.6 0 0 0 0 0 0 0 0 0
391.6 -715.9 3069.4 0 0 0 0 0 0 0 0 0
359.0 526.4 3025.1 43 0.7171448469 0.0972992033 -0.6900986433 -0.0154138636 0.9921784401 0.1238724366 0.6967536807 -0.0781973973 0.7130354047
339.4 326.8 3040.9 0.7171448469 0.0972992033 -0.6900986433 -0.0154138636 0.9921784401 0.1238724366 0.6967536807 -0.0781973973 0.7130354047
323.5 129.3 3056.5 0.7182239890 0.0805757791 -0.6911308765 -0.0033664231 0.9936631918 0.1123482510 0.6958038807 -0.0783645660 0.7139439583
238.5 327.3 2943.1 0.2039860636 -0.5074978471 -0.8371592760 0.9668584466 0.2385551482 0.0909736380 0.1535397321 -0.8279718161 0.5393404961
181.4 56.8 2900.2 -0.1108069643 -0.4996151626 -0.8591312766 0.9648371339 0.1532420665 -0.2135561109 0.2383509278 -0.8525851965 0.4650669694
440.4 326.3 3138.6 0.8539887667 -0.1355986297 0.5023108125 -0.5042954683 -0.4532764554 0.7350010276 0.1280205399 -0.8809956908 -0.4554747939
764.1 135.2 3187.1 -0.9789023399 -0.1355986297 0.1528503746 -0.0758889690 -0.4532764554 -0.8881335855 0.1897131801 -0.8809956908 0.4334229529
235.4 -63.2 3007.5 0.8862011433 0.0152404839 -0.4630499184 -0.0668606386 0.9932034612 -0.0952706635 0.4584508240 0.1153887883 0.8811970949
229.3 -457.8 2961.7 0.8899533749 0.1645758152 -0.4253207743 -0.0461814441 0.9603433609 0.2749688327 0.4537072182 -0.2250675112 0.8622611761
365.0 -63.0 3136.8 0.1978519857 -0.1170015186 -0.9732241631 -0.2014626116 0.9668016434 -0.1571858227 0.9593057036 0.2271678150 0.1677121967
411.5 -447.2 3046.5 0.2263738215 0.0737269297 -0.9712462425 0.0708795041 0.9932408333 0.0919168144 0.9714581966 -0.0896490142 0.2196179926
213.1 -219.2 2832.0 0 0 0 0 0 0 0 0 0
505.4 115.1 3237.3 0 0 0 0 0 0 0 0 0
182.1 -733.4 3026.3 0 0 0 0 0 0 0 0 0
391.9 -710.4 3070.3 0 0 0 0 0 0 0 0 0
367.5 527.1 3039.5 44 0.6948926449 0.1041044295 -0.7115380764 -0.0390989967 0.9934716821 0.1071695164 0.7180497646 -0.0466508865 0.6944265366
346.5 327.5 3048.8 0.6948926449 0.1041044295 -0.7115380764 -0.0390989967 0.9934716821 0.1071695164 0.7180497646 -0.0466508865 0.6944265366
328.6 129.9 3059.2 0.6962086558 0.0904643685 -0.7121163607 -0.0256528817 0.9945290685 0.1012611017 0.7173809409 -0.0522310175 0.6947204471
248.6 331.2 2948.1 0.2414143085 -0.4808837175 -0.8428938389 0.9579140544 0.2570963502 0.1276800334 0.1553056687 -0.8382436037 0.5227119923
181.3 63.9 2904.7 -0.1105446517 -0.4709127545 -0.8752262592 0.9702468514 0.1397308856 -0.1977279037 0.2154087424 -0.8710433245 0.4414551258
444.5 323.9 3149.6 0.8457701206 -0.1115704849 0.5217517614 -0.5142123699 -0.4313189089 0.7413161397 0.1423324049 -0.8952742815 -0.4221675694
765.0 129.0 3203.5 -0.9848695397 -0.1115704849 0.1326046586 -0.0722222179 -0.4313189089 -0.8993041515 0.1575306952 -0.8952742815 0.4167349935
241.7 -67.9 3008.3 0.8711811304 0.0192305762 -0.4905850291 -0.0754260644 0.9926126599 -0.0950319469 0.4851333797 0.1197929308 0.8661958575
234.0 -462.4 2960.7 0.8794683218 0.1723685116 -0.4436491430 -0.0342156813 0.9526041150 0.3022824526 0.4747259617 -0.2506680787 0.8436828852
373.3 -68.5 3135.8 0.1625736803 -0.1096206680 -0.9805881381 -0.1927155554 0.9711416960 -0.1405153424 0.9676933885 0.2118186951 0.1367564797
416.9 -454.5 3051.6 0.1920415610 0.0965441316 -0.9766264558 0.0518255159 0.9927631617 0.1083301678 0.9800174236 -0.0714180619 0.1856483370
212.9 -213.5 2843.1 0 0 0 0 0 0 0 0 0
504.8 109.9 3245.2 0 0 0 0 0 0 0 0 0
184.2 -737.8 3033.1 0 0 0 0 0 0 0 0 0
391.8 -712.6 3070.1 0 0 0 0 0 0 0 0 0
372.1 528.2 3023.1 45 0.7408455014 0.1009931862 -0.6640394330 -0.0217724778 0.9917225838 0.1265394539 0.6713225245 -0.0792884007 0.7369120717
351.7 327.4 3039.2 0.7408455014 0.1009931862 -0.6640394330 -0.0217724778 0.9917225838 0.1265394539 0.6713225245 -0.0792884007 0.7369120717
333.3 130.1 3055.1 0.7415122390 0.0926515460 -0.6645113230 -0.0149403820 0.9924539328 0.1217043549 0.6707729697 -0.0803172141 0.7373009920
247.4 329.5 2945.0 0.2363387048 -0.5353697538 -0.8108780980 0.9640238285 0.2336837798 0.1266884804 0.1216638833 -0.8116471767 0.5713376999
182.7 65.8 2911.7 -0.0975090712 -0.5276728868 -0.8438324928 0.9741772413 0.1228850633 -0.1894146502 0.2036433965 -0.8405120969 0.5020645261
455.9 325.2 3133.3 0.8502588868 -0.1724482179 0.4973142147 -0.5171072483 -0.4500821829 0.7280289531 0.0982849672 -0.8761778474 -0.4718605876
778.1 129.3 3170.6 -0.9728502035 -0.1724482179 0.1543504447 -0.0615605302 -0.4500821829 -0.8908627033 0.2230980694 -0.8761778474 0.4272465408
247.0 -65.4 3003.8 0.9007199407 0.0129641276 -0.4342068136 -0.0664729998 0.9918959141 -0.1082767174 0.4292842448 0.1263900250 0.8942821622
241.8 -459.7 2953.6 0.9011867046 0.1989062876 -0.3850958347 -0.0642788708 0.9399900436 0.3350923657 0.4286382496 -0.2772272527 0.8598920107
374.6 -70.1 3135.3 0.2234354913 -0.1125402302 -0.9682000279 -0.1628668308 0.9750371575 -0.1509204060 0.9610155821 0.1914086342 0.1995288283
419.3 -457.7 3059.2 0.2428037226 0.0992220566 -0.9649877548 -0.0011047048 0.9947829843 0.1020077020 0.9700748324 -0.0237018242 0.2416466326
210.7 -213.8 2853.3 0 0 0 0 0 0 0 0 0
521.1 113.0 3229.5 0 0 0 0 0 0 0 0 0
183.9 -733.4 3034.3 0 0 0 0 0 0 0 0 0
393.7 -713.9 3065.3 0 0 0 0 0 0 0 0 0
379.9 531.8 3027.0 46 0.7622869611 0.1097920462 -0.6378591657 -0.0365464352 0.9912366867 0.1269418597 0.6462065578 -0.0734546483 0.7596192956
357.7 331.6 3041.8 0.7622869611 0.1097920462 -0.6378591657 -0.0365464352 0.9912366867 0.1269418597 0.6462065578 -0.0734546483 0.7596192956
336.9 134.5 3056.8 0.7628728747 0.1045892015 -0.6380329728 -0.0311271679 0.9916261435 0.1253341436 0.6457988024 -0.0757538602 0.7597402930
250.5 336.0 2951.1 0.2344540656 -0.5598868132 -0.7947062254 0.9636399150 0.2416409254 0.1140518561 0.1281774193 -0.7925505638 0.5961830020
183.8 62.0 2914.6 -0.0636646822 -0.5562626123 -0.8285642266 0.9790015817 0.1262978464 -0.1600148678 0.1936561763 -0.8213530183 0.5365412831
464.9 327.2 3132.5 0.8453112245 -0.2077943832 0.4922097623 -0.5301549435 -0.4404109716 0.7245508432 0.0662169755 -0.8734183908 -0.4824475348
785.3 126.3 3157.6 -0.9657878876 -0.2077943832 0.1551619619 -0.0492644683 -0.4404109716 -0.8964436650 0.2546109855 -0.8734183908 0.4151066840
247.3 -65.6 3009.7 0.9137927890 0.0019983626 -0.4061757028 -0.0525096506 0.9921777844 -0.1132519990 0.4027721882 0.1248170063 0.9067498446
246.5 -460.1 2960.1 0.9085250497 0.2081497610 -0.3622926176 -0.0777058974 0.9361256957 0.3429729939 0.4105411768 -0.2834472656 0.8666681051
383.0 -68.5 3132.4 0.2498288751 -0.1001331657 -0.9630985856 -0.1467089355 0.9792412519 -0.1398679763 0.9571112990 0.1762382239 0.2299523056
422.8 -457.7 3062.3 0.2658889592 0.1064417958 -0.9581092000 -0.0178432781 0.9942585826 0.1055060700 0.9638385177 -0.0109570911 0.2662616372
202.0 -218.1 2859.2 0 0 0 0 0 0 0 0 0
530.1 113.2 3224.9 0 0 0 0 0 0 0 0 0
185.1 -736.0 3043.6 0 0 0 0 0 0 0 0 0
395.2 -715.4 3065.2 0 0 0 0 0 0 0 0 0
384.1 529.9 3028.4 47 0.7763938904 0.1007039398 -0.6221505404 -0.0333849490 0.9923373461 0.1189622283 0.6293631792 -0.0715910867 0.7738066316
363.9 330.8 3042.7 0.7763938904 0.1007039398 -0.6221505404 -0.0333849490 0.9923373461 0.1189622283 0.6293631792 -0.0715910867 0.7738066316
345.4 133.4 3056.8 0.7769046426 0.0934742093 -0.6226409674 -0.0281626917 0.9930875301 0.1139474362 0.6289881468 -0.0709910467 0.7741667628
254.7 334.8 2954.3 0.2496506572 -0.5753401518 -0.7788826823 0.9592304230 0.2569827735 0.1176300421 0.1324821413 -0.7764943838 0.6160396934
184.9 66.8 2917.3 -0.0768386871 -0.5702679157 -0.8178571463 0.9792289138 0.1112060249 -0.1695404649 0.1876341254 -0.8138966560 0.5498778820
473.2 326.8 3131.1 0.6043317318 0.1307638735 0.7859287262 -0.7869707942 -0.0559736118 0.6144459844 0.1243386120 -0.9898321629 0.0690807179
651.0 95.2 3167.7 -0.5836655498 0.1307638735 0.8013958931 -0.8113936186 -0.0559736118 -0.5818138123 -0.0312232077 -0.9898321629 0.1387708485
