261.0 376.6 2369.5 2 -0.9264291525 -0.0244437754 0.3756748140 0.0630425289 0.9737260938 0.2188221812 -0.3711532056 0.2264067382 -0.9005472064
266.0 177.0 2323.1 -0.9264291525 -0.0244437754 0.3756748140 0.0630425289 0.9737260938 0.2188221812 -0.3711532056 0.2264067382 -0.9005472064
267.1 -16.6 2285.6 -0.9264138341 -0.0125078782 0.3762989938 0.0622344688 0.9806127548 0.1858103871 -0.3713276684 0.1955560893 -0.9076747894
399.9 169.2 2378.7 -0.1236633584 -0.3835875988 0.9151873589 0.9879174829 0.0392298736 0.1499335468 -0.0934153348 0.9226709008 0.3741016090
433.9 -102.1 2404.4 0.2064279467 -0.4213015437 0.8831152320 0.9543865919 -0.1122860014 -0.2766551077 0.2157166898 0.8999426961 0.3789055645
132.2 184.8 2267.4 -0.0391165614 0.3085051775 0.9504180551 -0.9393423796 0.3129914999 -0.1402575821 -0.3407429755 -0.8982543349 0.2775488198
123.5 -23.5 2191.8 -0.8519638777 0.3085051775 0.4230627120 -0.3290723264 0.3129914999 -0.8909252286 -0.4072700739 -0.8982543349 -0.1651369482
354.5 -217.1 2280.8 -0.8845344782 0.1678069532 0.4352466166 0.1017020345 0.9799832106 -0.1711421311 -0.4552532136 -0.1071156412 -0.8838952184
296.5 -556.1 2317.8 -0.8847556710 0.1669498831 0.4351265430 0.1004080698 0.9799940586 -0.1718426198 -0.4551105201 -0.1083485186 -0.8838184476
184.7 -205.8 2212.4 -0.9569726586 -0.1900533438 -0.2192785144 -0.2576008141 0.9042854905 0.3404549360 0.1335857809 0.3822923899 -0.9143343568
260.2 -564.9 2060.6 -0.9576749206 -0.1869799048 -0.2188544273 -0.2542319000 0.9059941173 0.3384387791 0.1349995583 0.3797541261 -0.9151840806
382.5 -339.7 2350.7 0 0 0 0 0 0 0 0 0
-66.3 -96.8 2101.1 0 0 0 0 0 0 0 0 0
241.0 -882.0 2353.9 0 0 0 0 0 0 0 0 0
331.5 -910.5 1915.7 0 0 0 0 0 0 0 0 0
263.1 380.5 2390.1 3 -0.9486935735 -0.0144618498 0.3158660531 0.0616074167 0.9713547826 0.2295091301 -0.3101371229 0.2371935248 -0.9206270576
266.1 181.5 2341.5 -0.9486935735 -0.0144618498 0.3158660531 0.0616074167 0.9713547826 0.2295091301 -0.3101371229 0.2371935248 -0.9206270576
265.5 -11.9 2302.9 -0.9486786723 -0.0040774643 0.3162153363 0.0600405857 0.9794079065 0.1927570105 -0.3104897738 0.2018502206 -0.9288985729
403.3 174.0 2388.4 -0.1336570382 -0.3234860003 0.9367457628 0.9878489971 0.0321572721 0.1520534307 -0.0793103427 0.9456863403 0.3152572811
440.0 -97.3 2410.2 0.2158128619 -0.3619372249 0.9068772197 0.9540876150 -0.1194001138 -0.2747006118 0.2077056170 0.9245242476 0.3195517361
128.8 189.0 2294.6 -0.0569735840 0.2486255914 0.9669225812 -0.9375479221 0.3195647001 -0.1374126822 -0.3431586325 -0.9143651724 0.2148916721
116.2 -18.9 2218.6 -0.8750249147 0.2486255914 0.4153513610 -0.3307026923 0.3195647001 -0.8879832029 -0.3535069823 -0.9143651724 -0.1974059194
353.1 -212.0 2291.3 -0.9122019410 0.1549384892 0.3793173432 0.1018421724 0.9824330807 -0.1563758403 -0.3968825340 -0.1040158495 -0.9119566679
300.1 -548.4 2326.9 -0.9123013020 0.1545061320 0.3792547882 0.1012117639 0.9824350476 -0.1567722410 -0.3968154788 -0.1046384722 -0.9119146466
179.5 -201.1 2234.3 -0.9417834878 -0.1895087063 -0.2777234018 -0.2802836299 0.8987443447 0.3371938467 0.1857011765 0.3954049349 -0.8995387554
254.8 -558.1 2077.2 -0.9421459436 -0.1879772395 -0.2775348723 -0.2785579264 0.8996152878 0.3363001943 0.1864578277 0.3941534162 -0.8999314308
386.3 -334.8 2358.5 0 0 0 0 0 0 0 0 0
-78.7 -92.6 2139.8 0 0 0 0 0 0 0 0 0
249.2 -871.9 2361.3 0 0 0 0 0 0 0 0 0
326.6 -901.5 1926.8 0 0 0 0 0 0 0 0 0
265.3 383.2 2408.9 4 -0.9542989135 -0.0124004139 0.2985965014 0.0597525053 0.9710475802 0.2312925309 -0.2928195298 0.2385641038 -0.9259286523
267.8 184.0 2360.0 -0.9542989135 -0.0124004139 0.2985965014 0.0597525053 0.9710475802 0.2312925309 -0.2928195298 0.2385641038 -0.9259286523
266.8 -9.4 2321.9 -0.9542880058 -0.0014955943 0.2988848090 0.0582281835 0.9798973203 0.1908159405 -0.2931618094 0.1994968951 -0.9350171685
405.9 176.8 2404.4 -0.1362253577 -0.3061043620 0.9422010183 0.9875024557 0.0341308638 0.1538636386 -0.0792564675 0.9513859153 0.2976292968
443.3 -94.4 2426.1 0.2184941024 -0.3447635472 0.9129065871 0.9548342228 -0.1175205410 -0.2729112208 0.2013751268 0.9313039184 0.3035144806
129.7 191.3 2315.6 -0.0621877871 0.2314276695 0.9708624482 -0.9384531379 0.3175843954 -0.1358154714 -0.3397622406 -0.9195550084 0.1974341571
115.9 -16.8 2240.3 -0.8809877038 0.2314276695 0.4126764834 -0.3325383961 0.3175843954 -0.8880081177 -0.3365692496 -0.9195550084 -0.2028293610
354.5 -209.5 2309.2 -0.9194081426 0.1507911235 0.3632501960 0.1001402736 0.9828960299 -0.1545552164 -0.3803427517 -0.1057233512 -0.9187828898
303.1 -544.4 2345.2 -0.9194561839 0.1505738348 0.3632187843 0.0998270735 0.9828956723 -0.1547600478 -0.3803089559 -0.1060360149 -0.9187608361
176.9 -198.7 2245.3 -0.9438165426 -0.1631346941 -0.2873976827 -0.2497173399 0.9216770530 0.2969051898 0.2164522856 0.3519922197 -0.9106315970
241.7 -564.4 2105.6 -0.9297766089 -0.2139440477 -0.2995720208 -0.3199065626 0.8722262383 0.3699745238 0.1821407378 0.4398287237 -0.8794176579
388.9 -332.1 2376.0 0 0 0 0 0 0 0 0 0
-80.3 -90.9 2165.3 0 0 0 0 0 0 0 0 0
253.8 -866.4 2379.9 0 0 0 0 0 0 0 0 0
323.2 -896.9 1937.9 0 0 0 0 0 0 0 0 0
264.9 384.0 2419.4 5 -0.9565569758 -0.0052194986 0.2914986610 0.0600297451 0.9748896956 0.2144445628 -0.2852983475 0.2226270437 -0.9322242737
266.0 184.1 2373.7 -0.9565569758 -0.0052194986 0.2914986610 0.0600297451 0.9748896956 0.2144445628 -0.2852983475 0.2226270437 -0.9322242737
263.1 -9.7 2337.5 -0.9565517306 0.0083910814 0.2914419770 0.0632927865 0.9817252755 0.1794699579 -0.2846100330 0.1901184767 -0.9396020770
404.4 176.1 2416.8 -0.1289408207 -0.2966737449 0.9462341070 0.9877932668 0.0456738174 0.1489241421 -0.0874000117 0.9538860321 0.2871631086
439.8 -95.2 2440.8 0.2281774879 -0.3367563486 0.9135262370 0.9548721313 -0.1058381498 -0.2775202096 0.1901426166 0.9356245995 0.2974093854
127.6 192.0 2330.6 -0.0730781034 0.2251699269 0.9715750813 -0.9410914183 0.3069300950 -0.1419186294 -0.3301614523 -0.9247120619 0.1894756109
111.4 -16.6 2257.4 -0.8868529201 0.2251699269 0.4034729004 -0.3284578919 0.3069300950 -0.8932576776 -0.3249727488 -0.9247120619 -0.1982430220
349.1 -210.6 2325.8 -0.9221634865 0.1571522057 0.3534369767 0.1041285843 0.9808737040 -0.1644504964 -0.3725208044 -0.1148473546 -0.9208899736
295.7 -544.0 2364.8 -0.9221884608 0.1570430249 0.3534203768 0.1039727479 0.9808728695 -0.1645541042 -0.3725025356 -0.1150038019 -0.9208778143
178.4 -197.6 2260.9 -0.9497568607 -0.1215494126 -0.2884227633 -0.1984269321 0.9464889765 0.2545296550 0.2420510501 0.2989721298 -0.9230530858
226.5 -572.5 2142.4 -0.9232342243 -0.2309248596 -0.3071030378 -0.3531765640 0.8248150349 0.4415273964 0.1513435543 0.5160948038 -0.8430547118
383.0 -332.8 2393.5 0 0 0 0 0 0 0 0 0
-86.2 -89.8 2185.0 0 0 0 0 0 0 0 0 0
244.3 -864.5 2402.4 0 0 0 0 0 0 0 0 0
314.3 -886.0 1946.3 0 0 0 0 0 0 0 0 0
261.6 378.9 2431.1 6 -0.9671931863 -0.0031308322 0.2540228069 0.0523639135 0.9759948254 0.2114050090 -0.2485868335 0.2177711129 -0.9438115954
262.3 179.1 2386.5 -0.9671931863 -0.0031308322 0.2540228069 0.0523639135 0.9759948254 0.2114050090 -0.2485868335 0.2177711129 -0.9438115954
258.6 -14.7 2350.8 -0.9671604633 0.0123102413 0.2538682818 0.0593392439 0.9821600914 0.1784387678 -0.2471426725 0.1876432598 -0.9506369233
402.3 171.8 2424.2 -0.1357799023 -0.2593411207 0.9561935067 0.9871453047 0.0467159823 0.1528455019 -0.0843086392 0.9646552801 0.2496642768
439.6 -99.3 2447.3 0.2320241779 -0.2995658815 0.9254323840 0.9560731649 -0.1049741283 -0.2736869454 0.1791337281 0.9482830167 0.2620503604
122.2 186.5 2348.8 -0.0825637281 0.1877743006 0.9787359238 -0.9420568347 0.3056992888 -0.1381191611 -0.3251340985 -0.9334285259 0.1516543776
103.9 -22.3 2276.7 -0.8976947665 0.1877743006 0.3986036777 -0.3322530985 0.3056992888 -0.8922756314 -0.2893992960 -0.9334285259 -0.2120360583
344.8 -215.4 2336.2 -0.9363750219 0.1487203985 0.3179371357 0.1001289338 0.9813414812 -0.1641433537 -0.3364163637 -0.1218650341 -0.9337949157
294.3 -548.5 2377.6 -0.9363865256 0.1486656964 0.3179288208 0.1000530124 0.9813401103 -0.1641981006 -0.3364069462 -0.1219431534 -0.9337881207
173.1 -198.4 2276.3 -0.9426349998 -0.0873682573 -0.3221895099 -0.1653113216 0.9606644511 0.2231501937 0.2900197804 0.2636107504 -0.9199988842
207.7 -579.0 2171.9 -0.9071512222 -0.2563932240 -0.3336752355 -0.3996868432 0.7730245590 0.4926291704 0.1316323578 0.5802547336 -0.8037271500
381.8 -337.3 2402.8 0 0 0 0 0 0 0 0 0
-96.1 -96.4 2212.2 0 0 0 0 0 0 0 0 0
245.8 -868.8 2417.4 0 0 0 0 0 0 0 0 0
305.1 -872.6 1951.5 0 0 0 0 0 0 0 0 0
265.0 387.2 2454.4 7 -0.9595593810 0.0102207540 0.2813206315 0.0753236562 0.9722241163 0.2216000110 -0.2712417841 0.2338284701 -0.9336766601
262.9 186.7 2406.2 -0.9595593810 0.0102207540 0.2813206315 0.0753236562 0.9722241163 0.2216000110 -0.2712417841 0.2338284701 -0.9336766601
257.1 -6.8 2368.8 -0.9595391154 0.0228095502 0.2806500793 0.0765243843 0.9803234935 0.1819611043 -0.2709774077 0.1960753649 -0.9424042106
401.8 176.8 2447.3 -0.1182372421 -0.2829765677 0.9518110156 0.9897996187 0.0431335010 0.1357800514 -0.0794775113 0.9581564665 0.2749901116
434.2 -95.0 2469.2 0.2422366440 -0.3251257837 0.9141196012 0.9508478642 -0.1077695191 -0.2902999222 0.1928982288 0.9395099282 0.2830394506
124.0 196.6 2365.0 -0.0889200121 0.2161267549 0.9723078012 -0.9380283356 0.3101061285 -0.1547161490 -0.3349568844 -0.9258096218 0.1751583815
104.2 -11.4 2290.8 -0.8951185942 0.2161267549 0.3899384141 -0.3157655299 0.3101061285 -0.8967308998 -0.3147298396 -0.9258096218 -0.2093363553
340.5 -208.6 2354.6 -0.9332143664 0.0637318715 0.3536230326 0.0545649379 0.9978666902 -0.0358436219 -0.3551530242 -0.0141543634 -0.9347010255
319.8 -533.3 2359.3 -0.9332169294 0.0637040213 0.3536211848 0.0545242392 0.9978678823 -0.0358724408 -0.3551524282 -0.0141958427 -0.9347006083
167.2 -204.2 2292.3 -0.9540839195 -0.0564763248 -0.2941671014 -0.1251899898 0.9673623443 0.2203124762 0.2721237242 0.2470233738 -0.9300151467
189.6 -587.8 2194.3 -0.9107832909 -0.2872816920 -0.2965519428 -0.4065544009 0.7492887378 0.5227618217 0.0720231235 0.5966872573 -0.7992352843
373.9 -331.7 2421.1 0 0 0 0 0 0 0 0 0
-95.2 -81.7 2220.6 0 0 0 0 0 0 0 0 0
299.8 -845.6 2363.7 0 0 0 0 0 0 0 0 0
299.0 -873.0 1967.2 0 0 0 0 0 0 0 0 0
265.3 386.4 2466.6 8 -0.9580607414 0.0139174415 0.2862270176 0.0798028857 0.9722660184 0.2198414207 -0.2752291858 0.2334631830 -0.9326005578
262.4 185.6 2418.4 -0.9580607414 0.0139174415 0.2862270176 0.0798028857 0.9722660184 0.2198414207 -0.2752291858 0.2334631830 -0.9326005578
255.4 -7.7 2380.3 -0.9579600096 0.0290845800 0.2854237854 0.0843757614 0.9794132113 0.1833861917 -0.2742141187 0.1997594833 -0.9406927228
401.1 174.6 2460.0 -0.1108714640 -0.2862010300 0.9517334104 0.9909036160 0.0416603126 0.1279624701 -0.0762725025 0.9572634697 0.2789787054
431.6 -97.5 2481.0 0.2483058423 -0.3293575346 0.9109708071 0.9483802319 -0.1088682562 -0.2978634536 0.1972793788 0.9379079342 0.2853235304
123.8 196.7 2376.8 -0.0943775252 0.2217563093 0.9705240726 -0.9361395836 0.3119281530 -0.1623067111 -0.3387263417 -0.9238641262 0.1781558543
102.8 -10.9 2301.7 -0.8961811662 0.2217563093 0.3842960000 -0.3082027435 0.3119281530 -0.8987279534 -0.3191713393 -0.9238641262 -0.2111982405
338.4 -205.3 2363.9 -0.9295448065 0.0862926692 0.3584690392 0.0870996341 0.9961022139 -0.0139295347 -0.3582738340 0.0182743985 -0.9334377050
307.2 -565.1 2357.3 -0.9309938550 0.0514953211 0.3613843024 0.0639181361 0.9977015257 0.0224980209 -0.3593951464 0.0440445319 -0.9321454763
164.5 -194.4 2305.7 -0.8755115271 -0.0214923900 0.4827190638 0.0700737908 0.9828018546 0.1708512902 -0.4780891836 0.1834082305 -0.8589482903
173.0 -583.6 2233.1 -0.8755115271 -0.2837325931 0.3911207318 0.0700737908 0.7263310552 0.6837638021 -0.4780891836 0.6260503531 -0.6160289645
369.8 -333.6 2431.9 0 0 0 0 0 0 0 0 0
-96.8 -79.6 2230.6 0 0 0 0 0 0 0 0 0
289.3 -911.3 2342.0 0 0 0 0 0 0 0 0 0
281.2 -860.4 1994.5 0 0 0 0 0 0 0 0 0
267.5 393.8 2490.2 9 -0.9427081347 0.0177572854 0.3331457675 0.0971814841 0.9698934555 0.2232989520 -0.3191507161 0.2428813279 -0.9160521030
263.8 193.4 2440.0 -0.9427081347 0.0177572854 0.3331457675 0.0971814841 0.9698934555 0.2232989520 -0.3191507161 0.2428813279 -0.9160521030
255.5 0.5 2400.3 -0.9425919056 0.0352422260 0.3320819736 0.1014507562 0.9776372910 0.1842091829 -0.3181637824 0.2073240578 -0.9250884056
400.2 179.9 2488.0 -0.0914207473 -0.3300603628 0.9395224452 0.9929937720 0.0407203622 0.1109291315 -0.0748710036 0.9430811405 0.3240251839
425.3 -92.8 2508.6 0.2538181543 -0.3746476471 0.8917485476 0.9430776834 -0.1089754999 -0.3142114878 0.2148973346 0.9207407236 0.3256618679
127.4 206.9 2392.0 -0.0932537094 0.2697454393 0.9584054947 -0.9325065017 0.3136641085 -0.1790152043 -0.3489059508 -0.9104132056 0.2222890407
106.8 0.2 2314.7 -0.8850172162 0.2697454393 0.3794495463 -0.2918077409 0.3136641085 -0.9035834670 -0.3627572358 -0.9104132056 -0.1988843232
336.4 -208.4 2370.3 -0.9127150178 0.0697754771 0.4025949836 0.0752248317 0.9971640110 -0.0022820982 -0.4016124606 0.0282022338 -0.9153753519
309.9 -586.6 2359.6 -0.9089630246 0.0916053727 0.4066874087 0.1319976598 0.9886069298 0.0723388270 -0.3954273760 0.1194351092 -0.9106988907
161.8 -194.5 2315.8 -0.8524566293 0.0048694881 0.5227752924 0.0872645602 0.9872533083 0.1331008524 -0.5154634714 0.1590824574 -0.8420155048
159.8 -585.9 2252.7 -0.8524566293 -0.2940450907 0.4322675169 0.0872645602 0.7352041602 0.6722050905 -0.5154634714 0.6107473373 -0.6010699272
362.1 -327.5 2455.1 0 0 0 0 0 0 0 0 0
-90.4 -64.8 2233.8 0 0 0 0 0 0 0 0 0
276.7 -945.8 2316.2 0 0 0 0 0 0 0 0 0
272.0 -866.4 2019.7 0 0 0 0 0 0 0 0 0
265.9 391.1 2502.5 0 -0.9491831660 0.0248578712 0.3137410581 0.0997278392 0.9692605138 0.2249186933 -0.2985058427 0.2447777390 -0.9224847555
260.7 190.7 2451.9 -0.9491831660 0.0248578712 0.3137410581 0.0997278392 0.9692605138 0.2249186933 -0.2985058427 0.2447777390 -0.9224847555
251.4 -2.0 2411.1 -0.9490146041 0.0409711301 0.3125581741 0.1047080979 0.9761921167 0.1899608672 -0.2973339260 0.2130030096 -0.9307106137
398.1 176.7 2496.9 -0.0916508585 -0.3098496497 0.9463579059 0.9935801625 0.0348413065 0.1076316312 -0.0663219690 0.9501469731 0.3046672344
423.3 -96.2 2515.1 0.2596117854 -0.3551050127 0.8980546594 0.9413180947 -0.1146483943 -0.3174522817 0.2156894207 0.9277694821 0.3045026958
123.4 204.7 2406.9 -0.1019229814 0.2507234216 0.9626782537 -0.9300495982 0.3193906546 -0.1816516966 -0.3530147970 -0.9138530493 0.2006319910
100.8 -1.5 2328.6 -0.8929345012 0.2507234216 0.3739061058 -0.2883142829 0.3193906546 -0.9026984572 -0.3457497656 -0.9138530493 -0.2129077762
334.4 -202.3 2390.5 -0.9208585620 0.0616634376 0.3849897087 0.0804696381 0.9962134957 0.0329131037 -0.3815024197 0.0612882972 -0.9223337770
310.4 -588.9 2366.8 -0.9159710407 0.0970675126 0.3893262148 0.1617382914 0.9772971272 0.1368615925 -0.3672025502 0.1883302182 -0.9108753800
162.2 -184.5 2330.1 -0.8489634395 0.0557200685 0.5255057812 0.0916724727 0.9948771596 0.0426102914 -0.5204394460 0.0843489915 -0.8497223258
140.2 -577.7 2296.8 -0.8489634395 -0.3036682606 0.4324888885 0.0916724727 0.7213709354 0.6864547133 -0.5204394460 0.6224222779 -0.5845795870
358.6 -330.5 2461.4 0 0 0 0 0 0 0 0 0
-98.1 -65.7 2251.6 0 0 0 0 0 0 0 0 0
274.3 -952.4 2296.7 0 0 0 0 0 0 0 0 0
256.1 -853.1 2059.2 0 0 0 0 0 0 0 0 0
270.4 392.5 2523.6 1 -0.9434325695 0.0362668857 0.3295750320 0.1216328666 0.9625563025 0.2422619611 -0.3084484339 0.2686449587 -0.9125182033
262.9 193.7 2468.1 -0.9434325695 0.0362668857 0.3295750320 0.1216328666 0.9625563025 0.2422619611 -0.3084484339 0.2686449587 -0.9125182033
252.1 2.0 2423.2 -0.9434670806 0.0477769487 0.3280048668 0.1208384857 0.9710331559 0.2061375976 -0.3086549640 0.2341196537 -0.9219111204
399.4 177.3 2514.8 -0.0805759653 -0.3232963085 0.9428610802 0.9956561327 0.0181673784 0.0913171694 -0.0466518179 0.9461233616 0.3204281032
421.6 -96.1 2527.6 0.2659896612 -0.3697369695 0.8902494311 0.9338247180 -0.1303389966 -0.3331413269 0.2392088771 0.9199491143 0.3106006980
126.4 210.1 2421.5 -0.1062095836 0.2672490180 0.9577564597 -0.9213321209 0.3358256817 -0.1958779693 -0.3739874363 -0.9032159448 0.2105572075
102.8 5.8 2338.6 -0.8906827569 0.2672490180 0.3677800298 -0.2716485262 0.3358256817 -0.9019025564 -0.3645425737 -0.9032159448 -0.2265163511
329.9 -205.1 2397.2 -0.9153816700 0.0562481768 0.3986382782 0.0816930607 0.9955431819 0.0471175052 -0.3942113519 0.0756964833 -0.9158970714
307.8 -596.1 2367.4 -0.9100704789 0.0989074335 0.4024786055 0.1775512099 0.9705236554 0.1629704386 -0.3744960129 0.2197751403 -0.9008060694
156.3 -186.3 2341.6 -0.7603255510 0.0921092778 0.6429781914 0.1080508381 0.9940377474 -0.0146292523 -0.6404920816 0.0583513379 -0.7657447457
119.8 -579.6 2318.5 -0.7603255510 -0.3762769103 0.5294532776 0.1080508381 0.7304913998 0.6743198633 -0.6404920816 0.5699104667 -0.5147542357
355.3 -328.5 2468.1 0 0 0 0 0 0 0 0 0
-95.6 -54.7 2257.4 0 0 0 0 0 0 0 0 0
270.6 -961.8 2284.6 0 0 0 0 0 0 0 0 0
263.0 -857.5 2101.7 0 0 0 0 0 0 0 0 0
268.6 391.5 2535.2 2 -0.9299861193 0.0402724370 0.3653818965 0.1372693181 0.9601229429 0.2435590774 -0.3410028219 0.2766622901 -0.8984292150
260.3 193.4 2478.1 -0.9299861193 0.0402724370 0.3653818965 0.1372693181 0.9601229429 0.2435590774 -0.3410028219 0.2766622901 -0.8984292150
247.7 2.4 2430.9 -0.9297942519 0.0571354590 0.3636181951 0.1410671324 0.9677624702 0.2086525261 -0.3399745822 0.2452985048 -0.9078798890
394.8 174.1 2529.3 -0.0608851202 -0.3557017446 0.9326142073 0.9973630309 0.0152920755 0.0709446445 -0.0394967422 0.9344744086 0.3538326919
411.6 -99.8 2540.2 0.2743296623 -0.4038791656 0.8727112412 0.9264957905 -0.1320832521 -0.3523627818 0.2575825155 0.9052268267 0.3379580081
125.8 212.8 2426.9 -0.1097483784 0.3046023548 0.9461356401 -0.9156912565 0.3392575085 -0.2154387385 -0.3866067827 -0.8900122046 0.2416887730
101.5 9.7 2341.2 -0.8821988106 0.3046023548 0.3590858281 -0.2517870069 0.3392575085 -0.9063705802 -0.3979052007 -0.8900122046 -0.2225976586
329.0 -201.8 2405.5 -0.8997074366 0.0634963810 0.4318504035 0.0985072777 0.9933757782 0.0591685399 -0.4252327383 0.0957747772 -0.9000024199
304.0 -594.1 2367.7 -0.8971921802 0.0695134103 0.4361354113 0.1549316645 0.9743142724 0.1634253114 -0.4135726988 0.2141950876 -0.8849170208
156.2 -179.8 2348.4 -0.7702634335 0.1058211997 0.6288848519 0.0787564367 0.9943723679 -0.0708595216 -0.6328441501 -0.0050517675 -0.7742627263
114.3 -573.3 2350.4 -0.7702634335 -0.3482290506 0.5342572927 0.0787564367 0.7793984413 0.6215589046 -0.6328441501 0.5208402872 -0.5729168057
343.3 -330.4 2476.1 0 0 0 0 0 0 0 0 0
-95.0 -46.4 2252.6 0 0 0 0 0 0 0 0 0
277.6 -963.7 2286.4 0 0 0 0 0 0 0 0 0
246.7 -869.6 2152.4 0 0 0 0 0 0 0 0 0
264.1 391.8 2550.5 3 -0.9222669601 0.0340536088 0.3850507140 0.1436184943 0.9549953341 0.2595334947 -0.3588835895 0.2946595550 -0.8856513500
257.1 195.5 2489.9 -0.9222669601 0.0340536088 0.3850507140 0.1436184943 0.9549953341 0.2595334947 -0.3588835895 0.2946595550 -0.8856513500
244.1 5.2 2439.7 -0.9218400717 0.0586733073 0.3831035197 0.1524509639 0.9636862874 0.2192429602 -0.3563278913 0.2605114579 -0.8973094225
390.4 174.5 2543.5 -0.0534225442 -0.3742261231 0.9257974029 0.9982304573 0.0042323535 0.0593130514 -0.0261147954 0.9273278117 0.3733378053
405.1 -99.7 2550.6 0.2752977610 -0.4227911830 0.8633995056 0.9207339287 -0.1423646659 -0.3632924259 0.2765144408 0.8949748278 0.3500854969
123.8 216.4 2436.3 -0.1080982685 0.3246150911 0.9396487474 -0.9092084169 0.3499833941 -0.2255031317 -0.4020631909 -0.8787130713 0.2573101819
99.8 14.9 2347.2 -0.8757183552 0.3246150911 0.3574107587 -0.2398448884 0.3499833941 -0.9055308104 -0.4190368056 -0.8787130713 -0.2286296040
321.5 -202.7 2413.6 -0.8919357657 0.0414424576 0.4502590001 0.0819773152 0.9941096306 0.0708928704 -0.4446687996 0.1001429036 -0.8900792599
305.1 -596.5 2373.9 -0.8863938451 0.0992799699 0.4521608353 0.1897851229 0.9688121676 0.1593254507 -0.4222410917 0.2270385027 -0.8775910139
151.2 -176.9 2351.0 -0.8140863776 0.0985364243 0.5723232627 0.0385817327 0.9924997687 -0.1159982905 -0.5794607401 -0.0723514110 -0.8117823005
112.2 -569.6 2379.7 -0.8140863776 -0.3077802360 0.4924780726 0.0385817327 0.8174760342 0.5746688843 -0.5794607401 0.4868308008 -0.6536214352
336.5 -328.9 2481.8 0 0 0 0 0 0 0 0 0
-95.3 -38.6 2253.8 0 0 0 0 0 0 0 0 0
267.3 -965.1 2287.5 0 0 0 0 0 0 0 0 0
229.3 -880.5 2194.5 0 0 0 0 0 0 0 0 0
257.4 392.1 2567.1 4 -0.9283307791 0.0324826054 0.3703334928 0.1453304887 0.9486099482 0.2811018527 -0.3421711028 0.3147762418 -0.8853445053
250.7 197.4 2502.5 -0.9283307791 0.0324826054 0.3703334928 0.1453304887 0.9486099482 0.2811018527 -0.3421711028 0.3147762418 -0.8853445053
237.9 7.9 2449.4 -0.9279405475 0.0581125915 0.3681701422 0.1535494626 0.9596595168 0.2355336994 -0.3396305144 0.2750935853 -0.8994301558
385.0 176.2 2553.7 -0.0585544966 -0.3598910272 0.9311550856 0.9982419610 -0.0125277154 0.0579312108 -0.0091836769 0.9329102039 0.3599918783
401.1 -98.0 2556.2 0.2751595080 -0.4082533419 0.8704116344 0.9175376892 -0.1588269323 -0.3645526171 0.2870746255 0.8989456296 0.3308850825
116.5 218.6 2451.3 -0.1099733785 0.3093559146 0.9445658922 -0.9031630754 0.3656650484 -0.2249123454 -0.4149726927 -0.8778313994 0.2391854227
92.1 18.3 2359.3 -0.8809310198 0.3093559146 0.3581332266 -0.2374536842 0.3656650484 -0.8999471068 -0.4093607664 -0.8778313994 -0.2486679852
317.0 -200.2 2420.7 -0.8992255330 0.0385810249 0.4357809126 0.0805993155 0.9936629534 0.0783430934 -0.4299967885 0.1055717543 -0.8966367245
301.7 -594.4 2378.8 -0.8972910643 0.0589927584 0.4374797940 0.1472526640 0.9742673635 0.1706450880 -0.4161554575 0.2175383866 -0.8828882575
148.0 -172.2 2355.3 -0.8462892771 0.0942113772 0.5243269205 0.0213515572 0.9894458055 -0.1433217674 -0.5322955847 -0.1100964844 -0.8393689394
110.7 -564.3 2398.9 -0.8462892771 -0.2436753958 0.4737264812 0.0213515572 0.8730240464 0.4872095585 -0.5322955847 0.4224350154 -0.7336280346
332.6 -326.4 2484.7 0 0 0 0 0 0 0 0 0
-104.1 -34.6 2268.1 0 0 0 0 0 0 0 0 0
279.2 -965.6 2295.9 0 0 0 0 0 0 0 0 0
203.1 -895.3 2238.7 0 0 0 0 0 0 0 0 0
252.7 387.7 2583.9 5 -0.9332843423 0.0300183725 0.3578816056 0.1458832920 0.9422721267 0.3013988733 -0.3281743526 0.3334997892 -0.8837870359
246.5 194.6 2515.6 -0.9332843423 0.0300183725 0.3578816056 0.1458832920 0.9422721267 0.3013988733 -0.3281743526 0.3334997892 -0.8837870359
234.0 6.0 2459.5 -0.9329032898 0.0566860959 0.3556377292 0.1542231590 0.9552825093 0.2522906065 -0.3254331052 0.2902103066 -0.8999284506
381.5 173.3 2564.7 -0.0637383536 -0.3480721712 0.9352984428 0.9979338646 -0.0298268981 0.0569067001 0.0080894111 0.9369931221 0.3492541313
399.0 -100.7 2562.5 0.2740777135 -0.3961131573 0.8763422966 0.9141173959 -0.1757994294 -0.3653545678 0.2987822294 0.9012152553 0.3139112294
111.6 216.0 2466.5 -0.1105868742 0.2964388728 0.9486277103 -0.8967602253 0.3817347884 -0.2238295674 -0.4284760058 -0.8754441738 0.2236197144
87.0 17.1 2371.5 -0.8847868443 0.2964388728 0.3595499992 -0.2353217155 0.3817347884 -0.8938133121 -0.4022137523 -0.8754441738 -0.2679954469
311.4 -196.8 2425.9 -0.9053831697 0.0362297110 0.4230469167 0.0709716678 0.9952486753 0.0666568652 -0.4186219275 0.0903743505 -0.9036526680
297.0 -592.0 2390.1 -0.9053927064 0.0290323477 0.4235813618 0.1334857196 0.9665337801 0.2190754116 -0.4030454159 0.2548913360 -0.8789680600
141.3 -168.7 2363.6 -0.8750411272 0.0836796984 0.4767606556 0.0067152418 0.9869476557 -0.1609012187 -0.4840019941 -0.1375936270 -0.8641817570
108.1 -560.2 2418.2 -0.8750411272 -0.1932107955 0.4438159764 0.0067152418 0.9119493365 0.4102478921 -0.4840019941 0.3619641066 -0.7966957092
330.8 -328.3 2488.1 0 0 0 0 0 0 0 0 0
-110.1 -35.3 2281.9 0 0 0 0 0 0 0 0 0
286.0 -960.4 2292.9 0 0 0 0 0 0 0 0 0
181.4 -906.0 2281.0 0 0 0 0 0 0 0 0 0
245.0 383.5 2601.4 6 -0.9267932177 0.0216194224 0.3749491870 0.1499939859 0.9365741611 0.3167501688 -0.3443197608 0.3498020172 -0.8712533712
240.6 191.7 2529.7 -0.9267932177 0.0216194224 0.3749491870 0.1499939859 0.9365741611 0.3167501688 -0.3443197608 0.3498020172 -0.8712533712
227.9 4.0 2470.5 -0.9261720181 0.0570361763 0.3727630079 0.1648957878 0.9502373934 0.2643072307 -0.3391382694 0.3062610030 -0.8894882798
374.5 168.8 2580.9 -0.0581878051 -0.3645808995 0.9293519258 0.9980453253 -0.0425040722 0.0458146073 0.0227981117 0.9302011728 0.3663414717
390.5 -105.3 2574.6 0.2740066051 -0.4128187001 0.8686202168 0.9076454639 -0.1876055598 -0.3754781485 0.3179623783 0.8912827373 0.3232878447
106.6 214.6 2478.6 -0.1081749350 0.3138826191 0.9432793260 -0.8892237544 0.3937007487 -0.2329824716 -0.4444989264 -0.8639892340 0.2365233302
82.6 17.4 2380.0 -0.8789377809 0.3138826191 0.3590906262 -0.2236716151 0.3937007487 -0.8916113377 -0.4212355614 -0.8639892340 -0.2758318484
308.2 -197.9 2431.7 -0.8977697492 0.0434970856 0.4383121133 0.0765515938 0.9953762293 0.0580174178 -0.4337618649 0.0856397748 -0.8969483972
291.0 -593.3 2397.7 -0.8986431956 -0.0060704295 0.4386382997 0.1130730212 0.9629119039 0.2449799478 -0.4238571823 0.2697477341 -0.8646278381
137.2 -169.6 2372.0 -0.8702420592 0.0794746652 0.4861712456 -0.0247715078 0.9785923958 -0.2043117732 -0.4920010865 -0.1898438931 -0.8496435881
105.7 -557.7 2447.3 -0.8816223741 -0.0924183577 0.4628183842 0.0582426451 0.9518390298 0.3010153174 -0.4683479369 0.2923375964 -0.8337799311
322.3 -331.2 2495.4 0 0 0 0 0 0 0 0 0
-113.2 -32.4 2286.2 0 0 0 0 0 0 0 0 0
293.3 -960.5 2294.9 0 0 0 0 0 0 0 0 0
140.6 -917.0 2337.0 0 0 0 0 0 0 0 0 0
234.2 384.7 2618.6 7 -0.8967672586 0.0195962358 0.4420684278 0.1782811433 0.9303494096 0.3204149902 -0.4049991667 0.3661501408 -0.8378005624
230.2 194.2 2543.6 -0.8967672586 0.0195962358 0.4420684278 0.1782811433 0.9303494096 0.3204149902 -0.4049991667 0.3661501408 -0.8378005624
217.5 7.6 2480.9 -0.8962507248 0.0569087416 0.4398817718 0.1909395605 0.9446409941 0.2668248415 -0.4003456831 0.3231328130 -0.8575013280
359.7 167.5 2603.6 -0.0371153094 -0.4295648336 0.9022729993 0.9987640381 -0.0458139293 0.0192728639 0.0330577269 0.9018731117 0.4307343066
369.9 -106.8 2594.5 0.2715149820 -0.4782248437 0.8352129459 0.8968155384 -0.1892322302 -0.3998913169 0.3492871523 0.8576083779 0.3775000870
100.7 220.8 2483.6 -0.0968722403 0.3822965026 0.9189478755 -0.8806798458 0.3972298205 -0.2580918968 -0.4637011290 -0.8343008161 0.2982002795
79.2 25.6 2380.8 -0.8521696925 0.3822965026 0.3572900295 -0.1975491494 0.3972298205 -0.8962046504 -0.4845421612 -0.8343008161 -0.2629848719
301.5 -199.9 2440.7 -0.8643443584 0.0423174016 0.5011168122 0.0829374790 0.9948039651 0.0590461604 -0.4960143268 0.0925975814 -0.8633629084
284.7 -595.1 2403.9 -0.8654813170 -0.0165166669 0.5006688833 0.1173711419 0.9649494290 0.2347265631 -0.4869970381 0.2619155347 -0.8332071304
131.7 -169.6 2378.5 -0.8390222192 0.0766121894 0.5386764407 -0.0486747138 0.9754989147 -0.2145522982 -0.5419155955 -0.2062340677 -0.8147361875
101.3 -556.8 2460.4 -0.8477685452 -0.0399926826 0.5288563371 0.0540277176 0.9854534864 0.1611286849 -0.5276073217 0.1651727259 -0.8332757354
302.3 -330.0 2507.5 0 0 0 0 0 0 0 0 0
-110.6 -18.4 2272.8 0 0 0 0 0 0 0 0 0
291.0 -963.5 2303.9 0 0 0 0 0 0 0 0 0
116.3 -927.4 2398.3 0 0 0 0 0 0 0 0 0
228.4 383.7 2635.7 8 -0.8944969773 0.0240766164 0.4464252293 0.1876806170 0.9265231490 0.3260841370 -0.4057722986 0.3754666448 -0.8332908154
223.5 193.2 2558.5 -0.8944969773 0.0240766164 0.4464252293 0.1876806170 0.9265231490 0.3260841370 -0.4057722986 0.3754666448 -0.8332908154
210.0 7.7 2493.1 -0.8938706517 0.0607780851 0.4441860914 0.2014541179 0.9395610690 0.2768416405 -0.4005140364 0.3369437456 -0.8520900607
352.6 165.0 2618.5 -0.0319751725 -0.4328578115 0.9008949399 0.9983654618 -0.0565523654 0.0082626445 0.0473711900 0.8996865749 0.4339585304
361.4 -109.2 2605.5 0.2750398815 -0.4821207821 0.8318128586 0.8902247548 -0.1990562528 -0.4097273350 0.3631156087 0.8531917334 0.3744474351
94.3 221.5 2498.5 -0.0999274701 0.3872088790 0.9165608287 -0.8733655810 0.4072017372 -0.2672439516 -0.4767043889 -0.8271977305 0.2974842489
72.1 27.8 2392.8 -0.8515474796 0.3872088790 0.3534631431 -0.1860067099 0.4072017372 -0.8941969872 -0.4901718199 -0.8271977305 -0.2747281492
288.3 -197.5 2453.3 -0.8632872701 0.0221242867 0.5042276978 0.0637300685 0.9958207607 0.0654179305 -0.5006731153 0.0886089280 -0.8610893488
279.5 -593.2 2418.1 -0.8676161170 -0.0258608982 0.4965616763 0.1347160786 0.9490705729 0.2848098576 -0.4786374867 0.3140004575 -0.8199450374
124.4 -162.5 2380.1 -0.8402652740 0.0558548905 0.5392907262 -0.0764817819 0.9725217819 -0.2198908180 -0.5367539525 -0.2260125279 -0.8129043579
102.2 -548.6 2469.8 -0.8439669013 0.0255459603 0.5357866287 0.0520476736 0.9980520010 0.0343986116 -0.5338642001 0.0569177382 -0.8436524272
292.9 -330.8 2515.1 0 0 0 0 0 0 0 0 0
-117.6 -13.6 2283.6 0 0 0 0 0 0 0 0 0
289.4 -955.1 2298.3 0 0 0 0 0 0 0 0 0
92.6 -924.0 2448.4 0 0 0 0 0 0 0 0 0
219.1 382.0 2645.7 9 -0.9192886949 0.0382665135 0.3917192519 0.1819720566 0.9238224626 0.3368059695 -0.3489906490 0.3809038699 -0.8562229872
211.2 192.6 2567.6 -0.9192886949 0.0382665135 0.3917192519 0.1819720566 0.9238224626 0.3368059695 -0.3489906490 0.3809038699 -0.8562229872
195.1 7.6 2501.4 -0.9183104634 0.0746294484 0.3887625039 0.1980944723 0.9368948936 0.2880737782 -0.3427308202 0.3415528834 -0.8751441240
344.0 164.9 2619.3 -0.0362325162 -0.3761180043 0.9258630872 0.9976107478 -0.0681459755 0.0113569917 0.0588222705 0.9240624309 0.3776884377
354.0 -109.1 2603.2 0.2904497683 -0.4271202385 0.8562752008 0.8890011311 -0.2106010914 -0.4066007733 0.3539999127 0.8793267012 0.3185413182
78.4 220.4 2515.9 -0.1228040159 0.3324851990 0.9350790381 -0.8697356582 0.4177511930 -0.2627618909 -0.4779948294 -0.8455398083 0.2378727198
51.2 27.6 2410.0 -0.8787890673 0.3324851990 0.3423206210 -0.1881889403 0.4177511930 -0.8888581991 -0.4385370314 -0.8455398083 -0.3045451343
279.9 -197.4 2462.8 -0.8930440545 0.0224535130 0.4494086802 0.0578639507 0.9961922765 0.0652124509 -0.4462332129 0.0842421576 -0.8909428716
271.0 -593.3 2429.3 -0.8968259096 -0.0561787039 0.4388020039 0.1034834012 0.9377426505 0.3315567672 -0.4301097691 0.3427574337 -0.8351783752
116.1 -160.5 2389.5 -0.8708161116 0.0485671908 0.4892039597 -0.0692711174 0.9730575085 -0.2199104726 -0.4867040217 -0.2253892869 -0.8439898491
96.9 -547.0 2479.0 -0.8689351082 0.0665532723 0.4904309213 0.0459692515 0.9974868298 -0.0539152734 -0.4927866161 -0.0243041292 -0.8698107004
281.7 -330.4 2515.0 0 0 0 0 0 0 0 0 0
-144.6 -14.4 2312.3 0 0 0 0 0 0 0 0 0
292.4 -950.9 2298.6 0 0 0 0 0 0 0 0 0
71.7 -923.6 2488.2 0 0 0 0 0 0 0 0 0
205.7 380.4 2641.7 0 -0.8910919428 0.0414022356 0.4519303441 0.1951447129 0.9340197444 0.2992084622 -0.4097239375 0.3548140526 -0.8403768539
197.3 190.5 2569.6 -0.8910919428 0.0414022356 0.4519303441 0.1951447129 0.9340197444 0.2992084622 -0.4097239375 0.3548140526 -0.8403768539
183.7 4.4 2505.9 -0.8908295631 0.0611876473 0.4501985610 0.1999436915 0.9425762892 0.2675302625 -0.4079769254 0.3283382356 -0.8519089222
326.0 162.5 2630.7 -0.0296106972 -0.4385793805 0.8982045054 0.9988523126 -0.0468264781 0.0100640627 0.0376458615 0.8974716663 0.4394626021
334.1 -111.8 2620.4 0.2751508951 -0.4879322350 0.8283804059 0.8929348588 -0.1896393895 -0.4082942903 0.3563134968 0.8520323038 0.3835122585
68.6 218.5 2508.5 -0.0992929786 0.3934152424 0.9139832258 -0.8776175976 0.3982701004 -0.2667738199 -0.4689650536 -0.8286165595 0.3057227135
46.5 24.0 2404.5 -0.8489825726 0.3934152424 0.3527789414 -0.1884649694 0.3982701004 -0.8976981044 -0.4936694205 -0.8286165595 -0.2639793754
264.3 -196.7 2464.9 -0.8602057099 0.0067885160 0.5099020600 0.0505519919 0.9961212873 0.0720195770 -0.5074353814 0.0877282098 -0.8572124243
261.6 -592.5 2430.1 -0.8636933565 -0.0959972292 0.4947911501 0.0805591047 0.9427803755 0.3235358298 -0.4975379109 0.3192957044 -0.8065397143
96.3 -160.4 2402.3 -0.8380531669 0.0074307160 0.5455379486 -0.1074715331 0.9780676365 -0.1784194857 -0.5348988175 -0.2081548125 -0.8188741207
93.3 -548.6 2484.9 -0.8326646686 0.0980422720 0.5450295806 0.0378982686 0.9919843674 -0.1205436438 -0.5524791479 -0.0797167644 -0.8297059536
265.6 -334.0 2531.7 0 0 0 0 0 0 0 0 0
-142.6 -18.0 2294.5 0 0 0 0 0 0 0 0 0
298.2 -952.1 2308.3 0 0 0 0 0 0 0 0 0
56.2 -924.7 2515.1 0 0 0 0 0 0 0 0 0
196.0 370.1 2639.8 1 -0.8839077950 0.0352783352 0.4663286507 0.1798341870 0.9461187124 0.2692936659 -0.4317020476 0.3218926191 -0.8426259756
188.9 178.1 2574.4 -0.8839077950 0.0352783352 0.4663286507 0.1798341870 0.9461187124 0.2692936659 -0.4317020476 0.3218926191 -0.8426259756
176.7 -10.2 2517.2 -0.8837237954 0.0543864630 0.4648379683 0.1837331206 0.9538015127 0.2377074212 -0.4304350913 0.2954738438 -0.8528897166
316.5 152.5 2638.8 -0.0313409492 -0.4542595744 0.8903179169 0.9995077848 -0.0154980794 0.0272771921 0.0014072914 0.8907345533 0.4545217156
325.1 -122.0 2638.4 0.2678772509 -0.5026516318 0.8219386339 0.9055547118 -0.1599261165 -0.3929303288 0.3289565146 0.8495675325 0.4123379886
61.2 203.7 2510.1 -0.0900800601 0.4075131416 0.9087456465 -0.8939703107 0.3690987527 -0.2541321516 -0.4389790595 -0.8352838755 0.3310562372
41.3 5.5 2412.8 -0.8399579525 0.4075131416 0.3583346307 -0.2074158192 0.3690987527 -0.9059496522 -0.5014472604 -0.8352838755 -0.2255027443
252.9 -201.1 2478.1 -0.8512292504 -0.0117171304 0.5246632099 0.0403801538 0.9953244328 0.0877422169 -0.5232382417 0.0958747193 -0.8467761278
257.5 -596.6 2440.0 -0.8606577516 -0.0915682465 0.5008826852 0.1109828129 0.9263111949 0.3600422144 -0.4969416857 0.3654624820 -0.7870744467
90.1 -164.6 2403.5 -0.8283752203 -0.0045373994 0.5601552129 -0.1222227812 0.9773389101 -0.1728302091 -0.5466772914 -0.2116319984 -0.8101578951
91.9 -552.8 2487.6 -0.8155748248 0.1451468468 0.5601518750 0.0445352159 0.9809031487 -0.1893293560 -0.5769352913 -0.1294657737 -0.8064640164
258.5 -347.4 2556.5 0 0 0 0 0 0 0 0 0
-145.9 -40.7 2301.1 0 0 0 0 0 0 0 0 0
292.4 -949.8 2300.6 0 0 0 0 0 0 0 0 0
35.8 -931.9 2537.6 0 0 0 0 0 0 0 0 0
187.2 373.6 2651.3 2 -0.8779384494 0.0273060929 0.4779942334 0.1716430485 0.9499590397 0.2609913647 -0.4469482899 0.3111787438 -0.8386924267
181.6 179.4 2587.7 -0.8779384494 0.0273060929 0.4779942334 0.1716430485 0.9499590397 0.2609913647 -0.4469482899 0.3111787438 -0.8386924267
170.6 -9.6 2532.6 -0.8777520657 0.0481874757 0.4766857028 0.1763520539 0.9575743079 0.2279285789 -0.4454786777 0.2841292918 -0.8490107656
308.3 154.9 2654.1 -0.0333561264 -0.4671016932 0.8835741878 0.9993749857 -0.0052363537 0.0349595658 -0.0117029641 0.8841881156 0.4669844210
317.5 -119.5 2657.3 0.2612660825 -0.5146026611 0.8166542649 0.9102203846 -0.1502781361 -0.3858955503 0.3213081360 0.8441567421 0.4291392267
54.8 203.9 2521.2 -0.0819150433 0.4188489616 0.9043536186 -0.8996387124 0.3594064116 -0.2479460835 -0.4288824499 -0.8339020014 0.3473719358
36.7 4.4 2426.1 -0.8321787715 0.4188489616 0.3633786440 -0.2155662477 0.3594064116 -0.9079417586 -0.5108910799 -0.8339020014 -0.2088006884
246.6 -216.4 2498.0 -0.8440064192 -0.0084715784 0.5362661481 0.0638153628 0.9911860228 0.1160943881 -0.5325229764 0.1322064251 -0.8360267282
250.0 -610.0 2445.5 -0.8490262032 -0.1157884821 0.5155071020 0.0990221500 0.9235303402 0.3705217242 -0.5189886093 0.3656292558 -0.7726358175
84.9 -182.8 2419.2 -0.8200248480 0.0110857505 0.5722205639 -0.1088464707 0.9785438776 -0.1749407500 -0.5618823171 -0.2057399601 -0.8012236357
80.5 -571.5 2500.9 -0.8098970056 0.1288800240 0.5722383857 0.0341863930 0.9842764139 -0.1732950956 -0.5855750442 -0.1207884103 -0.8015684485
252.5 -346.1 2577.4 0 0 0 0 0 0 0 0 0
-148.7 -43.6 2312.3 0 0 0 0 0 0 0 0 0
294.2 -962.4 2305.9 0 0 0 0 0 0 0 0 0
31.0 -949.8 2547.4 0 0 0 0 0 0 0 0 0
174.8 371.2 2664.0 3 -0.8772827387 0.0189730991 0.4795987606 0.1668063104 0.9489871264 0.2675800920 -0.4500562251 0.3147434890 -0.8356948495
170.9 177.5 2599.8 -0.8772827387 0.0189730991 0.4795987606 0.1668063104 0.9489871264 0.2675800920 -0.4500562251 0.3147434890 -0.8356948495
161.5 -11.6 2544.5 -0.8771731257 0.0401194319 0.4784953296 0.1703443825 0.9576898217 0.2319762111 -0.4489433467 0.2849922776 -0.8468939066
297.5 153.9 2666.7 -0.0405138358 -0.4706612527 0.8813833594 0.9991168380 -0.0092463372 0.0409880280 -0.0111419084 0.8822655678 0.4706201851
308.7 -120.5 2669.8 0.2533802688 -0.5169510841 0.8176552057 0.9118460417 -0.1545975804 -0.3803108931 0.3230096400 0.8419389129 0.4322078526
44.2 201.1 2532.8 -0.0736720636 0.4196507037 0.9046909809 -0.8998935819 0.3630226851 -0.2416734099 -0.4298417568 -0.8319301605 0.3508963287
27.9 1.6 2437.5 -0.8285078406 0.4196507037 0.3707667887 -0.2211875618 0.3630226851 -0.9051467180 -0.5144422054 -0.8319301605 -0.2079456449
241.3 -216.0 2517.0 -0.8424571157 -0.0016830035 0.5387608409 0.0798301771 0.9885666966 0.1279180944 -0.5328162909 0.1507748812 -0.8326906562
242.0 -608.6 2457.1 -0.8473030925 -0.1174264625 0.5179656744 0.1131983027 0.9129153490 0.3921373487 -0.5189061165 0.3908920288 -0.7602235675
80.5 -183.7 2435.4 -0.8167927861 0.0135283927 0.5767725110 -0.1012742370 0.9808396101 -0.1664247960 -0.5679727793 -0.1943467706 -0.7997726202
75.1 -573.4 2512.6 -0.8074283004 0.1235885769 0.5768755674 0.0388553441 0.9868288636 -0.1570319235 -0.5886847973 -0.1043773219 -0.8015956283
245.6 -347.5 2589.4 0 0 0 0 0 0 0 0 0
-156.7 -47.7 2322.9 0 0 0 0 0 0 0 0 0
286.8 -957.1 2307.9 0 0 0 0 0 0 0 0 0
27.8 -951.5 2552.6 0 0 0 0 0 0 0 0 0
165.4 376.4 2679.9 4 -0.8573364615 0.0202617552 0.5143575072 0.1828803420 0.9460264444 0.2675606608 -0.4811745584 0.3234553635 -0.8147684932
161.2 181.9 2613.4 -0.8573364615 0.0202617552 0.5143575072 0.1828803420 0.9460264444 0.2675606608 -0.4811745584 0.3234553635 -0.8147684932
151.1 -6.8 2557.1 -0.8572773933 0.0432349220 0.5130362511 0.1846501827 0.9559956193 0.2279839367 -0.4806035757 0.2901777327 -0.8275367618
284.9 156.2 2684.9 -0.0256931242 -0.5033236146 0.8637158871 0.9996330142 -0.0055174134 0.0265210476 -0.0085831927 0.8640803695 0.5032806993
292.0 -118.3 2687.3 0.2542478740 -0.5501634479 0.7954106927 0.9069249630 -0.1500378251 -0.3936696649 0.3359243572 0.8214675188 0.4608101249
37.5 207.6 2541.8 -0.0705269054 0.4555657506 0.8874039650 -0.8972079158 0.3598178625 -0.2560254335 -0.4359402359 -0.8142425418 0.3833603561
21.9 8.7 2445.2 -0.8118405342 0.4555657506 0.3652051687 -0.2073141187 0.3598178625 -0.9096988440 -0.5458349586 -0.8142425418 -0.1976695210
233.9 -217.4 2529.1 -0.8207855225 0.0010069816 0.5712355971 0.0883306637 0.9881945252 0.1251767874 -0.5643658638 0.1532009095 -0.8111847043
233.5 -610.1 2468.2 -0.8293439150 -0.1307152510 0.5432330966 0.1382892132 0.8939788938 0.4262368679 -0.5413545966 0.4286202192 -0.7233394384
73.1 -186.2 2446.8 -0.7967627048 0.0298520047 0.6035545468 -0.0979776382 0.9791819453 -0.1777726114 -0.5962965488 -0.2007774264 -0.7772508264
61.2 -575.3 2526.6 -0.7916529775 0.0906653553 0.6042063832 0.0278761201 0.9932582378 -0.1125209853 -0.6103346944 -0.0722346455 -0.7888432741
228.7 -344.0 2603.7 0 0 0 0 0 0 0 0 0
-159.0 -37.5 2323.6 0 0 0 0 0 0 0 0 0
283.3 -951.2 2304.7 0 0 0 0 0 0 0 0 0
26.5 -954.9 2554.2 0 0 0 0 0 0 0 0 0
153.4 367.7 2688.8 5 -0.8629919887 0.0268773660 0.5045021176 0.1860156357 0.9453381300 0.2678319812 -0.4697264731 0.3249821365 -0.8208189011
147.9 174.1 2622.3 -0.8629919887 0.0268773660 0.5045021176 0.1860156357 0.9453381300 0.2678319812 -0.4697264731 0.3249821365 -0.8208189011
136.7 -14.6 2566.2 -0.8629834652 0.0489534959 0.5028550029 0.1862306297 0.9560342431 0.2265319675 -0.4696570337 0.2891403437 -0.8341583610
272.5 148.1 2692.2 -0.0237096809 -0.4922089875 0.8701540828 0.9996807575 -0.0040697670 0.0249368884 -0.0087328358 0.8704675436 0.4921483397
279.0 -126.4 2694.6 0.2604327798 -0.5398937464 0.8004308343 0.9065416455 -0.1485109031 -0.3951287866 0.3322002590 0.8285283446 0.4507590532
23.3 200.0 2552.3 -0.0779898986 0.4458356500 0.8917108178 -0.8972554803 0.3584921956 -0.2577129900 -0.4345690012 -0.8201913834 0.3720696867
6.0 1.0 2455.9 -0.8192071915 0.4458356500 0.3607355654 -0.2058576792 0.3584921956 -0.9105525613 -0.5352776647 -0.8201913834 -0.2019007057
