789.1 522.5 2627.1 4 -0.4043381810 0.1186349988 -0.9068827629 -0.0433222502 0.9879546165 0.1485559493 0.9135829806 0.0993550494 -0.3943282366
765.1 323.1 2607.1 -0.4043381810 0.1186349988 -0.9068827629 -0.0433222502 0.9879546165 0.1485559493 0.9135829806 0.0993550494 -0.3943282366
741.4 126.4 2590.7 -0.4024486840 0.1195397452 -0.9076041579 -0.0276354458 0.9893992543 0.1425669789 0.9150252938 0.0824579373 -0.3948788941
821.8 327.0 2478.4 0.3794271648 0.9238510132 0.0503420420 0.8618101478 -0.3726955354 0.3440659046 0.3366278708 -0.0871626660 -0.9375949502
731.9 122.9 2398.7 0.3403075635 0.9238510132 -0.1751857698 0.9040501714 -0.3726955354 -0.2092638314 -0.2586195469 -0.0871626660 -0.9620387554
708.5 319.2 2735.8 -0.6974511147 -0.3986081481 -0.5955446959 -0.7154359221 0.3392907083 0.6107644439 -0.0413929000 0.8520524502 -0.5218172669
512.5 118.1 2724.2 -0.1223028451 -0.3986081481 -0.9089298844 -0.9404183030 0.3392907083 -0.0222549643 0.3172624707 0.8520524502 -0.4163545966
752.4 -72.4 2492.0 -0.5334641933 0.0324021392 -0.8452017903 0.0602392256 0.9981839657 0.0002458871 0.8436747789 -0.0507831313 -0.5344472528
739.5 -469.1 2512.2 -0.5348113775 0.2513221204 -0.8067304492 0.0551066995 0.9630843401 0.2634990513 0.8431726098 0.0964660421 -0.5289179683
677.4 -74.0 2659.3 -0.6051776409 0.0740294084 0.7926409841 -0.0772533342 0.9855067134 -0.1510248184 -0.7923332453 -0.1526309997 -0.5906875730
648.0 -465.5 2719.9 -0.5831370950 0.1782326698 0.7925807834 0.0943686739 0.9838924408 -0.1518229097 -0.8068740368 -0.0137387691 -0.5905637741
643.6 -111.9 2465.8 0 0 0 0 0 0 0 0 0
478.2 -145.2 2813.0 0 0 0 0 0 0 0 0 0
677.1 -708.4 2488.2 0 0 0 0 0 0 0 0 0
602.0 -719.4 2723.5 0 0 0 0 0 0 0 0 0
790.3 529.6 2632.0 5 -0.4093575478 0.1201764569 -0.9044246674 -0.0512470603 0.9866935611 0.1543032974 0.9109336734 0.1095143333 -0.3977517784
766.0 330.5 2609.9 -0.4093575478 0.1201764569 -0.9044246674 -0.0512470603 0.9866935611 0.1543032974 0.9109336734 0.1095143333 -0.3977517784
740.5 134.3 2590.9 -0.4073524177 0.1285177469 -0.9041831493 -0.0353332050 0.9870900512 0.1562201828 0.9125872850 0.0955843553 -0.3975526094
823.3 335.4 2481.5 0.3858815134 0.9206987023 0.0583893321 0.8538208604 -0.3803893626 0.3553784788 0.3494071960 -0.0872799531 -0.9328970313
732.0 133.3 2398.7 0.3502000868 0.9206987023 -0.1722607464 0.9039452076 -0.3803893626 -0.1954149306 -0.2454444319 -0.0872799531 -0.9654735923
708.7 325.5 2738.2 -0.7040415406 -0.3997056186 -0.5869930983 -0.7081114650 0.3324016929 0.6229665279 -0.0538857132 0.8542508483 -0.5170607567
510.8 126.4 2723.1 -0.1329032630 -0.3997056186 -0.9069576263 -0.9431014657 0.3324016929 -0.0082931798 0.3047890961 0.8542508483 -0.4211402237
754.6 -67.7 2490.4 -0.5366708040 0.0303150807 -0.8432469368 0.0681948066 0.9976435900 -0.0075357747 0.8410314322 -0.0615492947 -0.5374734998
742.5 -464.2 2514.9 -0.5402333736 0.2537001073 -0.8023616076 0.0548864342 0.9620651007 0.2672417760 0.8397233486 0.1003341749 -0.5336644053
680.8 -72.7 2658.2 -0.6038302779 0.0826124027 0.7928203940 -0.0849700347 0.9822769761 -0.1670690328 -0.7925711870 -0.1682473123 -0.5861089826
647.9 -463.1 2725.1 -0.5818463564 0.1720008254 0.7949028015 0.1024299040 0.9850962758 -0.1381790340 -0.8068227172 0.0010228474 -0.5907927155
641.0 -101.5 2462.5 0 0 0 0 0 0 0 0 0
473.5 -137.6 2808.4 0 0 0 0 0 0 0 0 0
676.8 -713.3 2488.9 0 0 0 0 0 0 0 0 0
602.3 -724.4 2724.8 0 0 0 0 0 0 0 0 0
786.8 525.0 2624.9 6 -0.4311031997 0.0913571343 -0.8976657987 -0.0409380645 0.9918562770 0.1206035465 0.9013734460 0.0887412801 -0.4238524437
768.3 324.0 2606.9 -0.4311031997 0.0913571343 -0.8976657987 -0.0409380645 0.9918562770 0.1206035465 0.9013734460 0.0887412801 -0.4238524437
746.5 127.1 2591.4 -0.4293325245 0.1095632836 -0.8964761496 -0.0234641079 0.9909260869 0.1323437691 0.9028416276 0.0778544992 -0.4228660166
828.7 327.3 2479.9 0.3627115488 0.9288234711 0.0756791085 0.8673956394 -0.3661781549 0.3369545639 0.3406833410 -0.0565735847 -0.9384744763
742.8 122.0 2399.2 0.3410399556 0.9288234711 -0.1448403895 0.9045786858 -0.3661781549 -0.2182909846 -0.2557911873 -0.0565735847 -0.9650753140
707.9 320.6 2733.9 -0.6905169487 -0.4263344407 -0.5843161345 -0.7211514711 0.3433308899 0.6017179489 -0.0559193008 0.8368768096 -0.5445274711
513.7 117.9 2718.1 -0.1249572113 -0.4263344407 -0.8958932161 -0.9386533499 0.3433308899 -0.0324617699 0.3214274049 0.8368768096 -0.4430819154
752.3 -58.7 2488.1 -0.5586529970 0.0166090783 -0.8292351961 0.0692434460 0.9972431064 -0.0266749039 0.8265060186 -0.0723211169 -0.5582628846
745.7 -455.1 2516.9 -0.5621603727 0.2517979145 -0.7877649069 0.0560517386 0.9619346261 0.2674694657 0.8251266479 0.1062051430 -0.5548752546
677.6 -65.1 2655.5 -0.5818508863 0.0645268038 0.8107316494 -0.1041369885 0.9827311635 -0.1529540718 -0.8066008687 -0.1734236181 -0.5650833845
651.9 -455.7 2724.5 -0.5557478666 0.1836283654 0.8108174205 0.1035658047 0.9829956889 -0.1516363770 -0.8248747587 -0.0002986381 -0.5653154254
654.2 -113.0 2465.7 0 0 0 0 0 0 0 0 0
478.8 -144.9 2808.1 0 0 0 0 0 0 0 0 0
677.6 -715.2 2488.2 0 0 0 0 0 0 0 0 0
602.3 -721.6 2724.5 0 0 0 0 0 0 0 0 0
788.2 527.7 2621.3 7 -0.4121419787 0.0894193649 -0.9067211151 -0.0380279906 0.9926169515 0.1151755601 0.9103257060 0.0819494650 -0.4056986868
770.1 326.6 2604.7 -0.4121419787 0.0894193649 -0.9067211151 -0.0380279906 0.9926169515 0.1151755601 0.9103257060 0.0819494650 -0.4056986868
749.2 129.5 2590.5 -0.4106130302 0.1050303876 -0.9057403207 -0.0224239174 0.9918799996 0.1251849830 0.9115339518 0.0717128292 -0.4049236476
827.9 329.8 2476.5 0.3642603159 0.9297080636 0.0543809533 0.8709527850 -0.3607538342 0.3336133957 0.3297812045 -0.0741588771 -0.9411401749
741.6 123.6 2398.4 0.3301576674 0.9297080636 -0.1632138938 0.9055930972 -0.3607538342 -0.2230646461 -0.2662650347 -0.0741588771 -0.9610428810
712.3 323.5 2733.0 -0.6869954467 -0.4113062620 -0.5990529656 -0.7256083488 0.3439170122 0.5959980488 -0.0391132198 0.8441257477 -0.5347166657
519.2 119.5 2722.0 -0.1124005169 -0.4113062620 -0.9045403600 -0.9381559491 0.3439170122 -0.0398058556 0.3274592161 0.8441257477 -0.4245258570
764.1 -67.7 2493.2 -0.5417383313 0.0499396399 -0.8390623331 0.0792925954 0.9968181849 0.0081339665 0.8367988467 -0.0621249489 -0.5439744592
744.2 -463.7 2517.9 -0.5500571132 0.2564062476 -0.7947911620 0.0491855815 0.9599953294 0.2756622732 0.8336773515 0.1125377268 -0.5406637788
685.3 -72.0 2658.8 -0.5955633521 0.0827975124 0.7990299463 -0.0820834860 0.9831952453 -0.1630627662 -0.7991036177 -0.1627013683 -0.5787587166
652.4 -462.8 2723.5 -0.5704815984 0.1877592504 0.7995606065 0.1038512215 0.9821950197 -0.1565497369 -0.8147181273 -0.0062733945 -0.5798232555
655.9 -111.6 2467.6 0 0 0 0 0 0 0 0 0
487.7 -143.2 2813.7 0 0 0 0 0 0 0 0 0
677.3 -714.3 2488.5 0 0 0 0 0 0 0 0 0
602.6 -723.0 2725.1 0 0 0 0 0 0 0 0 0
791.5 528.0 2621.6 8 -0.3593113720 0.0962473601 -0.9282412529 -0.0432016402 0.9918854833 0.1195693463 0.9322172403 0.0830641687 -0.3522376716
772.0 327.4 2604.8 -0.3593113720 0.0962473601 -0.9282412529 -0.0432016402 0.9918854833 0.1195693463 0.9322172403 0.0830641687 -0.3522376716
752.1 130.1 2591.0 -0.3579556942 0.0999006331 -0.9283789992 -0.0294861831 0.9925548434 0.1181754470 0.9332728982 0.0696759298 -0.3523449600
822.3 331.5 2473.5 0.3744598925 0.9272404909 -0.0022008251 0.8731332421 -0.3518081009 0.3374453783 0.3121187687 -0.1282813698 -0.9413425326
733.7 124.8 2399.6 0.3062441349 0.9272404909 -0.2154984325 0.9095703959 -0.3518081009 -0.2211621851 -0.2808846235 -0.1282813698 -0.9511296749
721.7 323.3 2736.0 -0.6809390783 -0.3660030067 -0.6343215108 -0.7323328257 0.3364586830 0.5920170546 -0.0032570222 0.8676620126 -0.4971438646
530.3 117.5 2735.0 -0.0850211754 -0.3660030067 -0.9267217517 -0.9405448437 0.3364586830 -0.0465928987 0.3288567364 0.8676620126 -0.3728483617
766.0 -65.6 2492.6 -0.4935363233 0.0562993921 -0.8679010868 0.0818883181 0.9964776039 0.0180737488 0.8658615351 -0.0621509068 -0.4964081645
743.6 -461.6 2517.4 -0.5070338249 0.2549990714 -0.8233420849 0.0335255526 0.9603468180 0.2767852545 0.8612739444 0.1127364710 -0.4954772592
690.7 -69.7 2659.8 -0.6372564435 0.1027931124 0.7637655735 -0.0617472641 0.9810675383 -0.1835587174 -0.7681741118 -0.1641344130 -0.6188443899
649.8 -459.6 2725.1 -0.6159217954 0.1786510348 0.7672836185 0.1060828716 0.9838857651 -0.1439278126 -0.7806323171 -0.0072526317 -0.6249485016
654.1 -111.4 2472.6 0 0 0 0 0 0 0 0 0
506.5 -145.8 2827.1 0 0 0 0 0 0 0 0 0
676.9 -712.7 2487.9 0 0 0 0 0 0 0 0 0
602.0 -722.8 2727.0 0 0 0 0 0 0 0 0 0
792.7 527.5 2619.7 9 -0.3424609601 0.1007816046 -0.9341111183 -0.0389683843 0.9918509722 0.1212976500 0.9387235641 0.0779405087 -0.3357429504
772.3 327.4 2603.9 -0.3424609601 0.1007816046 -0.9341111183 -0.0389683843 0.9918509722 0.1212976500 0.9387235641 0.0779405087 -0.3357429504
751.6 130.1 2590.6 -0.3413394988 0.1040640920 -0.9341616631 -0.0281058643 0.9922779202 0.1208079383 0.9395197630 0.0674919412 -0.3357788324
820.3 331.3 2471.8 0.3825490475 0.9237599969 -0.0179907903 0.8721253872 -0.3546002507 0.3371290565 0.3050467968 -0.1446586251 -0.9412865043
729.8 124.8 2399.6 0.3038760424 0.9237599969 -0.2330810875 0.9085622430 -0.3546002507 -0.2208467871 -0.2866600454 -0.1446586251 -0.9470480084
724.3 323.4 2736.1 -0.6833065152 -0.3493998945 -0.6411021352 -0.7300726771 0.3381246626 0.5938565135 0.0092790276 0.8738371730 -0.4861300886
532.3 118.2 2738.7 -0.0818863437 -0.3493998945 -0.9333886504 -0.9400675297 0.3381246626 -0.0440995581 0.3310100734 0.8738371730 -0.3561472893
765.0 -64.5 2491.6 -0.4776929915 0.0542892627 -0.8768478036 0.0850237757 0.9962604642 0.0153629649 0.8744028807 -0.0672141314 -0.4805225432
743.5 -460.6 2518.4 -0.4927137792 0.2564350665 -0.8315492868 0.0316803418 0.9602460861 0.2773514986 0.8696145415 0.1103111356 -0.4812504351
699.5 -69.9 2662.6 -0.6489427090 0.1220343411 0.7509866953 -0.0418671891 0.9798297286 -0.1953993142 -0.7596845031 -0.1582446545 -0.6307440996
651.0 -459.3 2725.5 -0.6273856759 0.1858019978 0.7562174797 0.1157858521 0.9825804830 -0.1453590393 -0.7700524926 -0.0036368938 -0.6379701495
650.8 -111.2 2474.0 0 0 0 0 0 0 0 0 0
509.3 -145.0 2831.4 0 0 0 0 0 0 0 0 0
676.1 -712.8 2489.4 0 0 0 0 0 0 0 0 0
601.3 -721.7 2726.5 0 0 0 0 0 0 0 0 0
793.1 525.2 2610.2 0 -0.3797838092 0.0997985452 -0.9196763039 -0.0215170849 0.9929417968 0.1166345030 0.9248250127 0.0640846491 -0.3749558628
773.0 324.9 2597.3 -0.3797838092 0.0997985452 -0.9196763039 -0.0215170849 0.9929417968 0.1166345030 0.9248250127 0.0640846491 -0.3749558628
751.0 127.6 2587.1 -0.3781621456 0.1104521006 -0.9191266298 -0.0062030824 0.9925321341 0.1218254790 0.9257186055 0.0517712012 -0.3746529520
826.1 325.7 2467.1 0.3782916963 0.9254242182 0.0220326241 0.8748804331 -0.3652047813 0.3181346953 0.3024559915 -0.1010718048 -0.9477894902
736.6 118.6 2395.5 0.3232199252 0.9254242182 -0.1977850050 0.8999852538 -0.3652047813 -0.2380168438 -0.2924985886 -0.1010718048 -0.9509096146
719.8 324.0 2727.5 -0.6898178458 -0.3804454207 -0.6159647703 -0.7239754796 0.3586139381 0.5892839432 -0.0032968216 0.8524419665 -0.5228114724
525.9 120.5 2726.5 -0.1037519276 -0.3804454207 -0.9189651012 -0.9324864745 0.3586139381 -0.0431852750 0.3459833264 0.8524419665 -0.3919671178
762.2 -64.6 2491.0 -0.5116415620 0.0424284823 -0.8581507206 0.0915047079 0.9957904220 -0.0053227684 0.8543124795 -0.0812481865 -0.5133702159
745.4 -460.4 2523.3 -0.5291173458 0.2634350359 -0.8066205978 0.0318866968 0.9560899138 0.2913337052 0.8479493260 0.1284292489 -0.5142838359
699.7 -69.7 2663.3 -0.6173374057 0.1244494990 0.7767927051 -0.0392704755 0.9813024998 -0.1884231716 -0.7857177258 -0.1468256861 -0.6009075046
650.2 -459.8 2721.6 -0.5983383656 0.1805229932 0.7806425095 0.0954327062 0.9834095836 -0.1542665064 -0.7955399752 -0.0178047400 -0.6056394577
652.6 -115.2 2471.5 0 0 0 0 0 0 0 0 0
496.9 -140.6 2823.4 0 0 0 0 0 0 0 0 0
676.0 -712.0 2489.5 0 0 0 0 0 0 0 0 0
602.3 -720.8 2726.3 0 0 0 0 0 0 0 0 0
796.9 526.3 2614.0 1 -0.3548960388 0.1331588030 -0.9253742695 -0.0263912715 0.9879834652 0.1522895843 0.9345331788 0.0784687698 -0.3471171856
770.1 327.3 2598.2 -0.3548960388 0.1331588030 -0.9253742695 -0.0263912715 0.9879834652 0.1522895843 0.9345331788 0.0784687698 -0.3471171856
746.8 130.3 2586.3 -0.3534312546 0.1171980649 -0.9280899763 -0.0148110408 0.9912955165 0.1308198571 0.9353432655 0.0599818081 -0.3486190140
819.8 329.4 2466.7 0.3909661770 0.9204038978 -0.0014539696 0.8694157004 -0.3687881529 0.3288033903 0.3020957112 -0.1298151165 -0.9443972707
727.2 123.6 2395.1 0.3202250302 0.9204038978 -0.2243046910 0.9015859365 -0.3687881529 -0.2261373550 -0.2908586264 -0.1298151165 -0.9479184151
720.5 325.3 2729.7 -0.6936783791 -0.3555491269 -0.6264145374 -0.7202495933 0.3510108888 0.5983576775 0.0071327980 0.8662425876 -0.4995727539
525.4 122.8 2731.7 -0.0995486602 -0.3555491269 -0.9293410778 -0.9357519150 0.3510108888 -0.0340550616 0.3383170962 0.8662425876 -0.3676484227
763.6 -69.1 2491.9 -0.4875125587 0.0440936610 -0.8720018864 0.1002701819 0.9949436188 -0.0057479986 0.8673392534 -0.0902380049 -0.4894688129
746.1 -464.7 2527.8 -0.5146453381 0.2714457810 -0.8133003116 0.0129094422 0.9509079456 0.3092045486 0.8573059440 0.1486314237 -0.4928845465
694.3 -70.3 2661.5 -0.6404268742 0.1119238138 0.7598200440 -0.0453223549 0.9820926189 -0.1828659475 -0.7666807175 -0.1515491009 -0.6238858700
649.8 -460.7 2721.8 -0.6213165522 0.1760851443 0.7635179758 0.1001620367 0.9842765331 -0.1454898864 -0.7771314383 -0.0139197605 -0.6291843653
644.1 -110.6 2470.7 0 0 0 0 0 0 0 0 0
497.6 -139.3 2826.5 0 0 0 0 0 0 0 0 0
676.3 -709.2 2489.6 0 0 0 0 0 0 0 0 0
602.6 -724.8 2725.5 0 0 0 0 0 0 0 0 0
800.1 526.9 2626.9 2 -0.3620338738 0.1442155093 -0.9209415913 -0.0531938300 0.9831537604 0.1748688370 0.9306459427 0.1122968495 -0.3482635915
771.1 329.2 2604.3 -0.3620338738 0.1442155093 -0.9209415913 -0.0531938300 0.9831537604 0.1748688370 0.9306459427 0.1122968495 -0.3482635915
746.2 132.9 2586.7 -0.3599709868 0.1252847314 -0.9245131612 -0.0381047241 0.9881413579 0.1487438083 0.9321849942 0.0887717754 -0.3509282768
821.7 334.6 2473.2 0.3963249922 0.9180766344 0.0078638904 0.8570795059 -0.3730367124 0.3553285003 0.3291522861 -0.1340855807 -0.9347084165
727.9 131.7 2395.3 0.3299429715 0.9180766344 -0.2197111100 0.9065926075 -0.3730367124 -0.1973155737 -0.2631111145 -0.1340855807 -0.9554023147
720.4 323.8 2735.4 -0.7001411319 -0.3582103550 -0.6176469326 -0.7137836218 0.3296323717 0.6179445386 -0.0177576914 0.8735146523 -0.4864738584
523.6 123.2 2730.4 -0.1097618118 -0.3582103550 -0.9271664619 -0.9439804554 0.3296323717 -0.0156009924 0.3112125099 0.8735146523 -0.3743246198
755.8 -65.4 2488.7 -0.4921681881 0.0101001756 -0.8704415560 0.0932472497 0.9947909713 -0.0411811285 0.8654914498 -0.1014343202 -0.4905462861
751.8 -460.6 2529.0 -0.5168626904 0.2895374894 -0.8056184053 0.0180976298 0.9445531368 0.3278594017 0.8558770418 0.1548785120 -0.4934442043
691.0 -68.1 2660.1 -0.6395901442 0.1013816521 0.7620014548 -0.0541462265 0.9828615189 -0.1762142479 -0.7668067813 -0.1539644003 -0.6231390834
650.7 -458.8 2721.3 -0.6193049550 0.1792239845 0.7644214630 0.0994021147 0.9836619496 -0.1500946879 -0.7788328528 -0.0169692747 -0.6270019412
642.2 -103.8 2463.6 0 0 0 0 0 0 0 0 0
492.9 -141.0 2817.6 0 0 0 0 0 0 0 0 0
676.1 -707.6 2488.5 0 0 0 0 0 0 0 0 0
602.4 -724.2 2725.9 0 0 0 0 0 0 0 0 0
799.4 522.1 2622.3 3 -0.3601602614 0.1391932517 -0.9224477410 -0.0326546468 0.9863190651 0.1615808159 0.9323187470 0.0883172005 -0.3506876230
771.3 322.8 2604.5 -0.3601602614 0.1391932517 -0.9224477410 -0.0326546468 0.9863190651 0.1615808159 0.9323187470 0.0883172005 -0.3506876230
744.3 126.4 2589.9 -0.3584086001 0.1356235594 -0.9236609340 -0.0200701188 0.9880433083 0.1528647989 0.9333490729 0.0733260438 -0.3514012098
821.7 325.7 2473.2 0.4057999551 0.9139117599 0.0095777772 0.8578997850 -0.3845011592 0.3408325315 0.3151735067 -0.1300930530 -0.9400752187
725.6 122.5 2398.6 0.3387017250 0.9139117599 -0.2237107307 0.8989939094 -0.3845011592 -0.2096875161 -0.2776529193 -0.1300930530 -0.9518322349
720.8 320.0 2735.8 -0.7075267434 -0.3530924916 -0.6121532321 -0.7066651583 0.3467518687 0.6167556643 -0.0055065043 0.8689584732 -0.4948543608
521.9 121.3 2734.2 -0.1187301055 -0.3530924916 -0.9280241728 -0.9378808737 0.3467518687 -0.0119401896 0.3260101080 0.8689584732 -0.3723285794
754.3 -60.0 2483.6 -0.4894905984 0.0055472562 -0.8719909191 0.1035162732 0.9932785034 -0.0517898425 0.8658425808 -0.1156158894 -0.4867747128
752.1 -454.8 2529.6 -0.5197615623 0.2907848060 -0.8033007383 0.0131821567 0.9429082274 0.3327916861 0.8542096615 0.1623831093 -0.4939206541
688.2 -67.0 2654.5 -0.6439455152 0.0937032625 0.7593114376 -0.0807473660 0.9786043763 -0.1892442554 -0.7607982755 -0.1831753999 -0.6226016283
651.0 -455.9 2727.3 -0.6206668019 0.1788140088 0.7634122372 0.1195261031 0.9838458896 -0.1332694739 -0.7749104500 0.0085317492 -0.6320134401
637.6 -111.0 2470.7 0 0 0 0 0 0 0 0 0
488.7 -141.3 2825.5 0 0 0 0 0 0 0 0 0
676.0 -701.2 2487.1 0 0 0 0 0 0 0 0 0
602.3 -724.0 2725.0 0 0 0 0 0 0 0 0 0
804.3 520.7 2629.6 4 -0.3151940107 0.1730212271 -0.9331218600 -0.0512563959 0.9787015915 0.1987863183 0.9476420879 0.1104847193 -0.2996124327
769.5 323.8 2607.3 -0.3151940107 0.1730212271 -0.9331218600 -0.0512563959 0.9787015915 0.1987863183 0.9476420879 0.1104847193 -0.2996124327
741.5 127.9 2590.0 -0.3133407235 0.1410216093 -0.9391115308 -0.0396613255 0.9861062169 0.1613118201 0.9488121867 0.0877919719 -0.3033941388
813.6 329.4 2474.0 0.4222003222 0.9058363438 -0.0347481631 0.8505362272 -0.3825829029 0.3608579636 0.3135842085 -0.1819089204 -0.9319732189
713.6 128.1 2399.7 0.3268741369 0.9058363438 -0.2694695294 0.9043748379 -0.3825829029 -0.1890408397 -0.2743344903 -0.1819089204 -0.9442720413
725.5 318.2 2740.7 -0.7080915570 -0.3104697466 -0.6342041492 -0.7059939504 0.3282925487 0.6275321245 0.0133747589 0.8920944929 -0.4516509473
526.5 119.8 2744.5 -0.1052863076 -0.3104697466 -0.9447345138 -0.9445724487 0.3282925487 -0.0026190942 0.3109624386 0.8920944929 -0.3278258741
750.2 -68.1 2489.8 -0.4472546279 0.0050706617 -0.8943923116 0.0840239078 0.9957997203 -0.0363718644 0.8904511929 -0.0914178193 -0.4458020926
748.2 -463.8 2526.1 -0.4747404158 0.2892155051 -0.8312495947 0.0003562193 0.9445298314 0.3284254670 0.8801257610 0.1556207389 -0.4485095143
684.5 -71.7 2660.9 -0.6797463298 0.0888561532 0.7280449867 -0.0631088465 0.9818672538 -0.1787567437 -0.7307271957 -0.1674553156 -0.6618130207
649.1 -462.0 2727.5 -0.6582130194 0.1772177964 0.7316758037 0.1231879145 0.9841522574 -0.1275502294 -0.7426845431 0.0061783930 -0.6696129441
628.7 -106.8 2471.0 0 0 0 0 0 0 0 0 0
497.0 -144.7 2831.5 0 0 0 0 0 0 0 0 0
675.8 -700.3 2487.1 0 0 0 0 0 0 0 0 0
602.4 -721.3 2725.9 0 0 0 0 0 0 0 0 0
806.4 523.2 2633.7 5 -0.3372778296 0.1820714325 -0.9236307144 -0.0586562343 0.9751485586 0.2136461586 0.9395760298 0.1262348145 -0.3182163537
769.8 327.2 2608.3 -0.3372778296 0.1820714325 -0.9236307144 -0.0586562343 0.9751485586 0.2136461586 0.9395760298 0.1262348145 -0.3182163537
738.3 132.1 2587.5 -0.3351273239 0.1586106718 -0.9287261963 -0.0463035442 0.9817642570 0.1843771338 0.9410343766 0.1047931314 -0.3216717839
817.0 333.8 2475.9 0.4319381118 0.9018776417 -0.0067947898 0.8374679089 -0.3982709348 0.3742028475 0.3347790241 -0.1673228741 -0.9273219705
714.7 135.5 2396.7 0.3508226573 0.9018776417 -0.2520717084 0.9012588263 -0.3982709348 -0.1706246287 -0.2542753816 -0.1673228741 -0.9525476694
722.7 320.7 2740.6 -0.7222151756 -0.3235906363 -0.6113054156 -0.6915599704 0.3221772015 0.6464879513 -0.0122488011 0.8896577954 -0.4564636052
519.7 126.4 2737.2 -0.1306532472 -0.3235906363 -0.9371333122 -0.9464529157 0.3221772015 0.0207052939 0.2952229381 0.8896577954 -0.3483568132
742.1 -64.5 2485.7 -0.4652655423 -0.0167585611 -0.8850125074 0.0722916201 0.9957613945 -0.0568605848 0.8822141886 -0.0904342607 -0.4620819688
748.7 -460.2 2521.6 -0.4808361232 0.2870910168 -0.8284777403 0.0230175108 0.9486839771 0.3153868616 0.8765082955 0.1325799078 -0.4627696574
684.6 -71.8 2659.5 -0.6661797166 0.0953882188 0.7396659255 -0.0560427085 0.9825798273 -0.1771895289 -0.7436826229 -0.1594929546 -0.6492289305
646.7 -462.4 2722.9 -0.6470578909 0.1708839834 0.7430442572 0.1047292948 0.9852426052 -0.1353839487 -0.7552137971 -0.0097827530 -0.6554055810
623.6 -98.6 2462.7 0 0 0 0 0 0 0 0 0
483.1 -138.6 2819.8 0 0 0 0 0 0 0 0 0
675.9 -700.8 2488.0 0 0 0 0 0 0 0 0 0
601.8 -721.4 2725.5 0 0 0 0 0 0 0 0 0
810.3 525.1 2644.2 6 -0.3364294767 0.1920809299 -0.9219111204 -0.0740166083 0.9705548882 0.2292264998 0.9387953877 0.1453552842 -0.3123060763
771.8 330.5 2615.1 -0.3364294767 0.1920809299 -0.9219111204 -0.0740166083 0.9705548882 0.2292264998 0.9387953877 0.1453552842 -0.3123060763
737.3 136.2 2591.1 -0.3332482278 0.1737515330 -0.9266908765 -0.0570777170 0.9773522615 0.2037761509 0.9411098361 0.1208014339 -0.3157835603
818.7 338.5 2482.7 0.4454810917 0.8952839971 -0.0036276954 0.8250908256 -0.4089743197 0.3898270428 0.3475222886 -0.1766537428 -0.9208809733
713.2 143.2 2400.4 0.3637512624 0.8952839971 -0.2571994662 0.9000111818 -0.4089743197 -0.1507311314 -0.2401351482 -0.1766537428 -0.9545305371
724.9 322.4 2747.5 -0.7327884436 -0.3161745369 -0.6025402546 -0.6801137328 0.3122158945 0.6632997394 -0.0215958506 0.8958542943 -0.4438228309
518.9 131.3 2741.4 -0.1442035288 -0.3161745369 -0.9376774430 -0.9491393566 0.3122158945 0.0406904630 0.2798925042 0.8958542943 -0.3451163173
737.5 -58.8 2480.4 -0.4622097313 -0.0306325555 -0.8862413764 0.0935983881 0.9921352863 -0.0831079707 0.8818171620 -0.1213640720 -0.4557074010
749.7 -452.9 2528.6 -0.4893873632 0.2787621915 -0.8263120651 0.0079257870 0.9489159584 0.3154293895 0.8720304966 0.1478179842 -0.4665969014
676.0 -67.2 2652.9 -0.6736331582 0.0698706135 0.7357556820 -0.0845672786 0.9816954136 -0.1706531048 -0.7342116237 -0.1771784425 -0.6553938389
648.3 -457.3 2723.3 -0.6528391242 0.1717558503 0.7377675772 0.1056970060 0.9850816727 -0.1358021200 -0.7500861287 -0.0106771030 -0.6612539291
618.7 -90.6 2462.8 0 0 0 0 0 0 0 0 0
478.6 -134.5 2819.7 0 0 0 0 0 0 0 0 0
675.7 -704.8 2489.4 0 0 0 0 0 0 0 0 0
602.0 -722.7 2726.2 0 0 0 0 0 0 0 0 0
803.1 515.7 2623.5 7 -0.3761886358 0.1532029957 -0.9137893319 -0.0231840424 0.9843698740 0.1745806932 0.9262530208 0.0868606046 -0.3667568862
772.3 318.0 2606.1 -0.3761886358 0.1532029957 -0.9137893319 -0.0231840424 0.9843698740 0.1745806932 0.9262530208 0.0868606046 -0.3667568862
740.5 122.6 2591.4 -0.3740294278 0.1598316580 -0.9135403037 -0.0096046934 0.9843170047 0.1761470884 0.9273670912 0.0746584684 -0.3666283786
824.9 319.6 2475.8 0.4225702286 0.9057019353 0.0337403119 0.8475743532 -0.4080875218 0.3392378390 0.3210173845 -0.1147543937 -0.9400953650
724.8 118.9 2399.8 0.3662618697 0.9057019353 -0.2134390771 0.8896047473 -0.4080875218 -0.2051046640 -0.2728655040 -0.1147543937 -0.9551836848
719.8 316.5 2736.3 -0.7254000902 -0.3579169810 -0.5879541636 -0.6881408095 0.3572029471 0.6315602064 -0.0160271563 0.8627290726 -0.5054123402
515.9 123.1 2731.8 -0.1494395286 -0.3579169810 -0.9217175841 -0.9339402914 0.3572029471 0.0127138700 0.3246897161 0.8627290726 -0.3876533210
734.3 -54.6 2481.7 -0.5000691414 -0.0449531339 -0.8648179173 0.0994993150 0.9890555143 -0.1089451090 0.8602504134 -0.1405288726 -0.4901233315
752.0 -445.6 2537.2 -0.5319827199 0.2794110775 -0.7993270755 0.0013866241 0.9442746043 0.3291557729 0.8467540741 0.1739968359 -0.5027252436
672.1 -63.2 2653.4 -0.6382419467 0.0565465130 0.7677562833 -0.1080987677 0.9808349013 -0.1621034741 -0.7622085810 -0.1864547431 -0.6198973656
649.7 -453.0 2727.5 -0.6145108938 0.1755965054 0.7691178322 0.1157285422 0.9844319820 -0.1322896928 -0.7803737521 0.0077154203 -0.6252657175
629.7 -112.2 2470.7 0 0 0 0 0 0 0 0 0
474.1 -138.2 2822.7 0 0 0 0 0 0 0 0 0
675.5 -704.1 2489.6 0 0 0 0 0 0 0 0 0
601.5 -723.0 2725.4 0 0 0 0 0 0 0 0 0
802.6 510.6 2620.1 8 -0.4041984975 0.1532497853 -0.9017416835 -0.0138615603 0.9847247005 0.1735659689 0.9145662785 0.0826546550 -0.3958999813
771.7 312.1 2603.5 -0.4041984975 0.1532497853 -0.9017416835 -0.0138615603 0.9847247005 0.1735659689 0.9145662785 0.0826546550 -0.3958999813
740.3 116.4 2589.9 -0.4019800425 0.1577818990 -0.9019517303 0.0001881317 0.9850557446 0.1722357720 0.9156484008 0.0690656528 -0.3960024118
828.2 312.1 2474.8 0.4128895700 0.9086458087 0.0623296611 0.8509323597 -0.4092520177 0.3292824030 0.3247095942 -0.0829189345 -0.9421720505
730.5 110.7 2397.9 0.3746272326 0.9086458087 -0.1844375581 0.8866810799 -0.4092520177 -0.2151962370 -0.2710185945 -0.0829189345 -0.9589959979
715.3 312.0 2732.2 -0.7245702744 -0.3840544522 -0.5722762346 -0.6885060072 0.3660779595 0.6260561943 -0.0309419595 0.8476373553 -0.5296730399
511.6 118.4 2723.5 -0.1589444578 -0.3840544522 -0.9095267057 -0.9305494428 0.3660779595 0.0080391215 0.3298702240 0.8476373553 -0.4155677259
743.3 -72.8 2492.2 -0.5254275799 -0.0040453803 -0.8508287072 0.0877302885 0.9944010973 -0.0589056797 0.8463032842 -0.1055941209 -0.5221308470
744.9 -466.5 2534.0 -0.5536022186 0.2810969353 -0.7839063406 0.0012066086 0.9415809512 0.3367845416 0.8327803612 0.1854988039 -0.5216004848
674.2 -73.7 2661.5 -0.6128926873 0.0687079132 0.7871732712 -0.0866012126 0.9843701720 -0.1533477753 -0.7854061127 -0.1621558964 -0.5973631144
646.9 -464.9 2726.0 -0.5910946131 0.1712359637 0.7882165909 0.1030112505 0.9852299690 -0.1367865205 -0.7999973893 0.0003413974 -0.6000033617
633.2 -119.6 2468.3 0 0 0 0 0 0 0 0 0
467.1 -142.0 2815.8 0 0 0 0 0 0 0 0 0
675.3 -699.5 2488.1 0 0 0 0 0 0 0 0 0
602.3 -721.4 2725.9 0 0 0 0 0 0 0 0 0
804.0 510.5 2631.0 9 -0.3556213081 0.1587260365 -0.9210534692 -0.0403694399 0.9819454551 0.1848063767 0.9337579012 0.1029034927 -0.3427930474
772.0 312.3 2610.2 -0.3556213081 0.1587260365 -0.9210534692 -0.0403694399 0.9819454551 0.1848063767 0.9337579012 0.1029034927 -0.3427930474
741.2 116.7 2593.6 -0.3531465828 0.1542709470 -0.9227610826 -0.0248223599 0.9844188094 0.1740788221 0.9352386594 0.0843804479 -0.3438147604
821.5 315.8 2478.8 0.4234365523 0.9058676362 0.0102614015 0.8464004397 -0.3996267021 0.3520011604 0.3229671717 -0.1403649002 -0.9359433055
721.3 115.4 2402.3 0.3535746932 0.9058676362 -0.2332139313 0.8959243298 -0.3996267021 -0.1939537525 -0.2688949406 -0.1403649002 -0.9528867602
722.4 308.7 2741.6 -0.7199857235 -0.3416612446 -0.6040596962 -0.6939210892 0.3422611058 0.6335068345 -0.0096985856 0.8752856255 -0.4835090637
520.0 113.7 2738.9 -0.1348268390 -0.3416612446 -0.9301017523 -0.9395465255 0.3422611058 0.0104706092 0.3147602677 0.8752856255 -0.3671526313
745.9 -79.8 2492.5 -0.4807407856 0.0114111416 -0.8767884970 0.0826246738 0.9960559011 -0.0323395170 0.8729613423 -0.0879912898 -0.4797875285
741.4 -474.8 2527.5 -0.5090531111 0.2787949741 -0.8143330812 -0.0057975617 0.9449581504 0.3271398842 0.8607156277 0.1712527126 -0.4794175327
672.0 -79.3 2660.0 -0.6533592343 0.0750625804 0.7533175349 -0.0813980326 0.9823384285 -0.1684800982 -0.7526593208 -0.1713965982 -0.6357099414
642.1 -469.8 2728.2 -0.6349224448 0.1579724699 0.7562527061 0.1078215390 0.9874106646 -0.1157356203 -0.7650150061 0.0080571808 -0.6439620256
629.4 -117.3 2472.1 0 0 0 0 0 0 0 0 0
482.3 -149.3 2827.0 0 0 0 0 0 0 0 0 0
675.3 -699.0 2486.8 0 0 0 0 0 0 0 0 0
601.7 -722.3 2726.1 0 0 0 0 0 0 0 0 0
803.9 510.7 2624.9 0 -0.3054049313 0.1492862403 -0.9404474497 -0.0314530879 0.9855136275 0.1666542292 0.9517029524 0.0804769993 -0.2962851822
773.9 312.2 2608.7 -0.3054049313 0.1492862403 -0.9404474497 -0.0314530879 0.9855136275 0.1666542292 0.9517029524 0.0804769993 -0.2962851822
742.8 116.4 2594.7 -0.3037340343 0.1561885923 -0.9398674369 -0.0206739251 0.9851587415 0.1703962982 0.9525325298 0.0711859018 -0.2959972024
816.6 315.1 2474.8 0.4377729893 0.8982184529 -0.0394765213 0.8489361405 -0.3984969854 0.3471419513 0.2960780263 -0.1854824126 -0.9369813800
712.9 114.1 2404.7 0.3369638324 0.8982184529 -0.2822391689 0.8952336907 -0.3984969854 -0.1993910968 -0.2915682197 -0.1854824126 -0.9383944869
731.2 309.3 2742.5 -0.7176528573 -0.2961420417 -0.6302969456 -0.6956883073 0.3458029926 0.6296332479 0.0314976834 0.8903483748 -0.4541890621
529.6 113.8 2751.4 -0.1153240800 -0.2961420417 -0.9481562376 -0.9382871985 0.3458029926 0.0061174552 0.3260636330 0.8903483748 -0.3177457154
742.8 -76.9 2491.3 -0.4347413480 0.0052745081 -0.9005399346 0.0689391345 0.9972434044 -0.0274398960 0.8979128003 -0.0740116984 -0.4339065850
740.7 -472.9 2520.7 -0.4536932409 0.2758712769 -0.8473827243 0.0068884236 0.9519355297 0.3062210381 0.8911312819 0.1330932975 -0.4337870479
678.0 -81.2 2662.4 -0.6897323132 0.0859583840 0.7189440131 -0.0620582886 0.9822564721 -0.1769773215 -0.7214001417 -0.1666834056 -0.6721595526
643.9 -471.7 2728.6 -0.6705706120 0.1659929603 0.7230362296 0.1231993958 0.9860289693 -0.1121105254 -0.7315442562 0.0138996001 -0.6816523075
625.4 -118.4 2480.4 0 0 0 0 0 0 0 0 0
497.3 -148.8 2842.6 0 0 0 0 0 0 0 0 0
675.1 -699.4 2489.0 0 0 0 0 0 0 0 0 0
601.7 -722.4 2725.1 0 0 0 0 0 0 0 0 0
806.5 518.0 2631.3 1 -0.2804906070 0.1557079852 -0.9471430779 -0.0457355678 0.9834657907 0.1752236485 0.9587665200 0.0924667194 -0.2687315345
775.1 319.8 2612.7 -0.2804906070 0.1557079852 -0.9471430779 -0.0457355678 0.9834657907 0.1752236485 0.9587665200 0.0924667194 -0.2687315345
743.6 124.1 2597.4 -0.2781291902 0.1578747779 -0.9474807382 -0.0309164021 0.9844180346 0.1731048673 0.9600459933 0.0774382129 -0.2689144611
814.2 324.1 2477.7 0.4453996420 0.8929985762 -0.0645962730 0.8459435105 -0.3961025774 0.3570466936 0.2932554483 -0.2136732638 -0.9318503141
708.7 123.8 2408.3 0.3288917542 0.8929985762 -0.3072193265 0.8984284401 -0.3961025774 -0.1895496845 -0.2909579575 -0.2136732638 -0.9325702190
736.0 315.4 2747.7 -0.7166715860 -0.2722530961 -0.6420748830 -0.6960618496 0.3364661932 0.6342621446 0.0433566570 0.9014814496 -0.4306407273
534.6 119.8 2759.8 -0.1064121649 -0.2722530961 -0.9563235641 -0.9416525960 0.3364661932 0.0089920787 0.3193224072 0.9014814496 -0.2921719253
739.6 -77.6 2493.4 -0.4105890095 -0.0114832986 -0.9117482305 0.0646626502 0.9970365167 -0.0416771211 0.9095247984 -0.0760682225 -0.4086296856
744.2 -473.7 2523.6 -0.4321931005 0.2899382412 -0.8538998365 -0.0023343344 0.9465408325 0.3225756288 0.9017780423 0.1414082497 -0.4084115922
683.9 -81.3 2667.7 -0.7075163722 0.0997786820 0.6996176243 -0.0409679487 0.9825266004 -0.1815573275 -0.7055084705 -0.1571166813 -0.6910659671
644.3 -471.9 2730.2 -0.6884988546 0.1697867811 0.7050827742 0.1320132315 0.9853076339 -0.1083578244 -0.7131211758 0.0184760243 -0.7007972598
623.3 -109.5 2483.8 0 0 0 0 0 0 0 0 0
504.8 -143.9 2849.3 0 0 0 0 0 0 0 0 0
673.7 -703.8 2489.3 0 0 0 0 0 0 0 0 0
601.2 -721.8 2725.5 0 0 0 0 0 0 0 0 0
809.6 521.8 2646.1 2 -0.2821474373 0.1670477688 -0.9447157383 -0.0834361538 0.9767202735 0.1976258308 0.9557359815 0.1345830709 -0.2616412640
776.1 326.0 2619.1 -0.2821474373 0.1670477688 -0.9447157383 -0.0834361538 0.9767202735 0.1976258308 0.9557359815 0.1345830709 -0.2616412640
742.9 131.4 2596.3 -0.2789774537 0.1668235958 -0.9456962943 -0.0648647994 0.9792722464 0.1918814033 0.9581044316 0.1148729920 -0.2623738945
815.3 335.2 2484.4 0.4529403448 0.8894674182 -0.0607682578 0.8300601244 -0.3958517015 0.3928124309 0.3253386319 -0.2283619046 -0.9176086187
708.1 138.6 2407.3 0.3372685611 0.8894674182 -0.3083790541 0.9057955146 -0.3958517015 -0.1511153877 -0.2564845979 -0.2283619046 -0.9391839504
736.8 316.8 2753.8 -0.7235076427 -0.2693717182 -0.6355907321 -0.6901114583 0.3046731055 0.6564453244 0.0168195944 0.9135716558 -0.4063298106
533.5 122.9 2758.5 -0.1152492315 -0.2693717182 -0.9561153054 -0.9520179033 0.3046731055 0.0289180689 0.2835129201 0.9135716558 -0.2915600240
737.7 -68.8 2494.1 -0.4108604789 -0.0251330752 -0.9113517404 0.0580013543 0.9968743920 -0.0536400825 0.9098513722 -0.0748982280 -0.4081185460
747.7 -465.0 2523.9 -0.4298970997 0.2955871522 -0.8531217575 -0.0002374112 0.9448545575 0.3274901211 0.9028778672 0.1409895867 -0.4061200619
686.8 -74.4 2669.9 -0.7096263170 0.1074360907 0.6963389516 -0.0275591426 0.9833173752 -0.1797981709 -0.7040390372 -0.1467800140 -0.6948270798
644.1 -465.3 2728.3 -0.6923924088 0.1663047522 0.7020936608 0.1237691417 0.9860267639 -0.1115009636 -0.7108262181 0.0096951062 -0.7033008337
620.5 -96.6 2473.9 0 0 0 0 0 0 0 0 0
501.2 -143.6 2837.8 0 0 0 0 0 0 0 0 0
673.8 -701.2 2488.6 0 0 0 0 0 0 0 0 0
601.2 -719.7 2725.8 0 0 0 0 0 0 0 0 0
802.0 519.5 2631.9 3 -0.2606092989 0.1202611998 -0.9579248428 -0.0609603524 0.9881816506 0.1406443864 0.9635178447 0.0950486660 -0.2501981556
777.8 320.4 2612.8 -0.2606092989 0.1202611998 -0.9579248428 -0.0609603524 0.9881816506 0.1406443864 0.9635178447 0.0950486660 -0.2501981556
748.2 124.7 2595.5 -0.2585969567 0.1489094496 -0.9544388652 -0.0462086275 0.9850090146 0.1661987603 0.9648794532 0.0870818049 -0.2478394210
814.2 327.0 2477.1 0.4421344399 0.8927246332 -0.0869472027 0.8469273448 -0.3835916817 0.3682004213 0.2953493595 -0.2364320457 -0.9256719947
709.5 126.5 2407.1 0.3134555519 0.8927246332 -0.3237102330 0.9056013823 -0.3835916817 -0.1809518784 -0.2857127488 -0.2364320457 -0.9286916256
741.4 313.9 2748.5 -0.7087370753 -0.2573512495 -0.6568577886 -0.7037929893 0.3221400678 0.6331675649 0.0486537367 0.9110412002 -0.4094346166
542.3 116.2 2762.1 -0.0897888392 -0.2573512495 -0.9621373415 -0.9466894865 0.3221400678 0.0021816106 0.3093815446 0.9110412002 -0.2725563049
735.3 -57.2 2485.7 -0.3938166201 -0.0404963568 -0.9182965159 0.0707479939 0.9947300553 -0.0742077082 0.9164623022 -0.0941918716 -0.3888761997
751.4 -452.5 2523.2 -0.4167017937 0.2961457968 -0.8594517112 0.0012722217 0.9456355572 0.3252257705 0.9090423584 0.1344287544 -0.3944247961
684.1 -69.1 2661.3 -0.7208644748 0.0995728150 0.6858860254 -0.0401146114 0.9819726944 -0.1847172529 -0.6919142008 -0.1606701463 -0.7038748860
644.6 -459.4 2725.2 -0.7041262388 0.1634673625 0.6910026670 0.1124813780 0.9865311384 -0.1187615544 -0.7011092305 -0.0058981939 -0.7130294442
628.1 -108.7 2481.3 0 0 0 0 0 0 0 0 0
517.1 -148.7 2848.7 0 0 0 0 0 0 0 0 0
674.3 -698.7 2488.2 0 0 0 0 0 0 0 0 0
601.3 -720.6 2726.7 0 0 0 0 0 0 0 0 0
803.8 505.4 2640.3 4 -0.2527209520 0.1302840263 -0.9587273598 -0.0835929140 0.9842472076 0.1557871103 0.9639213085 0.1195134819 -0.2378490865
777.7 308.2 2616.4 -0.2527209520 0.1302840263 -0.9587273598 -0.0835929140 0.9842472076 0.1557871103 0.9639213085 0.1195134819 -0.2378490865
749.7 112.5 2595.6 -0.2504673898 0.1406949908 -0.9578470588 -0.0672203749 0.9844684601 0.1621827781 0.9657885432 0.1050083414 -0.2371196896
812.9 317.7 2480.6 0.4368066490 0.8942398429 -0.0976477414 0.8450871110 -0.3707340062 0.3852065206 0.3082656860 -0.2507816255 -0.9176496267
709.5 117.6 2407.6 0.3029740155 0.8942398429 -0.3294569254 0.9137949944 -0.3707340062 -0.1659365892 -0.2705279887 -0.2507816255 -0.9294746518
742.4 298.7 2752.3 -0.7019658685 -0.2532509565 -0.6656634808 -0.7110655904 0.3021830320 0.6348788142 0.0403685309 0.9189936519 -0.3922002316
545.2 98.8 2763.6 -0.0788380951 -0.2532509565 -0.9641827941 -0.9532488585 0.3021830320 -0.0014269286 0.2917210460 0.9189936519 -0.2652347088
742.4 -66.7 2489.8 -0.3877671063 -0.0100221569 -0.9217029214 0.0708092004 0.9966621995 -0.0406271741 0.9190335870 -0.0810189247 -0.3857631385
746.4 -462.7 2522.0 -0.4134046137 0.2925708592 -0.8622638583 -0.0075124972 0.9458448291 0.3245321512 0.9105164409 0.1406408399 -0.3888186514
694.9 -75.2 2666.6 -0.7242779136 0.1264917403 0.6778062582 -0.0179861821 0.9792281389 -0.2019622326 -0.6892735362 -0.1584679335 -0.7069582343
644.7 -464.3 2729.6 -0.7074829340 0.1655213535 0.6870739460 0.1309082508 0.9860553741 -0.1027515009 -0.6945005059 0.0172487162 -0.7192854285
630.8 -119.8 2477.8 0 0 0 0 0 0 0 0 0
523.1 -168.0 2845.2 0 0 0 0 0 0 0 0 0
673.3 -698.9 2486.8 0 0 0 0 0 0 0 0 0
601.4 -722.1 2725.1 0 0 0 0 0 0 0 0 0
799.2 508.0 2629.1 5 -0.2725443244 0.1073626652 -0.9561343193 -0.0562379174 0.9902780056 0.1272271127 0.9604982734 0.0884460360 -0.2638567984
777.6 309.2 2611.3 -0.2725443244 0.1073626652 -0.9561343193 -0.0562379174 0.9902780056 0.1272271127 0.9604982734 0.0884460360 -0.2638567984
752.7 112.8 2594.8 -0.2713908553 0.1254430115 -0.9542594552 -0.0464332215 0.9886091352 0.1431640685 0.9613485336 0.0831627548 -0.2624747753
815.8 315.8 2476.1 0.4186633825 0.9044464827 -0.0818385035 0.8583949804 -0.3647028804 0.3607629538 0.2964440286 -0.2212879956 -0.9290600419
716.7 112.6 2405.9 0.2970968783 0.9044464827 -0.3061209321 0.9107741117 -0.3647028804 -0.1936035752 -0.2867472768 -0.2212879956 -0.9320985079
739.5 302.7 2746.5 -0.6933587790 -0.2778812349 -0.6648575664 -0.7193138003 0.3218464553 0.6156317592 0.0429095365 0.9050949216 -0.4230388999
544.5 100.5 2758.6 -0.0733066201 -0.2778812349 -0.9578142762 -0.9465605021 0.3218464553 -0.0209288374 0.3140848577 0.9050949216 -0.2866248786
744.7 -76.9 2486.1 -0.4093500972 0.0074316198 -0.9123471379 0.0838445202 0.9960418940 -0.0295058303 0.9085167050 -0.0885735229 -0.4083529711
741.8 -472.7 2521.3 -0.4348535240 0.2841398120 -0.8544980884 0.0038089457 0.9494857788 0.3137869537 0.9004931450 0.1331966221 -0.4139695168
698.8 -89.2 2663.2 -0.7059149742 0.1392619312 0.6944711208 -0.0278666914 0.9742609859 -0.2236939371 -0.7077481747 -0.1772615165 -0.6838646531
643.4 -476.4 2733.7 -0.6869816184 0.1703056395 0.7064363360 0.1412550658 0.9849022627 -0.1000724062 -0.7128136158 0.0310398079 -0.7006663084
639.5 -124.0 2480.4 0 0 0 0 0 0 0 0 0
524.0 -164.5 2846.5 0 0 0 0 0 0 0 0 0
673.0 -702.6 2489.1 0 0 0 0 0 0 0 0 0
601.5 -719.2 2726.0 0 0 0 0 0 0 0 0 0
798.2 514.4 2623.9 6 -0.2676384747 0.0995486975 -0.9583630562 -0.0515590645 0.9917436242 0.1174147725 0.9621389508 0.0808370113 -0.2602961063
778.2 315.0 2607.7 -0.2676384747 0.0995486975 -0.9583630562 -0.0515590645 0.9917436242 0.1174147725 0.9621389508 0.0808370113 -0.2602961063
754.5 118.2 2593.7 -0.2659451962 0.1190982088 -0.9566026926 -0.0362086929 0.9904042482 0.1333729327 0.9633078575 0.0701072291 -0.2590808868
815.6 320.1 2472.2 0.4143361151 0.9057367444 -0.0892555565 0.8648717403 -0.3612981439 0.3485118747 0.2834121287 -0.2215956748 -0.9330449700
717.5 115.3 2405.1 0.2893107533 0.9057367444 -0.3097422719 0.9091014862 -0.3612981439 -0.2073600143 -0.2997228801 -0.2215956748 -0.9279340506
740.8 309.9 2743.2 -0.6881586909 -0.2753082514 -0.6712995172 -0.7234278917 0.3312298059 0.6057547927 0.0555851273 0.9024922252 -0.4271043241
547.3 106.5 2758.8 -0.0649568737 -0.2753082514 -0.9591590166 -0.9430338740 0.3312298059 -0.0312083494 0.3262939751 0.9024922252 -0.2811406553
752.6 -79.3 2490.2 -0.4052311778 0.0321952552 -0.9136471748 0.0827878788 0.9965658784 -0.0016018612 0.9104580283 -0.0762880296 -0.4065049589
739.8 -475.3 2520.5 -0.4289536178 0.2717379630 -0.8614854813 0.0045633567 0.9543209076 0.2987487912 0.9033150077 0.1242181063 -0.4105994403
702.8 -87.9 2666.5 -0.7044939995 0.1533806026 0.6929376721 -0.0075774351 0.9746861458 -0.2234489769 -0.7096694708 -0.1626691520 -0.6854982972
641.8 -475.2 2731.1 -0.6885514259 0.1625695080 0.7067305446 0.1312574148 0.9863907695 -0.0990187600 -0.7132099271 0.0245841164 -0.7005192041
642.4 -120.8 2482.9 0 0 0 0 0 0 0 0 0
529.1 -157.5 2850.2 0 0 0 0 0 0 0 0 0
674.5 -704.7 2490.7 0 0 0 0 0 0 0 0 0
601.7 -718.6 2725.1 0 0 0 0 0 0 0 0 0
796.5 517.8 2622.4 7 -0.3394764960 0.1068109348 -0.9345304370 -0.0416573994 0.9908497334 0.1283802986 0.9396916628 0.0825121999 -0.3319207132
775.0 317.7 2605.7 -0.3394764960 0.1068109348 -0.9345304370 -0.0416573994 0.9908497334 0.1283802986 0.9396916628 0.0825121999 -0.3319207132
749.5 121.1 2591.9 -0.3373014927 0.1278119087 -0.9326798916 -0.0233008992 0.9893035889 0.1439981759 0.9411082864 0.0703030825 -0.3307154477
822.3 321.0 2473.4 0.4045403600 0.9144030809 -0.0146306008 0.8617842793 -0.3758096099 0.3407270908 0.3060635924 -0.1504462808 -0.9400483966
726.6 117.0 2401.0 0.3238524795 0.9144030809 -0.2428714186 0.9021236300 -0.3758096099 -0.2119908482 -0.2851185203 -0.1504462808 -0.9466115236
