-212.0 501.9 2704.8 4 0.6757835150 -0.1181602404 0.7275677323 0.1356896609 0.9901410341 0.0347712897 -0.7245032191 0.0752255470 0.6851541400
-188.6 305.8 2689.9 0.6757835150 -0.1181602404 0.7275677323 0.1356896609 0.9901410341 0.0347712897 -0.7245032191 0.0752255470 0.6851541400
-167.5 108.1 2681.5 0.6780932546 -0.1100760624 0.7266861796 0.1156264246 0.9923861623 0.0424288586 -0.7258237004 0.0552533977 0.6856580973
-283.1 290.1 2789.2 -0.8581653833 -0.1715109795 0.4838761985 0.5122485757 -0.2237145156 0.8291882873 -0.0339647606 0.9594455957 0.2798403203
-46.9 149.0 2798.5 -0.4440049827 -0.1715109795 0.8794564009 0.8869163394 -0.2237145156 0.4041425884 0.1274322718 0.9594455957 0.2514462471
-94.2 321.5 2590.6 -0.5455221534 -0.3732635677 -0.7503864765 -0.8221949339 0.0647665039 0.5655093193 -0.1624841094 0.9254618287 -0.3422269523
-233.4 111.7 2549.1 0.1333245784 -0.3732635677 -0.9180952311 -0.9834602475 0.0647665039 -0.1691484600 0.1225987747 0.9254618287 -0.3584549129
-205.9 -99.6 2737.9 0.4063856900 0.4229126275 0.8099355698 -0.1535972357 0.9054387808 -0.3957126737 -0.9006989598 0.0364081077 0.4329155684
-374.7 -461.1 2723.4 0.4063856900 -0.1124830097 0.9067514539 -0.1535972357 0.9698607922 0.1891505867 -0.9006989598 -0.2161426097 0.3768604696
-86.1 -77.1 2601.5 0.9275491238 0.2113718390 0.3081794381 -0.1910204440 0.9769639373 -0.0951452628 -0.3211912215 0.0293833315 0.9465584159
-170.1 -465.4 2589.8 0.9315627217 0.0432216562 0.3610024452 -0.1360452622 0.9622170925 0.2358601391 -0.3371684253 -0.2688311934 0.9022456408
67.8 -80.1 2765.6 0 0 0 0 0 0 0 0 0
-195.4 -168.7 2584.1 0 0 0 0 0 0 0 0 0
-342.4 -739.7 2785.5 0 0 0 0 0 0 0 0 0
-182.8 -747.4 2668.6 0 0 0 0 0 0 0 0 0
-210.8 499.7 2699.8 5 0.6914775372 -0.1126501262 0.7135605812 0.1237448230 0.9916375875 0.0366350487 -0.7117204666 0.0629671216 0.6996350288
-188.5 303.5 2687.3 0.6914775372 -0.1126501262 0.7135605812 0.1237448230 0.9916375875 0.0366350487 -0.7117204666 0.0629671216 0.6996350288
-168.1 105.6 2681.6 0.6935885549 -0.1067778841 0.7124137878 0.1046478078 0.9933976531 0.0470097251 -0.7127298117 0.0419471301 0.7001833320
-285.1 289.3 2784.8 -0.8549779058 -0.1924745589 0.4816288650 0.5154603124 -0.2122610658 0.8302083611 -0.0575629324 0.9580703378 0.2806915045
-49.7 147.4 2800.6 -0.4426061809 -0.1924745589 0.8758158088 0.8901527524 -0.2122610658 0.4032037854 0.1082951203 0.9580703378 0.2652798295
-91.9 317.7 2589.9 -0.5456765294 -0.3921863139 -0.7405585647 -0.8216446042 0.0766727701 0.5648198128 -0.1647339314 0.9166848660 -0.3640762866
-231.2 108.0 2547.8 0.1263525784 -0.3921863139 -0.9111667871 -0.9825848937 0.0766727701 -0.1692578644 0.1362423003 0.9166848660 -0.3756685257
-207.9 -99.8 2736.9 0.4345231950 0.4045617878 0.8046858907 -0.1431904882 0.9131066799 -0.3817495406 -0.8892052770 0.0506556742 0.4546954334
-369.0 -463.5 2716.7 0.4349544048 -0.0066035180 0.9004282355 -0.1745148748 0.9803948998 0.0914898738 -0.8833794594 -0.1969320476 0.4252746701
-83.7 -78.6 2604.0 0.9357387424 0.2112977952 0.2823937237 -0.1868127882 0.9760691524 -0.1113101915 -0.2991554141 0.0514025055 0.9528188705
-167.6 -466.5 2583.6 0.9388201833 0.0488357954 0.3409278095 -0.1447226107 0.9541979432 0.2618427873 -0.3125253320 -0.2951632738 0.9028878808
64.6 -82.6 2772.6 0 0 0 0 0 0 0 0 0
-195.1 -172.1 2586.7 0 0 0 0 0 0 0 0 0
-367.1 -743.8 2773.1 0 0 0 0 0 0 0 0 0
-182.1 -749.0 2671.0 0 0 0 0 0 0 0 0 0
-216.1 500.6 2698.8 6 0.7187381983 -0.1382276267 0.6814019084 0.1424459964 0.9885247350 0.0502787754 -0.6805325747 0.0609256998 0.7301804423
-188.7 305.0 2686.7 0.7187381983 -0.1382276267 0.6814019084 0.1424459964 0.9885247350 0.0502787754 -0.6805325747 0.0609256998 0.7301804423
-163.6 107.7 2681.0 0.7212536335 -0.1309958100 0.6801714897 0.1239549741 0.9905129671 0.0593233891 -0.6814898252 0.0415234305 0.7306486368
-289.1 288.1 2779.8 -0.8631525040 -0.2289237827 0.4500684738 0.4964129925 -0.2215691805 0.8393337727 -0.0924221724 0.9478929043 0.3048887253
-51.5 151.5 2805.3 -0.4669545591 -0.2289237827 0.8541354537 0.8793999553 -0.2215691805 0.4213820696 0.0927857086 0.9478929043 0.3047783077
-88.3 321.9 2593.6 -0.5192558169 -0.4331569970 -0.7367146015 -0.8328214884 0.0630175248 0.5499428511 -0.1917856634 0.8991127610 -0.3934646845
-220.9 109.3 2544.7 0.1425846666 -0.4331569970 -0.8899688721 -0.9802004695 0.0630175248 -0.1877122223 0.1373925060 0.8991127610 -0.4155953526
-210.5 -101.5 2738.5 0.4703888297 0.3984531164 0.7873814106 -0.1413666755 0.9147592187 -0.3784587085 -0.8710624576 0.0667132586 0.4866205156
-369.0 -465.4 2712.0 0.4681642056 0.0637397394 0.8813396096 -0.1819318831 0.9829791188 0.0255510621 -0.8647097945 -0.1723058671 0.4717919230
-83.4 -82.2 2607.9 0.9483219385 0.2057335824 0.2415765226 -0.1815659404 0.9761992097 -0.1186125353 -0.2602293789 0.0686207935 0.9631053209
-165.1 -470.2 2580.6 0.9511037469 0.0556411222 0.3038186133 -0.1458485723 0.9479756355 0.2829671800 -0.2722680271 -0.3134426475 0.9097383022
69.2 -75.8 2781.3 0 0 0 0 0 0 0 0 0
-180.2 -170.1 2583.8 0 0 0 0 0 0 0 0 0
-387.3 -746.9 2761.3 0 0 0 0 0 0 0 0 0
-181.5 -748.4 2672.6 0 0 0 0 0 0 0 0 0
-217.0 501.4 2687.3 7 0.7605684400 -0.1489828080 0.6319333911 0.1399909258 0.9880527854 0.0644533187 -0.6339859366 0.0394437760 0.7723379731
-187.5 305.6 2679.5 0.7605684400 -0.1489828080 0.6319333911 0.1399909258 0.9880527854 0.0644533187 -0.6339859366 0.0394437760 0.7723379731
-160.3 108.4 2677.4 0.7629269361 -0.1419771463 0.6307019591 0.1239599884 0.9896113873 0.0728232861 -0.6344890594 0.0226229578 0.7726007104
-293.5 288.6 2766.0 -0.8595793843 -0.2881291211 0.4220247269 0.4874289930 -0.2143678069 0.8464392424 -0.1534152925 0.9332888126 0.3247086406
-56.9 154.5 2808.3 -0.4795842171 -0.2881291211 0.8288429379 0.8758863211 -0.2143678069 0.4322841465 0.0531235896 0.9332888126 0.3551757634
-81.4 322.5 2592.9 -0.4984712601 -0.4912126362 -0.7143084407 -0.8394603133 0.0678135082 0.5391731858 -0.2164089233 0.8683959246 -0.4461565912
-208.6 108.2 2537.7 0.1418222189 -0.4912126362 -0.8594164252 -0.9774345160 0.0678135082 -0.2000575960 0.1565508693 0.8683959246 -0.4705107212
-203.7 -100.6 2735.3 0.5205315351 0.4156548679 0.7458404303 -0.1607658863 0.9055983424 -0.3924869597 -0.8385709524 0.0843961686 0.5382156372
-368.9 -460.7 2701.7 0.5172709227 0.1103187054 0.8486816883 -0.1922169626 0.9812973142 -0.0104010869 -0.8339564800 -0.1577508301 0.5288016796
-71.5 -77.8 2610.4 0.9584057331 0.2257097512 0.1746814251 -0.2049292177 0.9702041149 -0.1292593181 -0.1986517161 0.0880855396 0.9761037230
-161.2 -463.3 2575.4 0.9649236202 0.0657548755 0.2541627586 -0.1423706412 0.9444672465 0.2961624265 -0.2205742896 -0.3219594359 0.9207003117
67.0 -71.8 2794.5 0 0 0 0 0 0 0 0 0
-168.2 -170.4 2582.3 0 0 0 0 0 0 0 0 0
-401.3 -748.9 2748.0 0 0 0 0 0 0 0 0 0
-180.9 -745.5 2671.6 0 0 0 0 0 0 0 0 0
-215.8 502.4 2681.5 8 0.7793518305 -0.1227260679 0.6144501567 0.1078567728 0.9922693968 0.0613865070 -0.6172338724 0.0184309259 0.7865638137
-191.4 305.6 2677.9 0.7793518305 -0.1227260679 0.6144501567 0.1078567728 0.9922693968 0.0613865070 -0.6172338724 0.0184309259 0.7865638137
-169.7 107.8 2680.0 0.7813138366 -0.1151780710 0.6134188175 0.0914812312 0.9933438301 0.0699943900 -0.6173976660 0.0014287265 0.7866499424
-300.0 293.2 2762.1 -0.8418272734 -0.3166222274 0.4371237457 0.5076160431 -0.1891744286 0.8405587673 -0.1834469587 0.9294962883 0.3199747205
-68.3 153.5 2812.6 -0.4564331472 -0.3166222274 0.8315161467 0.8893912435 -0.1891744286 0.4161685109 0.0255333968 0.9294962883 0.3679465353
-82.8 318.1 2593.7 -0.5159701705 -0.5102123022 -0.6880829930 -0.8295081258 0.0971561894 0.5499790311 -0.2137545347 0.8545432091 -0.4733549356
-214.5 106.3 2539.1 0.1109844521 -0.5102123022 -0.8528574705 -0.9778535366 0.0971561894 -0.1853730828 0.1774400026 0.8545432091 -0.4881300628
-202.1 -99.7 2731.1 0.5464965701 0.4225893617 0.7230212688 -0.1688597500 0.9012202024 -0.3991096914 -0.8202608824 0.0960228965 0.5638720989
-370.1 -458.0 2692.9 0.5415170789 0.1428157240 0.8284702301 -0.2057187855 0.9780157804 -0.0341301300 -0.8151313066 -0.1519498527 0.5589921474
-62.5 -76.8 2615.0 0.9600211978 0.2404000610 0.1434123963 -0.2224165946 0.9661557674 -0.1306670159 -0.1699710786 0.0935458168 0.9809989929
-158.0 -460.8 2577.8 0.9697954655 0.0777236894 0.2312051952 -0.1444703043 0.9467567801 0.2877150476 -0.1965328008 -0.3124270439 0.9293891788
49.6 -76.3 2806.0 0 0 0 0 0 0 0 0 0
-182.9 -172.4 2589.7 0 0 0 0 0 0 0 0 0
-412.8 -750.6 2738.4 0 0 0 0 0 0 0 0 0
-181.3 -744.2 2671.3 0 0 0 0 0 0 0 0 0
-226.6 508.7 2679.2 9 0.8222547770 -0.1377683431 0.5521928668 0.1165673882 0.9904567599 0.0735350028 -0.5570539832 0.0039031690 0.8304671049
-199.2 311.6 2678.4 0.8222547770 -0.1377683431 0.5521928668 0.1165673882 0.9904567599 0.0735350028 -0.5570539832 0.0039031690 0.8304671049
-174.8 114.1 2682.7 0.8242136836 -0.1292911172 0.5513217449 0.1020293534 0.9915593863 0.0800001621 -0.5570115447 -0.0096862270 0.8304482698
-313.6 297.7 2754.2 -0.8328526020 -0.3829993010 0.3995849490 0.4950350225 -0.1925114691 0.8472778201 -0.2475821078 0.9034660459 0.3499317169
-84.4 161.4 2822.3 -0.4698554873 -0.3829993010 0.7953284979 0.8826735616 -0.1925114691 0.4287502170 -0.0111011742 0.9034660459 0.4285159111
-84.8 325.5 2602.6 -0.4863627553 -0.5745055079 -0.6583272219 -0.8372342587 0.0908633471 0.5392426252 -0.2499800324 0.8134416342 -0.5251882076
-208.9 111.8 2538.8 0.1114074960 -0.5745055079 -0.8108833432 -0.9758893251 0.0908633471 -0.1984537840 0.1876923591 0.8134416342 -0.5505309105
-218.5 -97.9 2736.3 0.6146157980 0.3920379877 0.6845097542 -0.1494251192 0.9099078774 -0.3869622350 -0.7745447755 0.1355501264 0.6178240776
-374.1 -459.3 2682.4 0.6044390798 0.1594352722 0.7805342674 -0.2224625647 0.9745728970 -0.0267973244 -0.7649599910 -0.1574423015 0.6245383620
-75.4 -81.1 2623.2 0.9759293199 0.2049449384 0.0745626166 -0.1961493790 0.9743089080 -0.1106687263 -0.0953280181 0.0933794454 0.9910564423
-156.8 -468.2 2586.1 0.9849253893 0.0888369530 0.1484248638 -0.1276569664 0.9523169994 0.2771209776 -0.1167289391 -0.2918909788 0.9493018389
37.0 -66.6 2825.2 0 0 0 0 0 0 0 0 0
-177.2 -166.4 2592.3 0 0 0 0 0 0 0 0 0
-421.8 -750.9 2729.6 0 0 0 0 0 0 0 0 0
-182.8 -746.6 2671.5 0 0 0 0 0 0 0 0 0
-225.1 513.3 2677.0 0 0.8455487490 -0.1267321706 0.5186388493 0.1052910313 0.9919233918 0.0707233921 -0.5234128833 -0.0051920563 0.8520633578
-199.8 315.6 2678.0 0.8455487490 -0.1267321706 0.5186388493 0.1052910313 0.9919233918 0.0707233921 -0.5234128833 -0.0051920563 0.8520633578
-177.4 118.0 2684.6 0.8473091125 -0.1199443564 0.5173785686 0.0911292210 0.9925506711 0.0808619261 -0.5232234001 -0.0213667415 0.8519276977
-317.4 303.2 2749.1 -0.8175178170 -0.4215461612 0.3923817277 0.5005205870 -0.1830685735 0.8461471796 -0.2848573029 0.8881355524 0.3606543541
-92.4 165.4 2827.5 -0.4611186385 -0.4215461612 0.7808126807 0.8866032958 -0.1830685735 0.4247593284 -0.0361133926 0.8881355524 0.4581605494
-82.3 328.0 2606.9 -0.4831054509 -0.6066541672 -0.6313318014 -0.8346773386 0.1013330594 0.5413366556 -0.2644293606 0.7884809971 -0.5553150177
-205.6 115.0 2539.4 0.0948924795 -0.6066541672 -0.7892820239 -0.9755206108 0.1013330594 -0.1951694041 0.1983806938 0.7884809971 -0.5821879506
-224.6 -92.3 2735.6 0.6485832334 0.3848019838 0.6567093730 -0.1506943554 0.9106323123 -0.3847596943 -0.7460770607 0.1505863070 0.6486083269
-377.5 -454.1 2675.8 0.6383435726 0.1654089689 0.7517694831 -0.2213488072 0.9748335481 -0.0265369024 -0.7372395992 -0.1494636238 0.6588917971
-74.0 -73.5 2633.8 0.9787173271 0.2031707913 0.0288795307 -0.1982440203 0.9724342227 -0.1227639019 -0.0530254841 0.1144259647 0.9920156002
-154.7 -459.9 2588.3 0.9897651076 0.0942522287 0.1071518511 -0.1204685792 0.9543523788 0.2733108401 -0.0765004754 -0.2834219635 0.9559391737
26.8 -63.7 2836.8 0 0 0 0 0 0 0 0 0
-178.5 -163.1 2596.0 0 0 0 0 0 0 0 0 0
-427.7 -750.0 2721.1 0 0 0 0 0 0 0 0 0
-183.2 -748.8 2674.1 0 0 0 0 0 0 0 0 0
-232.9 518.4 2675.9 1 0.8601441979 -0.1291776597 0.4934217930 0.1026732624 0.9914461374 0.0805778578 -0.4996099770 -0.0186473541 0.8660497069
-207.1 320.3 2679.6 0.8601441979 -0.1291776597 0.4934217930 0.1026732624 0.9914461374 0.0805778578 -0.4996099770 -0.0186473541 0.8660497069
-184.5 122.8 2688.8 0.8620381355 -0.1211752445 0.4921450913 0.0876682922 0.9920126796 0.0906926841 -0.4992038906 -0.0350350328 0.8657759428
-326.7 308.4 2747.4 -0.8098178506 -0.4469278753 0.3800664842 0.4957750738 -0.1749370098 0.8506492376 -0.3136911690 0.8772984147 0.3632428050
-103.8 171.9 2833.7 -0.4615699649 -0.4469278753 0.7662953734 0.8851638436 -0.1749370098 0.4311403036 -0.0586351939 0.8772984147 0.4763500690
-87.5 332.3 2611.8 -0.4735810459 -0.6295951009 -0.6158984900 -0.8384000063 0.1080222949 0.5342439413 -0.2698265910 0.7693771124 -0.5790098906
-208.4 118.3 2543.0 0.0909365863 -0.6295951009 -0.7715831399 -0.9732340574 0.1080222949 -0.2028464377 0.2110593170 0.7693771124 -0.6029202342
-231.2 -87.7 2736.7 0.6745498180 0.3654915988 0.6414034367 -0.1465543658 0.9178465605 -0.3688895106 -0.7235360146 0.1548338830 0.6726976633
-376.5 -452.4 2675.1 0.6649776101 0.1847752929 0.7236455679 -0.2033971995 0.9770941138 -0.0625834838 -0.7186337113 -0.1055708677 0.6873284578
-76.2 -70.9 2640.9 0.9812319279 0.1928105205 -0.0028305040 -0.1915923506 0.9731612206 -0.1274740249 -0.0218237955 0.1256238818 0.9918378592
-152.8 -457.7 2591.0 0.9923213720 0.0995135009 0.0734530240 -0.1156949699 0.9568032622 0.2667248845 -0.0437373705 -0.2731749713 0.9609695673
15.5 -56.8 2848.9 0 0 0 0 0 0 0 0 0
-182.5 -159.2 2603.1 0 0 0 0 0 0 0 0 0
-432.7 -749.6 2707.3 0 0 0 0 0 0 0 0 0
-183.2 -749.5 2674.3 0 0 0 0 0 0 0 0 0
-235.6 517.9 2675.8 2 0.8852897286 -0.1266181618 0.4474706352 0.1019587964 0.9916560054 0.0788846985 -0.4537251890 -0.0242122412 0.8908126950
-210.4 319.9 2680.7 0.8852897286 -0.1266181618 0.4474706352 0.1019587964 0.9916560054 0.0788846985 -0.4537251890 -0.0242122412 0.8908126950
-188.8 122.3 2690.2 0.8870916963 -0.1165265068 0.4466429353 0.0872538835 0.9924982190 0.0856392160 -0.4532715380 -0.0369985029 0.8906043172
-333.3 308.0 2742.1 -0.7910551429 -0.4924651682 0.3629184663 0.4994325340 -0.1773090363 0.8480145335 -0.3532689214 0.8520795703 0.3862143457
-115.6 170.6 2839.3 -0.4555160999 -0.4924651682 0.7416085005 0.8867377639 -0.1773090363 0.4269163907 -0.0787475854 0.8520795703 0.5174545646
-87.4 331.8 2619.3 -0.4611366689 -0.6685064435 -0.5834827423 -0.8358849883 0.1066285968 0.5384483933 -0.2977402806 0.7360227108 -0.6079648733
-205.1 118.4 2543.3 0.0772147179 -0.6685064435 -0.7396870852 -0.9743687510 0.1066285968 -0.1980804056 0.2112898231 0.7360227108 -0.6431385279
-239.5 -82.4 2741.5 0.7164617181 0.3447030783 0.6065165997 -0.1310018450 0.9204109907 -0.3683504760 -0.6852161288 0.1844542176 0.7045959830
-376.4 -448.1 2668.2 0.7054405212 0.1839727759 0.6844762564 -0.1990394294 0.9782850742 -0.0578067377 -0.6802477241 -0.0954585448 0.7267397642
-81.6 -66.3 2650.1 0.9839464426 0.1697857976 -0.0549738631 -0.1757284701 0.9754787087 -0.1325172186 0.0311262906 0.1400503218 0.9896550179
-149.0 -453.9 2594.4 0.9943226576 0.1051537916 0.0162822735 -0.1057348773 0.9592362642 0.2620799839 0.0119401570 -0.2623136938 0.9649087787
2.1 -58.5 2859.7 0 0 0 0 0 0 0 0 0
-183.1 -159.3 2603.5 0 0 0 0 0 0 0 0 0
-433.3 -750.4 2697.7 0 0 0 0 0 0 0 0 0
-181.5 -749.7 2675.3 0 0 0 0 0 0 0 0 0
-229.7 524.5 2675.3 3 0.9027473927 -0.0889696926 0.4208699763 0.0696089268 0.9956967235 0.0611769781 -0.4245017767 -0.0259310491 0.9050557017
-211.9 325.4 2680.5 0.9027473927 -0.0889696926 0.4208699763 0.0696089268 0.9956967235 0.0611769781 -0.4245017767 -0.0259310491 0.9050557017
-197.6 127.1 2690.9 0.9039390683 -0.0808101892 0.4199570417 0.0556305312 0.9958602786 0.0718860254 -0.4240276515 -0.0416181497 0.9046924710
-337.2 317.9 2737.8 -0.7612992525 -0.5259304047 0.3792369068 0.5258005261 -0.1584986746 0.8357104659 -0.3794170022 0.8356287479 0.3971993923
-127.6 173.1 2842.3 -0.4217113554 -0.5259304047 0.7386181355 0.9018061757 -0.1584986746 0.4020245671 -0.0943669453 0.8356287479 0.5411279798
-86.7 332.9 2623.1 -0.4798187613 -0.6881402135 -0.5442765951 -0.8200175762 0.1311297417 0.5571141243 -0.3120017648 0.7136301994 -0.6272056103
-209.2 123.6 2543.5 0.0364673436 -0.6881402135 -0.7246606946 -0.9760402441 0.1311297417 -0.1736388355 0.2145124525 0.7136301994 -0.6668705940
-246.9 -83.0 2739.0 0.7437757850 0.3314285576 0.5804762244 -0.1303049773 0.9236499071 -0.3604045510 -0.6556051970 0.1924212426 0.7301752567
-378.6 -450.0 2662.6 0.7347872257 0.1714891791 0.6562615633 -0.1896780729 0.9808627367 -0.0439372510 -0.6512372494 -0.0921938941 0.7532531619
-84.5 -67.0 2656.0 0.9836282134 0.1547580063 -0.0923335925 -0.1660749316 0.9773656130 -0.1310556680 0.0699617639 0.1442443430 0.9870657921
-146.0 -455.5 2598.7 0.9929033518 0.1163313687 -0.0246971566 -0.1059642509 0.9596869946 0.2603313625 0.0539862439 -0.2558668852 0.9652034044
-18.7 -59.9 2866.7 0 0 0 0 0 0 0 0 0
-198.8 -154.7 2604.7 0 0 0 0 0 0 0 0 0
-431.6 -753.0 2691.0 0 0 0 0 0 0 0 0 0
-181.9 -751.8 2677.7 0 0 0 0 0 0 0 0 0
-228.5 524.1 2675.0 4 0.9205887318 -0.0589666255 0.3860560656 0.0439412668 0.9978976846 0.0476377010 -0.3880534768 -0.0268909410 0.9212444425
-216.8 324.8 2680.4 0.9205887318 -0.0589666255 0.3860560656 0.0439412668 0.9978976846 0.0476377010 -0.3880534768 -0.0268909410 0.9212444425
-208.4 126.3 2691.2 0.9213539958 -0.0510581024 0.3853568435 0.0300615691 0.9977263212 0.0603198446 -0.3875604868 -0.0439914986 0.9207940102
-344.4 320.9 2732.7 -0.7304623723 -0.5631211400 0.3864184916 0.5468869209 -0.1433952898 0.8248348236 -0.4090713263 0.8138380647 0.4127084911
-143.3 170.3 2845.3 -0.3920905292 -0.5631211400 0.7274335623 0.9132800698 -0.1433952898 0.3812575638 -0.1103836447 0.8138380647 0.5705112815
-89.1 328.8 2628.1 -0.4898407459 -0.7121250629 -0.5029253364 -0.8062940836 0.1506434083 0.5720108747 -0.3315809071 0.6856999397 -0.6479735374
-214.2 123.0 2543.5 0.0004224674 -0.7121250629 -0.7020524740 -0.9766152501 0.1506434083 -0.1533924341 0.2149941772 0.6856999397 -0.6954085827
-264.3 -75.8 2737.9 0.7801678181 0.2879137099 0.5553772449 -0.1084799170 0.9366087317 -0.3331608772 -0.6160927415 0.1996741146 0.7619448900
-378.6 -447.7 2658.6 0.7719383836 0.1577330828 0.6158176661 -0.1692731977 0.9847553372 -0.0400443412 -0.6127460599 -0.0733296648 0.7868704200
-98.8 -65.6 2660.2 0.9839964509 0.1166043729 -0.1347384602 -0.1335268468 0.9832252860 -0.1242523193 0.1179898977 0.1402550340 0.9830599427
-145.1 -456.2 2604.5 0.9892570972 0.1207608655 -0.0823847950 -0.0972122774 0.9643260241 0.2462215573 0.1091797352 -0.2355675995 0.9657058120
-42.0 -65.6 2873.8 0 0 0 0 0 0 0 0 0
-214.1 -155.4 2604.8 0 0 0 0 0 0 0 0 0
-427.6 -753.4 2681.3 0 0 0 0 0 0 0 0 0
-182.1 -752.0 2676.7 0 0 0 0 0 0 0 0 0
-230.0 524.2 2666.4 5 0.9367289543 -0.0504378937 0.3464028239 0.0245533083 0.9965949059 0.0787128508 -0.3491934240 -0.0652272701 0.9347777367
-219.9 325.3 2679.4 0.9367289543 -0.0504378937 0.3464028239 0.0245533083 0.9965949059 0.0787128508 -0.3491934240 -0.0652272701 0.9347777367
-213.0 127.1 2696.3 0.9371534586 -0.0444567949 0.3460736573 0.0156381484 0.9962046742 0.0856254697 -0.3485668302 -0.0748322532 0.9342918396
-349.7 323.3 2726.3 -0.7098054290 -0.5979344845 0.3723582327 0.5373355150 -0.1178188249 0.8350983262 -0.4554632604 0.7928386331 0.4049198925
-154.3 175.4 2851.7 -0.3827449381 -0.5979344845 0.7042589784 0.9110515714 -0.1178188249 0.3950996399 -0.1532687247 0.7928386331 0.5898436904
-90.2 327.3 2632.5 -0.4790533781 -0.7399652600 -0.4721856713 -0.8138583899 0.1728996634 0.5547434092 -0.3288500905 0.6500439644 -0.6850550771
-212.5 119.5 2548.6 -0.0133155156 -0.7399652600 -0.6725133061 -0.9699754715 0.1728996634 -0.1710360497 0.2428380549 0.6500439644 -0.7200503945
-282.6 -74.7 2735.3 0.8153423071 0.2463830709 0.5239392519 -0.0927296132 0.9488247037 -0.3018822670 -0.5715051889 0.1975526810 0.7964639068
-380.4 -451.3 2656.8 0.8073404431 0.1501522809 0.5706624985 -0.1566929966 0.9869161844 -0.0379964039 -0.5689013004 -0.0587427840 0.8203051686
-113.9 -69.2 2664.3 0.9803739786 0.0831547007 -0.1787517220 -0.1042580381 0.9882129431 -0.1120958179 0.1673234701 0.1285321265 0.9774878025
-147.0 -461.7 2613.2 0.9832848907 0.1163316518 -0.1400636584 -0.0821437612 0.9699668884 0.2289468944 0.1624908745 -0.2136146575 0.9633096457
-55.4 -60.0 2891.3 0 0 0 0 0 0 0 0 0
-216.3 -157.0 2617.8 0 0 0 0 0 0 0 0 0
-426.1 -751.8 2674.7 0 0 0 0 0 0 0 0 0
-182.0 -754.1 2677.6 0 0 0 0 0 0 0 0 0
-238.3 528.5 2670.6 6 0.9549781680 -0.0623240583 0.2900559008 0.0444173366 0.9967014790 0.0679210350 -0.2933322489 -0.0519795939 0.9545964003
-225.9 329.9 2681.0 0.9549781680 -0.0623240583 0.2900559008 0.0444173366 0.9967014790 0.0679210350 -0.2933322489 -0.0519795939 0.9545964003
-217.4 131.5 2694.9 0.9556486607 -0.0528083518 0.2897359729 0.0328081399 0.9967583418 0.0734603629 -0.2926760614 -0.0606966019 0.9542832971
-358.1 325.5 2720.1 -0.6888146996 -0.6416954398 0.3372851312 0.5367223024 -0.1386711150 0.8322857022 -0.4873022437 0.7543190718 0.4399309754
-168.5 177.8 2854.3 -0.3848101795 -0.6416954398 0.6634365320 0.9089774489 -0.1386711150 0.3931033909 -0.1602531672 0.7543190718 0.6366487741
-93.7 334.2 2641.8 -0.4485088885 -0.7788612247 -0.4384233356 -0.8136385083 0.1527824998 0.5609366298 -0.3699083924 0.6083031297 -0.7022357583
-208.2 126.5 2547.4 -0.0150187779 -0.7788612247 -0.6270164847 -0.9741418958 0.1527824998 -0.1664484888 0.2254374176 0.6083031297 -0.7610159516
-290.1 -72.3 2742.9 0.8462049365 0.2380645871 0.4767205119 -0.0824526250 0.9423732162 -0.3242442310 -0.5264397264 0.2350701988 0.8170698881
-384.6 -446.4 2649.6 0.8386723995 0.1363726258 0.5272865891 -0.1525667906 0.9882087708 -0.0129172206 -0.5228307247 -0.0696130991 0.8495893478
-118.5 -69.3 2679.1 0.9694896936 0.0722378492 -0.2342465222 -0.1055331305 0.9854998589 -0.1328638345 0.2212521136 0.1535308808 0.9630554318
-147.2 -460.8 2618.1 0.9740091562 0.1151187494 -0.1950740367 -0.0721797869 0.9740686417 0.2144303024 0.2147004604 -0.1947766691 0.9570609927
-69.1 -57.1 2895.7 0 0 0 0 0 0 0 0 0
-212.4 -151.2 2611.6 0 0 0 0 0 0 0 0 0
-427.5 -757.2 2671.5 0 0 0 0 0 0 0 0 0
-181.8 -753.8 2676.7 0 0 0 0 0 0 0 0 0
-242.3 532.0 2673.2 7 0.9699496031 -0.0475373901 0.2386167049 0.0392108075 0.9984489679 0.0395242721 -0.2401254922 -0.0289801992 0.9703091979
-232.8 333.0 2679.0 0.9699496031 -0.0475373901 0.2386167049 0.0392108075 0.9984489679 0.0395242721 -0.2401254922 -0.0289801992 0.9703091979
-227.1 134.3 2689.0 0.9704161882 -0.0395852141 0.2381710708 0.0285176206 0.9983550906 0.0497379452 -0.2397481948 -0.0414744355 0.9699488282
-367.0 329.3 2710.8 -0.6559863091 -0.6830697060 0.3210883439 0.5546492338 -0.1477369964 0.8188638687 -0.5119044781 0.7152549028 0.4757775366
-186.4 176.6 2851.7 -0.3665382862 -0.6830697060 0.6317162514 0.9164094329 -0.1477369964 0.3719778657 -0.1607589573 0.7152549028 0.6801227927
-98.7 336.7 2647.1 -0.4357626736 -0.8092141747 -0.3940600455 -0.8004962206 0.1482845992 0.5807043314 -0.4114811420 0.5684928298 -0.7123897672
-209.9 132.4 2542.1 -0.0368657671 -0.8092141747 -0.5863559842 -0.9785336852 0.1482845992 -0.1431205571 0.2027627379 0.5684928298 -0.7973099351
-294.3 -69.5 2733.7 0.8676493764 0.2380356640 0.4364900291 -0.1005723625 0.9438192248 -0.3147863448 -0.4868980646 0.2292253524 0.8428440094
-388.9 -444.5 2642.6 0.8626360893 0.1234564856 0.4905277789 -0.1492007375 0.9887142181 0.0135420561 -0.4833199382 -0.0848689750 0.8713203073
-119.4 -63.5 2680.2 0.9557567835 0.0723198354 -0.2851294577 -0.1100460216 0.9868278503 -0.1185777336 0.2727981508 0.1447088420 0.9511259198
-148.2 -455.7 2622.7 0.9621441960 0.1115645692 -0.2486601919 -0.0635980070 0.9790954590 0.1932030469 0.2650166750 -0.1700748950 0.9491263032
-91.7 -60.2 2893.3 0 0 0 0 0 0 0 0 0
-220.4 -146.6 2599.9 0 0 0 0 0 0 0 0 0
-427.5 -753.7 2669.2 0 0 0 0 0 0 0 0 0
-181.9 -751.7 2674.1 0 0 0 0 0 0 0 0 0
-247.3 532.5 2674.5 8 0.9783964157 -0.0251261443 0.2052050531 0.0191814192 0.9993381500 0.0309080184 -0.2058458477 -0.0263041705 0.9782308340
-242.3 333.5 2679.7 0.9783964157 -0.0251261443 0.2052050531 0.0191814192 0.9993381500 0.0309080184 -0.2058458477 -0.0263041705 0.9782308340
-241.5 134.7 2689.1 0.9786497355 -0.0147608137 0.2050043195 0.0064885365 0.9991394877 0.0409655124 -0.2054325938 -0.0387607105 0.9779034257
-377.5 332.8 2706.8 -0.6244341731 -0.7110708952 0.3232029080 0.5715761185 -0.1339764744 0.8095375299 -0.5323370099 0.6902379394 0.4900906384
-205.6 175.5 2853.4 -0.3391415477 -0.7110708952 0.6159229875 0.9252884388 -0.1339764744 0.3548121452 -0.1697773933 0.6902379394 0.7033826709
-107.0 334.2 2652.6 -0.4396072626 -0.8250230551 -0.3550809026 -0.7886900902 0.1654043496 0.5921227336 -0.4297829866 0.5403502584 -0.7234004736
-219.2 132.8 2542.9 -0.0668318644 -0.8250230551 -0.5611332059 -0.9780530334 0.1654043496 -0.1267030686 0.1973468214 0.5403502584 -0.8179705739
-307.9 -66.6 2719.0 0.8852721453 0.2101982236 0.4148613513 -0.1044822857 0.9591206312 -0.2630040050 -0.4531850517 0.1894844621 0.8710447550
-391.3 -447.3 2643.8 0.8817071319 0.1177161485 0.4568757415 -0.1390544772 0.9901964068 0.0132272597 -0.4508396685 -0.0751931891 0.8894321918
-130.3 -61.5 2675.2 0.9454899430 0.0561111420 -0.3207807541 -0.0962388217 0.9891910553 -0.1106306911 0.3111058176 0.1354717761 0.9406702518
-152.6 -454.7 2621.4 0.9524549246 0.0987808406 -0.2882221341 -0.0418508686 0.9794340730 0.1973764151 0.3017916083 -0.1759297848 0.9370008111
-118.0 -63.6 2897.2 0 0 0 0 0 0 0 0 0
-238.2 -146.0 2599.2 0 0 0 0 0 0 0 0 0
-427.5 -752.2 2667.0 0 0 0 0 0 0 0 0 0
-182.7 -753.0 2674.9 0 0 0 0 0 0 0 0 0
-254.1 534.0 2674.6 9 0.9861044884 -0.0091246143 0.1658753753 0.0044569965 0.9995841384 0.0284897946 -0.1660663486 -0.0273546092 0.9857351184
-252.3 335.0 2680.1 0.9861044884 -0.0091246143 0.1658753753 0.0044569965 0.9995841384 0.0284897946 -0.1660663486 -0.0273546092 0.9857351184
-254.9 136.2 2689.5 0.9861503243 0.0020852238 0.1658407152 -0.0085587772 0.9992284775 0.0383297056 -0.1656328440 -0.0392182432 0.9854073524
-388.6 336.4 2701.7 -0.5935624242 -0.7404004931 0.3154216707 0.5807715058 -0.1227522567 0.8047585487 -0.5571249127 0.6608623266 0.5028645992
-225.2 176.5 2855.0 -0.3178145885 -0.7404004931 0.5922846198 0.9302717447 -0.1227522567 0.3457258642 -0.1832713038 0.6608623266 0.7277860641
-116.0 333.6 2658.5 -0.4338404834 -0.8436032534 -0.3164110482 -0.7821055055 0.1782569587 0.5971058607 -0.4473179877 0.5065155625 -0.7371218801
-226.8 133.9 2544.3 -0.0897008181 -0.8436032534 -0.5294216871 -0.9768178463 0.1782569587 -0.1185383797 0.1943724602 0.5065155625 -0.8400365114
-328.1 -64.4 2715.5 0.9086726308 0.1698827446 0.3813842535 -0.0810434446 0.9678696990 -0.2380339652 -0.4095681310 0.1853862554 0.8932445645
-395.5 -448.6 2641.9 0.9049257636 0.1022118255 0.4131126702 -0.1268310994 0.9913905859 0.0325356536 -0.4062304795 -0.0818378851 0.9100985527
-148.9 -63.3 2677.9 0.9323917031 0.0159495305 -0.3610973358 -0.0655510202 0.9899212122 -0.1255352497 0.3554556966 0.1407183260 0.9240398407
-155.2 -456.5 2622.0 0.9372175932 0.0916766524 -0.3364797235 -0.0233436357 0.9791569710 0.2017588764 0.3479630351 -0.1812373102 0.9198232293
-143.0 -63.9 2902.4 0 0 0 0 0 0 0 0 0
-252.4 -144.5 2599.7 0 0 0 0 0 0 0 0 0
-427.3 -756.6 2667.3 0 0 0 0 0 0 0 0 0
-182.6 -749.5 2676.2 0 0 0 0 0 0 0 0 0
-257.5 531.3 2665.7 0 0.9941708446 -0.0002762887 0.1078161076 -0.0051948423 0.9987125397 0.0504608601 -0.1076912358 -0.0507268012 0.9928894043
-257.4 332.8 2675.8 0.9941708446 -0.0002762887 0.1078161076 -0.0051948423 0.9987125397 0.0504608601 -0.1076912358 -0.0507268012 0.9928894043
-261.9 134.2 2688.4 0.9941078424 0.0109803481 0.1078377217 -0.0169388186 0.9983704090 0.0544944629 -0.1070636213 -0.0560000166 0.9926738739
-394.7 335.3 2689.3 -0.5559183359 -0.7787862420 0.2905973196 0.5743236542 -0.1071304157 0.8115882277 -0.6009219289 0.6180736423 0.5068311095
-241.7 177.2 2854.7 -0.3003397584 -0.7787862420 0.5507159233 0.9287123084 -0.1071304157 0.3549879789 -0.2174613327 0.6180736423 0.7554439306
-120.1 330.3 2662.3 -0.4119265079 -0.8707431555 -0.2685571611 -0.7873138189 0.1917271763 0.5859843493 -0.4587521553 0.4528212249 -0.7645255923
-225.3 129.3 2545.2 -0.1074211821 -0.8707431555 -0.4798615277 -0.9727821350 0.1917271763 -0.1301369518 0.2053183466 0.4528212249 -0.8676389456
-345.6 -61.6 2712.3 0.9358038306 0.1316847056 0.3270020187 -0.0593764558 0.9732362628 -0.2220035642 -0.3474847078 0.1883355677 0.9185771942
-397.9 -447.9 2637.5 0.9316597581 0.0942715630 0.3508888483 -0.1236181632 0.9903821945 0.0621427223 -0.3416557610 -0.1012721062 0.9343528748
-165.0 -63.2 2682.0 0.9093659520 -0.0192354284 -0.4155520797 -0.0452747867 0.9884203076 -0.1448291093 0.4135259688 0.1505166888 0.8979648948
-157.4 -455.7 2622.2 0.9139598608 0.0857277438 -0.3966460824 -0.0027070155 0.9786974788 0.2052898705 0.4057955444 -0.1865529716 0.8947222829
-164.1 -62.7 2910.9 0 0 0 0 0 0 0 0 0
-255.9 -148.0 2603.7 0 0 0 0 0 0 0 0 0
-427.1 -754.9 2668.9 0 0 0 0 0 0 0 0 0
-183.1 -749.5 2678.2 0 0 0 0 0 0 0 0 0
-261.6 532.4 2653.2 1 0.9984057546 -0.0022379111 0.0563997589 -0.0026134227 0.9963092208 0.0857966021 -0.0563836060 -0.0858072191 0.9947150350
-261.2 333.0 2670.4 0.9984057546 -0.0022379111 0.0563997589 -0.0026134227 0.9963092208 0.0857966021 -0.0563836060 -0.0858072191 0.9947150350
-265.4 134.8 2688.1 0.9983692169 0.0089212563 0.0563857593 -0.0135150505 0.9965717196 0.0816223621 -0.0554642789 -0.0822513103 0.9950670600
-399.0 335.0 2676.8 -0.5271117091 -0.8089971542 0.2601476312 0.5545780063 -0.0955238640 0.8266307712 -0.6438916326 0.5799989104 0.4990037978
-253.9 182.4 2854.1 -0.2933380604 -0.8089971542 0.5093882084 0.9206705093 -0.0955238640 0.3784719706 -0.2575240135 0.5799989104 0.7728406191
-123.3 331.0 2664.0 -0.0661546364 -0.9456951022 -0.3182519078 -0.9749558568 -0.0066085383 0.2223003507 -0.2123315334 0.3249877691 -0.9215738177
-140.5 77.7 2608.8 -0.0548848063 -0.9448425174 -0.3228935897 -0.9908849597 0.0116967792 0.1342018396 -0.1230227947 0.3273160458 -0.9368722439
-355.1 -62.7 2709.2 0.9531815648 0.1147132665 0.2797960341 -0.0587655194 0.9778835177 -0.2007247955 -0.2966337204 0.1748848110 0.9388417006
-400.7 -451.1 2639.7 0.9493469000 0.0925894305 0.3002793789 -0.1181291044 0.9906669259 0.0680040196 -0.2911804020 -0.1000311375 0.9514240623
-173.2 -65.7 2689.6 0.8879560828 -0.0128519526 -0.4597486556 -0.0657916218 0.9857799411 -0.1546263695 0.4551982880 0.1675490439 0.8744837642
-168.1 -457.4 2623.0 0.8970719576 0.0573065840 -0.4381528199 0.0250591468 0.9833617806 0.1799211502 0.4411734343 -0.1723819524 0.8807101846
-178.1 -55.5 2920.6 0 0 0 0 0 0 0 0 0
-154.5 -175.9 2577.4 0 0 0 0 0 0 0 0 0
-428.6 -749.1 2669.8 0 0 0 0 0 0 0 0 0
-185.0 -746.8 2673.8 0 0 0 0 0 0 0 0 0
-265.8 527.8 2645.0 2 0.9990249872 0.0010323421 -0.0441361219 0.0033911096 0.9949786067 0.1000305712 0.0440177619 -0.1000827104 0.9940049648
-266.0 328.7 2665.0 0.9990249872 0.0010323421 -0.0441361219 0.0033911096 0.9949786067 0.1000305712 0.0440177619 -0.1000827104 0.9940049648
-270.3 130.7 2685.7 0.9989774227 0.0097621614 -0.0441449806 -0.0053763748 0.9951326251 0.0983977914 0.0448906869 -0.0980598330 0.9941675663
-403.6 329.5 2657.6 -0.4640604258 -0.8622839451 0.2027667910 0.5391724110 -0.0933468565 0.8370062709 -0.7028093934 0.4977477193 0.5082382560
-275.9 181.1 2851.1 -0.2728583515 -0.8622839451 0.4266318679 0.9136393070 -0.0933468565 0.3956634402 -0.3013494909 0.4977477193 0.8132869601
-128.5 327.9 2672.5 0.0775495246 -0.9713960290 -0.2244455665 -0.9857909679 -0.1083558723 0.1283555776 -0.1490041018 0.2113024890 -0.9659963846
-107.3 58.6 2631.8 -0.0013848089 -0.9732308984 -0.2298252732 -0.9776110053 -0.0470414124 0.2050947696 -0.2104158700 0.2249637395 -0.9513760805
-358.7 -62.0 2709.5 0.9756129384 0.1191814169 0.1843236238 -0.0821011290 0.9769358039 -0.1971189231 -0.2035652548 0.1771785915 0.9628961086
-406.0 -450.3 2639.1 0.9745933414 0.0762314871 0.2106100619 -0.0967531726 0.9913297296 0.0889058039 -0.2020065933 -0.1070241928 0.9735189676
-176.0 -64.4 2699.3 0.8393585086 -0.0022156395 -0.5435736775 -0.1001033783 0.9822587371 -0.1585782170 0.5342813730 0.1875175387 0.8242454529
-175.1 -454.7 2624.8 0.8559721112 0.0381097794 -0.5156155229 0.0552845746 0.9848154187 0.1645667255 0.5140576959 -0.1693701148 0.8408676982
-205.4 -55.0 2928.9 0 0 0 0 0 0 0 0 0
-107.6 -197.7 2576.6 0 0 0 0 0 0 0 0 0
-429.0 -748.3 2671.2 0 0 0 0 0 0 0 0 0
-186.6 -752.3 2676.0 0 0 0 0 0 0 0 0 0
-274.3 533.3 2641.9 3 0.9973901510 0.0212064963 -0.0690158010 -0.0135053676 0.9938181043 0.1101961881 0.0709260255 -0.1089765057 0.9915107489
-278.6 334.3 2663.7 0.9973901510 0.0212064963 -0.0690158010 -0.0135053676 0.9938181043 0.1101961881 0.0709260255 -0.1089765057 0.9915107489
-287.6 136.7 2686.3 0.9970735312 0.0328969248 -0.0690086335 -0.0251360573 0.9935626984 0.1104595065 0.0721981823 -0.1084016412 0.9914819598
-416.0 337.8 2652.5 -0.4336656630 -0.8771820664 0.2061205953 0.5405293703 -0.0702245533 0.8383892775 -0.7209452987 0.4749948680 0.5045966506
-296.6 189.0 2850.9 -0.2457341105 -0.8771820664 0.4125122726 0.9155362248 -0.0702245533 0.3960579634 -0.3184464574 0.4749948680 0.8203485608
-141.2 330.7 2675.0 0.1427351534 -0.9713192582 -0.1901725978 -0.9848603606 -0.1584785581 0.0702471361 -0.0983706787 0.1772667170 -0.9792342782
-100.2 48.3 2646.8 0.0594904087 -0.9764893055 -0.2071945518 -0.9748644233 -0.1014773995 0.1983474344 -0.2147097141 0.1901868284 -0.9579815865
-363.6 -66.7 2701.0 0.9801270962 0.1233639345 0.1553455442 -0.0946245790 0.9790222049 -0.1804487705 -0.1743476093 0.1621632278 0.9712393880
-412.6 -455.8 2636.5 0.9812343121 0.0581816137 0.1838319004 -0.0780923516 0.9916118979 0.1029925272 -0.1762976199 -0.1154156625 0.9775471091
-181.4 -67.4 2709.2 0.8221542239 0.0100113377 -0.5691767931 -0.1276426911 0.9776289463 -0.1671793312 0.5547700524 0.2100984454 0.8050396442
-185.4 -455.9 2625.7 0.8437538743 0.0073941322 -0.5366793871 0.0875377357 0.9846210480 0.1511902958 0.5295437574 -0.1745470911 0.8301305175
-233.2 -47.5 2933.2 0 0 0 0 0 0 0 0 0
-84.4 -211.1 2589.6 0 0 0 0 0 0 0 0 0
-429.8 -748.0 2670.6 0 0 0 0 0 0 0 0 0
-187.6 -752.2 2678.3 0 0 0 0 0 0 0 0 0
-283.4 536.9 2647.8 4 0.9962479472 0.0219523460 -0.0837148502 -0.0141250491 0.9955686331 0.0929705724 0.0853848085 -0.0914392620 0.9921432734
-287.8 337.5 2666.1 0.9962479472 0.0219523460 -0.0837148502 -0.0141250491 0.9955686331 0.0929705724 0.0853848085 -0.0914392620 0.9921432734
-297.3 139.6 2685.1 0.9958887696 0.0345980376 -0.0837167129 -0.0267682858 0.9953150749 0.0929051414 0.0865388364 -0.0902822390 0.9921492338
-425.2 341.4 2652.9 -0.4228583276 -0.8841469884 0.1986831278 0.5533697605 -0.0783125609 0.8292460442 -0.7176160216 0.4605988264 0.5223753452
-308.7 189.0 2850.5 -0.2408899516 -0.8841469884 0.4003200829 0.9211211205 -0.0783125609 0.3813174069 -0.3057905436 0.4605988264 0.8332712054
-150.5 333.7 2679.4 0.1752274632 -0.9703940749 -0.1662247926 -0.9827347994 -0.1825827658 0.0299300272 -0.0593937077 0.1581103355 -0.9856335521
-98.1 39.8 2661.6 0.0897986963 -0.9765282869 -0.1957772076 -0.9685569406 -0.1314178109 0.2112506479 -0.2320208400 0.1706513315 -0.9576243758
-385.5 -58.5 2701.1 0.9862900376 0.0821096823 0.1431429982 -0.0562878661 0.9827950001 -0.1759137362 -0.1551244408 0.1654447615 0.9739427567
-418.1 -448.9 2635.4 0.9861253500 0.0411778018 0.1608140767 -0.0604639649 0.9912966490 0.1169402003 -0.1545991153 -0.1250411570 0.9800325632
-203.2 -63.0 2714.4 0.8135521412 -0.0225218590 -0.5810556412 -0.1051826328 0.9770668149 -0.1851404756 0.5718999505 0.2117383927 0.7925258875
-194.2 -451.1 2630.3 0.8279504180 -0.0154706556 -0.5605878830 0.0993464142 0.9878553748 0.1194658950 0.5519315600 -0.1546042264 0.8194321990
-246.5 -48.9 2929.5 0 0 0 0 0 0 0 0 0
-74.0 -220.2 2599.3 0 0 0 0 0 0 0 0 0
-430.3 -743.3 2672.6 0 0 0 0 0 0 0 0 0
-189.6 -750.0 2677.0 0 0 0 0 0 0 0 0 0
-292.4 534.3 2652.3 5 0.9952185154 0.0322698802 -0.0921887457 -0.0256072581 0.9970351458 0.0725618601 0.0942569748 -0.0698542073 0.9930941463
-298.8 335.0 2666.3 0.9952185154 0.0322698802 -0.0921887457 -0.0256072581 0.9970351458 0.0725618601 0.0942569748 -0.0698542073 0.9930941463
-310.5 136.9 2681.3 0.9947072864 0.0455304272 -0.0921110734 -0.0387073047 0.9964656234 0.0745520517 0.0951799005 -0.0705920979 0.9929539561
-436.0 340.5 2651.9 -0.4104523063 -0.8891937137 0.2021472156 0.5714810491 -0.0780857205 0.8168916702 -0.7105901241 0.4508183897 0.5402078032
-323.0 183.2 2847.5 -0.2286534160 -0.8891937137 0.3962981403 0.9293000698 -0.0780857205 0.3609764874 -0.2900327742 0.4508183897 0.8441823125
-161.6 329.5 2680.7 0.2105834335 -0.9665122628 -0.1466581374 -0.9771141410 -0.2127123624 -0.0011928154 -0.0300431289 0.1435529292 -0.9891865253
-98.4 36.2 2671.6 0.0874215961 -0.9774557352 -0.1921920180 -0.9644476175 -0.1313484907 0.2293216288 -0.2493958622 0.1653114706 -0.9541875124
-395.4 -55.7 2695.1 0.9883630276 0.0693285242 0.1353959143 -0.0477480628 0.9865098000 -0.1565840989 -0.1444251388 0.1482970417 0.9783400893
-423.0 -447.7 2636.1 0.9882908463 0.0319342203 0.1492027044 -0.0500749759 0.9915756583 0.1194579154 -0.1441309750 -0.1255304813 0.9815642238
-213.0 -60.6 2710.9 0.8066911697 -0.0189533699 -0.5906692147 -0.1053455696 0.9788658023 -0.1752827764 0.5815081000 0.2036234587 0.7876457572
-205.5 -449.6 2630.0 0.8185919523 -0.0429955609 -0.5727639794 0.1239129528 0.9869318604 0.1030100659 0.5608500838 -0.1552960873 0.8132221699
-263.9 -56.9 2922.4 0 0 0 0 0 0 0 0 0
-74.7 -224.8 2604.2 0 0 0 0 0 0 0 0 0
-432.5 -743.8 2673.6 0 0 0 0 0 0 0 0 0
-192.4 -749.7 2677.2 0 0 0 0 0 0 0 0 0
-301.8 536.1 2655.0 6 0.9924506545 0.0382453240 -0.1165287197 -0.0311501380 0.9975829124 0.0621126592 0.1186225787 -0.0580138639 0.9912431836
-309.4 336.5 2666.7 0.9924506545 0.0382453240 -0.1165287197 -0.0311501380 0.9975829124 0.0621126592 0.1186225787 -0.0580138639 0.9912431836
-322.4 138.3 2679.1 0.9918424487 0.0518374033 -0.1164536551 -0.0446173325 0.9969664216 0.0637746304 0.1194062978 -0.0580585375 0.9911465049
-446.2 342.9 2648.9 -0.3900171518 -0.9004870057 0.1923792660 0.5814631581 -0.0788494200 0.8097428083 -0.7139938474 0.4276750386 0.5543526411
-338.8 182.8 2845.5 -0.2171046436 -0.9004870057 0.3768139482 0.9336189032 -0.0788494200 0.3494831622 -0.2849934995 0.4276750386 0.8578302860
-172.7 330.1 2684.4 0.2165588140 -0.9695600271 -0.1142612994 -0.9762695432 -0.2151104957 -0.0250062309 -0.0003337632 0.1169651449 -0.9931359887
-108.8 42.3 2684.3 0.0964636728 -0.9818086028 -0.1635441035 -0.9681829214 -0.1306744367 0.2134152353 -0.2309039384 0.1377537996 -0.9631755948
-410.7 -57.6 2686.6 0.9922066927 0.0514990091 0.1134623438 -0.0381715335 0.9924390912 -0.1166517362 -0.1186119169 0.1114116013 0.9866704941
-431.2 -451.7 2642.3 0.9924461842 0.0117603084 0.1221156940 -0.0251445863 0.9937621355 0.1086486131 -0.1200762093 -0.1108984500 0.9865511656
-228.4 -64.7 2704.0 0.7907789350 -0.0356332958 -0.6110637188 -0.0910654292 0.9803451896 -0.1750153899 0.6052897573 0.1940452754 0.7719913721
-214.2 -454.3 2626.9 0.7986461520 -0.0630569085 -0.5984882116 0.1469724476 0.9848186970 0.0923649967 0.5835781097 -0.1617282182 0.7957893014
-282.8 -58.4 2919.1 0 0 0 0 0 0 0 0 0
-82.9 -218.2 2622.1 0 0 0 0 0 0 0 0 0
-434.7 -744.9 2675.0 0 0 0 0 0 0 0 0 0
-195.2 -751.0 2675.6 0 0 0 0 0 0 0 0 0
-309.3 535.3 2655.9 7 0.9910613298 0.0559239537 -0.1211194694 -0.0496991463 0.9973130226 0.0538211055 0.1238039136 -0.0473204851 0.9911777377
-320.5 335.7 2665.4 0.9910613298 0.0559239537 -0.1211194694 -0.0496991463 0.9973130226 0.0538211055 0.1238039136 -0.0473204851 0.9911777377
-337.0 137.6 2675.8 0.9902510643 0.0690579042 -0.1209704503 -0.0626251921 0.9964536428 0.0561983399 0.1244223788 -0.0480746701 0.9910640121
-457.1 344.5 2647.0 -0.3760524392 -0.9041032195 0.2029333562 0.5948599577 -0.0676397234 0.8009784818 -0.7104408145 0.4219268262 0.5632508993
-353.6 180.8 2842.5 -0.1996290386 -0.9041032195 0.3778169155 0.9398769140 -0.0676397234 0.3347479701 -0.2770912647 0.4219268262 0.8632486463
