-281.2 489.3 2693.3 1 0.9442343116 -0.0599793233 0.3237653971 0.0557157807 0.9981946945 0.0224307142 -0.3245262802 -0.0031410081 0.9458714724
-269.1 288.0 2693.9 0.9442343116 -0.0599793233 0.3237653971 0.0557157807 0.9981946945 0.0224307142 -0.3245262802 -0.0031410081 0.9458714724
-258.9 92.8 2696.7 0.9448575377 -0.0518264025 0.3233547509 0.0445858650 0.9985620379 0.0297647957 -0.3244323730 -0.0137064401 0.9458096027
-403.3 281.7 2739.9 0.1063136607 -0.6959823370 -0.7101449966 0.9498242736 0.2823688984 -0.1345421970 0.2941618562 -0.6602093577 0.6910806298
-432.4 22.0 2659.5 -0.4902802408 -0.6959823370 -0.5246273279 0.4848875105 0.2823688984 -0.8277390599 0.7242302299 -0.6602093577 0.1990332603
-134.8 294.3 2647.9 0.2208403647 0.1685109288 0.9606422782 -0.7402153015 0.6703104973 0.0525843725 -0.6350675821 -0.7226948738 0.2727659941
-66.1 64.1 2450.4 0.0306608174 0.1673103124 0.9854273796 -0.7050537467 0.7024433613 -0.0973267928 -0.7084907293 -0.6917951703 0.1395002604
-326.0 -104.0 2714.3 0.9572702646 0.2718918025 -0.0985314175 -0.2751250267 0.9611876607 -0.0206023920 0.0891055614 0.0468305163 0.9949206710
-432.5 -480.3 2695.9 0.9423235059 0.2970877290 -0.1541598737 -0.3262455165 0.9181725979 -0.2247731239 0.0747680292 0.2621029615 0.9621391892
-154.5 -91.9 2661.5 0.9800805449 0.0559674911 -0.1905513555 -0.0643237159 0.9972072840 -0.0379489996 0.1878952831 0.0494500473 0.9809434414
-176.4 -482.2 2642.1 0.9812866449 0.0413120240 -0.1880686730 -0.0414112508 0.9991363883 0.0034032110 0.1880468577 0.0044486336 0.9821499586
-292.9 -115.9 2453.5 0 0 0 0 0 0 0 0 0
-57.2 -141.4 2243.9 0 0 0 0 0 0 0 0 0
-537.9 -806.2 2602.9 0 0 0 0 0 0 0 0 0
-189.7 -803.8 2640.7 0 0 0 0 0 0 0 0 0
-289.2 487.0 2693.8 2 0.9318304658 -0.0619436838 0.3575681448 0.0609962344 0.9980406761 0.0139390612 -0.3577309847 0.0088214697 0.9337829947
-276.7 285.1 2692.0 0.9318304658 -0.0619436838 0.3575681448 0.0609962344 0.9980406761 0.0139390612 -0.3577309847 0.0088214697 0.9337829947
-266.1 89.7 2693.4 0.9325827360 -0.0542179868 0.3568611443 0.0480665863 0.9985033274 0.0260907337 -0.3577416241 -0.0071786698 0.9337930083
-409.3 278.3 2742.8 0.0691736415 -0.6043376327 -0.7937197685 0.9359716773 0.3146355450 -0.1579921991 0.3452130854 -0.7319703102 0.5874073505
-427.0 38.9 2654.5 -0.5901858211 -0.6043376327 -0.5352165699 0.4403775036 0.3146355450 -0.8408758044 0.6765710115 -0.7319703102 0.0804432556
-144.1 291.9 2641.1 0.2228636742 0.1338564754 0.9656159878 -0.7114546895 0.6995081306 0.0672355369 -0.6664563417 -0.7019763589 0.2511277795
-75.6 73.3 2436.4 -0.0318193696 0.1348155588 0.9903596640 -0.6843239665 0.7192533612 -0.1198971421 -0.7284834981 -0.6815419197 0.0693713278
-333.8 -106.4 2728.6 0.9632858634 0.2567568719 -0.0784614831 -0.2629150152 0.9613267183 -0.0820157528 0.0543690138 0.0996333212 0.9935377240
-434.2 -482.3 2689.6 0.9506206512 0.2879023552 -0.1158993244 -0.3074287176 0.9246951342 -0.2245584428 0.0425206311 0.2491006702 0.9675437212
-163.5 -98.5 2670.2 0.9870317578 0.0373196937 -0.1561267078 -0.0471780673 0.9970875978 -0.0599208511 0.1534357816 0.0665095374 0.9859178066
-178.1 -488.8 2644.2 0.9875620008 0.0322948769 -0.1538776457 -0.0335956365 0.9994183183 -0.0058597396 0.1535989046 0.0109564736 0.9880725145
-261.4 -84.7 2464.7 0 0 0 0 0 0 0 0 0
-84.7 -121.6 2228.9 0 0 0 0 0 0 0 0 0
-534.9 -805.9 2602.5 0 0 0 0 0 0 0 0 0
-188.3 -805.9 2640.7 0 0 0 0 0 0 0 0 0
-294.1 482.6 2694.5 3 0.9217112660 -0.0568733215 0.3836844265 0.0582554229 0.9982694387 0.0080279969 -0.3834770024 0.0149522033 0.9234293699
-282.7 282.4 2691.5 0.9217112660 -0.0568733215 0.3836844265 0.0582554229 0.9982694387 0.0080279969 -0.3834770024 0.0149522033 0.9234293699
-273.0 86.9 2691.9 0.9224010706 -0.0498755611 0.3829995990 0.0453510173 0.9987537265 0.0208396390 -0.3835616708 -0.0018530833 0.9235134125
-414.0 276.0 2746.1 0.0587528497 -0.4926818609 -0.8682238460 0.9020513892 0.3987499177 -0.1652324498 0.4276112020 -0.7734746933 0.4678520560
-428.7 50.4 2639.2 -0.6759154797 -0.4926818609 -0.5480901599 0.3844701350 0.3987499177 -0.8325750828 0.6287455559 -0.7734746933 -0.0800997764
-151.4 288.9 2637.0 0.1883516461 0.1102533787 0.9758933783 -0.6848941445 0.7269207239 0.0500623137 -0.7038775682 -0.6778129935 0.2124286145
-95.5 85.6 2428.0 -0.0673573241 0.1143409312 0.9911554456 -0.6309173107 0.7646948099 -0.1310922652 -0.7729206681 -0.6341671348 0.0206318758
-339.6 -110.0 2727.1 0.9672979116 0.2480352223 -0.0530408025 -0.2521010041 0.9631848335 -0.0933813453 0.0279262308 0.1036992148 0.9942165613
-436.7 -487.0 2686.5 0.9547176957 0.2841420472 -0.0881893635 -0.2970795929 0.9264783263 -0.2310446501 0.0160560273 0.2467816770 0.9689380527
-171.3 -101.3 2662.6 0.9915261865 0.0214061905 -0.1281311065 -0.0274184421 0.9985950589 -0.0453440808 0.1269804388 0.0484729968 0.9907200933
-179.7 -492.3 2643.6 0.9914623499 0.0290028546 -0.1271267384 -0.0297078751 0.9995519519 -0.0036528849 0.1269638240 0.0073983627 0.9918797612
-240.1 -56.9 2463.8 0 0 0 0 0 0 0 0 0
-114.4 -91.1 2211.5 0 0 0 0 0 0 0 0 0
-534.3 -805.4 2601.7 0 0 0 0 0 0 0 0 0
-188.8 -806.8 2641.3 0 0 0 0 0 0 0 0 0
-298.7 480.0 2695.9 4 0.9139910340 -0.0591874979 0.4013941586 0.0656610653 0.9978391528 -0.0023767573 -0.4003861547 0.0285283029 0.9159023166
-286.9 280.9 2690.2 0.9139910340 -0.0591874979 0.4013941586 0.0656610653 0.9978391528 -0.0023767573 -0.4003861547 0.0285283029 0.9159023166
-276.7 85.4 2687.0 0.9146167636 -0.0522607490 0.4009301662 0.0544521958 0.9984987378 0.0059347008 -0.4006384313 0.0164035521 0.9160894156
-417.1 273.1 2747.2 0.0280880816 -0.4546590745 -0.8902225494 0.8622629046 0.4615446925 -0.2085165828 0.5056814551 -0.7617490888 0.4049995840
-424.0 60.8 2622.7 -0.6927966475 -0.4546590745 -0.5597481132 0.3542324603 0.4615446925 -0.8133239746 0.6281338930 -0.7617490888 -0.1587016135
-156.7 288.7 2633.2 0.1347199827 0.0901282057 0.9867762923 -0.6489056349 0.7606286407 0.0191192925 -0.7488471270 -0.6429004669 0.1609565765
-117.1 98.3 2413.5 -0.1189842522 0.0973950699 0.9881077409 -0.5853759050 0.7969452143 -0.1490414888 -0.8019836545 -0.5961480141 -0.0378112048
-346.5 -112.7 2726.9 0.9713398814 0.2358898520 -0.0292368624 -0.2376177162 0.9667834044 -0.0941680074 0.0060524368 0.0984163433 0.9951269031
-438.8 -491.2 2688.4 0.9567698836 0.2831795216 -0.0663378388 -0.2907220125 0.9244964123 -0.2465504259 -0.0084889363 0.2551778853 0.9668568373
-179.9 -104.5 2657.7 0.9941425323 0.0012278659 -0.1080702022 -0.0023175336 0.9999477267 -0.0099579431 0.1080523282 0.0101500712 0.9940934181
-180.4 -495.7 2653.7 0.9938142300 0.0255953111 -0.1080654338 -0.0296472441 0.9989098907 -0.0360563472 0.1070247516 0.0390371531 0.9934896827
-230.2 -38.4 2447.0 0 0 0 0 0 0 0 0 0
-150.0 -63.5 2191.8 0 0 0 0 0 0 0 0 0
-534.8 -804.6 2601.9 0 0 0 0 0 0 0 0 0
-188.4 -805.7 2641.6 0 0 0 0 0 0 0 0 0
-305.3 479.1 2695.1 5 0.8950670362 -0.0705713034 0.4403120279 0.0771896020 0.9970122576 0.0028856497 -0.4392001331 0.0314046592 0.8978402019
-291.2 280.8 2688.8 0.8950670362 -0.0705713034 0.4403120279 0.0771896020 0.9970122576 0.0028856497 -0.4392001331 0.0314046592 0.8978402019
-278.4 85.5 2685.5 0.8957985044 -0.0659074560 0.4395466447 0.0664990395 0.9976872802 0.0140719637 -0.4394575357 0.0166237876 0.8981094956
-418.7 271.4 2751.4 0.0073047690 -0.3612464070 -0.9324417710 0.8251242638 0.5289457440 -0.1984600127 0.5649040341 -0.7679306269 0.3019370139
-420.5 69.7 2613.3 -0.6336861253 -0.3612464070 -0.6840635538 0.4648973942 0.5289457440 -0.7099907398 0.6183140874 -0.7679306269 -0.1672430485
-163.8 290.3 2626.3 0.0756889880 0.0495185219 0.9959011674 -0.6324882507 0.7745109797 0.0095589356 -0.7708629966 -0.6306192875 0.0899418369
-141.7 106.2 2401.9 -0.1647133082 0.0718903542 0.9837180972 -0.5076124072 0.8489465117 -0.1470355988 -0.8456944823 -0.5235662460 -0.1033403575
-349.1 -115.0 2720.0 0.9727208614 0.2314989418 0.0149137694 -0.2292508930 0.9691238999 -0.0907906219 -0.0354712233 0.0848949328 0.9957583547
-439.7 -494.5 2686.7 0.9578564763 0.2861717939 -0.0248330235 -0.2828634679 0.9246608615 -0.2549324632 -0.0499923564 0.2512130737 0.9666399360
-183.9 -105.1 2647.6 0.9977618456 -0.0128413020 -0.0656235516 0.0135472612 0.9998549223 0.0103240488 0.0654814541 -0.0111899609 0.9977910519
-178.9 -496.4 2652.0 0.9975084662 0.0273393653 -0.0650342405 -0.0294146482 0.9990811944 -0.0311699510 0.0641223192 0.0330052488 0.9973961115
-244.3 -59.6 2441.3 0 0 0 0 0 0 0 0 0
-186.3 -31.2 2173.1 0 0 0 0 0 0 0 0 0
-535.6 -804.1 2602.6 0 0 0 0 0 0 0 0 0
-187.3 -806.0 2641.8 0 0 0 0 0 0 0 0 0
-308.6 477.1 2695.7 6 0.8910440803 -0.0685787871 0.4487062991 0.0747138187 0.9971968532 0.0040410366 -0.4477256238 0.0299238209 0.8936701417
-295.0 279.2 2689.7 0.8910440803 -0.0685787871 0.4487062991 0.0747138187 0.9971968532 0.0040410366 -0.4477256238 0.0299238209 0.8936701417
-282.2 83.8 2687.4 0.8917523026 -0.0658300295 0.4477100372 0.0642026886 0.9977592230 0.0188283157 -0.4479462802 0.0119539946 0.8939805627
-422.0 270.1 2753.5 -0.0052698092 -0.2807061672 -0.9597792625 0.8073116541 0.5651889443 -0.1697331965 0.5901018381 -0.7757354379 0.2236389071
-420.7 73.1 2609.6 -0.6037303805 -0.2807061672 -0.7461324930 0.5243337154 0.5651889443 -0.6368952394 0.6004862785 -0.7757354379 -0.1940380484
-168.0 288.3 2625.9 -0.0019522978 0.0425789692 0.9990912080 -0.6091309190 0.7922989130 -0.0349562429 -0.7930672765 -0.6086456180 0.0243893638
-168.6 104.7 2386.8 -0.2179927975 0.0951895863 0.9712970853 -0.3867538869 0.9053244591 -0.1755250990 -0.8960471749 -0.4139161408 -0.1605392694
-346.3 -115.9 2721.9 0.9697538614 0.2428352535 0.0246676393 -0.2400936782 0.9672140479 -0.0827766210 -0.0439599678 0.0743504018 0.9962627888
-441.4 -494.7 2692.8 0.9591711164 0.2819287181 -0.0225168038 -0.2775081098 0.9227805138 -0.2673299909 -0.0545899346 0.2626637816 0.9633419514
-184.6 -103.9 2642.6 0.9983426332 -0.0100511387 -0.0566651709 0.0116097443 0.9995613694 0.0272437762 0.0563664883 -0.0278564915 0.9980214834
-180.7 -495.2 2653.5 0.9982166886 0.0209049135 -0.0559143722 -0.0229480155 0.9990828037 -0.0361508504 0.0551073588 0.0373695083 0.9977808595
-252.4 -73.1 2442.1 0 0 0 0 0 0 0 0 0
-225.9 3.1 2151.6 0 0 0 0 0 0 0 0 0
-535.9 -804.0 2604.7 0 0 0 0 0 0 0 0 0
-187.2 -805.9 2641.8 0 0 0 0 0 0 0 0 0
-315.4 478.9 2715.0 7 0.8234336972 -0.0795731768 0.5618051887 0.1049626470 0.9943912029 -0.0129990093 -0.5576197505 0.0696723834 0.8271674514
-299.7 282.0 2701.2 0.8234336972 -0.0795731768 0.5618051887 0.1049626470 0.9943912029 -0.0129990093 -0.5576197505 0.0696723834 0.8271674514
-284.9 87.0 2691.6 0.8244956732 -0.0779205784 0.5604776740 0.0915424973 0.9957939982 0.0037761517 -0.5584145784 0.0481941067 0.8281609416
-416.1 268.8 2780.0 0.0567854121 -0.3344882429 -0.9406875372 0.7820928693 0.6005533934 -0.1663321555 0.6205692291 -0.7262597680 0.2957035601
-429.9 78.5 2629.0 -0.5153307319 -0.3344882429 -0.7890195251 0.5286625624 0.6005533934 -0.5998762846 0.6744999290 -0.7262597680 -0.1326521933
-183.2 295.1 2622.4 -0.0134979822 -0.0494375862 0.9986860156 -0.5986968875 0.8003549576 0.0315278433 -0.8008619547 -0.5974846482 -0.0404013060
-187.3 113.0 2378.7 -0.2912501991 0.0419286452 0.9557276368 -0.3102642298 0.9408967495 -0.1358284950 -0.9049361348 -0.3360881805 -0.2610274255
-349.8 -117.4 2725.5 0.9595936537 0.2370316833 0.1516442299 -0.2191737741 0.9675821066 -0.1254901141 -0.1764733642 0.0871830806 0.9804367423
-442.6 -496.3 2691.3 0.9539136291 0.2800483406 0.1078039482 -0.2387028486 0.9258514047 -0.2929507196 -0.1818508059 0.2537165880 0.9500306249
-188.7 -105.8 2644.5 0.9970889091 -0.0208849814 0.0733316615 0.0189535581 0.9994574785 0.0269360971 -0.0738544390 -0.0254677869 0.9969437718
-180.5 -497.2 2654.5 0.9970566034 0.0177641939 0.0745823830 -0.0147247454 0.9990462661 -0.0411068499 -0.0752414763 0.0398876518 0.9963672757
-286.6 -68.4 2441.5 0 0 0 0 0 0 0 0 0
-263.0 32.3 2143.5 0 0 0 0 0 0 0 0 0
-536.0 -805.1 2606.7 0 0 0 0 0 0 0 0 0
-186.0 -806.0 2642.2 0 0 0 0 0 0 0 0 0
-321.4 479.0 2716.6 8 0.7790896297 -0.0957438946 0.6195582747 0.1230284795 0.9924022555 -0.0013457258 -0.6147221327 0.0772717521 0.7849495411
-302.6 283.6 2701.4 0.7790896297 -0.0957438946 0.6195582747 0.1230284795 0.9924022555 -0.0013457258 -0.6147221327 0.0772717521 0.7849495411
-284.6 88.9 2691.4 0.7808781862 -0.0931019261 0.6177064776 0.1042115986 0.9943897724 0.0181365125 -0.6159295440 0.0502097681 0.7861995697
-413.0 268.7 2788.6 0.0820113569 -0.3689428568 -0.9258268476 0.7796060443 0.6024658084 -0.1710243225 0.6208772063 -0.7077542543 0.3370391130
-433.0 78.9 2637.4 -0.4709052444 -0.3689428568 -0.8013297915 0.5353443623 0.6024658084 -0.5919808745 0.7011809349 -0.7077542543 -0.0861928537
-192.1 298.4 2614.2 -0.0653301999 -0.1036054790 0.9924705625 -0.5602092743 0.8268742561 0.0494423844 -0.8257708549 -0.5527611971 -0.1120606065
-211.4 133.2 2370.7 -0.3795119524 0.0191652402 0.9249883294 -0.2542271316 0.9591392279 -0.1241792738 -0.8895725012 -0.2822846472 -0.3591324687
-344.0 -116.2 2732.0 0.9442941546 0.2511759102 0.2126481533 -0.2196657509 0.9621881843 -0.1610615253 -0.2450623214 0.1053779423 0.9637634158
-442.3 -493.0 2690.8 0.9460397959 0.2749844193 0.1714415848 -0.2138462216 0.9272803068 -0.3072801232 -0.2434716523 0.2540370822 0.9360484481
-196.2 -99.5 2632.1 0.9890236259 -0.0388903171 0.1425475627 0.0313350298 0.9980017543 0.0548695363 -0.1443966180 -0.0498005375 0.9882659316
-181.0 -490.2 2651.5 0.9893484712 0.0078077735 0.1453570426 -0.0033482760 0.9995169044 -0.0308990180 -0.1455280781 0.0300832018 0.9888966680
-301.6 -70.5 2441.7 0 0 0 0 0 0 0 0 0
-310.8 66.5 2137.5 0 0 0 0 0 0 0 0 0
-534.6 -804.2 2605.5 0 0 0 0 0 0 0 0 0
-183.5 -806.7 2642.0 0 0 0 0 0 0 0 0 0
-324.9 476.9 2726.5 9 0.7249552608 -0.1006491408 0.6814026833 0.1380282491 0.9904281497 -0.0005555718 -0.6748244762 0.0944555849 0.7319085002
-305.2 283.2 2708.0 0.7249552608 -0.1006491408 0.6814026833 0.1380282491 0.9904281497 -0.0005555718 -0.6748244762 0.0944555849 0.7319085002
-286.1 88.7 2695.8 0.7273560166 -0.0983833000 0.6791715622 0.1141014025 0.9932324886 0.0216810536 -0.6767083406 0.0617245808 0.7336592674
-408.1 266.9 2803.8 0.1227671281 -0.4177743793 -0.9002181888 0.7754542828 0.6064661145 -0.1756971031 0.6193535924 -0.6765082479 0.3984190524
-438.0 78.2 2653.0 -0.4150547385 -0.4177743793 -0.8082042336 0.5349667072 0.6064661145 -0.5882256627 0.7358941436 -0.6765082479 -0.0282212645
-202.3 299.4 2612.2 -0.0724442229 -0.1501600593 0.9860039353 -0.5029366612 0.8592076898 0.0938980281 -0.8612819314 -0.4890951514 -0.1377656311
-222.7 157.6 2369.4 -0.4517157674 -0.0242195465 0.8918331265 -0.2409259081 0.9658037424 -0.0958012268 -0.8590154648 -0.2581406236 -0.4421038926
-336.7 -115.2 2736.7 0.9200343490 0.2712079287 0.2828127146 -0.2218588144 0.9554774165 -0.1945290864 -0.3229790032 0.1162289530 0.9392419457
-442.9 -489.3 2691.2 0.9326491952 0.2670243382 0.2426180243 -0.1813023239 0.9282743335 -0.3247094452 -0.3119213879 0.2588527799 0.9141664505
-196.5 -96.4 2626.1 0.9741204977 -0.0501047336 0.2204059511 0.0339620560 0.9964962602 0.0764318928 -0.2234632969 -0.0669684336 0.9724090695
-176.9 -486.5 2652.3 0.9743352532 0.0146586215 0.2246240526 -0.0068776780 0.9993501306 -0.0353832617 -0.2249967456 0.0329302661 0.9738028646
-322.0 -71.3 2447.4 0 0 0 0 0 0 0 0 0
-343.3 93.3 2140.0 0 0 0 0 0 0 0 0 0
-533.3 -803.6 2603.6 0 0 0 0 0 0 0 0 0
-181.6 -805.6 2641.8 0 0 0 0 0 0 0 0 0
-328.6 479.9 2730.4 0 0.6854847670 -0.1057950035 0.7203596234 0.1374345422 0.9904021621 0.0146736568 -0.7149981260 0.0889437273 0.6934455037
-307.9 286.4 2713.0 0.6854847670 -0.1057950035 0.7203596234 0.1374345422 0.9904021621 0.0146736568 -0.7149981260 0.0889437273 0.6934455037
-288.8 91.9 2700.6 0.6879322529 -0.0984093249 0.7190722227 0.1136612445 0.9931477308 0.0271791443 -0.7168196440 0.0630332306 0.6944036484
-405.4 270.3 2814.7 0.1533668935 -0.4506942332 -0.8794050813 0.7767305970 0.6051288247 -0.1746673286 0.6108749509 -0.6562726498 0.4428747296
-442.8 81.1 2665.9 -0.3742322624 -0.4506942332 -0.8104473352 0.5393705964 0.6051288247 -0.5855753422 0.7543405294 -0.6562726498 0.0166324656
-210.4 302.6 2611.3 -0.1072217822 -0.1726904809 0.9791228175 -0.4446041286 0.8891755939 0.1081385463 -0.8892865777 -0.4237272441 -0.1721178889
-239.7 181.3 2368.8 -0.5129967928 -0.0471679084 0.8570936322 -0.2170012295 0.9731828570 -0.0763253123 -0.8305087090 -0.2251450121 -0.5094751716
-332.3 -116.1 2744.3 0.9041702151 0.2823336124 0.3205681145 -0.2103715837 0.9474322200 -0.2410726845 -0.3717794716 0.1505323201 0.9160349369
-442.8 -486.9 2685.4 0.9177760482 0.2640645802 0.2965754271 -0.1661285162 0.9336829185 -0.3172340989 -0.3606777191 0.2418802381 0.9007804990
-201.8 -95.5 2622.8 0.9594787359 -0.0660191998 0.2739380598 0.0441083685 0.9953705072 0.0853934735 -0.2783074677 -0.0698502660 0.9579488039
-176.0 -485.3 2650.1 0.9600246549 0.0125562577 0.2796336710 -0.0051095430 0.9996130466 -0.0273433141 -0.2798688114 0.0248214547 0.9597173333
-338.0 -69.8 2454.8 0 0 0 0 0 0 0 0 0
-377.3 123.1 2146.0 0 0 0 0 0 0 0 0 0
-532.2 -803.0 2603.5 0 0 0 0 0 0 0 0 0
-180.0 -805.0 2642.2 0 0 0 0 0 0 0 0 0
-333.8 479.4 2732.8 1 0.6348025799 -0.1239780784 0.7626631856 0.1434511840 0.9887937307 0.0413361639 -0.7592413425 0.0831646249 0.6454736590
-309.7 286.8 2716.6 0.6348025799 -0.1239780784 0.7626631856 0.1434511840 0.9887937307 0.0413361639 -0.7592413425 0.0831646249 0.6454736590
-286.4 92.7 2705.1 0.6375328898 -0.1191031337 0.7611611485 0.1212121695 0.9911800027 0.0535706580 -0.7608281374 0.0581089407 0.6463465691
-400.1 269.7 2824.6 0.1717306823 -0.5035704374 -0.8467144370 0.7870970964 0.5870072842 -0.1894745082 0.5924413204 -0.6339079142 0.4971660078
-441.9 77.9 2680.3 -0.3380920291 -0.5035704374 -0.7950538397 0.5413209796 0.5870072842 -0.6019917130 0.7698476315 -0.6339079142 0.0741307512
-219.3 303.9 2608.7 -0.1308197528 0.3264995813 0.9361005425 -0.4066630006 0.8434528708 -0.3510163128 -0.9041633606 -0.4265972972 0.0224349983
-253.5 197.5 2372.0 -0.5921792984 0.3264995813 0.7366964817 -0.1692350209 0.8434528708 -0.5098497272 -0.7878344655 -0.4265972972 -0.4442201853
-331.5 -112.8 2752.7 0.8846821785 0.2828140259 0.3706125319 -0.1889450699 0.9442699552 -0.2695441544 -0.4261891246 0.1684354842 0.8888151050
-442.2 -482.5 2686.7 0.8983045816 0.2621081173 0.3526303768 -0.1442603469 0.9340307713 -0.3267651200 -0.4150154293 0.2426640391 0.8768559694
-207.8 -92.3 2623.7 0.9386298656 -0.0858924389 0.3340605497 0.0599725097 0.9943870306 0.0871648639 -0.3396722972 -0.0617810935 0.9385125637
-174.1 -481.7 2647.9 0.9398628473 0.0113914683 0.3413619995 -0.0047392994 0.9997823834 -0.0203147922 -0.3415191472 0.0174753033 0.9397123456
-347.2 -73.7 2464.6 0 0 0 0 0 0 0 0 0
-412.5 152.0 2160.5 0 0 0 0 0 0 0 0 0
-532.0 -802.5 2603.6 0 0 0 0 0 0 0 0 0
-177.8 -806.2 2642.2 0 0 0 0 0 0 0 0 0
-336.5 479.0 2733.5 2 0.6108572483 -0.1362570673 0.7799278498 0.1467113048 0.9875001311 0.0576132983 -0.7780290842 0.0792307332 0.6232120395
-309.8 285.5 2718.0 0.6108572483 -0.1362570673 0.7799278498 0.1467113048 0.9875001311 0.0576132983 -0.7780290842 0.0792307332 0.6232120395
-283.8 91.7 2707.2 0.6137202382 -0.1329472810 0.7782496214 0.1256847084 0.9896019101 0.0699385330 -0.7794554830 0.0548913814 0.6240481734
-397.0 267.7 2828.8 0.1761256754 -0.5289192200 -0.8301952481 0.7930367589 0.5758745670 -0.1986484528 0.5831573606 -0.6233882904 0.5208786726
-439.9 74.4 2686.7 -0.3245062530 -0.5289192200 -0.7841811776 0.5414934158 0.5758745670 -0.6124976277 0.7755517960 -0.6233882904 0.0995313674
-222.6 303.3 2607.2 -0.1846801341 0.1333844215 0.9737052321 -0.3273794055 0.9258147478 -0.1889172792 -0.9266692996 -0.3536602855 -0.1273122877
-270.8 218.0 2365.7 -0.6953527331 0.1333844215 0.7061821222 -0.1668484360 0.9258147478 -0.3391586840 -0.6990323067 -0.3536602855 -0.6215128899
-320.4 -112.2 2762.0 0.8697764277 0.3097384274 0.3841238320 -0.1954080760 0.9310162067 -0.3082604408 -0.4531055987 0.1930567473 0.8703013062
-441.6 -476.5 2686.5 0.8889555931 0.2579602599 0.3784368932 -0.1332766116 0.9362365007 -0.3251131475 -0.4381726980 0.2385743707 0.8666527271
-205.7 -90.5 2625.0 0.9293338060 -0.0790222436 0.3606857061 0.0527905785 0.9952311516 0.0820252374 -0.3654474616 -0.0571880192 0.9290735722
-174.8 -480.3 2647.4 0.9302535057 0.0088707600 0.3668101728 -0.0021920130 0.9998242259 -0.0186201837 -0.3669108748 0.0165174399 0.9301094413
-348.9 -77.4 2469.2 0 0 0 0 0 0 0 0 0
-458.4 172.9 2177.0 0 0 0 0 0 0 0 0 0
-531.3 -801.9 2603.6 0 0 0 0 0 0 0 0 0
-177.7 -805.9 2642.1 0 0 0 0 0 0 0 0 0
-339.1 478.6 2734.4 3 0.5905757546 -0.1423313767 0.7943311930 0.1488113403 0.9866504073 0.0661524311 -0.7931427956 0.0791374668 0.6038722992
-311.2 285.1 2718.9 0.5905757546 -0.1423313767 0.7943311930 0.1488113403 0.9866504073 0.0661524311 -0.7931427956 0.0791374668 0.6038722992
-283.7 91.5 2708.0 0.5934369564 -0.1404873431 0.7925249934 0.1288289130 0.9885337353 0.0787667707 -0.7945034504 0.0553570203 0.6047312617
-395.6 266.8 2832.0 0.1832024306 -0.5483246446 -0.8159515262 0.7959238291 0.5698947906 -0.2042672634 0.5770113468 -0.6120130420 0.5408307910
-440.2 72.8 2691.3 -0.3103999197 -0.5483246446 -0.7765255570 0.5408638120 0.5698947906 -0.6186164021 0.7817405462 -0.6120130420 0.1196736544
-226.8 303.4 2605.8 -0.2531686723 0.0288984794 0.9669904113 -0.2566931546 0.9617187977 -0.0959460139 -0.9327455163 -0.2725103498 -0.2360590249
-291.7 237.5 2366.5 -0.7602291107 0.0288984794 0.6490120292 -0.1558641940 0.9617187977 -0.2253960073 -0.6306806207 -0.2725103498 -0.7266223431
-313.1 -113.3 2766.6 0.8592175841 0.3226083219 0.3970755041 -0.1919800639 0.9227221012 -0.3342567682 -0.4742243588 0.2109687179 0.8547534347
-439.4 -474.5 2684.0 0.8785770535 0.2593012452 0.4010801315 -0.1294154078 0.9376162291 -0.3226877749 -0.4597325921 0.2316001356 0.8573256731
-202.5 -90.7 2626.0 0.9212270975 -0.0682309568 0.3829950094 0.0402573161 0.9959336519 0.0805947334 -0.3869366646 -0.0588277020 0.9202278852
-175.8 -480.8 2649.0 0.9216585755 0.0046299128 0.3879742324 0.0042431620 0.9997487068 -0.0220104717 -0.3879786432 0.0219323784 0.9214073420
-353.1 -79.0 2471.9 0 0 0 0 0 0 0 0 0
-497.5 195.3 2195.8 0 0 0 0 0 0 0 0 0
-529.8 -801.5 2603.2 0 0 0 0 0 0 0 0 0
-177.3 -806.0 2641.9 0 0 0 0 0 0 0 0 0
-343.2 475.3 2735.3 4 0.5678045154 -0.1505821347 0.8092731833 0.1519242525 0.9854068160 0.0767619535 -0.8090223074 0.0793624446 0.5823954940
-313.7 282.6 2719.8 0.5678045154 -0.1505821347 0.8092731833 0.1519242525 0.9854068160 0.0767619535 -0.8090223074 0.0793624446 0.5823954940
-284.5 89.3 2708.4 0.5705623627 -0.1492281854 0.8075824976 0.1337796599 0.9871065021 0.0878850967 -0.8102848530 0.0578941852 0.5831695199
-394.9 263.6 2835.2 0.1903675348 -0.5700570941 -0.7992466092 0.7984540462 0.5635753870 -0.2117874622 0.5711666346 -0.5978441834 0.5624508262
-441.4 68.9 2695.9 -0.2949115634 -0.5700570941 -0.7668520808 0.5388044119 0.5635753870 -0.6261569858 0.7891241908 -0.5978441834 0.1409443766
-232.5 301.6 2604.5 -0.2968178988 0.0243486147 0.9546236396 -0.2222972661 0.9704495072 -0.0938704088 -0.9286996722 -0.2400726527 -0.2826341689
-306.8 246.0 2372.1 -0.8218870163 0.0243486147 0.5691299438 -0.1172816083 0.9704495072 -0.2108856440 -0.5574466586 -0.2400726527 -0.7947441936
-309.7 -113.7 2768.8 0.8478620648 0.3317468762 0.4136107862 -0.1845979840 0.9159680009 -0.3562670350 -0.4970447421 0.2257135957 0.8378543258
-439.6 -472.3 2680.4 0.8668837547 0.2562087774 0.4276325703 -0.1221110076 0.9408218861 -0.3161377311 -0.4833233654 0.2218360156 0.8468691111
-202.6 -90.5 2625.3 0.9105417728 -0.0746126398 0.4066283107 0.0430183709 0.9953393936 0.0863070264 -0.4111727774 -0.0610936657 0.9095078707
-173.4 -480.3 2649.3 0.9110025764 0.0093126856 0.4122955501 -0.0005883258 0.9997733235 -0.0212823264 -0.4124002755 0.0191456899 0.9108015299
-358.6 -82.3 2474.4 0 0 0 0 0 0 0 0 0
-529.7 214.2 2220.9 0 0 0 0 0 0 0 0 0
-529.1 -801.1 2602.9 0 0 0 0 0 0 0 0 0
-176.4 -806.1 2643.0 0 0 0 0 0 0 0 0 0
-345.5 473.5 2734.8 5 0.5497353673 -0.1596650779 0.8199378252 0.1506994218 0.9844141603 0.0906553641 -0.8216329217 0.0737276971 0.5652287602
-314.3 280.9 2720.4 0.5497353673 -0.1596650779 0.8199378252 0.1506994218 0.9844141603 0.0906553641 -0.8216329217 0.0737276971 0.5652287602
-282.7 87.9 2709.7 0.5521394014 -0.1615054756 0.8179597259 0.1359552592 0.9853683710 0.1027876213 -0.8225923777 0.0544528291 0.5660182238
-392.9 261.6 2837.5 0.1909630746 -0.5894972086 -0.7848733068 0.8046987653 0.5519162416 -0.2187427580 0.5621325970 -0.5898147821 0.5797632933
-439.5 65.4 2700.5 -0.2862373292 -0.5894972086 -0.7553550005 0.5400691628 0.5519162416 -0.6353847384 0.7914502621 -0.5898147821 0.1603902280
-235.7 300.2 2603.2 -0.3626087308 0.0047742026 0.9319292307 -0.1926214099 0.9780100584 -0.0799582452 -0.9118179083 -0.2085030824 -0.3537153900
-323.0 253.8 2383.7 -0.8532882929 0.0047742026 0.5214176178 -0.1047353819 0.9780100584 -0.1803519577 -0.5108126998 -0.2085030824 -0.8340244889
-306.8 -116.1 2770.2 0.8386694789 0.3378147781 0.4272173345 -0.1803437620 0.9123983383 -0.3674308360 -0.5139159560 0.2311070710 0.8261234164
-439.1 -473.4 2679.7 0.8582221270 0.2578877509 0.4437890053 -0.1166080981 0.9399695396 -0.3207176924 -0.4998573065 0.2234976292 0.8367744684
-203.8 -92.0 2623.9 0.9019674063 -0.0795255229 0.4244178832 0.0452357195 0.9948882461 0.0902833492 -0.4294281900 -0.0622337870 0.9009541273
-172.7 -481.7 2648.2 0.9025444388 0.0101730339 0.4304765165 -0.0035082612 0.9998614192 -0.0162732732 -0.4305824339 0.0131771294 0.9024550915
-359.1 -86.3 2478.2 0 0 0 0 0 0 0 0 0
-553.2 225.6 2245.8 0 0 0 0 0 0 0 0 0
-528.8 -800.1 2602.0 0 0 0 0 0 0 0 0 0
-176.0 -805.4 2644.0 0 0 0 0 0 0 0 0 0
-347.6 472.5 2735.5 6 0.5299671888 -0.1690847576 0.8309904337 0.1537063569 0.9828425050 0.1019558609 -0.8339718580 0.0736952499 0.5468636751
-314.3 279.5 2721.1 0.5299671888 -0.1690847576 0.8309904337 0.1537063569 0.9828425050 0.1019558609 -0.8339718580 0.0736952499 0.5468636751
-281.1 86.8 2710.1 0.5324707031 -0.1695330739 0.8292970061 0.1391654164 0.9839388132 0.1117918715 -0.8349298835 0.0558835678 0.5475117564
-390.2 259.7 2840.0 0.1958302855 -0.6075080633 -0.7697950602 0.8077390194 0.5450540781 -0.2246636748 0.5560649037 -0.5777975321 0.5974460244
-437.9 62.7 2704.4 -0.2736919224 -0.6075080633 -0.7456719875 0.5392343998 0.5450540781 -0.6419831514 0.7964414954 -0.5777975321 0.1784123480
-238.5 299.2 2602.1 -0.4251705706 -0.0379261486 0.9043183327 -0.1452276707 0.9890351892 -0.0268005561 -0.8933861852 -0.1427268535 -0.4260165989
-340.0 264.6 2388.8 -0.8981162310 -0.0379261486 0.4381196797 -0.0963586494 0.9890351892 -0.1119122729 -0.4290713966 -0.1427268535 -0.8919230700
-300.9 -117.3 2773.2 0.8262194395 0.3524182737 0.4395029247 -0.1803755760 0.9045824409 -0.3862580955 -0.5336910486 0.2398583442 0.8109512329
-438.9 -471.5 2679.3 0.8482610583 0.2566976249 0.4632056952 -0.1089782342 0.9405606985 -0.3216663897 -0.5182440877 0.2223777324 0.8258154988
-201.2 -92.8 2624.6 0.8924786448 -0.0767513737 0.4445121884 0.0441487245 0.9955497980 0.0832553580 -0.4489240050 -0.0546789840 0.8918954134
-171.1 -482.7 2646.1 0.8929994702 0.0121459924 0.4498937726 -0.0061944239 0.9998728037 -0.0146986470 -0.4500150681 0.0103390515 0.8929610848
-361.1 -88.7 2480.8 0 0 0 0 0 0 0 0 0
-579.2 238.9 2274.5 0 0 0 0 0 0 0 0 0
-528.5 -799.7 2601.7 0 0 0 0 0 0 0 0 0
-175.0 -803.8 2642.7 0 0 0 0 0 0 0 0 0
-350.1 469.5 2734.9 7 0.5424761772 -0.1785936058 0.8208677769 0.1613146514 0.9811018109 0.1068493202 -0.8244374990 0.0744547918 0.5610341430
-315.0 276.9 2720.3 0.5424761772 -0.1785936058 0.8208677769 0.1613146514 0.9811018109 0.1068493202 -0.8244374990 0.0744547918 0.5610341430
-280.0 84.6 2708.6 0.5446712375 -0.1784792244 0.8194378614 0.1492459327 0.9821237326 0.1147112101 -0.8252629042 0.0598178692 0.5615718365
-392.6 255.7 2837.9 0.1802898943 -0.6025620699 -0.7774409652 0.8053988218 0.5441640615 -0.2349854857 0.5646488070 -0.5837845802 0.5834100842
-436.5 59.3 2700.2 -0.2909288406 -0.6025620699 -0.7431550026 0.5313847661 0.5441640615 -0.6492424607 0.7956070900 -0.5837845802 0.1618792862
-237.4 298.2 2602.7 -0.5406942964 -0.0549137332 0.8394249082 -0.0997739732 0.9950097799 0.0008249480 -0.8352812529 -0.0833067074 -0.5434750915
-365.6 274.5 2404.8 -0.9270542860 -0.0549137332 0.3708838522 -0.0817977414 0.9950097799 -0.0571371578 -0.3658954501 -0.0833067074 -0.9269199371
-296.0 -118.5 2774.5 0.8275852203 0.3651610613 0.4263333380 -0.1918523312 0.8977542520 -0.3965224326 -0.5275371075 0.2463630587 0.8130251169
-439.0 -470.1 2678.0 0.8522016406 0.2550781369 0.4568232894 -0.1126093119 0.9420680404 -0.3159539700 -0.5109515786 0.2178139240 0.8315561414
-199.8 -93.4 2623.7 0.8996085525 -0.0770813525 0.4298405647 0.0493243895 0.9959352612 0.0753660724 -0.4339026809 -0.0465983413 0.8997538686
-169.7 -483.5 2641.9 0.9004349113 0.0163808167 0.4346822798 -0.0153880762 0.9998647571 -0.0058034128 -0.4347185493 -0.0014633287 0.9005652070
-354.8 -89.9 2476.8 0 0 0 0 0 0 0 0 0
-609.8 253.0 2308.4 0 0 0 0 0 0 0 0 0
-528.2 -799.2 2601.9 0 0 0 0 0 0 0 0 0
-174.9 -803.7 2642.4 0 0 0 0 0 0 0 0 0
-351.6 468.5 2734.6 8 0.5466298461 -0.1837196052 0.8169718385 0.1609899402 0.9804917574 0.1127745807 -0.8217530251 0.0698782951 0.5655430555
-315.6 276.5 2720.9 0.5466298461 -0.1837196052 0.8169718385 0.1609899402 0.9804917574 0.1127745807 -0.8217530251 0.0698782951 0.5655430555
-279.6 84.4 2709.6 0.5484820604 -0.1838106662 0.8157089353 0.1511034518 0.9812664390 0.1195153147 -0.8223960400 0.0577044338 0.5659814477
-393.7 255.0 2838.1 0.1731055677 -0.6020399332 -0.7794756889 0.8068879843 0.5405130386 -0.2382801771 0.5647709370 -0.5877019763 0.5793445706
-435.9 58.3 2700.4 -0.2980599403 -0.6020399332 -0.7407484055 0.5307012796 0.5405130386 -0.6528413892 0.7934207320 -0.5877019763 0.1583980769
-237.4 298.1 2603.7 -0.6266041398 -0.0478354022 0.7778682113 -0.0721710250 0.9973871708 0.0031981636 -0.7759887576 -0.0541355684 -0.6284192801
-387.7 280.8 2417.6 -0.9549274445 -0.0478354022 0.2929596901 -0.0615603887 0.9973871708 -0.0378048159 -0.2903858125 -0.0541355684 -0.9553771019
-294.3 -121.2 2771.4 0.8233457804 0.3749383986 0.4260551333 -0.2081125826 0.8978686333 -0.3879704475 -0.5280065536 0.2307664007 0.8172857165
-441.1 -472.9 2681.0 0.8557447195 0.2487600744 0.4536732733 -0.1055254415 0.9423184991 -0.3176479340 -0.5065228343 0.2239514440 0.8326345682
-195.9 -94.3 2622.3 0.9032185674 -0.0609211698 0.4248351157 0.0328496359 0.9967835546 0.0730985254 -0.4279219210 -0.0520682670 0.9023146629
-172.0 -484.7 2642.7 0.9035310149 0.0120368898 0.4283536375 -0.0099450825 0.9999251962 -0.0071209832 -0.4284072816 0.0021740173 0.9035831094
-352.2 -90.8 2477.6 0 0 0 0 0 0 0 0 0
-636.8 264.7 2341.9 0 0 0 0 0 0 0 0 0
-527.2 -798.9 2603.6 0 0 0 0 0 0 0 0 0
-175.9 -805.2 2642.0 0 0 0 0 0 0 0 0 0
-351.8 467.5 2734.4 9 0.5454288125 -0.1807388365 0.8184380531 0.1569417864 0.9812254310 0.1120976359 -0.8233326674 0.0673058480 0.5635541081
-316.4 275.4 2721.3 0.5454288125 -0.1807388365 0.8184380531 0.1569417864 0.9812254310 0.1120976359 -0.8233326674 0.0673058480 0.5635541081
-281.0 83.1 2709.9 0.5468086600 -0.1806554347 0.8175352812 0.1494467705 0.9818229675 0.1170015112 -0.8238118291 0.0582005680 0.5638676286
-394.3 254.1 2838.7 0.1770701408 -0.6018787026 -0.7787092924 0.8063105941 0.5424165130 -0.2358973026 0.5643663406 -0.5861111879 0.5813469291
-437.5 57.5 2701.1 -0.2943794131 -0.6018787026 -0.7423495054 0.5315529108 0.5424165130 -0.6505658031 0.7942243218 -0.5861111879 0.1602540910
-238.5 296.7 2603.9 -0.7039823532 -0.0451449975 0.7087811828 -0.0497309938 0.9986615181 0.0142143043 -0.7084742188 -0.0252417717 -0.7052851915
-412.2 284.4 2429.1 -0.9724555612 -0.0451449975 0.2286747396 -0.0497162230 0.9986615181 -0.0142658735 -0.2277246267 -0.0252417717 -0.9733983278
-293.2 -121.5 2772.6 0.8230746388 0.3724533916 0.4287500679 -0.2064514309 0.8995008469 -0.3850663304 -0.5290803313 0.2284222543 0.8172498345
-439.0 -473.8 2683.2 0.8563827872 0.2518488467 0.4507557452 -0.1027354971 0.9386356473 -0.3292545676 -0.5060177445 0.2356593311 0.8297051787
-194.0 -94.2 2624.0 0.9019089341 -0.0645316690 0.4270783663 0.0348753668 0.9964278936 0.0769103467 -0.4305159450 -0.0544716120 0.9009377956
-168.7 -484.5 2645.3 0.9019253254 0.0224672742 0.4313072562 -0.0156360492 0.9996899366 -0.0193777401 -0.4316089153 0.0107333316 0.9019969702
-354.8 -91.8 2478.0 0 0 0 0 0 0 0 0 0
-665.3 271.5 2369.8 0 0 0 0 0 0 0 0 0
-526.1 -798.4 2601.7 0 0 0 0 0 0 0 0 0
-175.9 -804.8 2641.9 0 0 0 0 0 0 0 0 0
-351.7 466.6 2734.4 0 0.5237666368 -0.1825831831 0.8320648074 0.1466720998 0.9815021753 0.1230479106 -0.8391399384 0.0575923026 0.5408579707
-316.1 275.0 2723.1 0.5237666368 -0.1825831831 0.8320648074 0.1466720998 0.9815021753 0.1230479106 -0.8391399384 0.0575923026 0.5408579707
-279.9 82.8 2713.6 0.5249712467 -0.1844335645 0.8308967948 0.1402288079 0.9816406965 0.1292957217 -0.8394885659 0.0486391298 0.5411960483
-390.9 255.1 2842.7 0.1867555827 -0.6194043756 -0.7625356317 0.8153741360 0.5306872725 -0.2313784957 0.5479847789 -0.5785406232 0.6041551232
-436.4 56.3 2709.1 -0.2771514058 -0.6194043756 -0.7345238924 0.5416659713 0.5306872725 -0.6518964171 0.7935900092 -0.5785406232 0.1884295493
-241.3 295.0 2603.5 -0.7676311731 -0.0480983704 0.6390844584 -0.0326045938 0.9988194108 0.0360097736 -0.6400619745 0.0068051359 -0.7682931423
-435.0 286.8 2442.0 -0.9924746156 -0.0480983704 0.1126085669 -0.0470225252 0.9988194108 0.0121920248 -0.1130620465 0.0068051359 -0.9935646057
-295.1 -122.7 2772.9 0.8145664930 0.3702370226 0.4465489984 -0.2001429200 0.9019296765 -0.3827083707 -0.5444485545 0.2223677933 0.8087819815
-440.1 -476.0 2685.8 0.8490355015 0.2487176657 0.4661311209 -0.0922058001 0.9384775162 -0.3328032494 -0.5202276111 0.2395817935 0.8197339773
-196.2 -95.7 2624.0 0.8899758458 -0.0734034181 0.4500609934 0.0407198220 0.9958090782 0.0818914026 -0.4541859031 -0.0545549691 0.8892350197
-167.5 -485.7 2645.4 0.8899669051 0.0261606183 0.4552741051 -0.0176816620 0.9995819926 -0.0228732321 -0.4556821585 0.0123064173 0.8900575042
-358.6 -95.8 2486.3 0 0 0 0 0 0 0 0 0
-692.3 274.6 2412.7 0 0 0 0 0 0 0 0 0
-525.7 -798.8 2603.4 0 0 0 0 0 0 0 0 0
-175.9 -805.9 2641.4 0 0 0 0 0 0 0 0 0
-353.1 469.1 2735.8 1 0.5033130646 -0.1878110766 0.8434470296 0.1456286758 0.9805687666 0.1314425766 -0.8517442346 0.0566733070 0.5208837986
-316.3 277.1 2724.7 0.5033130646 -0.1878110766 0.8434470296 0.1456286758 0.9805687666 0.1314425766 -0.8517442346 0.0566733070 0.5208837986
-279.9 84.9 2715.2 0.5048119426 -0.1857344061 0.8430110812 0.1377564222 0.9813963175 0.1337324977 -0.8521667123 0.0486204326 0.5210067034
-388.2 257.5 2846.1 0.1974917203 -0.6341613531 -0.7475535870 0.8182880282 0.5265629292 -0.2305129021 0.5398163795 -0.5661897659 0.6229184866
-436.4 58.0 2714.5 -0.2598182857 -0.6341613531 -0.7282402515 0.5445645452 0.5265629292 -0.6528253555 0.7974609137 -0.5661897659 0.2085311115
-244.4 296.7 2603.3 -0.8263092041 -0.0373934656 0.5619739890 -0.0277650151 0.9992849231 0.0256670900 -0.5625319481 0.0056057367 -0.8267565370
-452.9 289.7 2461.4 -0.9977049828 -0.0373934656 0.0564495698 -0.0370162874 0.9992849231 0.0077129914 -0.0566976182 0.0056057367 -0.9983756542
-291.2 -122.1 2779.9 0.8063583970 0.3762216270 0.4563369453 -0.1903603226 0.8956257105 -0.4020167887 -0.5599545240 0.2373011708 0.7938129902
-438.6 -472.9 2687.0 0.8391880393 0.2520157993 0.4819247723 -0.0877502188 0.9372848272 -0.3373382390 -0.5367153287 0.2408012152 0.8086726069
-196.4 -96.8 2628.2 0.8788484931 -0.0706628412 0.4718390703 0.0427669659 0.9966576695 0.0696020722 -0.4751803279 -0.0409905538 0.8789331317
-168.7 -487.2 2644.2 0.8790820837 0.0207934100 0.4762166739 -0.0138849365 0.9997411966 -0.0180212706 -0.4764681458 0.0092299376 0.8791432977
-363.4 -94.9 2490.6 0 0 0 0 0 0 0 0 0
-711.5 280.1 2446.7 0 0 0 0 0 0 0 0 0
-526.4 -799.6 2603.0 0 0 0 0 0 0 0 0 0
-175.3 -806.9 2641.3 0 0 0 0 0 0 0 0 0
-353.5 467.7 2735.0 2 0.4864921570 -0.1966204941 0.8512730002 0.1397774369 0.9793133736 0.1463131756 -0.8624312282 0.0478085503 0.5039113760
-315.2 276.7 2725.7 0.4864921570 -0.1966204941 0.8512730002 0.1397774369 0.9793133736 0.1463131756 -0.8624312282 0.0478085503 0.5039113760
-276.5 84.9 2717.4 0.4873298705 -0.1974948347 0.8505911827 0.1356140971 0.9793866277 0.1497017592 -0.8626229763 0.0423980244 0.5040674210
-384.6 257.4 2848.6 0.1966784447 -0.6511313319 -0.7330386043 0.8260828257 0.5127537847 -0.2338176817 0.5281143188 -0.5595636964 0.6387360692
-432.5 56.0 2719.9 -0.2522427142 -0.6511313319 -0.7158223391 0.5491606593 0.5127537847 -0.6599289179 0.7967410088 -0.5595636964 0.2282373011
-245.7 296.0 2602.8 -0.8704139590 -0.0245656576 0.4917072654 -0.0154336048 0.9996249676 0.0226208139 -0.4920785725 0.0121006574 -0.8704667091
-469.0 292.0 2476.6 -0.9993699193 -0.0352996960 -0.0036983576 -0.0353417918 0.9993031025 0.0120133534 0.0032717122 0.0121364910 -0.9999210238
-289.1 -119.8 2782.7 0.7997667193 0.3757942021 0.4681366086 -0.1823429316 0.8950511813 -0.4069821239 -0.5719477534 0.2401293665 0.7843555808
-436.3 -470.4 2688.6 0.8307121992 0.2587100267 0.4929364920 -0.0868387371 0.9348380566 -0.3442917764 -0.5498875380 0.2432014048 0.7990474105
-197.9 -94.9 2628.7 0.8693332672 -0.0768292323 0.4882181287 0.0499084480 0.9964404106 0.0679382458 -0.4916999340 -0.0346947722 0.8700732589
-167.8 -485.2 2642.3 0.8698838949 0.0202128030 0.4928422272 -0.0157886054 0.9997890592 -0.0131366281 -0.4930038154 0.0036460492 0.8700194955
-361.7 -98.2 2496.1 0 0 0 0 0 0 0 0 0
-728.4 282.8 2477.5 0 0 0 0 0 0 0 0 0
-527.5 -799.9 2602.9 0 0 0 0 0 0 0 0 0
-174.3 -806.0 2641.1 0 0 0 0 0 0 0 0 0
-353.4 468.1 2735.2 3 0.4718365967 -0.1968085468 0.8594397306 0.1366417706 0.9793139100 0.1492422968 -0.8710334301 0.0470173918 0.4889684319
-314.9 276.9 2726.0 0.4718365967 -0.1968085468 0.8594397306 0.1366417706 0.9793139100 0.1492422968 -0.8710334301 0.0470173918 0.4889684319
-276.6 85.0 2717.7 0.4727675319 -0.1958144456 0.8591551185 0.1319967210 0.9797335267 0.1506621987 -0.8712449074 0.0421774685 0.4890330732
-382.3 258.1 2850.1 0.2064657956 -0.6600570679 -0.7222856283 0.8277903795 0.5114022493 -0.2307179868 0.5216655731 -0.5502657294 0.6519759893
-432.6 56.3 2722.9 -0.2381470948 -0.6600570679 -0.7124679685 0.5522690415 0.5114022493 -0.6583818197 0.7989273071 -0.5502657294 0.2427401394
-247.6 295.7 2601.9 -0.9061601758 -0.0182117764 0.4225423634 -0.0116440393 0.9997680187 0.0181193333 -0.4227743149 0.0114989188 -0.9061620235
-483.8 292.6 2491.6 -0.9960777760 -0.0181852188 -0.0865930170 -0.0191115476 0.9997685552 0.0098804422 0.0863932967 0.0114966156 -0.9961947799
-281.8 -119.2 2787.0 0.7891377211 0.3969039619 0.4687525332 -0.1866988540 0.8820633888 -0.4325594902 -0.5851539969 0.2538334429 0.7701709867
-437.2 -464.5 2687.6 0.8241585493 0.2480674535 0.5091416240 -0.0764014348 0.9394524693 -0.3340537846 -0.5611822009 0.2364141494 0.7932105064
-193.7 -94.7 2631.1 0.8609592915 -0.0663772896 0.5043244958 0.0467164889 0.9975773692 0.0515451655 -0.5065241456 -0.0208180211 0.8619744182
-167.7 -485.4 2639.3 0.8616052270 0.0189310778 0.5072258711 -0.0197516959 0.9997978210 -0.0037637816 -0.5071945786 -0.0067756772 0.8618049622
-365.7 -98.8 2498.6 0 0 0 0 0 0 0 0 0
-742.4 287.7 2514.1 0 0 0 0 0 0 0 0 0
-525.9 -800.3 2603.1 0 0 0 0 0 0 0 0 0
-173.8 -806.4 2641.4 0 0 0 0 0 0 0 0 0
-354.7 468.6 2736.2 4 0.4674054980 -0.2001562268 0.8610863090 0.1398332417 0.9785090089 0.1515479237 -0.8729139566 0.0495741591 0.4853489697
-315.7 277.9 2726.6 0.4674054980 -0.2001562268 0.8610863090 0.1398332417 0.9785090089 0.1515479237 -0.8729139566 0.0495741591 0.4853489697
-276.3 86.3 2718.0 0.4683042765 -0.2012673616 0.8603386283 0.1354512870 0.9785540700 0.1551930457 -0.8731231689 0.0438563973 0.4855229855
-382.4 258.6 2851.0 0.2039843500 -0.6653016806 -0.7181671858 0.8284803033 0.5081349015 -0.2354131341 0.5215465426 -0.5469667315 0.6548408866
-432.2 56.6 2723.8 -0.2379036099 -0.6653016806 -0.7076550126 0.5501467586 0.5081349015 -0.6626744866 0.8004626036 -0.5469667315 0.2451264113
