707.3 296.9 2505.0 7 0.9626196623 0.0743673146 -0.2604473829 -0.0935469344 0.9936813116 -0.0620190687 0.2541895211 0.0840648338 0.9634940624
692.6 99.8 2488.4 0.9626196623 0.0743673146 -0.2604473829 -0.0935469344 0.9936813116 -0.0620190687 0.2541895211 0.0840648338 0.9634940624
679.7 -93.2 2472.5 0.9631832838 0.0666851476 -0.2604438365 -0.0856028125 0.9944003224 -0.0619690903 0.2548530102 0.0819823220 0.9634982347
561.0 111.5 2453.6 0.4916562736 -0.3662053645 -0.7900428772 0.7800639868 0.5884419680 0.2126881480 0.3870068192 -0.7208534479 0.5749747753
449.7 -65.1 2365.9 -0.9302086830 -0.3662053645 0.0246047582 -0.2519797385 0.5884419680 -0.7682722807 0.2668669522 -0.7208534479 -0.6396501660
824.1 88.1 2523.2 0.6009002924 0.5122501254 0.6136111617 -0.5593350530 0.8178714514 -0.1350206137 -0.5710193515 -0.2620802820 0.7779786587
945.4 -24.8 2407.9 -0.6673543453 0.5122501254 0.5405904055 0.1869756132 0.8178714514 -0.5441749692 -0.7208871841 -0.2620802820 -0.6415883303
580.8 -277.8 2432.2 0.9757205248 0.0478242002 -0.2137340605 -0.0658908263 0.9947565198 -0.0782168061 0.2088726908 0.0904008597 0.9737555385
562.2 -663.8 2397.2 0.9788665175 -0.0318083838 -0.2020112723 0.0524617732 0.9938300252 0.0977220014 0.1976564974 -0.1062546670 0.9744957089
752.9 -292.6 2479.4 0.4582919180 0.1765014082 0.8711003065 -0.0357432477 0.9829510450 -0.1803597212 -0.8880827427 0.0515214466 0.4567872584
684.4 -674.2 2459.3 0.4640048742 -0.0189993400 0.8856288791 -0.1558252871 0.9824295044 0.1027170718 -0.8720194697 -0.1856646091 0.4528914988
693.8 1.0 2295.9 0 0 0 0 0 0 0 0 0
781.4 21.1 2230.8 0 0 0 0 0 0 0 0 0
574.1 -1034.0 2436.7 0 0 0 0 0 0 0 0 0
691.5 -1040.7 2528.6 0 0 0 0 0 0 0 0 0
708.3 295.7 2500.5 8 0.9524948597 0.0804872438 -0.2937267125 -0.0973314270 0.9943156242 -0.0431624278 0.2885830402 0.0697008297 0.9549144506
692.3 98.8 2486.7 0.9524948597 0.0804872438 -0.2937267125 -0.0973314270 0.9943156242 -0.0431624278 0.2885830402 0.0697008297 0.9549144506
679.1 -94.4 2473.0 0.9533605576 0.0681686625 -0.2940352261 -0.0857455134 0.9951940775 -0.0472914167 0.2893983126 0.0702979714 0.9546239376
562.2 110.5 2447.2 0.5042383075 -0.3577811718 -0.7859620452 0.7841052413 0.5710334182 0.2431044579 0.3618324101 -0.7388595343 0.5684750080
449.9 -64.2 2366.6 -0.9328352809 -0.3577811718 0.0425552092 -0.2546182573 0.5710334182 -0.7804424167 0.2549271584 -0.7388595343 -0.6237777472
822.5 87.1 2526.2 0.5215308666 0.5324957967 0.6666736603 -0.5446734428 0.8092092872 -0.2202524692 -0.6567620039 -0.2482509762 0.7120639682
930.3 -25.5 2390.4 -0.6663873196 0.5324957967 0.5218966603 0.2199535221 0.8092092872 -0.5447942615 -0.7124242783 -0.2482509762 -0.6563711762
580.5 -278.5 2433.7 0.9683946371 0.0264665373 -0.2480147183 -0.0450911485 0.9965472221 -0.0697171241 0.2453132123 0.0786969587 0.9662443995
570.2 -665.2 2403.2 0.9694053531 0.0347997062 -0.2429860085 -0.0229453463 0.9984120727 0.0514478385 0.2443905324 -0.0442984141 0.9686645269
753.0 -293.9 2479.3 0.4908525050 0.1805454493 0.8523304462 -0.0384142399 0.9818263054 -0.1858534366 -0.8703954220 0.0584850013 0.4888674021
682.9 -675.1 2456.6 0.4975415766 -0.0316879600 0.8668611646 -0.1493659914 0.9812763333 0.1216001362 -0.8544836044 -0.1899807006 0.4834926724
694.6 2.6 2299.7 0 0 0 0 0 0 0 0 0
763.9 29.4 2212.6 0 0 0 0 0 0 0 0 0
557.3 -1036.0 2419.6 0 0 0 0 0 0 0 0 0
694.7 -1041.2 2527.5 0 0 0 0 0 0 0 0 0
707.3 294.4 2489.2 9 0.9491490722 0.0794372633 -0.3046404123 -0.0872346982 0.9961149096 -0.0120472899 0.3024998605 0.0380098894 0.9523912668
691.6 97.6 2481.7 0.9491490722 0.0794372633 -0.3046404123 -0.0872346982 0.9961149096 -0.0120472899 0.3024998605 0.0380098894 0.9523912668
678.8 -95.9 2473.5 0.9500019550 0.0656845123 -0.3052570224 -0.0755215287 0.9969331026 -0.0205156058 0.3029732704 0.0425433442 0.9520489573
561.9 107.8 2440.4 0.4924718142 -0.3432804644 -0.7997687459 0.7908047438 0.5602455735 0.2464808524 0.3634548187 -0.7538457513 0.5473729372
456.7 -61.2 2362.7 -0.9374648929 -0.3432804644 0.0576029420 -0.2536032498 0.5602455735 -0.7885494828 0.2384218574 -0.7538457513 -0.6122675538
821.4 87.3 2523.1 0.4894250929 0.5410862565 0.6838777065 -0.5415090322 0.8032775521 -0.2480185032 -0.6835430264 -0.2489394844 0.6861472726
922.6 -24.8 2381.6 -0.6707790494 0.5410862565 0.5072288513 0.2337015569 0.8032775521 -0.5478401184 -0.7038742900 -0.2489394844 -0.6652744412
581.0 -281.9 2438.2 0.9656926394 0.0129045276 -0.2593668699 -0.0251463540 0.9987177849 -0.0439364798 0.2584673464 0.0489512682 0.9647789598
576.0 -668.3 2419.3 0.9642611742 0.0645055398 -0.2569813728 -0.0531817600 0.9972928166 0.0507811494 0.2595613301 -0.0352995694 0.9650812745
751.1 -295.2 2485.3 0.5083544850 0.1751738638 0.8431428075 -0.0225863960 0.9814671874 -0.1902945787 -0.8608516455 0.0776935443 0.5028898120
683.2 -676.2 2455.1 0.5195849538 -0.0316810757 0.8538312316 -0.1760268658 0.9739058614 0.1432546526 -0.8360897303 -0.2247302085 0.5004501343
702.7 5.4 2300.1 0 0 0 0 0 0 0 0 0
753.8 34.0 2204.5 0 0 0 0 0 0 0 0 0
552.0 -1039.5 2432.4 0 0 0 0 0 0 0 0 0
695.0 -1039.4 2539.0 0 0 0 0 0 0 0 0 0
708.2 293.2 2491.1 0 0.9490952492 0.0789185017 -0.3049427867 -0.0906712636 0.9955782294 -0.0245492775 0.3016570210 0.0509491488 0.9520542026
692.6 96.8 2481.1 0.9490952492 0.0789185017 -0.3049427867 -0.0906712636 0.9955782294 -0.0245492775 0.3016570210 0.0509491488 0.9520542026
679.2 -96.6 2472.2 0.9499177933 0.0690358058 -0.3047790527 -0.0795959979 0.9965767264 -0.0223446153 0.3021931350 0.0454847366 0.9521609545
562.9 107.7 2439.8 0.4981929958 -0.3382772207 -0.7983559966 0.7890781164 0.5585240722 0.2557471097 0.3593875766 -0.7573766708 0.5451799035
454.0 -64.8 2361.2 -0.9384170771 -0.3382772207 0.0702987909 -0.2603337765 0.5585240722 -0.7875767946 0.2271557301 -0.7573766708 -0.6121934652
822.4 86.0 2522.3 0.5651877522 0.5258069038 0.6356806755 -0.5518354177 0.8137488961 -0.1824566275 -0.6132213473 -0.2476688474 0.7500798106
935.8 -24.8 2399.2 -0.6632151604 0.5258069038 0.5326093435 0.2098916471 0.8137488961 -0.5419946909 -0.7183948159 -0.2476688474 -0.6500530839
581.2 -283.6 2440.5 0.9658150077 0.0060067214 -0.2591626942 -0.0234100353 0.9976676702 -0.0641182289 0.2581731081 0.0679933503 0.9637030363
578.9 -670.2 2414.1 0.9655492306 0.0464616828 -0.2560390234 -0.0295008682 0.9971322417 0.0696921125 0.2585427761 -0.0597377904 0.9641509056
751.1 -296.1 2492.3 0.5096683502 0.1736380309 0.8426672220 -0.0112097971 0.9806801677 -0.1952966750 -0.8602979183 0.0900904015 0.5017680526
683.7 -676.7 2457.4 0.5192261934 -0.0212219022 0.8543733358 -0.1647953093 0.9784445167 0.1244543716 -0.8385980129 -0.2054166943 0.5045367479
700.2 3.6 2301.6 0 0 0 0 0 0 0 0 0
769.2 27.9 2218.7 0 0 0 0 0 0 0 0 0
561.6 -1041.7 2436.4 0 0 0 0 0 0 0 0 0
691.6 -1041.8 2534.0 0 0 0 0 0 0 0 0 0
710.8 289.6 2502.0 1 0.9482431412 0.0849761441 -0.3059640825 -0.1054826379 0.9931076765 -0.0510933325 0.2995135784 0.0807228014 0.9506710768
694.2 94.7 2486.2 0.9482431412 0.0849761441 -0.3059640825 -0.1054826379 0.9931076765 -0.0510933325 0.2995135784 0.0807228014 0.9506710768
679.5 -98.3 2472.2 0.9491672516 0.0756928548 -0.3055357933 -0.0940504372 0.9945136309 -0.0457950309 0.3003931642 0.0722029209 0.9510787129
564.5 107.5 2445.2 0.4955274761 -0.3500423431 -0.7949357629 0.7873834968 0.5674191117 0.2409621626 0.3667148054 -0.7453226447 0.5567893386
455.2 -66.1 2364.3 -0.9347969294 -0.3500423431 0.0602083914 -0.2627379000 0.5674191117 -0.7803872824 0.2390051931 -0.7453226447 -0.6223910451
823.8 81.9 2527.2 0.6110907793 0.4887835085 0.6226224303 -0.5265502930 0.8383167982 -0.1413142383 -0.5910269618 -0.2414861917 0.7696567774
949.5 -26.4 2405.6 -0.6890702844 0.4887835085 0.5350446701 0.2012170106 0.8383167982 -0.5066918135 -0.6961995959 -0.2414861917 -0.6760107875
580.8 -283.4 2437.5 0.9651938677 0.0281324051 -0.2600180209 -0.0502698943 0.9956155419 -0.0788834989 0.2566588223 0.0892089456 0.9623762369
569.9 -669.4 2402.9 0.9682677984 -0.0104568377 -0.2496960461 0.0403241888 0.9925696850 0.1148014739 0.2466402650 -0.1212273613 0.9614949226
750.9 -297.1 2490.5 0.5065807104 0.1735593826 0.8445431590 -0.0112613132 0.9807779789 -0.1948017180 -0.8621190190 0.0891721249 0.4987977147
683.5 -677.8 2455.8 0.5181260109 -0.0246321801 0.8549495339 -0.1779076308 0.9746182561 0.1358975470 -0.8365969062 -0.2225140929 0.5005927682
700.5 2.9 2301.6 0 0 0 0 0 0 0 0 0
778.7 23.4 2233.1 0 0 0 0 0 0 0 0 0
573.8 -1038.2 2448.0 0 0 0 0 0 0 0 0 0
692.7 -1041.5 2538.9 0 0 0 0 0 0 0 0 0
711.9 289.5 2498.5 2 0.9500009418 0.0927583948 -0.2981511056 -0.1074173823 0.9936620593 -0.0331245326 0.2931888402 0.0634949431 0.9539437294
693.6 93.7 2486.0 0.9500009418 0.0927583948 -0.2981511056 -0.1074173823 0.9936620593 -0.0331245326 0.2931888402 0.0634949431 0.9539437294
678.1 -99.3 2473.8 0.9511007071 0.0796813965 -0.2984264791 -0.0947357193 0.9948403835 -0.0363001972 0.2939942777 0.0627967939 0.9537420869
563.7 106.7 2445.8 0.5081786513 -0.3444140553 -0.7893880010 0.7814447880 0.5697160363 0.2544950843 0.3620752990 -0.7461920977 0.5586580634
452.5 -64.3 2366.7 -0.9376861453 -0.3444140553 0.0460826680 -0.2477681190 0.5697160363 -0.7836036086 0.2436300665 -0.7461920977 -0.6195496321
823.5 80.8 2526.1 0.6004497409 0.5032088757 0.6214828491 -0.5297734141 0.8324831128 -0.1622097790 -0.5989993811 -0.2318462580 0.7664509416
937.2 -19.5 2412.8 -0.6428785920 0.5032088757 0.5774841309 0.1813418269 0.8324831128 -0.5235332251 -0.7441923618 -0.2318462580 -0.6264383793
579.8 -283.1 2431.9 0.9666939974 0.0374032259 -0.2531871200 -0.0585620962 0.9953441024 -0.0765542388 0.2491449416 0.0888316929 0.9643836021
565.3 -669.2 2397.4 0.9708262682 -0.0118455477 -0.2394913137 0.0457039140 0.9896096587 0.1363226473 0.2353881001 -0.1432912946 0.9612804055
749.8 -299.6 2485.1 0.4989851117 0.1717251539 0.8494258523 -0.0260748919 0.9827015400 -0.1833515912 -0.8662182093 0.0693410262 0.4948311448
683.1 -681.1 2458.1 0.5092167258 -0.0377862863 0.8598083854 -0.1637324691 0.9765365720 0.1398858130 -0.8449200988 -0.2120107412 0.4910819232
698.6 0.8 2302.7 0 0 0 0 0 0 0 0 0
786.1 23.2 2237.9 0 0 0 0 0 0 0 0 0
569.7 -1037.7 2450.8 0 0 0 0 0 0 0 0 0
697.2 -1045.5 2537.3 0 0 0 0 0 0 0 0 0
712.4 287.6 2497.7 3 0.9521349669 0.0983864740 -0.2894115746 -0.1129155308 0.9930261970 -0.0338980369 0.2840581834 0.0649545714 0.9566043615
693.0 91.7 2484.9 0.9521349669 0.0983864740 -0.2894115746 -0.1129155308 0.9930261970 -0.0338980369 0.2840581834 0.0649545714 0.9566043615
676.3 -101.3 2472.7 0.9532709122 0.0861278474 -0.2895800173 -0.1006812155 0.9942775965 -0.0357120186 0.2848471105 0.0631984919 0.9564873576
562.8 105.4 2446.0 0.5037676692 -0.3304377198 -0.7981410027 0.7773348093 0.5764099956 0.2519962788 0.3767873645 -0.7473703623 0.5472374558
451.7 -65.9 2362.9 -0.9416699409 -0.3304377198 0.0637855157 -0.2548565567 0.5764099956 -0.7764017582 0.2197858095 -0.7473703623 -0.6270021796
823.3 77.9 2523.8 0.6412280798 0.5004698634 0.5816841722 -0.5232614279 0.8396436572 -0.1455883533 -0.5612699986 -0.2110175490 0.8002796769
946.3 -22.5 2416.1 -0.6425120831 0.5004698634 0.5802655220 0.1968539059 0.8396436572 -0.5062084794 -0.7405583858 -0.2110175490 -0.6380006671
577.5 -284.0 2435.6 0.9692067504 0.0261186529 -0.2448593229 -0.0487953760 0.9950119853 -0.0870068297 0.2413654625 0.0962756127 0.9656468034
567.4 -670.2 2398.2 0.9723457098 0.0061290753 -0.2334657311 0.0248722099 0.9912528396 0.1296115220 0.2322179675 -0.1318340302 0.9636880159
747.9 -300.9 2488.0 0.4902267456 0.1603923440 0.8567100167 -0.0300504472 0.9854481220 -0.1672990918 -0.8710767627 0.0562699661 0.4879128635
685.6 -683.4 2466.1 0.4939981997 -0.0260232948 0.8690733910 -0.1111693904 0.9894574285 0.0928188860 -0.8623265624 -0.1424667239 0.4858972132
698.8 0.9 2305.3 0 0 0 0 0 0 0 0 0
789.7 25.5 2235.7 0 0 0 0 0 0 0 0 0
565.1 -1039.7 2447.4 0 0 0 0 0 0 0 0 0
695.3 -1051.7 2519.2 0 0 0 0 0 0 0 0 0
715.0 294.2 2512.9 4 0.9466790557 0.1080288962 -0.3035267889 -0.1327230036 0.9892197251 -0.0618784539 0.2935700417 0.0988640189 0.9508115053
693.8 99.8 2493.4 0.9466790557 0.1080288962 -0.3035267889 -0.1327230036 0.9892197251 -0.0618784539 0.2935700417 0.0988640189 0.9508115053
675.2 -92.5 2475.9 0.9481197596 0.0961511955 -0.3030245006 -0.1187483594 0.9912865758 -0.0570061840 0.2949029207 0.0900323540 0.9512762427
564.3 116.1 2453.2 0.4500741661 -0.3416099846 -0.8250671625 0.7975748777 0.5693261623 0.1993538886 0.4016310871 -0.7477769256 0.5286985636
460.4 -67.9 2360.5 -0.9362088442 -0.3416099846 0.0825564712 -0.2760263085 0.5693261623 -0.7743882537 0.2175372094 -0.7477769256 -0.6273015738
823.3 83.6 2533.7 0.6351550817 0.5052322149 0.5842246413 -0.5266170502 0.8365929723 -0.1509526223 -0.5650243759 -0.2117843330 0.7974301577
952.6 -23.6 2418.6 -0.6468174458 0.5052322149 0.5712859631 0.2046395093 0.8365929723 -0.5081681609 -0.7346767187 -0.2117843330 -0.6445133686
574.2 -285.3 2435.0 0.9657552242 0.0255748164 -0.2581912875 -0.0485074595 0.9953812957 -0.0828441605 0.2548800409 0.0925313830 0.9625352621
564.3 -671.7 2399.1 0.9688344002 -0.0304730479 -0.2458278984 0.0673685670 0.9874117970 0.1431063712 0.2383724749 -0.1552074552 0.9586914182
745.0 -303.3 2485.9 0.4984652996 0.1526412964 0.8533656597 -0.0332129560 0.9870165586 -0.1571471393 -0.8662731647 0.0499895997 0.4970631897
685.8 -686.4 2466.5 0.5018591285 -0.0193760153 0.8647323251 -0.1165895537 0.9891096950 0.0898272619 -0.8570556045 -0.1458993852 0.4941346943
706.0 4.5 2303.4 0 0 0 0 0 0 0 0 0
790.7 27.6 2234.7 0 0 0 0 0 0 0 0 0
575.7 -1039.7 2457.0 0 0 0 0 0 0 0 0 0
693.0 -1055.2 2520.9 0 0 0 0 0 0 0 0 0
706.5 296.6 2494.9 5 0.9427726865 0.1352184564 -0.3047877848 -0.1501192451 0.9883291125 -0.0258802492 0.2977311611 0.0701537058 0.9520686269
678.0 88.9 2480.2 0.9427726865 0.1352184564 -0.3047877848 -0.1501192451 0.9883291125 -0.0258802492 0.2977311611 0.0701537058 0.9520686269
668.9 -104.3 2468.8 0.9507942796 0.0470999777 -0.3062218130 -0.0627620891 0.9971654415 -0.0414972641 0.3033992946 0.0586744808 0.9510552883
548.3 97.4 2438.9 0.4151816964 -0.3562892079 -0.8370676041 0.8241881132 0.5368521214 0.1802879423 0.3851468861 -0.7647534013 0.5165405273
465.7 -66.5 2362.2 -0.9310081005 -0.3562892079 0.0792584047 -0.2733969092 0.5368521214 -0.7981503010 0.2418222874 -0.7647534013 -0.5972220898
807.7 80.3 2521.5 0.6715948582 0.5084232092 0.5389491916 -0.5106679201 0.8446693420 -0.1604744196 -0.5368227959 -0.1674502641 0.8269109726
936.6 -17.7 2418.4 -0.5874212384 0.5084232092 0.6296364665 0.1980226487 0.8446693420 -0.4973135591 -0.7846803665 -0.1674502641 -0.5968559980
571.6 -274.2 2432.2 0.9648866653 0.0348163173 -0.2603488266 -0.0577219352 0.9950529337 -0.0808570832 0.2562457323 0.0930457562 0.9621229768
558.1 -660.5 2396.0 0.9659790397 -0.0835830569 -0.2447413504 0.1244638041 0.9797819853 0.1566398740 0.2267007232 -0.1817722768 0.9568519592
741.5 -295.5 2484.9 0.5055424571 0.1457029879 0.8504101634 -0.0340401344 0.9882388115 -0.1490817070 -0.8621299863 0.0464190617 0.5045564175
684.9 -679.1 2466.8 0.5089106560 -0.0282837097 0.8603545427 -0.1057505757 0.9898353815 0.0950931385 -0.8542990088 -0.1393769085 0.5007467270
710.0 5.2 2298.8 0 0 0 0 0 0 0 0 0
793.6 30.5 2227.4 0 0 0 0 0 0 0 0 0
589.2 -1025.3 2463.7 0 0 0 0 0 0 0 0 0
695.5 -1048.4 2518.8 0 0 0 0 0 0 0 0 0
705.9 294.7 2486.4 6 0.9571755528 0.1066361293 -0.2691536844 -0.1153662950 0.9931812286 -0.0167814642 0.2655288875 0.0471140705 0.9629510045
684.2 91.9 2476.8 0.9571755528 0.1066361293 -0.2691536844 -0.1153662950 0.9931812286 -0.0167814642 0.2655288875 0.0471140705 0.9629510045
673.0 -101.5 2468.7 0.9611682892 0.0577905141 -0.2698439658 -0.0670284629 0.9974343181 -0.0251381993 0.2676988840 0.0422492661 0.9625758529
553.0 101.1 2440.3 0.4173038602 -0.3568811119 -0.8357591629 0.8223988414 0.5396152735 0.1802094728 0.3866750598 -0.7625294924 0.5186821818
468.8 -64.9 2362.3 -0.9321514368 -0.3568811119 0.0610703491 -0.2590774596 0.5396152735 -0.8010581732 0.2529280484 -0.7625294924 -0.5954630375
815.3 82.7 2513.3 0.6576302648 0.5380761027 0.5272537470 -0.5421916246 0.8239708543 -0.1646216363 -0.5230206847 -0.1776123941 0.8336085677
937.8 -18.3 2415.8 -0.5787650943 0.5380761027 0.6127846837 0.2079774290 0.8239708543 -0.5270839334 -0.7885279655 -0.1776123941 -0.5887932181
574.7 -291.9 2430.4 0.9742945433 0.0240133349 -0.2239945233 -0.0399641991 0.9969555736 -0.0669510663 0.2217048705 0.0741818175 0.9722880125
565.4 -678.9 2401.6 0.9763739705 -0.0048063900 -0.2160340995 0.0299521759 0.9931120872 0.1132748947 0.2140016407 -0.1170693561 0.9697927833
744.8 -303.1 2484.6 0.4745522439 0.1523477882 0.8669431210 -0.0331610069 0.9873032570 -0.1553467959 -0.8796024919 0.0449714623 0.4735789597
685.7 -686.4 2467.1 0.4774586856 -0.0208406858 0.8784070015 -0.1077497602 0.9907844067 0.0820743516 -0.8720224500 -0.1338352561 0.4708130658
713.3 3.0 2295.9 0 0 0 0 0 0 0 0 0
795.4 32.8 2221.8 0 0 0 0 0 0 0 0 0
567.2 -1047.2 2445.0 0 0 0 0 0 0 0 0 0
693.5 -1056.1 2517.0 0 0 0 0 0 0 0 0 0
708.2 294.4 2483.7 7 0.9689370394 0.1007894576 -0.2258374244 -0.1060554087 0.9942963123 -0.0112754758 0.2234128714 0.0348765068 0.9740997553
687.9 94.3 2476.7 0.9689370394 0.1007894576 -0.2258374244 -0.1060554087 0.9942963123 -0.0112754758 0.2234128714 0.0348765068 0.9740997553
674.1 -99.1 2470.2 0.9714010358 0.0718516931 -0.2263126373 -0.0776371881 0.9968408346 -0.0167562142 0.2243937254 0.0338472798 0.9739105701
555.5 105.0 2446.1 0.4461356103 -0.3781949282 -0.8111298680 0.8202144504 0.5353926420 0.2015017867 0.3580659926 -0.7551975846 0.5490586758
462.0 -66.8 2371.1 -0.9250911474 -0.3781949282 0.0342784300 -0.2487862408 0.5353926420 -0.8071308136 0.2869003415 -0.7551975846 -0.5893766284
820.4 83.7 2507.3 0.6496320963 0.5621423721 0.5118340850 -0.5718196630 0.8049594164 -0.1583118588 -0.5009994507 -0.1898323298 0.8443714976
940.3 -21.9 2414.8 -0.5816309452 0.5621423721 0.5879637003 0.2216015160 0.8049594164 -0.5503936410 -0.7826865315 -0.1898323298 -0.5927609205
575.9 -288.9 2436.6 0.9834874868 0.0157671645 -0.1802880615 -0.0248681530 0.9985216856 -0.0483318865 0.1792594790 0.0520172380 0.9824256897
569.8 -676.4 2416.4 0.9829249382 0.0401291363 -0.1795777977 -0.0428325646 0.9990195036 -0.0112007568 0.1789522469 0.0187012814 0.9836800098
747.8 -300.9 2484.5 0.4366446435 0.1554664820 0.8860991001 -0.0264444612 0.9867474437 -0.1600942016 -0.8992453218 0.0464718603 0.4349692166
687.5 -684.0 2466.4 0.4409149587 -0.0047971872 0.8975360394 -0.1542330235 0.9847062230 0.0810301304 -0.8841980696 -0.1741570979 0.4334318042
704.6 -1.6 2295.9 0 0 0 0 0 0 0 0 0
796.0 33.1 2220.6 0 0 0 0 0 0 0 0 0
555.0 -1044.3 2409.6 0 0 0 0 0 0 0 0 0
689.3 -1051.2 2531.4 0 0 0 0 0 0 0 0 0
707.9 294.0 2482.3 8 0.9748523831 0.0950407311 -0.2015689909 -0.0971656889 0.9952679873 -0.0006509199 0.2005532980 0.0202201400 0.9794741273
689.0 95.8 2478.3 0.9748523831 0.0950407311 -0.2015689909 -0.0971656889 0.9952679873 -0.0006509199 0.2005532980 0.0202201400 0.9794741273
674.0 -97.6 2473.9 0.9762850404 0.0776230469 -0.2020943910 -0.0806373805 0.9967209101 -0.0067124893 0.2009106725 0.0228496660 0.9793430567
555.7 106.9 2450.9 0.4360900819 -0.3778702915 -0.8167248368 0.8158026934 0.5490950942 0.1815504134 0.3798570931 -0.7454586625 0.5477225184
464.3 -64.3 2371.2 -0.9256823063 -0.3778702915 0.0180633925 -0.2397677749 0.5490950942 -0.8006284833 0.2926152050 -0.7454586625 -0.5988887548
822.2 84.8 2505.7 0.7119779587 0.5473301411 0.4399058223 -0.5774146318 0.8128317595 -0.0767910630 -0.3995994925 -0.1993345320 0.8947547078
961.1 -27.9 2427.8 -0.6118293405 0.5473301411 0.5710468888 0.2260979861 0.8128317595 -0.5368279219 -0.7579871416 -0.1993345320 -0.6210645437
573.3 -285.5 2443.7 0.9873745441 0.0215712320 -0.1569272578 -0.0344052054 0.9962384105 -0.0795319825 0.1546213627 0.0839269683 0.9844025970
564.9 -671.9 2411.1 0.9877934456 0.0161718074 -0.1549277455 -0.0173740052 0.9998285174 -0.0064087575 0.1547975391 0.0090222443 0.9879050255
747.1 -299.4 2483.8 0.4158561528 0.1567614675 0.8958177567 -0.0254012253 0.9866495728 -0.1608646065 -0.9090756178 0.0441416651 0.4142862260
686.2 -682.5 2466.6 0.4201685190 -0.0168560445 0.9072895050 -0.1334146410 0.9878150821 0.0801368058 -0.8975850940 -0.1547166705 0.4127999544
707.1 -1.4 2294.5 0 0 0 0 0 0 0 0 0
807.7 28.8 2237.7 0 0 0 0 0 0 0 0 0
559.0 -1042.6 2407.8 0 0 0 0 0 0 0 0 0
692.5 -1050.9 2524.4 0 0 0 0 0 0 0 0 0
708.9 289.8 2488.2 9 0.9697079659 0.0928335190 -0.2259389758 -0.0972594842 0.9952226281 -0.0085123684 0.2240693569 0.0302292202 0.9741042852
690.5 92.9 2482.2 0.9697079659 0.0928335190 -0.2259389758 -0.0972594842 0.9952226281 -0.0085123684 0.2240693569 0.0302292202 0.9741042852
674.7 -100.4 2475.8 0.9706059694 0.0816996098 -0.2263828516 -0.0870134085 0.9961146116 -0.0135768251 0.2243940532 0.0328760929 0.9739437699
558.1 104.8 2451.5 0.4638274014 -0.3751739860 -0.8025637865 0.8094037175 0.5477594733 0.2117196321 0.3601801991 -0.7477994561 0.5577330589
460.0 -66.4 2375.4 -0.9267466068 -0.3751739860 0.0196273457 -0.2387312055 0.5477594733 -0.8018522263 0.2900830507 -0.7477994561 -0.5971999764
823.0 81.0 2512.8 0.7043346763 0.5262961984 0.4763664007 -0.5498532057 0.8289107084 -0.1028029025 -0.4489699900 -0.1895239502 0.8732162714
960.1 -26.0 2425.4 -0.6101645827 0.5262961984 0.5922090411 0.2129259109 0.8289107084 -0.5172712803 -0.7631263137 -0.1895239502 -0.6178340316
571.6 -283.7 2451.6 0.9831079841 0.0190136265 -0.1820362359 -0.0381662250 0.9940215945 -0.1022959203 0.1790029258 0.1075155735 0.9779562354
564.2 -669.4 2409.9 0.9839836359 -0.0025938430 -0.1782400608 0.0067218952 0.9997228980 0.0225600805 0.1781321466 -0.0233968608 0.9837284088
746.3 -298.2 2487.5 0.4375707805 0.1535035372 0.8859844804 -0.0239784606 0.9869621992 -0.1591561884 -0.8988642097 0.0483975485 0.4355465770
686.7 -681.4 2468.7 0.4405559301 -0.0105479034 0.8976631761 -0.1184332669 0.9905082583 0.0697636530 -0.8898786306 -0.1370479763 0.4351250827
703.1 -3.7 2299.3 0 0 0 0 0 0 0 0 0
805.3 28.0 2231.8 0 0 0 0 0 0 0 0 0
565.2 -1041.1 2418.6 0 0 0 0 0 0 0 0 0
690.7 -1051.0 2519.9 0 0 0 0 0 0 0 0 0
709.7 285.9 2493.1 0 0.9636301994 0.0925249010 -0.2507110536 -0.0995085761 0.9949191213 -0.0152951879 0.2480220348 0.0396868065 0.9679411054
691.4 89.7 2485.2 0.9636301994 0.0925249010 -0.2507110536 -0.0995085761 0.9949191213 -0.0152951879 0.2480220348 0.0396868065 0.9679411054
675.1 -103.5 2477.4 0.9643240571 0.0843380913 -0.2509307563 -0.0916993842 0.9956281781 -0.0177679881 0.2483352274 0.0401442945 0.9678419828
559.8 102.3 2451.3 0.4471390545 -0.3665606976 -0.8159043789 0.8118128181 0.5492789745 0.1981226355 0.3755351603 -0.7509499788 0.5431827307
466.6 -66.9 2373.1 -0.9299348593 -0.3665606976 0.0292313285 -0.2416590899 0.5492789745 -0.7999334335 0.2771679759 -0.7509499788 -0.5993763804
823.1 77.2 2519.1 0.6936449409 0.4907259941 0.5272994041 -0.5177976489 0.8485845327 -0.1085811183 -0.5007417202 -0.1977176517 0.8427131772
960.5 -25.4 2419.9 -0.6381097436 0.4907259941 0.5932992101 0.1954950988 0.8485845327 -0.4916156232 -0.7447131276 -0.1977176517 -0.6374245882
572.1 -285.9 2449.4 0.9781017303 0.0215751696 -0.2070059627 -0.0444347560 0.9933274388 -0.1064244956 0.2033285648 0.1132922471 0.9725340009
563.7 -671.4 2405.4 0.9796036482 -0.0194910746 -0.1999920607 0.0340887047 0.9969777465 0.0698090121 0.1980269849 -0.0752026364 0.9773074389
745.8 -301.6 2489.5 0.4590177238 0.1529995501 0.8751536608 -0.0273742452 0.9870275259 -0.1582002193 -0.8880053163 0.0486600325 0.4572513700
686.4 -684.8 2470.6 0.4614007771 -0.0168278441 0.8870322108 -0.0985810235 0.9926562309 0.0701097697 -0.8816978335 -0.1197932437 0.4563534558
710.6 -3.5 2300.3 0 0 0 0 0 0 0 0 0
800.5 23.6 2233.2 0 0 0 0 0 0 0 0 0
570.9 -1042.3 2433.4 0 0 0 0 0 0 0 0 0
692.7 -1055.2 2515.3 0 0 0 0 0 0 0 0 0
715.1 288.3 2510.5 1 0.9590966702 0.1021744311 -0.2639962137 -0.1210614219 0.9910500050 -0.0562494062 0.2558861971 0.0859083757 0.9628821611
695.0 93.4 2493.6 0.9590966702 0.1021744311 -0.2639962137 -0.1210614219 0.9910500050 -0.0562494062 0.2558861971 0.0859083757 0.9628821611
677.2 -99.1 2478.1 0.9601806402 0.0923090354 -0.2636895180 -0.1100055799 0.9925103784 -0.0531213693 0.2568109930 0.0800134242 0.9631437659
563.9 108.5 2458.6 0.4349714816 -0.3530444801 -0.8283473849 0.8048129678 0.5649966598 0.1818099022 0.4038265049 -0.7457468510 0.5298922062
469.9 -65.4 2371.4 -0.9350199699 -0.3530444801 0.0331246443 -0.2412837595 0.5649966598 -0.7890253067 0.2598457336 -0.7457468510 -0.6134670377
826.1 78.3 2528.6 0.6633947492 0.4833213985 0.5712336302 -0.5104028583 0.8505237103 -0.1268793494 -0.5471712351 -0.2073881626 0.8109215498
959.7 -24.4 2418.5 -0.6422057748 0.4833213985 0.5949555635 0.1834665537 0.8505237103 -0.4928990304 -0.7442525029 -0.2073881626 -0.6348845363
572.4 -288.5 2447.4 0.9748865366 0.0366320983 -0.2196685970 -0.0630223230 0.9914384484 -0.1143592894 0.2135986686 0.1253313571 0.9688486457
558.2 -673.3 2398.8 0.9737667441 -0.1039028689 -0.2024415135 0.1354779005 0.9795239568 0.1489245743 0.1828226298 -0.1724441499 0.9679043889
745.1 -305.0 2491.9 0.4668478668 0.1472434253 0.8719933629 -0.0192028508 0.9874966145 -0.1564662904 -0.8841291070 0.0563011952 0.4638381600
687.9 -688.4 2470.0 0.4712300897 -0.0038574133 0.8820018768 -0.1467702687 0.9857052565 0.0827264041 -0.8697130084 -0.1684348285 0.4639278352
715.3 -2.1 2303.2 0 0 0 0 0 0 0 0 0
801.4 20.8 2235.1 0 0 0 0 0 0 0 0 0
596.6 -1035.3 2462.5 0 0 0 0 0 0 0 0 0
689.4 -1055.8 2532.8 0 0 0 0 0 0 0 0 0
714.9 289.5 2510.7 2 0.9565751553 0.0991731659 -0.2740960717 -0.1174044386 0.9917795062 -0.0508881956 0.2667961121 0.0808584839 0.9603549838
695.3 94.0 2494.8 0.9565751553 0.0991731659 -0.2740960717 -0.1174044386 0.9917795062 -0.0508881956 0.2667961121 0.0808584839 0.9603549838
677.8 -98.6 2479.8 0.9574850202 0.0903084129 -0.2739833295 -0.1078743339 0.9929211140 -0.0497071594 0.2675548494 0.0771496296 0.9604490399
564.5 108.8 2458.3 0.4299277961 -0.3497204483 -0.8323807716 0.8086421490 0.5592061877 0.1827191561 0.4015718400 -0.7516542077 0.5232169628
471.3 -66.5 2371.2 -0.9357131720 -0.3497204483 0.0462220497 -0.2480774969 0.5592061877 -0.7910410762 0.2507956028 -0.7516542077 -0.6100143790
826.1 79.3 2531.3 0.6618100405 0.4717030823 0.5826693773 -0.5048075914 0.8550165892 -0.1188104823 -0.5542352796 -0.2155059576 0.8039779067
961.1 -23.7 2418.3 -0.6488982439 0.4717030823 0.5970153213 0.1711254269 0.8550165892 -0.4895535707 -0.7413819432 -0.2155059576 -0.6355391741
573.4 -281.7 2439.6 0.9727645516 0.0326093249 -0.2294902653 -0.0561957434 0.9936962724 -0.0970039368 0.2248803973 0.1072583646 0.9684649706
560.7 -667.4 2398.0 0.9742604494 -0.0704089552 -0.2141475677 0.1047347039 0.9825943112 0.1534242779 0.1996177435 -0.1719038934 0.9646770358
745.3 -301.5 2485.5 0.4748191237 0.1447489411 0.8680981994 -0.0325740464 0.9885963798 -0.1470242590 -0.8794803619 0.0415324643 0.4741195440
689.1 -685.2 2469.4 0.4776816368 0.0086017027 0.8784909248 -0.1604894251 0.9839798808 0.0776319355 -0.8637496233 -0.1780718565 0.4714096189
716.9 -1.4 2305.4 0 0 0 0 0 0 0 0 0
801.5 18.4 2235.9 0 0 0 0 0 0 0 0 0
586.8 -1032.1 2461.8 0 0 0 0 0 0 0 0 0
685.9 -1052.2 2535.8 0 0 0 0 0 0 0 0 0
718.1 289.5 2519.4 3 0.9534201622 0.0952410102 -0.2862153053 -0.1193698347 0.9905162454 -0.0680321380 0.2770214677 0.0990286842 0.9557470679
699.3 94.5 2499.9 0.9534201622 0.0952410102 -0.2862153053 -0.1193698347 0.9905162454 -0.0680321380 0.2770214677 0.0990286842 0.9557470679
681.7 -97.9 2482.3 0.9540438056 0.0908451676 -0.2855653763 -0.1127262861 0.9917451739 -0.0611088090 0.2776566446 0.0904912055 0.9564089775
569.0 109.9 2462.0 0.4408997595 -0.3326319158 -0.8336446285 0.7913533449 0.5823197365 0.1861816943 0.4235177338 -0.7417949438 0.5199739933
472.6 -63.1 2369.4 -0.9427404404 -0.3326319158 0.0244229045 -0.2256957293 0.5823197365 -0.7810027003 0.2455644906 -0.7417949438 -0.6240499616
829.7 79.1 2537.8 0.6364188194 0.4581708014 0.6205244660 -0.4989688694 0.8580209017 -0.1217791811 -0.5882186294 -0.2321198285 0.7746736407
960.1 -23.2 2417.2 -0.6488788128 0.4581708014 0.6074831486 0.1443885565 0.8580209017 -0.4929016531 -0.7470663786 -0.2321198285 -0.6229062080
574.6 -281.6 2440.9 0.9706162214 0.0034148900 -0.2406086475 -0.0217987765 0.9970358610 -0.0737856999 0.2396434695 0.0768625736 0.9678136110
573.3 -668.3 2411.1 0.9705535173 0.0423899516 -0.2371263653 -0.0232973620 0.9962981343 0.0827478319 0.2397562414 -0.0747867823 0.9679482579
746.1 -301.0 2488.8 0.4840883315 0.1495578438 0.8621432185 -0.0305504855 0.9875730872 -0.1541625112 -0.8744856715 0.0482893772 0.4826416671
688.0 -684.3 2470.1 0.4890931845 -0.0086084548 0.8721890450 -0.1559627801 0.9829728007 0.0971603692 -0.8581745028 -0.1835495085 0.4794226885
720.0 -3.8 2304.9 0 0 0 0 0 0 0 0 0
800.3 12.4 2233.2 0 0 0 0 0 0 0 0 0
557.6 -1035.1 2438.6 0 0 0 0 0 0 0 0 0
691.2 -1051.1 2538.5 0 0 0 0 0 0 0 0 0
715.1 287.9 2507.2 4 0.9549602866 0.0828427747 -0.2849349380 -0.0986517966 0.9942538142 -0.0415597036 0.2798547149 0.0677972138 0.9576454759
698.8 92.2 2493.8 0.9549602866 0.0828427747 -0.2849349380 -0.0986517966 0.9942538142 -0.0415597036 0.2798547149 0.0677972138 0.9576454759
682.8 -100.8 2481.2 0.9550713301 0.0822558179 -0.2847328186 -0.0973145142 0.9944843650 -0.0391250290 0.2799440622 0.0650758296 0.9578081369
568.3 105.5 2455.6 0.4869076312 -0.3443296552 -0.8027191758 0.7883477807 0.5689324141 0.2341444939 0.3760700524 -0.7468286157 0.5484690666
463.6 -64.1 2374.7 -0.9388484955 -0.3443296552 -0.0007765275 -0.2080021054 0.5689324141 -0.7956450582 0.2744059563 -0.7468286157 -0.6057626605
829.3 78.9 2532.0 0.6474329829 0.4493418336 0.6155667901 -0.5079336762 0.8565717936 -0.0910389200 -0.5681847334 -0.2537254989 0.7828086615
958.8 -22.8 2418.3 -0.6429263949 0.4493418336 0.6202721596 0.1128683984 0.8565717936 -0.5035329461 -0.7575660944 -0.2537254989 -0.6014291048
578.7 -280.3 2439.9 0.9702979922 0.0295562912 -0.2401005477 -0.0517984293 0.9948729873 -0.0868600979 0.2363022864 0.0967170075 0.9668542147
567.2 -666.1 2402.4 0.9732653499 -0.0220257882 -0.2286251634 0.0513065308 0.9910879731 0.1229321137 0.2238799632 -0.1313755214 0.9657216072
749.6 -300.5 2489.6 0.4864719510 0.1546451449 0.8599011302 -0.0326223485 0.9867393970 -0.1590003818 -0.8730869293 0.0492972285 0.4850659072
689.6 -683.6 2470.5 0.4871711433 0.0243082922 0.8729681373 -0.1548160762 0.9861838222 0.0589362606 -0.8594744205 -0.1638615429 0.4842036068
709.8 -9.5 2302.7 0 0 0 0 0 0 0 0 0
800.1 5.1 2231.2 0 0 0 0 0 0 0 0 0
575.4 -1032.2 2450.9 0 0 0 0 0 0 0 0 0
680.5 -1051.4 2531.6 0 0 0 0 0 0 0 0 0
717.5 289.0 2501.6 5 0.9563741088 0.0913796499 -0.2774856389 -0.1015805155 0.9945710301 -0.0225792583 0.2739158869 0.0497813523 0.9604644179
699.5 93.4 2491.8 0.9563741088 0.0913796499 -0.2774856389 -0.1015805155 0.9945710301 -0.0225792583 0.2739158869 0.0497813523 0.9604644179
682.6 -99.7 2482.1 0.9567471147 0.0870173052 -0.2776021957 -0.0974211618 0.9949567318 -0.0238793418 0.2741242647 0.0498908199 0.9603992701
568.8 106.7 2454.3 0.4683794379 -0.3409518898 -0.8150904775 0.8023326993 0.5504505038 0.2307952344 0.3699769080 -0.7620735168 0.5313766003
468.5 -65.0 2375.1 -0.9399812222 -0.3409518898 0.0136782527 -0.2114132345 0.5504505038 -0.8076562881 0.2678427398 -0.7620735168 -0.5894948840
830.2 80.1 2529.2 0.6069164872 0.5229184031 0.5985054374 -0.5768942237 0.8078354001 -0.1208099052 -0.5466676354 -0.2719528079 0.7919571996
939.8 -24.1 2430.5 -0.5832839608 0.5229184031 0.6215595007 0.1064789221 0.8078354001 -0.5797104239 -0.8052589893 -0.2719528079 -0.5268772244
581.3 -285.0 2443.5 0.9723908901 0.0127245700 -0.2330107987 -0.0292458050 0.9972847104 -0.0675862879 0.2315180898 0.0725348815 0.9701226950
576.4 -671.8 2415.4 0.9708172083 0.0687594637 -0.2297521681 -0.0578844957 0.9968752265 0.0537507161 0.2327301055 -0.0388830341 0.9717637300
752.4 -302.4 2493.6 0.4832214117 0.1646447629 0.8598774076 -0.0259000268 0.9844163060 -0.1739358902 -0.8751149774 0.0617786981 0.4799553454
688.5 -684.6 2469.6 0.4848374426 0.0180702955 0.8744176030 -0.1520502120 0.9863033891 0.0639246553 -0.8612858653 -0.1639484465 0.4809443951
715.1 -9.6 2304.9 0 0 0 0 0 0 0 0 0
798.5 1.7 2235.4 0 0 0 0 0 0 0 0 0
551.1 -1038.9 2429.7 0 0 0 0 0 0 0 0 0
681.8 -1052.6 2530.8 0 0 0 0 0 0 0 0 0
720.9 288.5 2505.8 6 0.9575818777 0.0985649899 -0.2707800865 -0.1095960215 0.9936391115 -0.0258849915 0.2665063441 0.0544634201 0.9622931480
701.5 93.4 2495.1 0.9575818777 0.0985649899 -0.2707800865 -0.1095960215 0.9936391115 -0.0258849915 0.2665063441 0.0544634201 0.9622931480
683.6 -99.6 2484.5 0.9581359029 0.0925196856 -0.2709533870 -0.1038328558 0.9942092896 -0.0276876241 0.2668227255 0.0546623692 0.9621942043
570.6 107.6 2458.6 0.4603391588 -0.3212067485 -0.8275953531 0.7983622551 0.5574611425 0.2277164906 0.3882082105 -0.7655476928 0.5130605102
472.0 -63.5 2375.5 -0.9469811320 -0.3212067485 0.0072774179 -0.1952863485 0.5574611425 -0.8069078922 0.2551273704 -0.7655476928 -0.5906324983
832.4 79.2 2531.5 0.5782020092 0.5524787903 0.6003745794 -0.5865229368 0.7929777503 -0.1648548245 -0.5671625137 -0.2568140924 0.7825428247
943.7 -33.7 2422.4 -0.5934108496 0.5524787903 0.5853466988 0.1578226686 0.7929777503 -0.5884541273 -0.7892753482 -0.2568140924 -0.5577552915
580.0 -284.0 2447.9 0.9735418558 0.0269856974 -0.2269096375 -0.0482517891 0.9948887825 -0.0887021273 0.2233561724 0.0973040313 0.9698680043
569.6 -669.9 2410.1 0.9758371711 -0.0014664386 -0.2184940130 0.0215658247 0.9957412481 0.0896342173 0.2174320519 -0.0921804085 0.9717129469
751.5 -301.5 2497.0 0.4780310094 0.1655317098 0.8626039624 -0.0170290768 0.9836430550 -0.1793217957 -0.8781778812 0.0710320324 0.4730307460
687.2 -683.3 2469.4 0.4829597175 -0.0135922963 0.8755370975 -0.1337310970 0.9870049953 0.0890909061 -0.8653703928 -0.1601138413 0.4748659134
720.4 -12.3 2308.5 0 0 0 0 0 0 0 0 0
802.5 3.9 2234.5 0 0 0 0 0 0 0 0 0
570.1 -1037.7 2444.2 0 0 0 0 0 0 0 0 0
692.3 -1051.5 2529.1 0 0 0 0 0 0 0 0 0
721.0 288.1 2508.9 7 0.9559594393 0.1016301587 -0.2753413618 -0.1137213111 0.9931104779 -0.0282666832 0.2705716491 0.0583339818 0.9609308839
701.0 93.2 2497.4 0.9559594393 0.1016301587 -0.2753413618 -0.1137213111 0.9931104779 -0.0282666832 0.2705716491 0.0583339818 0.9609308839
682.7 -99.7 2486.4 0.9566774368 0.0944715068 -0.2753967643 -0.1064460054 0.9939004779 -0.0288282745 0.2709935308 0.0568942465 0.9608982801
570.3 107.8 2460.4 0.4527151883 -0.2947929800 -0.8415141702 0.7999854088 0.5510926247 0.2373189926 0.3937922716 -0.7806369066 0.4853180647
473.9 -62.6 2376.5 -0.9555336237 -0.2947929800 0.0072486247 -0.1762056500 0.5510926247 -0.8156276941 0.2364466637 -0.7806369066 -0.5785317421
831.7 78.7 2534.4 0.5350335240 0.5985744596 0.5961944461 -0.6079849601 0.7627943754 -0.2202249616 -0.5865947604 -0.2446495146 0.7720447779
937.8 -41.8 2418.2 -0.5744056702 0.5985744596 0.5583607554 0.1958283484 0.7627943754 -0.6162759066 -0.7948014736 -0.2446495146 -0.5553712249
578.8 -283.4 2450.0 0.9721816778 0.0337822847 -0.2317790687 -0.0579045676 0.9934931993 -0.0980730876 0.2269577980 0.1087659225 0.9678120613
565.7 -669.2 2407.8 0.9748989344 -0.0354735553 -0.2198036462 0.0607318319 0.9921580553 0.1092430726 0.2142047137 -0.1198500395 0.9694082141
751.5 -301.8 2497.8 0.4820196033 0.1651433259 0.8604561687 -0.0163244065 0.9835982919 -0.1796326339 -0.8760083318 0.0725400150 0.4768095315
687.3 -683.7 2469.6 0.4877901673 -0.0191551354 0.8727506995 -0.1349499226 0.9860864282 0.0970676541 -0.8624669909 -0.1651262939 0.4784182608
724.6 -16.4 2314.5 0 0 0 0 0 0 0 0 0
803.0 4.1 2231.7 0 0 0 0 0 0 0 0 0
578.8 -1037.3 2452.2 0 0 0 0 0 0 0 0 0
694.5 -1051.7 2531.2 0 0 0 0 0 0 0 0 0
720.4 289.3 2502.4 8 0.9585356712 0.1000700071 -0.2668245435 -0.1069518328 0.9941994548 -0.0113468086 0.2641413212 0.0394136943 0.9636783004
700.8 94.4 2494.7 0.9585356712 0.1000700071 -0.2668245435 -0.1069518328 0.9941994548 -0.0113468086 0.2641413212 0.0394136943 0.9636783004
682.5 -98.7 2486.4 0.9589772820 0.0944949985 -0.2672699392 -0.1024377048 0.9946123362 -0.0158998203 0.2643275261 0.0426260866 0.9634904861
569.8 108.4 2458.6 0.4487500191 -0.2763710320 -0.8498485088 0.8085978031 0.5304942131 0.2544513047 0.3805167377 -0.8013706803 0.4615323246
475.2 -62.0 2378.4 -0.9608281255 -0.2763710320 0.0206966773 -0.1704770327 0.5304942131 -0.8303694725 0.2185106128 -0.8013706803 -0.5568286777
831.8 80.4 2530.8 0.4871736765 0.6573237181 0.5749672651 -0.6387411356 0.7171754837 -0.2786916494 -0.5955430865 -0.2314840406 0.7692487240
931.9 -50.9 2408.4 -0.5593332052 0.6573237181 0.5050464869 0.2584294081 0.7171754837 -0.6472043991 -0.7876297235 -0.2314840406 -0.5710118413
578.1 -283.2 2451.1 0.9738672972 0.0378137939 -0.2239477783 -0.0605679303 0.9935733080 -0.0956220701 0.2188927084 0.1066872627 0.9698988795
563.5 -669.0 2409.7 0.9756158590 -0.0562555231 -0.2121531814 0.0792438611 0.9916789532 0.1014557108 0.2046803981 -0.1157936379 0.9719556570
750.1 -302.1 2499.6 0.4771346152 0.1574986279 0.8646020889 -0.0126971789 0.9849428535 -0.1724132895 -0.8787384629 0.0712863430 0.4719501436
688.9 -684.5 2471.9 0.4817212820 -0.0060862894 0.8763033748 -0.1378672123 0.9869968295 0.0826434344 -0.8654115796 -0.1606246084 0.4746182561
727.2 -17.3 2321.1 0 0 0 0 0 0 0 0 0
795.6 12.1 2216.4 0 0 0 0 0 0 0 0 0
584.4 -1037.9 2452.8 0 0 0 0 0 0 0 0 0
691.2 -1052.9 2531.9 0 0 0 0 0 0 0 0 0
723.1 289.8 2498.7 9 0.9638523459 0.1044187993 -0.2451232076 -0.1076083705 0.9941933155 0.0003830498 0.2437398434 0.0260081049 0.9694918394
702.5 94.3 2493.6 0.9638523459 0.1044187993 -0.2451232076 -0.1076083705 0.9941933155 0.0003830498 0.2437398434 0.0260081049 0.9694918394
683.4 -98.7 2487.5 0.9642724991 0.0987746343 -0.2458091676 -0.1034960598 0.9946097136 -0.0063308827 0.2438588440 0.0315449759 0.9692975879
570.8 108.5 2460.3 0.4503301680 -0.2774413824 -0.8486630917 0.8065657616 0.5340825915 0.2533918321 0.3829548061 -0.7986125946 0.4642882347
475.7 -61.8 2379.4 -0.9606835246 -0.2774413824 0.0106532862 -0.1634391993 0.5340825915 -0.8294838071 0.2244433910 -0.7986125946 -0.5584291220
834.2 80.2 2526.9 0.5151096582 0.6511244774 0.5574037433 -0.6618667841 0.7153700590 -0.2240044922 -0.5446047783 -0.2535401583 0.7994517088
938.9 -54.3 2416.2 -0.5663983822 0.6511244774 0.5052027106 0.2356382310 0.7153700590 -0.6578148007 -0.7897261977 -0.2535401583 -0.5586142540
578.0 -282.6 2454.5 0.9780914187 0.0439780168 -0.2034776211 -0.0665636808 0.9921869040 -0.1055199653 0.1972472668 0.1167523935 0.9733768106
560.9 -667.8 2409.2 0.9762058854 -0.1032303497 -0.1906975657 0.1227532104 0.9880186915 0.0935454592 0.1787560284 -0.1147283688 0.9771814942
750.0 -300.9 2501.8 0.4583356380 0.1581946164 0.8745872974 -0.0165717453 0.9853821397 -0.1695505381 -0.8886246681 0.0632176176 0.4542573392
688.6 -683.5 2477.3 0.4620161057 -0.0182032008 0.8866847157 -0.1089701653 0.9910485148 0.0771257505 -0.8801514506 -0.1322555244 0.4558967650
727.8 -18.9 2320.5 0 0 0 0 0 0 0 0 0
798.0 4.3 2219.8 0 0 0 0 0 0 0 0 0
599.3 -1035.6 2451.9 0 0 0 0 0 0 0 0 0
695.4 -1053.2 2526.6 0 0 0 0 0 0 0 0 0
724.1 289.9 2505.3 0 0.9609416723 0.1062158495 -0.2555569112 -0.1143831685 0.9932866096 -0.0172672458 0.2520072162 0.0458242260 0.9666398168
703.3 94.6 2496.3 0.9609416723 0.1062158495 -0.2555569112 -0.1143831685 0.9932866096 -0.0172672458 0.2520072162 0.0458242260 0.9666398168
684.1 -98.3 2487.0 0.9616174102 0.0987977982 -0.2559902072 -0.1078330949 0.9939371943 -0.0214671269 0.2523172796 0.0482473783 0.9664409757
571.9 109.4 2461.9 0.4515235722 -0.2916679978 -0.8432415128 0.8125991225 0.5247520804 0.2536097765 0.3685228825 -0.7997280955 0.4739470780
476.5 -62.4 2384.0 -0.9565159678 -0.2916679978 -0.0026545718 -0.1576897651 0.5247520804 -0.8365221024 0.2453797013 -0.7997280955 -0.5479267836
834.6 79.9 2530.8 0.5181703568 0.6438149214 0.5630291700 -0.6524755359 0.7231823802 -0.2264573425 -0.5529693365 -0.2500192821 0.7948051691
938.4 -50.8 2420.0 -0.5562112927 0.6438149214 0.5254820585 0.2179134935 0.7231823802 -0.6553785205 -0.8019617796 -0.2500192821 -0.5425381064
577.7 -282.5 2459.5 0.9767004848 0.0240958799 -0.2132499814 -0.0477060527 0.9931918979 -0.1062728912 0.2092374265 0.1139701009 0.9712005258
