313.6 349.9 2849.2 92 0.8932953477 -0.1808047891 0.4115009308 0.2971083820 0.9245111346 -0.2387588918 -0.3372684121 0.3355425894 0.8795801401
365.8 83.0 2752.3 0.8932953477 -0.1808047891 0.4115009308 0.2971083820 0.9245111346 -0.2387588918 -0.3372684121 0.3355425894 0.8795801401
369.3 -115.3 2752.3 0.9222255945 -0.0175445527 0.3862539530 0.0164313447 0.9998458624 0.0061836061 -0.3863029182 0.0006439914 0.9223717451
231.3 80.5 2808.7 0.2961680591 -0.4946114421 0.8170948625 0.6305086613 0.7438378930 0.2217297256 -0.7174561620 0.4495161176 0.5321577787
131.4 -132.2 3050.7 0.4013613760 -0.5565291643 0.7274505496 0.7624717355 0.6430810690 0.0712992325 -0.5074898005 0.5260437131 0.6824456453
500.3 85.4 2695.9 -0.5444444418 0.8370498419 0.0541089140 0.3716637194 0.2985659242 -0.8790474534 -0.7519616485 -0.4584822059 -0.4736536145
348.1 189.3 2485.7 0.1774123460 0.8370498419 -0.5175638795 0.6445882916 0.2985659242 0.7038212419 0.7436603904 -0.4584822059 -0.4865832627
278.8 -301.6 2775.9 0.9496846795 -0.2169305086 0.2259207368 0.2193074524 0.9755429626 0.0148375602 -0.2236140966 0.0354550965 0.9740327001
365.0 -688.8 2761.8 0.9620862603 0.0136377532 0.2724041045 0.0501926541 0.9728387594 -0.2259767503 -0.2680870891 0.2310818285 0.9352703094
446.4 -302.7 2702.4 0.9185559154 0.0008543388 -0.3952901065 -0.0663211122 0.9861555696 -0.1519824117 0.3896876872 0.1658204198 0.9058957100
446.1 -694.4 2636.6 0.8727312684 -0.2950996757 -0.3889169097 0.3300777376 0.9436306953 0.0246943031 0.3597066700 -0.1499242932 0.9209418297
19.0 -345.7 3192.8 0 0 0 0 0 0 0 0 0
392.6 351.0 2672.1 0 0 0 0 0 0 0 0 0
361.4 -942.7 2701.5 0 0 0 0 0 0 0 0 0
524.5 -945.1 2676.4 0 0 0 0 0 0 0 0 0
312.6 349.2 2856.0 93 0.8477616906 -0.1435384452 0.5105847716 0.2971121967 0.9259777069 -0.2330013961 -0.4393454194 0.3492306173 0.8276554346
354.6 78.4 2753.8 0.8477616906 -0.1435384452 0.5105847716 0.2971121967 0.9259777069 -0.2330013961 -0.4393454194 0.3492306173 0.8276554346
361.3 -119.9 2750.4 0.8717290163 -0.0350481011 0.4887332022 0.0387365706 0.9992461801 0.0025655853 -0.4884546995 0.0166953541 0.8724294901
228.2 72.7 2824.7 0.2011383325 -0.4538053274 0.8681037426 0.6470590830 0.7268998623 0.2300677150 -0.7354304790 0.5154389739 0.4398462772
160.6 -144.7 3071.7 0.3267420530 -0.5049568415 0.7989106178 0.7782930732 0.6233252287 0.0756671354 -0.5361897945 0.5970630050 0.5966709852
480.9 84.1 2683.0 -0.5319228768 0.8460240364 0.0360747017 0.4267548323 0.3046236932 -0.8515190482 -0.7313947678 -0.4375474453 -0.5230811834
340.3 196.9 2489.6 0.1686898172 0.8460240364 -0.5057539940 0.6255794168 0.3046236932 0.7182303071 0.7617047429 -0.4375474453 -0.4778682888
288.3 -315.0 2787.7 0.9195093513 -0.2078282386 0.3336314261 0.2154085189 0.9764155149 0.0145567078 -0.3287881911 0.0584820211 0.9425911903
370.9 -702.8 2764.5 0.9252882600 0.0338273458 0.3777529895 0.0680311471 0.9650559425 -0.2530587614 -0.3731130958 0.2598512769 0.8906536698
456.3 -311.8 2715.7 0.9571902752 0.0381348878 -0.2869363427 -0.0939236730 0.9785664678 -0.1832647175 0.2737975121 0.2023693174 0.9402561188
441.2 -699.9 2635.4 0.9091503620 -0.3179746866 -0.2689567804 0.3455711603 0.9364036322 0.0610636212 0.2324354351 -0.1484597176 0.9612146020
69.4 -362.0 3221.5 0 0 0 0 0 0 0 0 0
384.0 359.0 2686.9 0 0 0 0 0 0 0 0 0
362.5 -940.9 2700.4 0 0 0 0 0 0 0 0 0
526.7 -951.7 2675.4 0 0 0 0 0 0 0 0 0
308.6 350.5 2859.9 94 0.8397483826 -0.1398911029 0.5246456861 0.2926742733 0.9304763079 -0.2203532755 -0.4573449194 0.3385916054 0.8223085403
351.5 64.8 2755.9 0.8397483826 -0.1398911029 0.5246456861 0.2926742733 0.9304763079 -0.2203532755 -0.4573449194 0.3385916054 0.8223085403
358.2 -133.6 2754.5 0.8631702065 -0.0343163833 0.5037455559 0.0332087725 0.9993859529 0.0111772493 -0.5038198233 0.0070809033 0.8637797832
225.9 60.0 2829.3 0.1885376573 -0.4442771971 0.8758260608 0.6383140087 0.7331846356 0.2345111519 -0.7463302016 0.5148379207 0.4218212962
162.4 -155.0 3080.6 0.3179602921 -0.4940086305 0.8092321754 0.7716608047 0.6307456493 0.0818508118 -0.5508546829 0.5984274745 0.5817591548
477.1 69.7 2682.6 -0.5391146541 0.8419296145 0.0225796495 0.4653728306 0.3201240897 -0.8251961470 -0.7019853592 -0.4343673885 -0.5643947721
330.6 196.2 2491.9 0.1662259996 0.8419296145 -0.5133453012 0.6119737625 0.3201240897 0.7231934071 0.7732121348 -0.4343673885 -0.4620259106
288.7 -321.8 2791.5 0.9120614529 -0.2043470740 0.3555083573 0.2196508348 0.9755746722 -0.0027544315 -0.3462620974 0.0805999190 0.9346690178
369.9 -709.2 2759.4 0.9187053442 0.0326324888 0.3935931921 0.0649615601 0.9705214500 -0.2320951223 -0.3895644844 0.2387954593 0.8895033598
447.0 -314.6 2701.9 0.9624251127 0.0217651986 -0.2706736326 -0.0706356913 0.9825349450 -0.1721501052 0.2621994019 0.1848007888 0.9471536875
438.4 -704.5 2628.5 0.9067310095 -0.3337602019 -0.2577655017 0.3611637354 0.9301595688 0.0660604313 0.2177147120 -0.1529945880 0.9639465809
73.5 -370.8 3234.7 0 0 0 0 0 0 0 0 0
374.7 358.3 2696.8 0 0 0 0 0 0 0 0 0
362.0 -943.3 2701.9 0 0 0 0 0 0 0 0 0
525.8 -948.3 2668.6 0 0 0 0 0 0 0 0 0
304.0 349.4 2861.3 95 0.7703651786 -0.1492450386 0.6198897958 0.3249461055 0.9283854365 -0.1803066283 -0.5485868454 0.3403327465 0.7636924386
348.7 71.2 2759.3 0.7703651786 -0.1492450386 0.6198897958 0.3249461055 0.9283854365 -0.1803066283 -0.5485868454 0.3403327465 0.7636924386
361.1 -126.9 2756.5 0.7997609973 -0.0627685040 0.5970280170 0.0578588955 0.9979483485 0.0274131726 -0.5975238085 0.0126193976 0.8017518520
232.9 62.9 2845.9 0.0843124539 -0.4052262306 0.9103203416 0.6438558102 0.7193987966 0.2606051862 -0.7604873776 0.5641428232 0.3215615451
204.6 -153.0 3101.0 0.2305991799 -0.4423191249 0.8667051196 0.7813821435 0.6149913669 0.1059603244 -0.5798844695 0.6527935266 0.4874367714
464.5 79.5 2672.7 -0.5647679567 0.8238494992 0.0480535366 0.4231842160 0.3391092718 -0.8401904702 -0.7084859014 -0.4541771710 -0.5401581526
318.9 188.6 2490.1 0.1782787293 0.8238494992 -0.5380415320 0.6055914164 0.3391092718 0.7199054956 0.7755486965 -0.4541771710 -0.4384602010
286.1 -335.1 2799.0 0.8616161346 -0.2166707665 0.4589895904 0.2410689741 0.9704918265 0.0055955555 -0.4466580749 0.1058269292 0.8884240389
372.2 -720.5 2757.0 0.8672848940 0.0394427478 0.4962471426 0.0789497718 0.9733418822 -0.2153427452 -0.4915118515 0.2259421051 0.8410506845
443.6 -329.0 2706.7 0.6390728354 0.0445564464 0.7678545713 0.1371642351 0.9757156372 -0.1707776040 -0.7568169236 0.2144615054 0.6174418330
425.9 -716.2 2621.5 0.6390728354 -0.3824754953 0.6673068404 0.1371642351 0.9103599787 0.3904237747 -0.7568169236 -0.1579785943 0.6342482567
140.3 -370.9 3262.7 0 0 0 0 0 0 0 0 0
365.6 347.4 2693.4 0 0 0 0 0 0 0 0 0
363.0 -947.0 2704.4 0 0 0 0 0 0 0 0 0
522.6 -946.2 2661.5 0 0 0 0 0 0 0 0 0
298.5 349.9 2873.5 96 0.6642038226 -0.1345562935 0.7353420258 0.3097123504 0.9448058605 -0.1068653017 -0.6803760529 0.2987248302 0.6692174077
332.2 113.4 2798.8 0.6642038226 -0.1345562935 0.7353420258 0.3097123504 0.9448058605 -0.1068653017 -0.6803760529 0.2987248302 0.6692174077
349.0 -82.0 2775.6 0.6833477020 -0.0940403119 0.7240112424 0.1477684826 0.9889606237 -0.0110151423 -0.7149828076 0.1145132184 0.6897001863
234.5 91.6 2900.7 -0.0657997429 -0.3271058202 0.9426941276 0.7130155563 0.6454994678 0.2737503946 -0.6980538964 0.6901682615 0.1907578409
256.3 -144.6 3132.0 0.1055129096 -0.3456552923 0.9324105382 0.8411705494 0.5311198831 0.1017041653 -0.5303763747 0.7735852003 0.3467950523
430.0 135.2 2696.9 -0.5206030607 0.8350352049 0.1780131459 0.1296921819 0.2834177911 -0.9501864314 -0.8438912034 -0.4715830386 -0.2558456957
298.9 167.9 2484.4 0.2027886659 0.8350352049 -0.5114616156 0.6382343173 0.2834177911 0.7157732248 0.7426531315 -0.4715830386 -0.4754742086
299.6 -318.3 2809.3 0.7836763263 -0.1861231625 0.5926293731 0.2281031460 0.9736281633 0.0041437428 -0.5777719021 0.1319332719 0.8054646254
375.7 -716.6 2755.3 0.7843388915 0.0489628613 0.6183972955 0.0957877040 0.9753645062 -0.1987179816 -0.6128925085 0.2150970995 0.7603262067
435.0 -291.4 2695.3 0.5908568501 0.0631103590 0.8043042421 0.1317007393 0.9760175943 -0.1733337939 -0.7959542274 0.2083429247 0.5683749914
408.3 -703.8 2607.2 0.5908568501 -0.4124993980 0.6933487058 0.1317007393 0.8971940279 0.4215421379 -0.7959542274 -0.1577565223 0.5844396949
227.1 -377.3 3278.7 0 0 0 0 0 0 0 0 0
347.2 319.8 2661.2 0 0 0 0 0 0 0 0 0
364.1 -946.8 2704.5 0 0 0 0 0 0 0 0 0
519.7 -946.0 2649.8 0 0 0 0 0 0 0 0 0
296.1 352.8 2879.2 97 0.6761385202 -0.1182715595 0.7272197604 0.2757775187 0.9559065700 -0.1009423137 -0.6832155585 0.2688018382 0.6789419055
323.0 135.5 2818.1 0.6761385202 -0.1182715595 0.7272197604 0.2757775187 0.9559065700 -0.1009423137 -0.6832155585 0.2688018382 0.6789419055
339.9 -58.7 2784.6 0.6860953569 -0.0896646455 0.7219649553 0.1829949915 0.9817389250 -0.0519758388 -0.7041206956 0.1677763462 0.6899747252
223.8 108.7 2919.5 -0.0621166229 -0.3261968791 0.9432587624 0.7476088405 0.6109181643 0.2604995966 -0.6612280607 0.7213699818 0.2059195042
244.6 -141.0 3140.4 0.1091417894 -0.3450925946 0.9322012663 0.8659679890 0.4934495091 0.0812833756 -0.4880445302 0.7983850837 0.3526951075
422.2 162.3 2716.6 -0.5016379952 0.8324926496 0.2351920158 -0.0026344676 0.2704024911 -0.9627437592 -0.8650736213 -0.4835684299 -0.1334509850
286.6 161.6 2482.7 0.2282651514 0.8324926496 -0.5048276782 0.6278893948 0.2704024911 0.7298201323 0.7440765500 -0.4835684299 -0.4609898627
303.9 -285.1 2817.0 0.7911610603 -0.2047338486 0.5763230324 0.2314516306 0.9724512696 0.0277243610 -0.5661221743 0.1114564687 0.8167515397
386.4 -677.1 2772.1 0.7884027362 0.0763016194 0.6104090214 0.0930038244 0.9660872817 -0.2408852130 -0.6080883145 0.2466849387 0.7545695305
421.6 -249.6 2686.4 0.6310836673 0.1432610303 0.7623710632 0.1148632690 0.9547060728 -0.2744864225 -0.7671635151 0.2607923448 0.5860439539
363.2 -639.0 2580.1 0.6310836673 -0.4120046198 0.6572561264 0.1148632690 0.8875831366 0.4460970461 -0.7671635151 -0.2060299814 0.6074634194
214.2 -381.9 3276.2 0 0 0 0 0 0 0 0 0
339.3 306.6 2654.5 0 0 0 0 0 0 0 0 0
365.2 -946.5 2703.3 0 0 0 0 0 0 0 0 0
497.4 -928.1 2647.2 0 0 0 0 0 0 0 0 0
291.1 352.1 2881.0 98 0.7558904290 -0.1950344145 0.6249729991 0.3336809874 0.9360734820 -0.1114603505 -0.5632820725 0.2927934229 0.7726482749
336.7 133.3 2812.5 0.7558904290 -0.1950344145 0.6249729991 0.3336809874 0.9360734820 -0.1114603505 -0.5632820725 0.2927934229 0.7726482749
341.2 -61.4 2777.5 0.7795709372 -0.0246140659 0.6258300543 0.1265899092 0.9847967029 -0.1189555526 -0.6133874059 0.1719580740 0.7708348036
224.6 115.4 2900.7 0.0828660876 -0.3575246036 0.9302200675 0.7542027235 0.6326264739 0.1759601980 -0.6513919830 0.6869933605 0.3220693171
197.0 -135.3 3117.2 0.2405304611 -0.3959372938 0.8862159848 0.8568685651 0.5155301094 -0.0022402962 -0.4559839964 0.7599094510 0.4632669091
448.8 151.2 2724.3 -0.5644599199 0.7849290967 0.2554825246 0.0515360273 0.3424098194 -0.9381362200 -0.8238500953 -0.5163737535 -0.2337287515
287.3 165.9 2488.6 0.2422473282 0.7849290967 -0.5702653527 0.5974733829 0.3424098194 0.7251076102 0.7644225359 -0.5163737535 -0.3860263824
294.3 -266.8 2815.1 0.8730592132 -0.0908178538 0.4790821671 0.1458264291 0.9861665964 -0.0788039565 -0.4652980268 0.1386633515 0.8742254972
330.4 -658.8 2760.0 0.8696010709 -0.1095050946 0.4814588130 0.1821415126 0.9774702191 -0.1066601798 -0.4589318037 0.1804454476 0.8699545860
416.3 -229.1 2686.3 0.6827043891 0.2018942833 0.7022488713 0.0992816165 0.9265271425 -0.3628920317 -0.7239184380 0.3174683750 0.6124997139
335.3 -600.7 2559.0 0.6827043891 -0.3872166276 0.6196596026 0.0992816165 0.8893340230 0.4463497996 -0.7239184380 -0.2432041466 0.6455957294
130.5 -372.4 3243.4 0 0 0 0 0 0 0 0 0
346.4 311.4 2674.8 0 0 0 0 0 0 0 0 0
363.7 -956.5 2705.0 0 0 0 0 0 0 0 0 0
472.3 -915.3 2645.0 0 0 0 0 0 0 0 0 0
286.1 352.9 2883.9 99 0.8012466431 -0.2106640637 0.5600218773 0.3613904119 0.9163467288 -0.1723531187 -0.4768656194 0.3404839039 0.8103517294
341.9 109.8 2793.5 0.8012466431 -0.2106640637 0.5600218773 0.3613904119 0.9163467288 -0.1723531187 -0.4768656194 0.3404839039 0.8103517294
339.4 -85.8 2761.7 0.8309302330 0.0114065185 0.5562596917 0.0777578652 0.9875968099 -0.1364046335 -0.5509161949 0.1565963030 0.8197371364
222.0 98.8 2873.0 0.1721164584 -0.3781715930 0.9095945358 0.7371688485 0.6619387865 0.1357171386 -0.6534202695 0.6471655369 0.3927068710
164.6 -147.1 3091.0 0.3189625442 -0.4279904962 0.8456282020 0.8353063464 0.5485072136 -0.0374580212 -0.4478014708 0.7183063030 0.5324564576
461.9 120.8 2714.1 -0.6173087358 0.7610377073 0.1993778944 0.1831256896 0.3854682148 -0.9043667912 -0.7651110291 -0.5217623115 -0.3773184419
287.2 172.6 2497.6 0.2417447567 0.7610377073 -0.6019809842 0.5778546333 0.3854682148 0.7193735242 0.7795149088 -0.5217623115 -0.3465842605
271.0 -287.9 2788.4 0.9132398367 -0.0638392866 0.4023898244 0.0956780612 0.9936321378 -0.0595051162 -0.3960286975 0.0928423181 0.9135324955
295.7 -672.2 2752.4 0.8975784779 -0.1829578429 0.4010975659 0.2169181705 0.9753483534 -0.0405224487 -0.3837959468 0.1233774275 0.9151386023
414.6 -242.5 2686.2 0.6971169114 0.2229260951 0.6814191341 0.0822950006 0.9192696214 -0.3849296570 -0.7122187614 0.3244183660 0.6224926710
325.9 -608.4 2557.1 0.6971169114 -0.3452981114 0.6283289194 0.0822950006 0.9091277122 0.4083066285 -0.7122187614 -0.2329291105 0.6621845961
76.0 -379.0 3215.3 0 0 0 0 0 0 0 0 0
348.4 318.9 2694.9 0 0 0 0 0 0 0 0 0
354.4 -985.4 2712.8 0 0 0 0 0 0 0 0 0
452.8 -942.5 2642.7 0 0 0 0 0 0 0 0 0
282.0 352.8 2884.8 00 0.7395811677 -0.1774879098 0.6492439508 0.3699258268 0.9130396843 -0.1717946678 -0.5622940660 0.3672282100 0.7409242988
332.4 93.3 2780.4 0.7395811677 -0.1774879098 0.6492439508 0.3699258268 0.9130396843 -0.1717946678 -0.5622940660 0.3672282100 0.7409242988
335.3 -103.8 2762.0 0.7696492672 -0.0116182901 0.6383611560 0.0664071068 0.9958682656 -0.0619396940 -0.6350039840 0.0900635570 0.7672408223
221.3 84.3 2872.1 0.0761085749 -0.3386859000 0.9378162622 0.6956686974 0.6918402314 0.1933962852 -0.7143196464 0.6376903057 0.2882681489
195.9 -147.5 3110.2 0.2383062094 -0.3763268888 0.8953145742 0.8123913407 0.5824122429 0.0285703801 -0.5321939588 0.7205373645 0.4445171654
443.6 102.2 2688.7 -0.6432669163 0.7541733980 0.1320230961 0.2788420916 0.3913569152 -0.8769759536 -0.7130601406 -0.5273160338 -0.4620422721
274.4 175.6 2501.1 0.3310350180 0.7541733980 -0.5671316385 0.4669336677 0.3913569152 0.7929770947 0.8199931383 -0.5273160338 -0.2225961238
273.0 -306.3 2805.4 0.8652048707 -0.1065116525 0.4899752736 0.1045376211 0.9940223098 0.0314883217 -0.4904002249 0.0239770003 0.8711674213
313.6 -684.8 2796.2 0.8323479891 -0.2651430666 0.4867195785 0.2709626257 0.9607194066 0.0599788427 -0.4835039079 0.0819595456 0.8714967370
411.4 -273.2 2679.6 0.6887827516 0.2215089351 0.6902986169 0.0631013736 0.9302466512 -0.3614683449 -0.7222164273 0.2925319374 0.6267603040
323.3 -643.0 2563.3 0.6887827516 -0.3153801262 0.6527738571 0.0631013736 0.9230810404 0.3793936968 -0.7222164273 -0.2201288939 0.6557031870
129.9 -372.6 3257.6 0 0 0 0 0 0 0 0 0
358.6 294.3 2709.7 0 0 0 0 0 0 0 0 0
400.9 -1001.1 2769.2 0 0 0 0 0 0 0 0 0
441.5 -988.8 2645.8 0 0 0 0 0 0 0 0 0
275.4 351.4 2885.8 01 0.5995351672 -0.1715145111 0.7817546725 0.3546696007 0.9325593114 -0.0673989654 -0.7174726725 0.3176726401 0.6199330688
317.1 124.8 2808.6 0.5995351672 -0.1715145111 0.7817546725 0.3546696007 0.9325593114 -0.0673989654 -0.7174726725 0.3176726401 0.6199330688
329.1 -69.7 2775.9 0.6230217218 -0.0672421381 0.7793089151 0.1660424918 0.9849615097 -0.0477566198 -0.7643780708 0.1591518074 0.6248174906
228.8 101.4 2917.0 -0.1151161343 -0.2564124167 0.9596879482 0.7414973974 0.6206985712 0.2547839880 -0.6610067487 0.7409358621 0.1186767146
266.7 -142.3 3134.2 0.0713168532 -0.2695055604 0.9603544474 0.8615918756 0.5017542243 0.0768253133 -0.5025666952 0.8219546676 0.2679873407
405.3 148.2 2700.2 -0.5954601765 0.7916437984 0.1368474662 0.1100597680 0.2491155714 -0.9621996880 -0.7958102822 -0.5578902364 -0.2354665399
256.1 175.8 2500.9 0.4435384274 0.7916437984 -0.4202067852 0.3936744332 0.2491155714 0.8848513365 0.8051671386 -0.5578902364 -0.2011575848
288.2 -278.8 2813.3 0.7426471114 -0.1695674658 0.6478596926 0.2008446604 0.9792758822 0.0260806810 -0.6388557553 0.1107504070 0.7613130808
352.1 -647.8 2771.6 0.6927666068 -0.3279443383 0.6422826052 0.3839291334 0.9216340184 0.0564726293 -0.6104694009 0.2074686438 0.7643846273
402.3 -262.4 2677.8 0.7328305244 0.2031058669 0.6493900418 0.0493907407 0.9360111952 -0.3484876454 -0.6786162257 0.2874562442 0.6759060025
316.3 -658.8 2556.1 0.7328305244 -0.2749815881 0.6223700643 0.0493907407 0.9337825179 0.3544160724 -0.6786162257 -0.2289876044 0.6978859305
247.1 -378.7 3272.1 0 0 0 0 0 0 0 0 0
369.4 276.3 2706.5 0 0 0 0 0 0 0 0 0
460.7 -953.1 2702.8 0 0 0 0 0 0 0 0 0
420.2 -1011.8 2642.6 0 0 0 0 0 0 0 0 0
270.3 350.8 2885.3 02 0.4847046435 -0.1514234543 0.8614710569 0.3221314251 0.9465782642 -0.0148634827 -0.8131991029 0.2847113013 0.5075891614
304.0 140.4 2822.0 0.4847046435 -0.1514234543 0.8614710569 0.3221314251 0.9465782642 -0.0148634827 -0.8131991029 0.2847113013 0.5075891614
321.6 -52.4 2781.9 0.4981936514 -0.0956823230 0.8617702723 0.2171830088 0.9759795070 -0.0171915963 -0.8394252062 0.1957266033 0.5070073605
233.3 109.7 2941.3 -0.2486283630 -0.1805395484 0.9516246319 0.7475038767 0.5890327096 0.3070479333 -0.6159723401 0.7876839042 -0.0114962244
315.4 -136.9 3144.5 -0.0483770147 -0.1754118204 0.9833058119 0.8744235635 0.4683621824 0.1265712678 -0.4827453494 0.8659489155 0.1307262629
374.6 171.0 2702.7 -0.7076869011 0.6898909211 0.1524133235 0.0933927372 0.3051727414 -0.9477064013 -0.7003264427 -0.6564450860 -0.2803975344
197.4 194.4 2527.3 0.5323238373 0.6898909211 -0.4905933738 0.4006757140 0.3051727414 0.8639031053 0.7457146049 -0.6564450860 -0.1139718145
296.3 -264.9 2818.2 0.6323431134 -0.2074884623 0.7463850975 0.2565839887 0.9651790857 0.0509313419 -0.7309629321 0.1593043953 0.6635625362
374.4 -628.1 2758.3 0.5725353360 -0.3558742702 0.7386181355 0.4447218776 0.8916379809 0.0848774537 -0.6887856722 0.2798843086 0.6687593460
393.8 -233.0 2671.0 0.6856530905 0.2422242314 0.6864453554 0.0314253010 0.9322832823 -0.3603614569 -0.7272498012 0.2686547041 0.6316109300
294.5 -615.3 2560.8 0.6856530905 -0.2333658785 0.6895072460 0.0314253010 0.9558247924 0.2922522724 -0.7272498012 -0.1787156910 0.6626978517
328.7 -377.7 3277.4 0 0 0 0 0 0 0 0 0
333.3 296.7 2717.7 0 0 0 0 0 0 0 0 0
493.5 -926.4 2664.6 0 0 0 0 0 0 0 0 0
383.0 -977.7 2628.6 0 0 0 0 0 0 0 0 0
260.1 350.0 2884.5 03 0.3973638713 -0.1538456678 0.9046730995 0.2987582386 0.9538258910 0.0309794303 -0.8676666617 0.2579684258 0.4249785841
292.7 147.7 2829.8 0.3973638713 -0.1538456678 0.9046730995 0.2987582386 0.9538258910 0.0309794303 -0.8676666617 0.2579684258 0.4249785841
313.9 -44.2 2786.7 0.4058477283 -0.1114726439 0.9071171284 0.2371978015 0.9713710546 0.0132453823 -0.8826238513 0.2097905874 0.4206697941
234.7 114.3 2955.7 -0.3354606926 -0.1249805391 0.9337269068 0.7373906970 0.5820019841 0.3428245485 -0.5862773061 0.8035257459 -0.1030792892
346.2 -130.8 3150.6 -0.1284563988 -0.1077717543 0.9858418703 0.8712810874 0.4625392258 0.1640935540 -0.4736751616 0.8800242543 0.0344833769
350.8 181.2 2704.0 -0.7754631639 0.6111428738 0.1586230695 0.0689893514 0.3317367733 -0.9408459663 -0.6276124120 -0.7186480761 -0.2994120121
156.6 198.4 2546.8 0.5875633955 0.6111428738 -0.5303524137 0.4182173312 0.3317367733 0.8456033468 0.6927218437 -0.7186480761 -0.0606741533
299.5 -258.1 2824.5 0.5482887030 -0.2303929329 0.8039270043 0.2817438841 0.9559946656 0.0818201602 -0.7874007225 0.1816404313 0.5890728831
386.3 -618.1 2756.1 0.4829139113 -0.3682448566 0.7944746017 0.4714201093 0.8739091754 0.1185150966 -0.7379412055 0.3172987103 0.5956209302
382.2 -217.9 2665.0 0.6280298829 0.3506329358 0.6947193742 0.0145983323 0.8872728348 -0.4610138834 -0.7780522704 0.2996722460 0.5521152020
241.8 -573.4 2545.0 0.6280298829 -0.3078067303 0.7147261500 0.0145983323 0.9229462147 0.3846520483 -0.7780522704 -0.2311391681 0.5841312408
381.8 -372.1 3281.8 0 0 0 0 0 0 0 0 0
306.6 305.2 2723.6 0 0 0 0 0 0 0 0 0
510.4 -912.7 2649.1 0 0 0 0 0 0 0 0 0
372.8 -966.3 2643.4 0 0 0 0 0 0 0 0 0
253.0 349.3 2885.6 04 0.2641917467 -0.1578020155 0.9514731765 0.2820860744 0.9560284019 0.0802317858 -0.9222961664 0.2472007722 0.2970885634
285.6 152.0 2834.6 0.2641917467 -0.1578020155 0.9514731765 0.2820860744 0.9560284019 0.0802317858 -0.9222961664 0.2472007722 0.2970885634
308.2 -39.7 2790.3 0.2699515522 -0.1193149015 0.9554528594 0.2420784086 0.9688304663 0.0525891632 -0.9319464564 0.2170979828 0.2904208302
246.7 118.0 2967.4 -0.4422380328 -0.0345249623 0.8962329626 0.7179600000 0.5852712989 0.3768168390 -0.5375490189 0.8101021647 -0.2340416908
393.9 -120.9 3146.3 -0.2278031707 -0.0021789311 0.9737047553 0.8603797555 0.4677674770 0.2023369670 -0.4559082985 0.8838489056 -0.1046842039
324.5 186.0 2701.8 -0.8570861220 0.4921303391 0.1523519456 0.0321540944 0.3462545872 -0.9375894070 -0.5141687393 -0.7986961007 -0.3125940263
109.8 194.0 2573.0 0.6610687375 0.4921303391 -0.5663884282 0.4482991099 0.3462545872 0.8240968585 0.6016776562 -0.7986961007 0.0082764914
307.7 -253.7 2830.9 0.4223744571 -0.2423364371 0.8734259605 0.2930569947 0.9483551979 0.1214083955 -0.8577397466 0.2046837807 0.4715794027
399.0 -611.0 2753.8 0.3560129106 -0.3583368659 0.8630466461 0.4815370142 0.8618452549 0.1592005938 -0.8008601069 0.3589114249 0.4793804884
360.8 -211.4 2662.9 0.5230571032 0.2433930188 0.8168054223 0.0603218935 0.9453818798 -0.3203347325 -0.8501603007 0.2168246061 0.4798067808
264.7 -584.6 2577.4 0.5301793218 -0.1050754786 0.8413495421 0.0017776738 0.9924269915 0.1228232086 -0.8478837013 -0.0636226833 0.5263510346
457.0 -359.5 3272.7 0 0 0 0 0 0 0 0 0
278.5 308.5 2726.6 0 0 0 0 0 0 0 0 0
520.2 -902.6 2632.3 0 0 0 0 0 0 0 0 0
305.4 -968.9 2602.0 0 0 0 0 0 0 0 0 0
244.4 348.1 2885.2 05 0.1778033376 -0.1634295285 0.9704003334 0.2764889002 0.9546867609 0.1101229638 -0.9444257021 0.2487246692 0.2149329484
277.8 153.1 2834.4 0.1778033376 -0.1634295285 0.9704003334 0.2764889002 0.9546867609 0.1101229638 -0.9444257021 0.2487246692 0.2149329484
302.4 -38.0 2788.8 0.1828293204 -0.1287475526 0.9746781588 0.2434419841 0.9664433599 0.0819951519 -0.9525279403 0.2222864628 0.2080367357
251.1 118.9 2970.6 -0.5075020790 0.0159062166 0.8615037203 0.6996300220 0.5912137032 0.4012283683 -0.5029507875 0.8063580394 -0.3111706674
420.8 -115.0 3138.7 -0.2913514972 0.0577427484 0.9548717737 0.8488797545 0.4758083224 0.2302381545 -0.4410413504 0.8776515126 -0.1876441091
304.5 187.4 2698.3 -0.8981412649 0.4123603106 0.1526475698 0.0040285373 0.3548597395 -0.9349108934 -0.4396886230 -0.8390671015 -0.3203753531
79.5 188.4 2588.1 0.6962893605 0.4123603106 -0.5874862671 0.4711706340 0.3548597395 0.8075102568 0.5414603949 -0.8390671015 0.0527929962
311.5 -251.9 2830.7 0.3531351388 -0.1572911739 0.9222554564 0.2352678627 0.9690184593 0.0751816630 -0.9055079222 0.1904277802 0.3792000115
372.2 -625.6 2757.2 0.3346632719 -0.2117190659 0.9182459116 0.3253929317 0.9404608607 0.0982486680 -0.8843754530 0.2659105062 0.3836295903
350.1 -208.2 2661.9 0.4424932003 0.2905313373 0.8484051824 0.0527688786 0.9359909296 -0.3480466306 -0.8952179551 0.1987776607 0.3988386095
235.2 -578.4 2583.3 0.4438033104 -0.0676463917 0.8935673237 0.0345447883 0.9976969957 0.0583722182 -0.8954581618 0.0049623107 0.4451180696
501.8 -351.1 3261.4 0 0 0 0 0 0 0 0 0
257.3 308.7 2726.4 0 0 0 0 0 0 0 0 0
447.2 -959.0 2663.0 0 0 0 0 0 0 0 0 0
261.1 -961.1 2581.4 0 0 0 0 0 0 0 0 0
234.9 345.7 2884.5 06 0.1321738660 -0.1563820839 0.9788129330 0.2632924020 0.9575423002 0.1174300984 -0.9556187391 0.2421928048 0.1677362770
266.6 151.3 2835.3 0.1321738660 -0.1563820839 0.9788129330 0.2632924020 0.9575423002 0.1174300984 -0.9556187391 0.2421928048 0.1677362770
290.3 -39.8 2788.9 0.1354695708 -0.1237233952 0.9830262065 0.2406534255 0.9665690660 0.0884879678 -0.9611107707 0.2245811969 0.1607151628
246.5 117.3 2973.0 -0.5353904366 0.0496763960 0.8431425095 0.6931204796 0.5962911248 0.4049949944 -0.4826397002 0.8012297750 -0.3536802828
426.2 -115.4 3135.1 -0.3175317943 0.0954455584 0.9434318542 0.8439838886 0.4820025861 0.2352970243 -0.4322785437 0.8709555864 -0.2336056679
286.7 185.2 2697.6 -0.9182051420 0.3695070744 0.1427017897 -0.0029570127 0.3538580239 -0.9352944493 -0.3960941136 -0.8592141867 -0.3238216341
56.7 184.5 2598.4 0.7186245918 0.3695070744 -0.5891036987 0.4773837328 0.3538580239 0.8042942882 0.5056514740 -0.8592141867 0.0778944194
313.4 -251.0 2830.6 0.3127587438 -0.0937226415 0.9451973438 0.1952416748 0.9802135229 0.0325907171 -0.9295496941 0.1743488759 0.3248689175
350.1 -634.0 2762.4 0.3006545901 -0.1572640538 0.9406778812 0.2763970792 0.9583517909 0.0718782097 -0.9128041863 0.2383900881 0.3316001892
341.4 -207.0 2657.6 0.3902543187 0.3306747675 0.8592762947 0.0264192000 0.9288725257 -0.3694561720 -0.9203279614 0.1668832600 0.3537603617
210.4 -574.8 2591.5 0.3899942636 -0.0145280026 0.9207026958 0.0709096789 0.9973802567 -0.0142982360 -0.9180829525 0.0708629563 0.3900027573
514.9 -351.0 3255.8 0 0 0 0 0 0 0 0 0
240.2 306.4 2727.5 0 0 0 0 0 0 0 0 0
402.6 -954.1 2682.8 0 0 0 0 0 0 0 0 0
216.0 -955.2 2564.5 0 0 0 0 0 0 0 0 0
226.6 342.3 2885.6 07 0.1412133723 -0.1463359296 0.9791039824 0.2593183219 0.9599493146 0.1060723439 -0.9554123878 0.2389207631 0.1735052615
256.2 148.1 2837.3 0.1412133723 -0.1463359296 0.9791039824 0.2593183219 0.9599493146 0.1060723439 -0.9554123878 0.2389207631 0.1735052615
279.5 -43.0 2790.7 0.1438157856 -0.1205630079 0.9822329283 0.2405290604 0.9670453072 0.0834812298 -0.9599285126 0.2242496461 0.1680752784
234.8 114.1 2975.1 -0.5283612013 0.0457145981 0.8477880955 0.6949841976 0.5968575478 0.4009463787 -0.4876796305 0.8010438681 -0.3471272886
412.7 -119.9 3139.3 -0.3101329505 0.0903239325 0.9463927150 0.8448798656 0.4826032519 0.2308074534 -0.4358847439 0.8711691499 -0.2259840518
277.7 182.1 2699.5 -0.9152363539 0.3776510954 0.1404350698 0.0018607863 0.3525036871 -0.9358085990 -0.4029130042 -0.8562247157 -0.3233269453
48.4 182.5 2598.6 0.7172176838 0.3776510954 -0.5856436491 0.4734939933 0.3525036871 0.8071831465 0.5112751126 -0.8562247157 0.0740063563
303.6 -253.3 2831.7 0.3210052550 -0.0764392465 0.9439876676 0.1898669451 0.9816963673 0.0149279917 -0.9278503060 0.1744400859 0.3296429813
333.7 -640.1 2762.9 0.3105935156 -0.1531051397 0.9381313920 0.2613192797 0.9626675844 0.0705927461 -0.9139167666 0.2232261747 0.3390076458
325.6 -209.5 2656.5 0.3897467256 0.3388395309 0.8563207388 0.0043924446 0.9291569591 -0.3696594238 -0.9209116101 0.1478348970 0.3606475592
191.2 -578.0 2597.8 0.3944347799 0.0551759340 0.9172659516 0.0723804459 0.9932289720 -0.0908697248 -0.9160689116 0.1022342965 0.3877704144
499.5 -356.3 3261.2 0 0 0 0 0 0 0 0 0
231.6 303.4 2729.1 0 0 0 0 0 0 0 0 0
382.4 -946.1 2692.0 0 0 0 0 0 0 0 0 0
170.2 -956.1 2558.9 0 0 0 0 0 0 0 0 0
213.5 341.3 2876.2 08 0.1033441573 -0.1587565988 0.9818942547 0.2411613166 0.9617233276 0.1301131099 -0.9649669528 0.2233484834 0.1376744360
245.5 147.4 2831.2 0.1033441573 -0.1587565988 0.9818942547 0.2411613166 0.9617233276 0.1301131099 -0.9649669528 0.2233484834 0.1376744360
269.5 -44.1 2786.3 0.1051422730 -0.1242789999 0.9866609573 0.2288984060 0.9685446620 0.0976048261 -0.9677554369 0.2155827284 0.1302822530
229.5 115.0 2970.1 -0.5548323393 0.0675879642 0.8292122483 0.6814045906 0.6087669730 0.4063133597 -0.4773351252 0.7904648185 -0.3838183582
416.6 -114.6 3131.0 -0.3368055820 0.1161742881 0.9343797565 0.8346312046 0.4961791635 0.2391588688 -0.4358356297 0.8604125381 -0.2640785873
261.5 179.7 2692.2 -0.9294817448 0.3412368596 0.1400753111 -0.0147302309 0.3451035619 -0.9384490252 -0.3685738742 -0.8743345737 -0.3157409430
28.7 176.0 2599.8 0.7296732664 0.3412368596 -0.5925658345 0.4891283512 0.3451035619 0.8010349274 0.4778392315 -0.8743345737 0.0849042162
290.8 -256.9 2833.8 0.2822407186 -0.0792374760 0.9560657144 0.2024291158 0.9790633917 0.0213842783 -0.9377433658 0.1875000149 0.2923715115
322.2 -644.3 2759.6 0.2751235366 -0.1599763036 0.9480056167 0.2473922968 0.9646339417 0.0909858793 -0.9290339351 0.2094969153 0.3049703836
315.8 -213.0 2658.3 0.3609793782 0.3503433466 0.8642646670 0.0118041355 0.9249612689 -0.3798779547 -0.9324991107 0.1473300010 0.3297564685
176.7 -580.2 2599.8 0.3658891320 0.1387854666 0.9202519655 0.0451866277 0.9850026965 -0.1665167361 -0.9295608401 0.1025097519 0.3541305363
510.8 -348.3 3253.0 0 0 0 0 0 0 0 0 0
215.0 300.9 2721.8 0 0 0 0 0 0 0 0 0
370.9 -938.3 2695.8 0 0 0 0 0 0 0 0 0
123.9 -954.5 2560.8 0 0 0 0 0 0 0 0 0
204.9 335.9 2862.0 09 0.1346243322 -0.1522357911 0.9791325331 0.2166468948 0.9687432647 0.1208329275 -0.9669231772 0.1958589703 0.1633978337
235.4 141.5 2822.7 0.1346243322 -0.1522357911 0.9791325331 0.2166468948 0.9687432647 0.1208329275 -0.9669231772 0.1958589703 0.1633978337
260.5 -50.9 2782.6 0.1358397156 -0.1294817924 0.9822331667 0.2082698494 0.9730010629 0.0994617119 -0.9685924053 0.1910586953 0.1591393352
215.1 112.1 2961.8 -0.5383640528 0.0433491245 0.8415967226 0.6713428497 0.6257086992 0.3972246051 -0.5093750358 0.7788513899 -0.3659611940
396.6 -114.3 3133.5 -0.3213394582 0.0895053074 0.9427246451 0.8253256679 0.5145842433 0.2324662805 -0.4643042684 0.8527554870 -0.2392272502
255.8 170.9 2683.6 -0.9174695611 0.3690643013 0.1484626681 -0.0217003375 0.3262159824 -0.9450461268 -0.3972136974 -0.8702727556 -0.2912844121
26.0 165.4 2584.1 0.7150661349 0.3690643013 -0.5936934948 0.4984826744 0.3262159824 0.8031800389 0.4900973737 -0.8702727556 0.0492938384
284.9 -257.3 2831.9 0.3095905781 -0.0771910548 0.9477316141 0.2100445181 0.9776297808 0.0110120531 -0.9273806810 0.1956565976 0.3188785315
315.5 -645.0 2754.3 0.3066255450 -0.1702513695 0.9364802241 0.2272206843 0.9685205817 0.1016789153 -0.9243113995 0.1816103309 0.3356578052
303.4 -215.5 2654.8 0.3860208690 0.3620733023 0.8484637737 -0.0189156272 0.9226672649 -0.3851329088 -0.9222961068 0.1326201260 0.3630176485
159.6 -581.9 2602.1 0.3897835314 0.1847436279 0.9021854401 0.0006250767 0.9796177745 -0.2008697689 -0.9209063053 0.0788596645 0.3817233741
486.5 -345.4 3263.5 0 0 0 0 0 0 0 0 0
208.6 292.7 2709.2 0 0 0 0 0 0 0 0 0
367.2 -939.0 2699.2 0 0 0 0 0 0 0 0 0
89.3 -954.7 2572.1 0 0 0 0 0 0 0 0 0
192.6 325.0 2839.4 10 0.1396518648 -0.1618972272 0.9768759608 0.1707657874 0.9757000208 0.1372900605 -0.9753647447 0.1476441771 0.1639048308
225.0 129.8 2809.8 0.1396518648 -0.1618972272 0.9768759608 0.1707657874 0.9757000208 0.1372900605 -0.9753647447 0.1476441771 0.1639048308
251.6 -63.6 2776.7 0.1390648782 -0.1374385059 0.9806995392 0.1745973825 0.9782112837 0.1123315915 -0.9747700691 0.1556061953 0.1600312293
204.1 105.2 2949.8 -0.5409520268 0.0348083489 0.8403328657 0.6483877301 0.6536418200 0.3903149068 -0.5356904864 0.7560031414 -0.3761581779
386.5 -113.5 3130.4 -0.3252098262 0.0814043730 0.9421315789 0.8055596948 0.5456645489 0.2309193909 -0.4952899516 0.8340404630 -0.2430315465
245.8 154.4 2669.9 -0.9153363109 0.3709481061 0.1567066759 -0.0426323935 0.2976953387 -0.9537085295 -0.4004272223 -0.8796448112 -0.2566769421
16.6 143.8 2569.6 0.7090428472 0.3709481061 -0.5997130275 0.5209143162 0.2976953387 0.8000161052 0.4752962291 -0.8796448112 0.0178465880
273.9 -263.2 2833.3 0.3095634878 -0.0865384415 0.9469326735 0.2137214243 0.9767021537 0.0193909556 -0.9265493155 0.1963770688 0.3208464682
308.2 -650.9 2755.3 0.3047553897 -0.1776545048 0.9357152581 0.2405659854 0.9649525881 0.1048549563 -0.9215487838 0.1931461543 0.3368121386
298.4 -225.0 2655.9 0.3939158022 0.3860201240 0.8341575265 -0.0408126675 0.9139856100 -0.4036888480 -0.9182400107 0.1249752194 0.3757878840
145.1 -588.0 2606.3 0.4010569751 0.2359084189 0.8851556778 -0.0122462399 0.9675654769 -0.2523232996 -0.9159712791 0.0903561935 0.3909378648
477.5 -339.0 3269.1 0 0 0 0 0 0 0 0 0
197.6 276.8 2690.9 0 0 0 0 0 0 0 0 0
360.3 -933.8 2698.7 0 0 0 0 0 0 0 0 0
55.3 -956.5 2571.9 0 0 0 0 0 0 0 0 0
180.0 321.0 2841.6 11 0.2154491544 -0.1412791908 0.9662411213 0.1829165965 0.9778036475 0.1021836996 -0.9592305422 0.1547261328 0.2365092784
208.3 124.8 2810.5 0.2154491544 -0.1412791908 0.9662411213 0.1829165965 0.9778036475 0.1021836996 -0.9592305422 0.1547261328 0.2365092784
232.4 -68.9 2776.8 0.2154753059 -0.1231528074 0.9687124491 0.1827230304 0.9795788527 0.0838903114 -0.9592615366 0.1589297801 0.2335779071
176.5 99.1 2948.1 -0.4824509323 -0.0038156789 0.8759146929 0.6701424122 0.6423330903 0.3719103932 -0.5640480518 0.7664161325 -0.3073371351
338.9 -126.5 3138.0 -0.2664974332 0.0340898857 0.9632325768 0.8207674026 0.5319498777 0.2082552910 -0.5052920580 0.8460893631 -0.1697431356
240.2 150.5 2672.9 -0.8839092255 0.4427818060 0.1504949033 -0.0130361365 0.2983514965 -0.9543670416 -0.4674767554 -0.8455356956 -0.2579434812
18.8 147.2 2555.8 0.6851207614 0.4427818060 -0.5784062743 0.4957501888 0.2983514965 0.8156090379 0.5337052345 -0.8455356956 -0.0151023408
265.8 -273.8 2835.0 0.3815644979 -0.0955101028 0.9193945527 0.2317030728 0.9727742672 0.0048946370 -0.8948308229 0.2111589313 0.3933060765
303.7 -660.1 2751.2 0.3774916828 -0.1870830059 0.9069178700 0.2532102168 0.9629077315 0.0932376832 -0.8907213807 0.1944444180 0.4108610153
291.6 -241.8 2656.6 0.4406687617 0.4131222963 0.7969573736 -0.0825341940 0.9026925564 -0.4222963452 -0.8938674927 0.1203165799 0.4318851531
127.5 -600.3 2608.8 0.4478531778 0.2574201822 0.8562490344 -0.0562773459 0.9638751745 -0.2603412271 -0.8923342228 0.0684072226 0.4461614788
413.5 -356.0 3279.3 0 0 0 0 0 0 0 0 0
193.7 273.8 2692.1 0 0 0 0 0 0 0 0 0
356.7 -932.8 2696.1 0 0 0 0 0 0 0 0 0
29.4 -967.8 2582.7 0 0 0 0 0 0 0 0 0
166.5 328.1 2852.7 12 0.1338187158 -0.1433696598 0.9805802703 0.2014854103 0.9727492332 0.1147281975 -0.9703072906 0.1822198331 0.1590589434
195.3 132.7 2816.1 0.1338187158 -0.1433696598 0.9805802703 0.2014854103 0.9727492332 0.1147281975 -0.9703072906 0.1822198331 0.1590589434
219.5 -60.4 2779.1 0.1350367218 -0.1252893209 0.9828873873 0.1926487684 0.9763628244 0.0979900509 -0.9719318748 0.1761197895 0.1559816748
175.1 105.6 2955.4 -0.5360904932 0.0479006097 0.8428004384 0.6665693521 0.6366226077 0.3878104985 -0.5179694295 0.7696864009 -0.3732163906
355.4 -118.6 3129.7 -0.3184001148 0.0937682167 0.9433073997 0.8202111125 0.5261474848 0.2245497108 -0.4752632082 0.8452078700 -0.2444351465
215.5 159.8 2676.7 -0.9182157516 0.3688936830 0.1442125440 -0.0241972487 0.3111739159 -0.9500448704 -0.3953407407 -0.8758357167 -0.2767985761
-14.5 153.8 2577.7 0.7178667784 0.3688936830 -0.5904106498 0.5031716824 0.3111739159 0.8062189817 0.4811294973 -0.8758357167 0.0377645716
236.9 -280.1 2832.8 0.3065748215 -0.1506164968 0.9398545623 0.2311279476 0.9696291089 0.0799954906 -0.9233589768 0.1927020401 0.3320755363
296.7 -664.7 2756.3 0.2973883748 -0.2056240290 0.9323512912 0.2754938006 0.9534772635 0.1224100888 -0.9141462445 0.2204536498 0.3402011991
276.5 -246.8 2657.5 0.3840223849 0.4134773314 0.8255684972 -0.0359453484 0.9001438022 -0.4341072142 -0.9226238132 0.1370315403 0.3605379462
112.3 -604.3 2603.1 0.3725667298 0.2540057600 0.8925665617 -0.0811952427 0.9670456052 -0.2413091809 -0.9244465232 0.0174316168 0.3809130788
444.4 -347.8 3262.5 0 0 0 0 0 0 0 0 0
168.8 282.2 2700.5 0 0 0 0 0 0 0 0 0
354.7 -933.7 2694.1 0 0 0 0 0 0 0 0 0
15.4 -973.0 2596.4 0 0 0 0 0 0 0 0 0
152.8 316.1 2821.7 13 -0.0737283975 -0.1646559983 0.9835916758 0.1149398685 0.9783005118 0.1723859459 -0.9906325936 0.1257636249 -0.0532029942
185.4 122.0 2796.8 -0.0737283975 -0.1646559983 0.9835916758 0.1149398685 0.9783005118 0.1723859459 -0.9906325936 0.1257636249 -0.0532029942
210.7 -72.8 2771.4 -0.0729414970 -0.1331257671 0.9884113669 0.1097545177 0.9839605093 0.1406258196 -0.9912787080 0.1187400743 -0.0571604036
195.0 106.8 2939.0 -0.6603521705 0.1720145345 0.7309897542 0.6018304229 0.7034242749 0.3781459928 -0.4491493106 0.6896414161 -0.5680313110
417.1 -95.7 3090.1 -0.4460177124 0.2373266965 0.8629856706 0.7650607228 0.6014852524 0.2299946994 -0.4644892514 0.7628181577 -0.4498424232
175.8 137.2 2654.5 -0.9768827558 0.1696304679 0.1300981939 -0.0864277929 0.2432308942 -0.9661102295 -0.1955256164 -0.9550205469 -0.2229472846
-68.9 115.6 2605.5 0.7755765319 0.1696304679 -0.6080349684 0.5649420619 0.2432308942 0.7884663939 0.2816407979 -0.9550205469 0.0928127915
231.8 -271.9 2832.7 0.0938848928 -0.1477194875 0.9845631123 0.2153068334 0.9685410261 0.1247846112 -0.9720229506 0.2002677917 0.1227363870
290.4 -656.4 2753.2 0.0909612402 -0.2092866451 0.9736144543 0.2287239581 0.9559221268 0.1841146797 -0.9692323804 0.2059416473 0.1348207295
253.8 -241.5 2656.3 0.2445284873 0.3887157738 0.8883163333 0.0192208588 0.9140048623 -0.4052477181 -0.9694516063 0.1161688119 0.2160287648
101.5 -599.6 2610.8 0.2315639555 0.2399076074 0.9427738190 -0.0347255133 0.9705355167 -0.2384428531 -0.9721996784 0.0224764626 0.2330719531
541.8 -309.5 3219.9 0 0 0 0 0 0 0 0 0
129.1 259.8 2677.4 0 0 0 0 0 0 0 0 0
351.0 -933.0 2693.6 0 0 0 0 0 0 0 0 0
10.0 -970.0 2602.2 0 0 0 0 0 0 0 0 0
141.5 303.8 2800.7 14 -0.2347151935 -0.1634962410 0.9582159519 0.0555098616 0.9818907976 0.1811329424 -0.9704779387 0.0957050845 -0.2213890254
173.8 109.9 2781.8 -0.2347151935 -0.1634962410 0.9582159519 0.0555098616 0.9818907976 0.1811329424 -0.9704779387 0.0957050845 -0.2213890254
199.4 -85.6 2762.7 -0.2345079482 -0.1359275281 0.9625641704 0.0541472621 0.9868122935 0.1525435150 -0.9706050158 0.0878928751 -0.2240552306
206.6 102.6 2921.3 -0.7384776473 0.2639823556 0.6204547882 0.5660440922 0.7427209020 0.3577145636 -0.3663944006 0.6153689623 -0.6979084611
455.0 -87.8 3044.5 -0.5334252119 0.3426827788 0.7733214498 0.7314822078 0.6459652185 0.2183179110 -0.4247249663 0.6821271777 -0.5952404737
141.0 117.2 2642.4 -0.9932562113 0.0074445219 0.1157010049 -0.1120972261 0.1931426525 -0.9747461677 -0.0296033192 -0.9811424613 -0.1910056323
-107.8 89.1 2635.0 0.7969921827 0.0074445219 -0.6039437652 0.5914416909 0.1931426525 0.7828745842 0.1224754304 -0.9811424613 0.1495301723
244.8 -277.4 2835.9 -0.0750024542 -0.0938607007 0.9927561879 0.2108305395 0.9715620875 0.1077850834 -0.9746410251 0.2173874527 -0.0530808382
282.0 -662.7 2749.7 -0.0686653331 -0.2351401895 0.9695329666 0.1851413101 0.9519419670 0.2439861298 -0.9803100228 0.1962540001 -0.0218312442
230.4 -260.5 2659.5 0.1297378838 0.3704438806 0.9197496176 0.0812826529 0.9204940200 -0.3822092414 -0.9882110953 0.1243467107 0.0893122852
84.3 -623.6 2610.5 0.1097745746 0.2342910469 0.9659488797 -0.0032688794 0.9719019532 -0.2353634685 -0.9939511418 0.0226793531 0.1074559912
604.1 -292.2 3163.2 0 0 0 0 0 0 0 0 0
95.7 240.1 2666.3 0 0 0 0 0 0 0 0 0
348.5 -932.0 2694.2 0 0 0 0 0 0 0 0 0
-5.2 -994.8 2601.8 0 0 0 0 0 0 0 0 0
131.7 299.6 2790.3 15 -0.3463416100 -0.1561228037 0.9250260592 0.0363422185 0.9830813408 0.1795281768 -0.9374042749 0.0957955718 -0.3348081112
162.5 105.3 2771.3 -0.3463416100 -0.1561228037 0.9250260592 0.0363422185 0.9830813408 0.1795281768 -0.9374042749 0.0957955718 -0.3348081112
187.3 -90.4 2752.8 -0.3461297452 -0.1327010244 0.9287543297 0.0348966494 0.9874401689 0.1540914178 -0.9375374317 0.0857460350 -0.3371515870
211.4 100.7 2906.1 -0.7805643082 0.3277363479 0.5322670341 0.5548282266 0.7554633021 0.3484835923 -0.2878974974 0.5673306584 -0.7715250850
473.9 -85.9 3002.9 -0.5850120187 0.4144341052 0.6971408129 0.7203762531 0.6604194045 0.2119061649 -0.3725841939 0.6261713505 -0.6849017739
113.7 109.8 2636.6 -0.9890367985 -0.1081629544 0.1005337834 -0.1184999198 0.1751044095 -0.9773925543 0.0881137550 -0.9785904288 -0.1860020012
-134.1 80.1 2658.6 0.8010571599 -0.1081629544 -0.5887344480 0.5983014107 0.1751044095 0.7819039822 0.0185169466 -0.9785904288 0.2049826831
248.5 -285.9 2831.5 -0.1902633011 -0.0771419331 0.9786975980 0.2029677331 0.9722789526 0.1160938665 -0.9605227709 0.2207324356 -0.1693316847
