611.6 109.3 2208.1 2 0.4777617753 0.6552097797 0.5851870179 -0.8176797628 0.5751911402 0.0235571023 -0.3211595416 -0.4897502959 0.8105561137
482.7 -3.8 2304.4 0.4777617753 0.6552097797 0.5851870179 -0.8176797628 0.5751911402 0.0235571023 -0.3211595416 -0.4897502959 0.8105561137
353.9 -120.4 2397.6 0.4877574742 0.6507498622 0.5819082260 -0.8087787032 0.5877508521 0.0206373855 -0.3285872936 -0.4807010591 0.8129925728
412.0 114.4 2350.0 -0.7208324671 0.3673129380 0.5877770185 -0.5302146077 -0.8384028077 -0.1263058782 0.4464001358 -0.4026933312 0.7991026044
633.4 277.3 2212.9 -0.7439704537 0.1363333166 0.6541568637 -0.2430882752 -0.9671074748 -0.0749079213 0.6224275231 -0.2147471458 0.7526404262
553.5 -122.1 2258.7 -0.5217505097 0.6915363073 -0.4995537698 -0.6621558666 0.0409370959 0.7482470870 0.5378903151 0.7211807966 0.4365458786
437.8 -268.9 2378.0 0.1868384182 0.6915363073 -0.6977599859 -0.9745539427 0.0409370959 -0.2203832865 -0.1238387674 0.7211807966 0.6815880537
177.3 -163.8 2520.3 0.6523235440 -0.1968176663 0.7319403887 0.0837442800 0.9784995914 0.1884820610 -0.7532999516 -0.0616554655 0.6547806859
255.5 -552.6 2544.8 0.6501297355 -0.0995504260 0.7532735467 0.1075218543 0.9934572577 0.0384932309 -0.7521770597 0.0559677742 0.6565799713
265.9 -311.2 2457.2 0.3377452493 -0.3618393242 0.8689076304 0.4182868302 0.8846882582 0.2058223486 -0.8431869745 0.2939370871 0.4501518905
409.7 -662.8 2340.4 0.4246401787 -0.3484374583 0.8356267214 0.2182288915 0.9351537228 0.2790406644 -0.8786676526 0.0638660192 0.4731429815
850.7 348.3 2031.2 0 0 0 0 0 0 0 0 0
479.4 -486.0 2350.4 0 0 0 0 0 0 0 0 0
293.5 -932.1 2523.5 0 0 0 0 0 0 0 0 0
542.7 -1019.8 2316.0 0 0 0 0 0 0 0 0 0
611.0 104.1 2206.9 3 0.4657120109 0.6563975811 0.5935103893 -0.8216992617 0.5697326064 0.0146655198 -0.3285157979 -0.4945169389 0.8046926856
482.5 -7.4 2303.7 0.4657120109 0.6563975811 0.5935103893 -0.8216992617 0.5697326064 0.0146655198 -0.3285157979 -0.4945169389 0.8046926856
353.6 -123.0 2398.1 0.4758287966 0.6509475708 0.5914847255 -0.8127834201 0.5824235678 0.0128803467 -0.3361102343 -0.4868778288 0.8062133193
413.5 111.4 2350.5 -0.7078166008 0.3626838326 0.6061815619 -0.5359173417 -0.8347664475 -0.1263233572 0.4602045715 -0.4142769873 0.7852301002
634.5 278.8 2206.8 -0.7400117517 0.1252278239 0.6608332992 -0.2379438579 -0.9677200317 -0.0830705240 0.6290988326 -0.2187143862 0.7459213138
551.6 -126.3 2257.0 -0.5220404863 0.7002362013 -0.4869732559 -0.6582451463 0.0323130339 0.7521098256 0.5423901081 0.7131795883 0.4440583587
435.8 -272.3 2377.2 0.1756707579 0.7002362013 -0.6919602752 -0.9760581255 0.0323130339 -0.2150963098 -0.1282588989 0.7131795883 0.6891477108
179.9 -163.0 2523.2 0.6429541111 -0.1907558739 0.7417696714 0.0862464011 0.9803603888 0.1773556322 -0.7610332370 -0.0500565618 0.6467787623
255.7 -552.6 2543.1 0.6409687400 -0.1001550183 0.7610046268 0.1074007377 0.9933995008 0.0402802080 -0.7600159049 0.0559141040 0.6474947929
269.3 -311.3 2462.9 0.3309189379 -0.3509748280 0.8759619594 0.4199053645 0.8860642314 0.1963916272 -0.8450870514 0.3028314114 0.4405916333
408.8 -663.4 2342.6 0.4274598658 -0.3492851555 0.8338332772 0.2007059604 0.9359951019 0.2891890705 -0.8814733028 0.0437385961 0.4702039361
852.3 348.8 2021.7 0 0 0 0 0 0 0 0 0
474.9 -489.7 2348.6 0 0 0 0 0 0 0 0 0
294.0 -932.1 2521.7 0 0 0 0 0 0 0 0 0
542.2 -1020.8 2325.9 0 0 0 0 0 0 0 0 0
609.6 100.0 2211.3 4 0.4556962848 0.6647280455 0.5920113921 -0.8229508996 0.5680953860 -0.0044142376 -0.3392531872 -0.4851847589 0.8059175014
480.3 -10.5 2305.8 0.4556962848 0.6647280455 0.5920113921 -0.8229508996 0.5680953860 -0.0044142376 -0.3392531872 -0.4851847589 0.8059175014
349.7 -125.3 2398.7 0.4644846916 0.6595416665 0.5909811854 -0.8153385520 0.5789601803 -0.0053065866 -0.3456544876 -0.4793848991 0.8066678643
412.9 108.8 2353.9 -0.7013117075 0.3326768577 0.6304664612 -0.5145291090 -0.8483577371 -0.1246954501 0.4933778048 -0.4118437171 0.7661351562
646.5 280.1 2189.6 -0.7586205006 0.0824001953 0.6463010907 -0.2018784285 -0.9728786945 -0.1129252613 0.6194675565 -0.2161416709 0.7546805739
547.7 -129.8 2257.6 -0.5317689776 0.7000702620 -0.4765746593 -0.6572751999 0.0137027660 0.7535260916 0.5340515971 0.7139424682 0.4528521001
429.8 -275.5 2376.0 0.1618738472 0.7000702620 -0.6954843402 -0.9768328667 0.0137027660 -0.2135645449 -0.1399801224 0.7139424682 0.6860697269
180.7 -164.2 2525.7 0.6446478367 -0.1920508295 0.7399632931 0.0866196975 0.9800468087 0.1789002270 -0.7595565915 -0.0512322523 0.6484204531
257.0 -553.6 2546.1 0.6427569985 -0.0916052088 0.7605734468 0.1089076176 0.9936674833 0.0276422855 -0.7582892776 0.0650649667 0.6486632228
267.9 -313.2 2464.1 0.3324120641 -0.3524011672 0.8748232126 0.4384031296 0.8790026903 0.1875019968 -0.8350478411 0.3211973011 0.4466848671
407.9 -662.5 2336.4 0.4666919112 -0.3681465089 0.8041559458 0.1630933136 0.9294767976 0.3308677673 -0.8692520857 -0.0232608598 0.4938215315
870.7 339.8 2006.5 0 0 0 0 0 0 0 0 0
465.8 -493.1 2344.8 0 0 0 0 0 0 0 0 0
292.0 -933.3 2521.2 0 0 0 0 0 0 0 0 0
548.2 -1016.7 2345.3 0 0 0 0 0 0 0 0 0
607.1 96.5 2212.1 5 0.4475952685 0.6630817056 0.5999842882 -0.8245293498 0.5657287836 -0.0101151746 -0.3461355567 -0.4901771545 0.7999478579
478.1 -13.6 2307.5 0.4475952685 0.6630817056 0.5999842882 -0.8245293498 0.5657287836 -0.0101151746 -0.3461355567 -0.4901771545 0.7999478579
347.5 -128.0 2401.1 0.4561372697 0.6593682766 0.5976389647 -0.8171527982 0.5762932897 -0.0121405246 -0.3524203897 -0.4828245640 0.8016734123
411.9 105.9 2356.6 -0.6980260015 0.3146518171 0.6432370543 -0.5021118522 -0.8555173278 -0.1263874024 0.5105324388 -0.4111986458 0.7551637888
653.8 279.9 2179.7 -0.7712409496 0.0535233542 0.6342890859 -0.1768789887 -0.9752355218 -0.1327761263 0.6114746332 -0.2145947963 0.7616087198
544.3 -133.2 2258.3 -0.5316693187 0.7060753703 -0.4677449465 -0.6556516886 0.0064783734 0.7550356984 0.5361422896 0.7081070542 0.4594951570
426.4 -278.6 2377.2 0.1541816294 0.7060753703 -0.6911480427 -0.9773749113 0.0064783734 -0.2114149630 -0.1447973698 0.7081070542 0.6910991669
176.1 -165.6 2525.6 0.6383771896 -0.2036589384 0.7422921062 0.0874779299 0.9773096442 0.1929077953 -0.7647366524 -0.0582137704 0.6417078972
257.0 -554.0 2548.8 0.6368220448 -0.0894156620 0.7658084035 0.1060123518 0.9939733148 0.0278996378 -0.7636877894 0.0634180456 0.6424633265
261.3 -315.1 2462.2 0.3328121901 -0.3666679263 0.8687868714 0.4281529784 0.8796260357 0.2072270364 -0.8401911259 0.3030059934 0.4497402310
406.9 -664.6 2341.9 0.4410149455 -0.3797400594 0.8132055998 0.2047684789 0.9247540236 0.3207800984 -0.8738281727 0.0250500478 0.4855891466
883.4 332.5 1997.6 0 0 0 0 0 0 0 0 0
460.7 -496.3 2344.9 0 0 0 0 0 0 0 0 0
291.2 -933.8 2524.5 0 0 0 0 0 0 0 0 0
551.7 -1017.0 2332.3 0 0 0 0 0 0 0 0 0
605.8 92.1 2213.9 6 0.4392609596 0.6659787297 0.6029279828 -0.8259893060 0.5633146763 -0.0204514824 -0.3532584310 -0.4890285134 0.7975334525
476.5 -17.3 2308.9 0.4392609596 0.6659787297 0.6029279828 -0.8259893060 0.5633146763 -0.0204514824 -0.3532584310 -0.4890285134 0.7975334525
345.4 -131.3 2402.1 0.4487857223 0.6619013548 0.6003981829 -0.8178240657 0.5750235915 -0.0226201601 -0.3602154255 -0.4808684886 0.7993811965
411.4 102.4 2359.1 -0.7008279562 0.2993742526 0.6474683285 -0.4921509027 -0.8599652052 -0.1350825578 0.5163599849 -0.4133217633 0.7500249743
658.4 275.9 2177.1 -0.7665821314 0.0374463797 0.6410534978 -0.1644082963 -0.9764692187 -0.1395628005 0.6207429171 -0.2123808712 0.7547003627
541.6 -137.0 2258.6 -0.5346058011 0.7086343765 -0.4604714513 -0.6557260156 -0.0040988536 0.7549878359 0.5331228971 0.7055639625 0.4668612480
423.1 -282.3 2376.8 0.1463925838 0.7086343765 -0.6902220845 -0.9773687124 -0.0040988536 -0.2115031034 -0.1527074873 0.7055639625 0.6919970512
174.7 -167.5 2529.3 0.6337828040 -0.2195418626 0.7417012453 0.1001858190 0.9740978479 0.2027220428 -0.7669955492 -0.0541738085 0.6393614411
261.9 -554.6 2550.9 0.6346048713 -0.0641243756 0.7701718807 0.0881446972 0.9960544109 0.0103020044 -0.7677937150 0.0613488667 0.6377531886
258.3 -317.4 2464.7 0.3256351352 -0.3758202791 0.8675948977 0.4494786263 0.8688216805 0.2076485008 -0.8318237662 0.3223477006 0.4518420398
407.6 -662.5 2336.6 0.4640484154 -0.3620623648 0.8084366918 0.1629464775 0.9319692254 0.3238545954 -0.8706936836 -0.0185522959 0.4914756417
888.8 325.3 1990.6 0 0 0 0 0 0 0 0 0
455.7 -500.1 2342.8 0 0 0 0 0 0 0 0 0
286.4 -935.1 2527.4 0 0 0 0 0 0 0 0 0
545.7 -1017.8 2343.7 0 0 0 0 0 0 0 0 0
604.7 89.1 2213.3 7 0.4306885600 0.6671590209 0.6077879071 -0.8283897638 0.5594943762 -0.0271373466 -0.3581588566 -0.4917975664 0.7936355472
474.6 -20.0 2309.3 0.4306885600 0.6671590209 0.6077879071 -0.8283897638 0.5594943762 -0.0271373466 -0.3581588566 -0.4917975664 0.7936355472
343.3 -133.3 2403.1 0.4404510260 0.6626954675 0.6056712270 -0.8200870752 0.5715066195 -0.0289375335 -0.3653218746 -0.4839575887 0.7951886654
410.7 100.0 2360.3 -0.6974392533 0.3189387619 0.6417605281 -0.5211552978 -0.8404061794 -0.1487097442 0.4919102192 -0.4381728768 0.7523488998
628.9 263.1 2206.3 -0.7532716393 0.0465835817 0.6560577750 -0.1803232282 -0.9738939404 -0.1378916651 0.6325072050 -0.2221723348 0.7420067787
538.5 -140.0 2258.2 -0.5356262922 0.7133933306 -0.4518567026 -0.6532480717 -0.0109505421 0.7570647597 0.5351368785 0.7006782889 0.4718881845
419.7 -284.8 2376.9 0.1383498013 0.7133933306 -0.6869711280 -0.9779969454 -0.0109505421 -0.2083314955 -0.1561450064 0.7006782889 0.6961814761
172.7 -170.6 2530.7 0.6258434653 -0.2176050693 0.7489779592 0.1129391417 0.9754543900 0.1890330464 -0.7717283964 -0.0337161720 0.6350578666
259.2 -558.2 2544.1 0.6297370791 -0.0777314603 0.7729094625 0.0704472288 0.9965956211 0.0428298526 -0.7736073732 0.0274777785 0.6330692172
253.7 -320.5 2465.8 0.3332673907 -0.3773471713 0.8640266061 0.4254985750 0.8779803514 0.2193203419 -0.8413583040 0.2945497632 0.4531629086
403.6 -669.2 2348.8 0.3985699415 -0.3742480874 0.8373054266 0.2815446556 0.9188008308 0.2766543627 -0.8728542924 0.1254727691 0.4715739191
849.7 316.0 2020.9 0 0 0 0 0 0 0 0 0
450.6 -502.7 2342.1 0 0 0 0 0 0 0 0 0
288.9 -938.7 2533.6 0 0 0 0 0 0 0 0 0
544.9 -1016.2 2301.4 0 0 0 0 0 0 0 0 0
603.6 85.8 2214.1 8 0.4274940491 0.6690921783 0.6079182029 -0.8301596642 0.5567699075 -0.0290205032 -0.3578879535 -0.4922630489 0.7934691310
473.3 -22.7 2309.9 0.4274940491 0.6690921783 0.6079182029 -0.8301596642 0.5567699075 -0.0290205032 -0.3578879535 -0.4922630489 0.7934691310
342.0 -135.6 2404.2 0.4375538528 0.6629791260 0.6074580550 -0.8216561079 0.5692242980 -0.0294094495 -0.3652777076 -0.4862534106 0.7938071489
409.8 97.6 2361.0 -0.7002955675 0.3199965060 0.6381131411 -0.5227062106 -0.8386567235 -0.1530787796 0.4861732125 -0.4407460690 0.7545717359
626.0 259.0 2210.9 -0.7346605062 0.0655825362 0.6752576232 -0.2010989636 -0.9716369510 -0.1244222224 0.6479453444 -0.2272017002 0.7270118594
536.8 -142.9 2258.9 -0.5359941125 0.7150028944 -0.4488665760 -0.6512150764 -0.0118137943 0.7588012815 0.5372422934 0.6990216970 0.4719527662
417.9 -287.3 2378.0 0.1355516464 0.7150028944 -0.6858546734 -0.9785408974 -0.0118137943 -0.2057137340 -0.1551884562 0.6990216970 0.6980581880
171.3 -171.7 2532.8 0.6233535409 -0.2221946418 0.7497065663 0.1146543473 0.9743870497 0.1934535354 -0.7734887004 -0.0346328281 0.6328631639
259.6 -558.9 2546.5 0.6261913776 -0.0768390223 0.7758737803 0.0822248608 0.9960907102 0.0322863534 -0.7753214836 0.0435786769 0.6300615072
251.2 -323.2 2467.4 0.3376851678 -0.3821952045 0.8601717949 0.4111599326 0.8819501400 0.2304592133 -0.8467090726 0.2758454978 0.4549648464
403.0 -673.6 2357.8 0.3695102930 -0.3814938068 0.8473043442 0.3396546245 0.9041916132 0.2589832246 -0.8649259210 0.1920938641 0.4636842310
841.9 318.0 2020.5 0 0 0 0 0 0 0 0 0
448.1 -505.3 2343.5 0 0 0 0 0 0 0 0 0
288.9 -939.3 2529.9 0 0 0 0 0 0 0 0 0
547.6 -1016.3 2285.0 0 0 0 0 0 0 0 0 0
602.8 82.9 2213.9 9 0.4292521775 0.6686337590 0.6071832776 -0.8306741714 0.5561870933 -0.0252259411 -0.3545744121 -0.4935431480 0.7941612601
472.5 -25.5 2310.1 0.4292521775 0.6686337590 0.6071832776 -0.8306741714 0.5561870933 -0.0252259411 -0.3545744121 -0.4935431480 0.7941612601
341.3 -138.3 2404.7 0.4394361675 0.6621857882 0.6069644690 -0.8220650554 0.5688262582 -0.0254109036 -0.3620840609 -0.4877977967 0.7943226099
408.7 94.8 2360.7 -0.7095082998 0.2962665558 0.6393935084 -0.4917391241 -0.8580595851 -0.1480756998 0.5047678351 -0.4194757342 0.7544862628
644.9 258.5 2192.6 -0.7433925867 0.0450751446 0.6673347950 -0.1743124723 -0.9763047695 -0.1282347590 0.6457419395 -0.2116535455 0.7336348891
536.3 -145.8 2259.6 -0.5350737572 0.7145398855 -0.4506981969 -0.6503848433 -0.0079351533 0.7595634460 0.5391619802 0.6995496750 0.4689717889
417.6 -290.0 2379.1 0.1376001239 0.7145398855 -0.6859292388 -0.9788094759 -0.0079351533 -0.2046191990 -0.1516515315 0.6995496750 0.6983065605
170.1 -173.3 2534.4 0.6210960150 -0.2237902135 0.7511042953 0.1243288219 0.9743642211 0.1875013113 -0.7738100886 -0.0230724085 0.6329973340
259.0 -560.5 2543.5 0.6261223555 -0.0687228963 0.7766904235 0.0667338595 0.9971764088 0.0344349444 -0.7768638134 0.0302710570 0.6289405823
249.9 -324.6 2468.2 0.3238814175 -0.3881893754 0.8627918959 0.4396329820 0.8692619205 0.2260676026 -0.8377491832 0.3060926497 0.4521986246
404.1 -669.8 2346.6 0.4165781736 -0.3762125969 0.8276029825 0.2429672778 0.9233131409 0.2974217832 -0.8760305643 0.0771810338 0.4760394394
865.5 310.2 2001.0 0 0 0 0 0 0 0 0 0
448.3 -508.1 2345.3 0 0 0 0 0 0 0 0 0
285.3 -941.4 2532.0 0 0 0 0 0 0 0 0 0
546.3 -1018.8 2317.4 0 0 0 0 0 0 0 0 0
610.7 82.2 2213.8 0 0.4387749135 0.6818109155 0.5853292942 -0.8344947100 0.5507831573 -0.0160159785 -0.3333093822 -0.4814268053 0.8106374741
477.4 -25.5 2308.0 0.4387749135 0.6818109155 0.5853292942 -0.8344947100 0.5507831573 -0.0160159785 -0.3333093822 -0.4814268053 0.8106374741
344.0 -137.4 2400.5 0.4496833980 0.6736021042 0.5865535736 -0.8255214691 0.5641711354 -0.0150089264 -0.3410266340 -0.4774632752 0.8097713590
412.2 95.3 2355.5 -0.7093250155 0.3402922451 0.6172999740 -0.5247416496 -0.8396533132 -0.1401018202 0.4706423879 -0.4233007133 0.7741526365
624.6 252.5 2214.5 -0.7429431081 0.0664332062 0.6660497189 -0.1794120520 -0.9784159660 -0.1025353372 0.6448619366 -0.1956752688 0.7388262749
542.6 -146.2 2260.5 -0.5477257371 0.6964852214 -0.4635783136 -0.6449009776 0.0015328977 0.7642645836 0.5330095887 0.7175695300 0.4483243823
421.1 -289.2 2378.7 0.1428026110 0.6964852214 -0.7032181621 -0.9802916646 0.0015328977 -0.1975497454 -0.1365125179 0.7175695300 0.6829775572
169.5 -176.0 2534.9 0.6390340328 -0.2235397398 0.7359792590 0.1223943606 0.9741986990 0.1896221340 -0.7593781352 -0.0310952887 0.6499060988
258.3 -563.1 2547.2 0.6429157853 -0.0815464035 0.7615835071 0.0816498026 0.9959473014 0.0377134867 -0.7615724206 0.0379365459 0.6469684839
249.9 -327.0 2468.9 0.3381934166 -0.3950269222 0.8541539311 0.4441563785 0.8671864271 0.2251950204 -0.8296688199 0.3032184541 0.4687304795
406.8 -671.6 2348.4 0.4265449345 -0.3950007260 0.8136546016 0.2652742267 0.9146695137 0.3049742877 -0.8646901250 0.0857563689 0.4949311316
841.0 304.7 2026.7 0 0 0 0 0 0 0 0 0
452.9 -507.6 2348.2 0 0 0 0 0 0 0 0 0
289.4 -943.6 2532.7 0 0 0 0 0 0 0 0 0
556.9 -1019.1 2315.8 0 0 0 0 0 0 0 0 0
616.6 79.6 2213.8 1 0.4467188418 0.6883111000 0.5715506077 -0.8379571438 0.5457313061 -0.0022775109 -0.3134807050 -0.4779174924 0.8205636740
481.5 -27.5 2307.6 0.4467188418 0.6883111000 0.5715506077 -0.8379571438 0.5457313061 -0.0022775109 -0.3134807050 -0.4779174924 0.8205636740
347.0 -138.7 2399.4 0.4583965242 0.6797180772 0.5725870728 -0.8285187483 0.5599594116 -0.0014397965 -0.3216041923 -0.4737391472 0.8198426366
415.1 93.6 2352.3 -0.7168689966 0.3541831076 0.6005440354 -0.5244262815 -0.8415187597 -0.1297044456 0.4594299495 -0.4079221785 0.7890016437
631.8 252.2 2213.4 -0.7425048947 0.1042696908 0.6616753936 -0.2105291784 -0.9740791917 -0.0827475339 0.6358962059 -0.2007424235 0.7452103496
547.9 -148.7 2263.0 -0.5545313954 0.6840293407 -0.4739185572 -0.6394268870 0.0142224235 0.7687203884 0.5325675607 0.7293158770 0.4294999540
425.0 -290.5 2381.0 0.1485919356 0.6840293407 -0.7141598463 -0.9815633893 0.0142224235 -0.1906069666 -0.1202236712 0.7293158770 0.6735314727
169.0 -173.8 2526.6 0.6531529427 -0.2127528042 0.7267237902 0.1071009114 0.9760261178 0.1894791722 -0.7496136427 -0.0459261052 0.6602804065
253.5 -561.7 2544.9 0.6538386345 -0.1010172516 0.7498603463 0.1004992127 0.9938611984 0.0462577567 -0.7499299645 0.0451152697 0.6599770188
251.3 -325.4 2464.3 0.3518891335 -0.3960973322 0.8481042981 0.4314737320 0.8726924658 0.2285570651 -0.8306650519 0.2855079770 0.4779965878
408.6 -672.1 2350.9 0.4206938744 -0.3770942092 0.8251160979 0.2821481228 0.9187968969 0.2760520279 -0.8622117639 0.1166715473 0.4929286540
849.0 313.8 2027.4 0 0 0 0 0 0 0 0 0
458.1 -509.1 2354.2 0 0 0 0 0 0 0 0 0
292.1 -941.3 2527.6 0 0 0 0 0 0 0 0 0
552.3 -1022.0 2306.4 0 0 0 0 0 0 0 0 0
616.3 80.4 2213.3 2 0.4369427860 0.6911661029 0.5756478310 -0.8392518759 0.5435201526 -0.0155610628 -0.3236314952 -0.4763142169 0.8175496459
480.7 -26.2 2306.7 0.4369427860 0.6911661029 0.5756478310 -0.8392518759 0.5435201526 -0.0155610628 -0.3236314952 -0.4763142169 0.8175496459
345.7 -137.0 2398.3 0.4490728676 0.6821472049 0.5770691037 -0.8295198679 0.5582910180 -0.0144207804 -0.3320095539 -0.4722142816 0.8165680170
415.6 95.1 2352.9 -0.7349491715 0.3205058575 0.5975999832 -0.4933220744 -0.8573550582 -0.1468864232 0.4652774334 -0.4027633369 0.7882249951
652.5 254.1 2203.0 -0.7415372133 0.0731619298 0.6669107080 -0.1843691617 -0.9779879451 -0.0977118909 0.6450818777 -0.1954147667 0.7387032509
545.8 -147.5 2260.6 -0.5573642254 0.6881473064 -0.4645410478 -0.6394421458 0.0010969666 0.7688384652 0.5295836926 0.7255701423 0.4394189715
422.2 -289.3 2378.0 0.1390084028 0.6881473064 -0.7121305466 -0.9816742539 0.0010969666 -0.1905635148 -0.1303545833 0.7255701423 0.6756889820
169.9 -174.0 2523.0 0.6506308913 -0.2227364779 0.7259944677 0.1052221879 0.9732384086 0.2042920589 -0.7520689964 -0.0565280020 0.6566557884
258.4 -560.7 2545.5 0.6514383554 -0.0810455978 0.7543604374 0.0956800729 0.9951158166 0.0242855884 -0.7526443005 0.0563567020 0.6560110450
253.9 -326.0 2464.2 0.3500205278 -0.3937129378 0.8499857187 0.4388113916 0.8705829978 0.2225528955 -0.8276050687 0.2950853407 0.4774876535
410.3 -671.9 2346.9 0.4436306655 -0.3694750667 0.8165047169 0.2380169630 0.9269195795 0.2901171744 -0.8640252948 0.0656371042 0.4991512895
871.4 308.6 2012.5 0 0 0 0 0 0 0 0 0
453.2 -508.0 2348.9 0 0 0 0 0 0 0 0 0
289.4 -940.8 2523.9 0 0 0 0 0 0 0 0 0
551.1 -1025.0 2321.9 0 0 0 0 0 0 0 0 0
618.2 78.3 2220.0 3 0.4375111461 0.7036119699 0.5599234104 -0.8392646313 0.5430696011 -0.0266511738 -0.3228294551 -0.4582637250 0.8281156421
481.0 -27.6 2309.4 0.4375111461 0.7036119699 0.5599234104 -0.8392646313 0.5430696011 -0.0266511738 -0.3228294551 -0.4582637250 0.8281156421
343.7 -138.1 2397.8 0.4492119849 0.6935694814 0.5631784797 -0.8300505877 0.5571676493 -0.0240879077 -0.3304914534 -0.4566460550 0.8259841204
415.9 93.8 2355.3 -0.7274454236 0.3433697522 0.5940710306 -0.5190415978 -0.8416431546 -0.1491061300 0.4487972558 -0.4168141484 0.7904726267
635.1 250.2 2220.1 -0.7544335127 0.0740222707 0.6521891952 -0.1871770322 -0.9766255021 -0.1056757644 0.6291222572 -0.2018001825 0.7506542802
546.0 -149.0 2263.4 -0.5702938437 0.6758661866 -0.4668723941 -0.6395487189 -0.0086481329 0.7687019110 0.5155020952 0.7369735837 0.4371813238
419.6 -290.8 2377.7 0.1348301619 0.6758661866 -0.7245866060 -0.9816058874 -0.0086481329 -0.1907226443 -0.1351693124 0.7369735837 0.6622682214
169.0 -171.9 2522.5 0.6609673500 -0.2406382859 0.7107850313 0.1185275316 0.9687779546 0.2177623808 -0.7409948707 -0.0596862398 0.6688528657
264.6 -556.8 2546.2 0.6642349958 -0.0538292974 0.7455831766 0.0716874599 0.9973939061 0.0081435535 -0.7440785170 0.0480397306 0.6663628221
251.3 -324.0 2461.7 0.3656623960 -0.3991789520 0.8408014774 0.4446883500 0.8685140610 0.2189419568 -0.8176449537 0.2938357890 0.4950931668
409.9 -669.1 2344.9 0.4761571288 -0.3588161469 0.8028233647 0.2077609748 0.9330202937 0.2937830389 -0.8544645905 0.0269084778 0.5188122392
854.2 304.6 2037.4 0 0 0 0 0 0 0 0 0
449.6 -509.5 2347.6 0 0 0 0 0 0 0 0 0
285.1 -937.7 2527.9 0 0 0 0 0 0 0 0 0
546.7 -1024.9 2334.7 0 0 0 0 0 0 0 0 0
624.0 77.6 2216.9 4 0.4337462485 0.7106828094 0.5538899899 -0.8472347260 0.5309220552 -0.0177512839 -0.3066879213 -0.4615752995 0.8324006200
484.8 -26.4 2307.3 0.4337462485 0.7106828094 0.5538899899 -0.8472347260 0.5309220552 -0.0177512839 -0.3066879213 -0.4615752995 0.8324006200
346.1 -134.9 2396.1 0.4468006790 0.7006320953 0.5563127398 -0.8372682333 0.5465611219 -0.0159016401 -0.3152001202 -0.4586780965 0.8308208585
420.1 96.0 2351.0 -0.7360234857 0.3490961790 0.5800011158 -0.5156734586 -0.8442068100 -0.1462727785 0.4385776520 -0.4067513943 0.8013756871
641.7 251.3 2219.0 -0.7526994944 0.0995449796 0.6507951021 -0.2098899633 -0.9732060432 -0.0938948467 0.6240109205 -0.2072699666 0.7534251809
549.5 -148.9 2263.6 -0.5783421397 0.6698097587 -0.4656986296 -0.6288474798 -0.0023837551 0.7775250077 0.5196837783 0.7425289154 0.4225867987
421.2 -288.3 2378.8 0.1299282908 0.6698097587 -0.7310769558 -0.9841907024 -0.0023837551 -0.1770960987 -0.1203634068 0.7425289154 0.6589108109
164.7 -172.7 2518.8 0.6639831066 -0.2410242260 0.7078373432 0.1191740930 0.9686366916 0.2180378288 -0.7381896377 -0.0604175627 0.6718822718
260.5 -557.6 2542.8 0.6688171029 -0.0756515265 0.7395678163 0.0674705058 0.9968802929 0.0409564711 -0.7403590083 0.0225066282 0.6718348265
250.0 -319.8 2460.1 0.3796023428 -0.3879230320 0.8398915529 0.4206563532 0.8809441328 0.2167617977 -0.8239843845 0.2710224390 0.4975907505
404.1 -669.8 2352.4 0.4321826398 -0.3699548244 0.8224059939 0.3021078408 0.9186734557 0.2544994652 -0.8496758342 0.1384650469 0.5088009834
862.1 312.7 2036.3 0 0 0 0 0 0 0 0 0
450.2 -507.6 2352.0 0 0 0 0 0 0 0 0 0
289.4 -938.2 2534.2 0 0 0 0 0 0 0 0 0
544.4 -1018.2 2299.9 0 0 0 0 0 0 0 0 0
638.4 75.8 2218.3 5 0.4434309900 0.7281449437 0.5226604342 -0.8540396094 0.5202079415 -0.0001514212 -0.2720023692 -0.4463055730 0.8525409698
495.4 -26.4 2306.0 0.4434309900 0.7281449437 0.5226604342 -0.8540396094 0.5202079415 -0.0001514212 -0.2720023692 -0.4463055730 0.8525409698
353.6 -132.7 2392.3 0.4567628801 0.7169197798 0.5266817808 -0.8442964554 0.5358691216 0.0027874396 -0.2802341282 -0.4459487498 0.8500579596
429.4 97.0 2344.6 -0.7508993745 0.3606780767 0.5532281995 -0.5038850307 -0.8543983102 -0.1268992573 0.4269074202 -0.3740519881 0.8233074546
663.9 254.4 2211.3 -0.7417061329 0.1062222794 0.6622604132 -0.1832939535 -0.9818957448 -0.0477924570 0.6451940536 -0.1568362862 0.7477479577
561.5 -149.8 2267.3 -0.5969399810 0.6432327032 -0.4794938862 -0.6167814136 0.0142757203 0.7870050073 0.5130724907 0.7655376792 0.3882122338
429.1 -286.5 2381.0 0.1330717951 0.6432327032 -0.7540183067 -0.9866945148 0.0142757203 -0.1619570702 -0.0934119299 0.7655376792 0.6365738511
166.0 -166.7 2516.1 0.6844441891 -0.2399792671 0.6884374022 0.1235651150 0.9687966108 0.2148600072 -0.7185177803 -0.0619928427 0.6927403212
261.3 -551.7 2540.8 0.6896540523 -0.0714370459 0.7206066847 0.0666858852 0.9971588850 0.0350314453 -0.7210618854 0.0238947161 0.6924585104
249.3 -317.7 2459.3 0.3960952461 -0.3926897347 0.8300020099 0.4302815795 0.8779228330 0.2100221366 -0.8111512065 0.2739458084 0.5167081952
405.3 -666.5 2350.4 0.4620954692 -0.3713954687 0.8053156137 0.2852002978 0.9220787287 0.2615944445 -0.8397193551 0.1087946519 0.5320104957
883.9 308.8 2019.9 0 0 0 0 0 0 0 0 0
458.8 -506.3 2360.2 0 0 0 0 0 0 0 0 0
288.6 -932.6 2531.7 0 0 0 0 0 0 0 0 0
546.7 -1017.4 2309.0 0 0 0 0 0 0 0 0 0
646.0 75.3 2222.0 6 0.4389230311 0.7410889864 0.5080685616 -0.8566051126 0.5158241391 -0.0123761017 -0.2712458372 -0.4297819734 0.8612276912
500.3 -26.1 2306.5 0.4389230311 0.7410889864 0.5080685616 -0.8566051126 0.5158241391 -0.0123761017 -0.2712458372 -0.4297819734 0.8612276912
355.9 -131.6 2389.7 0.4520584643 0.7301254272 0.5124060512 -0.8472577929 0.5311006308 -0.0092895208 -0.2789216936 -0.4299406409 0.8586930633
435.0 97.7 2345.0 -0.7408825755 0.3877701163 0.5483861566 -0.5345504880 -0.8347789645 -0.1319084466 0.4066310823 -0.3908687532 0.8257558942
652.1 254.3 2225.9 -0.7515536547 0.1097982004 0.6504701972 -0.1888087392 -0.9806027412 -0.0526257567 0.6320746541 -0.1623655409 0.7577064633
565.7 -150.0 2268.1 -0.6121817231 0.6304721236 -0.4772194922 -0.6138320565 0.0015181208 0.7894352078 0.4984413683 0.7762104273 0.3860746026
429.9 -286.1 2378.6 0.1237435490 0.6304721236 -0.7662848234 -0.9874055982 0.0015181208 -0.1582021862 -0.0985787585 0.7762104273 0.6227195263
169.4 -161.9 2506.5 0.7015110850 -0.2323245406 0.6737266183 0.1050066277 0.9687486291 0.2247213721 -0.7048799992 -0.0868987739 0.7039834857
261.7 -546.7 2541.0 0.7059094310 -0.0710517243 0.7047293782 0.0555513278 0.9974448681 0.0449193232 -0.7061203122 0.0074396776 0.7080528140
253.7 -315.4 2455.6 0.4167581499 -0.3882704377 0.8219237924 0.4261879027 0.8821122646 0.2006035596 -0.8029174805 0.2666907907 0.5331036448
408.0 -665.9 2349.6 0.4789798856 -0.3533940017 0.8035489917 0.2822278142 0.9287801981 0.2402391136 -0.8312194347 0.1117141768 0.5446046591
870.9 309.3 2041.8 0 0 0 0 0 0 0 0 0
457.5 -506.1 2356.6 0 0 0 0 0 0 0 0 0
288.8 -927.8 2538.1 0 0 0 0 0 0 0 0 0
542.8 -1020.0 2307.0 0 0 0 0 0 0 0 0 0
643.9 72.0 2217.9 7 0.4201029241 0.7414711714 0.5231960416 -0.8632862568 0.5042584538 -0.0214527845 -0.2797326446 -0.4426555634 0.8519423008
498.5 -26.9 2304.7 0.4201029241 0.7414711714 0.5231960416 -0.8632862568 0.5042584538 -0.0214527845 -0.2797326446 -0.4426555634 0.8519423008
353.7 -130.0 2390.1 0.4328044653 0.7319779992 0.5262019634 -0.8544642329 0.5191492438 -0.0193649605 -0.2873520553 -0.4412395060 0.8501390815
435.9 98.0 2344.4 -0.7512698174 0.3680900335 0.5478169918 -0.5214082003 -0.8398926258 -0.1507111490 0.4046321809 -0.3988609910 0.8229111433
665.0 256.9 2221.0 -0.7509276271 0.1109267399 0.6510015130 -0.2077906728 -0.9754093885 -0.0734818131 0.6268419027 -0.1904515773 0.7555113435
561.1 -151.8 2265.0 -0.6143631339 0.6430658698 -0.4571916759 -0.6039936543 -0.0104593374 0.7969204783 0.5076904297 0.7657394409 0.3948335350
424.8 -285.7 2377.6 0.1051373258 0.6430658698 -0.7585594654 -0.9892328382 -0.0104593374 -0.1459758282 -0.1018060967 0.7657394409 0.6350421906
169.5 -159.4 2500.6 0.6925211549 -0.2323122174 0.6829681993 0.0897936150 0.9671254754 0.2379189730 -0.7157874107 -0.1034377366 0.6906149983
261.8 -543.7 2541.7 0.6945937276 -0.0647629201 0.7164812088 0.0620396696 0.9976217747 0.0300308466 -0.7167221308 0.0235910211 0.6969596744
248.7 -311.8 2454.5 0.4150153399 -0.3867160082 0.8235368729 0.4102140367 0.8874780536 0.2100171149 -0.8120878935 0.2506660819 0.5269533396
402.3 -664.4 2354.9 0.4459817111 -0.3700464368 0.8149637580 0.3384323716 0.9126508236 0.2291985899 -0.8285914660 0.1735917479 0.5322613120
882.9 317.2 2039.1 0 0 0 0 0 0 0 0 0
448.3 -506.1 2354.9 0 0 0 0 0 0 0 0 0
286.5 -924.8 2532.7 0 0 0 0 0 0 0 0 0
543.3 -1012.0 2288.7 0 0 0 0 0 0 0 0 0
645.2 70.5 2216.8 8 0.4041413665 0.7488304377 0.5252834558 -0.8673295975 0.4961273968 -0.0399622843 -0.2905324697 -0.4394434690 0.8499884009
497.7 -27.2 2303.4 0.4041413665 0.7488304377 0.5252834558 -0.8673295975 0.4961273968 -0.0399622843 -0.2905324697 -0.4394434690 0.8499884009
351.7 -129.1 2388.0 0.4188349247 0.7383776903 0.5285600424 -0.8573561311 0.5133383870 -0.0377382450 -0.2991952300 -0.4373580813 0.8480566740
437.2 98.1 2344.8 -0.7502897382 0.3800281882 0.5409657359 -0.5419387221 -0.8221987486 -0.1740449369 0.3786393702 -0.4237543941 0.8228392601
652.7 253.8 2236.0 -0.7604085803 0.1080750003 0.6403893828 -0.2194205970 -0.9708260298 -0.0967025310 0.6112555861 -0.2140480578 0.7619383335
558.2 -152.6 2262.0 -0.6218554974 0.6452756524 -0.4437511861 -0.6007636786 -0.0295757260 0.7988793850 0.5023731589 0.7633771300 0.4060499668
420.4 -285.8 2373.4 0.0897499323 0.6452756524 -0.7586595416 -0.9893957376 -0.0295757260 -0.1422017217 -0.1141972169 0.7633771300 0.6357785463
168.7 -154.8 2504.1 0.6921171546 -0.2181047201 0.6880437136 0.0853424668 0.9712942839 0.2220452875 -0.7167220712 -0.0949620083 0.6908630133
255.3 -540.7 2541.8 0.6923370957 -0.0848094299 0.7165728807 0.0827870145 0.9958472252 0.0378757268 -0.7168093324 0.0331001617 0.6964831352
243.7 -309.9 2449.0 0.4241029322 -0.3873668313 0.8185864091 0.4008933008 0.8908163905 0.2138475329 -0.8120476007 0.2374724299 0.5330905914
397.6 -663.8 2354.7 0.4395588338 -0.3791642189 0.8142619729 0.3651787043 0.9036695361 0.2236646414 -0.8206293583 0.1990373731 0.5356786251
871.7 317.0 2060.0 0 0 0 0 0 0 0 0 0
440.4 -506.2 2347.9 0 0 0 0 0 0 0 0 0
287.7 -921.1 2529.2 0 0 0 0 0 0 0 0 0
542.2 -1008.5 2278.7 0 0 0 0 0 0 0 0 0
644.5 68.6 2214.8 9 0.3994719982 0.7470280528 0.5313861370 -0.8681917191 0.4944152534 -0.0423868373 -0.2943895757 -0.4444127083 0.8460686207
497.6 -28.6 2302.2 0.3994719982 0.7470280528 0.5313861370 -0.8681917191 0.4944152534 -0.0423868373 -0.2943895757 -0.4444127083 0.8460686207
351.6 -130.2 2387.5 0.4142434597 0.7376456857 0.5331802368 -0.8581816554 0.5116924644 -0.0411710441 -0.3031939566 -0.4405106604 0.8449992537
437.7 96.8 2344.2 -0.7608643174 0.3743433654 0.5300495625 -0.5359647870 -0.8230176568 -0.1881055981 0.3658240438 -0.4272107184 0.8268396258
666.7 258.2 2234.1 -0.7542101145 0.1081701443 0.6476621628 -0.2229664177 -0.9699224830 -0.0976541117 0.6176188588 -0.2180586308 0.7556436658
557.4 -154.1 2260.2 -0.6210572124 0.6494457722 -0.4387575388 -0.5996367931 -0.0332379192 0.7995817661 0.5047015548 0.7596811652 0.4100742042
419.7 -287.0 2372.1 0.0857566223 0.6494457722 -0.7555567622 -0.9894691706 -0.0332379192 -0.1408759207 -0.1166044027 0.7596811652 0.6397561431
166.6 -152.5 2502.4 0.6875398755 -0.2207306772 0.6917852759 0.0880937576 0.9709978700 0.2222670019 -0.7207831740 -0.0918754712 0.6870447397
254.3 -538.4 2538.9 0.6889210343 -0.0849348083 0.7198429704 0.0728500783 0.9961957932 0.0478211902 -0.7211661935 0.0194955934 0.6924877167
243.2 -310.6 2448.0 0.4246520400 -0.3863257766 0.8187936544 0.3923173249 0.8935876489 0.2181472629 -0.8159397840 0.2285902500 0.5310261250
396.7 -665.7 2357.1 0.4323566854 -0.3822355568 0.8166784644 0.3744522631 0.9000293016 0.2230085284 -0.8202763200 0.2093878537 0.5322626233
886.0 323.0 2054.5 0 0 0 0 0 0 0 0 0
438.8 -507.5 2346.1 0 0 0 0 0 0 0 0 0
286.7 -918.9 2531.4 0 0 0 0 0 0 0 0 0
542.7 -1009.3 2277.2 0 0 0 0 0 0 0 0 0
646.3 68.0 2220.8 0 0.3984939158 0.7579285502 0.5164754391 -0.8694205284 0.4914904535 -0.0504493564 -0.2920797765 -0.4289306104 0.8548145890
497.4 -28.5 2305.0 0.3984939158 0.7579285502 0.5164754391 -0.8694205284 0.4914904535 -0.0504493564 -0.2920797765 -0.4289306104 0.8548145890
349.7 -129.7 2387.5 0.4140396118 0.7472470403 0.5198010206 -0.8590815067 0.5095607042 -0.0482376106 -0.3009155989 -0.4265791774 0.8529244065
437.6 97.1 2346.7 -0.7584245205 0.4001010954 0.5145010352 -0.5583483577 -0.8060668111 -0.1962228715 0.3362132311 -0.4360910654 0.8347366452
653.9 256.3 2250.8 -0.7594500780 0.1238513067 0.6386677027 -0.2383636683 -0.9664162397 -0.0960333347 0.6053249836 -0.2251676917 0.7634665370
557.3 -154.1 2263.3 -0.6321634650 0.6374156475 -0.4405345321 -0.5984742045 -0.0405628644 0.8001145720 0.4921361804 0.7694517374 0.4071191549
417.1 -286.8 2372.5 0.0819699019 0.6374156475 -0.7661476731 -0.9893767834 -0.0405628644 -0.1396004111 -0.1200606227 0.7694517374 0.6273192763
167.1 -153.2 2502.8 0.6973373890 -0.2190164328 0.6824605465 0.0954963639 0.9720706940 0.2143805623 -0.7103527784 -0.0843230784 0.6987764835
254.1 -539.5 2536.3 0.6999467611 -0.0885455385 0.7086848617 0.0689671561 0.9960273504 0.0563303158 -0.7108572721 0.0094477618 0.7032728195
239.3 -309.7 2445.0 0.4391702116 -0.3899659812 0.8093553185 0.3943673074 0.8931251168 0.2163376659 -0.8072199225 0.2241742164 0.5460237861
394.2 -664.6 2355.9 0.4430380762 -0.3879314065 0.8082242608 0.3854993880 0.8963618279 0.2189194411 -0.8093870878 0.2145803124 0.5466697216
872.8 325.0 2076.4 0 0 0 0 0 0 0 0 0
435.4 -507.2 2345.7 0 0 0 0 0 0 0 0 0
288.0 -920.0 2532.7 0 0 0 0 0 0 0 0 0
542.4 -1007.0 2274.0 0 0 0 0 0 0 0 0 0
648.3 65.6 2223.8 1 0.3945797682 0.7690277100 0.5028948188 -0.8733075857 0.4840540886 -0.0550045371 -0.2857283056 -0.4174782038 0.8625956774
497.6 -29.3 2305.6 0.3945797682 0.7690277100 0.5028948188 -0.8733075857 0.4840540886 -0.0550045371 -0.2857283056 -0.4174782038 0.8625956774
347.9 -129.1 2386.3 0.4106253386 0.7568633556 0.5084729195 -0.8629313111 0.5027005672 -0.0513973534 -0.2945103645 -0.4176721275 0.8595426679
438.3 96.9 2346.3 -0.7630690336 0.4024723172 0.5057090521 -0.5562595129 -0.8073709607 -0.1967929155 0.3290911317 -0.4314720631 0.8399588466
665.8 262.7 2248.2 -0.7612935305 0.1434506625 0.6323401928 -0.2604565620 -0.9607387185 -0.0956214666 0.5937967300 -0.2374931574 0.7687668204
556.9 -155.5 2264.8 -0.6433731914 0.6272013187 -0.4389640093 -0.5924821496 -0.0448224656 0.8043356538 0.4848049283 0.7775663733 0.4004431367
414.2 -286.8 2372.3 0.0751989037 0.6272013187 -0.7752184272 -0.9901935458 -0.0448224656 -0.1323164850 -0.1177362725 0.7775663733 0.6176801324
163.2 -152.1 2499.8 0.7054159045 -0.2215964496 0.6732633114 0.0962854400 0.9710260630 0.2187177837 -0.7022233009 -0.0894615352 0.7063137293
251.3 -538.0 2535.4 0.7082532644 -0.0977697074 0.6991554499 0.0699558854 0.9952089190 0.0683035553 -0.7024837732 0.0005338223 0.7116995454
235.2 -308.1 2442.5 0.4515904486 -0.3947718441 0.8001382947 0.3921166956 0.8933551908 0.2194562256 -0.8014428020 0.2146432400 0.5582273006
392.1 -663.1 2357.2 0.4535405040 -0.3937450051 0.7995410562 0.3877016902 0.8949482441 0.2208054215 -0.8024889231 0.2098392099 0.5585508943
888.5 338.9 2074.5 0 0 0 0 0 0 0 0 0
431.0 -507.4 2346.1 0 0 0 0 0 0 0 0 0
288.6 -918.3 2535.2 0 0 0 0 0 0 0 0 0
542.5 -1005.0 2277.0 0 0 0 0 0 0 0 0 0
657.2 67.9 2224.8 2 0.3999222815 0.7797302008 0.4817498922 -0.8769925833 0.4782877862 -0.0460956059 -0.2663572133 -0.4040564001 0.8750955462
503.6 -26.3 2304.4 0.3999222815 0.7797302008 0.4817498922 -0.8769925833 0.4782877862 -0.0460956059 -0.2663572133 -0.4040564001 0.8750955462
351.9 -124.8 2382.8 0.4154007733 0.7674223185 0.4883699119 -0.8672441840 0.4961146116 -0.0419262908 -0.2744626105 -0.4061197340 0.8716289401
443.7 100.5 2342.2 -0.7702050209 0.4055171907 0.4922804832 -0.5469999909 -0.8169113994 -0.1828846037 0.3279866874 -0.4101360440 0.8510071635
683.4 270.7 2240.1 -0.7847468853 0.1362083405 0.6046648622 -0.2421209812 -0.9654092789 -0.0967592299 0.5705696344 -0.2223335654 0.7905808687
563.5 -153.1 2266.5 -0.6557126045 0.6089742780 -0.4463085234 -0.5852930546 -0.0365791917 0.8099963069 0.4769412875 0.7923460603 0.3804138601
418.2 -282.8 2372.3 0.0756992772 0.6089742780 -0.7895694375 -0.9916962385 -0.0365791917 -0.1232905835 -0.1039626077 0.7923460603 0.6011484861
159.9 -149.8 2496.3 0.7192251086 -0.2256610841 0.6571090221 0.0970223323 0.9691381454 0.2266227752 -0.6879693866 -0.0992385373 0.7189226747
249.6 -535.0 2535.7 0.7214263678 -0.1000869051 0.6852201223 0.0766604394 0.9949611425 0.0646182299 -0.6882348657 0.0059119831 0.7254638672
237.5 -302.9 2438.4 0.4709830582 -0.3862861991 0.7930687070 0.3811582029 0.8998854160 0.2119542658 -0.7955459952 0.2024577707 0.5710669756
391.0 -660.5 2357.9 0.4719326496 -0.3857581913 0.7927611470 0.3789455891 0.9006506801 0.2126700878 -0.7960400581 0.2000473887 0.5712278485
914.8 342.1 2071.9 0 0 0 0 0 0 0 0 0
435.0 -503.8 2349.1 0 0 0 0 0 0 0 0 0
287.8 -915.1 2533.5 0 0 0 0 0 0 0 0 0
538.4 -1004.6 2281.5 0 0 0 0 0 0 0 0 0
661.9 66.7 2227.8 3 0.3935646713 0.7910009027 0.4684276581 -0.8840393424 0.4654155374 -0.0431602374 -0.2521533072 -0.3971221447 0.8824470043
506.5 -24.7 2305.8 0.3935646713 0.7910009027 0.4684276581 -0.8840393424 0.4654155374 -0.0431602374 -0.2521533072 -0.3971221447 0.8824470043
352.6 -120.8 2382.9 0.4095140696 0.7787317038 0.4752632380 -0.8743963838 0.4836401641 -0.0390274562 -0.2602483034 -0.3995861709 0.8789776564
447.5 103.1 2341.5 -0.7689507008 0.4385942519 0.4651342630 -0.5703917146 -0.7992602587 -0.1893048882 0.2887353003 -0.4108748734 0.8647622466
669.4 267.7 2258.2 -0.7948987484 0.1619850099 0.5847194791 -0.2643092871 -0.9599053860 -0.0933932289 0.5461470485 -0.2287849486 0.8058416843
565.5 -152.5 2270.0 -0.6690652370 0.5970494747 -0.4425874352 -0.5733754635 -0.0357806943 0.8185110688 0.4728555083 0.8014060259 0.3662731349
417.2 -279.6 2374.8 0.0660119206 0.5970494747 -0.7994837761 -0.9934254289 -0.0357806943 -0.1087461188 -0.0935328975 0.8014060259 0.5907621980
161.4 -143.9 2488.6 0.7303181291 -0.2283914536 0.6437956095 0.0815027282 0.9648528099 0.2498327345 -0.6782276630 -0.1299862862 0.7232640386
252.1 -527.1 2540.2 0.7306408286 -0.0913358405 0.6766252518 0.0780336484 0.9956889749 0.0501422547 -0.6782881021 0.0161635596 0.7346183062
235.4 -297.0 2438.4 0.4799579084 -0.3868628442 0.7873865366 0.3840636015 0.8995990157 0.2078865469 -0.7887557149 0.2026297003 0.5803495646
389.2 -654.5 2357.9 0.4804314971 -0.3865993917 0.7872270942 0.3829621971 0.8999827504 0.2082571387 -0.7890028358 0.2014249414 0.5804330111
900.0 344.4 2099.8 0 0 0 0 0 0 0 0 0
431.9 -500.9 2354.0 0 0 0 0 0 0 0 0 0
287.0 -907.6 2534.1 0 0 0 0 0 0 0 0 0
536.9 -998.4 2280.9 0 0 0 0 0 0 0 0 0
663.5 66.0 2227.8 4 0.3883340955 0.7988017201 0.4594697356 -0.8893674612 0.4554306567 -0.0401050709 -0.2412925959 -0.3930632770 0.8872874975
506.7 -23.4 2304.9 0.3883340955 0.7988017201 0.4594697356 -0.8893674612 0.4554306567 -0.0401050709 -0.2412925959 -0.3930632770 0.8872874975
351.2 -117.4 2381.4 0.4038443565 0.7868171334 0.4667210579 -0.8802848458 0.4730885029 -0.0358587950 -0.2490146756 -0.3963660896 0.8836773038
448.5 105.2 2339.1 -0.7791904807 0.4385930896 0.4477703869 -0.5627408624 -0.8041169643 -0.1916209012 0.2760161757 -0.4012878835 0.8733745813
677.6 270.7 2257.9 -0.7976811528 0.1805243045 0.5754266381 -0.2822719812 -0.9549406171 -0.0917111859 0.5329421759 -0.2355830967 0.8126950860
564.9 -152.0 2270.8 -0.6786643863 0.5892453790 -0.4384113252 -0.5631918907 -0.0343852565 0.8256103992 0.4714122415 0.8072221279 0.3551942706
414.4 -276.8 2375.3 0.0577318668 0.5892453790 -0.8058888912 -0.9947482944 -0.0343852565 -0.0964029059 -0.0845156610 0.8072221279 0.5841656923
160.3 -136.7 2486.1 0.7324258089 -0.2257049531 0.6423470378 0.0902182087 0.9673071504 0.2370180786 -0.6748430133 -0.1156467497 0.7288433909
250.0 -521.0 2532.1 0.7352200150 -0.0977136940 0.6707484722 0.0643223599 0.9951468706 0.0744666457 -0.6747696996 -0.0116052469 0.7379371524
231.9 -292.1 2437.3 0.4859178662 -0.3896725178 0.7823293209 0.3842615485 0.8992060423 0.2092166543 -0.7850012183 0.1989569664 0.5866764188
386.7 -649.4 2358.3 0.4861558080 -0.3895402551 0.7822473645 0.3837124407 0.8993964791 0.2094057351 -0.7851224542 0.1983542293 0.5867182612
909.7 352.8 2102.8 0 0 0 0 0 0 0 0 0
427.3 -498.5 2356.4 0 0 0 0 0 0 0 0 0
287.3 -901.1 2536.5 0 0 0 0 0 0 0 0 0
535.6 -993.1 2282.5 0 0 0 0 0 0 0 0 0
659.2 65.6 2226.8 5 0.3769947588 0.7955557108 0.4743058681 -0.8895627856 0.4536311030 -0.0538224578 -0.2579786479 -0.4016340971 0.8787133098
504.2 -22.8 2305.0 0.3769947588 0.7955557108 0.4743058681 -0.8895627856 0.4536311030 -0.0538224578 -0.2579786479 -0.4016340971 0.8787133098
349.0 -116.1 2383.0 0.3912491798 0.7849233150 0.4804367423 -0.8812324405 0.4700056911 -0.0502395555 -0.2652421892 -0.4037202895 0.8755892515
447.8 106.0 2341.5 -0.7858933210 0.4211004078 0.4528202415 -0.5532259345 -0.8059569597 -0.2106525898 0.2762477398 -0.4160623550 0.8663598299
686.6 274.1 2257.6 -0.8099814057 0.1729277521 0.5603803396 -0.2919187844 -0.9476338029 -0.1295131147 0.5086389780 -0.2684887648 0.8180465698
560.6 -151.5 2268.5 -0.6764622331 0.6017301083 -0.4246407747 -0.5619732141 -0.0490724966 0.8256984949 0.4760094285 0.7971905470 0.3713518679
410.6 -276.1 2374.1 0.0467202589 0.6017301083 -0.7973318696 -0.9942390323 -0.0490724966 -0.0952921882 -0.0964672416 0.7971905470 0.5959708691
