-930.1 331.6 2956.6 82 -0.4606037140 -0.2032370567 0.8640248179 0.1188068539 0.9505568743 0.2869260609 -0.8796187639 0.2348112911 -0.4136840701
-889.3 140.7 2909.4 -0.4606037140 -0.2032370567 0.8640248179 0.1188068539 0.9505568743 0.2869260609 -0.8796187639 0.2348112911 -0.4136840701
-855.7 -49.7 2866.3 -0.4585421979 -0.1779658049 0.8706705570 0.1084681824 0.9612091780 0.2535971701 -0.8820281625 0.2107250690 -0.4214513600
-824.3 125.6 3036.3 -0.8403195143 0.3499851227 0.4139729142 0.5255764127 0.7130604982 0.4640195370 -0.1327878088 0.6074990630 -0.7831425667
-541.7 -51.2 3081.0 -0.6663183570 0.4484968185 0.5957100391 0.7124459743 0.6187183857 0.3310714364 -0.2200922817 0.6450101733 -0.7317931652
-954.3 155.9 2782.5 -0.9626142979 -0.2357670218 0.1333703250 -0.1964436173 0.2686158717 -0.9430034161 0.1865037233 -0.9339482784 -0.3048883975
-1195.4 106.7 2829.2 0.7616224289 -0.2357670218 -0.6036101580 0.6479942799 0.2686158717 0.7127053738 -0.0058931541 -0.9339482784 0.3573595583
-778.6 -250.5 2904.6 0.2422604412 0.2477067709 0.9380571842 -0.0188160241 0.9678763747 -0.2507215440 -0.9700287580 0.0430894084 0.2391390204
-875.7 -629.9 2887.7 0.2422604412 -0.5316912532 0.8115505576 -0.0188160241 0.8337358236 0.5518428683 -0.9700287580 -0.1489598602 0.1919768900
-860.2 -237.9 2732.5 0.2817688286 -0.1780006588 0.9428266287 0.0062316796 0.9829597473 0.1837152094 -0.9594621062 -0.0458898246 0.2780766785
-789.5 -628.3 2750.8 0.2626404464 -0.1095648929 0.9586529732 0.2576854825 0.9654113054 0.0397396758 -0.9298484921 0.2365937084 0.2817893326
-355.4 -250.3 3142.5 0 0 0 0 0 0 0 0 0
-1000.9 272.1 2827.7 0 0 0 0 0 0 0 0 0
-701.9 -902.4 2936.4 0 0 0 0 0 0 0 0 0
-753.7 -944.3 2673.3 0 0 0 0 0 0 0 0 0
-934.8 336.6 2967.7 83 -0.3998762965 -0.1911246032 0.8964208364 0.1269406080 0.9570444822 0.2606758773 -0.9077362418 0.2180303037 -0.3584379256
-896.5 144.9 2924.0 -0.3998762965 -0.1911246032 0.8964208364 0.1269406080 0.9570444822 0.2606758773 -0.9077362418 0.2180303037 -0.3584379256
-864.8 -46.6 2884.4 -0.3971728683 -0.1680202484 0.9022321701 0.1124593019 0.9667788148 0.2295464575 -0.9108274579 0.1926340312 -0.3650828898
-840.3 129.2 3055.0 -0.8168716431 0.3267138004 0.4753723145 0.5443449616 0.7092535496 0.4479374588 -0.1908121407 0.6246739030 -0.7572141290
-565.6 -53.9 3119.2 -0.6330633163 0.4202502370 0.6500927210 0.7263414860 0.6128923297 0.3111125529 -0.2676917017 0.6691433191 -0.6932448149
-952.6 160.6 2793.0 -0.9772177339 -0.1676681489 0.1301263124 -0.1720561981 0.2668589950 -0.9482525587 0.1242663786 -0.9490382671 -0.2896277010
-1197.4 117.5 2824.1 0.7758508325 -0.1676681489 -0.6082292795 0.6296484470 0.2668589950 0.7296088934 0.0399792790 -0.9490382671 0.3126147687
-795.3 -248.8 2929.0 0.3050405681 0.2692474425 0.9134856462 -0.0326321162 0.9615936875 -0.2725302875 -0.9517801404 0.0533238202 0.3021111786
-901.0 -626.1 2908.1 0.3050405681 -0.5005152225 0.8102065921 -0.0326321162 0.8447611928 0.5341476202 -0.9517801404 -0.1893754601 0.2413535565
-861.9 -230.7 2744.3 0.3408931196 -0.1649996936 0.9255090356 0.0109713627 0.9851083755 0.1715839654 -0.9400380254 -0.0483376980 0.3376269341
-796.3 -622.1 2763.5 0.3201783299 -0.1201979443 0.9397011995 0.2856210172 0.9580106735 0.0252221189 -0.9032754302 0.2603228390 0.3410653174
-388.6 -256.9 3194.0 0 0 0 0 0 0 0 0 0
-999.3 278.3 2834.3 0 0 0 0 0 0 0 0 0
-737.4 -902.1 2970.0 0 0 0 0 0 0 0 0 0
-755.5 -947.2 2675.1 0 0 0 0 0 0 0 0 0
-940.2 340.3 2985.2 84 -0.3450475633 -0.1731297076 0.9224793911 0.1511724442 0.9597570896 0.2366710305 -0.9263309836 0.2211162299 -0.3049894273
-905.3 146.8 2940.6 -0.3450475633 -0.1731297076 0.9224793911 0.1511724442 0.9597570896 0.2366710305 -0.9263309836 0.2211162299 -0.3049894273
-878.7 -45.4 2900.5 -0.3426286876 -0.1423296779 0.9286268353 0.1363719255 0.9704530835 0.1990564913 -0.9295204282 0.1948410869 -0.3130953014
-857.0 127.6 3074.3 -0.7845712900 0.3183076680 0.5320978165 0.5765633583 0.6902140975 0.4372403920 -0.2280844450 0.6498343945 -0.7250467539
-593.1 -66.3 3151.0 -0.5902420282 0.4056555629 0.6978953481 0.7522707582 0.5899645686 0.2933095694 -0.2927508950 0.6981298923 -0.6533847451
-953.7 165.9 2807.0 -0.9882284999 -0.1058261991 0.1104771644 -0.1363945454 0.2823996544 -0.9495509267 0.0692886487 -0.9534417987 -0.2935095131
-1201.2 131.7 2824.3 0.7953127027 -0.1058261991 -0.5968907475 0.5995835662 0.2823996544 0.7488324046 0.0893156603 -0.9534417987 0.2880476713
-819.2 -250.4 2946.4 0.3549217284 0.3018301427 0.8848327994 -0.0345747732 0.9500407577 -0.3102050424 -0.9342564940 0.0795056149 0.3476258218
-937.6 -623.1 2915.2 0.3549217284 -0.4583589435 0.8148236871 -0.0345747732 0.8645345569 0.5013827085 -0.9342564940 -0.2061239630 0.2909944654
-867.6 -228.4 2763.0 0.3855858445 -0.1647760719 0.9078394175 0.0489116721 0.9861912131 0.1582229882 -0.9213746190 -0.0166045967 0.3883208334
-802.2 -620.1 2769.6 0.3646792173 -0.1297881454 0.9220434427 0.2981300354 0.9543839097 0.0164264347 -0.8821153641 0.2688984573 0.3867377341
-428.1 -276.5 3232.8 0 0 0 0 0 0 0 0 0
-998.1 284.8 2847.1 0 0 0 0 0 0 0 0 0
-787.8 -905.6 2982.6 0 0 0 0 0 0 0 0 0
-757.7 -946.9 2677.6 0 0 0 0 0 0 0 0 0
-946.9 339.1 3007.0 85 -0.2799046636 -0.1626465023 0.9461498260 0.1944938451 0.9555001259 0.2217920125 -0.9401199222 0.2461009473 -0.2358151972
-914.2 147.0 2957.5 -0.2799046636 -0.1626465023 0.9461498260 0.1944938451 0.9555001259 0.2217920125 -0.9401199222 0.2461009473 -0.2358151972
-889.6 -44.2 2911.9 -0.2775603235 -0.1312839985 0.9516957402 0.1791669279 0.9661658406 0.1855338216 -0.9438534975 0.2220092267 -0.2446475476
-875.2 121.7 3093.2 -0.7537581325 0.2916238308 0.5889008641 0.6051527262 0.6574012637 0.4490142465 -0.2562009394 0.6948230863 -0.6719985008
-621.7 -81.8 3179.4 -0.5514152050 0.3731678426 0.7461146116 0.7778629661 0.5531722903 0.2982107103 -0.3014473021 0.7448128462 -0.5953010917
-953.2 172.2 2821.8 -0.9936540127 -0.0362368152 0.1064828709 -0.1124797985 0.3196151853 -0.9408476949 0.0000597831 -0.9468542933 -0.3216628134
-1202.1 144.0 2821.8 0.8020148277 -0.0362368152 -0.5962039232 0.5745614767 0.3196151853 0.7534754276 0.1632522792 -0.9468542933 0.2771564126
-838.1 -252.3 2953.7 0.4139573872 0.3183757961 0.8528048396 -0.0097580627 0.9383413792 -0.3455723226 -0.9102439284 0.1347304881 0.3915400803
-962.8 -620.1 2900.9 0.4139573872 -0.4234902263 0.8057886362 -0.0097580627 0.8830785155 0.4691237211 -0.9102439284 -0.2020601779 0.3614244461
-881.6 -225.7 2776.8 0.4457231164 -0.1760144085 0.8776957393 0.0752642900 0.9843754172 0.1591863930 -0.8920012116 -0.0048939022 0.4520064890
-811.7 -616.7 2778.7 0.4217643738 -0.1490250528 0.8943748474 0.3245166242 0.9458689690 0.0045714844 -0.8466426730 0.2883114219 0.4472949207
-467.5 -299.2 3263.6 0 0 0 0 0 0 0 0 0
-997.3 290.7 2863.5 0 0 0 0 0 0 0 0 0
-824.4 -908.7 2967.0 0 0 0 0 0 0 0 0 0
-760.4 -942.4 2679.5 0 0 0 0 0 0 0 0 0
-950.6 336.6 3016.9 86 -0.2422591299 -0.1469042450 0.9590253830 0.2092312574 0.9573006034 0.1994938850 -0.9473820925 0.2489872873 -0.2011778504
-921.2 145.3 2967.1 -0.2422591299 -0.1469042450 0.9590253830 0.2092312574 0.9573006034 0.1994938850 -0.9473820925 0.2489872873 -0.2011778504
-897.5 -45.5 2919.9 -0.2402803898 -0.1267440021 0.9623935223 0.1953323781 0.9648456573 0.1758355051 -0.9508473277 0.2302364260 -0.2070762962
-887.6 117.8 3103.8 -0.7358586788 0.2744141519 0.6190386415 0.6186293960 0.6441777349 0.4498140812 -0.2753355801 0.7139551044 -0.6437844634
-640.1 -90.3 3196.4 -0.5297512412 0.3526963592 0.7713422775 0.7891646624 0.5382042527 0.2958975136 -0.3107777238 0.7654681206 -0.5634498596
-954.9 172.9 2830.5 -0.9943665266 0.0028024581 0.1059590578 -0.0990030244 0.3325267434 -0.9378829002 -0.0378625989 -0.9430896640 -0.3303760290
-1203.9 148.1 2821.0 0.8028946519 0.0028024581 -0.5961143970 0.5614455342 0.3325267434 0.7577630877 0.2003475726 -0.9430896640 0.2654105127
-850.2 -255.0 2960.9 0.4470350146 0.3262212276 0.8329101801 -0.0041805063 0.9318807125 -0.3627406955 -0.8945066929 0.1586758047 0.4179470837
-978.2 -620.6 2898.7 0.4470350146 -0.4042570591 0.7979573607 -0.0041805063 0.8911004663 0.4537867904 -0.8945066929 -0.2061944604 0.3966631293
-888.6 -219.7 2781.6 0.4797985554 -0.1682255715 0.8611001968 0.0773298964 0.9857351780 0.1494867653 -0.8739641905 -0.0051347460 0.4859631658
-821.7 -611.4 2783.6 0.4506722987 -0.1708084345 0.8761957288 0.3382265866 0.9410169721 0.0094776675 -0.8261339068 0.2920813560 0.4818622172
-492.0 -310.9 3283.3 0 0 0 0 0 0 0 0 0
-998.9 291.4 2872.1 0 0 0 0 0 0 0 0 0
-846.0 -912.1 2966.1 0 0 0 0 0 0 0 0 0
-761.7 -942.2 2680.9 0 0 0 0 0 0 0 0 0
-954.6 331.7 3033.8 87 -0.2182175368 -0.1419223845 0.9655253291 0.2496991009 0.9483154416 0.1958269775 -0.9434148073 0.2838236988 -0.1715011746
-926.3 142.9 2977.3 -0.2182175368 -0.1419223845 0.9655253291 0.2496991009 0.9483154416 0.1958269775 -0.9434148073 0.2838236988 -0.1715011746
-903.1 -46.3 2923.5 -0.2158476859 -0.1241189092 0.9685062170 0.2327289283 0.9567620158 0.1744813323 -0.9482863545 0.2630608082 -0.1776288003
-896.2 110.0 3113.6 -0.7238599062 0.2626658380 0.6379917860 0.6352190375 0.6146477461 0.4676590562 -0.2693021297 0.7437841296 -0.6117691994
-652.7 -103.7 3204.2 -0.5155426264 0.3388040662 0.7870372534 0.8050361276 0.5061135292 0.3094607294 -0.2934836149 0.7931336164 -0.5336725712
-956.5 175.8 2841.0 -0.9939727187 0.0281215943 0.1059592292 -0.0883121341 0.3672826588 -0.9259073734 -0.0649549738 -0.9296841621 -0.3625854552
-1205.4 153.7 2824.8 0.8025552630 0.0281215943 -0.5959146023 0.5461550355 0.3672826588 0.7528732419 0.2400410920 -0.9296841621 0.2794058621
-858.5 -257.5 2958.0 0.4679189026 0.3306708932 0.8195783496 0.0244707577 0.9221614003 -0.3860305250 -0.8834325671 0.2006866783 0.4234049618
-988.2 -619.3 2879.2 0.4679189026 -0.3921921551 0.7919830680 0.0244707577 0.9015461802 0.4319902956 -0.8834325671 -0.1827560067 0.4314477444
-894.1 -219.3 2787.1 0.5035669804 -0.1670968831 0.8476431370 0.0908485055 0.9859202504 0.1403844208 -0.8591663837 0.0063141505 0.5116574168
-827.7 -611.1 2784.6 0.4725393951 -0.1832454205 0.8620485067 0.3404774368 0.9401598573 0.0132138338 -0.8128847480 0.2872640193 0.5066534877
-508.7 -328.7 3286.2 0 0 0 0 0 0 0 0 0
-1000.5 293.1 2886.0 0 0 0 0 0 0 0 0 0
-859.9 -914.2 2939.0 0 0 0 0 0 0 0 0 0
-762.8 -944.2 2682.8 0 0 0 0 0 0 0 0 0
-959.3 328.1 3043.3 88 -0.1811421067 -0.1450898796 0.9726954699 0.2508781850 0.9495174289 0.1883528531 -0.9509193897 0.2781467140 -0.1355977058
-930.5 139.2 2987.9 -0.1811421067 -0.1450898796 0.9726954699 0.2508781850 0.9495174289 0.1883528531 -0.9509193897 0.2781467140 -0.1355977058
-906.6 -50.0 2934.3 -0.1792578399 -0.1269086897 0.9755823016 0.2376730293 0.9566852450 0.1681215763 -0.9546612501 0.2620067000 -0.1413305700
-905.6 105.6 3125.1 -0.7089761496 0.2395464480 0.6633026004 0.6413863897 0.6100701094 0.4652289152 -0.2932171524 0.7552694678 -0.5861669779
-667.1 -110.2 3223.7 -0.4987146556 0.3130523860 0.8082585335 0.8097811341 0.5008133054 0.3056805432 -0.3090926111 0.8069598675 -0.5032668710
-955.3 172.8 2850.8 -0.9915208817 0.0648113415 0.1126315743 -0.0809031799 0.3703950644 -0.9253443480 -0.1016909927 -0.9266104698 -0.3620109856
-1203.7 152.5 2825.3 0.7970554233 0.0648113415 -0.6004183292 0.5394860506 0.3703950644 0.7561496496 0.2713990510 -0.9266104698 0.2602605522
-864.9 -261.8 2969.6 0.5003263354 0.3298590481 0.8005414009 0.0238608420 0.9189828634 -0.3935748935 -0.8655080795 0.2160174847 0.4519206285
-994.4 -622.5 2884.8 0.5003263354 -0.3784937263 0.7787271738 0.0238608420 0.9050782323 0.4245751500 -0.8655080795 -0.1938450485 0.4618656635
-898.0 -215.0 2784.5 0.5375974774 -0.1553326547 0.8287706375 0.0764092878 0.9878159761 0.1355774850 -0.8397324681 -0.0095603429 0.5429162383
-836.3 -607.5 2788.3 0.5028260350 -0.1964408904 0.8417701125 0.3502234519 0.9366192818 0.0093717370 -0.7902591228 0.2900952995 0.5397547483
-527.7 -336.5 3310.1 0 0 0 0 0 0 0 0 0
-1000.2 290.3 2894.6 0 0 0 0 0 0 0 0 0
-870.5 -918.8 2948.3 0 0 0 0 0 0 0 0 0
-766.7 -939.3 2685.5 0 0 0 0 0 0 0 0 0
-961.1 326.9 3048.5 89 -0.3035036623 -0.1418508142 0.9422122240 0.2102679014 0.9545069337 0.2114329040 -0.9293400645 0.2622876465 -0.2598696947
-932.8 136.4 2996.2 -0.3035036623 -0.1418508142 0.9422122240 0.2102679014 0.9545069337 0.2114329040 -0.9293400645 0.2622876465 -0.2598696947
-909.2 -53.5 2945.4 -0.3022036850 -0.1269077659 0.9447578192 0.2010060102 0.9603297114 0.1932961494 -0.9318097830 0.2483168244 -0.2647059560
-890.3 108.1 3130.2 -0.7610390186 0.3085720539 0.5706162453 0.6095026135 0.6412814856 0.4661165774 -0.2220950723 0.7025250196 -0.6761156917
-634.3 -96.9 3204.9 -0.5601921678 0.3915384114 0.7299879193 0.7836639881 0.5360627174 0.3138590157 -0.2684314549 0.7478866577 -0.6071326733
-975.4 164.8 2862.2 -0.9931514859 -0.0612464584 0.0994937792 -0.1145277172 0.3419904411 -0.9326981902 0.0230985414 -0.9377053976 -0.3466627300
-1224.1 136.1 2868.0 0.8051301241 -0.0612464584 -0.5899274349 0.5721884966 0.3419904411 0.7454145551 0.1560955197 -0.9377053976 0.3103913069
-856.3 -262.6 2980.7 0.3897692859 0.3186152279 0.8640394807 0.0132814106 0.9362003207 -0.3512158692 -0.9208167791 0.1483688205 0.3606704772
-981.1 -629.3 2922.6 0.3897692859 -0.4291542172 0.8148046136 0.0132814106 0.8873071074 0.4609877169 -0.9208167791 -0.1688570976 0.3515448570
-897.7 -218.3 2794.9 0.4271720946 -0.1448714286 0.8924887776 0.0730407536 0.9893834591 0.1256401390 -0.9012153149 0.0115180938 0.4332185090
-840.1 -611.3 2790.3 0.3856613338 -0.2027193457 0.9000945687 0.3507692218 0.9345262051 0.0601808019 -0.8533617258 0.2925160825 0.4315183461
-477.8 -316.0 3279.9 0 0 0 0 0 0 0 0 0
-1018.6 282.2 2907.8 0 0 0 0 0 0 0 0 0
-840.8 -919.3 2977.8 0 0 0 0 0 0 0 0 0
-768.7 -940.6 2687.2 0 0 0 0 0 0 0 0 0
-968.8 346.7 3068.1 90 -0.3587428629 -0.1632161736 0.9190560579 0.2076973617 0.9459536672 0.2490651906 -0.9100359082 0.2802358866 -0.3054545522
-936.0 156.6 3011.8 -0.3587428629 -0.1632161736 0.9190560579 0.2076973617 0.9459536672 0.2490651906 -0.9100359082 0.2802358866 -0.3054545522
-910.6 -32.8 2959.9 -0.3563647866 -0.1357589960 0.9244315028 0.1925573498 0.9574781656 0.2148422301 -0.9142897725 0.2545682788 -0.3150701225
-885.7 129.4 3143.4 -0.7858622670 0.3307824135 0.5224972963 0.5913023353 0.6493143439 0.4782807529 -0.1810581237 0.6848167181 -0.7058640718
-621.4 -69.5 3204.2 -0.5919060707 0.4184936285 0.6888470650 0.7700225711 0.5461211801 0.3298740983 -0.2381437570 0.7256822586 -0.6455019712
-986.3 183.8 2880.3 -0.9875411987 -0.1194236502 0.1024714112 -0.1375743896 0.3391021192 -0.9306358099 0.0763916522 -0.9331386685 -0.3513069451
-1233.7 149.3 2899.5 0.7987849116 -0.1194236502 -0.5896444917 0.5909970999 0.3391021192 0.7319372892 0.1125390753 -0.9331386685 0.3414486945
-851.1 -240.6 2992.6 0.3394906521 0.3056783378 0.8895543218 0.0201438237 0.9431415796 -0.3317803144 -0.9403936863 0.1305553317 0.3140302300
-971.0 -610.5 2941.4 0.3394906521 -0.4584794939 0.8213054538 0.0201438237 0.8765066862 0.4809680581 -0.9403936863 -0.1467399299 0.3068013489
-911.2 -225.8 2811.5 0.3728422225 -0.1690088362 0.9123731256 0.1024285927 0.9847594500 0.1405601948 -0.9222239852 0.0410463177 0.3844712377
-844.0 -617.0 2795.2 0.3289450705 -0.2079972327 0.9211581349 0.3659870028 0.9272873402 0.0786874443 -0.8705450296 0.3112480640 0.3811508715
-455.9 -284.7 3270.8 0 0 0 0 0 0 0 0 0
-1029.7 300.2 2928.2 0 0 0 0 0 0 0 0 0
-821.1 -897.1 2989.4 0 0 0 0 0 0 0 0 0
-771.4 -941.0 2686.4 0 0 0 0 0 0 0 0 0
-968.7 349.5 3076.0 91 -0.4846740365 -0.1629071534 0.8593906760 0.1751716882 0.9445218444 0.2778370082 -0.8569748998 0.2852013111 -0.4292484820
-935.9 159.6 3018.6 -0.4846740365 -0.1629071534 0.8593906760 0.1751716882 0.9445218444 0.2778370082 -0.8569748998 0.2852013111 -0.4292484820
-910.0 -29.1 2964.5 -0.4837794900 -0.1393984407 0.8640170693 0.1695548147 0.9536012411 0.2487886846 -0.8586085439 0.2668571174 -0.4376970232
-867.3 135.7 3142.2 -0.8266574740 0.3930481970 0.4026792049 0.5575912595 0.6684315205 0.4922309220 -0.0756929964 0.6314367652 -0.7717241645
-589.2 -51.8 3167.7 -0.6496421099 0.4896181822 0.5815833807 0.7434048057 0.5692255497 0.3511858881 -0.1591051221 0.6604970098 -0.7337774038
-1004.5 183.5 2895.0 -0.9617934227 -0.2577408850 0.0923202857 -0.1763486713 0.3253015578 -0.9290210009 0.2094147801 -0.9098068476 -0.3583251536
-1245.4 139.4 2947.4 0.7817557454 -0.2577408850 -0.5678271055 0.6235829592 0.3253015578 0.7108608484 0.0014971133 -0.9098068476 0.4150291681
-838.7 -233.9 2989.1 0.2085727900 0.2797803581 0.9371340871 0.0265167300 0.9562381506 -0.2913855016 -0.9776473045 0.0856248215 0.1920263916
-948.3 -608.8 2955.5 0.2085727900 -0.5073558688 0.8361144662 0.0265167300 0.8575361371 0.5137398243 -0.9776473045 -0.0849811360 0.1923121214
-916.1 -205.4 2826.0 0.2431615591 -0.1652190238 0.9558112621 0.0960604846 0.9846445918 0.1457649618 -0.9652175307 0.0563712567 0.2552987337
-850.5 -596.6 2803.6 0.1954577416 -0.2042904198 0.9591984749 0.3578901589 0.9254697561 0.1241788864 -0.9130777121 0.3190159798 0.2540037632
-407.7 -259.6 3212.2 0 0 0 0 0 0 0 0 0
-1045.8 298.6 2947.8 0 0 0 0 0 0 0 0 0
-782.9 -888.5 2983.2 0 0 0 0 0 0 0 0 0
-774.4 -941.3 2684.8 0 0 0 0 0 0 0 0 0
-972.3 357.7 3077.4 92 -0.6904087663 -0.1685146540 0.7035186887 0.1063355356 0.9382877350 0.3291031718 -0.7155616283 0.3020247519 -0.6298829913
-938.2 168.1 3016.3 -0.6904087663 -0.1685146540 0.7035186887 0.1063355356 0.9382877350 0.3291031718 -0.7155616283 0.3020247519 -0.6298829913
-909.8 -19.5 2959.3 -0.6898381114 -0.1533955038 0.7075261474 0.1029941514 0.9465606809 0.3056388199 -0.7166000009 0.2837123573 -0.6371747851
-839.9 153.7 3119.8 -0.8658306599 0.4741607904 0.1597148180 0.4851058722 0.7173904777 0.5000232458 0.1225135252 0.5104140639 -0.8511568308
-548.7 -9.5 3078.6 -0.7311240435 0.5831646919 0.3540855944 0.6822369099 0.6273979545 0.3753992617 -0.0032329902 0.5160336494 -0.8565621972
-1036.5 182.5 2912.9 -0.8635101914 -0.4973461628 0.0836476535 -0.2484622300 0.2751878798 -0.9287292957 0.4388811588 -0.8227505088 -0.3611992598
-1252.8 120.3 3022.8 0.7014836073 -0.4973461628 -0.5104582310 0.6855637431 0.2751878798 0.6739985347 -0.1947386563 -0.8227505088 0.5340022445
-819.1 -216.2 2965.7 -0.0391466953 0.2007327676 0.9788635969 0.0220346972 0.9795497060 -0.1999922544 -0.9989904761 0.0137399258 -0.0427692197
-897.4 -598.4 2960.3 -0.0391466953 -0.5768355727 0.8159217238 0.0220346972 0.8158507347 0.5778425932 -0.9989904761 0.0405992158 -0.0192274638
-926.3 -203.3 2833.7 -0.0050186138 -0.1768756807 0.9842203856 0.0785514563 0.9811217785 0.1767193675 -0.9968973994 0.0781988278 0.0089699710
-856.1 -593.0 2802.6 -0.0567549281 -0.2116341889 0.9756996632 0.3066617250 0.9263370633 0.2187652141 -0.9501249790 0.3116257489 0.0123259081
-344.4 -200.2 3079.5 0 0 0 0 0 0 0 0 0
-1073.7 295.3 2973.1 0 0 0 0 0 0 0 0 0
-711.0 -862.1 2947.2 0 0 0 0 0 0 0 0 0
-776.0 -943.5 2684.7 0 0 0 0 0 0 0 0 0
-978.5 351.0 3092.1 93 -0.7569409609 -0.1906353086 0.6250588298 0.0912668034 0.9162890911 0.3899803162 -0.6470786333 0.3522391915 -0.6761780977
-940.4 167.5 3021.5 -0.7569409609 -0.1906353086 0.6250588298 0.0912668034 0.9162890911 0.3899803162 -0.6470786333 0.3522391915 -0.6761780977
-909.1 -16.8 2955.9 -0.7569332123 -0.1684080809 0.6314196587 0.0912270695 0.9295315146 0.3572796881 -0.6470932961 0.3280394375 -0.6882299185
-832.4 154.7 3115.1 -0.8714967966 0.4869462550 0.0581089444 0.4398399591 0.7237354517 0.5317403674 0.2168734670 0.4889686704 -0.8449115753
-539.3 6.8 3042.1 -0.7578559518 0.5998896360 0.2564894259 0.6467178464 0.6388698220 0.4166549146 0.0860836059 0.4816406965 -0.8721306324
-1048.3 180.3 2928.0 -0.8074262738 -0.5828952193 0.0910825580 -0.3017537892 0.2753633559 -0.9127538800 0.5069590807 -0.7644659877 -0.3982264400
-1250.6 104.7 3055.0 0.6493902802 -0.5828952193 -0.4883906543 0.7233661413 0.2753633559 0.6331796050 -0.2345924675 -0.7644659877 0.6004649401
-808.5 -209.0 2948.3 -0.1315796971 0.1622590423 0.9779359698 0.0456343219 0.9864587188 -0.1575331241 -0.9902546406 0.0238992870 -0.1372025162
-872.0 -595.0 2938.9 -0.1315796971 -0.6115264297 0.7802065015 0.0456343219 0.7824783921 0.6210032701 -0.9902546406 0.1173156127 -0.0750516728
-940.8 -198.7 2839.6 -0.0890524536 -0.2044514716 0.9748175740 0.0539393462 0.9762799144 0.2096856982 -0.9945653081 0.0712540448 -0.0759121403
-859.6 -586.5 2811.3 -0.1477222294 -0.2082917243 0.9668467641 0.3016162813 0.9215171337 0.2446094155 -0.9419159889 0.3277509809 -0.0733043924
-327.5 -174.0 3018.1 0 0 0 0 0 0 0 0 0
-1084.8 289.4 2995.1 0 0 0 0 0 0 0 0 0
-673.8 -848.5 2900.9 0 0 0 0 0 0 0 0 0
-778.4 -945.7 2683.5 0 0 0 0 0 0 0 0 0
-982.5 350.6 3098.4 94 -0.8896164894 -0.2001484185 0.4105156958 -0.0167565234 0.9125563502 0.4086076021 -0.4564008415 0.3566252291 -0.8151789308
-942.6 169.0 3027.4 -0.8896164894 -0.2001484185 0.4105156958 -0.0167565234 0.9125563502 0.4086076021 -0.4564008415 0.3566252291 -0.8151789308
-907.5 -14.7 2962.2 -0.8892499804 -0.1882143021 0.4169050455 -0.0184909664 0.9254704118 0.3783683479 -0.4570476115 0.3287550807 -0.8264548182
-815.5 171.9 3093.8 -0.8415842056 0.5047338009 -0.1923014820 0.3644742370 0.7934374809 0.4874582291 0.3986158371 0.3401482105 -0.8517068624
-532.5 49.3 2959.7 -0.7833943367 0.6214970350 0.0058952258 0.5738746524 0.7196591496 0.3908434808 0.2386655211 0.3095676899 -0.9204382896
-1069.7 166.0 2961.1 -0.6343397498 -0.7671145201 0.0956471190 -0.3502681255 0.1749114394 -0.9201729298 0.6891482472 -0.6172043681 -0.3796490431
-1228.6 78.3 3133.7 0.4979516268 -0.7671145201 -0.4044495523 0.7689298391 0.1749114394 0.6149413586 -0.4009875953 -0.6172043681 0.6769546866
-792.5 -196.3 2936.1 -0.3610385656 0.0506814793 0.9311726689 -0.0164170954 0.9980219603 -0.0606852323 -0.9324063659 -0.0371968597 -0.3594923615
-812.2 -584.4 2950.6 -0.3610385656 -0.6430514455 0.6753784418 -0.0164170954 0.7284974456 0.6848517656 -0.9324063659 0.2361701578 -0.2735727131
-944.6 -194.8 2836.4 -0.3138000667 -0.2103869468 0.9258870482 -0.0243200865 0.9766034484 0.2136685848 -0.9491775632 0.0445315614 -0.3115748465
-861.3 -581.5 2818.8 -0.3855899870 -0.2057772130 0.8994309902 0.2387535125 0.9193590283 0.3126911521 -0.8912447095 0.3353129029 -0.3053656220
-313.5 -111.1 2893.0 0 0 0 0 0 0 0 0 0
-1101.5 274.6 3031.3 0 0 0 0 0 0 0 0 0
-604.6 -819.6 2874.3 0 0 0 0 0 0 0 0 0
-779.8 -945.7 2685.9 0 0 0 0 0 0 0 0 0
-981.4 352.3 3102.6 95 -0.9107227325 -0.1905552000 0.3664324880 -0.0320944339 0.9171749949 0.3971900344 -0.4117693603 0.3499695659 -0.8414078951
-943.5 169.6 3032.9 -0.9107227325 -0.1905552000 0.3664324880 -0.0320944339 0.9171749949 0.3971900344 -0.4117693603 0.3499695659 -0.8414078951
-908.4 -14.1 2967.7 -0.9096168876 -0.1876958311 0.3706310987 -0.0374819599 0.9255622029 0.3767356575 -0.4137538373 0.3287931383 -0.8489422202
-813.4 175.3 3093.1 -0.8275548816 0.5071088672 -0.2408184260 0.3547927439 0.8048865199 0.4756887555 0.4350574911 0.3082179129 -0.8460063338
-535.1 56.0 2946.7 -0.7805595398 0.6234921217 -0.0445462354 0.5634882450 0.7327043414 0.3816089332 0.2705693841 0.2727672160 -0.9232498407
-1073.5 164.0 2972.7 -0.5948083997 -0.7985011935 0.0927299708 -0.3535419703 0.1562515795 -0.9222762585 0.7219494581 -0.5813615918 -0.3752434254
-1222.5 75.4 3153.5 0.4653747082 -0.7985011935 -0.3818668127 0.7728182077 0.1562515795 0.6150913835 -0.4314839244 -0.5813615918 0.6898118258
-789.8 -194.2 2939.0 -0.4019055665 0.0355833806 0.9149894714 -0.0381215774 0.9977281094 -0.0555457883 -0.9148872495 -0.0572050065 -0.3996360004
-803.7 -584.2 2961.3 -0.4019055665 -0.6505578756 0.6443961263 -0.0381215774 0.7150115967 0.6980724335 -0.9148872495 0.2559938133 -0.3121674359
-948.9 -201.0 2858.3 -0.3672801554 -0.2338764668 0.9002261162 -0.0008510692 0.9679543376 0.2511248589 -0.9301099777 0.0914670154 -0.3557094634
-856.2 -584.5 2822.1 -0.4293097854 -0.1878543496 0.8834046721 0.2411914170 0.9187587500 0.3125845492 -0.8703561425 0.3472652435 -0.3491232693
-316.9 -101.5 2871.1 0 0 0 0 0 0 0 0 0
-1103.7 272.8 3043.4 0 0 0 0 0 0 0 0 0
-592.2 -816.6 2878.1 0 0 0 0 0 0 0 0 0
-781.4 -950.3 2683.8 0 0 0 0 0 0 0 0 0
-985.3 358.0 3118.2 96 -0.8846856356 -0.2055354267 0.4184333682 -0.0145114083 0.9092698097 0.4159541726 -0.4659621418 0.3619166315 -0.8074005246
-944.5 177.8 3046.4 -0.8846856356 -0.2055354267 0.4184333682 -0.0145114083 0.9092698097 0.4159541726 -0.4659621418 0.3619166315 -0.8074005246
-909.5 -5.4 2979.7 -0.8854745030 -0.1875385344 0.4251637161 -0.0108341407 0.9230276346 0.3845810294 -0.4645616114 0.3359304070 -0.8193492889
-818.0 179.6 3113.9 -0.8435279131 0.5048000216 -0.1834057271 0.3638571501 0.7882892489 0.4961935878 0.3950552642 0.3518196344 -0.8486190438
-534.3 57.2 2981.0 -0.7832375169 0.6215416193 0.0149996234 0.5745375156 0.7143644094 0.3994874060 0.2375828475 0.3215113878 -0.9166159630
-1071.1 176.0 2979.0 -0.6413423419 -0.7612984180 0.0954185724 -0.3543691635 0.1836105883 -0.9169021845 0.6805163026 -0.6218616366 -0.3875379264
-1231.7 87.2 3149.4 0.5041007400 -0.7612984180 -0.4078077972 0.7708025575 0.1836105883 0.6100414395 -0.3895457685 -0.6218616366 0.6793689728
-792.2 -187.7 2954.8 -0.3475494683 0.0608171374 0.9356872439 -0.0153734935 0.9973906279 -0.0705379844 -0.9375356436 -0.0389002189 -0.3457075953
-816.0 -578.3 2970.1 -0.3475494683 -0.6529406905 0.6729619503 -0.0153734935 0.7215738893 0.6921667457 -0.9375356436 0.2302163988 -0.2608205974
-953.1 -201.8 2866.2 -0.3102637529 -0.2540915906 0.9160643220 0.0073824362 0.9629453421 0.2695955038 -0.9506218433 0.0904085040 -0.2968912423
-852.3 -583.8 2830.3 -0.3738523424 -0.1775156707 0.9103420377 0.2714379132 0.9175988436 0.2904027998 -0.8868798614 0.3556691110 -0.2948620021
-315.4 -103.4 2914.6 0 0 0 0 0 0 0 0 0
-1103.0 284.0 3050.0 0 0 0 0 0 0 0 0 0
-603.0 -813.7 2895.0 0 0 0 0 0 0 0 0 0
-781.0 -952.0 2687.6 0 0 0 0 0 0 0 0 0
-981.6 360.5 3099.5 97 -0.8650528789 -0.1812059581 0.4678118825 -0.0082616787 0.9375082850 0.3478648365 -0.5016127229 0.2970565557 -0.8124912977
-945.8 175.2 3040.8 -0.8650528789 -0.1812059581 0.4678118825 -0.0082616787 0.9375082850 0.3478648365 -0.5016127229 0.2970565557 -0.8124912977
-911.7 -10.9 2982.2 -0.8645628095 -0.1828207821 0.4680894017 -0.0107864132 0.9380119443 0.3464349806 -0.5024089813 0.2944658101 -0.8129422665
-822.3 177.1 3113.6 -0.8521544933 0.5052522421 -0.1362088174 0.3939655125 0.7907595634 0.4684981406 0.3444181681 0.3455712199 -0.8729012609
-535.7 44.6 2997.8 -0.7807671428 0.6216463447 0.0629168302 0.5976081491 0.7135712504 0.3656234443 0.1823928356 0.3230663836 -0.9286339283
-1069.3 173.4 2967.9 -0.6773841381 -0.7297057509 0.0931679308 -0.3171607852 0.1754221767 -0.9320064783 0.6637467742 -0.6608756185 -0.3502622247
-1239.0 93.9 3134.2 0.5362948775 -0.7297057509 -0.4241666794 0.7464141846 0.1754221767 0.6419446468 -0.3940224349 -0.6608756185 0.6387407184
-797.0 -196.0 2969.4 -0.3052679002 0.0854652151 0.9484235644 -0.0439659394 0.9936373830 -0.1036908254 -0.9512510300 -0.0733518153 -0.2995680273
-830.5 -585.4 2998.1 -0.3052679002 -0.6491940618 0.6966768503 -0.0439659394 0.7404268980 0.6706973910 -0.9512510300 0.1741123348 -0.2545709908
-952.5 -190.0 2871.3 -0.2758932412 -0.2498622686 0.9281442761 0.0077924519 0.9650085568 0.2621026933 -0.9611566663 0.0795448795 -0.2642922997
-853.3 -573.1 2839.8 -0.3427841663 -0.1854175478 0.9209339619 0.2797793448 0.9156917334 0.2884998024 -0.8967845440 0.3565514684 -0.2620086372
-317.5 -122.4 2946.8 0 0 0 0 0 0 0 0 0
-1102.1 284.5 3033.6 0 0 0 0 0 0 0 0 0
-618.7 -827.0 2941.3 0 0 0 0 0 0 0 0 0
-776.4 -953.1 2691.8 0 0 0 0 0 0 0 0 0
-989.5 340.6 3113.6 98 -0.8711349368 -0.2267985493 0.4355300069 -0.0238121357 0.9054151773 0.4238589108 -0.4904660583 0.3588673770 -0.7941393256
-944.8 162.2 3042.9 -0.8711349368 -0.2267985493 0.4355300069 -0.0238121357 0.9054151773 0.4238589108 -0.4904660583 0.3588673770 -0.7941393256
-903.9 -20.7 2979.0 -0.8690186739 -0.2172136903 0.4445500672 -0.0325200930 0.9216139913 0.3867429495 -0.4937094152 0.3216300309 -0.8079635501
-820.7 167.1 3114.5 -0.8634356856 0.4767739773 -0.1648191214 0.3496662378 0.8011465073 0.4856930673 0.3636100888 0.3617330492 -0.8584502935
-530.3 49.5 2992.3 -0.8021540046 0.5959286094 0.0376575999 0.5602927208 0.7293820381 0.3925224841 0.2064485997 0.3359627724 -0.9189711809
-1069.0 157.3 2971.3 -0.6565207243 -0.7435791492 0.1267696023 -0.3620322347 0.1631784290 -0.9177719951 0.6617500782 -0.6484310627 -0.3763296604
-1233.4 66.6 3137.1 0.5012610555 -0.7435791492 -0.4425238967 0.7778462172 0.1631784290 0.6069003940 -0.3790681362 -0.6484310627 0.6601852179
-781.6 -200.5 2960.2 -0.3134517372 0.0448639691 0.9485437274 -0.0320426263 0.9978148341 -0.0577830523 -0.9490633607 -0.0485060327 -0.3113292456
-799.2 -591.7 2979.2 -0.3134517372 -0.6778638363 0.6650177836 -0.0320426263 0.7074618936 0.7060247660 -0.9490633607 0.1999957711 -0.2434757054
-954.4 -198.3 2878.2 -0.2782060504 -0.2708571851 0.9215409756 -0.0071205129 0.9599726200 0.2800032794 -0.9604950547 0.0713367611 -0.2689988315
-846.8 -579.5 2849.8 -0.3506768346 -0.1851268262 0.9180162549 0.2826333344 0.9136371613 0.2922080159 -0.8928292990 0.3619325757 -0.2680683732
-306.1 -107.1 2934.6 0 0 0 0 0 0 0 0 0
-1105.4 265.2 3040.3 0 0 0 0 0 0 0 0 0
-577.9 -822.6 2913.9 0 0 0 0 0 0 0 0 0
-770.6 -955.7 2700.8 0 0 0 0 0 0 0 0 0
-985.7 330.6 3109.2 99 -0.8405687213 -0.2408159673 0.4852338731 -0.0317939855 0.9161409140 0.3995935619 -0.5407710671 0.3204583228 -0.7777358890
-938.2 149.7 3045.9 -0.8405687213 -0.2408159673 0.4852338731 -0.0317939855 0.9161409140 0.3995935619 -0.5407710671 0.3204583228 -0.7777358890
-894.4 -34.5 2987.8 -0.8388115168 -0.2317340225 0.4926404059 -0.0386512876 0.9279519916 0.3706900775 -0.5430481434 0.2918979228 -0.7873336673
-818.4 155.5 3124.6 -0.8817207813 0.4582077265 -0.1123125404 0.3589155078 0.8060177565 0.4706538022 0.3061830997 0.3746745288 -0.8751404881
-521.9 34.8 3021.6 -0.8104681969 0.5783597827 0.0929586068 0.5664770007 0.7334210277 0.3757624626 0.1491480917 0.3572024405 -0.9220418930
-1058.0 143.8 2967.3 -0.6955977082 -0.7037171721 0.1446581781 -0.3479454517 0.1538243890 -0.9248091578 0.6285521388 -0.6936283112 -0.3518550992
-1232.2 56.7 3124.7 0.5258457065 -0.7037171721 -0.4777744710 0.7692825198 0.1538243890 0.6201148629 -0.3628920913 -0.6936283112 0.6222451925
-772.0 -215.1 2979.5 -0.2573924959 0.0525332391 0.9648779035 -0.0486084372 0.9965530634 -0.0672246814 -0.9650835991 -0.0642043352 -0.2539517283
-792.6 -606.2 3004.7 -0.2573924959 -0.6853692532 0.6811887622 -0.0486084372 0.7132312059 0.6992413402 -0.9650835991 0.1468679458 -0.2168950886
-940.4 -206.7 2870.1 -0.2160974890 -0.2265255004 0.9497305155 -0.0450980216 0.9739915729 0.2220507413 -0.9753296971 0.0051536397 -0.2206929922
-850.7 -592.4 2868.0 -0.3188113868 -0.2298505902 0.9195259809 0.2939679027 0.8983301520 0.3264747858 -0.9010783434 0.3743949831 -0.2188291997
-295.3 -123.6 2979.9 0 0 0 0 0 0 0 0 0
-1097.9 253.1 3032.0 0 0 0 0 0 0 0 0 0
-568.8 -839.1 2956.7 0 0 0 0 0 0 0 0 0
-757.6 -956.1 2716.5 0 0 0 0 0 0 0 0 0
-985.6 325.1 3120.5 00 -0.7529211640 -0.2393442392 0.6130449176 0.0416226126 0.9123392701 0.4073138833 -0.6567931771 0.3321917653 -0.6769574285
-938.5 145.7 3055.1 -0.7529211640 -0.2393442392 0.6130449176 0.0416226126 0.9123392701 0.4073138833 -0.6567931771 0.3321917653 -0.6769574285
-895.1 -38.2 2994.5 -0.7503040433 -0.2272045761 0.6208235621 0.0313114114 0.9258195758 0.3766666353 -0.6603509784 0.3020533621 -0.6875320673
-831.0 141.2 3150.4 -0.8988918662 0.4362471402 0.0410103314 0.3934781551 0.7624829412 0.5136094689 0.1927909702 0.4778160155 -0.8570434451
-528.7 8.9 3085.6 -0.7952910066 0.5540139079 0.2461315542 0.6033939123 0.6841841936 0.4096434712 0.0585488640 0.4743000567 -0.8784142137
-1046.0 150.1 2959.8 -0.4061087966 -0.5550315380 0.7259584665 -0.9137873054 0.2538369894 -0.3171111643 -0.0082684197 -0.7921532393 -0.6102662086
-1099.6 29.7 2958.7 0.0209943280 -0.5614972115 -0.8272122741 0.9881526828 0.1374712884 -0.0682341680 0.1520312279 -0.8159794807 0.5577310920
-782.1 -224.8 2994.2 -0.1127494648 0.1352343559 0.9843775630 0.0185420979 0.9908086658 -0.1339940727 -0.9934504032 0.0031446673 -0.1142206714
-836.3 -622.1 2992.9 -0.1290106177 -0.2174541354 0.9675070643 0.0897098035 0.9691005349 0.2297744751 -0.9875770211 0.1164382249 -0.1055164933
-925.3 -222.4 2880.3 -0.0653814226 -0.1965260804 0.9783163071 -0.0236126538 0.9804441929 0.1953754872 -0.9975809455 -0.0103267170 -0.0687433407
-847.4 -611.1 2884.4 -0.1825752407 -0.2686161399 0.9457862377 0.3423785567 0.8843745589 0.3172673583 -0.9216524363 0.3817420900 -0.0694964901
-306.4 -159.7 3069.2 0 0 0 0 0 0 0 0 0
-1095.7 213.4 2987.0 0 0 0 0 0 0 0 0 0
-766.7 -932.6 2955.6 0 0 0 0 0 0 0 0 0
-742.7 -955.8 2735.6 0 0 0 0 0 0 0 0 0
-987.3 324.1 3125.6 01 -0.6987761855 -0.2501777709 0.6701663733 0.0817971528 0.9027599692 0.4222957194 -0.7106483579 0.3499078751 -0.6103633046
-938.3 147.0 3057.0 -0.6987761855 -0.2501777709 0.6701663733 0.0817971528 0.9027599692 0.4222957194 -0.7106483579 0.3499078751 -0.6103633046
-891.8 -34.7 2991.4 -0.6968685985 -0.2380680442 0.6765336394 0.0746988058 0.9140768051 0.3986020982 -0.7132981420 0.3283095360 -0.6192080379
-837.6 136.1 3160.3 -0.9060227275 0.4077989459 0.1132379249 0.3984938860 0.7318418026 0.5528202057 0.1425672472 0.5459923148 -0.8255707026
-532.9 2.1 3112.3 -0.7897726297 0.5244916081 0.3180687129 0.6128085852 0.6518914104 0.4466578066 0.0269220173 0.5476733446 -0.8362590075
-1038.9 157.8 2953.7 0.0920271054 -0.4723995030 0.8765670061 -0.8685883880 0.3923750818 0.3026482463 -0.4869139194 -0.7892277837 -0.3742116094
-1025.6 32.8 2883.6 -0.3817661703 -0.4407535493 -0.8123982549 0.7752071023 0.3259427547 -0.5411241055 0.5032976866 -0.8363597393 0.2172413617
-787.2 -229.7 3001.5 -0.0510066785 0.1010102630 0.9935770035 -0.0540164523 0.9931367040 -0.1037385091 -0.9972364306 -0.0589608587 -0.0452003889
-827.4 -625.2 3025.0 -0.0406749025 0.0493683331 0.9979520440 0.1786169410 0.9830493927 -0.0413509682 -0.9830775857 0.1765692085 -0.0488034599
-917.6 -219.2 2874.9 0.0149767883 -0.2141769379 0.9766800404 0.0060186051 0.9767912030 0.2141090184 -0.9998697042 0.0026715859 0.0159182418
-832.6 -606.8 2873.8 -0.0767616406 -0.2879996300 0.9545490146 0.2976393998 0.9071016908 0.2976193428 -0.9515873194 0.3069571555 0.0160894282
-312.2 -169.2 3104.8 0 0 0 0 0 0 0 0 0
-1106.3 196.6 2990.0 0 0 0 0 0 0 0 0 0
-843.8 -951.8 2966.3 0 0 0 0 0 0 0 0 0
-723.1 -951.7 2757.1 0 0 0 0 0 0 0 0 0
-978.4 322.7 3117.2 02 -0.5813015103 -0.2336226702 0.7794286609 0.1540291160 0.9089830518 0.3873303831 -0.7989766002 0.3452104330 -0.4924085140
-932.4 143.6 3049.2 -0.5813015103 -0.2336226702 0.7794286609 0.1540291160 0.9089830518 0.3873303831 -0.7989766002 0.3452104330 -0.4924085140
-886.9 -38.6 2984.6 -0.5764261484 -0.2336042374 0.7830466032 0.1349663734 0.9178876281 0.3731841743 -0.8059261441 0.3207980692 -0.4975656867
-849.4 124.2 3165.5 -0.8936150670 0.3610484898 0.2666385770 0.4483856857 0.6915664673 0.5662915707 0.0200604219 0.6256035566 -0.7798831463
-548.9 -26.6 3158.7 -0.7495740652 0.4715389311 0.4645316899 0.6582601666 0.6047304869 0.4483241737 -0.0695141777 0.6418349147 -0.7636856437
-1015.3 163.1 2932.9 0.2626928985 -0.3314723074 0.9061559439 -0.7900968194 0.4651680589 0.3992063105 -0.5538406372 -0.8208195567 -0.1396988630
-968.9 23.6 2835.1 -0.5621057749 -0.3434564173 -0.7523794174 0.5852027535 0.4776715636 -0.6552614570 0.5844439864 -0.8086207509 -0.0675102919
-783.6 -225.4 2994.7 0.0681228414 0.1754349023 0.9821313024 -0.1892962903 0.9688090086 -0.1599251628 -0.9795540571 -0.1750192493 0.0992071927
-852.7 -607.1 3063.6 0.1142146289 0.0806940272 0.9901734591 0.2511178553 0.9619839191 -0.1073626950 -0.9611944556 0.2609126270 0.0896089226
-907.4 -209.2 2861.7 0.1673254967 -0.2098174542 0.9633165598 0.0213213209 0.9776334763 0.2092323303 -0.9856711030 -0.0144707235 0.1680565923
-824.1 -597.4 2867.4 0.0855681747 -0.3200640678 0.9435237646 0.2743856609 0.9179476500 0.2865040600 -0.9578050971 0.2343737483 0.1663680971
-339.4 -210.6 3178.1 0 0 0 0 0 0 0 0 0
-1104.2 164.5 2975.8 0 0 0 0 0 0 0 0 0
-882.5 -963.1 2967.1 0 0 0 0 0 0 0 0 0
-702.6 -945.8 2778.5 0 0 0 0 0 0 0 0 0
-973.0 325.2 3111.5 03 -0.2472896576 -0.2400990278 0.9387226701 0.2506662905 0.9199790955 0.3013384938 -0.9359562993 0.3098240495 -0.1673165858
-925.0 141.6 3049.6 -0.2472896576 -0.2400990278 0.9387226701 0.2506662905 0.9199790955 0.3013384938 -0.9359562993 0.3098240495 -0.1673165858
-881.6 -40.3 2982.8 -0.2481004745 -0.2285111099 0.9413972497 0.2538542151 0.9224858880 0.2908226252 -0.9348819256 0.3111308813 -0.1708606780
-890.8 106.1 3180.5 -0.7926284671 0.1979951411 0.5766610503 0.5624521971 0.6025286913 0.5662214160 -0.2353457659 0.7731475234 -0.5889441967
-624.2 -83.0 3259.6 -0.6048621535 0.2862109244 0.7431185246 0.7555935383 0.5009193420 0.4220879078 -0.2514362633 0.8168005347 -0.5192462802
-959.2 177.1 2918.8 0.1709343195 -0.2313162535 0.9577443600 -0.8202912211 0.5050652623 0.2683865726 -0.5458055735 -0.8315057755 -0.1034137160
-924.5 10.5 2807.9 -0.6469386220 -0.2313162535 -0.7266107798 0.5584821701 0.5050652623 -0.6580324769 0.5191994905 -0.8315057755 -0.1975602061
-790.0 -234.3 2995.3 0.3593344688 0.1519966125 0.9207473993 -0.2183426470 0.9729546309 -0.0754037127 -0.9073065519 -0.1739432812 0.3828034997
-850.1 -619.2 3064.1 0.4581216574 0.1451337039 0.8769611120 0.1842832118 0.9496381879 -0.2534304559 -0.8695770502 0.2777111828 0.4083041251
-889.1 -208.0 2848.3 0.4953343272 -0.1840648502 0.8489782214 0.0515646599 0.9818013310 0.1827766150 -0.8671706915 -0.0467582569 0.4958111048
-816.0 -597.9 2866.9 0.4106613994 -0.3484255970 0.8425893784 0.3377142251 0.9165060520 0.2143962234 -0.8469393849 0.1965101659 0.4940419495
-455.2 -294.2 3329.9 0 0 0 0 0 0 0 0 0
-1091.8 154.9 2942.2 0 0 0 0 0 0 0 0 0
-902.2 -959.5 2964.6 0 0 0 0 0 0 0 0 0
-684.6 -943.5 2792.8 0 0 0 0 0 0 0 0 0
-972.8 327.9 3120.6 04 -0.1217323542 -0.2411710173 0.9628176093 0.2987267971 0.9161543846 0.2672516704 -0.9465429187 0.3201526105 -0.0394813828
-924.7 145.3 3056.8 -0.1217323542 -0.2411710173 0.9628176093 0.2987267971 0.9161543846 0.2672516704 -0.9465429187 0.3201526105 -0.0394813828
-880.1 -37.2 2992.3 -0.1193259805 -0.2304409891 0.9657423496 0.2893456817 0.9223990440 0.2558498085 -0.9497580528 0.3099628985 -0.0433890633
-908.4 104.0 3191.9 -0.7349994183 0.1224257126 0.6669241786 0.6012225151 0.5724683404 0.5575047135 -0.3135400414 0.8107354641 -0.4943689704
-661.2 -98.2 3297.3 -0.5394947529 0.2005605251 0.8177535534 0.7867307663 0.4661169648 0.4047093391 -0.3000000715 0.8616904616 -0.4092547894
-941.1 186.5 2921.7 0.2106025666 -0.1076625586 0.9716250896 -0.8013164401 0.5502951145 0.2346640527 -0.5599451065 -0.8280000091 0.0296217836
-892.9 2.9 2793.4 -0.6990199685 -0.1076625586 -0.7069510818 0.5503201485 0.5502951145 -0.6279514432 0.4566386044 -0.8280000091 -0.3254184127
-816.6 -245.5 3000.8 0.4645169079 0.1015037000 0.8797278404 -0.1894219518 0.9818062186 -0.0132623538 -0.8650684357 -0.1604791731 0.4752926230
-856.8 -634.3 3064.3 0.5596197248 0.1641747355 0.8123252988 0.1560559422 0.9417721629 -0.2978451848 -0.8139240146 0.2934482098 0.5014138222
-855.6 -201.7 2841.5 0.6068052053 -0.1157456338 0.7863780260 0.0137666930 0.9907227159 0.1351997703 -0.7947313190 -0.0712141097 0.6027691364
-809.7 -594.3 2869.7 0.5156484246 -0.3647096753 0.7753022313 0.3339587450 0.9188671708 0.2101302296 -0.7890362740 0.1505656391 0.5956103802
-510.4 -318.1 3381.2 0 0 0 0 0 0 0 0 0
-1079.8 150.1 2915.5 0 0 0 0 0 0 0 0 0
-913.7 -960.8 2962.6 0 0 0 0 0 0 0 0 0
-670.9 -943.9 2812.4 0 0 0 0 0 0 0 0 0
-956.8 326.9 3100.2 05 0.0211802740 -0.2020423263 0.9791477323 0.2998114824 0.9355778694 0.1865665913 -0.9537633061 0.2896082103 0.0803904086
-916.5 140.4 3042.5 0.0211802740 -0.2020423263 0.9791477323 0.2998114824 0.9355778694 0.1865665913 -0.9537633061 0.2896082103 0.0803904086
-876.7 -45.8 2987.2 0.0259204581 -0.2049448043 0.9784302711 0.2779474556 0.9416434169 0.1898759753 -0.9602465034 0.2670305371 0.0813717172
-921.0 100.9 3179.9 -0.6446428299 0.0545856357 0.7625326514 0.6426910758 0.5788361430 0.5018933415 -0.4139853120 0.8136148453 -0.4082242846
