423.3 340.8 2340.4 2 0.8726912141 0.1120793968 0.4752349854 -0.1619155109 0.9846542478 0.0651104897 -0.4606446028 -0.1337692738 0.8774464726
401.0 144.7 2367.1 0.8726912141 0.1120793968 0.4752349854 -0.1619155109 0.9846542478 0.0651104897 -0.4606446028 -0.1337692738 0.8774464726
378.8 -49.7 2389.0 0.8734900951 0.1117113307 0.4738518894 -0.1548786014 0.9865146875 0.0529280677 -0.4615491927 -0.1196216643 0.8790125251
273.7 168.3 2432.4 0.4453602135 0.8145664930 -0.3716661334 -0.2809604704 -0.2669950426 -0.9218323231 -0.8501267433 0.5149709582 0.1099520177
121.2 264.5 2723.6 0.5294538140 0.7655327916 -0.3655656576 -0.2936934531 -0.2388673723 -0.9255736470 -0.7958786488 0.5974127054 0.0983627290
528.2 121.1 2301.8 0.0376942120 0.5418601632 -0.8396229744 -0.9837645888 0.1676522791 0.0640309602 0.1754605323 0.8235777020 0.5393823385
536.6 -97.0 2340.7 0.7541559935 0.5418601632 -0.3709936440 -0.5295290351 0.1676522791 -0.8315598369 -0.3883911967 0.8235777020 0.4133666456
267.9 -233.1 2456.3 0.7160524130 -0.0507005863 0.6962028146 -0.0376905911 0.9930957556 0.1110868379 -0.6970282197 -0.1057842970 0.7091976404
288.0 -627.7 2498.3 0.7155895233 -0.0410204940 0.6973155141 -0.0250528678 0.9961247444 0.0843077451 -0.6980716586 -0.0777994916 0.7117887735
429.1 -270.1 2378.6 0.3197610974 -0.0840160474 0.9437659383 0.1410942972 0.9891774654 0.0402539521 -0.9369339347 0.1202883497 0.3281546533
462.4 -662.8 2330.9 0.3117174804 -0.1834501773 0.9322972894 0.1857177913 0.9740234613 0.1295652241 -0.9318482280 0.1327564418 0.3376900852
-42.4 355.2 2969.4 0 0 0 0 0 0 0 0 0
704.6 -214.9 2254.1 0 0 0 0 0 0 0 0 0
303.7 -1007.8 2528.0 0 0 0 0 0 0 0 0 0
532.4 -1034.5 2280.2 0 0 0 0 0 0 0 0 0
406.3 348.1 2354.1 3 0.8572966456 0.0883132443 0.5071914792 -0.1315648407 0.9900461435 0.0499927625 -0.4977279603 -0.1095871925 0.8603821993
388.8 151.2 2375.9 0.8572966456 0.0883132443 0.5071914792 -0.1315648407 0.9900461435 0.0499927625 -0.4977279603 -0.1095871925 0.8603821993
371.2 -44.8 2395.6 0.8575325608 0.0884285867 0.5067723989 -0.1289212257 0.9906197786 0.0452965312 -0.4980132878 -0.1041769683 0.8608890176
263.8 170.4 2447.5 0.4979186654 0.8080478907 -0.3148580492 -0.2013287246 -0.2454394251 -0.9482753873 -0.8435305357 0.5355539918 0.0404743850
97.0 237.9 2730.1 0.5486338139 0.7665504813 -0.3337682486 -0.2565403283 -0.2256081700 -0.9398340583 -0.7957310677 0.6012497544 0.0728748366
513.7 131.9 2304.3 0.0936530828 0.5885424614 -0.8030235767 -0.9844049811 -0.0659018457 -0.1631067842 -0.1489159912 0.8057758808 0.5731921792
535.6 -97.5 2269.6 0.3525821567 0.6008669138 -0.7173874974 -0.8595326543 -0.0951561332 -0.5021443367 -0.3699857295 0.7936651111 0.4829143584
276.9 -231.0 2454.7 0.6911804080 -0.0366219841 0.7217537761 -0.0525890961 0.9935185909 0.1007728353 -0.7207663059 -0.1076085865 0.6847746372
291.4 -625.7 2497.5 0.6908268332 -0.0234708115 0.7226392031 -0.0301066991 0.9976722598 0.0611850210 -0.7223931551 -0.0640245378 0.6885121465
436.5 -259.2 2370.5 0.2839299738 -0.0665695667 0.9565313458 0.1202819571 0.9921795130 0.0333468504 -0.9512707591 0.1055852920 0.2897166312
463.0 -653.3 2328.6 0.2773474753 -0.1932620704 0.9411312938 0.1544664055 0.9757864475 0.1548579186 -0.9482713342 0.1024237201 0.3004843891
-71.4 316.6 2974.3 0 0 0 0 0 0 0 0 0
610.9 -281.1 2190.6 0 0 0 0 0 0 0 0 0
300.4 -1006.6 2521.9 0 0 0 0 0 0 0 0 0
536.8 -1025.7 2289.5 0 0 0 0 0 0 0 0 0
390.9 354.4 2368.9 4 0.8383600116 0.0566825196 0.5421619415 -0.0845394656 0.9960653186 0.0265880190 -0.5385215878 -0.0681244060 0.8398532867
379.6 155.8 2382.5 0.8383600116 0.0566825196 0.5421619415 -0.0845394656 0.9960653186 0.0265880190 -0.5385215878 -0.0681244060 0.8398532867
368.4 -41.5 2395.5 0.8383845687 0.0556374267 0.5422322154 -0.0841040462 0.9960681200 0.0278346948 -0.5385515690 -0.0689401031 0.8397675157
257.5 168.2 2460.4 0.5488454700 0.7942317724 -0.2606999874 -0.1266275048 -0.2292779088 -0.9650892019 -0.8262772560 0.5626966357 -0.0252665505
77.7 209.7 2731.2 0.5822852254 0.7545332313 -0.3026937842 -0.2173553109 -0.2142868638 -0.9522803426 -0.7833904624 0.6202908754 0.0392257422
501.7 143.3 2304.6 0.1175119057 0.6336454153 -0.7646465898 -0.9498001933 -0.1530999243 -0.2728370130 -0.2899492681 0.7583230734 0.5838454962
531.6 -98.2 2230.9 0.2251513600 0.6325364113 -0.7410833836 -0.9037541747 -0.1486188620 -0.4014235437 -0.3640539646 0.7601382732 0.5381956697
275.2 -229.5 2461.6 0.6624935865 -0.0475756042 0.7475551963 -0.0399462245 0.9943170547 0.0986808091 -0.7480016947 -0.0952374116 0.6568282247
294.1 -624.6 2499.5 0.6625317931 -0.0032363171 0.7490267754 -0.0232784636 0.9994186759 0.0249085315 -0.7486720085 -0.0339388885 0.6620712876
432.0 -253.1 2370.6 0.2415295839 -0.0834928900 0.9667949080 0.1333470494 0.9896960258 0.0521572083 -0.9611878395 0.1163217425 0.2501744032
465.2 -646.2 2324.4 0.2430966347 -0.1950910985 0.9501807690 0.1255370080 0.9776551723 0.1686144322 -0.9618443251 0.0782932565 0.2621558309
-97.4 275.0 2966.6 0 0 0 0 0 0 0 0 0
584.7 -311.4 2145.0 0 0 0 0 0 0 0 0 0
295.3 -1006.1 2512.4 0 0 0 0 0 0 0 0 0
539.7 -1019.5 2294.5 0 0 0 0 0 0 0 0 0
376.6 360.6 2392.4 5 0.8265029192 0.0374943800 0.5616823435 -0.0375862792 0.9992284179 -0.0113948388 -0.5616762042 -0.0116936825 0.8272745013
369.2 161.9 2394.7 0.8265029192 0.0374943800 0.5616823435 -0.0375862792 0.9992284179 -0.0113948388 -0.5616762042 -0.0116936825 0.8272745013
362.0 -36.1 2398.0 0.8264333606 0.0351134948 0.5619385839 -0.0395021923 0.9992100596 -0.0043418100 -0.5616471767 -0.0186095890 0.8271675706
248.7 167.7 2476.2 0.5838868618 0.7809846401 -0.2216733694 -0.0493599363 -0.2383955270 -0.9699129462 -0.8103330731 0.5772612691 -0.1006466746
69.2 182.8 2725.4 0.6229478121 0.7346245646 -0.2688173354 -0.1469526291 -0.2276248336 -0.9625964165 -0.7683364749 0.6391507387 -0.0338433683
489.6 156.1 2313.2 0.1817869842 0.6574093103 -0.7312772870 -0.8965160847 -0.1947265565 -0.3979201913 -0.4039955437 0.7279385924 0.5539792776
538.9 -86.9 2203.7 0.2062443644 0.6469520926 -0.7341091633 -0.9122285843 -0.1442787498 -0.3834353983 -0.3539806604 0.7487567663 0.5604115129
280.5 -231.4 2458.2 0.6475380659 -0.0469314940 0.7605865598 -0.0374362320 0.9949373603 0.0932639241 -0.7611129880 -0.0888654292 0.6425029039
299.2 -626.7 2493.5 0.6473811269 0.0161625743 0.7619950175 -0.0506186187 0.9984795451 0.0218263082 -0.7604836822 -0.0527010784 0.6472149491
433.8 -246.7 2359.8 0.2230883539 -0.0785408095 0.9716290236 0.1024256945 0.9931198955 0.0567608215 -0.9694021940 0.0868571028 0.2295980901
465.0 -641.1 2325.3 0.2173006535 -0.1991526484 0.9555724263 0.1313127577 0.9760304689 0.1735553443 -0.9672318101 0.0877651572 0.2382433414
-116.2 226.6 2954.0 0 0 0 0 0 0 0 0 0
590.2 -313.8 2115.7 0 0 0 0 0 0 0 0 0
293.0 -1008.0 2513.6 0 0 0 0 0 0 0 0 0
541.1 -1013.9 2291.8 0 0 0 0 0 0 0 0 0
358.9 368.3 2403.6 6 0.8080344796 0.0041974690 0.5891202092 0.0006778057 0.9999673367 -0.0080544204 -0.5891348124 0.0069075585 0.8080052733
358.1 169.0 2402.2 0.8080344796 0.0041974690 0.5891202092 0.0006778057 0.9999673367 -0.0080544204 -0.5891348124 0.0069075585 0.8080052733
357.4 -29.3 2401.7 0.8080272079 0.0025505645 0.5891396999 -0.0014892122 0.9999963045 -0.0022867771 -0.5891433358 0.0009704241 0.8080279827
240.3 169.2 2487.9 0.6192595959 0.7719982266 -0.1433047503 0.0558449849 -0.2253522873 -0.9726755023 -0.7831978798 0.5943357944 -0.1826637983
56.2 152.6 2720.8 0.6367989779 0.7419726253 -0.2096751332 -0.0609391853 -0.2226575911 -0.9729902148 -0.7686179280 0.6323766112 -0.0965729207
475.8 168.7 2316.5 0.2741922438 0.6858446598 -0.6741184592 -0.8320522904 -0.1822879612 -0.5238894224 -0.4821904302 0.7045482397 0.5206766725
553.9 -68.3 2179.1 0.2222857624 0.6783686876 -0.7002891898 -0.8907711506 -0.1507050395 -0.4287362099 -0.3963783085 0.7190994024 0.5707716942
279.2 -230.6 2452.8 0.6252083778 -0.0607872568 0.7780870199 -0.0379332379 0.9934171438 0.1080898121 -0.7795354724 -0.0970940143 0.6187868714
303.4 -625.3 2491.4 0.6251703501 0.0087472843 0.7804393172 -0.0433055013 0.9987855554 0.0234952979 -0.7792860270 -0.0484858789 0.6247898936
430.4 -237.7 2350.2 0.1914525479 -0.0954224318 0.9768523574 0.0867205784 0.9930149913 0.0800049603 -0.9776632786 0.0693960413 0.1983903348
468.3 -632.1 2322.7 0.1878814101 -0.1777004302 0.9659829736 0.1066787243 0.9813711047 0.1597824395 -0.9763811827 0.0730296820 0.2033382356
-131.6 170.5 2947.4 0 0 0 0 0 0 0 0 0
610.7 -295.9 2077.9 0 0 0 0 0 0 0 0 0
300.0 -1006.8 2509.9 0 0 0 0 0 0 0 0 0
536.2 -1006.9 2294.8 0 0 0 0 0 0 0 0 0
342.3 371.5 2417.2 7 0.7948096991 -0.0300445426 0.6061145663 0.0494956784 0.9986555576 -0.0154021969 -0.6048369408 0.0422418676 0.7952281833
348.4 170.7 2408.7 0.7948096991 -0.0300445426 0.6061145663 0.0494956784 0.9986555576 -0.0154021969 -0.6048369408 0.0422418676 0.7952281833
353.6 -27.4 2402.7 0.7951073050 -0.0270643290 0.6058645844 0.0390835106 0.9992137551 -0.0066558365 -0.6052080989 0.0289714187 0.7955399752
232.5 165.0 2496.8 0.6427062154 0.7627305984 -0.0719076246 0.1580724567 -0.2238652259 -0.9617158771 -0.7496277690 0.6067341566 -0.2644462883
45.1 118.9 2715.3 0.6775006056 0.7188876867 -0.1555425078 0.0155408829 -0.2254161835 -0.9741386175 -0.7353580594 0.6575621963 -0.1638917476
464.3 176.4 2320.5 0.3440567255 0.7042958140 -0.6209608316 -0.7616859078 -0.1773663461 -0.6231979728 -0.5490533113 0.6873925924 0.4754281342
563.8 -43.9 2161.7 0.2967410386 0.6965773106 -0.6532417536 -0.8265749216 -0.1552224606 -0.5409989953 -0.4782454371 0.7004898190 0.5297124386
282.8 -227.5 2455.2 0.6112282872 -0.0626801699 0.7889683843 -0.0201665629 0.9953019619 0.0946958959 -0.7911973596 -0.0737915933 0.6070926785
307.7 -622.9 2484.5 0.6109457016 0.0206112415 0.7914041281 -0.0684018880 0.9972969890 0.0268311836 -0.7887119055 -0.0705259293 0.6107041836
430.7 -227.7 2347.4 0.1733307540 -0.0935764387 0.9804080129 0.0717440918 0.9940307736 0.0821927190 -0.9822470546 0.0560919605 0.1790096611
467.8 -622.6 2325.2 0.1654215753 -0.2063494027 0.9643939137 0.1098157912 0.9756389260 0.1899188757 -0.9800899029 0.0744889975 0.1840521544
-153.1 114.4 2930.5 0 0 0 0 0 0 0 0 0
640.3 -257.1 2038.4 0 0 0 0 0 0 0 0 0
299.9 -1003.8 2511.4 0 0 0 0 0 0 0 0 0
546.6 -995.2 2296.7 0 0 0 0 0 0 0 0 0
325.2 374.1 2431.0 8 0.7728908658 -0.0701133832 0.6306534410 0.1029003337 0.9945703149 -0.0155363297 -0.6261399388 0.0769023374 0.7759090066
339.4 172.9 2415.4 0.7728908658 -0.0701133832 0.6306534410 0.1029003337 0.9945703149 -0.0155363297 -0.6261399388 0.0769023374 0.7759090066
351.4 -24.7 2403.8 0.7741499543 -0.0614936762 0.6300082207 0.0838522241 0.9964614511 -0.0057747127 -0.6274238229 0.0572980829 0.7765669823
226.6 160.7 2506.8 0.6562729478 0.7545073032 0.0049505872 0.2652851939 -0.2245937139 -0.9376467466 -0.7063494325 0.6166655421 -0.3475543857
31.0 81.6 2717.3 0.7038912177 0.6993297338 -0.1243989319 0.0568161421 -0.2300053984 -0.9715294242 -0.7080318332 0.6767831445 -0.2016319931
452.2 185.1 2324.0 0.4358586967 0.7150146365 -0.5466088653 -0.6756359935 -0.1412941664 -0.7235689163 -0.5945950150 0.6846824288 0.4215053022
579.7 -12.6 2150.1 0.3460859358 0.7230527401 -0.5978454947 -0.7591938376 -0.1585596055 -0.6312555075 -0.5512251854 0.6723492742 0.4940619469
286.1 -229.2 2452.2 0.5907809138 -0.0573851392 0.8047887087 -0.0270505194 0.9954979420 0.0908408836 -0.8063784242 -0.0754370093 0.5865688920
308.9 -624.8 2482.1 0.5908896327 0.0061067366 0.8067293167 -0.0591233186 0.9976102114 0.0357532725 -0.8045830727 -0.0688227490 0.5898385644
431.6 -222.0 2341.4 0.1455357671 -0.0932950079 0.9849443436 0.0564091019 0.9947069287 0.0858846977 -0.9877435565 0.0430605300 0.1500281096
468.7 -617.3 2324.3 0.1435619444 -0.2136615813 0.9663015604 0.0654594228 0.9763277769 0.2061533034 -0.9874740839 0.0336577706 0.1541496813
-174.9 65.0 2924.4 0 0 0 0 0 0 0 0 0
669.6 -209.7 2006.9 0 0 0 0 0 0 0 0 0
306.6 -1005.9 2508.4 0 0 0 0 0 0 0 0 0
550.2 -989.9 2311.5 0 0 0 0 0 0 0 0 0
309.8 371.5 2438.4 9 0.7635151148 -0.1118768603 0.6360253692 0.1478306502 0.9890065193 -0.0034966976 -0.6286420226 0.0966938213 0.7716602683
332.4 171.8 2418.8 0.7635151148 -0.1118768603 0.6360253692 0.1478306502 0.9890065193 -0.0034966976 -0.6286420226 0.0966938213 0.7716602683
352.5 -24.9 2403.4 0.7656748891 -0.1020834446 0.6350755095 0.1278359741 0.9917811751 0.0052964562 -0.6303966641 0.0771301314 0.7724319100
220.8 153.1 2510.7 0.6498695612 0.7530561686 0.1028395966 0.3884391785 -0.2127751857 -0.8965722322 -0.6532875299 0.6226018667 -0.4307926297
27.6 37.6 2704.9 0.7368680835 0.6745958924 -0.0441110916 0.1545189619 -0.2315863818 -0.9604642987 -0.6581408381 0.7009194493 -0.2748864889
444.0 190.4 2326.9 0.5070486665 0.7230861783 -0.4690927565 -0.5742587447 -0.1224436015 -0.8094655275 -0.6427507401 0.6798190475 0.3531537056
591.7 23.1 2139.7 0.4327406585 0.7278465033 -0.5319539309 -0.6747668386 -0.1298065782 -0.7265259624 -0.5978505015 0.6733422279 0.4349541068
292.7 -230.1 2449.7 0.5889869332 -0.0412667915 0.8070882559 -0.0324305184 0.9966840148 0.0746276528 -0.8074916005 -0.0701289997 0.5856955051
309.1 -626.1 2477.5 0.5894947648 -0.0035338926 0.8077644706 -0.0682768524 0.9961938262 0.0541857034 -0.8048815131 -0.0870938078 0.5870097280
434.3 -214.7 2334.9 0.1392610073 -0.0916716829 0.9860033989 0.0548537672 0.9948911667 0.0847505778 -0.9887352586 0.0422835499 0.1435780823
470.7 -610.0 2318.1 0.1438154280 -0.2183162719 0.9652228355 0.0346409678 0.9758750200 0.2155641913 -0.9889980555 0.0024347974 0.1479085684
-187.1 -7.4 2896.7 0 0 0 0 0 0 0 0 0
705.0 -153.6 1983.1 0 0 0 0 0 0 0 0 0
310.4 -1006.6 2510.8 0 0 0 0 0 0 0 0 0
554.1 -982.6 2317.2 0 0 0 0 0 0 0 0 0
292.2 372.1 2442.1 0 0.7630656362 -0.1587893367 0.6265115738 0.1914287806 0.9813828468 0.0155789889 -0.6173215508 0.1080445573 0.7792564034
324.4 173.3 2420.2 0.7630656362 -0.1587893367 0.6265115738 0.1914287806 0.9813828468 0.0155789889 -0.6173215508 0.1080445573 0.7792564034
352.9 -22.1 2402.2 0.7665243149 -0.1439367831 0.6258774996 0.1689576209 0.9854264259 0.0196987092 -0.6195915937 0.0906472355 0.7796725631
212.7 148.6 2510.5 0.6160557270 0.7622135282 0.1987608969 0.5017986894 -0.1852498651 -0.8449145555 -0.6071848869 0.6202523708 -0.4966019690
26.0 -3.4 2694.5 0.7463700771 0.6586818099 0.0952365547 0.3252600133 -0.2361689359 -0.9156582952 -0.5806355476 0.7143965960 -0.3905122876
436.1 198.0 2329.8 0.5722992420 0.7233827114 -0.3862525523 -0.4609077871 -0.1058303192 -0.8811151981 -0.6782607436 0.6822883487 0.2728461325
602.8 63.7 2132.2 0.4892659783 0.7299942374 -0.4772077203 -0.6013876796 -0.1138868257 -0.7907987237 -0.6316261888 0.6738977432 0.3832885921
302.7 -233.3 2445.7 0.6013754606 -0.0225590244 0.7986479998 -0.0493635163 0.9966425300 0.0653220043 -0.7974401712 -0.0787071288 0.5982427597
311.6 -629.3 2476.9 0.6013311744 0.0088008698 0.7989513874 -0.0721134022 0.9964561462 0.0432997011 -0.7957389355 -0.0836525708 0.5998347998
442.8 -209.9 2330.3 0.1495184451 -0.0767132118 0.9857785106 0.0575791597 0.9959693551 0.0687729120 -0.9870809913 0.0464774817 0.1533328742
473.2 -605.7 2311.8 0.1667200476 -0.2154036611 0.9621879458 -0.0180660915 0.9750145078 0.2214054614 -0.9858387709 -0.0542957075 0.1586629599
-187.5 -96.4 2860.6 0 0 0 0 0 0 0 0 0
732.2 -95.4 1965.2 0 0 0 0 0 0 0 0 0
308.3 -1010.0 2508.9 0 0 0 0 0 0 0 0 0
555.4 -977.5 2332.5 0 0 0 0 0 0 0 0 0
279.1 368.9 2452.9 1 0.7557983398 -0.1948421597 0.6251443028 0.2335233390 0.9721316695 0.0206603259 -0.6117480993 0.1303707510 0.7802357078
318.7 171.5 2426.4 0.7557983398 -0.1948421597 0.6251443028 0.2335233390 0.9721316695 0.0206603259 -0.6117480993 0.1303707510 0.7802357078
353.9 -22.5 2404.5 0.7607206106 -0.1776297987 0.6243010163 0.2077537477 0.9778597355 0.0250751823 -0.6149328947 0.1106256694 0.7807813287
207.8 141.2 2516.1 0.5901063681 0.7569180727 0.2808014154 0.6030935645 -0.1820744425 -0.7766125798 -0.5367053151 0.6276335716 -0.5639356971
30.8 -39.6 2677.1 0.6966719031 0.6766689420 0.2382590622 0.5200963020 -0.2476543039 -0.8174149394 -0.4941134155 0.6933876872 -0.5244668126
429.6 201.8 2336.7 0.6237404943 0.7238380313 -0.2949683070 -0.3347964883 -0.0935918167 -0.9376310110 -0.7062996030 0.6835927963 0.1839614362
611.0 104.5 2131.4 0.5202900767 0.7466381192 -0.4145234823 -0.5122938752 -0.1154809669 -0.8510106802 -0.6832665801 0.6551302671 0.3224145174
311.3 -233.0 2440.9 0.6048392057 -0.0237131324 0.7959944606 -0.0515752397 0.9962915778 0.0688697249 -0.7946757078 -0.0827087164 0.6013732553
320.7 -628.9 2473.8 0.6032804847 0.0452545658 0.7962441444 -0.1050430015 0.9941998124 0.0230812468 -0.7905812263 -0.0975643322 0.6045349836
451.6 -202.1 2327.4 0.1520508230 -0.0685094148 0.9859954119 0.0395226255 0.9972183704 0.0631944090 -0.9875821471 0.0293603670 0.1543355435
478.8 -598.3 2315.8 0.1595006585 -0.1922283620 0.9683014750 0.0021009783 0.9809225202 0.1943878233 -0.9871956110 -0.0289706048 0.1568616480
-165.6 -186.3 2816.4 0 0 0 0 0 0 0 0 0
750.1 -32.5 1948.7 0 0 0 0 0 0 0 0 0
303.5 -1008.5 2511.0 0 0 0 0 0 0 0 0 0
552.1 -972.5 2326.8 0 0 0 0 0 0 0 0 0
265.4 360.1 2457.3 2 0.7566816211 -0.2394900918 0.6083399057 0.2774098516 0.9601864815 0.0329490304 -0.5920107365 0.1438275576 0.7929924130
313.7 166.3 2428.3 0.7566816211 -0.2394900918 0.6083399057 0.2774098516 0.9601864815 0.0329490304 -0.5920107365 0.1438275576 0.7929924130
358.2 -25.2 2402.9 0.7618122101 -0.2241851389 0.6077690125 0.2560963631 0.9660057425 0.0353206471 -0.5950266719 0.1287397146 0.7933279872
202.7 129.0 2515.1 0.5536367297 0.7550221682 0.3513230681 0.6745111346 -0.1591519862 -0.7209059000 -0.4883861840 0.6360913515 -0.5973832607
41.8 -67.1 2657.1 0.5928062201 0.7021099925 0.3944900036 0.7117027044 -0.2274733037 -0.6646316051 -0.3769085407 0.6747573614 -0.6345411539
424.7 203.7 2341.5 0.6577535868 0.7255806923 -0.2022199929 -0.2104946971 -0.0807087943 -0.9742577076 -0.7232235074 0.6833877563 0.0996443853
616.5 142.3 2130.6 0.5689508915 0.7510311007 -0.3350330889 -0.4052798152 -0.0984249413 -0.9088788629 -0.7155719399 0.6528896093 0.2483787835
319.5 -235.5 2438.8 0.6231064200 -0.0023225974 0.7821335793 -0.0560488142 0.9972920418 0.0476142243 -0.7801262140 -0.0735063925 0.6212888956
320.5 -631.7 2468.0 0.6214936972 0.0448063202 0.7821367979 -0.1266395152 0.9909787178 0.0438587591 -0.7731157541 -0.1263073683 0.6215612888
458.8 -197.4 2326.2 0.1717843562 -0.0481261574 0.9839583635 0.0295963380 0.9986072779 0.0436755717 -0.9846898913 0.0216187835 0.1729694605
477.9 -594.1 2317.6 0.1695172787 -0.1971330345 0.9656099081 0.0409296714 0.9803530574 0.1929575205 -0.9846769571 0.0068124603 0.1742553711
-122.2 -264.0 2761.3 0 0 0 0 0 0 0 0 0
768.8 33.8 1939.0 0 0 0 0 0 0 0 0 0
303.3 -1010.1 2516.3 0 0 0 0 0 0 0 0 0
553.1 -968.2 2315.0 0 0 0 0 0 0 0 0 0
253.0 356.1 2476.6 3 0.7237460613 -0.2800974250 0.6306639910 0.3434774578 0.9388837814 0.0228147972 -0.5985105634 0.2001067400 0.7757205963
309.7 166.0 2436.0 0.7237460613 -0.2800974250 0.6306639910 0.3434774578 0.9388837814 0.0228147972 -0.5985105634 0.2001067400 0.7757205963
361.6 -21.9 2400.6 0.7315254211 -0.2627430260 0.6291555166 0.3164339364 0.9481995106 0.0280587822 -0.6039371490 0.1785604507 0.7767728567
203.2 119.8 2523.9 0.5157950521 0.7559353709 0.4031341970 0.7604741454 -0.1873084903 -0.6217672825 -0.3945054412 0.6272776127 -0.6714820862
56.5 -96.4 2636.1 0.5128799677 0.7301174998 0.4515336454 0.8065959215 -0.2297967523 -0.5446066856 -0.2938659191 0.6435230374 -0.7067679167
416.2 212.1 2348.1 0.6847295761 0.7203559279 -0.1106017232 -0.0841543302 -0.0725940764 -0.9938048720 -0.7239222527 0.6897952557 0.0109137557
620.9 186.9 2131.7 0.5961875916 0.7531895638 -0.2779673934 -0.3251463175 -0.0900452211 -0.9413669705 -0.7340573668 0.6516113877 0.1912129670
333.0 -240.2 2431.9 0.6025140882 0.0193069112 0.7978746891 -0.0776612759 0.9963814616 0.0345354564 -0.7943207622 -0.0827720687 0.6018332839
325.3 -636.0 2464.8 0.5997324586 0.0650531426 0.7975519300 -0.1359429806 0.9904847741 0.0214346759 -0.7885686755 -0.1212766543 0.6028693318
472.4 -193.3 2322.9 0.1437914521 -0.0284210667 0.9891998172 0.0287257303 0.9992861748 0.0245352499 -0.9891909957 0.0248875283 0.1445052177
483.7 -590.3 2313.0 0.1467143297 -0.1862426102 0.9714878201 0.0134037510 0.9823995233 0.1863102317 -0.9890880585 -0.0143128019 0.1466284394
-86.3 -321.0 2717.9 0 0 0 0 0 0 0 0 0
781.5 99.3 1933.9 0 0 0 0 0 0 0 0 0
300.5 -1014.3 2511.1 0 0 0 0 0 0 0 0 0
554.8 -965.3 2318.5 0 0 0 0 0 0 0 0 0
239.1 348.0 2486.7 4 0.7046608925 -0.3264601231 0.6299816370 0.3995741606 0.9162768126 0.0278795082 -0.5863391161 0.2320787758 0.7761094570
304.8 163.8 2440.0 0.7046608925 -0.3264601231 0.6299816370 0.3995741606 0.9162768126 0.0278795082 -0.5863391161 0.2320787758 0.7761094570
365.2 -20.2 2398.5 0.7152630091 -0.3052736223 0.6286547780 0.3686048687 0.9290436506 0.0317552127 -0.5937417746 0.2090118974 0.7770358920
200.6 110.1 2526.4 0.4686610699 0.7547671199 0.4590026438 0.8258476853 -0.1899041384 -0.5309539437 -0.3135800362 0.6279036999 -0.7123233080
75.8 -109.8 2609.9 0.4024702907 0.7581440806 0.5130645633 0.8863323331 -0.1825315058 -0.4255551696 -0.2289816886 0.6260190606 -0.7454311252
408.9 217.5 2353.5 0.7043532133 0.7094528079 -0.0237326864 0.0286219884 -0.0617906973 -0.9976786375 -0.7092723846 0.7020388842 -0.0638284236
619.0 226.1 2142.0 0.6280419230 0.7535622716 -0.1941836029 -0.2100179642 -0.0761399046 -0.9747282267 -0.7493035197 0.6529522538 0.1104425564
346.7 -238.6 2420.3 0.6028593779 0.0510946549 0.7962096930 -0.1128134504 0.9933798313 0.0216704793 -0.7898314595 -0.1028874144 0.6046324968
326.4 -633.1 2461.2 0.6018467546 0.0594662391 0.7963945270 -0.1314879209 0.9909930825 0.0253705289 -0.7877127528 -0.1199854240 0.6042450666
480.5 -180.7 2310.0 0.1440578550 -0.0235327277 0.9892894030 -0.0056432555 0.9996814132 0.0246016849 -0.9895531535 -0.0091268793 0.1438791603
489.8 -577.7 2313.6 0.1384141743 -0.1497443765 0.9789883494 0.0323148929 0.9886597395 0.1466548592 -0.9898470640 0.0113367932 0.1416834891
-35.6 -355.3 2673.4 0 0 0 0 0 0 0 0 0
790.0 168.9 1938.0 0 0 0 0 0 0 0 0 0
303.7 -1011.7 2507.0 0 0 0 0 0 0 0 0 0
546.9 -955.0 2309.3 0 0 0 0 0 0 0 0 0
226.0 336.6 2491.2 5 0.6964333057 -0.3627671301 0.6191774011 0.4355385602 0.8994065523 0.0370678902 -0.5703392029 0.2438603193 0.7843757272
299.1 155.5 2442.1 0.6964333057 -0.3627671301 0.6191774011 0.4355385602 0.8994065523 0.0370678902 -0.5703392029 0.2438603193 0.7843757272
367.2 -25.2 2397.6 0.7067990899 -0.3439882696 0.6181481481 0.4089758098 0.9116809964 0.0397054218 -0.5772120953 0.2247438729 0.7850582004
196.1 95.8 2526.2 0.3863102496 0.7546580434 0.5303354263 0.8969838619 -0.1734060049 -0.4066329002 -0.2149054408 0.6327887774 -0.7439045906
95.7 -137.3 2582.1 0.2471286952 0.7870928049 0.5651656985 0.9455800056 -0.0684792101 -0.3181022108 -0.2116738558 0.6130216122 -0.7611824274
402.0 215.1 2358.0 0.7088314891 0.7000669837 0.0863953903 0.1689096391 -0.0495410971 -0.9843857288 -0.6848558187 0.7123565674 -0.1533643454
612.6 265.3 2154.5 0.6735311151 0.7313132286 -0.1074095294 -0.0996905342 -0.0541103929 -0.9935461283 -0.7324053645 0.6798919439 0.0364599712
360.3 -238.0 2411.4 0.6127031446 0.0751695409 0.7867302299 -0.1389876753 0.9902002811 0.0136327371 -0.7779957056 -0.1176986247 0.6171464324
330.4 -631.2 2458.1 0.6120974422 0.0711598396 0.7875741124 -0.1477415115 0.9886974096 0.0254917592 -0.7768585086 -0.1319608241 0.6156924367
491.0 -170.5 2302.8 0.1568065882 -0.0045868475 0.9876186848 -0.0242627840 0.9996694922 0.0084950766 -0.9873312712 -0.0252944622 0.1566434652
492.8 -567.6 2312.9 0.1467182040 -0.1529653072 0.9772796035 0.0432051234 0.9880192280 0.1481599361 -0.9882343411 0.0204857253 0.1515692919
26.9 -400.4 2641.0 0 0 0 0 0 0 0 0 0
798.5 237.7 1952.4 0 0 0 0 0 0 0 0 0
303.2 -1008.9 2508.5 0 0 0 0 0 0 0 0 0
551.3 -944.8 2305.0 0 0 0 0 0 0 0 0 0
215.2 326.2 2493.0 6 0.6833953857 -0.3994347751 0.6110830903 0.4683533311 0.8819668293 0.0527223274 -0.5600141883 0.2501726151 0.7898086905
295.2 149.5 2442.9 0.6833953857 -0.3994347751 0.6110830903 0.4683533311 0.8819668293 0.0527223274 -0.5600141883 0.2501726151 0.7898086905
370.2 -28.2 2396.7 0.6955748796 -0.3776753843 0.6111766696 0.4404842257 0.8962234855 0.0525082499 -0.5675819516 0.2326902598 0.7897505760
193.9 85.2 2525.7 0.2869721651 0.7633889318 0.5786918998 0.9465229511 -0.1329795867 -0.2939571142 -0.1474493891 0.6321026683 -0.7607265711
121.0 -155.2 2563.1 0.1059635505 0.7915357947 0.6018661261 0.9775511622 0.0279306062 -0.2088385820 -0.1821136922 0.6104842424 -0.7708070874
396.6 213.7 2360.1 0.7057053447 0.6830317378 0.1882753372 0.2914911509 -0.0376960076 -0.9558305144 -0.6457653046 0.7294152975 -0.2256999761
604.8 299.7 2169.6 0.7203116417 0.6933469176 -0.0205233563 0.0077116052 -0.0375901274 -0.9992634654 -0.6936077476 0.7196228504 -0.0324234217
370.8 -243.4 2405.8 0.6194353700 0.0951221958 0.7792634964 -0.1507225484 0.9885756969 -0.0008631423 -0.7704430819 -0.1169179231 0.6266958117
333.0 -636.0 2452.3 0.6185758114 0.0720210448 0.7824173570 -0.1631753147 0.9858550429 0.0382583402 -0.7685946822 -0.1513368785 0.6215781569
500.1 -168.5 2300.2 0.1644553095 0.0031110253 0.9863796234 -0.0292270295 0.9995713234 0.0017202797 -0.9859514236 -0.0291118566 0.1644757390
498.8 -565.6 2311.8 0.1549310386 -0.1345741600 0.9787166119 0.0441246107 0.9906327128 0.1292276978 -0.9869394302 0.0231641084 0.1594177932
91.6 -425.9 2613.6 0 0 0 0 0 0 0 0 0
805.4 301.9 1976.5 0 0 0 0 0 0 0 0 0
305.5 -1012.6 2510.1 0 0 0 0 0 0 0 0 0
550.2 -944.0 2302.9 0 0 0 0 0 0 0 0 0
208.4 314.7 2503.4 7 0.6612946987 -0.4286887348 0.6155609488 0.5083059072 0.8595716357 0.0525515266 -0.5516470075 0.2781412601 0.7863351703
293.5 144.2 2448.2 0.6612946987 -0.4286887348 0.6155609488 0.5083059072 0.8595716357 0.0525515266 -0.5516470075 0.2781412601 0.7863351703
373.7 -29.7 2396.6 0.6756919026 -0.4046521485 0.6161956787 0.4783093333 0.8766959310 0.0512291119 -0.5609462261 0.2601170540 0.7859252095
195.0 74.4 2530.0 0.2032799572 0.7734473348 0.6003803015 0.9772888422 -0.1227880791 -0.1727124155 -0.0598644130 0.6218539476 -0.7808418274
145.6 -162.6 2544.5 0.0101485420 0.7944055200 0.6073029637 0.9861817360 0.0924800187 -0.1374519020 -0.1653559357 0.6003059745 -0.7824897170
392.0 214.0 2366.4 0.6870040298 0.6726202965 0.2749679983 0.4084370136 -0.0444660746 -0.9117028117 -0.6010030508 0.7386505604 -0.3052714169
599.8 337.5 2184.5 0.7344142199 0.6762885451 0.0571798608 0.1176489517 -0.0438803285 -0.9920852780 -0.6684268713 0.7353286743 -0.1117909774
381.4 -246.3 2402.6 0.6124566793 0.1102178991 0.7827827334 -0.1627775878 0.9865950942 -0.0115564875 -0.7735633254 -0.1203416437 0.6221877933
337.6 -638.2 2450.4 0.6114926338 0.0942307785 0.7856190801 -0.1732205898 0.9847412109 0.0167131685 -0.7720565796 -0.1463053674 0.6184847355
508.7 -165.6 2298.6 0.1565620899 0.0217365213 0.9874289036 -0.0199321341 0.9996237159 -0.0188446231 -0.9874669909 -0.0167312119 0.1569364369
500.1 -562.7 2305.3 0.1495169550 -0.1516545117 0.9770596623 0.0271193162 0.9884247184 0.1492685527 -0.9883871675 0.0041790116 0.1518990248
142.8 -436.3 2590.4 0 0 0 0 0 0 0 0 0
805.5 370.5 1997.4 0 0 0 0 0 0 0 0 0
301.7 -1014.4 2506.3 0 0 0 0 0 0 0 0 0
558.0 -940.2 2303.7 0 0 0 0 0 0 0 0 0
199.8 304.0 2508.1 8 0.6485491991 -0.4560779631 0.6094069481 0.5381767154 0.8409290910 0.0566044711 -0.5382841229 0.2912578583 0.7908344269
289.9 137.9 2450.5 0.6485491991 -0.4560779631 0.6094069481 0.5381767154 0.8409290910 0.0566044711 -0.5382841229 0.2912578583 0.7908344269
375.6 -32.5 2396.0 0.6637712121 -0.4319365025 0.6106051207 0.5090366006 0.8590297103 0.0543108061 -0.5479867458 0.2747704089 0.7900707126
193.1 63.7 2530.5 0.0892283097 0.7789031863 0.6207641363 0.9959961176 -0.0732055977 -0.0513093136 0.0054784184 0.6228569150 -0.7823165655
172.1 -170.7 2529.2 -0.0548534654 0.7838360667 0.6185403466 0.9890119433 0.1278230548 -0.0742741898 -0.1372824907 0.6076695919 -0.7822347283
386.7 212.2 2370.6 0.6597344279 0.6575971842 0.3637533188 0.5183153749 -0.0476832241 -0.8538591862 -0.5441504717 0.7518592477 -0.3723009527
591.2 372.9 2201.9 0.7410888076 0.6599518657 0.1234946847 0.2048031241 -0.0470336415 -0.9776725173 -0.6394084096 0.7498342395 -0.1700163186
392.1 -247.3 2396.3 0.6160439253 0.1211101040 0.7783458233 -0.1754587442 0.9843829870 -0.0142975347 -0.7679219246 -0.1277596653 0.6276729703
344.0 -638.5 2447.1 0.6142248511 0.1161730662 0.7805329561 -0.1915479451 0.9814721942 0.0046543386 -0.7655307055 -0.1523682922 0.6250973344
515.8 -159.8 2293.6 0.1613690108 0.0301044397 0.9864348769 -0.0379654467 0.9989840984 -0.0242767259 -0.9861636162 -0.0335329287 0.1623480022
503.9 -556.6 2307.0 0.1519580781 -0.1452904791 0.9776499271 0.0285179093 0.9893695712 0.1425995529 -0.9879754186 0.0062113781 0.1544860750
187.4 -446.0 2567.4 0 0 0 0 0 0 0 0 0
800.9 430.8 2021.0 0 0 0 0 0 0 0 0 0
299.6 -1013.4 2505.3 0 0 0 0 0 0 0 0 0
559.4 -934.6 2304.6 0 0 0 0 0 0 0 0 0
192.3 291.3 2510.4 9 0.6421728730 -0.4795493484 0.5980355144 0.5623127818 0.8249117732 0.0576619841 -0.5209782720 0.2992540300 0.7993926406
286.3 129.5 2451.7 0.6421728730 -0.4795493484 0.5980355144 0.5623127818 0.8249117732 0.0576619841 -0.5209782720 0.2992540300 0.7993926406
376.6 -38.1 2395.4 0.6584877372 -0.4544686973 0.5998767018 0.5331564546 0.8442676663 0.0543715917 -0.5311666727 0.2840251029 0.7982428670
190.3 51.7 2529.2 -0.0392735712 0.7737721205 0.6322454810 0.9973748922 -0.0081660235 0.0719485059 0.0608346760 0.6334114075 -0.7714201808
199.3 -176.9 2515.3 -0.0900779217 0.7685400844 0.6334288716 0.9931466579 0.1168731973 -0.0005701537 -0.0744690448 0.6290364265 -0.7738007307
382.4 207.3 2374.2 0.6263948083 0.6395802498 0.4456081986 0.6154357195 -0.0549381673 -0.7862700820 -0.4784018993 0.7667587399 -0.4280335009
580.5 401.9 2222.9 0.7263638973 0.6546832919 0.2092491239 0.3165546060 -0.0484269597 -0.9473373294 -0.6100726724 0.7543504238 -0.2424186021
400.6 -249.5 2391.7 0.6244077086 0.1450080574 0.7675204873 -0.1840737611 0.9822592735 -0.0358276255 -0.7590993643 -0.1189093366 0.6400223970
342.9 -639.7 2438.9 0.6219234467 0.0841984525 0.7785382867 -0.2170141339 0.9737941027 0.0680431798 -0.7524068356 -0.2112714499 0.6238976717
522.1 -156.3 2291.3 0.1737211347 0.0316443741 0.9842863679 -0.0205653999 0.9993821979 -0.0285000186 -0.9845801592 -0.0152911870 0.1742645949
509.5 -553.3 2297.4 0.1743788719 -0.1315838546 0.9758471847 -0.0254985187 0.9900953770 0.1380615532 -0.9843484163 -0.0489576720 0.1692965180
224.2 -451.0 2535.8 0 0 0 0 0 0 0 0 0
788.9 492.8 2047.9 0 0 0 0 0 0 0 0 0
310.9 -1010.9 2519.5 0 0 0 0 0 0 0 0 0
559.7 -931.0 2316.1 0 0 0 0 0 0 0 0 0
185.4 276.2 2511.6 0 0.6403958797 -0.5126142502 0.5719438195 0.5951951146 0.8018795848 0.0522680022 -0.4854234159 0.3069459796 0.8186258674
287.1 117.3 2450.7 0.6403958797 -0.5126142502 0.5719438195 0.5951951146 0.8018795848 0.0522680022 -0.4854234159 0.3069459796 0.8186258674
384.9 -44.8 2391.7 0.6533643603 -0.4930034280 0.5745107532 0.5743151903 0.8172178864 0.0481351279 -0.4932312667 0.2985004783 0.8170803785
191.9 33.5 2522.7 -0.1211770847 0.7496920228 0.6505981684 0.9908925295 0.0525870509 0.1239618883 0.0587202050 0.6596941948 -0.7492365837
219.1 -189.4 2509.5 -0.1102562845 0.7473824024 0.6551817060 0.9938346148 0.0751598030 0.0815092921 0.0116752870 0.6601291299 -0.7510613799
382.2 201.0 2378.8 0.5652592182 0.6311131716 0.5312044621 0.7101507783 -0.0446477532 -0.7026324868 -0.4197235405 0.7744047642 -0.4734230638
564.8 430.4 2243.3 0.7166340351 0.6384031773 0.2808506787 0.3957583010 -0.0406420454 -0.9174549580 -0.5742917657 0.7686284184 -0.2817788124
406.5 -254.5 2387.7 0.6442007422 0.1606472582 0.7477953434 -0.1923703253 0.9802958369 -0.0448742248 -0.7402696013 -0.1149456277 0.6624110937
342.7 -643.9 2433.4 0.6421994567 0.0623003617 0.7640016675 -0.2318101674 0.9658082724 0.1160968319 -0.7306461930 -0.2516606748 0.6346834302
527.1 -156.8 2290.4 0.2017639279 0.0275292322 0.9790472388 -0.0288036950 0.9993393421 -0.0221638940 -0.9790105820 -0.0237283036 0.2024235725
516.2 -553.9 2299.8 0.1984467953 -0.1126036942 0.9736217260 0.0012632214 0.9934069514 0.1146344692 -0.9801108241 -0.0215189420 0.1972806603
249.4 -462.2 2506.3 0 0 0 0 0 0 0 0 0
772.7 545.2 2076.7 0 0 0 0 0 0 0 0 0
318.9 -1012.2 2529.3 0 0 0 0 0 0 0 0 0
559.1 -932.9 2308.0 0 0 0 0 0 0 0 0 0
179.2 262.6 2512.2 1 0.6385360360 -0.5399813652 0.5483537316 0.6205658913 0.7826774716 0.0481031500 -0.4551589489 0.3095740378 0.8348618150
286.9 106.6 2450.5 0.6385360360 -0.5399813652 0.5483537316 0.6205658913 0.7826774716 0.0481031500 -0.4551589489 0.3095740378 0.8348618150
390.6 -51.3 2389.8 0.6496651769 -0.5223027468 0.5523902178 0.6040283442 0.7958498597 0.0421050154 -0.4616112411 0.3063051999 0.8325215578
192.2 18.5 2517.8 -0.2197473645 0.7215859294 0.6565248370 0.9722477794 0.1066064239 0.2082529068 0.0802826062 0.6840678453 -0.7249868512
243.5 -208.5 2499.0 -0.1125968322 0.7282227874 0.6760277152 0.9929112196 0.0563935451 0.1046282351 0.0380690657 0.6830163598 -0.7294103503
381.5 194.7 2383.1 0.5057792664 0.6118518710 0.6081320047 0.7915989757 -0.0489942431 -0.6090735793 -0.3428678513 0.7894535065 -0.5091215968
548.0 455.2 2270.3 0.6933549047 0.6276839375 0.3539375961 0.4814901054 -0.0381209999 -0.8756220937 -0.5361214876 0.7775343060 -0.3286550045
423.0 -259.5 2377.8 0.6548116803 0.1883297116 0.7319518924 -0.2323020548 0.9717276096 -0.0422037058 -0.7192060947 -0.1423984468 0.6800479889
348.2 -645.3 2434.3 0.6553555727 0.0899941176 0.7499400973 -0.2265642583 0.9705789089 0.0815181807 -0.7205398679 -0.2233330160 0.6564637423
542.5 -154.4 2287.5 0.2255894393 0.0577027835 0.9725121260 -0.0419227891 0.9978947043 -0.0494841784 -0.9733200073 -0.0296073109 0.2275335640
519.6 -550.7 2299.2 0.2220152467 -0.1046251357 0.9694136381 -0.0066390494 0.9940410852 0.1088035554 -0.9750205874 -0.0305920336 0.2199976742
274.4 -481.2 2488.6 0 0 0 0 0 0 0 0 0
750.4 595.7 2113.8 0 0 0 0 0 0 0 0 0
313.9 -1015.5 2519.5 0 0 0 0 0 0 0 0 0
559.6 -930.3 2310.9 0 0 0 0 0 0 0 0 0
174.0 249.1 2513.5 2 0.6279383898 -0.5664951801 0.5336446166 0.6464334726 0.7614780068 0.0476969965 -0.4333787560 0.3150149882 0.8443627357
287.1 97.0 2450.6 0.6279383898 -0.5664951801 0.5336446166 0.6464334726 0.7614780068 0.0476969965 -0.4333787560 0.3150149882 0.8443627357
396.6 -56.3 2388.3 0.6375148296 -0.5513472557 0.5381366014 0.6332894564 0.7727998495 0.0415316001 -0.4387702346 0.3143192232 0.8418337703
194.2 4.7 2514.6 -0.2844938338 0.6964389682 0.6588140726 0.9559076428 0.1538702548 0.2501291335 0.0728277862 0.7009255886 -0.7095064521
261.4 -221.0 2497.4 -0.0985128284 0.7171061635 0.6899666190 0.9920343161 0.0160713568 0.1249382719 0.0785053074 0.6967786551 -0.7129771709
380.0 189.4 2386.5 0.4396931529 0.6005673409 0.6678239107 0.8534143567 -0.0476298593 -0.5190523267 -0.2799175084 0.7981542945 -0.5334753394
527.5 475.6 2292.7 0.6655383706 0.6079290509 0.4329906702 0.5711302161 -0.0413465165 -0.8198174834 -0.4804882407 0.7929140329 -0.3747243583
434.8 -264.6 2371.5 0.6619011760 0.2097413987 0.7196494341 -0.2528144419 0.9662685394 -0.0490910374 -0.7056710720 -0.1494443715 0.6925999522
351.5 -648.3 2430.8 0.6633930802 0.1010917872 0.7414108515 -0.2391916215 0.9674949050 0.0821033046 -0.7090112567 -0.2318060249 0.6660097837
553.7 -154.0 2287.0 0.2405975312 0.0693192780 0.9681465030 -0.0332989022 0.9974488616 -0.0631420985 -0.9700536132 -0.0170463827 0.2422920018
526.2 -550.2 2293.7 0.2407189757 -0.0801272988 0.9672817588 -0.0348039046 0.9952329993 0.0911040530 -0.9699706435 -0.0555956550 0.2367827296
288.4 -493.5 2475.8 0 0 0 0 0 0 0 0 0
723.7 644.0 2151.0 0 0 0 0 0 0 0 0 0
313.0 -1017.6 2519.3 0 0 0 0 0 0 0 0 0
556.8 -930.2 2315.0 0 0 0 0 0 0 0 0 0
172.5 234.9 2521.6 3 0.6111776233 -0.5839191675 0.5343223214 0.6736938953 0.7381307483 0.0360494703 -0.4154497087 0.3379370272 0.8445117474
289.0 87.6 2454.2 0.6111776233 -0.5839191675 0.5343223214 0.6736938953 0.7381307483 0.0360494703 -0.4154497087 0.3379370272 0.8445117474
402.2 -60.9 2387.2 0.6199145317 -0.5704576969 0.5387800932 0.6624422669 0.7484995723 0.0303086452 -0.4205664694 0.3381219506 0.8419010639
198.6 -9.1 2515.5 -0.3229917884 0.6886686087 0.6491624117 0.9417842031 0.1662092060 0.2922619581 0.0933748782 0.7057690620 -0.7022614479
273.7 -228.1 2493.8 -0.0847830698 0.7109131217 0.6981506944 0.9937961102 0.0097162724 0.1107922196 0.0719802156 0.7032127380 -0.7073264718
379.4 184.2 2392.9 0.3670132756 0.6089308262 0.7032101154 0.9005934596 -0.0433454551 -0.4324957430 -0.2328790277 0.7920381427 -0.5643075109
505.3 493.1 2313.0 0.6265523434 0.5912707448 0.5077706575 0.6632333398 -0.0623204149 -0.7458134294 -0.4093331993 0.8040615916 -0.4311974943
447.7 -267.6 2366.3 0.6552668810 0.2298304290 0.7195855379 -0.2675012052 0.9614633322 -0.0634932965 -0.7064477801 -0.1508849412 0.6914949417
356.4 -649.5 2426.2 0.6547955871 0.1184286177 0.7464699745 -0.2713608742 0.9586326480 0.0859463513 -0.7054119110 -0.2588400245 0.6598452926
564.4 -151.7 2285.9 0.2377619445 0.0798614919 0.9680348039 -0.0211393982 0.9968036413 -0.0770427734 -0.9710934162 -0.0021458336 0.2386901975
532.6 -547.7 2286.7 0.2408453226 -0.0654330254 0.9683553576 -0.0645773560 0.9944335818 0.0832565725 -0.9684127569 -0.0825857818 0.2352791727
297.0 -501.2 2474.0 0 0 0 0 0 0 0 0 0
690.1 688.7 2192.2 0 0 0 0 0 0 0 0 0
311.2 -1015.5 2525.0 0 0 0 0 0 0 0 0 0
557.6 -927.3 2318.3 0 0 0 0 0 0 0 0 0
169.6 221.8 2525.7 4 0.6103719473 -0.6033338308 0.5132586360 0.6980221868 0.7159830928 0.0115412371 -0.3744477034 0.3512214422 0.8581563830
290.1 78.8 2455.5 0.6103719473 -0.6033338308 0.5132586360 0.6980221868 0.7159830928 0.0115412371 -0.3744477034 0.3512214422 0.8581563830
407.2 -65.6 2385.9 0.6200832725 -0.5894603729 0.5177192688 0.6862713099 0.7273196578 0.0061437632 -0.3801689148 0.3514862359 0.8555284739
199.7 -21.3 2511.0 -0.3479824066 0.6573554277 0.6684250832 0.9338664412 0.1803302616 0.3088274896 0.0824721679 0.7316862941 -0.6766339540
280.7 -238.7 2491.8 -0.0838477090 0.6850770116 0.7236290574 0.9927644134 -0.0052101822 0.1199653298 0.0859557316 0.7284520268 -0.6796832085
380.5 178.8 2400.1 0.2910727561 0.5990275741 0.7459508181 0.9411439896 -0.0392490439 -0.3357193470 -0.1718272865 0.7997658849 -0.5751955509
482.0 507.0 2340.2 0.5873078704 0.5808165073 0.5636680722 0.7223572135 -0.0620329566 -0.6887321472 -0.3650609851 0.8116675019 -0.4559894204
458.7 -270.1 2358.7 0.6628577113 0.2420166433 0.7085531950 -0.2868508101 0.9562024474 -0.0582534149 -0.6916186213 -0.1646353304 0.7032488585
362.6 -650.0 2424.1 0.6632993221 0.1415873319 0.7348380685 -0.2838911712 0.9561476111 0.0720246509 -0.6924158931 -0.2563879490 0.6744074821
572.2 -148.8 2281.7 0.2571159303 0.0933241919 0.9618638158 -0.0365721844 0.9955527782 -0.0868167281 -0.9656882882 -0.0128555000 0.2593855262
535.2 -544.3 2286.8 0.2585447729 -0.0788470507 0.9627760649 -0.0540865995 0.9939182997 0.0959219262 -0.9644839168 -0.0768733919 0.2527078092
303.8 -511.7 2468.1 0 0 0 0 0 0 0 0 0
656.2 721.3 2231.9 0 0 0 0 0 0 0 0 0
308.5 -1015.1 2522.0 0 0 0 0 0 0 0 0 0
565.3 -923.9 2316.1 0 0 0 0 0 0 0 0 0
164.4 208.6 2529.7 5 0.5908870697 -0.6234612465 0.5120044351 0.7222878337 0.6915401816 0.0085115908 -0.3593783081 0.3647851944 0.8589406013
289.0 70.4 2456.8 0.5908870697 -0.6234612465 0.5120044351 0.7222878337 0.6915401816 0.0085115908 -0.3593783081 0.3647851944 0.8589406013
410.7 -68.8 2384.6 0.5992966294 -0.6126444340 0.5152769685 0.7128116488 0.7013388872 0.0048240228 -0.3643392026 0.3644044101 0.8570101261
201.6 -33.6 2510.0 -0.3698303401 0.6508916020 0.6629974246 0.9239770770 0.1828326285 0.3359146118 0.0974264294 0.7368258238 -0.6690259576
288.7 -251.1 2487.0 -0.0706846416 0.6800779700 0.7297244072 0.9928783178 -0.0223616734 0.1170153171 0.0958973989 0.7327986956 -0.6736540198
376.4 174.4 2403.7 0.2227751315 0.5895497203 0.7764034867 0.9717649221 -0.0707806349 -0.2250844687 -0.0777441561 0.8046249151 -0.5886719227
445.4 475.0 2379.6 0.4461212456 0.6065307260 0.6581005454 0.8436183929 -0.0394874029 -0.5354892612 -0.2988039851 0.7940788269 -0.5292966366
467.5 -272.7 2351.1 0.6600144506 0.2556232810 0.7064260244 -0.3054822683 0.9503993988 -0.0584937781 -0.6863392591 -0.1771938801 0.7053657174
