-404.4 518.9 3104.0 84 -0.9594269395 -0.0169783980 0.2814456820 0.0536249429 0.9689784050 0.2412576228 -0.2768109739 0.2465615720 -0.9287534952
-401.0 325.6 3054.8 -0.9594269395 -0.0169783980 0.2814456820 0.0536249429 0.9689784050 0.2412576228 -0.2768109739 0.2465615720 -0.9287534952
-400.0 131.4 3012.6 -0.9594420195 -0.0052298740 0.2818574607 0.0549475439 0.9771820903 0.2051729262 -0.2764990926 0.2123389095 -0.9372621775
-266.1 317.9 3093.8 -0.2651919425 0.9125438929 0.3113468587 0.9529086947 0.1987840831 0.2290195078 0.1470995545 0.3574192524 -0.9222869277
-194.3 59.8 3053.9 0.0257433653 0.9125438929 0.4081677496 0.8442791104 0.1987840831 -0.4976722896 -0.5352850556 0.3574192524 -0.7653243542
-536.0 333.3 3015.9 -0.1609508246 -0.9848409295 0.0646774098 -0.9061546326 0.1734249890 0.3857558668 -0.3911248446 0.0034799881 -0.9203310609
-578.5 94.0 2912.7 -0.1673004180 -0.9848409295 -0.0458138064 -0.9549773335 0.1734249890 -0.2407116443 0.2450079322 0.0034799881 -0.9695148468
-315.1 -63.8 3005.7 -0.9928688407 -0.0417306945 0.1116690040 -0.0656988174 0.9731803536 -0.2204624563 -0.0994740278 -0.2262268215 -0.9689821005
-298.5 -450.6 3095.6 -0.9860305786 -0.1291039735 0.1052417085 -0.1388391554 0.9861152172 -0.0911070406 -0.0920181721 -0.1044460014 -0.9902644753
-489.7 -50.0 2951.3 -0.9727129936 -0.0134841101 0.2316194922 -0.0152172428 0.9998679757 -0.0056976192 -0.2315120846 -0.0090667577 -0.9727897644
-484.4 -447.4 2954.9 -0.9285015464 -0.2956793904 0.2246297747 -0.2564565837 0.9481087923 0.1879353821 -0.2685420811 0.1168905050 -0.9561494589
-201.0 -160.2 3193.4 0 0 0 0 0 0 0 0 0
-621.2 -150.0 2975.3 0 0 0 0 0 0 0 0 0
-264.6 -709.8 3123.1 0 0 0 0 0 0 0 0 0
-398.4 -723.0 2920.9 0 0 0 0 0 0 0 0 0
-404.8 514.9 3102.4 85 -0.9591999054 0.0022760076 0.2827195227 0.0688107833 0.9717786312 0.2256353796 -0.2742272317 0.2358835936 -0.9322866201
-405.2 321.7 3055.5 -0.9591999054 0.0022760076 0.2827195227 0.0688107833 0.9717786312 0.2256353796 -0.2742272317 0.2358835936 -0.9322866201
-408.2 127.1 3015.3 -0.9591802359 0.0148403319 0.2824058533 0.0710571930 0.9792317152 0.1898846030 -0.2737228274 0.2022005320 -0.9403141737
-270.3 311.7 3094.1 -0.2840750813 0.8938565254 0.3468744755 0.9474752545 0.2062595934 0.2444331944 0.1469420046 0.3980923891 -0.9055001140
-193.8 56.7 3054.5 0.0320079476 0.8938565254 0.4472091794 0.8562774658 0.2062595934 -0.4735460877 -0.5155234337 0.3980923891 -0.7587872148
-540.2 331.7 3017.0 -0.1453375518 -0.9839223623 0.1037965640 -0.9081835151 0.1742959321 0.3805570006 -0.3925298452 -0.0389571078 -0.9189138412
-577.7 97.3 2915.7 -0.1785564423 -0.9839223623 -0.0037849443 -0.9553910494 0.1742959321 -0.2384299934 0.2352562994 -0.0389571078 -0.9711523056
-311.1 -67.8 2995.7 -0.9940586090 -0.0306441467 0.1044434533 -0.0568458252 0.9644536972 -0.2580652237 -0.0928226858 -0.2624691129 -0.9604654908
-298.9 -451.0 3100.0 -0.9866628051 -0.1305197179 0.0972681344 -0.1385712773 0.9870183468 -0.0811957866 -0.0854077861 -0.0935914293 -0.9919406176
-487.0 -57.8 2944.9 -0.9736089706 -0.0125079360 0.2278796881 -0.0171967838 0.9996790886 -0.0186020080 -0.2275738716 -0.0220298786 -0.9735115767
-482.0 -455.2 2953.7 -0.9288490415 -0.2978366017 0.2203015387 -0.2587343156 0.9471551776 0.1896145046 -0.2651338875 0.1191236898 -0.9568247199
-202.2 -166.5 3188.8 0 0 0 0 0 0 0 0 0
-623.7 -148.9 2976.3 0 0 0 0 0 0 0 0 0
-264.1 -713.9 3124.9 0 0 0 0 0 0 0 0 0
-397.8 -723.1 2920.0 0 0 0 0 0 0 0 0 0
-397.2 513.6 3079.1 86 -0.9666431546 0.0330609120 0.2539841831 0.0756770894 0.9842273593 0.1599047780 -0.2446915805 0.1737916470 -0.9538985491
-403.7 317.7 3044.5 -0.9666431546 0.0330609120 0.2539841831 0.0756770894 0.9842273593 0.1599047780 -0.2446915805 0.1737916470 -0.9538985491
-411.8 121.8 3014.4 -0.9665498137 0.0413668416 0.2531211078 0.0781508312 0.9874777794 0.1370404661 -0.2442825288 0.1522380561 -0.9576792717
-267.8 306.6 3078.9 -0.2824487686 0.8844611645 0.3714176714 0.9542425871 0.2194141746 0.2031710744 0.0982026309 0.4118080139 -0.9059637785
-193.4 55.2 3053.0 0.0411411412 0.8844611645 0.4647965431 0.8424391747 0.2194141746 -0.4920910895 -0.5372183919 0.4118080139 -0.7360778451
-539.7 328.8 3010.1 -0.1535051018 -0.9848383069 0.0808067918 -0.9183716178 0.1723719239 0.3562043607 -0.3647325039 -0.0195314754 -0.9309074879
-579.1 93.2 2916.5 -0.1717051715 -0.9848383069 -0.0247161854 -0.9525515437 0.1723719239 -0.2508655488 0.2513223886 -0.0195314754 -0.9677063227
-323.2 -74.0 3000.2 -0.9959895611 -0.0633949563 0.0631335229 -0.0772384033 0.9653871655 -0.2491222173 -0.0451552011 -0.2529994547 -0.9664120674
-298.0 -457.5 3100.7 -0.9901759624 -0.1297225505 0.0521882586 -0.1340985745 0.9867249727 -0.0916048661 -0.0396122374 -0.0977033079 -0.9944269657
-499.1 -61.0 2950.0 -0.9804309011 -0.0439657494 0.1918912530 -0.0437331386 0.9990283847 0.0054494981 -0.1919443905 -0.0030491508 -0.9814010859
-481.7 -457.9 2951.2 -0.9372046590 -0.2975497544 0.1819657981 -0.2678873837 0.9481984377 0.1707514226 -0.2233467400 0.1112826839 -0.9683658481
-204.1 -164.3 3193.0 0 0 0 0 0 0 0 0 0
-622.9 -149.9 2980.7 0 0 0 0 0 0 0 0 0
-264.4 -713.5 3126.1 0 0 0 0 0 0 0 0 0
-398.4 -723.1 2920.0 0 0 0 0 0 0 0 0 0
-395.8 520.0 3104.9 87 -0.9791355729 0.0395396687 0.1993242353 0.0910113603 0.9623362422 0.2561755776 -0.1816878319 0.2689713836 -0.9458562136
-403.7 328.5 3051.4 -0.9791355729 0.0395396687 0.1993242353 0.0910113603 0.9623362422 0.2561755776 -0.1816878319 0.2689713836 -0.9458562136
-412.2 134.8 3010.0 -0.9795541167 0.0414643772 0.1968613863 0.0809903741 0.9770097733 0.1972116083 -0.1841582507 0.2091233283 -0.9603921771
-266.1 317.3 3077.3 -0.2635517120 0.8868130445 0.3796091378 0.9612364173 0.2083770484 0.1805647016 0.0810252950 0.4124822617 -0.9073551297
-193.2 51.4 3054.9 0.0541705042 0.8868130445 0.4589424431 0.8395447731 0.2083770484 -0.5017405748 -0.5405831933 0.4124822617 -0.7332313657
-541.2 339.7 3025.6 -0.1432452351 -0.9860552549 0.0847102851 -0.9082546830 0.1649765670 0.3845206797 -0.3931338489 -0.0218577627 -0.9192214012
-580.6 90.0 2917.4 -0.1649896502 -0.9860552549 -0.0217587389 -0.9519492388 0.1649765670 -0.2580220997 0.2580137253 -0.0218577627 -0.9658939838
-330.4 -77.7 3001.8 -0.9964287877 -0.0830890089 0.0150284134 -0.0842196494 0.9652258158 -0.2474796772 0.0060570296 -0.2478615791 -0.9687765241
-297.0 -465.7 3101.4 -0.9917161465 -0.1284314841 0.0020971538 -0.1280341446 0.9870739579 -0.0963964239 0.0103102904 -0.0958664045 -0.9953408241
-508.5 -67.0 2961.8 -0.9879550338 -0.0720768496 0.1369297653 -0.0666314065 0.9968092442 0.0439497754 -0.1396606117 0.0342965797 -0.9896053076
-479.9 -462.7 2948.2 -0.9474998116 -0.2926527560 0.1288348585 -0.2738189101 0.9506769180 0.1457279325 -0.1651280075 0.1027997658 -0.9809000492
-207.3 -167.4 3195.8 0 0 0 0 0 0 0 0 0
-622.5 -151.8 2983.0 0 0 0 0 0 0 0 0 0
-264.0 -719.2 3126.0 0 0 0 0 0 0 0 0 0
-399.2 -724.7 2919.8 0 0 0 0 0 0 0 0 0
-404.0 517.6 3078.9 88 -0.9779569507 -0.0130938217 0.2083955705 0.0383523963 0.9697886109 0.2409131378 -0.2052541226 0.2435951531 -0.9479093552
-401.3 320.9 3029.4 -0.9779569507 -0.0130938217 0.2083955705 0.0383523963 0.9697886109 0.2409131378 -0.2052541226 0.2435951531 -0.9479093552
-411.0 124.8 3010.3 -0.9774692655 0.0474408828 0.2056773007 0.0662374645 0.9941352010 0.0854855403 -0.2004155368 0.0971830338 -0.9748790264
-263.9 311.8 3057.5 -0.2533785403 0.8782739043 0.4055049121 0.9671393037 0.2208904624 0.1258924901 0.0209959224 0.4240782261 -0.9053821564
-198.8 63.2 3052.1 0.0410353467 0.8782739043 0.4763937891 0.8488085270 0.2208904624 -0.4803452194 -0.5271055102 0.4240782261 -0.7364220619
-538.8 330.0 3001.4 -0.1624210924 -0.9853661060 0.0517007895 -0.9320262074 0.1704096347 0.3198244274 -0.3239544630 0.0037597385 -0.9460651875
-580.8 88.5 2917.5 -0.1634328961 -0.9853661060 -0.0484073199 -0.9508287311 0.1704096347 -0.2586219311 0.2630863488 0.0037597385 -0.9647649527
-330.6 -71.1 2995.6 -0.9966523051 -0.0806843489 0.0131979268 -0.0812751800 0.9602944255 -0.2668874562 0.0088597452 -0.2670666575 -0.9636373520
-299.2 -445.0 3099.6 -0.9919625521 -0.1265202016 -0.0017049114 -0.1258847862 0.9881623387 -0.0876824260 0.0127783269 -0.0867630616 -0.9961470366
-510.1 -57.3 2958.6 -0.9881981015 -0.0665517375 0.1379686594 -0.0624537319 0.9974744320 0.0338265225 -0.1398714185 0.0248106495 -0.9898588061
-484.0 -447.9 2948.9 -0.9489980936 -0.2871727645 0.1301324219 -0.2692431211 0.9529268146 0.1394226253 -0.1640450507 0.0972745419 -0.9816449881
-209.5 -158.1 3189.5 0 0 0 0 0 0 0 0 0
-622.4 -153.0 2984.3 0 0 0 0 0 0 0 0 0
-264.8 -713.7 3123.2 0 0 0 0 0 0 0 0 0
-399.5 -728.2 2920.2 0 0 0 0 0 0 0 0 0
-404.5 519.1 3091.8 89 -0.9667235017 -0.0164011642 0.2552972734 0.0529502630 0.9635044336 0.2624033391 -0.2502837479 0.2671895325 -0.9305738807
-401.2 325.2 3038.1 -0.9667235017 -0.0164011642 0.2552972734 0.0529502630 0.9635044336 0.2624033391 -0.2502837479 0.2671895325 -0.9305738807
-408.0 129.7 3009.0 -0.9665549994 0.0348383263 0.2540821731 0.0707903430 0.9884823561 0.1337586492 -0.2464958131 0.1472716630 -0.9578887820
-265.4 315.2 3072.6 -0.2473634779 0.9005520344 0.3575154543 0.9666979313 0.2043903619 0.1540117860 0.0656229183 0.3837063611 -0.9211205244
-198.4 53.3 3054.8 0.0491720065 0.9005520344 0.4319584668 0.8290446401 0.2043903619 -0.5204897523 -0.5570162535 0.3837063611 -0.7365475297
-537.0 335.2 3003.5 -0.1683699638 -0.9850224257 0.0371800140 -0.9320270419 0.1713639945 0.3193116784 -0.3209004700 0.0191097166 -0.9469200969
-581.9 86.9 2918.0 -0.1602285355 -0.9850224257 -0.0636994019 -0.9506449699 0.1713639945 -0.2586667836 0.2657083869 0.0191097166 -0.9638640285
-330.9 -79.7 3014.6 -0.9938914776 -0.0901969820 0.0635946244 -0.1019064188 0.9712608457 -0.2150986642 -0.0423657224 -0.2202654183 -0.9745194912
-295.4 -461.5 3101.1 -0.9917907119 -0.1170870140 0.0513981581 -0.1212717965 0.9887368679 -0.0877074078 -0.0405498520 -0.0932205394 -0.9948194027
-509.0 -66.1 2972.0 -0.9791685939 -0.0734481812 0.1892994493 -0.0631225705 0.9961994886 0.0600181520 -0.1929882318 0.0468188189 -0.9800834060
-479.9 -460.8 2953.4 -0.9412193894 -0.2859103680 0.1798924804 -0.2562804818 0.9513371587 0.1711078137 -0.2200599015 0.1149470657 -0.9686902761
-211.2 -162.6 3199.9 0 0 0 0 0 0 0 0 0
-622.3 -153.0 2985.0 0 0 0 0 0 0 0 0 0
-265.6 -713.1 3124.9 0 0 0 0 0 0 0 0 0
-399.4 -728.7 2921.1 0 0 0 0 0 0 0 0 0
-407.1 518.6 3097.8 90 -0.9792038202 -0.0000462364 0.2028789520 0.0528803654 0.9653751850 0.2554493248 -0.1958661228 0.2608652711 -0.9452966452
-407.1 324.8 3045.4 -0.9792038202 -0.0000462364 0.2028789520 0.0528803654 0.9653751850 0.2554493248 -0.1958661228 0.2608652711 -0.9452966452
-413.1 129.8 3010.4 -0.9790300727 0.0297016334 0.2015388161 0.0642994270 0.9837958217 0.1673659086 -0.1933020055 0.1768150926 -0.9650754929
-269.6 315.8 3072.5 -0.2589866221 0.8959254622 0.3608926535 0.9632709026 0.2121303529 0.1646508723 0.0709586218 0.3902797401 -0.9179578424
-199.0 53.0 3053.2 0.0494520627 0.8959254622 0.4414431751 0.8255109191 0.2121303529 -0.5230032206 -0.5622153878 0.3902797401 -0.7291060090
-544.6 333.7 3018.3 -0.1384920031 -0.9869052172 0.0826923326 -0.9174976945 0.1592893004 0.3644515872 -0.3728511631 -0.0253963917 -0.9275435209
-581.8 87.2 2918.1 -0.1602619290 -0.9869052172 -0.0182803292 -0.9504734874 0.1592893004 -0.2668840885 0.2663011551 -0.0253963917 -0.9635552764
-326.2 -73.6 3005.0 -0.9975607991 -0.0669663623 0.0196970832 -0.0697191358 0.9697040915 -0.2341223359 -0.0034220207 -0.2349245250 -0.9720075727
-299.7 -456.8 3097.8 -0.9907553196 -0.1352444589 0.0106227063 -0.1356161982 0.9853746891 -0.1031744108 0.0034864219 -0.1036612019 -0.9946065545
-502.7 -59.6 2956.9 -0.9888003469 -0.0470457859 0.1416355371 -0.0450329408 0.9988341928 0.0173851531 -0.1422883272 0.0108121801 -0.9897661805
-484.0 -455.7 2952.6 -0.9441837668 -0.3013697267 0.1330163479 -0.2784753442 0.9459136724 0.1664296985 -0.1759788543 0.1200984418 -0.9770403504
-211.9 -162.1 3199.7 0 0 0 0 0 0 0 0 0
-622.3 -152.8 2985.4 0 0 0 0 0 0 0 0 0
-264.8 -710.8 3124.5 0 0 0 0 0 0 0 0 0
-398.1 -725.4 2918.4 0 0 0 0 0 0 0 0 0
-404.8 515.4 3101.3 91 -0.9675826430 -0.0020158405 0.2525465786 0.0622149408 0.9672494531 0.2460849732 -0.2447715998 0.2538197339 -0.9357683659
-404.4 322.2 3050.6 -0.9675826430 -0.0020158405 0.2525465786 0.0622149408 0.9672494531 0.2460849732 -0.2447715998 0.2538197339 -0.9357683659
-407.0 127.3 3013.4 -0.9675959945 0.0131534077 0.2521606684 0.0598791204 0.9821089506 0.1785398126 -0.2453008443 0.1878535599 -0.9510723352
-268.6 313.8 3085.0 -0.2393593341 0.9250016212 0.2950917184 0.9615793228 0.1837591082 0.2039552927 0.1344331950 0.3325726986 -0.9334468842
-205.0 58.6 3049.4 0.0253676418 0.9250016212 0.3791154027 0.8434565067 0.1837591082 -0.5047907829 -0.5365982056 0.3325726986 -0.7755370736
-540.2 330.7 3016.2 -0.1544961333 -0.9858754873 0.0646564439 -0.9161953926 0.1674531698 0.3640678227 -0.3697524667 -0.0029908656 -0.9291254878
-581.4 86.6 2917.7 -0.1620682627 -0.9858754873 -0.0422301963 -0.9493647814 0.1674531698 -0.2658307552 0.2691476047 -0.0029908656 -0.9630942941
-329.4 -71.6 2994.2 -0.9936506152 -0.0823397860 0.0766718462 -0.0997962281 0.9597069621 -0.2626846433 -0.0519531034 -0.2686683238 -0.9618306756
-296.8 -451.8 3100.7 -0.9912961721 -0.1167876869 0.0607660860 -0.1218388230 0.9886942506 -0.0874015689 -0.0498716496 -0.0940445140 -0.9943180680
-508.4 -59.5 2957.4 -0.9786300063 -0.0660463199 0.1947336197 -0.0616539977 0.9976895452 0.0285377856 -0.1961684972 0.0159218274 -0.9804409146
-482.2 -455.6 2951.1 -0.9380473495 -0.2939057350 0.1835390478 -0.2645947039 0.9495683908 0.1682543606 -0.2237337977 0.1092671007 -0.9685059786
-211.6 -161.1 3189.1 0 0 0 0 0 0 0 0 0
-622.2 -152.7 2985.5 0 0 0 0 0 0 0 0 0
-266.1 -712.0 3125.4 0 0 0 0 0 0 0 0 0
-398.3 -726.6 2919.9 0 0 0 0 0 0 0 0 0
-404.9 515.1 3100.0 92 -0.9587575793 -0.0093539944 0.2840712368 0.0583117642 0.9717246890 0.2288029939 -0.2781792581 0.2359312922 -0.9311029315
-403.0 320.8 3052.9 -0.9587575793 -0.0093539944 0.2840712368 0.0583117642 0.9717246890 0.2288029939 -0.2781792581 0.2359312922 -0.9311029315
-403.6 125.7 3015.9 -0.9587489367 0.0028843996 0.2842395604 0.0557156913 0.9824589491 0.1779610068 -0.2787403762 0.1864565313 -0.9420922399
-268.3 313.0 3092.0 -0.2189471722 0.9381548166 0.2681934536 0.9641163945 0.1657132208 0.2074096203 0.1501391381 0.3039814234 -0.9407728314
-209.2 52.8 3051.5 0.0261291489 0.9381548166 0.3452287018 0.8416173458 0.1657132208 -0.5140227079 -0.5394418240 0.3039814234 -0.7852374315
-537.7 328.7 3013.7 -0.1650542617 -0.9846737981 0.0563434698 -0.9166462421 0.1742348671 0.3597247303 -0.3640285134 0.0077270712 -0.9313557744
-581.3 86.5 2917.6 -0.1650075465 -0.9846737981 -0.0564801507 -0.9450437427 0.1742348671 -0.2766488194 0.2822496593 0.0077270712 -0.9593098760
-321.0 -73.4 2999.3 -0.9921132326 -0.0615066290 0.1092167050 -0.0863879025 0.9668620229 -0.2402394116 -0.0908211693 -0.2477796972 -0.9645500183
-296.7 -457.0 3097.6 -0.9876935482 -0.1206002235 0.0995841101 -0.1308026016 0.9860209823 -0.1032146811 -0.0857443064 -0.1149703413 -0.9896613955
-498.0 -62.2 2953.6 -0.9725354910 -0.0428488515 0.2287764400 -0.0389056057 0.9990068078 0.0217208154 -0.2294799387 0.0122235790 -0.9732366204
-481.0 -459.0 2948.8 -0.9309599400 -0.2911579311 0.2203195095 -0.2588704228 0.9518753886 0.1640712172 -0.2574873567 0.0957095176 -0.9615300298
-216.0 -166.6 3192.1 0 0 0 0 0 0 0 0 0
-622.9 -151.8 2988.7 0 0 0 0 0 0 0 0 0
-265.4 -712.5 3127.4 0 0 0 0 0 0 0 0 0
-399.7 -724.8 2922.1 0 0 0 0 0 0 0 0 0
-400.3 512.2 3089.9 93 -0.9446538091 0.0103554856 0.3279053569 0.0754184276 0.9795873761 0.1863348782 -0.3192823529 0.2007520646 -0.9261519313
-402.3 316.6 3049.8 -0.9446538091 0.0103554856 0.3279053569 0.0754184276 0.9795873761 0.1863348782 -0.3192823529 0.2007520646 -0.9261519313
-404.9 120.6 3017.2 -0.9447714090 0.0121730575 0.3275038898 0.0651570484 0.9863379002 0.1513013095 -0.3211877048 0.1642843336 -0.9326570034
-269.6 307.5 3095.0 -0.2319729179 0.9362749457 0.2637759745 0.9614647627 0.1795604229 0.2081912458 0.1475605369 0.3019060194 -0.9418485165
-208.1 52.3 3055.8 0.0240162984 0.9362749457 0.3504460156 0.8247415423 0.1795604229 -0.5362457037 -0.5649996400 0.3019060194 -0.7678725123
-535.0 325.6 3004.7 -0.1759361625 -0.9832860231 0.0468512438 -0.9199742079 0.1811702251 0.3475985527 -0.3502768576 0.0180532187 -0.9364722371
-580.7 87.1 2913.9 -0.1674370915 -0.9832860231 -0.0715079755 -0.9387600422 0.1811702251 -0.2930988073 0.3011550903 0.0180532187 -0.9534042478
-316.3 -74.7 3004.8 -0.9879899621 -0.0546490848 0.1445315033 -0.0867731944 0.9701780677 -0.2263291776 -0.1278526187 -0.2361524105 -0.9632682800
-294.6 -460.0 3098.6 -0.9839501977 -0.1151534691 0.1363147050 -0.1292911023 0.9865679741 -0.0998372212 -0.1229871139 -0.1158591360 -0.9856220484
-491.9 -64.4 2953.4 -0.9624590278 -0.0309440214 0.2696572542 -0.0232641865 0.9992288351 0.0316302665 -0.2704280913 0.0241694786 -0.9624367356
-479.6 -461.4 2943.8 -0.9206295013 -0.2880471647 0.2635717988 -0.2534184158 0.9543909431 0.1578512788 -0.2970191538 0.0785285905 -0.9516369700
-214.3 -162.6 3203.0 0 0 0 0 0 0 0 0 0
-623.2 -151.4 2990.4 0 0 0 0 0 0 0 0 0
-264.7 -715.9 3128.6 0 0 0 0 0 0 0 0 0
-399.6 -726.3 2922.0 0 0 0 0 0 0 0 0 0
-408.9 507.1 3096.8 94 -0.9460314512 -0.0204578228 0.3234285116 0.0567729585 0.9721099138 0.2275502980 -0.3190632463 0.2336317301 -0.9184851050
-404.8 313.8 3050.4 -0.9460314512 -0.0204578228 0.3234285116 0.0567729585 0.9721099138 0.2275502980 -0.3190632463 0.2336317301 -0.9184851050
-403.3 118.9 3012.0 -0.9460114241 -0.0077795847 0.3240399361 0.0553883128 0.9811278582 0.1852572411 -0.3193658292 0.1932034940 -0.9277272820
-271.8 306.0 3095.3 -0.2413016111 0.9197441936 0.3095871210 0.9590879679 0.1773423105 0.2206807435 0.1480669230 0.3501718938 -0.9249085784
-206.9 48.1 3055.5 0.0411180481 0.9197441936 0.3903587461 0.8436773419 0.1773423105 -0.5067131519 -0.5352736115 0.3501718938 -0.7686753869
-537.8 321.5 3005.4 -0.1696006209 -0.9840241075 0.0541495420 -0.9207602143 0.1778057814 0.3472546041 -0.3513349891 0.0090358481 -0.9362062216
-581.2 86.1 2915.6 -0.1670029163 -0.9840241075 -0.0616973862 -0.9394457936 0.1778057814 -0.2929619551 0.2992517948 0.0090358481 -0.9541314244
-320.9 -81.3 3014.1 -0.9866925478 -0.0677623451 0.1478043199 -0.0944638252 0.9787726402 -0.1818811297 -0.1323421299 -0.1934229136 -0.9721487164
-294.0 -469.9 3090.9 -0.9820857644 -0.1220483035 0.1435681134 -0.1402138919 0.9823175669 -0.1240656823 -0.1258874685 -0.1419733763 -0.9818329215
-493.9 -69.4 2955.1 -0.9621230960 -0.0385588035 0.2698748112 -0.0295099001 0.9988604784 0.0375089049 -0.2710135877 0.0281242039 -0.9621645808
-478.5 -466.4 2943.9 -0.9195452332 -0.2921015918 0.2628939450 -0.2561701536 0.9528443813 0.1626790166 -0.2980158031 0.0822451413 -0.9510111809
-217.6 -171.7 3194.9 0 0 0 0 0 0 0 0 0
-623.4 -151.2 2991.2 0 0 0 0 0 0 0 0 0
-263.6 -714.7 3126.3 0 0 0 0 0 0 0 0 0
-398.3 -728.2 2921.3 0 0 0 0 0 0 0 0 0
-405.6 508.4 3100.8 95 -0.9452704191 0.0109130768 0.3261054158 0.0865591988 0.9720178246 0.2183776945 -0.3145971000 0.2346533984 -0.9197643399
-407.8 315.8 3054.3 -0.9452704191 0.0109130768 0.3261054158 0.0865591988 0.9720178246 0.2183776945 -0.3145971000 0.2346533984 -0.9197643399
-410.5 121.3 3014.1 -0.9453745484 0.0132708587 0.3257159591 0.0781598836 0.9792538881 0.1869568229 -0.3164775670 0.2022021264 -0.9267989397
-274.8 304.8 3098.8 -0.2603210807 0.8893792033 0.3758159280 0.9561014771 0.1832112819 0.2286998779 0.1345471889 0.4188535511 -0.8980305195
-205.5 50.0 3063.0 0.0551519282 0.8893792033 0.4538313746 0.8664983511 0.1832112819 -0.4643428326 -0.4961238801 0.4188535511 -0.7605411410
-540.7 326.8 3009.8 -0.1543312371 -0.9851922989 0.0746863559 -0.9162553549 0.1709952205 0.3622660935 -0.3696727753 -0.0125227934 -0.9290776253
-581.3 85.8 2912.6 -0.1663226932 -0.9851922989 -0.0416286550 -0.9354255199 0.1709952205 -0.3094183803 0.3119549155 -0.0125227934 -0.9500143528
-315.1 -81.0 3003.0 -0.9885498285 -0.0488207228 0.1427788287 -0.0768213868 0.9772409797 -0.1977335066 -0.1298758388 -0.2064378858 -0.9698018432
-295.8 -469.2 3085.0 -0.9829066992 -0.1184823066 0.1409127265 -0.1409716755 0.9766473174 -0.1621327996 -0.1184121668 -0.1792261153 -0.9766557813
-488.5 -70.9 2944.3 -0.9627574086 -0.0265236851 0.2690626681 -0.0248141699 0.9996445179 0.0097532356 -0.2692257166 0.0027134325 -0.9630733132
-478.0 -468.2 2943.2 -0.9196722507 -0.2924585342 0.2620515227 -0.2576327920 0.9530012608 0.1594176292 -0.2963584661 0.0790989026 -0.9517956972
-219.8 -175.5 3192.1 0 0 0 0 0 0 0 0 0
-623.5 -151.1 2991.6 0 0 0 0 0 0 0 0 0
-265.3 -720.4 3131.1 0 0 0 0 0 0 0 0 0
-397.9 -729.1 2921.6 0 0 0 0 0 0 0 0 0
-397.6 509.1 3076.8 96 -0.9556075335 0.0433901288 0.2914300859 0.0909742862 0.9842203259 0.1517697424 -0.2802461088 0.1715449542 -0.9444757700
-406.2 314.2 3042.8 -0.9556075335 0.0433901288 0.2914300859 0.0909742862 0.9842203259 0.1517697424 -0.2802461088 0.1715449542 -0.9444757700
-414.6 118.3 3012.7 -0.9558590055 0.0432275534 0.2906285822 0.0852510631 0.9873718619 0.1335255057 -0.2811864913 0.1524079442 -0.9474734664
-271.8 302.1 3082.4 -0.2445000410 0.8908331990 0.3829306662 0.9650613070 0.1851918101 0.1853664517 0.0942149684 0.4148736596 -0.9049880505
-208.8 53.2 3058.1 0.0439909175 0.8908331990 0.4521957040 0.8737043142 0.1851918101 -0.4498275220 -0.4844642282 0.4148736596 -0.7701780796
-540.6 326.4 3003.3 -0.1577373445 -0.9845596552 0.0759030059 -0.9280732870 0.1740676612 0.3292118907 -0.3373410106 -0.0185145400 -0.9412004352
-581.9 83.0 2914.8 -0.1721004248 -0.9845596552 -0.0319965631 -0.9432103038 0.1740676612 -0.2829396129 0.2841404676 -0.0185145400 -0.9586038589
-326.4 -80.4 3003.0 -0.9924841523 -0.0761453807 0.0957969129 -0.0954241902 0.9716544747 -0.2162908912 -0.0766119435 -0.2238066345 -0.9716178179
-296.2 -466.4 3091.9 -0.9885905385 -0.1218088269 0.0886079967 -0.1326192617 0.9827911854 -0.1285831928 -0.0714205950 -0.1388672590 -0.9877322316
-499.8 -66.1 2944.9 -0.9725488424 -0.0507459305 0.2270983160 -0.0494113490 0.9987115860 0.0115615204 -0.2273924202 0.0000229094 -0.9738032222
-479.6 -463.0 2944.9 -0.9316396117 -0.2909779847 0.2176681906 -0.2620436251 0.9529565573 0.1523381174 -0.2517553568 0.0848856568 -0.9640610218
-220.2 -174.4 3184.3 0 0 0 0 0 0 0 0 0
-626.1 -159.0 2987.7 0 0 0 0 0 0 0 0 0
-263.8 -727.9 3128.9 0 0 0 0 0 0 0 0 0
-398.2 -729.8 2921.1 0 0 0 0 0 0 0 0 0
-394.4 511.6 3064.8 97 -0.9525869489 0.0509833470 0.2999646962 0.0904641524 0.9887363315 0.1192336529 -0.2905070484 0.1407164782 -0.9464694858
-404.6 315.1 3036.8 -0.9525869489 0.0509833470 0.2999646962 0.0904641524 0.9887363315 0.1192336529 -0.2905070484 0.1407164782 -0.9464694858
-414.7 118.3 3012.8 -0.9528763294 0.0512419790 0.2989999056 0.0848587006 0.9913069606 0.1005462483 -0.2912485003 0.1211808845 -0.9489412308
-270.6 303.1 3077.8 -0.2273252010 0.9166918397 0.3286325037 0.9694257379 0.1810054034 0.1656827331 0.0923957378 0.3562486768 -0.9298117757
-211.6 51.5 3053.8 0.0329468623 0.9166918397 0.3982343376 0.8542526364 0.1810054034 -0.4873289466 -0.5188130140 0.3562486768 -0.7771228552
-538.6 327.1 2995.8 -0.1668952554 -0.9844556451 0.0547089316 -0.9375153184 0.1756295711 0.3003651798 -0.3053047061 -0.0011609390 -0.9522539973
-582.1 82.5 2916.2 -0.1683403105 -0.9844556451 -0.0500862785 -0.9416708946 0.1756295711 -0.2870716453 0.2914059460 -0.0011609390 -0.9565987587
-335.4 -85.5 3008.4 -0.9895548820 -0.1065108702 0.0971421823 -0.1244927794 0.9711605310 -0.2033440173 -0.0726823062 -0.2133135647 -0.9742764831
-293.1 -471.2 3093.1 -0.9896503091 -0.1130571067 0.0883765295 -0.1236651093 0.9843464494 -0.1255745888 -0.0727960244 -0.1352040172 -0.9881399870
-510.6 -69.7 2956.8 -0.9697926044 -0.0802192762 0.2303632498 -0.0712842718 0.9963544607 0.0468645692 -0.2332828939 0.0290276334 -0.9719755650
-478.8 -465.4 2945.2 -0.9319853783 -0.2880549729 0.2200625986 -0.2576279938 0.9534177780 0.1569153070 -0.2550118268 0.0895484909 -0.9627824426
-220.1 -170.9 3188.9 0 0 0 0 0 0 0 0 0
-624.9 -156.5 2990.2 0 0 0 0 0 0 0 0 0
-264.5 -720.4 3127.3 0 0 0 0 0 0 0 0 0
-399.1 -728.9 2920.5 0 0 0 0 0 0 0 0 0
-394.0 509.0 3072.3 98 -0.9611871243 0.0409327894 0.2728439569 0.0849994794 0.9847645760 0.1517030001 -0.2624774277 0.1690065712 -0.9500222802
-402.1 313.3 3038.7 -0.9611871243 0.0409327894 0.2728439569 0.0849994794 0.9847645760 0.1517030001 -0.2624774277 0.1690065712 -0.9500222802
-411.6 116.7 3012.2 -0.9613361955 0.0475723594 0.2712372541 0.0816741213 0.9899024367 0.1158553511 -0.2629868984 0.1335290074 -0.9555144906
-266.9 301.8 3075.7 -0.1972490400 0.9475361109 0.2515316606 0.9746655822 0.1619421840 0.1542779803 0.1054503620 0.2755904496 -0.9554737806
-216.0 50.2 3048.5 0.0127199106 0.9475361109 0.3193956316 0.8423808217 0.1619421840 -0.5139740705 -0.5387325883 0.2755904496 -0.7961263061
-537.3 324.8 3001.7 -0.1688512862 -0.9842281938 0.0527644120 -0.9245371222 0.1767119765 0.3376447260 -0.3416435719 0.0082290927 -0.9397935867
-581.4 83.6 2912.6 -0.1663084775 -0.9842281938 -0.0603020303 -0.9401363134 0.1767119765 -0.2914045155 0.2974646091 0.0082290927 -0.9546973705
-337.5 -86.3 3015.5 -0.9916303158 -0.1063256860 0.0732401162 -0.1195132062 0.9705526829 -0.2091509998 -0.0488452688 -0.2161536366 -0.9751367569
-295.2 -472.0 3101.4 -0.9901720881 -0.1263498217 0.0599580407 -0.1314834207 0.9871118069 -0.0912273452 -0.0476587303 -0.0982142612 -0.9940234423
-512.2 -70.7 2962.1 -0.9755807519 -0.0855950266 0.2022762895 -0.0742684007 0.9952493906 0.0629513785 -0.2067036778 0.0463914126 -0.9773031473
-478.2 -466.1 2943.7 -0.9382396936 -0.2860021591 0.1947025061 -0.2612852752 0.9545915127 0.1431260705 -0.2267957181 0.0834136531 -0.9703637958
-219.3 -169.2 3188.8 0 0 0 0 0 0 0 0 0
-623.6 -155.0 2988.1 0 0 0 0 0 0 0 0 0
-263.4 -720.6 3126.2 0 0 0 0 0 0 0 0 0
-399.8 -727.8 2920.8 0 0 0 0 0 0 0 0 0
-388.1 515.9 3063.0 99 -0.9627752900 0.0514059551 0.2653698325 0.0841073841 0.9899863005 0.1133712903 -0.2568845451 0.1314706355 -0.9574580193
-398.4 318.5 3036.8 -0.9627752900 0.0514059551 0.2653698325 0.0841073841 0.9899863005 0.1133712903 -0.2568845451 0.1314706355 -0.9574580193
-409.2 121.4 3014.9 -0.9629192352 0.0543624014 0.2642560005 0.0814092755 0.9923795462 0.0924952552 -0.2572139800 0.1105783507 -0.9600069523
-262.9 307.1 3073.0 -0.1774905175 0.9567713141 0.2304034382 0.9797332883 0.1497008204 0.1330879480 0.0928431526 0.2493557632 -0.9639511704
-215.4 44.9 3048.2 0.0160470139 0.9567713141 0.2903982103 0.8288828135 0.1497008204 -0.5390202999 -0.5591920614 0.2493557632 -0.7906490564
-533.9 330.0 3000.6 -0.1830025911 -0.9827678204 0.0260292087 -0.9284984469 0.1814775616 0.3239699900 -0.3231109977 0.0351192690 -0.9457092285
-582.2 84.7 2915.3 -0.1632640511 -0.9827678204 -0.0866736472 -0.9413078427 0.1814775616 -0.2846145034 0.2954392731 0.0351192690 -0.9547157884
-332.9 -87.5 3009.8 -0.9934026599 -0.0960479528 0.0626572520 -0.1074671000 0.9703891873 -0.2163230926 -0.0400245264 -0.2216295302 -0.9743092060
-294.7 -473.2 3097.9 -0.9911301732 -0.1224979311 0.0515294336 -0.1274154037 0.9861142635 -0.1065078899 -0.0377669148 -0.1121288240 -0.9929757118
-509.2 -72.5 2961.6 -0.9779069424 -0.0789231136 0.1935696453 -0.0694553405 0.9960550070 0.0552302897 -0.1971649528 0.0405656360 -0.9795306921
-477.8 -468.4 2945.4 -0.9402349591 -0.2855713367 0.1854917556 -0.2608850598 0.9541748166 0.1465925872 -0.2188542038 0.0894394591 -0.9716498256
-219.6 -171.1 3193.8 0 0 0 0 0 0 0 0 0
-623.6 -153.8 2990.1 0 0 0 0 0 0 0 0 0
-264.8 -713.7 3125.3 0 0 0 0 0 0 0 0 0
-400.2 -727.8 2921.1 0 0 0 0 0 0 0 0 0
-389.1 518.0 3083.9 00 -0.9383594394 0.0393998697 0.3434081972 0.1037243679 0.9797939062 0.1710122079 -0.3297314048 0.1960907131 -0.9234855771
-397.0 322.6 3044.8 -0.9383594394 0.0393998697 0.3434081972 0.1037243679 0.9797939062 0.1710122079 -0.3297314048 0.1960907131 -0.9234855771
-407.4 126.8 3013.6 -0.9383362532 0.0542553253 0.3414402604 0.1042115986 0.9860611558 0.1297048330 -0.3296438158 0.1572887748 -0.9309109449
-265.3 307.7 3091.0 -0.1838861257 0.9594046474 0.2138424218 0.9707666039 0.1431144029 0.1926927567 0.1542664021 0.2430246025 -0.9576747417
-215.7 45.6 3049.3 0.0139334882 0.9594046474 0.2816887498 0.8365842700 0.1431144029 -0.5288147330 -0.5476610661 0.2430246025 -0.8006287813
-528.6 337.4 2998.6 -0.1971307695 -0.9802850485 0.0134437876 -0.9323788881 0.1916999817 0.3064647913 -0.3030000329 0.0478789359 -0.9517870545
-582.1 84.3 2916.4 -0.1674915701 -0.9802850485 -0.1048229486 -0.9347525239 0.1916999817 -0.2991468608 0.3133437335 0.0478789359 -0.9484320283
-331.7 -83.3 3016.5 -0.9859822989 -0.0905468091 0.1401436180 -0.1166974679 0.9745568633 -0.1913652867 -0.1192504093 -0.2050371766 -0.9714623690
-295.7 -470.6 3098.0 -0.9832290411 -0.1275977790 0.1303054690 -0.1401518881 0.9858295918 -0.0921814144 -0.1166968495 -0.1088979989 -0.9871793389
-508.3 -68.3 2969.3 -0.9591419101 -0.0737133920 0.2731540799 -0.0532770790 0.9952481389 0.0815028399 -0.2778639495 0.0636199415 -0.9585114121
-479.0 -463.9 2944.0 -0.9201384783 -0.2863258421 0.2671379447 -0.2528733909 0.9553334713 0.1529476643 -0.2989986837 0.0731809512 -0.9514433146
-219.3 -172.4 3192.0 0 0 0 0 0 0 0 0 0
-624.5 -152.4 2995.7 0 0 0 0 0 0 0 0 0
-264.0 -715.1 3125.0 0 0 0 0 0 0 0 0 0
-400.1 -727.1 2923.9 0 0 0 0 0 0 0 0 0
-395.1 517.9 3080.8 01 -0.9367170334 0.0131911626 0.3498388827 0.0742715523 0.9840307832 0.1617627889 -0.3421183825 0.1775090396 -0.9227380753
-397.7 322.3 3045.6 -0.9367170334 0.0131911626 0.3498388827 0.0742715523 0.9840307832 0.1617627889 -0.3421183825 0.1775090396 -0.9227380753
-401.6 125.9 3017.0 -0.9367998838 0.0205723699 0.3492603004 0.0694274679 0.9893481135 0.1279458702 -0.3429078460 0.1441079378 -0.9282494783
-266.1 312.5 3093.7 -0.1839555204 0.9599143267 0.2114826143 0.9683502913 0.1400561631 0.2065960765 0.1686950773 0.2427937388 -0.9552974105
-215.7 47.2 3047.4 0.0118139125 0.9599143267 0.2800445855 0.8452259898 0.1400561631 -0.5157298446 -0.5342783928 0.2427937388 -0.8096899390
-529.2 332.2 2997.5 -0.1985735744 -0.9799326062 0.0173392128 -0.9320284128 0.1942790598 0.3059063256 -0.3031362295 0.0445842706 -0.9519037008
-582.1 83.9 2916.7 -0.1697670370 -0.9799326062 -0.1044570059 -0.9306691885 0.1942790598 -0.3100169003 0.3240894675 0.0445842706 -0.9449752569
-332.0 -78.6 3012.5 -0.9833391309 -0.0889205337 0.1585474759 -0.1197061092 0.9731369615 -0.1966593713 -0.1368013471 -0.2123619467 -0.9675679803
-296.6 -465.5 3096.9 -0.9803422689 -0.1304300874 0.1480439156 -0.1447814256 0.9853010178 -0.0906653404 -0.1340423226 -0.1103170738 -0.9848161340
-503.6 -59.3 2952.3 -0.9564099312 -0.0538534075 0.2870189846 -0.0483425707 0.9984856248 0.0262579825 -0.2879984081 0.0112381587 -0.9575649500
-482.2 -455.6 2947.8 -0.9168619514 -0.2882051766 0.2762280405 -0.2484568059 0.9535673857 0.1702305377 -0.3124633729 0.0874471739 -0.9458962083
-218.8 -173.1 3186.7 0 0 0 0 0 0 0 0 0
-625.0 -151.1 2998.5 0 0 0 0 0 0 0 0 0
-263.5 -715.6 3124.9 0 0 0 0 0 0 0 0 0
-399.6 -728.8 2922.8 0 0 0 0 0 0 0 0 0
-398.3 515.0 3079.8 02 -0.9408990741 0.0142969526 0.3383852243 0.0735458955 0.9838929176 0.1629284769 -0.3306054473 0.1781861037 -0.9267954230
-401.2 319.2 3044.3 -0.9408990741 0.0142969526 0.3383852243 0.0735458955 0.9838929176 0.1629284769 -0.3306054473 0.1781861037 -0.9267954230
-404.4 122.6 3016.0 -0.9410533309 0.0166790579 0.3378466964 0.0637149736 0.9896454215 0.1286170185 -0.3322032094 0.1425613761 -0.9323718548
-268.9 310.2 3091.0 -0.2125039995 0.9363275170 0.2795224190 0.9652616382 0.1566400826 0.2091264725 0.1520264596 0.3142524958 -0.9370876551
-211.2 48.1 3049.7 0.0320689604 0.9363275170 0.3496603072 0.8530906439 0.1566400826 -0.4976949096 -0.5207762718 0.3142524958 -0.7937489748
-533.5 328.2 2997.7 -0.1858322322 -0.9821268916 0.0298847277 -0.9324592948 0.1858611554 0.3097987175 -0.3098160625 0.0297042951 -0.9503324032
-582.0 84.5 2916.7 -0.1675580293 -0.9821268916 -0.0857381001 -0.9352463484 0.1858611554 -0.3012804091 0.3118309677 0.0297042951 -0.9496731758
-319.7 -76.9 3019.8 -0.9873586297 -0.0602393895 0.1466089487 -0.0856010094 0.9811313748 -0.1733600944 -0.1333995312 -0.1837184578 -0.9738850594
-295.8 -466.7 3092.8 -0.9820040464 -0.1236422211 0.1427608281 -0.1404838562 0.9834263921 -0.1146160811 -0.1262233704 -0.1326090395 -0.9830984473
-491.3 -64.1 2957.1 -0.9607687593 -0.0288454182 0.2758466303 -0.0224031117 0.9993983507 0.0264779534 -0.2764444351 0.0192593671 -0.9608368874
-479.8 -461.0 2949.4 -0.9196952581 -0.2866653204 0.2682975829 -0.2452814579 0.9530619383 0.1775103807 -0.3065902889 0.0974470377 -0.9468402863
-219.6 -174.2 3185.5 0 0 0 0 0 0 0 0 0
-624.3 -151.3 2995.3 0 0 0 0 0 0 0 0 0
-264.7 -714.2 3126.1 0 0 0 0 0 0 0 0 0
-399.4 -728.3 2922.1 0 0 0 0 0 0 0 0 0
-406.9 505.7 3092.3 03 -0.9526537061 -0.0021777079 0.3040495813 0.0677291378 0.9733304977 0.2191815078 -0.2964180410 0.2293970883 -0.9270994067
-406.5 313.7 3047.0 -0.9526537061 -0.0021777079 0.3040495813 0.0677291378 0.9733304977 0.2191815078 -0.2964180410 0.2293970883 -0.9270994067
-408.5 118.2 3012.0 -0.9526730776 0.0095640002 0.3038462102 0.0625960305 0.9842579961 0.1652813405 -0.2974823117 0.1764786541 -0.9382748008
-272.6 305.0 3088.9 -0.2328366637 0.9225028753 0.3078563809 0.9607976675 0.1692082584 0.2196278125 0.1505154520 0.3469251096 -0.9257364869
-211.5 52.9 3049.4 0.0332468338 0.9225028753 0.3845557272 0.8606194258 0.1692082584 -0.4803152382 -0.5081622005 0.3469251096 -0.7882982492
-540.4 322.4 3005.2 -0.1616716832 -0.9847853780 0.0637185499 -0.9249961972 0.1737217903 0.3379390240 -0.3438667059 -0.0043042465 -0.9390085936
-582.0 84.5 2916.8 -0.1667017192 -0.9847853780 -0.0490746684 -0.9374157190 0.1737217903 -0.3017821908 0.3057160378 -0.0043042465 -0.9521130323
-321.4 -79.9 3018.2 -0.9909027219 -0.0630899146 0.1188756600 -0.0852543265 0.9777354002 -0.1917424053 -0.1041319296 -0.2001327425 -0.9742193818
-296.3 -468.4 3097.7 -0.9855577946 -0.1269664913 0.1120506003 -0.1377176642 0.9859943390 -0.0940689147 -0.0985376611 -0.1081416979 -0.9892399907
-493.9 -68.2 2957.3 -0.9691979289 -0.0351921879 0.2437558323 -0.0310576390 0.9993014336 0.0207855664 -0.2443170398 0.0125748478 -0.9696138501
-479.9 -465.2 2952.3 -0.9274965525 -0.2907384038 0.2349921018 -0.2523269653 0.9506945014 0.1803082526 -0.2758282423 0.1079404503 -0.9551270008
-220.2 -171.4 3181.8 0 0 0 0 0 0 0 0 0
-623.9 -151.2 2993.7 0 0 0 0 0 0 0 0 0
-264.1 -718.8 3125.1 0 0 0 0 0 0 0 0 0
-399.6 -727.7 2922.5 0 0 0 0 0 0 0 0 0
-406.4 503.3 3085.0 04 -0.9609358311 0.0116635440 0.2765253186 0.0676759705 0.9786848426 0.1938966662 -0.2683696151 0.2050363719 -0.9412426949
-408.7 310.5 3044.6 -0.9609358311 0.0116635440 0.2765253186 0.0676759705 0.9786848426 0.1938966662 -0.2683696151 0.2050363719 -0.9412426949
-412.4 114.6 3011.5 -0.9609966278 0.0187036525 0.2759268284 0.0637429059 0.9858276844 0.1551793367 -0.2691138685 0.1667151898 -0.9485692978
-273.6 301.5 3082.5 -0.2257162780 0.9313117266 0.2858507335 0.9652685523 0.1741778553 0.1947273463 0.1315629929 0.3198758662 -0.9382806420
-215.8 54.2 3048.8 0.0178153086 0.9313117266 0.3637871742 0.8554058075 0.1741778553 -0.4877939820 -0.5176519156 0.3198758662 -0.7935464382
-543.8 319.4 3006.8 -0.1472999305 -0.9854521155 0.0847751871 -0.9184074402 0.1680891961 0.3581533432 -0.3671927750 -0.0251022018 -0.9298061132
-581.6 84.1 2912.7 -0.1672841012 -0.9854521155 -0.0300021358 -0.9332631230 0.1680891961 -0.3174365461 0.3178615570 -0.0251022018 -0.9478048086
-323.1 -83.0 3004.2 -0.9936454892 -0.0674373806 0.0901156515 -0.0861979350 0.9707756042 -0.2239746600 -0.0723778084 -0.2303192019 -0.9704197645
-296.4 -468.7 3095.7 -0.9878147244 -0.1330070049 0.0808157474 -0.1407255083 0.9851064682 -0.0988009721 -0.0664708987 -0.1089698970 -0.9918201566
-497.8 -71.6 2949.7 -0.9755375385 -0.0502576903 0.2140108794 -0.0472438969 0.9986993074 0.0191771667 -0.2146963030 0.0085973395 -0.9766430259
-477.8 -468.5 2946.2 -0.9356122613 -0.2869626284 0.2056262493 -0.2598072290 0.9540506005 0.1492905319 -0.2390186638 0.0862548649 -0.9671763778
-220.4 -168.8 3183.7 0 0 0 0 0 0 0 0 0
-623.7 -151.1 2992.9 0 0 0 0 0 0 0 0 0
-263.3 -713.6 3122.8 0 0 0 0 0 0 0 0 0
-399.9 -727.5 2922.8 0 0 0 0 0 0 0 0 0
-405.7 514.3 3081.4 05 -0.9586904049 0.0209000483 0.2836826444 0.0736717358 0.9815113544 0.1766577959 -0.2747455835 0.1902595311 -0.9425052404
-409.8 320.9 3043.9 -0.9586904049 0.0209000483 0.2836826444 0.0736717358 0.9815113544 0.1766577959 -0.2747455835 0.1902595311 -0.9425052404
-414.3 124.7 3012.4 -0.9588568211 0.0223111138 0.2830119431 0.0660903677 0.9870592952 0.1461026967 -0.2760898769 0.1587959379 -0.9479231238
-275.0 311.6 3082.8 -0.2021899968 0.9518316984 0.2305116504 0.9702497125 0.1626781821 0.1793078333 0.1331716627 0.2599081099 -0.9564063549
-219.9 47.5 3046.5 -0.0027487339 0.9518316984 0.3066086471 0.8521457911 0.1626781821 -0.4973764420 -0.5232971907 0.2599081099 -0.8115465641
-544.7 330.2 3005.1 -0.1386841089 -0.9863682985 0.0885682255 -0.9252352118 0.1609384418 0.3435674906 -0.3531381190 -0.0342990905 -0.9349422455
-581.6 84.1 2911.2 -0.1636053920 -0.9863682985 -0.0176319648 -0.9368149042 0.1609384418 -0.3106069863 0.3092105389 -0.0342990905 -0.9503749013
-328.1 -87.1 3003.1 -0.9923571348 -0.0797565058 0.0941604674 -0.0983682126 0.9720022678 -0.2133899480 -0.0745049566 -0.2210214436 -0.9724189043
-296.4 -473.4 3090.9 -0.9882984161 -0.1265158951 0.0852053314 -0.1354955435 0.9847103357 -0.1094827950 -0.0700512603 -0.1197466180 -0.9903300405
-504.2 -75.4 2953.8 -0.9729630351 -0.0728528127 0.2191698849 -0.0668110177 0.9971563816 0.0348633341 -0.2210865468 0.0192777719 -0.9750636220
-475.3 -471.7 2946.1 -0.9365099669 -0.2815615833 0.2089788616 -0.2530824840 0.9552828074 0.1529182196 -0.2426898032 0.0903205425 -0.9658901691
-219.2 -174.6 3182.9 0 0 0 0 0 0 0 0 0
-623.0 -152.9 2989.4 0 0 0 0 0 0 0 0 0
-265.3 -715.6 3120.4 0 0 0 0 0 0 0 0 0
-398.9 -730.8 2921.6 0 0 0 0 0 0 0 0 0
-406.4 519.6 3080.6 06 -0.9617102146 0.0194262043 0.2733789980 0.0691514462 0.9824109077 0.1734557003 -0.2652009130 0.1857186705 -0.9461379647
-410.2 325.6 3043.9 -0.9617102146 0.0194262043 0.2733789980 0.0691514462 0.9824109077 0.1734557003 -0.2652009130 0.1857186705 -0.9461379647
-414.5 129.4 3012.3 -0.9618221521 0.0214729719 0.2728315294 0.0637613237 0.9870653152 0.1470937878 -0.2661440074 0.1588741690 -0.9507504106
-274.9 316.7 3081.4 -0.1913893819 0.9605607390 0.2017253935 0.9712884426 0.1557622254 0.1798247397 0.1413113922 0.2303500772 -0.9627927542
-223.6 56.4 3043.5 -0.0221905001 0.9605607390 0.2771833539 0.8686846495 0.1557622254 -0.4702394009 -0.4948681891 0.2303500772 -0.8378808498
-545.6 334.6 3006.5 -0.1390467286 -0.9863885045 0.0877710059 -0.9310743213 0.1604065001 0.3276741803 -0.3372930884 -0.0361593030 -0.9407050014
-583.3 81.7 2914.9 -0.1633440554 -0.9863885045 -0.0188801214 -0.9306293726 0.1604065001 -0.3289357424 0.3274869025 -0.0361593030 -0.9441635609
-330.8 -77.5 3006.1 -0.9927210808 -0.0849879533 0.0853341967 -0.1020212471 0.9699643850 -0.2208183855 -0.0640042275 -0.2279169708 -0.9715746641
-297.0 -463.1 3096.7 -0.9898580909 -0.1216257215 0.0734037459 -0.1281068027 0.9875572324 -0.0912104324 -0.0613968670 -0.0996889025 -0.9931226373
-506.7 -65.4 2955.5 -0.9757794738 -0.0650381371 0.2088648081 -0.0584625900 0.9975846410 0.0375097096 -0.2107998878 0.0243904274 -0.9772248864
-480.8 -461.9 2945.8 -0.9363464117 -0.2882275879 0.2004500479 -0.2621373534 0.9537783265 0.1469385773 -0.2335366458 0.0850399658 -0.9686221480
-217.9 -169.9 3172.4 0 0 0 0 0 0 0 0 0
-624.8 -154.3 2997.9 0 0 0 0 0 0 0 0 0
-266.1 -714.1 3122.1 0 0 0 0 0 0 0 0 0
-400.2 -728.8 2922.0 0 0 0 0 0 0 0 0 0
-408.4 513.1 3078.7 07 -0.9646639228 0.0093724933 0.2633165717 0.0583076663 0.9821832776 0.1786511093 -0.2569507360 0.1876916587 -0.9480233192
-410.3 319.0 3041.6 -0.9646639228 0.0093724933 0.2633165717 0.0583076663 0.9821832776 0.1786511093 -0.2569507360 0.1876916587 -0.9480233192
-413.2 122.7 3010.3 -0.9646990895 0.0146402949 0.2629474401 0.0554264933 0.9873769283 0.1483733803 -0.2574560046 0.1577099115 -0.9533330798
