-295.2 484.9 2588.7 1 0.2157071680 -0.1633551866 0.9626969695 0.0656723455 0.9861018062 0.1526117325 -0.9742471576 0.0303031262 0.2234371603
-262.5 288.0 2582.7 0.2157071680 -0.1633551866 0.9626969695 0.0656723455 0.9861018062 0.1526117325 -0.9742471576 0.0303031262 0.2234371603
-237.4 93.9 2575.3 0.2157537639 -0.1286668926 0.9679334164 0.0653569698 0.9909601808 0.1171596646 -0.9742580652 0.0379835553 0.2222126573
-293.0 278.7 2720.2 0.4285124838 -0.9033102989 0.0201875307 0.8852381110 0.4242034554 0.1908006519 -0.1809158176 -0.0638896897 0.9814211726
-497.9 -144.5 2806.7 -0.0339680091 -0.9033102989 -0.4276407957 0.0777356252 0.4242034554 -0.9022242427 0.9963951707 -0.0638896897 0.0558100492
-232.1 297.3 2445.2 0.1570998430 -0.4046796560 0.9008629322 -0.9685975313 0.1148645058 0.2205106318 -0.1927133352 -0.9072158337 -0.3739265203
-190.3 39.5 2393.9 -0.4172493517 -0.4046796560 0.8137182593 -0.9059818983 0.1148645058 -0.4074346423 0.0714131743 -0.9072158337 -0.4145595729
-240.1 -109.9 2659.7 -0.6791335344 -0.1313932687 0.7221589088 -0.1551174372 0.9873189330 0.0337621272 -0.7174372673 -0.0890904367 -0.6909027696
-188.7 -496.2 2694.5 -0.7120344639 -0.1326458305 0.6895012856 0.0115404036 0.9796499014 0.2003819942 -0.7020496726 0.1506360173 -0.6960136890
-178.6 -95.6 2490.7 -0.4813706577 0.2943057716 0.8256309032 0.2239999473 0.9519720674 -0.2087420374 -0.8474115133 0.0844589844 -0.5241758823
-293.8 -468.1 2457.6 -0.4804691374 -0.0294657424 0.8765165210 0.1665448695 0.9781835675 0.1241762936 -0.8610529900 0.2056422085 -0.4650796354
-489.2 -164.3 2554.0 0 0 0 0 0 0 0 0 0
-307.8 -215.6 2414.0 0 0 0 0 0 0 0 0 0
-148.1 -796.1 2648.4 0 0 0 0 0 0 0 0 0
-283.7 -803.0 2387.2 0 0 0 0 0 0 0 0 0
-295.8 484.5 2576.5 2 0.1394038647 -0.1416860819 0.9800467491 0.0599161386 0.9891042113 0.1344729364 -0.9884212613 0.0399745703 0.1463742256
-267.6 288.0 2568.6 0.1394038647 -0.1416860819 0.9800467491 0.0599161386 0.9891042113 0.1344729364 -0.9884212613 0.0399745703 0.1463742256
-246.6 93.5 2559.1 0.1388373524 -0.1080943048 0.9843981862 0.0644114166 0.9929060340 0.0999440774 -0.9882182479 0.0495305099 0.1448149532
-287.2 278.7 2708.3 0.4286791682 -0.8976331353 0.1024156883 0.8777422309 0.4406465888 0.1881465465 -0.2140156925 0.0092400704 0.9767864943
-492.4 -141.4 2810.7 0.0469053537 -0.8976331353 -0.4382404387 0.0746623725 0.4406465888 -0.8945703506 0.9961051345 0.0092400704 0.0876881033
-248.1 297.2 2428.8 0.1827029735 -0.3183721006 0.9301928878 -0.9697278142 0.0975511074 0.2238564789 -0.1620110124 -0.9429332018 -0.2909114361
-200.2 43.2 2386.4 -0.4010182321 -0.3183721006 0.8589665890 -0.9151645303 0.0975511074 -0.3910979927 0.0407215543 -0.9429332018 -0.3304826319
-231.5 -106.0 2655.2 -0.7360614538 -0.0974057540 0.6698698997 -0.1455779374 0.9892154336 -0.0161210895 -0.6610753536 -0.1093843877 -0.7423034906
-193.4 -493.0 2698.0 -0.7665976882 -0.1350177824 0.6277723908 0.0070706345 0.9758099914 0.2185060084 -0.6420887709 0.1719449461 -0.7470989823
-193.0 -94.2 2480.8 -0.5515089035 0.2806681693 0.7855337858 0.2080112100 0.9582206607 -0.1963276416 -0.8078175783 0.0551233888 -0.5868493319
-302.8 -469.2 2459.2 -0.5494809747 -0.0513052903 0.8339295387 0.1528302282 0.9751006365 0.1606911868 -0.8214095235 0.2157463729 -0.5279582739
-504.3 -160.3 2557.7 0 0 0 0 0 0 0 0 0
-313.1 -214.4 2397.8 0 0 0 0 0 0 0 0 0
-151.9 -793.4 2645.0 0 0 0 0 0 0 0 0 0
-285.1 -804.8 2384.9 0 0 0 0 0 0 0 0 0
-298.2 484.9 2570.4 3 0.1243008897 -0.1203781292 0.9849154353 0.0649053231 0.9914740920 0.1129883900 -0.9901194572 0.0498817004 0.1310542971
-274.2 286.8 2560.4 0.1243008897 -0.1203781292 0.9849154353 0.0649053231 0.9914740920 0.1129883900 -0.9901194572 0.0498817004 0.1310542971
-255.7 92.1 2550.0 0.1242626831 -0.0946208984 0.9877275229 0.0652581751 0.9940670133 0.0870182887 -0.9901010990 0.0536441691 0.1297002137
-291.8 277.4 2701.0 0.4379072487 -0.8909467459 0.1202130392 0.8719704747 0.4534711242 0.1844761521 -0.2188715637 0.0240387786 0.9754575491
-501.6 -140.3 2805.8 0.0631822273 -0.8909467459 -0.4496909380 0.0713665560 0.4534711242 -0.8884091377 0.9954470396 0.0240387786 0.0922351182
-256.6 296.1 2419.9 0.1936203837 -0.3465854526 0.9178178906 -0.9640797973 0.1061693877 0.2434712350 -0.1818277538 -0.9319906831 -0.3135794699
-205.7 43.0 2372.1 -0.4329410791 -0.3465854526 0.8321301341 -0.8995199800 0.1061693877 -0.4237827659 0.0585301928 -0.9319906831 -0.3577256501
-237.9 -106.8 2638.2 -0.7466905713 -0.0884543732 0.6592639685 -0.1498540491 0.9880093932 -0.0371639468 -0.6480717063 -0.1265433431 -0.7509925961
-203.3 -493.4 2687.7 -0.7723605633 -0.1552369595 0.6159226298 -0.0271607842 0.9768599868 0.2121481597 -0.6346033812 0.1471259296 -0.7587044835
-213.1 -95.0 2460.9 -0.5794407725 0.2399687767 0.7788859606 0.1517318338 0.9707260132 -0.1861945540 -0.8007657528 0.0102930814 -0.5988891721
-306.9 -474.3 2456.9 -0.5788647532 -0.0604283288 0.8131814003 0.1419816315 0.9745473862 0.1734894961 -0.8029674888 0.2158837765 -0.5555514693
-517.7 -158.5 2551.9 0 0 0 0 0 0 0 0 0
-327.6 -210.2 2388.6 0 0 0 0 0 0 0 0 0
-155.8 -792.4 2642.7 0 0 0 0 0 0 0 0 0
-286.5 -804.2 2383.9 0 0 0 0 0 0 0 0 0
-297.7 485.8 2549.3 4 0.0270907842 -0.1038357317 0.9942254424 0.0533653162 0.9933224320 0.1022873148 -0.9982075095 0.0502861142 0.0324511081
-277.0 287.4 2539.3 0.0270907842 -0.1038357317 0.9942254424 0.0533653162 0.9933224320 0.1022873148 -0.9982075095 0.0502861142 0.0324511081
-258.5 92.7 2529.8 0.0272670742 -0.0942249745 0.9951774478 0.0515961163 0.9943532348 0.0927332416 -0.9982957244 0.0488187261 0.0319747478
-280.8 280.1 2680.6 0.4089212120 -0.8874527812 0.2126287967 0.8712090254 0.4489940405 0.1984922290 -0.2716215551 0.1040764526 0.9567600489
-476.5 -136.7 2810.6 0.1590740979 -0.8874527812 -0.4325771630 0.0864470303 0.4489940405 -0.8893431425 0.9834746122 0.1040764526 0.1481409818
-273.2 294.8 2398.0 0.2361953855 -0.3232485950 0.9163635373 -0.9600489736 0.0680027455 0.2714435160 -0.1500589699 -0.9438675642 -0.2942725718
-210.8 41.0 2358.3 -0.4564689696 -0.3232485950 0.8289429545 -0.8849103451 0.0680027455 -0.4607703388 0.0925729796 -0.9438675642 -0.3170871735
-248.4 -108.5 2628.8 -0.8063404560 -0.0800968409 0.5860030055 -0.1503617764 0.9859963655 -0.0721286237 -0.5720195770 -0.1462726891 -0.8070922494
-217.0 -494.5 2686.1 -0.8220931292 -0.1914036870 0.5362159014 -0.0812422782 0.9715970755 0.2222585082 -0.5635268688 0.1391537935 -0.8142933846
-226.1 -96.6 2450.5 -0.6543364525 0.2168470770 0.7244454026 0.1417052001 0.9761938453 -0.1642109901 -0.7428078055 -0.0047915420 -0.6694875360
-310.9 -478.4 2452.4 -0.6525782347 -0.0703571737 0.7544478178 0.1136133373 0.9753380418 0.1892292798 -0.7491552830 0.2092022449 -0.6284908652
-516.9 -158.7 2560.4 0 0 0 0 0 0 0 0 0
-339.2 -207.9 2384.4 0 0 0 0 0 0 0 0 0
-157.6 -796.2 2642.8 0 0 0 0 0 0 0 0 0
-287.4 -804.6 2382.4 0 0 0 0 0 0 0 0 0
-299.3 485.1 2530.3 5 -0.0467471890 -0.0966426283 0.9942207336 0.0322845988 0.9946427345 0.0982016325 -0.9983848929 0.0366886705 -0.0433766805
-279.5 282.2 2522.8 -0.0467471890 -0.0966426283 0.9942207336 0.0322845988 0.9946427345 0.0982016325 -0.9983848929 0.0366886705 -0.0433766805
-262.2 87.2 2518.1 -0.0456831045 -0.0873698369 0.9951279163 0.0207741167 0.9958693981 0.0883886144 -0.9987399578 0.0247107688 -0.0436793752
-273.0 279.2 2664.2 0.3904441297 -0.8760363460 0.2830436826 0.8602018952 0.4566958547 0.2268956602 -0.3280337155 0.1548846364 0.9318823218
-459.7 -132.1 2821.1 0.2310277224 -0.8760363460 -0.4233043194 0.1155258641 0.4566958547 -0.8820899725 0.9660641551 0.1548846364 0.2067142576
-286.1 285.2 2381.4 0.2764034867 -0.3192416728 0.9064688683 -0.9503406286 0.0495698862 0.3072386086 -0.1430169195 -0.9463760257 -0.2896870375
-214.6 39.5 2344.4 -0.4793403149 -0.3192416728 0.8175069690 -0.8699116707 0.0495698862 -0.4907101691 0.1161314100 -0.9463760257 -0.3014729023
-242.5 -106.7 2609.9 -0.8486467600 -0.0260477774 0.5283182859 -0.1262163818 0.9799084067 -0.1544309109 -0.5136809945 -0.1977397054 -0.8348837495
-232.3 -489.3 2687.1 -0.8495654464 -0.2243166715 0.4774103463 -0.1222987771 0.9641745687 0.2353941798 -0.5131097436 0.1415960640 -0.8465630412
-237.6 -97.4 2430.7 -0.7092054486 0.1952484399 0.6774258018 0.1094934195 0.9797303081 -0.1677489728 -0.6964473128 -0.0447948165 -0.7162084579
-314.0 -480.4 2448.2 -0.7077183723 -0.0779512450 0.7021811008 0.0889187828 0.9761632681 0.1979868114 -0.7008767128 0.2025559992 -0.6839173436
-518.5 -161.5 2575.3 0 0 0 0 0 0 0 0 0
-349.5 -205.2 2377.1 0 0 0 0 0 0 0 0 0
-160.4 -798.4 2641.8 0 0 0 0 0 0 0 0 0
-288.0 -806.0 2380.6 0 0 0 0 0 0 0 0 0
-301.7 484.1 2520.8 6 -0.0607681312 -0.0996346027 0.9931667447 0.0614768378 0.9927429557 0.1033536270 -0.9962568879 0.0673373565 -0.0542019159
-281.7 284.9 2507.3 -0.0607681312 -0.0996346027 0.9931667447 0.0614768378 0.9927429557 0.1033536270 -0.9962568879 0.0673373565 -0.0542019159
-263.2 90.3 2496.6 -0.0595824644 -0.0945347697 0.9937369227 0.0493450314 0.9940095544 0.0975193307 -0.9970030189 0.0548464209 -0.0545607209
-273.2 277.8 2648.8 0.3809016645 -0.8764992356 0.2943858802 0.8716593981 0.4466030300 0.2018801719 -0.3084214330 0.1797077358 0.9341206551
-455.6 -139.5 2796.5 0.2434675395 -0.8764992356 -0.4152983129 0.0892014951 0.4466030300 -0.8902745843 0.9657984376 0.1797077358 0.1869183779
-290.3 291.9 2365.7 0.2484975159 -0.3199641705 0.9142603278 -0.9609833956 0.0369474478 0.2741274536 -0.1214905381 -0.9467089176 -0.2982988954
-222.6 30.2 2332.6 -0.4973267913 -0.3199641705 0.8064050078 -0.8570526838 0.0369474478 -0.5139023066 0.1346357167 -0.9467089176 -0.2926010787
-240.8 -109.7 2603.0 -0.8547987938 0.0174481031 0.5186661482 -0.1035605371 0.9735977054 -0.2034272999 -0.5085216165 -0.2276027650 -0.8304232359
-247.6 -489.9 2691.9 -0.8443894982 -0.2549616992 0.4711697400 -0.1457893550 0.9556576610 0.2558591962 -0.5155112743 0.1473532915 -0.8441179991
-248.8 -105.3 2422.2 -0.7258052826 0.1743097007 0.6654493213 0.0898881555 0.9831010699 -0.1594753414 -0.6820020676 -0.0559320375 -0.7292083502
-317.1 -490.6 2444.1 -0.7244901657 -0.0865909681 0.6838245988 0.0739800408 0.9765788913 0.2020411789 -0.6853035688 0.1969662160 -0.7011157870
-517.7 -162.2 2550.0 0 0 0 0 0 0 0 0 0
-362.5 -211.0 2370.5 0 0 0 0 0 0 0 0 0
-164.9 -800.1 2644.1 0 0 0 0 0 0 0 0 0
-288.9 -808.6 2380.0 0 0 0 0 0 0 0 0 0
-302.9 481.5 2507.5 7 -0.0503702462 -0.1098842248 0.9926672578 0.0730326548 0.9908626676 0.1133903116 -0.9960567355 0.0782086253 -0.0418848619
-281.1 284.1 2492.0 -0.0503702462 -0.1098842248 0.9926672578 0.0730326548 0.9908626676 0.1133903116 -0.9960567355 0.0782086253 -0.0418848619
-262.5 89.7 2478.4 -0.0495469123 -0.0947900191 0.9942635298 0.0650519803 0.9930661321 0.0979175866 -0.9966510534 0.0695303231 -0.0430370830
-274.0 274.9 2633.7 0.3847868145 -0.8778892159 0.2850431502 0.8759009838 0.4446964562 0.1871965230 -0.2910954952 0.1776388139 0.9400573969
-458.3 -144.8 2773.2 0.2335573584 -0.8778892159 -0.4180448055 0.0737797469 0.4446964562 -0.8926374316 0.9695398211 0.1776388139 0.1686325818
-288.1 293.4 2350.2 0.2716093659 -0.2963271737 0.9156519771 -0.9556244016 0.0297207050 0.2930847108 -0.1140627861 -0.9546239376 -0.2751050591
-218.3 47.8 2320.9 -0.4876593053 -0.2963271737 0.8212056160 -0.8641151190 0.0297207050 -0.5024158955 0.1244726628 -0.9546239376 -0.2705543637
-239.2 -108.7 2575.7 -0.8103700876 0.1144119576 0.5746392608 -0.1409178376 0.9139038920 -0.3806860149 -0.5687201023 -0.3894734681 -0.7244776487
-283.1 -459.2 2725.0 -0.8103700876 -0.3089256585 0.4978607297 -0.1409178376 0.9275298715 0.3461654782 -0.5687201023 0.2103646845 -0.7951755524
-247.7 -101.5 2387.9 -0.7165784836 0.1457858682 0.6821009517 0.1151410639 0.9892211556 -0.0904658586 -0.6879373193 0.0137119452 -0.7256405354
-304.5 -486.7 2382.6 -0.7219727635 -0.0221512336 0.6915668249 -0.0413400158 0.9990828633 -0.0111564752 -0.6906853914 -0.0366440527 -0.7222263217
-518.0 -163.6 2525.3 0 0 0 0 0 0 0 0 0
-355.6 -195.5 2355.9 0 0 0 0 0 0 0 0 0
-168.5 -803.4 2647.0 0 0 0 0 0 0 0 0 0
-296.9 -828.5 2395.1 0 0 0 0 0 0 0 0 0
-303.1 479.9 2492.4 8 -0.0438387133 -0.0950164124 0.9945099354 0.0800477117 0.9919323325 0.0982987061 -0.9958265424 0.0839175358 -0.0358791910
-284.3 284.3 2475.9 -0.0438387133 -0.0950164124 0.9945099354 0.0800477117 0.9919323325 0.0982987061 -0.9958265424 0.0839175358 -0.0358791910
-267.3 89.8 2461.7 -0.0428223871 -0.0865638927 0.9953255653 0.0689344034 0.9936091900 0.0893804207 -0.9967017174 0.0724396557 -0.0365814865
-278.2 274.5 2617.8 0.3944865465 -0.8749431968 0.2808108926 0.8733312488 0.4520292580 0.1815545410 -0.2857846618 0.1736201197 0.9424347281
-467.3 -144.1 2754.7 0.2280605584 -0.8749431968 -0.4271566272 0.0683868006 0.4520292580 -0.8893777728 0.9712423086 0.1736201197 0.1629246175
-290.4 294.1 2334.0 0.2919239700 -0.2940911055 0.9101048112 -0.9496357441 0.0241907872 0.3124208450 -0.1138963476 -0.9554712176 -0.2722175419
-217.2 55.9 2305.4 -0.4871119857 -0.2940911055 0.8223334551 -0.8638997078 0.0241907872 -0.5030825734 0.1280592084 -0.9554712176 -0.2658488452
-239.4 -110.6 2554.7 -0.8524565101 0.1570033878 0.4986660779 -0.1443017870 0.8461242914 -0.5130795836 -0.5024887323 -0.5093364120 -0.6986283064
-308.3 -482.2 2778.4 -0.8524565101 -0.3537856340 0.3849073052 -0.1443017870 0.8668700457 0.4771932065 -0.5024887323 0.3512436450 -0.7900208831
-247.2 -99.7 2370.8 -0.7189521790 0.1759373546 0.6724238396 0.0780561790 0.9817508459 -0.1734144092 -0.6906627417 -0.0721898302 -0.7195648551
-315.6 -481.5 2398.8 -0.7176041603 -0.0510095768 0.6945806742 -0.0285888873 0.9986310601 0.0438023172 -0.6958641410 0.0115754390 -0.7180801630
-525.6 -161.6 2506.2 0 0 0 0 0 0 0 0 0
-354.4 -187.4 2341.4 0 0 0 0 0 0 0 0 0
-177.7 -802.2 2648.7 0 0 0 0 0 0 0 0 0
-298.3 -820.6 2394.9 0 0 0 0 0 0 0 0 0
-303.2 476.7 2468.8 9 -0.0073570791 -0.0809758157 0.9966889024 0.0424872339 0.9957904816 0.0812164471 -0.9990699291 0.0429440700 -0.0038856713
-287.2 279.9 2460.4 -0.0073570791 -0.0809758157 0.9966889024 0.0424872339 0.9957904816 0.0812164471 -0.9990699291 0.0429440700 -0.0038856713
-272.0 84.9 2454.9 -0.0061598551 -0.0786742344 0.9968813658 0.0275468752 0.9965085983 0.0788150355 -0.9996015429 0.0279464554 -0.0039711189
-286.3 276.0 2602.5 0.4143560231 -0.8755261898 0.2485215962 0.8568632603 0.4673207402 0.2177078277 -0.3067482114 0.1227404699 0.9438433647
-484.9 -134.6 2749.5 0.1939698905 -0.8755261898 -0.4425263703 0.1072896644 0.4673207402 -0.8775535822 0.9751228690 0.1227404699 0.1845810562
-288.1 283.8 2318.2 0.3002274036 -0.3210281134 0.8982229233 -0.9453863502 0.0251496453 0.3249801695 -0.1269177496 -0.9467356801 -0.2959449887
-216.7 58.8 2288.0 -0.4982837439 -0.3210281134 0.8053907752 -0.8545882106 0.0251496453 -0.5186969042 0.1462609917 -0.9467356801 -0.2868784964
-252.6 -112.3 2548.1 -0.8544439673 0.1852577031 0.4853916764 -0.1717728525 0.7809926271 -0.6004536152 -0.4903259873 -0.5964310765 -0.6354922056
-339.9 -480.3 2829.2 -0.8544439673 -0.3817858696 0.3523706198 -0.1717728525 0.8476831317 0.5019236803 -0.4903259873 0.3683379591 -0.7898781896
-253.7 -99.0 2355.4 -0.6984086633 0.1989917308 0.6874791980 0.0271499027 0.9672449231 -0.2523887455 -0.7151840329 -0.1576054990 -0.6809348464
-331.0 -475.0 2416.7 -0.6945534348 -0.1034423485 0.7119656801 -0.0161753669 0.9916045666 0.1282916367 -0.7192592621 0.0775890946 -0.6903955936
-534.5 -162.0 2500.2 0 0 0 0 0 0 0 0 0
-357.0 -181.8 2329.2 0 0 0 0 0 0 0 0 0
-197.6 -796.2 2691.9 0 0 0 0 0 0 0 0 0
-295.6 -814.6 2390.1 0 0 0 0 0 0 0 0 0
-302.4 475.2 2457.1 0 0.0552888550 -0.0665634051 0.9962491989 0.0491543896 0.9967470169 0.0638687462 -0.9972597361 0.0454387888 0.0583808869
-289.3 278.4 2448.1 0.0552888550 -0.0665634051 0.9962491989 0.0491543896 0.9967470169 0.0638687462 -0.9972597361 0.0454387888 0.0583808869
-276.9 83.1 2442.6 0.0564568453 -0.0638140365 0.9963635802 0.0312881842 0.9975782037 0.0621189550 -0.9979146719 0.0276673660 0.0583167449
-297.3 274.0 2589.9 0.4459760189 -0.8741663098 0.1921942532 0.8514163494 0.4805650413 0.2101129889 -0.2760355473 0.0699319765 0.9585999846
-510.9 -133.8 2722.1 0.1343502402 -0.8741663098 -0.4666725397 0.1009372696 0.4805650413 -0.8711308241 0.9857797623 0.0699319765 0.1527999938
-281.3 282.7 2306.3 0.2333949059 -0.3499037623 0.9072453976 -0.9664447308 0.0194746833 0.2561352849 -0.1072910130 -0.9365832210 -0.3336173594
-222.6 39.9 2279.3 -0.5251792669 -0.3499037623 0.7757281065 -0.8319733143 0.0194746833 -0.5544737577 0.1789053828 -0.9365832210 -0.3013382852
-267.7 -114.8 2531.3 -0.8322676420 0.2345024347 0.5023337603 -0.1630171984 0.7625429630 -0.6260620356 -0.5298641324 -0.6029402018 -0.5964118838
-382.5 -487.8 2826.2 -0.8322676420 -0.4041648209 0.3794488013 -0.1630171984 0.8326243162 0.5293034315 -0.5298641324 0.3786654174 -0.7588521242
-257.0 -107.8 2358.2 -0.6589835882 0.2014864683 0.7246680856 0.0100162709 0.9657181501 -0.2593995631 -0.7520905733 -0.1636815965 -0.6384105682
-335.6 -484.7 2422.0 -0.6574995518 -0.1246946231 0.7430649996 -0.0021183938 0.9865123034 0.1636733562 -0.7534519434 0.1060410514 -0.6488955617
-545.2 -159.6 2470.3 0 0 0 0 0 0 0 0 0
-370.4 -194.2 2329.7 0 0 0 0 0 0 0 0 0
-231.1 -799.6 2684.4 0 0 0 0 0 0 0 0 0
-294.3 -811.4 2386.9 0 0 0 0 0 0 0 0 0
-303.5 475.5 2450.7 1 0.0389440134 -0.0787376761 0.9961344004 0.0617114045 0.9951772094 0.0762494057 -0.9973340034 0.0585033931 0.0436152108
-287.9 279.1 2439.1 0.0389440134 -0.0787376761 0.9961344004 0.0617114045 0.9951772094 0.0762494057 -0.9973340034 0.0585033931 0.0436152108
-272.8 84.0 2431.1 0.0403360501 -0.0774867535 0.9961770773 0.0439676121 0.9961603880 0.0757051706 -0.9982183576 0.0407458805 0.0435880832
-293.7 272.8 2581.2 0.4296998382 -0.8794847131 0.2046086341 0.8607259393 0.4674405158 0.2016189694 -0.2729631662 0.0894763246 0.9578544497
-499.6 -139.6 2711.9 0.1484407187 -0.8794847131 -0.4521857798 0.0907923356 0.4674405158 -0.8793498278 0.9847446680 0.0894763246 0.1492376775
-282.2 285.3 2297.1 0.2343795449 -0.3807464540 0.8944821954 -0.9667901993 0.0051522125 0.2555193901 -0.1018966660 -0.9246650934 -0.3668943644
-221.1 33.4 2270.5 -0.5325796604 -0.3807464540 0.7559041381 -0.8186861277 0.0051522125 -0.5742181540 0.2147369534 -0.9246650934 -0.3144558072
-260.4 -114.9 2515.3 -0.8434201479 0.2108027339 0.4941706657 -0.1727543771 0.7645470500 -0.6209861040 -0.5087223053 -0.6091223359 -0.6084172726
-365.5 -496.1 2819.0 -0.8434201479 -0.4145050347 0.3418011367 -0.1727543771 0.8116516471 0.5580121279 -0.5087223053 0.4115910232 -0.7561709285
-259.2 -109.5 2346.6 -0.6733624339 0.2119789869 0.7082711458 -0.0029987721 0.9572221041 -0.2893386781 -0.7393065095 -0.1969537288 -0.6439216733
-342.0 -483.5 2423.6 -0.6724243760 -0.1448554993 0.7258528471 -0.0094583351 0.9822640419 0.1872643083 -0.7401053905 0.1190557256 -0.6618683934
-537.5 -162.8 2460.1 0 0 0 0 0 0 0 0 0
-371.0 -196.9 2331.0 0 0 0 0 0 0 0 0 0
-210.0 -800.7 2664.5 0 0 0 0 0 0 0 0 0
-293.8 -810.3 2383.9 0 0 0 0 0 0 0 0 0
-300.2 467.7 2425.0 2 0.0303857196 -0.0579623505 0.9978562593 0.0200540815 0.9981516004 0.0573688410 -0.9993370771 0.0182678960 0.0314919353
-288.8 271.8 2421.4 0.0303857196 -0.0579623505 0.9978562593 0.0200540815 0.9981516004 0.0573688410 -0.9993370771 0.0182678960 0.0314919353
-275.8 76.6 2419.5 0.0309156105 -0.0663391501 0.9973180890 0.0115456302 0.9977521300 0.0660101250 -0.9994553328 0.0094739217 0.0316120461
-293.2 270.2 2563.6 0.4363433123 -0.8733052015 0.2166621834 0.8465555310 0.4800416827 0.2300080210 -0.3048740923 0.0830541030 0.9487643838
-502.2 -135.4 2709.7 0.1593083292 -0.8733052015 -0.4603898823 0.1202859506 0.4800416827 -0.8689599037 0.9798735380 0.0830541030 0.1815209836
-284.4 273.5 2279.1 0.2779163122 -0.3389010131 0.8988373876 -0.9582640529 -0.0325215533 0.2840287089 -0.0670260340 -0.9402597547 -0.3337949216
-217.7 43.4 2263.0 -0.5281912088 -0.3389010131 0.7785629034 -0.8204632401 -0.0325215533 -0.5707734823 0.2187557966 -0.9402597547 -0.2608782351
-265.1 -119.7 2508.9 -0.8524363041 0.2114962935 0.4781439602 -0.1818315536 0.7375138998 -0.6503925920 -0.4901934266 -0.6413599253 -0.5902269483
-371.5 -490.7 2831.6 -0.8524363041 -0.4042214453 0.3315981627 -0.1818315536 0.8238506913 0.5368494391 -0.4901934266 0.3973349333 -0.7757804990
-254.0 -107.1 2332.7 -0.6763716340 0.2326241434 0.6988615394 -0.0141605176 0.9445353746 -0.3281043172 -0.7364244461 -0.2318166941 -0.6355628371
-344.9 -476.3 2423.3 -0.6763716340 -0.1495502889 0.7212185264 -0.0141605176 0.9816299081 0.1902686507 -0.7364244461 0.1184794828 -0.6660643220
-543.0 -166.1 2459.0 0 0 0 0 0 0 0 0 0
-366.4 -187.6 2324.6 0 0 0 0 0 0 0 0 0
-219.6 -800.4 2682.2 0 0 0 0 0 0 0 0 0
-294.2 -809.1 2383.1 0 0 0 0 0 0 0 0 0
-301.7 468.6 2411.6 3 0.0532486625 -0.0528501831 0.9971817732 -0.0128416568 0.9984796643 0.0536047071 -0.9984987378 -0.0156598445 0.0524890237
-291.3 272.6 2414.7 0.0532486625 -0.0528501831 0.9971817732 -0.0128416568 0.9984796643 0.0536047071 -0.9984987378 -0.0156598445 0.0524890237
-280.1 77.4 2420.6 0.0540307350 -0.0578143783 0.9968641996 -0.0269500297 0.9978743196 0.0593336746 -0.9981755018 -0.0300713610 0.0523577854
-298.9 276.4 2556.7 0.4510566890 -0.8705318570 0.1967795193 0.8306496739 0.4901158512 0.2642112672 -0.3264490962 0.0442805775 0.9441770315
-515.1 -121.5 2713.1 0.1378787756 -0.8705318570 -0.4724021256 0.1565373391 0.4901158512 -0.8574861288 0.9780007601 0.0442805775 0.2038473189
-283.6 268.7 2272.7 0.2661276162 -0.3101607859 0.9126753807 -0.9623748660 -0.0315962173 0.2698819637 -0.0548697151 -0.9501588941 -0.3068995774
-218.1 31.8 2259.2 -0.5715274215 -0.3101607859 0.7597082853 -0.7924789786 -0.0315962173 -0.6090802550 0.2129167318 -0.9501588941 -0.2277377993
-273.5 -115.4 2517.0 -0.8434002995 0.2326282859 0.4843139350 -0.1942542195 0.7084066868 -0.6785464287 -0.5009403229 -0.6663662791 -0.5522813797
-391.0 -473.3 2853.7 -0.8434002995 -0.4072905779 0.3504144549 -0.1942542195 0.8392276168 0.5078998804 -0.5009403229 0.3602934182 -0.7869227529
-260.0 -117.7 2327.3 -0.6601831317 0.2150089592 0.7196730971 -0.0405096486 0.9465658665 -0.3199562728 -0.7500114441 -0.2403834462 -0.6161968708
-344.1 -488.0 2421.3 -0.6642478704 -0.1539656073 0.7314843535 -0.0159374550 0.9812527299 0.1920652837 -0.7473424673 0.1159209609 -0.6542488337
-550.3 -161.6 2463.0 0 0 0 0 0 0 0 0 0
-378.9 -191.1 2319.1 0 0 0 0 0 0 0 0 0
-237.9 -788.8 2718.2 0 0 0 0 0 0 0 0 0
-294.0 -807.6 2383.6 0 0 0 0 0 0 0 0 0
-303.5 469.2 2397.0 4 0.0537128039 -0.0526845530 0.9971656203 -0.0446405374 0.9974821210 0.0551058576 -0.9975581169 -0.0474739000 0.0512256920
-293.1 272.6 2406.3 0.0537128039 -0.0526845530 0.9971656203 -0.0446405374 0.9974821210 0.0551058576 -0.9975581169 -0.0474739000 0.0512256920
-282.8 77.6 2418.3 0.0544490442 -0.0531768240 0.9970995784 -0.0585095771 0.9966951609 0.0563503169 -0.9968008399 -0.0614080951 0.0511577465
-300.9 280.9 2548.2 0.4550576806 -0.8682675362 0.1975701302 0.8178355098 0.4952905774 0.2929715216 -0.3522323072 0.0282609221 0.9354858398
-518.9 -111.0 2717.0 0.1379826218 -0.8682675362 -0.4765209854 0.1863861978 0.4952905774 -0.8484971523 0.9727389216 0.0282609221 0.2301745862
-285.4 264.2 2264.4 0.2438190430 -0.3070263863 0.9199386239 -0.9695376754 -0.0542488210 0.2388593256 -0.0234305356 -0.9501535892 -0.3109005690
-224.4 21.6 2258.6 -0.5702080131 -0.3070263863 0.7619695663 -0.7888521552 -0.0542488210 -0.6121841073 0.2292926311 -0.9501535892 -0.2112653255
-277.6 -113.3 2521.1 -0.6575036049 0.3908167779 0.6441671252 -0.1493980736 0.7703546882 -0.6198660135 -0.7384911776 -0.5038014650 -0.4481237233
-446.6 -446.4 2738.9 -0.6575036049 -0.3031940460 0.6897553205 -0.1493980736 0.9497469068 0.2750654519 -0.7384911776 0.0778084174 -0.6697586179
-264.0 -120.3 2336.3 -0.6534291506 0.2083655596 0.7277459502 -0.0321497247 0.9528647065 -0.3016873598 -0.7563046813 -0.2205281407 -0.6159306765
-345.5 -493.3 2422.6 -0.6564494967 -0.1590376347 0.7374151349 -0.0142186647 0.9799593687 0.1986894161 -0.7542359829 0.1199445054 -0.6455551386
-554.2 -158.6 2468.1 0 0 0 0 0 0 0 0 0
-384.9 -200.5 2323.1 0 0 0 0 0 0 0 0 0
-338.4 -785.4 2711.1 0 0 0 0 0 0 0 0 0
-294.5 -807.7 2384.1 0 0 0 0 0 0 0 0 0
-305.8 467.3 2389.6 5 0.0340165570 -0.0635385066 0.9973995090 -0.0547071137 0.9963623881 0.0653382391 -0.9979228377 -0.0567874275 0.0304168109
-293.3 271.3 2400.8 0.0340165570 -0.0635385066 0.9973995090 -0.0547071137 0.9963623881 0.0653382391 -0.9979228377 -0.0567874275 0.0304168109
-280.9 76.4 2414.1 0.0347358361 -0.0632916391 0.9973903894 -0.0660043433 0.9956684709 0.0654810816 -0.9972145557 -0.0681066364 0.0304078553
-298.2 280.7 2542.8 0.4402597845 -0.8720623851 0.2137253135 0.8190410733 0.4875950217 0.3023620546 -0.3678899705 0.0419319570 0.9289234281
-509.2 -111.8 2719.1 0.1558029503 -0.8720623851 -0.4639317095 0.1953841895 0.4875950217 -0.8509266376 0.9682719111 0.0419319570 0.2463559359
-288.4 261.9 2258.8 0.2426002473 -0.3054905534 0.9207717776 -0.9701175690 -0.0723556504 0.2315957099 -0.0041272589 -0.9494420290 -0.3139152527
-226.7 15.1 2257.7 -0.5651355386 -0.3054905534 0.7663532495 -0.7887234688 -0.0723556504 -0.6104751825 0.2419444025 -0.9494420290 -0.2000568211
-279.3 -111.1 2522.6 -0.3264429867 0.4607396722 0.8253204823 -0.2273223996 0.8092587590 -0.5416870117 -0.9174745083 -0.3644437492 -0.1594403833
-466.4 -439.8 2670.6 -0.3264429867 -0.1250273734 0.9369114637 -0.2273223996 0.9725055099 0.0505725518 -0.9174745083 -0.1964719146 -0.3458891213
-267.5 -122.7 2340.3 -0.6639593840 0.1962236613 0.7215636969 -0.0226001870 0.9592491388 -0.2816563249 -0.7474269867 -0.2033158392 -0.6324678063
-344.3 -498.2 2419.9 -0.6641286016 -0.1576477289 0.7308080196 -0.0215495806 0.9811453223 0.1920663565 -0.7473077178 0.1118081510 -0.6550039053
-549.1 -161.8 2471.3 0 0 0 0 0 0 0 0 0
-385.8 -207.0 2325.9 0 0 0 0 0 0 0 0 0
-422.9 -778.4 2739.0 0 0 0 0 0 0 0 0 0
-294.7 -806.9 2384.7 0 0 0 0 0 0 0 0 0
-307.9 465.7 2386.4 6 0.0443990603 -0.0586514436 0.9972906709 -0.0527534783 0.9967446923 0.0609678999 -0.9976200461 -0.0553174727 0.0411604606
-296.3 269.4 2397.3 0.0443990603 -0.0586514436 0.9972906709 -0.0527534783 0.9967446923 0.0609678999 -0.9976200461 -0.0553174727 0.0411604606
-284.2 74.5 2410.5 0.0451092236 -0.0616026036 0.9970808625 -0.0645206943 0.9958333373 0.0644445196 -0.9968963265 -0.0672393888 0.0409466252
-302.7 278.7 2539.3 0.4448141456 -0.8720114231 0.2042951137 0.8191659451 0.4883351028 0.3008255064 -0.3620877564 0.0335401520 0.9315403700
-516.0 -114.1 2712.9 0.1457746923 -0.8720114231 -0.4672749043 0.1936730891 0.4883351028 -0.8508933783 0.9701755047 0.0335401520 0.2400720417
-289.9 260.2 2255.3 0.2491860688 -0.2824402153 0.9263551235 -0.9684276581 -0.0799380019 0.2361307889 0.0073581426 -0.9559484720 -0.2934423685
-227.1 16.1 2257.2 -0.5580786467 -0.2824402153 0.7802408338 -0.7968353629 -0.0799380019 -0.5988849998 0.2315201163 -0.9559484720 -0.1804466695
-272.7 -112.0 2518.6 -0.2813470364 0.5263656974 0.8023608923 -0.2088094354 0.7825193405 -0.5865680575 -0.9366122484 -0.3325696886 -0.1102493703
-482.0 -423.2 2650.9 -0.2813470364 0.0196382888 0.9594051242 -0.2088094354 0.9745809436 -0.0811826140 -0.9366122484 -0.2231733203 -0.2700947821
-265.4 -124.5 2337.3 -0.6561499238 0.2124918103 0.7240957022 -0.0209420808 0.9540396929 -0.2989477217 -0.7543399334 -0.2113185972 -0.6215429902
-348.6 -498.0 2420.1 -0.6549230218 -0.1705947369 0.7361883521 -0.0280834995 0.9790077209 0.2018790990 -0.7551735640 0.1115405336 -0.6459656358
-553.3 -163.6 2464.6 0 0 0 0 0 0 0 0 0
-384.2 -208.3 2322.4 0 0 0 0 0 0 0 0 0
-489.1 -775.0 2731.4 0 0 0 0 0 0 0 0 0
-294.8 -806.5 2384.9 0 0 0 0 0 0 0 0 0
-308.1 461.0 2368.9 7 0.0494828075 -0.0346302353 0.9981744289 -0.1028310284 0.9939110875 0.0395799987 -0.9934672713 -0.1046018302 0.0456204489
-301.3 266.0 2389.4 0.0494828075 -0.0346302353 0.9981744289 -0.1028310284 0.9939110875 0.0395799987 -0.9934672713 -0.1046018302 0.0456204489
-293.9 72.0 2412.8 0.0500355139 -0.0380612016 0.9980219603 -0.1179312319 0.9920576811 0.0437461920 -0.9917603731 -0.1198868155 0.0451495126
-308.4 282.8 2530.5 0.4664483070 -0.8603054881 0.2056708187 0.7884823680 0.5097762346 0.3441275954 -0.4009009302 0.0016500833 0.9161199331
-531.7 -94.8 2722.5 0.1446816176 -0.8603054881 -0.4888166785 0.2410604060 0.5097762346 -0.8258438706 0.9596651196 0.0016500833 0.2811408341
-294.3 249.2 2248.3 0.2744534612 -0.2217160463 0.9356908202 -0.9610826373 -0.0951739103 0.2593494058 0.0315514281 -0.9704555273 -0.2392082512
-226.3 11.2 2256.1 -0.5815492868 -0.2217160463 0.7827147841 -0.7859541774 -0.0951739103 -0.6109156609 0.2099438310 -0.9704555273 -0.1189103425
-276.8 -114.4 2514.3 -0.2721865177 0.5519091487 0.7882326841 -0.2405652404 0.7541180253 -0.6110927463 -0.9316881895 -0.3559525907 -0.0724906027
-494.4 -411.8 2654.6 -0.2596455812 0.1261171848 0.9574333429 -0.1314090639 0.9775995612 -0.1644102782 -0.9567213655 -0.1685038209 -0.2372564673
-268.1 -126.4 2333.6 -0.6502343416 0.2041388303 0.7317941189 -0.0398953594 0.9527207613 -0.3012167215 -0.7586854696 -0.2250566483 -0.6113475561
-348.0 -499.4 2421.7 -0.6531711221 -0.1715493649 0.7375217080 -0.0236664489 0.9781476855 0.2065598518 -0.7568404078 0.1174644083 -0.6429578066
-568.7 -156.4 2477.0 0 0 0 0 0 0 0 0 0
-390.1 -210.1 2315.2 0 0 0 0 0 0 0 0 0
-540.5 -769.1 2716.2 0 0 0 0 0 0 0 0 0
-294.4 -805.5 2384.9 0 0 0 0 0 0 0 0 0
-312.4 458.9 2360.1 8 0.1257682592 -0.0085118441 0.9920231104 -0.1349260807 0.9905247688 0.0256048571 -0.9828414321 -0.1370700747 0.1234280989
-310.8 265.0 2386.9 0.1257682592 -0.0085118441 0.9920231104 -0.1349260807 0.9905247688 0.0256048571 -0.9828414321 -0.1370700747 0.1234280989
-307.6 71.8 2416.7 0.1259629428 -0.0175700095 0.9918793440 -0.1496948302 0.9880578518 0.0365126953 -0.9806756973 -0.1530784518 0.1218285263
-328.6 286.3 2526.1 0.5046696663 -0.8525155783 0.1361092180 0.7721540928 0.5162489414 0.3704929650 -0.3861172497 -0.0818792805 0.9188085794
-570.2 -83.3 2710.9 0.0720487684 -0.8525155783 -0.5177124143 0.2712103128 0.5162489414 -0.8123619556 0.9598197341 -0.0818792805 0.2684061229
-293.0 243.6 2247.7 0.2590339184 -0.2096450031 0.9428416491 -0.9650236368 -0.0969886258 0.2435622811 0.0403833017 -0.9729554057 -0.2274357378
-227.7 0.6 2257.9 -0.6008914709 -0.2096450031 0.7713484168 -0.7722089291 -0.0969886258 -0.6279224157 0.2064528167 -0.9729554057 -0.1036101133
-291.2 -111.2 2526.0 -0.1972063780 0.5401480198 0.8181380033 -0.2620661855 0.7751121521 -0.5749108791 -0.9446856380 -0.3277823925 -0.0113025187
-503.3 -415.6 2654.8 -0.1536887288 0.2403492033 0.9584425092 -0.0773675069 0.9640615582 -0.2541643679 -0.9850857854 -0.1132145077 -0.1295701712
-282.0 -132.6 2346.7 -0.5896749496 0.1644223481 0.7907267213 -0.0593479238 0.9675891399 -0.2454568148 -0.8054571748 -0.1916677207 -0.5608049631
-346.3 -511.0 2421.7 -0.5998644233 -0.1710085869 0.7816128731 -0.0061697662 0.9778516293 0.2092084289 -0.8000778556 0.1206743270 -0.5876334906
-588.6 -152.5 2466.0 0 0 0 0 0 0 0 0 0
-396.9 -216.8 2316.0 0 0 0 0 0 0 0 0 0
-589.7 -762.1 2695.5 0 0 0 0 0 0 0 0 0
-294.7 -806.2 2385.3 0 0 0 0 0 0 0 0 0
-315.5 458.4 2356.2 9 0.1599232554 -0.0048829368 0.9871173501 -0.1453199685 0.9889760017 0.0284354724 -0.9763742685 -0.1479953527 0.1574506760
-314.6 264.4 2385.2 0.1599232554 -0.0048829368 0.9871173501 -0.1453199685 0.9889760017 0.0284354724 -0.9763742685 -0.1479953527 0.1574506760
-312.4 71.5 2417.9 0.1600789875 -0.0119039472 0.9870324135 -0.1636402160 0.9857713580 0.0384282507 -0.9734457135 -0.1676697433 0.1558533162
-337.3 287.8 2523.5 0.5180565119 -0.8489673138 0.1042689085 0.7664098144 0.5148542523 0.3841108680 -0.3797808290 -0.1190784127 0.9173804522
-585.5 -79.4 2705.5 0.0381632373 -0.8489673138 -0.5270655751 0.2844826281 0.5148542523 -0.8086994290 0.9579212666 -0.1190784127 0.2611649632
-291.9 241.1 2246.9 0.2441571653 -0.2136656642 0.9459039569 -0.9685426354 -0.1021000743 0.2269377857 0.0480880514 -0.9715567827 -0.2318727672
-229.5 -6.3 2259.2 -0.6001469493 -0.2136656642 0.7708246708 -0.7710062861 -0.1021000743 -0.6285895705 0.2130092680 -0.9715567827 -0.1034625322
-315.8 -107.9 2534.9 -0.1509662718 0.5014488101 0.8519144654 -0.2556716204 0.8126627803 -0.5236518383 -0.9549037814 -0.2968640924 0.0055215606
-512.1 -426.0 2651.1 -0.0669029430 0.3520885706 0.9335725307 -0.0279788151 0.9346389174 -0.3544957936 -0.9973671436 -0.0498370640 -0.0526790731
-293.1 -135.0 2358.2 -0.5602035522 0.1330774873 0.8175954819 -0.0645033866 0.9770058990 -0.2032209188 -0.8258397579 -0.1665827632 -0.5387381911
-345.2 -517.1 2423.3 -0.5734310746 -0.1682298183 0.8017951846 0.0041824477 0.9780757427 0.2082075924 -0.8192431331 0.1227461621 -0.5601553917
-595.3 -152.1 2460.8 0 0 0 0 0 0 0 0 0
-398.5 -223.5 2319.1 0 0 0 0 0 0 0 0 0
-634.9 -751.9 2668.4 0 0 0 0 0 0 0 0 0
-295.2 -807.4 2386.9 0 0 0 0 0 0 0 0 0
-320.1 455.9 2354.2 0 0.2233239561 -0.0085769538 0.9747065306 -0.1450808048 0.9885305762 0.0419393927 -0.9638869166 -0.1507772803 0.2195181996
-318.4 262.5 2383.7 0.2233239561 -0.0085769538 0.9747065306 -0.1450808048 0.9885305762 0.0419393927 -0.9638869166 -0.1507772803 0.2195181996
-314.8 69.6 2417.1 0.2235594988 -0.0191213712 0.9745026827 -0.1618648320 0.9851961732 0.0564644113 -0.9611560106 -0.1703608781 0.2171548903
-350.2 285.5 2520.2 0.5262299776 -0.8494092822 0.0398223959 0.7754822969 0.4985900223 0.3873437345 -0.3488684297 -0.1729503274 0.9210749269
-602.3 -86.0 2687.4 -0.0272332281 -0.8494092822 -0.5270314813 0.2858732939 0.4985900223 -0.8183425069 0.9578803778 -0.1729503274 0.2292452157
-286.7 239.5 2247.2 0.2187882066 -0.2194104344 0.9507843256 -0.9740670919 -0.1066919044 0.1995248199 0.0576631613 -0.9697813392 -0.2370634079
-230.6 -10.1 2262.0 -0.5931806564 -0.2194104344 0.7745938897 -0.7745903134 -0.1066919044 -0.6233993173 0.2194232196 -0.9697813392 -0.1066656113
-324.8 -106.6 2538.4 -0.0951786265 0.4960178137 0.8630801439 -0.2740073204 0.8204697967 -0.5017462969 -0.9570062757 -0.2842457891 0.0578213222
-519.0 -427.8 2649.7 0.0429872200 0.4428812861 0.8955491185 0.0014898293 0.8963482976 -0.4433480203 -0.9990745187 0.0203925148 0.0378717072
-295.9 -136.2 2362.9 -0.5056923032 0.1255084872 0.8535355330 -0.0715626478 0.9798488021 -0.1864808351 -0.8597407341 -0.1553831846 -0.4865202606
-345.0 -519.7 2423.7 -0.5233704448 -0.1680041403 0.8353789449 0.0184925366 0.9779002666 0.2082524896 -0.8519045711 0.1244414747 -0.5086972713
-595.3 -159.0 2442.9 0 0 0 0 0 0 0 0 0
-397.7 -228.2 2323.8 0 0 0 0 0 0 0 0 0
-673.9 -741.5 2642.6 0 0 0 0 0 0 0 0 0
-295.6 -807.2 2387.1 0 0 0 0 0 0 0 0 0
-326.3 457.1 2360.3 1 0.2209349573 -0.0158087388 0.9751604199 -0.1357859671 0.9896318913 0.0468073748 -0.9657897949 -0.1427544802 0.2164976597
-323.2 263.1 2388.2 0.2209349573 -0.0158087388 0.9751604199 -0.1357859671 0.9896318913 0.0468073748 -0.9657897949 -0.1427544802 0.2164976597
-317.6 70.0 2420.2 0.2213259786 -0.0291587170 0.9747638702 -0.1529669613 0.9861416817 0.0642311350 -0.9631282091 -0.1633226871 0.2137984633
-354.7 284.9 2525.3 0.5178564787 -0.8545282483 0.0400767140 0.7825171351 0.4921061099 0.3814426661 -0.3456755280 -0.1661718488 0.9235233068
-602.9 -90.2 2690.9 -0.0262229834 -0.8545282483 -0.5187425613 0.2786446214 0.4921061099 -0.8247355819 0.9600362182 -0.1661718488 0.2252052128
-291.7 241.4 2251.2 0.2332003862 -0.2344752997 0.9437366724 -0.9711225629 -0.1064377949 0.2135226279 0.0503834710 -0.9662775397 -0.2525255978
-231.3 -10.4 2264.3 -0.5895690918 -0.2344752997 0.7729357481 -0.7747513652 -0.1064377949 -0.6232426167 0.2284045666 -0.9662775397 -0.1189076230
-331.3 -108.6 2537.0 -0.0860539004 0.4937337637 0.8653448224 -0.2508407831 0.8298494816 -0.4984262288 -0.9641958475 -0.2599552870 0.0524367765
-524.6 -433.5 2638.8 0.0822625682 0.5166972876 0.8522070050 0.0214235373 0.8539908528 -0.5198467970 -0.9963803887 0.0610212199 0.0591819957
-291.0 -137.8 2363.8 -0.5068168044 0.1376658082 0.8509905338 -0.0584702492 0.9794034362 -0.1932619214 -0.8600685596 -0.1477060169 -0.4883287251
-344.9 -521.3 2421.7 -0.5193843842 -0.1674379110 0.8379763961 0.0080635743 0.9796121120 0.2007363290 -0.8545026779 0.1110164002 -0.5074450970
-596.2 -161.4 2445.5 0 0 0 0 0 0 0 0 0
-397.4 -228.6 2328.6 0 0 0 0 0 0 0 0 0
-706.7 -734.5 2617.3 0 0 0 0 0 0 0 0 0
-295.9 -807.7 2389.2 0 0 0 0 0 0 0 0 0
-329.4 454.9 2356.3 2 0.2427309901 -0.0022648221 0.9700909853 -0.1541469097 0.9872021079 0.0408745855 -0.9577684402 -0.1594580561 0.2392754257
-329.0 262.6 2387.3 0.2427309901 -0.0022648221 0.9700909853 -0.1541469097 0.9872021079 0.0408745855 -0.9577684402 -0.1594580561 0.2392754257
-325.4 70.1 2422.7 0.2429083139 -0.0187240485 0.9698685408 -0.1707953066 0.9833689928 0.0617612004 -0.9548950195 -0.1806512922 0.2356705070
-363.5 287.0 2523.2 0.5313127041 -0.8469174504 0.0209199414 0.7730785608 0.4947938919 0.3968986869 -0.3464914858 -0.1947045624 0.9176239967
-618.2 -83.6 2689.3 -0.0469148569 -0.8469174504 -0.5296506882 0.2952127457 0.4947938919 -0.8173300624 0.9542790055 -0.1947045624 0.2268076390
-294.4 238.3 2251.4 0.2448827773 -0.1999981254 0.9487007856 -0.9672663808 -0.1175529137 0.2248933762 0.0665442869 -0.9727188945 -0.2222381532
-232.5 -6.1 2268.2 -0.5819532871 -0.1999981254 0.7882456183 -0.7844363451 -0.1175529137 -0.6089671254 0.2144528478 -0.9727188945 -0.0884754956
-331.9 -109.2 2539.1 -0.0495579131 0.5066403151 0.8607320189 -0.2415151000 0.8301367164 -0.5025370717 -0.9691307545 -0.2327844650 0.0812214464
-530.2 -434.2 2630.2 0.1298647523 0.5552490950 0.8214825392 0.0169831030 0.8271313906 -0.5617519617 -0.9913862348 0.0869031027 0.0979853570
-291.9 -136.9 2365.3 -0.4861988723 0.1376140267 0.8629443645 -0.0657863691 0.9789554477 -0.1931796223 -0.8713683486 -0.1506936997 -0.4669139385
-345.8 -520.2 2424.3 -0.5031448007 -0.1746826023 0.8463635445 0.0185652096 0.9769475460 0.2126706988 -0.8640026450 0.1227170750 -0.4883030951
-606.2 -159.2 2445.2 0 0 0 0 0 0 0 0 0
-396.4 -227.0 2328.6 0 0 0 0 0 0 0 0 0
-732.1 -735.0 2598.6 0 0 0 0 0 0 0 0 0
-294.5 -807.5 2388.2 0 0 0 0 0 0 0 0 0
-335.0 457.5 2361.3 3 0.2721849084 -0.0081353988 0.9622105956 -0.1545391232 0.9866142869 0.0520569161 -0.9497541785 -0.1628682911 0.2672842741
-333.4 264.5 2393.1 0.2721849084 -0.0081353988 0.9622105956 -0.1545391232 0.9866142869 0.0520569161 -0.9497541785 -0.1628682911 0.2672842741
-329.7 72.0 2429.1 0.2724218667 -0.0192123074 0.9619860649 -0.1716043502 0.9828007817 0.0682241172 -0.9467514157 -0.1836667359 0.2644395232
-372.2 288.9 2527.9 0.5367244482 -0.8437103033 -0.0089339744 0.7754601240 0.4890788496 0.3993287683 -0.3325483501 -0.2212574482 0.9167642593
-629.5 -82.9 2687.4 -0.0773350522 -0.8437103033 -0.5311989188 0.2971342504 0.4890788496 -0.8200689554 0.9516987801 -0.2212574482 0.2128722668
-294.7 240.0 2258.3 0.2336257100 -0.1757428348 0.9563124180 -0.9700915813 -0.1087780073 0.2170016468 0.0658892766 -0.9784078002 -0.1958999783
-235.1 -7.2 2275.1 -0.5910738707 -0.1757428348 0.7872395515 -0.7831291556 -0.1087780073 -0.6122712493 0.1932366341 -0.9784078002 -0.0733334944
-343.7 -107.0 2544.2 -0.0067052511 0.5024170876 0.8645994067 -0.2236731797 0.8419584632 -0.4909951389 -0.9746411443 -0.1966799349 0.1067316830
-540.3 -436.5 2621.2 0.1515535414 0.5535072684 0.8189390898 0.0045112455 0.8281131983 -0.5605427623 -0.9884387255 0.0886466727 0.1230064854
-299.8 -137.9 2371.8 -0.4595669806 0.1153931171 0.8806148767 -0.0715287477 0.9834939241 -0.1662028134 -0.8852580786 -0.1393706053 -0.4437274039
-345.0 -522.9 2426.4 -0.4808247089 -0.1776191294 0.8586379290 0.0308265314 0.9752374291 0.2190014869 -0.8762747049 0.1317701489 -0.4634428918
-609.8 -158.9 2443.9 0 0 0 0 0 0 0 0 0
-401.6 -227.8 2329.6 0 0 0 0 0 0 0 0 0
-741.2 -737.0 2589.0 0 0 0 0 0 0 0 0 0
-293.4 -806.6 2388.0 0 0 0 0 0 0 0 0 0
-342.5 460.3 2364.3 4 0.3817493916 0.0101057626 0.9242106080 -0.1536160111 0.9867262840 0.0526624545 -0.9114107490 -0.1620774120 0.3782345653
-344.5 267.6 2395.9 0.3817493916 0.0101057626 0.9242106080 -0.1536160111 0.9867262840 0.0526624545 -0.9114107490 -0.1620774120 0.3782345653
-344.2 75.1 2431.9 0.3816778064 -0.0015543971 0.9242941141 -0.1701028347 0.9828001261 0.0718950182 -0.9085081816 -0.1846657842 0.3748486042
