65.3 366.4 2010.4 42 0.2728503644 -0.2519388199 0.9284823537 0.1872772723 0.9605486393 0.2056052238 -0.9436524510 0.1177841872 0.3092684746
115.8 174.0 1986.8 0.2728503644 -0.2519388199 0.9284823537 0.1872772723 0.9605486393 0.2056052238 -0.9436524510 0.1177841872 0.3092684746
163.3 -17.8 1965.4 0.2760216296 -0.2388256937 0.9310071468 0.1748349369 0.9649531245 0.1956992298 -0.9451162815 0.1087553576 0.3081029952
75.5 148.5 2124.5 -0.5006690621 -0.1367495209 0.8547689915 0.5959407091 0.6617344022 0.4549310207 -0.6278416514 0.7371615171 -0.2498153597
244.3 -52.5 2336.2 -0.3079082966 -0.0943855420 0.9467226863 0.7705599666 0.5589231253 0.3063368797 -0.5580589771 0.8238302469 -0.0993673429
156.1 199.5 1849.1 -0.1419101954 -0.9895678759 -0.0248388834 -0.9106550217 0.1403477490 -0.3885999322 0.3880320787 -0.0325266384 -0.9210717082
124.9 -0.8 1934.4 -0.0633036122 -0.9895678759 -0.1294145584 -0.2207809985 0.1403477490 -0.9651726484 0.9732668996 -0.0325266384 -0.2273622900
185.7 -225.4 2030.2 0.2763796449 -0.0358300544 0.9603803754 0.6898533106 0.7031480670 -0.1722937971 -0.6691163182 0.7101401091 0.2190533131
199.8 -503.4 1749.4 0.2763442993 -0.0348233208 0.9604275823 0.6905698180 0.7022123933 -0.1732370555 -0.6683914661 0.7111153603 0.2181003243
227.5 -198.1 1852.4 0.1713832617 0.1719583273 0.9700815082 0.2610709071 0.9415226579 -0.2130190432 -0.9499840736 0.2897679508 0.1164679006
160.2 -566.8 1738.9 0.1759438217 0.0035147490 0.9843939543 0.0151231848 0.9998659492 -0.0062730056 -0.9842840433 0.0159908682 0.1758670956
330.5 -268.2 2492.4 0 0 0 0 0 0 0 0 0
106.9 -63.6 2211.3 0 0 0 0 0 0 0 0 0
213.1 -770.7 1478.7 0 0 0 0 0 0 0 0 0
158.8 -947.8 1732.8 0 0 0 0 0 0 0 0 0
68.2 368.1 2027.6 43 0.3344849646 -0.2437194735 0.9103409648 0.2051912546 0.9616395235 0.1820602417 -0.9197914600 0.1258975714 0.3716630936
117.0 175.2 2002.3 0.3344849646 -0.2437194735 0.9103409648 0.2051912546 0.9616395235 0.1820602417 -0.9197914600 0.1258975714 0.3716630936
163.8 -16.6 1979.9 0.3380090892 -0.2353160530 0.9112498164 0.1910158694 0.9652382135 0.1784043759 -0.9215545654 0.1137608811 0.3712083697
67.7 147.4 2136.6 -0.4528912604 -0.1768929064 0.8738411665 0.6148237586 0.6478281021 0.4497894049 -0.6456633806 0.7409639955 -0.1846377254
220.3 -59.8 2354.1 -0.2631852031 -0.1412499249 0.9543489814 0.7857196331 0.5426229239 0.2969932556 -0.5598018765 0.8280149698 -0.0318274759
166.4 203.1 1868.0 -0.1759882420 -0.9839226007 0.0304054152 -0.9167284966 0.1525594592 -0.3692349195 0.3586599529 -0.0928545147 -0.9288385510
127.6 1.4 1946.9 -0.1280282885 -0.9839226007 -0.1245195121 -0.2400182039 0.1525594592 -0.9587058425 0.9622889757 -0.0928545147 -0.2556912601
179.8 -225.8 2041.5 0.3257615864 -0.0737470239 0.9425713420 0.7020152807 0.6866524816 -0.1888992488 -0.6332882047 0.7232356071 0.2754565477
209.0 -497.7 1755.0 0.3257286251 -0.0732183754 0.9426239729 0.7023245096 0.6862006187 -0.1893912107 -0.6329622269 0.7237180471 0.2749382555
236.4 -193.4 1858.2 0.2240089029 0.1722924858 0.9592368603 0.2178795785 0.9504847527 -0.2216015309 -0.9499202371 0.2586388290 0.1753780246
168.4 -568.2 1756.2 0.2287740111 0.0017549663 0.9734779596 0.0073712585 0.9999665618 -0.0035350160 -0.9734516740 0.0079844780 0.2287534326
294.0 -279.7 2510.8 0 0 0 0 0 0 0 0 0
91.2 -66.9 2220.7 0 0 0 0 0 0 0 0 0
236.9 -759.2 1479.3 0 0 0 0 0 0 0 0 0
167.7 -949.8 1753.1 0 0 0 0 0 0 0 0 0
70.3 368.2 2042.7 44 0.3903025985 -0.2526397109 0.8853457570 0.2352262884 0.9570633173 0.1694058627 -0.8901305795 0.1421370506 0.4329718053
121.2 175.6 2014.1 0.3903025985 -0.2526397109 0.8853457570 0.2352262884 0.9570633173 0.1694058627 -0.8901305795 0.1421370506 0.4329718053
168.2 -15.8 1988.9 0.3953239620 -0.2367093116 0.8875176907 0.2155223936 0.9631546140 0.1608829796 -0.8928992748 0.1276790500 0.4317742288
63.5 144.2 2144.1 -0.4088728428 -0.2187838852 0.8859777451 0.6368405223 0.6269640923 0.4487205744 -0.6536490917 0.7476962209 -0.1170181558
201.2 -70.3 2364.4 -0.2239725292 -0.1891425401 0.9560655951 0.8037250638 0.5190060735 0.2909616828 -0.5512370467 0.8335813284 0.0357755050
178.9 207.1 1884.0 -0.2027321309 -0.9754721522 0.0857543424 -0.9255625010 0.1622898728 -0.3420468569 0.3197401166 -0.1487148851 -0.9357618093
134.3 3.4 1954.4 -0.1885273457 -0.9754721522 -0.1136290431 -0.2672072351 0.1622898728 -0.9498748779 0.9450173378 -0.1487148851 -0.2912493050
179.3 -226.8 2045.1 0.3993529677 -0.0596129373 0.9148570895 0.4384714365 0.8887766004 -0.1334878355 -0.8051459789 0.4544474483 0.3810741305
201.6 -559.5 1875.0 0.3993345201 -0.0593462586 0.9148824811 0.4387481213 0.8885828853 -0.1338676959 -0.8050043583 0.4548609555 0.3808798790
241.7 -190.9 1873.5 0.2788230479 0.1632260531 0.9463693500 0.2171121836 0.9492218494 -0.2276844680 -0.9354785085 0.2689519823 0.2292265594
177.1 -566.6 1767.0 0.2852196991 0.0008768603 0.9584617615 0.0035735993 0.9999916553 -0.0019782884 -0.9584555030 0.0039894050 0.2852141857
263.9 -295.2 2518.6 0 0 0 0 0 0 0 0 0
80.6 -72.6 2223.2 0 0 0 0 0 0 0 0 0
222.9 -879.4 1711.2 0 0 0 0 0 0 0 0 0
176.7 -948.5 1765.5 0 0 0 0 0 0 0 0 0
75.4 368.3 2054.7 45 0.4277600050 -0.2393385172 0.8716297746 0.2435419858 0.9591628909 0.1438536346 -0.8704646230 0.1507436186 0.4685805142
123.6 175.1 2024.4 0.4277600050 -0.2393385172 0.8716297746 0.2435419858 0.9591628909 0.1438536346 -0.8704646230 0.1507436186 0.4685805142
169.3 -16.5 1998.1 0.4326584935 -0.2300159335 0.8717220426 0.2234697342 0.9640933871 0.1434755027 -0.8734230995 0.1327275932 0.4685247838
60.5 142.6 2151.7 -0.3750878274 -0.2407415509 0.8951830268 0.6508964896 0.6191886067 0.4392484725 -0.6600325108 0.7474282384 -0.0755522847
186.9 -76.8 2374.2 -0.1922247112 -0.2158263028 0.9573237300 0.8141139746 0.5096380711 0.2783657312 -0.5479672551 0.8328793645 0.0777421668
186.8 207.7 1897.0 -0.2261895388 -0.9668643475 0.1183707044 -0.9274862409 0.1766378731 -0.3294971585 0.2976703048 -0.1843160093 -0.9367070198
137.0 3.7 1962.5 -0.2287024856 -0.9668643475 -0.1134394258 -0.2784915566 0.1766378731 -0.9440559149 0.9328116775 -0.1843160093 -0.3096610606
175.5 -228.4 2051.6 0.4455311000 -0.0412324220 0.8943164349 0.2812341750 0.9548168778 -0.0960836112 -0.8499466777 0.2943205833 0.4369965792
191.2 -591.6 1939.6 0.4455245435 -0.0411048271 0.8943256140 0.2813866138 0.9547505975 -0.0962957814 -0.8498997092 0.2945533991 0.4369311631
251.6 -187.4 1882.2 0.3104475141 0.1811867356 0.9331632853 0.1859585792 0.9511244297 -0.2465393990 -0.9322240949 0.2500672638 0.2615810037
179.7 -564.6 1783.1 0.3157721162 0.0004382719 0.9488349557 0.0017535668 0.9999979138 -0.0010454911 -0.9488334656 0.0019939824 0.3157706857
240.7 -304.7 2527.6 0 0 0 0 0 0 0 0 0
71.9 -75.5 2227.9 0 0 0 0 0 0 0 0 0
206.3 -940.8 1831.9 0 0 0 0 0 0 0 0 0
179.5 -946.6 1782.3 0 0 0 0 0 0 0 0 0
80.6 368.9 2068.7 46 0.4584400356 -0.2238147110 0.8600812554 0.2444798648 0.9621911645 0.1200737506 -0.8544368744 0.1552259326 0.4958251417
125.6 175.1 2037.5 0.4584400356 -0.2238147110 0.8600812554 0.2444798648 0.9621911645 0.1200737506 -0.8544368744 0.1552259326 0.4958251417
169.4 -16.8 2010.1 0.4623070061 -0.2201332748 0.8589607477 0.2276872993 0.9656855464 0.1249394640 -0.8569893241 0.1378140599 0.4965647459
58.1 141.9 2162.5 -0.3453085721 -0.2547560334 0.9032504559 0.6639743447 0.6138674021 0.4269717932 -0.6632496119 0.7471721172 -0.0428222008
174.6 -81.9 2386.1 -0.1635291278 -0.2340604663 0.9583704472 0.8232305050 0.5029532909 0.2633049190 -0.5436448455 0.8320178390 0.1104381979
193.1 208.4 1912.5 -0.2484422028 -0.9581503272 0.1422126144 -0.9276112914 0.1930591315 -0.3197896779 0.2789511383 -0.2113672793 -0.9367551208
138.4 4.3 1973.8 -0.2610703409 -0.9581503272 -0.1174317971 -0.2864191830 0.1930591315 -0.9384520054 0.9218494296 -0.2113672793 -0.3248346448
170.8 -229.4 2061.1 0.4778706431 -0.0249615721 0.8780754805 0.2038398534 0.9754620790 -0.0832047090 -0.8544524312 0.2187478691 0.4712328613
180.5 -607.6 1976.3 0.4778687358 -0.0248997845 0.8780782819 0.2039150596 0.9754370451 -0.0833142847 -0.8544355631 0.2188666761 0.4712083042
254.7 -187.6 1891.9 0.3379637301 0.1692668945 0.9258127213 0.1742287427 0.9554395080 -0.2382849753 -0.9248918295 0.2418348640 0.2934127450
187.5 -566.8 1796.0 0.3431223929 0.0002190961 0.9392907023 0.0008611174 0.9999994636 -0.0005478225 -0.9392902851 0.0009968097 0.3431220055
220.4 -312.5 2538.4 0 0 0 0 0 0 0 0 0
64.2 -77.2 2236.1 0 0 0 0 0 0 0 0 0
189.8 -971.3 1894.7 0 0 0 0 0 0 0 0 0
187.5 -948.9 1795.6 0 0 0 0 0 0 0 0 0
85.8 368.8 2081.3 47 0.4542085826 -0.2250291109 0.8620072603 0.2438678145 0.9620228410 0.1226396859 -0.8568681479 0.1545118243 0.4918363988
131.3 174.3 2050.0 0.4542085826 -0.2250291109 0.8620072603 0.2438678145 0.9620228410 0.1226396859 -0.8568681479 0.1545118243 0.4918363988
175.0 -17.6 2022.7 0.4581609666 -0.2197958380 0.8612655401 0.2267387062 0.9657899737 0.1258541048 -0.8594638705 0.1376207918 0.4923234880
64.4 141.2 2175.4 -0.3486257195 -0.2515815794 0.9028658867 0.6626743674 0.6150656939 0.4272667170 -0.6628143191 0.7472622395 -0.0477110557
182.1 -82.4 2399.1 -0.1662423462 -0.2304750681 0.9587724805 0.8222181201 0.5043466091 0.2638027072 -0.5443536043 0.8321753144 0.1056570187
198.2 207.4 1924.6 -0.2468097210 -0.9592059851 0.1378725618 -0.9273335338 0.1924775392 -0.3209437430 0.2813138068 -0.2070658803 -0.9370092154
143.9 3.4 1986.5 -0.2565994859 -0.9592059851 -0.1186616421 -0.2853222191 0.1924775392 -0.9389055371 0.9234434962 -0.2070658803 -0.3230724037
168.5 -229.9 2065.9 0.4745826125 -0.0662986562 0.8777105808 0.1847708970 0.9824455976 -0.0256966576 -0.8605992198 0.1743705571 0.4785016775
194.5 -614.9 1997.6 0.4773193300 -0.0123721212 0.8786427975 0.1014376730 0.9939921498 -0.0411092751 -0.8728554845 0.1087497324 0.4757066667
255.5 -187.8 1904.3 0.3357789516 0.1443084627 0.9308208823 0.1869383305 0.9583290219 -0.2160082012 -0.9232044816 0.2465371192 0.2948099375
198.2 -568.3 1806.4 0.3417555988 0.0001095380 0.9397888780 0.0004309173 0.9999998808 -0.0002732597 -0.9397887588 0.0004983593 0.3417555094
228.6 -312.7 2551.6 0 0 0 0 0 0 0 0 0
70.9 -77.8 2249.2 0 0 0 0 0 0 0 0 0
199.1 -987.8 1956.8 0 0 0 0 0 0 0 0 0
198.2 -950.4 1806.3 0 0 0 0 0 0 0 0 0
91.6 366.5 2091.0 48 0.4871134460 -0.2193881124 0.8453338742 0.2491165996 0.9626244903 0.1062779203 -0.8370552063 0.1588172913 0.5235605240
136.0 171.6 2058.9 0.4871134460 -0.2193881124 0.8453338742 0.2491165996 0.9626244903 0.1062779203 -0.8370552063 0.1588172913 0.5235605240
178.3 -20.5 2030.5 0.4909691513 -0.2125635147 0.8448467255 0.2318951637 0.9666759968 0.1084536090 -0.8397463560 0.1426685005 0.5239005685
64.4 137.8 2181.4 -0.3168253005 -0.2701461613 0.9091989994 0.6756206155 0.6085106134 0.4162350893 -0.6657015681 0.7461473346 -0.0102752578
171.2 -90.2 2406.0 -0.1367824823 -0.2534120381 0.9576392174 0.8312788606 0.4964145720 0.2500960827 -0.5387634039 0.8302739859 0.1427552402
207.7 205.4 1936.3 -0.2680229247 -0.9488504529 0.1668729633 -0.9276390076 0.2074078321 -0.3105926812 0.2600952387 -0.2380438298 -0.9357807636
148.7 1.3 1993.5 -0.2925300896 -0.9488504529 -0.1187813580 -0.2938765883 0.2074078321 -0.9330694079 0.9099795222 -0.2380438298 -0.3395179510
175.6 -230.5 2076.4 0.5071945786 -0.0504123345 0.8603559136 0.1845293939 0.9814886451 -0.0512731671 -0.8418447375 0.1847664267 0.5071082711
195.5 -617.8 2003.5 0.5127724409 -0.0061381622 0.8585026264 0.0494642183 0.9985245466 -0.0224050358 -0.8570984602 0.0539538488 0.5123195052
260.7 -188.7 1916.6 0.3694327474 0.1254569888 0.9207496643 0.1874959469 0.9604023099 -0.2060889304 -0.9101454616 0.2487728298 0.3312813938
210.9 -570.2 1817.8 0.3760772645 0.0000547665 0.9265882969 0.0002102799 0.9999999404 -0.0001444525 -0.9265882969 0.0002491683 0.3760772347
209.6 -323.1 2556.9 0 0 0 0 0 0 0 0 0
65.5 -82.3 2252.4 0 0 0 0 0 0 0 0 0
197.8 -995.3 1983.1 0 0 0 0 0 0 0 0 0
210.9 -952.3 1817.7 0 0 0 0 0 0 0 0 0
98.2 366.4 2096.4 49 0.5292088389 -0.2341452092 0.8155452609 0.2661504447 0.9584691525 0.1024735346 -0.8056686521 0.1628278196 0.5695481896
145.6 172.4 2063.4 0.5292088389 -0.2341452092 0.8155452609 0.2661504447 0.9584691525 0.1024735346 -0.8056686521 0.1628278196 0.5695481896
189.2 -19.2 2033.9 0.5337756872 -0.2197285891 0.8165799975 0.2468057573 0.9640877247 0.0980904847 -0.8088080287 0.1491783261 0.5688368678
67.7 136.4 2181.4 -0.2820355594 -0.3083307743 0.9085087180 0.6882857680 0.5946689844 0.4154894650 -0.6683701277 0.7424964309 0.0445018746
162.8 -95.8 2406.8 -0.1089314148 -0.2959458530 0.9489731193 0.8412933350 0.4810584188 0.2465934157 -0.5294898152 0.8252265453 0.1965748966
223.5 208.4 1945.5 -0.2810699940 -0.9352658391 0.2151221037 -0.9320107698 0.2125730217 -0.2935448885 0.2288133353 -0.2830027938 -0.9314257503
161.6 3.3 1995.8 -0.3392352760 -0.9352658391 -0.1009815931 -0.3102388978 0.2125730217 -0.9265875816 0.8880716562 -0.2830027938 -0.3622681201
175.0 -233.9 2080.2 0.5520635247 -0.0551400632 0.8319768310 0.1658344567 0.9851377606 -0.0447495691 -0.8171442747 0.1626750380 0.5530027747
196.8 -624.0 2015.8 0.5581660867 -0.0030537946 0.8297236562 0.0239760280 0.9996349812 -0.0124498392 -0.8293827772 0.0268425550 0.5580355525
265.5 -191.4 1925.2 0.4133985043 0.0972676575 0.9053400755 0.1795005351 0.9660613537 -0.1857553571 -0.8926820159 0.2393000126 0.3819087148
226.9 -575.0 1830.2 0.4202110469 0.0000273826 0.9074264169 0.0001015418 1.0000000000 -0.0000771981 -0.9074264169 0.0001245813 0.4202110469
193.4 -331.5 2555.1 0 0 0 0 0 0 0 0 0
65.1 -84.9 2248.5 0 0 0 0 0 0 0 0 0
198.0 -1003.8 2005.6 0 0 0 0 0 0 0 0 0
226.9 -957.2 1830.1 0 0 0 0 0 0 0 0 0
105.0 368.1 2111.1 50 0.5489893556 -0.2273223102 0.8043228984 0.2736084461 0.9581617713 0.0840501189 -0.7897778749 0.1739269048 0.5882179141
150.9 174.6 2076.0 0.5489893556 -0.2273223102 0.8043228984 0.2736084461 0.9581617713 0.0840501189 -0.7897778749 0.1739269048 0.5882179141
193.6 -16.8 2043.8 0.5529714227 -0.2147027999 0.8050622940 0.2562993169 0.9632114172 0.0808359608 -0.7928009033 0.1616369337 0.5876565576
70.2 137.2 2191.6 -0.2618798316 -0.3191487491 0.9108034968 0.7021750808 0.5844321251 0.4066807926 -0.6620945334 0.7460449934 0.0710472986
158.6 -99.7 2415.0 -0.0904086307 -0.3095055223 0.9465900064 0.8512630463 0.4693008661 0.2347507775 -0.5168921351 0.8270205855 0.2210417688
231.7 212.0 1960.3 -0.2937544882 -0.9271869659 0.2324491888 -0.9333806038 0.2257775366 -0.2789716721 0.2061771005 -0.2989127338 -0.9317414761
167.0 6.6 2005.6 -0.3607089520 -0.9271869659 -0.1010612920 -0.3228348196 0.2257775366 -0.9191312194 0.8750238419 -0.2989127338 -0.3807682395
183.8 -233.4 2078.9 0.5726841092 -0.0223873146 0.8194704056 0.1227402836 0.9907006621 -0.0587114356 -0.8105354905 0.1342051327 0.5701063275
192.7 -626.0 2025.7 0.5764157176 -0.0015226825 0.8171551824 0.0118146399 0.9999092817 -0.0064707408 -0.8170711994 0.0133842304 0.5763813853
281.8 -188.2 1930.2 0.4278728068 0.1127747819 0.8967757225 0.1373531371 0.9725487232 -0.1878380924 -0.8933414817 0.2035457790 0.4006371796
237.0 -574.3 1849.4 0.4319620430 0.0000136912 0.9018917680 0.0000502647 1.0000000000 -0.0000392548 -0.9018917680 0.0000622899 0.4319620430
183.9 -338.2 2559.8 0 0 0 0 0 0 0 0 0
64.4 -85.2 2254.6 0 0 0 0 0 0 0 0 0
193.3 -1007.0 2020.6 0 0 0 0 0 0 0 0 0
237.0 -956.4 1849.4 0 0 0 0 0 0 0 0 0
112.4 369.3 2124.9 51 0.5678076744 -0.2253432274 0.7917163968 0.2853215933 0.9560527205 0.0674890950 -0.7721308470 0.1875729561 0.6071493626
157.8 176.4 2087.1 0.5678076744 -0.2253432274 0.7917163968 0.2853215933 0.9560527205 0.0674890950 -0.7721308470 0.1875729561 0.6071493626
199.3 -14.9 2052.6 0.5726620555 -0.2085366696 0.7928244472 0.2638558447 0.9625293016 0.0625894070 -0.7761689425 0.1733487844 0.6062276363
74.2 137.9 2200.3 -0.2403364480 -0.3295249343 0.9130452871 0.7157694697 0.5752007365 0.3960027993 -0.6556771398 0.7487038374 0.0976221785
155.3 -103.6 2421.6 -0.0705484822 -0.3228089511 0.9438312054 0.8606545925 0.4586359859 0.2211938798 -0.5042783022 0.8279175162 0.2454709262
241.4 214.9 1973.8 -0.3074965477 -0.9181451201 0.2499108166 -0.9336223602 0.2403722405 -0.2656510472 0.1838345826 -0.3150091171 -0.9311144352
173.8 9.5 2014.3 -0.3829129934 -0.9181451201 -0.1019175723 -0.3337544203 0.2403722405 -0.9114983082 0.8613858819 -0.3150091171 -0.3984766304
185.5 -231.7 2084.6 0.5915246010 -0.0164107420 0.8061199188 0.1239518672 0.9897587895 -0.0708057284 -0.7967023253 0.1418033987 0.5875008702
192.1 -624.5 2028.4 0.5957893133 -0.0007602399 0.8031404018 0.0058198692 0.9999774098 -0.0033707595 -0.8031196594 0.0066824346 0.5957802534
287.0 -184.7 1939.1 0.4450887740 0.0910630003 0.8908442855 0.1151741818 0.9807321429 -0.1577954143 -0.8880489469 0.1728352308 0.4260247648
250.9 -574.0 1870.5 0.4480684698 0.0000068455 0.8939992189 0.0000247761 1.0000000000 -0.0000200749 -0.8939992189 0.0000311448 0.4480684698
175.1 -344.7 2562.9 0 0 0 0 0 0 0 0 0
64.9 -85.4 2259.3 0 0 0 0 0 0 0 0 0
192.3 -1006.1 2025.8 0 0 0 0 0 0 0 0 0
250.9 -956.2 1870.5 0 0 0 0 0 0 0 0 0
119.9 369.6 2136.8 52 0.5911567807 -0.2134560347 0.7777982950 0.2859760523 0.9571641088 0.0453276597 -0.7541560531 0.1956359446 0.6268773079
163.1 175.6 2097.2 0.5911567807 -0.2134560347 0.7777982950 0.2859760523 0.9571641088 0.0453276597 -0.7541560531 0.1956359446 0.6268773079
203.2 -15.7 2061.5 0.5955062509 -0.2013386935 0.7777114511 0.2658422589 0.9629312754 0.0457298309 -0.7580898404 0.1795161664 0.6269559264
76.2 136.8 2207.8 -0.2147907913 -0.3417012095 0.9149345160 0.7262552381 0.5704746842 0.3835518360 -0.6530070901 0.7468593717 0.1256295741
148.7 -108.3 2428.2 -0.0471963100 -0.3384273350 0.9398081899 0.8672833443 0.4528992176 0.2066443413 -0.4955724776 0.8248328567 0.2721372247
250.1 214.4 1986.5 -0.3233003914 -0.9068115950 0.2704986632 -0.9318510890 0.2553260326 -0.2578024864 0.1647129506 -0.3354121447 -0.9275604486
178.9 9.4 2022.8 -0.4088580906 -0.9068115950 -0.1026047394 -0.3390635550 0.2553260326 -0.9054526687 0.8472726345 -0.3354121447 -0.4118588865
188.2 -230.2 2089.4 0.6132676005 -0.0069712754 0.7898444533 0.1181148589 0.9895271063 -0.0829755142 -0.7809940577 0.1441785544 0.6076683402
191.0 -623.2 2032.2 0.6174272895 -0.0003798387 0.7866278887 0.0028608721 0.9999943376 -0.0017626428 -0.7866227627 0.0033387456 0.6174249053
293.3 -181.9 1947.1 0.4666171372 0.0720692873 0.8815183043 0.0918128565 0.9873431921 -0.1293207109 -0.8796811104 0.1412779689 0.4540943503
264.7 -573.8 1891.0 0.4685955048 0.0000034228 0.8834128380 0.0000121529 1.0000000000 -0.0000103208 -0.8834128380 0.0000155723 0.4685955048
161.9 -351.2 2567.0 0 0 0 0 0 0 0 0 0
62.6 -87.1 2263.8 0 0 0 0 0 0 0 0 0
191.2 -1005.1 2030.9 0 0 0 0 0 0 0 0 0
264.7 -956.0 1891.0 0 0 0 0 0 0 0 0 0
129.2 367.5 2149.8 53 0.5860275626 -0.2020183802 0.7847039700 0.2824063897 0.9586233497 0.0358881988 -0.7594856024 0.2005739361 0.6188309789
170.1 173.1 2109.1 0.5860275626 -0.2020183802 0.7847039700 0.2824063897 0.9586233497 0.0358881988 -0.7594856024 0.2005739361 0.6188309789
208.7 -18.4 2072.7 0.5898543596 -0.1939231306 0.7838786244 0.2638265789 0.9637447000 0.0398953818 -0.7631955147 0.1832755506 0.6196311116
84.0 134.6 2220.5 -0.2165882140 -0.3312672675 0.9183417559 0.7286851406 0.5711558461 0.3778874874 -0.6496980190 0.7510279417 0.1176839173
157.1 -111.4 2439.9 -0.0466408357 -0.3279674351 0.9435369372 0.8684247732 0.4534533918 0.2005454153 -0.4936223924 0.8287444711 0.2636656165
256.2 211.6 1997.7 -0.3272350729 -0.9084239006 0.2601600289 -0.9302518368 0.2613381743 -0.2575537264 0.1659782231 -0.3262949586 -0.9305819869
184.3 7.0 2034.2 -0.4028057158 -0.9084239006 -0.1118641868 -0.3383249044 0.2613381743 -0.9040125012 0.8504609466 -0.3262949586 -0.4126109481
188.6 -231.4 2095.3 0.6064017415 -0.0161858555 0.7949936390 0.1310721934 0.9881510139 -0.0798601806 -0.7842811942 0.1526289135 0.6013380289
195.0 -624.0 2034.7 0.6115881205 -0.0001898483 0.7911762595 0.0014363830 0.9999985695 -0.0008703835 -0.7911750078 0.0016687484 0.6115875244
297.8 -182.7 1956.3 0.4579332471 0.0542671345 0.8873286843 0.0781065300 0.9918190837 -0.1009668186 -0.8855487108 0.1155422330 0.4499483109
276.3 -576.4 1910.5 0.4593361616 0.0000017114 0.8882625103 0.0000061301 1.0000000000 -0.0000050966 -0.8882625103 0.0000077862 0.4593361616
170.2 -354.8 2578.2 0 0 0 0 0 0 0 0 0
69.7 -89.3 2276.2 0 0 0 0 0 0 0 0 0
195.1 -1006.0 2034.1 0 0 0 0 0 0 0 0 0
276.3 -958.6 1910.5 0 0 0 0 0 0 0 0 0
136.7 363.8 2156.3 54 0.6251576543 -0.2061244547 0.7527886033 0.2826694846 0.9588146210 0.0277928859 -0.7275134921 0.1954154223 0.6576753855
178.7 168.5 2116.5 0.6251576543 -0.2061244547 0.7527886033 0.2826694846 0.9588146210 0.0277928859 -0.7275134921 0.1954154223 0.6576753855
217.4 -23.0 2080.1 0.6286469102 -0.1946806908 0.7529292703 0.2659336030 0.9636098742 0.0271179546 -0.7308093905 0.1831815839 0.6575424671
87.0 129.7 2223.1 -0.1785386652 -0.3627903163 0.9146076441 0.7370620966 0.5664712191 0.3685781360 -0.6518154740 0.7399280667 0.1662619710
147.2 -119.0 2443.0 -0.0153696537 -0.3642536998 0.9311729074 0.8737175465 0.4479420185 0.1896460652 -0.4861907661 0.8164969087 0.3113701344
270.4 207.3 2009.9 -0.3426449597 -0.8891807795 0.3032359183 -0.9288966060 0.2723783255 -0.2509206235 0.1405188888 -0.3676514924 -0.9192860126
195.0 2.9 2040.8 -0.4467139244 -0.8891807795 -0.0990164280 -0.3428951800 0.2723783255 -0.8990177512 0.8263592124 -0.3676514924 -0.4265709817
193.2 -234.1 2106.2 0.6451210976 -0.0095376289 0.7640208602 0.1321874261 0.9862378836 -0.0993042663 -0.7525591850 0.1650572270 0.6375035644
196.9 -625.9 2040.7 0.6507847309 -0.0000949063 0.7592623234 0.0006951533 0.9999996424 -0.0004708371 -0.7592619658 0.0008342173 0.6507845521
301.3 -185.7 1966.3 0.5002014041 0.0325881951 0.8652956486 0.0572792813 0.9958575964 -0.0706167594 -0.8640125394 0.0848861188 0.4962627292
288.4 -581.0 1932.6 0.5010238290 0.0000008557 0.8654334545 0.0000029405 1.0000000000 -0.0000026911 -0.8654334545 0.0000038931 0.5010238290
151.5 -363.8 2579.2 0 0 0 0 0 0 0 0 0
68.0 -94.6 2275.9 0 0 0 0 0 0 0 0 0
197.0 -1008.0 2040.4 0 0 0 0 0 0 0 0 0
288.4 -963.1 1932.6 0 0 0 0 0 0 0 0 0
146.3 361.0 2171.5 55 0.6176388264 -0.2017744631 0.7601377368 0.2862510979 0.9579092860 0.0216826964 -0.7325179577 0.2041981667 0.6494001150
187.3 166.2 2130.0 0.6176388264 -0.2017744631 0.7601377368 0.2862510979 0.9579092860 0.0216826964 -0.7325179577 0.2041981667 0.6494001150
225.5 -25.1 2091.7 0.6207557321 -0.1922108382 0.7600771785 0.2710598409 0.9623115659 0.0219777357 -0.7356554270 0.1923835874 0.6494610310
96.7 126.6 2237.4 -0.1852341443 -0.3544828892 0.9165316224 0.7416977286 0.5614026189 0.3670308292 -0.6446493864 0.7477760315 0.1589282006
159.2 -123.7 2454.9 -0.0201248229 -0.3551857471 0.9345790744 0.8771229386 0.4423616827 0.1870066375 -0.4798440635 0.8235042691 0.3026390970
277.9 205.7 2022.6 -0.3415316045 -0.8930127025 0.2930605114 -0.9297708273 0.2754294574 -0.2442639023 0.1374132782 -0.3559029400 -0.9243650436
202.8 1.2 2052.9 -0.4378268719 -0.8930127025 -0.1040957049 -0.3487947881 0.2754294574 -0.8958129287 0.8286433816 -0.3559029400 -0.4320685863
198.5 -238.8 2110.6 0.6370034218 -0.0014658672 0.7708595991 0.1204003841 0.9879145026 -0.0976148024 -0.7614002824 0.1549927592 0.6294814348
199.1 -631.4 2049.1 0.6416498423 -0.0000474487 0.7669976950 0.0003503367 0.9999999404 -0.0002312194 -0.7669976354 0.0004170693 0.6416497827
313.6 -190.1 1976.8 0.4889944792 0.0465062633 0.8710462451 0.0196252000 0.9977384210 -0.0642878637 -0.8720660806 0.0485308655 0.4869758785
295.2 -586.1 1957.5 0.4890886545 0.0000004278 0.8722341061 0.0000014886 1.0000000000 -0.0000013252 -0.8722341061 0.0000019465 0.4890886545
164.9 -369.6 2589.4 0 0 0 0 0 0 0 0 0
78.2 -98.1 2288.6 0 0 0 0 0 0 0 0 0
199.1 -1013.5 2048.9 0 0 0 0 0 0 0 0 0
295.2 -968.3 1957.5 0 0 0 0 0 0 0 0 0
155.7 360.4 2192.1 56 0.5936994553 -0.1963966936 0.7803520560 0.2943557501 0.9555527568 0.0165419653 -0.7489163280 0.2198801637 0.6251215935
195.6 166.2 2147.4 0.5936994553 -0.1963966936 0.7803520560 0.2943557501 0.9555527568 0.0165419653 -0.7489163280 0.2198801637 0.6251215935
233.8 -24.6 2107.2 0.5969672799 -0.1923044473 0.7788767815 0.2782496810 0.9602135420 0.0238129776 -0.7524673939 0.2025066465 0.6267247200
108.5 125.5 2257.3 -0.2087698877 -0.3355584145 0.9185944200 0.7434340119 0.5558100939 0.3719959557 -0.6353904009 0.7605758905 0.1334291399
179.0 -125.4 2471.7 -0.0396472812 -0.3332959712 0.9419882894 0.8791493177 0.4364135265 0.1914150715 -0.4748943150 0.8357374072 0.2757143080
282.7 206.8 2037.6 -0.3315997124 -0.9048566222 0.2669759393 -0.9325001240 0.2714317143 -0.2382611483 0.1431264430 -0.3279623985 -0.9337855577
209.8 1.6 2069.1 -0.4108854234 -0.9048566222 -0.1113898605 -0.3552554846 0.2714317143 -0.8944933414 0.8396229744 -0.3279623985 -0.4329825938
206.8 -241.1 2120.9 0.6132758856 0.0216950309 0.7895708084 0.1183563173 0.9858127236 -0.1190169528 -0.7809510231 0.1664409190 0.6020074487
198.2 -632.7 2054.8 0.6176066399 -0.0000237232 0.7864871025 0.0001786537 1.0000000000 -0.0001101283 -0.7864871025 0.0002085248 0.6176066399
320.6 -191.4 1986.1 0.4606362283 0.0471599847 0.8863352537 -0.0209666323 0.9988869429 -0.0422520749 -0.8873413801 0.0008793696 0.4611122906
301.9 -587.7 1985.8 0.4607374966 0.0000002139 0.8875364661 0.0000007652 1.0000000000 -0.0000006383 -0.8875364661 0.0000009733 0.4607374966
190.1 -371.7 2604.8 0 0 0 0 0 0 0 0 0
92.9 -99.4 2308.0 0 0 0 0 0 0 0 0 0
198.2 -1014.9 2054.7 0 0 0 0 0 0 0 0 0
301.9 -969.9 1985.8 0 0 0 0 0 0 0 0 0
162.1 360.1 2203.0 57 0.5992507935 -0.2167807668 0.7706520557 0.3050716817 0.9518399835 0.0305275973 -0.7401552200 0.2168104500 0.6365244985
206.0 167.2 2159.0 0.5992507935 -0.2167807668 0.7706520557 0.3050716817 0.9518399835 0.0305275973 -0.7401552200 0.2168104500 0.6365244985
247.3 -22.9 2118.7 0.6028845310 -0.2080161572 0.7702333927 0.2887444496 0.9568575025 0.0324087068 -0.7437451482 0.2028619051 0.6369380951
118.0 125.1 2267.6 -0.2105983496 -0.3530522287 0.9115933776 0.7424008846 0.5489147305 0.3841010332 -0.6359947324 0.7576587200 0.1465057433
189.1 -125.6 2482.3 -0.0454643033 -0.3501385152 0.9355939627 0.8799141049 0.4293718636 0.2034475803 -0.4729525447 0.8324919343 0.2885707319
294.0 209.4 2050.5 -0.3206837475 -0.9041188955 0.2823667228 -0.9373770952 0.2601402700 -0.2316273302 0.1359636933 -0.3389632404 -0.9309231043
223.4 3.2 2080.4 -0.4169225097 -0.9041188955 -0.0935128108 -0.3634889722 0.2601402700 -0.8945405483 0.8330974579 -0.3389632404 -0.4370955825
217.3 -240.9 2135.9 0.6212899089 0.0538161732 0.7817305923 0.1142733470 0.9807502031 -0.1583372802 -0.7752035260 0.1877043247 0.6031804085
195.9 -630.3 2061.4 0.6253815889 -0.0000118613 0.7803190947 0.0000887739 1.0000000000 -0.0000559466 -0.7803190947 0.0001042600 0.6253815889
326.7 -189.9 1998.0 0.4710753560 0.0371220447 0.8813114762 -0.0499380641 0.9986340404 -0.0153711224 -0.8806782365 -0.0367700309 0.4722856879
312.0 -586.2 2012.6 0.4716638625 0.0000001070 0.8817784190 0.0000003787 1.0000000000 -0.0000003238 -0.8817784190 0.0000004866 0.4716638625
201.8 -372.2 2614.9 0 0 0 0 0 0 0 0 0
104.8 -100.2 2317.4 0 0 0 0 0 0 0 0 0
195.9 -1012.5 2061.3 0 0 0 0 0 0 0 0 0
312.0 -968.3 2012.6 0 0 0 0 0 0 0 0 0
172.1 357.6 2214.4 58 0.5983812809 -0.2300635129 0.7674702406 0.3047733605 0.9512383938 0.0475257188 -0.7409811020 0.2054659724 0.6393204927
218.6 165.3 2172.8 0.5983812809 -0.2300635129 0.7674702406 0.3047733605 0.9512383938 0.0475257188 -0.7409811020 0.2054659724 0.6393204927
262.9 -24.6 2134.8 0.6020928621 -0.2227525860 0.7667238712 0.2891408801 0.9559446573 0.0506694354 -0.7442322969 0.1911835074 0.6399743557
130.7 123.1 2281.5 -0.2182970643 -0.3644837737 0.9052612782 0.7320514917 0.5522605777 0.3988845050 -0.6453270316 0.7497732043 0.1462640315
204.4 -124.0 2499.3 -0.0559083037 -0.3602006137 0.9311980605 0.8737728596 0.4336301982 0.2201948762 -0.4831099212 0.8259662986 0.2904900014
306.5 207.6 2064.2 -0.3077386618 -0.9062006474 0.2899954319 -0.9403522015 0.2432127893 -0.2378766239 0.1450333595 -0.3459016681 -0.9269937277
238.8 0.7 2096.1 -0.4154869616 -0.9062006474 -0.0785558224 -0.3601812422 0.2432127893 -0.9006203413 0.8352485299 -0.3459016681 -0.4274482131
233.4 -239.5 2146.6 0.6205317974 0.1015214920 0.7775819302 0.0778312981 0.9787149429 -0.1898930371 -0.7803093195 0.1783548743 0.5994221568
193.1 -627.8 2075.8 0.6224181652 -0.0000059306 0.7826848626 0.0000444922 1.0000000000 -0.0000278045 -0.7826848626 0.0000521294 0.6224181652
343.9 -186.5 2010.2 0.4741927385 0.0604066588 0.8783463240 -0.0920177326 0.9955800176 -0.0187915936 -0.8755992055 -0.0719126016 0.4776552916
319.9 -581.5 2038.8 0.4762131274 0.0000000535 0.8793298602 0.0000001885 1.0000000000 -0.0000001629 -0.8793298602 0.0000002433 0.4762131274
220.1 -368.9 2634.8 0 0 0 0 0 0 0 0 0
120.6 -101.8 2333.7 0 0 0 0 0 0 0 0 0
193.1 -1010.0 2075.8 0 0 0 0 0 0 0 0 0
319.9 -963.7 2038.8 0 0 0 0 0 0 0 0 0
180.6 352.7 2220.6 59 0.6015982628 -0.2428211123 0.7609976530 0.2967267334 0.9524421692 0.0693336949 -0.7416419387 0.1840973198 0.6450390816
229.7 160.2 2183.4 0.6015982628 -0.2428211123 0.7609976530 0.2967267334 0.9524421692 0.0693336949 -0.7416419387 0.1840973198 0.6450390816
276.0 -30.0 2149.3 0.6056880355 -0.2326072007 0.7609440684 0.2802978456 0.9573902488 0.0695488974 -0.7446980476 0.1711660624 0.6450790763
141.3 119.3 2292.1 -0.2192669064 -0.3754494488 0.9005330205 0.7177255750 0.5631539822 0.4095456004 -0.6609024405 0.7361353636 0.1459886283
215.3 -123.0 2515.2 -0.0594197400 -0.3707775474 0.9268189073 0.8639259934 0.4460444450 0.2338294089 -0.5001011491 0.8145970702 0.2938205302
318.1 201.2 2074.7 -0.3007578850 -0.9053885937 0.2996935546 -0.9401169419 0.2286074609 -0.2528215945 0.1603896022 -0.3577850759 -0.9199266434
252.0 -5.7 2109.9 -0.4192309380 -0.9053885937 -0.0672082528 -0.3479512930 0.2286074609 -0.9092131257 0.8385555148 -0.3577850759 -0.4108704627
251.9 -241.0 2165.1 0.6252738237 0.1674742699 0.7622237206 0.0611322857 0.9631898999 -0.2617787123 -0.7780073881 0.2102798671 0.5920193791
185.6 -622.4 2081.8 0.6264448166 -0.0000029653 0.7794657350 0.0000221740 1.0000000000 -0.0000140167 -0.7794657350 0.0000260645 0.6264448166
368.5 -193.7 2037.8 0.4812665880 0.0098420689 0.8765190244 -0.1337794811 0.9890478849 0.0623481236 -0.8663056493 -0.1472663283 0.4773123860
364.6 -584.8 2096.1 0.4808335900 -0.0204899069 0.8765724301 -0.0878568664 0.9935696721 0.0714175776 -0.8723991513 -0.1113528758 0.4759414792
232.0 -365.2 2655.3 0 0 0 0 0 0 0 0 0
132.7 -104.6 2348.5 0 0 0 0 0 0 0 0 0
185.6 -1004.6 2081.8 0 0 0 0 0 0 0 0 0
372.4 -962.1 2138.4 0 0 0 0 0 0 0 0 0
192.2 350.6 2237.2 60 0.6004276276 -0.2339701951 0.7646859288 0.2929927409 0.9541106224 0.0618718304 -0.7440711856 0.1868978888 0.6414259672
239.4 157.9 2199.4 0.6004276276 -0.2339701951 0.7646859288 0.2929927409 0.9541106224 0.0618718304 -0.7440711856 0.1868978888 0.6414259672
285.0 -32.5 2165.5 0.6042219400 -0.2292727977 0.7631184459 0.2773281932 0.9583414197 0.0683430433 -0.7469972372 0.1703398973 0.6426347494
151.2 117.4 2308.5 -0.2192472816 -0.3715348244 0.9021599293 0.7172940969 0.5654179454 0.4071753323 -0.6613772511 0.7363860607 0.1425333917
225.2 -124.8 2531.8 -0.0584850535 -0.3669563532 0.9283978343 0.8632953167 0.4484111369 0.2316218168 -0.5012990236 0.8150278926 0.2905663550
327.6 198.4 2090.4 -0.3030205667 -0.9058066607 0.2961297333 -0.9389721751 0.2306946069 -0.2551691532 0.1628183872 -0.3553790748 -0.9204324484
261.0 -8.1 2126.2 -0.4176772833 -0.9058066607 -0.0711334124 -0.3453791440 0.2306946069 -0.9096665382 0.8403921127 -0.3553790748 -0.4092026353
266.6 -245.9 2183.6 0.6241225004 0.2139322907 0.7514679432 0.0633060038 0.9447765350 -0.3215425313 -0.7787576318 0.2482543588 0.5761131048
181.9 -619.9 2085.3 0.6253765225 -0.0000014826 0.7803231478 0.0000110966 1.0000000000 -0.0000069931 -0.7803231478 0.0000130322 0.6253765225
380.8 -197.3 2051.7 0.4784083962 0.0596880093 0.8761066198 -0.1312439591 0.9913415313 0.0041285064 -0.8682743907 -0.1169588119 0.4820997715
357.2 -589.7 2097.9 0.4917603731 -0.1626858413 0.8553975821 -0.2007969022 0.9347240329 0.2932090461 -0.8472616673 -0.3159497678 0.4269934297
241.6 -366.8 2672.3 0 0 0 0 0 0 0 0 0
142.1 -106.4 2365.3 0 0 0 0 0 0 0 0 0
181.9 -1002.1 2085.3 0 0 0 0 0 0 0 0 0
417.1 -934.1 2214.4 0 0 0 0 0 0 0 0 0
202.4 346.0 2245.5 61 0.6033469439 -0.2537391484 0.7560350299 0.2915965617 0.9525771141 0.0869962499 -0.7422559857 0.1679682881 0.6487239003
253.3 154.9 2211.8 0.6033469439 -0.2537391484 0.7560350299 0.2915965617 0.9525771141 0.0869962499 -0.7422559857 0.1679682881 0.6487239003
301.7 -35.2 2180.5 0.6072961092 -0.2432574630 0.7563182116 0.2764214575 0.9571891427 0.0859079361 -0.7448373437 0.1568910331 0.6485387683
164.6 114.5 2320.5 -0.2225085050 -0.3855211139 0.8954682946 0.7065137029 0.5691573620 0.4205927551 -0.6718097329 0.7262461185 0.1457335949
239.8 -124.0 2547.3 -0.0651215315 -0.3801401556 0.9226335287 0.8564749360 0.4531672597 0.2471642494 -0.5120643377 0.8063082099 0.2960695624
342.0 195.3 2103.0 -0.2922357321 -0.9054794908 0.3077419698 -0.9408858418 0.2145918012 -0.2620766163 0.1712660939 -0.3661382198 -0.9146642685
277.7 -11.7 2140.7 -0.4207343161 -0.9054794908 -0.0555830970 -0.3409151435 0.2145918012 -0.9152743816 0.8406898975 -0.3661382198 -0.3989778161
275.1 -248.3 2200.2 0.6302613020 0.2199242264 0.7445831299 0.0622946769 0.9416238070 -0.3308533430 -0.7738798857 0.2549076080 0.5797689557
187.9 -621.8 2099.1 0.6314876080 -0.0000007413 0.7753859758 0.0000055206 1.0000000000 -0.0000035400 -0.7753859758 0.0000065161 0.6314876080
387.5 -198.9 2065.5 0.4876257181 0.0745705068 0.8698623180 -0.1398137212 0.9901564717 -0.0065064393 -0.8617849350 -0.1184459701 0.4932517111
357.9 -591.5 2112.5 0.5131785870 -0.2079426050 0.8327109814 -0.2384617925 0.8974645138 0.3710706234 -0.8244899511 -0.3889952600 0.4109732211
258.0 -364.1 2690.9 0 0 0 0 0 0 0 0 0
158.0 -108.7 2379.9 0 0 0 0 0 0 0 0 0
187.9 -1004.0 2099.1 0 0 0 0 0 0 0 0 0
435.7 -927.0 2257.8 0 0 0 0 0 0 0 0 0
210.8 344.1 2256.6 62 0.6134588122 -0.2559129298 0.7471123338 0.2824088037 0.9545699358 0.0950869396 -0.7375049591 0.1526591778 0.6578614116
262.2 152.2 2225.9 0.6134588122 -0.2559129298 0.7471123338 0.2824088037 0.9545699358 0.0950869396 -0.7375049591 0.1526591778 0.6578614116
311.9 -38.0 2197.2 0.6161584258 -0.2499181777 0.7469201088 0.2722042501 0.9574573636 0.0958135352 -0.7390897274 0.1442785114 0.6579742432
172.3 112.4 2333.8 -0.2165929228 -0.3981464505 0.8913848400 0.6989637017 0.5742025375 0.4263111651 -0.6815696955 0.7153816223 0.1539217234
245.4 -123.6 2563.9 -0.0621196888 -0.3933188915 0.9173011184 0.8512119055 0.4590095282 0.2544574738 -0.5211328864 0.7966244221 0.3062841892
352.2 192.0 2118.0 -0.2901048362 -0.9013684392 0.3215183914 -0.9406077266 0.2066561729 -0.2693516314 0.1763413101 -0.3805629015 -0.9077861309
288.3 -15.0 2156.8 -0.4306282401 -0.9013684392 -0.0457626842 -0.3348655999 0.2066561729 -0.9193248749 0.8381075859 -0.3805629015 -0.3908292651
295.5 -252.0 2227.6 0.6533994079 0.1800907254 0.7352799177 0.1196075678 0.9345307350 -0.3351809978 -0.7475046515 0.3069521189 0.5890816450
224.1 -622.2 2106.0 0.6516888142 0.0711524189 0.7551417351 0.0926675797 0.9806629419 -0.1723742336 -0.7528043389 0.1823115200 0.6324935555
406.5 -200.8 2082.2 0.4997781813 0.1090897098 0.8592562079 -0.1489933878 0.9880772829 -0.0387840346 -0.8532424569 -0.1086400747 0.5100731254
363.2 -592.8 2125.3 0.5380795002 -0.2229533195 0.8128728271 -0.2779940367 0.8634829521 0.4208521545 -0.7957322001 -0.4524257481 0.4026427865
262.8 -362.2 2710.0 0 0 0 0 0 0 0 0 0
165.8 -110.2 2395.2 0 0 0 0 0 0 0 0 0
197.4 -989.8 2037.6 0 0 0 0 0 0 0 0 0
447.2 -918.3 2295.9 0 0 0 0 0 0 0 0 0
225.4 340.9 2275.2 63 0.6044222713 -0.2524980903 0.7555914521 0.2756959200 0.9561356902 0.0989763513 -0.7474392653 0.1484899670 0.6475223899
276.0 149.1 2245.4 0.6044222713 -0.2524980903 0.7555914521 0.2756959200 0.9561356902 0.0989763513 -0.7474392653 0.1484899670 0.6475223899
325.0 -41.5 2218.3 0.6078475118 -0.2463220060 0.7548820376 0.2625414431 0.9595462084 0.1017009020 -0.7493953705 0.1363691688 0.6479275227
187.3 110.8 2354.8 -0.2234450579 -0.3884713352 0.8939588070 0.6916574836 0.5830354691 0.4262388945 -0.6867912412 0.7135542631 0.1384127289
262.7 -122.8 2586.7 -0.0667898431 -0.3828828931 0.9213792682 0.8453960419 0.4687549472 0.2560749054 -0.5299478173 0.7960336208 0.2923796177
364.8 187.4 2136.0 -0.2898136079 -0.9054299593 0.3101687133 -0.9379468560 0.2042092085 -0.2802753150 0.1904303581 -0.3721493781 -0.9084278345
301.0 -18.9 2177.9 -0.4212742746 -0.9054299593 -0.0521972217 -0.3244636953 0.2042092085 -0.9235918522 0.8469069004 -0.3721493781 -0.3798072338
305.6 -253.8 2241.3 0.6411969662 0.2289627492 0.7324223518 0.0941010565 0.9237862825 -0.3711655736 -0.7615848184 0.3069119453 0.5707833171
214.9 -620.0 2119.6 0.6402392387 0.0354004242 0.7673594356 0.0471055917 0.9952483773 -0.0852156878 -0.7667298913 0.0907053500 0.6355295181
418.4 -203.6 2101.4 0.4894337952 0.1252144277 0.8630040288 -0.1585429311 0.9859213233 -0.0531345196 -0.8575072289 -0.1108173579 0.5023950934
368.7 -595.1 2145.4 0.5284835100 -0.2234653831 0.8190044761 -0.2894071341 0.8595213890 0.4212677479 -0.7980906367 -0.4596588314 0.3895704150
281.5 -359.8 2735.3 0 0 0 0 0 0 0 0 0
181.2 -111.2 2418.8 0 0 0 0 0 0 0 0 0
201.5 -994.8 2085.5 0 0 0 0 0 0 0 0 0
453.5 -921.3 2319.8 0 0 0 0 0 0 0 0 0
235.3 339.5 2294.0 64 0.5734700561 -0.2492718846 0.7803817391 0.2681927085 0.9572162032 0.1086732224 -0.7740831971 0.1469718367 0.6157876849
285.3 147.4 2264.5 0.5734700561 -0.2492718846 0.7803817391 0.2681927085 0.9572162032 0.1086732224 -0.7740831971 0.1469718367 0.6157876849
333.3 -43.7 2238.1 0.5775802135 -0.2410582304 0.7799307704 0.2521100938 0.9613760710 0.1104377583 -0.7764286995 0.1328417659 0.6160450578
201.0 110.6 2377.8 -0.2508289516 -0.3599877357 0.8986065388 0.6824749112 0.5925707817 0.4278877079 -0.6865223050 0.7206030488 0.0970486999
285.7 -119.8 2609.5 -0.0882207304 -0.3510676324 0.9321848750 0.8382334113 0.4794047177 0.2598766088 -0.5381280780 0.8043150306 0.2519831955
369.6 184.2 2151.2 -0.2817127109 -0.9195379019 0.2740218341 -0.9351875186 0.1992588043 -0.2927802205 0.2146212608 -0.3387416899 -0.9160740972
307.7 -21.6 2198.4 -0.3872676492 -0.9195379019 -0.0668863803 -0.3127245307 0.1992588043 -0.9287084341 0.8673102856 -0.3387416899 -0.3647285402
318.5 -256.6 2262.4 0.6165897846 0.2553094923 0.7447375655 0.1061618403 0.9103544950 -0.3999804258 -0.7800940275 0.3256865442 0.5342111588
217.2 -617.7 2133.2 0.6172165871 0.0175921544 0.7865965962 0.0246186387 0.9988286495 -0.0416561440 -0.7864080071 0.0450758003 0.6160605550
429.9 -208.3 2122.8 0.4569980502 0.1320120096 0.8796167374 -0.1557513475 0.9855223298 -0.0669868067 -0.8757250309 -0.1063886583 0.4709428251
377.5 -599.8 2165.0 0.5013253689 -0.2042247355 0.8408122063 -0.3141899407 0.8624522090 0.3968133330 -0.8061994314 -0.4631073177 0.3682038188
310.4 -354.7 2760.3 0 0 0 0 0 0 0 0 0
197.5 -110.5 2445.1 0 0 0 0 0 0 0 0 0
210.6 -996.2 2116.1 0 0 0 0 0 0 0 0 0
455.2 -928.2 2341.4 0 0 0 0 0 0 0 0 0
244.8 337.8 2301.9 65 0.5983229280 -0.2546854615 0.7597005963 0.2692565322 0.9569100738 0.1087385267 -0.7546592355 0.1394935995 0.6411169171
296.0 145.7 2273.9 0.5983229280 -0.2546854615 0.7597005963 0.2692565322 0.9569100738 0.1087385267 -0.7546592355 0.1394935995 0.6411169171
344.8 -45.2 2248.4 0.6020026207 -0.2458504438 0.7597041726 0.2551586926 0.9607668519 0.1087248847 -0.7566286325 0.1283924580 0.6411150098
208.1 108.4 2384.3 -0.2290748656 -0.3833104074 0.8947613239 0.6847696900 0.5898385048 0.4279965460 -0.6918202043 0.7107486725 0.1273621768
285.4 -122.7 2617.8 -0.0714117438 -0.3770130873 0.9234508872 0.8400925994 0.4763710499 0.2594513893 -0.5377218127 0.7943121195 0.2827074230
383.8 182.9 2163.5 -0.2878090143 -0.9083414674 0.3034498394 -0.9360945225 0.1999184787 -0.2894125581 0.2022202015 -0.3673532903 -0.9078317881
320.5 -23.0 2208.0 -0.4146600664 -0.9083414674 -0.0545240007 -0.3159823120 0.1999184787 -0.9274631143 0.8533535004 -0.3673532903 -0.3699180186
328.4 -257.9 2284.1 0.6391533017 0.2585518360 0.7243162394 0.1018247157 0.9050567150 -0.4129214287 -0.7623088360 0.3376733661 0.5521429777
