330.4 535.7 2586.8 4 0.1753952056 0.0709836632 -0.9819357395 -0.0326029025 0.9972690344 0.0662685037 0.9839581251 0.0203907788 0.1772304773
315.9 332.3 2582.6 0.1753952056 0.0709836632 -0.9819357395 -0.0326029025 0.9972690344 0.0662685037 0.9839581251 0.0203907788 0.1772304773
304.7 133.9 2579.5 0.1758524626 0.0557334125 -0.9828375578 -0.0254019275 0.9983205199 0.0520664044 0.9840887189 0.0158099644 0.1769728512
291.2 335.8 2444.5 0.0371633098 0.1199506819 -0.9920840263 0.9845082164 0.1658385843 0.0569306947 0.1713546813 -0.9788306355 -0.1119293198
280.5 51.0 2394.9 -0.3489531875 0.1420882940 -0.9263058901 0.9357088208 0.1074363664 -0.3360154927 0.0517750718 -0.9840062857 -0.1704435349
340.6 328.7 2720.8 -0.5359720588 0.1106783524 -0.8369493484 -0.7718511820 0.3373899460 0.5389004946 0.3420229256 0.9348359704 -0.0954043567
190.0 111.8 2816.9 0.1581737548 0.1106783524 -0.9811887741 -0.9346056581 0.3373899460 -0.1126065925 0.3185800910 0.9348359704 0.1568068564
272.0 -51.9 2478.8 -0.5131042600 -0.0495195426 -0.8568966389 0.0745514780 0.9919902682 -0.1019674763 0.8550825119 -0.1162028611 -0.5053027272
291.6 -446.0 2525.0 -0.5135368705 0.0216123182 -0.8577952981 0.1742256880 0.9814851880 -0.0795750991 0.8401935697 -0.1903147250 -0.5077942610
314.2 -61.2 2657.2 -0.6899544001 -0.2027806789 -0.6948689818 -0.0164093133 0.9640938640 -0.2650541663 0.7236668468 -0.1714729667 -0.6685082912
394.1 -441.0 2724.7 -0.6897708774 -0.0468078107 -0.7225130796 -0.0204458348 0.9987693429 -0.0451857075 0.7237389684 -0.0163953993 -0.6898790002
378.3 -211.5 2380.4 0 0 0 0 0 0 0 0 0
234.3 -149.7 2906.1 0 0 0 0 0 0 0 0 0
284.9 -751.8 2584.3 0 0 0 0 0 0 0 0 0
408.8 -753.8 2729.8 0 0 0 0 0 0 0 0 0
335.4 535.3 2593.8 5 0.1533471793 0.1081571877 -0.9822355509 -0.0652561709 0.9929307699 0.0991470441 0.9860153794 0.0488930121 0.1593210548
313.6 335.4 2584.0 0.1533471793 0.1081571877 -0.9822355509 -0.0652561709 0.9929307699 0.0991470441 0.9860153794 0.0488930121 0.1593210548
298.4 137.6 2575.3 0.1543437839 0.0764690116 -0.9850535393 -0.0545193255 0.9961405396 0.0687872842 0.9865118265 0.0430875644 0.1579171270
292.0 343.1 2445.3 0.0371041521 0.1435109377 -0.9889529347 0.9827997088 0.1739164889 0.0621110126 0.1809088290 -0.9742472172 -0.1345894784
280.9 49.4 2391.3 -0.3480274379 0.1666892469 -0.9225462675 0.9362257719 0.1127723232 -0.3328118622 0.0485615283 -0.9795392156 -0.1953066289
335.3 327.8 2722.6 -0.5594286919 0.0984340087 -0.8230129480 -0.7683383822 0.3109189570 0.5594511032 0.3109593391 0.9453254342 -0.0983063579
178.1 112.0 2809.9 0.1321183890 0.0984340087 -0.9863343835 -0.9456127286 0.3109189570 -0.0956347361 0.2972563505 0.9453254342 0.1341585666
277.5 -62.2 2486.2 -0.5296350718 -0.0430833027 -0.8471307755 0.0688753352 0.9932270050 -0.0935750380 0.8454246521 -0.1079070345 -0.5230804682
294.6 -456.9 2529.1 -0.5281367302 0.0408577956 -0.8481758237 0.1626249850 0.9852199554 -0.0538028963 0.8334414959 -0.1663498580 -0.5269753337
311.2 -67.1 2666.3 -0.6947241426 -0.2494889647 -0.6746211052 -0.0679578260 0.9564881921 -0.2837464213 0.7160587311 -0.1512796879 -0.6814501882
409.8 -445.2 2726.1 -0.6950707436 -0.1339965016 -0.7063438296 -0.0654136166 0.9901895523 -0.1234736368 0.7159593105 -0.0396184102 -0.6970169544
378.4 -213.0 2377.7 0 0 0 0 0 0 0 0 0
215.1 -152.6 2893.1 0 0 0 0 0 0 0 0 0
282.6 -745.5 2577.8 0 0 0 0 0 0 0 0 0
450.8 -748.0 2738.2 0 0 0 0 0 0 0 0 0
338.3 531.0 2587.8 6 0.0917683542 0.1306609958 -0.9871708155 -0.0670003071 0.9899176359 0.1247961372 0.9935237765 0.0546884127 0.0995974392
312.2 333.1 2576.9 0.0917683542 0.1306609958 -0.9871708155 -0.0670003071 0.9899176359 0.1247961372 0.9935237765 0.0546884127 0.0995974392
295.6 135.4 2565.2 0.0918800607 0.0843177587 -0.9921938181 -0.0659690797 0.9947349429 0.0784247816 0.9935824871 0.0582484417 0.0969586745
299.4 342.3 2437.4 0.0455225594 0.2048465312 -0.9777349234 0.9845056534 0.1567145735 0.0786712766 0.1693408489 -0.9661668539 -0.1945385188
285.8 50.2 2387.2 -0.3161448240 0.2224671692 -0.9222585559 0.9482308626 0.1050194949 -0.2997151613 0.0301783439 -0.9692673683 -0.2441515923
325.1 323.9 2716.3 -0.5853464007 0.0426345952 -0.8096615672 -0.7655150890 0.2999490499 0.5692251325 0.2671259046 0.9530020356 -0.1429366767
160.8 109.0 2791.3 0.1033108458 0.0426345952 -0.9937349558 -0.9500795603 0.2999490499 -0.0859035030 0.2944073975 0.9530020356 0.0714942440
269.1 -55.3 2476.4 -0.5805596709 -0.0746317133 -0.8107900620 0.0658515990 0.9882243276 -0.1381167173 0.8115503788 -0.1335768253 -0.5688086152
298.7 -447.9 2529.4 -0.5775719881 0.0588388592 -0.8142165542 0.1642347127 0.9853808880 -0.0452934541 0.7996484041 -0.1598828435 -0.5787917376
298.1 -65.4 2657.0 -0.7296355963 -0.2892836928 -0.6196344495 -0.1005254984 0.9416449070 -0.3212467134 0.6764070392 -0.1721039861 -0.7161380649
412.7 -438.3 2725.2 -0.7240625620 -0.2315019965 -0.6497231722 -0.1248788312 0.9704228640 -0.2066029757 0.6783351898 -0.0684568211 -0.7315565944
376.4 -221.4 2378.5 0 0 0 0 0 0 0 0 0
189.7 -156.8 2873.7 0 0 0 0 0 0 0 0 0
281.1 -742.8 2577.3 0 0 0 0 0 0 0 0 0
486.4 -747.3 2747.0 0 0 0 0 0 0 0 0 0
342.9 531.9 2585.3 7 0.0993131772 0.1192704663 -0.9878823161 -0.0773819089 0.9907096028 0.1118324995 0.9920427799 0.0653377771 0.1076198891
319.1 335.0 2572.3 0.0993131772 0.1192704663 -0.9878823161 -0.0773819089 0.9907096028 0.1118324995 0.9920427799 0.0653377771 0.1076198891
302.6 137.4 2559.0 0.0995846614 0.0835170895 -0.9915179014 -0.0747244358 0.9942851663 0.0762451068 0.9922193289 0.0664977729 0.1052563190
305.2 345.4 2432.9 0.0265275612 0.1962229908 -0.9802004099 0.9889250398 0.1380840242 0.0544062555 0.1460257769 -0.9707880020 -0.1903868020
297.0 41.3 2387.9 -0.2768242955 0.2088350356 -0.9379532337 0.9603014588 0.0951559022 -0.2622336149 0.0344882160 -0.9733104706 -0.2268860489
333.1 324.5 2711.7 -0.5826398730 0.0494624898 -0.8112239242 -0.7683011889 0.2919802964 0.5696145892 0.2650359571 0.9551444650 -0.1321172714
169.4 108.6 2786.2 0.1067255363 0.0494624898 -0.9930574894 -0.9523847103 0.2919802964 -0.0878113285 0.2856098413 0.9551444650 0.0782690719
270.5 -56.2 2462.7 -0.5770118237 -0.0814352483 -0.8126657605 0.0903989747 0.9825351834 -0.1626428366 0.8117175698 -0.1673109978 -0.5595727563
302.9 -446.4 2529.1 -0.5734583139 0.0687252730 -0.8163470030 0.1653493494 0.9856770039 -0.0331722200 0.8023747206 -0.1540053338 -0.5766083598
287.7 -68.3 2644.4 -0.7233943939 -0.3366145194 -0.6028193831 -0.1102024391 0.9182002544 -0.3804783225 0.6815834045 -0.2088037133 -0.7013166547
421.0 -431.9 2727.1 -0.7085477114 -0.2841605842 -0.6459202170 -0.1642102152 0.9566055536 -0.2407089919 0.6862908602 -0.0644871071 -0.7244627476
376.2 -233.3 2378.1 0 0 0 0 0 0 0 0 0
199.3 -158.0 2866.1 0 0 0 0 0 0 0 0 0
282.2 -743.3 2575.5 0 0 0 0 0 0 0 0 0
513.6 -743.6 2748.1 0 0 0 0 0 0 0 0 0
352.4 532.9 2586.0 8 0.0852746889 0.1387592852 -0.9866479039 -0.0801699236 0.9879996777 0.1320204139 0.9931268692 0.0678414851 0.0953756869
324.8 336.3 2572.5 0.0852746889 0.1387592852 -0.9866479039 -0.0801699236 0.9879996777 0.1320204139 0.9931268692 0.0678414851 0.0953756869
305.2 139.1 2558.1 0.0851909369 0.0986890048 -0.9914650917 -0.0808684751 0.9924844503 0.0918419063 0.9930774570 0.0723541752 0.0925315097
312.8 347.7 2432.9 0.0408031307 0.2113158703 -0.9765657783 0.9875776768 0.1399030536 0.0715363920 0.1517413110 -0.9673534632 -0.2029823512
300.1 39.4 2385.5 -0.2691227198 0.2215094417 -0.9372867942 0.9621981382 0.1040814817 -0.2516778708 0.0418051705 -0.9695878625 -0.2411466688
336.7 325.0 2712.2 -0.5985965729 0.0415061601 -0.7999746203 -0.7597891688 0.2869605422 0.5834158659 0.2537764907 0.9570427537 -0.1402376890
168.5 111.5 2783.5 0.0875328332 0.0415061601 -0.9952965379 -0.9552295804 0.2869605422 -0.0720421746 0.2826206684 0.9570427537 0.0647663847
276.9 -53.4 2454.9 -0.5875861645 -0.0751116425 -0.8056678772 0.1157743186 0.9776338935 -0.1755798906 0.8008363247 -0.1964439601 -0.5657481551
306.7 -441.8 2532.9 -0.5849422216 0.0757595152 -0.8075289726 0.1569598317 0.9873803258 -0.0210629962 0.7957425117 -0.1390702426 -0.5894516706
295.3 -67.1 2636.7 -0.7297845483 -0.3418657780 -0.5920661092 -0.1134660840 0.9145564437 -0.3882163763 0.6741957664 -0.2161349058 -0.7062193751
431.0 -430.0 2722.4 -0.7108080983 -0.3149215877 -0.6289485097 -0.1753143519 0.9452737570 -0.2751771212 0.6811877489 -0.0853344202 -0.7271184921
377.9 -238.9 2373.4 0 0 0 0 0 0 0 0 0
193.0 -156.0 2862.6 0 0 0 0 0 0 0 0 0
283.6 -743.1 2575.3 0 0 0 0 0 0 0 0 0
535.6 -744.0 2750.8 0 0 0 0 0 0 0 0 0
355.2 530.9 2583.9 9 0.1629829556 0.1071465015 -0.9807936549 -0.0674775392 0.9929685593 0.0972634926 0.9843187332 0.0503292456 0.1690669358
334.0 334.3 2573.9 0.1629829556 0.1071465015 -0.9807936549 -0.0674775392 0.9929685593 0.0972634926 0.9843187332 0.0503292456 0.1690669358
317.8 136.5 2564.3 0.1636118889 0.0827072635 -0.9830517173 -0.0608905666 0.9954261780 0.0736141875 0.9846438169 0.0478144176 0.1678996533
311.1 342.7 2435.9 0.0319763198 0.1337873936 -0.9904940724 0.9854228497 0.1614518762 0.0536201335 0.1670908183 -0.9777700305 -0.1266745180
301.2 35.9 2383.8 -0.2712795734 0.1593889743 -0.9492115378 0.9620999098 0.0733570158 -0.2626451254 0.0277685914 -0.9844866395 -0.1732483953
357.0 325.8 2712.0 -0.5598514080 0.1098324433 -0.8212814331 -0.7677337527 0.3040902317 0.5640159249 0.3116909266 0.9462906122 -0.0859232768
200.0 110.5 2799.4 0.1299550086 0.1098324433 -0.9854179621 -0.9482712746 0.3040902317 -0.0911629722 0.2896433175 0.9462906122 0.1436689943
277.8 -50.8 2452.6 -0.5279456973 -0.0824397504 -0.8452674150 0.1372176707 0.9739207625 -0.1806922406 0.8381196856 -0.2113813311 -0.5028650761
310.5 -437.8 2536.6 -0.5272704959 0.0825439766 -0.8456786275 0.1455394030 0.9893352985 0.0058237733 0.8371404409 -0.1200088561 -0.5336607099
294.8 -65.7 2635.3 -0.6771475077 -0.3564017415 -0.6437771320 -0.1047711223 0.9126623869 -0.3950574398 0.7283503413 -0.2000629157 -0.6553477049
436.1 -427.5 2714.6 -0.6596372724 -0.3451460004 -0.6676473022 -0.1548056304 0.9316661358 -0.3286844492 0.7354685068 -0.1134569421 -0.6679922342
379.6 -242.3 2375.8 0 0 0 0 0 0 0 0 0
236.3 -154.8 2880.5 0 0 0 0 0 0 0 0 0
285.0 -744.2 2573.8 0 0 0 0 0 0 0 0 0
553.6 -744.8 2753.3 0 0 0 0 0 0 0 0 0
358.7 530.3 2574.3 0 0.3074211180 0.0734640211 -0.9487335086 -0.0570054986 0.9966465831 0.0587024428 0.9498645067 0.0360366590 0.3105780482
344.2 333.7 2567.2 0.3074211180 0.0734640211 -0.9487335086 -0.0570054986 0.9966465831 0.0587024428 0.9498645067 0.0360366590 0.3105780482
331.4 135.6 2561.0 0.3080000281 0.0663186237 -0.9490720630 -0.0487471595 0.9973572493 0.0538728647 0.9501366615 0.0296717230 0.3104189038
301.4 340.4 2435.2 -0.0185634866 -0.0152798863 -0.9997109175 0.9896268845 0.1421843171 -0.0205494259 0.1424572021 -0.9897222519 0.0124819502
307.1 35.3 2391.3 -0.2574321926 0.0165754296 -0.9661542177 0.9661242366 0.0232854746 -0.2570247352 0.0182370637 -0.9995914102 -0.0220083557
387.0 327.1 2699.2 -0.4877362549 0.2415905744 -0.8388965130 -0.7798578739 0.3112984002 0.5430607200 0.3923454881 0.9190904498 0.0365747958
250.9 109.4 2808.8 0.1913912892 0.2415905744 -0.9513166547 -0.9438274503 0.3112984002 -0.1108291149 0.2693680823 0.9190904498 0.2875996232
286.6 -55.8 2464.6 -0.4017367363 -0.0687037706 -0.9131743312 0.1316758692 0.9824855328 -0.1318472177 0.9062389731 -0.1732109040 -0.3856538832
313.9 -446.0 2533.4 -0.3989913166 0.0949818119 -0.9120221138 0.1622401476 0.9862408638 0.0317344666 0.9024876952 -0.1353048235 -0.4089114070
317.2 -66.9 2644.9 -0.5836480856 -0.3124763370 -0.7494754791 -0.0524315163 0.9355679750 -0.3492326736 0.8103122115 -0.1645328254 -0.5624260902
441.0 -437.6 2710.1 -0.5628547072 -0.3782289326 -0.7349404693 -0.1051379368 0.9146991372 -0.3902197778 0.8198418021 -0.1423669159 -0.5546089411
381.9 -245.3 2386.0 0 0 0 0 0 0 0 0 0
304.3 -154.2 2884.0 0 0 0 0 0 0 0 0 0
285.5 -741.2 2573.9 0 0 0 0 0 0 0 0 0
569.5 -748.3 2758.5 0 0 0 0 0 0 0 0 0
362.7 530.1 2570.1 1 0.3653329611 0.0544347353 -0.9292839766 -0.0338163301 0.9984059334 0.0451893546 0.9302625060 0.0149158146 0.3665913641
352.0 332.9 2567.1 0.3653329611 0.0544347353 -0.9292839766 -0.0338163301 0.9984059334 0.0451893546 0.9302625060 0.0149158146 0.3665913641
342.1 134.5 2564.9 0.3656410873 0.0513387695 -0.9293389916 -0.0279987007 0.9986324310 0.0441508293 0.9303346872 0.0098769274 0.3665784895
300.9 336.7 2437.3 -0.0303554349 -0.0778031424 -0.9965065122 0.9896298051 0.1376962215 -0.0408967175 0.1403970867 -0.9874140024 0.0728164837
310.3 32.1 2394.1 -0.2514695227 -0.0422952250 -0.9669406414 0.9678132534 -0.0006384332 -0.2516685426 0.0100270510 -0.9991049767 0.0410944261
403.1 329.1 2696.9 -0.4510332048 0.2914602458 -0.8435757160 -0.7793026567 0.3320993781 0.5314106941 0.4350360632 0.8970846534 0.0773479119
276.9 111.1 2818.6 0.2240013033 0.2914602458 -0.9299861789 -0.9354215264 0.3320993781 -0.1212296039 0.2735142410 0.8970846534 0.3470288813
290.7 -58.3 2468.7 -0.3478023708 -0.0637366474 -0.9353989363 0.1335852146 0.9841390252 -0.1167277098 0.9280024171 -0.1655536443 -0.3337716162
316.0 -449.4 2534.5 -0.3441503942 0.1087044701 -0.9326005578 0.1687342972 0.9842645526 0.0524597317 0.9236282706 -0.1393076777 -0.3570772111
346.8 -67.0 2641.0 -0.5475187898 -0.2530299723 -0.7976208925 -0.0006324610 0.9533121586 -0.3019859195 0.8367931843 -0.1648384780 -0.5221163630
447.1 -444.6 2706.3 -0.5168606043 -0.3962920308 -0.7588199377 -0.0747546405 0.9039072394 -0.4211453795 0.8527994156 -0.1609481424 -0.4968187213
382.8 -247.1 2391.2 0 0 0 0 0 0 0 0 0
339.5 -150.4 2895.1 0 0 0 0 0 0 0 0 0
283.9 -740.1 2575.6 0 0 0 0 0 0 0 0 0
580.8 -749.7 2760.6 0 0 0 0 0 0 0 0 0
370.9 529.9 2585.4 2 0.3192138076 0.0550607406 -0.9460818768 -0.0702795312 0.9969372153 0.0343077146 0.9450731874 0.0555386953 0.3221057355
360.0 333.7 2574.5 0.3192138076 0.0550607406 -0.9460818768 -0.0702795312 0.9969372153 0.0343077146 0.9450731874 0.0555386953 0.3221057355
349.1 135.5 2566.3 0.3199751079 0.0562314205 -0.9457557797 -0.0566353910 0.9975872040 0.0401518345 0.9457316399 0.0407156572 0.3223877847
315.2 341.6 2442.2 0.0077512758 -0.0289146695 -0.9995518327 0.9887901545 0.1492742598 0.0033496707 0.1491104960 -0.9883729815 0.0297476072
312.8 32.5 2395.5 -0.2421238124 0.0044524469 -0.9702351689 0.9701392651 0.0159003381 -0.2420269251 0.0143494550 -0.9998636842 -0.0081693437
404.8 325.8 2706.8 -0.4767363966 0.2487768829 -0.8431088328 -0.7872256637 0.3059521317 0.5354148149 0.3911497593 0.9189686179 0.0499850474
271.3 105.3 2816.4 0.2058572769 0.2487768829 -0.9464316368 -0.9438226819 0.3059521317 -0.1248679310 0.2584985197 0.9189686179 0.2977837324
298.9 -61.5 2478.0 -0.3916598856 -0.0448893607 -0.9190143943 0.1104712412 0.9892899394 -0.0954019278 0.9134542346 -0.1388897598 -0.3825061917
316.7 -454.5 2533.2 -0.3850530088 0.1115012541 -0.9161340594 0.1767610759 0.9832074642 0.0453716181 0.9058088660 -0.1444663554 -0.3982960880
365.6 -66.4 2647.4 -0.5872133970 -0.2070914060 -0.7824919224 -0.0213143155 0.9703379869 -0.2408109456 0.8091514707 -0.1247291267 -0.5742094517
447.7 -450.8 2696.8 -0.5575581193 -0.4201859534 -0.7159418464 -0.0874318704 0.8873640895 -0.4527037442 0.8255208135 -0.1898125112 -0.5314946771
382.7 -247.7 2391.4 0 0 0 0 0 0 0 0 0
328.9 -158.7 2888.7 0 0 0 0 0 0 0 0 0
284.4 -739.0 2575.0 0 0 0 0 0 0 0 0 0
591.0 -753.5 2761.5 0 0 0 0 0 0 0 0 0
379.2 530.4 2603.6 3 0.3480360210 0.0559384488 -0.9358108044 -0.1151895598 0.9932060242 0.0165292900 0.9303774834 0.1020428389 0.3521149755
368.1 333.7 2583.4 0.3480360210 0.0559384488 -0.9358108044 -0.1151895598 0.9932060242 0.0165292900 0.9303774834 0.1020428389 0.3521149755
356.7 136.3 2566.0 0.3487859964 0.0575088598 -0.9354363084 -0.1020494476 0.9945113063 0.0230906084 0.9316298962 0.0874070749 0.3527403474
319.2 348.0 2452.9 0.0189625379 -0.0594242662 -0.9980527163 0.9835110307 0.1806742400 0.0079288715 0.1798512340 -0.9817461967 0.0618704632
313.5 51.5 2398.7 -0.2529065609 -0.0204008948 -0.9672756195 0.9668546319 0.0309180059 -0.2534485757 0.0350768119 -0.9993137121 0.0119053330
417.1 319.5 2713.9 -0.4659194648 0.2760304809 -0.8406701088 -0.8050607443 0.2619830370 0.5322049260 0.3671461046 0.9247551560 0.1001582965
286.4 93.6 2816.9 0.2130718976 0.2760304809 -0.9372339845 -0.9548749328 0.2619830370 -0.1399241835 0.2069160789 0.9247551560 0.3193958104
309.1 -57.5 2471.7 -0.3668123484 -0.0374834500 -0.9295395017 0.1413243413 0.9853459597 -0.0955028608 0.9194977283 -0.1663981974 -0.3561397493
324.0 -449.0 2537.9 -0.3637096286 0.1301026344 -0.9223820567 0.1656673998 0.9834470749 0.0733906552 0.9166622162 -0.1261157393 -0.3792429268
367.5 -67.8 2644.3 -0.5715066791 -0.2029358894 -0.7951082587 -0.0174426138 0.9717236161 -0.2354761511 0.8204119802 -0.1207074299 -0.5588862896
448.1 -453.5 2692.2 -0.5457260013 -0.4235277474 -0.7230542302 -0.0736842155 0.8837820292 -0.4620605409 0.8347178102 -0.1988807619 -0.5135101676
386.2 -226.3 2388.6 0 0 0 0 0 0 0 0 0
345.9 -173.3 2874.7 0 0 0 0 0 0 0 0 0
285.5 -739.8 2575.1 0 0 0 0 0 0 0 0 0
594.9 -759.8 2761.2 0 0 0 0 0 0 0 0 0
384.3 524.9 2602.7 4 0.3026426136 0.0785879940 -0.9498586059 -0.1073478609 0.9930641055 0.0479596406 0.9470395446 0.0874506608 0.3089797795
368.8 329.0 2585.4 0.3026426136 0.0785879940 -0.9498586059 -0.1073478609 0.9930641055 0.0479596406 0.9470395446 0.0874506608 0.3089797795
356.2 131.4 2568.9 0.3032887578 0.0633661449 -0.9507895112 -0.0983007997 0.9945436716 0.0349255838 0.9478148222 0.0828708261 0.3078628480
326.3 342.7 2452.5 0.0402673557 -0.0106841717 -0.9991317987 0.9816026688 0.1872044057 0.0375590287 0.1866405904 -0.9822628498 0.0180258378
315.3 76.2 2401.8 -0.2534554899 0.0240672659 -0.9670476317 0.9661452770 0.0561139621 -0.2518224418 0.0482041948 -0.9981342554 -0.0374748670
411.4 315.2 2718.4 -0.4908480048 0.2345869988 -0.8390692472 -0.7976094484 0.2665060163 0.5411041379 0.3505530059 0.9348494411 0.0562948585
273.6 91.3 2816.8 0.1931796670 0.2345869988 -0.9527069926 -0.9552853107 0.2665060163 -0.1280801445 0.2238562107 0.9348494411 0.2755810618
313.4 -51.8 2463.5 -0.4087667167 -0.0457005240 -0.9114939570 0.1618546247 0.9792833924 -0.1216843501 0.8981719613 -0.1972700208 -0.3929016292
331.5 -440.8 2541.8 -0.4086320996 0.1526194364 -0.8998484015 0.1627223045 0.9823065400 0.0927106366 0.8980764151 -0.1085408553 -0.4262365699
377.2 -70.4 2633.7 -0.6126806140 -0.1782805324 -0.7699601054 0.0096988259 0.9724559188 -0.2328851074 0.7902711034 -0.1501518935 -0.5940757394
448.0 -456.4 2693.3 -0.5675892234 -0.4228333533 -0.7064378262 -0.0933403969 0.8855597973 -0.4550509751 0.8180036545 -0.1923428625 -0.5421016812
388.0 -200.7 2388.0 0 0 0 0 0 0 0 0 0
327.6 -175.9 2879.4 0 0 0 0 0 0 0 0 0
285.3 -738.1 2574.7 0 0 0 0 0 0 0 0 0
594.3 -762.8 2759.8 0 0 0 0 0 0 0 0 0
395.3 516.5 2611.2 5 0.2695128620 0.0947572663 -0.9583234787 -0.1170450523 0.9909925461 0.0650705099 0.9558573365 0.0946296826 0.2781760991
376.6 320.4 2592.5 0.2695128620 0.0947572663 -0.9583234787 -0.1170450523 0.9909925461 0.0650705099 0.9558573365 0.0946296826 0.2781760991
360.6 123.2 2574.2 0.2701107264 0.0807189345 -0.9594397545 -0.1102870926 0.9925147295 0.0524524935 0.9564920068 0.0916458368 0.2769911289
338.7 335.8 2458.2 0.0568573065 0.0247260276 -0.9980760813 0.9808750749 0.1850098222 0.0604607910 0.1861488372 -0.9824255705 -0.0137339830
323.1 67.0 2407.2 -0.2636296451 0.0521579385 -0.9632128477 0.9621023536 0.0863703564 -0.2586487830 0.0697024465 -0.9948968291 -0.0729510635
414.5 304.9 2726.8 -0.5181357265 0.2094666362 -0.8292521238 -0.7893804908 0.2561303973 0.5579208136 0.3292624652 0.9436741471 0.0326385684
269.0 83.3 2819.3 0.1666572094 0.2094666362 -0.9635087252 -0.9603146315 0.2561303973 -0.1104220301 0.2236541361 0.9436741471 0.2438398600
315.8 -57.2 2465.7 -0.4339820147 -0.0457052886 -0.8997614384 0.1479218006 0.9815437198 -0.1212067306 0.8886949420 -0.1856958717 -0.4192115068
334.0 -447.3 2539.5 -0.4291464984 0.1637573391 -0.8882662058 0.1781434268 0.9794560671 0.0945026353 0.8854932189 -0.1176832989 -0.4495024383
371.4 -75.1 2639.1 -0.6315211654 -0.1882388294 -0.7521616817 -0.0187532809 0.9735067487 -0.2278880775 0.7751318216 -0.1298106462 -0.6183201671
446.1 -461.8 2690.6 -0.5917460918 -0.4111891389 -0.6933686733 -0.1129050553 0.8939232230 -0.4337669313 0.7981785536 -0.1783950478 -0.5754008889
398.5 -208.4 2387.2 0 0 0 0 0 0 0 0 0
315.6 -185.4 2881.9 0 0 0 0 0 0 0 0 0
285.7 -736.2 2574.2 0 0 0 0 0 0 0 0 0
584.1 -761.7 2750.5 0 0 0 0 0 0 0 0 0
405.1 516.9 2615.0 6 0.2455208004 0.1037011743 -0.9638286233 -0.1211698502 0.9897469282 0.0756236091 0.9617886543 0.0982198045 0.2555689216
384.6 320.8 2595.5 0.2455208004 0.1037011743 -0.9638286233 -0.1211698502 0.9897469282 0.0756236091 0.9617886543 0.0982198045 0.2555689216
366.2 123.8 2576.6 0.2461243123 0.0926428959 -0.9648005366 -0.1150811091 0.9911732078 0.0658176392 0.9623820186 0.0948309973 0.2546132803
350.0 336.9 2460.3 0.0514723323 0.0492969491 -0.9974569678 0.9837635756 0.1694452018 0.0591401346 0.1719297171 -0.9843059182 -0.0397748016
335.1 51.7 2410.5 -0.2628499568 0.0681926683 -0.9624238610 0.9615149498 0.1012146324 -0.2554301620 0.0799929127 -0.9925247431 -0.0921725333
419.1 304.7 2730.8 -0.5369232297 0.1910234094 -0.8217198253 -0.7821041346 0.2524453402 0.5697231889 0.3162697852 0.9485681057 0.0138564305
268.3 84.9 2819.6 0.1478279829 0.1910234094 -0.9703900814 -0.9627401233 0.2524453402 -0.0969681889 0.2264472544 0.9485681057 0.2212243825
319.8 -64.0 2468.3 -0.4517510235 -0.0467888713 -0.8909162879 0.1344727427 0.9836433530 -0.1198448837 0.8819513321 -0.1739439964 -0.4380700588
338.4 -454.9 2537.5 -0.4402571917 0.1815913469 -0.8793168664 0.2022629529 0.9742204547 0.0999210626 0.8747932911 -0.1338622719 -0.4656367600
369.3 -84.1 2643.5 -0.6451852918 -0.2010601610 -0.7370961308 -0.0338424668 0.9713262916 -0.2353293598 0.7632762194 -0.1268858910 -0.6334898472
449.2 -470.1 2693.9 -0.6083063483 -0.3993457854 -0.6859200597 -0.1246033013 0.9015363455 -0.4143745005 0.7838605642 -0.1665987223 -0.5981701016
409.6 -220.9 2387.8 0 0 0 0 0 0 0 0 0
309.7 -184.5 2883.0 0 0 0 0 0 0 0 0 0
285.7 -737.8 2576.3 0 0 0 0 0 0 0 0 0
578.1 -761.2 2747.7 0 0 0 0 0 0 0 0 0
415.2 521.7 2616.9 7 0.2715195119 0.0961174890 -0.9576213360 -0.1165124550 0.9909651875 0.0664288476 0.9553543925 0.0935380831 0.2802652717
396.1 324.7 2598.3 0.2715195119 0.0961174890 -0.9576213360 -0.1165124550 0.9909651875 0.0664288476 0.9553543925 0.0935380831 0.2802652717
379.1 127.5 2579.6 0.2717768252 0.0855012387 -0.9585545659 -0.1137030199 0.9919217229 0.0562395640 0.9556196928 0.0937059447 0.2793031037
357.9 340.6 2463.9 0.0476603471 0.0225523729 -0.9986089468 0.9835929871 0.1730862409 0.0508526228 0.1739923209 -0.9846484661 -0.0139330067
344.3 59.4 2414.2 -0.2533586919 0.0471993573 -0.9662202597 0.9651227593 0.0804103464 -0.2491429299 0.0659347177 -0.9956437349 -0.0659258366
434.3 308.7 2732.7 -0.5210940242 0.2128180116 -0.8265407085 -0.7875303626 0.2534332275 0.5617539883 0.3290242553 0.9436525106 0.0355380923
287.9 87.4 2825.1 0.1628753245 0.2128180116 -0.9634210467 -0.9614656568 0.2534332275 -0.1065617800 0.2214846611 0.9436525106 0.2458952218
325.2 -62.7 2469.5 -0.4307551682 -0.0407989994 -0.9015461206 0.1380687952 0.9842380881 -0.1105099022 0.8918446898 -0.1720781028 -0.4183325768
341.5 -453.9 2537.9 -0.4193249941 0.1886538118 -0.8880181909 0.2020757645 0.9730259180 0.1112923473 0.8850604296 -0.1327792853 -0.4461364448
370.3 -83.7 2645.9 -0.6312689185 -0.1892011017 -0.7521319985 -0.0110224830 0.9718778133 -0.2352275997 0.7754856944 -0.1402015090 -0.6156017184
445.5 -469.9 2701.6 -0.5838251114 -0.3914473057 -0.7112786174 -0.1350339502 0.9107045531 -0.3903627098 0.8005710840 -0.1318567991 -0.5845508575
415.8 -213.0 2395.6 0 0 0 0 0 0 0 0 0
333.5 -181.8 2887.1 0 0 0 0 0 0 0 0 0
286.7 -736.2 2576.5 0 0 0 0 0 0 0 0 0
570.5 -760.8 2743.7 0 0 0 0 0 0 0 0 0
423.5 521.8 2618.3 8 0.3332497180 0.0943466425 -0.9381062388 -0.1148326620 0.9916349649 0.0589373298 0.9358194470 0.0880843922 0.3412961364
404.7 324.6 2600.8 0.3332497180 0.0943466425 -0.9381062388 -0.1148326620 0.9916349649 0.0589373298 0.9358194470 0.0880843922 0.3412961364
389.0 127.3 2582.3 0.3333095908 0.0789523646 -0.9395058751 -0.1141471043 0.9925366044 0.0429127589 0.9358820319 0.0929386392 0.3398341537
357.9 340.6 2469.4 0.0349915326 -0.0424171053 -0.9984870553 0.9847883582 0.1716125607 0.0272211302 0.1701982766 -0.9842509627 0.0477768555
347.8 54.9 2420.1 -0.2840894461 -0.0164138936 -0.9586572647 0.9549773335 0.0843248069 -0.2844427228 0.0855074003 -0.9963031411 -0.0082808929
451.5 308.6 2732.2 -0.4889093041 0.2691974640 -0.8297592402 -0.7959101200 0.2516861856 0.5506189466 0.3570641577 0.9296164513 0.0912052542
314.2 85.1 2832.5 0.1881976277 0.2691974640 -0.9445180893 -0.9603872299 0.2516861856 -0.1196264252 0.2055190206 0.9296164513 0.3059005439
337.2 -59.2 2473.3 -0.3753990829 -0.0292241760 -0.9264024496 0.1389208585 0.9864380956 -0.0874119028 0.9163932204 -0.1615109742 -0.3662481308
348.8 -451.4 2537.5 -0.3606233299 0.2146711051 -0.9076712728 0.2104073018 0.9667921662 0.1450575292 0.9086691141 -0.1386695206 -0.3938161731
387.0 -80.0 2648.5 -0.5859608054 -0.1781116277 -0.7905226946 0.0048694955 0.9747536778 -0.2232298851 0.8103247285 -0.1346534193 -0.5703001618
457.8 -467.5 2702.1 -0.5537229180 -0.3453414738 -0.7577137947 -0.0900824592 0.9294497371 -0.3577825725 0.8278140426 -0.1298556924 -0.5457668304
429.8 -221.0 2395.4 0 0 0 0 0 0 0 0 0
366.9 -183.7 2890.0 0 0 0 0 0 0 0 0 0
286.1 -734.0 2578.1 0 0 0 0 0 0 0 0 0
566.4 -759.6 2742.9 0 0 0 0 0 0 0 0 0
432.3 520.8 2618.6 9 0.3134254217 0.0874007344 -0.9455821514 -0.1010755897 0.9931693077 0.0582964271 0.9442183375 0.0773036927 0.3201185763
414.9 324.0 2603.2 0.3134254217 0.0874007344 -0.9455821514 -0.1010755897 0.9931693077 0.0582964271 0.9442183375 0.0773036927 0.3201185763
399.6 126.5 2587.4 0.3135382533 0.0771886036 -0.9464331269 -0.0997132584 0.9938566685 0.0480229259 0.9443256855 0.0793149024 0.3193088174
370.9 338.0 2470.5 0.0107788313 -0.0215539802 -0.9997096062 0.9867009521 0.1623893082 0.0071374206 0.1621883065 -0.9864913225 0.0230176989
367.7 48.0 2422.9 -0.2516010404 0.0006593554 -0.9678308368 0.9649322629 0.0775099173 -0.2507947087 0.0748511255 -0.9969913363 -0.0201378111
459.0 310.0 2735.9 -0.4968159795 0.2495087087 -0.8312155604 -0.7900226116 0.2664153278 0.5521658063 0.3592187464 0.9310039282 0.0647581294
319.4 88.0 2836.9 0.1837045550 0.2495087087 -0.9507881403 -0.9569749236 0.2664153278 -0.1149864122 0.2246144265 0.9310039282 0.2877152860
342.8 -59.5 2478.1 -0.3941883743 -0.0208169874 -0.9187938571 0.1375424862 0.9871474504 -0.0813752562 0.9086790681 -0.1584503800 -0.3862588108
351.1 -452.0 2541.1 -0.3798866272 0.2196227610 -0.8985833526 0.2050403357 0.9672346115 0.1497186273 0.9020225406 -0.1273697168 -0.4124709964
403.8 -80.4 2649.4 -0.6042212844 -0.1816653162 -0.7758314013 0.0246385839 0.9689385891 -0.2460711002 0.7964355350 -0.1677967757 -0.5809773207
476.0 -465.4 2716.1 -0.5726447701 -0.2881986499 -0.7674760818 -0.0954581052 0.9532431960 -0.2867318392 0.8142271042 -0.0909336656 -0.5733805895
441.0 -233.1 2401.1 0 0 0 0 0 0 0 0 0
370.8 -179.9 2899.8 0 0 0 0 0 0 0 0 0
287.0 -734.3 2578.3 0 0 0 0 0 0 0 0 0
563.5 -754.8 2743.7 0 0 0 0 0 0 0 0 0
442.4 535.0 2620.2 0 0.2357656062 0.0867155269 -0.9679333568 -0.0900532231 0.9936748743 0.0670868382 0.9676285386 0.0713487491 0.2420833707
425.2 338.3 2606.0 0.2357656062 0.0867155269 -0.9679333568 -0.0900532231 0.9936748743 0.0670868382 0.9676285386 0.0713487491 0.2420833707
409.2 140.7 2591.8 0.2358980626 0.0804429799 -0.9684425592 -0.0884779319 0.9942066669 0.0610311553 0.9677415490 0.0712886676 0.2416488528
392.2 350.6 2470.4 0.0387091637 0.0587154813 -0.9975239635 0.9904269576 0.1301149428 0.0460924879 0.1324991286 -0.9897588491 -0.0531167537
380.2 45.3 2429.6 -0.2572311163 0.0677488372 -0.9639720917 0.9633515477 0.0964983329 -0.2502835393 0.0760652870 -0.9930247664 -0.0900883228
458.3 325.9 2741.7 -0.5312478542 0.1766023487 -0.8286056519 -0.7809619904 0.2770771384 0.5597558618 0.3284418881 0.9444786310 -0.0092769172
309.1 106.6 2833.9 0.1548577100 0.1766023487 -0.9720240235 -0.9554318786 0.2770771384 -0.1018735245 0.2513345182 0.9444786310 0.2116390318
355.5 -62.0 2485.1 -0.4645387828 0.0122777810 -0.8854676485 0.1224412099 0.9911905527 -0.0504920408 0.8770472407 -0.1318732351 -0.4619497657
350.6 -455.7 2537.5 -0.4435298741 0.2156889588 -0.8699192405 0.2298922539 0.9655162096 0.1221804097 0.8662740588 -0.1457970440 -0.4778204858
412.9 -80.2 2658.2 -0.6588606834 -0.1960996836 -0.7262558341 0.0038930250 0.9645237923 -0.2639672756 0.7522549033 -0.1767449975 -0.6347233653
490.9 -463.5 2728.4 -0.6348062754 -0.2381898612 -0.7350419164 -0.1136550903 0.9697366953 -0.2160862833 0.7642666698 -0.0536316782 -0.6426663995
454.5 -232.7 2407.6 0 0 0 0 0 0 0 0 0
352.4 -160.7 2904.2 0 0 0 0 0 0 0 0 0
288.2 -735.1 2579.7 0 0 0 0 0 0 0 0 0
561.1 -749.4 2744.2 0 0 0 0 0 0 0 0 0
453.3 520.3 2629.0 1 0.2081996799 0.0849090517 -0.9743938446 -0.0901226476 0.9936521053 0.0673306286 0.9739254713 0.0737967342 0.2145302743
436.6 324.0 2614.4 0.2081996799 0.0849090517 -0.9743938446 -0.0901226476 0.9936521053 0.0673306286 0.9739254713 0.0737967342 0.2145302743
421.7 126.3 2599.6 0.2083445787 0.0747365430 -0.9751958847 -0.0883183256 0.9944403768 0.0573427305 0.9740597606 0.0741806179 0.2137868702
407.3 336.3 2477.6 0.0290831588 0.0873634443 -0.9957518578 0.9869695902 0.1552082002 0.0424440242 0.1582569033 -0.9840111732 -0.0817111135
398.6 40.9 2430.3 -0.2502234578 0.1013555899 -0.9628682733 0.9653671384 0.1019806042 -0.2401379347 0.0738545656 -0.9896095395 -0.1233632937
465.8 311.6 2751.1 -0.5379035473 0.1484711617 -0.8298289776 -0.7826778889 0.2777278125 0.5570301414 0.3131695092 0.9491172433 -0.0331856757
314.7 91.7 2839.1 0.1515411139 0.1484711617 -0.9772367477 -0.9548084736 0.2777278125 -0.1058680788 0.2556874752 0.9491172433 0.1838487089
371.5 -48.9 2489.2 -0.4896619618 0.0216610394 -0.8716432452 0.1377290040 0.9890620112 -0.0527928621 0.8609656692 -0.1459012181 -0.4872893989
362.9 -441.9 2547.2 -0.4711072445 0.2383083701 -0.8492744565 0.2204895169 0.9640635252 0.1482090801 0.8540739417 -0.1174337342 -0.5067217946
414.7 -65.0 2666.0 -0.6759063601 -0.2089201212 -0.7067552209 -0.0195158739 0.9637160897 -0.2662149072 0.7367290854 -0.1661434025 -0.6554591060
497.7 -448.1 2732.1 -0.6605286002 -0.2033867836 -0.7227280140 -0.1063019335 0.9782463908 -0.1781401932 0.7432374358 -0.0408393107 -0.6677801013
470.9 -237.9 2408.9 0 0 0 0 0 0 0 0 0
357.1 -175.7 2910.7 0 0 0 0 0 0 0 0 0
289.3 -740.0 2583.5 0 0 0 0 0 0 0 0 0
559.7 -746.5 2744.5 0 0 0 0 0 0 0 0 0
463.8 522.8 2632.9 2 0.1956494004 0.0779342726 -0.9775722623 -0.0956918672 0.9935974479 0.0600602478 0.9759940505 0.0817949623 0.2018544227
448.4 326.7 2616.7 0.1956494004 0.0779342726 -0.9775722623 -0.0956918672 0.9935974479 0.0600602478 0.9759940505 0.0817949623 0.2018544227
436.7 129.0 2599.9 0.1957248449 0.0590049513 -0.9788821340 -0.0945964456 0.9946693182 0.0410422646 0.9760857224 0.0845657736 0.2002631575
420.9 340.0 2479.5 0.0355312638 0.0988997146 -0.9944628477 0.9860268831 0.1585869640 0.0510013886 0.1627528667 -0.9823792577 -0.0918829814
410.0 37.9 2429.7 -0.2693267167 0.1199053600 -0.9555552602 0.9617456198 0.0850886106 -0.2603943944 0.0500841849 -0.9891322851 -0.1382350922
475.9 313.4 2753.9 -0.5309267640 0.1308392882 -0.8372561336 -0.7931180596 0.2712591588 0.5453276634 0.2984636724 0.9535719752 -0.0402477458
326.7 90.5 2837.8 0.1623022109 0.1308392882 -0.9780281782 -0.9547244310 0.2712591588 -0.1221463159 0.2493175566 0.9535719752 0.1689414233
387.7 -63.3 2495.7 -0.5029755831 0.0578610823 -0.8623616695 0.1483054012 0.9887360930 -0.0201593507 0.8514817357 -0.1380325556 -0.5058912039
364.7 -456.1 2550.6 -0.4854461551 0.2513699830 -0.8373500705 0.2212722450 0.9619165659 0.1604838967 0.8458017707 -0.1073760316 -0.5225799084
425.8 -79.5 2674.0 -0.6853770018 -0.2110478431 -0.6969341040 -0.0391072892 0.9663661122 -0.2541793287 0.7271375060 -0.1469534785 -0.6705786586
509.7 -463.6 2732.5 -0.6752009392 -0.1829456836 -0.7145869732 -0.1011520699 0.9825679064 -0.1559762359 0.7306654453 -0.0330333486 -0.6819360852
487.6 -239.1 2415.2 0 0 0 0 0 0 0 0 0
372.2 -176.8 2907.6 0 0 0 0 0 0 0 0 0
291.8 -735.3 2581.7 0 0 0 0 0 0 0 0 0
561.6 -742.3 2741.8 0 0 0 0 0 0 0 0 0
475.0 532.6 2644.8 3 0.1028219312 0.1036679000 -0.9892829061 -0.1147360802 0.9891518950 0.0917289853 0.9880603552 0.1040746868 0.1136009544
454.6 337.8 2624.3 0.1028219312 0.1036679000 -0.9892829061 -0.1147360802 0.9891518950 0.0917289853 0.9880603552 0.1040746868 0.1136009544
439.4 140.8 2603.2 0.1029530019 0.0773741454 -0.9916722775 -0.1133022010 0.9913932681 0.0655896142 0.9882121682 0.1056060046 0.1108335704
440.2 353.5 2486.0 0.0635830089 0.1921930015 -0.9792951941 0.9821859598 0.1618179828 0.0955285206 0.1768274754 -0.9679239392 -0.1784803867
420.2 45.6 2430.5 -0.2884832025 0.2034286261 -0.9356250763 0.9554267526 0.1251967847 -0.2673677504 0.0627470016 -0.9710522890 -0.2304783314
469.0 322.0 2762.7 -0.5757421255 0.0505756438 -0.8160656095 -0.7831427455 0.2527111173 0.5681765079 0.2349647582 0.9662190080 -0.1058884859
307.6 102.5 2828.6 0.1137342975 0.0505756438 -0.9922230840 -0.9626207352 0.2527111173 -0.0974599048 0.2458167076 0.9662190080 0.0774270818
407.0 -60.0 2493.7 -0.5714271069 0.0757851452 -0.8171460629 0.1882566065 0.9812787175 -0.0406396985 0.7987681627 -0.1770557761 -0.5749962926
376.9 -449.6 2564.0 -0.5648121834 0.2792199850 -0.7765458226 0.2115998864 0.9585591555 0.1907610595 0.7976294160 -0.0565728322 -0.6004888415
442.9 -77.4 2672.6 -0.7506639361 -0.1723002940 -0.6378214955 -0.0253849924 0.9722042680 -0.2327539772 0.6601963639 -0.1585289240 -0.7341725826
511.3 -463.5 2735.6 -0.7365336418 -0.1795708835 -0.6521291733 -0.1230952069 0.9836013317 -0.1318180710 0.6651058197 -0.0168144684 -0.7465597987
503.7 -230.9 2412.4 0 0 0 0 0 0 0 0 0
339.4 -166.8 2897.3 0 0 0 0 0 0 0 0 0
293.4 -736.4 2580.9 0 0 0 0 0 0 0 0 0
561.7 -739.4 2740.3 0 0 0 0 0 0 0 0 0
482.5 534.0 2641.3 4 -0.0222087763 0.1078674942 -0.9939171672 -0.1038299203 0.9885374904 0.1096036956 0.9943470955 0.1056325063 -0.0107543338
461.1 338.0 2620.4 -0.0222087763 0.1078674942 -0.9939171672 -0.1038299203 0.9885374904 0.1096036956 0.9943470955 0.1056325063 -0.0107543338
447.5 140.9 2598.3 -0.0227420740 0.0691750869 -0.9973452687 -0.1097939983 0.9913961887 0.0712660477 0.9936941266 0.1111232638 -0.0149513967
464.3 353.3 2482.0 0.0842341632 0.3111132085 -0.9466325641 0.9838861823 0.1243925020 0.1284310073 0.1577105671 -0.9421969652 -0.2956218719
438.4 50.9 2433.5 -0.2815639079 0.3049879670 -0.9097824693 0.9578565955 0.1455167979 -0.2476602793 0.0568552241 -0.9411733150 -0.3331070244
457.8 322.6 2758.7 -0.6033093333 -0.0703746900 -0.7943961620 -0.7807528377 0.2552253604 0.5703376532 0.1626127064 0.9643170834 -0.2089250833
289.0 104.1 2804.3 0.0753022656 -0.0703746900 -0.9946743250 -0.9625962377 0.2552253604 -0.0909313560 0.2602653801 0.9643170834 -0.0485233665
414.8 -45.9 2491.8 -0.6665178537 0.0614391603 -0.7429530025 0.1909356862 0.9774251580 -0.0904631391 0.7206230164 -0.2021515369 -0.6632022858
390.4 -434.1 2572.1 -0.6563732028 0.2986551523 -0.6928054094 0.2247917801 0.9540180564 0.1982881427 0.7201686502 -0.0255859327 -0.6933271289
433.6 -66.5 2672.3 -0.8187213540 -0.1923098862 -0.5410289168 -0.0711106732 0.9689509869 -0.2368062586 0.5697706938 -0.1554054022 -0.8069761395
510.0 -451.5 2734.0 -0.8088750243 -0.1797262877 -0.5598389506 -0.1343429983 0.9834439754 -0.1216136292 0.5724274516 -0.0231597796 -0.8196282387
520.1 -226.9 2417.0 0 0 0 0 0 0 0 0 0
310.0 -165.1 2877.0 0 0 0 0 0 0 0 0 0
296.5 -734.3 2580.2 0 0 0 0 0 0 0 0 0
562.4 -738.2 2740.8 0 0 0 0 0 0 0 0 0
498.1 532.3 2658.5 5 0.1556283981 0.1059819907 -0.9821138382 -0.1372092962 0.9869092703 0.0847569183 0.9782399535 0.1215645745 0.1681328118
477.1 336.5 2634.4 0.1556283981 0.1059819907 -0.9821138382 -0.1372092962 0.9869092703 0.0847569183 0.9782399535 0.1215645745 0.1681328118
464.9 139.7 2609.7 0.1560806185 0.0605547018 -0.9858863950 -0.1318397820 0.9904651046 0.0399637185 0.9789060950 0.1237414777 0.1625759304
455.5 354.6 2499.6 -0.0467770956 0.1372204572 -0.9894354343 0.9794335961 0.2009225339 -0.0184391793 0.1962696314 -0.9699488282 -0.1437968910
472.1 6.4 2429.8 -0.2850223482 0.1688610464 -0.9435296655 0.9573636055 0.0985076353 -0.2715716660 0.0470869988 -0.9807049632 -0.1897383034
498.7 318.5 2769.2 -0.5405985713 0.0943292081 -0.8359755874 -0.8057029843 0.2278688401 0.5467343926 0.2420658022 0.9691118598 -0.0471842401
347.8 93.7 2836.8 0.1434708387 0.0943292081 -0.9851487875 -0.9664022923 0.2278688401 -0.1189219877 0.2132668942 0.9691118598 0.1238524988
436.0 -46.2 2486.0 -0.5299206972 0.0888828933 -0.8433764577 0.2408763021 0.9693081975 -0.0491956137 0.8131191134 -0.2292191833 -0.5350662470
400.7 -431.1 2577.0 -0.5463913679 0.3139656782 -0.7764547467 0.1934073716 0.9493190050 0.2477639318 0.8148926497 -0.0147959981 -0.5794230103
443.6 -67.1 2669.5 -0.7210470438 -0.1960836798 -0.6645618081 -0.0298465360 0.9670206904 -0.2529429495 0.6922429800 -0.1625488997 -0.7031198144
520.7 -447.5 2733.5 -0.7128152847 -0.1501672566 -0.6850869656 -0.0940869898 0.9884541631 -0.1187685803 0.6950122118 -0.0202022884 -0.7187140584
554.2 -269.3 2416.3 0 0 0 0 0 0 0 0 0
387.9 -175.9 2896.3 0 0 0 0 0 0 0 0 0
299.3 -737.7 2581.8 0 0 0 0 0 0 0 0 0
565.1 -740.0 2739.4 0 0 0 0 0 0 0 0 0
507.4 530.4 2657.7 6 0.0922243968 0.1056039110 -0.9901224375 -0.1166572720 0.9886583686 0.0945817828 0.9888810515 0.1067822352 0.1034978852
486.5 334.9 2636.5 0.0922243968 0.1056039110 -0.9901224375 -0.1166572720 0.9886583686 0.0945817828 0.9888810515 0.1067822352 0.1034978852
473.1 137.9 2613.8 0.0919275433 0.0667359531 -0.9935268760 -0.1200675666 0.9912147522 0.0554712191 0.9885004163 0.1141910255 0.0991327614
473.8 351.5 2499.2 -0.0176416542 0.2008750588 -0.9794579744 0.9806059003 0.1947201788 0.0222724378 0.1951942146 -0.9600694180 -0.2004144639
479.7 18.9 2433.0 -0.3332799673 0.2430097908 -0.9109724164 0.9428166747 0.0811783895 -0.3232751489 -0.0046077585 -0.9666211009 -0.2561688125
499.2 318.3 2773.9 -0.5692815781 0.0352412462 -0.8213869929 -0.7922992110 0.2432241142 0.5595570207 0.2195006162 0.9693297148 -0.1105413958
339.9 96.5 2835.3 0.1169337630 0.0352412462 -0.9925142527 -0.9642734528 0.2432241142 -0.1049703807 0.2377041131 0.9693297148 0.0624233074
438.6 -45.4 2497.1 -0.5809284449 0.0791190118 -0.8101001978 0.2188090086 0.9738085866 -0.0618017353 0.7839928269 -0.2131596059 -0.5830250382
407.2 -432.2 2581.8 -0.5844769478 0.3299923837 -0.7412770987 0.2087649405 0.9439684153 0.2556184530 0.7840943336 -0.0053495816 -0.6206186414
472.7 -69.4 2674.4 -0.7641911507 -0.1385045201 -0.6299431324 -0.0076675494 0.9785532355 -0.2058512270 0.6449442506 -0.1524795592 -0.7488637567
527.3 -455.7 2734.6 -0.7548496723 -0.1410629153 -0.6405491829 -0.0932201669 0.9897584319 -0.1081119180 0.6492395401 -0.0218961462 -0.7602687478
576.2 -253.9 2434.3 0 0 0 0 0 0 0 0 0
372.5 -172.8 2901.7 0 0 0 0 0 0 0 0 0
300.9 -736.3 2583.5 0 0 0 0 0 0 0 0 0
567.9 -740.2 2740.9 0 0 0 0 0 0 0 0 0
514.7 529.2 2666.2 7 0.1083319634 0.0845305547 -0.9905143976 -0.1012658551 0.9921336770 0.0735933557 0.9889435768 0.0923327729 0.1160398498
498.0 333.3 2648.0 0.1083319634 0.0845305547 -0.9905143976 -0.1012658551 0.9921336770 0.0735933557 0.9889435768 0.0923327729 0.1160398498
487.1 135.7 2629.0 0.1083885729 0.0547835901 -0.9925979376 -0.1004588678 0.9939727187 0.0438896716 0.9890196919 0.0949581265 0.1132387742
482.9 347.2 2509.7 -0.0067020408 0.1831002384 -0.9830713868 0.9757873416 0.2161248773 0.0336015783 0.2186186463 -0.9590434432 -0.1801153719
485.1 28.6 2438.3 -0.3343773782 0.2486173958 -0.9090551138 0.9414650798 0.0442714281 -0.3341909349 -0.0428405143 -0.9675894976 -0.2488679588
513.1 319.3 2786.2 -0.5566644669 0.0470246151 -0.8294054270 -0.7939321995 0.2637701333 0.5478110909 0.2445329875 0.9634386301 -0.1094971001
357.0 96.6 2854.8 0.1353060454 0.0470246151 -0.9896873236 -0.9572981596 0.2637701333 -0.1183449998 0.2554848194 0.9634386301 0.0807062685
