88.7 367.8 2075.5 0 0.0991797894 -0.2184922695 0.9707854986 0.2421025783 0.9515780210 0.1894350201 -0.9651682377 0.2162415385 0.1472748518
132.8 175.8 2031.9 0.0991797894 -0.2184922695 0.9707854986 0.2421025783 0.9515780210 0.1894350201 -0.9651682377 0.2162415385 0.1472748518
167.1 -13.6 1989.2 0.1013197973 -0.1817983240 0.9781020880 0.2318808883 0.9603982568 0.1544876248 -0.9674531221 0.2111505270 0.1394629180
116.2 143.4 2172.4 0.0652358606 -0.9923285842 -0.1050156355 0.9974745512 0.0678099096 -0.0211263597 0.0280853920 -0.1033722311 0.9942461252
98.3 -130.5 2164.7 -0.1408995539 -0.9823949337 -0.1226683483 0.8968575001 -0.0741827115 -0.4360545576 0.4192779362 -0.1714559197 0.8915205598
149.3 208.2 1891.3 0.3074498475 0.9515493512 -0.0053269779 -0.9054495096 0.2908239961 -0.3091644347 -0.2926360071 0.0998758599 0.9509936571
217.5 7.5 1826.4 0.1526181698 0.9515493512 0.2669484317 -0.1646981984 0.2908239961 -0.9424945116 -0.9744650722 0.0998758599 0.2011034936
193.9 -225.6 2035.8 0.1514014751 -0.3667792082 0.9179055691 0.1116178036 0.9290146232 0.3528077304 -0.9821501970 0.0490389913 0.1815932840
339.6 -594.5 2016.3 0.1514014751 -0.3667792380 0.9179055691 0.1116178036 0.9290146232 0.3528077304 -0.9821501970 0.0490389913 0.1815932840
213.1 -187.2 1865.3 0.7433653474 0.1912992150 0.6409466267 -0.3184514940 0.9438806772 0.0876237825 -0.5882147551 -0.2692468762 0.7625676990
137.3 -561.1 1972.0 0.7841484547 -0.0000556250 0.6205732822 -0.0000906565 1.0000000000 0.0002041873 -0.6205732822 -0.0002163721 0.7841483951
133.4 -353.8 2060.4 0 0 0 0 0 0 0 0 0
251.5 -29.2 1609.3 0 0 0 0 0 0 0 0 0
479.7 -949.3 1997.6 0 0 0 0 0 0 0 0 0
137.3 -943.2 1972.1 0 0 0 0 0 0 0 0 0
84.1 367.3 2071.6 1 0.0890343338 -0.2225417793 0.9708491564 0.2479490042 0.9489876032 0.1947917640 -0.9646731019 0.2233779132 0.1396714896
128.7 177.1 2026.9 0.0890343338 -0.2225417793 0.9708491564 0.2479490042 0.9489876032 0.1947917640 -0.9646731019 0.2233779132 0.1396714896
164.2 -11.6 1982.1 0.0903997049 -0.1874257028 0.9781101942 0.2416015118 0.9569201469 0.1610357761 -0.9661555886 0.2217553109 0.1317876279
113.7 143.3 2167.3 0.0575789101 -0.9937611818 -0.0955164433 0.9976642132 0.0607980676 -0.0311395600 0.0367524996 -0.0935003534 0.9949406981
97.9 -130.7 2157.2 -0.1440740675 -0.9833399653 -0.1108384952 0.8917921185 -0.0804761574 -0.4452306926 0.4288932681 -0.1629910916 0.8885293603
143.7 211.0 1886.5 0.3118675649 0.9501063824 0.0060448013 -0.9002157450 0.2975141704 -0.3179573715 -0.3038917482 0.0937189683 0.9480857253
212.8 11.4 1819.1 0.1447754800 0.9501063824 0.2762932777 -0.1544717252 0.2975141704 -0.9421378970 -0.9773323536 0.0937189683 0.1898373365
193.1 -223.8 2026.6 0.1413780451 -0.3738623857 0.9166455865 0.1216769293 0.9254877567 0.3587020040 -0.9824494720 0.0608220287 0.1763340831
341.6 -591.5 2002.4 0.1413780451 -0.3738624156 0.9166455865 0.1216769293 0.9254877567 0.3587020338 -0.9824494720 0.0608220287 0.1763340831
212.4 -183.2 1858.6 0.7372413278 0.1967257708 0.6463544965 -0.3224406540 0.9431414008 0.0807240605 -0.5937231779 -0.2679241002 0.7587552071
134.4 -557.4 1964.9 0.7788176537 -0.0000278102 0.6272503734 -0.0000461950 1.0000000000 0.0001016940 -0.6272503734 -0.0001081769 0.7788176537
133.8 -352.7 2050.4 0 0 0 0 0 0 0 0 0
245.1 -23.0 1601.4 0 0 0 0 0 0 0 0 0
484.4 -945.0 1979.2 0 0 0 0 0 0 0 0 0
134.4 -939.5 1964.9 0 0 0 0 0 0 0 0 0
78.8 366.5 2074.7 2 0.1344573349 -0.2187289745 0.9664775729 0.2595271468 0.9490618706 0.1786818504 -0.9563298821 0.2268020809 0.1843744367
122.7 176.1 2029.2 0.1344573349 -0.2187289745 0.9664775729 0.2595271468 0.9490618706 0.1786818504 -0.9563298821 0.2268020809 0.1843744367
157.9 -12.6 1984.1 0.1364863217 -0.1859823465 0.9730272889 0.2499717325 0.9569004774 0.1478364319 -0.9585852027 0.2230516672 0.1770941615
101.0 141.1 2168.4 0.0675375536 -0.9877848029 -0.1404275149 0.9964814782 0.0737840906 -0.0397563018 0.0496319868 -0.1372483671 0.9892924428
82.5 -132.6 2154.8 -0.1527348310 -0.9759088159 -0.1558014154 0.8892173767 -0.0669163465 -0.4525645673 0.4312360883 -0.2076637000 0.8780155182
144.4 211.2 1890.0 0.3146395981 0.9483584166 -0.0402278267 -0.9009075165 0.2850126326 -0.3273124397 -0.2989440560 0.1392270029 0.9440594912
214.1 11.4 1823.7 0.1866722107 0.9483584166 0.2564563155 -0.1466039270 0.2850126326 -0.9472460747 -0.9714220166 0.1392270029 0.1922370046
182.4 -225.6 2027.5 0.1867257506 -0.3653217852 0.9119613171 0.1296343654 0.9293332100 0.3457378745 -0.9738215804 0.0536633693 0.2208887041
327.5 -594.8 2006.2 0.1867257506 -0.3653217852 0.9119613171 0.1296343654 0.9293332100 0.3457378745 -0.9738215804 0.0536633693 0.2208887041
209.7 -179.6 1849.5 0.7555229068 0.1973798275 0.6246809959 -0.3426012695 0.9317929745 0.1199427843 -0.5583990812 -0.3046360314 0.7716134787
131.3 -549.3 1970.4 0.8041806221 -0.0000139045 0.5943849683 -0.0000209663 1.0000000000 0.0000517597 -0.5943849683 -0.0000540862 0.8041806221
120.5 -353.9 2047.5 0 0 0 0 0 0 0 0 0
255.7 -21.2 1607.3 0 0 0 0 0 0 0 0 0
467.1 -949.9 1985.7 0 0 0 0 0 0 0 0 0
131.3 -931.5 1970.4 0 0 0 0 0 0 0 0 0
73.1 367.4 2078.2 3 0.1954830885 -0.2188447118 0.9559776783 0.2686215937 0.9494532943 0.1624220312 -0.9432013631 0.2250454873 0.2443884760
116.8 177.6 2033.3 0.1954830885 -0.2188447118 0.9559776783 0.2686215937 0.9494532943 0.1624220312 -0.9432013631 0.2250454873 0.2443884760
152.7 -10.9 1988.0 0.1973176599 -0.1890387535 0.9619407654 0.2600505054 0.9561729431 0.1345625222 -0.9452192783 0.2236016393 0.2378294319
86.3 141.1 2170.5 0.0749877170 -0.9767403603 -0.2008859068 0.9949682951 0.0867103636 -0.0501932241 0.0664446354 -0.1961112469 0.9783279300
65.7 -132.1 2152.2 -0.1692655832 -0.9620921612 -0.2138405740 0.8855855465 -0.0532486588 -0.4614139795 0.4325360656 -0.2674756050 0.8610280752
147.3 214.1 1896.1 0.3226715326 0.9410873652 -0.1011812761 -0.9007311463 0.2724619806 -0.3383014500 -0.2908031642 0.2002973706 0.9355824590
218.8 14.4 1831.6 0.2439693213 0.9410873652 0.2341656238 -0.1368860453 0.2724619806 -0.9523794651 -0.9600735307 0.2002973706 0.1952940971
172.2 -224.7 2030.0 0.2821080089 -0.1415868551 0.9488773346 0.0046980567 0.9892419577 0.1462130994 -0.9593711495 -0.0367900096 0.2797382772
226.8 -605.6 2044.2 0.2821080089 -0.1415868551 0.9488773346 0.0046980572 0.9892419577 0.1462131143 -0.9593711495 -0.0367900096 0.2797382772
207.4 -179.8 1852.0 0.7873197794 0.2023817003 0.5823823214 -0.3319168687 0.9351570606 0.1237435639 -0.5195755363 -0.2907282710 0.8034415841
127.0 -551.2 1967.4 0.8346313834 -0.0000069521 0.5508089066 -0.0000090928 1.0000000000 0.0000263998 -0.5508089066 -0.0000270425 0.8346313834
107.9 -352.6 2044.5 0 0 0 0 0 0 0 0 0
273.2 -16.1 1617.7 0 0 0 0 0 0 0 0 0
279.2 -972.0 2057.8 0 0 0 0 0 0 0 0 0
127.0 -933.3 1967.4 0 0 0 0 0 0 0 0 0
67.6 366.6 2084.0 4 0.1916324496 -0.2255597115 0.9551962018 0.2998752892 0.9401494265 0.1618452817 -0.9345329404 0.2554249465 0.2478029281
112.8 178.2 2032.8 0.1916324496 -0.2255597115 0.9551962018 0.2998752892 0.9401494265 0.1618452817 -0.9345329404 0.2554249465 0.2478029281
149.9 -8.7 1981.8 0.1938696206 -0.1950353980 0.9614446163 0.2898338437 0.9476782084 0.1337995082 -0.9372357726 0.2527195215 0.2402538806
82.8 137.3 2168.9 0.0684419796 -0.9776506424 -0.1987836510 0.9929881096 0.0860060602 -0.0811022967 0.0963863134 -0.1918389946 0.9766818881
64.0 -135.4 2142.4 -0.1744138002 -0.9621939659 -0.2091951221 0.8709415197 -0.0516294017 -0.4886668622 0.4593916833 -0.2674269676 0.8470195532
142.8 219.0 1896.7 0.3281726837 0.9396005869 -0.0972288325 -0.8893295527 0.2726267576 -0.3671070635 -0.3184268475 0.2069429755 0.9250832200
215.6 21.8 1826.1 0.2431518137 0.9396005869 0.2408899069 -0.1061483175 0.2726267576 -0.9562463760 -0.9641627073 0.2069429755 0.1660267115
170.9 -223.4 2017.4 0.2881121337 -0.0403923206 0.9567444324 -0.0461934023 0.9973605871 0.0560176671 -0.9564818740 -0.0603346527 0.2854858339
186.6 -611.6 2040.9 0.2881121337 -0.0403923206 0.9567444324 -0.0461934023 0.9973605871 0.0560176708 -0.9564818740 -0.0603346527 0.2854858339
208.3 -177.1 1857.1 0.7894248962 0.2068853229 0.5779332519 -0.3068012595 0.9484429359 0.0795552582 -0.5316778421 -0.2401135415 0.8121970892
126.2 -553.4 1952.4 0.8294227123 -0.0000034760 0.5586215258 -0.0000046701 1.0000000000 0.0000131565 -0.5586215258 -0.0000135211 0.8294227123
107.5 -352.2 2028.1 0 0 0 0 0 0 0 0 0
269.7 -1.8 1611.3 0 0 0 0 0 0 0 0 0
201.7 -984.9 2063.5 0 0 0 0 0 0 0 0 0
126.3 -935.5 1952.4 0 0 0 0 0 0 0 0 0
62.8 363.7 2080.4 5 0.2153529376 -0.2333772779 0.9482395053 0.3039617836 0.9388054609 0.1620232016 -0.9280249476 0.2533363998 0.2731122971
109.5 176.0 2029.7 0.2153529376 -0.2333772779 0.9482395053 0.3039617836 0.9388054609 0.1620232016 -0.9280249476 0.2533363998 0.2731122971
148.0 -10.7 1979.4 0.2182295620 -0.2023192346 0.9546951056 0.2915102243 0.9471243024 0.1340797842 -0.9313418269 0.2490432113 0.2656686306
75.9 135.0 2164.9 0.0651437193 -0.9723323584 -0.2243346572 0.9928761721 0.0856344700 -0.0828473046 0.0997658968 -0.2173395604 0.9709841609
58.1 -137.7 2137.5 -0.1870816946 -0.9547910094 -0.2310294360 0.8700624108 -0.0518656708 -0.4902053773 0.4560611844 -0.2927184701 0.8404309154
143.0 217.1 1894.5 0.3370946348 0.9336310029 -0.1212450713 -0.8885741234 0.2729462385 -0.3686954677 -0.3111321330 0.2320204973 0.9216091037
217.7 20.1 1825.6 0.2684978843 0.9336310029 0.2371540219 -0.1043924242 0.2729462385 -0.9563485384 -0.9576069713 0.2320204973 0.1707494855
168.2 -225.6 2015.3 0.3136814237 0.0150161581 0.9494095445 -0.0838888362 0.9964033961 0.0119571351 -0.9458153248 -0.0833955929 0.3138129115
162.3 -616.8 2048.0 0.3136814237 0.0150161572 0.9494095445 -0.0838888362 0.9964033961 0.0119571360 -0.9458153248 -0.0833955929 0.3138129115
206.4 -170.3 1845.8 0.8004205823 0.2065023631 0.5627465248 -0.3186389208 0.9417448640 0.1076374352 -0.5077362657 -0.2654681504 0.8195917010
124.4 -544.2 1951.2 0.8444346189 -0.0000017380 0.5356586576 -0.0000021537 1.0000000000 0.0000066398 -0.5356586576 -0.0000067605 0.8444346189
104.6 -354.3 2024.0 0 0 0 0 0 0 0 0 0
277.6 -3.2 1612.2 0 0 0 0 0 0 0 0 0
156.7 -993.0 2079.5 0 0 0 0 0 0 0 0 0
124.4 -926.3 1951.2 0 0 0 0 0 0 0 0 0
56.4 364.6 2084.6 6 0.1890607774 -0.2447552532 0.9509736300 0.3405632079 0.9246737361 0.1702798009 -0.9210172296 0.2916734219 0.2581741512
105.5 179.1 2026.1 0.1890607774 -0.2447552532 0.9509736300 0.3405632079 0.9246737361 0.1702798009 -0.9210172296 0.2916734219 0.2581741512
146.4 -4.8 1967.9 0.1916091889 -0.2142722458 0.9577960968 0.3302495480 0.9330492020 0.1426688880 -0.9242408276 0.2889750600 0.2495441288
75.9 132.4 2160.3 0.0488419794 -0.9784325957 -0.2007089406 0.9895449877 0.0747038499 -0.1233694181 0.1357023865 -0.1925849169 0.9718517661
62.4 -139.4 2123.0 -0.1929160655 -0.9600388408 -0.2027530819 0.8486304283 -0.0595204569 -0.5256269574 0.4925543666 -0.2734643221 0.8262006044
135.2 225.8 1891.8 0.3464910686 0.9333872199 -0.0934461206 -0.8696064949 0.2822566330 -0.4051119685 -0.3517505527 0.2216290385 0.9094790220
212.0 33.0 1813.8 0.2486509085 0.9333872199 0.2587681711 -0.0633421168 0.2822566330 -0.9572455287 -0.9665197730 0.2216290385 0.1293060929
171.3 -220.3 1995.1 0.2866896987 0.0944137499 0.9533599019 -0.1983371377 0.9794218540 -0.0373517685 -0.9372680187 -0.1783783138 0.2995159328
134.3 -604.2 2065.1 0.2866896987 0.0944137499 0.9533599019 -0.1983371377 0.9794218540 -0.0373517685 -0.9372680187 -0.1783783138 0.2995159328
208.2 -172.1 1844.6 0.7814325690 0.2295153439 0.5802463293 -0.3438082635 0.9343811274 0.0934226960 -0.5207293034 -0.2724970281 0.8090651035
117.1 -543.1 1952.8 0.8321605921 -0.0000008690 0.5545347333 -0.0000011513 1.0000000000 0.0000032948 -0.5545347333 -0.0000033803 0.8321605921
110.5 -350.6 2000.4 0 0 0 0 0 0 0 0 0
267.4 18.9 1598.5 0 0 0 0 0 0 0 0 0
98.7 -973.4 2132.3 0 0 0 0 0 0 0 0 0
117.1 -925.3 1952.8 0 0 0 0 0 0 0 0 0
52.6 362.4 2086.7 7 0.1591763049 -0.2489214540 0.9553538561 0.3358970582 0.9236147404 0.1846861988 -0.9283512831 0.2915028930 0.2306295484
102.4 177.5 2028.3 0.1591763049 -0.2489214540 0.9553538561 0.3358970582 0.9236147404 0.1846861988 -0.9283512831 0.2915028930 0.2306295484
144.7 -6.1 1970.1 0.1613159776 -0.2214286029 0.9617413878 0.3274587989 0.9313065410 0.1594956517 -0.9309929609 0.2892014980 0.2227433622
77.1 131.2 2163.6 0.0365201831 -0.9843385220 -0.1724644303 0.9910303354 0.0578732863 -0.1204555184 0.1285500973 -0.1665184349 0.9776228666
67.1 -141.0 2128.3 -0.1932429224 -0.9659671187 -0.1719438583 0.8485183120 -0.0765453205 -0.5236005187 0.4926193655 -0.2470796108 0.8344326615
127.7 223.9 1893.1 0.3508701324 0.9343432784 -0.0623918474 -0.8661574721 0.2984982729 -0.4008366168 -0.3558951616 0.1946827620 0.9140225649
205.5 31.8 1814.2 0.2235358506 0.9343432784 0.2775505781 -0.0654301792 0.2984982729 -0.9521647096 -0.9724971056 0.1946827620 0.1278593242
172.9 -217.7 1985.1 0.2414062619 0.1938294023 0.9508696795 -0.3642308712 0.9263110161 -0.0963525102 -0.8994770050 -0.3230760098 0.2942159176
97.6 -577.2 2110.5 0.2544605434 0.0145770097 0.9669733047 -0.1032878235 0.9945768714 0.0121872248 -0.9615516067 -0.1029777303 0.2545862198
206.4 -159.8 1825.9 0.7661206126 0.2139514238 0.6060395837 -0.3630480170 0.9221734405 0.1333877593 -0.5303351283 -0.3222125769 0.7841707468
121.5 -525.6 1953.7 0.8222199678 -0.0000004345 0.5691698194 -0.0000006047 1.0000000000 0.0000016370 -0.5691698194 -0.0000016901 0.8222199678
115.2 -352.2 2005.7 0 0 0 0 0 0 0 0 0
255.3 17.2 1597.5 0 0 0 0 0 0 0 0 0
92.2 -952.4 2149.3 0 0 0 0 0 0 0 0 0
121.5 -907.8 1953.7 0 0 0 0 0 0 0 0 0
48.3 362.2 2087.7 8 0.1962261200 -0.2432492971 0.9499079585 0.3378703892 0.9261897206 0.1673804373 -0.9205101132 0.2881013453 0.2639293373
97.0 177.0 2030.1 0.1962261200 -0.2432492971 0.9499079585 0.3378703892 0.9261897206 0.1673804373 -0.9205101132 0.2881013453 0.2639293373
138.0 -7.0 1972.3 0.1982645094 -0.2150625587 0.9562631845 0.3295994699 0.9334427714 0.1415935755 -0.9230684638 0.2871108651 0.2559530735
66.3 130.4 2164.2 0.0491520390 -0.9770144820 -0.2074290663 0.9895442128 0.0758299604 -0.1226870120 0.1355963200 -0.1992299110 0.9705261588
52.8 -141.4 2126.9 -0.1951883137 -0.9582409263 -0.2089877725 0.8490884900 -0.0584531166 -0.5250067115 0.4908668995 -0.2799242735 0.8250406384
127.6 223.6 1896.0 0.3477815390 0.9322170615 -0.1000968963 -0.8701919317 0.2811989784 -0.4045900106 -0.3490185738 0.2278124541 0.9090036154
204.7 30.7 1818.7 0.2551019788 0.9322170615 0.2566989660 -0.0640813708 0.2811989784 -0.9575075507 -0.9647883177 0.2278124541 0.1314721704
174.6 -219.7 1992.9 0.2500653267 0.2383577377 0.9384310842 -0.4243191779 0.8981724381 -0.1150631532 -0.8702991009 -0.3694210052 0.3257415593
81.2 -571.7 2137.7 0.2825827301 0.0320369042 0.9587078094 -0.0547175445 0.9983531237 -0.0172335226 -0.9576810598 -0.0475882404 0.2838703394
203.4 -161.1 1827.4 0.7934311628 0.1657603830 0.5856539011 -0.2992134988 0.9441329837 0.1381455213 -0.5300361514 -0.2848445177 0.7987022400
137.7 -535.2 1940.3 0.8125222921 -0.1062073782 0.5731731653 0.0775407180 0.9942163825 0.0743048564 -0.5777499080 -0.0159300976 0.8160583973
101.4 -352.7 2004.7 0 0 0 0 0 0 0 0 0
261.6 16.4 1603.7 0 0 0 0 0 0 0 0 0
69.1 -950.1 2155.7 0 0 0 0 0 0 0 0 0
178.1 -912.9 1946.3 0 0 0 0 0 0 0 0 0
45.2 362.9 2094.2 9 0.2302749157 -0.2493437529 0.9406387210 0.3777901828 0.9137061238 0.1497188210 -0.8967987895 0.3208875656 0.3046032190
94.7 181.5 2030.6 0.2302749157 -0.2493437529 0.9406387210 0.3777901828 0.9137061238 0.1497188210 -0.8967987895 0.3208875656 0.3046032190
136.7 0.1 1965.7 0.2320755720 -0.2196424752 0.9475748539 0.3707473576 0.9206074476 0.1225898862 -0.8992704153 0.3228607476 0.2950823605
59.2 128.9 2161.1 0.0499896407 -0.9690583348 -0.2417168170 0.9817802310 0.0921035260 -0.1662062705 0.1833265275 -0.2290042043 0.9560065269
45.4 -140.7 2110.8 -0.2073364556 -0.9482495785 -0.2404877543 0.8267214894 -0.0384118930 -0.5612986088 0.5230135322 -0.3151940703 0.7919024825
130.3 234.1 1900.0 0.3547870517 0.9253087044 -0.1339029372 -0.8555089235 0.2635242641 -0.4457123280 -0.3771348298 0.2726881206 0.8851047754
208.9 44.5 1816.3 0.2881076336 0.9253087044 0.2465721667 -0.0209677033 0.2635242641 -0.9644248486 -0.9573684335 0.2726881206 0.0953249484
162.9 -221.9 1997.3 0.2625244558 0.2503392398 0.9318858385 -0.4394174218 0.8908241391 -0.1155189052 -0.8590653539 -0.3791603446 0.3438665569
64.2 -573.4 2146.9 0.2751795352 -0.0157435760 0.9612639546 -0.0884269550 0.9952130318 0.0416134410 -0.9573175311 -0.0964528099 0.2724700868
198.9 -162.2 1830.7 0.8131979704 0.1325332224 0.5666956306 -0.2584767640 0.9546684623 0.1476409584 -0.5214391351 -0.2665389776 0.8105912805
146.3 -540.8 1936.4 0.8142546415 -0.1537519693 0.5597764850 0.1162733212 0.9879428148 0.1022230387 -0.5687441230 -0.0181485079 0.8223142624
97.0 -346.5 1980.6 0 0 0 0 0 0 0 0 0
273.1 39.8 1603.1 0 0 0 0 0 0 0 0 0
70.1 -951.3 2183.5 0 0 0 0 0 0 0 0 0
204.8 -916.8 1943.3 0 0 0 0 0 0 0 0 0
42.6 361.0 2098.0 0 0.2454559654 -0.2505181730 0.9364784956 0.3937089741 0.9085347056 0.1398496777 -0.8858581185 0.3343730569 0.3216365278
92.5 180.3 2031.5 0.2454559654 -0.2505181730 0.9364784956 0.3937089741 0.9085347056 0.1398496777 -0.8858581185 0.3343730569 0.3216365278
135.0 0.2 1963.4 0.2466560006 -0.2224959880 0.9432159662 0.3890848756 0.9141348004 0.1138882339 -0.8875662088 0.3388998508 0.3120466471
54.8 125.0 2160.4 0.0493786596 -0.9652272463 -0.2567061782 0.9775520563 0.0994142145 -0.1857652962 0.2048259825 -0.2417708188 0.9484688640
41.2 -143.4 2104.1 -0.2134683430 -0.9433935881 -0.2538500428 0.8160057068 -0.0293022823 -0.5773006678 0.5371833444 -0.3303785026 0.7760696411
130.1 235.6 1902.6 0.3586018980 0.9216118455 -0.1484463662 -0.8482502699 0.2553213835 -0.4639854133 -0.3897128999 0.2923057377 0.8733162284
209.6 47.5 1816.2 0.3026922345 0.9216118455 0.2429178208 -0.0014565238 0.2553213835 -0.9668551683 -0.9530872703 0.2923057377 0.0786261559
159.4 -216.2 1982.6 0.2527679205 0.2628860474 0.9311279655 -0.4957857430 0.8616185784 -0.1086733267 -0.8308458924 -0.4341708422 0.3481246829
55.5 -556.7 2154.2 0.2836676836 0.0288866647 0.9584874511 -0.1386998147 0.9902710915 0.0112041375 -0.9488387704 -0.1361202896 0.2849144936
201.7 -148.7 1819.3 0.8158150315 0.1385408938 0.5614732504 -0.2816878557 0.9431180358 0.1765796840 -0.5050720572 -0.3022165596 0.8084351420
146.7 -522.8 1939.2 0.8200850487 -0.1713907570 0.5459722281 0.1478468776 0.9851599932 0.0871844590 -0.5528126359 0.0092216190 0.8332545757
94.4 -346.5 1970.4 0 0 0 0 0 0 0 0 0
277.1 47.2 1603.9 0 0 0 0 0 0 0 0 0
44.5 -933.3 2205.9 0 0 0 0 0 0 0 0 0
212.1 -898.4 1935.7 0 0 0 0 0 0 0 0 0
28.2 358.6 2129.9 1 0.1707014591 -0.2507382631 0.9528858066 0.3888616264 0.9057251215 0.1686673164 -0.9053439498 0.3417489529 0.2521110773
78.2 178.1 2061.8 0.1707014591 -0.2507382631 0.9528858066 0.3888616264 0.9057251215 0.1686673164 -0.9053439498 0.3417489529 0.2521110773
121.5 -1.4 1992.4 0.1712645441 -0.2267846912 0.9587685466 0.3867199123 0.9105197787 0.1462923735 -0.9061546326 0.3457202017 0.2436419129
51.4 123.1 2193.5 0.0328580141 -0.9824883938 -0.1834035963 0.9807999730 0.0669904947 -0.1831493080 0.1922283620 -0.1738643348 0.9658257961
42.4 -146.3 2140.7 -0.2007522732 -0.9628976583 -0.1803514808 0.8148992658 -0.0619584844 -0.5762814283 0.5437257290 -0.2626580894 0.7971029282
104.9 233.0 1930.0 0.3568389714 0.9313878417 -0.0719907060 -0.8410386443 0.2867680192 -0.4587135315 -0.4065955877 0.2242338359 0.8856631517
184.0 46.6 1839.9 0.2348225117 0.9313878417 0.2781637907 -0.0026075295 0.2867680192 -0.9579964876 -0.9720347524 0.2242338359 0.0697682127
155.7 -216.9 1984.4 0.1967347264 0.3105867803 0.9299630523 -0.5378268361 0.8272453547 -0.1625035107 -0.8197790980 -0.4681890309 0.3297898173
34.3 -540.4 2167.4 0.2364054471 0.0524001047 0.9702405334 -0.1628838480 0.9865515828 -0.0135933086 -0.9579046369 -0.1548229754 0.2417612970
196.4 -146.5 1822.7 0.7791243792 0.1586299092 0.6064666510 -0.3201288283 0.9324731231 0.1673662364 -0.5389645696 -0.3245465755 0.7772945166
134.2 -512.2 1950.0 0.7729748487 -0.2168621570 0.5962219834 0.1867207438 0.9759055376 0.1128883883 -0.6063375473 0.0240671281 0.7948430777
92.4 -349.1 2005.3 0 0 0 0 0 0 0 0 0
236.3 46.0 1623.3 0 0 0 0 0 0 0 0 0
14.3 -916.3 2226.4 0 0 0 0 0 0 0 0 0
216.8 -884.2 1940.9 0 0 0 0 0 0 0 0 0
17.0 356.7 2151.8 2 0.0949975252 -0.2650980353 0.9595303535 0.3803817332 0.9004132748 0.2111058533 -0.9199376106 0.3449332714 0.1863754839
69.9 176.8 2082.9 0.0949975252 -0.2650980353 0.9595303535 0.3803817332 0.9004132748 0.2111058533 -0.9199376106 0.3449332714 0.1863754839
114.7 -2.1 2013.0 0.0953857973 -0.2345529497 0.9674122334 0.3789770603 0.9072138667 0.1825908870 -0.9204770327 0.3492104709 0.1754254997
54.2 122.9 2216.8 0.0113894353 -0.9938023090 -0.1105768159 0.9840726852 0.0307590161 -0.1750850528 0.1774011701 -0.1068215072 0.9783240557
51.0 -147.4 2168.1 -0.1917362809 -0.9757902026 -0.1052173078 0.8154647946 -0.0987367406 -0.5703229308 0.5461267233 -0.1951526105 0.8146539927
85.7 230.7 1949.0 0.3576312363 0.9338508844 0.0047292430 -0.8342256546 0.3217462599 -0.4478245974 -0.4197230339 0.1562108099 0.8941089511
165.0 45.7 1856.0 0.1679507345 0.9338508844 0.3157768548 -0.0088743567 0.3217462599 -0.9467843175 -0.9857554436 0.1562108099 0.0623248443
150.4 -217.5 2010.0 0.1727997512 0.3406820893 0.9241623282 -0.5042325258 0.8366010189 -0.2141222656 -0.8461027145 -0.4289923906 0.3163474202
16.2 -546.9 2178.9 0.2037568837 0.0387148745 0.9782557487 -0.1299301237 0.9914484024 -0.0121743660 -0.9703614116 -0.1246242747 0.2070446759
179.4 -147.3 1844.9 0.7536228895 0.1256221384 0.6451911330 -0.2823849916 0.9482465386 0.1452143788 -0.5935581326 -0.2916291654 0.7500941157
129.9 -521.3 1959.9 0.7269541621 -0.2417485118 0.6427249312 0.2097186446 0.9694226980 0.1274272352 -0.6538774967 0.0421576351 0.7554250360
98.8 -350.4 2032.2 0 0 0 0 0 0 0 0 0
202.4 43.8 1636.3 0 0 0 0 0 0 0 0 0
1.5 -925.1 2226.4 0 0 0 0 0 0 0 0 0
222.1 -891.1 1943.8 0 0 0 0 0 0 0 0 0
6.5 356.7 2169.3 3 0.1043595746 -0.2606387436 0.9597794414 0.3766075373 0.9035379291 0.2044161111 -0.9204759002 0.3401274085 0.1924513429
58.7 175.8 2101.2 0.1043595746 -0.2606387436 0.9597794414 0.3766075373 0.9035379291 0.2044161111 -0.9204759002 0.3401274085 0.1924513429
103.0 -3.5 2032.3 0.1047401801 -0.2322097123 0.9670099020 0.3752072453 0.9097261429 0.1778140813 -0.9210043550 0.3442048430 0.1824116409
41.6 122.5 2235.2 0.0155023420 -0.9927439690 -0.1192440540 0.9846104980 0.0359189548 -0.1710320562 0.1740741581 -0.1147575527 0.9780229330
37.3 -147.9 2187.4 -0.1914568990 -0.9747629762 -0.1148102283 0.8184316754 -0.0939843059 -0.5668655634 0.5417692065 -0.2024946511 0.8157708049
75.8 229.2 1967.3 0.3562452197 0.9343801141 -0.0048078480 -0.8376725912 0.3170859218 -0.4447034895 -0.4139975905 0.1624508947 0.8956649303
154.8 43.5 1875.5 0.1756440252 0.9343801141 0.3099725246 -0.0132690240 0.3170859218 -0.9483039975 -0.9843643308 0.1624508947 0.0680925623
152.3 -216.8 2029.3 0.1869446486 0.3766852319 0.9072816372 -0.4843602479 0.8388434052 -0.2484690100 -0.8546618223 -0.3930011988 0.3392686546
3.5 -548.2 2184.6 0.2181249112 0.0396445356 0.9751152992 -0.1176742688 0.9929528832 -0.0140470248 -0.9688004255 -0.1116819754 0.2212529033
168.6 -147.9 1861.5 0.7602218986 0.1109907106 0.6401122808 -0.2610436380 0.9544458389 0.1445316374 -0.5949108005 -0.2769733667 0.7545640469
124.6 -525.7 1971.1 0.7314453125 -0.2464289516 0.6358148456 0.2293958366 0.9669958949 0.1108896285 -0.6421567798 0.0647435859 0.7638343573
85.0 -351.6 2052.5 0 0 0 0 0 0 0 0 0
193.9 40.5 1656.2 0 0 0 0 0 0 0 0 0
-11.6 -927.3 2227.2 0 0 0 0 0 0 0 0 0
218.7 -894.8 1946.4 0 0 0 0 0 0 0 0 0
-5.0 355.4 2178.0 4 0.1246844307 -0.2621959448 0.9569258690 0.3514941633 0.9135772586 0.2045199126 -0.9278500080 0.3108534217 0.2060692012
47.5 172.3 2115.7 0.1246844307 -0.2621959448 0.9569258690 0.3514941633 0.9135772586 0.2045199126 -0.9278500080 0.3108534217 0.2060692012
93.4 -8.8 2052.6 0.1249115542 -0.2397283912 0.9627707005 0.3506651819 0.9184098244 0.1831866801 -0.9281330705 0.3147280216 0.1987843961
27.5 122.5 2250.7 0.0116546769 -0.9899882078 -0.1406680495 0.9888976216 0.0322529078 -0.1450558156 0.1481405050 -0.1374157220 0.9793729186
24.3 -149.0 2210.0 -0.2033174783 -0.9700834155 -0.1326656044 0.8324220777 -0.0999248996 -0.5450581908 0.5154953599 -0.2212536484 0.8278353810
67.6 222.1 1980.8 0.3652634323 0.9305831790 -0.0244455971 -0.8481608033 0.3218590915 -0.4207493663 -0.3836742342 0.1744181514 0.9068474770
148.6 34.0 1895.7 0.1971982270 0.9305831790 0.3084279895 -0.0393143445 0.3218590915 -0.9459710121 -0.9795750380 0.1744181514 0.1000553071
139.4 -218.5 2049.0 0.2225257456 0.3746056259 0.9000849724 -0.4695298672 0.8502897024 -0.2378006876 -0.8544144034 -0.3697000146 0.3650998771
-9.0 -555.4 2195.4 0.2590126693 0.0304329935 0.9653943777 -0.0571595915 0.9982346892 -0.0161324870 -0.9641811252 -0.0510030277 0.2602949739
158.0 -150.0 1880.6 0.7781249285 0.1016310528 0.6198328137 -0.2323738933 0.9633856416 0.1337554753 -0.5835443139 -0.2481114268 0.7732507586
117.7 -531.9 1978.9 0.7406619787 -0.2655055523 0.6171925068 0.2525790334 0.9612563848 0.1104083359 -0.6225942969 0.0741146356 0.7790272236
74.9 -356.2 2081.7 0 0 0 0 0 0 0 0 0
192.5 25.3 1677.5 0 0 0 0 0 0 0 0 0
-20.6 -935.9 2214.9 0 0 0 0 0 0 0 0 0
219.1 -899.0 1950.6 0 0 0 0 0 0 0 0 0
-16.8 357.3 2195.9 5 0.1497804672 -0.2688663006 0.9514603019 0.3412002921 0.9172551036 0.2054881901 -0.9279807210 0.2938604355 0.2291241735
37.1 173.4 2137.0 0.1497804672 -0.2688663006 0.9514603019 0.3412002921 0.9172551036 0.2054881901 -0.9279807210 0.2938604355 0.2291241735
84.7 -8.5 2077.7 0.1507851928 -0.2484245300 0.9568433166 0.3376266360 0.9226510525 0.1863419563 -0.9291243553 0.2949581742 0.2229968607
13.3 125.5 2272.0 0.0075131948 -0.9857640862 -0.1679665297 0.9908877015 0.0299286991 -0.1313232034 0.1344807148 -0.1654493213 0.9770063758
11.2 -146.6 2235.1 -0.2176351845 -0.9635255933 -0.1557350606 0.8395096064 -0.1034072787 -0.5334140062 0.4978539050 -0.2468307316 0.8313940763
60.9 221.3 2002.0 0.3758362532 0.9253489375 -0.0497639775 -0.8533293009 0.3246453106 -0.4079638422 -0.3613532484 0.1957926601 0.9116408825
144.2 32.1 1921.9 0.2244801968 0.9253489375 0.3055126667 -0.0530093610 0.3246453106 -0.9443492293 -0.9730358124 0.1957926601 0.1219286025
129.4 -223.3 2075.5 0.2665168345 0.3844195902 0.8838497400 -0.4364493489 0.8657465577 -0.2449385226 -0.8593490124 -0.3204753995 0.3985157013
-22.9 -566.3 2202.4 0.2918829620 -0.0045075058 0.9564434290 -0.0159753691 0.9998264313 0.0095872497 -0.9563206434 -0.0180778913 0.2917602956
152.0 -159.1 1905.6 0.7978902459 0.0977034420 0.5948320627 -0.2049277574 0.9719700217 0.1152342856 -0.5669001341 -0.2138419151 0.7955475450
113.3 -544.7 1990.4 0.7627162337 -0.2638376951 0.5904690027 0.2725944519 0.9590882063 0.0764331594 -0.5864778161 0.1026617512 0.8034328818
65.4 -355.6 2111.1 0 0 0 0 0 0 0 0 0
194.2 20.3 1705.1 0 0 0 0 0 0 0 0 0
-21.2 -947.5 2209.3 0 0 0 0 0 0 0 0 0
214.0 -910.9 1951.2 0 0 0 0 0 0 0 0 0
-27.0 356.9 2211.8 6 0.1656041592 -0.2681351006 0.9490410089 0.3414884508 0.9183852673 0.1998853832 -0.9251815677 0.2909846902 0.2436534464
26.7 173.0 2153.5 0.1656041592 -0.2681351006 0.9490410089 0.3414884508 0.9183852673 0.1998853832 -0.9251815677 0.2909846902 0.2436534464
74.3 -9.0 2094.3 0.1659564525 -0.2484410256 0.9543246627 0.3402328491 0.9227464795 0.1810539514 -0.9255809188 0.2946455181 0.2376635224
0.7 124.7 2288.0 0.0101358918 -0.9830827713 -0.1828810424 0.9903548360 0.0351429991 -0.1340234429 0.1381831318 -0.1797586828 0.9739570022
-2.1 -147.3 2250.1 -0.2210158557 -0.9602720141 -0.1703807563 0.8387372494 -0.0980042294 -0.5356444716 0.4976663589 -0.2612906098 0.8270764351
52.7 221.2 2019.1 0.3771327138 0.9238743186 -0.0650170222 -0.8537864089 0.3195998371 -0.4109801948 -0.3589146137 0.2105047107 0.9093228579
136.3 31.9 1939.5 0.2384749502 0.9238743186 0.2993091941 -0.0505851805 0.3195998371 -0.9462013841 -0.9698303342 0.2105047107 0.1229508966
120.1 -222.7 2104.4 0.2985225618 0.3895209134 0.8712965846 -0.3866574764 0.8840080500 -0.2627275586 -0.8725710511 -0.2584632337 0.4145075381
-34.2 -572.8 2206.8 0.3052969873 -0.0402142294 0.9514076710 -0.0186285339 0.9986644983 0.0481893905 -0.9520749450 -0.0324354060 0.3041401207
147.6 -160.9 1934.3 0.8075776100 0.1104587391 0.5793247819 -0.1847458482 0.9802447557 0.0706339702 -0.5600779653 -0.1640702635 0.8120305538
103.8 -549.6 1999.3 0.7653788924 -0.2803986967 0.5792855024 0.2958120704 0.9526568651 0.0702856109 -0.5715683103 0.1175645292 0.8120887876
53.0 -356.0 2126.2 0 0 0 0 0 0 0 0 0
189.5 20.7 1723.5 0 0 0 0 0 0 0 0 0
-18.8 -953.7 2219.2 0 0 0 0 0 0 0 0 0
210.9 -913.4 1954.4 0 0 0 0 0 0 0 0 0
-37.7 357.1 2219.3 7 0.2736882567 -0.2800688446 0.9201391935 0.3584656715 0.9174436331 0.1726255268 -0.8925228715 0.2825927436 0.3514886200
18.4 173.5 2162.7 0.2736882567 -0.2800688446 0.9201391935 0.3584656715 0.9174436331 0.1726255268 -0.8925228715 0.2825927436 0.3514886200
65.7 -8.7 2104.0 0.2746885717 -0.2464818209 0.9294046164 0.3549668789 0.9243038297 0.1402174681 -0.8936132789 0.2913917005 0.3413885832
-23.4 123.1 2292.4 0.0293868482 -0.9567074180 -0.2895640433 0.9858840108 0.0755119473 -0.1494343579 0.1648305058 -0.2810851634 0.9454216361
-31.4 -147.6 2247.1 -0.2436253428 -0.9299630523 -0.2753459513 0.8347156048 -0.0564858913 -0.5477766395 0.4938588440 -0.3632878363 0.7900160551
60.1 223.8 2033.1 0.3835488260 0.9067729712 -0.1750801802 -0.8586884737 0.2803781331 -0.4290013909 -0.3399182260 0.3148823082 0.8861742020
145.2 33.4 1957.7 0.3380442858 0.9067729712 0.2519698739 -0.0371466465 0.2803781331 -0.9591705799 -0.9403968453 0.3148823082 0.1284638047
108.4 -223.5 2120.7 0.3716418743 0.3799075484 0.8470847607 -0.3864409626 0.8929365277 -0.2309280932 -0.8441241980 -0.2415256947 0.4786644280
-42.3 -577.7 2216.5 0.3745508492 -0.0699486360 0.9245641232 0.0091527700 0.9973806739 0.0717497393 -0.9271612167 -0.0184116028 0.3742100000
138.8 -161.1 1951.1 0.8598778844 0.1132814810 0.4977723956 -0.1707766950 0.9827219844 0.0713637397 -0.4810876846 -0.1463720202 0.8643667698
93.8 -551.2 2009.2 0.8216689229 -0.2858943939 0.4930766821 0.3103149235 0.9500350952 0.0337342471 -0.4780845940 0.1252906770 0.8693315983
29.2 -355.4 2124.2 0 0 0 0 0 0 0 0 0
220.5 25.1 1748.2 0 0 0 0 0 0 0 0 0
-15.6 -958.2 2223.5 0 0 0 0 0 0 0 0 0
203.0 -914.1 1961.3 0 0 0 0 0 0 0 0 0
-48.4 359.6 2230.0 8 0.3460154235 -0.2886138558 0.8927347660 0.3695193827 0.9165265560 0.1530833840 -0.8623970747 0.2769135833 0.4237807393
9.3 176.3 2174.7 0.3460154235 -0.2886138558 0.8927347660 0.3695193827 0.9165265560 0.1530833840 -0.8623970747 0.2769135833 0.4237807393
58.8 -5.5 2116.4 0.3468995690 -0.2565809190 0.9021235704 0.3665370941 0.9224473238 0.1214144304 -0.8633140922 0.2885431349 0.4140430093
-42.9 124.3 2299.8 0.0289378408 -0.9312833548 -0.3631445467 0.9823839068 0.0935966820 -0.1617454141 0.1846199334 -0.3520667851 0.9175862074
-50.8 -145.5 2249.1 -0.2703969181 -0.8999544382 -0.3420051038 0.8293389678 -0.0373168513 -0.5574982166 0.4889604747 -0.4343839586 0.7564576864
61.5 228.3 2049.5 0.3977770507 0.8833439946 -0.2479452342 -0.8579055667 0.2623124421 -0.4418033063 -0.3252251744 0.3884528279 0.8621675968
149.7 38.1 1977.4 0.4087648988 0.8833439946 0.2293788791 -0.0255476926 0.2623124421 -0.9646447301 -0.9122820497 0.3884528279 0.1297915280
89.6 -224.7 2127.5 -0.6443677545 0.3455541134 0.6821895242 0.0156674776 0.8978607655 -0.4400006831 -0.7645552158 -0.2728340924 -0.5839664936
-47.4 -580.8 2235.7 -0.6443677545 -0.0625988618 0.7621492743 0.0156674776 0.9953540564 0.0949992985 -0.7645552158 0.0731554404 -0.6403933167
139.6 -160.0 1964.7 -0.5661464930 0.1469028443 0.8111089468 -0.0324266590 0.9792609811 -0.1999909729 -0.8236665726 -0.1395257413 -0.5496416092
81.3 -548.7 2020.1 -0.5661464930 -0.2903690934 0.7714686990 -0.0324266590 0.9430232048 0.3311431110 -0.8236665726 0.1624593735 -0.5433049798
16.5 -351.9 2127.4 0 0 0 0 0 0 0 0 0
240.8 32.4 1774.2 0 0 0 0 0 0 0 0 0
-23.6 -959.3 2207.9 0 0 0 0 0 0 0 0 0
192.2 -908.8 1958.1 0 0 0 0 0 0 0 0 0
-57.4 361.0 2243.4 9 0.3326774836 -0.2892932892 0.8975718021 0.3468053341 0.9226180315 0.1688253731 -0.8769559860 0.2551182806 0.4072626829
0.6 176.1 2192.2 0.3326774836 -0.2892932892 0.8975718021 0.3468053341 0.9226180315 0.1688253731 -0.8769559860 0.2551182806 0.4072626829
52.0 -6.7 2139.0 0.3332448304 -0.2665210962 0.9043862224 0.3449171185 0.9271857738 0.1461463273 -0.8774850965 0.2632357776 0.4009075463
-49.7 127.2 2319.4 0.0170987435 -0.9359194040 -0.3517989814 0.9878250957 0.0702260807 -0.1388161480 0.1546261907 -0.3451422751 0.9257254004
-54.4 -144.1 2276.9 -0.2770654261 -0.9035868049 -0.3267500997 0.8400079012 -0.0626813248 -0.5389413238 0.4664991498 -0.4237946570 0.7763869166
50.8 224.9 2065.1 0.4064380527 0.8833986521 -0.2332699895 -0.8618703485 0.2859367728 -0.4188312590 -0.3032945096 0.3712774515 0.8775907159
140.9 33.9 1997.8 0.4000683129 0.8833986521 0.2440330535 -0.0475929938 0.2859367728 -0.9570658803 -0.9152487516 0.3712774515 0.1564378142
78.1 -222.2 2137.8 -0.6497178674 0.3116085827 0.6933734417 -0.0097594736 0.9086285233 -0.4174912572 -0.7601127625 -0.2780185044 -0.5873110890
-45.5 -582.7 2248.1 -0.6518117785 -0.0315228961 0.7577253580 0.0353787616 0.9967840910 0.0719017982 -0.7575551271 0.0736738220 -0.6486003399
141.3 -155.4 1980.5 -0.5627227426 0.1873035580 0.8051462770 -0.0021809994 0.9736521840 -0.2280279100 -0.8266428113 -0.1300725043 -0.5474876761
67.0 -541.8 2032.1 -0.5627227426 -0.3133337796 0.7649608254 -0.0021809994 0.9259388447 0.3776671886 -0.8266428113 0.2108535320 -0.5217301846
14.6 -353.2 2160.8 0 0 0 0 0 0 0 0 0
230.1 23.3 1793.9 0 0 0 0 0 0 0 0 0
-33.5 -962.5 2220.0 0 0 0 0 0 0 0 0 0
186.5 -894.9 1951.7 0 0 0 0 0 0 0 0 0
-65.4 363.7 2256.1 0 0.4102108479 -0.2792938948 0.8681716323 0.3346337378 0.9316488504 0.1416004151 -0.8483792543 0.2324334979 0.4756336212
-9.3 176.6 2209.4 0.4102108479 -0.2792938948 0.8681716323 0.3346337378 0.9316488504 0.1416004151 -0.8483792543 0.2324334979 0.4756336212
41.0 -7.8 2160.8 0.4111884832 -0.2604477704 0.8735507727 0.3312517107 0.9354919791 0.1229921654 -0.8492327929 0.2387922406 0.4709373116
-70.8 129.7 2332.3 0.0324662067 -0.9033265710 -0.4277231097 0.9877170920 0.0944412649 -0.1244821176 0.1528427154 -0.4184279740 0.8952972293
-79.7 -141.5 2290.3 -0.2894864678 -0.8686047792 -0.4021483362 0.8496357799 -0.0396944024 -0.5258739591 0.4408135712 -0.4939129949 0.7494887114
52.2 223.4 2086.5 0.4048709869 0.8588982224 -0.3136453032 -0.8742753267 0.2631637454 -0.4079061747 -0.2678098083 0.4393617511 0.8574608564
142.0 29.6 2027.1 0.4697715640 0.8588982224 0.2039817870 -0.0631393865 0.2631637454 -0.9626828432 -0.8805271387 0.4393617511 0.1778571457
74.4 -222.4 2166.9 -0.5910439491 0.2913422585 0.7521879673 -0.0053799353 0.9310514927 -0.3648481965 -0.8066214323 -0.2196880430 -0.5487249494
-41.0 -591.3 2253.9 -0.5929749608 0.0036344626 0.8052127361 0.0814803466 0.9951277971 0.0555120967 -0.8010877967 0.0985262915 -0.5903819799
135.4 -159.3 2006.5 -0.4277639091 0.1903279126 0.8836250901 0.0210685637 0.9794136882 -0.2007609159 -0.9036449194 -0.0672615618 -0.4229677618
60.0 -547.5 2033.2 -0.4277639091 -0.3157769144 0.8469374180 0.0210685637 0.9332533479 0.3586005569 -0.9036449194 0.1712401211 -0.3925591111
-7.6 -353.0 2180.6 0 0 0 0 0 0 0 0 0
246.6 15.5 1830.9 0 0 0 0 0 0 0 0 0
-42.4 -970.7 2216.4 0 0 0 0 0 0 0 0 0
180.4 -903.5 1967.9 0 0 0 0 0 0 0 0 0
-72.2 366.8 2269.4 1 0.4872449934 -0.2921420038 0.8229491711 0.3448493183 0.9301593900 0.1260254532 -0.8022912741 0.2223881781 0.5539605021
-13.1 178.5 2224.4 0.4872449934 -0.2921420038 0.8229491711 0.3448493183 0.9301593900 0.1260254532 -0.8022912741 0.2223881781 0.5539605021
38.5 -5.8 2177.0 0.4889768660 -0.2662748694 0.8306619525 0.3390634954 0.9354059100 0.1002584472 -0.8037024140 0.2326231003 0.5476759076
-85.8 130.6 2340.6 0.0337975062 -0.8616517186 -0.5063734055 0.9842385054 0.1166955680 -0.1328784823 0.1735865027 -0.4939012527 0.8520148396
-95.1 -139.7 2292.9 -0.3141970634 -0.8224688172 -0.4741573632 0.8465500474 -0.0166680831 -0.5320481658 0.4296897352 -0.5685659051 0.7014980912
59.7 226.5 2108.2 0.4135900140 0.8209434152 -0.3936943412 -0.8761041760 0.2411812842 -0.4174602628 -0.2477595508 0.5175746679 0.8189821243
151.4 32.2 2053.3 0.5441386104 0.8209434152 0.1731043905 -0.0556442738 0.2411812842 -0.9688835144 -0.8371480703 0.5175746679 0.1769168377
55.0 -223.9 2190.8 -0.5321303606 0.2346070707 0.8135089278 -0.0289985053 0.9552281499 -0.2944457531 -0.8461656570 -0.1802740842 -0.5015026331
-37.8 -601.9 2262.2 -0.5325915217 0.0337945521 0.8456974626 0.1098800749 0.9935070276 0.0294976328 -0.8392094970 0.1086354852 -0.5328468084
130.1 -163.4 2035.9 -0.3419831991 0.1836943179 0.9215768576 0.0665761754 0.9829794168 -0.1712280363 -0.9373447299 0.0027979503 -0.3483921289
57.4 -552.6 2034.8 -0.3269667625 -0.2916082740 0.8989201188 0.0162126962 0.9493312836 0.3138586581 -0.9448967576 0.1171952710 -0.3056720197
-16.9 -350.4 2185.9 0 0 0 0 0 0 0 0 0
272.6 19.8 1866.8 0 0 0 0 0 0 0 0 0
-50.7 -981.0 2220.7 0 0 0 0 0 0 0 0 0
168.5 -914.4 1990.1 0 0 0 0 0 0 0 0 0
-76.8 368.4 2274.6 2 0.5239799023 -0.2946874201 0.7991272211 0.3470643759 0.9306852818 0.1156342551 -0.7778118849 0.2167585641 0.5899358988
-17.4 180.7 2230.9 0.5239799023 -0.2946874201 0.7991272211 0.3470643759 0.9306852818 0.1156342551 -0.7778118849 0.2167585641 0.5899358988
36.5 -3.3 2184.8 0.5249299407 -0.2775816023 0.8046098351 0.3439690173 0.9338769317 0.0977708995 -0.7785459757 0.2254379690 0.5856994390
-95.3 132.1 2343.3 0.0248306170 -0.8382461071 -0.5447264314 0.9832648635 0.1188522652 -0.1380736828 0.1804816872 -0.5321819186 0.8271691203
-102.1 -138.0 2293.8 -0.3343892694 -0.7955521345 -0.5052530766 0.8438715935 -0.0140576046 -0.5363609791 0.4196004868 -0.6057220697 0.6760445237
60.5 229.4 2118.4 0.4253760874 0.7961392999 -0.4303689301 -0.8743816018 0.2388546467 -0.4223805368 -0.2334781140 0.5559772253 0.7977325916
154.8 35.5 2066.7 0.5819593072 0.7961392999 0.1657878757 -0.0505022332 0.2388546467 -0.9697411656 -0.8116482496 0.5559772253 0.1792104840
46.7 -222.6 2204.0 -0.4977713227 0.1974048913 0.8445442915 -0.0463991091 0.9662976861 -0.2532111704 -0.8660662770 -0.1652273536 -0.4718358517
-31.5 -605.5 2269.4 -0.4937255681 0.0659723058 0.8671116829 0.1231834367 0.9923694134 -0.0053627365 -0.8608489633 0.1041660756 -0.4980848432
135.8 -160.7 2057.6 -0.2929266989 0.2121034712 0.9323121905 0.1006339341 0.9765077829 -0.1905395240 -0.9508242607 0.0380081274 -0.3073900044
51.8 -547.7 2042.5 -0.2689509988 -0.2821545899 0.9208985567 0.0159838796 0.9546889663 0.2971757948 -0.9630212188 0.0946452543 -0.2522546053
-18.9 -348.0 2189.3 0 0 0 0 0 0 0 0 0
284.5 24.2 1885.8 0 0 0 0 0 0 0 0 0
-56.7 -984.2 2229.7 0 0 0 0 0 0 0 0 0
159.4 -911.9 2006.4 0 0 0 0 0 0 0 0 0
-81.5 367.6 2277.2 3 0.5896542668 -0.3041208982 0.7482100725 0.3527737856 0.9303355217 0.1001322046 -0.7265387177 0.2049055248 0.6558622122
-20.2 180.1 2235.9 0.5896542668 -0.3041208982 0.7482100725 0.3527737856 0.9303355217 0.1001322046 -0.7265387177 0.2049055248 0.6558622122
36.6 -3.5 2191.5 0.5894317627 -0.2917010188 0.7533131838 0.3534691334 0.9316504002 0.0841846913 -0.7263813019 0.2166518271 0.6522516608
-107.4 130.1 2340.6 0.0136023164 -0.7904343009 -0.6123957634 0.9801334143 0.1317387819 -0.1482681185 0.1978724748 -0.5982127786 0.7765229940
-111.1 -139.1 2286.3 -0.3648707271 -0.7422826886 -0.5620371699 0.8388816714 -0.0002138968 -0.5443137884 0.4039144814 -0.6700868607 0.6227653623
67.1 230.1 2131.1 0.4398868978 0.7479146719 -0.4971148074 -0.8728231192 0.2257650793 -0.4326775968 -0.2113747746 0.6242225170 0.7521083355
164.6 36.6 2084.2 0.6474517584 0.7479146719 0.1463892013 -0.0407258309 0.2257650793 -0.9733301401 -0.7610174417 0.6242225170 0.1766314507
43.6 -220.3 2211.2 -0.4369308352 0.1790182739 0.8815009594 -0.0938198045 0.9655799866 -0.2425967008 -0.8945888877 -0.1887002289 -0.4050962031
-27.4 -603.4 2286.0 -0.4327540398 0.0742261484 0.8984511495 0.1738542020 0.9847685099 0.0023824698 -0.8845895529 0.1572305262 -0.4390670657
