-86.7 458.9 2719.9 81 0.0586327985 0.1639265418 -0.9847285151 -0.0886903852 0.9833802581 0.1584212780 0.9943320155 0.0780472681 0.0721970424
-119.4 262.7 2704.3 0.0586327985 0.1639265418 -0.9847285151 -0.0886903852 0.9833802581 0.1584212780 0.9943320155 0.0780472681 0.0721970424
-146.5 69.1 2693.8 0.0625176057 0.1388866156 -0.9883329868 -0.0633888468 0.9888232946 0.1349458247 0.9960288405 0.0542127974 0.0706227273
-128.3 271.8 2562.7 0.1614377052 0.3469524980 -0.9238840938 0.9685370326 0.1239691973 0.2157952785 0.1894038767 -0.9296534657 -0.3160230517
-172.8 4.7 2510.5 0.0164410248 0.3470804691 -0.9376912117 0.9891743660 0.1311259121 0.0658791363 0.1458209902 -0.9286232591 -0.3411672711
-110.5 253.7 2845.9 -0.0032079155 0.5697876215 -0.8217856884 -0.9388119578 0.2813224196 0.1987204999 0.3444152176 0.7721397281 0.5340209603
-111.4 -15.1 2944.5 0.3724518716 0.5730023384 -0.7300328016 -0.9266129136 0.2733870447 -0.2581627667 0.0516536497 0.7726110220 0.6327748895
-203.7 -117.2 2586.3 -0.1791449487 0.1194769219 -0.9765410423 0.0835862309 0.9908580184 0.1058947966 0.9802654982 -0.0626548678 -0.1874938309
-250.5 -505.3 2610.8 -0.1806358099 0.0033166553 -0.9835444689 -0.0278142411 0.9995771646 0.0084790280 0.9831566811 0.0288881585 -0.1804671884
-180.3 -128.7 2765.1 -0.5956766009 -0.4668176174 -0.6536442041 -0.2191593498 0.8773571849 -0.4268648028 0.7727474570 -0.1110211313 -0.6249285936
2.5 -472.2 2808.6 -0.5827423930 -0.2094486952 -0.7852022052 -0.2851613760 0.9574796557 -0.0437686294 0.7609824538 0.1984035224 -0.6176906824
-177.4 -273.4 2469.5 0 0 0 0 0 0 0 0 0
-6.6 -276.0 2959.0 0 0 0 0 0 0 0 0 0
-251.4 -794.4 2602.5 0 0 0 0 0 0 0 0 0
74.6 -801.7 2740.3 0 0 0 0 0 0 0 0 0
-73.3 454.9 2717.6 82 0.0243168548 0.1774112284 -0.9838363528 -0.0861081108 0.9808416367 0.1747429222 0.9959890246 0.0804670900 0.0391275287
-108.4 260.4 2701.6 0.0243168548 0.1774112284 -0.9838363528 -0.0861081108 0.9808416367 0.1747429222 0.9959890246 0.0804670900 0.0391275287
-137.2 67.1 2690.0 0.0278917607 0.1470975727 -0.9887286425 -0.0644261166 0.9873214960 0.1450707763 0.9975326061 0.0596536659 0.0370150618
-112.4 269.6 2559.7 0.1879508197 0.3750738204 -0.9077411890 0.9661787748 0.0955334157 0.2395244092 0.1765589565 -0.9220591187 -0.3444328010
-165.1 -1.4 2510.2 -0.0593352765 0.3713854253 -0.9265809059 0.9837353230 0.1794029027 0.0089117037 0.1695409864 -0.9109815955 -0.3759898841
-104.5 251.2 2843.5 -0.0245444495 0.5460056067 -0.8374218941 -0.9388749599 0.2751393318 0.2069109976 0.3433822691 0.7913129330 0.5058778524
-111.5 -17.5 2941.8 0.3611744046 0.5491322875 -0.7536622286 -0.9303405285 0.2671476901 -0.2511944175 0.0634001717 0.7918875217 0.6073669195
-179.3 -118.8 2593.4 -0.2122413069 0.1519569904 -0.9653303623 0.0803717673 0.9872036576 0.1377293169 0.9739065766 -0.0483534597 -0.2217384428
-238.8 -505.2 2612.4 -0.2180310786 0.0462716930 -0.9748442769 -0.0205960702 0.9984347820 0.0519978926 0.9757244587 0.0314151198 -0.2167367935
-168.0 -130.3 2773.0 -0.6127597690 -0.4427432716 -0.6546021104 -0.2353451401 0.8929787278 -0.3836686313 0.7544124722 -0.0810392871 -0.6513789296
5.2 -479.7 2804.8 -0.5978663564 -0.2290368676 -0.7681783438 -0.3043973148 0.9513970017 -0.0467548668 0.7415511608 0.2058782578 -0.6385264397
-148.4 -278.3 2462.5 0 0 0 0 0 0 0 0 0
-9.8 -279.5 2959.7 0 0 0 0 0 0 0 0 0
-252.1 -792.5 2603.3 0 0 0 0 0 0 0 0 0
83.4 -804.7 2734.4 0 0 0 0 0 0 0 0 0
-58.9 457.4 2735.9 83 0.0122213420 0.1511366516 -0.9884373546 -0.1001764312 0.9837229252 0.1491771936 0.9948946238 0.0971949771 0.0271627456
-88.9 262.2 2716.6 0.0122213420 0.1511366516 -0.9884373546 -0.1001764312 0.9837229252 0.1491771936 0.9948946238 0.0971949771 0.0271627456
-115.0 68.6 2702.5 0.0158361532 0.1335442215 -0.9909163117 -0.0751349106 0.9883975387 0.1320040077 0.9970476031 0.0723619759 0.0256862473
-91.2 272.9 2574.7 0.1870130748 0.3911627233 -0.9011203051 0.9557043910 0.1397812515 0.2590180337 0.2272779346 -0.9096444249 -0.3476949930
-146.3 -8.9 2507.7 -0.1064647734 0.3845904768 -0.9169271588 0.9774712920 0.2095077783 -0.0256198775 0.1822502166 -0.8989976048 -0.3982313275
-86.7 251.5 2858.6 -0.0167516079 0.5321448445 -0.8464875817 -0.9427497387 0.2736209929 0.1906685829 0.3330800831 0.8012199402 0.4970958531
-91.5 -18.4 2953.9 0.3726378083 0.5353539586 -0.7579823136 -0.9261556268 0.2657035887 -0.2676515281 0.0581103265 0.8017466664 0.5948323011
-168.5 -120.5 2588.3 -0.2204323262 0.1566098481 -0.9627475739 0.1027494892 0.9852628708 0.1367466897 0.9699753523 -0.0687784329 -0.2332753688
-229.8 -506.2 2615.2 -0.2316455841 0.0813279822 -0.9693946838 -0.0148759885 0.9960865974 0.0871220678 0.9726865292 0.0346021466 -0.2295292169
-163.4 -132.1 2768.3 -0.6317442656 -0.4349060059 -0.6416820884 -0.2266478986 0.8952452540 -0.3836230040 0.7413028479 -0.0969157442 -0.6641366482
6.8 -482.5 2806.2 -0.6103554368 -0.2393892109 -0.7550887465 -0.3255734742 0.9448169470 -0.0363711454 0.7221274972 0.2236375362 -0.6546129584
-116.5 -282.3 2456.7 0 0 0 0 0 0 0 0 0
13.5 -279.2 2970.3 0 0 0 0 0 0 0 0 0
-252.9 -789.5 2605.4 0 0 0 0 0 0 0 0 0
88.9 -806.7 2729.5 0 0 0 0 0 0 0 0 0
-43.6 461.4 2755.6 84 0.0370671414 0.1488561779 -0.9881638885 -0.1485736221 0.9786743522 0.1418535113 0.9882063866 0.1415569931 0.0583927631
-73.2 266.6 2727.4 0.0370671414 0.1488561779 -0.9881638885 -0.1485736221 0.9786743522 0.1418535113 0.9882063866 0.1415569931 0.0583927631
-98.6 73.9 2705.0 0.0410307124 0.1293265522 -0.9907528162 -0.1205953285 0.9849797487 0.1235786676 0.9918534160 0.1144096330 0.0560105965
-79.1 283.8 2586.3 0.1632296145 0.3675504327 -0.9155669212 0.9523253441 0.1837436855 0.2435461134 0.2577451169 -0.9116715193 -0.3200351894
-129.3 -9.2 2507.0 -0.1618824303 0.3595305085 -0.9189841747 0.9687929749 0.2350456417 -0.0787004605 0.1877080053 -0.9030455947 -0.3863603771
-67.4 249.5 2868.5 -0.0033222034 0.5502031446 -0.8350242376 -0.9571173787 0.2401440740 0.1620405316 0.2896813154 0.7997545600 0.5258111954
-68.3 -24.2 2951.4 0.3795433939 0.5533763766 -0.7414320111 -0.9251525402 0.2324638367 -0.3000889421 0.0062940046 0.7998344302 0.6001876593
-142.6 -118.1 2598.3 -0.1924680620 0.2106852680 -0.9584193826 0.0809032172 0.9767620564 0.1984706074 0.9779625535 -0.0393399596 -0.2050406039
-224.9 -499.9 2613.7 -0.2013456672 0.0909398496 -0.9752896428 -0.0075892643 0.9955062270 0.0943917036 0.9794908762 0.0264070909 -0.1997506917
-139.7 -131.7 2778.4 -0.6301944256 -0.3927550018 -0.6697749496 -0.2248799950 0.9179806113 -0.3267117739 0.7431581020 -0.0552729368 -0.6668289900
13.8 -490.4 2800.0 -0.6106054187 -0.2309519947 -0.7575105429 -0.3186511993 0.9473327398 -0.0319708437 0.7249982357 0.2218600661 -0.6520395875
-83.4 -284.2 2453.7 0 0 0 0 0 0 0 0 0
38.5 -284.5 2953.1 0 0 0 0 0 0 0 0 0
-251.4 -789.4 2606.0 0 0 0 0 0 0 0 0 0
90.8 -806.2 2726.0 0 0 0 0 0 0 0 0 0
-28.1 462.7 2754.4 85 0.0842597485 0.1464913040 -0.9856168628 -0.1659412384 0.9773848653 0.1310815811 0.9825292826 0.1525095850 0.1066631451
-57.3 267.8 2724.0 0.0842597485 0.1464913040 -0.9856168628 -0.1659412384 0.9773848653 0.1310815811 0.9825292826 0.1525095850 0.1066631451
-78.5 75.3 2696.0 0.0860397220 0.1070886925 -0.9905196428 -0.1521738619 0.9839533567 0.0931604803 0.9846015573 0.1427157074 0.1009551734
-69.6 289.3 2584.0 0.1384016126 0.3189288676 -0.9376189709 0.9591491818 0.1926967055 0.2071250081 0.2467342466 -0.9279829264 -0.2792308331
-109.0 16.7 2513.9 -0.1663366109 0.3114067018 -0.9356057048 0.9666845798 0.2387074232 -0.0924106687 0.1945587248 -0.9198068380 -0.3407378197
-45.0 246.2 2864.0 0.0347169898 0.5766521096 -0.8162518740 -0.9660325050 0.2286393791 0.1204378754 0.2560780644 0.7843445539 0.5650023222
-35.1 -29.8 2937.2 0.4041653872 0.5800583959 -0.7072358727 -0.9137456417 0.2209921628 -0.3409272730 -0.0414641388 0.7840247154 0.6193431616
-127.8 -107.9 2593.2 -0.1452367753 0.2099894285 -0.9668561220 0.0829421431 0.9763618708 0.1995947808 0.9859142303 -0.0512046143 -0.1592206359
-209.9 -489.9 2613.2 -0.1566285193 0.1318427771 -0.9788181782 0.0013144035 0.9910770655 0.1332836747 0.9876567125 0.0195894614 -0.1554042250
-120.3 -129.7 2772.1 -0.6303762197 -0.3570241332 -0.6893182397 -0.1764723063 0.9306228161 -0.3206223845 0.7559651732 -0.0804671496 -0.6496473551
19.2 -493.4 2803.6 -0.6047617793 -0.2153680474 -0.7667331696 -0.3232894540 0.9462385774 -0.0107944123 0.7278372645 0.2413487136 -0.6418751478
-61.9 -256.7 2458.9 0 0 0 0 0 0 0 0 0
78.5 -286.7 2925.5 0 0 0 0 0 0 0 0 0
-250.1 -792.1 2607.2 0 0 0 0 0 0 0 0 0
90.5 -806.5 2723.7 0 0 0 0 0 0 0 0 0
-14.5 465.2 2765.4 86 0.1832566708 0.1235131845 -0.9752750993 -0.1861360371 0.9784897566 0.0889448747 0.9652825594 0.1652340889 0.2023050338
-39.1 269.7 2732.3 0.1832566708 0.1235131845 -0.9752750993 -0.1861360371 0.9784897566 0.0889448747 0.9652825594 0.1652340889 0.2023050338
-59.0 77.2 2702.6 0.1853586584 0.1004675776 -0.9775215983 -0.1677243710 0.9833974838 0.0692674220 0.9682513475 0.1511148810 0.1991320997
-65.5 293.3 2595.2 0.0820480213 0.2286352217 -0.9700484872 0.9519589543 0.2701534629 0.1441917121 0.2950292528 -0.9352769852 -0.1954857856
-89.4 15.5 2509.1 -0.2255395502 0.2344046831 -0.9456142783 0.9547922015 0.2461240292 -0.1667178422 0.1936589628 -0.9404665828 -0.2793184519
-12.8 246.0 2869.5 0.0787358060 0.6462010145 -0.7590948343 -0.9698609114 0.2257829159 0.0916069523 0.2305871397 0.7290036678 0.6445023417
9.7 -31.1 2935.3 0.4148674607 0.6497938633 -0.6369088888 -0.9044328332 0.2180107832 -0.3667050302 -0.0994296819 0.7281752825 0.6781404614
-107.4 -103.5 2579.2 -0.0399610475 0.2285675853 -0.9727075696 0.1068632826 0.9688794017 0.2232778519 0.9934703708 -0.0950243101 -0.0631429181
-196.8 -482.3 2616.4 -0.0605116934 0.1663144380 -0.9842143059 -0.0124096982 0.9858196378 0.1673486978 0.9980903268 0.0223403554 -0.0575897060
-91.8 -130.8 2756.8 -0.5922160149 -0.3068134189 -0.7450810671 -0.0878205672 0.9437395930 -0.3188152611 0.8009792566 -0.1233740598 -0.5858421922
28.0 -499.3 2804.9 -0.5624721646 -0.1928415149 -0.8040131927 -0.3225562871 0.9465492964 -0.0013744415 0.7613031864 0.2585664093 -0.5946098566
-25.5 -254.9 2454.3 0 0 0 0 0 0 0 0 0
126.2 -285.1 2907.4 0 0 0 0 0 0 0 0 0
-249.2 -793.1 2609.3 0 0 0 0 0 0 0 0 0
90.2 -804.8 2721.5 0 0 0 0 0 0 0 0 0
-0.3 470.6 2780.3 87 0.2035337687 0.1109448224 -0.9727616906 -0.2130425572 0.9747704864 0.0665984154 0.9556081295 0.1936846077 0.2220346779
-22.5 275.7 2741.6 0.2035337687 0.1109448224 -0.9727616906 -0.2130425572 0.9747704864 0.0665984154 0.9556081295 0.1936846077 0.2220346779
-40.6 84.0 2706.3 0.2053455412 0.0917186365 -0.9743823409 -0.1955729425 0.9793636203 0.0509716421 0.9589496255 0.1800960153 0.2190456390
-51.7 303.4 2605.4 0.0662242025 0.2064383328 -0.9762159586 0.9514135122 0.2817869484 0.1241305545 0.3007102013 -0.9370055199 -0.1777471006
-71.6 16.9 2514.9 -0.2546727061 0.2147135735 -0.9428890944 0.9472560287 0.2515470088 -0.1985702366 0.1945452094 -0.9437277913 -0.2674508691
6.8 247.9 2877.7 0.0949920714 0.6568842530 -0.7479836941 -0.9752851725 0.2119829506 0.0623060465 0.1994876564 0.7235788107 0.6607861519
33.9 -30.8 2934.7 0.4247365296 0.6605166793 -0.6191256642 -0.8951840401 0.2043847144 -0.3960711956 -0.1350718290 0.7224572897 0.6780936718
-95.5 -100.2 2586.0 -0.0217250809 0.2168875784 -0.9759548306 0.0795648545 0.9734640121 0.2145629078 0.9965929389 -0.0729903057 -0.0384052135
-180.4 -481.1 2614.5 -0.0386083424 0.2182780504 -0.9751225710 0.0046068202 0.9758786559 0.2182649076 0.9992437959 0.0039346316 -0.0386826284
-62.1 -130.3 2759.9 -0.5930879116 -0.2560838163 -0.7633268237 -0.0639503300 0.9600577354 -0.2723958790 0.8025939465 -0.1127397045 -0.5857752562
37.9 -505.1 2804.0 -0.5696452856 -0.1662448049 -0.8049018383 -0.3098457754 0.9505094290 0.0229654424 0.7612488866 0.2624775767 -0.5929634571
0.3 -250.8 2459.9 0 0 0 0 0 0 0 0 0
153.3 -282.5 2896.8 0 0 0 0 0 0 0 0 0
-250.2 -793.3 2613.3 0 0 0 0 0 0 0 0 0
90.3 -805.1 2721.1 0 0 0 0 0 0 0 0 0
15.0 466.1 2788.3 88 0.2499478906 0.1154817566 -0.9613479972 -0.2276188880 0.9720460176 0.0575865507 0.9411246777 0.2044273317 0.2692466676
-8.0 272.7 2747.6 0.2499478906 0.1154817566 -0.9613479972 -0.2276188880 0.9720460176 0.0575865507 0.9411246777 0.2044273317 0.2692466676
-23.2 81.5 2709.0 0.2516618371 0.0767839029 -0.9647644758 -0.2102407515 0.9773803353 0.0229460150 0.9447037578 0.1970581859 0.2621124387
-43.8 302.5 2613.4 0.0137332734 0.1589926034 -0.9871842265 0.9462642074 0.3169555664 0.0642118230 0.3231027424 -0.9350190163 -0.1460961848
-47.9 22.1 2517.7 -0.2860499918 0.1812964231 -0.9409075379 0.9395082593 0.2461429983 -0.2381971478 0.1884135157 -0.9521266818 -0.2407386899
27.8 242.9 2881.8 0.1263218969 0.6828644872 -0.7195407748 -0.9765895605 0.2129209638 0.0306188501 0.1741138399 0.6988281608 0.6937748790
63.9 -36.2 2931.6 0.4391554892 0.6866616011 -0.5793430209 -0.8816375136 0.2053563893 -0.4249047935 -0.1727939993 0.6973698139 0.6955699921
-77.2 -90.0 2584.6 0.0251020398 0.2118944973 -0.9769701362 0.0825797245 0.9734985232 0.2132633179 0.9962682724 -0.0860312656 0.0069386098
-160.2 -471.1 2618.3 -0.0008175475 0.2669068575 -0.9637219906 -0.0110405749 0.9636611342 0.2668993771 0.9999387264 0.0108582480 0.0021589666
-40.1 -125.2 2757.3 -0.5739836693 -0.2267981172 -0.7868324518 -0.0258023646 0.9654119015 -0.2594497204 0.8184601068 -0.1286177635 -0.5599825978
48.5 -502.6 2807.6 -0.5590909719 -0.1324426234 -0.8184596896 -0.2983850837 0.9531565309 0.0495880879 0.7735525966 0.2719404101 -0.5724201202
34.2 -247.5 2463.6 0 0 0 0 0 0 0 0 0
187.4 -284.1 2883.0 0 0 0 0 0 0 0 0 0
-249.5 -793.7 2614.6 0 0 0 0 0 0 0 0 0
90.6 -805.4 2721.2 0 0 0 0 0 0 0 0 0
33.1 469.0 2792.3 89 0.3060236573 0.1237831712 -0.9439424276 -0.2387695014 0.9698002338 0.0497655794 0.9215956926 0.2101552039 0.3263374567
8.4 275.6 2750.4 0.3060236573 0.1237831712 -0.9439424276 -0.2387695014 0.9698002338 0.0497655794 0.9215956926 0.2101552039 0.3263374567
-5.6 84.7 2709.1 0.3077215850 0.0705158636 -0.9488598108 -0.2217735499 0.9750980735 0.0005431578 0.9252696633 0.2102648616 0.3156972528
-35.4 307.0 2618.9 -0.0252771396 0.1009551063 -0.9945698380 0.9456935525 0.3249364197 0.0089481547 0.3240753412 -0.9403320551 -0.1036860570
-27.8 24.1 2522.0 -0.3158061802 0.1267187148 -0.9403237700 0.9272601604 0.2513024211 -0.2775530815 0.2011344731 -0.9595777392 -0.1968640685
52.1 244.2 2881.8 0.1528832763 0.7170361280 -0.6800631285 -0.9769622087 0.2133462131 0.0053168074 0.1489012390 0.6635831594 0.7331342697
95.8 -35.1 2924.4 0.4440248907 0.7208926082 -0.5321238041 -0.8703363538 0.2058473527 -0.4473717809 -0.2129707187 0.6617708802 0.7188203931
-61.1 -90.9 2585.1 0.0784700066 0.2154486328 -0.9733572602 0.0618915334 0.9734316468 0.2204546779 0.9949933887 -0.0775416493 0.0630507395
-145.5 -472.1 2615.5 0.0547404252 0.2977771163 -0.9530646801 -0.0147964954 0.9546329379 0.2974172533 0.9983909726 -0.0021787288 0.0566630699
-15.7 -128.7 2755.4 -0.5384872556 -0.1950723231 -0.8197427988 0.0002557117 0.9727962613 -0.2316620797 0.8426336050 -0.1249566972 -0.5237885118
60.6 -509.2 2804.3 -0.5320746899 -0.0978079811 -0.8410292268 -0.2736820579 0.9598508477 0.0615177304 0.8012456894 0.2629066110 -0.5374806523
63.7 -244.6 2463.7 0 0 0 0 0 0 0 0 0
220.7 -279.9 2864.5 0 0 0 0 0 0 0 0 0
-245.1 -791.6 2616.2 0 0 0 0 0 0 0 0 0
90.8 -805.5 2723.1 0 0 0 0 0 0 0 0 0
51.9 476.0 2805.3 90 0.3475526571 0.1467846632 -0.9261001348 -0.2530481815 0.9657077193 0.0580968559 0.9028697610 0.2141562402 0.3727778792
22.5 282.4 2762.4 0.3475526571 0.1467846632 -0.9261001348 -0.2530481815 0.9657077193 0.0580968559 0.9028697610 0.2141562402 0.3727778792
7.1 92.2 2718.5 0.3494432569 0.0776521415 -0.9337341785 -0.2367292792 0.9715443850 -0.0077976719 0.9065586925 0.2237670720 0.3578821421
-27.2 316.0 2633.5 -0.0714418143 0.0576672964 -0.9957763553 0.9367685914 0.3467617035 -0.0471266843 0.3425794244 -0.9361788034 -0.0787941962
-5.4 30.1 2529.0 -0.3383927345 0.0918803215 -0.9365085959 0.9167718887 0.2565931976 -0.3060869575 0.2121783495 -0.9621423483 -0.1710625738
72.2 248.8 2891.2 0.1617394239 0.7455508113 -0.6465248466 -0.9788419604 0.2044128478 -0.0091522709 0.1253345013 0.6343259215 0.7628380656
118.4 -31.2 2927.0 0.4362442791 0.7493185997 -0.4982093573 -0.8651318550 0.1970026493 -0.4612339735 -0.2474626452 0.6322274804 0.7342007160
-47.3 -86.2 2584.5 0.1249604970 0.1958604604 -0.9726374149 0.0548961908 0.9774548411 0.2038833946 0.9906418324 -0.0788714588 0.1113912463
-124.0 -469.0 2615.4 0.0972493961 0.3462910950 -0.9330728650 -0.0211004652 0.9380233288 0.3459291756 0.9950363636 -0.0139531326 0.0985291079
8.2 -126.1 2751.2 -0.5119389296 -0.1653128862 -0.8429651260 0.0466442667 0.9745109081 -0.2194375843 0.8577545285 -0.1516581327 -0.4911791682
72.9 -507.2 2810.5 -0.5194855928 -0.0596978553 -0.8523913026 -0.2680734694 0.9585793018 0.0962412208 0.8113392591 0.2784994245 -0.5139715075
92.6 -235.4 2467.5 0 0 0 0 0 0 0 0 0
241.2 -274.5 2857.4 0 0 0 0 0 0 0 0 0
-244.9 -796.5 2620.3 0 0 0 0 0 0 0 0 0
91.4 -805.4 2723.9 0 0 0 0 0 0 0 0 0
65.6 476.1 2812.3 91 0.3739036620 0.1317803413 -0.9180577397 -0.2533590198 0.9667178392 0.0355778821 0.8921912909 0.2192955017 0.3948470950
39.4 283.6 2768.6 0.3739036620 0.1317803413 -0.9180577397 -0.2533590198 0.9667178392 0.0355778821 0.8921912909 0.2192955017 0.3948470950
23.8 93.7 2723.3 0.3749065995 0.0792268068 -0.9236710072 -0.2441554666 0.9696052074 -0.0159329232 0.8943338990 0.2314926982 0.3828550577
-14.0 318.3 2641.4 -0.0771453604 0.0311128553 -0.9965342879 0.9341054559 0.3516892791 -0.0613324046 0.3485621810 -0.9355996251 -0.0561938845
9.7 32.0 2534.6 -0.3888686895 0.0637996048 -0.9190814495 0.8913686275 0.2782461941 -0.3578282893 0.2329016179 -0.9583885670 -0.1650702059
92.7 248.8 2895.8 0.1699016839 0.7614077330 -0.6256130338 -0.9791664481 0.2020736635 -0.0199829042 0.1112047806 0.6159744263 0.7798776031
141.4 -31.3 2927.6 0.4337786734 0.7651546001 -0.4757882953 -0.8602719903 0.1947058141 -0.4711918831 -0.2678959072 0.6137003303 0.7427002788
-39.7 -76.7 2593.0 0.1484452486 0.1580517888 -0.9762088060 0.0285265036 0.9860506058 0.1639830470 0.9885091186 -0.0521903262 0.1418658644
-101.6 -462.4 2613.4 0.1239118874 0.3773913383 -0.9177263379 -0.0323913358 0.9258994460 0.3763788044 0.9917644262 -0.0169114284 0.1269541532
23.3 -119.3 2756.4 -0.4888801873 -0.1622648388 -0.8571267724 0.0361655541 0.9779334068 -0.2057628185 0.8716009259 -0.1315918267 -0.4722238481
86.8 -502.0 2807.9 -0.5033811331 -0.0176820830 -0.8638835549 -0.2377449423 0.9640350938 0.1188009381 0.8307133913 0.2651861012 -0.4894809127
123.4 -228.7 2466.4 0 0 0 0 0 0 0 0 0
263.4 -273.4 2852.2 0 0 0 0 0 0 0 0 0
-238.0 -797.3 2619.5 0 0 0 0 0 0 0 0 0
92.4 -804.0 2724.8 0 0 0 0 0 0 0 0 0
80.1 470.9 2816.3 92 0.4333170950 0.1125189960 -0.8941900134 -0.2461088598 0.9692384601 0.0027002739 0.8669871688 0.2188980132 0.4476795197
57.8 278.5 2772.8 0.4333170950 0.1125189960 -0.8941900134 -0.2461088598 0.9692384601 0.0027002739 0.8669871688 0.2188980132 0.4476795197
44.6 88.3 2728.3 0.4345062673 0.0672958866 -0.8981512189 -0.2332738191 0.9715858102 -0.0400547348 0.8699354529 0.2269191891 0.4378584623
-3.9 311.6 2649.2 -0.0853137225 -0.0375107676 -0.9956477880 0.9191540480 0.3827188313 -0.0931780636 0.3845483363 -0.9231030345 0.0018270031
21.5 37.9 2534.7 -0.4537065625 0.0274605006 -0.8907279372 0.8631029129 0.2623355985 -0.4315476716 0.2218191475 -0.9645859003 -0.1427246183
119.6 245.4 2896.4 0.2022695839 0.7916169763 -0.5765671134 -0.9742701650 0.2224235833 -0.0364067629 0.0994219035 0.5690960884 0.8162382841
177.4 -33.2 2924.9 0.4391404688 0.7954718471 -0.4175885916 -0.8488116860 0.2150389999 -0.4829875529 -0.2944051623 0.5665534139 0.7696381211
-25.7 -74.1 2597.2 0.2029665262 0.1264697462 -0.9709840417 0.0021693558 0.9915634990 0.1296036541 0.9791832566 -0.0284116138 0.2009798288
-75.1 -462.0 2608.4 0.1806762666 0.4267446101 -0.8861405849 -0.0456282943 0.9036349058 0.4258662462 0.9824836850 -0.0365108401 0.1827369928
42.0 -118.2 2758.6 -0.4428564310 -0.1486476362 -0.8841844201 0.0616835542 0.9787729383 -0.1954447925 0.8944681883 -0.1410936266 -0.4242867529
100.2 -501.4 2813.9 -0.4716369212 0.0243741926 -0.8814558983 -0.2355737686 0.9598030448 0.1525881290 0.8497432470 0.2796140909 -0.4469366074
152.6 -211.6 2470.6 0 0 0 0 0 0 0 0 0
301.0 -272.2 2842.0 0 0 0 0 0 0 0 0 0
-234.3 -799.0 2622.0 0 0 0 0 0 0 0 0 0
92.6 -802.6 2726.1 0 0 0 0 0 0 0 0 0
97.3 474.9 2839.3 93 0.4104486704 0.1160097346 -0.9044742584 -0.2731639147 0.9619673491 -0.0005773467 0.8700076938 0.2473067045 0.4265278876
74.2 283.6 2790.1 0.4104486704 0.1160097346 -0.9044742584 -0.2731639147 0.9619673491 -0.0005773467 0.8700076938 0.2473067045 0.4265278876
60.6 94.3 2741.8 0.4124212861 0.0700163618 -0.9082986116 -0.2527122200 0.9667048454 -0.0402276739 0.8752400875 0.2461289018 0.4163836539
15.6 319.5 2665.6 -0.0595203824 -0.0138649186 -0.9981307983 0.9104326963 0.4092861116 -0.0599761307 0.4093526602 -0.9123007655 -0.0117377918
33.8 40.7 2540.2 -0.4838747978 0.0615284480 -0.8729715943 0.8474416137 0.2819107771 -0.4498544037 0.2184212655 -0.9574657083 -0.1885512918
132.9 247.6 2914.6 0.1923843622 0.7799681425 -0.5955148339 -0.9774867892 0.2058961242 -0.0461126231 0.0866478160 0.5909792781 0.8020197749
188.0 -32.1 2939.4 0.4394844472 0.7837755680 -0.4388043582 -0.8468351960 0.1986228079 -0.4933752120 -0.2995388806 0.5884256959 0.7510203719
-7.8 -81.0 2605.4 0.1795233190 0.1097753197 -0.9776096940 -0.0241150837 0.9939469695 0.1071814522 0.9834581017 0.0043335711 0.1810839027
-50.7 -469.8 2603.7 0.1745957285 0.4713507891 -0.8644910455 -0.0333376490 0.8803030252 0.4732390642 0.9840756655 -0.0538054146 0.1694108695
70.6 -122.9 2762.2 -0.4638566375 -0.1219844967 -0.8774718046 0.0571277998 0.9842946529 -0.1670341939 0.8840664029 -0.1276079565 -0.4496029019
118.3 -508.2 2812.2 -0.5037583709 0.0850301906 -0.8596495390 -0.2005846053 0.9564306736 0.2121465206 0.8402341008 0.2793030441 -0.4647542536
172.0 -201.3 2477.9 0 0 0 0 0 0 0 0 0
311.7 -270.5 2855.0 0 0 0 0 0 0 0 0 0
-226.5 -798.1 2623.8 0 0 0 0 0 0 0 0 0
92.3 -801.2 2726.6 0 0 0 0 0 0 0 0 0
111.2 471.6 2839.8 94 0.4471404850 0.1103527695 -0.8876303434 -0.2676691115 0.9633930922 -0.0150654959 0.8534744382 0.2443276048 0.4603101015
89.3 280.6 2791.4 0.4471404850 0.1103527695 -0.8876303434 -0.2676691115 0.9633930922 -0.0150654959 0.8534744382 0.2443276048 0.4603101015
73.6 91.0 2745.2 0.4492172301 0.0808687657 -0.8897550702 -0.2466888875 0.9684059620 -0.0365303978 0.8586899638 0.2359027714 0.4549740851
25.4 315.8 2669.2 -0.0648938268 0.3633318841 -0.9293969870 0.9075033665 0.4088200331 0.0964560732 0.4150016904 -0.8371714950 -0.3562547863
44.8 44.7 2545.3 -0.5262851119 0.3633318841 -0.7687742710 0.8315406442 0.4088200331 -0.3760403097 0.1776629090 -0.8371714950 -0.5172811151
153.2 245.5 2913.5 0.1955495030 0.8044803739 -0.5608669519 -0.9769378304 0.2098042071 -0.0396820419 0.0857488215 0.5556919575 0.8269544244
209.2 -34.1 2938.0 0.4260192513 0.8081713319 -0.4066530764 -0.8493872881 0.2025122494 -0.4873705804 -0.3115266860 0.5530351996 0.7727245092
9.7 -72.2 2614.6 0.2186134309 0.0549111068 -0.9742653370 -0.0488333069 0.9977800846 0.0452788286 0.9745888710 0.0376780368 0.2208096236
-11.8 -462.0 2599.9 0.2113644481 0.5181578994 -0.8287565708 -0.0608103313 0.8532419801 0.5179578066 0.9755138159 -0.0590808988 0.2118543684
84.1 -117.8 2772.6 -0.8221713305 -0.1474128664 -0.5498215556 -0.0487035438 0.9805616736 -0.1900703162 0.5671527386 -0.1294921041 -0.8133692741
141.8 -501.6 2823.3 -0.8221713305 0.1544817686 -0.5478774309 -0.0487035438 0.9398521781 0.3380914629 0.5671527386 0.3046526909 -0.7651957273
196.4 -194.9 2494.1 0 0 0 0 0 0 0 0 0
329.2 -273.3 2850.3 0 0 0 0 0 0 0 0 0
-215.5 -797.5 2623.2 0 0 0 0 0 0 0 0 0
93.1 -797.9 2727.2 0 0 0 0 0 0 0 0 0
126.7 472.0 2851.0 95 0.4717768133 0.1088637859 -0.8749716282 -0.2711742818 0.9621653557 -0.0265023075 0.8389822245 0.2497729659 0.4834483564
105.0 280.2 2801.2 0.4717768133 0.1088637859 -0.8749716282 -0.2711742818 0.9621653557 -0.0265023075 0.8389822245 0.2497729659 0.4834483564
89.9 90.6 2754.4 0.4741305411 0.0769847035 -0.8770824075 -0.2467307001 0.9678735137 -0.0484231561 0.8451769948 0.2393620610 0.4778928757
37.5 315.3 2680.9 -0.0454976559 0.3568695784 -0.9330455661 0.9014629126 0.4171377420 0.1155884862 0.4304585457 -0.8358470201 -0.3406834900
51.2 44.3 2551.5 -0.5717660785 0.3568695784 -0.7387338281 0.8051205873 0.4171377420 -0.4216360748 0.1576846689 -0.8358470201 -0.5258282423
172.5 245.0 2921.5 0.2077915817 0.8165705204 -0.5385492444 -0.9752973914 0.2151391357 -0.0501018353 0.0749513432 0.5356563926 0.8411031365
231.9 -34.1 2943.0 0.4265184700 0.8202708364 -0.3811007440 -0.8430407643 0.2078929394 -0.4960471690 -0.3276648819 0.5328567624 0.7801918983
17.2 -76.4 2621.5 0.2472109497 0.0019138131 -0.9689598083 -0.0713686645 0.9973177910 -0.0162384808 0.9663298130 0.0731676966 0.2466844767
16.5 -465.7 2593.0 0.2472109497 0.5500060320 -0.7977343798 -0.0713686645 0.8313870430 0.5510917306 0.9663298130 -0.0793026686 0.2447811812
98.3 -120.9 2776.5 -0.8250913024 -0.1494904160 -0.5448641777 -0.0414872356 0.9777890444 -0.2054444551 0.5634741783 -0.1469055265 -0.8129671812
156.8 -503.8 2834.0 -0.8250913024 0.1890159100 -0.5324446559 -0.0414872356 0.9195685387 0.3907332718 0.5634741783 0.3444802761 -0.7508862615
215.7 -187.4 2506.2 0 0 0 0 0 0 0 0 0
352.1 -271.6 2850.7 0 0 0 0 0 0 0 0 0
-203.7 -798.5 2624.7 0 0 0 0 0 0 0 0 0
97.4 -792.9 2725.7 0 0 0 0 0 0 0 0 0
142.6 471.7 2856.7 96 0.5022408962 0.1151485890 -0.8570267558 -0.2835792005 0.9582176208 -0.0374406651 0.8169069290 0.2618391812 0.5139098167
119.5 280.0 2804.3 0.5022408962 0.1151485890 -0.8570267558 -0.2835792005 0.9582176208 -0.0374406651 0.8169069290 0.2618391812 0.5139098167
104.1 91.2 2754.6 0.5048426986 0.0786054358 -0.8596249223 -0.2577646673 0.9641373158 -0.0632184744 0.8238271475 0.2534963191 0.5069994330
47.7 316.7 2687.0 -0.0532189533 0.3570559919 -0.9325656891 0.8991319537 0.4234192073 0.1108056083 0.4344300330 -0.8326026797 -0.3435743749
63.8 43.7 2555.1 -0.5904346704 0.3570559919 -0.7238079309 0.7930087447 0.4234192073 -0.4380105734 0.1500798762 -0.8326026797 -0.5331499577
191.4 243.4 2921.5 0.2166934907 0.8332095742 -0.5087294579 -0.9749248624 0.2117331922 -0.0684877709 0.0506502539 0.5108138919 0.8581979871
253.4 -35.6 2936.0 0.4205277264 0.8368415236 -0.3505035043 -0.8341049552 0.2045977563 -0.5122584105 -0.3569668531 0.5077756047 0.7840526700
32.1 -76.6 2631.2 0.2828022838 -0.0401088782 -0.9583392739 -0.0984968618 0.9926291108 -0.0706100464 0.9541075826 0.1143620908 0.2767671645
47.7 -464.1 2586.5 0.2828022838 0.5696982145 -0.7716649771 -0.0984968618 0.8175018430 0.5674408078 0.9541075826 -0.0844669715 0.2873048782
117.7 -121.2 2783.8 -0.8227980137 -0.1215392724 -0.5551860929 -0.0329778716 0.9854301810 -0.1668527573 0.5673763156 -0.1189772636 -0.8148180842
165.2 -506.8 2830.3 -0.8227980137 0.1996454597 -0.5321137905 -0.0329778716 0.9179208279 0.3953907192 0.5673763156 0.3428746760 -0.7486795783
231.8 -181.9 2512.4 0 0 0 0 0 0 0 0 0
371.8 -270.5 2835.5 0 0 0 0 0 0 0 0 0
-181.5 -793.0 2620.5 0 0 0 0 0 0 0 0 0
103.3 -791.7 2723.9 0 0 0 0 0 0 0 0 0
157.4 468.1 2848.0 97 0.5725296140 0.1320362687 -0.8091824651 -0.2741442919 0.9609701633 -0.0371644460 0.7726931572 0.2431105077 0.5863808990
131.0 276.2 2799.4 0.5725296140 0.1320362687 -0.8091824651 -0.2741442919 0.9609701633 -0.0371644460 0.7726931572 0.2431105077 0.5863808990
112.8 87.4 2750.7 0.5746234059 0.0927951634 -0.8131402135 -0.2562175989 0.9640043378 -0.0710501075 0.7772775888 0.2491679043 0.5777152181
49.4 312.6 2689.1 -0.0729366690 0.3931656182 -0.9165702462 0.8976167440 0.4264421761 0.1114952490 0.4347003102 -0.8145967722 -0.3840153217
71.4 41.9 2558.0 -0.6000108123 0.3931656182 -0.6967121363 0.7903031707 0.4264421761 -0.4399636388 0.1241288781 -0.8145967722 -0.5665899515
212.5 239.8 2909.7 0.2201344520 0.7995237112 -0.5588404536 -0.9593602419 0.2811350822 0.0243109278 0.1765468270 0.5307776332 0.8289187551
273.3 -25.0 2958.4 0.4755781293 0.7995237112 -0.3668614030 -0.8360626698 0.2811350822 -0.4711287022 -0.2735409737 0.5307776332 0.8021536469
43.1 -74.3 2630.6 0.2679865360 -0.0821634233 -0.9599127173 -0.0969294086 0.9890018702 -0.1117138639 0.9585342407 0.1229815856 0.2570751309
75.2 -460.7 2582.6 0.2679865360 0.5670402050 -0.7788764834 -0.0969294086 0.8202142715 0.5637847781 0.9585342407 -0.0755906850 0.2747692466
134.2 -120.8 2779.4 -0.8444252610 -0.1106058732 -0.5241300464 -0.0153153474 0.9830358028 -0.1827730983 0.5354543924 -0.1463110000 -0.8317942619
177.5 -505.5 2836.6 -0.8444252610 0.2141389549 -0.4910096228 -0.0153153474 0.9065953493 0.4217230082 0.5354543924 0.3636335433 -0.7622724175
240.9 -181.4 2522.9 0 0 0 0 0 0 0 0 0
406.6 -259.3 2881.8 0 0 0 0 0 0 0 0 0
-148.6 -784.4 2612.4 0 0 0 0 0 0 0 0 0
108.5 -797.7 2719.5 0 0 0 0 0 0 0 0 0
170.1 473.2 2854.6 98 0.5857468247 0.1417588741 -0.7980006933 -0.2827657461 0.9584638476 -0.0372911803 0.7595684528 0.2474904507 0.6015017033
142.0 283.1 2805.5 0.5857468247 0.1417588741 -0.7980006933 -0.2827657461 0.9584638476 -0.0372911803 0.7595684528 0.2474904507 0.6015017033
121.0 94.7 2756.5 0.5880904794 0.1074741036 -0.8016226292 -0.2647052407 0.9621225595 -0.0652019605 0.7642517090 0.2505383492 0.5942640901
58.4 320.8 2696.9 -0.0581013598 0.4128910601 -0.9089252949 0.9009075761 0.4139424264 0.1304498613 0.4301043153 -0.8112784028 -0.3960273266
76.5 39.8 2562.7 -0.5890043378 0.4128910601 -0.6946904659 0.8007705212 0.4139424264 -0.4329182208 0.1088137925 -0.8112784028 -0.5744448900
225.6 245.4 2914.2 0.2393710911 0.8094839454 -0.5361317396 -0.9580039978 0.2867083848 0.0051617739 0.1578918397 0.5123807192 0.8441185355
291.4 -18.0 2957.6 0.5434290767 0.7519635558 -0.3731430173 -0.8211026192 0.3837093413 -0.4225607812 -0.1745718420 0.5360205173 0.8259580135
43.0 -78.3 2632.1 0.2930097580 -0.1309629679 -0.9470976591 -0.1026458740 0.9805406332 -0.1673436314 0.9505835772 0.1462489814 0.2738651633
94.1 -461.3 2575.0 0.2930097580 0.5290920734 -0.7963710427 -0.1026458740 0.8455224037 0.5239805579 0.9505835772 -0.0717872158 0.3020554185
146.4 -124.5 2772.0 -0.8606215119 -0.0882597789 -0.5015384555 -0.0067319670 0.9867522120 -0.1620949656 0.5092006326 -0.1361260712 -0.8498143554
181.0 -510.8 2825.3 -0.8606215119 0.1982819438 -0.4690574408 -0.0067319670 0.9165735245 0.3998095691 0.5092006326 0.3472423851 -0.7874880433
240.4 -182.9 2532.5 0 0 0 0 0 0 0 0 0
443.0 -247.0 2908.9 0 0 0 0 0 0 0 0 0
-105.6 -780.5 2602.1 0 0 0 0 0 0 0 0 0
117.9 -802.1 2714.9 0 0 0 0 0 0 0 0 0
180.9 470.0 2846.9 99 0.6129196286 0.1687016934 -0.7719256878 -0.2827950120 0.9590639472 -0.0149430074 0.7378051877 0.2274555862 0.6355371475
147.6 280.5 2802.0 0.6129196286 0.1687016934 -0.7719256878 -0.2827950120 0.9590639472 -0.0149430074 0.7378051877 0.2274555862 0.6355371475
121.8 92.2 2755.0 0.6149461269 0.1316656470 -0.7774994969 -0.2698369920 0.9615764618 -0.0505834594 0.7409650683 0.2409042269 0.6268459558
60.1 319.0 2696.6 -0.0680731907 0.4211433828 -0.9044358730 0.9076409340 0.4024949074 0.1191041321 0.4141907692 -0.8127952218 -0.4096460640
81.0 40.5 2569.5 -0.5616909266 0.4211433828 -0.7121387124 0.8193566203 0.4024949074 -0.4082309902 0.1147084385 -0.8127952218 -0.5711443424
235.0 242.0 2907.4 0.2571396530 0.8250944614 -0.5030887723 -0.9499539733 0.3113771081 0.0251340810 0.1773883253 0.4714482427 0.8638691902
302.6 -7.7 2954.0 0.5680004954 0.7470179796 -0.3454556167 -0.8121643662 0.4407648146 -0.3822503984 -0.1332832426 0.4976851940 0.8570560217
46.9 -69.8 2638.7 0.3252818286 -0.1837278605 -0.9275968075 -0.1135455966 0.9662570953 -0.2312024683 0.9387753606 0.1805304885 0.2934443951
118.6 -447.0 2568.2 0.3252818286 0.4749270380 -0.8177016973 -0.1135455966 0.8780882955 0.4648315609 0.9387753606 -0.0583548434 0.3395520449
148.3 -123.9 2772.5 -0.8468025923 -0.0672661066 -0.5276368856 0.0032697297 0.9912943840 -0.1316233426 0.5318973064 -0.1131842136 -0.8392106891
175.1 -519.6 2817.7 -0.8468025923 0.2087240219 -0.4892440140 0.0032697297 0.9218170643 0.3876113892 0.5318973064 0.3266306221 -0.7812795639
236.4 -186.1 2537.8 0 0 0 0 0 0 0 0 0
462.1 -235.7 2916.6 0 0 0 0 0 0 0 0 0
-63.1 -783.1 2590.5 0 0 0 0 0 0 0 0 0
109.2 -810.6 2714.6 0 0 0 0 0 0 0 0 0
193.1 472.7 2853.1 00 0.6222813129 0.1721919775 -0.7636202574 -0.2836432457 0.9588135481 -0.0149366045 0.7295974493 0.2258905023 0.6454928517
158.8 281.7 2808.1 0.6222813129 0.1721919775 -0.7636202574 -0.2836432457 0.9588135481 -0.0149366045 0.7295974493 0.2258905023 0.6454928517
130.0 93.6 2761.9 0.6236163974 0.1473149508 -0.7677244544 -0.2756233811 0.9604500532 -0.0395905189 0.7315287590 0.2362921238 0.6395558715
70.0 321.0 2704.0 -0.0424697921 0.3744973838 -0.9262548089 0.9159723520 0.3848265707 0.1135922670 0.3989874721 -0.8435995579 -0.3593727648
83.2 36.1 2579.9 -0.5477376580 0.3744973838 -0.7481545210 0.8259139061 0.3848265707 -0.4120373428 0.1336028278 -0.8435995579 -0.5200865865
247.6 242.4 2912.3 0.2820463777 0.8340550065 -0.4741330147 -0.9502853155 0.3108300269 -0.0185078476 0.1319382191 0.4557816982 0.8802586794
321.7 -7.2 2946.9 0.5769381523 0.7435838580 -0.3379724026 -0.8085757494 0.4614217281 -0.3650962114 -0.1155318543 0.4839142561 0.8674557209
40.6 -71.7 2641.1 0.3563927114 -0.2139918506 -0.9095007777 -0.1159514859 0.9557645917 -0.2703132331 0.9271135330 0.2017956376 0.3158148825
124.2 -445.2 2562.2 0.3563927114 0.3695639670 -0.8581414223 -0.1159514859 0.9288443923 0.3518570662 0.9271135330 -0.0258965287 0.3738848567
155.8 -121.1 2780.7 -0.8377767801 -0.0517733730 -0.5435526967 0.0125436094 0.9934066534 -0.1139553785 0.5458687544 -0.1022872850 -0.8316036463
176.7 -521.6 2821.9 -0.8383576274 0.2171849608 -0.4999872148 0.0100872684 0.9232285023 0.3841190338 0.5450273156 0.3169856071 -0.7761864066
233.8 -190.9 2543.1 0 0 0 0 0 0 0 0 0
482.6 -232.8 2914.7 0 0 0 0 0 0 0 0 0
-7.8 -777.0 2571.5 0 0 0 0 0 0 0 0 0
108.3 -812.1 2722.2 0 0 0 0 0 0 0 0 0
204.1 474.6 2866.7 01 0.6202960014 0.1652491838 -0.7667630315 -0.2951199114 0.9548918009 -0.0329523087 0.7267304063 0.2467272431 0.6410838962
171.1 283.9 2817.4 0.6202960014 0.1652491838 -0.7667630315 -0.2951199114 0.9548918009 -0.0329523087 0.7267304063 0.2467272431 0.6410838962
141.9 96.2 2769.6 0.6222777963 0.1493615061 -0.7684149146 -0.2830693126 0.9581351876 -0.0429966189 0.7298233509 0.2442705333 0.6385059357
82.5 324.2 2713.4 -0.0084080314 0.3017178476 -0.9533601999 0.9181212187 0.3800873160 0.1121921614 0.3962104917 -0.8743568659 -0.2802093625
85.1 33.7 2588.1 -0.5194493532 0.3017178476 -0.7994615436 0.8345575333 0.3800873160 -0.3988074362 0.1835378557 -0.8743568659 -0.4492370188
259.7 243.5 2921.4 0.2969691455 0.8413818479 -0.4515372217 -0.9539908767 0.2819059789 -0.1021295190 0.0413611159 0.4610917270 0.8863880038
335.8 -0.8 2932.0 0.5811997652 0.7341263890 -0.3510915637 -0.8071465492 0.4651645422 -0.3635057807 -0.1035438180 0.4946518242 0.8629010916
44.8 -69.5 2649.7 0.3559210896 -0.2074083388 -0.9112090468 -0.1274301112 0.9551807046 -0.2671917081 0.9257870913 0.2112146318 0.3135388792
126.0 -443.2 2567.0 0.3578578830 0.2229177505 -0.9067775011 -0.1190297827 0.9740546942 0.1924820095 0.9261585474 0.0390523225 0.3751069903
168.0 -117.9 2787.2 -0.8381813169 -0.0470700599 -0.5433567166 0.0085245455 0.9950163960 -0.0993465111 0.5453251004 -0.0879022554 -0.8336028457
187.1 -521.0 2822.8 -0.8389484882 0.2151279002 -0.4998854399 0.0052601602 0.9217135906 0.3878355026 0.5441854596 0.3227445185 -0.7744018435
228.1 -196.0 2537.6 0 0 0 0 0 0 0 0 0
498.3 -226.4 2903.0 0 0 0 0 0 0 0 0 0
47.8 -784.7 2553.4 0 0 0 0 0 0 0 0 0
119.5 -810.6 2721.4 0 0 0 0 0 0 0 0 0
211.9 471.5 2854.5 02 0.6269602776 0.1675564349 -0.7608190775 -0.2770161331 0.9607201815 -0.0166968256 0.7281365991 0.2212274075 0.6487492323
178.5 279.9 2810.4 0.6269602776 0.1675564349 -0.7608190775 -0.2770161331 0.9607201815 -0.0166968256 0.7281365991 0.2212274075 0.6487492323
149.0 91.3 2767.2 0.6288422942 0.1508024931 -0.7627686262 -0.2656401694 0.9636514187 -0.0284814052 0.7307480574 0.2205323130 0.6460439563
88.9 317.8 2706.3 0.0451417081 0.2935480773 -0.9548778534 0.9249998927 0.3487059474 0.1509282291 0.3772762716 -0.8900750875 -0.2557907701
76.6 66.0 2603.6 -0.4415271282 0.2877380848 -0.8498591781 0.8721097112 0.3602630198 -0.3311121464 0.2108992636 -0.8873654008 -0.4100050628
268.1 242.1 2914.5 0.3048512638 0.8462967277 -0.4368609786 -0.9515966773 0.2894959748 -0.1032271832 0.0391086675 0.4471844137 0.8935863972
346.2 -1.6 2924.5 0.5916296244 0.7400772572 -0.3197813034 -0.7931717038 0.4632692933 -0.3952976763 -0.1444059461 0.4875112772 0.8610921502
56.4 -65.8 2655.9 0.3663662970 -0.1755267233 -0.9137647748 -0.1170471609 0.9655508995 -0.2324034870 0.9230794907 0.1920983791 0.3332004249
125.1 -443.5 2580.7 0.3650756776 0.0587661900 -0.9291212559 -0.1405586600 0.9900447726 0.0073904381 0.9203059077 0.1278979629 0.3697013557
175.9 -121.9 2789.8 -0.8333470225 -0.0474909991 -0.5507062078 0.0200384762 0.9930517077 -0.1159602404 0.5523868203 -0.1076704413 -0.8266050220
195.2 -525.2 2833.5 -0.8342211843 0.2152513117 -0.5076828599 0.0162916295 0.9298849702 0.3674895167 0.5511893034 0.2982965410 -0.7792364955
197.9 -173.6 2545.7 0 0 0 0 0 0 0 0 0
513.9 -226.5 2883.5 0 0 0 0 0 0 0 0 0
104.4 -791.9 2535.7 0 0 0 0 0 0 0 0 0
127.6 -817.0 2739.9 0 0 0 0 0 0 0 0 0
220.7 474.1 2848.4 03 0.6058586240 0.1836494207 -0.7740854025 -0.2752377391 0.9612931013 0.0126416795 0.7464445829 0.2053984553 0.6329549551
184.2 283.1 2807.6 0.6058586240 0.1836494207 -0.7740854025 -0.2752377391 0.9612931013 0.0126416795 0.7464445829 0.2053984553 0.6329549551
152.3 94.1 2767.7 0.6084585190 0.1628504097 -0.7766968012 -0.2607812881 0.9653960466 -0.0018790618 0.7495140433 0.2036913484 0.6298717856
97.5 320.2 2700.8 0.0905552879 0.3163738251 -0.9443025589 0.9354442358 0.2982936502 0.1896444261 0.3416779935 -0.9005156755 -0.2689379752
73.3 69.7 2609.3 -0.3654061258 0.2869204283 -0.8855252862 0.8937375546 0.3740752935 -0.2475901246 0.2602144778 -0.8818981647 -0.3931209445
270.9 246.0 2914.3 0.3150507808 0.8405103087 -0.4407782555 -0.9489077926 0.2876763642 -0.1296778619 0.0178059209 0.4591130316 0.8881993890
352.0 1.8 2918.9 0.5653376579 0.7629076838 -0.3136323392 -0.8002843857 0.4151788354 -0.4326331615 -0.1998456419 0.4955788851 0.8452593088
62.6 -73.4 2658.0 0.3421471715 -0.1674884111 -0.9245988131 -0.0893541723 0.9737274051 -0.2094533741 0.9353882074 0.1542806476 0.3181923032
128.1 -454.3 2597.7 0.3520886004 -0.0888646170 -0.9317385554 -0.1815817803 0.9700837135 -0.1611385494 0.9181839228 0.2259217948 0.3254192173
175.2 -118.6 2795.3 -0.8444067836 -0.0271045566 -0.5350163579 0.0455703698 0.9914647341 -0.1221516654 0.5337607265 -0.1275265813 -0.8359643817
186.2 -521.7 2847.2 -0.8453529477 0.2243097723 -0.4848335087 0.0416682102 0.9324956536 0.3587696254 0.5325806737 0.2830848098 -0.7976344824
173.6 -175.6 2537.9 0 0 0 0 0 0 0 0 0
510.9 -223.2 2862.7 0 0 0 0 0 0 0 0 0
159.6 -797.8 2517.7 0 0 0 0 0 0 0 0 0
115.8 -814.3 2758.4 0 0 0 0 0 0 0 0 0
228.3 470.6 2844.3 04 0.5816304088 0.1925552636 -0.7903344631 -0.2796048224 0.9597052932 0.0280509610 0.7638895512 0.2046660334 0.6120331883
190.0 279.5 2803.6 0.5816304088 0.1925552636 -0.7903344631 -0.2796048224 0.9597052932 0.0280509610 0.7638895512 0.2046660334 0.6120331883
155.4 90.6 2765.2 0.5848407745 0.1764092296 -0.7917329669 -0.2628614306 0.9646102786 0.0207571164 0.7673755288 0.1959764361 0.6105145812
106.7 316.9 2694.3 0.1269571632 0.3416824937 -0.9312008023 0.9386265874 0.2621645927 0.2241647840 0.3207210600 -0.9025091529 -0.2874285877
74.2 76.2 2612.1 -0.2929570675 0.3112318516 -0.9040524960 0.9150410891 0.3654585183 -0.1707040668 0.2772651315 -0.8772541285 -0.3918536007
273.3 242.1 2912.9 0.3376185298 0.8283098340 -0.4471202791 -0.9412792325 0.2957508266 -0.1628644466 -0.0026660291 0.4758510888 0.8795218468
360.9 -2.0 2912.2 0.5308849216 0.7791310549 -0.3333406448 -0.8228850365 0.3799356818 -0.4225034118 -0.2025375217 0.4986017346 0.8428373933
65.4 -71.3 2660.1 0.3151577413 -0.1665226370 -0.9343156815 -0.0701841936 0.9777004719 -0.1979292035 0.9464405775 0.1279531121 0.2964425981
