-61.7 344.5 3261.9 5 -0.3184596896 0.1181635857 0.9405428171 0.8124662638 0.5451735258 0.2066020668 -0.4883461893 0.8299537301 -0.2696197033
-83.7 243.0 3107.4 -0.3184596896 0.1181635857 0.9405428171 0.8124662638 0.5451735258 0.2066020668 -0.4883461893 0.8299537301 -0.2696197033
-107.1 140.1 2942.3 -0.3155471385 0.1133874208 0.9421110749 0.8258860111 0.5217182636 0.2138279527 -0.4672711492 0.8455491662 -0.2582717836
-38.5 123.3 3178.3 0.9396311045 -0.0401699729 -0.3398232162 -0.2929417789 0.4188381433 -0.8595113158 0.1768574715 0.9071719646 0.3817858696
-322.9 212.0 3124.8 -0.3752866983 -0.0401699729 -0.9260379672 -0.8477577567 0.4188381433 0.3253943026 0.3747889102 0.9071719646 -0.1912387758
-128.8 362.7 3036.5 -0.0447973721 0.9707691073 0.2357975990 -0.4201190174 0.1958410442 -0.8860847950 -0.9063626528 -0.1387573183 0.3990654051
-139.6 261.3 2817.6 -0.2337846309 0.9707691073 0.0543328375 0.6406690478 0.1958410442 -0.7424213290 -0.7313603163 -0.1387573183 -0.6677263975
-123.4 -40.1 2811.6 0.1123428121 -0.2348191738 -0.9655252695 -0.0044037765 0.9715492725 -0.2367966324 0.9936597347 0.0308543574 0.1081124842
-30.1 -426.1 2799.3 0.1104416624 -0.0227172114 -0.9936229587 0.1128007397 0.9935654998 -0.0101780426 0.9874606729 -0.1109573245 0.1122935414
-187.8 112.8 2743.4 -0.9572089314 0.0127568319 -0.2891165316 0.0488717631 0.9918051362 -0.1180430353 0.2852413952 -0.1271214783 -0.9499881268
-197.0 -601.6 2835.0 -0.9572089314 0.1634433717 -0.2388249785 0.0488717631 0.9046893120 0.4232597053 0.2852413952 0.3934761584 -0.8739644289
-228.0 426.4 3030.0 0 0 0 0 0 0 0 0 0
-190.8 401.4 2657.6 0 0 0 0 0 0 0 0 0
-18.7 -924.5 2855.0 0 0 0 0 0 0 0 0 0
-259.4 -946.9 2684.8 0 0 0 0 0 0 0 0 0
-69.3 364.6 3255.1 6 -0.1400643438 0.0656828955 0.9879614115 0.7849193811 0.6155908704 0.0703523755 -0.6035590172 0.7853239179 -0.1377781034
-81.8 247.0 3105.0 -0.1400643438 0.0656828955 0.9879614115 0.7849193811 0.6155908704 0.0703523755 -0.6035590172 0.7853239179 -0.1377781034
-94.4 131.1 2946.0 -0.1382464170 0.0548286140 0.9888790250 0.8031132817 0.5904939175 0.0795360878 -0.5795661807 0.8051774502 -0.1256672591
-63.2 131.2 3190.4 0.8598027825 -0.1177353039 -0.4968677461 -0.3760311604 0.5123149157 -0.7720971704 0.3454558551 0.8506890535 0.3962176442
-323.4 245.0 3085.9 -0.5291840434 -0.1177353039 -0.8402991295 -0.7572489977 0.5123149157 0.4051016569 0.3828030229 0.8506890535 -0.3602638245
-100.4 362.7 3019.5 0.0501390137 0.9762573838 0.2107310593 -0.4896648228 0.2079257369 -0.8467557430 -0.8704679608 -0.0607320890 0.4884640872
-89.3 254.2 2826.5 -0.1606002599 0.9762573838 0.1453583688 0.5066371560 0.2079257369 -0.8367112279 -0.8470692635 -0.0607320890 -0.5280011892
-95.1 -39.4 2825.7 -0.0178501960 -0.1538191736 -0.9879377484 -0.0325543173 0.9876607060 -0.1531878412 0.9993105531 0.0294272061 -0.0226374138
-34.2 -430.6 2814.1 -0.0264885928 -0.0659584105 -0.9974707365 0.0950274989 0.9931360483 -0.0681953058 0.9951221943 -0.0965935439 -0.0200389139
-143.6 108.9 2739.7 -0.9407849312 0.0432608314 -0.3362323642 0.0900117457 0.9881003499 -0.1247222424 0.3268357217 -0.1476016641 -0.9334838986
-174.7 -601.1 2845.7 -0.9407849312 0.2225022316 -0.2557664216 0.0900117457 0.8913345337 0.4443203509 0.3268357217 0.3949879110 -0.8585819602
-189.6 436.5 2989.1 0 0 0 0 0 0 0 0 0
-125.1 367.0 2637.8 0 0 0 0 0 0 0 0 0
1.0 -960.2 2865.6 0 0 0 0 0 0 0 0 0
-259.6 -940.9 2695.2 0 0 0 0 0 0 0 0 0
-97.2 293.4 3215.0 7 -0.0074427533 -0.0443413444 0.9989886880 0.7632701993 0.6451669931 0.0343231149 -0.6460365057 0.7627537847 0.0290426090
-88.6 168.6 3067.4 -0.0074427533 -0.0443413444 0.9989886880 0.7632701993 0.6451669931 0.0343231149 -0.6460365057 0.7627537847 0.0290426090
-80.6 47.0 2912.5 -0.0089641539 -0.0488745943 0.9987646937 0.7839151025 0.6197427511 0.0373629630 -0.6208032966 0.7832816839 0.0327580646
-88.9 55.7 3158.6 0.7764817476 -0.2297181487 -0.5867756605 -0.3938528597 0.5499624014 -0.7364925146 0.4918902814 0.8029762506 0.3365606368
-323.9 174.9 3009.8 -0.6158605218 -0.2297181487 -0.7536215186 -0.7209928632 0.5499624014 0.4215573967 0.3176241219 0.8029762506 -0.5043253303
-88.3 281.5 2976.3 0.1671941578 0.9815182090 0.0931028202 -0.5256057978 0.1686283946 -0.8338482976 -0.8341370821 0.0904791877 0.5440853238
-51.2 165.0 2791.3 -0.0011585138 0.9815182090 0.1913653016 0.4780272543 0.1686283946 -0.8620060086 -0.8783442378 0.0904791877 -0.4693878293
-77.7 -115.6 2817.8 -0.1800680906 -0.1369685084 -0.9740713835 0.0199235491 0.9895470142 -0.1428277045 0.9834523797 -0.0451256707 -0.1754569411
-31.3 -450.7 2833.1 -0.1835929006 -0.0803909078 -0.9797096252 0.0615615807 0.9937536716 -0.0930796489 0.9810727835 -0.0774012357 -0.1774971187
-92.4 27.8 2715.6 -0.9429259896 0.0872613266 -0.3213658929 0.1534830630 0.9703220725 -0.1868635416 0.2955224514 -0.2255227119 -0.9283350706
-148.2 -592.2 2859.7 -0.9429259896 0.2649105191 -0.2017745972 0.1534830630 0.8834620714 0.4426485300 0.2955224514 0.3864158094 -0.8736986518
-168.2 357.3 2929.4 0 0 0 0 0 0 0 0 0
-51.5 271.5 2595.7 0 0 0 0 0 0 0 0 0
11.3 -976.8 2874.1 0 0 0 0 0 0 0 0 0
-249.2 -929.1 2712.3 0 0 0 0 0 0 0 0 0
-97.0 262.8 3188.8 8 0.1307004541 -0.0440031253 0.9904448986 0.6904246807 0.7209879756 -0.0590775795 -0.7114992738 0.6915490627 0.1246142909
-88.5 122.4 3054.2 0.1307004541 -0.0440031253 0.9904448986 0.6904246807 0.7209879756 -0.0590775795 -0.7114992738 0.6915490627 0.1246142909
-78.5 -16.0 2914.2 0.1295196563 -0.0581728555 0.9898689985 0.7069092393 0.7054605484 -0.0510370508 -0.6953445077 0.7063577771 0.1324939430
-108.9 21.0 3155.9 0.6826016307 -0.2462597191 -0.6880488396 -0.4058557451 0.6552225351 -0.6371534467 0.6077303290 0.7141705751 0.3473100364
-315.5 143.8 2972.0 -0.7134928107 -0.2462597191 -0.6559605002 -0.6212694049 0.6552225351 0.4297764301 0.3239634633 0.7141705751 -0.6204901934
-68.1 223.9 2952.5 0.1897510886 0.9808397889 -0.0441345088 -0.6288753152 0.0868948177 -0.7726352215 -0.7539962530 0.1743634641 0.6333143115
-26.0 84.4 2785.3 0.1299989820 0.9808397889 0.1450985670 0.3746730685 0.0868948177 -0.9230760336 -0.9179980159 0.1743634641 -0.3561980128
-73.6 -189.2 2821.4 -0.2592955828 -0.1438812315 -0.9550204277 0.0444969572 0.9860109091 -0.1606314629 0.9647724032 -0.0841465294 -0.2492660135
-22.8 -537.4 2851.1 -0.2577634752 -0.0923917964 -0.9617804885 0.0276124347 0.9943066239 -0.1029166803 0.9658133984 -0.0530852638 -0.2537447810
-63.2 -54.5 2706.6 -0.9384881854 0.1035575271 -0.3294173777 0.1978565902 0.9431106448 -0.2671985924 0.2830066085 -0.3159401119 -0.9055877328
-122.3 -592.9 2887.0 -0.9384881854 0.3045282364 -0.1627959609 0.1978565902 0.8606089354 0.4692600965 0.2830066085 0.4081847966 -0.8679242134
-135.0 300.9 2890.1 0 0 0 0 0 0 0 0 0
3.0 167.9 2580.8 0 0 0 0 0 0 0 0 0
18.5 -982.2 2874.9 0 0 0 0 0 0 0 0 0
-238.4 -921.0 2731.4 0 0 0 0 0 0 0 0 0
-102.4 281.2 3124.2 9 0.2781538963 -0.0597820096 0.9586743712 0.4796423316 0.8733662367 -0.0847032070 -0.8322101235 0.4833813310 0.2716042101
-91.4 119.9 3034.9 0.2781538963 -0.0597820096 0.9586743712 0.4796423316 0.8733662367 -0.0847032070 -0.8322101235 0.4833813310 0.2716042101
-73.1 -49.1 2935.1 0.2756117582 -0.0994712189 0.9561085701 0.5073100924 0.8598911166 -0.0567782931 -0.8165014386 0.5006923079 0.2874588370
-133.0 47.6 3153.6 0.5613742471 -0.2901510298 -0.7750298977 -0.2704051435 0.8208053708 -0.5031496286 0.7821381092 0.4920273423 0.3823207021
-302.9 129.4 2916.9 -0.7958040237 -0.2901510298 -0.5315151215 -0.4925099313 0.8208053708 0.2893311083 0.3523207903 0.4920273423 -0.7961024642
-49.7 192.1 2916.1 0.2417101711 0.9519904852 -0.1878571212 -0.8028493524 0.0874713063 -0.5897301435 -0.5449854136 0.2933647633 0.7854476571
3.9 14.1 2795.3 0.2809901834 0.9519904852 0.1214850992 0.1306193322 0.0874713063 -0.9875664115 -0.9507802725 0.2933647633 -0.0997697860
-80.8 -242.3 2877.5 -0.3416529596 -0.1500621289 -0.9277686477 -0.0970998183 0.9875236750 -0.1239699945 0.9347966909 0.0477314517 -0.3519614041
-25.0 -610.0 2859.7 -0.3559207022 -0.1187076792 -0.9269460440 0.0060077151 0.9915882945 -0.1292927563 0.9344968200 -0.0515867993 -0.3522136509
-42.6 -137.4 2745.9 -0.9280567169 0.0709806830 -0.3656124771 0.2183391303 0.8989772201 -0.3796945810 0.3017263114 -0.4322056174 -0.8497996926
-74.0 -534.6 2936.9 -0.9280567169 0.3310933411 -0.1705518514 0.2183391303 0.8546547294 0.4710555673 0.3017263114 0.3999281228 -0.8654586673
-101.6 254.0 2827.8 0 0 0 0 0 0 0 0 0
66.5 43.2 2583.5 0 0 0 0 0 0 0 0 0
19.9 -985.0 2879.2 0 0 0 0 0 0 0 0 0
-222.3 -917.6 2757.7 0 0 0 0 0 0 0 0 0
-78.0 298.1 3071.6 0 0.6326376200 -0.0124518257 0.7743478417 0.2730265260 0.9392604828 -0.2079573572 -0.7247248888 0.3429791331 0.5976111889
-75.6 121.5 3007.1 0.6326376200 -0.0124518257 0.7743478417 0.2730265260 0.9392604828 -0.2079573572 -0.7247248888 0.3429791331 0.5976111889
-57.1 -61.6 2936.7 0.6292717457 -0.0980278701 0.7709783316 0.3300310671 0.9318322539 -0.1508910060 -0.7036309838 0.3493982553 0.6187279820
-168.3 75.3 3108.8 0.1980425268 -0.2780301273 -0.9399353266 -0.2259917110 0.9201419950 -0.3197913170 0.9537855387 0.2757498622 0.1193947420
-228.2 143.7 2820.1 -0.9467825890 -0.2780301273 -0.1621789485 -0.3109719157 0.9201419950 0.2379815429 0.0830616206 0.2757498622 -0.9576339722
17.0 167.8 2905.5 0.2549538314 0.7927488089 -0.5536676645 -0.9036623240 -0.0084111802 -0.4281631708 -0.3440828323 0.6094904542 0.7142327428
73.5 -32.5 2829.2 0.6080342531 0.7927488089 -0.0429378524 -0.0595233664 -0.0084111802 -0.9981914759 -0.7916762233 0.6094904542 0.0420727916
-85.2 -269.4 2928.1 -0.6383464932 -0.1219722554 -0.7600240707 -0.2087828964 0.9777882099 0.0184373017 0.7408937216 0.1704494059 -0.6496333480
-38.5 -643.4 2862.9 -0.6695517898 -0.1667595506 -0.7238035798 -0.0669895932 0.9840575457 -0.1647518575 0.7397382855 -0.0618225969 -0.6700486541
-19.8 -193.6 2788.9 -0.9405449629 0.1423827410 -0.3083867133 0.2404630929 0.9203416109 -0.3084619641 0.2399014831 -0.3642779589 -0.8998604417
-79.1 -576.9 2940.7 -0.9405449629 0.3208244741 -0.1115655601 0.2404630929 0.8608819246 0.4483969212 0.2399014831 0.3949100375 -0.8868445754
11.2 222.3 2799.1 0 0 0 0 0 0 0 0 0
209.0 -45.8 2652.8 0 0 0 0 0 0 0 0 0
19.5 -985.6 2884.4 0 0 0 0 0 0 0 0 0
-206.2 -918.0 2784.2 0 0 0 0 0 0 0 0 0
-28.7 286.0 3037.0 1 0.9447267056 0.0797122195 0.3180210590 0.0208226815 0.9534475803 -0.3008390665 -0.3271969557 0.2908327579 0.8990875483
-44.0 103.0 2981.2 0.9447267056 0.0797122195 0.3180210590 0.0208226815 0.9534475803 -0.3008390665 -0.3271969557 0.2908327579 0.8990875483
-40.6 -87.7 2931.3 0.9471166730 -0.0159442928 0.3204930127 0.0928974822 0.9696196318 -0.2262915373 -0.3071482778 0.2440974861 0.9198241234
-181.9 91.3 3024.7 -0.3408789933 -0.1360115260 -0.9302163124 -0.1333926469 0.9864653945 -0.0953540802 0.9305954576 0.0915798098 -0.3544082642
-78.7 131.6 2743.0 -0.9165898561 -0.1360115260 0.3759839237 -0.0902158543 0.9864653945 0.1369200349 -0.3895178437 0.0915798098 -0.9164545536
94.0 114.7 2937.7 0.1529984027 0.3787860870 -0.9127500057 -0.9747532010 -0.0941515937 -0.2024639845 -0.1626273990 0.9206826687 0.3548179269
127.9 -101.4 2901.6 0.8737452626 0.3787860870 -0.3051071167 -0.2915820479 -0.0941515937 -0.9519009590 -0.3892931640 0.9206826687 0.0281827189
-103.7 -276.9 2922.5 -0.9322389364 -0.1497528851 -0.3294004500 -0.1877514571 0.9783952832 0.0865563601 0.3093217909 0.1425366253 -0.9402145147
-45.8 -654.9 2867.4 -0.9351786971 -0.1958110929 -0.2951250672 -0.1735534519 0.9797255397 -0.1000851765 0.3087393641 -0.0423775502 -0.9502021670
12.4 -237.7 2832.1 -0.9429116249 0.1919551641 -0.2721596062 0.2722731531 0.9149054885 -0.2980188727 0.1917940527 -0.3551072478 -0.9149392843
-62.8 -596.2 2971.2 -0.9429116249 0.3291688263 -0.0506510250 0.2722731531 0.8494764566 0.4519480467 0.1917940527 0.4123561680 -0.8906050920
153.1 154.5 2841.5 0 0 0 0 0 0 0 0 0
322.6 -166.4 2814.9 0 0 0 0 0 0 0 0 0
19.8 -982.9 2881.6 0 0 0 0 0 0 0 0 0
-187.5 -918.0 2815.0 0 0 0 0 0 0 0 0 0
8.8 279.6 3031.5 2 0.9815238714 0.1059698984 -0.1593148857 -0.1428902149 0.9597027898 -0.2419770658 0.1272526532 0.2602708042 0.9571133256
-12.0 91.7 2980.6 0.9815238714 0.1059698984 -0.1593148857 -0.1428902149 0.9597027898 -0.2419770658 0.1272526532 0.2602708042 0.9571133256
-19.6 -100.5 2937.6 0.9867576361 0.0438655838 -0.1561576277 -0.0752533302 0.9766604304 -0.2011750340 0.1436883211 0.2102623731 0.9670281410
-154.8 104.4 2958.5 -0.7296431661 0.0071021998 -0.6837911606 -0.0087179132 0.9997681975 0.0196865946 0.6837725043 0.0203254204 -0.7294121385
66.0 107.0 2751.6 -0.6555684805 0.0071021998 0.7551023364 0.0200036801 0.9997681975 0.0079634627 -0.7548707128 0.0203254204 -0.6555585861
130.9 79.0 3002.6 0.0408744626 -0.0826082826 -0.9957435131 -0.9962289333 -0.0797034651 -0.0342820771 -0.0765322223 0.9933897853 -0.0855545998
140.0 -141.9 2985.6 0.8925423026 -0.0826082826 -0.4433329105 -0.4493454099 -0.0797034651 -0.8897955418 0.0381693132 0.9933897853 -0.1082583666
-119.5 -285.3 2896.1 -0.9726188183 -0.1930994093 0.1293263584 -0.1809026897 0.9783715010 0.1003167480 -0.1459003240 0.0741744712 -0.9865146875
-44.1 -667.5 2867.1 -0.9722547531 -0.1783670783 0.1513467282 -0.1829204410 0.9829875231 -0.0166020021 -0.1458106935 -0.0438257866 -0.9883413315
27.4 -279.5 2869.0 -0.9447717071 0.2252414525 -0.2380603701 0.2748560607 0.9401904941 -0.2012361139 0.1784953773 -0.2555545270 -0.9501743317
-61.0 -648.4 2969.3 -0.9447717071 0.3246599436 -0.0447478220 0.2748560607 0.8592942357 0.4313554466 0.1784953773 0.3952332139 -0.9010716677
231.8 101.9 2942.5 0 0 0 0 0 0 0 0 0
338.8 -242.0 2994.1 0 0 0 0 0 0 0 0 0
13.4 -984.4 2881.2 0 0 0 0 0 0 0 0 0
-160.9 -912.8 2847.7 0 0 0 0 0 0 0 0 0
6.9 286.0 2998.3 3 0.7994168401 0.0729548261 -0.5963307023 -0.1363140345 0.9887377024 -0.0617753640 0.5851078629 0.1306725144 0.8003583550
-7.3 92.7 2972.8 0.7994168401 0.0729548261 -0.5963307023 -0.1363140345 0.9887377024 -0.0617753640 0.5851078629 0.1306725144 0.8003583550
-3.4 -102.8 2947.7 0.8016524911 -0.0116114160 -0.5976775289 -0.0641127825 0.9923745394 -0.1052725613 0.5943423510 0.1227107793 0.7947950959
-122.7 103.6 2885.5 -0.9634329677 0.0453805737 -0.2640787363 0.0604940578 0.9969464540 -0.0493790992 0.2610314786 -0.0635486469 -0.9632362723
168.8 85.3 2806.5 -0.2272744477 0.0453805737 0.9727727771 -0.0516423918 0.9969464540 -0.0585737973 -0.9724605083 -0.0635486469 -0.2242368907
108.1 81.8 3060.1 0.0233447179 -0.5390344262 -0.8419601321 -0.9990704656 0.0179497134 -0.0391925089 0.0362390578 0.8420924544 -0.5381143093
113.3 -139.7 3068.1 0.7492996454 -0.5390344262 -0.3846971691 -0.4464082718 0.0179497134 -0.8946493268 0.4891520143 0.8420924544 -0.2271797061
-94.7 -288.8 2877.0 -0.8143044710 -0.1332803667 0.5649288297 -0.0979553908 0.9908756018 0.0925758108 -0.5721127391 0.0200470649 -0.8199299574
-42.9 -674.0 2869.2 -0.8087359667 -0.1419274062 0.5707913637 -0.1426057965 0.9888093472 0.0438141115 -0.5706222057 -0.0459641032 -0.8199253678
40.5 -298.3 2928.9 -0.9368761778 0.2335261405 0.2602471113 0.1931101382 0.9660428166 -0.1716675013 -0.2914986908 -0.1105748340 -0.9501587749
-51.7 -679.9 2972.6 -0.8939009309 0.3040738404 0.3293633759 0.3826891184 0.9002794623 0.2074751556 -0.2334313095 0.3115060031 -0.9211263657
226.3 98.4 3052.4 0 0 0 0 0 0 0 0 0
280.2 -239.2 3177.1 0 0 0 0 0 0 0 0 0
1.2 -980.8 2883.5 0 0 0 0 0 0 0 0 0
-156.2 -989.3 2865.5 0 0 0 0 0 0 0 0 0
3.2 280.6 3024.9 4 0.5115058422 0.0242485926 -0.8589376211 -0.1173870862 0.9922021627 -0.0418943949 0.8512238860 0.1222574115 0.5103636384
-1.6 84.5 3000.8 0.5115058422 0.0242485926 -0.8589376211 -0.1173870862 0.9922021627 -0.0418943949 0.8512238860 0.1222574115 0.5103636384
-1.7 -110.1 2968.4 0.5115005374 -0.0030192833 -0.8592776656 -0.1178792715 0.9902930260 -0.0736494064 0.8511590362 0.1389627308 0.5061795115
-71.9 102.6 2881.5 -0.7312107682 -0.1680693477 -0.6611229181 0.1333488077 0.9152573943 -0.3801604807 0.6689909697 -0.3661374152 -0.6468342543
107.2 69.9 2717.6 -0.2889640927 -0.1680693477 0.9424714446 -0.4008473158 0.9152573943 0.0403155237 -0.8693797588 -0.3661374152 -0.3318466842
68.8 66.4 3120.0 -0.0468011387 -0.8163160086 -0.5757063627 -0.9988279939 0.0453635491 0.0168754403 0.0123403920 0.5758214593 -0.8174823523
58.4 -155.1 3122.8 0.4821454287 -0.8163160086 -0.3180628419 -0.4954409897 0.0453635491 -0.8674562573 0.7225468755 0.5758214593 -0.3825646043
-58.8 -295.9 2874.2 -0.5419437289 -0.0523637980 0.8387818933 -0.0205624662 0.9985844493 0.0490544364 -0.8401631713 0.0093373209 -0.5422533154
-38.2 -687.1 2870.5 -0.5339277983 -0.1192428470 0.8370795846 -0.1027179509 0.9918206930 0.0757676437 -0.8392676115 -0.0455286428 -0.5418090224
48.2 -301.4 2983.0 -0.7640019655 0.2155359536 0.6081490517 0.1804010421 0.9763206840 -0.1193875968 -0.6194808483 0.0184983741 -0.7847937942
-36.5 -684.9 2975.7 -0.7387674451 0.2368064225 0.6309875846 0.3117313087 0.9501332045 0.0083984192 -0.5975334644 0.2029030770 -0.7757474184
176.3 165.8 2925.7 0 0 0 0 0 0 0 0 0
165.8 -265.5 3283.7 0 0 0 0 0 0 0 0 0
-4.0 -971.9 2883.6 0 0 0 0 0 0 0 0 0
-121.7 -1026.8 2902.7 0 0 0 0 0 0 0 0 0
6.8 322.2 3051.8 5 0.0549784079 0.0601005219 -0.9966771007 -0.2605161965 0.9644759893 0.0437882468 0.9639028311 0.2572431266 0.0686825141
-6.5 109.3 2995.1 0.0549784079 0.0601005219 -0.9966771007 -0.2605161965 0.9644759893 0.0437882468 0.9639028311 0.2572431266 0.0686825141
6.3 -86.6 2980.5 0.0523923524 -0.0814076364 -0.9953029156 -0.0225333422 0.9963216186 -0.0826771036 0.9983723164 0.0267591495 0.0503652468
-7.7 113.8 2860.1 -0.4239355624 -0.2671314180 -0.8654013276 0.3677377105 0.8224363327 -0.4340132475 0.8276760578 -0.5022343397 -0.2504256964
73.9 43.1 2700.9 -0.4321610630 -0.2671314180 0.8613231778 -0.5680681467 0.8224363327 -0.0299520064 -0.7003823519 -0.5022343397 -0.5071737766
-5.3 104.8 3130.0 -0.0336242877 -0.9917718768 -0.1235232800 -0.9959182739 0.0436074361 -0.0790262744 0.0837625712 0.1203618944 -0.9891899824
-12.7 -116.0 3148.5 0.0921006352 -0.9917718768 -0.0889160633 -0.4099729657 0.0436074361 -0.9110546708 0.9074357748 0.1203618944 -0.4025833607
-12.2 -288.1 2888.6 -0.0827864259 0.0613120757 0.9946794510 0.0488386862 0.9971559644 -0.0573999211 -0.9953698516 0.0438269041 -0.0855453759
-37.0 -691.6 2870.9 -0.0745728686 -0.0856524929 0.9935303330 -0.0512329340 0.9953178167 0.0819611251 -0.9958986044 -0.0447894000 -0.0786119327
21.5 -277.8 3040.1 -0.3925905228 0.0950751901 0.9147859812 0.0315209292 0.9954490662 -0.0899310783 -0.9191730618 -0.0064711878 -0.3938007355
-14.4 -654.4 3042.5 -0.3795425594 0.1565948576 0.9118253589 0.1247562841 0.9852324724 -0.1172724888 -0.9167242646 0.0692460462 -0.3934738338
176.8 178.4 2867.7 0 0 0 0 0 0 0 0 0
7.8 -207.3 3350.7 0 0 0 0 0 0 0 0 0
-13.4 -966.4 2883.2 0 0 0 0 0 0 0 0 0
-71.8 -1015.6 3017.1 0 0 0 0 0 0 0 0 0
10.6 334.3 3065.3 6 -0.1254107356 0.0480628386 -0.9909400344 -0.2248553485 0.9714568853 0.0755749568 0.9662878513 0.2322960794 -0.1110239327
0.5 130.3 3016.5 -0.1254107356 0.0480628386 -0.9909400344 -0.2248553485 0.9714568853 0.0755749568 0.9662878513 0.2322960794 -0.1110239327
5.1 -64.7 2991.5 -0.1239439026 -0.0248867124 -0.9919770956 -0.1004053056 0.9948691726 -0.0124139944 0.9871963859 0.0980611220 -0.1258067191
21.9 145.3 2880.3 -0.0760318190 -0.1230216995 -0.9894871712 0.5613166094 0.8148980141 -0.1444466114 0.8241012096 -0.5663981438 0.0070959427
39.2 17.0 2692.0 -0.5936921239 -0.1230216995 0.7952328920 -0.5177722573 0.8148980141 -0.2604861856 -0.6159882545 -0.5663981438 -0.5474957824
-20.8 115.4 3152.7 -0.1074197963 -0.9931333661 0.0463370122 -0.9941735268 0.1077179462 0.0039788764 -0.0089428825 -0.0456396230 -0.9989179373
-44.6 -105.0 3150.8 -0.0923109055 -0.9931333661 -0.0718667284 -0.4818960428 0.1077179462 -0.8695821166 0.8713523746 -0.0456396230 -0.4885305762
21.9 -268.9 2900.7 0.0852742270 0.1420819908 0.9861749411 0.0522762462 0.9877789021 -0.1468333900 -0.9949851632 0.0640746281 0.0768045709
-35.5 -667.9 2874.8 0.0912014470 -0.0646059066 0.9937345386 -0.0340594314 0.9971071482 0.0679510236 -0.9952498674 -0.0400432684 0.0887371749
-2.8 -265.6 3046.7 -0.2227405459 0.0938182324 0.9703529477 0.1361512691 0.9885972738 -0.0643292144 -0.9653235078 0.1177860573 -0.2329741716
-37.6 -632.6 3003.0 -0.2159679085 0.1779517680 0.9600474238 0.1742705554 0.9744889140 -0.1414254904 -0.9607224464 0.1367646307 -0.2414700836
185.1 144.2 2843.4 0 0 0 0 0 0 0 0 0
-65.2 -212.4 3344.9 0 0 0 0 0 0 0 0 0
-16.5 -961.3 2886.6 0 0 0 0 0 0 0 0 0
-104.1 -996.5 2951.9 0 0 0 0 0 0 0 0 0
20.0 342.5 3073.0 7 -0.0925042257 0.0616665594 -0.9938008785 -0.2171335220 0.9728106856 0.0805751532 0.9717489481 0.2232410312 -0.0765992254
7.3 143.0 3027.3 -0.0925042257 0.0616665594 -0.9938008785 -0.2171335220 0.9728106856 0.0805751532 0.9717489481 0.2232410312 -0.0765992254
9.3 -51.7 2997.8 -0.0903010145 -0.0073800473 -0.9958871603 -0.1374529600 0.9904950261 0.0051233121 0.9863834977 0.1373502761 -0.0904571116
23.0 163.8 2887.8 0.0216808598 0.1361431926 -0.9904519320 0.6366624236 0.7619566321 0.1186716855 0.7708377838 -0.6331564188 -0.0701573789
17.6 5.7 2696.3 -0.7129590511 0.1361431926 0.6878622174 -0.3683936298 0.7619566321 -0.5326426625 -0.5966368914 -0.6331564188 -0.4930895865
-8.4 122.2 3166.7 -0.1216638610 -0.9925106764 0.0109769404 -0.9916144609 0.1220246330 0.0425533280 -0.0435740910 -0.0057076900 -0.9990338683
-35.3 -97.6 3157.0 -0.0681685284 -0.9925106764 -0.1013688296 -0.5144791007 0.1220246330 -0.8487763405 0.8547890186 -0.0057076900 -0.5189442039
24.9 -246.1 2890.9 0.0399151333 0.1295148581 0.9907737970 0.0161201321 0.9913514853 -0.1302397996 -0.9990730286 0.0211699437 0.0374821313
-27.0 -642.9 2882.4 0.0436547883 -0.0611531399 0.9971733093 -0.0436534844 0.9970547557 0.0630569533 -0.9980924726 -0.0462828279 0.0408566669
1.6 -258.0 3053.0 -0.2535232604 0.0963947177 0.9625144005 0.1892465651 0.9807373881 -0.0483727828 -0.9486367702 0.1698889285 -0.2668820918
-34.1 -621.0 2990.1 -0.2532164752 0.1851858199 0.9495196939 0.1908584833 0.9717792869 -0.1386292726 -0.9483957291 0.1461206824 -0.2814148068
194.7 97.2 2844.5 0 0 0 0 0 0 0 0 0
-50.5 -212.2 3347.5 0 0 0 0 0 0 0 0 0
-7.6 -958.6 2897.0 0 0 0 0 0 0 0 0 0
-104.1 -988.1 2934.9 0 0 0 0 0 0 0 0 0
27.7 346.8 3076.9 8 -0.0971477404 0.0597023331 -0.9934777021 -0.2104488611 0.9743967652 0.0791345313 0.9727659225 0.2167640030 -0.0820961520
15.5 147.9 3032.7 -0.0971477404 0.0597023331 -0.9934777021 -0.2104488611 0.9743967652 0.0791345313 0.9727659225 0.2167640030 -0.0820961520
15.1 -46.7 3001.4 -0.0952094272 0.0071808677 -0.9954313636 -0.1535803825 0.9878953099 0.0218159147 0.9835386276 0.1549558192 -0.0929540992
31.4 171.3 2891.9 0.0713085756 0.3329329491 -0.9402503371 0.6798458099 0.6735546589 0.2900582552 0.7298799753 -0.6599088907 -0.1783128679
13.4 -0.6 2707.4 -0.7655701637 0.3329329491 0.5505070090 -0.2154926509 0.6735546589 -0.7070268989 -0.6061891317 -0.6599088907 -0.4439087212
-0.5 124.5 3173.4 -0.1364967674 -0.9905344248 0.0144982543 -0.9887264371 0.1371277869 0.0601331405 -0.0615520589 -0.0061268276 -0.9980850816
-30.7 -94.8 3159.7 -0.0783931017 -0.9905344248 -0.1126769260 -0.5284999013 0.1371277869 -0.8377850652 0.8453060985 -0.0061268276 -0.5342472196
20.7 -232.2 2884.9 0.0420320295 0.1039704606 0.9936918020 0.0252702981 0.9941419363 -0.1050864607 -0.9987966418 0.0295278858 0.0391584374
-20.8 -628.6 2873.1 0.0552098528 -0.0756234378 0.9956068397 -0.1387890875 0.9868665338 0.0826558918 -0.9887818098 -0.1427427828 0.0439890474
4.4 -255.5 3056.8 -0.2547882497 -0.0217299964 0.9667527080 0.0571179092 0.9976637363 0.0374782532 -0.9653084874 0.0647679120 -0.2529518306
12.7 -633.9 3032.2 -0.2546849847 0.0264997222 0.9666609168 0.0610843040 0.9980689883 -0.0112669254 -0.9650928974 0.0561782941 -0.2558118999
205.4 53.5 2859.5 0 0 0 0 0 0 0 0 0
-48.2 -212.5 3348.0 0 0 0 0 0 0 0 0 0
4.6 -959.5 2921.0 0 0 0 0 0 0 0 0 0
2.8 -1006.7 3011.3 0 0 0 0 0 0 0 0 0
42.0 352.5 3089.8 9 -0.0469636284 0.0728367046 -0.9962375164 -0.2110375762 0.9741021991 0.0811668709 0.9763491154 0.2140554488 -0.0303760916
27.3 154.9 3046.4 -0.0469636284 0.0728367046 -0.9962375164 -0.2110375762 0.9741021991 0.0811668709 0.9763491154 0.2140554488 -0.0303760916
31.7 -39.4 3013.8 -0.0456583910 -0.0161740351 -0.9988261461 -0.1658836007 0.9861096740 -0.0083852373 0.9850878119 0.1653060168 -0.0477071889
35.7 180.3 2904.7 0.0645785853 0.5475146770 -0.8343005180 0.7014350295 0.5697629452 0.4282045066 0.7098017335 -0.6128604412 -0.3472514749
18.6 -6.0 2716.2 -0.7275838852 0.5475146770 0.4133392870 -0.0376262069 0.5697629452 -0.8209472895 -0.6849860549 -0.6128604412 -0.3939494491
18.8 129.6 3188.1 -0.1086780280 -0.9935384393 -0.0327179953 -0.9918717146 0.1061870903 0.0701054558 -0.0661782324 0.0400709771 -0.9970028996
-5.3 -90.4 3173.4 -0.0236164220 -0.9935384393 -0.1110119149 -0.5387552381 0.1061870903 -0.8357434273 0.8421312571 0.0400709771 -0.5377817750
23.2 -227.0 2882.8 -0.0080606407 0.1004314423 0.9949113131 -0.0079652891 0.9949056506 -0.1004954055 -0.9999358058 -0.0087348139 -0.0072196112
-16.8 -622.8 2886.3 -0.0071214498 -0.0274471138 0.9995979071 -0.0423183590 0.9987359643 0.0271219574 -0.9990788102 -0.0421081968 -0.0082739647
7.8 -253.8 3059.5 -0.2986910641 -0.0097028548 0.9543005228 0.0136267096 0.9998030066 0.0144305900 -0.9542525411 0.0173142646 -0.2985000312
11.6 -642.0 3052.8 -0.2973519862 -0.0773630515 0.9516284466 -0.0042436067 0.9968090653 0.0797100440 -0.9547585249 0.0196636040 -0.2967314422
202.1 3.5 2889.0 0 0 0 0 0 0 0 0 0
-10.6 -210.4 3361.1 0 0 0 0 0 0 0 0 0
-7.6 -954.8 2900.3 0 0 0 0 0 0 0 0 0
40.6 -1016.4 3045.4 0 0 0 0 0 0 0 0 0
50.9 353.4 3099.3 0 -0.1110103130 0.1017572507 -0.9885960817 -0.2102551758 0.9698230028 0.1234346554 0.9713235497 0.2215599567 -0.0862653628
30.2 156.4 3054.3 -0.1110103130 0.1017572507 -0.9885960817 -0.2102551758 0.9698230028 0.1234346554 0.9713235497 0.2215599567 -0.0862653628
31.8 -37.6 3019.4 -0.1093233973 -0.0007514532 -0.9940059781 -0.1776254177 0.9839187264 0.0187918842 0.9780069590 0.1786151081 -0.1076988131
47.8 183.4 2913.4 0.0877399519 0.6573550105 -0.7484558225 0.7402654886 0.4597377777 0.4905590415 0.6665648222 -0.5970976353 -0.4462798536
24.3 -14.6 2735.1 -0.6958703995 0.6573550105 0.2892210782 0.0662219226 0.4597377777 -0.8855822086 -0.7151077390 -0.5970976353 -0.3634492159
12.7 129.3 3195.2 -0.1299664676 -0.9910832644 0.0293714385 -0.9876714945 0.1320123076 0.0841298029 -0.0872570351 -0.0180752780 -0.9960218072
-16.1 -89.7 3175.8 -0.0882885382 -0.9910832644 -0.0997952819 -0.5490278006 0.1320123076 -0.8253127933 0.8311278820 -0.0180752780 -0.5557874441
39.5 -219.1 2891.8 0.0509928763 0.0926378071 0.9943932891 -0.0049720714 0.9956998229 -0.0925045535 -0.9986866117 -0.0002271209 0.0512342006
2.7 -615.0 2891.9 0.0512002595 0.0526312925 0.9973006248 -0.0010447504 0.9986126423 -0.0526468977 -0.9986878633 0.0016536047 0.0511842147
32.2 -248.8 3070.4 -0.2401164621 -0.0071861721 0.9707174897 0.0204893779 0.9997122884 0.0124690672 -0.9705278277 0.0228834264 -0.2399001420
35.0 -641.5 3061.4 -0.2390753627 -0.0474244282 0.9698421955 -0.0028084083 0.9988361597 0.0481499098 -0.9709969759 0.0087877447 -0.2389303148
201.6 -31.4 2917.3 0 0 0 0 0 0 0 0 0
-35.8 -212.0 3361.0 0 0 0 0 0 0 0 0 0
-15.2 -952.9 2891.3 0 0 0 0 0 0 0 0 0
53.0 -1019.7 3058.1 0 0 0 0 0 0 0 0 0
57.9 350.0 3101.5 1 -0.1565030813 0.1079251543 -0.9817631841 -0.1975488663 0.9705055356 0.1381789148 0.9677196145 0.2155716270 -0.1305666119
36.1 154.2 3058.0 -0.1565030813 0.1079251543 -0.9817631841 -0.1975488663 0.9705055356 0.1381789148 0.9677196145 0.2155716270 -0.1305666119
38.5 -39.6 3022.1 -0.1557991952 -0.0044476376 -0.9877787232 -0.1842635721 0.9825679660 0.0246391334 0.9704501629 0.1858503968 -0.1539028436
60.4 182.3 2918.1 0.1488638222 0.6998216510 -0.6986338496 0.7414879799 0.3884380758 0.5470936298 0.6542439461 -0.5994710326 -0.4610849619
20.8 -14.9 2744.1 -0.6792705655 0.6998216510 0.2210004032 0.1022397354 0.3884380758 -0.9157853723 -0.7267314196 -0.5994710326 -0.3354041278
11.9 126.1 3198.0 -0.1304176003 -0.9885160923 0.0763357505 -0.9863284826 0.1371802390 0.0913109481 -0.1007340997 -0.0633835718 -0.9928923249
-17.0 -92.6 3175.7 -0.1296747476 -0.9885160923 -0.0775909573 -0.5546765924 0.1371802390 -0.8206799030 0.8218992352 -0.0633835718 -0.5660955310
42.2 -216.4 2894.9 0.0955849662 0.0792783499 0.9922592640 -0.0210200567 0.9967619181 -0.0776132271 -0.9951993227 -0.0134386895 0.0969418958
10.7 -612.5 2900.3 0.0998869538 0.0948406383 0.9904685020 0.0231041424 0.9949574471 -0.0976004824 -0.9947305322 0.0326329395 0.0971920565
22.7 -248.4 3072.9 -0.1943107098 -0.0491517819 0.9797078371 0.0274360646 0.9980808496 0.0555150919 -0.9805562496 0.0376665033 -0.1925892681
42.1 -642.4 3058.1 -0.1921757311 -0.0504664555 0.9800620675 -0.0189309306 0.9986816645 0.0477131605 -0.9811779261 -0.0093841758 -0.1928777546
194.3 -41.0 2929.7 0 0 0 0 0 0 0 0 0
-45.9 -216.2 3358.8 0 0 0 0 0 0 0 0 0
-21.5 -950.1 2889.2 0 0 0 0 0 0 0 0 0
61.3 -1022.2 3061.6 0 0 0 0 0 0 0 0 0
70.6 351.3 3116.6 2 -0.1758869290 0.0989684239 -0.9794228077 -0.2161803693 0.9667630196 0.1365113258 0.9603800774 0.2357425392 -0.1486459374
50.7 157.2 3069.3 -0.1758869290 0.0989684239 -0.9794228077 -0.2161803693 0.9667630196 0.1365113258 0.9603800774 0.2357425392 -0.1486459374
50.8 -36.2 3030.8 -0.1747774184 0.0067789000 -0.9845846295 -0.1957571507 0.9797741175 0.0414953865 0.9649518132 0.1999919415 -0.1699153632
77.7 186.9 2930.0 0.2085503936 0.7291022539 -0.6518563032 0.7426713109 0.3156115711 0.5906171799 0.6363537312 -0.6072884202 -0.4756624401
18.9 -22.2 2750.7 -0.6630248427 0.7291022539 0.1697290242 0.1056686491 0.3156115711 -0.9429864883 -0.7411020398 -0.6072884202 -0.2863015532
23.8 127.4 3208.6 -0.1430974603 -0.9852007627 0.0943535045 -0.9827458262 0.1527321041 0.1043242291 -0.1171911210 -0.0777969807 -0.9900575280
-8.0 -90.5 3182.6 -0.1515708864 -0.9852007627 -0.0800358206 -0.5643600821 0.1527321041 -0.8112771511 0.8114948869 -0.0777969807 -0.5791577101
53.8 -217.7 2896.6 0.1084373891 0.0868325457 0.9903036952 -0.0474083498 0.9954961538 -0.0820966586 -0.9929721951 -0.0380463190 0.1120655909
19.3 -613.3 2911.7 0.1227106526 0.1362394542 0.9830467701 0.0519102141 0.9882956743 -0.1434466988 -0.9910839796 0.0686326027 0.1142021865
25.5 -251.2 3073.7 -0.1788521707 -0.0515355468 0.9825252891 0.0784455985 0.9947010279 0.0664538890 -0.9807437062 0.0889602154 -0.1738616973
45.9 -644.7 3038.5 -0.1722192764 -0.0602637194 0.9832134843 -0.0587109886 0.9969804287 0.0508237369 -0.9833074212 -0.0489726067 -0.1752374023
189.7 -49.5 2941.7 0 0 0 0 0 0 0 0 0
-41.7 -216.2 3363.4 0 0 0 0 0 0 0 0 0
-26.5 -945.4 2888.7 0 0 0 0 0 0 0 0 0
68.8 -1024.5 3057.2 0 0 0 0 0 0 0 0 0
76.4 350.4 3110.7 3 -0.2811469734 0.0951121822 -0.9549398422 -0.1977428049 0.9679812193 0.1546292156 0.9390708804 0.2323060036 -0.2533372343
57.2 155.7 3064.0 -0.2811469734 0.0951121822 -0.9549398422 -0.1977428049 0.9679812193 0.1546292156 0.9390708804 0.2323060036 -0.2533372343
58.5 -37.2 3023.2 -0.2813607752 0.0012055603 -0.9596012831 -0.2020614743 0.9775040150 0.0604736693 0.9380870461 0.2109133750 -0.2747876942
99.4 186.3 2929.0 0.2953167260 0.7323742509 -0.6135274768 0.7474476695 0.2228697985 0.6258202791 0.5950713754 -0.6433948874 -0.4815942943
18.0 -19.7 2765.0 -0.6775084734 0.7323742509 0.0678983629 0.1442973018 0.2228697985 -0.9641095996 -0.7212215662 -0.6433948874 -0.2566758096
15.0 125.1 3198.9 -0.1457136869 -0.9683528543 0.2026334405 -0.9788843393 0.1707994342 0.1123075560 -0.1433630139 -0.1819899529 -0.9727932215
-17.3 -92.0 3167.2 -0.2477485090 -0.9683528543 -0.0302236304 -0.5695000887 0.1707994342 -0.8040505052 0.7837667465 -0.1819899529 -0.5937923193
65.6 -212.8 2902.8 0.2114827186 0.0990592539 0.9723488688 -0.0683047175 0.9939162135 -0.0864004046 -0.9749920368 -0.0481438227 0.2169623226
26.2 -607.7 2921.9 0.2343789935 0.1544230878 0.9598020315 0.0644316226 0.9826646447 -0.1738353521 -0.9700077772 0.1025849581 0.2203662246
28.7 -251.1 3063.9 -0.0717451200 -0.0411835536 0.9965723753 0.1231539622 0.9911360145 0.0498249754 -0.9897907376 0.1263065338 -0.0660372525
45.3 -648.4 3013.3 -0.0640393794 -0.0456286147 0.9969037175 -0.0737214833 0.9964410067 0.0408716984 -0.9952206016 -0.0708758160 -0.0671752691
190.5 -56.4 2948.6 0 0 0 0 0 0 0 0 0
-72.5 -218.8 3341.8 0 0 0 0 0 0 0 0 0
-26.4 -942.7 2886.9 0 0 0 0 0 0 0 0 0
62.7 -1028.4 3040.3 0 0 0 0 0 0 0 0 0
82.3 351.6 3121.2 4 -0.0057831123 0.0456629656 -0.9989401698 -0.2230723947 0.9737252593 0.0458017811 0.9747847319 0.2231008410 0.0045549842
73.1 155.4 3076.3 -0.0057831123 0.0456629656 -0.9989401698 -0.2230723947 0.9737252593 0.0458017811 0.9747847319 0.2231008410 0.0045549842
79.1 -36.6 3033.2 -0.0055800686 -0.0216255803 -0.9997505546 -0.2065842748 0.9782242179 -0.0200069025 0.9784129262 0.2064211071 -0.0099260630
75.3 186.0 2937.8 0.2275688499 0.7150913477 -0.6609514356 0.7581990361 0.2957898378 0.5810702443 0.6110209823 -0.6333662271 -0.4748689830
14.6 -16.5 2774.6 -0.6929399967 0.7150913477 0.0920788795 0.1805991530 0.2957898378 -0.9380257726 -0.6980100870 -0.6333662271 -0.3341095150
70.8 124.9 3214.7 -0.0992263928 -0.9924535751 -0.0720414668 -0.9897268414 0.0909459963 0.1103161126 -0.1029317379 0.0822476447 -0.9912821651
48.8 -94.6 3191.9 0.0154029410 -0.9924535751 -0.1216494888 -0.5729718804 0.0909459963 -0.8145133853 0.8194302320 0.0822476447 -0.5672472119
84.1 -212.9 2895.9 -0.0493627042 0.1030376554 0.9934518337 -0.0648279786 0.9922364354 -0.1061327755 -0.9966747761 -0.0696424767 -0.0422997512
43.1 -607.1 2923.6 -0.0148270661 0.2006912380 0.9795423150 0.1055490226 0.9744907618 -0.1980585903 -0.9943035841 0.1004531085 -0.0356316008
57.4 -250.1 3068.2 -0.3387084305 -0.0177132040 0.9407246113 0.0540446714 0.9978057742 0.0382468179 -0.9393379092 0.0637956709 -0.3370079398
64.4 -646.5 3042.8 -0.3417139947 0.0377973989 0.9390435815 -0.0079908036 0.9990379214 -0.0431200489 -0.9397700429 -0.0222384371 -0.3410832286
191.5 -62.6 2952.8 0 0 0 0 0 0 0 0 0
52.3 -222.2 3374.5 0 0 0 0 0 0 0 0 0
-26.2 -943.5 2888.9 0 0 0 0 0 0 0 0 0
50.1 -1026.1 3051.3 0 0 0 0 0 0 0 0 0
87.1 350.5 3126.5 5 0.2308233529 -0.0021595920 -0.9729932547 -0.1981437802 0.9789384604 -0.0491784662 0.9526067376 0.2041441053 0.2255339473
87.5 154.5 3085.6 0.2308233529 -0.0021595920 -0.9729932547 -0.1981437802 0.9789384604 -0.0491784662 0.9526067376 0.2041441053 0.2255339473
96.7 -37.5 3043.0 0.2305461615 -0.0393583626 -0.9722650647 -0.1850712448 0.9791693687 -0.0835224539 0.9552994967 0.1991940886 0.2184596509
55.9 181.9 2950.7 0.1645272374 0.6782448888 -0.7161806226 0.7624971867 0.3731442988 0.5285465121 0.6257226467 -0.6330460310 -0.4557673931
12.1 -21.2 2784.0 -0.7192062140 0.6782448888 0.1507525444 0.1603486985 0.3731442988 -0.9138115644 -0.6760404706 -0.6330460310 -0.3771233857
119.1 127.0 3220.6 -0.0537909269 -0.9516411424 -0.3024660051 -0.9960393906 0.0296594705 0.0838200375 -0.0707956105 0.3057768047 -0.9494674802
107.2 -93.8 3204.9 0.2392581701 -0.9516411424 -0.1927035898 -0.5527830124 0.0296594705 -0.8327972293 0.7982395887 0.3057768047 -0.5189548135
83.9 -212.9 2905.6 -0.2672013640 0.0749680176 0.9607201815 -0.0302332193 0.9958263040 -0.0861161053 -0.9631663561 -0.0520560071 -0.2638196051
54.1 -608.4 2926.3 -0.2294711918 0.2213005424 0.9478233457 0.1560555845 0.9695759416 -0.1885978281 -0.9607235193 0.1046353504 -0.2570249438
112.4 -248.4 3081.3 -0.5466163754 0.0289354865 0.8368830681 0.0420205891 0.9990915060 -0.0070978347 -0.8363282084 0.0312865265 -0.5473356247
100.9 -646.2 3068.9 -0.5483126640 0.0534431227 0.8345639706 0.0142896799 0.9984089732 -0.0545469001 -0.8361513019 -0.0179831032 -0.5482039452
198.1 -62.7 2958.8 0 0 0 0 0 0 0 0 0
160.5 -217.0 3382.7 0 0 0 0 0 0 0 0 0
-23.1 -946.6 2889.8 0 0 0 0 0 0 0 0 0
80.5 -1026.6 3075.7 0 0 0 0 0 0 0 0 0
97.5 353.0 3142.6 6 0.4272392094 -0.0113904532 -0.9040668607 -0.2041981667 0.9728695750 -0.1087562144 0.8807779551 0.2310737222 0.4133221209
99.7 158.7 3096.5 0.4272392094 -0.0113904532 -0.9040668607 -0.2041981667 0.9728695750 -0.1087562144 0.8807779551 0.2310737222 0.4133221209
108.3 -31.6 3046.6 0.4270648062 -0.0403690077 -0.9033194184 -0.1976488084 0.9706774354 -0.1368221790 0.8823551536 0.2369719595 0.4065632522
40.4 188.1 2971.3 0.1196743473 0.6131594181 -0.7808415890 0.7658076286 0.4435213804 0.4656473994 0.6318359971 -0.6537004709 -0.4164840281
6.7 -27.2 2793.7 -0.7678012252 0.6131594181 0.1857870221 0.1399823427 0.4435213804 -0.8852647543 -0.6252089739 -0.6537004709 -0.4263677299
159.1 129.3 3221.6 -0.0240198970 -0.8703329563 -0.4918776155 -0.9953647256 -0.0250117574 0.0928627625 -0.0931242481 0.4918281734 -0.8656979203
153.8 -91.4 3201.0 0.4196233749 -0.8703329563 -0.2577533126 -0.5603852272 -0.0250117574 -0.8278543353 0.7140620351 0.4918281734 -0.4982172549
84.1 -216.1 2919.4 -0.4552034438 0.0387029499 0.8895459175 -0.0178436860 0.9984576702 -0.0525726266 -0.8902086616 -0.0398040190 -0.4538107812
68.7 -612.5 2935.2 -0.4050807357 0.2544399202 0.8781628013 0.2247689366 0.9587321281 -0.1741023064 -0.8862214684 0.1268582344 -0.4455541074
139.9 -247.5 3087.9 -0.6910272241 0.1574303210 0.7054764628 0.2343480885 0.9720707536 0.0126262121 -0.6837853193 0.1740521193 -0.7086208463
78.5 -626.9 3020.0 -0.7411015034 0.0260966271 0.6708856225 -0.0958464593 0.9848974347 -0.1441891938 -0.6645163894 -0.1711608469 -0.7274076939
206.2 -63.6 2956.1 0 0 0 0 0 0 0 0 0
247.3 -216.2 3360.1 0 0 0 0 0 0 0 0 0
-20.6 -949.1 2890.7 0 0 0 0 0 0 0 0 0
68.6 -998.2 3084.5 0 0 0 0 0 0 0 0 0
104.7 354.7 3150.7 7 0.5516558290 -0.0081263669 -0.8340322375 -0.2061020136 0.9676150084 -0.1457504481 0.8082065582 0.2522998154 0.5321155787
106.3 162.5 3100.6 0.5516558290 -0.0081263669 -0.8340322375 -0.2061020136 0.9676150084 -0.1457504481 0.8082065582 0.2522998154 0.5321155787
112.8 -27.4 3048.4 0.5514398813 -0.0298061091 -0.8336819410 -0.1950896978 0.9670417309 -0.1636163443 0.8110820055 0.2528673410 0.5274505615
28.7 191.9 2984.5 0.1271110922 0.5474187136 -0.8271490335 0.7657582760 0.4758745134 0.4326173067 0.6304419637 -0.6883866787 -0.3587014675
-6.3 -19.0 2810.9 -0.8253747225 0.5474187136 0.1381642073 0.1712069958 0.4758745134 -0.8626886010 -0.5380007029 -0.6883866787 -0.4864967167
183.9 133.0 3216.6 -0.0131171159 -0.7917152643 -0.6107494235 -0.9947243333 -0.0518176407 0.0885350481 -0.1017421484 0.6086886525 -0.7868587375
181.0 -87.5 3194.1 0.5290734768 -0.7917152643 -0.3053984046 -0.5562834144 -0.0518176407 -0.8293755054 0.6408042312 0.6086886525 -0.4678333998
77.5 -207.3 2922.3 -0.5752420425 -0.0124351140 0.8178887367 -0.0276540928 0.9996085167 -0.0042518643 -0.8175156713 -0.0250638220 -0.5753607154
82.5 -603.8 2932.2 -0.5190552473 0.2763157785 0.8088456392 0.2460452765 0.9545527101 -0.1681988388 -0.8185617924 0.1117081568 -0.5634517670
160.8 -239.8 3075.7 -0.7680843472 0.2429014742 0.5924907327 0.3078296483 0.9513987303 0.0090178382 -0.5615045428 0.1893126816 -0.8055267930
64.6 -616.6 3000.7 -0.8543105721 -0.0030825143 0.5197537541 -0.1327722669 0.9681001306 -0.2124940157 -0.5025186539 -0.2505447567 -0.8274674416
204.8 -62.8 2948.5 0 0 0 0 0 0 0 0 0
298.9 -211.4 3336.8 0 0 0 0 0 0 0 0 0
-18.3 -952.0 2891.5 0 0 0 0 0 0 0 0 0
65.8 -982.7 3095.5 0 0 0 0 0 0 0 0 0
117.7 358.9 3154.7 8 0.6760861278 0.0163836554 -0.7366404533 -0.1979474574 0.9670383334 -0.1601675600 0.7097353935 0.2541031539 0.6570442915
114.4 166.3 3104.1 0.6760861278 0.0163836554 -0.7366404533 -0.1979474574 0.9670383334 -0.1601675600 0.7097353935 0.2541031539 0.6570442915
116.7 -23.5 3050.7 0.6761298776 -0.0090384763 -0.7367270589 -0.1864464134 0.9652801752 -0.1829532981 0.7128016353 0.2610602975 0.6509695649
18.7 194.8 3001.6 0.1275238693 0.4959219694 -0.8589522839 0.7542515397 0.5138930082 0.4086791277 0.6440825462 -0.6999824047 -0.3085162938
-17.0 -16.1 2821.5 -0.8601201177 0.4959219694 0.1193933859 0.1798647195 0.5138930082 -0.8387864232 -0.4773280323 -0.6999824047 -0.5312085748
210.2 137.9 3206.7 -0.0089776181 -0.6847437620 -0.7287286520 -0.9944045544 -0.0705963299 0.0785858780 -0.1052567512 0.7253565788 -0.6802784801
208.2 -82.6 3183.3 0.6344864964 -0.6847437620 -0.3585427105 -0.5474080443 -0.0705963299 -0.8338828683 0.5456842780 0.7253565788 -0.4196266234
