-448.6 492.2 2707.3 1 0.9960999489 0.0214459170 0.0855857730 -0.0069298502 0.9860299826 -0.1664236188 -0.0879592448 0.1651814580 0.9823330641
-452.9 294.0 2674.1 0.9960999489 0.0214459170 0.0855857730 -0.0069298502 0.9860299826 -0.1664236188 -0.0879592448 0.1651814580 0.9823330641
-458.0 100.6 2644.5 0.9959726334 0.0256727524 0.0859035105 -0.0122647127 0.9881328940 -0.1531109959 -0.0888148695 0.1514407843 0.9844681621
-594.7 295.7 2686.7 0.3893556595 -0.1622130722 -0.9066912532 0.7255442142 0.6604379416 0.1934099197 0.5674396753 -0.7331498265 0.3748379946
-781.4 -52.1 2414.7 -0.9492362738 -0.1622130722 -0.2695132494 0.0984919667 0.6604379416 -0.7443931103 0.2987470627 -0.7331498265 -0.6109349728
-311.1 292.3 2661.4 0.1168848202 -0.2454537004 0.9623359442 -0.5433940887 0.7952655554 0.2688410580 -0.8313006759 -0.5543510914 -0.0404236205
-277.1 134.0 2419.2 -0.7242180109 -0.2454537004 0.6444073319 -0.5305608511 0.7952655554 -0.2933561504 -0.4404695928 -0.5543510914 -0.7061737776
-541.8 -93.4 2626.0 0.9314721823 0.0143843768 0.3635281324 -0.0457165763 0.9959255457 0.0777325034 -0.3609288335 -0.0890249237 0.9283344746
-547.4 -483.3 2660.8 0.9338209033 0.0691504255 0.3509939015 -0.0175563786 0.9888163805 -0.1481010467 -0.3573097587 0.1321376711 0.9245914817
-361.5 -96.6 2616.1 0.9439292550 -0.0294898748 -0.3288280368 0.0681565031 0.9919537306 0.1066889912 0.3230359256 -0.1231186315 0.9383440614
-349.9 -484.7 2664.2 0.9050379395 -0.2923325896 -0.3089466095 0.2525719404 0.9538131356 -0.1626283079 0.3422189057 0.0691535324 0.9370720387
-538.5 -77.3 2338.3 0 0 0 0 0 0 0 0 0
-460.4 -0.3 2307.7 0 0 0 0 0 0 0 0 0
-569.2 -795.2 2619.2 0 0 0 0 0 0 0 0 0
-248.7 -815.1 2640.3 0 0 0 0 0 0 0 0 0
-458.2 492.0 2710.8 2 0.9941648841 0.0152724208 0.1067845970 0.0032958500 0.9851641059 -0.1715833545 -0.1078208461 0.1709340811 0.9793652296
-461.3 293.6 2676.4 0.9941648841 0.0152724208 0.1067845970 0.0032958500 0.9851641059 -0.1715833545 -0.1078208461 0.1709340811 0.9793652296
-465.1 100.2 2645.7 0.9940673709 0.0193466675 0.1070313603 -0.0022586675 0.9875128865 -0.1575222015 -0.1087423787 0.1563459337 0.9816980362
-602.9 293.9 2691.8 0.3936417103 -0.1829777807 -0.9008691907 0.7261208892 0.6628635526 0.1826482415 0.5637328029 -0.7260379195 0.3937947452
-791.6 -54.2 2421.6 -0.9439297915 -0.1829777807 -0.2748012245 0.0879729465 0.6628635526 -0.7435541153 0.3182095885 -0.7260379195 -0.6095995307
-319.7 293.3 2660.9 0.1267506629 -0.2812930644 0.9512141943 -0.5210974813 0.7970826030 0.3051502407 -0.8440329432 -0.5343533754 -0.0455503613
-282.2 139.2 2411.3 -0.7337175608 -0.2812930644 0.6184923649 -0.5375360250 0.7970826030 -0.2751623392 -0.4155882597 -0.5343533754 -0.7360386252
-553.1 -91.8 2622.9 0.9242776036 0.0129458960 0.3815013468 -0.0566458516 0.9930108190 0.1035411209 -0.3774945438 -0.1173112169 0.9185510278
-558.2 -480.5 2668.8 0.9306921363 0.0345575809 0.3641673625 0.0281893816 0.9857918620 -0.1655892879 -0.3647155762 0.1643783152 0.9164946079
-373.2 -94.0 2606.8 0.9491401315 -0.0444738530 -0.3116970658 0.0841781124 0.9897803664 0.1151036769 0.3033925295 -0.1354875863 0.9431840181
-355.8 -481.4 2659.9 0.9095127583 -0.2991845906 -0.2885743082 0.2647195458 0.9521396160 -0.1528192163 0.3204841912 0.0625997707 0.9451831579
-550.0 -76.8 2340.1 0 0 0 0 0 0 0 0 0
-467.4 3.6 2306.4 0 0 0 0 0 0 0 0 0
-569.1 -793.3 2616.6 0 0 0 0 0 0 0 0 0
-251.2 -814.2 2638.0 0 0 0 0 0 0 0 0 0
-466.2 491.4 2712.5 3 0.9922421575 0.0176156163 0.1230656877 0.0033454590 0.9857683182 -0.1680762768 -0.1242750213 0.1671840698 0.9780619740
-469.8 293.6 2679.0 0.9922421575 0.0176156163 0.1230656877 0.0033454590 0.9857683182 -0.1680762768 -0.1242750213 0.1671840698 0.9780619740
-474.2 99.9 2650.1 0.9920878410 0.0228202008 0.1234544590 -0.0041920724 0.9888144732 -0.1490917504 -0.1254758537 0.1473945826 0.9810864329
-611.1 294.1 2696.8 0.4036473036 -0.1945214123 -0.8939968348 0.7305629849 0.6567538381 0.1869548857 0.5507691503 -0.7285847664 0.4072070420
-804.6 -56.1 2432.8 -0.9383342266 -0.1945214123 -0.2858152390 0.0918410569 0.6567538381 -0.7484915257 0.3333078921 -0.7285847664 -0.5983895659
-328.4 293.0 2661.1 0.1457521319 -0.2680642903 0.9523118734 -0.5126394033 0.8028170466 0.3044431806 -0.8461425304 -0.5325658321 -0.0204080250
-286.7 146.1 2418.6 -0.7396907806 -0.2680642903 0.6172512174 -0.5256884098 0.8028170466 -0.2813121974 -0.4201300144 -0.5325658321 -0.7347546220
-558.8 -92.9 2624.9 0.9176304936 0.0217420273 0.3968394101 -0.0664416403 0.9928428531 0.0992402956 -0.3918414712 -0.1174325794 0.9125074744
-567.3 -481.7 2670.9 0.9256647229 0.0040809880 0.3783228099 0.0594233498 0.9859632254 -0.1560302526 -0.3736491203 0.1669129133 0.9124288559
-379.2 -93.3 2605.3 0.9546298981 -0.0346499160 -0.2957721055 0.0752520040 0.9890421033 0.1270153075 0.2881300151 -0.1435100585 0.9467766285
-365.6 -480.6 2661.5 0.9055431485 -0.3242604434 -0.2735813558 0.2894031107 0.9436485171 -0.1605405360 0.3102216125 0.0662010759 0.9483564496
-564.4 -79.6 2347.4 0 0 0 0 0 0 0 0 0
-474.1 12.9 2312.2 0 0 0 0 0 0 0 0 0
-568.6 -793.7 2618.1 0 0 0 0 0 0 0 0 0
-250.7 -814.9 2638.0 0 0 0 0 0 0 0 0 0
-476.5 491.8 2714.9 4 0.9921795726 0.0156018762 0.1238396466 0.0064272308 0.9844549298 -0.1755198091 -0.1246529892 0.1749431044 0.9766557813
-479.7 293.6 2679.7 0.9921795726 0.0156018762 0.1238396466 0.0064272308 0.9844549298 -0.1755198091 -0.1246529892 0.1749431044 0.9766557813
-484.1 100.1 2649.8 0.9919873476 0.0228231493 0.1242585182 -0.0034402930 0.9880621433 -0.1540173143 -0.1262903064 0.1523557454 0.9802237153
-621.0 294.0 2697.7 0.4040217996 -0.1951566190 -0.8936891556 0.7277616262 0.6604688168 0.1847809106 0.5541926026 -0.7250481844 0.4088712931
-814.7 -54.9 2431.9 -0.9380742311 -0.1951566190 -0.2862352431 0.0900510773 0.6604688168 -0.7454339266 0.3345258236 -0.7250481844 -0.6019947529
-338.3 293.1 2661.7 0.1450084299 -0.2921946645 0.9453014731 -0.4980856776 0.8039552569 0.3249101639 -0.8549170494 -0.5179558396 -0.0289576855
-297.1 151.4 2418.6 -0.7233362794 -0.2921946645 0.6256251931 -0.5400766730 0.8039552569 -0.2489439994 -0.4302345812 -0.5179558396 -0.7393375039
-568.4 -93.4 2632.6 0.9176607132 0.0029623220 0.3973538578 -0.0369856171 0.9962679744 0.0779883787 -0.3956398964 -0.0862632468 0.9143455029
-569.5 -483.3 2666.3 0.9222640395 0.0013242476 0.3865582943 0.0604192726 0.9872100949 -0.1475322992 -0.3818096220 0.1594192982 0.9103883505
-389.1 -94.1 2609.9 0.9547020197 -0.0424680039 -0.2945173681 0.0777513161 0.9909806252 0.1091425270 0.2872259617 -0.1270977110 0.9493932128
-372.5 -482.2 2659.7 0.9006631970 -0.3388938308 -0.2719500363 0.3037019074 0.9385807514 -0.1638025492 0.3107587695 0.0649391785 0.9482678175
-574.5 -78.0 2346.3 0 0 0 0 0 0 0 0 0
-479.5 15.2 2310.1 0 0 0 0 0 0 0 0 0
-569.9 -791.7 2616.5 0 0 0 0 0 0 0 0 0
-251.9 -816.2 2636.6 0 0 0 0 0 0 0 0 0
-482.5 491.0 2714.1 5 0.9927505851 0.0234539006 0.1178818867 -0.0026741531 0.9848434925 -0.1734248996 -0.1201626956 0.1718524396 0.9777666926
-487.2 293.9 2679.7 0.9927505851 0.0234539006 0.1178818867 -0.0026741531 0.9848434925 -0.1734248996 -0.1201626956 0.1718524396 0.9777666926
-492.7 100.4 2650.0 0.9925789237 0.0277496520 0.1183937415 -0.0092901848 0.9880734682 -0.1537028253 -0.1212469116 0.1514622867 0.9809986353
-628.7 295.2 2697.0 0.4053927362 -0.1876492947 -0.8946756124 0.7259697318 0.6608620286 0.1903400272 0.5555399656 -0.7266699076 0.4041363597
-823.1 -52.9 2430.6 -0.9392194748 -0.1876492947 -0.2874969840 0.0958164483 0.6608620286 -0.7443659306 0.3296755850 -0.7266699076 -0.6027145982
-345.8 292.6 2662.4 0.1340928525 -0.3158269227 0.9392936230 -0.4872819781 0.8043311238 0.3400113285 -0.8628877997 -0.5032939315 -0.0460417047
-307.4 153.0 2415.3 -0.7003462315 -0.3158269227 0.6401316524 -0.5554913282 0.8043311238 -0.2109047771 -0.4482684135 -0.5032939315 -0.7387493849
-578.3 -93.1 2631.4 0.9193075299 -0.0192982480 0.3930664361 -0.0191925596 0.9954099059 0.0937590376 -0.3930716217 -0.0937373415 0.9147174358
-570.7 -482.8 2668.1 0.9220871925 -0.0021195109 0.3869763911 0.0600078516 0.9886723757 -0.1375716329 -0.3823012710 0.1500746608 0.9117693305
-399.0 -93.8 2608.6 0.9527894855 -0.0580839366 -0.2980243266 0.0909805596 0.9910470843 0.0977148637 0.2896804810 -0.1202161089 0.9495437145
-376.2 -481.9 2655.7 0.8978557587 -0.3451639712 -0.2733437717 0.3119307160 0.9368149638 -0.1583571881 0.3107317388 0.0569175854 0.9487919807
-582.5 -77.5 2346.1 0 0 0 0 0 0 0 0 0
-482.2 14.3 2303.3 0 0 0 0 0 0 0 0 0
-570.0 -793.1 2621.0 0 0 0 0 0 0 0 0 0
-253.0 -816.3 2635.3 0 0 0 0 0 0 0 0 0
-490.2 490.7 2723.2 6 0.9891440868 0.0378199257 0.1419988871 -0.0085742138 0.9795211554 -0.2011585087 -0.1466987133 0.1977572143 0.9692118168
-497.8 295.5 2683.8 0.9891440868 0.0378199257 0.1419988871 -0.0085742138 0.9795211554 -0.2011585087 -0.1466987133 0.1977572143 0.9692118168
-506.2 103.0 2649.2 0.9888318181 0.0426082052 0.1428150386 -0.0161938835 0.9833055139 -0.1812403798 -0.1481531411 0.1769035310 0.9730137587
-638.7 297.8 2704.9 0.4282006323 -0.2000112683 -0.8812716603 0.7066721916 0.6819438338 0.1885922849 0.5632571578 -0.7035254836 0.4333511889
-843.9 -41.0 2434.9 -0.9290203452 -0.2000112683 -0.3113144338 0.0961489677 0.6819438338 -0.7250572443 0.3573185802 -0.7035254836 -0.6143087745
-356.9 293.3 2662.7 0.1534116268 -0.3037763834 0.9403110147 -0.4868519008 0.8048332334 0.3394388258 -0.8599070311 -0.5098660588 -0.0244233292
-312.9 153.5 2415.8 -0.6958861351 -0.3037763834 0.6507398486 -0.5529534817 0.8048332334 -0.2156058997 -0.4582410753 -0.5098660588 -0.7280465364
-587.8 -92.3 2631.3 0.9081184268 -0.0360488594 0.4171586931 -0.0130862733 0.9933567643 0.1143288314 -0.4185088277 -0.1092831716 0.9016138315
-573.7 -481.2 2674.1 0.9110604525 -0.0122281164 0.4120914638 0.0806792304 0.9855216742 -0.1491236389 -0.4043015540 0.1691078693 0.8988563418
-408.4 -94.0 2609.4 0.9598078132 -0.0693970248 -0.2719430327 0.0950545669 0.9920620322 0.0823259354 0.2640711963 -0.1048665047 0.9587854147
-381.2 -482.5 2650.5 0.9005223513 -0.3556685150 -0.2501187027 0.3306942284 0.9337223768 -0.1371272057 0.2823132575 0.0407733098 0.9584553838
-606.1 -65.6 2343.4 0 0 0 0 0 0 0 0 0
-486.7 15.3 2301.3 0 0 0 0 0 0 0 0 0
-569.8 -791.1 2620.9 0 0 0 0 0 0 0 0 0
-253.9 -816.6 2635.9 0 0 0 0 0 0 0 0 0
-495.2 489.5 2718.7 7 0.9881971478 0.0397941433 0.1479283273 -0.0119250668 0.9827226996 -0.1846995205 -0.1527224779 0.1807554811 0.9715983272
-503.1 293.3 2682.6 0.9881971478 0.0397941433 0.1479283273 -0.0119250668 0.9827226996 -0.1846995205 -0.1527224779 0.1807554811 0.9715983272
-511.6 100.1 2651.5 0.9879338145 0.0429162122 0.1488117278 -0.0181940366 0.9863476157 -0.1636685431 -0.1538041234 0.1589861959 0.9752269983
-643.9 295.8 2704.5 0.4309698939 -0.2045482397 -0.8788771033 0.7168697119 0.6691517234 0.1957901120 0.5480536222 -0.7144200206 0.4350186884
-850.5 -47.8 2441.8 -0.9269246459 -0.2045482397 -0.3145961761 0.1021563336 0.6691517234 -0.7360706925 0.3610745370 -0.7144200206 -0.5993573070
-362.4 290.7 2660.7 0.1584200263 -0.3070828617 0.9384046197 -0.4796233773 0.8068107963 0.3449894786 -0.8630553484 -0.5047340393 -0.0194691177
-317.2 154.0 2414.8 -0.6871910095 -0.3070828617 0.6583833098 -0.5548915863 0.8068107963 -0.2028586566 -0.4688963890 -0.5047340393 -0.7248308659
-603.9 -88.1 2628.0 0.9045235515 -0.0590114146 0.4223206937 0.0019486089 0.9909399152 0.1342917830 -0.4264191985 -0.1206471473 0.8964434862
-580.8 -476.0 2675.2 0.9059948921 -0.0266539678 0.4224486351 0.0944224373 0.9855941534 -0.1403158754 -0.4126229286 0.1670140922 0.8954600096
-425.3 -90.9 2601.2 0.9599158764 -0.0915542617 -0.2649138570 0.1173762456 0.9895867705 0.0833117440 0.2545277178 -0.1110668555 0.9606663585
-389.4 -478.4 2644.7 0.8961742520 -0.3730962276 -0.2401476651 0.3529142439 0.9274212718 -0.1238601655 0.2689298093 0.0262487587 0.9628020525
-613.2 -74.0 2349.4 0 0 0 0 0 0 0 0 0
-488.6 15.6 2297.8 0 0 0 0 0 0 0 0 0
-572.3 -792.6 2621.5 0 0 0 0 0 0 0 0 0
-253.6 -816.0 2635.1 0 0 0 0 0 0 0 0 0
-498.8 483.7 2706.5 8 0.9953971505 0.0358368531 0.0888829231 -0.0223083291 0.9886197448 -0.1487729251 -0.0932029635 0.1461053193 0.9848687649
-506.0 285.9 2677.3 0.9953971505 0.0358368531 0.0888829231 -0.0223083291 0.9886197448 -0.1487729251 -0.0932029635 0.1461053193 0.9848687649
-513.1 91.9 2652.8 0.9953386188 0.0356037430 0.0896292850 -0.0239314605 0.9914742112 -0.1280863583 -0.0934254825 0.1253443360 0.9877046347
-647.5 289.2 2690.6 0.3992752135 -0.1603415012 -0.9027014375 0.7367462516 0.6421374679 0.2118122578 0.5456961393 -0.7496333122 0.3745205700
-838.9 -63.8 2429.1 -0.9468162656 -0.1603415012 -0.2789794505 0.1145929843 0.6421374679 -0.7579761744 0.3006781936 -0.7496333122 -0.5896121860
-364.4 282.7 2664.0 0.1525759250 -0.3251886666 0.9332593083 -0.4531045854 0.8162043095 0.3584783673 -0.8783033490 -0.4775592387 -0.0228113513
-320.7 153.0 2412.6 -0.7062906027 -0.3251886666 0.6288131475 -0.5454382896 0.8162043095 -0.1905454993 -0.4512767494 -0.4775592387 -0.7538477778
-609.3 -91.3 2634.3 0.9264014959 -0.0633550212 0.3711690605 0.0229290072 0.9934056401 0.1123363227 -0.3758385181 -0.0955580026 0.9217451215
-584.5 -480.2 2671.7 0.9262901545 -0.0347338431 0.3752067685 0.0936905146 0.9857019186 -0.1400491446 -0.3649775982 0.1648794562 0.9163002372
-430.7 -94.6 2606.5 0.9434619546 -0.0990317464 -0.3163419366 0.1233581528 0.9906792641 0.0577698536 0.3076723516 -0.0935270190 0.9468845725
-391.9 -482.5 2643.1 0.8781699538 -0.3806257546 -0.2897267044 0.3531318307 0.9244119525 -0.1440847963 0.3226692080 0.0242192112 0.9462018609
-596.9 -93.1 2352.2 0 0 0 0 0 0 0 0 0
-496.3 17.4 2300.5 0 0 0 0 0 0 0 0 0
-573.6 -787.7 2620.3 0 0 0 0 0 0 0 0 0
-254.7 -815.9 2634.4 0 0 0 0 0 0 0 0 0
-505.9 486.7 2710.4 9 0.9926799536 0.0306386203 0.1168234870 -0.0115151899 0.9868907332 -0.1609785259 -0.1202241778 0.1584549099 0.9800195098
-512.0 289.0 2678.7 0.9926799536 0.0306386203 0.1168234870 -0.0115151899 0.9868907332 -0.1609785259 -0.1202241778 0.1584549099 0.9800195098
-518.9 95.2 2651.8 0.9924687147 0.0346578509 0.1174935773 -0.0179119781 0.9898913503 -0.1406922042 -0.1211819649 0.1375280619 0.9830569625
-653.3 291.5 2695.9 0.4107920527 -0.1836372614 -0.8930438161 0.7312041521 0.6514434218 0.2023904920 0.5446010828 -0.7361377478 0.4018841088
-850.2 -59.0 2434.8 -0.9385634661 -0.1836372614 -0.2921916544 0.1064017788 0.6514434218 -0.7511991262 0.3282944858 -0.7361377478 -0.5918816924
-370.7 286.6 2661.4 0.1712303013 -0.3078926504 0.9358858466 -0.4663921893 0.8114076257 0.3522725701 -0.8678470254 -0.4968096018 -0.0046611615
-320.9 150.9 2409.0 -0.7311770916 -0.3078926504 0.6087546349 -0.5359051824 0.8114076257 -0.2332879752 -0.4221205115 -0.4968096018 -0.7582839131
-610.1 -100.1 2636.7 0.9169735909 -0.0500260182 0.3957989812 0.0085998494 0.9943550229 0.1057551578 -0.3988552094 -0.0935708731 0.9122275114
-590.5 -489.4 2673.4 0.9164269567 -0.0546381995 0.3964546919 0.1154788882 0.9846016765 -0.1312409788 -0.3831791878 0.1660549194 0.9086250663
-430.5 -104.2 2619.9 0.9519135952 -0.1040674523 -0.2881501019 0.1157278717 0.9929986000 0.0236824509 0.2836680710 -0.0558906458 0.9572923779
-389.8 -492.8 2641.8 0.8846337795 -0.3815201521 -0.2680773735 0.3580588996 0.9240943193 -0.1335794628 0.2986920476 0.0221814141 0.9540917277
-610.2 -86.2 2350.9 0 0 0 0 0 0 0 0 0
-501.7 18.4 2304.6 0 0 0 0 0 0 0 0 0
-573.8 -790.7 2622.6 0 0 0 0 0 0 0 0 0
-256.3 -816.2 2634.0 0 0 0 0 0 0 0 0 0
-507.7 485.4 2702.8 0 0.9914585352 0.0389452726 0.1244720221 -0.0211293213 0.9897314310 -0.1413692385 -0.1286995411 0.1375317276 0.9821005464
-515.5 287.8 2675.4 0.9914585352 0.0389452726 0.1244720221 -0.0211293213 0.9897314310 -0.1413692385 -0.1286995411 0.1375317276 0.9821005464
-523.8 93.5 2652.2 0.9912370443 0.0420465618 0.1252245605 -0.0265482012 0.9920570254 -0.1229553223 -0.1293997616 0.1185533851 0.9844799638
-656.7 291.5 2693.8 0.4200316370 -0.1856510341 -0.8883169889 0.7384576201 0.6388859749 0.2156502008 0.5274975896 -0.7465643883 0.4054477513
-858.0 -62.5 2440.9 -0.9349440336 -0.1856510341 -0.3023464084 0.1189264581 0.6388859749 -0.7600533962 0.3342695832 -0.7465643883 -0.5752438307
-374.4 284.0 2657.0 0.1789240092 -0.2942630053 0.9388266802 -0.4675981998 0.8141329885 0.3442954719 -0.8656432033 -0.5005963445 0.0080710929
-322.8 149.4 2407.8 -0.7609406710 -0.2942630053 0.5782547593 -0.5164937377 0.8141329885 -0.2653707266 -0.3926874995 -0.5005963445 -0.7714919448
-615.5 -97.0 2635.8 0.9132232070 -0.0513932891 0.4042055607 0.0004961296 0.9921531081 0.1250278056 -0.4074594080 -0.1139777452 0.9060827494
-595.3 -485.5 2680.4 0.9126155376 -0.0682830960 0.4030761123 0.1383745372 0.9793510437 -0.1473905891 -0.3846887350 0.1902863979 0.9032195807
-436.3 -100.1 2613.9 0.9549487829 -0.1011745185 -0.2789920270 0.1161150038 0.9925271869 0.0375115387 0.2731119394 -0.0682167560 0.9595605135
-396.7 -488.7 2640.6 0.8839628696 -0.3901423514 -0.2576791644 0.3677527308 0.9204911590 -0.1321132332 0.2887343764 0.0220209863 0.9571559429
-618.8 -92.9 2355.4 0 0 0 0 0 0 0 0 0
-509.0 23.1 2311.7 0 0 0 0 0 0 0 0 0
-574.1 -790.1 2621.2 0 0 0 0 0 0 0 0 0
-257.2 -817.8 2632.7 0 0 0 0 0 0 0 0 0
-513.8 481.6 2699.1 1 0.9921085238 0.0427110791 0.1178830191 -0.0268878620 0.9907925129 -0.1326920688 -0.1224650368 0.1284753084 0.9841221571
-522.3 283.9 2673.4 0.9921085238 0.0427110791 0.1178830191 -0.0268878620 0.9907925129 -0.1326920688 -0.1224650368 0.1284753084 0.9841221571
-530.7 89.5 2651.9 0.9920106530 0.0427870117 0.1186763942 -0.0291585829 0.9930201769 -0.1142833903 -0.1227378994 0.1099099070 0.9863342047
-663.6 288.1 2690.9 0.4176768959 -0.1797948331 -0.8906288743 0.7424849272 0.6325274706 0.2205111682 0.5237004757 -0.7533809543 0.3976870477
-863.9 -67.9 2439.8 -0.9368734360 -0.1797948331 -0.2999033034 0.1233838722 0.6325274706 -0.7646472454 0.3271766901 -0.7533809543 -0.5704143643
-381.0 279.8 2655.9 0.1976439506 -0.2730459571 0.9414790273 -0.4602141082 0.8221572638 0.3350528777 -0.8655286431 -0.4995031059 0.0368348099
-323.9 147.0 2406.2 -0.7888945937 -0.2730459571 0.5505371690 -0.4885119498 0.8221572638 -0.2922559083 -0.3728288412 -0.4995031059 -0.7819816470
-621.6 -98.3 2640.7 0.9154055715 -0.0577822663 0.3983639777 0.0034688814 0.9907391667 0.1357344538 -0.4025178552 -0.1228701994 0.9071285725
-599.0 -486.3 2688.8 0.9144270420 -0.0787072033 0.3970244527 0.1586310118 0.9721270204 -0.1726419926 -0.3723700047 0.2208489031 0.9014245868
-442.6 -103.1 2617.3 0.9528582096 -0.1153684333 -0.2806267738 0.1216273531 0.9925636053 0.0049286457 0.2779713273 -0.0388281941 0.9598042965
-397.4 -491.6 2632.5 0.8811213970 -0.3918230236 -0.2647637129 0.3748276532 0.9200396538 -0.1141547337 0.2883215845 0.0013434105 0.9575327039
-624.1 -99.5 2356.0 0 0 0 0 0 0 0 0 0
-515.7 28.2 2315.6 0 0 0 0 0 0 0 0 0
-574.5 -789.0 2620.0 0 0 0 0 0 0 0 0 0
-258.1 -818.6 2632.0 0 0 0 0 0 0 0 0 0
-518.4 480.3 2706.7 2 0.9893612266 0.0425268225 0.1391252130 -0.0203608628 0.9873847961 -0.1570246667 -0.1440478861 0.1525214016 0.9777460694
-526.9 283.4 2676.2 0.9893612266 0.0425268225 0.1391252130 -0.0203608628 0.9873847961 -0.1570246667 -0.1440478861 0.1525214016 0.9777460694
-535.3 89.6 2650.0 0.9892510176 0.0424902290 0.1399177760 -0.0229241364 0.9900845289 -0.1385899186 -0.1444191486 0.1338927150 0.9804161787
-667.8 286.7 2696.8 0.4268897176 -0.1975004673 -0.8824731112 0.7304210067 0.6506441236 0.2077193111 0.5331512690 -0.7332501411 0.4220117927
-872.5 -63.6 2441.2 -0.9300686717 -0.1975004673 -0.3097835779 0.1120014712 0.6506441236 -0.7510778308 0.3498970866 -0.7332501411 -0.5830233693
-385.9 280.2 2655.7 0.2054964304 -0.2612856328 0.9431336522 -0.4688861668 0.8196064830 0.3292278349 -0.8590209484 -0.5098774433 0.0459129810
-326.3 144.2 2406.4 -0.8033859134 -0.2612856328 0.5350709558 -0.4774633348 0.8196064830 -0.3166606426 -0.3558087349 -0.5098774433 -0.7832146287
-628.8 -102.3 2641.5 0.9066565037 -0.0753551945 0.4150850177 0.0160810221 0.9893759489 0.1444876492 -0.4215629995 -0.1243256778 0.8982359171
-599.3 -489.8 2690.2 0.9056293368 -0.0761630908 0.4171746969 0.1657242179 0.9690739512 -0.1828419566 -0.3903473318 0.2347229719 0.8902438283
-449.5 -107.6 2619.3 0.9562228322 -0.1294567287 -0.2624477148 0.1336641014 0.9910249710 -0.0018372848 0.2603300810 -0.0333229825 0.9649444818
-398.8 -495.6 2632.4 0.8860527873 -0.3932697177 -0.2454575449 0.3753467202 0.9193388820 -0.1180291921 0.2720759809 0.0124484105 0.9621952772
-634.4 -92.2 2351.6 0 0 0 0 0 0 0 0 0
-522.8 27.4 2319.4 0 0 0 0 0 0 0 0 0
-575.8 -788.9 2617.7 0 0 0 0 0 0 0 0 0
-262.1 -815.2 2628.0 0 0 0 0 0 0 0 0 0
-520.9 480.6 2701.5 3 0.9923359156 0.0402943790 0.1168151498 -0.0233104918 0.9894094467 -0.1432674080 -0.1213508844 0.1394463778 0.9827658534
-528.9 283.2 2673.7 0.9923359156 0.0402943790 0.1168151498 -0.0233104918 0.9894094467 -0.1432674080 -0.1213508844 0.1394463778 0.9827658534
-537.0 89.1 2649.6 0.9922243357 0.0410999991 0.1174802706 -0.0260257460 0.9915509820 -0.1270797849 -0.1217106655 0.1230341494 0.9849107265
-670.3 286.9 2691.0 0.4158431292 -0.1797944307 -0.8914866447 0.7361827493 0.6420904398 0.2139036655 0.5339564085 -0.7452474833 0.3993704617
-869.7 -66.1 2435.0 -0.9375331998 -0.1797944307 -0.2978346944 0.1175268739 0.6420904398 -0.7575666904 0.3274430633 -0.7452474833 -0.5808504224
-387.6 279.6 2656.3 0.2073733062 -0.2412624061 0.9480447173 -0.4783845246 0.8203223348 0.3133999109 -0.8533138633 -0.5185207129 0.0546967499
-328.0 142.2 2411.3 -0.8038920164 -0.2412624061 0.5436451435 -0.4682474434 0.8203223348 -0.3283528388 -0.3667450845 -0.5185207129 -0.7724210620
-633.0 -102.2 2636.9 0.9144455194 -0.0867535248 0.3953014612 0.0290648248 0.9883100986 0.1496609449 -0.4036640525 -0.1253674030 0.9062771797
-599.1 -489.3 2686.0 0.9122379422 -0.0758269802 0.4025819302 0.1548314840 0.9736456871 -0.1674554497 -0.3792745173 0.2150915712 0.8999369144
-454.3 -106.3 2610.8 0.9497579932 -0.1311077774 -0.2842014730 0.1396810561 0.9901458621 0.0100188609 0.2800873518 -0.0492130518 0.9587122202
-402.9 -494.0 2630.1 0.8793294430 -0.3967075348 -0.2634443343 0.3762248755 0.9178662300 -0.1263980716 0.2919497192 0.0120312395 0.9563580155
-629.7 -96.2 2351.1 0 0 0 0 0 0 0 0 0
-526.9 26.3 2320.5 0 0 0 0 0 0 0 0 0
-575.5 -792.1 2619.1 0 0 0 0 0 0 0 0 0
-263.9 -815.6 2625.8 0 0 0 0 0 0 0 0 0
-527.0 485.8 2708.4 4 0.9843130112 0.0427920483 0.1711629629 -0.0155171789 0.9873784184 -0.1576169580 -0.1757473648 0.1524884552 0.9725534320
-535.6 288.7 2677.9 0.9843130112 0.0427920483 0.1711629629 -0.0155171789 0.9873784184 -0.1576169580 -0.1757473648 0.1524884552 0.9725534320
-545.1 95.0 2651.0 0.9839600325 0.0481178202 0.1717769206 -0.0231914837 0.9892668724 -0.1442677677 -0.1768750697 0.1379699558 0.9745150208
-675.6 291.9 2703.1 0.4448088706 -0.2209290266 -0.8679489493 0.7274221182 0.6544758677 0.2062000185 0.5224960446 -0.7230848670 0.4518253207
-888.8 -56.8 2452.7 -0.9179427028 -0.2209290266 -0.3295019269 0.1109452322 0.6544758677 -0.7478987575 0.3808836043 -0.7230848670 -0.5762603283
-395.6 285.5 2652.8 0.2420916259 -0.1438284814 0.9595337510 -0.5225000978 0.8139778376 0.2538379729 -0.8175483346 -0.5628085136 0.1219068244
-325.6 134.3 2416.3 -0.8133853674 -0.1438284814 0.5636644959 -0.4211734533 0.8139778376 -0.4000662267 -0.4012694955 -0.5628085136 -0.7226544023
-634.8 -102.8 2636.5 0.8918265700 -0.0903568342 0.4432618022 0.0247603729 0.9881303906 0.1516087651 -0.4516993463 -0.1242333949 0.8834782243
-599.4 -489.8 2685.1 0.8899781704 -0.0764733627 0.4495449960 0.1644874960 0.9733045101 -0.1600694060 -0.4253031313 0.2164028138 0.8787986636
-455.5 -107.4 2614.5 0.9645674825 -0.1196477786 -0.2351468056 0.1297260821 0.9911597967 0.0278102215 0.2297406197 -0.0573295057 0.9715619087
-408.6 -495.6 2636.9 0.8870665431 -0.4097624421 -0.2126208693 0.3890839517 0.9114985466 -0.1333570182 0.2484483123 0.0355691761 0.9679918885
-654.1 -85.1 2355.3 0 0 0 0 0 0 0 0 0
-528.6 29.2 2316.1 0 0 0 0 0 0 0 0 0
-575.7 -791.2 2618.1 0 0 0 0 0 0 0 0 0
-265.0 -815.1 2624.5 0 0 0 0 0 0 0 0 0
-530.8 487.1 2711.3 5 0.9820380211 0.0532024279 0.1810272932 -0.0233429577 0.9863106012 -0.1632375270 -0.1872337759 0.1560797393 0.9698364139
-541.4 290.1 2680.2 0.9820380211 0.0532024279 0.1810272932 -0.0233429577 0.9863106012 -0.1632375270 -0.1872337759 0.1560797393 0.9698364139
-553.1 96.7 2652.0 0.9815731645 0.0593041293 0.1816510558 -0.0314989351 0.9878333807 -0.1522924751 -0.1884725541 0.1437643915 0.9714987874
-681.2 294.5 2707.0 0.4578953683 -0.2227576971 -0.8606455922 0.7194208503 0.6615825295 0.2115235925 0.5222696066 -0.7160220146 0.4631921053
-900.7 -50.3 2456.6 -0.9123007059 -0.2227576971 -0.3436370194 0.1174305752 0.6615825295 -0.7406204343 0.3923231661 -0.7160220146 -0.5774036646
-401.7 285.7 2653.3 0.2535965145 -0.0937518477 0.9627561569 -0.5349754095 0.8156293035 0.2203409970 -0.8059095144 -0.5709285736 0.1566857994
-328.1 130.5 2419.6 -0.8050188422 -0.0937518477 0.5857945681 -0.3995155394 0.8156293035 -0.4184927642 -0.4385567009 -0.5709285736 -0.6940522790
-643.4 -96.7 2639.9 0.8857583404 -0.1020065844 0.4527989030 0.0295631103 0.9859692454 0.1642883420 -0.4632042944 -0.1321336180 0.8763461113
-603.5 -482.9 2691.7 0.8827934265 -0.0892328471 0.4612084329 0.1857176870 0.9681044221 -0.1681748182 -0.4314912260 0.2341181934 0.8712083697
-465.9 -100.8 2608.0 0.9659957290 -0.1251996011 -0.2262239009 0.1389433295 0.9892396331 0.0458229780 0.2180526257 -0.0756971017 0.9729968905
-416.8 -488.2 2637.7 0.8854337931 -0.4196121097 -0.1998315006 0.3995413780 0.9068752527 -0.1339548975 0.2374313474 0.0387672409 0.9706304669
-667.3 -80.4 2356.2 0 0 0 0 0 0 0 0 0
-529.1 30.8 2310.2 0 0 0 0 0 0 0 0 0
-575.1 -791.4 2617.1 0 0 0 0 0 0 0 0 0
-265.7 -814.9 2623.7 0 0 0 0 0 0 0 0 0
-534.1 483.7 2713.8 6 0.9862489700 0.0566152148 0.1552664489 -0.0300808083 0.9852941632 -0.1681978106 -0.1625056863 0.1612143815 0.9734483957
-545.4 286.7 2681.6 0.9862489700 0.0566152148 0.1552664489 -0.0300808083 0.9852941632 -0.1681978106 -0.1625056863 0.1612143815 0.9734483957
-557.4 93.4 2652.6 0.9858618975 0.0611886941 0.1559881866 -0.0365620218 0.9870620966 -0.1561139971 -0.1635224372 0.1482035816 0.9753441215
-685.8 291.9 2704.9 0.4483571649 -0.2005522102 -0.8710652590 0.7152612209 0.6649419665 0.2150664628 0.5360757709 -0.7194657922 0.4415787160
-900.8 -51.0 2447.8 -0.9212939143 -0.2005522102 -0.3331612051 0.1217347085 0.6649419665 -0.7369076014 0.3693213165 -0.7194657922 -0.5881928205
-405.0 281.5 2658.3 0.2694644928 0.0191541705 0.9628198147 -0.5433519483 0.8284835815 0.1355862767 -0.7950833440 -0.5596857071 0.2336543649
-325.7 121.6 2424.2 -0.7845373750 0.0191541705 0.6197856069 -0.3345581293 0.8284835815 -0.4490944743 -0.5220842361 -0.5596857071 -0.6435681581
-653.4 -94.0 2640.9 0.8926029801 -0.1297587603 0.4317667782 0.0684853941 0.9855975509 0.1546196789 -0.4456115365 -0.1084442735 0.8886339068
-602.6 -479.8 2683.4 0.8882005215 -0.0886207968 0.4508283436 0.1702059954 0.9748748541 -0.1436974257 -0.4267666340 0.2043658048 0.8809681535
-476.1 -99.6 2606.9 0.9569929838 -0.1471672654 -0.2500124574 0.1619278491 0.9860150814 0.0394167230 0.2407152057 -0.0782055035 0.9674399495
-418.5 -485.7 2637.5 0.8801544309 -0.4217698276 -0.2178036422 0.3976093531 0.9056896567 -0.1470818222 0.2592971921 0.0428539552 0.9648463726
-665.0 -82.1 2353.3 0 0 0 0 0 0 0 0 0
-523.2 37.4 2292.8 0 0 0 0 0 0 0 0 0
-574.3 -791.9 2618.0 0 0 0 0 0 0 0 0 0
-265.5 -814.2 2622.0 0 0 0 0 0 0 0 0 0
-538.1 482.6 2714.5 7 0.9895074964 0.0426424854 0.1380453855 -0.0202551354 0.9869601130 -0.1596853435 -0.1430546790 0.1552137136 0.9774681926
-546.7 284.1 2683.3 0.9895074964 0.0426424854 0.1380453855 -0.0202551354 0.9869601130 -0.1596853435 -0.1430546790 0.1552137136 0.9774681926
-555.8 90.4 2656.3 0.9892488718 0.0461165495 0.1387801915 -0.0260137487 0.9893338084 -0.1433244348 -0.1439095587 0.1381733418 0.9798970222
-687.6 287.8 2703.8 0.4290252030 -0.1946826428 -0.8820635080 0.7266641259 0.6544297934 0.2089998126 0.5365599990 -0.7306300998 0.4222357571
-893.3 -60.5 2446.6 -0.9297750592 -0.1946826428 -0.3124371171 0.1141431183 0.6544297934 -0.7474576831 0.3499851823 -0.7306300998 -0.5862507820
-405.8 280.5 2662.8 0.2751067281 0.1164582446 0.9543341994 -0.5594837070 0.8266370893 0.0604075938 -0.7818530798 -0.5505529642 0.2925699353
-321.2 108.4 2422.4 -0.7879853845 0.1164582446 0.6045796275 -0.2605282068 0.8266370893 -0.4987947047 -0.5578566790 -0.5505529642 -0.6210373044
-658.5 -96.6 2638.3 0.8994637728 -0.1398467273 0.4140142500 0.0801985636 0.9841459990 0.1581923664 -0.4295731485 -0.1090849489 0.8964192271
-603.7 -481.9 2681.0 0.8946477771 -0.0938782617 0.4367976487 0.1685740799 0.9763402939 -0.1354341060 -0.4137488306 0.1947985888 0.8893061280
-480.4 -103.2 2608.8 0.9502407312 -0.1648984402 -0.2642935812 0.1752946228 0.9843847752 0.0160751734 0.2575158179 -0.0616045259 0.9643083215
-415.8 -488.6 2632.9 0.8767499328 -0.4203951061 -0.2336183041 0.3958736062 0.9066511989 -0.1458343863 0.2731183767 0.0353769735 0.9613296986
-655.3 -89.7 2357.0 0 0 0 0 0 0 0 0 0
-518.2 43.3 2282.9 0 0 0 0 0 0 0 0 0
-574.1 -790.0 2619.6 0 0 0 0 0 0 0 0 0
-265.5 -812.8 2620.2 0 0 0 0 0 0 0 0 0
-543.2 480.7 2715.9 8 0.9924504757 0.0260085631 0.1198566854 -0.0071076807 0.9878106117 -0.1554983258 -0.1224399880 0.1534724832 0.9805379510
-548.4 282.0 2685.0 0.9924504757 0.0260085631 0.1198566854 -0.0071076807 0.9878106117 -0.1554983258 -0.1224399880 0.1534724832 0.9805379510
-554.1 88.1 2658.3 0.9923114777 0.0290527456 0.1203074604 -0.0121009545 0.9901756048 -0.1393047720 -0.1231727004 0.1367778927 0.9829142094
-689.8 283.7 2702.6 0.4072727561 -0.1886912584 -0.8936020136 0.7338172793 0.6501035690 0.1971738189 0.5437288880 -0.7360441089 0.4032343924
-885.0 -68.0 2441.9 -0.9384230375 -0.1886912584 -0.2894093990 0.1015172452 0.6501035690 -0.7530335784 0.3302369416 -0.7360441089 -0.5909167528
-407.1 280.3 2667.5 0.2639980018 0.2285787314 0.9370468855 -0.5783595443 0.8149933219 -0.0358619988 -0.7718842030 -0.5324825048 0.3473573029
-323.5 97.1 2423.0 -0.7912291288 0.2285787314 0.5671932697 -0.1631464362 0.8149933219 -0.5560297966 -0.5893553495 -0.5324825048 -0.6075546741
-654.2 -101.0 2642.3 0.9094229341 -0.1309117377 0.3947302997 0.0753901601 0.9853320122 0.1530918330 -0.4089819491 -0.1094664484 0.9059529901
-602.9 -486.9 2685.2 0.9047589898 -0.0922963545 0.4158035219 0.1669815928 0.9749507308 -0.1469292492 -0.3918269277 0.2023670971 0.8975072503
-475.5 -105.7 2616.3 0.9468702674 -0.1560570896 -0.2812168002 0.1609806120 0.9869413376 -0.0056591011 0.2784276009 -0.0399120152 0.9596275687
-414.4 -492.1 2631.9 0.8716915250 -0.4191929698 -0.2538329661 0.3903345764 0.9070903659 -0.1575625837 0.2962985635 0.0382661819 0.9543284774
-644.8 -94.0 2357.4 0 0 0 0 0 0 0 0 0
-522.3 56.1 2274.9 0 0 0 0 0 0 0 0 0
-574.1 -791.1 2622.0 0 0 0 0 0 0 0 0 0
-266.8 -811.5 2618.4 0 0 0 0 0 0 0 0 0
-545.6 478.8 2715.6 9 0.9946264625 0.0153604466 0.1023831666 -0.0005946428 0.9897634387 -0.1427164376 -0.1035273075 0.1418886632 0.9844540358
-548.7 280.1 2687.1 0.9946264625 0.0153604466 0.1023831666 -0.0005946428 0.9897634387 -0.1427164376 -0.1035273075 0.1418886632 0.9844540358
-552.1 85.9 2662.7 0.9945672154 0.0172297843 0.1026607752 -0.0041971342 0.9920423031 -0.1258352399 -0.1040119454 0.1247207224 0.9867250323
-690.4 280.7 2701.9 0.3635705113 -0.2940463126 -0.8839418888 0.6719456911 0.7399837375 0.0302170590 0.6452174187 -0.6049469709 0.4666194022
-830.5 21.6 2453.2 -0.8628671169 -0.2940463126 -0.4110925794 0.0667059943 0.7399837375 -0.6693089008 0.5010096431 -0.6049469709 -0.6188929677
-407.0 279.5 2672.3 0.2371771038 0.2967189550 0.9250431657 -0.5894324780 0.8008647561 -0.1057592407 -0.7722152472 -0.5201668143 0.3648425639
-330.6 89.6 2423.4 -0.8236896992 0.2967189550 0.4832112789 -0.0609848723 0.8008647561 -0.5957319140 -0.5637518167 -0.5201668143 -0.6415686607
-649.5 -104.7 2642.7 0.9174660444 -0.1193385348 0.3794921935 0.0706361905 0.9876548648 0.1398157030 -0.3914926946 -0.1014702842 0.9145694375
-602.7 -491.5 2682.4 0.9130760431 -0.0900369659 0.3977254331 0.1582498103 0.9771203995 -0.1421009302 -0.3758313060 0.1926889271 0.9064335823
-470.2 -106.9 2620.4 0.9434515834 -0.1490685791 -0.2961042225 0.1504984945 0.9884446263 -0.0180949420 0.2953799963 -0.0274915360 0.9549842477
-411.8 -493.9 2631.2 0.8696258664 -0.4132026732 -0.2702118158 0.3803021312 0.9096451402 -0.1670809239 0.3148351312 0.0425357632 0.9481927752
-613.6 4.8 2327.2 0 0 0 0 0 0 0 0 0
-543.5 73.8 2277.7 0 0 0 0 0 0 0 0 0
-575.0 -792.4 2623.1 0 0 0 0 0 0 0 0 0
-267.8 -810.9 2616.4 0 0 0 0 0 0 0 0 0
-547.2 479.5 2715.4 0 0.9967858195 0.0060225721 0.0798855722 0.0049136118 0.9906967878 -0.1359990537 -0.0799614415 0.1359544545 0.9874829650
-548.4 280.0 2688.1 0.9967858195 0.0060225721 0.0798855722 0.0049136118 0.9906967878 -0.1359990537 -0.0799614415 0.1359544545 0.9874829650
-549.5 85.7 2664.3 0.9967811704 0.0056588957 0.0799702331 0.0041228160 0.9925675392 -0.1216250286 -0.0800641254 0.1215632409 0.9893493652
-690.4 279.4 2699.5 0.3348035812 -0.3563637435 -0.8723024130 0.6511648297 0.7566255927 -0.0591785833 0.6810954213 -0.5481994152 0.4853724837
-799.2 67.8 2478.1 -0.7785686851 -0.3563637435 -0.5165613890 0.0839057416 0.7566255927 -0.6484423876 0.6219249368 -0.5481994152 -0.5591840148
-406.4 280.6 2676.6 0.2167065889 0.3496098816 0.9114884138 -0.6044912338 0.7812037468 -0.1559200436 -0.7665693760 -0.5171978474 0.3806281090
-335.4 82.6 2425.5 -0.8386937380 0.3496098816 0.4175712764 0.0149174752 0.7812037468 -0.6240978837 -0.5443990231 -0.5171978474 -0.6604059935
-645.4 -108.0 2647.8 0.9280143976 -0.1025251001 0.3581590652 0.0596496798 0.9898748398 0.1288010180 -0.3677379787 -0.0981651247 0.9247336984
-605.2 -495.7 2686.2 0.9228390455 -0.0979216844 0.3725311458 0.1666313261 0.9734553099 -0.1569036990 -0.3472781479 0.2068722248 0.9146593809
-465.6 -108.8 2628.9 0.9368838072 -0.1487459987 -0.3164227009 0.1458237320 0.9887588024 -0.0330381691 0.3177800179 -0.0151890125 0.9480428100
-407.4 -496.0 2634.9 0.8682061434 -0.4029827118 -0.2895220518 0.3619571924 0.9134500623 -0.1860000789 0.3394187391 0.0566918217 0.9389254451
-603.7 46.8 2322.0 0 0 0 0 0 0 0 0 0
-562.0 86.6 2278.4 0 0 0 0 0 0 0 0 0
-575.7 -788.8 2623.9 0 0 0 0 0 0 0 0 0
-268.7 -810.3 2615.4 0 0 0 0 0 0 0 0 0
-551.0 483.6 2726.4 1 0.9962263107 -0.0073016067 0.0864856988 0.0210677776 0.9869971275 -0.1593513191 -0.0841976181 0.1605720520 0.9834263325
-549.5 283.8 2693.9 0.9962263107 -0.0073016067 0.0864856988 0.0210677776 0.9869971275 -0.1593513191 -0.0841976181 0.1605720520 0.9834263325
-548.8 90.0 2666.0 0.9962558746 -0.0033412923 0.0863891542 0.0155826770 0.9898272157 -0.1414185762 -0.0850378126 0.1422352642 0.9861732721
-691.4 281.5 2706.0 0.4141258597 -0.5450022817 -0.7290214896 0.7345545292 0.6730881333 -0.0859186351 0.5375215411 -0.4999248683 0.6790770888
-802.8 83.9 2561.3 -0.6275146008 -0.5450022817 -0.5560557246 0.0679856762 0.6730881333 -0.7364307642 0.7756309509 -0.4999248683 -0.3853202760
-407.5 286.0 2681.8 0.2351832837 0.4210668802 0.8760088682 -0.6300387383 0.7523332834 -0.1924729943 -0.7400946021 -0.5066530704 0.4422246516
-331.2 81.4 2441.4 -0.7725994587 0.4210668802 0.4751765728 0.0048576510 0.7523332834 -0.6587647796 -0.6348751783 -0.5066530704 -0.5832976699
-640.7 -109.1 2647.8 0.9282489419 -0.0928535461 0.3601834178 0.0492327325 0.9904914498 0.1284634471 -0.3686868846 -0.1015132517 0.9239940643
-604.4 -497.0 2687.5 0.9236345291 -0.0937024578 0.3716438413 0.1645049304 0.9727163315 -0.1635881513 -0.3461754024 0.2122329026 0.9138488770
-460.6 -108.3 2633.3 0.9390115142 -0.1404346526 -0.3139036000 0.1356774867 0.9900593758 -0.0370684303 0.3159888685 -0.0077819680 0.9487310052
-405.6 -496.1 2636.4 0.8705216646 -0.3986288011 -0.2885950506 0.3564392924 0.9150506854 -0.1887677312 0.3393273652 0.0614597797 0.9386584163
-648.4 67.2 2370.4 0 0 0 0 0 0 0 0 0
-545.4 82.8 2265.4 0 0 0 0 0 0 0 0 0
-576.2 -789.3 2623.8 0 0 0 0 0 0 0 0 0
-267.8 -812.3 2615.1 0 0 0 0 0 0 0 0 0
-554.5 486.4 2730.3 2 0.9967357516 -0.0179800037 0.0787055865 0.0306769144 0.9861123562 -0.1632218808 -0.0746778250 0.1651035249 0.9834449887
-550.9 286.9 2696.9 0.9967357516 -0.0179800037 0.0787055865 0.0306769144 0.9861123562 -0.1632218808 -0.0746778250 0.1651035249 0.9834449887
-548.2 93.3 2667.9 0.9968268275 -0.0135114314 0.0784459263 0.0249663889 0.9888306260 -0.1469375044 -0.0755844042 0.1484297514 0.9860302210
-692.9 283.4 2707.7 0.4323957264 -0.6330647469 -0.6420770884 0.7778398395 0.6220566630 -0.0895025507 0.4560692608 -0.4607326090 0.7613976002
-795.9 98.0 2599.0 -0.5286874175 -0.6330647469 -0.5654366612 0.0873069763 0.6220566630 -0.7780893445 0.8443145752 -0.4607326090 -0.2736025751
-408.8 290.5 2686.2 0.2359974235 0.4229108989 0.8749008775 -0.6460394859 0.7408341169 -0.1838416010 -0.7259050608 -0.5218343735 0.4480521083
-332.0 80.3 2450.0 -0.7714469433 0.4229108989 0.4754114151 -0.0077774706 0.7408341169 -0.6716429591 -0.6362461448 -0.5218343735 -0.5682250261
-638.2 -105.2 2645.9 0.9327895641 -0.0893615261 0.3491678238 0.0429658704 0.9894380569 0.1384422630 -0.3578513265 -0.1141351983 0.9267770052
-603.2 -492.8 2690.6 0.9288021922 -0.0896031111 0.3595800400 0.1628089100 0.9703319669 -0.1787432581 -0.3328960538 0.2245599627 0.9158346057
-458.2 -102.4 2630.5 0.9358658195 -0.1338453144 -0.3259457052 0.1343455613 0.9907101989 -0.0210848171 0.3257398307 -0.0240567978 0.9451533556
-405.8 -490.4 2639.9 0.8667433262 -0.4011762738 -0.2963335812 0.3543902338 0.9134442806 -0.2000677735 0.3509466648 0.0683896840 0.9338946939
-666.7 76.7 2392.5 0 0 0 0 0 0 0 0 0
-550.2 78.1 2270.0 0 0 0 0 0 0 0 0 0
-575.8 -789.8 2621.8 0 0 0 0 0 0 0 0 0
-263.4 -814.6 2615.7 0 0 0 0 0 0 0 0 0
-555.9 487.4 2732.8 3 0.9984471798 -0.0273082349 0.0485533848 0.0349368155 0.9858481884 -0.1639595628 -0.0433888212 0.1654012650 0.9852714539
-550.4 288.5 2699.4 0.9984471798 -0.0273082349 0.0485533848 0.0349368155 0.9858481884 -0.1639595628 -0.0433888212 0.1654012650 0.9852714539
-545.9 94.9 2670.2 0.9985713959 -0.0231691822 0.0481487587 0.0300783627 0.9885098934 -0.1481331736 -0.0441633984 0.1493697912 0.9877946377
-692.6 284.2 2705.7 0.4180545509 -0.6702371836 -0.6131986380 0.8056736588 0.5853946805 -0.0905705616 0.4196669757 -0.4561745226 0.7847193480
-789.2 98.1 2608.8 -0.5053563118 -0.6702371836 -0.5435045362 0.0901531130 0.5853946805 -0.8057204485 0.8581884503 -0.4561745226 -0.2354089320
-408.2 292.7 2693.1 0.2412296981 0.4339691401 0.8680316806 -0.6634842157 0.7265047431 -0.1788281947 -0.7082350850 -0.5327866673 0.4631862044
-330.6 79.3 2465.3 -0.7122277617 0.4339691401 0.5517266989 -0.0855038986 0.7265047431 -0.6818210483 -0.6967213750 -0.5327866673 -0.4803307950
-635.7 -102.6 2645.7 0.9435662627 -0.0854549631 0.3199689388 0.0457813889 0.9905175567 0.1295340359 -0.3280041814 -0.1075753272 0.9385312200
-602.2 -490.5 2687.8 0.9397566319 -0.0856721178 0.3309346735 0.1482564956 0.9744468331 -0.1687405854 -0.3080218732 0.2076383084 0.9284443259
-455.5 -98.1 2632.0 0.9258699417 -0.1365762800 -0.3522949815 0.1284140795 0.9906272292 -0.0465560034 0.3553514481 -0.0021348305 0.9347303510
-402.0 -486.0 2632.8 0.8591352701 -0.3919579387 -0.3290220797 0.3470121622 0.9187474847 -0.1883762777 0.3761237860 0.0476660468 0.9253425598
-664.8 75.9 2397.6 0 0 0 0 0 0 0 0 0
-531.4 55.2 2268.9 0 0 0 0 0 0 0 0 0
-575.7 -792.3 2623.5 0 0 0 0 0 0 0 0 0
-260.6 -817.5 2615.6 0 0 0 0 0 0 0 0 0
-557.4 486.8 2733.0 4 0.9989863634 -0.0345987342 0.0287956651 0.0388058871 0.9861242175 -0.1614096612 -0.0228115320 0.1623634845 0.9864673018
-550.4 288.8 2700.4 0.9989863634 -0.0345987342 0.0287956651 0.0388058871 0.9861242175 -0.1614096612 -0.0228115320 0.1623634845 0.9864673018
-544.3 95.2 2671.6 0.9991130233 -0.0311808605 0.0283013433 0.0350039788 0.9885807633 -0.1465701312 -0.0234079808 0.1474307925 0.9887953401
-692.8 283.8 2703.8 0.3733139336 -0.6030384898 -0.7049689889 0.7799333334 0.6154878736 -0.1134842411 0.5023352504 -0.5074635744 0.7001000047
-777.8 106.3 2589.4 -0.5483443141 -0.6030384898 -0.5793644190 0.1421891898 0.6154878736 -0.7752141356 0.8240756989 -0.5074635744 -0.2517537177
