659.9 290.0 2515.5 53 0.9519532323 0.2072092593 0.2254979908 -0.2216877937 0.9742715359 0.0406137891 -0.2112807184 -0.0886525810 0.9733967185
619.6 100.6 2532.8 0.9519532323 0.2072092593 0.2254979908 -0.2216877937 0.9742715359 0.0406137891 -0.2112807184 -0.0886525810 0.9733967185
580.8 -88.7 2549.4 0.9537287354 0.1993228346 0.2251043022 -0.2131691873 0.9762475491 0.0387248993 -0.2120387703 -0.0849183500 0.9735648036
489.5 129.6 2561.7 0.4944254160 -0.8483020663 -0.1895443946 0.4966780245 0.0967622399 0.8625242114 -0.7133403420 -0.5205964446 0.4691747129
365.1 4.6 2741.2 -0.0455605164 -0.8483020663 -0.5275488496 0.9661774635 0.0967622399 -0.2390359640 0.2538215220 -0.5205964446 0.8152018189
749.7 71.6 2503.8 0.7213438153 0.5284057260 0.4477169812 -0.5213432312 -0.0112734111 0.8532726169 0.4559214115 -0.8489171267 0.2673487365
892.8 -31.8 2594.3 -0.4910486937 0.5284057260 0.6925739050 -0.8197465539 -0.0112734111 -0.5726155043 -0.2947656214 -0.8489171267 0.4386945367
445.5 -251.4 2583.6 -0.9226028323 -0.1428457350 -0.3583281636 -0.1602458805 0.9868909121 0.0191727877 0.3508920670 0.0751094818 -0.9333987832
500.9 -634.4 2554.5 -0.9434856772 -0.0071773557 -0.3313355446 0.0404457897 0.9897987247 -0.1366112381 0.3289360106 -0.1422918737 -0.9335706234
613.4 -294.7 2539.3 0.2958844006 -0.0729416907 0.9524347186 0.0769731253 0.9956584573 0.0523394011 -0.9521173835 0.0578254648 0.3002143502
641.7 -681.1 2516.9 0.3285841048 -0.1938575655 0.9243655801 -0.0690925270 0.9711525440 0.2282300144 -0.9419441223 -0.1388595104 0.3057111800
376.7 -240.5 2676.8 0 0 0 0 0 0 0 0 0
768.3 -239.7 2519.5 0 0 0 0 0 0 0 0 0
503.6 -1003.8 2607.6 0 0 0 0 0 0 0 0 0
713.9 -1043.0 2568.6 0 0 0 0 0 0 0 0 0
651.3 283.5 2514.8 54 0.9582526684 0.1783924103 0.2234457284 -0.1934595257 0.9799684286 0.0472784862 -0.2105356306 -0.0885324404 0.9735690951
616.6 93.1 2532.0 0.9582526684 0.1783924103 0.2234457284 -0.1934595257 0.9799684286 0.0472784862 -0.2105356306 -0.0885324404 0.9735690951
583.4 -97.3 2548.3 0.9596775174 0.1712429076 0.2229235172 -0.1854652911 0.9816495180 0.0443486422 -0.2112383693 -0.0839049742 0.9738266468
485.7 118.4 2560.8 0.4906762540 -0.8564640880 -0.1603310555 0.4563648105 0.0958547890 0.8846145868 -0.7422721386 -0.5072288513 0.4378937483
364.6 5.7 2744.0 -0.0578542426 -0.8564640880 -0.5129542947 0.9585932493 0.0958547890 -0.2681620419 0.2788402736 -0.5072288513 0.8154550791
747.6 67.8 2503.1 0.7461606860 0.5326296687 0.3994369209 -0.4580807984 -0.0246425346 0.8885689378 0.4831212759 -0.8459895849 0.2256001234
897.7 -24.3 2600.3 -0.4793779552 0.5326296687 0.6974972486 -0.8325600028 -0.0246425346 -0.5533865094 -0.2775619328 -0.8459895849 0.4552592337
456.8 -259.0 2584.9 -0.9251228571 -0.1185695380 -0.3606784344 -0.1382876933 0.9899597168 0.0292616505 0.3535875976 0.0769480094 -0.9322310686
502.8 -643.1 2555.1 -0.9425014853 0.0008859296 -0.3342007995 0.0524559021 0.9879938364 -0.1453152448 0.3300596178 -0.1544906348 -0.9312321544
627.4 -297.0 2546.9 0.2939617336 -0.0409515575 0.9549394846 0.0937744975 0.9954974651 0.0138239730 -0.9512059689 0.0854852572 0.2964783609
643.3 -683.0 2513.8 0.3340851068 -0.1722614616 0.9266677499 -0.0980389118 0.9714731574 0.2159357816 -0.9374302626 -0.1629904211 0.3076663911
379.2 -237.5 2673.3 0 0 0 0 0 0 0 0 0
776.1 -235.5 2529.9 0 0 0 0 0 0 0 0 0
502.5 -1011.9 2612.7 0 0 0 0 0 0 0 0 0
707.5 -1045.2 2574.5 0 0 0 0 0 0 0 0 0
640.6 282.2 2504.9 55 0.9571217895 0.1446553469 0.2509833872 -0.1707606763 0.9816008210 0.0854437426 -0.2340056002 -0.1246381626 0.9642130136
612.4 90.9 2529.2 0.9571217895 0.1446553469 0.2509833872 -0.1707606763 0.9816008210 0.0854437426 -0.2340056002 -0.1246381626 0.9642130136
584.9 -99.7 2551.0 0.9579623342 0.1417817473 0.2494114488 -0.1649943143 0.9834647179 0.0746597126 -0.2347019762 -0.1126726642 0.9655153155
481.7 113.5 2561.2 0.5024137497 -0.8516803384 -0.1490670592 0.4282782972 0.0953657776 0.8986006379 -0.7511045933 -0.5153115392 0.4126692712
358.6 8.6 2745.2 -0.0719232634 -0.8516803384 -0.5191026926 0.9527285099 0.0953657776 -0.2884679735 0.2951871157 -0.5153115392 0.8045611382
743.1 68.4 2497.1 0.7427375317 0.5652873516 0.3588749170 -0.4146143496 -0.0325785093 0.9094138741 0.5257717371 -0.8242504597 0.2101789564
899.9 -19.2 2608.1 -0.4618706405 0.5652873516 0.6834659576 -0.8404039741 -0.0325785093 -0.5409803987 -0.2835430801 -0.8242504597 0.4901167750
464.2 -271.1 2583.5 -0.9152866006 -0.0916302502 -0.3922427297 -0.1135420501 0.9929856658 0.0329795554 0.3864694834 0.0747217909 -0.9192703366
499.8 -656.4 2554.6 -0.9295251966 -0.0151234884 -0.3684482872 0.0440764800 0.9874391556 -0.1517274678 0.3661149144 -0.1572744101 -0.9171829820
636.0 -304.2 2545.7 0.2639059722 -0.0264291987 0.9641862512 0.0781902298 0.9969208241 0.0059251520 -0.9613739848 0.0738262609 0.2651598752
646.2 -691.0 2517.1 0.2876460850 -0.1578422934 0.9446404576 -0.0538718142 0.9820975661 0.1805052459 -0.9562204480 -0.1028111205 0.2739932835
376.9 -233.1 2670.3 0 0 0 0 0 0 0 0 0
782.8 -232.4 2536.1 0 0 0 0 0 0 0 0 0
505.4 -1024.9 2613.2 0 0 0 0 0 0 0 0 0
705.0 -1056.6 2555.3 0 0 0 0 0 0 0 0 0
630.4 276.5 2502.4 56 0.9592235684 0.1166608334 0.2574498355 -0.1456668675 0.9846093655 0.0965692475 -0.2422216684 -0.1301334053 0.9614540935
607.6 84.5 2527.8 0.9592235684 0.1166608334 0.2574498355 -0.1456668675 0.9846093655 0.0965692475 -0.2422216684 -0.1301334053 0.9614540935
585.3 -106.7 2550.9 0.9597138166 0.1152449101 0.2562576532 -0.1415004581 0.9861572385 0.0864377916 -0.2427488267 -0.1192161143 0.9627359509
476.6 103.8 2561.0 0.5024820566 -0.8529621959 -0.1413055658 0.3959211707 0.0817144737 0.9146415591 -0.7686079741 -0.5155368447 0.3787658513
355.7 8.6 2745.9 -0.0920422152 -0.8529621959 -0.5137934685 0.9486473203 0.0817144737 -0.3055993617 0.3026490510 -0.5155368447 0.8016391397
738.6 65.2 2494.6 0.7515449524 0.5712565780 0.3299183846 -0.3758642972 -0.0401928313 0.9258026481 0.5421311855 -0.8197868466 0.1845082343
903.7 -17.4 2613.7 -0.4430586398 0.5712565780 0.6909160614 -0.8558792472 -0.0401928313 -0.5156115294 -0.2667765915 -0.8197868466 0.5067344308
471.8 -275.6 2593.8 -0.9119995236 -0.0731882825 -0.4036091268 -0.0978916064 0.9943568707 0.0408856608 0.3983391523 0.0767976493 -0.9140175581
500.2 -661.5 2564.0 -0.9222412705 -0.0166254602 -0.3862572312 0.0331784487 0.9919857979 -0.1219155267 0.3851885796 -0.1252509505 -0.9142985940
643.2 -305.2 2551.7 0.2525977194 -0.0127367787 0.9674875736 0.0905313045 0.9958379865 -0.0105264736 -0.9633267522 0.0902468711 0.2526994646
648.1 -691.6 2516.7 0.2813031375 -0.1424144804 0.9489924312 -0.0796609148 0.9820474386 0.1709883213 -0.9563068151 -0.1236971617 0.2649081647
379.1 -232.1 2669.1 0 0 0 0 0 0 0 0 0
791.3 -234.5 2546.0 0 0 0 0 0 0 0 0 0
506.4 -1031.6 2610.8 0 0 0 0 0 0 0 0 0
701.2 -1057.6 2562.8 0 0 0 0 0 0 0 0 0
620.1 277.2 2497.7 57 0.9566835761 0.0899400637 0.2768885791 -0.1261776835 0.9852092266 0.1159395501 -0.2623655498 -0.1458546221 0.9538819194
602.5 84.5 2526.2 0.9566835761 0.0899400637 0.2768885791 -0.1261776835 0.9852092266 0.1159395501 -0.2623655498 -0.1458546221 0.9538819194
585.4 -106.9 2552.2 0.9570804834 0.0886345357 0.2759362757 -0.1217943430 0.9869408011 0.1054226905 -0.2629886866 -0.1345054805 0.9553769827
471.9 101.2 2562.2 0.5001673698 -0.8555361032 -0.1337558478 0.3773480058 0.0763158575 0.9229216576 -0.7793850899 -0.5120877624 0.3610055149
353.3 11.7 2747.1 -0.1035115942 -0.8555361032 -0.5072901845 0.9438955188 0.0763158575 -0.3213054240 0.3136026859 -0.5120877624 0.7996370792
733.2 67.9 2490.3 0.7485116124 0.5845318437 0.3131340444 -0.3576063216 -0.0418471768 0.9329343438 0.5584335923 -0.8102909327 0.1777091771
907.1 -15.2 2620.0 -0.4391474128 0.5845318437 0.6822551489 -0.8560653925 -0.0418471768 -0.5151707530 -0.2725832462 -0.8102909327 0.5187745094
477.1 -285.3 2595.7 -0.9026311040 -0.0617012605 -0.4259695113 -0.0818071887 0.9962247610 0.0290475935 0.4225691259 0.0610666312 -0.9042710662
501.0 -671.9 2572.0 -0.9087982774 -0.0114289261 -0.4170792699 0.0224574879 0.9968358278 -0.0762495100 0.4166310132 -0.0786619708 -0.9056659937
648.9 -310.7 2552.2 0.2279795408 -0.0098739648 0.9736158848 0.1000663564 0.9948912859 -0.0133415647 -0.9685102105 0.1004677936 0.2278029174
652.7 -696.8 2513.2 0.2657423317 -0.1221640855 0.9562724233 -0.1419946998 0.9761596322 0.1641641557 -0.9535295367 -0.1794109792 0.2420602739
379.5 -227.8 2667.5 0 0 0 0 0 0 0 0 0
795.7 -232.5 2550.8 0 0 0 0 0 0 0 0 0
505.3 -1043.5 2601.4 0 0 0 0 0 0 0 0 0
698.2 -1060.3 2580.0 0 0 0 0 0 0 0 0 0
608.0 282.7 2482.3 58 0.9614171982 0.0539019592 0.2697619498 -0.1033829153 0.9795289040 0.1727285534 -0.2549291849 -0.1939529926 0.9473084807
597.5 90.1 2520.5 0.9614171982 0.0539019592 0.2697619498 -0.1033829153 0.9795289040 0.1727285534 -0.2549291849 -0.1939529926 0.9473084807
586.8 -100.5 2553.7 0.9617152214 0.0546502136 0.2685464919 -0.0979937762 0.9837035537 0.1507466733 -0.2559317946 -0.1712912470 0.9513980150
466.2 103.5 2555.5 0.4772543013 -0.8702604771 -0.1219631806 0.3661918938 0.0707879737 0.9278429747 -0.7988315225 -0.4874789715 0.3524661958
350.8 14.9 2748.7 -0.1020140201 -0.8702604771 -0.4819126725 0.9422664046 0.0707879737 -0.3272965848 0.3189468980 -0.4874789715 0.8127958775
728.7 76.7 2485.4 0.7393167019 0.5712721348 0.3564532697 -0.3918894827 -0.0654337257 0.9176824689 0.5475705266 -0.8181482553 0.1754992902
906.1 -17.3 2616.8 -0.4362467825 0.5712721348 0.6952243447 -0.8685597777 -0.0654337257 -0.4912456870 -0.2351438552 -0.8181482553 0.5247293115
482.6 -287.4 2601.8 -0.9025451541 -0.0477969348 -0.4279342592 -0.0732353777 0.9963798523 0.0431709513 0.4243216217 0.0703036562 -0.9027782083
501.1 -674.1 2574.6 -0.9070759416 -0.0097078895 -0.4208551049 0.0164029300 0.9981597662 -0.0583781153 0.4206473827 -0.0598566383 -0.9052474499
653.9 -309.2 2554.7 0.2272413373 0.0077285222 0.9738078117 0.1089594215 0.9934878945 -0.0333107598 -0.9677237272 0.1136751175 0.2249194235
650.9 -694.8 2510.6 0.2844119966 -0.1601464450 0.9452316761 -0.1711014807 0.9616407156 0.2144095004 -0.9433102012 -0.2227111757 0.2461008579
376.6 -224.2 2667.8 0 0 0 0 0 0 0 0 0
795.5 -237.6 2557.2 0 0 0 0 0 0 0 0 0
504.8 -1046.4 2596.9 0 0 0 0 0 0 0 0 0
710.5 -1052.7 2593.5 0 0 0 0 0 0 0 0 0
598.2 287.6 2481.6 59 0.9510578513 0.0277804993 0.3077616990 -0.0871384516 0.9796428680 0.1808501184 -0.2964724302 -0.1988167912 0.9341177344
592.8 94.6 2520.8 0.9510578513 0.0277804993 0.3077616990 -0.0871384516 0.9796428680 0.1808501184 -0.2964724302 -0.1988167912 0.9341177344
586.9 -96.2 2555.1 0.9511777163 0.0306031015 0.3071227074 -0.0831059739 0.9837159514 0.1593623310 -0.2972445190 -0.1771056354 0.9382320046
463.0 106.0 2561.4 0.4794043601 -0.8671761751 -0.1348218173 0.3831168115 0.0685866848 0.9211500287 -0.7895523906 -0.4932558537 0.3651105165
350.5 16.1 2746.7 -0.1001534164 -0.8671761751 -0.4878265560 0.9462150931 0.0685866848 -0.3161849380 0.3076464534 -0.4932558537 0.8136659861
722.5 83.2 2480.2 0.7316198349 0.5806176662 0.3572331965 -0.4009125531 -0.0573686995 0.9143183231 0.5513633490 -0.8121526837 0.1908048242
906.2 -17.5 2618.7 -0.4374520481 0.5806176662 0.6866723299 -0.8632802963 -0.0573686995 -0.5014538169 -0.2517594397 -0.8121526837 0.5263318419
490.2 -282.4 2609.9 -0.8824405670 -0.0312656350 -0.4693837464 -0.0740455687 0.9945826530 0.0729564205 0.4645599127 0.0991354957 -0.8799751401
502.3 -668.2 2571.4 -0.8876664042 -0.0078624301 -0.4604199231 0.0257262364 0.9974459410 -0.0666319206 0.4597678483 -0.0709917918 -0.8851969838
662.3 -299.9 2563.9 0.1830466092 0.0231538229 0.9828315377 0.1081363708 0.9931822419 -0.0435374342 -0.9771389365 0.1142492220 0.1792948842
653.3 -685.4 2519.6 0.2242890298 -0.1543012708 0.9622294903 -0.1182044819 0.9757875800 0.1840280741 -0.9673272967 -0.1550153047 0.2006193548
376.0 -224.1 2668.6 0 0 0 0 0 0 0 0 0
795.3 -236.5 2554.8 0 0 0 0 0 0 0 0 0
505.2 -1040.4 2597.9 0 0 0 0 0 0 0 0 0
710.7 -1048.2 2577.2 0 0 0 0 0 0 0 0 0
585.4 283.4 2479.3 60 0.9543554783 -0.0013541469 0.2986700535 -0.0594871230 0.9790928364 0.1945213377 -0.2926891148 -0.2034095228 0.9343220592
585.7 90.2 2519.4 0.9543554783 -0.0013541469 0.2986700535 -0.0594871230 0.9790928364 0.1945213377 -0.2926891148 -0.2034095228 0.9343220592
584.8 -100.5 2554.6 0.9543571472 0.0045773787 0.2986326814 -0.0584670380 0.9834000468 0.1717730314 -0.2928891182 -0.1813929975 0.9387824535
455.4 98.2 2559.5 0.4503884017 -0.8848108649 -0.1194154844 0.3761304915 0.0667326078 0.9241604805 -0.8097383380 -0.4611469507 0.3628599346
352.7 12.4 2744.2 -0.0884271264 -0.8848108649 -0.4574826956 0.9476566315 0.0667326078 -0.3122397661 0.3068021536 -0.4611469507 0.8325958848
715.9 82.2 2479.4 0.7595009208 0.5752354860 0.3037474155 -0.3457222879 -0.0385925993 0.9375429153 0.5510303378 -0.8170769811 0.1695606261
907.8 -5.1 2618.6 -0.4254554510 0.5752354860 0.6986356378 -0.8672553301 -0.0385925993 -0.4963655770 -0.2585649192 -0.8170769811 0.5152955055
495.8 -279.5 2616.0 -0.8829913735 -0.0247343741 -0.4687370360 -0.0745236948 0.9933316112 0.0879690275 0.4634354711 0.1126079112 -0.8789465427
505.4 -664.9 2572.3 -0.8877193332 0.0117404070 -0.4602352679 0.0425252691 0.9974920750 -0.0565787628 0.4584167898 -0.0697976947 -0.8859922886
666.0 -294.4 2562.7 0.1844220608 0.0439684987 0.9818631411 0.1180938333 0.9907699823 -0.0665487573 -0.9757266045 0.1282250434 0.1775274277
649.0 -678.8 2512.9 0.2426661253 -0.1813101470 0.9530161619 -0.1487780362 0.9638026357 0.2212455571 -0.9586335421 -0.1954766810 0.2069072723
375.1 -228.1 2666.4 0 0 0 0 0 0 0 0 0
799.8 -225.2 2553.0 0 0 0 0 0 0 0 0 0
501.1 -1037.1 2598.3 0 0 0 0 0 0 0 0 0
716.4 -1037.5 2585.7 0 0 0 0 0 0 0 0 0
579.1 282.1 2497.1 61 0.9406501651 -0.0160125773 0.3389998674 -0.0374222882 0.9879012108 0.1505019069 -0.3373082876 -0.1542557925 0.9286701679
582.2 89.0 2527.3 0.9406501651 -0.0160125773 0.3389998674 -0.0374222882 0.9879012108 0.1505019069 -0.3373082876 -0.1542557925 0.9286701679
584.1 -102.9 2554.8 0.9406645298 -0.0104868533 0.3391757905 -0.0384979062 0.9897711277 0.1373718381 -0.3371469975 -0.1422783732 0.9306389093
453.9 94.1 2573.3 0.4745661914 -0.8716823459 -0.1222980469 0.3765459955 0.0754584596 0.9233196378 -0.7956129909 -0.4842271209 0.3640385270
352.8 13.9 2742.8 -0.0919478163 -0.8716823459 -0.4813683331 0.9453461170 0.0754584596 -0.3172172010 0.3128359616 -0.4842271209 0.8171032667
710.5 83.8 2481.3 0.7733820677 0.5603824258 0.2963978946 -0.3448107839 -0.0204925649 0.9384484887 0.5319639444 -0.8279804587 0.1773773134
905.8 -3.2 2615.6 -0.4204660058 0.5603824258 0.7135684490 -0.8683292866 -0.0204925649 -0.4955646098 -0.2630828321 -0.8279804587 0.4952128828
498.5 -286.0 2616.0 -0.8614475131 -0.0178017374 -0.5075345039 -0.0713155344 0.9937229753 0.0861903951 0.5028143525 0.1104435995 -0.8573096991
505.4 -671.7 2573.1 -0.8655159473 0.0149218766 -0.5006590486 0.0442342609 0.9979277849 -0.0467274114 0.4989243150 -0.0625896007 -0.8643824458
669.3 -296.5 2563.5 0.1380217224 0.0497696660 0.9891779423 0.1224670410 0.9902145863 -0.0669098645 -0.9828284979 0.1303767115 0.1305759847
650.0 -680.8 2512.9 0.1917754859 -0.1780537665 0.9651523232 -0.1379328519 0.9687552452 0.2061256617 -0.9716978669 -0.1726560593 0.1612240523
376.1 -226.1 2663.4 0 0 0 0 0 0 0 0 0
799.0 -223.6 2548.8 0 0 0 0 0 0 0 0 0
499.8 -1044.1 2596.5 0 0 0 0 0 0 0 0 0
716.4 -1041.8 2577.2 0 0 0 0 0 0 0 0 0
572.2 283.7 2504.1 62 0.9380005598 -0.0328468606 0.3450739086 -0.0175763126 0.9897126555 0.1419856548 -0.3461878002 -0.1392477602 0.9277737141
578.7 89.8 2531.3 0.9380005598 -0.0328468606 0.3450739086 -0.0175763126 0.9897126555 0.1419856548 -0.3461878002 -0.1392477602 0.9277737141
583.5 -102.5 2556.2 0.9380895495 -0.0255207382 0.3454514444 -0.0205960274 0.9914084077 0.1291712523 -0.3457800150 -0.1282891184 0.9295042157
450.6 92.6 2578.5 0.4865622520 -0.8638884425 -0.1302072406 0.3684977889 0.0678040460 0.9271526337 -0.7921278477 -0.4990985692 0.3513318598
349.3 15.8 2743.5 -0.1104876548 -0.8638884425 -0.4914155602 0.9412534833 0.0678040460 -0.3308239281 0.3191149235 -0.4990985692 0.8056464791
706.7 87.1 2484.2 0.7912200093 0.5396646261 0.2876333594 -0.3298795521 -0.0193970203 0.9438237548 0.5149275064 -0.8416566253 0.1626770049
903.3 5.1 2612.1 -0.3962717652 0.5396646261 0.7427858114 -0.8879125118 -0.0193970203 -0.4596032500 -0.2336237729 -0.8416566253 0.4868614674
501.9 -291.4 2612.5 -0.8564749956 -0.0137803014 -0.5160045624 -0.0641925707 0.9947270751 0.0799831897 0.5121815205 0.1016272530 -0.8528434634
507.2 -677.5 2573.0 -0.8595160842 0.0268471055 -0.5104031563 0.0565861762 0.9974789023 -0.0428236090 0.5079666972 -0.0656893402 -0.8588683009
670.1 -298.2 2552.2 0.1255901754 0.0385519601 0.9913328886 0.0852844194 0.9951260686 -0.0495040044 -0.9884096980 0.0907624662 0.1216901764
655.2 -684.1 2517.0 0.1593074203 -0.1615372002 0.9739234447 -0.1031299680 0.9784016609 0.1791492254 -0.9818275571 -0.1289805025 0.1392073035
377.3 -223.1 2662.5 0 0 0 0 0 0 0 0 0
802.8 -220.1 2552.9 0 0 0 0 0 0 0 0 0
497.2 -1049.8 2597.5 0 0 0 0 0 0 0 0 0
715.3 -1048.6 2565.0 0 0 0 0 0 0 0 0 0
562.5 290.0 2516.0 63 0.9276384711 -0.0565924235 0.3691668510 0.0111251073 0.9922014475 0.1241471395 -0.3733136654 -0.1110566407 0.9210338593
573.6 95.6 2537.8 0.9276384711 -0.0565924235 0.3691668510 0.0111251073 0.9922014475 0.1241471395 -0.3733136654 -0.1110566407 0.9210338593
582.4 -97.2 2557.2 0.9279387593 -0.0459780432 0.3698860407 0.0053106160 0.9938929081 0.1102213115 -0.3726948500 -0.1003143042 0.9225158691
446.9 94.8 2588.6 0.5031466484 -0.8472738266 -0.1702072769 0.4150520861 0.0641628131 0.9075323343 -0.7580074072 -0.5272667408 0.3839460611
348.6 13.6 2736.8 -0.1243669838 -0.8472738266 -0.5163912773 0.9411181211 0.0641628131 -0.3319333792 0.3143715858 -0.5272667408 0.7894050479
700.2 96.3 2487.0 0.8046668768 0.5086583495 0.3062317371 -0.3393460512 -0.0292159412 0.9402077794 0.4871914089 -0.8604726195 0.1491021067
903.0 10.8 2609.8 -0.3827765584 0.5086583495 0.7711995840 -0.9028930664 -0.0292159412 -0.4288712740 -0.1956176311 -0.8604726195 0.4704472721
504.4 -292.9 2611.9 -0.8406636715 0.0014970257 -0.5415555239 -0.0529972017 0.9949688911 0.0850186422 0.5389581323 0.1001730114 -0.8363548517
503.8 -679.2 2573.1 -0.8433776498 0.0086767701 -0.5372512341 0.0380708314 0.9983216524 -0.0436404422 0.5359708667 -0.0572589710 -0.8422924876
672.3 -296.6 2550.1 0.0945036188 0.0381255746 0.9947941899 0.0802348927 0.9957239628 -0.0457833745 -0.9922859669 0.0841438994 0.0910405219
657.6 -682.9 2517.4 0.1258381009 -0.1432564706 0.9816528559 -0.1190444455 0.9801880121 0.1583030075 -0.9848822951 -0.1367808729 0.1062911078
380.1 -225.2 2657.0 0 0 0 0 0 0 0 0 0
806.0 -218.1 2560.2 0 0 0 0 0 0 0 0 0
500.6 -1051.7 2594.4 0 0 0 0 0 0 0 0 0
711.0 -1048.4 2568.4 0 0 0 0 0 0 0 0 0
548.4 291.9 2524.5 64 0.9160513282 -0.0909495875 0.3906124830 0.0467306934 0.9915186763 0.1212723628 -0.3983292282 -0.0928381160 0.9125321507
566.3 97.5 2542.7 0.9160513282 -0.0909495875 0.3906124830 0.0467306934 0.9915186763 0.1212723628 -0.3983292282 -0.0928381160 0.9125321507
581.3 -95.1 2558.6 0.9167037606 -0.0782487616 0.3918307424 0.0390765294 0.9934930205 0.1069798395 -0.3976521194 -0.0827574432 0.9137964845
441.2 92.2 2596.9 0.4906469584 -0.8481613398 -0.1997196525 0.4689317644 0.0638345331 0.8809245825 -0.7344171405 -0.5258778930 0.4290499985
349.1 4.1 2734.8 -0.1373443455 -0.8481613398 -0.5116237998 0.9322689772 0.0638345331 -0.3560894728 0.3346805871 -0.5258778930 0.7819471955
691.3 102.9 2488.5 0.8165689111 0.4864900410 0.3107130826 -0.3440473378 -0.0220476743 0.9386934042 0.4635155201 -0.8734079003 0.1493721604
903.0 13.7 2608.6 -0.3679767549 0.4864900410 0.7924143672 -0.9118601680 -0.0220476743 -0.4099084437 -0.1819454879 -0.8734079003 0.4517239332
508.1 -290.5 2609.9 -0.8238349557 0.0066291005 -0.5667909980 -0.0492417887 0.9953143597 0.0832143575 0.5646868348 0.0964647010 -0.8196483254
505.6 -676.8 2572.4 -0.8259508610 0.0156976953 -0.5635235310 0.0437353626 0.9983837605 -0.0362911820 0.5620430708 -0.0546206385 -0.8253024817
674.2 -289.4 2543.2 0.0636910722 0.0405003466 0.9971475005 0.0637184381 0.9969724417 -0.0445631407 -0.9959334135 0.0663749576 0.0609176233
658.5 -676.3 2517.4 0.0897225589 -0.1342830211 0.9868727922 -0.1176838502 0.9824982882 0.1443871260 -0.9889895916 -0.1290937811 0.0723493174
383.9 -232.4 2649.9 0 0 0 0 0 0 0 0 0
809.7 -217.5 2562.5 0 0 0 0 0 0 0 0 0
499.7 -1049.5 2592.8 0 0 0 0 0 0 0 0 0
708.6 -1042.9 2565.6 0 0 0 0 0 0 0 0 0
539.3 289.4 2534.7 65 0.9020202756 -0.1145583615 0.4162159860 0.0771286339 0.9914004207 0.1057182252 -0.4247476161 -0.0632578135 0.9030990601
561.7 95.8 2547.1 0.9020202756 -0.1145583615 0.4162159860 0.0771286339 0.9914004207 0.1057182252 -0.4247476161 -0.0632578135 0.9030990601
580.9 -96.9 2557.9 0.9031306505 -0.0998841375 0.4175862074 0.0668518022 0.9934158921 0.0930360705 -0.4241295755 -0.0561073385 0.9038617611
438.5 86.6 2604.9 0.4799863398 -0.8523526192 -0.2076249421 0.5180251598 0.0843734369 0.8511939049 -0.7079992890 -0.5161163807 0.4820381999
351.4 -7.3 2733.3 -0.1356873214 -0.8523526192 -0.5050584078 0.9174237847 0.0843734369 -0.3888633549 0.3740622103 -0.5161163807 0.7705201507
684.9 104.9 2489.3 0.8261802793 0.4573597014 0.3290109932 -0.3557054698 -0.0294377059 0.9341343641 0.4369207621 -0.8887944221 0.1383644938
900.3 12.2 2603.2 -0.3540295362 0.4573597014 0.8157727718 -0.9228634238 -0.0294377059 -0.3840006590 -0.1516119540 -0.8887944221 0.4325023592
514.4 -291.3 2610.1 -0.8045465350 0.0311408583 -0.5930725932 -0.0377687551 0.9939199686 0.1034245118 0.5926873684 0.1056094542 -0.7984787226
502.3 -677.0 2569.1 -0.8075131178 -0.0022771691 -0.5898451805 0.0449985638 0.9968405366 -0.0654526055 0.5881306529 -0.0793960243 -0.8048593402
678.4 -284.2 2539.0 0.0302951727 0.0454887487 0.9985053539 0.0443622917 0.9979183078 -0.0468079783 -0.9985560775 0.0457140431 0.0282141231
660.8 -671.5 2521.3 0.0474343523 -0.1251686811 0.9910008907 -0.0883217603 0.9877061248 0.1289800704 -0.9949619174 -0.0936450288 0.0357960835
385.8 -240.0 2638.4 0 0 0 0 0 0 0 0 0
810.5 -221.8 2564.7 0 0 0 0 0 0 0 0 0
503.2 -1048.9 2598.8 0 0 0 0 0 0 0 0 0
707.5 -1039.8 2556.2 0 0 0 0 0 0 0 0 0
534.2 286.1 2543.3 66 0.8882848024 -0.1339914352 0.4393135011 0.1046767607 0.9903877378 0.0904153883 -0.4472055733 -0.0343287028 0.8937721848
560.3 92.8 2550.1 0.8882848024 -0.1339914352 0.4393135011 0.1046767607 0.9903877378 0.0904153883 -0.4472055733 -0.0343287028 0.8937721848
583.8 -99.6 2556.3 0.8896555901 -0.1214069501 0.4401968122 0.0940365270 0.9920559525 0.0835589021 -0.4468445182 -0.0329440683 0.8940048218
439.0 79.9 2611.0 0.4679833353 -0.8562272191 -0.2187843025 0.5657863617 0.1001066342 0.8184524775 -0.6788794994 -0.5068072677 0.5312899351
354.4 -22.4 2733.7 -0.1513522118 -0.8562272191 -0.4939306378 0.8893851638 0.1001066342 -0.4460635185 0.4313774705 -0.5068072677 0.7463644147
681.7 105.6 2489.1 0.8262199163 0.4535298645 0.3341725171 -0.3673944771 -0.0158936214 0.9299294353 0.4270619750 -0.8910993338 0.1534927338
898.4 9.3 2601.1 -0.3337449729 0.4535298645 0.8263927102 -0.9301193953 -0.0158936214 -0.3669132292 -0.1532717347 -0.8910993338 0.4271413386
519.4 -295.5 2606.5 -0.7859765887 0.0389260761 -0.6170296669 -0.0239376836 0.9953516722 0.0932849720 0.6177927256 0.0880900621 -0.7813912630
504.3 -681.8 2572.3 -0.7873795629 0.0095229214 -0.6163949966 0.0489694327 0.9976872802 -0.0471396297 0.6145204902 -0.0673012957 -0.7860248685
681.0 -283.5 2530.7 0.0005829129 0.0617697835 0.9980902672 0.0315517969 0.9975923300 -0.0617573969 -0.9995019436 0.0315275416 -0.0013674382
657.0 -670.6 2518.5 0.0215047114 -0.1496423334 0.9885063171 -0.1055216789 0.9828725457 0.1510850787 -0.9941844344 -0.1075578928 0.0053458810
392.7 -247.5 2624.5 0 0 0 0 0 0 0 0 0
813.7 -226.6 2562.2 0 0 0 0 0 0 0 0 0
500.7 -1054.1 2597.5 0 0 0 0 0 0 0 0 0
712.8 -1037.2 2558.6 0 0 0 0 0 0 0 0 0
530.9 286.9 2554.7 67 0.8733792305 -0.1404292136 0.4663564563 0.1219961569 0.9900828600 0.0696626976 -0.4715141952 -0.0039482554 0.8818496466
558.3 93.9 2555.4 0.8733792305 -0.1404292136 0.4663564563 0.1219961569 0.9900828600 0.0696626976 -0.4715141952 -0.0039482554 0.8818496466
582.9 -98.5 2556.4 0.8749660254 -0.1278903335 0.4669887722 0.1102758124 0.9917737842 0.0649923459 -0.4714591205 -0.0053685289 0.8818715811
438.9 78.8 2619.7 0.4661268294 -0.8504548669 -0.2438284159 0.5955068469 0.0977812111 0.7973772287 -0.6542915106 -0.5168803930 0.5520301461
355.0 -28.4 2737.5 -0.1789835542 -0.8504548669 -0.4946629107 0.8701643944 0.0977812111 -0.4829624891 0.4591065347 -0.5168803930 0.7225342989
677.7 109.0 2491.1 0.8322968483 0.4346148074 0.3440812826 -0.3747860491 -0.0161522198 0.9269706011 0.4084328413 -0.9004715681 0.1494441330
898.7 9.5 2599.6 -0.3487141132 0.4346148074 0.8303664327 -0.9248676300 -0.0161522198 -0.3799459934 -0.1517179012 -0.9004715681 0.4075936675
527.6 -300.5 2602.6 -0.7643442154 0.0647506490 -0.6415491104 -0.0016014542 0.9947515726 0.1023068577 0.6448064446 0.0792250633 -0.7602289319
502.5 -686.4 2571.8 -0.7657954693 -0.0091478061 -0.6430191398 0.0490206331 0.9961591959 -0.0725521892 0.6412131190 -0.0870813429 -0.7624057531
686.8 -283.6 2522.7 -0.0320407376 0.0780323073 0.9964358211 0.0298213698 0.9965784550 -0.0770845637 -0.9990415573 0.0272452366 -0.0342581384
656.5 -670.3 2512.1 -0.0011385947 -0.1580065936 0.9874374270 -0.1639952660 0.9740987420 0.1556830853 -0.9864604473 -0.1617577970 -0.0270214379
400.3 -248.8 2621.2 0 0 0 0 0 0 0 0 0
810.2 -225.2 2561.1 0 0 0 0 0 0 0 0 0
505.9 -1058.1 2604.3 0 0 0 0 0 0 0 0 0
715.4 -1033.3 2572.4 0 0 0 0 0 0 0 0 0
526.6 287.3 2559.3 68 0.8693029881 -0.1520538181 0.4703105390 0.1395602673 0.9882979393 0.0615642741 -0.4741680026 0.0121186571 0.8803510070
556.3 94.6 2557.0 0.8693029881 -0.1520538181 0.4703105390 0.1395602673 0.9882979393 0.0615642741 -0.4741680026 0.0121186571 0.8803510070
583.8 -97.5 2555.2 0.8708549142 -0.1419571489 0.4705952406 0.1291186213 0.9898335338 0.0596486181 -0.4742785096 0.0088173179 0.8803306818
437.4 76.9 2621.7 0.4565832317 -0.8517184854 -0.2571134567 0.6184018850 0.0960543379 0.7799696326 -0.6396177411 -0.5151205063 0.5705611110
355.8 -33.6 2735.9 -0.1873050183 -0.8517184854 -0.4893796146 0.8622974753 0.0960543379 -0.4972088635 0.4704890251 -0.5151205063 0.7164432406
675.2 112.2 2492.2 0.8344444036 0.4429728985 0.3278377354 -0.3653249741 -0.0007542889 0.9308797121 0.4126017690 -0.8965346813 0.1611996591
901.8 13.0 2604.3 -0.3664647341 0.4429728985 0.8182167411 -0.9127953649 -0.0007542889 -0.4084164798 -0.1803002506 -0.8965346813 0.4046200216
529.3 -300.8 2599.5 -0.7595888376 0.0654618666 -0.6471008658 0.0008880600 0.9950255752 0.0996161103 0.6504029036 0.0750926286 -0.7558684349
503.9 -687.0 2570.4 -0.7609545588 -0.0019279846 -0.6488022804 0.0581506751 0.9957683086 -0.0711616650 0.6461939216 -0.0918790847 -0.7576223612
685.9 -280.9 2515.2 -0.0389665104 0.0853993595 0.9955845475 0.0253578555 0.9961048961 -0.0844515041 -0.9989187121 0.0219551083 -0.0409802757
652.8 -667.6 2506.7 0.0006145058 -0.1767173409 0.9842614532 -0.1957114041 0.9652062654 0.1734182984 -0.9806613326 -0.1927377582 -0.0339924730
403.3 -252.2 2616.6 0 0 0 0 0 0 0 0 0
808.9 -218.5 2558.6 0 0 0 0 0 0 0 0 0
504.6 -1058.6 2604.7 0 0 0 0 0 0 0 0 0
718.6 -1027.3 2578.5 0 0 0 0 0 0 0 0 0
525.5 290.5 2573.1 69 0.8654908538 -0.1619609296 0.4740192294 0.1686068922 0.9852628708 0.0287886374 -0.4716961980 0.0550066084 0.8800437450
557.0 98.7 2562.4 0.8654908538 -0.1619609296 0.4740192294 0.1686068922 0.9852628708 0.0287886374 -0.4716961980 0.0550066084 0.8800437450
586.5 -92.8 2553.8 0.8676472306 -0.1523479819 0.4732635915 0.1550736576 0.9873337150 0.0335311554 -0.4723774791 0.0442974977 0.8802824616
438.5 77.5 2626.9 0.4541803300 -0.8468366861 -0.2767451108 0.6599400640 0.1111129671 0.7430565357 -0.5984975696 -0.5201168656 0.6093267798
357.5 -40.3 2733.6 -0.1929087192 -0.8468366861 -0.4956347942 0.8471678495 0.1111129671 -0.5195773244 0.4950685799 -0.5201168656 0.6959781647
675.5 119.9 2498.0 0.8316747546 0.4221951962 0.3606498539 -0.4025587142 0.0110977842 0.9153268933 0.3824442029 -0.9064370394 0.1791881025
899.3 11.5 2600.9 -0.3521950543 0.4221951962 0.8352903128 -0.9193632007 0.0110977842 -0.3932532370 -0.1752994955 -0.9064370394 0.3842421472
533.3 -301.1 2595.9 -0.7539319992 0.0719044134 -0.6530056000 0.0192373414 0.9959822893 0.0874600038 0.6566707492 0.0533768013 -0.7522861362
505.4 -687.6 2575.2 -0.7538706064 0.0120058022 -0.6569132209 0.0446606800 0.9984568954 -0.0330045074 0.6555032730 -0.0542193167 -0.7532434464
689.2 -277.9 2511.0 -0.0476016216 0.0886814520 0.9949219227 0.0042850263 0.9960600138 -0.0885778740 -0.9988572001 0.0000468161 -0.0477940738
654.8 -664.5 2511.0 -0.0177228805 -0.1659637243 0.9859725833 -0.1752434373 0.9713780880 0.1603571028 -0.9843655825 -0.1699432284 -0.0462996699
406.4 -255.1 2608.1 0 0 0 0 0 0 0 0 0
809.9 -221.7 2556.4 0 0 0 0 0 0 0 0 0
500.9 -1060.0 2595.4 0 0 0 0 0 0 0 0 0
716.7 -1026.7 2574.4 0 0 0 0 0 0 0 0 0
526.0 292.8 2578.1 70 0.8627983928 -0.1637139171 0.4783060551 0.1762830913 0.9841586947 0.0188659951 -0.4738176763 0.0680397153 0.8779905438
557.9 100.8 2564.8 0.8627983928 -0.1637139171 0.4783060551 0.1762830913 0.9841586947 0.0188659951 -0.4738176763 0.0680397153 0.8779905438
587.7 -90.6 2553.9 0.8651471138 -0.1537453532 0.4773707390 0.1617029011 0.9865310192 0.0246721338 -0.4747342765 0.0558472089 0.8783555627
439.7 78.7 2629.6 0.4504162371 -0.8515377045 -0.2683444619 0.6653279662 0.1197054908 0.7368916273 -0.5953686833 -0.5104450583 0.6204691529
356.6 -44.0 2739.4 -0.2017324567 -0.8515377045 -0.4839292765 0.8238251209 0.1197054908 -0.5540602803 0.5297322273 -0.5104450583 0.6773696542
676.1 122.9 2500.0 0.8299649358 0.4027037919 0.3859894574 -0.4225254655 0.0020866804 0.9063486457 0.3641845882 -0.9153279662 0.1718844771
895.9 11.0 2596.4 -0.3229857385 0.4027037919 0.8564519286 -0.9353488088 0.0020866804 -0.3537205756 -0.1442317516 -0.9153279662 0.3759945333
538.4 -298.2 2587.5 -0.7490004301 0.0841080472 -0.6572093964 0.0345138796 0.9955162406 0.0880693644 0.6616699696 0.0432811491 -0.7485449910
505.7 -684.6 2570.7 -0.7489166856 0.0130015844 -0.6625366211 0.0606204011 0.9969594479 -0.0489596762 0.6598855853 -0.0768299550 -0.7474277020
693.7 -270.4 2503.0 -0.0539212450 0.1081102267 0.9926755428 -0.0009965571 0.9941154718 -0.1083211750 -0.9985446930 -0.0068300706 -0.0534962043
651.8 -656.2 2505.6 -0.0166913047 -0.1772952378 0.9840161800 -0.2100201547 0.9628192186 0.1699136198 -0.9775545597 -0.2038271427 -0.0533062816
407.8 -252.9 2605.2 0 0 0 0 0 0 0 0 0
814.1 -226.1 2559.9 0 0 0 0 0 0 0 0 0
500.9 -1056.5 2599.3 0 0 0 0 0 0 0 0 0
717.9 -1015.2 2581.6 0 0 0 0 0 0 0 0 0
528.0 291.8 2579.5 71 0.8618201017 -0.1650891900 0.4795953631 0.1806472838 0.9834495783 0.0139105506 -0.4739543200 0.0746492073 0.8773794770
560.1 100.1 2565.0 0.8618201017 -0.1650891900 0.4795953631 0.1806472838 0.9834495783 0.0139105506 -0.4739543200 0.0746492073 0.8773794770
590.6 -91.2 2552.8 0.8638931513 -0.1571847051 0.4785202146 0.1679812968 0.9855774045 0.0204793923 -0.4748377800 0.0626904443 0.8778376579
442.1 77.1 2629.8 0.4648832381 -0.8464955091 -0.2594782412 0.6397646666 0.1185786799 0.7593683600 -0.6120333076 -0.5190226436 0.5966831446
355.2 -42.5 2744.3 -0.2168199271 -0.8464955091 -0.4862453341 0.8135914207 0.1185786799 -0.5692170858 0.5394980311 -0.5190226436 0.6629912257
678.2 123.0 2500.1 0.8280637264 0.3698219657 0.4213575721 -0.4490383267 -0.0124901403 0.8934251666 0.3356710672 -0.9290186763 0.1557216048
895.2 5.3 2588.1 -0.3047012091 0.3698219657 0.8777180314 -0.9462394118 -0.0124901403 -0.3232258558 -0.1085732058 -0.9290186763 0.3537458777
540.1 -296.5 2585.6 -0.7471534610 0.0871731266 -0.6589101553 0.0396084189 0.9954395890 0.0867827162 0.6634703279 0.0387416184 -0.7471988797
506.2 -682.9 2570.5 -0.7471620440 0.0113911685 -0.6645442843 0.0707266554 0.9955385923 -0.0624547228 0.6608680487 -0.0936647952 -0.7446343303
695.0 -267.5 2500.6 -0.0566682070 0.1173581630 0.9914715290 -0.0064850156 0.9930030704 -0.1179101095 -0.9983720183 -0.0131114628 -0.0555106364
649.5 -652.9 2505.7 -0.0230845455 -0.1844705045 0.9825668931 -0.1876579970 0.9661584496 0.1769810617 -0.9819630980 -0.1803010106 -0.0569206960
410.2 -248.9 2607.5 0 0 0 0 0 0 0 0 0
818.0 -234.5 2560.6 0 0 0 0 0 0 0 0 0
502.0 -1054.3 2605.5 0 0 0 0 0 0 0 0 0
718.3 -1013.3 2572.9 0 0 0 0 0 0 0 0 0
524.8 289.1 2580.7 72 0.8437301517 -0.1821461916 0.5049180388 0.1973018944 0.9800525904 0.0238519702 -0.4991907477 0.0794966519 0.8628376722
560.5 97.5 2565.2 0.8437301517 -0.1821461916 0.5049180388 0.1973018944 0.9800525904 0.0238519702 -0.4991907477 0.0794966519 0.8628376722
593.2 -93.3 2551.6 0.8466740847 -0.1688411236 0.5046143532 0.1808349788 0.9831815362 0.0255505443 -0.5004414916 0.0696189404 0.8629667163
444.8 72.8 2633.5 0.4953215420 -0.8370722532 -0.2323070616 0.5973938704 0.1340693682 0.7906616926 -0.6306957603 -0.5304105878 0.5664693117
353.4 -37.5 2750.0 -0.2156839371 -0.8370722532 -0.5027827024 0.8101165295 0.1340693682 -0.5707334280 0.5451529026 -0.5304105878 0.6492094398
676.1 122.2 2496.9 0.8271197677 0.3634298742 0.4287092090 -0.4584864080 -0.0048582358 0.8886881471 0.3250586092 -0.9316088557 0.1626093239
896.8 -0.2 2583.6 -0.3182730377 0.3634298742 0.8755689263 -0.9404680133 -0.0048582358 -0.3398475647 -0.1192570403 -0.9316088557 0.3433404267
543.7 -297.5 2583.1 -0.7257108688 0.0903569087 -0.6820405722 0.0453857668 0.9954663515 0.0835878626 0.6865012050 0.0297056846 -0.7265216112
508.7 -683.9 2571.6 -0.7254740000 0.0187006108 -0.6879954934 0.0744319707 0.9958996773 -0.0514167994 0.6842129827 -0.0885104090 -0.7238912582
698.5 -267.4 2498.1 -0.0880630016 0.1235124022 0.9884278178 -0.0161102619 0.9919765592 -0.1253911704 -0.9959846139 -0.0269661546 -0.0853666216
650.6 -652.4 2508.6 -0.0539247319 -0.1839076430 0.9814632535 -0.2040525824 0.9641817808 0.1694581211 -0.9774736166 -0.1911321282 -0.0895200744
408.1 -243.0 2611.7 0 0 0 0 0 0 0 0 0
816.1 -238.7 2553.4 0 0 0 0 0 0 0 0 0
501.7 -1055.6 2604.6 0 0 0 0 0 0 0 0 0
719.2 -1012.2 2579.9 0 0 0 0 0 0 0 0 0
525.2 286.2 2581.4 73 0.8365954161 -0.1810259372 0.5170471668 0.1977978498 0.9799715281 0.0230607409 -0.5108660460 0.0829783082 0.8556461930
560.5 95.3 2565.2 0.8365954161 -0.1810259372 0.5170471668 0.1977978498 0.9799715281 0.0230607409 -0.5108660460 0.0829783082 0.8556461930
593.6 -95.4 2551.0 0.8391124010 -0.1704961807 0.5165476203 0.1837451458 0.9826339483 0.0258495118 -0.5119845271 0.0732224807 0.8558681607
445.9 70.2 2635.1 0.5148327351 -0.8299652338 -0.2147206664 0.5530070066 0.1301275045 0.8229520321 -0.6550804973 -0.5424246788 0.5259704590
354.9 -27.6 2751.0 -0.2088755071 -0.8299652338 -0.5172318220 0.8291630149 0.1301275045 -0.5436501503 0.5185168386 -0.5424246788 0.6609960198
675.1 120.4 2495.3 0.8337098360 0.3513662517 0.4259925485 -0.4540538490 -0.0028383581 0.8909696937 0.3142657876 -0.9362338185 0.1571728289
899.6 -1.9 2579.9 -0.3347514272 0.3513662517 0.8743473291 -0.9342707992 -0.0028383581 -0.3565530181 -0.1227989793 -0.9362338185 0.3292213678
550.1 -300.3 2582.9 -0.7149811387 0.1095207483 -0.6905122995 0.0545505546 0.9933821559 0.1010747254 0.6970123649 0.0345986933 -0.7162238955
507.6 -685.9 2569.5 -0.7149385214 0.0107040564 -0.6991053820 0.0796578899 0.9946194291 -0.0662332699 0.6946347952 -0.1030419767 -0.7119444013
701.7 -267.9 2493.3 -0.1031390205 0.1315448731 0.9859301448 -0.0246958379 0.9905721545 -0.1347476691 -0.9943603277 -0.0382461138 -0.0989180282
650.7 -652.4 2508.1 -0.0707705691 -0.1827905476 0.9806014299 -0.2053671628 0.9646756649 0.1650004238 -0.9761228561 -0.1897061616 -0.1058098227
407.8 -237.9 2619.4 0 0 0 0 0 0 0 0 0
814.7 -238.9 2548.7 0 0 0 0 0 0 0 0 0
503.6 -1057.1 2607.9 0 0 0 0 0 0 0 0 0
718.9 -1012.4 2578.9 0 0 0 0 0 0 0 0 0
526.6 288.3 2582.2 74 0.8221236467 -0.1768321395 0.5411498547 0.1968652606 0.9802008867 0.0212204456 -0.5341880322 0.0890877694 0.8406584263
561.1 97.0 2564.8 0.8221236467 -0.1768321395 0.5411498547 0.1968652606 0.9802008867 0.0212204456 -0.5341880322 0.0890877694 0.8406584263
593.5 -93.7 2549.3 0.8244212866 -0.1671921462 0.5407183766 0.1837555617 0.9826866388 0.0236823782 -0.5353162289 0.0798357427 0.8408702612
448.5 71.9 2637.9 0.4759200811 -0.8630862236 -0.1690629721 0.5253369212 0.1248074248 0.8416912556 -0.7053518295 -0.4893927872 0.5128093958
371.3 -13.3 2752.3 -0.1444690078 -0.8630862236 -0.4839534163 0.8674896955 0.1248074248 -0.4815441370 0.4760150909 -0.4893927872 0.7306875587
673.6 122.2 2491.7 0.8569754362 0.2847074270 0.4295751452 -0.4311728179 -0.0604709089 0.9002406597 0.2822819948 -0.9567052722 0.0709360167
904.2 6.2 2567.6 -0.3245301545 0.2847074270 0.9020099044 -0.9451578259 -0.0604709089 -0.3209672868 -0.0368364118 -0.9567052722 0.2887180746
551.5 -302.6 2582.6 -0.6930050850 0.1123934686 -0.7121177316 0.0699487105 0.9935950041 0.0887476504 0.7175312638 0.0116908560 -0.6964281797
507.9 -688.2 2578.0 -0.6934173703 0.0086369216 -0.7204843760 0.0457932055 0.9984349608 -0.0321039520 0.7190794945 -0.0552547276 -0.6927276254
701.8 -269.7 2490.9 -0.1316758394 0.1318488866 0.9824852943 -0.0246872474 0.9903715253 -0.1362158805 -0.9909853935 -0.0421912000 -0.1271530241
650.6 -654.2 2507.2 -0.0993470773 -0.1821881086 0.9782319069 -0.2089025825 0.9650049806 0.1585090160 -0.9728770852 -0.1886077672 -0.1339299828
407.8 -232.6 2632.0 0 0 0 0 0 0 0 0 0
822.1 -232.8 2558.3 0 0 0 0 0 0 0 0 0
504.7 -1060.5 2598.6 0 0 0 0 0 0 0 0 0
718.6 -1014.4 2577.7 0 0 0 0 0 0 0 0 0
528.4 288.7 2582.6 75 0.8271315098 -0.1784503907 0.5329248309 0.2010230422 0.9794563055 0.0159719922 -0.5248267651 0.0939192250 0.8460118175
563.2 97.9 2564.3 0.8271315098 -0.1784503907 0.5329248309 0.2010230422 0.9794563055 0.0159719922 -0.5248267651 0.0939192250 0.8460118175
595.6 -92.9 2548.3 0.8299386501 -0.1669020057 0.5323021412 0.1850755215 0.9825306535 0.0195096042 -0.5262593627 0.0823243186 0.8463296294
449.8 72.6 2636.1 0.4181342721 -0.8916243911 -0.1736943573 0.5726913214 0.1103240401 0.8123134971 -0.7051158547 -0.4391293526 0.5567558408
384.0 -17.6 2747.1 -0.1108996347 -0.8916243911 -0.4389843643 0.8871057034 0.1103240401 -0.4481875002 0.4480454326 -0.4391293526 0.7787302136
676.5 123.1 2492.4 0.8658069372 0.2493151575 0.4338437021 -0.4305115342 -0.0707396194 0.8998087049 0.2550258934 -0.9658353329 0.0460862033
903.4 10.4 2559.2 -0.3014329076 0.2493151575 0.9203152657 -0.9534540176 -0.0707396194 -0.2931234241 -0.0079773655 -0.9658353329 0.2590337992
552.1 -300.9 2581.7 -0.6995351911 0.1140900627 -0.7054317594 0.0724089593 0.9934086204 0.0888610855 0.7109201550 0.0110818781 -0.7031854391
507.8 -686.5 2577.4 -0.7001560330 0.0149734104 -0.7138328552 0.0466170460 0.9986054897 -0.0247770548 0.7124664187 -0.0506245829 -0.6998776793
699.8 -268.0 2485.9 -0.1238171086 0.1264401674 0.9842165709 -0.0358866453 0.9906293750 -0.1317786425 -0.9916559458 -0.0516366810 -0.1181193516
650.7 -652.6 2505.9 -0.0955420136 -0.1763615012 0.9796776772 -0.2012762576 0.9672734141 0.1544992328 -0.9748638868 -0.1824246943 -0.1279126257
412.1 -242.0 2633.8 0 0 0 0 0 0 0 0 0
827.1 -231.0 2557.2 0 0 0 0 0 0 0 0 0
502.2 -1059.1 2596.3 0 0 0 0 0 0 0 0 0
716.5 -1013.6 2574.0 0 0 0 0 0 0 0 0 0
530.2 285.5 2582.8 76 0.8430302143 -0.1762616783 0.5081651807 0.1996425390 0.9798305035 0.0086623114 -0.4994426072 0.0941487998 0.8612160683
564.5 94.7 2564.4 0.8430302143 -0.1762616783 0.5081651807 0.1996425390 0.9798305035 0.0086623114 -0.4994426072 0.0941487998 0.8612160683
596.5 -96.1 2548.7 0.8458665609 -0.1649656892 0.5072435737 0.1833274513 0.9829527140 0.0139635131 -0.5008999705 0.0811804086 0.8616895676
449.0 69.6 2632.8 0.3607519567 -0.9118261933 -0.1960384250 0.6494266987 0.0947227180 0.7545015812 -0.6694049835 -0.3995005190 0.6263356209
389.9 -36.7 2742.4 -0.1091770157 -0.9118261933 -0.3957946897 0.8820537329 0.0947227180 -0.4615288079 0.4583247900 -0.3995005190 0.7939381003
680.0 119.7 2496.0 0.8687167764 0.2536993921 0.4254030883 -0.4279353917 -0.0480306782 0.9025322199 0.2494042814 -0.9660899043 0.0668418929
