476.8 257.7 2992.1 3 -0.8920169473 -0.0311357304 -0.4509282708 -0.1556275934 0.9577831030 0.2417262048 0.4243651628 0.2858007550 -0.8592043519
484.2 28.8 2923.8 -0.8920169473 -0.0311357304 -0.4509282708 -0.1556275934 0.9577831030 0.2417262048 0.4243651628 0.2858007550 -0.8592043519
464.4 -163.0 2902.6 -0.8849286437 0.1016686261 -0.4544939995 0.0400044732 0.9888682961 0.1433149278 0.4640053213 0.1086416841 -0.8791450858
604.6 23.3 2860.8 -0.3779839873 0.9231691360 0.0699061528 0.9212741256 0.3675904572 0.1270090491 0.0915540010 0.1124101207 -0.9894351363
686.5 -176.3 2841.0 -0.2093001306 0.9231691360 0.3224162459 0.7259701490 0.3675904572 -0.5812439919 -0.6551036239 0.1124101207 -0.7471299767
363.9 34.3 2986.8 -0.0929931253 0.0791710988 -0.9925140738 -0.9953016639 0.0196010619 0.0948178470 0.0269611645 0.9966683388 0.0769763589
341.9 -201.4 2993.2 -0.2527922392 0.0674506053 -0.9651665688 -0.9674898982 -0.0255647115 0.2516141534 -0.0077026775 0.9973950386 0.0717203394
516.2 -357.9 2832.9 -0.7745684385 -0.0681175515 -0.6288114190 -0.0892146677 0.9960104227 0.0019991242 0.6261665225 0.0576476566 -0.7775552869
542.6 -744.0 2810.6 -0.7775887251 -0.0279172659 -0.6281531453 -0.0300438739 0.9995224476 -0.0072309664 0.6280550361 0.0132494364 -0.7780561447
362.9 -351.7 2922.5 -0.5136449337 0.0646501034 0.8555637002 0.3105660379 0.9435511231 0.1151521280 -0.7998235226 0.3248563409 -0.5047283769
337.8 -717.9 2796.4 -0.4993398488 -0.1215385273 0.8578392267 0.0484004021 0.9846528172 0.1676788628 -0.8650532365 0.1252485067 -0.4857938886
739.0 -358.3 3005.2 0 0 0 0 0 0 0 0 0
275.8 -454.1 2991.2 0 0 0 0 0 0 0 0 0
549.1 -977.5 2807.5 0 0 0 0 0 0 0 0 0
370.2 -980.0 2763.1 0 0 0 0 0 0 0 0 0
471.7 264.8 3020.5 4 -0.8804071546 -0.0142737944 -0.4740037322 -0.1561523825 0.9525292516 0.2613512278 0.4477719665 0.3041123152 -0.8408424258
474.9 55.2 2953.6 -0.8804071546 -0.0142737944 -0.4740037322 -0.1561523825 0.9525292516 0.2613512278 0.4477719665 0.3041123152 -0.8408424258
463.2 -133.4 2914.2 -0.8778728843 0.0587710813 -0.4752737880 -0.0462368242 0.9774028063 0.2062665224 0.4766564667 0.2030509263 -0.8553180099
594.2 61.5 2889.3 -0.3873706758 0.9143603444 0.1178522781 0.9167753458 0.3685556948 0.1539145112 0.0972981900 0.1676660329 -0.9810306430
694.0 -174.6 2864.2 -0.1385604888 0.9143603444 0.3804552257 0.6739038229 0.3685556948 -0.6403283477 -0.7257097363 0.1676660329 -0.6672581434
355.5 48.8 3018.0 -0.0483048819 0.0950202197 -0.9943026900 -0.9964627624 -0.0731175318 0.0414223671 -0.0687649921 0.9927864671 0.0982160419
344.1 -185.9 3001.8 -0.2107451558 0.0851891339 -0.9738219976 -0.9725257158 -0.1190534234 0.2000499368 -0.0988947600 0.9892265201 0.1079385579
524.6 -341.7 2835.6 -0.7679002285 -0.0468378626 -0.6388548017 -0.0752907544 0.9970097542 0.0174029823 0.6361293793 0.0614636131 -0.7691304684
543.6 -744.8 2810.8 -0.7703675628 -0.0286367796 -0.6369566321 -0.0242797751 0.9995839000 -0.0155748622 0.6371375918 0.0034667957 -0.7707422972
366.0 -350.1 2922.4 -0.5438429713 0.0513436943 0.8376148343 0.2847426236 0.9502031803 0.1266314089 -0.7894026041 0.3073722422 -0.5313810706
346.0 -719.8 2802.9 -0.5359374881 -0.0942929834 0.8389754891 0.0827721730 0.9830873609 0.1633646637 -0.8401902914 0.1569970697 -0.5190685391
728.7 -343.5 3046.1 0 0 0 0 0 0 0 0 0
289.3 -438.8 2976.0 0 0 0 0 0 0 0 0 0
550.1 -974.1 2810.0 0 0 0 0 0 0 0 0 0
371.2 -981.9 2761.0 0 0 0 0 0 0 0 0 0
459.4 283.1 3049.2 5 -0.8827152848 -0.1013235077 -0.4588543475 -0.2558094561 0.9227198958 0.2883566022 0.3941767514 0.3719160557 -0.8404184580
485.2 47.7 2954.3 -0.8827152848 -0.1013235077 -0.4588543475 -0.2558094561 0.9227198958 0.2883566022 0.3941767514 0.3719160557 -0.8404184580
472.3 -141.6 2915.7 -0.8868703246 0.0656863749 -0.4573252201 -0.0342238694 0.9777824879 0.2068093270 0.4607491791 0.1990644932 -0.8649182320
606.1 52.4 2891.8 -0.4184728265 0.8944815397 0.1574268937 0.9043769240 0.3944423497 0.1628422886 0.0835635960 0.2105183303 -0.9740118980
698.7 -147.7 2873.3 -0.1173062995 0.8944815397 0.4314417243 0.6613944769 0.3944423497 -0.6379439831 -0.7408080101 0.2105183303 -0.6378757358
364.4 43.0 3016.9 -0.0573149435 0.0761320069 -0.9954491258 -0.9963038564 -0.0682614520 0.0521435216 -0.0639810115 0.9947584271 0.0797630176
350.8 -192.4 3001.8 -0.2187138945 0.0659445599 -0.9735581875 -0.9709511399 -0.1139349937 0.2104107589 -0.0970469043 0.9912971854 0.0889481157
531.6 -315.7 2831.9 -0.7805516124 -0.0296004675 -0.6243901253 -0.0514905415 0.9985282421 0.0170312170 0.6229670048 0.0454439297 -0.7809270024
543.1 -705.1 2814.2 -0.7811830044 -0.0257679094 -0.6237700582 -0.0324867591 0.9994719625 -0.0006031033 0.6234562397 0.0197931342 -0.7816076279
373.4 -325.6 2916.9 -0.5275189281 0.0523103476 0.8479312658 0.2636078894 0.9589157701 0.1048397794 -0.8076105118 0.2788263261 -0.5196356177
353.1 -698.1 2808.6 -0.5239434242 -0.0653822571 0.8492399454 0.1010977924 0.9852274656 0.1382246763 -0.8457319736 0.1582781971 -0.5095934272
728.3 -314.5 3060.1 0 0 0 0 0 0 0 0 0
293.8 -445.6 2976.5 0 0 0 0 0 0 0 0 0
550.1 -975.4 2808.8 0 0 0 0 0 0 0 0 0
371.7 -978.2 2763.6 0 0 0 0 0 0 0 0 0
463.9 289.2 3075.6 6 -0.8821821809 -0.0872353613 -0.4627575278 -0.2588129044 0.9107837677 0.3216967285 0.3934087455 0.4035627246 -0.8260548711
483.9 80.4 2983.1 -0.8821821809 -0.0872353613 -0.4627575278 -0.2588129044 0.9107837677 0.3216967285 0.3934087455 0.4035627246 -0.8260548711
480.6 -101.8 2922.2 -0.8870108724 0.0163756907 -0.4614580870 -0.1321073920 0.9485962391 0.2875984013 0.4424470067 0.3160649240 -0.8392518163
604.6 98.3 2923.6 -0.3836660385 0.8994703293 0.2091734558 0.9198515415 0.3521921039 0.1727248132 0.0816916078 0.2586771846 -0.9625033140
706.0 -144.8 2902.1 -0.0624879524 0.8994703293 0.4324909449 0.6895453334 0.3521921039 -0.6328411698 -0.7215417027 0.2586771846 -0.6422333121
363.2 62.6 3042.6 -0.0075656124 0.0731161237 -0.9972947240 -0.9829020500 -0.1840303838 -0.0060356613 -0.1839738488 0.9801973701 0.0732582957
361.4 -168.0 2999.4 -0.1709905863 0.0650806278 -0.9831209183 -0.9612810016 -0.2298749089 0.1519747972 -0.2161042094 0.9710417390 0.1018672138
547.6 -290.1 2826.3 -0.7867830992 0.0045965118 -0.6172124743 -0.0092244446 0.9997730255 0.0192042552 0.6171606779 0.0208030250 -0.7865620852
545.7 -715.2 2817.5 -0.7866608500 -0.0146457395 -0.6172115803 -0.0338204615 0.9992397428 0.0193946958 0.6164582968 0.0361314304 -0.7865580916
387.2 -313.6 2909.3 -0.5378116965 0.0521986298 0.8414474726 0.2284345627 0.9697670937 0.0858452395 -0.8115270734 0.2383842617 -0.5334760547
366.0 -707.0 2812.6 -0.5369223952 -0.0373267494 0.8428054452 0.1227108613 0.9849404097 0.1217965931 -0.8346594572 0.1688167006 -0.5242561698
721.8 -318.9 3084.2 0 0 0 0 0 0 0 0 0
317.1 -417.0 2943.4 0 0 0 0 0 0 0 0 0
549.4 -969.6 2808.3 0 0 0 0 0 0 0 0 0
376.4 -982.8 2765.3 0 0 0 0 0 0 0 0 0
460.7 305.7 3076.8 7 -0.8969762921 -0.1367930472 -0.4203822017 -0.2810419798 0.9104768038 0.3033931851 0.3412461877 0.3902815282 -0.8551206589
496.4 68.1 2974.9 -0.8969762921 -0.1367930472 -0.4203822017 -0.2810419798 0.9104768038 0.3033931851 0.3412461877 0.3902815282 -0.8551206589
491.5 -118.0 2924.9 -0.9086872339 0.0229643155 -0.4168454707 -0.0880383924 0.9654907584 0.2451056838 0.4080891609 0.2594228089 -0.8753073812
620.1 80.2 2919.9 -0.3224208653 0.9027503729 0.2847569585 0.9450085163 0.3243874907 0.0416128188 -0.0548056066 0.2825146019 -0.9576961398
711.4 -187.4 2935.4 0.0272160955 0.9027503729 0.4293029606 0.6123719215 0.3243874907 -0.7209531069 -0.7901011705 0.2825146019 -0.5439904332
372.6 56.1 3029.9 -0.0222431645 0.0249309838 -0.9994416833 -0.9919032454 -0.1255750209 0.0189429354 -0.1250326484 0.9917708039 0.0275223106
367.4 -177.4 3000.5 -0.1829015315 0.0163377225 -0.9829954505 -0.9690877199 -0.1713917255 0.1774651855 -0.1655779183 0.9850674868 0.0471804962
562.3 -282.3 2830.5 -0.8148046136 0.0476105362 -0.5777773857 0.0142460912 0.9979654551 0.0621448532 0.5795605779 0.0424048454 -0.8138251305
544.3 -659.7 2814.4 -0.8147242665 -0.0197552256 -0.5795119405 -0.0297522657 0.9995272160 0.0077548134 0.5790847540 0.0235598292 -0.8149268627
401.0 -299.1 2903.3 -0.4933782220 0.0708545893 0.8669242263 0.2224319726 0.9738147855 0.0469981544 -0.8408935666 0.2160195261 -0.4962193072
373.8 -673.8 2820.2 -0.4929838479 -0.0241069328 0.8697044253 0.1473098099 0.9828709960 0.1107449383 -0.8574769497 0.1827114522 -0.4809883535
704.5 -341.0 3133.6 0 0 0 0 0 0 0 0 0
319.9 -429.3 2957.5 0 0 0 0 0 0 0 0 0
550.3 -960.7 2807.3 0 0 0 0 0 0 0 0 0
381.3 -980.4 2763.2 0 0 0 0 0 0 0 0 0
469.4 298.4 3077.4 8 -0.9205546975 -0.1209975183 -0.3714010119 -0.2572581768 0.9032831192 0.3433625698 0.2939342260 0.4116299450 -0.8626490831
502.6 50.5 2964.4 -0.9205546975 -0.1209975183 -0.3714010119 -0.2572581768 0.9032831192 0.3433625698 0.2939342260 0.4116299450 -0.8626490831
503.2 -139.0 2928.5 -0.9329881072 -0.0061983033 -0.3598538935 -0.0729360953 0.9823616743 0.1721796989 0.3524394631 0.1868879497 -0.9169838428
629.7 60.7 2916.8 -0.3082704246 0.8785569668 0.3648383617 0.9353224635 0.3499087989 -0.0523041040 -0.1736122817 0.3251177073 -0.9296005964
720.1 -213.7 2967.7 0.0973147824 0.8785569668 0.4676190019 0.5352697968 0.3499087989 -0.7687978148 -0.8390566707 0.3251177073 -0.4362136722
375.6 40.2 3012.0 -0.0034198565 -0.0404245704 -0.9991767406 -0.9987429976 -0.0498291217 0.0054343524 -0.0500077792 0.9979393482 -0.0402033478
374.8 -195.0 3000.2 -0.1608542055 -0.0479848646 -0.9858109951 -0.9816617370 -0.0957533047 0.1648380160 -0.1023043990 0.9942478538 -0.0317025855
570.8 -301.2 2842.8 -0.8532955647 0.0589611642 -0.5180832744 0.0175636671 0.9962725639 0.0844543576 0.5211316943 0.0629650876 -0.8511505127
548.2 -682.9 2818.6 -0.8539205194 -0.0080071511 -0.5203418732 -0.0311687291 0.9988735318 0.0357793346 0.5194692016 0.0467711017 -0.8532081842
407.1 -313.7 2912.4 -0.4353755713 0.0450677872 0.8991201520 0.2139610797 0.9753084183 0.0547184199 -0.8744534254 0.2161997855 -0.4342682362
389.6 -690.6 2828.8 -0.4353922307 -0.0007716294 0.9002405405 0.2035515457 0.9740175605 0.0992805138 -0.8769266605 0.2264713049 -0.4239225984
695.7 -347.9 3178.0 0 0 0 0 0 0 0 0 0
333.0 -450.3 2973.6 0 0 0 0 0 0 0 0 0
550.5 -962.7 2805.5 0 0 0 0 0 0 0 0 0
389.9 -977.9 2762.0 0 0 0 0 0 0 0 0 0
480.0 246.3 3052.2 9 -0.9480398893 -0.1290786415 -0.2907904387 -0.2286442965 0.9119784236 0.3406128883 0.2212287486 0.3894021809 -0.8941050172
509.6 36.8 2962.7 -0.9480398893 -0.1290786415 -0.2907904387 -0.2286442965 0.9119784236 0.3406128883 0.2212287486 0.3894021809 -0.8941050172
509.3 -153.7 2929.0 -0.9602932930 -0.0003574095 -0.2789922357 -0.0490989313 0.9846082330 0.1677375138 0.2746381164 0.1747754365 -0.9455302358
640.1 43.7 2925.6 -0.2617958784 0.8579995036 0.4419273734 0.9405078888 0.3295580745 -0.0826822892 -0.2165820897 0.3939903080 -0.8932322264
718.6 -238.4 2990.6 0.1876932532 0.8579995036 0.4781298339 0.5128405690 0.3295580745 -0.7927080393 -0.8377146125 0.3939903080 -0.3781611323
379.1 29.9 2999.8 -0.0197133888 -0.1238846704 -0.9921007752 -0.9990140796 -0.0370373726 0.0244756546 -0.0397769660 0.9916051626 -0.1230323985
374.5 -206.1 2990.4 -0.1711895615 -0.1320015341 -0.9763553143 -0.9796324372 -0.0827561021 0.1829526424 -0.1049493849 0.9877889752 -0.1151460037
588.5 -324.2 2863.5 -0.8949372768 0.0834067613 -0.4383270442 0.0161682516 0.9877899885 0.1549500376 0.4458989501 0.1315835714 -0.8853586316
556.5 -704.2 2812.9 -0.8952482939 0.0191024337 -0.4451579452 0.0036008384 0.9993581176 0.0356424674 0.4455530643 0.0303059146 -0.8947424293
421.2 -336.1 2924.6 -0.3547878265 0.0600114688 0.9330188632 0.2486862242 0.9680453539 0.0323005505 -0.9012662172 0.2434887886 -0.3583747447
398.0 -710.8 2830.4 -0.3548117876 -0.0022314088 0.9349350929 0.2553515434 0.9617455602 0.0992023796 -0.8993909955 0.2739352882 -0.3406688571
671.5 -367.2 3201.0 0 0 0 0 0 0 0 0 0
329.8 -461.5 2963.1 0 0 0 0 0 0 0 0 0
551.6 -959.8 2805.1 0 0 0 0 0 0 0 0 0
398.6 -967.7 2757.2 0 0 0 0 0 0 0 0 0
501.6 231.8 3063.1 0 -0.9590630531 -0.0557601787 -0.2776488662 -0.1591357440 0.9171032906 0.3655097485 0.2342518121 0.3947307467 -0.8884332776
513.4 37.6 2979.5 -0.9590630531 -0.0557601787 -0.2776488662 -0.1591357440 0.9171032906 0.3655097485 0.2342518121 0.3947307467 -0.8884332776
512.0 -149.3 2930.7 -0.9615664482 0.0065437383 -0.2744943798 -0.0632735491 0.9675282240 0.2447153032 0.2671824098 0.2526782453 -0.9299286604
644.4 46.3 2943.3 -0.2517878711 0.8586592674 0.4464382529 0.9568247795 0.2900886238 -0.0183012970 -0.1452212334 0.4225551188 -0.8946272731
720.7 -243.6 2987.3 0.1990182847 0.8586592674 0.4723303616 0.5710326433 0.2900886238 -0.7679650784 -0.7964379787 0.4225551188 -0.4325895309
382.4 28.9 3015.7 -0.0260536987 -0.1275326610 -0.9914920926 -0.9925202727 -0.1150330827 0.0408770777 -0.1192675605 0.9851410389 -0.1235817149
376.2 -205.2 2987.6 -0.1778374910 -0.1359551251 -0.9746230245 -0.9668650031 -0.1601970643 0.1987686157 -0.1831553578 0.9776774049 -0.1029612049
595.2 -340.8 2871.7 -0.8951749206 0.0819674954 -0.4381132722 0.0003651536 0.9830793142 0.1831801832 0.4457149208 0.1638183296 -0.8800578117
563.5 -720.6 2808.4 -0.8927909136 0.0654756799 -0.4456874728 0.0679782033 0.9976326823 0.0103892554 0.4453126490 -0.0210216008 -0.8951283097
423.7 -349.1 2919.9 -0.3554693758 0.0556253456 0.9330312610 0.2338633686 0.9717699289 0.0311631877 -0.9049582481 0.2292793989 -0.3584432006
402.1 -725.8 2831.0 -0.3560120761 -0.0283485297 0.9340512753 0.2504818738 0.9600684643 0.1246089041 -0.9002856612 0.2783252001 -0.3346951902
670.6 -387.4 3187.9 0 0 0 0 0 0 0 0 0
329.9 -456.9 2939.9 0 0 0 0 0 0 0 0 0
543.0 -1033.9 2815.0 0 0 0 0 0 0 0 0 0
409.3 -967.7 2760.9 0 0 0 0 0 0 0 0 0
511.7 237.4 3070.5 1 -0.9717690349 -0.0205784254 -0.2350350320 -0.1081922054 0.9241396189 0.3664155900 0.2096649259 0.3815002739 -0.9002767205
515.9 48.7 2992.6 -0.9717690349 -0.0205784254 -0.2350350320 -0.1081922054 0.9241396189 0.3664155900 0.2096649259 0.3815002739 -0.9002767205
513.8 -136.5 2936.3 -0.9720210433 0.0111767463 -0.2346276343 -0.0577698946 0.9568120837 0.2849093378 0.2276789099 0.2904922664 -0.9293957949
648.4 56.5 2961.6 -0.2303032875 0.8459991217 0.4808803201 0.9658012390 0.2592011392 0.0065364651 -0.1191148907 0.4659401774 -0.8767618537
718.7 -238.2 2998.0 0.2399141043 0.8459991217 0.4761582911 0.5953591466 0.2592011392 -0.7605013251 -0.7668042183 0.4659401774 -0.4414872825
383.4 40.8 3023.5 -0.0349551998 -0.1672679782 -0.9852916002 -0.9866456389 -0.1511624902 0.0606653318 -0.1590865105 0.9742542505 -0.1597503126
375.1 -192.2 2986.0 -0.1836668253 -0.1760115176 -0.9671021104 -0.9562528729 -0.1959037632 0.2172606587 -0.2276993096 0.9646977186 -0.1323304921
596.8 -331.1 2858.5 -0.9101187587 0.0776281431 -0.4070107639 0.0156997275 0.9880484939 0.1533417702 0.4140500128 0.1331692636 -0.9004601836
566.8 -713.6 2807.0 -0.9070122242 0.0798946843 -0.4134557545 0.0736194327 0.9968008399 0.0311166737 0.4146190882 -0.0022151719 -0.9099923372
424.8 -342.1 2905.8 -0.3222700357 0.0367949829 0.9459324479 0.1629332155 0.9864882827 0.0171372462 -0.9325206876 0.1596466452 -0.3239107132
410.5 -723.8 2844.0 -0.3276031315 -0.0383467339 0.9440369010 0.2579919696 0.9575734735 0.1284258962 -0.9089094400 0.2856266797 -0.3038109243
658.1 -388.5 3191.6 0 0 0 0 0 0 0 0 0
327.2 -441.4 2926.6 0 0 0 0 0 0 0 0 0
539.3 -1056.1 2807.7 0 0 0 0 0 0 0 0 0
420.5 -972.4 2769.9 0 0 0 0 0 0 0 0 0
507.4 243.5 3086.2 2 -0.9737229943 -0.0258933939 -0.2262587696 -0.1141590476 0.9151719809 0.3865590990 0.1970563531 0.4022309482 -0.8940799832
512.6 58.9 3005.1 -0.9737229943 -0.0258933939 -0.2262587696 -0.1141590476 0.9151719809 0.3865590990 0.1970563531 0.4022309482 -0.8940799832
513.9 -123.3 2940.0 -0.9742887616 -0.0061658965 -0.2252186686 -0.0813916251 0.9417504668 0.3263149261 0.2100877613 0.3362558484 -0.9180387259
645.5 69.9 2976.6 -0.2413484454 0.8355007768 0.4936490357 0.9673227668 0.2478523850 0.0534407459 -0.0777023137 0.4904157817 -0.8680176735
719.4 -226.1 3000.4 0.2432289124 0.8355007768 0.4927252233 0.6334806681 0.2478523850 -0.7329879999 -0.7345351577 0.4904157817 -0.4689887464
379.7 47.9 3033.7 -0.0189306252 -0.1790786386 -0.9836525917 -0.9782457948 -0.1999617368 0.0552305542 -0.2065834999 0.9632996321 -0.1713975370
375.2 -183.3 2984.9 -0.1671808362 -0.1870861501 -0.9680131078 -0.9465035200 -0.2444085330 0.2107024342 -0.2760101855 0.9514532089 -0.1362172812
598.8 -316.8 2860.0 -0.9141159058 0.0724863485 -0.3989208639 0.0124974623 0.9884591103 0.1509714574 0.4052603245 0.1330199093 -0.9044721127
570.7 -700.0 2808.4 -0.9109893441 0.0769035146 -0.4051965773 0.0808557495 0.9966984987 0.0073813358 0.4044264853 -0.0260381550 -0.9141997695
424.9 -326.8 2900.5 -0.3136928380 0.0307391323 0.9490268230 0.1051622182 0.9944518209 0.0025500299 -0.9436830878 0.1006016880 -0.3151850104
413.0 -711.6 2861.6 -0.3275289536 -0.0590730458 0.9429926872 0.2624949217 0.9530649185 0.1508761793 -0.9076459408 0.2969470918 -0.2966499925
657.9 -386.3 3186.1 0 0 0 0 0 0 0 0 0
331.6 -430.0 2912.9 0 0 0 0 0 0 0 0 0
543.1 -1057.1 2817.8 0 0 0 0 0 0 0 0 0
429.2 -972.6 2780.3 0 0 0 0 0 0 0 0 0
506.0 233.8 3078.6 3 -0.9716323614 -0.0340579189 -0.2340313345 -0.1167706698 0.9296263456 0.3495131135 0.2056580186 0.3669262528 -0.9072319865
512.8 48.2 3005.3 -0.9716323614 -0.0340579189 -0.2340313345 -0.1167706698 0.9296263456 0.3495131135 0.2056580186 0.3669262528 -0.9072319865
517.6 -135.2 2943.0 -0.9722368121 -0.0244558100 -0.2327175289 -0.0973876417 0.9465880990 0.3073866963 0.2127702683 0.3215164542 -0.9226895571
645.5 61.4 2976.3 -0.2598426938 0.8311496377 0.4916014969 0.9611287713 0.2718141377 0.0484621376 -0.0933449417 0.4850848615 -0.8694707751
725.2 -233.4 3005.0 0.2303300202 0.8311496377 0.5061011314 0.6257190704 0.2718141377 -0.7311584949 -0.7452675104 0.4850848615 -0.4574592412
380.1 34.9 3034.3 0.0000997329 -0.1739538759 -0.9847537875 -0.9815569520 -0.1882723719 0.0331583545 -0.1911699623 0.9665886164 -0.1707644165
380.1 -197.3 2989.1 -0.1487006694 -0.1810940355 -0.9721589684 -0.9538564086 -0.2330610454 0.1893157959 -0.2608563304 0.9554514885 -0.1380813718
602.4 -298.5 2856.3 -0.9120151401 0.0762115642 -0.4030138552 0.0267437361 0.9915441275 0.1269843131 0.4092836976 0.1050335169 -0.9063414335
572.9 -683.1 2815.6 -0.9097502828 0.0767949671 -0.4079913199 0.0647632554 0.9969632030 0.0432444587 0.4100733101 0.0129188141 -0.9119610786
428.0 -312.9 2893.7 -0.3175778091 0.0384034291 0.9474542141 0.0534992777 0.9983136654 -0.0225324705 -0.9467217922 0.0435323045 -0.3190968037
413.2 -699.2 2876.8 -0.3388866782 -0.0668721348 0.9384476542 0.2572341263 0.9528781176 0.1607912928 -0.9049786925 0.2958907783 -0.3057159185
666.9 -391.9 3193.7 0 0 0 0 0 0 0 0 0
341.3 -446.3 2921.0 0 0 0 0 0 0 0 0 0
544.8 -1047.5 2810.8 0 0 0 0 0 0 0 0 0
431.9 -965.9 2794.0 0 0 0 0 0 0 0 0 0
510.5 228.5 3090.3 4 -0.9771618247 -0.0181715097 -0.2117181718 -0.1021324098 0.9138729572 0.3929442167 0.1863431334 0.4055933952 -0.8948576450
514.1 46.9 3009.7 -0.9771618247 -0.0181715097 -0.2117181718 -0.1021324098 0.9138729572 0.3929442167 0.1863431334 0.4055933952 -0.8948576450
517.9 -134.6 2941.7 -0.9773802757 -0.0189949907 -0.2106347233 -0.0912568942 0.9363471270 0.3390076756 0.1907877773 0.3505612910 -0.9169006348
647.6 59.3 2983.7 -0.2457949370 0.8247468472 0.5092911124 0.9669120908 0.2456395179 0.0688637272 -0.0683068782 0.5093660951 -0.8578346968
723.0 -237.5 3004.7 0.2530404627 0.8247468472 0.5057302713 0.6452254057 0.2456395179 -0.7234261632 -0.7208708525 0.5093660951 -0.4699908793
380.7 34.6 3035.8 -0.0081677949 -0.1953083426 -0.9807078838 -0.9750293493 -0.2161033899 0.0511575751 -0.2219257951 0.9566367865 -0.1886662841
378.7 -196.2 2983.3 -0.1551807672 -0.2027720064 -0.9668518305 -0.9432634115 -0.2604117393 0.2060093880 -0.2935524881 0.9439646602 -0.1508565247
609.5 -310.0 2861.7 -0.9167974591 0.1073097289 -0.3846649230 0.0534527078 0.9875279069 0.1480926573 0.3957591057 0.1152095795 -0.9110990763
567.9 -693.0 2817.0 -0.9178084731 0.0578100160 -0.3927920461 0.0379292332 0.9975844026 0.0581951626 0.3952074945 0.0385137126 -0.9177841544
435.4 -327.4 2899.7 -0.2987332344 0.0563549213 0.9526712894 0.0764018819 0.9964630604 -0.0349877439 -0.9512734413 0.0623338744 -0.3019822538
413.5 -713.5 2875.6 -0.3140006065 -0.0655477121 0.9471573830 0.2393242568 0.9599345326 0.1457724720 -0.9187641144 0.2724503875 -0.2857328653
658.9 -401.0 3187.3 0 0 0 0 0 0 0 0 0
338.2 -442.5 2906.6 0 0 0 0 0 0 0 0 0
546.5 -1061.4 2802.8 0 0 0 0 0 0 0 0 0
430.6 -963.9 2804.5 0 0 0 0 0 0 0 0 0
518.8 196.8 3058.1 5 -0.9898536801 0.0186826736 -0.1408567280 -0.0258957390 0.9509964585 0.3081155419 0.1397106647 0.3086369038 -0.9408635497
515.1 10.3 2997.6 -0.9898536801 0.0186826736 -0.1408567280 -0.0258957390 0.9509964585 0.3081155419 0.1397106647 0.3086369038 -0.9408635497
512.7 -175.4 2943.8 -0.9899069071 0.0102812164 -0.1413457245 -0.0294078663 0.9607536793 0.2758397162 0.1386343986 0.2772123218 -0.9507543445
649.9 14.5 2979.0 -0.1890974641 0.8072244525 0.5591340065 0.9696524739 0.2433639169 -0.0234120749 -0.1549718380 0.5377384424 -0.8287466764
707.7 -281.9 3026.4 0.3268581331 0.8072244525 0.4914798141 0.5742912292 0.2433639169 -0.7816416025 -0.7505686879 0.5377384424 -0.3840364516
380.3 6.0 3016.2 -0.0493274443 -0.2592566311 -0.9645479918 -0.9875884056 -0.1315209717 0.0858566910 -0.1491172016 0.9568114877 -0.2495512515
368.7 -227.0 2981.0 -0.1902016401 -0.2684295177 -0.9443351626 -0.9540661573 -0.1762567908 0.2422629893 -0.2314760238 0.9470370412 -0.2225751728
603.3 -337.0 2870.1 -0.9439624548 0.0975427851 -0.3153098226 0.0442222580 0.9840960503 0.1720445007 0.3270768523 0.1484598368 -0.9332633018
568.1 -691.7 2816.6 -0.9441499114 0.0527799167 -0.3252616823 0.0407827646 0.9982163906 0.0435979217 0.3269826472 0.0278979037 -0.9446184635
428.8 -342.9 2898.0 -0.2387430668 0.0656755120 0.9688593745 0.0415730998 0.9974869490 -0.0573717654 -0.9701924920 0.0265813749 -0.2408734262
404.7 -710.3 2888.2 -0.2591900527 -0.0757038295 0.9628548622 0.2391210198 0.9608562589 0.1399154663 -0.9357572794 0.2665035129 -0.2309420109
625.3 -426.7 3215.7 0 0 0 0 0 0 0 0 0
319.1 -475.7 2920.7 0 0 0 0 0 0 0 0 0
550.7 -1021.4 2807.3 0 0 0 0 0 0 0 0 0
424.5 -961.7 2818.5 0 0 0 0 0 0 0 0 0
518.0 204.6 3081.0 6 -0.9974182844 0.0189486016 -0.0692652017 -0.0082575772 0.9278952479 0.3727495968 0.0713339373 0.3723592162 -0.9253432155
514.3 23.0 3008.1 -0.9974182844 0.0189486016 -0.0692652017 -0.0082575772 0.9278952479 0.3727495968 0.0713339373 0.3723592162 -0.9253432155
510.7 -160.3 2946.0 -0.9973477721 0.0188244395 -0.0703071281 -0.0047555994 0.9470565915 0.3210314214 0.0726280659 0.3205143213 -0.9444552660
650.0 23.5 2998.4 -0.1526716501 0.7761131525 0.6118330956 0.9807010293 0.1954860985 -0.0032591873 -0.1221343577 0.5995277762 -0.7909801602
696.7 -276.8 3035.8 0.3916255534 0.7761131525 0.4942446649 0.5957430005 0.1954860985 -0.7790220976 -0.7012272477 0.5995277762 -0.3858066499
378.6 22.4 3017.9 -0.0643497035 -0.3256585002 -0.9432951212 -0.9784136415 -0.1654275209 0.1238567904 -0.1963819861 0.9309029579 -0.3079834878
363.4 -208.7 2971.6 -0.1983307600 -0.3352525830 -0.9210160971 -0.9374871850 -0.2092871368 0.2780587673 -0.2859767377 0.9185883999 -0.2727869153
596.8 -356.5 2880.0 -0.9644278288 0.0784281418 -0.2524439991 0.0339584649 0.9838194847 0.1759148389 0.2621560097 0.1610845625 -0.9514862299
566.2 -739.7 2817.3 -0.9637417793 0.0576507486 -0.2605344951 0.0473357551 0.9978330731 0.0456998348 0.2626045644 0.0317102410 -0.9643823504
420.2 -356.2 2898.2 -0.1768506467 0.0444248617 0.9832345843 0.0306656044 0.9987445474 -0.0396099351 -0.9837598801 0.0231464412 -0.1779909283
402.7 -750.6 2889.1 -0.1914331913 -0.0488983467 0.9802868366 0.2394296974 0.9662592411 0.0949551314 -0.9518543482 0.2528873384 -0.1732663661
598.0 -427.0 3212.6 0 0 0 0 0 0 0 0 0
311.7 -453.0 2897.0 0 0 0 0 0 0 0 0 0
551.4 -996.9 2809.1 0 0 0 0 0 0 0 0 0
412.9 -952.4 2836.3 0 0 0 0 0 0 0 0 0
492.9 247.8 3079.5 7 -0.9950371385 -0.0945856050 -0.0308973808 -0.0994157791 0.9319241047 0.3487606645 -0.0041937255 0.3501015007 -0.9367023706
515.2 28.5 2997.1 -0.9950371385 -0.0945856050 -0.0308973808 -0.0994157791 0.9319241047 0.3487606645 -0.0041937255 0.3501015007 -0.9367023706
514.9 -158.7 2949.2 -0.9996653795 -0.0001823518 -0.0258679911 -0.0065912777 0.9687657952 0.2478899807 0.0250148214 0.2479775250 -0.9684427977
651.3 29.6 2993.7 -0.1484317034 0.7446877360 0.6506982446 0.9674962163 0.2455779761 -0.0603533275 -0.2047415525 0.6205897331 -0.7569341063
696.7 -266.3 3056.3 0.4241944551 0.7446877360 0.5152661800 0.5437154174 0.2455779761 -0.8025366068 -0.7241771817 0.6205897331 -0.3007253706
379.0 27.4 3000.5 -0.0533067882 -0.3694660068 -0.9277139902 -0.9909671545 -0.0949121639 0.0947405025 -0.1230547354 0.9243844151 -0.3610692024
366.5 -206.4 2971.4 -0.1830428690 -0.3783693314 -0.9073764086 -0.9577785134 -0.1395159215 0.2513874769 -0.2217107713 0.9150803089 -0.3368566036
595.5 -342.5 2879.0 -0.9765267968 0.0747022405 -0.2020272613 0.0402462892 0.9846962690 0.1695684046 0.2116026282 0.1574572325 -0.9645888209
566.4 -725.2 2817.8 -0.9768006802 0.0431481674 -0.2097584605 0.0343086086 0.9983704090 0.0456009284 0.2113842368 0.0373464972 -0.9766892791
417.4 -340.0 2888.2 -0.1300130785 0.0440441594 0.9905335307 -0.0621784404 0.9966844320 -0.0524789244 -0.9895607233 -0.0684127808 -0.1268434227
400.2 -728.6 2914.9 -0.1413663030 -0.0105304932 0.9899013638 0.2695752978 0.9617456198 0.0487286113 -0.9525464177 0.2737415433 -0.1331196725
589.6 -403.6 3239.2 0 0 0 0 0 0 0 0 0
318.8 -455.9 2913.7 0 0 0 0 0 0 0 0 0
555.3 -983.2 2808.1 0 0 0 0 0 0 0 0 0
402.5 -939.8 2854.8 0 0 0 0 0 0 0 0 0
506.9 229.5 3042.9 8 -0.9985598326 -0.0320079587 -0.0430551991 -0.0416581407 0.9682949781 0.2463117689 0.0338061936 0.2477506399 -0.9682338238
513.8 22.7 2990.0 -0.9985598326 -0.0320079587 -0.0430551991 -0.0416581407 0.9682949781 0.2463117689 0.0338061936 0.2477506399 -0.9682338238
509.4 -167.2 2954.5 -0.9988335967 0.0224359427 -0.0427553095 0.0141441729 0.9826007485 0.1851909906 0.0461663343 0.1843702495 -0.9817720056
650.0 20.8 2983.8 -0.1373713017 0.7623055577 0.6324708462 0.9544617534 0.2725878060 -0.1212380901 -0.2648243010 0.5870145559 -0.7650372386
692.0 -271.4 3064.9 0.4168093801 0.7623055577 0.4951364994 0.4870998263 0.2725878060 -0.8297166228 -0.7674657702 0.5870145559 -0.2577017248
377.6 24.6 2996.2 -0.0722599998 -0.3506842852 -0.9337018132 -0.9957681894 -0.0279306006 0.0875536799 -0.0567825511 0.9360771179 -0.3471819758
360.5 -210.3 2982.8 -0.2038951963 -0.3605650663 -0.9101755619 -0.9666525126 -0.0730011687 0.2454663515 -0.1549504697 0.9298729300 -0.3336565197
603.6 -344.9 2899.9 -0.9724300504 0.1038200110 -0.2088090628 0.0561678894 0.9733428359 0.2223711908 0.2263293862 0.2045120597 -0.9523391128
563.3 -722.4 2820.6 -0.9744054079 0.0214661099 -0.2237707675 0.0108947558 0.9987700582 0.0483700298 0.2245338559 0.0446940884 -0.9734408259
425.0 -344.7 2902.5 -0.1447235793 0.1010823175 0.9842954278 -0.0240063835 0.9941166639 -0.1056206375 -0.9891808629 -0.0389151685 -0.1414455026
385.7 -730.7 2917.6 -0.1461558044 0.0072244103 0.9892352223 0.1729780585 0.9847544432 0.0183651727 -0.9740210772 0.1738001555 -0.1451772302
586.8 -394.4 3258.7 0 0 0 0 0 0 0 0 0
307.5 -461.9 2942.5 0 0 0 0 0 0 0 0 0
557.8 -977.2 2809.2 0 0 0 0 0 0 0 0 0
384.1 -948.8 2879.1 0 0 0 0 0 0 0 0 0
505.1 235.3 3073.4 9 -0.9994405508 -0.0191085767 -0.0274480935 -0.0277988333 0.9309371114 0.3641199172 0.0185946357 0.3646792471 -0.9309475422
509.5 21.6 2989.7 -0.9994405508 -0.0191085767 -0.0274480935 -0.0277988333 0.9309371114 0.3641199172 0.0185946357 0.3646792471 -0.9309475422
505.2 -169.8 2961.5 -0.9993733168 0.0219508372 -0.0277703386 0.0176551808 0.9890623093 0.1464378834 0.0306810290 0.1458558142 -0.9888299704
645.9 19.2 2985.6 -0.1308669150 0.7544569969 0.6431706548 0.9435356855 0.2939258814 -0.1528005451 -0.3043259382 0.5868579149 -0.7503222823
686.0 -270.1 3078.9 0.4291051626 0.7544569969 0.4966521859 0.4556888342 0.2939258814 -0.8402114511 -0.7798823118 0.5868579149 -0.2176725119
373.1 23.9 2993.8 -0.0738584027 -0.3645833135 -0.9282370210 -0.9970949888 0.0096240100 0.0755573064 -0.0186135713 0.9311210513 -0.3642350137
355.7 -211.6 2989.4 -0.2038296610 -0.3744871914 -0.9045511484 -0.9716478586 -0.0356874019 0.2337237895 -0.1198076457 0.9265450835 -0.3565955460
594.1 -358.1 2915.3 -0.9780041575 0.0939707682 -0.1862186790 0.0424521342 0.9637570977 0.2633819282 0.2042197734 0.2496832311 -0.9465476871
557.7 -731.7 2818.5 -0.9790540338 -0.0017326915 -0.2035931200 -0.0056458362 0.9998102784 0.0186411813 0.2035221905 0.0194001775 -0.9788780808
415.5 -354.8 2922.5 -0.1218923926 0.1102270037 0.9864037037 0.0133509533 0.9939064384 -0.1094155908 -0.9924535155 -0.0001674990 -0.1226212680
372.7 -740.4 2922.5 -0.1188607737 0.0360926501 0.9922547340 0.1140017286 0.9932263494 -0.0224718880 -0.9863446355 0.1104477271 -0.1221702769
577.5 -385.4 3276.2 0 0 0 0 0 0 0 0 0
302.5 -465.0 2958.2 0 0 0 0 0 0 0 0 0
558.1 -976.6 2813.7 0 0 0 0 0 0 0 0 0
364.9 -955.9 2898.6 0 0 0 0 0 0 0 0 0
502.3 214.8 3088.7 0 -0.9993011355 -0.0042309640 -0.0371400453 -0.0178726800 0.9267246127 0.3753159344 0.0328306444 0.3757174313 -0.9261525869
503.2 18.5 3009.1 -0.9993011355 -0.0042309640 -0.0371400453 -0.0178726800 0.9267246127 0.3753159344 0.0328306444 0.3757174313 -0.9261525869
500.5 -169.8 2965.8 -0.9991983175 0.0130682522 -0.0378406271 0.0042386758 0.9744420052 0.2245992422 0.0398086160 0.2242587954 -0.9737161994
639.6 18.0 3003.8 -0.1434198320 0.7558943629 0.6387913823 0.9633250237 0.2545443177 -0.0849239677 -0.2267942727 0.6031839848 -0.7646786571
683.5 -276.9 3073.2 0.4181722701 0.7558943629 0.5037416816 0.5211772919 0.2545443177 -0.8146050572 -0.7439799309 0.6031839848 -0.2875116169
366.7 19.0 3014.4 -0.0640827343 -0.3565883040 -0.9320612550 -0.9931272268 -0.0688724890 0.0946305096 -0.0979375094 0.9317195415 -0.3497240245
351.6 -215.3 2991.3 -0.1954617947 -0.3660792410 -0.9098245502 -0.9609708190 -0.1137077510 0.2522015274 -0.1957798451 0.9236105680 -0.3295659423
590.2 -362.7 2930.9 -0.9745143652 0.0975949913 -0.2019825131 0.0366888791 0.9576187134 0.2856928110 0.2213044167 0.2710012496 -0.9367938042
552.4 -734.1 2825.8 -0.9755297899 -0.0165829845 -0.2192409337 -0.0288951714 0.9981725812 0.0530713871 0.2179602087 0.0581077226 -0.9742262959
411.3 -359.2 2935.8 -0.1369079202 0.1387607902 0.9808168411 0.0390181392 0.9901272058 -0.1346316040 -0.9898150563 0.0198375154 -0.1409704387
357.5 -743.2 2928.1 -0.1375151575 0.0559998080 0.9889153838 0.0283357464 0.9982143044 -0.0525861122 -0.9900942445 0.0207902677 -0.1388563961
577.8 -408.6 3261.2 0 0 0 0 0 0 0 0 0
300.7 -465.5 2940.4 0 0 0 0 0 0 0 0 0
556.3 -971.0 2812.0 0 0 0 0 0 0 0 0 0
345.0 -965.5 2923.5 0 0 0 0 0 0 0 0 0
498.7 220.8 3096.3 1 -0.9995122552 -0.0007225056 -0.0312197618 -0.0117158946 0.9353832603 0.3534415364 0.0289470796 0.3536349237 -0.9349355102
498.9 29.3 3023.9 -0.9995122552 -0.0007225056 -0.0312197618 -0.0117158946 0.9353832603 0.3534415364 0.0289470796 0.3536349237 -0.9349355102
497.3 -157.5 2973.4 -0.9994688034 0.0080662463 -0.0315761156 -0.0004621111 0.9652813077 0.2612120807 0.0325868353 0.2610879242 -0.9647648335
635.4 29.4 3019.5 -0.1452279687 0.7510653734 0.6440572143 0.9707562327 0.2339363098 -0.0539090335 -0.1911575645 0.6173934340 -0.7630754709
679.9 -268.3 3078.2 0.4211862981 0.7510653734 0.5084318519 0.5503532290 0.2339363098 -0.8014893532 -0.7209115028 0.6173934340 -0.3148204684
362.4 29.2 3028.3 -0.0594265237 -0.3630885184 -0.9298576117 -0.9889293909 -0.1054645479 0.1043832973 -0.1359673887 0.9257667065 -0.3528015316
348.3 -204.4 2996.2 -0.1900523603 -0.3723488152 -0.9084252715 -0.9536006451 -0.1500623077 0.2610116601 -0.2335077673 0.9158807993 -0.3265523612
587.3 -358.3 2919.1 -0.9744614363 0.0951075554 -0.2034192979 0.0430424139 0.9681911469 0.2464816421 0.2203910351 0.2314312011 -0.9475586414
550.4 -733.7 2829.3 -0.9759725928 -0.0160572026 -0.2173008919 -0.0312571265 0.9972838163 0.0666932985 0.2156397551 0.0718830302 -0.9738235474
408.3 -357.5 2925.8 -0.1449892223 0.1682889611 0.9750163555 -0.0222093184 0.9846273661 -0.1732504517 -0.9891839623 -0.0467738993 -0.1390227675
343.2 -738.5 2943.9 -0.1427101344 0.0755124539 0.9868797660 0.0088016139 0.9971427917 -0.0750249699 -0.9897254109 -0.0020206890 -0.1429670155
573.3 -407.6 3260.6 0 0 0 0 0 0 0 0 0
298.8 -453.1 2935.3 0 0 0 0 0 0 0 0 0
554.1 -967.1 2812.5 0 0 0 0 0 0 0 0 0
326.2 -963.3 2944.4 0 0 0 0 0 0 0 0 0
497.1 186.7 3072.7 2 -0.9997628927 -0.0040762951 0.0213894323 0.0019030315 0.9622043371 0.2723218501 -0.0216910671 0.2722979784 -0.9619684815
497.9 -3.5 3018.8 -0.9997628927 -0.0040762951 0.0213894323 0.0019030315 0.9622043371 0.2723218501 -0.0216910671 0.2722979784 -0.9619684815
497.7 -192.5 2976.4 -0.9997687340 -0.0001371465 0.0215054713 0.0045758821 0.9757251740 0.2189508379 -0.0210134573 0.2189986110 -0.9754988551
634.3 -4.0 3021.7 -0.1277223080 0.7186610699 0.6835300326 0.9622362256 0.2568277419 -0.0902272910 -0.2403923124 0.6461933255 -0.7243243456
673.5 -299.1 3095.4 0.4624755979 0.7186610699 0.5192711949 0.5174269080 0.2568277419 -0.8162775040 -0.7199900746 0.6461933255 -0.2530780137
361.5 -3.1 3015.9 -0.0589525923 -0.4125612080 -0.9090202451 -0.9936593175 -0.0630793348 0.0930704027 -0.0957376286 0.9087432027 -0.4062266052
347.6 -238.0 2993.3 -0.1836379915 -0.4215637147 -0.8880096674 -0.9621481299 -0.1079709232 0.2502265275 -0.2013656348 0.9003478885 -0.3857791722
586.5 -365.2 2927.3 -0.9843474030 0.1027061716 -0.1432189792 0.0583049022 0.9566587806 0.2853147388 0.1663152874 0.2724984288 -0.9476728439
548.5 -719.0 2826.6 -0.9863268137 -0.0177549236 -0.1638417691 -0.0254422240 0.9986656308 0.0449404120 0.1628252417 0.0484944321 -0.9854624271
407.4 -363.0 2928.5 -0.0932003111 0.2038475573 0.9745562673 -0.0703782961 0.9750194550 -0.2106749862 -0.9931569099 -0.0882225856 -0.0765256733
332.3 -722.6 2961.0 -0.0857712477 0.1189017519 0.9891944528 -0.0068979673 0.9927585721 -0.1199282706 -0.9962909818 -0.0171098281 -0.0843299627
556.4 -430.1 3277.7 0 0 0 0 0 0 0 0 0
299.7 -489.1 2940.7 0 0 0 0 0 0 0 0 0
552.9 -966.3 2814.6 0 0 0 0 0 0 0 0 0
304.0 -958.3 2965.1 0 0 0 0 0 0 0 0 0
489.7 200.4 3048.6 3 -0.9996240139 0.0112430435 -0.0250089522 0.0069287070 0.9860438108 0.1663416773 0.0265301093 0.1661058664 -0.9857509732
487.5 7.5 3016.1 -0.9996240139 0.0112430435 -0.0250089522 0.0069287070 0.9860438108 0.1663416773 0.0265301093 0.1661058664 -0.9857509732
484.8 -183.8 2989.4 -0.9995629787 0.0151654771 -0.0253737047 0.0114940647 0.9902192354 0.1390457153 0.0272342246 0.1386933029 -0.9899608493
623.8 5.8 3012.4 -0.1375446469 0.7499988675 0.6469800472 0.9403361678 0.3041009605 -0.1526123881 -0.3112063706 0.5873877406 -0.7470784783
666.0 -282.2 3107.8 0.4287092984 0.7499988675 0.5036964417 0.4527686238 0.3041009605 -0.8381665349 -0.7817984819 0.5873877406 -0.2092050314
351.2 9.3 3019.7 -0.0657618716 -0.3678037524 -0.9275752306 -0.9977694750 0.0135558229 0.0653632209 -0.0114667937 0.9298046231 -0.3678748310
335.7 -226.1 3017.0 -0.1958048195 -0.3773086369 -0.9051511884 -0.9740847945 -0.0317359269 0.2239457220 -0.1132224649 0.9255436659 -0.3613165319
583.5 -386.1 2943.8 -0.9799482822 0.0915337577 -0.1769828051 0.0325713381 0.9498775601 0.3109208047 0.1965717524 0.2989217341 -0.9338122606
548.2 -752.3 2828.5 -0.9807109237 -0.0178103186 -0.1946506947 -0.0289033633 0.9981063604 0.0542985648 0.1933150142 0.0588772520 -0.9793685675
402.0 -380.0 2945.7 -0.1185771823 0.2355949730 0.9645903111 -0.0460882336 0.9690911174 -0.2423598915 -0.9918746352 -0.0731946155 -0.1040539369
311.3 -753.3 2973.9 -0.1161217615 0.1362555325 0.9838445783 -0.0281187017 0.9896976352 -0.1403849423 -0.9928368926 -0.0439661816 -0.1110941097
557.8 -396.5 3305.0 0 0 0 0 0 0 0 0 0
284.8 -479.5 2987.6 0 0 0 0 0 0 0 0 0
552.1 -969.0 2815.7 0 0 0 0 0 0 0 0 0
282.9 -959.6 2983.1 0 0 0 0 0 0 0 0 0
479.3 206.7 3040.2 4 -0.9998435974 0.0079676555 -0.0157884005 0.0061816270 0.9939005971 0.1101060137 0.0165693890 0.1099912003 -0.9937944412
477.7 12.5 3018.7 -0.9998435974 0.0079676555 -0.0157884005 0.0061816270 0.9939005971 0.1101060137 0.0165693890 0.1099912003 -0.9937944412
475.9 -180.1 3000.1 -0.9998262525 0.0097132642 -0.0159101970 0.0081353197 0.9953091145 0.0964032561 0.0167719554 0.0962570682 -0.9952151775
614.2 11.3 3016.4 -0.1372597218 0.7431612611 0.6548825502 0.9255481362 0.3317532241 -0.1824841201 -0.3528745174 0.5810775757 -0.7333678603
656.3 -272.5 3124.6 0.4348042905 0.7431612611 0.5085829496 0.4206433892 0.3317532241 -0.8443926573 -0.7962439060 0.5810775757 -0.1683581322
341.3 13.7 3020.9 -0.0624097213 -0.3772391081 -0.9240106344 -0.9975799918 0.0520062149 0.0461465605 0.0306460094 0.9246545434 -0.3795718849
326.5 -222.0 3028.2 -0.1913428307 -0.3865619600 -0.9021961093 -0.9787794352 0.0064660753 0.2048145533 -0.0733398423 0.9222407937 -0.3795961142
569.8 -378.5 2964.2 -0.9837216735 0.0828841105 -0.1594423503 0.0172817446 0.9267987609 0.3751604557 0.1788658202 0.3662980199 -0.9131444693
537.8 -736.1 2822.8 -0.9823124409 -0.0559802353 -0.1786853671 -0.0589750372 0.9981933236 0.0114884246 0.1777194142 0.0218231976 -0.9838392138
389.8 -373.4 2971.9 -0.0833457932 0.2471583784 0.9653839469 0.0117681706 0.9689311385 -0.2470505238 -0.9964511991 -0.0092298184 -0.0836649314
294.4 -747.4 2975.4 -0.1028615385 0.1489284635 0.9834834933 -0.1122673005 0.9806720614 -0.1602446586 -0.9883397818 -0.1268960536 -0.0841536447
546.3 -378.9 3326.0 0 0 0 0 0 0 0 0 0
276.7 -477.1 3009.1 0 0 0 0 0 0 0 0 0
550.8 -966.7 2817.8 0 0 0 0 0 0 0 0 0
261.5 -964.2 3003.5 0 0 0 0 0 0 0 0 0
481.1 204.3 3037.6 5 -0.9969691634 0.0512897298 0.0584963746 0.0560828373 0.9949302077 0.0834779441 -0.0539182499 0.0865055844 -0.9947912097
471.1 10.0 3020.7 -0.9969691634 0.0512897298 0.0584963746 0.0560828373 0.9949302077 0.0834779441 -0.0539182499 0.0865055844 -0.9947912097
461.1 -182.8 3005.3 -0.9969843626 0.0514880680 0.0580613352 0.0557883084 0.9956178069 0.0750522763 -0.0539426021 0.0780650899 -0.9954878092
606.8 2.4 3028.1 -0.0660971105 0.7175937891 0.6933183074 0.9236464500 0.3068797588 -0.2295693755 -0.3775029182 0.6252071261 -0.6830868125
627.0 -280.4 3143.8 0.5088508129 0.7175937891 0.4755312502 0.3819099963 0.3068797588 -0.8717623353 -0.7715021372 0.6252071261 -0.1179002374
335.5 17.5 3013.3 -0.1135945022 -0.4378120005 -0.8918614984 -0.9926002026 0.0887787789 0.0828441530 0.0429082140 0.8946725726 -0.4446570575
308.6 -217.0 3023.4 -0.2334004939 -0.4491889477 -0.8624114394 -0.9698492885 0.0435835160 0.2397765815 -0.0701180696 0.8923730850 -0.4458180070
562.8 -374.6 2982.0 -0.9942631125 0.0785234720 -0.0726283193 0.0422949530 0.9122968316 0.4073397219 0.0982443094 0.4019310474 -0.9103842378
532.4 -727.4 2826.6 -0.9928163290 -0.0689584464 -0.0977777988 -0.0705554038 0.9974235892 0.0129658645 0.0966317803 0.0197714735 -0.9951238036
383.2 -371.6 2986.5 -0.0109721152 0.2608380318 0.9653202295 0.0013007344 0.9653812647 -0.2608397305 -0.9999389648 -0.0016063384 -0.0109315552
282.2 -745.3 2987.1 -0.0346705653 0.1781859249 0.9833858609 -0.1278504580 0.9751018286 -0.1811924279 -0.9911872745 -0.1320083737 -0.0110261794
498.6 -376.8 3338.5 0 0 0 0 0 0 0 0 0
247.8 -470.0 3005.2 0 0 0 0 0 0 0 0 0
549.3 -971.7 2821.7 0 0 0 0 0 0 0 0 0
244.5 -951.9 3015.0 0 0 0 0 0 0 0 0 0
476.5 233.2 3070.8 6 -0.9980064034 0.0569570437 0.0271864794 0.0611152127 0.9796764255 0.1910471767 -0.0157524701 0.1923278123 -0.9812042713
463.5 10.0 3027.0 -0.9980064034 0.0569570437 0.0271864794 0.0611152127 0.9796764255 0.1910471767 -0.0157524701 0.1923278123 -0.9812042713
452.9 -183.1 3013.4 -0.9982829094 0.0549706891 0.0202342235 0.0562341139 0.9960769415 0.0683256388 -0.0163989365 0.0693461746 -0.9974578619
599.5 2.4 3029.2 -0.0801689029 0.7409239411 0.6667867899 0.9209132791 0.3110354245 -0.2348951548 -0.3814337552 0.5952215195 -0.7072620392
624.1 -280.2 3146.3 0.4789567292 0.7409239411 0.4707782269 0.3765589893 0.3110354245 -0.8726169467 -0.7929714918 0.5952215195 -0.1300290674
