162.7 469.6 2607.4 1 0.8900381327 0.0154222390 -0.4556251466 0.0202608909 0.9971019626 0.0733289421 0.4554356337 -0.0744969249 0.8871462941
159.6 271.0 2622.3 0.8900381327 0.0154222390 -0.4556251466 0.0202608909 0.9971019626 0.0733289421 0.4554356337 -0.0744969249 0.8871462941
156.2 75.9 2638.3 0.8900655508 0.0172934718 -0.4555044472 0.0219305437 0.9964983463 0.0806853548 0.4553047419 -0.0818047076 0.8865695596
32.9 267.9 2557.5 0.1059387550 -0.7680879235 -0.6315203309 0.9483618140 0.2689970732 -0.1680787057 0.2989763319 -0.5811037421 0.7569224238
8.0 44.5 2487.0 -0.6302196383 -0.7680879235 -0.1134202331 -0.1568206847 0.2689970732 -0.9502882957 0.7604146600 -0.5811037421 -0.2899793088
286.2 274.2 2687.0 0.1641818434 0.9852864146 -0.0474872626 -0.9568107128 0.1707756817 0.2352634072 0.2399114966 0.0068103429 0.9707708955
332.6 4.1 2754.8 0.1856765747 0.9825831652 -0.0073867301 -0.9826025367 0.1857008338 0.0027399273 0.0040639280 0.0067494791 0.9999689460
62.3 -127.3 2611.9 -0.5201583505 0.2480308861 -0.8172612786 0.0922765955 0.9676215649 0.2349329591 0.8490702510 0.0467882566 -0.5262039304
-34.8 -505.8 2593.6 -0.4973313212 0.1564038545 -0.8533459902 0.3236547112 0.9460526705 -0.0152310450 0.8049280643 -0.2837643325 -0.5211224556
220.1 -122.1 2699.2 0.3298963010 -0.0296754949 -0.9435506463 -0.2474980205 0.9618244767 -0.1167836636 0.9109957218 0.2720534205 0.3099577129
231.7 -498.1 2592.9 0.2842042446 -0.2427469492 -0.9275245667 -0.0405060947 0.9635134339 -0.2645772994 0.9579077363 0.1127643883 0.2640018761
163.4 83.2 2299.4 0 0 0 0 0 0 0 0 0
379.6 -244.6 2755.8 0 0 0 0 0 0 0 0 0
-85.9 -815.2 2686.4 0 0 0 0 0 0 0 0 0
314.4 -826.4 2554.5 0 0 0 0 0 0 0 0 0
179.4 472.0 2622.8 2 0.8878579140 0.0220889598 -0.4595872462 -0.0101057962 0.9995421767 0.0285176225 0.4600067735 -0.0206751022 0.8876746893
175.0 273.8 2626.9 0.8878579140 0.0220889598 -0.4595872462 -0.0101057962 0.9995421767 0.0285176225 0.4600067735 -0.0206751022 0.8876746893
169.6 78.4 2633.8 0.8879012465 0.0274755582 -0.4592128992 -0.0083583100 0.9990136027 0.0436118022 0.4599581957 -0.0348847285 0.8872550726
48.6 275.1 2561.5 0.1491403878 -0.7127104402 -0.6854203343 0.9605064988 0.2690960169 -0.0708138123 0.2349136174 -0.6477894783 0.7246960402
13.5 49.4 2506.4 -0.6991357207 -0.7127104402 -0.0570358969 -0.1974179000 0.2690960169 -0.9426630139 0.6871938705 -0.6477894783 -0.3288364410
301.4 272.6 2692.3 0.1583324671 0.9865372777 -0.0409277342 -0.9777824283 0.1624248475 0.1325130761 0.1373767704 0.0190372989 0.9903358817
344.3 8.2 2729.5 0.1753830165 0.9843611717 -0.0165493228 -0.9844077229 0.1751112640 -0.0166571010 -0.0134986313 0.0192126539 0.9997242689
72.4 -121.2 2613.2 -0.5138671994 0.2494897395 -0.8207895160 0.0944886878 0.9674154520 0.2349026054 0.8526502252 0.0431534164 -0.5206969976
-25.2 -499.9 2596.3 -0.4908235073 0.1585186571 -0.8567170501 0.3152480125 0.9489960670 -0.0050163111 0.8122259378 -0.2725404799 -0.5157622695
233.1 -117.2 2695.4 0.3222055137 -0.0139309904 -0.9465672374 -0.2613771558 0.9597151875 -0.1030956358 0.9098711610 0.2806290388 0.3055843115
238.6 -492.7 2585.6 0.2743948102 -0.2327019870 -0.9330365658 -0.0301082544 0.9677239656 -0.2502076030 0.9611456394 0.0967477709 0.2585321963
187.6 98.6 2335.2 0 0 0 0 0 0 0 0 0
388.9 -242.4 2726.1 0 0 0 0 0 0 0 0 0
-77.6 -813.5 2686.4 0 0 0 0 0 0 0 0 0
319.9 -831.0 2551.8 0 0 0 0 0 0 0 0 0
200.3 471.2 2620.6 3 0.8983728886 0.0460285135 -0.4368151724 -0.0357841365 0.9988579750 0.0316574350 0.4377734661 -0.0128091285 0.8989940286
191.1 272.9 2623.1 0.8983728886 0.0460285135 -0.4368151724 -0.0357841365 0.9988579750 0.0316574350 0.4377734661 -0.0128091285 0.8989940286
181.7 77.5 2627.4 0.8984754086 0.0479129478 -0.4364015460 -0.0336048193 0.9986162186 0.0404525250 0.4377358556 -0.0216804035 0.8988422155
63.2 277.7 2560.8 0.1704812199 -0.6314388514 -0.7564529777 0.9651696682 0.2616233528 -0.0008670182 0.1984532475 -0.7299576402 0.6540474892
23.8 54.3 2514.9 -0.7754068375 -0.6314388514 -0.0054020341 -0.2064799666 0.2616233528 -0.9428251386 0.5967497230 -0.7299576402 -0.3332440257
319.0 268.1 2685.4 0.1119607687 0.9936631322 -0.0099159805 -0.9897795916 0.1123990268 0.0877654180 0.0883238092 -0.0000116482 0.9960918427
349.8 -3.9 2709.6 0.1823497266 0.9831746817 0.0107746925 -0.9785832763 0.1825409085 -0.0951504707 -0.0955163538 0.0068067284 0.9954046011
84.1 -116.2 2599.1 -0.4812259376 0.2605540454 -0.8369786143 0.1276081502 0.9654559493 0.2271803766 0.8672587872 0.0025198010 -0.4978512526
-17.9 -494.0 2598.1 -0.4616573155 0.1495890021 -0.8743544221 0.3068031967 0.9517726302 0.0008426591 0.8323126435 -0.2678657174 -0.4852871597
244.5 -117.8 2682.1 0.3389173150 -0.0016511393 -0.9408147335 -0.2381401956 0.9672825933 -0.0874847695 0.9101781845 0.2536959052 0.3274356425
245.1 -496.3 2582.8 0.2934050262 -0.2296935320 -0.9279840589 -0.0121051408 0.9697360992 -0.2438552827 0.9559115767 0.0827817470 0.2817449570
217.5 105.9 2365.8 0 0 0 0 0 0 0 0 0
396.5 -254.5 2685.2 0 0 0 0 0 0 0 0 0
-67.5 -809.9 2687.0 0 0 0 0 0 0 0 0 0
325.1 -834.1 2554.0 0 0 0 0 0 0 0 0 0
221.0 474.2 2618.9 4 0.9085679054 0.0603828840 -0.4133500755 -0.0527838320 0.9981614947 0.0297911521 0.4143889844 -0.0052490844 0.9100847244
209.1 276.3 2620.0 0.9085679054 0.0603828840 -0.4133500755 -0.0527838320 0.9981614947 0.0297911521 0.4143889844 -0.0052490844 0.9100847244
196.5 81.0 2623.4 0.9086770415 0.0639894828 -0.4125668108 -0.0510323755 0.9977982044 0.0423607603 0.4143690765 -0.0174379852 0.9099418521
79.7 283.6 2561.0 0.1870896518 -0.5405465364 -0.8202480674 0.9650448561 0.2571422458 0.0506585240 0.1835371405 -0.8010538816 0.5697603226
36.0 58.0 2518.1 -0.8408653140 -0.5405465364 0.0274758339 -0.1962218434 0.2571422458 -0.9462425113 0.5044229031 -0.8010538816 -0.3222890496
338.4 269.0 2678.9 0.1049229056 0.9942048788 0.0234060269 -0.9943416715 0.1044861898 0.0191634856 0.0166068245 -0.0252842773 0.9995423555
367.0 -1.5 2683.5 0.1302667111 0.9908102155 0.0364095420 -0.9853730798 0.1334463656 -0.1059807315 -0.1098655090 -0.0220712218 0.9937013984
91.2 -114.9 2592.2 -0.4521074891 0.2563659251 -0.8543273807 0.1471213698 0.9661197662 0.2120563239 0.8797466159 -0.0298175607 -0.4745068848
-9.1 -492.9 2603.9 -0.4348793030 0.1452463418 -0.8886976242 0.2982824743 0.9544249773 0.0100257490 0.8496514559 -0.2607229352 -0.4583840966
253.4 -121.0 2671.2 0.3585999906 0.0096650366 -0.9334412813 -0.2132857740 0.9743443131 -0.0718494132 0.9087987542 0.2248549461 0.3514612913
249.7 -502.3 2583.2 0.3182550073 -0.2245854288 -0.9210185409 -0.0078443820 0.9708761573 -0.2394535393 0.9479727149 0.0834321082 0.3072244525
245.8 107.0 2392.2 0 0 0 0 0 0 0 0 0
400.5 -255.0 2655.2 0 0 0 0 0 0 0 0 0
-57.2 -808.6 2690.1 0 0 0 0 0 0 0 0 0
327.1 -837.2 2554.4 0 0 0 0 0 0 0 0 0
242.1 476.4 2617.6 5 0.9133844972 0.0701976568 -0.4010000825 -0.0622898415 0.9975209236 0.0327407867 0.4023043215 -0.0049266955 0.9154927731
228.0 277.0 2618.6 0.9133844972 0.0701976568 -0.4010000825 -0.0622898415 0.9975209236 0.0327407867 0.4023043215 -0.0049266955 0.9154927731
213.6 81.8 2621.5 0.9134271741 0.0737045780 -0.4002729952 -0.0616983064 0.9971759319 0.0428195782 0.4022985697 -0.0144164003 0.9153950214
97.9 285.8 2561.3 0.2498127520 -0.4771828353 -0.8425498009 0.9549817443 0.2652076483 0.1329465359 0.1600108594 -0.8378313780 0.5219531655
38.9 60.3 2523.5 -0.8787800670 -0.4771828353 0.0064903065 -0.1510425359 0.2652076483 -0.9522872567 0.4526938498 -0.8378313780 -0.3051341176
358.1 268.3 2675.9 0.0789920315 0.9961355925 0.0383942015 -0.9968355298 0.0792741776 -0.0058802324 -0.0089011779 -0.0378082134 0.9992453456
379.5 -0.9 2673.5 0.1304057240 0.9902042747 0.0498988330 -0.9781600833 0.1367093772 -0.1565674692 -0.1618554145 -0.0283917524 0.9864059687
101.9 -109.7 2589.5 -0.4375544488 0.2518349588 -0.8632063866 0.1540614516 0.9667810798 0.2039593607 0.8858956695 -0.0437435023 -0.4618174136
3.3 -488.2 2606.6 -0.4191843867 0.1554179192 -0.8944997191 0.2983865738 0.9540925026 0.0259408578 0.8574671745 -0.2560327053 -0.4463152885
266.0 -118.9 2664.3 0.3686649799 0.0337931626 -0.9289478660 -0.2052005529 0.9776443839 -0.0458718538 0.9066305161 0.2075319588 0.3673576117
252.8 -501.5 2583.1 0.3343535960 -0.2103033066 -0.9186839461 -0.0176400170 0.9732177854 -0.2292071432 0.9422826171 0.0928418338 0.3216891289
260.5 98.4 2409.4 0 0 0 0 0 0 0 0 0
413.1 -253.2 2631.7 0 0 0 0 0 0 0 0 0
-49.0 -809.3 2692.8 0 0 0 0 0 0 0 0 0
325.2 -836.5 2551.2 0 0 0 0 0 0 0 0 0
261.5 481.9 2617.9 6 0.9231487513 0.0835980549 -0.3752436340 -0.0797459334 0.9964809418 0.0258139111 0.3760811090 0.0060940743 0.9265667200
244.8 283.4 2616.7 0.9231487513 0.0835980549 -0.3752436340 -0.0797459334 0.9964809418 0.0258139111 0.3760811090 0.0060940743 0.9265667200
227.9 88.3 2617.7 0.9232761264 0.0862797350 -0.3743220568 -0.0782515183 0.9962607026 0.0366244763 0.3760823011 -0.0045232372 0.9265752435
113.3 294.5 2563.2 0.2996837199 -0.4295772314 -0.8518527150 0.9428884983 0.2694744468 0.1958181858 0.1454334855 -0.8618856668 0.4858005345
40.1 64.1 2527.6 -0.9025528431 -0.4295772314 -0.0293563418 -0.0970954448 0.2694744468 -0.9581001997 0.4194888175 -0.8618856668 -0.2849248946
376.3 272.2 2670.3 0.0702421591 0.9953833222 0.0654073358 -0.9973801374 0.0712169483 -0.0126901157 -0.0172896404 -0.0643445998 0.9977779388
396.1 -8.7 2665.4 0.1521306783 0.9852969646 0.0777570009 -0.9646563530 0.1651485562 -0.2053390443 -0.2151613832 -0.0437704213 0.9755971432
116.6 -107.9 2588.0 -0.4093311727 0.2425832748 -0.8795461059 0.1548626572 0.9684914351 0.1950434595 0.8991470933 -0.0563714728 -0.4340008199
21.6 -487.1 2610.1 -0.3845407963 0.1926417798 -0.9027832150 0.3026438057 0.9502378106 0.0738567337 0.8720866442 -0.2448208183 -0.4237070382
281.7 -119.0 2660.7 0.3904690146 0.0565562434 -0.9188772440 -0.2266343981 0.9732994437 -0.0364004560 0.8922840357 0.2224624306 0.3928608596
259.5 -500.0 2573.6 0.3540190160 -0.1938305199 -0.9149318337 0.0112548592 0.9790995717 -0.2030697167 0.9351704717 0.0615931153 0.3488014340
268.9 88.7 2421.3 0 0 0 0 0 0 0 0 0
435.1 -255.8 2610.3 0 0 0 0 0 0 0 0 0
-43.6 -808.9 2693.0 0 0 0 0 0 0 0 0 0
326.3 -837.1 2552.4 0 0 0 0 0 0 0 0 0
277.9 483.4 2610.6 7 0.9168273807 0.0974903181 -0.3871991038 -0.0889849290 0.9952342510 0.0398809984 0.3892418146 -0.0021091055 0.9211331606
258.5 285.2 2611.0 0.9168273807 0.0974903181 -0.3871991038 -0.0889849290 0.9952342510 0.0398809984 0.3892418146 -0.0021091055 0.9211331606
238.8 90.4 2613.1 0.9168908000 0.1002819687 -0.3863350153 -0.0883466899 0.9949046373 0.0485763066 0.3892378211 -0.0104077524 0.9210785031
127.9 297.8 2555.6 0.3262293339 -0.3702777624 -0.8697521687 0.9328852296 0.2746820450 0.2329696715 0.1526418179 -0.8873804808 0.4350360036
50.1 75.5 2519.2 -0.9215478301 -0.3702777624 -0.1168074012 0.0114999246 0.2746820450 -0.9614663124 0.3880944848 -0.8873804808 -0.2488744855
389.1 272.6 2666.5 0.0709584057 0.9961173534 0.0521069691 -0.9973318577 0.0717490390 -0.0134604024 -0.0171467643 -0.0510128103 0.9985507727
409.9 -19.8 2661.4 0.1921679378 0.9787426591 0.0716539174 -0.9235243797 0.2050553113 -0.3241219819 -0.3319250345 -0.0038882883 0.9432977438
127.6 -99.7 2584.7 -0.4225515723 0.2381463647 -0.8744921088 0.1544134319 0.9696719050 0.1894541979 0.8930882812 -0.0549791604 -0.4465093911
34.3 -479.5 2606.2 -0.3964747787 0.1952117831 -0.8970507979 0.3097525835 0.9482769370 0.0694562122 0.8642112613 -0.2503261566 -0.4364352524
294.4 -113.8 2652.6 0.3747943044 0.0732369497 -0.9242107868 -0.2296178490 0.9731492996 -0.0160017330 0.8982231617 0.2182126641 0.3815473318
265.7 -494.8 2567.1 0.3407041728 -0.1770453900 -0.9233502150 0.0243242383 0.9834403992 -0.1795919091 0.9398558140 0.0387279242 0.3393687606
283.5 72.6 2421.0 0 0 0 0 0 0 0 0 0
459.3 -257.4 2576.1 0 0 0 0 0 0 0 0 0
-33.4 -808.6 2693.1 0 0 0 0 0 0 0 0 0
326.9 -834.8 2553.8 0 0 0 0 0 0 0 0 0
294.3 481.7 2605.4 8 0.9136341214 0.1020490155 -0.3935208321 -0.0903802887 0.9947438836 0.0481248237 0.3963635266 -0.0084019545 0.9180551767
274.0 283.0 2607.1 0.9136341214 0.1020490155 -0.3935208321 -0.0903802887 0.9947438836 0.0481248237 0.3963635266 -0.0084019545 0.9180551767
253.6 88.3 2610.4 0.9138056636 0.1038093045 -0.3926611543 -0.0887226164 0.9944565296 0.0564318821 0.3963426054 -0.0167298503 0.9179502726
143.8 295.6 2550.6 0.3226088583 -0.3190491199 -0.8911404014 0.9278979301 0.2924965322 0.2311951369 0.1868928671 -0.9014729261 0.3904069662
66.2 72.6 2505.7 -0.9324789643 -0.3190491199 -0.1693831533 0.0731174797 0.2924965322 -0.9534671307 0.3537468314 -0.9014729261 -0.2494187951
404.2 270.4 2663.6 0.0536459126 0.9975605607 0.0446655154 -0.9985543489 0.0537430607 -0.0009761610 -0.0033742411 -0.0445485748 0.9990015030
420.0 -23.8 2662.6 0.2425679415 0.9680592418 0.0634202957 -0.8681835532 0.2457845360 -0.4311000705 -0.4329181015 0.0495105945 0.9000725746
136.3 -96.5 2580.0 -0.4356421828 0.2312434018 -0.8699094057 0.1321190149 0.9723972082 0.1923232675 0.8903709650 -0.0311474521 -0.4541688859
45.8 -477.2 2592.2 -0.4001452029 0.2079915553 -0.8925375938 0.3427855074 0.9371818900 0.0647165477 0.8499305248 -0.2800529301 -0.4463053048
302.0 -112.4 2650.3 0.3677822351 0.0724762753 -0.9270833135 -0.2226353139 0.9748265743 -0.0121127395 0.9028674960 0.2108563334 0.3746596575
273.6 -494.2 2567.7 0.3404556513 -0.1553903073 -0.9273315668 0.0144358827 0.9869971275 -0.1600883752 0.9401497245 0.0411161445 0.3382719457
303.1 54.1 2415.9 0 0 0 0 0 0 0 0 0
482.6 -248.2 2550.7 0 0 0 0 0 0 0 0 0
-28.3 -811.1 2691.9 0 0 0 0 0 0 0 0 0
327.0 -833.3 2553.6 0 0 0 0 0 0 0 0 0
312.4 482.1 2602.4 9 0.9119341969 0.1130625829 -0.3944525719 -0.1021807864 0.9935799241 0.0485598445 0.3974104226 -0.0039779106 0.9176323414
289.9 284.5 2603.2 0.9119341969 0.1130625829 -0.3944525719 -0.1021807864 0.9935799241 0.0485598445 0.3974104226 -0.0039779106 0.9176323414
267.3 90.0 2605.8 0.9121308327 0.1152056307 -0.3933763504 -0.1004692689 0.9932523966 0.0579270944 0.3973955512 -0.0133148544 0.9175508022
159.9 298.9 2546.5 0.3362411261 -0.3102932572 -0.8891906142 0.9246127009 0.2881969213 0.2490661144 0.1789784878 -0.9059032202 0.3838047385
77.2 71.3 2502.5 -0.9208942056 -0.3102932572 -0.2359490991 0.1453944147 0.2881969213 -0.9464687109 0.3616826534 -0.9059032202 -0.2202839702
419.8 270.2 2659.8 0.0435938425 0.9306514263 -0.3633008003 -0.9982377887 0.0552309752 0.0217003934 0.0402609594 0.3617145717 0.9314191341
432.9 -28.3 2671.8 0.2558729351 0.9306514263 -0.2615663409 -0.8048855066 0.0552309752 -0.5908544064 -0.5354329348 0.3617145717 0.7631999254
150.7 -98.5 2577.9 -0.4413300157 0.2354939878 -0.8658928275 0.1102879494 0.9718689322 0.2081041634 0.8905416131 -0.0036549261 -0.4548870921
58.5 -478.9 2579.3 -0.3939926624 0.2271010280 -0.8906149268 0.3793598115 0.9227851033 0.0674819872 0.8371713758 -0.3112760782 -0.4497235715
315.8 -114.5 2649.5 0.3628257811 0.0915532708 -0.9273486137 -0.2411191314 0.9704943895 0.0014748540 0.9001216888 0.2230663747 0.3741956353
280.0 -494.5 2562.2 0.3370159268 -0.1418676525 -0.9307490587 0.0275787488 0.9896454811 -0.1408588141 0.9410949349 0.0218027700 0.3374388218
311.4 34.3 2410.5 0 0 0 0 0 0 0 0 0
499.2 -236.9 2533.1 0 0 0 0 0 0 0 0 0
-24.0 -814.2 2692.4 0 0 0 0 0 0 0 0 0
328.8 -835.1 2554.6 0 0 0 0 0 0 0 0 0
326.4 479.6 2592.8 0 0.9157351851 0.1298618615 -0.3802169859 -0.1129283980 0.9913675189 0.0666154400 0.3855855763 -0.0180648062 0.9224952459
300.5 282.2 2596.4 0.9157351851 0.1298618615 -0.3802169859 -0.1129283980 0.9913675189 0.0666154400 0.3855855763 -0.0180648062 0.9224952459
274.9 88.2 2602.2 0.9161812663 0.1308612078 -0.3787970841 -0.1095367745 0.9909637570 0.0774112865 0.3855043054 -0.0294305608 0.9222365618
170.0 297.9 2541.5 0.3443567157 -0.2748934925 -0.8976926208 0.9186382890 0.2959414423 0.2617676556 0.1937062293 -0.9147962928 0.3544371128
85.3 72.0 2493.8 -0.8983157873 -0.2748934925 -0.3427277207 0.2601008117 0.2959414423 -0.9191116691 0.3540851474 -0.9147962928 -0.1943488568
431.1 266.6 2651.4 0.0435609668 0.9447761178 -0.3248084784 -0.9963596463 0.0649305359 0.0552400313 0.0732794479 0.3212197423 0.9441652298
444.3 -35.5 2673.6 0.2714440525 0.9447761178 -0.1836197972 -0.7042395473 0.0649305359 -0.7069870234 -0.6560219526 0.3212197423 0.6829737425
162.3 -95.4 2572.4 -0.4375121295 0.2284447700 -0.8697103858 0.0847539976 0.9733616710 0.2130347043 0.8952094316 0.0194938332 -0.4452191591
72.9 -476.5 2564.8 -0.3787374794 0.2446718514 -0.8925769329 0.4014029801 0.9124196172 0.0797881186 0.8339266181 -0.3280642927 -0.4437794983
327.2 -113.6 2644.3 0.3705555201 0.1050974950 -0.9228451252 -0.2487609386 0.9685089588 0.0104114199 0.8948779702 0.2257098109 0.3850305080
286.0 -492.8 2555.9 0.3492931128 -0.1253780127 -0.9285874367 0.0362197384 0.9920735359 -0.1203256696 0.9363132119 0.0083957314 0.3510656059
313.1 6.1 2404.1 0 0 0 0 0 0 0 0 0
514.4 -217.3 2504.2 0 0 0 0 0 0 0 0 0
-17.9 -815.1 2686.6 0 0 0 0 0 0 0 0 0
329.2 -834.4 2553.0 0 0 0 0 0 0 0 0 0
338.9 480.8 2587.0 1 0.9056347609 0.1291107237 -0.4039258659 -0.1070828885 0.9912822247 0.0767645314 0.4103156626 -0.0262670778 0.9115651846
313.0 282.5 2592.3 0.9056347609 0.1291107237 -0.4039258659 -0.1070828885 0.9912822247 0.0767645314 0.4103156626 -0.0262670778 0.9115651846
288.1 88.4 2598.9 0.9062259197 0.1274155825 -0.4031375647 -0.1025143191 0.9912747145 0.0828568488 0.4101773202 -0.0337596498 0.9113807082
184.0 297.1 2533.9 0.3060667515 -0.3306362033 -0.8927501440 0.9269399643 0.3172863722 0.2002790421 0.2170379609 -0.8888245225 0.4035907090
108.3 68.2 2480.2 -0.7949001193 -0.3306362033 -0.5087372065 0.4140523374 0.3172863722 -0.8531647325 0.4435025156 -0.8888245225 -0.1153102815
442.1 267.9 2650.7 0.0640101507 0.9531578422 -0.2956227064 -0.9963014126 0.0780526102 0.0359344892 0.0573253632 0.2922291458 0.9546287060
461.9 -40.3 2668.5 0.2821545303 0.9531578422 -0.1089903265 -0.5775647759 0.0780526102 -0.8126049042 -0.7660337687 0.2922291458 0.5725333095
166.5 -95.9 2573.1 -0.4694464803 0.2002181113 -0.8599608541 0.0515388884 0.9785041809 0.1996829361 0.8814554811 0.0494190268 -0.4696743488
88.2 -478.8 2553.8 -0.3950939178 0.2733412087 -0.8770321608 0.4267396033 0.9000560045 0.0882751793 0.8135073185 -0.3393873572 -0.4722521603
332.1 -115.7 2642.8 0.3467314243 0.1061297730 -0.9319408536 -0.2528166771 0.9673801661 0.0161043983 0.9032502770 0.2300263047 0.3622524738
290.6 -494.6 2552.7 0.3277443051 -0.1140881702 -0.9378526211 0.0358783342 0.9934688807 -0.1083156615 0.9440849423 0.0018512522 0.3296970725
308.3 -36.0 2368.7 0 0 0 0 0 0 0 0 0
534.5 -188.9 2471.4 0 0 0 0 0 0 0 0 0
-15.2 -819.2 2682.1 0 0 0 0 0 0 0 0 0
329.5 -833.6 2552.1 0 0 0 0 0 0 0 0 0
352.7 480.4 2584.2 2 0.9177537560 0.1383286715 -0.3722811639 -0.1165881827 0.9899199009 0.0804098621 0.3796515167 -0.0303928647 0.9246301651
325.0 282.0 2590.3 0.9177537560 0.1383286715 -0.3722811639 -0.1165881827 0.9899199009 0.0804098621 0.3796515167 -0.0303928647 0.9246301651
298.1 88.2 2597.3 0.9181503654 0.1374543905 -0.3716264069 -0.1137408093 0.9898582101 0.0851101801 0.3795562088 -0.0358748548 0.9244728684
194.3 298.2 2536.2 0.2706047595 -0.3802590370 -0.8844072223 0.9316621423 0.3348030746 0.1411118358 0.2424431890 -0.8621542454 0.4448722601
126.6 65.4 2475.6 -0.6557881832 -0.3802590370 -0.6521847248 0.5597293377 0.3348030746 -0.7580302954 0.5066013336 -0.8621542454 -0.0067177461
455.8 265.8 2644.3 0.0618564002 0.9605807662 -0.2710320652 -0.9947461486 0.0815263018 0.0619158410 0.0815714076 0.2657782137 0.9605769515
474.2 -31.1 2668.7 0.2707548141 0.9605807662 -0.0630589202 -0.4912130237 0.0815263018 -0.8672158122 -0.8278898597 0.2657782137 0.4939233959
181.3 -96.4 2568.5 -0.4494933486 0.1871392727 -0.8734613061 0.0045415466 0.9782756567 0.2072586268 0.8932721615 0.0891945139 -0.4405782819
108.1 -479.1 2533.6 -0.3421770334 0.3122396767 -0.8862399459 0.4759138227 0.8708394766 0.1230635643 0.8101980686 -0.3796643019 -0.4465804398
345.0 -115.0 2642.6 0.3709094822 0.1324670166 -0.9191728234 -0.2798748016 0.9597011805 0.0253712218 0.8854920864 0.2478428781 0.3930364549
293.2 -490.7 2545.6 0.3558886051 -0.1062872410 -0.9284644723 0.0575430728 0.9941183925 -0.0917462930 0.9327551126 -0.0207752381 0.3599115014
291.7 -75.5 2348.1 0 0 0 0 0 0 0 0 0
544.5 -158.6 2453.7 0 0 0 0 0 0 0 0 0
-15.6 -824.1 2684.0 0 0 0 0 0 0 0 0 0
330.1 -835.8 2552.8 0 0 0 0 0 0 0 0 0
363.7 479.8 2583.2 3 0.8974677324 0.1562290788 -0.4124853909 -0.1282619983 0.9871957302 0.0948340818 0.4220196307 -0.0322043300 0.9060145020
332.6 282.8 2589.6 0.8974677324 0.1562290788 -0.4124853909 -0.1282619983 0.9871957302 0.0948340818 0.4220196307 -0.0322043300 0.9060145020
301.9 89.6 2597.4 0.8979577422 0.1563109756 -0.4113864005 -0.1251667589 0.9869017005 0.1017756537 0.4219065905 -0.0398983359 0.9057610035
204.8 300.6 2529.6 0.2567717135 -0.4312480092 -0.8649239540 0.9358295798 0.3345046341 0.1110388041 0.2414358109 -0.8379330635 0.4894659817
139.2 61.4 2467.9 -0.4927379787 -0.4312480092 -0.7558005452 0.6906796098 0.3345046341 -0.6411460638 0.5293117166 -0.8379330635 0.1330310702
460.3 265.0 2649.7 0.0756016299 0.9623425007 -0.2611154914 -0.9960619211 0.0850476548 0.0250504818 0.0463144034 0.2581933439 0.9649824500
482.6 -27.7 2663.3 0.2713820934 0.9623425007 -0.0157692600 -0.3556681573 0.0850476548 -0.9307346940 -0.8943443894 0.2581933439 0.3653549850
188.3 -95.4 2570.1 0.9194275737 0.1584853232 -0.3599102199 -0.2045308352 0.9743915796 -0.0934247673 0.3358870149 0.1595100313 0.9282976389
126.4 -475.7 2507.8 0.9194275737 0.3415383399 -0.1949474812 -0.2045308352 0.8386975527 0.5047311783 0.3358870149 -0.4241909981 0.8409767747
354.1 -116.0 2638.7 0.3264445961 0.1424693912 -0.9344176650 -0.2706201077 0.9612795711 0.0520221926 0.9056482315 0.2358898371 0.3523595929
298.3 -492.4 2546.3 0.3136753440 -0.0912278593 -0.9451376796 0.0452302396 0.9956795573 -0.0810951665 0.9484524131 -0.0173112508 0.3164463937
264.0 -113.6 2333.7 0 0 0 0 0 0 0 0 0
552.9 -120.0 2431.4 0 0 0 0 0 0 0 0 0
-13.4 -819.1 2681.5 0 0 0 0 0 0 0 0 0
329.8 -836.0 2552.3 0 0 0 0 0 0 0 0 0
375.4 477.7 2582.7 4 0.8838626146 0.1702280790 -0.4356710613 -0.1371576339 0.9848039150 0.1065317020 0.4471852481 -0.0344037749 0.8937794566
341.5 281.7 2589.6 0.8838626146 0.1702280790 -0.4356710613 -0.1371576339 0.9848039150 0.1065317020 0.4471852481 -0.0344037749 0.8937794566
308.5 88.9 2598.1 0.8848376274 0.1683419347 -0.4344229698 -0.1314855516 0.9847654104 0.1137922108 0.4469607174 -0.0435672887 0.8934920430
215.6 300.4 2526.0 0.2692294121 -0.4833092690 -0.8330231905 0.9337855577 0.3426989019 0.1029658839 0.2357117683 -0.8055865169 0.5435718298
145.5 57.5 2464.6 -0.3007500768 -0.4833092690 -0.8221688271 0.7991979122 0.3426989019 -0.4938017428 0.5204153061 -0.8055865169 0.2831930518
467.5 263.0 2653.2 0.0526749939 0.9593241215 -0.2773492038 -0.9976524711 0.0627242848 0.0274800900 0.0437588431 0.2752506137 0.9603760839
482.5 -21.8 2665.7 0.2823067605 0.9593241215 0.0003561611 -0.2119168788 0.0627242848 -0.9752727151 -0.9356250167 0.2752506137 0.2210044563
190.3 -92.4 2567.1 0.9040225744 0.1320181936 -0.4065887332 -0.1897671819 0.9762022495 -0.1049644202 0.3830556273 0.1720474064 0.9075616002
138.7 -474.0 2499.8 0.9040225744 0.3493506014 -0.2463683486 -0.1897671819 0.8443827629 0.5010051131 0.3830556273 -0.4061673284 0.8296363354
352.4 -115.0 2643.2 0.2964305580 0.1291877329 -0.9462766051 -0.2840904593 0.9578868151 0.0417786203 0.9118232131 0.2564437091 0.3206479251
301.8 -490.0 2542.8 0.2880621552 -0.0738147795 -0.9547625780 0.0415473692 0.9970492721 -0.0645487681 0.9567099810 -0.0210738145 0.2902789712
222.1 -146.0 2332.1 0 0 0 0 0 0 0 0 0
555.7 -76.8 2423.2 0 0 0 0 0 0 0 0 0
1.0 -806.8 2659.9 0 0 0 0 0 0 0 0 0
327.5 -837.4 2550.2 0 0 0 0 0 0 0 0 0
381.4 474.0 2575.5 5 0.8774762154 0.1781737059 -0.4452972710 -0.1347038299 0.9826189876 0.1277291924 0.4603155255 -0.0520960763 0.8862254620
345.7 277.4 2585.9 0.8774762154 0.1781737059 -0.4452972710 -0.1347038299 0.9826189876 0.1277291924 0.4603155255 -0.0520960763 0.8862254620
311.1 85.1 2597.7 0.8783569932 0.1767553240 -0.4441244602 -0.1298273802 0.9824098945 0.1342222840 0.4600367844 -0.0602355637 0.8858543038
220.6 295.9 2520.4 0.2729830444 -0.4699104428 -0.8394429088 0.9351567626 0.3343800604 0.1169266626 0.2257479131 -0.8169296980 0.5307199955
148.6 49.1 2460.8 -0.1392610818 -0.4713076353 -0.8709049821 0.8807313442 0.3430878520 -0.3265011907 0.4526794255 -0.8125022054 0.3673166037
470.8 259.0 2651.5 0.0522389375 0.9657207727 -0.2542725503 -0.9985016584 0.0546648428 0.0024788631 0.0162936579 0.2537620664 0.9671294093
485.6 -22.6 2656.1 0.2560675740 0.9657207727 0.0425773747 -0.0402700342 0.0546648428 -0.9976924062 -0.9658197165 0.2537620664 0.0528874993
195.7 -92.1 2566.2 0.9029016495 0.1140121371 -0.4144512415 -0.1894679517 0.9710251093 -0.1456438601 0.3858373761 0.2100273222 0.8983418345
151.1 -471.7 2484.1 0.9029016495 0.3448184729 -0.2566491961 -0.1894679517 0.8551955223 0.4824339747 0.3858373761 -0.3869636357 0.8374894857
355.4 -115.8 2646.9 0.2778200805 0.1241932735 -0.9525712729 -0.3090837896 0.9504350424 0.0337696075 0.9095510840 0.2850424647 0.3024360836
306.8 -487.8 2535.3 0.2775301933 -0.0508859158 -0.9593683481 0.0423420705 0.9982737899 -0.0407006070 0.9597833753 -0.0293259956 0.2792057395
184.3 -176.6 2344.8 0 0 0 0 0 0 0 0 0
551.7 -33.0 2406.8 0 0 0 0 0 0 0 0 0
19.1 -799.2 2632.2 0 0 0 0 0 0 0 0 0
324.5 -834.8 2545.5 0 0 0 0 0 0 0 0 0
389.3 475.3 2569.9 6 0.8792126179 0.1830555350 -0.4398588836 -0.1354980916 0.9811900854 0.1375001222 0.4567553401 -0.0612918064 0.8874784112
352.4 277.7 2582.2 0.8792126179 0.1830555350 -0.4398588836 -0.1354980916 0.9811900854 0.1375001222 0.4567553401 -0.0612918064 0.8874784112
316.9 85.6 2595.4 0.8799487948 0.1816398054 -0.4389728010 -0.1315372288 0.9810493588 0.1422675699 0.4564954638 -0.0674469098 0.8871656060
227.1 296.4 2517.2 0.3076808453 -0.4697644114 -0.8274381757 0.9282017350 0.3394097090 0.1524552405 0.2092224956 -0.8149370551 0.5404660106
146.3 52.8 2462.3 0.0218426827 -0.4697146118 -0.8825480342 0.9263290167 0.3415771127 -0.1588698179 0.3760816753 -0.8140597343 0.4425712526
477.8 259.0 2647.3 0.0582539923 0.9805567265 -0.1873897910 -0.9976789951 0.0638123751 0.0237626154 0.0352583788 0.1855705827 0.9819981456
493.4 -7.6 2656.7 0.1808285415 0.9805567265 0.0762200505 0.0734762624 0.0638123751 -0.9952533245 -0.9807661772 0.1855705827 -0.0605085492
197.1 -95.6 2567.9 0.8805264831 0.0912373438 -0.4651331902 -0.1859079599 0.9691480398 -0.1618340313 0.4360176325 0.2289711088 0.8703222871
161.4 -474.7 2478.3 0.8805264831 0.3497604430 -0.3199074268 -0.1859079599 0.8756719828 0.4456869066 0.4360176325 -0.3329657912 0.8360756040
355.8 -119.0 2651.0 0.2758225799 0.1142857149 -0.9543902278 -0.3425888419 0.9393887520 0.0134797813 0.8980839252 0.3232454062 0.2982576489
311.1 -486.5 2524.5 0.2870132327 -0.0329864733 -0.9573584795 0.0667244419 0.9976679087 -0.0143715730 0.9555999637 -0.0597543754 0.2885449231
140.7 -185.8 2365.4 0 0 0 0 0 0 0 0 0
539.5 11.2 2406.3 0 0 0 0 0 0 0 0 0
31.9 -799.0 2601.6 0 0 0 0 0 0 0 0 0
322.7 -837.0 2545.5 0 0 0 0 0 0 0 0 0
394.5 471.5 2566.6 7 0.8809898496 0.1893144399 -0.4336091876 -0.1392041892 0.9796096087 0.1448695511 0.4521936178 -0.0672683865 0.8893795013
356.7 275.6 2580.0 0.8809898496 0.1893144399 -0.4336091876 -0.1392041892 0.9796096087 0.1448695511 0.4521936178 -0.0672683865 0.8893795013
319.8 83.8 2594.4 0.8816803694 0.1883781999 -0.4326122999 -0.1356228143 0.9793336987 0.1500399858 0.4519360363 -0.0736152083 0.8890076280
231.0 294.9 2515.6 0.3384748101 -0.4675207734 -0.8166144490 0.9187554121 0.3516804278 0.1794698238 0.2032814473 -0.8110148907 0.5485721827
144.3 59.6 2463.6 0.1621799022 -0.4718523920 -0.8666331172 0.9448624849 0.3274640739 -0.0014735180 0.2844865024 -0.8186101913 0.4989437163
482.3 256.3 2644.4 0.0707655847 0.9887418151 -0.1318402886 -0.9973907471 0.0720300153 0.0048403251 0.0142822899 0.1311537474 0.9912591577
500.1 5.6 2648.0 0.1171256751 0.9887418151 0.0931193084 0.1729087234 0.0720300153 -0.9823004603 -0.9779489636 0.1311537474 -0.1625255197
201.8 -94.7 2567.4 0.8700696230 0.0777583420 -0.4867571592 -0.1866166741 0.9659386277 -0.1792674512 0.4562380016 0.2468121499 0.8549448252
171.3 -472.7 2470.8 0.8700696230 0.3300734758 -0.3661016226 -0.1866166741 0.9079938531 0.3751285374 0.4562380016 -0.2580672801 0.8516150117
360.8 -118.4 2649.9 0.2754457891 0.1138950214 -0.9545457363 -0.3655334711 0.9307814837 0.0055803778 0.8891090751 0.3473813236 0.2980122864
316.2 -482.7 2513.9 0.3006272018 -0.0163785666 -0.9536010623 0.0956188515 0.9953324795 0.0130489683 0.9489364028 -0.0951051116 0.3007901311
102.3 -184.9 2390.0 0 0 0 0 0 0 0 0 0
529.6 49.2 2401.5 0 0 0 0 0 0 0 0 0
53.0 -798.1 2563.3 0 0 0 0 0 0 0 0 0
322.1 -837.4 2547.8 0 0 0 0 0 0 0 0 0
399.3 473.0 2565.4 8 0.8792622089 0.1999772191 -0.4323274791 -0.1479071528 0.9773631692 0.1512769759 0.4527929127 -0.0690678060 0.8889365792
359.4 277.9 2579.2 0.8792622089 0.1999772191 -0.4323274791 -0.1479071528 0.9773631692 0.1512769759 0.4527929127 -0.0690678060 0.8889365792
319.8 86.7 2594.1 0.8794867992 0.2021095604 -0.4308766127 -0.1468158513 0.9764106274 0.1583268195 0.4527118802 -0.0759868398 0.8884131908
234.0 298.8 2514.7 0.3692462742 -0.4695637524 -0.8019769788 0.9144505262 0.3373942673 0.2234844118 0.1656422615 -0.8158890605 0.5539743900
134.3 51.8 2470.0 0.2365411073 -0.4700922370 -0.8503302932 0.9390521049 0.3353016675 0.0758548900 0.2494583726 -0.8164472580 0.5207537413
484.7 257.0 2643.7 0.0628682971 0.9931610227 -0.0983804464 -0.9979791641 0.0634711832 0.0030072930 0.0092310496 0.0979925692 0.9951443076
500.3 9.2 2646.0 0.0751530007 0.9931610227 0.0893485397 0.2947710752 0.0634711832 -0.9534575939 -0.9526079893 0.0979925692 -0.2879851162
203.2 -95.7 2568.0 0.8698298931 0.0608700812 -0.4895823002 -0.1636261493 0.9717841744 -0.1698883474 0.4654271901 0.2278824300 0.8552468419
179.4 -476.1 2478.8 0.8563593626 0.3020392060 -0.4188328683 -0.2090528458 0.9444381595 0.2536405325 0.4721711278 -0.1296492368 0.8719205856
362.5 -120.2 2649.7 0.2670639753 0.1133793369 -0.9569858909 -0.3889039457 0.9212781191 0.0006182730 0.8817202449 0.3720104396 0.2901338637
318.2 -480.8 2504.1 0.3018065095 -0.0095574157 -0.9533212781 0.1172463819 0.9927312136 0.0271658450 0.9461321831 -0.1199723035 0.3007333279
72.0 -195.4 2404.3 0 0 0 0 0 0 0 0 0
519.1 83.1 2407.1 0 0 0 0 0 0 0 0 0
76.5 -797.7 2523.0 0 0 0 0 0 0 0 0 0
321.6 -834.8 2546.9 0 0 0 0 0 0 0 0 0
402.3 473.6 2564.9 9 0.8783092499 0.2077697217 -0.4305863082 -0.1549994200 0.9757347107 0.1546512246 0.4522698522 -0.0690909699 0.8892009854
360.9 279.1 2578.6 0.8783092499 0.2077697217 -0.4305863082 -0.1549994200 0.9757347107 0.1546512246 0.4522698522 -0.0690909699 0.8892009854
319.9 88.2 2593.6 0.8785908818 0.2097584605 -0.4290448427 -0.1536838710 0.9747743607 0.1618523747 0.4521718025 -0.0762647539 0.8886643648
235.7 301.0 2514.2 0.3957501948 -0.4736725092 -0.7867757678 0.9086493850 0.3262080550 0.2606617808 0.1331842840 -0.8180602789 0.5594991446
123.0 42.3 2476.3 0.2986529768 -0.4781897366 -0.8259182572 0.9367786646 0.3122413754 0.1579588652 0.1823515594 -0.8208774924 0.5412097573
486.1 257.2 2643.1 0.0509832725 0.9973877668 -0.0511701405 -0.9985656142 0.0500705838 -0.0189633071 -0.0163516514 0.0520635545 0.9985098839
498.8 9.9 2639.0 0.0259842221 0.9973877668 0.0673980489 0.4238161147 0.0500705838 -0.9043632150 -0.9053754807 0.0520635545 -0.4214079380
200.7 -91.3 2568.1 0.8706846833 0.0462316908 -0.4896640182 -0.1386061162 0.9782859087 -0.1540942341 0.4719073772 0.2020379156 0.8581865430
182.6 -474.1 2489.0 0.8505629897 0.2467974722 -0.4643636346 -0.2348163724 0.9683556557 0.0845492780 0.4705357254 0.0371257029 0.8815996051
359.7 -117.8 2649.9 0.9770522118 0.1063795313 0.1845327318 -0.0215377863 0.9112532735 -0.4112828970 -0.2119081318 0.3978704512 0.8926331997
318.0 -474.5 2494.2 0.9770522118 -0.0093602138 0.2127940804 -0.0215377863 0.9895719290 0.1424200684 -0.2119081318 -0.1437349617 0.9666618705
43.8 -206.1 2427.9 0 0 0 0 0 0 0 0 0
505.2 115.0 2414.5 0 0 0 0 0 0 0 0 0
101.1 -793.9 2476.7 0 0 0 0 0 0 0 0 0
321.5 -835.3 2546.6 0 0 0 0 0 0 0 0 0
400.7 474.1 2556.1 0 0.8960415721 0.2047691941 -0.3939277232 -0.1507631838 0.9748992324 0.1638352424 0.4175882638 -0.0874133930 0.9044218659
359.7 279.1 2573.5 0.8960415721 0.2047691941 -0.3939277232 -0.1507631838 0.9748992324 0.1638352424 0.4175882638 -0.0874133930 0.9044218659
318.7 88.5 2591.8 0.8955914378 0.2096507102 -0.3923806548 -0.1528794318 0.9733189940 0.1711081117 0.4177845120 -0.0932560265 0.9037474394
232.2 300.9 2514.1 0.4070364237 -0.5012667775 -0.7635790110 0.9057522416 0.3295365870 0.2664929032 0.1180431843 -0.8000857830 0.5881569386
114.9 39.9 2480.0 0.3501282036 -0.5164717436 -0.7814520001 0.9300920963 0.2906210423 0.2246509641 0.1110805050 -0.8054789901 0.5821208954
487.3 257.3 2633.0 0.0278506521 0.9992998838 -0.0249815825 -0.9993242025 0.0272341967 -0.0246862751 -0.0239886381 0.0256522298 0.9993830919
494.1 10.3 2627.1 0.0088721160 0.9992998838 0.0363458917 0.4935903847 0.0272341967 -0.8692680001 -0.8696492314 0.0256522298 -0.4930032194
199.4 -88.8 2567.6 0.8886370659 0.0390283912 -0.4569474757 -0.1355373263 0.9742149711 -0.1803740263 0.4381253719 0.2222204804 0.8710133433
184.1 -470.2 2480.6 0.8767973781 0.1772443801 -0.4470020235 -0.2186811119 0.9748752713 -0.0423887670 0.4282580316 0.1349172592 0.8935280442
358.2 -116.6 2649.4 0.9740561247 0.1052648500 0.2003346086 -0.0132247834 0.9101994038 -0.4139590561 -0.2259197831 0.4005699754 0.8879774213
317.0 -473.0 2492.5 0.9740561247 -0.0186505541 0.2255366892 -0.0132247834 0.9902040958 0.1389997154 -0.2259197831 -0.1383762062 0.9642677307
21.3 -208.6 2450.4 0 0 0 0 0 0 0 0 0
496.3 132.4 2412.0 0 0 0 0 0 0 0 0 0
123.4 -804.0 2434.4 0 0 0 0 0 0 0 0 0
323.8 -835.0 2543.1 0 0 0 0 0 0 0 0 0
398.9 473.3 2542.7 1 0.9318860173 0.2047850341 -0.2994186580 -0.1583337784 0.9722569585 0.1721824557 0.3263722658 -0.1130463332 0.9384570718
357.7 277.7 2565.4 0.9318860173 0.2047850341 -0.2994186580 -0.1583337784 0.9722569585 0.1721824557 0.3263722658 -0.1130463332 0.9384570718
316.7 87.7 2588.4 0.9308843017 0.2111009806 -0.2981455326 -0.1630128622 0.9704105854 0.1781294644 0.3269268870 -0.1172163710 0.9377521873
225.8 301.0 2519.1 0.4150501788 -0.5663321614 -0.7120401859 0.9030723572 0.3514413834 0.2468790412 0.1104248241 -0.7454909682 0.6573047638
105.7 39.8 2487.1 0.3734385073 -0.5854815245 -0.7195519805 0.9237025380 0.3062145114 0.2302309722 0.0855412930 -0.7506291270 0.6551630497
489.7 254.4 2611.8 0.0071875397 0.9999736547 -0.0010410694 -0.9999200106 0.0071763145 -0.0104123577 -0.0104046119 0.0011158254 0.9999452233
491.4 11.8 2609.2 -0.0026996180 0.9999736547 0.0067421524 0.5099267960 0.0071763145 -0.8601878881 -0.8602135777 0.0011158254 -0.5099326968
196.8 -88.3 2572.3 0.9276916385 0.0320931971 -0.3719654083 -0.1179879829 0.9704399109 -0.2105355561 0.3542132974 0.2391995192 0.9040555954
184.3 -468.3 2478.7 0.9207737446 0.1257078201 -0.3692874908 -0.1927219182 0.9696504474 -0.1504536420 0.3391665816 0.2097035497 0.9170553088
358.6 -116.0 2647.8 0.9592991471 0.1150961220 0.2578721642 0.0033181435 0.9085141420 -0.4178409278 -0.2823723853 0.4016900957 0.8711549044
313.5 -471.8 2490.5 0.9592991471 -0.0442598686 0.2789018452 0.0033181435 0.9893396497 0.1455886811 -0.2823723853 -0.1387376636 0.9492195249
5.6 -207.8 2464.2 0 0 0 0 0 0 0 0 0
490.8 137.5 2397.1 0 0 0 0 0 0 0 0 0
140.1 -809.1 2405.0 0 0 0 0 0 0 0 0 0
330.0 -839.8 2542.1 0 0 0 0 0 0 0 0 0
394.3 470.7 2530.0 2 0.9561327696 0.2048489600 -0.2093968689 -0.1671844572 0.9685747623 0.1841527671 0.2405400276 -0.1410665959 0.9603336453
353.3 277.1 2558.2 0.9561327696 0.2048489600 -0.2093968689 -0.1671844572 0.9685747623 0.1841527671 0.2405400276 -0.1410665959 0.9603336453
312.2 87.9 2587.0 0.9549002647 0.2121361345 -0.2077588737 -0.1729028225 0.9660929441 0.1917524785 0.2413920164 -0.1471824050 0.9592013359
218.2 301.8 2524.0 0.4166071117 -0.6305851936 -0.6548288465 0.9060526490 0.3468140960 0.2424635887 0.0742099062 -0.6943214536 0.7158285975
98.1 40.8 2502.6 0.3729513884 -0.6395849586 -0.6721892357 0.9236142635 0.3250602782 0.2031564116 0.0885662436 -0.6966110468 0.7119614482
488.5 252.3 2592.3 0.0061920630 0.9990836382 0.0423495919 -0.9999796152 0.0062530455 -0.0013076595 -0.0015712752 -0.0423406288 0.9991019964
490.0 8.7 2592.0 -0.0384498388 0.9990836382 -0.0187999830 0.5656701922 0.0062530455 -0.8246078491 -0.8237347007 -0.0423406288 -0.5653922558
191.9 -87.6 2581.9 0.9565160871 0.0110496813 -0.2914701998 -0.0858624429 0.9656715393 -0.2451655269 0.2787554562 0.2595311105 0.9246290922
187.6 -465.6 2480.3 0.9511966705 0.1016460806 -0.2913639843 -0.1746715009 0.9557222128 -0.2368224710 0.2543909550 0.2761577368 0.9268344641
359.3 -117.1 2640.7 0.9331532121 0.1320439428 0.3343492746 0.0183216743 0.9114157557 -0.4110786915 -0.3590116203 0.3897252381 0.8480712771
307.6 -474.0 2488.1 0.9331532121 -0.0807619318 0.3502892256 0.0183216743 0.9838549495 0.1780274361 -0.3590116203 -0.1597089916 0.9195671082
-2.5 -208.4 2478.7 0 0 0 0 0 0 0 0 0
480.5 147.9 2389.4 0 0 0 0 0 0 0 0 0
150.8 -811.7 2380.3 0 0 0 0 0 0 0 0 0
338.1 -846.1 2548.5 0 0 0 0 0 0 0 0 0
386.3 472.7 2521.1 3 0.9741238356 0.1867980808 -0.1272370666 -0.1604744494 0.9680604935 0.1926313639 0.1591563374 -0.1672284901 0.9729871154
349.0 279.5 2554.5 0.9741238356 0.1867980808 -0.1272370666 -0.1604744494 0.9680604935 0.1926313639 0.1591563374 -0.1672284901 0.9729871154
311.1 90.5 2588.0 0.9725348353 0.1956731677 -0.1260475665 -0.1685073078 0.9654768705 0.1986447275 0.1605654508 -0.1719489843 0.9719322324
211.4 303.6 2531.8 0.4094072878 -0.6873149872 -0.5999864936 0.9111073017 0.3423400223 0.2295360416 0.0476358347 -0.6406258345 0.7663741708
96.8 48.6 2518.5 0.3748149276 -0.6700503230 -0.6407389045 0.9130285978 0.3867359161 0.1296693683 0.1609117538 -0.6336149573 0.7567294836
486.6 255.4 2577.2 0.0569212139 0.9876129627 0.1462212056 -0.9980868697 0.0598315597 -0.0155798551 -0.0241355095 -0.1450546384 0.9891292453
501.1 1.3 2571.0 -0.1510565430 0.9876129627 -0.0424568914 0.6126790047 0.0598315597 -0.7880638838 -0.7757618427 -0.1450546384 -0.6141276360
185.3 -85.6 2594.1 0.9774068594 0.0035340479 -0.2113369256 -0.0598102249 0.9636192322 -0.2605008483 0.2027277052 0.2672554255 0.9420594573
184.0 -462.9 2489.5 0.9747476578 0.0725230202 -0.2112047970 -0.1379016787 0.9393971562 -0.3138726950 0.1756421924 0.3350721598 0.9256762266
356.8 -117.0 2637.5 0.9201973081 0.1328219175 0.3682326674 0.0281598680 0.9157795310 -0.4006929398 -0.3904407322 0.3790859282 0.8389576077
304.8 -475.6 2489.0 0.9201973081 -0.0995996669 0.3785721362 0.0281598680 0.9814269543 0.1897581816 -0.3904407322 -0.1639544219 0.9059111476
-3.7 -196.2 2475.3 0 0 0 0 0 0 0 0 0
464.3 150.6 2381.9 0 0 0 0 0 0 0 0 0
156.9 -813.8 2364.3 0 0 0 0 0 0 0 0 0
342.3 -845.9 2550.9 0 0 0 0 0 0 0 0 0
380.3 471.1 2518.2 4 0.9795600176 0.1688591093 -0.1093105301 -0.1448282301 0.9691758752 0.1993059367 0.1395957619 -0.1794008762 0.9738215208
346.6 277.7 2554.0 0.9795600176 0.1688591093 -0.1093105301 -0.1448282301 0.9691758752 0.1993059367 0.1395957619 -0.1794008762 0.9738215208
312.4 88.4 2590.1 0.9784373045 0.1759724319 -0.1081393287 -0.1511314064 0.9668361545 0.2058815211 0.1407824755 -0.1850989163 0.9725835323
207.7 299.3 2534.0 0.4095401764 -0.7137965560 -0.5681296587 0.9121302962 0.3086485565 0.2697302103 -0.0171801168 -0.6286736131 0.7774794698
96.6 51.9 2538.7 0.3558085263 -0.6730742455 -0.6483605504 0.9014788866 0.4301322699 0.0481875800 0.2464469671 -0.6016288996 0.7598069310
485.5 256.1 2573.9 0.1018973812 0.9526031613 0.2866428494 -0.9930834770 0.1143023446 -0.0268353783 -0.0583274178 -0.2819258273 0.9576616287
511.7 0.5 2558.9 -0.2904275358 0.9526031613 -0.0905485824 0.6175348759 0.1143023446 -0.7781938314 -0.7309600115 -0.2819258273 -0.6214622259
185.9 -83.3 2607.2 0.9824705124 0.0006523838 -0.1864170134 -0.0535326824 0.9588627219 -0.2787767649 0.1785664707 0.2838693559 0.9420892596
185.6 -458.8 2496.0 0.9795655012 0.0766770095 -0.1859355718 -0.1389937848 0.9262744784 -0.3502802849 0.1453689337 0.3689663708 0.9180042148
