363.3 371.0 2427.1 42 0.6490634084 -0.1124847680 0.7523722053 0.1650863737 0.9862662554 0.0050352891 -0.7426056862 0.1209381744 0.6587190032
385.5 176.8 2403.3 0.6490634084 -0.1124847680 0.7523722053 0.1650863737 0.9862662554 0.0050352891 -0.7426056862 0.1209381744 0.6587190032
406.5 -19.1 2378.9 0.6492181420 -0.1072141156 0.7530078888 0.1636966020 0.9865105152 -0.0006732448 -0.7427780628 0.1237019226 0.6580111384
290.9 152.7 2511.6 0.7992659211 0.5805106163 -0.1555038393 -0.6009405851 0.7748672366 -0.1960896403 0.0066627213 0.2501763403 0.9681773782
92.4 302.0 2510.0 -0.2221661210 0.5805106163 -0.7833579183 -0.1448598504 0.7748672366 0.6153018475 0.9641876817 0.2501763403 -0.0880565718
480.1 200.8 2295.0 -0.4198998511 0.9064176679 0.0457294136 0.8973808885 0.4071289599 0.1701575071 0.1356160045 0.1124858111 -0.9843552709
444.5 276.7 2306.5 -0.0246779434 0.9919608831 0.1241151243 0.9996815324 0.0251418222 -0.0021723418 -0.0052753584 0.1240219846 -0.9922654629
364.5 -230.4 2417.2 0.5260158181 0.0503102802 0.8489854336 -0.0978959501 0.9951952100 0.0016799683 -0.8448216915 -0.0839959234 0.5284135938
344.5 -625.7 2450.6 0.5222594738 0.0657590553 0.8502475023 -0.1848134547 0.9820553064 0.0375673585 -0.8325196505 -0.1767570823 0.5250408649
489.7 -201.6 2286.4 -0.0826521963 -0.0221089534 0.9963331819 -0.0183048099 0.9996188879 0.0206633639 -0.9964103103 -0.0165298171 -0.0830253959
498.5 -598.6 2293.0 -0.0893423855 -0.1583185196 0.9833377600 0.0229250081 0.9866975546 0.1609423161 -0.9957370758 0.0369219966 -0.0845244601
149.9 339.5 2260.3 0 0 0 0 0 0 0 0 0
439.1 495.9 2305.3 0 0 0 0 0 0 0 0 0
319.4 -1000.8 2518.1 0 0 0 0 0 0 0 0 0
558.9 -975.1 2278.9 0 0 0 0 0 0 0 0 0
360.6 371.4 2419.9 43 0.6525346041 -0.1192906424 0.7483103275 0.1460310668 0.9888162017 0.0302898344 -0.7435546517 0.0895113871 0.6626569033
384.1 176.7 2402.3 0.6525346041 -0.1192906424 0.7483103275 0.1460310668 0.9888162017 0.0302898344 -0.7435546517 0.0895113871 0.6626569033
405.7 -19.6 2382.6 0.6522740126 -0.1104170755 0.7498977780 0.1482743472 0.9888065457 0.0166230947 -0.7433393002 0.1003477946 0.6613448262
289.1 154.9 2510.7 0.8008197546 0.5772640109 -0.1595430523 -0.5984131098 0.7820468545 -0.1740817875 0.0242790040 0.2348807901 0.9717209339
90.1 303.5 2504.7 -0.2263216972 0.5772640109 -0.7845666409 -0.1231424958 0.7820468545 0.6109325886 0.9662372470 0.2348807901 -0.1059084460
479.1 198.4 2293.9 -0.4229175150 0.9047923684 0.0499153845 0.8991117477 0.4121261835 0.1474790424 0.1128664762 0.1072509810 -0.9878048301
443.3 274.5 2303.5 -0.0273093041 0.9912950993 0.1287951767 0.9992202520 0.0307459291 -0.0247701779 -0.0285144839 0.1280183047 -0.9913617969
368.3 -230.1 2422.4 0.5318134427 0.0637421086 0.8444592357 -0.0881241485 0.9959151149 -0.0196766462 -0.8422639370 -0.0639529452 0.5352582932
342.9 -625.7 2447.8 0.5281940699 0.0619418882 0.8468614221 -0.2025727928 0.9777308702 0.0548321679 -0.8246061802 -0.2005131096 0.5289793611
487.2 -200.1 2286.3 -0.0784714967 -0.0308040939 0.9964403510 -0.0212278068 0.9993475080 0.0292222388 -0.9966903329 -0.0188591294 -0.0790742040
499.5 -597.2 2293.8 -0.0878303200 -0.1526631117 0.9843677282 0.0383129716 0.9869377017 0.1564801633 -0.9953984022 0.0514577553 -0.0808340758
148.7 335.4 2254.5 0 0 0 0 0 0 0 0 0
437.3 493.6 2297.2 0 0 0 0 0 0 0 0 0
319.3 -999.1 2524.4 0 0 0 0 0 0 0 0 0
557.8 -974.0 2274.2 0 0 0 0 0 0 0 0 0
362.2 370.3 2426.4 44 0.6277685165 -0.1141355708 0.7699868679 0.1537550092 0.9878841639 0.0210784990 -0.7630636096 0.1051569134 0.6377114654
384.7 175.3 2405.6 0.6277685165 -0.1141355708 0.7699868679 0.1537550092 0.9878841639 0.0210784990 -0.7630636096 0.1051569134 0.6377114654
406.0 -20.8 2384.0 0.6277554631 -0.1089935675 0.7707421780 0.1538706422 0.9879862070 0.0143900253 -0.7630510330 0.1095611826 0.6369846463
293.3 152.7 2516.9 0.8023107648 0.5830454230 -0.1278882623 -0.5968861580 0.7818819284 -0.1799656004 -0.0049346020 0.2207230777 0.9753240347
93.9 301.0 2518.1 -0.1949044019 0.5830454230 -0.7887143493 -0.1291338801 0.7818819284 0.6099058390 0.9722842574 0.2207230777 -0.0771013126
476.1 197.9 2294.3 -0.4207606018 0.9069960713 0.0178503599 0.8975757360 0.4133747816 0.1532288045 0.1315990388 0.0804946944 -0.9880294800
440.5 273.8 2305.5 -0.0300919153 0.9948391914 0.0968989283 0.9993084073 0.0320615508 -0.0188338943 -0.0218434278 0.0962651744 -0.9951159954
367.8 -229.7 2430.8 0.5050581098 0.0592774265 0.8610473275 -0.0748946071 0.9968855381 -0.0246986188 -0.8598297238 -0.0520135686 0.5079246759
344.3 -625.7 2451.4 0.4995559454 0.0764486641 0.8629017472 -0.1903881431 0.9814330339 0.0232706536 -0.8451012969 -0.1759112626 0.5048356652
487.4 -202.5 2294.5 -0.1108564734 -0.0226802342 0.9935775995 -0.0007460496 0.9997411966 0.0227376912 -0.9938361645 0.0017793620 -0.1108447015
496.4 -599.7 2293.8 -0.1138867438 -0.1685974449 0.9790835977 0.0168547221 0.9850257635 0.1715812236 -0.9933507442 0.0360430107 -0.1093397141
144.4 334.4 2266.3 0 0 0 0 0 0 0 0 0
433.9 492.9 2300.7 0 0 0 0 0 0 0 0 0
315.1 -1000.5 2518.6 0 0 0 0 0 0 0 0 0
560.8 -975.8 2280.1 0 0 0 0 0 0 0 0 0
363.2 371.7 2427.6 45 0.6383282542 -0.1125665084 0.7614892125 0.1543591470 0.9878746867 0.0166381821 -0.7541288137 0.1069222018 0.6479640603
385.3 176.9 2406.5 0.6383282542 -0.1125665084 0.7614892125 0.1543591470 0.9878746867 0.0166381821 -0.7541288137 0.1069222018 0.6479640603
406.5 -19.1 2383.8 0.6379607320 -0.1082134768 0.7624276876 0.1576475948 0.9874610305 0.0082415994 -0.7537594438 0.1149370670 0.6470209956
292.4 153.8 2516.4 0.8009792566 0.5818626881 -0.1409540772 -0.5986905098 0.7790009975 -0.1863521934 0.0013719739 0.2336521149 0.9723193049
93.4 302.5 2516.1 -0.2078119665 0.5818626881 -0.7862887979 -0.1353461146 0.7790009975 0.6122408509 0.9687598348 0.2336521149 -0.0831328705
478.3 200.1 2296.6 -0.4204406738 0.9067891836 0.0310314856 0.8976222277 0.4107163846 0.1599574685 0.1323025674 0.0951071829 -0.9866360426
442.7 276.0 2307.7 -0.0275855549 0.9935727119 0.1097830907 0.9995015860 0.0291020274 -0.0122347940 -0.0153510682 0.1093908623 -0.9938802719
370.1 -231.3 2432.2 0.5151540041 0.0635187104 0.8547407389 -0.0839598626 0.9961937070 -0.0234277789 -0.8529754281 -0.0596950054 0.5185261369
344.9 -627.1 2455.9 0.5091743469 0.0853186697 0.8564240932 -0.1831815988 0.9830178022 0.0109777367 -0.8409435153 -0.1624707133 0.5161561966
485.2 -203.0 2292.4 -0.0975005105 -0.0263164062 0.9948874712 -0.0120561672 0.9996082187 0.0252597537 -0.9951624274 -0.0095316907 -0.0977795869
495.6 -600.2 2296.2 -0.1013395637 -0.1702625901 0.9801739454 0.0100093763 0.9850217104 0.1721395552 -0.9948015213 0.0272554774 -0.0981174558
147.2 337.5 2265.2 0 0 0 0 0 0 0 0 0
436.6 495.2 2304.4 0 0 0 0 0 0 0 0 0
312.3 -1002.6 2518.0 0 0 0 0 0 0 0 0 0
560.7 -976.5 2285.7 0 0 0 0 0 0 0 0 0
365.6 370.4 2427.7 46 0.6494479775 -0.1081851795 0.7526707649 0.1527432501 0.9882128239 0.0102450931 -0.7449072599 0.1083117276 0.6583173871
386.9 175.7 2406.3 0.6494479775 -0.1081851795 0.7526707649 0.1527432501 0.9882128239 0.0102450931 -0.7449072599 0.1083117276 0.6583173871
407.2 -20.5 2384.0 0.6493524313 -0.1037758440 0.7533737421 0.1536344290 0.9881208539 0.0036903142 -0.7448073030 0.1133478358 0.6575822234
292.3 153.1 2514.9 0.7972134948 0.5832939148 -0.1556239724 -0.6035664678 0.7754725814 -0.1853369772 0.0125761991 0.2416825593 0.9702738523
94.3 303.1 2511.8 -0.2221132368 0.5832939148 -0.7813026905 -0.1339244545 0.7754725814 0.6170141697 0.9657794237 0.2416825593 -0.0941254050
481.5 198.2 2297.7 -0.4167571962 0.9078657031 0.0457525179 0.9001915455 0.4051906466 0.1596112251 0.1263670623 0.1077051535 -0.9861191511
446.2 274.4 2308.4 -0.0212682504 0.9921110272 0.1235450134 0.9996488690 0.0230561066 -0.0130594857 -0.0158049259 0.1232238784 -0.9922530055
369.5 -229.8 2430.1 0.5265229940 0.0590765998 0.8481058478 -0.0863860399 0.9961371422 -0.0157576539 -0.8457606435 -0.0649677366 0.5295924544
346.1 -625.6 2455.9 0.5193807483 0.0955040753 0.8491894007 -0.1901589930 0.9817355871 0.0058940495 -0.8331165910 -0.1645422578 0.5280554891
486.5 -200.9 2291.9 -0.0838216990 -0.0264609456 0.9961293936 -0.0062005268 0.9996418953 0.0260324925 -0.9964614511 -0.0039944393 -0.0839557573
497.0 -598.1 2293.5 -0.0809723586 -0.1692868024 0.9822349548 -0.0228589457 0.9855270982 0.1679697782 -0.9964541793 -0.0088519445 -0.0836701766
151.8 337.7 2261.7 0 0 0 0 0 0 0 0 0
441.6 493.6 2304.9 0 0 0 0 0 0 0 0 0
309.6 -1000.7 2518.8 0 0 0 0 0 0 0 0 0
561.7 -974.4 2296.9 0 0 0 0 0 0 0 0 0
367.9 366.8 2428.7 47 0.6482005715 -0.1074179113 0.7538550496 0.1494672000 0.9886894226 0.0123607786 -0.7466562986 0.1046643406 0.6569244862
389.1 172.3 2408.1 0.6482005715 -0.1074179113 0.7538550496 0.1494672000 0.9886894226 0.0123607786 -0.7466562986 0.1046643406 0.6569244862
409.1 -23.9 2386.3 0.6480538845 -0.1022594050 0.7546980977 0.1508503109 0.9885467887 0.0044111405 -0.7465054393 0.1109877825 0.6560574174
294.7 150.1 2517.0 0.7964495420 0.5847890973 -0.1539150327 -0.6045747995 0.7753331661 -0.1826137304 0.0125449169 0.2384957820 0.9710624814
96.8 300.3 2513.9 -0.2203460932 0.5847890973 -0.7806851864 -0.1311260611 0.7753331661 0.6177899837 0.9665679336 0.2384957820 -0.0941605493
483.5 194.5 2299.3 -0.4153283536 0.9086078405 0.0439784974 0.9010612965 0.4042800963 0.1569907814 0.1248634234 0.1048300415 -0.9866203666
448.3 270.7 2309.8 -0.0199966021 0.9923859239 0.1215333119 0.9996314645 0.0220771879 -0.0157969575 -0.0183597934 0.1211726367 -0.9924616218
368.3 -230.9 2429.8 0.5245503187 0.0553148389 0.8495805860 -0.0920039266 0.9957262874 -0.0080248443 -0.8463936448 -0.0739553198 0.5273977518
346.3 -626.6 2459.1 0.5179588199 0.1011026204 0.8494097590 -0.1741115898 0.9846641421 -0.0110305967 -0.8374985456 -0.1421786994 0.5276185870
487.4 -202.7 2293.2 -0.0859645531 -0.0286746901 0.9958854914 -0.0037673486 0.9995879531 0.0284560993 -0.9962911010 -0.0013056318 -0.0860371590
498.7 -600.0 2293.7 -0.0820203945 -0.1466831118 0.9857771993 -0.0305751842 0.9890146255 0.1446208656 -0.9961615205 -0.0182784591 -0.0856042355
153.9 334.3 2263.6 0 0 0 0 0 0 0 0 0
443.9 489.9 2305.8 0 0 0 0 0 0 0 0 0
307.7 -1002.7 2513.5 0 0 0 0 0 0 0 0 0
554.8 -977.7 2300.7 0 0 0 0 0 0 0 0 0
364.6 368.3 2421.2 48 0.6756779552 -0.1179231480 0.7277042270 0.1341631413 0.9903085232 0.0359063856 -0.7248858809 0.0733699277 0.6849505901
387.8 173.1 2406.8 0.6756779552 -0.1179231480 0.7277042270 0.1341631413 0.9903085232 0.0359063856 -0.7248858809 0.0733699277 0.6849505901
409.5 -23.4 2390.0 0.6752358675 -0.1105227023 0.7292744517 0.1379954517 0.9901819229 0.0222935341 -0.7245783210 0.0855831578 0.6838579774
289.5 152.8 2512.5 0.7979227901 0.5720867515 -0.1898314059 -0.6001769304 0.7831968069 -0.1624513119 0.0557391010 0.2435560375 0.9682838321
91.2 301.9 2498.6 -0.2562591434 0.5720867515 -0.7791328430 -0.1114048883 0.7831968069 0.6117121577 0.9601667523 0.2435560375 -0.1369680762
486.2 193.4 2301.1 -0.4235241115 0.9022856951 0.0806713328 0.9014515281 0.4109775722 0.1359505057 0.0895120874 0.1302996129 -0.9874257445
450.4 269.7 2308.7 -0.0234653018 0.9869813919 0.1591134220 0.9988928437 0.0296380781 -0.0365331247 -0.0407733284 0.1580799967 -0.9865841269
370.0 -234.2 2432.7 0.5570426583 0.0611707680 0.8282279968 -0.1002932712 0.9949396253 -0.0060292492 -0.8244056702 -0.0797071457 0.5603588223
345.7 -629.6 2464.4 0.5524549484 0.0954240635 0.8280626535 -0.1575661898 0.9874703884 -0.0086711058 -0.8185147643 -0.1256842762 0.5605685115
488.8 -206.5 2295.8 -0.0485697165 -0.0260183141 0.9984808564 -0.0109797427 0.9996141791 0.0255137514 -0.9987594485 -0.0097238673 -0.0488366522
499.2 -603.8 2299.6 -0.0550532714 -0.1483189613 0.9874060154 0.0319003873 0.9881396294 0.1502077878 -0.9979736805 0.0397680625 -0.0496688895
157.6 330.8 2250.0 0 0 0 0 0 0 0 0 0
445.2 488.7 2299.7 0 0 0 0 0 0 0 0 0
309.2 -1006.8 2512.4 0 0 0 0 0 0 0 0 0
555.7 -980.6 2284.5 0 0 0 0 0 0 0 0 0
364.4 370.0 2426.5 49 0.6593486667 -0.1202346087 0.7421609759 0.1392799914 0.9895772338 0.0365787931 -0.7388236523 0.0792500004 0.6692227125
388.1 175.0 2410.9 0.6593486667 -0.1202346087 0.7421609759 0.1392799914 0.9895772338 0.0365787931 -0.7388236523 0.0792500004 0.6692227125
410.8 -21.4 2393.3 0.6587930918 -0.1155470759 0.7433980107 0.1439430118 0.9892391562 0.0261973180 -0.7384254336 0.0897483379 0.6683360934
292.2 153.9 2518.6 0.8030624986 0.5716676116 -0.1681867093 -0.5946981311 0.7867434025 -0.1654356718 0.0377455689 0.2328755111 0.9717738032
92.6 301.6 2509.2 -0.2351233363 0.5716676116 -0.7860745192 -0.1148394123 0.7867434025 0.6065037251 0.9651574492 0.2328755111 -0.1193317547
484.1 196.2 2303.2 -0.4277731180 0.9019694328 0.0588325858 0.8983235955 0.4170291424 0.1382079422 0.1001244411 0.1119723469 -0.9886542559
447.9 272.2 2311.7 -0.0312430914 0.9898739457 0.1384682506 0.9987738132 0.0362417698 -0.0337261707 -0.0384029895 0.1372447461 -0.9897924662
369.5 -232.8 2439.4 0.5409361720 0.0535755605 0.8393555284 -0.0806049854 0.9966778159 -0.0116701638 -0.8371922374 -0.0613434240 0.5434575677
348.2 -628.8 2463.7 0.5337643027 0.1035921201 0.8392641544 -0.1702405214 0.9853121638 -0.0133477058 -0.8283198476 -0.1357522458 0.5435600281
493.2 -207.5 2306.6 -0.0700879544 -0.0177521594 0.9973828197 0.0096466579 0.9997828007 0.0184727646 -0.9974941611 0.0109161297 -0.0699014813
500.3 -604.7 2302.3 -0.0768567026 -0.1391484290 0.9872845411 0.0571422912 0.9879711270 0.1436935365 -0.9954033494 0.0674595088 -0.0679809377
153.5 331.4 2259.3 0 0 0 0 0 0 0 0 0
441.0 491.2 2303.2 0 0 0 0 0 0 0 0 0
308.6 -1005.3 2515.6 0 0 0 0 0 0 0 0 0
553.4 -981.7 2276.5 0 0 0 0 0 0 0 0 0
366.5 369.7 2428.1 50 0.6611695290 -0.1191884279 0.7407084703 0.1401776224 0.9895389080 0.0341030471 -0.7370244861 0.0812828541 0.6709604859
390.0 174.6 2412.1 0.6611695290 -0.1191884279 0.7407084703 0.1401776224 0.9895389080 0.0341030471 -0.7370244861 0.0812828541 0.6709604859
412.3 -21.7 2393.7 0.6605145335 -0.1135478839 0.7421774864 0.1457457691 0.9890859723 0.0216139853 -0.7365315557 0.0938928798 0.6698547602
293.8 153.2 2519.5 0.8016826510 0.5729467273 -0.1704025120 -0.5966255665 0.7844485044 -0.1693470627 0.0366451591 0.2374290973 0.9707134366
94.6 301.4 2510.4 -0.2372152507 0.5729467273 -0.7845132351 -0.1185748652 0.7844485044 0.6087532640 0.9641934037 0.2374290973 -0.1181460693
486.2 196.0 2304.7 -0.4259918034 0.9026668072 0.0610213242 0.8988132477 0.4145444334 0.1424348652 0.1032751799 0.1155228615 -0.9879214168
450.2 272.1 2313.4 -0.0289788935 0.9896874428 0.1402816772 0.9989997149 0.0334567353 -0.0296674911 -0.0340549089 0.1392816305 -0.9896670580
373.3 -231.1 2443.1 0.5422230959 0.0643521696 0.8377665877 -0.0802747831 0.9964694977 -0.0245869532 -0.8363910913 -0.0539199151 0.5454746485
347.7 -627.1 2464.5 0.5344373584 0.1052501947 0.8386293054 -0.1783936620 0.9839104414 -0.0097975610 -0.8261672854 -0.1443699747 0.5446144938
494.0 -204.7 2307.7 -0.0682748705 -0.0087274145 0.9976283908 0.0233334657 0.9996742606 0.0103421882 -0.9973936677 0.0239842404 -0.0680489838
497.5 -601.9 2298.2 -0.0657852218 -0.1516653150 0.9862403274 0.0070531555 0.9882859588 0.1524503678 -0.9978088737 0.0169850886 -0.0639448911
156.1 332.1 2260.7 0 0 0 0 0 0 0 0 0
443.8 491.1 2306.0 0 0 0 0 0 0 0 0 0
307.5 -1003.0 2519.7 0 0 0 0 0 0 0 0 0
555.4 -978.8 2291.7 0 0 0 0 0 0 0 0 0
365.8 369.4 2428.9 51 0.6450567245 -0.1218629852 0.7543548346 0.1427725255 0.9890376925 0.0376887657 -0.7506782413 0.0833897591 0.6553841233
389.9 173.8 2412.5 0.6450567245 -0.1218629852 0.7543548346 0.1427725255 0.9890376925 0.0376887657 -0.7506782413 0.0833897591 0.6553841233
411.8 -22.6 2394.3 0.6449905634 -0.1120895892 0.7559253573 0.1433320791 0.9893736243 0.0244080201 -0.7506284714 0.0926054120 0.6542026997
295.9 152.8 2521.9 0.8025829792 0.5773463845 -0.1501057893 -0.5961286426 0.7855719924 -0.1658533365 0.0221640877 0.2225934118 0.9746593833
96.5 300.9 2516.4 -0.2170661390 0.5773463845 -0.7871171832 -0.1151352972 0.7855719924 0.6079642773 0.9693431854 0.2225934118 -0.1040481254
483.8 194.9 2303.0 -0.4242238402 0.9046555161 0.0404047370 0.8989964128 0.4153695405 0.1388291866 0.1088096946 0.0952183679 -0.9894917607
447.9 271.0 2312.2 -0.0302027985 0.9923503995 0.1197016761 0.9988547564 0.0344106779 -0.0332429968 -0.0371077172 0.1185605600 -0.9922531843
374.2 -231.6 2442.5 0.5239234567 0.0590550080 0.8497156501 -0.0969188139 0.9952477813 -0.0094105899 -0.8462333679 -0.0774230063 0.5271571875
350.8 -627.0 2473.3 0.5177531242 0.1197630242 0.8471059799 -0.1554827690 0.9868363738 -0.0444865562 -0.8412828445 -0.1086773276 0.5295587182
495.4 -204.9 2307.5 -0.0890262499 -0.0069535985 0.9960049987 0.0232250318 0.9996892810 0.0090552503 -0.9957584739 0.0239384044 -0.0888370872
498.1 -602.1 2298.0 -0.0862482265 -0.1396454573 0.9864382148 0.0034071223 0.9900806546 0.1404590011 -0.9962678552 0.0154752554 -0.0849169046
152.8 330.7 2265.4 0 0 0 0 0 0 0 0 0
441.3 490.0 2304.1 0 0 0 0 0 0 0 0 0
305.1 -1003.8 2514.8 0 0 0 0 0 0 0 0 0
551.4 -980.1 2292.0 0 0 0 0 0 0 0 0 0
368.0 367.0 2428.4 52 0.6476353407 -0.1189651191 0.7526059747 0.1400809437 0.9894902110 0.0358666517 -0.7489631176 0.0821972415 0.6574935913
391.5 171.6 2412.1 0.6476353407 -0.1189651191 0.7526059747 0.1400809437 0.9894902110 0.0358666517 -0.7489631176 0.0821972415 0.6574935913
413.2 -24.8 2394.0 0.6473619342 -0.1108237803 0.7540826201 0.1424356699 0.9895333052 0.0231491737 -0.7487553358 0.0924223736 0.6563714743
297.2 150.7 2521.3 0.8015927672 0.5779203176 -0.1531572491 -0.5973730683 0.7846472263 -0.1657532454 0.0243822411 0.2243586183 0.9742015600
98.1 299.1 2515.3 -0.2200235128 0.5779203176 -0.7858738899 -0.1149309278 0.7846472263 0.6091958284 0.9687004089 0.2243586183 -0.1062199250
485.8 192.5 2302.9 -0.4231426716 0.9050202966 0.0434575081 0.8996371031 0.4139560163 0.1389009356 0.1077186763 0.0978709012 -0.9893522859
450.0 268.6 2312.0 -0.0285506956 0.9920582771 0.1224957183 0.9989053011 0.0328586921 -0.0332933888 -0.0370540321 0.1214110777 -0.9919104576
375.0 -232.3 2444.7 0.5261871219 0.0601345263 0.8482399583 -0.0977935567 0.9951575994 -0.0098859090 -0.8447269201 -0.0777505636 0.5295198560
351.1 -627.8 2475.6 0.5214412212 0.1094956473 0.8462327123 -0.1464886814 0.9884960651 -0.0376383290 -0.8406189084 -0.1043373346 0.5314824581
493.2 -206.0 2307.1 -0.0860394686 -0.0105809746 0.9962355494 0.0117649855 0.9998630881 0.0116355801 -0.9962222576 0.0127218151 -0.0859032050
497.5 -603.4 2302.0 -0.0881006643 -0.1367887408 0.9866747856 0.0266117938 0.9898496270 0.1396050751 -0.9957560301 0.0385564864 -0.0835662112
155.1 328.8 2264.4 0 0 0 0 0 0 0 0 0
443.8 487.7 2303.9 0 0 0 0 0 0 0 0 0
309.3 -1005.3 2515.4 0 0 0 0 0 0 0 0 0
549.7 -981.3 2287.3 0 0 0 0 0 0 0 0 0
370.4 366.4 2428.6 53 0.6354076862 -0.1109073460 0.7641705275 0.1365011036 0.9901792407 0.0302083064 -0.7600161433 0.0851155370 0.6443064809
392.2 171.3 2411.8 0.6354076862 -0.1109073460 0.7641705275 0.1365011036 0.9901792407 0.0302083064 -0.7600161433 0.0851155370 0.6443064809
412.8 -25.3 2394.2 0.6354453564 -0.1051660404 0.7649505138 0.1361557543 0.9904190302 0.0230588894 -0.7600466013 0.0894997567 0.6436761618
299.7 151.3 2522.6 0.7993991375 0.5848140121 -0.1376720369 -0.6006378531 0.7832459807 -0.1604989767 0.0139690144 0.2109937966 0.9773876071
101.1 300.5 2519.2 -0.2044086754 0.5848140121 -0.7849902511 -0.1094207168 0.7832459807 0.6120072603 0.9727508426 0.2109937966 -0.0961115062
484.8 191.3 2300.9 -0.4175590575 0.9082297683 0.0276256204 0.9019185305 0.4105803967 0.1340398341 0.1103964299 0.0808856115 -0.9905908108
449.5 267.6 2310.3 -0.0250126328 0.9940627217 0.1058948189 0.9988309741 0.0292336550 -0.0384975746 -0.0413646959 0.1048080996 -0.9936318398
375.9 -234.5 2444.3 0.5128470659 0.0614237078 0.8562797308 -0.0856447816 0.9961217642 -0.0201602504 -0.8541972041 -0.0629967600 0.5161187649
351.5 -630.4 2469.3 0.5045686960 0.1123127118 0.8560352325 -0.1782093644 0.9836993217 -0.0240212921 -0.8447791934 -0.1404331028 0.5163590312
494.6 -208.4 2306.9 -0.1024706140 -0.0026726974 0.9947324395 0.0020914832 0.9999936223 0.0029022838 -0.9947338104 0.0023778651 -0.1024643630
495.7 -605.8 2306.0 -0.1106652692 -0.1496702582 0.9825232625 0.0551125780 0.9861502051 0.1564302891 -0.9923284650 0.0714607909 -0.1008838639
154.0 328.8 2267.3 0 0 0 0 0 0 0 0 0
444.0 486.6 2301.2 0 0 0 0 0 0 0 0 0
308.6 -1005.9 2522.9 0 0 0 0 0 0 0 0 0
552.8 -982.3 2278.7 0 0 0 0 0 0 0 0 0
369.8 368.2 2428.7 54 0.6346601844 -0.1122312248 0.7645983696 0.1372595578 0.9900376201 0.0313889869 -0.7605039477 0.0850270912 0.6437422633
392.0 172.9 2411.9 0.6346601844 -0.1122312248 0.7645983696 0.1372595578 0.9900376201 0.0313889869 -0.7605039477 0.0850270912 0.6437422633
412.9 -23.7 2394.8 0.6348615289 -0.1071205661 0.7651640773 0.1354416311 0.9904366732 0.0262812432 -0.7606618404 0.0869501159 0.6432987452
299.5 153.0 2522.8 0.8006106615 0.5833238959 -0.1369519979 -0.5989918113 0.7849692106 -0.1582154334 0.0152122593 0.2087020874 0.9778609276
100.6 301.8 2519.0 -0.2037930638 0.5833238959 -0.7862579823 -0.1072836891 0.7849692106 0.6101749539 0.9731179476 0.2087020874 -0.0973901525
484.4 192.8 2301.0 -0.4193265140 0.9074352980 0.0269536376 0.9013637304 0.4126148522 0.1315007508 0.1082069501 0.0794367790 -0.9909495711
449.0 269.1 2310.1 -0.0270374008 0.9940444231 0.1055683047 0.9986669421 0.0315053016 -0.0408864208 -0.0439688787 0.1043221131 -0.9935711622
375.5 -234.6 2446.1 0.5116717219 0.0669420287 0.8565692306 -0.1025983617 0.9945870042 -0.0164411627 -0.8530331850 -0.0794701204 0.5157701373
348.9 -629.8 2477.7 0.5080915093 0.0967872515 0.8558476567 -0.1437923014 0.9892528057 -0.0265086945 -0.8492153883 -0.1095954627 0.5165482163
492.0 -209.7 2306.7 -0.1028996930 -0.0106076980 0.9946351647 0.0020215453 0.9999388456 0.0108733997 -0.9946897030 0.0031295696 -0.1028719544
496.2 -607.0 2305.5 -0.1089675575 -0.1515057832 0.9824317098 0.0410212278 0.9867895842 0.1567277461 -0.9931985140 0.0573787950 -0.1013130918
153.4 329.6 2267.1 0 0 0 0 0 0 0 0 0
443.0 488.1 2300.5 0 0 0 0 0 0 0 0 0
311.9 -1007.5 2519.5 0 0 0 0 0 0 0 0 0
554.1 -983.9 2283.6 0 0 0 0 0 0 0 0 0
369.0 371.1 2429.2 55 0.6438406110 -0.1200042367 0.7556905746 0.1457094997 0.9887810349 0.0328761712 -0.7511578202 0.0889442861 0.6541031003
392.7 175.6 2411.6 0.6438406110 -0.1200042367 0.7556905746 0.1457094997 0.9887810349 0.0328761712 -0.7511578202 0.0889442861 0.6541031003
414.5 -20.8 2393.8 0.6443240643 -0.1113005653 0.7566099763 0.1415740997 0.9896116257 0.0250125378 -0.7515339255 0.0910001919 0.6533878446
298.8 154.8 2521.2 0.8021866083 0.5781245828 -0.1492267251 -0.5966537595 0.7855510712 -0.1640543342 0.0223813672 0.2206388712 0.9750987291
99.6 303.0 2515.7 -0.2161568403 0.5781245828 -0.7867961526 -0.1132985055 0.7855510712 0.6083362699 0.9697626829 0.2206388712 -0.1043015793
486.5 196.4 2302.0 -0.4234814644 0.9050436020 0.0394916348 0.8994823694 0.4148977101 0.1370816529 0.1076798812 0.0935735703 -0.9897722006
450.7 272.5 2311.1 -0.0295396540 0.9924948812 0.1186649799 0.9988097548 0.0339183621 -0.0350508168 -0.0388126783 0.1174883544 -0.9923155308
376.0 -232.9 2447.3 0.5234260559 0.0599682331 0.8499582410 -0.0908981189 0.9957578182 -0.0142776370 -0.8472087383 -0.0697863102 0.5266566277
352.2 -628.6 2475.0 0.5171459913 0.1186593249 0.8476319909 -0.1514676809 0.9873999357 -0.0458138771 -0.8423880339 -0.1046963856 0.5286029577
492.5 -208.1 2307.8 -0.0897231326 -0.0156686138 0.9958434701 -0.0049263993 0.9998710155 0.0152881267 -0.9959545732 -0.0035342241 -0.0897887498
498.7 -605.4 2309.2 -0.1016541943 -0.1266726553 0.9867220521 0.0851230621 0.9871149063 0.1354926378 -0.9911713004 0.0977662057 -0.0895616040
155.5 332.4 2264.6 0 0 0 0 0 0 0 0 0
444.2 491.5 2302.6 0 0 0 0 0 0 0 0 0
306.9 -1005.6 2515.0 0 0 0 0 0 0 0 0 0
547.0 -982.1 2271.9 0 0 0 0 0 0 0 0 0
373.7 370.8 2429.5 56 0.6407367587 -0.1140575111 0.7592412829 0.1433345675 0.9892878532 0.0276539065 -0.7542623281 0.0911066458 0.6502214670
396.2 175.1 2411.5 0.6407367587 -0.1140575111 0.7592412829 0.1433345675 0.9892878532 0.0276539065 -0.7542623281 0.0911066458 0.6502214670
417.9 -21.3 2393.0 0.6407219172 -0.1109618172 0.7597123981 0.1434651166 0.9893760681 0.0235111620 -0.7542501092 0.0939281136 0.6498340368
302.9 154.0 2521.5 0.8023421168 0.5790930390 -0.1445626765 -0.5966190696 0.7850768566 -0.1664333045 0.0171124358 0.2197853029 0.9753981829
103.6 302.2 2517.2 -0.2115224004 0.5790930390 -0.7873433232 -0.1156719774 0.7850768566 0.6085017323 0.9705041051 0.2197853029 -0.0990764946
489.5 196.2 2301.5 -0.4230509102 0.9054389000 0.0347615369 0.8991727233 0.4147680998 0.1394843459 0.1118765771 0.0902656093 -0.9896139503
453.7 272.2 2310.9 -0.0298212953 0.9930401444 0.1139385924 0.9988976717 0.0337413996 -0.0326328501 -0.0362501778 0.1128398404 -0.9929516912
377.5 -230.5 2444.6 0.5185002685 0.0636470988 0.8527054191 -0.1031962335 0.9945946932 -0.0114879021 -0.8488274217 -0.0820395052 0.5222657323
352.2 -625.7 2477.2 0.5153542757 0.1097872630 0.8499157429 -0.1338446140 0.9899008274 -0.0467118211 -0.8464606404 -0.0896835029 0.5248440504
495.7 -204.5 2306.8 -0.0945037454 0.0112803979 0.9954605699 0.0136100873 0.9998570085 -0.0100381477 -0.9954314828 0.0125996629 -0.0946437642
491.2 -601.7 2301.8 -0.0933856741 -0.1750817746 0.9801150560 0.0073139379 0.9842697382 0.1765208244 -0.9956031442 0.0236530174 -0.0906361565
158.3 332.2 2265.9 0 0 0 0 0 0 0 0 0
447.2 491.3 2303.0 0 0 0 0 0 0 0 0 0
310.3 -1003.8 2511.4 0 0 0 0 0 0 0 0 0
557.8 -976.1 2292.8 0 0 0 0 0 0 0 0 0
374.5 372.7 2429.6 57 0.6570916176 -0.1158921868 0.7448487282 0.1451531798 0.9890717268 0.0258398075 -0.7397034168 0.0911380351 0.6667328477
397.6 175.9 2411.5 0.6570916176 -0.1158921868 0.7448487282 0.1451531798 0.9890717268 0.0258398075 -0.7397034168 0.0911380351 0.6667328477
419.6 -20.4 2392.8 0.6569959521 -0.1125377193 0.7454472184 0.1459815502 0.9890716076 0.0206568316 -0.7396253943 0.0952500850 0.6662445068
301.9 154.5 2519.4 0.8015193939 0.5745345950 -0.1657609493 -0.5970985293 0.7839375138 -0.1700450033 0.0322494954 0.2352699786 0.9713948965
102.7 302.8 2511.3 -0.2325764000 0.5745345950 -0.7847408652 -0.1192305535 0.7839375138 0.6092832088 0.9652420878 0.2352699786 -0.1138232797
493.3 197.4 2303.6 -0.4249823987 0.9034501910 0.0562821738 0.8989641070 0.4139507711 0.1432073563 0.1060826629 0.1114562601 -0.9880910516
457.3 273.4 2312.6 -0.0285881814 0.9903733730 0.1354372501 0.9990431070 0.0327957310 -0.0289373323 -0.0331005268 0.1344803721 -0.9903632402
381.2 -231.1 2443.5 0.5357893705 0.0818507075 0.8403750658 -0.1131355464 0.9932746887 -0.0246121269 -0.8367378116 -0.0818893760 0.5414462090
348.7 -625.7 2476.1 0.5334331393 0.1000804678 0.8399005532 -0.1381672174 0.9899481535 -0.0302077401 -0.8344812393 -0.0999329165 0.5418989658
498.8 -204.8 2305.2 -0.0728340819 0.0161163341 0.9972138405 0.0208919253 0.9996746778 -0.0146302087 -0.9971252084 0.0197681393 -0.0731470957
492.4 -602.0 2297.3 -0.0668654218 -0.1766491085 0.9820000529 -0.0125877149 0.9842737317 0.1762010008 -0.9976825714 -0.0005793821 -0.0680374876
163.0 333.7 2261.4 0 0 0 0 0 0 0 0 0
451.0 492.5 2305.3 0 0 0 0 0 0 0 0 0
310.5 -1003.9 2514.2 0 0 0 0 0 0 0 0 0
559.7 -977.1 2297.5 0 0 0 0 0 0 0 0 0
377.7 369.1 2430.2 58 0.6421346664 -0.1078812927 0.7589629292 0.1400648355 0.9898933768 0.0222020093 -0.7536875606 0.0920473337 0.6507552266
399.0 173.6 2412.0 0.6421346664 -0.1078812927 0.7589629292 0.1400648355 0.9898933768 0.0222020093 -0.7536875606 0.0920473337 0.6507552266
419.7 -22.9 2394.1 0.6423355341 -0.1059492081 0.7590650916 0.1382043362 0.9901756048 0.0212560948 -0.7538598180 0.0912525430 0.6506676674
305.4 153.3 2522.0 0.7992229462 0.5828917027 -0.1465602517 -0.6007152200 0.7826348543 -0.1631685495 0.0195935629 0.2184490263 0.9756516218
106.9 302.5 2517.1 -0.2132505924 0.5828917027 -0.7840672135 -0.1120743230 0.7826348543 0.6123088002 0.9705480337 0.2184490263 -0.1015701443
492.5 193.9 2302.1 -0.4185217321 0.9074674845 0.0366377681 0.9016343355 0.4103103578 0.1367513537 0.1090645567 0.0902672857 -0.9899276495
457.1 270.2 2311.3 -0.0246086381 0.9930691123 0.1149268001 0.9989418387 0.0288950764 -0.0357811227 -0.0388539471 0.1139246598 -0.9927293658
381.7 -230.4 2441.7 0.5190513730 0.0766660944 0.8512977958 -0.1074299216 0.9939227104 -0.0240086671 -0.8479648829 -0.0789931267 0.5241332054
351.3 -625.3 2473.0 0.5138104558 0.1036090776 0.8516243100 -0.1662012339 0.9858956337 -0.0196704231 -0.8416507244 -0.1314341426 0.5237834454
502.2 -203.6 2306.0 -0.0928513855 0.0150716295 0.9955658913 0.0345109664 0.9993333220 -0.0119100017 -0.9950817227 0.0332520828 -0.0933096260
496.2 -600.7 2292.8 -0.0842962340 -0.1426275373 0.9861802459 -0.0259934310 0.9896808267 0.1409119517 -0.9961016178 -0.0137558617 -0.0871337429
162.1 331.6 2265.8 0 0 0 0 0 0 0 0 0
451.7 489.3 2302.8 0 0 0 0 0 0 0 0 0
311.7 -1001.8 2523.2 0 0 0 0 0 0 0 0 0
550.6 -978.1 2298.1 0 0 0 0 0 0 0 0 0
381.7 367.2 2431.0 59 0.6138836741 -0.0966443121 0.7834581733 0.1316341013 0.9911140203 0.0191171672 -0.7783439159 0.0913940966 0.6211504340
400.7 171.7 2413.0 0.6138836741 -0.0966443121 0.7834581733 0.1316341013 0.9911140203 0.0191171672 -0.7783439159 0.0913940966 0.6211504340
419.7 -25.1 2395.2 0.6139451861 -0.0969381630 0.7833736539 0.1310043633 0.9911803603 0.0199824367 -0.7784016728 0.0903572440 0.6212297678
311.3 152.4 2526.5 0.7960643768 0.5950877070 -0.1102366894 -0.6051609516 0.7803168297 -0.1577524692 -0.0078570060 0.1922920644 0.9813063145
113.5 302.7 2528.4 -0.1767900735 0.5950877070 -0.7839744091 -0.1063035727 0.7803168297 0.6162833571 0.9784910679 0.1922920644 -0.0746923313
490.2 190.9 2299.4 -0.4090904295 0.9124938250 -0.0002933397 0.9045061469 0.4055517912 0.1318953782 0.1204726771 0.0536918081 -0.9912636280
455.5 267.5 2309.6 -0.0205588005 0.9968283772 0.0768796429 0.9988725781 0.0237701237 -0.0410916433 -0.0427887551 0.0759481713 -0.9961932302
381.9 -232.4 2445.1 0.4872250855 0.0756942406 0.8699896932 -0.0962830409 0.9948189259 -0.0326332003 -0.8679523468 -0.0678655431 0.4919887781
351.8 -627.7 2472.1 0.4808506966 0.1073809862 0.8702022433 -0.1661907434 0.9856434464 -0.0297935642 -0.8609083891 -0.1302932948 0.4917930663
499.7 -207.0 2306.9 -0.1302204132 0.0126861539 0.9914038777 0.0434740596 0.9990295172 -0.0070734364 -0.9905315042 0.0421792455 -0.1306455582
494.6 -604.0 2290.1 -0.1186909005 -0.1495609134 0.9816027880 -0.0353383943 0.9886008501 0.1463542134 -0.9923021793 -0.0173173528 -0.1226231679
159.3 330.3 2275.0 0 0 0 0 0 0 0 0 0
451.0 486.5 2300.3 0 0 0 0 0 0 0 0 0
310.8 -1004.2 2521.8 0 0 0 0 0 0 0 0 0
551.7 -981.4 2296.7 0 0 0 0 0 0 0 0 0
386.3 364.0 2414.4 60 0.6420232058 -0.0927565694 0.7610535026 0.1034524962 0.9940571189 0.0338825434 -0.7596734762 0.0569795072 0.6478036046
404.6 167.7 2403.1 0.6420232058 -0.0927565694 0.7610535026 0.1034524962 0.9940571189 0.0338825434 -0.7596734762 0.0569795072 0.6478036046
421.9 -29.7 2391.3 0.6420226693 -0.0885032713 0.7615602612 0.1034582108 0.9942304492 0.0283235963 -0.7596731782 0.0606052764 0.6474748850
311.1 152.4 2513.9 0.7887834907 0.5970824361 -0.1459903717 -0.6136153936 0.7788110375 -0.1301133335 0.0360105298 0.1922131777 0.9806922674
115.1 304.9 2505.0 -0.2118048370 0.5970824361 -0.7737126350 -0.0780513659 0.7788110375 0.6223835945 0.9741902947 0.1922131777 -0.1183528453
498.1 182.9 2292.3 -0.4024961293 0.9147300124 0.0355790854 0.9117342830 0.3970869482 0.1051789373 0.0820823386 0.0747727826 -0.9938166142
464.1 260.1 2299.3 -0.0074728671 0.9938074946 0.1108641773 0.9975226521 0.0151637299 -0.0686919242 -0.0699476600 0.1100762039 -0.9914587736
382.7 -234.1 2448.6 0.5196257830 0.0800152868 0.8506389260 -0.0805585459 0.9957579970 -0.0444554836 -0.8505876660 -0.0454260260 0.5238674283
350.9 -629.7 2466.7 0.5119917989 0.0955676585 0.8536575437 -0.1957574338 0.9806227088 0.0076264641 -0.8363870978 -0.1710145026 0.5207788348
495.2 -210.0 2306.0 -0.0953294262 0.0046986295 0.9954347014 0.0169746839 0.9998511076 -0.0030938676 -0.9953010678 0.0166022535 -0.0953949913
493.4 -607.2 2299.4 -0.0903375670 -0.1789246053 0.9797066450 -0.0106742186 0.9838463664 0.1786963791 -0.9958540201 0.0056853932 -0.0907881632
170.0 325.1 2252.7 0 0 0 0 0 0 0 0 0
462.4 478.8 2283.9 0 0 0 0 0 0 0 0 0
314.4 -1004.0 2532.0 0 0 0 0 0 0 0 0 0
561.6 -982.8 2297.2 0 0 0 0 0 0 0 0 0
391.0 356.7 2413.6 61 0.6465504169 -0.0764806494 0.7590278387 0.1030280590 0.9946004748 0.0124565288 -0.7558820844 0.0701473951 0.6509389877
406.2 159.9 2399.7 0.6465504169 -0.0764806494 0.7590278387 0.1030280590 0.9946004748 0.0124565288 -0.7558820844 0.0701473951 0.6509389877
420.9 -37.5 2386.3 0.6466912627 -0.0757193714 0.7589841485 0.1011872366 0.9947820902 0.0130271157 -0.7560102940 0.0683749914 0.6509787440
312.0 145.0 2509.9 0.7804971933 0.6063899398 -0.1520375609 -0.6242125630 0.7692968845 -0.1361652762 0.0343927741 0.2011803687 0.9789502621
118.1 300.1 2501.4 -0.2171337903 0.6063899398 -0.7649471760 -0.0831907317 0.7692968845 0.6334521174 0.9725904465 0.2011803687 -0.1165943295
500.4 174.8 2289.4 -0.3908598423 0.9195201397 0.0413680002 0.9162517786 0.3843961358 0.1127933487 0.0878140554 0.0819898918 -0.9927569628
467.3 252.4 2296.9 0.0059260796 0.9934223890 0.1143541783 0.9980713129 0.0011907285 -0.0620663501 -0.0617942661 0.1145014390 -0.9914993048
380.6 -236.7 2448.8 0.5227596760 0.0745970756 0.8492099643 -0.0749498382 0.9963282943 -0.0413824879 -0.8491789103 -0.0420150533 0.5264312625
350.9 -632.6 2465.5 0.5140088201 0.1056542397 0.8512532711 -0.1893576235 0.9818793535 -0.0075279898 -0.8366233706 -0.1573218405 0.5247010589
498.2 -217.7 2309.7 -0.0904631615 0.0098394481 0.9958512187 0.0419462733 0.9991014600 -0.0060611609 -0.9950160384 0.0412239358 -0.0907946080
494.3 -614.5 2293.3 -0.0745857805 -0.1838979274 0.9801114798 -0.0445944704 0.9824809432 0.1809489131 -0.9962170124 -0.0302113369 -0.0814799443
174.3 321.6 2249.6 0 0 0 0 0 0 0 0 0
468.6 471.2 2283.3 0 0 0 0 0 0 0 0 0
310.6 -1007.5 2525.6 0 0 0 0 0 0 0 0 0
564.5 -989.5 2304.8 0 0 0 0 0 0 0 0 0
395.1 362.7 2414.7 62 0.6345600486 -0.0753632411 0.7691904306 0.1056477949 0.9943506122 0.0102674402 -0.7656188011 0.0747479647 0.6389371157
410.1 165.8 2399.9 0.6345600486 -0.0753632411 0.7691904306 0.1056477949 0.9943506122 0.0102674402 -0.7656188011 0.0747479647 0.6389371157
424.2 -31.7 2385.6 0.6347988248 -0.0727339461 0.7692465186 0.1024407521 0.9946936369 0.0095141409 -0.7658566236 0.0727626309 0.6388812065
317.6 150.7 2511.6 0.7797573209 0.6109680533 -0.1367354989 -0.6257627606 0.7675184011 -0.1390555948 0.0199884865 0.1939935982 0.9807991385
123.9 306.1 2506.6 -0.2018237114 0.6109680533 -0.7654967308 -0.0859404504 0.7675184011 0.6352398992 0.9756441116 0.1939935982 -0.1023965403
502.5 180.9 2288.2 -0.3876747191 0.9214346409 0.0258164816 0.9166834950 0.3824276030 0.1159331948 0.0969519317 0.0686099157 -0.9929214716
469.7 258.4 2296.4 0.0068408162 0.9951153994 0.0984810367 0.9982536435 -0.0010171240 -0.0590643063 -0.0586756356 0.0987131000 -0.9933845401
376.6 -244.4 2442.0 0.5080279708 0.0751861408 0.8580528498 -0.0869000927 0.9955741167 -0.0357853211 -0.8569457531 -0.0563849285 0.5123131275
346.8 -640.0 2464.4 0.5010666847 0.0907162651 0.8606408834 -0.1966002733 0.9804206491 0.0111193256 -0.8427814245 -0.1747737527 0.5090910196
495.2 -225.9 2303.4 -0.1062660888 -0.0076654349 0.9943081737 0.0039803949 0.9999589920 0.0081344005 -0.9943297505 0.0048221503 -0.1062312201
498.2 -622.9 2301.5 -0.1112000495 -0.1575721651 0.9812265635 0.0345414989 0.9861406684 0.1622758061 -0.9931975603 0.0519381166 -0.1042161137
176.1 328.4 2253.9 0 0 0 0 0 0 0 0 0
471.2 477.3 2283.5 0 0 0 0 0 0 0 0 0
312.1 -1014.5 2531.1 0 0 0 0 0 0 0 0 0
558.2 -998.1 2281.8 0 0 0 0 0 0 0 0 0
403.8 360.2 2429.2 63 0.5781788230 -0.0535836592 0.8141486645 0.1185446605 0.9927698374 -0.0188464038 -0.8072523475 0.1074095666 0.5803505778
414.4 164.8 2408.1 0.5781788230 -0.0535836592 0.8141486645 0.1185446605 0.9927698374 -0.0188464038 -0.8072523475 0.1074095666 0.5803505778
425.6 -32.4 2388.3 0.5783551931 -0.0578523465 0.8137311339 0.1154017448 0.9932534099 -0.0114056785 -0.8075814247 0.1005025283 0.5811295509
330.1 147.8 2525.8 0.7732015848 0.6306802034 -0.0663460419 -0.6320912838 0.7580052614 -0.1608993709 -0.0511853993 0.1663443893 0.9847383499
138.0 304.8 2538.5 -0.1311322749 0.6306802034 -0.7648835182 -0.1071746573 0.7580052614 0.6433829069 0.9855546355 0.1663443893 -0.0318060257
498.6 181.8 2290.3 -0.3709223568 0.9275547266 -0.0453742929 0.9171450138 0.3735557199 0.1389283538 0.1458134800 0.0099168271 -0.9892624021
467.2 259.4 2302.6 0.0119821019 0.9996053576 0.0254082587 0.9992700219 -0.0110485610 -0.0365690291 -0.0362738706 0.0258278865 -0.9990080595
380.4 -238.7 2441.4 0.4421099126 0.0866163224 0.8927689791 -0.0874982476 0.9947441816 -0.0531797558 -0.8926829696 -0.0546044223 0.4473650455
346.0 -634.0 2463.1 0.4371169209 0.0783534721 0.8959852457 -0.1698280126 0.9854680896 -0.0033261112 -0.8832255006 -0.1507094949 0.4440714121
496.8 -219.9 2300.9 -0.1782445610 -0.0034403966 0.9839801788 0.0028818180 0.9999877810 0.0040183966 -0.9839820266 0.0035519092 -0.1782324761
498.2 -617.1 2299.5 -0.1781457514 -0.1496754736 0.9725540280 0.0022290535 0.9882998466 0.1525070518 -0.9840015769 0.0293363575 -0.1757277846
172.0 332.6 2283.3 0 0 0 0 0 0 0 0 0
469.8 478.5 2294.7 0 0 0 0 0 0 0 0 0
316.1 -1010.3 2520.6 0 0 0 0 0 0 0 0 0
555.2 -993.9 2288.3 0 0 0 0 0 0 0 0 0
405.7 368.4 2422.0 64 0.5748920441 -0.0580281392 0.8161690235 0.1023905277 0.9947432876 -0.0013972549 -0.8117976189 0.0843712464 0.5778115392
417.2 171.6 2405.3 0.5748920441 -0.0580281392 0.8161690235 0.1023905277 0.9947432876 -0.0013972549 -0.8117976189 0.0843712464 0.5778115392
427.3 -26.0 2389.4 0.5752255917 -0.0525420941 0.8163055778 0.0963869244 0.9953364730 -0.0038553742 -0.8122961521 0.0808988959 0.5776073933
333.4 157.4 2523.8 0.7698639631 0.6351262331 -0.0626427457 -0.6368247867 0.7580271363 -0.1408867836 -0.0419959947 0.1483561099 0.9880418777
142.1 315.6 2534.2 -0.1271614283 0.6351262331 -0.7618691921 -0.0868349075 0.7580271363 0.6464167237 0.9880737066 0.1483561099 -0.0412406884
501.0 185.8 2286.8 -0.3657703400 0.9294036627 -0.0492030159 0.9217054844 0.3690610230 0.1193858385 0.1291165501 -0.0016828888 -0.9916279912
470.0 263.8 2297.8 0.0166968685 0.9996467829 0.0206764154 0.9982753992 -0.0155028300 -0.0566209555 -0.0562804155 0.0215861499 -0.9981816411
383.9 -240.3 2442.3 0.4394041300 0.0984315649 0.8928803205 -0.0886382014 0.9938785434 -0.0659450442 -0.8939056396 -0.0501667820 0.4454391003
344.8 -635.3 2462.3 0.4343600869 0.0832036883 0.8968881965 -0.1636200249 0.9864470959 -0.0122713502 -0.8857538104 -0.1414186954 0.4420870245
489.8 -219.0 2294.6 -0.1827849597 -0.0234066099 0.9828742743 -0.0091002509 0.9997140169 0.0221152660 -0.9831107855 -0.0049020643 -0.1829456836
499.1 -616.1 2296.6 -0.1822001785 -0.1548144221 0.9709972143 -0.0128399422 0.9878174067 0.1550868899 -0.9831776023 0.0157893114 -0.1819683164
175.1 338.1 2278.3 0 0 0 0 0 0 0 0 0
473.7 482.7 2285.4 0 0 0 0 0 0 0 0 0
313.1 -1012.1 2516.3 0 0 0 0 0 0 0 0 0
558.1 -993.1 2290.6 0 0 0 0 0 0 0 0 0
407.2 368.4 2401.9 65 0.5860078931 -0.0648910850 0.8077028394 0.0673788562 0.9972384572 0.0312334485 -0.8074991107 0.0361190438 0.5887619257
420.0 171.4 2394.7 0.5860078931 -0.0648910850 0.8077028394 0.0673788562 0.9972384572 0.0312334485 -0.8074991107 0.0361190438 0.5887619257
430.4 -26.7 2387.4 0.5862972140 -0.0539572835 0.8082970977 0.0625228509 0.9978170991 0.0212576911 -0.8076797128 0.0380737148 0.5883909464
334.6 162.1 2512.5 0.7705658674 0.6327934265 -0.0761625245 -0.6373444200 0.7641791105 -0.0991078764 -0.0045129973 0.1249108985 0.9921576977
143.1 320.4 2513.7 -0.1406923532 0.6327934265 -0.7614316344 -0.0451602824 0.7641791105 0.6434211731 0.9890228510 0.1249108985 -0.0789370313
505.4 180.7 2276.9 -0.3677953184 0.9292244315 -0.0356167518 0.9260084033 0.3694881499 0.0773751587 0.0850588605 -0.0045231921 -0.9963656664
474.2 259.0 2284.1 0.0171582066 0.9992608428 0.0344007388 0.9950241446 -0.0136879692 -0.0986891240 -0.0981452987 0.0359228961 -0.9945235252
385.0 -232.5 2447.8 0.4586585760 0.1038428023 0.8825241923 -0.0573984943 0.9945365787 -0.0871921182 -0.8867568374 -0.0106641501 0.4621131420
