484.3 545.2 2819.9 5 0.7687537670 -0.0228436049 0.6391367912 0.0015156233 0.9994241595 0.0338977650 -0.6395431161 -0.0250903424 0.7683456540
488.9 344.5 2824.9 0.7687537670 -0.0228436049 0.6391367912 0.0015156233 0.9994241595 0.0338977650 -0.6395431161 -0.0250903424 0.7683456540
492.6 145.8 2830.1 0.7688388228 -0.0183649305 0.6391788721 -0.0026113843 0.9994889498 0.0318585001 -0.6394373178 -0.0261631925 0.7683979869
380.7 344.9 2914.9 0.2364866585 -0.9707437754 0.0416004099 0.9671717286 0.2392834872 0.0855699778 -0.0930208191 0.0199985839 0.9954633117
312.7 66.8 2941.7 0.1306734681 -0.9900220633 -0.0527334213 0.9455233812 0.1404440850 -0.2937023044 0.2981778681 -0.0114815822 0.9544412494
597.1 344.1 2734.9 0.1743113995 -0.1767466217 0.9686982036 -0.9687740803 0.1453811526 0.2008509934 -0.1763301939 -0.9734603167 -0.1458859593
649.4 53.5 2682.1 -0.1141575500 -0.1635140330 0.9799138904 -0.9604897499 0.2701770365 -0.0668114051 -0.2538256049 -0.9488242865 -0.1878962964
427.2 -53.5 2893.0 0.7461194992 0.2159714103 0.6298111081 -0.0792711005 0.9680158496 -0.2380364984 -0.6610762477 0.1276778579 0.7393758297
341.3 -438.3 2842.3 0.7461923957 -0.0012662173 0.6657291651 -0.0915415809 0.9903040528 0.1044892967 -0.6594066024 -0.1389110237 0.7388414741
569.9 -52.9 2777.7 0.9519932866 0.1192971393 0.2819166481 -0.0801393017 0.9859446287 -0.1465975791 -0.2954428792 0.1169673055 0.9481730461
522.5 -444.9 2731.2 0.9479610920 0.0878953561 0.3060134053 -0.1762534529 0.9453026056 0.2744771838 -0.2651500106 -0.3141295910 0.9116019011
276.4 -195.9 2858.8 0 0 0 0 0 0 0 0 0
616.5 -223.6 2608.8 0 0 0 0 0 0 0 0 0
341.7 -738.1 2884.3 0 0 0 0 0 0 0 0 0
496.3 -726.7 2824.9 0 0 0 0 0 0 0 0 0
483.4 544.7 2808.3 6 0.7615892291 -0.0360849798 0.6470546722 -0.0045744060 0.9981243610 0.0610475726 -0.6480439305 -0.0494530648 0.7599956989
490.7 343.5 2818.3 0.7615892291 -0.0360849798 0.6470546722 -0.0045744060 0.9981243610 0.0610475726 -0.6480439305 -0.0494530648 0.7599956989
495.7 145.0 2828.1 0.7618418932 -0.0249699783 0.6472815871 -0.0128364200 0.9984785914 0.0536262877 -0.6476358175 -0.0491635315 0.7603622675
383.5 345.3 2909.4 0.2479910403 -0.9673553109 0.0521936528 0.9613232017 0.2523932755 0.1102513075 -0.1198255122 0.0228336304 0.9925323725
312.0 68.4 2943.9 0.1331714392 -0.9894722104 -0.0566576198 0.9419593811 0.1441387236 -0.3032104075 0.3081848323 -0.0129902121 0.9512377977
597.9 341.7 2727.2 0.1700473428 -0.1905200928 0.9668433070 -0.9711049199 0.1343195140 0.1972650290 -0.1674488783 -0.9724506736 -0.1621743292
648.3 54.1 2677.6 -0.1177147254 -0.1760150194 0.9773238897 -0.9608165622 0.2688908875 -0.0672995150 -0.2509477437 -0.9469510913 -0.2007705569
425.7 -52.7 2894.0 0.7453690767 0.2173426747 0.6302278042 -0.0630316883 0.9641035199 -0.2579368353 -0.6636655331 0.1525338143 0.7323124409
339.3 -435.8 2833.4 0.7464447021 -0.0070398240 0.6654102206 -0.1075538546 0.9855204821 0.1310783774 -0.6566981673 -0.1694101989 0.7348793745
566.8 -53.1 2776.7 0.9505644441 0.1096503809 0.2905237973 -0.0692907050 0.9868900776 -0.1457628906 -0.3026980162 0.1184264272 0.9457003474
523.2 -445.5 2729.6 0.9463159442 0.0923762470 0.3097624481 -0.1836255491 0.9422847033 0.2799663544 -0.2660221756 -0.3218169212 0.9086616635
275.0 -193.4 2858.3 0 0 0 0 0 0 0 0 0
614.3 -223.2 2605.2 0 0 0 0 0 0 0 0 0
341.5 -735.7 2884.9 0 0 0 0 0 0 0 0 0
495.5 -727.5 2825.9 0 0 0 0 0 0 0 0 0
481.4 545.0 2803.6 7 0.7830691934 -0.0382244699 0.6207588315 -0.0055574989 0.9976395965 0.0684422776 -0.6219097972 -0.0570449047 0.7810083628
489.1 343.9 2815.1 0.7830691934 -0.0382244699 0.6207588315 -0.0055574989 0.9976395965 0.0684422776 -0.6219097972 -0.0570449047 0.7810083628
495.2 145.6 2826.0 0.7832291126 -0.0307458658 0.6209724545 -0.0101856114 0.9980079532 0.0622608699 -0.6216497421 -0.0550895110 0.7813557386
378.9 345.4 2902.5 0.2258490026 -0.9738875628 0.0231341124 0.9643228054 0.2268715054 0.1364214569 -0.1381076276 -0.0085018966 0.9903807640
314.3 69.4 2942.0 0.1561638266 -0.9846661091 -0.0777531639 0.9388248324 0.1724341959 -0.2981181145 0.3069540858 -0.0264413357 0.9513569474
599.3 342.5 2727.6 0.1685102135 -0.1607936174 0.9724966288 -0.9715702534 0.1393578053 0.1913912594 -0.1662994921 -0.9771001935 -0.1327390820
649.6 52.7 2678.0 -0.1260247827 -0.1445231736 0.9814432263 -0.9574614763 0.2766015232 -0.0822141618 -0.2595868409 -0.9500550628 -0.1732340157
430.8 -52.2 2897.2 0.7637990117 0.2400572896 0.5991523862 -0.0773394033 0.9556150436 -0.2842859328 -0.6408039331 0.1707992256 0.7484636903
335.4 -431.9 2829.4 0.7644385695 -0.0285509229 0.6440640688 -0.0950919539 0.9830985069 0.1564445645 -0.6376450658 -0.1808375716 0.7488034368
570.6 -54.6 2778.4 0.9583224654 0.1225515455 0.2580682337 -0.0845883191 0.9845337272 -0.1534216255 -0.2728789151 0.1251978427 0.9538671970
521.8 -446.0 2728.7 0.9545392990 0.0850737989 0.2856871188 -0.1699236929 0.9427340627 0.2870163620 -0.2449094057 -0.3225134313 0.9143328071
270.9 -191.5 2856.7 0 0 0 0 0 0 0 0 0
613.2 -223.2 2603.2 0 0 0 0 0 0 0 0 0
344.1 -731.0 2884.4 0 0 0 0 0 0 0 0 0
496.6 -726.2 2824.5 0 0 0 0 0 0 0 0 0
484.9 544.7 2811.7 8 0.7925341725 -0.0390900411 0.6085733175 0.0115656666 0.9987274408 0.0490887575 -0.6097177863 -0.0318659656 0.7919777632
492.7 343.6 2818.1 0.7925341725 -0.0390900411 0.6085733175 0.0115656666 0.9987274408 0.0490887575 -0.6097177863 -0.0318659656 0.7919777632
499.3 145.0 2824.5 0.7927230597 -0.0328803398 0.6086945534 0.0063235862 0.9989340305 0.0457248017 -0.6095491648 -0.0323979743 0.7920860052
381.2 342.7 2903.8 0.2415906340 -0.9703029990 0.0120875053 0.9614394307 0.2410334498 0.1324279010 -0.1314086765 -0.0203719363 0.9911189079
312.6 69.6 2941.1 0.1485416144 -0.9839988947 -0.0983948410 0.9328354597 0.1724516898 -0.3163518012 0.3282581866 -0.0447947830 0.9435253143
604.3 344.4 2732.4 0.1498587579 -0.1466944218 0.9777643085 -0.9709470272 0.1647662520 0.1735338420 -0.1865590066 -0.9753628969 -0.1177408472
649.3 52.5 2676.3 -0.1275348514 -0.1325560063 0.9829363227 -0.9562000632 0.2796881199 -0.0863479078 -0.2634696662 -0.9508961439 -0.1624200493
429.5 -51.9 2894.0 0.7689213753 0.2407485694 0.5922837853 -0.0799588263 0.9553317428 -0.2845134437 -0.6343236566 0.1714101583 0.7538249493
333.8 -431.6 2825.9 0.7695463300 -0.0360777862 0.6375710368 -0.0946257338 0.9809387922 0.1697206646 -0.6315413117 -0.1909385324 0.7514639497
573.1 -53.7 2780.0 0.9609882832 0.1299863160 0.2441414446 -0.0889032558 0.9810118079 -0.1723718643 -0.2619116306 0.1439423710 0.9542970657
521.5 -443.7 2722.8 0.9576508999 0.0800209939 0.2765887976 -0.1677599251 0.9357818961 0.3101111054 -0.2340113819 -0.3433786929 0.9095766544
271.3 -189.6 2849.9 0 0 0 0 0 0 0 0 0
612.6 -223.0 2600.4 0 0 0 0 0 0 0 0 0
344.7 -727.6 2883.5 0 0 0 0 0 0 0 0 0
496.8 -732.6 2828.8 0 0 0 0 0 0 0 0 0
484.5 543.9 2804.7 9 0.8058441281 -0.0424280465 0.5906057358 0.0075488170 0.9980846643 0.0614007078 -0.5920796394 -0.0450210236 0.8046209216
493.0 342.2 2813.8 0.8058441281 -0.0424280465 0.5906057358 0.0075488170 0.9980846643 0.0614007078 -0.5920796394 -0.0450210236 0.8046209216
500.7 143.8 2822.5 0.8059238195 -0.0387488231 0.5907498002 0.0055879625 0.9983091354 0.0578583926 -0.5919928551 -0.0433283709 0.8047776818
379.7 341.4 2897.1 0.2400785685 -0.9707201719 -0.0080402978 0.9596119523 0.2360637337 0.1530321687 -0.1466533840 -0.0444553085 0.9881885052
311.3 68.1 2938.9 0.1274191141 -0.9844657183 -0.1207957864 0.9338774085 0.1601052731 -0.3197488189 0.3341217935 -0.0720663369 0.9397707582
606.4 343.0 2730.6 0.1428527683 -0.1275136173 0.9814954996 -0.9732400179 0.1622435749 0.1627295315 -0.1799915731 -0.9784770012 -0.1009244025
647.9 60.1 2678.2 -0.1157388985 -0.1152566224 0.9865700006 -0.9590278864 0.2715501785 -0.0807837993 -0.2585923970 -0.9554979801 -0.1419632286
433.2 -54.1 2886.9 0.7786106467 0.2455415726 0.5774727464 -0.0997439101 0.9569922686 -0.2724279463 -0.6195293665 0.1545159072 0.7696156502
335.6 -434.5 2825.5 0.7786666751 -0.0249136891 0.6269429922 -0.1018772572 0.9809314609 0.1655127257 -0.6191116571 -0.1927504838 0.7612805367
578.6 -52.9 2775.1 0.9642252922 0.1428550929 0.2232979685 -0.1064309105 0.9801186323 -0.1674513966 -0.2427797765 0.1376950592 0.9602593780
521.8 -442.5 2720.4 0.9607773423 0.0839487985 0.2643095553 -0.1685229242 0.9336572289 0.3160445988 -0.2202429622 -0.3481906950 0.9111840129
275.9 -191.4 2846.0 0 0 0 0 0 0 0 0 0
614.7 -215.1 2604.0 0 0 0 0 0 0 0 0 0
343.0 -725.1 2882.6 0 0 0 0 0 0 0 0 0
496.3 -726.4 2826.2 0 0 0 0 0 0 0 0 0
485.7 546.1 2801.8 0 0.8043531179 -0.0345485844 0.5931462049 -0.0027419622 0.9980815053 0.0618528910 -0.5941451788 -0.0513779521 0.8027152419
492.6 344.8 2812.1 0.8043531179 -0.0345485844 0.5931462049 -0.0027419622 0.9980815053 0.0618528910 -0.5941451788 -0.0513779521 0.8027152419
498.9 146.4 2822.1 0.8043991923 -0.0317781903 0.5932386518 -0.0041271998 0.9982453585 0.0590695553 -0.5940748453 -0.0499639176 0.8028565645
379.4 345.4 2895.7 0.2389131188 -0.9710041881 -0.0084508881 0.9612569213 0.2352646142 0.1436511725 -0.1374976933 -0.0424436256 0.9895923138
310.3 67.2 2935.5 0.1177861542 -0.9855093956 -0.1220557466 0.9296933413 0.1526324749 -0.3352217972 0.3489939272 -0.0739899278 0.9341995120
605.8 344.3 2728.5 0.1447919309 -0.1289758384 0.9810201526 -0.9738167524 0.1570407748 0.1643750817 -0.1752605736 -0.9791340232 -0.1028605849
648.4 57.8 2677.0 -0.1196995229 -0.1164238527 0.9859601855 -0.9604286551 0.2651456594 -0.0852910429 -0.2514931560 -0.9571537375 -0.1435546130
434.5 -55.2 2885.4 0.7775990367 0.2570305467 0.5738248825 -0.1044596732 0.9527561665 -0.2852084637 -0.6200224757 0.1618362516 0.7677116394
332.3 -433.9 2821.0 0.7775382400 -0.0346391052 0.6278809309 -0.1027073935 0.9780781865 0.1811469048 -0.6203914285 -0.2053366452 0.7569355369
582.3 -54.1 2776.8 0.9623991847 0.1570392549 0.2216448933 -0.1175367758 0.9763577580 -0.1814127415 -0.2448936403 0.1485400498 0.9581038356
519.9 -442.2 2717.8 0.9600282907 0.0725351423 0.2703412473 -0.1622733921 0.9311940074 0.3264124691 -0.2280637622 -0.3572343886 0.9057430625
277.6 -191.1 2838.5 0 0 0 0 0 0 0 0 0
614.1 -217.4 2604.9 0 0 0 0 0 0 0 0 0
342.7 -727.1 2882.6 0 0 0 0 0 0 0 0 0
497.8 -725.9 2826.6 0 0 0 0 0 0 0 0 0
484.1 546.0 2799.8 1 0.8069601059 -0.0344157964 0.5896023512 -0.0053717159 0.9978317618 0.0655966476 -0.5905814767 -0.0561010577 0.8050255775
491.1 345.1 2811.1 0.8069601059 -0.0344157964 0.5896023512 -0.0053717159 0.9978317618 0.0655966476 -0.5905814767 -0.0561010577 0.8050255775
497.6 146.7 2821.6 0.8069404960 -0.0328764319 0.5897170305 -0.0047889315 0.9980525970 0.0621938780 -0.5906133652 -0.0530108698 0.8052116036
377.5 345.8 2894.2 0.2362516820 -0.9715707302 -0.0153447259 0.9630812407 0.2320312709 0.1365136951 -0.1290722489 -0.0470298044 0.9905193448
310.2 71.3 2931.0 0.1136219501 -0.9858092666 -0.1235722229 0.9330684543 0.1486040205 -0.3275668919 0.3412818015 -0.0780825615 0.9367122650
604.6 344.4 2728.0 0.1507675201 -0.1242235452 0.9807332158 -0.9743455052 0.1490120590 0.1686600000 -0.1670926213 -0.9810014963 -0.0985704735
649.4 54.8 2678.3 -0.1279210895 -0.1080150902 0.9858848453 -0.9554749727 0.2799313962 -0.0933056176 -0.2659017146 -0.9539240599 -0.1390148401
431.5 -51.6 2886.5 0.7842050791 0.2427033186 0.5710669756 -0.0905783549 0.9552483559 -0.2815956175 -0.6138550043 0.1691024005 0.7710943222
335.0 -431.4 2819.3 0.7850161195 -0.0334226601 0.6185730100 -0.1098174527 0.9752196074 0.1920596361 -0.6096636653 -0.2187000215 0.7618927360
579.0 -52.4 2777.5 0.9820972681 0.1492970288 0.1148711741 -0.1284201145 0.9767675996 -0.1715614349 -0.1378160566 0.1537382454 0.9784535170
519.7 -440.7 2716.4 0.9820972681 0.0696886405 0.1750099510 -0.1284201145 0.9273888469 0.3513661325 -0.1378160566 -0.3675505221 0.9197354913
278.6 -188.0 2836.1 0 0 0 0 0 0 0 0 0
612.7 -219.5 2601.9 0 0 0 0 0 0 0 0 0
345.2 -728.2 2885.8 0 0 0 0 0 0 0 0 0
498.0 -729.3 2830.8 0 0 0 0 0 0 0 0 0
484.4 545.5 2798.3 2 0.8136802912 -0.0310474634 0.5804829597 -0.0080854818 0.9978716373 0.0647054017 -0.5812563896 -0.0573429950 0.8116974831
490.6 344.8 2809.8 0.8136802912 -0.0310474634 0.5804829597 -0.0080854818 0.9978716373 0.0647054017 -0.5812563896 -0.0573429950 0.8116974831
496.7 146.4 2820.4 0.8136212230 -0.0303907879 0.5806004405 -0.0061670430 0.9981255531 0.0608877577 -0.5813626051 -0.0531201586 0.8119087219
376.1 345.7 2891.6 0.2310484052 -0.9726781249 -0.0226693247 0.9624783993 0.2250934839 0.1515527219 -0.1423092932 -0.0568347499 0.9881891608
310.2 70.8 2932.3 0.1119887158 -0.9846860766 -0.1336108744 0.9271326065 0.1519240737 -0.3425554335 0.3576082885 -0.0855126604 0.9299483299
605.1 343.9 2728.0 0.1485341042 -0.1138082370 0.9823366404 -0.9737400413 0.1564780325 0.1653629541 -0.1725337654 -0.9811025858 -0.0875773206
649.3 54.7 2676.8 -0.1238240525 -0.1016355157 0.9870855212 -0.9619203210 0.2565663457 -0.0942498073 -0.2436738014 -0.9611679912 -0.1295343488
430.1 -51.3 2886.3 0.7893841863 0.2379344404 0.5659149885 -0.0983085930 0.9589338899 -0.2660472989 -0.6059768796 0.1543792337 0.7803583145
335.5 -432.5 2825.0 0.7892875075 -0.0349079482 0.6130307317 -0.0955060571 0.9792522788 0.1787274778 -0.6065507531 -0.1996155083 0.7695776820
578.2 -52.1 2778.0 0.9836151004 0.1458697468 0.1059405357 -0.1285705119 0.9795166850 -0.1549732536 -0.1263764352 0.1388132125 0.9822219014
520.2 -441.5 2722.8 0.9840309024 0.0732675791 0.1622189581 -0.1234399900 0.9374960661 0.3253670633 -0.1282407641 -0.3401955664 0.9315692782
279.0 -186.9 2832.9 0 0 0 0 0 0 0 0 0
613.7 -221.5 2606.8 0 0 0 0 0 0 0 0 0
346.0 -726.2 2884.8 0 0 0 0 0 0 0 0 0
498.2 -722.8 2824.8 0 0 0 0 0 0 0 0 0
482.9 546.4 2798.5 3 0.8208794594 -0.0317831896 0.5702164173 -0.0054760091 0.9979662895 0.0635086894 -0.5710752606 -0.0552554876 0.8190359473
489.3 345.4 2809.7 0.8208794594 -0.0317831896 0.5702164173 -0.0054760091 0.9979662895 0.0635086894 -0.5710752606 -0.0552554876 0.8190359473
495.0 146.9 2820.1 0.8209099770 -0.0285718553 0.5703424215 -0.0064852959 0.9982166886 0.0593411028 -0.5710207820 -0.0524125434 0.8192607760
373.8 346.3 2890.0 0.2154717892 -0.9757372737 -0.0388421044 0.9687730670 0.2085981965 0.1340356618 -0.1226811931 -0.0665100887 0.9902150035
312.0 68.3 2925.2 0.1239283606 -0.9830121994 -0.1353837699 0.9275764823 0.1632274687 -0.3360931575 0.3524820209 -0.0839273259 0.9320475459
604.9 344.5 2729.3 0.1460209638 -0.1029107049 0.9839142561 -0.9722271562 0.1689499766 0.1619575173 -0.1828994453 -0.9802373648 -0.0753823444
648.4 54.4 2674.7 -0.1224245951 -0.0929224342 0.9881182313 -0.9632329345 0.2510323822 -0.0957343504 -0.2391538173 -0.9635082483 -0.1202384904
428.1 -51.5 2884.3 0.7956027985 0.2318843454 0.5596836805 -0.1038077325 0.9623642564 -0.2511552274 -0.5968585610 0.1417203248 0.7897310853
335.9 -434.0 2827.9 0.7952715755 -0.0293041896 0.6055446863 -0.0901273638 0.9820173383 0.1658885926 -0.5995166302 -0.1865026206 0.7783293724
577.4 -52.6 2777.6 0.9855078459 0.1410093606 0.0942900926 -0.1260188669 0.9806999564 -0.1494885832 -0.1135495752 0.1354398429 0.9842573404
521.3 -442.5 2723.7 0.9857520461 0.0769995227 0.1495458335 -0.1231086403 0.9360940456 0.3295030296 -0.1146173850 -0.3432186842 0.9322358966
277.6 -189.5 2827.3 0 0 0 0 0 0 0 0 0
613.3 -222.3 2606.0 0 0 0 0 0 0 0 0 0
344.6 -727.0 2883.6 0 0 0 0 0 0 0 0 0
498.2 -723.3 2826.7 0 0 0 0 0 0 0 0 0
481.9 544.2 2798.2 4 0.8134038448 -0.0334612392 0.5807362199 -0.0041547352 0.9979845285 0.0633218288 -0.5816845298 -0.0539190210 0.8116254210
488.7 343.1 2809.0 0.8134038448 -0.0334612392 0.5807362199 -0.0041547352 0.9979845285 0.0633218288 -0.5816845298 -0.0539190210 0.8116254210
494.4 144.7 2819.4 0.8134965897 -0.0287689045 0.5808576345 -0.0071303062 0.9982072711 0.0594255887 -0.5815259218 -0.0524842106 0.8118330836
374.2 344.1 2890.9 0.2218905538 -0.9747217298 -0.0261180904 0.9670123458 0.2165408432 0.1341537386 -0.1251069307 -0.0550239645 0.9906162620
310.9 68.4 2926.5 0.1193274260 -0.9842866063 -0.1301569939 0.9232238531 0.1582296938 -0.3501728475 0.3652651608 -0.0783788189 0.9275980592
603.1 342.1 2727.2 0.1541824937 -0.1128153577 0.9815806150 -0.9736697078 0.1514859349 0.1703505218 -0.1679137945 -0.9820003510 -0.0864884183
647.5 61.9 2678.9 -0.1049882919 -0.1030223593 0.9891227484 -0.9658849835 0.2473337203 -0.0767606571 -0.2367353439 -0.9634377956 -0.1254749000
425.4 -50.9 2882.9 0.7912684083 0.2185900658 0.5710628033 -0.0897398591 0.9653205872 -0.2451589853 -0.6048479676 0.1427394599 0.7834439278
338.5 -434.7 2826.1 0.7916098833 -0.0146242026 0.6108517647 -0.1056779027 0.9813714623 0.1604439169 -0.6018188596 -0.1915625334 0.7753179073
576.0 -52.1 2778.1 0.9850736856 0.1350532472 0.1067262739 -0.1183106378 0.9815670848 -0.1500954777 -0.1250298768 0.1352282465 0.9828941226
522.3 -442.4 2724.3 0.9840140343 0.0841901004 0.1569343656 -0.1311638653 0.9386842251 0.3188541532 -0.1204674467 -0.3343410790 0.9347211719
277.7 -188.2 2825.0 0 0 0 0 0 0 0 0 0
617.4 -214.9 2611.0 0 0 0 0 0 0 0 0 0
342.9 -731.7 2884.1 0 0 0 0 0 0 0 0 0
496.8 -726.9 2825.7 0 0 0 0 0 0 0 0 0
483.9 545.4 2799.5 5 0.8156305552 -0.0308328066 0.5777509212 -0.0037482725 0.9982764721 0.0585665405 -0.5785608888 -0.0499342307 0.8141092658
490.1 344.3 2809.5 0.8156305552 -0.0308328066 0.5777509212 -0.0037482725 0.9982764721 0.0585665405 -0.5785608888 -0.0499342307 0.8141092658
495.2 145.8 2818.9 0.8157081008 -0.0253292378 0.5779088736 -0.0065052062 0.9985760450 0.0529486910 -0.5784271359 -0.0469500944 0.8143818378
375.3 345.2 2890.9 0.2286696136 -0.9729267955 -0.0335211530 0.9682480097 0.2237268239 0.1115440205 -0.1010245830 -0.0579635166 0.9931939840
309.4 66.1 2920.0 0.1059004813 -0.9855018258 -0.1325563490 0.9310742021 0.1450769901 -0.3347439468 0.3491216600 -0.0879702568 0.9329390526
604.9 343.4 2728.1 0.1464860290 -0.1079372689 0.9833063483 -0.9747670889 0.1535065621 0.1620642841 -0.1684367508 -0.9822348356 -0.0827271268
647.1 62.8 2679.6 -0.0912992135 -0.1011200175 0.9906761050 -0.9709522724 0.2299888134 -0.0660061389 -0.2211698890 -0.9679255486 -0.1191805080
425.5 -53.1 2883.2 0.7918404937 0.2192601115 0.5700119138 -0.0953149721 0.9662625790 -0.2392732203 -0.6032442451 0.1351355612 0.7860246301
338.3 -437.3 2829.5 0.7918713093 -0.0084916167 0.6106289625 -0.0984280482 0.9850556254 0.1413412541 -0.6027036905 -0.1720270962 0.7792014480
574.7 -54.4 2776.5 0.9854656458 0.1346683502 0.1035468057 -0.1186181158 0.9818422198 -0.1480392665 -0.1216028258 0.1336050779 0.9835458398
521.2 -444.8 2723.4 0.9846391082 0.0819132701 0.1541946530 -0.1287373304 0.9371829033 0.3242142200 -0.1179511473 -0.3390846252 0.9333322644
280.0 -192.6 2823.0 0 0 0 0 0 0 0 0 0
621.0 -215.1 2616.3 0 0 0 0 0 0 0 0 0
340.9 -733.7 2881.3 0 0 0 0 0 0 0 0 0
496.2 -731.1 2827.0 0 0 0 0 0 0 0 0 0
483.8 544.5 2798.6 6 0.8225150108 -0.0338051356 0.5677378774 -0.0012025005 0.9981263876 0.0611741357 -0.5687421560 -0.0509993508 0.8209332824
490.6 343.1 2808.9 0.8225150108 -0.0338051356 0.5677378774 -0.0012025005 0.9981263876 0.0611741357 -0.5687421560 -0.0509993508 0.8209332824
495.9 144.6 2818.2 0.8226245046 -0.0263261925 0.5679752827 -0.0048376354 0.9985672832 0.0532911122 -0.5685644746 -0.0465862304 0.8213185668
374.9 343.8 2888.9 0.2216981202 -0.9740880132 -0.0447488651 0.9697553515 0.2154421359 0.1147139221 -0.1021006703 -0.0688273087 0.9923901558
311.5 66.7 2918.1 0.1116866246 -0.9840137362 -0.1387194246 0.9320792556 0.1521381289 -0.3287587166 0.3446075916 -0.0925795436 0.9341705441
606.4 342.5 2728.9 0.1439015418 -0.0963659286 0.9848887920 -0.9753922820 0.1541822553 0.1575998813 -0.1670396328 -0.9833317995 -0.0718075186
648.2 59.3 2680.4 -0.0962946638 -0.0883862004 0.9914208055 -0.9683780074 0.2386352122 -0.0727819875 -0.2301549911 -0.9670786262 -0.1085705534
425.4 -52.1 2881.3 0.7977930903 0.2197193354 0.5614709854 -0.0998929217 0.9665333033 -0.2362938970 -0.5945987105 0.1324266642 0.7930419445
338.0 -436.4 2828.6 0.7977855802 -0.0086767673 0.6028788686 -0.0990045890 0.9844393134 0.1451803744 -0.5947573185 -0.1755105853 0.7845124006
575.0 -53.3 2775.1 0.9865763783 0.1344875842 0.0926289037 -0.1204467192 0.9823140502 -0.1433586180 -0.1102706268 0.1302773803 0.9853264689
521.6 -443.9 2723.3 0.9861995578 0.0819075406 0.1438806355 -0.1248931512 0.9385467768 0.3217633069 -0.1086838692 -0.3352925479 0.9358240962
280.5 -192.4 2822.3 0 0 0 0 0 0 0 0 0
620.6 -218.3 2614.4 0 0 0 0 0 0 0 0 0
340.7 -737.9 2882.3 0 0 0 0 0 0 0 0 0
496.6 -730.4 2825.7 0 0 0 0 0 0 0 0 0
483.8 544.7 2797.7 7 0.8110572696 -0.0344435386 0.5839518309 -0.0028906555 0.9980168343 0.0628814101 -0.5849596262 -0.0526884310 0.8093492389
490.7 343.7 2808.3 0.8110572696 -0.0344435386 0.5839518309 -0.0028906555 0.9980168343 0.0628814101 -0.5849596262 -0.0526884310 0.8093492389
496.7 145.2 2818.4 0.8111416101 -0.0299999099 0.5840798616 -0.0055042114 0.9982477427 0.0589166656 -0.5848238468 -0.0510046594 0.8095551729
376.6 344.4 2890.6 0.2309136093 -0.9725704193 -0.0280298460 0.9679892659 0.2267227173 0.1076738089 -0.0983653590 -0.0519959368 0.9937910438
310.0 65.5 2918.9 0.1111196950 -0.9856763482 -0.1268642396 0.9324997067 0.1475539654 -0.3296545744 0.3436520398 -0.0816697478 0.9355390668
604.8 342.9 2726.0 0.1458692998 -0.1147832423 0.9826225042 -0.9771804810 0.1383017153 0.1612168998 -0.1544033736 -0.9837161303 -0.0919899717
646.9 60.9 2681.5 -0.0776363909 -0.1083871573 0.9910725355 -0.9730851054 0.2245793939 -0.0516665429 -0.2169744819 -0.9684091806 -0.1229054630
425.6 -53.5 2879.6 0.7870062590 0.2192553133 0.5766699910 -0.0965758339 0.9669780135 -0.2358528972 -0.6093392372 0.1299253106 0.7821925282
338.5 -437.9 2827.9 0.7870278955 -0.0009881579 0.6169165969 -0.1027586535 0.9858187437 0.1326728314 -0.6082990766 -0.1678107381 0.7757652998
576.6 -54.4 2775.3 0.9842006564 0.1388363689 0.1098795384 -0.1206098422 0.9800446630 -0.1580053717 -0.1296237558 0.1422564387 0.9813056588
521.4 -444.0 2718.7 0.9830268621 0.0835523531 0.1633313596 -0.1350313425 0.9321910143 0.3358368576 -0.1241960749 -0.3521915376 0.9276510477
279.2 -193.7 2823.4 0 0 0 0 0 0 0 0 0
624.7 -217.7 2619.3 0 0 0 0 0 0 0 0 0
338.8 -737.8 2879.0 0 0 0 0 0 0 0 0 0
495.6 -731.5 2827.3 0 0 0 0 0 0 0 0 0
482.8 541.3 2798.7 8 0.7897960544 -0.0332079343 0.6124699712 -0.0045288475 0.9981904030 0.0599616505 -0.6133528352 -0.0501312576 0.7882164717
489.4 341.0 2808.8 0.7897960544 -0.0332079343 0.6124699712 -0.0045288475 0.9981904030 0.0599616505 -0.6133528352 -0.0501312576 0.7882164717
495.4 142.5 2819.1 0.7899021506 -0.0302267019 0.6124874949 -0.0078677405 0.9982027411 0.0594087541 -0.6131824255 -0.0517459959 0.7882446647
378.3 342.1 2895.0 0.2324476987 -0.9726088643 -0.0003314427 0.9697152376 0.2317298353 0.0771599486 -0.0749696419 -0.0182570573 0.9970186949
311.9 64.9 2916.5 0.1267267913 -0.9874423742 -0.0943287387 0.9347769618 0.1506979764 -0.3216864169 0.3318619430 -0.0474100448 0.9421358705
600.5 339.9 2722.6 0.1601738185 -0.1486517936 0.9758314490 -0.9747208953 0.1321858168 0.1801278740 -0.1557674110 -0.9800150990 -0.1237213090
645.9 63.8 2678.5 -0.0627431422 -0.1445211768 0.9875104427 -0.9786499739 0.2029515356 -0.0324784257 -0.1957229376 -0.9684649110 -0.1541694552
428.2 -52.7 2882.2 0.7656777501 0.2289001793 0.6011175513 -0.0950866789 0.9645498991 -0.2461746484 -0.6361572742 0.1313321888 0.7602998018
337.2 -436.2 2830.0 0.7656784654 -0.0007324470 0.6432231069 -0.0957982913 0.9887165427 0.1151620299 -0.6360496283 -0.1497967541 0.7569687963
577.1 -53.8 2774.9 0.9794754386 0.1408386528 0.1441952884 -0.1178170368 0.9804869890 -0.1573669463 -0.1635449678 0.1371484101 0.9769561887
521.1 -443.6 2720.4 0.9775637388 0.0828409716 0.1936660409 -0.1436308175 0.9346764088 0.3251926303 -0.1540758014 -0.3457129300 0.9256042242
276.7 -194.9 2824.2 0 0 0 0 0 0 0 0 0
627.9 -216.1 2622.5 0 0 0 0 0 0 0 0 0
337.5 -735.5 2875.4 0 0 0 0 0 0 0 0 0
495.5 -731.7 2827.0 0 0 0 0 0 0 0 0 0
465.4 537.3 2778.8 9 0.7601502538 -0.0713034719 0.6458230615 -0.0079035508 0.9928720593 0.1189228296 -0.6496992707 -0.0955035165 0.7541683912
479.7 337.8 2798.0 0.7601502538 -0.0713034719 0.6458230615 -0.0079035508 0.9928720593 0.1189228296 -0.6496992707 -0.0955035165 0.7541683912
493.4 140.7 2816.8 0.7603617907 -0.0677592084 0.6459556222 -0.0109242657 0.9930683374 0.1170295775 -0.6494079232 -0.0960414037 0.7543509603
372.8 339.5 2889.2 0.2190580070 -0.9747067094 0.0442770608 0.9662059546 0.2230193466 0.1292611063 -0.1358662993 0.0144650796 0.9906215668
310.7 65.6 2927.7 0.1254107654 -0.9903107285 -0.0596386604 0.9366495013 0.1380029172 -0.3219361305 0.3270471096 -0.0154862683 0.9448811412
586.6 336.0 2706.7 0.1586565673 -0.1990068555 0.9670699835 -0.9805413485 0.0829356760 0.1779334396 -0.1156145781 -0.9764824510 -0.1819761693
629.8 68.8 2675.2 -0.0387930609 -0.1961539686 0.9798054695 -0.9836689234 0.1799638271 -0.0029178322 -0.1757571995 -0.9639173150 -0.1999319047
429.0 -55.2 2885.6 0.7396411300 0.2690213919 0.6168942451 -0.0939218923 0.9489225149 -0.3012055159 -0.6664155722 0.1648441106 0.7271291018
322.2 -431.9 2820.1 0.7388237715 0.0763337240 0.6695615053 -0.1051947698 0.9944479465 0.0027039694 -0.6656376719 -0.0724321231 0.7427516580
573.9 -56.6 2773.1 0.9711383581 0.1430509686 0.1908578277 -0.1179892868 0.9835441113 -0.1368192434 -0.2072892189 0.1103512421 0.9720358849
517.0 -447.6 2729.3 0.9696244597 0.0704519972 0.2342327237 -0.1427038610 0.9406901002 0.3077949882 -0.1986556351 -0.3318714499 0.9221698642
275.9 -194.7 2836.8 0 0 0 0 0 0 0 0 0
618.7 -212.4 2625.0 0 0 0 0 0 0 0 0 0
299.3 -730.7 2841.9 0 0 0 0 0 0 0 0 0
495.9 -729.4 2828.7 0 0 0 0 0 0 0 0 0
452.3 528.6 2766.8 0 0.7652555108 -0.0939069837 0.6368402243 -0.0032760180 0.9887213111 0.1497311592 -0.6437183022 -0.1166689023 0.7563168406
471.1 330.4 2790.2 0.7652555108 -0.0939069837 0.6368402243 -0.0032760180 0.9887213111 0.1497311592 -0.6437183022 -0.1166689023 0.7563168406
488.9 134.1 2813.5 0.7656750083 -0.0891236961 0.6370233297 -0.0078087938 0.9889935255 0.1477524489 -0.6431801915 -0.1181047410 0.7565516829
363.4 331.6 2880.6 0.1933541447 -0.9803664684 0.0386751592 0.9640873671 0.1971631199 0.1779388338 -0.1820705831 0.0028810201 0.9832812548
310.0 64.9 2931.0 0.1429045945 -0.9883328676 -0.0526923053 0.9490634799 0.1519428641 -0.2760287821 0.2808145285 -0.0105625615 0.9597039223
578.8 329.2 2699.7 0.1528427303 -0.1952017546 0.9687803388 -0.9829729199 0.0711473450 0.1694175005 -0.1019967422 -0.9781790972 -0.1810036749
620.7 60.1 2671.8 -0.0374146327 -0.1924151778 0.9806001186 -0.9852516651 0.1710641235 -0.0040255901 -0.1669709086 -0.9662885070 -0.1959776729
437.3 -55.3 2895.2 0.7415294051 0.3033423722 0.5984292030 -0.1102668270 0.9349253774 -0.3372769654 -0.6617970467 0.1841139048 0.7267233133
316.9 -426.5 2822.1 0.7411586046 0.1581159532 0.6524440646 -0.1125957146 0.9873787165 -0.1113797203 -0.6618203521 0.0090876259 0.7496074438
576.7 -57.6 2776.2 0.9706407189 0.1578386575 0.1815036684 -0.1327456385 0.9807788730 -0.1430082023 -0.2005871832 0.1147157624 0.9729363322
513.9 -447.4 2730.6 0.9708070159 0.0594599731 0.2323752791 -0.1301626712 0.9443310499 0.3021532297 -0.2014731616 -0.3235790431 0.9245026708
270.3 -198.5 2853.0 0 0 0 0 0 0 0 0 0
610.0 -221.5 2624.1 0 0 0 0 0 0 0 0 0
267.2 -736.6 2819.3 0 0 0 0 0 0 0 0 0
496.6 -723.2 2825.1 0 0 0 0 0 0 0 0 0
440.2 526.1 2761.3 1 0.7688072920 -0.1108386666 0.6298016310 0.0062910947 0.9861277342 0.1658688039 -0.6394495368 -0.1235590056 0.7588395476
462.5 328.1 2786.1 0.7688072920 -0.1108386666 0.6298016310 0.0062910947 0.9861277342 0.1658688039 -0.6394495368 -0.1235590056 0.7588395476
482.9 132.0 2810.4 0.7694326639 -0.1024438664 0.6304590702 0.0005055286 0.9871515036 0.1597861797 -0.6387277246 -0.1226259917 0.7595983744
354.2 328.1 2875.9 0.1681358516 -0.9852142334 0.0329134502 0.9655030370 0.1713228971 0.1960927397 -0.1988321841 -0.0011921852 0.9800328016
307.6 60.2 2931.1 0.1397411376 -0.9891515970 -0.0452942997 0.9560830593 0.1466887742 -0.2537470758 0.2576384842 -0.0078462074 0.9662095308
570.7 328.2 2696.2 0.1647244841 -0.1903511733 0.9677976370 -0.9816845059 0.0635770112 0.1795927286 -0.0957153738 -0.9796552658 -0.1763920933
616.1 57.4 2669.8 -0.0624902323 -0.1852323860 0.9807058573 -0.9868112206 0.1584876031 -0.0329446606 -0.1493272930 -0.9698302150 -0.1926933229
436.5 -61.5 2895.9 0.7413424253 0.3193473816 0.5902784467 -0.1192713752 0.9282238483 -0.3523844481 -0.6604436040 0.1908342093 0.7262207270
309.6 -430.3 2820.1 0.7415659428 0.1989526898 0.6407009959 -0.1181740090 0.9788205028 -0.1671686769 -0.6603899002 0.0482524037 0.7493709922
576.9 -63.1 2777.9 0.9704906940 0.1616894007 0.1788974553 -0.1396148801 0.9816560745 -0.1298421919 -0.1966098845 0.1010339037 0.9752624035
512.6 -453.3 2737.8 0.9710758328 0.0620813370 0.2305592746 -0.1312843561 0.9453709722 0.2983925641 -0.1994394511 -0.3200306594 0.9261772633
268.8 -205.3 2859.6 0 0 0 0 0 0 0 0 0
598.3 -224.1 2627.2 0 0 0 0 0 0 0 0 0
246.2 -742.4 2804.7 0 0 0 0 0 0 0 0 0
494.8 -724.3 2829.5 0 0 0 0 0 0 0 0 0
432.0 528.8 2769.0 2 0.7411847711 -0.1078410968 0.6625823975 0.0125963809 0.9890726805 0.1468895525 -0.6711829305 -0.1005261615 0.7344440222
453.7 330.0 2789.2 0.7411847711 -0.1078410968 0.6625823975 0.0125963809 0.9890726805 0.1468895525 -0.6711829305 -0.1005261615 0.7344440222
474.2 133.5 2810.6 0.7420241833 -0.1034150794 0.6623484492 0.0047372784 0.9888137579 0.1490802616 -0.6703563929 -0.1074834317 0.7342135906
349.4 329.3 2883.5 0.1547862589 -0.9852880239 0.0724477097 0.9712558985 0.1651843935 0.1713946313 -0.1808403134 0.0438357294 0.9825350642
306.2 58.6 2933.9 0.1555311829 -0.9878272414 -0.0027289365 0.9505633712 0.1504145712 -0.2716703415 0.2687738538 0.0396591835 0.9623864889
558.0 330.6 2695.0 0.1957660615 -0.2275386900 0.9538877010 -0.9752979279 0.0563173071 0.2135939002 -0.1023212597 -0.9721391201 -0.2108929902
613.0 56.5 2666.2 -0.0817796066 -0.2199783772 0.9720708132 -0.9854038954 0.1639564633 -0.0457981713 -0.1493026763 -0.9616276622 -0.2301758379
432.7 -64.1 2893.3 0.7103981376 0.3126721680 0.6305319667 -0.1209317893 0.9368011355 -0.3282972872 -0.6933324933 0.1569704115 0.7033138275
308.5 -436.2 2831.0 0.7152082920 0.2438052893 0.6550084949 -0.1024592295 0.9636334777 -0.2468048185 -0.6913604140 0.1094051898 0.7141787410
573.8 -64.1 2776.2 0.9607164264 0.1634911001 0.2242644727 -0.1416525692 0.9837474227 -0.1103429049 -0.2386596799 0.0742406026 0.9682612419
508.9 -455.0 2746.7 0.9617632627 0.0522251353 0.2688568532 -0.1251240671 0.9570040107 0.2617008388 -0.2436297238 -0.2853347063 0.9269458652
263.0 -205.5 2859.2 0 0 0 0 0 0 0 0 0
589.8 -223.3 2623.8 0 0 0 0 0 0 0 0 0
229.4 -748.9 2795.5 0 0 0 0 0 0 0 0 0
494.0 -727.6 2827.9 0 0 0 0 0 0 0 0 0
424.0 522.9 2763.4 3 0.7503521442 -0.1221046373 0.6496630907 0.0204243772 0.9866051078 0.1618432403 -0.6607227325 -0.1081704497 0.7427951694
448.4 325.3 2785.1 0.7503521442 -0.1221046373 0.6496630907 0.0204243772 0.9866051078 0.1618432403 -0.6607227325 -0.1081704497 0.7427951694
471.0 129.1 2807.1 0.7512934208 -0.1138747633 0.6500697732 0.0125506166 0.9872885942 0.1584415436 -0.6598489881 -0.1108773127 0.7431726456
342.7 323.5 2877.9 0.1503066421 -0.9867976308 0.0603185594 0.9669246674 0.1594485193 0.1990800798 -0.2060694546 0.0284004454 0.9781251550
301.3 57.1 2934.7 0.1500822455 -0.9885652661 -0.0146307116 0.9534427524 0.1486335546 -0.2624022663 0.2615763843 0.0254323781 0.9648476243
554.1 327.1 2692.3 0.1594450921 -0.2189519554 0.9626200199 -0.9808248281 0.0755612925 0.1796472222 -0.1120709181 -0.9728055000 -0.2027056366
597.8 58.3 2661.5 -0.0606488660 -0.2127885222 0.9752141833 -0.9781924486 0.2071105987 -0.0156432334 -0.1986485124 -0.9548959136 -0.2207091600
426.7 -63.5 2893.4 0.7174656987 0.3027071655 0.6273844838 -0.1262255758 0.9422316551 -0.3102686405 -0.6850620508 0.1434151530 0.7142282724
306.4 -437.8 2836.4 0.7227231264 0.2672414482 0.6373800039 -0.1079413295 0.9545468092 -0.2778292298 -0.6826565266 0.1319939643 0.7187194824
562.7 -62.6 2770.5 0.9664645791 0.1446463913 0.2121878266 -0.1248456314 0.9867115617 -0.1039898619 -0.2244099230 0.0740117952 0.9716802239
505.2 -454.7 2741.1 0.9670743942 0.0400387719 0.2513246238 -0.1123252660 0.9533044696 0.2803455591 -0.2283641994 -0.2993451059 0.9264136553
259.6 -207.8 2862.0 0 0 0 0 0 0 0 0 0
580.4 -221.8 2604.7 0 0 0 0 0 0 0 0 0
217.8 -754.4 2792.6 0 0 0 0 0 0 0 0 0
493.4 -735.4 2829.2 0 0 0 0 0 0 0 0 0
414.1 526.9 2770.1 4 0.7285916209 -0.1183732376 0.6746421456 0.0248417556 0.9888719916 0.1466799676 -0.6844977140 -0.0901104957 0.7234244347
437.8 329.1 2788.1 0.7285916209 -0.1183732376 0.6746421456 0.0248417556 0.9888719916 0.1466799676 -0.6844977140 -0.0901104957 0.7234244347
460.2 132.5 2806.8 0.7293388844 -0.1133787706 0.6746925712 0.0184638035 0.9890753627 0.1462499797 -0.6839033961 -0.0942084119 0.7234645486
335.2 326.4 2884.3 0.1633399129 -0.9852904677 -0.0502277166 0.9590785503 0.1466475576 0.2422042191 -0.2312757224 -0.0877339393 0.9689242840
288.9 54.7 2949.8 0.1110112146 -0.9852904677 -0.1299202144 0.9395851493 0.1466475576 -0.3093125522 0.3238151670 -0.0877339393 0.9420437813
540.3 331.7 2691.9 0.1583766639 -0.2492632717 0.9553976655 -0.9795144796 0.0822174847 0.1838250756 -0.1243712306 -0.9649394155 -0.2311356515
585.7 51.0 2656.3 -0.0609667227 -0.2428242415 0.9681525826 -0.9725967646 0.2324798107 -0.0029378661 -0.2243625522 -0.9418011904 -0.2503436208
424.7 -68.3 2889.7 0.6934093833 0.3036170006 0.6534524560 -0.1220594421 0.9432767034 -0.3087564409 -0.7101302147 0.1343345791 0.6911362410
304.1 -443.2 2836.3 0.6971798539 0.2776770890 0.6609354615 -0.1093510166 0.9523421526 -0.2847574055 -0.7085072994 0.1262531430 0.6943179965
562.5 -66.0 2768.7 0.9575124979 0.1551224291 0.2431188971 -0.1290915757 0.9843856096 -0.1196677312 -0.2578858733 0.0831987560 0.9625865221
500.9 -457.2 2735.6 0.9580348730 0.0281868968 0.2852624059 -0.1150485575 0.9492940307 0.2925828099 -0.2625508904 -0.3131235838 0.9126996398
258.1 -205.7 2860.1 0 0 0 0 0 0 0 0 0
568.3 -225.9 2592.4 0 0 0 0 0 0 0 0 0
211.6 -760.5 2794.2 0 0 0 0 0 0 0 0 0
492.6 -734.8 2827.1 0 0 0 0 0 0 0 0 0
404.1 530.7 2762.9 5 0.7387872338 -0.1212276891 0.6629459262 0.0217010099 0.9874577522 0.1563849896 -0.6735892892 -0.1011486351 0.7321519256
428.5 332.1 2783.3 0.7387872338 -0.1212276891 0.6629459262 0.0217010099 0.9874577522 0.1563849896 -0.6735892892 -0.1011486351 0.7321519256
451.7 135.6 2803.1 0.7390767336 -0.1165303588 0.6634653211 0.0192952547 0.9881815314 0.1520689428 -0.6733448505 -0.0995888859 0.7325904369
324.6 329.3 2878.0 0.1470818669 -0.9883383512 -0.0394241028 0.9554193020 0.1316409558 0.2642813623 -0.2560095787 -0.0765375420 0.9636394978
281.9 52.3 2952.2 0.1000933573 -0.9883383512 -0.1147547662 0.9404174089 0.1316409558 -0.3135056198 0.3249560595 -0.0765375420 0.9426269531
532.5 334.8 2688.6 0.1551209986 -0.2383578569 0.9587090611 -0.9788213372 0.0941480994 0.1817826629 -0.1335899681 -0.9666031599 -0.2187054008
577.4 51.3 2649.9 -0.0684989914 -0.2308444083 0.9705765247 -0.9711707830 0.2380870283 -0.0119137038 -0.2283314615 -0.9434115887 -0.2404980510
415.8 -65.8 2888.3 0.7042261362 0.2956679761 0.6454811692 -0.1213258654 0.9459030628 -0.3009110093 -0.6995323896 0.1335958391 0.7020018697
298.3 -441.8 2835.2 0.7106815577 0.2461757660 0.6590366364 -0.0970164984 0.9621224403 -0.2547709644 -0.6967923641 0.1171235964 0.7076457739
549.6 -62.4 2762.9 0.9642849565 0.1300329268 0.2307509333 -0.1075569168 0.9883702397 -0.1074975431 -0.2420455813 0.0788394064 0.9670565128
497.9 -455.2 2731.5 0.9643473029 0.0231396481 0.2636262774 -0.1051321402 0.9476868510 0.3013916314 -0.2428610623 -0.3183618188 0.9163319468
254.1 -208.7 2862.1 0 0 0 0 0 0 0 0 0
558.0 -224.3 2585.1 0 0 0 0 0 0 0 0 0
216.9 -760.0 2796.4 0 0 0 0 0 0 0 0 0
490.9 -739.1 2826.9 0 0 0 0 0 0 0 0 0
392.0 523.2 2759.9 6 0.7350926399 -0.1314441413 0.6651024222 0.0279800184 0.9860712886 0.1639527678 -0.6773890257 -0.1019108966 0.7285315990
418.4 325.5 2780.3 0.7350926399 -0.1314441413 0.6651024222 0.0279800184 0.9860712886 0.1639527678 -0.6773890257 -0.1019108966 0.7285315990
442.8 129.2 2800.0 0.7356715202 -0.1227506101 0.6661229134 0.0234858673 0.9874730706 0.1560298204 -0.6769312024 -0.0991422236 0.7293387055
314.9 322.2 2875.5 0.1318183243 -0.9912634492 -0.0045464188 0.9590960741 0.1263789386 0.2533042431 -0.2505166829 -0.0377505943 0.9673759937
277.9 53.0 2945.9 0.1104998142 -0.9912634492 -0.0720175877 0.9519915581 0.1263789386 -0.2788197994 0.2854853868 -0.0377505943 0.9576392770
521.9 328.8 2685.0 0.1807771176 -0.2445503324 0.9526357055 -0.9728152752 0.0980839729 0.2097855508 -0.1447414160 -0.9646629691 -0.2201709598
572.9 54.4 2644.2 -0.0890906975 -0.2343569100 0.9680597782 -0.9710121751 0.2368760258 -0.0320172571 -0.2218066901 -0.9428502321 -0.2486668676
407.0 -62.6 2884.6 0.7030391693 0.2951525450 0.6470092535 -0.1124062389 0.9444888234 -0.3087162971 -0.7022113800 0.1443117708 0.6971895695
289.7 -438.1 2827.3 0.7089930773 0.1941136718 0.6779739261 -0.0839660168 0.9777685404 -0.1921414733 -0.7001988888 0.0793002099 0.7095301151
542.6 -59.0 2761.1 0.9618287086 0.1396679878 0.2353262305 -0.1160241663 0.9869620204 -0.1115542054 -0.2478386015 0.0799925029 0.9654932618
487.0 -451.3 2729.3 0.9622445107 -0.0108362241 0.2719708383 -0.0755288601 0.9493368268 0.3050491214 -0.2614974976 -0.3140734732 0.9126756787
247.2 -211.2 2866.6 0 0 0 0 0 0 0 0 0
547.6 -220.8 2581.4 0 0 0 0 0 0 0 0 0
225.6 -760.7 2801.1 0 0 0 0 0 0 0 0 0
490.3 -738.4 2824.3 0 0 0 0 0 0 0 0 0
379.1 527.7 2759.3 7 0.7292886972 -0.1378713548 0.6701712608 0.0370288529 0.9860050678 0.1625511795 -0.6832033992 -0.0937310681 0.7241875529
406.9 329.0 2778.2 0.7292886972 -0.1378713548 0.6701712608 0.0370288529 0.9860050678 0.1625511795 -0.6832033992 -0.0937310681 0.7241875529
432.4 132.7 2796.5 0.7300786972 -0.1283474267 0.6712019444 0.0311728381 0.9874365330 0.1549106389 -0.6826516986 -0.0921736807 0.7249073386
304.2 324.6 2874.3 0.1191373914 -0.9928776622 -0.0005260461 0.9668606520 0.1158950403 0.2274836302 -0.2258024365 -0.0276104193 0.9737817645
270.5 51.5 2938.0 0.1234941110 -0.9909504652 -0.0525966324 0.9668666720 0.1320875734 -0.2184530497 0.2234235108 -0.0238762628 0.9744290113
509.6 333.4 2682.1 0.1971430480 -0.2517446578 0.9475015998 -0.9688962102 0.0974297523 0.2274809480 -0.1495819539 -0.9628769755 -0.2247068286
567.6 48.7 2638.2 -0.1214038283 -0.2371168286 0.9638655186 -0.9698316455 0.2351401448 -0.0643093809 -0.2113946378 -0.9425946474 -0.2585103214
399.7 -69.3 2881.8 0.6998462677 0.2882247567 0.6535607576 -0.0983979627 0.9451534748 -0.3114525676 -0.7074835896 0.1536598802 0.6898229122
285.1 -445.0 2820.7 0.7037147284 0.1664808095 0.6907023787 -0.0765708461 0.9842682481 -0.1592259556 -0.7063444853 0.0591619760 0.7053916454
534.6 -64.9 2757.6 0.9593283534 0.1411933899 0.2444452941 -0.1171403974 0.9869645238 -0.1103591025 -0.2568407953 0.0772361979 0.9633625150
478.5 -457.3 2726.9 0.9589051604 -0.0371535197 0.2812836468 -0.0571679585 0.9457560778 0.3198081851 -0.2779077291 -0.3227461576 0.9047663808
236.3 -216.4 2876.1 0 0 0 0 0 0 0 0 0
533.4 -224.4 2578.7 0 0 0 0 0 0 0 0 0
232.5 -756.1 2802.0 0 0 0 0 0 0 0 0 0
489.3 -733.0 2821.0 0 0 0 0 0 0 0 0 0
369.6 529.2 2768.0 8 0.7291795015 -0.1400467753 0.6698389053 0.0566238835 0.9878262281 0.1448899209 -0.6819757819 -0.0677218810 0.7282326221
397.7 331.3 2781.6 0.7291795015 -0.1400467753 0.6698389053 0.0566238835 0.9878262281 0.1448899209 -0.6819757819 -0.0677218810 0.7282326221
424.0 134.7 2794.7 0.7297640443 -0.1324775070 0.6707414985 0.0523837917 0.9889981151 0.1383427083 -0.6816893220 -0.0658215508 0.7286749482
295.0 323.9 2877.5 0.1313982904 -0.9913169742 0.0050194934 0.9506659508 0.1274421215 0.2828299403 -0.2810138166 -0.0323915072 0.9591569304
259.0 64.0 2954.4 0.1142724901 -0.9913169742 -0.0650576875 0.9568142891 0.1274421215 -0.2612756491 0.2672980726 -0.0323915072 0.9630693197
500.4 338.6 2685.7 0.1699528843 -0.2527001500 0.9525012374 -0.9707234502 0.1235574856 0.2059842497 -0.1697409153 -0.9596229196 -0.2243030220
549.2 59.5 2636.9 -0.0898262486 -0.2447039038 0.9654279947 -0.9736142755 0.2257471830 -0.0333685204 -0.2097772509 -0.9429518580 -0.2585252225
