-251.2 354.3 2975.9 2 0.3377159238 -0.1092081964 0.9348911643 0.1763670594 0.9829962850 0.0511174835 -0.9245769978 0.1476208270 0.3512342274
-229.1 155.4 2946.0 0.3377159238 -0.1092081964 0.9348911643 0.1763670594 0.9829962850 0.0511174835 -0.9245769978 0.1476208270 0.3512342274
-213.7 -38.5 2914.2 0.3379286528 -0.0844410360 0.9373760819 0.1742057949 0.9843693376 0.0258722585 -0.9249089360 0.1545533687 0.3473567367
-279.8 131.6 3080.0 0.1987517625 -0.9272667170 -0.3172920048 0.9796122909 0.1976369768 0.0360471644 0.0292833000 -0.3179875910 0.9476425648
-334.4 -137.4 3071.9 -0.0984880701 -0.9232680202 -0.3713168800 0.9248490930 0.0528224483 -0.3766483068 0.3673612177 -0.3805074394 0.8486812115
-178.4 179.3 2812.0 0.2311228961 0.9395573735 -0.2526146472 -0.9505684376 0.1627270728 -0.2644609213 -0.2073689699 0.3012504876 0.9307234883
-127.2 -31.5 2766.1 0.3326621652 0.9395573735 0.0810421482 -0.2255972326 0.1627270728 -0.9605340958 -0.9156646729 0.3012504876 0.2660946846
-216.7 -250.6 2970.4 0.0706847310 -0.0949275047 0.9929715395 0.0251977202 0.9953137040 0.0933577195 -0.9971804023 0.0184216537 0.0727454349
-179.0 -645.3 2963.1 0.1022163481 0.2151593864 0.9712148309 0.1628591716 0.9595358968 -0.2297123373 -0.9813402891 0.1816515923 0.0630395785
-174.9 -220.8 2795.5 0.4021027684 -0.1035290360 0.9097225666 0.1398888826 0.9888681173 0.0507043190 -0.9048449993 0.1068717167 0.4121091664
-133.8 -613.5 2753.1 0.3584517837 -0.3295146525 0.8734599948 0.2766297162 0.9311051369 0.2377377003 -0.8916211724 0.1564074904 0.4249098599
-309.9 -367.6 2980.5 0 0 0 0 0 0 0 0 0
-53.1 -81.8 2562.1 0 0 0 0 0 0 0 0 0
-248.0 -953.2 2904.8 0 0 0 0 0 0 0 0 0
-20.0 -935.1 2699.0 0 0 0 0 0 0 0 0 0
-255.8 353.8 2976.8 3 0.4148933887 -0.0982199311 0.9045531154 0.1721830517 0.9846685529 0.0279435925 -0.8934296370 0.1441551000 0.4254442751
-236.0 155.1 2947.7 0.4148933887 -0.0982199311 0.9045531154 0.1721830517 0.9846685529 0.0279435925 -0.8934296370 0.1441551000 0.4254442751
-221.2 -39.2 2917.3 0.4153431058 -0.0808074921 0.9060685635 0.1672329903 0.9858530760 0.0112632085 -0.8941606283 0.1468464583 0.4229809642
-297.9 132.3 3077.1 0.2115802020 -0.8947675824 -0.3932235539 0.9763148427 0.2121000737 0.0426948369 0.0452007912 -0.3929433823 0.9184510708
-356.0 -135.8 3064.7 -0.1132048965 -0.8880152702 -0.4456607699 0.9269092679 0.0671397075 -0.3692309558 0.3578042686 -0.4548858404 0.8155090213
-174.1 177.8 2818.4 0.2318526953 0.9142432809 -0.3322702944 -0.9545140266 0.1479907036 -0.2588469088 -0.1874761283 0.3771710098 0.9069700837
-122.7 -33.8 2776.8 0.4028398693 0.9142432809 0.0433506407 -0.2324171960 0.1479907036 -0.9612913132 -0.8852696419 0.3771710098 0.2721024156
-227.6 -250.0 2967.6 0.1533615291 -0.1388550103 0.9783657193 0.0149084395 0.9902906418 0.1382105201 -0.9880576730 -0.0066102715 0.1539425999
-172.6 -642.7 2970.2 0.1917844117 0.2364157736 0.9525367618 0.1620803028 0.9495970607 -0.2683195174 -0.9679611325 0.2058469355 0.1437995732
-166.2 -218.3 2799.7 0.4774046540 -0.0742397755 0.8755416870 0.1282682866 0.9916386604 0.0141434222 -0.8692709804 0.1055520922 0.4829355180
-136.7 -612.0 2757.7 0.4343314469 -0.3116256893 0.8451305628 0.2772384286 0.9389507174 0.2037410736 -0.8570268750 0.1458114982 0.4942104220
-327.8 -366.6 2975.6 0 0 0 0 0 0 0 0 0
-33.0 -85.6 2579.6 0 0 0 0 0 0 0 0 0
-249.2 -950.4 2903.5 0 0 0 0 0 0 0 0 0
-30.0 -933.5 2707.8 0 0 0 0 0 0 0 0 0
-259.2 356.5 2979.3 4 0.4733690023 -0.0967496112 0.8755348921 0.1691587567 0.9854345918 0.0174360778 -0.8644692302 0.1398506910 0.4828402400
-239.6 156.9 2951.0 0.4733690023 -0.0967496112 0.8755348921 0.1691587567 0.9854345918 0.0174360778 -0.8644692302 0.1398506910 0.4828402400
-224.6 -37.6 2922.2 0.4741964042 -0.0808032751 0.8767032623 0.1599666476 0.9871123433 0.0044556670 -0.8657646775 0.1381304264 0.4810109735
-309.9 135.2 3076.1 0.2174727172 -0.8652550578 -0.4517070651 0.9744724631 0.2189056277 0.0498375334 0.0557590462 -0.4510143995 0.8907732368
-369.7 -132.4 3060.8 -0.1274131685 -0.8558677435 -0.5012547374 0.9292746186 0.0736542940 -0.3619719446 0.3467196822 -0.5119233131 0.7859516144
-169.2 178.6 2825.8 0.2344627082 0.8891410232 -0.3930082321 -0.9573323131 0.1409261525 -0.2522988021 -0.1689440757 0.4353941381 0.8842453361
-117.2 -33.6 2788.4 0.4573389590 0.8891410232 0.0164107811 -0.2395134717 0.1409261525 -0.9606108069 -0.8564311862 0.4353941381 0.2774122655
-243.0 -250.3 2969.5 0.2139828652 -0.1937666386 0.9574266672 0.0308698621 0.9809808135 0.1916342378 -0.9763495326 -0.0114508150 0.2158946395
-166.2 -639.1 2974.0 0.2487567663 0.2500542104 0.9357312322 0.1553474516 0.9432919621 -0.2933725417 -0.9560267925 0.2183418721 0.1958049685
-167.4 -219.9 2806.9 0.5335413814 -0.0674981400 0.8430762887 0.1289817840 0.9916444421 -0.0022334415 -0.8358811736 0.1099331081 0.5377894044
-140.5 -613.8 2763.2 0.4928928316 -0.2935474515 0.8190766573 0.2838406563 0.9441184998 0.1675551832 -0.8224908113 0.1499005109 0.5486699343
-338.0 -363.7 2974.5 0 0 0 0 0 0 0 0 0
-15.3 -87.0 2597.6 0 0 0 0 0 0 0 0 0
-249.6 -953.6 2901.2 0 0 0 0 0 0 0 0 0
-41.1 -933.7 2712.4 0 0 0 0 0 0 0 0 0
-261.7 358.8 2968.0 5 0.5407422781 -0.0963902697 0.8356474638 0.1430032998 0.9894865155 0.0215987433 -0.8289437890 0.1078209952 0.5488413572
-242.2 158.2 2946.2 0.5407422781 -0.0963902697 0.8356474638 0.1430032998 0.9894865155 0.0215987433 -0.8289437890 0.1078209952 0.5488413572
-226.3 -37.1 2923.7 0.5414632559 -0.0850522369 0.8364111781 0.1351347864 0.9907384515 0.0132638076 -0.8297927976 0.1058463827 0.5479419827
-322.3 140.1 3065.9 0.2186652571 -0.8259176016 -0.5196591020 0.9746455550 0.2107557356 0.0751535892 0.0474504679 -0.5229169130 0.8510618806
-382.3 -127.6 3052.9 -0.1482005566 -0.8127235174 -0.5634865165 0.9385963678 0.0639169440 -0.3390450180 0.3115662038 -0.5791330338 0.7533468008
-162.1 176.3 2826.4 0.2408379018 0.8532496691 -0.4625604153 -0.9624451399 0.1484351456 -0.2273022681 -0.1252853572 0.4999320209 0.8569548130
-108.7 -37.1 2798.6 0.5213764906 0.8532496691 -0.0114700301 -0.2638859153 0.1484351456 -0.9530641437 -0.8114990592 0.4999320209 0.3025511801
-251.9 -248.3 2973.7 0.2790885866 -0.1860539615 0.9420686960 0.0612461306 0.9825018048 0.1758950949 -0.9583101869 0.0086077461 0.2856001556
-178.1 -638.2 2970.3 0.2966319323 0.2149487585 0.9304872751 0.1356352568 0.9549807310 -0.2638463676 -0.9453108311 0.2044721395 0.2541231513
-165.4 -219.1 2815.9 0.5977992415 -0.0484908447 0.8001778722 0.1095895022 0.9937410951 -0.0216516573 -0.7941197753 0.1006344408 0.5993717909
-146.1 -613.9 2775.9 0.5516735911 -0.2791801989 0.7859482765 0.3132797480 0.9426776171 0.1149550900 -0.7729890347 0.1828039885 0.6075118780
-345.4 -361.2 2975.3 0 0 0 0 0 0 0 0 0
7.4 -95.9 2617.8 0 0 0 0 0 0 0 0 0
-249.5 -955.5 2902.3 0 0 0 0 0 0 0 0 0
-51.1 -934.8 2713.7 0 0 0 0 0 0 0 0 0
-264.9 358.2 2962.9 6 0.6140474677 -0.1056442410 0.7821668983 0.1376889050 0.9901435971 0.0256408826 -0.7771663070 0.0919509754 0.6225411892
-243.5 157.6 2944.3 0.6140474677 -0.1056442410 0.7821668983 0.1376889050 0.9901435971 0.0256408826 -0.7771663070 0.0919509754 0.6225411892
-224.7 -37.7 2924.2 0.6143587828 -0.0988982022 0.7828042507 0.1346740276 0.9906986952 0.0194686539 -0.7774485350 0.0934626609 0.6219634414
-334.1 139.5 3056.3 0.2089536488 -0.7756657004 -0.5955511332 0.9758870006 0.2046929747 0.0757984221 0.0631108955 -0.5970289111 0.7997334003
-391.5 -128.5 3039.0 -0.1803310663 -0.7567206025 -0.6283746362 0.9390226007 0.0577098541 -0.3389780223 0.2927750647 -0.6511862278 0.7001708746
-152.9 175.6 2832.2 0.2556769550 0.8033379912 -0.5378451347 -0.9617092013 0.1545392424 -0.2263470292 -0.0987149850 0.5751223564 0.8120896816
-96.2 -37.6 2810.4 0.5945121646 0.8033379912 -0.0346899591 -0.2643691301 0.1545392424 -0.9519593120 -0.7593840957 0.5751223564 0.3042532206
-259.1 -246.2 2978.3 0.3591489494 -0.1943492293 0.9128200412 0.0896431729 0.9807385206 0.1735397130 -0.9289650917 0.0195014756 0.3696533144
-181.9 -635.7 2970.5 0.3614715338 0.1976129711 0.9112011194 0.1008522585 0.9632611871 -0.2489111573 -0.9269126654 0.1818709821 0.3282617927
-160.3 -221.5 2827.1 0.6669941545 -0.0320936963 0.7443714142 0.1163678840 0.9912983179 -0.0615314767 -0.7359193563 0.1276620626 0.6649248600
-147.6 -615.2 2776.4 0.6313199997 -0.2531569004 0.7330393195 0.2957053185 0.9523901939 0.0742380992 -0.7169333100 0.1698956341 0.6761228442
-346.6 -362.2 2966.1 0 0 0 0 0 0 0 0 0
36.3 -96.5 2641.2 0 0 0 0 0 0 0 0 0
-247.8 -956.6 2910.0 0 0 0 0 0 0 0 0 0
-61.8 -937.9 2718.9 0 0 0 0 0 0 0 0 0
-267.3 357.0 2959.3 7 0.6564323306 -0.1176148355 0.7451599836 0.1413934827 0.9894484878 0.0316154547 -0.7410158515 0.0846073627 0.6661359668
-243.4 155.8 2942.1 0.6564323306 -0.1176148355 0.7451599836 0.1413934827 0.9894484878 0.0316154547 -0.7410158515 0.0846073627 0.6661359668
-222.3 -39.3 2923.1 0.6567254663 -0.1098996624 0.7460789084 0.1388428956 0.9900326729 0.0236202832 -0.7412383556 0.0880757123 0.6654384732
-340.1 137.2 3048.8 0.1992613971 -0.7416929603 -0.6404580474 0.9770523906 0.2005613893 0.0717203245 0.0752566904 -0.6400521398 0.7646369934
-394.8 -131.2 3028.2 -0.2022168189 -0.7188338041 -0.6651213169 0.9377351999 0.0537312217 -0.3431699574 0.2824199200 -0.6931024194 0.6632103920
-146.7 174.5 2835.4 0.2665496171 0.7684420347 -0.5817630291 -0.9601185918 0.1588429660 -0.2300896049 -0.0844015628 0.6198917627 0.7801349759
-87.6 -38.4 2816.7 0.6382427812 0.7684420347 -0.0462927483 -0.2603229284 0.1588429660 -0.9523659348 -0.7244847417 0.6198917627 0.3014234602
-261.3 -246.9 2976.5 0.4088912606 -0.1947314590 0.8915646672 0.1019063443 0.9806010127 0.1674418598 -0.9068754315 0.0223905835 0.4208035469
-183.9 -636.4 2967.6 0.4062631130 0.1934879571 0.8930356503 0.0886232927 0.9643728137 -0.2492609322 -0.9094482660 0.1804092824 0.3746415377
-149.3 -222.1 2835.0 0.7076715827 0.0027514056 0.7065361738 0.0905351490 0.9913956523 -0.0945413485 -0.7007170320 0.1308705807 0.7013334036
-150.4 -615.8 2783.0 0.6745015383 -0.2292778939 0.7017686963 0.2983087599 0.9541416168 0.0250137411 -0.6753218174 0.1924719512 0.7119655609
-344.5 -364.6 2957.9 0 0 0 0 0 0 0 0 0
54.6 -96.4 2655.3 0 0 0 0 0 0 0 0 0
-248.4 -957.7 2907.5 0 0 0 0 0 0 0 0 0
-73.6 -935.4 2718.6 0 0 0 0 0 0 0 0 0
-269.9 355.6 2957.5 8 0.6855049729 -0.1284328252 0.7166505456 0.1474785954 0.9884074926 0.0360659212 -0.7129747868 0.0809672475 0.6964992881
-243.9 155.4 2941.2 0.6855049729 -0.1284328252 0.7166505456 0.1474785954 0.9884074926 0.0360659212 -0.7129747868 0.0809672475 0.6964992881
-220.6 -39.5 2923.4 0.6861121655 -0.1210001409 0.7173625231 0.1426638961 0.9893035889 0.0304203760 -0.7133702040 0.0814699456 0.6960356236
-344.9 136.2 3043.7 0.1885161400 -0.7157445550 -0.6724368930 0.9786718488 0.1938293725 0.0680556297 0.0816275775 -0.6709246635 0.7370190024
-396.6 -132.6 3021.3 -0.2209738791 -0.6895707846 -0.6896830797 0.9366168380 0.0470924936 -0.3471760750 0.2718813717 -0.7226855755 0.6354573369
-143.0 174.7 2838.6 0.2771273851 0.7405863404 -0.6121538281 -0.9581840038 0.1657360941 -0.2332700342 -0.0713006184 0.6512015462 0.7555480003
-81.5 -37.8 2822.8 0.6699736714 0.7405863404 -0.0516446456 -0.2566040456 0.1657360941 -0.9522005916 -0.6966273785 0.6512015462 0.3010762632
-260.6 -248.8 2973.3 0.4471677542 -0.2138154060 0.8685182929 0.0967544764 0.9768732786 0.1906754225 -0.8892016411 -0.0012308680 0.4575138390
-175.7 -636.7 2973.8 0.4462992251 0.2186458558 0.8677620292 0.0929537565 0.9531204104 -0.2879602909 -0.8900430202 0.2091781944 0.4050529599
-140.7 -223.3 2838.1 0.7353423238 0.0298927054 0.6770362258 0.0604948141 0.9921430945 -0.1095100045 -0.6749903560 0.1214845255 0.7277565002
-152.6 -617.2 2789.9 0.7050175667 -0.2113492489 0.6769651175 0.3040845394 0.9524489045 -0.0193297602 -0.6406893730 0.2194824517 0.7357612252
-341.6 -365.7 2953.6 0 0 0 0 0 0 0 0 0
67.7 -94.9 2667.6 0 0 0 0 0 0 0 0 0
-249.6 -958.8 2903.1 0 0 0 0 0 0 0 0 0
-81.4 -938.2 2715.9 0 0 0 0 0 0 0 0 0
-272.8 357.3 2958.2 9 0.7126435041 -0.1422065049 0.6869618297 0.1587665826 0.9865249991 0.0395164564 -0.6833245158 0.0809054375 0.7256183028
-244.1 158.5 2941.8 0.7126435041 -0.1422065049 0.6869618297 0.1587665826 0.9865249991 0.0395164564 -0.6833245158 0.0809054375 0.7256183028
-218.3 -36.2 2924.0 0.7134810090 -0.1332563609 0.6878863573 0.1527643949 0.9877151847 0.0328903683 -0.6838186383 0.0816178918 0.7250728011
-349.0 137.8 3040.1 0.1760767400 -0.6893448234 -0.7027094960 0.9798360467 0.1912203431 0.0579322949 0.0944370255 -0.6987406015 0.7091143727
-397.3 -131.3 3014.2 -0.2404756695 -0.6597321630 -0.7119866014 0.9330728650 0.0450150371 -0.3568595052 0.2674818039 -0.7501513958 0.6047531366
-139.2 179.2 2843.6 0.2885445058 0.7116958499 -0.6404928565 -0.9552658200 0.1686569303 -0.2429445833 -0.0648790970 0.6819412112 0.7285237312
-75.2 -32.6 2829.2 0.7003098130 0.7116958499 -0.0552734211 -0.2467190027 0.1686569303 -0.9542979598 -0.6698476672 0.6819412112 0.2937009931
-259.4 -249.2 2972.5 0.4811622798 -0.1926409304 0.8552030921 0.1114682481 0.9810820818 0.1582808048 -0.8695157766 0.0191692356 0.4935330451
-182.9 -638.8 2964.9 0.4728326797 0.2082193643 0.8561973572 0.0712251961 0.9594681859 -0.2726677954 -0.8782688975 0.1899090707 0.4388374686
-134.0 -223.0 2842.1 0.7612898350 0.0477926694 0.6466479897 0.0536423214 0.9892191887 -0.1362639070 -0.6461890340 0.1384240389 0.7505188584
-152.9 -615.9 2787.1 0.7361767888 -0.1940872669 0.6483624578 0.2961080074 0.9538084269 -0.0506904460 -0.6085751653 0.2293024361 0.7596424222
-337.5 -363.6 2947.6 0 0 0 0 0 0 0 0 0
80.8 -87.6 2680.0 0 0 0 0 0 0 0 0 0
-252.7 -960.6 2901.2 0 0 0 0 0 0 0 0 0
-88.2 -934.2 2710.6 0 0 0 0 0 0 0 0 0
-275.1 361.1 2958.5 0 0.7240294218 -0.1506469101 0.6731172800 0.1653510630 0.9853116870 0.0426599160 -0.6696569324 0.0804136246 0.7383043170
-244.6 161.4 2942.2 0.7240294218 -0.1506469101 0.6731172800 0.1653510630 0.9853116870 0.0426599160 -0.6696569324 0.0804136246 0.7383043170
-217.0 -33.1 2924.6 0.7250024676 -0.1419557184 0.6739584208 0.1587933749 0.9866186380 0.0369912498 -0.6701910496 0.0802013874 0.7378425598
-351.1 139.8 3038.4 0.1671330333 -0.6775426269 -0.7162419558 0.9809722304 0.1870701462 0.0519445464 0.0987928510 -0.7112951279 0.6959161162
-397.0 -129.6 3011.3 -0.2522284091 -0.6459091902 -0.7205429077 0.9309682250 0.0411477610 -0.3627741337 0.2639678717 -0.7623044848 0.5909423232
-138.0 183.0 2845.9 0.2966632545 0.6975793839 -0.6522069573 -0.9530621767 0.1729806066 -0.2484959662 -0.0605264902 0.6953133941 0.7161535025
-72.2 -28.4 2832.5 0.7144853473 0.6975793839 -0.0537934862 -0.2407922149 0.1729806066 -0.9550375938 -0.6569092870 0.6953133941 0.2915637791
-257.2 -246.5 2970.4 0.4966983795 -0.1826142669 0.8484944105 0.1150317490 0.9828411937 0.1441904008 -0.8602665067 0.0259846635 0.5091820955
-184.6 -636.9 2960.1 0.4842196405 0.2056767344 0.8504283428 0.0517730005 0.9635390043 -0.2625112832 -0.8734133840 0.1711423546 0.4559160173
-126.6 -218.4 2845.4 0.7696907520 0.0832319260 0.6329681277 0.0088576209 0.9899774194 -0.1409476250 -0.6383554935 0.1140926778 0.7612392306
-159.6 -611.4 2800.1 0.7477545142 -0.1870794445 0.6370749474 0.3020411730 0.9503040314 -0.0754546747 -0.5912988782 0.2488444448 0.7670997977
-334.2 -361.4 2945.6 0 0 0 0 0 0 0 0 0
87.0 -82.0 2686.1 0 0 0 0 0 0 0 0 0
-254.5 -964.5 2901.9 0 0 0 0 0 0 0 0 0
-95.2 -938.9 2714.3 0 0 0 0 0 0 0 0 0
-276.3 362.3 2957.1 1 0.7423903346 -0.1475807130 0.6535109282 0.1560377479 0.9866995811 0.0455645248 -0.6515433788 0.0681457072 0.7555444241
-246.3 161.9 2943.3 0.7423903346 -0.1475807130 0.6535109282 0.1560377479 0.9866995811 0.0455645248 -0.6515433788 0.0681457072 0.7555444241
-218.9 -32.8 2928.2 0.7431564927 -0.1413398236 0.6540194750 0.1508022994 0.9876675606 0.0420890488 -0.6519026756 0.0673488975 0.7553058863
-355.5 141.4 3036.8 0.1671221554 -0.6576977968 -0.7345092297 0.9814176559 0.1822154224 0.0601407811 0.0942844376 -0.7309111953 0.6759284735
-401.4 -128.1 3010.9 -0.2566558719 -0.6251090765 -0.7371339202 0.9339869022 0.0357510224 -0.3555141091 0.2485883981 -0.7797182202 0.5746679902
-137.1 182.3 2849.7 0.2955555916 0.6791471839 -0.6718675494 -0.9543193579 0.1776217073 -0.2402603775 -0.0438339114 0.7121865153 0.7006204128
-71.6 -29.3 2840.0 0.7311868072 0.6791471839 -0.0642253458 -0.2486165613 0.1776217073 -0.9521766305 -0.6352602839 0.7121865153 0.2987218797
-255.2 -243.7 2970.1 0.5193091631 -0.1448878497 0.8422146440 0.1095344648 0.9886792302 0.1025455371 -0.8475376964 0.0389986895 0.5293003917
-197.7 -636.2 2954.6 0.5131825209 0.1674699038 0.8417823911 0.0718935207 0.9689442515 -0.2365973741 -0.8552631736 0.1819363385 0.4852052331
-122.4 -214.6 2847.4 0.7858215570 0.1013676599 0.6100893617 -0.0068936138 0.9878504872 -0.1552542150 -0.6184148788 0.1177963838 0.7769730091
-162.7 -606.8 2800.6 0.7677032351 -0.1776291430 0.6156944633 0.2892673612 0.9534112811 -0.0856234208 -0.5718007684 0.2438336909 0.7833192348
-337.5 -360.6 2949.0 0 0 0 0 0 0 0 0 0
91.3 -84.7 2698.5 0 0 0 0 0 0 0 0 0
-253.5 -959.1 2894.0 0 0 0 0 0 0 0 0 0
-100.2 -942.1 2714.8 0 0 0 0 0 0 0 0 0
-277.7 363.9 2955.9 2 0.7588242292 -0.1413921714 0.6357625723 0.1489886940 0.9879512191 0.0418903790 -0.6340253949 0.0629340038 0.7707471251
-248.9 163.1 2943.1 0.7588242292 -0.1413921714 0.6357625723 0.1489886940 0.9879512191 0.0418903790 -0.6340253949 0.0629340038 0.7707471251
-222.1 -31.8 2929.6 0.7594975829 -0.1378313452 0.6357404590 0.1442218274 0.9886516333 0.0420471169 -0.6343212724 0.0597529635 0.7707568407
-360.4 143.6 3034.1 0.1698513180 -0.6388511062 -0.7503464818 0.9809585810 0.1823764741 0.0667767525 0.0941851437 -0.7474008799 0.6576633453
-407.1 -125.8 3008.2 -0.2577791512 -0.6058458686 -0.7526624203 0.9363391399 0.0355394818 -0.3492935598 0.2383672893 -0.7947878838 0.5581158400
-137.4 182.6 2852.2 0.2916022837 0.6626042724 -0.6898722053 -0.9559823871 0.1772632301 -0.2338277549 -0.0326462872 0.7276903987 0.6851283908
-72.8 -29.4 2845.0 0.7450674772 0.6626042724 -0.0763549060 -0.2550556958 0.1772632301 -0.9505389929 -0.6162962914 0.7276903987 0.3010740578
-258.9 -242.9 2974.6 0.5411558747 -0.1363669783 0.8297917843 0.0967306122 0.9903083444 0.0996623784 -0.8353403807 0.0263333824 0.5491020083
-204.7 -636.2 2964.1 0.5439587831 0.1410777718 0.8271673918 0.1152196452 0.9638702869 -0.2401635051 -0.8311638236 0.2259449810 0.5080507994
-122.7 -215.2 2855.2 0.8013356328 0.1026969850 0.5893339515 -0.0057801078 0.9864373207 -0.1640365869 -0.5981870890 0.1280419528 0.7910609841
-163.5 -607.1 2804.3 0.7870637178 -0.1670644432 0.5938183069 0.2873821259 0.9510881901 -0.1133259386 -0.5458408594 0.2598475218 0.7965782881
-342.9 -358.8 2948.9 0 0 0 0 0 0 0 0 0
93.2 -86.2 2707.7 0 0 0 0 0 0 0 0 0
-251.6 -956.5 2889.1 0 0 0 0 0 0 0 0 0
-104.6 -942.4 2712.7 0 0 0 0 0 0 0 0 0
-279.7 366.1 2955.9 3 0.7870308757 -0.1455536187 0.5994969606 0.1505817026 0.9876998663 0.0421200469 -0.5982537866 0.0571234934 0.7992680073
-249.6 161.9 2944.0 0.7870308757 -0.1455536187 0.5994969606 0.1505817026 0.9876998663 0.0421200469 -0.5982537866 0.0571234934 0.7992680073
-223.0 -33.0 2930.9 0.7880108953 -0.1366604120 0.6003022194 0.1437174678 0.9889461398 0.0364797413 -0.5986519456 0.0575274788 0.7989408374
-365.2 142.5 3029.8 0.1691138446 -0.6036201119 -0.7791298032 0.9798976779 0.1878603250 0.0671492592 0.1058349386 -0.7748233676 0.6232557297
-411.7 -126.6 3000.7 -0.2647785246 -0.5690559149 -0.7785034776 0.9364036322 0.0410821922 -0.3485117853 0.2303053439 -0.8212719560 0.5219883919
-134.1 181.3 2858.3 0.2891668975 0.6296015978 -0.7210993767 -0.9569939971 0.1717575490 -0.2337987870 -0.0233458206 0.7576946616 0.6521915197
-69.9 -30.9 2853.1 0.7712693810 0.6296015978 -0.0935166627 -0.2555678785 0.1717575490 -0.9514117837 -0.5829482079 0.7576946616 0.2933772802
-264.4 -241.5 2975.8 0.5762968659 -0.1451930255 0.8042393327 0.1158532500 0.9886674285 0.0954712629 -0.8089870214 0.0381539576 0.5865870118
-206.7 -634.2 2960.7 0.5757853985 0.1260088831 0.8078322411 0.1118940637 0.9666106701 -0.2305286974 -0.8099079132 0.2231266946 0.5424606800
-125.2 -215.0 2859.6 0.8287047744 0.0959508866 0.5513998866 0.0044776443 0.9840269685 -0.1779632270 -0.5596680641 0.1499479562 0.8150382042
-163.3 -605.9 2800.0 0.8157287836 -0.1599806398 0.5558711290 0.2711342275 0.9546324015 -0.1231388152 -0.5109527707 0.2511635721 0.8220974207
-345.8 -359.7 2943.4 0 0 0 0 0 0 0 0 0
101.9 -87.8 2723.3 0 0 0 0 0 0 0 0 0
-249.0 -958.2 2885.9 0 0 0 0 0 0 0 0 0
-106.7 -943.7 2711.2 0 0 0 0 0 0 0 0 0
-278.7 368.1 2943.8 4 0.8268236518 -0.1394803226 0.5448924899 0.1310854554 0.9898732305 0.0544754677 -0.5469727516 0.0263858791 0.8367344737
-249.7 162.1 2938.3 0.8268236518 -0.1394803226 0.5448924899 0.1310854554 0.9898732305 0.0544754677 -0.5469727516 0.0263858791 0.8367344737
-224.4 -33.3 2930.5 0.8276600838 -0.1293607950 0.5461177826 0.1249224916 0.9911251068 0.0454469249 -0.5471500754 0.0306077898 0.8364747167
-370.9 145.4 3016.5 0.1723995209 -0.5485800505 -0.8181309700 0.9800004959 0.1793234050 0.0862678215 0.0993852243 -0.8166413307 0.5685240030
-418.3 -123.7 2989.2 -0.2692696452 -0.5126067996 -0.8153085709 0.9430435896 0.0313800648 -0.3311858475 0.1953525543 -0.8580498695 0.4749608934
-128.5 178.7 2860.2 0.2795923352 0.5795775652 -0.7654528022 -0.9600293040 0.1796453744 -0.2146421224 0.0131082917 0.7948694229 0.6066389084
-66.5 -34.1 2863.1 0.8055423498 0.5795775652 -0.1232531443 -0.2738213241 0.1796453744 -0.9448541999 -0.5254744291 0.7948694229 0.3034126461
-268.0 -242.7 2974.3 0.6267843246 -0.1234528273 0.7693508863 0.1207439154 0.9908308387 0.0606231466 -0.7697806954 0.0548967980 0.6359434128
-219.0 -636.3 2952.5 0.6257554293 0.0829008594 0.7756014466 0.1080176011 0.9755461812 -0.1914207488 -0.7725039721 0.2035611719 0.6014985442
-123.7 -216.3 2864.7 0.8632481694 0.1089915484 0.4928726554 -0.0225179177 0.9837540984 -0.1781034619 -0.5042772293 0.1426490247 0.8516781926
-167.0 -607.2 2808.0 0.8531394601 -0.1658839881 0.4946064949 0.2779258192 0.9468742609 -0.1618220210 -0.4414864779 0.2755206525 0.8539192080
-351.3 -358.5 2940.5 0 0 0 0 0 0 0 0 0
113.0 -95.1 2746.0 0 0 0 0 0 0 0 0 0
-246.5 -959.4 2885.1 0 0 0 0 0 0 0 0 0
-108.5 -940.8 2710.9 0 0 0 0 0 0 0 0 0
-279.4 368.8 2937.8 5 0.8510510325 -0.1405460089 0.5059238672 0.1306456178 0.9898899198 0.0552237183 -0.5085704327 0.0190985296 0.8608085513
-250.0 161.7 2933.8 0.8510510325 -0.1405460089 0.5059238672 0.1306456178 0.9898899198 0.0552237183 -0.5085704327 0.0190985296 0.8608085513
-224.5 -33.7 2927.5 0.8520442843 -0.1300200373 0.5070654750 0.1233730316 0.9912531376 0.0468647256 -0.5087235570 0.0226273816 0.8606325388
-374.7 145.3 3006.3 0.1682478189 -0.5102991462 -0.8433786035 0.9801104069 0.1779468060 0.0878553689 0.1052440107 -0.8413856030 0.5300886631
-420.9 -123.9 2977.4 -0.2773932219 -0.4725494683 -0.8365105987 0.9435808659 0.0299005564 -0.3297894895 0.1808539778 -0.8807967901 0.4375944138
-125.3 178.2 2861.3 0.2780993581 0.5424877405 -0.7926965356 -0.9601472020 0.1809605360 -0.2130038738 0.0278948024 0.8203415871 0.5711930990
-63.6 -34.7 2867.5 0.8287059069 0.5424877405 -0.1376719177 -0.2753141224 0.1809605360 -0.9441691637 -0.4872870147 0.8203415871 0.2993176281
-274.5 -241.7 2974.4 0.6590387225 -0.1447333097 0.7380516529 0.1378130168 0.9879333973 0.0706762895 -0.7393751144 0.0551347211 0.6710324883
-217.1 -634.1 2952.4 0.6561660171 0.0808856338 0.7502690554 0.0958517715 0.9772518277 -0.1891858727 -0.7485042214 0.1960519552 0.6334863901
-123.2 -218.7 2874.3 0.8872039318 0.1055916399 0.4491320848 -0.0082578054 0.9769371748 -0.2133671641 -0.4613036215 0.1855913401 0.8676144481
-165.1 -606.6 2800.7 0.8769460320 -0.1538634151 0.4552929997 0.2440927774 0.9586720467 -0.1461731791 -0.4139859676 0.2393197268 0.8782606125
-351.9 -358.7 2932.4 0 0 0 0 0 0 0 0 0
121.0 -96.0 2758.9 0 0 0 0 0 0 0 0 0
-243.8 -957.2 2887.6 0 0 0 0 0 0 0 0 0
-110.9 -944.1 2716.4 0 0 0 0 0 0 0 0 0
-279.3 366.8 2935.3 6 0.8682521582 -0.1323609352 0.4781409502 0.1237077117 0.9910726547 0.0497129932 -0.4804525077 0.0159863122 0.8768750429
-251.9 161.6 2932.0 0.8682521582 -0.1323609352 0.4781409502 0.1237077117 0.9910726547 0.0497129932 -0.4804525077 0.0159863122 0.8768750429
-227.5 -34.0 2926.7 0.8691047430 -0.1239267886 0.4788518548 0.1171102598 0.9921343327 0.0442118756 -0.4805644155 0.0176537186 0.8767817020
-379.1 146.1 3000.4 0.1713856757 -0.4811816812 -0.8597040772 0.9790410399 0.1806341112 0.0940739885 0.1100251973 -0.8578085303 0.5020547509
-426.1 -122.8 2970.1 -0.2767358124 -0.4431696534 -0.8526535034 0.9456107020 0.0322984420 -0.3236930668 0.1709903330 -0.8958557248 0.4101278484
-124.8 177.1 2863.6 0.2704768181 0.5164915919 -0.8124523163 -0.9619888067 0.1780266315 -0.2070846707 0.0376806557 0.8375816345 0.5450111628
-64.8 -36.2 2871.9 0.8423558474 0.5164915919 -0.1538605690 -0.2813891470 0.1780266315 -0.9429351091 -0.4596267641 0.8375816345 0.2952968776
-276.7 -242.0 2969.5 0.6859542131 -0.1252835840 0.7167780995 0.1171257570 0.9912317395 0.0611655973 -0.7181562185 0.0419963710 0.6946135163
-226.9 -635.7 2952.8 0.6856900454 0.0524140596 0.7260040641 0.1120246127 0.9779220819 -0.1764054000 -0.7192215323 0.2022897601 0.6646798253
-120.8 -219.3 2876.5 0.9020732641 0.1002746373 0.4197724164 -0.0120314350 0.9780990481 -0.2077918649 -0.4314152598 0.1823930144 0.8835234642
-160.6 -607.8 2804.0 0.8958865404 -0.1334714890 0.4237601161 0.2211423814 0.9612216353 -0.1647696495 -0.3853353262 0.2413262278 0.8906617165
-357.2 -358.2 2927.6 0 0 0 0 0 0 0 0 0
122.8 -98.8 2769.5 0 0 0 0 0 0 0 0 0
-244.3 -959.5 2885.9 0 0 0 0 0 0 0 0 0
-114.2 -941.9 2720.2 0 0 0 0 0 0 0 0 0
-277.8 365.4 2934.5 7 0.8962000012 -0.1137720793 0.4288140237 0.1091600433 0.9933927059 0.0354259014 -0.4300111830 0.0150606623 0.9026979208
-254.3 160.0 2931.4 0.8962000012 -0.1137720793 0.4288140237 0.1091600433 0.9933927059 0.0354259014 -0.4300111830 0.0150606623 0.9026979208
-233.1 -36.0 2926.8 0.8969360590 -0.1068632379 0.4290524423 0.1025296673 0.9941731691 0.0332779959 -0.4301086068 0.0141423708 0.9026663899
-385.3 146.6 2992.4 0.1824493259 -0.4284103215 -0.8849728107 0.9754841328 0.1915242225 0.1083936915 0.1230567545 -0.8830532432 0.4528509378
-435.4 -121.3 2958.6 -0.2689379752 -0.3909750581 -0.8802334070 0.9500423670 0.0426199846 -0.3091973364 0.1584039778 -0.9194139838 0.3599807620
-123.2 173.4 2870.4 0.2505562007 0.4712564051 -0.8456588984 -0.9668348432 0.1664864123 -0.1936817169 0.0495169610 0.8661406636 0.4973413348
-67.6 -40.9 2881.4 0.8618788719 0.4712564051 -0.1873024851 -0.2954702079 0.1664864123 -0.9407335520 -0.4121434093 0.8661406636 0.2827333510
-282.5 -241.9 2967.1 0.7251323462 -0.1428583860 0.6736279130 0.1257792115 0.9892644882 0.0744003430 -0.6770248413 0.0307782926 0.7353162766
-225.8 -634.9 2954.9 0.7244217992 0.0577349588 0.6869350672 0.1127093360 0.9731575847 -0.2006511539 -0.6800806522 0.2227800637 0.6984692812
-123.4 -220.4 2879.1 0.9273285270 0.0892819241 0.3634425998 -0.0016195222 0.9720751643 -0.2346640527 -0.3742448092 0.2170220613 0.9015776515
-158.9 -606.4 2793.0 0.9209725857 -0.1236230358 0.3694953918 0.1922235489 0.9690486193 -0.1549028456 -0.3389094472 0.2136869878 0.9162304401
-368.5 -357.7 2919.2 0 0 0 0 0 0 0 0 0
124.4 -106.8 2789.5 0 0 0 0 0 0 0 0 0
-244.8 -956.1 2881.4 0 0 0 0 0 0 0 0 0
-116.1 -941.7 2719.0 0 0 0 0 0 0 0 0 0
-275.9 364.5 2921.1 8 0.9139866829 -0.1052870527 0.3918455839 0.0861241594 0.9940813184 0.0662188381 -0.3964983523 -0.0267757699 0.9176448584
-254.0 157.7 2926.7 0.9139866829 -0.1052870527 0.3918455839 0.0861241594 0.9940813184 0.0662188381 -0.3964983523 -0.0267757699 0.9176448584
-234.9 -38.5 2929.4 0.9146660566 -0.0962566659 0.3925820887 0.0794193000 0.9950967431 0.0589495897 -0.3963314593 -0.0227405913 0.9178258181
-387.6 147.6 2982.8 0.1881936342 -0.3902265131 -0.9012804031 0.9771878123 0.1663618237 0.1320141107 0.0984232575 -0.9055644870 0.4126328528
-439.3 -120.8 2955.7 -0.2645086944 -0.3530155122 -0.8974492550 0.9573615193 0.0159746427 -0.2884505391 0.1161639392 -0.9354810715 0.3337380290
-120.5 167.8 2870.7 0.2375565767 0.4377096295 -0.8671661615 -0.9670760632 0.1904543936 -0.1687929630 0.0912733003 0.8787134886 0.4685421884
-67.8 -46.6 2890.9 0.8744766116 0.4377096295 -0.2090475559 -0.3174038529 0.1904543936 -0.9289681911 -0.3668043017 0.8787134886 0.3054786623
-294.0 -242.9 2963.2 0.7444030046 -0.1712598950 0.6453946233 0.1535980403 0.9845483899 0.0840955675 -0.6498244405 0.0365303494 0.7592059970
-226.0 -633.9 2948.7 0.7420744896 0.0593147837 0.6676880121 0.0856593475 0.9795196056 -0.1822192520 -0.6648217440 0.1924139708 0.7217956185
-129.9 -224.1 2884.5 0.9426453710 0.0811540335 0.3237803578 -0.0114208898 0.9772685170 -0.2116973251 -0.3336004317 0.1958576441 0.9221445322
-162.1 -612.2 2806.8 0.9366148114 -0.1318996847 0.3245846927 0.2048135549 0.9577722549 -0.2018011212 -0.2842606902 0.2554892600 0.9240785241
-373.4 -359.1 2926.8 0 0 0 0 0 0 0 0 0
127.0 -117.4 2809.2 0 0 0 0 0 0 0 0 0
-245.8 -961.3 2884.4 0 0 0 0 0 0 0 0 0
-117.3 -937.4 2720.0 0 0 0 0 0 0 0 0 0
-274.9 365.9 2914.5 9 0.9263671637 -0.0880319849 0.3661887944 0.0650590360 0.9950863123 0.0746360049 -0.3709598184 -0.0453164503 0.9275425673
-256.8 160.3 2923.8 0.9263671637 -0.0880319849 0.3661887944 0.0650590360 0.9950863123 0.0746360049 -0.3709598184 -0.0453164503 0.9275425673
-240.8 -36.2 2929.6 0.9267860055 -0.0799803361 0.3669752181 0.0600950606 0.9960533977 0.0653161928 -0.3707509041 -0.0384807363 0.9279348254
-392.0 153.0 2976.1 0.2005633414 -0.3614464700 -0.9105662107 0.9754385948 0.1600778103 0.1513098627 0.0910710245 -0.9185485840 0.3846745789
-447.1 -114.9 2951.1 -0.2527163625 -0.3257509172 -0.9110547900 0.9627673626 0.0087503958 -0.2701895833 0.0959865972 -0.9454151392 0.3114109933
-121.5 167.5 2871.5 0.2196780741 0.4152582586 -0.8827809095 -0.9692720175 0.1955774575 -0.1492019743 0.1106946990 0.8884311914 0.4454622865
-72.8 -47.4 2896.1 0.8795612454 0.4152582586 -0.2322339267 -0.3356341422 0.1955774575 -0.9214657545 -0.3372265399 0.8884311914 0.3113971949
-299.7 -243.5 2970.0 0.7566635609 -0.1847693324 0.6271526814 0.1817325205 0.9808732867 0.0697197393 -0.6280394197 0.0612196513 0.7757697105
-226.3 -633.0 2945.7 0.7543294430 0.0647932589 0.6532908678 0.0646093935 0.9829598665 -0.1720917225 -0.6533090472 0.1720225811 0.7372893095
-132.2 -228.8 2897.6 0.9535773396 0.0789087862 0.2906263769 -0.0067942082 0.9704522491 -0.2411976606 -0.3010716438 0.2280260473 0.9259373546
-163.6 -614.2 2807.0 0.9465270042 -0.1367154270 0.2922251225 0.2058386952 0.9533767700 -0.2206880003 -0.2484291941 0.2690383792 0.9305381775
-384.2 -354.6 2927.2 0 0 0 0 0 0 0 0 0
123.2 -122.1 2820.9 0 0 0 0 0 0 0 0 0
-248.1 -964.3 2887.8 0 0 0 0 0 0 0 0 0
-116.4 -943.0 2714.2 0 0 0 0 0 0 0 0 0
-274.0 366.6 2911.6 0 0.9312350750 -0.0699873790 0.3576353192 0.0471438244 0.9962747097 0.0722095072 -0.3613567650 -0.0503837317 0.9310653806
-259.7 162.2 2921.9 0.9312350750 -0.0699873790 0.3576353192 0.0471438244 0.9962747097 0.0722095072 -0.3613567650 -0.0503837317 0.9310653806
-246.9 -34.5 2928.6 0.9314687848 -0.0633803159 0.3582580686 0.0436506942 0.9970647097 0.0629016384 -0.3611932099 -0.0429527014 0.9315012097
-395.6 157.3 2972.8 0.2154204398 -0.3491667211 -0.9119630456 0.9724003673 0.1624073386 0.1675152034 0.0896187723 -0.9228794575 0.3745157123
-454.7 -109.8 2948.2 -0.2380319089 -0.3156552613 -0.9185328484 0.9670961499 0.0104198046 -0.2541975677 0.0898097381 -0.9488167167 0.3027887642
-123.7 167.1 2871.1 0.2027314305 0.4090617597 -0.8897013068 -0.9722754955 0.1922115088 -0.1331732571 0.1165347472 0.8920332193 0.4366880357
-78.8 -48.5 2896.9 0.8774728179 0.4090617597 -0.2504196167 -0.3511302769 0.1922115088 -0.9163854122 -0.3267247081 0.8920332193 0.3122943342
-309.9 -239.5 2971.1 0.7609226108 -0.1979793906 0.6179004312 0.1944090873 0.9781260490 0.0739901140 -0.6190330386 0.0638247058 0.7827672362
-231.2 -628.1 2945.7 0.7602931857 0.0499287583 0.6476584077 0.0802804232 0.9821755886 -0.1699591428 -0.6446001530 0.1812130660 0.7427331209
-140.2 -228.5 2903.2 0.9606923461 0.0366361402 0.2751871347 0.0403516591 0.9622994661 -0.2689823210 -0.2746669054 0.2695135176 0.9229954481
-154.7 -610.1 2796.4 0.9543094635 -0.1119527668 0.2770559788 0.1717898101 0.9641762972 -0.2021195441 -0.2445029616 0.2404799908 0.9393548965
-395.5 -350.5 2925.9 0 0 0 0 0 0 0 0 0
116.7 -126.7 2824.1 0 0 0 0 0 0 0 0 0
-248.1 -960.5 2884.4 0 0 0 0 0 0 0 0 0
-115.9 -943.7 2713.1 0 0 0 0 0 0 0 0 0
-272.1 362.5 2909.7 1 0.9399839640 -0.0558696873 0.3366135955 0.0350050442 0.9970886111 0.0677419081 -0.3394182920 -0.0518931337 0.9392030239
-260.7 158.9 2920.3 0.9399839640 -0.0558696873 0.3366135955 0.0350050442 0.9970886111 0.0677419081 -0.3394182920 -0.0518931337 0.9392030239
-250.0 -37.8 2927.6 0.9400320649 -0.0528244153 0.3369708359 0.0341228098 0.9975429177 0.0611865632 -0.3393749893 -0.0460189395 0.9395248294
-397.8 155.4 2968.0 0.2225527018 -0.3259299994 -0.9188252687 0.9704673886 0.1640410125 0.1768717617 0.0930772126 -0.9310532808 0.3528122008
-458.9 -111.1 2942.4 -0.2308101803 -0.2932758629 -0.9277477860 0.9694804549 0.0116943140 -0.2448894382 0.0826695412 -0.9559563398 0.2816260755
-123.6 162.4 2872.6 0.1906480491 0.3899170458 -0.9008984566 -0.9739472866 0.1899347603 -0.1239011362 0.1228007674 0.9010490775 0.4159693420
-81.3 -53.5 2899.8 0.8814735413 0.3899170458 -0.2664001584 -0.3600627482 0.1899347603 -0.9133890867 -0.3055473268 0.9010490775 0.3078170717
-319.8 -236.6 2970.2 0.7659146786 -0.2175485194 0.6050184965 0.2391009182 0.9699014425 0.0460642725 -0.5968295336 0.1093791723 0.7948777676
-233.4 -621.5 2926.8 0.7739142776 0.0400361940 0.6320235729 0.0381608643 0.9932379127 -0.1096457615 -0.6321395636 0.1089749858 0.7671532035
-149.1 -228.5 2904.0 0.9681308866 0.0003244284 0.2504445612 0.0758172646 0.9526957273 -0.2943170965 -0.2386929542 0.3039254844 0.9223095775
-149.2 -606.2 2783.5 0.9637389183 -0.0972989425 0.2484758049 0.1426338553 0.9748036861 -0.1715033501 -0.2255280316 0.2007255256 0.9533343315
-401.5 -352.4 2921.8 0 0 0 0 0 0 0 0 0
115.1 -133.7 2831.7 0 0 0 0 0 0 0 0 0
-247.4 -968.2 2888.7 0 0 0 0 0 0 0 0 0
-115.7 -941.4 2714.5 0 0 0 0 0 0 0 0 0
-267.5 358.6 2897.2 2 0.9585218430 -0.0412125438 0.2820238173 0.0168330185 0.9959491491 0.0883286521 -0.2845216095 -0.0799176246 0.9553327560
-259.0 154.0 2913.6 0.9585218430 -0.0412125438 0.2820238173 0.0168330185 0.9959491491 0.0883286521 -0.2845216095 -0.0799176246 0.9553327560
-250.5 -42.6 2925.7 0.9584115744 -0.0411453359 0.2824080586 0.0195005257 0.9966813326 0.0790319443 -0.2847226262 -0.0702380240 0.9560332894
-398.7 152.6 2953.3 0.2254416794 -0.2698646486 -0.9361352324 0.9705241919 0.1462351531 0.1915673167 0.0851986259 -0.9517291188 0.2948776782
-460.6 -114.0 2929.9 -0.2265436500 -0.2371834219 -0.9446809292 0.9727957845 -0.0068640485 -0.2315624952 0.0484384485 -0.9714406133 0.2322860509
-119.3 155.4 2873.9 0.1744857877 0.3386468589 -0.9245934486 -0.9724799991 0.2065013051 -0.1078884006 0.1543936878 0.9179735780 0.3653588295
-80.7 -60.2 2908.2 0.8944672346 0.3386468589 -0.2919703722 -0.3733935058 0.2065013051 -0.9043973088 -0.2459790558 0.9179735780 0.3111571968
-325.7 -239.1 2967.7 0.7949901819 -0.2273794264 0.5623959303 0.2481640875 0.9678703547 0.0405155718 -0.5535387993 0.1073570028 0.8258748651
-235.4 -623.5 2925.1 0.8069805503 0.0256400034 0.5900211334 0.0446986817 0.9935398102 -0.1043103859 -0.5888839960 0.1105496213 0.8006212711
-153.4 -232.9 2905.6 0.9806941748 -0.0203856211 0.1944822967 0.0825385153 0.9447676539 -0.3171772957 -0.1772747338 0.3271062076 0.9282107353
-145.3 -607.7 2775.8 0.9780189395 -0.0882216096 0.1889335215 0.1203825176 0.9787244201 -0.1661522985 -0.1702556312 0.1852443963 0.9678313732
-404.2 -356.1 2917.9 0 0 0 0 0 0 0 0 0
118.6 -143.4 2853.4 0 0 0 0 0 0 0 0 0
-244.2 -963.8 2887.2 0 0 0 0 0 0 0 0 0
-115.8 -935.5 2713.7 0 0 0 0 0 0 0 0 0
-263.0 360.0 2902.5 3 0.9716412425 -0.0260675848 0.2350186706 0.0123138567 0.9981343746 0.0598007850 -0.2361390740 -0.0552109219 0.9701495171
-257.7 155.4 2913.8 0.9716412425 -0.0260675848 0.2350186706 0.0123138567 0.9981343746 0.0598007850 -0.2361390740 -0.0552109219 0.9701495171
-252.2 -41.5 2922.7 0.9716499448 -0.0254722107 0.2350480258 0.0119773466 0.9982059598 0.0586634390 -0.2361206263 -0.0541850738 0.9702118635
-399.2 155.1 2946.5 0.2326474488 -0.2200032622 -0.9473509192 0.9658721685 0.1663118452 0.1985732466 0.1138689145 -0.9612174034 0.2511870563
-463.1 -110.2 2915.2 -0.2168648392 -0.1882350892 -0.9578816295 0.9746714830 0.0131669808 -0.2232535332 0.0546365567 -0.9820357561 0.1806119084
-116.2 155.6 2881.2 0.1547085494 0.2946675420 -0.9429932833 -0.9772146344 0.1860337704 -0.1021909118 0.1453162432 0.9373166561 0.3167344630
-81.9 -61.0 2913.4 0.9010795355 0.2946675420 -0.3181613982 -0.3806663156 0.1860337704 -0.9058060646 -0.2077228725 0.9373166561 0.2798012495
-330.2 -242.4 2965.6 0.8246439695 -0.2323006243 0.5157507062 0.2476507276 0.9680218101 0.0400356278 -0.5085582137 0.0947109014 0.8558027744
-237.9 -627.0 2928.0 0.8369095922 0.0215630960 0.5469162464 0.0526160561 0.9914265275 -0.1196035221 -0.5448063016 0.1288739145 0.8285998106
-154.8 -238.8 2913.5 0.9885371327 -0.0439053588 0.1444527954 0.0929017290 0.9310912490 -0.3527582586 -0.1190107539 0.3621345758 0.9244971871
-137.4 -608.1 2769.9 0.9881427884 -0.0758839622 0.1334746629 0.0981850326 0.9806514382 -0.1693587899 -0.1180405170 0.1804558784 0.9764743447
-409.1 -352.8 2901.6 0 0 0 0 0 0 0 0 0
118.8 -145.8 2867.1 0 0 0 0 0 0 0 0 0
-245.3 -964.7 2884.1 0 0 0 0 0 0 0 0 0
-112.5 -929.1 2710.8 0 0 0 0 0 0 0 0 0
-257.9 359.6 2894.1 4 0.9831132293 -0.0168645494 0.1822195649 0.0031935344 0.9971739650 0.0750593543 -0.1829704344 -0.0732099190 0.9803887606
-254.4 155.0 2909.1 0.9831132293 -0.0168645494 0.1822195649 0.0031935344 0.9971739650 0.0750593543 -0.1829704344 -0.0732099190 0.9803887606
-250.5 -41.8 2920.4 0.9830864668 -0.0171149988 0.1823404282 0.0047633178 0.9976764321 0.0679634139 -0.1830799431 -0.0659453645 0.9808837771
-397.5 155.8 2934.1 0.2313222587 -0.1665944010 -0.9585073590 0.9659107327 0.1570206285 0.2058178335 0.1162173301 -0.9734427929 0.1972376853
-461.0 -109.5 2902.1 -0.2142573595 -0.1345682591 -0.9674632549 0.9762345552 0.0035096926 -0.2166880667 0.0325548351 -0.9908981323 0.1306182146
-111.4 154.3 2884.2 0.1413243562 0.2443432361 -0.9593350887 -0.9763280749 0.1946843415 -0.0942414552 0.1637402624 0.9499444366 0.2660728097
-80.0 -62.2 2920.5 0.9089642167 0.2443432361 -0.3377579153 -0.3872082233 0.1946843415 -0.9012035131 -0.1544467956 0.9499444366 0.2715727985
-336.1 -240.9 2955.0 0.8488674760 -0.2454961240 0.4681406021 0.2523643076 0.9663821459 0.0491715595 -0.4644741416 0.0764018446 0.8822848201
-238.5 -624.8 2924.6 0.8637156487 0.0244699065 0.5033850670 0.0405182578 0.9922158122 -0.1177541539 -0.5023480654 0.1221023872 0.8560008407
-158.2 -238.7 2911.8 0.9936248064 -0.0641105771 0.0927337408 0.0929758102 0.9312046766 -0.3524391055 -0.0637590140 0.3588142395 0.9312288165
-132.8 -608.4 2769.3 0.9928636551 -0.0870212168 0.0815421119 0.1019739062 0.9740276933 -0.2021668106 -0.0618314743 0.2090392411 0.9759505391
-407.7 -352.5 2894.0 0 0 0 0 0 0 0 0 0
122.5 -148.4 2886.1 0 0 0 0 0 0 0 0 0
-246.9 -965.7 2882.7 0 0 0 0 0 0 0 0 0
-104.4 -925.7 2701.2 0 0 0 0 0 0 0 0 0
-251.3 359.0 2881.4 5 0.9858994484 -0.0154150156 0.1666272879 -0.0009374249 0.9952236414 0.0976166353 -0.1673361808 -0.0963963866 0.9811760187
-248.1 152.3 2901.5 0.9858994484 -0.0154150156 0.1666272879 -0.0009374249 0.9952236414 0.0976166353 -0.1673361808 -0.0963963866 0.9811760187
-244.2 -44.4 2915.2 0.9858253598 -0.0170133598 0.1669098735 0.0036136906 0.9967675805 0.0802582651 -0.1677358001 -0.0785174742 0.9827002287
-391.5 153.2 2924.1 0.2285733670 -0.1514923722 -0.9616674185 0.9675304294 0.1448180377 0.2071535885 0.1078845933 -0.9777923226 0.1796750277
-454.3 -112.6 2894.5 -0.2156523913 -0.1190537363 -0.9691853523 0.9763196707 -0.0088602798 -0.2161514461 0.0171463843 -0.9928482771 0.1181452423
-104.7 151.4 2878.8 0.1396576315 0.2292706668 -0.9632915854 -0.9740750194 0.2066578865 -0.0920348763 0.1779709011 0.9511716366 0.2521881759
