596.9 325.8 2582.4 93 0.9885188341 0.0288363881 -0.1483204365 -0.0358567275 0.9983487725 -0.0448776819 0.1467814147 0.0496807210 0.9879205823
591.2 129.0 2572.6 0.9885188341 0.0288363881 -0.1483204365 -0.0358567275 0.9983487725 -0.0448776819 0.1467814147 0.0496807210 0.9879205823
586.5 -64.8 2563.0 0.9886406064 0.0242460631 -0.1483303457 -0.0312767029 0.9984859228 -0.0452507958 0.1470086128 0.0493760593 0.9879020452
457.2 133.2 2552.7 0.4237557352 -0.3480762243 -0.8362260461 0.5326349735 0.8424822688 -0.0807687491 0.7326192856 -0.4111770391 0.5424042940
347.1 -5.1 2362.4 -0.8360402584 -0.3480762243 -0.4241221249 -0.0805353299 0.8424822688 -0.5326703191 0.5427252650 -0.4111770391 -0.7323815227
725.3 124.8 2592.5 -0.1382529289 0.8342898488 0.5337102413 -0.9899835587 -0.1008440554 -0.0988081992 -0.0286131762 -0.5420248508 0.8398752213
693.6 -102.3 2585.9 -0.5400202274 0.8342898488 -0.1110794693 0.0486057326 -0.1008440554 -0.9937142134 -0.8402473927 -0.5420248508 0.0139065608
499.3 -259.9 2531.2 0.4827163219 -0.0241007823 -0.8754450679 0.1009376198 0.9944908023 0.0282784477 0.8699405193 -0.1020158082 0.4824896157
508.7 -645.9 2570.8 0.4816192985 0.0325261839 -0.8757767677 0.0341894701 0.9978529811 0.0558620170 0.8757134080 -0.0568465665 0.4794731736
671.9 -265.5 2577.1 0.9364562035 0.0701544285 0.3436978161 -0.0148801683 0.9868599772 -0.1608912647 -0.3504688442 0.1455533355 0.9251950383
644.6 -648.5 2520.6 0.9242367148 -0.1574089825 0.3478632867 0.1037017703 0.9803059697 0.1680659801 -0.3674675524 -0.1192587093 0.9223583937
557.7 15.2 2225.7 0 0 0 0 0 0 0 0 0
543.3 -88.7 2352.2 0 0 0 0 0 0 0 0 0
496.5 -1018.1 2592.0 0 0 0 0 0 0 0 0 0
703.4 -1014.2 2565.1 0 0 0 0 0 0 0 0 0
596.2 324.3 2582.2 94 0.9977713823 0.0343963206 -0.0571770370 -0.0368695781 0.9984040260 -0.0427791364 0.0556143373 0.0447918884 0.9974471331
589.5 127.4 2573.3 0.9977713823 0.0343963206 -0.0571770370 -0.0368695781 0.9984040260 -0.0427791364 0.0556143373 0.0447918884 0.9974471331
583.4 -66.5 2564.6 0.9978734255 0.0312468782 -0.0572038479 -0.0337649286 0.9984785318 -0.0435947441 0.0557546169 0.0454335213 0.9974102378
454.2 131.9 2565.8 0.4906611145 -0.3822312951 -0.7830395103 0.5324215889 0.8428938985 -0.0778273121 0.6897673011 -0.3787203133 0.6170834899
326.8 -6.3 2386.8 -0.7827400565 -0.3822312951 -0.4911386967 -0.0775025040 0.8428938985 -0.5324689746 0.6175041199 -0.3787203133 -0.6893907189
724.7 122.8 2580.8 -0.1471585184 0.7932540178 0.5908404589 -0.9891089797 -0.1163268238 -0.0901750848 -0.0028011471 -0.5976756215 0.8017331362
690.8 -105.2 2580.2 -0.5981013179 0.7932540178 -0.1141180247 0.0351039879 -0.1163268238 -0.9925904274 -0.8006513119 -0.5976756215 0.0417288505
493.8 -255.8 2540.4 0.5615252256 -0.0374897048 -0.8266099095 0.0777471736 0.9969441295 0.0075995410 0.8237990141 -0.0685339198 0.5627239943
508.4 -642.6 2567.0 0.5605597496 0.0339954086 -0.8274158835 0.0324860252 0.9974852204 0.0629916266 0.8274765611 -0.0621900223 0.5580456853
669.6 -261.4 2566.5 0.9004335403 0.0722563937 0.4289503992 -0.0164289773 0.9910528064 -0.1324551702 -0.4346832335 0.1122198626 0.8935643435
641.6 -645.8 2523.0 0.8843017220 -0.1783205867 0.4315231740 0.1196583211 0.9798846245 0.1597122699 -0.4513229132 -0.0895984918 0.8878511786
523.9 13.2 2231.3 0 0 0 0 0 0 0 0 0
524.4 -95.4 2357.4 0 0 0 0 0 0 0 0 0
495.7 -1014.8 2590.2 0 0 0 0 0 0 0 0 0
708.1 -1011.2 2556.4 0 0 0 0 0 0 0 0 0
593.1 324.2 2584.1 95 0.9992933869 0.0331205130 0.0177689027 -0.0323707908 0.9986370802 -0.0409397185 -0.0191006288 0.0403355956 0.9990035892
586.6 127.5 2576.1 0.9992933869 0.0331205130 0.0177689027 -0.0323707908 0.9986370802 -0.0409397185 -0.0191006288 0.0403355956 0.9990035892
580.8 -66.4 2568.2 0.9993946552 0.0299249850 0.0177442972 -0.0291635673 0.9987036586 -0.0417192355 -0.0189697407 0.0411764942 0.9989718199
451.0 131.5 2578.8 0.5385252833 -0.4129484296 -0.7344822288 0.5356499553 0.8406516314 -0.0798994675 0.6504380107 -0.3503974974 0.6739079356
311.0 -7.7 2409.8 -0.7339605689 -0.4129484296 -0.5392360091 -0.0793809220 0.8406516314 -0.5357270837 0.6745372415 -0.3503974974 -0.6497853994
722.2 123.5 2573.5 -0.1448680609 0.7537577748 0.6409855485 -0.9893327355 -0.1203607470 -0.0820609257 0.0152954422 -0.6460360289 0.7631536722
688.7 -105.1 2577.0 -0.6484084129 0.7537577748 -0.1068446860 0.0236194972 -0.1203607470 -0.9924492240 -0.7609261870 -0.6460360289 0.0602395423
488.7 -257.3 2550.9 0.6222155094 -0.0499592572 -0.7812502384 0.0609410405 0.9980242848 -0.0152858747 0.7804703712 -0.0380990915 0.6240307689
508.0 -644.4 2565.7 0.6212801933 0.0357467011 -0.7827727199 0.0207955725 0.9978548884 0.0620740838 0.7833124995 -0.0548436046 0.6192041039
666.0 -263.3 2560.8 0.8668375611 0.0583561324 0.4951637685 0.0068390882 0.9916418195 -0.1288397163 -0.4985437095 0.1150695756 0.8591933250
643.4 -648.1 2516.1 0.8540021181 -0.1839856952 0.4866514504 0.0925456062 0.9741867781 0.2059015334 -0.5119723678 -0.1308028996 0.8489846587
496.1 12.3 2239.7 0 0 0 0 0 0 0 0 0
508.2 -98.5 2365.2 0 0 0 0 0 0 0 0 0
494.7 -1016.8 2586.2 0 0 0 0 0 0 0 0 0
712.0 -1011.3 2564.9 0 0 0 0 0 0 0 0 0
590.5 322.9 2583.0 96 0.9957806468 0.0276728123 0.0874933377 -0.0248773284 0.9991496205 -0.0328815468 -0.0883288532 0.0305662081 0.9956222773
585.0 125.9 2577.0 0.9957806468 0.0276728123 0.0874933377 -0.0248773284 0.9991496205 -0.0328815468 -0.0883288532 0.0305662081 0.9956222773
580.2 -68.0 2570.4 0.9958531260 0.0251903385 0.0874185711 -0.0221383963 0.9991170168 -0.0357075669 -0.0882408693 0.0336241834 0.9955314994
449.7 129.0 2589.1 0.5784021020 -0.4421752393 -0.6855158806 0.5429420471 0.8358508348 -0.0810393021 0.6088225842 -0.3253220916 0.7235333920
299.3 -12.2 2430.7 -0.6847367287 -0.4421752393 -0.5793243051 -0.0803084150 0.8358508348 -0.5430506468 0.7243522406 -0.3253220916 -0.6078481674
720.3 122.9 2564.9 -0.1372213811 0.7117029428 0.6889479160 -0.9899843931 -0.1218390688 -0.0713171512 0.0331841521 -0.6918339133 0.7212936878
688.5 -106.2 2572.6 -0.6960191131 0.7117029428 -0.0950598791 0.0109662050 -0.1218390688 -0.9924892783 -0.7179395556 -0.6918339133 0.0769976377
486.1 -257.6 2561.9 0.6760851145 -0.0599008203 -0.7343846560 0.0429035798 0.9981993437 -0.0419214740 0.7355733514 -0.0031652441 0.6774376631
509.4 -644.7 2563.2 0.6756132841 0.0390541703 -0.7362210155 0.0292498879 0.9963898659 0.0796972513 0.7366756797 -0.0753789097 0.6720319390
664.0 -262.8 2558.5 0.8303061128 0.0603829063 0.5540267825 0.0146806324 0.9913983345 -0.1300531626 -0.5571141839 0.1161173955 0.8222776651
640.5 -647.6 2513.4 0.8172534108 -0.2030202448 0.5393326283 0.0884892270 0.9689997435 0.2306710929 -0.5694440603 -0.1407916099 0.8098834157
472.1 8.0 2247.9 0 0 0 0 0 0 0 0 0
494.7 -103.1 2372.7 0 0 0 0 0 0 0 0 0
494.8 -1016.5 2591.3 0 0 0 0 0 0 0 0 0
716.3 -1009.0 2565.9 0 0 0 0 0 0 0 0 0
590.4 325.6 2582.5 97 0.9940105677 0.0209399723 0.1072593257 -0.0184565540 0.9995393157 -0.0240941066 -0.1077144444 0.0219701584 0.9939391017
586.3 127.6 2578.1 0.9940105677 0.0209399723 0.1072593257 -0.0184565540 0.9995393157 -0.0240941066 -0.1077144444 0.0219701584 0.9939391017
582.0 -66.4 2572.9 0.9939942360 0.0222430192 0.1071479991 -0.0192109663 0.9993875623 -0.0292474646 -0.1077329293 0.0270133950 0.9938127995
450.9 130.3 2592.9 0.5887447000 -0.4506503940 -0.6710394025 0.5476574302 0.8329736590 -0.0789066777 0.5945174694 -0.3210438192 0.7372108698
297.5 -12.4 2438.0 -0.6701863408 -0.4506503940 -0.5897156000 -0.0781137198 0.8329736590 -0.5477710962 0.7380707860 -0.3210438192 -0.5934495330
721.7 125.0 2563.4 -0.1341426522 0.7003077865 0.7011239529 -0.9900118113 -0.1256830692 -0.0638774112 0.0433855653 -0.7026896477 0.7101724744
690.6 -104.2 2573.5 -0.7080926299 0.7003077865 -0.0904092044 0.0023658022 -0.1256830692 -0.9920676351 -0.7061156034 -0.7026896477 0.0873384699
486.7 -260.0 2571.8 0.6921135783 -0.0601838827 -0.7192751169 0.0203951597 0.9977504611 -0.0638597533 0.7215003967 0.0295284707 0.6917840838
510.0 -646.9 2560.4 0.6928443313 0.0439475030 -0.7197467089 0.0352053083 0.9948891401 0.0946370363 0.7202272415 -0.0909076408 0.6877561212
664.1 -264.0 2556.0 0.8193361163 0.0503385663 0.5710992813 0.0182722956 0.9933390021 -0.1137707829 -0.5730222464 0.1036518067 0.8129587173
644.5 -649.5 2515.8 0.8100470304 -0.1887892932 0.5551418066 0.0727252439 0.9717885256 0.2243614197 -0.5818374753 -0.1413704753 0.8009241819
467.1 7.4 2251.2 0 0 0 0 0 0 0 0 0
493.0 -103.6 2376.4 0 0 0 0 0 0 0 0 0
493.6 -1018.2 2594.3 0 0 0 0 0 0 0 0 0
715.0 -1012.1 2568.5 0 0 0 0 0 0 0 0 0
590.5 326.0 2582.2 98 0.9874908328 0.0211218428 0.1562553942 -0.0174608361 0.9995408058 -0.0247653946 -0.1567067355 0.0217272509 0.9874061346
586.4 128.3 2577.9 0.9874908328 0.0211218428 0.1562553942 -0.0174608361 0.9995408058 -0.0247653946 -0.1567067355 0.0217272509 0.9874061346
582.1 -65.7 2572.8 0.9874904752 0.0218988471 0.1561507285 -0.0174780115 0.9994081855 -0.0296285376 -0.1567071378 0.0265286937 0.9872887731
451.8 130.7 2599.3 0.6165390015 -0.4672602117 -0.6336778402 0.5481880903 0.8324732780 -0.0804861784 0.5651278496 -0.2977517843 0.7693986893
291.1 -12.1 2452.0 -0.6328392029 -0.4672602117 -0.6173997521 -0.0797409490 0.8324732780 -0.5482969880 0.7701662183 -0.2977517843 -0.5640814900
720.9 125.9 2556.6 -0.1306793690 0.6659834981 0.7344310284 -0.9901621342 -0.1250448078 -0.0627914369 0.0500187278 -0.7354113460 0.6757723689
690.6 -103.4 2568.1 -0.7411717176 0.6659834981 -0.0844421163 0.0006766894 -0.1250448078 -0.9921508431 -0.6713151336 -0.7354113460 0.0922290161
489.0 -258.6 2577.3 0.7281699181 -0.0428275168 -0.6840572357 -0.0040041772 0.9977629781 -0.0667304248 0.6853849292 0.0513301790 0.7263695598
505.6 -645.6 2557.4 0.7305038571 0.0224065948 -0.6825408936 0.0507264361 0.9949201345 0.0869524851 0.6810219884 -0.0981419906 0.7256563902
666.5 -262.1 2558.0 0.7898803353 0.0496635102 0.6112467647 0.0176217910 0.9944658875 -0.1035715491 -0.6130077839 0.0925803930 0.7846338749
647.3 -648.1 2522.0 0.7800093293 -0.1686262339 0.6026198268 0.0864619613 0.9828137159 0.1630995870 -0.6197658777 -0.0751155019 0.7811836600
451.3 8.0 2257.1 0 0 0 0 0 0 0 0 0
483.8 -103.2 2380.8 0 0 0 0 0 0 0 0 0
497.2 -1016.9 2594.0 0 0 0 0 0 0 0 0 0
710.0 -1014.0 2550.0 0 0 0 0 0 0 0 0 0
589.6 323.2 2583.6 99 0.9795928597 0.0183238965 0.2001551688 -0.0118740015 0.9993722439 -0.0333776399 -0.2006411403 0.0303198546 0.9791955352
586.0 125.9 2577.6 0.9795928597 0.0183238965 0.2001551688 -0.0118740015 0.9993722439 -0.0333776399 -0.2006411403 0.0303198546 0.9791955352
582.3 -68.1 2571.0 0.9795961380 0.0188912414 0.2000861764 -0.0116956849 0.9992437363 -0.0370835513 -0.2006354034 0.0339867622 0.9790762663
452.5 127.5 2605.0 0.6388826370 -0.4834599197 -0.5984108448 0.5461776257 0.8328478932 -0.0897463337 0.5417739153 -0.2695012391 0.7961470485
285.9 -14.9 2463.7 -0.5976307392 -0.4834599197 -0.6396123767 -0.0890797451 0.8328478932 -0.5462867618 0.7968075871 -0.2695012391 -0.5408020020
719.5 124.3 2550.2 -0.1246353462 0.6336331964 0.7635279894 -0.9910550117 -0.1165020987 -0.0650937334 0.0477070622 -0.7648112178 0.6424856186
690.6 -105.3 2561.3 -0.7698835135 0.6336331964 -0.0760810152 0.0022641651 -0.1165020987 -0.9931878448 -0.6381803751 -0.7648112178 0.0882584006
489.7 -258.1 2581.6 0.7582964301 -0.0401789024 -0.6506705880 -0.0137788244 0.9968881011 -0.0776157752 0.6517643332 0.0678212419 0.7553830743
505.3 -644.9 2555.3 0.7613008618 0.0207212884 -0.6480675936 0.0516383871 0.9943769574 0.0924550444 0.6463392973 -0.1038512737 0.7559500337
666.1 -261.3 2553.6 0.7613871098 0.0534776933 0.6460880637 0.0199263245 0.9941906333 -0.1057729945 -0.6479911804 0.0934083611 0.7558983564
645.4 -647.2 2517.3 0.7551376820 -0.1758141667 0.6315508485 0.0578727797 0.9774838686 0.2029188722 -0.6530067921 -0.1166820824 0.7483097315
437.2 7.6 2261.9 0 0 0 0 0 0 0 0 0
475.7 -104.7 2383.2 0 0 0 0 0 0 0 0 0
497.5 -1016.0 2594.1 0 0 0 0 0 0 0 0 0
710.9 -1011.3 2560.8 0 0 0 0 0 0 0 0 0
582.6 320.5 2574.8 00 0.9723582268 -0.0056037609 0.2334266901 0.0085179107 0.9998978376 -0.0114780022 -0.2333385348 0.0131490380 0.9723066688
583.7 123.1 2572.2 0.9723582268 -0.0056037609 0.2334266901 0.0085179107 0.9998978376 -0.0114780022 -0.2333385348 0.0131490380 0.9723066688
584.3 -71.0 2568.8 0.9723660946 -0.0026849413 0.2334458232 0.0066245692 0.9998485446 -0.0160935502 -0.2333672643 0.0171952993 0.9722366333
451.1 122.2 2604.1 0.6439763308 -0.5105515718 -0.5697644949 0.5690354705 0.8174454570 -0.0893398076 0.5113639832 -0.2666834891 0.8169374466
283.2 -26.2 2470.7 -0.5685871243 -0.5105515718 -0.6450161338 -0.0883001387 0.8174454570 -0.5691977143 0.8178702593 -0.2666834891 -0.5098707080
716.3 123.9 2540.3 -0.1002969742 0.6105636358 0.7855905890 -0.9926445484 -0.1152120233 -0.0371885449 0.0678035095 -0.7835420966 0.6176280975
693.1 -106.0 2556.0 -0.7903647423 0.6105636358 -0.0503544733 -0.0257373657 -0.1152120233 -0.9930074215 -0.6120957136 -0.7835420966 0.1067738235
491.0 -261.0 2582.3 0.7813291550 -0.0393183902 -0.6228794456 -0.0175551772 0.9962342381 -0.0849067867 0.6238722801 0.0772749111 0.7776966095
506.3 -647.7 2552.3 0.7853578329 0.0205805525 -0.6186999083 0.0603874959 0.9921334386 0.1096564755 0.6160896420 -0.1234813035 0.7779369354
666.2 -263.1 2546.4 0.7382526398 0.0549035445 0.6722861528 0.0161633845 0.9949557185 -0.0990043581 -0.6743306518 0.0839566439 0.7336412668
644.8 -649.3 2513.8 0.7325937748 -0.1788329780 0.6567534804 0.0493993722 0.9762933254 0.2107392997 -0.6788712144 -0.1219430864 0.7240605950
427.3 -3.8 2263.5 0 0 0 0 0 0 0 0 0
472.4 -113.1 2385.1 0 0 0 0 0 0 0 0 0
498.6 -1017.9 2598.4 0 0 0 0 0 0 0 0 0
711.5 -1013.4 2559.3 0 0 0 0 0 0 0 0 0
580.8 317.2 2563.9 01 0.9717861414 -0.0188520849 0.2351090461 0.0158389881 0.9997665286 0.0146977529 -0.2353312373 -0.0105591826 0.9718578458
584.5 119.5 2566.0 0.9717861414 -0.0188520849 0.2351090461 0.0158389881 0.9997665286 0.0146977529 -0.2353312373 -0.0105591826 0.9718578458
587.1 -74.5 2566.6 0.9718486667 -0.0131038176 0.2352413386 0.0119283805 0.9999082685 0.0064190878 -0.2353038639 -0.0034323337 0.9719157815
451.9 117.9 2598.1 0.6391611099 -0.5192331672 -0.5673359036 0.5857874751 0.8066709042 -0.0783269182 0.4983232617 -0.2822747231 0.8197529316
285.1 -34.9 2468.1 -0.5663740039 -0.5192331672 -0.6400136352 -0.0774458572 0.8066709042 -0.5859045982 0.8205014467 -0.2822747231 -0.4970898628
717.2 121.1 2533.8 -0.0900505185 0.6104806066 0.7868953943 -0.9919708967 -0.1254224032 -0.0162150506 0.0887953341 -0.7820374966 0.6168733835
696.3 -108.6 2554.4 -0.7910186648 0.6104806066 -0.0400356650 -0.0466390215 -0.1254224032 -0.9910065532 -0.6100116372 -0.7820374966 0.1276836842
497.9 -265.5 2586.2 0.7838684320 -0.0313305147 -0.6201359630 -0.0297019128 0.9956909418 -0.0878483206 0.6202161312 0.0872807503 0.7795601487
510.1 -652.0 2552.4 0.7894827127 0.0452114679 -0.6121053696 0.0447023474 0.9903992414 0.1308093965 0.6121427417 -0.1306342930 0.7798820138
671.8 -264.4 2544.5 0.7363978624 0.0715421140 0.6727554798 0.0012361465 0.9942492843 -0.1070834696 -0.6765475869 0.0796876624 0.7320746183
644.0 -650.3 2513.5 0.7270108461 -0.1853456795 0.6611370444 0.0569810048 0.9758426547 0.2109130025 -0.6842575073 -0.1156637967 0.7200093865
428.8 -15.3 2260.0 0 0 0 0 0 0 0 0 0
475.3 -121.7 2383.9 0 0 0 0 0 0 0 0 0
493.2 -1021.6 2601.1 0 0 0 0 0 0 0 0 0
713.2 -1014.4 2556.7 0 0 0 0 0 0 0 0 0
579.2 320.0 2563.9 02 0.9615334272 -0.0277158413 0.2732861340 0.0253538694 0.9996044636 0.0121714417 -0.2735153735 -0.0047743875 0.9618557692
584.7 122.1 2564.9 0.9615334272 -0.0277158413 0.2732861340 0.0253538694 0.9996044636 0.0121714417 -0.2735153735 -0.0047743875 0.9618557692
588.7 -71.9 2564.1 0.9616423845 -0.0206124969 0.2735306323 0.0208450574 0.9997805953 0.0020563779 -0.2735129893 0.0037242614 0.9618610740
453.5 119.2 2602.2 0.6539704800 -0.5361567736 -0.5337213874 0.5876455307 0.8043242097 -0.0879503936 0.4764402509 -0.2561220229 0.8410744071
282.9 -34.1 2477.9 -0.5327724218 -0.5361567736 -0.6547437906 -0.0870980993 0.8043242097 -0.5877724886 0.8417645097 -0.2561220229 -0.4752200246
715.9 124.9 2527.5 -0.1183300242 0.1739316881 0.9776225090 -0.9405793548 0.2959530056 -0.1665002406 -0.3182899952 -0.9392334819 0.1285764277
684.5 -124.6 2443.1 -0.9783732295 0.1739316881 0.1119534597 -0.0564972535 0.2959530056 -0.9535301924 -0.1989820898 -0.9392334819 -0.2797258496
502.7 -269.6 2588.3 0.8080721498 -0.0204265099 -0.5887292624 -0.0289207976 0.9968178868 -0.0742813423 0.5883731842 0.0770512074 0.8049100041
510.6 -656.5 2558.4 0.8119530678 0.0482323542 -0.5817266107 0.0257050395 0.9926592112 0.1181819290 0.5831564665 -0.1109114885 0.8047528863
676.6 -267.5 2546.1 0.7075884342 0.0874111056 0.7011974454 -0.0066033304 0.9930940270 -0.1171353385 -0.7065939307 0.0782533735 0.7032790184
642.7 -653.0 2515.8 0.6949390769 -0.2044505775 0.6893907785 0.0618674792 0.9721725583 0.2259489298 -0.7164022326 -0.1143698692 0.6882495284
417.9 -12.0 2264.5 0 0 0 0 0 0 0 0 0
442.9 -138.5 2394.0 0 0 0 0 0 0 0 0 0
492.6 -1026.9 2599.8 0 0 0 0 0 0 0 0 0
719.0 -1015.7 2558.4 0 0 0 0 0 0 0 0 0
581.3 322.8 2572.4 03 0.9445980191 -0.0347668864 0.3263830543 0.0404226594 0.9991268516 -0.0105600804 -0.3257309496 0.0231683012 0.9451786280
588.2 125.6 2567.9 0.9445980191 -0.0347668864 0.3263830543 0.0404226594 0.9991268516 -0.0105600804 -0.3257309496 0.0231683012 0.9451786280
593.6 -68.3 2562.3 0.9447201490 -0.0288326293 0.3266076148 0.0365847573 0.9991752505 -0.0176159609 -0.3258303404 0.0285910144 0.9449958205
459.4 120.5 2612.3 0.6743444204 -0.5567858219 -0.4850248396 0.5831813216 0.8044865131 -0.1126986295 0.4529449642 -0.2068597227 0.8672081232
283.5 -31.6 2494.1 -0.4843977690 -0.5567858219 -0.6747950315 -0.1121564507 0.8044865131 -0.5832858086 0.8676288128 -0.2068597227 -0.4521386027
717.0 130.6 2523.5 -0.1769718677 -0.0954839066 0.9795732498 -0.8748239279 0.4712905884 -0.1121085733 -0.4509590864 -0.8767941594 -0.1669367850
663.6 -132.9 2387.6 -0.9954275489 -0.0954839066 0.0026014762 -0.0475090109 0.4712905884 -0.8806974888 0.0828663930 -0.8767941594 -0.4736719728
506.6 -267.8 2587.8 0.8398895860 0.0003980513 -0.5427571535 -0.0438132733 0.9967859983 -0.0670678243 0.5409860015 0.0801095366 0.8372076154
506.5 -654.7 2556.7 0.8458201289 0.0238079727 -0.5329366922 0.0490799211 0.9912938476 0.1221786439 0.5312057137 -0.1294976473 0.8372877836
678.7 -264.1 2538.8 0.6650983095 0.0844003186 0.7419708967 -0.0081799049 0.9943562150 -0.1057771146 -0.7467110157 0.0642829239 0.6620349884
645.9 -650.1 2513.9 0.6561202407 -0.1777632385 0.7334210277 0.0471213311 0.9796149135 0.1952797174 -0.7531837821 -0.0935672075 0.6511216760
406.1 -3.2 2274.4 0 0 0 0 0 0 0 0 0
412.9 -144.9 2408.5 0 0 0 0 0 0 0 0 0
497.6 -1024.5 2605.0 0 0 0 0 0 0 0 0 0
712.3 -1015.5 2548.8 0 0 0 0 0 0 0 0 0
581.8 322.1 2577.2 04 0.9323354959 -0.0491493568 0.3582385182 0.0615077876 0.9978374839 -0.0231767986 -0.3563247025 0.0436430126 0.9333423972
591.5 125.1 2568.6 0.9323354959 -0.0491493568 0.3582385182 0.0615077876 0.9978374839 -0.0231767986 -0.3563247025 0.0436430126 0.9333423972
599.8 -68.5 2559.3 0.9325218201 -0.0433268733 0.3585050106 0.0574870408 0.9979270697 -0.0289280806 -0.3565084934 0.0475854613 0.9330794811
464.4 117.2 2617.2 0.6802052259 -0.5756319761 -0.4538376629 0.5856776834 0.7990968823 -0.1357417405 0.4407975674 -0.1734703332 0.8806847334
286.9 -35.7 2502.2 -0.4530016184 -0.5756319761 -0.6807622910 -0.1350220889 0.7990968823 -0.5858439803 0.8812255859 -0.1734703332 -0.4397152364
718.7 133.0 2520.0 -0.2148180008 -0.2216623425 0.9511671662 -0.8389940262 0.5404176712 -0.0635437891 -0.4999422729 -0.8116739392 -0.3020648360
649.6 -137.0 2359.1 -0.9717000127 -0.2216623425 -0.0816386864 -0.0527268834 0.5404176712 -0.8397431970 0.2302584350 -0.8116739392 -0.5368114114
514.6 -265.5 2585.8 0.8580697179 0.0251558572 -0.5129166842 -0.0636276081 0.9963112473 -0.0575802252 0.5095762014 0.0820435062 0.8565050960
504.9 -652.1 2553.9 0.8660749793 0.0087796971 -0.4998370707 0.0616184399 0.9903467894 0.1241627261 0.4961021543 -0.1383334100 0.8571735620
683.5 -258.8 2527.5 0.6352592707 0.1009790376 0.7656689286 -0.0345496684 0.9941384792 -0.1024452597 -0.7715257406 0.0386256948 0.6350244880
644.4 -644.6 2512.5 0.6236463785 -0.1806722581 0.7605410814 0.0376374871 0.9787356257 0.2016431540 -0.7807999849 -0.0971291661 0.6171849966
401.6 -1.5 2278.9 0 0 0 0 0 0 0 0 0
390.7 -151.0 2420.5 0 0 0 0 0 0 0 0 0
501.6 -1021.7 2605.5 0 0 0 0 0 0 0 0 0
711.8 -1009.8 2548.8 0 0 0 0 0 0 0 0 0
581.3 321.8 2579.6 05 0.9197996259 -0.0586538538 0.3879798055 0.0761932284 0.9966427088 -0.0299643558 -0.3849197328 0.0571226366 0.9211806655
592.9 124.7 2568.3 0.9197996259 -0.0586538538 0.3879798055 0.0761932284 0.9966427088 -0.0299643558 -0.3849197328 0.0571226366 0.9211806655
603.1 -68.7 2556.7 0.9200359583 -0.0531463884 0.3882130086 0.0719801337 0.9968221784 -0.0341225229 -0.3851658404 0.0593375713 0.9209377170
467.4 114.9 2620.8 0.6871795058 -0.5897865295 -0.4241887927 0.5890074968 0.7940992713 -0.1499217749 0.4252698421 -0.1468272060 0.8930774331
288.1 -38.9 2509.8 -0.4232423306 -0.5897865295 -0.6877628565 -0.1491107345 0.7940992713 -0.5892133713 0.8936620951 -0.1468272060 -0.4240399003
718.4 134.6 2515.8 -0.2414616942 -0.2575263083 0.9356155396 -0.8318558931 0.5514148474 -0.0629077703 -0.4997119308 -0.7934871316 -0.3473703563
639.0 -139.1 2351.3 -0.9611438513 -0.2575263083 -0.0994118527 -0.0616957434 0.5514148474 -0.8319466710 0.2690653503 -0.7934871316 -0.5458772779
524.7 -267.3 2581.8 0.8742073178 0.0388484709 -0.4839961827 -0.0679007620 0.9967806339 -0.0426365808 0.4807816446 0.0701369271 0.8740307689
509.6 -654.2 2554.6 0.8825523257 0.0251515880 -0.4695410728 0.0430572890 0.9900503755 0.1339641064 0.4682387114 -0.1384474933 0.8726882935
691.5 -257.0 2518.1 0.6059808135 0.1257015020 0.7854848504 -0.0638511628 0.9919360280 -0.1094804928 -0.7929125428 0.0161889531 0.6091203690
642.7 -641.8 2511.8 0.5898703933 -0.1863961518 0.7856904268 0.0374934040 0.9782664180 0.2039338350 -0.8066270351 -0.0908363238 0.5840390325
395.3 -1.1 2283.3 0 0 0 0 0 0 0 0 0
375.3 -156.1 2425.1 0 0 0 0 0 0 0 0 0
500.2 -1023.6 2606.3 0 0 0 0 0 0 0 0 0
712.3 -1006.9 2545.7 0 0 0 0 0 0 0 0 0
578.3 316.4 2571.8 06 0.9154665470 -0.0717495903 0.3959457278 0.0826838911 0.9965195060 -0.0105935493 -0.3938075602 0.0424363762 0.9182128310
592.4 119.5 2563.4 0.9154665470 -0.0717495903 0.3959457278 0.0826838911 0.9965195060 -0.0105935493 -0.3938075602 0.0424363762 0.9182128310
604.7 -74.0 2554.2 0.9158701897 -0.0633359924 0.3964471817 0.0767274871 0.9968897104 -0.0179933477 -0.3940744996 0.0468979664 0.9178811908
467.4 109.0 2617.2 0.6846185923 -0.5992426276 -0.4149766862 0.6015051603 0.7860211730 -0.1426965296 0.4116902947 -0.1519179195 0.8985722065
288.7 -48.0 2509.7 -0.4139979780 -0.5992426276 -0.6852108836 -0.1418368667 0.7860211730 -0.6017084718 0.8991596103 -0.1519179195 -0.4104058743
717.5 130.0 2509.6 -0.2569535375 -0.2032160163 0.9448164701 -0.8286061287 0.5494795442 -0.1071639210 -0.4973798990 -0.8104168773 -0.3095767498
633.7 -140.2 2347.4 -0.9778022766 -0.2032160163 -0.0510485470 -0.0707349032 0.5494795442 -0.8325075507 0.1972289979 -0.8104168773 -0.5516568422
531.0 -268.6 2579.6 0.8780452013 0.0534874611 -0.4755793214 -0.0750249848 0.9968320131 -0.0264042504 0.4726603925 0.0588644557 0.8792764544
510.3 -655.5 2556.7 0.8863978386 0.0294207782 -0.4619884193 0.0321862064 0.9916464686 0.1249052882 0.4618039727 -0.1255854368 0.8780463338
695.7 -255.7 2510.7 0.5976085067 0.1436996758 0.7888057232 -0.0845482647 0.9896174669 -0.1162275448 -0.7973178029 0.0027664111 0.6035533547
639.9 -639.6 2509.6 0.5774424076 -0.2027790248 0.7908482552 0.0325594582 0.9736136794 0.2258678824 -0.8157819510 -0.1046760976 0.5688081980
393.7 -12.1 2281.7 0 0 0 0 0 0 0 0 0
491.6 -150.5 2376.1 0 0 0 0 0 0 0 0 0
499.3 -1025.6 2603.6 0 0 0 0 0 0 0 0 0
715.6 -1003.0 2548.7 0 0 0 0 0 0 0 0 0
576.7 316.1 2568.4 07 0.9145760536 -0.0852780417 0.3953204453 0.0932498053 0.9956423044 -0.0009552069 -0.3935162723 0.0377371609 0.9185428023
593.6 118.2 2560.9 0.9145760536 -0.0852780417 0.3953204453 0.0932498053 0.9956423044 -0.0009552069 -0.3935162723 0.0377371609 0.9185428023
608.3 -75.1 2551.9 0.9150087833 -0.0758718699 0.3962352276 0.0879016519 0.9960536957 -0.0122612203 -0.3937412798 0.0460488535 0.9180671573
468.7 106.1 2614.6 0.6769146919 -0.6088988781 -0.4135560989 0.6102527380 0.7784077525 -0.1472171843 0.4115556777 -0.1527202874 0.8984978795
292.0 -53.1 2507.2 -0.4125484526 -0.6088988781 -0.6775292754 -0.1463090181 0.7784077525 -0.6104711294 0.8991092443 -0.1527202874 -0.4102183282
718.6 130.2 2507.1 -0.2674005330 -0.1809763014 0.9464378357 -0.8275280595 0.5463232994 -0.1293374747 -0.4936539829 -0.8177887797 -0.2958500981
631.0 -140.8 2345.5 -0.9833784103 -0.1809763014 -0.0146451602 -0.0881382525 0.5463232994 -0.8329240680 0.1587405056 -0.8177887797 -0.5531934500
535.0 -274.3 2580.4 0.8775441647 0.0659987628 -0.4749320149 -0.0853155553 0.9961688519 -0.0192074981 0.4718447924 0.0573745184 0.8798128366
509.3 -661.0 2558.1 0.8859590888 0.0275386367 -0.4629449844 0.0242586713 0.9941169024 0.1055607349 0.4631284475 -0.1047529280 0.8800789118
698.9 -260.6 2509.8 0.5979269147 0.1485936344 0.7876568437 -0.0851146728 0.9888809323 -0.1219427660 -0.7970187664 0.0058717034 0.6039260030
641.3 -644.4 2507.5 0.5770120025 -0.2043752819 0.7907514572 0.0360820778 0.9736188650 0.2253095359 -0.8159382343 -0.1014743522 0.5691640973
396.6 -16.0 2279.1 0 0 0 0 0 0 0 0 0
540.4 -148.9 2360.1 0 0 0 0 0 0 0 0 0
499.1 -1032.0 2597.2 0 0 0 0 0 0 0 0 0
717.5 -1007.8 2545.4 0 0 0 0 0 0 0 0 0
579.1 315.7 2568.2 08 0.8932951689 -0.0791952163 0.4424385726 0.0896579772 0.9959688187 -0.0027462989 -0.4404375255 0.0421214029 0.8967946172
594.8 118.0 2559.8 0.8932951689 -0.0791952163 0.4424385726 0.0896579772 0.9959688187 -0.0027462989 -0.4404375255 0.0421214029 0.8967946172
608.3 -75.3 2550.1 0.8936849236 -0.0693241283 0.4433073401 0.0844291970 0.9963254333 -0.0144002000 -0.4406800866 0.0502973236 0.8962540030
472.9 106.5 2619.9 0.6995867491 -0.6132963896 -0.3666686714 0.6077122092 0.7805937529 -0.1461481303 0.3758513927 -0.1205857471 0.9188007712
290.4 -52.0 2521.9 -0.3658845127 -0.6132963896 -0.6999971867 -0.1454670429 0.7805937529 -0.6078755856 0.9192213416 -0.1205857471 -0.3748215735
716.7 129.6 2499.7 -0.2687193751 -0.1173043251 0.9560489655 -0.8355666995 0.5221688151 -0.1707865596 -0.4791849256 -0.8447362781 -0.2383324653
629.7 -141.0 2344.5 -0.9923440218 -0.1173043251 0.0386394858 -0.0947273672 0.5221688151 -0.8475649953 0.0792467073 -0.8447362781 -0.5292830467
541.1 -276.3 2578.2 0.8990219235 0.0881790742 -0.4289335608 -0.1074094996 0.9939976335 -0.0207810793 0.4245265126 0.0647541881 0.9030969739
506.9 -662.1 2553.1 0.9124122262 0.0036737109 -0.4092558920 0.0582766123 0.9886044860 0.1387985945 0.4051021039 -0.1504915804 0.9018007517
705.0 -260.6 2507.7 0.5563795567 0.1583332121 0.8157036304 -0.0808059573 0.9873346090 -0.1365312934 -0.8269898295 0.0100495052 0.5621270537
643.5 -643.8 2503.8 0.5437295437 -0.1868590564 0.8181942701 -0.0066660307 0.9739067554 0.2268505394 -0.8392339945 -0.1287994534 0.5282962918
383.2 -15.1 2288.9 0 0 0 0 0 0 0 0 0
557.9 -147.9 2350.2 0 0 0 0 0 0 0 0 0
505.5 -1030.6 2609.2 0 0 0 0 0 0 0 0 0
713.2 -1007.2 2551.8 0 0 0 0 0 0 0 0 0
578.1 316.8 2567.6 09 0.8735425472 -0.0918422118 0.4780046344 0.0978628770 0.9951232076 0.0123574715 -0.4768084288 0.0359841324 0.8782703876
596.3 119.1 2560.4 0.8735425472 -0.0918422118 0.4780046344 0.0978628770 0.9951232076 0.0123574715 -0.4768084288 0.0359841324 0.8782703876
611.6 -74.2 2552.3 0.8743132353 -0.0785375237 0.4789657593 0.0888560638 0.9960438609 0.0011248869 -0.4771592617 0.0415755101 0.8778328300
477.1 107.0 2625.5 0.7070745826 -0.6263703108 -0.3281855285 0.6197222471 0.7724100947 -0.1390216798 0.3405728638 -0.1050851718 0.9343271255
292.7 -54.6 2536.7 -0.3271520734 -0.6263703108 -0.7075533867 -0.1381160319 0.7724100947 -0.6199246645 0.9348237514 -0.1050851718 -0.3392073512
715.6 131.2 2495.3 -0.2676514983 -0.0915559679 0.9591559768 -0.8422609568 0.5056840777 -0.1867621243 -0.4679307342 -0.8578467965 -0.2124611288
629.0 -141.2 2344.0 -0.9956860542 -0.0915559679 0.0150587410 -0.0595156513 0.5056840777 -0.8606634140 0.0711839050 -0.8578467965 -0.5089516044
541.7 -276.3 2579.8 0.9154123664 0.0873325169 -0.3929290771 -0.1050026491 0.9941905141 -0.0236571096 0.3885803223 0.0629146025 0.9192644358
507.8 -662.2 2555.3 0.9282670617 0.0086480547 -0.3718138337 0.0505687706 0.9875103831 0.1492181271 0.3684604764 -0.1573164463 0.9162359834
701.6 -261.2 2500.9 0.5245102644 0.1448044777 0.8389998078 -0.0791968182 0.9894561768 -0.1212612242 -0.8477126956 -0.0028433553 0.5304479599
645.4 -645.2 2502.0 0.5143327713 -0.1794258654 0.8386108279 -0.0184809044 0.9753223658 0.2200107425 -0.8573915362 -0.1286570281 0.4983243048
375.6 -19.6 2299.8 0 0 0 0 0 0 0 0 0
559.2 -145.3 2349.0 0 0 0 0 0 0 0 0 0
504.6 -1030.6 2614.0 0 0 0 0 0 0 0 0 0
712.4 -1009.2 2550.0 0 0 0 0 0 0 0 0 0
579.1 314.4 2574.3 10 0.8590681553 -0.0912134051 0.5036686063 0.1045495868 0.9945181012 0.0017832455 -0.5010701418 0.0511264130 0.8638951182
597.2 117.0 2564.1 0.8590681553 -0.0912134051 0.5036686063 0.1045495868 0.9945181012 0.0017832455 -0.5010701418 0.0511264130 0.8638951182
612.9 -76.3 2554.2 0.8598592877 -0.0808089003 0.5040951371 0.0953973755 0.9954342842 -0.0031509351 -0.5015389323 0.0507987142 0.8636423945
479.9 103.9 2632.6 0.7145362496 -0.6317617893 -0.3005245030 0.6198677421 0.7708705664 -0.1467056125 0.3243485093 -0.0814589858 0.9424237013
293.4 -57.8 2547.9 -0.2995385230 -0.6317617893 -0.7149501443 -0.1458503604 0.7708705664 -0.6200695634 0.9428702593 -0.0814589858 -0.3230481148
714.5 130.0 2495.7 -0.1307562441 0.0781112760 0.9883326292 -0.8748994470 0.4598042071 -0.1520889252 -0.4663193822 -0.8845782876 0.0082172444
677.1 -120.8 2362.0 -0.9733084440 0.0781112760 0.2157991529 -0.1568912566 0.4598042071 -0.8740510345 -0.1674986035 -0.8845782876 -0.4352763593
548.7 -275.5 2586.9 0.9250020385 0.0944576040 -0.3680339158 -0.1220020354 0.9911535382 -0.0522510149 0.3598426282 0.0932331830 0.9283430576
512.0 -660.1 2550.7 0.9418020844 0.0212573316 -0.3354951143 0.0427766666 0.9823077917 0.1823227555 0.3334351480 -0.1860633194 0.9242302179
705.1 -259.6 2501.5 0.4990709126 0.1485244930 0.8537380695 -0.0784284770 0.9889007211 -0.1261916459 -0.8630047441 -0.0039788028 0.5051801205
647.4 -643.5 2503.1 0.4911392927 -0.1702269614 0.8542862535 -0.0293875188 0.9769232869 0.2115591317 -0.8705852032 -0.1290103495 0.4748028815
369.4 -20.8 2308.9 0 0 0 0 0 0 0 0 0
551.9 -141.0 2340.5 0 0 0 0 0 0 0 0 0
504.1 -1026.4 2620.1 0 0 0 0 0 0 0 0 0
710.9 -1008.1 2551.2 0 0 0 0 0 0 0 0 0
579.6 313.2 2578.6 11 0.8383538723 -0.0903163105 0.5375925303 0.1108031422 0.9938252568 -0.0058289776 -0.5337466002 0.0644536838 0.8431845903
597.5 116.2 2565.8 0.8383538723 -0.0903163105 0.5375925303 0.1108031422 0.9938252568 -0.0058289776 -0.5337466002 0.0644536838 0.8431845903
613.3 -76.9 2553.8 0.8390857577 -0.0819965303 0.5377839804 0.1023569778 0.9947152734 -0.0080386978 -0.5342828035 0.0617910996 0.8430443406
483.0 102.2 2638.7 0.7246965766 -0.6370927095 -0.2625409663 0.6199771166 0.7691392303 -0.1550909281 0.3007378578 -0.0503755324 0.9523754716
293.9 -59.6 2560.3 -0.2616287768 -0.6370927095 -0.7250263691 -0.1543105990 0.7691392303 -0.6201717854 0.9527531862 -0.0503755324 -0.2995391190
712.0 130.2 2492.9 0.0308910608 0.0605098046 0.9976894855 -0.8959562778 0.4441415668 0.0008039769 -0.4430667460 -0.8939109445 0.0679341406
720.1 -106.2 2376.0 -0.9742632508 0.0605098046 0.2171396613 -0.1685373634 0.4441415668 -0.8799621463 -0.1496870965 -0.8939109445 -0.4225126803
551.6 -278.0 2589.2 0.9388924837 0.0960424915 -0.3305400908 -0.1212726682 0.9910086393 -0.0565228164 0.3221395016 0.0931543261 0.9420979023
514.3 -662.6 2553.1 0.9529639482 0.0376188904 -0.3007398844 0.0135404533 0.9859920740 0.1662416309 0.3027809858 -0.1624944508 0.9391055703
705.5 -260.9 2499.5 0.4651477933 0.1615597755 0.8703654408 -0.0682751983 0.9868236184 -0.1466889083 -0.8825961947 0.0088076489 0.4700493515
642.8 -644.0 2496.1 0.4640480280 -0.1989664286 0.8631753922 -0.0629096851 0.9645844698 0.2561623454 -0.8835732937 -0.1731737256 0.4350965917
360.2 -20.4 2318.8 0 0 0 0 0 0 0 0 0
533.8 -138.4 2347.4 0 0 0 0 0 0 0 0 0
500.3 -1030.4 2613.7 0 0 0 0 0 0 0 0 0
716.9 -1003.5 2560.6 0 0 0 0 0 0 0 0 0
581.8 312.0 2580.8 12 0.8238438964 -0.0872304291 0.5600643158 0.1098694429 0.9939227104 -0.0068116640 -0.5560664535 0.0671457052 0.8284211159
599.0 115.7 2567.5 0.8238438964 -0.0872304291 0.5600643158 0.1098694429 0.9939227104 -0.0068116640 -0.5560664535 0.0671457052 0.8284211159
613.8 -77.4 2555.4 0.8247862458 -0.0764852539 0.5602478385 0.0984207466 0.9951038361 -0.0090411883 -0.5568132401 0.0625970587 0.8282756805
486.4 102.3 2643.5 0.7350207567 -0.6351366639 -0.2373729944 0.6174088120 0.7716429830 -0.1528837830 0.2802692950 -0.0341834128 0.9593125582
294.7 -58.8 2570.4 -0.2364561558 -0.6351366639 -0.7353162169 -0.1521136910 0.7716429830 -0.6175989509 0.9596613646 -0.0341834128 -0.2790727019
711.6 129.2 2491.5 0.1266244650 0.0709024966 0.9894134998 -0.9005635381 0.4263937473 0.0846976414 -0.4158744514 -0.9017544985 0.1178440824
743.1 -95.1 2388.0 -0.9748816490 0.0709024966 0.2111364752 -0.1617333442 0.4263937473 -0.8899610639 -0.1531277299 -0.9017544985 -0.4042161405
554.1 -279.1 2589.6 0.9463346004 0.1061325446 -0.3052650392 -0.1284573078 0.9902470112 -0.0539405569 0.2965629697 0.0902593434 0.9507384896
512.9 -663.5 2554.6 0.9603586793 0.0268324483 -0.2774730325 0.0150026139 0.9889395237 0.1475586891 0.2783634067 -0.1458720863 0.9493340850
704.3 -260.8 2494.0 0.4421376288 0.1454812884 0.8850703239 -0.0636992753 0.9893599153 -0.1308026016 -0.8946824670 0.0014544145 0.4467003047
647.8 -644.8 2493.5 0.4456420541 -0.1726722568 0.8784005046 -0.0828928798 0.9690466523 0.2325454354 -0.8913651705 -0.1764451712 0.4175346494
354.6 -20.3 2327.0 0 0 0 0 0 0 0 0 0
527.1 -131.0 2354.0 0 0 0 0 0 0 0 0 0
502.9 -1032.5 2609.0 0 0 0 0 0 0 0 0 0
712.2 -1006.1 2559.3 0 0 0 0 0 0 0 0 0
581.2 309.5 2572.4 13 0.8018637300 -0.0978062823 0.5894476175 0.1084836870 0.9939468503 0.0173469372 -0.5875762701 0.0500355698 0.8076203465
600.5 113.3 2562.5 0.8018637300 -0.0978062823 0.5894476175 0.1084836870 0.9939468503 0.0173469372 -0.5875762701 0.0500355698 0.8076203465
616.7 -79.9 2553.8 0.8032127619 -0.0833215714 0.5898362398 0.0936662108 0.9955177307 0.0130785601 -0.5882821679 0.0447428599 0.8074169755
490.9 100.5 2642.8 0.7389647365 -0.6429408789 -0.2013904750 0.6292873621 0.7654299736 -0.1345896274 0.2406834811 -0.0272754896 0.9702203274
298.1 -63.6 2580.0 -0.2003349364 -0.6429408789 -0.7392516136 -0.1336907893 0.7654299736 -0.6294789314 0.9705630541 -0.0272754896 -0.2392976433
710.1 126.0 2482.2 0.1848672926 0.0721470341 0.9801116586 -0.9065721631 0.3975407183 0.1417329907 -0.3794086874 -0.9147437811 0.1388987750
753.9 -88.8 2392.3 -0.9785340428 0.0721470341 0.1930438727 -0.1492970884 0.3975407183 -0.9053572416 -0.1420616359 -0.9147437811 -0.3782357872
554.8 -279.4 2593.1 0.9564415216 0.1017008871 -0.2736358047 -0.1252177209 0.9896674156 -0.0698497146 0.2637046576 0.1010712162 0.9592937231
515.4 -663.6 2553.8 0.9693328738 0.0339832343 -0.2433903962 0.0047275363 0.9876309037 0.1567253619 0.2457059175 -0.1530696899 0.9571824670
702.5 -261.8 2493.4 0.4139717817 0.1354377419 0.9001577497 -0.0506992266 0.9907650352 -0.1257545501 -0.9088767767 0.0064215306 0.4170153737
649.9 -646.3 2490.9 0.4260026217 -0.1677617133 0.8890319467 -0.1147670522 0.9646986723 0.2370337397 -0.8974131346 -0.2030085772 0.3917106390
348.9 -29.7 2334.0 0 0 0 0 0 0 0 0 0
521.7 -124.2 2358.6 0 0 0 0 0 0 0 0 0
502.7 -1032.1 2611.0 0 0 0 0 0 0 0 0 0
712.5 -1006.1 2566.6 0 0 0 0 0 0 0 0 0
585.3 306.6 2578.2 14 0.7671599388 -0.0833403468 0.6360188723 0.1073508710 0.9942209125 0.0007915304 -0.6324092150 0.0676699504 0.7716730833
601.8 110.4 2564.8 0.7671599388 -0.0833403468 0.6360188723 0.1073508710 0.9942209125 0.0007915304 -0.6324092150 0.0676699504 0.7716730833
615.7 -82.9 2553.5 0.7683060765 -0.0719551593 0.6360253692 0.0926649421 0.9956970811 0.0007083194 -0.6333395839 0.0583930463 0.7716678381
497.0 97.7 2651.2 0.7568497062 -0.6372908354 -0.1450477242 0.6214811802 0.7704260349 -0.1421436816 0.2023354173 0.0174369756 0.9791610241
299.7 -64.4 2598.4 -0.1445239782 -0.6372908354 -0.7569499016 -0.1417136043 0.7704260349 -0.6215794086 0.9793007970 0.0174369756 -0.2016578317
706.5 123.0 2478.5 0.2030674368 0.0418566391 0.9782696962 -0.9057947993 0.3874825239 0.1714442372 -0.3718863428 -0.9209263325 0.1165986061
754.4 -90.8 2390.7 -0.9892174602 0.0418566391 0.1403453648 -0.1134025827 0.3874825239 -0.9148755074 -0.0926749855 -0.9209263325 -0.3785578310
561.0 -281.5 2597.7 0.9688658118 0.1171739176 -0.2181037962 -0.1372397542 0.9873666763 -0.0791975632 0.2060685456 0.1066643223 0.9727067947
515.6 -664.7 2556.3 0.9819287658 0.0215987395 -0.1880143285 0.0038014865 0.9910145998 0.1336996853 0.1892126799 -0.1319983006 0.9730236530
704.8 -264.8 2492.4 0.3588269353 0.1293279082 0.9244011641 -0.0525047854 0.9915832877 -0.1183460951 -0.9319261909 -0.0060697207 0.3625971377
654.6 -649.7 2494.8 0.3658325672 -0.1452394724 0.9192779660 -0.0971425772 0.9763935804 0.1929218471 -0.9255970120 -0.1598781347 0.3430876434
336.3 -28.5 2350.4 0 0 0 0 0 0 0 0 0
512.8 -118.5 2368.1 0 0 0 0 0 0 0 0 0
507.5 -1034.5 2605.6 0 0 0 0 0 0 0 0 0
708.7 -1013.5 2554.4 0 0 0 0 0 0 0 0 0
583.3 308.4 2571.6 15 0.7462955117 -0.0931570604 0.6590635777 0.1013404652 0.9945167303 0.0258189365 -0.6578549147 0.0475212522 0.7516439557
601.8 110.9 2562.1 0.7462955117 -0.0931570604 0.6590635777 0.1013404652 0.9945167303 0.0258189365 -0.6578549147 0.0475212522 0.7516439557
616.8 -82.4 2553.8 0.7475882173 -0.0771427676 0.6596671939 0.0862300843 0.9960985780 0.0187627953 -0.6585409641 0.0428563133 0.7513235807
499.8 99.2 2652.0 0.7585799694 -0.6415539980 -0.1138633043 0.6296250224 0.7667211294 -0.1253437251 0.1677161604 0.0233920477 0.9855577350
302.0 -65.0 2608.2 -0.1130176634 -0.6415539980 -0.7587064505 -0.1246418133 0.7667211294 -0.6297643781 0.9857441187 0.0233920477 -0.1666174829
703.8 122.7 2472.3 0.2062016279 0.0338449702 0.9779240489 -0.9132431746 0.3655386269 0.1799123138 -0.3513799012 -0.9301806688 0.1062833518
752.6 -93.4 2389.2 -0.9937437773 0.0338449702 0.1064322293 -0.0868063867 0.3655386269 -0.9267395139 -0.0702705681 -0.9301806688 -0.3603137732
560.9 -284.4 2598.9 0.9740020037 0.1222855151 -0.1906996071 -0.1417984515 0.9855893850 -0.0922323614 0.1766728312 0.1168754101 0.9773058891
513.4 -667.0 2553.5 0.9877407551 0.0047825435 -0.1560300440 0.0181946363 0.9891908765 0.1455003917 0.1550393552 -0.1465555727 0.9769771099
698.3 -267.8 2485.6 0.3294002712 0.0987615287 0.9390109777 -0.0729713514 0.9942027926 -0.0789684132 -0.9413663745 -0.0425086804 0.3346974254
660.0 -653.3 2502.1 0.3304013610 -0.1296521574 0.9348931909 -0.0804908350 0.9830412865 0.1647757292 -0.9404021502 -0.1296924651 0.3143623769
330.7 -33.4 2358.5 0 0 0 0 0 0 0 0 0
505.4 -115.0 2371.7 0 0 0 0 0 0 0 0 0
511.7 -1036.1 2608.2 0 0 0 0 0 0 0 0 0
708.3 -1019.8 2550.5 0 0 0 0 0 0 0 0 0
582.0 306.8 2559.8 16 0.7399223447 -0.1129298583 0.6631453633 0.0974743441 0.9934028387 0.0604111925 -0.6655927300 0.0199400708 0.7460487485
604.4 110.1 2555.8 0.7399223447 -0.1129298583 0.6631453633 0.0974743441 0.9934028387 0.0604111925 -0.6655927300 0.0199400708 0.7460487485
622.6 -83.0 2553.0 0.7417756915 -0.0938159227 0.6640537381 0.0796449780 0.9954831004 0.0516727120 -0.6659020185 0.0145589849 0.7458971739
503.1 99.3 2646.7 0.7491303682 -0.6539590955 -0.1055516154 0.6465476155 0.7565104961 -0.0983261690 0.1441522092 0.0054149735 0.9895406961
307.7 -69.3 2609.1 -0.1047998592 -0.6539590955 -0.7492359281 -0.0976773500 0.7565104961 -0.6466459632 0.9896848798 0.0054149735 -0.1431591958
705.7 121.0 2464.9 0.1909345686 0.0114859380 0.9815355539 -0.9211322069 0.3476344347 0.1751164943 -0.3392041922 -0.9375597835 0.0769554973
