282.5 315.7 2580.6 43 0.9820915461 0.0376101360 0.1846123636 -0.0309565049 0.9987676144 -0.0387930013 -0.1858438551 0.0323833264 0.9820455313
275.1 117.8 2574.2 0.9820915461 0.0376101360 0.1846123636 -0.0309565049 0.9987676144 -0.0387930013 -0.1858438551 0.0323833264 0.9820455313
267.1 -76.1 2567.2 0.9819747806 0.0412685350 0.1844515651 -0.0339117087 0.9985051751 -0.0428643934 -0.1859447956 0.0358366892 0.9819064140
141.0 122.4 2599.6 0.2574577034 -0.9373913407 -0.2345484793 0.9661786556 0.2460521162 0.0771824196 -0.0146389836 -0.2464869469 0.9690355659
70.6 -141.6 2603.6 0.0589667559 -0.9452065229 -0.3211036026 0.9258241057 0.1720763147 -0.3365107477 0.3733264804 -0.2774424851 0.8852417469
409.2 113.1 2548.8 0.1922410131 0.6942801476 0.6935549378 -0.9723802805 0.2300871462 0.0391986705 -0.1323632300 -0.6819347143 0.7193365097
459.3 -140.3 2514.3 -0.1758627445 0.6802183390 0.7116005421 -0.9219650626 0.1395567805 -0.3612537980 -0.3450401127 -0.7196019292 0.6025947332
183.2 -270.6 2572.7 0.9998624325 -0.0165381543 -0.0012901205 0.0160563160 0.9843995571 -0.1752132624 0.0041676983 0.1751684397 0.9845296741
189.7 -652.6 2504.8 0.9999778867 -0.0053022499 -0.0040148213 0.0052637425 0.9999406338 -0.0095418086 0.0040651755 0.0095204646 0.9999464154
359.8 -275.2 2543.0 0.9491472840 0.0647261590 0.3081071079 0.0416232347 0.9442496896 -0.3265884519 -0.3120688796 0.3228049576 0.8935378790
334.7 -641.4 2417.8 0.9491472840 -0.1255075037 0.2887340188 0.0416232347 0.9590776563 0.2800669670 -0.3120688796 -0.2538067698 0.9155299664
54.4 -396.2 2500.9 0 0 0 0 0 0 0 0 0
414.1 -377.3 2425.6 0 0 0 0 0 0 0 0 0
191.6 -1025.8 2501.2 0 0 0 0 0 0 0 0 0
381.5 -999.2 2512.4 0 0 0 0 0 0 0 0 0
276.9 317.2 2583.3 44 0.9876393676 0.0336416960 0.1530907005 -0.0271418691 0.9986472130 -0.0443515331 -0.1543756574 0.0396481529 0.9872163534
270.2 119.1 2575.4 0.9876393676 0.0336416960 0.1530907005 -0.0271418691 0.9986472130 -0.0443515331 -0.1543756574 0.0396481529 0.9872163534
262.8 -74.7 2567.2 0.9874844551 0.0384533107 0.1529566944 -0.0314316042 0.9983496070 -0.0480634682 -0.1545524597 0.0426542535 0.9870634079
135.4 123.4 2596.5 0.2689241171 -0.9278760552 -0.2583133876 0.9628062248 0.2516938746 0.0982569233 -0.0261543598 -0.2751293778 0.9610514045
62.3 -138.2 2603.6 0.0522604547 -0.9347120523 -0.3515426815 0.9212070107 0.1810302287 -0.3443918526 0.3855470717 -0.3058454990 0.8705239892
405.0 114.8 2554.3 0.1696944833 0.7192614675 0.6736963391 -0.9765875936 0.2144440860 0.0170405563 -0.1322135776 -0.6608151793 0.7388117909
449.4 -140.5 2519.8 -0.1732711643 0.7092082500 0.6833745241 -0.9080184102 0.1536831707 -0.3897230327 -0.3814179599 -0.6880444288 0.6173453331
171.1 -266.8 2577.0 0.9985375404 -0.0434871688 -0.0321189091 0.0364765264 0.9804336429 -0.1934406906 0.0399026461 0.1919862032 0.9805861115
188.0 -647.2 2502.5 0.9991328120 -0.0116975326 -0.0399603173 0.0117409946 0.9999306798 0.0008531195 0.0399475694 -0.0013215535 0.9992008805
347.0 -272.9 2543.7 0.9689545631 0.0461819880 0.2428873926 0.0429351553 0.9360421896 -0.3492585719 -0.2434823066 0.3488440812 0.9049995542
329.1 -636.0 2408.4 0.9689545631 -0.1077603400 0.2225191444 0.0429351553 0.9596820474 0.2777893841 -0.2434823066 -0.2596113980 0.9345149994
47.9 -391.6 2497.6 0 0 0 0 0 0 0 0 0
404.8 -373.8 2421.7 0 0 0 0 0 0 0 0 0
192.3 -1020.4 2503.0 0 0 0 0 0 0 0 0 0
369.3 -994.1 2505.2 0 0 0 0 0 0 0 0 0
270.7 316.4 2584.6 45 0.9870584607 0.0356969424 0.1563373804 -0.0282902531 0.9983808994 -0.0493484735 -0.1578458399 0.0442870036 0.9864701629
263.6 118.6 2575.9 0.9870584607 0.0356969424 0.1563373804 -0.0282902531 0.9983808994 -0.0493484735 -0.1578458399 0.0442870036 0.9864701629
255.8 -75.1 2566.8 0.9869091511 0.0400633961 0.1562216729 -0.0322237164 0.9981062412 -0.0523976348 -0.1580250561 0.0466776639 0.9863312244
128.8 123.0 2597.4 0.2721999288 -0.9273258448 -0.2568540871 0.9621224403 0.2581055462 0.0877608210 -0.0150874127 -0.2710135579 0.9624572992
55.2 -137.1 2601.5 0.0503770858 -0.9343404770 -0.3528030217 0.9138046503 0.1856692433 -0.3612312675 0.4030176699 -0.3041952848 0.8631581664
398.4 114.2 2554.3 0.1747018695 0.7180142403 0.6737468243 -0.9768319726 0.2122910172 0.0270523001 -0.1236064583 -0.6628634930 0.7384669185
443.9 -140.4 2522.1 -0.2031336278 0.7042112947 0.6803110838 -0.8985332251 0.1420136392 -0.4152952135 -0.3890690506 -0.6956425309 0.6039095521
166.9 -265.7 2572.7 0.9981063604 -0.0535512269 -0.0302643031 0.0475304872 0.9837471843 -0.1731539816 0.0390450321 0.1713876277 0.9844296575
187.7 -647.4 2506.2 0.9992587566 0.0011003162 -0.0384804271 -0.0015915214 0.9999176264 -0.0127367657 0.0384632424 0.0127885677 0.9991781712
343.7 -271.3 2545.1 0.9807429314 0.0513588525 0.1884292513 0.0240611155 0.9256804585 -0.3775403798 -0.1938153207 0.3748038709 0.9066188335
323.8 -630.4 2399.7 0.9807429314 -0.0800049379 0.1781643182 0.0240611155 0.9547914863 0.2963010073 -0.1938153207 -0.2863082886 0.9383299947
41.3 -388.5 2490.7 0 0 0 0 0 0 0 0 0
391.7 -371.3 2422.0 0 0 0 0 0 0 0 0 0
187.3 -1020.5 2501.5 0 0 0 0 0 0 0 0 0
353.6 -986.5 2506.5 0 0 0 0 0 0 0 0 0
265.6 313.0 2584.3 46 0.9848290086 0.0285030995 0.1711707562 -0.0209088363 0.9987222552 -0.0460069999 -0.1722633988 0.0417300463 0.9841666222
260.0 115.1 2576.0 0.9848290086 0.0285030995 0.1711707562 -0.0209088363 0.9987222552 -0.0460069999 -0.1722633988 0.0417300463 0.9841666222
253.3 -78.7 2567.4 0.9846622944 0.0343655199 0.1710531563 -0.0262044277 0.9984182715 -0.0497427285 -0.1724920273 0.0444974378 0.9840053320
125.5 118.7 2599.6 0.2757639289 -0.9289186597 -0.2471120507 0.9612207413 0.2656955421 0.0738955513 -0.0029863862 -0.2579069436 0.9661651254
51.6 -138.9 2600.4 0.0493151508 -0.9371912479 -0.3453122675 0.9105119705 0.1842914671 -0.3701412678 0.4105312824 -0.2961573899 0.8624122739
394.5 111.5 2552.5 0.1711950004 0.7092432976 0.6838612556 -0.9787144661 0.2021604180 0.0353435799 -0.1131824777 -0.6753555536 0.7287555337
439.1 -144.0 2522.9 -0.2222714871 0.6954342127 0.6833496094 -0.8906111717 0.1403853148 -0.4325549006 -0.3967457116 -0.7047433853 0.5881577730
159.7 -266.0 2571.9 0.9977235794 -0.0656146631 -0.0155684454 0.0623637997 0.9855936766 -0.1572129428 0.0256596357 0.1558841467 0.9874420166
185.1 -648.4 2511.4 0.9997088909 -0.0060139997 -0.0233669393 0.0051415632 0.9992939234 -0.0372186936 0.0235742740 0.0370877162 0.9990339279
336.5 -271.8 2543.6 0.9764120579 0.0563869029 0.2084226310 0.0268560369 0.9260848165 -0.3763584197 -0.2142387182 0.3730783165 0.9027260542
314.6 -631.1 2398.8 0.9764120579 -0.0862900019 0.1979229897 0.0268560369 0.9580869675 0.2852158248 -0.2142387182 -0.2731727660 0.9378051162
38.0 -389.4 2487.5 0 0 0 0 0 0 0 0 0
382.0 -373.0 2420.9 0 0 0 0 0 0 0 0 0
187.4 -1021.3 2497.6 0 0 0 0 0 0 0 0 0
346.8 -988.6 2500.7 0 0 0 0 0 0 0 0 0
262.8 310.0 2583.6 47 0.9845388532 0.0287417695 0.1727923751 -0.0210395288 0.9987086058 -0.0462429002 -0.1738983393 0.0418924615 0.9838721156
257.1 112.5 2575.3 0.9845388532 0.0287417695 0.1727923751 -0.0210395288 0.9987086058 -0.0462429002 -0.1738983393 0.0418924615 0.9838721156
250.6 -81.3 2567.0 0.9843944311 0.0336112529 0.1727363765 -0.0256642196 0.9985158443 -0.0480365083 -0.1740945727 0.0428537279 0.9837960601
122.7 116.0 2599.1 0.2794218063 -0.9280195832 -0.2463799566 0.9601681828 0.2698836029 0.0723868459 -0.0006825055 -0.2567926645 0.9664662480
46.9 -144.3 2599.3 0.0317777395 -0.9359132051 -0.3507943153 0.8980277181 0.1808159202 -0.4010632932 0.4387896359 -0.3022781312 0.8462219238
391.6 109.0 2551.6 0.1792693734 0.7077136636 0.6833767891 -0.9780851603 0.2029744238 0.0463769585 -0.1058863997 -0.6767146587 0.7285913229
438.1 -144.9 2524.1 -0.2296324223 0.6926920414 0.6837007403 -0.8882606626 0.1379756927 -0.4381275177 -0.3978215158 -0.7079127431 0.5836073756
158.5 -270.2 2574.2 0.9975361228 -0.0689764395 -0.0128031196 0.0658054799 0.9832386374 -0.1700334996 0.0243168287 0.1687720418 0.9853550792
185.2 -651.8 2508.7 0.9996797442 -0.0087420251 -0.0237478614 0.0085204691 0.9999193549 -0.0094147604 0.0238282513 0.0092094028 0.9996736646
334.8 -274.9 2543.3 0.9709939957 0.0714290291 0.2281853855 0.0217816941 0.9239428639 -0.3819098175 -0.2381097078 0.3758023977 0.8955871463
307.1 -633.5 2397.4 0.9709939957 -0.0909773484 0.2211194187 0.0217816941 0.9545950294 0.2971092761 -0.2381097078 -0.2836749554 0.9288876653
38.2 -391.2 2478.7 0 0 0 0 0 0 0 0 0
379.1 -373.4 2421.7 0 0 0 0 0 0 0 0 0
188.5 -1024.8 2505.3 0 0 0 0 0 0 0 0 0
341.1 -989.7 2503.3 0 0 0 0 0 0 0 0 0
260.3 308.6 2582.8 48 0.9867883921 0.0373160355 0.1576582640 -0.0302982964 0.9984501004 -0.0466844551 -0.1591559947 0.0412909053 0.9863895774
252.9 111.3 2574.6 0.9867883921 0.0373160355 0.1576582640 -0.0302982964 0.9984501004 -0.0466844551 -0.1591559947 0.0412909053 0.9863895774
245.1 -82.5 2566.5 0.9866812825 0.0401813313 0.1576244086 -0.0330580361 0.9983213544 -0.0475569479 -0.1592707038 0.0417127982 0.9863533378
118.1 115.8 2596.4 0.2784607708 -0.8351147175 -0.4743869901 0.9604457617 0.2411509007 0.1392487288 -0.0018898166 -0.4943982661 0.8692334294
42.3 -145.9 2596.9 0.0029015816 -0.8351147175 -0.5500681400 0.9007007480 0.2411509007 -0.3613646924 0.4344304204 -0.4943982661 0.7528881431
387.7 106.8 2552.9 0.1921516061 0.5982042551 0.7779648900 -0.9756172895 0.2021166086 0.0855557993 -0.1060597822 -0.7754356861 0.6224554777
437.6 -146.7 2525.3 -0.2241047025 0.5982042551 0.7693690658 -0.8868627548 0.2021166086 -0.4154796004 -0.4040439129 -0.7754356861 0.4852298200
155.9 -272.9 2574.3 0.9967007041 -0.0757723004 -0.0290896297 0.0700153187 0.9839611650 -0.1640680432 0.0410548784 0.1614900231 0.9860200286
185.3 -654.8 2511.6 0.9991409183 -0.0148585606 -0.0386861451 0.0135112181 0.9993008971 -0.0348590389 0.0391770527 0.0343063958 0.9986432195
332.3 -277.5 2543.1 0.9687690735 0.0781228244 0.2353365719 0.0181888621 0.9241278172 -0.3816503286 -0.2472966611 0.3740115464 0.8938454986
302.0 -636.2 2397.9 0.9687690735 -0.0861057267 0.2325344682 0.0181888621 0.9599224925 0.2796747386 -0.2472966611 -0.2667106986 0.9315093756
41.5 -393.5 2477.5 0 0 0 0 0 0 0 0 0
379.9 -374.9 2421.4 0 0 0 0 0 0 0 0 0
190.9 -1027.6 2498.8 0 0 0 0 0 0 0 0 0
334.1 -994.4 2497.5 0 0 0 0 0 0 0 0 0
270.8 322.4 2583.9 49 0.9872170091 0.0656182170 0.1452474445 -0.0602807663 0.9973450899 -0.0408530980 -0.1475425363 0.0315752439 0.9885515571
257.8 125.0 2577.6 0.9872170091 0.0656182170 0.1452474445 -0.0602807663 0.9973450899 -0.0408530980 -0.1475425363 0.0315752439 0.9885515571
244.6 -68.5 2570.6 0.9871091843 0.0678687170 0.1449456811 -0.0618914701 0.9970515370 -0.0453616083 -0.1475969553 0.0358059630 0.9883992672
123.0 133.4 2597.8 0.2767521441 -0.8369784355 -0.4720967412 0.9608841538 0.2463957816 0.1264545619 0.0104828989 -0.4886268377 0.8724299073
41.9 -148.3 2594.7 -0.0003333370 -0.8369784355 -0.5472357273 0.8926702142 0.2463957816 -0.3773977160 0.4507103264 -0.4886268377 0.7470635772
392.6 116.5 2557.5 0.1564119607 0.6099113822 0.7768805623 -0.9796986580 0.1956706792 0.0436293669 -0.1254026890 -0.7679330111 0.6281346083
435.1 -149.4 2523.4 -0.2146106064 0.6090380549 0.7635541558 -0.8941643238 0.1920122653 -0.4044767916 -0.3929535151 -0.7695478797 0.5033722520
148.9 -273.3 2572.7 0.9954437613 -0.0843160152 -0.0445252731 0.0760263354 0.9836826921 -0.1630593985 0.0575472601 0.1589313745 0.9856110215
181.7 -655.2 2511.0 0.9979464412 -0.0291954521 -0.0570133589 0.0287179872 0.9995454550 -0.0091762068 0.0572553463 0.0075200535 0.9983312488
325.7 -279.3 2544.2 0.9820067286 0.0641884357 0.1776024103 0.0091720792 0.9231407046 -0.3843528628 -0.1886230260 0.3790661097 0.9059416652
300.8 -637.6 2397.0 0.9820067286 -0.0588012375 0.1794580370 0.0091720792 0.9640176892 0.2656798661 -0.1886230260 -0.2592534125 0.9472112060
42.0 -393.8 2470.8 0 0 0 0 0 0 0 0 0
379.8 -379.5 2422.3 0 0 0 0 0 0 0 0 0
192.6 -1028.1 2508.2 0 0 0 0 0 0 0 0 0
322.7 -997.3 2493.7 0 0 0 0 0 0 0 0 0
258.3 321.5 2583.9 50 0.9884487391 0.0417143255 0.1457016319 -0.0372019336 0.9987440705 -0.0335598923 -0.1469185650 0.0277518518 0.9887592196
250.1 123.6 2578.4 0.9884487391 0.0417143255 0.1457016319 -0.0372019336 0.9987440705 -0.0335598923 -0.1469185650 0.0277518518 0.9887592196
241.1 -70.1 2572.3 0.9882841110 0.0460738800 0.1455051899 -0.0409482457 0.9984372854 -0.0380287506 -0.1470299512 0.0316250250 0.9886263609
115.1 129.2 2598.5 0.2732017636 -0.8544263244 -0.4419462085 0.9619553685 0.2418867052 0.1270143688 -0.0016235043 -0.4598330855 0.8880038857
41.8 -128.9 2599.0 0.0059334929 -0.8544263244 -0.5195387006 0.8895067573 0.2418867052 -0.3876448572 0.4568834603 -0.4598330855 0.7614532113
385.0 118.0 2558.3 0.1809030026 0.6052429676 0.7752128839 -0.9758237004 0.2087522894 0.0647352114 -0.1226469278 -0.7681818604 0.6283743382
433.4 -142.9 2525.6 -0.2008560896 0.6023021340 0.7725859284 -0.9013515711 0.1952736527 -0.3865663111 -0.3836953640 -0.7740157247 0.5036640763
143.1 -256.4 2576.9 0.9919711351 -0.1192537248 -0.0420924202 0.1115296036 0.9818548560 -0.1533695161 0.0596185364 0.1474435925 0.9872720242
189.3 -637.4 2519.7 0.9985166192 0.0077702459 -0.0538904369 -0.0106677981 0.9985006452 -0.0536900125 0.0533924513 0.0541852638 0.9971023798
319.8 -267.5 2550.4 0.9777311683 0.0632158741 0.2001138479 0.0235538743 0.9144722223 -0.4039626122 -0.2085354030 0.3996802866 0.8926189542
295.3 -622.4 2395.3 0.9777311683 -0.0727727711 0.1968398392 0.0235538743 0.9700781107 0.2416478097 -0.2085354030 -0.2316302508 0.9501896501
40.2 -373.6 2473.3 0 0 0 0 0 0 0 0 0
381.7 -374.8 2426.8 0 0 0 0 0 0 0 0 0
186.4 -1009.3 2499.5 0 0 0 0 0 0 0 0 0
322.5 -984.3 2481.7 0 0 0 0 0 0 0 0 0
251.9 319.0 2583.9 51 0.9880849719 0.0264144912 0.1516256928 -0.0220595282 0.9992964268 -0.0303327069 -0.1523202360 0.0266265012 0.9879724383
246.6 121.1 2578.7 0.9880849719 0.0264144912 0.1516256928 -0.0220595282 0.9992964268 -0.0303327069 -0.1523202360 0.0266265012 0.9879724383
240.9 -72.8 2573.1 0.9880085588 0.0295198672 0.1515508592 -0.0247898363 0.9991476536 -0.0330063216 -0.1523960233 0.0288536064 0.9878982306
111.7 124.5 2599.5 0.2594032884 -0.8581454754 -0.4430533350 0.9656844139 0.2365494519 0.1072283834 0.0127864666 -0.4556650817 0.8900594711
42.1 -134.6 2596.1 0.0423028991 -0.8571262360 -0.5133664608 0.8817332983 0.2736644745 -0.3842579126 0.4698476791 -0.4363970757 0.7673335075
381.6 117.7 2557.9 0.1837659627 0.5996781588 0.7788556814 -0.9760255814 0.2053360045 0.0721889287 -0.1166369915 -0.7734489441 0.6230349541
430.3 -141.1 2526.9 -0.1847573221 0.5992441177 0.7789552212 -0.9060383439 0.2032000571 -0.3712199032 -0.3807350993 -0.7743489146 0.5053954720
143.7 -260.2 2579.3 0.9916056395 -0.1254989058 -0.0311173797 0.1182762384 0.9776433706 -0.1738508940 0.0522397943 0.1687110662 0.9842802286
192.4 -639.5 2513.8 0.9987031817 0.0153943319 -0.0485280603 -0.0170576312 0.9992745519 -0.0340492912 0.0479686931 0.0348329097 0.9982413054
320.7 -267.5 2552.9 0.9730783105 0.0696958899 0.2196840346 0.0265695881 0.9129027128 -0.4073115885 -0.2289380878 0.4021829963 0.8864740133
293.6 -621.9 2396.8 0.9730783105 -0.0803578347 0.2160120606 0.0265695881 0.9701120257 0.2411986142 -0.2289380878 -0.2289657891 0.9461300373
30.5 -376.9 2466.9 0 0 0 0 0 0 0 0 0
382.8 -374.2 2428.9 0 0 0 0 0 0 0 0 0
186.6 -1012.0 2500.8 0 0 0 0 0 0 0 0 0
323.6 -983.9 2482.3 0 0 0 0 0 0 0 0 0
250.2 315.1 2584.5 52 0.9854035974 0.0264936350 0.1681602597 -0.0207117423 0.9991354942 -0.0360448249 -0.1689698547 0.0320358090 0.9851004481
244.9 117.4 2578.1 0.9854035974 0.0264936350 0.1681602597 -0.0207117423 0.9991354942 -0.0360448249 -0.1689698547 0.0320358090 0.9851004481
239.1 -76.5 2571.7 0.9853179455 0.0297403280 0.1681190729 -0.0237538479 0.9990139604 -0.0375085920 -0.1690688133 0.0329644158 0.9850528240
110.3 120.6 2601.2 0.2436505258 -0.8668636084 -0.4349505007 0.9692157507 0.2340124249 0.0765445158 0.0354301669 -0.4402109981 0.8971950412
44.7 -140.4 2591.7 0.0728441477 -0.8640411496 -0.4981230497 0.8832103610 0.2878902256 -0.3702143431 0.4632852077 -0.4129795134 0.7841012478
379.5 114.2 2555.0 0.2058893144 0.5876824856 0.7824569941 -0.9736112952 0.2034548670 0.1033785865 -0.0984409004 -0.7830935121 0.6140635014
433.2 -139.8 2529.3 -0.1941966563 0.5882174373 0.7850400805 -0.9027701616 0.2059323341 -0.3776214123 -0.3837886155 -0.7820435762 0.4910337925
146.7 -264.4 2581.1 0.9930450916 -0.1167255715 -0.0153819928 0.1123859882 0.9787375927 -0.1715869457 0.0350835174 0.1686648577 0.9850488901
192.0 -644.3 2515.6 0.9994341731 0.0045732348 -0.0333231203 -0.0051587070 0.9998334646 -0.0175048187 0.0332375169 0.0176668186 0.9992913008
323.7 -268.9 2553.8 0.9656591415 0.0686329156 0.2505832613 0.0368918292 0.9184838533 -0.3937339783 -0.2571797967 0.3894572854 0.8844103217
297.0 -625.4 2402.6 0.9656591415 -0.0918262675 0.2430440038 0.0368918292 0.9744432569 0.2215835601 -0.2571797967 -0.2050078511 0.9443677068
24.7 -383.2 2464.3 0 0 0 0 0 0 0 0 0
383.2 -372.1 2430.6 0 0 0 0 0 0 0 0 0
190.3 -1017.2 2509.0 0 0 0 0 0 0 0 0 0
331.3 -989.0 2479.1 0 0 0 0 0 0 0 0 0
246.8 311.9 2583.7 53 0.9851945639 0.0157605670 0.1707140952 -0.0102518667 0.9993993640 -0.0331022292 -0.1711332649 0.0308619998 0.9847643971
243.6 114.2 2577.6 0.9851945639 0.0157605670 0.1707140952 -0.0102518667 0.9993993640 -0.0331022292 -0.1711332649 0.0308619998 0.9847643971
240.2 -79.8 2572.1 0.9851534367 0.0178372767 0.1707470417 -0.0126983970 0.9994342923 -0.0311414860 -0.1712059379 0.0285109282 0.9848226309
109.1 115.9 2601.0 0.2311498076 -0.8689432740 -0.4376155138 0.9717156291 0.2285488248 0.0594492257 0.0483585112 -0.4389795065 0.8971947432
47.4 -143.1 2588.1 0.0915235654 -0.8646423221 -0.4939808846 0.8915398717 0.2921286225 -0.3461467028 0.4435990155 -0.4087230861 0.7975997329
378.2 112.4 2554.2 0.2103693634 0.5847012401 0.7834980488 -0.9732027054 0.2013670653 0.1110308468 -0.0928508341 -0.7858598828 0.6113942862
433.4 -143.1 2529.8 -0.1923721880 0.5853395462 0.7876360416 -0.9050773382 0.2043563575 -0.3729255199 -0.3792465031 -0.7846120596 0.4904651046
145.1 -268.3 2580.4 0.9940926433 -0.1077781990 -0.0127955452 0.1045539379 0.9825878739 -0.1535888016 0.0291262716 0.1513436586 0.9880520105
186.9 -649.6 2521.7 0.9996974468 -0.0099165542 -0.0225084946 0.0084595839 0.9979187250 -0.0639265552 0.0230955798 0.0637168065 0.9977007508
321.6 -272.5 2550.2 0.9702456594 0.0517817326 0.2365205735 0.0424824432 0.9253007770 -0.3768470585 -0.2383664697 0.3756821752 0.8955692649
301.5 -631.6 2404.4 0.9702456594 -0.0942687765 0.2230173349 0.0424824432 0.9730846286 0.2264985144 -0.2383664697 -0.2102848738 0.9481359124
22.3 -388.2 2466.2 0 0 0 0 0 0 0 0 0
383.9 -376.0 2432.2 0 0 0 0 0 0 0 0 0
190.6 -1021.5 2498.0 0 0 0 0 0 0 0 0 0
336.7 -994.8 2482.8 0 0 0 0 0 0 0 0 0
247.0 308.8 2582.8 54 0.9845329523 0.0180534497 0.1742669791 -0.0127304513 0.9994190335 -0.0316147804 -0.1747364998 0.0289072935 0.9841908216
243.4 110.7 2577.1 0.9845329523 0.0180534497 0.1742669791 -0.0127304513 0.9994190335 -0.0316147804 -0.1747364998 0.0289072935 0.9841908216
240.2 -83.3 2572.4 0.9845418334 0.0167164709 0.1743500531 -0.0122187110 0.9995650649 -0.0268389303 -0.1747228801 0.0242937170 0.9843178988
108.9 112.4 2601.0 0.2294931114 -0.8699724078 -0.4364412129 0.9718714356 0.2291974872 0.0541706756 0.0529042371 -0.4365965426 0.8981005549
47.2 -149.1 2586.7 0.1032229438 -0.8643146753 -0.4922449887 0.8847934604 0.3058772981 -0.3515388668 0.4544067681 -0.3992483020 0.7963135839
377.9 109.0 2553.2 0.2302670479 0.5974733233 0.7681163549 -0.9705057144 0.1988985538 0.1362279356 -0.0713846833 -0.7768300772 0.6256510615
437.4 -141.6 2534.8 -0.1989340484 0.5974733233 0.7768210173 -0.9017016888 0.1988985538 -0.3838924766 -0.3838740885 -0.7768300772 0.4991749823
148.5 -272.6 2581.9 0.9950950742 -0.0985975787 -0.0080201831 0.0960754454 0.9825802445 -0.1590772122 0.0235651005 0.1575264037 0.9872335792
186.7 -654.0 2520.7 0.9998437166 -0.0060861306 -0.0165980253 0.0048643523 0.9973433614 -0.0726815090 0.0169962794 0.0725894123 0.9972170591
325.0 -274.9 2551.2 0.9803530574 0.0354480371 0.1940395385 0.0382339433 0.9309130311 -0.3632342219 -0.1935098767 0.3635166883 0.9112681150
311.2 -636.2 2410.1 0.9803530574 -0.0778578073 0.1812348366 0.0382339433 0.9763839841 0.2126321495 -0.1935098767 -0.2015252411 0.9601778388
19.1 -389.6 2463.3 0 0 0 0 0 0 0 0 0
386.2 -373.7 2436.0 0 0 0 0 0 0 0 0 0
189.0 -1026.0 2493.6 0 0 0 0 0 0 0 0 0
340.3 -1000.6 2485.3 0 0 0 0 0 0 0 0 0
246.4 307.9 2582.9 55 0.9876299500 0.0058516026 0.1566934288 -0.0020900900 0.9997059107 -0.0241595730 -0.1567887217 0.0235332157 0.9873517752
245.2 110.1 2578.2 0.9876299500 0.0058516026 0.1566934288 -0.0020900900 0.9997059107 -0.0241595730 -0.1567887217 0.0235332157 0.9873517752
243.5 -84.0 2574.4 0.9876044393 0.0088105556 0.1567157060 -0.0055674785 0.9997614026 -0.0211209636 -0.1568644047 0.0199866462 0.9874178767
110.3 110.8 2599.7 0.2304319590 -0.8628489971 -0.4498808086 0.9721902609 0.2239973098 0.0683466643 0.0417992435 -0.4531190097 0.8904695511
47.4 -154.8 2588.3 0.1098816916 -0.8560600281 -0.5050616860 0.8826583028 0.3176715076 -0.3464089632 0.4569905400 -0.4077328444 0.7905147672
380.1 109.3 2556.8 0.2248247266 0.5663231611 0.7929261923 -0.9703958631 0.2038218081 0.1295706630 -0.0882367864 -0.7985829711 0.5953817964
438.7 -143.7 2533.8 -0.2024256438 0.5663231611 0.7989380360 -0.9048613310 0.2038218081 -0.3737413287 -0.3744993806 -0.7985829711 0.4711851776
148.7 -276.2 2583.3 0.9954534173 -0.0922077969 -0.0238793269 0.0871387646 0.9828373194 -0.1625963748 0.0384621471 0.1597763002 0.9864036441
184.5 -657.8 2521.3 0.9991182685 -0.0211565774 -0.0362646095 0.0201955996 0.9994404316 -0.0266636424 0.0368084274 0.0259077456 0.9989864230
325.1 -278.4 2552.0 0.9897852540 0.0114246896 0.1421076059 0.0409046635 0.9321169853 -0.3598398864 -0.1365719587 0.3619770706 0.9221283197
320.7 -640.1 2411.5 0.9897852540 -0.0714566112 0.1233654991 0.0409046635 0.9712781906 0.2344044298 -0.1365719587 -0.2269638330 0.9642797709
17.8 -392.0 2465.4 0 0 0 0 0 0 0 0 0
386.6 -376.6 2437.4 0 0 0 0 0 0 0 0 0
192.4 -1030.3 2511.6 0 0 0 0 0 0 0 0 0
347.4 -1002.5 2496.2 0 0 0 0 0 0 0 0 0
244.9 309.8 2583.4 56 0.9886050820 -0.0045449031 0.1504637152 0.0078034489 0.9997474551 -0.0210733470 -0.1503299326 0.0220073536 0.9883909225
245.8 112.4 2579.1 0.9886050820 -0.0045449031 0.1504637152 0.0078034489 0.9997474551 -0.0210733470 -0.1503299326 0.0220073536 0.9883909225
246.0 -81.7 2575.6 0.9886162281 -0.0011386066 0.1504546404 0.0038731333 0.9998325706 -0.0178833064 -0.1504090875 0.0182624590 0.9884551764
110.7 111.9 2599.6 0.2312742174 -0.8619072437 -0.4512517154 0.9726443291 0.2152332962 0.0873933956 0.0217993893 -0.4591192603 0.8881071210
47.9 -152.5 2593.7 0.1043813005 -0.8556942344 -0.5068450570 0.8885458112 0.3091681302 -0.3389710784 0.4467559457 -0.4149728119 0.7925949097
380.8 112.9 2558.5 0.2249080837 0.5726402402 0.7883524299 -0.9714211226 0.1947815865 0.1356508732 -0.0758773908 -0.7963311672 0.6000827551
440.0 -142.5 2538.6 -0.1888714284 0.5752617121 0.7958652973 -0.9076234102 0.2071426660 -0.3651187718 -0.3748964965 -0.7913064361 0.4829976261
153.3 -277.6 2584.6 0.9964063168 -0.0802527294 -0.0270920452 0.0741612092 0.9811034203 -0.1787068695 0.0409218110 0.1760554612 0.9835292697
184.5 -658.4 2516.2 0.9988393784 -0.0267189313 -0.0400751382 0.0262222122 0.9995732903 -0.0128696384 0.0404018983 0.0118038431 0.9991137981
330.2 -278.6 2556.5 0.9797708392 0.0082432376 0.1999528110 0.0625160113 0.9365409613 -0.3449388444 -0.1901074052 0.3504612744 0.9170801640
327.0 -642.1 2420.4 0.9797708392 -0.1010907292 0.1727128923 0.0625160113 0.9744530320 0.2157152146 -0.1901074052 -0.2005541623 0.9610604644
20.0 -390.0 2474.3 0 0 0 0 0 0 0 0 0
391.4 -376.1 2442.1 0 0 0 0 0 0 0 0 0
194.4 -1031.2 2511.8 0 0 0 0 0 0 0 0 0
364.7 -1005.4 2495.2 0 0 0 0 0 0 0 0 0
247.1 312.5 2583.2 57 0.9906281829 -0.0117774624 0.1360777020 0.0141506661 0.9997639656 -0.0164859146 -0.1358514130 0.0182570014 0.9905610085
249.4 114.9 2579.6 0.9906281829 -0.0117774624 0.1360777020 0.0141506661 0.9997639656 -0.0164859146 -0.1358514130 0.0182570014 0.9905610085
251.0 -79.2 2576.5 0.9906677604 -0.0080582695 0.1360602677 0.0101557607 0.9998399615 -0.0147288041 -0.1359198093 0.0159731470 0.9905910492
114.1 113.5 2598.2 0.2340395302 -0.8555962443 -0.4617148340 0.9721404314 0.2122846842 0.0993888974 0.0129782166 -0.4721125960 0.8814427257
50.8 -149.4 2594.7 0.0902386978 -0.8510289192 -0.5173072219 0.9030784369 0.2889165878 -0.3177680969 0.4198884666 -0.4384940267 0.7946172953
384.7 116.3 2561.0 0.2195861191 0.5854495764 0.7804042101 -0.9733136892 0.1861149073 0.1342449039 -0.0666512474 -0.7890564203 0.6106943488
442.0 -137.8 2543.6 -0.1643695235 0.5916484594 0.7892621756 -0.9096603394 0.2185003310 -0.3532360196 -0.3814455867 -0.7760217190 0.5022843480
157.7 -276.1 2585.5 0.9963740110 -0.0751683563 -0.0398561060 0.0667149797 0.9809784293 -0.1822922677 0.0528005883 0.1789722741 0.9824362397
186.8 -656.9 2516.0 0.9984883070 -0.0194432866 -0.0514109507 0.0183123332 0.9995818138 -0.0223786104 0.0518245660 0.0214033257 0.9984267950
334.8 -275.4 2558.6 0.9827350974 0.0029055490 0.1849954128 0.0648350045 0.9310672283 -0.3590407968 -0.1732863784 0.3648361564 0.9148040414
333.6 -636.8 2416.9 0.9827350974 -0.1058025956 0.1517812759 0.0648350045 0.9652708769 0.2530781627 -0.1732863784 -0.2388680577 0.9554652572
26.8 -389.9 2482.8 0 0 0 0 0 0 0 0 0
399.7 -371.8 2445.5 0 0 0 0 0 0 0 0 0
194.1 -1029.8 2508.0 0 0 0 0 0 0 0 0 0
373.1 -996.6 2506.0 0 0 0 0 0 0 0 0 0
249.6 309.3 2582.6 58 0.9925790429 -0.0211834144 0.1197418496 0.0230149943 0.9996380210 -0.0139337797 -0.1194033399 0.0165862348 0.9927072525
253.8 112.0 2579.3 0.9925790429 -0.0211834144 0.1197418496 0.0230149943 0.9996380210 -0.0139337797 -0.1194033399 0.0165862348 0.9927072525
257.3 -82.1 2576.5 0.9926448464 -0.0180552751 0.1197087541 0.0196611583 0.9997316599 -0.0122473761 -0.1194555014 0.0145109072 0.9927334785
118.2 109.3 2595.6 0.2484207451 -0.8464773893 -0.4709173143 0.9686513543 0.2164368033 0.1219412088 -0.0012966420 -0.4864474237 0.8737089038
52.5 -147.1 2596.0 0.0709173456 -0.8442806005 -0.5311883092 0.9253060818 0.2545663118 -0.2810776234 0.3725310266 -0.4715785086 0.7992711067
389.4 114.7 2563.0 0.2104224116 0.5990753174 0.7725484967 -0.9755322933 0.1801725924 0.1259945482 -0.0637118444 -0.7801580429 0.6223296523
443.1 -134.4 2546.7 -0.1261616200 0.6054686904 0.7858059406 -0.9211657643 0.2224730998 -0.3193107247 -0.3681533039 -0.7641422749 0.5296694636
163.8 -274.2 2585.6 0.9963626862 -0.0659903362 -0.0539134368 0.0547867566 0.9806699157 -0.1878429204 0.0652671009 0.1842059344 0.9807183146
189.4 -654.9 2514.1 0.9978337884 -0.0100894105 -0.0650069937 0.0096859727 0.9999318719 -0.0065182438 0.0650683343 0.0058744680 0.9978635311
341.3 -272.4 2561.2 0.9835487008 -0.0094522508 0.1803957522 0.0724461749 0.9354428649 -0.3459743261 -0.1654796749 0.3533515930 0.9207383394
344.9 -635.4 2424.1 0.9835487008 -0.1099543050 0.1433248818 0.0724461749 0.9669068456 0.2446276695 -0.1654796749 -0.2302198857 0.9589657187
33.6 -392.9 2497.0 0 0 0 0 0 0 0 0 0
410.7 -371.3 2452.1 0 0 0 0 0 0 0 0 0
193.2 -1028.0 2511.9 0 0 0 0 0 0 0 0 0
386.0 -996.1 2510.0 0 0 0 0 0 0 0 0 0
253.9 312.2 2581.8 59 0.9899469614 -0.0131769003 0.1408237517 0.0138284611 0.9998977184 -0.0036491756 -0.1407612711 0.0055598663 0.9900279641
256.6 114.4 2580.7 0.9899469614 -0.0131769003 0.1408237517 0.0138284611 0.9998977184 -0.0036491756 -0.1407612711 0.0055598663 0.9900279641
258.4 -79.7 2579.6 0.9899911284 -0.0091989525 0.1408296824 0.0098858895 0.9999424219 -0.0041789482 -0.1407831311 0.0055293487 0.9900250435
121.3 113.0 2599.9 0.2528593838 -0.8537056446 -0.4552459419 0.9675025940 0.2235818058 0.1181099117 0.0009536106 -0.4703167975 0.8824971318
52.3 -151.2 2599.6 0.0550268106 -0.8530560732 -0.5189097524 0.9277577996 0.2357952893 -0.2892507911 0.3691036105 -0.4655060470 0.8044044971
391.8 115.7 2561.5 0.2027629465 0.5855537653 0.7848655581 -0.9781324267 0.1590127349 0.1340592653 -0.0463047139 -0.7948847413 0.6049910188
443.9 -136.1 2549.5 -0.0913500041 0.5972287059 0.7968519330 -0.9229453206 0.2497012913 -0.2929525971 -0.3739346564 -0.7622119784 0.5283992290
171.9 -277.9 2584.4 0.9981743097 -0.0493695736 -0.0347946882 0.0426466987 0.9840334654 -0.1727986336 0.0427701324 0.1709992886 0.9843423963
191.1 -659.8 2518.1 0.9991453886 -0.0025425334 -0.0412559621 0.0010658941 0.9993593097 -0.0357747376 0.0413204879 0.0357001908 0.9985079169
349.7 -274.4 2563.0 0.9891719818 -0.0244758837 0.1447055638 0.0727699548 0.9380496144 -0.3387734592 -0.1274492294 0.3456354141 0.9296734929
359.2 -638.5 2428.9 0.9891719818 -0.1016424820 0.1058658436 0.0727699548 0.9661158919 0.2476381212 -0.1274492294 -0.2372528464 0.9630512595
37.7 -397.7 2501.6 0 0 0 0 0 0 0 0 0
420.5 -373.3 2453.4 0 0 0 0 0 0 0 0 0
192.0 -1032.6 2504.7 0 0 0 0 0 0 0 0 0
397.1 -999.0 2517.4 0 0 0 0 0 0 0 0 0
258.3 310.9 2582.4 60 0.9893050790 -0.0053974967 0.1457611173 0.0055110115 0.9999847412 -0.0003749777 -0.1457568705 0.0011742585 0.9893197417
259.3 113.0 2582.1 0.9893050790 -0.0053974967 0.1457611173 0.0055110115 0.9999847412 -0.0003749777 -0.1457568705 0.0011742585 0.9893197417
259.8 -81.1 2582.0 0.9893163443 -0.0025677560 0.1457621157 0.0026873816 0.9999961853 -0.0006237865 -0.1457599550 0.0010088406 0.9893194437
124.2 112.7 2602.0 0.2592527270 -0.8543868065 -0.4503456652 0.9658038020 0.2277386785 0.1239278018 -0.0033211550 -0.4670741856 0.8842118979
53.9 -149.1 2602.9 0.0426487885 -0.8548222184 -0.5171653628 0.9331372976 0.2190364450 -0.2850926220 0.3569815755 -0.4704274535 0.8070081472
394.5 113.4 2562.2 0.2243727744 0.5767176151 0.7855276465 -0.9728969932 0.1788305938 0.1465980858 -0.0559306778 -0.7971301079 0.6012115479
451.6 -134.5 2548.0 -0.1074659005 0.5837129951 0.8048168421 -0.9280012846 0.2315734625 -0.2918688059 -0.3567418456 -0.7782369852 0.5168001652
171.5 -274.7 2591.2 0.9982154965 -0.0511620045 -0.0307948291 0.0451146252 0.9839936495 -0.1723981798 0.0391221531 0.1707012355 0.9845458865
191.4 -656.6 2524.9 0.9993056655 -0.0088539561 -0.0361911654 0.0065220976 0.9979254007 -0.0640492886 0.0366831757 0.0637687743 0.9972902536
348.8 -272.9 2566.0 0.9816753864 -0.0390414596 0.1865185201 0.1010240987 0.9365466237 -0.3356702626 -0.1615782380 0.3483621180 0.9233289361
364.0 -636.4 2430.8 0.9816753864 -0.1411694586 0.1280022562 0.1010240987 0.9550899863 0.2785628140 -0.1615782380 -0.2605269551 0.9518498778
42.6 -397.0 2508.1 0 0 0 0 0 0 0 0 0
424.0 -373.2 2456.2 0 0 0 0 0 0 0 0 0
194.7 -1028.9 2501.1 0 0 0 0 0 0 0 0 0
416.6 -992.5 2527.9 0 0 0 0 0 0 0 0 0
265.7 310.4 2583.2 61 0.9926440716 0.0003686894 0.1210687682 0.0002350102 0.9999876022 -0.0049721026 -0.1210690960 0.0049639805 0.9926316738
265.7 111.8 2582.2 0.9926440716 0.0003686894 0.1210687682 0.0002350102 0.9999876022 -0.0049721026 -0.1210690960 0.0049639805 0.9926316738
264.9 -82.3 2581.8 0.9926348925 0.0041203033 0.1210742816 -0.0038440176 0.9999894500 -0.0025154280 -0.1210833639 0.0020314900 0.9926402569
130.1 112.4 2598.7 0.2701693773 -0.8439356089 -0.4634448886 0.9624308944 0.2231622487 0.1546781510 -0.0271149967 -0.4878230095 0.8725213408
57.2 -147.5 2606.0 0.0406272970 -0.8440212011 -0.5347687602 0.9347090721 0.2212349921 -0.2781619430 0.3530841470 -0.4885522425 0.7979024649
401.2 111.3 2565.7 0.2183814049 0.5951215029 0.7733950615 -0.9736183882 0.1865993291 0.1313311756 -0.0661569908 -0.7816719413 0.6201711297
456.5 -135.1 2548.9 -0.1160313115 0.5977080464 0.7932728529 -0.9338529110 0.2063875943 -0.2921009064 -0.3383127153 -0.7746930122 0.5342239738
171.7 -275.4 2594.8 0.9971520901 -0.0507776551 -0.0557615757 0.0395369865 0.9815939069 -0.1868427694 0.0642226562 0.1841060072 0.9808059931
191.4 -656.4 2523.4 0.9980505109 -0.0107871201 -0.0614720993 0.0066419202 0.9977145791 -0.0672418177 0.0620569587 0.0667024404 0.9958412051
349.0 -274.9 2568.7 0.9795828462 -0.0619676746 0.1912523657 0.1212811843 0.9408588409 -0.3163471222 -0.1603381932 0.3330835104 0.9291647077
373.0 -640.0 2439.5 0.9795828462 -0.1611378640 0.1202166751 0.1212811843 0.9505620003 0.2858718932 -0.1603381932 -0.2654551864 0.9506972432
46.4 -395.8 2512.2 0 0 0 0 0 0 0 0 0
426.6 -375.3 2461.9 0 0 0 0 0 0 0 0 0
195.5 -1028.8 2498.5 0 0 0 0 0 0 0 0 0
433.1 -994.6 2538.5 0 0 0 0 0 0 0 0 0
273.4 312.2 2591.6 62 0.9900577664 0.0090479059 0.1403699070 -0.0061340230 0.9997569323 -0.0211773980 -0.1405273974 0.0201058146 0.9898726344
271.6 114.3 2587.6 0.9900577664 0.0090479059 0.1403699070 -0.0061340230 0.9997569323 -0.0211773980 -0.1405273974 0.0201058146 0.9898726344
269.4 -79.8 2584.4 0.9900307059 0.0112087922 0.1404050589 -0.0088082775 0.9998044372 -0.0177068748 -0.1405760795 0.0162936226 0.9899358153
136.4 115.4 2606.8 0.2586906552 -0.8554865122 -0.4485777318 0.9658566713 0.2222808003 0.1330869943 -0.0141439112 -0.4676901400 0.8837792873
65.6 -149.1 2610.7 0.0799468085 -0.8537744880 -0.5144683123 0.9333050847 0.2453732342 -0.2621709704 0.3500716388 -0.4591961205 0.8164488673
406.8 113.1 2568.4 0.2043608129 0.5831845999 0.7862139344 -0.9759317040 0.1838340908 0.1173128411 -0.0761178881 -0.7912652493 0.6067168713
459.4 -138.0 2548.8 -0.1178815290 0.5862767696 0.8014882803 -0.9347162843 0.2069962323 -0.2888911366 -0.3352752030 -0.7832190990 0.5236014128
175.2 -276.0 2592.2 0.9977467060 -0.0548320152 -0.0386654474 0.0467602797 0.9815620184 -0.1853362471 0.0481148921 0.1831106246 0.9819141626
196.5 -657.1 2521.1 0.9986823797 0.0242453627 -0.0452284291 -0.0269832760 0.9977765679 -0.0609410740 0.0436503291 0.0620811880 0.9971161485
353.0 -276.7 2570.5 0.9860469699 -0.0831815973 0.1441951543 0.1238638312 0.9453268647 -0.3016866446 -0.1112167835 0.3153377473 0.9424398541
385.2 -643.5 2448.2 0.9860469699 -0.1491816938 0.0738663971 0.1238638312 0.9539594054 0.2731651962 -0.1112167835 -0.2602043152 0.9591269493
44.3 -396.9 2517.7 0 0 0 0 0 0 0 0 0
429.0 -378.5 2462.5 0 0 0 0 0 0 0 0 0
187.4 -1029.3 2498.0 0 0 0 0 0 0 0 0 0
440.9 -999.4 2545.3 0 0 0 0 0 0 0 0 0
280.0 310.3 2587.3 63 0.9908174276 0.0183324907 0.1339578927 -0.0182274785 0.9998318553 -0.0020103571 -0.1339722276 -0.0004498179 0.9909849763
276.3 111.4 2587.4 0.9908174276 0.0183324907 0.1339578927 -0.0182274785 0.9998318553 -0.0020103571 -0.1339722276 -0.0004498179 0.9909849763
271.8 -82.6 2586.8 0.9907271266 0.0231628846 0.1338778734 -0.0225805454 0.9997277856 -0.0058667082 -0.1339773238 0.0027892715 0.9909804463
141.0 114.5 2605.6 0.2409718484 -0.8560371399 -0.4573105574 0.9703065157 0.2023360580 0.1325343847 -0.0209239405 -0.4756684601 0.8793757558
76.3 -146.3 2611.3 0.1166639403 -0.8502981067 -0.5132082701 0.9386907816 0.2631951869 -0.2226835042 0.3244212866 -0.4557647109 0.8288723230
411.7 108.3 2569.1 0.2036871910 0.5863481164 0.7840328217 -0.9758742452 0.1859032214 0.1144965813 -0.0786193758 -0.7884389162 0.6100680828
462.6 -135.5 2549.4 -0.0979647189 0.5901033878 0.8013619184 -0.9361748695 0.2185242474 -0.2753612101 -0.3376086056 -0.7771905661 0.5310322642
178.5 -273.1 2593.9 0.9976181984 -0.0511629954 -0.0462625176 0.0415137596 0.9809703231 -0.1896675676 0.0550861210 0.1872952878 0.9807578921
198.4 -653.9 2521.2 0.9984999895 0.0151694994 -0.0526079796 -0.0182507094 0.9981151223 -0.0585923679 0.0516200028 0.0594646111 0.9968948364
355.9 -274.6 2568.7 0.9895917177 -0.1013103500 0.1021979675 0.1265100837 0.9509397149 -0.2823274732 -0.0685814098 0.2923180163 0.9538589120
395.2 -643.5 2455.3 0.9895917177 -0.1404232681 0.0314565636 0.1265100837 0.9531191587 0.2748800516 -0.0685814098 -0.2680394650 0.9609637856
45.3 -395.4 2525.2 0 0 0 0 0 0 0 0 0
437.3 -376.4 2462.6 0 0 0 0 0 0 0 0 0
192.7 -1026.3 2499.0 0 0 0 0 0 0 0 0 0
447.6 -999.2 2555.3 0 0 0 0 0 0 0 0 0
289.6 311.4 2585.1 64 0.9913859963 0.0051139481 0.1308726370 -0.0059819813 0.9999626279 0.0062403814 -0.1308358312 -0.0069695045 0.9913795590
288.6 112.5 2586.5 0.9913859963 0.0051139481 0.1308726370 -0.0059819813 0.9999626279 0.0062403814 -0.1308358312 -0.0069695045 0.9913795590
286.6 -81.6 2586.9 0.9913537502 0.0100741610 0.1308290958 -0.0102284579 0.9999475479 0.0005074342 -0.1308171153 -0.0018412266 0.9914048314
153.1 113.8 2604.4 0.2586019635 -0.8510311246 -0.4570241570 0.9655227661 0.2131009102 0.1495119780 -0.0298470818 -0.4799312949 0.8767982125
83.4 -146.7 2612.4 0.1300100982 -0.8442019224 -0.5200197101 0.9366034865 0.2766765654 -0.2149975449 0.3253785968 -0.4591004252 0.8266532421
424.0 111.1 2568.6 0.1665959209 0.5915856361 0.7888423204 -0.9829167128 0.1631133109 0.0852571055 -0.0782338008 -0.7895697951 0.6086534262
466.7 -140.9 2548.6 -0.0892761722 0.5991904736 0.7956133485 -0.9334992766 0.2281895578 -0.2766020000 -0.3472879231 -0.7673984170 0.5389719605
178.6 -274.6 2598.3 0.9968553185 -0.0650409907 -0.0452670790 0.0541742034 0.9762609005 -0.2097137570 0.0578324683 0.2066019624 0.9767144322
203.8 -653.5 2518.1 0.9983175993 0.0176648833 -0.0552260354 -0.0203495324 0.9986190796 -0.0484338105 0.0542941950 0.0494761504 0.9972984791
356.1 -278.7 2574.3 0.9906111956 -0.1216599494 0.0623563007 0.1344961524 0.9490315318 -0.2850436568 -0.0244997013 0.2907541096 0.9564840794
403.3 -646.9 2461.5 0.9906111956 -0.1361134052 -0.0127511295 0.1344961524 0.9536103010 0.2693291605 -0.0244997013 -0.2685154378 0.9629637599
48.8 -395.4 2526.0 0 0 0 0 0 0 0 0 0
443.7 -381.1 2459.2 0 0 0 0 0 0 0 0 0
197.2 -1026.2 2499.6 0 0 0 0 0 0 0 0 0
454.1 -1002.8 2561.7 0 0 0 0 0 0 0 0 0
296.7 310.2 2584.0 65 0.9921875000 -0.0035008942 0.1247063950 0.0019012280 0.9999144077 0.0129441628 -0.1247410402 -0.0126059409 0.9921092391
297.4 111.7 2586.5 0.9921875000 -0.0035008942 0.1247063950 0.0019012280 0.9999144077 0.0129441628 -0.1247410402 -0.0126059409 0.9921092391
297.0 -82.4 2587.9 0.9921907783 0.0021620470 0.1247106045 -0.0030166213 0.9999732375 0.0066640270 -0.1246928573 -0.0069881910 0.9921707511
161.9 112.1 2603.6 0.2711460292 -0.8456880450 -0.4596646428 0.9617520571 0.2187375724 0.1648843437 -0.0388947800 -0.4867911637 0.8726520538
87.7 -151.2 2614.2 0.1381042898 -0.8380028605 -0.5278999805 0.9352194071 0.2857937217 -0.2090133578 0.3260242939 -0.4648366868 0.8231859207
432.9 111.3 2569.5 0.1757592559 0.5936726928 0.7852779031 -0.9810314178 0.1718848646 0.0896268636 -0.0817683712 -0.7861350775 0.6126219034
478.5 -143.1 2548.3 -0.1268412620 0.5990643501 0.7905904055 -0.9287358522 0.2081958652 -0.3067640662 -0.3483690619 -0.7731599808 0.5299646854
195.8 -274.8 2598.9 0.9983424544 -0.0290055983 -0.0497092083 0.0183170512 0.9789364934 -0.2033415735 0.0545602031 0.2020940036 0.9778451920
207.1 -654.5 2520.5 0.9985070825 0.0139601780 -0.0528086349 -0.0184421483 0.9961794615 -0.0853605121 0.0514152274 0.0862069800 0.9949496388
373.4 -276.6 2575.5 0.9908466339 -0.0903796852 0.1002721488 0.1138774380 0.9585039616 -0.2613466084 -0.0724908337 0.2703731358 0.9600226283
408.5 -648.3 2470.6 0.9908466339 -0.1289403886 0.0399670862 0.1138774380 0.9573754668 0.2654507458 -0.0724908337 -0.2584696412 0.9632956386
50.9 -400.2 2527.4 0 0 0 0 0 0 0 0 0
445.9 -381.9 2458.7 0 0 0 0 0 0 0 0 0
201.9 -1026.1 2488.4 0 0 0 0 0 0 0 0 0
456.6 -1005.7 2567.1 0 0 0 0 0 0 0 0 0
311.1 310.5 2601.0 66 0.9908443689 0.0191182327 0.1336485744 -0.0146902762 0.9993125200 -0.0340393633 -0.1342074573 0.0317643769 0.9904440045
307.3 112.1 2594.7 0.9908443689 0.0191182327 0.1336485744 -0.0146902762 0.9993125200 -0.0340393633 -0.1342074573 0.0317643769 0.9904440045
303.3 -81.7 2588.8 0.9908191562 0.0202271417 0.1336721927 -0.0159705430 0.9993330240 -0.0328395218 -0.1342472881 0.0304032099 0.9904813766
171.9 114.2 2613.1 0.2800867558 -0.8474731445 -0.4509330988 0.9599736333 0.2465678304 0.1328717619 -0.0014196610 -0.4700995088 0.8826122880
93.5 -154.5 2613.5 0.1568499655 -0.8400120735 -0.5194014311 0.9324874282 0.2992193997 -0.2023238242 0.3253694475 -0.4526008368 0.8302332163
442.6 109.9 2576.3 0.1773042381 0.5897955894 0.7878479362 -0.9787032008 0.1898215413 0.0781525299 -0.1034564823 -0.7849260569 0.6108910441
488.2 -141.7 2549.7 -0.1339991689 0.5917263627 0.7949239612 -0.9296152592 0.2028350234 -0.3076904416 -0.3433069885 -0.7802037001 0.5228981376
