-361.1 470.3 2735.3 31 0.8289667964 -0.2187808901 0.5147319436 0.2177840173 0.9739468098 0.0632275492 -0.5151545405 0.0596868545 0.8550165296
-317.2 274.6 2723.3 0.8289667964 -0.2187808901 0.5147319436 0.2177840173 0.9739468098 0.0632275492 -0.5151545405 0.0596868545 0.8550165296
-275.1 83.6 2713.4 0.8306601048 -0.2150963247 0.5135536194 0.2101766914 0.9752592444 0.0685211569 -0.5155865550 0.0510192104 0.8553171754
-435.0 244.7 2796.5 0.2443533242 -0.9511626363 0.1886296421 0.9338915348 0.1784726828 -0.3098290861 0.2610326111 0.2518673837 0.9318931103
-496.3 10.3 2731.0 0.3059699833 -0.9511626363 0.0408908390 0.6531606913 0.1784726828 -0.7358862758 0.6926496625 0.2518673837 0.6758692861
-199.3 304.5 2650.1 0.1117896959 0.2189266533 0.9693163633 -0.9575141668 0.2846722305 0.0461334251 -0.2658376098 -0.9332913756 0.2414488047
-172.3 73.5 2586.0 -0.6765877604 0.2189266533 0.7030647993 -0.6449075341 0.2846722305 -0.7092643976 -0.3554199040 -0.9332913756 -0.0514182933
-308.4 -124.9 2749.1 0.3851158917 -0.1085619032 -0.9164606333 -0.0278629567 0.9912363887 -0.1291282773 0.9224475026 0.0752646551 0.3787160218
-265.9 -512.9 2719.6 0.3947397768 -0.1015226021 -0.9131668210 -0.1085092351 0.9817700386 -0.1560555696 0.9123629928 0.1606883705 0.3765275478
-152.5 -86.2 2667.4 0.6175028682 0.6655589342 0.4191915095 0.0985918567 0.4632411301 -0.8807311058 -0.7803652287 0.5851828456 0.2204340398
-410.8 -266.0 2440.3 0.6175028682 0.0861120969 0.7818407416 0.0985918567 0.9776762724 -0.1855499446 -0.7803652287 0.1916607618 0.5952279568
-581.2 -170.8 2538.9 0 0 0 0 0 0 0 0 0
-359.1 -104.6 2487.9 0 0 0 0 0 0 0 0 0
-235.6 -805.9 2671.7 0 0 0 0 0 0 0 0 0
-451.0 -722.0 2350.9 0 0 0 0 0 0 0 0 0
-363.7 470.1 2735.8 32 0.8145490289 -0.2264480740 0.5340703726 0.2348787636 0.9705626965 0.0532922074 -0.5304166675 0.0820326656 0.8437587023
-318.1 274.9 2719.3 0.8145490289 -0.2264480740 0.5340703726 0.2348787636 0.9705626965 0.0532922074 -0.5304166675 0.0820326656 0.8437587023
-275.6 84.3 2704.8 0.8171890378 -0.2175793946 0.5337239504 0.2233218104 0.9732026458 0.0548086725 -0.5313467979 0.0744031519 0.8438807726
-434.3 243.0 2794.8 0.1927745342 -0.9358297586 0.2950604856 0.9514194727 0.1046921238 -0.2895523012 0.2400811613 0.3365446031 0.9105486274
-483.1 2.0 2734.0 0.3262223601 -0.9358297586 0.1334228814 0.6187601686 0.1046921238 -0.7785726786 0.7146431208 0.3365446031 0.6132071018
-201.9 306.7 2643.8 0.1319403797 0.2773929238 0.9516537786 -0.9538460374 0.2967931330 0.0457335413 -0.2697581351 -0.9137653112 0.3037491441
-169.7 73.3 2577.7 -0.5395905375 0.2773929238 0.7949183583 -0.7387930155 0.2967931330 -0.6050609350 -0.4037659168 -0.9137653112 0.0447891988
-307.9 -126.4 2749.9 0.4060295224 -0.0932821557 -0.9090865850 -0.0308786631 0.9928082824 -0.1156643853 0.9133381248 0.0750345364 0.4002290368
-271.3 -515.1 2720.5 0.4152177572 -0.1320860237 -0.9000819325 -0.0929425433 0.9780668020 -0.1864056289 0.9049618244 0.1610548347 0.3938342929
-158.4 -88.4 2657.1 0.6002942324 0.7154542804 0.3574521542 0.0431439579 0.4173192382 -0.9077352285 -0.7986147404 0.5603300929 0.2196467966
-436.6 -250.7 2439.1 0.6002942324 0.0245288666 0.7994030118 0.0431439579 0.9970810413 -0.0629924238 -0.7986147404 0.0723033994 0.5974836946
-572.1 -166.7 2539.1 0 0 0 0 0 0 0 0 0
-318.0 -129.8 2466.8 0 0 0 0 0 0 0 0 0
-232.5 -802.5 2673.2 0 0 0 0 0 0 0 0 0
-448.3 -724.0 2404.8 0 0 0 0 0 0 0 0 0
-367.3 468.3 2735.5 33 0.7396314144 -0.2336161584 0.6311647296 0.2402961105 0.9676742554 0.0765787289 -0.6286518574 0.0950263962 0.7718592882
-320.7 275.1 2716.6 0.7396314144 -0.2336161584 0.6311647296 0.2402961105 0.9676742554 0.0765787289 -0.6286518574 0.0950263962 0.7718592882
-277.2 85.0 2698.9 0.7423271537 -0.2230125517 0.6318352818 0.2288529128 0.9706646800 0.0737323239 -0.6297433972 0.0898638368 0.7715877891
-425.5 242.6 2805.5 0.1784440726 -0.9259865284 0.3327260911 0.9491668940 0.0728798732 -0.3062201142 0.2593066692 0.3704557419 0.8919207454
-470.9 1.2 2739.6 0.3444364965 -0.9259865284 0.1546364278 0.5649324656 0.0728798732 -0.8219122887 0.7498098612 0.3704557419 0.5482223630
-215.8 307.5 2627.6 0.1842112392 0.3378696144 0.9229899049 -0.9459993243 0.3157950640 0.0732035637 -0.2667423785 -0.8866327405 0.3777974248
-167.6 59.8 2557.8 -0.3740123808 0.3378696144 0.8636891246 -0.8194091916 0.3157950640 -0.4783743918 -0.4343769252 -0.8866327405 0.1587422192
-306.8 -126.5 2738.1 0.5126349330 -0.0752243996 -0.8553050756 0.0141638862 0.9967600107 -0.0791761577 0.8584898710 0.0284740217 0.5120394230
-277.4 -516.3 2727.0 0.5280809402 -0.1560358107 -0.8347355127 -0.0699972063 0.9716305733 -0.2259079069 0.8463042974 0.1777268052 0.5021775365
-159.4 -86.1 2642.3 0.5248997808 0.7264450192 0.4435738921 0.0146483509 0.5133510232 -0.8580536842 -0.8510379791 0.4568898380 0.2588166296
-467.0 -303.5 2448.9 0.5248997808 -0.0548597723 0.8493942618 0.0146483509 0.9983552098 0.0554284677 -0.8510379791 -0.0166521668 0.5248400569
-562.2 -148.6 2540.8 0 0 0 0 0 0 0 0 0
-271.8 -168.6 2436.7 0 0 0 0 0 0 0 0 0
-231.3 -803.3 2674.5 0 0 0 0 0 0 0 0 0
-443.9 -724.6 2455.9 0 0 0 0 0 0 0 0 0
-374.1 471.5 2744.9 34 0.7045684457 -0.2503385246 0.6640135050 0.2828157842 0.9572452903 0.0608003885 -0.6508444548 0.1449554712 0.7452445030
-324.5 281.7 2716.2 0.7045684457 -0.2503385246 0.6640135050 0.2828157842 0.9572452903 0.0608003885 -0.6508444548 0.1449554712 0.7452445030
-279.0 93.5 2688.7 0.7084101439 -0.2341839075 0.6658174992 0.2675980031 0.9620355964 0.0536545031 -0.6531051397 0.1401620507 0.7441829443
-424.9 243.7 2808.6 0.1440302730 -0.9047797918 0.4007852972 0.9509490132 0.0145004978 -0.3090075552 0.2737721801 0.4256328344 0.8624879718
-462.1 -2.4 2737.8 0.3636556268 -0.9047797918 0.2216487527 0.5464525819 0.0145004978 -0.8373644948 0.7544164062 0.4256328344 0.4996924400
-224.1 319.8 2623.7 0.1577767134 0.2968577147 0.9417971969 -0.9436881542 0.3261854947 0.0552787036 -0.2907906771 -0.8974845409 0.3316055834
-177.2 39.0 2537.2 -0.1572880894 0.3072478473 0.9385409951 -0.8829609752 0.3819062710 -0.2729972899 -0.4423125386 -0.8716343045 0.2112185508
-300.3 -125.7 2737.7 0.5511383414 -0.0458849929 -0.8331513405 -0.0022882514 0.9983999729 -0.0564996041 0.8344107270 0.0330455564 0.5501515269
-282.3 -516.3 2724.8 0.5602054596 -0.1830585301 -0.8078733683 -0.0470526591 0.9666690826 -0.2516683638 0.8270162344 0.1789985895 0.5329198837
-167.3 -84.5 2624.9 0.4588721693 0.7533555627 0.4710538685 -0.0207080413 0.5390902162 -0.8419934511 -0.8882609606 0.3766127527 0.2629739940
-503.5 -325.1 2456.8 0.4588721693 -0.1594181210 0.8740836382 -0.0207080413 0.9815858006 0.1898959130 -0.8882609606 -0.1052385047 0.4471211731
-554.4 -141.1 2546.4 0 0 0 0 0 0 0 0 0
-220.6 -204.6 2415.1 0 0 0 0 0 0 0 0 0
-227.7 -804.7 2671.4 0 0 0 0 0 0 0 0 0
-438.0 -728.1 2500.0 0 0 0 0 0 0 0 0 0
-377.6 471.6 2749.1 35 0.5625557899 -0.2588292658 0.7851995826 0.2934101224 0.9504135251 0.1030760184 -0.7729433775 0.1723994911 0.6106037498
-326.3 283.0 2714.9 0.5625557899 -0.2588292658 0.7851995826 0.2934101224 0.9504135251 0.1030760184 -0.7729433775 0.1723994911 0.6106037498
-278.4 95.9 2683.3 0.5669830441 -0.2474643141 0.7856791019 0.2767431438 0.9555926919 0.1012708843 -0.7758501172 0.1600124389 0.6102889180
-405.4 244.2 2823.2 0.2094028294 -0.9434320927 0.2570725381 0.9369918704 0.1184151396 -0.3286702335 0.2796367705 0.3096993566 0.9087846875
-462.2 -9.9 2747.3 0.3198415339 -0.9434320927 0.0873912349 0.5712116957 0.1184151396 -0.8122161627 0.7559223771 0.3096993566 0.5767735243
-247.2 321.8 2606.6 0.2020504177 0.1143945009 0.9726713300 -0.9341470003 0.3208348155 0.1563149393 -0.2941852510 -0.9402015209 0.1716860831
-184.8 33.5 2515.8 0.0711558089 0.1084775329 0.9915490150 -0.9144847989 0.4040528536 0.0214212798 -0.3983144760 -0.9082807302 0.1279517710
-297.2 -118.8 2719.9 0.6925097704 -0.0224715490 -0.7210583687 0.0275158323 0.9996101856 -0.0047261170 0.7208835483 -0.0165676400 0.6928581595
-288.4 -509.6 2726.3 0.6955605745 -0.2058605850 -0.6883435845 0.0136055211 0.9616743326 -0.2738565207 0.7183386087 0.1811185330 0.6717035770
-169.8 -70.5 2602.6 0.3772659004 0.7664464712 0.5198367834 -0.0505919084 0.5775334835 -0.8147978783 -0.9247220755 0.2810959220 0.2566596866
-529.2 -341.3 2470.8 0.3772659004 -0.2248264551 0.8984005451 -0.0505919084 0.9636330605 0.2623961270 -0.9247220755 -0.1444449127 0.3521715105
-541.1 -150.8 2560.9 0 0 0 0 0 0 0 0 0
-165.1 -221.0 2405.0 0 0 0 0 0 0 0 0 0
-225.9 -801.6 2671.3 0 0 0 0 0 0 0 0 0
-437.8 -733.3 2529.5 0 0 0 0 0 0 0 0 0
-382.5 473.7 2743.7 36 0.4679253995 -0.2722989321 0.8407729268 0.2785200179 0.9483073354 0.1521177590 -0.8387326598 0.1629923433 0.5195778012
-328.6 285.9 2711.4 0.4679253995 -0.2722989321 0.8407729268 0.2785200179 0.9483073354 0.1521177590 -0.8387326598 0.1629923433 0.5195778012
-279.4 99.1 2679.9 0.4713874161 -0.2527103126 0.8449445963 0.2659745514 0.9541951418 0.1370005757 -0.8408635259 0.1601534188 0.5170100927
-394.5 248.6 2829.3 0.2363973707 -0.9502491355 0.2028369755 0.9454357624 0.1767816395 -0.2736775875 0.2242040485 0.2564660013 0.9401902556
-463.5 -27.4 2763.9 0.3112623096 -0.9502491355 0.0119303931 0.5704380274 0.1767816395 -0.8020902276 0.7600764632 0.2564660013 0.5970836878
-262.8 323.2 2593.5 0.2373584658 -0.0044530192 0.9714119434 -0.9182549119 0.3252610266 0.2258608937 -0.3169682026 -0.9456138015 0.0731144473
-188.0 33.8 2493.6 0.2681632936 -0.0050640949 0.9633601904 -0.9098527431 0.3273351490 0.2549895346 -0.3166329563 -0.9448947310 0.0831716880
-280.7 -115.7 2720.4 0.7669132948 0.0362618752 -0.6407253742 -0.0192062072 0.9992520213 0.0335639194 0.6414632201 -0.0134347128 0.7670361400
-294.8 -506.1 2725.7 0.7503831983 -0.2349071950 -0.6178541183 0.0581289120 0.9545517564 -0.2923216522 0.6584421992 0.1834380627 0.7299345136
-180.4 -66.5 2583.1 0.2755781412 0.7499980927 0.6012982726 -0.0546220019 0.6367257833 -0.7691532373 -0.9597255588 0.1791176945 0.2164341062
-528.9 -362.4 2499.8 0.2755781412 -0.2253045738 0.9345023036 -0.0546220019 0.9669042230 0.2492241859 -0.9597255588 -0.1197251230 0.2541510761
-537.0 -162.1 2584.5 0 0 0 0 0 0 0 0 0
-113.7 -218.3 2405.9 0 0 0 0 0 0 0 0 0
-222.2 -801.2 2669.0 0 0 0 0 0 0 0 0 0
-440.6 -741.0 2546.7 0 0 0 0 0 0 0 0 0
-390.7 471.7 2749.0 37 0.3433353901 -0.2696426809 0.8996741772 0.2744819224 0.9448897839 0.1784460098 -0.8982096314 0.1856774688 0.3984261453
-337.0 283.4 2712.0 0.3433353901 -0.2696426809 0.8996741772 0.2744819224 0.9448897839 0.1784460098 -0.8982096314 0.1856774688 0.3984261453
-288.7 96.7 2678.1 0.3487655520 -0.2479208112 0.9038240314 0.2545677722 0.9531800151 0.1632272303 -0.9019744396 0.1731564254 0.3955489993
-385.6 247.7 2838.3 0.2315743119 -0.9499896765 0.2095064819 0.9623005390 0.1921144277 -0.1925351173 0.1426571459 0.2461943775 0.9586642981
-451.8 -27.7 2797.5 0.3112728298 -0.9499896765 0.0250769407 0.6458513737 0.1921144277 -0.7388964891 0.6971263885 0.2461943775 0.6733521223
-288.4 319.1 2585.6 0.3192553520 -0.1372252852 0.9376807809 -0.8884533048 0.3009382188 0.3465356231 -0.3297374249 -0.9437189102 -0.0258421227
-190.5 46.5 2484.5 0.3865808845 -0.1071708202 0.9160074592 -0.8861560225 0.2320023477 0.4011264741 -0.2555049360 -0.9667932987 -0.0052823885
-272.0 -111.4 2723.1 0.8422647715 0.0858010128 -0.5321919322 -0.0729817301 0.9963119626 0.0451240130 0.5341008306 0.0008339179 0.8454203606
-305.5 -500.6 2722.8 0.8035823107 -0.2712823749 -0.5297748446 0.1251462847 0.9472014904 -0.2952079177 0.5818881989 0.1709244847 0.7951043248
-188.5 -64.1 2573.5 0.1754371226 0.7409370542 0.6482546329 -0.0364308544 0.6629019976 -0.7478193045 -0.9838163257 0.1075787917 0.1432905942
-533.6 -372.9 2523.4 0.1754371226 -0.2170563340 0.9602647424 -0.0364308544 0.9732930660 0.2266570181 -0.9838163257 -0.0747473165 0.1628441811
-528.1 -185.9 2626.7 0 0 0 0 0 0 0 0 0
-82.8 -200.3 2413.3 0 0 0 0 0 0 0 0 0
-219.2 -802.2 2668.4 0 0 0 0 0 0 0 0 0
-449.2 -751.0 2552.5 0 0 0 0 0 0 0 0 0
-396.3 471.2 2742.1 38 0.1598901153 -0.2432237118 0.9567012787 0.1994284391 0.9571444392 0.2100066096 -0.9667799473 0.1572154611 0.2015436590
-347.0 277.4 2710.3 0.1598901153 -0.2432237118 0.9567012787 0.1994284391 0.9571444392 0.2100066096 -0.9667799473 0.1572154611 0.2015436590
-301.8 89.0 2682.2 0.1633927226 -0.2286790311 0.9596920013 0.1851796210 0.9625838995 0.1978403032 -0.9690259695 0.1453897357 0.1996258944
-369.2 251.7 2844.3 0.2515738010 -0.9544546008 0.1603964418 0.9660445452 0.2577199638 0.0183951203 -0.0588946715 0.1503223777 0.9868812561
-440.8 -23.3 2861.0 0.2879191637 -0.9544546008 -0.0782236680 0.6635200977 0.2577199638 -0.7023684978 0.6905386448 0.1503223777 0.7075023651
-324.9 303.0 2576.3 0.4444465339 -0.3205255270 0.8364990354 -0.8234835267 0.2213887870 0.5223618150 -0.3526218235 -0.9210050702 -0.1655520201
-191.9 56.6 2470.8 0.4793536663 -0.2595986724 0.8383487463 -0.8476383090 0.1106112227 0.5189166069 -0.2274408340 -0.9593610764 -0.1670238972
-271.3 -112.6 2724.3 0.9272838831 0.0820683986 -0.3652524352 -0.0727702379 0.9965790510 0.0391755737 0.3672180176 -0.0097473729 0.9300838113
-303.4 -502.5 2728.1 0.8891600966 -0.2663896978 -0.3720630109 0.1624297053 0.9438713193 -0.2876168787 0.4277977943 0.1953033656 0.8825223446
-212.2 -68.9 2565.1 0.0886543170 0.6928825378 0.7155796289 -0.0146962618 0.7192400694 -0.6946061850 -0.9959540367 0.0510634892 0.0739465207
-505.8 -373.7 2543.4 0.0886543170 -0.1135415137 0.9895699620 -0.0146962618 0.9932246208 0.1152774617 -0.9959540367 -0.0247628242 0.0863850117
-512.9 -189.5 2688.1 0 0 0 0 0 0 0 0 0
-58.4 -179.4 2407.5 0 0 0 0 0 0 0 0 0
-220.4 -796.8 2667.2 0 0 0 0 0 0 0 0 0
-461.8 -758.0 2553.0 0 0 0 0 0 0 0 0 0
-401.0 470.4 2738.7 39 0.1077842787 -0.2307841480 0.9670166373 0.1898109615 0.9595677257 0.2078499645 -0.9758864641 0.1611474007 0.1472316831
-354.7 277.7 2706.3 0.1077842787 -0.2307841480 0.9670166373 0.1898109615 0.9595677257 0.2078499645 -0.9758864641 0.1611474007 0.1472316831
-312.0 88.6 2679.0 0.1128585711 -0.2166722566 0.9696989655 0.1679739207 0.9660478234 0.1963067651 -0.9793097973 0.1407292336 0.1454220563
-370.1 254.1 2843.6 0.2777653933 -0.9548285604 0.1055879667 0.9524915814 0.2880314291 0.0989831463 -0.1249245852 0.0730775595 0.9894713163
-450.4 -21.1 2879.7 0.2520403862 -0.9548285604 -0.1574105173 0.6547173262 0.2880314291 -0.6988441348 0.7126154900 0.0730775595 0.6977383494
-339.2 301.3 2569.0 0.4850770533 -0.3586072326 0.7975594997 -0.7981419563 0.1911031902 0.5713571906 -0.3573089540 -0.9137179255 -0.1935196966
-191.7 58.6 2460.4 0.5181080103 -0.2845339179 0.8066006303 -0.8282697201 0.0683656484 0.5561432838 -0.2133854032 -0.9562251568 -0.2002500445
-270.6 -115.6 2739.1 0.9448024035 0.0670498386 -0.3207066953 -0.0743639693 0.9971748590 -0.0105979657 0.3190900385 0.0338620059 0.9471192360
-296.9 -505.5 2725.8 0.9106411934 -0.2526503205 -0.3269562721 0.1632931530 0.9469189644 -0.2769112885 0.3795628250 0.1987771243 0.9035595059
-243.8 -83.8 2569.6 0.0274986848 0.5787351727 0.8150517941 0.0177129097 0.8149500489 -0.5792604685 -0.9994648695 0.0303658415 0.0121589713
-476.9 -412.0 2557.4 0.0274986848 -0.0063603125 0.9996016026 0.0177129097 0.9998258352 0.0058744638 -0.9994648695 0.0175443124 0.0276065562
-514.2 -186.8 2699.4 0 0 0 0 0 0 0 0 0
-46.5 -173.5 2400.6 0 0 0 0 0 0 0 0 0
-219.0 -797.4 2664.5 0 0 0 0 0 0 0 0 0
-474.6 -768.0 2551.2 0 0 0 0 0 0 0 0 0
-408.7 470.8 2737.0 40 0.0873355865 -0.2282892913 0.9696682096 0.1878067553 0.9597060084 0.2090286016 -0.9783154726 0.1638546139 0.1266907603
-362.7 277.5 2704.0 0.0873355865 -0.2282892913 0.9696682096 0.1878067553 0.9597060084 0.2090286016 -0.9783154726 0.1638546139 0.1266907603
-323.3 87.8 2675.8 0.0922926366 -0.2002619952 0.9753856659 0.1654971093 0.9690268040 0.1832967997 -0.9818822742 0.1445065588 0.1225768179
-375.5 254.1 2842.8 0.3013240993 -0.9499391913 0.0825788379 0.9417722225 0.3100465834 0.1301392466 -0.1492276639 0.0385563597 0.9880508780
-463.4 -20.6 2886.3 0.2391592413 -0.9499391913 -0.2010431141 0.6421828270 0.3100465834 -0.7010508776 0.7282884717 0.0385563597 0.6841851473
-349.8 300.9 2565.2 0.5076020360 -0.3739298880 0.7762194276 -0.7773326635 0.1898151636 0.5997700691 -0.3716101646 -0.9078252316 -0.1943173409
-190.4 56.8 2448.5 0.4794180691 -0.3109996319 0.8206323981 -0.8486390114 0.0738979802 0.5237851739 -0.2235400826 -0.9475327730 -0.2284983844
-279.1 -115.5 2738.8 0.9533030987 0.0390766338 -0.2994765341 -0.0467268378 0.9987378120 -0.0184239112 0.2983785868 0.0315571614 0.9539257884
-294.4 -506.2 2726.4 0.9217596054 -0.2461816967 -0.2995893657 0.1650842428 0.9482389688 -0.2712749243 0.3508652151 0.2005927861 0.9146890640
-260.1 -86.0 2564.9 -0.0025578060 0.4915804565 0.8708283901 0.0054962444 0.8708249927 -0.4915623963 -0.9999816418 0.0035289647 -0.0049292478
-454.2 -429.8 2563.5 -0.0000450949 0.0904872343 0.9958975911 0.0331487879 0.9953504205 -0.0904360190 -0.9994504452 0.0330087207 -0.0030444274
-524.3 -184.1 2700.9 0 0 0 0 0 0 0 0 0
-54.7 -183.5 2385.2 0 0 0 0 0 0 0 0 0
-218.2 -799.9 2664.3 0 0 0 0 0 0 0 0 0
-485.9 -778.6 2551.9 0 0 0 0 0 0 0 0 0
-416.4 471.0 2734.6 41 0.0708769858 -0.2260799259 0.9715268016 0.1964089423 0.9580716491 0.2086199671 -0.9779570699 0.1760301888 0.1123093441
-370.6 277.2 2699.0 0.0708769858 -0.2260799259 0.9715268016 0.1964089423 0.9580716491 0.2086199671 -0.9779570699 0.1760301888 0.1123093441
-332.5 87.5 2669.1 0.0764456838 -0.1942048371 0.9779777527 0.1708770543 0.9688883424 0.1790429056 -0.9823222756 0.1534269005 0.1072524861
-381.4 252.9 2838.4 0.3090824485 -0.9478616714 0.0776293725 0.9380291700 0.3172915578 0.1393821687 -0.1567461640 0.0297380276 0.9871911407
-472.0 -22.1 2884.4 0.2346544862 -0.9478616714 -0.2156282812 0.6317517757 0.3172915578 -0.7072592974 0.7388010025 0.0297380276 0.6732671857
-359.9 301.5 2559.6 0.5102717876 -0.3849932253 0.7690272927 -0.7710548639 0.1912601143 0.6073664427 -0.3809162080 -0.9028841257 -0.1992562562
-196.7 54.9 2437.8 0.4255260229 -0.3304883242 0.8424399495 -0.8783591986 0.0731589124 0.4723694324 -0.2177445740 -0.9409703612 -0.2591564357
-292.2 -116.8 2735.7 0.9589442611 0.0038171546 -0.2835689783 -0.0113627622 0.9996236563 -0.0249693636 0.2833669484 0.0271663554 0.9586266875
-293.7 -507.9 2725.1 0.9312804937 -0.2377416790 -0.2760353088 0.1634730548 0.9498533607 -0.2665617764 0.3255659044 0.2031194568 0.9234442711
-276.2 -87.3 2559.8 -0.0296582486 0.4069443643 0.9129713178 -0.0091635501 0.9132240415 -0.4073546827 -0.9995180964 -0.0204474851 -0.0233555716
-435.5 -444.7 2567.8 -0.0200201739 0.1603316814 0.9868601561 0.0504222475 0.9859638214 -0.1591631621 -0.9985272884 0.0465732329 -0.0278234519
-531.9 -183.3 2695.8 0 0 0 0 0 0 0 0 0
-74.5 -197.3 2375.3 0 0 0 0 0 0 0 0 0
-220.8 -799.0 2662.8 0 0 0 0 0 0 0 0 0
-491.2 -787.5 2551.6 0 0 0 0 0 0 0 0 0
-422.6 471.3 2724.5 42 0.0514938384 -0.1996785849 0.9785074592 0.1926567405 0.9633888006 0.1864548624 -0.9799141884 0.1789147854 0.0880780071
-382.4 277.3 2688.4 0.0514938384 -0.1996785849 0.9785074592 0.1926567405 0.9633888006 0.1864548624 -0.9799141884 0.1789147854 0.0880780071
-348.2 86.9 2658.4 0.0566689409 -0.1744996756 0.9830251932 0.1658813357 0.9725677967 0.1630807072 -0.9845161438 0.1538239121 0.0840606242
-390.4 253.7 2828.4 0.3241264224 -0.9415171146 0.0921282992 0.9302859902 0.3349067569 0.1496845782 -0.1717849821 0.0371889398 0.9844322801
-485.6 -19.7 2878.9 0.2524799407 -0.9415171146 -0.2231578976 0.6280569434 0.3349067569 -0.7024114728 0.7360695004 0.0371889398 0.6758835912
-374.4 301.0 2548.5 0.5201129913 -0.3988651633 0.7552410364 -0.7593504190 0.1888421327 0.6226761341 -0.3909851611 -0.8973545432 -0.2046592087
-209.6 60.3 2424.5 0.3397561908 -0.3500498533 0.8729437590 -0.9247642756 0.0448080786 0.3778931201 -0.1713963747 -0.9356587529 -0.3084897995
-301.3 -117.7 2727.5 0.9650053978 -0.0153677268 -0.2617792785 0.0161821488 0.9998686314 0.0009555893 0.2617301941 -0.0051583000 0.9651272893
-295.3 -508.8 2729.5 0.9374554753 -0.2448944598 -0.2473942190 0.1744944453 0.9455427527 -0.2747736275 0.3012123704 0.2144191414 0.9291369915
-287.8 -86.9 2550.8 -0.0632748455 0.3479759693 0.9353657365 -0.0375495069 0.9357500672 -0.3506591022 -0.9972894788 -0.0573104210 -0.0461431146
-423.7 -452.4 2573.1 -0.0405348875 0.1933943331 0.9802833796 0.0795428827 0.9786005616 -0.1897732168 -0.9960069656 0.0702821314 -0.0550506040
-550.2 -180.2 2690.7 0 0 0 0 0 0 0 0 0
-112.0 -205.3 2375.3 0 0 0 0 0 0 0 0 0
-219.1 -803.0 2662.8 0 0 0 0 0 0 0 0 0
-490.8 -792.2 2548.7 0 0 0 0 0 0 0 0 0
-429.9 475.7 2719.4 43 -0.0750845447 -0.2043968886 0.9760041833 0.1656726003 0.9626070857 0.2143365294 -0.9833183289 0.1777905077 -0.0384139530
-388.6 281.4 2683.5 -0.0750845447 -0.2043968886 0.9760041833 0.1656726003 0.9626070857 0.2143365294 -0.9833183289 0.1777905077 -0.0384139530
-354.3 90.9 2654.0 -0.0700958371 -0.1750082523 0.9820685983 0.1402219236 0.9729865789 0.1833982468 -0.9876357317 0.1505630016 -0.0436623134
-378.7 261.6 2822.9 0.2783208787 -0.9384870529 0.2044003755 0.9316359162 0.3155446947 0.1802388579 -0.2336492836 0.1402624995 0.9621509314
-460.3 -11.7 2891.5 0.3221260607 -0.9384870529 -0.1244058460 0.6536555290 0.3155446947 -0.6878706217 0.6848133206 0.1402624995 0.7150924206
-398.6 301.3 2544.1 0.5299733281 -0.4850261807 0.6956133246 -0.7487024665 0.1175687835 0.6523972750 -0.3982121646 -0.8665605783 -0.3008319736
-226.5 58.2 2414.8 0.2522116005 -0.4579365551 0.8524572849 -0.9586314559 0.0018970168 0.2846438289 -0.1319659352 -0.8889828324 -0.4385139346
-319.1 -118.5 2717.1 0.9888496399 -0.0524403267 -0.1393785328 0.0560008362 0.9981939197 0.0217450522 0.1379864812 -0.0293079019 0.9900003672
-298.6 -508.9 2728.6 0.9622530341 -0.2443524301 -0.1198375151 0.2087960541 0.9452459216 -0.2508272529 0.1745661795 0.2163376659 0.9605855942
-309.0 -88.6 2539.6 -0.1764154881 0.2841034532 0.9424238801 -0.0346651189 0.9550534487 -0.2943998575 -0.9837051630 -0.0846059322 -0.1586377472
-419.9 -461.2 2572.6 -0.1473417133 0.2032388300 0.9679795504 0.1143690571 0.9755972028 -0.1874294728 -0.9824510813 0.0830907300 -0.1669903994
-542.4 -178.3 2716.9 0 0 0 0 0 0 0 0 0
-154.0 -217.3 2376.9 0 0 0 0 0 0 0 0 0
-222.6 -802.9 2661.3 0 0 0 0 0 0 0 0 0
-489.3 -794.5 2544.2 0 0 0 0 0 0 0 0 0
-434.2 475.9 2697.8 44 -0.1694663912 -0.2080120891 0.9633338451 0.1234541759 0.9652920961 0.2301525772 -0.9777730703 0.1579307169 -0.1379046142
-392.5 282.2 2666.1 -0.1694663912 -0.2080120891 0.9633338451 0.1234541759 0.9652920961 0.2301525772 -0.9777730703 0.1579307169 -0.1379046142
-355.8 91.7 2639.6 -0.1655452251 -0.1864964664 0.9684078693 0.1041872054 0.9731543660 0.2052209079 -0.9806833267 0.1348690540 -0.1416705102
-369.1 267.6 2804.5 0.2301448882 -0.9304457903 0.2851384282 0.9290891886 0.2972528338 0.2200774252 -0.2895283103 0.2142693400 0.9328783154
-436.5 -4.8 2889.4 0.3641015291 -0.9304457903 -0.0412390903 0.6841861010 0.2972528338 -0.6659805775 0.6319172978 0.2142693400 0.7448282838
-415.9 296.8 2527.8 0.5183068514 -0.5508099794 0.6541913748 -0.7606900930 0.0526092388 0.6469798088 -0.3907794356 -0.8329709768 -0.3917279840
-247.5 49.6 2400.8 0.1829711497 -0.5369578004 0.8235276937 -0.9799626470 -0.0325519294 0.1965032667 -0.0787065476 -0.8429808021 -0.5321546793
-313.7 -112.2 2713.0 0.9985852242 -0.0278707836 -0.0452851877 0.0287843328 0.9993925095 0.0196478404 0.0447100773 -0.0209235474 0.9987808466
-302.8 -503.2 2721.2 0.9685911536 -0.2457864434 -0.0376861952 0.2327851951 0.9495671988 -0.2100789100 0.0874201283 0.1947077811 0.9769578576
-326.3 -87.1 2536.2 -0.2562840581 0.2318689674 0.9383790493 -0.0329793915 0.9681396484 -0.2482297868 -0.9660387635 -0.0945645124 -0.2404718697
-416.8 -465.0 2573.1 -0.2223747373 0.2075514793 0.9526131749 0.1456656307 0.9731839299 -0.1780296713 -0.9640181661 0.0991736948 -0.2466446310
-529.3 -179.2 2728.4 0 0 0 0 0 0 0 0 0
-194.7 -232.7 2378.1 0 0 0 0 0 0 0 0 0
-224.5 -805.4 2659.2 0 0 0 0 0 0 0 0 0
-487.2 -794.9 2539.5 0 0 0 0 0 0 0 0 0
-440.8 476.7 2685.5 45 -0.0394235961 -0.1820588559 0.9824969769 0.1491236985 0.9711779356 0.1859451383 -0.9880323410 0.1538442075 -0.0111380341
-404.4 282.4 2654.8 -0.0394235961 -0.1820588559 0.9824969769 0.1491236985 0.9711779356 0.1859451383 -0.9880323410 0.1538442075 -0.0111380341
-371.9 91.1 2628.6 -0.0355873406 -0.1657550037 0.9855246544 0.1276324987 0.9773200154 0.1689838916 -0.9911828637 0.1317986548 -0.0136244930
-399.5 264.6 2794.1 0.2995636165 -0.9391268492 0.1682330817 0.9245909452 0.3292553425 0.1916311979 -0.2353576422 0.0981410518 0.9669411182
-487.2 -6.1 2863.0 0.3030770123 -0.9391268492 -0.1618180126 0.6593843102 0.3292553425 -0.6758722067 0.6880092025 0.0981410518 0.7190352678
-409.3 300.1 2515.4 0.4342870414 -0.4930552840 0.7538509369 -0.7978684902 0.1778828651 0.5759892464 -0.4180917144 -0.8516185284 -0.3161410391
-282.4 67.0 2393.2 0.1042119041 -0.4825449884 0.8696494699 -0.9915601015 0.0173992887 0.1284750998 -0.0771262944 -0.8756983280 -0.4766591191
-316.4 -109.9 2699.6 0.9851473570 -0.0139239244 -0.1711455733 0.0294084866 0.9956617951 0.0882767364 0.1691739559 -0.0919987261 0.9812830687
-311.0 -496.7 2735.3 0.9529227614 -0.2608667016 -0.1545533389 0.2115574777 0.9371649027 -0.2774263918 0.2172132730 0.2316690087 0.9482340813
-334.0 -89.5 2525.4 -0.1540469527 0.2365885526 0.9593203068 -0.0866284370 0.9639366865 -0.2516377866 -0.9842586517 -0.1218684465 -0.1279962063
-426.5 -466.3 2573.0 -0.1169085577 0.1816610396 0.9763870239 0.1318417490 0.9772660732 -0.1660384089 -0.9843526483 0.1093172580 -0.1382012814
-564.4 -173.9 2687.9 0 0 0 0 0 0 0 0 0
-252.8 -214.7 2371.3 0 0 0 0 0 0 0 0 0
-225.6 -803.4 2659.5 0 0 0 0 0 0 0 0 0
-487.7 -795.7 2536.1 0 0 0 0 0 0 0 0 0
-446.5 476.2 2670.4 46 -0.0264309812 -0.1659102440 0.9857865572 0.1527378708 0.9738821983 0.1680019200 -0.9879132509 0.1550073922 -0.0003998831
-413.3 281.7 2639.4 -0.0264309812 -0.1659102440 0.9857865572 0.1527378708 0.9738821983 0.1680019200 -0.9879132509 0.1550073922 -0.0003998831
-382.8 90.2 2611.9 -0.0239658933 -0.1559152752 0.9874796271 0.1377884001 0.9778211713 0.1577343643 -0.9901716709 0.1398434937 -0.0019510398
-410.0 262.3 2779.6 0.3148380518 -0.9352576733 0.1617718637 0.9219484925 0.3418503702 0.1820693463 -0.2255835235 0.0918229744 0.9698868990
-502.5 -8.5 2845.9 0.3049799502 -0.9352576733 -0.1796673983 0.6465640068 0.3418503702 -0.6819774508 0.6992440224 0.0918229744 0.7089614868
-416.7 301.1 2499.3 0.3863626122 -0.5957059860 0.7041720748 -0.8395016789 0.0891114026 0.5360000730 -0.3820481896 -0.7982440591 -0.4656668603
-307.6 64.1 2391.4 -0.0573993474 -0.5957059860 0.8011490107 -0.9960086346 0.0891114026 -0.0051002335 -0.0683532730 -0.7982440591 -0.5984432101
-342.3 -112.4 2690.2 0.9814776778 -0.0622242652 -0.1811895967 0.0834910572 0.9901703596 0.1122138947 0.1724261343 -0.1252631396 0.9770252705
-318.1 -498.0 2739.0 0.9508745074 -0.2753246725 -0.1415414810 0.2259804904 0.9298048615 -0.2905093431 0.2115903497 0.2442523241 0.9463457465
-342.5 -89.0 2514.1 -0.1485118568 0.2381410301 0.9598088861 -0.0893080831 0.9633761048 -0.2528448105 -0.9848696589 -0.1232691407 -0.1218048558
-435.7 -466.0 2562.4 -0.1202344745 0.1591633707 0.9799033999 0.1011478752 0.9838913679 -0.1474002600 -0.9875792265 0.0813925564 -0.1343967021
-580.3 -173.6 2667.4 0 0 0 0 0 0 0 0 0
-323.5 -212.2 2372.5 0 0 0 0 0 0 0 0 0
-228.0 -802.4 2659.1 0 0 0 0 0 0 0 0 0
-488.8 -794.0 2535.2 0 0 0 0 0 0 0 0 0
-454.2 479.7 2662.8 47 -0.0587185025 -0.1487080604 0.9871363044 0.1642403305 0.9739284515 0.1564879715 -0.9846711159 0.1713163257 -0.0327637605
-423.6 279.1 2627.6 -0.0587185025 -0.1487080604 0.9871363044 0.1642403305 0.9739284515 0.1564879715 -0.9846711159 0.1713163257 -0.0327637605
-395.8 87.7 2596.7 -0.0566589050 -0.1421847641 0.9882172346 0.1504251659 0.9772924185 0.1492374539 -0.9869964719 0.1571083814 -0.0339841507
-415.6 257.8 2767.6 0.3162699044 -0.9278855920 0.1974882931 0.9212667346 0.3500786126 0.1694478244 -0.2263646275 0.1283481419 0.9655494690
-508.6 -13.3 2834.2 0.3355855942 -0.9278855920 -0.1625133455 0.6340505481 0.3500786126 -0.6895105839 0.6966794133 0.1283481419 0.7058076859
-431.6 300.4 2487.5 0.3080216050 -0.4874749482 0.8170011640 -0.8892083764 0.1578297615 0.4294160903 -0.3382766843 -0.8587537408 -0.3848518431
-340.4 37.0 2387.2 -0.2007286996 -0.4874749482 0.8497506380 -0.9774413705 0.1578297615 -0.1403499842 -0.0656988397 -0.8587537408 -0.5081591606
-353.1 -114.0 2672.9 0.9863651395 -0.0676611438 -0.1500193328 0.0912062749 0.9835230708 0.1560891867 0.1369863003 -0.1676436365 0.9762839675
-326.7 -497.8 2738.3 0.9519973397 -0.2870701551 -0.1062626168 0.2478772253 0.9266458154 -0.2826382816 0.1796048284 0.2427308261 0.9533225298
-354.3 -88.9 2495.4 -0.1951185167 0.2350656539 0.9521937370 -0.1243709326 0.9570862651 -0.2617588937 -0.9728620648 -0.1694992334 -0.1575099081
-446.2 -463.2 2561.7 -0.1698016673 0.1317854077 0.9766268730 0.1007537767 0.9881466627 -0.1158222780 -0.9803142548 0.0787320286 -0.1810668260
-594.4 -175.3 2656.2 0 0 0 0 0 0 0 0 0
-395.7 -232.2 2369.1 0 0 0 0 0 0 0 0 0
-232.4 -802.2 2658.6 0 0 0 0 0 0 0 0 0
-490.4 -794.3 2535.3 0 0 0 0 0 0 0 0 0
-457.1 482.3 2650.1 48 -0.0045522694 -0.1278856695 0.9917784929 0.1641545743 0.9782389402 0.1268932670 -0.9864241481 0.1633826345 0.0165398121
-431.2 284.7 2617.1 -0.0045522694 -0.1278856695 0.9917784929 0.1641545743 0.9782389402 0.1268932670 -0.9864241481 0.1633826345 0.0165398121
-407.4 92.7 2587.4 -0.0029875475 -0.1219400167 0.9925329685 0.1518835723 0.9809669256 0.1209762171 -0.9883939028 0.1511108726 0.0155900000
-430.8 263.3 2757.5 0.3536579609 -0.9227095842 0.1534048468 0.9117423296 0.3766878545 0.1638054103 -0.2089305669 0.0819345936 0.9744920731
-534.9 -5.0 2818.9 0.3181234300 -0.9227095842 -0.2177257389 0.6240082383 0.3766878545 -0.6846312881 0.7137305140 0.0819345936 0.6956115961
-431.6 306.2 2476.7 0.1935855895 -0.2328885198 0.9530411959 -0.9394310117 0.2360431850 0.2485013753 -0.2828319967 -0.9434227943 -0.1730881333
-372.6 19.7 2390.4 -0.3109338284 -0.2328885198 0.9214570522 -0.9372498393 0.2360431850 -0.2566054761 -0.1577432007 -0.9434227943 -0.2916685343
-364.4 -117.4 2654.6 -0.8799283504 -0.0734643489 0.4693922400 -0.1681376845 0.9721876979 -0.1630363017 -0.4443599880 -0.2223827839 -0.8678076267
-335.7 -496.9 2741.4 -0.8799283504 -0.3004985154 0.3680036962 -0.1681376845 0.9214026332 0.3503524959 -0.4443599880 0.2464098036 -0.8612934351
-373.1 -90.1 2477.1 -0.1667366922 0.2206100225 0.9610047340 -0.1845666617 0.9504376054 -0.2502069771 -0.9685732126 -0.2190881222 -0.1177555621
-459.3 -461.6 2562.7 -0.1440399438 0.1009874195 0.9844053984 0.1001241356 0.9911614060 -0.0870301574 -0.9844936132 0.0860269293 -0.1528781056
-616.2 -164.6 2636.4 0 0 0 0 0 0 0 0 0
-459.5 -242.2 2346.3 0 0 0 0 0 0 0 0 0
-236.3 -801.7 2659.9 0 0 0 0 0 0 0 0 0
-493.1 -793.7 2533.9 0 0 0 0 0 0 0 0 0
-462.9 484.9 2643.7 49 0.0668642521 -0.1107619107 0.9915951490 0.1655604690 0.9812738299 0.0984450951 -0.9839303493 0.1575865000 0.0839499310
-440.9 289.6 2612.3 0.0668642521 -0.1107619107 0.9915951490 0.1655604690 0.9812738299 0.0984450951 -0.9839303493 0.1575865000 0.0839499310
-421.8 96.9 2583.4 0.0681703240 -0.0976863429 0.9928797483 0.1532440782 0.9844100475 0.0863314196 -0.9858341813 0.1462676972 0.0820774063
-450.6 268.0 2752.2 0.3980625868 -0.9126273394 0.0930458978 0.8993223310 0.4082376063 0.1567207873 -0.1810124964 0.0212935694 0.9832502604
-567.6 3.6 2805.5 0.2908494174 -0.9126273394 -0.2872594297 0.6118353605 0.4082376063 -0.6774950624 0.7355706096 0.0212935694 0.6771133542
-431.2 311.2 2472.4 0.0817161798 -0.1591691375 0.9838636518 -0.9658998847 0.2306953818 0.1175459996 -0.2456824929 -0.9599191546 -0.1348899007
-405.1 3.3 2394.1 -0.4139429629 -0.1319057196 0.9006953239 -0.8849391937 0.2902492285 -0.3641950786 -0.2133867145 -0.9478165507 -0.2368751764
-384.1 -113.1 2646.6 -0.8887390494 -0.0859927386 0.4502756000 -0.1938780248 0.9605846405 -0.1992194951 -0.4153963923 -0.2643526793 -0.8703812361
-350.5 -488.3 2749.9 -0.8887390494 -0.3190253973 0.3291893601 -0.1938780248 0.9123050570 0.3607088029 -0.4153963923 0.2567534149 -0.8726531267
-383.8 -85.7 2468.6 -0.1150934026 0.2099423110 0.9709159136 -0.2050972283 0.9513286352 -0.2300193757 -0.9719509482 -0.2256058902 -0.0664330646
-466.0 -457.9 2556.9 -0.0951184928 0.0850242376 0.9918282628 0.0757935867 0.9940721393 -0.0779478177 -0.9925763607 0.0677599460 -0.1009989381
-642.0 -152.9 2617.3 0 0 0 0 0 0 0 0 0
-519.3 -240.6 2335.2 0 0 0 0 0 0 0 0 0
-240.7 -802.4 2661.5 0 0 0 0 0 0 0 0 0
-494.7 -793.6 2534.0 0 0 0 0 0 0 0 0 0
-468.7 484.2 2630.5 50 0.2668053210 -0.0809435099 0.9603452682 0.1467971653 0.9882526398 0.0425121821 -0.9525048733 0.1296334863 0.2755533457
-452.5 287.0 2604.6 0.2668053210 -0.0809435099 0.9603452682 0.1467971653 0.9882526398 0.0425121821 -0.9525048733 0.1296334863 0.2755533457
-440.2 93.2 2581.2 0.2681237757 -0.0659245700 0.9611262083 0.1290280968 0.9911248684 0.0319874547 -0.9547048807 0.1154356822 0.2742502689
-489.9 269.5 2737.6 0.4732106924 -0.8755634427 -0.0972640142 0.8750775456 0.4544566274 0.1664587557 -0.1015429273 -0.1638836265 0.9812396169
-628.3 13.5 2767.3 0.1763878465 -0.8755634427 -0.4497510195 0.6165361404 0.4544566274 -0.6429249048 0.7673138380 -0.1638836265 0.6199771166
-415.1 304.5 2471.6 -0.0786541924 0.0450812168 0.9958820939 -0.9719468951 0.2186525464 -0.0866616815 -0.2216589749 -0.9747608900 0.0266186111
-439.8 0.1 2402.2 -0.5041187406 0.0586459078 0.8616408110 -0.8304349184 0.2410497963 -0.5022677183 -0.2371543050 -0.9687392116 -0.0728161186
-414.4 -110.2 2643.4 -0.9317028522 -0.1401891708 0.3350772262 -0.2225033343 0.9494469762 -0.2214558125 -0.2870923579 -0.2808868289 -0.9157950282
-359.6 -481.2 2753.1 -0.9317028522 -0.3028647006 0.2005062103 -0.2225033343 0.9122260809 0.3439997435 -0.2870923579 0.2758922279 -0.9173120856
-396.6 -82.1 2465.8 0.0602627844 0.1851451695 0.9808617234 -0.2355421782 0.9575353265 -0.1662707478 -0.9699939489 -0.2210143507 0.1013132408
-469.1 -456.8 2552.3 0.0855860263 0.0776265115 0.9933021665 0.0466961265 0.9955521226 -0.0818258300 -0.9952359200 0.0533865131 0.0815804973
-673.1 -143.2 2572.3 0 0 0 0 0 0 0 0 0
-578.9 -229.2 2336.7 0 0 0 0 0 0 0 0 0
-254.8 -797.0 2657.6 0 0 0 0 0 0 0 0 0
-495.3 -793.4 2534.3 0 0 0 0 0 0 0 0 0
-474.4 482.7 2614.9 51 0.3535822332 -0.0577345416 0.9336200356 0.1056556851 0.9941710830 0.0214648768 -0.9294172525 0.0910526589 0.3576212227
-462.9 285.8 2596.8 0.3535822332 -0.0577345416 0.9336200356 0.1056556851 0.9941710830 0.0214648768 -0.9294172525 0.0910526589 0.3576212227
-455.9 91.0 2580.9 0.3544986248 -0.0389848016 0.9342435002 0.0867975876 0.9961885214 0.0086343512 -0.9310193062 0.0780292153 0.3565312624
-512.7 274.0 2727.4 0.5155504346 -0.8390032053 -0.1740152687 0.8523165584 0.4812465310 0.2048372328 -0.0881148577 -0.2539200187 0.9632031918
-663.9 24.1 2753.2 0.1326794177 -0.8390032053 -0.5277023315 0.6335107684 0.4812465310 -0.6058596373 0.7622730732 -0.2539200187 0.5953691006
-413.1 297.6 2466.3 -0.1772181839 0.1315069497 0.9753459096 -0.9706503153 0.1403567344 -0.1952894479 -0.1625782847 -0.9813286662 0.1027734950
-468.1 -3.6 2415.9 -0.5873364210 0.1696695983 0.7913584113 -0.7683836222 0.1902171969 -0.6110678911 -0.2542096376 -0.9669693112 0.0186498500
-454.3 -112.2 2642.2 -0.9543416500 -0.2114797235 0.2109701186 -0.2612178326 0.9334146976 -0.2459721118 -0.1449044943 -0.2898505628 -0.9460387826
-371.8 -476.4 2755.3 -0.9543416500 -0.2934622765 0.0557849258 -0.2612178326 0.9104462862 0.3207066953 -0.1449044943 0.2914917171 -0.9455344081
-404.2 -89.6 2473.5 0.1473072469 0.1746818274 0.9735434651 -0.2158563584 0.9662334323 -0.1407088935 -0.9652494788 -0.1894181073 0.1800393760
-472.5 -467.7 2547.6 0.1698682308 0.0706967860 0.9829276204 0.0297764987 0.9965997934 -0.0768260807 -0.9850168228 0.0423184559 0.1671855450
-697.7 -137.4 2558.9 0 0 0 0 0 0 0 0 0
-632.6 -218.8 2344.6 0 0 0 0 0 0 0 0 0
-269.8 -792.8 2654.0 0 0 0 0 0 0 0 0 0
-495.6 -792.6 2533.8 0 0 0 0 0 0 0 0 0
-476.2 483.3 2598.1 52 0.3495517373 -0.0395716727 0.9360809922 0.0470323823 0.9985891581 0.0246512759 -0.9357358217 0.0354092270 0.3509196937
-468.4 284.8 2591.0 0.3495517373 -0.0395716727 0.9360809922 0.0470323823 0.9985891581 0.0246512759 -0.9357358217 0.0354092270 0.3509196937
-466.0 89.6 2586.2 0.3500932753 -0.0134686381 0.9366180301 0.0266297944 0.9996355772 0.0044210316 -0.9363362193 0.0233941730 0.3503243625
-517.8 281.3 2723.2 0.5383820534 -0.8275905848 -0.1588663459 0.8309392333 0.4899620116 0.2635853291 -0.1403022557 -0.2739178836 0.9514642954
-675.8 37.5 2764.3 0.1544105411 -0.8275905848 -0.5396769047 0.6678608060 0.4899620116 -0.5602670908 0.7280929685 -0.2739178836 0.6283705831
-418.9 288.3 2458.9 -0.2279561609 0.1755975932 0.9577063322 -0.9639529586 0.0979239568 -0.2473975718 -0.1372248083 -0.9795796871 0.1469454616
-487.9 -3.6 2417.3 -0.6795989275 0.1755975932 0.7122575045 -0.7078534961 0.0979239568 -0.6995386481 -0.1925843805 -0.9795796871 0.0577483550
-481.9 -111.4 2647.8 -0.9529859424 -0.2487899959 0.1729778498 -0.2808380723 0.9395530820 -0.1958824992 -0.1137882620 -0.2352520376 -0.9652506113
-384.8 -477.9 2739.6 -0.9553703070 -0.2939278483 0.0295630489 -0.2734965086 0.9178835750 0.2875576317 -0.1116566285 0.2666386366 -0.9573069811
-417.3 -96.2 2482.2 0.1488382816 0.1504572779 0.9773483276 -0.1964517385 0.9731556773 -0.1198946312 -0.9691511393 -0.1741568744 0.1744004041
-476.2 -477.1 2550.4 0.1681761891 0.0614692718 0.9838385582 0.0407295972 0.9967682958 -0.0692393780 -0.9849151373 0.0517157614 0.1651290804
-715.2 -132.9 2578.6 0 0 0 0 0 0 0 0 0
-680.3 -203.9 2362.8 0 0 0 0 0 0 0 0 0
-285.1 -789.2 2649.2 0 0 0 0 0 0 0 0 0
-495.6 -792.3 2534.0 0 0 0 0 0 0 0 0 0
-477.0 476.5 2572.7 53 0.3430701196 -0.0147930374 0.9391933084 -0.0162055194 0.9996339679 0.0216646045 -0.9391700029 -0.0226525944 0.3427048028
-474.1 278.6 2577.2 0.3430701196 -0.0147930374 0.9391933084 -0.0162055194 0.9996339679 0.0216646045 -0.9391700029 -0.0226525944 0.3427048028
-477.0 83.4 2582.8 0.3430731297 0.0144201973 0.9391980171 -0.0324614309 0.9994668961 -0.0034879392 -0.9387475848 -0.0292910915 0.3433583379
-522.6 283.3 2710.1 0.5610316396 -0.8155264258 -0.1419864595 0.8059703112 0.4990193248 0.3184204102 -0.1888262779 -0.2930808067 0.9372557402
-687.3 46.7 2765.5 0.1790710390 -0.8155264258 -0.5503183007 0.6991682649 0.4990193248 -0.5119994879 0.6921685338 -0.2930808067 0.6595501304
-425.5 273.8 2444.2 -0.2703560293 0.1118921041 0.9562362432 -0.9591156244 0.0550414249 -0.2776106894 -0.0836950466 -0.9921948314 0.0924366862
-504.8 -7.4 2419.7 -0.7453866005 0.1118921041 0.6571750045 -0.6556638479 0.0550414249 -0.7530440688 -0.1204315349 -0.9921948314 0.0323364697
-495.7 -108.0 2665.1 -0.9602444172 -0.2482823133 0.1276187897 -0.2637396455 0.9566915035 -0.1232181862 -0.0914989188 -0.1519777030 -0.9841395617
-399.0 -480.6 2724.3 -0.9524143338 -0.3040359914 0.0216569286 -0.2886455655 0.9224663973 0.2563971579 -0.0979317501 0.2379451692 -0.9663288593
-432.3 -103.5 2497.5 0.1504348069 0.1157667711 0.9818184376 -0.1514848024 0.9840914607 -0.0928241909 -0.9769451022 -0.1347665936 0.1655785143
-477.5 -488.2 2550.2 0.1655181348 0.0617466494 0.9842718840 0.0422464758 0.9966779947 -0.0696292222 -0.9853014946 0.0531069152 0.1623596996
-733.0 -131.7 2588.8 0 0 0 0 0 0 0 0 0
-714.8 -192.2 2385.8 0 0 0 0 0 0 0 0 0
-296.3 -792.1 2644.0 0 0 0 0 0 0 0 0 0
-496.4 -793.1 2533.9 0 0 0 0 0 0 0 0 0
-484.3 477.8 2577.5 54 0.2942751348 -0.0105666444 0.9556623101 -0.0175480507 0.9997105598 0.0164572150 -0.9555596113 -0.0216129608 0.2940045297
-482.2 278.2 2581.8 0.2942751348 -0.0105666444 0.9556623101 -0.0175480507 0.9997105598 0.0164572150 -0.9555596113 -0.0216129608 0.2940045297
-487.0 82.9 2588.3 0.2941250801 0.0244543068 0.9554540515 -0.0391436964 0.9991421103 -0.0135225588 -0.9549650550 -0.0334226787 0.2948299944
-523.9 283.9 2717.3 0.5593031049 -0.8241207004 -0.0894710124 0.7989515066 0.5071263909 0.3232634664 -0.2210350037 -0.2522852719 0.9420698881
-688.3 49.0 2782.3 0.2219413519 -0.8241207004 -0.5211209655 0.6989100575 0.5071263909 -0.5043288469 0.6799020171 -0.2522852719 0.6885385513
