605.0 312.7 2536.2 43 0.9398868680 -0.0193848442 0.3409353197 0.0002290261 0.9984230399 0.0561368018 -0.3414858878 -0.0526841618 0.9384091496
608.8 115.5 2546.6 0.9398868680 -0.0193848442 0.3409353197 0.0002290261 0.9984230399 0.0561368018 -0.3414858878 -0.0526841618 0.9384091496
612.0 -78.2 2555.4 0.9398963451 -0.0163061246 0.3410703838 -0.0002999110 0.9988192916 0.0485787056 -0.3414598107 -0.0457612388 0.9387817383
480.6 115.5 2593.2 0.3760897517 -0.8870024085 -0.2679238617 0.7275503874 0.1036334932 0.6781817675 -0.5737829804 -0.4499853253 0.6843144894
388.4 -62.9 2733.9 -0.1431883425 -0.8870024085 -0.4390031695 0.8647260070 0.1036334932 -0.4914357066 0.4814001024 -0.4499853253 0.7521749735
737.1 115.4 2500.0 0.7205568552 0.4625120163 0.5166047215 -0.5882759094 0.0133740101 0.8085497022 0.3670548797 -0.8865121603 0.2817214131
917.2 -31.6 2591.8 -0.3899327517 0.4625120163 0.7962632179 -0.8949249983 0.0133740101 -0.4460161030 -0.2169370502 -0.8865121603 0.4086986184
536.5 -276.1 2589.8 -0.9108597636 0.0644636154 -0.4076505005 0.0295239016 0.9953733683 0.0914342776 0.4116586447 0.0712483674 -0.9085487723
511.5 -662.4 2562.2 -0.9106433988 0.0221352037 -0.4125998914 0.0643936023 0.9939659834 -0.0887978077 0.4081447124 -0.1074319258 -0.9065739512
705.0 -270.7 2530.2 0.2278358787 0.1202175766 0.9662497044 0.0402077101 0.9903409481 -0.1326956600 -0.9728690386 0.0690835267 0.2208015323
658.3 -655.1 2503.3 0.2532493472 -0.1393162012 0.9573169351 -0.1169912890 0.9779027104 0.1732609570 -0.9603008628 -0.1558759660 0.2313544452
424.7 -282.0 2611.9 0 0 0 0 0 0 0 0 0
818.3 -258.7 2536.7 0 0 0 0 0 0 0 0 0
503.2 -1033.3 2602.3 0 0 0 0 0 0 0 0 0
710.3 -1019.8 2561.5 0 0 0 0 0 0 0 0 0
615.9 314.4 2540.6 44 0.9502128959 0.0049563190 0.3115620315 -0.0193153005 0.9988875389 0.0430182107 -0.3110022247 -0.0468943715 0.9492515922
614.9 117.3 2549.8 0.9502128959 0.0049563190 0.3115620315 -0.0193153005 0.9988875389 0.0430182107 -0.3110022247 -0.0468943715 0.9492515922
613.3 -76.5 2557.8 0.9502033591 0.0082724206 0.3115206063 -0.0207501203 0.9991086125 0.0367609300 -0.3109388351 -0.0413944498 0.9495280385
485.3 120.2 2592.3 0.4049044549 -0.8744756579 -0.2671042979 0.6889104843 0.0996860489 0.7179589272 -0.6012110114 -0.4747157395 0.6427987814
385.7 -49.3 2740.2 -0.1478599608 -0.8744756579 -0.4619846046 0.8772999644 0.0996860489 -0.4694757462 0.4565985203 -0.4747157395 0.7524378896
744.5 114.4 2507.4 0.7106922269 0.4462052882 0.5438909531 -0.6153040528 0.0194497965 0.7880498767 0.3410534561 -0.8947192430 0.2883747518
916.1 -34.1 2589.7 -0.3902197182 0.4462052882 0.8053753376 -0.8954894543 0.0194497965 -0.4446575642 -0.2140729427 -0.8947192430 0.3919824362
531.1 -271.9 2594.8 -0.9249551892 0.0437595546 -0.3775486946 0.0155293420 0.9968716502 0.0774965361 0.3797588050 0.0658177435 -0.9227411747
514.1 -658.8 2569.3 -0.9242402315 0.0372596271 -0.3799891472 0.0644849464 0.9961631298 -0.0591672659 0.3763266206 -0.0791883469 -0.9230966568
699.2 -272.0 2533.7 0.2608691156 0.1043591276 0.9597168565 0.0451910011 0.9917297959 -0.1201239601 -0.9643158913 0.0747071952 0.2539955676
658.7 -656.9 2504.7 0.2863679528 -0.1412105113 0.9476565719 -0.1085034683 0.9779370427 0.1785107702 -0.9519560933 -0.1539437920 0.2647279799
423.1 -271.7 2624.4 0 0 0 0 0 0 0 0 0
817.0 -261.3 2535.4 0 0 0 0 0 0 0 0 0
500.2 -1030.4 2598.8 0 0 0 0 0 0 0 0 0
711.4 -1021.8 2562.2 0 0 0 0 0 0 0 0 0
628.3 314.7 2544.3 45 0.9612451792 0.0350205712 0.2734616995 -0.0441437326 0.9986526966 0.0272782557 -0.2721379697 -0.0382927097 0.9614959955
621.3 117.6 2551.8 0.9612451792 0.0350205712 0.2734616995 -0.0441437326 0.9986526966 0.0272782557 -0.2721379697 -0.0382927097 0.9614959955
614.4 -76.1 2558.3 0.9612590075 0.0357276797 0.2733215690 -0.0437531136 0.9987701178 0.0233217422 -0.2721521854 -0.0343769044 0.9616399407
490.3 123.6 2589.0 0.4111349881 -0.8803350925 -0.2365969270 0.6533766389 0.1035961285 0.7499111891 -0.6356626153 -0.4629016221 0.6177824140
387.5 -39.7 2747.8 -0.1362526268 -0.8803350925 -0.4543625116 0.8795117140 0.1035961285 -0.4644641578 0.4559543133 -0.4629016221 0.7601498365
752.4 111.6 2514.7 0.6938924193 0.4445599020 0.5664625168 -0.6419867277 0.0256362241 0.7662870288 0.3261385262 -0.8953822255 0.3031903505
913.3 -37.3 2590.3 -0.3802428544 0.4445599020 0.8110375404 -0.8996574283 0.0256362241 -0.4358431697 -0.2145503312 -0.8953822255 0.3902036250
526.7 -268.4 2593.5 -0.9404535890 0.0317242332 -0.3384384811 0.0077924062 0.9973858595 0.0718384758 0.3398327529 0.0649235025 -0.9382423162
514.4 -655.6 2568.3 -0.9398093820 0.0370966196 -0.3396794498 0.0607666932 0.9963883162 -0.0593102314 0.3362524509 -0.0763815120 -0.9386693835
696.7 -272.2 2537.9 0.3015689254 0.1049533337 0.9476502538 0.0476266555 0.9910238981 -0.1249131560 -0.9522541165 0.0828033388 0.2938634455
656.0 -656.9 2505.7 0.3256428540 -0.1518673152 0.9332165122 -0.0881614611 0.9778386354 0.1898925751 -0.9413735867 -0.1441108882 0.3050373197
422.1 -262.7 2632.2 0 0 0 0 0 0 0 0 0
816.8 -265.6 2535.9 0 0 0 0 0 0 0 0 0
500.5 -1027.4 2596.8 0 0 0 0 0 0 0 0 0
712.6 -1021.8 2559.5 0 0 0 0 0 0 0 0 0
637.2 312.5 2547.1 46 0.9674767256 0.0563357882 0.2466071397 -0.0619639307 0.9979639053 0.0151154343 -0.2452534884 -0.0299045779 0.9689976573
626.1 115.2 2553.0 0.9674767256 0.0563357882 0.2466071397 -0.0619639307 0.9979639053 0.0151154343 -0.2452534884 -0.0299045779 0.9689976573
616.0 -78.5 2558.6 0.9676959515 0.0523547903 0.2466241717 -0.0579371788 0.9982010126 0.0154282106 -0.2453727573 -0.0292185266 0.9689883590
494.1 123.1 2586.5 0.4254933000 -0.8802430034 -0.2100660503 0.6098322272 0.1073923111 0.7852206826 -0.6686255336 -0.4622111917 0.5824952722
387.4 -29.7 2754.1 -0.1234378293 -0.8802430034 -0.4581870735 0.8886992931 0.1073923111 -0.4457359016 0.4415616691 -0.4622111917 0.7690150142
758.1 107.2 2519.5 0.6710385680 0.4235647619 0.6085229516 -0.6808712482 0.0271831974 0.7318984866 0.2934648097 -0.9054578543 0.3066340387
910.6 -47.5 2586.2 -0.3993482292 0.4235647619 0.8130890727 -0.8915747404 0.0271831974 -0.4520570338 -0.2135777920 -0.9054578543 0.3667840660
521.6 -265.9 2589.2 -0.9503242373 0.0094144847 -0.3111193478 -0.0135465078 0.9973444343 0.0715579391 0.3109668195 0.0722178221 -0.9476730824
517.9 -653.0 2561.2 -0.9498373270 0.0528588593 -0.3082450032 0.0869101062 0.9914040565 -0.0977987498 0.3004257977 -0.1196825057 -0.9462665915
693.5 -273.8 2540.5 0.3286879957 0.0983027518 0.9393086433 0.0451653376 0.9917942882 -0.1196001023 -0.9433580041 0.0817353129 0.3215509951
655.3 -658.8 2508.8 0.3487039208 -0.1555431038 0.9242358804 -0.0669856369 0.9794744849 0.1901123524 -0.9348360896 -0.1282034516 0.3311274350
418.7 -255.2 2642.1 0 0 0 0 0 0 0 0 0
809.3 -273.8 2532.0 0 0 0 0 0 0 0 0 0
498.2 -1022.6 2605.8 0 0 0 0 0 0 0 0 0
713.4 -1024.4 2556.6 0 0 0 0 0 0 0 0 0
643.2 307.3 2547.0 47 0.9726057649 0.0709157661 0.2213797718 -0.0765003338 0.9969289899 0.0167435538 -0.2195125222 -0.0332205035 0.9750439525
629.3 111.0 2553.6 0.9726057649 0.0709157661 0.2213797718 -0.0765003338 0.9969289899 0.0167435538 -0.2195125222 -0.0332205035 0.9750439525
616.5 -82.5 2559.4 0.9729872942 0.0658553988 0.2212664187 -0.0709372535 0.9973666072 0.0150907161 -0.2196899354 -0.0303791054 0.9750966430
496.5 120.7 2583.6 0.4442005455 -0.8748258352 -0.1933018416 0.5560693145 0.1000360847 0.8250937462 -0.7024762034 -0.4739963412 0.5308998823
383.1 -21.3 2762.9 -0.1348212659 -0.8748258352 -0.4652988017 0.8895149827 0.1000360847 -0.4458204210 0.4365618825 -0.4739963412 0.7646837234
762.1 101.3 2523.6 0.6475148201 0.4328810275 0.6271670461 -0.7110361457 0.0471313111 0.7015741467 0.2741389275 -0.9002181292 0.3383122683
908.9 -60.0 2585.8 -0.4316926599 0.4328810275 0.7913630605 -0.8658376932 0.0471313111 -0.4981001019 -0.2529160678 -0.9002181292 0.3544584811
519.3 -267.0 2586.1 -0.9583781362 0.0068104621 -0.2854206562 -0.0093438411 0.9984316826 0.0551982298 0.2853489518 0.0555677041 -0.9568114877
516.6 -654.5 2564.5 -0.9575345516 0.0511555672 -0.2837439775 0.0766752511 0.9938761592 -0.0795678720 0.2779360414 -0.0979451314 -0.9555931687
692.4 -277.4 2542.2 0.3554365635 0.0928166583 0.9300805926 0.0533541627 0.9914203286 -0.1193276644 -0.9331763983 0.0920370892 0.3474348783
656.4 -662.3 2506.4 0.3829172850 -0.1571957916 0.9103097320 -0.0918123946 0.9740605354 0.2068249583 -0.9192088246 -0.1627745628 0.3585520983
417.3 -247.0 2652.1 0 0 0 0 0 0 0 0 0
799.5 -279.4 2521.7 0 0 0 0 0 0 0 0 0
497.5 -1025.2 2601.1 0 0 0 0 0 0 0 0 0
715.0 -1025.6 2567.2 0 0 0 0 0 0 0 0 0
650.7 304.2 2546.0 48 0.9744826555 0.0826362967 0.2086978257 -0.0879755020 0.9959873557 0.0164155830 -0.2065038681 -0.0343569964 0.9778423905
634.5 108.5 2552.8 0.9744826555 0.0826362967 0.2086978257 -0.0879755020 0.9959873557 0.0164155830 -0.2065038681 -0.0343569964 0.9778423905
618.9 -84.8 2559.1 0.9747124910 0.0800559819 0.2086301595 -0.0851608068 0.9962452650 0.0155869611 -0.2065989822 -0.0329599194 0.9778704047
501.4 120.1 2581.0 0.4532743990 -0.8727415204 -0.1812857687 0.5357097983 0.1041714847 0.8379518390 -0.7124305964 -0.4769386947 0.5147544742
383.6 -19.1 2766.2 -0.1328250617 -0.8727415204 -0.4697656035 0.8894413114 0.1041714847 -0.4450195730 0.4373232424 -0.4769386947 0.7624158263
767.6 96.9 2524.5 0.6429175138 0.4560719728 0.6153498292 -0.7084345222 0.0486756675 0.7040960193 0.2911659181 -0.8886107206 0.3543915749
911.4 -61.6 2589.7 -0.4532153010 0.4560719728 0.7658944130 -0.8466189504 0.0486756675 -0.5299689174 -0.2789843976 -0.8886107206 0.3640586138
516.7 -269.7 2584.9 -0.9622416496 0.0035365277 -0.2721736729 -0.0088304458 0.9989836812 0.0441995561 0.2720533907 0.0449340679 -0.9612324834
515.3 -657.5 2567.4 -0.9612631798 0.0510314554 -0.2708668411 0.0718806013 0.9951189756 -0.0676118359 0.2660943866 -0.0844628438 -0.9602394700
690.8 -282.5 2545.5 0.3704603314 0.0881465897 0.9246563315 0.0664930940 0.9904161692 -0.1210556403 -0.9264652133 0.1063295752 0.3610487580
656.6 -666.9 2504.2 0.4024082422 -0.1570758373 0.9018840194 -0.0975213423 0.9722089171 0.2128365934 -0.9102512002 -0.1736001372 0.3759066164
417.3 -244.9 2655.2 0 0 0 0 0 0 0 0 0
796.5 -276.2 2519.0 0 0 0 0 0 0 0 0 0
496.2 -1028.8 2598.9 0 0 0 0 0 0 0 0 0
715.2 -1029.7 2569.0 0 0 0 0 0 0 0 0 0
662.8 303.5 2564.0 49 0.9732027054 0.1136604548 0.1998943388 -0.1089870036 0.9934523702 -0.0342670940 -0.2024803162 0.0115629444 0.9792180657
640.6 109.4 2561.7 0.9732027054 0.1136604548 0.1998943388 -0.1089870036 0.9934523702 -0.0342670940 -0.2024803162 0.0115629444 0.9792180657
620.5 -83.4 2560.2 0.9741483331 0.1040111706 0.2005409300 -0.1003506109 0.9945478439 -0.0283617992 -0.2023974806 0.0075041964 0.9792746902
507.6 123.1 2589.4 0.4680847526 -0.8630737066 -0.1897378117 0.5499061942 0.1164160073 0.8270734549 -0.6917368174 -0.4914784729 0.5291021466
387.1 -18.5 2767.6 -0.1244934872 -0.8630737066 -0.4894947708 0.8940188885 0.1164160073 -0.4326402247 0.4303854108 -0.4914784729 0.7571111321
773.7 95.7 2534.0 0.6574174762 0.4322157502 0.6172453165 -0.7021370530 0.0540486947 0.7099875212 0.2735064924 -0.9001490474 0.3390072584
914.2 -54.5 2592.5 -0.4509229362 0.4322157502 0.7809340954 -0.8514904976 0.0540486947 -0.5215770602 -0.2676422894 -0.9001490474 0.3436558247
516.1 -270.5 2583.9 -0.9646893740 -0.0052270819 -0.2633383572 -0.0157931484 0.9991520643 0.0380226932 0.2629162967 0.0408390313 -0.9639539123
518.2 -658.4 2568.1 -0.9628888369 0.0672325194 -0.2613903284 0.0871539712 0.9940477014 -0.0653706491 0.2554394305 -0.0857258663 -0.9630170465
690.7 -285.8 2546.9 0.3766246140 0.0797863379 0.9229236245 0.0606502071 0.9920227528 -0.1105099246 -0.9243783951 0.0975962654 0.3687811196
659.7 -670.9 2509.0 0.3981638551 -0.1407553107 0.9064510465 -0.0667510480 0.9810920358 0.1816664785 -0.9148824215 -0.1328395903 0.3812398314
418.7 -245.4 2658.3 0 0 0 0 0 0 0 0 0
799.8 -270.4 2524.6 0 0 0 0 0 0 0 0 0
493.1 -1029.3 2600.1 0 0 0 0 0 0 0 0 0
712.2 -1036.7 2558.6 0 0 0 0 0 0 0 0 0
664.6 294.3 2555.0 50 0.9700124264 0.1170702055 0.2130033821 -0.1173889935 0.9930229187 -0.0111951670 -0.2128278464 -0.0141448006 0.9769873023
641.8 100.7 2557.7 0.9700124264 0.1170702055 0.2130033821 -0.1173889935 0.9930229187 -0.0111951670 -0.2128278464 -0.0141448006 0.9769873023
620.8 -92.1 2559.9 0.9710797071 0.1080181152 0.2129231393 -0.1079668999 0.9940832257 -0.0119034974 -0.2129491121 -0.0114294067 0.9769964218
509.1 115.5 2586.8 0.4631540477 -0.8717483282 -0.1598224491 0.5217961073 0.1224482208 0.8442364931 -0.7163917422 -0.4744062722 0.5115872622
392.4 -16.0 2767.4 -0.0995745137 -0.8717483282 -0.4797288775 0.9037824869 0.1224482208 -0.4101019204 0.4162476063 -0.4744062722 0.7756781578
774.4 85.9 2528.6 0.6599186659 0.4493461251 0.6021589637 -0.6882695556 0.0401281677 0.7243443727 0.3013177812 -0.8924560547 0.3357525766
910.4 -55.9 2590.7 -0.4403111041 0.4493461251 0.7773121595 -0.8592754602 0.0401281677 -0.5099366307 -0.2603301704 -0.8924560547 0.3684432209
513.1 -267.3 2576.9 -0.9611613750 -0.0165153183 -0.2754924297 -0.0238811895 0.9994407892 0.0234038886 0.2749518454 0.0290740021 -0.9610183239
519.5 -655.2 2565.6 -0.9592824578 0.0739610791 -0.2725930214 0.0974415466 0.9925150871 -0.0736133233 0.2651081681 -0.0971778557 -0.9593092203
687.6 -285.3 2540.6 0.3666321933 0.0778790861 0.9271006584 0.0624168366 0.9921863079 -0.1080298871 -0.9282698631 0.0974739268 0.3589064777
657.3 -670.5 2502.7 0.3963229954 -0.1538351178 0.9051313996 -0.0944776237 0.9737953544 0.2068733573 -0.9132371545 -0.1675033420 0.3714035153
417.7 -245.3 2661.7 0 0 0 0 0 0 0 0 0
798.6 -273.9 2524.7 0 0 0 0 0 0 0 0 0
491.9 -1025.6 2601.9 0 0 0 0 0 0 0 0 0
714.7 -1033.5 2565.2 0 0 0 0 0 0 0 0 0
669.5 289.1 2553.0 51 0.9687741995 0.1291068047 0.2116788775 -0.1301500648 0.9914529324 -0.0090575712 -0.2110390365 -0.0187752768 0.9772973061
644.3 96.2 2556.6 0.9687741995 0.1291068047 0.2116788775 -0.1301500648 0.9914529324 -0.0090575712 -0.2110390365 -0.0187752768 0.9772973061
621.0 -96.4 2559.9 0.9698947668 0.1203507632 0.2117069066 -0.1212377995 0.9925841689 -0.0088346479 -0.2112001777 -0.0170981996 0.9772932529
511.9 112.8 2585.5 0.4474706948 -0.8866114020 -0.1170053184 0.4983682334 0.1385838091 0.8558174968 -0.7425624728 -0.4412649870 0.5038711429
397.3 -14.8 2775.6 -0.0767550617 -0.8866114020 -0.4561018944 0.8967401981 0.1385838091 -0.4202993810 0.4358505309 -0.4412649870 0.7844230533
776.8 79.7 2527.8 0.6562433839 0.4491448104 0.6063114405 -0.6917142868 0.0370692834 0.7212192416 0.3014563620 -0.8926896453 0.3350063562
908.1 -58.7 2588.1 -0.4414572418 0.4491448104 0.7767782211 -0.8594495654 0.0370692834 -0.5098748207 -0.2578022480 -0.8926896453 0.3696528077
512.9 -275.3 2581.2 -0.9615761042 -0.0125753591 -0.2742503583 -0.0226737652 0.9991753101 0.0336829536 0.2736006081 0.0386070125 -0.9610682726
517.8 -663.1 2566.2 -0.9604206681 0.0614270493 -0.2716962397 0.0818398446 0.9945601225 -0.0644388199 0.2662599683 -0.0841239542 -0.9602233171
686.9 -294.6 2543.1 0.3686593473 0.0717511028 0.9267912507 0.0559012927 0.9935008287 -0.0991521180 -0.9278821945 0.0883621871 0.3622523844
659.0 -680.3 2508.8 0.3955918550 -0.1518253684 0.9057903290 -0.0898997784 0.9751042724 0.2027060390 -0.9140159488 -0.1616192162 0.3720942438
416.8 -242.3 2665.0 0 0 0 0 0 0 0 0 0
796.1 -276.8 2522.7 0 0 0 0 0 0 0 0 0
494.9 -1034.3 2597.6 0 0 0 0 0 0 0 0 0
715.7 -1044.1 2569.0 0 0 0 0 0 0 0 0 0
674.6 284.5 2551.0 52 0.9686746597 0.1454674304 0.2012676597 -0.1469037235 0.9891195297 -0.0078640133 -0.2002217323 -0.0219492987 0.9795047045
646.4 92.3 2555.2 0.9686746597 0.1454674304 0.2012676597 -0.1469037235 0.9891195297 -0.0078640133 -0.2002217323 -0.0219492987 0.9795047045
619.8 -99.8 2559.8 0.9698472619 0.1367483884 0.2017329484 -0.1386790425 0.9903267026 -0.0046005514 -0.2004106343 -0.0235143006 0.9794297814
513.9 111.3 2582.6 0.4255293310 -0.9023200870 -0.0688708946 0.4652720690 0.1528733075 0.8718667626 -0.7761743665 -0.4030485749 0.4848764241
401.8 -11.4 2787.2 -0.0594281927 -0.9023200870 -0.4269504845 0.8819589615 0.1528733075 -0.4458453655 0.4675645828 -0.4030485749 0.7867243290
778.8 73.4 2527.9 0.6689670682 0.4829567373 0.5650095940 -0.6585445404 0.0326131620 0.7518347502 0.3446769118 -0.8750366569 0.3398656249
911.5 -57.2 2596.2 -0.4466060996 0.4829567373 0.7531903982 -0.8503847122 0.0326131620 -0.5251497626 -0.2781885266 -0.8750366569 0.3961337805
510.8 -278.1 2582.2 -0.9644716382 -0.0095023885 -0.2640154958 -0.0177577008 0.9994245768 0.0288993586 0.2635889351 0.0325609185 -0.9640854001
514.5 -666.1 2569.5 -0.9638909698 0.0465267003 -0.2622011304 0.0637990534 0.9962906241 -0.0577465706 0.2585417628 -0.0723895803 -0.9632838964
684.5 -299.8 2544.3 0.3805461228 0.0675690249 0.9222901464 0.0649845675 0.9929076433 -0.0995559096 -0.9224758148 0.0978202447 0.3734562397
658.3 -685.3 2506.3 0.4067023396 -0.1589408964 0.8996282220 -0.0719208345 0.9761224389 0.2049692720 -0.9107252955 -0.1480634958 0.3855601251
416.8 -235.0 2668.6 0 0 0 0 0 0 0 0 0
798.2 -273.0 2525.6 0 0 0 0 0 0 0 0 0
497.1 -1037.9 2596.5 0 0 0 0 0 0 0 0 0
717.6 -1049.5 2561.6 0 0 0 0 0 0 0 0 0
674.8 282.6 2540.0 53 0.9670037627 0.1488679796 0.2067415118 -0.1575290412 0.9871723056 0.0259881299 -0.2002207041 -0.0576984100 0.9780504107
645.9 91.0 2551.2 0.9670037627 0.1488679796 0.2067415118 -0.1575290412 0.9871723056 0.0259881299 -0.2002207041 -0.0576984100 0.9780504107
618.9 -100.8 2561.9 0.9684321880 0.1393603832 0.2066829205 -0.1477370411 0.9886956811 0.0255864933 -0.2007807642 -0.0553135052 0.9780733585
513.6 111.2 2578.6 0.4277160168 -0.9016973376 -0.0632528737 0.4352810383 0.1441336870 0.8886821270 -0.7922054529 -0.4076363444 0.4541400373
400.0 -4.5 2789.0 -0.0671835616 -0.9016973376 -0.4271162450 0.8846415877 0.1441336870 -0.4434351325 0.4614061117 -0.4076363444 0.7879955769
778.2 70.8 2523.8 0.7040632367 0.4890468717 0.5149059296 -0.6024001837 0.0273474678 0.7977255583 0.3760438263 -0.8718286753 0.3138562739
914.7 -46.0 2596.6 -0.4518961012 0.4890468717 0.7460717559 -0.8469702005 0.0273474678 -0.5309365392 -0.2800560296 -0.8718286753 0.4018499255
506.4 -279.6 2582.3 -0.9626997113 -0.0254208669 -0.2693752348 -0.0359075330 0.9987741113 0.0340731703 0.2681788206 0.0424748324 -0.9624323249
516.3 -667.3 2565.8 -0.9626312852 0.0575495884 -0.2646299601 0.0818221569 0.9932987094 -0.0816258118 0.2581590712 -0.1002281532 -0.9608892798
680.2 -304.4 2546.4 0.3780097663 0.0518121906 0.9243506193 0.0667885989 0.9943050742 -0.0830462649 -0.9233893752 0.0931283906 0.3723965883
660.1 -690.4 2510.2 0.4010092616 -0.1522563845 0.9033324718 -0.0601188242 0.9795913696 0.1917978823 -0.9140991569 -0.1312200129 0.3836717606
417.1 -228.9 2672.0 0 0 0 0 0 0 0 0 0
800.0 -260.9 2525.6 0 0 0 0 0 0 0 0 0
494.8 -1037.8 2603.2 0 0 0 0 0 0 0 0 0
716.9 -1055.9 2559.2 0 0 0 0 0 0 0 0 0
678.3 277.2 2543.5 54 0.9637807012 0.1586997062 0.2143389285 -0.1640896946 0.9864171147 0.0074758730 -0.2102411687 -0.0423759110 0.9767307639
647.5 85.5 2551.7 0.9637807012 0.1586997062 0.2143389285 -0.1640896946 0.9864171147 0.0074758730 -0.2102411687 -0.0423759110 0.9767307639
618.1 -106.1 2560.3 0.9648359418 0.1513775885 0.2148868889 -0.1573719978 0.9874785542 0.0109641422 -0.2105364650 -0.0443957783 0.9765774012
515.7 107.0 2580.5 0.4429282844 -0.8939844370 -0.0678705275 0.4104849398 0.1349101365 0.9018322229 -0.7970675230 -0.4273068309 0.4267226458
399.5 -0.7 2789.6 -0.0808910355 -0.8939844370 -0.4407363236 0.8893466592 0.1349101365 -0.4368773699 0.4500213563 -0.4273068309 0.7841489911
779.3 64.0 2522.9 0.7540464997 0.5041987896 0.4209483266 -0.5012015104 0.0274761152 0.8648942709 0.4245126247 -0.8631504178 0.2734234631
920.7 -30.0 2602.6 -0.4503072202 0.5041987896 0.7368900776 -0.8444925547 0.0274761152 -0.5348620415 -0.2899236679 -0.8631504178 0.4134194255
505.1 -279.4 2590.6 -0.9607377648 -0.0162595510 -0.2769811153 -0.0368544795 0.9969140291 0.0693120062 0.2749993801 0.0767986625 -0.9583722353
511.4 -666.1 2560.8 -0.9622997642 0.0324177891 -0.2700522244 0.0624194071 0.9926940203 -0.1032586768 0.2647318244 -0.1162222996 -0.9572927952
678.6 -305.8 2554.6 0.3724205792 0.0485694967 0.9267922640 0.0921215191 0.9917630553 -0.0889923051 -0.9234806895 0.1185200810 0.3648786843
659.8 -690.7 2508.6 0.4059940875 -0.1563735455 0.9003977776 -0.0795654356 0.9754623175 0.2052866071 -0.9104054570 -0.1549856961 0.3835900128
420.0 -226.4 2675.4 0 0 0 0 0 0 0 0 0
806.4 -244.4 2529.0 0 0 0 0 0 0 0 0 0
499.3 -1036.4 2604.1 0 0 0 0 0 0 0 0 0
718.1 -1054.7 2566.5 0 0 0 0 0 0 0 0 0
684.3 281.1 2543.2 55 0.9631097913 0.1804362535 0.1996553689 -0.1875028163 0.9821184874 0.0169091448 -0.1930342168 -0.0537213050 0.9797202945
649.2 90.2 2553.7 0.9631097913 0.1804362535 0.1996553689 -0.1875028163 0.9821184874 0.0169091448 -0.1930342168 -0.0537213050 0.9797202945
615.4 -100.5 2564.3 0.9642226696 0.1739042401 0.2000798434 -0.1813302338 0.9832335711 0.0192634482 -0.1933752149 -0.0548547767 0.9795902371
517.5 115.0 2580.1 0.4486499727 -0.8888451457 -0.0930993184 0.4300256073 0.1233825386 0.8943459988 -0.7834482789 -0.4412833750 0.4375817478
398.2 0.6 2788.5 -0.0921263322 -0.8888451457 -0.4488507807 0.8952762485 0.1233825386 -0.4280854762 0.4358820617 -0.4412833750 0.7843952179
780.9 65.5 2527.3 0.7479088306 0.5016473532 0.4347209036 -0.5191461444 0.0339225233 0.8540120125 0.4136660695 -0.8644068241 0.2857992649
916.1 -28.4 2602.0 -0.4233792126 0.5016473532 0.7543871403 -0.8617528677 0.0339225233 -0.5061928630 -0.2795210481 -0.8644068241 0.4179339707
502.3 -283.6 2587.8 -0.9653738737 -0.0101628862 -0.2606722414 -0.0295647494 0.9970652461 0.0706173256 0.2591895461 0.0758788288 -0.9628412127
506.2 -670.6 2558.4 -0.9670818448 0.0016436570 -0.2544601858 0.0312049910 0.9931978583 -0.1121798456 0.2525449097 -0.1164275184 -0.9605548978
675.2 -311.8 2550.1 0.3891465366 0.0384881087 0.9203714728 0.0838148147 0.9935031533 -0.0769844651 -0.9173549414 0.1070989966 0.3833924532
660.2 -697.4 2508.5 0.4231723249 -0.1645833105 0.8909755945 -0.0822086707 0.9723326564 0.2186571211 -0.9023119807 -0.1657755673 0.3979340792
421.5 -226.6 2677.9 0 0 0 0 0 0 0 0 0
808.7 -247.0 2531.1 0 0 0 0 0 0 0 0 0
505.6 -1041.0 2601.8 0 0 0 0 0 0 0 0 0
721.6 -1060.3 2570.4 0 0 0 0 0 0 0 0 0
682.9 283.7 2544.1 56 0.9604054093 0.1834572703 0.2096779197 -0.1903285980 0.9816356897 0.0128979981 -0.2034610957 -0.0522950143 0.9776854515
647.2 92.8 2554.3 0.9604054093 0.1834572703 0.2096779197 -0.1903285980 0.9816356897 0.0128979981 -0.2034610957 -0.0522950143 0.9776854515
613.1 -97.9 2564.6 0.9617413878 0.1757963449 0.2101168633 -0.1830226332 0.9829896688 0.0152984057 -0.2038532943 -0.0531692505 0.9775565863
515.9 117.8 2582.1 0.4513479769 -0.8856003284 -0.1095308959 0.4390678406 0.1135420948 0.8912506104 -0.7768554688 -0.4503556490 0.4400856495
397.5 2.7 2785.8 -0.0988098085 -0.8856003284 -0.4538156390 0.9014000297 0.1135420948 -0.4178350568 0.4215620458 -0.4503556490 0.7870611548
778.6 67.8 2526.4 0.7300835252 0.5050324798 0.4603479803 -0.5537424684 0.0424745828 0.8316040039 0.4004339278 -0.8620545864 0.3106679320
911.9 -33.3 2599.6 -0.4119989276 0.5050324798 0.7584187984 -0.8657860756 0.0424745828 -0.4986084104 -0.2840269506 -0.8620545864 0.4197506011
495.3 -275.1 2592.2 -0.9625765085 -0.0180396307 -0.2704090774 -0.0418642983 0.9957031608 0.0825988203 0.2677571177 0.0908281729 -0.9591956735
502.3 -661.5 2556.9 -0.9654192924 -0.0137126874 -0.2603413165 0.0214233156 0.9910653830 -0.1316450834 0.2598204613 -0.1326700747 -0.9564998746
668.0 -307.5 2557.6 0.3803752661 0.0194259752 0.9246281981 0.0991828740 0.9931564927 -0.0616677590 -0.9194984436 0.1151641682 0.3758454621
660.5 -693.0 2512.9 0.4108009934 -0.1569260061 0.8981184363 -0.0582464337 0.9785465002 0.1976210177 -0.9098625779 -0.1334951073 0.3928475082
422.6 -226.1 2678.8 0 0 0 0 0 0 0 0 0
807.4 -253.0 2527.5 0 0 0 0 0 0 0 0 0
507.5 -1031.2 2606.4 0 0 0 0 0 0 0 0 0
719.0 -1058.0 2562.7 0 0 0 0 0 0 0 0 0
682.3 285.7 2537.0 57 0.9625780582 0.1800081432 0.2025846094 -0.1925108582 0.9803240895 0.0436381213 -0.1907433420 -0.0810048357 0.9782919884
647.3 95.4 2552.8 0.9625780582 0.1800081432 0.2025846094 -0.1925108582 0.9803240895 0.0436381213 -0.1907433420 -0.0810048357 0.9782919884
613.7 -95.2 2567.1 0.9640336037 0.1732028425 0.2015936375 -0.1844239831 0.9821068048 0.0381323211 -0.1913818419 -0.0739395395 0.9787266850
515.6 120.5 2578.9 0.4510700107 -0.8845984340 -0.1184120998 0.4381984770 0.1039273217 0.8928500414 -0.7775075436 -0.4546258748 0.4345082045
396.6 4.9 2784.1 -0.0986546054 -0.8845984340 -0.4557991326 0.9110873938 0.1039273217 -0.3988970220 0.4002336860 -0.4546258748 0.7956935763
779.0 70.2 2526.6 0.7043435574 0.5109313130 0.4927974641 -0.5981708169 0.0533987023 0.7995875478 0.3822195530 -0.8579614162 0.3432352245
908.9 -40.1 2597.1 -0.4232559502 0.5109313130 0.7482002378 -0.8530751467 0.0533987023 -0.5190484524 -0.3051510453 -0.8579614162 0.4132614732
492.8 -272.3 2593.1 -0.9637734294 -0.0428421274 -0.2632591128 -0.0682252124 0.9937775135 0.0880429447 0.2578490376 0.1028143615 -0.9606992602
509.5 -657.9 2553.2 -0.9685725570 0.0250885095 -0.2474626750 0.0593456663 0.9894764423 -0.1319637150 0.2415477186 -0.1425022781 -0.9598686099
665.1 -305.1 2556.6 0.3883387148 0.0136149665 0.9214161038 0.1017488986 0.9931436181 -0.0575577654 -0.9158821702 0.1161049828 0.3842908144
659.8 -690.6 2511.5 0.4272139072 -0.1651474237 0.8889401555 -0.0832752287 0.9718109965 0.2205642462 -0.9003074765 -0.1682548076 0.4014185071
421.6 -226.3 2682.6 0 0 0 0 0 0 0 0 0
801.5 -256.6 2519.7 0 0 0 0 0 0 0 0 0
500.1 -1026.9 2606.4 0 0 0 0 0 0 0 0 0
721.4 -1053.0 2574.3 0 0 0 0 0 0 0 0 0
676.9 281.8 2534.0 58 0.9578912258 0.1747407019 0.2278378010 -0.1899119467 0.9807096124 0.0462833680 -0.2153551280 -0.0876035541 0.9725984931
642.9 91.1 2551.0 0.9578912258 0.1747407019 0.2278378010 -0.1899119467 0.9807096124 0.0462833680 -0.2153551280 -0.0876035541 0.9725984931
610.2 -99.5 2566.8 0.9592352509 0.1683374494 0.2270026952 -0.1822214723 0.9823811054 0.0415049158 -0.2160163373 -0.0811777413 0.9730092883
511.9 116.0 2580.5 0.4378731549 -0.8940593600 -0.0944721997 0.4295483530 0.1157403737 0.8955960870 -0.7897818089 -0.4327378571 0.4347213209
398.4 4.7 2785.2 -0.0832125992 -0.8940593600 -0.4401517510 0.9063166380 0.1157403737 -0.4064410031 0.4143257141 -0.4327378571 0.8006697893
773.9 66.2 2521.5 0.7425861359 0.5081050992 0.4363428056 -0.5356732607 0.0595171116 0.8423252702 0.4020198882 -0.8592362404 0.3163748682
913.0 -34.1 2596.9 -0.4349468648 0.5081050992 0.7434046268 -0.8433302045 0.0595171116 -0.5340897441 -0.3156190217 -0.8592362404 0.4026135802
493.7 -269.3 2598.6 -0.9560286999 -0.0473877080 -0.2894192636 -0.0805459544 0.9913367033 0.1037494019 0.2819954753 0.1224989593 -0.9515632391
512.1 -654.0 2551.1 -0.9621919394 0.0391305685 -0.2695468366 0.0786872208 0.9873643517 -0.1375496835 0.2607585490 -0.1535590887 -0.9531130791
666.4 -302.3 2564.3 0.3644000292 0.0192852449 0.9310427904 0.1266842633 0.9894645810 -0.0700782165 -0.9225853682 0.1434849799 0.3581177890
658.9 -686.3 2508.6 0.4079095125 -0.1605514437 0.8987953663 -0.0824589506 0.9739164710 0.2113934904 -0.9092911482 -0.1603431404 0.3840309083
419.6 -225.3 2680.0 0 0 0 0 0 0 0 0 0
802.7 -248.1 2516.8 0 0 0 0 0 0 0 0 0
497.5 -1022.3 2608.3 0 0 0 0 0 0 0 0 0
718.8 -1049.6 2568.5 0 0 0 0 0 0 0 0 0
670.8 276.8 2524.5 59 0.9665988684 0.1482832283 0.2090422660 -0.1675380021 0.9828121662 0.0775320455 -0.1939525902 -0.1099649146 0.9748282433
641.9 85.4 2545.9 0.9665988684 0.1482832283 0.2090422660 -0.1675380021 0.9828121662 0.0775320455 -0.1939525902 -0.1099649146 0.9748282433
614.0 -105.6 2565.4 0.9675978422 0.1435011327 0.2077542543 -0.1608023942 0.9845824838 0.0688474476 -0.1946715117 -0.1000240222 0.9757552147
509.8 107.3 2572.5 0.4258048236 -0.9036856294 -0.0451941416 0.3674409688 0.1270569414 0.9213271141 -0.8268478513 -0.4089117050 0.3861525655
397.1 10.1 2791.3 -0.0839849785 -0.9036856294 -0.4198794663 0.8838207126 0.1270569414 -0.4502415955 0.4602254629 -0.4089117050 0.7880252004
774.0 63.5 2519.3 0.7809131742 0.5153424144 0.3529826999 -0.4528120160 0.0777838305 0.8882066011 0.4302741885 -0.8534470201 0.2940956652
920.5 -21.5 2600.0 -0.4478156269 0.5153424144 0.7306731939 -0.8246483803 0.0777838305 -0.5602719784 -0.3455665112 -0.8534470201 0.3901434839
491.7 -273.9 2601.9 -0.9595266581 -0.0538391434 -0.2764235437 -0.0860414952 0.9906669259 0.1057162061 0.2681519985 0.1252214015 -0.9552037120
512.6 -658.4 2553.3 -0.9648818374 0.0517744534 -0.2575314641 0.0843816027 0.9895151854 -0.1172154620 0.2487625331 -0.1348299980 -0.9591340423
663.5 -306.5 2563.2 0.3779092431 0.0078145983 0.9258096814 0.1149029881 0.9918376803 -0.0552745536 -0.9186848998 0.1272670627 0.3739267290
660.4 -691.4 2513.8 0.4157261252 -0.1629186422 0.8947789073 -0.0687777176 0.9753763676 0.2095486075 -0.9068855643 -0.1486556828 0.3942842484
418.4 -213.9 2674.7 0 0 0 0 0 0 0 0 0
807.0 -230.6 2512.4 0 0 0 0 0 0 0 0 0
493.2 -1027.6 2603.6 0 0 0 0 0 0 0 0 0
721.2 -1055.4 2569.3 0 0 0 0 0 0 0 0 0
670.4 277.9 2528.2 60 0.9622876644 0.1442949772 0.2306109667 -0.1642434150 0.9839555025 0.0696826130 -0.2168560773 -0.1049310490 0.9705477357
642.3 86.2 2548.7 0.9622876644 0.1442949772 0.2306109667 -0.1642434150 0.9839555025 0.0696826130 -0.2168560773 -0.1049310490 0.9705477357
615.4 -105.0 2567.3 0.9633523226 0.1387565881 0.2295623571 -0.1568348557 0.9856525064 0.0623858981 -0.2176122516 -0.0961029828 0.9712924957
510.8 107.6 2578.4 0.4367973506 -0.8994325995 -0.0151351327 0.3599250019 0.1593236774 0.9192768931 -0.8244162202 -0.4069851935 0.3933204412
396.3 13.3 2794.5 -0.0770456269 -0.8994325995 -0.4302150011 0.8588084579 0.1593236774 -0.4868922234 0.5064701438 -0.4069851935 0.7601650953
773.8 64.9 2518.9 0.7946437597 0.5185127854 0.3157305717 -0.4317765236 0.1171376705 0.8943421245 0.4267438352 -0.8470084071 0.3169643581
923.2 -16.3 2599.1 -0.4704445302 0.5185127854 0.7140213251 -0.7880911231 0.1171376705 -0.6043104529 -0.3969814777 -0.8470084071 0.3535285294
499.5 -282.2 2602.3 -0.9543318748 -0.0182488877 -0.2981906533 -0.0539771728 0.9922382832 0.1120252833 0.2938318253 0.1230047867 -0.9479096532
506.6 -667.2 2554.5 -0.9587118626 0.0091892881 -0.2842308581 0.0506380647 0.9890211821 -0.1388269961 0.2798345983 -0.1474879831 -0.9486516118
672.8 -311.0 2567.4 0.3565726876 0.0239562504 0.9339603782 0.1096254438 0.9916926026 -0.0672905147 -0.9278136492 0.1263797730 0.3509842753
663.5 -695.9 2518.3 0.3850713074 -0.1492762715 0.9107341170 -0.0465411991 0.9824352264 0.1807069033 -0.9217125177 -0.1119717062 0.3713601232
415.8 -204.2 2666.2 0 0 0 0 0 0 0 0 0
804.1 -215.8 2498.6 0 0 0 0 0 0 0 0 0
503.2 -1035.9 2609.5 0 0 0 0 0 0 0 0 0
719.2 -1062.3 2560.1 0 0 0 0 0 0 0 0 0
675.4 285.9 2537.1 61 0.9562392831 0.1565197706 0.2472004145 -0.1722892821 0.9840913415 0.0433657356 -0.2364801913 -0.0840580016 0.9679934978
644.8 93.9 2553.5 0.9562392831 0.1565197706 0.2472004145 -0.1722892821 0.9840913415 0.0433657356 -0.2364801913 -0.0840580016 0.9679934978
615.6 -97.3 2568.7 0.9574059844 0.1502758265 0.2465581894 -0.1647988260 0.9855462313 0.0392427146 -0.2370972633 -0.0782037079 0.9683331251
514.1 116.4 2585.9 0.4537663758 -0.8909989595 0.0147293787 0.4001607597 0.2185062766 0.8900148273 -0.7962207198 -0.3979646862 0.4556936026
396.8 12.9 2791.8 -0.0474940836 -0.8909989595 -0.4515143335 0.8268943429 0.2185062766 -0.5181705952 0.5603481531 -0.3979646862 0.7263842225
775.6 71.4 2521.1 0.7751604319 0.5070732236 0.3768329024 -0.5125802159 0.1561141610 0.8443281054 0.3693071902 -0.8476468325 0.3809292018
913.3 -19.7 2586.7 -0.4689443409 0.5070732236 0.7231652141 -0.7751843929 0.1561141610 -0.6121417880 -0.4232970178 -0.8476468325 0.3198663592
502.1 -282.3 2605.5 -0.9499429464 -0.0021314325 -0.3124161661 -0.0421231240 0.9917199016 0.1213150397 0.3095707297 0.1284023076 -0.9421671033
503.0 -667.1 2555.7 -0.9532652497 -0.0097425766 -0.3019774854 0.0311439950 0.9909872413 -0.1302853972 0.3005251586 -0.1336013228 -0.9443703294
674.7 -310.3 2566.5 0.3418576121 0.0299485661 0.9392744303 0.1068370864 0.9917734861 -0.0705068335 -0.9336590171 0.1244526431 0.3358457088
663.0 -695.3 2518.2 0.3671292067 -0.1444628090 0.9188833833 -0.0385608785 0.9846531749 0.1702093929 -0.9293703437 -0.0979217887 0.3559243083
408.8 -196.3 2650.0 0 0 0 0 0 0 0 0 0
794.5 -216.1 2479.5 0 0 0 0 0 0 0 0 0
506.6 -1036.7 2605.5 0 0 0 0 0 0 0 0 0
716.9 -1062.7 2554.7 0 0 0 0 0 0 0 0 0
672.4 284.1 2532.5 62 0.9537241459 0.1537389308 0.2584079206 -0.1732328385 0.9833827615 0.0543022193 -0.2457655221 -0.0965540707 0.9645084739
642.4 92.1 2551.4 0.9537241459 0.1537389308 0.2584079206 -0.1732328385 0.9833827615 0.0543022193 -0.2457655221 -0.0965540707 0.9645084739
613.5 -99.0 2569.0 0.9547283053 0.1484750062 0.2577770054 -0.1666930616 0.9847304225 0.0501934551 -0.2463883758 -0.0908907503 0.9648997784
512.0 114.9 2585.0 0.4497847557 -0.8891307116 0.0844997689 0.3819701672 0.2770189941 0.8816797733 -0.8073366284 -0.3642897606 0.4642203450
395.9 16.3 2793.4 -0.0239601601 -0.8891307116 -0.4570256472 0.7667265534 0.2770189941 -0.5791293979 0.6415265203 -0.3642897606 0.6750827432
772.8 69.4 2517.7 0.7788049579 0.5036185384 0.3739400208 -0.5185261965 0.1814253032 0.8355928659 0.3529779017 -0.8446615934 0.4024343491
910.1 -22.1 2580.0 -0.5001086593 0.5036185384 0.7044569850 -0.7360082269 0.1814253032 -0.6522091031 -0.4562709332 -0.8446615934 0.2799350321
500.7 -273.8 2605.2 -0.9462223053 -0.0033620072 -0.3234996200 -0.0455403291 0.9913735390 0.1229005158 0.3202957809 0.1310234964 -0.9382129312
502.0 -658.6 2554.3 -0.9499282837 -0.0112064900 -0.3122669458 0.0311261844 0.9909923077 -0.1302513480 0.3109138012 -0.1334491074 -0.9410228133
672.1 -303.3 2562.7 0.3310472071 0.0271841679 0.9432225227 0.1027483717 0.9926029444 -0.0646694079 -0.9380034804 0.1183232069 0.3258053064
661.6 -688.6 2516.7 0.3550738096 -0.1437188536 0.9237247705 -0.0376232192 0.9851143956 0.1677323431 -0.9340808988 -0.0943108648 0.3443811536
401.9 -177.0 2631.7 0 0 0 0 0 0 0 0 0
783.5 -208.4 2464.5 0 0 0 0 0 0 0 0 0
506.2 -1028.4 2604.1 0 0 0 0 0 0 0 0 0
715.2 -1056.3 2551.9 0 0 0 0 0 0 0 0 0
671.5 285.7 2539.3 63 0.9565044641 0.1457503587 0.2526974380 -0.1602742076 0.9863499999 0.0377610810 -0.2437444180 -0.0766195208 0.9668081999
643.1 93.3 2554.2 0.9565044641 0.1457503587 0.2526974380 -0.1602742076 0.9863499999 0.0377610810 -0.2437444180 -0.0766195208 0.9668081999
615.8 -98.4 2568.1 0.9574254751 0.1405344605 0.2521637082 -0.1539243311 0.9874947071 0.0340811536 -0.2442207336 -0.0714442879 0.9670842290
512.3 114.3 2587.5 0.4757235646 -0.8675616980 0.1449958533 0.4033619463 0.3616607487 0.8405359387 -0.7816560864 -0.3413769305 0.5219919086
394.0 13.9 2782.0 -0.0039918516 -0.8675616980 -0.4973135591 0.6813338995 0.3616607487 -0.6363847852 0.7319618464 -0.3413769305 0.5896555185
773.9 72.2 2520.8 0.7683750987 0.4782111049 0.4253396988 -0.5756081939 0.2258413732 0.7859203815 0.2797765732 -0.8487106562 0.4487931132
903.7 -25.0 2568.1 -0.5235347152 0.4782111049 0.7051422000 -0.7025931478 0.2258413732 -0.6748026013 -0.4819483757 -0.8487106562 0.2177520543
499.2 -275.2 2608.8 -0.9473902583 -0.0208804719 -0.3193990588 -0.0661605224 0.9890950918 0.1315816641 0.3131685257 0.1457908005 -0.9384404421
507.3 -659.0 2552.2 -0.9531019330 0.0154901100 -0.3022527695 0.0595342703 0.9887723923 -0.1370575875 0.2967361510 -0.1486242563 -0.9433231354
670.2 -305.0 2564.6 0.3348905146 0.0217245016 0.9420065880 0.1089369208 0.9921376705 -0.0616085306 -0.9359385967 0.1232514083 0.3298909068
661.8 -690.2 2516.8 0.3584004045 -0.1408442706 0.9228824377 -0.0307921916 0.9862328172 0.1624705046 -0.9330599904 -0.0866470709 0.3491293490
395.0 -157.1 2598.3 0 0 0 0 0 0 0 0 0
771.1 -202.9 2446.1 0 0 0 0 0 0 0 0 0
501.5 -1027.9 2607.6 0 0 0 0 0 0 0 0 0
714.3 -1058.3 2549.1 0 0 0 0 0 0 0 0 0
674.2 289.5 2542.6 64 0.9620755315 0.1415376663 0.2331903726 -0.1528177261 0.9877698421 0.0309427660 -0.2259588540 -0.0654048994 0.9719386697
646.6 96.8 2555.4 0.9620755315 0.1415376663 0.2331903726 -0.1528177261 0.9877698421 0.0309427660 -0.2259588540 -0.0654048994 0.9719386697
620.0 -95.1 2566.9 0.9628677368 0.1372559965 0.2324791700 -0.1472015232 0.9887673259 0.0259005986 -0.2263128012 -0.0591601394 0.9722564220
515.1 117.0 2586.3 0.4743124545 -0.8644301295 0.1666980684 0.5384936333 0.4346758127 0.7218597531 -0.6964569688 -0.2526212335 0.6716622710
401.2 -12.4 2753.6 -0.0112291556 -0.8644301295 -0.5026275516 0.4856575429 0.4346758127 -0.7584152222 0.8740770221 -0.2526212335 0.4149359763
778.1 76.7 2524.5 0.6182154417 0.5029160380 0.6040572524 -0.7697364688 0.2318003178 0.5947893858 0.1591084450 -0.8326728344 0.5304152966
886.4 -58.0 2552.3 -0.5653787255 0.5029160380 0.6537755132 -0.6404593587 0.2318003178 -0.7321751118 -0.5197679996 -0.8326728344 0.1910423040
502.8 -276.2 2603.8 -0.9537544847 -0.0083548045 -0.3004706800 -0.0425172709 0.9933130145 0.1073385924 0.2975646555 0.1151498556 -0.9477319121
506.0 -661.6 2559.1 -0.9562890530 0.0124028279 -0.2921598852 0.0439415611 0.9938505888 -0.1016370729 0.2891027033 -0.1100323796 -0.9509534836
674.3 -303.8 2560.1 0.3522802591 0.0290211607 0.9354444742 0.0801088959 0.9949157238 -0.0610345043 -0.9324597716 0.0964386761 0.3481643200
663.1 -689.9 2522.6 0.3623275757 -0.1301702261 0.9229162931 0.0104887253 0.9907062650 0.1356137246 -0.9319918156 -0.0394563749 0.3603255153
403.9 -131.9 2538.5 0 0 0 0 0 0 0 0 0
744.7 -218.5 2422.1 0 0 0 0 0 0 0 0 0
501.4 -1032.2 2600.2 0 0 0 0 0 0 0 0 0
711.6 -1059.2 2537.4 0 0 0 0 0 0 0 0 0
676.6 289.4 2543.8 65 0.9563769698 0.1504412889 0.2504206598 -0.1623540074 0.9863495827 0.0274894312 -0.2428667694 -0.0669470578 0.9677467942
647.2 96.7 2556.9 0.9563769698 0.1504412889 0.2504206598 -0.1623540074 0.9863495827 0.0274894312 -0.2428667694 -0.0669470578 0.9677467942
618.9 -94.9 2568.9 0.9572794437 0.1455790848 0.2498456091 -0.1563367099 0.9874204993 0.0236551855 -0.2432589829 -0.0617046617 0.9679967165
516.4 118.1 2590.1 0.4895867407 -0.8472962379 0.2058978081 0.5861779451 0.4946345985 0.6416634917 -0.6455232501 -0.1934571862 0.7388328910
404.2 -16.3 2738.1 -0.0799095556 -0.8472962379 -0.5250747800 0.2413749397 0.4946345985 -0.8349100351 0.9671362638 -0.1934571862 0.1649900526
777.9 75.4 2523.6 0.5749664903 0.4259155095 0.6985767484 -0.8160127997 0.2364564389 0.5274575353 0.0594693720 -0.8733180165 0.4835070372
878.2 -67.0 2534.0 -0.6230666637 0.4259155095 0.6560365558 -0.6232368350 0.2364564389 -0.7454288602 -0.4726137817 -0.8733180165 0.1181181297
507.1 -273.8 2598.6 -0.9486717582 0.0072130337 -0.3161800504 -0.0256042480 0.9947065115 0.0995157063 0.3152241409 0.1025032923 -0.9434652925
504.3 -659.7 2558.8 -0.9505409002 -0.0063225217 -0.3105350435 0.0304458644 0.9930812716 -0.1134133413 0.3091036081 -0.1172585264 -0.9437718987
679.6 -300.1 2558.1 0.3367928267 0.0502799451 0.9402353764 0.0830893368 0.9930905700 -0.0828690752 -0.9379054904 0.1060332432 0.3302880526
660.1 -685.5 2516.9 0.3515247703 -0.1382980049 0.9259071350 -0.0108756116 0.9883583188 0.1517549902 -0.9361153841 -0.0634154454 0.3459283412
423.1 -73.6 2508.6 0 0 0 0 0 0 0 0 0
721.6 -223.7 2415.2 0 0 0 0 0 0 0 0 0
506.7 -1030.2 2602.6 0 0 0 0 0 0 0 0 0
711.7 -1054.1 2540.6 0 0 0 0 0 0 0 0 0
669.2 281.8 2536.9 66 0.9537801147 0.1368969977 0.2675120533 -0.1561944634 0.9863494039 0.0521355718 -0.2567231357 -0.0915097743 0.9621430039
642.4 88.8 2554.8 0.9537801147 0.1368969977 0.2675120533 -0.1561944634 0.9863494039 0.0521355718 -0.2567231357 -0.0915097743 0.9621430039
617.0 -102.9 2570.5 0.9549197555 0.1310352534 0.2663795352 -0.1477966160 0.9880478382 0.0437901765 -0.2574576735 -0.0811860934 0.9628729820
512.0 109.0 2590.0 0.5353307724 -0.8120778799 0.2322724164 0.6432501078 0.5701920390 0.5109895468 -0.5474032164 -0.1241391897 0.8276105523
389.7 -37.9 2714.9 -0.2230971754 -0.8120778799 -0.5392190218 -0.1067889184 0.5701920390 -0.8145410419 0.9689291716 -0.1241391897 -0.2139291465
772.8 68.6 2519.6 0.5966073871 0.3711073995 0.7115749717 -0.8011217117 0.2228328735 0.5554723144 0.0475775935 -0.9014570713 0.4302459359
874.5 -68.0 2527.7 -0.6542721987 0.3711073995 0.6589440107 -0.6261367202 0.2228328735 -0.7471936345 -0.4241234660 -0.9014570713 0.0865706205
