134.3 72.3 2561.4 02 0.3637952507 -0.7390261889 0.5670037866 0.8731039166 0.4826438129 0.0688802376 -0.3245651722 0.4699949324 0.8208302259
279.4 -22.5 2469.2 0.3637952507 -0.7390261889 0.5670037866 0.8731039166 0.4826438129 0.0688802376 -0.3245651722 0.4699949324 0.8208302259
424.6 -121.4 2376.5 0.3764828146 -0.7311079502 0.5689831972 0.8646422625 0.4978246093 0.0675601438 -0.3326475918 0.4665316939 0.8195692897
224.4 -148.7 2517.7 -0.5675578713 -0.2289459556 0.7908614278 0.8161808252 -0.2827908099 0.5038633347 0.1082908660 0.9314575195 0.3473614454
371.5 -360.3 2489.7 0.2128508985 -0.2289459556 0.9498832822 0.9191748500 -0.2827908099 -0.2741294801 0.3313790858 0.9314575195 0.1502490938
334.4 103.8 2420.6 -0.8182055950 0.4909075201 0.2992480397 0.4408181906 0.2015325278 0.8746793270 0.3690784574 0.8475815058 -0.3812960088
37.8 263.6 2554.3 -0.9541592598 0.2880268693 0.0813672543 0.1545852870 0.2414624095 0.9580184221 0.2562879026 0.9266803265 -0.2749183178
541.9 -293.9 2311.7 0.5709753633 0.3725134432 0.7315878868 -0.4498363733 0.8874073029 -0.1007748321 -0.6867564321 -0.2715548873 0.6742577553
393.9 -646.4 2419.6 0.5990779996 0.2223540843 0.7691971064 -0.3488374650 0.9371829033 0.0007727575 -0.7207065821 -0.2687877119 0.6390111446
610.3 -135.0 2254.2 0.1792500466 0.1032810807 0.9783672094 -0.1088384837 0.9904515743 -0.0846160799 -0.9777646065 -0.0913165659 0.1887794435
569.2 -528.6 2290.5 0.1786084175 -0.0165333580 0.9837813377 -0.0536222719 0.9982092977 0.0265111178 -0.9824579954 -0.0574876964 0.1774020344
313.4 -610.9 2399.3 0 0 0 0 0 0 0 0 0
-251.5 310.5 2632.1 0 0 0 0 0 0 0 0 0
309.0 -1004.2 2522.2 0 0 0 0 0 0 0 0 0
575.6 -909.9 2312.5 0 0 0 0 0 0 0 0 0
132.3 73.4 2562.6 03 0.3564291894 -0.7335836887 0.5786305070 0.8687525988 0.4881225228 0.0836975202 -0.3438417017 0.4728544950 0.8112838268
276.7 -22.6 2469.6 0.3564291894 -0.7335836887 0.5786305070 0.8687525988 0.4881225228 0.0836975202 -0.3438417017 0.4728544950 0.8112838268
421.2 -122.4 2376.6 0.3681963384 -0.7274171710 0.5790472627 0.8607771993 0.5021001697 0.0834150314 -0.3514172435 0.4677175581 0.8110155463
222.9 -148.3 2520.9 -0.5619258881 -0.1954933703 0.8037547469 0.8195663691 -0.2631751895 0.5089693666 0.1120281592 0.9447333813 0.3081047237
369.3 -361.9 2491.7 0.2412802875 -0.1954933703 0.9505609870 0.9208040237 -0.2631751895 -0.2878519893 0.3064371943 0.9447333813 0.1165120974
330.4 103.1 2418.2 -0.8178867102 0.5002158284 0.2843332887 0.4366280138 0.2177451700 0.8728934526 0.3747229576 0.8380758762 -0.3964991271
43.6 256.2 2549.6 -0.9553617239 0.2872971594 0.0688792318 0.1466063261 0.2586056590 0.9547930360 0.2564967573 0.9222708344 -0.2891815305
535.7 -299.2 2313.9 0.5697641373 0.3638096750 0.7368929982 -0.4450402558 0.8904043436 -0.0954951644 -0.6908748150 -0.2735373378 0.6692304015
391.2 -653.0 2422.6 0.5979867578 0.2216774523 0.7702408433 -0.3431480229 0.9392731786 -0.0039178869 -0.7243350744 -0.2619637549 0.6377410889
604.4 -141.0 2253.3 0.1676751971 0.0950239152 0.9812520146 -0.1200400367 0.9899054766 -0.0753496140 -0.9785067439 -0.1051552668 0.1773892641
566.7 -534.3 2295.1 0.1665624231 -0.0212862249 0.9858011007 -0.0469174199 0.9984634519 0.0294868760 -0.9849140644 -0.0511626527 0.1653078049
303.3 -613.9 2407.8 0 0 0 0 0 0 0 0 0
-248.6 301.1 2628.1 0 0 0 0 0 0 0 0 0
306.5 -1011.8 2522.6 0 0 0 0 0 0 0 0 0
574.8 -915.8 2314.6 0 0 0 0 0 0 0 0 0
129.8 72.3 2556.2 04 0.3685447574 -0.7362515330 0.5675459504 0.8692657351 0.4893206060 0.0703021958 -0.3294720352 0.4674387574 0.8203347921
274.2 -23.7 2464.5 0.3685447574 -0.7362515330 0.5675459504 0.8692657351 0.4893206060 0.0703021958 -0.3294720352 0.4674387574 0.8203347921
419.5 -123.6 2372.9 0.3798619211 -0.7312833667 0.5665064454 0.8616166115 0.5025685430 0.0710048005 -0.3366329372 0.4611393511 0.8209925294
218.7 -149.6 2513.6 -0.5611445308 -0.2130805701 0.7998209000 0.8226707578 -0.2501225770 0.5105404258 0.0912670195 0.9444762468 0.3156500459
364.6 -363.4 2489.9 0.2331054956 -0.2130805701 0.9488195181 0.9257457852 -0.2501225770 -0.2836078703 0.2977524996 0.9444762468 0.1389534920
329.7 102.1 2415.3 -0.8262864351 0.4905817211 0.2767314017 0.4178208113 0.2043803185 0.8852425814 0.3777253926 0.8470880985 -0.3738519251
27.8 254.8 2553.3 -0.9491500854 0.3083446026 0.0635430887 0.1413890272 0.2371581346 0.9611270428 0.2812885642 0.9212380648 -0.2686952055
532.2 -300.9 2315.7 0.5796126723 0.3578113914 0.7321339846 -0.4373157322 0.8946877122 -0.0910430774 -0.6876075268 -0.2674039900 0.6750488877
390.0 -656.4 2422.0 0.6021258235 0.2380360514 0.7620914578 -0.3589681685 0.9333164096 -0.0078979470 -0.7131524086 -0.2688109875 0.6474212408
599.5 -143.2 2251.5 0.1792928576 0.0768625438 0.9807885885 -0.1468457282 0.9878657460 -0.0505730696 -0.9727745652 -0.1349572092 0.1884042025
569.0 -535.6 2305.1 0.1810750365 -0.0013551624 0.9834683537 0.0007196512 0.9999989867 0.0012454392 -0.9834690094 0.0004822362 0.1810758263
300.6 -617.4 2408.2 0 0 0 0 0 0 0 0 0
-261.1 297.8 2639.0 0 0 0 0 0 0 0 0 0
299.1 -1012.9 2524.7 0 0 0 0 0 0 0 0 0
569.5 -917.1 2304.9 0 0 0 0 0 0 0 0 0
127.1 70.8 2560.0 05 0.3559156656 -0.7314407825 0.5816514492 0.8724517226 0.4831154346 0.0736714453 -0.3348911107 0.4812420011 0.8100951314
270.7 -24.1 2465.5 0.3559156656 -0.7314407825 0.5816514492 0.8724517226 0.4831154346 0.0736714453 -0.3348911107 0.4812420011 0.8100951314
414.9 -122.9 2371.0 0.3677815795 -0.7258372307 0.5812890530 0.8644692898 0.4972216487 0.0739152282 -0.3426799476 0.4753218889 0.8103329539
217.0 -150.3 2515.5 -0.4978934824 -0.1489953250 0.8543432951 0.8568918109 -0.2362371534 0.4581795335 0.1335610151 0.9602043629 0.2452938110
346.2 -372.7 2480.8 0.1162727550 -0.1489953250 0.9819781184 0.9601213932 -0.2362371534 -0.1495289952 0.2542588413 0.9602043629 0.1155856624
324.4 102.2 2415.4 -0.8342811465 0.4864067733 0.2595831454 0.4026457071 0.2158940583 0.8895314336 0.3766316772 0.8466393352 -0.3759659231
27.9 245.3 2549.3 -0.9544939399 0.2950825393 0.0432154834 0.1196019500 0.2460059375 0.9618609548 0.2731970847 0.9232590795 -0.2701036334
526.5 -300.2 2309.8 0.5767573118 0.3236247897 0.7500786781 -0.4132753015 0.9076095819 -0.0738128051 -0.7046662569 -0.2674168944 0.6572166085
398.0 -660.6 2416.0 0.5883589983 0.2636215687 0.7644196153 -0.3746542335 0.9266394377 -0.0312014110 -0.7165667415 -0.2680354416 0.6439635754
599.6 -144.5 2250.4 0.1632911265 0.0727293119 0.9838935137 -0.1268092096 0.9905539155 -0.0521758571 -0.9783943295 -0.1162469015 0.1709714085
570.7 -538.0 2296.6 0.1643997878 0.0059420201 0.9863758683 -0.0416038521 0.9991337657 0.0009152616 -0.9855160117 -0.0411875062 0.1645045877
314.5 -634.4 2411.6 0 0 0 0 0 0 0 0 0
-266.2 282.2 2633.5 0 0 0 0 0 0 0 0 0
297.3 -1014.5 2518.4 0 0 0 0 0 0 0 0 0
568.5 -919.1 2312.3 0 0 0 0 0 0 0 0 0
123.4 69.9 2553.4 06 0.3572642505 -0.7407369018 0.5689209700 0.8752950430 0.4780779183 0.0728015229 -0.3259153366 0.4719643295 0.8191635013
268.3 -23.6 2461.1 0.3572642505 -0.7407369018 0.5689209700 0.8752950430 0.4780779183 0.0728015229 -0.3259153366 0.4719643295 0.8191635013
414.1 -121.6 2368.2 0.3696918488 -0.7337987423 0.5699713230 0.8671118021 0.4928663969 0.0721098855 -0.3338338733 0.4675704539 0.8184942603
214.3 -150.3 2509.8 -0.5225379467 -0.1692689955 0.8356447220 0.8446485996 -0.2364439368 0.4802738428 0.1162876636 0.9567874670 0.2665237486
350.2 -370.0 2479.6 0.1537369043 -0.1692689955 0.9735054970 0.9525781870 -0.2364439368 -0.1915439069 0.2626019120 0.9567874670 0.1248917952
322.3 103.0 2412.3 -0.8453590870 0.4752182066 0.2439993024 0.3796579540 0.2131435424 0.9002386928 0.3758029342 0.8536612391 -0.3606032133
24.8 236.6 2544.5 -0.9566937685 0.2873254716 0.0467027165 0.1198133156 0.2424505502 0.9627369642 0.2652957439 0.9266400933 -0.2663763463
523.6 -299.8 2306.9 0.5795913339 0.3277145624 0.7461079359 -0.4305703640 0.9004899859 -0.0610485971 -0.6918692589 -0.2858687341 0.6630203724
393.5 -657.5 2420.4 0.6009872556 0.2541228235 0.7577835321 -0.3596897721 0.9326664805 -0.0275050271 -0.7137489319 -0.2560368180 0.6519260406
592.8 -142.4 2245.2 0.1756222695 0.0687618032 0.9820532799 -0.1413112730 0.9889879823 -0.0439764187 -0.9742627740 -0.1310519576 0.1834051311
565.5 -535.3 2297.3 0.1756786257 -0.0095172375 0.9844015837 -0.0279236827 0.9995027781 0.0146465627 -0.9840514660 -0.0300612058 0.1753255129
308.1 -630.6 2407.7 0 0 0 0 0 0 0 0 0
-267.1 273.2 2625.5 0 0 0 0 0 0 0 0 0
296.4 -1013.7 2518.2 0 0 0 0 0 0 0 0 0
569.1 -916.9 2308.7 0 0 0 0 0 0 0 0 0
113.9 67.3 2550.1 07 0.3522985578 -0.7523544431 0.5566403866 0.8792433739 0.4698484242 0.0785720646 -0.3206506371 0.4617415369 0.8270295858
261.5 -24.9 2459.5 0.3522985578 -0.7523544431 0.5566403866 0.8792433739 0.4698484242 0.0785720646 -0.3206506371 0.4617415369 0.8270295858
409.6 -121.2 2368.5 0.3647984564 -0.7452432513 0.5581527948 0.8712767959 0.4846171141 0.0776081532 -0.3283273578 0.4579942226 0.8261007667
208.2 -152.1 2507.4 -0.5487587452 -0.2740879357 0.7897719145 0.8307500482 -0.2843095362 0.4785628915 0.0933713540 0.9187186360 0.3837158978
351.4 -368.9 2483.1 0.1609893739 -0.2740879357 0.9481340647 0.9282578230 -0.2843095362 -0.2398030609 0.3352906704 0.9187186360 0.2086534649
314.8 102.4 2411.5 -0.8432265520 0.4813699126 0.2392739058 0.3754522800 0.2088307738 0.9030089974 0.3847136199 0.8512771130 -0.3568230867
23.4 232.1 2544.4 -0.9618281126 0.2702195048 0.0432209224 0.1108277664 0.2402358800 0.9643670917 0.2502076030 0.9323455095 -0.2610134482
525.1 -298.5 2305.3 0.5908186436 0.3451952338 0.7292280793 -0.4307721555 0.8992002010 -0.0766445771 -0.6821793318 -0.2688480914 0.6799647212
388.0 -655.6 2412.1 0.6027502418 0.2246026248 0.7656669021 -0.3853302300 0.9221948385 0.0328217484 -0.6987221837 -0.3148179352 0.6423993707
593.8 -140.0 2244.7 0.1899592578 0.0746798590 0.9789475799 -0.1416403204 0.9887564778 -0.0479436368 -0.9715212584 -0.1295511127 0.1984011233
564.1 -532.9 2296.1 0.1901183724 -0.0097947912 0.9817123413 -0.0249116980 0.9995801449 0.0147974622 -0.9814450741 -0.0272693913 0.1897945404
307.4 -622.9 2391.4 0 0 0 0 0 0 0 0 0
-268.4 265.8 2620.4 0 0 0 0 0 0 0 0 0
302.4 -1007.2 2532.1 0 0 0 0 0 0 0 0 0
567.8 -914.7 2306.6 0 0 0 0 0 0 0 0 0
115.2 67.0 2540.9 08 0.3648756444 -0.7515175939 0.5496245027 0.8731681108 0.4811098576 0.0781710371 -0.3231766820 0.4513919055 0.8317464590
261.1 -26.4 2453.2 0.3648756444 -0.7515175939 0.5496245027 0.8731681108 0.4811098576 0.0781710371 -0.3231766820 0.4513919055 0.8317464590
409.4 -124.0 2363.9 0.3731583953 -0.7461717129 0.5513443351 0.8677924871 0.4909162223 0.0770548508 -0.3281600177 0.4496988058 0.8307117224
206.6 -153.2 2501.2 -0.5697442293 -0.2704497278 0.7760466933 0.8181853890 -0.2754026353 0.5047039390 0.0772282630 0.9225022197 0.3781870902
354.1 -365.0 2481.2 0.1880765557 -0.2704497278 0.9441843629 0.9246343374 -0.2754026353 -0.2630679011 0.3311775327 0.9225022197 0.1982703209
315.6 100.3 2405.3 -0.8469986916 0.4763802290 0.2359133214 0.3694012165 0.2083088011 0.9056214094 0.3822773397 0.8542068601 -0.3524127305
19.8 229.4 2538.8 -0.9632724524 0.2662230730 0.0350922085 0.1007273495 0.2370944768 0.9662505984 0.2489180267 0.9342973232 -0.2552025020
523.7 -297.1 2307.3 0.5976458788 0.3466689289 0.7229384780 -0.4277182519 0.9005201459 -0.0782338902 -0.6781419516 -0.2624578178 0.6864687800
386.0 -654.9 2411.6 0.6104235053 0.2134653181 0.7627684474 -0.3769877255 0.9252306223 0.0427620187 -0.6966084838 -0.3136572838 0.6452562809
591.1 -137.6 2247.4 0.1983330399 0.0701491609 0.9776211381 -0.1367624402 0.9896585345 -0.0432674810 -0.9705462456 -0.1251204759 0.2058757395
563.2 -530.8 2297.1 0.1989881098 -0.0063694618 0.9799811840 -0.0179680102 0.9997870922 0.0101466496 -0.9798371792 -0.0196273755 0.1988312900
302.6 -618.6 2390.4 0 0 0 0 0 0 0 0 0
-270.6 259.7 2613.9 0 0 0 0 0 0 0 0 0
304.5 -1008.0 2531.3 0 0 0 0 0 0 0 0 0
565.6 -912.8 2304.6 0 0 0 0 0 0 0 0 0
115.3 67.6 2535.3 09 0.3590454459 -0.7567412257 0.5462866426 0.8693667650 0.4841050506 0.0992154777 -0.3395405710 0.4393005669 0.8317013979
262.5 -26.6 2449.9 0.3590454459 -0.7567412257 0.5462866426 0.8693667650 0.4841050506 0.0992154777 -0.3395405710 0.4393005669 0.8317013979
411.9 -124.6 2362.8 0.3664630055 -0.7516283393 0.5484156609 0.8645622134 0.4929099679 0.0978364348 -0.3438561857 0.4382860065 0.8304626942
209.0 -152.9 2500.1 -0.5720031857 -0.3184755147 0.7559005618 0.8180207014 -0.2894026637 0.4970796704 0.0604519472 0.9026734829 0.4260588288
356.7 -364.1 2484.5 0.2110537887 -0.3184755147 0.9241372347 0.9067060351 -0.2894026637 -0.3068065941 0.3651582003 0.9026734829 0.2276841402
316.1 99.6 2399.6 -0.8569452763 0.4680648744 0.2157778740 0.3541732132 0.2306270748 0.9062960148 0.3744411170 0.8530688286 -0.3634108305
5.3 228.1 2535.4 -0.9602612853 0.2782907188 0.0212740432 0.0953326225 0.2554018795 0.9621234536 0.2623165846 0.9259179831 -0.2717827260
523.2 -301.0 2304.5 0.6017655134 0.3454174399 0.7201146483 -0.4391045272 0.8962275982 -0.0629548058 -0.6671322584 -0.2783215642 0.6909931898
385.9 -657.0 2415.1 0.6240248680 0.2243936360 0.7484921217 -0.3580481112 0.9335169792 0.0186450109 -0.6945462823 -0.2796311378 0.6628814936
591.8 -141.9 2244.5 0.2032917291 0.0736537501 0.9763439894 -0.1366526484 0.9895412922 -0.0461958796 -0.9695352316 -0.1240287572 0.2112305462
562.6 -535.2 2293.7 0.2038303614 -0.0071608112 0.9789800048 -0.0212345868 0.9997056723 0.0117335971 -0.9787759185 -0.0231798999 0.2036183178
298.8 -613.0 2384.3 0 0 0 0 0 0 0 0 0
-287.2 257.1 2615.3 0 0 0 0 0 0 0 0 0
300.3 -1013.3 2521.8 0 0 0 0 0 0 0 0 0
565.3 -917.2 2302.6 0 0 0 0 0 0 0 0 0
110.6 68.9 2541.1 10 0.3613364100 -0.7528514862 0.5501369238 0.8728930354 0.4805696905 0.0843236819 -0.3278623223 0.4497414827 0.8308061957
258.5 -25.6 2452.7 0.3613364100 -0.7528514862 0.5501369238 0.8728930354 0.4805696905 0.0843236819 -0.3278623223 0.4497414827 0.8308061957
406.9 -123.3 2363.8 0.3709201813 -0.7468550205 0.5519291759 0.8666786551 0.4918864667 0.0831615403 -0.3335961103 0.4474989176 0.8297339082
204.3 -152.1 2501.4 -0.5755062103 -0.2146708816 0.7891191244 0.8115665317 -0.2688056231 0.5187516809 0.1007587686 0.9389674664 0.3289190233
355.6 -365.5 2474.9 0.2438114434 -0.2146708816 0.9457654953 0.9161955714 -0.2688056231 -0.2972023189 0.3180277646 0.9389674664 0.1311426312
312.7 101.0 2404.0 -0.8699980974 0.4411835670 0.2201370746 0.3462830782 0.2289083302 0.9097741842 0.3509862125 0.8677315712 -0.3519242108
-3.4 226.8 2531.5 -0.9686893821 0.2481886446 0.0065745306 0.0702362210 0.2485432625 0.9660709500 0.2381337881 0.9362844825 -0.2581930757
527.5 -301.7 2307.2 0.5888482928 0.3661949337 0.7205268741 -0.4532521665 0.8877174854 -0.0807476714 -0.6691936851 -0.2790322304 0.6887095571
382.0 -654.4 2418.0 0.6242055297 0.2052864730 0.7538069487 -0.3224750161 0.9465326667 0.0092600854 -0.7116019726 -0.2488640994 0.6570307016
594.9 -143.2 2244.2 0.1975140125 0.0841934010 0.9766778946 -0.1431819946 0.9880981445 -0.0562221110 -0.9697871804 -0.1287380308 0.2072182149
561.4 -535.9 2295.3 0.1973794103 -0.0134518733 0.9802348614 -0.0184730422 0.9996773005 0.0174384024 -0.9801530838 -0.0215499010 0.1970672160
288.7 -616.9 2387.7 0 0 0 0 0 0 0 0 0
-299.8 248.3 2604.3 0 0 0 0 0 0 0 0 0
303.7 -1015.6 2513.0 0 0 0 0 0 0 0 0 0
566.5 -917.9 2303.6 0 0 0 0 0 0 0 0 0
109.7 69.3 2535.9 11 0.3690192997 -0.7509629130 0.5476124883 0.8694491386 0.4871449769 0.0821462125 -0.3284554183 0.4458076656 0.8326899409
256.2 -25.8 2448.9 0.3690192997 -0.7509629130 0.5476124883 0.8694491386 0.4871449769 0.0821462125 -0.3284554183 0.4458076656 0.8326899409
404.6 -124.4 2360.9 0.3768881559 -0.7466238737 0.5481861830 0.8642816544 0.4963173866 0.0817694813 -0.3331253827 0.4429693222 0.8323494792
201.2 -152.0 2497.6 -0.5570933223 -0.2544030547 0.7905226946 0.8241345286 -0.2865380645 0.4885674715 0.1022217721 0.9236747622 0.3692907989
346.6 -367.1 2470.9 0.1810479164 -0.2544030547 0.9500004053 0.9241024256 -0.2865380645 -0.2528451383 0.3365358412 0.9236747622 0.1832173765
311.3 100.5 2400.2 -0.8657925725 0.4476440549 0.2236470580 0.3507916927 0.2242174298 0.9092149138 0.3568590581 0.8656450510 -0.3511556089
1.7 225.9 2527.9 -0.9683581591 0.2495234311 -0.0045304126 0.0577694811 0.2417799085 0.9686099291 0.2427862287 0.9376996160 -0.2485443950
521.2 -300.4 2305.4 0.5924394131 0.3533991575 0.7239645123 -0.4510935843 0.8900811672 -0.0653462112 -0.6674804688 -0.2878620625 0.6867352128
380.8 -654.1 2419.8 0.6253998876 0.2033786327 0.7533339858 -0.3272307217 0.9447988272 0.0165904872 -0.7083749175 -0.2568897307 0.6574288011
589.3 -141.5 2244.3 0.2032118589 0.0744771585 0.9762981534 -0.1267947853 0.9907088280 -0.0491847433 -0.9708903432 -0.1137945876 0.2107671052
559.7 -535.2 2289.5 0.2029317170 -0.0108393943 0.9791328907 -0.0642678216 0.9976352453 0.0243641492 -0.9770815372 -0.0678709969 0.2017551959
296.9 -620.4 2378.6 0 0 0 0 0 0 0 0 0
-292.2 243.4 2601.5 0 0 0 0 0 0 0 0 0
303.2 -1014.9 2517.9 0 0 0 0 0 0 0 0 0
563.9 -916.0 2315.4 0 0 0 0 0 0 0 0 0
106.4 68.7 2532.8 12 0.3738492131 -0.7556912303 0.5377429724 0.8704164624 0.4861000180 0.0779871196 -0.3203310370 0.4389049113 0.8394941688
254.5 -26.6 2446.8 0.3738492131 -0.7556912303 0.5377429724 0.8704164624 0.4861000180 0.0779871196 -0.3203310370 0.4389049113 0.8394941688
403.4 -125.4 2359.9 0.3834010363 -0.7492672801 0.5400019884 0.8641746044 0.4973412156 0.0765109360 -0.3258923888 0.4373216331 0.8381789327
198.5 -152.9 2494.4 -0.5552951694 -0.2349830270 0.7977657914 0.8249163032 -0.2774784565 0.4924620092 0.1056426018 0.9315517545 0.3479237854
343.0 -367.5 2466.9 0.1497864574 -0.2349830270 0.9603889585 0.9366019368 -0.2774784565 -0.2139685154 0.3167662024 0.9315517545 0.1785230488
310.5 99.6 2399.2 -0.8593250513 0.4558887482 0.2317885906 0.3579910994 0.2125170976 0.9092187881 0.3652435839 0.8642927408 -0.3458253741
7.0 226.1 2528.2 -0.9684324265 0.2489541769 0.0126660904 0.0729089901 0.2342943996 0.9694278836 0.2383755296 0.9397488832 -0.2450492978
518.6 -302.6 2303.9 0.6081017256 0.3267740607 0.7234852910 -0.4230521321 0.9045554399 -0.0529748537 -0.6717433929 -0.2738579214 0.6883041859
388.8 -661.8 2412.7 0.6265816689 0.2519195080 0.7375174165 -0.3607834876 0.9325720072 -0.0120305531 -0.6908188462 -0.2585459948 0.6752209067
587.5 -143.8 2242.3 0.2118041068 0.0727935433 0.9745973945 -0.1340672821 0.9899588227 -0.0448047668 -0.9680728316 -0.1211717948 0.2194365859
558.6 -537.2 2290.5 0.2114126086 -0.0139319617 0.9772976041 -0.0435212925 0.9987724423 0.0236527845 -0.9764274955 -0.0475337543 0.2105467469
301.9 -624.5 2380.0 0 0 0 0 0 0 0 0 0
-285.1 248.1 2600.1 0 0 0 0 0 0 0 0 0
292.7 -1017.7 2511.3 0 0 0 0 0 0 0 0 0
563.9 -918.5 2308.6 0 0 0 0 0 0 0 0 0
104.8 68.6 2539.3 13 0.3527740538 -0.7506048679 0.5586974025 0.8703936934 0.4824000597 0.0985140279 -0.3434607685 0.4515334964 0.8234999776
252.4 -26.2 2450.5 0.3527740538 -0.7506048679 0.5586974025 0.8703936934 0.4824000597 0.0985140279 -0.3434607685 0.4515334964 0.8234999776
400.1 -124.7 2361.2 0.3635768890 -0.7434802651 0.5612922311 0.8633247018 0.4952747524 0.0968160629 -0.3499746919 0.4493773580 0.8219353557
199.4 -152.3 2501.6 -0.5470945835 -0.2120390385 0.8097696900 0.8256011605 -0.2962794900 0.4802095294 0.1380949765 0.9312668443 0.3371525705
342.0 -367.5 2465.6 0.1489569396 -0.2120390385 0.9658422470 0.9320023060 -0.2962794900 -0.2087825686 0.3304292858 0.9312668443 0.1534879804
305.5 99.8 2399.4 -0.8626691103 0.4555128813 0.2197954506 0.3570754826 0.2407605201 0.9025139809 0.3581886590 0.8570544720 -0.3703491390
0.8 225.9 2525.9 -0.9717309475 0.2356468588 0.0144757414 0.0789310336 0.2664761543 0.9606041312 0.2225059122 0.9345913529 -0.2775429785
517.2 -303.7 2303.1 0.5909969211 0.3400881290 0.7314798236 -0.4380994439 0.8967195153 -0.0629521608 -0.6773415208 -0.2832563519 0.6789509058
382.1 -659.9 2415.6 0.6141630411 0.2165738791 0.7588804364 -0.3513720930 0.9360774755 0.0172225032 -0.7066408992 -0.2772268057 0.6510022283
587.5 -145.0 2243.1 0.1889112443 0.0771088228 0.9789620638 -0.1253776103 0.9906473756 -0.0538349897 -0.9739573598 -0.1125698909 0.1968121529
556.8 -538.7 2287.9 0.1877240688 -0.0226016026 0.9819617271 -0.0481328443 0.9983224273 0.0321798511 -0.9810417295 -0.0533055440 0.1863212734
301.0 -623.6 2374.8 0 0 0 0 0 0 0 0 0
-293.0 249.8 2593.2 0 0 0 0 0 0 0 0 0
299.5 -1017.0 2521.4 0 0 0 0 0 0 0 0 0
565.4 -920.0 2308.2 0 0 0 0 0 0 0 0 0
99.6 67.2 2525.5 14 0.3649848998 -0.7680054307 0.5262638927 0.8727914095 0.4790094197 0.0937289447 -0.3240697086 0.4251089692 0.8451397419
249.2 -26.1 2442.7 0.3649848998 -0.7680054307 0.5262638927 0.8727914095 0.4790094197 0.0937289447 -0.3240697086 0.4251089692 0.8451397419
400.2 -123.6 2358.3 0.3746128976 -0.7608343959 0.5299020410 0.8666864634 0.4904045463 0.0914220661 -0.3294234276 0.4250110388 0.8431167603
194.5 -152.7 2490.8 -0.5485153198 -0.2080284655 0.8098487854 0.8277850747 -0.2716875076 0.4908744693 0.1179099306 0.9396329522 0.3212276399
337.3 -368.1 2460.1 0.1114025638 -0.2080284655 0.9717580080 0.9478170872 -0.2716875076 -0.1668192893 0.2987176776 0.9396329522 0.1669062525
303.8 100.5 2394.7 -0.8621435165 0.4538636208 0.2252028584 0.3542402685 0.2221731991 0.9083792567 0.3622462749 0.8629292250 -0.3523219526
-0.2 225.4 2522.4 -0.9772074819 0.2094449401 0.0346180424 0.0884516314 0.2534717023 0.9632903934 0.1929816157 0.9443966150 -0.2662201822
514.6 -302.4 2304.1 0.6137866378 0.3403827250 0.7123240829 -0.4397897720 0.8967328668 -0.0495494902 -0.6556301713 -0.2828600109 0.7000994682
379.3 -658.7 2416.5 0.6396842003 0.2121322602 0.7387855053 -0.3428054750 0.9390126467 0.0271964930 -0.6879596710 -0.2706568837 0.6733916998
581.1 -144.0 2239.8 0.2247733921 0.0629533827 0.9723753333 -0.1279661953 0.9911751747 -0.0345899723 -0.9659718275 -0.1166562736 0.2308457196
556.1 -537.9 2286.2 0.2238592505 -0.0210822262 0.9743934274 -0.0604923405 0.9975378513 0.0354806259 -0.9727423787 -0.0668860078 0.2220327705
306.7 -628.4 2378.1 0 0 0 0 0 0 0 0 0
-294.2 252.0 2580.5 0 0 0 0 0 0 0 0 0
298.3 -1017.2 2519.8 0 0 0 0 0 0 0 0 0
564.2 -918.9 2311.8 0 0 0 0 0 0 0 0 0
95.0 64.3 2520.1 15 0.3629415929 -0.7786356211 0.5118592978 0.8766486049 0.4715226293 0.0956748798 -0.3158490956 0.4139963388 0.8537250161
247.4 -28.1 2439.1 0.3629415929 -0.7786356211 0.5118592978 0.8766486049 0.4715226293 0.0956748798 -0.3158490956 0.4139963388 0.8537250161
400.5 -124.0 2356.5 0.3723033071 -0.7706296444 0.5172235370 0.8708823323 0.4827334881 0.0923708081 -0.3208647966 0.4160508811 0.8508509994
193.1 -155.3 2485.9 -0.5665797591 -0.2462606430 0.7863479257 0.8193061352 -0.2701489329 0.5057242513 0.0878910720 0.9307928085 0.3548237681
338.9 -366.1 2463.3 0.1040637344 -0.2462606430 0.9636007547 0.9474468827 -0.2701489329 -0.1713592559 0.3025147617 0.9307928085 0.2052061558
301.8 99.1 2392.2 -0.8634023070 0.4470003545 0.2339382470 0.3594077229 0.2195392400 0.9069887400 0.3540656865 0.8671754003 -0.3502060771
-0.8 225.1 2516.3 -0.9839445949 0.1742918491 0.0384112559 0.0825274363 0.2534899116 0.9638112187 0.1582475752 0.9515067935 -0.2638038695
518.2 -300.7 2303.2 0.6300266981 0.3205751479 0.7073174119 -0.4225703478 0.9056888819 -0.0340875685 -0.6515371799 -0.2774153054 0.7060737014
390.9 -660.5 2413.4 0.6446372867 0.2566618025 0.7201163173 -0.3736174405 0.9275748730 0.0038531297 -0.6669728756 -0.2715318799 0.6938426495
585.6 -141.6 2243.8 0.2389535159 0.0734466612 0.9682493210 -0.1288974732 0.9907103777 -0.0433399417 -0.9624378681 -0.1144486591 0.2462008297
556.4 -535.3 2289.3 0.2384921312 -0.0157254487 0.9710171223 -0.0416922122 0.9987812638 0.0264151357 -0.9702490568 -0.0467836522 0.2375458330
310.3 -626.5 2380.2 0 0 0 0 0 0 0 0 0
-296.0 249.9 2563.8 0 0 0 0 0 0 0 0 0
292.9 -1014.5 2517.1 0 0 0 0 0 0 0 0 0
562.4 -916.8 2307.1 0 0 0 0 0 0 0 0 0
91.5 62.2 2526.5 16 0.3497646451 -0.7732892036 0.5288558006 0.8799879551 0.4648403823 0.0976965353 -0.3213812113 0.4312159419 0.8430699706
243.2 -28.9 2441.9 0.3497646451 -0.7732892036 0.5288558006 0.8799879551 0.4648403823 0.0976965353 -0.3213812113 0.4312159419 0.8430699706
395.2 -123.7 2356.0 0.3597431183 -0.7654757500 0.5335089564 0.8738816977 0.4767959714 0.0948490798 -0.3269795775 0.4321023822 0.8404593468
190.7 -156.6 2489.6 -0.5727602243 -0.2870899737 0.7678053975 0.8156057596 -0.2933495641 0.4987316132 0.0820545256 0.9118801355 0.4021711946
339.5 -368.6 2468.3 0.0955874994 -0.2870899737 0.9531224370 0.9384291768 -0.2933495641 -0.1824737489 0.3319844306 0.9118801355 0.2413730621
295.7 98.7 2394.1 -0.8647512197 0.4420105219 0.2383946031 0.3662014008 0.2301549315 0.9016236663 0.3436594605 0.8669806123 -0.3608916402
-0.6 224.2 2511.9 -0.9877157807 0.1507216245 0.0412376747 0.0808425024 0.2670446038 0.9602872729 0.1337237656 0.9518246651 -0.2759488821
520.1 -299.9 2302.8 0.6110526323 0.3483603001 0.7108162642 -0.4412332773 0.8954161406 -0.0595240705 -0.6572121978 -0.2772634327 0.7008545399
381.7 -655.6 2412.9 0.6375634670 0.2161258608 0.7394609451 -0.3436204493 0.9388540387 0.0218662098 -0.6895200014 -0.2680349946 0.6728442907
587.7 -140.1 2244.4 0.2212339491 0.0797371790 0.9719555378 -0.1160757542 0.9917198420 -0.0549377464 -0.9682881832 -0.1006663740 0.2286576480
556.0 -534.2 2284.4 0.2209899873 -0.0105043314 0.9752194881 -0.0617360137 0.9977859259 0.0247371122 -0.9733201265 -0.0656728148 0.2198521942
313.3 -626.5 2377.0 0 0 0 0 0 0 0 0 0
-296.8 248.5 2552.0 0 0 0 0 0 0 0 0 0
299.2 -1013.8 2515.2 0 0 0 0 0 0 0 0 0
560.0 -915.3 2309.5 0 0 0 0 0 0 0 0 0
90.2 60.6 2521.1 17 0.3427074850 -0.7788722515 0.5252709389 0.8793731332 0.4626905918 0.1123403311 -0.3305366933 0.4234092534 0.8434868455
242.0 -29.6 2438.6 0.3427074850 -0.7788722515 0.5252709389 0.8793731332 0.4626905918 0.1123403311 -0.3305366933 0.4234092534 0.8434868455
395.3 -123.7 2354.2 0.3518438041 -0.7714739442 0.5301262736 0.8738548160 0.4737169743 0.1094077080 -0.3355350196 0.4247589707 0.8408305645
190.6 -157.2 2487.6 -0.5789602995 -0.2221794873 0.7845006585 0.8090927601 -0.2755773962 0.5190626383 0.1008655727 0.9352504611 0.3393121958
340.4 -366.5 2461.5 0.1164729223 -0.2221794873 0.9680239558 0.9448549747 -0.2755773962 -0.1769353747 0.3060769141 0.9352504611 0.1778301001
293.4 98.1 2389.6 -0.8632465601 0.4470008016 0.2345115840 0.3682563901 0.2399335206 0.8982310891 0.3452428281 0.8617553115 -0.3717326820
-1.9 224.0 2507.7 -0.9902924895 0.1325237453 0.0419313684 0.0780443773 0.2804926634 0.9566780925 0.1150211170 0.9506636262 -0.2881125212
514.6 -298.6 2300.0 0.6169086099 0.3381055892 0.7107098103 -0.4433236122 0.8954159617 -0.0411630683 -0.6502983570 -0.2896805704 0.7022799850
380.3 -654.3 2415.0 0.6452823281 0.2185333371 0.7320203781 -0.3406924307 0.9399681687 0.0197104085 -0.6837685108 -0.2621125877 0.6809975505
580.2 -138.3 2240.2 0.2255372107 0.0652528629 0.9720468521 -0.1187709123 0.9921537042 -0.0390450396 -0.9669676423 -0.1066447794 0.2315177172
554.3 -532.5 2282.6 0.2248733938 -0.0186094455 0.9742102623 -0.0669564754 0.9971591234 0.0345031321 -0.9720847607 -0.0729885250 0.2229885310
308.4 -626.2 2377.4 0 0 0 0 0 0 0 0 0
-297.6 247.4 2542.0 0 0 0 0 0 0 0 0 0
296.8 -1013.3 2515.1 0 0 0 0 0 0 0 0 0
561.4 -913.5 2310.5 0 0 0 0 0 0 0 0 0
92.1 61.8 2518.4 18 0.3136292398 -0.7750587463 0.5485623479 0.8649802804 0.4715247750 0.1716783643 -0.3917215466 0.4206522703 0.8182945251
243.0 -30.1 2436.5 0.3136292398 -0.7750587463 0.5485623479 0.8649802804 0.4715247750 0.1716783643 -0.3917215466 0.4206522703 0.8182945251
395.6 -125.6 2352.4 0.3205703199 -0.7677105665 0.5548470020 0.8606962562 0.4806716740 0.1677994579 -0.3955206573 0.4237632155 0.8148546815
196.3 -155.5 2494.2 -0.5587335825 -0.2219541669 0.7990952134 0.8179333806 -0.3067764640 0.4866961539 0.1371193528 0.9255401492 0.3529500365
340.8 -367.0 2458.7 0.1381907761 -0.2219541669 0.9652148485 0.9297378659 -0.3067764640 -0.2036557198 0.3413074315 0.9255401492 0.1639655232
289.7 95.4 2378.9 -0.8512964249 0.4834583998 0.2038686126 0.3761448562 0.2914461195 0.8795306683 0.3657997549 0.8254254460 -0.4299574196
-0.7 223.7 2503.7 -0.9926841259 0.1146490797 0.0378663391 0.0756549165 0.3462090492 0.9351019263 0.0940989032 0.9311255813 -0.3523499668
516.4 -298.0 2300.4 0.6098158956 0.3479964733 0.7120555043 -0.4537107944 0.8899418712 -0.0463679619 -0.6498239040 -0.2947913706 0.7005904317
378.2 -651.6 2417.6 0.6453918815 0.2206013799 0.7313031554 -0.3296052516 0.9440991879 0.0060918503 -0.6890788674 -0.2449730039 0.6820253134
580.8 -137.7 2239.0 0.1998195499 0.0702450126 0.9773114920 -0.1042833552 0.9932863712 -0.0500716120 -0.9742674828 -0.0919120386 0.2058034241
552.9 -532.4 2275.5 0.1999458522 -0.0325480439 0.9792661667 -0.1080911309 0.9926149845 0.0550616905 -0.9738264680 -0.1168593466 0.1949511021
302.8 -622.4 2364.9 0 0 0 0 0 0 0 0 0
-297.0 246.3 2531.8 0 0 0 0 0 0 0 0 0
293.9 -1012.1 2511.1 0 0 0 0 0 0 0 0 0
565.3 -911.2 2320.2 0 0 0 0 0 0 0 0 0
94.0 59.0 2520.1 19 0.2934735417 -0.7706798315 0.5656199455 0.8594880700 0.4717431962 0.1968211383 -0.4185134470 0.4283818007 0.8008342981
244.5 -33.1 2436.4 0.2934735417 -0.7706798315 0.5656199455 0.8594880700 0.4717431962 0.1968211383 -0.4185134470 0.4283818007 0.8008342981
396.2 -128.6 2350.7 0.2998454273 -0.7633448839 0.5721864700 0.8555326462 0.4805344641 0.1927448213 -0.4220860898 0.4317305386 0.7971524596
200.8 -157.9 2498.0 -0.5423087478 -0.1512180269 0.8264588714 0.8207242489 -0.3058041930 0.4825924933 0.1797579080 0.9400089979 0.2899485826
339.4 -367.6 2452.0 0.1470458657 -0.1512180269 0.9775022268 0.9334051013 -0.3058041930 -0.1877197474 0.3273108900 0.9400089979 0.0961804390
288.2 91.7 2374.9 -0.8505785465 0.4863692820 0.1999025643 0.3869897127 0.3215911984 0.8641863465 0.3560267985 0.8124186397 -0.4617584944
-0.2 222.9 2495.6 -0.9916058183 0.1255517453 0.0308978762 0.0765382051 0.3773770332 0.9228913784 0.1042104736 0.9175093174 -0.3838187754
518.9 -299.9 2304.4 0.6042049527 0.3622590601 0.7097216249 -0.4489803016 0.8906070590 -0.0723584592 -0.6582955718 -0.2749316990 0.7007563710
375.0 -653.7 2413.6 0.6324008107 0.2077033222 0.7462764382 -0.3429149091 0.9389103055 0.0292718261 -0.6946067810 -0.2744208574 0.6649922132
577.5 -142.3 2232.0 0.1779103875 0.0618410110 0.9821016192 -0.1170589551 0.9922668934 -0.0412755460 -0.9770594239 -0.1076204404 0.1837736368
552.9 -536.6 2274.8 0.1774601787 -0.0280362088 0.9837285280 -0.1002076492 0.9938839078 0.0464026444 -0.9790129066 -0.1068117470 0.1735653728
299.0 -624.2 2362.1 0 0 0 0 0 0 0 0 0
-296.3 245.8 2526.7 0 0 0 0 0 0 0 0 0
295.7 -1012.2 2518.4 0 0 0 0 0 0 0 0 0
563.6 -916.2 2315.6 0 0 0 0 0 0 0 0 0
88.8 58.8 2508.9 20 0.3133517802 -0.7813739181 0.5396901965 0.8635529876 0.4708931148 0.1803770661 -0.3950783312 0.4095296264 0.8223129511
241.9 -33.5 2428.7 0.3133517802 -0.7813739181 0.5396901965 0.8635529876 0.4708931148 0.1803770661 -0.3950783312 0.4095296264 0.8223129511
395.6 -129.0 2346.8 0.3209574223 -0.7737599611 0.5461518168 0.8588985801 0.4807995856 0.1764227450 -0.3990984261 0.4124648571 0.8188975453
195.1 -158.8 2486.9 -0.5547103882 -0.1567590237 0.8171432018 0.8169577718 -0.2887797058 0.4991855919 0.1577225178 0.9444749355 0.2882545888
339.2 -371.0 2445.9 0.1496785432 -0.1567590237 0.9762289524 0.9383053184 -0.2887797058 -0.1902350783 0.3117361665 0.9444749355 0.1038637012
288.7 91.9 2370.5 -0.8577676415 0.4716029465 0.2045124471 0.3745848835 0.3010049164 0.8769733310 0.3520239592 0.8288465738 -0.4348476231
-11.0 222.8 2493.5 -0.9925096035 0.1167940274 0.0358305238 0.0752006844 0.3529389501 0.9326193929 0.0962783918 0.9283282161 -0.3590782881
520.5 -302.5 2303.5 0.6184799075 0.3675341308 0.6945511699 -0.4547408819 0.8882418275 -0.0650939643 -0.6408536434 -0.2755815089 0.7164924741
374.4 -655.4 2413.0 0.6467463374 0.2070125639 0.7340741754 -0.3488583267 0.9361722469 0.0433518030 -0.6782455444 -0.2841255367 0.6776840687
575.3 -145.8 2226.3 0.2090207487 0.0584010333 0.9761657715 -0.1228851527 0.9918711782 -0.0330279507 -0.9701595306 -0.1130527556 0.2144982666
552.1 -539.9 2271.2 0.2092526704 -0.0349717066 0.9772360325 -0.1293252558 0.9895921350 0.0631059185 -0.9692720175 -0.1395863742 0.2025520653
298.0 -629.0 2360.2 0 0 0 0 0 0 0 0 0
-308.9 245.3 2522.4 0 0 0 0 0 0 0 0 0
295.4 -1013.0 2521.6 0 0 0 0 0 0 0 0 0
565.5 -917.8 2324.5 0 0 0 0 0 0 0 0 0
87.9 57.4 2502.8 21 0.3191211522 -0.7877739668 0.5268527865 0.8655780554 0.4686536491 0.1764608324 -0.3859227300 0.3997198045 0.8314371705
242.0 -34.2 2424.7 0.3191211522 -0.7877739668 0.5268527865 0.8655780554 0.4686536491 0.1764608324 -0.3859227300 0.3997198045 0.8314371705
396.7 -129.8 2344.7 0.3284426033 -0.7790418863 0.5340592265 0.8599311113 0.4805223644 0.1720951796 -0.3906967342 0.4027307332 0.8277463317
194.0 -159.8 2481.7 -0.5676559806 -0.3511104286 0.7446396351 0.8181547523 -0.3412252963 0.4628046155 0.0915943608 0.8719442487 0.4809612334
340.3 -370.7 2458.1 0.1720912755 -0.3511104286 0.9203836322 0.8918514848 -0.3412252963 -0.2969279289 0.4183126688 0.8719442487 0.2544164658
289.9 91.3 2367.7 -0.8634424806 0.4562750459 0.2151283473 0.3761562407 0.2982124686 0.8772547245 0.3361154795 0.8383808136 -0.4291200042
-9.5 221.7 2484.2 -0.9891467094 0.1437183470 0.0305580143 0.0786340684 0.3421078920 0.9363647103 0.1241186485 0.9286049604 -0.3496960700
519.9 -303.3 2301.4 0.6225932837 0.3631862700 0.6931618452 -0.4645049572 0.8843669891 -0.0461541191 -0.6297719479 -0.2932418585 0.7193027735
375.6 -654.7 2417.9 0.6613922715 0.2220163345 0.7164279222 -0.3323523700 0.9430426359 0.0145784812 -0.6723853946 -0.2477486283 0.6975087523
578.7 -146.0 2228.3 0.2227508128 0.0774351954 0.9717952013 -0.1285539865 0.9904685616 -0.0494565330 -0.9663622379 -0.1139116585 0.2305822670
547.9 -539.5 2273.6 0.2212179750 -0.0521158502 0.9738308787 -0.0973202288 0.9924067259 0.0752174780 -0.9703563452 -0.1114128977 0.2144662738
293.3 -614.3 2343.8 0 0 0 0 0 0 0 0 0
-305.0 245.2 2521.3 0 0 0 0 0 0 0 0 0
290.9 -1014.7 2512.5 0 0 0 0 0 0 0 0 0
567.8 -918.4 2316.1 0 0 0 0 0 0 0 0 0
90.7 56.1 2499.8 22 0.3096900880 -0.7838151455 0.5382619500 0.8587665558 0.4735859931 0.1955412030 -0.4081814587 0.4016841650 0.8197790980
243.3 -36.0 2421.6 0.3096900880 -0.7838151455 0.5382619500 0.8587665558 0.4735859931 0.1955412030 -0.4081814587 0.4016841650 0.8197790980
397.3 -132.7 2341.7 0.3200793862 -0.7754735351 0.5442333221 0.8523697853 0.4864706397 0.1918645948 -0.4135394692 0.4024761617 0.8166995049
196.5 -160.5 2482.0 -0.5664614439 -0.4064950049 0.7168564796 0.8206799626 -0.3572931588 0.4458990991 0.0748721436 0.8408944011 0.5359951258
342.1 -371.4 2462.7 0.1853171587 -0.4064950049 0.8946616054 0.8689914346 -0.3572931588 -0.3423382938 0.4588152468 0.8408944011 0.2870281339
290.0 88.4 2361.3 -0.8648735285 0.4596363306 0.2018123269 0.3735612631 0.3207508028 0.8703854680 0.3353293240 0.8281626105 -0.4491112232
-18.4 221.6 2480.8 -0.9883425236 0.1503371149 0.0240369141 0.0781036615 0.3651452661 0.9276684523 0.1306860298 0.9187315702 -0.3726305068
521.4 -304.1 2300.5 0.6204177141 0.3708200753 0.6910675168 -0.4652123451 0.8834022880 -0.0563726760 -0.6313947439 -0.2865185142 0.7205885053
374.1 -655.1 2414.3 0.6532626748 0.2064669579 0.7284361720 -0.3448393345 0.9376538992 0.0434850790 -0.6740428209 -0.2796006501 0.6837322116
581.6 -146.5 2228.9 0.2114402950 0.0862310827 0.9735795856 -0.1373154521 0.9888418317 -0.0577609539 -0.9676969647 -0.1214745194 0.2209218591
547.3 -539.4 2277.2 0.2082333863 -0.0501155108 0.9767944217 -0.0617858917 0.9960178137 0.0642733276 -0.9761257172 -0.0737359673 0.2043077201
291.4 -609.3 2337.1 0 0 0 0 0 0 0 0 0
-315.4 245.1 2520.1 0 0 0 0 0 0 0 0 0
295.2 -1013.1 2521.1 0 0 0 0 0 0 0 0 0
566.4 -919.6 2305.3 0 0 0 0 0 0 0 0 0
94.2 56.1 2498.3 23 0.3112754226 -0.7782747746 0.5453402400 0.8533847332 0.4814136922 0.1999383420 -0.4181412160 0.4031491578 0.8140200973
245.5 -37.5 2419.9 0.3112754226 -0.7782747746 0.5453402400 0.8533847332 0.4814136922 0.1999383420 -0.4181412160 0.4031491578 0.8140200973
398.9 -135.4 2340.1 0.3205028772 -0.7719569206 0.5489630699 0.8475878835 0.4924675524 0.1976624280 -0.4229333699 0.4019430876 0.8121386170
198.7 -161.3 2481.7 -0.5600802302 -0.4765135348 0.6776761413 0.8257325292 -0.3871637285 0.4102073014 0.0669022873 0.7893282771 0.6103155017
342.9 -373.9 2464.4 0.1931195557 -0.4765135348 0.8576943874 0.8297905326 -0.3871637285 -0.4019351602 0.5235956907 0.7893282771 0.3206375539
292.3 86.3 2358.1 -0.8712661862 0.4482545555 0.1999078393 0.3707070947 0.3340661526 0.8665887713 0.3216699064 0.8291367292 -0.4572316706
-23.9 220.8 2474.9 -0.9882085919 0.1514634788 0.0224182252 0.0786544159 0.3765515685 0.9230505824 0.1313668489 0.9139298201 -0.3840247691
522.1 -307.5 2299.6 0.6167513132 0.3778976202 0.6905151606 -0.4705952108 0.8802111149 -0.0613882057 -0.6309975982 -0.2870918810 0.7207081914
371.9 -657.3 2413.7 0.6500864625 0.1945597678 0.7345298529 -0.3436909020 0.9374188185 0.0558790267 -0.6776903272 -0.2887774110 0.6762717366
580.7 -151.3 2223.8 0.2065135986 0.0877900943 0.9744973183 -0.1420277357 0.9881076813 -0.0589179732 -0.9680806994 -0.1262382865 0.2165262997
545.8 -543.9 2274.0 0.2043233067 -0.0480538383 0.9777233005 -0.0913349986 0.9935015440 0.0679163858 -0.9746332169 -0.1031772569 0.1986065209
290.1 -601.0 2321.1 0 0 0 0 0 0 0 0 0
-322.5 244.6 2514.6 0 0 0 0 0 0 0 0 0
297.6 -1015.3 2524.0 0 0 0 0 0 0 0 0 0
564.2 -923.2 2313.4 0 0 0 0 0 0 0 0 0
91.5 56.8 2496.5 24 0.3124561310 -0.7795942426 0.5427743196 0.8538621664 0.4808869362 0.1991660446 -0.4162817895 0.4012238383 0.8159221411
243.7 -37.0 2418.2 0.3124561310 -0.7795942426 0.5427743196 0.8538621664 0.4808869362 0.1991660446 -0.4162817895 0.4012238383 0.8159221411
396.9 -135.4 2338.7 0.3242246509 -0.7711415887 0.5479224920 0.8464553952 0.4951022565 0.1959259510 -0.4223642945 0.4002679586 0.8132613301
196.3 -160.7 2479.9 -0.5527300239 -0.5319340229 0.6415104866 0.8322725296 -0.3916672766 0.3923254311 0.0425674282 0.7507615685 0.6592003107
340.8 -378.1 2468.8 0.1773915887 -0.5319340229 0.8279966116 0.8153868914 -0.3916672766 -0.4263108373 0.5510684252 0.7507615685 0.3642535508
291.0 86.6 2356.5 -0.8792379498 0.4308935702 0.2031536400 0.3666254580 0.3397512734 0.8661147952 0.3041816056 0.8360022902 -0.4566987455
-29.4 220.2 2467.4 -0.9828863144 0.1838213652 0.0120100677 0.0810997039 0.3732556403 0.9241769910 0.1654006541 0.9093348980 -0.3817757070
522.9 -311.0 2299.0 0.6155261397 0.3824772835 0.6890853643 -0.4749546051 0.8777562380 -0.0629455149 -0.6289242506 -0.2885396481 0.7219412327
370.9 -659.8 2413.6 0.6494526863 0.1854415983 0.7374432683 -0.3421017528 0.9373726845 0.0655657351 -0.6791005731 -0.2948624790 0.6722190976
581.6 -155.6 2221.4 0.2081396431 0.0824623033 0.9746167660 -0.1419460177 0.9884374142 -0.0533176064 -0.9677444100 -0.1272454560 0.2174382210
548.9 -548.4 2272.0 0.2066253424 -0.0370231457 0.9777194262 -0.0952508524 0.9937760830 0.0577609055 -0.9737727046 -0.1050634757 0.2018128335
292.1 -601.8 2317.6 0 0 0 0 0 0 0 0 0
-327.6 244.8 2517.6 0 0 0 0 0 0 0 0 0
300.1 -1017.9 2526.3 0 0 0 0 0 0 0 0 0
563.0 -927.9 2312.1 0 0 0 0 0 0 0 0 0
93.9 55.2 2495.6 25 0.3018785715 -0.7798954844 0.5482994914 0.8517224193 0.4790118337 0.2124065906 -0.4282968938 0.4028779566 0.8088579178
245.6 -38.0 2417.3 0.3018785715 -0.7798954844 0.5482994914 0.8517224193 0.4790118337 0.2124065906 -0.4282968938 0.4028779566 0.8088579178
398.9 -136.1 2337.5 0.3142060935 -0.7712772489 0.5535394549 0.8439903855 0.4939120114 0.2091199905 -0.4346892834 0.4014751911 0.8061407208
199.8 -161.2 2480.7 -0.5414787531 -0.5122514367 0.6666327715 0.8390827179 -0.3786642551 0.3905810416 0.0523542985 0.7708513737 0.6348599792
339.1 -377.2 2467.3 0.1655949503 -0.5122514367 0.8427198529 0.8371642828 -0.3786642551 -0.3946762383 0.5212813616 0.7708513737 0.3661337197
291.5 85.3 2353.8 -0.8819630742 0.4279926717 0.1973915994 0.3650841713 0.3554955423 0.8604280353 0.2980850935 0.8309302926 -0.4697872996
-33.4 219.8 2463.6 -0.9861592054 0.1657150239 -0.0053411308 0.0599501133 0.3864235282 0.9203710556 0.1545832455 0.9073122144 -0.3910097480
520.4 -311.4 2297.9 0.6172378063 0.3739028871 0.6922529340 -0.4687486589 0.8814173341 -0.0581219494 -0.6318957210 -0.2886175513 0.7193105817
