-805.3 478.8 2653.7 21 0.9595780373 0.0686566085 -0.2729400694 0.0120344842 0.9588925838 0.2835140228 0.2811853290 -0.2753385305 0.9193059802
-819.3 284.0 2709.6 0.9595780373 0.0686566085 -0.2729400694 0.0120344842 0.9588925838 0.2835140228 0.2811853290 -0.2753385305 0.9193059802
-831.5 95.4 2760.8 0.9597095847 0.0624628998 -0.2739633322 0.0139629049 0.9631745815 0.2685140669 0.2806466818 -0.2615208328 0.9234957099
-956.0 282.0 2669.6 0.6716845632 -0.5715787411 -0.4713147879 0.4027404189 -0.2522502840 0.8798692822 -0.6218038201 -0.7808121443 0.0607652403
-1129.1 178.2 2829.8 -0.2198722512 -0.5715787411 -0.7905402780 0.9638600349 -0.2522502840 -0.0856947973 -0.1504326761 -0.7808121443 0.6063847542
-682.5 286.0 2749.6 0.0736668408 0.9920494556 0.1020346209 -0.7529271841 -0.0117664225 0.6579986215 0.6539677382 -0.1252973229 0.7460741997
-664.4 100.9 2910.4 -0.0144388098 0.9920494556 0.1250175536 -0.9996867776 -0.0117664225 -0.0220882185 -0.0204415973 -0.1252973229 0.9919086099
-927.6 -96.2 2778.8 0.9648688436 -0.1109391600 -0.2381609380 0.0608086064 0.9761610031 -0.2083555609 0.2555982172 0.1865535527 0.9486133456
-884.2 -478.2 2705.8 0.9630856514 -0.1153707281 -0.2432192713 0.0771592632 0.9839037657 -0.1611825973 0.2579001188 0.1364660263 0.9564855099
-753.8 -94.8 2828.3 0.1365237385 -0.1486942023 0.9794137478 0.4658186734 0.8821858168 0.0690010861 -0.8742849827 0.4468089342 0.1897038370
-695.6 -439.9 2653.5 0.1694315523 -0.1723610312 0.9703528285 0.3044683635 0.9455794096 0.1147979349 -0.9373323917 0.2759913504 0.2126894742
-1071.6 -73.9 2869.2 0 0 0 0 0 0 0 0 0
-668.1 -154.6 2905.2 0 0 0 0 0 0 0 0 0
-847.6 -790.6 2662.4 0 0 0 0 0 0 0 0 0
-628.4 -808.3 2546.0 0 0 0 0 0 0 0 0 0
-806.9 478.6 2655.0 22 0.9435438514 0.0707866326 -0.3235957623 0.0291946195 0.9553274512 0.2941040397 0.3299585283 -0.2869473100 0.8993267417
-821.3 284.0 2713.4 0.9435438514 0.0707866326 -0.3235957623 0.0291946195 0.9553274512 0.2941040397 0.3299585283 -0.2869473100 0.8993267417
-833.8 96.0 2766.8 0.9436931610 0.0632861927 -0.3247122467 0.0313275047 0.9600255489 0.2781537175 0.3293353617 -0.2726641893 0.9039869905
-955.6 279.5 2666.6 0.6972869635 -0.5271841288 -0.4856622219 0.4035370350 -0.2712604403 0.8738281727 -0.5924092531 -0.8052916527 0.0235919654
-1135.1 175.6 2819.1 -0.2238043398 -0.5271841288 -0.8197490573 0.9585434198 -0.2712604403 -0.0872486308 -0.1763693839 -0.8052916527 0.5660381317
-687.0 288.5 2760.3 0.0744104534 0.9933024645 0.0883930922 -0.7498376966 -0.0027046688 0.6616163254 0.6574241519 -0.1155116409 0.7446143627
-668.9 106.4 2919.9 -0.0080465619 0.9933024645 0.1152627766 -0.9989179969 -0.0027046688 -0.0464269742 -0.0458042808 -0.1155116409 0.9922494888
-930.5 -94.5 2786.7 0.9537107348 -0.1078604013 -0.2807169855 0.0439952426 0.9734651446 -0.2245664150 0.2974900007 0.2018211782 0.9331494570
-888.3 -475.6 2707.7 0.9496665001 -0.1254080981 -0.2870649993 0.0810373276 0.9835268259 -0.1615794152 0.3025994897 0.1301835924 0.9441852570
-757.0 -92.0 2837.4 0.1700650901 -0.1603540629 0.9722985625 0.4818969965 0.8741791844 0.0598831922 -0.8595656753 0.4583636820 0.2259415090
-694.3 -434.2 2658.0 0.2058005184 -0.1389334798 0.9686813951 0.2774162591 0.9575458169 0.0783980787 -0.9384489059 0.2525936067 0.2356058210
-1076.6 -75.0 2865.2 0 0 0 0 0 0 0 0 0
-671.0 -149.1 2908.2 0 0 0 0 0 0 0 0 0
-848.1 -791.0 2665.9 0 0 0 0 0 0 0 0 0
-640.1 -807.6 2559.5 0 0 0 0 0 0 0 0 0
-811.6 479.7 2666.1 23 0.9567250013 0.0568294376 -0.2853904665 0.0287066773 0.9575285316 0.2869059145 0.2895742059 -0.2826826572 0.9144601226
-823.3 282.9 2724.2 0.9567250013 0.0568294376 -0.2853904665 0.0287066773 0.9575285316 0.2869059145 0.2895742059 -0.2826826572 0.9144601226
-833.1 94.7 2777.4 0.9569017887 0.0498824827 -0.2860955298 0.0318859741 0.9611357450 0.2742286325 0.2886558473 -0.2715322971 0.9181219935
-959.5 278.3 2683.2 0.6705351472 -0.5608941913 -0.4855722189 0.4069816470 -0.2691322863 0.8728881478 -0.6202810407 -0.7829211354 0.0478109792
-1132.1 173.6 2842.8 -0.2328761518 -0.5608941913 -0.7944598198 0.9587910175 -0.2691322863 -0.0910364836 -0.1627529711 -0.7829211354 0.6004547477
-687.2 287.5 2765.3 0.0190091375 0.9982789159 -0.0554781184 -0.7175576091 0.0522616319 0.6945356727 0.6962397099 0.0266062208 0.7173160911
-682.4 108.5 2938.9 0.0568516403 0.9982789159 -0.0143895801 -0.9737521410 0.0522616319 -0.2215298712 -0.2203965783 0.0266062208 0.9750474095
-931.4 -94.8 2790.5 0.9651595950 -0.1018009186 -0.2410468310 0.0481709577 0.9745974541 -0.2187220454 0.2571897507 0.1994902194 0.9455459118
-891.5 -476.5 2712.3 0.9559841156 -0.1551406533 -0.2490496188 0.1250872314 0.9832768440 -0.1323624253 0.2654195130 0.0953834429 0.9594031572
-761.1 -89.1 2849.9 0.9131836295 -0.2273823321 -0.3382202983 -0.0087219980 0.8187961578 -0.5740180612 0.4074550569 0.5271338224 0.7457280159
-672.6 -407.8 2644.8 0.9131836295 -0.0078608161 -0.4074725807 -0.0087219980 0.9992080331 -0.0388231650 0.4074550569 0.0390066542 0.9123918414
-1071.2 -77.2 2885.4 0 0 0 0 0 0 0 0 0
-668.1 -136.3 2883.5 0 0 0 0 0 0 0 0 0
-843.1 -783.8 2682.5 0 0 0 0 0 0 0 0 0
-669.5 -799.2 2629.5 0 0 0 0 0 0 0 0 0
-814.1 483.3 2670.7 24 0.9431588054 0.0458368212 -0.3291662633 0.0559994839 0.9543631673 0.2933513820 0.3275904655 -0.2951100767 0.8975492120
-823.5 287.4 2731.3 0.9431588054 0.0458368212 -0.3291662633 0.0559994839 0.9543631673 0.2933513820 0.3275904655 -0.2951100767 0.8975492120
-830.6 99.7 2786.7 0.9433791637 0.0355453305 -0.3298063874 0.0611790679 0.9585423470 0.2783049643 0.3260258436 -0.2827243805 0.9020942450
-957.7 278.6 2684.9 0.8220254183 -0.4243928492 -0.3796906173 0.2929313481 -0.2566393018 0.9210469723 -0.4883292615 -0.8683472872 -0.0866460726
-1135.0 215.4 2790.3 -0.2041702569 -0.4243928492 -0.8821594119 0.9614185095 -0.2566393018 -0.0990491807 -0.1843610257 -0.8683472872 0.4604172409
-689.4 296.1 2777.6 -0.0013258759 0.9967309237 -0.0807816535 -0.7218306661 0.0549525991 0.6898845434 0.6920683980 0.0592253767 0.7193981409
-689.7 101.4 2964.3 0.0672803000 0.9967309237 -0.0447302461 -0.9704130292 0.0549525991 -0.2351143509 -0.2318876982 0.0592253767 0.9709379077
-929.3 -96.5 2804.4 0.9575330615 -0.0938155428 -0.2726335526 0.0341177881 0.9758067727 -0.2159563005 0.2862977386 0.1974836439 0.9375680089
-892.6 -478.6 2727.1 0.9506452084 -0.1430748999 -0.2753239274 0.0931503996 0.9780097604 -0.1866008490 0.2959674001 0.1517446786 0.9430677891
-756.6 -90.7 2856.5 0.8493322134 -0.3138000965 -0.4244576693 -0.0526198223 0.7497749329 -0.6595973969 0.5252294540 0.5825521946 0.6202958822
-633.8 -384.0 2628.6 0.8493322134 0.1725800484 -0.4988496304 -0.0526198223 0.9680175781 0.2453020066 0.5252294540 -0.1820935160 0.8312496543
-1081.7 -35.9 2838.5 0 0 0 0 0 0 0 0 0
-672.6 -144.8 2905.4 0 0 0 0 0 0 0 0 0
-848.0 -783.3 2679.8 0 0 0 0 0 0 0 0 0
-703.2 -772.9 2701.8 0 0 0 0 0 0 0 0 0
-810.9 484.3 2664.0 25 0.9280976057 0.0510927401 -0.3688147664 0.0759160072 0.9437662363 0.3217795789 0.3645155132 -0.3266417980 0.8720284104
-821.5 287.5 2732.1 0.9280976057 0.0510927401 -0.3688147664 0.0759160072 0.9437662363 0.3217795789 0.3645155132 -0.3266417980 0.8720284104
-828.3 100.8 2790.9 0.9283220172 0.0341917314 -0.3702015877 0.0809069574 0.9533168077 0.2909314036 0.3628668487 -0.3000299037 0.8822186589
-953.6 275.9 2680.5 0.8092188239 -0.3661551476 -0.4594510794 0.3753052056 -0.2794971466 0.8837575316 -0.4520076215 -0.8875876069 -0.0887544155
-1101.6 207.3 2763.2 -0.0740907714 -0.3661551476 -0.9275995493 0.9595555067 -0.2794971466 0.0336838290 -0.2715949416 -0.8875876069 0.3720543385
-689.5 299.1 2783.7 0.0048622820 0.9990015030 -0.0444113873 -0.5929803848 0.0386414193 0.8042891622 0.8052021861 0.0224244017 0.5925762057
-688.2 145.9 2991.7 0.0432991907 0.9990015030 -0.0110087795 -0.9610843062 0.0386414193 -0.2735394537 -0.2728409171 0.0224244017 0.9617977738
-922.7 -93.5 2812.7 0.9486697912 -0.0777896941 -0.3065524995 0.0105437618 0.9765198827 -0.2151691169 0.3160925508 0.2008922249 0.9272150993
-892.2 -476.0 2734.0 0.9429098964 -0.1294254363 -0.3068712652 0.0651556030 0.9752833843 -0.2111328542 0.3266124129 0.1790848821 0.9280371666
-752.5 -82.5 2871.5 0.8256975412 -0.3489901721 -0.4432035685 -0.0620390996 0.7247205973 -0.6862442493 0.5606912374 0.5941261649 0.5767490268
-604.8 -389.1 2620.0 0.8256975412 0.3002966940 -0.4775410295 -0.0620390996 0.8897391558 0.4522337914 0.5606912374 -0.3437821269 0.7532855868
-1083.4 -28.2 2829.8 0 0 0 0 0 0 0 0 0
-677.2 -98.8 2922.2 0 0 0 0 0 0 0 0 0
-850.7 -789.1 2676.5 0 0 0 0 0 0 0 0 0
-728.0 -754.2 2761.1 0 0 0 0 0 0 0 0 0
-810.6 484.7 2669.6 26 0.9475682974 0.0449720137 -0.3163729012 0.0565163419 0.9508550167 0.3044349253 0.3145157993 -0.3063531518 0.8984584212
-819.9 287.5 2733.2 0.9475682974 0.0449720137 -0.3163729012 0.0565163419 0.9508550167 0.3044349253 0.3145157993 -0.3063531518 0.8984584212
-826.2 100.0 2789.5 0.9478132129 0.0315836631 -0.3172580004 0.0626196042 0.9572584033 0.2823740244 0.3126162887 -0.2875044048 0.9053243995
-954.6 278.5 2688.8 0.7697126865 -0.3428936303 -0.5384852290 0.4764966667 -0.2527619600 0.8420583606 -0.4248450398 -0.9047294259 -0.0311664082
-1086.4 196.9 2761.5 -0.0440411456 -0.3428936303 -0.9383412600 0.9663858414 -0.2527619600 0.0470081940 -0.2532957792 -0.9047294259 0.3424994946
-685.2 296.4 2777.6 0.0645161793 0.9974348545 0.0310068820 -0.5410130620 0.0088510141 0.8409675956 0.8385359645 -0.0710311458 0.5401962996
-668.7 158.1 2992.0 -0.0140182674 0.9974348545 0.0701943859 -0.9489566684 0.0088510141 -0.3152821660 -0.3150947094 -0.0710311458 0.9463983774
-918.9 -93.2 2816.9 0.9633132815 -0.0686128736 -0.2594606578 0.0127381990 0.9773673415 -0.2111653686 0.2680770457 0.2001133412 0.9423849583
-892.0 -476.0 2738.6 0.9577415586 -0.1263054311 -0.2584144473 0.0672895461 0.9718844295 -0.2256386131 0.2796483636 0.1987148970 0.9393131733
-751.4 -78.5 2882.4 0.8203558922 -0.3690529764 -0.4368250072 -0.0450733230 0.7197701931 -0.6927476525 0.5700742006 0.5879887938 0.5738332868
-590.1 -393.1 2625.4 0.8203558922 0.3352011144 -0.4633102715 -0.0450733230 0.8455718160 0.5319555402 0.5700742006 -0.4155099392 0.7087784410
-1075.9 -33.8 2822.0 0 0 0 0 0 0 0 0 0
-672.2 -83.6 2911.8 0 0 0 0 0 0 0 0 0
-851.2 -789.9 2674.4 0 0 0 0 0 0 0 0 0
-729.8 -745.5 2798.6 0 0 0 0 0 0 0 0 0
-812.2 484.0 2685.0 27 0.9493954778 0.0377785191 -0.3118028045 0.0521677583 0.9599830508 0.2751564980 0.3097203970 -0.2774983943 0.9094327688
-820.0 286.4 2742.1 0.9493954778 0.0377785191 -0.3118028045 0.0521677583 0.9599830508 0.2751564980 0.3097203970 -0.2774983943 0.9094327688
-825.9 97.8 2794.2 0.9495301247 0.0296562240 -0.3122708499 0.0560075194 0.9634940028 0.2618061304 0.3086352646 -0.2660823166 0.9132056236
-955.2 278.4 2698.2 0.7331657410 -0.3224563897 -0.5987402201 0.5622863173 -0.2077604532 0.8004184365 -0.3824945986 -0.9235028028 0.0289899725
-1087.1 177.2 2767.0 -0.0850583017 -0.3224563897 -0.9427549839 0.9780288935 -0.2077604532 -0.0171792135 -0.1903276592 -0.9235028028 0.3330433965
-684.8 294.4 2786.0 0.0790269375 0.9958993196 0.0440377519 -0.5250297189 0.0040286086 0.8510743380 0.8474069238 -0.0903789252 0.5231950879
-664.7 160.4 3002.3 -0.0280526709 0.9958993196 0.0860094652 -0.9360154271 0.0040286086 -0.3519359529 -0.3508392572 -0.0903789252 0.9320641160
-918.0 -93.1 2817.6 0.9643796682 -0.0647369847 -0.2564781010 0.0132910833 0.9802247882 -0.1974404305 0.2641878724 0.1869986653 0.9461692572
-892.6 -477.0 2744.4 0.9588857889 -0.1280465871 -0.2532629967 0.0653893277 0.9680987597 -0.2418863326 0.2761563063 0.2153806686 0.9366690516
-747.1 -81.7 2873.9 0.8123676181 -0.3946255744 -0.4293361604 -0.0111636901 0.7255825400 -0.6880446076 0.5830388069 0.5637381077 0.5850342512
-578.9 -391.0 2633.7 0.8123676181 0.3340383470 -0.4779929519 -0.0111636901 0.8284384012 0.5599688888 0.5830388069 -0.4495643973 0.6767256260
-1066.9 -54.6 2812.1 0 0 0 0 0 0 0 0 0
-671.8 -78.5 2912.8 0 0 0 0 0 0 0 0 0
-851.2 -790.5 2674.6 0 0 0 0 0 0 0 0 0
-721.2 -743.8 2825.2 0 0 0 0 0 0 0 0 0
-811.7 487.0 2700.1 28 0.9326389432 0.0309472624 -0.3594814241 0.0595069453 0.9694783092 0.2378459424 0.3558701277 -0.2432160228 0.9023316503
-818.1 286.4 2750.4 0.9326389432 0.0309472624 -0.3594814241 0.0595069453 0.9694783092 0.2378459424 0.3558701277 -0.2432160228 0.9023316503
-822.6 96.3 2796.7 0.9327626824 0.0233285315 -0.3597353697 0.0639327988 0.9713799357 0.2287653834 0.3547764719 -0.2363826931 0.9045755267
-950.8 277.4 2699.9 0.6359453797 -0.2871769667 -0.7163119912 0.6813499331 -0.2269395888 0.6958884001 -0.3624026775 -0.9306061268 0.0513468273
-1086.8 131.7 2777.4 -0.0809120387 -0.2871769667 -0.9544541240 0.9738042951 -0.2269395888 -0.0142706316 -0.2125052363 -0.9306061268 0.2980163097
-685.5 295.4 2800.9 0.0530948862 0.9985641837 0.0071092336 -0.5314764380 0.0222306345 0.8467813134 0.8454074264 -0.0487381481 0.5318936706
-671.9 159.8 3016.6 0.0017099208 0.9985641837 0.0535414256 -0.9225887060 0.0222306345 -0.3851440251 -0.3857812881 -0.0487381481 0.9213020205
-917.5 -96.0 2818.4 0.9515722990 -0.0711080730 -0.2990882993 0.0101133967 0.9795960784 -0.2007218748 0.3072586656 0.1879765689 0.9328756332
-889.6 -479.7 2744.8 0.9482793212 -0.1167928874 -0.2951707244 0.0415591970 0.9675299525 -0.2493163496 0.3147048652 0.2241544873 0.9223424792
-746.0 -85.8 2874.1 0.8167151213 -0.4069449902 -0.4091114402 0.0292393062 0.7372557521 -0.6749807596 0.5762997866 0.5393048525 0.6140267253
-573.7 -398.0 2645.7 0.8167151213 0.3015744388 -0.4919646978 0.0292393062 0.8298411369 0.5572331548 0.5762997866 -0.4694854617 0.6689259410
-1066.9 -108.3 2829.8 0 0 0 0 0 0 0 0 0
-671.5 -75.8 2918.1 0 0 0 0 0 0 0 0 0
-852.3 -789.3 2673.0 0 0 0 0 0 0 0 0 0
-702.5 -752.4 2846.2 0 0 0 0 0 0 0 0 0
-809.8 485.2 2707.7 29 0.9103794694 0.0250151101 -0.4130175710 0.0732021481 0.9726892710 0.2202658355 0.4072477221 -0.2307592630 0.8836851716
-814.9 286.5 2754.8 0.9103794694 0.0250151101 -0.4130175710 0.0732021481 0.9726892710 0.2202658355 0.4072477221 -0.2307592630 0.8836851716
-818.6 95.8 2798.9 0.9104395509 0.0192778111 -0.4131927192 0.0758433491 0.9741986394 0.2125671506 0.4066296220 -0.2248674631 0.8854868412
-944.4 275.8 2697.0 0.6099482775 -0.3321817219 -0.7194570303 0.7032660842 -0.1915130019 0.6846455932 -0.3652121127 -0.9235681295 0.1167991012
-1085.0 113.6 2781.2 -0.1330728531 -0.3321817219 -0.9337809682 0.9788915515 -0.1915130019 -0.0713730231 -0.1551223844 -0.9235681295 0.3506550491
-685.5 297.2 2812.7 0.0169707891 0.9992638826 -0.0344050564 -0.5314901471 0.0381616093 0.8462044001 0.8468944430 0.0039251922 0.5317465663
-681.2 161.7 3028.6 0.0365726165 0.9992638826 0.0115827154 -0.9167383909 0.0381616093 -0.3976612389 -0.3978105187 0.0039251922 0.9174591899
-911.2 -99.5 2811.0 0.9345180392 -0.0576477870 -0.3512161374 0.0012049719 0.9873024225 -0.1588473022 0.3559137285 0.1480224580 0.9227213860
-888.7 -485.9 2753.1 0.9337506890 -0.1113427579 -0.3401652575 0.0080003403 0.9566391110 -0.2911658883 0.3578346074 0.2691549063 0.8941532373
-742.9 -88.1 2875.0 0.8298882842 -0.4134079814 -0.3746722639 0.0785311311 0.7514077425 -0.6551482677 0.5523751378 0.5142764449 0.6560498476
-570.9 -400.8 2661.1 0.8298882842 0.2325756550 -0.5071430206 0.0785311311 0.8512308002 0.5188824534 0.5523751378 -0.4704409838 0.6881620288
-1051.7 -131.7 2820.1 0 0 0 0 0 0 0 0 0
-671.9 -72.6 2926.9 0 0 0 0 0 0 0 0 0
-853.4 -788.5 2667.9 0 0 0 0 0 0 0 0 0
-670.8 -766.3 2863.1 0 0 0 0 0 0 0 0 0
-805.6 487.0 2713.5 30 0.9123160243 0.0279558785 -0.4085315168 0.0653019398 0.9749664068 0.2125467509 0.4042464197 -0.2205877006 0.8876519203
-811.3 288.7 2758.4 0.9123160243 0.0279558785 -0.4085315168 0.0653019398 0.9749664068 0.2125467509 0.4042464197 -0.2205877006 0.8876519203
-815.7 97.5 2800.3 0.9123620987 0.0229069199 -0.4087428153 0.0670705810 0.9765787721 0.2044392377 0.4038526416 -0.2139372230 0.8894571066
-941.1 279.2 2700.9 0.5779500008 -0.4057318568 -0.7080646157 0.7299159169 -0.1310202032 0.6708624959 -0.3649610579 -0.9045525789 0.2204270214
-1080.1 103.7 2788.6 -0.1754425019 -0.4057318568 -0.8969958425 0.9824327230 -0.1310202032 -0.1328895539 -0.0636070520 -0.9045525789 0.4215907753
-681.4 298.2 2815.8 0.0187948421 0.9994709492 -0.0265444685 -0.5362965465 0.0324845128 0.8434042931 0.8438203335 -0.0016159426 0.5366233587
-676.6 161.5 3031.0 0.0289570466 0.9994709492 0.0148102771 -0.9113636613 0.0324845128 -0.4103182554 -0.4105822742 -0.0016159426 0.9118221402
-904.3 -101.7 2806.3 0.9358608127 -0.0372401588 -0.3503964245 -0.0063091945 0.9924693108 -0.1223307103 0.3523133099 0.1166952401 0.9285782576
-889.8 -490.0 2760.6 0.9356071353 -0.1092839092 -0.3357027471 -0.0040872488 0.9474669695 -0.3198274672 0.3530192673 0.3006049395 0.8860101700
-740.2 -88.2 2879.6 0.8531925082 -0.3831181824 -0.3539533317 0.1164113358 0.8013442159 -0.5867673159 0.5084396601 0.4594213068 0.7283002138
-585.9 -410.7 2694.7 0.8531925082 0.1310832500 -0.5048561096 0.1164113358 0.8956379890 0.4292795956 0.5084396601 -0.4250291288 0.7488920689
-1035.9 -144.0 2804.7 0 0 0 0 0 0 0 0 0
-669.2 -71.7 2926.0 0 0 0 0 0 0 0 0 0
-854.9 -792.3 2664.7 0 0 0 0 0 0 0 0 0
-638.9 -772.5 2866.4 0 0 0 0 0 0 0 0 0
-800.4 487.3 2714.4 31 0.9173576832 0.0265668500 -0.3971763551 0.0616114959 0.9762703180 0.2076060325 0.3932669461 -0.2149196118 0.8939522505
-805.8 288.8 2758.1 0.9173576832 0.0265668500 -0.3971763551 0.0616114959 0.9762703180 0.2076060325 0.3932669461 -0.2149196118 0.8939522505
-809.6 97.3 2798.5 0.9174330235 0.0191336684 -0.3974299431 0.0648332089 0.9783055782 0.1967609823 0.3925726712 -0.2062816769 0.8962893486
-936.5 279.6 2702.2 0.5662696362 -0.4433451891 -0.6948263645 0.7425490022 -0.0914571434 0.6635183692 -0.3577145040 -0.8916729093 0.2774161100
-1076.4 96.2 2790.5 -0.2174901664 -0.4433451891 -0.8695648909 0.9760295153 -0.0914571434 -0.1974892616 0.0080279997 -0.8916729093 0.4526090026
-675.2 298.1 2814.0 0.0307452120 0.9993363023 -0.0195377525 -0.5407217145 0.0330690332 0.8405513167 0.8406394720 -0.0152784400 0.5413795710
-667.3 160.2 3028.4 0.0236175843 0.9993363023 0.0277344827 -0.9074901342 0.0330690332 -0.4187697172 -0.4194089174 -0.0152784400 0.9076688290
-902.5 -99.7 2805.7 0.9403402805 -0.0250842627 -0.3393094540 -0.0081166960 0.9953408241 -0.0960770324 0.3401385844 0.0930991769 0.9357554913
-892.7 -489.3 2769.3 0.9400542974 -0.1119873598 -0.3221130073 -0.0056915428 0.9392604232 -0.3431580067 0.3409773707 0.3244204819 0.8823184371
-737.8 -87.7 2878.6 0.8782320023 -0.3502432704 -0.3256351352 0.1573861092 0.8546527028 -0.4947710335 0.4515951574 0.3832733035 0.8057067394
-599.4 -425.4 2727.2 0.8782320023 0.0139977755 -0.4780299664 0.1573861092 0.9354315400 0.3165397346 0.4515951574 -0.3532305956 0.8193228841
-1021.3 -151.0 2788.5 0 0 0 0 0 0 0 0 0
-661.3 -72.1 2921.0 0 0 0 0 0 0 0 0 0
-856.3 -794.0 2664.0 0 0 0 0 0 0 0 0 0
-604.6 -774.8 2859.1 0 0 0 0 0 0 0 0 0
-794.3 486.6 2714.8 32 0.9193226695 0.0330670699 -0.3921126723 0.0545554161 0.9761297107 0.2102247328 0.3897043467 -0.2146562487 0.8955742121
-801.0 288.5 2758.4 0.9193226695 0.0330670699 -0.3921126723 0.0545554161 0.9761297107 0.2102247328 0.3897043467 -0.2146562487 0.8955742121
-805.6 96.9 2798.4 0.9194493890 0.0236495491 -0.3924965560 0.0589212216 0.9786326289 0.1969935745 0.3887687624 -0.2042519897 0.8984096646
-932.0 280.1 2703.0 0.5685852766 -0.4805379212 -0.6676781774 0.7387341261 -0.0588153489 0.6714258194 -0.3619152904 -0.8749994636 0.3215482235
-1071.1 99.4 2791.6 -0.2280958891 -0.4805379212 -0.8467913270 0.9717915058 -0.0588153489 -0.2283899635 0.0599457063 -0.8749994636 0.4803982079
-670.0 296.9 2813.8 0.0316261314 0.9994255900 -0.0121758049 -0.5415013433 0.0273720864 0.8402541280 0.8401048183 -0.0199807733 0.5420560241
-661.9 158.8 3028.1 0.0163877495 0.9994255900 0.0296631791 -0.9064314365 0.0273720864 -0.4214650691 -0.4220349491 -0.0199807733 0.9063593745
-896.2 -100.2 2803.4 0.9418189526 -0.0067675626 -0.3360524178 -0.0209482312 0.9966718554 -0.0787808076 0.3354671299 0.0812369585 0.9385426641
-893.5 -490.3 2771.6 0.9393997788 -0.1188591570 -0.3215595782 -0.0000100890 0.9379641414 -0.3467323184 0.3428236544 0.3257234991 0.8811221123
-730.4 -88.5 2874.3 0.8899049163 -0.3242943585 -0.3207841218 0.1837682426 0.8985385895 -0.3985694349 0.4174907207 0.2957389653 0.8592089415
-603.5 -440.2 2758.6 0.8899049163 -0.0745635554 -0.4500105977 0.1837682426 0.9615504146 0.2040832788 0.4174907207 -0.2643123567 0.8693908453
-1013.1 -147.8 2776.3 0 0 0 0 0 0 0 0 0
-657.7 -73.3 2920.0 0 0 0 0 0 0 0 0 0
-854.7 -796.2 2665.4 0 0 0 0 0 0 0 0 0
-577.0 -782.3 2852.6 0 0 0 0 0 0 0 0 0
-792.6 489.7 2734.6 33 0.9126681685 0.0256237574 -0.4078973234 0.0396815315 0.9877617955 0.1508375704 0.4067704380 -0.1538506448 0.9004819989
-797.7 289.4 2765.8 0.9126681685 0.0256237574 -0.4078973234 0.0396815315 0.9877617955 0.1508375704 0.4067704380 -0.1538506448 0.9004819989
-802.0 96.1 2795.3 0.9127122760 0.0222705435 -0.4079954922 0.0415014364 0.9882969856 0.1467878520 0.4064897597 -0.1509074718 0.9011065364
-927.8 283.6 2707.9 0.5489075780 -0.5022884011 -0.6681368351 0.7631033063 -0.0250900630 0.6457893252 -0.3411360681 -0.8643360734 0.3695258200
-1065.8 91.7 2793.7 -0.2477121651 -0.5022884011 -0.8284594417 0.9618604183 -0.0250900630 -0.2723875940 0.1160310283 -0.8643360734 0.4893464446
-667.7 295.3 2823.6 0.0210519247 0.9994621277 -0.0251458604 -0.5852982402 0.0327113681 0.8101579547 0.8105447292 -0.0023375552 0.5856720805
-662.3 146.2 3030.0 0.0277739111 0.9994621277 0.0174386837 -0.8821941018 0.0327113681 -0.4697483182 -0.4700661004 -0.0023375552 0.8826281428
-893.3 -100.1 2803.3 0.9363127947 0.0084624812 -0.3510650992 -0.0280812494 0.9983124733 -0.0508299842 0.3500424922 0.0574511103 0.9349703789
-896.6 -490.9 2780.8 0.9336343408 -0.1283285171 -0.3344528675 -0.0069898334 0.9269288182 -0.3751720190 0.3581592739 0.3526112735 0.8645156026
-727.2 -89.5 2873.5 0.8750448227 -0.3041292727 -0.3765659928 0.1845386475 0.9288142323 -0.3213248551 0.4474841356 0.2116826773 0.8688776493
-608.6 -451.7 2791.0 0.8708014488 -0.1563861519 -0.4660989046 0.2134408802 0.9743092060 0.0718649104 0.4428857565 -0.1620646268 0.8818090558
-1002.7 -153.4 2764.1 0 0 0 0 0 0 0 0 0
-655.2 -79.4 2909.9 0 0 0 0 0 0 0 0 0
-854.6 -794.8 2665.2 0 0 0 0 0 0 0 0 0
-554.3 -789.6 2847.2 0 0 0 0 0 0 0 0 0
-784.0 490.0 2744.9 34 0.8999432921 0.0281875972 -0.4350948930 0.0322686434 0.9908654094 0.1309370995 0.4348112643 -0.1318758875 0.8908130527
-789.7 289.7 2771.6 0.8999432921 0.0281875972 -0.4350948930 0.0322686434 0.9908654094 0.1309370995 0.4348112643 -0.1318758875 0.8908130527
-794.5 95.7 2796.7 0.8999706507 0.0253511127 -0.4352128208 0.0332813747 0.9913990498 0.1265710145 0.4346782863 -0.1283946782 0.8913863301
-917.9 285.1 2709.7 0.5563915968 -0.4889765084 -0.6718112230 0.7674929500 -0.0073916004 0.6410148144 -0.3184069395 -0.8722656369 0.3711733818
-1061.0 87.6 2791.6 -0.2696850002 -0.4889765084 -0.8295612931 0.9522547722 -0.0073916004 -0.3052149415 0.1431111544 -0.8722656369 0.4676236212
-661.5 294.4 2833.4 -0.0024928143 0.9990281463 -0.0440057889 -0.6028675437 0.0336082950 0.7971330881 0.7978373766 0.0285167675 0.6021978855
-662.1 140.8 3036.7 0.0432600193 0.9990281463 -0.0084435893 -0.8715941310 0.0336082950 -0.4890747666 -0.4883157015 0.0285167675 0.8722009659
-888.8 -100.8 2788.1 0.9254156351 0.0010362394 -0.3789523244 -0.0193782505 0.9988173842 -0.0445911549 0.3784579635 0.0486087836 0.9243412614
-889.2 -491.9 2769.1 0.9263536334 -0.1044682413 -0.3618775308 -0.0275029689 0.9394410849 -0.3416051567 0.3756495118 0.3263998926 0.8673814535
-723.8 -93.4 2861.5 0.8542789221 -0.2880425155 -0.4327112436 0.1959400028 0.9494662881 -0.2451963872 0.4814717174 0.1246806681 0.8675481081
-611.7 -463.0 2813.0 0.8479667902 -0.2102397084 -0.4865712225 0.2273091525 0.9735144377 -0.0244995356 0.4788348675 -0.0898272991 0.8732973337
-992.2 -155.5 2755.1 0 0 0 0 0 0 0 0 0
-651.1 -82.2 2911.8 0 0 0 0 0 0 0 0 0
-855.4 -795.6 2663.6 0 0 0 0 0 0 0 0 0
-540.5 -792.8 2843.4 0 0 0 0 0 0 0 0 0
-773.8 486.3 2749.6 35 0.9045641422 0.0310669262 -0.4252041578 0.0234935619 0.9921938181 0.1224725693 0.4256897569 -0.1207738593 0.8967730403
-780.1 286.4 2773.9 0.9045641422 0.0310669262 -0.4252041578 0.0234935619 0.9921938181 0.1224725693 0.4256897569 -0.1207738593 0.8967730403
-785.9 92.1 2797.3 0.9045827985 0.0298282839 -0.4252531826 0.0241010040 0.9923751950 0.1208743453 0.4256162047 -0.1195898801 0.8969666362
-909.0 283.0 2713.3 0.5704231858 -0.5295078158 -0.6278843880 0.7636634707 0.0604757816 0.6427758336 -0.3023830652 -0.8461466432 0.4388625920
-1051.2 92.5 2788.7 -0.2595667243 -0.5295078158 -0.8076178432 0.9380642772 0.0604757816 -0.3411423862 0.2294788808 -0.8461466432 0.4810148776
-651.2 289.8 2834.5 0.0020043994 0.9994590878 -0.0328260548 -0.6099210382 0.0272352975 0.7919940352 0.7924596667 0.0184338298 0.6096457243
-650.7 134.3 3036.6 0.0327954255 0.9994590878 -0.0024550955 -0.8672291636 0.0272352975 -0.4971638024 -0.4968280196 0.0184338298 0.8676532507
-880.7 -101.2 2782.6 0.9291898012 0.0034519972 -0.3695867658 -0.0186810531 0.9991169572 -0.0376347266 0.3691304624 0.0418740734 0.9284337759
-882.0 -492.5 2766.2 0.9314548373 -0.0813238323 -0.3546524644 -0.0417666435 0.9443627000 -0.3262431622 0.3614518940 0.3186933994 0.8762345910
-718.1 -95.3 2861.0 0.8582283258 -0.2675258517 -0.4380342662 0.1938903630 0.9591681361 -0.2059200555 0.4752374589 0.0917958021 0.8750559688
-613.7 -469.5 2825.2 0.8471703529 -0.2502237260 -0.4687114656 0.2407037914 0.9671893716 -0.0812794641 0.4736708105 -0.0439630747 0.8796040416
-984.5 -148.4 2729.8 0 0 0 0 0 0 0 0 0
-642.3 -87.7 2909.4 0 0 0 0 0 0 0 0 0
-856.0 -794.7 2664.2 0 0 0 0 0 0 0 0 0
-530.4 -791.6 2839.9 0 0 0 0 0 0 0 0 0
-763.9 487.6 2761.9 36 0.8816148043 0.0274421293 -0.4711711407 0.0241334252 0.9943811297 0.1030715108 0.4713521898 -0.1022403464 0.8759988546
-769.4 288.3 2782.4 0.8816148043 0.0274421293 -0.4711711407 0.0241334252 0.9943811297 0.1030715108 0.4713521898 -0.1022403464 0.8759988546
-774.7 93.7 2802.6 0.8816282153 0.0273770858 -0.4711498916 0.0246190485 0.9942889810 0.1038429216 0.4713020325 -0.1031501144 0.8759192228
-894.9 284.9 2715.4 0.6081851721 -0.4445130229 -0.6576617956 0.7419509888 0.0238237139 0.6700307131 -0.2821694314 -0.8954555392 0.3442960978
-1038.2 110.1 2781.8 -0.1788284183 -0.4445130229 -0.8777406216 0.9771633744 0.0238237139 -0.2111495584 0.1147697642 -0.8954555392 0.4301014841
-644.0 291.8 2849.5 -0.0327021517 0.9969703555 -0.0705739260 -0.6223112345 0.0349430293 0.7819896340 0.7820865512 0.0694916844 0.6192831397
-652.3 133.2 3048.8 0.0654574409 0.9969703555 -0.0420170575 -0.8595196009 0.0349430293 -0.5099069476 -0.5068938732 0.0694916844 0.8592028022
-873.4 -104.3 2782.3 0.9094183445 0.0101664197 -0.4157582223 -0.0239610858 0.9993214011 -0.0279757082 0.4151916802 0.0354036391 0.9090448022
-877.4 -495.7 2768.4 0.9138254523 -0.0690040812 -0.4002017975 -0.0697102845 0.9441781044 -0.3219754696 0.4000793993 0.3221275508 0.8580036759
-709.9 -100.0 2859.2 0.8354059458 -0.2455013692 -0.4917580485 0.1785075963 0.9673896432 -0.1797005385 0.5198383927 0.0623403490 0.8519869447
-614.0 -477.9 2834.8 0.8224182129 -0.2654167712 -0.5031721592 0.2302661389 0.9641072750 -0.1321916878 0.5201978087 -0.0071466565 0.8540158868
-993.8 -132.1 2753.4 0 0 0 0 0 0 0 0 0
-635.5 -86.7 2919.1 0 0 0 0 0 0 0 0 0
-855.6 -793.6 2666.8 0 0 0 0 0 0 0 0 0
-527.9 -790.9 2837.2 0 0 0 0 0 0 0 0 0
-750.2 485.9 2758.6 37 0.9125900865 0.0438299328 -0.4065197110 0.0047812797 0.9930259585 0.1177989915 0.4088477492 -0.1094458774 0.9060160518
-759.0 284.8 2780.8 0.9125900865 0.0438299328 -0.4065197110 0.0047812797 0.9930259585 0.1177989915 0.4088477492 -0.1094458774 0.9060160518
-766.3 90.2 2801.7 0.9127744436 0.0375340991 -0.4067358077 0.0092824921 0.9936057925 0.1125224754 0.4083584845 -0.1064831614 0.9065895677
-888.7 283.5 2722.8 0.5996941328 -0.3738541901 -0.7075309157 0.7586573958 -0.0156575199 0.6513016224 -0.2545700073 -0.9273552895 0.2742375433
-1029.8 105.1 2782.6 -0.1375467032 -0.3738541901 -0.9172316790 0.9897373915 -0.0156575199 -0.1420377046 0.0387398191 -0.9273552895 0.3721711338
-629.4 286.0 2838.8 0.0111557562 0.9998530149 -0.0130213592 -0.6219401360 0.0171348583 0.7828772664 0.7829853296 -0.0006350821 0.6220398545
-626.5 127.6 3038.2 0.0144368960 0.9998530149 0.0092510926 -0.8612491488 0.0171348583 -0.5078940392 -0.5079779029 -0.0006350821 0.8613699079
-859.5 -103.2 2780.3 0.9355989695 0.0383893996 -0.3509711921 -0.0429969057 0.9990609288 -0.0053409273 0.3504365683 0.0200876407 0.9363710284
-874.5 -494.3 2772.4 0.9368730783 -0.0593663119 -0.3445931375 -0.0606426075 0.9429631233 -0.3273271024 0.3443708420 0.3275609612 0.8798366785
-700.4 -98.8 2865.4 0.8723595738 -0.2074999064 -0.4426426589 0.1658596098 0.9773705602 -0.1312911659 0.4598688185 0.0411165729 0.8870344162
-619.3 -480.8 2849.3 0.8576720357 -0.2713366449 -0.4367780387 0.2237566262 0.9617400765 -0.1580791920 0.4629596174 0.0378481261 0.8855709434
-995.2 -143.4 2772.9 0 0 0 0 0 0 0 0 0
-622.9 -92.6 2908.3 0 0 0 0 0 0 0 0 0
-855.6 -794.8 2668.1 0 0 0 0 0 0 0 0 0
-532.0 -790.1 2837.1 0 0 0 0 0 0 0 0 0
-735.6 485.4 2756.4 38 0.9221266508 0.0458985940 -0.3841558695 -0.0006174967 0.9931112528 0.1171737984 0.3868876100 -0.1078118682 0.9158027172
-745.0 282.4 2778.5 0.9221266508 0.0458985940 -0.3841558695 -0.0006174967 0.9931112528 0.1171737984 0.3868876100 -0.1078118682 0.9158027172
-752.4 87.8 2798.8 0.9223703742 0.0378338248 -0.3844495714 0.0051658843 0.9938955903 0.1102036089 0.3862721920 -0.1036345661 0.9165444374
-876.2 281.7 2723.5 0.6594808102 -0.3391282856 -0.6708778739 0.7098209858 -0.0128632309 0.7042647004 -0.2474657446 -0.9406521916 0.2322373241
-1028.9 117.4 2780.8 -0.2029046118 -0.3391282856 -0.9185976982 0.9773716331 -0.0128632309 -0.2111380398 0.0597867519 -0.9406521916 0.3340643942
-613.8 283.1 2833.4 0.0281148627 0.9995952249 0.0043539670 -0.6244113445 0.0141606648 0.7809672952 0.7805895209 -0.0246754549 0.6245567203
-606.6 124.0 3032.4 -0.0004703923 0.9995952249 0.0284461100 -0.8589822054 0.0141606648 -0.5118095875 -0.5120052099 -0.0246754549 0.8586278558
-855.8 -105.1 2785.8 0.9440116882 0.0310933869 -0.3284434974 -0.0368015170 0.9992601275 -0.0111759976 0.3278529942 0.0226374920 0.9444574714
-868.0 -496.4 2777.0 0.9464851022 -0.0403328277 -0.3202174306 -0.0755612031 0.9368953109 -0.3413468003 0.3137777150 0.3472756743 0.8837099075
-691.4 -103.5 2859.4 0.8849968314 -0.1779275984 -0.4302585125 0.1547928751 0.9839736223 -0.0885162205 0.4391124845 0.0117356228 0.8983554244
-621.8 -488.2 2854.8 0.8649627566 -0.2881116867 -0.4108905792 0.2308906168 0.9554426670 -0.1838990897 0.4455658495 0.0641950890 0.8929445744
-978.6 -124.9 2766.0 0 0 0 0 0 0 0 0 0
-606.8 -95.8 2901.3 0 0 0 0 0 0 0 0 0
-855.1 -795.6 2666.1 0 0 0 0 0 0 0 0 0
-530.6 -790.8 2834.5 0 0 0 0 0 0 0 0 0
-722.3 484.0 2766.9 39 0.9085217118 0.0482169911 -0.4150462151 -0.0070669125 0.9949505925 0.1001167521 0.4177778065 -0.0880251527 0.9042750001
-732.1 281.7 2784.8 0.9085217118 0.0482169911 -0.4150462151 -0.0070669125 0.9949505925 0.1001167521 0.4177778065 -0.0880251527 0.9042750001
-740.2 86.8 2802.1 0.9087878466 0.0419135541 -0.4151480794 -0.0011913049 0.9951987267 0.0978679061 0.4172568023 -0.0884465948 0.9044743776
-861.4 282.0 2725.4 0.6602908373 -0.3016728163 -0.6877568960 0.7186236978 -0.0122347670 0.6952915192 -0.2181650996 -0.9533330202 0.2087107152
-1017.8 111.7 2777.1 -0.2275567502 -0.3016728163 -0.9258571267 0.9719431996 -0.0122347670 -0.2348973006 0.0595344827 -0.9533330202 0.2959929407
-602.8 281.5 2844.1 0.0014061567 0.9998629093 -0.0164992660 -0.6350677013 0.0136378529 0.7723360658 0.7724551558 0.0093921255 0.6349998116
-602.4 119.7 3041.0 0.0165370107 0.9998629093 -0.0008545963 -0.8516494036 0.0136378529 -0.5239344239 -0.5238509774 0.0093921255 0.8517581820
-843.0 -107.3 2784.3 0.9322205186 0.0431936830 -0.3593037724 -0.0462995283 0.9989275932 -0.0000389912 0.3589167595 0.0166719444 0.9332206845
-859.9 -498.5 2777.8 0.9353557229 -0.0213499330 -0.3530634940 -0.1047197655 0.9367117882 -0.3340729773 0.3378511965 0.3494497836 0.8739230037
-676.6 -106.4 2854.0 0.8720355034 -0.1487752050 -0.4662832320 0.1338493824 0.9888553619 -0.0651873276 0.4707849622 -0.0055660582 0.8822304606
-618.4 -493.2 2856.2 0.8506010771 -0.2849763036 -0.4418895245 0.2172096372 0.9557760358 -0.1982730031 0.4788505137 0.0726685598 0.8748836517
-960.5 -133.2 2762.1 0 0 0 0 0 0 0 0 0
-598.2 -98.3 2906.9 0 0 0 0 0 0 0 0 0
-853.1 -796.6 2666.6 0 0 0 0 0 0 0 0 0
-528.9 -793.3 2833.4 0 0 0 0 0 0 0 0 0
-706.4 483.7 2771.6 40 0.9035577178 0.0640831366 -0.4236470163 -0.0229854956 0.9945779443 0.1014215946 0.4278493822 -0.0819025263 0.9001315832
-719.5 280.6 2788.3 0.9035577178 0.0640831366 -0.4236470163 -0.0229854956 0.9945779443 0.1014215946 0.4278493822 -0.0819025263 0.9001315832
-729.7 85.7 2805.2 0.9042928815 0.0522160865 -0.4237072766 -0.0104094539 0.9948936701 0.1003906727 0.4267856777 -0.0863720104 0.9002187848
-848.3 282.1 2727.5 0.6370949745 -0.2658711672 -0.7234794497 0.7429682016 -0.0380605981 0.6682437062 -0.2052027881 -0.9632569551 0.1732856035
-1000.8 104.2 2776.6 -0.1876407117 -0.2658711672 -0.9455704689 0.9821519256 -0.0380605981 -0.1841982901 0.0129840374 -0.9632569551 0.2682675719
-590.7 279.1 2849.1 -0.0128025152 0.9997929931 -0.0158128962 -0.6359359026 0.0040625678 0.7717311978 0.7716357112 0.0199360885 0.6357522011
-594.0 116.9 3045.8 0.0139330300 0.9997929931 -0.0148264207 -0.8507578969 0.0040625678 -0.5255421400 -0.5253731012 0.0199360885 0.8506383896
-830.4 -107.9 2781.8 0.9276174903 0.0599677712 -0.3686864078 -0.0608880222 0.9981026649 0.0091492319 0.3685355484 0.0139615992 0.9295088053
-853.9 -498.8 2776.3 0.9299165606 -0.0030156723 -0.3677581847 -0.1241666079 0.9386765361 -0.3216660619 0.3461760283 0.3447858989 0.8725163937
-666.4 -108.2 2857.1 0.8685711026 -0.1301687360 -0.4781634808 0.1225496978 0.9913365245 -0.0472597703 0.4801726639 -0.0175503194 0.8769984245
-615.4 -496.1 2863.9 0.8518619537 -0.2718733549 -0.4476786256 0.1889210939 0.9566844106 -0.2215033472 0.4885080159 0.1041143388 0.8663256168
-953.2 -144.8 2773.3 0 0 0 0 0 0 0 0 0
-590.4 -100.9 2911.3 0 0 0 0 0 0 0 0 0
-852.9 -798.3 2666.3 0 0 0 0 0 0 0 0 0
-531.6 -791.1 2831.8 0 0 0 0 0 0 0 0 0
-692.3 487.4 2783.9 41 0.8750681281 0.0581073426 -0.4804989994 -0.0201363321 0.9962782860 0.0838095844 0.4835807085 -0.0636636093 0.8729814887
-704.1 284.9 2796.9 0.8750681281 0.0581073426 -0.4804989994 -0.0201363321 0.9962782860 0.0838095844 0.4835807085 -0.0636636093 0.8729814887
-713.5 89.8 2809.8 0.8755577803 0.0489853770 -0.4806235433 -0.0110242832 0.9966130257 0.0814921930 0.4829876125 -0.0660525933 0.8731322885
-828.6 286.6 2728.2 0.6460191607 -0.2312818021 -0.7274392843 0.7367689610 -0.0602361038 0.6734560728 -0.1995762438 -0.9710202813 0.1314875782
-991.6 100.7 2778.5 -0.2052991539 -0.2312818021 -0.9509789348 0.9786280394 -0.0602361038 -0.1966184378 -0.0118090045 -0.9710202813 0.2387052774
-579.6 283.2 2865.5 -0.0556843951 0.9964579344 -0.0630143881 -0.6499916911 0.0117286835 0.7598508000 0.7578984499 0.0832706615 0.6470362544
-593.8 117.7 3058.6 0.0547859631 0.9964579344 -0.0637970418 -0.8417816162 0.0117286835 -0.5396907926 -0.5370309353 0.0832706615 0.8394425511
-821.5 -108.1 2783.6 0.9031618237 0.0574746244 -0.4254355133 -0.0564383641 0.9982926250 0.0150516769 0.4255742431 0.0104167853 0.9048635364
-844.1 -499.1 2779.5 0.9068509340 0.0224094260 -0.4208552837 -0.1679292470 0.9351037145 -0.3120589554 0.3865503073 0.3536648750 0.8517628908
-658.2 -110.1 2860.7 0.8359092474 -0.1214667708 -0.5352584124 0.1167051569 0.9922391176 -0.0429122895 0.5363167524 -0.0265966356 0.8435976505
-610.6 -498.5 2871.1 0.8279831409 -0.2583717108 -0.4976826012 0.1477358341 0.9566795826 -0.2508751154 0.5409418344 0.1341948062 0.8302853107
-939.3 -148.6 2781.5 0 0 0 0 0 0 0 0 0
-579.8 -97.7 2921.2 0 0 0 0 0 0 0 0 0
-851.2 -797.2 2666.7 0 0 0 0 0 0 0 0 0
-532.1 -789.4 2830.3 0 0 0 0 0 0 0 0 0
-676.2 492.0 2790.6 42 0.8719872236 0.0636904761 -0.4853676558 -0.0279317796 0.9963581562 0.0805623680 0.4887310863 -0.0566921756 0.8705905676
-689.3 287.1 2802.3 0.8719872236 0.0636904761 -0.4853676558 -0.0279317796 0.9963581562 0.0805623680 0.4887310863 -0.0566921756 0.8705905676
-699.4 91.9 2812.8 0.8724822998 0.0522684194 -0.4858422279 -0.0194210242 0.9971863031 0.0724038556 0.4882596433 -0.0537355281 0.8710424900
-813.5 290.0 2732.8 0.6360259652 -0.2562705576 -0.7278711200 0.7498821616 -0.0172857139 0.6613455415 -0.1820651591 -0.9664505124 0.1811785549
-974.7 99.9 2778.9 -0.1916070580 -0.2562705576 -0.9474239349 0.9809078574 -0.0172857139 -0.1937032044 0.0332635269 -0.9664505124 0.2546898723
-565.1 284.3 2871.8 -0.0625416189 0.9959456921 -0.0646585748 -0.6584458947 0.0075116195 0.7525905967 0.7500250340 0.0896424130 0.6553065181
-581.0 116.5 3062.9 0.0555586554 0.9959456921 -0.0707490072 -0.8350962996 0.0075116195 -0.5500524640 -0.5472909212 0.0896424130 0.8321279287
-801.9 -104.3 2779.2 0.8996109962 0.0896691829 -0.4273867607 -0.0735718608 0.9958230853 0.0540694892 0.4304499924 -0.0171978679 0.9024505615
-837.0 -494.1 2785.9 0.9018742442 0.0384183936 -0.4302870035 -0.1910666227 0.9287943840 -0.3175444901 0.3874486089 0.3685986996 0.8449962139
-644.0 -106.5 2866.3 0.8340997100 -0.0936054662 -0.5436135530 0.0962349474 0.9950768352 -0.0236842670 0.5431542397 -0.0325595811 0.8390014172
-607.4 -496.0 2879.1 0.8291001320 -0.2415325791 -0.5042370558 0.1168258935 0.9568057060 -0.2662227750 0.5467583537 0.1618173867 0.8215050101
-925.8 -150.4 2770.4 0 0 0 0 0 0 0 0 0
-566.8 -97.3 2922.8 0 0 0 0 0 0 0 0 0
-849.7 -799.5 2664.7 0 0 0 0 0 0 0 0 0
-533.3 -789.5 2829.4 0 0 0 0 0 0 0 0 0
-660.4 493.3 2793.4 43 0.8753863573 0.0694011748 -0.4784163833 -0.0359741598 0.9962493181 0.0786962807 0.4820836186 -0.0516790226 0.8745996952
-674.7 287.7 2804.1 0.8753863573 0.0694011748 -0.4784163833 -0.0359741598 0.9962493181 0.0786962807 0.4820836186 -0.0516790226 0.8745996952
-685.4 92.4 2813.7 0.8760901093 0.0548983328 -0.4790117443 -0.0246865898 0.9973009229 0.0691475421 0.4815149605 -0.0487543121 0.8750807643
-799.5 291.3 2735.5 0.6264547706 -0.2046098858 -0.7521231771 0.7643597722 -0.0277390555 0.6441930532 -0.1526714563 -0.9784504771 0.1390182972
-956.9 99.2 2773.9 -0.1926874667 -0.2046098858 -0.9596907496 0.9811808467 -0.0277390555 -0.1910881847 0.0124776168 -0.9784504771 0.2061042637
-549.9 284.2 2872.7 -0.0590040945 0.9966155887 -0.0572351292 -0.6620834470 0.0038405284 0.7494202852 0.7471037507 0.0821132958 0.6596161127
-565.0 115.4 3063.2 0.0487225726 0.9966155887 -0.0662076548 -0.8321341872 0.0038405284 -0.5545610785 -0.5524299145 0.0821132958 0.8295050263
-788.4 -101.6 2779.2 0.9019931555 0.1023297086 -0.4194484055 -0.0849585012 0.9945797324 0.0599431731 0.4233088791 -0.0184326228 0.9057978988
-828.4 -491.0 2786.5 0.9020360708 0.0573636815 -0.4278321564 -0.2050139457 0.9291441441 -0.3076693714 0.3798686862 0.3652404249 0.8498818874
-630.8 -105.2 2867.4 0.8395324349 -0.0756783634 -0.5380131006 0.0781531855 0.9967741966 -0.0182562470 0.5376591682 -0.0267207250 0.8427387476
-601.2 -495.5 2877.9 0.8340075016 -0.2219065875 -0.5051622987 0.1033849642 0.9621929526 -0.2519846261 0.5419806242 0.1579308808 0.8254179955
-907.7 -151.6 2770.7 0 0 0 0 0 0 0 0 0
-552.5 -97.7 2921.7 0 0 0 0 0 0 0 0 0
-847.5 -800.1 2664.9 0 0 0 0 0 0 0 0 0
-533.6 -788.6 2829.7 0 0 0 0 0 0 0 0 0
-644.8 494.2 2795.4 44 0.8821723461 0.0895877928 -0.4623267353 -0.0562159903 0.9947516322 0.0854923725 0.4675593674 -0.0494288504 0.8825786114
-663.1 290.9 2805.5 0.8821723461 0.0895877928 -0.4623267353 -0.0562159903 0.9947516322 0.0854923725 0.4675593674 -0.0494288504 0.8825786114
-677.7 95.9 2814.8 0.8831902146 0.0745656863 -0.4630496204 -0.0438707992 0.9960866570 0.0767252967 0.4669586122 -0.0474486761 0.8830052614
-788.9 297.2 2738.9 0.5994400978 -0.2455269247 -0.7618320584 0.7863590121 0.0030297884 0.6177623868 -0.1493691057 -0.9693850279 0.1948884875
-941.6 96.9 2777.0 -0.1997980773 -0.2455269247 -0.9485764503 0.9783664942 0.0030297884 -0.2068569660 0.0536629409 -0.9693850279 0.2396099716
