646.7 285.9 2478.4  0.9266314507 0.0977605283 -0.3630386591 -0.1141585931 0.9931741357 -0.0239360631 0.3582206070 0.0636238903 0.9314665794
627.5 91.4 2465.9 0.9266314507 0.0977605283 -0.3630386591 -0.1141585931 0.9931741357 -0.0239360631 0.3582206070 0.0636238903 0.9314665794
610.3 -101.6 2454.3 0.9275485277 0.0887300670 -0.3630160689 -0.1043848395 0.9942546487 -0.0236951690 0.3588279188 0.0598717928 0.9314815402
500.8 105.6 2416.9 0.5560604930 -0.2607580125 -0.7891780734 0.7867216468 0.4713886380 0.3985747397 0.2680779994 -0.8424950838 0.4672645628
380.0 -65.3 2358.7 -0.9653280377 -0.2607580125 -0.0121269152 -0.1163509265 0.4713886380 -0.8742169142 0.2336755544 -0.8424950838 -0.4853841066
754.2 77.1 2514.9 0.4531646073 0.5468440056 0.7039911151 -0.5293411016 0.8004990220 -0.2810681462 -0.7172446251 -0.2452812791 0.6522248387
840.6 -23.8 2378.2 -0.5803014040 0.5468440056 0.6034997106 0.1512189209 0.8004990220 -0.5799432397 -0.8002393842 -0.2452812791 -0.5472238660
509.8 -292.8 2410.9 0.9474700093 -0.0745850503 -0.3110267520 0.0557306297 0.9960528016 -0.0690858513 0.3149518371 0.0481230542 0.9478868842
538.7 -679.2 2392.2 0.9474591613 0.0153294383 -0.3195092380 0.0243536141 0.9924950600 0.1198351830 0.3189483285 -0.1213201433 0.9399752021
674.9 -309.7 2479.0 0.5560353398 0.0114495531 0.8310797811 0.0446300618 0.9980512857 -0.0436096936 -0.8299595118 0.0613396727 0.5544407964
670.5 -697.0 2455.2 0.5663934350 -0.0965328515 0.8184618950 -0.0402587727 0.9886898398 0.1444701999 -0.8231510520 -0.1147772521 0.5561011434
625.9 -35.7 2299.1 0 0 0 0 0 0 0 0 0
699.1 13.1 2183.0 0 0 0 0 0 0 0 0 0
533.0 -1049.1 2437.4 0 0 0 0 0 0 0 0 0
706.4 -1065.2 2497.9 0 0 0 0 0 0 0 0 0
652.7 286.6 2472.2  0.9281951785 0.1109544709 -0.3551658690 -0.1206012666 0.9926881194 -0.0050633596 0.3520071507 0.0475332402 0.9347895980
631.0 92.0 2462.9 0.9281951785 0.1109544709 -0.3551658690 -0.1206012666 0.9926881194 -0.0050633596 0.3520071507 0.0475332402 0.9347895980
611.4 -100.8 2453.7 0.9292236567 0.1007827222 -0.3555083573 -0.1109521240 0.9937912822 -0.0082764681 0.3524669707 0.0471350998 0.9346364737
504.1 107.2 2414.7 0.5176536441 -0.2796083689 -0.8086122870 0.8105219007 0.4629480541 0.3587942719 0.2740236223 -0.8411291838 0.4662754536
392.4 -67.6 2355.6 -0.9600471854 -0.2796083689 0.0113361608 -0.1451561004 0.4629480541 -0.8744191527 0.2392468601 -0.8411291838 -0.4850388467
757.9 76.9 2511.0 0.4980131090 0.5398408771 0.6786418557 -0.5462459922 0.8031037450 -0.2379908860 -0.6734970212 -0.2521828115 0.6948421597
849.4 -23.4 2387.4 -0.5837270617 0.5398408771 0.6064936519 0.1413075924 0.8031037450 -0.5788406730 -0.7995591760 -0.2521828115 -0.5450770259
508.5 -287.5 2413.2 0.9498925209 -0.0711341724 -0.3043749034 0.0595368035 0.9971082807 -0.0472276397 0.3068542480 0.0267396737 0.9513807893
536.7 -682.4 2402.6 0.9486808181 0.0490870401 -0.3124022484 -0.0024233160 0.9889788628 0.1480370015 0.3162259161 -0.1396828145 0.9383442402
676.1 -303.9 2474.9 0.5495210290 0.0390169919 0.8345683813 0.0257784948 0.9976415634 -0.0636146739 -0.8350821137 0.0564715154 0.5472191572
661.0 -691.0 2453.0 0.5602273941 -0.1267119050 0.8185898662 -0.0458032489 0.9819799662 0.1833504140 -0.8270715475 -0.1402119994 0.5443282723
637.0 -30.6 2294.7 0 0 0 0 0 0 0 0 0
706.6 11.2 2191.8 0 0 0 0 0 0 0 0 0
518.4 -1051.0 2454.6 0 0 0 0 0 0 0 0 0
708.2 -1056.8 2505.2 0 0 0 0 0 0 0 0 0
655.2 287.8 2469.1  0.9269545674 0.1026535854 -0.3608566523 -0.1097048968 0.9939637780 0.0009491079 0.3587758541 0.0387079604 0.9326208234
635.0 92.5 2461.5 0.9269545674 0.1026535854 -0.3608566523 -0.1097048968 0.9939637780 0.0009491079 0.3587758541 0.0387079604 0.9326208234
617.1 -100.6 2453.9 0.9278819561 0.0923824906 -0.3612485528 -0.1002471969 0.9949579239 -0.0030474192 0.3591455817 0.0390417986 0.9324645996
508.2 106.2 2412.4 0.5168986917 -0.2978665233 -0.8025529981 0.8150203824 0.4579902589 0.3549460471 0.2618349195 -0.8375681639 0.4795018435
398.0 -67.6 2356.6 -0.9545488954 -0.2978665233 0.0105820736 -0.1526242346 0.4579902589 -0.8757572770 0.2560122609 -0.8375681639 -0.4826357365
761.8 78.8 2510.5 0.5643208623 0.5116354227 0.6478974819 -0.5469931960 0.8195391297 -0.1707455367 -0.6183367968 -0.2580402493 0.7423441410
863.3 -19.6 2399.3 -0.5939668417 0.5116354227 0.6208321452 0.1203606427 0.8195391297 -0.5602400303 -0.7954349518 -0.2580402493 -0.5483598113
507.9 -284.9 2414.3 0.9485989213 -0.0770348758 -0.3069621623 0.0553015992 0.9953479171 -0.0788939819 0.3116117418 0.0578632466 0.9484460950
538.1 -675.0 2391.6 0.9467046261 -0.0599203482 -0.3164804280 0.1179122105 0.9788134098 0.1673948616 0.2997449338 -0.1957903951 0.9337125421
675.1 -303.7 2476.2 0.5549182892 0.0358034372 0.8311340213 0.0359613001 0.9971071482 -0.0669632629 -0.8311272264 0.0670477971 0.5520254970
661.2 -690.6 2450.2 0.5723637938 -0.0876935944 0.8152971864 -0.0993762538 0.9795184731 0.1751224846 -0.8139557838 -0.1812549531 0.5519262552
641.2 -28.7 2291.4 0 0 0 0 0 0 0 0 0
714.7 10.5 2200.2 0 0 0 0 0 0 0 0 0
560.3 -1037.4 2464.1 0 0 0 0 0 0 0 0 0
693.9 -1055.3 2517.6 0 0 0 0 0 0 0 0 0
661.2 287.7 2475.0  0.9382060766 0.1062795073 -0.3293539584 -0.1215422675 0.9922446012 -0.0260401424 0.3240321577 0.0644614473 0.9438473582
640.3 92.7 2462.4 0.9382060766 0.1062795073 -0.3293539584 -0.1215422675 0.9922446012 -0.0260401424 0.3240321577 0.0644614473 0.9438473582
621.5 -100.1 2450.1 0.9391944408 0.0964766294 -0.3295542896 -0.1118631139 0.9933289886 -0.0280020162 0.3246542811 0.0631643087 0.9437212944
512.0 107.9 2418.0 0.5104216933 -0.2914977074 -0.8090109825 0.8076403141 0.4855454862 0.3346082270 0.2952741086 -0.8241811991 0.4832582474
402.5 -65.4 2354.7 -0.9565670490 -0.2914977074 0.0029324342 -0.1506017298 0.4855454862 -0.8611415029 0.2495969534 -0.8241811991 -0.5083568692
768.5 77.5 2506.7 0.6180676222 0.4891023934 0.6154439449 -0.5446481705 0.8309615850 -0.1134073958 -0.5668781400 -0.2651069760 0.7799791694
877.4 -18.5 2406.7 -0.6166861057 0.4891023934 0.6168282032 0.1145028919 0.8309615850 -0.5444189310 -0.7788371444 -0.2651069760 -0.5684460998
515.6 -285.3 2414.8 0.9563603997 -0.0883810967 -0.2785024643 0.0743188560 0.9953870773 -0.0606737547 0.2825801671 0.0373279899 0.9585171342
550.1 -673.5 2400.3 0.9583151340 0.0105076851 -0.2855199873 -0.0013529538 0.9994791746 0.0322417244 0.2857100666 -0.0305114370 0.9578302503
682.2 -302.7 2478.5 0.5250765681 0.0563384891 0.8491881490 0.0259490218 0.9962827563 -0.0821423233 -0.8506593108 0.0651666149 0.5216628313
660.4 -689.4 2453.2 0.5416378379 -0.0937276259 0.8353703022 -0.1008939371 0.9793319702 0.1752976328 -0.8345351219 -0.1792316288 0.5209867358
646.3 -27.1 2291.1 0 0 0 0 0 0 0 0 0
722.1 10.3 2210.6 0 0 0 0 0 0 0 0 0
546.3 -1039.0 2411.4 0 0 0 0 0 0 0 0 0
695.3 -1054.5 2520.0 0 0 0 0 0 0 0 0 0
663.5 287.8 2476.5  0.9384495616 0.1027672812 -0.3297746181 -0.1191403568 0.9924309850 -0.0297711920 0.3242190182 0.0672282279 0.9435901642
643.3 92.8 2463.3 0.9384495616 0.1027672812 -0.3297746181 -0.1191403568 0.9924309850 -0.0297711920 0.3242190182 0.0672282279 0.9435901642
625.7 -100.1 2450.3 0.9395672083 0.0907405093 -0.3301206231 -0.1076695397 0.9936281443 -0.0333225168 0.3249934316 0.0668526813 0.9433503747
515.0 107.4 2418.9 0.5119530559 -0.2819285393 -0.8114310503 0.8035056591 0.4912162423 0.3362815678 0.3037807345 -0.8241497874 0.4780108333
405.3 -64.7 2353.8 -0.9593358040 -0.2819285393 0.0138244899 -0.1567053497 0.4912162423 -0.8568255901 0.2347727716 -0.8241497874 -0.5154210329
771.6 78.1 2507.7 0.6228744984 0.4785144925 0.6189113259 -0.5386087298 0.8360688090 -0.1043532118 -0.5673869252 -0.2683520913 0.7784980536
885.0 -20.0 2404.4 -0.6416360140 0.4785144925 0.5994389653 0.1243013516 0.8360688090 -0.5343576670 -0.7568700910 -0.2683520913 -0.5959318876
518.4 -283.1 2409.2 0.9562831521 -0.0803763196 -0.2811799645 0.0721021220 0.9966081381 -0.0396672897 0.2834145725 0.0176594872 0.9588348866
549.7 -670.8 2402.3 0.9586936831 0.0110182920 -0.2842269838 -0.0111801047 0.9999369383 0.0010530374 0.2842206657 0.0021681471 0.9587564468
686.7 -302.8 2466.9 0.5227550864 0.0715708137 0.8494732380 -0.0140365111 0.9970570207 -0.0753673315 -0.8523673415 0.0274750143 0.5222212672
659.0 -689.5 2456.3 0.5305948257 -0.1103681177 0.8404094577 -0.0748697445 0.9815087914 0.1761674285 -0.8443125486 -0.1563947648 0.5125202537
649.8 -24.8 2294.0 0 0 0 0 0 0 0 0 0
725.9 10.9 2216.7 0 0 0 0 0 0 0 0 0
545.6 -1040.1 2401.5 0 0 0 0 0 0 0 0 0
700.1 -1055.5 2514.6 0 0 0 0 0 0 0 0 0
665.3 287.7 2477.2  0.9491006732 0.0930919051 -0.3009016812 -0.1095723659 0.9932396412 -0.0383269340 0.2952995598 0.0693466291 0.9528846741
647.0 92.6 2463.6 0.9491006732 0.0930919051 -0.3009016812 -0.1095723659 0.9932396412 -0.0383269340 0.2952995598 0.0693466291 0.9528846741
631.0 -100.4 2450.3 0.9500194788 0.0824067146 -0.3011181951 -0.0991672799 0.9942348599 -0.0407787263 0.2960217595 0.0686016530 0.9527145028
517.3 106.1 2423.2 0.5174370408 -0.2814053297 -0.8081274629 0.7923617363 0.5141850710 0.3282933831 0.3231435716 -0.8102004528 0.4890332222
406.3 -63.8 2353.9 -0.9595885277 -0.2814053297 0.0009446251 -0.1516190022 0.5141850710 -0.8441714048 0.2370686233 -0.8102004528 -0.5360724926
776.7 79.0 2504.0 0.6094634533 0.4770643115 0.6332170963 -0.5423198938 0.8334643841 -0.1059541032 -0.5783108473 -0.2788310945 0.7666875720
888.1 -20.1 2398.3 -0.6613258123 0.4770643115 0.5788417459 0.1314778179 0.8334643841 -0.5367035866 -0.7384861112 -0.2788310945 -0.6139149070
523.8 -283.4 2408.4 0.9656055570 -0.0661806241 -0.2514479458 0.0554599948 0.9972334504 -0.0494935587 0.2540278137 0.0338459536 0.9666045308
549.5 -670.9 2395.3 0.9660573006 0.0067737256 -0.2582391500 0.0172586050 0.9957303405 0.0906818584 0.2577508092 -0.0920607224 0.9618156552
692.1 -302.6 2466.5 0.4958350956 0.0866308361 0.8640848994 -0.0191291105 0.9958599210 -0.0888654515 -0.8682059646 0.0275334343 0.4954394698
658.5 -689.0 2455.8 0.5058959723 -0.0996275619 0.8568218350 -0.1011076197 0.9796118736 0.1736023426 -0.8566484451 -0.1744559407 0.4855085909
650.9 -25.2 2293.5 0 0 0 0 0 0 0 0 0
728.0 11.8 2219.5 0 0 0 0 0 0 0 0 0
547.0 -1039.0 2429.3 0 0 0 0 0 0 0 0 0
695.7 -1054.4 2520.8 0 0 0 0 0 0 0 0 0
671.8 292.5 2477.6  0.9585714340 0.1005769446 -0.2665054202 -0.1163370460 0.9922354817 -0.0439816676 0.2600125968 0.0731640235 0.9628294110
652.0 97.1 2463.2 0.9585714340 0.1005769446 -0.2665054202 -0.1163370460 0.9922354817 -0.0439816676 0.2600125968 0.0731640235 0.9628294110
634.6 -95.7 2449.3 0.9596585631 0.0892273784 -0.2666343749 -0.1049633473 0.9934424162 -0.0453306697 0.2608411610 0.0714887977 0.9627311230
521.0 111.5 2427.6 0.5133293867 -0.2574278414 -0.8186720014 0.7864202261 0.5230028033 0.3286506832 0.3435639143 -0.8125262856 0.4709191620
408.0 -61.7 2352.0 -0.9662511945 -0.2574278414 0.0094650537 -0.1475610286 0.5230028033 -0.8394604325 0.2111502439 -0.8125262856 -0.5433383584
783.0 82.8 2498.8 0.5885555148 0.5078446865 0.6290438771 -0.5831264257 0.8055950999 -0.1047859192 -0.5599696040 -0.3051397800 0.7702751160
889.5 -22.8 2397.4 -0.6692829728 0.5078446865 0.5423597097 0.1459649354 0.8055950999 -0.5742044449 -0.7285290360 -0.3051397800 -0.6132985950
529.9 -284.6 2410.5 0.9742057920 -0.0625782013 -0.2168111503 0.0529744104 0.9973516464 -0.0498336703 0.2193554640 0.0370628089 0.9749407768
554.2 -672.0 2396.1 0.9744357467 0.0258970261 -0.2231687754 -0.0076859281 0.9965954423 0.0820877180 0.2245348096 -0.0782739520 0.9713172913
700.0 -302.2 2463.4 0.4621825814 0.1028125659 0.8808046579 -0.0346215144 0.9945911765 -0.0979275107 -0.8861086965 0.0147655979 0.4632422328
660.1 -688.2 2457.7 0.4693176448 -0.1026076674 0.8770476580 -0.0946935713 0.9816502929 0.1655168980 -0.8779373765 -0.1607307792 0.4509895146
654.2 -24.1 2298.1 0 0 0 0 0 0 0 0 0
730.1 12.0 2223.9 0 0 0 0 0 0 0 0 0
544.5 -1042.1 2425.2 0 0 0 0 0 0 0 0 0
698.4 -1054.5 2517.7 0 0 0 0 0 0 0 0 0
671.4 286.8 2471.3  0.9539729357 0.0948176011 -0.2845088840 -0.1052836776 0.9942057729 -0.0216849726 0.2808042467 0.0506410189 0.9584281445
652.8 91.7 2461.3 0.9539729357 0.0948176011 -0.2845088840 -0.1052836776 0.9942057729 -0.0216849726 0.2808042467 0.0506410189 0.9584281445
636.7 -101.5 2451.4 0.9549992681 0.0825931430 -0.2848767936 -0.0937742963 0.9952588677 -0.0258105490 0.2813943624 0.0513631776 0.9582166076
522.4 104.4 2422.9 0.5346387029 -0.2592901587 -0.8043196201 0.7796179652 0.5186280608 0.3510281146 0.3261245787 -0.8147352934 0.4794259071
411.9 -56.7 2355.5 -0.9657097459 -0.2592901587 -0.0131656108 -0.1277245730 0.5186280608 -0.8454060555 0.2260335237 -0.8147352934 -0.5339618921
783.2 78.9 2499.7 0.6173560619 0.4938295186 0.6123756170 -0.5692916512 0.8176808953 -0.0854692534 -0.5429350734 -0.2958553731 0.7859332561
894.7 -24.0 2401.6 -0.6770077944 0.4938295186 0.5457040071 0.1480201781 0.8176808953 -0.5563164949 -0.7209372520 -0.2958553731 -0.6266730428
531.4 -279.2 2412.2 0.9699181318 -0.0674800426 -0.2338916361 0.0573030636 0.9971017241 -0.0500453524 0.2365908176 0.0351371840 0.9709738493
557.6 -666.4 2398.5 0.9695060849 0.0448682979 -0.2409248054 -0.0245080534 0.9959198236 0.0868508294 0.2438386381 -0.0782978088 0.9666499496
703.2 -297.9 2458.8 0.4789800346 0.1125167906 0.8705849051 -0.0546768643 0.9936497211 -0.0983398035 -0.8761212826 -0.0004980490 0.4820904434
659.5 -683.5 2459.0 0.4824406505 -0.1078476831 0.8692640066 -0.0842417628 0.9820783734 0.1685984135 -0.8718683124 -0.1545670629 0.4647092521
658.0 -24.1 2297.9 0 0 0 0 0 0 0 0 0
734.5 11.0 2231.0 0 0 0 0 0 0 0 0 0
540.9 -1037.1 2427.7 0 0 0 0 0 0 0 0 0
699.8 -1050.0 2516.7 0 0 0 0 0 0 0 0 0
675.6 287.2 2467.1  0.9532631040 0.1016460210 -0.2845303118 -0.1092444137 0.9939549565 -0.0109201148 0.2817003429 0.0414930917 0.9586048722
655.6 91.5 2459.0 0.9532631040 0.1016460210 -0.2845303118 -0.1092444137 0.9939549565 -0.0109201148 0.2817003429 0.0414930917 0.9586048722
638.5 -101.7 2450.6 0.9544579983 0.0881809369 -0.2850158811 -0.0967236683 0.9951825142 -0.0160080343 0.2822312117 0.0428467765 0.9583891034
525.2 104.7 2420.4 0.5501316786 -0.2626942992 -0.7926833034 0.7770702839 0.5086450577 0.3707316816 0.3058053553 -0.8199218512 0.4839537144
412.8 -54.2 2357.9 -0.9647966027 -0.2626942992 -0.0126197552 -0.1273557395 0.5086450577 -0.8515049815 0.2301044911 -0.8199218512 -0.5241946578
786.0 78.3 2497.5 0.5881898403 0.4926748872 0.6413300037 -0.5702634454 0.8149718046 -0.1030561328 -0.5734390616 -0.3051104844 0.7603126168
889.8 -22.4 2396.3 -0.6734964252 0.4926748872 0.5510662794 0.1350685954 0.8149718046 -0.5635401011 -0.7267455459 -0.3051104844 -0.6154254675
535.1 -286.3 2416.3 0.9697374701 -0.0694898814 -0.2340521067 0.0612812676 0.9972292185 -0.0421726294 0.2363341749 0.0265533682 0.9713089466
562.1 -673.5 2406.0 0.9668741822 0.0968184173 -0.2361788601 -0.1020190716 0.9947334528 -0.0098700011 0.2339794189 0.0336377956 0.9716594815
706.1 -303.0 2466.6 0.4807511270 0.1167664677 0.8690477014 -0.0472147092 0.9931032658 -0.1073158979 -0.8755850196 0.0105604054 0.4829486012
660.8 -688.5 2462.5 0.4826145768 -0.1055180654 0.8694533110 -0.0639818832 0.9858160615 0.1551549584 -0.8734927177 -0.1305093020 0.4690179527
658.7 -21.7 2299.3 0 0 0 0 0 0 0 0 0
737.0 8.3 2231.4 0 0 0 0 0 0 0 0 0
526.3 -1041.5 2393.5 0 0 0 0 0 0 0 0 0
700.2 -1056.3 2511.2 0 0 0 0 0 0 0 0 0
677.3 287.9 2472.0  0.9510568976 0.1039364114 -0.2910119295 -0.1140216738 0.9933176041 -0.0178660508 0.2872103453 0.0501732975 0.9565525651
656.8 92.4 2462.2 0.9510568976 0.1039364114 -0.2910119295 -0.1140216738 0.9933176041 -0.0178660508 0.2872103453 0.0501732975 0.9565525651
639.1 -100.7 2452.3 0.9522503614 0.0910761505 -0.2914179265 -0.1018564627 0.9945557117 -0.0220046472 0.2878272831 0.0506367311 0.9563426971
526.7 106.3 2422.9 0.5558177829 -0.2580669522 -0.7902328968 0.7689713836 0.5207607746 0.3707981110 0.3158315420 -0.8137626648 0.4878942072
412.2 -52.2 2357.8 -0.9658510089 -0.2580669522 -0.0230930373 -0.1189301386 0.5207607746 -0.8453779221 0.2301900536 -0.8137626648 -0.5336692333
786.9 78.4 2501.5 0.6386451125 0.4227425754 0.6429783106 -0.5192896128 0.8533969522 -0.0452977382 -0.5678650737 -0.3049628139 0.7645436525
904.0 -16.8 2397.4 -0.7022051215 0.4227425754 0.5728845596 0.0957326293 0.8533969522 -0.5123952031 -0.7055092454 -0.3049628139 -0.6397299767
535.8 -286.2 2417.1 0.9683433175 -0.0656983405 -0.2408214808 0.0563621297 0.9973748326 -0.0454609692 0.2431759983 0.0304486137 0.9695041776
561.3 -673.4 2405.3 0.9667187333 0.0788247362 -0.2433959544 -0.0820270702 0.9966254830 -0.0030335996 0.2423354834 0.0228976943 0.9699222445
706.8 -303.5 2467.6 0.4857334793 0.1214927211 0.8656226397 -0.0479014069 0.9925053120 -0.1124218032 -0.8727934957 0.0131424917 0.4879127443
659.6 -688.7 2462.5 0.4875971079 -0.1165089905 0.8652599454 -0.0631504655 0.9837533832 0.1680513471 -0.8707818985 -0.1365829110 0.4723177254
658.4 -21.8 2299.1 0 0 0 0 0 0 0 0 0
737.3 6.0 2229.9 0 0 0 0 0 0 0 0 0
532.0 -1043.7 2396.7 0 0 0 0 0 0 0 0 0
703.1 -1055.9 2513.5 0 0 0 0 0 0 0 0 0
687.3 289.0 2474.5  0.9533511996 0.1239566356 -0.2752385736 -0.1329104453 0.9910285473 -0.0140451714 0.2710283101 0.0499720648 0.9612733722
662.9 93.9 2464.7 0.9533511996 0.1239566356 -0.2752385736 -0.1329104453 0.9910285473 -0.0140451714 0.2710283101 0.0499720648 0.9612733722
641.5 -98.7 2455.1 0.9549393654 0.1100591123 -0.2756406963 -0.1194476485 0.9926870465 -0.0174538866 0.2717040181 0.0495920368 0.9611022472
532.5 110.3 2427.6 0.5638844371 -0.3009826541 -0.7690538168 0.7689892650 0.5309280157 0.3560491502 0.3011476099 -0.7921646833 0.5308344364
412.7 -53.0 2363.6 -0.9533991814 -0.3009826541 -0.0209627282 -0.1492698044 0.5309280157 -0.8341666460 0.2621993721 -0.7921646833 -0.5511139631
793.3 77.6 2501.8 0.6589859724 0.4066880941 0.6327261329 -0.5227506757 0.8524785042 -0.0034888764 -0.5408042669 -0.3284588754 0.7743678093
915.6 -19.3 2401.5 -0.7144206762 0.4066880941 0.5693925619 0.0726841092 0.8524785042 -0.5176846981 -0.6959310770 -0.3284588754 -0.6385880113
536.1 -284.6 2416.7 0.9721909165 -0.0651635081 -0.2249411643 0.0558252670 0.9973036051 -0.0476346128 0.2274386734 0.0337525383 0.9732072949
561.4 -671.8 2403.6 0.9716884494 0.0592622720 -0.2287128121 -0.0567567833 0.9982342720 0.0175229311 0.2293474078 -0.0040458264 0.9733362198
706.7 -302.8 2468.3 0.4713100791 0.1184329391 0.8739796877 -0.0461896099 0.9928976893 -0.1096388996 -0.8807572722 0.0113051394 0.4734330475
660.8 -688.3 2463.9 0.4734791219 -0.1212612167 0.8724180460 -0.0632120818 0.9832460284 0.1709721833 -0.8785338402 -0.1360991150 0.4578813016
655.5 -15.0 2296.8 0 0 0 0 0 0 0 0 0
743.3 -1.8 2233.6 0 0 0 0 0 0 0 0 0
539.4 -1043.4 2405.1 0 0 0 0 0 0 0 0 0
706.0 -1055.3 2514.7 0 0 0 0 0 0 0 0 0
693.7 290.1 2476.2  0.9468719363 0.1163519248 -0.2998262644 -0.1267260611 0.9918194413 -0.0153197218 0.2955910265 0.0525016151 0.9538708329
670.8 95.0 2465.9 0.9468719363 0.1163519248 -0.2998262644 -0.1267260611 0.9918194413 -0.0153197218 0.2955910265 0.0525016151 0.9538708329
650.2 -97.8 2456.4 0.9480902553 0.1060559824 -0.2997948229 -0.1158523262 0.9931525588 -0.0150392568 0.2961470187 0.0489905030 0.9538851380
541.3 110.8 2425.5 0.5902955532 -0.3107104301 -0.7449900508 0.7610733509 0.5217283964 0.3854437470 0.2689210773 -0.7945178151 0.5444473624
412.9 -54.8 2367.0 -0.9504147172 -0.3107104301 0.0130747352 -0.1820297837 0.5217283964 -0.8334654570 0.2521449327 -0.7945178151 -0.5524168611
800.3 79.2 2506.4 0.6287471056 0.3972913623 0.6684584618 -0.5256284475 0.8506409526 -0.0111674070 -0.5730548501 -0.3443393111 0.7436656356
919.5 -20.5 2397.7 -0.7258321643 0.3972913623 0.5615400672 0.0616704114 0.8506409526 -0.5221175551 -0.6851017475 -0.3443393111 -0.6419236660
534.7 -280.7 2421.2 0.9643620849 -0.0896038413 -0.2489517033 0.0796320736 0.9955764413 -0.0498623736 0.2523183227 0.0282608420 0.9672315121
569.4 -667.1 2410.2 0.9597728848 0.1250603497 -0.2513880134 -0.1347571611 0.9906417727 -0.0216647871 0.2463260591 0.0546696112 0.9676439166
705.7 -302.1 2469.8 0.4935417175 0.1133884639 0.8622990251 -0.0478079766 0.9935029149 -0.1032780260 -0.8684071302 0.0097472407 0.4957560301
661.7 -687.8 2466.0 0.4950844347 -0.1238689125 0.8599697351 -0.0597595125 0.9825863838 0.1759340018 -0.8667873144 -0.1384935528 0.4790608883
654.9 -8.4 2302.8 0 0 0 0 0 0 0 0 0
746.0 -5.8 2233.9 0 0 0 0 0 0 0 0 0
523.0 -1034.9 2389.9 0 0 0 0 0 0 0 0 0
707.9 -1054.6 2517.7 0 0 0 0 0 0 0 0 0
697.5 290.0 2476.6  0.9453841448 0.1155830398 -0.3047775626 -0.1248562410 0.9921134114 -0.0110429144 0.3010975122 0.0484931767 0.9523595572
674.8 95.0 2467.1 0.9453841448 0.1155830398 -0.3047775626 -0.1248562410 0.9921134114 -0.0110429144 0.3010975122 0.0484931767 0.9523595572
653.9 -97.7 2457.8 0.9462345839 0.1078974828 -0.3049561977 -0.1173022985 0.9930159450 -0.0126299188 0.3014636338 0.0477229320 0.9522826076
545.6 111.1 2425.9 0.5492677689 -0.3184063733 -0.7726074457 0.7806060314 0.5254989862 0.3383859396 0.2982601821 -0.7889665365 0.5371896029
426.2 -58.6 2361.1 -0.9461393952 -0.3184063733 0.0586315878 -0.2276480496 0.5254989862 -0.8197726607 0.2302099913 -0.7889665365 -0.5696798563
804.1 79.0 2508.3 0.6303508282 0.4113577306 0.6583635807 -0.5400461555 0.8415896893 -0.0087730559 -0.5576808453 -0.3500166237 0.7526489496
923.6 -23.4 2402.5 -0.7245205045 0.4113577306 0.5530414581 0.0689122677 0.8415896893 -0.5357031822 -0.6857995987 -0.3500166237 -0.6380965710
544.7 -280.1 2420.4 0.9647915363 -0.0666267946 -0.2544369400 0.0569433011 0.9973517060 -0.0452447347 0.2567776144 0.0291632582 0.9660304189
570.6 -667.2 2409.1 0.9585126638 0.1221348345 -0.2575588226 -0.1246226802 0.9921815395 0.0067072525 0.2563642859 0.0256686825 0.9662393332
714.5 -300.9 2473.5 0.4975059628 0.1349558383 0.8568983078 -0.0552246310 0.9907476306 -0.1239733920 -0.8657009006 0.0143556101 0.5003557205
662.1 -685.4 2467.9 0.4961851239 -0.1206039265 0.8597993851 -0.0441794060 0.9855148196 0.1637336910 -0.8670919538 -0.1192276478 0.4836696088
666.9 -0.7 2302.5 0 0 0 0 0 0 0 0 0
747.7 -6.6 2236.1 0 0 0 0 0 0 0 0 0
525.1 -1036.5 2399.6 0 0 0 0 0 0 0 0 0
707.1 -1053.3 2512.4 0 0 0 0 0 0 0 0 0
701.1 292.8 2478.3  0.9399188757 0.1184780225 -0.3201804459 -0.1283925176 0.9916734695 -0.0099538667 0.3163351417 0.0504645966 0.9473043084
677.8 98.1 2468.4 0.9399188757 0.1184780225 -0.3201804459 -0.1283925176 0.9916734695 -0.0099538667 0.3163351417 0.0504645966 0.9473043084
656.5 -94.6 2459.6 0.9410735369 0.1095822155 -0.3199566901 -0.1183440387 0.9929403663 -0.0080068344 0.3168205023 0.0453999862 0.9473983645
549.3 114.3 2425.1 0.5302650928 -0.3332960308 -0.7795721292 0.8004074693 0.5000084639 0.3306651115 0.2795833051 -0.7993155122 0.5319096446
433.1 -61.1 2363.8 -0.9403021336 -0.3332960308 0.0688886270 -0.2382299602 0.5000084639 -0.8326091766 0.2430604249 -0.7993155122 -0.5495601296
806.4 81.9 2511.7 0.5899205208 0.4026261270 0.6999185681 -0.5272046924 0.8486082554 -0.0438093841 -0.6115954518 -0.3431562781 0.7128778100
923.4 -22.7 2390.3 -0.7381027341 0.4026261270 0.5413839817 0.0792579502 0.8486082554 -0.5230508447 -0.6700168252 -0.3431562781 -0.6582713723
548.2 -280.0 2421.6 0.9613164663 -0.0586860962 -0.2691217959 0.0467070714 0.9976208210 -0.0507063828 0.2714572549 0.0361749902 0.9617704153
571.0 -667.2 2407.5 0.9567194581 0.1002723053 -0.2731911242 -0.0940462723 0.9949229956 0.0358259417 0.2753964961 -0.0085827671 0.9612924457
717.7 -301.0 2475.6 0.5117007494 0.1420079768 0.8473464847 -0.0546308421 0.9896277785 -0.1328622848 -0.8574250937 0.0216944795 0.5141512752
662.6 -685.1 2467.2 0.5121785998 -0.1146710590 0.8511895537 -0.0586947165 0.9840570688 0.1678886414 -0.8568710685 -0.1359492987 0.4972824156
672.5 -0.4 2301.9 0 0 0 0 0 0 0 0 0
740.2 -3.0 2224.0 0 0 0 0 0 0 0 0 0
533.6 -1037.7 2410.7 0 0 0 0 0 0 0 0 0
705.4 -1052.4 2517.9 0 0 0 0 0 0 0 0 0
705.2 294.5 2477.6  0.9470273256 0.1090711728 -0.3020640612 -0.1178332493 0.9929738045 -0.0108801369 0.2987549901 0.0458969772 0.9532255530
683.7 98.7 2468.6 0.9470273256 0.1090711728 -0.3020640612 -0.1178332493 0.9929738045 -0.0108801369 0.2987549901 0.0458969772 0.9532255530
664.9 -94.3 2459.4 0.9482182860 0.0966396332 -0.3025605679 -0.1063288599 0.9942074418 -0.0156766120 0.2992929816 0.0470357724 0.9530012012
554.2 113.2 2427.7 0.5224296451 -0.3443580866 -0.7800543308 0.8072813153 0.4942827523 0.3224614561 0.2745251954 -0.7981867194 0.5362218022
437.7 -66.8 2366.5 -0.9327102900 -0.3443580866 0.1070933715 -0.2770961225 0.4942827523 -0.8239552975 0.2308012396 -0.7981867194 -0.5564429164
813.2 84.1 2509.5 0.5663831830 0.4350480437 0.6999595165 -0.5676673651 0.8216550946 -0.0513489917 -0.5974645615 -0.3682609499 0.7123341560
921.5 -24.4 2395.2 -0.7178537846 0.4350480437 0.5435247421 0.0696217865 0.8216550946 -0.5657170415 -0.6927039027 -0.3682609499 -0.6201170087
551.0 -276.8 2422.4 0.9674804807 -0.0318284743 -0.2509350777 0.0181096904 0.9982217550 -0.0567919947 0.2522964776 0.0504007936 0.9663364887
563.3 -664.1 2402.8 0.9674375057 -0.0108133145 -0.2528789341 0.0232779179 0.9986539483 0.0463509224 0.2520373464 -0.0507281162 0.9663869739
719.6 -298.0 2479.1 0.4964290261 0.1354934424 0.8574379086 -0.0470408686 0.9904912710 -0.1292835623 -0.8668017983 0.0238454882 0.4980823398
667.0 -682.5 2469.9 0.4985938370 -0.1007184237 0.8609645367 -0.0672209412 0.9857434630 0.1542438418 -0.8642253876 -0.1347798705 0.4847152531
675.1 3.7 2307.7 0 0 0 0 0 0 0 0 0
746.7 -7.4 2226.6 0 0 0 0 0 0 0 0 0
567.3 -1033.9 2421.6 0 0 0 0 0 0 0 0 0
704.6 -1050.4 2520.2 0 0 0 0 0 0 0 0 0
705.6 291.4 2477.8  0.9495208263 0.1096371040 -0.2939215899 -0.1172081977 0.9930734038 -0.0082128448 0.2909852564 0.0422482863 0.9557942748
684.0 96.2 2469.5 0.9495208263 0.1096371040 -0.2939215899 -0.1172081977 0.9930734038 -0.0082128448 0.2909852564 0.0422482863 0.9557942748
664.9 -96.7 2460.9 0.9505431056 0.0988245904 -0.2944512069 -0.1074632183 0.9941205978 -0.0132614728 0.2914094329 0.0442482717 0.9555745125
554.2 110.9 2429.7 0.5147025585 -0.3497464955 -0.7827889919 0.8122464418 0.4912021756 0.3146046996 0.2744757831 -0.7977454662 0.5369033813
440.0 -69.3 2368.8 -0.9287232757 -0.3497464955 0.1230873093 -0.2936654091 0.4912021756 -0.8200494051 0.2263486534 -0.7977454662 -0.5588993430
813.9 81.6 2509.3 0.5726115704 0.4375530481 0.6932988763 -0.5720937848 0.8189871311 -0.0443716198 -0.5872177482 -0.3712242544 0.7192828655
922.3 -26.8 2398.1 -0.7185485959 0.4375530481 0.5405879021 0.0702652112 0.8189871311 -0.5694935322 -0.6919181943 -0.3712242544 -0.6192267537
561.2 -277.8 2423.5 0.9700646996 -0.0095453737 -0.2426589578 -0.0054424447 0.9981217384 -0.0610196665 0.2427856326 0.0605136827 0.9681907296
564.9 -665.1 2400.0 0.9700790644 0.0219368041 -0.2417961657 -0.0047984137 0.9974475503 0.0712416992 0.2427418083 -0.0679498464 0.9677082300
731.1 -296.8 2477.1 0.4881685078 0.1526018232 0.8593044877 -0.0548632182 0.9880132079 -0.1442912519 -0.8710232973 0.0232942346 0.4906891286
671.8 -680.3 2468.0 0.4917468131 -0.0764887631 0.8673722148 -0.0956380442 0.9853628874 0.1411146075 -0.8654700518 -0.1523464471 0.4772338271
676.5 5.5 2311.1 0 0 0 0 0 0 0 0 0
751.7 -10.1 2233.8 0 0 0 0 0 0 0 0 0
556.8 -1035.6 2425.2 0 0 0 0 0 0 0 0 0
700.4 -1048.0 2524.9 0 0 0 0 0 0 0 0 0
707.9 288.7 2478.9  0.9421693087 0.1090143323 -0.3169114888 -0.1169441789 0.9931200743 -0.0060486831 0.3140717745 0.0427598357 0.9484358430
686.4 93.4 2470.5 0.9421693087 0.1090143323 -0.3169114888 -0.1169441789 0.9931200743 -0.0060486831 0.3140717745 0.0427598357 0.9484358430
666.9 -99.5 2461.7 0.9429088235 0.1007593423 -0.3174437284 -0.1099393964 0.9938763976 -0.0110901427 0.3143824041 0.0453565642 0.9482122660
557.7 108.4 2427.5 0.5254308581 -0.3526873291 -0.7742958665 0.8087573051 0.4896787703 0.3257702887 0.2642611861 -0.7973871827 0.5425307751
441.2 -70.8 2369.0 -0.9276993275 -0.3526873291 0.1224158555 -0.2944567204 0.4896787703 -0.8206765056 0.2294977605 -0.7973871827 -0.5581257939
815.2 78.4 2513.4 0.5488044620 0.4139318764 0.7262741327 -0.5353007317 0.8413246274 -0.0750070363 -0.6420800686 -0.3476108611 0.6833007336
922.5 -26.2 2387.9 -0.7454932928 0.4139318764 0.5223984122 0.0941609964 0.8413246274 -0.5322655439 -0.6598283052 -0.3476108611 -0.6661781073
560.5 -280.1 2426.2 0.9636487365 -0.0236304980 -0.2661254406 0.0083439415 0.9982568622 -0.0584261268 0.2670421898 0.0540817268 0.9621661305
569.7 -667.5 2405.2 0.9616352320 0.0623322241 -0.2671561539 -0.0532390215 0.9977334142 0.0411535613 0.2691158056 -0.0253515821 0.9627740979
730.8 -299.3 2478.4 0.5108059049 0.1453402787 0.8473213911 -0.0446847901 0.9887620807 -0.1426633447 -0.8585339785 0.0350109003 0.5115600228
674.4 -683.1 2464.8 0.5149555802 -0.0551174171 0.8554430604 -0.1030877084 0.9867064953 0.1256311536 -0.8509957194 -0.1528801322 0.5024280548
677.6 4.2 2310.5 0 0 0 0 0 0 0 0 0
739.6 -3.1 2226.0 0 0 0 0 0 0 0 0 0
546.5 -1038.4 2414.6 0 0 0 0 0 0 0 0 0
695.0 -1051.3 2521.9 0 0 0 0 0 0 0 0 0
706.9 289.3 2479.9  0.9459140897 0.0957247242 -0.3099730611 -0.1069378704 0.9940775037 -0.0193443932 0.3062855303 0.0514459945 0.9505485296
688.0 93.6 2469.8 0.9459140897 0.0957247242 -0.3099730611 -0.1069378704 0.9940775037 -0.0193443932 0.3062855303 0.0514459945 0.9505485296
670.6 -99.4 2459.3 0.9463491440 0.0900296643 -0.3103513420 -0.1022805125 0.9944804907 -0.0233939122 0.3065322042 0.0538817048 0.9503340125
558.8 107.6 2427.9 0.5341657400 -0.3374416232 -0.7751129866 0.8022821546 0.4913636446 0.3389765024 0.2664775848 -0.8029289842 0.5331929922
441.6 -68.5 2369.4 -0.9361094832 -0.3374416232 0.0991572887 -0.2650045753 0.4913636446 -0.8296591640 0.2312392443 -0.8029289842 -0.5493937731
817.3 79.6 2511.7 0.5434156060 0.4189932942 0.7274228930 -0.5531706810 0.8305177689 -0.0651337728 -0.6314282417 -0.3669943213 0.6830911636
920.9 -25.8 2391.3 -0.7387387753 0.4189932942 0.5279295444 0.0768034756 0.8305177689 -0.5516715050 -0.6696015596 -0.3669943213 -0.6457158327
562.9 -282.6 2424.7 0.9656311274 -0.0264778081 -0.2585642934 0.0099059148 0.9978239536 -0.0651858449 0.2597276270 0.0603841655 0.9637921453
573.2 -669.9 2401.3 0.9646830559 0.0442189388 -0.2596752942 -0.0241956320 0.9965166450 0.0798065662 0.2622997165 -0.0707050413 0.9623926878
731.8 -302.3 2481.0 0.5026138425 0.1486638784 0.8516327739 -0.0475173891 0.9883648753 -0.1444886327 -0.8632041812 0.0321546197 0.5038300157
674.1 -686.0 2468.5 0.5059604645 -0.0659454241 0.8600321412 -0.0905485228 0.9875032306 0.1289897114 -0.8577907681 -0.1431383342 0.4936662912
680.0 -1.0 2310.5 0 0 0 0 0 0 0 0 0
746.4 -7.6 2233.2 0 0 0 0 0 0 0 0 0
556.7 -1040.7 2427.6 0 0 0 0 0 0 0 0 0
698.7 -1054.5 2521.9 0 0 0 0 0 0 0 0 0
706.5 291.7 2478.4  0.9413072467 0.0938012376 -0.3242560327 -0.1039367989 0.9944847822 -0.0140400082 0.3211507499 0.0469180942 0.9458651543
688.0 95.7 2469.2 0.9413072467 0.0938012376 -0.3242560327 -0.1039367989 0.9944847822 -0.0140400082 0.3211507499 0.0469180942 0.9458651543
671.2 -97.5 2459.6 0.9418728352 0.0863454267 -0.3246844709 -0.0976904631 0.9950398207 -0.0187716279 0.3214531243 0.0493990667 0.9456360936
559.3 109.0 2425.3 0.5353289247 -0.3362836242 -0.7748137116 0.8052921295 0.4799396396 0.3480840921 0.2548088133 -0.8102908731 0.5277321339
441.9 -67.7 2369.4 -0.9375041723 -0.3362836242 0.0894384161 -0.2523137331 0.4799396396 -0.8402355313 0.2396324128 -0.8102908731 -0.5347943902
816.6 82.3 2513.1 0.5481285453 0.4402765632 0.7111340761 -0.5753657818 0.8155835867 -0.0614623055 -0.6070497036 -0.3754729629 0.7003647089
918.5 -24.7 2400.2 -0.7129998207 0.4402765632 0.5456993580 0.0634247884 0.8155835867 -0.5751527548 -0.6982896924 -0.3754729629 -0.6094354391
568.3 -283.3 2421.4 0.9615187645 -0.0281742103 -0.2732907534 0.0150537323 0.9986363649 -0.0499883108 0.2743264735 0.0439506546 0.9606317282
579.3 -670.9 2404.3 0.9500418305 0.1481521279 -0.2747207582 -0.1355972439 0.9886783361 0.0642533898 0.2811297476 -0.0237920322 0.9593747854
737.9 -301.6 2476.3 0.5115591288 0.1656721383 0.8431251645 -0.0780198798 0.9861386418 -0.1464360505 -0.8556986451 0.0091301734 0.5173938870
673.6 -684.3 2472.8 0.5098341703 -0.0676804930 0.8576062322 -0.0496833287 0.9929200411 0.1078951806 -0.8588368297 -0.0976173803 0.5028619766
680.8 -3.4 2308.3 0 0 0 0 0 0 0 0 0
754.5 -10.1 2239.6 0 0 0 0 0 0 0 0 0
524.4 -1037.0 2413.1 0 0 0 0 0 0 0 0 0
698.8 -1054.5 2509.2 0 0 0 0 0 0 0 0 0
705.8 291.3 2479.2  0.9388724566 0.0964339003 -0.3304829895 -0.1070870683 0.9941491485 -0.0141351232 0.3271862864 0.0486615337 0.9437060952
686.8 95.5 2469.6 0.9388724566 0.0964339003 -0.3304829895 -0.1070870683 0.9941491485 -0.0141351232 0.3271862864 0.0486615337 0.9437060952
669.7 -97.6 2459.8 0.9395651221 0.0878970474 -0.3308950365 -0.0996131450 0.9948527217 -0.0185811743 0.3275586069 0.0504197180 0.9434846044
558.4 109.1 2424.9 0.5302447081 -0.3304294944 -0.7808052897 0.8083497882 0.4748276770 0.3480075598 0.2557559907 -0.8156929612 0.5188774467
442.3 -67.9 2368.9 -0.9386469722 -0.3304294944 0.0987835154 -0.2557743490 0.4748276770 -0.8420915604 0.2313467264 -0.8156929612 -0.5302109718
815.1 81.9 2514.4 0.5598288774 0.4392237961 0.7026194334 -0.5680689216 0.8207576871 -0.0604522228 -0.6032323837 -0.3652933538 0.7089932561
917.4 -21.8 2404.2 -0.6867429018 0.4392237961 0.5791947842 0.0445955284 0.8207576871 -0.5695331693 -0.7255311012 -0.3652933538 -0.5832369328
570.1 -281.9 2421.2 0.9601131082 -0.0003245890 -0.2796117663 -0.0152257504 0.9984549880 -0.0534402765 0.2791970968 0.0555660091 0.9586247206
570.2 -669.3 2399.7 0.9538383484 0.1150115505 -0.2774252594 -0.0985072330 0.9924727082 0.0727613941 0.2837054133 -0.0420742147 0.9579880238
738.8 -299.4 2478.8 0.5183589458 0.1722209007 0.8376418948 -0.0706893951 0.9847882390 -0.1587296873 -0.8522364497 0.0230665579 0.5226480365
672.0 -681.6 2469.9 0.5175182819 -0.0857931525 0.8513603210 -0.0606987365 0.9887735844 0.1365376115 -0.8535165787 -0.1223371997 0.5065008402
681.5 -2.8 2309.9 0 0 0 0 0 0 0 0 0
760.8 -11.7 2238.7 0 0 0 0 0 0 0 0 0
527.5 -1038.0 2415.3 0 0 0 0 0 0 0 0 0
703.9 -1050.3 2515.5 0 0 0 0 0 0 0 0 0
705.5 292.5 2476.6  0.9417731166 0.1017381772 -0.3204882741 -0.1090574041 0.9940232635 -0.0049212975 0.3180721402 0.0395863652 0.9472396970
685.4 96.4 2468.8 0.9417731166 0.1017381772 -0.3204882741 -0.1090574041 0.9940232635 -0.0049212975 0.3180721402 0.0395863652 0.9472396970
668.5 -96.8 2460.1 0.9429348111 0.0870739445 -0.3213907480 -0.0968181342 0.9951974750 -0.0144292219 0.3185908496 0.0447222702 0.9468367100
556.6 109.6 2425.3 0.5187547207 -0.3387761116 -0.7849358320 0.8143602014 0.4752645791 0.3330781162 0.2602132857 -0.8120063543 0.5224315524
442.1 -70.2 2367.8 -0.9324507713 -0.3387761116 0.1255637407 -0.2847741842 0.4752645791 -0.8324825764 0.2223492116 -0.8120063543 -0.5396355391
814.3 83.2 2512.3 0.6065320373 0.4407152534 0.6617317796 -0.5751057863 0.8178900480 -0.0175849386 -0.5489737391 -0.3698999286 0.7495344281
928.7 -25.3 2408.7 -0.6932883859 0.4407152534 0.5701940656 0.0483830534 0.8178900480 -0.5733367205 -0.7190343142 -0.3698999286 -0.5883567929
568.5 -281.8 2420.7 0.9628486037 0.0083172666 -0.2699137628 -0.0225502364 0.9985108972 -0.0496735759 0.2690986693 0.0539147519 0.9616023898
565.2 -669.3 2399.8 0.9606001973 0.0777643546 -0.2668331265 -0.0601108670 0.9954662323 0.0737137645 0.2713556886 -0.0547698848 0.9609195590
736.8 -299.6 2479.4 0.5121808648 0.1670346707 0.8424785733 -0.0607438944 0.9854949713 -0.1584609598 -0.8567268848 0.0299852416 0.5148980021
672.0 -682.1 2467.8 0.5138149261 -0.0949981287 0.8526250720 -0.0769705325 0.9847373366 0.1561023891 -0.8544411659 -0.1458347440 0.4986606836
679.6 2.4 2311.1 0 0 0 0 0 0 0 0 0
762.5 -13.7 2236.3 0 0 0 0 0 0 0 0 0
536.3 -1039.8 2420.2 0 0 0 0 0 0 0 0 0
707.4 -1049.4 2522.1 0 0 0 0 0 0 0 0 0
704.1 289.4 2476.8  0.9429444075 0.1003632024 -0.3174634874 -0.1088521630 0.9940165877 -0.0090683084 0.3146538436 0.0431074984 0.9482271075
684.3 93.4 2468.3 0.9429444075 0.1003632024 -0.3174634874 -0.1088521630 0.9940165877 -0.0090683084 0.3146538436 0.0431074984 0.9482271075
667.1 -99.7 2459.2 0.9439003468 0.0884991512 -0.3181509376 -0.0987847224 0.9949752092 -0.0163082313 0.3151090443 0.0468217991 0.9478998184
555.3 106.9 2425.2 0.5184184909 -0.3503523767 -0.7800612450 0.8161579370 0.4749614298 0.3290863335 0.2552028000 -0.8072575927 0.5321716666
442.0 -71.5 2369.5 -0.9261971116 -0.3503523767 0.1393271983 -0.3038982749 0.4749614298 -0.8258677125 0.2231696844 -0.8072575927 -0.5463793874
813.2 79.9 2511.3 0.6134930253 0.4488102794 0.6497658491 -0.5758470893 0.8172921538 -0.0208243206 -0.5403946638 -0.3613902032 0.7598491311
927.7 -27.5 2410.5 -0.6803408861 0.4488102794 0.5794011354 0.0502966344 0.8172921538 -0.5740242004 -0.7311679721 -0.3613902032 -0.5786108971
567.2 -281.3 2422.9 0.9635531306 -0.0215655789 -0.2666463554 0.0070107607 0.9984387159 -0.0554167256 0.2674251199 0.0515275672 0.9621999264
575.5 -668.7 2402.9 0.9572120905 0.1121145412 -0.2667869627 -0.0885008499 0.9911456704 0.0989844203 0.2755223513 -0.0711382106 0.9586588740
736.1 -298.6 2480.0 0.5103493929 0.1550868452 0.8458673358 -0.0520327576 0.9873709083 -0.1496373415 -0.8583915830 0.0323545188 0.5119737387
675.9 -681.9 2467.4 0.5143866539 -0.0449077226 0.8563817143 -0.1167335287 0.9856658578 0.1218033731 -0.8495761752 -0.1626224965 0.5017711520
678.0 6.0 2312.6 0 0 0 0 0 0 0 0 0
762.9 -15.3 2233.4 0 0 0 0 0 0 0 0 0
533.8 -1037.8 2429.4 0 0 0 0 0 0 0 0 0
692.7 -1049.2 2528.0 0 0 0 0 0 0 0 0 0
703.9 290.2 2475.9  0.9435014725 0.1006996259 -0.3156970143 -0.1082708985 0.9941002727 -0.0064879381 0.3131811619 0.0403021798 0.9488378763
684.1 94.5 2467.9 0.9435014725 0.1006996259 -0.3156970143 -0.1082708985 0.9941002727 -0.0064879381 0.3131811619 0.0403021798 0.9488378763
666.5 -98.7 2459.5 0.9443287849 0.0906569511 -0.3162664771 -0.0996712372 0.9949430823 -0.0124069899 0.3135423660 0.0432389490 0.9485892653
555.1 108.1 2425.1 0.5119879246 -0.3661263585 -0.7770584822 0.8224942684 0.4698417187 0.3205494881 0.2477328628 -0.8032435775 0.5416901112
442.0 -73.5 2370.4 -0.9167370796 -0.3661263585 0.1598269343 -0.3303630352 0.4698417187 -0.8186018467 0.2246183604 -0.8032435775 -0.5516759157
813.1 80.8 2510.8 0.6233276725 0.4350511134 0.6497639418 -0.5660853386 0.8242990375 -0.0088579198 -0.5394534469 -0.3623004556 0.7600844502
933.3 -28.3 2406.7 -0.6930678487 0.4350511134 0.5747934580 0.0497016683 0.8242990375 -0.5639688373 -0.7191569805 -0.3623004556 -0.5929179192
565.4 -284.0 2421.9 0.9638107419 -0.0260500405 -0.2653116584 0.0188347790 0.9993813038 -0.0297037847 0.2659212649 0.0236317404 0.9637050629
575.5 -671.8 2412.7 0.9544669986 0.1357483715 -0.2656410635 -0.1451860517 0.9892730117 -0.0161236245 0.2606027722 0.0539568439 0.9639371634
734.5 -301.7 2478.3 0.5084575415 0.1509247422 0.8477573991 -0.0563212745 0.9882407784 -0.1421550661 -0.8592431545 0.0245330408 0.5109787583
675.9 -685.4 2468.8 0.5106808543 -0.0566197038 0.8579040170 -0.0900332481 0.9888214469 0.1188536659 -0.8550432920 -0.1379361749 0.4998745322
675.6 10.7 2313.2 0 0 0 0 0 0 0 0 0
761.8 -16.0 2228.7 0 0 0 0 0 0 0 0 0
525.3 -1037.7 2392.7 0 0 0 0 0 0 0 0 0
697.0 -1054.0 2520.2 0 0 0 0 0 0 0 0 0
704.2 292.8 2475.9  0.9611377120 0.0997592509 -0.2574149072 -0.1061369851 0.9942910671 -0.0109648826 0.2548514903 0.0378600024 0.9662387371
684.5 97.1 2468.5 0.9611377120 0.0997592509 -0.2574149072 -0.1061369851 0.9942910671 -0.0109648826 0.2548514903 0.0378600024 0.9662387371
667.8 -96.1 2460.2 0.9622244239 0.0865548775 -0.2581325173 -0.0945317149 0.9953475595 -0.0186281726 0.2553192079 0.0423261896 0.9659299254
553.3 110.0 2433.7 0.4953615069 -0.3774394095 -0.7824043036 0.8180269599 0.5057601333 0.2739316225 0.2923163176 -0.7757229805 0.5592897534
441.6 -74.5 2367.7 -0.9128640890 -0.3774394095 0.1556232423 -0.3439849019 0.5057601333 -0.7911264300 0.2198942751 -0.7757229805 -0.5915237665
815.8 84.2 2503.3 0.6293292046 0.4603280127 0.6261333227 -0.6009630561 0.7991057634 0.0165345464 -0.4927354157 -0.3866886497 0.7795407176
934.9 -29.6 2410.0 -0.6919392943 0.4603280127 0.5561637878 0.0500802882 0.7991057634 -0.5991009474 -0.7202166319 -0.3866886497 -0.5759860277
564.3 -282.9 2423.1 0.9778110385 -0.0343439579 -0.2066544294 0.0302203130 0.9992767572 -0.0230789408 0.2072976083 0.0163216814 0.9781417847
