-532.5 463.9 2337.8 1 0.8157414198 0.4971177876 -0.2957022190 -0.4473217428 0.8662922382 0.2223533541 0.3667003512 -0.0491088033 0.9290421009
-633.2 288.3 2347.8 0.8157414198 0.4971177876 -0.2957022190 -0.4473217428 0.8662922382 0.2223533541 0.3667003512 -0.0491088033 0.9290421009
-729.1 118.0 2356.7 0.8180461526 0.4916254878 -0.2985044420 -0.4432754815 0.8696145415 0.2174335867 0.3664796948 -0.0455510020 0.9293103814
-749.2 351.5 2295.8 0.5113905072 -0.5579999685 -0.6535409689 0.8492398262 0.4444597363 0.2850390077 0.1314208657 -0.7007792592 0.7011682987
-877.1 139.0 2262.9 0.1479088664 -0.5640424490 -0.8123909831 0.9039665461 0.4103292823 -0.1203096211 0.4012075365 -0.7165793777 0.5705668330
-517.3 225.2 2399.8 -0.0807662234 0.9962686896 -0.0304219127 -0.9855891466 -0.0752747208 0.1514849961 0.1486297548 0.0422183797 0.9879912734
-538.9 -37.8 2439.4 0.2149292082 0.9748023152 -0.0597151779 -0.9491118193 0.1940702796 -0.2480392456 -0.2302002758 0.1099872589 0.9669077396
-898.0 -1.1 2351.7 0.9498121142 -0.2920240462 0.1121558696 0.2626433671 0.5496844053 -0.7930104136 0.1699277610 0.7826678753 0.5987950563
-784.6 -214.5 2047.8 0.9498121142 -0.2392210364 -0.2015695423 0.2626433671 0.9598577619 0.0984458327 0.1699277610 -0.1464459449 0.9745143056
-748.5 -83.5 2401.4 0.9418589473 -0.1189652309 -0.3142435253 0.0719337538 0.9849322438 -0.1572705209 0.3282183111 0.1255219281 0.9362248778
-702.1 -467.7 2352.5 0.9543130994 0.0154273389 -0.2984099686 -0.0998834223 0.9576894045 -0.2699154317 0.2816199958 0.2873900533 0.9154764414
-918.8 -115.6 2149.9 0 0 0 0 0 0 0 0 0
-483.6 -281.7 2380.3 0 0 0 0 0 0 0 0 0
-676.0 -650.6 2114.4 0 0 0 0 0 0 0 0 0
-707.8 -823.5 2245.7 0 0 0 0 0 0 0 0 0
-538.2 461.3 2352.5 2 0.7836706638 0.4797251225 -0.3946189582 -0.4232243299 0.8773598075 0.2260992974 0.4546883404 -0.0101750437 0.8905925155
-634.8 284.5 2354.6 0.7836706638 0.4797251225 -0.3946189582 -0.4232243299 0.8773598075 0.2260992974 0.4546883404 -0.0101750437 0.8905925155
-727.0 112.0 2356.3 0.7861044407 0.4735784233 -0.3971942365 -0.4187359214 0.8807181120 0.2213499844 0.4546427429 -0.0076847123 0.8906407356
-745.9 344.2 2290.2 0.5122278333 -0.4823191762 -0.7106270790 0.8428991437 0.4410421252 0.3082253933 0.1647534668 -0.7568686008 0.6324604750
-874.8 132.0 2248.7 0.1429999918 -0.4833644927 -0.8636606932 0.8956131935 0.4345855117 -0.0949337408 0.4212220311 -0.7599303722 0.4950533509
-523.8 224.9 2419.0 -0.1146182716 0.9829966426 -0.1434580386 -0.9916990399 -0.1047506258 0.0745675713 0.0582723543 0.1508140117 0.9868431687
-554.4 -40.0 2434.5 0.2360254377 0.9553558826 -0.1777278334 -0.9269270897 0.1664370298 -0.3363107443 -0.2917159498 0.2441186309 0.9248285890
-898.5 -12.3 2332.7 0.9247192740 -0.3525453508 0.1435479373 0.3442511559 0.6136230230 -0.7106038928 0.1624357998 0.7065256834 0.6887931824
-761.9 -249.9 2059.1 0.9247192740 -0.3017416894 -0.2320478559 0.3442511559 0.9230733514 0.1715420932 0.1624357998 -0.2385110110 0.9574586749
-747.2 -93.9 2400.3 0.8989248276 -0.1620953232 -0.4070125818 0.1136835366 0.9835164547 -0.1406110376 0.4230959713 0.0801281258 0.9025349021
-685.3 -469.5 2369.7 0.9202635288 0.0385034010 -0.3894002736 -0.1397671849 0.9618442655 -0.2352036387 0.3654862642 0.2708747089 0.8905316591
-915.1 -120.2 2130.1 0 0 0 0 0 0 0 0 0
-493.3 -280.1 2359.0 0 0 0 0 0 0 0 0 0
-621.6 -679.0 2169.9 0 0 0 0 0 0 0 0 0
-699.7 -829.1 2268.4 0 0 0 0 0 0 0 0 0
-542.9 461.8 2367.4 3 0.7505314350 0.4557005763 -0.4785808027 -0.4045733809 0.8894779682 0.2124836445 0.5225160122 0.0341454037 0.8519455194
-634.5 282.9 2360.5 0.7505314350 0.4557005763 -0.4785808027 -0.4045733809 0.8894779682 0.2124836445 0.5225160122 0.0341454037 0.8519455194
-721.5 108.0 2353.9 0.7536642551 0.4475591481 -0.4813325703 -0.3983892500 0.8935410380 0.2070517093 0.5227583051 0.0357102491 0.8517326713
-741.0 339.7 2286.5 0.5077303052 -0.4150077701 -0.7549692392 0.8365026712 0.4471148551 0.3167832196 0.2060904652 -0.7923741937 0.5741688609
-871.3 125.0 2233.6 0.1169264913 -0.4167146087 -0.9014860392 0.8967527151 0.4343922436 -0.0844865590 0.4268053472 -0.7985313535 0.4244818985
-528.1 226.1 2434.6 -0.1661896855 0.9567559958 -0.2387446016 -0.9859653115 -0.1651322246 0.0245702565 -0.0159166902 0.2394772321 0.9707714915
-572.4 -37.0 2430.4 0.2405267358 0.9275834560 -0.2858948410 -0.9164046049 0.1199324802 -0.3818622231 -0.3199209869 0.3538434207 0.8788887262
-889.5 -22.6 2317.2 0.9054168463 -0.4010198712 0.1392962039 0.3899111152 0.6557823420 -0.6464664340 0.1678978950 0.6396347284 0.7501184940
-717.1 -304.6 2042.2 0.9054168463 -0.3112795949 -0.2886613905 0.3899111152 0.8786870837 0.2754602134 0.1678978950 -0.3619585931 0.9169494510
-746.6 -99.1 2399.7 0.8698474765 -0.1464103609 -0.4710938632 0.0462560579 0.9749432206 -0.2175916135 0.4911474288 0.1674805731 0.8548242450
-690.2 -474.7 2335.2 0.8699956536 0.0797054172 -0.4865743220 -0.1372061074 0.9870046377 -0.0836441666 0.4735842049 0.1395310313 0.8696258068
-904.2 -127.5 2113.4 0 0 0 0 0 0 0 0 0
-510.0 -274.7 2347.4 0 0 0 0 0 0 0 0 0
-582.6 -684.4 2198.6 0 0 0 0 0 0 0 0 0
-719.8 -841.5 2283.3 0 0 0 0 0 0 0 0 0
-546.7 457.4 2375.3 4 0.6996140480 0.4494394660 -0.5554676652 -0.3965526819 0.8909150362 0.2213964164 0.5943787694 0.0653801411 0.8015231490
-637.3 277.7 2362.2 0.6996140480 0.4494394660 -0.5554676652 -0.3965526819 0.8909150362 0.2213964164 0.5943787694 0.0653801411 0.8015231490
-723.1 102.3 2350.1 0.7036284208 0.4410184026 -0.5571443439 -0.3885001838 0.8952816129 0.2180331051 0.5949577093 0.0630363896 0.8012813330
-736.7 333.0 2277.9 0.5062131286 -0.3374769688 -0.7936356664 0.8296515942 0.4417867661 0.3413249254 0.2354284227 -0.8312242627 0.5036265850
-863.3 125.4 2219.0 0.0983635634 -0.3393541276 -0.9355016947 0.9031778574 0.4251563549 -0.0592610128 0.4178449512 -0.8390952349 0.3483170271
-538.0 222.3 2446.4 -0.1691986769 0.9273221493 -0.3338343799 -0.9832197428 -0.1822526902 -0.0079305423 -0.0681963861 0.3268907070 0.9425984025
-581.5 -30.7 2428.8 0.1757468581 0.9109120369 -0.3732991815 -0.9215788245 0.0189097580 -0.3877304196 -0.3461293280 0.4121670127 0.8428006172
-875.9 -30.9 2300.3 0.8910260201 -0.4370616972 0.1226772219 0.4155140817 0.6764023900 -0.6081346869 0.1828132272 0.5928379893 0.7842974067
-679.8 -334.5 2034.2 0.8910260201 -0.3062840402 -0.3350562751 0.4155140817 0.8475140333 0.3302544653 0.1828132272 -0.4334859252 0.8824223876
-739.9 -103.4 2394.7 0.8301991224 -0.1114780232 -0.5462070107 -0.0061335182 0.9779156446 -0.2089100629 0.5574332476 0.1767871231 0.8111808896
-696.6 -483.1 2326.0 0.8269981146 0.0784924552 -0.5566983223 -0.1353330910 0.9888825417 -0.0616139583 0.5456730127 0.1262943298 0.8284265995
-891.0 -128.9 2101.4 0 0 0 0 0 0 0 0 0
-536.0 -269.5 2339.2 0 0 0 0 0 0 0 0 0
-556.2 -676.4 2209.0 0 0 0 0 0 0 0 0 0
-726.0 -853.0 2278.8 0 0 0 0 0 0 0 0 0
-546.4 455.1 2379.3 5 0.6662668586 0.4478992522 -0.5962170362 -0.3946160972 0.8901731372 0.2277497202 0.6327453256 0.0835347623 0.7698410749
-636.7 275.6 2362.5 0.6662668586 0.4478992522 -0.5962170362 -0.3946160972 0.8901731372 0.2277497202 0.6327453256 0.0835347623 0.7698410749
-721.7 100.0 2346.6 0.6713938713 0.4356867671 -0.5995058417 -0.3842496276 0.8963631988 0.2210999876 0.6337053776 0.0819147304 0.7692252398
-731.8 330.3 2272.6 0.4889184237 -0.2854998410 -0.8242867589 0.8277512193 0.4500423968 0.3350966871 0.2752939463 -0.8461392522 0.4563568532
-856.4 119.4 2202.4 0.0816429853 -0.2882967591 -0.9540541768 0.9057388306 0.4209141731 -0.0496837348 0.4158985913 -0.8600675464 0.2954862714
-541.7 220.9 2452.4 -0.1808771491 0.9034958482 -0.3885598183 -0.9773975611 -0.2090934813 -0.0312080942 -0.1094417050 0.3741325736 0.9208948612
-589.9 -39.7 2423.2 0.1037721634 0.8979739547 -0.4276378453 -0.9213376045 -0.0751727298 -0.3814263642 -0.3746576607 0.4335802495 0.8195363283
-871.9 -37.9 2284.5 0.8752119541 -0.4800230265 0.0598490909 0.4169818163 0.6859169602 -0.5963590741 0.2452145666 0.5468965769 0.8004835844
-656.8 -345.3 2039.5 0.8752119541 -0.2804173529 -0.3941701651 0.4169818163 0.8503865600 0.3208875954 0.2452145666 -0.4452064633 0.8611974120
-745.3 -108.3 2391.6 0.7991921306 -0.1309731901 -0.5866327286 -0.0016323423 0.9754950404 -0.2200154364 0.6010733843 0.1767922044 0.7793941498
-694.3 -488.7 2322.7 0.7916765213 0.1097102761 -0.6010091305 -0.1499330103 0.9885492325 -0.0170453824 0.5922570229 0.1036055312 0.7990604043
-879.4 -135.7 2085.3 0 0 0 0 0 0 0 0 0
-563.0 -278.1 2326.3 0 0 0 0 0 0 0 0 0
-542.4 -692.2 2221.0 0 0 0 0 0 0 0 0 0
-735.4 -859.5 2283.8 0 0 0 0 0 0 0 0 0
-547.8 451.0 2381.3 6 0.6326471567 0.4448398650 -0.6339362264 -0.3939650059 0.8896030188 0.2310801297 0.6667451859 0.1035564989 0.7380561233
-637.4 271.7 2360.4 0.6326471567 0.4448398650 -0.6339362264 -0.3939650059 0.8896030188 0.2310801297 0.6667451859 0.1035564989 0.7380561233
-721.7 96.1 2341.0 0.6384825706 0.4318384230 -0.6370679140 -0.3820767701 0.8963968158 0.2247000635 0.6680997610 0.0999417827 0.7373291850
-728.0 326.1 2265.5 0.4589907825 -0.2408705354 -0.8551659584 0.8337047696 0.4494062960 0.3208898306 0.3070240915 -0.8602414727 0.4070882797
-853.6 97.8 2181.5 0.0362128764 -0.2425992340 -0.9694504738 0.9086849689 0.4117260575 -0.0690889657 0.4159089625 -0.8784231544 0.2353560627
-546.8 217.3 2455.3 -0.1618925184 0.8862511516 -0.4339928031 -0.9810742140 -0.1918932647 -0.0258922298 -0.1062273160 0.4215873778 0.9005441666
-589.6 -42.0 2427.2 0.0184486154 0.8860607743 -0.4632018805 -0.9156392813 -0.1711020023 -0.3637702167 -0.4015772641 0.4308369160 0.8081554770
-866.9 -40.8 2273.7 0.8565161228 -0.5160985589 -0.0047315476 0.3992720246 0.6683845520 -0.6275698543 0.3270503879 0.5356345177 0.7785459161
-650.4 -321.2 2049.0 0.8565161228 -0.2658260465 -0.4423987269 0.3992720246 0.8844302893 0.2415882498 0.3270503879 -0.3835616708 0.8636657000
-746.1 -110.4 2387.8 0.7694016099 -0.1241492629 -0.6265844703 -0.0093970923 0.9786245227 -0.2054402232 0.6386961937 0.1639541090 0.7517886758
-697.5 -492.8 2323.8 0.7608192563 0.1149813235 -0.6386966109 -0.1466806531 0.9891782403 0.0033498744 0.6321699619 0.0911357850 0.7694513798
-863.9 -159.6 2063.6 0 0 0 0 0 0 0 0 0
-584.8 -278.5 2323.5 0 0 0 0 0 0 0 0 0
-529.4 -723.9 2223.6 0 0 0 0 0 0 0 0 0
-740.8 -864.6 2289.5 0 0 0 0 0 0 0 0 0
-550.9 450.6 2389.8 7 0.5783173442 0.4301750958 -0.6931799650 -0.3914734125 0.8917948008 0.2268271893 0.7157496810 0.1401834339 0.6841425300
-637.4 271.4 2361.6 0.5783173442 0.4301750958 -0.6931799650 -0.3914734125 0.8917948008 0.2268271893 0.7157496810 0.1401834339 0.6841425300
-719.3 95.5 2336.1 0.5846073031 0.4201727808 -0.6940382719 -0.3782348633 0.8979443908 0.2250206321 0.7177553177 0.1309607774 0.6838688254
-720.2 325.3 2259.8 0.4316138923 -0.1664933413 -0.8865604401 0.8296279311 0.4591307640 0.3176734447 0.3541566730 -0.8726275563 0.3362947404
-846.1 83.3 2156.5 0.0178244989 -0.1682921946 -0.9855759740 0.9187277555 0.3916793466 -0.0502657481 0.3944890797 -0.9045800567 0.1615961939
-554.5 217.5 2463.4 -0.1508312225 0.8499648571 -0.5047867298 -0.9808741212 -0.1922253519 -0.0305839218 -0.1230280697 0.4905192554 0.8627021313
-595.6 -49.4 2430.0 0.0050488282 0.8504742980 -0.5259923935 -0.9059883356 -0.2187534720 -0.3623976409 -0.4232725203 0.4783726335 0.7694153190
-863.4 -44.9 2261.3 0.8417674899 -0.5357218385 -0.0665552691 0.4036716223 0.7064976692 -0.5813004971 0.3584364951 0.4624533653 0.8109624982
-647.0 -330.4 2074.4 0.8417674899 -0.2936100364 -0.4530128837 0.4036716223 0.8995181918 0.1670815349 0.3584364951 -0.3235122263 0.8757072091
-748.4 -114.0 2381.7 0.7188800573 -0.1280074418 -0.6832463741 -0.0230753478 0.9779624343 -0.2075018436 0.6947510839 0.1649350673 0.7000838518
-698.3 -496.7 2317.2 0.7103022933 0.1189714372 -0.6937697530 -0.1281167567 0.9910008907 0.0387724824 0.6921392679 0.0613433495 0.7191524506
-851.2 -177.2 2044.6 0 0 0 0 0 0 0 0 0
-594.3 -284.1 2320.3 0 0 0 0 0 0 0 0 0
-525.2 -703.6 2208.6 0 0 0 0 0 0 0 0 0
-743.1 -869.4 2294.1 0 0 0 0 0 0 0 0 0
-556.7 451.9 2402.5 8 0.5033984780 0.4110039771 -0.7600432634 -0.3880064189 0.8934749961 0.2261712551 0.7720369101 0.1810473800 0.6092461348
-639.4 272.0 2366.1 0.5033984780 0.4110039771 -0.7600432634 -0.3880064189 0.8934749961 0.2261712551 0.7720369101 0.1810473800 0.6092461348
-718.2 95.9 2333.4 0.5094876885 0.4050028622 -0.7592068315 -0.3746328056 0.8987004161 0.2280082852 0.7746434808 0.1682563722 0.6096041799
-711.4 325.4 2256.5 0.4094053507 -0.0729536638 -0.9094311595 0.8205779791 0.4651526511 0.3320915699 0.3987970054 -0.8822192550 0.2503001392
-835.7 76.2 2135.4 0.0085416706 -0.0741106421 -0.9972134233 0.9254385233 0.3783594668 -0.0201919395 0.3788015842 -0.9226872325 0.0718166679
-567.4 218.6 2475.7 -0.0914151445 0.8016389012 -0.5907777548 -0.9886246324 -0.1442126334 -0.0427084342 -0.1194343567 0.5801532269 0.8057032228
-592.2 -49.3 2443.3 -0.0252135564 0.8084893227 -0.5879704952 -0.8833498955 -0.2933846116 -0.3655386269 -0.4680355489 0.5101671219 0.7215762138
-853.7 -46.2 2246.0 0.8296599984 -0.5381572247 -0.1484961659 0.3890725970 0.7481374145 -0.5375062227 0.4003583789 0.3881715834 0.8300818801
-640.4 -342.7 2092.2 0.8296599984 -0.2956593335 -0.4735503197 0.3890725970 0.9145354033 0.1106683612 0.4003583789 -0.2760625482 0.8737863898
-748.6 -114.6 2375.2 0.6473172307 -0.1314738244 -0.7507962584 -0.0329100080 0.9792722464 -0.1998569816 0.7615098953 0.1540795863 0.6295729876
-697.1 -497.9 2314.9 0.6382922530 0.1309473813 -0.7585748434 -0.1202256531 0.9902908206 0.0697846711 0.7603478432 0.0466571450 0.6478381753
-838.2 -187.0 2027.7 0 0 0 0 0 0 0 0 0
-598.7 -278.1 2322.1 0 0 0 0 0 0 0 0 0
-523.6 -704.2 2201.3 0 0 0 0 0 0 0 0 0
-746.4 -870.6 2297.3 0 0 0 0 0 0 0 0 0
-552.3 453.4 2407.4 9 0.4486917257 0.4185474813 -0.7896162271 -0.4061003327 0.8825486898 0.2370450944 0.7960893512 0.2143032104 0.5659645796
-636.4 275.9 2364.3 0.4486917257 0.4185474813 -0.7896162271 -0.4061003327 0.8825486898 0.2370450944 0.7960893512 0.2143032104 0.5659645796
-716.0 101.6 2324.8 0.4556970298 0.4085338116 -0.7908478975 -0.3910870254 0.8900028467 0.2344054431 0.7996193767 0.2024724782 0.5653439164
-701.0 331.6 2251.0 0.3904249966 -0.0259577408 -0.9202687144 0.8281719089 0.4465133250 0.3387581706 0.4021188319 -0.8944003582 0.1958274394
-824.1 70.5 2124.2 -0.0066353274 -0.0255869776 -0.9996505976 0.9212633371 0.3886076808 -0.0160617922 0.3888828456 -0.9210479856 0.0209938046
-571.9 220.2 2477.6 -0.0609495528 0.9977881908 -0.0265302975 -0.9979640841 -0.0614174008 -0.0171912871 -0.0187826864 0.0254284833 0.9995001554
-588.4 -49.0 2472.6 -0.0374324322 0.9977881908 -0.0549319386 -0.8352568746 -0.0614174008 -0.5464190841 -0.5485842824 0.0254284833 0.8357084990
-842.6 -46.2 2231.1 0.8037428856 -0.5419831276 -0.2454621643 0.3561386168 0.7687359452 -0.5312347412 0.4766158462 0.3395575881 0.8108871579
-629.4 -348.8 2097.5 0.8037428856 -0.2783425450 -0.5258543491 0.3561386168 0.9330701232 0.0504526868 0.4766158462 -0.2278280258 0.8490769863
-751.3 -114.0 2370.2 0.5974684954 -0.1513665915 -0.7874766588 -0.0368250385 0.9758077860 -0.2155066878 0.8010463715 0.1577573270 0.5774403214
-692.0 -496.0 2308.4 0.5902599096 0.1511177868 -0.7929417491 -0.0895825624 0.9885154366 0.1217053607 0.8022270203 -0.0008040433 0.5970185399
-822.2 -192.8 2013.0 0 0 0 0 0 0 0 0 0
-598.0 -264.8 2330.8 0 0 0 0 0 0 0 0 0
-522.1 -708.3 2185.3 0 0 0 0 0 0 0 0 0
-748.8 -867.7 2308.7 0 0 0 0 0 0 0 0 0
-554.0 451.8 2409.8 0 0.4045285285 0.4036734998 -0.8206121922 -0.4079922736 0.8827256560 0.2331045568 0.8184735775 0.2405059785 0.5217833519
-635.3 273.9 2361.4 0.4045285285 0.4036734998 -0.8206121922 -0.4079922736 0.8827256560 0.2331045568 0.8184735775 0.2405059785 0.5217833519
-713.0 99.8 2317.1 0.4108553231 0.3985413313 -0.8199772835 -0.3940217793 0.8886807561 0.2345066071 0.8221585751 0.2267405987 0.5221531987
-693.6 330.0 2244.7 0.3689922392 0.0279635526 -0.9290117025 0.8209597468 0.4588059783 0.3398855329 0.4357405305 -0.8880963326 0.1463389099
-809.9 71.2 2107.3 -0.0076117958 0.0288770180 -0.9995539784 0.9302207232 0.3669837117 0.0035183141 0.3669216335 -0.9297790527 -0.0296554063
-577.1 217.8 2478.0 -0.0413668379 0.9990310073 -0.0150267491 -0.9985542893 -0.0408210941 0.0349706672 0.0343233757 0.0164516512 0.9992753863
-588.2 -52.1 2487.3 -0.0234810058 0.9990310073 -0.0372244678 -0.8105216622 -0.0408210941 -0.5842844248 -0.5852378011 0.0164516512 0.8106948137
-836.4 -37.3 2213.4 0.7386626005 -0.5420411825 -0.4007104635 0.3009298146 0.7971037626 -0.5235139132 0.6031739116 0.2661144137 0.7519071102
-624.3 -349.3 2109.2 0.7386626005 -0.2567179501 -0.6232764125 0.3009298146 0.9529713392 -0.0358736850 0.6031739116 -0.1610639095 0.7811783552
-754.6 -108.0 2357.1 0.5487136841 -0.1733197123 -0.8178468943 -0.0148900030 0.9760923982 -0.2168454677 0.8358777165 0.1311638206 0.5330145359
-686.7 -490.0 2305.8 0.5392398834 0.1719985455 -0.8244009018 -0.0750057697 0.9848400354 0.1564105004 0.8388053775 -0.0225079600 0.5439659357
-807.7 -197.5 2001.3 0 0 0 0 0 0 0 0 0
-594.3 -261.9 2335.8 0 0 0 0 0 0 0 0 0
-526.7 -711.4 2170.4 0 0 0 0 0 0 0 0 0
-751.4 -860.5 2314.2 0 0 0 0 0 0 0 0 0
-552.3 460.4 2419.1 1 0.3711629510 0.3809941709 -0.8468066454 -0.4405001998 0.8750480413 0.2006253153 0.8174335361 0.2985538244 0.4926134348
-628.8 284.8 2359.2 0.3711629510 0.3809941709 -0.8468066454 -0.4405001998 0.8750480413 0.2006253153 0.8174335361 0.2985538244 0.4926134348
-702.0 112.2 2304.1 0.3781383932 0.3761513233 -0.8458850384 -0.4243080020 0.8825243711 0.2027646154 0.8227843642 0.2822427154 0.4933203757
-682.5 345.3 2242.3 0.3379444182 0.0462097079 -0.9400309920 0.8292691708 0.4577245414 0.3206258118 0.4450912774 -0.8878923655 0.1163651720
-795.6 67.9 2093.4 -0.0247484464 0.0497477874 -0.9984551668 0.9399175644 0.3413435817 -0.0062901285 0.3405033350 -0.9386211634 -0.0552065410
-575.0 224.3 2476.0 -0.0182546172 0.9993457198 -0.0312238857 -0.9996412992 -0.0176301170 0.0201604795 0.0195968095 0.0315807089 0.9993090630
-579.9 -46.3 2481.3 0.0064494642 0.9993457198 -0.0355888531 -0.7722978592 -0.0176301170 -0.6350159049 -0.6352278590 0.0315807089 0.7716788650
-826.3 -37.0 2197.2 0.6972595453 -0.5130253434 -0.5006337762 0.2968348861 0.8423622251 -0.4497942924 0.6524708271 0.1650177985 0.7396289110
-626.4 -365.2 2132.9 0.7187388539 -0.2475767881 -0.6497077942 0.2221333385 0.9672468305 -0.1228429154 0.6588408351 -0.0560297817 0.7501929402
-753.6 -109.7 2346.6 0.5011279583 -0.1376277059 -0.8543590307 0.0095896944 0.9880949259 -0.1535461992 0.8653200269 0.0687532499 0.4964818060
-699.9 -495.7 2319.8 0.4922176003 0.1189849973 -0.8623018265 -0.0827722400 0.9925228953 0.0897056907 0.8665279150 0.0272199325 0.4983858764
-788.4 -206.7 1994.0 0 0 0 0 0 0 0 0 0
-578.3 -246.2 2316.9 0 0 0 0 0 0 0 0 0
-533.3 -729.1 2153.9 0 0 0 0 0 0 0 0 0
-744.5 -868.3 2309.6 0 0 0 0 0 0 0 0 0
-552.1 463.8 2415.7 2 0.3726896942 0.3688800633 -0.8514868617 -0.4735081792 0.8647410274 0.1673708707 0.7980554104 0.3408086002 0.4969477654
-625.7 291.2 2347.6 0.3726896942 0.3688800633 -0.8514868617 -0.4735081792 0.8647410274 0.1673708707 0.7980554104 0.3408086002 0.4969477654
-696.5 120.8 2283.4 0.3783001900 0.3624435663 -0.8517767787 -0.4601840973 0.8720364571 0.1666824669 0.8031933308 0.3289180994 0.4966823161
-679.6 356.7 2233.5 0.2788410783 0.0323631130 -0.9597917795 0.8458783031 0.4649170339 0.2614231408 0.4546840191 -0.8847625852 0.1022627130
-775.6 65.6 2077.0 -0.0344829373 0.0385752246 -0.9986605644 0.9496427178 0.3126494288 -0.0207136925 0.3114316165 -0.9490849972 -0.0474137515
-571.8 225.7 2461.8 0.0010292670 0.9997407794 -0.0227456875 -0.9998605847 0.0006498132 -0.0166835506 -0.0166644435 0.0227596890 0.9996020794
-571.5 -45.2 2457.3 0.0159753282 0.9997407794 -0.0162238888 -0.7322726250 0.0006498132 -0.6810112596 -0.6808241606 0.0227596890 0.7320931554
-808.7 -21.2 2174.1 0.6794681549 -0.4497312605 -0.5797109604 0.2892736793 0.8903186321 -0.3516439795 0.6742727757 0.0712357834 0.7350385785
-634.3 -366.4 2146.5 0.7175204158 -0.2453801483 -0.6518841982 0.1645062417 0.9691151381 -0.1837213337 0.6768324375 0.0245847851 0.7357264757
-741.1 -98.7 2323.0 0.4749119282 -0.0967528597 -0.8746985197 0.1338540763 0.9903150797 -0.0368663184 0.8697940707 -0.0995737165 0.4832632244
-703.8 -480.3 2361.4 0.4663069844 0.1041230187 -0.8784738183 -0.1939908117 0.9809132814 0.0132916672 0.8630905747 0.1642178446 0.4776056111
-765.4 -214.6 1985.1 0 0 0 0 0 0 0 0 0
-567.4 -234.8 2281.0 0 0 0 0 0 0 0 0 0
-542.2 -730.0 2137.2 0 0 0 0 0 0 0 0 0
-742.6 -845.6 2300.2 0 0 0 0 0 0 0 0 0
-553.7 464.8 2407.0 3 0.3088104427 0.3491645753 -0.8847147822 -0.4635014832 0.8674995899 0.1805847883 0.8305435181 0.3543001115 0.4297312200
-623.1 292.4 2336.5 0.3088104427 0.3491645753 -0.8847147822 -0.4635014832 0.8674995899 0.1805847883 0.8305435181 0.3543001115 0.4297312200
-691.0 121.6 2269.5 0.3129681647 0.3479272127 -0.8837406635 -0.4531236887 0.8724585772 0.1830161214 0.8347034454 0.3431656063 0.4307058454
-667.5 356.8 2218.1 0.2549546957 0.0987854674 -0.9618937373 0.8560803533 0.4394550323 0.2720399201 0.4495826364 -0.8928161860 0.0274728313
-754.6 64.4 2064.5 -0.0372781381 0.1055136025 -0.9937188625 0.9536844492 0.3007842898 -0.0038388597 0.2984899879 -0.9478373528 -0.1118393615
-578.6 227.9 2455.0 -0.0084397569 0.9959094524 -0.0899617076 -0.9999582767 -0.0080916882 0.0042330939 0.0034878361 0.0899936780 0.9959362149
-580.9 -43.2 2455.9 0.0546527021 0.9959094524 -0.0719542950 -0.7391913533 -0.0080916882 -0.6734468937 -0.6712743640 0.0899936780 0.7357254028
-801.1 -7.7 2146.3 0.6335104704 -0.3981609941 -0.6634247303 0.2873658240 0.9171800613 -0.2760464847 0.7183908224 -0.0157672521 0.6954609752
-646.8 -363.2 2152.5 0.6863828301 -0.2542596459 -0.6813447475 0.1261362582 0.9643131495 -0.2327869534 0.7162180543 0.0738386884 0.6939593554
-734.8 -93.7 2293.4 0.4057998061 -0.0223842356 -0.9136878252 0.2547298670 0.9628573656 0.0895453542 0.8777466416 -0.2690810859 0.3964292705
-726.1 -469.1 2398.3 0.4075630605 0.0964073688 -0.9080737829 -0.2227309942 0.9748735428 0.0035328215 0.8855977058 0.2008163333 0.4187953770
-743.6 -217.2 1976.4 0 0 0 0 0 0 0 0 0
-566.8 -234.8 2281.9 0 0 0 0 0 0 0 0 0
-551.3 -725.3 2124.7 0 0 0 0 0 0 0 0 0
-762.1 -834.0 2323.1 0 0 0 0 0 0 0 0 0
-563.7 464.1 2402.6 4 0.2442468256 0.2784233689 -0.9288831353 -0.4471654594 0.8823086619 0.1468824297 0.8604571819 0.3794888854 0.3400024176
-618.7 289.8 2327.7 0.2442468256 0.2784233689 -0.9288831353 -0.4471654594 0.8823086619 0.1468824297 0.8604571819 0.3794888854 0.3400024176
-675.7 117.3 2255.9 0.2456696928 0.2929769754 -0.9240188599 -0.4427723289 0.8818960786 0.1619009227 0.8623219132 0.3693558574 0.3463772535
-653.4 353.0 2205.5 0.2149721384 0.1640178859 -0.9627487063 0.8707687259 0.4141736925 0.2649942935 0.4422089756 -0.8952978849 -0.0537858494
-725.6 60.4 2056.9 -0.0340181217 0.1703057885 -0.9848039150 0.9583223462 0.2852282524 0.0162222106 0.2836566269 -0.9432076812 -0.1729107648
-583.9 226.6 2449.9 0.0168547481 0.9837833047 -0.1785674691 -0.9997748137 0.0188850667 0.0096762311 0.0128915729 0.1783641726 0.9838801026
-579.3 -44.5 2453.3 0.1339410692 0.9837833047 -0.1192904562 -0.7387409210 0.0188850667 -0.6737248302 -0.6605464220 0.1783641726 0.7292904854
-784.0 -8.8 2125.9 0.5729360580 -0.3502494395 -0.7409923077 0.2672761679 0.9345100522 -0.2350624651 0.7747952938 -0.0633738339 0.6290278435
-648.4 -370.6 2150.4 0.6318393350 -0.2347875088 -0.7386838794 0.0775157586 0.9673811793 -0.2411742210 0.7712135911 0.0951237082 0.6294291615
-712.7 -97.2 2269.6 -0.9970731139 0.0086646173 -0.0759612620 0.0342465267 0.9389215112 -0.3424231410 0.0683546960 -0.3440223336 -0.9364700913
-716.1 -470.3 2406.3 -0.9970731139 0.0487245992 -0.0589160658 0.0342465267 0.9736133218 0.2256197482 0.0683546960 0.2229417115 -0.9724323153
-715.5 -224.1 1972.7 0 0 0 0 0 0 0 0 0
-544.7 -235.7 2282.4 0 0 0 0 0 0 0 0 0
-560.1 -734.3 2114.6 0 0 0 0 0 0 0 0 0
-734.4 -835.3 2322.7 0 0 0 0 0 0 0 0 0
-567.2 464.2 2400.5 5 0.1628565937 0.2581489980 -0.9522798061 -0.4530444145 0.8769660592 0.1602539718 0.8764864802 0.4053266048 0.2597726583
-617.9 291.7 2320.7 0.1628565937 0.2581489980 -0.9522798061 -0.4530444145 0.8769660592 0.1602539718 0.8764864802 0.4053266048 0.2597726583
-669.8 119.4 2244.2 0.1655977964 0.2666430771 -0.9494624138 -0.4438676834 0.8798796535 0.1696858257 0.8806582093 0.3933360875 0.2640603781
-641.3 354.9 2196.1 0.1600559950 0.2428255975 -0.9567747116 0.8820177317 0.4000103772 0.2490711659 0.4432006776 -0.8837575316 -0.1501524150
-695.7 55.5 2045.6 -0.0481617413 0.2509787679 -0.9667937160 0.9595683217 0.2803651392 0.0249807313 0.2773248851 -0.9265015125 -0.2543341219
-594.6 228.4 2445.4 0.0082243429 0.9649683237 -0.2622375190 -0.9998434782 0.0120439678 0.0129614994 0.0156658161 0.2620898783 0.9649162889
-592.3 -42.9 2449.6 0.1848888546 0.9649683237 -0.1861512214 -0.7399764061 0.0120439678 -0.6725249887 -0.6467232704 0.2620898783 0.7162805796
-753.2 -15.5 2105.9 0.5122402906 -0.2806031704 -0.8117091656 0.2412804961 0.9540744424 -0.1775546372 0.8242533803 -0.1048989519 0.5564194322
-644.3 -385.8 2146.7 0.5704035163 -0.2086394280 -0.7944239378 0.0331172086 0.9722555876 -0.2315648645 0.8206967115 0.1057763174 0.5614875555
-701.7 -98.9 2257.7 -0.9981054068 -0.0614972375 0.0019175862 -0.0612187982 0.9895049334 -0.1308902949 0.0061519300 -0.1307597011 -0.9913949966
-678.0 -478.8 2307.9 -0.9821895957 0.1878734082 -0.0026733952 0.1877203882 0.9805821776 -0.0567418300 -0.0080387974 -0.0562330857 -0.9983853102
-681.3 -230.9 1962.8 0 0 0 0 0 0 0 0 0
-544.4 -234.5 2282.1 0 0 0 0 0 0 0 0 0
-565.8 -751.5 2106.9 0 0 0 0 0 0 0 0 0
-745.2 -829.5 2328.0 0 0 0 0 0 0 0 0 0
-564.4 462.7 2383.4 6 0.0525866225 0.2612555027 -0.9638361931 -0.4428307116 0.8711859584 0.2119811773 0.8950617909 0.4156688750 0.1615046710
-615.7 291.5 2301.7 0.0525866225 0.2612555027 -0.9638361931 -0.4428307116 0.8711859584 0.2119811773 0.8950617909 0.4156688750 0.1615046710
-663.5 119.2 2222.4 0.0556199625 0.2457346469 -0.9677401185 -0.4323557913 0.8795830011 0.1984999925 0.8999860287 0.4073674679 0.1551671773
-623.4 352.9 2174.8 0.1211429983 0.3453736305 -0.9306134582 0.9032593369 0.3504278362 0.2476345748 0.4116393030 -0.8705844879 -0.2695100904
-664.1 49.6 2036.5 -0.0689344928 0.3532725573 -0.9329772592 0.9645914435 0.2622545958 0.0280325487 0.2545807064 -0.8980094790 -0.3588420749
-608.0 230.2 2428.7 -0.0213123821 0.9306905866 -0.3651859462 -0.9993073940 -0.0086855283 0.0361845270 0.0305047650 0.3657042086 0.9302310944
-613.7 -41.0 2436.9 0.2332085073 0.9306905866 -0.2818311453 -0.7561311126 -0.0086855283 -0.6543624997 -0.6114569306 0.3657042086 0.7016986012
-735.7 -12.9 2088.3 0.4264467359 -0.2406231314 -0.8719195724 0.2366485596 0.9600700736 -0.1492076516 0.8730067015 -0.1427093893 0.4663618505
-642.0 -386.7 2143.8 0.4903577566 -0.1876284927 -0.8510844707 -0.0119268754 0.9750143290 -0.2218215913 0.8714396358 0.1189227104 0.4758680165
-703.8 -95.0 2229.1 -0.9907868505 -0.0891610757 0.1019395292 -0.0947118327 0.9941992760 -0.0509651825 -0.0968040973 -0.0601505116 -0.9934841990
-668.9 -484.8 2252.7 -0.9478515387 0.2966586947 0.1164951921 0.2645528913 0.9361749887 -0.2314911038 -0.1777337343 -0.1886000633 -0.9658368230
-643.5 -238.7 1960.4 0 0 0 0 0 0 0 0 0
-553.4 -236.8 2278.6 0 0 0 0 0 0 0 0 0
-571.4 -753.5 2099.1 0 0 0 0 0 0 0 0 0
-776.2 -823.4 2320.9 0 0 0 0 0 0 0 0 0
-559.3 464.2 2367.3 7 0.1866725385 0.2301859409 -0.9550747871 -0.4741843641 0.8725346327 0.1176117435 0.8604083657 0.4309266210 0.2720288336
-604.7 292.3 2282.4 0.1866725385 0.2301859409 -0.9550747871 -0.4741843641 0.8725346327 0.1176117435 0.8604083657 0.4309266210 0.2720288336
-644.9 119.9 2199.4 0.1901633441 0.2054356635 -0.9600177407 -0.4601207972 0.8824647069 0.0976977944 0.8672524095 0.4231455922 0.2623376846
-631.5 356.7 2160.5 0.0170671381 0.2161005735 -0.9762219191 0.9151561260 0.3898999989 0.1023094282 0.4027380347 -0.8951416612 -0.1911112815
-637.4 42.3 2022.2 -0.1253257841 0.2391157448 -0.9628692269 0.9688073993 0.2386314571 -0.0668377355 0.2137889266 -0.9412112832 -0.2615637779
-577.8 227.8 2404.3 0.0724093542 0.9623419046 -0.2620208263 -0.9971647263 0.0644568428 -0.0388310105 -0.0204796754 0.2640896440 0.9642806649
-558.3 -41.3 2398.8 0.2313312888 0.9623419046 -0.1427720785 -0.7044030428 0.0644568428 -0.7068675160 -0.6710456014 0.2640896440 0.6927874684
-715.8 -14.2 2062.4 0.4818802774 -0.2023329735 -0.8525565863 0.2803879976 0.9574222565 -0.0687398836 0.8301650286 -0.2059222460 0.5180946589
-637.0 -387.1 2142.6 0.5571528077 -0.1617925763 -0.8144960999 -0.0170370005 0.9784025550 -0.2060052603 0.8302351832 0.1286529750 0.5423632860
-666.9 -94.9 2196.4 -0.9990476966 0.0431107059 0.0067203501 0.0423497260 0.9951875210 -0.0883648098 -0.0104974778 -0.0879960507 -0.9960654974
-683.6 -481.4 2230.6 -0.9719641209 0.2350993007 0.0037507373 0.2316398025 0.9601559043 -0.1563444883 -0.0403577723 -0.1510924101 -0.9876954556
-600.5 -243.3 1959.2 0 0 0 0 0 0 0 0 0
-498.5 -223.5 2225.2 0 0 0 0 0 0 0 0 0
-576.1 -755.3 2094.2 0 0 0 0 0 0 0 0 0
-770.2 -834.9 2286.2 0 0 0 0 0 0 0 0 0
-553.9 464.7 2352.8 8 0.4418040216 0.1898865253 -0.8767852187 -0.4817976058 0.8746570945 -0.0533477589 0.7567564249 0.4460022748 0.4779139161
-591.5 291.5 2264.5 0.4418040216 0.1898865253 -0.8767852187 -0.4817976058 0.8746570945 -0.0533477589 0.7567564249 0.4460022748 0.4779139161
-622.5 118.7 2178.4 0.4469975531 0.1566631049 -0.8807098269 -0.4553926885 0.8872679472 -0.0733014047 0.7699419856 0.4338343740 0.4679498374
-652.8 352.5 2159.3 -0.1334993839 -0.0460576750 -0.9899780750 0.9064061642 0.3982648849 -0.1407584846 0.4007565081 -0.9161134362 -0.0114211543
-603.8 20.2 2012.3 -0.1871053874 -0.0049139913 -0.9823275805 0.9642125964 0.1903007925 -0.1846069694 0.1878448725 -0.9817135334 -0.0308681726
-530.2 230.4 2369.6 0.2096794248 0.9775494337 -0.0207760427 -0.9700047970 0.2052945495 -0.1301723421 -0.1229846925 0.0474473238 0.9912737012
-474.3 -28.2 2336.8 0.1699733585 0.9775494337 0.1245237216 -0.6352415681 0.2052945495 -0.7445282340 -0.7533771992 0.0474473238 0.6558746696
-702.0 -11.7 2039.0 0.6101286411 -0.1723866016 -0.7733213305 0.3101043999 0.9501343966 0.0328623243 0.7290942073 -0.2598606050 0.6331620216
-634.8 -382.1 2140.3 0.6872466207 -0.1467568427 -0.7114453316 0.0123417443 0.9815976024 -0.1905618608 0.7263193130 0.1221825182 0.6764109135
-614.0 -93.4 2160.4 -0.9673389792 0.1524181515 -0.2025437951 0.1747072041 0.9798253179 -0.0970551893 0.1836645603 -0.1292711347 -0.9744517803
-673.0 -473.0 2210.4 -0.9471727610 0.2470561862 -0.2045166492 0.2730032206 0.9557218552 -0.1098404676 0.1683242619 -0.1598715931 -0.9726808667
-552.2 -245.7 1960.5 0 0 0 0 0 0 0 0 0
-430.5 -191.7 2143.0 0 0 0 0 0 0 0 0 0
-579.6 -751.7 2094.3 0 0 0 0 0 0 0 0 0
-765.0 -828.8 2270.0 0 0 0 0 0 0 0 0 0
-545.1 464.7 2330.5 9 0.4391106069 0.2046028525 -0.8748254180 -0.4609339833 0.8871129155 -0.0238849651 0.7711820006 0.4137249291 0.4838491082
-585.7 288.3 2248.3 0.4391106069 0.2046028525 -0.8748254180 -0.4609339833 0.8871129155 -0.0238849651 0.7711820006 0.4137249291 0.4838491082
-617.3 113.7 2165.9 0.4427144825 0.1604535282 -0.8821896315 -0.4433472753 0.8943514824 -0.0598220602 0.7793889046 0.4176004529 0.4670789838
-647.6 349.5 2139.5 -0.1900738478 -0.0371998288 -0.9810647964 0.9150767326 0.3553091288 -0.1907617152 0.3556775749 -0.9340083599 -0.0334942751
-574.1 -4.5 2001.9 -0.2592864037 0.0183401294 -0.9656262994 0.9547155499 0.1559134722 -0.2533954084 0.1459068507 -0.9876004457 -0.0579358488
-523.8 227.0 2357.1 0.2112244815 0.9769489765 -0.0309012737 -0.9728317857 0.2070586234 -0.1035615876 -0.0947760120 0.0519364849 0.9941428900
-467.0 -34.6 2331.6 0.1763506830 0.9769489765 0.1202959344 -0.6457107663 0.2070586234 -0.7349722981 -0.7429387569 0.0519364849 0.6673414111
-692.3 -15.3 2025.5 0.6107416153 -0.1626111418 -0.7749531269 0.3166141212 0.9471946955 0.0507708304 0.7257755995 -0.2763689458 0.6299762130
-628.8 -385.4 2133.5 0.6821683645 -0.1319801062 -0.7191853523 0.0204030778 0.9866279364 -0.1617064774 0.7309104204 0.0956374481 0.6757391691
-609.4 -100.2 2153.3 -0.9310336113 0.3076792955 -0.1962394118 0.3304277658 0.9389925599 -0.0954486430 0.1548997909 -0.1537088454 -0.9758993983
-727.7 -461.2 2212.4 -0.9143940210 0.3529151082 -0.1983293444 0.3773435354 0.9204568267 -0.1018384770 0.1466132700 -0.1679587960 -0.9748304486
-507.9 -248.2 1964.7 0 0 0 0 0 0 0 0 0
-421.4 -201.6 2139.4 0 0 0 0 0 0 0 0 0
-579.1 -756.7 2097.5 0 0 0 0 0 0 0 0 0
-859.0 -803.8 2274.9 0 0 0 0 0 0 0 0 0
-537.7 465.8 2319.4 0 0.4643557072 0.1918187886 -0.8646267056 -0.4514544606 0.8911713362 -0.0447500050 0.7619466186 0.4111195207 0.5004179478
-575.9 288.0 2237.4 0.4643557072 0.1918187886 -0.8646267056 -0.4514544606 0.8911713362 -0.0447500050 0.7619466186 0.4111195207 0.5004179478
-605.6 112.5 2155.9 0.4676791430 0.1509715021 -0.8709097505 -0.4341126978 0.8975157142 -0.0775351897 0.7699496150 0.4143345654 0.4852880239
-642.0 348.9 2128.8 -0.2146778405 -0.0607723296 -0.9747923613 0.9133291245 0.3411221206 -0.2224086970 0.3460395336 -0.9380524755 -0.0177262183
-559.9 -0.4 1996.5 -0.3774429560 0.0339340977 -0.9254108667 0.9211531878 0.1162131950 -0.3714449406 0.0949403048 -0.9926444292 -0.0751223564
-509.9 227.1 2345.9 0.2322826982 0.9725819826 -0.0113605214 -0.9679877162 0.2300118655 -0.1004703715 -0.0951026157 0.0343343727 0.9948751926
-447.2 -34.4 2320.2 0.1777022779 0.9725819826 0.1500207037 -0.6397805810 0.2300118655 -0.7333316803 -0.7477317452 0.0343343727 0.6631127000
-688.2 -22.1 2014.6 0.6193625927 -0.1676244736 -0.7670019865 0.3279674351 0.9428585768 0.0587802716 0.7133213282 -0.2879579663 0.6389467120
-622.6 -391.0 2127.2 0.6917664409 -0.1243276671 -0.7113380432 0.0233197846 0.9883996844 -0.1500743181 0.7217447162 0.0872281268 0.6866409779
-593.2 -101.8 2143.7 -0.9095510244 0.3574136496 -0.2120670080 0.3827894330 0.9191827178 -0.0926032662 0.1618306637 -0.1654044092 -0.9728577733
-731.7 -458.0 2207.8 -0.9003669024 0.3793629408 -0.2131271064 0.4055951238 0.9090679288 -0.0953315720 0.1575817466 -0.1722767055 -0.9723624587
-462.1 -239.1 1971.9 0 0 0 0 0 0 0 0 0
-401.1 -200.3 2126.4 0 0 0 0 0 0 0 0 0
-575.8 -763.1 2094.4 0 0 0 0 0 0 0 0 0
-873.7 -798.2 2272.3 0 0 0 0 0 0 0 0 0
-527.5 460.9 2291.3 1 0.5634564757 0.1873591542 -0.8046200275 -0.4221588373 0.9024826288 -0.0854810178 0.7101399302 0.3878422678 0.5876049995
-565.1 279.9 2213.5 0.5634564757 0.1873591542 -0.8046200275 -0.4221588373 0.9024826288 -0.0854810178 0.7101399302 0.3878422678 0.5876049995
-594.2 102.7 2135.5 0.5660701394 0.1493651867 -0.8107123971 -0.4081270397 0.9052423835 -0.1181884259 0.7162380219 0.3977766037 0.5733906627
-644.9 337.2 2112.8 -0.2606191933 -0.1649996936 -0.9512374997 0.9063897729 0.2974855900 -0.2999330759 0.3324683309 -0.9403602481 0.0720235854
-547.4 -2.2 1988.3 -0.4799675345 -0.0100839883 -0.8772283196 0.8771165013 0.0141545804 -0.4800690711 0.0172578096 -0.9998489618 0.0020510934
-485.3 222.5 2314.3 0.2687301934 0.9583227038 0.0969624743 -0.9556647539 0.2778490782 -0.0974925831 -0.1203702912 -0.0664644241 0.9905016422
-412.6 -36.0 2281.8 0.1308111548 0.9583227038 0.2539804578 -0.6335840225 0.2778490782 -0.7220603228 -0.7625350356 -0.0664644241 0.6435237527
-677.1 -24.4 2005.6 0.6819198728 -0.1485069394 -0.7161919475 0.3205343783 0.9408151507 0.1101118177 0.6574518681 -0.3046515882 0.6891621351
-619.0 -392.6 2124.9 0.7524784207 -0.1258884370 -0.6464737654 0.0308566522 0.9872233272 -0.1563265920 0.6578936577 0.0976843685 0.7467487454
-572.6 -110.9 2121.5 -0.8942553401 0.3261911869 -0.3064420521 0.3717416525 0.9226363301 -0.1027147397 0.2492299378 -0.2057704777 -0.9463313222
-699.5 -469.9 2201.5 -0.8900846243 0.3373159468 -0.3065408170 0.3833120465 0.9178584218 -0.1029940918 0.2466195077 -0.2091742456 -0.9462689757
-422.4 -230.4 1983.8 0 0 0 0 0 0 0 0 0
-378.6 -200.3 2084.0 0 0 0 0 0 0 0 0 0
-571.6 -764.3 2088.1 0 0 0 0 0 0 0 0 0
-825.9 -814.0 2279.9 0 0 0 0 0 0 0 0 0
-517.8 460.2 2270.8 2 0.6333300471 0.1745859385 -0.7539315820 -0.3970088065 0.9095519185 -0.1228793412 0.6642869115 0.3771406412 0.6453586817
-552.9 277.5 2195.1 0.6333300471 0.1745859385 -0.7539315820 -0.3970088065 0.9095519185 -0.1228793412 0.6642869115 0.3771406412 0.6453586817
-580.7 98.6 2120.6 0.6365104318 0.1433162093 -0.7578356862 -0.3787652850 0.9140197635 -0.1452745050 0.6718566418 0.3795106113 0.6360663176
-642.8 330.9 2100.4 -0.2756864727 -0.2411707044 -0.9305018187 0.9078905582 0.2526978850 -0.3344824016 0.3158032000 -0.9370061159 0.1492912173
-539.3 -9.9 1981.8 -0.5933440328 -0.0240959525 -0.8045881987 0.8045972586 -0.0472983643 -0.5919342041 -0.0237924885 -0.9985901117 0.0474517420
-462.9 224.1 2289.8 0.2980845571 0.9379214644 0.1773383468 -0.9449653625 0.3162046075 -0.0839947835 -0.1348557025 -0.1425410509 0.9805589914
-382.2 -31.8 2253.3 0.0972013772 0.9379214644 0.3329492211 -0.6341176033 0.3162046075 -0.7056270242 -0.7671028376 -0.1425410509 0.6254880428
-673.9 -38.1 1993.4 0.7218118310 -0.1592154205 -0.6735266447 0.3331673145 0.9329324961 0.1365155578 0.6066194773 -0.3229356110 0.7264471054
-611.6 -403.2 2119.9 0.7933774590 -0.1094614416 -0.5988074541 0.0317752622 0.9898055196 -0.1388355494 0.6079000831 0.0911217257 0.7887675762
-551.4 -114.2 2106.3 -0.8811191916 0.2888409793 -0.3744327128 0.3551484644 0.9269915819 -0.1206490695 0.3122475743 -0.2392854095 -0.9193714857
-664.0 -475.6 2199.6 -0.8792819977 0.2944861948 -0.3743542135 0.3609797060 0.9247692823 -0.1203971282 0.3107359707 -0.2409972847 -0.9194365144
-387.6 -215.5 1987.9 0 0 0 0 0 0 0 0 0
-357.0 -196.4 2054.2 0 0 0 0 0 0 0 0 0
-570.4 -775.9 2085.5 0 0 0 0 0 0 0 0 0
-774.5 -822.6 2290.0 0 0 0 0 0 0 0 0 0
-508.9 462.9 2261.0 3 0.6204106808 0.1767560244 -0.7640994191 -0.3894059956 0.9151204228 -0.1044871509 0.6807742715 0.3623698354 0.6365803480
-544.4 279.5 2188.4 0.6204106808 0.1767560244 -0.7640994191 -0.3894059956 0.9151204228 -0.1044871509 0.6807742715 0.3623698354 0.6365803480
-573.3 99.7 2116.5 0.6229884624 0.1481379569 -0.7680758238 -0.3748586178 0.9183520675 -0.1269273162 0.6865612864 0.3669941127 0.6276535392
-632.8 332.6 2091.1 -0.2835421860 0.6013061404 -0.7470172644 0.9080910087 0.4187030196 -0.0076483306 0.3081793785 -0.6805282831 -0.6647606492
-525.9 -9.7 1974.9 -0.6450159550 0.6013061404 -0.4715775549 0.7570382953 0.4187030196 -0.5015783310 -0.1041511819 -0.6805282831 -0.7252818942
-456.0 226.4 2285.7 0.2904114127 0.9431796074 0.1614726782 -0.9500821233 0.3043172359 -0.0688112453 -0.1140402853 -0.1334287375 0.9844752550
-377.2 -31.2 2254.8 0.1014140919 0.9431796074 0.3164291382 -0.6460263729 0.3043172359 -0.7000292540 -0.7565481663 -0.1334287375 0.6401810050
-665.5 -46.4 1986.1 0.7159119248 -0.1582869887 -0.6800112724 0.3417682648 0.9287441969 0.1436268240 0.6088222861 -0.3352304101 0.7189965248
-603.6 -410.0 2117.3 0.7908308506 -0.0965583324 -0.6043699980 0.0191492494 0.9908967018 -0.1332553178 0.6117351651 0.0938091874 0.7854806781
-540.8 -115.8 2098.7 -0.8620222807 0.3041669130 -0.4054627717 0.4265872240 0.8673886657 -0.2562424541 0.2737533450 -0.3938519359 -0.8774620891
-658.1 -450.2 2250.5 -0.9073298573 0.2934845984 -0.3010304272 0.3066607416 0.9518118501 0.0036530262 0.2875964344 -0.0889997110 -0.9536075592
-361.8 -202.3 2001.4 0 0 0 0 0 0 0 0 0
-350.9 -199.0 2058.3 0 0 0 0 0 0 0 0 0
-567.2 -783.2 2082.0 0 0 0 0 0 0 0 0 0
-767.1 -803.7 2283.6 0 0 0 0 0 0 0 0 0
-494.0 461.7 2237.2 4 0.7085976601 0.2082603723 -0.6741787195 -0.3813450634 0.9169264436 -0.1175664365 0.5936878920 0.3404020369 0.7291510105
-535.8 278.0 2169.0 0.7085976601 0.2082603723 -0.6741787195 -0.3813450634 0.9169264436 -0.1175664365 0.5936878920 0.3404020369 0.7291510105
-564.3 96.6 2100.9 0.7162079811 0.1471257657 -0.6822023988 -0.3418767154 0.9261654615 -0.1591785848 0.6084130406 0.3472341001 0.7136259675
-636.8 326.3 2083.3 -0.3298220932 0.5628531575 -0.7579008341 0.9025213718 0.4234731495 -0.0782665685 0.2768980861 -0.7098357677 -0.6476578116
-510.3 -20.0 1977.0 -0.6985433102 0.5628531575 -0.4418524206 0.7027887106 0.4234731495 -0.5716279149 -0.1346299499 -0.7098357677 -0.6913812160
