-436.1 476.3 2703.1 61 0.6541996598 -0.2801421881 0.7025262713 0.2341652215 0.9582540989 0.1640601903 -0.7191588879 0.0571791120 0.6924890280
-380.0 284.4 2691.6 0.6541996598 -0.2801421881 0.7025262713 0.2341652215 0.9582540989 0.1640601903 -0.7191588879 0.0571791120 0.6924890280
-328.0 95.9 2682.4 0.6590402126 -0.2656831443 0.7036181092 0.2171276957 0.9629049897 0.1602172405 -0.7200844288 0.0471853726 0.6922802925
-473.7 253.5 2794.1 -0.3015745282 -0.9333288074 -0.1948080659 0.5703080893 -0.3403216898 0.7476161122 -0.7640690207 0.1143613458 0.6349173188
-396.1 106.7 2990.7 -0.2846756876 -0.9333288074 0.2187626958 0.8955971599 -0.3403216898 -0.2865081429 0.3418559730 0.1143613458 0.9327679276
-286.3 315.3 2589.2 0.7205141187 0.1896470636 0.6670033336 -0.6929813027 0.1619303674 0.7025350332 0.0252256226 -0.9684072137 0.2480949908
-109.3 145.1 2595.4 -0.0257998928 0.1896470636 0.9815133214 -0.9851439595 0.1619303674 -0.0571833588 -0.1697814614 -0.9684072137 0.1826518774
-335.2 -112.2 2738.1 0.2915836871 0.3535207212 0.8888205886 0.0291921422 0.9254770279 -0.3776772022 -0.9560997486 0.1360710859 0.2595340014
-472.8 -472.4 2685.2 0.2915836871 -0.1962635815 0.9361941814 0.0291921422 0.9800942540 0.1963746995 -0.9560997486 -0.0299301464 0.2915088534
-209.2 -76.8 2610.6 0.4750226438 0.4318396151 0.7667255402 0.1564527154 0.8159777522 -0.5565095544 -0.8659538031 0.3843109310 0.3200454414
-378.1 -395.9 2460.2 0.4750226438 -0.2353303730 0.8479228020 0.1564527154 0.9708117247 0.1817888469 -0.8659538031 0.0463060029 0.4979756176
-321.7 -127.4 2901.3 0 0 0 0 0 0 0 0 0
-115.8 -104.3 2552.5 0 0 0 0 0 0 0 0 0
-403.8 -816.6 2695.7 0 0 0 0 0 0 0 0 0
-284.3 -782.9 2441.8 0 0 0 0 0 0 0 0 0
-441.6 476.4 2699.7 62 0.6802194118 -0.2806618214 0.6771488190 0.2382366359 0.9582901597 0.1578711569 -0.6932134628 0.0539346337 0.7187114358
-385.1 283.3 2688.8 0.6802194118 -0.2806618214 0.6771488190 0.2382366359 0.9582901597 0.1578711569 -0.6932134628 0.0539346337 0.7187114358
-334.0 94.5 2679.2 0.6851419210 -0.2607634366 0.6801345348 0.2207582593 0.9641459584 0.1472697854 -0.6941515207 0.0492446125 0.7181424499
-482.6 251.9 2787.6 -0.2709266543 -0.9389623404 -0.2120106667 0.5810498595 -0.3351190090 0.7416713238 -0.7674502134 0.0777497515 0.6363765597
-412.8 102.3 2985.1 -0.2905332744 -0.9389623404 0.1842286140 0.8934882283 -0.3351190090 -0.2989549041 0.3424459100 0.0777497515 0.9363150001
-287.6 314.7 2590.1 0.6971230507 0.2445591986 0.6739512086 -0.7157761455 0.1836010516 0.6737619638 0.0410365388 -0.9520931840 0.3030421436
-120.9 143.5 2599.9 -0.0034986960 0.2445591986 0.9696280360 -0.9817360044 0.1836010516 -0.0498501696 -0.1902160347 -0.9520931840 0.2394502163
-338.7 -112.2 2737.0 0.3237949908 0.1623422354 0.9320954084 0.0341299884 0.9825237393 -0.1829815209 -0.9455114603 0.0910609066 0.3125955164
-400.8 -487.8 2702.2 0.3180454969 -0.1173411980 0.9407858849 0.0865911022 0.9917589426 0.0944255963 -0.9441128373 0.0514320508 0.3255851567
-216.5 -73.1 2608.3 0.4234817028 0.4305764437 0.7970364690 0.1526997238 0.8333067298 -0.5313028693 -0.8929423690 0.3467043042 0.2871412635
-384.9 -399.0 2472.7 0.4234817028 -0.1389367580 0.8951870203 0.1526997238 0.9849774837 0.0806357116 -0.8929423690 0.1025470570 0.4383355677
-336.8 -131.4 2895.5 0 0 0 0 0 0 0 0 0
-121.8 -106.4 2551.5 0 0 0 0 0 0 0 0 0
-358.3 -846.6 2683.6 0 0 0 0 0 0 0 0 0
-329.6 -791.4 2431.8 0 0 0 0 0 0 0 0 0
-450.1 482.5 2697.0 63 0.6987915039 -0.2830975354 0.6569217443 0.2439936548 0.9576102495 0.1531330049 -0.6724265814 0.0532766841 0.7382439375
-392.9 289.2 2686.2 0.6987915039 -0.2830975354 0.6569217443 0.2439936548 0.9576102495 0.1531330049 -0.6724265814 0.0532766841 0.7382439375
-341.4 100.5 2677.3 0.7043926716 -0.2633351088 0.6591552496 0.2243002802 0.9636301398 0.1452801526 -0.6734392047 0.0455144271 0.7378401160
-493.2 257.3 2782.1 -0.2495696843 -0.9403707981 -0.2311228812 0.5835935473 -0.3365215361 0.7390343547 -0.7727441788 0.0495587587 0.6327798963
-429.0 107.0 2981.0 -0.3013427556 -0.9403707981 0.1577826291 0.8917754889 -0.3365215361 -0.3024726212 0.3375336528 0.0495587587 0.9400079846
-292.7 321.2 2590.4 0.6648044586 0.2437737584 0.7061227560 -0.7465517521 0.1834395528 0.6395392418 0.0263720322 -0.9523257017 0.3039411604
-126.8 134.9 2597.0 0.0034896724 0.2437737584 0.9698258638 -0.9821085930 0.1834395528 -0.0425751805 -0.1882831305 -0.9523257017 0.2400524467
-346.4 -114.2 2731.6 0.3414382041 0.0664525032 0.9375521541 -0.0426133424 0.9975662827 -0.0551872775 -0.9389377236 -0.0211091843 0.3434390128
-371.8 -496.2 2739.6 0.3258810043 -0.1025411636 0.9398334622 0.2263672501 0.9736469388 0.0277390722 -0.9179103374 0.2037078738 0.3405050039
-221.1 -74.4 2606.9 0.4058181942 0.4487851262 0.7961805463 0.1358593553 0.8318384886 -0.5381328464 -0.9037996531 0.3265526891 0.2766035199
-396.7 -399.9 2479.1 0.4058181942 -0.0570202731 0.9121733904 0.1358593553 0.9907270074 0.0014880159 -0.9037996531 0.1233234257 0.4098017812
-350.1 -126.2 2892.7 0 0 0 0 0 0 0 0 0
-125.9 -115.8 2548.9 0 0 0 0 0 0 0 0 0
-337.1 -825.8 2670.7 0 0 0 0 0 0 0 0 0
-373.6 -800.9 2429.2 0 0 0 0 0 0 0 0 0
-458.2 481.4 2695.6 64 0.7145974636 -0.2863742411 0.6382321715 0.2466913611 0.9569147229 0.1531585753 -0.6545944214 0.0479996279 0.7544549108
-400.7 289.4 2686.0 0.7145974636 -0.2863742411 0.6382321715 0.2466913611 0.9569147229 0.1531585753 -0.6545944214 0.0479996279 0.7544549108
-347.9 100.9 2678.0 0.7195859551 -0.2693545520 0.6400344968 0.2294647247 0.9621622562 0.1469345540 -0.6553944945 0.0411332995 0.7541658282
-503.2 256.7 2779.3 -0.2334280461 -0.9395565987 -0.2504889071 0.5840020180 -0.3414334655 0.7364541888 -0.7774657607 0.0256230310 0.6284031272
-443.0 106.3 2979.5 -0.3141609132 -0.9395565987 0.1361479312 0.8894236684 -0.3414334655 -0.3038893640 0.3320067525 0.0256230310 0.9429289699
-298.2 322.1 2592.7 0.6736360192 0.2248366624 0.7040333748 -0.7387416363 0.1767435819 0.6504017711 0.0218007881 -0.9582328200 0.2851570547
-133.5 141.4 2598.0 -0.0020626378 0.2248366624 0.9743942618 -0.9833230972 0.1767435819 -0.0428642444 -0.1818553805 -0.9582328200 0.2207225263
-354.2 -108.5 2728.9 0.3655740917 0.0089379968 0.9307393432 -0.0129027171 0.9999064803 -0.0045343107 -0.9306927919 -0.0103514399 0.3656552434
-357.7 -495.1 2732.9 0.3585976064 -0.0728023127 0.9306489825 0.2283943594 0.9734965563 -0.0118507287 -0.9051208496 0.2168046236 0.3657211959
-226.2 -68.0 2607.6 0.4080452323 0.4666326046 0.7846993804 0.1169079766 0.8257266879 -0.5518224239 -0.9054455161 0.3169061244 0.2823807597
-408.9 -391.2 2483.6 0.4080452323 0.0041500814 0.9129523039 0.1169079766 0.9915195107 -0.0567594059 -0.9054455161 0.1298918128 0.4040996134
-360.9 -126.4 2892.7 0 0 0 0 0 0 0 0 0
-134.0 -107.0 2552.1 0 0 0 0 0 0 0 0 0
-334.1 -810.9 2662.6 0 0 0 0 0 0 0 0 0
-410.6 -806.6 2429.1 0 0 0 0 0 0 0 0 0
-463.8 478.8 2696.5 65 0.7021346092 -0.2714601159 0.6582676768 0.2271304578 0.9615676999 0.1542702615 -0.6748471856 0.0411941521 0.7368068099
-409.5 286.3 2688.2 0.7021346092 -0.2714601159 0.6582676768 0.2271304578 0.9615676999 0.1542702615 -0.6748471856 0.0411941521 0.7368068099
-359.3 97.2 2681.8 0.7067331076 -0.2561943531 0.6594640017 0.2103311568 0.9660697579 0.1498999596 -0.6754917502 0.0327665582 0.7366391420
-510.1 256.4 2784.4 -0.2444992363 -0.9428531528 -0.2263803333 0.5752130151 -0.3289830983 0.7489326596 -0.7806088328 0.0528965481 0.6227775216
-447.1 108.2 2985.5 -0.2951522768 -0.9428531528 0.1546384841 0.8982513547 -0.3289830983 -0.2914010286 0.3256218433 0.0528965481 0.9440192580
-308.8 316.3 2592.0 0.6906831264 0.1912046522 0.6974221468 -0.7230901122 0.1694283932 0.6696527004 0.0098775914 -0.9668168426 0.2552795112
-140.2 139.8 2594.4 0.0072386386 0.1912046522 0.9815235138 -0.9852063060 0.1694283932 -0.0257395208 -0.1712194681 -0.9668168426 0.1896024644
-360.6 -108.2 2729.0 0.3433420062 -0.0156783182 0.9390795827 -0.0164425895 0.9996070862 0.0227005165 -0.9390665293 -0.0232349411 0.3429493308
-354.5 -497.1 2738.0 0.3372036815 -0.0687216520 0.9389201403 0.2497848421 0.9681178927 -0.0188490003 -0.9076900482 0.2408839613 0.3436185420
-230.2 -66.8 2610.7 0.3974956274 0.4810421169 0.7814062238 0.1142787635 0.8189904690 -0.5623121262 -0.9104601145 0.3128147721 0.2705722451
-418.6 -387.4 2488.3 0.3967745304 0.0568719432 0.9161525965 0.1011340842 0.9892938137 -0.1052122712 -0.9123277068 0.1343998015 0.3867748976
-369.9 -126.7 2900.3 0 0 0 0 0 0 0 0 0
-138.4 -110.8 2550.9 0 0 0 0 0 0 0 0 0
-332.6 -805.2 2661.4 0 0 0 0 0 0 0 0 0
-442.7 -807.8 2431.1 0 0 0 0 0 0 0 0 0
-469.3 474.6 2696.4 66 0.6669076681 -0.2632561922 0.6970870495 0.2059557140 0.9641905427 0.1670891792 -0.7161120176 0.0321360007 0.6972452402
-416.4 281.1 2689.9 0.6669076681 -0.2632561922 0.6970870495 0.2059557140 0.9641905427 0.1670891792 -0.7161120176 0.0321360007 0.6972452402
-367.5 91.6 2685.1 0.6706974506 -0.2498099804 0.6983980536 0.1916837096 0.9679690599 0.1621518582 -0.7165349126 0.0251166895 0.6970989108
-511.8 253.9 2791.8 -0.2833325267 -0.9401218891 -0.1894559860 0.5599718094 -0.3225545585 0.7631448507 -0.7785590887 0.1101337448 0.6178319454
-438.9 109.7 2992.2 -0.2735696733 -0.9401218891 0.2032990754 0.9068323970 -0.3225545585 -0.2713182271 0.3206472397 0.1101337448 0.9407740831
-321.1 308.4 2588.0 0.7067115903 0.1687601060 0.6870799065 -0.7074069381 0.1526511312 0.6901253462 0.0115821082 -0.9737646580 0.2272624075
-146.2 133.3 2590.9 -0.0282072481 0.1687601060 0.9852534533 -0.9867818952 0.1526511312 -0.0543980077 -0.1595802754 -0.9737646580 0.1622235477
-373.1 -111.0 2736.4 0.2908735871 -0.0533422865 0.9552733302 0.0194876511 0.9985677600 0.0498259962 -0.9565629959 0.0041229669 0.2914965153
-352.3 -500.4 2734.8 0.2833666205 -0.0656609163 0.9567611814 0.2471408546 0.9689564109 -0.0066985413 -0.9266200662 0.2383529246 0.2907974124
-245.3 -73.0 2614.5 0.3682737947 0.4736428857 0.8000230193 0.1249889955 0.8274670243 -0.5474267602 -0.9212774634 0.3015969992 0.2455342710
-430.7 -397.0 2496.4 0.3664333224 0.0989349708 0.9251694083 0.1060366780 0.9834122658 -0.1471614093 -0.9243823886 0.1520267427 0.3498643041
-367.4 -127.4 2908.4 0 0 0 0 0 0 0 0 0
-153.4 -118.4 2550.2 0 0 0 0 0 0 0 0 0
-331.8 -803.5 2660.2 0 0 0 0 0 0 0 0 0
-471.8 -804.9 2433.3 0 0 0 0 0 0 0 0 0
-472.5 472.6 2686.8 67 0.6822528839 -0.2685692310 0.6800011396 0.1982229650 0.9631983042 0.1815397292 -0.7037319541 0.0109358327 0.7103814483
-418.5 279.1 2684.6 0.6822528839 -0.2685692310 0.6800011396 0.1982229650 0.9631983042 0.1815397292 -0.7037319541 0.0109358327 0.7103814483
-369.5 89.5 2683.5 0.6866922975 -0.2502369881 0.6825211644 0.1816963553 0.9681673050 0.1721584499 -0.7038750648 0.0057917223 0.7103001475
-516.2 253.2 2784.8 -0.2654385269 -0.9424597621 -0.2032533735 0.5485313535 -0.3209951222 0.7720592618 -0.7928781509 0.0934434235 0.6021732688
-447.9 112.0 2988.9 -0.2804079950 -0.9424597621 0.1820464134 0.9111737013 -0.3209951222 -0.2583110332 0.3018837869 0.0934434235 0.9487541914
-320.7 305.0 2584.4 0.6817080379 0.1567528993 0.7146346569 -0.7316033244 0.1386572421 0.6674808860 0.0055402922 -0.9778561592 0.2092047036
-156.4 128.6 2585.8 -0.0677384660 0.1567528993 0.9853121638 -0.9862549901 0.1386572421 -0.0898622125 -0.1507068276 -0.9778561592 0.1452059001
-379.1 -115.3 2744.8 0.3088563383 -0.0708586797 0.9484655261 0.0623381659 0.9965848327 0.0541539416 -0.9490635991 0.0423998125 0.3122187555
-351.4 -504.4 2728.2 0.3022361696 -0.0649154335 0.9510201216 0.2298694104 0.9731989503 -0.0066236421 -0.9251018167 0.2206123322 0.3090580106
-258.0 -80.7 2615.6 0.3818670213 0.4768942893 0.7916750908 0.0995568112 0.8303800225 -0.5482311845 -0.9188395143 0.2881680429 0.2696166635
-444.8 -405.9 2502.7 0.3828176260 0.1274190694 0.9149945378 0.1067739949 0.9777024388 -0.1808239222 -0.9176328182 0.1669202149 0.3606766760
-374.6 -126.3 2910.0 0 0 0 0 0 0 0 0 0
-173.6 -122.4 2547.4 0 0 0 0 0 0 0 0 0
-331.7 -800.7 2661.1 0 0 0 0 0 0 0 0 0
-496.4 -802.3 2435.0 0 0 0 0 0 0 0 0 0
-479.0 475.2 2690.5 68 0.6403201818 -0.2604914904 0.7225885391 0.1924372464 0.9651404619 0.1774030328 -0.7436113954 0.0254582036 0.6681271791
-426.9 282.1 2685.5 0.6403201818 -0.2604914904 0.7225885391 0.1924372464 0.9651404619 0.1774030328 -0.7436113954 0.0254582036 0.6681271791
-378.7 92.4 2682.7 0.6448456645 -0.2467711866 0.7233796120 0.1751824617 0.9689686894 0.1743868589 -0.7439658642 0.0142708225 0.6680652499
-518.6 257.2 2791.2 -0.3097555339 -0.9363690615 -0.1651197672 0.5449301004 -0.3171396255 0.7761917710 -0.7791679502 0.1504509449 0.6084914207
-438.9 117.0 2991.7 -0.2595117390 -0.9363690615 0.2363613397 0.9140699506 -0.3171396255 -0.2527817786 0.3116565645 0.1504509449 0.9382082224
-335.3 307.1 2579.7 0.6754962802 0.0867748708 0.7322396636 -0.7369573712 0.1124025062 0.6665279865 -0.0244676955 -0.9898665547 0.1398768574
-162.5 118.7 2573.4 -0.1052908525 0.0867748708 0.9906482697 -0.9870147109 0.1124025062 -0.1147504523 -0.1213088036 -0.9898665547 0.0738131180
-382.6 -116.5 2745.9 0.2529257834 -0.0725437701 0.9647620916 0.0563295968 0.9965974689 0.0601699911 -0.9658444524 0.0391261168 0.2561515570
-354.2 -506.3 2730.6 0.2417845279 -0.0817077979 0.9668837190 0.2455599159 0.9691647291 0.0204944294 -0.9387441278 0.2324726433 0.2543931901
-258.5 -83.7 2618.9 0.3391015828 0.5004832745 0.7965717912 0.1115063876 0.8193892241 -0.5622878075 -0.9341180325 0.2794955373 0.2220491022
-454.5 -404.5 2509.4 0.3400389552 0.1576887220 0.9270964265 0.1172442511 0.9710410833 -0.2081658691 -0.9330741167 0.1794812232 0.3117036819
-371.1 -122.0 2910.2 0 0 0 0 0 0 0 0 0
-189.4 -133.0 2542.5 0 0 0 0 0 0 0 0 0
-329.6 -798.2 2660.6 0 0 0 0 0 0 0 0 0
-518.4 -798.4 2436.6 0 0 0 0 0 0 0 0 0
-480.2 469.6 2681.9 69 0.6436591744 -0.2636401355 0.7184683084 0.1968652904 0.9642369747 0.1774572581 -0.7395585775 0.0272194762 0.6725416183
-427.5 277.0 2676.5 0.6436591744 -0.2636401355 0.7184683084 0.1968652904 0.9642369747 0.1774572581 -0.7395585775 0.0272194762 0.6725416183
-379.4 87.1 2673.4 0.6489387155 -0.2459940463 0.7199760079 0.1768366545 0.9691413641 0.1717374772 -0.7400049567 0.0158710591 0.6724141240
-519.9 251.8 2781.8 -0.3051549494 -0.9373635054 -0.1680180877 0.5470851660 -0.3169705868 0.7747434974 -0.7794730663 0.1444966197 0.6095427871
-441.3 110.9 2982.5 -0.2604896128 -0.9373635054 0.2312894166 0.9131988883 -0.3169705868 -0.2561200559 0.3133895099 0.1444966197 0.9385668635
-335.2 302.2 2571.1 0.6596711278 0.0394207388 0.7505198121 -0.7503866553 0.0901941136 0.6548166871 -0.0418791175 -0.9951437116 0.0890792534
-173.9 118.8 2560.9 -0.1001046225 0.0394207388 0.9941956997 -0.9905509949 0.0901941136 -0.1033139154 -0.0937433168 -0.9951437116 0.0300194025
-388.6 -113.2 2747.0 0.2590941191 -0.0739881322 0.9630140066 0.0453868434 0.9968928099 0.0643799230 -0.9647850990 0.0270277075 0.2616471350
-359.6 -503.4 2736.4 0.2429353744 -0.1003432497 0.9648386836 0.2646883130 0.9637490511 0.0335844234 -0.9332323074 0.2472226769 0.2606884241
-272.2 -81.6 2612.8 0.3266537189 0.4950424433 0.8051275015 0.0849586278 0.8330289125 -0.5466670990 -0.9413179159 0.2469733655 0.2300538570
-466.0 -407.6 2516.2 0.3323077857 0.1727256179 0.9272202253 0.1157700941 0.9681843519 -0.2218475640 -0.9360389113 0.1810660511 0.3017387390
-373.2 -128.0 2900.6 0 0 0 0 0 0 0 0 0
-199.5 -134.3 2536.9 0 0 0 0 0 0 0 0 0
-329.0 -797.8 2660.9 0 0 0 0 0 0 0 0 0
-536.1 -800.5 2442.7 0 0 0 0 0 0 0 0 0
-484.0 466.5 2678.1 70 0.5809350014 -0.2530211806 0.7736244798 0.1749905050 0.9670562148 0.1848798841 -0.7949168682 0.0279737376 0.6060730815
-433.6 273.6 2672.5 0.5809350014 -0.2530211806 0.7736244798 0.1749905050 0.9670562148 0.1848798841 -0.7949168682 0.0279737376 0.6060730815
-387.3 83.4 2669.3 0.5856497884 -0.2362802476 0.7753618360 0.1563107669 0.9715370536 0.1779964417 -0.7953497767 0.0169538353 0.6059135795
-516.6 251.4 2785.4 -0.3655000031 -0.9243745208 -0.1092772260 0.5359869003 -0.3049924076 0.7872087955 -0.7610044479 0.2291536331 0.6069273949
-422.7 113.6 2981.0 -0.2261917740 -0.9243745208 0.3071954548 0.9218920469 -0.3049924076 -0.2389449924 0.3145669401 0.2291536331 0.9211602807
-350.5 295.9 2559.6 0.6850288510 0.0108822742 0.7284346819 -0.7268704772 0.0773754418 0.6824019551 -0.0489368699 -0.9969426394 0.0609144121
-177.6 112.5 2547.3 -0.1171467602 0.0108822742 0.9930549860 -0.9900374413 0.0773754418 -0.1176387072 -0.0781182423 -0.9969426394 0.0017095765
-389.8 -118.6 2737.1 0.1771700382 -0.0844707936 0.9805485606 0.0252950303 0.9963716269 0.0812634751 -0.9838551283 0.0104055516 0.1786638945
-356.8 -508.7 2733.0 0.1594795436 -0.0965007320 0.9824733734 0.2503597438 0.9666286707 0.0543049015 -0.9549273849 0.2373112589 0.1783173978
-272.6 -86.7 2603.5 0.2630083859 0.5190505981 0.8132730722 0.0893576443 0.8262219429 -0.5562126637 -0.9606465697 0.2189607620 0.1709221601
-475.7 -410.0 2517.8 0.2692980766 0.1766732484 0.9467127919 0.1230283752 0.9686635733 -0.2157658041 -0.9551662803 0.1745778471 0.2391234040
-363.6 -127.4 2898.8 0 0 0 0 0 0 0 0 0
-207.6 -140.7 2527.3 0 0 0 0 0 0 0 0 0
-328.0 -796.5 2662.4 0 0 0 0 0 0 0 0 0
-547.3 -802.3 2447.1 0 0 0 0 0 0 0 0 0
-487.6 464.1 2675.7 71 0.5565838814 -0.2439640313 0.7941636443 0.1640330255 0.9693650603 0.1828238517 -0.8144369721 0.0285122599 0.5795511007
-439.0 271.3 2670.0 0.5565838814 -0.2439640313 0.7941636443 0.1640330255 0.9693650603 0.1828238517 -0.8144369721 0.0285122599 0.5795511007
-394.4 80.6 2666.5 0.5607768297 -0.2278875262 0.7959878445 0.1467683315 0.9735113978 0.1753127873 -0.8148548603 0.0185144525 0.5793693066
-518.7 250.3 2785.8 -0.3857633173 -0.9187945724 -0.0836849362 0.5337055922 -0.2962252498 0.7920914888 -0.7525590062 0.2608967423 0.6046386361
-419.5 113.0 2979.5 -0.2084937096 -0.9187945724 0.3351818621 0.9254065752 -0.2962252498 -0.2363753170 0.3164696991 0.2608967423 0.9120196104
-359.4 292.2 2554.2 0.6982426047 -0.0207049642 0.7155617476 -0.7126142979 0.0749920309 0.6975364089 -0.0681038946 -0.9969691634 0.0376079753
-186.4 115.7 2537.3 -0.1017872319 -0.0207049642 0.9945906997 -0.9921596050 0.0749920309 -0.0999772847 -0.0725163519 -0.9969691634 -0.0281758625
-393.7 -121.0 2737.7 0.1468203813 -0.0979270637 0.9843038321 0.0013907901 0.9951068759 0.0987943932 -0.9891622066 -0.0131360712 0.1462381780
-355.4 -510.6 2742.8 0.1274114102 -0.0876301453 0.9879713058 0.2803874314 0.9586421251 0.0488692187 -0.9513933063 0.2707882524 0.1467123330
-288.3 -92.8 2594.5 0.2356627285 0.4976581931 0.8347451091 0.0866960287 0.8447470069 -0.5280968547 -0.9679601789 0.1968218386 0.1559303999
-483.0 -423.3 2517.5 0.2422163039 0.1835292727 0.9527057409 0.1205792278 0.9686387777 -0.2172547132 -0.9627003074 0.1674991548 0.2124902755
-365.0 -129.0 2896.7 0 0 0 0 0 0 0 0 0
-212.5 -138.2 2518.8 0 0 0 0 0 0 0 0 0
-329.3 -796.3 2662.1 0 0 0 0 0 0 0 0 0
-554.7 -801.6 2452.1 0 0 0 0 0 0 0 0 0
-492.0 467.6 2677.0 72 0.5585966110 -0.2316611707 0.7964313626 0.1681775749 0.9718930125 0.1647429466 -0.8122106194 0.0419170335 0.5818563700
-445.8 274.0 2668.6 0.5585966110 -0.2316611707 0.7964313626 0.1681775749 0.9718930125 0.1647429466 -0.8122106194 0.0419170335 0.5818563700
-403.7 82.9 2663.0 0.5631465912 -0.2152899802 0.7978196144 0.1483466774 0.9761198759 0.1586923897 -0.8129324317 0.0289868060 0.5816361308
-526.0 252.9 2784.3 -0.3783429265 -0.9226796031 -0.0742899328 0.5462387204 -0.2873340547 0.7868051529 -0.7473151088 0.2571021318 0.6127141118
-428.6 112.3 2976.8 -0.1967447400 -0.9226796031 0.3315929174 0.9243339896 -0.2873340547 -0.2510892153 0.3269528151 0.2571021318 0.9093955755
-365.7 295.2 2552.9 0.6942099333 -0.1186881289 0.7099194527 -0.7105571628 0.0443160385 0.7022425532 -0.1148086712 -0.9919421673 -0.0535700656
-194.5 120.0 2524.6 -0.1312127262 -0.1186881289 0.9842237234 -0.9909424186 0.0443160385 -0.1267643422 -0.0285714753 -0.9919421673 -0.1234279349
-400.4 -123.3 2736.4 0.1505320966 -0.1112540588 0.9823251367 -0.0209390894 0.9930658937 0.1156792343 -0.9883833528 -0.0379824303 0.1471587420
-356.8 -512.1 2751.2 0.1281366199 -0.0897606164 0.9876862168 0.3087485433 0.9500170350 0.0462820232 -0.9424729943 0.2990162373 0.1494454294
-299.3 -96.8 2589.4 0.2221032232 0.4903506041 0.8427493572 0.0682965368 0.8543906808 -0.5151233673 -0.9726282358 0.1719674319 0.1562736779
-491.2 -431.2 2522.1 0.2315719873 0.1697426885 0.9578945041 0.1207730472 0.9720258713 -0.2014438361 -0.9652917981 0.1623365879 0.2045936137
-377.1 -129.5 2891.2 0 0 0 0 0 0 0 0 0
-227.6 -129.8 2517.4 0 0 0 0 0 0 0 0 0
-329.9 -796.5 2661.7 0 0 0 0 0 0 0 0 0
-556.3 -804.2 2459.9 0 0 0 0 0 0 0 0 0
-497.7 467.7 2666.1 73 0.5231363177 -0.2308525145 0.8203874230 0.1493040174 0.9725527167 0.1784643382 -0.8390689492 0.0291259680 0.5432448387
-451.7 273.9 2660.3 0.5231363177 -0.2308525145 0.8203874230 0.1493040174 0.9725527167 0.1784643382 -0.8390689492 0.0291259680 0.5432448387
-411.1 82.3 2656.4 0.5277050138 -0.2069744617 0.8238258362 0.1289485544 0.9781390429 0.1631449312 -0.8395830393 0.0201387424 0.5428579450
-526.7 255.5 2779.8 -0.4072967172 -0.9123475552 -0.0416089632 0.5354794860 -0.2754630446 0.7983620167 -0.7398453355 0.3028894663 0.6007385850
-421.9 117.7 2970.2 -0.1758417487 -0.9123475552 0.3697317839 0.9317401648 -0.2754630446 -0.2366018146 0.3177105486 0.3028894663 0.8985087276
-376.6 292.2 2540.9 0.6707229614 -0.1662434787 0.7228373289 -0.7315410972 0.0125351250 0.6816821098 -0.1223860607 -0.9860050678 -0.1132063344
-212.8 113.6 2511.0 -0.0899707973 -0.1662434787 0.9819716811 -0.9959412217 0.0125351250 -0.0891285837 0.0025079080 -0.9860050678 -0.1666965336
-412.3 -121.7 2730.7 0.1074347496 -0.1325891018 0.9853313565 -0.0475054830 0.9892508984 0.1382962465 -0.9930765629 -0.0616664626 0.0999812111
-360.4 -508.9 2754.9 0.0792902559 -0.0934381858 0.9924627542 0.3116729856 0.9480077624 0.0643525347 -0.9468753934 0.3042213023 0.1042899415
-310.7 -94.9 2584.0 0.1859632879 0.4781687558 0.8583543897 0.0601559468 0.8664131761 -0.4956909418 -0.9807134867 0.1438154429 0.1323563457
-497.8 -433.9 2527.7 0.1996438056 0.1566285789 0.9672692418 0.1412896961 0.9722243547 -0.1865930557 -0.9696285725 0.1739173234 0.1719685644
-375.9 -126.0 2887.2 0 0 0 0 0 0 0 0 0
-235.6 -139.2 2511.6 0 0 0 0 0 0 0 0 0
-332.0 -797.2 2662.3 0 0 0 0 0 0 0 0 0
-557.2 -802.8 2461.7 0 0 0 0 0 0 0 0 0
-503.2 469.7 2660.2 74 0.4678908587 -0.2126919627 0.8578113317 0.1249712780 0.9767792225 0.1740244776 -0.8749058843 0.0257773157 0.4836064577
-460.8 275.0 2655.1 0.4678908587 -0.2126919627 0.8578113317 0.1249712780 0.9767792225 0.1740244776 -0.8749058843 0.0257773157 0.4836064577
-423.7 82.8 2651.2 0.4711263478 -0.1891734600 0.8615412712 0.1092029959 0.9817263484 0.1558464617 -0.8752797842 0.0206595138 0.4831754565
-527.7 259.4 2779.4 -0.4478764534 -0.8939988017 0.0131459245 0.5336599946 -0.2554989457 0.8061807156 -0.7173658013 0.3680847883 0.5915233493
-412.4 122.1 2964.0 -0.1385119706 -0.8939988017 0.4261226952 0.9388416409 -0.2554989457 -0.2308606058 0.3152630031 0.3680847883 0.8747130036
-393.9 290.6 2530.7 0.6991485357 -0.2131240517 0.6824730039 -0.6987761855 -0.0016380559 0.7153385282 -0.1513379067 -0.9770237803 -0.1500712484
-220.5 117.3 2493.2 -0.1398914307 -0.2131240517 0.9669584036 -0.9896439910 -0.0016380559 -0.1435344368 0.0321745723 -0.9770237803 -0.2106877863
-418.1 -120.9 2728.3 0.0350919776 -0.1408276707 0.9894120097 -0.0358492844 0.9892072082 0.1420700103 -0.9987409115 -0.0404552296 0.0296646673
-363.0 -508.1 2744.1 0.0046024858 -0.0991944969 0.9950574040 0.2739887536 0.9571138620 0.0941447169 -0.9617218971 0.2722012401 0.0315832794
-322.9 -97.6 2576.8 0.1334442198 0.4611167312 0.8772479892 0.0697650984 0.8785979748 -0.4724388123 -0.9885977507 0.1242455170 0.0850739777
-503.4 -441.4 2528.2 0.1470881402 0.1462829709 0.9782465696 0.1572373211 0.9729694128 -0.1691358835 -0.9765456915 0.1786947548 0.1201111153
-376.2 -123.3 2881.6 0 0 0 0 0 0 0 0 0
-255.7 -132.1 2501.3 0 0 0 0 0 0 0 0 0
-333.0 -798.0 2661.7 0 0 0 0 0 0 0 0 0
-557.7 -802.4 2461.9 0 0 0 0 0 0 0 0 0
-510.0 475.6 2657.7 75 0.4374366999 -0.2025044113 0.8761513233 0.1188986078 0.9787847996 0.1668634564 -0.8913542032 0.0311809722 0.4522338808
-469.4 279.7 2651.5 0.4374366999 -0.2025044113 0.8761513233 0.1188986078 0.9787847996 0.1668634564 -0.8913542032 0.0311809722 0.4522338808
-433.6 87.3 2647.0 0.4405146837 -0.1831775308 0.8788588047 0.1032438055 0.9828037620 0.1530930400 -0.8917889595 0.0232969988 0.4518514574
-532.1 265.0 2778.3 -0.4702002108 -0.8817427754 0.0379658714 0.5328097343 -0.2493075132 0.8086776733 -0.7035804987 0.4004689753 0.5870255828
-411.0 127.9 2959.4 -0.1221927479 -0.8817427754 0.4556298852 0.9406686425 -0.2493075132 -0.2301916927 0.3165618181 0.4004689753 0.8598914146
-406.8 294.5 2524.7 0.6874595881 -0.2634953856 0.6767344475 -0.7012766004 0.0012774748 0.7128881216 -0.1887072474 -0.9646598101 -0.1839049459
-230.2 114.3 2476.2 -0.1913460344 -0.2634953856 0.9454929233 -0.9801984429 0.0012774748 -0.1980136186 0.0509678312 -0.9646598101 -0.2585222125
-429.1 -119.4 2726.1 -0.0055479975 -0.1704376489 0.9853528738 -0.0066007134 0.9853528142 0.1704004705 -0.9999628067 -0.0055586500 -0.0065917447
-362.4 -504.8 2728.3 -0.0277567301 -0.0950570703 0.9950847626 0.2185341418 0.9708113670 0.0988340676 -0.9754344821 0.2202033103 -0.0061733327
-344.2 -99.6 2568.4 0.0951836407 0.4321079552 0.8967847228 0.0579875335 0.8969383240 -0.4383367002 -0.9937693477 0.0937248170 0.0603169799
-513.2 -450.4 2531.8 0.1115232930 0.1239336878 0.9860035181 0.1808495224 0.9730936289 -0.1427662373 -0.9771673083 0.1942400336 0.0861092582
-379.1 -118.1 2876.7 0 0 0 0 0 0 0 0 0
-278.7 -134.3 2489.1 0 0 0 0 0 0 0 0 0
-333.7 -798.4 2661.7 0 0 0 0 0 0 0 0 0
-557.9 -800.7 2461.8 0 0 0 0 0 0 0 0 0
-514.9 477.0 2656.5 76 0.3810135126 -0.1886218935 0.9051245451 0.1073607653 0.9813722372 0.1593177319 -0.9183149338 0.0364726558 0.3941667080
-477.2 280.4 2649.2 0.3810135126 -0.1886218935 0.9051245451 0.1073607653 0.9813722372 0.1593177319 -0.9183149338 0.0364726558 0.3941667080
-443.2 87.6 2644.5 0.3840782642 -0.1735060066 0.9068514705 0.0907231197 0.9845234752 0.1499429196 -0.9188325405 0.0246825758 0.3938750625
-531.7 267.4 2779.8 -0.5093634725 -0.8566572070 0.0817756280 0.5303066969 -0.2376306653 0.8138221502 -0.6777342558 0.4578974247 0.5753313899
-400.7 131.0 2954.1 -0.0944490433 -0.8566572070 0.5071663857 0.9448355436 -0.2376306653 -0.2254274189 0.3136323094 0.4578974247 0.8318441510
-422.6 293.4 2518.7 0.6999420524 -0.3015727699 0.6474063396 -0.6764286757 0.0109636709 0.7364265323 -0.2291841507 -0.9533801079 -0.1963185370
-241.2 118.0 2459.2 -0.2552371919 -0.3015727699 0.9186445475 -0.9643667936 0.0109636709 -0.2643415630 0.0696465001 -0.9533801079 -0.2936251163
-437.4 -114.5 2723.0 -0.0674095005 -0.1758785546 0.9821011424 -0.0243745521 0.9843366742 0.1746058762 -0.9974275827 -0.0121681811 -0.0706406012
-368.6 -499.8 2727.8 -0.0951026455 -0.1112920865 0.9892267585 0.2009148449 0.9711346030 0.1285722703 -0.9749813676 0.2109778970 -0.0699972361
-358.0 -95.8 2562.1 0.0282729380 0.4180020988 0.9080060124 0.0383143164 0.9072484374 -0.4188463688 -0.9988656640 0.0466316454 0.0096351141
-521.4 -450.5 2543.9 0.0470969267 0.0968454331 0.9941844940 0.2223774344 0.9692949057 -0.1049554497 -0.9738224745 0.2260272801 0.0241145752
-376.0 -116.0 2872.1 0 0 0 0 0 0 0 0 0
-305.6 -125.5 2476.8 0 0 0 0 0 0 0 0 0
-333.8 -802.9 2661.9 0 0 0 0 0 0 0 0 0
-556.5 -801.7 2462.0 0 0 0 0 0 0 0 0 0
-519.2 477.3 2655.4 77 0.3518035710 -0.1625524312 0.9218519330 0.1027629301 0.9855611920 0.1345693469 -0.9304160476 0.0473902337 0.3634282947
-486.7 280.5 2645.9 0.3518035710 -0.1625524312 0.9218519330 0.1027629301 0.9855611920 0.1345693469 -0.9304160476 0.0473902337 0.3634282947
-457.6 87.0 2639.5 0.3545792401 -0.1487190425 0.9231230617 0.0851614997 0.9883031249 0.1265085787 -0.9311396480 0.0337572247 0.3630969226
-537.1 268.3 2778.4 -0.5191340446 -0.8461271524 0.1207006201 0.5447237492 -0.2187219262 0.8095904589 -0.6586166620 0.4860344827 0.5744515657
-403.5 128.0 2947.9 -0.0606298707 -0.8461271524 0.5295212865 0.9454969168 -0.2187219262 -0.2412390411 0.3199368417 0.4860344827 0.8132717013
-436.3 292.7 2513.5 0.7236353159 -0.3154699206 0.6138653159 -0.6401863098 0.0255526267 0.7677946091 -0.2579019666 -0.9485914707 -0.1834687293
-248.5 126.5 2446.6 -0.2605738342 -0.3154699206 0.9124582410 -0.9635437131 0.0255526267 -0.2663280070 0.0607027709 -0.9485914707 -0.3106273711
-443.8 -113.4 2722.6 -0.1073700488 -0.1773773879 0.9782683253 0.0135210631 0.9836049676 0.1798290163 -0.9941271544 0.0325354785 -0.1032113805
-374.4 -498.2 2709.8 -0.1247204617 -0.1227464378 0.9845700264 0.1444837153 0.9794936180 0.1404160559 -0.9816156626 0.1597670913 -0.1044280380
-374.6 -97.0 2557.0 0.0039913058 0.3851150572 0.9228599668 0.0612337813 0.9210413098 -0.3846209645 -0.9981154799 0.0580453426 -0.0199058913
-525.2 -457.2 2534.3 0.0167514496 0.0862369239 0.9961338043 0.2056278139 0.9746803641 -0.0878375918 -0.9784868956 0.2063042223 -0.0014054016
-387.6 -119.1 2864.3 0 0 0 0 0 0 0 0 0
-314.8 -118.5 2462.0 0 0 0 0 0 0 0 0 0
-336.7 -799.3 2660.7 0 0 0 0 0 0 0 0 0
-555.8 -802.6 2461.2 0 0 0 0 0 0 0 0 0
-524.2 480.7 2654.8 78 0.3212150037 -0.1533851922 0.9345019460 0.0998931900 0.9867786169 0.1276295185 -0.9417230487 0.0523538664 0.3322902322
-493.6 283.6 2644.4 0.3212150037 -0.1533851922 0.9345019460 0.0998931900 0.9867786169 0.1276295185 -0.9417230487 0.0523538664 0.3322902322
-467.6 89.7 2636.6 0.3238236308 -0.1331200600 0.9367055893 0.0818921551 0.9902800918 0.1124232933 -0.9425666928 0.0403035209 0.3315775692
-539.7 271.9 2778.5 -0.5333955288 -0.8321323395 0.1518059075 0.5532820821 -0.2074791491 0.8067411780 -0.6398188472 0.5143036246 0.5710723400
-402.3 129.5 2943.2 -0.0358663015 -0.8321323395 0.5534161329 0.9455722570 -0.2074791491 -0.2506900728 0.3234296143 0.5143036246 0.7942827344
-447.5 295.4 2510.2 0.7044863701 -0.3755665421 0.6022032499 -0.6461241841 0.0116666155 0.7631431222 -0.2936367095 -0.9267219901 -0.2344436496
-260.4 123.7 2432.2 -0.2669627070 -0.3755665421 0.8875137568 -0.9589015245 0.0116666155 -0.2834991217 0.0961185023 -0.9267219901 -0.3632458746
-460.5 -114.3 2717.0 -0.1392759830 -0.2035584897 0.9691058397 0.0078177461 0.9783875942 0.2066316307 -0.9902227521 0.0363550484 -0.1346745342
-380.8 -497.2 2702.7 -0.1550610512 -0.1386949420 0.9781205654 0.1137861907 0.9809991121 0.1571415961 -0.9813300967 0.1356631517 -0.1363331825
-396.6 -98.8 2549.0 -0.0325994901 0.3401920795 0.9397907257 0.0545389950 0.9394950271 -0.3381931782 -0.9979793429 0.0402303152 -0.0491807945
-529.5 -466.0 2533.3 -0.0206458718 0.0769027695 0.9968248010 0.2120576203 0.9746889472 -0.0708029792 -0.9770390391 0.2099225074 -0.0364311188
-393.0 -117.7 2858.7 0 0 0 0 0 0 0 0 0
-328.5 -120.8 2456.8 0 0 0 0 0 0 0 0 0
-337.7 -802.0 2660.6 0 0 0 0 0 0 0 0 0
-555.8 -799.0 2461.5 0 0 0 0 0 0 0 0 0
-525.3 480.3 2636.1 79 0.3528445661 -0.1342742592 0.9259973764 0.0613561757 0.9908400178 0.1202974394 -0.9336681366 0.0143693592 0.3578510582
-498.3 281.3 2633.2 0.3528445661 -0.1342742592 0.9259973764 0.0613561757 0.9908400178 0.1202974394 -0.9336681366 0.0143693592 0.3578510582
-475.4 87.0 2631.4 0.3541828692 -0.1179162264 0.9277123809 0.0508286804 0.9929797649 0.1068065763 -0.9337938428 0.0093253376 0.3576899469
-548.7 274.1 2766.0 -0.5044125915 -0.8508167863 0.1472372711 0.5432480574 -0.1801615804 0.8200142384 -0.6711553931 0.4936118424 0.5530803204
-418.9 134.3 2938.7 -0.0298034828 -0.8508167863 0.5246165991 0.9544188380 -0.1801615804 -0.2379632592 0.2969788909 0.4936118424 0.8174049854
-448.0 288.6 2500.3 0.6864522099 -0.4298141897 0.5865519047 -0.6473231912 0.0062988629 0.7621896267 -0.3312945068 -0.9028953910 -0.2739048302
-273.1 123.7 2415.9 -0.2645935714 -0.4298141897 0.8632786274 -0.9569546580 0.0062988629 -0.2901690304 0.1192810908 -0.9028953910 -0.4129793346
-470.7 -111.6 2713.9 -0.1123925373 -0.2044062167 0.9724124670 0.0027745876 0.9785447121 0.2060159296 -0.9936600327 0.0258526970 -0.1094139814
-390.7 -494.7 2703.8 -0.1332814544 -0.1591606885 0.9782146811 0.1255137622 0.9763627052 0.1759605855 -0.9830983281 0.1462316960 -0.1101541892
-412.3 -96.7 2543.8 -0.0046531898 0.3172578514 0.9483278990 0.0166233648 0.9482316375 -0.3171440959 -0.9998509884 0.0142886685 -0.0096861944
-536.4 -467.5 2538.2 0.0070790835 0.0554126203 0.9984384179 0.2248115540 0.9728155732 -0.0555845201 -0.9743765593 0.2248539925 -0.0055707553
-411.1 -115.2 2861.1 0 0 0 0 0 0 0 0 0
-340.8 -120.8 2446.4 0 0 0 0 0 0 0 0 0
-340.7 -801.6 2657.8 0 0 0 0 0 0 0 0 0
-555.3 -798.7 2461.6 0 0 0 0 0 0 0 0 0
-524.7 476.9 2619.7 80 0.3731575608 -0.1147551686 0.9206436276 0.0470460467 0.9933848381 0.1047533005 -0.9265744090 0.0042231567 0.3760878444
-501.8 278.9 2618.8 0.3731575608 -0.1147551686 0.9206436276 0.0470460467 0.9933848381 0.1047533005 -0.9265744090 0.0042231567 0.3760878444
-482.0 84.2 2620.4 0.3749600053 -0.1016462147 0.9214516282 0.0304862820 0.9947851300 0.0973301306 -0.9265395999 -0.0084032724 0.3761034310
-555.2 274.6 2750.7 -0.4809250832 -0.8640757799 0.1486074328 0.5405950546 -0.1587964445 0.8261601925 -0.6902666688 0.4776576161 0.5434842706
-431.4 135.4 2928.4 -0.0204402879 -0.8640757799 0.5029466152 0.9592215419 -0.1587964445 -0.2338327467 0.2819153368 0.4776576161 0.8320859075
-448.5 283.2 2486.9 0.6602288485 -0.4812259674 0.5766450167 -0.6644933224 -0.0164124370 0.7471140027 -0.3500665128 -0.8764429092 -0.3306073844
-284.1 117.8 2399.8 -0.2643557787 -0.4812259674 0.8357856274 -0.9505595565 -0.0164124370 -0.3101082444 0.1629494131 -0.8764429092 -0.4530952275
-484.3 -112.0 2713.8 -0.0980254039 -0.2066526860 0.9734914899 0.0241276752 0.9774215817 0.2099165022 -0.9948914051 0.0440652370 -0.0908260942
-403.4 -494.7 2696.6 -0.1138105765 -0.1939158738 0.9743940830 0.1018707305 0.9733194113 0.2056006491 -0.9882659316 0.1226617619 -0.0910196900
-420.4 -102.8 2545.3 0.0270870645 0.3108659685 0.9500676990 0.0304270275 0.9497196674 -0.3116195798 -0.9991698861 0.0373485945 0.0162663888
-542.1 -474.4 2530.7 0.0348278433 0.0404095054 0.9985760450 0.2074873894 0.9771186113 -0.0467778258 -0.9776175022 0.2088211030 0.0256464723
-426.1 -115.4 2854.7 0 0 0 0 0 0 0 0 0
-351.7 -125.2 2441.4 0 0 0 0 0 0 0 0 0
-341.8 -804.0 2657.6 0 0 0 0 0 0 0 0 0
-555.4 -795.8 2462.0 0 0 0 0 0 0 0 0 0
-526.5 477.3 2601.0 81 0.3941375613 -0.1011669040 0.9134663939 0.0277890675 0.9947803617 0.0981821939 -0.9186312556 -0.0133129125 0.3948916495
-506.2 278.6 2603.6 0.3941375613 -0.1011669040 0.9134663939 0.0277890675 0.9947803617 0.0981821939 -0.9186312556 -0.0133129125 0.3948916495
-489.7 83.7 2609.4 0.3961380720 -0.0849894285 0.9142491221 0.0063961348 0.9959381819 0.0898119211 -0.9181686640 -0.0297302604 0.3950726390
-562.6 277.7 2734.3 -0.4563769996 -0.8770694733 0.1498972178 0.5345792174 -0.1355993450 0.8341689706 -0.7112981677 0.4608274698 0.5307475328
-445.2 140.1 2917.4 -0.0108979698 -0.8770694733 0.4802399278 0.9647006392 -0.1355993450 -0.2257554233 0.2631233931 0.4608274698 0.8475872278
-449.9 279.5 2472.9 0.6516203284 -0.4893606901 0.5795835257 -0.6707388759 -0.0148769589 0.7415443659 -0.3542602062 -0.8719545603 -0.3379273713
-289.9 114.8 2385.9 -0.3281061351 -0.4893606901 0.8080052733 -0.9232493043 -0.0148769589 -0.3839133084 0.1998927444 -0.8719545603 -0.4469206929
-496.0 -113.3 2705.7 -0.0775388032 -0.2075644583 0.9751434326 0.0176361315 0.9776495099 0.2095002383 -0.9968333244 0.0334421545 -0.0721451417
-414.8 -496.2 2692.6 -0.0961125866 -0.2219458222 0.9703104496 0.0975577235 0.9680294991 0.2310875058 -0.9905780554 0.1168716997 -0.0713872835
-428.4 -107.8 2538.4 0.0510139577 0.3041278124 0.9512643218 0.0134748900 0.9522082806 -0.3051522076 -0.9986070395 0.0283852033 0.0444778241
-547.4 -480.6 2527.3 0.0561929308 0.0225681663 0.9981648326 0.1991407722 0.9794030786 -0.0333548449 -0.9783584476 0.2006496191 0.0505412892
-442.3 -112.1 2848.6 0 0 0 0 0 0 0 0 0
-373.0 -118.9 2436.5 0 0 0 0 0 0 0 0 0
-344.5 -802.6 2655.6 0 0 0 0 0 0 0 0 0
-554.7 -794.3 2463.0 0 0 0 0 0 0 0 0 0
-528.3 479.9 2582.6 82 0.3835916221 -0.0860402212 0.9194860458 -0.0068510696 0.9953579307 0.0959980190 -0.9234774113 -0.0431234948 0.3812215030
-511.1 281.1 2591.2 0.3835916221 -0.0860402212 0.9194860458 -0.0068510696 0.9953579307 0.0959980190 -0.9234774113 -0.0431234948 0.3812215030
-497.0 86.2 2602.1 0.3849036992 -0.0724225417 0.9201109409 -0.0233383216 0.9958341718 0.0881457254 -0.9226616025 -0.0554014593 0.3816100359
-565.9 284.5 2722.6 -0.4582711756 -0.8729727268 0.1670512855 0.5214661956 -0.1118742973 0.8459061384 -0.7197642326 0.4747659862 0.5064945221
-447.9 150.2 2907.9 0.0044891709 -0.8729727268 0.4877483249 0.9714578986 -0.1118742973 -0.2091739625 0.2371696830 0.4747659862 0.8475540280
-456.4 277.8 2459.9 0.6478311419 -0.5159019232 0.5604998469 -0.6745300293 -0.0465545990 0.7367780209 -0.3540113568 -0.8553817272 -0.3781508505
-295.6 110.5 2372.0 -0.3516688645 -0.5159019232 0.7811365128 -0.8989956379 -0.0465545990 -0.4354762137 0.2610284984 -0.8553817272 -0.4474217594
-508.9 -111.8 2698.1 -0.0946418941 -0.2064957172 0.9738595486 0.0171373002 0.9777676463 0.2089898288 -0.9953638911 0.0364685170 -0.0889990032
-428.0 -494.8 2683.8 -0.1066606566 -0.2527126372 0.9616443515 0.0625804737 0.9635377526 0.2601512969 -0.9923241138 0.0879280642 -0.0869566947
-437.4 -110.7 2532.3 0.0396214761 0.2849124968 0.9577342868 -0.0116595561 0.9585534930 -0.2846738398 -0.9991467595 0.0001124414 0.0413012579
-548.9 -485.8 2532.2 0.0443062037 0.0151349129 0.9989033341 0.2191894352 0.9753746390 -0.0245005302 -0.9746758342 0.2200345844 0.0398977324
-449.1 -103.8 2845.9 0 0 0 0 0 0 0 0 0
-384.1 -115.6 2437.7 0 0 0 0 0 0 0 0 0
-347.7 -801.1 2655.9 0 0 0 0 0 0 0 0 0
-553.7 -793.4 2462.8 0 0 0 0 0 0 0 0 0
-530.8 478.4 2573.5 83 0.3504552841 -0.0702921003 0.9339379668 -0.0263005812 0.9960477352 0.0848359019 -0.9362100959 -0.0542942993 0.3472214639
-516.8 280.0 2584.3 0.3504552841 -0.0702921003 0.9339379668 -0.0263005812 0.9960477352 0.0848359019 -0.9362100959 -0.0542942993 0.3472214639
-505.2 85.1 2597.8 0.3516065180 -0.0590238236 0.9342852831 -0.0440339111 0.9958629608 0.0794856250 -0.9351117015 -0.0690879002 0.3475528657
-566.8 286.3 2717.4 -0.4752610922 -0.8572912812 0.1979357004 0.5176132917 -0.0905118883 0.8508137465 -0.7114797235 0.5068128109 0.4867621660
-444.4 152.9 2900.6 0.0274952799 -0.8572912812 0.5140969157 0.9749701023 -0.0905118883 -0.2030786872 0.2206294686 0.5068128109 0.8333446980
-466.7 273.7 2451.2 0.6517038345 -0.5578536391 0.5138884783 -0.6596525908 -0.0824713781 0.7470320463 -0.3743534684 -0.8258315921 -0.4217365384
-305.0 110.0 2358.2 -0.3354155719 -0.5578536391 0.7591414452 -0.8877643943 -0.0824713781 -0.4528496861 0.3152312934 -0.8258315921 -0.4675804377
-517.5 -106.6 2696.2 -0.1303314269 -0.1905293614 0.9729914069 0.0070445621 0.9811592102 0.1930723935 -0.9914454818 0.0320176966 -0.1265336871
-442.9 -490.8 2683.7 -0.1426977068 -0.2856398225 0.9476535320 0.0479671247 0.9543309808 0.2948754132 -0.9886032939 0.0875342637 -0.1224795282
-448.1 -110.8 2529.6 0.0144466339 0.2567537129 0.9663689137 0.0078155706 0.9664112329 -0.2568818033 -0.9998651147 0.0112638017 0.0119547127
-548.5 -489.0 2525.2 0.0187188815 0.0204344336 0.9996159673 0.1996336579 0.9795824289 -0.0237632580 -0.9796918035 0.2000018209 0.0142572857
-451.6 -101.9 2842.9 0 0 0 0 0 0 0 0 0
-389.8 -114.6 2438.0 0 0 0 0 0 0 0 0 0
-350.1 -801.1 2655.2 0 0 0 0 0 0 0 0 0
-554.9 -793.7 2463.0 0 0 0 0 0 0 0 0 0
-531.7 473.9 2558.9 84 0.3524460196 -0.0282089431 0.9354068637 -0.0611750707 0.9967132211 0.0531075187 -0.9338304996 -0.0759411156 0.3495619297
-526.1 277.0 2573.9 0.3524460196 -0.0282089431 0.9354068637 -0.0611750707 0.9967132211 0.0531075187 -0.9338304996 -0.0759411156 0.3495619297
-521.4 82.2 2591.7 0.3528494239 -0.0239457190 0.9353736639 -0.0765843615 0.9955792427 0.0543767810 -0.9325406551 -0.0908218101 0.3494556844
-576.2 287.9 2706.6 -0.4546603560 -0.8615860939 0.2257284224 0.5178173780 -0.0494969040 0.8540580869 -0.7246717215 0.5051924586 0.4686485529
-459.2 154.5 2893.3 0.0610844269 -0.8615860939 0.5039226413 0.9778924584 -0.0494969040 -0.2031657994 0.1999874413 0.5051924586 0.8395150900
