575.0 293.5 2556.2 13 0.9266484976 -0.0827761739 0.3667024672 0.0976915210 0.9949675798 -0.0222689807 -0.3630137444 0.0564592406 0.9300717115
591.0 100.8 2545.2 0.9266484976 -0.0827761739 0.3667024672 0.0976915210 0.9949675798 -0.0222689807 -0.3630137444 0.0564592406 0.9300717115
605.9 -92.5 2537.1 0.9275473356 -0.0764796883 0.3657960594 0.0864528567 0.9961959124 -0.0109360488 -0.3635681570 0.0417678170 0.9306308031
464.4 89.0 2594.9 0.5216527581 -0.7989218235 -0.2993364632 0.5962521434 0.0904470086 0.7976858616 -0.6102145314 -0.5945950150 0.5235407948
355.8 -35.1 2721.9 -0.2237751931 -0.7989218235 -0.5582549572 0.8729464412 0.0904470086 -0.4793577790 0.4334618747 -0.5945950150 0.6771761775
717.7 112.6 2495.6 0.7625294328 0.3815678060 0.5224508643 -0.5527566671 -0.0353675783 0.8325918913 0.3361680806 -0.9236639738 0.1839453280
907.8 -25.2 2579.4 -0.4066801071 0.3815678060 0.8300706744 -0.9037793875 -0.0353675783 -0.4265347719 -0.1333943456 -0.9236639738 0.3592364192
534.1 -292.6 2557.5 -0.8872974515 0.0697180480 -0.4558976591 0.0721914843 0.9973184466 0.0120109888 0.4555125237 -0.0222546067 -0.8899511695
507.0 -679.6 2566.2 -0.8874706030 0.0017909720 -0.4608608484 0.0544785522 0.9933888316 -0.1010478213 0.4576330483 -0.1147840023 -0.8817009926
700.2 -279.0 2492.1 0.1673267782 0.1170320660 0.9789306521 -0.0585336722 0.9923571944 -0.1086321771 -0.9841623902 -0.0391233340 0.1728982478
654.8 -664.0 2507.3 0.1778997779 -0.1661630124 0.9699183106 -0.1188045219 0.9748043418 0.1887908727 -0.9768506289 -0.1488165259 0.1536765546
412.6 -256.6 2612.0 0 0 0 0 0 0 0 0 0
804.6 -254.4 2545.5 0 0 0 0 0 0 0 0 0
506.3 -1050.4 2609.0 0 0 0 0 0 0 0 0 0
716.8 -1027.7 2562.8 0 0 0 0 0 0 0 0 0
568.8 292.5 2552.1 14 0.9243294001 -0.0983639061 0.3686999679 0.1084492356 0.9940795898 -0.0066755498 -0.3658604622 0.0461556390 0.9295244813
587.9 99.4 2543.1 0.9243294001 -0.0983639061 0.3686999679 0.1084492356 0.9940795898 -0.0066755498 -0.3658604622 0.0461556390 0.9295244813
605.4 -93.7 2536.1 0.9253833890 -0.0903560966 0.3681051433 0.0973393694 0.9952511787 -0.0004053822 -0.3663204312 0.0362062566 0.9297840595
461.5 86.1 2593.2 0.5125288367 -0.8027459383 -0.3048166335 0.5881432295 0.0695501789 0.8057606816 -0.6256210804 -0.5922514200 0.5077760220
356.2 -34.7 2721.7 -0.2314772606 -0.8027459383 -0.5495609641 0.8789525628 0.0695501789 -0.4718105197 0.4169660211 -0.5922514200 0.6894763112
714.3 112.7 2493.1 0.7637094259 0.3901860416 0.5142982602 -0.5489533544 -0.0266988054 0.8354264498 0.3397029042 -0.9203488827 0.1938038170
906.2 -25.3 2578.4 -0.3968475461 0.3901860416 0.8308230042 -0.9068437219 -0.0266988054 -0.4206205308 -0.1419382840 -0.9203488827 0.3644331396
537.6 -293.5 2561.5 -0.8866673708 0.0746403560 -0.4563439488 0.0697384700 0.9971834421 0.0276004598 0.4571187198 -0.0073523005 -0.8893752694
508.7 -680.5 2564.4 -0.8865621686 0.0179015808 -0.4622629881 0.0768149048 0.9910758734 -0.1089409366 0.4561874568 -0.1320915967 -0.8800254464
703.8 -278.0 2496.4 0.1674301475 0.1279249936 0.9775491357 -0.0479870178 0.9914280772 -0.1215222329 -0.9847154021 -0.0265631825 0.1721336842
654.1 -662.7 2506.7 0.1817668527 -0.1685819328 0.9687831998 -0.1276562214 0.9728125930 0.1932344586 -0.9750203490 -0.1587948203 0.1553045511
414.9 -257.7 2615.9 0 0 0 0 0 0 0 0 0
805.5 -255.4 2542.4 0 0 0 0 0 0 0 0 0
502.0 -1050.3 2613.7 0 0 0 0 0 0 0 0 0
717.0 -1025.8 2566.0 0 0 0 0 0 0 0 0 0
566.1 285.6 2550.0 15 0.9253672957 -0.1073049977 0.3635669947 0.1153111756 0.9933293462 -0.0003190240 -0.3611075580 0.0422185548 0.9315679669
586.9 92.9 2541.8 0.9253672957 -0.1073049977 0.3635669947 0.1153111756 0.9933293462 -0.0003190240 -0.3611075580 0.0422185548 0.9315679669
605.7 -100.2 2535.5 0.9267157316 -0.0970687866 0.3630091250 0.1021943688 0.9947513342 0.0051078023 -0.3615996242 0.0323640071 0.9317715764
460.3 78.9 2591.2 0.4970305562 -0.8248674273 -0.2693591714 0.5522792339 0.0612868629 0.8314033747 -0.6692893505 -0.5619943738 0.4860185981
358.7 -34.0 2728.0 -0.2205756754 -0.8248674273 -0.5205190778 0.8804237247 0.0612868629 -0.4702106118 0.4197624028 -0.5619943738 0.7127144337
713.5 106.8 2492.4 0.7719675899 0.4131838381 0.4830581546 -0.5294919610 -0.0025002472 0.8483113050 0.3517162800 -0.9106441736 0.2168474048
903.5 -23.5 2579.0 -0.3713693321 0.4131838381 0.8314829469 -0.9135268927 -0.0025002472 -0.4067705870 -0.1659921259 -0.9106441736 0.3783830702
540.1 -295.5 2561.8 -0.8883906603 0.0816384330 -0.4517711401 0.0814277157 0.9964796305 0.0199468452 0.4518091679 -0.0190661009 -0.8919108510
508.4 -682.3 2569.2 -0.8889631033 0.0152250342 -0.4577257335 0.0589216538 0.9949432611 -0.0813393816 0.4541727602 -0.0992776677 -0.8853649497
705.8 -278.1 2496.2 0.1724461764 0.1332556903 0.9759637713 -0.0554388016 0.9905495644 -0.1254515499 -0.9834576249 -0.0324726216 0.1782040149
654.1 -662.6 2508.8 0.1852322519 -0.1730618179 0.9673358202 -0.1249471679 0.9722335935 0.1978638023 -0.9747190475 -0.1575166285 0.1584654301
414.7 -257.4 2621.5 0 0 0 0 0 0 0 0 0
809.3 -255.2 2536.9 0 0 0 0 0 0 0 0 0
502.7 -1053.5 2606.3 0 0 0 0 0 0 0 0 0
718.7 -1025.5 2567.6 0 0 0 0 0 0 0 0 0
555.4 289.8 2548.0 16 0.9149820209 -0.1204040200 0.3851113617 0.1193320677 0.9924931526 0.0267804880 -0.3854448497 0.0214524698 0.9224814773
578.8 96.6 2543.8 0.9149820209 -0.1204040200 0.3851113617 0.1193320677 0.9924931526 0.0267804880 -0.3854448497 0.0214524698 0.9224814773
601.0 -96.1 2540.1 0.9157916307 -0.1139547154 0.3851493299 0.1124720052 0.9933025837 0.0264587998 -0.3855849206 0.0190877691 0.9224749207
453.8 81.3 2596.5 0.4755783677 -0.8393589258 -0.2632522583 0.5502390862 0.0503530987 0.8334875703 -0.6863396764 -0.5412403345 0.4857949317
356.9 -30.7 2736.2 -0.2327259332 -0.8393589258 -0.4912384152 0.8665393591 0.0503530987 -0.4965623319 0.4415294230 -0.5412403345 0.7156190872
703.9 112.0 2491.1 0.7770117521 0.4163708985 0.4721102118 -0.5280640125 0.0229116920 0.8488954306 0.3426384926 -0.9089061022 0.2376731485
903.8 -23.9 2579.3 -0.3656069338 0.4163708985 0.8324462771 -0.9110761881 0.0229116920 -0.4116007686 -0.1904513389 -0.9089061022 0.3709689379
541.5 -302.4 2561.7 -0.8775004745 0.0884727538 -0.4713442922 0.0874442384 0.9958770275 0.0241344161 0.4715361893 -0.0200383812 -0.8816190362
507.2 -689.0 2569.4 -0.8781567812 0.0005235500 -0.4783726335 0.0496188886 0.9947052002 -0.0899975970 0.4757926166 -0.1027683169 -0.8735330701
707.6 -284.1 2496.9 0.1518605947 0.1347188801 0.9791778326 -0.0512770899 0.9904074073 -0.1283113211 -0.9870709181 -0.0307239555 0.1573118418
655.3 -668.6 2508.8 0.1688001305 -0.1712944210 0.9706516862 -0.1435685307 0.9700073004 0.1961478293 -0.9751382470 -0.1724648178 0.1391448677
416.0 -250.6 2624.2 0 0 0 0 0 0 0 0 0
811.1 -255.0 2531.0 0 0 0 0 0 0 0 0 0
507.0 -1060.1 2607.8 0 0 0 0 0 0 0 0 0
719.2 -1030.6 2573.2 0 0 0 0 0 0 0 0 0
547.5 293.2 2550.0 17 0.8943563700 -0.1313842833 0.4276269674 0.1260109395 0.9911817908 0.0409866944 -0.4292410612 0.0172289684 0.9030256271
573.2 100.1 2546.6 0.8943563700 -0.1313842833 0.4276269674 0.1260109395 0.9911817908 0.0409866944 -0.4292410612 0.0172289684 0.9030256271
597.2 -92.5 2543.4 0.8953040838 -0.1237346604 0.4279256463 0.1186433434 0.9921838641 0.0386648066 -0.4293650687 0.0161537696 0.9029865265
451.0 83.9 2605.2 0.4509004354 -0.8519831300 -0.2661081553 0.5880379081 0.0592591986 0.8066596389 -0.6714910269 -0.5202048421 0.5277183652
361.4 -33.0 2738.7 -0.2136912644 -0.8519831300 -0.4779757261 0.8676943183 0.0592591986 -0.4935533702 0.4488236010 -0.5202048421 0.7265977263
695.3 116.2 2488.0 0.7876295447 0.4107332230 0.4592798352 -0.5165604353 0.0338593684 0.8555809855 0.3358646035 -0.9111266732 0.2388371676
904.5 -21.0 2577.2 -0.3538274467 0.4107332230 0.8403001428 -0.9150736928 0.0338593684 -0.4018627703 -0.1935104281 -0.9111266732 0.3638707697
541.1 -298.9 2570.9 -0.8556803465 0.0829204693 -0.5108182430 0.0761609301 0.9965094328 0.0341836177 0.5118697286 -0.0096541410 -0.8590088487
508.9 -685.7 2574.6 -0.8569960594 0.0135111306 -0.5151457787 0.0343970098 0.9989266396 -0.0310232099 0.5141736865 -0.0443062447 -0.8565409184
705.1 -278.8 2501.8 0.1087335646 0.1267953366 0.9859513044 -0.0340974927 0.9917240143 -0.1237773448 -0.9934859872 -0.0201597139 0.1121570915
655.9 -663.8 2509.6 0.1248563826 -0.1596223265 0.9792505503 -0.1296612769 0.9758844972 0.1756057143 -0.9836660028 -0.1488963664 0.1011485755
415.6 -253.2 2624.8 0 0 0 0 0 0 0 0 0
814.7 -253.2 2528.1 0 0 0 0 0 0 0 0 0
503.9 -1057.9 2591.1 0 0 0 0 0 0 0 0 0
715.5 -1027.9 2565.2 0 0 0 0 0 0 0 0 0
541.5 295.9 2558.5 18 0.8652420044 -0.1427174509 0.4806120694 0.1389979571 0.9893348217 0.0435454436 -0.4817009568 0.0291267484 0.8758515120
569.4 102.7 2552.8 0.8652420044 -0.1427174509 0.4806120694 0.1389979571 0.9893348217 0.0435454436 -0.4817009568 0.0291267484 0.8758515120
595.0 -89.6 2547.9 0.8668188453 -0.1321400702 0.4807952344 0.1276374012 0.9909216166 0.0422257707 -0.4820101261 0.0247653648 0.8758155704
451.2 85.3 2618.5 0.4581669569 -0.8423961997 -0.2836400867 0.6319986582 0.0843478590 0.7703655958 -0.6250286102 -0.5322161913 0.5710386634
361.9 -38.0 2740.4 -0.2142887115 -0.8423961997 -0.4944178462 0.8537803292 0.0843478590 -0.5137553215 0.4744886160 -0.5322161913 0.7011465430
687.5 120.1 2487.1 0.7963719964 0.4006045759 0.4531088471 -0.5070160627 0.0337537229 0.8612754345 0.3297367692 -0.9156290889 0.2299934775
905.4 -18.7 2577.3 -0.3455852866 0.4006045759 0.8485792875 -0.9199478626 0.0337537229 -0.3905850053 -0.1851128340 -0.9156290889 0.3568705022
541.1 -295.6 2578.6 -0.8250172138 0.0823223442 -0.5590792894 0.0571751520 0.9964154959 0.0623467527 0.5622078180 0.0194717012 -0.8267667294
509.2 -682.3 2571.1 -0.8251126409 0.0088759987 -0.5648985505 0.0493271425 0.9971900582 -0.0563807301 0.5628107786 -0.0743852854 -0.8232319355
701.3 -274.5 2501.8 0.0511451997 0.1219297349 0.9912201166 -0.0179482456 0.9924710393 -0.1211575121 -0.9985299110 -0.0115940375 0.0529485531
654.0 -659.7 2506.3 0.0715226382 -0.1626943201 0.9840808511 -0.1379591078 0.9755111933 0.1713043600 -0.9878520966 -0.1480150521 0.0473259687
416.2 -254.6 2620.0 0 0 0 0 0 0 0 0 0
817.7 -252.1 2530.3 0 0 0 0 0 0 0 0 0
505.9 -1054.0 2598.8 0 0 0 0 0 0 0 0 0
714.7 -1023.8 2561.5 0 0 0 0 0 0 0 0 0
537.6 293.1 2551.7 19 0.8790540695 -0.1513623446 0.4520545900 0.1405203640 0.9883953929 0.0576940291 -0.4555413723 0.0128067024 0.8901224732
567.3 99.3 2549.2 0.8790540695 -0.1513623446 0.4520545900 0.1405203640 0.9883953929 0.0576940291 -0.4555413723 0.0128067024 0.8901224732
594.6 -92.8 2546.3 0.8802579641 -0.1410329938 0.4530514181 0.1323750466 0.9898893833 0.0509497635 -0.4556563795 0.0151237678 0.8900272846
447.2 81.3 2611.4 0.3993585408 -0.8783365488 -0.2627502680 0.6490018964 0.0684220716 0.7577037215 -0.6475409269 -0.4731208682 0.5973670483
369.3 -45.3 2737.6 -0.1949661821 -0.8783365488 -0.4364780784 0.8523791432 0.0684220716 -0.5184285641 0.4852195084 -0.4731208682 0.7353357673
687.3 117.4 2487.1 0.8044871688 0.3982957006 0.4406369925 -0.4950063229 0.0395649336 0.8679881096 0.3282821774 -0.9164033532 0.2289883792
904.8 -16.4 2575.8 -0.3384661376 0.3982957006 0.8525263667 -0.9222257137 0.0395649336 -0.3846223652 -0.1869235933 -0.9164033532 0.3539271653
543.1 -293.4 2586.1 -0.8430393338 0.0867282674 -0.5308133960 0.0463982001 0.9949615598 0.0888745114 0.5358468890 0.0502959192 -0.8428157568
509.5 -679.4 2566.6 -0.8430183530 0.0060333386 -0.5378509760 0.0547057614 0.9957137108 -0.0745754614 0.5350956321 -0.0922920257 -0.8397349715
698.1 -270.5 2499.9 0.0825282186 0.1180133522 0.9895766377 -0.0201856624 0.9929581285 -0.1167331859 -0.9963842630 -0.0103414785 0.0843292475
652.2 -656.0 2503.9 0.1056799665 -0.1724645495 0.9793302417 -0.1468265951 0.9713441730 0.1869022995 -0.9835007191 -0.1635435522 0.0773292333
418.8 -261.6 2614.5 0 0 0 0 0 0 0 0 0
818.9 -250.5 2528.4 0 0 0 0 0 0 0 0 0
507.2 -1050.7 2601.0 0 0 0 0 0 0 0 0 0
716.6 -1018.5 2565.0 0 0 0 0 0 0 0 0 0
536.6 292.1 2557.8 20 0.8676508069 -0.1535518169 0.4728677571 0.1483898312 0.9877405167 0.0484676622 -0.4745129347 0.0281157587 0.8797994256
566.6 98.8 2552.3 0.8676508069 -0.1535518169 0.4728677571 0.1483898312 0.9877405167 0.0484676622 -0.4745129347 0.0281157587 0.8797994256
594.7 -93.1 2547.1 0.8688858151 -0.1450096816 0.4732965529 0.1402126849 0.9890694618 0.0456285402 -0.4747397602 0.0267161895 0.8797206283
448.0 79.7 2617.1 0.3566386998 -0.8972464800 -0.2603029311 0.7211256623 0.0872423574 0.6872892976 -0.5939584374 -0.4328250885 0.6781414747
379.7 -58.6 2731.0 -0.1593544781 -0.8972464800 -0.4117704928 0.8502267003 0.0872423574 -0.5191370845 0.5017177463 -0.4328250885 0.7489604354
685.2 118.0 2487.6 0.8105018139 0.4002360404 0.4276656806 -0.4845566452 0.0479510501 0.8734446764 0.3290770054 -0.9151567221 0.2328014374
907.5 -14.9 2577.8 -0.3451106548 0.4002360404 0.8489462733 -0.9172248244 0.0479510501 -0.3954735398 -0.1989906281 -0.9151567221 0.3505580127
543.2 -296.8 2584.1 -0.8291670084 0.0940694436 -0.5510290265 0.0542296097 0.9946258664 0.0881958902 0.5563642979 0.0432470329 -0.8298123479
506.7 -682.8 2567.3 -0.8290271759 -0.0152278394 -0.5590009689 0.0359851606 0.9961045980 -0.0805029050 0.5580492616 -0.0868548304 -0.8252497911
700.7 -273.1 2502.6 0.0598735511 0.1184739694 0.9911503792 -0.0086368443 0.9929560423 -0.1181680635 -0.9981685877 -0.0014852703 0.0604750440
654.7 -658.6 2503.1 0.0884336606 -0.1629171818 0.9826685786 -0.1735082716 0.9689320326 0.1762543917 -0.9808539152 -0.1860879511 0.0574187301
420.1 -274.2 2603.8 0 0 0 0 0 0 0 0 0
819.9 -247.7 2527.3 0 0 0 0 0 0 0 0 0
512.4 -1054.4 2599.7 0 0 0 0 0 0 0 0 0
715.4 -1020.1 2572.6 0 0 0 0 0 0 0 0 0
536.8 289.9 2560.9 21 0.8618501425 -0.1541537195 0.4831676781 0.1517895162 0.9874204993 0.0442801379 -0.4839156270 0.0351769440 0.8744073510
566.9 97.0 2554.0 0.8618501425 -0.1541537195 0.4831676781 0.1517895162 0.9874204993 0.0442801379 -0.4839156270 0.0351769440 0.8744073510
594.9 -95.0 2548.0 0.8634728789 -0.1440394074 0.4833914042 0.1410334855 0.9890793562 0.0427972376 -0.4842769504 0.0312201213 0.8743575811
449.0 77.7 2620.2 0.3044065535 -0.9141909480 -0.2675659657 0.7983453870 0.0916325599 0.5951874852 -0.5195972323 -0.3947890103 0.7577337027
389.6 -78.1 2721.6 -0.1292752177 -0.9141909480 -0.3841130137 0.8572911024 0.0916325599 -0.5066117048 0.4983371198 -0.3947890103 0.7718819380
684.8 116.3 2487.9 0.8164461851 0.3806047142 0.4342299700 -0.4837795794 0.0403306931 0.8742601275 0.3152347207 -0.9238579273 0.2170566171
908.8 -16.4 2574.4 -0.3558514416 0.3806047142 0.8535278440 -0.9157285094 0.0403306931 -0.3997682929 -0.1865770668 -0.9238579273 0.3341788352
545.1 -297.7 2584.4 -0.8222560883 0.0929936469 -0.5614687204 0.0577489398 0.9951010942 0.0802425221 0.5661801696 0.0335556827 -0.8235982060
509.0 -683.9 2571.4 -0.8223137856 -0.0009363078 -0.5690335035 0.0447537936 0.9967946410 -0.0663141459 0.5672716498 -0.0799974427 -0.8196361065
700.6 -272.5 2499.5 0.0471797623 0.1210093796 0.9915295243 -0.0159604046 0.9925994873 -0.1203805208 -0.9987589121 -0.0101456884 0.0487619676
653.6 -657.9 2503.4 0.0755968541 -0.1680377424 0.9828776121 -0.1761786789 0.9679399133 0.1790344864 -0.9814510345 -0.1866965294 0.0435685441
422.4 -295.5 2595.2 0 0 0 0 0 0 0 0 0
818.5 -248.8 2527.0 0 0 0 0 0 0 0 0 0
509.3 -1055.9 2601.3 0 0 0 0 0 0 0 0 0
716.3 -1019.1 2573.1 0 0 0 0 0 0 0 0 0
533.5 281.4 2545.9 22 0.8695950508 -0.1706468314 0.4633401334 0.1472567618 0.9853073955 0.0865148976 -0.4712959230 -0.0070029628 0.8819473386
566.8 89.0 2547.3 0.8695950508 -0.1706468314 0.4633401334 0.1472567618 0.9853073955 0.0865148976 -0.4712959230 -0.0070029628 0.8819473386
597.3 -102.5 2547.9 0.8711801171 -0.1576851010 0.4649522603 0.1377329826 0.9874852300 0.0768282562 -0.4712481499 -0.0028919827 0.8819959164
447.8 70.2 2611.7 0.2772644460 -0.9182026386 -0.2828927934 0.8276135921 0.0786847472 0.5557557344 -0.4880370200 -0.3882172108 0.7817335129
389.8 -102.9 2713.7 -0.1427781433 -0.9182026386 -0.3694838285 0.8484459519 0.0786847472 -0.5234006643 0.5096606016 -0.3882172108 0.7678108215
685.8 107.9 2483.0 0.8221158385 0.3938927650 0.4110645056 -0.4581195712 0.0290200002 0.8884167671 0.3380118608 -0.9186981916 0.2043077946
909.1 -16.6 2574.8 -0.3556323051 0.3938927650 0.8475695252 -0.9168453813 0.0290200002 -0.3981863260 -0.1814391911 -0.9186981916 0.3508183360
545.5 -299.6 2585.3 -0.8353379965 0.0883485898 -0.5425910354 0.0512487367 0.9952184558 0.0831494182 0.5473427176 0.0416507646 -0.8358715177
511.2 -685.9 2569.1 -0.8352379203 0.0132184327 -0.5497298837 0.0637281612 0.9953016043 -0.0728937015 0.5461834669 -0.0959168598 -0.8321560025
700.1 -274.3 2498.5 0.0702881515 0.1149171591 0.9908852577 -0.0229028929 0.9932661057 -0.1135686710 -0.9972637892 -0.0147116063 0.0724467784
655.5 -659.9 2504.2 0.0950652808 -0.1605284214 0.9824424982 -0.1681756973 0.9701365829 0.1747910678 -0.9811623096 -0.1818395108 0.0652293339
426.0 -318.1 2584.4 0 0 0 0 0 0 0 0 0
818.9 -249.3 2528.7 0 0 0 0 0 0 0 0 0
506.2 -1057.3 2604.9 0 0 0 0 0 0 0 0 0
715.4 -1022.0 2572.1 0 0 0 0 0 0 0 0 0
534.5 272.9 2538.0 23 0.8704756498 -0.1723305881 0.4610578418 0.1392436028 0.9846599698 0.1051470563 -0.4721052945 -0.0273285899 0.8811184764
568.0 81.3 2543.3 0.8704756498 -0.1723305881 0.4610578418 0.1392436028 0.9846599698 0.1051470563 -0.4721052945 -0.0273285899 0.8811184764
598.4 -110.3 2547.3 0.8721973300 -0.1570737958 0.4632489979 0.1289363205 0.9873732924 0.0920294672 -0.4718551040 -0.0205382351 0.8814368844
448.9 63.6 2607.7 0.2501591146 -0.9308227301 -0.2664385140 0.8472960591 0.0773021951 0.5254652500 -0.4685187042 -0.3572022319 0.8080202937
395.2 -118.2 2708.3 -0.1376072317 -0.9308227301 -0.3385754228 0.8313183784 0.0773021951 -0.5503945351 0.5384923220 -0.3572022319 0.7631726861
687.1 98.9 2478.8 0.8294672966 0.4060166776 0.3835810721 -0.4292236567 0.0238868296 0.9028822780 0.3574227393 -0.9135534167 0.1940853149
911.3 -17.1 2575.4 -0.3643166721 0.4060166776 0.8381072879 -0.9125571251 0.0238868296 -0.4082511067 -0.1857764870 -0.9135534167 0.3618110120
549.8 -306.5 2590.7 -0.8362296820 0.0964282751 -0.5398346782 0.0630570278 0.9947969317 0.0800178275 0.5447418690 0.0328729190 -0.8379592299
512.4 -692.6 2577.9 -0.8367844224 0.0240841620 -0.5470025539 0.0454571173 0.9986389875 -0.0255692080 0.5456423163 -0.0462610722 -0.8367403150
705.8 -281.7 2506.3 0.0765784234 0.1276808232 0.9888545871 -0.0051448671 0.9918042421 -0.1276632547 -0.9970502853 0.0046887263 0.0766077116
656.3 -666.7 2504.4 0.1024221256 -0.1602613032 0.9817464352 -0.1563792974 0.9720708728 0.1749963462 -0.9823722243 -0.1714483052 0.0745000169
430.1 -329.1 2571.7 0 0 0 0 0 0 0 0 0
818.9 -248.7 2528.3 0 0 0 0 0 0 0 0 0
503.4 -1064.9 2595.1 0 0 0 0 0 0 0 0 0
716.1 -1029.5 2568.4 0 0 0 0 0 0 0 0 0
534.9 267.9 2533.5 24 0.8926104903 -0.1675165296 0.4185507596 0.1365571469 0.9852522612 0.1031026542 -0.4296494722 -0.0348744132 0.9023220539
567.5 76.0 2540.3 0.8926104903 -0.1675165296 0.4185507596 0.1365571469 0.9852522612 0.1031026542 -0.4296494722 -0.0348744132 0.9023220539
597.8 -115.6 2545.9 0.8938571215 -0.1563364267 0.4202122688 0.1289640665 0.9872803688 0.0929826349 -0.4294039011 -0.0289209131 0.9026493430
445.5 58.4 2598.8 0.2303013206 -0.9407939911 -0.2487327456 0.8385940790 0.0621991381 0.5411943197 -0.4936813712 -0.3332235515 0.8032687902
396.1 -121.7 2704.9 -0.1390805840 -0.9407939911 -0.3091330826 0.8256431818 0.0621991381 -0.5607536435 0.5467814803 -0.3332235515 0.7681094408
689.5 93.7 2481.7 0.8610543013 0.3762246370 0.3421119452 -0.3706389964 0.0037135340 0.9287695885 0.3481555581 -0.9265210629 0.1426410675
916.3 -4.0 2573.4 -0.3617506921 0.3762246370 0.8529897332 -0.9200336337 0.0037135340 -0.3918217719 -0.1505805999 -0.9265210629 0.3447959423
550.8 -313.4 2593.5 -0.8613162637 0.1034017503 -0.4974357486 0.0652223676 0.9934731722 0.0935794711 0.5038653612 0.0481575876 -0.8624387383
510.6 -699.1 2574.8 -0.8618307114 0.0248999335 -0.5065844059 0.0491103716 0.9981978536 -0.0344853960 0.5048127770 -0.0545991249 -0.8615004420
707.0 -290.3 2509.0 0.1249406710 0.1274351925 0.9839462042 -0.0026476518 0.9917563796 -0.1281105280 -0.9921606779 0.0134010678 0.1242481098
657.5 -675.3 2503.8 0.1510300934 -0.1572751254 0.9759377241 -0.1544540375 0.9713825583 0.1804434061 -0.9763881564 -0.1779899150 0.1224162206
431.4 -331.2 2566.1 0 0 0 0 0 0 0 0 0
824.5 -237.4 2535.2 0 0 0 0 0 0 0 0 0
501.3 -1071.4 2595.2 0 0 0 0 0 0 0 0 0
716.3 -1037.9 2570.2 0 0 0 0 0 0 0 0 0
533.1 266.2 2532.2 25 0.8976292610 -0.1779834479 0.4032165408 0.1443236917 0.9830965400 0.1126584113 -0.4164521098 -0.0429317877 0.9081434608
567.7 75.1 2540.6 0.8976292610 -0.1779834479 0.4032165408 0.1443236917 0.9830965400 0.1126584113 -0.4164521098 -0.0429317877 0.9081434608
599.8 -116.2 2547.4 0.8990703821 -0.1655423194 0.4053001106 0.1360649467 0.9855669141 0.1007181183 -0.4161234796 -0.0354055390 0.9086185694
445.0 56.5 2597.4 0.2312977165 -0.9412102699 -0.2462205291 0.8276939392 0.0573660955 0.5582399964 -0.5112965107 -0.3329148591 0.7923026681
395.9 -119.3 2706.0 -0.1435590237 -0.9412102699 -0.3058005571 0.8241471648 0.0573660955 -0.5634630322 0.5478798151 -0.3329148591 0.7674603462
690.5 93.7 2483.8 0.8727334738 0.3575149179 0.3324445486 -0.3545047343 -0.0040908493 0.9350452423 0.3356526196 -0.9338984489 0.1231705099
916.3 1.9 2570.6 -0.3486627042 0.3575149179 0.8663817644 -0.9282713532 -0.0040908493 -0.3718811274 -0.1294088215 -0.9338984489 0.3332971931
548.1 -318.7 2589.9 -0.8682641983 0.0974808857 -0.4864306450 0.0725597367 0.9949141145 0.0698641986 0.4907671511 0.0253653005 -0.8709214926
510.3 -704.9 2580.1 -0.8696281314 0.0156142870 -0.4934603870 0.0317652747 0.9991983771 -0.0243630596 0.4926843941 -0.0368617065 -0.8694269657
708.1 -295.6 2513.1 0.1405857056 0.1297497004 0.9815297723 -0.0027328450 0.9914226532 -0.1306660175 -0.9900647402 0.0156874061 0.1397344321
657.7 -680.5 2507.0 0.1669071466 -0.1599313021 0.9729151726 -0.1524398029 0.9707060456 0.1857197583 -0.9741171002 -0.1793089509 0.1376378834
432.3 -328.5 2566.9 0 0 0 0 0 0 0 0 0
827.9 -233.5 2537.8 0 0 0 0 0 0 0 0 0
504.4 -1077.7 2593.8 0 0 0 0 0 0 0 0 0
717.4 -1042.9 2573.9 0 0 0 0 0 0 0 0 0
533.3 264.9 2531.1 26 0.9003299475 -0.1807353497 0.3959049582 0.1455422491 0.9823525548 0.1174771413 -0.4101504982 -0.0481472909 0.9107460380
568.4 74.0 2540.5 0.9003299475 -0.1807353497 0.3959049582 0.1455422491 0.9823525548 0.1174771413 -0.4101504982 -0.0481472909 0.9107460380
601.1 -117.2 2548.6 0.9018314481 -0.1687091440 0.3977905214 0.1370899379 0.9847775102 0.1068626493 -0.4097638726 -0.0418390185 0.9112316370
445.3 55.2 2596.4 0.2506884038 -0.9333592653 -0.2568965256 0.8057900667 0.0541100949 0.5897240639 -0.5365236998 -0.3548416495 0.7656564116
392.6 -114.2 2709.2 -0.1621620506 -0.9333592653 -0.3202248812 0.8183705211 0.0541100949 -0.5721379519 0.5513376594 -0.3548416495 0.7550590634
691.6 92.7 2484.5 0.8853430748 0.3351295590 0.3222666979 -0.3358500004 -0.0183449425 0.9417368174 0.3215158284 -0.9419934154 0.0963117033
914.7 8.1 2565.5 -0.3305879533 0.3351295590 0.8822696805 -0.9385330081 -0.0183449425 -0.3447016180 -0.0993345156 -0.9419934154 0.3205947876
551.4 -319.7 2591.6 -0.8717069030 0.1053209826 -0.4785755873 0.0783885643 0.9940236807 0.0759748369 0.4837172031 0.0287129413 -0.8747532368
510.6 -705.5 2580.4 -0.8734387159 0.0248001963 -0.4863021672 0.0377760530 0.9991434216 -0.0168950800 0.4854665995 -0.0331273936 -0.8736273646
712.4 -295.3 2517.1 0.1493066251 0.1343754381 0.9796176553 -0.0002559261 0.9907279611 -0.1358604431 -0.9887909293 0.0200341549 0.1479566246
660.3 -679.9 2509.3 0.1733633727 -0.1499131322 0.9733813405 -0.1457240731 0.9735632539 0.1758952290 -0.9740172625 -0.1723388731 0.1469342560
433.7 -321.9 2569.3 0 0 0 0 0 0 0 0 0
830.9 -229.9 2540.3 0 0 0 0 0 0 0 0 0
501.3 -1078.4 2592.8 0 0 0 0 0 0 0 0 0
716.2 -1043.3 2573.6 0 0 0 0 0 0 0 0 0
530.6 267.9 2529.5 27 0.8928627372 -0.1906592101 0.4079769552 0.1502495855 0.9801648855 0.1292357445 -0.4245246649 -0.0540914126 0.9037991762
567.8 76.9 2540.1 0.8928627372 -0.1906592101 0.4079769552 0.1502495855 0.9801648855 0.1292357445 -0.4245246649 -0.0540914126 0.9037991762
602.0 -113.9 2549.3 0.8947895169 -0.1763566136 0.4101829529 0.1399423182 0.9831709862 0.1174348891 -0.4239903986 -0.0476775542 0.9044108391
445.6 57.8 2598.0 0.2565315366 -0.9325790405 -0.2539446652 0.7994574308 0.0570737198 0.5980053544 -0.5431936979 -0.3564251661 0.7601984739
393.0 -106.0 2709.3 -0.1617207974 -0.9325790405 -0.3227114975 0.8167136908 0.0570737198 -0.5742136836 0.5539180040 -0.3564251661 0.7524200678
690.0 96.0 2482.2 0.8806777000 0.3539758623 0.3148141205 -0.3314568102 -0.0143423788 0.9433613420 0.3384423256 -0.9351446033 0.1046966985
918.0 10.2 2569.8 -0.3394410908 0.3539758623 0.8714819551 -0.9336732030 -0.0143423788 -0.3578389287 -0.1141672134 -0.9351446033 0.3353661597
553.1 -320.6 2593.4 -0.8648764491 0.1112075970 -0.4895115495 0.0788845047 0.9931456447 0.0862492174 0.4957478642 0.0359800458 -0.8677208424
509.9 -706.1 2579.4 -0.8666178584 0.0171049293 -0.4986791909 0.0323061086 0.9992387891 -0.0218680520 0.4979255199 -0.0350616276 -0.8665107489
714.6 -296.0 2520.0 0.1371973902 0.1383870244 0.9808291793 0.0090813292 0.9899753928 -0.1409477741 -0.9905021191 0.0282448996 0.1345652938
660.9 -680.4 2509.0 0.1577613801 -0.1429715753 0.9770724177 -0.1230981722 0.9788975716 0.1631144881 -0.9797745347 -0.1460089982 0.1368326992
434.0 -313.3 2568.7 0 0 0 0 0 0 0 0 0
831.9 -226.6 2540.8 0 0 0 0 0 0 0 0 0
503.6 -1079.1 2592.5 0 0 0 0 0 0 0 0 0
714.3 -1045.6 2563.5 0 0 0 0 0 0 0 0 0
529.0 268.4 2530.7 28 0.8844047785 -0.1997210830 0.4218289554 0.1560268104 0.9783340096 0.1360814124 -0.4398679733 -0.0545344278 0.8964051604
567.9 77.7 2541.4 0.8844047785 -0.1997210830 0.4218289554 0.1560268104 0.9783340096 0.1360814124 -0.4398679733 -0.0545344278 0.8964051604
603.5 -113.0 2550.3 0.8865687847 -0.1833063960 0.4247287512 0.1449513882 0.9819825888 0.1212404668 -0.4393003881 -0.0459229946 0.8971656561
446.8 57.9 2601.4 0.2622641325 -0.9302638173 -0.2565671802 0.8028544188 0.0628347322 0.5928546190 -0.5353899002 -0.3614705801 0.7633457184
393.4 -105.6 2710.4 -0.1677866727 -0.9302638173 -0.3262772262 0.8033033013 0.0628347322 -0.5922462344 0.5714467764 -0.3614705801 0.7367411852
689.0 97.5 2481.4 0.8751217723 0.3522597253 0.3317755461 -0.3458872139 -0.0241318345 0.9379656911 0.3384138942 -0.9355911016 0.1007238403
917.8 7.0 2569.8 -0.3378523290 0.3522597253 0.8727937341 -0.9355380535 -0.0241318345 -0.3524006009 -0.1030744240 -0.9355911016 0.3377053738
556.1 -317.3 2596.5 -0.8563362956 0.1192343906 -0.5024651885 0.0783928558 0.9917184114 0.1017309949 0.5104338527 0.0477262624 -0.8585915565
509.8 -702.2 2578.0 -0.8579735160 0.0095779784 -0.5136046410 0.0268651471 0.9992945194 -0.0262426808 0.5129910111 -0.0363135897 -0.8576255441
716.4 -292.2 2520.6 0.1205501705 0.1487617344 0.9814976454 0.0102885012 0.9884676933 -0.1510818154 -0.9926539063 0.0283110794 0.1176294163
658.6 -675.9 2509.6 0.1399997622 -0.1525745094 0.9783256650 -0.1088173240 0.9797006845 0.1683608592 -0.9841538668 -0.1300292611 0.1205551103
436.0 -309.5 2565.4 0 0 0 0 0 0 0 0 0
832.1 -230.4 2543.7 0 0 0 0 0 0 0 0 0
506.2 -1075.2 2591.6 0 0 0 0 0 0 0 0 0
715.6 -1041.5 2558.1 0 0 0 0 0 0 0 0 0
531.0 271.7 2531.9 29 0.8894644380 -0.2004662007 0.4106900394 0.1601736099 0.9784007668 0.1306765378 -0.4280156791 -0.0504504368 0.9023621082
570.2 80.5 2541.7 0.8894644380 -0.2004662007 0.4106900394 0.1601736099 0.9784007668 0.1306765378 -0.4280156791 -0.0504504368 0.9023621082
606.4 -110.1 2550.0 0.8913301229 -0.1865024120 0.4132160544 0.1507244408 0.9815222025 0.1178826764 -0.4275661409 -0.0427906178 0.9029707313
448.5 59.9 2600.1 0.2566894591 -0.9321828485 -0.2552365065 0.8147251010 0.0666323379 0.5760062337 -0.5199360847 -0.3558022976 0.7765765786
393.6 -114.2 2711.2 -0.1738091558 -0.9321828485 -0.3175303638 0.7798070312 0.0666323379 -0.6224637032 0.6014077663 -0.3558022976 0.7153414488
692.0 101.0 2483.3 0.8706458807 0.3568702340 0.3385547996 -0.3529290855 -0.0262500905 0.9352817535 0.3426613212 -0.9337850809 0.1030953526
919.1 8.9 2572.7 -0.3402881622 0.3568702340 0.8699699044 -0.9345769882 -0.0262500905 -0.3547911346 -0.1037776172 -0.9337850809 0.3424553275
559.7 -316.5 2598.5 -0.8611789346 0.1337363124 -0.4903931916 0.0855084360 0.9891344905 0.1195880026 0.5010581017 0.0610539131 -0.8632573485
507.8 -700.5 2574.8 -0.8623396754 -0.0110358689 -0.5062099695 0.0194708984 0.9983001947 -0.0549330078 0.5059557557 -0.0572272725 -0.8606589437
718.5 -290.6 2519.8 0.1326801181 0.1591396481 0.9782998562 0.0162042100 0.9865460396 -0.1626787186 -0.9910264611 0.0374368057 0.1283163130
656.7 -673.6 2505.3 0.1580881774 -0.1573424190 0.9748084545 -0.1316421628 0.9750516415 0.1787305623 -0.9786104560 -0.1565810740 0.1334312409
437.7 -312.0 2558.7 0 0 0 0 0 0 0 0 0
832.8 -228.2 2546.4 0 0 0 0 0 0 0 0 0
511.9 -1073.0 2596.2 0 0 0 0 0 0 0 0 0
715.4 -1037.3 2563.7 0 0 0 0 0 0 0 0 0
532.4 271.1 2530.9 30 0.8965757489 -0.1998689920 0.3952269554 0.1613397151 0.9784564972 0.1288116425 -0.4124578238 -0.0517235845 0.9095071554
571.6 79.6 2541.0 0.8965757489 -0.1998689920 0.3952269554 0.1613397151 0.9784564972 0.1288116425 -0.4124578238 -0.0517235845 0.9095071554
607.8 -111.0 2549.2 0.8981911540 -0.1865709275 0.3980500996 0.1531462520 0.9815486073 0.1144926846 -0.4120665491 -0.0418764427 0.9101909399
448.9 58.7 2597.3 0.2580471635 -0.9320808053 -0.2542381883 0.8105139732 0.0656343549 0.5820302367 -0.5258124471 -0.3562548757 0.7724012733
392.7 -117.7 2711.7 -0.1830349118 -0.9320808053 -0.3126077652 0.7633476853 0.0656343549 -0.6426449418 0.6195147634 -0.3562548757 0.6994882822
694.2 100.5 2484.8 0.8661439419 0.3530974984 0.3537185490 -0.3658369184 -0.0342893675 0.9300470948 0.3405260742 -0.9349579811 0.0994765684
918.1 6.0 2572.8 -0.3385659456 0.3530974984 0.8721784353 -0.9362831712 -0.0342893675 -0.3495684564 -0.0935252979 -0.9349579811 0.3422084451
562.8 -314.1 2596.6 -0.8677000999 0.1419629753 -0.4763854146 0.0955111161 0.9881091118 0.1204904765 0.4878259599 0.0590494946 -0.8709414601
507.7 -697.7 2573.7 -0.8693377376 -0.0125971045 -0.4940578938 0.0182202403 0.9981786013 -0.0575108789 0.4938824773 -0.0589982308 -0.8675248027
722.5 -287.1 2520.0 0.1468715072 0.1603445262 0.9760729671 0.0063882521 0.9865996242 -0.1630350500 -0.9891349673 0.0301806033 0.1438790411
660.2 -670.1 2508.3 0.1660234332 -0.1424540281 0.9757781625 -0.1172481030 0.9796400666 0.1629669666 -0.9791266918 -0.1414644718 0.1459407359
439.2 -311.3 2554.6 0 0 0 0 0 0 0 0 0
832.1 -231.7 2549.0 0 0 0 0 0 0 0 0 0
512.4 -1070.2 2595.7 0 0 0 0 0 0 0 0 0
713.4 -1035.6 2561.1 0 0 0 0 0 0 0 0 0
533.3 272.1 2539.4 31 0.8999177814 -0.2025413662 0.3861670196 0.1733523160 0.9787673354 0.1093776599 -0.4001211524 -0.0314879604 0.9159211516
572.9 80.6 2545.6 0.8999177814 -0.2025413662 0.3861670196 0.1733523160 0.9787673354 0.1093776599 -0.4001211524 -0.0314879604 0.9159211516
609.4 -110.0 2549.8 0.9018574357 -0.1877340674 0.3891132474 0.1636075824 0.9819816351 0.0945758298 -0.3998571634 -0.0216320362 0.9163221717
449.7 58.3 2600.2 0.2695621550 -0.9287823439 -0.2543611526 0.8107250333 0.0763390064 0.5804285407 -0.5196740627 -0.3626784980 0.7735652328
392.5 -113.8 2710.5 -0.1782857776 -0.9287823439 -0.3249269426 0.7658749819 0.0763390064 -0.6384417415 0.6177780628 -0.3626784980 0.6977210045
696.1 102.9 2491.0 0.8665850163 0.3507820666 0.3549398780 -0.3728564382 -0.0175999925 0.9277220964 0.3316752315 -0.9362916946 0.1155394614
919.6 6.8 2576.5 -0.3443897367 0.3507820666 0.8708316088 -0.9321817160 -0.0175999925 -0.3615625203 -0.1115030199 -0.9362916946 0.3330538869
563.5 -315.2 2594.2 -0.8697332740 0.1431133747 -0.4723162353 0.1025992259 0.9885542393 0.1106067970 0.4827395380 0.0477391332 -0.8744618297
508.0 -698.9 2575.7 -0.8728251457 -0.0033344082 -0.4880216122 0.0147251319 0.9993414283 -0.0331638567 0.4878108203 -0.0361324325 -0.8722012639
724.4 -287.8 2520.4 0.1529941559 0.1643426567 0.9744661450 0.0083282888 0.9858256578 -0.1675660014 -0.9881920218 0.0337522551 0.1494568735
660.6 -670.5 2507.3 0.1730219573 -0.1383443326 0.9751534462 -0.1235649958 0.9792143106 0.1608446538 -0.9771361947 -0.1483244896 0.1523310691
437.8 -308.1 2553.7 0 0 0 0 0 0 0 0 0
832.2 -229.8 2548.2 0 0 0 0 0 0 0 0 0
509.2 -1071.9 2589.2 0 0 0 0 0 0 0 0 0
712.3 -1035.9 2562.6 0 0 0 0 0 0 0 0 0
535.0 274.5 2542.7 32 0.9064366817 -0.1958993822 0.3741602898 0.1722600162 0.9803648591 0.0959750935 -0.3856150806 -0.0225424897 0.9223843217
573.3 82.8 2547.1 0.9064366817 -0.1958993822 0.3741602898 0.1722600162 0.9803648591 0.0959750935 -0.3856150806 -0.0225424897 0.9223843217
608.8 -108.0 2550.1 0.9083006382 -0.1825500429 0.3763846159 0.1625895798 0.9830744267 0.0844350606 -0.3854277134 -0.0154962018 0.9226078987
449.3 60.6 2599.8 0.2626312077 -0.9310268164 -0.2534047067 0.8097275496 0.0698337033 0.5826358199 -0.5247533917 -0.3582071364 0.7722185850
394.1 -109.4 2709.9 -0.1756166965 -0.9310268164 -0.3199185431 0.7746807337 0.0698337033 -0.6284847260 0.6074772477 -0.3582071364 0.7089845538
697.4 105.0 2494.5 0.8431615829 0.3789756894 0.3813869059 -0.4157787561 0.0098440712 0.9094125032 0.3408908248 -0.9253542423 0.1658701897
919.3 -4.4 2584.2 -0.3570740819 0.3789756894 0.8537420630 -0.9209511280 0.0098440712 -0.3895537555 -0.1560357064 -0.9253542423 0.3455030322
565.1 -315.2 2589.8 -0.8744701147 0.1464910507 -0.4624309242 0.1133576557 0.9886276722 0.0988195837 0.4716481864 0.0339946896 -0.8811312914
508.2 -699.0 2576.6 -0.8781103492 -0.0025612530 -0.4784513414 0.0196320247 0.9989506602 -0.0413786061 0.4780552685 -0.0457279496 -0.8771386147
726.6 -285.9 2518.2 0.1652086228 0.1720430255 0.9711371064 0.0048466553 0.9845142961 -0.1752373874 -0.9862467051 0.0336574949 0.1618164182
659.8 -668.1 2505.1 0.1856351197 -0.1413519531 0.9723986983 -0.1262103617 0.9779722691 0.1662562490 -0.9744796157 -0.1535898000 0.1637059301
438.7 -306.0 2555.8 0 0 0 0 0 0 0 0 0
828.8 -237.9 2544.6 0 0 0 0 0 0 0 0 0
509.1 -1071.8 2593.7 0 0 0 0 0 0 0 0 0
712.6 -1033.2 2562.5 0 0 0 0 0 0 0 0 0
538.5 270.8 2545.3 33 0.9019212723 -0.1847567260 0.3903881907 0.1637872756 0.9826813340 0.0866669491 -0.3996394873 -0.0142261488 0.9165620208
574.5 79.1 2548.1 0.9019212723 -0.1847567260 0.3903881907 0.1637872756 0.9826813340 0.0866669491 -0.3996394873 -0.0142261488 0.9165620208
608.0 -112.1 2550.0 0.9036440253 -0.1724607944 0.3920263946 0.1542978138 0.9849689007 0.0776432753 -0.3995242417 -0.0096730655 0.9166715741
451.1 58.0 2602.7 0.2774457335 -0.9279503226 -0.2488614172 0.8013034463 0.0805993453 0.5928039551 -0.5300345421 -0.3638844490 0.7659317851
394.9 -104.4 2710.1 -0.1662844568 -0.9279503226 -0.3335530162 0.7842447162 0.0805993453 -0.6151942611 0.5977538824 -0.3638844490 0.7143377662
698.0 100.2 2493.5 0.8330458403 0.4053451717 0.3764702678 -0.4239662290 0.0306345802 0.9051597714 0.3553691208 -0.9136502743 0.1973726749
918.4 -12.0 2587.6 -0.3684641421 0.4053451717 0.8366178870 -0.9091839194 0.0306345802 -0.4152663350 -0.1939556450 -0.9136502743 0.3572455645
562.9 -313.4 2587.6 -0.8678417206 0.1350568235 -0.4781321585 0.1054599434 0.9904897213 0.0883643702 0.4855192006 0.0262624994 -0.8738314509
510.5 -697.9 2577.4 -0.8720250726 0.0163018797 -0.4891896248 0.0245982837 0.9996418953 -0.0105363606 0.4888426661 -0.0212211963 -0.8721138239
725.6 -284.3 2518.6 0.1504641622 0.1664603353 0.9745006561 0.0122851077 0.9853317142 -0.1702072769 -0.9885390997 0.0375819430 0.1462121308
661.0 -666.8 2504.0 0.1706356108 -0.1325133145 0.9763829708 -0.1257489622 0.9798842669 0.1549647599 -0.9772771597 -0.1492216587 0.1505397260
437.1 -303.4 2558.4 0 0 0 0 0 0 0 0 0
825.0 -242.5 2538.4 0 0 0 0 0 0 0 0 0
504.4 -1070.8 2585.4 0 0 0 0 0 0 0 0 0
710.5 -1032.6 2559.7 0 0 0 0 0 0 0 0 0
535.5 276.1 2545.7 34 0.9022321105 -0.1883446872 0.3879477680 0.1662864089 0.9819610119 0.0900074914 -0.3979020119 -0.0166972112 0.9172759652
572.3 83.9 2548.9 0.9022321105 -0.1883446872 0.3879477680 0.1662864089 0.9819610119 0.0900074914 -0.3979020119 -0.0166972112 0.9172759652
606.6 -107.1 2550.7 0.9036970139 -0.1766116768 0.3900512457 0.1583942175 0.9842365384 0.0786749870 -0.3977975845 -0.0093164928 0.9174258709
448.9 62.3 2603.3 0.2611487508 -0.9304686189 -0.2569620311 0.8130549192 0.0685337260 0.5781391263 -0.5203297138 -0.3599045277 0.7744196057
395.3 -104.4 2709.9 -0.1713554114 -0.9304686189 -0.3238293827 0.7868736386 0.0685337260 -0.6132968068 0.5928466916 -0.3599045277 0.7204176188
695.8 105.5 2494.6 0.8206939697 0.4148201346 0.3929194212 -0.4493157268 0.0437496528 0.8923011422 0.3529544175 -0.9088510275 0.2222902924
918.4 -16.3 2590.3 -0.3747766018 0.4148201346 0.8291361332 -0.9019662142 0.0437496528 -0.4295845330 -0.2144747376 -0.9088510275 0.3577574193
560.5 -317.1 2587.7 -0.8697721958 0.1282300800 -0.4765011966 0.0966845527 0.9912138581 0.0902618915 0.4838888943 0.0324369743 -0.8745281100
510.8 -701.9 2575.1 -0.8731636405 0.0137721654 -0.4872325957 0.0230497699 0.9996491075 -0.0130510312 0.4868819118 -0.0226262845 -0.8731747270
722.4 -289.4 2516.1 0.1517635137 0.1562334746 0.9759912491 0.0110072084 0.9871004224 -0.1597233862 -0.9883555174 0.0349831209 0.1480861455
661.8 -672.6 2502.5 0.1734676510 -0.1325106472 0.9758841395 -0.1364047825 0.9781234860 0.1570612490 -0.9753474593 -0.1603603065 0.1515976936
438.8 -304.1 2559.4 0 0 0 0 0 0 0 0 0
823.3 -245.1 2535.9 0 0 0 0 0 0 0 0 0
505.6 -1074.9 2583.5 0 0 0 0 0 0 0 0 0
711.2 -1037.7 2562.4 0 0 0 0 0 0 0 0 0
536.3 276.3 2546.8 35 0.8994470239 -0.1867512912 0.3951190412 0.1651147008 0.9823033810 0.0884151086 -0.4046383798 -0.0142847421 0.9143651724
572.9 84.1 2549.6 0.8994470239 -0.1867512912 0.3951190412 0.1651147008 0.9823033810 0.0884151086 -0.4046383798 -0.0142847421 0.9143651724
606.5 -107.1 2550.7 0.9010526538 -0.1733952463 0.3975402415 0.1563446671 0.9848363996 0.0751903206 -0.4045497477 -0.0055971369 0.9144988656
449.8 62.7 2604.9 0.2649558783 -0.9307481050 -0.2520047128 0.8165423274 0.0775590688 0.5720517635 -0.5128908157 -0.3573409617 0.7805449367
395.7 -103.9 2709.5 -0.1638357490 -0.9307481050 -0.3269034028 0.7852112055 0.0775590688 -0.6143516302 0.5971609354 -0.3573409617 0.7181268930
696.0 105.5 2494.3 0.8138231635 0.4172852337 0.4044315219 -0.4584642649 0.0334048644 0.8880848289 0.3570746779 -0.9081614017 0.2184960246
917.7 -19.4 2591.6 -0.3712285459 0.4172852337 0.8294952512 -0.9058788419 0.0334048644 -0.4222175181 -0.2038943172 -0.9081614017 0.3656090200
559.9 -312.4 2588.2 -0.8664339185 0.1206449717 -0.4844967425 0.0918518901 0.9923210144 0.0828384385 0.4907703400 0.0272720885 -0.8708620667
513.1 -697.6 2577.6 -0.8697605729 0.0130032916 -0.4933025837 0.0181758981 0.9998186231 -0.0056917327 0.4931390882 -0.0139166620 -0.8698391914
721.8 -284.0 2516.9 0.1424392462 0.1560201049 0.9774296880 0.0031456328 0.9874223471 -0.1580735743 -0.9897985458 0.0255905129 0.1401569098
661.3 -667.3 2507.0 0.1584091038 -0.1392820776 0.9775004387 -0.1035428196 0.9821986556 0.1567311734 -0.9819294214 -0.1260407865 0.1411675513
437.3 -303.2 2558.0 0 0 0 0 0 0 0 0 0
823.5 -249.3 2539.9 0 0 0 0 0 0 0 0 0
508.2 -1070.8 2582.8 0 0 0 0 0 0 0 0 0
713.2 -1033.7 2554.0 0 0 0 0 0 0 0 0 0
541.3 278.7 2548.4 36 0.8979354501 -0.1899471283 0.3970289230 0.1711739749 0.9817748666 0.0825686157 -0.4054766893 -0.0061802710 0.9140844941
578.5 86.4 2549.6 0.8979354501 -0.1899471283 0.3970289230 0.1711739749 0.9817748666 0.0825686157 -0.4054766893 -0.0061802710 0.9140844941
611.9 -104.9 2549.8 0.9005569816 -0.1720787734 0.3992317915 0.1569315493 0.9850827456 0.0706006736 -0.4054252207 -0.0009278717 0.9141277671
455.4 64.9 2605.0 0.2891367078 -0.9245784283 -0.2481023073 0.8098514080 0.0980553105 0.5783821344 -0.5104318857 -0.3681574762 0.7771224976
395.7 -102.3 2710.4 -0.1573359817 -0.9245784283 -0.3469872773 0.7817993760 0.0980553105 -0.6157718301 0.6033532619 -0.3681574762 0.7074071765
701.5 107.8 2494.2 0.8065017462 0.4252003431 0.4108036458 -0.4683008492 0.0352810957 0.8828644156 0.3609006405 -0.9044113755 0.2275759429
916.7 -17.2 2590.5 -0.3694018126 0.4252003431 0.8262850642 -0.9054635763 0.0352810957 -0.4229550362 -0.2089928687 -0.9044113755 0.3719705343
