46.0 517.6 2964.3 4 0.4493217468 -0.0783751532 0.8899254203 0.2540571690 0.9662249088 -0.0431782156 -0.8564840555 0.2454928607 0.4540576339
61.8 322.8 2914.8 0.4493217468 -0.0783751532 0.8899254203 0.2540571690 0.9662249088 -0.0431782156 -0.8564840555 0.2454928607 0.4540576339
72.5 129.0 2870.8 0.4507416487 -0.0540467165 0.8910167813 0.2332893461 0.9706072807 -0.0591403954 -0.8616310358 0.2345217615 0.4501016438
-1.5 291.0 3033.2 -0.8140012026 0.0967890918 0.5727424622 0.5040588379 -0.3723064065 0.7793026567 0.2886636853 0.9230492115 0.2542704642
222.5 152.2 2953.7 -0.3578727841 0.0967890918 0.9287405014 0.8523622155 -0.3723064065 0.3672418892 0.3813210428 0.9230492115 0.0507389605
125.1 354.7 2796.4 -0.5986601114 -0.0957825482 -0.7952557802 -0.7912483215 -0.0837585330 0.6057314277 -0.1246279553 0.9918720722 -0.0256448872
-27.7 152.7 2764.6 0.1266065687 -0.0957825482 -0.9873178005 -0.9893856049 -0.0837585330 -0.1187460721 -0.0713224933 0.9918720722 -0.1053702533
41.9 -85.2 2903.2 0.7945097089 -0.1170604825 0.5958616734 -0.0406015217 0.9688076973 0.2444651276 -0.6058925390 -0.2184228152 0.7649742961
88.1 -468.0 2989.4 0.7945097089 -0.1170604825 0.5958616734 -0.0406015217 0.9688076973 0.2444651276 -0.6058925390 -0.2184228152 0.7649742961
127.3 -44.1 2752.4 -0.9738975167 0.2203191370 -0.0546173714 0.2246121764 0.9701128602 -0.0918171778 0.0327559300 -0.1016882509 -0.9942768812
39.8 -429.6 2792.8 -0.9941930175 -0.0547085963 -0.0926672742 -0.0286946651 0.9647237062 -0.2616958916 0.1037153304 -0.2575171888 -0.9606914520
315.0 -68.0 2855.2 0 0 0 0 0 0 0 0 0
8.4 -129.3 2744.3 0 0 0 0 0 0 0 0 0
132.6 -835.9 3072.4 0 0 0 0 0 0 0 0 0
56.7 -727.6 2872.3 0 0 0 0 0 0 0 0 0
40.3 514.8 2949.5 5 0.4502343833 -0.1180493608 0.8850725293 0.2501403391 0.9682077169 0.0018919633 -0.8571574092 0.2205405086 0.4654493332
64.2 318.8 2904.9 0.4502343833 -0.1180493608 0.8850725293 0.2501403391 0.9682077169 0.0018919633 -0.8571574092 0.2205405086 0.4654493332
76.7 124.4 2863.9 0.4527109563 -0.0629658177 0.8894313574 0.2235727310 0.9736539721 -0.0448678844 -0.8631732464 0.2191647738 0.4548612535
0.6 288.2 3023.4 -0.8193506002 0.0956463143 0.5652577877 0.5018061399 -0.3571409881 0.7878076434 0.2772276103 0.9291405082 0.2446277738
226.1 150.1 2947.1 -0.3664815128 0.0956463143 0.9254961014 0.8552209735 -0.3571409881 0.3755627573 0.3664537966 0.9291405082 0.0490868315
127.8 349.3 2786.3 -0.5916612148 -0.0995652229 -0.8000148535 -0.7979524732 -0.0691438019 0.5987411737 -0.1149298698 0.9926257730 -0.0385386124
-23.3 145.6 2757.0 0.1349399835 -0.0995652229 -0.9858387113 -0.9893050790 -0.0691438019 -0.1284312457 -0.0553773455 0.9926257730 -0.1078306511
47.6 -89.6 2899.5 0.7989516854 -0.1358597577 0.5858483911 -0.0539800301 0.9540163279 0.2948542237 -0.5989677310 -0.2671983838 0.7548792362
101.4 -467.2 3005.3 0.7989516854 -0.1358597577 0.5858483911 -0.0539800301 0.9540163279 0.2948542237 -0.5989677310 -0.2671983838 0.7548792362
124.6 -42.5 2745.1 -0.9756743312 0.2129860073 -0.0519288741 0.2178049386 0.9686847925 -0.1192087904 0.0249129087 -0.1276193261 -0.9915102720
40.0 -427.4 2795.9 -0.9952937365 -0.0521929935 -0.0816474706 -0.0297102090 0.9663372040 -0.2555577457 0.0922373161 -0.2519292533 -0.9633399844
320.8 -70.9 2852.5 0 0 0 0 0 0 0 0 0
15.2 -136.4 2741.2 0 0 0 0 0 0 0 0 0
153.1 -830.2 3106.9 0 0 0 0 0 0 0 0 0
56.3 -730.0 2874.8 0 0 0 0 0 0 0 0 0
42.7 511.9 2941.7 6 0.4068667889 -0.1108253524 0.9067398310 0.2381327450 0.9711603522 0.0118456045 -0.8819026351 0.2111048549 0.4215240479
65.0 316.5 2899.2 0.4068667889 -0.1108253524 0.9067398310 0.2381327450 0.9711603522 0.0118456045 -0.8819026351 0.2111048549 0.4215240479
77.1 122.1 2858.4 0.4081504941 -0.0603489168 0.9109177589 0.2235451639 0.9740420580 -0.0356318466 -0.8851218820 0.2181744277 0.4110464454
7.5 286.0 3020.8 -0.8090180755 0.1438729018 0.5699037910 0.4962790012 -0.3523389697 0.7934509516 0.3149554133 0.9247474670 0.2136474997
230.2 149.4 2934.1 -0.3553106487 0.1438729018 0.9236097336 0.8537667990 -0.3523389697 0.3833269179 0.3805740774 0.9247474670 0.0023558834
122.4 347.0 2777.5 -0.5898592472 -0.0504133776 -0.8059308529 -0.8032522798 -0.0656769052 0.5920070410 -0.0827761218 0.9965666533 -0.0017545299
-28.1 142.0 2756.4 0.1403604150 -0.0504133776 -0.9888162017 -0.9883979559 -0.0656769052 -0.1369525939 -0.0580381453 0.9965666533 -0.0590469167
51.7 -92.0 2896.2 0.7698568106 -0.1642278284 0.6167250276 -0.0539812520 0.9461069703 0.3193237185 -0.6359297037 -0.2791251242 0.7195016146
116.8 -467.1 3006.8 0.7698568106 -0.1642278284 0.6167250276 -0.0539812520 0.9461069703 0.3193237185 -0.6359297037 -0.2791251242 0.7195016146
130.7 -48.6 2741.2 -0.9628661871 0.2483132780 -0.1059679016 0.2625187337 0.9527577162 -0.1527632624 0.0630285889 -0.1749091446 -0.9825651050
32.2 -426.6 2810.6 -0.9901581407 -0.0705907717 -0.1208460778 -0.0439586379 0.9766442776 -0.2103177011 0.1328701228 -0.2029355615 -0.9701353908
322.0 -71.2 2835.8 0 0 0 0 0 0 0 0 0
11.9 -139.8 2739.9 0 0 0 0 0 0 0 0 0
179.4 -827.8 3113.2 0 0 0 0 0 0 0 0 0
54.3 -732.5 2874.2 0 0 0 0 0 0 0 0 0
45.0 510.3 2947.7 7 0.4226229489 -0.0872119740 0.9020997286 0.2443592697 0.9694626331 -0.0207550041 -0.8727418780 0.2292079628 0.4310282171
62.6 315.0 2901.6 0.4226229489 -0.0872119740 0.9020997286 0.2443592697 0.9694626331 -0.0207550041 -0.8727418780 0.2292079628 0.4310282171
72.9 120.9 2859.1 0.4238668978 -0.0517798178 0.9042431712 0.2269785106 0.9725790024 -0.0507039651 -0.8768224716 0.2267355025 0.4239969254
3.0 284.0 3022.0 -0.8075231314 0.1259117723 0.5762400627 0.5031124949 -0.3628920317 0.7843387127 0.3078703880 0.9232852459 0.2296959311
225.3 145.5 2937.3 -0.3505438566 0.1259117723 0.9280437827 0.8543770313 -0.3628920317 0.3719533384 0.3836129904 0.9232852459 0.0196334571
122.2 346.0 2781.1 -0.5982453227 -0.0659329146 -0.7985958457 -0.7951448560 -0.0745726079 0.6018168926 -0.0992329195 0.9950335622 -0.0078135021
-30.5 143.0 2755.7 0.1292354167 -0.0659329146 -0.9894195795 -0.9894423485 -0.0745726079 -0.1242690310 -0.0655901805 0.9950335622 -0.0748742446
44.4 -93.3 2894.4 0.7789406180 -0.1514535248 0.6085337996 -0.0603284687 0.9477979541 0.3131126463 -0.6241890788 -0.2806080580 0.7291413546
104.5 -469.6 3005.8 0.7789406180 -0.1514535248 0.6085337996 -0.0603284687 0.9477979541 0.3131126463 -0.6241890788 -0.2806080580 0.7291413546
126.5 -51.1 2734.0 -0.4173982739 0.3779622912 0.8263916969 -0.1490037143 0.8686233759 -0.4725371301 -0.8964243531 -0.3203716278 -0.3062441051
-20.3 -388.3 2858.3 -0.4173982739 -0.1953476369 0.8874784112 -0.1490037143 0.9781152010 0.1452188641 -0.8964243531 -0.0716234818 -0.4373711348
315.8 -75.2 2838.2 0 0 0 0 0 0 0 0 0
6.3 -139.0 2737.0 0 0 0 0 0 0 0 0 0
162.3 -831.4 3112.9 0 0 0 0 0 0 0 0 0
47.4 -727.4 2883.2 0 0 0 0 0 0 0 0 0
43.6 516.1 2939.2 8 0.4289844632 -0.0875253230 0.8990615606 0.2283842266 0.9734674692 -0.0142039554 -0.8739639521 0.2114247531 0.4375918210
61.2 320.4 2896.7 0.4289844632 -0.0875253230 0.8990615606 0.2283842266 0.9734674692 -0.0142039554 -0.8739639521 0.2114247531 0.4375918210
71.9 125.6 2857.3 0.4300560653 -0.0534228459 0.9012201428 0.2135630846 0.9759352803 -0.0440590046 -0.8771787882 0.2114151865 0.4311160445
0.7 291.3 3017.3 -0.8097030520 0.1193852052 0.5745677948 0.5076565146 -0.3486661613 0.7878558040 0.2943906784 0.9296123385 0.2217093557
223.6 151.5 2936.2 -0.3532855511 0.1193852052 0.9278666377 0.8601095676 -0.3486661613 0.3723486066 0.3679686189 0.9296123385 0.0204943568
121.7 349.6 2776.2 -0.5974959731 -0.0729742199 -0.7985445261 -0.7966625094 -0.0593084320 0.6015076041 -0.0912549719 0.9955688119 -0.0226992760
-30.8 146.2 2752.9 0.1297360957 -0.0729742199 -0.9888595939 -0.9903129339 -0.0593084320 -0.1255500317 -0.0494857989 0.9955688119 -0.0799617618
43.0 -87.9 2895.8 0.7835857272 -0.1509014517 0.6026791334 -0.0713022724 0.9418025613 0.3285177946 -0.6171785593 -0.3003942370 0.7272233963
103.0 -462.0 3015.1 0.7835857272 -0.1509014517 0.6026791334 -0.0713022724 0.9418025613 0.3285177946 -0.6171785593 -0.3003942370 0.7272233963
124.1 -48.4 2735.0 -0.4201615453 0.2769470513 0.8641554117 -0.1873706728 0.9052922726 -0.3812323213 -0.8878944516 -0.3220965564 -0.3284772336
14.8 -405.7 2862.1 -0.4201639295 0.0018627867 0.9074463248 -0.1884849519 0.9780095220 -0.0892795473 -0.8876574039 -0.2085520178 -0.4105732143
314.9 -70.7 2841.2 0 0 0 0 0 0 0 0 0
6.2 -136.1 2738.8 0 0 0 0 0 0 0 0 0
160.6 -821.8 3129.8 0 0 0 0 0 0 0 0 0
14.2 -756.6 2937.0 0 0 0 0 0 0 0 0 0
43.4 512.1 2934.5 9 0.4060824215 -0.0675587729 0.9113357663 0.2326422483 0.9720487595 -0.0316036232 -0.8837276697 0.2248488814 0.4104489386
56.9 316.8 2889.3 0.4060824215 -0.0675587729 0.9113357663 0.2326422483 0.9720487595 -0.0316036232 -0.8837276697 0.2248488814 0.4104489386
66.6 122.2 2848.7 0.4069639146 -0.0480451286 0.9121798277 0.2177963853 0.9749181271 -0.0458190441 -0.8870992661 0.2173161656 0.4072205722
-0.4 287.1 3011.3 -0.8018223643 0.1436818242 0.5800313950 0.5060372949 -0.3529851139 0.7869738340 0.3178162873 0.9245307446 0.2103229910
220.4 147.7 2923.8 -0.3436974585 0.1436818242 0.9280234575 0.8582733274 -0.3529851139 0.3725163341 0.3811022937 0.9245307446 -0.0019981966
114.2 346.5 2767.4 -0.5995430946 -0.0469374321 -0.7989649177 -0.7963984609 -0.0639952645 0.6013768315 -0.0793570578 0.9968457818 0.0009870199
-38.8 143.2 2747.2 0.1285639703 -0.0469374321 -0.9905897975 -0.9900326133 -0.0639952645 -0.1254593432 -0.0575043187 0.9968457818 -0.0546970740
38.8 -91.6 2886.9 0.7673245072 -0.1596152931 0.6210765243 -0.0688549057 0.9424194694 0.3272682428 -0.6375516057 -0.2938851118 0.7121512890
102.2 -466.1 3003.7 0.7673245072 -0.1596152931 0.6210765243 -0.0688549057 0.9424194694 0.3272682428 -0.6375516057 -0.2938851118 0.7121512890
122.9 -47.1 2735.6 -0.4357162416 0.3462124765 0.8308358788 -0.1616586596 0.8779538870 -0.4506255686 -0.8854478002 -0.3306566775 -0.3265705109
-13.8 -393.9 2866.2 -0.4349991977 -0.0272783302 0.9000175595 -0.1984742433 0.9778617620 -0.0662894845 -0.8782845140 -0.2074661851 -0.4307831228
309.2 -74.0 2825.3 0 0 0 0 0 0 0 0 0
-2.1 -139.0 2730.8 0 0 0 0 0 0 0 0 0
163.2 -826.2 3116.0 0 0 0 0 0 0 0 0 0
-3.6 -760.9 2944.0 0 0 0 0 0 0 0 0 0
34.5 501.3 2934.6 0 0.4196574092 -0.0898624510 0.9032233357 0.2540523112 0.9669439793 -0.0218362156 -0.8714041114 0.2386296988 0.4286149740
52.5 306.9 2886.7 0.4196574092 -0.0898624510 0.9032233357 0.2540523112 0.9669439793 -0.0218362156 -0.8714041114 0.2386296988 0.4286149740
65.1 113.1 2843.0 0.4209855497 -0.0630030483 0.9048766494 0.2372193635 0.9705132246 -0.0427910537 -0.8754988313 0.2326686829 0.4235175848
-6.7 274.5 3007.0 -0.8132286072 0.1303445399 0.5671591759 0.4918239117 -0.3670252562 0.7895579338 0.3110763133 0.9210335016 0.2343688756
217.2 139.1 2921.3 -0.3603363633 0.1303445399 0.9236709476 0.8478990793 -0.3670252562 0.3825697899 0.3888764679 0.9210335016 0.0217335317
111.8 339.3 2766.4 -0.5890049338 -0.0648142248 -0.8055260777 -0.8014133573 -0.0813936964 0.5925468206 -0.1039702073 0.9945723414 -0.0040016971
-38.6 134.7 2739.8 0.1406894177 -0.0648142248 -0.9879299402 -0.9874582291 -0.0813936964 -0.1352823228 -0.0716430470 0.9945723414 -0.0754525736
39.1 -101.5 2877.1 0.7798675299 -0.1651708037 0.6037592888 -0.0500011370 0.9450361729 0.3231199384 -0.6239443421 -0.2821793854 0.7287442684
104.7 -477.2 2989.2 0.7798675299 -0.1651708037 0.6037592888 -0.0500011370 0.9450361729 0.3231199384 -0.6239443421 -0.2821793854 0.7287442684
121.0 -55.8 2722.2 -0.4272769988 0.3290984333 0.8420977592 -0.1777037829 0.8826629519 -0.4351178110 -0.8864850402 -0.3355597854 -0.3186595440
-14.0 -417.9 2859.9 -0.4297728539 0.1530316919 0.8898744583 -0.1928386688 0.9472391009 -0.2560298443 -0.8821046352 -0.2816368937 -0.3775872290
310.3 -80.0 2820.9 0 0 0 0 0 0 0 0 0
1.5 -146.8 2719.4 0 0 0 0 0 0 0 0 0
167.8 -838.4 3097.1 0 0 0 0 0 0 0 0 0
-73.0 -782.8 2968.4 0 0 0 0 0 0 0 0 0
36.0 499.8 2933.7 1 0.4310747385 -0.0687425137 0.8996938467 0.2482143939 0.9676597118 -0.0449926369 -0.8675045967 0.2427121550 0.4341965318
49.7 306.6 2885.3 0.4310747385 -0.0687425137 0.8996938467 0.2482143939 0.9676597118 -0.0449926369 -0.8675045967 0.2427121550 0.4341965318
60.7 112.6 2842.2 0.4322063327 -0.0554335043 0.9000693560 0.2305413038 0.9717326164 -0.0508570448 -0.8718075752 0.2294839025 0.4327687025
-11.1 275.1 3005.0 -0.8112627268 0.1172812358 0.5727983117 0.5009251833 -0.3658327460 0.7843725681 0.3015405536 0.9232613444 0.2380373627
212.2 137.2 2922.0 -0.3555659950 0.1172812358 0.9272636771 0.8525781631 -0.3658327460 0.3731981814 0.3829925656 0.9232613444 0.0300862640
110.5 338.1 2765.5 -0.5960797668 -0.0756826401 -0.7993503809 -0.7956508994 -0.0780293941 0.6007088423 -0.1078360602 0.9940742254 -0.0137052210
-41.7 135.0 2737.9 0.1313126534 -0.0756826401 -0.9884478450 -0.9890310168 -0.0780293941 -0.1254156381 -0.0676361993 0.9940742254 -0.0850987285
32.1 -101.7 2876.6 0.7856106758 -0.1527682543 0.5995646119 -0.0598429404 0.9457339048 0.3193840384 -0.6158203483 -0.2867912054 0.7338365316
92.8 -477.7 2990.6 0.7856106758 -0.1527682543 0.5995646119 -0.0598429404 0.9457339048 0.3193840384 -0.6158203483 -0.2867912054 0.7338365316
120.0 -60.1 2715.5 -0.4238598347 0.3094556034 0.8512226939 -0.1859736145 0.8900610805 -0.4161791503 -0.8864291906 -0.3347065747 -0.3197105527
-4.9 -419.5 2850.7 -0.4172821641 0.2351039499 0.8778392076 -0.1592798233 0.9320837259 -0.3253456652 -0.8947097659 -0.2755830288 -0.3514946103
304.1 -83.1 2823.1 0 0 0 0 0 0 0 0 0
-4.3 -147.0 2718.7 0 0 0 0 0 0 0 0 0
151.2 -839.2 3100.2 0 0 0 0 0 0 0 0 0
-95.1 -777.1 2956.4 0 0 0 0 0 0 0 0 0
38.0 504.8 2932.2 2 0.3857098222 -0.0610627457 0.9205972552 0.2498988360 0.9674232006 -0.0405333787 -0.8881320357 0.2456903011 0.3884041309
50.2 311.6 2883.2 0.3857098222 -0.0610627457 0.9205972552 0.2498988360 0.9674232006 -0.0405333787 -0.8881320357 0.2456903011 0.3884041309
61.3 117.6 2840.2 0.3867587447 -0.0552337356 0.9205253124 0.2324077785 0.9718227386 -0.0393344350 -0.8924148679 0.2291501909 0.3886977136
-4.4 279.9 3005.9 -0.8012967706 0.1660749018 0.5747544169 0.4928461909 -0.3613767624 0.7915235162 0.3391550779 0.9175107479 0.2077206373
216.2 144.2 2912.5 -0.3461959362 0.1660749018 0.9233458042 0.8498419523 -0.3613767624 0.3836346269 0.3973878026 0.9175107479 -0.0160302483
104.7 343.4 2760.5 -0.5915619135 -0.0264724959 -0.8058248758 -0.8026210666 -0.0755096003 0.5916905403 -0.0765110403 0.9967936277 0.0234212186
-46.3 138.5 2741.0 0.1390673965 -0.0264724959 -0.9899290204 -0.9877250791 -0.0755096003 -0.1367385238 -0.0711293370 0.9967936277 -0.0366484709
36.9 -96.9 2876.4 0.7539082170 -0.0828436390 0.6517356038 -0.0418447517 0.9839485884 0.1734767556 -0.6556457877 -0.1580572724 0.7383403778
68.6 -474.4 2937.1 0.7539082170 -0.0828436390 0.6517356038 -0.0418447517 0.9839485884 0.1734767556 -0.6556457877 -0.1580572724 0.7383403778
113.3 -60.5 2716.2 -0.4573009908 0.3091556132 0.8338456750 -0.1728204936 0.8888617754 -0.4243322313 -0.8723582625 -0.3381531537 -0.3530489206
-10.6 -416.7 2851.7 -0.4410818219 0.2680358887 0.8565065861 -0.1136526912 0.9299944043 -0.3495618403 -0.8902415037 -0.2515296638 -0.3797406256
305.7 -75.4 2809.8 0 0 0 0 0 0 0 0 0
-6.7 -143.1 2720.7 0 0 0 0 0 0 0 0 0
99.2 -837.3 2995.4 0 0 0 0 0 0 0 0 0
-113.2 -772.5 2947.9 0 0 0 0 0 0 0 0 0
38.1 506.2 2932.0 3 0.3718192875 -0.0478888750 0.9270690680 0.2352869511 0.9709198475 -0.0442124195 -0.8979924917 0.2345662862 0.3722743392
47.7 312.1 2885.1 0.3718192875 -0.0478888750 0.9270690680 0.2352869511 0.9709198475 -0.0442124195 -0.8979924917 0.2345662862 0.3722743392
57.0 117.5 2844.7 0.3726706505 -0.0460276678 0.9268214703 0.2176443189 0.9752454162 -0.0390812941 -0.9020795822 0.2162818760 0.3734630048
-4.9 282.4 3009.1 -0.7926843166 0.1798039824 0.5825136304 0.5020974278 -0.3493779898 0.7910962105 0.3457596898 0.9195681214 0.1866673231
213.3 144.2 2914.0 -0.3347228169 0.1798039824 0.9250033498 0.8572922349 -0.3493779898 0.3781335950 0.3911657333 0.9195681214 -0.0371997729
100.3 341.8 2761.1 -0.5971310735 -0.0098034805 -0.8020837903 -0.8002527356 -0.0613381751 0.5965175629 -0.0550463051 0.9980688691 0.0287816674
-52.2 137.6 2747.0 0.1324683130 -0.0098034805 -0.9911387563 -0.9893994927 -0.0613381751 -0.1316291541 -0.0595042184 0.9980688691 -0.0178249236
39.2 -94.5 2876.4 0.7352693081 -0.0505356938 0.6758884192 0.0516183265 0.9984954596 0.0185034778 -0.6758065820 0.0212831907 0.7367716432
58.6 -478.2 2868.2 0.7501107454 -0.0398993455 0.6601074934 -0.0989078954 0.9801821709 0.1716394573 -0.6538739204 -0.1940384507 0.7312988043
108.7 -54.8 2712.7 -0.4852006435 0.4254415929 0.7639239430 -0.2100626826 0.7913533449 -0.5741372108 -0.8487955928 -0.4390436709 -0.2945957482
-58.3 -365.4 2885.0 -0.4467001259 0.2345891595 0.8633810878 -0.0136145754 0.9631185532 -0.2687327862 -0.8945801258 -0.1317975372 -0.4270313680
299.8 -77.3 2812.9 0 0 0 0 0 0 0 0 0
-14.4 -144.5 2730.1 0 0 0 0 0 0 0 0 0
71.7 -798.1 2931.5 0 0 0 0 0 0 0 0 0
-156.2 -767.5 2940.0 0 0 0 0 0 0 0 0 0
35.4 504.9 2919.4 4 0.3455699682 -0.0637882054 0.9362224340 0.2188792229 0.9756469131 -0.0143163847 -0.9125093222 0.2098669559 0.3511162102
48.1 310.0 2877.5 0.3455699682 -0.0637882054 0.9362224340 0.2188792229 0.9756469131 -0.0143163847 -0.9125093222 0.2098669559 0.3511162102
58.3 114.6 2841.0 0.3465836644 -0.0499240421 0.9366895556 0.2014523000 0.9792433977 -0.0223470926 -0.9161313772 0.1964434087 0.3494470716
-0.9 282.5 3003.5 -0.7882028222 0.2074324787 0.5794032216 0.5021024346 -0.3276361227 0.8003422618 0.3558504283 0.9217517972 0.1540913582
216.1 144.3 2905.5 -0.3327287138 0.2074324787 0.9199257493 0.8624393940 -0.3276361227 0.3858145475 0.3814313710 0.9217517972 -0.0698839948
97.1 337.5 2751.5 -0.5904530287 0.0171296652 -0.8068901896 -0.8067731261 -0.0397333018 0.5895238519 -0.0219620671 0.9990634918 0.0372804031
-53.6 131.6 2745.9 0.1406050622 0.0171296652 -0.9899175763 -0.9891850352 -0.0397333018 -0.1411885619 -0.0417512096 0.9990634918 0.0113577051
33.2 -95.1 2884.4 0.7120420337 -0.0437182300 0.7007744908 0.1320807338 0.9885817766 -0.0725311488 -0.6896019578 0.1442040354 0.7096861005
50.2 -478.8 2828.4 0.7477525473 -0.0259191394 0.6634714007 -0.1392401606 0.9708980322 0.1948569566 -0.6492136121 -0.2380866557 0.7223824859
100.8 -56.7 2718.9 -0.8364337683 0.4736931026 0.2756690681 0.2024423182 0.7344431877 -0.6477733850 -0.5093090534 -0.4860124290 -0.7102085948
-85.6 -345.7 2910.2 -0.8364337683 0.2472388595 0.4891334474 0.2024423182 0.9687272906 -0.1434730142 -0.5093090534 -0.0209843516 -0.8603278399
302.1 -78.6 2807.0 0 0 0 0 0 0 0 0 0
-13.5 -150.4 2734.0 0 0 0 0 0 0 0 0 0
58.3 -780.7 2902.5 0 0 0 0 0 0 0 0 0
-193.1 -767.2 2919.3 0 0 0 0 0 0 0 0 0
26.9 499.7 2925.6 5 0.3405457735 -0.0846914276 0.9364058375 0.2499980927 0.9682405591 -0.0033469680 -0.9063826799 0.2352394760 0.3509029150
43.8 306.8 2878.7 0.3405457735 -0.0846914276 0.9364058375 0.2499980927 0.9682405591 -0.0033469680 -0.9063826799 0.2352394760 0.3509029150
58.0 112.5 2837.9 0.3422169983 -0.0699826106 0.9370111823 0.2290194333 0.9733603001 -0.0109454952 -0.9112834930 0.2183395028 0.3491278291
-4.6 275.5 3004.1 -0.7982830405 0.2142737955 0.5628774166 0.4777097404 -0.3438982666 0.8084104061 0.3667937219 0.9142323136 0.1721674502
215.2 143.9 2903.1 -0.3502978981 0.2142737955 0.9117993712 0.8466563225 -0.3438982666 0.4060874879 0.4005801380 0.9142323136 -0.0609494261
92.2 338.1 2753.4 -0.5737700462 0.0181140378 -0.8188161254 -0.8180283308 -0.0617688559 0.5718516111 -0.0402187929 0.9979261160 0.0502589159
-54.2 129.3 2743.1 0.1608752906 0.0181140378 -0.9868084788 -0.9849051237 -0.0617688559 -0.1616988182 -0.0638830513 0.9979261160 0.0079035256
37.1 -97.9 2885.9 0.7100626230 -0.0171511006 0.7039296627 0.1378210336 0.9837521315 -0.1150528714 -0.6905189753 0.1787110418 0.7008893490
43.9 -484.0 2815.8 0.7485579252 -0.0286474563 0.6624502540 -0.1413770318 0.9691972136 0.2016663700 -0.6478221416 -0.2446142137 0.7214501500
100.3 -61.7 2717.9 -0.8512243629 0.4957620502 0.1721542776 0.2804704309 0.7070081830 -0.6492116451 -0.4435689747 -0.5043405890 -0.7408691645
-95.6 -341.2 2917.3 -0.8512243629 0.2929238975 0.4354453981 0.2804704309 0.9552190900 -0.0943017155 -0.4435689747 0.0418576337 -0.8952622414
305.7 -74.8 2799.6 0 0 0 0 0 0 0 0 0
-8.4 -151.5 2724.9 0 0 0 0 0 0 0 0 0
52.3 -769.0 2887.7 0 0 0 0 0 0 0 0 0
-225.6 -765.2 2898.7 0 0 0 0 0 0 0 0 0
26.8 502.0 2916.7 6 0.3331984878 -0.0825049877 0.9392399788 0.2312581241 0.9728864431 0.0034209779 -0.9140560627 0.2160670012 0.3432442546
43.3 307.9 2873.6 0.3331984878 -0.0825049877 0.9392399788 0.2312581241 0.9728864431 0.0034209779 -0.9140560627 0.2160670012 0.3432442546
58.1 112.8 2836.9 0.3348293602 -0.0730271935 0.9394447207 0.2108069062 0.9775273800 0.0008534190 -0.9183952212 0.1977556795 0.3426994681
-4.1 279.0 2999.9 -0.7979546785 0.2222003043 0.5602636933 0.4819079936 -0.3230721951 0.8144869804 0.3619848788 0.9199192524 0.1507168561
215.5 146.4 2900.2 -0.3514789045 0.2222003043 0.9094446898 0.8535252213 -0.3230721951 0.4088020325 0.3846522272 0.9199192524 -0.0761004984
90.7 336.7 2747.3 -0.5701981783 0.0253053661 -0.8211173415 -0.8212984204 -0.0400905982 0.5690884590 -0.0185180921 0.9988755584 0.0436428450
-54.9 127.0 2742.5 0.1650391370 0.0253053661 -0.9859623313 -0.9853172302 -0.0400905982 -0.1659601033 -0.0437275022 0.9988755584 0.0183172952
40.9 -101.6 2878.1 0.7046658993 -0.0011469882 0.7095383406 0.1215439737 0.9854127765 -0.1191163808 -0.6990514994 0.1701773554 0.6945261955
41.3 -490.8 2810.8 0.7397446036 -0.0252401438 0.6724142432 -0.1488619596 0.9683970213 0.2001181692 -0.6562149525 -0.2481332272 0.7126091719
103.4 -60.0 2711.0 -0.8691436052 0.4929533601 0.0398290753 0.3547342122 0.6775037646 -0.6443231106 -0.3446055949 -0.5458806157 -0.7637155056
-91.7 -328.2 2927.1 -0.8691436052 0.3420877457 0.3571628928 0.3547342122 0.9344277978 -0.0317540020 -0.3446055949 0.0990991071 -0.9335021973
306.4 -74.1 2800.9 0 0 0 0 0 0 0 0 0
-7.8 -153.8 2730.1 0 0 0 0 0 0 0 0 0
48.4 -763.0 2880.6 0 0 0 0 0 0 0 0 0
-251.6 -764.9 2880.8 0 0 0 0 0 0 0 0 0
25.2 503.9 2912.7 7 0.3791238666 -0.0685278475 0.9228049517 0.2158031464 0.9763031602 -0.0161596090 -0.8998300433 0.2052707076 0.3849283457
38.9 308.5 2871.7 0.3791238666 -0.0685278475 0.9228049517 0.2158031464 0.9763031602 -0.0161596090 -0.8998300433 0.2052707076 0.3849283457
51.0 112.9 2837.3 0.3804907203 -0.0599158406 0.9228417873 0.1949779838 0.9806650877 -0.0167200267 -0.9039968848 0.1862956434 0.3848162293
-14.7 281.9 2995.9 -0.8024368286 0.1732470542 0.5710346699 0.5026633143 -0.3194734454 0.8032847047 0.3215970993 0.9316233993 0.1692723185
206.2 143.5 2907.4 -0.3492124677 0.1732470542 0.9208887815 0.8645421863 -0.3194734454 0.3879477680 0.3614103198 0.9316233993 -0.0382152796
92.6 335.1 2747.4 -0.5870625973 -0.0206073523 -0.8092792034 -0.8086676002 -0.0315118544 0.5874212980 -0.0376070850 0.9992909431 0.0018349325
-57.2 128.7 2737.8 0.1447003484 -0.0206073523 -0.9892609119 -0.9890734553 -0.0315118544 -0.1440165043 -0.0282056462 0.9992909431 -0.0249419603
42.1 -100.6 2881.8 0.7384174466 0.0117538776 0.6742414236 0.1339423954 0.9773699641 -0.1637296081 -0.6609078050 0.2112103105 0.7201327085
37.4 -487.6 2798.2 0.7817587852 -0.0366759561 0.6225014329 -0.1472660005 0.9591730833 0.2414533794 -0.6059421897 -0.2804315984 0.7444408536
103.4 -62.1 2713.4 -0.8606289625 0.5089543462 0.0168307591 0.3916572332 0.6826825142 -0.6168866754 -0.3254572153 -0.5243186355 -0.7868720293
-98.4 -332.9 2921.3 -0.8606289625 0.3734543622 0.3461930454 0.3916572332 0.9199209809 -0.0187090281 -0.3254572153 0.1194874793 -0.9379767179
296.4 -79.8 2814.0 0 0 0 0 0 0 0 0 0
-16.0 -153.2 2729.7 0 0 0 0 0 0 0 0 0
47.8 -758.8 2877.5 0 0 0 0 0 0 0 0 0
-274.7 -767.2 2864.9 0 0 0 0 0 0 0 0 0
23.3 509.9 2899.8 8 0.3526352644 -0.0835096315 0.9320271015 0.2034404725 0.9790283442 0.0107486248 -0.9133785367 0.1858216822 0.3622291684
40.0 313.9 2862.5 0.3526352644 -0.0835096315 0.9320271015 0.2034404725 0.9790283442 0.0107486248 -0.9133785367 0.1858216822 0.3622291684
53.3 117.7 2831.7 0.3543497622 -0.0656796843 0.9328035116 0.1808868200 0.9835037589 0.0005349607 -0.9174509048 0.1685422957 0.3603849411
-10.1 289.2 2988.7 -0.7991092801 0.2012501806 0.5665004253 0.5005997419 -0.2990464866 0.8123860359 0.3329027891 0.9327751994 0.1382250190
209.9 151.4 2897.1 -0.3489692807 0.2012501806 0.9152697921 0.8678898811 -0.2990464866 0.3966590464 0.3535359204 0.9327751994 -0.0703049600
90.1 338.6 2736.4 -0.5789883137 0.0061173132 -0.8153129220 -0.8153130412 -0.0118249701 0.5788996816 -0.0060997405 0.9999113679 0.0118340449
-57.7 130.5 2734.8 0.1546935439 0.0061173132 -0.9879435897 -0.9878817797 -0.0118249701 -0.1547570825 -0.0126291011 0.9999113679 0.0042139357
28.1 -99.8 2883.0 0.7192795873 -0.0000716075 0.6947207451 0.1484954059 0.9769045711 -0.1536441296 -0.6786648631 0.2136759311 0.7026781440
28.1 -487.4 2798.2 0.7689907551 -0.0673496872 0.6357021928 -0.1254203171 0.9592121243 0.2533414364 -0.6268357038 -0.2745471895 0.7291781902
97.8 -64.2 2717.3 -0.8643180132 0.5012042522 -0.0418168865 0.4341453910 0.7015251517 -0.5651373863 -0.2539136708 -0.5066130757 -0.8239363432
-101.2 -342.7 2918.5 -0.8643180132 0.4081999660 0.2938148379 0.4341453910 0.9004644752 0.0261051785 -0.2539136708 0.1501215249 -0.9555058479
300.1 -72.8 2805.7 0 0 0 0 0 0 0 0 0
-13.6 -151.1 2731.2 0 0 0 0 0 0 0 0 0
47.2 -758.8 2875.9 0 0 0 0 0 0 0 0 0
-295.4 -771.0 2847.0 0 0 0 0 0 0 0 0 0
20.4 506.1 2903.3 9 0.3556560576 -0.0898618400 0.9302868247 0.2174833417 0.9760005474 0.0111319860 -0.9089608192 0.1983627379 0.3666639626
38.3 311.1 2863.6 0.3556560576 -0.0898618400 0.9302868247 0.2174833417 0.9760005474 0.0111319860 -0.9089608192 0.1983627379 0.3666639626
52.8 115.3 2831.1 0.3578524590 -0.0717121139 0.9310203791 0.1908719987 0.9816123843 0.0022442928 -0.9140620828 0.1769026071 0.3649602234
-12.2 285.1 2989.3 -0.8033640385 0.1982847005 0.5615063310 0.4934215546 -0.3062404692 0.8140957952 0.3333787024 0.9310746193 0.1481846422
208.9 149.2 2897.6 -0.3552830219 0.1982847005 0.9134862423 0.8628756404 -0.3062404692 0.4020726681 0.3594713211 0.9310746193 -0.0622930005
88.9 337.2 2738.0 -0.5746221542 0.0013073913 -0.8184177876 -0.8182594180 -0.0206550770 0.5744779706 -0.0161534157 0.9997857809 0.0129386503
-57.8 128.4 2733.8 0.1599871218 0.0013073913 -0.9871182442 -0.9869041443 -0.0206550770 -0.1599797904 -0.0205981601 0.9997857809 -0.0020142763
34.0 -94.2 2882.2 0.9742396474 0.0306975637 0.2234162539 0.0241888613 0.9707524180 -0.2388612330 -0.2242143154 0.2381122708 0.9450029135
21.8 -479.5 2787.7 0.9742396474 -0.0911572278 0.2062705010 0.0241888613 0.9516258240 0.3063057065 -0.2242143154 -0.2934257090 0.9293165803
98.9 -61.2 2714.1 -0.8580379486 0.5125688910 -0.0323107466 0.4410531819 0.7031652927 -0.5577011704 -0.2631404698 -0.4927795529 -0.8294126987
-104.7 -340.5 2909.8 -0.8580379486 0.4160163403 0.3011664748 0.4410531819 0.8973186016 0.0170709584 -0.2631404698 0.1474779695 -0.9534187913
300.7 -73.7 2804.7 0 0 0 0 0 0 0 0 0
-12.2 -153.0 2728.0 0 0 0 0 0 0 0 0 0
47.8 -751.1 2871.5 0 0 0 0 0 0 0 0 0
-304.9 -772.2 2838.9 0 0 0 0 0 0 0 0 0
12.4 516.6 2893.0 0 0.3946290612 -0.1264458895 0.9100985527 0.1998490542 0.9785854220 0.0493044034 -0.8968434930 0.1624253839 0.4114483297
37.8 319.9 2860.4 0.3946290612 -0.1264458895 0.9100985527 0.1998490542 0.9785854220 0.0493044034 -0.8968434930 0.1624253839 0.4114483297
55.6 123.7 2832.0 0.3969267607 -0.0887852684 0.9135460258 0.1789006591 0.9837048054 0.0178732499 -0.9002465010 0.1563396156 0.4063424766
-18.1 295.5 2984.1 -0.8221597672 0.1589299589 0.5466210246 0.4908703268 -0.2883306444 0.8221385479 0.2882700264 0.9442492723 0.1590398699
208.2 160.3 2904.7 -0.3791824579 0.1589299589 0.9115711451 0.8652291894 -0.2883306444 0.4101754427 0.3280230761 0.9442492723 -0.0281809065
93.8 344.4 2736.7 -0.5656405091 -0.0436054803 -0.8234982491 -0.8241872787 -0.0036247945 0.5663057566 -0.0276790466 0.9990422726 -0.0338887498
-50.6 134.0 2729.6 0.1699644476 -0.0436054803 -0.9844849706 -0.9854426980 -0.0036247945 -0.1699692309 0.0038430344 0.9990422726 -0.0435867906
34.3 -97.2 2879.7 0.9537367821 0.0491389073 0.2965998352 0.0241567269 0.9708370566 -0.2385201305 -0.2996707261 0.2346502990 0.9247360229
14.8 -482.8 2786.5 0.9537367821 -0.1184280813 0.2763347328 0.0241567269 0.9463614225 0.3222056329 -0.2996707261 -0.3006240427 0.9054405689
99.9 -62.3 2712.1 -0.8453637958 0.5341839194 0.0027603549 0.4379180670 0.6959605813 -0.5690928102 -0.3059213161 -0.4798816442 -0.8222686648
-112.3 -338.8 2902.8 -0.8453637958 0.4117406905 0.3403376043 0.4379180670 0.8990148902 0.0001147293 -0.3059213161 0.1491369605 -0.9403033257
306.2 -63.2 2820.0 0 0 0 0 0 0 0 0 0
-2.2 -146.9 2730.7 0 0 0 0 0 0 0 0 0
48.1 -748.7 2871.0 0 0 0 0 0 0 0 0 0
-311.3 -773.4 2830.7 0 0 0 0 0 0 0 0 0
13.1 518.2 2889.4 1 0.4071629047 -0.0945671499 0.9084467292 0.1865501106 0.9822685719 0.0186406691 -0.8941014409 0.1618810445 0.4175848365
32.1 321.5 2857.0 0.4071629047 -0.0945671499 0.9084467292 0.1865501106 0.9822685719 0.0186406691 -0.8941014409 0.1618810445 0.4175848365
46.2 124.7 2830.6 0.4092226028 -0.0705568567 0.9097024798 0.1619885713 0.9867858291 0.0036661648 -0.8979401588 0.1458611190 0.4152444899
-25.6 299.4 2980.4 -0.8149265647 0.1438697875 0.5614233613 0.5100265145 -0.2820520401 0.8126005530 0.2752592564 0.9485505223 0.1564743072
198.8 159.0 2904.6 -0.3649379015 0.1438697875 0.9198487997 0.8758429885 -0.2820520401 0.3915937841 0.3157837391 0.9485505223 -0.0230758581
89.7 343.6 2733.6 -0.5817640424 -0.0534392558 -0.8116001487 -0.8129641414 0.0071709803 0.5822696090 -0.0252960864 0.9985453486 -0.0476160161
-58.8 136.0 2727.1 0.1501141489 -0.0534392558 -0.9872233868 -0.9885528684 0.0071709803 -0.1507044733 0.0151328947 0.9985453486 -0.0517510623
36.8 -88.2 2883.4 0.9530964494 0.0559357516 0.2974531949 0.0230712816 0.9664883018 -0.2556718290 -0.3017862141 0.2505425513 0.9198660254
14.6 -472.2 2783.9 0.9530964494 -0.1166225746 0.2792962193 0.0230712816 0.9480933547 0.3171540797 -0.3017862141 -0.2958346903 0.9063150287
109.6 -55.3 2718.5 -0.8237143159 0.5638912916 0.0593411513 0.4279578328 0.6869539022 -0.5873214006 -0.3719500601 -0.4583895206 -0.8071754575
-114.4 -328.2 2900.5 -0.8237143159 0.3995417356 0.4023196995 0.4279578328 0.9035521746 -0.0211071800 -0.3719500601 0.1547895819 -0.9152559042
293.1 -67.3 2823.0 0 0 0 0 0 0 0 0 0
-16.0 -145.8 2731.4 0 0 0 0 0 0 0 0 0
48.2 -745.2 2869.1 0 0 0 0 0 0 0 0 0
-311.1 -773.1 2824.3 0 0 0 0 0 0 0 0 0
16.7 510.1 2887.1 2 0.4053282440 -0.0509255342 0.9127516747 0.1768201441 0.9839596748 -0.0236225575 -0.8969078064 0.1709677726 0.4078313112
26.8 313.9 2853.0 0.4053282440 -0.0509255342 0.9127516747 0.1768201441 0.9839596748 -0.0236225575 -0.8969078064 0.1709677726 0.4078313112
39.0 117.0 2827.1 0.4064979851 -0.0607028417 0.9116328955 0.1561592519 0.9877243638 -0.0038620243 -0.9002075791 0.1439298242 0.4109872580
-30.4 292.7 2976.7 -0.8088548183 0.1456862837 0.5696747899 0.5182000995 -0.2812474370 0.8076933622 0.2778894007 0.9485121965 0.1519937068
192.2 150.0 2900.2 -0.3553023934 0.1456862837 0.9233286381 0.8799058795 -0.2812474370 0.3829693496 0.3154771924 0.9485121965 -0.0282623339
84.1 335.2 2729.3 -0.5894031525 -0.0486910827 -0.8063703179 -0.8075732589 0.0099096056 0.5896840096 -0.0207215417 0.9987647533 -0.0451623686
-66.4 129.1 2724.0 0.1409937441 -0.0486910827 -0.9888123870 -0.9898697138 0.0099096056 -0.1416324824 0.0166949797 0.9987647533 -0.0468006358
22.6 -86.3 2884.0 0.9758414030 0.0154385297 0.2179340720 0.0400330909 0.9679766893 -0.2478276342 -0.2147811800 0.2505650222 0.9439736009
16.5 -470.7 2784.5 0.9758414030 -0.1033322960 0.1924994588 0.0400330909 0.9507355690 0.3074072897 -0.2147811800 -0.2922744155 0.9319038391
97.7 -56.5 2719.3 -0.8296316266 0.5535553694 0.0727173612 0.4194627106 0.7039538026 -0.5731492639 -0.3684595227 -0.4450005293 -0.8162181973
-122.3 -336.2 2896.1 -0.8296316266 0.3891899288 0.4003031254 0.4194627106 0.9076774716 -0.0131385857 -0.3684595227 0.1570120454 -0.9162886143
284.0 -77.3 2818.7 0 0 0 0 0 0 0 0 0
-26.2 -153.1 2728.8 0 0 0 0 0 0 0 0 0
46.9 -749.9 2870.3 0 0 0 0 0 0 0 0 0
-308.8 -771.2 2820.9 0 0 0 0 0 0 0 0 0
8.2 516.6 2897.9 3 0.4151636958 -0.0808322206 0.9061486125 0.2227112353 0.9747677445 -0.0150846969 -0.8820650578 0.2080720961 0.4226904213
24.3 322.0 2856.4 0.4151636958 -0.0808322206 0.9061486125 0.2227112353 0.9747677445 -0.0150846969 -0.8820650578 0.2080720961 0.4226904213
38.7 126.4 2822.9 0.4173072875 -0.0722304955 0.9058904052 0.1953260452 0.9806675315 -0.0117860567 -0.8875259757 0.1818623990 0.4233482182
-34.4 295.4 2978.4 -0.8175755739 0.1353450865 0.5596891046 0.4994068742 -0.3171816468 0.8062186837 0.2866408527 0.9386572838 0.1917276829
190.6 157.9 2899.5 -0.3681038916 0.1353450865 0.9198811054 0.8634680510 -0.3171816468 0.3921973407 0.3448513746 0.9386572838 -0.0001103596
83.0 348.7 2734.5 -0.5812208652 -0.0625130013 -0.8113411665 -0.8114680052 -0.0300246663 0.5836250782 -0.0608444028 0.9975924492 -0.0332763381
-65.3 141.6 2718.9 0.1503222436 -0.0625130013 -0.9866586924 -0.9884279966 -0.0300246663 -0.1486894935 -0.0203290712 0.9975924492 -0.0663029775
13.7 -93.7 2881.0 0.9718390107 0.0033371453 0.2356220335 0.0543270782 0.9697909355 -0.2378109843 -0.2292977273 0.2439146638 0.9422994256
12.4 -479.0 2784.1 0.9718390107 -0.1247743741 0.1999005675 0.0543270782 0.9440939426 0.3251694441 -0.2292977273 -0.3051523268 0.9242860079
88.3 -65.0 2715.9 -0.8359068632 0.5444332957 0.0696574971 0.4152214825 0.7102493644 -0.5684514046 -0.3589580357 -0.4462490976 -0.8197627068
-128.1 -347.3 2893.2 -0.8359068632 0.3833716810 0.3927924633 0.4152214825 0.9097104073 -0.0042534405 -0.3589580357 0.1595403999 -0.9196172953
285.7 -65.2 2810.4 0 0 0 0 0 0 0 0 0
-22.5 -140.2 2713.1 0 0 0 0 0 0 0 0 0
48.0 -747.9 2871.0 0 0 0 0 0 0 0 0 0
-306.7 -771.1 2818.9 0 0 0 0 0 0 0 0 0
6.7 509.2 2892.4 4 0.4412297606 -0.0871773064 0.8931497335 0.2156304717 0.9764105678 -0.0112206675 -0.8711026311 0.1975411773 0.4496194720
24.0 314.6 2853.0 0.4412297606 -0.0871773064 0.8931497335 0.2156304717 0.9764105678 -0.0112206675 -0.8711026311 0.1975411773 0.4496194720
39.7 118.9 2820.7 0.4432167709 -0.0787267685 0.8929507136 0.1921830028 0.9813190103 -0.0088724373 -0.8755710125 0.1755423546 0.4500669837
-38.3 288.4 2973.3 -0.8262937069 0.1078169420 0.5528238416 0.4995421767 -0.3131178916 0.8077219725 0.2601851523 0.9435744286 0.2048682272
189.2 150.9 2901.6 -0.3791676164 0.1078169420 0.9190252423 0.8644166589 -0.3131178916 0.3933713436 0.3301753402 0.9435744286 0.0255253967
86.3 340.9 2732.7 -0.5782213211 -0.0920340568 -0.8106724620 -0.8124567270 -0.0259729326 0.5824426413 -0.0746601000 0.9954170585 -0.0597555861
-61.3 133.5 2713.7 0.1520028710 -0.0920340568 -0.9840857983 -0.9883103967 -0.0259729326 -0.1502263546 -0.0117336540 0.9954170585 -0.0949061736
14.9 -86.3 2868.1 0.9667301178 0.0128810676 0.2554740906 0.0474904478 0.9723303914 -0.2287319899 -0.2513515353 0.2332546711 0.9393693209
9.8 -472.8 2775.4 0.9667301178 -0.1310714334 0.2196661383 0.0474904478 0.9357820749 0.3493658900 -0.2513515353 -0.3273104727 0.9108733535
91.4 -50.5 2705.5 -0.8389479518 0.5396195054 0.0705488473 0.3963780999 0.6947200894 -0.6002069712 -0.3728950918 -0.4755783677 -0.7967273593
-123.0 -326.5 2894.4 -0.8389479518 0.3657667935 0.4029652774 0.3963780999 0.9180518985 -0.0080708750 -0.3728950918 0.1529555768 -0.9151796699
287.2 -72.5 2816.3 0 0 0 0 0 0 0 0 0
-17.9 -148.2 2710.3 0 0 0 0 0 0 0 0 0
48.4 -748.5 2871.9 0 0 0 0 0 0 0 0 0
-300.5 -772.0 2820.2 0 0 0 0 0 0 0 0 0
7.6 509.5 2899.6 5 0.4394498169 -0.0720479786 0.8953730464 0.2305830270 0.9724257588 -0.0349221528 -0.8681678176 0.2218043655 0.4439453781
21.9 316.7 2855.6 0.4394498169 -0.0720479786 0.8953730464 0.2305830270 0.9724257588 -0.0349221528 -0.8681678176 0.2218043655 0.4439453781
35.6 121.5 2819.1 0.4411503971 -0.0689740553 0.8947786689 0.2070634365 0.9779630899 -0.0267016180 -0.8732187748 0.1970553845 0.4457108080
-40.1 288.4 2975.6 -0.8205466270 0.1090429798 0.5610818863 0.5012608171 -0.3344297707 0.7980566025 0.2746649384 0.9360910058 0.2197562456
185.7 150.4 2899.9 -0.3697982430 0.1090429798 0.9226911068 0.8604686260 -0.3344297707 0.3843832314 0.3504896462 0.9360910058 0.0298434719
83.9 345.0 2735.6 -0.5859557390 -0.0879431143 -0.8055568337 -0.8053779602 -0.0466749780 0.5909211636 -0.0895667970 0.9950313568 -0.0434779674
-65.7 139.4 2712.8 0.1428939551 -0.0879431143 -0.9858231544 -0.9891617298 -0.0466749780 -0.1392140985 -0.0337703563 0.9950313568 -0.0936595276
14.7 -93.8 2866.1 0.9590234756 0.0168797616 0.2828233540 0.0454151109 0.9761578441 -0.2122578323 -0.2796630859 0.2164046913 0.9353916645
8.0 -481.8 2780.1 0.9590234756 -0.1365992427 0.2482229322 0.0454151109 0.9388878345 0.3412142396 -0.2796630859 -0.3159593940 0.9066191316
96.0 -58.5 2705.6 -0.8122255206 0.5645267367 0.1469670385 0.3649273813 0.6882740259 -0.6269823909 -0.4551019073 -0.4556187689 -0.7650449276
-128.3 -331.9 2886.6 -0.8122255206 0.3444799185 0.4707688689 0.3649273813 0.9296571612 -0.0506509990 -0.4551019073 0.1306564212 -0.8808014393
281.3 -71.9 2809.4 0 0 0 0 0 0 0 0 0
-25.0 -142.6 2703.2 0 0 0 0 0 0 0 0 0
46.7 -747.8 2869.7 0 0 0 0 0 0 0 0 0
-291.0 -770.9 2824.9 0 0 0 0 0 0 0 0 0
7.8 509.1 2892.7 6 0.4369038343 -0.0634783953 0.8972656131 0.2009528726 0.9791840315 -0.0285757594 -0.8767741919 0.1927929521 0.4405654073
20.4 314.3 2854.3 0.4369038343 -0.0634783953 0.8972656131 0.2009528726 0.9791840315 -0.0285757594 -0.8767741919 0.1927929521 0.4405654073
32.3 118.2 2822.6 0.4381300807 -0.0595445111 0.8969372511 0.1813928932 0.9831337333 -0.0233388320 -0.8804195523 0.1729234904 0.4415414333
-41.2 289.6 2975.3 -0.8147253394 0.1112906188 0.5690667629 0.5150505304 -0.3119186163 0.7983919382 0.2663560510 0.9435683489 0.1968076974
183.1 147.8 2901.9 -0.3605191112 0.1112906188 0.9260887504 0.8721147776 -0.3119186163 0.3769915700 0.3308199346 0.9435683489 0.0153944232
82.0 339.1 2733.4 -0.5932914019 -0.0829066187 -0.8007070422 -0.8022489548 -0.0210861955 0.5966171622 -0.0663473755 0.9963341951 -0.0540014878
-69.4 134.3 2716.4 0.1342561394 -0.0829066187 -0.9874724150 -0.9908981919 -0.0210861955 -0.1329515427 -0.0097994739 0.9963341951 -0.0849829689
8.8 -91.8 2860.0 0.9581723809 0.0017940419 0.2861860096 0.0535458997 0.9811981320 -0.1854266375 -0.2811378539 0.1929947734 0.9400609136
8.1 -481.7 2783.3 0.9579734206 -0.1424051523 0.2490134984 0.0548699275 0.9430135489 0.3281992972 -0.2815603614 -0.3007428348 0.9111956358
89.8 -53.8 2699.8 -0.8131744266 0.5561078191 0.1717308164 0.3341261148 0.6876383424 -0.6446031928 -0.4765575528 -0.4667950869 -0.7449800372
-131.2 -327.1 2885.3 -0.8131744266 0.3159860671 0.4887741804 0.3341261148 0.9410650730 -0.0524999760 -0.4765575528 0.1206205785 -0.8708292246
276.2 -77.5 2816.5 0 0 0 0 0 0 0 0 0
-31.2 -148.2 2713.6 0 0 0 0 0 0 0 0 0
47.4 -742.1 2866.3 0 0 0 0 0 0 0 0 0
-281.1 -773.5 2828.1 0 0 0 0 0 0 0 0 0
3.8 507.2 2877.7 7 0.4731021225 -0.0697984993 0.8782383204 0.1717478931 0.9850381017 -0.0142331608 -0.8641047478 0.1575693190 0.4780113697
17.8 310.8 2846.3 0.4731021225 -0.0697984993 0.8782383204 0.1717478931 0.9850381017 -0.0142331608 -0.8641047478 0.1575693190 0.4780113697
29.6 113.8 2820.5 0.4742311835 -0.0600280054 0.8783515096 0.1545903981 0.9878498316 -0.0159536693 -0.8667217493 0.1433504373 0.4777489603
-48.8 289.7 2965.3 -0.8213762045 0.0713566020 0.5659057498 0.5266161561 -0.2862834036 0.8004481196 0.2191266865 0.9554842114 0.1975688338
177.3 144.7 2905.0 -0.3678044081 0.0713566020 0.9271613359 0.8828697801 -0.2862834036 0.3722670376 0.2919946015 0.9554842114 0.0422977023
84.3 331.8 2727.3 -0.5953636169 -0.1229026541 -0.7940006852 -0.8005624413 0.0069422461 0.5992091298 -0.0681322515 0.9923944473 -0.1025244072
-67.7 127.4 2709.9 0.1280904561 -0.1229026541 -0.9841177464 -0.9915003777 0.0069422461 -0.1299183518 0.0227992982 0.9923944473 -0.1209687963
3.9 -93.8 2869.0 0.9605913162 -0.0063741426 0.2778915167 0.0693718866 0.9735993743 -0.2174667567 -0.2691688538 0.2281745374 0.9356732965
