112.2 485.8 2783.6 41 0.9869199991 0.1600522697 -0.0192920435 -0.1593565345 0.9866558909 0.0334007144 0.0243804697 -0.0298895203 0.9992558360
79.7 285.6 2789.6 0.9869199991 0.1600522697 -0.0192920435 -0.1593565345 0.9866558909 0.0334007144 0.0243804697 -0.0298895203 0.9992558360
49.3 92.3 2795.3 0.9876544476 0.1554385126 -0.0194311459 -0.1547610164 0.9874162078 0.0325303376 0.0242430959 -0.0291215498 0.9992818236
-61.0 307.7 2786.2 0.4283162653 -0.8726507425 -0.2345759124 0.8841340542 0.3510778248 0.3083039522 -0.1866872609 -0.3394481540 0.9219126105
-181.6 58.7 2838.8 0.2268401086 -0.8726507425 -0.4324630201 0.9069723487 0.3510778248 -0.2326918691 0.3548868895 -0.3394481540 0.8711086512
220.4 263.6 2793.1 0.1948733181 0.6902754307 0.6968100667 -0.9780172706 0.0830034465 0.1912920773 0.0742065832 -0.7187699676 0.6912764311
278.0 -25.7 2815.0 0.3539756835 0.6119856834 0.7072303295 -0.9166216254 0.3772025406 0.1323744357 -0.1857578307 -0.6951199770 0.6944798231
-74.8 -90.7 2793.9 0.8456516862 0.1002409831 -0.5242375135 -0.2162925452 0.9623024464 -0.1648985595 0.4879454672 0.2528354228 0.8354540467
-114.0 -467.5 2694.9 0.8153169155 0.2755069733 -0.5092683434 -0.3494305313 0.9354414344 -0.0533628091 0.4616888762 0.2214615047 0.8589518070
103.9 -117.6 2794.4 0.9428573847 0.0032579629 -0.3331806064 -0.0093320031 0.9998181462 -0.0166317523 0.3330658376 0.0187906120 0.9427163005
102.7 -509.0 2787.0 0.9391598105 0.0847459286 -0.3328618407 -0.1146364361 0.9908545613 -0.0711737946 0.3237859905 0.1050016582 0.9402857423
-242.5 -184.5 2743.6 0 0 0 0 0 0 0 0 0
377.4 -283.0 2762.9 0 0 0 0 0 0 0 0 0
-212.2 -800.6 2616.0 0 0 0 0 0 0 0 0 0
77.2 -806.6 2755.5 0 0 0 0 0 0 0 0 0
118.3 479.9 2779.9 42 0.9849169254 0.1690612286 0.0368363596 -0.1706016511 0.9843708277 0.0436935462 -0.0288737528 -0.0493188575 0.9983656406
84.0 279.8 2790.0 0.9849169254 0.1690612286 0.0368363596 -0.1706016511 0.9843708277 0.0436935462 -0.0288737528 -0.0493188575 0.9983656406
51.2 86.9 2799.2 0.9851354361 0.1678651124 0.0364623889 -0.1693248302 0.9846858382 0.0415079966 -0.0289362539 -0.0470649861 0.9984726310
-56.2 303.9 2794.1 0.4055950046 -0.8883622289 -0.2151865959 0.8944736719 0.3372859657 0.2935217619 -0.1881742328 -0.3115296960 0.9314181209
-165.3 63.3 2844.7 0.2243727595 -0.8883622289 -0.4005863667 0.9108746648 0.3372859657 -0.2377930135 0.3463584781 -0.3115296960 0.8848643899
224.1 255.6 2785.9 0.1787158549 0.6569356322 0.7324590087 -0.9771919250 0.0317259021 0.2099746466 0.1147019044 -0.7532788515 0.6476221085
274.4 -19.6 2818.2 0.3123668730 0.5798477530 0.7524649501 -0.8981105089 0.4383733571 0.0350184515 -0.3095552325 -0.6867352724 0.6577006578
-70.4 -87.1 2798.8 0.8705285788 0.0949945897 -0.4828622639 -0.2043968141 0.9623510242 -0.1791714579 0.4476627111 0.2546693981 0.8571707010
-107.6 -464.0 2699.1 0.8428353071 0.2604175210 -0.4709685445 -0.3358609378 0.9383165240 -0.0822165757 0.4205069244 0.2274749726 0.8783103228
108.1 -115.1 2803.2 0.9597741365 -0.0042578098 -0.2807408571 -0.0014815700 0.9997943044 -0.0202282853 0.2807692289 0.0198305231 0.9595704079
109.8 -506.6 2795.4 0.9538102746 0.1099618673 -0.2795610726 -0.1422384232 0.9849830270 -0.0978601798 0.2646020055 0.1331043690 0.9551277161
-226.1 -183.5 2750.8 0 0 0 0 0 0 0 0 0
361.9 -271.1 2731.5 0 0 0 0 0 0 0 0 0
-200.9 -800.2 2617.6 0 0 0 0 0 0 0 0 0
76.4 -805.1 2755.1 0 0 0 0 0 0 0 0 0
127.7 481.5 2778.1 43 0.9859759808 0.1641057283 0.0303422082 -0.1656836867 0.9843466282 0.0600882992 -0.0200064164 -0.0642728284 0.9977318048
94.3 281.5 2791.2 0.9859759808 0.1641057283 0.0303422082 -0.1656836867 0.9843466282 0.0600882992 -0.0200064164 -0.0642728284 0.9977318048
62.6 88.6 2803.2 0.9862754941 0.1623840779 0.0298674032 -0.1638772935 0.9848195910 0.0572245978 -0.0201216396 -0.0613338053 0.9979144931
-46.1 304.8 2794.0 0.3792439401 -0.9108957648 -0.1626129597 0.9041250348 0.3274200857 0.2745068669 -0.1968043894 -0.2511275113 0.9477357268
-150.2 56.6 2848.1 0.2316719145 -0.9108957648 -0.3414631188 0.9094195366 0.3274200857 -0.2564218044 0.3453754187 -0.2511275113 0.9042404294
234.8 258.1 2788.3 0.1233281046 0.9476490617 -0.2945359945 -0.9856477976 0.1514508724 0.0745722204 0.1152760312 0.2811119258 0.9527263641
270.4 -26.4 2821.6 0.2699677944 0.9476490617 -0.1705246717 -0.8501552343 0.1514508724 -0.5042803884 -0.4520547390 0.2811119258 0.8465356231
-70.5 -90.6 2811.1 0.8686003685 0.0749776885 -0.4898079038 -0.1951538622 0.9603576064 -0.1990685016 0.4554650486 0.2684988678 0.8487991095
-99.8 -466.6 2706.0 0.8364391923 0.2664246857 -0.4789439738 -0.3510742784 0.9315218329 -0.0949419439 0.4208518863 0.2475580722 0.8726962209
107.3 -121.2 2805.9 0.9579405189 -0.0174803175 -0.2864338756 0.0100952163 0.9995779395 -0.0272395257 0.2867891490 0.0232022330 0.9577127099
114.2 -512.7 2796.8 0.9506973624 0.1237309873 -0.2843679190 -0.1579925120 0.9822818637 -0.1008002758 0.2668573260 0.1407585591 0.9534013867
-213.3 -191.1 2754.0 0 0 0 0 0 0 0 0 0
347.0 -267.6 2693.3 0 0 0 0 0 0 0 0 0
-194.9 -798.9 2617.6 0 0 0 0 0 0 0 0 0
76.9 -808.6 2754.4 0 0 0 0 0 0 0 0 0
136.5 485.9 2777.2 44 0.9870142937 0.1573541462 0.0322867446 -0.1593814939 0.9843769670 0.0748301819 -0.0200074892 -0.0790043697 0.9966734648
104.7 286.7 2793.2 0.9870142937 0.1573541462 0.0322867446 -0.1593814939 0.9843769670 0.0748301819 -0.0200074892 -0.0790043697 0.9966734648
74.3 93.8 2807.8 0.9874027967 0.1550378501 0.0316064134 -0.1569322050 0.9850869179 0.0705410466 -0.0201985314 -0.0746124908 0.9970080256
-36.0 309.1 2796.1 0.3697849810 -0.9179780483 -0.1434411556 0.9064635634 0.3225599527 0.2725414336 -0.2039186805 -0.2308059037 0.9513915181
-137.9 59.2 2852.3 0.2480838299 -0.9179780483 -0.3094684184 0.9209821820 0.3225599527 -0.2185107321 0.3004101813 -0.2308059037 0.9254633188
245.3 264.3 2790.3 0.0588693060 0.9577423930 -0.2815384865 -0.9936634302 0.0832692459 0.0754930973 0.0957464352 0.2753102779 0.9565755725
262.7 -27.8 2818.4 0.2288093418 0.9577423930 -0.1742865443 -0.8005671501 0.0832692459 -0.5934293866 -0.5538398027 0.2753102779 0.7857899070
-58.3 -89.4 2817.1 0.8692198396 0.0892584845 -0.4863021076 -0.2043969929 0.9604586959 -0.1890529394 0.4501985013 0.2637272775 0.8530939221
-93.2 -465.5 2713.8 0.8355988264 0.2723938525 -0.4770494998 -0.3630534708 0.9255537987 -0.1074351221 0.4122703373 0.2629671395 0.8722851872
119.9 -119.0 2813.4 0.9588083625 0.0080214962 -0.2839405239 -0.0208832081 0.9988867044 -0.0422990993 0.2832851112 0.0464863181 0.9579084516
116.8 -510.0 2795.2 0.9502465725 0.1279507577 -0.2840071619 -0.1588697135 0.9833205938 -0.0885498598 0.2679400742 0.1292643398 0.9547244906
-205.6 -192.0 2770.3 0 0 0 0 0 0 0 0 0
327.2 -253.7 2662.2 0 0 0 0 0 0 0 0 0
-191.9 -800.8 2618.5 0 0 0 0 0 0 0 0 0
77.6 -811.0 2755.7 0 0 0 0 0 0 0 0 0
141.4 483.9 2778.2 45 0.9877151251 0.1533907950 0.0298342388 -0.1554265171 0.9840968847 0.0859991983 -0.0161682963 -0.0895797461 0.9958484173
110.4 285.5 2796.3 0.9877151251 0.1533907950 0.0298342388 -0.1554265171 0.9840968847 0.0859991983 -0.0161682963 -0.0895797461 0.9958484173
80.8 92.7 2812.7 0.9880858660 0.1511511803 0.0289762840 -0.1530294567 0.9849413633 0.0804520324 -0.0163795203 -0.0839277431 0.9963372350
-30.4 307.3 2798.6 0.3614149392 -0.9205066562 -0.1484813988 0.9087491632 0.3121072054 0.2770633698 -0.2086965591 -0.2350671738 0.9493098259
-127.8 62.3 2854.9 0.2406173050 -0.9221487641 -0.3028943241 0.9329445958 0.3058283925 -0.1899561733 0.2678015232 -0.2368768752 0.9339013100
251.2 263.7 2793.9 0.0265892036 0.9799239039 -0.1975908130 -0.9984338284 0.0357659757 0.0430200957 0.0492234491 0.1961374879 0.9793401361
259.1 -30.2 2808.4 0.1569318920 0.9799239039 -0.1229695082 -0.7451503277 0.0357659757 -0.6659367681 -0.6481692195 0.1961374879 0.7358034849
-45.2 -84.9 2824.3 0.8674931526 0.1006946564 -0.4871511161 -0.2119673938 0.9607683420 -0.1788685620 0.4500282705 0.2584274113 0.8548039794
-84.7 -461.2 2723.1 0.8322172165 0.2756890655 -0.4810510278 -0.3773432076 0.9173107743 -0.1270945221 0.4062347412 0.2872915864 0.8674312234
133.2 -113.3 2820.6 0.9572778940 0.0387203358 -0.2865653932 -0.0583066978 0.9964861274 -0.0601308979 0.2832301557 0.0742706656 0.9561718106
118.1 -503.1 2791.5 0.9485952854 0.1333152056 -0.2870436609 -0.1604446322 0.9843376279 -0.0730545968 0.2728085816 0.1153538600 0.9551277161
-193.5 -192.4 2781.8 0 0 0 0 0 0 0 0 0
303.3 -240.5 2625.6 0 0 0 0 0 0 0 0 0
-186.8 -801.0 2616.6 0 0 0 0 0 0 0 0 0
76.5 -809.9 2755.6 0 0 0 0 0 0 0 0 0
147.5 477.2 2777.8 46 0.9877171516 0.1556710452 -0.0134660508 -0.1535208970 0.9828838706 0.1018362939 0.0290885270 -0.0985181406 0.9947100282
116.2 279.5 2797.6 0.9877171516 0.1556710452 -0.0134660508 -0.1535208970 0.9828838706 0.1018362939 0.0290885270 -0.0985181406 0.9947100282
86.2 86.8 2815.6 0.9881396294 0.1528777182 -0.0144401817 -0.1508280635 0.9839239717 0.0956268162 0.0288272500 -0.0923146605 0.9953125119
-24.5 301.0 2793.5 0.3583973050 -0.9161573052 -0.1794637293 0.9025706053 0.2909089625 0.3173928857 -0.2385741919 -0.2757314444 0.9311576486
-120.8 58.6 2857.5 0.2470477223 -0.9109796882 -0.3302777410 0.9370116591 0.3114448190 -0.1581496596 0.2469344139 -0.2704035938 0.9305403233
256.8 258.1 2801.7 0.0016678664 0.9931362867 -0.1169510856 -0.9999721050 0.0025074086 0.0070318170 0.0072767967 0.1169360951 0.9931128025
257.3 -35.6 2803.8 0.0908948481 0.9931362867 -0.0736102164 -0.6457470655 0.0025074086 -0.7635473013 -0.7581219077 0.1169360951 0.6415427327
-38.0 -86.4 2830.7 0.8450092673 0.1047308221 -0.5243956447 -0.2281015962 0.9575380087 -0.1763252914 0.4836620688 0.2686119974 0.8330177665
-79.1 -461.4 2725.5 0.8084878325 0.2827038169 -0.5161646605 -0.3907075524 0.9137337208 -0.1115270033 0.4401079714 0.2918376625 0.8491971493
140.5 -114.1 2827.7 0.9428014159 0.0558735430 -0.3286390305 -0.0824521258 0.9943070412 -0.0674920604 0.3229970932 0.0907286033 0.9420409799
118.7 -503.2 2792.2 0.9352740645 0.1319405884 -0.3284115195 -0.1612312794 0.9848723412 -0.0634898692 0.3150665164 0.1123306379 0.9423984885
-188.3 -197.5 2790.0 0 0 0 0 0 0 0 0 0
283.3 -220.0 2587.3 0 0 0 0 0 0 0 0 0
-184.3 -801.6 2616.8 0 0 0 0 0 0 0 0 0
77.8 -808.4 2757.4 0 0 0 0 0 0 0 0 0
155.0 481.3 2787.0 47 0.9860023856 0.1665490419 0.0077946992 -0.1666107178 0.9824338555 0.0840507746 0.0063407985 -0.0841729417 0.9964309931
121.2 281.8 2804.1 0.9860023856 0.1665490419 0.0077946992 -0.1666107178 0.9824338555 0.0840507746 0.0063407985 -0.0841729417 0.9964309931
90.1 89.1 2819.8 0.9873201251 0.1585837454 0.0070787081 -0.1586401463 0.9841127992 0.0797201395 0.0056760716 -0.0798322707 0.9967921376
-19.4 304.4 2803.3 0.3530950248 -0.9211751223 -0.1635857224 0.9101069570 0.2976589501 0.2882784307 -0.2168621570 -0.2506701946 0.9434698224
-117.0 52.7 2863.3 0.2564668953 -0.9172182679 -0.3048529923 0.9377108216 0.3125884235 -0.1516141444 0.2343567759 -0.2469799519 0.9402540922
261.8 259.3 2804.9 -0.0235135872 0.9987547398 -0.0440012030 -0.9979253411 -0.0260871854 -0.0588596314 -0.0599342026 0.0425259136 0.9972960353
254.7 -42.5 2786.8 0.0200336259 0.9987547398 -0.0456907935 -0.5709424615 -0.0260871854 -0.8205755353 -0.8207456470 0.0425259136 0.5697088242
-33.0 -92.2 2831.1 0.8546364903 0.1143417135 -0.5064804554 -0.2296166718 0.9581139684 -0.1711544544 0.4656959176 0.2625711858 0.8450939059
-77.8 -467.5 2728.3 0.8194040060 0.2784973681 -0.5010153055 -0.3890251815 0.9121178389 -0.1292303205 0.4209946692 0.3007993996 0.8557354808
145.4 -119.5 2836.3 0.9486443996 0.0674084574 -0.3090790808 -0.0949712172 0.9926507473 -0.0749997571 0.3017519712 0.1005017161 0.9480744600
119.1 -508.1 2797.0 0.9409244657 0.1373233348 -0.3095213473 -0.1701689810 0.9820295572 -0.0816117749 0.2927519083 0.1294614524 0.9473838210
-186.7 -202.2 2799.6 0 0 0 0 0 0 0 0 0
260.4 -204.1 2554.5 0 0 0 0 0 0 0 0 0
-181.0 -805.6 2616.8 0 0 0 0 0 0 0 0 0
77.4 -805.8 2757.7 0 0 0 0 0 0 0 0 0
159.9 480.8 2781.1 48 0.9845986366 0.1717061400 0.0329013467 -0.1742291152 0.9792714715 0.1033035591 -0.0144814951 -0.1074449196 0.9941055775
124.5 279.2 2803.3 0.9845986366 0.1717061400 0.0329013467 -0.1742291152 0.9792714715 0.1033035591 -0.0144814951 -0.1074449196 0.9941055775
91.8 87.1 2822.7 0.9853957295 0.1673368812 0.0315219834 -0.1696208715 0.9808879495 0.0953288451 -0.0149675021 -0.0992834195 0.9949465990
-15.8 303.3 2805.4 0.3500209153 -0.9250859618 -0.1473135352 0.9115030169 0.3000930846 0.2812586129 -0.2159806192 -0.2327231169 0.9482575059
-114.1 47.3 2866.1 0.2720730305 -0.9212735891 -0.2779051661 0.9422618151 0.3136579394 -0.1173089296 0.1952407807 -0.2299428433 0.9534187317
264.9 255.0 2801.1 -0.0398673266 0.9989646673 0.0219122563 -0.9964178801 -0.0381097682 -0.0754921064 -0.0745788738 -0.0248434320 0.9969056249
252.8 -47.0 2778.5 -0.0402231514 0.9989646673 -0.0212520268 -0.4848080575 -0.0381097682 -0.8737899065 -0.8736951947 -0.0248434320 0.4858390093
-30.2 -89.3 2834.9 0.8649284244 0.1090057641 -0.4899148643 -0.2153265923 0.9623236060 -0.1660355181 0.4533578157 0.2491005361 0.8558128476
-72.8 -466.2 2737.3 0.8274325728 0.2776861489 -0.4881042838 -0.3932284117 0.9070255756 -0.1505857259 0.4009074867 0.3165360093 0.8596965671
148.2 -117.9 2835.9 0.9549143910 0.0721421167 -0.2879826427 -0.0945461169 0.9934195280 -0.0646430105 0.2814241052 0.0889561847 0.9554513693
120.0 -506.9 2801.1 0.9468657374 0.1392410547 -0.2899261415 -0.1726742983 0.9805788994 -0.0929979384 0.2713463306 0.1381193548 0.9525199533
-187.2 -205.8 2813.6 0 0 0 0 0 0 0 0 0
241.5 -183.5 2532.7 0 0 0 0 0 0 0 0 0
-177.5 -808.0 2618.0 0 0 0 0 0 0 0 0 0
77.1 -808.4 2758.6 0 0 0 0 0 0 0 0 0
163.3 480.7 2788.7 49 0.9825327992 0.1745813787 0.0644253269 -0.1796663851 0.9801293015 0.0840630084 -0.0484693088 -0.0941697285 0.9943755865
127.8 281.2 2807.9 0.9825327992 0.1745813787 0.0644253269 -0.1796663851 0.9801293015 0.0840630084 -0.0484693088 -0.0941697285 0.9943755865
93.9 89.1 2824.9 0.9828867912 0.1730574965 0.0631241277 -0.1776693463 0.9810949564 0.0767222270 -0.0486534052 -0.0866244882 0.9950522780
-12.1 306.5 2814.8 0.3609532118 -0.9256340265 -0.1136417389 0.9079532027 0.3209801018 0.2694303691 -0.2129171789 -0.2004331499 0.9562911987
-116.1 45.1 2876.1 0.2889970541 -0.9260332584 -0.2427820712 0.9425023198 0.3196812868 -0.0974334478 0.1678394973 -0.2006646842 0.9651753902
267.8 256.0 2800.9 -0.0574680604 0.9969856739 0.0521249175 -0.9968858361 -0.0544815548 -0.0570123494 -0.0540006496 -0.0552389808 0.9970118403
250.5 -43.6 2784.7 -0.0722726136 0.9969856739 -0.0282179713 -0.3932037652 -0.0544815548 -0.9178357720 -0.9166064858 -0.0552389808 0.3959560394
-30.0 -89.6 2843.5 0.8788868785 0.0974318534 -0.4669742286 -0.2108495384 0.9574474096 -0.1970708519 0.4279022813 0.2716642916 0.8620314002
-68.1 -464.5 2737.2 0.8410704732 0.2798072696 -0.4629345238 -0.3900092244 0.9067072272 -0.1605453193 0.3748243451 0.3155786693 0.8717320561
148.1 -120.3 2840.9 0.9636620283 0.0705395639 -0.2576425076 -0.0898184106 0.9939108491 -0.0638270304 0.2515713274 0.0846487209 0.9641299248
120.4 -509.6 2807.7 0.9554244876 0.1378941238 -0.2610541880 -0.1731175184 0.9779236317 -0.1170285568 0.2391535044 0.1570049971 0.9582040906
-193.3 -206.7 2831.3 0 0 0 0 0 0 0 0 0
230.3 -153.8 2528.0 0 0 0 0 0 0 0 0 0
-174.3 -808.6 2617.4 0 0 0 0 0 0 0 0 0
78.5 -806.8 2760.0 0 0 0 0 0 0 0 0 0
165.6 479.1 2792.5 50 0.9771806598 0.1873951554 0.1000050828 -0.1950047910 0.9781106114 0.0726134107 -0.0842086300 -0.0904578865 0.9923337698
127.8 281.4 2810.8 0.9771806598 0.1873951554 0.1000050828 -0.1950047910 0.9781106114 0.0726134107 -0.0842086300 -0.0904578865 0.9923337698
91.2 89.8 2827.3 0.9774794579 0.1864622682 0.0988216624 -0.1934406906 0.9788612127 0.0664187446 -0.0843480974 -0.0840390921 0.9928861260
-11.4 309.0 2822.8 0.3581415117 -0.9304189682 -0.0778153911 0.9087766409 0.3282650113 0.2576182187 -0.2141487896 -0.1629805863 0.9631083012
-114.7 46.9 2884.6 0.3394064605 -0.9176743031 -0.2065845281 0.9252517223 0.3652658463 -0.1024214029 0.1694477648 -0.1563801914 0.9730532765
266.9 253.9 2798.8 -0.0531819612 0.9943534136 0.0918310657 -0.9957702756 -0.0459077172 -0.0795865804 -0.0749214292 -0.0956752151 0.9925890565
250.9 -45.1 2776.3 -0.1053068414 0.9943534136 -0.0131047415 -0.3155329227 -0.0459077172 -0.9478034973 -0.9430532455 -0.0956752151 0.3185856342
-28.8 -86.9 2846.3 0.8938916922 0.0888552740 -0.4393886626 -0.1895551234 0.9631414413 -0.1908596307 0.4062345326 0.2538962066 0.8777871132
-63.6 -464.1 2746.8 0.8542771935 0.2779544890 -0.4392627478 -0.3905519843 0.9008657932 -0.1894992739 0.3430446088 0.3334398568 0.8781448007
148.7 -119.0 2837.5 0.9719257355 0.0711613074 -0.2242685407 -0.0861381516 0.9946104884 -0.0577080920 0.2189532518 0.0754060596 0.9728172421
120.9 -508.6 2807.9 0.9639714360 0.1361328065 -0.2285322100 -0.1675624698 0.9780049920 -0.1242138371 0.2065960616 0.1580320150 0.9655795693
-205.0 -199.3 2839.5 0 0 0 0 0 0 0 0 0
221.2 -134.3 2509.7 0 0 0 0 0 0 0 0 0
-169.9 -808.7 2619.3 0 0 0 0 0 0 0 0 0
78.9 -810.2 2759.2 0 0 0 0 0 0 0 0 0
168.4 481.2 2794.4 51 0.9758998156 0.1861861050 0.1138171330 -0.1950358450 0.9781330824 0.0722267628 -0.0978806838 -0.0926845074 0.9908728004
130.6 282.8 2813.2 0.9758998156 0.1861861050 0.1138171330 -0.1950358450 0.9781330824 0.0722267628 -0.0978806838 -0.0926845074 0.9908728004
94.4 91.1 2830.2 0.9762862921 0.1847944260 0.1127657220 -0.1929969043 0.9789310098 0.0666801557 -0.0980677456 -0.0868623555 0.9913817048
-8.4 310.3 2827.2 0.3713835776 -0.9260290861 -0.0674120560 0.9047808647 0.3446499705 0.2501759231 -0.2084366232 -0.1539043635 0.9658507109
-118.2 42.8 2888.8 0.3671254218 -0.9097211957 -0.1939749122 0.9175959826 0.3883745372 -0.0847518519 0.1524354666 -0.1468760371 0.9773386717
269.7 255.4 2799.2 -0.0590091236 0.9929844141 0.1024690494 -0.9940306544 -0.0490128323 -0.0974723175 -0.0917661935 -0.1076091304 0.9899491072
251.8 -45.1 2771.5 -0.1164794639 0.9929844141 -0.0203597173 -0.2487519234 -0.0490128323 -0.9673263431 -0.9615378380 -0.1076091304 0.2527157664
-33.6 -84.4 2851.4 0.9012668729 0.0714608580 -0.4273305237 -0.1695480198 0.9658194780 -0.1960771084 0.3987123072 0.2491708398 0.8825771213
-61.5 -462.6 2753.9 0.8596287370 0.2793732882 -0.4277721643 -0.3922386467 0.8973747492 -0.2021568418 0.3273947239 0.3415686190 0.8809900880
142.9 -119.3 2836.2 0.9762470722 0.0517041348 -0.2104003131 -0.0647808537 0.9963417053 -0.0557372607 0.2067487538 0.0680432469 0.9760251641
122.7 -509.5 2809.6 0.9668055773 0.1402850300 -0.2135581076 -0.1698180437 0.9772813916 -0.1268182844 0.1909156591 0.1588746458 0.9686640501
-216.5 -202.9 2848.0 0 0 0 0 0 0 0 0 0
219.3 -114.7 2502.5 0 0 0 0 0 0 0 0 0
-169.9 -810.6 2621.4 0 0 0 0 0 0 0 0 0
79.5 -810.4 2760.6 0 0 0 0 0 0 0 0 0
169.0 480.4 2795.8 52 0.9735653400 0.1821730733 0.1377806664 -0.1933141351 0.9784743786 0.0722325444 -0.1216560304 -0.0969580486 0.9878253341
132.2 282.9 2815.4 0.9735653400 0.1821730733 0.1377806664 -0.1933141351 0.9784743786 0.0722325444 -0.1216560304 -0.0969580486 0.9878253341
96.6 91.1 2833.3 0.9737935662 0.1817183793 0.1367643178 -0.1920862049 0.9791043401 0.0667650029 -0.1217741147 -0.0912858695 0.9883511066
-6.5 310.2 2832.8 0.3920812607 -0.9191288352 -0.0383988246 0.8911690116 0.3691359758 0.2637355626 -0.2282325774 -0.1376256198 0.9638304114
-121.7 48.3 2899.8 0.3831319511 -0.9022200704 -0.1980123520 0.9018725753 0.4117050171 -0.1308621168 0.1995891035 -0.1284444481 0.9714248180
270.9 255.5 2798.1 -0.0611690953 0.9916476607 0.1135482565 -0.9890617728 -0.0449222587 -0.1404949874 -0.1342206895 -0.1209001914 0.9835486412
252.3 -45.1 2757.3 -0.1276116222 0.9916476607 -0.0187119935 -0.2057388723 -0.0449222587 -0.9775753021 -0.9702509046 -0.1209001914 0.2097530812
-30.0 -83.2 2856.1 0.9102187753 0.0772824660 -0.4068528712 -0.1765970886 0.9610641599 -0.2125303149 0.3745868206 0.2652980983 0.8884264827
-60.2 -459.5 2752.2 0.8696024418 0.2815351486 -0.4056224525 -0.3842219114 0.9018036723 -0.1977969557 0.3101050258 0.3278537393 0.8923826218
146.4 -118.0 2838.4 0.9807600379 0.0583972335 -0.1862779111 -0.0689690784 0.9963254929 -0.0507814474 0.1826279461 0.0626518354 0.9811838865
123.6 -508.2 2813.9 0.9713851213 0.1415390223 -0.1907292306 -0.1694735736 0.9756702185 -0.1390909404 0.1664020419 0.1674344391 0.9717386961
-224.1 -192.6 2846.5 0 0 0 0 0 0 0 0 0
216.8 -102.3 2487.4 0 0 0 0 0 0 0 0 0
-170.4 -812.4 2624.0 0 0 0 0 0 0 0 0 0
79.7 -810.5 2762.0 0 0 0 0 0 0 0 0 0
170.5 481.3 2796.6 53 0.9694433212 0.1716255397 0.1752835363 -0.1865166128 0.9797934890 0.0722241104 -0.1593461633 -0.1027104706 0.9818652272
135.7 283.1 2817.3 0.9694433212 0.1716255397 0.1752835363 -0.1865166128 0.9797934890 0.0722241104 -0.1593461633 -0.1027104706 0.9818652272
102.2 91.1 2836.2 0.9697025418 0.1712010056 0.1742618829 -0.1850344092 0.9804874659 0.0663822591 -0.1594968736 -0.0966154933 0.9824592471
-2.3 309.4 2840.0 0.4165055156 -0.9089750051 -0.0169587843 0.8861384988 0.4017313123 0.2310206592 -0.2031791359 -0.1112492085 0.9728010297
-125.1 48.3 2899.9 0.4218659997 -0.8928850889 -0.1574334204 0.8952022791 0.4377239645 -0.0837294906 0.1436731964 -0.1056121290 0.9839736223
273.8 256.7 2794.6 -0.0565899909 0.9883436561 0.1413305998 -0.9800224900 -0.0279556010 -0.1969122142 -0.1906659603 -0.1496504247 0.9701810479
256.8 -37.5 2737.4 -0.1519632936 0.9883436561 0.0091608213 -0.2403108329 -0.0279556010 -0.9702933431 -0.9587271810 -0.1496504247 0.2417579144
-26.9 -83.3 2862.2 0.9242655039 0.0838869065 -0.3724194169 -0.1814015657 0.9548903704 -0.2351123691 0.3358968794 0.2848637104 0.8977894783
-59.8 -457.2 2750.6 0.8842375875 0.2868655920 -0.3685539067 -0.3751579821 0.9062896967 -0.1946674883 0.2781732380 0.3103982508 0.9089953899
149.0 -118.0 2840.2 0.9865322113 0.0680051148 -0.1487599313 -0.0785373971 0.9947170019 -0.0661053732 0.1434785277 0.0768982992 0.9866613150
122.4 -507.6 2810.1 0.9790825248 0.1342319846 -0.1529024839 -0.1547446549 0.9791976810 -0.1312478930 0.1321040988 0.1521633714 0.9794870019
-237.0 -189.3 2861.8 0 0 0 0 0 0 0 0 0
214.8 -103.9 2472.5 0 0 0 0 0 0 0 0 0
-172.7 -814.0 2628.4 0 0 0 0 0 0 0 0 0
80.8 -810.9 2762.9 0 0 0 0 0 0 0 0 0
170.5 481.4 2796.9 54 0.9627995491 0.1646948606 0.2142255306 -0.1821358353 0.9811712503 0.0642614365 -0.1996084005 -0.1008890271 0.9746680856
137.4 284.1 2817.2 0.9627995491 0.1646948606 0.2142255306 -0.1821358353 0.9811712503 0.0642614365 -0.1996084005 -0.1008890271 0.9746680856
105.0 91.8 2835.6 0.9629344344 0.1653049290 0.2131466866 -0.1813335270 0.9817190170 0.0578442998 -0.1996881962 -0.0943509117 0.9753063917
0.3 309.9 2845.6 0.4249801338 -0.9048856497 0.0239550136 0.8790545464 0.4188741148 0.2276128381 -0.2159977257 -0.0756731704 0.9734570384
-124.5 51.6 2909.1 0.4196508229 -0.8973055482 -0.1368794143 0.8924717307 0.4353926480 -0.1180143952 0.1654912531 -0.0726361722 0.9835327268
274.4 258.3 2788.8 -0.0461856797 0.9846172333 0.1685105860 -0.9784405231 -0.0105964784 -0.2062568665 -0.2012984306 -0.1744036973 0.9638787508
260.4 -38.1 2727.8 -0.1714302003 0.9846172333 0.0337730907 -0.2515241802 -0.0105964784 -0.9677929878 -0.9525477886 -0.1744036973 0.2494715750
-18.8 -84.3 2869.5 0.9359014034 0.1054527760 -0.3361075521 -0.1953969598 0.9493064284 -0.2462464720 0.2931016684 0.2961367965 0.9090623856
-60.1 -455.9 2753.6 0.8980082870 0.2898437381 -0.3310161531 -0.3677976429 0.9074253440 -0.2032341361 0.2414662987 0.3042528927 0.9214793444
156.3 -117.7 2840.7 0.9906750321 0.0843247324 -0.1070152968 -0.0897775739 0.9948430657 -0.0471944772 0.1024837568 0.0563619621 0.9931366444
123.3 -507.2 2818.6 0.9842988253 0.1330650300 -0.1159722283 -0.1508140564 0.9753850102 -0.1608700603 0.0917113945 0.1758344471 0.9801383615
-235.3 -184.0 2865.4 0 0 0 0 0 0 0 0 0
212.0 -109.1 2458.9 0 0 0 0 0 0 0 0 0
-174.6 -814.4 2633.4 0 0 0 0 0 0 0 0 0
81.9 -810.8 2763.9 0 0 0 0 0 0 0 0 0
168.9 481.3 2798.1 55 0.9598715901 0.1578183025 0.2318187207 -0.1763652116 0.9824044704 0.0614555553 -0.2180409431 -0.0998741984 0.9708157778
137.1 283.2 2818.2 0.9598715901 0.1578183025 0.2318187207 -0.1763652116 0.9824044704 0.0614555553 -0.2180409431 -0.0998741984 0.9708157778
106.0 90.7 2836.6 0.9600163698 0.1583564878 0.2308501899 -0.1754653007 0.9829236269 0.0554351844 -0.2181295902 -0.0937248841 0.9714088440
0.4 308.2 2849.3 0.4323529303 -0.9007484317 0.0415116586 0.8741551638 0.4299918711 0.2257426679 -0.2211870253 -0.0613128729 0.9733021259
-128.7 47.4 2915.3 0.4319851995 -0.8906095624 -0.1421387792 0.8782171011 0.4512591958 -0.1584293693 0.2052401453 -0.0563895665 0.9770858288
273.8 258.2 2787.2 -0.0222700406 0.9751341343 0.2204936147 -0.9673627615 0.0346655957 -0.2510132194 -0.2524151206 -0.2188873738 0.9425364137
267.0 -36.4 2710.3 -0.1969534308 0.9751341343 0.1016008556 -0.3172537982 0.0346655957 -0.9477068782 -0.9276633859 -0.2188873738 0.3025375009
-14.3 -84.1 2872.1 0.9408963323 0.1181587800 -0.3174155354 -0.2023394704 0.9476502538 -0.2470177114 0.2716116011 0.2966437340 0.9155488014
-60.6 -455.2 2755.9 0.9051588774 0.2888613045 -0.3118438721 -0.3608646989 0.9098966718 -0.2046085745 0.2246422023 0.2977367043 0.9278408885
159.6 -116.8 2836.0 0.9926036596 0.0861562341 -0.0855284333 -0.0879443213 0.9959741831 -0.0173564926 0.0836887434 0.0247498583 0.9961845279
125.8 -506.7 2826.4 0.9856410027 0.1369728744 -0.0987436101 -0.1533441246 0.9709231853 -0.1838307977 0.0706926212 0.1963329166 0.9779856801
-242.6 -184.2 2861.2 0 0 0 0 0 0 0 0 0
211.6 -125.7 2449.3 0 0 0 0 0 0 0 0 0
-174.8 -814.9 2638.2 0 0 0 0 0 0 0 0 0
82.7 -812.7 2764.5 0 0 0 0 0 0 0 0 0
162.5 479.8 2808.2 56 0.9744026661 0.1418296546 0.1744240820 -0.1518981308 0.9873377681 0.0457286127 -0.1657298058 -0.0710527748 0.9836082458
133.8 279.6 2822.6 0.9744026661 0.1418296546 0.1744240820 -0.1518981308 0.9873377681 0.0457286127 -0.1657298058 -0.0710527748 0.9836082458
105.8 86.3 2835.7 0.9742261171 0.1438209862 0.1737784445 -0.1531185508 0.9873458743 0.0412654243 -0.1656446010 -0.0668105558 0.9839197993
-4.8 301.5 2846.1 0.3956272900 -0.9183592200 0.0097674364 0.8834570050 0.3834545910 0.2691956460 -0.2509636581 -0.0978720263 0.9630360007
-124.6 34.0 2922.1 0.4007605314 -0.8993839025 -0.1746414006 0.8872547150 0.4285123050 -0.1707522124 0.2284077704 -0.0865206495 0.9697133899
272.3 257.7 2799.1 0.0066287671 0.9851573110 0.1715257764 -0.9525396228 0.0584255941 -0.2987553179 -0.3043424785 -0.1614047140 0.9387886524
274.3 -23.5 2709.2 -0.1326248497 0.9793617129 0.1525163949 -0.6837761402 0.0209914371 -0.7293898463 -0.7175380588 -0.2010222822 0.6668801904
-11.7 -86.0 2874.6 0.9257830977 0.1169976816 -0.3594958186 -0.2076937258 0.9519547820 -0.2250452787 0.3158940077 0.2830081284 0.9056033492
-57.5 -458.8 2763.7 0.8854504228 0.3014448285 -0.3537069261 -0.3809297979 0.9067493081 -0.1808264554 0.2662143111 0.2948503494 0.9177108407
161.7 -117.7 2835.2 0.9870965481 0.0780506730 -0.1398158371 -0.0799016431 0.9967733026 -0.0076659224 0.1387663633 0.0187385213 0.9901478291
131.2 -508.0 2827.8 0.9765058160 0.1539018601 -0.1508328617 -0.1793586612 0.9684473872 -0.1730321050 0.1194437221 0.1960200518 0.9732981920
-231.4 -202.5 2861.2 0 0 0 0 0 0 0 0 0
240.3 -198.7 2525.4 0 0 0 0 0 0 0 0 0
-174.8 -811.5 2649.1 0 0 0 0 0 0 0 0 0
82.8 -812.1 2766.3 0 0 0 0 0 0 0 0 0
158.2 478.4 2813.7 57 0.9694309235 0.1295906454 0.2083506286 -0.1379087865 0.9901077151 0.0258426648 -0.2029406130 -0.0537860617 0.9777127504
132.1 278.6 2824.6 0.9694309235 0.1295906454 0.2083506286 -0.1379087865 0.9901077151 0.0258426648 -0.2029406130 -0.0537860617 0.9777127504
106.5 84.7 2834.3 0.9694038033 0.1306525916 0.2078126967 -0.1381148100 0.9901773930 0.0217493046 -0.2029298246 -0.0497858711 0.9779267907
-5.8 298.2 2853.4 0.3565538824 -0.9335669875 0.0363598391 0.9043330550 0.3546391726 0.2375136912 -0.2346295565 -0.0518050231 0.9707034826
-111.8 29.4 2923.2 0.3705221713 -0.9181567430 -0.1403620839 0.8901047707 0.3941757977 -0.2287770212 0.2653805017 -0.0401700065 0.9633066058
270.0 258.9 2795.7 0.0179054346 0.9781166911 0.2072850615 -0.9546621442 0.0783399642 -0.2871986628 -0.2971525192 -0.1927447766 0.9351736903
275.4 -27.8 2706.5 -0.0667109415 0.9761462212 0.2066112608 -0.8791912198 0.0404013805 -0.4747531116 -0.4717758298 -0.2133220285 0.8555240035
-10.1 -93.1 2863.8 0.9398055673 0.1240110993 -0.3184128404 -0.1935727149 0.9610997438 -0.1970199198 0.2815938592 0.2467964590 0.9272520542
-58.7 -469.3 2767.2 0.8951480985 0.3119391799 -0.3184397221 -0.3844325840 0.9018384218 -0.1972283274 0.2256579399 0.2989671528 0.9271985292
165.6 -120.9 2834.0 0.9913150072 0.0815678835 -0.1031561643 -0.0829083174 0.9965186119 -0.0087667387 0.1020819545 0.0172431041 0.9946265221
133.7 -511.2 2827.2 0.9791753292 0.1670291871 -0.1153990328 -0.1856598854 0.9666971564 -0.1761447191 0.0821346119 0.1939015388 0.9775766730
-211.4 -209.8 2851.8 0 0 0 0 0 0 0 0 0
258.4 -252.2 2586.1 0 0 0 0 0 0 0 0 0
-177.2 -812.0 2653.6 0 0 0 0 0 0 0 0 0
81.7 -812.2 2766.8 0 0 0 0 0 0 0 0 0
152.9 480.4 2817.0 58 0.9745956659 0.1064159274 0.1970759928 -0.1137957424 0.9931513071 0.0264756493 -0.1929088533 -0.0482294634 0.9800306559
131.5 280.9 2826.7 0.9745956659 0.1064159274 0.1970759928 -0.1137957424 0.9931513071 0.0264756493 -0.1929088533 -0.0482294634 0.9800306559
110.3 86.5 2835.1 0.9745202661 0.1081933305 0.1964800358 -0.1144933328 0.9932028651 0.0209596027 -0.1928768456 -0.0429212116 0.9802837968
-7.2 297.2 2854.1 0.3332551122 -0.9427044392 0.0157897193 0.9183813334 0.3283551335 0.2208136171 -0.2133466303 -0.0590862893 0.9751881957
-105.0 27.8 2916.7 0.3554068804 -0.9246892929 -0.1365124285 0.8997589946 0.3780135512 -0.2180354744 0.2532186210 -0.0453369841 0.9663461447
270.2 264.6 2799.3 0.0223295391 0.9789046049 0.2030938417 -0.9587202668 0.0785669386 -0.2732813358 -0.2834728360 -0.1886079460 0.9402500987
277.2 -33.7 2711.1 -0.0272275414 0.9788292646 0.2028592825 -0.9642208815 0.0278166886 -0.2636367083 -0.2636981905 -0.2027793378 0.9430502653
-6.5 -96.7 2862.3 0.9378302097 0.1338697225 -0.3202396333 -0.1986729950 0.9635781050 -0.1790147126 0.2846112251 0.2315083593 0.9302689433
-58.9 -473.9 2771.7 0.8925646544 0.3144119084 -0.3232236505 -0.3894307911 0.8988447189 -0.2010517567 0.2273148000 0.3053249419 0.9247186780
168.4 -121.6 2825.8 0.9899672866 0.0854921490 -0.1124982312 -0.0858021528 0.9963099957 0.0020920816 0.1122619733 0.0075814985 0.9936497211
134.9 -511.8 2822.8 0.9767214656 0.1743367165 -0.1249874160 -0.1933717430 0.9677911997 -0.1612065881 0.0928574875 0.1816229820 0.9789742231
-200.3 -213.5 2848.8 0 0 0 0 0 0 0 0 0
270.1 -285.3 2642.3 0 0 0 0 0 0 0 0 0
-177.0 -811.3 2657.1 0 0 0 0 0 0 0 0 0
81.0 -811.1 2766.6 0 0 0 0 0 0 0 0 0
147.5 484.3 2819.6 59 0.9860081077 0.0864397362 0.1425347626 -0.0912929922 0.9954344034 0.0278566722 -0.1394760758 -0.0404793322 0.9893977046
130.0 283.1 2827.8 0.9860081077 0.0864397362 0.1425347626 -0.0912929922 0.9954344034 0.0278566722 -0.1394760758 -0.0404793322 0.9893977046
111.9 88.3 2835.7 0.9854568243 0.0927665830 0.1423701793 -0.0974162295 0.9949033260 0.0260286927 -0.1392299682 -0.0395193174 0.9894711971
-10.1 296.9 2847.6 0.2932048440 -0.9556670785 -0.0270438120 0.9239209294 0.2759665251 0.2649765611 -0.2457661927 -0.1026787534 0.9638755322
-92.9 36.2 2917.0 0.3313597441 -0.9300243855 -0.1589195281 0.9141591787 0.3581480384 -0.1898498386 0.2334816903 -0.0823691636 0.9688661695
270.1 269.2 2808.0 0.0287414920 0.9872700572 0.1564344615 -0.9603438973 0.0706931725 -0.2697074413 -0.2773329318 -0.1424790770 0.9501506090
279.3 -37.2 2719.6 -0.0120794522 0.9882515669 0.1523577720 -0.9865112305 0.0130974185 -0.1631689519 -0.1632474661 -0.1522736400 0.9747630358
1.2 -97.6 2860.9 0.9194329977 0.1500358284 -0.3634999394 -0.2184390873 0.9634888172 -0.1548343152 0.3269974291 0.2217623740 0.9186370969
-57.5 -474.9 2774.1 0.8709555864 0.3261167705 -0.3675379753 -0.4111240804 0.8933053017 -0.1816110909 0.2690972090 0.3092789054 0.9121037722
177.2 -118.3 2826.1 0.9804418087 0.1057412624 -0.1659899801 -0.1059722751 0.9943408966 0.0074897157 0.1658425927 0.0102471057 0.9860990047
135.8 -507.7 2822.1 0.9690384269 0.1691404134 -0.1798778623 -0.1955022216 0.9705765843 -0.1405700594 0.1508091688 0.1713843048 0.9735933542
-181.6 -208.6 2854.5 0 0 0 0 0 0 0 0 0
276.1 -302.9 2675.6 0 0 0 0 0 0 0 0 0
-181.1 -813.2 2657.0 0 0 0 0 0 0 0 0 0
82.8 -811.6 2768.5 0 0 0 0 0 0 0 0 0
147.1 484.8 2821.5 60 0.9831845164 0.0757708997 0.1661534607 -0.0801372826 0.9965886474 0.0197246373 -0.1640921086 -0.0327080451 0.9859026074
131.8 284.1 2828.0 0.9831845164 0.0757708997 0.1661534607 -0.0801372826 0.9965886474 0.0197246373 -0.1640921086 -0.0327080451 0.9859026074
115.8 89.1 2834.3 0.9827417135 0.0815688968 0.1660277098 -0.0857452527 0.9961521029 0.0181319751 -0.1639098525 -0.0320551358 0.9859544039
-8.0 296.3 2851.4 0.2762810588 -0.9610208869 -0.0103733204 0.9331582785 0.2656570375 0.2421609312 -0.2299659699 -0.0765844285 0.9701806307
-83.6 41.2 2914.2 0.3037797213 -0.9437941313 -0.1302710325 0.9264386892 0.3245257735 -0.1907731742 0.2223269045 -0.0627351031 0.9729517102
271.7 271.9 2804.7 0.0473191701 0.9827427268 0.1788230240 -0.9772568345 0.0825948194 -0.1953130811 -0.2067123652 -0.1655139625 0.9643003345
286.8 -40.4 2738.7 -0.0231444072 0.9842777848 0.1751045883 -0.9919068813 -0.0007364631 -0.1269653440 -0.1248401999 -0.1766259819 0.9763289094
4.8 -97.7 2856.0 0.9292001724 0.1545753628 -0.3356985152 -0.2123776227 0.9667087793 -0.1427232176 0.3024612069 0.2039132863 0.9310942888
-55.7 -476.3 2776.2 0.8781671524 0.3329218924 -0.3434900641 -0.4132582247 0.8896529675 -0.1942555457 0.2409150302 0.3125389516 0.9188467264
182.6 -115.3 2830.9 0.9831662178 0.1136675701 -0.1430521756 -0.1166324392 0.9930966496 -0.0124862473 0.1406453550 0.0289605800 0.9896363616
138.1 -504.2 2819.6 0.9712800980 0.1796771139 -0.1559844762 -0.2011507601 0.9702228904 -0.1349293739 0.1270959973 0.1624305993 0.9785003066
-164.8 -206.7 2854.8 0 0 0 0 0 0 0 0 0
280.4 -313.6 2704.3 0 0 0 0 0 0 0 0 0
-181.3 -812.0 2658.2 0 0 0 0 0 0 0 0 0
81.7 -808.7 2768.6 0 0 0 0 0 0 0 0 0
145.5 485.9 2821.4 61 0.9733888507 0.0772467256 0.2157476544 -0.0819125846 0.9965578914 0.0127554601 -0.2140197009 -0.0300884712 0.9763658643
130.0 285.6 2827.4 0.9733888507 0.0772467256 0.2157476544 -0.0819125846 0.9965578914 0.0127554601 -0.2140197009 -0.0300884712 0.9763658643
114.1 90.5 2833.1 0.9731429815 0.0806408376 0.2156149298 -0.0850162730 0.9963179231 0.0110802902 -0.2139275074 -0.0291134845 0.9764155746
-8.5 297.7 2857.8 0.2499331236 -0.9678930044 0.0267692003 0.9490820169 0.2503640056 0.1912097335 -0.1917726099 -0.0223834813 0.9811841249
-80.2 25.3 2912.9 0.2940550447 -0.9515128136 -0.0903051347 0.9143885970 0.3075657785 -0.2632427514 0.2782536149 -0.0051661236 0.9604937434
268.4 273.6 2797.0 0.0851245895 0.9720467925 0.2188122869 -0.9925175905 0.1020192504 -0.0670887232 -0.0875364393 -0.2114641368 0.9734579325
295.7 -45.6 2768.8 -0.0595978796 0.9726036787 0.2247001976 -0.9893289208 -0.0275700744 -0.1430668533 -0.1329523474 -0.2308288962 0.9638680816
11.2 -98.3 2855.4 0.9419076443 0.1739317179 -0.2873286307 -0.2218022197 0.9645129442 -0.1432429850 0.2522176802 0.1986518055 0.9470605850
-56.9 -475.9 2777.6 0.8952265978 0.3293327987 -0.3001820147 -0.4007257223 0.8896244764 -0.2190597206 0.1949057132 0.3163987398 0.9283876419
188.6 -113.7 2825.8 0.9864729047 0.1348032355 -0.0932703093 -0.1374279857 0.9902610183 -0.0222856253 0.0893577784 0.0348021165 0.9953913689
135.8 -501.5 2812.2 0.9799928069 0.1684612036 -0.1059950292 -0.1806938499 0.9763220549 -0.1189327165 0.0834497362 0.1357058585 0.9872284532
-160.0 -222.9 2837.4 0 0 0 0 0 0 0 0 0
279.4 -317.0 2732.4 0 0 0 0 0 0 0 0 0
-181.2 -811.6 2658.2 0 0 0 0 0 0 0 0 0
82.9 -808.0 2769.6 0 0 0 0 0 0 0 0 0
144.6 487.8 2820.3 62 0.9737422466 0.0688228756 0.2170009315 -0.0736879855 0.9971774220 0.0143985217 -0.2153974771 -0.0300108120 0.9760652184
130.6 285.9 2826.4 0.9737422466 0.0688228756 0.2170009315 -0.0736879855 0.9971774220 0.0143985217 -0.2153974771 -0.0300108120 0.9760652184
116.9 90.6 2832.0 0.9736841917 0.0699589327 0.2168981582 -0.0745223612 0.9971356392 0.0129217245 -0.2153728902 -0.0287454426 0.9761087298
-8.0 296.5 2857.1 0.2426183224 -0.9698028564 0.0248746406 0.9520413876 0.2429455370 0.1859963685 -0.1864229888 -0.0214444399 0.9822354913
-79.8 14.8 2912.2 0.2812035084 -0.9546613097 -0.0977054536 0.9041419029 0.2976861894 -0.3064479232 0.3216395676 -0.0021653660 0.9468597174
269.3 275.3 2795.7 0.0771391019 0.9739148617 0.2133996636 -0.9970076680 0.0742717981 0.0214333422 0.0050246739 -0.2144144624 0.9767298698
292.6 -26.6 2797.3 -0.0326034799 0.9737479687 0.2252817899 -0.9790003300 0.0142687969 -0.2033587694 -0.2012346983 -0.2271811515 0.9528343678
10.5 -96.9 2858.1 0.9425145388 0.1727866530 -0.2860264480 -0.2237159610 0.9620894194 -0.1559971869 0.2482287884 0.2110182941 0.9454383850
-57.1 -473.7 2775.5 0.8975718617 0.3267903328 -0.2959269881 -0.3956601918 0.8931788802 -0.2137394100 0.1944677532 0.3089330196 0.9309901595
186.1 -112.3 2819.5 0.9877453446 0.1278375685 -0.0895362794 -0.1290294230 0.9916114211 -0.0076282816 0.0878100172 0.0190876145 0.9959543347
136.1 -500.6 2812.1 0.9806278348 0.1663167477 -0.1034785584 -0.1783198714 0.9766005874 -0.1202220395 0.0810622796 0.1363453567 0.9873392582
-157.8 -236.0 2823.0 0 0 0 0 0 0 0 0 0
283.7 -294.1 2742.3 0 0 0 0 0 0 0 0 0
-180.4 -810.7 2658.9 0 0 0 0 0 0 0 0 0
83.8 -807.5 2769.2 0 0 0 0 0 0 0 0 0
141.3 484.2 2809.3 63 0.9793835282 0.0659432709 0.1909433603 -0.0757689476 0.9961267710 0.0446153358 -0.1872617155 -0.0581631027 0.9805865884
127.9 282.2 2821.1 0.9793835282 0.0659432709 0.1909433603 -0.0757689476 0.9961267710 0.0446153358 -0.1872617155 -0.0581631027 0.9805865884
114.6 87.2 2831.9 0.9793242812 0.0673979968 0.1907391101 -0.0766539574 0.9961910844 0.0415635891 -0.1872113049 -0.0553251393 0.9807604551
-11.5 293.1 2847.7 0.2307685167 -0.9498011470 0.2112431973 0.9425528646 0.2721064687 0.1937836856 -0.2415366024 0.1543887109 0.9580314159
-77.3 24.5 2916.6 0.3105552495 -0.9498011470 0.0378581658 0.8797393441 0.2721064687 -0.3898932636 0.3600195944 0.1543887109 0.9200814962
267.4 271.4 2794.4 0.0867799595 0.9797533154 0.1804236621 -0.9893966317 0.0635876358 0.1305793375 0.1164628193 -0.1898422241 0.9748827219
292.6 -16.0 2828.3 -0.0193730518 0.9795657992 0.2001888752 -0.9536861777 0.0420099534 -0.2978553474 -0.3001788259 -0.1966877282 0.9333844781
15.3 -98.0 2857.1 0.9326032400 0.1784043163 -0.3137244880 -0.2335256487 0.9610721469 -0.1476689577 0.2751670778 0.2109792680 0.9379609823
-54.6 -474.4 2774.5 0.8864904642 0.3320562541 -0.3222938180 -0.4056103826 0.8928325176 -0.1957813650 0.2227439731 0.3042840362 0.9261729717
191.1 -111.4 2818.2 0.9837885499 0.1354340762 -0.1175486818 -0.1353361011 0.9907602072 0.0088524437 0.1176614761 0.0071996474 0.9930276871
138.1 -499.4 2815.4 0.9752826691 0.1746623218 -0.1353393346 -0.1922216266 0.9727246165 -0.1298372746 0.1089702174 0.1526431888 0.9822553396
-164.0 -221.1 2816.1 0 0 0 0 0 0 0 0 0
287.3 -275.4 2746.6 0 0 0 0 0 0 0 0 0
-180.1 -811.8 2659.5 0 0 0 0 0 0 0 0 0
83.2 -805.2 2767.4 0 0 0 0 0 0 0 0 0
138.5 483.6 2803.8 64 0.9782763124 0.0585574247 0.1988629848 -0.0716636181 0.9956612587 0.0593547411 -0.1945244968 -0.0723165795 0.9782282710
126.6 280.8 2818.5 0.9782763124 0.0585574247 0.1988629848 -0.0716636181 0.9956612587 0.0593547411 -0.1945244968 -0.0723165795 0.9782282710
115.4 85.8 2831.2 0.9784440398 0.0571463257 0.1984479725 -0.0687764138 0.9962649941 0.0522101000 -0.1947231442 -0.0647331998 0.9787198305
-12.8 290.6 2846.3 0.2118487060 -0.9259771109 0.3125484586 0.9370344281 0.2833075225 0.2042140067 -0.2776448131 0.2496061772 0.9276907444
-71.3 31.6 2923.0 0.3671788871 -0.9259771109 0.0880117863 0.8297370672 0.2833075225 -0.4809087515 0.4203760922 0.2496061772 0.8723420501
266.0 271.1 2790.8 0.0995376185 0.9891796112 0.1077773869 -0.9715155363 0.0732029006 0.2253861576 0.2150577754 -0.1271418035 0.9682897925
295.1 -12.8 2853.6 0.0110176262 0.9891796112 0.1462953091 -0.9012410045 0.0732029006 -0.4270901084 -0.4331780672 -0.1271418035 0.8922957778
12.9 -101.0 2859.7 0.9363744855 0.1711490005 -0.3064487278 -0.2260476947 0.9619521499 -0.1534616798 0.2685241997 0.2129696310 0.9394353032
