427.3 527.9 3063.1 4 0.2170392424 -0.0581707694 -0.9744281173 -0.0322291777 0.9972516298 -0.0667118430 0.9756307006 0.0458841026 0.2145679444
438.7 333.1 3054.1 0.2170392424 -0.0581707694 -0.9744281173 -0.0322291777 0.9972516298 -0.0667118430 0.9756307006 0.0458841026 0.2145679444
446.1 135.4 3048.9 0.2162635326 -0.0394467525 -0.9755378366 -0.0163670313 0.9988965988 -0.0440196358 0.9761978388 0.0254864991 0.2153792828
408.3 335.3 2917.9 0.4550036490 0.8892646432 -0.0466914289 0.8894856572 -0.4563545287 -0.0235743895 -0.0422717147 -0.0308049247 -0.9986311197
280.2 84.8 2929.8 0.3440607190 0.9320448041 -0.1136430725 0.9204565287 -0.3587071002 -0.1552064419 -0.1854239404 -0.0512030646 -0.9813237190
469.0 331.0 3190.4 0.3694276214 -0.7258982658 0.5801680088 -0.8112978339 0.0524865352 0.5822722316 -0.4531214237 -0.6857965589 -0.5695297122
564.5 121.2 3073.2 -0.0516827404 -0.7258982658 0.6858575940 -0.9984275699 0.0524865352 -0.0196857024 -0.0217084717 -0.6857965589 -0.7274695039
437.2 -70.9 2978.3 -0.4389412105 0.2154464424 0.8723035455 0.1495485306 0.9748033881 -0.1655099541 -0.8859829903 0.0578025654 -0.4601010978
351.0 -460.6 2955.2 -0.4097215235 -0.1744507253 0.8953743577 -0.0801073164 0.9846322536 0.1551843733 -0.9086864591 -0.0081436569 -0.4173997939
467.0 -56.8 3155.0 -0.3885807395 -0.2307961285 -0.8920415640 -0.4430046082 0.8956810236 -0.0387612619 0.8079306483 0.3801166415 -0.4502881467
561.8 -424.5 2998.9 -0.4389693737 -0.2309053242 -0.8683251739 -0.2706356645 0.9555119872 -0.1172740683 0.8567743301 0.1835200489 -0.4819317162
181.4 -179.5 2983.0 0 0 0 0 0 0 0 0 0
549.8 -163.2 3067.0 0 0 0 0 0 0 0 0 0
397.7 -723.8 2957.4 0 0 0 0 0 0 0 0 0
636.7 -734.6 2939.4 0 0 0 0 0 0 0 0 0
409.5 521.6 3057.9 5 0.4862597287 -0.2256117165 -0.8441864848 -0.0475222841 0.9578359723 -0.2833582461 0.8725211024 0.1779033691 0.4550354481
450.8 346.0 3025.3 0.4862597287 -0.2256117165 -0.8441864848 -0.0475222841 0.9578359723 -0.2833582461 0.8725211024 0.1779033691 0.4550354481
449.4 150.2 3044.2 0.4742873907 0.0232976042 -0.8800617456 0.0680811405 0.9956855774 0.0630491152 0.8777337074 -0.0898190141 0.4706549942
386.4 338.7 2907.6 0.3896378875 0.8857983947 -0.2520782948 0.9166373014 -0.3995091021 0.0129805012 -0.0892094746 -0.2361220866 -0.9676197767
279.3 86.6 2932.1 0.3539796174 0.8917916417 -0.2817908823 0.9213428497 -0.3842819631 -0.0587770827 -0.1607040614 -0.2388201207 -0.9576738477
515.2 353.3 3143.0 0.1950887591 -0.8838276267 0.4251930118 -0.8909165859 0.0215907115 0.4536534846 -0.4101316929 -0.4673141837 -0.7832046151
564.8 126.7 3038.7 -0.0892075226 -0.8838276267 0.4592283964 -0.9883825779 0.0215907115 -0.1504451632 0.1230525225 -0.4673141837 -0.8754858971
422.0 -57.8 2977.7 -0.6342666149 0.1933821291 0.7485380769 0.1826723367 0.9782824516 -0.0979501158 -0.7512235045 0.0746107101 -0.6558174491
344.9 -448.0 2948.0 -0.6051080823 -0.1909872591 0.7728958726 -0.1477295905 0.9808759689 0.1267213970 -0.7823171616 -0.0374994501 -0.6217504740
474.8 -55.5 3138.7 -0.1712584645 -0.2034615129 -0.9639885426 -0.3510671258 0.9268208742 -0.1332476139 0.9205554724 0.3156049252 -0.2301545590
557.3 -431.1 3010.8 -0.1925951838 -0.2451441437 -0.9501639009 -0.2725463510 0.9435576200 -0.1881954223 0.9426693916 0.2227181792 -0.2485377938
177.3 -178.9 2978.4 0 0 0 0 0 0 0 0 0
539.7 -152.3 3073.4 0 0 0 0 0 0 0 0 0
399.0 -726.2 2958.6 0 0 0 0 0 0 0 0 0
635.4 -731.8 2939.8 0 0 0 0 0 0 0 0 0
400.5 520.7 3031.4 6 0.5779446959 -0.1869215518 -0.7943804264 0.0669070631 0.9809909463 -0.1821542531 0.8133285642 0.0521254241 0.5794648528
435.5 336.9 3021.6 0.5779446959 -0.1869215518 -0.7943804264 0.0669070631 0.9809909463 -0.1821542531 0.8133285642 0.0521254241 0.5794648528
447.3 140.8 3040.0 0.5731243491 -0.0514225215 -0.8178533912 0.1068537533 0.9941977859 0.0123693682 0.8124719858 -0.0944798887 0.5752936602
356.9 322.6 2911.0 0.3412735164 0.8729196191 -0.3486312330 0.9364498854 -0.3477886915 0.0458764695 -0.0812035352 -0.3421320915 -0.9361365438
275.0 98.0 2930.5 0.3239806294 0.8684679270 -0.3752332032 0.9321165681 -0.3608768284 -0.0304403696 -0.1618494540 -0.3398990035 -0.9264304638
514.2 351.2 3132.2 0.1916553676 -0.9356977344 0.2962059081 -0.8779302835 -0.0285263173 0.4779379368 -0.4387557805 -0.3516475260 -0.8269445896
563.5 125.5 3019.4 -0.0189260710 -0.9356977344 0.3522946537 -0.9912319183 -0.0285263173 -0.1290173829 0.1307709515 -0.3516475260 -0.9269536138
402.6 -51.9 2995.3 -0.7253291011 0.1525306255 0.6712914109 0.1800153702 0.9832389951 -0.0289050061 -0.6644487977 0.0998771265 -0.7406297326
342.4 -439.9 2955.9 -0.7009912729 -0.1905379146 0.6872456074 -0.1360255778 0.9816798568 0.1334231645 -0.7000772953 0.0000455041 -0.7140670419
490.7 -36.7 3142.9 -0.0436391905 -0.1332369298 -0.9901229739 -0.3023698926 0.9463467002 -0.1140193120 0.9521911740 0.2944076657 -0.0815846398
544.0 -415.5 3025.1 -0.0541591495 -0.2668716013 -0.9622091055 -0.2659554780 0.9326701164 -0.2437092215 0.9624627233 0.2427057028 -0.1214885786
182.1 -169.4 2976.9 0 0 0 0 0 0 0 0 0
558.1 -155.4 3056.4 0 0 0 0 0 0 0 0 0
397.1 -721.8 2955.9 0 0 0 0 0 0 0 0 0
635.0 -733.2 2942.4 0 0 0 0 0 0 0 0 0
390.4 525.2 3030.1 7 0.4528088570 -0.1456031501 -0.8796384931 0.0538477451 0.9892407656 -0.1360261589 0.8899800777 0.0142273018 0.4557773769
418.3 335.3 3027.3 0.4528088570 -0.1456031501 -0.8796384931 0.0538477451 0.9892407656 -0.1360261589 0.8899800777 0.0142273018 0.4557773769
432.8 138.4 3041.4 0.4485599697 -0.0673491731 -0.8912115693 0.0934424773 0.9952258468 -0.0281785876 0.8888545632 -0.0706372261 0.4527117312
356.8 323.0 2905.4 0.3516527116 0.9046343565 -0.2407843173 0.9313899279 -0.3639531434 -0.0071379975 -0.0940914825 -0.2217539847 -0.9705523849
263.7 76.4 2930.4 0.2742982805 0.9212275147 -0.2758627832 0.9443812370 -0.3121642768 -0.1034288555 -0.1813960075 -0.2321492732 -0.9556161165
479.8 347.7 3149.2 0.2788365185 -0.8731689453 0.3997826278 -0.8569461107 -0.0383294225 0.5139788389 -0.4334669411 -0.4859082401 -0.7589463592
551.6 127.0 3037.6 -0.0102406228 -0.8731689453 0.4873100817 -0.9952405691 -0.0383294225 -0.0895937681 0.0969088078 -0.4859082401 -0.8686206341
406.2 -65.4 2990.7 -0.6317880154 0.1591811031 0.7586206794 0.1620099097 0.9841889739 -0.0715883225 -0.7580215931 0.0776754171 -0.6475877166
343.1 -455.2 2960.0 -0.6004561186 -0.1986235082 0.7745974064 -0.1066672727 0.9798993468 0.1685805172 -0.7925115228 0.0186010096 -0.6095731854
501.6 -44.5 3134.6 -0.1805814505 -0.1007197797 -0.9783894420 -0.2647057772 0.9630175233 -0.0502805524 0.9472703934 0.2499055862 -0.2005642056
541.7 -428.4 3034.9 -0.1637052894 -0.2787932158 -0.9462953806 -0.3221448064 0.9217582345 -0.2158344388 0.9324287176 0.2695108950 -0.2407084852
185.3 -193.7 2982.2 0 0 0 0 0 0 0 0 0
548.7 -156.2 3065.1 0 0 0 0 0 0 0 0 0
395.3 -712.8 2955.1 0 0 0 0 0 0 0 0 0
633.6 -732.0 2946.2 0 0 0 0 0 0 0 0 0
382.4 529.5 3042.9 8 0.3582017720 -0.1294268668 -0.9246297479 0.0314771198 0.9914559722 -0.1265867501 0.9331134558 0.0162389185 0.3592152894
407.5 337.3 3039.8 0.3582017720 -0.1294268668 -0.9246297479 0.0314771198 0.9914559722 -0.1265867501 0.9331134558 0.0162389185 0.3592152894
424.3 139.8 3046.6 0.3552136421 -0.0800923854 -0.9313476682 0.0598251186 0.9962279797 -0.0628546998 0.9328688383 -0.0333911367 0.3586653173
358.5 329.5 2910.9 0.3640891910 0.9181366563 -0.1564102322 0.9292974472 -0.3693031967 -0.0046266238 -0.0620106719 -0.1436671317 -0.9876813293
260.1 78.2 2927.6 0.2187270373 0.9522295594 -0.2131134272 0.9548062086 -0.2539027035 -0.1545267999 -0.2012550533 -0.1696828306 -0.9647300839
456.4 345.0 3168.7 0.3392423391 -0.8184151649 0.4638008177 -0.8301749229 -0.0285923686 0.5567693114 -0.4424072802 -0.5739155412 -0.6891275048
544.1 130.6 3054.4 -0.0012146574 -0.8184151649 0.5746260285 -0.9986729622 -0.0285923686 -0.0428339019 0.0514858328 -0.5739155412 -0.8172944188
406.4 -67.0 2978.3 -0.5616307855 0.1708161384 0.8095632792 0.1482863128 0.9833949208 -0.1046213061 -0.8139914274 0.0612886027 -0.5776345730
338.6 -457.2 2954.0 -0.5210210681 -0.2206521779 0.8245299459 -0.1250109822 0.9753177166 0.1820099056 -0.8443395495 -0.0082443105 -0.5357450247
483.0 -49.8 3137.0 -0.2761065066 -0.1413651705 -0.9506739974 -0.2645156085 0.9621037245 -0.0662408844 0.9240111709 0.2331785858 -0.3030363917
539.2 -432.4 3044.3 -0.2498516291 -0.2823940217 -0.9261898994 -0.3552477062 0.9165592790 -0.1836250275 0.9007625580 0.2831478417 -0.3293236494
197.7 -194.4 2985.1 0 0 0 0 0 0 0 0 0
543.7 -153.9 3069.1 0 0 0 0 0 0 0 0 0
396.2 -711.9 2956.1 0 0 0 0 0 0 0 0 0
630.8 -729.8 2952.4 0 0 0 0 0 0 0 0 0
381.6 514.6 3073.9 9 0.3004431725 -0.1145802736 -0.9468924403 -0.0601708964 0.9885037541 -0.1387073845 0.9518998861 0.0986490548 0.2900948226
403.8 323.1 3054.7 0.3004431725 -0.1145802736 -0.9468924403 -0.0601708964 0.9885037541 -0.1387073845 0.9518998861 0.0986490548 0.2900948226
422.8 126.5 3044.2 0.2968139648 -0.0903951824 -0.9506472349 -0.0250618272 0.9944292903 -0.1023832113 0.9546064138 0.0542137213 0.2928950191
362.6 327.1 2922.4 0.3946469724 0.9116668701 -0.1145308986 0.9187942147 -0.3926953375 0.0400943831 -0.0084230304 -0.1210534498 -0.9926102757
259.4 86.8 2924.6 0.1914576739 0.9614435434 -0.1974088997 0.9612672329 -0.2243076414 -0.1601606756 -0.1982657760 -0.1590986997 -0.9671495557
445.1 319.1 3187.1 0.3782778382 -0.7805335522 0.4976677597 -0.7806496620 0.0199427847 0.6246505976 -0.4974856675 -0.6247956753 -0.6017793417
542.8 117.5 3058.6 0.0080136415 -0.7805335522 0.6250624657 -0.9990896583 0.0199427847 0.0377120040 -0.0419009700 -0.6247956753 -0.7796632051
408.9 -62.8 2970.5 -0.5254917145 0.1841326058 0.8306344748 0.1458533853 0.9813432097 -0.1252687424 -0.8382035494 0.0553231612 -0.5425441265
335.7 -452.6 2948.5 -0.4815995097 -0.2249088883 0.8470406532 -0.1344489604 0.9740290046 0.1821839511 -0.8660169840 -0.0261440314 -0.4993306398
471.1 -53.5 3137.1 -0.3454358280 -0.1669865847 -0.9234660864 -0.2562498450 0.9634292126 -0.0783590004 0.9027791023 0.2095700204 -0.3755932748
537.2 -434.9 3054.2 -0.3094324768 -0.2834978104 -0.9076786637 -0.3849007487 0.9101774096 -0.1530635357 0.8695418239 0.3020033836 -0.3907569945
204.7 -187.7 2981.2 0 0 0 0 0 0 0 0 0
545.0 -166.5 3046.7 0 0 0 0 0 0 0 0 0
395.9 -713.2 2955.5 0 0 0 0 0 0 0 0 0
628.1 -726.7 2957.3 0 0 0 0 0 0 0 0 0
383.1 522.4 3076.3 0 0.4600785673 -0.2063347101 -0.8635703325 -0.1377505213 0.9442577362 -0.2990019321 0.8771274090 0.2565216422 0.4060100317
425.1 330.3 3024.1 0.4600785673 -0.2063347101 -0.8635703325 -0.1377505213 0.9442577362 -0.2990019321 0.8771274090 0.2565216422 0.4060100317
416.3 136.0 3036.9 0.4478485584 0.0574923903 -0.8922590613 0.0217523016 0.9969345927 0.0751551762 0.8938447833 -0.0530668274 0.4452251196
362.9 329.6 2901.3 0.4102392793 0.8778405190 -0.2471836209 0.9072414041 -0.4204203486 0.0126385149 -0.0928264260 -0.2294400334 -0.9688862562
255.0 91.0 2925.7 0.1626393348 0.9384200573 -0.3048215806 0.9707316160 -0.2075129151 -0.1209072620 -0.1767162234 -0.2762356699 -0.9447037578
487.3 331.0 3147.0 0.1791930199 -0.8701781631 0.4589987397 -0.8777009845 0.0693670511 0.4741616249 -0.4444444776 -0.4878300726 -0.7513260841
532.6 109.4 3034.8 -0.1292906255 -0.8701781631 0.4754723012 -0.9874950051 0.0693670511 -0.1415690333 0.0902081728 -0.4878300726 -0.8682650924
384.5 -61.0 2967.6 -0.6412529945 0.1410841197 0.7542479038 0.1166741028 0.9894498587 -0.0858842954 -0.7584074140 0.0329276361 -0.6509485245
328.4 -454.1 2954.5 -0.5955778956 -0.2491686940 0.7636765838 -0.1572204828 0.9684476852 0.1933669299 -0.7877618074 -0.0049005272 -0.6159604788
462.0 -65.5 3125.4 -0.2099342197 -0.1902522743 -0.9590264559 -0.2117507309 0.9664515257 -0.1453723013 0.9545099735 0.1725559235 -0.2431772947
539.2 -457.5 3055.4 -0.1673123688 -0.2927204967 -0.9414463639 -0.3542922437 0.9089703560 -0.2196585983 0.9200454354 0.2967955470 -0.2557905912
208.5 -186.3 2976.2 0 0 0 0 0 0 0 0 0
496.4 -167.1 3060.0 0 0 0 0 0 0 0 0 0
395.4 -714.2 2955.8 0 0 0 0 0 0 0 0 0
626.8 -729.6 2966.6 0 0 0 0 0 0 0 0 0
377.7 518.7 3089.0 1 0.3856465816 -0.1192275882 -0.9149106741 -0.1569959223 0.9686747789 -0.1924097091 0.9091913700 0.2178393900 0.3548478782
401.5 325.8 3045.7 0.3856465816 -0.1192275882 -0.9149106741 -0.1569959223 0.9686747789 -0.1924097091 0.9091913700 0.2178393900 0.3548478782
399.4 130.3 3037.6 0.3803729117 0.0204035603 -0.9246081114 -0.0520115644 0.9986462593 0.0006404330 0.9233695269 0.0478467084 0.3809192181
348.2 334.7 2918.1 0.3874399066 0.9021951556 -0.1895631105 0.9218353629 -0.3814738691 0.0685361475 -0.0104803964 -0.2012996227 -0.9794736505
249.0 98.4 2920.8 0.1852463484 0.9492002726 -0.2543671131 0.9721527100 -0.2148223072 -0.0936506316 -0.1435369402 -0.2299352437 -0.9625626802
454.7 317.0 3173.3 0.2484524697 -0.8314787149 0.4969049692 -0.8193254471 0.0932473689 0.5656949282 -0.5166983604 -0.5476751924 -0.6580840945
517.9 108.4 3041.7 -0.0970782340 -0.8314787149 0.5470091105 -0.9950329065 0.0932473689 -0.0348492078 -0.0220307857 -0.5476751924 -0.8364009261
359.1 -57.4 2966.9 -0.5982725620 0.0918606594 0.7960097790 0.0688353404 0.9956266284 -0.0631608143 -0.7983305454 0.0170062259 -0.6019793749
322.8 -450.5 2960.2 -0.5548351407 -0.2685010135 0.7874421477 -0.1325425059 0.9629287720 0.2349482030 -0.8213345408 0.0259879734 -0.5698545575
443.7 -58.0 3128.5 -0.2886846662 -0.2191808969 -0.9319983125 -0.2353201509 0.9598259330 -0.1528352350 0.9280547500 0.1751967967 -0.3286646903
530.9 -439.5 3058.9 -0.2526974678 -0.2952263355 -0.9214040637 -0.3562299609 0.9138043523 -0.1950943321 0.8995800018 0.2789318562 -0.3360845149
196.1 -179.2 2961.7 0 0 0 0 0 0 0 0 0
490.7 -171.3 3035.5 0 0 0 0 0 0 0 0 0
394.5 -707.5 2953.2 0 0 0 0 0 0 0 0 0
624.4 -728.9 2970.6 0 0 0 0 0 0 0 0 0
373.4 509.5 3084.9 2 0.3890286088 -0.0850724056 -0.9172891974 -0.1290281266 0.9808800220 -0.1456917375 0.9121450186 0.1750343591 0.3706136644
390.2 316.6 3050.5 0.3890286088 -0.0850724056 -0.9172891974 -0.1290281266 0.9808800220 -0.1456917375 0.9121450186 0.1750343591 0.3706136644
394.4 120.1 3036.1 0.3856853545 -0.0164819378 -0.9224831462 -0.0639157519 0.9969610572 -0.0445354693 0.9204137921 0.0761378855 0.3834598064
336.0 326.3 2922.1 0.3842704296 0.9017212391 -0.1980783343 0.9232200384 -0.3750959337 0.0834730864 0.0009710823 -0.2149461359 -0.9766254425
236.4 86.9 2921.9 0.2048309594 0.9440760016 -0.2583887279 0.9708549380 -0.2295233458 -0.0689904168 -0.1244384423 -0.2367266119 -0.9635744095
444.3 306.9 3178.8 0.2732421458 -0.8365124464 0.4749585986 -0.7929880023 0.0836166814 0.6034718156 -0.5445261598 -0.5415304303 -0.6404967308
514.6 103.0 3038.8 -0.0651488304 -0.8365124464 0.5440611839 -0.9964551330 0.0836166814 0.0092425440 -0.0532240942 -0.5415304303 -0.8389946222
358.8 -58.7 2945.0 -0.6075680852 0.0960102603 0.7884434462 0.0162391663 0.9939613342 -0.1085227951 -0.7941015959 -0.0531313233 -0.6054583192
320.9 -451.6 2966.0 -0.5746220946 -0.2794692814 0.7692245245 -0.1165143475 0.9582521915 0.2611075342 -0.8100826144 0.0604124703 -0.5831950307
429.9 -70.9 3112.1 -0.2962230742 -0.2531584799 -0.9209574461 -0.1963831782 0.9597750306 -0.2006628662 0.9347114563 0.1214195788 -0.3340235651
530.4 -451.7 3064.0 -0.2423155904 -0.3036306500 -0.9214616418 -0.3775099814 0.9044263363 -0.1987440139 0.8937389851 0.2997021973 -0.3337801993
177.5 -192.3 2957.7 0 0 0 0 0 0 0 0 0
496.1 -179.2 3023.7 0 0 0 0 0 0 0 0 0
393.7 -701.2 2950.3 0 0 0 0 0 0 0 0 0
621.9 -724.5 2973.6 0 0 0 0 0 0 0 0 0
364.1 508.8 3081.8 3 0.3902487457 -0.0786261037 -0.9173460603 -0.1143127978 0.9845001101 -0.1330117881 0.9135855436 0.1567720771 0.3752119541
379.6 315.3 3051.0 0.3902487457 -0.0786261037 -0.9173460603 -0.1143127978 0.9845001101 -0.1330117881 0.9135855436 0.1567720771 0.3752119541
386.2 118.4 3032.1 0.3882074654 -0.0308281202 -0.9210562110 -0.0773991048 0.9948185682 -0.0659192055 0.9183160663 0.0968792588 0.3838099241
325.0 326.5 2922.4 0.3528738320 0.9125984311 -0.2065045536 0.9356327653 -0.3421658576 0.0866822824 0.0084473127 -0.2238003314 -0.9745984077
230.1 74.9 2920.1 0.2027099580 0.9466645122 -0.2504695058 0.9752772450 -0.2181584090 -0.0352315046 -0.0879944488 -0.2371354252 -0.9674832225
434.2 304.0 3179.7 0.3192801774 -0.7682251334 0.5548786521 -0.7900577188 0.1075620875 0.6035223603 -0.5233249664 -0.6310788393 -0.5725997686
521.2 88.5 3036.9 -0.0184352696 -0.7682251334 0.6399142742 -0.9890919924 0.1075620875 0.1006349251 -0.1461407989 -0.6310788393 -0.7618283033
361.5 -69.6 2937.3 -0.6111419797 0.0960588679 0.7856705189 0.0015597389 0.9927527905 -0.1201642230 -0.7915194631 -0.0722119659 -0.6068627834
323.4 -463.1 2965.9 -0.5802353024 -0.2840428650 0.7633129358 -0.1187395602 0.9567025304 0.2657463551 -0.8057467937 0.0635599867 -0.5888397694
432.9 -82.7 3105.0 -0.3023934960 -0.2542684078 -0.9186434150 -0.1806774288 0.9615817666 -0.2066788673 0.9359026551 0.1034797877 -0.3367166519
533.9 -464.5 3063.9 -0.2400425524 -0.2996714115 -0.9233507514 -0.3973440528 0.8981639743 -0.1881999820 0.8857185245 0.3217119277 -0.3346702158
171.7 -205.9 2945.5 0 0 0 0 0 0 0 0 0
516.0 -192.7 2995.4 0 0 0 0 0 0 0 0 0
392.3 -695.2 2950.5 0 0 0 0 0 0 0 0 0
620.4 -723.7 2971.1 0 0 0 0 0 0 0 0 0
357.4 505.4 3093.3 4 0.1937776208 -0.0459033996 -0.9799709916 -0.1454950124 0.9865136743 -0.0749797821 0.9701966047 0.1571103036 0.1844855547
366.3 312.5 3062.6 0.1937776208 -0.0459033996 -0.9799709916 -0.1454950124 0.9865136743 -0.0749797821 0.9701966047 0.1571103036 0.1844855547
369.1 115.5 3040.2 0.1926943064 -0.0107502965 -0.9811999202 -0.1076305956 0.9936750531 -0.0320241600 0.9753381610 0.1117780060 0.1903184652
339.8 327.3 2928.5 0.4009625912 0.9156646729 -0.0280566774 0.9153885841 -0.3992637396 0.0514991656 0.0359539539 -0.0463320017 -0.9982788563
226.1 67.6 2918.3 0.2162429392 0.9726839662 -0.0844092369 0.9717087150 -0.2228219211 -0.0783109069 -0.0949799940 -0.0650870129 -0.9933491349
392.8 297.7 3196.7 0.4526319802 -0.5620471239 0.6922624707 -0.7134689093 0.2374017537 0.6592438817 -0.5348705053 -0.7923026085 -0.2935475111
526.0 87.8 3039.4 -0.0890744776 -0.5620471239 0.8222948313 -0.9697247148 0.2374017537 0.0572218783 -0.2273756266 -0.7923026085 -0.5661774278
356.3 -70.9 2929.0 -0.4497172832 0.0704760551 0.8903861642 -0.0549659245 0.9928088784 -0.1063452885 -0.8914780617 -0.0967662111 -0.4426095188
328.3 -464.8 2967.4 -0.4490634501 -0.2696363628 0.8518440127 -0.0572989434 0.9601070881 0.2736990750 -0.8916607499 0.0740984902 -0.4465988874
414.9 -87.1 3101.3 -0.4765560031 -0.2851384878 -0.8316191435 -0.2346869856 0.9528749585 -0.1922272146 0.8472404480 0.1035631672 -0.5210165977
529.0 -468.2 3059.8 -0.4214610159 -0.3142325282 -0.8506636024 -0.4259437323 0.8967275620 -0.1202147156 0.8005888462 0.3116690218 -0.5117810965
163.7 -212.7 2945.7 0 0 0 0 0 0 0 0 0
500.7 -187.0 2974.9 0 0 0 0 0 0 0 0 0
392.3 -692.5 2949.8 0 0 0 0 0 0 0 0 0
619.4 -726.2 2970.2 0 0 0 0 0 0 0 0 0
352.0 506.7 3086.0 5 0.1257139593 -0.0525751971 -0.9906724095 -0.1125758737 0.9913885593 -0.0668988079 0.9856585264 0.1199359223 0.1187126711
362.3 312.8 3062.6 0.1257139593 -0.0525751971 -0.9906724095 -0.1125758737 0.9913885593 -0.0668988079 0.9856585264 0.1199359223 0.1187126711
366.0 115.2 3043.5 0.1250103116 -0.0180530977 -0.9919911623 -0.0927840322 0.9952400923 -0.0298048295 0.9878074527 0.0957668573 0.1227402389
345.0 325.6 2925.5 0.4086083770 0.9120570421 0.0345121548 0.9120628238 -0.4094502330 0.0221795887 0.0343600586 0.0224144869 -0.9991581440
224.9 57.5 2915.4 0.2492001206 0.9682554007 -0.0195122175 0.9633063674 -0.2498999238 -0.0979330465 -0.0997003019 0.0056086839 -0.9950017333
379.5 299.9 3199.7 0.5251860023 -0.4688264430 0.7101981640 -0.6634714603 0.2970337570 0.6867142916 -0.5329026580 -0.8318489790 -0.1550550014
531.8 107.4 3045.1 -0.1527930051 -0.4688264430 0.8699747324 -0.9548365474 0.2970337570 -0.0076267249 -0.2548362613 -0.8318489790 -0.4930372834
354.0 -71.7 2930.2 -0.3869247735 0.0917352214 0.9175368547 -0.0647702664 0.9898777008 -0.1262814403 -0.9198337197 -0.1082905233 -0.3770664632
317.6 -464.8 2973.2 -0.3961282969 -0.3067525029 0.8654393554 -0.0369005576 0.9471009970 0.3188071549 -0.9174534082 0.0943533331 -0.3864928484
382.3 -91.8 3107.3 -0.5118405819 -0.3488495946 -0.7850625515 -0.2870854437 0.9307610393 -0.2264196873 0.8096920252 0.1094892472 -0.5765509009
521.1 -462.1 3063.7 -0.4628351927 -0.3284989297 -0.8233298659 -0.4443949461 0.8896397948 -0.1051390395 0.7670050263 0.3172215819 -0.5577398539
152.6 -222.1 2944.3 0 0 0 0 0 0 0 0 0
488.4 -163.7 2972.7 0 0 0 0 0 0 0 0 0
392.9 -697.3 2950.0 0 0 0 0 0 0 0 0 0
619.5 -728.7 2968.7 0 0 0 0 0 0 0 0 0
348.6 518.7 3082.4 6 0.1389722675 -0.0718512535 -0.9876862168 -0.0971105248 0.9915686250 -0.0857976079 0.9855233431 0.1078382134 0.1308230162
362.8 323.1 3061.1 0.1389722675 -0.0718512535 -0.9876862168 -0.0971105248 0.9915686250 -0.0857976079 0.9855233431 0.1078382134 0.1308230162
372.1 125.5 3044.0 0.1378846318 -0.0464996956 -0.9893561602 -0.0788523629 0.9952113032 -0.0577643886 0.9873044491 0.0859778970 0.1335577369
343.6 334.0 2923.2 0.3907068074 0.9201881886 0.0245340075 0.9202116132 -0.3911236823 0.0152616119 0.0236393847 0.0166136622 -0.9995824695
223.3 50.8 2915.9 0.2673464119 0.9634061456 -0.0193526261 0.9594063163 -0.2680008709 -0.0878350958 -0.0898073912 0.0049153641 -0.9959470034
382.0 312.1 3199.1 0.5347847939 -0.4674294591 0.7039282322 -0.6560963392 0.2952720821 0.6945157051 -0.5324874520 -0.8332611322 -0.1487717330
533.6 126.0 3048.1 -0.1637321264 -0.4674294591 0.8687355518 -0.9551790357 0.2952720821 -0.0211510044 -0.2466267496 -0.8332611322 -0.4948243499
358.3 -73.9 2935.0 -0.3903352618 0.1043685004 0.9147379994 -0.0381142534 0.9908702970 -0.1293189824 -0.9198834896 -0.0853423178 -0.3827936947
316.9 -467.5 2968.9 -0.3874197900 -0.3184074163 0.8651720285 -0.0468090363 0.9440462589 0.3264744580 -0.9207143188 0.0859848037 -0.3806465566
377.7 -91.1 3114.8 -0.4937921464 -0.3540278971 -0.7942503095 -0.2960815430 0.9272474051 -0.2292334139 0.8176215887 0.1219692007 -0.5626885891
518.5 -459.9 3066.3 -0.4458377063 -0.3274591267 -0.8330661654 -0.4487273097 0.8870539069 -0.1085320115 0.7745143771 0.3254318833 -0.5424219370
145.8 -227.4 2941.9 0 0 0 0 0 0 0 0 0
487.0 -146.2 2977.8 0 0 0 0 0 0 0 0 0
393.2 -693.8 2948.2 0 0 0 0 0 0 0 0 0
617.7 -728.5 2967.7 0 0 0 0 0 0 0 0 0
340.3 528.1 3067.6 7 0.2623555660 -0.0969444439 -0.9600892067 -0.0624925904 0.9911452532 -0.1171571389 0.9629455805 0.0907352939 0.2539741695
359.4 332.5 3049.7 0.2623555660 -0.0969444439 -0.9600892067 -0.0624925904 0.9911452532 -0.1171571389 0.9629455805 0.0907352939 0.2539741695
373.0 134.9 3035.6 0.2613027990 -0.0669730455 -0.9629306793 -0.0497342199 0.9953308702 -0.0827225000 0.9639747739 0.0695062280 0.2567518950
323.1 339.3 2915.6 0.3390962183 0.9372762442 -0.0807895213 0.9406833053 -0.3367835581 0.0411305986 0.0113421502 -0.0899445862 -0.9958822131
227.7 74.6 2912.4 0.2678968906 0.9583290219 -0.0991805047 0.9627501369 -0.2701970339 -0.0102831619 -0.0366529301 -0.0927312151 -0.9950163364
395.8 325.8 3183.8 0.5145267248 -0.3957596123 0.7606816888 -0.7050907016 0.3095614314 0.6379802823 -0.4879645407 -0.8646074533 -0.1197687835
533.6 136.9 3053.1 -0.1633050293 -0.3957596123 0.9037177563 -0.9501924515 0.3095614314 -0.0361388065 -0.2654539049 -0.8646074533 -0.4266007543
368.8 -65.0 2936.9 -0.3482029140 0.1528004110 0.9248819947 -0.0302471183 0.9842807651 -0.1740012616 -0.9369310737 -0.0885627642 -0.3381076753
308.2 -455.7 2972.0 -0.3482029140 -0.3303448558 0.8772838712 -0.0302471183 0.9393221140 0.3417002559 -0.9369310737 0.0924457163 -0.3370667100
392.3 -79.5 3117.3 -0.3936806917 -0.2951313853 -0.8705819845 -0.2486756146 0.9459399581 -0.2082259655 0.8849722743 0.1345179677 -0.4457902908
509.4 -454.9 3063.9 -0.3352510333 -0.3443362117 -0.8769488931 -0.4218519330 0.8871553540 -0.1870729625 0.8424059153 0.3072261810 -0.4426786602
150.6 -202.3 2923.0 0 0 0 0 0 0 0 0 0
487.0 -134.3 2977.3 0 0 0 0 0 0 0 0 0
392.2 -694.5 2948.5 0 0 0 0 0 0 0 0 0
615.7 -728.8 2969.1 0 0 0 0 0 0 0 0 0
337.6 535.5 3073.7 8 0.3229057491 -0.1004741639 -0.9410827756 -0.0688266829 0.9892231822 -0.1292297691 0.9439252019 0.1065006405 0.3125105500
357.5 340.2 3052.7 0.3229057491 -0.1004741639 -0.9410827756 -0.0688266829 0.9892231822 -0.1292297691 0.9439252019 0.1065006405 0.3125105500
373.7 142.9 3035.6 0.3215711415 -0.0816910714 -0.9433549643 -0.0543041602 0.9930406809 -0.1045048907 0.9453269839 0.0848338529 0.3148970604
312.5 347.6 2920.7 0.3229784966 0.9368470311 -0.1341733485 0.9459552765 -0.3151874542 0.0763249844 0.0292150825 -0.1515733153 -0.9880141616
217.4 69.1 2912.1 0.2513699830 0.9564607739 -0.1483102292 0.9678829312 -0.2490281463 0.0344620422 -0.0039718305 -0.1522096694 -0.9883402586
402.4 332.8 3184.6 0.4844160974 -0.5026900172 0.7159914970 -0.7134353518 0.2466679364 0.6558696032 -0.5063112378 -0.8285274506 -0.2391468734
530.5 144.1 3050.8 -0.1481094658 -0.5026900172 0.8516844511 -0.9688296914 0.2466679364 -0.0228903294 -0.1985765100 -0.8285274506 -0.5235548615
362.8 -58.4 2934.0 -0.4727862775 0.1543607265 0.8675516844 -0.0381985642 0.9800214767 -0.1951890439 -0.8803488016 -0.1254219264 -0.4574443698
301.5 -447.4 2983.8 -0.4727862775 -0.3360710740 0.8145731091 -0.0381985642 0.9313623309 0.3620843589 -0.8803488016 0.1400729865 -0.4531727731
409.4 -67.2 3109.1 -0.3555999696 -0.2304008752 -0.9057947397 -0.1852676421 0.9672848582 -0.1733087003 0.9160919785 0.1061858833 -0.3866522908
500.7 -450.4 3067.1 -0.2743368149 -0.3569615781 -0.8929265141 -0.4210294187 0.8794088364 -0.2222033888 0.8645655513 0.3149897754 -0.3915455341
145.2 -209.0 2913.2 0 0 0 0 0 0 0 0 0
488.3 -132.0 2994.2 0 0 0 0 0 0 0 0 0
390.0 -692.6 2947.0 0 0 0 0 0 0 0 0 0
612.3 -725.6 2968.5 0 0 0 0 0 0 0 0 0
334.6 532.2 3076.7 9 0.3189578652 -0.1041978821 -0.9420236945 -0.0754210278 0.9879956245 -0.1348195076 0.9447632432 0.1140501350 0.3072702587
355.2 337.5 3054.3 0.3189578652 -0.1041978821 -0.9420236945 -0.0754210278 0.9879956245 -0.1348195076 0.9447632432 0.1140501350 0.3072702587
371.7 140.2 3036.5 0.3173096776 -0.0829032511 -0.9446913004 -0.0579738691 0.9926124215 -0.1065813452 0.9465482831 0.0885867029 0.3101593256
310.7 345.5 2921.6 0.3198175132 0.9383469820 -0.1312313676 0.9469953179 -0.3121474683 0.0759198368 0.0302756131 -0.1485559940 -0.9884404540
215.9 64.8 2912.6 0.2901776433 0.9466298819 -0.1403168738 0.9569535255 -0.2861046493 0.0488275215 0.0060762828 -0.1484453827 -0.9889019132
399.7 329.4 3186.9 0.4863896668 -0.6144454479 0.6211938858 -0.6702914834 0.1936556846 0.7163845301 -0.5604769588 -0.7648230195 -0.3176654279
524.3 157.7 3043.3 -0.1287255138 -0.6144454479 0.7783871293 -0.9810248017 0.1936556846 -0.0093681803 -0.1449828595 -0.7648230195 -0.6277146935
360.7 -49.5 2932.4 -0.5252542496 0.1596482694 0.8358351588 -0.0384012796 0.9767952561 -0.2107043713 -0.8500784039 -0.1427705139 -0.5069351792
297.2 -437.5 2989.1 -0.5252542496 -0.3377010822 0.7810671926 -0.0384012796 0.9263534546 0.3746926486 -0.8500784039 0.1668149382 -0.4995392561
418.9 -59.2 3104.6 -0.3680424392 -0.1850715131 -0.9112043381 -0.1500087976 0.9789716601 -0.1382457912 0.9176285267 0.0858083367 -0.3880654573
492.2 -447.3 3070.6 -0.2663592696 -0.3660585880 -0.8916578889 -0.4455778003 0.8670614362 -0.2228562236 0.8547006249 0.3379431665 -0.3940574229
132.2 -211.1 2910.8 0 0 0 0 0 0 0 0 0
487.6 -121.9 3002.0 0 0 0 0 0 0 0 0 0
387.8 -686.1 2944.4 0 0 0 0 0 0 0 0 0
606.0 -716.7 2965.6 0 0 0 0 0 0 0 0 0
330.9 535.2 3064.3 0 0.3426679671 -0.1077174097 -0.9332607388 -0.0426436178 0.9905974865 -0.1299928278 0.9384882450 0.0843419880 0.3348525465
352.1 339.8 3047.6 0.3426679671 -0.1077174097 -0.9332607388 -0.0426436178 0.9905974865 -0.1299928278 0.9384882450 0.0843419880 0.3348525465
369.8 142.3 3035.1 0.3412781060 -0.0888729766 -0.9357514977 -0.0286124144 0.9940766096 -0.1048476398 0.9395267963 0.0625563115 0.3367137015
304.2 343.8 2915.8 0.3007792830 0.9422355294 -0.1473908871 0.9532989264 -0.2925957441 0.0748924017 0.0274403337 -0.1630336642 -0.9862388372
215.3 62.0 2907.6 0.2948969901 0.9441606402 -0.1469573230 0.9550606608 -0.2864307761 0.0762659907 0.0299142431 -0.1628437787 -0.9861983061
400.0 335.9 3179.5 0.4573839903 -0.6695111394 0.5852817297 -0.6935007572 0.1434362382 0.7060331106 -0.5566476583 -0.7288215160 -0.3987010419
516.8 158.8 3037.4 -0.0811574385 -0.6695111394 0.7383551002 -0.9894301295 0.1434362382 0.0213075709 -0.1201725379 -0.7288215160 -0.6740754247
359.1 -51.8 2932.3 -0.5335720778 0.1599076539 0.8305000663 -0.0383250974 0.9763832092 -0.2126193047 -0.8448858261 -0.1452767253 -0.5148423314
295.6 -439.9 2990.0 -0.5335720778 -0.3466796875 0.7714363337 -0.0383250974 0.9211018682 0.3874306679 -0.8448858261 0.1771568209 -0.5047608018
417.0 -62.3 3105.4 -0.3374472857 -0.1827828586 -0.9234282374 -0.1598689109 0.9778450131 -0.1351333708 0.9276698232 0.1020270810 -0.3591924310
489.5 -450.5 3064.9 -0.2475497425 -0.3674031496 -0.8965121508 -0.4117270410 0.8774980903 -0.2459226251 0.8770404458 0.3082402349 -0.3684942424
130.4 -213.0 2899.0 0 0 0 0 0 0 0 0 0
493.6 -123.2 3003.1 0 0 0 0 0 0 0 0 0
386.1 -680.3 2943.8 0 0 0 0 0 0 0 0 0
604.5 -725.1 2968.4 0 0 0 0 0 0 0 0 0
335.7 529.4 3071.5 1 0.3366882801 -0.0689684749 -0.9390869737 -0.0842050239 0.9911128879 -0.1029791683 0.9378435612 0.1137477234 0.3278886080
349.3 334.3 3049.1 0.3366882801 -0.0689684749 -0.9390869737 -0.0842050239 0.9911128879 -0.1029791683 0.9378435612 0.1137477234 0.3278886080
361.0 136.8 3031.1 0.3355081975 -0.0587507896 -0.9402034879 -0.0658618137 0.9941482544 -0.0856242031 0.9397321343 0.0906511322 0.3296754658
302.2 343.5 2917.2 0.3123958409 0.9381088614 -0.1495346576 0.9495012164 -0.3035058975 0.0795712918 0.0292618852 -0.1668410897 -0.9855495095
209.1 60.4 2908.4 0.3040843904 0.9388464689 -0.1615549028 0.9526059628 -0.3012046218 0.0426337980 -0.0086344946 -0.1668624431 -0.9859423637
396.4 325.1 3181.1 0.4387632012 -0.6611338854 0.6085957885 -0.6910610795 0.1846546531 0.6988112926 -0.5743878484 -0.7271895409 -0.3758642375
508.4 148.7 3034.5 -0.1107657626 -0.6611338854 0.7420464754 -0.9826415181 0.1846546531 0.0178404022 -0.1488172263 -0.7271895409 -0.6701110005
356.3 -52.6 2936.6 -0.5981342196 0.1582866162 0.7856085896 -0.0336571187 0.9744735956 -0.2219649851 -0.8006888628 -0.1592061669 -0.5775384903
293.4 -439.9 2999.9 -0.5981342196 -0.3459368050 0.7228853106 -0.0336571187 0.9120805264 0.4086274207 -0.8006888628 0.2200838029 -0.5571897626
418.7 -57.8 3108.6 -0.3500290513 -0.1688198447 -0.9214008451 -0.1564481556 0.9803463817 -0.1201871261 0.9235819578 0.1020824760 -0.3695612550
485.8 -447.2 3068.1 -0.2586940229 -0.3600475192 -0.8963499069 -0.4219075143 0.8768610954 -0.2304532081 0.8689484596 0.3185599148 -0.3787454665
121.4 -214.3 2910.9 0 0 0 0 0 0 0 0 0
476.8 -131.4 2992.0 0 0 0 0 0 0 0 0 0
383.8 -678.2 2942.4 0 0 0 0 0 0 0 0 0
597.6 -719.7 2969.1 0 0 0 0 0 0 0 0 0
330.0 515.6 3062.6 2 0.4416585565 -0.0976208374 -0.8918564320 -0.0429802276 0.9906193018 -0.1297155768 0.8961530924 0.0956221893 0.4333197176
349.1 321.8 3043.9 0.4416585565 -0.0976208374 -0.8918564320 -0.0429802276 0.9906193018 -0.1297155768 0.8961530924 0.0956221893 0.4333197176
365.5 124.5 3029.1 0.4403293431 -0.0826429427 -0.8940247297 -0.0283461008 0.9939786792 -0.1058437601 0.8973887563 0.0719482303 0.4353353679
287.4 325.6 2918.4 0.3147436976 0.9195461273 -0.2353111207 0.9478257895 -0.2912623882 0.1295858473 0.0506228842 -0.2638202906 -0.9632425308
199.9 62.0 2904.4 0.2695288956 0.9296064973 -0.2513680756 0.9629432559 -0.2575362027 0.0800963864 0.0097217439 -0.2636414766 -0.9645717740
410.8 318.0 3169.5 0.3955975473 -0.7441257238 0.5383116603 -0.6929776073 0.1428119838 0.7066730261 -0.6027309299 -0.6525960565 -0.4591664076
511.8 141.1 3015.6 -0.0926005691 -0.7441257238 0.6615905166 -0.9895023704 0.1428119838 0.0221308880 -0.1109512225 -0.6525960565 -0.7495386600
342.1 -54.6 2927.0 -0.6125466824 0.1243088841 0.7805984020 -0.0575627089 0.9779186845 -0.2009020597 -0.7883356810 -0.1679952443 -0.5918652415
292.7 -443.1 2993.7 -0.6125466824 -0.3523530960 0.7075548172 -0.0575627089 0.9126550555 0.4046569765 -0.7883356810 0.2071425021 -0.5793262124
405.2 -66.9 3099.2 -0.2451780289 -0.1901987642 -0.9506377578 -0.1101356819 0.9796829820 -0.1676049978 0.9632018805 0.0636060759 -0.2611443996
480.6 -455.2 3074.0 -0.1344847977 -0.3721645176 -0.9183721542 -0.4046615958 0.8666164875 -0.2919329405 0.9045235515 0.3323694170 -0.2671474218
121.7 -217.3 2901.5 0 0 0 0 0 0 0 0 0
485.4 -141.0 2984.0 0 0 0 0 0 0 0 0 0
381.2 -672.3 2941.7 0 0 0 0 0 0 0 0 0
591.9 -714.4 2974.6 0 0 0 0 0 0 0 0 0
331.3 512.1 3082.7 3 0.3286885917 -0.0933650583 -0.9398121238 -0.1051331982 0.9852997065 -0.1346531361 0.9385684729 0.1430643946 0.3140409887
349.5 320.5 3054.9 0.3286885917 -0.0933650583 -0.9398121238 -0.1051331982 0.9852997065 -0.1346531361 0.9385684729 0.1430643946 0.3140409887
365.3 124.2 3029.4 0.3275514245 -0.0790680498 -0.9415191412 -0.0921128541 0.9890730381 -0.1151073501 0.9403325319 0.1244295985 0.3166891336
303.4 333.3 2923.6 0.3730642796 0.9181229472 -0.1336910129 0.9240489006 -0.3547226787 0.1424972266 0.0834067315 -0.1766976565 -0.9807248712
193.5 61.0 2899.1 0.2653175890 0.9464301467 -0.1840557456 0.9634600282 -0.2675272822 0.0131863048 -0.0367600173 -0.1808289289 -0.9828273654
395.6 307.8 3186.2 0.4577785432 -0.6574959755 0.5984461904 -0.6620678902 0.1971491724 0.7230479121 -0.5933842659 -0.7272078395 -0.3450563252
512.4 138.8 3034.7 -0.0900658071 -0.6574959755 0.7480556369 -0.9788050056 0.1971491724 0.0554342717 -0.1839263439 -0.7272078395 -0.6613167524
342.1 -70.4 2932.8 -0.5841445327 0.1067518741 0.8045988083 -0.0491079688 0.9848483205 -0.1663196087 -0.8101627231 -0.1366668940 -0.5700513721
299.7 -461.6 2987.1 -0.5841445327 -0.3571397960 0.7288527489 -0.0491079688 0.9118957520 0.4074733853 -0.8101627231 0.2022308558 -0.5502173305
423.1 -75.6 3096.3 -0.3724402785 -0.1355518997 -0.9181034565 -0.0991198644 0.9894271493 -0.1058731452 0.9227477908 0.0515708663 -0.3819383979
476.8 -467.7 3075.8 -0.2473866493 -0.3879990876 -0.8878381252 -0.4452886879 0.8593480587 -0.2514735162 0.8605334759 0.3331330717 -0.3853628337
116.8 -217.3 2909.7 0 0 0 0 0 0 0 0 0
486.7 -140.2 2982.2 0 0 0 0 0 0 0 0 0
381.5 -670.5 2940.8 0 0 0 0 0 0 0 0 0
590.3 -719.2 2978.4 0 0 0 0 0 0 0 0 0
326.2 514.5 3081.2 4 0.2633928359 -0.0885210186 -0.9606186748 -0.1104579344 0.9864645004 -0.1211892664 0.9583440423 0.1380283386 0.2500498295
343.5 321.6 3054.3 0.2633928359 -0.0885210186 -0.9606186748 -0.1104579344 0.9864645004 -0.1211892664 0.9583440423 0.1380283386 0.2500498295
357.9 124.9 3030.1 0.2622485459 -0.0722526386 -0.9622916579 -0.0963888764 0.9902448058 -0.1006198525 0.9601743817 0.1191416234 0.2527258992
306.7 335.0 2919.9 0.4025252163 0.9126083255 -0.0715505555 0.9109695554 -0.3916592300 0.1293736249 0.0900440067 -0.1172565222 -0.9890111089
197.2 87.2 2895.4 0.2383433133 0.9626395106 -0.1285207570 0.9706064463 -0.2406585962 -0.0025670589 -0.0334007777 -0.1241312325 -0.9917035103
380.3 308.2 3188.6 0.4865024984 -0.6041281819 0.6311452985 -0.6693427563 0.2065583020 0.7136623263 -0.5615118742 -0.7696510553 -0.3038777113
504.5 137.3 3045.3 -0.0923302099 -0.6041281819 0.7915202379 -0.9774608016 0.2065583020 0.0436356999 -0.1898566335 -0.7696510553 -0.6095831990
352.2 -63.6 2919.4 -0.5823445916 0.1580263972 0.7974348664 -0.0542471036 0.9711844921 -0.2320732325 -0.8111301064 -0.1784051210 -0.5569915771
289.5 -448.7 2990.1 -0.5823445916 -0.3760109246 0.7207569480 -0.0542471036 0.9026006460 0.4270471632 -0.8111301064 0.2095896304 -0.5460221171
411.9 -80.5 3089.7 -0.4347186685 -0.1490899473 -0.8881395459 -0.0949204937 0.9882933497 -0.1194416881 0.8955500126 0.0323791094 -0.4437812865
471.1 -472.7 3076.8 -0.3037025630 -0.3978396654 -0.8657299280 -0.4648323357 0.8550406098 -0.2298618406 0.8316824436 0.3326096535 -0.4446067512
128.7 -191.7 2905.0 0 0 0 0 0 0 0 0 0
478.2 -141.3 2991.1 0 0 0 0 0 0 0 0 0
380.9 -668.1 2939.2 0 0 0 0 0 0 0 0 0
585.6 -719.0 2981.0 0 0 0 0 0 0 0 0 0
328.5 516.5 3079.5 5 0.3423962891 -0.0675302073 -0.9371256232 -0.1052556112 0.9883781672 -0.1096806079 0.9336412549 0.1361919641 0.3313090801
341.7 323.2 3052.9 0.3423962891 -0.0675302073 -0.9371256232 -0.1052556112 0.9883781672 -0.1096806079 0.9336412549 0.1361919641 0.3313090801
353.1 126.2 3029.0 0.3415684998 -0.0571732223 -0.9381163120 -0.0921143666 0.9913060069 -0.0939537287 0.9353320003 0.1185056269 0.3333324194
293.8 336.2 2921.9 0.3761840463 0.9174778461 -0.1293055862 0.9186970592 -0.3512222171 0.1806617677 0.1203381792 -0.1867547482 -0.9750084281
195.1 95.0 2890.3 0.2019236535 0.9590423703 -0.1986570358 0.9786345959 -0.2055954337 0.0021885161 -0.0387440994 -0.1948545724 -0.9800665975
389.6 310.3 3183.9 0.4343206286 -0.6656823158 0.6068217754 -0.6752557158 0.2052433491 0.7084524632 -0.5961503983 -0.7174553871 -0.3603643775
500.5 138.0 3031.7 -0.1127078384 -0.6656823158 0.7376747131 -0.9780567884 0.2052433491 0.0357775614 -0.1752193123 -0.7174553871 -0.6742076874
348.8 -62.9 2919.0 -0.5742803812 0.1466002464 0.8054256439 -0.0517357439 0.9753701687 -0.2144212127 -0.8170223236 -0.1648071855 -0.5525514483
290.6 -450.2 2984.4 -0.5742803812 -0.3831058145 0.7234860063 -0.0517357439 0.8989626169 0.4349593222 -0.8170223236 0.2123585045 -0.5360768437
396.6 -80.5 3093.6 -0.3598530889 -0.1655783802 -0.9181990623 -0.0775953382 0.9860285521 -0.1473995149 0.9297767282 0.0182057936 -0.3676735461
462.4 -472.1 3086.4 -0.2170979381 -0.3975957930 -0.8915077448 -0.4611825645 0.8467115760 -0.2653114200 0.8603366017 0.3535492718 -0.3671835959
137.3 -185.3 2901.4 0 0 0 0 0 0 0 0 0
468.4 -140.9 2981.8 0 0 0 0 0 0 0 0 0
381.6 -663.7 2934.0 0 0 0 0 0 0 0 0 0
577.2 -716.6 2984.3 0 0 0 0 0 0 0 0 0
320.5 514.5 3053.1 6 0.5668203235 -0.1113864481 -0.8162767887 -0.0086839832 0.9899549484 -0.1411161423 0.8237956762 0.0870760307 0.5601593256
342.3 321.2 3036.1 0.5668203235 -0.1113864481 -0.8162767887 -0.0086839832 0.9899549484 -0.1411161423 0.8237956762 0.0870760307 0.5601593256
357.8 123.8 3020.4 0.5668060780 -0.0816247985 -0.8197976947 -0.0085374843 0.9944443703 -0.1049166396 0.8238070011 0.0664663985 0.5629602671
263.5 322.2 2923.0 0.2912167907 0.8957914710 -0.3357832730 0.9486008286 -0.2249363065 0.2226211131 0.1238922551 -0.3833552897 -0.9152537584
189.1 79.9 2891.3 0.2270471156 0.8953395486 -0.3831667304 0.9728212953 -0.2268809080 0.0463005379 -0.0454785116 -0.3832651675 -0.9225180149
421.1 320.3 3149.3 0.3106411099 -0.8328176737 0.4581668079 -0.7007115483 0.1250529885 0.7023995519 -0.6422658563 -0.5392369628 -0.5447183251
500.4 141.4 2985.4 -0.0974708945 -0.8328176737 0.5448982716 -0.9920558333 0.1250529885 0.0136718452 -0.0795273110 -0.5392369628 -0.8383907080
333.5 -62.3 2920.4 -0.5664246678 0.1105263308 0.8166682720 -0.0640650541 0.9820613861 -0.1773445606 -0.8216196299 -0.1527722180 -0.5491828918
289.7 -452.2 2981.0 -0.5664246678 -0.3887087703 0.7266832590 -0.0640650541 0.8998761773 0.4314145446 -0.8216196299 0.1978088319 -0.5346147418
402.4 -78.2 3088.4 -0.1180785894 -0.1152001470 -0.9862993360 0.0036970696 0.9931899309 -0.1164475828 0.9929973483 -0.0173963849 -0.1168485731
448.1 -472.7 3095.3 0.0574324802 -0.4137181342 -0.9085916877 -0.3734456301 0.8351212740 -0.4038697779 0.9258725047 0.3625048399 -0.1065381393
124.3 -197.6 2904.3 0 0 0 0 0 0 0 0 0
472.6 -141.4 2962.7 0 0 0 0 0 0 0 0 0
381.0 -663.6 2934.5 0 0 0 0 0 0 0 0 0
567.6 -713.9 2990.6 0 0 0 0 0 0 0 0 0
321.3 520.8 3066.0 7 0.5941553116 -0.1096438915 -0.7968423367 -0.0454181917 0.9845119119 -0.1693323404 0.8030670285 0.1368008554 0.5799731612
342.8 327.8 3039.1 0.5941553116 -0.1096438915 -0.7968423367 -0.0454181917 0.9845119119 -0.1693323404 0.8030670285 0.1368008554 0.5799731612
360.0 131.3 3015.5 0.5934324265 -0.0885867029 -0.7999939919 -0.0382189825 0.9897022843 -0.1379445940 0.8039759398 0.1124357507 0.5839357376
259.9 332.9 2927.5 0.2655853331 0.8887053132 -0.3737208843 0.9536499977 -0.1852829307 0.2371115685 0.1414782107 -0.4193722904 -0.8967222571
184.9 63.7 2887.6 0.2445465326 0.8761516809 -0.4153977036 0.9685419798 -0.2410786003 0.0617051199 -0.0460804552 -0.4174198806 -0.9075446129
