-421.7 490.3 2675.2 1 0.9748075008 0.0143158445 -0.2225878239 -0.0208137743 0.9994221330 -0.0268741176 0.2220744640 0.0308299847 0.9745421410
-424.6 289.6 2669.0 0.9748075008 0.0143158445 -0.2225878239 -0.0208137743 0.9994221330 -0.0268741176 0.2220744640 0.0308299847 0.9745421410
-427.3 93.9 2662.1 0.9748004675 0.0138028050 -0.2226510793 -0.0213147104 0.9992805123 -0.0313706808 0.2220578939 0.0353258960 0.9743933082
-563.5 292.6 2637.4 0.2240377516 0.0920339525 -0.9702251554 0.7900618315 0.5657374263 0.2361005843 0.5706219673 -0.8194332719 0.0540340282
-670.9 -86.2 2363.8 -0.9909232259 0.0920339525 -0.0979844630 0.1330128312 0.5657374263 -0.8137866855 -0.0194625240 -0.8194332719 -0.5728440285
-285.7 286.5 2700.7 0.1276998818 0.8683315516 0.4792630672 -0.9890994430 0.1472147405 -0.0031784603 -0.0733145475 -0.4736329615 0.8776655197
-253.2 34.8 2682.0 -0.4911006093 0.8683315516 0.0694302469 0.1215182096 0.1472147405 -0.9816114902 -0.8625853658 -0.4736329615 -0.1778153330
-532.2 -96.0 2637.1 0.9960080981 0.0687879771 0.0568867885 -0.0754659027 0.9892745018 0.1250634342 -0.0476737916 -0.1288572103 0.9905165434
-559.1 -483.3 2687.6 0.9866741300 0.1602692455 0.0280694067 -0.1488419622 0.9587420225 -0.2421977967 -0.0657281801 0.2347923964 0.9698207974
-356.4 -99.1 2678.7 0.7943161130 -0.1332345456 -0.5927144885 0.0595164001 0.9880274534 -0.1423359066 0.6045823097 0.0777834654 0.7927357554
-304.2 -485.8 2648.2 0.7965817451 -0.1247043833 -0.5915287733 0.0425147973 0.9876258373 -0.1509559005 0.6030340195 0.0950999931 0.7920265198
-417.2 -120.3 2368.8 0 0 0 0 0 0 0 0 0
-384.7 67.3 2451.0 0 0 0 0 0 0 0 0 0
-610.3 -789.3 2612.6 0 0 0 0 0 0 0 0 0
-262.5 -816.5 2616.4 0 0 0 0 0 0 0 0 0
-404.9 489.7 2676.2 2 0.9801060557 0.0283659492 -0.1964369267 -0.0347033665 0.9989798665 -0.0288946182 0.1954169124 0.0351368152 0.9800906181
-410.6 288.2 2669.2 0.9801060557 0.0283659492 -0.1964369267 -0.0347033665 0.9989798665 -0.0288946182 0.1954169124 0.0351368152 0.9800906181
-415.7 92.5 2661.7 0.9801509976 0.0260617305 -0.1965319067 -0.0330538079 0.9989289045 -0.0323810391 0.1954774857 0.0382344350 0.9799625874
-550.2 292.9 2641.3 0.2483322918 0.0761980265 -0.9656733274 0.7855177522 0.5675032139 0.2467833012 0.5668270588 -0.8198378086 0.0810744688
-669.3 -83.7 2369.6 -0.9895176291 0.0761980265 -0.1226734594 0.1441989094 0.5675032139 -0.8106459379 0.0078479601 -0.8198378086 -0.5725420713
-271.0 283.5 2697.0 0.1749663353 0.8023113608 0.5706866980 -0.9767563939 0.2143440396 -0.0018769817 -0.1238292158 -0.5570935011 0.8211657405
-227.0 37.6 2665.8 -0.5895950794 0.8023113608 0.0931349769 0.1389521509 0.2143440396 -0.9668241739 -0.7956569195 -0.5570935011 -0.2378590852
-518.1 -99.9 2635.1 0.9934207797 0.0774130821 0.0843942314 -0.0866452977 0.9899383783 0.1118684113 -0.0748850107 -0.1184447631 0.9901328683
-548.4 -487.5 2681.5 0.9802504778 0.1906343251 0.0526074879 -0.1733309031 0.9562793374 -0.2355551720 -0.0952123553 0.2217845768 0.9704360962
-341.9 -103.8 2675.3 0.8080400825 -0.1258965433 -0.5755182505 0.0723794252 0.9907135367 -0.1150996238 0.5846644044 0.0513494276 0.8096485734
-292.6 -491.5 2655.2 0.8158564568 -0.0943984166 -0.5704972744 0.0084499745 0.9884260893 -0.1514676660 0.5781927109 0.1187551916 0.8072115183
-416.0 -120.6 2367.6 0 0 0 0 0 0 0 0 0
-383.9 74.6 2454.1 0 0 0 0 0 0 0 0 0
-608.3 -788.1 2611.8 0 0 0 0 0 0 0 0 0
-261.5 -817.5 2616.0 0 0 0 0 0 0 0 0 0
-391.0 489.7 2675.3 3 0.9813504219 0.0388276614 -0.1882652789 -0.0441005304 0.9987412095 -0.0238986611 0.1871003658 0.0317555591 0.9818273783
-398.9 288.9 2668.9 0.9813504219 0.0388276614 -0.1882652789 -0.0441005304 0.9987412095 -0.0238986611 0.1871003658 0.0317555591 0.9818273783
-406.2 93.3 2662.7 0.9813966751 0.0376076922 -0.1882716715 -0.0428910144 0.9987898469 -0.0240658373 0.1871387810 0.0316932946 0.9818220735
-538.7 295.1 2642.2 0.2621086538 0.0754282922 -0.9620860815 0.7860983610 0.5615925193 0.2581922412 0.5597753525 -0.8239687085 0.0879042074
-664.3 -81.8 2373.8 -0.9877261519 0.0754282922 -0.1367759854 0.1554234326 0.5615925193 -0.8126853108 0.0155129042 -0.8239687085 -0.5664229393
-259.0 282.8 2695.5 0.1833817661 0.7970818877 0.5753534436 -0.9778097272 0.2082048953 0.0232137665 -0.1012881398 -0.5668432117 0.8175753951
-213.4 39.4 2670.3 -0.5983651280 0.7970818877 0.0813611671 0.1458438039 0.2082048953 -0.9671506286 -0.7878380418 -0.5668432117 -0.2408320159
-509.4 -100.1 2636.6 0.9931170940 0.0718374178 0.0925082266 -0.0805662498 0.9922724366 0.0943638608 -0.0850145072 -0.1011674032 0.9912303686
-537.5 -488.7 2676.2 0.9748126268 0.2134379447 0.0646881238 -0.1938126981 0.9542228580 -0.2278054804 -0.1103492156 0.2095302790 0.9715555310
-332.3 -106.1 2671.9 0.8123446107 -0.1264310777 -0.5693078637 0.0797407478 0.9911286831 -0.1063264832 0.5777003169 0.0409767106 0.8152197599
-282.8 -494.2 2655.9 0.8220469952 -0.0727929696 -0.5647476315 -0.0081582954 0.9901877642 -0.1395051628 0.5693611503 0.1192871779 0.8133870363
-411.4 -121.6 2369.9 0 0 0 0 0 0 0 0 0
-376.1 79.1 2456.1 0 0 0 0 0 0 0 0 0
-604.4 -787.7 2610.6 0 0 0 0 0 0 0 0 0
-259.0 -817.4 2616.9 0 0 0 0 0 0 0 0 0
-376.5 489.4 2675.8 4 0.9811642766 0.0361042060 -0.1897713095 -0.0412906408 0.9988720417 -0.0234462209 0.1887107491 0.0308403745 0.9815483093
-383.7 288.3 2669.6 0.9811642766 0.0361042060 -0.1897713095 -0.0412906408 0.9988720417 -0.0234462209 0.1887107491 0.0308403745 0.9815483093
-390.8 92.7 2663.3 0.9811514020 0.0362573452 -0.1898086965 -0.0416461341 0.9988325238 -0.0244780425 0.1886995882 0.0319214649 0.9815158844
-523.5 294.2 2642.7 0.2601883411 0.0759971812 -0.9625624418 0.7863091230 0.5618861914 0.2569082379 0.5603748560 -0.8237161636 0.0864389613
-648.3 -82.8 2374.0 -0.9879536033 0.0759971812 -0.1348037720 0.1541175246 0.5618861914 -0.8127309680 0.0139791137 -0.8237161636 -0.5668300390
-243.9 282.4 2696.5 0.1699414849 0.7938572764 0.5838754177 -0.9801076651 0.1977924556 0.0163424760 -0.1025125459 -0.5750380158 0.8116787672
-201.0 34.5 2670.5 -0.6059079170 0.7938572764 0.0516350269 0.1769837886 0.1977924556 -0.9641342759 -0.7755980492 -0.5750380158 -0.2603438795
-502.3 -98.4 2639.6 0.9936687946 0.0672886819 0.0899700373 -0.0747533888 0.9937961102 0.0823483095 -0.0838707685 -0.0885525122 0.9925342202
-528.6 -487.6 2674.3 0.9707707763 0.2311631739 0.0645573363 -0.2108098269 0.9498260021 -0.2310623676 -0.1147313416 0.2106992751 0.9707947969
-324.9 -106.1 2673.4 0.8096189499 -0.1310816109 -0.5721318126 0.0936935768 0.9911071658 -0.0944884419 0.5794296265 0.0228945576 0.8147006631
-273.6 -494.2 2664.5 0.8238784075 -0.0536304191 -0.5642234683 -0.0369121507 0.9883220792 -0.1478408128 0.5655633211 0.1426295638 0.8122776747
-395.3 -122.3 2370.4 0 0 0 0 0 0 0 0 0
-366.9 83.0 2458.1 0 0 0 0 0 0 0 0 0
-601.1 -785.4 2608.2 0 0 0 0 0 0 0 0 0
-256.1 -816.6 2617.9 0 0 0 0 0 0 0 0 0
-362.6 488.7 2675.5 5 0.9863430858 0.0433027409 -0.1589093357 -0.0475387387 0.9986056685 -0.0229510963 0.1576939225 0.0301920045 0.9870263934
-371.4 286.5 2669.4 0.9863430858 0.0433027409 -0.1589093357 -0.0475387387 0.9986056685 -0.0229510963 0.1576939225 0.0301920045 0.9870263934
-380.1 90.9 2662.7 0.9862726927 0.0442732759 -0.1590788215 -0.0491442941 0.9984316230 -0.0268158540 0.1576420963 0.0342655592 0.9869016409
-511.9 293.5 2647.0 0.2831518054 0.0540247746 -0.9575522542 0.7825349569 0.5642234087 0.2632318139 0.5544944406 -0.8238527179 0.1174846143
-647.6 -81.7 2381.1 -0.9859165549 0.0540247746 -0.1582713574 0.1609147042 0.5642234087 -0.8097891212 0.0455517359 -0.8238527179 -0.5649706125
-230.9 279.5 2691.9 0.2139538080 0.7515645027 0.6239988804 -0.9714514017 0.2307304591 0.0551874451 -0.1024986282 -0.6179921627 0.7794740200
-176.8 33.9 2666.0 -0.6573719382 0.7515645027 0.0548902228 0.1840106100 0.2307304591 -0.9554598331 -0.7307545543 -0.6179921627 -0.2899715900
-486.6 -99.2 2640.0 0.9887353778 0.0883342624 0.1208278909 -0.0969947353 0.9929749966 0.0677691922 -0.1139927283 -0.0787254721 0.9903575182
-521.2 -488.0 2670.9 0.9641325474 0.2495958209 0.0902790725 -0.2249780446 0.9489721060 -0.2209904939 -0.1408306360 0.1927533299 0.9710885286
-309.3 -106.7 2674.1 0.8279662728 -0.1075748056 -0.5503631234 0.0865993723 0.9941825271 -0.0640443191 0.5540509224 0.0053654322 0.8324654698
-267.1 -495.9 2672.0 0.8422947526 -0.0429594405 -0.5373026133 -0.0520243235 0.9856858850 -0.1603646129 0.5365007520 0.1630270779 0.8280031085
-395.3 -122.9 2369.5 0 0 0 0 0 0 0 0 0
-360.3 85.3 2462.0 0 0 0 0 0 0 0 0 0
-600.5 -789.4 2609.6 0 0 0 0 0 0 0 0 0
-253.2 -816.5 2619.0 0 0 0 0 0 0 0 0 0
-350.1 487.5 2675.4 6 0.9830720425 0.0476939194 -0.1769029945 -0.0507032759 0.9986351728 -0.0125274686 0.1760640591 0.0212849658 0.9841485620
-359.8 285.5 2671.1 0.9830720425 0.0476939194 -0.1769029945 -0.0507032759 0.9986351728 -0.0125274686 0.1760640591 0.0212849658 0.9841485620
-369.4 90.0 2666.4 0.9829698205 0.0492984205 -0.1770309806 -0.0528075621 0.9984895587 -0.0151627781 0.1760160774 0.0242531281 0.9840884805
-499.8 293.1 2646.0 0.2775729597 0.0720758140 -0.9579970241 0.7869243622 0.5549596548 0.2697587609 0.5510928035 -0.8287489414 0.0973235816
-632.9 -84.3 2381.8 -0.9856668711 0.0720758140 -0.1525315791 0.1667022407 0.5549596548 -0.8150031567 0.0259068608 -0.8287489414 -0.5590205789
-219.7 278.0 2696.2 0.3291464448 0.7012271881 0.6324104667 -0.9400583506 0.3065836430 0.1493208557 -0.0891788676 -0.6436511874 0.7601054311
-129.6 20.8 2671.8 -0.7083928585 0.7012271881 0.0803739429 0.1978453398 0.3065836430 -0.9310551286 -0.6775225401 -0.6436511874 -0.3559162021
-477.9 -100.2 2641.8 0.9897623062 0.1006437019 0.1011996865 -0.1067343578 0.9926709533 0.0566757172 -0.0947539359 -0.0668969750 0.9932504892
-517.3 -488.9 2668.0 0.9641388655 0.2556389570 0.0713092312 -0.2366196066 0.9496692419 -0.2052790970 -0.1201975197 0.1810443848 0.9761021733
-299.7 -109.1 2670.3 0.8169695139 -0.1086065844 -0.5663615465 0.1006725729 0.9938845634 -0.0453702845 0.5678254962 -0.0199509300 0.8229071498
-257.1 -498.1 2678.1 0.8343971372 -0.0154942470 -0.5509458780 -0.0838058814 0.9844151735 -0.1546071321 0.5447549820 0.1751762629 0.8200947046
-380.6 -126.9 2375.1 0 0 0 0 0 0 0 0 0
-327.7 76.1 2482.3 0 0 0 0 0 0 0 0 0
-597.4 -786.7 2611.2 0 0 0 0 0 0 0 0 0
-252.1 -817.2 2621.3 0 0 0 0 0 0 0 0 0
-337.2 487.4 2674.8 7 0.9830483794 0.0300572217 -0.1808657497 -0.0318059102 0.9994711280 -0.0067753256 0.1805664301 0.0124130724 0.9834844470
-343.3 284.2 2672.3 0.9830483794 0.0300572217 -0.1808657497 -0.0318059102 0.9994711280 -0.0067753256 0.1805664301 0.0124130724 0.9834844470
-349.7 88.5 2669.3 0.9829618335 0.0323551521 -0.1809395999 -0.0345774926 0.9993602037 -0.0091406517 0.1805280894 0.0152413491 0.9834517241
-483.4 289.1 2646.6 0.2618800104 0.0661860779 -0.9628282785 0.7964501977 0.5486152172 0.2543393075 0.5450559258 -0.8334511518 0.0909574330
-608.9 -92.8 2385.3 -0.9884365797 0.0661860779 -0.1364278495 0.1502549648 0.5486152172 -0.8224626780 0.0204108134 -0.8334511518 -0.5522161126
-203.3 279.2 2698.0 0.3407187760 0.6668757796 0.6627121568 -0.9338715076 0.3214853108 0.1566242576 -0.1086033061 -0.6722528338 0.7323123813
-107.2 16.0 2667.4 -0.7416453958 0.6668757796 0.0723796114 0.1987199187 0.3214853108 -0.9258280396 -0.6406813264 -0.6722528338 -0.3709495962
-467.9 -100.8 2645.7 0.9897781014 0.1081538647 0.0929623246 -0.1119037718 0.9930629730 0.0361039378 -0.0884126574 -0.0461377241 0.9950148463
-510.3 -489.6 2663.8 0.9627245665 0.2625050247 0.0652112886 -0.2455579489 0.9493157864 -0.1962162405 -0.1134138629 0.1728890389 0.9783898592
-290.3 -110.3 2677.5 0.8159229755 -0.1062222570 -0.5683190227 0.0922688022 0.9943026900 -0.0533729009 0.5707505345 -0.0088899434 0.8210753798
-248.7 -499.7 2681.0 0.8316604495 0.0073536267 -0.5552358031 -0.1089510396 0.9826373458 -0.1501782238 0.5444910526 0.1853908151 0.8180218339
-355.9 -131.3 2380.0 0 0 0 0 0 0 0 0 0
-315.2 71.7 2487.8 0 0 0 0 0 0 0 0 0
-591.7 -784.0 2610.2 0 0 0 0 0 0 0 0 0
-251.1 -815.9 2621.3 0 0 0 0 0 0 0 0 0
-324.4 486.1 2674.6 8 0.9839577079 0.0352634452 -0.1748819798 -0.0360917449 0.9993472695 -0.0015571840 0.1747129261 0.0078439992 0.9845881462
-331.5 283.8 2673.0 0.9839577079 0.0352634452 -0.1748819798 -0.0360917449 0.9993472695 -0.0015571840 0.1747129261 0.0078439992 0.9845881462
-338.7 88.1 2671.1 0.9839055538 0.0364480466 -0.1749325097 -0.0375451818 0.9992905259 -0.0029653029 0.1747003198 0.0094854515 0.9845759869
-471.7 289.2 2648.1 0.2684051096 0.0633241832 -0.9612225294 0.7983742952 0.5437328219 0.2587529719 0.5390335321 -0.8368659616 0.0953842700
-600.4 -93.7 2389.6 -0.9876772165 0.0633241832 -0.1431216896 0.1543999463 0.5437328219 -0.8249335289 0.0255817156 -0.8368659616 -0.5468097329
-191.3 278.5 2697.9 0.3457334042 0.6881190538 0.6379346251 -0.9340441823 0.3173078597 0.1639426351 -0.0896096230 -0.6525395513 0.7524375319
-93.6 14.5 2672.5 -0.7191901207 0.6881190538 0.0962172970 0.1790081561 0.3173078597 -0.9312742949 -0.6713581085 -0.6525395513 -0.3513835967
-444.9 -104.1 2650.1 0.9830305576 0.1557176858 0.0969684124 -0.1587765217 0.9870074391 0.0246229768 -0.0918743089 -0.0396014452 0.9949828386
-505.8 -490.2 2665.5 0.9629378915 0.2632949948 0.0585356690 -0.2467383146 0.9475498199 -0.2031489611 -0.1089535654 0.1811768264 0.9773966074
-267.2 -110.3 2682.7 0.8229250908 -0.0655131340 -0.5643600821 0.0547294058 0.9978509545 -0.0360304341 0.5655077100 -0.0012367418 0.8247420788
-241.6 -500.8 2683.2 0.8318054676 0.0284622349 -0.5543370247 -0.1274276972 0.9818031788 -0.1408001631 0.5402423739 0.1877562404 0.8202961683
-347.5 -133.2 2383.1 0 0 0 0 0 0 0 0 0
-295.5 64.7 2484.0 0 0 0 0 0 0 0 0 0
-587.0 -782.6 2609.6 0 0 0 0 0 0 0 0 0
-250.7 -815.2 2623.0 0 0 0 0 0 0 0 0 0
-310.9 486.2 2675.9 9 0.9897407889 0.0501152165 -0.1337967962 -0.0503839217 0.9987289906 0.0013789035 0.1336958408 0.0053764503 0.9910078049
-321.0 284.4 2674.8 0.9897407889 0.0501152165 -0.1337967962 -0.0503839217 0.9987289906 0.0013789035 0.1336958408 0.0053764503 0.9910078049
-331.1 88.9 2673.5 0.9896703362 0.0512925796 -0.1338718385 -0.0517718568 0.9986589551 -0.0000992083 0.1336872131 0.0070289774 0.9909986258
-461.9 291.8 2655.8 0.3020298183 0.0363946259 -0.9526035190 0.7948293686 0.5420991182 0.2727175355 0.5263309479 -0.8395260572 0.1348025799
-606.7 -89.1 2403.6 -0.9833967686 0.0363946259 -0.1777813584 0.1688776910 0.5420991182 -0.8231700063 0.0664161518 -0.8395260572 -0.5392447710
-180.1 277.0 2693.9 0.3298518062 0.6845283508 0.6500912905 -0.9405831695 0.2971209586 0.1643851399 -0.0806294605 -0.6656876802 0.7418617010
-92.7 27.6 2672.5 -0.7214649916 0.6845283508 0.1044471413 0.1452858448 0.2971209586 -0.9437219501 -0.6770378947 -0.6656876802 -0.3138146400
-434.7 -104.2 2653.5 0.9746964574 0.1756368726 0.1382697672 -0.1802742630 0.9833778143 0.0216626581 -0.1321666688 -0.0460409969 0.9901576638
-503.5 -489.1 2671.5 0.9611026645 0.2617021203 0.0882820338 -0.2355520874 0.9435806274 -0.2327463180 -0.1442114264 0.2028980851 0.9685223103
-256.9 -111.0 2685.1 0.8464535475 -0.0573614351 -0.5293638706 0.0425547063 0.9982879162 -0.0401286297 0.5307593942 0.0114400983 0.8474453092
-234.4 -501.8 2680.6 0.8515157104 0.0413279049 -0.5226978660 -0.1236677244 0.9845940471 -0.1236159652 0.5095363855 0.1699017882 0.8435081840
-355.1 -132.3 2386.6 0 0 0 0 0 0 0 0 0
-296.6 68.6 2481.1 0 0 0 0 0 0 0 0 0
-584.7 -782.0 2608.5 0 0 0 0 0 0 0 0 0
-247.6 -816.8 2626.2 0 0 0 0 0 0 0 0 0
-301.2 484.3 2678.6 0 0.9879058003 0.0421633944 -0.1492126435 -0.0419223569 0.9991095066 0.0047617257 0.1492805481 0.0015512095 0.9887936711
-309.7 283.0 2678.3 0.9879058003 0.0421633944 -0.1492126435 -0.0419223569 0.9991095066 0.0047617257 0.1492805481 0.0015512095 0.9887936711
-318.0 87.3 2677.3 0.9878641963 0.0425735787 -0.1493713260 -0.0429026783 0.9990787506 0.0010198641 0.1492771357 0.0054009426 0.9887806177
-450.4 289.1 2657.0 0.2869339287 0.0448486358 -0.9568999410 0.7985177040 0.5406119823 0.2647795379 0.5291865468 -0.8400757909 0.1193074882
-588.0 -93.7 2403.4 -0.9857454896 0.0448486358 -0.1621556133 0.1604458243 0.5406119823 -0.8258304000 0.0506258979 -0.8400757909 -0.5401015878
-169.0 276.9 2699.5 0.3000480831 0.7169269323 0.6292749047 -0.9480382204 0.2972791493 0.1133521050 -0.1058051363 -0.6305877566 0.7688721418
-92.2 34.1 2672.5 -0.6859641075 0.7169269323 0.1243745685 0.1394371986 0.2972791493 -0.9445540905 -0.7141501904 -0.6305877566 -0.3038890958
-430.5 -102.0 2660.1 0.9770976901 0.1757930517 0.1199036613 -0.1782452911 0.9839357138 0.0099580213 -0.1162269413 -0.0311022215 0.9927355647
-499.3 -487.2 2672.3 0.9617806673 0.2640795410 0.0723878816 -0.2408459932 0.9416345358 -0.2351969033 -0.1302736253 0.2087734938 0.9692483544
-251.7 -111.4 2684.3 0.8382287025 -0.0581876487 -0.5422055721 0.0416207872 0.9982171655 -0.0427811369 0.5437282324 0.0132933529 0.8391560316
-229.0 -502.3 2679.1 0.8421500325 0.0475902744 -0.5371392369 -0.1252688318 0.9861133695 -0.1090326980 0.5244912505 0.1591086835 0.8364169598
-335.7 -134.7 2390.4 0 0 0 0 0 0 0 0 0
-196.2 55.3 2564.2 0 0 0 0 0 0 0 0 0
-582.8 -784.9 2606.3 0 0 0 0 0 0 0 0 0
-244.1 -816.2 2628.4 0 0 0 0 0 0 0 0 0
-292.7 484.3 2676.9 1 0.9853503108 0.0267103855 -0.1684378535 -0.0272123329 0.9996294379 -0.0006720182 0.1683574766 0.0052457601 0.9857120514
-298.1 281.8 2675.9 0.9853503108 0.0267103855 -0.1684378535 -0.0272123329 0.9996294379 -0.0006720182 0.1683574766 0.0052457601 0.9857120514
-303.3 86.0 2673.3 0.9853162169 0.0265885796 -0.1686564833 -0.0284915231 0.9995546341 -0.0088726049 0.1683454514 0.0135476021 0.9856349826
-438.4 285.8 2651.9 0.2638227046 0.0527601950 -0.9631271958 0.7988231182 0.5476958752 0.2488188893 0.5406284928 -0.8350123167 0.1023485437
-564.9 -97.1 2392.8 -0.9889646173 0.0527601950 -0.1384388804 0.1445782781 0.5476958752 -0.8240911961 0.0323431902 -0.8350123167 -0.5492798090
-157.7 277.7 2699.9 0.3786132932 0.7159604430 0.5865599513 -0.9242575765 0.3260082006 0.1986620724 -0.0489891768 -0.6173486114 0.7851629257
-68.6 60.0 2688.3 -0.4581820667 0.7159604430 0.5267540812 -0.4477775693 0.3260082006 -0.8325946927 -0.7678310275 -0.6173486114 0.1712199152
-415.6 -104.5 2662.8 0.9762848616 0.1944300234 0.0952096730 -0.1930083781 0.9809033275 -0.0240092296 -0.0980596021 0.0050635817 0.9951676726
-491.7 -488.3 2660.8 0.9585682154 0.2783225477 0.0606917664 -0.2625560462 0.9458687901 -0.1907789409 -0.1105045304 0.1669396311 0.9797550440
-237.1 -112.2 2689.7 0.8289046288 -0.0280929524 -0.5586840510 0.0072772554 0.9991951585 -0.0394466110 0.5593426228 0.0286317915 0.8284419775
-226.1 -503.3 2678.5 0.8293173909 0.0544676557 -0.5561168194 -0.1300454438 0.9867233038 -0.0972896889 0.5434343219 0.1530044824 0.8253901005
-311.7 -134.1 2384.5 0 0 0 0 0 0 0 0 0
-151.2 -20.8 2549.8 0 0 0 0 0 0 0 0 0
-579.8 -787.6 2608.0 0 0 0 0 0 0 0 0 0
-243.3 -814.8 2630.2 0 0 0 0 0 0 0 0 0
-282.0 484.0 2675.6 2 0.9873391390 0.0233776364 -0.1568914205 -0.0239475984 0.9997116923 -0.0017432724 0.1568054408 0.0054783737 0.9876143336
-286.7 282.7 2674.5 0.9873391390 0.0233776364 -0.1568914205 -0.0239475984 0.9997116923 -0.0017432724 0.1568054408 0.0054783737 0.9876143336
-290.9 86.9 2671.6 0.9873444438 0.0216622222 -0.1571040004 -0.0237111803 0.9996563196 -0.0111793689 0.1568078399 0.0147630088 0.9875187874
-427.4 286.1 2652.2 0.2660645545 0.0401730388 -0.9631177187 0.7993099093 0.5492746830 0.2437231243 0.5388072729 -0.8346756697 0.1140318066
-554.9 -97.2 2393.8 -0.9892480373 0.0401730388 -0.1406217813 0.1394273788 0.5492746830 -0.8239279985 0.0441402942 -0.8346756697 -0.5489701033
-146.0 279.3 2696.9 0.3766732216 0.7725082636 0.5112223625 -0.9254441261 0.2894645333 0.2444656491 0.0408710018 -0.5651913881 0.8239467740
-61.2 70.8 2706.1 -0.3922599256 0.7725082636 0.4993627369 -0.4824053943 0.2894645333 -0.8267377615 -0.7832095623 -0.5651913881 0.2591168284
-397.5 -107.1 2655.5 0.9688648582 0.2244493663 0.1045149118 -0.2218084037 0.9744108915 -0.0363923460 -0.1100087091 0.0120769795 0.9938572645
-485.3 -488.4 2650.7 0.9559856653 0.2833952010 0.0760168359 -0.2692717612 0.9502854943 -0.1563655585 -0.1165509522 0.1290140450 0.9847696424
-219.4 -112.3 2685.9 0.8356315494 0.0075211595 -0.5492388606 -0.0136623811 0.9998815060 -0.0070942705 0.5491204262 0.0134321069 0.8356353045
-222.4 -503.5 2680.6 0.8340688944 0.0658549741 -0.5477154255 -0.1410814971 0.9852960110 -0.0963731110 0.5333151817 0.1576543301 0.8310956955
-301.7 -132.9 2382.5 0 0 0 0 0 0 0 0 0
-141.6 -28.0 2545.6 0 0 0 0 0 0 0 0 0
-574.9 -789.0 2609.9 0 0 0 0 0 0 0 0 0
-243.1 -812.9 2631.1 0 0 0 0 0 0 0 0 0
-275.3 480.7 2674.9 3 0.9887537360 0.0259951968 -0.1472761631 -0.0265356135 0.9996464252 -0.0017055153 0.1471797526 0.0055943979 0.9890939593
-280.5 279.7 2673.8 0.9887537360 0.0259951968 -0.1472761631 -0.0265356135 0.9996464252 -0.0017055153 0.1471797526 0.0055943979 0.9890939593
-285.2 83.9 2671.2 0.9887674451 0.0242854282 -0.1474760771 -0.0259918291 0.9996155500 -0.0096543217 0.1471849233 0.0133790514 0.9890184999
-421.4 283.4 2652.8 0.2733106315 0.0333587900 -0.9613472223 0.7992392182 0.5482506156 0.2462476939 0.5352737308 -0.8356485367 0.1231810600
-552.4 -99.8 2396.2 -0.9884218574 0.0333587900 -0.1480183601 0.1419264823 0.5482506156 -0.8241833448 0.0536573976 -0.8356485367 -0.5466373563
-139.6 276.0 2694.8 0.3736877143 0.7544370890 0.5396129489 -0.9275186062 0.2988084853 0.2245500088 0.0081679402 -0.5844126344 0.8114155531
-54.3 64.4 2696.7 -0.4670202136 0.7544370890 0.4612122774 -0.3812615573 0.2988084853 -0.8748446107 -0.7978293896 -0.5844126344 0.1480882764
-384.4 -106.7 2654.6 0.9627102613 0.2466700971 0.1110981628 -0.2427257746 0.9689095020 -0.0479433686 -0.1194702610 0.0191891845 0.9926522970
-480.9 -486.0 2647.1 0.9561187029 0.2806820571 0.0839916468 -0.2661349773 0.9519366026 -0.1516208947 -0.1225119904 0.1226144582 0.9848636985
-206.0 -111.0 2682.9 0.8404985666 0.0332021192 -0.5407955647 -0.0345538259 0.9993735552 0.0076533174 0.5407108665 0.0122539522 0.8411192894
-219.0 -502.2 2678.1 0.8373718858 0.0741585493 -0.5415799618 -0.1409818381 0.9865356684 -0.0828948244 0.5281406045 0.1457667351 0.8365522027
-299.3 -136.2 2382.4 0 0 0 0 0 0 0 0 0
-157.5 -19.9 2520.4 0 0 0 0 0 0 0 0 0
-569.6 -786.7 2608.3 0 0 0 0 0 0 0 0 0
-242.3 -812.4 2632.3 0 0 0 0 0 0 0 0 0
-266.2 485.5 2677.6 4 0.9916186929 0.0355365612 -0.1242156625 -0.0365384556 0.9993154407 -0.0057961983 0.1239246577 0.0102862669 0.9922383428
-273.4 282.3 2675.5 0.9916186929 0.0355365612 -0.1242156625 -0.0365384556 0.9993154407 -0.0057961983 0.1239246577 0.0102862669 0.9922383428
-280.0 86.6 2672.3 0.9916604161 0.0335610732 -0.1244316325 -0.0353308655 0.9993031025 -0.0120430449 0.1239407435 0.0163388886 0.9921550751
-414.7 287.3 2657.9 0.2929029465 0.0187153369 -0.9559589624 0.7948285937 0.5509709120 0.2543197572 0.5314652920 -0.8343145847 0.1465055197
-555.1 -93.8 2403.0 -0.9855895042 0.0187153369 -0.1681163758 0.1504776627 0.5509709120 -0.8208456039 0.0772648305 -0.8343145847 -0.5458473563
-132.1 277.2 2693.2 0.3545399010 0.6744201779 0.6476564407 -0.9306657314 0.3214507997 0.1747303605 -0.0903480127 -0.6647005677 0.7416268587
-42.0 40.5 2670.2 -0.6122450829 0.6744201779 0.4126904011 -0.2597142458 0.3214507997 -0.9106140137 -0.7467961311 -0.6647005677 -0.0216501672
-379.4 -109.5 2655.3 0.9596341252 0.2486343682 0.1314657927 -0.2424173057 0.9682139754 -0.0616080053 -0.1426048726 0.0272515640 0.9894044399
-476.7 -488.6 2644.6 0.9549593329 0.2762974501 0.1082236469 -0.2591027319 0.9541745782 -0.1497218460 -0.1446320266 0.1149372309 0.9827873707
-200.6 -114.2 2681.9 0.8526463509 0.0428867564 -0.5207253695 -0.0417083576 0.9990319610 0.0139858015 0.5208210945 0.0097936569 0.8536096811
-217.4 -505.3 2678.1 0.8493404984 0.0755556598 -0.5224099159 -0.1402412951 0.9864327908 -0.0853391662 0.5088743567 0.1457454413 0.8484132886
-302.8 -132.3 2383.3 0 0 0 0 0 0 0 0 0
-185.6 -20.4 2495.0 0 0 0 0 0 0 0 0 0
-563.7 -789.1 2608.4 0 0 0 0 0 0 0 0 0
-240.8 -811.1 2632.9 0 0 0 0 0 0 0 0 0
-258.6 481.8 2676.9 5 0.9945105910 0.0561721735 -0.0882799104 -0.0560583025 0.9984203577 0.0037705631 0.0883522630 0.0011989569 0.9960885644
-269.9 280.2 2676.7 0.9945105910 0.0561721735 -0.0882799104 -0.0560583025 0.9984203577 0.0037705631 0.0883522630 0.0011989569 0.9960885644
-281.1 84.8 2675.5 0.9944074154 0.0574928001 -0.0885919258 -0.0578715578 0.9983225465 -0.0017105958 0.0883449689 0.0068279817 0.9960665107
-411.5 288.5 2664.1 0.3304346800 0.0014731894 -0.9438276887 0.7917247415 0.5439393520 0.2780323327 0.5137946010 -0.8391232491 0.1785700470
-569.8 -90.8 2417.9 -0.9783277512 0.0014731894 -0.2070570588 0.1745307297 0.5439393520 -0.8207734227 0.1114173234 -0.8391232491 -0.5324080586
-128.3 272.0 2689.3 0.3602972329 0.6375893950 0.6809300184 -0.9227498770 0.3506579101 0.1599114090 -0.1368156672 -0.6859437227 0.7146766186
-37.5 39.2 2654.8 -0.6636393666 0.6375893950 0.3912321329 -0.2021797001 0.3506579101 -0.9144191742 -0.7202125788 -0.6859437227 -0.1038027555
-376.2 -106.0 2658.0 0.9570379853 0.2399151325 0.1628465801 -0.2316045910 0.9703940749 -0.0685174167 -0.1744637191 0.0278577544 0.9842694402
-470.1 -486.0 2647.1 0.9520422816 0.2716104388 0.1408661455 -0.2498377711 0.9558755159 -0.1545414329 -0.1766255647 0.1119363010 0.9778924584
-197.0 -112.3 2680.4 0.8704252839 0.0470216498 -0.4900497794 -0.0465999618 0.9988281131 0.0130696138 0.4900900424 0.0114601785 0.8715964556
-215.4 -503.5 2675.9 0.8668056130 0.0793188885 -0.4922972023 -0.1350991428 0.9876987934 -0.0787360221 0.4799960852 0.1347577572 0.8668587208
-319.5 -135.5 2389.4 0 0 0 0 0 0 0 0 0
-196.4 -9.2 2482.3 0 0 0 0 0 0 0 0 0
-557.3 -792.9 2611.1 0 0 0 0 0 0 0 0 0
-240.1 -811.0 2633.9 0 0 0 0 0 0 0 0 0
-253.5 484.2 2685.6 6 0.9956912994 0.0740117356 -0.0558666885 -0.0755131990 0.9968248606 -0.0252582561 0.0538198948 0.0293680988 0.9981186986
-268.4 283.3 2679.7 0.9956912994 0.0740117356 -0.0558666885 -0.0755131990 0.9968248606 -0.0252582561 0.0538198948 0.0293680988 0.9981186986
-283.3 88.2 2673.1 0.9955602288 0.0754950196 -0.0562166683 -0.0772607252 0.9965617657 -0.0299245529 0.0537642241 0.0341350362 0.9979700446
-410.1 294.2 2672.1 0.3613587022 -0.0166255813 -0.9322786331 0.7703856826 0.5685878396 0.2884679139 0.5252863765 -0.8224545121 0.2182722837
-583.2 -74.8 2420.5 -0.9709934592 -0.0166255813 -0.2385272533 0.1870506257 0.5685878396 -0.8010742068 0.1489420235 -0.8224545121 -0.5489853024
-126.7 272.3 2687.3 0.3418489099 0.6172386408 0.7086295485 -0.9245822430 0.3558574021 0.1360633522 -0.1681874990 -0.7016993761 0.6923373342
-41.5 42.0 2645.4 -0.6821718812 0.6172386408 0.3919923604 -0.2022926360 0.3558574021 -0.9123832583 -0.7026515603 -0.7016993761 -0.1178930774
-382.1 -105.4 2666.2 0.9581246376 0.2088620514 0.1958925128 -0.1944107115 0.9767342806 -0.0905242637 -0.2102420181 0.0486499220 0.9764381647
-463.9 -487.7 2647.2 0.9430912733 0.2798669040 0.1795921177 -0.2518333793 0.9537926316 -0.1638887525 -0.2171606869 0.1093347669 0.9699933529
-202.6 -115.9 2682.2 0.8868372440 0.0346807092 -0.4607786238 -0.0373651870 0.9992962480 0.0032975965 0.4605687261 0.0142926490 0.8875089884
-216.1 -507.3 2676.6 0.8839196563 0.0725425780 -0.4619779885 -0.1295401752 0.9872188568 -0.0928349495 0.4493388832 0.1419033408 0.8820192814
-334.8 -122.6 2382.4 0 0 0 0 0 0 0 0 0
-203.8 -6.1 2478.3 0 0 0 0 0 0 0 0 0
-553.2 -792.2 2612.3 0 0 0 0 0 0 0 0 0
-238.3 -809.3 2633.2 0 0 0 0 0 0 0 0 0
-248.8 483.2 2679.9 7 0.9957810044 0.0810540468 -0.0430168323 -0.0813187212 0.9966782928 -0.0044362419 0.0425143652 0.0079155993 0.9990645051
-265.2 281.4 2678.3 0.9957810044 0.0810540468 -0.0430168323 -0.0813187212 0.9966782928 -0.0044362419 0.0425143652 0.0079155993 0.9990645051
-281.4 86.3 2674.8 0.9956198931 0.0825555548 -0.0438812003 -0.0832809880 0.9964137077 -0.0149659785 0.0424883030 0.0185548961 0.9989246726
-407.0 293.2 2672.3 0.3729347587 -0.0228505246 -0.9275761247 0.7753579021 0.5567808151 0.2980188727 0.5096467137 -0.8303450942 0.2253602445
-585.7 -78.3 2428.1 -0.9677487612 -0.0228505246 -0.2508787513 0.1961059272 0.5567808151 -0.8071787953 0.1581289321 -0.8303450942 -0.5343428254
-123.4 269.5 2684.4 0.3033027947 0.5979742408 0.7419125438 -0.9250341654 0.3716616333 0.0786094740 -0.2287339866 -0.7101368904 0.6658726335
-45.9 33.1 2625.9 -0.6820455194 0.5979742408 0.4209996760 -0.2294219732 0.3716616333 -0.8995738626 -0.6943914294 -0.7101368904 -0.1163017228
-388.0 -99.9 2661.7 0.9619461298 0.1744760424 0.2102802247 -0.1645873934 0.9842981100 -0.0637826771 -0.2181069702 0.0267460272 0.9755582809
-456.2 -485.0 2651.2 0.9383818507 0.2904368639 0.1873124987 -0.2569354475 0.9487642646 -0.1839308888 -0.2311357111 0.1244701892 0.9649266601
-208.2 -113.8 2671.4 0.8932347298 0.0167096853 -0.4492800236 -0.0039683459 0.9995632172 0.0292862393 0.4495731294 -0.0243765861 0.8929108381
-214.8 -504.9 2680.9 0.8917508125 0.0672318339 -0.4475046098 -0.1265954822 0.9864808321 -0.1040630937 0.4344583750 0.1494504064 0.8882063627
-338.1 -128.5 2387.6 0 0 0 0 0 0 0 0 0
-214.3 -23.6 2454.5 0 0 0 0 0 0 0 0 0
-550.2 -792.0 2611.0 0 0 0 0 0 0 0 0 0
-235.6 -810.3 2634.7 0 0 0 0 0 0 0 0 0
-245.4 486.7 2687.6 8 0.9956401587 0.0669610351 -0.0649373159 -0.0682567507 0.9975064397 -0.0179418605 0.0635739863 0.0222960468 0.9977280498
-259.0 284.0 2683.1 0.9956401587 0.0669610351 -0.0649373159 -0.0682567507 0.9975064397 -0.0179418605 0.0635739863 0.0222960468 0.9977280498
-272.8 88.8 2677.2 0.9953852892 0.0701375604 -0.0654893592 -0.0719650537 0.9970689416 -0.0259732883 0.0634757057 0.0305663738 0.9975152016
-400.8 294.3 2674.0 0.3522512913 -0.0112403454 -0.9358379841 0.7742969990 0.5651846528 0.2846585214 0.5257216096 -0.8248878717 0.2077903897
-569.6 -76.8 2422.1 -0.9732399583 -0.0112403454 -0.2295160145 0.1831652522 0.5651846528 -0.8043735623 0.1387603730 -0.8248878717 -0.5480014682
-117.3 273.7 2692.1 0.2729373574 0.5820549726 0.7659747005 -0.9235227704 0.3815404773 0.0391479656 -0.2694640756 -0.7180799842 0.6416776776
-46.2 33.3 2622.0 -0.6913229823 0.5820549726 0.4281174242 -0.2327472419 0.3815404773 -0.8945700526 -0.6840330362 -0.7180799842 -0.1282960176
-387.5 -101.2 2667.4 0.9664991498 0.1695706397 0.1926789135 -0.1621495783 0.9853000641 -0.0537709631 -0.1989645213 0.0207267869 0.9797874689
-453.9 -486.9 2659.3 0.9411466718 0.2951929271 0.1646330655 -0.2605242729 0.9438695312 -0.2030700296 -0.2153369784 0.1482277811 0.9652245641
-207.7 -116.3 2675.0 0.8830497265 0.0166565422 -0.4689837098 -0.0112429624 0.9998339415 0.0143409697 0.4691447020 -0.0073910239 0.8830903769
-214.2 -507.7 2677.9 0.8808650970 0.0697421134 -0.4682016373 -0.1254452914 0.9881163836 -0.0888229460 0.4564430118 0.1369747221 0.8791460395
-320.5 -123.7 2386.6 0 0 0 0 0 0 0 0 0
-212.8 -22.8 2457.1 0 0 0 0 0 0 0 0 0
-549.9 -793.9 2611.1 0 0 0 0 0 0 0 0 0
-235.5 -810.2 2636.0 0 0 0 0 0 0 0 0 0
-240.3 486.7 2691.4 9 0.9967365861 0.0652324557 -0.0475486964 -0.0666760281 0.9973405004 -0.0294323880 0.0455022939 0.0325066969 0.9984351993
-253.7 282.8 2684.8 0.9967365861 0.0652324557 -0.0475486964 -0.0666760281 0.9973405004 -0.0294323880 0.0455022939 0.0325066969 0.9984351993
-266.6 87.5 2677.2 0.9966722727 0.0659098476 -0.0479615331 -0.0676545799 0.9970694780 -0.0357107967 0.0454672873 0.0388367772 0.9982106090
-395.7 292.4 2678.3 0.3577001393 -0.0283738915 -0.9334053397 0.7709829807 0.5729565024 0.2780396640 0.5269116163 -0.8190944791 0.2268224061
-567.1 -77.2 2425.7 -0.9715433717 -0.0283738915 -0.2351561040 0.1769631505 0.5729565024 -0.8002530336 0.1574405134 -0.8190944791 -0.5516309738
-111.7 273.1 2691.3 0.2565788329 0.5682608485 0.7818228006 -0.9249776602 0.3789811134 0.0281004496 -0.2803276777 -0.7303786278 0.6228671074
-46.5 38.2 2620.1 -0.6977167130 0.5682608485 0.4362005889 -0.2486136407 0.3789811134 -0.8913835287 -0.6718501449 -0.7303786278 -0.1231440604
-376.4 -99.9 2665.5 0.9576579332 0.1938542873 0.2128656656 -0.1882914752 0.9810211062 -0.0463029705 -0.2178017348 0.0042616148 0.9759837389
-452.3 -483.9 2663.8 0.9380331039 0.2986288369 0.1758257896 -0.2590677142 0.9412692189 -0.2165553272 -0.2301690578 0.1575852782 0.9603067636
-196.5 -112.9 2677.0 0.8903946280 0.0508959144 -0.4523350894 -0.0350717902 0.9984460473 0.0433065929 0.4538363218 -0.0226957574 0.8907960057
-216.5 -503.6 2685.8 0.8883770704 0.0636855811 -0.4546760619 -0.1298942715 0.9847347140 -0.1158664301 0.4403562844 0.1619928926 0.8830881119
-318.4 -122.5 2385.4 0 0 0 0 0 0 0 0 0
-213.7 -21.3 2459.1 0 0 0 0 0 0 0 0 0
-550.8 -794.5 2611.8 0 0 0 0 0 0 0 0 0
-236.1 -807.4 2635.9 0 0 0 0 0 0 0 0 0
-237.3 484.2 2694.4 0 0.9966293573 0.0626865327 -0.0529183485 -0.0648035258 0.9971245527 -0.0392833948 0.0503036417 0.0425802805 0.9978258610
-250.0 281.9 2685.7 0.9966293573 0.0626865327 -0.0529183485 -0.0648035258 0.9971245527 -0.0392833948 0.0503036417 0.0425802805 0.9978258610
-261.9 86.7 2675.5 0.9967139363 0.0608099811 -0.0535117574 -0.0634379834 0.9967887998 -0.0488642864 0.0503684841 0.0520983934 0.9973709583
-392.0 290.9 2678.5 0.3508975208 -0.0264244322 -0.9360409379 0.7657518983 0.5834423900 0.2705900073 0.5389758348 -0.8117245436 0.2249630690
-560.2 -76.2 2420.1 -0.9732816815 -0.0264244322 -0.2280889452 0.1702590585 0.5834423900 -0.7941075563 0.1540606022 -0.8117245436 -0.5633547902
-108.0 272.8 2692.9 0.2341978550 0.5744085908 0.7843507528 -0.9203870296 0.3908419907 -0.0114111137 -0.3131118417 -0.7192338109 0.6202126145
-49.0 41.2 2614.1 -0.6873607635 0.5744085908 0.4445109069 -0.2468346655 0.3908419907 -0.8867441416 -0.6830869913 -0.7192338109 -0.1268654764
-369.6 -101.6 2665.5 0.9565894604 0.2031258345 0.2089893073 -0.1969002485 0.9791271687 -0.0504012331 -0.2148649096 0.0070632393 0.9766182303
-449.1 -485.0 2662.8 0.9356123805 0.3073033988 0.1737643480 -0.2704851925 0.9403067827 -0.2065450847 -0.2268638015 0.1462454498 0.9628837109
-189.4 -113.8 2673.7 0.8872799277 0.0643227920 -0.4567241073 -0.0485414639 0.9977513552 0.0462167151 0.4586698711 -0.0188371055 0.8884070516
-214.6 -504.5 2681.1 0.8848317862 0.0658847094 -0.4612286389 -0.1239691377 0.9875575304 -0.0967565626 0.4491150379 0.1427914053 0.8819899559
-311.0 -119.8 2380.7 0 0 0 0 0 0 0 0 0
-215.3 -18.5 2448.8 0 0 0 0 0 0 0 0 0
-550.7 -796.0 2614.4 0 0 0 0 0 0 0 0 0
-235.0 -809.6 2637.0 0 0 0 0 0 0 0 0 0
-233.7 482.1 2696.3 1 0.9966682196 0.0592450984 -0.0560579337 -0.0617853999 0.9970870018 -0.0447220504 0.0532450750 0.0480366051 0.9974254370
-245.6 280.5 2686.6 0.9966682196 0.0592450984 -0.0560579337 -0.0617853999 0.9970870018 -0.0447220504 0.0532450750 0.0480366051 0.9974254370
-256.8 85.3 2675.4 0.9967694879 0.0569849052 -0.0565978996 -0.0600482337 0.9967346191 -0.0539846979 0.0533367731 0.0572089031 0.9969365001
-387.7 289.1 2679.0 0.3463082314 -0.0259158928 -0.9377627373 0.7643365860 0.5873817801 0.2660305202 0.5439303517 -0.8088949323 0.2232235968
-553.7 -77.4 2418.2 -0.9743946791 -0.0259158928 -0.2233458012 0.1659419984 0.5873817801 -0.7921148539 0.1517176181 -0.8088949323 -0.5680411458
-103.6 272.0 2694.2 0.2168868035 0.5466015339 0.8088181615 -0.9130789042 0.4066786468 -0.0299899448 -0.3453216255 -0.7320104241 0.5872935653
-49.2 43.1 2607.6 -0.6991792917 0.5466015339 0.4608417451 -0.2594304383 0.4066786468 -0.8759613633 -0.6662163138 -0.7320104241 -0.1425361782
-363.9 -102.8 2660.8 0.9536215663 0.2170145363 0.2085919678 -0.2129202932 0.9761593342 -0.0421654694 -0.2127695084 -0.0042035608 0.9770933986
-448.8 -485.0 2662.4 0.9358909726 0.3084612787 0.1701755375 -0.2733196914 0.9405407310 -0.2016915083 -0.2222710550 0.1422489434 0.9645521045
-183.7 -114.3 2669.9 0.8854727745 0.0782013610 -0.4580638409 -0.0543501675 0.9964011908 0.0650440603 0.4615018666 -0.0326988995 0.8865364194
-214.3 -504.4 2682.7 0.8831011057 0.0647834912 -0.4646885991 -0.1251549274 0.9870606065 -0.1002374887 0.4521820843 0.1466779113 0.8797823191
-304.2 -119.9 2379.3 0 0 0 0 0 0 0 0 0
-218.7 -19.8 2446.1 0 0 0 0 0 0 0 0 0
-551.0 -796.4 2615.3 0 0 0 0 0 0 0 0 0
-234.3 -808.1 2637.6 0 0 0 0 0 0 0 0 0
-231.1 479.9 2696.3 2 0.9946013689 0.0454752669 -0.0932745561 -0.0502352379 0.9975181818 -0.0493342392 0.0907995775 0.0537535697 0.9944174290
-240.2 278.8 2685.5 0.9946013689 0.0454752669 -0.0932745561 -0.0502352379 0.9975181818 -0.0493342392 0.0907995775 0.0537535697 0.9944174290
-248.3 83.5 2673.2 0.9947341084 0.0415626094 -0.0936837196 -0.0471933223 0.9971588850 -0.0587111562 0.0909773633 0.0628232360 0.9938693643
-381.9 285.5 2672.5 0.3151355684 -0.0029244509 -0.9490421414 0.7668483257 0.5899374485 0.2528190613 0.5591361523 -0.8074436784 0.1881528944
-532.9 -82.0 2404.5 -0.9815471768 -0.0029244509 -0.1911976337 0.1526892185 0.5899374485 -0.7928807139 0.1151133850 -0.8074436784 -0.5786049366
-98.6 272.1 2698.4 0.1814716011 0.5536103249 0.8127629757 -0.9076971412 0.4122831523 -0.0781568140 -0.3783569038 -0.7235593796 0.5773282051
-53.2 45.3 2603.9 -0.6928439736 0.5536103249 0.4620420039 -0.2540349364 0.4122831523 -0.8749222159 -0.6748580933 -0.7235593796 -0.1450115442
-358.1 -104.4 2659.4 0.9584542513 0.2244461924 0.1760379374 -0.2236840576 0.9743556380 -0.0244235918 -0.1770053506 -0.0159679856 0.9840803742
-445.9 -486.0 2665.6 0.9390988350 0.3167789280 0.1332085729 -0.2880213261 0.9369898438 -0.1977213025 -0.1874490231 0.1473129392 0.9711651802
-177.9 -115.3 2669.0 0.8655852675 0.1009597182 -0.4904786646 -0.0728501230 0.9944331050 0.0761290938 0.4954341948 -0.0301647950 0.8681215644
-217.4 -504.7 2680.8 0.8640751839 0.0536090396 -0.5004998446 -0.1157243699 0.9888354540 -0.0938742384 0.4898794591 0.1390344352 0.8606320620
-281.7 -121.1 2375.1 0 0 0 0 0 0 0 0 0
-221.1 -16.2 2440.4 0 0 0 0 0 0 0 0 0
-551.3 -797.7 2616.6 0 0 0 0 0 0 0 0 0
-233.9 -809.4 2638.0 0 0 0 0 0 0 0 0 0
-228.0 480.0 2695.8 3 0.9945838451 0.0404058397 -0.0957617015 -0.0448176712 0.9980090857 -0.0443761386 0.0937779993 0.0484276079 0.9944146276
-236.1 279.3 2686.1 0.9945838451 0.0404058397 -0.0957617015 -0.0448176712 0.9980090857 -0.0443761386 0.0937779993 0.0484276079 0.9944146276
-243.2 83.9 2675.0 0.9947095513 0.0363276079 -0.0960897580 -0.0415490866 0.9977346063 -0.0529084541 0.0939500406 0.0566209853 0.9939655066
-377.8 285.2 2672.7 0.3097658157 -0.0037817049 -0.9508053660 0.7718464136 0.5849654675 0.2491355836 0.5552461743 -0.8110494018 0.1841211915
-526.3 -84.8 2406.5 -0.9826267958 -0.0037817049 -0.1855541319 0.1483219415 0.5849654675 -0.7973806858 0.1115582138 -0.8110494018 -0.5742418170
-94.4 273.4 2699.4 0.1530831307 0.5388982892 0.8283442855 -0.8960263729 0.4292112291 -0.1136419624 -0.4167760909 -0.7248216271 0.5485720634
-55.7 46.6 2594.0 -0.7215673923 0.5388982892 0.4346598387 -0.2087849975 0.4292112291 -0.8787414432 -0.6601131558 -0.7248216271 -0.1971909255
-346.3 -107.5 2652.8 0.9518218040 0.2499188334 0.1776960045 -0.2539842427 0.9672083259 0.0001359285 -0.1718350947 -0.0452613644 0.9840854406
-444.1 -486.0 2670.5 0.9396212697 0.3198276758 0.1217462048 -0.2921510637 0.9349436164 -0.2013161778 -0.1782123297 0.1535926908 0.9719308615
-166.6 -116.0 2669.2 0.8606095314 0.1293828636 -0.4925558865 -0.1004026085 0.9913121462 0.0849677324 0.4992699921 -0.0236701462 0.8661230803
-217.3 -504.1 2678.5 0.8598279953 0.0562907569 -0.5074713826 -0.1160387024 0.9894397855 -0.0868561417 0.4972231686 0.1335676610 0.8572798967
-274.8 -122.8 2377.9 0 0 0 0 0 0 0 0 0
-230.2 -3.9 2434.3 0 0 0 0 0 0 0 0 0
-550.7 -797.6 2619.3 0 0 0 0 0 0 0 0 0
-234.6 -808.5 2637.4 0 0 0 0 0 0 0 0 0
-226.0 480.1 2695.5 4 0.9970937371 0.0407029130 -0.0644000098 -0.0435672849 0.9980935454 -0.0437166616 0.0624978356 0.0463953428 0.9969661236
-234.2 279.4 2686.2 0.9970937371 0.0407029130 -0.0644000098 -0.0435672849 0.9980935454 -0.0437166616 0.0624978356 0.0463953428 0.9969661236
-241.3 83.9 2675.7 0.9972482920 0.0361918695 -0.0646994188 -0.0395556353 0.9978899360 -0.0514886491 0.0626994297 0.0539061949 0.9965755939
-376.2 285.0 2677.3 0.3255084157 -0.0303918924 -0.9450505972 0.7734025121 0.5835517645 0.2476204038 0.5439602733 -0.8115070462 0.2134561837
-532.3 -85.8 2416.5 -0.9789015055 -0.0303918924 -0.2020599544 0.1467475593 0.5835517645 -0.7987067699 0.1421866566 -0.8115070462 -0.5667797327
-92.2 273.7 2695.1 0.1388659477 0.5094417930 0.8492262959 -0.8942254782 0.4329832196 -0.1135177538 -0.4255314171 -0.7436360717 0.5156824589
