497.6 277.2 2512.5 33 0.9973406196 0.0483874120 -0.0545008071 -0.0417236574 0.9922092557 0.1173879951 0.0597563088 -0.1148018390 0.9915894866
488.1 82.4 2535.0 0.9973406196 0.0483874120 -0.0545008071 -0.0417236574 0.9922092557 0.1173879951 0.0597563088 -0.1148018390 0.9915894866
479.7 -110.4 2555.7 0.9975716472 0.0428863615 -0.0548772737 -0.0366974361 0.9933423400 0.1091984510 0.0591950417 -0.1069194227 0.9925040007
352.0 87.4 2527.0 0.3672326207 -0.4744338095 -0.8000329733 0.9293209314 0.2230016142 0.2943346798 0.0387663208 -0.8515766859 0.5227947235
252.0 -165.7 2516.4 -0.2423131168 -0.4744338095 -0.8462842107 0.8969260454 0.2230016142 -0.3818297088 0.3698756695 -0.8515766859 0.3714958131
624.2 77.3 2543.1 -0.0502453595 0.9513451457 0.3040029705 -0.9965849519 -0.0277871583 -0.0777577683 -0.0655270964 -0.3068717718 0.9494924545
611.7 -170.6 2526.8 0.1406760216 0.9475499988 0.2869829535 -0.9326788187 0.2240782827 -0.2826642990 -0.3321452141 -0.2278988510 0.9152823091
359.0 -299.5 2572.1 0.9887611866 0.0567625538 -0.1383086890 -0.0881039277 0.9686421156 -0.2323147506 0.1207848489 0.2418893427 0.9627567530
337.0 -675.1 2478.3 0.9838311076 0.1424941421 -0.1084978878 -0.1276905090 0.9828612804 0.1329618543 0.1255846471 -0.1169578582 0.9851646423
536.9 -306.8 2589.4 0.9890964031 -0.1072059795 -0.1009712145 0.0919719040 0.9851429462 -0.1450328231 0.1150194705 0.1341649294 0.9842612743
578.4 -688.4 2537.5 0.9824464321 -0.1503385156 -0.1104413271 0.1451769918 0.9879623055 -0.0534235835 0.1171434894 0.0364522710 0.9924457669
319.6 -415.9 2413.2 0 0 0 0 0 0 0 0 0
649.7 -422.5 2437.1 0 0 0 0 0 0 0 0 0
284.0 -1040.4 2521.7 0 0 0 0 0 0 0 0 0
634.0 -1054.1 2524.0 0 0 0 0 0 0 0 0 0
506.9 276.6 2503.7 34 0.9990189672 0.0419731885 -0.0141199753 -0.0397931077 0.9907565117 0.1296844035 0.0194327254 -0.1289952993 0.9914547801
498.6 82.1 2529.0 0.9990189672 0.0419731885 -0.0141199753 -0.0397931077 0.9907565117 0.1296844035 0.0194327254 -0.1289952993 0.9914547801
491.0 -110.4 2552.4 0.9991295934 0.0391214229 -0.0144763207 -0.0370880514 0.9919628501 0.1209719554 0.0190925673 -0.1203297600 0.9925503731
362.3 87.2 2526.5 0.3288240731 -0.5139409900 -0.7923001051 0.9433034658 0.2189954221 0.2494385242 0.0453134142 -0.8294007778 0.5568132401
273.9 -166.3 2514.3 -0.2378184646 -0.5139409900 -0.8242008686 0.8925910592 0.2189954221 -0.3941094577 0.3830451965 -0.8294007778 0.4066579342
635.0 77.0 2531.6 -0.0534764491 0.9380869269 0.3422471881 -0.9972336888 -0.0324508958 -0.0668720156 -0.0516255349 -0.3448764980 0.9372273088
621.7 -171.1 2518.8 0.1265040189 0.9376555085 0.3237265646 -0.9366897941 0.2203336358 -0.2721495032 -0.3265103400 -0.2688033581 0.9061654210
382.1 -299.9 2571.2 0.9915649295 0.0802941099 -0.1017439887 -0.1038821414 0.9617686272 -0.2533961833 0.0775079504 0.2618281543 0.9619971514
350.9 -672.9 2469.6 0.9832069874 0.1719332337 -0.0611799099 -0.1610643864 0.9751600623 0.1520561725 0.0858037174 -0.1396487951 0.9864765406
560.5 -306.4 2581.7 0.9961088300 -0.0635416284 -0.0610711798 0.0549917221 0.9896280169 -0.1327113509 0.0688704476 0.1288365275 0.9892714620
585.2 -689.8 2531.8 0.9885277748 -0.1354602128 -0.0668087080 0.1331090480 0.9903537035 -0.0384909101 0.0713782385 0.0291564893 0.9970231056
340.3 -415.4 2407.4 0 0 0 0 0 0 0 0 0
655.8 -424.1 2430.6 0 0 0 0 0 0 0 0 0
286.9 -1035.9 2521.6 0 0 0 0 0 0 0 0 0
635.5 -1057.9 2521.0 0 0 0 0 0 0 0 0 0
519.9 277.3 2508.3 35 0.9986726642 0.0435378477 0.0275193620 -0.0464502089 0.9921640754 0.1159863248 -0.0222539268 -0.1171106547 0.9928694963
511.4 82.6 2531.3 0.9986726642 0.0435378477 0.0275193620 -0.0464502089 0.9921640754 0.1159863248 -0.0222539268 -0.1171106547 0.9928694963
503.3 -110.2 2552.5 0.9987729192 0.0414005034 0.0271778777 -0.0441072583 0.9931714535 0.1080045402 -0.0225208495 -0.1090707481 0.9937788248
375.1 88.6 2534.4 0.3198694885 -0.4481528103 -0.8347709775 0.9434298277 0.2318502069 0.2370351851 0.0873138532 -0.8633681536 0.4969625175
287.7 -169.1 2510.6 -0.2927083075 -0.4481528103 -0.8446779847 0.8744872212 0.2318502069 -0.4260487556 0.3867737055 -0.8633681536 0.3240394294
647.7 76.5 2528.3 -0.0628425553 0.9228717089 0.3799455464 -0.9960832000 -0.0342705697 -0.0815092623 -0.0622016415 -0.3835796118 0.9214106798
632.0 -171.3 2512.8 0.1061364934 0.9274130464 0.3586643636 -0.9331510067 0.2174888402 -0.2862302959 -0.3434591889 -0.3043085337 0.8884999156
394.0 -299.6 2574.0 0.9936558008 0.0910621136 -0.0659989640 -0.1062493175 0.9524822831 -0.2854620218 0.0368680730 0.2906633317 0.9561148286
358.7 -669.0 2461.3 0.9852390885 0.1702407897 -0.0179448370 -0.1646006554 0.9709213972 0.1738339216 0.0470166504 -0.1683142483 0.9846114516
572.8 -306.3 2577.4 0.9972536564 -0.0704663098 -0.0227951072 0.0671827048 0.9902524948 -0.1220103055 0.0311705284 0.1201437935 0.9922670126
600.1 -690.3 2530.8 0.9969165921 -0.0719667822 -0.0312747844 0.0720176101 0.9974032640 0.0005004010 0.0311575606 -0.0027511932 0.9995107055
369.3 -412.8 2402.8 0 0 0 0 0 0 0 0 0
660.7 -423.3 2420.0 0 0 0 0 0 0 0 0 0
295.3 -1030.8 2524.0 0 0 0 0 0 0 0 0 0
626.9 -1060.9 2531.8 0 0 0 0 0 0 0 0 0
537.9 279.0 2512.2 36 0.9986580014 0.0439324491 0.0274260584 -0.0465109274 0.9937164783 0.1018049866 -0.0227811839 -0.1029439718 0.9944262505
529.2 83.3 2532.4 0.9986580014 0.0439324491 0.0274260584 -0.0465109274 0.9937164783 0.1018049866 -0.0227811839 -0.1029439718 0.9944262505
521.3 -109.6 2551.2 0.9987961650 0.0408424698 0.0271679722 -0.0432698615 0.9944642782 0.0957522169 -0.0231068209 -0.0968125015 0.9950343966
392.9 89.3 2535.6 0.3211555481 -0.3782635629 -0.8682026267 0.9406728148 0.2334330380 0.2462594062 0.1095162109 -0.8957821727 0.4307905734
305.9 -165.5 2505.9 -0.3343781829 -0.3782635629 -0.8631963134 0.8678913116 0.2334330380 -0.4384901822 0.3673634231 -0.8957821727 0.2502367496
665.5 77.4 2529.3 -0.0622915514 0.9228712916 0.3800373375 -0.9952749610 -0.0290221833 -0.0926579461 -0.0744818449 -0.3840134740 0.9203184843
650.0 -170.2 2510.7 0.1066382676 0.9272765517 0.3588683903 -0.9287838936 0.2217426747 -0.2969692349 -0.3549490273 -0.3016428947 0.8848857284
405.9 -299.0 2575.7 0.9934258461 0.0939072073 -0.0654713735 -0.1091350690 0.9495627284 -0.2939729989 0.0345629938 0.2991856039 0.9535687566
369.4 -667.4 2459.6 0.9857354164 0.1676343679 -0.0149819106 -0.1624635458 0.9710035920 0.1753785014 0.0439469554 -0.1704427898 0.9843870997
584.5 -306.9 2571.6 0.9981466532 -0.0560286231 -0.0237488765 0.0528676473 0.9916589856 -0.1175475791 0.0301368162 0.1160741746 0.9927832484
606.3 -691.6 2526.6 0.9975732565 -0.0625586733 -0.0305622518 0.0628077239 0.9979992509 0.0072570886 0.0300471112 -0.0091590229 0.9995065331
399.1 -407.3 2403.5 0 0 0 0 0 0 0 0 0
678.9 -421.1 2414.9 0 0 0 0 0 0 0 0 0
306.9 -1029.6 2523.1 0 0 0 0 0 0 0 0 0
629.6 -1063.3 2530.0 0 0 0 0 0 0 0 0 0
554.8 286.1 2512.1 37 0.9988203645 0.0365451425 -0.0319744945 -0.0330734253 0.9941229820 0.1030806899 0.0355536789 -0.1019015908 0.9941589236
547.6 89.8 2532.2 0.9988203645 0.0365451425 -0.0319744945 -0.0330734253 0.9941229820 0.1030806899 0.0355536789 -0.1019015908 0.9941589236
540.9 -103.3 2549.9 0.9988992810 0.0339692608 -0.0323468894 -0.0308466014 0.9952278137 0.0925747156 0.0353372172 -0.0914750248 0.9951801896
411.3 94.1 2527.3 0.3337439597 -0.3499194682 -0.8753121495 0.9378145337 0.2173128873 0.2707010508 0.0954930335 -0.9112252593 0.4006864130
320.5 -161.2 2501.3 -0.3687465787 -0.3499194682 -0.8611517549 0.8622386456 0.2173128873 -0.4575146735 0.3472326696 -0.9112252593 0.2215806991
683.9 85.6 2537.0 -0.0453393199 0.9440653324 0.3266266584 -0.9956999421 -0.0162666421 -0.0911976546 -0.0807834268 -0.3293569684 0.9407433271
672.6 -162.1 2516.9 0.1388767660 0.9404951930 0.3101322055 -0.9261395335 0.2342417687 -0.2956287563 -0.3506833613 -0.2461697459 0.9035605192
423.9 -298.8 2572.1 0.9872745872 0.1090273559 -0.1157666445 -0.1376721859 0.9503539801 -0.2790584862 0.0795942843 0.2914452255 0.9532703757
381.6 -667.6 2459.0 0.9823755622 0.1794684082 -0.0522436611 -0.1664852649 0.9671823978 0.1919397563 0.0849762708 -0.1798591167 0.9800151587
602.7 -306.5 2567.9 0.9967063069 -0.0129874032 -0.0800494030 0.0026059491 0.9917124510 -0.1284507215 0.0810542330 0.1278190464 0.9884799123
607.8 -691.1 2518.4 0.9944561124 -0.0669469908 -0.0810874924 0.0708771944 0.9963960052 0.0465983488 0.0776756406 -0.0520872660 0.9956170917
423.3 -401.5 2404.6 0 0 0 0 0 0 0 0 0
710.1 -412.3 2422.2 0 0 0 0 0 0 0 0 0
314.6 -1028.5 2526.1 0 0 0 0 0 0 0 0 0
632.7 -1062.2 2537.8 0 0 0 0 0 0 0 0 0
561.7 285.0 2512.5 38 0.9992256761 0.0197127983 -0.0340514593 -0.0159830321 0.9941812158 0.1065281332 0.0359532908 -0.1059013978 0.9937264323
557.8 88.7 2533.4 0.9992256761 0.0197127983 -0.0340514593 -0.0159830321 0.9941812158 0.1065281332 0.0359532908 -0.1059013978 0.9937264323
554.8 -104.5 2551.5 0.9992950559 0.0153107857 -0.0342775956 -0.0120396549 0.9955294132 0.0936813280 0.0355586894 -0.0932025984 0.9950119853
421.4 90.3 2528.6 0.3172165155 -0.2820649743 -0.9054352641 0.9381821752 0.2327905893 0.2561694086 0.1385203898 -0.9307243824 0.3384733498
338.9 -153.9 2492.5 -0.3747670949 -0.2820649743 -0.8831698298 0.8663033843 0.2327905893 -0.4419581294 0.3302545249 -0.9307243824 0.1571116000
694.2 87.0 2538.3 -0.0266354270 0.9442704320 0.3280913234 -0.9965142012 0.0008750526 -0.0834184438 -0.0790566653 -0.3291695416 0.9409555793
687.6 -160.9 2518.6 0.1562974006 0.9359846115 0.3154424429 -0.9239792824 0.2514166236 -0.2881873548 -0.3490463793 -0.2464193553 0.9041261673
445.1 -293.7 2564.6 0.9834530354 0.1440743506 -0.1098305881 -0.1691891551 0.9471686482 -0.2724822462 0.0647703931 0.2865556180 0.9558717012
389.2 -661.1 2453.4 0.9875711799 0.1549362391 -0.0264189504 -0.1454607397 0.9646472335 0.2197656035 0.0595346242 -0.2131912559 0.9751949310
623.7 -299.3 2570.9 0.9957583547 0.0486932024 -0.0780655444 -0.0604553558 0.9858741164 -0.1561964452 0.0693570971 0.1602533907 0.9846361876
604.8 -680.8 2508.9 0.9911376238 -0.1167289019 -0.0634077340 0.1224439442 0.9878878593 0.0953154638 0.0515136607 -0.1022346392 0.9934256077
443.4 -395.5 2400.4 0 0 0 0 0 0 0 0 0
729.8 -410.5 2424.4 0 0 0 0 0 0 0 0 0
331.4 -1020.8 2532.9 0 0 0 0 0 0 0 0 0
648.2 -1048.3 2546.9 0 0 0 0 0 0 0 0 0
576.9 284.7 2513.2 39 0.9992388487 0.0357127376 -0.0156933218 -0.0339100957 0.9940954447 0.1030746400 0.0192817375 -0.1024640277 0.9945498109
569.8 88.5 2533.5 0.9992388487 0.0357127376 -0.0156933218 -0.0339100957 0.9940954447 0.1030746400 0.0192817375 -0.1024640277 0.9945498109
563.8 -104.6 2551.0 0.9993972778 0.0307500008 -0.0161103997 -0.0291685779 0.9954610467 0.0905894488 0.0188229010 -0.0900649279 0.9957579970
433.4 92.5 2530.9 0.2971462607 -0.2086313218 -0.9317601919 0.9382269382 0.2449949831 0.2443514913 0.1772972047 -0.9468106627 0.2685428560
355.2 -154.2 2484.2 -0.4176868498 -0.2086313218 -0.8843136430 0.8530592322 0.2449949831 -0.4607248306 0.3127740324 -0.9468106627 0.0756436959
706.2 84.5 2536.1 -0.0449548401 0.9385392070 0.3422327042 -0.9956192970 -0.0139778545 -0.0924492031 -0.0819835290 -0.3448895216 0.9350560904
695.1 -163.2 2515.7 0.1346712708 0.9359097481 0.3254789710 -0.9252140522 0.2363622636 -0.2968364060 -0.3547430336 -0.2611623704 0.8977480531
462.5 -296.7 2566.5 0.9858552217 0.1656554788 -0.0254497491 -0.1654871702 0.9381148219 -0.3042278290 -0.0265222229 0.3041362166 0.9522593021
398.2 -660.6 2448.5 0.9858552217 0.1544703692 0.0650256574 -0.1654871702 0.9585779309 0.2318240106 -0.0265222229 -0.2393058389 0.9705819488
641.3 -298.8 2572.8 0.9948467016 0.0773270577 -0.0655786917 -0.0877803415 0.9805746078 -0.1754080653 0.0507410131 0.1802606583 0.9823092222
611.3 -678.7 2503.0 0.9942975044 -0.0997657552 -0.0376737453 0.1042098105 0.9839894176 0.1445862353 0.0226458125 -0.1476877034 0.9887747765
471.7 -392.1 2397.0 0 0 0 0 0 0 0 0 0
731.4 -413.1 2419.8 0 0 0 0 0 0 0 0 0
340.6 -1018.1 2537.7 0 0 0 0 0 0 0 0 0
648.5 -1044.9 2558.0 0 0 0 0 0 0 0 0 0
586.5 287.5 2520.6 40 0.9986583591 0.0487207472 -0.0175423995 -0.0472621731 0.9960112572 0.0756824166 0.0211597309 -0.0747517869 0.9969776273
576.9 90.6 2535.4 0.9986583591 0.0487207472 -0.0175423995 -0.0472621731 0.9960112572 0.0756824166 0.0211597309 -0.0747517869 0.9969776273
568.1 -102.9 2546.9 0.9988066554 0.0452903360 -0.0182755552 -0.0441177785 0.9972146153 0.0601380169 0.0209483225 -0.0592599772 0.9980227351
440.5 96.6 2532.5 0.2585188746 -0.0169194266 -0.9658580422 0.9384168386 0.2416485399 0.2469409704 0.2292200774 -0.9702163339 0.0783481821
372.8 -149.3 2472.5 -0.4273106158 -0.0169194266 -0.9039465785 0.8755272627 0.2416485399 -0.4183993340 0.2255164385 -0.9702163339 -0.0884455666
713.2 84.6 2538.2 -0.0588977486 0.9394368529 0.3376231790 -0.9918757677 -0.0168713573 -0.1260863394 -0.1127540022 -0.3423064649 0.9327983856
698.6 -162.1 2510.2 0.1226636916 0.9400953650 0.3180791736 -0.9157065153 0.2307866067 -0.3289667964 -0.3826685548 -0.2509148717 0.8891605735
468.4 -295.2 2566.8 0.9863772392 0.1614399850 -0.0315756537 -0.1629490852 0.9326279163 -0.3219514787 -0.0225275047 0.3227108419 0.9462294579
405.8 -657.1 2441.6 0.9863772392 0.1521571577 0.0625147298 -0.1629490852 0.9558208585 0.2446508408 -0.0225275047 -0.2515047491 0.9675938487
647.3 -300.4 2570.2 0.9950705767 0.0722696185 -0.0679091066 -0.0824473202 0.9834168553 -0.1615356952 0.0551088303 0.1663383543 0.9845275879
619.3 -681.8 2505.7 0.9967060089 -0.0691057518 -0.0424445532 0.0746823847 0.9861400723 0.1481564492 0.0316178128 -0.1508382857 0.9880526662
491.5 -392.5 2409.8 0 0 0 0 0 0 0 0 0
731.7 -409.5 2406.8 0 0 0 0 0 0 0 0 0
349.0 -1013.7 2535.4 0 0 0 0 0 0 0 0 0
645.1 -1049.2 2561.9 0 0 0 0 0 0 0 0 0
596.1 294.1 2516.3 41 0.9979654551 0.0634280965 -0.0064679249 -0.0625722930 0.9938342571 0.0915326625 0.0122337881 -0.0909417272 0.9957810640
583.5 97.2 2534.3 0.9979654551 0.0634280965 -0.0064679249 -0.0625722930 0.9938342571 0.0915326625 0.0122337881 -0.0909417272 0.9957810640
571.7 -96.0 2548.3 0.9981154203 0.0608871058 -0.0076415874 -0.0601726100 0.9955332875 0.0727510080 0.0120370528 -0.0721540898 0.9973208308
447.2 105.4 2532.6 0.2237557024 0.1726666540 -0.9592286348 0.9329550862 0.2468222827 0.2620563805 0.2820073962 -0.9535538554 -0.1058623418
388.2 -140.6 2458.3 -0.4046865106 0.1726666540 -0.8980061412 0.9003881216 0.2468222827 -0.3583015203 0.1597812027 -0.9535538554 -0.2553526461
719.8 89.0 2536.0 -0.0760695711 0.9356840253 0.3445414901 -0.9920977950 -0.0364483558 -0.1200561076 -0.0997766033 -0.3509514630 0.9310626388
700.9 -157.8 2511.1 0.1040839851 0.9412443638 0.3212873936 -0.9222454429 0.2122756988 -0.3231135607 -0.3723303378 -0.2626748979 0.8901528120
469.9 -292.3 2556.5 0.9877115488 0.1527024508 -0.0332848355 -0.1555845588 0.9405260086 -0.3020003736 -0.0148109375 0.3034678400 0.9527265429
410.6 -657.3 2438.8 0.9877115488 0.1460633278 0.0556005426 -0.1555845588 0.9526535273 0.2612367868 -0.0148109375 -0.2666771710 0.9636721015
648.8 -300.3 2560.2 0.9958270788 0.0697646886 -0.0588333271 -0.0765103251 0.9896358252 -0.1215197742 0.0497457795 0.1255140305 0.9908438921
621.7 -683.9 2511.6 0.9971217513 -0.0640094131 -0.0406324565 0.0683489516 0.9908513427 0.1163704470 0.0328119174 -0.1188126951 0.9923743606
500.6 -390.8 2413.9 0 0 0 0 0 0 0 0 0
729.0 -406.9 2410.6 0 0 0 0 0 0 0 0 0
356.1 -1012.8 2538.3 0 0 0 0 0 0 0 0 0
645.6 -1053.3 2555.9 0 0 0 0 0 0 0 0 0
599.8 288.1 2522.1 42 0.9974799156 0.0686381683 0.0179625005 -0.0697096661 0.9952438474 0.0680463314 -0.0132064922 -0.0691270083 0.9975204468
586.3 91.6 2535.8 0.9974799156 0.0686381683 0.0179625005 -0.0697096661 0.9952438474 0.0680463314 -0.0132064922 -0.0691270083 0.9975204468
573.3 -101.7 2546.2 0.9976015687 0.0671166182 0.0169253629 -0.0679247677 0.9962906241 0.0528314263 -0.0133167133 -0.0538543649 0.9984599948
450.1 100.8 2537.6 0.1936349571 0.4005431533 -0.8955839872 0.9118332863 0.2633825243 0.3149440587 0.3620298505 -0.8776074648 -0.3142285049
401.6 -127.8 2446.8 -0.3793408871 0.4005431533 -0.8340657353 0.9195251465 0.2633825243 -0.2917245030 0.1028300971 -0.8776074648 -0.4682212472
722.5 82.3 2534.0 -0.0864008069 0.9266522527 0.3658557832 -0.9893004298 -0.0364703387 -0.1412606686 -0.1175566316 -0.3741463125 0.9198885560
701.0 -163.8 2504.7 0.0877013952 0.9363282323 0.3399969637 -0.9153673053 0.2103881240 -0.3432776034 -0.3929518163 -0.2811161876 0.8755356073
470.5 -283.7 2561.3 0.9900971055 0.1386781633 -0.0218189899 -0.1380035877 0.9329791069 -0.3324229717 -0.0257431436 0.3321421146 0.9428780079
416.7 -645.6 2432.4 0.9900971055 0.1252678484 0.0633692890 -0.1380035877 0.9512800574 0.2757195830 -0.0257431436 -0.2817343473 0.9591470361
649.3 -294.5 2563.4 0.9967680573 0.0724429563 -0.0347197764 -0.0762443170 0.9892440438 -0.1248318404 0.0253031440 0.1270755678 0.9915702343
621.2 -678.3 2514.1 0.9976502657 -0.0668751225 -0.0148878442 0.0682710782 0.9886001945 0.1341964155 0.0057437238 -0.1348975003 0.9908429384
507.0 -383.3 2418.2 0 0 0 0 0 0 0 0 0
724.7 -411.1 2398.6 0 0 0 0 0 0 0 0 0
370.0 -1000.6 2537.5 0 0 0 0 0 0 0 0 0
646.1 -1047.0 2564.4 0 0 0 0 0 0 0 0 0
605.0 287.7 2533.0 43 0.9970431924 0.0736326948 0.0219805893 -0.0743614733 0.9966372848 0.0344173163 -0.0193724334 -0.0359500572 0.9991657734
590.5 91.1 2540.1 0.9970431924 0.0736326948 0.0219805893 -0.0743614733 0.9966372848 0.0344173163 -0.0193724334 -0.0359500572 0.9991657734
576.7 -102.4 2545.5 0.9972473383 0.0709951967 0.0213879924 -0.0715470687 0.9970917702 0.0262482259 -0.0194622930 -0.0277062207 0.9994266033
454.3 100.8 2542.8 0.1531759202 0.6058580279 -0.7806876302 0.8893325329 0.2599187791 0.3762045205 0.4308419228 -0.7519164085 -0.4989959896
416.2 -120.6 2435.5 -0.3499400914 0.6058580279 -0.7144774199 0.9358507991 0.2599187791 -0.2379611135 0.0415354446 -0.7519164085 -0.6579487324
726.6 81.3 2537.5 -0.0909789875 0.9248948693 0.3691777885 -0.9854779840 -0.0302440897 -0.1670880169 -0.1433734149 -0.3790180981 0.9142151475
704.0 -163.8 2501.8 0.0822541863 0.9359842539 0.3422977328 -0.9049614072 0.2140178978 -0.3677514791 -0.4174674451 -0.2795171440 0.8646335006
470.9 -289.0 2557.9 0.9916918278 0.1272783130 -0.0186433904 -0.1268065125 0.9429031014 -0.3079834282 -0.0216207039 0.3077887595 0.9512090087
421.5 -654.7 2438.5 0.9916918278 0.1172052100 0.0530121140 -0.1268065125 0.9599765539 0.2497301996 -0.0216207039 -0.2543776929 0.9668632746
649.5 -301.1 2555.5 0.9973930120 0.0670503452 -0.0266728997 -0.0692244917 0.9934144020 -0.0913004205 0.0203755181 0.0929088220 0.9954661131
623.5 -686.4 2519.5 0.9986732602 -0.0497535877 -0.0132795125 0.0508469678 0.9935391545 0.1014622003 0.0081456071 -0.1020028070 0.9947507381
513.4 -380.7 2424.0 0 0 0 0 0 0 0 0 0
726.2 -408.3 2389.1 0 0 0 0 0 0 0 0 0
377.8 -1012.9 2533.4 0 0 0 0 0 0 0 0 0
642.1 -1056.9 2557.5 0 0 0 0 0 0 0 0 0
608.7 291.1 2534.0 44 0.9966303706 0.0794646740 0.0203283224 -0.0800761729 0.9962978363 0.0312797837 -0.0177674256 -0.0328021981 0.9993039370
593.0 94.1 2540.5 0.9966303706 0.0794646740 0.0203283224 -0.0800761729 0.9962978363 0.0312797837 -0.0177674256 -0.0328021981 0.9993039370
578.1 -99.4 2545.0 0.9968739152 0.0765409917 0.0195921753 -0.0769647583 0.9967938066 0.0218749344 -0.0178550296 -0.0233144592 0.9995687008
456.8 104.6 2542.9 0.0882845148 0.8098034859 -0.5800208449 0.8603251576 0.2314919233 0.4541498423 0.5020422339 -0.5391009450 -0.6762571931
435.1 -106.6 2419.7 -0.2919444442 0.8098034859 -0.5089074373 0.9560247660 0.2314919233 -0.1800782084 -0.0280200001 -0.5391009450 -0.8417749405
729.1 83.6 2538.1 0.0766433999 0.9671759009 0.2422737181 -0.9804310203 0.1172977537 -0.1581021547 -0.1813307554 -0.2254151702 0.9572393298
746.1 -133.9 2497.8 -0.1265473068 0.9671759009 0.2203554958 -0.5469191670 0.1172977537 -0.8289273977 -0.8275657892 -0.2254151702 0.5141233206
473.6 -289.4 2552.7 0.9884228706 0.1353480518 0.0685650930 -0.1079105586 0.9447891116 -0.3094008565 -0.1066563502 0.2984199822 0.9484565854
421.1 -656.1 2436.8 0.9884228706 0.0770359933 0.1307123601 -0.1079105586 0.9625458121 0.2487185597 -0.1066563502 -0.2599443495 0.9597152472
652.2 -302.2 2549.1 0.9961089492 0.0838239342 -0.0272122640 -0.0855750591 0.9937788248 -0.0712777376 0.0210681912 0.0733290836 0.9970852137
619.7 -687.7 2520.7 0.9964456558 -0.0833081827 -0.0124827065 0.0841395929 0.9914587140 0.0996498466 0.0040744399 -0.1003459468 0.9949442744
516.1 -371.8 2427.5 0 0 0 0 0 0 0 0 0
719.0 -251.1 2320.5 0 0 0 0 0 0 0 0 0
392.3 -1015.0 2533.8 0 0 0 0 0 0 0 0 0
650.8 -1057.4 2558.1 0 0 0 0 0 0 0 0 0
610.1 295.7 2531.5 45 0.9967027903 0.0810194686 0.0044054193 -0.0811278895 0.9959989190 0.0374756642 -0.0013515346 -0.0377095044 0.9992878437
594.0 98.4 2539.0 0.9967027903 0.0810194686 0.0044054193 -0.0811278895 0.9959989190 0.0374756642 -0.0013515346 -0.0377095044 0.9992878437
579.0 -95.1 2544.0 0.9970118999 0.0771695152 0.0034805771 -0.0772338584 0.9966784716 0.0258255992 -0.0014760676 -0.0260172486 0.9996604323
457.8 108.9 2539.2 0.0076269927 0.9389311075 -0.3440205753 0.8271133900 0.1874215752 0.5298646688 0.5619832873 -0.2885853052 -0.7751730680
455.9 -98.8 2398.0 -0.2315308005 0.9389311075 -0.2545620203 0.9645158648 0.1874215752 -0.1859632134 -0.1268962324 -0.2885853052 -0.9490078092
730.2 87.8 2538.8 0.3178514838 0.7849797010 0.5317681432 -0.8985193372 0.4284439385 -0.0953875855 -0.3027101457 -0.4474848509 0.8415009379
807.6 -131.0 2465.0 -0.4265142679 0.7849797010 0.4493244886 -0.1501294672 0.4284439385 -0.8910089731 -0.8919342756 -0.4474848509 -0.0648888648
474.0 -285.9 2551.2 0.9910894632 0.1219903305 0.0534788780 -0.1012230068 0.9507709146 -0.2928969264 -0.0865767598 0.2848737836 0.9546472430
426.6 -654.9 2440.6 0.9910894632 0.0778996050 0.1080429703 -0.1012230068 0.9677227139 0.2307955772 -0.0865767598 -0.2396754920 0.9669850469
652.6 -299.7 2547.9 0.9950940609 0.0888438672 -0.0435270332 -0.0917446092 0.9933242202 -0.0699277073 0.0370238088 0.0735780150 0.9966019988
618.1 -685.2 2519.4 0.9966017604 -0.0785359442 -0.0248401985 0.0811212659 0.9881176353 0.1305482686 0.0142923072 -0.1321197003 0.9911307096
519.9 -365.4 2433.1 0 0 0 0 0 0 0 0 0
718.3 -162.5 2278.2 0 0 0 0 0 0 0 0 0
397.6 -1015.9 2530.0 0 0 0 0 0 0 0 0 0
647.4 -1053.7 2568.7 0 0 0 0 0 0 0 0 0
613.2 297.3 2538.7 46 0.9962416291 0.0866170675 0.0002817035 -0.0866131932 0.9961540103 0.0132401641 0.0008662042 -0.0132148024 0.9999123216
596.1 100.5 2541.3 0.9962416291 0.0866170675 0.0002817035 -0.0866131932 0.9961540103 0.0132401641 0.0008662042 -0.0132148024 0.9999123216
579.9 -92.9 2541.7 0.9965091348 0.0834813640 -0.0006674862 -0.0834797844 0.9965072274 0.0021206411 0.0008421888 -0.0020575165 0.9999975562
459.9 111.9 2541.2 -0.0515442342 0.9728510976 -0.2256190330 0.8115410209 0.1724670380 0.5582618117 0.5820174813 -0.1543239355 -0.7983982563
473.1 -96.0 2392.1 -0.1971566230 0.9728510976 -0.1212024018 0.9668329954 0.1724670380 -0.1883855015 -0.1623676121 -0.1543239355 -0.9745875597
732.2 89.1 2541.4 0.2864053249 0.8464124799 0.4489519894 -0.8820896149 0.4158622921 -0.2213062048 -0.3740185499 -0.3326326311 0.8657168746
793.8 -100.6 2461.0 -0.3576924503 0.8464124799 0.3945148885 -0.0187737998 0.4158622921 -0.9092338085 -0.9336507320 -0.3326326311 -0.1328604370
474.7 -281.6 2549.2 0.9919304848 0.1151861548 0.0529721119 -0.0965618864 0.9571322799 -0.2730816305 -0.0821565390 0.2657628953 0.9605312943
430.0 -653.0 2446.1 0.9914919138 0.0808636919 0.1020039842 -0.1020088941 0.9694679379 0.2229936272 -0.0808575004 -0.2315016985 0.9694684148
653.4 -295.4 2548.9 0.9942972064 0.0963704363 -0.0456707366 -0.0992789939 0.9928422570 -0.0663923547 0.0389455780 0.0705478787 0.9967478514
616.0 -680.8 2521.5 0.9969730377 -0.0725612566 -0.0279226284 0.0752151832 0.9910709858 0.1100953743 0.0196846481 -0.1118623242 0.9935287237
527.9 -364.3 2437.2 0 0 0 0 0 0 0 0 0
713.4 -104.8 2251.1 0 0 0 0 0 0 0 0 0
399.9 -1014.8 2532.4 0 0 0 0 0 0 0 0 0
643.0 -1050.5 2563.3 0 0 0 0 0 0 0 0 0
611.6 296.6 2533.3 47 0.9966930747 0.0812060535 0.0029074703 -0.0812418088 0.9965714812 0.0156544745 -0.0016262640 -0.0158389155 0.9998732209
595.5 99.5 2536.5 0.9966930747 0.0812060535 0.0029074703 -0.0812418088 0.9965714812 0.0156544745 -0.0016262640 -0.0158389155 0.9998732209
580.3 -93.9 2537.7 0.9968919754 0.0787520334 0.0021265417 -0.0787633881 0.9968757629 0.0059222993 -0.0016535047 -0.0060713864 0.9999802113
459.3 110.3 2536.7 -0.0688805580 0.9732515812 -0.2191730589 0.7960044146 0.1860469878 0.5759891868 0.6013588309 -0.1347882599 -0.7875275612
476.4 -86.4 2388.1 -0.2059136182 0.9732515812 -0.1018868983 0.9665921330 0.1860469878 -0.1763126701 -0.1526408345 -0.1347882599 -0.9790469408
731.7 88.8 2536.2 0.2211237848 0.8867172599 0.4060009718 -0.8715037107 0.3665087819 -0.3258107305 -0.4377049208 -0.2817868292 0.8538211584
776.8 -88.7 2447.1 -0.3437579870 0.8867172599 0.3091325760 0.1151359752 0.3665087819 -0.9232632518 -0.9319732785 -0.2817868292 -0.2280833721
474.4 -278.8 2542.1 0.9922154546 0.1086530685 0.0608519092 -0.0915453658 0.9676527381 -0.2350906283 -0.0844268352 0.2276898474 0.9700667262
432.3 -654.1 2453.8 0.9907679558 0.0901719779 0.1012319028 -0.1088944897 0.9741206765 0.1980678141 -0.0807519257 -0.2072628289 0.9749467969
652.9 -293.7 2542.2 0.9940213561 0.1004672572 -0.0427530669 -0.1031064689 0.9925571084 -0.0648034960 0.0359242298 0.0688241795 0.9969817996
613.9 -679.0 2515.5 0.9976755977 -0.0638830364 -0.0237134639 0.0662363023 0.9908851981 0.1172997877 0.0160038546 -0.1185978353 0.9928134084
533.7 -355.4 2430.6 0 0 0 0 0 0 0 0 0
695.5 -61.5 2226.8 0 0 0 0 0 0 0 0 0
398.6 -1017.5 2531.1 0 0 0 0 0 0 0 0 0
637.8 -1048.8 2559.7 0 0 0 0 0 0 0 0 0
603.1 296.0 2531.7 48 0.9963462353 0.0612426177 -0.0595278516 -0.0601214916 0.9979816079 0.0204473790 0.0606599525 -0.0167937670 0.9980171919
590.9 98.3 2535.0 0.9963462353 0.0612426177 -0.0595278516 -0.0601214916 0.9979816079 0.0204473790 0.0606599525 -0.0167937670 0.9980171919
580.3 -95.5 2536.4 0.9966787696 0.0548904240 -0.0601538122 -0.0544045679 0.9984719753 0.0096864067 0.0605935901 -0.0063815936 0.9981421232
455.1 105.7 2526.7 -0.1266327202 0.9802643061 -0.1518091559 0.7795515656 0.1929833740 0.5958663821 0.6134032011 -0.0428868793 -0.7886046171
485.4 -80.9 2379.9 -0.1976389736 0.9802643061 -0.0045498461 0.9616588950 0.1929833740 -0.1948577166 -0.1901340336 -0.0428868793 -0.9808209538
726.8 90.8 2543.2 0.1501262486 0.8921793699 0.4260023832 -0.8366489410 0.3442212641 -0.4260637164 -0.5267643929 -0.2924510837 0.7981175780
758.9 -88.0 2430.7 -0.3814411759 0.8921793699 0.2419061065 0.2274214476 0.3442212641 -0.9109287858 -0.8959810734 -0.2924510837 -0.3342008889
475.7 -280.4 2539.0 0.9928635955 0.1189773977 0.0081416098 -0.1146563217 0.9711217284 -0.2092283815 -0.0327999443 0.2068017572 0.9778329134
429.5 -657.1 2458.8 0.9957183599 0.0746787563 0.0544792451 -0.0838170424 0.9779243469 0.1914122552 -0.0389821492 -0.1951589882 0.9799966216
654.3 -294.5 2538.7 0.9882640839 0.1129378974 -0.1028548777 -0.1195104867 0.9910100102 -0.0601364709 0.0951385275 0.0717229545 0.9928768873
610.4 -679.2 2510.8 0.9927819371 -0.0871707499 -0.0823725536 0.0958137810 0.9895700812 0.1075676829 0.0721366554 -0.1146836802 0.9907794595
540.4 -348.8 2432.9 0 0 0 0 0 0 0 0 0
666.6 -32.9 2213.8 0 0 0 0 0 0 0 0 0
401.6 -1022.0 2531.6 0 0 0 0 0 0 0 0 0
643.0 -1048.4 2553.6 0 0 0 0 0 0 0 0 0
597.9 292.6 2531.3 49 0.9959990382 0.0496792421 -0.0742823258 -0.0489854477 0.9987374544 0.0111340396 0.0747416690 -0.0074507394 0.9971750975
588.1 95.1 2532.8 0.9959990382 0.0496792421 -0.0742823258 -0.0489854477 0.9987374544 0.0111340396 0.0747416690 -0.0074507394 0.9971750975
579.5 -98.8 2533.4 0.9962320328 0.0443584248 -0.0745259896 -0.0440365374 0.9990121722 0.0059576016 0.0747166425 -0.0026532868 0.9972012639
452.1 101.1 2522.6 -0.1716687232 0.9796919823 -0.1036024541 0.7392351031 0.1976160705 0.6438007355 0.6511999369 0.0339338742 -0.7581471801
492.4 -72.5 2369.7 -0.1850398630 0.9796919823 0.0772260875 0.9562529922 0.1976160705 -0.2157038152 -0.2265844196 0.0339338742 -0.9734002352
724.0 89.1 2543.0 0.0688370392 0.8915404081 0.4476797283 -0.7892541289 0.3231409788 -0.5221664310 -0.6101961732 -0.3173886836 0.7258960605
738.7 -78.9 2413.1 -0.4132128060 0.8915404081 0.1855015904 0.2932783663 0.3231409788 -0.8997598290 -0.8621153831 -0.3173886836 -0.3949955106
480.5 -284.4 2532.3 0.9928191304 0.1196075231 0.0020469998 -0.1176759452 0.9795761704 -0.1630425602 -0.0215063076 0.1616308838 0.9866169095
434.2 -664.1 2469.7 0.9930760860 0.1112277359 0.0377921313 -0.1154266819 0.9836875796 0.1379689723 -0.0218296740 -0.1413758993 0.9897152781
658.7 -294.1 2543.2 0.9848803878 0.1270023435 -0.1178177297 -0.1365215927 0.9876739979 -0.0765634477 0.1066417694 0.0914904997 0.9900792837
609.4 -677.4 2507.7 0.9916782379 -0.0897748917 -0.0922752321 0.0995596722 0.9892002344 0.1075675339 0.0816218182 -0.1158592775 0.9899063110
544.0 -339.0 2432.8 0 0 0 0 0 0 0 0 0
637.2 -6.8 2201.4 0 0 0 0 0 0 0 0 0
392.7 -1030.5 2522.3 0 0 0 0 0 0 0 0 0
642.9 -1046.6 2550.9 0 0 0 0 0 0 0 0 0
596.8 295.3 2529.6 50 0.9920997620 0.0484421141 -0.1157211587 -0.0465138443 0.9987310171 0.0193073433 0.1165096015 -0.0137721747 0.9930940866
587.2 97.7 2532.4 0.9920997620 0.0484421141 -0.1157211587 -0.0465138443 0.9987310171 0.0193073433 0.1165096015 -0.0137721747 0.9930940866
579.6 -96.3 2533.2 0.9924504757 0.0392297469 -0.1162027940 -0.0385219604 0.9992229939 0.0083313650 0.1164393425 -0.0037921076 0.9931905866
451.8 102.9 2516.5 -0.1893735826 0.9727773666 -0.1335733533 0.7343943715 0.2306183726 0.6383416653 0.6517688036 0.0227895211 -0.7580752373
496.0 -68.3 2364.5 -0.2174064964 0.9727773666 0.0802409500 0.9422299266 0.2306183726 -0.2429361492 -0.2548278272 0.0227895211 -0.9667178392
722.6 92.4 2548.3 0.0325883068 0.8894622326 0.4558453262 -0.7789916992 0.3083517253 -0.5459772944 -0.6261868477 -0.3373072445 0.7029322982
729.8 -79.5 2410.1 -0.4369104803 0.8894622326 0.1340380609 0.3572694361 0.3083517253 -0.8816335797 -0.8255106211 -0.3373072445 -0.4524997771
481.7 -288.7 2527.3 0.9885177016 0.1468636394 -0.0355503336 -0.1504122913 0.9788686633 -0.1385361105 0.0144531904 0.1422926039 0.9897190928
424.8 -668.3 2472.1 0.9985491633 0.0529836975 0.0096068233 -0.0538363606 0.9859679341 0.1580153406 -0.0010997831 -0.1583032757 0.9873899221
660.0 -296.6 2540.7 0.9787290096 0.1304801553 -0.1583176255 -0.1431143135 0.9871439338 -0.0711698383 0.1469960362 0.0923135057 0.9848199487
609.4 -679.8 2504.8 0.9883698821 -0.0720759630 -0.1339028776 0.0854827613 0.9915842414 0.0972286537 0.1257681251 -0.1075442657 0.9862132668
524.7 -192.7 2398.1 0 0 0 0 0 0 0 0 0
621.4 9.2 2205.2 0 0 0 0 0 0 0 0 0
405.1 -1035.2 2531.0 0 0 0 0 0 0 0 0 0
636.3 -1049.8 2545.0 0 0 0 0 0 0 0 0 0
591.9 296.7 2528.8 51 0.9931716919 0.0447596908 -0.1077335924 -0.0431462601 0.9989196062 0.0172619093 0.1083898395 -0.0124957385 0.9940299392
583.1 99.5 2531.3 0.9931716919 0.0447596908 -0.1077335924 -0.0431462601 0.9989196062 0.0172619093 0.1083898395 -0.0124957385 0.9940299392
576.2 -94.5 2532.0 0.9935043454 0.0354721919 -0.1081242636 -0.0348617174 0.9993637800 0.0075316457 0.1083226353 -0.0037133251 0.9941088557
447.4 104.3 2516.5 -0.2135907561 0.9203031659 -0.3277514875 0.7237381935 0.3744114041 0.5796716213 0.6561875343 -0.1133937612 -0.7460293770
497.8 -66.2 2361.9 -0.3849118650 0.9203031659 0.0698921457 0.8148382902 0.3744114041 -0.4425547123 -0.4334529340 -0.1133937612 -0.8940136433
718.7 94.7 2546.1 0.0039189002 0.8873559237 0.4610684812 -0.7559831142 0.3044395149 -0.5794878006 -0.6545794010 -0.3462890387 0.6720191240
719.6 -71.5 2402.2 -0.4483633339 0.8873559237 0.1075631157 0.3945245445 0.3044395149 -0.8669872880 -0.8020727634 -0.3462890387 -0.4865832031
483.2 -286.8 2523.5 0.9890895486 0.1456688493 -0.0219637174 -0.1471818835 0.9834939837 -0.1052479595 0.0062698345 0.1073323190 0.9942034483
426.7 -668.1 2481.9 0.9975736737 0.0691258162 0.0082666148 -0.0696035400 0.9927546978 0.0979461148 -0.0014361151 -0.0982838571 0.9951573610
660.8 -293.7 2544.4 0.9791352153 0.1348205060 -0.1520448029 -0.1491950601 0.9849352837 -0.0874259546 0.1379674822 0.1082861647 0.9844993949
608.4 -676.0 2502.4 0.9907237887 -0.0607221797 -0.1215696186 0.0747050941 0.9906703830 0.1139795259 0.1135143340 -0.1220040992 0.9860169888
514.4 -101.4 2380.7 0 0 0 0 0 0 0 0 0
608.2 26.6 2202.9 0 0 0 0 0 0 0 0 0
401.0 -1037.4 2518.5 0 0 0 0 0 0 0 0 0
631.1 -1045.7 2547.9 0 0 0 0 0 0 0 0 0
591.7 298.1 2528.9 52 0.9956869483 0.0498819649 -0.0782261714 -0.0495026782 0.9987509847 0.0067815040 0.0784667358 -0.0028798499 0.9969125986
581.8 99.9 2529.5 0.9956869483 0.0498819649 -0.0782261714 -0.0495026782 0.9987509847 0.0067815040 0.0784667358 -0.0028798499 0.9969125986
573.9 -94.0 2528.4 0.9960817099 0.0404528603 -0.0786434561 -0.0407713391 0.9991655350 -0.0024475274 0.0784788206 0.0056443363 0.9968997836
445.8 105.5 2518.7 -0.2213896960 0.1054942384 -0.9694625139 0.7153322101 0.6932315230 -0.0879200995 0.6627869010 -0.7129523158 -0.2289377302
498.6 -65.1 2360.7 -0.7941698432 0.1054942384 0.5984690785 -0.3727490902 0.6932315230 -0.6168372631 -0.4799503982 -0.7129523158 -0.5112206936
717.8 94.4 2540.2 -0.0190576166 0.9002126455 0.4350333512 -0.7709674835 0.2638067305 -0.5796681046 -0.6365892887 -0.3464436531 0.6890071630
713.7 -68.9 2405.3 -0.4309725463 0.9002126455 0.0622885004 0.4259573221 0.2638067305 -0.8654284477 -0.7955017686 -0.3464436531 -0.4971456230
480.4 -285.4 2523.1 0.9908105731 0.1349442005 0.0091910698 -0.1333614141 0.9860039353 -0.1000549421 -0.0225642659 0.0979097635 0.9949394464
428.0 -667.9 2485.1 0.9963347912 0.0789551064 0.0329103433 -0.0812609792 0.9937993288 0.0758913755 -0.0267142653 -0.0782875493 0.9965728521
658.2 -291.6 2542.5 0.9836281538 0.1318187565 -0.1228798628 -0.1437618285 0.9851396680 -0.0939804092 0.1086654514 0.1101072133 0.9879616499
607.1 -674.0 2499.7 0.9940978289 -0.0627037287 -0.0885312110 0.0747224540 0.9873672724 0.1397227198 0.0786516890 -0.1455133110 0.9862250090
510.0 -59.8 2367.6 0 0 0 0 0 0 0 0 0
605.8 37.8 2206.1 0 0 0 0 0 0 0 0 0
398.6 -1038.2 2514.3 0 0 0 0 0 0 0 0 0
630.5 -1042.5 2554.0 0 0 0 0 0 0 0 0 0
590.8 299.3 2528.9 53 0.9956907630 0.0538440756 -0.0755028874 -0.0540445782 0.9985383153 -0.0006134307 0.0753595009 0.0046913093 0.9971454144
580.1 101.3 2528.0 0.9956907630 0.0538440756 -0.0755028874 -0.0540445782 0.9985383153 -0.0006134307 0.0753595009 0.0046913093 0.9971454144
571.9 -92.6 2525.3 0.9962196946 0.0421115607 -0.0759796128 -0.0430335328 0.9990180731 -0.0105376085 0.0754612461 0.0137674436 0.9970536828
444.0 107.2 2517.7 -0.2297519147 -0.8711240292 -0.4340010881 0.7170534730 0.1500059068 -0.6806853414 0.6580640674 -0.4675907493 0.5901784301
499.1 -64.6 2360.0 -0.2581103444 -0.8711240292 0.4177582264 -0.9499269724 0.1500059068 -0.2741112113 0.1761186570 -0.4675907493 -0.8662223220
716.1 95.5 2538.3 -0.0188762993 0.9103654027 0.4133745134 -0.7772854567 0.2466874868 -0.5787681937 -0.6288648844 -0.3322349787 0.7029572129
712.1 -69.6 2404.8 -0.4117372930 0.9103654027 0.0413181968 0.4598298073 0.2466874868 -0.8530544043 -0.7867839336 -0.3322349787 -0.5201835632
476.9 -284.3 2520.3 0.9922223687 0.1235940382 0.0148102026 -0.1219206899 0.9889271259 -0.0846081451 -0.0251032729 0.0821444169 0.9963042140
428.9 -668.0 2488.4 0.9958460927 0.0851678550 0.0322028585 -0.0868926793 0.9946077466 0.0566140525 -0.0272075143 -0.0591770746 0.9978766441
655.2 -291.6 2534.3 0.9861122966 0.1205398068 -0.1142482162 -0.1273438334 0.9903749824 -0.0542302243 0.1066116765 0.0680259019 0.9919709563
608.5 -675.7 2508.0 0.9939571619 -0.0643042475 -0.0889611542 0.0761617199 0.9876310825 0.1370555460 0.0790475532 -0.1430027783 0.9865605235
506.3 -38.2 2355.1 0 0 0 0 0 0 0 0 0
609.6 44.9 2208.9 0 0 0 0 0 0 0 0 0
397.2 -1038.9 2510.5 0 0 0 0 0 0 0 0 0
632.5 -1044.3 2561.3 0 0 0 0 0 0 0 0 0
587.7 298.9 2530.9 54 0.9947537780 0.0506874472 -0.0888579860 -0.0524163619 0.9984766245 -0.0172313415 0.0878492072 0.0217985548 0.9958952665
577.7 101.3 2526.6 0.9947537780 0.0506874472 -0.0888579860 -0.0524163619 0.9984766245 -0.0172313415 0.0878492072 0.0217985548 0.9958952665
570.2 -92.6 2521.5 0.9952700734 0.0386922695 -0.0891091004 -0.0408787020 0.9989029765 -0.0228430778 0.0881274939 0.0263776965 0.9957599044
441.7 106.8 2514.6 -0.2418826669 -0.9147818089 -0.3235228360 0.7195141912 0.0545987785 -0.6923282146 0.6509931684 -0.4002414644 0.6449919939
499.3 -64.4 2359.7 -0.2273203433 -0.9147818089 0.3339157104 -0.8886246085 0.0545987785 -0.4553738236 0.3983363211 -0.4002414644 -0.8253090382
713.6 95.7 2538.7 -0.0188631192 0.9249874353 0.3795292675 -0.7596644759 0.2335381508 -0.6069347262 -0.6500415802 -0.2997635901 0.6982748508
709.7 -63.0 2402.9 -0.3772768974 0.9249874353 0.0453919508 0.4701748788 0.2335381508 -0.8511142731 -0.7978707552 -0.2997635901 -0.5230144262
474.5 -282.7 2515.9 0.9929598570 0.1183199957 0.0055740830 -0.1176958382 0.9908406138 -0.0662013963 -0.0133559769 0.0650792867 0.9977906942
428.6 -667.2 2490.7 0.9967578650 0.0773396939 0.0221888684 -0.0787849948 0.9941367507 0.0740608573 -0.0163309257 -0.0755688921 0.9970068336
652.9 -290.4 2529.4 0.9861497283 0.1108858362 -0.1233411580 -0.1157809421 0.9927186966 -0.0332322754 0.1187580824 0.0470525548 0.9918077588
609.9 -675.5 2511.2 0.9934181571 -0.0413718782 -0.1068116799 0.0525904149 0.9931389093 0.1044478491 0.1017576307 -0.1093776599 0.9887779951
510.5 -20.6 2340.1 0 0 0 0 0 0 0 0 0
615.6 54.2 2204.0 0 0 0 0 0 0 0 0 0
399.7 -1038.0 2518.9 0 0 0 0 0 0 0 0 0
625.3 -1045.9 2552.0 0 0 0 0 0 0 0 0 0
587.3 300.0 2538.5 55 0.9918321371 0.0450330973 -0.1193356961 -0.0497263856 0.9980903864 -0.0366455875 0.1174575463 0.0422804058 0.9921774268
578.4 102.2 2530.1 0.9918321371 0.0450330973 -0.1193356961 -0.0497263856 0.9980903864 -0.0366455875 0.1174575463 0.0422804058 0.9921774268
571.3 -91.6 2522.4 0.9921668172 0.0371615812 -0.1192646548 -0.0415972695 0.9985240698 -0.0349197909 0.1177909449 0.0396073386 0.9922482371
442.9 107.9 2514.0 -0.2620366216 -0.9022554159 -0.3424499929 0.7115014195 0.0591204278 -0.7001931667 0.6519988775 -0.4271299243 0.6264643073
505.3 -61.4 2358.9 -0.2386679053 -0.9022554159 0.3591278493 -0.8934575915 0.0591204278 -0.4452395737 0.3804880083 -0.4271299243 -0.8202371001
713.9 96.5 2546.2 -0.0272699054 0.9401019812 0.3398007751 -0.7137008309 0.2196998298 -0.6651038527 -0.6999196410 -0.2606534064 0.6649603844
708.0 -57.3 2395.3 -0.3377285898 0.9401019812 0.0463423096 0.4963097572 0.2196998298 -0.8398860693 -0.7997599840 -0.2606534064 -0.5407807231
473.5 -282.9 2508.5 0.9933752418 0.1131780893 -0.0199093334 -0.1138570085 0.9928032160 -0.0371263474 0.0155641604 0.0391472131 0.9991122484
429.6 -668.1 2493.3 0.9959464073 0.0895191133 -0.0087797092 -0.0888387263 0.9942464232 0.0598480105 0.0140867345 -0.0588254333 0.9981688857
651.8 -290.2 2524.3 0.9829872847 0.1061457396 -0.1498968303 -0.1093564108 0.9939134121 -0.0133177694 0.1475708485 0.0294833779 0.9886119366
610.6 -675.8 2512.9 0.9898434877 -0.0275986120 -0.1394566000 0.0388347507 0.9961571693 0.0785030723 0.1367541105 -0.0831215158 0.9871115088
517.0 -17.4 2340.1 0 0 0 0 0 0 0 0 0
624.8 65.0 2198.3 0 0 0 0 0 0 0 0 0
396.2 -1039.0 2515.3 0 0 0 0 0 0 0 0 0
620.9 -1047.4 2543.9 0 0 0 0 0 0 0 0 0
582.7 296.4 2537.2 56 0.9910439849 0.0409692153 -0.1270957440 -0.0466230698 0.9980362058 -0.0418326743 0.1251323074 0.0473836139 0.9910079241
574.6 99.6 2527.9 0.9910439849 0.0409692153 -0.1270957440 -0.0466230698 0.9980362058 -0.0418326743 0.1251323074 0.0473836139 0.9910079241
567.9 -94.2 2519.2 0.9912966490 0.0346013270 -0.1270183176 -0.0399476923 0.9984093308 -0.0397873931 0.1254395843 0.0445152000 0.9911020398
439.2 105.0 2510.7 -0.2687774599 -0.8989847302 -0.3458108306 0.7078868151 0.0591049530 -0.7038486004 0.6531882882 -0.4339735806 0.6204933524
503.2 -63.4 2355.3 -0.2396548986 -0.8989847302 0.3665951192 -0.8957394361 0.0591049530 -0.4406329691 0.3744547367 -0.4339735806 -0.8194208741
710.0 94.1 2545.0 -0.0359672345 0.9461260438 0.3217947781 -0.6937532425 0.2081326693 -0.6894832850 -0.7193140984 -0.2480449826 0.6488920450
702.3 -53.3 2392.1 -0.3215255737 0.9461260438 0.0382990837 0.5132774115 0.2081326693 -0.8326025605 -0.7957182527 -0.2480449826 -0.5525451303
