660.8 288.6 2551.5 73 0.9151511192 0.3241651952 0.2396150976 -0.3414317966 0.9393182397 0.0332508348 -0.2142960578 -0.1122417524 0.9702984095
596.2 101.2 2573.8 0.9151511192 0.3241651952 0.2396150976 -0.3414317966 0.9393182397 0.0332508348 -0.2142960578 -0.1122417524 0.9702984095
618.0 -90.6 2588.3 0.9624793530 -0.1127388775 0.2468267381 0.0906607956 0.9909397364 0.0990909413 -0.2557618320 -0.0729954764 0.9639800787
465.2 88.7 2608.8 0.5070057511 -0.7297831774 -0.4586520195 0.5727559924 0.6828914881 -0.4534421265 0.6441240311 -0.0327979513 0.7642176151
397.0 11.8 2522.2 -0.6827229261 -0.7297831774 0.0361373983 -0.7304596305 0.6828914881 -0.0093757510 -0.0178356543 -0.0327979513 -0.9993028641
727.1 113.7 2538.9 0.6060529947 0.1908950210 0.7721779943 -0.7940270901 0.2027056366 0.5730893612 -0.0471249260 -0.9604527950 0.2744261622
861.9 -62.9 2528.5 -0.5789737701 0.1908950210 0.7926843762 -0.7668779492 0.2027056366 -0.6089406013 -0.2769253254 -0.9604527950 0.0290319398
549.5 -290.3 2629.2 -0.9248775840 0.1234409511 -0.3596718013 0.0548562370 0.9792625904 0.1950272471 0.3762874603 0.1606460959 -0.9124695063
501.7 -670.0 2566.9 -0.9253319502 -0.0020802643 -0.3791522086 0.0212688223 0.9981256127 -0.0573835149 0.3785609007 -0.0611629225 -0.9235533476
720.4 -280.6 2579.4 0.7070046067 0.1924974322 0.6805065870 0.0100737745 0.9594038129 -0.2818561792 -0.7071371675 0.2061288804 0.6763637662
646.0 -651.4 2499.7 0.7070046067 -0.1910445690 0.6809158921 0.0100737745 0.9654442668 0.2604149580 -0.7071371675 -0.1772551835 0.6844980717
573.0 200.0 2526.8 0 0 0 0 0 0 0 0 0
715.2 -257.3 2458.3 0 0 0 0 0 0 0 0 0
502.4 -1042.3 2589.7 0 0 0 0 0 0 0 0 0
717.1 -1011.1 2565.7 0 0 0 0 0 0 0 0 0
663.8 288.1 2547.7 74 0.9325473309 0.2308889776 0.2775711119 -0.2531828284 0.9662839770 0.0468371660 -0.2573983371 -0.1139541119 0.9595626593
618.5 98.8 2570.0 0.9325473309 0.2308889776 0.2775711119 -0.2531828284 0.9662839770 0.0468371660 -0.2573983371 -0.1139541119 0.9595626593
617.7 -92.9 2587.4 0.9594377875 0.0043165721 0.2818874717 -0.0288235527 0.9961450696 0.0828503445 -0.2804431617 -0.0876147449 0.9558636546
488.7 102.6 2608.2 0.5666049719 -0.6201399565 -0.5425727963 0.4729255140 0.7839651108 -0.4021693468 0.6747594476 -0.0287253745 0.7374784946
411.8 38.4 2516.5 -0.7840168476 -0.6201399565 0.0272767916 -0.6206225157 0.7839651108 -0.0150465937 -0.0120530576 -0.0287253745 -0.9995146990
748.4 94.9 2531.9 0.6239516139 0.1937470585 0.7570644021 -0.7813928127 0.1676630676 0.6010943055 -0.0104714837 -0.9666184187 0.2560062110
869.8 -57.1 2529.8 -0.5944399834 0.1937470585 0.7804506421 -0.7637579441 0.1676630676 -0.6233481169 -0.2516246140 -0.9666184187 0.0483102277
552.5 -290.1 2625.9 -0.9231303930 0.1301702708 -0.3617816865 0.0590560287 0.9777845144 0.2011214644 0.3799245656 0.1642959416 -0.9103099108
502.0 -669.8 2562.1 -0.9234378934 0.0021443076 -0.3837419450 0.0355695859 0.9961577654 -0.0800283477 0.3820959330 -0.0875507519 -0.9199661016
720.7 -277.3 2579.8 0.7057581544 0.2024523616 0.6789097786 -0.0064976458 0.9601085782 -0.2795518637 -0.7084230185 0.1928846985 0.6789199710
643.1 -645.3 2505.8 0.6949737072 -0.2011883706 0.6903150082 0.0516759455 0.9715499878 0.2311280370 -0.7171757817 -0.1249552369 0.6855983138
612.9 197.6 2519.6 0 0 0 0 0 0 0 0 0
719.1 -250.8 2466.0 0 0 0 0 0 0 0 0 0
501.2 -1041.4 2594.8 0 0 0 0 0 0 0 0 0
718.0 -1007.2 2552.4 0 0 0 0 0 0 0 0 0
659.7 279.5 2539.8 75 0.9490221143 0.1755777746 0.2617813051 -0.2010457814 0.9768059850 0.0736930668 -0.2427706867 -0.1225663796 0.9623096585
625.4 89.0 2563.7 0.9490221143 0.1755777746 0.2617813051 -0.2010457814 0.9768059850 0.0736930668 -0.2427706867 -0.1225663796 0.9623096585
614.2 -102.6 2584.4 0.9629386663 0.0580293424 0.2634040713 -0.0837203711 0.9926513433 0.0873740241 -0.2563981712 -0.1061881185 0.9607205987
494.7 100.3 2598.6 0.5633805990 -0.5661201477 -0.6017559767 0.4361047149 0.8223788142 -0.3653844297 0.7017228603 -0.0565781295 0.7101999521
417.3 40.4 2502.2 -0.8221752644 -0.5661201477 0.0594623871 -0.5682648420 0.8223788142 -0.0277164094 -0.0332097895 -0.0565781295 -0.9978457093
756.1 77.6 2528.9 0.6403495073 0.1993146986 0.7417723536 -0.7677128315 0.1360804290 0.6261782050 0.0238658227 -0.9704410434 0.2401554734
872.4 -61.7 2533.2 -0.6051967144 0.1993146986 0.7707207799 -0.7617874742 0.1360804290 -0.6333734989 -0.2311206609 -0.9704410434 0.0694800094
531.1 -281.9 2630.0 -0.9409596920 0.0740323216 -0.3303241730 0.0087883370 0.9808067679 0.1947842091 0.3384045064 0.1803810894 -0.9235502481
502.4 -662.1 2560.1 -0.9411863089 0.0052456469 -0.3378473818 0.0368855633 0.9954989552 -0.0873002186 0.3358687758 -0.0946274549 -0.9371434450
699.5 -288.7 2579.8 0.7364097238 0.1362535059 0.6626731753 0.0213006586 0.9743541479 -0.2240096480 -0.6762004495 0.1790782660 0.7146215439
647.1 -663.7 2510.9 0.7243189216 -0.2092237025 0.6569532156 0.0848411918 0.9726504683 0.2162246108 -0.6842251420 -0.1008788794 0.7222599387
629.7 187.2 2510.8 0 0 0 0 0 0 0 0 0
718.9 -255.0 2474.6 0 0 0 0 0 0 0 0 0
500.4 -1033.5 2595.4 0 0 0 0 0 0 0 0 0
725.1 -1026.2 2548.5 0 0 0 0 0 0 0 0 0
655.9 271.8 2536.4 76 0.9493444562 0.1442669779 0.2791632712 -0.1736224741 0.9812809229 0.0833243877 -0.2619166374 -0.1275725663 0.9566215873
628.0 82.5 2561.0 0.9493444562 0.1442669779 0.2791632712 -0.1736224741 0.9812809229 0.0833243877 -0.2619166374 -0.1275725663 0.9566215873
612.5 -109.1 2583.6 0.9567029476 0.0800265148 0.2798485458 -0.1089490429 0.9900237918 0.0893473104 -0.2699065804 -0.1159680635 0.9558775425
497.8 97.3 2597.8 0.5799714327 -0.5412850380 -0.6088051200 0.4175911248 0.8392166495 -0.3483289778 0.6994646788 -0.0522107705 0.7127574682
417.6 39.6 2501.1 -0.8395696282 -0.5412850380 0.0461887904 -0.5428357124 0.8392166495 -0.0323235169 -0.0212661643 -0.0522107705 -0.9984096289
758.3 67.6 2524.2 0.6736581326 0.2583639324 0.6924108863 -0.7321270704 0.1054270640 0.6729599833 0.1008697376 -0.9602776766 0.2601770163
874.8 -59.0 2541.7 -0.5841914415 0.2583639324 0.7693948746 -0.7746281028 0.1054270640 -0.6235675216 -0.2422223985 -0.9602776766 0.1385463774
516.8 -286.6 2628.1 -0.9394442439 0.0320248753 -0.3412021697 -0.0277364627 0.9852526784 0.1688425839 0.3415775001 0.1680819243 -0.9247016907
504.4 -668.4 2562.9 -0.9406859875 0.0167490449 -0.3388647735 0.0442347154 0.9963099957 -0.0735506937 0.3363824487 -0.0841776878 -0.9379557371
687.4 -302.4 2582.2 0.7341379523 0.1055971384 0.6707389355 0.0538511276 0.9756664038 -0.2125443071 -0.6768615246 0.1921568811 0.7105872035
646.6 -679.3 2508.0 0.7307494283 -0.2229037732 0.6452280283 0.0689055920 0.9644448757 0.2551434040 -0.6791592836 -0.1419860721 0.7201268077
635.6 180.5 2506.6 0 0 0 0 0 0 0 0 0
726.6 -255.4 2480.2 0 0 0 0 0 0 0 0 0
498.2 -1040.2 2594.3 0 0 0 0 0 0 0 0 0
729.6 -1038.7 2560.9 0 0 0 0 0 0 0 0 0
651.7 270.4 2535.7 77 0.9537911415 0.1192555949 0.2757907212 -0.1480314136 0.9852435589 0.0859174952 -0.2614749074 -0.1227730438 0.9573701620
628.7 80.2 2559.4 0.9537911415 0.1192555949 0.2757907212 -0.1480314136 0.9852435589 0.0859174952 -0.2614749074 -0.1227730438 0.9573701620
612.3 -111.6 2582.0 0.9574431777 0.0841082558 0.2760947943 -0.1125658453 0.9896620512 0.0888703838 -0.2657658160 -0.1161671877 0.9570128918
498.1 95.6 2595.6 0.5763707757 -0.5351954699 -0.6175456047 0.4105305374 0.8430481553 -0.3474686444 0.7065843344 -0.0532505363 0.7056224346
418.1 38.6 2497.6 -0.8431474566 -0.5351954699 0.0516543053 -0.5369861722 0.8430481553 -0.0302591044 -0.0273525342 -0.0532505363 -0.9982064962
759.2 64.9 2523.1 0.7054145336 0.2636458278 0.6579371095 -0.6973056793 0.0916793868 0.7108865380 0.1271030009 -0.9602529407 0.2485136986
878.5 -53.1 2544.6 -0.5694175959 0.2636458278 0.7786234617 -0.7887365222 0.0916793868 -0.6078565717 -0.2316425592 -0.9602529407 0.1557432413
511.5 -290.8 2630.3 -0.9413148761 0.0259141140 -0.3365334868 -0.0348065905 0.9842802882 0.1731498241 0.3357302845 0.1747020930 -0.9256156683
501.4 -672.6 2562.6 -0.9432859421 -0.0007401425 -0.3319804966 0.0288339015 0.9960359335 -0.0841489881 0.3307267725 -0.0889488533 -0.9395253658
681.8 -310.7 2582.1 0.7388466597 0.0837057978 0.6686546206 0.0675018430 0.9780712724 -0.1970281005 -0.6704842448 0.1907089651 0.7169944048
649.4 -689.5 2508.2 0.7411788106 -0.2268353552 0.6318224669 0.0578026772 0.9592507482 0.2765806317 -0.6688144803 -0.1684746742 0.7240880728
637.7 178.5 2504.8 0 0 0 0 0 0 0 0 0
734.1 -253.1 2485.9 0 0 0 0 0 0 0 0 0
501.7 -1044.3 2595.8 0 0 0 0 0 0 0 0 0
734.0 -1047.1 2571.0 0 0 0 0 0 0 0 0 0
653.0 273.9 2531.3 78 0.9602184296 0.1143573225 0.2547606528 -0.1455621421 0.9835296273 0.1071500853 -0.2383112609 -0.1399709880 0.9610493779
631.0 84.0 2558.4 0.9602184296 0.1143573225 0.2547606528 -0.1455621421 0.9835296273 0.1071500853 -0.2383112609 -0.1399709880 0.9610493779
613.1 -107.5 2583.3 0.9627960920 0.0917650312 0.2541708648 -0.1209136173 0.9874591231 0.1015102491 -0.2416682541 -0.1284663826 0.9618174434
499.6 100.5 2591.3 0.5606505275 -0.5283164978 -0.6376148462 0.4156399071 0.8455370069 -0.3351277411 0.7161804438 -0.0771286190 0.6936402321
421.7 42.7 2491.8 -0.8456807733 -0.5283164978 0.0755359530 -0.5321275592 0.8455370069 -0.0436735228 -0.0407950059 -0.0771286190 -0.9961861968
762.3 67.5 2525.4 0.7146307826 0.2516064346 0.6526845098 -0.6878062487 0.0828386322 0.7211520672 0.1273790002 -0.9642779231 0.2322555184
880.3 -46.0 2546.4 -0.5485821962 0.2516064346 0.7973404527 -0.8086137772 0.0828386322 -0.5824787617 -0.2126059830 -0.9642779231 0.1580086350
510.3 -293.3 2628.3 -0.9490838647 0.0251469389 -0.3140183091 -0.0270539001 0.9866199493 0.1607768983 0.3138597608 0.1610861719 -0.9357047081
500.6 -676.1 2565.8 -0.9502868056 -0.0060376446 -0.3113174438 0.0171952415 0.9972687364 -0.0718288198 0.3109008074 -0.0736111626 -0.9475874901
681.3 -313.6 2580.8 0.7553743124 0.0713936314 0.6513928175 0.0640988424 0.9812301993 -0.1818751991 -0.6521510482 0.1791373789 0.7366198301
653.7 -694.0 2511.3 0.7537829280 -0.1956689507 0.6273157001 0.0721468925 0.9735106230 0.2169604748 -0.6531509161 -0.1182822213 0.7479326129
642.2 181.5 2502.5 0 0 0 0 0 0 0 0 0
741.1 -251.1 2492.5 0 0 0 0 0 0 0 0 0
502.8 -1048.3 2593.3 0 0 0 0 0 0 0 0 0
726.5 -1056.6 2555.4 0 0 0 0 0 0 0 0 0
654.6 275.3 2528.6 79 0.9643104076 0.1140003130 0.2389756888 -0.1434001029 0.9835957885 0.1094336510 -0.2225800008 -0.1397971511 0.9648393393
632.6 84.9 2555.7 0.9643104076 0.1140003130 0.2389756888 -0.1434001029 0.9835957885 0.1094336510 -0.2225800008 -0.1397971511 0.9648393393
614.0 -106.6 2581.3 0.9663987160 0.0956304744 0.2385965735 -0.1237727627 0.9866467118 0.1058705375 -0.2252860814 -0.1318449080 0.9653305411
500.6 101.8 2586.5 0.5490382910 -0.5247756243 -0.6505132318 0.4168986082 0.8465281725 -0.3310371637 0.7243980169 -0.0894459933 0.6835546494
424.3 43.8 2485.7 -0.8462534547 -0.5247756243 0.0920085907 -0.5301706195 0.8465281725 -0.0480538532 -0.0526703745 -0.0894459933 -0.9945980310
764.5 68.0 2525.0 0.7133104801 0.2975414097 0.6345527768 -0.6805484891 0.0777275413 0.7285686135 0.1674571037 -0.9515395761 0.2579352260
878.8 -41.1 2551.8 -0.5144195557 0.2975414097 0.8042646646 -0.8265694976 0.0777275413 -0.5574417114 -0.2283755094 -0.9515395761 0.2059540898
509.1 -288.2 2629.9 -0.9541764855 0.0254830662 -0.2981574535 -0.0255080871 0.9858146310 0.1658881754 0.2981553078 0.1658920199 -0.9399911165
499.2 -670.8 2565.5 -0.9549598098 -0.0145704197 -0.2963771820 0.0024704542 0.9983687401 -0.0570416264 0.2967248261 -0.0552046485 -0.9533660412
681.3 -309.9 2586.6 0.7663481832 0.0705073327 0.6385446191 0.0637301803 0.9807123542 -0.1847747564 -0.6392565370 0.1822963506 0.7470737100
653.9 -690.4 2515.9 0.7625025511 -0.1874668449 0.6192302108 0.0847226605 0.9777913094 0.1916931719 -0.6414139867 -0.0937037095 0.7614510655
645.1 182.1 2499.5 0 0 0 0 0 0 0 0 0
748.4 -250.7 2493.9 0 0 0 0 0 0 0 0 0
504.6 -1043.4 2586.1 0 0 0 0 0 0 0 0 0
723.8 -1054.9 2550.8 0 0 0 0 0 0 0 0 0
654.1 268.4 2528.8 80 0.9688587189 0.1079669669 0.2228360027 -0.1344560534 0.9850924611 0.1073053032 -0.2079286277 -0.1339253336 0.9689322710
633.2 78.0 2554.7 0.9688587189 0.1079669669 0.2228360027 -0.1344560534 0.9850924611 0.1073053032 -0.2079286277 -0.1339253336 0.9689322710
614.5 -113.5 2579.6 0.9701412320 0.0964602977 0.2225340307 -0.1220838055 0.9870145917 0.1043921709 -0.2095746249 -0.1284429431 0.9693198204
500.7 94.7 2583.3 0.5361931324 -0.5240176320 -0.6617419720 0.4155604243 0.8462547064 -0.3334104717 0.7347152233 -0.0962213799 0.6715169549
426.1 36.9 2481.1 -0.8447647095 -0.5240176320 0.1085269451 -0.5308141708 0.8462547064 -0.0457094610 -0.0678888783 -0.0962213799 -0.9930420518
765.7 61.4 2526.1 0.7109720111 0.2996958196 0.6361613274 -0.6801380515 0.0631794259 0.7303564548 0.1786924750 -0.9519405365 0.2487533540
877.9 -46.0 2554.3 -0.5065556169 0.2996958196 0.8084453344 -0.8349979520 0.0631794259 -0.5466139913 -0.2148950398 -0.9519405365 0.2182414979
508.9 -286.9 2627.1 -0.9587840438 0.0263666678 -0.2829098701 -0.0217406582 0.9859585762 0.1655687690 0.2833029032 0.1648953259 -0.9447481036
498.6 -669.7 2563.0 -0.9594584107 -0.0137979379 -0.2815122604 0.0039849980 0.9980370402 -0.0624992065 0.2818220258 -0.0610872172 -0.9575200677
681.8 -309.1 2586.7 0.7768709660 0.0668064430 0.6261057258 0.0687533915 0.9794099331 -0.1898136288 -0.6258949637 0.1905075908 0.7562819719
655.9 -689.2 2512.8 0.7780923843 -0.1714658290 0.6042943597 0.0618953779 0.9782695770 0.1978828311 -0.6250929236 -0.1165680960 0.7717970610
646.6 175.4 2498.8 0 0 0 0 0 0 0 0 0
749.4 -257.8 2499.8 0 0 0 0 0 0 0 0 0
503.8 -1042.2 2585.8 0 0 0 0 0 0 0 0 0
719.9 -1054.0 2556.2 0 0 0 0 0 0 0 0 0
653.1 263.9 2529.4 81 0.9775512815 0.1039005890 0.1832981110 -0.1252038181 0.9861543775 0.1087361425 -0.1694624871 -0.1292447746 0.9770252109
633.2 74.4 2554.2 0.9775512815 0.1039005890 0.1832981110 -0.1252038181 0.9861543775 0.1087361425 -0.1694624871 -0.1292447746 0.9770252109
615.0 -117.3 2578.8 0.9786256552 0.0933703780 0.1832316220 -0.1144547090 0.9875326753 0.1080709398 -0.1708565950 -0.1267327070 0.9771114588
499.6 90.0 2577.5 0.5031809807 -0.5268329978 -0.6850225329 0.4211845100 0.8416703343 -0.3379270434 0.7545942664 -0.1184824258 0.6454064250
429.6 31.5 2472.6 -0.8369926810 -0.5268329978 0.1479534656 -0.5379894972 0.8416703343 -0.0464580022 -0.1000524312 -0.1184824258 -0.9879025221
766.7 58.8 2530.9 0.6815277338 0.2785014808 0.6767250896 -0.7196617723 0.0873941034 0.6888027191 0.1326907873 -0.9564513564 0.2599883676
874.0 -54.5 2551.8 -0.5155383348 0.2785014808 0.8103438616 -0.8266218901 0.0873941034 -0.5559302568 -0.2256466746 -0.9564513564 0.1851604134
508.9 -294.1 2623.3 -0.9686942101 0.0283669233 -0.2466311008 -0.0135787707 0.9859090447 0.1667303145 0.2478854507 0.1648596376 -0.9546591640
497.9 -676.9 2559.3 -0.9690855145 -0.0149703911 -0.2462704629 0.0032739616 0.9972893596 -0.0735068321 0.2467033267 -0.0720406845 -0.9664096236
682.6 -316.0 2585.8 0.7999855876 0.0663952753 0.5963344574 0.0673314855 0.9776479006 -0.1991758347 -0.5962294936 0.1994898766 0.7776337266
656.8 -695.5 2508.3 0.8048985600 -0.1774692982 0.5662534237 0.0420244932 0.9688838720 0.2439220399 -0.5919225216 -0.1725359857 0.7873113155
648.0 171.8 2498.7 0 0 0 0 0 0 0 0 0
743.2 -264.2 2494.5 0 0 0 0 0 0 0 0 0
503.4 -1049.1 2586.2 0 0 0 0 0 0 0 0 0
722.9 -1056.4 2572.6 0 0 0 0 0 0 0 0 0
651.9 258.1 2530.7 82 0.9821287394 0.0901862457 0.1651956141 -0.1084835902 0.9885054231 0.1053009704 -0.1538000554 -0.1213401258 0.9806233048
634.6 68.0 2554.0 0.9821287394 0.0901862457 0.1651956141 -0.1084835902 0.9885054231 0.1053009704 -0.1538000554 -0.1213401258 0.9806233048
618.5 -123.9 2578.3 0.9826927185 0.0829867497 0.1656147242 -0.1020445004 0.9886698127 0.1100861952 -0.1546025872 -0.1250809729 0.9800269604
500.4 81.9 2575.1 0.4851771295 -0.5351778269 -0.6915112734 0.4269581735 0.8351380825 -0.3467724025 0.7630923390 -0.1270003766 0.6336884499
432.9 22.6 2469.0 -0.8284898400 -0.5351778269 0.1648916453 -0.5482637882 0.8351380825 -0.0441722460 -0.1140672863 -0.1270003766 -0.9853220582
768.7 54.1 2532.9 0.6650951505 0.2578069866 0.7008452415 -0.7397108078 0.0988094583 0.6656309962 0.1023541838 -0.9611307383 0.2564203143
870.1 -58.6 2548.5 -0.5271849632 0.2578069866 0.8096984625 -0.8192474842 0.0988094583 -0.5648630261 -0.2256315053 -0.9611307383 0.1591168642
509.3 -298.7 2618.7 -0.9720523357 0.0280177761 -0.2330862880 -0.0080029825 0.9883211851 0.1521748900 0.2346277237 0.1497873366 -0.9604756832
498.5 -682.4 2560.6 -0.9722111821 -0.0161961261 -0.2335446030 -0.0000987888 0.9976322651 -0.0687737316 0.2341054976 -0.0668395236 -0.9699108601
684.5 -319.2 2588.2 0.8080099225 0.0571446791 0.5863910913 0.0622503273 0.9814336300 -0.1814191937 -0.5858710408 0.1830915362 0.7894508243
662.3 -700.1 2517.1 0.8088959455 -0.1521590054 0.5679216385 0.0566212311 0.9816024899 0.1823472977 -0.5852191448 -0.1153435633 0.8026297092
649.1 165.6 2498.7 0 0 0 0 0 0 0 0 0
736.3 -266.5 2491.2 0 0 0 0 0 0 0 0 0
504.5 -1054.8 2585.5 0 0 0 0 0 0 0 0 0
718.9 -1065.4 2560.0 0 0 0 0 0 0 0 0 0
649.3 256.7 2530.3 83 0.9840567708 0.0764082745 0.1606052518 -0.0943444148 0.9897524118 0.1071881577 -0.1507693827 -0.1206314415 0.9811812639
634.7 66.4 2553.5 0.9840567708 0.0764082745 0.1606052518 -0.0943444148 0.9897524118 0.1071881577 -0.1507693827 -0.1206314415 0.9811812639
621.0 -125.7 2577.6 0.9844501019 0.0704280734 0.1609280705 -0.0890415832 0.9897628427 0.1115399748 -0.1514250636 -0.1241348311 0.9806431532
500.2 78.6 2574.2 0.4769868553 -0.5455026627 -0.6891373992 0.4325603843 0.8282492161 -0.3562229276 0.7650980353 -0.1281798929 0.6310268641
433.8 18.4 2467.7 -0.8209430575 -0.5455026627 0.1687581092 -0.5588389635 0.8282492161 -0.0412589945 -0.1172668859 -0.1281798929 -0.9847936034
769.1 54.3 2532.8 0.6210095286 0.2452523261 0.7444450259 -0.7807142735 0.1093122959 0.6152528524 0.0695151910 -0.9632767439 0.2593559623
867.9 -69.9 2543.9 -0.5523981452 0.2452523261 0.7966853380 -0.8007854223 0.1093122959 -0.5888918042 -0.2315146029 -0.9632767439 0.1360105723
514.4 -306.7 2616.5 -0.9719940424 0.0367418006 -0.2321154773 0.0036639879 0.9899518490 0.1413574070 0.2349768579 0.1365480870 -0.9623619318
500.1 -690.9 2563.5 -0.9719682336 -0.0136539796 -0.2347154766 0.0016274725 0.9978976250 -0.0647896156 0.2351066470 -0.0633554384 -0.9699025750
690.3 -324.9 2588.8 0.8074826002 0.0722871274 0.5854454637 0.0467258282 0.9815067053 -0.1856374443 -0.5880378485 0.1772544235 0.7891719341
662.3 -705.9 2520.0 0.8057085276 -0.1590265930 0.5705649257 0.0579883568 0.9798346162 0.1912105680 -0.5894668102 -0.1209738627 0.7986828089
648.2 164.3 2498.4 0 0 0 0 0 0 0 0 0
727.7 -273.1 2485.2 0 0 0 0 0 0 0 0 0
505.2 -1063.4 2587.1 0 0 0 0 0 0 0 0 0
721.5 -1071.1 2565.1 0 0 0 0 0 0 0 0 0
644.1 260.9 2529.1 84 0.9875607491 0.0634154901 0.1438826174 -0.0802419335 0.9901970029 0.1143289953 -0.1352218986 -0.1244522482 0.9829682708
631.9 70.5 2553.1 0.9875607491 0.0634154901 0.1438826174 -0.0802419335 0.9901970029 0.1143289953 -0.1352218986 -0.1244522482 0.9829682708
621.1 -121.7 2577.4 0.9880000353 0.0558743775 0.1439930499 -0.0729482323 0.9905477166 0.1161626875 -0.1361414641 -0.1252727807 0.9827371240
497.0 80.5 2571.7 0.4579309523 -0.5571370125 -0.6927464008 0.4418697655 0.8188233972 -0.3664414585 0.7713950872 -0.1382987946 0.6211466193
433.3 19.0 2464.3 -0.8096800447 -0.5571370125 0.1844359040 -0.5726242661 0.8188233972 -0.0403694361 -0.1285291165 -0.1382987946 -0.9820151329
766.9 60.6 2534.5 0.5522966981 0.2307353020 0.8010802269 -0.8331770301 0.1204946190 0.5397194028 0.0280064661 -0.9655269384 0.2587921321
862.1 -83.2 2539.3 -0.5696817636 0.2307353020 0.7888116837 -0.7877175808 0.1204946190 -0.6041374803 -0.2344434112 -0.9655269384 0.1131106615
519.2 -309.8 2615.3 -0.9742804170 0.0523248017 -0.2191799134 0.0196798239 0.9887083173 0.1485551298 0.2244781107 0.1404209286 -0.9643088579
498.8 -693.6 2560.8 -0.9741395116 -0.0165734887 -0.2253388017 0.0023416320 0.9965121150 -0.0834155381 0.2259353250 -0.0817860290 -0.9707030058
695.5 -325.8 2588.2 0.8139417768 0.0849461854 0.5747025013 0.0365738720 0.9797970057 -0.1966217756 -0.5797940493 0.1810577661 0.7943909168
662.5 -706.1 2517.9 0.8107498884 -0.1556829810 0.5643114448 0.0578980744 0.9805867672 0.1873430163 -0.5825224519 -0.1192157790 0.8040243387
644.7 168.5 2497.9 0 0 0 0 0 0 0 0 0
717.6 -283.0 2479.8 0 0 0 0 0 0 0 0 0
505.0 -1065.5 2591.3 0 0 0 0 0 0 0 0 0
720.6 -1071.9 2562.4 0 0 0 0 0 0 0 0 0
643.8 263.6 2537.1 85 0.9813935161 0.0678788349 0.1796085536 -0.0829748288 0.9935015440 0.0779096335 -0.1731529534 -0.0913629979 0.9806481600
630.8 73.2 2554.6 0.9813935161 0.0678788349 0.1796085536 -0.0829748288 0.9935015440 0.0779096335 -0.1731529534 -0.0913629979 0.9806481600
620.0 -119.5 2574.5 0.9820423126 0.0551313721 0.1804255545 -0.0724959075 0.9931989908 0.0911047608 -0.1741757393 -0.1025488451 0.9793602824
496.7 83.1 2578.3 0.4878464341 -0.5588239431 -0.6706128716 0.4213675559 0.8235562444 -0.3797426224 0.7644967437 -0.0973184183 0.6372392774
428.9 24.5 2472.0 -0.8159669638 -0.5588239431 0.1480329186 -0.5669974089 0.8235562444 -0.0164027978 -0.1127471551 -0.0973184183 -0.9888464212
764.8 63.4 2530.8 0.4954262376 0.2562420368 0.8299956918 -0.8681236506 0.1127983704 0.4833610058 0.0302352402 -0.9600086212 0.2783330381
855.4 -95.4 2536.3 -0.5883665085 0.2562420368 0.7669190764 -0.7697871327 0.1127983704 -0.6282549500 -0.2474925369 -0.9600086212 0.1308850348
521.8 -307.4 2614.0 -0.9652097225 0.0559612364 -0.2554183602 0.0184919164 0.9889925718 0.1468049139 0.2608222365 0.1369743645 -0.9556201100
500.0 -691.4 2560.8 -0.9650957584 -0.0152615868 -0.2614522576 0.0064444323 0.9966145158 -0.0819630101 0.2618179917 -0.0807870626 -0.9617301226
698.7 -320.5 2589.6 0.7914292812 0.0953891799 0.6037719846 0.0402403772 0.9774754047 -0.2071775347 -0.6099347472 0.1882623881 0.7697641850
661.7 -699.9 2516.5 0.7898406982 -0.1542531103 0.5935972333 0.0506271683 0.9809501171 0.1875467151 -0.6112189293 -0.1180798784 0.7826036811
641.9 172.5 2501.5 0 0 0 0 0 0 0 0 0
706.2 -290.6 2473.5 0 0 0 0 0 0 0 0 0
505.7 -1063.4 2590.9 0 0 0 0 0 0 0 0 0
719.3 -1066.0 2560.6 0 0 0 0 0 0 0 0 0
638.8 259.4 2542.5 86 0.9684528112 0.0628198013 0.2411488891 -0.0803791955 0.9947285652 0.0636735633 -0.2358777225 -0.0810481980 0.9683970809
626.8 69.1 2558.0 0.9684528112 0.0628198013 0.2411488891 -0.0803791955 0.9947285652 0.0636735633 -0.2358777225 -0.0810481980 0.9683970809
616.1 -123.9 2576.2 0.9687532783 0.0543447249 0.2419995517 -0.0752796009 0.9940982461 0.0781132132 -0.2363262922 -0.0938900560 0.9671269655
494.7 79.3 2590.2 0.5371651053 -0.5597207546 -0.6310042143 0.4099991322 0.8270402551 -0.3845843375 0.7371257544 -0.0521259084 0.6737421751
420.1 22.3 2487.8 -0.8242547512 -0.5597207546 0.0855384544 -0.5621213317 0.8270402551 -0.0049049412 -0.0679983497 -0.0521259084 -0.9963228106
758.8 58.9 2525.8 0.4907999635 0.2909711897 0.8212497234 -0.8695431948 0.1042289510 0.4827327728 0.0548633263 -0.9510374069 0.3041675985
850.0 -102.7 2536.0 -0.5971407890 0.2909711897 0.7475016117 -0.7568721175 0.1042289510 -0.6451983452 -0.2656454444 -0.9510374069 0.1579886228
521.3 -305.8 2610.0 -0.9471809864 0.0586656183 -0.3152879477 0.0148056261 0.9900768399 0.1397448331 0.3203575015 0.1276956201 -0.9386505485
498.5 -690.1 2560.4 -0.9469305277 -0.0287296902 -0.3201517463 0.0043077571 0.9947740436 -0.1020100564 0.3214093745 -0.0979755744 -0.9418581724
697.1 -318.7 2578.8 0.7523324490 0.0906076133 0.6525228620 0.0484184399 0.9802126884 -0.1919342577 -0.6570019126 0.1759925187 0.7330587506
661.9 -699.2 2510.5 0.7580252290 -0.1548220962 0.6335833669 0.0153156305 0.9753754735 0.2200184613 -0.6520453691 -0.1570758224 0.7417303920
635.1 168.9 2505.6 0 0 0 0 0 0 0 0 0
698.5 -294.7 2468.6 0 0 0 0 0 0 0 0 0
509.3 -1061.4 2597.0 0 0 0 0 0 0 0 0 0
719.7 -1062.9 2569.1 0 0 0 0 0 0 0 0 0
633.1 261.0 2545.2 87 0.9560556412 0.0555922687 0.2878665626 -0.0765063390 0.9951451421 0.0619104244 -0.2830272913 -0.0812134296 0.9556672573
622.4 69.7 2560.8 0.9560556412 0.0555922687 0.2878665626 -0.0765063390 0.9951451421 0.0619104244 -0.2830272913 -0.0812134296 0.9556672573
612.7 -123.4 2578.2 0.9562295675 0.0496846102 0.2883685231 -0.0732179508 0.9947569370 0.0713984221 -0.2833091915 -0.0893870369 0.9548538327
492.1 79.7 2599.5 0.5720259547 -0.5616174340 -0.5978060961 0.4050237536 0.8271719217 -0.3895412087 0.7132616043 -0.0192979891 0.7006322145
412.6 23.4 2500.4 -0.8265476823 -0.5616174340 0.0374804735 -0.5619448423 0.8271719217 0.0021341424 -0.0322013684 -0.0192979891 -0.9992950559
752.8 59.8 2522.2 0.5076655746 0.2924043536 0.8104168177 -0.8589859009 0.0992064178 0.5022960305 0.0664750040 -0.9511349797 0.3015348911
848.5 -102.3 2534.8 -0.5983344913 0.2924043536 0.7459862828 -0.7568913698 0.0992064178 -0.6459671259 -0.2628902197 -0.9511349797 0.1619597226
518.9 -310.1 2615.6 -0.9315861464 0.0550786145 -0.3593237996 -0.0037039262 0.9869655371 0.1608889401 0.3635017574 0.1512128115 -0.9192394614
497.5 -693.2 2556.9 -0.9314245582 -0.0544872023 -0.3598325253 -0.0067221387 0.9911359549 -0.1326813400 0.3638724089 -0.1211638078 -0.9235346317
692.0 -323.5 2573.3 0.7195228338 0.0745787323 0.6904526949 0.0506859832 0.9859259129 -0.1593140662 -0.6926166415 0.1496263742 0.7056161165
663.1 -706.0 2515.3 0.7229244113 -0.1505021453 0.6743362546 0.0295910109 0.9818362594 0.1874085665 -0.6902931333 -0.1155279428 0.7142469287
628.2 170.0 2508.8 0 0 0 0 0 0 0 0 0
696.7 -294.3 2468.0 0 0 0 0 0 0 0 0 0
517.8 -1062.9 2602.1 0 0 0 0 0 0 0 0 0
719.2 -1072.1 2558.4 0 0 0 0 0 0 0 0 0
625.8 264.4 2546.6 88 0.9448857307 0.0472760201 0.3239690065 -0.0716411173 0.9953948259 0.0636923984 -0.3194659352 -0.0833915398 0.9439212680
616.7 72.6 2562.7 0.9448857307 0.0472760201 0.3239690065 -0.0716411173 0.9953948259 0.0636923984 -0.3194659352 -0.0833915398 0.9439212680
608.7 -120.6 2579.6 0.9450917840 0.0409064963 0.3242346942 -0.0669891909 0.9953168631 0.0696902871 -0.3198654950 -0.0875839368 0.9434061050
487.8 81.7 2606.3 0.5966228247 -0.5661717057 -0.5687625408 0.4055649638 0.8242718577 -0.3950859606 0.6925014257 0.0050471406 0.7213988304
404.9 25.3 2510.0 -0.8242871761 -0.5661717057 -0.0005521551 -0.5661650300 0.8242718577 0.0057437867 -0.0027968436 0.0050471406 -0.9999833703
745.5 63.5 2519.0 0.5490333438 0.2991287112 0.7804386020 -0.8312541842 0.0981665775 0.5471561551 0.0870571211 -0.9491497874 0.3025487065
851.6 -97.1 2535.9 -0.5976272821 0.2991287112 0.7438842058 -0.7561690211 0.0981665775 -0.6469712257 -0.2665522099 -0.9491497874 0.1675248295
517.5 -309.9 2620.8 -0.9174902439 0.0488505736 -0.3947471082 -0.0194799844 0.9857202172 0.1672607511 0.3972809911 0.1611497700 -0.9034370780
498.6 -692.5 2558.3 -0.9186094999 -0.0481598787 -0.3922208548 -0.0000429014 0.9925579429 -0.1217733771 0.3951665163 -0.1118453592 -0.9117752314
688.5 -323.0 2570.2 0.6930379868 0.0498598218 0.7191748023 0.0692128912 0.9883949161 -0.1352221519 -0.7175708413 0.1434902549 0.6815443039
669.1 -706.5 2514.5 0.7032635808 -0.1122041717 0.7020189166 -0.0037910754 0.9868607521 0.1615284383 -0.7109190822 -0.1162584722 0.6935978532
619.9 173.0 2510.8 0 0 0 0 0 0 0 0 0
699.9 -289.0 2468.2 0 0 0 0 0 0 0 0 0
516.6 -1062.9 2600.0 0 0 0 0 0 0 0 0 0
711.0 -1074.3 2557.8 0 0 0 0 0 0 0 0 0
621.5 273.1 2548.3 89 0.9315049052 0.0411042571 0.3613986969 -0.0676074848 0.9958458543 0.0609941408 -0.3573902547 -0.0812496021 0.9304142594
613.6 80.5 2564.0 0.9315049052 0.0411042571 0.3613986969 -0.0676074848 0.9958458543 0.0609941408 -0.3573902547 -0.0812496021 0.9304142594
606.6 -112.8 2580.1 0.9316706061 0.0358446538 0.3615314662 -0.0633184388 0.9959113598 0.0644309893 -0.3577437997 -0.0829200670 0.9301309586
486.5 89.1 2612.8 0.6231728792 -0.5667269826 -0.5389583707 0.4022844732 0.8232532144 -0.4005263746 0.6706882715 0.0327825882 0.7410145402
399.9 33.2 2519.6 -0.8229115009 -0.5667269826 -0.0404615588 -0.5675489306 0.8232532144 0.0119316280 0.0265481304 0.0327825882 -0.9991098642
740.6 71.9 2515.2 0.5942478776 0.2928705215 0.7490636706 -0.7967889309 0.0875387192 0.5978832245 0.1095302999 -0.9521364570 0.2853756845
857.4 -84.6 2536.7 -0.5853194594 0.2928705215 0.7560608387 -0.7709978223 0.0875387192 -0.6307926178 -0.2509251535 -0.9521364570 0.1745644212
516.2 -307.8 2625.2 -0.9013597369 0.0401442349 -0.4312064946 -0.0339168534 0.9860925078 0.1626998037 0.4317409396 0.1612762213 -0.8874624968
500.6 -690.6 2562.6 -0.9035057425 -0.0272349529 -0.4277097285 0.0109979454 0.9961767793 -0.0866651684 0.4284348190 -0.0830064043 -0.8997519016
685.2 -319.8 2568.0 0.6637746096 0.0388966352 0.7469205856 0.0758191273 0.9900030494 -0.1189344600 -0.7440797687 0.1355765462 0.6541897655
670.1 -704.0 2515.4 0.6765867472 -0.1087392494 0.7282899022 -0.0146793155 0.9868482947 0.1609811932 -0.7362166047 -0.1196085364 0.6660922766
614.6 181.3 2512.6 0 0 0 0 0 0 0 0 0
708.8 -280.3 2473.0 0 0 0 0 0 0 0 0 0
510.8 -1062.2 2593.6 0 0 0 0 0 0 0 0 0
710.7 -1072.1 2560.0 0 0 0 0 0 0 0 0 0
620.0 287.7 2555.1 90 0.8999212384 0.0340679474 0.4347195625 -0.0622887947 0.9967629313 0.0508312620 -0.4315806329 -0.0728222877 0.8991301656
613.3 93.6 2569.3 0.8999212384 0.0340679474 0.4347195625 -0.0622887947 0.9967629313 0.0508312620 -0.4315806329 -0.0728222877 0.8991301656
607.1 -99.9 2583.2 0.9000113606 0.0313666798 0.4347363710 -0.0595439188 0.9969044328 0.0513428934 -0.4317801595 -0.0720950961 0.8990929723
490.9 101.7 2628.1 0.6754541993 -0.5614082813 -0.4781028330 0.3932922482 0.8227180243 -0.4104342759 0.6237650514 0.0891954228 0.7765058875
397.2 47.1 2541.5 -0.8187692761 -0.5614082813 -0.1201567054 -0.5678729415 0.8227180243 0.0256014522 0.0844822153 0.0891954228 -0.9924247861
735.8 85.6 2510.5 0.6281186342 0.3190602958 0.7096953392 -0.7625530362 0.0708910823 0.6430298090 0.1548542231 -0.9450793266 0.2878284156
864.5 -70.6 2542.3 -0.5672797561 0.3190602958 0.7592062950 -0.7845454812 0.0708910823 -0.6160055399 -0.2503638566 -0.9450793266 0.2101022601
516.3 -300.5 2628.1 -0.8647449017 0.0341544263 -0.5010486245 -0.0526675582 0.9860159159 0.1581100225 0.4994420409 0.1631138474 -0.8508533835
503.0 -683.3 2564.8 -0.8681483865 -0.0160817411 -0.4960441291 0.0191163011 0.9976496696 -0.0658000484 0.4959364831 -0.0666067302 -0.8658005595
682.9 -311.8 2564.1 0.6019384265 0.0320524909 0.7978989482 0.0728357062 0.9928253293 -0.0948304757 -0.7952138782 0.1151976436 0.5952851772
670.5 -697.1 2519.4 0.6134933233 -0.1068491638 0.7824379802 -0.0128691690 0.9893199205 0.1451912671 -0.7895950079 -0.0991431996 0.6055661440
610.5 195.1 2519.5 0 0 0 0 0 0 0 0 0
720.5 -269.7 2478.7 0 0 0 0 0 0 0 0 0
509.0 -1055.5 2589.6 0 0 0 0 0 0 0 0 0
710.3 -1066.2 2556.4 0 0 0 0 0 0 0 0 0
616.6 293.0 2559.0 91 0.8909901381 0.0292350557 0.4530804455 -0.0535388663 0.9977275133 0.0409066044 -0.4508549273 -0.0607047938 0.8905305862
610.9 98.5 2570.9 0.8909901381 0.0292350557 0.4530804455 -0.0535388663 0.9977275133 0.0409066044 -0.4508549273 -0.0607047938 0.8905305862
605.1 -95.1 2583.0 0.8909554482 0.0296552684 0.4531213641 -0.0547142215 0.9976059794 0.0422925614 -0.4507823884 -0.0624729693 0.8904450536
489.5 105.9 2632.3 0.6882235408 -0.5588816404 -0.4626010358 0.3864426613 0.8220449686 -0.4182154536 0.6140117645 0.1090569273 0.7817263603
393.8 52.2 2547.0 -0.8172591925 -0.5588816404 -0.1404946595 -0.5682994723 0.8220449686 0.0357461721 0.0955150500 0.1090569273 -0.9894359112
732.4 91.1 2509.4 0.6729327440 0.3271731138 0.6634148359 -0.7152674198 0.0591876842 0.6963399649 0.1885577142 -0.9431089759 0.2738455832
872.3 -57.6 2548.6 -0.5597922802 0.3271731138 0.7613083720 -0.7919261456 0.0591876842 -0.6077415943 -0.2438967675 -0.9431089759 0.2259641141
520.6 -288.1 2635.7 -0.8546563983 0.0440527610 -0.5173218250 -0.0672518611 0.9786064625 0.1944390386 0.5148200393 0.2009694129 -0.8334096074
503.6 -667.7 2557.8 -0.8605516553 -0.0070431642 -0.5093144774 0.0415187329 0.9956072569 -0.0839191526 0.5076682568 -0.0933628604 -0.8564790487
681.2 -298.6 2558.7 0.5851185918 0.0336386897 0.8102497458 0.0717815608 0.9930691123 -0.0930654556 -0.8077645898 0.1126153171 0.5786485672
668.2 -684.1 2514.9 0.5965156555 -0.1046064347 0.7957553864 -0.0146123907 0.9898903370 0.1410803199 -0.8024684191 -0.0957845002 0.5889564753
607.0 200.5 2522.1 0 0 0 0 0 0 0 0 0
730.2 -258.6 2486.7 0 0 0 0 0 0 0 0 0
506.2 -1039.1 2592.6 0 0 0 0 0 0 0 0 0
707.2 -1053.5 2550.7 0 0 0 0 0 0 0 0 0
608.9 301.0 2561.5 92 0.8895943165 0.0073801046 0.4566919208 -0.0318468586 0.9984382391 0.0459000990 -0.4556399286 -0.0553766675 0.8884400129
607.4 104.9 2572.4 0.8895943165 0.0073801046 0.4566919208 -0.0318468586 0.9984382391 0.0459000990 -0.4556399286 -0.0553766675 0.8884400129
605.5 -88.9 2583.8 0.8895609379 0.0098998724 0.4567092657 -0.0357028246 0.9982137084 0.0479027927 -0.4554192126 -0.0589182638 0.8883253932
486.1 109.7 2634.5 0.6836695671 -0.5737936497 -0.4509510100 0.3971078098 0.8109208941 -0.4297822118 0.6122918725 0.1147528365 0.7822598219
391.0 54.5 2549.4 -0.8058715463 -0.5737936497 -0.1460544467 -0.5840131640 0.8109208941 0.0365506336 0.0974660739 0.1147528365 -0.9886010885
728.8 100.0 2510.2 0.7275454402 0.2991242707 0.6174158454 -0.6581827998 0.0503929257 0.7511697412 0.1935797185 -0.9528825879 0.2335415930
884.6 -40.9 2551.7 -0.5519129038 0.2991242707 0.7784066200 -0.8054814339 0.0503929257 -0.5904746056 -0.2158514708 -0.9528825879 0.2131265402
519.6 -283.9 2635.4 -0.8505020142 0.0381221473 -0.5245884657 -0.0837089047 0.9748470187 0.2065578401 0.5192679167 0.2195905745 -0.8259181380
504.8 -662.1 2550.2 -0.8604054451 -0.0025989285 -0.5096035004 0.0640696734 0.9915008545 -0.1132306457 0.5055665374 -0.1300743967 -0.8529261947
678.9 -293.6 2554.8 0.5789639354 0.0342280194 0.8146343827 0.0637270659 0.9941624999 -0.0870622247 -0.8128589392 0.1023201495 0.5734029412
665.6 -679.5 2515.1 0.5878075957 -0.1129363701 0.8010790348 -0.0023209103 0.9899685383 0.1412690878 -0.8089973927 -0.0848982781 0.5816489458
601.3 206.9 2524.0 0 0 0 0 0 0 0 0 0
744.6 -245.3 2496.9 0 0 0 0 0 0 0 0 0
505.8 -1031.9 2598.7 0 0 0 0 0 0 0 0 0
707.8 -1049.0 2546.7 0 0 0 0 0 0 0 0 0
597.2 305.9 2562.7 93 0.9012534618 -0.0276719555 0.4324076772 0.0026141873 0.9982876778 0.0584368110 -0.4332843423 -0.0515359864 0.8997825980
602.6 109.6 2572.9 0.9012534618 -0.0276719555 0.4324076772 0.0026141873 0.9982876778 0.0584368110 -0.4332843423 -0.0515359864 0.8997825980
607.1 -84.1 2583.1 0.9013678432 -0.0231375303 0.4324356914 -0.0018802913 0.9983531237 0.0573362932 -0.4330501556 -0.0524941981 0.8998399377
479.7 109.8 2632.0 0.6540488601 -0.6040014029 -0.4554144740 0.4156108201 0.7899591327 -0.4508127868 0.6320503950 0.1055784076 0.7677014470
388.7 52.0 2544.1 -0.7874572277 -0.6040014029 -0.1228552237 -0.6119431257 0.7899591327 0.0386027396 0.0737344995 0.1055784076 -0.9916735291
725.6 109.4 2513.8 0.7635608315 0.2880719304 0.5779182315 -0.6133342385 0.0436025821 0.7886190414 0.2019802779 -0.9566155672 0.2099775970
897.0 -28.3 2559.1 -0.5474969745 0.2880719304 0.7856600285 -0.8120892644 0.0436025821 -0.5819019675 -0.2018864155 -0.9566155672 0.2100678384
523.9 -279.4 2636.0 -0.8582310081 0.0576352440 -0.5100173354 -0.0620353110 0.9747427106 0.2145420313 0.5095008612 0.2157657146 -0.8329790235
501.6 -657.7 2552.2 -0.8658413291 -0.0214212276 -0.4998598695 0.0472712703 0.9911110997 -0.1243553236 0.4980805218 -0.1313009858 -0.8571323156
683.1 -285.8 2554.5 0.5956668258 0.0562761277 0.8012577891 0.0565426461 0.9921302199 -0.1117166355 -0.8012390137 0.1118511260 0.5877970457
661.3 -670.8 2511.0 0.6069280505 -0.1315546334 0.7837931514 -0.0155494474 0.9840506911 0.1772072464 -0.7946046591 -0.1197395995 0.5952023864
594.1 211.7 2524.9 0 0 0 0 0 0 0 0 0
758.1 -234.4 2507.9 0 0 0 0 0 0 0 0 0
509.6 -1027.4 2601.2 0 0 0 0 0 0 0 0 0
710.3 -1037.8 2555.7 0 0 0 0 0 0 0 0 0
586.7 301.6 2571.9 94 0.9252207279 -0.0624232329 0.3742591441 0.0556311458 0.9980320334 0.0289352834 -0.3753288388 -0.0059510604 0.9268726110
598.9 105.7 2573.0 0.9252207279 -0.0624232329 0.3742591441 0.0556311458 0.9980320334 0.0289352834 -0.3753288388 -0.0059510604 0.9268726110
610.1 -87.7 2575.9 0.9257254004 -0.0562329553 0.3739924431 0.0471406914 0.9983289838 0.0334222130 -0.3752469122 -0.0133095291 0.9268293381
472.9 99.4 2624.0 0.5987752080 -0.6377072930 -0.4845592380 0.4092678726 0.7636740208 -0.4993012846 0.6884533763 0.1006547064 0.7182621956
389.9 42.6 2528.6 -0.7676235437 -0.6377072930 -0.0639024451 -0.6409005523 0.7636740208 0.0777719766 -0.0007951186 0.1006547064 -0.9949210882
724.9 112.1 2522.0 0.7674026489 0.2798506618 0.5768680573 -0.6120299697 0.0515919551 0.7891499400 0.1910823882 -0.9586563110 0.2108687907
899.2 -26.9 2565.4 -0.5470699072 0.2798506618 0.7889221311 -0.8119994402 0.0515919551 -0.5813735723 -0.2033998221 -0.9586563110 0.1990141720
531.0 -277.6 2632.1 -0.8823311925 0.0692523345 -0.4655059874 -0.0448428728 0.9722432494 0.2296348065 0.4684877992 0.2234885693 -0.8547350764
504.1 -654.9 2545.4 -0.8891608119 -0.0048370771 -0.4575692713 0.0724149197 0.9858562946 -0.1511403322 0.4518286288 -0.1675229073 -0.8762345314
692.2 -277.9 2554.6 0.6374434233 0.0863793194 0.7656399608 0.0345703475 0.9894888997 -0.1404158920 -0.7697212100 0.1159756258 0.6277570128
658.7 -661.8 2509.6 0.6433141232 -0.1440355927 0.7519313097 -0.0023460838 0.9817679524 0.1900689602 -0.7655987740 -0.1240381375 0.6312472224
589.6 209.3 2528.8 0 0 0 0 0 0 0 0 0
760.3 -233.0 2513.8 0 0 0 0 0 0 0 0 0
505.9 -1022.5 2607.9 0 0 0 0 0 0 0 0 0
712.4 -1028.1 2555.9 0 0 0 0 0 0 0 0 0
573.7 296.4 2577.4 95 0.9283070564 -0.1064257696 0.3562577963 0.1038548499 0.9942421317 0.0263960510 -0.3570157290 0.0124954600 0.9340147972
594.5 102.2 2575.0 0.9283070564 -0.1064257696 0.3562577963 0.1038548499 0.9942421317 0.0263960510 -0.3570157290 0.0124954600 0.9340147972
613.7 -90.6 2574.4 0.9294018745 -0.0982952118 0.3557389081 0.0932153612 0.9951494932 0.0314384922 -0.3571036458 0.0039413329 0.9340564609
467.9 89.5 2623.6 0.5683647394 -0.6710875630 -0.4760283828 0.4208201170 0.7342663407 -0.5326944590 0.7070162296 0.1024424359 0.6997382045
389.0 31.1 2525.4 -0.7397515774 -0.6710875630 -0.0490821898 -0.6723398566 0.7342663407 0.0938727558 -0.0269574393 0.1024424359 -0.9943736196
721.1 114.8 2526.4 0.7928853035 0.2546201944 0.5536257625 -0.5819796324 0.0470815971 0.8118392825 0.1806450933 -0.9658943415 0.1855140626
906.6 -21.3 2568.6 -0.5592091680 0.2546201944 0.7889572978 -0.8077107072 0.0470815971 -0.5876961350 -0.1867846698 -0.9658943415 0.1793309897
538.6 -285.3 2612.1 -0.8824707270 0.0852749348 -0.4625727832 0.0045808991 0.9849403501 0.1728338152 0.4703449905 0.1504017860 -0.8695716858
505.6 -666.6 2553.9 -0.8842725158 -0.0045929272 -0.4669486284 0.0629121512 0.9896635413 -0.1288727224 0.4627139270 -0.1433353424 -0.8748432994
703.8 -277.0 2545.2 0.6423131227 0.1167801693 0.7574933767 -0.0066033136 0.9891305566 -0.1468916237 -0.7664138675 0.0893484503 0.6361026764
658.6 -660.6 2510.6 0.6407622695 -0.1456502676 0.7537968755 0.0041153473 0.9824770689 0.1863381118 -0.7677283287 -0.1162962988 0.6301336288
581.6 206.1 2532.4 0 0 0 0 0 0 0 0 0
764.7 -226.3 2521.2 0 0 0 0 0 0 0 0 0
507.3 -1035.7 2607.4 0 0 0 0 0 0 0 0 0
712.9 -1027.3 2554.0 0 0 0 0 0 0 0 0 0
567.8 289.3 2589.7 96 0.9205062985 -0.1288907975 0.3688566983 0.1389644146 0.9902970791 -0.0007521699 -0.3651807904 0.0519503355 0.9294859767
593.0 95.9 2579.5 0.9205062985 -0.1288907975 0.3688566983 0.1389644146 0.9902970791 -0.0007521699 -0.3651807904 0.0519503355 0.9294859767
616.1 -96.4 2572.9 0.9224147797 -0.1193328798 0.3673018813 0.1237218454 0.9922483563 0.0116661452 -0.3658468425 0.0346822403 0.9300286174
467.2 79.0 2629.4 0.5686924458 -0.6849595904 -0.4554330409 0.4124728143 0.7165104747 -0.5625646114 0.7116565704 0.1320725083 0.6900013089
388.1 21.6 2530.4 -0.7258023620 -0.6849595904 -0.0635710359 -0.6868593097 0.7165104747 0.1218074635 -0.0378838815 0.1320725083 -0.9905158877
718.7 112.7 2529.7 0.7916115522 0.2672681212 0.5494714379 -0.5824441910 0.0582509637 0.8107808828 0.1846886277 -0.9618599415 0.2017809004
903.9 -23.5 2572.9 -0.5217860937 0.2672681212 0.8101277947 -0.8304251432 0.0582509637 -0.5540766716 -0.1952777505 -0.9618599415 0.1915516108
