93.4 377.5 1587.0 12 0.7840394378 -0.1922442019 0.5901900530 0.0188071560 0.9577500820 0.2869861126 -0.6204259992 -0.2139086425 0.7545294166
132.4 183.2 1630.4 0.7840394378 -0.1922442019 0.5901900530 0.0188071560 0.9577500820 0.2869861126 -0.6204259992 -0.2139086425 0.7545294166
164.3 -8.7 1671.2 0.7873111367 -0.1615576893 0.5950129032 0.0010235177 0.9654002190 0.2607707977 -0.6165550947 -0.2046987563 0.7602356672
17.7 183.1 1720.2 0.0159855969 -0.4721144140 0.8813923001 0.4643849432 0.7841684818 0.4116144180 -0.8854891658 0.4027254283 0.2317782342
12.3 26.9 2018.0 0.1487354189 -0.4980678856 0.8542869091 0.6514637470 0.6992835402 0.2942745686 -0.7439574599 0.5127679706 0.4284814000
247.1 183.3 1540.6 -0.4287680686 -0.7688182592 0.4744221866 -0.8252038956 0.1195644736 -0.5520351529 0.3676906824 -0.6281901002 -0.6856972575
152.8 1.7 1621.5 -0.6358317733 -0.7688182592 -0.0680912361 -0.0383292735 0.1195644736 -0.9920862913 0.7708753347 -0.6281901002 -0.1054911390
115.3 -205.1 1770.6 0.8215120435 -0.0004266628 0.5701909661 -0.0777449757 0.9905768037 0.1127535924 -0.5648660660 -0.1369579136 0.8137375712
115.5 -598.6 1825.0 0.8240061998 -0.0000044354 0.5665808320 0.0000067336 1.0000000000 -0.0000019647 -0.5665808320 0.0000054341 0.8240061998
270.1 -199.5 1672.5 0.7309735417 0.2766569555 0.6238097548 -0.0227629915 0.9235096574 -0.3828991652 -0.6820260286 0.2656894028 0.6813586950
160.3 -566.1 1567.0 0.7311632037 0.0000041566 0.6822025776 0.0000049747 1.0000000000 -0.0000114246 -0.6822025776 0.0000117469 0.7311632037
-29.3 -155.1 2225.9 0 0 0 0 0 0 0 0 0
-28.1 -9.2 1840.8 0 0 0 0 0 0 0 0 0
115.5 -980.8 1825.0 0 0 0 0 0 0 0 0 0
160.3 -948.3 1567.0 0 0 0 0 0 0 0 0 0
89.9 377.9 1570.4 13 0.7898651361 -0.1943233162 0.5816798806 0.0151476618 0.9543650150 0.2982581556 -0.6130934358 -0.2267726213 0.7567632198
129.2 184.5 1616.3 0.7898651361 -0.1943233162 0.5816798806 0.0151476618 0.9543650150 0.2982581556 -0.6130934358 -0.2267726213 0.7567632198
162.5 -6.5 1659.6 0.7926598787 -0.1677301079 0.5861372948 0.0003585915 0.9615383148 0.2746706009 -0.6096639633 -0.2175101787 0.7622330189
13.6 184.5 1705.2 0.0205184110 -0.4820735157 0.8758904934 0.4529955685 0.7854721546 0.4216971993 -0.8912765980 0.3881219327 0.2344937921
6.7 31.9 2005.6 0.1507376432 -0.5083769560 0.8478390574 0.6429206133 0.7019042969 0.3065671921 -0.7509535551 0.4988819659 0.4326494038
244.9 184.6 1527.4 -0.4251432121 -0.7642341852 0.4849735498 -0.8243802190 0.1057239622 -0.5560752153 0.3736983836 -0.6362141967 -0.6749674082
151.3 3.2 1609.6 -0.6422383785 -0.7642341852 -0.0589574240 -0.0345764495 0.1057239622 -0.9937942028 0.7657247186 -0.6362141967 -0.0943244845
124.8 -200.5 1768.0 0.8267685175 0.0367680229 0.5613393784 -0.0968869552 0.9922573566 0.0777065456 -0.5541360378 -0.1186317950 0.8239294887
110.2 -594.4 1815.1 0.8306765556 -0.0000022177 0.5567552447 0.0000033549 1.0000000000 -0.0000010223 -0.5567552447 0.0000027170 0.8306765556
268.4 -200.5 1655.6 0.7324671149 0.2661830187 0.6266087890 -0.0408741944 0.9359309673 -0.3498034775 -0.6795743108 0.2306074053 0.6964186430
162.8 -572.0 1564.1 0.7330799103 0.0000020783 0.6801425219 0.0000024712 1.0000000000 -0.0000057192 -0.6801425219 0.0000058735 0.7330799103
-35.5 -148.1 2215.7 0 0 0 0 0 0 0 0 0
-31.4 -6.6 1827.5 0 0 0 0 0 0 0 0 0
110.2 -976.6 1815.1 0 0 0 0 0 0 0 0 0
162.8 -954.1 1564.1 0 0 0 0 0 0 0 0 0
87.3 375.2 1553.1 14 0.7675990462 -0.2023934871 0.6081353426 -0.0002476571 0.9487384558 0.3160621822 -0.6409302950 -0.2427596301 0.7282006145
128.2 183.4 1602.1 0.7675990462 -0.2023934871 0.6081353426 -0.0002476571 0.9487384558 0.3160621822 -0.6409302950 -0.2427596301 0.7282006145
163.2 -6.7 1648.6 0.7703367472 -0.1759871840 0.6128701568 -0.0140308756 0.9562467933 0.2922245264 -0.6374828815 -0.2337103933 0.7341628075
15.8 185.4 1695.1 -0.0116853872 -0.4683555365 0.8834627867 0.4317623377 0.7945509553 0.4269309938 -0.9019117355 0.3864348233 0.1929336488
19.8 39.9 1999.1 0.1234332770 -0.4906319976 0.8625801206 0.6249372959 0.7136436105 0.3164904118 -0.7708551288 0.4999930263 0.3947016001
240.6 181.3 1509.2 -0.4110005200 -0.7865737677 0.4608473182 -0.8153501749 0.0910443068 -0.5717648268 0.4077776968 -0.6107475758 -0.6787523627
150.2 1.9 1598.9 -0.6144067049 -0.7865737677 -0.0616937764 -0.0165753756 0.0910443068 -0.9957088828 0.7888153791 -0.6107475758 -0.0689759851
123.4 -197.6 1758.5 0.8069075346 0.0293907579 0.5899460912 -0.0957960635 0.9920504093 0.0816031396 -0.5828579068 -0.1223606989 0.8033084869
111.7 -591.6 1807.1 0.8106356859 -0.0000011088 0.5855508447 0.0000016943 1.0000000000 -0.0000004520 -0.5855508447 0.0000013585 0.8106356859
268.4 -197.6 1647.0 0.7150260806 0.2600711882 0.6489227414 -0.0310836360 0.9391377568 -0.3421317339 -0.6984064579 0.2244622409 0.6795918941
165.1 -570.6 1557.9 0.7153717875 0.0000010391 0.6987439990 0.0000013086 1.0000000000 -0.0000028269 -0.6987439990 0.0000029367 0.7153717875
-14.8 -135.0 2214.9 0 0 0 0 0 0 0 0 0
-24.6 -2.8 1823.3 0 0 0 0 0 0 0 0 0
111.7 -973.8 1807.1 0 0 0 0 0 0 0 0 0
165.1 -952.7 1557.9 0 0 0 0 0 0 0 0 0
84.9 374.1 1538.4 15 0.7750468254 -0.2109991461 0.5956355929 0.0085993167 0.9460394382 0.3239373863 -0.6318452954 -0.2459445894 0.7350392938
127.6 182.6 1588.2 0.7750468254 -0.2109991461 0.5956355929 0.0085993167 0.9460394382 0.3239373863 -0.6318452954 -0.2459445894 0.7350392938
164.4 -6.9 1635.4 0.7779586315 -0.1851084977 0.6004292369 -0.0053650266 0.9536255002 0.3009479642 -0.6282926202 -0.2373463660 0.7408880591
14.0 183.4 1679.9 -0.0061244895 -0.4827761650 0.8757223487 0.4299116135 0.7894045711 0.4381967485 -0.9028502107 0.3791669607 0.2027163804
16.1 38.3 1984.5 0.1250879765 -0.5054174662 0.8537600040 0.6249484420 0.7084857225 0.3278526962 -0.7705792785 0.4925455749 0.4044829011
241.1 181.8 1496.5 -0.4056131244 -0.7803483009 0.4759564698 -0.8198077083 0.0803064182 -0.5669799447 0.4042194486 -0.6201672554 -0.6723088622
151.9 1.4 1585.4 -0.6234650612 -0.7803483009 -0.0484553203 -0.0230663903 0.0803064182 -0.9965032935 0.7815108895 -0.6201672554 -0.0680680573
127.8 -195.3 1753.3 0.8141101003 0.0470519848 0.5788012147 -0.1103512645 0.9910855293 0.0746465847 -0.5701292753 -0.1246419847 0.8120449781
109.1 -589.0 1802.8 0.8191127181 -0.0000005544 0.5736325979 0.0000008438 1.0000000000 -0.0000002384 -0.5736325979 0.0000006793 0.8191127181
268.8 -198.0 1636.7 0.7174882889 0.2605174780 0.6460194588 -0.0459339805 0.9431052208 -0.3293063343 -0.6950543523 0.2065992057 0.6886335611
165.3 -572.6 1554.6 0.7182464600 0.0000005196 0.6957887411 0.0000006485 1.0000000000 -0.0000014162 -0.6957887411 0.0000014684 0.7182464600
-18.9 -136.8 2200.4 0 0 0 0 0 0 0 0 0
-25.5 -5.1 1807.8 0 0 0 0 0 0 0 0 0
109.1 -971.2 1802.8 0 0 0 0 0 0 0 0 0
165.3 -954.8 1554.6 0 0 0 0 0 0 0 0 0
83.1 373.8 1528.1 16 0.7611297369 -0.2144122273 0.6121346951 0.0030525792 0.9449527264 0.3271926939 -0.6485924721 -0.2471675128 0.7198861241
126.3 183.4 1577.9 0.7611297369 -0.2144122273 0.6121346951 0.0030525792 0.9449527264 0.3271926939 -0.6485924721 -0.2471675128 0.7198861241
164.8 -5.6 1625.5 0.7633637190 -0.1935345381 0.6162955165 -0.0073322426 0.9514063597 0.3078509271 -0.6459272504 -0.2395210713 0.7248500586
14.9 184.5 1672.2 -0.0281295478 -0.4764709473 0.8787401319 0.4235354960 0.7905977368 0.4422362447 -0.9054426551 0.3846175373 0.1795631945
24.4 41.6 1977.7 0.1055001915 -0.4962657988 0.8617365956 0.6199173927 0.7104001641 0.3332177103 -0.7775423527 0.4990509748 0.3825911582
237.8 182.4 1483.6 -0.3936291039 -0.7946120501 0.4622205198 -0.8182317615 0.0736785978 -0.5701475739 0.4189904034 -0.6026301980 -0.6791788340
151.2 2.3 1575.8 -0.6053085923 -0.7946120501 -0.0468318686 -0.0195773244 0.0736785978 -0.9970898628 0.7957501411 -0.6026301980 -0.0601546653
129.9 -195.9 1740.0 0.7999718785 0.0520286635 0.5977776051 -0.1373118907 0.9856712818 0.0979670212 -0.5841151476 -0.1604528278 0.7956534624
109.3 -587.3 1803.8 0.8076217771 -0.0000002772 0.5897008181 0.0000004242 1.0000000000 -0.0000001108 -0.5897008181 0.0000003396 0.8076217771
272.5 -196.9 1624.9 0.6960173845 0.2744002938 0.6635241508 -0.0678864941 0.9451050758 -0.3196370900 -0.7148085237 0.1774286479 0.6764376163
163.5 -572.2 1554.5 0.6976267695 0.0000002598 0.7164613605 0.0000003448 1.0000000000 -0.0000006983 -0.7164613605 0.0000007342 0.6976267695
-5.2 -132.1 2195.6 0 0 0 0 0 0 0 0 0
-21.0 -3.2 1802.2 0 0 0 0 0 0 0 0 0
109.3 -969.4 1803.8 0 0 0 0 0 0 0 0 0
163.5 -954.4 1554.5 0 0 0 0 0 0 0 0 0
80.5 373.3 1516.9 17 0.7582268715 -0.2203059047 0.6136426926 0.0013261474 0.9417021871 0.3364450336 -0.6519894600 -0.2542878687 0.7143160105
125.0 183.3 1568.2 0.7582268715 -0.2203059047 0.6136426926 0.0013261474 0.9417021871 0.3364450336 -0.6519894600 -0.2542878687 0.7143160105
164.2 -5.3 1617.2 0.7608647346 -0.1971442699 0.6182386279 -0.0106200986 0.9488224983 0.3156311810 -0.6488236189 -0.2467183769 0.7198318839
13.9 184.8 1663.0 -0.0327759087 -0.4772036076 0.8781813383 0.4157112539 0.7925335169 0.4461779594 -0.9089058638 0.3796937466 0.1724029034
24.9 44.5 1969.8 0.1008355021 -0.4963370264 0.8622539043 0.6135337353 0.7132796049 0.3388341963 -0.7832040787 0.4948553145 0.3764434159
236.0 181.7 1473.5 -0.3896902204 -0.7971530557 0.4611816406 -0.8157840967 0.0664113015 -0.5745309591 0.4273614287 -0.6001137495 -0.6761846542
150.3 2.3 1567.5 -0.6021531224 -0.7971530557 -0.0442555510 -0.0145923812 0.0664113015 -0.9976856112 0.7982472181 -0.6001137495 -0.0516221374
133.3 -194.0 1732.2 0.7972163558 0.0601181500 0.6006928682 -0.1555720568 0.9818807840 0.1082012728 -0.5833038688 -0.1797108501 0.7921240926
109.5 -584.0 1803.6 0.8070424795 -0.0000001386 0.5904934406 0.0000002121 1.0000000000 -0.0000000552 -0.5904934406 0.0000001698 0.8070424795
273.3 -195.4 1613.8 0.6886605024 0.2764228880 0.6703261137 -0.0883935988 0.9495908022 -0.3007721901 -0.7196758389 0.1478773803 0.6783796549
163.5 -572.4 1555.1 0.6913667917 0.0000001299 0.7225039601 0.0000001754 1.0000000000 -0.0000003476 -0.7225039601 0.0000003671 0.6913667917
-3.3 -127.4 2189.3 0 0 0 0 0 0 0 0 0
-21.0 -1.9 1794.6 0 0 0 0 0 0 0 0 0
109.5 -966.1 1803.6 0 0 0 0 0 0 0 0 0
163.5 -954.6 1555.1 0 0 0 0 0 0 0 0 0
78.2 373.5 1511.3 18 0.7498261929 -0.2281859070 0.6210409403 0.0007613589 0.9389430285 0.3440718055 -0.6616343856 -0.2575212121 0.7042178512
124.2 184.3 1563.2 0.7498261929 -0.2281859070 0.6210409403 0.0007613589 0.9389430285 0.3440718055 -0.6616343856 -0.2575212121 0.7042178512
164.2 -3.8 1613.1 0.7532461286 -0.2011593878 0.6262229681 -0.0142598376 0.9468663931 0.3213108480 -0.6575841904 -0.2509559989 0.7103549242
14.2 186.4 1659.2 -0.0438774638 -0.4736956656 0.8795949221 0.4093157947 0.7946298718 0.4483569264 -0.9113371372 0.3797048628 0.1590247750
29.0 48.2 1966.9 0.0909666345 -0.4913895726 0.8661763072 0.6081597209 0.7161648870 0.3424172997 -0.7885853648 0.4956249595 0.3639904559
234.2 182.2 1467.2 -0.3836853206 -0.8041883707 0.4539456367 -0.8132407069 0.0613503903 -0.5786843896 0.4375215173 -0.5911998153 -0.6775379777
149.8 3.3 1563.5 -0.5927695632 -0.8041883707 -0.0436496772 -0.0097371517 0.0613503903 -0.9980688095 0.8053132296 -0.5911998153 -0.0441971496
133.6 -192.8 1725.7 0.7902837396 0.0534740388 0.6104032397 -0.1631897986 0.9785732031 0.1255530268 -0.5906104445 -0.1988340914 0.7820768952
112.4 -581.5 1804.7 0.8010216951 -0.0000000693 0.5986353159 0.0000001063 1.0000000000 -0.0000000265 -0.5986353159 0.0000000849 0.8010216951
273.1 -194.8 1606.8 0.6793044209 0.2785847485 0.6789226532 -0.0960572958 0.9509383440 -0.2940905988 -0.7275427580 0.1345615685 0.6727367640
162.5 -572.5 1553.3 0.6824603081 0.0000000649 0.7309226990 0.0000000898 1.0000000000 -0.0000001727 -0.7309226990 0.0000001835 0.6824603081
3.5 -122.2 2187.9 0 0 0 0 0 0 0 0 0
-18.9 0.6 1792.6 0 0 0 0 0 0 0 0 0
112.4 -963.7 1804.7 0 0 0 0 0 0 0 0 0
162.5 -954.7 1553.3 0 0 0 0 0 0 0 0 0
75.2 372.6 1506.6 19 0.7182267308 -0.2349826694 0.6549301744 -0.0168931000 0.9350834489 0.3540247679 -0.6956040263 -0.2653338313 0.6676323414
122.4 184.7 1559.9 0.7182267308 -0.2349826694 0.6549301744 -0.0168931000 0.9350834489 0.3540247679 -0.6956040263 -0.2653338313 0.6676323414
163.2 -3.0 1610.9 0.7216402292 -0.2049061805 0.6612479091 -0.0314784758 0.9444895387 0.3270299435 -0.6915522218 -0.2568130493 0.6751315594
17.1 189.3 1660.8 -0.0831374675 -0.4489446282 0.8896836042 0.3955194652 0.8045808077 0.4429605603 -0.9146870971 0.3887138069 0.1106755286
45.2 55.8 1969.4 0.0587983839 -0.4618234038 0.8850208521 0.5950440168 0.7280542254 0.3403816521 -0.8015393615 0.5066124797 0.3176136613
227.8 180.1 1459.0 -0.3694989383 -0.8303396106 0.4171410501 -0.8026934266 0.0590572692 -0.5934605598 0.4681386352 -0.5541194677 -0.6883297563
146.5 3.5 1562.0 -0.5546544194 -0.8303396106 -0.0538016967 0.0084165800 0.0590572692 -0.9982191324 0.8320382833 -0.5541194677 -0.0257677548
135.1 -190.7 1723.2 0.7608401179 0.0552077144 0.6465867162 -0.1742363870 0.9771680832 0.1215905324 -0.6251111627 -0.2051698864 0.7530878782
113.2 -578.9 1804.7 0.7726588249 -0.0000000347 0.6348214746 0.0000000537 1.0000000000 -0.0000000108 -0.6348214746 0.0000000425 0.7726588249
273.3 -193.3 1602.6 0.6513133645 0.2792772055 0.7055459619 -0.0888996795 0.9514881968 -0.2945625484 -0.7535832524 0.1291297078 0.6445446014
162.3 -571.4 1551.3 0.6539024115 0.0000000325 0.7565788627 0.0000000482 1.0000000000 -0.0000000846 -0.7565788627 0.0000000918 0.6539024115
28.7 -110.9 2193.9 0 0 0 0 0 0 0 0 0
-11.3 5.9 1798.7 0 0 0 0 0 0 0 0 0
113.2 -961.1 1804.7 0 0 0 0 0 0 0 0 0
162.3 -953.5 1551.3 0 0 0 0 0 0 0 0 0
73.4 372.2 1502.7 20 0.7134162188 -0.2384021580 0.6589398384 -0.0186856538 0.9335412979 0.3579824865 -0.7004913688 -0.2677032351 0.6615488529
121.2 185.2 1556.3 0.7134162188 -0.2384021580 0.6589398384 -0.0186856538 0.9335412979 0.3579824865 -0.7004913688 -0.2677032351 0.6615488529
162.3 -2.1 1608.3 0.7175188065 -0.2068046182 0.6651305556 -0.0359744169 0.9426305890 0.3318937421 -0.6956095695 -0.2620676756 0.6689154506
16.4 190.5 1657.8 -0.0886444077 -0.4469638765 0.8901491165 0.3889327347 0.8071921468 0.4440407157 -0.9169915318 0.3855698705 0.1022858098
46.3 59.2 1967.3 0.0539462157 -0.4591281116 0.8867306113 0.5893021822 0.7315269113 0.3429158330 -0.8061096072 0.5040532947 0.3100283146
225.9 180.0 1454.7 -0.3663867414 -0.8336500525 0.4132654369 -0.7995885015 0.0549560860 -0.5980284810 0.4758350253 -0.5495519638 -0.6867122054
145.3 4.1 1559.4 -0.5496896505 -0.8336500525 -0.0535614006 0.0139371352 0.0549560860 -0.9983915091 0.8352526426 -0.5495519638 -0.0185901001
137.8 -187.8 1725.3 0.7576395869 0.0581123121 0.6500809193 -0.1700427085 0.9792055488 0.1106434390 -0.6301330924 -0.1943693757 0.7517664433
114.7 -576.9 1802.5 0.7688363791 -0.0000000173 0.6394455433 0.0000000269 1.0000000000 -0.0000000052 -0.6394455433 0.0000000212 0.7688363791
270.0 -193.6 1598.6 0.6482768655 0.2697300613 0.7120272517 -0.0888763070 0.9555637240 -0.2810676098 -0.7561997771 0.1189272776 0.6434424520
162.8 -573.3 1551.3 0.6508525014 0.0000000162 0.7592042089 0.0000000243 1.0000000000 -0.0000000422 -0.7592042089 0.0000000459 0.6508525014
31.2 -105.9 2193.2 0 0 0 0 0 0 0 0 0
-11.1 8.0 1797.0 0 0 0 0 0 0 0 0 0
114.7 -959.1 1802.5 0 0 0 0 0 0 0 0 0
162.8 -955.5 1551.3 0 0 0 0 0 0 0 0 0
67.2 369.1 1517.2 21 0.6770169139 -0.2511110306 0.6918029785 0.0011709194 0.9403575659 0.3401856124 -0.7359665632 -0.2295013666 0.6369320154
117.3 181.5 1563.0 0.6770169139 -0.2511110306 0.6918029785 0.0011709194 0.9403575659 0.3401856124 -0.7359665632 -0.2295013666 0.6369320154
161.8 -6.7 1608.5 0.6812078953 -0.2246463746 0.6967709661 -0.0154562937 0.9471305013 0.3204760253 -0.7319267988 -0.2290803045 0.6417205930
18.0 183.7 1669.8 -0.1371318102 -0.4307084680 0.8920118213 0.4096074700 0.7952640653 0.4469639957 -0.9018961191 0.4266676903 0.0673653930
64.2 45.6 1973.8 0.0101144034 -0.4364898205 0.8996523619 0.6084275842 0.7166739702 0.3408727944 -0.7935449481 0.5439255834 0.2728211880
216.6 179.3 1456.2 -0.3375824690 -0.8609072566 0.3806267679 -0.8126173019 0.0624628663 -0.5794406533 0.4750696421 -0.5049129128 -0.7206745148
142.3 0.5 1560.7 -0.5063541532 -0.8609072566 -0.0494380742 -0.0087588867 0.0624628663 -0.9980088472 0.8622811437 -0.5049129128 -0.0391689241
137.6 -186.1 1724.1 0.7237488031 0.0295267701 0.6894315481 -0.1922053993 0.9681727290 0.1603080332 -0.6627554297 -0.2485352159 0.7063890696
125.9 -570.1 1822.7 0.7374997139 -0.0000000087 0.6753474474 0.0000000136 1.0000000000 -0.0000000020 -0.6753474474 0.0000000106 0.7374997139
269.2 -192.7 1596.6 0.5999771357 0.2869741321 0.7467752695 -0.0990055501 0.9529076815 -0.2866441905 -0.7938673496 0.0980450585 0.6001348495
155.2 -571.3 1557.7 0.6029394269 0.0000000081 0.7977869511 0.0000000134 1.0000000000 -0.0000000203 -0.7977869511 0.0000000229 0.6029394269
61.4 -124.7 2196.0 0 0 0 0 0 0 0 0 0
-1.7 -2.0 1806.0 0 0 0 0 0 0 0 0 0
125.9 -952.3 1822.7 0 0 0 0 0 0 0 0 0
155.2 -953.4 1557.7 0 0 0 0 0 0 0 0 0
62.6 369.5 1535.5 22 0.6312320232 -0.2599243224 0.7307431102 0.0173267759 0.9466629028 0.3217594624 -0.7754004598 -0.1904434562 0.6020675898
114.6 180.3 1573.6 0.6312320232 -0.2599243224 0.7307431102 0.0173267759 0.9466629028 0.3217594624 -0.7754004598 -0.1904434562 0.6020675898
161.4 -8.9 1611.8 0.6352570057 -0.2366454452 0.7351512909 0.0019339205 0.9523820877 0.3049009740 -0.7722983360 -0.1922687590 0.6054650545
22.1 179.9 1686.2 -0.1910097599 -0.4025113881 0.8952652216 0.4314817488 0.7847856879 0.4448987842 -0.8816681504 0.4712706208 0.0237746034
86.4 34.6 1983.1 -0.0370000079 -0.4013040662 0.9151972532 0.6276736259 0.7032974362 0.3337641656 -0.7775967717 0.5867944956 0.2258659750
207.1 180.7 1460.9 -0.3093059063 -0.8900046945 0.3349947035 -0.8236886263 0.0746854767 -0.5621024370 0.4752545655 -0.4497929215 -0.7561874390
139.0 -0.6 1565.5 -0.4528160691 -0.8900046945 -0.0533778965 -0.0292935167 0.0746854767 -0.9967768192 0.8911225796 -0.4497929215 -0.0598901510
143.9 -193.4 1720.9 0.6797492504 0.0351615511 0.7326012850 -0.2480015159 0.9510352612 0.1844645590 -0.6902436018 -0.3070758581 0.6551856399
130.0 -570.3 1842.6 0.7016696334 -0.0000000043 0.7125024199 0.0000000068 1.0000000000 -0.0000000006 -0.7125024199 0.0000000053 0.7016696334
268.7 -196.2 1586.9 0.5340797901 0.3039060235 0.7889232635 -0.1315671057 0.9516655803 -0.2775296271 -0.8351340294 0.0444266163 0.5482494235
148.1 -573.7 1569.3 0.5387631059 0.0000000041 0.8424572945 0.0000000075 1.0000000000 -0.0000000096 -0.8424572945 0.0000000115 0.5387631059
96.8 -141.0 2200.7 0 0 0 0 0 0 0 0 0
10.2 -8.9 1819.0 0 0 0 0 0 0 0 0 0
130.0 -952.4 1842.6 0 0 0 0 0 0 0 0 0
148.1 -955.9 1569.3 0 0 0 0 0 0 0 0 0
62.5 370.0 1557.1 23 0.6055243611 -0.2449241877 0.7572003603 0.0266183950 0.9571645856 0.2883182168 -0.7953814864 -0.1544282436 0.5861059427
111.2 179.4 1587.9 0.6055243611 -0.2449241877 0.7572003603 0.0266183950 0.9571645856 0.2883182168 -0.7953814864 -0.1544282436 0.5861059427
156.9 -11.2 1620.1 0.6090494990 -0.2307761312 0.7588155866 0.0124159539 0.9593896866 0.2818106413 -0.7930350304 -0.1622152030 0.5871810913
22.5 177.4 1703.6 -0.2147853523 -0.3765192330 0.9011662006 0.4541572332 0.7783676982 0.4334569275 -0.8646435738 0.5023713708 0.0038169452
94.9 24.4 1995.0 -0.0549359284 -0.3724949062 0.9264068007 0.6458576918 0.6943181157 0.3174747527 -0.7614787817 0.6157677174 0.2024356872
200.0 181.3 1472.2 -0.3037211299 -0.9035228491 0.3023242950 -0.8308317065 0.0958523974 -0.5482071042 0.4663391113 -0.4176827073 -0.7797877789
133.1 -1.5 1574.8 -0.4231009185 -0.9035228491 -0.0680596903 -0.0447339229 0.0958523974 -0.9943898320 0.9049776196 -0.4176827073 -0.0809733570
150.0 -198.2 1720.5 0.6517871618 0.0340454094 0.7576373816 -0.2741657794 0.9420077801 0.1935315132 -0.7071114182 -0.3338595927 0.6233226657
136.5 -571.9 1852.9 0.6777572036 -0.0000000022 0.7352858186 0.0000000034 1.0000000000 -0.0000000002 -0.7352858186 0.0000000027 0.6777572036
266.2 -197.8 1579.3 0.4897587001 0.3099788129 0.8148923516 -0.1618330032 0.9507404566 -0.2643910646 -0.8567067981 -0.0023886519 0.5157982111
143.3 -574.9 1580.2 0.4963008463 0.0000000020 0.8681505919 0.0000000040 1.0000000000 -0.0000000046 -0.8681505919 0.0000000057 0.4963008463
110.3 -156.4 2208.1 0 0 0 0 0 0 0 0 0
12.8 -14.2 1832.2 0 0 0 0 0 0 0 0 0
136.5 -954.1 1852.9 0 0 0 0 0 0 0 0 0
143.3 -957.0 1580.2 0 0 0 0 0 0 0 0 0
59.9 371.9 1574.9 24 0.5604198575 -0.2449251264 0.7911645174 0.0234955810 0.9595891237 0.2804222107 -0.8278753161 -0.1385653019 0.5435274839
108.4 181.9 1602.4 0.5604198575 -0.2449251264 0.7911645174 0.0234955810 0.9595891237 0.2804222107 -0.8278753161 -0.1385653019 0.5435274839
153.1 -9.3 1632.7 0.5655779243 -0.2258798480 0.7931581736 0.0024406111 0.9622138143 0.2722840905 -0.8246912360 -0.1520620733 0.5447581410
26.0 181.4 1722.6 -0.2548674345 -0.3380042017 0.9059777856 0.4558543265 0.7842772603 0.4208396971 -0.8527833223 0.5202522278 -0.0458060466
111.9 27.8 2010.1 -0.0872572809 -0.3289952576 0.9402915835 0.6453496218 0.7003818154 0.3049412966 -0.7588873506 0.6334251761 0.1512035578
190.8 182.3 1482.1 -0.2896363735 -0.9232895970 0.2522837222 -0.8256437182 0.1076761559 -0.5538215637 0.4841727316 -0.3687033355 -0.7934951782
127.1 0.7 1588.6 -0.3743364811 -0.9232895970 -0.0860726833 -0.0371424109 0.1076761559 -0.9934919477 0.9265487790 -0.3687033355 -0.0746003166
146.8 -202.9 1724.9 0.6092273593 0.0046213702 0.7929821610 -0.2668530941 0.9428576827 0.1995214075 -0.7467472553 -0.3331636488 0.5756478906
144.9 -577.1 1857.1 0.6321508884 -0.0000000011 0.7748453021 0.0000000017 1.0000000000 0.0000000000 -0.7748453021 0.0000000013 0.6321508884
258.3 -200.5 1579.8 0.4461152554 0.2923811674 0.8458690643 -0.1532810628 0.9561271071 -0.2496515512 -0.8817517161 -0.0182823427 0.4713593721
142.2 -580.0 1587.0 0.4514501989 0.0000000010 0.8922963142 0.0000000021 1.0000000000 -0.0000000022 -0.8922963142 0.0000000029 0.4514501989
136.4 -152.9 2222.6 0 0 0 0 0 0 0 0 0
20.6 -9.9 1852.2 0 0 0 0 0 0 0 0 0
144.9 -959.2 1857.1 0 0 0 0 0 0 0 0 0
142.2 -962.1 1587.0 0 0 0 0 0 0 0 0 0
59.1 372.0 1592.9 25 0.5327351689 -0.2367160022 0.8125015497 0.0244228393 0.9639841914 0.2648358941 -0.8459295630 -0.1212437898 0.5193295479
106.3 179.8 1617.0 0.5327351689 -0.2367160022 0.8125015497 0.0244228393 0.9639841914 0.2648358941 -0.8459295630 -0.1212437898 0.5193295479
150.0 -12.1 1644.3 0.5377822518 -0.2202345282 0.8138101697 0.0031081999 0.9657893181 0.2593093812 -0.8430780768 -0.1369224936 0.5200688839
27.9 179.3 1740.0 -0.2781493962 -0.3119154274 0.9084831476 0.4652614594 0.7836979032 0.4115207493 -0.8403360844 0.5371464491 -0.0728628859
121.7 22.4 2023.4 -0.1054451987 -0.3000600934 0.9480745196 0.6521770358 0.6988524795 0.2937181294 -0.7506973147 0.6492835879 0.1220016703
184.7 180.3 1494.1 -0.2823996544 -0.9338214993 0.2196083218 -0.8264155388 0.1205744967 -0.5499992371 0.4871219695 -0.3368073404 -0.8057748079
122.5 -1.5 1601.2 -0.3436464369 -0.9338214993 -0.0994208679 -0.0406885520 0.1205744967 -0.9918700457 0.9382172227 -0.3368073404 -0.0794308409
144.7 -205.4 1742.0 0.5810184479 -0.0054089916 0.8138723969 -0.2371677011 0.9554549456 0.1756624877 -0.7785685658 -0.2950873971 0.5538541079
146.8 -585.4 1859.3 0.5998241901 0.0042134528 0.8001207113 0.0046798703 0.9999505281 -0.0087741055 -0.8001181483 0.0090073822 0.5997748375
249.6 -200.1 1587.4 0.4226356149 0.2710073590 0.8648318648 -0.1245992258 0.9625585079 -0.2407408655 -0.8976938128 -0.0060117147 0.4405788183
142.0 -582.3 1589.8 0.4259550273 0.0000000005 0.9047443271 0.0000000011 1.0000000000 -0.0000000011 -0.9047443271 0.0000000014 0.4259550273
151.3 -160.3 2233.7 0 0 0 0 0 0 0 0 0
24.8 -13.1 1868.1 0 0 0 0 0 0 0 0 0
145.2 -967.5 1855.9 0 0 0 0 0 0 0 0 0
142.0 -964.4 1589.8 0 0 0 0 0 0 0 0 0
58.8 373.3 1613.3 26 0.5000559092 -0.2383056432 0.8325589895 0.0284838583 0.9653980732 0.2592204213 -0.8655245304 -0.1059102118 0.4895409048
106.4 180.3 1634.5 0.5000559092 -0.2383056432 0.8325589895 0.0284838583 0.9653980732 0.2592204213 -0.8655245304 -0.1059102118 0.4895409048
149.9 -12.0 1658.4 0.5050397515 -0.2193253189 0.8347641826 0.0074256738 0.9682424664 0.2499027103 -0.8630641699 -0.1200121045 0.4906295538
32.8 179.2 1760.4 -0.3073258400 -0.2862237096 0.9075388908 0.4742350280 0.7807610631 0.4068332613 -0.8250163198 0.5554171205 -0.1042107418
136.5 19.3 2038.6 -0.1301386058 -0.2705971897 0.9538559318 0.6593668461 0.6948522925 0.2870812714 -0.7404723763 0.6663013101 0.0879956931
180.0 181.5 1508.6 -0.2686235905 -0.9452926517 0.1851032078 -0.8290298581 0.1290394217 -0.5441124439 0.4904598594 -0.2996175289 -0.8183388114
120.9 -0.9 1616.5 -0.3076328635 -0.9452926517 -0.1085534841 -0.0469878800 0.1290394217 -0.9905256033 0.9503442049 -0.2996175289 -0.0841140673
147.3 -205.6 1757.9 0.5490179658 -0.0152865639 0.8356707692 -0.2182808369 0.9625114799 0.1610126793 -0.8068040609 -0.2708097696 0.5250993371
153.4 -589.0 1865.7 0.5657268167 0.0074225483 0.8245593309 0.0107882973 0.9998072982 -0.0164019093 -0.8245221376 0.0181745905 0.5655376911
242.8 -203.6 1594.3 0.3911098838 0.2592226863 0.8830835819 -0.1046611592 0.9658175111 -0.2371551096 -0.9143736362 0.0003291582 0.4048713446
139.8 -587.2 1594.2 0.3932697475 0.0000000003 0.9194231629 0.0000000006 1.0000000000 -0.0000000005 -0.9194231629 0.0000000007 0.3932697475
172.9 -165.4 2246.1 0 0 0 0 0 0 0 0 0
33.4 -14.3 1886.8 0 0 0 0 0 0 0 0 0
150.5 -971.1 1858.8 0 0 0 0 0 0 0 0 0
139.8 -969.4 1594.2 0 0 0 0 0 0 0 0 0
58.8 372.1 1637.0 27 0.4868856072 -0.2318817377 0.8421242833 0.0409792736 0.9691206813 0.2431579083 -0.8725039363 -0.0838804469 0.4813532829
104.9 179.4 1653.7 0.4868856072 -0.2318817377 0.8421242833 0.0409792736 0.9691206813 0.2431579083 -0.8725039363 -0.0838804469 0.4813532829
147.4 -13.7 1672.9 0.4912616014 -0.2140796334 0.8442937732 0.0219314545 0.9720578790 0.2337145209 -0.8707359433 -0.0962983817 0.4822297990
33.3 176.2 1780.8 -0.3170083463 -0.2716724277 0.9086802602 0.4932536185 0.7711018920 0.4026198089 -0.8100658059 0.5758436322 -0.1104423329
140.2 9.8 2054.1 -0.1370955259 -0.2549146116 0.9571955800 0.6753614545 0.6828466058 0.2785811126 -0.7246321440 0.6846451759 0.0785442814
176.6 182.7 1526.7 -0.2668657899 -0.9489725828 0.1680288315 -0.8372014165 0.1419157833 -0.5281606913 0.4773640931 -0.2816219926 -0.8323536515
117.9 -1.5 1631.7 -0.2927852571 -0.9489725828 -0.1171658486 -0.0646965131 0.1419157833 -0.9877622724 0.9539870024 -0.2816219926 -0.1029460654
144.9 -209.1 1770.1 0.5343580842 -0.0150869461 0.8451235890 -0.1974244565 0.9699581265 0.1421437860 -0.8218789697 -0.2428037375 0.5153263807
150.9 -595.7 1866.9 0.5511253476 0.0133842854 0.8343151212 0.0253321603 0.9991421103 -0.0327621996 -0.8340378404 0.0391910821 0.5503134727
239.6 -203.6 1603.2 0.3738050163 0.2561082840 0.8914473057 -0.0952820480 0.9666401148 -0.2377567589 -0.9226002097 0.0039357417 0.3857374489
137.8 -587.7 1601.6 0.3755134940 0.0000000001 0.9268169403 0.0000000003 1.0000000000 -0.0000000003 -0.9268169403 0.0000000004 0.3755134940
178.6 -179.4 2257.1 0 0 0 0 0 0 0 0 0
34.6 -19.9 1903.1 0 0 0 0 0 0 0 0 0
145.8 -977.4 1851.9 0 0 0 0 0 0 0 0 0
137.8 -969.9 1601.6 0 0 0 0 0 0 0 0 0
59.1 371.7 1662.9 28 0.4375483990 -0.2275944203 0.8699150681 0.0512288660 0.9721758962 0.2285817415 -0.8977344036 -0.0554508083 0.4370334148
104.4 178.2 1673.9 0.4375483990 -0.2275944203 0.8699150681 0.0512288660 0.9721758962 0.2285817415 -0.8977344036 -0.0554508083 0.4370334148
146.6 -15.4 1688.4 0.4423132539 -0.2132958025 0.8711279631 0.0301925298 0.9742987752 0.2232270092 -0.8963522911 -0.0724347085 0.4373852015
39.9 173.7 1804.7 -0.3583473861 -0.2345726639 0.9036386609 0.5053705573 0.7651033401 0.3990207016 -0.7849763036 0.5996603966 -0.1556266695
160.8 3.3 2069.3 -0.1728641540 -0.2123418748 0.9617842436 0.6854498386 0.6752908826 0.2722879350 -0.7073022723 0.7063236833 0.0288161114
168.8 182.6 1543.2 -0.2449526638 -0.9622740149 0.1184353381 -0.8416677117 0.1504202932 -0.5186223984 0.4812417626 -0.2267211378 -0.8467608094
114.9 -2.5 1649.1 -0.2397818267 -0.9622740149 -0.1285823286 -0.0750386566 0.1504202932 -0.9857702255 0.9679224491 -0.2267211378 -0.1082758009
148.4 -211.9 1784.0 0.4866512120 -0.0235460903 0.8732789755 -0.1859907508 0.9739259481 0.1299066693 -0.8535678387 -0.2256410420 0.4695828855
157.8 -600.3 1874.0 0.5034010410 0.0208176654 0.8638020754 0.0332674831 0.9985014796 -0.0434513353 -0.8634122610 0.0506099686 0.5019541383
234.9 -204.7 1612.2 0.3250982761 0.2392457128 0.9149166942 -0.0716953799 0.9709204435 -0.2284147888 -0.9429585934 0.0086619537 0.3327973783
139.8 -590.5 1608.8 0.3259370625 0.0000000001 0.9453914762 0.0000000001 1.0000000000 -0.0000000001 -0.9453914762 0.0000000002 0.3259370625
209.2 -188.6 2267.4 0 0 0 0 0 0 0 0 0
46.7 -23.9 1924.4 0 0 0 0 0 0 0 0 0
149.8 -981.8 1854.6 0 0 0 0 0 0 0 0 0
139.8 -972.6 1608.8 0 0 0 0 0 0 0 0 0
59.0 370.9 1687.3 29 0.3979449868 -0.2254729122 0.8892703652 0.0596039034 0.9736341238 0.2201906741 -0.9154710174 -0.0346197896 0.4008918703
104.2 175.7 1694.3 0.3979449868 -0.2254729122 0.8892703652 0.0596039034 0.9736341238 0.2201906741 -0.9154710174 -0.0346197896 0.4008918703
146.3 -18.1 1704.6 0.4025748968 -0.2123944461 0.8904055357 0.0389909334 0.9758052826 0.2151366323 -0.9145562649 -0.0518908612 0.4011161625
45.6 170.0 1827.7 -0.3905517161 -0.2049267143 0.8974822760 0.5156040192 0.7589548826 0.3976682127 -0.7626413703 0.6180554628 -0.1907500774
177.3 -3.9 2084.8 -0.2011137009 -0.1783760637 0.9631901383 0.6941483617 0.6678348184 0.2686162293 -0.6911666393 0.7226192951 -0.0104912762
162.9 181.5 1560.9 -0.2268969715 -0.9707086682 0.0790091380 -0.8463056087 0.1563706696 -0.5092298985 0.4819591343 -0.1824086010 -0.8569961786
112.9 -4.7 1666.9 -0.1972715557 -0.9707086682 -0.1371445060 -0.0853636041 0.1563706696 -0.9840026498 0.9766253233 -0.1824086010 -0.1137106717
151.5 -215.7 1798.3 0.4478287101 -0.0301155224 0.8936120272 -0.1757943332 0.9769594669 0.1210227609 -0.8766674399 -0.2112894058 0.4322163761
163.5 -605.4 1882.5 0.4646816552 0.0265846606 0.8850786686 0.0418079272 0.9977757335 -0.0519195758 -0.8844903111 0.0611293763 0.4625366330
229.3 -206.1 1620.8 0.2845694721 0.2238467038 0.9321549535 -0.0554883555 0.9745724797 -0.2170932442 -0.9570481777 0.0100543611 0.2897544503
140.4 -593.3 1616.8 0.2850085795 0.0000000000 0.9585249424 0.0000000001 1.0000000000 -0.0000000001 -0.9585249424 0.0000000001 0.2850085795
233.6 -198.2 2278.3 0 0 0 0 0 0 0 0 0
56.8 -29.0 1944.7 0 0 0 0 0 0 0 0 0
153.4 -986.7 1859.2 0 0 0 0 0 0 0 0 0
140.4 -975.5 1616.8 0 0 0 0 0 0 0 0 0
58.8 370.9 1715.5 30 0.3736631870 -0.2210515589 0.9008396268 0.0863891840 0.9752604961 0.2034794837 -0.9235327244 0.0017900069 0.3835153878
103.3 174.6 1715.2 0.3736631870 -0.2210515589 0.9008396268 0.0863891840 0.9752604961 0.2034794837 -0.9235327244 0.0017900069 0.3835153878
144.8 -19.6 1720.5 0.3802552819 -0.2091936916 0.9009128213 0.0564692952 0.9775184989 0.2031472325 -0.9231560826 -0.0263738930 0.3835195899
47.9 166.3 1849.9 -0.4068786800 -0.1864291430 0.8942560554 0.5326998234 0.7468404770 0.3980705738 -0.7420786023 0.6383364797 -0.2045626938
185.1 -13.4 2100.1 -0.2149173915 -0.1577372253 0.9638099074 0.7089892030 0.6535156965 0.2650500536 -0.6716731787 0.7402946353 -0.0286179073
158.7 182.9 1580.5 -0.2188573629 -0.9741644263 0.0557231791 -0.8552707434 0.1640302539 -0.4915343821 0.4696950316 -0.1552343220 -0.8690735698
110.6 -5.3 1683.8 -0.1737064868 -0.9741644263 -0.1443248987 -0.1049494892 0.1640302539 -0.9808565974 0.9791892767 -0.1552343220 -0.1307311803
151.4 -219.0 1810.0 0.4254229069 -0.0311900713 0.9044570327 -0.1583057046 0.9814321995 0.1083056629 -0.8910413384 -0.1892564297 0.4125861824
163.8 -610.6 1885.5 0.4429219961 0.0323876478 0.8959749341 0.0586164892 0.9961630702 -0.0649860948 -0.8946419358 0.0813026801 0.4393241107
225.2 -208.4 1631.3 0.2564104795 0.2216617614 0.9408079982 -0.0557194278 0.9751201868 -0.2145600468 -0.9649606347 0.0025941611 0.2623819113
137.1 -595.9 1630.2 0.2568094432 0.0000000000 0.9664620757 0.0000000000 1.0000000000 -0.0000000000 -0.9664620757 0.0000000000 0.2568094432
245.3 -212.0 2288.3 0 0 0 0 0 0 0 0 0
61.2 -35.1 1962.4 0 0 0 0 0 0 0 0 0
151.5 -991.2 1854.5 0 0 0 0 0 0 0 0 0
137.1 -978.0 1630.2 0 0 0 0 0 0 0 0 0
59.5 369.7 1746.7 31 0.3153145611 -0.2174984664 0.9237267971 0.0815885365 0.9759907126 0.2019541115 -0.9454734325 0.0116864452 0.3254894614
103.4 172.9 1744.3 0.3153145611 -0.2174984664 0.9237267971 0.0815885365 0.9759907126 0.2019541115 -0.9454734325 0.0116864452 0.3254894614
144.5 -21.4 1746.4 0.3203841448 -0.2078051567 0.9242137074 0.0582956821 0.9781180024 0.1997167319 -0.9454922676 -0.0101084085 0.3254876435
56.8 164.4 1882.1 -0.4520659149 -0.1427781880 0.8804832697 0.5365290046 0.7450464964 0.3962856531 -0.7125819325 0.6515520811 -0.2602054775
209.1 -16.4 2122.3 -0.2555724382 -0.1078423038 0.9607563615 0.7120479345 0.6512114406 0.2625097930 -0.6539651752 0.7511948347 -0.0896428078
150.0 181.5 1606.5 -0.1905828565 -0.9816699624 -0.0014924526 -0.8561295867 0.1669537723 -0.4890486300 0.4803335369 -0.0919265524 -0.8722552657
108.1 -6.9 1712.1 -0.1107975543 -0.9816699624 -0.1550740302 -0.1074653938 0.1669537723 -0.9800906181 0.9880157113 -0.0919265524 -0.1239936203
156.4 -221.1 1834.8 0.3669049144 -0.0408260599 0.9293621778 -0.1559068114 0.9822073579 0.1046982929 -0.9171007872 -0.1833082139 0.3540116549
172.7 -613.1 1908.0 0.3845619559 0.0399225466 0.9222354889 0.0602597743 0.9958476424 -0.0682367906 -0.9211302400 0.0818149745 0.3805593848
221.1 -208.6 1641.2 0.1959230304 0.2086995393 0.9581537843 -0.0439121500 0.9779775739 -0.2040382922 -0.9796355963 -0.0020987899 0.2007727772
138.1 -597.2 1642.0 0.1961122006 0.0000000000 0.9805814624 0.0000000000 1.0000000000 -0.0000000000 -0.9805814624 0.0000000000 0.1961122006
280.6 -215.8 2305.3 0 0 0 0 0 0 0 0 0
76.6 -37.5 1993.2 0 0 0 0 0 0 0 0 0
157.4 -993.6 1876.7 0 0 0 0 0 0 0 0 0
138.1 -979.3 1642.0 0 0 0 0 0 0 0 0 0
60.6 369.6 1778.2 32 0.2692386210 -0.2186678797 0.9379205108 0.0949148089 0.9751662016 0.2001052052 -0.9583849907 0.0351465009 0.2833072245
104.7 173.3 1771.1 0.2692386210 -0.2186678797 0.9379205108 0.0949148089 0.9751662016 0.2001052052 -0.9583849907 0.0351465009 0.2833072245
146.2 -20.9 1768.2 0.2739327848 -0.2095549256 0.9386413693 0.0735077560 0.9776805639 0.1968180835 -0.9589355588 0.0150824953 0.2832226753
64.8 162.5 1911.0 -0.4870704412 -0.1121473238 0.8661324382 0.5461935401 0.7347367406 0.4022866189 -0.6814947128 0.6690178514 -0.2966144383
228.9 -21.5 2140.6 -0.2881527543 -0.0722507611 0.9548548460 0.7213337421 0.6394423246 0.2660660744 -0.6297981143 0.7654367089 -0.1321401447
144.5 184.1 1631.3 -0.1656803042 -0.9852346778 -0.0431590304 -0.8638221025 0.1660984904 -0.4756287038 0.4757745564 -0.0415205844 -0.8785867095
108.1 -6.0 1736.0 -0.0624507628 -0.9852346778 -0.1594132036 -0.1228440702 0.1660984904 -0.9784276485 0.9904590845 -0.0415205844 -0.1314032078
162.5 -221.9 1852.9 0.3220945299 -0.0510906354 0.9453279376 -0.1407261640 0.9848652482 0.1011760235 -0.9361897707 -0.1656206250 0.3100299239
182.9 -614.9 1919.0 0.3392155766 0.0424886495 0.9397486448 0.0753204450 0.9945454001 -0.0721541420 -0.9376884699 0.0952580944 0.3341650367
215.0 -210.4 1662.0 0.1528988183 0.1926268041 0.9692867994 -0.0049893977 0.9809573889 -0.1941590607 -0.9882292747 0.0248505343 0.1509483159
138.5 -600.0 1652.1 0.1529007256 0.0000000000 0.9882415533 0.0000000000 1.0000000000 -0.0000000000 -0.9882415533 0.0000000000 0.1529007256
309.6 -223.4 2316.9 0 0 0 0 0 0 0 0 0
90.3 -40.9 2017.7 0 0 0 0 0 0 0 0 0
166.7 -994.9 1882.6 0 0 0 0 0 0 0 0 0
138.5 -982.2 1652.1 0 0 0 0 0 0 0 0 0
63.0 367.6 1807.0 33 0.2384055704 -0.2193502933 0.9460698962 0.0964834690 0.9746892452 0.2016724050 -0.9663610458 0.0432002768 0.2535350323
107.0 172.1 1798.3 0.2384055704 -0.2193502933 0.9460698962 0.0964834690 0.9746892452 0.2016724050 -0.9663610458 0.0432002768 0.2535350323
148.1 -22.2 1793.3 0.2427407056 -0.2072970718 0.9476839304 0.0766428709 0.9779463410 0.1942853183 -0.9670588374 0.0254722647 0.2532752454
71.6 160.9 1939.4 -0.5081695318 -0.0892079622 0.8566245437 0.5492588282 0.7325401306 0.4021190107 -0.6633841395 0.6748532057 -0.3232563436
243.0 -24.3 2163.1 -0.3074651062 -0.0463565849 0.9504294991 0.7238677740 0.6369180083 0.2652373612 -0.6176411510 0.7695365548 -0.1622740179
142.3 183.3 1657.3 -0.1515904516 -0.9857808352 -0.0725016594 -0.8653239608 0.1678025872 -0.4722888172 0.4777392149 -0.0088570481 -0.8784570694
109.0 -7.0 1762.4 -0.0304296333 -0.9857808352 -0.1652579457 -0.1264289618 0.1678025872 -0.9776799083 0.9915088415 -0.0088570481 -0.1297374219
166.9 -223.5 1876.8 0.2912490070 -0.0550583117 0.9550615549 -0.1376722306 0.9855380058 0.0987988263 -0.9466891885 -0.1602605134 0.2794569731
188.9 -616.9 1940.7 0.3086377680 0.0470378511 0.9500159025 0.0784052014 0.9941194654 -0.0746935382 -0.9479426742 0.0975394323 0.3031347990
212.6 -208.4 1677.5 0.1224399209 0.1877449453 0.9745564461 0.0074399943 0.9817434549 -0.1900642365 -0.9924480319 0.0305221435 0.1188077778
138.1 -598.4 1665.4 0.1224433109 0.0000000000 0.9924755096 0.0000000000 1.0000000000 -0.0000000000 -0.9924755096 0.0000000000 0.1224433109
329.1 -227.0 2336.0 0 0 0 0 0 0 0 0 0
100.3 -43.0 2044.4 0 0 0 0 0 0 0 0 0
170.9 -996.7 1903.5 0 0 0 0 0 0 0 0 0
138.1 -980.6 1665.4 0 0 0 0 0 0 0 0 0
63.6 366.0 1835.4 34 0.2096123248 -0.2201501876 0.9526786208 0.0974013060 0.9741787314 0.2036879063 -0.9729211926 0.0500966460 0.2256427854
107.7 171.1 1825.4 0.2096123248 -0.2201501876 0.9526786208 0.0974013060 0.9741787314 0.2036879063 -0.9729211926 0.0500966460 0.2256427854
148.8 -23.2 1819.3 0.2143757194 -0.2071146816 0.9545399547 0.0756390169 0.9778455496 0.1951840818 -0.9738181233 0.0303577352 0.2252922803
76.4 160.1 1967.4 -0.5277740955 -0.0700412691 0.8464919925 0.5479914546 0.7333649993 0.4023445845 -0.6489683390 0.6762174368 -0.3486690223
254.5 -24.8 2186.4 -0.3260044456 -0.0243756752 0.9450539351 0.7227675915 0.6379407644 0.2657792270 -0.6093669534 0.7696995735 -0.1903535724
138.9 182.2 1683.3 -0.1370151937 -0.9857308269 -0.0977834910 -0.8648472428 0.1671718061 -0.4733844995 0.4829763174 0.0197069105 -0.8754116297
108.8 -8.1 1789.5 -0.0014087530 -0.9857308269 -0.1683234721 -0.1252622902 0.1671718061 -0.9779381156 0.9921226501 0.0197069105 -0.1237104014
170.2 -224.4 1902.5 0.2635952830 -0.0605848096 0.9627289176 -0.1385472715 0.9853003621 0.0999394953 -0.9546319842 -0.1597270519 0.2513266504
194.4 -617.7 1966.2 0.2807634473 0.0490270332 0.9585239887 0.0775946155 0.9942658544 -0.0735835880 -0.9566352367 0.0950358808 0.2753492594
211.3 -209.4 1699.7 0.0993884504 0.1855541766 0.9775947928 0.0376412012 0.9810549617 -0.1900377721 -0.9943364859 0.0556854010 0.0905210525
137.6 -599.2 1677.6 0.0994589403 0.0000000000 0.9950416684 0.0000000000 1.0000000000 -0.0000000000 -0.9950416684 0.0000000000 0.0994589403
345.8 -227.3 2357.1 0 0 0 0 0 0 0 0 0
108.4 -43.7 2071.8 0 0 0 0 0 0 0 0 0
175.7 -997.6 1929.9 0 0 0 0 0 0 0 0 0
137.6 -981.3 1677.6 0 0 0 0 0 0 0 0 0
64.3 365.5 1864.1 35 0.1596793383 -0.2216665149 0.9619597197 0.1092725098 0.9724436402 0.2059437931 -0.9811024666 0.0722307786 0.1795012206
108.8 170.5 1849.6 0.1596793383 -0.2216665149 0.9619597197 0.1092725098 0.9724436402 0.2059437931 -0.9811024666 0.0722307786 0.1795012206
150.4 -23.6 1841.2 0.1665337682 -0.2099388689 0.9634273052 0.0783161148 0.9768007994 0.1993156970 -0.9829207063 0.0422590934 0.1791119128
84.5 159.1 1993.0 -0.5611276031 -0.0404562689 0.8267400861 0.5467610955 0.7317637801 0.4069080055 -0.6214404106 0.6803566217 -0.3884929121
273.8 -25.3 2202.5 -0.3584824800 0.0101502417 0.9334812760 0.7224307656 0.6363300681 0.2705141008 -0.5912563801 0.7713501453 -0.2354460210
133.0 181.9 1706.2 -0.1094074547 -0.9843806028 -0.1379307508 -0.8663097620 0.1624695063 -0.4723462760 0.4873780608 0.0678125545 -0.8705539107
109.0 -8.6 1813.4 0.0472986214 -0.9843806028 -0.1695810258 -0.1269618273 0.1624695063 -0.9785112739 0.9907792807 0.0678125545 -0.1172941700
176.8 -224.9 1922.8 0.2176046968 -0.0728379041 0.9733153582 -0.1354530752 0.9853083491 0.1040187255 -0.9665923119 -0.1544735283 0.2045416087
