628.4 337.3 2020.3 2 0.9587150216 0.2403790057 -0.1519323438 -0.2080442458 0.9571322203 0.2015327960 0.1938636005 -0.1616038680 0.9676265121
580.0 144.6 2052.8 0.9587150216 0.2403790057 -0.1519323438 -0.2080442458 0.9571322203 0.2015327960 0.1938636005 -0.1616038680 0.9676265121
537.6 -46.4 2077.8 0.9623108506 0.2203938067 -0.1593246609 -0.1930343658 0.9662336707 0.1706756800 0.1915607154 -0.1334879249 0.9723607898
440.9 173.8 2023.3 0.3772740960 0.2191870958 -0.8997895718 0.9170770645 0.0468853414 0.3959437609 0.1289727092 -0.9745556712 -0.1833228320
337.2 -78.1 1987.8 0.0016015020 0.2216946334 -0.9751148224 0.9935664535 -0.1107744202 -0.0235530175 -0.1132393554 -0.9688036442 -0.2204457670
719.1 115.3 2082.4 -0.1363377124 -0.0648949519 -0.9885346293 -0.9535889030 0.2790229619 0.1132008359 0.2684777081 0.9580891728 -0.0999244601
688.9 -96.1 2141.9 0.8009463549 -0.0648949519 -0.5952088237 -0.5581106544 0.2790229619 -0.7814465165 0.2167888731 0.9580891728 0.1872638762
398.0 -222.3 2094.2 0.8181823492 -0.0986836776 -0.5664266944 -0.1503880918 0.9141321778 -0.3764914572 0.5549424291 0.3932224810 0.7330859303
437.2 -585.2 1938.1 0.8181823492 0.4379726052 -0.3725018799 -0.1503880918 0.7883393764 0.5965772867 0.5549424291 -0.4320891798 0.7108712196
575.1 -256.1 2127.7 0.9163613319 0.0619960465 -0.3955228925 -0.1577448249 0.9639286995 -0.2143782228 0.3679652512 0.2588396072 0.8930865526
550.5 -639.0 2024.9 0.9279769063 -0.0000192307 -0.3726376295 0.0000017105 1.0000000000 -0.0000473473 0.3726376295 0.0000432998 0.9279769063
336.8 -325.4 2016.0 0 0 0 0 0 0 0 0 0
867.3 -220.5 2190.2 0 0 0 0 0 0 0 0 0
269.9 -886.1 2103.1 0 0 0 0 0 0 0 0 0
550.5 -1021.2 2024.9 0 0 0 0 0 0 0 0 0
638.1 337.7 2015.5 3 0.9613789916 0.2488296479 -0.1176189706 -0.2229335159 0.9546372890 0.1974040121 0.1614034325 -0.1635588557 0.9732406735
587.9 145.3 2048.5 0.9613789916 0.2488296479 -0.1176189706 -0.2229335159 0.9546372890 0.1974040121 0.1614034325 -0.1635588557 0.9732406735
543.5 -45.1 2074.3 0.9650722742 0.2305101454 -0.1245012060 -0.2081564367 0.9632319808 0.1698677689 0.1590797901 -0.1380189508 0.9775706530
448.4 176.7 2023.6 0.3952118158 0.1875552386 -0.8992389441 0.9108533263 0.0467715040 0.4100714624 0.1189698130 -0.9811398983 -0.1523506641
339.8 -73.4 1990.9 0.0129465954 0.1878570318 -0.9821110368 0.9937955141 -0.1109261736 -0.0081172008 -0.1104666963 -0.9759124517 -0.1881275922
727.5 113.9 2073.4 -0.1418576390 -0.0289601944 -0.9894633293 -0.9522996545 0.2768245041 0.1284272820 0.2701884210 0.9604839683 -0.0668484569
696.0 -97.3 2133.3 0.7991042733 -0.0289601944 -0.6004945636 -0.5708378553 0.2768245041 -0.7729892135 0.1886175275 0.9604839683 0.2046800703
405.6 -220.7 2086.7 0.8138307333 -0.1118801162 -0.5702300668 -0.1415564865 0.9135611653 -0.3812712729 0.5635967255 0.3910100460 0.7276468277
450.0 -583.5 1931.4 0.8138307333 0.4182164073 -0.4034532607 -0.1415564865 0.8160540462 0.5603726506 0.5635967255 -0.3989371061 0.7233311534
582.1 -256.1 2121.8 0.9278046489 0.0597522669 -0.3682501316 -0.1422714144 0.9691641331 -0.2011956722 0.3448729217 0.2390617579 0.9076960683
558.3 -641.1 2026.9 0.9373384118 -0.0000096153 -0.3484203219 0.0000014696 1.0000000000 -0.0000236434 0.3484203219 0.0000216498 0.9373384118
336.6 -320.8 2018.4 0 0 0 0 0 0 0 0 0
874.1 -224.5 2175.3 0 0 0 0 0 0 0 0 0
290.4 -894.8 2083.7 0 0 0 0 0 0 0 0 0
558.3 -1023.3 2026.9 0 0 0 0 0 0 0 0 0
645.5 336.9 2008.1 4 0.9607603550 0.2523591220 -0.1151279509 -0.2243799418 0.9510946274 0.2123033106 0.1630742550 -0.1781402081 0.9703983068
594.6 144.9 2044.1 0.9607603550 0.2523591220 -0.1151279509 -0.2243799418 0.9510946274 0.2123033106 0.1630742550 -0.1781402081 0.9703983068
549.7 -45.0 2071.8 0.9646432400 0.2329104543 -0.1233538613 -0.2090786397 0.9612110257 0.1798874140 0.1604667455 -0.1477365196 0.9759222865
455.1 176.5 2019.0 0.3976610899 0.1869675517 -0.8982810378 0.9109575748 0.0365408659 0.4108784497 0.1096449047 -0.9816862345 -0.1557886153
345.9 -73.7 1988.9 0.0154469311 0.1868637353 -0.9822643995 0.9926128387 -0.1210973933 -0.0074276226 -0.1203376129 -0.9748935103 -0.1873539239
734.1 113.4 2069.2 -0.1441344470 -0.0275478475 -0.9891746044 -0.9491980076 0.2864201963 0.1303327680 0.2797291875 0.9577080011 -0.0674313754
702.1 -97.1 2131.2 0.7977554798 -0.0275478475 -0.6023514271 -0.5710156560 0.2864201963 -0.7693533897 0.1937196553 0.9577080011 0.2127630264
409.3 -217.4 2087.2 0.8098586798 -0.1598559022 -0.5644244552 -0.1387096643 0.8826890588 -0.4490207434 0.5699899197 0.4419344962 0.6926798820
472.6 -567.0 1912.1 0.8098586798 0.4202319086 -0.4093091786 -0.1387096643 0.8151276708 0.5624291301 0.5699899197 -0.3987129927 0.7184284329
586.2 -255.5 2116.3 0.9278141260 0.0497824885 -0.3697062135 -0.1389570534 0.9658542275 -0.2186700851 0.3461963534 0.2542584836 0.9030507803
566.4 -639.3 2015.3 0.9369029999 -0.0000048077 -0.3495894670 0.0000007200 1.0000000000 -0.0000118226 0.3495894670 0.0000108249 0.9369029999
342.0 -320.8 2018.9 0 0 0 0 0 0 0 0 0
879.8 -224.3 2174.4 0 0 0 0 0 0 0 0 0
312.1 -878.3 2064.3 0 0 0 0 0 0 0 0 0
566.4 -1021.4 2015.3 0 0 0 0 0 0 0 0 0
655.5 338.0 2010.0 5 0.9585300088 0.2558777928 -0.1254860312 -0.2275319844 0.9522314668 0.2036772370 0.1716082394 -0.1666786671 0.9709628224
603.8 145.7 2043.6 0.9585300088 0.2558777928 -0.1254860312 -0.2275319844 0.9522314668 0.2036772370 0.1716082394 -0.1666786671 0.9709628224
557.8 -44.3 2069.7 0.9619879127 0.2385435253 -0.1329522282 -0.2141510695 0.9610356092 0.1747852415 0.1694657207 -0.1396694183 0.9755889773
464.7 178.0 2017.2 0.4003353119 0.1975413412 -0.8948234916 0.9085898399 0.0413968563 0.4156330228 0.1191475838 -0.9794200659 -0.1629114300
354.8 -71.6 1984.5 0.0209363569 0.1966964751 -0.9802408814 0.9932146668 -0.1162760556 -0.0021186555 -0.1143952683 -0.9735452533 -0.1977962255
742.9 113.4 2070.0 -0.1511248499 -0.0365069211 -0.9878403544 -0.9501662850 0.2810078859 0.1349762678 0.2726633549 0.9590108395 -0.0771549270
709.4 -97.3 2130.4 0.7932220101 -0.0365069211 -0.6078372002 -0.5755521059 0.2810078859 -0.7679676414 0.1988431960 0.9590108395 0.2018900067
414.9 -216.9 2086.5 0.8069173694 -0.1796587706 -0.5626784563 -0.1227178350 0.8808407187 -0.4572307765 0.5777755976 0.4379981458 0.6887183189
486.2 -566.3 1912.7 0.8069173694 0.3790369034 -0.4530070126 -0.1227178350 0.8577910066 0.4991341531 0.5777755976 -0.3471679986 0.7386810780
591.8 -255.2 2115.9 0.9231785536 0.0484329164 -0.3813078105 -0.1508626640 0.9580814242 -0.2435577959 0.3535277247 0.2823724449 0.8917869329
572.6 -635.8 2003.7 0.9338665605 -0.0000024038 -0.3576216400 0.0000003092 1.0000000000 -0.0000059142 0.3576216400 0.0000054124 0.9338665605
349.6 -318.8 2013.0 0 0 0 0 0 0 0 0 0
886.1 -225.5 2174.7 0 0 0 0 0 0 0 0 0
341.9 -893.0 2044.9 0 0 0 0 0 0 0 0 0
572.6 -1017.9 2003.7 0 0 0 0 0 0 0 0 0
661.2 338.6 2006.4 6 0.9484215379 0.2579486966 -0.1842798144 -0.2153677791 0.9508394599 0.2225331217 0.2326226532 -0.1713672727 0.9573504925
608.9 145.9 2041.1 0.9484215379 0.2579486966 -0.1842798144 -0.2153677791 0.9508394599 0.2225331217 0.2326226532 -0.1713672727 0.9573504925
563.0 -44.1 2067.2 0.9516280890 0.2387356460 -0.1934148520 -0.2030246705 0.9610795379 0.1873690337 0.2306187153 -0.1390376538 0.9630594850
471.5 176.5 2005.9 0.3849231303 0.2563501596 -0.8866333961 0.9137676954 0.0293122642 0.4051782191 0.1298567355 -0.9661394358 -0.2229615301
365.7 -74.4 1970.2 0.0197392832 0.2564373016 -0.9663593173 0.9916444421 -0.1282628775 -0.0137806227 -0.1274818778 -0.9580128193 -0.2568264306
746.4 115.2 2076.3 -0.1596521139 -0.0970108584 -0.9823950529 -0.9475387335 0.2942139804 0.1249340698 0.2769144177 0.9508033395 -0.1388934255
711.0 -94.9 2137.7 0.7843452692 -0.0970108584 -0.6126919389 -0.5654846430 0.2942139804 -0.7704967260 0.2550090849 0.9508033395 0.1759071946
422.2 -215.6 2082.0 0.8465896249 -0.1923434883 -0.4962760806 -0.0900006965 0.8672577143 -0.4896569550 0.5245816112 0.4592036903 0.7169003487
498.6 -559.8 1899.7 0.8465896249 0.3160852790 -0.4282243252 -0.0900006965 0.8779901266 0.4701416492 0.5245816112 -0.3594765663 0.7717452645
598.6 -254.9 2113.0 0.8994667530 0.0548576154 -0.4335322678 -0.1796343178 0.9508072734 -0.2523827851 0.3983604908 0.3048872054 0.8650738001
576.8 -632.5 1991.9 0.9143396616 -0.0000012019 -0.4049480855 0.0000000031 1.0000000000 -0.0000029611 0.4049480855 0.0000027062 0.9143396616
360.8 -321.2 2001.9 0 0 0 0 0 0 0 0 0
885.8 -220.9 2194.5 0 0 0 0 0 0 0 0 0
378.2 -894.0 2036.5 0 0 0 0 0 0 0 0 0
576.8 -1014.7 1991.9 0 0 0 0 0 0 0 0 0
669.3 340.6 2004.1 7 0.9502459168 0.2564028800 -0.1768905967 -0.2156959027 0.9513055086 0.2202114612 0.2247398496 -0.1711004525 0.9592792392
617.5 148.3 2038.6 0.9502459168 0.2564028800 -0.1768905967 -0.2156959027 0.9513055086 0.2202114612 0.2247398496 -0.1711004525 0.9592792392
571.7 -41.6 2065.4 0.9535423517 0.2378161103 -0.1849338114 -0.2029424608 0.9607591033 0.1890933961 0.2226462960 -0.1427776217 0.9643874764
479.7 179.0 2004.6 0.3863323927 0.2479084283 -0.8884192109 0.9138624668 0.0275613889 0.4050873220 0.1249106303 -0.9683913589 -0.2159063518
373.6 -72.0 1970.3 0.0189387649 0.2480167001 -0.9685705900 0.9914165735 -0.1299995184 -0.0139028039 -0.1293618381 -0.9599936604 -0.2483499050
755.3 117.7 2072.7 -0.1575266868 -0.0886067450 -0.9835314751 -0.9470068216 0.2958850563 0.1250203401 0.2799346149 0.9511050582 -0.1305209845
720.3 -92.3 2134.8 0.7863641977 -0.0886067450 -0.6113756299 -0.5653043389 0.2958850563 -0.7699890137 0.2491231263 0.9511050582 0.1825836450
434.0 -213.4 2077.6 0.8817487955 -0.1720212996 -0.4392353892 -0.0781698003 0.8649792075 -0.4956817627 0.4651973248 0.4714017510 0.7492475510
501.5 -552.8 1892.6 0.8817487955 0.2737854123 -0.3841361701 -0.0781698003 0.8878793716 0.4533869028 0.4651973248 -0.3697454929 0.8042883277
609.8 -251.7 2112.8 0.8925117850 0.1476007402 -0.4261886775 -0.2738868594 0.9281250238 -0.2521308362 0.3583416641 0.3417572379 0.8687883615
551.5 -618.5 1977.7 0.9068611264 0.1226091832 -0.4031995535 -0.1887473613 0.9735867977 -0.1284648329 0.3767988086 0.1926026195 0.9060501456
368.9 -318.8 2002.5 0 0 0 0 0 0 0 0 0
895.5 -218.2 2190.3 0 0 0 0 0 0 0 0 0
397.1 -891.1 2033.5 0 0 0 0 0 0 0 0 0
505.8 -980.8 1906.0 0 0 0 0 0 0 0 0 0
672.7 337.2 1996.9 8 0.9592686296 0.2591366172 -0.1124806479 -0.2310955226 0.9488476515 0.2151347250 0.1624762863 -0.1803782284 0.9700851440
620.7 146.8 2033.1 0.9592686296 0.2591366172 -0.1124806479 -0.2310955226 0.9488476515 0.2151347250 0.1624762863 -0.1803782284 0.9700851440
574.4 -42.8 2061.6 0.9631957412 0.2403176129 -0.1204217151 -0.2160966545 0.9587227106 0.1848053336 0.1598630100 -0.1519809812 0.9753694534
481.5 179.3 2008.1 0.4050584137 0.1857450604 -0.8952242732 0.9082005024 0.0310849305 0.4173793495 0.1053541377 -0.9821061492 -0.1561025530
370.2 -70.1 1979.2 0.0231529213 0.1843985915 -0.9825788140 0.9919641614 -0.1265187711 -0.0003694539 -0.1243827939 -0.9746744037 -0.1858460754
760.0 114.2 2058.1 -0.1512463987 -0.0237998739 -0.9882095456 -0.9468830824 0.2904980183 0.1379250437 0.2837903202 0.9565795660 -0.0664724782
726.5 -95.7 2121.0 0.7934871912 -0.0237998739 -0.6081214547 -0.5765570998 0.2904980183 -0.7636706233 0.1948333383 0.9565795660 0.2167844623
437.0 -213.3 2079.3 0.9211382270 -0.1217091680 -0.3697177768 -0.0860726908 0.8626486063 -0.4984264076 0.3795995712 0.4909422100 0.7841427922
484.4 -549.4 1888.0 0.9211382270 0.2405747324 -0.3059871793 -0.0860726908 0.8925587535 0.4426402152 0.3795995712 -0.3813956976 0.8428769112
613.8 -253.4 2105.8 0.9070585966 0.1768092513 -0.3820774853 -0.3026709259 0.9046834707 -0.2998968959 0.2926346362 0.3876678050 0.8741159439
543.8 -611.3 1952.4 0.9143024087 0.1660038978 -0.3694506884 -0.2661142945 0.9338515401 -0.2389654815 0.3053429127 0.3168028295 0.8979986906
364.5 -317.0 2010.1 0 0 0 0 0 0 0 0 0
903.3 -224.2 2164.4 0 0 0 0 0 0 0 0 0
392.7 -889.8 2033.5 0 0 0 0 0 0 0 0 0
481.8 -960.2 1834.0 0 0 0 0 0 0 0 0 0
679.6 337.1 1993.3 9 0.9508750439 0.2660862505 -0.1582238376 -0.2258248776 0.9457921386 0.2334101498 0.2117540985 -0.1862130016 0.9594190717
626.2 147.3 2030.7 0.9508750439 0.2660862505 -0.1582238376 -0.2258248776 0.9457921386 0.2334101498 0.2117540985 -0.1862130016 0.9594190717
578.5 -41.7 2060.3 0.9545236230 0.2470624149 -0.1668676883 -0.2123011351 0.9562311172 0.2013710439 0.2093153000 -0.1567872167 0.9651967883
488.2 179.3 1998.5 0.3993495107 0.2323856056 -0.8868578672 0.9103028774 0.0144412601 0.4136908054 0.1089431345 -0.9725165367 -0.2057741731
378.5 -70.7 1968.6 0.0288201869 0.2307243645 -0.9725922346 0.9897100925 -0.1430132240 -0.0045990553 -0.1401546597 -0.9624518156 -0.2324718982
764.1 115.3 2062.9 -0.1643846184 -0.0694850609 -0.9839459062 -0.9420390129 0.3068286479 0.1357154995 0.2924726009 0.9492249489 -0.1158955470
727.6 -93.5 2127.7 0.7834273577 -0.0694850609 -0.6175867319 -0.5722891688 0.3068286479 -0.7604875565 0.2423358262 0.9492249489 0.2006124109
441.3 -212.2 2073.3 0.9088501334 -0.1409219652 -0.3925970793 -0.0758928433 0.8696273565 -0.4878406525 0.4101606309 0.4731693268 0.7796659470
496.1 -550.3 1889.3 0.9088501334 0.2487392575 -0.3348436356 -0.0758928433 0.8879545927 0.4536264539 0.4101606309 -0.3868662119 0.8258951306
616.3 -251.3 2110.2 0.8856664896 0.1833784580 -0.4265761375 -0.3308697045 0.8938016891 -0.3027272820 0.3257608116 0.4092565179 0.8522845507
543.6 -605.6 1947.9 0.8895713687 0.1783980429 -0.4205198288 -0.3120079041 0.9096785784 -0.2741093636 0.3336372972 0.3750453591 0.8648856282
371.4 -317.1 2003.5 0 0 0 0 0 0 0 0 0
902.2 -221.0 2181.7 0 0 0 0 0 0 0 0 0
401.2 -889.2 2037.0 0 0 0 0 0 0 0 0 0
476.3 -948.7 1806.5 0 0 0 0 0 0 0 0 0
684.6 335.8 1991.6 0 0.9473473430 0.2692962587 -0.1732412875 -0.2249917537 0.9447765350 0.2382772118 0.2278414667 -0.1867534071 0.9556209445
630.4 145.7 2029.1 0.9473473430 0.2692962587 -0.1732412875 -0.2249917537 0.9447765350 0.2382772118 0.2278414667 -0.1867534071 0.9556209445
582.2 -43.2 2058.6 0.9509416223 0.2499414086 -0.1823166311 -0.2118373066 0.9555491209 0.2050629705 0.2254662216 -0.1563814580 0.9616183639
493.0 177.6 1994.6 0.3979086876 0.2480308264 -0.8832606673 0.9105703235 0.0106978156 0.4132157564 0.1119392067 -0.9686930776 -0.2215927541
383.7 -72.5 1963.9 0.0314730071 0.2461443096 -0.9687220454 0.9891651273 -0.1467170566 -0.0051424089 -0.1433938146 -0.9580642581 -0.2480949908
767.8 113.8 2063.6 -0.1694548428 -0.0846468508 -0.9818961024 -0.9408742189 0.3104263544 0.1356142312 0.2933271229 0.9468212128 -0.1322452873
730.2 -94.8 2128.7 0.7791906595 -0.0846468508 -0.6210449338 -0.5716398954 0.3104263544 -0.7595151663 0.2570793033 0.9468212128 0.1934938133
445.1 -213.6 2069.5 0.9055488110 -0.1463795900 -0.3981887996 -0.0731073543 0.8707050681 -0.4863414764 0.4178954661 0.4695164859 0.7777644992
501.9 -551.8 1887.2 0.9055488110 0.2503539026 -0.3424970508 -0.0731073543 0.8873252869 0.4553121328 0.4178954661 -0.3872683346 0.8218190670
619.4 -252.6 2110.1 0.8782333732 0.1740369350 -0.4454405010 -0.3397449255 0.8825751543 -0.3250145316 0.3365702033 0.4367747605 0.8342351317
550.4 -602.7 1936.9 0.8800945282 0.1716349423 -0.4426907599 -0.3303560019 0.8910420537 -0.3113020658 0.3410257697 0.4202207923 0.8409018517
375.9 -318.7 1999.6 0 0 0 0 0 0 0 0 0
903.8 -222.2 2185.9 0 0 0 0 0 0 0 0 0
406.3 -890.7 2035.1 0 0 0 0 0 0 0 0 0
485.3 -940.6 1777.5 0 0 0 0 0 0 0 0 0
690.3 336.8 1990.7 1 0.9485688806 0.2752692401 -0.1563456357 -0.2366451472 0.9446156621 0.2273770720 0.2102764398 -0.1786843836 0.9611741304
635.0 146.9 2026.6 0.9485688806 0.2752692401 -0.1563456357 -0.2366451472 0.9446156621 0.2273770720 0.2102764398 -0.1786843836 0.9611741304
585.5 -41.8 2054.6 0.9522780776 0.2566336095 -0.1652442515 -0.2233989388 0.9549000263 0.1955985874 0.2079889178 -0.1493488550 0.9666620493
497.4 180.5 1994.6 0.4083486199 0.2329104841 -0.8826121092 0.9054165483 0.0196004268 0.4240716100 0.1160702929 -0.9723006487 -0.2028771937
385.2 -68.1 1962.7 0.0387288108 0.2296776921 -0.9724958539 0.9904219508 -0.1379024088 0.0068738163 -0.1325307637 -0.9634475112 -0.2328186184
772.6 113.3 2058.5 -0.1738733947 -0.0668100715 -0.9824990630 -0.9425752759 0.3002007902 0.1463943571 0.2851663828 0.9515334368 -0.1151704565
734.0 -95.6 2121.8 0.7775929570 -0.0668100715 -0.6252084374 -0.5819083452 0.3002007902 -0.7558188438 0.2381843776 0.9515334368 0.1945566833
447.0 -211.1 2065.5 0.9128718376 -0.1296832114 -0.3871010542 -0.0857265443 0.8661712408 -0.4923397005 0.3991439939 0.4826278985 0.7795860171
497.3 -547.3 1878.2 0.9128718376 0.2503443658 -0.3224789202 -0.0857265443 0.8898499608 0.4481272101 0.3991439939 -0.3814377189 0.8337801695
621.6 -252.1 2103.3 0.8856665492 0.1518875360 -0.4387767017 -0.3232200444 0.8801104426 -0.3477563262 0.3333520889 0.4498175681 0.8285773993
561.3 -601.5 1924.7 0.8864644766 0.1506444365 -0.4375922382 -0.3186103106 0.8844404817 -0.3409582675 0.3356608152 0.4416688085 0.8320219517
375.6 -314.6 1995.7 0 0 0 0 0 0 0 0 0
907.3 -225.3 2174.8 0 0 0 0 0 0 0 0 0
401.7 -887.3 2023.9 0 0 0 0 0 0 0 0 0
504.0 -938.0 1756.7 0 0 0 0 0 0 0 0 0
692.4 336.1 1979.7 2 0.9570798278 0.2764989436 -0.0868707299 -0.2515555322 0.9413713217 0.2248105854 0.1439374983 -0.1933088601 0.9705223441
636.8 146.7 2018.6 0.9570798278 0.2764989436 -0.0868707299 -0.2515555322 0.9413713217 0.2248105854 0.1439374983 -0.1933088601 0.9705223441
586.4 -41.4 2049.9 0.9608669877 0.2602471411 -0.0949003994 -0.2382025570 0.9511296749 0.1964989454 0.1414008737 -0.1662038267 0.9759006500
497.8 182.4 1996.3 0.4292026162 0.1652964354 -0.8879539371 0.8989070654 0.0176547039 0.4377834499 0.0880406052 -0.9860858917 -0.1410086900
380.0 -64.4 1972.1 0.0445986800 0.1602764577 -0.9860640764 0.9899348617 -0.1397950798 0.0220512319 -0.1343126148 -0.9771227241 -0.1648979336
775.7 111.0 2040.9 -0.1681020856 0.0038378462 -0.9857621193 -0.9402889609 0.2996162772 0.1615140289 0.2959702313 0.9540520906 -0.0467574336
738.5 -97.5 2106.6 0.7832306027 0.0038378462 -0.6217194796 -0.5940621495 0.2996162772 -0.7465388775 0.1834121644 0.9540520906 0.2369485497
446.9 -208.5 2070.2 0.9376745224 -0.0820702314 -0.3376847804 -0.0994824693 0.8676542044 -0.4871133268 0.3329711258 0.4903474450 0.8054127097
478.7 -544.9 1880.1 0.9376745224 0.2351129949 -0.2559070587 -0.0994824693 0.8871787786 0.4505741000 0.3329711258 -0.3970335722 0.8552745581
622.6 -252.2 2095.9 0.9108913541 0.1272927821 -0.3925219476 -0.2866204381 0.8794940114 -0.3799197674 0.2968596518 0.4585704505 0.8376082182
572.1 -601.4 1913.8 0.9112008214 0.1266378164 -0.3920151889 -0.2844852209 0.8816822767 -0.3764365613 0.2979617417 0.4545318484 0.8394162059
368.9 -310.8 2005.5 0 0 0 0 0 0 0 0 0
912.9 -229.9 2147.4 0 0 0 0 0 0 0 0 0
388.9 -883.8 2031.7 0 0 0 0 0 0 0 0 0
523.8 -937.5 1740.5 0 0 0 0 0 0 0 0 0
695.4 335.9 1974.2 3 0.9563169479 0.2745557725 -0.1003845483 -0.2457961440 0.9410757422 0.2322943360 0.1582472175 -0.1974728703 0.9674514532
640.1 146.3 2014.0 0.9563169479 0.2745557725 -0.1003845483 -0.2457961440 0.9410757422 0.2322943360 0.1582472175 -0.1974728703 0.9674514532
589.7 -41.7 2046.1 0.9593623281 0.2604666352 -0.1085405573 -0.2350293845 0.9504554272 0.2034593821 0.1561573446 -0.1696810573 0.9730483890
501.4 181.5 1989.5 0.4260688126 0.1786155552 -0.8868831992 0.9004778266 0.0107688298 0.4347686172 0.0872071311 -0.9838600159 -0.1562510729
384.4 -65.8 1965.6 0.0443240181 0.1738072634 -0.9837816954 0.9890167117 -0.1466215104 0.0186558813 -0.1410010308 -0.9738034606 -0.1783971488
778.8 111.0 2038.5 -0.1701128930 -0.0097332280 -0.9853765368 -0.9384568334 0.3066315055 0.1589839906 0.3006000519 0.9517785311 -0.0612961873
741.1 -97.1 2105.2 0.7819249630 -0.0097332280 -0.6232966185 -0.5909626484 0.3066315055 -0.7461503148 0.1983848363 0.9517785311 0.2340108603
450.1 -209.0 2065.5 0.9336061478 -0.0903830454 -0.3467138708 -0.0949556753 0.8706480265 -0.4826545417 0.3454895318 0.4835316837 0.8042599559
485.2 -546.7 1878.0 0.9336061478 0.2382496297 -0.2676129937 -0.0949556753 0.8847091198 0.4563695490 0.3454895318 -0.4006580412 0.8485929966
625.8 -252.1 2094.1 0.9074004889 0.1081056371 -0.4061250389 -0.2822983563 0.8726693392 -0.3984418213 0.3113390505 0.4761947393 0.8223785758
582.9 -598.6 1905.0 0.9075350165 0.1077673286 -0.4059143364 -0.2812136412 0.8737912178 -0.3967464566 0.3119280934 0.4742099643 0.8233017325
373.3 -311.9 2000.7 0 0 0 0 0 0 0 0 0
915.3 -228.7 2149.4 0 0 0 0 0 0 0 0 0
394.1 -884.7 2031.1 0 0 0 0 0 0 0 0 0
541.8 -932.0 1724.0 0 0 0 0 0 0 0 0 0
697.9 335.7 1971.0 4 0.9587860703 0.2702977955 -0.0875695199 -0.2456710190 0.9434903860 0.2224223018 0.1427412629 -0.1917421073 0.9710097313
643.4 145.7 2009.6 0.9587860703 0.2702977955 -0.0875695199 -0.2456710190 0.9434903860 0.2224223018 0.1427412629 -0.1917421073 0.9710097313
594.3 -42.8 2040.5 0.9623752832 0.2543398142 -0.0956296772 -0.2326953411 0.9531496763 0.1932836771 0.1403091401 -0.1637588590 0.9764714241
504.3 180.6 1987.4 0.4237346649 0.1647085845 -0.8906851411 0.9012775421 0.0213236250 0.4327171147 0.0902648568 -0.9861117601 -0.1394125819
387.9 -66.9 1962.6 0.0384732820 0.1606568843 -0.9862601757 0.9905477166 -0.1361775249 0.0164578967 -0.1316623986 -0.9775710106 -0.1643775105
782.6 110.7 2031.8 -0.1622001082 0.0024649359 -0.9867548347 -0.9420946836 0.2970620990 0.1556010693 0.2935110033 0.9548549652 -0.0458613001
746.7 -98.1 2096.9 0.7869408727 0.0024649359 -0.6170234680 -0.5897477269 0.2970620990 -0.7509672046 0.1814431995 0.9548549652 0.2352240086
455.5 -210.8 2060.2 0.9389050007 -0.0868270025 -0.3330442011 -0.0946652964 0.8651848435 -0.4924364984 0.3309015930 0.4938788116 0.8041068912
489.2 -546.5 1868.6 0.9389050007 0.2289633006 -0.2569692135 -0.0946652964 0.8896210790 0.4467805326 0.3309015930 -0.3951584399 0.8569445610
631.9 -253.5 2085.8 0.9137433171 0.1024465710 -0.3931638896 -0.2739523351 0.8699722290 -0.4099980891 0.3000387847 0.4823412001 0.8229967952
591.2 -599.1 1894.2 0.9138055444 0.1022759229 -0.3930637240 -0.2734243274 0.8705379367 -0.4091488719 0.3003308177 0.4813556969 0.8234671354
378.3 -313.4 1995.4 0 0 0 0 0 0 0 0 0
922.0 -229.5 2137.3 0 0 0 0 0 0 0 0 0
401.7 -886.4 2019.6 0 0 0 0 0 0 0 0 0
552.2 -931.5 1710.4 0 0 0 0 0 0 0 0 0
699.9 334.5 1964.9 5 0.9479146600 0.2711592615 -0.1671240032 -0.2235702872 0.9401202798 0.2572745979 0.2268790603 -0.2065104097 0.9517769217
645.3 145.0 2006.5 0.9479146600 0.2711592615 -0.1671240032 -0.2235702872 0.9401202798 0.2572745979 0.2268790603 -0.2065104097 0.9517769217
597.1 -43.3 2039.7 0.9520210028 0.2499267757 -0.1766143143 -0.2086576223 0.9522699118 0.2228093296 0.2238705158 -0.1752672493 0.9587301016
507.7 176.5 1972.2 0.3993871212 0.2424868345 -0.8841323853 0.9120549560 -0.0072819819 0.4100033343 0.0929821730 -0.9701273441 -0.2240696400
398.0 -74.0 1946.7 0.0315676220 0.2405154705 -0.9701318741 0.9863432050 -0.1644740254 -0.0086813318 -0.1616494805 -0.9566088915 -0.2424228489
782.8 113.6 2040.8 -0.1686434001 -0.0789333209 -0.9825115204 -0.9351750612 0.3277835846 0.1341847330 0.3114595115 0.9414496422 -0.1290950179
745.4 -93.7 2109.9 0.7801206112 -0.0789333209 -0.6206297874 -0.5676442981 0.3277835846 -0.7552071810 0.2630432546 0.9414496422 0.2109046876
460.4 -213.4 2054.1 0.9075876474 -0.1661252826 -0.3855995834 -0.0455075875 0.8740622401 -0.4836778045 0.4173891544 0.4565277100 0.7857281566
525.4 -555.4 1875.5 0.9082453847 -0.0075672423 -0.4183695316 0.0017636613 0.9998968244 -0.0142568322 0.4184342325 0.0122108394 0.9081649780
635.0 -254.2 2081.7 0.8865801096 0.1230759695 -0.4459013939 -0.2969318926 0.8905606270 -0.3445768058 0.3546931148 0.4378972948 0.8260985017
586.1 -607.6 1908.0 0.9051461816 0.0528546609 -0.4218018651 -0.1516181976 0.9671226144 -0.2041709572 0.3971427381 0.2487574071 0.8834010363
390.2 -319.5 1986.9 0 0 0 0 0 0 0 0 0
919.2 -220.2 2168.5 0 0 0 0 0 0 0 0 0
527.9 -892.7 1871.4 0 0 0 0 0 0 0 0 0
566.6 -964.8 1816.1 0 0 0 0 0 0 0 0 0
703.1 336.1 1962.3 6 0.9494629502 0.2682424188 -0.1629910618 -0.2219584733 0.9409549832 0.2556132674 0.2219335735 -0.2065180838 0.9529405832
648.9 146.2 2004.0 0.9494629502 0.2682424188 -0.1629910618 -0.2219584733 0.9409549832 0.2556132674 0.2219335735 -0.2065180838 0.9529405832
600.6 -42.0 2037.5 0.9526988268 0.2506504059 -0.1718701869 -0.2101549059 0.9518433809 0.2232243419 0.2195447683 -0.1765462011 0.9594954848
511.3 177.9 1970.3 0.4012712240 0.2380356640 -0.8844887614 0.9114254117 -0.0078045893 0.4113913476 0.0910227373 -0.9712250829 -0.2200835049
401.1 -72.4 1945.3 0.0324107744 0.2358738482 -0.9712430239 0.9862690568 -0.1649913937 -0.0071572335 -0.1619349569 -0.9576749802 -0.2379825711
786.6 114.6 2037.7 -0.1687177122 -0.0741009116 -0.9828750491 -0.9348602891 0.3280392885 0.1357440948 0.3123628497 0.9417533278 -0.1246200427
749.2 -92.7 2106.9 0.7804035544 -0.0741009116 -0.6208698750 -0.5688597560 0.3280392885 -0.7541809082 0.2595551908 0.9417533278 0.2138499916
463.6 -211.9 2052.5 0.9006326199 -0.2066253126 -0.3823178113 -0.0053238757 0.8744263649 -0.4851290286 0.4345487058 0.4389584363 0.7864368558
544.9 -556.4 1879.5 0.8972117901 -0.1384481490 -0.4193364680 0.0207331032 0.9617427588 -0.2731685042 0.4411134720 0.2363958508 0.8657574058
635.8 -251.8 2092.9 0.8948247433 0.1025193930 -0.4344864786 -0.2418138981 0.9294332862 -0.2787109017 0.3752529323 0.3544622660 0.8564705253
595.3 -619.3 1952.8 0.9125948548 0.0261955429 -0.4080249667 -0.0740706027 0.9920251369 -0.1019786000 0.4020996690 0.1232878044 0.9072573781
393.0 -317.9 1985.6 0 0 0 0 0 0 0 0 0
923.0 -219.4 2164.8 0 0 0 0 0 0 0 0 0
593.2 -891.9 1797.1 0 0 0 0 0 0 0 0 0
585.5 -989.0 1906.9 0 0 0 0 0 0 0 0 0
705.4 337.6 1960.5 7 0.9511439204 0.2650898993 -0.1582799405 -0.2226751000 0.9441004395 0.2430845797 0.2138714194 -0.1959634274 0.9570043683
652.0 147.5 2000.0 0.9511439204 0.2650898993 -0.1582799405 -0.2226751000 0.9441004395 0.2430845797 0.2138714194 -0.1959634274 0.9570043683
604.1 -41.1 2032.0 0.9543625116 0.2481370419 -0.1661933362 -0.2107725739 0.9538636804 0.2138200551 0.2115824521 -0.1690328419 0.9626321793
514.1 179.2 1967.5 0.4004882276 0.2319663614 -0.8864540458 0.9111325741 0.0018028254 0.4121094346 0.0971936509 -0.9727221131 -0.2106301039
404.1 -71.0 1940.8 0.0299425423 0.2301211357 -0.9727012515 0.9878138900 -0.1555089355 -0.0063824696 -0.1527324766 -0.9606566429 -0.2319731861
789.9 115.7 2032.5 -0.1653814316 -0.0686916485 -0.9838345647 -0.9380480647 0.3189489543 0.1354156435 0.3044910729 0.9452793598 -0.1171842963
753.2 -92.2 2100.0 0.7828500867 -0.0686916485 -0.6184069514 -0.5701058507 0.3189489543 -0.7571333647 0.2492489815 0.9452793598 0.2105277032
467.4 -211.3 2046.2 0.8972237706 -0.2247165740 -0.3801209629 0.0167867485 0.8775630593 -0.4791672230 0.4412569404 0.4235392511 0.7911427617
556.3 -558.5 1878.6 0.8946344256 -0.1939933300 -0.4024870694 0.0295351055 0.9245306253 -0.3799616396 0.4458216429 0.3280392587 0.8328465223
638.7 -250.5 2091.6 0.9001666903 0.0993920639 -0.4240532517 -0.2194935679 0.9444630742 -0.2445651740 0.3761947751 0.3132263720 0.8719900846
599.3 -624.5 1967.6 0.9183146954 0.0129593108 -0.3956390023 -0.0360145271 0.9980540872 -0.0509013869 0.3942095041 0.0609922409 0.9169944525
396.6 -316.9 1978.8 0 0 0 0 0 0 0 0 0
927.6 -219.2 2155.6 0 0 0 0 0 0 0 0 0
626.7 -894.4 1759.5 0 0 0 0 0 0 0 0 0
594.5 -1000.4 1944.6 0 0 0 0 0 0 0 0 0
705.2 339.4 1955.7 8 0.9518784285 0.2591463029 -0.1636175215 -0.2157814652 0.9458069801 0.2426676154 0.2176370174 -0.1956844330 0.9562121630
653.0 148.9 1995.1 0.9518784285 0.2591463029 -0.1636175215 -0.2157814652 0.9458069801 0.2426676154 0.2176370174 -0.1956844330 0.9562121630
606.3 -40.0 2027.2 0.9549875855 0.2423825413 -0.1710245162 -0.2039964944 0.9551625252 0.2145925611 0.2153697014 -0.1700448394 0.9616135359
515.0 179.7 1962.0 0.3940697610 0.2353967428 -0.8884240985 0.9139684439 0.0014434624 0.4057826996 0.0968023315 -0.9718983173 -0.2145763785
406.7 -71.4 1935.4 0.0239105467 0.2345554680 -0.9718086123 0.9876905084 -0.1558531821 -0.0133153750 -0.1545826644 -0.9595277309 -0.2353947312
791.0 118.1 2028.1 -0.1602147967 -0.0741635785 -0.9842921495 -0.9385308623 0.3203343749 0.1286298931 0.3057629466 0.9443969727 -0.1209271178
755.4 -89.9 2095.9 0.7857374549 -0.0741635785 -0.6140980721 -0.5643897653 0.3203343749 -0.7608219981 0.2531419992 0.9443969727 0.2098415643
469.3 -211.1 2043.1 0.8993225694 -0.2357479185 -0.3682957888 0.0095751584 0.8526458144 -0.5224016309 0.4371809363 0.4662810862 0.7690609694
562.6 -548.7 1858.4 0.8987581134 -0.0963868871 -0.4277188182 0.0154919354 0.9819085002 -0.1887211800 0.4381709993 0.1629884988 0.8839914799
642.6 -250.0 2084.4 0.9013122916 0.1045720130 -0.4203579724 -0.2026310861 0.9594841599 -0.1957824379 0.3828534484 0.2616387010 0.8859844208
601.2 -630.1 1980.8 0.9183800220 0.0064359233 -0.3956472278 -0.0178928021 0.9995204210 -0.0252739191 0.3952948153 0.0302903000 0.9180547595
400.8 -317.2 1973.9 0 0 0 0 0 0 0 0 0
930.5 -215.7 2152.3 0 0 0 0 0 0 0 0 0
597.9 -907.8 1798.8 0 0 0 0 0 0 0 0 0
598.8 -1009.2 1969.3 0 0 0 0 0 0 0 0 0
703.5 339.5 1952.2 9 0.9546553493 0.2588710189 -0.1470337510 -0.2211674750 0.9472827315 0.2318197191 0.1992939413 -0.1887888461 0.9615823627
651.4 148.8 1990.2 0.9546553493 0.2588710189 -0.1470337510 -0.2211674750 0.9472827315 0.2318197191 0.1992939413 -0.1887888461 0.9615823627
604.7 -40.2 2021.3 0.9579302073 0.2421837598 -0.1540026069 -0.2087268084 0.9561727047 0.2053457797 0.1969844997 -0.1645624489 0.9664969444
512.9 180.3 1959.8 0.3982764482 0.2188084573 -0.8907854557 0.9118822217 0.0106089441 0.4103148878 0.0992306620 -0.9757101536 -0.1953022480
403.5 -70.2 1932.6 0.0241008941 0.2177278101 -0.9757119417 0.9891309142 -0.1468015909 -0.0083260732 -0.1450488865 -0.9649061561 -0.2188993543
789.8 117.4 2020.6 -0.1576685607 -0.0571467280 -0.9858371615 -0.9411314726 0.3109947741 0.1324909627 0.2990187705 0.9486920238 -0.1028166786
754.9 -91.3 2086.9 0.7883170843 -0.0571467280 -0.6126095057 -0.5690258145 0.3109947741 -0.7612436414 0.2340209335 0.9486920238 0.2126445323
471.5 -210.9 2039.7 0.9040102959 -0.2401567847 -0.3536808193 0.0123810824 0.8416631222 -0.5398610234 0.4273313880 0.4836609364 0.7638455033
566.7 -544.8 1847.9 0.9041936398 -0.0473451950 -0.4244906604 0.0086583849 0.9956650138 -0.0926076919 0.4270350337 0.0800598860 0.9006838799
645.8 -248.5 2080.5 0.9094300866 0.1089416966 -0.4013335407 -0.1887615025 0.9680696130 -0.1649556756 0.3705482185 0.2257719785 0.9009556174
602.6 -632.3 1991.0 0.9251582623 0.0032059683 -0.3795681000 -0.0086929547 0.9998810291 -0.0127428314 0.3794820607 0.0150887035 0.9250760674
397.5 -316.4 1968.7 0 0 0 0 0 0 0 0 0
930.5 -218.1 2139.0 0 0 0 0 0 0 0 0 0
584.4 -915.4 1818.1 0 0 0 0 0 0 0 0 0
601.4 -1012.9 1985.3 0 0 0 0 0 0 0 0 0
700.2 340.6 1946.5 0 0.9561519623 0.2526095212 -0.1481951773 -0.2144211829 0.9484704733 0.2332967073 0.1994917244 -0.1912909299 0.9610467553
649.1 148.7 1985.2 0.9561519623 0.2526095212 -0.1481951773 -0.2144211829 0.9484704733 0.2332967073 0.1994917244 -0.1912909299 0.9610467553
604.0 -40.7 2016.4 0.9597051144 0.2340865284 -0.1554658711 -0.2005027235 0.9580444694 0.2048155218 0.1968877763 -0.1653911620 0.9663751721
510.4 179.0 1954.8 0.3906169832 0.2184500694 -0.8942583203 0.9152796865 0.0116693471 0.4026498497 0.0983942971 -0.9757783413 -0.1953846663
403.1 -72.4 1927.8 0.0157393347 0.2186967134 -0.9756659269 0.9891824126 -0.1457360238 -0.0167095270 -0.1458439976 -0.9648485780 -0.2186247259
787.8 118.4 2015.6 -0.1496648639 -0.0595070496 -0.9869444370 -0.9421852827 0.3112613559 0.1241101101 0.2998122275 0.9484594464 -0.1026515514
754.6 -90.5 2082.1 0.7931392193 -0.0595070496 -0.6061262488 -0.5621861815 0.3112613559 -0.7662003636 0.2342580110 0.9484594464 0.2134195417
469.2 -211.0 2035.1 0.8934388161 -0.2495978177 -0.3734541237 0.0031345531 0.8348482251 -0.5504712462 0.4491739571 0.4906417727 0.7466682196
568.3 -542.5 1840.4 0.8934388161 -0.0233860407 -0.4485757053 0.0031345531 0.9989440441 -0.0458357744 0.4491739571 0.0395453759 0.8925687075
644.5 -249.4 2071.9 0.9110738039 0.1011591181 -0.3996390700 -0.1809174269 0.9691961408 -0.1671160460 0.3704233170 0.2245567292 0.9013106227
604.3 -634.1 1982.8 0.9259202480 0.0015998586 -0.3777157068 -0.0043253726 0.9999703765 -0.0063675903 0.3776943088 0.0075296415 0.9258997440
399.2 -318.6 1964.1 0 0 0 0 0 0 0 0 0
931.3 -215.7 2134.2 0 0 0 0 0 0 0 0 0
577.1 -918.8 1825.5 0 0 0 0 0 0 0 0 0
603.7 -1015.5 1979.9 0 0 0 0 0 0 0 0 0
695.7 340.4 1939.1 1 0.9645574093 0.2371249497 -0.1157617271 -0.2072100937 0.9522805810 0.2241108119 0.1633799076 -0.1921807379 0.9676640034
647.8 148.1 1977.9 0.9645574093 0.2371249497 -0.1157617271 -0.2072100937 0.9522805810 0.2241108119 0.1633799076 -0.1921807379 0.9676640034
605.3 -41.9 2009.4 0.9676546454 0.2206587195 -0.1222875714 -0.1942654401 0.9609975815 0.1968364269 0.1609517336 -0.1667134315 0.9727801085
507.8 177.5 1952.8 0.3868680298 0.1832334399 -0.9037470222 0.9176356196 0.0202006288 0.3969089985 0.0909832641 -0.9828618765 -0.1603265554
401.6 -74.5 1927.8 0.0029204248 0.1850778759 -0.9827195406 0.9902686477 -0.1372702271 -0.0229095630 -0.1391381770 -0.9730894566 -0.1836777031
787.7 118.7 2003.1 -0.1315965056 -0.0278511904 -0.9909120202 -0.9454078674 0.3041610122 0.1170044616 0.2981380820 0.9522134066 -0.0663572624
758.5 -90.9 2069.2 0.8053119779 -0.0278511904 -0.5921967030 -0.5575081110 0.3041610122 -0.7724446654 0.2016366571 0.9522134066 0.2294172347
469.7 -212.6 2030.9 0.8937488794 -0.2498200983 -0.3725625277 0.0015709068 0.8322985172 -0.5543254614 0.4485648870 0.4948425293 0.7442582846
569.0 -543.2 1834.3 0.8937488794 -0.0116132144 -0.4484172761 0.0015709068 0.9997397065 -0.0227604881 0.4485648870 0.0196377393 0.8935344815
649.6 -250.6 2059.5 0.9225417972 0.1663172841 -0.3482171297 -0.1950637847 0.9795697331 -0.0489209853 0.3329665363 0.1130562052 0.9361364841
584.1 -636.4 2015.0 0.9358898401 0.1159802005 -0.3326542377 -0.1105229035 0.9932447076 0.0353503786 0.3345070183 0.0036818555 0.9423860908
400.8 -321.0 1962.4 0 0 0 0 0 0 0 0 0
938.0 -215.1 2114.1 0 0 0 0 0 0 0 0 0
573.4 -922.5 1826.8 0 0 0 0 0 0 0 0 0
540.1 -1013.1 2013.6 0 0 0 0 0 0 0 0 0
692.0 344.3 1934.4 2 0.9641239643 0.2295569479 -0.1332988143 -0.1970896572 0.9554194808 0.2198392600 0.1778219193 -0.1856804788 0.9663861394
645.6 151.2 1972.0 0.9641239643 0.2295569479 -0.1332988143 -0.1970896572 0.9554194808 0.2198392600 0.1778219193 -0.1856804788 0.9663861394
604.1 -39.2 2001.6 0.9662625790 0.2160874903 -0.1401528269 -0.1878805608 0.9635752439 0.1903251112 0.1761746705 -0.1575720459 0.9716653228
505.9 179.7 1944.6 0.3782597780 0.1996001005 -0.9039244056 0.9199908376 0.0272197649 0.3909935355 0.1026469618 -0.9794992805 -0.1733341217
402.0 -73.0 1916.4 -0.0023015679 0.2024826109 -0.9792831540 0.9910443425 -0.1302861571 -0.0292679779 -0.1335133016 -0.9705803990 -0.2003693879
785.4 122.7 1999.4 -0.1293729097 -0.0462060906 -0.9905188680 -0.9480682611 0.2984752059 0.1099050045 0.2905670702 0.9532982707 -0.0824211389
756.7 -87.5 2063.8 0.8060373068 -0.0462060906 -0.5900583267 -0.5525649190 0.2984752059 -0.7781931162 0.2120750546 0.9532982707 0.2150502950
472.9 -215.0 2027.5 0.9122148752 -0.2254968286 -0.3420748115 0.0012694814 0.8364667296 -0.5480162501 0.4097101092 0.4994743168 0.7633236647
562.4 -547.3 1829.1 0.9122148752 -0.0057857134 -0.4096712172 0.0012694814 0.9999353886 -0.0112951547 0.4097101092 0.0097835381 0.9121633172
649.5 -247.9 2050.2 0.9168336391 0.1902626008 -0.3510216773 -0.1980973780 0.9800848961 0.0138201173 0.3466604948 0.0568657257 0.9362653494
574.3 -635.0 2027.8 0.9248418808 0.1650220305 -0.3426881433 -0.1555589437 0.9862871170 0.0551279038 0.3470862508 0.0023236098 0.9378303289
402.6 -319.7 1949.6 0 0 0 0 0 0 0 0 0
936.2 -210.6 2111.0 0 0 0 0 0 0 0 0 0
564.6 -928.0 1825.4 0 0 0 0 0 0 0 0 0
511.6 -1010.0 2026.9 0 0 0 0 0 0 0 0 0
688.6 348.8 1926.6 3 0.9653698206 0.2227331996 -0.1358346641 -0.1903578788 0.9574193954 0.2170530558 0.1783956736 -0.1836792678 0.9666627645
643.5 154.9 1963.8 0.9653698206 0.2227331996 -0.1358346641 -0.1903578788 0.9574193954 0.2170530558 0.1783956736 -0.1836792678 0.9666627645
603.1 -35.8 1993.6 0.9672961235 0.2102950513 -0.1418244690 -0.1818072796 0.9647119045 0.1904654652 0.1768736988 -0.1584517956 0.9713952541
503.6 182.5 1936.3 0.3725921214 0.1999491006 -0.9061983824 0.9223839641 0.0274295043 0.3852992058 0.1018968001 -0.9794222713 -0.1742098331
401.3 -70.8 1908.3 -0.0082700467 0.2037866116 -0.9789804220 0.9908742309 -0.1300466806 -0.0354413092 -0.1345356107 -0.9703395963 -0.2008514106
783.4 127.3 1991.3 -0.1237470135 -0.0485288054 -0.9911264181 -0.9485400915 0.2991671860 0.1037816927 0.2914761007 0.9529658556 -0.0830525607
755.9 -83.0 2055.9 0.8092771769 -0.0485288054 -0.5854189992 -0.5474242568 0.2991671860 -0.7815533876 0.2130659968 0.9529658556 0.2155433148
472.6 -213.5 2016.7 0.9066897631 -0.2203599215 -0.3596598506 0.0005585628 0.8533088565 -0.5214055181 0.4217978120 0.4725521207 0.7738094926
560.1 -552.3 1829.0 0.9066897631 -0.0028875205 -0.4217883050 0.0005585628 0.9999839067 -0.0056450851 0.4217978120 0.0048827459 0.9066767693
649.4 -246.6 2045.6 0.9195162654 0.1206046119 -0.3740913570 -0.1813966036 0.9745537043 -0.1316829622 0.3486905396 0.1889435351 0.9179952145
602.1 -628.4 1971.6 0.9332437515 0.0825882107 -0.3496216834 -0.0777484477 0.9965831041 0.0278808754 0.3507297039 0.0011628919 0.9364759922
403.3 -317.5 1941.8 0 0 0 0 0 0 0 0 0
936.2 -204.9 2103.4 0 0 0 0 0 0 0 0 0
561.2 -933.8 1827.2 0 0 0 0 0 0 0 0 0
570.8 -1007.0 1971.1 0 0 0 0 0 0 0 0 0
685.3 353.0 1922.7 4 0.9715085626 0.1959635764 -0.1333018839 -0.1671184450 0.9652314782 0.2009965628 0.1680551767 -0.1729926914 0.9704797864
645.7 158.1 1957.6 0.9715085626 0.1959635764 -0.1333018839 -0.1671184450 0.9652314782 0.2009965628 0.1680551767 -0.1729926914 0.9704797864
610.6 -33.9 1985.8 0.9732862115 0.1834378093 -0.1380743384 -0.1580440551 0.9715051651 0.1766345203 0.1665413827 -0.1500941068 0.9745438695
504.9 182.2 1931.7 0.3491170406 0.1903774440 -0.9175367951 0.9307911992 0.0427889228 0.3630384207 0.1083747372 -0.9807780385 -0.1622633040
409.0 -73.4 1901.9 -0.0355164222 0.1984340101 -0.9794705510 0.9916455746 -0.1146165133 -0.0591784194 -0.1240065098 -0.9733894467 -0.1927054524
786.5 133.9 1983.6 -0.0961565897 -0.0478368886 -0.9942160249 -0.9544283748 0.2879433930 0.0784540400 0.2825249434 0.9564518929 -0.0733445436
765.2 -77.7 2046.2 0.8252623677 -0.0478368886 -0.5627198815 -0.5280554295 0.2879433930 -0.7989030480 0.2002485096 0.9564518929 0.2123683244
472.6 -210.8 2008.9 0.9123016596 -0.2145711333 -0.3488049805 0.0118418010 0.8652095199 -0.5012706518 0.4093475938 0.4531795681 0.7918729782
557.8 -554.4 1828.9 0.9123788476 -0.0014424124 -0.4093442559 0.0003175930 0.9999960065 -0.0028158242 0.4093466699 0.0024390935 0.9123756886
663.1 -242.6 2033.0 0.9205464721 0.1886385977 -0.3420667350 -0.2052331120 0.9786316752 -0.0126259262 0.3323756158 0.0818261728 0.9395908117
589.2 -625.7 2001.0 0.9303790927 0.1685550511 -0.3255517185 -0.1550526917 0.9856187701 0.0671882406 0.3321948349 -0.0120328637 0.9431340098
417.8 -320.2 1932.8 0 0 0 0 0 0 0 0 0
949.0 -195.4 2090.8 0 0 0 0 0 0 0 0 0
558.4 -936.2 1827.9 0 0 0 0 0 0 0 0 0
525.2 -999.8 2005.5 0 0 0 0 0 0 0 0 0
682.6 354.8 1922.2 5 0.9711214900 0.1782818288 -0.1585517228 -0.1480160058 0.9713968635 0.1856862605 0.1871211380 -0.1568557322 0.9697329402
646.7 159.0 1953.8 0.9711214900 0.1782818288 -0.1585517228 -0.1480160058 0.9713968635 0.1856862605 0.1871211380 -0.1568557322 0.9697329402
615.4 -34.0 1978.9 0.9728438854 0.1644809693 -0.1628518999 -0.1382241398 0.9771876931 0.1612400562 0.1856577843 -0.1343513429 0.9733862877
506.0 180.4 1925.1 0.3254798949 0.2102767676 -0.9218711853 0.9369630218 0.0593636557 0.3443489969 0.1271342337 -0.9758378863 -0.1776998937
416.6 -77.0 1890.2 -0.0553819835 0.2217482179 -0.9735299349 0.9920765162 -0.0979015008 -0.0787368119 -0.1127697900 -0.9701768160 -0.2145692110
787.4 137.7 1982.6 -0.0804609954 -0.0748009607 -0.9939470887 -0.9598189592 0.2747658193 0.0570203774 0.2688375115 0.9585971832 -0.0939033106
769.6 -75.1 2042.2 0.8325794935 -0.0748009607 -0.5488316417 -0.5118606091 0.2747658193 -0.8139425516 0.2116838545 0.9585971832 0.1904767305
