-235.2 482.2 2694.2 1 0.9987450242 0.0264274161 -0.0425443202 -0.0293983184 0.9970578551 -0.0707911700 0.0405483209 0.0719530582 0.9965834618
-240.5 281.9 2679.8 0.9987450242 0.0264274161 -0.0425443202 -0.0293983184 0.9970578551 -0.0707911700 0.0405483209 0.0719530582 0.9965834618
-245.2 86.8 2663.4 0.9987867475 0.0242865980 -0.0428398401 -0.0277585573 0.9962121844 -0.0824063197 0.0406762026 0.0834955126 0.9956776500
-382.8 285.8 2674.0 0.3270707428 -0.0552272610 -0.9433847070 0.7608101964 0.6075274348 0.2282066643 0.5605288744 -0.7923763990 0.2407219112
-539.7 -79.0 2405.2 -0.9775280356 -0.0552272610 -0.2034425288 0.1287978142 0.6075274348 -0.7837866545 0.1668833047 -0.7923763990 -0.5867619514
-98.1 277.9 2685.6 0.1193141937 0.6075667739 0.7852558494 -0.9089677334 0.3850257099 -0.1597900689 -0.3994268477 -0.6947069764 0.5981976390
-69.4 59.3 2589.5 -0.7275952697 0.6075667739 0.3185399771 -0.0809786767 0.3850257099 -0.9193463326 -0.6812103391 -0.6947069764 -0.2309429497
-335.9 -105.9 2640.1 0.9324456453 0.2652001083 0.2453855127 -0.2836726308 0.9579742551 0.0426040888 -0.2237744033 -0.1093351543 0.9684889317
-439.8 -481.0 2682.9 0.9298637509 0.3325392902 0.1573883146 -0.2909550369 0.9265084863 -0.2385941297 -0.2251635343 0.1760670990 0.9582806230
-155.3 -110.6 2645.8 0.8859239817 0.1545500904 -0.4373247623 -0.1107994318 0.9860740304 0.1240221485 0.4504022300 -0.0614188574 0.8907107115
-215.8 -496.6 2669.8 0.8865956068 0.0607121103 -0.4585435987 -0.1005878747 0.9929302335 -0.0630210042 0.4514756501 0.1019980684 0.8864344954
-289.3 -112.0 2362.4 0 0 0 0 0 0 0 0 0
-251.2 39.1 2419.4 0 0 0 0 0 0 0 0 0
-553.0 -796.3 2623.0 0 0 0 0 0 0 0 0 0
-234.9 -809.2 2637.7 0 0 0 0 0 0 0 0 0
-240.4 479.9 2695.3 2 0.9987967610 0.0271480773 -0.0408407226 -0.0297650117 0.9974480271 -0.0648960620 0.0389746949 0.0660336018 0.9970559478
-245.8 279.6 2682.0 0.9987967610 0.0271480773 -0.0408407226 -0.0297650117 0.9974480271 -0.0648960620 0.0389746949 0.0660336018 0.9970559478
-251.0 84.3 2668.5 0.9988125563 0.0264359731 -0.0409218855 -0.0291776042 0.9972642064 -0.0679174066 0.0390144698 0.0690307617 0.9968513846
-388.2 283.8 2676.4 0.3297436833 -0.0556665137 -0.9424278736 0.7681662440 0.5961294174 0.2335600853 0.5488075018 -0.8009563088 0.2393310517
-546.3 -84.5 2413.3 -0.9769163728 -0.0556665137 -0.2062415928 0.1331847757 0.5961294174 -0.7917648554 0.1670214683 -0.8009563088 -0.5749546885
-103.5 275.5 2687.6 0.1463136971 0.5762430429 0.8040747643 -0.8909210563 0.4300287068 -0.1460648924 -0.4299441278 -0.6949958801 0.5763061643
-67.9 58.7 2582.9 -0.7534650564 0.5762430429 0.3165980577 -0.0498917773 0.4300287068 -0.9014356136 -0.6555922627 -0.6949958801 -0.2952618301
-340.3 -105.8 2643.4 0.9342504144 0.2650067210 0.2386370599 -0.2785284519 0.9601228833 0.0242054500 -0.2227062881 -0.0890811607 0.9708071351
-444.0 -481.7 2678.3 0.9335316420 0.3201351166 0.1613450199 -0.2806300521 0.9326360226 -0.2267967612 -0.2230817974 0.1664436907 0.9604848027
-159.7 -110.8 2650.8 0.8860672116 0.1480926126 -0.4392647147 -0.1097835079 0.9876781106 0.1115324423 0.4503692687 -0.0506012179 0.8914073110
-217.7 -497.6 2670.6 0.8866546154 0.0579333268 -0.4587889910 -0.1004032642 0.9925719500 -0.0687026456 0.4514009356 0.1069794297 0.8858851790
-296.1 -118.7 2370.5 0 0 0 0 0 0 0 0 0
-254.1 46.3 2420.9 0 0 0 0 0 0 0 0 0
-552.2 -796.9 2622.0 0 0 0 0 0 0 0 0 0
-235.9 -809.8 2636.9 0 0 0 0 0 0 0 0 0
-243.1 480.4 2695.3 3 0.9965544343 0.0380277820 -0.0737097561 -0.0424396805 0.9973410368 -0.0592429452 0.0712608919 0.0621670373 0.9955185056
-250.7 280.3 2682.8 0.9965544343 0.0380277820 -0.0737097561 -0.0424396805 0.9973410368 -0.0592429452 0.0712608919 0.0621670373 0.9955185056
-258.2 85.0 2670.6 0.9965497851 0.0381458141 -0.0737120882 -0.0425623208 0.9973321557 -0.0593040287 0.0712532401 0.0622367747 0.9955147505
-392.6 286.4 2672.6 0.3226407766 -0.0217494722 -0.9462715983 0.7680735588 0.5902561545 0.2483156919 0.5531418920 -0.8069229126 0.2071458995
-547.3 -81.9 2407.4 -0.9797981977 -0.0217494722 -0.1988025159 0.1479098648 0.5902561545 -0.7935491800 0.1346036941 -0.8069229126 -0.5751149654
-108.7 274.3 2692.9 0.1554462612 0.5583260059 0.8149285316 -0.8744708300 0.4615035653 -0.1493826956 -0.4594966769 -0.6894102693 0.5599787831
-69.6 54.1 2577.2 -0.7679548860 0.5583260059 0.3138748705 -0.0268935189 0.4615035653 -0.8867306113 -0.6399391294 -0.6894102693 -0.3393985629
-346.5 -108.3 2651.4 0.9448569417 0.2585505545 0.2009900063 -0.2648336589 0.9642834067 0.0045471117 -0.1926356703 -0.0575252920 0.9795827270
-447.7 -485.8 2673.9 0.9393188357 0.3141740859 0.1377488375 -0.2818329632 0.9356900454 -0.2122599185 -0.1955767870 0.1605575830 0.9674559236
-165.9 -113.6 2658.5 0.8720025420 0.1357136667 -0.4703119993 -0.1024089530 0.9901154041 0.0958328247 0.4786689579 -0.0354023054 0.8772814274
-219.0 -501.3 2672.3 0.8720082641 0.0541774929 -0.4864836633 -0.1023039222 0.9920788407 -0.0728935525 0.4786809683 0.1133329645 0.8706435561
-296.6 -119.8 2372.9 0 0 0 0 0 0 0 0 0
-258.1 47.5 2420.1 0 0 0 0 0 0 0 0 0
-552.2 -797.2 2620.5 0 0 0 0 0 0 0 0 0
-236.0 -811.4 2636.9 0 0 0 0 0 0 0 0 0
-247.7 478.9 2695.8 4 0.9972576499 0.0423457734 -0.0606957711 -0.0461826734 0.9969271421 -0.0632724613 0.0578299426 0.0659020469 0.9961488843
-256.2 278.9 2682.5 0.9972576499 0.0423457734 -0.0606957711 -0.0461826734 0.9969271421 -0.0632724613 0.0578299426 0.0659020469 0.9961488843
-264.3 83.6 2670.0 0.9973013401 0.0414105766 -0.0606235936 -0.0451432094 0.9970823526 -0.0615540929 0.0578977242 0.0641247183 0.9962609410
-398.3 285.3 2674.3 0.3318530619 -0.0310352109 -0.9428204298 0.7659255266 0.5922935009 0.2500929832 0.5506647229 -0.8051243424 0.2203250676
-557.4 -82.0 2410.2 -0.9775530696 -0.0310352109 -0.2083910704 0.1499558240 0.5922935009 -0.7916448712 0.1479975432 -0.8051243424 -0.5743444562
-114.1 272.5 2690.8 0.1720791161 0.5730714798 0.8012351990 -0.8761112690 0.4608825445 -0.1414792836 -0.4503530562 -0.6776255369 0.5813826323
-69.8 47.0 2574.9 -0.7731297612 0.5730714798 0.2717708647 0.0298383255 0.4608825445 -0.8869593740 -0.6335455775 -0.6776255369 -0.3734215200
-355.7 -106.4 2651.9 0.9477037787 0.2380419821 0.2125878036 -0.2428062111 0.9700673819 -0.0038026141 -0.2071296722 -0.0480138883 0.9771345854
-448.9 -486.2 2670.7 0.9367173910 0.3124099374 0.1579890549 -0.2779381573 0.9380336404 -0.2069860846 -0.2128635645 0.1499762833 0.9655030966
-175.6 -114.1 2664.8 0.8806028366 0.1125456989 -0.4602956176 -0.0853073150 0.9931672812 0.0796332583 0.4661129415 -0.0308586899 0.8841869235
-219.7 -503.0 2676.9 0.8793636560 0.0584945045 -0.4725441635 -0.1115265340 0.9901215434 -0.0849776864 0.4629054070 0.1274275035 0.8772005439
-307.1 -120.4 2372.3 0 0 0 0 0 0 0 0 0
-261.3 54.4 2418.0 0 0 0 0 0 0 0 0 0
-553.0 -798.9 2620.7 0 0 0 0 0 0 0 0 0
-238.0 -812.7 2637.0 0 0 0 0 0 0 0 0 0
-252.0 479.2 2696.5 5 0.9972690940 0.0479999371 -0.0561282746 -0.0519605204 0.9960952997 -0.0713741928 0.0524831526 0.0740957260 0.9958691597
-261.6 279.6 2681.7 0.9972690940 0.0479999371 -0.0561282746 -0.0519605204 0.9960952997 -0.0713741928 0.0524831526 0.0740957260 0.9958691597
-271.1 84.6 2667.1 0.9972370267 0.0486356579 -0.0561503172 -0.0526210666 0.9960279465 -0.0718286261 0.0524338521 0.0745848566 0.9958352447
-403.7 287.1 2674.2 0.3398834467 -0.0309206452 -0.9399591088 0.7576356530 0.6011490226 0.2541811466 0.5571960807 -0.7985385060 0.2277471870
-566.7 -76.2 2407.0 -0.9757490158 -0.0309206452 -0.2166974992 0.1550523937 0.6011490226 -0.7839506269 0.1545077413 -0.7985385060 -0.5817762613
-119.5 272.1 2689.1 0.1865218133 0.5687663555 0.8010708094 -0.8734932542 0.4692228436 -0.1297671050 -0.4496878982 -0.6755255461 0.5843338370
-70.8 43.9 2571.6 -0.7820723653 0.5687663555 0.2546913028 0.0542014651 0.4692228436 -0.8814148307 -0.6208261251 -0.6755255461 -0.3977941871
-362.5 -107.6 2652.2 0.9493806958 0.2264275700 0.2177311778 -0.2288842350 0.9733498693 -0.0142146330 -0.2151471972 -0.0363401398 0.9759052396
-451.2 -488.7 2666.4 0.9355017543 0.3088974357 0.1715192497 -0.2748536468 0.9412787557 -0.1960860491 -0.2220179141 0.1362961531 0.9654695392
-182.3 -115.7 2662.6 0.8850101829 0.0981499702 -0.4551082850 -0.0713284612 0.9945696592 0.0757854059 0.4600752294 -0.0346086845 0.8872051835
-220.7 -505.2 2676.2 0.8833211660 0.0594572425 -0.4649823308 -0.1117594615 0.9900318980 -0.0857127830 0.4552510977 0.1276780963 0.8811610341
-316.8 -115.9 2367.5 0 0 0 0 0 0 0 0 0
-265.5 57.4 2417.1 0 0 0 0 0 0 0 0 0
-552.9 -798.7 2621.5 0 0 0 0 0 0 0 0 0
-239.3 -813.5 2636.4 0 0 0 0 0 0 0 0 0
-255.5 479.3 2694.9 6 0.9981949329 0.0414020084 -0.0435063615 -0.0441045202 0.9970313907 -0.0631127283 0.0407642163 0.0649176314 0.9970576763
-263.8 278.8 2681.8 0.9981949329 0.0414020084 -0.0435063615 -0.0441045202 0.9970313907 -0.0631127283 0.0407642163 0.0649176314 0.9970576763
-271.6 83.5 2669.0 0.9982551336 0.0398948528 -0.0435322076 -0.0426267833 0.9970553517 -0.0637466609 0.0408608541 0.0654910654 0.9970161915
-406.1 284.9 2676.0 0.3391122222 -0.0462580845 -0.9396079183 0.7656412125 0.5939205885 0.2470867336 0.5466227531 -0.8031926751 0.2368228287
-568.7 -82.3 2413.9 -0.9752652049 -0.0462580845 -0.2161433399 0.1471254975 0.5939205885 -0.7909566164 0.1649601161 -0.8031926751 -0.5724243522
-121.6 272.7 2687.7 0.1816921085 0.5457954407 0.8179824352 -0.8670659661 0.4813190103 -0.1285634786 -0.4638798833 -0.6858857870 0.5606925488
-73.0 40.7 2563.6 -0.8056489825 0.5457954407 0.2302976400 0.0764662251 0.4813190103 -0.8732038140 -0.5874373317 -0.6858857870 -0.4295091033
-370.8 -105.7 2647.7 0.9491433501 0.2160137594 0.2290523201 -0.2205773890 0.9753521681 -0.0058062379 -0.2246609032 -0.0450128093 0.9733967781
-455.4 -487.7 2665.3 0.9381929636 0.2941788435 0.1823534817 -0.2583722770 0.9458381534 -0.1965553015 -0.2302992940 0.1372917145 0.9633863568
-190.5 -115.2 2657.2 0.8916323781 0.0810049623 -0.4454547763 -0.0526209362 0.9957377315 0.0757454410 0.4496918917 -0.0440968424 0.8920945525
-222.3 -505.2 2674.5 0.8901360631 0.0523261279 -0.4526806772 -0.1014937013 0.9911983013 -0.0849995166 0.4442486167 0.1216053665 0.8876121044
-318.9 -119.9 2371.7 0 0 0 0 0 0 0 0 0
-273.8 59.8 2417.1 0 0 0 0 0 0 0 0 0
-551.0 -795.2 2620.7 0 0 0 0 0 0 0 0 0
-238.5 -812.8 2636.7 0 0 0 0 0 0 0 0 0
-262.0 480.2 2694.6 7 0.9979240298 0.0292638838 -0.0573696233 -0.0329470225 0.9973838329 -0.0643423945 0.0553366281 0.0660989806 0.9962774515
-267.9 279.9 2681.3 0.9979240298 0.0292638838 -0.0573696233 -0.0329470225 0.9973838329 -0.0643423945 0.0553366281 0.0660989806 0.9962774515
-273.5 84.6 2668.1 0.9979255199 0.0291272104 -0.0574133396 -0.0328963138 0.9972880483 -0.0658357888 0.0553400256 0.0675878972 0.9961773753
-410.0 284.6 2673.4 0.3235944211 -0.0403766297 -0.9453340173 0.7680271864 0.5947510004 0.2374983579 0.5526489615 -0.8028953671 0.2234684527
-565.2 -83.7 2408.4 -0.9789705276 -0.0403766297 -0.1999661922 0.1372666657 0.5947510004 -0.7921042442 0.1509125978 -0.8028953671 -0.5767013431
-125.7 275.2 2689.2 0.1951838136 0.5086068511 0.8385835290 -0.8564771414 0.5049879551 -0.1069301292 -0.4778599739 -0.6973566413 0.5341756344
-71.8 38.9 2557.4 -0.8338027000 0.5086068511 0.2146908939 0.0869234726 0.5049879551 -0.8587383032 -0.5451765060 -0.6973566413 -0.4652701616
-369.7 -107.9 2652.5 0.9505807757 0.2279884815 0.2107544541 -0.2281708866 0.9733304977 -0.0237872973 -0.2105569690 -0.0254762825 0.9772495627
-458.9 -489.0 2662.5 0.9438132644 0.2840426564 0.1689269245 -0.2518369853 0.9491521120 -0.1889137179 -0.2139969021 0.1357572377 0.9673547745
-189.2 -115.6 2659.9 0.8831744790 0.0986716226 -0.4585484862 -0.0713720769 0.9945089817 0.0765367672 0.4635826051 -0.0348677598 0.8853673935
-227.9 -505.0 2673.5 0.8826923966 0.0368696265 -0.4685027301 -0.0874892697 0.9923819900 -0.0867387801 0.4617356360 0.1175526232 0.8791937232
-314.5 -118.8 2369.8 0 0 0 0 0 0 0 0 0
-279.8 60.6 2421.4 0 0 0 0 0 0 0 0 0
-550.5 -795.0 2618.7 0 0 0 0 0 0 0 0 0
-239.3 -814.3 2636.9 0 0 0 0 0 0 0 0 0
-267.0 480.9 2694.9 8 0.9969339371 0.0202656481 -0.0755776465 -0.0252054129 0.9975675344 -0.0649898201 0.0740767494 0.0666955262 0.9950197935
-271.1 279.9 2681.5 0.9969339371 0.0202656481 -0.0755776465 -0.0252054129 0.9975675344 -0.0649898201 0.0740767494 0.0666955262 0.9950197935
-274.8 84.5 2668.1 0.9969592690 0.0188429859 -0.0756115094 -0.0239129141 0.9974853396 -0.0667173564 0.0741642192 0.0683225840 0.9949028492
-413.1 283.3 2670.9 0.3061632812 -0.0305783972 -0.9514877796 0.7707437277 0.5946099758 0.2288954258 0.5587648749 -0.8034325838 0.2056158483
-559.9 -86.2 2403.0 -0.9828468561 -0.0305783972 -0.1818708479 0.1283706576 0.5946099758 -0.7937001586 0.1324122995 -0.8034325838 -0.5804851651
-129.1 276.5 2692.1 0.1864780337 0.4837056398 0.8551343679 -0.8444035649 0.5238330960 -0.1121675074 -0.5022037029 -0.7011617422 0.5061261058
-76.0 36.2 2549.2 -0.8504247069 0.4837056398 0.2068976611 0.0919191986 0.5238330960 -0.8468469381 -0.5180044770 -0.7011617422 -0.4899424314
-369.4 -107.7 2649.9 0.9522788525 0.2356954813 0.1939396709 -0.2371578962 0.9713396430 -0.0159838665 -0.1921486109 -0.0307732280 0.9808832407
-461.7 -488.1 2661.9 0.9483923316 0.2795070112 0.1497590095 -0.2507219315 0.9501180649 -0.1855107099 -0.1941402704 0.1383890808 0.9711632133
-189.1 -113.7 2659.9 0.8743717670 0.0999572203 -0.4748500884 -0.0688262880 0.9942075014 0.0825491250 0.4803509116 -0.0394964516 0.8761866689
-228.2 -503.1 2675.3 0.8738716245 0.0338458680 -0.4849771857 -0.0885629803 0.9919642210 -0.0903522596 0.4780219793 0.1219073012 0.8698468804
-308.3 -119.1 2369.1 0 0 0 0 0 0 0 0 0
-289.4 59.3 2419.2 0 0 0 0 0 0 0 0 0
-551.5 -793.2 2617.5 0 0 0 0 0 0 0 0 0
-238.8 -814.3 2637.1 0 0 0 0 0 0 0 0 0
-270.6 479.3 2694.1 9 0.9948208332 0.0217538886 -0.0992887691 -0.0282382537 0.9975260496 -0.0643772036 0.0976426750 0.0668475255 0.9929739833
-275.0 278.1 2680.6 0.9948208332 0.0217538886 -0.0992887691 -0.0282382537 0.9975260496 -0.0643772036 0.0976426750 0.0668475255 0.9929739833
-279.2 82.7 2667.6 0.9948292971 0.0213894695 -0.0992830545 -0.0278464705 0.9975540638 -0.0641129836 0.0976688713 0.0665461645 0.9929916263
-416.7 282.0 2666.7 0.2961128950 -0.0091885617 -0.9551087618 0.7707996368 0.5928354859 0.2332681119 0.5640789866 -0.8052711487 0.1826287806
-558.7 -87.6 2396.2 -0.9851468801 -0.0091885617 -0.1714677066 0.1327228099 0.5928354859 -0.7943114638 0.1089507192 -0.8052711487 -0.5828105211
-133.3 274.1 2694.5 0.1770132631 0.4547315240 0.8728605509 -0.8341459632 0.5400172472 -0.1121690944 -0.5223665833 -0.7082376480 0.4749026597
-81.9 32.2 2543.0 -0.8713597655 0.4547315240 0.1842590272 0.1052349955 0.5400172472 -0.8350490928 -0.4792261720 -0.7082376480 -0.5184029937
-368.6 -108.6 2648.1 0.9544448256 0.2443085164 0.1713137329 -0.2459008098 0.9692182541 -0.0121970074 -0.1690202355 -0.0304848161 0.9851410389
-464.3 -488.3 2660.0 0.9531143308 0.2741567492 0.1281060278 -0.2505653203 0.9523538947 -0.1738937050 -0.1696764082 0.1336416453 0.9763963223
-188.4 -113.0 2661.5 0.8603951931 0.1199521869 -0.4953096211 -0.0901660547 0.9924024940 0.0837100819 0.5015876889 -0.0273636356 0.8646739125
-235.4 -501.6 2672.2 0.8608461618 0.0166410543 -0.5085931420 -0.0719294176 0.9934091568 -0.0892437994 0.5037559867 0.1134079918 0.8563693762
-306.5 -121.5 2368.3 0 0 0 0 0 0 0 0 0
-303.7 59.0 2421.1 0 0 0 0 0 0 0 0 0
-551.9 -792.7 2617.3 0 0 0 0 0 0 0 0 0
-240.6 -812.1 2636.7 0 0 0 0 0 0 0 0 0
-276.9 479.7 2684.2 0 0.9948518872 0.0304122418 -0.0966684222 -0.0339952856 0.9987864494 -0.0356366672 0.0954673216 0.0387394764 0.9946784377
-283.0 279.0 2676.4 0.9948518872 0.0304122418 -0.0966684222 -0.0339952856 0.9987864494 -0.0356366672 0.0954673216 0.0387394764 0.9946784377
-289.5 83.5 2668.2 0.9947521687 0.0332527608 -0.0967593268 -0.0371241346 0.9985691905 -0.0384885818 0.0953410342 0.0418787040 0.9945633411
-424.8 284.3 2662.8 0.3070971072 -0.0047655995 -0.9516662359 0.7807878256 0.5729977489 0.2490862906 0.5441155434 -0.8195431232 0.1796868742
-572.0 -90.1 2402.0 -0.9831873178 -0.0047655995 -0.1825377196 0.1469161063 0.5729977489 -0.8062811494 0.1084361151 -0.8195431232 -0.5626639128
-141.3 273.7 2690.0 0.1835165173 0.4423495233 0.8778659105 -0.8266153932 0.5527475476 -0.1057223231 -0.5320044160 -0.7062556744 0.4670912027
-86.8 28.1 2531.9 -0.8831546307 0.4423495233 0.1560921520 0.1314105690 0.5527475476 -0.8229225278 -0.4502989352 -0.7062556744 -0.5462909341
-373.3 -110.2 2645.7 0.9550999999 0.2434159964 0.1689159274 -0.2450850308 0.9694366455 -0.0112224668 -0.1664850116 -0.0306801870 0.9855665565
-468.6 -489.9 2657.8 0.9561048150 0.2639506161 0.1272543818 -0.2414733469 0.9557347894 -0.1681118906 -0.1659946889 0.1300040334 0.9775196910
-193.5 -115.2 2663.4 0.8604075313 0.1155083701 -0.4963432848 -0.0920847654 0.9931805730 0.0715034232 0.5012177825 -0.0158164315 0.8651766181
-238.7 -504.1 2669.6 0.8610621095 0.0051246583 -0.5084739923 -0.0588230528 0.9942399859 -0.0895919278 0.5050860047 0.1070542037 0.8564038277
-320.2 -127.7 2374.2 0 0 0 0 0 0 0 0 0
-313.5 61.8 2416.3 0 0 0 0 0 0 0 0 0
-552.6 -794.1 2616.4 0 0 0 0 0 0 0 0 0
-240.3 -811.3 2636.5 0 0 0 0 0 0 0 0 0
-284.9 480.0 2679.7 1 0.9961084127 0.0346935391 -0.0810212195 -0.0368268900 0.9990092516 -0.0249861442 0.0800740868 0.0278726686 0.9963991642
-291.8 279.1 2674.1 0.9961084127 0.0346935391 -0.0810212195 -0.0368268900 0.9990092516 -0.0249861442 0.0800740868 0.0278726686 0.9963991642
-299.2 83.6 2668.0 0.9959987998 0.0374705233 -0.0811317340 -0.0398608707 0.9988115430 -0.0280455742 0.0799844265 0.0311673395 0.9963087440
-433.8 284.8 2662.7 0.3183695078 -0.0157118961 -0.9478364587 0.7851569057 0.5646467805 0.2543670237 0.5311962366 -0.8251830935 0.1921026260
-586.4 -91.6 2408.1 -0.9807975888 -0.0157118961 -0.1943944842 0.1517471820 0.5646467805 -0.8112624884 0.1225106865 -0.8251830935 -0.5514199734
-149.9 273.4 2685.5 0.2013244629 0.4398691952 0.8752048612 -0.8190059662 0.5657100677 -0.0959232524 -0.5373058915 -0.6974863410 0.4741467834
-89.8 28.9 2525.1 -0.8822517395 0.4398691952 0.1677706838 0.1271152645 0.5657100677 -0.8147476912 -0.4532919824 -0.6974863410 -0.5550128222
-385.9 -108.7 2651.4 0.9602366090 0.2159783095 0.1769151986 -0.2134178877 0.9763827324 -0.0336083286 -0.1799956262 -0.0054849181 0.9836521149
-470.5 -490.9 2653.5 0.9533328414 0.2632021606 0.1479227692 -0.2399568409 0.9578612447 -0.1578689516 -0.1832409203 0.1150065735 0.9763177037
-206.1 -115.4 2668.6 0.8693658710 0.0900583416 -0.4858935475 -0.0762884840 0.9959251881 0.0480944254 0.4882449210 -0.0047435709 0.8726937771
-241.4 -505.3 2670.5 0.8695490360 -0.0021956300 -0.4938417077 -0.0532420166 0.9937447906 -0.0981659517 0.4909681678 0.1116532385 0.8639929295
-335.3 -130.4 2376.7 0 0 0 0 0 0 0 0 0
-320.0 62.1 2406.9 0 0 0 0 0 0 0 0 0
-553.5 -793.1 2617.2 0 0 0 0 0 0 0 0 0
-240.7 -811.3 2636.1 0 0 0 0 0 0 0 0 0
-292.9 478.5 2678.0 2 0.9967788458 0.0396401621 -0.0697182864 -0.0412842482 0.9988985658 -0.0223006383 0.0687574968 0.0251070708 0.9973174334
-300.9 277.6 2673.0 0.9967788458 0.0396401621 -0.0697182864 -0.0412842482 0.9988985658 -0.0223006383 0.0687574968 0.0251070708 0.9973174334
-308.9 82.0 2667.9 0.9967131019 0.0412071981 -0.0697495118 -0.0429085754 0.9988125563 -0.0230721626 0.0687159523 0.0259891786 0.9972977042
-442.9 283.7 2663.2 0.3271021545 -0.0233436711 -0.9447005987 0.7865561247 0.5608154535 0.2584868968 0.5237686634 -0.8276116848 0.2018050551
-599.8 -93.4 2412.0 -0.9787987471 -0.0233436711 -0.2034896612 0.1556813270 0.5608154535 -0.8131724000 0.1331025809 -0.8276116848 -0.5452913046
-158.9 271.4 2682.8 0.2306901067 0.4311045408 0.8723135591 -0.8108645082 0.5807188153 -0.0725565851 -0.5378483534 -0.6905900240 0.4835334420
-90.2 29.9 2522.6 -0.8834225535 0.4311045408 0.1836123616 0.1159056053 0.5807188153 -0.8058111072 -0.4540159702 -0.6905900240 -0.5629875064
-396.5 -108.4 2654.7 0.9613252878 0.2030489594 0.1860774457 -0.1992666423 0.9791684747 -0.0390111282 -0.1901223511 0.0004233542 0.9817603230
-476.0 -491.8 2654.5 0.9554022551 0.2487494200 0.1591549516 -0.2233806998 0.9612667561 -0.1614535749 -0.1931518465 0.1187009588 0.9739622474
-216.5 -115.6 2669.2 0.8757503033 0.0714796558 -0.4774432182 -0.0638742745 0.9974393249 0.0321686566 0.4785200655 0.0023246293 0.8780735135
-244.5 -506.2 2668.3 0.8757762313 -0.0074758762 -0.4826594293 -0.0439688936 0.9944881797 -0.0951842591 0.4807106555 0.1045821160 0.8706203699
-349.1 -133.3 2377.9 0 0 0 0 0 0 0 0 0
-323.5 60.5 2402.6 0 0 0 0 0 0 0 0 0
-554.1 -793.6 2617.3 0 0 0 0 0 0 0 0 0
-242.2 -810.6 2636.3 0 0 0 0 0 0 0 0 0
-299.4 478.6 2676.6 3 0.9977445006 0.0328222401 -0.0585545562 -0.0343120582 0.9991078377 -0.0246216338 0.0576941818 0.0265752263 0.9979805350
-306.0 276.9 2671.3 0.9977445006 0.0328222401 -0.0585545562 -0.0343120582 0.9991078377 -0.0246216338 0.0576941818 0.0265752263 0.9979805350
-312.3 81.2 2665.9 0.9977652431 0.0321195163 -0.0585903302 -0.0336729959 0.9991018176 -0.0257222708 0.0577115193 0.0276376996 0.9979506731
-448.2 281.7 2663.0 0.3254242837 -0.0377177112 -0.9448155165 0.7885279059 0.5622714758 0.2491476089 0.5218455791 -0.8260921240 0.2127182633
-604.2 -96.4 2412.8 -0.9786970615 -0.0377177112 -0.2018152326 0.1461701095 0.5622714758 -0.8139318824 0.1441746056 -0.8260921240 -0.5447802544
-163.8 272.1 2679.5 0.2465920597 0.4276171327 0.8696757555 -0.8076252937 0.5866890550 -0.0594754107 -0.5356619954 -0.6877059937 0.4900272787
-91.6 35.4 2522.5 -0.8700531125 0.4276171327 0.2452573180 0.0607145801 0.5866890550 -0.8075330853 -0.4892047644 -0.6877059937 -0.5364132524
-407.1 -109.7 2656.6 0.9640412331 0.1804730296 0.1950741857 -0.1739275008 0.9834718108 -0.0503236949 -0.2009320259 0.0145853534 0.9794965982
-477.7 -494.8 2650.9 0.9536265135 0.2449551672 0.1749098450 -0.2192363441 0.9634457231 -0.1539731622 -0.2062326670 0.1084863022 0.9724704623
-226.9 -117.5 2669.0 0.8813163042 0.0642249957 -0.4681418240 -0.0595804863 0.9979168773 0.0247402638 0.4687555730 0.0060881195 0.8833069205
-252.1 -508.3 2666.6 0.8807191849 -0.0328047723 -0.4725013971 -0.0170405749 0.9947580695 -0.1008267328 0.4733321965 0.0968517363 0.8755434752
-353.6 -133.9 2375.9 0 0 0 0 0 0 0 0 0
-322.5 51.5 2392.7 0 0 0 0 0 0 0 0 0
-553.1 -791.2 2617.5 0 0 0 0 0 0 0 0 0
-242.1 -810.5 2637.2 0 0 0 0 0 0 0 0 0
-307.2 477.8 2675.5 4 0.9978817105 0.0227522608 -0.0609456897 -0.0240188986 0.9995087981 -0.0201316159 0.0604577139 0.0215528198 0.9979380369
-311.8 275.8 2671.1 0.9978817105 0.0227522608 -0.0609456897 -0.0240188986 0.9995087981 -0.0201316159 0.0604577139 0.0215528198 0.9979380369
-315.8 80.1 2666.4 0.9979293346 0.0203938950 -0.0610013455 -0.0218143016 0.9995040894 -0.0227101557 0.0605079457 0.0239938311 0.9978792667
-454.0 278.9 2662.5 0.3147945106 -0.0420672782 -0.9482271671 0.7941833735 0.5587629080 0.2388656884 0.5197857022 -0.8282598257 0.2093046308
-605.0 -101.9 2413.2 -0.9807217717 -0.0420672782 -0.1908276528 0.1352417320 0.5587629080 -0.8182259202 0.1410479546 -0.8282598257 -0.5423016548
-169.6 272.7 2679.7 0.2621419132 0.4159710407 0.8707753420 -0.7920980453 0.6081691384 -0.0520669743 -0.5512370467 -0.6760905385 0.4889164865
-93.6 43.0 2519.9 -0.8496410251 0.4159710407 0.3241576552 -0.0050994591 0.6081691384 -0.7937911153 -0.5273367763 -0.6760905385 -0.5146042109
-408.8 -111.4 2655.2 0.9628581405 0.1893408149 0.1924948841 -0.1836626977 0.9818606377 -0.0470930487 -0.1979197711 0.0099897943 0.9801673293
-482.9 -495.9 2651.3 0.9576227665 0.2310733795 0.1719410270 -0.2067715824 0.9671145678 -0.1481046081 -0.2005096972 0.1062758267 0.9739103317
-228.4 -117.5 2665.7 0.8798539639 0.0760341883 -0.4691224098 -0.0602577254 0.9970002174 0.0485760309 0.4714085758 -0.0144715635 0.8817961812
-258.2 -507.9 2671.3 0.8782618642 -0.0530307107 -0.4752303362 -0.0045105196 0.9928684831 -0.1191294715 0.4781587422 0.1067704037 0.8717592955
-353.8 -136.6 2377.1 0 0 0 0 0 0 0 0 0
-320.2 41.7 2379.3 0 0 0 0 0 0 0 0 0
-553.5 -791.4 2618.8 0 0 0 0 0 0 0 0 0
-242.0 -810.3 2638.8 0 0 0 0 0 0 0 0 0
-313.9 481.3 2675.4 5 0.9964663386 0.0199153554 -0.0815980434 -0.0216877051 0.9995464683 -0.0208919719 0.0811449662 0.0225878209 0.9964463115
-317.9 279.5 2670.8 0.9964663386 0.0199153554 -0.0815980434 -0.0216877051 0.9995464683 -0.0208919719 0.0811449662 0.0225878209 0.9964463115
-321.8 83.7 2665.6 0.9964573979 0.0200326201 -0.0816786140 -0.0221356414 0.9994442463 -0.0249237455 0.0811339319 0.0266434588 0.9963470101
-459.9 282.6 2659.2 0.3040165007 -0.0247948617 -0.9523440599 0.7930272222 0.5605309606 0.2385640740 0.5279031992 -0.8277621865 0.1900736541
-605.7 -97.6 2406.1 -0.9834111333 -0.0247948617 -0.1796880513 0.1351543367 0.5605309606 -0.8170301914 0.1209788695 -0.8277621865 -0.5478812456
-175.9 276.3 2682.4 0.2607224882 0.3965617120 0.8802059889 -0.7799931765 0.6237875223 -0.0499979258 -0.5688887835 -0.6735190749 0.4719508588
-100.6 51.0 2518.0 -0.8152066469 0.3965617120 0.4221101105 -0.0980628282 0.6237875223 -0.7754178047 -0.5708080530 -0.6735190749 -0.4696277678
-410.0 -113.7 2656.2 0.9656310081 0.1938817054 0.1731088012 -0.1890234500 0.9809735417 -0.0442838743 -0.1784009933 0.0100402609 0.9839066267
-485.9 -497.9 2652.3 0.9622634053 0.2254909575 0.1523251235 -0.2040005326 0.9682333469 -0.1445959955 -0.1800913513 0.1080650315 0.9776957631
-229.6 -117.7 2667.2 0.8689144254 0.0856288448 -0.4874991477 -0.0733912587 0.9963236451 0.0441915132 0.4894910157 -0.0026204661 0.8720043898
-263.1 -507.8 2668.2 0.8661836386 -0.0692202598 -0.4949085414 0.0141085610 0.9933527112 -0.1142423823 0.4995266199 0.0919724330 0.8614024520
-353.9 -132.3 2375.1 0 0 0 0 0 0 0 0 0
-313.8 25.3 2368.7 0 0 0 0 0 0 0 0 0
-554.5 -792.4 2619.4 0 0 0 0 0 0 0 0 0
-242.0 -811.5 2640.1 0 0 0 0 0 0 0 0 0
-320.1 481.4 2674.8 6 0.9970510602 0.0291320644 -0.0709961206 -0.0307685565 0.9992828965 -0.0220666677 0.0703023672 0.0241860431 0.9972324967
-325.9 280.4 2670.0 0.9970510602 0.0291320644 -0.0709961206 -0.0307685565 0.9992828965 -0.0220666677 0.0703023672 0.0241860431 0.9972324967
-331.9 84.7 2664.7 0.9970091581 0.0303482804 -0.0710752010 -0.0321767479 0.9991763830 -0.0247235056 0.0702663437 0.0269365311 0.9971644878
-468.0 285.0 2659.9 0.3177195489 -0.0281902626 -0.9477655888 0.7895912528 0.5612857938 0.2479998916 0.5249761343 -0.8271418214 0.2005902380
-620.3 -93.6 2408.2 -0.9806345701 -0.0281902626 -0.1938071102 0.1449047327 0.5612857938 -0.8148379326 0.1317516714 -0.8271418214 -0.5463313460
-183.8 275.8 2680.0 0.2618572414 0.3424440324 0.9023097157 -0.7656580806 0.6428787708 -0.0217850879 -0.5875359774 -0.6851561666 0.4305374920
-110.3 60.9 2515.0 -0.7868464589 0.3424440324 0.5134245157 -0.2022716850 0.6428787708 -0.7387780547 -0.5830598474 -0.6851561666 -0.4365801811
-415.8 -110.0 2653.0 0.9649707079 0.1864751130 0.1845495254 -0.1820822358 0.9824437499 -0.0406247713 -0.1888850331 0.0055985251 0.9819832444
-488.8 -494.8 2650.8 0.9612536430 0.2212301791 0.1644647717 -0.1990493983 0.9697774053 -0.1411067098 -0.1907112896 0.1029027179 0.9762377739
-235.7 -114.0 2667.7 0.8744024038 0.0727453455 -0.4797171056 -0.0706641600 0.9972481132 0.0224220678 0.4800280929 0.0142928949 0.8771366477
-264.2 -504.5 2662.1 0.8717300892 -0.0697166845 -0.4850012362 0.0245455299 0.9947966337 -0.0988798440 0.4893711507 0.0742919222 0.8689053655
-369.2 -130.7 2374.5 0 0 0 0 0 0 0 0 0
-312.9 8.8 2364.9 0 0 0 0 0 0 0 0 0
-557.1 -794.0 2619.1 0 0 0 0 0 0 0 0 0
-242.6 -811.7 2639.2 0 0 0 0 0 0 0 0 0
-329.6 483.6 2674.0 7 0.9974206090 0.0276326202 -0.0662461072 -0.0290367343 0.9993716478 -0.0203269478 0.0656427890 0.0221980866 0.9975962639
-335.1 282.9 2669.6 0.9974206090 0.0276326202 -0.0662461072 -0.0290367343 0.9993716478 -0.0203269478 0.0656427890 0.0221980866 0.9975962639
-340.7 87.2 2664.9 0.9973969460 0.0283636283 -0.0662933588 -0.0298812296 0.9993110299 -0.0220136624 0.0656232983 0.0239372868 0.9975572824
-477.3 287.1 2660.2 0.3185445666 -0.0332966484 -0.9473229051 0.7917386889 0.5588791370 0.2465846241 0.5212285519 -0.8285803795 0.2043901682
-630.0 -92.5 2410.3 -0.9803035855 -0.0332966484 -0.1946694851 0.1432158053 0.5588791370 -0.8167884350 0.1359930336 -0.8285803795 -0.5431026220
-193.0 278.6 2678.9 0.2664558291 0.2698795497 0.9252925515 -0.7493933439 0.6617325544 0.0227951091 -0.6061442494 -0.6994819641 0.3785684407
-117.9 67.4 2508.1 -0.7684829235 0.2698795497 0.5801715255 -0.2896761894 0.6617325544 -0.6915184259 -0.5705450773 -0.6994819641 -0.4303524792
-427.9 -108.0 2653.1 0.9690568447 0.1597614884 0.1881624609 -0.1542113870 0.9870633483 -0.0438722745 -0.1927373707 0.0134979337 0.9811575413
-490.5 -494.5 2647.8 0.9606797695 0.2179103941 0.1720739752 -0.1955649704 0.9709643126 -0.1377773732 -0.1971008182 0.0987082943 0.9754014015
-247.7 -113.9 2665.8 0.8779399395 0.0457611568 -0.4765788615 -0.0481924862 0.9988126159 0.0071272906 0.4763391316 0.0167101864 0.8791028261
-265.6 -504.9 2659.2 0.8753185868 -0.0678160116 -0.4787674844 0.0267567765 0.9953924417 -0.0920756832 0.4828057587 0.0677852854 0.8731001019
-379.0 -129.2 2375.5 0 0 0 0 0 0 0 0 0
-314.8 -6.8 2361.9 0 0 0 0 0 0 0 0 0
-557.5 -793.2 2617.4 0 0 0 0 0 0 0 0 0
-244.8 -810.5 2638.4 0 0 0 0 0 0 0 0 0
-337.9 488.1 2674.7 8 0.9978794456 0.0159374494 -0.0631080568 -0.0171009935 0.9996927977 -0.0179402772 0.0628027469 0.0189814437 0.9978454113
-341.1 285.6 2670.8 0.9978794456 0.0159374494 -0.0631080568 -0.0171009935 0.9996927977 -0.0179402772 0.0628027469 0.0189814437 0.9978454113
-344.7 89.8 2666.7 0.9978362322 0.0183486436 -0.0631362498 -0.0196205247 0.9996156693 -0.0195842963 0.0627526417 0.0207806863 0.9978127480
-483.3 288.4 2661.9 0.3120646477 -0.0413806476 -0.9491592646 0.7965033650 0.5559782386 0.2376353592 0.5178784132 -0.8301661611 0.2064609826
-633.0 -93.6 2413.5 -0.9812929630 -0.0413806476 -0.1880205870 0.1337409914 0.5559782386 -0.8203666806 0.1384826601 -0.8301661611 -0.5400432944
-198.9 282.8 2679.8 0.2274472266 0.2243802845 0.9475870728 -0.7479901910 0.6633294225 0.0224678647 -0.6235210299 -0.7138960958 0.3187066913
-133.8 68.4 2501.0 -0.7234120965 0.2243802845 0.6529383063 -0.3774627745 0.6633294225 -0.6461547613 -0.5780975223 -0.7138960958 -0.3951653242
-436.4 -105.9 2654.3 0.9705721736 0.1449356228 0.1923104525 -0.1411451846 0.9894273281 -0.0333402343 -0.1951094121 0.0052154087 0.9807676077
-493.1 -493.3 2652.3 0.9612930417 0.2138148546 0.1737783998 -0.1886715144 0.9704603553 -0.1503652483 -0.2007953674 0.1117580235 0.9732375741
-256.1 -111.3 2666.2 0.8798473477 0.0328677855 -0.4741185009 -0.0358236320 0.9993541837 0.0027993696 0.4739043415 0.0145216286 0.8804565668
-269.0 -502.6 2660.5 0.8769276738 -0.0730289742 -0.4750417471 0.0307081733 0.9948826432 -0.0962576717 0.4796403646 0.0698233470 0.8746826649
-381.7 -127.8 2378.1 0 0 0 0 0 0 0 0 0
-317.2 -27.3 2354.4 0 0 0 0 0 0 0 0 0
-559.5 -794.4 2617.6 0 0 0 0 0 0 0 0 0
-246.4 -810.2 2638.9 0 0 0 0 0 0 0 0 0
-345.2 487.9 2675.5 9 0.9988937974 0.0134442681 -0.0450604074 -0.0148699423 0.9993945360 -0.0314547680 0.0446102396 0.0320900194 0.9984889627
-347.9 285.7 2669.0 0.9988937974 0.0134442681 -0.0450604074 -0.0148699423 0.9993945360 -0.0314547680 0.0446102396 0.0320900194 0.9984889627
-351.1 90.0 2662.7 0.9988503456 0.0163604785 -0.0450589173 -0.0177831110 0.9993501306 -0.0313549750 0.0445166528 0.0321202166 0.9984921217
-490.2 288.2 2662.6 0.3195531070 -0.0577199198 -0.9458087683 0.7912477255 0.5654371381 0.2328258008 0.5213567615 -0.8227692246 0.2263579667
-643.5 -91.2 2412.6 -0.9789616466 -0.0577199198 -0.1957102269 0.1295054555 0.5654371381 -0.8145607114 0.1576782167 -0.8227692246 -0.5460662842
-205.6 283.2 2675.3 0.2038892359 0.1956769526 0.9592391253 -0.7443334460 0.6674437523 0.0220572986 -0.6359220743 -0.7184910178 0.2817335129
-147.2 70.1 2493.3 -0.7154590487 0.1956769526 0.6706928611 -0.4039109945 0.6674437523 -0.6255995035 -0.5700651407 -0.7184910178 -0.3984925747
-438.5 -104.2 2657.0 0.9672370553 0.1430391073 0.2097435147 -0.1362563372 0.9895809293 -0.0465167910 -0.2142119110 0.0164138768 0.9766492844
-494.5 -491.7 2650.6 0.9577516317 0.2144496441 0.1916328818 -0.1847281456 0.9694136977 -0.1615940630 -0.2204253227 0.1193669885 0.9680724144
-258.1 -107.7 2668.3 0.8885689974 0.0336756259 -0.4575052857 -0.0321173631 0.9994214773 0.0111859981 0.4576173127 0.0047543319 0.8891365528
-271.3 -499.1 2666.5 0.8853834271 -0.0789210796 -0.4581131935 0.0293325838 0.9930040836 -0.1143786535 0.4639351666 0.0878313184 0.8815042973
-392.8 -124.4 2372.2 0 0 0 0 0 0 0 0 0
-326.8 -31.3 2350.2 0 0 0 0 0 0 0 0 0
-561.3 -793.4 2613.4 0 0 0 0 0 0 0 0 0
-246.6 -810.4 2639.0 0 0 0 0 0 0 0 0 0
-352.9 487.7 2676.4 0 0.9949639440 0.0009311008 -0.1002290249 -0.0050387010 0.9991571903 -0.0407367982 0.1001066267 0.0410366692 0.9941300750
-353.1 285.4 2668.1 0.9949639440 0.0009311008 -0.1002290249 -0.0050387010 0.9991571903 -0.0407367982 0.1001066267 0.0410366692 0.9941300750
-353.6 89.8 2660.1 0.9949604273 0.0028331121 -0.1002281979 -0.0069044218 0.9991639256 -0.0402968749 0.1000302285 0.0407858156 0.9941481352
-494.7 286.4 2653.8 0.2803797126 -0.0182478726 -0.9597157240 0.7908412218 0.5710415840 0.2201855481 0.5440196395 -0.8207182884 0.1745396405
-629.0 -92.4 2393.2 -0.9876364470 -0.0182478726 -0.1556962281 0.1175304130 0.5710415840 -0.8124642372 0.1037347615 -0.8207182884 -0.5618367791
-211.5 284.4 2682.3 0.1894787401 0.1328513920 0.9728557467 -0.7098316550 0.7031039000 0.0422361493 -0.6784075499 -0.6985666752 0.2275253683
-156.1 76.6 2483.7 -0.7096700668 0.1328513920 0.6918951869 -0.4245387018 0.7031039000 -0.5704487562 -0.5622591376 -0.6985666752 -0.4425712526
-444.6 -104.1 2652.4 0.9787755013 0.1301871389 0.1582712531 -0.1267386973 0.9914284348 -0.0317334868 -0.1610459089 0.0110008670 0.9868856072
-495.6 -492.4 2648.1 0.9666652679 0.2128933966 0.1422487050 -0.1923162192 0.9704800248 -0.1455436498 -0.1690348238 0.1133352593 0.9790722132
-264.1 -107.3 2660.4 0.8619849682 0.0364806093 -0.5056194663 -0.0271302424 0.9992976785 0.0258477498 0.5062073469 -0.0085627930 0.8623692989
-278.4 -498.7 2663.8 0.8570302725 -0.0996618718 -0.5055359602 0.0444800258 0.9917635322 -0.1201107129 0.5133425593 0.0804522708 0.8544043899
-376.5 -122.5 2366.7 0 0 0 0 0 0 0 0 0
-334.9 -30.3 2342.1 0 0 0 0 0 0 0 0 0
-561.7 -793.7 2612.9 0 0 0 0 0 0 0 0 0
-247.1 -809.4 2638.6 0 0 0 0 0 0 0 0 0
-359.2 485.6 2676.8 1 0.9973604083 0.0035498608 -0.0725234747 -0.0075414879 0.9984666705 -0.0548396781 0.0722175986 0.0552418567 0.9958578944
-359.9 284.1 2665.7 0.9973604083 0.0035498608 -0.0725234747 -0.0075414879 0.9984666705 -0.0548396781 0.0722175986 0.0552418567 0.9958578944
-360.9 88.6 2654.2 0.9973528385 0.0050616595 -0.0725375414 -0.0092920167 0.9982674718 -0.0581013486 0.0721177757 0.0586215667 0.9956719279
-501.8 285.4 2655.4 0.2966041565 -0.0407093167 -0.9541324377 0.7805975080 0.5859109759 0.2176599652 0.5501758456 -0.8093522787 0.2055612206
-644.0 -88.7 2391.7 -0.9842706919 -0.0407093167 -0.1719126254 0.1158530116 0.5859109759 -0.8020513654 0.1333764493 -0.8093522787 -0.5719786882
-217.9 282.8 2675.9 0.1650806516 0.0610808916 0.9843868613 -0.6910086274 0.7193266749 0.0712474361 -0.7037438750 -0.6919813752 0.1609543413
-170.9 86.0 2475.5 -0.6967418194 0.0610808916 0.7147166729 -0.4656952918 0.7193266749 -0.5154580474 -0.5455994010 -0.6919813752 -0.4727399051
-443.9 -105.3 2643.2 0.9710063338 0.1436326504 0.1910926849 -0.1442945451 0.9894788265 -0.0105213458 -0.1905933768 -0.0173573401 0.9815155864
-500.2 -492.6 2650.0 0.9649500847 0.2011604011 0.1685404330 -0.1761577278 0.9725258350 -0.1521905959 -0.1945246458 0.1171666160 0.9738748074
-264.4 -106.5 2661.3 0.8755518198 0.0564070493 -0.4798199832 -0.0403750204 0.9982295632 0.0436762981 0.4814341366 -0.0188681204 0.8762791753
-286.5 -497.4 2668.7 0.8677621484 -0.1213515177 -0.4819363952 0.0588437654 0.9879971743 -0.1428249925 0.4934838116 0.0955791697 0.8644873500
-392.2 -118.4 2357.6 0 0 0 0 0 0 0 0 0
-344.5 -30.1 2339.6 0 0 0 0 0 0 0 0 0
-563.0 -796.5 2613.4 0 0 0 0 0 0 0 0 0
-248.0 -810.7 2638.4 0 0 0 0 0 0 0 0 0
-365.3 482.0 2678.6 2 0.9977687597 0.0121825160 -0.0656438172 -0.0171902850 0.9969389439 -0.0762707815 0.0645137057 0.0772290379 0.9949239492
-367.8 281.3 2663.0 0.9977687597 0.0121825160 -0.0656438172 -0.0171902850 0.9969389439 -0.0762707815 0.0645137057 0.0772290379 0.9949239492
-370.2 86.2 2647.6 0.9977666736 0.0122428453 -0.0656641573 -0.0173598118 0.9968075752 -0.0779310986 0.0645004287 0.0788969696 0.9947939515
-509.9 283.8 2653.8 0.3059665859 -0.0426837169 -0.9510849118 0.7670456767 0.6028013825 0.2197075486 0.5639373660 -0.7967487574 0.2171774358
-656.6 -83.9 2383.5 -0.9824648499 -0.0426837169 -0.1814964265 0.1195462272 0.6028013825 -0.7888847589 0.1430788338 -0.7967487574 -0.5871284604
-225.7 278.9 2672.2 0.1411353648 0.0604989827 0.9881399870 -0.6772025824 0.7339718938 0.0517868660 -0.7221339941 -0.6764799356 0.1445594579
-185.5 85.9 2466.4 -0.7050319910 0.0604989827 0.7065902352 -0.4483284354 0.7339718938 -0.5101831555 -0.5494829416 -0.6764799356 -0.4903502464
-452.0 -106.1 2636.3 0.9690325260 0.1367967874 0.2055787444 -0.1437566578 0.9894260764 0.0192362014 -0.2007735223 -0.0481938161 0.9784514904
-505.5 -493.3 2655.2 0.9665650725 0.1855737567 0.1769586205 -0.1572054774 0.9740540981 -0.1628038734 -0.2025793940 0.1295416653 0.9706598520
-271.9 -107.7 2649.3 0.8802511096 0.0542860888 -0.4713926315 -0.0303961281 0.9978448153 0.0581529401 0.4735336006 -0.0368606783 0.8800041080
-293.1 -498.5 2663.7 0.8694040179 -0.1429928243 -0.4729584754 0.0878693312 0.9866951108 -0.1367907971 0.4862259030 0.0773679242 0.8704013824
-405.1 -114.5 2346.9 0 0 0 0 0 0 0 0 0
-358.9 -24.4 2331.2 0 0 0 0 0 0 0 0 0
-563.0 -795.3 2615.0 0 0 0 0 0 0 0 0 0
-247.7 -811.6 2639.2 0 0 0 0 0 0 0 0 0
-372.4 482.5 2679.9 3 0.9995263219 0.0171576049 -0.0255483240 -0.0191456508 0.9966333508 -0.0797211304 0.0240944866 0.0801725090 0.9964897633
-375.9 281.0 2663.7 0.9995263219 0.0171576049 -0.0255483240 -0.0191456508 0.9966333508 -0.0797211304 0.0240944866 0.0801725090 0.9964897633
-379.4 85.9 2647.7 0.9995073676 0.0181906428 -0.0255769510 -0.0202169120 0.9964817166 -0.0813352838 0.0240074228 0.0818122998 0.9963585734
-518.1 283.9 2660.3 0.3305399716 -0.0732145086 -0.9409478903 0.7643740177 0.6055719256 0.2213932574 0.5536024570 -0.7924154401 0.2561289966
-676.6 -82.5 2395.0 -0.9755260944 -0.0732145086 -0.2073366195 0.1216975302 0.6055719256 -0.7864301205 0.1831353307 -0.7924154401 -0.5818411708
-233.6 278.1 2667.1 0.1301310807 0.0145180821 0.9913905263 -0.6632766724 0.7444888949 0.0761600584 -0.7369735241 -0.6674769521 0.1065106541
-197.3 93.3 2461.7 -0.6652846336 0.0145180821 0.7464486361 -0.4911500216 0.7444888949 -0.4522255361 -0.5622881651 -0.6674769521 -0.4881664813
-462.8 -107.4 2626.3 0.9620863199 0.1128506735 0.2483034134 -0.1268088073 0.9910834432 0.0409039333 -0.2414733618 -0.0708401725 0.9678183198
-507.0 -495.3 2654.1 0.9580205679 0.1859893054 0.2181846201 -0.1494844258 0.9734356403 -0.1734286249 -0.2446445376 0.1335329860 0.9603738785
-282.5 -110.6 2638.0 0.8996335268 0.0467419326 -0.4341367483 -0.0142898243 0.9968729615 0.0777178258 0.4364118874 -0.0637138262 0.8974882960
-300.8 -500.8 2662.9 0.8850106597 -0.1690116823 -0.4338100255 0.1175891533 0.9827164412 -0.1429724842 0.4504762888 0.0755208209 0.8895885348
-427.0 -113.6 2348.1 0 0 0 0 0 0 0 0 0
-360.2 -27.0 2324.0 0 0 0 0 0 0 0 0 0
-563.9 -793.3 2613.2 0 0 0 0 0 0 0 0 0
-247.5 -810.9 2639.1 0 0 0 0 0 0 0 0 0
-383.5 488.7 2688.6 4 0.9996709228 0.0040723314 -0.0253272858 -0.0067714974 0.9941909313 -0.1074175090 0.0247427188 0.1075536609 0.9938913584
-384.3 287.7 2666.8 0.9996709228 0.0040723314 -0.0253272858 -0.0067714974 0.9941909313 -0.1074175090 0.0247427188 0.1075536609 0.9938913584
-385.5 93.1 2645.3 0.9996622801 0.0057596881 -0.0253405310 -0.0085172215 0.9938845038 -0.1100955606 0.0245514438 0.1102742106 0.9935979247
-526.7 288.9 2663.3 0.3208135962 -0.0798620209 -0.9437693954 0.7519860864 0.6272915006 0.2025395036 0.5758433342 -0.7746788859 0.2612987757
-680.5 -71.5 2387.4 -0.9771485925 -0.0798620209 -0.1969840974 0.1043127328 0.6272915006 -0.7717669606 0.1852013171 -0.7746788859 -0.6046263576
