-63.7 464.4 2414.4 11 0.1282009333 -0.0323207974 0.9912214279 -0.1301368177 0.9902784824 0.0491214693 -0.9831728935 -0.1352918148 0.1227485090
-57.3 268.5 2441.2 0.1282009333 -0.0323207974 0.9912214279 -0.1301368177 0.9902784824 0.0491214693 -0.9831728935 -0.1352918148 0.1227485090
-50.3 75.2 2472.1 0.1289699823 -0.0361577086 0.9909890890 -0.1523395479 0.9867501259 0.0558289252 -0.9798772335 -0.1581670940 0.1217528880
-75.7 290.2 2580.7 0.2251726985 -0.6398961544 0.7347313762 0.8295709491 0.5214065313 0.1998680085 -0.5109885335 0.5645070076 0.6482457519
-138.1 60.5 2722.2 0.7068844438 -0.6398961544 0.3014089167 0.6875088811 0.5214065313 -0.5054371953 0.1662707180 0.5645070076 0.8085084558
-39.0 246.7 2301.7 -0.2119721621 0.0030115142 0.9772710800 -0.9415121078 0.2674201727 -0.2050400376 -0.2619594634 -0.9635753036 -0.0538502559
-98.7 -18.6 2227.9 -0.5842348337 -0.0180501789 0.8113839030 -0.7904936671 0.2390939295 -0.5638739467 -0.1838189512 -0.9708286524 -0.1539555490
-36.4 -107.3 2577.6 0.9759461880 0.1378773451 -0.1688752770 -0.0697484538 0.9313703775 0.3573295772 0.2065530866 -0.3369556367 0.9185841084
-79.0 -395.4 2681.8 0.9536334872 0.2519499958 -0.1646341085 -0.1729641259 0.9064385295 0.3852955103 0.2463058978 -0.3389548957 0.9079884291
-18.7 -133.7 2391.6 -0.1334492266 -0.0397663228 0.9902575016 -0.0108863255 0.9991931915 0.0386580937 -0.9909958839 -0.0056213727 -0.1337744743
-3.1 -524.6 2393.8 -0.1536038220 -0.1123616323 0.9817233682 0.1491992921 0.9794860482 0.1354497969 -0.9768036604 0.1672780365 -0.1336885244
-315.1 -111.7 2680.6 0 0 0 0 0 0 0 0 0
-258.1 -234.2 2177.7 0 0 0 0 0 0 0 0 0
-140.3 -616.0 2764.3 0 0 0 0 0 0 0 0 0
30.6 -819.1 2343.5 0 0 0 0 0 0 0 0 0
-76.6 464.4 2429.9 12 0.2141032070 -0.0256602149 0.9764739275 -0.1200188994 0.9913894534 0.0523677059 -0.9694097638 -0.1284074187 0.2091799527
-71.6 267.7 2455.3 0.2141032070 -0.0256602149 0.9764739275 -0.1200188994 0.9913894534 0.0523677059 -0.9694097638 -0.1284074187 0.2091799527
-66.1 74.2 2484.9 0.2147052586 -0.0276681781 0.9762868881 -0.1423655897 0.9880356193 0.0593102165 -0.9662472010 -0.1517238766 0.2081974447
-102.0 288.0 2592.4 0.1572874784 -0.6905668974 0.7059589624 0.8177274466 0.4918769300 0.2989630103 -0.5536988974 0.5302588940 0.6420615911
-144.5 67.2 2741.9 0.6721736789 -0.6905668974 0.2670205235 0.7071259022 0.4918769300 -0.5079665780 0.2194436640 0.5302588940 0.8189444542
-41.1 247.4 2318.2 -0.2384136915 0.0710381567 0.9685620666 -0.9452291727 0.2119676024 -0.2482167780 -0.2229366302 -0.9746913910 0.0166113563
-108.5 -19.7 2255.2 -0.6585978270 0.0531868339 0.7506130934 -0.7308697104 0.1922063828 -0.6548940539 -0.1791043729 -0.9799121618 -0.0877140686
-54.0 -103.6 2595.6 0.9387988448 0.2034871280 -0.2779382467 -0.1495129913 0.9676117301 0.2034045458 0.3103265166 -0.1494005769 0.9388167858
-124.2 -437.4 2647.1 0.9434964657 0.1977285743 -0.2659281492 -0.1279558837 0.9576205015 0.2580509186 0.3056823015 -0.2094430774 0.9288120866
-31.6 -131.8 2414.5 -0.0485755242 -0.0531060435 0.9974067211 0.0399217159 0.9976843596 0.0550650842 -0.9980213642 0.0424930006 -0.0463429578
-10.8 -521.8 2397.9 -0.0681135580 -0.1414923519 0.9875932932 0.1716746241 0.9734647274 0.1513084173 -0.9827961922 0.1798508614 -0.0420155041
-314.4 -111.5 2686.5 0 0 0 0 0 0 0 0 0
-286.6 -217.4 2206.8 0 0 0 0 0 0 0 0 0
-179.3 -704.0 2705.4 0 0 0 0 0 0 0 0 0
32.5 -819.9 2342.8 0 0 0 0 0 0 0 0 0
-87.6 465.6 2453.6 13 0.2733835280 -0.0127108656 0.9618211389 -0.0863493457 0.9955513477 0.0377001576 -0.9580215216 -0.0933592245 0.2710697651
-85.1 269.4 2472.0 0.2733835280 -0.0127108656 0.9618211389 -0.0863493457 0.9955513477 0.0377001576 -0.9580215216 -0.0933592245 0.2710697651
-82.1 75.0 2493.8 0.2736204863 -0.0140965236 0.9617344141 -0.1039308012 0.9936048985 0.0441327356 -0.9562061429 -0.1120294482 0.2704055905
-124.0 284.3 2607.6 0.2324165106 -0.6711787581 0.7039187551 0.8818975687 0.4506383836 0.1384980083 -0.4101697505 0.5885950327 0.6966466904
-196.1 10.7 2734.8 0.6798096895 -0.6711787581 0.2955974638 0.6907889247 0.4506383836 -0.5654517412 0.2463116348 0.5885950327 0.7699912190
-46.2 254.5 2336.4 -0.2371389270 0.0424405821 0.9705482721 -0.9536539912 0.1803142875 -0.2408959270 -0.1852274835 -0.9826930165 -0.0022859068
-113.5 -16.1 2283.8 -0.6992471218 0.0424405821 0.7136191726 -0.6971732378 0.1803142875 -0.6938560605 -0.1581233740 -0.9826930165 -0.0964958072
-79.5 -106.1 2603.6 0.9178059697 0.2040578425 -0.3405768573 -0.1652662605 0.9763195515 0.1395964026 0.3609975874 -0.0718365535 0.9297958016
-154.5 -464.8 2629.9 0.9346261621 0.1355327368 -0.3287930489 -0.0738807172 0.9783582687 0.1932787895 0.3478730023 -0.1563519388 0.9244124889
-41.3 -132.1 2427.6 0.0146291805 -0.0651278049 0.9977697134 0.0633127317 0.9959343672 0.0640797243 -0.9978865385 0.0622340925 0.0186931230
-15.8 -521.8 2403.2 -0.0047717234 -0.1499391496 0.9886837006 0.1902222186 0.9705059528 0.1481004655 -0.9817294478 0.1887762994 0.0238907710
-369.0 -165.0 2672.2 0 0 0 0 0 0 0 0 0
-303.4 -205.4 2240.9 0 0 0 0 0 0 0 0 0
-193.6 -747.3 2675.1 0 0 0 0 0 0 0 0 0
29.6 -815.9 2346.0 0 0 0 0 0 0 0 0 0
-100.7 469.5 2473.9 14 0.3410991728 -0.0204956681 0.9398038387 -0.0649220794 0.9968614578 0.0453032888 -0.9377827644 -0.0764669329 0.3386979997
-96.6 271.9 2489.1 0.3410991728 -0.0204956681 0.9398038387 -0.0649220794 0.9968614578 0.0453032888 -0.9377827644 -0.0764669329 0.3386979997
-93.2 77.0 2506.2 0.3413180411 -0.0158527773 0.9398141503 -0.0769228414 0.9960328341 0.0447376110 -0.9367949963 -0.0875629261 0.3387445509
-145.1 282.9 2621.9 0.2623402178 -0.6900968552 0.6744953394 0.9060069919 0.4167439640 0.0739984810 -0.3321579695 0.5916846991 0.7345612645
-232.4 -18.7 2732.4 0.6643919945 -0.6900968552 0.2869661748 0.6889874935 0.4167439640 -0.5929760933 0.2896195352 0.5916846991 0.7523494959
-48.1 260.9 2356.3 -0.2582156956 0.0379194357 0.9653428197 -0.9520699382 0.1596110761 -0.2609350681 -0.1639739126 -0.9864514470 -0.0051121297
-121.1 -8.0 2310.0 -0.7212132812 0.0379194357 0.6916744113 -0.6789143682 0.1596110761 -0.7166585922 -0.1375741810 -0.9864514470 -0.0893695727
-103.5 -109.9 2602.6 0.8954800963 0.2016458660 -0.3968051076 -0.1486183107 0.9757865071 0.1604782343 0.4195568264 -0.0847325623 0.9037656784
-180.0 -480.2 2634.7 0.9096878767 0.0766950920 -0.4081492126 -0.0381067060 0.9940683842 0.1018621549 0.4135405719 -0.0771095455 0.9072145820
-54.4 -128.9 2429.5 0.0868147388 -0.0804128870 0.9929738045 0.0577889755 0.9954650998 0.0755622089 -0.9945469499 0.0508230254 0.0910680220
-22.9 -518.5 2409.6 0.0616481788 -0.1668102294 0.9840598702 0.2104103565 0.9659500718 0.1505588591 -0.9756674767 0.1977747083 0.0946476609
-401.8 -194.3 2658.6 0 0 0 0 0 0 0 0 0
-316.5 -192.0 2272.7 0 0 0 0 0 0 0 0 0
-202.0 -765.2 2656.8 0 0 0 0 0 0 0 0 0
28.5 -816.4 2348.7 0 0 0 0 0 0 0 0 0
-114.3 469.6 2493.1 15 0.4384602904 -0.0128621822 0.8986585140 -0.0521015078 0.9978522658 0.0397025123 -0.8972390890 -0.0642294437 0.4368484616
-111.8 272.2 2505.8 0.4384602904 -0.0128621822 0.8986585140 -0.0521015078 0.9978522658 0.0397025123 -0.8972390890 -0.0642294437 0.4368484616
-111.3 76.9 2519.7 0.4385422766 -0.0006340178 0.8987103105 -0.0642224774 0.9974210858 0.0320421979 -0.8964129090 -0.0717692673 0.4373705983
-173.8 281.4 2632.5 0.3045011461 -0.7364048362 0.6041414738 0.9136801362 0.4050725400 0.0332384743 -0.2691980898 0.5418709517 0.7961835861
-278.7 -33.2 2725.2 0.6388337612 -0.7364048362 0.2227090597 0.6800013781 0.4050725400 -0.6111581922 0.3598465323 0.5418709517 0.7595303655
-49.7 262.9 2379.1 -0.2747562230 -0.0166862439 0.9613690972 -0.9494385719 0.1626706868 -0.2685230672 -0.1519059390 -0.9865393043 -0.0605373457
-127.4 -5.6 2336.2 -0.7405905724 -0.0166862439 0.6717493534 -0.6649025083 0.1626706868 -0.7290013433 -0.0971096382 -0.9865393043 -0.1315671057
-120.4 -110.9 2608.0 0.8544490337 0.1932842880 -0.4822427034 -0.1166755855 0.9758986235 0.1844144613 0.5062643886 -0.1013068035 0.8564071655
-195.0 -487.2 2647.0 0.8617420793 0.0309202746 -0.5064035058 -0.0178377256 0.9993705153 0.0306658447 0.5070329309 -0.0173929613 0.8617511988
-59.0 -124.9 2439.0 0.1940070540 -0.0642230511 0.9788956046 0.0512761399 0.9971545935 0.0552585758 -0.9796591401 0.0394734330 0.1967481375
-33.9 -515.3 2423.6 0.1568572521 -0.1944033802 0.9682990909 0.2563962340 0.9548356533 0.1501660794 -0.9537593126 0.2247135937 0.1996171772
-441.5 -206.4 2633.5 0 0 0 0 0 0 0 0 0
-327.8 -185.6 2309.9 0 0 0 0 0 0 0 0 0
-204.1 -781.5 2652.2 0 0 0 0 0 0 0 0 0
27.9 -818.9 2352.1 0 0 0 0 0 0 0 0 0
-129.6 471.8 2510.7 16 0.4716846943 -0.0369441472 0.8809930086 -0.0230144821 0.9982657433 0.0541839227 -0.8814669251 -0.0458333232 0.4700163901
-122.3 275.1 2519.7 0.4716846943 -0.0369441472 0.8809930086 -0.0230144821 0.9982657433 0.0541839227 -0.8814669251 -0.0458333232 0.4700163901
-116.9 79.7 2530.6 0.4721133709 -0.0263850633 0.8811429143 -0.0365281031 0.9981079698 0.0494591147 -0.8807806969 -0.0555367880 0.4702562988
-189.3 280.3 2644.6 0.2900489271 -0.7611507773 0.5801043510 0.9270306826 0.3739970624 0.0272087250 -0.2376672775 0.5298826694 0.8140875697
-291.0 -44.8 2727.9 0.6099678278 -0.7611507773 0.2204284519 0.6904552579 0.3739970624 -0.6191911697 0.3888582587 0.5298826694 0.7536667585
-55.4 269.9 2394.9 -0.2683584690 -0.0253556427 0.9629853964 -0.9562974572 0.1274896264 -0.2631379068 -0.1160986125 -0.9915157557 -0.0584604591
-132.6 -5.4 2361.4 -0.7503682375 -0.0253556427 0.6605336070 -0.6577779651 0.1274896264 -0.7423439622 -0.0653885752 -0.9915157557 -0.1123425514
-150.2 -112.4 2614.2 0.8440480828 0.1525864601 -0.5141013861 -0.0687946081 0.9815536737 0.1783808470 0.5318365693 -0.1151946113 0.8389756083
-209.4 -493.5 2658.9 0.8450056314 -0.0142259132 -0.5345681310 -0.0015458317 0.9995769262 -0.0290442519 0.5347551107 0.0253689084 0.8446261883
-71.5 -124.2 2453.2 0.2277442217 -0.0653619543 0.9715247750 0.0710596144 0.9961997867 0.0503642783 -0.9711246490 0.0575660057 0.2315233350
-45.9 -514.3 2430.7 0.1850961596 -0.2210803777 0.9575295448 0.2779299021 0.9463633299 0.1647767425 -0.9425997734 0.2356265634 0.2366130799
-446.7 -221.1 2628.7 0 0 0 0 0 0 0 0 0
-335.8 -183.5 2343.7 0 0 0 0 0 0 0 0 0
-205.2 -794.2 2651.2 0 0 0 0 0 0 0 0 0
26.1 -822.6 2353.9 0 0 0 0 0 0 0 0 0
-145.7 476.5 2528.5 17 0.4964540899 -0.0598338768 0.8659983873 -0.0047901403 0.9974176288 0.0716600046 -0.8680497408 -0.0397241563 0.4948854446
-133.9 279.3 2536.3 0.4964540899 -0.0598338768 0.8659983873 -0.0047901403 0.9974176288 0.0716600046 -0.8680497408 -0.0397241563 0.4948854446
-124.5 84.0 2545.5 0.4971037805 -0.0472387783 0.8664042354 -0.0168963373 0.9978005886 0.0640972331 -0.8675265908 -0.0465020351 0.4952122867
-204.5 281.7 2659.6 0.2771315873 -0.7812646031 0.5593065023 0.9357851148 0.3515099585 0.0273314714 -0.2179549038 0.5158162713 0.8285102844
-302.7 -49.7 2736.8 0.5853984356 -0.7812646031 0.2166433483 0.6994190812 0.3515099585 -0.6222971678 0.4100264311 0.5158162713 0.7522047162
-63.3 276.9 2413.1 -0.2366696149 -0.1928849667 0.9522514939 -0.9634231329 0.1734019816 -0.2043224424 -0.1257115602 -0.9657779932 -0.2268688083
-131.6 -1.4 2376.8 -0.7308133245 -0.1928849667 0.6547574401 -0.6821735501 0.1734019816 -0.7103316188 0.0234760512 -0.9657779932 -0.2583054900
-154.0 -112.3 2620.8 0.8286772966 0.1713087112 -0.5328670740 -0.0658752173 0.9752459526 0.2110823542 0.5558366776 -0.1398164183 0.8194491863
-220.8 -492.4 2675.3 0.8280012012 -0.0334703214 -0.5597264767 -0.0262894593 0.9948019385 -0.0983766988 0.5601096749 0.0961709321 0.8228172660
-69.1 -118.9 2462.3 0.2544650435 -0.0327185877 0.9665283561 0.0620130673 0.9979227185 0.0174547005 -0.9650916457 0.0554957762 0.2559654117
-56.3 -509.5 2440.6 0.2035237849 -0.2395160794 0.9493208528 0.2930220962 0.9400722980 0.1743619740 -0.9341927767 0.2426851690 0.2615105808
-452.3 -228.4 2632.0 0 0 0 0 0 0 0 0 0
-329.2 -185.8 2383.1 0 0 0 0 0 0 0 0 0
-210.7 -791.0 2646.4 0 0 0 0 0 0 0 0 0
23.0 -820.5 2360.3 0 0 0 0 0 0 0 0 0
-159.6 476.2 2546.4 18 0.5380896330 -0.0622004494 0.8405894637 0.0098497011 0.9976693988 0.0675186440 -0.8428300619 -0.0280515291 0.5374482274
-147.3 278.3 2551.9 0.5380896330 -0.0622004494 0.8405894637 0.0098497011 0.9976693988 0.0675186440 -0.8428300619 -0.0280515291 0.5374482274
-135.9 83.0 2559.2 0.5386717916 -0.0575506985 0.8405478001 0.0001498588 0.9976707697 0.0682125688 -0.8425157070 -0.0366182253 0.5374257565
-223.9 278.2 2671.7 0.2760060728 -0.8085992336 0.5196036100 0.9418829083 0.3352584541 0.0214092731 -0.1915130168 0.4834966362 0.8541392088
-322.1 -56.8 2739.8 0.5568857193 -0.8085992336 0.1898567080 0.7012826800 0.3352584541 -0.6291298866 0.4450628757 0.4834966362 0.7537572980
-70.7 278.3 2432.2 -0.2512462735 -0.1573019028 0.9550557137 -0.9624263048 0.1456077248 -0.2292030156 -0.1030094177 -0.9767571092 -0.1879748851
-147.0 -13.6 2401.0 -0.6846927404 -0.1915161014 0.7032193542 -0.7269234657 0.1096688882 -0.6779049039 0.0527084209 -0.9753431678 -0.2143070400
-159.9 -109.8 2632.9 0.8003529310 0.1827463359 -0.5709981918 -0.0698415115 0.9743464589 0.2139418125 0.5954471827 -0.1313495785 0.7925843596
-231.3 -490.5 2684.2 0.7982213497 -0.0618595332 -0.5991795063 -0.0185494348 0.9917168617 -0.1270966381 0.6020785570 0.1125656962 0.7904621363
-70.3 -112.8 2476.5 0.3004896045 -0.0093905441 0.9537388682 0.0624111257 0.9980020523 -0.0098371906 -0.9517409801 0.0624798872 0.3004752994
-66.7 -503.5 2452.0 0.2437675148 -0.2502661943 0.9369868040 0.3162838817 0.9338253140 0.1671369970 -0.9168106914 0.2556112409 0.3067914546
-464.4 -236.0 2626.0 0 0 0 0 0 0 0 0 0
-318.9 -196.1 2414.2 0 0 0 0 0 0 0 0 0
-212.2 -796.6 2649.5 0 0 0 0 0 0 0 0 0
18.0 -819.2 2365.6 0 0 0 0 0 0 0 0 0
-174.9 477.1 2573.3 19 0.5693966150 -0.0623071827 0.8196982741 0.0303767659 0.9980372787 0.0547621772 -0.8215014935 -0.0062816166 0.5701717734
-162.6 279.3 2574.6 0.5693966150 -0.0623071827 0.8196982741 0.0303767659 0.9980372787 0.0547621772 -0.8215014935 -0.0062816166 0.5701717734
-150.5 83.9 2578.9 0.5702147484 -0.0611629710 0.8192155957 0.0171515960 0.9978935122 0.0625647753 -0.8213165998 -0.0216245018 0.5700626373
-243.7 276.8 2691.4 0.2787200511 -0.8275268078 0.4873545766 0.9462741613 0.3232729137 0.0077386107 -0.1639524400 0.4590141177 0.8731698990
-343.1 -60.5 2749.8 0.5366088748 -0.8275268078 0.1650765985 0.6958278418 0.3232729137 -0.6413409114 0.4773620367 0.4590141177 0.7492873669
-81.5 281.7 2457.8 -0.2345020324 -0.1244694516 0.9641141891 -0.9652570486 0.1474160850 -0.2157482356 -0.1152718738 -0.9812114239 -0.1547143906
-154.2 -17.7 2422.0 -0.6295528412 -0.2207631171 0.7449341416 -0.7681979537 0.0332963876 -0.6393459439 0.1163403913 -0.9747589231 -0.1905516088
-173.1 -112.4 2642.4 0.7817490101 0.1666556448 -0.6009113193 -0.0531406924 0.9779255390 0.2020832896 0.6213248372 -0.1260455698 0.7733485103
-238.3 -494.9 2691.7 0.7797486186 -0.0766131431 -0.6213876009 -0.0225080550 0.9884131551 -0.1501093060 0.6256880164 0.1310337484 0.7689893842
-76.0 -112.3 2490.5 0.3360899687 0.0035348362 0.9418232441 0.0716266111 0.9970009923 -0.0293019116 -0.9391022921 0.0773076862 0.3348288536
-77.4 -502.7 2460.2 0.2769135535 -0.2615561485 0.9246119857 0.3285322785 0.9300227761 0.1646941006 -0.9029869437 0.2581588328 0.3434655368
-480.2 -238.4 2627.8 0 0 0 0 0 0 0 0 0
-310.2 -208.0 2450.9 0 0 0 0 0 0 0 0 0
-215.0 -795.4 2651.9 0 0 0 0 0 0 0 0 0
12.0 -820.4 2372.1 0 0 0 0 0 0 0 0 0
-192.6 478.4 2595.8 20 0.5326283574 -0.0923024938 0.8413009644 0.0663580671 0.9955295920 0.0672121868 -0.8437438607 0.0200279895 0.5363722444
-174.3 281.8 2591.8 0.5326283574 -0.0923024938 0.8413009644 0.0663580671 0.9955295920 0.0672121868 -0.8437438607 0.0200279895 0.5363722444
-156.7 86.9 2591.5 0.5341586471 -0.0901476145 0.8405640721 0.0496543050 0.9959272146 0.0752556399 -0.8439247608 0.0015391724 0.5364593863
-250.3 274.8 2711.8 0.2455253154 -0.8159428835 0.5234066248 0.9569188356 0.2903316915 0.0037184861 -0.1549956053 0.4999446869 0.8520749211
-337.9 -66.7 2767.1 0.5367660522 -0.8159428835 0.2147542536 0.7016632557 0.2903316915 -0.6506736279 0.4685625434 0.4999446869 0.7283573747
-98.4 288.8 2471.9 -0.1612860858 -0.1723685265 0.9717385769 -0.9791946411 0.1508099139 -0.1357727051 -0.1231448650 -0.9734194875 -0.1931058764
-147.3 -7.8 2434.6 -0.5594477654 -0.2651758790 0.7853024602 -0.8175373077 0.0204300638 -0.5755131245 0.1365684271 -0.9639835954 -0.2282207310
-189.8 -113.0 2657.2 0.8051922321 0.1465838552 -0.5746117234 -0.0663135871 0.9851475954 0.1583879143 0.5892944336 -0.0894281641 0.8029537201
-247.2 -498.3 2692.2 0.7994171381 -0.1078616753 -0.5910144448 0.0063076387 0.9852038622 -0.1712704450 0.6007432342 0.1331886351 0.7882692218
-87.0 -109.9 2509.1 0.2937938273 -0.0039822776 0.9558604956 0.1005329043 0.9945738912 -0.0267562848 -0.9505673647 0.1039562672 0.2926000059
-85.4 -499.3 2468.4 0.2383536696 -0.2657061219 0.9341240525 0.3261454403 0.9278860092 0.1807115823 -0.9147768617 0.2615870535 0.3078238666
-475.2 -246.3 2647.2 0 0 0 0 0 0 0 0 0
-290.4 -216.9 2469.5 0 0 0 0 0 0 0 0 0
-214.4 -797.8 2651.7 0 0 0 0 0 0 0 0 0
6.5 -820.1 2377.9 0 0 0 0 0 0 0 0 0
-208.3 480.0 2606.5 21 0.5378314257 -0.1266146451 0.8334903121 0.0927886516 0.9915416241 0.0907497406 -0.8379305601 0.0285303798 0.5450306535
-183.3 284.8 2600.9 0.5378314257 -0.1266146451 0.8334903121 0.0927886516 0.9915416241 0.0907497406 -0.8379305601 0.0285303798 0.5450306535
-159.5 90.6 2598.4 0.5397984982 -0.1220696867 0.8328964710 0.0770954639 0.9924407005 0.0954871476 -0.8382564783 0.0126687223 0.5451290011
-260.1 273.9 2720.2 0.2162080109 -0.8290925026 0.5156158805 0.9660281539 0.2582370043 0.0101613142 -0.1415757686 0.4959025085 0.8567596078
-337.3 -71.1 2770.8 0.5101577044 -0.8290925026 0.2287898511 0.7123461366 0.2582370043 -0.6525922418 0.4819773436 0.4959025085 0.7223423719
-106.6 295.8 2481.6 -0.1539563239 -0.1718325913 0.9730215669 -0.9822378159 0.1335235238 -0.1318347156 -0.1072677746 -0.9760353565 -0.1893372536
-155.9 -18.7 2447.3 -0.4429757297 -0.2749288082 0.8533385396 -0.8780631423 -0.0591673292 -0.4748730063 0.1810460389 -0.9596422911 -0.2151951641
-187.3 -112.5 2667.2 0.7947889566 0.1670921296 -0.5834301710 -0.0954401940 0.9838016033 0.1517416984 0.5993344188 -0.0649199337 0.7978619337
-252.7 -497.4 2692.6 0.7866204381 -0.1196078956 -0.6057410240 0.0066555813 0.9826430678 -0.1853868961 0.6174009442 0.1417975724 0.7737632394
-91.0 -103.6 2515.0 0.2993156016 0.0019344488 0.9541522264 0.0970883667 0.9947458506 -0.0324731730 -0.9492017627 0.1023568064 0.2975551486
-91.7 -493.1 2474.9 0.2457196414 -0.2599931359 0.9338229895 0.3216819763 0.9306364059 0.1744607836 -0.9144083261 0.2575255930 0.3123107553
-467.8 -253.3 2647.4 0 0 0 0 0 0 0 0 0
-266.6 -238.1 2492.5 0 0 0 0 0 0 0 0 0
-216.9 -791.4 2650.1 0 0 0 0 0 0 0 0 0
-0.6 -819.2 2384.6 0 0 0 0 0 0 0 0 0
-226.0 483.6 2621.9 22 0.5375611782 -0.1456065625 0.8305580616 0.1065137908 0.9888139367 0.1044118628 -0.8364704251 0.0323381238 0.5470570922
-197.3 288.1 2615.5 0.5375611782 -0.1456065625 0.8305580616 0.1065137908 0.9888139367 0.1044118628 -0.8364704251 0.0323381238 0.5470570922
-170.4 94.2 2611.9 0.5398880243 -0.1371364146 0.8304905295 0.0902257785 0.9903830290 0.1048847064 -0.8368872404 0.0183056612 0.5470691919
-274.1 275.2 2734.7 0.2019056529 -0.8335974216 0.5141492486 0.9699744582 0.2428668737 0.0128559452 -0.1355865002 0.4961159527 0.8576043844
-346.2 -71.3 2783.1 0.4986999929 -0.8335974216 0.2375155836 0.7171015143 0.2428668737 -0.6532848477 0.4868918955 0.4961159527 0.7188916802
-120.4 300.9 2496.3 -0.1043433398 -0.1709829420 0.9797332883 -0.9859045148 0.1473282725 -0.0792888626 -0.1307853758 -0.9741966724 -0.1839455813
-154.5 -20.9 2453.6 -0.3648405671 -0.2521740794 0.8962697983 -0.9208208323 -0.0447110906 -0.3874143362 0.1377690583 -0.9666483998 -0.2158947289
-184.3 -110.5 2671.6 0.7898453474 0.1806247383 -0.5861049294 -0.1185884923 0.9825921655 0.1430015117 0.6017317176 -0.0434437767 0.7975158691
-255.0 -495.0 2688.6 0.7823178172 -0.1096099988 -0.6131594777 0.0014846721 0.9847203493 -0.1741369367 0.6228777170 0.1353200823 0.7705269456
-86.9 -96.6 2520.3 0.2990647256 0.0327440128 0.9536708593 0.0826449990 0.9947668910 -0.0600719452 -0.9506471753 0.0967815295 0.2947935462
-99.7 -486.0 2482.4 0.2448207736 -0.2565975487 0.9349976182 0.3148484230 0.9331230521 0.1736428440 -0.9170241356 0.2518711388 0.3092372417
-473.9 -254.9 2658.5 0 0 0 0 0 0 0 0 0
-247.1 -254.7 2488.6 0 0 0 0 0 0 0 0 0
-222.1 -790.5 2648.0 0 0 0 0 0 0 0 0 0
-8.5 -817.8 2392.8 0 0 0 0 0 0 0 0 0
-241.5 479.8 2638.6 23 0.5392556787 -0.1663045436 0.8255580664 0.1398847252 0.9843776226 0.1069250479 -0.8304430246 0.0578230247 0.5540946722
-208.7 285.7 2627.2 0.5392556787 -0.1663045436 0.8255580664 0.1398847252 0.9843776226 0.1069250479 -0.8304430246 0.0578230247 0.5540946722
-177.7 92.6 2619.1 0.5421813726 -0.1586698145 0.8251443505 0.1221413985 0.9864612222 0.1094339639 -0.8313367963 0.0414512306 0.5542210340
-285.9 268.3 2745.6 0.1815847754 -0.8411163092 0.5094608665 0.9770935774 0.2127883434 0.0030511294 -0.1109736785 0.4972368777 0.8604884148
-350.8 -80.8 2785.2 0.4807013571 -0.8411163092 0.2478902936 0.7154846787 0.2127883434 -0.6654343009 0.5069594979 0.4972368777 0.7040934563
-131.6 303.1 2508.8 -0.0393570960 -0.1690881401 0.9848148227 -0.9860131145 0.1663142592 -0.0108495969 -0.1619542092 -0.9714673162 -0.1732687801
-144.0 -9.5 2457.5 -0.2852493823 -0.2053214312 0.9362028837 -0.9583922029 0.0500738397 -0.2810283601 0.0108218743 -0.9774127603 -0.2110619992
-192.3 -107.8 2683.9 0.7886452079 0.1598478258 -0.5937064886 -0.1187379211 0.9870322943 0.1080211774 0.6032744050 -0.0146949133 0.7973982692
-254.9 -494.0 2689.7 0.7836757898 -0.0899908319 -0.6146168709 -0.0275948588 0.9834297895 -0.1791768223 0.6205567718 0.1573768109 0.7682068944
-94.8 -91.5 2532.7 0.3020462990 0.0172655415 0.9531368613 0.1027569324 0.9934207797 -0.0505586341 -0.9477388859 0.1132124737 0.2982849181
-101.6 -480.4 2488.4 0.2587803602 -0.2348855734 0.9369426370 0.3053717017 0.9401296377 0.1513419151 -0.9163955450 0.2469514608 0.3150144815
-473.8 -263.9 2655.5 0 0 0 0 0 0 0 0 0
-218.0 -258.2 2460.3 0 0 0 0 0 0 0 0 0
-227.8 -789.3 2642.4 0 0 0 0 0 0 0 0 0
-17.6 -816.6 2400.1 0 0 0 0 0 0 0 0 0
-258.3 476.8 2646.9 24 0.5753105879 -0.2064526975 0.7914512157 0.1736469716 0.9763923883 0.1284702122 -0.7992900014 0.0635228232 0.5975787640
-217.5 283.9 2634.4 0.5753105879 -0.2064526975 0.7914512157 0.1736469716 0.9763923883 0.1284702122 -0.7992900014 0.0635228232 0.5975787640
-178.8 92.5 2624.3 0.5781989694 -0.1975884289 0.7916089892 0.1596693248 0.9788752198 0.1277067214 -0.8001198173 0.0525557771 0.5975334644
-299.7 261.1 2748.2 0.1493551582 -0.8723670244 0.4654769599 0.9852681756 0.1709630340 0.0042700842 -0.0833044350 0.4579818845 0.8850497007
-353.0 -90.7 2777.9 0.4272604287 -0.8723670244 0.2375379652 0.7218756080 0.1709630340 -0.6705723405 0.5443749428 0.4579818845 0.7027862072
-135.4 306.7 2520.6 0.0009427731 -0.1263162345 0.9919895530 -0.9827887416 0.1831340343 0.0242536310 -0.1847306788 -0.9749390483 -0.1239695251
-135.1 3.1 2463.5 -0.1875688285 -0.1331365407 0.9731868505 -0.9746516347 0.1482357979 -0.1675717980 -0.1219512001 -0.9799494147 -0.1575661600
-195.5 -111.5 2686.1 0.7617643476 0.1434404254 -0.6317752600 -0.0993087739 0.9895097613 0.1049199551 0.6401975155 -0.0171834566 0.7680181265
-251.7 -498.8 2692.8 0.7607412934 -0.0537881069 -0.6468226910 -0.0770877078 0.9820188284 -0.1723265797 0.6444611549 0.1809580177 0.7429158688
-97.6 -89.4 2535.9 0.3452950418 0.0176403560 0.9383283854 0.0876607224 0.9948459864 -0.0509611033 -0.9343912005 0.0998511612 0.3419690132
-104.5 -478.9 2496.8 0.3050362170 -0.2168802768 0.9273164868 0.3031558692 0.9451844692 0.1213376075 -0.9028008580 0.2441090494 0.3540640175
-462.2 -275.2 2638.9 0 0 0 0 0 0 0 0 0
-184.8 -255.1 2431.2 0 0 0 0 0 0 0 0 0
-235.7 -789.9 2639.2 0 0 0 0 0 0 0 0 0
-27.4 -815.1 2410.0 0 0 0 0 0 0 0 0 0
-271.5 475.2 2644.1 25 0.6500627398 -0.2407306433 0.7207407355 0.1963845789 0.9694924355 0.1466883272 -0.7340650558 0.0461857542 0.6775066853
-223.7 282.5 2634.9 0.6500627398 -0.2407306433 0.7207407355 0.1963845789 0.9694924355 0.1466883272 -0.7340650558 0.0461857542 0.6775066853
-178.4 92.3 2627.7 0.6527357697 -0.2317384034 0.7212719917 0.1854005158 0.9719799161 0.1445051581 -0.7345492840 0.0394005217 0.6774104834
-316.0 255.9 2739.0 0.1261663437 -0.9199548960 0.3711671233 0.9901674390 0.1395735890 0.0093639661 -0.0604195520 0.3663361669 0.9285188913
-361.0 -97.7 2760.5 0.3455821276 -0.9199548960 0.1850836575 0.7299186587 0.1395735890 -0.6691322327 0.5897387266 0.3663361669 0.7197263837
-131.3 309.0 2530.9 0.0129066370 -0.0311787855 0.9994304776 -0.9759040475 0.2173374593 0.0193829965 -0.2178180218 -0.9755984545 -0.0276224073
-127.4 9.4 2464.0 -0.1377561837 -0.0330612436 0.9899142385 -0.9705109000 0.2041159570 -0.1282389462 -0.1978175491 -0.9783883095 -0.0602045357
-192.2 -113.5 2686.4 0.6950499415 0.1392423660 -0.7053489685 -0.0764175206 0.9898166656 0.1200971827 0.7148887515 -0.0295725241 0.6986125708
-246.7 -501.1 2698.0 0.6972275376 -0.0152416937 -0.7166878581 -0.1355185062 0.9789434671 -0.1526578069 0.7039236426 0.2035616934 0.6804808378
-88.0 -84.6 2542.1 0.4365170598 0.0475626625 0.8984379172 0.0458599254 0.9961272478 -0.0750158727 -0.8985264301 0.0739480034 0.4326453209
-106.6 -474.4 2513.1 0.3991597593 -0.1925865561 0.8964273334 0.3155921400 0.9468089342 0.0628840774 -0.8608560562 0.2578046024 0.4387068152
-449.1 -283.6 2610.3 0 0 0 0 0 0 0 0 0
-164.8 -254.5 2410.2 0 0 0 0 0 0 0 0 0
-242.2 -793.1 2637.3 0 0 0 0 0 0 0 0 0
-37.3 -815.2 2420.3 0 0 0 0 0 0 0 0 0
-287.0 471.7 2650.2 26 0.6918026209 -0.2654587328 0.6715212464 0.2168316394 0.9634246826 0.1574704945 -0.6887620687 0.0366685577 0.7240595222
-234.4 280.9 2642.9 0.6918026209 -0.2654587328 0.6715212464 0.2168316394 0.9634246826 0.1574704945 -0.6887620687 0.0366685577 0.7240595222
-184.0 91.9 2638.0 0.6950078011 -0.2581529617 0.6710597873 0.2050227374 0.9657278657 0.1591707766 -0.6891515255 0.0269575883 0.7241156101
-332.8 251.6 2740.6 0.0811410174 -0.9425306916 0.3241173625 0.9821390510 0.1309971511 0.1350654662 -0.1697617918 0.3073689640 0.9363253713
-356.9 -40.2 2791.1 0.2475954294 -0.9425306916 0.2243489325 0.8915427923 0.1309971511 -0.4335795045 0.3792729080 0.3073689640 0.8727407455
-135.9 310.2 2545.2 0.0652837604 0.0245662220 0.9975643158 -0.9592935443 0.2768105268 0.0559624061 -0.2747615278 -0.9606104493 0.0416374505
-116.2 20.5 2462.2 -0.0876727104 0.0183085855 0.9959810972 -0.9741712809 0.2072890848 -0.0895633548 -0.2080957890 -0.9781084061 -0.0003378977
-191.8 -114.7 2686.4 0.6503241062 0.1301326454 -0.7484277487 -0.0435389355 0.9899836183 0.1343012303 0.7584081292 -0.0547535829 0.6494760513
-242.7 -502.3 2707.8 0.6546863914 0.0197224617 -0.7556433082 -0.1903619915 0.9717425704 -0.1395661831 0.7315381765 0.2352178395 0.6399410367
-74.6 -81.0 2554.4 0.4933485091 0.0742183924 0.8666596413 0.0539310239 0.9918262959 -0.1156377196 -0.8681582212 0.1037895307 0.4853133261
-103.7 -469.0 2513.8 0.4723286927 -0.1469890028 0.8690798879 0.2787409127 0.9603041410 0.0109274378 -0.8361872435 0.2370867729 0.4945510626
-416.7 -255.3 2699.6 0 0 0 0 0 0 0 0 0
-140.7 -251.5 2404.1 0 0 0 0 0 0 0 0 0
-248.7 -794.8 2637.0 0 0 0 0 0 0 0 0 0
-50.8 -814.6 2428.5 0 0 0 0 0 0 0 0 0
-299.0 469.6 2662.2 27 0.6919671893 -0.2877774239 0.6620917916 0.2537506521 0.9555482268 0.1501273215 -0.6758638620 0.0641230345 0.7342317700
-242.0 280.5 2649.5 0.6919671893 -0.2877774239 0.6620917916 0.2537506521 0.9555482268 0.1501273215 -0.6758638620 0.0641230345 0.7342317700
-186.6 93.2 2639.3 0.6949459910 -0.2836978734 0.6607310772 0.2437794656 0.9574158192 0.1546820849 -0.6764773726 0.0535769798 0.7345119715
-340.7 245.7 2745.6 0.0729810372 -0.9453848004 0.3176812828 0.9722659588 0.1384074837 0.1885265112 -0.2221995592 0.2951118350 0.9292665720
-361.6 -32.7 2809.2 0.1618070602 -0.9570329785 0.2406374067 0.9458578825 0.0808789209 -0.3143429756 0.2813740969 0.2784717083 0.9183039665
-143.4 315.2 2553.5 0.1098606437 0.0247452073 0.9936389327 -0.9460134506 0.3093063831 0.0968921334 -0.3049412370 -0.9506404400 0.0573898964
-110.6 33.2 2462.6 -0.0029443384 0.0247098058 0.9996903539 -0.9547596574 0.2972050309 -0.0101581598 -0.2973639965 -0.9544938803 0.0227168538
-196.1 -115.7 2695.1 0.6462925673 0.1142077073 -0.7544949055 -0.0382557325 0.9923427105 0.1174412146 0.7621302009 -0.0470376275 0.6457127929
-240.8 -504.3 2713.5 0.6501549482 0.0370138884 -0.7588995099 -0.2146703154 0.9670667052 -0.1367428452 0.7288451195 0.2518172562 0.6366890073
-71.2 -78.5 2571.2 0.4965625405 0.0916551873 0.8631482720 0.0611537658 0.9882441759 -0.1401200444 -0.8658440113 0.1223631352 0.4851199687
-107.0 -465.2 2523.3 0.4799135625 -0.1300286204 0.8676263690 0.2710410655 0.9625511169 -0.0056673037 -0.8343977928 0.2378822118 0.4971844256
-401.5 -265.8 2739.9 0 0 0 0 0 0 0 0 0
-111.5 -234.5 2379.2 0 0 0 0 0 0 0 0 0
-252.1 -800.1 2636.5 0 0 0 0 0 0 0 0 0
-59.7 -815.9 2436.6 0 0 0 0 0 0 0 0 0
-312.5 474.0 2671.3 28 0.7048851848 -0.3032866418 0.6412129998 0.2752340436 0.9500997663 0.1468219757 -0.6537454724 0.0729910135 0.7531860471
-252.8 286.9 2656.9 0.7048851848 -0.3032866418 0.6412129998 0.2752340436 0.9500997663 0.1468219757 -0.6537454724 0.0729910135 0.7531860471
-193.1 101.0 2644.7 0.7065369487 -0.3048815429 0.6386334896 0.2700725198 0.9503011703 0.1548823863 -0.6541149020 0.0630472228 0.7537630200
-353.2 248.4 2749.9 0.0452238955 -0.9554432034 0.2916900218 0.9721814394 0.1092670560 0.2071810216 -0.2298218161 0.2742060721 0.9338056445
-366.3 -32.6 2816.3 0.1365742385 -0.9616530538 0.2378463149 0.9615899920 0.0709849223 -0.2651525438 0.2381012589 0.2649236321 0.9344106317
-152.4 325.4 2563.9 0.1530510485 0.0397705324 0.9874176979 -0.9303467870 0.3427101672 0.1304015517 -0.3332119286 -0.9385989904 0.0894525424
-105.3 39.2 2461.4 0.0368159860 0.0395765677 0.9985380769 -0.9373874664 0.3476676941 0.0207817312 -0.3463369608 -0.9367821813 0.0498983078
-193.7 -116.2 2690.0 0.6295999885 0.1194386631 -0.7676837444 -0.0196135212 0.9902409315 0.1379791945 0.7766718864 -0.0718147159 0.6257982254
-240.4 -503.9 2718.1 0.6357775331 0.0371808298 -0.7709763646 -0.2251794785 0.9643242359 -0.1391867250 0.7382960916 0.2620998323 0.6214680672
-68.5 -72.1 2568.1 0.5116152167 0.1015373617 0.8531939983 0.0258092042 0.9907286167 -0.1333815753 -0.8588269353 0.0902602971 0.5042512417
-108.3 -459.8 2532.8 0.4989488125 -0.1131433845 0.8592139482 0.2482910901 0.9685424566 -0.0166435558 -0.8303021193 0.2216394693 0.5113456249
-400.6 -273.9 2756.6 0 0 0 0 0 0 0 0 0
-95.0 -223.3 2364.4 0 0 0 0 0 0 0 0 0
-251.9 -801.9 2637.1 0 0 0 0 0 0 0 0 0
-66.8 -814.7 2451.6 0 0 0 0 0 0 0 0 0
-323.7 475.1 2684.3 29 0.7039995193 -0.3138845861 0.6370723248 0.2809790969 0.9469404817 0.1560589969 -0.6522541046 0.0691385567 0.7548406720
-262.0 288.7 2670.7 0.7039995193 -0.3138845861 0.6370723248 0.2809790969 0.9469404817 0.1560589969 -0.6522541046 0.0691385567 0.7548406720
-199.8 103.4 2660.5 0.7066181302 -0.3177739680 0.6322266459 0.2731287181 0.9467318058 0.1705860198 -0.6527568698 0.0521400757 0.7557710409
-362.5 249.8 2763.6 0.0424887054 -0.9584586024 0.2820493579 0.9788804650 0.0964389220 0.1802569181 -0.1999693215 0.2684337199 0.9423139691
-374.9 -36.1 2822.0 0.1477636248 -0.9599307775 0.2381151617 0.9649423957 0.0871216804 -0.2475802004 0.2169148475 0.2663507760 0.9391513467
-161.4 327.6 2577.7 0.2056584805 0.0270889401 0.9782488346 -0.8989109397 0.4003918171 0.1778918207 -0.3868639171 -0.9159435630 0.1066945121
-97.0 46.3 2456.7 0.0785392821 0.0282598007 0.9965103865 -0.9201265574 0.3867539465 0.0615512803 -0.3836648762 -0.9217498302 0.0563779697
-197.2 -109.4 2691.6 0.6218537092 0.1236838400 -0.7733048201 -0.0340351537 0.9907849431 0.1310986280 0.7823935151 -0.0552046150 0.6203328371
-245.6 -497.4 2713.2 0.6280640960 0.0016007411 -0.7781599164 -0.1750371605 0.9746618867 -0.1392700523 0.7582198977 0.2236774266 0.6124303937
-69.8 -60.6 2573.6 0.5165951252 0.1259012520 0.8469228745 0.0288129114 0.9860140085 -0.1641530842 -0.8557448387 0.1092030033 0.5057424307
-119.0 -446.4 2530.8 0.4945864379 -0.1726391017 0.8518098593 0.1961298734 0.9769626260 0.0841253251 -0.8467097282 0.1254581213 0.5170521736
-412.5 -281.3 2766.9 0 0 0 0 0 0 0 0 0
-75.0 -211.9 2349.0 0 0 0 0 0 0 0 0 0
-246.1 -808.3 2641.8 0 0 0 0 0 0 0 0 0
-53.4 -817.6 2483.2 0 0 0 0 0 0 0 0 0
-335.9 475.6 2689.8 30 0.7260884643 -0.3408978283 0.5971466899 0.3065977395 0.9378488064 0.1625958234 -0.6154618859 0.0650248677 0.7854797244
-268.6 290.3 2676.9 0.7260884643 -0.3408978283 0.5971466899 0.3065977395 0.9378488064 0.1625958234 -0.6154618859 0.0650248677 0.7854797244
-202.5 106.3 2666.9 0.7298269272 -0.3376002014 0.5944567323 0.2962518930 0.9398516417 0.1700401455 -0.6161067486 0.0520090610 0.7859437466
-372.4 248.1 2764.6 0.0045235269 -0.9716415405 0.2364154011 0.9817921519 0.0492125452 0.1834727675 -0.1899043769 0.2312808484 0.9541726708
-373.7 -36.9 2819.7 0.1940238327 -0.9572995901 0.2143179625 0.9625473619 0.1436052620 -0.2299567759 0.1893603504 0.2509082854 0.9493090510
-164.8 332.5 2589.3 0.2258447409 0.0557539575 0.9725665450 -0.8830724955 0.4332452416 0.1802263707 -0.4113114774 -0.8995499015 0.1470809430
-92.4 49.5 2457.5 0.1243231148 0.0608550720 0.9903739095 -0.9135996103 0.3964557946 0.0903246850 -0.3871427476 -0.9160346389 0.1048857868
-201.3 -106.6 2709.4 0.5821813941 0.1288166642 -0.8027895689 -0.0736891329 0.9916656017 0.1056847498 0.8097127080 -0.0023708346 0.5868216753
-251.7 -494.5 2710.3 0.5853807330 -0.0366999023 -0.8099274635 -0.1320155710 0.9813281894 -0.1398816854 0.7999382615 0.1888070852 0.5696056485
-73.8 -57.2 2591.5 0.5555905104 0.1610258669 0.8157142997 0.0656778738 0.9695022702 -0.2361181378 -0.8288580179 0.1847593784 0.5280704498
-136.6 -435.5 2519.4 0.5338028669 -0.2808791399 0.7975972891 0.1471430808 0.9596859813 0.2394822538 -0.8327084780 -0.0104753897 0.5536125302
-423.4 -283.2 2771.2 0 0 0 0 0 0 0 0 0
-57.4 -207.4 2348.6 0 0 0 0 0 0 0 0 0
-240.0 -808.2 2649.9 0 0 0 0 0 0 0 0 0
-27.0 -809.8 2523.5 0 0 0 0 0 0 0 0 0
-342.6 472.1 2693.5 31 0.7361872196 -0.3556132913 0.5758190751 0.3217521906 0.9324270487 0.1644850075 -0.5954023600 0.0641792864 0.8008602262
-271.9 286.8 2680.8 0.7361872196 -0.3556132913 0.5758190751 0.3217521906 0.9324270487 0.1644850075 -0.5954023600 0.0641792864 0.8008602262
-203.2 103.7 2671.0 0.7406437993 -0.3508006036 0.5730494857 0.3099704385 0.9350939393 0.1718068868 -0.5961250663 0.0503806919 0.8013093472
-377.3 242.6 2765.6 -0.0199923199 -0.9772722125 0.2110434771 0.9857112765 0.0160452928 0.1676776558 -0.1672529578 0.2113801986 0.9629874825
-371.6 -40.0 2813.6 0.2438234836 -0.9482057095 0.2036074400 0.9573915005 0.2018319815 -0.2065558285 0.1547629386 0.2452951968 0.9570155144
-166.5 331.0 2595.9 0.2408469170 0.0708668604 0.9679724574 -0.8764739037 0.4442549944 0.1855559796 -0.4168768227 -0.8930931687 0.1691104025
-90.3 53.7 2464.0 0.1756229848 0.0776740164 0.9813884497 -0.9029618502 0.4098540246 0.1291495115 -0.3921944499 -0.9088379741 0.1421164572
-202.2 -104.5 2712.4 0.5612806082 0.1394486874 -0.8157929778 -0.0881639123 0.9901685119 0.1085974127 0.8229162693 0.0109698763 0.5680567622
-256.8 -492.0 2708.1 0.5622081757 -0.0681766719 -0.8241807818 -0.1008761302 0.9835007191 -0.1501675248 0.8208203316 0.1675655693 0.5460547209
-70.6 -50.9 2601.2 0.5616219044 0.2127908170 0.7995629311 0.0967484787 0.9428442121 -0.3188800514 -0.8217180371 0.2564465106 0.5089347959
-153.4 -418.0 2501.4 0.5616219044 -0.4004394412 0.7240366340 0.0967484787 0.9008612037 0.4231889248 -0.8217180371 -0.1676227152 0.5446853042
-434.3 -286.3 2773.8 0 0 0 0 0 0 0 0 0
-40.3 -203.7 2352.2 0 0 0 0 0 0 0 0 0
-235.2 -803.7 2655.0 0 0 0 0 0 0 0 0 0
10.7 -787.2 2570.1 0 0 0 0 0 0 0 0 0
-345.6 473.4 2704.4 32 0.7528685927 -0.3564379513 0.5532999635 0.3335258365 0.9313434362 0.1461504251 -0.5674058199 0.0745077506 0.8200604916
-274.6 287.9 2689.6 0.7528685927 -0.3564379513 0.5532999635 0.3335258365 0.9313434362 0.1461504251 -0.5674058199 0.0745077506 0.8200604916
-204.5 105.4 2678.6 0.7562204599 -0.3580066860 0.5476877093 0.3247837424 0.9320207834 0.1607879251 -0.5680194497 0.0562889352 0.8210879564
-382.3 241.6 2770.4 -0.0243291650 -0.9831299782 0.1812829971 0.9900417924 0.0014562274 0.1407663822 -0.1386556327 0.1829024553 0.9733043313
-375.3 -42.7 2810.2 0.2781935334 -0.9439110756 0.1778768748 0.9452395439 0.2361250669 -0.2253157347 0.1706768423 0.2308176309 0.9579105377
-167.0 334.1 2608.7 0.2610239685 0.0929964855 0.9608424306 -0.8639430404 0.4665572047 0.1895437390 -0.4306610525 -0.8795885444 0.2021262795
-84.0 59.6 2471.8 0.2256179601 0.1089478284 0.9681047797 -0.8994817734 0.4049946964 0.1640483141 -0.3742046058 -0.9078048468 0.1893706620
-201.4 -107.4 2715.1 0.5355329514 0.1519839168 -0.8307257891 -0.1091276631 0.9878796339 0.1103858203 0.8374339342 0.0315399170 0.5456277728
-260.9 -494.1 2702.7 0.5310277939 -0.1010942683 -0.8413022161 -0.0583726242 0.9861345291 -0.1553425491 0.8453414440 0.1316002309 0.5177637339
-67.7 -51.4 2607.4 0.6414572597 0.2285383195 0.7323269844 0.1103679091 0.9171743989 -0.3828969598 -0.7591781616 0.3264374435 0.5631048679
-160.8 -424.9 2474.5 0.6414572597 -0.5192323327 0.5647392273 0.1103679091 0.7909458876 0.6018500924 -0.7591781616 -0.3237320483 0.5646645427
-447.1 -286.8 2766.2 0 0 0 0 0 0 0 0 0
-18.6 -201.3 2363.3 0 0 0 0 0 0 0 0 0
-228.9 -806.3 2661.1 0 0 0 0 0 0 0 0 0
47.5 -742.2 2604.3 0 0 0 0 0 0 0 0 0
-350.6 475.0 2710.8 33 0.7417953610 -0.3430504501 0.5762430429 0.3149194121 0.9368171096 0.1523138285 -0.5920856595 0.0684844404 0.8029597998
-281.9 287.3 2697.1 0.7417953610 -0.3430504501 0.5762430429 0.3149194121 0.9368171096 0.1523138285 -0.5920856595 0.0684844404 0.8029597998
-215.8 103.2 2687.3 0.7471963167 -0.3372231424 0.5726938248 0.3000181019 0.9400588870 0.1621061414 -0.5930318832 0.0506934002 0.8035815954
-388.2 244.6 2781.5 -0.0010651519 -0.9776527286 0.2102236897 0.9896508455 0.0291349664 0.1405075192 -0.1434924155 0.2081977129 0.9675038457
-387.9 -40.0 2822.8 0.2462376803 -0.9500535727 0.1917426884 0.9408980608 0.1868530959 -0.2824832797 0.2325465232 0.2499683350 0.9399138093
-175.6 330.0 2612.7 0.3050296009 0.0747634917 0.9494037032 -0.8533493876 0.4640347660 0.2376270145 -0.4227904975 -0.8826563358 0.2053437233
-81.5 67.0 2482.4 0.2734111845 0.0943351910 0.9572602510 -0.8900932670 0.4020945430 0.2146018147 -0.3646646142 -0.9107254744 0.1939042658
-202.7 -106.5 2719.0 0.5541304350 0.1480356902 -0.8191611171 -0.1153936386 0.9882197976 0.1005280688 0.8243929744 0.0388203263 0.5646850467
-260.6 -493.4 2703.8 0.5474786162 -0.1079843938 -0.8298231959 -0.0400660709 0.9871194363 -0.1548869759 0.8358599544 0.1180450618 0.5361002684
-66.1 -47.8 2616.4 0.6813860536 0.2237069607 0.6968990564 0.1347678006 0.8975203037 -0.4198749363 -0.7194099426 0.3800164759 0.5814092755
-160.6 -426.8 2455.9 0.6813860536 -0.6106795073 0.4034644663 0.1347678006 0.6464923620 0.7509229779 -0.7194099426 -0.4572944045 0.5228108168
-451.5 -283.0 2762.7 0 0 0 0 0 0 0 0 0
-2.0 -192.0 2376.3 0 0 0 0 0 0 0 0 0
-227.1 -799.9 2667.1 0 0 0 0 0 0 0 0 0
83.5 -685.2 2638.7 0 0 0 0 0 0 0 0 0
-352.9 476.6 2713.6 34 0.7275955677 -0.3424031138 0.5944449306 0.3052344918 0.9376145005 0.1664660126 -0.6143587232 0.0603251643 0.7867174149
-284.8 290.0 2701.6 0.7275955677 -0.3424031138 0.5944449306 0.3052344918 0.9376145005 0.1664660126 -0.6143587232 0.0603251643 0.7867174149
-217.9 106.1 2693.2 0.7315827608 -0.3415510058 0.5900250673 0.2942952514 0.9388796687 0.1785923690 -0.6149609685 0.0429864936 0.7873850465
-388.9 248.1 2789.1 0.0193484109 -0.9726194143 0.2315969169 0.9840166569 0.0595379546 0.1678287089 -0.1770222783 0.2246479988 0.9582256675
-394.4 -30.0 2839.1 0.2409506887 -0.9510731101 0.1933977157 0.9292729497 0.1685923040 -0.3286768496 0.2799903452 0.2589141726 0.9244289398
-180.6 331.9 2614.0 0.3395678401 0.0568676926 0.9388608932 -0.8544436693 0.4359428585 0.2826302946 -0.3932171464 -0.8981758952 0.1966224015
