-33.1 479.9 2659.3 31 0.8092634082 0.0633036047 -0.5840252042 -0.0551667027 0.9979729056 0.0317295976 0.5848498940 0.0065411418 0.8111151457
-45.7 281.5 2658.0 0.8092634082 0.0633036047 -0.5840252042 -0.0551667027 0.9979729056 0.0317295976 0.5848498940 0.0065411418 0.8111151457
-57.3 86.0 2657.5 0.8096101880 0.0596637093 -0.5839276910 -0.0495366976 0.9982166290 0.0333121531 0.5848738551 0.0019559911 0.8111218810
-160.4 288.5 2575.1 0.2805299163 -0.9479050040 0.1509272456 0.9394313693 0.2388912588 -0.2457633764 0.1969051361 0.2107297778 0.9575078487
-249.0 -8.2 2512.9 0.2202448696 -0.9743770361 0.0456249900 0.8179454207 0.1589967310 -0.5528882146 0.5314673185 0.1590895355 0.8320054412
69.1 274.4 2740.9 0.3421019912 0.5304251313 -0.7756386995 -0.9384012222 0.2356117666 -0.2527652383 0.0486765802 0.8143318295 0.5783548355
156.3 35.2 2753.4 0.7239245176 0.5304251313 -0.4411150515 -0.6257379055 0.2356117666 -0.7435987592 -0.2904915810 0.8143318295 0.5024722219
-146.6 -98.7 2614.5 0.9959066510 -0.0293052308 -0.0855052695 0.0315566994 0.9991867542 0.0250993576 0.0847001970 -0.0276948810 0.9960215092
-135.1 -489.8 2625.4 0.9934135675 -0.0821839720 -0.0798451677 0.0711786970 0.9886833429 -0.1320561320 0.0897944868 0.1255030930 0.9880211949
5.5 -108.4 2709.6 0.8152967095 -0.2716311514 -0.5113782883 -0.0077979164 0.8779127002 -0.4787572026 0.5789908767 0.3943168521 0.7136412263
114.4 -460.3 2551.5 0.8152967095 0.2251964062 -0.5334583521 -0.0077979164 0.9254618287 0.3787606657 0.5789908767 -0.3046424687 0.7562820315
-313.3 -247.0 2357.7 0 0 0 0 0 0 0 0 0
360.6 -141.4 2671.4 0 0 0 0 0 0 0 0 0
-109.3 -800.7 2585.9 0 0 0 0 0 0 0 0 0
28.4 -813.7 2667.9 0 0 0 0 0 0 0 0 0
-33.6 474.4 2658.8 32 0.7675585151 0.0637481809 -0.6378009915 -0.0570158064 0.9978880286 0.0311234631 0.6384380460 0.0124756573 0.7695721388
-46.2 276.3 2656.3 0.7675585151 0.0637481809 -0.6378009915 -0.0570158064 0.9978880286 0.0311234631 0.6384380460 0.0124756573 0.7695721388
-58.2 80.8 2655.7 0.7680624723 0.0610906109 -0.6374542713 -0.0489579625 0.9981275797 0.0366668627 0.6385006905 0.0030460216 0.7696152329
-155.1 283.2 2565.7 0.2911320329 -0.9535833001 0.0769480765 0.9265155792 0.2609990835 -0.2710135579 0.2383506447 0.1501943171 0.9594950080
-246.0 -5.9 2491.3 0.1772873551 -0.9841259718 0.0080763353 0.8659611940 0.1520905048 -0.4764238000 0.4676327109 0.0914577097 0.8791786432
62.7 269.3 2746.9 0.3143070638 0.4952356219 -0.8099091053 -0.9493211508 0.1645743251 -0.2677772939 0.0006773861 0.8530281186 0.5218645334
140.3 34.9 2747.1 0.7122989893 0.4952356219 -0.4973648489 -0.6390540600 0.1645743251 -0.7513489127 -0.2902412713 0.8530281186 0.4337084889
-141.7 -105.0 2604.5 0.9880164266 -0.0203386229 -0.1530028433 0.0269032698 0.9987986088 0.0409579612 0.1519860029 -0.0445834175 0.9873766303
-133.8 -496.1 2621.9 0.9862153530 -0.0749054030 -0.1475412250 0.0565981790 0.9905922413 -0.1245937943 0.1554859430 0.1145257503 0.9811768532
3.8 -113.9 2709.7 0.7543848157 -0.3225086331 -0.5717444420 -0.0268914774 0.8550729156 -0.5178099275 0.6558813453 0.4060030282 0.6363813281
134.7 -461.0 2544.9 0.7543848157 0.2854132652 -0.5911368728 -0.0268914774 0.9132106900 0.4065994620 0.6558813453 -0.2908359170 0.6965875030
-297.4 -257.2 2355.7 0 0 0 0 0 0 0 0 0
337.4 -142.0 2666.7 0 0 0 0 0 0 0 0 0
-110.6 -802.4 2586.5 0 0 0 0 0 0 0 0 0
27.5 -803.9 2654.1 0 0 0 0 0 0 0 0 0
-30.0 472.7 2648.5 33 0.7264474034 0.0856573433 -0.6818628311 -0.0551921614 0.9962686300 0.0663528144 0.6850021482 -0.0105683450 0.7284643650
-47.0 274.6 2650.6 0.7264474034 0.0856573433 -0.6818628311 -0.0551921614 0.9962686300 0.0663528144 0.6850021482 -0.0105683450 0.7284643650
-62.2 79.4 2653.2 0.7271401882 0.0771755278 -0.6821371317 -0.0467121936 0.9969200492 0.0629954189 0.6848978996 -0.0139423804 0.7285056710
-150.2 281.1 2553.4 0.2765085101 -0.9609722495 0.0086848689 0.9260476232 0.2640221119 -0.2696814239 0.2568633556 0.0826118141 0.9629104137
-235.6 -5.0 2474.1 0.1175120920 -0.9923979640 -0.0365673043 0.9005745053 0.1220128089 -0.4172270596 0.4185169637 0.0160976406 0.9080663323
56.1 268.1 2747.9 0.2775843441 0.5310118198 -0.8006081581 -0.9600726962 0.1231892779 -0.2511668205 -0.0347462073 0.8383620381 0.5440053344
125.4 28.6 2739.2 0.6569481492 0.5310118198 -0.5352061391 -0.6847528815 0.1231892779 -0.7182881236 -0.3154878318 0.8383620381 0.4445408285
-139.2 -110.3 2597.6 0.9771721363 -0.0187548120 -0.2116197050 0.0306688696 0.9981150627 0.0531581156 0.2102238387 -0.0584347658 0.9759053588
-131.8 -501.1 2620.4 0.9761246443 -0.0727180243 -0.2046770900 0.0466779061 0.9905065894 -0.1292974502 0.2121362686 0.1166565269 0.9702522755
-1.0 -119.1 2712.5 0.7291275263 -0.3328291774 -0.5979947448 -0.0330747068 0.8556209207 -0.5165451765 0.6835781336 0.3964058161 0.6128485799
131.7 -460.2 2554.4 0.7291275263 0.2708429396 -0.6285038590 -0.0330747068 0.9312301278 0.3629276752 0.6835781336 -0.2438329756 0.6879435778
-269.3 -263.4 2354.0 0 0 0 0 0 0 0 0 0
304.9 -158.5 2653.0 0 0 0 0 0 0 0 0 0
-109.9 -799.9 2585.3 0 0 0 0 0 0 0 0 0
35.1 -792.4 2641.4 0 0 0 0 0 0 0 0 0
-28.5 469.6 2642.9 34 0.6949998736 0.0878535062 -0.7136224508 -0.0478206240 0.9959574938 0.0760388449 0.7174178362 -0.0187211186 0.6963915229
-45.9 271.9 2646.6 0.6949998736 0.0878535062 -0.7136224508 -0.0478206240 0.9959574938 0.0760388449 0.7174178362 -0.0187211186 0.6963915229
-62.3 76.8 2651.8 0.6957735419 0.0830792710 -0.7134402990 -0.0388037153 0.9961852431 0.0781617612 0.7172122598 -0.0266987514 0.6963431239
-144.7 277.3 2544.7 0.2694464922 -0.9620481133 -0.0431504771 0.9210724235 0.2705320120 -0.2800678015 0.2811122835 0.0357185751 0.9590099454
-226.7 -2.8 2459.2 0.0611367375 -0.9951196909 -0.0774540827 0.9140209556 0.0869944021 -0.3962293565 0.4010336995 -0.0465704799 0.9148787856
52.9 266.5 2748.5 0.2339556664 0.5041469932 -0.8313245773 -0.9718112946 0.0956571251 -0.2154820263 -0.0291125029 0.8583038449 0.5123152733
110.9 25.6 2741.3 0.5487761497 0.5705504417 -0.6109966636 -0.7486619353 0.0102262245 -0.6628730893 -0.3719543219 0.8211988807 0.4327613115
-142.8 -111.7 2594.2 0.9661802649 -0.0431935750 -0.2542242408 0.0610763505 0.9961510301 0.0628714338 0.2505300939 -0.0762722269 0.9650995731
-125.9 -501.6 2624.0 0.9693424106 -0.0547585525 -0.2395345271 0.0194875691 0.9889135957 -0.1472077966 0.2449398339 0.1380268186 0.9596629739
-12.0 -119.9 2717.5 0.6863753200 -0.3929742575 -0.6119314432 -0.0263853483 0.8274247646 -0.5609564185 0.7267686725 0.4011726677 0.5575551987
143.0 -446.2 2559.3 0.6863753200 0.2728481889 -0.6741237044 -0.0263853483 0.9356848598 0.3518489003 0.7267686725 -0.2237134129 0.6494302154
-244.2 -265.0 2344.2 0 0 0 0 0 0 0 0 0
259.0 -176.4 2641.0 0 0 0 0 0 0 0 0 0
-109.5 -798.4 2582.6 0 0 0 0 0 0 0 0 0
40.9 -796.2 2643.0 0 0 0 0 0 0 0 0 0
-26.3 472.6 2649.6 35 0.6400645971 0.0898323581 -0.7630513906 -0.0634148270 0.9959294796 0.0640548021 0.7656995654 0.0073895599 0.6431559324
-44.2 274.2 2648.1 0.6400645971 0.0898323581 -0.7630513906 -0.0634148270 0.9959294796 0.0640548021 0.7656995654 0.0073895599 0.6431559324
-61.7 79.2 2648.8 0.6408363581 0.0899755433 -0.7623865008 -0.0548655577 0.9959361553 0.0714205429 0.7657144070 -0.0039401236 0.6431686878
-135.2 282.0 2539.5 0.2710638344 -0.9564461708 -0.1083284840 0.9174656868 0.2907667756 -0.2714983523 0.2911718786 -0.0257942844 0.9563229680
-218.8 -1.1 2449.6 -0.0010746842 -0.9894577265 -0.1448178887 0.9165171981 0.0569517463 -0.3959201276 0.3999938667 -0.1331535727 0.9067938328
46.7 266.4 2756.8 0.2218992561 0.4496193230 -0.8652185798 -0.9724699855 0.0372965746 -0.2300240844 -0.0711535811 0.8924412727 0.4455173910
103.0 19.4 2738.7 0.4175880551 0.5509192348 -0.7225705385 -0.8085005283 -0.1376217902 -0.5721775889 -0.4146651030 0.8231331706 0.3879492879
-141.3 -114.8 2592.3 0.9444134235 -0.0497673042 -0.3249714673 0.0748320669 0.9950699806 0.0650840625 0.3201302886 -0.0857845545 0.9434816241
-121.8 -504.4 2625.8 0.9507989883 -0.0459337011 -0.3063843250 -0.0014822171 0.9882619381 -0.1527618021 0.3098048568 0.1456998885 0.9395703673
-15.9 -121.7 2721.5 0.6262881756 -0.4008219540 -0.6686590314 -0.0364161320 0.8417266607 -0.5386744142 0.7787406445 0.3617154062 0.5125670433
141.4 -452.2 2579.5 0.6262881756 0.2394006401 -0.7419235110 -0.0364161320 0.9596271515 0.2789079547 0.7787406445 -0.1476587653 0.6097211838
-218.5 -267.0 2333.6 0 0 0 0 0 0 0 0 0
214.8 -196.9 2627.8 0 0 0 0 0 0 0 0 0
-108.2 -798.4 2582.5 0 0 0 0 0 0 0 0 0
57.9 -787.1 2631.0 0 0 0 0 0 0 0 0 0
-24.5 475.2 2652.4 36 0.6236872077 0.1044322327 -0.7746664882 -0.0847126096 0.9942285419 0.0658287555 0.7770701647 0.0245674644 0.6289343238
-45.2 277.9 2647.6 0.6236872077 0.1044322327 -0.7746664882 -0.0847126096 0.9942285419 0.0658287555 0.7770701647 0.0245674644 0.6289343238
-65.8 83.3 2644.7 0.6244770288 0.1053888723 -0.7739002705 -0.0772275105 0.9943307638 0.0730902851 0.7772157788 0.0141231893 0.6290756464
-134.0 288.9 2537.1 0.2191946357 -0.9670085311 -0.1298006922 0.9279609323 0.2477173507 -0.2784324288 0.3014004230 -0.0594190806 0.9516444206
-202.9 -2.7 2442.3 -0.0511632450 -0.9856756926 -0.1607038826 0.9108642936 0.0199287683 -0.4122245014 0.4095222950 -0.1674701720 0.8967971802
43.5 266.9 2758.0 0.2046322972 0.4359158576 -0.8764148355 -0.9736299515 -0.0016013994 -0.2281273752 -0.1008478329 0.8999859691 0.4240930676
95.8 18.6 2732.3 0.2944772542 0.5141112208 -0.8055884838 -0.8720844388 -0.2001828700 -0.4465372562 -0.3908348382 0.8340362906 0.3893990815
-136.9 -110.9 2580.6 0.9372932911 -0.0535273179 -0.3444069028 0.0910861343 0.9914152622 0.0938036367 0.3364292085 -0.1192922145 0.9341224432
-116.0 -499.0 2627.3 0.9465766549 -0.0190855376 -0.3219136894 -0.0289582442 0.9891833663 -0.1437972188 0.3211761117 0.1454371512 0.9357851744
-21.6 -120.8 2718.4 0.5656718612 -0.4137844145 -0.7133006454 -0.0332035944 0.8528639078 -0.5210764408 0.8239616752 0.3184424043 0.4687020183
140.5 -454.9 2593.6 0.5656718612 0.1893327534 -0.8026010394 -0.0332035944 0.9777259231 0.2072426826 0.8239616752 -0.0905821174 0.5593585968
-187.9 -268.2 2323.0 0 0 0 0 0 0 0 0 0
174.3 -214.2 2628.0 0 0 0 0 0 0 0 0 0
-110.2 -796.9 2583.4 0 0 0 0 0 0 0 0 0
76.6 -784.8 2624.2 0 0 0 0 0 0 0 0 0
-22.5 471.9 2643.9 37 0.6406922936 0.1137074754 -0.7593312860 -0.0906984583 0.9932570457 0.0722095221 0.7624219060 0.0226060916 0.6466851830
-45.0 275.0 2639.4 0.6406922936 0.1137074754 -0.7593312860 -0.0906984583 0.9932570457 0.0722095221 0.7624219060 0.0226060916 0.6466851830
-66.6 80.5 2635.5 0.6411563158 0.1106117293 -0.7593968511 -0.0865878835 0.9936658740 0.0716288611 0.7625097036 0.0198292695 0.6466727853
-136.2 287.4 2530.9 0.1395417005 -0.9839675426 -0.1110674590 0.9422315955 0.1664348543 -0.2906872928 0.3045123518 -0.0640882626 0.9503498673
-179.9 -7.4 2435.6 -0.1166653708 -0.9840760231 -0.1341029853 0.8901601434 -0.0437254272 -0.4535448849 0.4404589236 -0.1722861230 0.8810865283
46.2 262.7 2747.9 0.1811000407 0.4474638700 -0.8757733107 -0.9818765521 0.0316782370 -0.1868554503 -0.0558681041 0.8937407732 0.4450912178
91.4 17.7 2733.9 0.2297588289 0.5280235410 -0.8175585866 -0.8950673938 -0.2152326107 -0.3905500174 -0.3821848631 0.8215023279 0.4231650531
-142.6 -104.4 2571.8 0.9426714778 -0.0798618868 -0.3240254819 0.1184000745 0.9878169894 0.1009903550 0.3120125830 -0.1335653663 0.9406425357
-111.3 -491.1 2624.1 0.9547159672 -0.0006578895 -0.2975180149 -0.0383827537 0.9913685918 -0.1253599375 0.2950324714 0.1311026961 0.9464501739
-30.0 -118.4 2712.0 0.4994897246 -0.4356355071 -0.7488201857 -0.0190642290 0.8586326241 -0.5122367740 0.8661100268 0.2701326907 0.4205731452
140.4 -454.3 2606.3 0.4994897246 0.1222651303 -0.8576486707 -0.0190642290 0.9913023710 0.1302157044 0.8661100268 -0.0486910008 0.4974762499
-146.2 -264.5 2308.4 0 0 0 0 0 0 0 0 0
153.1 -222.6 2631.3 0 0 0 0 0 0 0 0 0
-111.1 -795.1 2583.9 0 0 0 0 0 0 0 0 0
98.5 -793.9 2623.0 0 0 0 0 0 0 0 0 0
-21.3 467.4 2640.6 38 0.6149792075 0.1161219329 -0.7799463272 -0.0944499746 0.9928242564 0.0733433738 0.7828663588 0.0285612531 0.6215339899
-44.2 271.2 2634.9 0.6149792075 0.1161219329 -0.7799463272 -0.0944499746 0.9928242564 0.0733433738 0.7828663588 0.0285612531 0.6215339899
-67.0 76.7 2630.3 0.6154282093 0.1163512319 -0.7795578837 -0.0906147957 0.9929310083 0.0766611993 0.7829668522 0.0234600157 0.6216208935
-131.8 284.1 2523.5 0.1066104695 -0.9840470552 -0.1424274147 0.9495621324 0.1432482600 -0.2789474428 0.2948998809 -0.1055049598 0.9496856332
-165.0 -11.0 2431.8 -0.2201270014 -0.9620114565 -0.1614870429 0.8741352558 -0.1210640669 -0.4703520238 0.4329337478 -0.2446986884 0.8675776124
43.4 258.3 2746.4 0.1811070144 0.4151705801 -0.8915344477 -0.9829224348 0.0463485047 -0.1780880243 -0.0326156281 0.9085621834 0.4164745212
88.9 11.4 2738.2 0.2271861881 0.4945343733 -0.8389410973 -0.9073627591 -0.2053603530 -0.3667695522 -0.3536653817 0.8445489407 0.4020670354
-146.1 -106.3 2562.7 0.9306585789 -0.0945973992 -0.3534486294 0.1377656460 0.9855061769 0.0989859626 0.3389619887 -0.1408152133 0.9302020669
-109.1 -492.1 2617.9 0.9452501535 0.0072275070 -0.3262665868 -0.0444689989 0.9932822585 -0.1068309695 0.3233026862 0.1154907346 0.9392216206
-30.4 -121.9 2700.4 0.3208144009 -0.4424155653 -0.8374643922 -0.0476163141 0.8755496144 -0.4807759821 0.9459444284 0.1941168159 0.2598227262
142.3 -463.6 2624.6 0.3208144009 0.0508528389 -0.9457759261 -0.0476163141 0.9981608391 0.0375176743 0.9459444284 0.0329981521 0.3226457834
-100.9 -265.4 2305.8 0 0 0 0 0 0 0 0 0
150.2 -233.4 2642.8 0 0 0 0 0 0 0 0 0
-111.3 -792.9 2582.9 0 0 0 0 0 0 0 0 0
125.3 -796.2 2613.6 0 0 0 0 0 0 0 0 0
-17.2 467.3 2638.9 39 0.5960456729 0.1169608161 -0.7943863869 -0.0929251611 0.9927344918 0.0764406323 0.7975553274 0.0282563735 0.6025836468
-40.3 271.7 2633.4 0.5960456729 0.1169608161 -0.7943863869 -0.0929251611 0.9927344918 0.0764406323 0.7975553274 0.0282563735 0.6025836468
-61.9 77.1 2628.5 0.5968287587 0.1105044708 -0.7947226763 -0.0860867053 0.9935724735 0.0735038444 0.7977371216 0.0245458521 0.6025056243
-125.2 284.0 2519.8 0.0585416034 -0.9847752452 -0.1636782140 0.9555415511 0.1027401760 -0.2763779461 0.2889865041 -0.1402217299 0.9470082521
-143.9 -21.3 2427.4 -0.3113729656 -0.9344005585 -0.1730390489 0.8439086080 -0.1881798506 -0.5024008751 0.4368811548 -0.3024632037 0.8471427560
44.7 259.5 2746.9 0.2167432010 0.3736597896 -0.9018872976 -0.9741446376 0.1431169361 -0.1748136133 0.0637545362 0.9164583683 0.3950183094
99.9 11.4 2763.2 0.2104185373 0.4915315509 -0.8450566530 -0.9083876014 -0.2211812139 -0.3548390865 -0.3613252640 0.8423037529 0.3999605477
-145.3 -109.5 2555.0 0.9214407206 -0.0870605111 -0.3786389828 0.1435607821 0.9818931222 0.1235969737 0.3610225916 -0.1682449877 0.9172547460
-111.2 -493.9 2620.8 0.9382712245 0.0014110990 -0.3458974659 -0.0457384959 0.9917169213 -0.1200231537 0.3428630233 0.1284351051 0.9305639863
-34.2 -125.9 2696.4 0.2836190462 -0.4532848001 -0.8450403214 -0.0162655823 0.8788252473 -0.4768664241 0.9587990642 0.1489934772 0.2418786287
142.9 -469.1 2638.2 0.2860775888 -0.0314132832 -0.9576913714 -0.0773279890 0.9954457283 -0.0557507612 0.9550811648 0.0900053903 0.2823455930
-55.1 -262.1 2302.8 0 0 0 0 0 0 0 0 0
156.8 -234.3 2665.4 0 0 0 0 0 0 0 0 0
-111.6 -792.7 2582.1 0 0 0 0 0 0 0 0 0
153.3 -801.3 2608.1 0 0 0 0 0 0 0 0 0
-15.4 465.9 2638.1 40 0.5771449208 0.1107738018 -0.8090938926 -0.0970194489 0.9930414557 0.0667520761 0.8108581901 0.0399722233 0.5838760734
-37.3 269.7 2630.2 0.5771449208 0.1107738018 -0.8090938926 -0.0970194489 0.9930414557 0.0667520761 0.8108581901 0.0399722233 0.5838760734
-57.2 75.0 2623.1 0.5780285597 0.1018898189 -0.8096303940 -0.0887621418 0.9941376448 0.0617385991 0.8111746311 0.0361778587 0.5836839080
-119.6 282.4 2514.7 0.0205231681 -0.9827900529 -0.1835825443 0.9618417621 0.0695174485 -0.2646276355 0.2728355825 -0.1711463630 0.9467151761
-125.9 -13.4 2430.8 -0.3725330830 -0.9098361135 -0.1828041971 0.8323805928 -0.2404990941 -0.4993022680 0.4103190005 -0.3381692767 0.8469237685
45.0 257.1 2745.7 0.2190315723 0.3400138617 -0.9145576954 -0.9693873525 0.1824304163 -0.1643390805 0.1109655648 0.9225561023 0.3695631623
100.4 12.3 2773.8 0.2707318962 0.4529607296 -0.8494297266 -0.9239277244 -0.1254966110 -0.3613974750 -0.2702994049 0.8826534748 0.3845270574
-137.4 -109.7 2551.7 0.9126321077 -0.0721279308 -0.4023682177 0.1307974011 0.9840879440 0.1202621982 0.3872914314 -0.1623838693 0.9075443745
-109.2 -495.0 2615.3 0.9262359738 0.0069135185 -0.3768808246 -0.0471728556 0.9940974712 -0.0976979434 0.3739808500 0.1082698926 0.9210949540
-29.6 -125.2 2695.8 0.2512428164 -0.4373374581 -0.8634888530 -0.0048141056 0.8915282488 -0.4529395103 0.9679121375 0.1179547235 0.2218846828
141.3 -473.7 2649.7 0.2643927038 -0.1197548956 -0.9569510221 -0.1026166752 0.9831342697 -0.1513831317 0.9589402080 0.1382237375 0.2476446927
-18.4 -253.7 2312.3 0 0 0 0 0 0 0 0 0
173.3 -236.6 2700.9 0 0 0 0 0 0 0 0 0
-111.3 -794.8 2582.6 0 0 0 0 0 0 0 0 0
181.3 -801.8 2603.5 0 0 0 0 0 0 0 0 0
-11.6 463.8 2638.7 41 0.5977131128 0.1000968292 -0.7954367995 -0.0980866551 0.9938516617 0.0513601042 0.7956871390 0.0473231301 0.6038563251
-31.6 265.7 2629.3 0.5977131128 0.1000968292 -0.7954367995 -0.0980866551 0.9938516617 0.0513601042 0.7956871390 0.0473231301 0.6038563251
-48.5 70.7 2621.5 0.5990552306 0.0865834281 -0.7960126400 -0.0837845430 0.9954571724 0.0452235602 0.7963120937 0.0396021418 0.6035881639
-116.9 277.6 2515.8 -0.0200694017 -0.9875423908 -0.1560681760 0.9624811411 0.0231664367 -0.2703578472 0.2706053853 -0.1556386054 0.9500259757
-110.8 -14.0 2433.9 -0.4355892539 -0.8880003095 -0.1473685503 0.8152160048 -0.3197480142 -0.4828913510 0.3816868365 -0.3304794729 0.8631908894
53.7 253.7 2742.7 0.1774079800 0.3612806797 -0.9154248834 -0.9772753119 0.1743266433 -0.1205949187 0.1160143316 0.9160166383 0.3839976192
98.2 8.6 2771.8 0.3614517450 0.3873182833 -0.8481374979 -0.9314843416 0.1099014282 -0.3467831910 -0.0411039516 0.9153721929 0.4005049765
-129.3 -111.6 2542.8 0.9210276604 -0.0553755760 -0.3855406344 0.1243514866 0.9798457026 0.1563301831 0.3691134751 -0.1919269711 0.9093510509
-107.7 -495.1 2617.9 0.9333750606 0.0160993729 -0.3585411608 -0.0553819165 0.9934887886 -0.0995633304 0.3546037078 0.1127866283 0.9281892776
-24.9 -127.7 2689.3 0.2471085042 -0.4274981916 -0.8695876598 0.0505129881 0.9018815160 -0.4290200174 0.9676703215 0.0620890260 0.2444567978
142.1 -480.0 2665.1 0.2887097299 -0.1840236336 -0.9395647645 -0.1406012028 0.9625650048 -0.2317324430 0.9470364451 0.1990073472 0.2520279288
14.2 -247.9 2324.3 0 0 0 0 0 0 0 0 0
193.0 -235.7 2761.0 0 0 0 0 0 0 0 0 0
-112.5 -792.2 2584.2 0 0 0 0 0 0 0 0 0
204.0 -803.7 2598.2 0 0 0 0 0 0 0 0 0
-3.6 464.5 2637.5 42 0.5532454252 0.1025277749 -0.8266846538 -0.0850714520 0.9941621423 0.0663661063 0.8286629915 0.0336105190 0.5587378740
-24.0 266.6 2630.8 0.5532454252 0.1025277749 -0.8266846538 -0.0850714520 0.9941621423 0.0663661063 0.8286629915 0.0336105190 0.5587378740
-41.5 71.7 2624.4 0.5540516376 0.0892824158 -0.8276807666 -0.0767089948 0.9954777360 0.0560335778 0.8289406300 0.0324450694 0.5583947897
-102.8 277.5 2512.9 -0.0312180165 -0.9774569869 -0.2088138759 0.9615607858 0.0276525132 -0.2731962204 0.2728118002 -0.2093158811 0.9390210509
-93.4 -10.1 2431.3 -0.4817783535 -0.8536285162 -0.1980100274 0.8131340146 -0.3512595594 -0.4641441107 0.3266537189 -0.3846232593 0.8633436561
54.9 255.8 2748.7 0.1600030661 0.3172431290 -0.9347490668 -0.9818781614 0.1485760957 -0.1176452264 0.1015592292 0.9366332889 0.3352667391
95.9 3.8 2774.8 0.4204313755 0.2712252140 -0.8658373952 -0.8991461396 0.2523831129 -0.3575458527 0.1215472743 0.9288377762 0.3499808609
-119.6 -116.7 2541.8 0.9002448916 -0.0421925411 -0.4333346486 0.1192202196 0.9811410904 0.1521469653 0.4187429547 -0.1886317879 0.8882974386
-103.1 -500.8 2615.6 0.9113746881 0.0287586972 -0.4105717242 -0.0708090588 0.9936376810 -0.0875799656 0.4054408371 0.1088903621 0.9076126218
-11.4 -131.8 2685.6 0.2000553757 -0.3979121745 -0.8953456283 0.0476221628 0.9166877270 -0.3967564702 0.9786265492 0.0367349647 0.2023377419
144.2 -490.1 2671.3 0.2566700280 -0.2380629182 -0.9367211461 -0.1575322300 0.9459245801 -0.2835671604 0.9535743594 0.2203469723 0.2052878886
45.5 -244.5 2337.1 0 0 0 0 0 0 0 0 0
206.4 -232.5 2806.7 0 0 0 0 0 0 0 0 0
-111.6 -794.3 2583.4 0 0 0 0 0 0 0 0 0
224.0 -807.4 2597.4 0 0 0 0 0 0 0 0 0
2.1 465.2 2637.4 43 0.5138543844 0.0993065834 -0.8521102667 -0.0718721896 0.9947687984 0.0725906715 0.8548614383 0.0239419937 0.5183036923
-17.5 268.4 2632.6 0.5138543844 0.0993065834 -0.8521102667 -0.0718721896 0.9947687984 0.0725906715 0.8548614383 0.0239419937 0.5183036923
-35.3 73.5 2628.9 0.5146878362 0.0903755426 -0.8526011705 -0.0631263256 0.9957243800 0.0674392506 0.8550506234 0.0191114210 0.5181922913
-90.7 277.4 2511.0 -0.0436011963 -0.0582931228 -0.9973468781 0.9645633698 0.2575713992 -0.0572225749 0.2602237165 -0.9644992948 0.0449969918
-77.6 -14.0 2432.4 -0.5413789749 -0.0582931228 -0.8387554884 0.8035810590 0.2575713992 -0.5365765691 0.2473181486 -0.9644992948 -0.0926004872
55.7 259.5 2754.2 0.1543898880 0.2761140168 -0.9486436844 -0.9819250107 0.1492796838 -0.1163567230 0.1094854996 0.9494612217 0.2941705287
95.6 5.5 2782.6 0.4352425039 0.1855881661 -0.8809772730 -0.8678022623 0.3470638692 -0.3556204140 0.2397564352 0.9192952514 0.3121107817
-109.0 -116.4 2543.2 0.8803790808 -0.0269895568 -0.4735020399 0.1159129590 0.9803470373 0.1596365124 0.4598878324 -0.1954256743 0.8662055135
-98.4 -500.2 2619.8 0.8908765316 0.0423979051 -0.4522625804 -0.0912650451 0.9920386076 -0.0867759734 0.4449828267 0.1185824424 0.8876533508
-9.0 -130.2 2692.8 0.1689926833 -0.3970201910 -0.9021177292 0.0308784042 0.9169653058 -0.3977701664 0.9851334691 0.0393642895 0.1672197878
146.3 -489.0 2677.4 0.2302218974 -0.2643620372 -0.9365418553 -0.1713704914 0.9363396168 -0.3064314723 0.9579300880 0.2310428768 0.1702620387
77.8 -244.5 2361.5 0 0 0 0 0 0 0 0 0
211.0 -224.6 2846.1 0 0 0 0 0 0 0 0 0
-111.0 -795.0 2584.5 0 0 0 0 0 0 0 0 0
236.7 -809.1 2598.4 0 0 0 0 0 0 0 0 0
8.9 467.4 2646.8 44 0.4833296537 0.1123960093 -0.8681932688 -0.1044848263 0.9920414090 0.0702618659 0.8691808581 0.0567533784 0.4912267327
-13.3 271.5 2635.6 0.4833296537 0.1123960093 -0.8681932688 -0.1044848263 0.9920414090 0.0702618659 0.8691808581 0.0567533784 0.4912267327
-34.4 77.1 2626.4 0.4845335484 0.1077303961 -0.8681136966 -0.0936279297 0.9930738807 0.0709796026 0.8697476983 0.0468876921 0.4912641943
-82.2 284.8 2511.9 -0.0505987443 0.0185141638 -0.9985474348 0.9703605175 0.2374791950 -0.0447673202 0.2363054156 -0.9712162018 -0.0299815610
-66.3 -19.8 2437.7 -0.5747281313 0.0185141638 -0.8181349635 0.7973861694 0.2374791950 -0.5547783375 0.1840187758 -0.9712162018 -0.1512489170
55.6 258.2 2759.3 0.1769125760 0.2373176366 -0.9551870227 -0.9740967155 0.1810992062 -0.1354205161 0.1408459395 0.9544021487 0.2632090449
100.5 11.0 2795.1 0.4075030982 0.1663875431 -0.8979178071 -0.8770200014 0.3453448415 -0.3340252936 0.2545136213 0.9236081839 0.2866542935
-99.5 -115.9 2548.0 0.8662585616 -0.0148550048 -0.4993750453 0.1085009947 0.9812944531 0.1590243280 0.4876716733 -0.1919388622 0.8516665101
-93.7 -500.2 2623.2 0.8745024800 0.0606808960 -0.4812102318 -0.1133742854 0.9902314544 -0.0811660960 0.4715842903 0.1255368143 0.8728395104
-6.7 -127.2 2702.2 0.1350297332 -0.3957614601 -0.9083721042 0.0070589809 0.9171292186 -0.3985274732 0.9908164144 0.0474008769 0.1266333908
148.3 -486.3 2683.7 0.1966543645 -0.2694319785 -0.9427266121 -0.1949714720 0.9315537214 -0.3069101274 0.9608918428 0.2441600114 0.1306625456
97.6 -247.3 2385.2 0 0 0 0 0 0 0 0 0
209.8 -224.2 2863.3 0 0 0 0 0 0 0 0 0
-111.7 -793.5 2586.0 0 0 0 0 0 0 0 0 0
242.3 -811.2 2598.5 0 0 0 0 0 0 0 0 0
17.5 464.7 2642.1 45 0.5507584810 0.1271540374 -0.8249223828 -0.1228918061 0.9899101853 0.0705367848 0.8255680799 0.0625274703 0.5608276129
-7.9 267.0 2629.6 0.5507584810 0.1271540374 -0.8249223828 -0.1228918061 0.9899101853 0.0705367848 0.8255680799 0.0625274703 0.5608276129
-28.5 72.7 2617.5 0.5523253679 0.1047331616 -0.8270233870 -0.1094960794 0.9925958514 0.0525743812 0.8264062405 0.0615176521 0.5597037077
-86.3 282.5 2512.3 -0.0967332572 0.1235985681 -0.9876062274 0.9725474715 0.2227351069 -0.0673830733 0.2116461247 -0.9670121074 -0.1417513639
-56.4 -17.7 2447.0 -0.5950239897 0.1235985681 -0.7941472530 0.7964986563 0.2227351069 -0.5621200800 0.1074072346 -0.9670121074 -0.2309788316
70.5 251.5 2746.8 0.1334665716 0.2902348936 -0.9476024508 -0.9579620957 0.2827982605 -0.0483092815 0.2539592683 0.9142149091 0.3157781363
103.8 12.2 2810.3 0.3946923018 0.2528728545 -0.8833308220 -0.8828115463 0.3708488643 -0.2882966101 0.2546798289 0.8936030865 0.3696102500
-99.1 -108.9 2538.7 0.9014990330 -0.0144868437 -0.4325385690 0.0993543342 0.9796739817 0.1742629558 0.4212222695 -0.2000724673 0.8846144676
-93.4 -492.6 2617.0 0.9064475298 0.0631702542 -0.4175672531 -0.0951124728 0.9938838482 -0.0561120771 0.4114687145 0.0905785039 0.9069117904
-11.7 -125.8 2695.6 0.1808286905 -0.4119925797 -0.8930639029 0.0577003509 0.9109131694 -0.4085436463 0.9818205833 0.0223463122 0.1884913445
149.6 -482.3 2686.9 0.2529436350 -0.2639806569 -0.9307705164 -0.1755688190 0.9335576296 -0.3124832213 0.9514174461 0.2424549311 0.1897906810
115.4 -247.7 2416.0 0 0 0 0 0 0 0 0 0
210.3 -225.9 2879.0 0 0 0 0 0 0 0 0 0
-112.7 -796.3 2589.4 0 0 0 0 0 0 0 0 0
242.9 -812.5 2601.1 0 0 0 0 0 0 0 0 0
27.5 465.2 2639.7 46 0.5786224604 0.1082315445 -0.8083823323 -0.1240575016 0.9913023710 0.0439244248 0.8061053157 0.0748702288 0.5870167613
6.0 268.7 2624.8 0.5786224604 0.1082315445 -0.8083823323 -0.1240575016 0.9913023710 0.0439244248 0.8061053157 0.0748702288 0.5870167613
-11.8 74.3 2610.0 0.5796034336 0.0908639282 -0.8098170161 -0.1142804995 0.9930067062 0.0296253543 0.8068456054 0.0753753334 0.5859341025
-76.4 284.8 2510.1 -0.1126656607 0.2742107213 -0.9550470710 0.9771690369 0.2048220783 -0.0564673617 0.1801307648 -0.9396044016 -0.2910266519
-40.5 -25.8 2452.9 -0.6093984246 0.2742107213 -0.7439368367 0.7928482890 0.2048220783 -0.5739681721 -0.0050135381 -0.9396044016 -0.3422257602
88.5 252.5 2739.5 0.0878742933 0.3028398156 -0.9489816427 -0.9324552417 0.3601526618 0.0285882391 0.3504359126 0.8823707104 0.3140327334
110.9 14.8 2828.8 0.3488845825 0.3275387287 -0.8780648708 -0.9200905561 0.2977508008 -0.2545147836 0.1780810803 0.8966954947 0.4052459598
-98.8 -111.8 2531.0 0.9124109149 -0.0262229983 -0.4084343612 0.1117476448 0.9759883881 0.1869735718 0.3937242031 -0.2162383050 0.8934328556
-88.6 -494.1 2615.7 0.9156547189 0.0823327079 -0.3934434652 -0.1003863364 0.9946219325 -0.0254910924 0.3892287612 0.0628373846 0.9189953208
0.6 -131.5 2679.7 0.1864282936 -0.3896284997 -0.9019058347 0.0981740132 0.9207928777 -0.3774947822 0.9775512218 -0.0181680098 0.2099132389
153.0 -491.6 2686.9 0.2650330067 -0.2484746277 -0.9316747785 -0.1668820232 0.9398265481 -0.2981215119 0.9496883154 0.2344918102 0.2076191157
133.8 -252.6 2454.3 0 0 0 0 0 0 0 0 0
204.8 -233.0 2876.8 0 0 0 0 0 0 0 0 0
-113.9 -799.9 2596.4 0 0 0 0 0 0 0 0 0
237.9 -812.7 2606.7 0 0 0 0 0 0 0 0 0
39.5 461.0 2638.0 47 0.5782098770 0.1113841087 -0.8082492948 -0.1191491857 0.9915446639 0.0514062755 0.8071411252 0.0665786266 0.5865922570
17.3 263.3 2624.7 0.5782098770 0.1113841087 -0.8082492948 -0.1191491857 0.9915446639 0.0514062755 0.8071411252 0.0665786266 0.5865922570
-0.7 68.7 2611.6 0.5793718696 0.0919177979 -0.8098638058 -0.1078034267 0.9935331345 0.0356419273 0.8079026341 0.0666561648 0.5855342150
-65.1 278.6 2509.7 -0.1359020472 0.5241883993 -0.8406884670 0.9734225869 0.2285335213 -0.0148634166 0.1843342632 -0.8203651309 -0.5413150191
-19.6 -47.5 2448.0 -0.6074119806 0.5241883993 -0.5968895555 0.7755261064 0.2285335213 -0.5884995461 -0.1720753610 -0.8203651309 -0.5453357697
99.8 248.0 2739.7 0.0501108170 0.3001405895 -0.9525778294 -0.9096914530 0.4074056149 0.0805116147 0.4122503400 0.8625174165 0.2934507728
112.8 13.1 2846.1 0.3141893148 0.3507514000 -0.8821896315 -0.9357323647 0.2712996006 -0.2253918946 0.1602811515 0.8963090777 0.4134488702
-82.0 -109.9 2522.4 0.9125547409 0.0072060442 -0.4088910818 0.1058487669 0.9616116285 0.2531779706 0.3950188458 -0.2743193805 0.8767605424
-84.8 -485.7 2629.6 0.9150136113 0.0965553597 -0.3916977942 -0.1265396476 0.9906287193 -0.0514044128 0.3830637038 0.0966010392 0.9186568856
22.5 -130.4 2667.9 0.1785611063 -0.3431616426 -0.9221475124 0.1264756471 0.9374396801 -0.3243620992 0.9757663012 -0.0587107502 0.2107918561
156.6 -496.6 2690.8 0.2579982877 -0.2171410769 -0.9414280057 -0.1740305871 0.9480332136 -0.2663576603 0.9503421783 0.2325570732 0.2068017572
147.0 -260.2 2495.2 0 0 0 0 0 0 0 0 0
197.6 -239.7 2889.4 0 0 0 0 0 0 0 0 0
-115.2 -797.9 2599.2 0 0 0 0 0 0 0 0 0
228.7 -811.4 2613.6 0 0 0 0 0 0 0 0 0
51.2 459.4 2637.1 48 0.6345946789 0.1173956469 -0.7638768554 -0.1189323664 0.9914563298 0.0535672866 0.7636390924 0.0568561703 0.6431350112
27.5 259.3 2625.6 0.6345946789 0.1173956469 -0.7638768554 -0.1189323664 0.9914563298 0.0535672866 0.7636390924 0.0568561703 0.6431350112
9.0 64.7 2613.3 0.6356540322 0.0945884362 -0.7661572695 -0.1090126634 0.9935182333 0.0322140083 0.7642382979 0.0630438849 0.6418452263
-62.8 274.8 2517.1 -0.1596488804 0.6286986470 -0.7610849142 0.9686709046 0.2483402491 0.0019498024 0.1902338564 -0.7369295359 -0.6486493349
-9.8 -46.4 2454.0 -0.5432469845 0.6286986470 -0.5564357042 0.8183241487 0.2483402491 -0.5183365345 -0.1876920909 -0.7369295359 -0.6493893862
117.8 243.8 2734.2 0.0666630566 0.3584706783 -0.9311577678 -0.8997308612 0.4250201285 0.0992081538 0.4313240349 0.8311778903 0.3508602679
135.2 9.4 2846.6 0.3071778417 0.4238914549 -0.8520315886 -0.9436052442 0.2518527210 -0.2148939073 0.1234947816 0.8699920774 0.4773497581
-71.1 -116.1 2525.6 0.9378370047 0.0286390316 -0.3458923995 0.0610047132 0.9674726725 0.2455097437 0.3416726291 -0.2513491809 0.9055845737
-82.3 -494.4 2623.9 0.9347870946 0.1032274291 -0.3398781121 -0.1233304068 0.9916369319 -0.0380240530 0.3331105709 0.0774617046 0.9397004843
33.6 -135.5 2671.4 0.2434655130 -0.3246536255 -0.9139609337 0.1348947138 0.9444916248 -0.2995646894 0.9604831934 -0.0503548272 0.2737452090
160.5 -504.9 2691.1 0.3175079525 -0.1882516444 -0.9293815494 -0.1690602452 0.9531558156 -0.2508239150 0.9330634475 0.2367600501 0.2708086669
136.5 -266.8 2504.6 0 0 0 0 0 0 0 0 0
218.3 -245.9 2880.0 0 0 0 0 0 0 0 0 0
-114.0 -799.3 2600.1 0 0 0 0 0 0 0 0 0
220.1 -806.3 2616.3 0 0 0 0 0 0 0 0 0
61.6 461.6 2646.7 49 0.5991315246 0.1143436730 -0.7924436331 -0.1165704206 0.9916608334 0.0549554937 0.7921191454 0.0594499260 0.6074643731
38.6 262.1 2634.7 0.5991315246 0.1143436730 -0.7924436331 -0.1165704206 0.9916608334 0.0549554937 0.7921191454 0.0594499260 0.6074643731
19.4 67.5 2623.2 0.6002654433 0.0979811028 -0.7937764525 -0.1059685349 0.9934610724 0.0424945354 0.7927496433 0.0586073250 0.6067233086
-46.7 277.1 2522.1 -0.1214442030 0.6000188589 -0.7907140255 0.9737582207 0.2264888585 0.0223093275 0.1924739331 -0.7672549486 -0.6117790341
-6.9 -41.8 2459.0 -0.5179465413 0.6000188589 -0.6096792221 0.8409157991 0.2264888585 -0.4914910197 -0.1568183154 -0.7672549486 -0.6218744516
124.0 247.0 2747.4 0.0313486457 0.3234342337 -0.9457312226 -0.8906881809 0.4383816421 0.1203997061 0.4535325766 0.8385772705 0.3018217385
132.2 14.1 2866.0 0.2873527408 0.3913469017 -0.8742288351 -0.9478359818 0.2476537675 -0.2006851435 0.1379685402 0.8862929940 0.4420966506
-66.8 -120.0 2532.1 0.9224309325 0.0316563882 -0.3848624527 0.0679872558 0.9677532315 0.2425519079 0.3801302016 -0.2499031126 0.8905332685
-79.2 -498.8 2629.9 0.9212099314 0.1019269824 -0.3754772246 -0.1386534572 0.9877163768 -0.0720522627 0.3635209501 0.1184364781 0.9240266681
47.8 -139.7 2669.8 0.2057348192 -0.2939780951 -0.9334077835 0.1281243712 0.9536933899 -0.2721268535 0.9701841474 -0.0636063218 0.2338736951
162.8 -512.7 2694.7 0.2785288095 -0.1674859971 -0.9457114339 -0.2047939897 0.9516741633 -0.2288574576 0.9383395314 0.2574194074 0.2307685465
131.3 -266.2 2500.9 0 0 0 0 0 0 0 0 0
210.0 -242.7 2903.4 0 0 0 0 0 0 0 0 0
-109.0 -787.8 2595.3 0 0 0 0 0 0 0 0 0
213.6 -801.3 2616.6 0 0 0 0 0 0 0 0 0
72.9 462.2 2651.0 50 0.5987731218 0.1126963794 -0.7929503322 -0.1183607727 0.9916312695 0.0515568368 0.7921246290 0.0629833639 0.6071010232
50.2 262.4 2638.3 0.5987731218 0.1126963794 -0.7929503322 -0.1183607727 0.9916312695 0.0515568368 0.7921246290 0.0629833639 0.6071010232
32.2 67.7 2626.7 0.6003919244 0.0918370411 -0.7944151759 -0.1026453450 0.9940170646 0.0373358354 0.7930911183 0.0591268875 0.6062264442
-35.2 277.0 2525.4 -0.0857218653 0.6024486423 -0.7935410738 0.9787107110 0.1999976784 0.0461115576 0.1864862144 -0.7726943493 -0.6067670584
-9.0 -22.3 2468.4 -0.4577288330 0.5859163404 -0.6687198877 0.8855028749 0.2329156101 -0.4020384848 -0.0798056275 -0.7761780024 -0.6254428029
135.7 247.8 2751.2 0.0321714282 0.3200031519 -0.9468700886 -0.8875043988 0.4448495507 0.1201864704 0.4596748054 0.8364847898 0.2983156443
144.1 15.1 2871.7 0.2892249227 0.3918993771 -0.8733634949 -0.9477501512 0.2455223203 -0.2036871463 0.1346053630 0.8866418004 0.4424338639
-53.9 -117.5 2540.3 0.9206153750 0.0489211380 -0.3873938918 0.0440490954 0.9727755785 0.2275243998 0.3879780471 -0.2265268266 0.8933972120
-73.1 -498.2 2628.9 0.9158490300 0.1138368994 -0.3850477338 -0.1489853710 0.9868553281 -0.0626092404 0.3728591800 0.1147070900 0.9207705259
54.3 -136.6 2683.2 0.2087834328 -0.2930896878 -0.9330101609 0.1145683303 0.9547961950 -0.2742960155 0.9712278843 -0.0496249534 0.2329244316
169.0 -510.3 2702.7 0.2760071158 -0.1350172162 -0.9516251683 -0.2435063869 0.9479604959 -0.2051232904 0.9297981858 0.2883422971 0.2287662923
113.9 -260.2 2489.8 0 0 0 0 0 0 0 0 0
222.5 -241.9 2908.2 0 0 0 0 0 0 0 0 0
-106.7 -790.2 2595.0 0 0 0 0 0 0 0 0 0
210.1 -798.4 2615.0 0 0 0 0 0 0 0 0 0
85.8 458.8 2653.6 51 0.6293542385 0.1150757894 -0.7685511112 -0.1220611408 0.9913378954 0.0484799221 0.7674726844 0.0632991865 0.6379489303
62.7 260.3 2641.0 0.6293542385 0.1150757894 -0.7685511112 -0.1220611408 0.9913378954 0.0484799221 0.7674726844 0.0632991865 0.6379489303
43.3 65.7 2629.5 0.6308333874 0.0990669876 -0.7695680261 -0.1083522514 0.9933450818 0.0390550159 0.7683157325 0.0587472208 0.6373693943
-27.1 275.7 2531.6 -0.0713955760 0.5712926984 -0.8176351786 0.9747239947 0.2139386833 0.0643693209 0.2116975188 -0.7923729420 -0.5721269846
-6.7 -1.8 2471.3 -0.4003597796 0.5727071762 -0.7153450251 0.9152027369 0.2107146680 -0.3435161114 -0.0460004658 -0.7922157645 -0.6085048318
152.5 244.8 2750.3 0.0439770296 0.3550038338 -0.9338299036 -0.8877371550 0.4426386058 0.1264666766 0.4582453370 0.8234338760 0.3346160054
164.1 11.7 2870.6 0.2872771025 0.4291731119 -0.8563190103 -0.9504917264 0.2383110821 -0.1994324625 0.1184792593 0.8712165356 0.4763868153
-40.0 -117.7 2543.5 0.9347258210 0.0607443340 -0.3501396477 0.0243573971 0.9720144272 0.2336549461 0.3545340002 -0.2269318104 0.9070874453
-63.7 -498.3 2632.4 0.9233199954 0.1501480490 -0.3534625173 -0.1750967503 0.9837586284 -0.0394975059 0.3417913318 0.0983589739 0.9346144795
68.4 -136.2 2686.7 0.2413293570 -0.2668462694 -0.9330344200 0.1320065260 0.9615418315 -0.2408558726 0.9614230990 -0.0650410354 0.2672737241
172.9 -512.5 2712.2 0.3175714910 -0.1199368164 -0.9406186938 -0.2732782662 0.9383042455 -0.2119058669 0.9080018401 0.3243459165 0.2652025521
101.5 -249.1 2483.8 0 0 0 0 0 0 0 0 0
242.0 -246.1 2902.8 0 0 0 0 0 0 0 0 0
-109.3 -796.5 2602.6 0 0 0 0 0 0 0 0 0
209.2 -796.6 2614.0 0 0 0 0 0 0 0 0 0
101.0 458.6 2654.5 52 0.6118598580 0.1195604950 -0.7818777561 -0.1205500215 0.9910573363 0.0572104603 0.7817258239 0.0592505969 0.6208012104
77.1 260.6 2642.6 0.6118598580 0.1195604950 -0.7818777561 -0.1205500215 0.9910573363 0.0572104603 0.7817258239 0.0592505969 0.6208012104
56.5 66.2 2631.6 0.6131123304 0.1055102646 -0.7829182148 -0.1095101088 0.9928241372 0.0480396822 0.7823687196 0.0562837347 0.6202670932
-10.2 276.2 2531.2 -0.0206893012 0.5913847685 -0.8061240315 0.9788311124 0.1761957258 0.1041379943 0.2036212385 -0.7869047523 -0.5825111866
-4.5 7.0 2475.2 -0.3653550744 0.5685648322 -0.7370547652 0.9307040572 0.2379857898 -0.2777637541 0.0174818467 -0.7874622345 -0.6161149144
164.4 245.1 2754.0 0.0259230603 0.3404210806 -0.9399156570 -0.8850372434 0.4449800551 0.1367545277 0.4647978544 0.8283153176 0.3128205836
171.3 12.5 2876.1 0.2763049006 0.4126409888 -0.8679763675 -0.9524795413 0.2380560786 -0.1900317520 0.1282121688 0.8792364597 0.4588081539
-33.0 -119.0 2548.6 0.9271810055 0.0614434928 -0.3695404232 0.0221074503 0.9757634997 0.2177080661 0.3739607930 -0.2100243717 0.9033510089
-57.1 -501.1 2630.9 0.9112651348 0.1728522331 -0.3737886548 -0.1909469515 0.9815315604 -0.0116199031 0.3648768365 0.0819626153 0.9274411201
80.9 -138.6 2687.3 0.2197537124 -0.2443816960 -0.9444500208 0.1410403848 0.9659029245 -0.2171155959 0.9653061032 -0.0854936317 0.2467284352
176.5 -516.6 2720.8 0.3016816974 -0.1126885265 -0.9467256665 -0.3054650128 0.9292203784 -0.2079437524 0.9031496644 0.3519243896 0.2459063828
94.6 -245.3 2470.5 0 0 0 0 0 0 0 0 0
246.2 -245.9 2910.9 0 0 0 0 0 0 0 0 0
-109.1 -796.7 2606.2 0 0 0 0 0 0 0 0 0
210.5 -797.3 2614.5 0 0 0 0 0 0 0 0 0
112.9 461.8 2674.4 53 0.5297591090 0.1213807985 -0.8394176364 -0.1451225430 0.9880833626 0.0512907393 0.8356403112 0.0946466923 0.5410612822
88.7 264.8 2655.5 0.5297591090 0.1213807985 -0.8394176364 -0.1451225430 0.9880833626 0.0512907393 0.8356403112 0.0946466923 0.5410612822
67.0 70.9 2638.8 0.5313090086 0.1122126281 -0.8397136927 -0.1319976151 0.9900488853 0.0487838425 0.8368317485 0.0849209055 0.5408337116
13.4 283.5 2536.9 0.0572277308 0.6677445173 -0.7421875000 0.9724962115 0.1308362186 0.1926991642 0.2257788032 -0.7328022718 -0.6418915391
-2.8 7.1 2472.7 -0.3450257182 0.6225791574 -0.7023905516 0.9366722107 0.2762455046 -0.2152524590 0.0600205436 -0.7321773171 -0.6784643531
164.0 246.0 2774.1 -0.0313972384 0.2625376880 -0.9644107819 -0.8938496709 0.4243987203 0.1446324140 0.4472661614 0.8665792942 0.2213442624
155.8 11.4 2891.4 0.2493667454 0.3267765343 -0.9116103053 -0.9589098692 0.2148464471 -0.1852913052 0.1353073865 0.9203575850 0.3669247925
-19.6 -118.4 2549.9 0.8892013431 0.0662335232 -0.4526964426 0.0423657745 0.9732942581 0.2256178707 0.4555503130 -0.2197985500 0.8626485467
-45.5 -499.5 2636.0 0.8658841252 0.2048494071 -0.4563785493 -0.2242304087 0.9744626880 0.0119649777 0.4471748769 0.0919736624 0.8897052407
91.2 -138.1 2691.2 0.1245139688 -0.2295692414 -0.9652948976 0.1234131828 0.9688943624 -0.2145061344 0.9845128059 -0.0924211070 0.1489727497
181.0 -517.5 2727.4 0.1941503584 -0.1038177982 -0.9754627347 -0.3410529494 0.9252083302 -0.1663504243 0.9197763205 0.3649814129 0.1442221701
90.7 -246.9 2456.4 0 0 0 0 0 0 0 0 0
223.4 -248.7 2928.1 0 0 0 0 0 0 0 0 0
-107.9 -796.1 2608.0 0 0 0 0 0 0 0 0 0
212.6 -798.2 2616.6 0 0 0 0 0 0 0 0 0
127.5 460.7 2675.3 54 0.5925971866 0.1310069859 -0.7947740555 -0.1546043158 0.9868392348 0.0473905094 0.7905226946 0.0947920159 0.6050523520
101.3 263.5 2656.4 0.5925971866 0.1310069859 -0.7947740555 -0.1546043158 0.9868392348 0.0473905094 0.7905226946 0.0947920159 0.6050523520
78.2 69.9 2638.5 0.5938775539 0.1186576188 -0.7957574129 -0.1444729418 0.9887156487 0.0396093242 0.7914777398 0.0914423242 0.6043188572
17.2 284.0 2544.3 0.0628308728 0.6114584804 -0.7887780666 0.9635984898 0.1686222106 0.2074718177 0.2598659098 -0.7731009722 -0.5786057711
-1.1 4.1 2468.8 -0.3791504502 0.5573178530 -0.7386756539 0.9187240005 0.3219788373 -0.2286390066 0.1104133427 -0.7653276920 -0.6340997219
185.5 242.9 2768.5 0.0018308827 0.3283261657 -0.9445626140 -0.9004597068 0.4113665819 0.1412439644 0.4349355996 0.8502820134 0.2963976562
186.0 6.5 2882.7 0.2576230764 0.3963715732 -0.8812036514 -0.9609429836 0.2005139291 -0.1907425821 0.1010886803 0.8959261775 0.4325475097
-2.4 -111.0 2546.9 0.9199422598 0.0839701295 -0.3829559684 0.0130104842 0.9697175622 0.2438823581 0.3918379545 -0.2293401212 0.8909916282
