295.5 366.8 2515.1 92 0.5964680910 -0.1126690507 0.7946895957 0.2762948573 0.9584097862 -0.0714970231 -0.7535827756 0.2622143328 0.6027907133
318.1 175.0 2462.6 0.5964680910 -0.1126690507 0.7946895957 0.2762948573 0.9584097862 -0.0714970231 -0.7535827756 0.2622143328 0.6027907133
340.2 -16.4 2414.4 0.5983398557 -0.1114164144 0.7934581041 0.2602401376 0.9636192322 -0.0609345846 -0.7578024268 0.2429492325 0.6055667996
230.7 137.0 2573.3 0.0678213686 0.2728878260 0.9596523046 0.9934044480 -0.1076048389 -0.0396080948 0.0924546644 0.9560091496 -0.2783858776
211.6 -143.2 2547.2 0.0904107094 0.2593566775 0.9615404606 0.8470587134 -0.5277864337 0.0627136901 0.5237532258 0.8088112473 -0.2674078643
405.4 213.0 2352.0 0.4425076842 -0.3196208775 0.8378719687 -0.7379775047 0.4010367990 0.5427325964 -0.5094861984 -0.8584940434 -0.0584111698
542.5 -15.7 2194.1 -0.4328441918 -0.3196208775 0.8429047465 -0.8677585721 0.4010367990 -0.2935379446 -0.2442149520 -0.8584940434 -0.4509402215
316.8 -233.5 2432.0 0.5035014749 -0.0330900699 0.8633604646 -0.0852218941 0.9924913049 0.0877396613 -0.8597810864 -0.1177542657 0.4969008267
329.9 -627.7 2478.8 0.5014576912 0.0746066794 0.8619593978 -0.1155924499 0.9931204915 -0.0187116694 -0.8574255705 -0.0902528912 0.5066318512
428.5 -182.4 2296.0 -0.1166018471 -0.1195429713 0.9859581590 -0.0283164382 0.9927263856 0.1170148179 -0.9927750230 -0.0142746782 -0.1191387624
476.0 -576.9 2301.7 -0.1076795980 -0.1874401718 0.9763561487 -0.0757461116 0.9807584882 0.1799315065 -0.9912959337 -0.0545802303 -0.1198055372
186.5 -378.0 2402.0 0 0 0 0 0 0 0 0 0
418.0 -265.3 2123.8 0 0 0 0 0 0 0 0 0
301.4 -1007.0 2513.3 0 0 0 0 0 0 0 0 0
547.6 -951.4 2322.5 0 0 0 0 0 0 0 0 0
298.1 367.7 2506.4 93 0.5750955343 -0.1141312197 0.8100858927 0.2567052543 0.9653834701 -0.0462292470 -0.7767673135 0.2345395535 0.5844858289
320.9 174.9 2459.6 0.5750955343 -0.1141312197 0.8100858927 0.2567052543 0.9653834701 -0.0462292470 -0.7767673135 0.2345395535 0.5844858289
342.0 -17.8 2416.3 0.5771766305 -0.1055395901 0.8097706437 0.2383683473 0.9702022672 -0.0434516706 -0.7810555100 0.2181029767 0.5851354003
236.7 140.1 2573.6 0.1194570065 -0.9928389192 0.0009719356 0.9893269539 0.1189520657 -0.0841580555 0.0834397748 0.0110148313 0.9964519739
202.2 -145.4 2549.5 0.1011319011 -0.9928389192 -0.0635866299 0.7878472805 0.1189520657 -0.6042740345 0.6075105071 0.0110148313 0.7942352295
405.2 209.6 2345.6 0.4309250116 -0.3127479255 0.8464587331 -0.7493165135 0.3986605406 0.5287670493 -0.5028204918 -0.8621244431 -0.0625543892
537.7 -20.7 2191.0 -0.5312496424 -0.3127479255 0.7873769999 -0.8258286119 0.3986605406 -0.3988443911 -0.1891583651 -0.8621244431 -0.4700644612
307.5 -231.6 2435.7 0.4774113595 -0.0587877668 0.8767111301 -0.0589806102 0.9933650494 0.0987277627 -0.8766981959 -0.0988427103 0.4707764089
330.8 -626.1 2474.9 0.4730113745 0.0709863752 0.8781920075 -0.1462000757 0.9892542958 -0.0012175936 -0.8688416481 -0.1278157979 0.4783067405
417.1 -183.9 2296.7 -0.1460143179 -0.1473380923 0.9782490730 -0.0396184549 0.9889246821 0.1430325061 -0.9884888530 -0.0178719237 -0.1502344757
475.6 -576.7 2303.8 -0.1414983422 -0.1890092045 0.9717271924 -0.0632970408 0.9813224077 0.1816585362 -0.9879127741 -0.0358030759 -0.1508192271
173.8 -366.7 2378.9 0 0 0 0 0 0 0 0 0
384.8 -258.5 2136.5 0 0 0 0 0 0 0 0 0
303.7 -1003.7 2523.7 0 0 0 0 0 0 0 0 0
547.8 -951.5 2317.5 0 0 0 0 0 0 0 0 0
302.9 366.7 2500.6 94 0.5976479053 -0.1125650406 0.7938174009 0.2515290380 0.9664341211 -0.0523282923 -0.7612819076 0.2309420407 0.6059007049
325.4 174.0 2454.5 0.5976479053 -0.1125650406 0.7938174009 0.2515290380 0.9664341211 -0.0523282923 -0.7612819076 0.2309420407 0.6059007049
346.2 -18.9 2411.5 0.5994312167 -0.1048726514 0.7935262918 0.2356428653 0.9705662727 -0.0497347377 -0.7649540305 0.2168013602 0.6065002084
237.9 139.6 2566.2 0.1428520232 -0.9893117547 0.0292497464 0.9880642295 0.1408262104 -0.0624260381 0.0576396808 0.0378183126 0.9976208806
197.2 -141.6 2549.8 0.1264150739 -0.9893117547 -0.0726737678 0.6990737319 0.1408262104 -0.7010448575 0.7037863135 0.0378183126 0.7094044089
412.9 208.3 2342.9 0.3917062581 -0.3146282732 0.8646243215 -0.7661154270 0.4088813663 0.4958660603 -0.5095422864 -0.8566359282 -0.0808801875
530.9 -22.5 2189.4 -0.6133730412 -0.3146282732 0.7244187593 -0.7763195038 0.4088813663 -0.4797332883 -0.1452636719 -0.8566359282 -0.4950488806
310.1 -232.3 2444.6 0.4991967976 -0.0512132719 0.8649738431 -0.0394562632 0.9958727956 0.0817346647 -0.8655897975 -0.0749303177 0.4951158464
330.5 -627.8 2474.3 0.4945631921 0.0685408413 0.8664348722 -0.1571833491 0.9875012636 0.0116026429 -0.8548102975 -0.1419273764 0.4991552830
415.9 -188.6 2301.5 -0.1200361028 -0.1537774354 0.9807873368 -0.0355235822 0.9879631996 0.1505548954 -0.9921337366 -0.0167690571 -0.1240539774
477.0 -581.2 2308.1 -0.1175200939 -0.1907876879 0.9745712280 -0.0485217422 0.9813026786 0.1862544119 -0.9918844104 -0.0253992584 -0.1245801300
161.5 -339.2 2350.9 0 0 0 0 0 0 0 0 0
355.6 -244.3 2147.9 0 0 0 0 0 0 0 0 0
304.3 -1005.0 2528.5 0 0 0 0 0 0 0 0 0
549.9 -956.1 2317.8 0 0 0 0 0 0 0 0 0
308.9 368.6 2497.7 95 0.6124468446 -0.0975954160 0.7844641209 0.2482046038 0.9659068584 -0.0736095458 -0.7505353689 0.2397895455 0.6157902479
328.4 175.4 2449.7 0.6124468446 -0.0975954160 0.7844641209 0.2482046038 0.9659068584 -0.0736095458 -0.7505353689 0.2397895455 0.6157902479
347.7 -17.0 2404.2 0.6133392453 -0.0968663767 0.7838570476 0.2393268049 0.9685850143 -0.0675699785 -0.7526869178 0.2290413082 0.6172539592
238.8 140.5 2559.6 0.1701657474 -0.9850292206 0.0275861435 0.9853948951 0.1699146330 -0.0112221809 0.0063668867 0.0290928762 0.9995564222
191.7 -132.8 2557.8 0.1253498346 -0.9850292206 -0.1183418557 0.5901263356 0.1699146330 -0.7892274261 0.7975201011 0.0290928762 0.6025905013
417.9 210.3 2339.8 0.3627227545 -0.3032794297 0.8811661601 -0.7788402438 0.4205487370 0.4653456807 -0.5117030740 -0.8550791740 -0.0836636499
527.0 -23.8 2186.0 -0.6983288527 -0.3032794297 0.6483505368 -0.7086378932 0.4205487370 -0.5665431023 -0.1008421257 -0.8550791740 -0.5085965991
312.2 -233.2 2438.5 0.5127101541 -0.0451365970 0.8573744893 -0.0634028167 0.9938998818 0.0902388990 -0.8562175035 -0.1006263569 0.5067207813
330.1 -628.0 2478.5 0.5096427202 0.0606560186 0.8582453728 -0.1360538006 0.9906428456 0.0107782446 -0.8495608568 -0.1222606078 0.5131263733
422.0 -190.1 2298.3 -0.1022549570 -0.1376306415 0.9851912260 -0.0450537764 0.9900070429 0.1336271912 -0.9937374592 -0.0307225436 -0.1074339077
476.7 -583.4 2310.5 -0.1031849161 -0.1949970573 0.9753609896 -0.0403835289 0.9806079865 0.1917738169 -0.9938420653 -0.0196003523 -0.1090586185
157.1 -295.6 2337.8 0 0 0 0 0 0 0 0 0
328.3 -225.5 2157.3 0 0 0 0 0 0 0 0 0
306.9 -1006.4 2525.2 0 0 0 0 0 0 0 0 0
551.2 -958.1 2318.0 0 0 0 0 0 0 0 0 0
314.2 370.5 2497.7 96 0.6230422854 -0.0928145647 0.7766619325 0.2497501820 0.9645652175 -0.0850810558 -0.7412443161 0.2469805479 0.6241453886
332.9 176.4 2448.0 0.6230422854 -0.0928145647 0.7766619325 0.2497501820 0.9645652175 -0.0850810558 -0.7412443161 0.2469805479 0.6241453886
351.4 -15.7 2400.7 0.6236903667 -0.0931053758 0.7761067748 0.2430177778 0.9667738676 -0.0793138370 -0.7429351807 0.2380750179 0.6255937815
241.8 140.9 2556.5 0.2391720563 -0.9676284790 -0.0805723891 0.9709092975 0.2393118739 0.0080597913 0.0114830472 -0.0801561624 0.9967162013
175.0 -130.3 2553.3 0.0385496132 -0.9676284790 -0.2494175434 0.4540232420 0.2393118739 -0.8582497835 0.8901554942 -0.0801561624 0.4485511780
424.0 211.8 2339.5 0.3728391528 -0.3104494512 0.8744210005 -0.7612497211 0.4364930391 0.4795547128 -0.5305562019 -0.8444495201 -0.0735878646
532.0 -8.6 2185.9 -0.7298259735 -0.3104494512 0.6090773344 -0.6786395311 0.4364930391 -0.5906963348 -0.0824766457 -0.8444495201 -0.5292472839
310.7 -231.4 2427.7 0.5235594511 -0.0507999994 0.8504732847 -0.0869225189 0.9898272753 0.1126341447 -0.8475434780 -0.1328959614 0.5138177872
330.9 -624.4 2480.5 0.5212171078 0.0602158010 0.8512970805 -0.1361420751 0.9906002283 0.0132853631 -0.8424951434 -0.1228219122 0.5245156884
423.2 -187.5 2289.7 -0.0873484462 -0.1319426298 0.9874013066 -0.0608107895 0.9900475740 0.1269167364 -0.9943200350 -0.0489586741 -0.0945026502
475.6 -580.8 2309.2 -0.0891971663 -0.2026659250 0.9751771092 -0.0519030988 0.9786952734 0.1986496150 -0.9946607351 -0.0328957289 -0.0978158340
164.7 -251.1 2316.4 0 0 0 0 0 0 0 0 0
323.2 -202.8 2162.3 0 0 0 0 0 0 0 0 0
307.9 -1002.9 2527.4 0 0 0 0 0 0 0 0 0
553.0 -954.8 2321.7 0 0 0 0 0 0 0 0 0
318.9 372.0 2497.7 97 0.6312837601 -0.0834859982 0.7710453272 0.2533333600 0.9618512988 -0.1032677591 -0.7330095768 0.2605227530 0.6283509135
335.7 178.3 2445.3 0.6312837601 -0.0834859982 0.7710453272 0.2533333600 0.9618512988 -0.1032677591 -0.7330095768 0.2605227530 0.6283509135
351.5 -13.3 2395.0 0.6319864392 -0.0794558749 0.7708955407 0.2450276613 0.9641886353 -0.1014971510 -0.7352241874 0.2530355453 0.6288230419
243.4 142.5 2552.6 0.2572720647 -0.9646022320 -0.0579105094 0.9663383365 0.2567396462 0.0165815707 -0.0011266971 -0.0602271222 0.9981840849
171.0 -129.3 2553.0 0.0298150219 -0.9646022320 -0.2620183527 0.3330960572 0.2567396462 -0.9072660804 0.9424213767 -0.0602271222 0.3289599121
428.0 214.0 2337.9 0.3880772889 -0.3465565443 0.8539874554 -0.7391832471 0.4363936782 0.5129997134 -0.5504581332 -0.8303367496 -0.0868143141
536.0 8.3 2184.7 -0.7548955083 -0.3465565443 0.5568045378 -0.6551914215 0.4363936782 -0.6166723371 -0.0292741451 -0.8303367496 -0.5564925075
312.8 -230.1 2421.5 0.5281085372 -0.0414917655 0.8481626511 -0.1010939330 0.9886304736 0.1113095433 -0.8431378603 -0.1445276141 0.5179095864
329.2 -622.8 2478.9 0.5273109674 0.0470202453 0.8483703136 -0.1199570075 0.9925866127 0.0195468627 -0.8411619663 -0.1120752469 0.5290422440
427.1 -185.5 2285.3 -0.0772319958 -0.1232349277 0.9893676639 -0.0842290074 0.9895905852 0.1166876107 -0.9934489131 -0.0743214339 -0.0868080035
476.1 -578.6 2314.8 -0.0906100869 -0.1961693317 0.9763746262 -0.0184213892 0.9805700183 0.1953026950 -0.9957160354 -0.0002897814 -0.0924632475
163.2 -216.6 2305.8 0 0 0 0 0 0 0 0 0
322.5 -177.1 2176.4 0 0 0 0 0 0 0 0 0
311.3 -1002.0 2521.7 0 0 0 0 0 0 0 0 0
551.0 -953.1 2314.9 0 0 0 0 0 0 0 0 0
323.2 374.8 2498.3 98 0.6463471055 -0.0795599595 0.7588844299 0.2521735728 0.9609394073 -0.1140349731 -0.7201693654 0.2650767863 0.6411633492
339.2 182.2 2445.1 0.6463471055 -0.0795599595 0.7588844299 0.2521735728 0.9609394073 -0.1140349731 -0.7201693654 0.2650767863 0.6411633492
355.0 -9.2 2394.0 0.6468424797 -0.0794502199 0.7584737539 0.2461796850 0.9630681276 -0.1090657413 -0.7217966318 0.2572691739 0.6425124407
244.7 146.3 2550.5 0.3113316000 -0.9325383902 -0.1828792095 0.9470980763 0.3202700615 -0.0207927395 0.0779607669 -0.1667311192 0.9829154611
157.8 -118.1 2528.8 -0.1057211235 -0.9325383902 -0.3452466130 0.1993388832 0.3202700615 -0.9261161089 0.9742109776 -0.1667311192 0.1520318389
433.7 218.1 2339.7 0.3458516896 -0.3809117675 0.8574922085 -0.7386173010 0.4530732632 0.4991683960 -0.5786458850 -0.8059968352 -0.1246518716
529.1 14.3 2180.0 -0.8095601797 -0.3809117675 0.4466750026 -0.5845474601 0.4530732632 -0.6730741858 0.0540053733 -0.8059968352 -0.5894510746
309.4 -227.2 2412.1 0.5437940359 -0.0533023328 0.8375242949 -0.1097922325 0.9848849773 0.1339674890 -0.8320058584 -0.1648043841 0.5297223926
330.6 -618.5 2477.6 0.5431448221 0.0568436086 0.8377126455 -0.1218324006 0.9924823642 0.0116464263 -0.8307529688 -0.1083862334 0.5459870696
425.3 -182.3 2277.3 -0.0582215972 -0.1223581731 0.9907768369 -0.0846042782 0.9894946814 0.1172281802 -0.9947121739 -0.0769987479 -0.0679619834
473.9 -575.5 2307.9 -0.0661931410 -0.2192303240 0.9734251499 -0.0493734628 0.9750893116 0.2162477076 -0.9965845346 -0.0337472558 -0.0753683820
185.1 -169.5 2277.7 0 0 0 0 0 0 0 0 0
301.5 -150.0 2195.2 0 0 0 0 0 0 0 0 0
308.8 -997.7 2519.0 0 0 0 0 0 0 0 0 0
557.6 -947.7 2320.8 0 0 0 0 0 0 0 0 0
327.2 375.1 2497.0 99 0.6192500591 -0.0786822140 0.7812415957 0.2489466220 0.9633088112 -0.1003082022 -0.7446844578 0.2566033304 0.6161167026
342.9 182.3 2445.7 0.6192500591 -0.0786822140 0.7812415957 0.2489466220 0.9633088112 -0.1003082022 -0.7446844578 0.2566033304 0.6161167026
359.1 -9.7 2397.0 0.6199055314 -0.0809543058 0.7804893255 0.2410241365 0.9662231803 -0.0912149101 -0.7467426062 0.2446613759 0.6184790134
252.4 147.2 2554.7 0.3765088916 -0.8900455236 -0.2570214868 0.9151301980 0.4004908502 -0.0463013016 0.1441450119 -0.2177752554 0.9652959108
150.9 -99.6 2515.8 -0.1929205954 -0.8900455236 -0.4130382836 0.1019252092 0.4004908502 -0.9106142521 0.9759061933 -0.2177752554 0.0134551376
433.4 217.5 2336.7 0.3361525536 -0.4355984032 0.8350182772 -0.7267638445 0.4439316094 0.5241555572 -0.5990123153 -0.7830573320 -0.1673484445
528.3 12.5 2167.7 -0.8467975259 -0.4355984032 0.3052670956 -0.4971180260 0.4439316094 -0.7455188632 0.1892291307 -0.7830573320 -0.5924640298
311.5 -223.1 2409.1 0.5169543028 -0.0493323654 0.8545902967 -0.1170579493 0.9848854542 0.1276639104 -0.8479714990 -0.1660329998 0.5033659935
331.1 -614.4 2475.0 0.5160400867 0.0641443878 0.8541592956 -0.1321188956 0.9912192822 0.0053824726 -0.8463138938 -0.1156281531 0.5199835896
430.1 -177.9 2276.7 -0.0921508893 -0.1152589247 0.9890518785 -0.0866747350 0.9904365540 0.1073447242 -0.9919655919 -0.0758338943 -0.1012596488
475.9 -571.5 2306.8 -0.0963481143 -0.1943640262 0.9761862755 -0.0656423345 0.9798547029 0.1886156350 -0.9931808114 -0.0459063873 -0.1071656570
200.7 -125.9 2263.9 0 0 0 0 0 0 0 0 0
292.3 -126.0 2220.4 0 0 0 0 0 0 0 0 0
306.6 -993.1 2519.2 0 0 0 0 0 0 0 0 0
550.1 -945.6 2324.4 0 0 0 0 0 0 0 0 0
332.2 374.0 2495.9 00 0.6330649853 -0.0656344965 0.7713111043 0.2379906029 0.9646425843 -0.1132483259 -0.7366065383 0.2552583516 0.6263018847
345.3 181.2 2444.9 0.6330649853 -0.0656344965 0.7713111043 0.2379906029 0.9646425843 -0.1132483259 -0.7366065383 0.2552583516 0.6263018847
359.3 -11.2 2397.2 0.6337041259 -0.0702877119 0.7703756690 0.2289016545 0.9683051109 -0.0999460071 -0.7389337420 0.2396764755 0.6297079325
252.8 147.8 2552.8 0.3430389166 -0.9078233242 -0.2412075102 0.9235929251 0.3727796376 -0.0895069093 0.1711737067 -0.1920731962 0.9663371444
163.5 -92.7 2508.2 -0.1987113208 -0.9078233242 -0.3692838550 0.0209376942 0.3727796376 -0.9276836514 0.9798343778 -0.1920731962 -0.0550678037
437.8 214.6 2337.0 0.3080403805 -0.5042346120 0.8067580462 -0.7076345682 0.4453614056 0.5485494733 -0.6358965039 -0.7398653030 -0.2196245790
525.1 14.1 2156.9 -0.8402020931 -0.5042346120 0.1995192170 -0.4509552419 0.4453614056 -0.7734937668 0.3011641800 -0.7398653030 -0.6015807986
318.4 -223.7 2416.9 0.5260212421 -0.0306189209 0.8499200940 -0.0983281508 0.9904605150 0.0965379328 -0.8447681665 -0.1343520731 0.5179925561
330.6 -617.0 2470.2 0.5243564844 0.0505590141 0.8499965072 -0.1401602775 0.9897443056 0.0275924113 -0.8398841619 -0.1336040199 0.5260651708
432.0 -179.6 2280.0 -0.0814646706 -0.1088853702 0.9907106161 -0.0713135004 0.9921035171 0.1031744629 -0.9941216707 -0.0622459650 -0.0885863900
475.3 -573.8 2304.7 -0.0796535835 -0.2047623694 0.9755653143 -0.0799714774 0.9768330455 0.1984988898 -0.9936094880 -0.0622062460 -0.0941834003
214.1 -98.0 2258.3 0 0 0 0 0 0 0 0 0
290.6 -111.7 2240.9 0 0 0 0 0 0 0 0 0
311.3 -995.1 2521.2 0 0 0 0 0 0 0 0 0
553.5 -946.8 2328.5 0 0 0 0 0 0 0 0 0
333.0 374.6 2486.8 01 0.6144602895 -0.0745830238 0.7854145169 0.2219233066 0.9716646671 -0.0813498721 -0.7570921779 0.2242880464 0.6136010885
348.0 179.5 2441.8 0.6144602895 -0.0745830238 0.7854145169 0.2219233066 0.9716646671 -0.0813498721 -0.7570921779 0.2242880464 0.6136010885
362.0 -14.2 2400.0 0.6155027747 -0.0699020997 0.7850286961 0.2078763694 0.9751863480 -0.0761512443 -0.7602261305 0.2100602090 0.6147608757
258.1 149.2 2552.7 0.3679622412 -0.8994926810 -0.2356198281 0.9146662354 0.3957361281 -0.0823322535 0.1673005372 -0.1852183342 0.9683515429
164.6 -83.4 2510.2 -0.2143464833 -0.8994926810 -0.3807472885 -0.0302639045 0.3957361281 -0.9178654552 0.9762887359 -0.1852183342 -0.1120468080
437.9 209.7 2330.8 0.3051297665 -0.5599207282 0.7703145742 -0.6812865734 0.4368343055 0.5873878002 -0.6653904319 -0.7040344477 -0.2481753379
521.9 22.1 2147.6 -0.8150621057 -0.5599207282 0.1488708258 -0.4430784285 0.4368343055 -0.7828520536 0.3733032048 -0.7040344477 -0.6041358709
315.2 -224.5 2417.3 0.5058739185 -0.0397954769 0.8616889715 -0.0907654688 0.9909342527 0.0990503356 -0.8578188419 -0.1283185780 0.4976757169
331.0 -618.2 2468.3 0.5037332177 0.0528547391 0.8622407913 -0.1452329904 0.9891011119 0.0242159776 -0.8515633941 -0.1374242008 0.5059193373
431.4 -182.6 2281.9 -0.1057758778 -0.1197680533 0.9871509671 -0.0861839876 0.9900887609 0.1108896434 -0.9906481504 -0.0733471587 -0.1150496006
479.0 -576.0 2311.0 -0.1177800149 -0.1760918200 0.9773021936 -0.0205906946 0.9843736291 0.1748844683 -0.9928262234 0.0004745635 -0.1195653901
219.1 -75.7 2261.7 0 0 0 0 0 0 0 0 0
293.2 -102.2 2252.3 0 0 0 0 0 0 0 0 0
310.8 -996.1 2520.8 0 0 0 0 0 0 0 0 0
546.1 -951.2 2310.8 0 0 0 0 0 0 0 0 0
337.6 373.7 2482.3 02 0.5993408561 -0.0658481419 0.7977809906 0.2145286649 0.9733676910 -0.0808258727 -0.7712119818 0.2195891440 0.5975053310
350.7 178.9 2438.3 0.5993408561 -0.0658481419 0.7977809906 0.2145286649 0.9733676910 -0.0808258727 -0.7712119818 0.2195891440 0.5975053310
363.8 -15.2 2398.1 0.6002615094 -0.0653777942 0.7971272469 0.2008454651 0.9770386815 -0.0711093098 -0.7741751671 0.2027835697 0.5996095538
263.1 149.6 2551.4 0.3964169621 -0.8892914057 -0.2280667424 0.9057281017 0.4194254279 -0.0611463189 0.1500338763 -0.1823270172 0.9717235565
168.4 -66.9 2515.5 -0.2172460258 -0.8892914057 -0.4024487436 -0.0365920588 0.4194254279 -0.9070519805 0.9754307866 -0.1823270172 -0.1236595139
438.4 208.2 2325.3 0.2954079211 -0.5649558902 0.7704278231 -0.6729058623 0.4494057596 0.5875646472 -0.6781827807 -0.6919966340 -0.2474040836
518.5 25.7 2141.5 -0.8173640966 -0.5649558902 0.1128749847 -0.4195400476 0.4494057596 -0.7886828184 0.3948443234 -0.6919966340 -0.6043497324
319.5 -226.9 2428.0 0.4879533648 -0.0260801576 0.8724799752 -0.0795004517 0.9940711260 0.0741771087 -0.8692417145 -0.1055575237 0.4829869568
329.9 -621.8 2469.9 0.4855655730 0.0501193479 0.8727623820 -0.1537489146 0.9876895547 0.0288197771 -0.8605738282 -0.1481801569 0.4872938395
432.4 -188.9 2288.7 -0.1288788319 -0.1205592826 0.9843046665 -0.0677396506 0.9913342595 0.1125508696 -0.9893440008 -0.0521710366 -0.1359286457
480.3 -582.7 2309.4 -0.1352592111 -0.1754554212 0.9751514196 -0.0324495137 0.9844524264 0.1726279706 -0.9902787209 -0.0082936678 -0.1388497055
224.2 -57.5 2264.7 0 0 0 0 0 0 0 0 0
288.0 -92.6 2252.8 0 0 0 0 0 0 0 0 0
310.7 -999.2 2526.5 0 0 0 0 0 0 0 0 0
547.2 -958.4 2312.5 0 0 0 0 0 0 0 0 0
342.7 373.8 2482.0 03 0.5914447904 -0.0630490258 0.8038768172 0.2162502259 0.9728202224 -0.0828045979 -0.7768068910 0.2228128761 0.5890038013
355.3 179.0 2437.4 0.5914447904 -0.0630490258 0.8038768172 0.2162502259 0.9728202224 -0.0828045979 -0.7768068910 0.2228128761 0.5890038013
368.0 -15.1 2396.9 0.5924039483 -0.0639013574 0.8031028509 0.2015188932 0.9769139290 -0.0709180236 -0.7800305486 0.2038525045 0.5916050076
268.8 149.6 2551.3 0.5079070926 -0.8102248311 -0.2925169170 0.8465299010 0.5323213935 -0.0045859287 0.1594286412 -0.2452950925 0.9562493563
139.7 -65.6 2510.8 -0.3493720591 -0.8102248311 -0.4706112146 -0.1025964618 0.5323213935 -0.8403022885 0.9313501716 -0.2452950925 -0.2691044211
441.8 208.5 2323.5 0.2690598369 -0.5465015173 0.7930592299 -0.6657005548 0.4895421565 0.5631973147 -0.6960241199 -0.6794737577 -0.2320902348
513.7 30.7 2137.6 -0.8331824541 -0.5465015173 0.0845168456 -0.3997126222 0.4895421565 -0.7749698758 0.3821476400 -0.6794737577 -0.6263214946
321.8 -227.7 2428.7 0.4793319702 -0.0227260459 0.8773393631 -0.0796699151 0.9944104552 0.0692860186 -0.8740100265 -0.1031085551 0.4748421311
330.8 -622.8 2469.7 0.4766831100 0.0530292243 0.8774743080 -0.1550145298 0.9876077175 0.0245257765 -0.8652997613 -0.1477122903 0.4789962173
431.9 -190.9 2286.8 -0.1367809922 -0.1180146486 0.9835463762 -0.0832051337 0.9907382131 0.1073063239 -0.9871007204 -0.0671586469 -0.1453335881
478.7 -584.6 2313.5 -0.1497835815 -0.1879785210 0.9706847668 -0.0170885175 0.9821057320 0.1875533760 -0.9885711074 0.0115048522 -0.1503155977
228.9 -39.4 2272.9 0 0 0 0 0 0 0 0 0
278.1 -82.3 2245.7 0 0 0 0 0 0 0 0 0
310.6 -1000.2 2526.1 0 0 0 0 0 0 0 0 0
550.5 -959.5 2309.1 0 0 0 0 0 0 0 0 0
348.9 375.1 2482.9 04 0.5935357809 -0.0465869084 0.8034580946 0.1978650540 0.9761284590 -0.0895693004 -0.7801055908 0.2121388614 0.5885850787
358.2 179.8 2440.5 0.5935357809 -0.0465869084 0.8034580946 0.1978650540 0.9761284590 -0.0895693004 -0.7801055908 0.2121388614 0.5885850787
369.0 -14.8 2402.1 0.5940833688 -0.0542993210 0.8025687337 0.1872496456 0.9796460271 -0.0723274946 -0.7823058963 0.1932492554 0.5921589136
271.5 152.5 2554.7 0.5579375029 -0.7624597549 -0.3276596665 0.8067776561 0.5908540487 -0.0011319540 0.1944621205 -0.2637169659 0.9447951317
124.2 -60.5 2503.4 -0.4359726012 -0.7624597549 -0.4781035781 -0.1679728627 0.5908540487 -0.7890986204 0.8841453791 -0.2637169659 -0.3856687248
445.0 207.2 2326.2 0.1943937093 -0.5278559923 0.8267884254 -0.6690692902 0.5450184941 0.5052733421 -0.7173265219 -0.6514007449 -0.2472240627
496.2 30.8 2137.1 -0.8491936922 -0.5278559923 0.0154298432 -0.3526031375 0.5450184941 -0.7606745958 0.3931171000 -0.6514007449 -0.6489499211
326.4 -227.6 2427.9 0.4781987369 -0.0132320365 0.8781519532 -0.0905441940 0.9938157201 0.0642808154 -0.8735718131 -0.1102505624 0.4740433395
331.7 -622.5 2471.7 0.4757253230 0.0561573803 0.8777993917 -0.1487433016 0.9887234569 0.0173579883 -0.8669260740 -0.1388244182 0.4787138104
435.1 -190.7 2284.9 -0.1394096613 -0.1092809811 0.9841862917 -0.0789422840 0.9919550419 0.0989614502 -0.9870831370 -0.0638977289 -0.1469150037
478.5 -584.9 2310.3 -0.1478658766 -0.2061882615 0.9672756195 -0.0394186787 0.9784781337 0.2025503814 -0.9882215858 -0.0081784353 -0.1528111994
235.7 -17.5 2277.1 0 0 0 0 0 0 0 0 0
257.3 -68.4 2247.7 0 0 0 0 0 0 0 0 0
310.2 -1000.3 2524.8 0 0 0 0 0 0 0 0 0
557.2 -958.5 2313.4 0 0 0 0 0 0 0 0 0
353.2 373.9 2480.3 05 0.5795411468 -0.0326638371 0.8142881393 0.1813302338 0.9793162942 -0.0897717923 -0.7945133448 0.1996814907 0.5734770298
359.7 178.3 2440.5 0.5795411468 -0.0326638371 0.8142881393 0.1813302338 0.9793162942 -0.0897717923 -0.7945133448 0.1996814907 0.5734770298
368.0 -17.0 2404.8 0.5799727440 -0.0415033288 0.8135779500 0.1699111909 0.9828996062 -0.0709830597 -0.7967193723 0.1794042289 0.5771068335
275.0 153.5 2556.8 0.5861576796 -0.7342849374 -0.3424102962 0.7824996710 0.6226360202 0.0043105287 0.2100318372 -0.2704626024 0.9395406246
115.8 -59.0 2499.8 -0.4945942461 -0.7342849374 -0.4649754763 -0.2177964449 0.6226360202 -0.7515910268 0.8413924575 -0.2704626024 -0.4678768516
444.4 203.1 2324.1 0.1723937392 -0.5199977756 0.8365899324 -0.6432278156 0.5837970972 0.4954179227 -0.7460150123 -0.6235249043 -0.2338340580
488.0 40.4 2135.4 -0.8538488746 -0.5199977756 -0.0233326741 -0.3353294134 0.5837970972 -0.7394154072 0.3981159031 -0.6235249043 -0.6728450656
325.4 -226.6 2435.4 0.4594033957 -0.0155156842 0.8880922198 -0.0756857842 0.9955272079 0.0565443449 -0.8849973083 -0.0931926221 0.4561742544
331.5 -622.2 2472.4 0.4571691751 0.0500249639 0.8879717588 -0.1379176080 0.9903268218 0.0152151408 -0.8786211014 -0.1294228286 0.4596462250
434.3 -192.3 2291.9 -0.1633594930 -0.1195941493 0.9792910218 -0.0610720888 0.9919474721 0.1109521165 -0.9846745133 -0.0416822694 -0.1693478972
481.8 -586.4 2308.5 -0.1645652056 -0.1709688157 0.9714360237 -0.0541507415 0.9849441648 0.1641728282 -0.9848786592 -0.0255868472 -0.1713456213
242.9 -3.1 2283.6 0 0 0 0 0 0 0 0 0
251.5 -52.5 2245.6 0 0 0 0 0 0 0 0 0
312.4 -1000.6 2521.9 0 0 0 0 0 0 0 0 0
547.1 -962.3 2318.3 0 0 0 0 0 0 0 0 0
358.4 373.4 2479.5 06 0.5835048556 -0.0179253537 0.8119117618 0.1637532711 0.9818181992 -0.0960096791 -0.7954287529 0.1889753193 0.5758310556
361.9 177.7 2441.9 0.5835048556 -0.0179253537 0.8119117618 0.1637532711 0.9818181992 -0.0960096791 -0.7954287529 0.1889753193 0.5758310556
367.6 -18.0 2407.9 0.5837071538 -0.0284116026 0.8114670515 0.1551681310 0.9848722219 -0.0771330744 -0.7969998717 0.1709369421 0.5792855620
276.7 155.0 2558.3 0.5953929424 -0.7160878181 -0.3643151224 0.7702538967 0.6377150416 0.0053354721 0.2285085618 -0.2837918401 0.9312604666
111.6 -58.6 2494.9 -0.5350520611 -0.7160878181 -0.4482605755 -0.2403935939 0.6377150416 -0.7317994833 0.8098951578 -0.2837918401 -0.5133536458
447.2 200.3 2325.5 0.1433553249 -0.5231052041 0.8401250839 -0.6216568351 0.6129245758 0.4877153039 -0.7700597644 -0.5921860933 -0.2373259366
482.9 45.4 2133.6 -0.8508263230 -0.5231052041 -0.0495530888 -0.3351649642 0.6129245758 -0.7155333161 0.4046715200 -0.5921860933 -0.6968188882
323.1 -227.8 2442.3 0.4597138762 -0.0190028362 0.8878637552 -0.0659771785 0.9962773323 0.0554845482 -0.8856129050 -0.0840857625 0.4567487538
330.6 -623.7 2475.7 0.4577161372 0.0504758954 0.8876644373 -0.1174849942 0.9930661321 0.0041106483 -0.8813019991 -0.1061687544 0.4604725838
429.4 -196.6 2296.2 -0.1631847769 -0.1346609741 0.9773623347 -0.0604687482 0.9901440740 0.1263259202 -0.9847407341 -0.0384854116 -0.1697192192
482.9 -590.0 2311.5 -0.1644183099 -0.1758539230 0.9705885053 -0.0535894260 0.9841190577 0.1692273319 -0.9849339128 -0.0241892096 -0.1712311059
249.6 3.4 2286.0 0 0 0 0 0 0 0 0 0
251.4 -45.7 2243.7 0 0 0 0 0 0 0 0 0
311.3 -1003.1 2516.2 0 0 0 0 0 0 0 0 0
550.1 -965.9 2320.7 0 0 0 0 0 0 0 0 0
364.0 371.9 2480.2 07 0.5949965119 0.0001840696 0.8037282228 0.1513082981 0.9820939302 -0.1122377962 -0.7893573046 0.1883918494 0.5843146443
364.0 175.7 2442.5 0.5949965119 0.0001840696 0.8037282228 0.1513082981 0.9820939302 -0.1122377962 -0.7893573046 0.1883918494 0.5843146443
367.4 -20.1 2409.0 0.5950444341 -0.0173475910 0.8035055399 0.1458155960 0.9855046868 -0.0867083445 -0.7903543115 0.1687589586 0.5889486670
277.1 154.4 2558.0 0.5982992649 -0.6924387813 -0.4031953812 0.7554725409 0.6551672816 -0.0041285343 0.2670192122 -0.3021329641 0.9151046276
109.2 -57.5 2483.1 -0.5706418157 -0.6924387813 -0.4414707422 -0.2410941422 0.6551672816 -0.7159814239 0.7850105166 -0.3021329641 -0.5408087969
450.9 197.0 2327.1 0.1020402536 -0.5042897463 0.8574844599 -0.6000003219 0.6563435197 0.4573978186 -0.7934654355 -0.5611639619 -0.2356005609
476.4 46.8 2128.5 -0.8576235175 -0.5042897463 -0.1008650139 -0.3047649264 0.6563435197 -0.6901677251 0.4142466187 -0.5611639619 -0.7165854573
319.7 -227.9 2447.0 0.4688228071 -0.0292214006 0.8828087449 -0.0530400462 0.9967177510 0.0611591935 -0.8816983104 -0.0754970461 0.4657340944
331.3 -623.9 2477.0 0.4658150375 0.0603694767 0.8828204274 -0.1201588139 0.9927445650 -0.0044852677 -0.8766859174 -0.1039893478 0.4696892500
426.8 -199.4 2300.9 -0.1533711404 -0.1408330202 0.9780814648 -0.0528206229 0.9895454049 0.1342009902 -0.9867559075 -0.0310803112 -0.1592065990
482.7 -592.6 2313.3 -0.1558624208 -0.1688657254 0.9732375145 -0.0383823253 0.9855700731 0.1648586690 -0.9870327711 -0.0116598494 -0.1600947976
256.8 4.8 2280.0 0 0 0 0 0 0 0 0 0
245.5 -35.3 2240.0 0 0 0 0 0 0 0 0 0
308.3 -1003.2 2516.8 0 0 0 0 0 0 0 0 0
547.2 -969.1 2317.7 0 0 0 0 0 0 0 0 0
366.3 371.0 2479.0 08 0.5813274980 0.0107058836 0.8135992289 0.1390213370 0.9839036465 -0.1122794598 -0.8017053008 0.1783787906 0.5704819560
364.1 174.6 2443.4 0.5813274980 0.0107058836 0.8135992289 0.1390213370 0.9839036465 -0.1122794598 -0.8017053008 0.1783787906 0.5704819560
364.3 -21.5 2411.5 0.5812892318 -0.0009541495 0.8136964440 0.1312760264 0.9870093465 -0.0926237032 -0.8030376434 0.1606599987 0.5738631487
279.2 155.4 2560.6 0.6472131610 -0.7083076239 -0.2818074822 0.7532935143 0.6509392858 0.0939515308 0.1168929785 -0.2730904222 0.9548600316
90.3 -64.5 2526.5 -0.5132397413 -0.7083076239 -0.4846497178 -0.2092790157 0.6509392858 -0.7297124863 0.8323384523 -0.2730904222 -0.4823218286
449.0 193.8 2326.1 0.0835004076 -0.5039878488 0.8596650362 -0.5927523375 0.6683449745 0.4493992329 -0.8010445237 -0.5470934510 -0.2429328859
470.0 45.0 2125.0 -0.8541290164 -0.5039878488 -0.1282962263 -0.2915736437 0.6683449745 -0.6843243241 0.4306372702 -0.5470934510 -0.7178024054
316.3 -229.3 2447.9 0.4503724873 -0.0384343266 0.8920131326 -0.0559804887 0.9958917499 0.0711743981 -0.8910840750 -0.0819903240 0.4463706911
331.6 -625.0 2480.5 0.4487514198 0.0491579175 0.8923035860 -0.0963179171 0.9953300953 -0.0063941842 -0.8884509206 -0.0830754191 0.4513905644
425.4 -202.5 2303.0 -0.1751863807 -0.1389449835 0.9746814966 -0.0457267500 0.9900713563 0.1329200715 -0.9834728241 -0.0212832298 -0.1798005253
480.6 -596.0 2311.4 -0.1722666174 -0.1940240264 0.9657530189 -0.0605907366 0.9806404710 0.1862070858 -0.9831851125 -0.0264384225 -0.1806876659
223.0 -10.4 2311.4 0 0 0 0 0 0 0 0 0
241.0 -33.2 2240.4 0 0 0 0 0 0 0 0 0
312.8 -1005.2 2512.2 0 0 0 0 0 0 0 0 0
554.7 -970.5 2321.5 0 0 0 0 0 0 0 0 0
367.2 373.4 2478.9 09 0.5715839267 0.0135437464 0.8204318285 0.1363851726 0.9843873978 -0.1112680733 -0.8091297150 0.1754937768 0.5608128309
364.5 177.0 2443.8 0.5715839267 0.0135437464 0.8204318285 0.1363851726 0.9843873978 -0.1112680733 -0.8091297150 0.1754937768 0.5608128309
363.7 -19.2 2412.7 0.5714957714 0.0040452755 0.8205950260 0.1265020967 0.9876000285 -0.0929697752 -0.8107957840 0.1569388360 0.5638975501
281.0 158.5 2562.3 0.6314738393 -0.6906625628 -0.3524571955 0.7466117144 0.6642886400 0.0359375551 0.2093126029 -0.2858422995 0.9351376295
97.2 -58.8 2501.3 -0.4917530715 -0.6906625628 -0.5302491784 -0.1415877938 0.6642886400 -0.7339437604 0.8591459990 -0.2858422995 -0.4244553745
447.9 195.5 2325.4 0.0640272796 -0.5087191463 0.8585484028 -0.5966447592 0.6701066494 0.4415564835 -0.7999472022 -0.5405200720 -0.2606195211
464.3 43.1 2121.2 -0.8406907916 -0.5087191463 -0.1855903864 -0.2513108850 0.6701066494 -0.6984267831 0.4796684086 -0.5405200720 -0.6911991239
311.2 -229.6 2453.2 0.4380531311 -0.0434829183 0.8978968263 -0.0392055735 0.9969549775 0.0674071163 -0.8980937600 -0.0647304580 0.4350144863
328.5 -625.8 2478.9 0.4371163547 0.0294637978 0.8989222050 -0.1220448539 0.9921619892 0.0268265083 -0.8910860419 -0.1214351431 0.4372861385
417.8 -205.5 2305.9 -0.1849473417 -0.1630027294 0.9691359997 -0.0672187582 0.9859372973 0.1530007571 -0.9804468751 -0.0368470363 -0.1933033168
482.6 -597.2 2320.6 -0.2013329417 -0.1836830378 0.9621463418 0.0164820403 0.9814858437 0.1908240616 -0.9793841839 0.0542773046 -0.1945779622
224.3 -22.2 2279.3 0 0 0 0 0 0 0 0 0
239.3 -24.1 2249.5 0 0 0 0 0 0 0 0 0
317.3 -1004.5 2525.3 0 0 0 0 0 0 0 0 0
552.5 -970.9 2299.9 0 0 0 0 0 0 0 0 0
368.9 372.6 2478.8 10 0.5703781247 0.0155007355 0.8212359548 0.1364872456 0.9841333032 -0.1133707464 -0.8099629879 0.1767524332 0.5592124462
365.8 175.8 2443.5 0.5703781247 0.0155007355 0.8212359548 0.1364872456 0.9841333032 -0.1133707464 -0.8099629879 0.1767524332 0.5592124462
364.6 -20.3 2411.5 0.5702930093 0.0061262967 0.8214184642 0.1287288070 0.9869505167 -0.0967344791 -0.8112920523 0.1609072238 0.5620623827
282.5 157.0 2562.0 0.6235284805 -0.6674974561 -0.4070127308 0.7350373268 0.6778749824 0.0143407276 0.2663313448 -0.3081113696 0.9133099318
101.0 -57.1 2484.4 -0.5053505301 -0.6674974561 -0.5468710661 -0.1085112020 0.6778749824 -0.7271250486 0.8560643196 -0.3081113696 -0.4149954319
449.1 194.6 2325.0 0.0787489936 -0.5316474438 0.8432968855 -0.5749284029 0.6668504477 0.4740968347 -0.8144052625 -0.5221699476 -0.2531453967
470.0 42.3 2109.3 -0.8230782151 -0.5316474438 -0.1997329146 -0.2613934278 0.6668504477 -0.6978423595 0.5041980743 -0.5221699476 -0.6878392696
310.5 -227.1 2455.9 0.4361830652 -0.0512477271 0.8983974457 -0.0318620913 0.9968713522 0.0723344609 -0.8992936611 -0.0601758920 0.4331855476
330.9 -623.2 2479.8 0.4328389764 0.0580581017 0.8995997310 -0.1155638397 0.9932636619 -0.0084998552 -0.8940332532 -0.1002821326 0.4366326630
415.3 -203.8 2307.2 -0.1879607588 -0.1711432487 0.9671508074 -0.0560530610 0.9849659204 0.1634021103 -0.9805757403 -0.0234985817 -0.1947280467
483.3 -595.2 2316.5 -0.1973270029 -0.1786839366 0.9639160037 -0.0059228092 0.9834482670 0.1810922027 -0.9803198576 0.0300252903 -0.1951192021
231.9 -29.0 2262.7 0 0 0 0 0 0 0 0 0
249.5 -27.7 2244.3 0 0 0 0 0 0 0 0 0
308.7 -1002.3 2518.0 0 0 0 0 0 0 0 0 0
551.4 -970.2 2305.1 0 0 0 0 0 0 0 0 0
372.7 373.7 2479.8 11 0.5645286441 0.0151073923 0.8252752423 0.1386870146 0.9838821888 -0.1128795370 -0.8136788607 0.1781786829 0.5533344746
369.6 177.4 2444.2 0.5645286441 0.0151073923 0.8252752423 0.1386870146 0.9838821888 -0.1128795370 -0.8136788607 0.1781786829 0.5533344746
368.2 -18.7 2412.4 0.5644103885 0.0072407159 0.8254625797 0.1282559186 0.9870494008 -0.0963531360 -0.8154700398 0.1602531672 0.5561722517
287.2 158.7 2563.4 0.6247498989 -0.6468407512 -0.4373610020 0.7265473604 0.6867593527 0.0221475065 0.2860358357 -0.3316001296 0.8990132809
103.3 -55.2 2479.2 -0.5264295936 -0.6468407512 -0.5517870188 -0.0874832049 0.6867593527 -0.7216011882 0.8457059860 -0.3316001296 -0.4181181490
452.1 196.2 2325.1 0.1269161999 -0.5478585958 0.8268876672 -0.5406007767 0.6607356668 0.5207487345 -0.8316508532 -0.5131075382 -0.2123147249
484.8 56.7 2110.6 -0.8213836551 -0.5478585958 -0.1586815417 -0.3085110486 0.6607356668 -0.6842874885 0.4797393382 -0.5131075382 -0.7117378712
311.1 -228.2 2453.9 0.4294926524 -0.0515490025 0.9015979171 -0.0288567543 0.9970762730 0.0707544312 -0.9026091695 -0.0564056970 0.4267493784
331.6 -624.5 2476.4 0.4252493382 0.0640341714 0.9028081894 -0.1273481697 0.9918039441 -0.0103616975 -0.8960722089 -0.1105646566 0.4299186170
415.7 -204.6 2305.1 -0.1956352144 -0.1711961776 0.9656183124 -0.0532271005 0.9850471020 0.1638568789 -0.9792311788 -0.0193408895 -0.2018221766
483.7 -596.1 2312.8 -0.1954358071 -0.1816472113 0.9637474418 -0.0543070920 0.9831939340 0.1742996871 -0.9792116880 -0.0182739198 -0.2020160407
239.8 -32.5 2259.9 0 0 0 0 0 0 0 0 0
268.2 -24.7 2237.1 0 0 0 0 0 0 0 0 0
307.2 -1003.3 2518.6 0 0 0 0 0 0 0 0 0
553.0 -970.9 2319.8 0 0 0 0 0 0 0 0 0
374.8 372.5 2479.3 12 0.5697450638 0.0178808346 0.8216269612 0.1360321492 0.9839202166 -0.1157422587 -0.8104849458 0.1777112633 0.5581513047
371.2 176.2 2443.8 0.5697450638 0.0178808346 0.8216269612 0.1360321492 0.9839202166 -0.1157422587 -0.8104849458 0.1777112633 0.5581513047
369.4 -20.0 2412.0 0.5696125031 0.0090561565 0.8218634725 0.1263348013 0.9870916009 -0.0984362289 -0.8121460080 0.1599004716 0.5611156225
288.0 157.7 2562.5 0.6311255693 -0.6372438073 -0.4422678947 0.7268774509 0.6849148273 0.0504065305 0.2707946002 -0.3532873988 0.8954654336
103.6 -54.6 2483.3 -0.5285874009 -0.6372438073 -0.5608170033 -0.0548499264 0.6849148273 -0.7265556455 0.8471049666 -0.3532873988 -0.3969901502
454.4 194.6 2325.2 0.1594817787 -0.5497176051 0.8199854493 -0.5112159848 0.6645838618 0.5449646711 -0.8445257545 -0.5061016083 -0.1750354022
494.4 66.4 2113.4 -0.8320561051 -0.5497176051 -0.0741159841 -0.3818625212 0.6645838618 -0.6422688365 0.4023227692 -0.5061016083 -0.7628876567
315.0 -226.6 2455.3 0.4348264933 -0.0441437885 0.8994316459 -0.0315314010 0.9974389076 0.0641976818 -0.8999620676 -0.0562751889 0.4323209524
332.6 -623.0 2477.7 0.4304412305 0.0690070242 0.8999769092 -0.1187896878 0.9927317500 -0.0193043705 -0.8947677612 -0.0985985771 0.4355100095
418.5 -203.1 2305.8 -0.1907493323 -0.1597206742 0.9685577154 -0.0482839085 0.9870065451 0.1532538831 -0.9804505706 -0.0175326746 -0.1959827691
482.0 -595.3 2312.7 -0.1907679737 -0.1800418198 0.9649831653 -0.0481821075 0.9835689664 0.1739843339 -0.9804519415 -0.0133042857 -0.1963082552
240.7 -40.4 2263.6 0 0 0 0 0 0 0 0 0
281.6 -31.2 2216.3 0 0 0 0 0 0 0 0 0
306.2 -1002.2 2515.4 0 0 0 0 0 0 0 0 0
550.7 -970.8 2317.8 0 0 0 0 0 0 0 0 0
376.7 372.2 2479.5 13 0.5750586987 0.0182185415 0.8179093003 0.1368996501 0.9835125208 -0.1181591898 -0.8065767288 0.1799199581 0.5630832911
373.1 176.1 2443.6 0.5750586987 0.0182185415 0.8179093003 0.1368996501 0.9835125208 -0.1181591898 -0.8065767288 0.1799199581 0.5630832911
370.7 -20.0 2411.4 0.5748857856 0.0121671641 0.8181431890 0.1256892681 0.9867090583 -0.1029922739 -0.8085224628 0.1620406210 0.5657157302
289.1 157.7 2561.8 0.6329873800 -0.6297426820 -0.4502788782 0.7264940739 0.6841420531 0.0644669756 0.2674571276 -0.3679317236 0.8905576468
104.6 -54.1 2483.8 -0.5358030200 -0.6297426820 -0.5624403954 -0.0396109559 0.6841420531 -0.7282723188 0.8434133530 -0.3679317236 -0.3915100992
457.1 194.5 2325.5 0.1742421836 -0.5493599176 0.8172168136 -0.4910943806 0.6708553433 0.5556792021 -0.8535021544 -0.4981533587 -0.1528962702
500.5 72.2 2113.1 -0.8351677656 -0.5493599176 -0.0264278278 -0.4219807386 0.6708553433 -0.6098240614 0.3527421355 -0.4981533587 -0.7920960784
315.4 -227.7 2454.8 0.4400480986 -0.0394478627 0.8971073031 -0.0333756097 0.9976258278 0.0602392592 -0.8973537683 -0.0564496741 0.4376867414
331.0 -624.2 2477.2 0.4362795949 0.0616723634 0.8976951838 -0.1226753518 0.9924099445 -0.0085591562 -0.8914095163 -0.1063908935 0.4405338764
419.8 -204.5 2305.8 -0.1859042048 -0.1548801363 0.9702844024 -0.0408668257 0.9878628850 0.1498560905 -0.9817176461 -0.0117935641 -0.1899773329
481.4 -597.1 2310.5 -0.1827279329 -0.1847631931 0.9656464458 -0.0579118505 0.9825003147 0.1770293713 -0.9814563990 -0.0235741641 -0.1902302206
243.7 -43.8 2264.8 0 0 0 0 0 0 0 0 0
289.8 -34.2 2202.1 0 0 0 0 0 0 0 0 0
307.5 -1003.3 2517.8 0 0 0 0 0 0 0 0 0
551.9 -972.3 2319.5 0 0 0 0 0 0 0 0 0
377.6 371.0 2478.6 14 0.5745395422 0.0207647700 0.8182134032 0.1332052201 0.9839779139 -0.1185066625 -0.8075646758 0.1770770550 0.5625682473
373.5 175.0 2443.4 0.5745395422 0.0207647700 0.8182134032 0.1332052201 0.9839779139 -0.1185066625 -0.8075646758 0.1770770550 0.5625682473
370.3 -21.1 2411.4 0.5743439794 0.0158579443 0.8184604645 0.1226840317 0.9868530631 -0.1052125394 -0.8093686104 0.1608402133 0.5648476481
289.6 157.0 2561.6 0.6394848824 -0.6401979327 -0.4256826341 0.7323780060 0.6756943464 0.0840216503 0.2338408530 -0.3654911518 0.9009631872
104.9 -54.4 2494.1 -0.5224590898 -0.6401979327 -0.5631901026 -0.0341666974 0.6756943464 -0.7363896966 0.8519795537 -0.3654911518 -0.3748961091
457.4 192.9 2325.1 0.1818636507 -0.5407267809 0.8213039637 -0.4940293729 0.6719238758 0.5517728329 -0.8502120972 -0.5060957074 -0.1449363828
503.3 68.1 2110.3 -0.8410162926 -0.5407267809 -0.0174966939 -0.4193089604 0.6719238758 -0.6104902029 0.3418648541 -0.5060957074 -0.7918305397
315.6 -227.6 2453.4 0.4388964176 -0.0417326465 0.8975679874 -0.0375579670 0.9971957803 0.0647301152 -0.8977524042 -0.0621206462 0.4360982478
332.1 -623.9 2478.1 0.4352731705 0.0635229498 0.8980545998 -0.1151970029 0.9932379723 -0.0144214435 -0.8928980231 -0.0971759334 0.4396474957
421.0 -204.5 2305.1 -0.1875265837 -0.1475113332 0.9711200595 -0.0394936651 0.9889922142 0.1425997168 -0.9814652205 -0.0116118537 -0.1912880987
479.6 -597.6 2309.7 -0.1803406775 -0.1956697702 0.9639453292 -0.0761622787 0.9798489809 0.1846491247 -0.9806510806 -0.0401165262 -0.1916092783
240.6 -45.5 2272.8 0 0 0 0 0 0 0 0 0
288.0 -39.3 2197.9 0 0 0 0 0 0 0 0 0
307.9 -1003.4 2515.2 0 0 0 0 0 0 0 0 0
554.4 -971.8 2325.0 0 0 0 0 0 0 0 0 0
380.9 369.6 2479.7 15 0.5606135130 0.0293934476 0.8275557756 0.1293004155 0.9840044379 -0.1225426123 -0.8179204464 0.1757023484 0.5478456020
375.0 173.9 2444.8 0.5606135130 0.0293934476 0.8275557756 0.1293004155 0.9840044379 -0.1225426123 -0.8179204464 0.1757023484 0.5478456020
370.5 -22.2 2413.2 0.5603423715 0.0228894670 0.8279447556 0.1190783009 0.9870069623 -0.1078775823 -0.8196564913 0.1590386331 0.5503361821
293.2 156.5 2564.5 0.6522213817 -0.6419094801 -0.4031866491 0.7277146578 0.6791347265 0.0959556103 0.2122232318 -0.3559891284 0.9100731015
105.2 -53.2 2503.3 -0.5040271878 -0.6419094801 -0.5778484344 -0.0238444302 0.6791347265 -0.7336262465 0.8633585572 -0.3559891284 -0.3576083183
456.9 191.3 2325.0 0.1619705111 -0.5479629040 0.8206717968 -0.5073447824 0.6670755148 0.5455378890 -0.8463845849 -0.5047245622 -0.1699595451
