10.8 237.1 2605.6 83 0.3500685096 -0.3784341514 0.8568778038 0.3429836631 0.9030182958 0.2586893737 -0.8716732264 0.2033360898 0.4459150136
85.4 59.0 2565.5 0.3500685096 -0.3784341514 0.8568778038 0.3429836631 0.9030182958 0.2586893737 -0.8716732264 0.2033360898 0.4459150136
155.7 -117.7 2527.2 0.3549589217 -0.3624981344 0.8617419600 0.3310119212 0.9107852578 0.2467819005 -0.8743199110 0.1976494193 0.4432825744
37.0 13.8 2684.8 0.5227598548 -0.7844489813 0.3337093592 0.8510099649 0.5031911731 -0.1502685994 -0.0500415564 0.3625443876 0.9306220412
-99.4 -208.3 2697.8 0.3342818916 -0.7844489813 -0.5223939419 -0.1493361443 0.5031911731 -0.8511741161 0.9305666685 0.3625443876 0.0510611050
133.9 104.3 2446.2 0.0615074523 -0.7792117596 0.6237353683 -0.9778774977 0.0781325847 0.1940383464 -0.1999310255 -0.6218715906 -0.7571679354
153.1 -201.5 2383.7 -0.1917856038 -0.7879034281 0.5851721764 -0.9635803103 0.0379463658 -0.2647131383 0.1863632351 -0.6146285534 -0.7664858103
199.0 -318.0 2567.8 -0.4321684539 -0.0174335018 0.9016243815 0.2005161941 0.9729263783 0.1149240062 -0.8792176843 0.2304568142 -0.4169723690
205.8 -695.6 2478.4 -0.4362987578 -0.0109588550 0.8997350931 0.0368751660 0.9988680482 0.0300477762 -0.8990459442 0.0462876894 -0.4354007840
269.3 -259.8 2414.3 -0.8365401030 0.5137409568 0.1904492527 0.2212332785 0.6347151995 -0.7404001951 -0.5012549162 -0.5772407651 -0.6446213126
14.4 -574.8 2700.7 -0.8365401030 0.1272759289 0.5329179168 0.2212332785 0.9682947993 0.1160214022 -0.5012549162 0.2149557322 -0.8381751180
-184.2 -170.4 2462.0 0 0 0 0 0 0 0 0 0
97.8 -479.3 2437.4 0 0 0 0 0 0 0 0 0
209.9 -1067.9 2461.2 0 0 0 0 0 0 0 0 0
-33.0 -935.0 2620.8 0 0 0 0 0 0 0 0 0
8.9 234.1 2620.3 84 0.3424098194 -0.3618534207 0.8670741916 0.3579600453 0.9034999609 0.2356955558 -0.8686887622 0.2296734452 0.4388963282
79.7 57.3 2575.3 0.3424098194 -0.3618534207 0.8670741916 0.3579600453 0.9034999609 0.2356955558 -0.8686887622 0.2296734452 0.4388963282
147.0 -119.6 2532.5 0.3479997516 -0.3470267355 0.8709010482 0.3436475396 0.9115244746 0.2258972079 -0.8722399473 0.2206708342 0.4364651442
32.2 10.3 2694.4 0.5342657566 -0.7722744942 0.3437327445 0.8443590403 0.5068973899 -0.1735306531 -0.0402239338 0.3829453290 0.9228948355
-107.2 -210.1 2704.9 0.3443058431 -0.7722744942 -0.5338966250 -0.1726245433 0.5068973899 -0.8445447087 0.9228511453 0.3829453290 0.0412141941
127.3 104.2 2456.3 0.0946443528 -0.8248729110 0.5573393106 -0.9660263062 0.0591473654 0.2515846193 -0.2404904962 -0.5622154474 -0.7912509441
157.0 -199.6 2380.6 -0.1975163072 -0.8248729110 0.5296904445 -0.9619886279 0.0591473654 -0.2666073740 0.1885874271 -0.5622154474 -0.8052009344
194.2 -324.1 2567.1 -0.4405977130 -0.0189551730 0.8975045085 0.1963569671 0.9735324383 0.1169553027 -0.8759666681 0.2277615070 -0.4252142012
201.5 -702.0 2478.7 -0.4400003254 -0.0380995795 0.8971890211 0.0426314324 0.9970868230 0.0632491410 -0.8969851136 0.0660780966 -0.4370943010
257.8 -264.7 2411.0 -0.8538305163 0.4878033698 0.1817176640 0.2134259194 0.6464449167 -0.7325013876 -0.4747871161 -0.5866488218 -0.6560643315
16.7 -584.2 2700.9 -0.8538305163 0.1505963951 0.4982912540 0.2134259194 0.9743589163 0.0712326914 -0.4747871161 0.1671689153 -0.8640785217
-194.5 -166.3 2470.9 0 0 0 0 0 0 0 0 0
101.0 -472.5 2434.2 0 0 0 0 0 0 0 0 0
215.7 -1073.8 2454.1 0 0 0 0 0 0 0 0 0
-39.3 -946.7 2638.7 0 0 0 0 0 0 0 0 0
1.3 229.0 2630.1 85 0.3977179825 -0.3619042933 0.8431166410 0.3835093081 0.9003677368 0.2055687308 -0.8335112333 0.2415847182 0.4968861043
72.1 52.8 2582.8 0.3977179825 -0.3619042933 0.8431166410 0.3835093081 0.9003677368 0.2055687308 -0.8335112333 0.2415847182 0.4968861043
137.9 -123.9 2537.0 0.4039832056 -0.3385884166 0.8497973084 0.3673098087 0.9108394384 0.1882951260 -0.8377834558 0.2360708266 0.4923306704
17.0 2.8 2697.0 0.5536428094 -0.7816011906 0.2873660326 0.8324554563 0.5102051497 -0.2161216289 0.0223052874 0.3588736057 0.9331195951
-127.2 -214.1 2691.2 0.2880320251 -0.7816011906 -0.5532966256 -0.2151197791 0.5102051497 -0.8327149153 0.9331457615 0.3588736057 -0.0211824402
127.2 102.8 2468.7 0.0872758180 -0.7927669287 0.6032441258 -0.9452920556 0.1251694113 0.3012566566 -0.3143340349 -0.5965343118 -0.7384720445
150.0 -144.3 2386.6 -0.1534465104 -0.8077704310 0.5691758394 -0.9790759087 0.0463727973 -0.1981412470 0.1336583644 -0.5876703858 -0.7979843020
173.1 -331.9 2565.6 -0.3992730379 0.1661935449 0.9016433358 0.0764125139 0.9860440493 -0.1479129344 -0.9136422276 0.0098391874 -0.4064000845
115.6 -673.0 2562.2 -0.4049253464 0.0757601410 0.9112057090 0.0128946295 0.9969354868 -0.0771577805 -0.9142588377 -0.0194934811 -0.4046613574
245.9 -267.4 2416.0 -0.8476924300 0.3185406327 0.4242044091 0.0745452866 0.8632422686 -0.4992552102 -0.5252242684 -0.3915924430 -0.7555096745
106.6 -645.1 2587.3 -0.8476924300 0.0447219759 0.5285995007 0.0745452866 0.9965952039 0.0352285057 -0.5252242684 0.0692675412 -0.8481400013
-200.1 -159.6 2455.0 0 0 0 0 0 0 0 0 0
106.9 -419.1 2424.1 0 0 0 0 0 0 0 0 0
87.6 -1041.2 2569.4 0 0 0 0 0 0 0 0 0
90.1 -1012.6 2561.7 0 0 0 0 0 0 0 0 0
-5.0 226.1 2634.0 86 0.4058654904 -0.3638209999 0.8383957744 0.3841627836 0.9002857804 0.2047057748 -0.8292720914 0.2389974445 0.5051614046
66.3 49.7 2587.2 0.4058654904 -0.3638209999 0.8383957744 0.3841627836 0.9002857804 0.2047057748 -0.8292720914 0.2389974445 0.5051614046
131.4 -127.0 2540.4 0.4106045067 -0.3354347646 0.8478723168 0.3718897998 0.9106255770 0.1801637560 -0.8325273991 0.2413390130 0.4986517429
10.2 -1.0 2700.8 0.5579819083 -0.7808780670 0.2808657885 0.8292375803 0.5116287470 -0.2249468267 0.0319570266 0.3584207296 0.9330130219
-135.3 -217.2 2692.5 0.2816034257 -0.7808780670 -0.5576100349 -0.2238500267 0.5116287470 -0.8295342922 0.9330545068 0.3584207296 -0.0307231676
122.3 100.4 2473.6 0.0930352062 -0.7900183201 0.6059830785 -0.9303681254 0.1477950364 0.3355172575 -0.3546260595 -0.5950022340 -0.7212576866
142.2 -98.6 2397.8 -0.1080791652 -0.8053812385 0.5828206539 -0.9916875958 0.0461688489 -0.1201008186 0.0698187873 -0.5909563899 -0.8036764860
162.5 -335.8 2564.9 -0.4250618517 0.2646723390 0.8656044006 -0.0537959598 0.9472181201 -0.3160439432 -0.9035642743 -0.1809042543 -0.3883879781
67.4 -676.1 2629.9 -0.4135078192 0.1209406182 0.9024326205 0.0661955550 0.9925093651 -0.1026805937 -0.9080910683 0.0172777977 -0.4184161425
240.0 -268.7 2418.5 -0.8540456891 0.2306012362 0.4662928283 0.0513806380 0.9293868542 -0.3655135334 -0.5176542997 -0.2882068455 -0.8055872917
146.0 -647.5 2535.9 -0.8540658951 -0.0134545611 0.5199907422 0.0185134150 0.9982457757 0.0562368371 -0.5198352337 0.0576567724 -0.8523186445
-206.7 -160.5 2456.0 0 0 0 0 0 0 0 0 0
112.1 -375.4 2417.2 0 0 0 0 0 0 0 0 0
27.0 -1008.1 2624.1 0 0 0 0 0 0 0 0 0
151.0 -1017.3 2514.6 0 0 0 0 0 0 0 0 0
-15.5 225.5 2643.5 87 0.4041973650 -0.3659771383 0.8382632136 0.3786411285 0.9011995792 0.2108796984 -0.8326196074 0.2321639061 0.5028364658
56.7 47.7 2597.7 0.4041973650 -0.3659771383 0.8382632136 0.3786411285 0.9011995792 0.2108796984 -0.8326196074 0.2321639061 0.5028364658
119.8 -129.8 2551.1 0.4093174636 -0.3251139522 0.8525022864 0.3651881516 0.9146293402 0.1734668314 -0.8361201286 0.2403207272 0.4931015372
0.8 -2.2 2711.9 0.5664001703 -0.7736004591 0.2841359079 0.8237230182 0.5205705166 -0.2246926129 0.0259095263 0.3613152206 0.9320837259
-147.0 -217.1 2705.1 0.2849023044 -0.7736004591 -0.5660150051 -0.2235774249 0.5205705166 -0.8240264058 0.9321179390 0.3613152206 -0.0246478487
112.6 97.5 2483.6 0.1206240058 -0.7923504114 0.5980223417 -0.9071888924 0.1566123068 0.3904880583 -0.4030610025 -0.5896214247 -0.6999202371
136.6 -82.8 2403.4 -0.0524972454 -0.8012061119 0.5960811973 -0.9981625676 0.0601860732 -0.0070113498 -0.0302582514 -0.5953540206 -0.8028935194
157.3 -338.1 2567.4 -0.4452541769 0.2828677893 0.8495495915 -0.1009837538 0.9268718958 -0.3615393937 -0.8896915317 -0.2467676401 -0.3841285408
51.8 -683.7 2659.5 -0.4184425771 0.1757482439 0.8910771012 0.0991306603 0.9840757847 -0.1475395411 -0.9028171897 0.0265962314 -0.4292012453
233.4 -270.9 2420.1 -0.8586460352 0.2078424394 0.4685387015 0.0491844676 0.9432902932 -0.3283052444 -0.5102037787 -0.2588531673 -0.8201750517
150.8 -645.9 2523.0 -0.8526145816 -0.1082999557 0.5111941695 -0.0324687585 0.9873763323 0.1550281346 -0.5215305686 0.1155814081 -0.8453678489
-219.2 -160.4 2468.7 0 0 0 0 0 0 0 0 0
122.0 -359.7 2395.0 0 0 0 0 0 0 0 0 0
-4.0 -996.0 2651.0 0 0 0 0 0 0 0 0 0
190.8 -1010.8 2480.3 0 0 0 0 0 0 0 0 0
-23.2 225.5 2658.7 88 0.3995977044 -0.3469142616 0.8485117555 0.3630108833 0.9098401666 0.2010322511 -0.8417510390 0.2276869565 0.4895036817
44.8 47.2 2614.1 0.3995977044 -0.3469142616 0.8485117555 0.3630108833 0.9098401666 0.2010322511 -0.8417510390 0.2276869565 0.4895036817
106.7 -131.5 2570.4 0.4053932726 -0.3187692463 0.8567627668 0.3470735848 0.9207246304 0.1783426851 -0.8456927538 0.2250608057 0.4838919342
-10.5 -0.2 2729.6 0.5709006190 -0.7683023214 0.2894547284 0.8209946752 0.5315051675 -0.2084945589 0.0063401726 0.3566704690 0.9342087507
-159.5 -214.5 2727.9 0.2902902067 -0.7683023214 -0.5704762340 -0.2072923779 0.5315051675 -0.8212990165 0.9342170358 0.3566704690 -0.0049724621
100.2 94.5 2498.6 0.1478579193 -0.7940655351 0.5895743966 -0.9001590014 0.1388968676 0.4128212631 -0.4096971750 -0.5917496085 -0.6942482591
134.9 -116.9 2402.4 -0.0102974800 -0.7965359688 0.6045034528 -0.9942508936 0.0725903288 0.0787134096 -0.1065791696 -0.6002175808 -0.7927041054
145.0 -340.6 2579.0 -0.4550388455 0.2581509948 0.8522310257 -0.1262227446 0.9286931157 -0.3487074375 -0.8814802766 -0.2662463784 -0.3900069296
46.8 -693.9 2680.3 -0.4098920524 0.2218539566 0.8847424984 0.1465334594 0.9733875394 -0.1761947274 -0.9002868533 0.0574235655 -0.4314928651
219.7 -274.9 2430.1 -0.8592026234 0.1823457330 0.4780385494 0.0569405705 0.9626094699 -0.2648410797 -0.5084570646 -0.2003323585 -0.8374594450
148.2 -652.2 2508.6 -0.8416399956 -0.1785848141 0.5096563697 -0.0970418975 0.9783908129 0.1825767606 -0.5312485695 0.1042058840 -0.8407830000
-233.2 -161.9 2490.9 0 0 0 0 0 0 0 0 0
132.0 -392.5 2372.9 0 0 0 0 0 0 0 0 0
-20.0 -987.3 2663.0 0 0 0 0 0 0 0 0 0
214.3 -1014.7 2470.0 0 0 0 0 0 0 0 0 0
-37.1 227.1 2676.4 89 0.3764014840 -0.3400409818 0.8617969751 0.3531908095 0.9126268029 0.2058361620 -0.8564918041 0.2269017547 0.4636134505
29.6 47.9 2631.8 0.3764014840 -0.3400409818 0.8617969751 0.3531908095 0.9126268029 0.2058361620 -0.8564918041 0.2269017547 0.4636134505
91.0 -131.3 2589.8 0.3835886717 -0.3159852326 0.8677632809 0.3330722749 0.9237373471 0.1891352534 -0.8613492846 0.2164777368 0.4595811069
-22.8 2.5 2749.4 0.5682903528 -0.7610302567 0.3128562570 0.8225303888 0.5356463790 -0.1911196560 -0.0221324880 0.3659452498 0.9303731918
-171.0 -212.1 2755.2 0.3136403859 -0.7610302567 -0.5678579807 -0.1899841130 0.5356463790 -0.8227934241 0.9303417206 0.3659452498 0.0234166775
82.0 93.4 2514.2 0.2322351336 -0.7969825268 0.5575712323 -0.8812622428 0.0701912269 0.4673864543 -0.4116354585 -0.5999100208 -0.6860497594
142.0 -134.2 2407.9 -0.0190428179 -0.7968509197 0.6038758159 -0.9875868559 0.1091788784 0.1129252911 -0.1559151113 -0.5942294002 -0.7890385985
131.7 -341.6 2602.4 -0.4697789848 0.2349228561 0.8509517908 -0.1190070808 0.9382886291 -0.3247334063 -0.8747256994 -0.2538222075 -0.4128307998
41.4 -702.0 2699.9 -0.4146923721 0.2403025180 0.8776587844 0.2002606839 0.9649548531 -0.1695812792 -0.8876519203 0.1054364741 -0.4482825696
204.9 -279.2 2451.3 -0.8625090122 0.1851254106 0.4709636569 0.0940788388 0.9731174707 -0.2102177590 -0.4972196221 -0.1370069981 -0.8567389846
132.9 -658.1 2504.6 -0.8277874589 -0.2441519648 0.5051313639 -0.1507138312 0.9640214443 0.2189701945 -0.5404195189 0.1051305085 -0.8348019719
-250.6 -164.0 2519.2 0 0 0 0 0 0 0 0 0
136.7 -408.7 2364.6 0 0 0 0 0 0 0 0 0
-28.7 -983.6 2669.1 0 0 0 0 0 0 0 0 0
223.5 -1015.8 2465.6 0 0 0 0 0 0 0 0 0
-50.2 229.3 2685.7 90 0.3882343769 -0.3579890132 0.8491866589 0.3597086668 0.9072386026 0.2180088013 -0.8484596014 0.2208212614 0.4809929729
20.1 51.1 2642.3 0.3882343769 -0.3579890132 0.8491866589 0.3597086668 0.9072386026 0.2180088013 -0.8484596014 0.2208212614 0.4809929729
84.2 -127.3 2600.5 0.3950204849 -0.3299902081 0.8573594689 0.3416942060 0.9190790057 0.1963130832 -0.8527625203 0.2154070735 0.4758107960
-33.8 4.4 2758.7 0.5594278574 -0.7732627988 0.2985048592 0.8288397789 0.5253714919 -0.1923782825 -0.0080669736 0.3550344706 0.9348183870
-179.8 -211.9 2760.8 0.2991936207 -0.7732627988 -0.5590597987 -0.1913573444 0.5253714919 -0.8290761113 0.9348077774 0.3550344706 0.0092182793
74.1 97.8 2525.8 0.2660822868 -0.7812222838 0.5647051930 -0.8783543706 0.0448398925 0.4759022295 -0.3971067667 -0.6226404309 -0.6742589474
145.8 -138.9 2418.8 -0.0235793348 -0.7828917503 0.6217109561 -0.9785906076 0.1452614069 0.1458064169 -0.2044612616 -0.6049624681 -0.7695557475
117.7 -340.6 2624.9 -0.4592439830 0.1938313395 0.8669050336 -0.1479646266 0.9455785155 -0.2898063958 -0.8759003282 -0.2613631189 -0.4055710733
42.9 -705.4 2725.7 -0.3860738277 0.2610763609 0.8847520351 0.2657314241 0.9499338269 -0.1643548757 -0.8833650351 0.1716533005 -0.4361207783
186.7 -280.9 2470.8 -0.4649369121 0.1946785599 0.8636746407 -0.0014260295 0.9753586650 -0.2206206024 -0.8853426576 -0.1038062871 -0.4532026350
111.1 -659.8 2511.2 -0.4649369121 -0.2969421446 0.8340617418 -0.0014260295 0.9423266649 0.3346915841 -0.8853426576 0.1544210762 -0.4385458827
-255.7 -163.3 2523.7 0 0 0 0 0 0 0 0 0
139.2 -411.2 2361.9 0 0 0 0 0 0 0 0 0
-34.2 -985.9 2675.0 0 0 0 0 0 0 0 0 0
221.3 -1009.6 2453.8 0 0 0 0 0 0 0 0 0
-58.2 226.6 2701.3 91 0.4349334240 -0.3485291898 0.8302772641 0.3884024620 0.9044836760 0.1762179583 -0.8123893738 0.2458386421 0.5287597775
9.9 49.8 2653.3 0.4349334240 -0.3485291898 0.8302772641 0.3884024620 0.9044836760 0.1762179583 -0.8123893738 0.2458386421 0.5287597775
73.7 -127.3 2606.2 0.4399852753 -0.3277977705 0.8360392451 0.3748262525 0.9130553007 0.1607334465 -0.8160381317 0.2426491082 0.5245981216
-50.1 -1.3 2764.5 0.5697684288 -0.7825682759 0.2509001791 0.8197798729 0.5198060870 -0.2403384149 0.0576617718 0.3426201642 0.9377028346
-198.5 -214.8 2749.5 0.2515901327 -0.7825682759 -0.5694640875 -0.2393452525 0.5198060870 -0.8200703859 0.9377719760 0.3426201642 -0.0565259159
69.9 100.8 2542.0 0.2691834569 -0.7490670085 0.6053419709 -0.8680494428 0.0835540965 0.4893963933 -0.4171694815 -0.6572042108 -0.6277358532
142.2 -132.3 2430.0 0.0089804651 -0.7506400943 0.6606502533 -0.9762844443 0.1363319904 0.1681733280 -0.2163054198 -0.6464928389 -0.7316139340
112.8 -336.3 2635.1 -0.4321585596 0.1646301448 0.8866430521 -0.1675401032 0.9514209032 -0.2583186626 -0.8860977888 -0.2601828873 -0.3835825324
49.1 -704.4 2735.7 -0.3322889507 0.2987868190 0.8946007490 0.2922479808 0.9344321489 -0.2035379857 -0.8967581391 0.1938118190 -0.3978213072
183.7 -275.1 2482.4 -0.3068114221 0.2534419894 0.9174060822 0.0170982368 0.9652065635 -0.2609290779 -0.9516167045 -0.0643699989 -0.3004698157
85.5 -649.0 2507.4 -0.3068114221 -0.3387821019 0.8894343376 0.0170982368 0.9323924780 0.3610427678 -0.9516167045 0.1259798110 -0.2802760899
-262.2 -154.2 2512.0 0 0 0 0 0 0 0 0 0
144.7 -404.2 2369.8 0 0 0 0 0 0 0 0 0
-41.8 -988.4 2676.8 0 0 0 0 0 0 0 0 0
211.4 -995.6 2460.5 0 0 0 0 0 0 0 0 0
-67.1 228.6 2718.6 92 0.4200571179 -0.3446154594 0.8395190239 0.3923042417 0.9031431675 0.1744414270 -0.8183211088 0.2560715079 0.5145658255
0.0 52.6 2668.7 0.4200571179 -0.3446154594 0.8395190239 0.3923042417 0.9031431675 0.1744414270 -0.8183211088 0.2560715079 0.5145658255
63.9 -124.2 2620.6 0.4255788922 -0.3288377821 0.8430588841 0.3774278164 0.9112380147 0.1649044901 -0.8224541545 0.2480140030 0.5119162202
-58.1 1.1 2781.0 0.5664549470 -0.7799171805 0.2661916018 0.8226138353 0.5157853365 -0.2393156290 0.0493486561 0.3545344174 0.9337398410
-205.8 -213.4 2768.1 0.2669524550 -0.7799171805 -0.5660967827 -0.2382101268 0.5157853365 -0.8229346275 0.9338052869 0.3545344174 -0.0480940044
58.1 104.1 2556.5 0.2795493305 -0.7572139502 0.5903212428 -0.8618900776 0.0730161443 0.5018108487 -0.4230811894 -0.6490729451 -0.6322236061
133.3 -127.7 2442.8 -0.0035961366 -0.7593576312 0.6506635547 -0.9735358357 0.1513411105 0.1712421924 -0.2285062075 -0.6328284740 -0.7398060560
98.0 -337.9 2632.0 -0.8837561607 0.1035434082 -0.4563483596 0.2267463803 0.9478321671 -0.2240541130 0.4093423486 -0.3014845550 -0.8611305952
58.0 -704.3 2748.6 -0.8837561607 0.3384082317 -0.3231949210 0.2267463803 0.9138504863 0.3368432224 0.4093423486 0.2244039923 -0.8843538165
176.8 -271.0 2486.2 -0.2104916573 0.3186485767 0.9242057800 0.0241262466 0.9467918277 -0.3209409714 -0.9772979021 -0.0452577807 -0.2069795728
53.5 -637.2 2503.7 -0.2104916573 -0.3814815581 0.9000917077 0.0241262466 0.9184122682 0.3948883414 -0.9772979021 0.1048365384 -0.1841143966
-273.4 -153.0 2531.4 0 0 0 0 0 0 0 0 0
132.3 -399.1 2379.0 0 0 0 0 0 0 0 0 0
-48.0 -990.7 2678.2 0 0 0 0 0 0 0 0 0
195.5 -979.0 2464.7 0 0 0 0 0 0 0 0 0
-78.2 229.8 2736.8 93 0.3964882493 -0.3375710845 0.8537229300 0.3914198577 0.9033400416 0.1754059941 -0.8304141164 0.2646176815 0.4902957380
-12.2 53.0 2685.0 0.3964882493 -0.3375710845 0.8537229300 0.3914198577 0.9033400416 0.1754059941 -0.8304141164 0.2646176815 0.4902957380
50.2 -124.1 2635.8 0.4027479589 -0.3212166727 0.8570961952 0.3741672337 0.9123632908 0.1661087722 -0.8353400230 0.2537973523 0.4876412153
-67.1 1.9 2799.0 0.5681086183 -0.7694197893 0.2919687927 0.8223870397 0.5176246166 -0.2361023128 0.0305315591 0.3742431104 0.9268279076
-215.4 -212.6 2791.1 0.2926626205 -0.7694197893 -0.5677514672 -0.2350974381 0.5176246166 -0.8226748705 0.9268645048 0.3742431104 -0.0293992460
42.8 104.1 2571.0 0.3128047884 -0.7650316358 0.5629207492 -0.8480311632 0.0419751443 0.5282813311 -0.4277806282 -0.6426233053 -0.6356406808
127.1 -124.4 2455.8 -0.0103210760 -0.7691076994 0.6390358210 -0.9723457694 0.1568336040 0.1730517745 -0.2333177477 -0.6195777059 -0.7494573593
80.7 -336.2 2654.3 -0.8369541764 0.0681579337 -0.5430121422 0.2111272514 0.9556195736 -0.2054664493 0.5049088597 -0.2866106629 -0.8141998053
54.4 -705.1 2764.9 -0.8369541764 0.3649314344 -0.4078391194 0.2111272514 0.9028361440 0.3745826781 0.5049088597 0.2274025828 -0.8326794505
165.9 -267.3 2498.9 -0.0970409960 0.3606460094 0.9276408553 0.0271502789 0.9326520562 -0.3597540557 -0.9949100018 -0.0097251842 -0.1002971306
26.4 -628.2 2502.7 -0.0970409960 -0.4077029526 0.9079434872 0.0271502789 0.9108250737 0.4118987322 -0.9949100018 0.0646219850 -0.0773181245
-289.6 -153.0 2556.0 0 0 0 0 0 0 0 0 0
124.2 -393.4 2391.2 0 0 0 0 0 0 0 0 0
-61.8 -992.7 2692.5 0 0 0 0 0 0 0 0 0
178.1 -967.2 2478.6 0 0 0 0 0 0 0 0 0
-90.0 233.2 2746.9 94 0.4023180306 -0.3508442938 0.8456053734 0.3988280296 0.8985672593 0.1830658764 -0.8240609169 0.2636004388 0.5014363527
-21.3 57.3 2695.3 0.4023180306 -0.3508442938 0.8456053734 0.3988280296 0.8985672593 0.1830658764 -0.8240609169 0.2636004388 0.5014363527
42.6 -118.9 2644.9 0.4077063799 -0.3289148808 0.8518159986 0.3845078349 0.9079710245 0.1665604860 -0.8282084465 0.2596221566 0.4966559112
-76.9 4.8 2808.4 0.5629764795 -0.7756778002 0.2852742076 0.8253387809 0.5095741153 -0.2432080209 0.0432827175 0.3723682761 0.9270752072
-223.9 -210.6 2797.1 0.2860150337 -0.7756778002 -0.5626004934 -0.2421213686 0.5095741153 -0.8256582022 0.9271314144 0.3723682761 -0.0420623086
34.4 109.8 2582.2 0.3285795450 -0.7555824518 0.5666838884 -0.8449492455 0.0329293497 0.5338318348 -0.4220144749 -0.6542253494 -0.6276088953
122.4 -116.4 2469.2 -0.0437768921 -0.7582379580 0.6505065560 -0.9696124792 0.1891222298 0.1551914066 -0.2406972647 -0.6239454746 -0.7434762120
72.0 -330.4 2665.2 -0.8255260587 0.0502695478 -0.5621206760 0.1906828880 0.9622952938 -0.1939788908 0.5311748385 -0.2673214376 -0.8039854169
52.6 -701.8 2768.4 -0.8255260587 0.3665340245 -0.4291380942 0.1906828880 0.8968252540 0.3991798460 0.5311748385 0.2477040738 -0.8102443814
148.6 -267.7 2511.8 0.0037036026 0.4590054750 0.8884257078 0.0199794564 0.8882204890 -0.4589827359 -0.9997935295 0.0194501523 -0.0058810641
-23.7 -601.2 2504.5 0.0037036026 -0.4659609199 0.8847975731 0.0199794564 0.8846614957 0.4658056498 -0.9997935295 0.0159526151 0.0125860805
-296.4 -149.2 2561.9 0 0 0 0 0 0 0 0 0
110.3 -383.4 2402.9 0 0 0 0 0 0 0 0 0
-65.1 -989.7 2688.9 0 0 0 0 0 0 0 0 0
149.4 -929.9 2498.5 0 0 0 0 0 0 0 0 0
-99.1 236.6 2751.4 95 0.5000268221 -0.3562970757 0.7893196940 0.4212469757 0.8964185715 0.1377851516 -0.7566532493 0.2636022568 0.5983223915
-29.3 60.9 2699.8 0.5000268221 -0.3562970757 0.7893196940 0.4212469757 0.8964185715 0.1377851516 -0.7566532493 0.2636022568 0.5983223915
35.6 -114.8 2648.6 0.5049511194 -0.3341742158 0.7958341241 0.4084011614 0.9047750831 0.1207913309 -0.7604162097 0.2640258670 0.5933443308
-97.8 5.5 2802.9 0.5712239146 -0.8015026450 0.1769089252 0.8082806468 0.5118016601 -0.2911037505 0.1427781433 0.3092774749 0.9401924610
-246.1 -204.4 2765.8 0.1771117598 -0.8015026450 -0.5711610317 -0.2908166945 0.5118016601 -0.8083840013 0.9402430654 0.3092774749 -0.1424442530
39.1 116.3 2596.7 0.3450166583 -0.5161004663 0.7839667201 -0.8178356290 0.2445404232 0.5209077597 -0.4605522752 -0.8208777905 -0.3377148211
133.0 -106.2 2471.4 -0.1041969433 -0.5161004663 0.8501666188 -0.9691851735 0.2445404232 0.0296662878 -0.2232108861 -0.8208777905 -0.5256772637
56.7 -327.1 2663.3 -0.8685157299 0.0910396278 -0.4872291684 0.1806880981 0.9734984636 -0.1401876509 0.4615541995 -0.2097916901 -0.8619484901
21.6 -702.0 2744.1 -0.8685157299 0.3580744565 -0.3427290022 0.1806880981 0.8726000190 0.4537851512 0.4615541995 0.3321924806 -0.8225666285
142.9 -260.7 2520.4 0.0611556135 0.5271746516 0.8475534916 0.0059328396 0.8489358425 -0.5284625888 -0.9981105924 0.0373468511 0.0487895496
-60.6 -588.5 2506.0 0.0611556135 -0.4976507425 0.8652188778 0.0059328396 0.8670073152 0.4982600808 -0.9981105924 -0.0253381953 0.0559748486
-290.7 -131.2 2528.9 0 0 0 0 0 0 0 0 0
104.4 -372.2 2410.1 0 0 0 0 0 0 0 0 0
-93.4 -982.2 2637.4 0 0 0 0 0 0 0 0 0
124.5 -910.9 2515.4 0 0 0 0 0 0 0 0 0
-109.2 244.9 2753.2 96 0.5316005349 -0.3725523651 0.7606613040 0.4267942607 0.8935459852 0.1393637359 -0.7316061258 0.2505600452 0.6340126991
-35.7 68.5 2703.7 0.5316005349 -0.3725523651 0.7606613040 0.4267942607 0.8935459852 0.1393637359 -0.7316061258 0.2505600452 0.6340126991
30.8 -106.7 2652.9 0.5356879234 -0.3423575759 0.7719001174 0.4165267944 0.9023054838 0.1111319289 -0.7345365286 0.2619850338 0.6259552240
-108.5 11.8 2803.6 0.5679979324 -0.8113194704 0.1383439153 0.8041154146 0.5112189054 -0.3034034371 0.1754330844 0.2835769951 0.9427657723
-256.3 -197.5 2757.9 0.1386965215 -0.8113194704 -0.5679119229 -0.3029041588 0.5112189054 -0.8043035865 0.9428744912 0.2835769951 -0.1748477519
37.2 125.2 2603.9 0.3595760167 -0.5151472688 0.7780285478 -0.8054250479 0.2496672422 0.5375469923 -0.4711641073 -0.8199326396 -0.3251381218
136.8 -98.0 2473.3 -0.1272296607 -0.5151472688 0.8476060033 -0.9683105946 0.2496672422 0.0063916110 -0.2149120718 -0.8199326396 -0.5305876136
50.0 -319.2 2666.8 -0.8822166324 0.0988175124 -0.4603573382 0.1753406823 0.9763547778 -0.1264398694 0.4369776249 -0.1922667325 -0.8786831498
11.9 -695.7 2740.9 -0.8822166324 0.3499107063 -0.3150496781 0.1753406823 0.8651428819 0.4698759913 0.4369776249 0.3592914045 -0.8245970011
145.4 -254.1 2529.8 0.1291246116 0.5832194686 0.8019862175 -0.0128608877 0.8096737862 -0.5867393017 -0.9915449619 0.0654482245 0.1120495275
-82.8 -570.9 2504.2 0.1291246116 -0.4839610457 0.8655105829 -0.0128608877 0.8719267249 0.4894674122 -0.9915449619 -0.0743335187 0.1063630283
-291.4 -120.9 2519.7 0 0 0 0 0 0 0 0 0
101.9 -363.7 2414.3 0 0 0 0 0 0 0 0 0
-100.8 -974.5 2625.1 0 0 0 0 0 0 0 0 0
97.3 -895.3 2531.9 0 0 0 0 0 0 0 0 0
-115.5 248.6 2754.6 97 0.5810488462 -0.3714242280 0.7241728306 0.4281400740 0.8962182403 0.1161419824 -0.6921548247 0.2425632477 0.6797682047
-42.1 71.4 2706.6 0.5810488462 -0.3714242280 0.7241728306 0.4281400740 0.8962182403 0.1161419824 -0.6921548247 0.2425632477 0.6797682047
24.3 -104.0 2656.6 0.5843989849 -0.3422701359 0.7357506156 0.4196920991 0.9034925699 0.0869464353 -0.6945043802 0.2579773068 0.6716482639
-121.6 14.3 2801.1 0.5699412227 -0.8179948330 0.0777915418 0.7908943295 0.5204456449 -0.3219045103 0.2228299528 0.2449915260 0.9435708523
-270.0 -191.6 2743.1 0.0782917440 -0.8179948330 -0.5698726773 -0.3212102354 0.5204456449 -0.7911765575 0.9437660575 0.2449915260 -0.2220017016
37.4 128.5 2612.2 0.3567150533 -0.5696266890 0.7404591441 -0.7885560393 0.2414083034 0.5655982494 -0.5009328723 -0.7856509686 -0.3630686104
135.4 -88.1 2474.6 -0.1241807863 -0.5696266890 0.8124681711 -0.9701971412 0.2414083034 0.0209642295 -0.2080783397 -0.7856509686 -0.5826284885
38.9 -316.9 2668.0 -0.9018337131 0.1241596341 -0.4138602316 0.1815527678 0.9780564308 -0.1021970138 0.3920899034 -0.1673021764 -0.9045857787
-9.0 -694.1 2732.6 -0.9018337131 0.3435378075 -0.2620642781 0.1815527678 0.8516541719 0.4916541576 0.3920899034 0.3958118260 -0.8304206729
145.1 -244.7 2536.7 0.2033394724 0.6126558185 0.7637446523 -0.0482389256 0.7853624225 -0.6171538234 -0.9779192805 0.0886495113 0.1892490387
-99.9 -558.7 2501.2 0.2033394724 -0.4341062605 0.8776131272 -0.0482389256 0.8908088803 0.4518102407 -0.9779192805 -0.1342059672 0.1601957828
-289.8 -110.4 2504.5 0 0 0 0 0 0 0 0 0
101.3 -354.3 2417.5 0 0 0 0 0 0 0 0 0
-119.9 -969.0 2604.8 0 0 0 0 0 0 0 0 0
61.4 -889.7 2551.1 0 0 0 0 0 0 0 0 0
-120.4 253.5 2763.8 98 0.5739241838 -0.3542001247 0.7383449674 0.4067392647 0.9058406949 0.1183883026 -0.7107561231 0.2323679924 0.6639509797
-50.8 75.5 2718.1 0.5739241838 -0.3542001247 0.7383449674 0.4067392647 0.9058406949 0.1183883026 -0.7107561231 0.2323679924 0.6639509797
13.7 -101.6 2671.7 0.5775195956 -0.3322069347 0.7457275987 0.3972153068 0.9123881459 0.0988324285 -0.7132258415 0.2391367555 0.6588796973
-129.5 21.3 2815.3 0.5795110464 -0.8101133108 0.0887885019 0.7915266752 0.5335540175 -0.2980026901 0.1940424740 0.2429743111 0.9504267573
-280.5 -184.9 2764.7 0.0895193592 -0.8101133108 -0.5793985724 -0.2970041037 0.5335540175 -0.7919019461 0.9506707191 0.2429743111 -0.1928435713
27.9 129.6 2620.9 0.3695467710 -0.6215550900 0.6907274723 -0.7627257109 0.2216764838 0.6075434685 -0.5307397842 -0.7513512969 -0.3921562135
130.5 -82.2 2473.5 -0.1075712293 -0.6215550900 0.7759495378 -0.9741930366 0.2216764838 0.0425143689 -0.1984347850 -0.7513512969 -0.6293606758
26.7 -314.2 2688.9 -0.8937943578 0.1283509135 -0.4297181070 0.1983965188 0.9724752903 -0.1221907958 0.4022069573 -0.1944680214 -0.8946573138
-22.8 -689.4 2763.9 -0.8937943578 0.3566227853 -0.2719407976 0.1983965188 0.8582184315 0.4733919203 0.4022069573 0.3691629171 -0.8378235698
142.9 -241.9 2544.6 0.2652081251 0.6298024654 0.7300777435 -0.0722586587 0.7680449486 -0.6363062263 -0.9614797831 0.1159991473 0.2492004484
-105.1 -544.4 2498.9 0.2652081251 -0.3488189876 0.8988826275 -0.0722586587 0.9224539399 0.3792853951 -0.9614797831 -0.1655416191 0.2194370925
-303.2 -109.7 2524.0 0 0 0 0 0 0 0 0 0
101.0 -349.5 2419.1 0 0 0 0 0 0 0 0 0
-138.0 -966.7 2644.6 0 0 0 0 0 0 0 0 0
24.2 -886.3 2560.3 0 0 0 0 0 0 0 0 0
-124.9 258.5 2769.9 99 0.5961990356 -0.3383567631 0.7280531526 0.3919382393 0.9141092300 0.1038686037 -0.7006648183 0.2234255224 0.6776059866
-58.2 78.3 2725.8 0.5961990356 -0.3383567631 0.7280531526 0.3919382393 0.9141092300 0.1038686037 -0.7006648183 0.2234255224 0.6776059866
3.4 -100.3 2681.6 0.6000304222 -0.3175714016 0.7342423797 0.3812224269 0.9204222560 0.0865582675 -0.7033014894 0.2279720753 0.6733466983
-140.0 26.3 2821.7 0.5923980474 -0.8031797409 0.0629830286 0.7799010873 0.5521079302 -0.2948408425 0.2020367682 0.2237836719 0.9534684420
-294.5 -177.1 2769.1 0.0639882684 -0.8031797409 -0.5922902822 -0.2935168743 0.5521079302 -0.7804003358 0.9538099170 0.2237836719 -0.2004183829
23.7 130.3 2629.9 0.4304309785 -0.5431352258 0.7209253311 -0.7288204432 0.2620542049 0.6325728297 -0.5324940681 -0.7977040410 -0.2830517888
142.3 -70.5 2483.2 -0.1427495927 -0.5431352258 0.8274217248 -0.9650373459 0.2620542049 0.0055258214 -0.2198306024 -0.7977040410 -0.5615538955
11.4 -313.1 2700.1 -0.8969030976 0.1528011262 -0.4149898887 0.2193302363 0.9685612917 -0.1174022034 0.3840039670 -0.1963182390 -0.9022195339
-47.5 -686.8 2775.9 -0.8969030976 0.3678702712 -0.2454307973 0.2193302363 0.8519585133 0.4754587114 0.3840039670 0.3726100028 -0.8448092937
129.8 -243.2 2561.6 0.3009434938 0.6114680767 0.7318058610 -0.0618269816 0.7782759070 -0.6248712540 -0.9516356587 0.1428055912 0.2720222771
-109.1 -547.3 2505.8 0.3009434938 -0.3035830557 0.9040300846 -0.0618269816 0.9397708774 0.3361668587 -0.9516356587 -0.1570606828 0.2640483081
-310.8 -102.7 2527.3 0 0 0 0 0 0 0 0 0
103.1 -335.1 2422.9 0 0 0 0 0 0 0 0 0
-166.5 -962.3 2655.4 0 0 0 0 0 0 0 0 0
3.7 -896.5 2564.2 0 0 0 0 0 0 0 0 0
-126.8 263.7 2772.4 00 0.6545931101 -0.3277828395 0.6812240481 0.3854004741 0.9199127555 0.0722979829 -0.6503647566 0.2152183056 0.7284962535
-61.9 81.4 2729.8 0.6545931101 -0.3277828395 0.6812240481 0.3854004741 0.9199127555 0.0722979829 -0.6503647566 0.2152183056 0.7284962535
-2.4 -98.2 2686.8 0.6584081650 -0.3069123328 0.6872434020 0.3743069768 0.9256845117 0.0547946133 -0.6529877186 0.2211627811 0.7243576646
-151.5 30.5 2818.6 0.5973927975 -0.8018482327 -0.0126969004 0.7597577572 0.5709604025 -0.3110825121 0.2566903830 0.1761918813 0.9502980709
-307.1 -167.4 2751.8 -0.0115862936 -0.8018482327 -0.5974153876 -0.3096695244 0.5709604025 -0.7603347898 0.9507736564 0.1761918813 -0.2549232841
27.8 132.3 2640.9 0.4165561199 -0.5081840754 0.7538102865 -0.7376533747 0.2957072258 0.6069799662 -0.5313647389 -0.8088919520 -0.2516850829
142.2 -70.4 2494.9 -0.1410953850 -0.5081840754 0.8496122956 -0.9551041126 0.2957072258 0.0182588398 -0.2605153620 -0.8088919520 -0.5270916224
-1.6 -311.3 2702.0 -0.9154061079 0.1924443096 -0.3535488844 0.2383126020 0.9669430852 -0.0907091424 0.3244051933 -0.1672908664 -0.9310075641
-75.8 -684.1 2766.5 -0.9154061079 0.3635792434 -0.1727476865 0.2383126020 0.8353682756 0.4953452945 0.3244051933 0.4122741818 -0.8513467312
118.7 -244.9 2574.4 0.3079520762 0.5779044628 0.7557724118 -0.0546875745 0.8038165569 -0.5923582315 -0.9498288035 0.1410865784 0.2791411579
-106.2 -557.7 2519.5 0.3079520762 -0.2392183095 0.9208366275 -0.0546875745 0.9618223906 0.2681547105 -0.9498288035 -0.1329371184 0.2831129432
-304.2 -89.1 2511.3 0 0 0 0 0 0 0 0 0
103.5 -332.2 2423.5 0 0 0 0 0 0 0 0 0
-193.3 -954.2 2633.2 0 0 0 0 0 0 0 0 0
-17.3 -915.0 2568.9 0 0 0 0 0 0 0 0 0
-129.2 268.6 2773.7 01 0.6870042682 -0.3209499419 0.6519327164 0.3781365454 0.9240286350 0.0564253554 -0.6205142140 0.2077551186 0.7561745048
-65.3 84.8 2732.4 0.6870042682 -0.3209499419 0.6519327164 0.3781365454 0.9240286350 0.0564253554 -0.6205142140 0.2077551186 0.7561745048
-7.6 -95.5 2689.9 0.6904789209 -0.2977580130 0.6592260599 0.3677283227 0.9292901754 0.0345783457 -0.6229082942 0.2185404897 0.7511493564
-159.4 34.8 2817.2 0.6014805436 -0.7969291806 -0.0559023432 0.7453351617 0.5849741101 -0.3198137283 0.2875702977 0.1506957412 0.9458298683
-316.2 -159.5 2742.3 -0.0548020974 -0.7969291806 -0.6015818119 -0.3184499145 0.5849741101 -0.7459188700 0.9463542700 0.1506957412 -0.2858398259
28.7 134.9 2647.5 0.3843216300 -0.4973039329 0.7778082490 -0.7589536905 0.3094978333 0.5728877187 -0.5256292820 -0.8104935884 -0.2584839463
134.2 -73.4 2503.3 -0.1121285409 -0.4973039329 0.8602999449 -0.9492977858 0.3094978333 0.0551797263 -0.2937020659 -0.8104935884 -0.5067930818
-11.5 -308.7 2703.0 -0.9225844145 0.2173171490 -0.3187652528 0.2531123757 0.9645247459 -0.0750074536 0.2911565602 -0.1498841345 -0.9448611736
-95.3 -680.8 2760.8 -0.9225844145 0.3632895052 -0.1298412383 0.2531123757 0.8239735961 0.5069532990 0.2911565602 0.4348427653 -0.8521382809
115.9 -244.5 2585.5 0.3841352463 0.5914008021 0.7090029716 -0.0920534059 0.7886263728 -0.6079429388 -0.9186763763 0.1682661772 0.3573796451
-113.8 -550.9 2520.1 0.3841352463 -0.2132942975 0.8983015418 -0.0920534059 0.9592534304 0.2671310604 -0.9186763763 -0.1853061765 0.3488486111
-302.3 -78.9 2502.7 0 0 0 0 0 0 0 0 0
103.5 -333.5 2422.8 0 0 0 0 0 0 0 0 0
-212.8 -947.2 2620.2 0 0 0 0 0 0 0 0 0
-34.5 -907.5 2589.0 0 0 0 0 0 0 0 0 0
-130.4 270.3 2774.8 02 0.7303074002 -0.3116325438 0.6078949571 0.3725184202 0.9276024103 0.0279952344 -0.5726090670 0.2060069442 0.7935237885
-68.4 85.6 2733.8 0.7303074002 -0.3116325438 0.6078949571 0.3725184202 0.9276024103 0.0279952344 -0.5726090670 0.2060069442 0.7935237885
-12.3 -95.4 2691.8 0.7340409756 -0.2892547846 0.6144228578 0.3609603643 0.9325486422 0.0077869236 -0.5752316117 0.2160663754 0.7889384627
-168.4 36.5 2812.1 0.5997393131 -0.7913414240 -0.1187074035 0.7268650532 0.6007887125 -0.3327462673 0.3346339762 0.1132767498 0.9355151057
-324.6 -152.9 2724.9 -0.1176344231 -0.7913414240 -0.5999507308 -0.3314455450 0.6007887125 -0.7274591327 0.9361121655 0.1132767498 -0.3329600394
31.6 134.7 2655.5 0.3603472710 -0.4444009364 0.8201571107 -0.7798495889 0.3389169276 0.5262792706 -0.5118441582 -0.8292424679 -0.2244381011
129.7 -77.7 2516.1 -0.0957079753 -0.4435877204 0.8911060095 -0.9350580573 0.3470381200 0.0723250955 -0.3413302898 -0.8263137937 -0.4479945898
-21.7 -308.6 2701.1 -0.9599068165 0.1148972586 -0.2556903958 0.1208586171 0.9926400781 -0.0076709376 0.2529271543 -0.0382657722 -0.9667282701
-65.7 -688.2 2715.7 -0.9607768655 0.1807497889 -0.2103268057 0.1163385883 0.9511528015 0.2859609127 0.2517403066 0.2502754927 -0.9348737597
111.9 -243.0 2591.7 0.5584573150 0.6353202462 0.5333794355 -0.1609911323 0.7137696147 -0.6816265583 -0.8137612343 0.2947899699 0.5008907914
-132.0 -517.0 2478.6 0.5584573150 -0.2099281698 0.8025307655 -0.1609911323 0.9216262102 0.3531104326 -0.8137612343 -0.3263974190 0.4808923006
-294.9 -69.1 2488.1 0 0 0 0 0 0 0 0 0
103.5 -333.8 2422.6 0 0 0 0 0 0 0 0 0
-126.4 -1007.6 2631.7 0 0 0 0 0 0 0 0 0
-54.6 -856.7 2598.9 0 0 0 0 0 0 0 0 0
-131.5 272.7 2774.9 03 0.7465546727 -0.2984458208 0.5946311355 0.3595165312 0.9329857230 0.0168961119 -0.5598249435 0.2011658400 0.8038210869
-72.1 86.8 2734.8 0.7465546727 -0.2984458208 0.5946311355 0.3595165312 0.9329857230 0.0168961119 -0.5598249435 0.2011658400 0.8038210869
-18.6 -95.3 2694.1 0.7506238222 -0.2756852806 0.6004677415 0.3462550044 0.9381380081 -0.0021256895 -0.5627356172 0.2095105499 0.7996461391
-174.4 39.6 2811.5 0.6077060699 -0.7814937830 -0.1412827224 0.7157993317 0.6160605550 -0.3287867904 0.3439835608 0.0986756533 0.9337764382
-332.9 -147.1 2721.8 -0.1401578039 -0.7814937830 -0.6079664826 -0.3274615109 0.6160605550 -0.7164065838 0.9344114661 0.0986756533 -0.3422548175
30.3 134.0 2658.1 0.3570459783 -0.4187780619 0.8349509835 -0.7936546206 0.3353587687 0.5075892210 -0.4925753474 -0.8438953757 -0.2126266509
127.0 -81.1 2524.6 -0.0859156176 -0.4156032801 0.9054791331 -0.9238071442 0.3735722005 0.0838101879 -0.3730936348 -0.8292874694 -0.4160329700
-26.8 -308.5 2700.1 -0.9064668417 0.0085243136 -0.4221909046 0.0563363098 0.9933000803 -0.1009017453 0.4185021222 -0.1152487695 -0.9008738399
-30.1 -688.0 2744.2 -0.9064668417 0.2391807735 -0.3480091691 0.0563363098 0.8852554560 0.4616806209 0.4185021222 0.3988926411 -0.8159292936
109.4 -244.2 2598.4 0.4867212772 0.5922325253 0.6421549916 -0.1108456030 0.7710319161 -0.6270749569 -0.8664962053 0.2340306640 0.4409240186
-118.3 -540.5 2508.4 0.4867212772 -0.0912314057 0.8687803149 -0.1108456030 0.9800425172 0.1650147587 -0.8664962053 -0.1766166687 0.4668949544
-297.4 -64.1 2485.1 0 0 0 0 0 0 0 0 0
103.5 -334.2 2422.4 0 0 0 0 0 0 0 0 0
-113.8 -997.7 2604.6 0 0 0 0 0 0 0 0 0
-85.1 -896.9 2572.7 0 0 0 0 0 0 0 0 0
-133.3 275.7 2774.9 04 0.7470253110 -0.2868087292 0.5997449160 0.3417582512 0.9394916296 0.0235972498 -0.5702232122 0.1873400211 0.7998432517
-76.1 88.5 2737.6 0.7470253110 -0.2868087292 0.5997449160 0.3417582512 0.9394916296 0.0235972498 -0.5702232122 0.1873400211 0.7998432517
-23.9 -94.4 2699.1 0.7492107153 -0.2691273987 0.6051890254 0.3343603611 0.9424311519 0.0051680957 -0.5717398524 0.1984792352 0.7960650325
-178.4 42.9 2815.6 0.6141979694 -0.7771006823 -0.1373878717 0.7165772319 0.6221237779 -0.3154030442 0.3305721581 0.0952708870 0.9389597774
-338.6 -144.1 2729.4 -0.1363507807 -0.7771006823 -0.6144290566 -0.3141928613 0.6221237779 -0.7171086669 0.9395165443 0.0952708870 -0.3289865255
26.1 134.1 2659.6 0.3647409379 -0.4058784842 0.8379896879 -0.8180816174 0.2900883555 0.4965794683 -0.4446419775 -0.8666668534 -0.2262346298
125.4 -88.4 2538.6 -0.0800646693 -0.3985817730 0.9136313200 -0.9010427594 0.4209120572 0.1046660542 -0.4262764454 -0.8148408532 -0.3928394020
-34.8 -308.3 2703.2 -0.9039212465 -0.0001735244 -0.4276988804 0.0235166494 0.9984669685 -0.0501064137 0.4270519316 -0.0553502962 -0.9025314450
-34.7 -692.1 2724.4 -0.9031597376 0.1313487738 -0.4087174833 0.0292496700 0.9686599970 0.2466622591 0.4283070564 0.2108205706 -0.8786966205
102.0 -246.4 2603.0 0.4239462316 0.5663375258 0.7067753077 -0.0645531788 0.7972847819 -0.6001415253 -0.9033839107 0.2088031471 0.3745647669
-116.6 -554.1 2522.4 0.4239462316 -0.0407387279 0.9047706723 -0.0645531788 0.9950879216 0.0750529319 -0.9033839107 -0.0902242288 0.4192339480
-304.0 -64.4 2491.1 0 0 0 0 0 0 0 0 0
103.4 -335.1 2421.9 0 0 0 0 0 0 0 0 0
-81.0 -1033.5 2650.1 0 0 0 0 0 0 0 0 0
-101.6 -918.9 2555.5 0 0 0 0 0 0 0 0 0
-134.8 277.4 2775.5 05 0.7648682594 -0.2752747238 0.5824090838 0.3300288320 0.9438853860 0.0127044749 -0.5532246828 0.1824945509 0.8127965331
-79.7 88.8 2739.0 0.7648682594 -0.2752747238 0.5824090838 0.3300288320 0.9438853860 0.0127044749 -0.5532246828 0.1824945509 0.8127965331
-29.6 -95.0 2701.6 0.7671396136 -0.2583913803 0.5871376991 0.3219819963 0.9467371106 -0.0040474841 -0.5548192263 0.1921527535 0.8094769716
-184.5 44.8 2814.7 0.6180472970 -0.7689426541 -0.1635381132 0.7068083882 0.6345894337 -0.3125990927 0.3441503346 0.0776109248 0.9357013702
-345.7 -139.6 2724.9 -0.1624623984 -0.7689426541 -0.6183309555 -0.3113687038 0.6345894337 -0.7073512673 0.9362988472 0.0776109248 -0.3425215781
25.0 132.7 2663.2 0.3865022063 -0.3806985617 0.8400503993 -0.8106792569 0.2940947115 0.5062681437 -0.4397899508 -0.8766852021 -0.1949561834
129.6 -86.7 2544.2 -0.0938442647 -0.3705117702 0.9240748286 -0.8932879567 0.4411492050 0.0861629546 -0.4395792484 -0.8173789978 -0.3723730147
-40.0 -307.2 2711.4 -0.9130561948 -0.0007760892 -0.4078330696 0.0073357634 0.9998051524 -0.0183258839 0.4077678323 -0.0197243299 -0.9128725529
-39.7 -693.2 2719.0 -0.9140493870 0.0559231937 -0.4017291665 -0.0082080485 0.9876962304 0.1561691165 0.4055198431 0.1460437030 -0.9023441076
95.4 -247.4 2609.3 0.4397106469 0.5536143780 0.7072238922 -0.0588477738 0.8034989834 -0.5923902988 -0.8962094784 0.2188617885 0.3858860433
-118.9 -558.3 2524.6 0.4397106469 -0.0114610763 0.8980663419 -0.0588477738 0.9974022508 0.0415418036 -0.8962094784 -0.0711155757 0.4378939271
-304.5 -60.6 2487.4 0 0 0 0 0 0 0 0 0
103.9 -331.5 2423.7 0 0 0 0 0 0 0 0 0
-59.9 -1049.9 2666.3 0 0 0 0 0 0 0 0 0
-114.6 -927.1 2550.9 0 0 0 0 0 0 0 0 0
-137.1 281.2 2776.2 06 0.7703812122 -0.2613240480 0.5815690160 0.3084331453 0.9510605335 0.0187834725 -0.5580158830 0.1649047136 0.8132802248
-84.7 90.7 2743.2 0.7703812122 -0.2613240480 0.5815690160 0.3084331453 0.9510605335 0.0187834725 -0.5580158830 0.1649047136 0.8132802248
-37.4 -94.4 2709.0 0.7724158764 -0.2439340055 0.5864042640 0.3007628918 0.9536988139 0.0005551431 -0.5593884587 0.1759398431 0.8100183606
-190.2 49.7 2819.6 0.6288091540 -0.7589845657 -0.1689423025 0.7027313709 0.6477186084 -0.2943284512 0.3328178227 0.0663553700 0.9406536222
-354.3 -133.8 2732.7 -0.1678202897 -0.7589845657 -0.6291095018 -0.2930743694 0.6477186084 -0.7032552958 0.9412458539 0.0663553700 -0.3311392367
20.7 131.8 2666.8 0.3968528211 -0.3773863912 0.8367122412 -0.8078513145 0.2891531289 0.5135822296 -0.4357569218 -0.8797556162 -0.1901208609
128.9 -88.3 2548.1 -0.0908537358 -0.3671036363 0.9257324338 -0.8866003156 0.4531544447 0.0926873609 -0.4535256028 -0.8123336434 -0.3666449785
