71.3 342.9 2627.3 2 0.9391292334 0.1238981411 -0.3204458654 -0.0872648358 0.9881446958 0.1263125539 0.3322967589 -0.0906601548 0.9388075471
45.9 140.4 2645.9 0.9391292334 0.1238981411 -0.3204458654 -0.0872648358 0.9881446958 0.1263125539 0.3322967589 -0.0906601548 0.9388075471
27.0 -55.6 2657.2 0.9404336214 0.1023660749 -0.3242001832 -0.0758450702 0.9927313924 0.0934446231 0.3314092457 -0.0632894859 0.9413619637
-90.0 152.8 2596.2 0.2237233371 0.3531295657 -0.9084312916 0.9498682022 0.1298575997 0.2844070494 0.2183992416 -0.9265184999 -0.3063743711
-151.4 -108.1 2536.2 -0.1186589748 0.3764804900 -0.9187940359 0.9900040030 -0.0261888336 -0.1385864913 -0.0762372538 -0.9260542989 -0.3696096539
181.7 128.0 2695.6 -0.0418828055 -0.2445588708 -0.9687294960 -0.9767955542 0.2138510942 -0.0117558558 0.2100388557 0.9457582235 -0.2478406876
172.4 -88.6 2742.2 0.8290379047 -0.2445588708 -0.5028787851 -0.4597404003 0.2138510942 -0.8619202375 0.3183314204 0.9457582235 0.0648570806
-89.9 -246.6 2653.7 0.8978164792 -0.3030992448 -0.3194627464 0.0748029053 0.8198671937 -0.5676463246 0.4339701831 0.4857454598 0.7587629557
30.5 -572.3 2460.7 0.9006353617 -0.1861809790 -0.3926737010 0.0609354824 0.9487560987 -0.3100785613 0.4302822948 0.2553399503 0.8658282757
83.2 -261.6 2712.2 0.9796497226 0.2005961090 0.0069026616 -0.1999637783 0.9783788919 -0.0528126918 -0.0173474383 0.0503576547 0.9985805750
4.2 -646.9 2692.3 0.9856529832 0.1685497016 -0.0088982983 -0.1682713330 0.9771824479 -0.1296116412 -0.0131507432 0.1292494386 0.9915249348
-121.9 -354.5 2555.2 0 0 0 0 0 0 0 0 0
357.1 -191.0 2813.1 0 0 0 0 0 0 0 0 0
95.2 -902.1 2372.0 0 0 0 0 0 0 0 0 0
-47.0 -943.5 2653.1 0 0 0 0 0 0 0 0 0
80.1 339.3 2613.5 3 0.9442979693 0.1252088100 -0.3043420017 -0.0883763656 0.9873054624 0.1319755912 0.3170030117 -0.0977276489 0.9433760643
54.4 137.0 2633.6 0.9442979693 0.1252088100 -0.3043420017 -0.0883763656 0.9873054624 0.1319755912 0.3170030117 -0.0977276489 0.9433760643
35.6 -58.9 2645.2 0.9456830621 0.1018897742 -0.3087102473 -0.0763006434 0.9926543832 0.0938909501 0.3160091043 -0.0652362928 0.9465106726
-82.2 149.5 2586.1 0.2278121114 0.3380072117 -0.9131553769 0.9497978687 0.1293984950 0.2848508358 0.2144425809 -0.9322055578 -0.2915599942
-144.8 -111.3 2527.2 -0.1193189770 0.3612725735 -0.9247946143 0.9900518656 -0.0266613588 -0.1381539106 -0.0745675042 -0.9320790172 -0.3544973731
191.1 124.6 2681.1 -0.0390058421 -0.2289382964 -0.9726591110 -0.9767134190 0.2142523229 -0.0112609155 0.2109725326 0.9495700002 -0.2319642007
182.4 -92.0 2727.8 0.8338671327 -0.2289382964 -0.5022478104 -0.4601347446 0.2142523229 -0.8616101146 0.3048633039 0.9495700002 0.0733155012
-79.6 -245.9 2639.4 0.9022669196 -0.2931850255 -0.3161597550 0.0816375688 0.8361430168 -0.5424022079 0.4233789742 0.4635810256 0.7783591151
36.9 -577.9 2455.2 0.9059588313 -0.1970308125 -0.3747231364 0.0647489503 0.9391751289 -0.3372798264 0.4183851480 0.2812986970 0.8636115789
92.9 -259.8 2700.1 0.9754120111 0.2189629823 0.0250330437 -0.2177431434 0.9750122428 -0.0440347306 -0.0340494998 0.0375012308 0.9987162948
6.3 -645.4 2685.2 0.9849666953 0.1722267121 0.0133633977 -0.1701892018 0.9807456732 -0.0957784131 -0.0296016969 0.0920642391 0.9953129888
-115.1 -357.8 2545.7 0 0 0 0 0 0 0 0 0
368.2 -194.5 2795.8 0 0 0 0 0 0 0 0 0
108.7 -920.5 2352.6 0 0 0 0 0 0 0 0 0
-47.0 -948.5 2656.8 0 0 0 0 0 0 0 0 0
87.4 341.1 2607.2 4 0.9188246727 0.1204379424 -0.3758403063 -0.0767015219 0.9886353612 0.1292941719 0.3871409595 -0.0899711475 0.9176203609
62.7 138.3 2625.6 0.9188246727 0.1204379424 -0.3758403063 -0.0767015219 0.9886353612 0.1292941719 0.3871409595 -0.0899711475 0.9176203609
45.7 -57.9 2636.2 0.9202736616 0.0933196768 -0.3799839616 -0.0632627606 0.9938519001 0.0908640474 0.3861271739 -0.0595809594 0.9205193520
-70.1 148.9 2568.0 0.1984883398 0.4051631689 -0.8924377561 0.9530140758 0.1328142434 0.2722583413 0.2288374901 -0.9045458436 -0.3597641289
-124.7 -112.9 2505.1 -0.1265139580 0.4304209650 -0.8937180638 0.9882774949 -0.0229199436 -0.1509381235 -0.0854509026 -0.9023371935 -0.4224756658
195.6 127.7 2683.2 -0.0417497493 -0.3022685945 -0.9523080587 -0.9768990874 0.2122859955 -0.0245530829 0.2095832974 0.9292837977 -0.3041487932
186.3 -88.9 2729.7 0.8147068620 -0.3022685945 -0.4948599935 -0.4485721290 0.2122859955 -0.8681691885 0.3674721122 0.9292837977 0.0373616032
-71.3 -249.1 2629.2 0.8818651438 -0.2973661423 -0.3659060895 0.0547788180 0.8354047537 -0.5468986630 0.4683088362 0.4622469544 0.7530037165
46.8 -581.0 2445.5 0.8834669590 -0.1701310426 -0.4365107119 0.0459648632 0.9587143660 -0.2806314230 0.4662332237 0.2278644294 0.8548125029
102.1 -263.2 2687.1 0.9728539586 0.2262148559 -0.0488054752 -0.2282187492 0.9727750421 -0.0403101966 0.0383579843 0.0503542610 0.9979945421
12.4 -648.8 2667.1 0.9788504243 0.1994288266 -0.0456073955 -0.2007547468 0.9792810082 -0.0265746266 0.0393627100 0.0351684839 0.9986059070
-93.2 -358.9 2526.4 0 0 0 0 0 0 0 0 0
367.8 -188.8 2811.6 0 0 0 0 0 0 0 0 0
110.2 -938.4 2360.6 0 0 0 0 0 0 0 0 0
-48.3 -946.6 2656.4 0 0 0 0 0 0 0 0 0
95.1 340.6 2596.0 5 0.9230865240 0.1174606979 -0.3662162125 -0.0811218917 0.9902616739 0.1131416559 0.3759395778 -0.0747313872 0.9236258268
71.1 137.9 2611.3 0.9230865240 0.1174606979 -0.3662162125 -0.0811218917 0.9902616739 0.1131416559 0.3759395778 -0.0747313872 0.9236258268
54.5 -58.4 2620.1 0.9247167706 0.0910288617 -0.3696114421 -0.0656014457 0.9945676327 0.0808189288 0.3749604225 -0.0504875779 0.9256650209
-62.4 148.8 2555.3 0.1995445490 0.3946097493 -0.8969197869 0.9509744048 0.1427281946 0.2743653357 0.2362829894 -0.9076958895 -0.3467831612
-117.3 -112.4 2490.4 -0.1290761232 0.4201425910 -0.8982313275 0.9888765216 -0.0129764490 -0.1481715143 -0.0739090219 -0.9073653221 -0.4137941897
204.6 126.9 2667.3 -0.0377796814 -0.2919974327 -0.9556726217 -0.9790552855 0.2022796273 -0.0231007282 0.2000584602 0.9347836375 -0.2935236990
196.2 -90.1 2711.6 0.8195667267 -0.2919974327 -0.4929988682 -0.4508828819 0.2022796273 -0.8693604469 0.3535746336 0.9347836375 0.0341250151
-56.9 -249.5 2612.8 0.8874456882 -0.2780305743 -0.3676128089 0.0503860973 0.8513169289 -0.5222266912 0.4581499994 0.4449252486 0.7695063949
53.5 -587.7 2436.1 0.8929744363 -0.1223167107 -0.4331688285 0.0121351192 0.9685604572 -0.2484822571 0.4499437213 0.2166317552 0.8663840294
111.3 -261.2 2683.4 0.9687662721 0.2472772747 -0.0185967032 -0.2467548698 0.9687147737 0.0265288483 0.0245748814 -0.0211114269 0.9994750619
13.5 -644.6 2691.8 0.9769158959 0.2066292167 -0.0542189926 -0.2116387188 0.9706683159 -0.1140704751 0.0290583652 0.1229121014 0.9919920564
-85.1 -358.5 2508.8 0 0 0 0 0 0 0 0 0
378.8 -190.6 2790.4 0 0 0 0 0 0 0 0 0
99.6 -952.8 2354.4 0 0 0 0 0 0 0 0 0
-49.4 -939.9 2654.4 0 0 0 0 0 0 0 0 0
100.1 338.2 2571.9 6 0.9480144978 0.1126325279 -0.2976280153 -0.0797362998 0.9895077348 0.1204845905 0.3080756962 -0.0904893801 0.9470486045
77.0 135.3 2590.4 0.9480144978 0.1126325279 -0.2976280153 -0.0797362998 0.9895077348 0.1204845905 0.3080756962 -0.0904893801 0.9470486045
60.9 -60.9 2601.1 0.9494442344 0.0882320851 -0.3012818098 -0.0656158403 0.9942692518 0.0843989551 0.3070019484 -0.0603632405 0.9497926235
-60.2 146.3 2544.2 0.2172497958 0.3277698159 -0.9194397926 0.9514814615 0.1391723603 0.2744341195 0.2179118246 -0.9344506264 -0.2816317379
-119.9 -115.0 2484.4 -0.1329991668 0.3530849218 -0.9260897636 0.9888005257 -0.0165650044 -0.1483209282 -0.0677105635 -0.9354445934 -0.3469274342
214.2 124.4 2636.6 -0.0242380276 -0.2230745852 -0.9745000005 -0.9783325791 0.2057833374 -0.0227728877 0.2056159079 0.9528331161 -0.2232289016
208.8 -92.5 2682.2 0.8425872922 -0.2230745852 -0.4901881516 -0.4508224726 0.2057833374 -0.8685691357 0.2946282327 0.9528331161 0.0728233904
-48.2 -250.0 2595.8 0.9089309573 -0.2671788335 -0.3200936615 0.0827362463 0.8680186272 -0.4895900190 0.4086553454 0.4185201824 0.8110743761
57.8 -594.7 2429.6 0.9209187031 -0.0878997520 -0.3797135055 -0.0065610055 0.9706029296 -0.2405969501 0.3896994293 0.2240615487 0.8932697177
121.1 -262.1 2664.4 0.9609763026 0.2717286050 0.0518465452 -0.2731034160 0.9617455006 0.0214506052 -0.0440344401 -0.0347729921 0.9984246492
13.4 -643.4 2678.2 0.9796882868 0.1996939629 0.0182518438 -0.1970784217 0.9756526947 -0.0962385833 -0.0370257273 0.0906867683 0.9951909184
-86.8 -361.2 2501.2 0 0 0 0 0 0 0 0 0
396.6 -192.9 2747.8 0 0 0 0 0 0 0 0 0
91.2 -962.9 2344.6 0 0 0 0 0 0 0 0 0
-48.7 -946.8 2650.0 0 0 0 0 0 0 0 0 0
106.8 337.0 2559.3 7 0.9525256157 0.1047191694 -0.2858826518 -0.0748437643 0.9907116890 0.1135287434 0.2951159179 -0.0867424980 0.9515157938
85.4 135.0 2577.0 0.9525256157 0.1047191694 -0.2858826518 -0.0748437643 0.9907116890 0.1135287434 0.2951159179 -0.0867424980 0.9515157938
71.3 -61.4 2587.3 0.9540913701 0.0784394667 -0.2890620530 -0.0578665324 0.9951891899 0.0790562034 0.2938725650 -0.0586998239 0.9540404677
-52.5 144.8 2532.7 0.2116167247 0.3137411177 -0.9256267548 0.9528051615 0.1447025836 0.2668771744 0.2176709324 -0.9384176135 -0.2683126926
-110.6 -116.8 2472.9 -0.1428131014 0.3404425681 -0.9293563962 0.9877391458 -0.0107960152 -0.1557395160 -0.0630537122 -0.9402033091 -0.3347266614
223.4 125.2 2621.3 -0.0126186032 -0.2119175047 -0.9772061110 -0.9790737629 0.2011344433 -0.0309754163 0.2031140327 0.9563660026 -0.2100209147
220.6 -91.9 2666.3 0.8505508304 -0.2119175047 -0.4813047051 -0.4439887702 0.2011344433 -0.8731660247 0.2818461359 0.9563660026 0.0769860744
-43.4 -252.4 2585.0 0.9178055525 -0.2447314113 -0.3126331270 0.0756610036 0.8808104992 -0.4673845470 0.3897542059 0.4053139985 0.8269293904
53.8 -602.2 2424.0 0.9251075983 -0.1194871813 -0.3604145944 0.0263476688 0.9671090245 -0.2529939115 0.3787897527 0.2245505154 0.8978281617
130.2 -264.5 2641.1 0.9459629655 0.3142031431 0.0801903829 -0.3197102547 0.9450263381 0.0686339885 -0.0542170070 -0.0905629024 0.9944138527
5.8 -638.7 2677.0 0.9867813587 0.1605944782 0.0217242669 -0.1575174630 0.9819887280 -0.1043378189 -0.0380890630 0.0995366648 0.9943045974
-75.1 -362.7 2488.6 0 0 0 0 0 0 0 0 0
410.1 -190.8 2729.1 0 0 0 0 0 0 0 0 0
99.3 -970.2 2338.6 0 0 0 0 0 0 0 0 0
-45.3 -950.9 2645.3 0 0 0 0 0 0 0 0 0
114.2 336.7 2551.5 8 0.9303249121 0.0940111876 -0.3544819057 -0.0650202557 0.9935544133 0.0928545743 0.3609264195 -0.0633364245 0.9304410815
95.1 134.2 2564.5 0.9303249121 0.0940111876 -0.3544819057 -0.0650202557 0.9935544133 0.0928545743 0.3609264195 -0.0633364245 0.9304410815
82.2 -62.5 2570.6 0.9312493205 0.0721498132 -0.3571681976 -0.0539481379 0.9966983795 0.0606785268 0.3603669107 -0.0372382775 0.9320670366
-39.5 143.5 2510.6 0.1857076883 0.3783592880 -0.9068389535 0.9509911537 0.1630094796 0.2627616823 0.2472416610 -0.9111927152 -0.3295442462
-90.5 -117.7 2442.7 -0.1481401026 0.4067236781 -0.9014601111 0.9872927070 0.0078127412 -0.1587202847 -0.0575124249 -0.9135178328 -0.4027126729
229.6 124.9 2618.3 -0.0169659667 -0.2816501260 -0.9593671560 -0.9823608398 0.1834041178 -0.0364710167 0.1862239540 0.9418259263 -0.2797936797
225.8 -92.9 2659.6 0.8328211904 -0.2816501260 -0.4765313268 -0.4407530725 0.1834041178 -0.8786920309 0.3348815441 0.9418259263 0.0286046732
-31.6 -253.8 2572.0 0.9019647241 -0.2173504531 -0.3731198609 0.0243489631 0.8883094788 -0.4585994184 0.4311226904 0.4045554101 0.8065160513
54.7 -606.6 2411.4 0.9005730748 -0.1310060620 -0.4144943655 0.0350872241 0.9723032117 -0.2310743332 0.4332863390 0.1935558617 0.8802267313
146.7 -265.5 2618.6 0.9342624545 0.3561428189 0.0177754182 -0.3563911319 0.9309423566 0.0795715973 0.0117909610 -0.0806757584 0.9966706634
3.9 -638.9 2651.0 0.9902638793 0.1262547374 -0.0586278625 -0.1325849146 0.9837697744 -0.1209058687 0.0424113832 0.1275018901 0.9909311533
-53.6 -363.4 2457.0 0 0 0 0 0 0 0 0 0
411.4 -191.1 2734.2 0 0 0 0 0 0 0 0 0
104.6 -977.2 2337.6 0 0 0 0 0 0 0 0 0
-36.7 -955.0 2610.0 0 0 0 0 0 0 0 0 0
120.5 335.4 2533.2 9 0.9476572871 0.0906072482 -0.3061634302 -0.0685204118 0.9942611456 0.0821567848 0.3118503988 -0.0568780266 0.9484272599
102.1 132.9 2544.7 0.9476572871 0.0906072482 -0.3061634302 -0.0685204118 0.9942611456 0.0821567848 0.3118503988 -0.0568780266 0.9484272599
90.5 -63.9 2550.1 0.9489922523 0.0650227368 -0.3085217774 -0.0514362864 0.9973227978 0.0519769341 0.3110754788 -0.0334564969 0.9497961402
-35.1 141.8 2498.0 0.1934522688 0.3296266198 -0.9240792990 0.9501847029 0.1716673523 0.2601524889 0.2443874180 -0.9283730984 -0.2799967527
-88.3 -119.1 2430.9 -0.1559724808 0.3586242795 -0.9203593135 0.9868541360 0.0166496020 -0.1607536674 -0.0423265547 -0.9333335161 -0.3565067351
239.2 124.0 2591.5 -0.0022401037 -0.2332264185 -0.9724198580 -0.9837596416 0.1750416905 -0.0397159941 0.1794768274 0.9565384984 -0.2298308611
238.7 -94.1 2631.3 0.8513494730 -0.2332264185 -0.4699037075 -0.4385816455 0.1750416905 -0.8814797401 0.2878371179 0.9565384984 0.0467328243
-17.1 -255.5 2545.1 0.9196551442 -0.1899029016 -0.3437604904 0.0417449698 0.9176273346 -0.3952435553 0.3905018866 0.3491374850 0.8518282175
58.2 -619.2 2406.7 0.9226617813 -0.1207086518 -0.3662302792 0.0196886044 0.9632503390 -0.2678826153 0.3851071894 0.2399545014 0.8911309242
161.2 -266.8 2589.0 0.9274852872 0.3661220968 0.0756678730 -0.3720057905 0.9239165783 0.0893858001 -0.0371846817 -0.1110529006 0.9931185842
13.4 -639.9 2633.8 0.9925833344 0.1209226400 -0.0124909738 -0.1215168834 0.9840076566 -0.1302405149 -0.0034578140 0.1307924390 0.9914037585
-49.4 -364.7 2441.4 0 0 0 0 0 0 0 0 0
428.4 -191.8 2695.4 0 0 0 0 0 0 0 0 0
104.2 -986.4 2315.3 0 0 0 0 0 0 0 0 0
-25.7 -958.0 2591.5 0 0 0 0 0 0 0 0 0
128.5 336.2 2515.0 0 0.9567032456 0.0880908668 -0.2774147689 -0.0679195449 0.9943548441 0.0815195441 0.2830298543 -0.0591481254 0.9572855234
110.5 133.1 2527.0 0.9567032456 0.0880908668 -0.2774147689 -0.0679195449 0.9943548441 0.0815195441 0.2830298543 -0.0591481254 0.9572855234
99.4 -63.7 2532.5 0.9580134153 0.0628078133 -0.2797596157 -0.0506253429 0.9974366426 0.0505686216 0.2822186053 -0.0342824906 0.9587373734
-28.0 141.9 2484.5 0.1996247023 0.3012382984 -0.9324191213 0.9501516223 0.1730775982 0.2593376040 0.2395032793 -0.9377098083 -0.2516714931
-82.9 -119.1 2418.7 -0.1583419889 0.3302554786 -0.9305155277 0.9867099524 0.0181005858 -0.1614801586 -0.0364868343 -0.9437180161 -0.3287324607
249.1 124.2 2569.6 0.0043397634 -0.2044400126 -0.9788694978 -0.9839565158 0.1737170815 -0.0406436846 0.1783555448 0.9633414149 -0.2004061937
250.0 -93.9 2609.1 0.8601695299 -0.2044400126 -0.4672393799 -0.4378631711 0.1737170815 -0.8820987344 0.2615037560 0.9633414149 0.0599093921
-9.1 -257.3 2528.3 0.9297446609 -0.1722625494 -0.3254235089 0.0489097424 0.9337580800 -0.3545471430 0.3649420142 0.3137219548 0.8765819073
59.2 -627.6 2403.9 0.9334782958 -0.1161218286 -0.3393140435 0.0211892743 0.9623343349 -0.2710418105 0.3580074310 0.2458218336 0.9007787108
173.0 -266.6 2567.0 0.9220250845 0.3715926409 0.1085755453 -0.3817859292 0.9192428589 0.0960833654 -0.0641034245 -0.1300438941 0.9894338250
22.4 -639.2 2619.7 0.9926488400 0.1201866493 0.0142617142 -0.1172785237 0.9842906594 -0.1319757253 -0.0298993923 0.1293329597 0.9911503196
-43.4 -364.7 2427.8 0 0 0 0 0 0 0 0 0
441.6 -191.5 2667.4 0 0 0 0 0 0 0 0 0
103.5 -994.8 2310.0 0 0 0 0 0 0 0 0 0
-16.6 -958.5 2577.8 0 0 0 0 0 0 0 0 0
136.3 341.0 2497.4 1 0.9563813210 0.0820350572 -0.2803659439 -0.0606550127 0.9946081638 0.0841165483 0.2857547402 -0.0634418949 0.9562004805
119.5 137.1 2510.4 0.9563813210 0.0820350572 -0.2803659439 -0.0606550127 0.9946081638 0.0841165483 0.2857547402 -0.0634418949 0.9562004805
109.8 -59.8 2515.4 0.9575115442 0.0557535924 -0.2829543054 -0.0443104506 0.9979262948 0.0466867164 0.2849704921 -0.0321652368 0.9579964876
-19.0 145.0 2467.4 0.1920943558 0.3027659655 -0.9335054755 0.9510874748 0.1770661175 0.2531405985 0.2419345677 -0.9364722967 -0.2539435327
-71.7 -116.2 2401.0 -0.1653060913 0.3329116702 -0.9283553958 0.9856193662 0.0223130994 -0.1675011367 -0.0350486003 -0.9426939487 -0.3318126798
258.0 129.1 2553.3 0.0108684441 -0.2085338533 -0.9779547453 -0.9842472076 0.1703625470 -0.0472655781 0.1764633358 0.9630629420 -0.2033972889
260.4 -89.1 2592.4 0.8625093699 -0.2085338533 -0.4610761404 -0.4321982563 0.1703625470 -0.8855401278 0.2632152140 0.9630629420 0.0568113290
-0.8 -257.3 2513.5 0.9325230718 -0.1495943964 -0.3286673427 0.0307805538 0.9397735596 -0.3404088616 0.3597961366 0.3073225617 0.8809651136
58.6 -630.3 2391.5 0.9299693108 -0.1450448483 -0.3378151059 0.0487607121 0.9594271779 -0.2777081728 0.3643891513 0.2417879701 0.8993103504
185.7 -262.2 2548.9 0.9226129651 0.3707752526 0.1063533351 -0.3808272779 0.9193923473 0.0984292403 -0.0612853207 -0.1313143522 0.9894446135
35.1 -635.6 2602.2 0.9937658906 0.1109933257 0.0104816118 -0.1086004898 0.9850029349 -0.1340716630 -0.0252054781 0.1320975274 0.9909161925
-30.6 -361.6 2409.7 0 0 0 0 0 0 0 0 0
452.6 -185.4 2651.1 0 0 0 0 0 0 0 0 0
114.0 -996.5 2299.2 0 0 0 0 0 0 0 0 0
-1.0 -955.6 2559.3 0 0 0 0 0 0 0 0 0
143.3 344.4 2479.6 2 0.9469645619 0.0824656561 -0.3105760515 -0.0534755588 0.9934744239 0.1007420048 0.3168571293 -0.0787908882 0.9451949596
126.4 140.5 2495.7 0.9469645619 0.0824656561 -0.3105760515 -0.0534755588 0.9934744239 0.1007420048 0.3168571293 -0.0787908882 0.9451949596
116.7 -56.3 2503.2 0.9479830861 0.0555829071 -0.3134304583 -0.0387870483 0.9974699616 0.0595756136 0.3159488440 -0.0443196334 0.9477404952
-10.7 147.6 2448.3 0.1831636131 0.3322832882 -0.9252237082 0.9546760321 0.1644871831 0.2480678409 0.2346162498 -0.9287258983 -0.2870948315
-61.0 -114.6 2383.8 -0.1652576625 0.3627933860 -0.9170991778 0.9847667217 0.0097114220 -0.1736093760 -0.0540779941 -0.9318190217 -0.3588717282
263.4 133.4 2543.2 0.0063851858 -0.2393544316 -0.9709112644 -0.9816735387 0.1834301800 -0.0516761877 0.1904633492 0.9534478784 -0.2337966710
264.8 -84.3 2585.4 0.8541775942 -0.2393544316 -0.4616167843 -0.4270934165 0.1834301800 -0.8854064345 0.2966004014 0.9534478784 0.0544552468
11.0 -254.1 2495.7 0.9250975251 -0.1332186908 -0.3555943966 0.0079639275 0.9430416226 -0.3325793743 0.3796461225 0.3048364222 0.8734664321
63.9 -628.5 2374.6 0.9193039536 -0.1312256306 -0.3710256517 0.0615134127 0.9790956378 -0.1938758790 0.3887110651 0.1554078013 0.9081586599
192.0 -260.0 2539.8 0.9141541123 0.3963893950 0.0848393589 -0.4047378600 0.9041761756 0.1365748942 -0.0225728862 -0.1591881961 0.9869901538
32.8 -623.0 2603.7 0.9888361692 0.1488862634 0.0059928275 -0.1485064030 0.9880112410 -0.0421853773 -0.0122018047 0.0408244543 0.9990918040
-19.9 -359.7 2397.3 0 0 0 0 0 0 0 0 0
455.1 -179.4 2651.5 0 0 0 0 0 0 0 0 0
113.8 -1001.0 2315.5 0 0 0 0 0 0 0 0 0
-17.9 -959.9 2589.8 0 0 0 0 0 0 0 0 0
149.9 346.3 2455.2 3 0.9727273583 0.0797308832 -0.2178173959 -0.0581777431 0.9929118752 0.1036402807 0.2245368212 -0.0881416202 0.9704711437
133.5 142.1 2473.3 0.9727273583 0.0797308832 -0.2178173959 -0.0581777431 0.9929118752 0.1036402807 0.2245368212 -0.0881416202 0.9704711437
123.5 -54.6 2483.0 0.9737883210 0.0565689169 -0.2203094512 -0.0426899083 0.9968217015 0.0672608167 0.2234141082 -0.0560928062 0.9731082916
-7.4 149.7 2439.2 0.2101966292 0.2421457171 -0.9471973777 0.9549411535 0.1567933708 0.2519984543 0.2095346153 -0.9574869871 -0.1982774734
-65.2 -112.6 2381.7 -0.1642511189 0.2713593543 -0.9483594894 0.9854166508 0.0018171137 -0.1701492816 -0.0444483273 -0.9624763727 -0.2677004933
274.4 134.4 2507.4 0.0192801841 -0.1453443468 -0.9891932607 -0.9805182219 0.1906902641 -0.0471296459 0.1954795569 0.9708306789 -0.1388362348
278.7 -83.0 2550.7 0.8764089346 -0.1453443468 -0.4591104686 -0.4305230081 0.1906902641 -0.8822058439 0.2157715410 0.9708306789 0.1045485735
18.8 -251.0 2483.1 0.9534574747 -0.1307848990 -0.2716875374 0.0372226834 0.9451975822 -0.3243701458 0.2992211282 0.2991602123 0.9060738683
70.7 -626.5 2364.2 0.9514091015 -0.0953971520 -0.2927800417 0.0614638999 0.9905007482 -0.1230057999 0.3017332554 0.0990334302 0.9482349157
195.2 -257.0 2536.9 0.8908371925 0.4286360145 0.1505997032 -0.4427797198 0.8933632374 0.0764740929 -0.1017606854 -0.1348084509 0.9856325388
24.2 -613.5 2590.7 0.9817730188 0.1433501542 0.1247897595 -0.1473155767 0.9888196588 0.0231028814 -0.1200827658 -0.0410652608 0.9919142127
-24.3 -357.8 2392.7 0 0 0 0 0 0 0 0 0
474.0 -178.9 2598.8 0 0 0 0 0 0 0 0 0
107.0 -1003.3 2326.6 0 0 0 0 0 0 0 0 0
-25.4 -955.4 2604.9 0 0 0 0 0 0 0 0 0
156.3 348.7 2443.0 4 0.9618125558 0.0866659433 -0.2596260011 -0.0622269437 0.9929456711 0.1009294614 0.2665416598 -0.0809194893 0.9604205489
138.5 144.7 2459.6 0.9618125558 0.0866659433 -0.2596260011 -0.0622269437 0.9929456711 0.1009294614 0.2665416598 -0.0809194893 0.9604205489
127.2 -51.9 2468.5 0.9628871083 0.0639570281 -0.2622173727 -0.0480333380 0.9966162443 0.0667001233 0.2655960321 -0.0516295098 0.9627009630
-0.8 153.1 2419.4 0.2056370974 0.2844738066 -0.9363695979 0.9534950852 0.1572126597 0.2571600378 0.2203644365 -0.9457054734 -0.2389156222
-57.2 -108.7 2358.9 -0.1572151631 0.3131003678 -0.9366170764 0.9863154888 0.0020985252 -0.1648557335 -0.0496508777 -0.9497177005 -0.3091456592
277.8 136.3 2499.8 0.0058190259 -0.1866067052 -0.9824174643 -0.9809399843 0.1897500455 -0.0418526232 0.1942237467 0.9639361501 -0.1819458157
279.1 -81.2 2542.8 0.8639915586 -0.1866067052 -0.4676499963 -0.4353518188 0.1897500455 -0.8800361753 0.2529572546 0.9639361501 0.0827028751
23.5 -248.8 2473.8 0.9413014650 -0.1251057535 -0.3135283887 0.0201453250 0.9479521513 -0.3177748322 0.3369653821 0.2928057909 0.8948290944
73.2 -625.4 2357.4 0.9379966259 -0.0965167508 -0.3329366446 0.0632539317 0.9919871092 -0.1093643308 0.3408243358 0.0815238208 0.9365856051
202.6 -256.1 2512.5 0.8705459237 0.4745358527 0.1302517056 -0.4887712300 0.8645156026 0.1171129346 -0.0570303462 -0.1656154692 0.9845400453
14.0 -599.7 2578.3 0.9878054261 0.1108098254 0.1093690097 -0.1197824627 0.9896373749 0.0791836008 -0.0994613320 -0.0913184881 0.9908422828
-18.1 -354.2 2371.2 0 0 0 0 0 0 0 0 0
471.6 -178.2 2599.2 0 0 0 0 0 0 0 0 0
110.0 -1003.6 2326.3 0 0 0 0 0 0 0 0 0
-26.0 -957.1 2611.3 0 0 0 0 0 0 0 0 0
165.7 349.8 2428.9 5 0.9419962764 0.0978167057 -0.3210527599 -0.0647828728 0.9915903807 0.1120341644 0.3293116689 -0.0847370476 0.9404113293
145.6 145.7 2446.3 0.9419962764 0.0978167057 -0.3210527599 -0.0647828728 0.9915903807 0.1120341644 0.3293116689 -0.0847370476 0.9404113293
132.9 -50.8 2456.0 0.9433345795 0.0710806102 -0.3241411150 -0.0490347445 0.9959248900 0.0756916627 0.3282004297 -0.0555083863 0.9429757595
9.2 154.3 2397.1 0.1945626438 0.3461174965 -0.9177952409 0.9546204209 0.1482801735 0.2582883835 0.2254889607 -0.9263992906 -0.3015610278
-44.2 -107.9 2335.1 -0.1497888565 0.3743382990 -0.9151142836 0.9863857031 -0.0069577298 -0.1643009335 -0.0678712502 -0.9272661209 -0.3681997657
281.9 137.2 2495.5 -0.0106857428 -0.2482913733 -0.9686264396 -0.9792826772 0.1984924078 -0.0400769450 0.2022157609 0.9481308460 -0.2452684790
279.5 -79.9 2540.4 0.8439599872 -0.2482913733 -0.4754817486 -0.4361108541 0.1984924078 -0.8777289391 0.3123120368 0.9481308460 0.0592370965
26.5 -245.6 2454.4 0.9179238677 -0.1265042722 -0.3760484159 0.0161355808 0.9589251280 -0.2831999660 0.3964282870 0.2538882494 0.8822615147
76.7 -626.3 2353.6 0.9154012203 -0.0889884830 -0.3925833106 0.0503780507 0.9929170609 -0.1076002195 0.3993778527 0.0787197873 0.9134005308
205.0 -254.0 2501.7 0.8635091782 0.4984500408 0.0768078640 -0.5042972565 0.8515602350 0.1432808638 0.0060118251 -0.1624583453 0.9866970778
7.2 -591.8 2566.2 0.9928588271 0.1031387746 0.0599477217 -0.1094807386 0.9873756170 0.1144698486 -0.0473846383 -0.1202155203 0.9916163087
-6.9 -353.4 2352.0 0 0 0 0 0 0 0 0 0
467.5 -177.1 2610.0 0 0 0 0 0 0 0 0 0
110.7 -1005.3 2323.5 0 0 0 0 0 0 0 0 0
-30.8 -956.4 2610.6 0 0 0 0 0 0 0 0 0
176.1 350.5 2429.3 6 0.9101745486 0.1123680547 -0.3986924589 -0.0793413743 0.9919739366 0.0984510332 0.4065552950 -0.0579748191 0.9117848873
153.2 148.3 2441.1 0.9101745486 0.1123680547 -0.3986924589 -0.0793413743 0.9919739366 0.0984510332 0.4065552950 -0.0579748191 0.9117848873
137.0 -48.1 2446.8 0.9113407731 0.0895198882 -0.4018012285 -0.0678616762 0.9953850508 0.0678486004 0.4060207307 -0.0345662870 0.9132099152
21.7 159.6 2380.7 0.1881487668 0.4254392684 -0.8852126598 0.9483991861 0.1555168331 0.2763212919 0.2552233934 -0.8915244937 -0.3742259741
-30.0 -100.8 2310.6 -0.1296191961 0.4514473975 -0.8828330040 0.9893849492 -0.0001075639 -0.1453183442 -0.0656985566 -0.8922977448 -0.4466413260
284.7 137.1 2501.6 -0.0415486805 -0.3249429166 -0.9448205233 -0.9816548228 0.1893967837 -0.0219689105 0.1860846132 0.9265748262 -0.3268509805
275.5 -80.6 2542.8 0.8082399964 -0.3249429166 -0.4910806417 -0.4531259537 0.1893967837 -0.8710945845 0.3760651052 0.9265748262 0.0058379904
32.6 -244.2 2437.0 0.8806893826 -0.1208617836 -0.4580159783 0.0002904132 0.9670397639 -0.2546251416 0.4736941159 0.2241126597 0.8516967893
80.6 -628.2 2348.0 0.8794850111 -0.0655642822 -0.4713888764 0.0216454994 0.9949509501 -0.0980005115 0.4754341543 0.0759865269 0.8764635921
206.2 -253.0 2496.4 0.9205702543 0.3886731267 0.0385176241 -0.3876282275 0.8970712423 0.2121497244 0.0479038469 -0.2102292478 0.9764778018
53.1 -606.3 2579.2 0.9771592617 0.2122957557 -0.0094990702 -0.2103006989 0.9724684358 0.1003928334 0.0305505190 -0.0961021334 0.9949025512
2.3 -347.1 2326.9 0 0 0 0 0 0 0 0 0
455.6 -181.5 2626.6 0 0 0 0 0 0 0 0 0
105.6 -1008.1 2319.0 0 0 0 0 0 0 0 0 0
-22.0 -950.1 2613.1 0 0 0 0 0 0 0 0 0
181.8 338.9 2389.9 7 0.8675746322 0.0731700882 -0.4918947220 -0.0357941240 0.9957389832 0.0849861428 0.4960171878 -0.0561248809 0.8664969206
167.0 137.9 2401.2 0.8675746322 0.0731700882 -0.4918947220 -0.0357941240 0.9957389832 0.0849861428 0.4960171878 -0.0561248809 0.8664969206
157.4 -58.9 2407.9 0.8679571748 0.0566895790 -0.4933929741 -0.0299219601 0.9976283312 0.0619874038 0.4957368374 -0.0390391275 0.8675948977
41.9 143.7 2327.8 0.1274334788 0.5066959262 -0.8526546359 0.9572299123 0.1623068899 0.2395147532 0.2597528696 -0.8467087746 -0.4643411636
6.9 -119.2 2256.4 -0.1578732580 0.5382283926 -0.8278805614 0.9831851125 0.0077555724 -0.1824470609 -0.0917774960 -0.8427633643 -0.5304025412
292.2 132.1 2474.6 -0.0246545337 -0.4226784706 -0.9059442878 -0.9806157351 0.1864329129 -0.0602957122 0.1943835318 0.8868966699 -0.4190815687
286.7 -85.3 2517.7 0.7822906375 -0.4226784706 -0.4575634301 -0.4190284610 0.1864329129 -0.8886269927 0.4609083831 0.8868966699 -0.0312695988
50.5 -247.9 2399.2 0.8071313500 -0.2282158285 -0.5444781780 0.1384250075 0.9697098136 -0.2012495100 0.5739141703 0.0870653987 0.8142740130
136.9 -614.8 2366.2 0.8026937842 0.1753401756 -0.5700337887 -0.2602310181 0.9629886150 -0.0702330917 0.5366213322 0.2047161460 0.8186139464
226.9 -260.2 2464.0 0.9531758428 0.2985609770 -0.0481370315 -0.2747539580 0.9214528799 0.2746540904 0.1263570040 -0.2485678047 0.9603374004
109.3 -623.3 2561.9 0.9674816132 0.2327895463 -0.0989363417 -0.2216831744 0.9687204361 0.1115223244 0.1218028888 -0.0859632716 0.9888247252
46.2 -363.9 2279.3 0 0 0 0 0 0 0 0 0
461.0 -178.6 2620.4 0 0 0 0 0 0 0 0 0
72.4 -968.8 2291.0 0 0 0 0 0 0 0 0 0
28.2 -960.5 2591.8 0 0 0 0 0 0 0 0 0
219.1 344.3 2356.3 8 0.8222243190 0.1579196751 -0.5468167663 -0.0564423129 0.9786251187 0.1977553219 0.5663580894 -0.1317356229 0.8135626912
184.4 128.9 2385.3 0.8222243190 0.1579196751 -0.5468167663 -0.0564423129 0.9786251187 0.1977553219 0.5663580894 -0.1317356229 0.8135626912
171.5 -67.9 2385.8 0.8221896291 0.0734383613 -0.5644563437 -0.0567382798 0.9972772598 0.0471051112 0.5663788319 -0.0067030508 0.8241177797
66.0 138.6 2301.8 0.1179708838 0.5790015459 -0.8067466021 0.9479433894 0.1763244122 0.2651660740 0.2957806885 -0.7960320115 -0.5280595422
33.6 -121.7 2220.5 -0.1360428035 0.6079683304 -0.7822192311 0.9876449704 0.0212394316 -0.1552622020 -0.0777806118 -0.7936771512 -0.6033462882
302.7 119.2 2468.9 -0.0544933937 -0.4939433634 -0.8677847981 -0.9848524332 0.1698584557 -0.0348387174 0.1646089405 0.8527414799 -0.4957175255
290.6 -99.2 2505.4 0.7344809771 -0.4939433634 -0.4653575122 -0.4433829486 0.1698584557 -0.8800907135 0.5137599111 0.8527414799 -0.0942482576
74.4 -258.3 2362.1 0.7501749992 -0.1980697215 -0.6308770776 0.1433304250 0.9801074862 -0.1372798532 0.6455183029 0.0125600286 0.7636415362
151.0 -637.4 2357.3 0.7072628140 0.2528467178 -0.6601877213 -0.2443617731 0.9637276530 0.1073140055 0.6633751988 0.0854254439 0.7433947921
232.9 -271.4 2440.1 0.9494531751 0.2902067006 -0.1196611151 -0.2504603863 0.9301404953 0.2685298622 0.1892308146 -0.2249861509 0.9558100700
118.0 -639.7 2529.2 0.9460067749 0.2745251954 -0.1723575592 -0.2628172636 0.9608352780 0.0878788456 0.1897321790 -0.0378354378 0.9811066389
67.5 -367.6 2239.9 0 0 0 0 0 0 0 0 0
454.3 -198.0 2619.8 0 0 0 0 0 0 0 0 0
57.1 -995.1 2325.6 0 0 0 0 0 0 0 0 0
23.3 -970.9 2542.3 0 0 0 0 0 0 0 0 0
241.8 344.2 2339.5 9 0.8360455632 0.1862232834 -0.5160898566 -0.0945350826 0.9754622579 0.1988377571 0.5404543877 -0.1174488291 0.8331355453
202.6 139.0 2364.3 0.8360455632 0.1862232834 -0.5160898566 -0.0945350826 0.9754622579 0.1988377571 0.5404543877 -0.1174488291 0.8331355453
178.7 -56.6 2372.0 0.8375033736 0.1293736696 -0.5308960080 -0.0854532048 0.9906231761 0.1065994501 0.5397090316 -0.0439106338 0.8407056332
82.1 152.7 2284.5 0.1818952709 0.5590410233 -0.8089420795 0.9487543702 0.1164201647 0.2937881351 0.2584167719 -0.8209260106 -0.5092163086
32.1 -107.8 2213.5 -0.0827370957 0.5792659521 -0.8109288216 0.9907627702 -0.0399165004 -0.1295984387 -0.1074414030 -0.8141607046 -0.5706125498
323.1 125.2 2444.0 -0.1040916145 -0.4525771141 -0.8856290579 -0.9741374254 0.2259542346 -0.0009735269 0.2005522400 0.8626230955 -0.4643922746
300.1 -90.8 2488.5 0.7262561321 -0.4525771141 -0.5174224377 -0.4679131210 0.2259542346 -0.8544015288 0.5035963655 0.8626230955 -0.0476661213
85.2 -261.5 2332.1 -0.4900593758 -0.3141205907 -0.8131236434 -0.0166061968 0.9360088706 -0.3515844643 0.8715308309 -0.1587943882 -0.4639162719
211.6 -638.1 2396.0 -0.4900593758 0.4782403708 -0.7287852764 -0.0166061968 0.8307873011 0.5563422441 0.8715308309 0.2847431004 -0.3991933465
230.1 -261.0 2431.0 0.9477116466 0.3119848371 -0.0671422556 -0.2767629921 0.9082539082 0.3138106167 0.1588863730 -0.2788194716 0.9471086860
106.5 -621.0 2541.5 0.9324116707 0.3387082815 -0.1260365099 -0.3224994242 0.9372075796 0.1328008473 0.1631031185 -0.0831783488 0.9830964804
52.7 -354.4 2240.3 0 0 0 0 0 0 0 0 0
461.9 -195.0 2600.7 0 0 0 0 0 0 0 0 0
40.9 -934.6 2294.4 0 0 0 0 0 0 0 0 0
-9.6 -942.0 2570.0 0 0 0 0 0 0 0 0 0
255.2 342.8 2324.7 0 0.8594360948 0.2072358131 -0.4673573971 -0.1220574602 0.9708969593 0.2060607970 0.4964590371 -0.1200516373 0.8597185612
212.6 143.1 2349.3 0.8594360948 0.2072358131 -0.4673573971 -0.1220574602 0.9708969593 0.2060607970 0.4964590371 -0.1200516373 0.8597185612
180.7 -51.1 2362.5 0.8613450527 0.1690663695 -0.4790629447 -0.1121454462 0.9830141664 0.1452809423 0.4954877794 -0.0714122877 0.8656743765
88.6 160.6 2275.9 0.2362063676 0.5177690983 -0.8222662210 0.9444656968 0.0766159445 0.3195536733 0.2284537107 -0.8520828485 -0.4709179699
23.7 -98.7 2213.2 -0.0460013002 0.5316226482 -0.8457311988 0.9912880063 -0.0803061128 -0.1043985263 -0.1234180108 -0.8431656361 -0.5232969522
336.6 125.5 2422.8 -0.1345711946 -0.3946249187 -0.9089344144 -0.9647666216 0.2614685595 0.0293176193 0.2260883003 0.8808549047 -0.4159071147
306.8 -88.4 2472.9 0.7320185304 -0.3946249187 -0.5553557277 -0.4899571240 0.2614685595 -0.8316106200 0.4733823240 0.8808549047 -0.0019494725
78.3 -245.4 2329.8 -0.4157665074 -0.2662928700 -0.8696127534 -0.0700230151 0.9627084136 -0.2613222599 0.9067717195 -0.0477561355 -0.4189085662
183.9 -627.4 2348.8 -0.3750986457 0.2317296416 -0.8975535631 0.1395197511 0.9713336825 0.1924711168 0.9164252281 -0.0530307926 -0.3966768086
226.4 -256.4 2422.6 0.9462450743 0.3234503567 -0.0003402345 -0.3043457568 0.8907102942 0.3376519084 0.1095166802 -0.3193979263 0.9412710071
98.0 -609.9 2549.4 0.9231967330 0.3790876269 -0.0632484406 -0.3658008575 0.9171922207 0.1579497755 0.1178877801 -0.1226823851 0.9854194522
35.1 -345.5 2243.9 0 0 0 0 0 0 0 0 0
469.9 -197.6 2578.4 0 0 0 0 0 0 0 0 0
106.1 -953.9 2366.6 0 0 0 0 0 0 0 0 0
-31.7 -923.7 2591.3 0 0 0 0 0 0 0 0 0
265.7 340.5 2316.7 1 0.8696030974 0.2257873416 -0.4391019046 -0.1413927823 0.9659497142 0.2166777551 0.4730734527 -0.1263378114 0.8719176054
219.8 144.1 2342.4 0.8696030974 0.2257873416 -0.4391019046 -0.1413927823 0.9659497142 0.2166777551 0.4730734527 -0.1263378114 0.8719176054
184.1 -49.1 2358.9 0.8730517626 0.1881444454 -0.4498691261 -0.1251956969 0.9781278372 0.1661082804 0.4712818861 -0.0886994451 0.8775111437
94.0 163.5 2272.4 0.2633123398 0.4937641621 -0.8287723064 0.9416835308 0.0550275929 0.3319700062 0.2095202357 -0.8678530455 -0.4504801333
21.7 -95.1 2214.9 -0.0281434283 0.5044708848 -0.8629699349 0.9905205965 -0.1020443663 -0.0919557661 -0.1344502270 -0.8573774099 -0.4968169332
345.5 124.7 2412.4 -0.1486814618 -0.3625180125 -0.9200404882 -0.9588038921 0.2805788517 0.0443909578 0.2420513779 0.8887385726 -0.3893005550
312.5 -87.9 2466.0 0.7349641919 -0.3625180125 -0.5730692148 -0.5003011823 0.2805788517 -0.8191301823 0.4577405453 0.8887385726 0.0248472169
69.6 -235.7 2330.7 0.2023723125 -0.3569284976 -0.9119470716 0.0735896975 0.9341248870 -0.3492782116 0.9765397906 0.0035743285 0.2153072804
210.5 -604.5 2329.3 0.2023723125 0.2632254958 -0.9432697296 0.0735896975 0.9563888311 0.2826746702 0.9765397906 -0.1266204566 0.1741759330
226.9 -254.8 2420.0 0.9439498186 0.3281609118 0.0356248729 -0.3193064034 0.8804222345 0.3505711854 0.0836788267 -0.3422968686 0.9358582497
96.5 -604.7 2556.1 0.9166849256 0.3985267580 -0.0294145513 -0.3881947100 0.9055498242 0.1711267829 0.0948349386 -0.1454507560 0.9848098159
28.7 -341.6 2248.4 0 0 0 0 0 0 0 0 0
476.3 -199.4 2568.0 0 0 0 0 0 0 0 0 0
116.3 -947.0 2374.7 0 0 0 0 0 0 0 0 0
-39.9 -914.6 2605.8 0 0 0 0 0 0 0 0 0
274.3 339.8 2312.2 2 0.8618975878 0.2270185351 -0.4534260035 -0.1390995681 0.9657340646 0.2191095203 0.4876308739 -0.1257786006 0.8639420271
228.1 143.5 2337.8 0.8618975878 0.2270185351 -0.4534260035 -0.1390995681 0.9657340646 0.2191095203 0.4876308739 -0.1257786006 0.8639420271
191.9 -49.5 2355.6 0.8655708432 0.1911472380 -0.4628713131 -0.1220347509 0.9769350886 0.1752295196 0.4856898785 -0.0951871797 0.8689330816
103.5 162.5 2265.8 0.2617104650 0.5069934130 -0.8212583661 0.9432373643 0.0459197648 0.3289295137 0.2044771016 -0.8607258797 -0.4661974609
31.6 -96.6 2209.6 -0.0243985970 0.5172703862 -0.8554741740 0.9892272353 -0.1110609919 -0.0953673720 -0.1443405300 -0.8485851884 -0.5089882612
352.7 124.6 2409.9 -0.1539869457 -0.3755049109 -0.9139387608 -0.9562018514 0.2896654904 0.0420944914 0.2489298284 0.8803919554 -0.4036631882
318.6 -87.5 2465.0 0.7270623446 -0.3755049109 -0.5747838020 -0.4970359206 0.2896654904 -0.8179543018 0.4736408889 0.8803919554 0.0239654295
67.5 -231.7 2333.1 0.1830520034 -0.5164139271 -0.8365456462 0.0470887795 0.8545525074 -0.5172259808 0.9819748402 0.0552873313 0.1807448417
270.6 -567.8 2311.4 0.1830520034 0.4119186699 -0.8926449418 0.0470887795 0.9032710791 0.4264785647 0.9819748402 -0.1201013103 0.1459488273
233.3 -254.7 2419.2 0.9427260160 0.3328209519 0.0223121215 -0.3181140423 0.8769130111 0.3603152335 0.1003546640 -0.3467763364 0.9325637221
100.9 -603.6 2557.2 0.9136031270 0.4042460024 -0.0437548943 -0.3907656372 0.9026550651 0.1803221703 0.1123900935 -0.1476449966 0.9826339483
37.7 -342.8 2245.5 0 0 0 0 0 0 0 0 0
480.6 -198.2 2570.6 0 0 0 0 0 0 0 0 0
119.9 -898.2 2355.3 0 0 0 0 0 0 0 0 0
-37.5 -912.7 2607.7 0 0 0 0 0 0 0 0 0
281.3 338.3 2303.0 3 0.8602940440 0.2301601619 -0.4548851252 -0.1346494853 0.9631841183 0.2326927036 0.4916946888 -0.1389341056 0.8596124649
234.6 143.0 2331.2 0.8602940440 0.2301601619 -0.4548851252 -0.1346494853 0.9631841183 0.2326927036 0.4916946888 -0.1389341056 0.8596124649
198.0 -49.6 2352.2 0.8644710779 0.1934071034 -0.4639864862 -0.1155383587 0.9747564793 0.1910513937 0.4892245233 -0.1115501672 0.8649947643
110.2 161.0 2258.6 0.2633828521 0.5085690022 -0.8197481632 0.9460419416 0.0301120542 0.3226421177 0.1887700707 -0.8604945540 -0.4731965959
37.8 -98.8 2206.8 -0.0220270753 0.5184881687 -0.8548010588 0.9866620898 -0.1266593784 -0.1022514775 -0.1612847596 -0.8456520438 -0.5087826848
359.1 125.0 2403.8 -0.1564666033 -0.3763944209 -0.9131513834 -0.9514743686 0.3054814637 0.0371159054 0.2649806142 0.8746475577 -0.4059273005
324.4 -85.9 2462.5 0.7251788378 -0.3763944209 -0.5765786171 -0.4903967381 0.3054814637 -0.8162059188 0.4833494425 0.8746475577 0.0369460881
74.9 -232.3 2329.9 0.1184739694 -0.6091208458 -0.7841783762 0.0210983623 0.7911063433 -0.6113147140 0.9927330017 0.0558799990 0.1065769568
304.9 -531.0 2308.8 0.1184739694 0.4671799839 -0.8761887550 0.0210983623 0.8810197711 0.4726086855 0.9927330017 -0.0744779781 0.0945211798
238.9 -253.8 2419.3 0.9422212839 0.3342908025 0.0216499902 -0.3174248636 0.8702930808 0.3766050935 0.1070537716 -0.3617175817 0.9261208773
105.8 -600.2 2563.3 0.9121162891 0.4074686170 -0.0448689051 -0.3917781115 0.8986980319 0.1971085221 0.1206391305 -0.1622072458 0.9793543816
43.3 -344.4 2246.9 0 0 0 0 0 0 0 0 0
486.0 -195.2 2570.2 0 0 0 0 0 0 0 0 0
130.7 -859.6 2336.6 0 0 0 0 0 0 0 0 0
-33.8 -908.1 2618.8 0 0 0 0 0 0 0 0 0
286.2 337.4 2291.9 4 0.8653029203 0.2291151285 -0.4458218217 -0.1294914484 0.9614073038 0.2427508533 0.4842342436 -0.1523229182 0.8615769744
239.7 142.3 2322.8 0.8653029203 0.2291151285 -0.4458218217 -0.1294914484 0.9614073038 0.2427508533 0.4842342436 -0.1523229182 0.8615769744
202.8 -49.9 2346.6 0.8692311645 0.1945278645 -0.4545283616 -0.1115563512 0.9728033543 0.2029996365 0.4816558063 -0.1257480979 0.8672918081
114.5 159.7 2251.3 0.2675509751 0.4996747375 -0.8238577843 0.9476719499 0.0180915724 0.3187327683 0.1741675884 -0.8660241365 -0.4686873257
41.0 -100.6 2203.4 -0.0213826150 0.5093790889 -0.8602765203 0.9846202731 -0.1385061890 -0.1064842641 -0.1733944714 -0.8493226767 -0.4985833764
364.9 124.9 2394.3 -0.1559413970 -0.3665722013 -0.9172279239 -0.9476966262 0.3173239231 0.0343022719 0.2784841061 0.8746029735 -0.3968831599
330.3 -85.2 2456.0 0.7290050983 -0.3665722013 -0.5780798793 -0.4861124158 0.3173239231 -0.8142482638 0.4819193780 0.8746029735 0.0531354733
80.5 -232.6 2329.5 0.1668806821 -0.4950388372 -0.8526942134 0.0132972179 0.8658728600 -0.5000873804 0.9858874083 0.0721164644 0.1510800868
270.6 -565.2 2301.8 0.1668806821 0.3588545322 -0.9183540940 0.0132972179 0.9305114150 0.3660214543 0.9858874083 -0.0732934624 0.1505126059
243.9 -253.4 2415.8 0.9896285534 0.1383191943 -0.0387702957 -0.1333830953 0.9849990606 0.1094796732 0.0533318445 -0.1031729057 0.9932326078
192.1 -622.0 2454.4 0.9855329990 0.1605440080 -0.0543167181 -0.1609817445 0.9869502187 -0.0037534018 0.0530053154 0.0124431020 0.9985166788
46.4 -345.7 2246.6 0 0 0 0 0 0 0 0 0
492.7 -193.5 2563.4 0 0 0 0 0 0 0 0 0
136.0 -914.0 2329.2 0 0 0 0 0 0 0 0 0
136.6 -963.7 2450.1 0 0 0 0 0 0 0 0 0
290.0 334.2 2280.8 5 0.8769331574 0.2321545780 -0.4208236039 -0.1287631541 0.9570760131 0.2596643567 0.4630424380 -0.1735217124 0.8691846132
243.1 140.9 2315.9 0.8769331574 0.2321545780 -0.4208236039 -0.1287631541 0.9570760131 0.2596643567 0.4630424380 -0.1735217124 0.8691846132
205.2 -50.5 2344.1 0.8809186220 0.1995520145 -0.4291402698 -0.1109856367 0.9685793519 0.2225674391 0.4600701630 -0.1484353989 0.8753870130
116.2 158.2 2247.4 0.2804287672 0.4762344360 -0.8334029317 0.9481113553 -0.0019142574 0.3179327250 0.1498151571 -0.8793162704 -0.4520601034
39.2 -102.2 2206.3 -0.0174554009 0.4850178659 -0.8743300438 0.9815375805 -0.1582731754 -0.1073947474 -0.1904713511 -0.8600623608 -0.4733005464
370.0 123.7 2384.3 -0.1566353440 -0.3400231302 -0.9272807837 -0.9411182404 0.3361878395 0.0356965661 0.2996028662 0.8782721758 -0.3726608455
335.3 -85.0 2450.7 0.7374835610 -0.3400231302 -0.5835257769 -0.4841690361 0.3361878395 -0.8078106642 0.4708485603 0.8782721758 0.0833043233
