639.9 533.2 2609.0 4 -0.8623897433 0.0822243094 -0.4995228946 0.0264428612 0.9926910400 0.1177509278 0.5055539012 0.0883383825 -0.8582608104
623.4 334.8 2591.3 -0.8623897433 0.0822243094 -0.4995228946 0.0264428612 0.9926910400 0.1177509278 0.5055539012 0.0883383825 -0.8582608104
604.7 137.8 2577.0 -0.8613329530 0.0886136591 -0.5002531409 0.0387279429 0.9932582974 0.1092618704 0.5065626502 0.0747370720 -0.8589578867
743.3 329.7 2520.6 -0.3693623841 0.8825495839 -0.2909942865 0.9257440567 0.3767611384 -0.0323877260 0.0810515657 -0.2813490331 -0.9561764002
854.8 50.2 2496.1 -0.4662088454 0.8825495839 -0.0612826198 0.7790874243 0.3767611384 -0.5010727048 -0.4191325903 -0.2813490331 -0.8632326126
503.6 339.8 2662.0 -0.5674417615 -0.8082058430 -0.1575220227 -0.7228792906 0.3973570168 0.5652900934 -0.3942782581 0.4346386194 -0.8097122312
344.7 137.4 2551.6 -0.3219197690 -0.8082058430 -0.4931237102 -0.9161213636 0.3973570168 -0.0531888567 0.2389337122 0.4346386194 -0.8683317304
686.4 -72.1 2502.0 -0.9160779119 0.1485727131 -0.3724613488 0.1382180601 0.9889003038 0.0545160025 0.3764267266 -0.0015399788 -0.9264451265
627.4 -464.9 2502.6 -0.9174330831 0.1433240771 -0.3711802661 0.1291334480 0.9896270633 0.0629508123 0.3763523996 0.0098213749 -0.9264245033
523.6 -66.7 2587.5 -0.9907131791 0.0869154781 0.1045611650 0.0496288203 0.9471108913 -0.3170456886 -0.1265871972 -0.3089120984 -0.9426287413
489.1 -443.2 2710.3 -0.9907131791 0.0164139960 0.1349737644 0.0496288203 0.9678512812 0.2465784252 -0.1265871972 0.2509870827 -0.9596776366
988.0 -172.4 2615.9 0 0 0 0 0 0 0 0 0
254.9 -118.2 2618.3 0 0 0 0 0 0 0 0 0
589.7 -724.9 2500.0 0 0 0 0 0 0 0 0 0
483.3 -787.3 2621.0 0 0 0 0 0 0 0 0 0
627.9 527.3 2613.4 5 -0.8645514846 0.0697455257 -0.4976808727 0.0199738629 0.9943089485 0.1046457142 0.5021471381 0.0805310011 -0.8610243797
614.0 328.2 2597.3 -0.8645514846 0.0697455257 -0.4976808727 0.0199738629 0.9943089485 0.1046457142 0.5021471381 0.0805310011 -0.8610243797
597.2 130.9 2584.2 -0.8635442257 0.0783629194 -0.4981472194 0.0335003771 0.9945845604 0.0983835533 0.5031591654 0.0682704225 -0.8614929318
734.2 323.9 2527.0 -0.4286036789 0.8798001409 -0.2055495381 0.9026449919 0.4268252850 -0.0552471541 0.0391272865 -0.2092173845 -0.9770860672
860.9 57.0 2515.4 -0.4720047414 0.8798001409 0.0562428162 0.7323718667 0.4268252850 -0.5305202007 -0.4907575846 -0.2092173845 -0.8458043933
493.8 332.5 2667.5 -0.5586966872 -0.8137540221 -0.1601949036 -0.7312148213 0.3921488523 0.5581613779 -0.3913858235 0.4289798141 -0.8141212463
337.3 127.7 2557.9 -0.3135889769 -0.8137540221 -0.4893530011 -0.9176694751 0.3921488523 -0.0640471652 0.2440178692 0.4289798141 -0.8697307706
666.0 -63.2 2515.9 -0.9252467155 0.0910940543 -0.3682667911 0.0758547783 0.9955629706 0.0556810759 0.3717049956 0.0235839374 -0.9280512929
629.9 -458.1 2506.5 -0.9184385538 0.1487058997 -0.3665476441 0.1306281388 0.9886813760 0.0737935081 0.3733723462 0.0198933706 -0.9274682403
508.1 -55.7 2609.0 -0.9899541736 0.0682300925 0.1238361523 0.0306715965 0.9586329460 -0.2829878926 -0.1380217075 -0.2763468027 -0.9510954022
481.0 -436.5 2718.8 -0.9899541736 -0.0079181120 0.1411667168 0.0306715965 0.9626282454 0.2690837681 -0.1380217075 0.2707104087 -0.9527149796
995.8 -152.3 2655.7 0 0 0 0 0 0 0 0 0
249.8 -128.2 2626.0 0 0 0 0 0 0 0 0 0
589.6 -726.0 2501.2 0 0 0 0 0 0 0 0 0
483.9 -791.5 2619.0 0 0 0 0 0 0 0 0 0
621.5 524.2 2615.6 6 -0.8657733798 0.0615457483 -0.4966372848 0.0155094666 0.9952318072 0.0962968469 0.5001958609 0.0756686702 -0.8625997305
609.2 325.0 2600.4 -0.8657733798 0.0615457483 -0.4966372848 0.0155094666 0.9952318072 0.0962968469 0.5001958609 0.0756686702 -0.8625997305
593.6 127.6 2588.6 -0.8646923304 0.0723389536 -0.4970656335 0.0315830708 0.9954473972 0.0899277329 0.5013079643 0.0620609596 -0.8630403876
729.6 321.0 2530.4 -0.4490061998 0.8717648983 -0.1960086972 0.8935232162 0.4388305545 -0.0950997770 0.0031099662 -0.2178387195 -0.9759798050
863.0 55.6 2529.5 -0.4798810184 0.8717648983 0.0986923426 0.6752722263 0.4388305545 -0.5928196907 -0.5601086020 -0.2178387195 -0.7992650867
488.8 329.0 2670.4 -0.5536028743 -0.8168850541 -0.1619343162 -0.7369998097 0.3900403082 0.5519962311 -0.3877565265 0.4249322414 -0.8179715276
333.8 122.7 2561.9 -0.3086158931 -0.8168850541 -0.4872936308 -0.9179393649 0.3900403082 -0.0724971667 0.2492860109 0.4249322414 -0.8702235818
660.8 -69.9 2524.6 -0.9270809889 0.0848380402 -0.3651346862 0.0646579415 0.9956443906 0.0671680123 0.3692427278 0.0386613272 -0.9285284877
627.1 -465.2 2509.3 -0.9199762940 0.1436352432 -0.3647088110 0.1258897185 0.9894198179 0.0721123144 0.3712080121 0.0204285271 -0.9283249974
502.4 -63.5 2617.0 -0.9903340936 0.0495555438 0.1295477003 0.0156662408 0.9679848552 -0.2505193055 -0.1378148347 -0.2460682988 -0.9594047666
482.7 -447.9 2714.8 -0.9905030727 -0.0116280876 0.1369981319 0.0254446659 0.9637025595 0.2657630146 -0.1351157725 0.2667249441 -0.9542544484
1003.2 -141.7 2693.2 0 0 0 0 0 0 0 0 0
247.7 -133.4 2631.4 0 0 0 0 0 0 0 0 0
589.2 -726.6 2503.9 0 0 0 0 0 0 0 0 0
487.1 -809.8 2614.6 0 0 0 0 0 0 0 0 0
610.5 522.6 2609.2 7 -0.8760211468 0.0352095775 -0.4809857309 0.0104645807 0.9984843135 0.0540328212 0.4821591973 0.0423005782 -0.8750618100
603.4 322.8 2600.7 -0.8760211468 0.0352095775 -0.4809857309 0.0104645807 0.9984843135 0.0540328212 0.4821591973 0.0423005782 -0.8750618100
593.4 124.8 2594.1 -0.8755939603 0.0441081896 -0.4810298085 0.0212182887 0.9983730912 0.0529235937 0.4825815856 0.0361329503 -0.8751053810
725.4 320.2 2533.3 -0.4629560411 0.8705840707 -0.1665983796 0.8852143884 0.4444657862 -0.1372793466 -0.0454659313 -0.2110295892 -0.9764217138
863.7 55.6 2546.9 -0.4691286683 0.8705840707 0.1483294070 0.6205509305 0.4444657862 -0.6460392475 -0.6283588409 -0.2110295892 -0.7487534285
481.5 325.4 2668.1 -0.5252110362 -0.8358864188 -0.1595219523 -0.7621529698 0.3786710799 0.5251010060 -0.3785184324 0.3973689675 -0.8359555602
334.4 112.0 2562.2 -0.2888955474 -0.8358864188 -0.4667260945 -0.9190542698 0.3786710799 -0.1093046740 0.2681019604 0.3973689675 -0.8776213527
658.6 -73.2 2530.4 -0.9347857833 0.0872047991 -0.3443411291 0.0665745139 0.9952297807 0.0713127106 0.3489173651 0.0437377691 -0.9361323118
623.9 -468.7 2513.0 -0.9292079806 0.1336620152 -0.3445387781 0.1169113219 0.9907392859 0.0690467060 0.3505770266 0.0238782670 -0.9362294674
499.9 -67.3 2622.4 -0.9861206412 0.0488702916 0.1586750597 0.0135209365 0.9761625528 -0.2166192681 -0.1654788852 -0.2114672959 -0.9632747769
480.5 -455.0 2706.4 -0.9863260984 -0.0166399255 0.1639631242 0.0228584241 0.9714610577 0.2360951751 -0.1632123888 0.2366147786 -0.9577970505
1001.2 -126.2 2731.0 0 0 0 0 0 0 0 0 0
253.8 -144.4 2636.9 0 0 0 0 0 0 0 0 0
588.9 -728.3 2506.7 0 0 0 0 0 0 0 0 0
486.8 -822.9 2616.8 0 0 0 0 0 0 0 0 0
606.9 516.3 2623.5 8 -0.8962962031 0.0333244838 -0.4422019422 -0.0038275197 0.9965539575 0.0828586072 0.4434393346 0.0759583935 -0.8930799961
600.2 317.2 2608.3 -0.8962962031 0.0333244838 -0.4422019422 -0.0038275197 0.9965539575 0.0828586072 0.4434393346 0.0759583935 -0.8930799961
591.9 119.4 2597.4 -0.8959317803 0.0357081406 -0.4427541196 0.0067014950 0.9977367520 0.0669067577 0.4441411793 0.0569767728 -0.8941433430
724.9 316.6 2546.3 -0.4511465132 0.8777047992 -0.1615583897 0.8921392560 0.4387620091 -0.1075894237 -0.0235460680 -0.1926711649 -0.9809808135
858.2 53.0 2553.2 -0.4407312870 0.8777047992 0.1881228834 0.5812778473 0.4387620091 -0.6852765679 -0.6840116978 -0.1926711649 -0.7035664916
475.5 317.9 2670.3 -0.5030139685 -0.8549743891 -0.1264742166 -0.7578341365 0.3659597635 0.5401489735 -0.4155290425 0.3675489426 -0.8320116401
334.7 105.6 2554.0 -0.2940644026 -0.8549743891 -0.4272527099 -0.9257532358 0.3659597635 -0.0951548517 0.2377122641 0.3675489426 -0.8991110325
664.9 -75.5 2542.7 -0.9465311170 0.1098757237 -0.3033251166 0.0860609189 0.9921402931 0.0908358395 0.3109217286 0.0598745123 -0.9485476613
621.2 -469.7 2518.9 -0.9446403384 0.1202617139 -0.3052732050 0.1027769521 0.9920384884 0.0727773979 0.3115951121 0.0373734199 -0.9494796991
504.3 -71.6 2631.3 -0.9766009450 0.0718580708 0.2026992738 0.0336489379 0.9819741845 -0.1859956831 -0.2124107480 -0.1748229414 -0.9614148736
475.7 -461.4 2700.7 -0.9762378931 -0.0310652982 0.2144633681 0.0186256561 0.9739802480 0.2258663476 -0.2158996910 0.2244938016 -0.9502577782
987.8 -117.9 2754.3 0 0 0 0 0 0 0 0 0
252.7 -152.6 2620.3 0 0 0 0 0 0 0 0 0
589.6 -730.2 2509.1 0 0 0 0 0 0 0 0 0
487.6 -832.0 2615.3 0 0 0 0 0 0 0 0 0
598.6 523.2 2620.6 9 -0.9177834988 0.0070507932 -0.3970185816 -0.0150127551 0.9985113144 0.0524377376 0.3967972696 0.0540868305 -0.9163113832
597.2 323.9 2609.8 -0.9177834988 0.0070507932 -0.3970185816 -0.0150127551 0.9985113144 0.0524377376 0.3967972696 0.0540868305 -0.9163113832
593.8 125.7 2601.7 -0.9177073836 0.0113375671 -0.3970951736 -0.0067481888 0.9990035295 0.0441182218 0.3971996605 0.0431672893 -0.9167164564
724.9 325.2 2554.3 -0.4327288568 0.8941102624 -0.1153803542 0.8979985118 0.4161842465 -0.1427911669 -0.0796515569 -0.1654012501 -0.9830046296
859.6 45.7 2579.1 -0.3925193250 0.8941102624 0.2156281024 0.5504248738 0.4161842465 -0.7237562537 -0.7368589044 -0.1654012501 -0.6555008888
469.5 322.6 2665.4 -0.4644384384 -0.8805310130 -0.0946680233 -0.7747422457 0.3521839678 0.5251103640 -0.4290353954 0.3172247410 -0.8457523584
339.5 105.6 2545.2 -0.2861175835 -0.8805310130 -0.3778912723 -0.9285113215 0.3521839678 -0.1176145300 0.2366504967 0.3172247410 -0.9183490872
667.0 -79.5 2545.5 -0.9591979384 0.1228328496 -0.2546593249 0.1059375480 0.9912229180 0.0790846944 0.2621383667 0.0488798879 -0.9637916088
618.2 -473.4 2526.1 -0.9612849355 0.1067341268 -0.2540454566 0.0880054459 0.9925709367 0.0840120316 0.2611250877 0.0584021136 -0.9635366797
502.8 -78.2 2626.9 -0.9627923369 0.0792943910 0.2583472431 0.0367209464 0.9855039120 -0.1656309217 -0.2677358091 -0.1499814242 -0.9517474174
471.3 -469.7 2686.5 -0.9616159797 -0.0488732010 0.2700113356 -0.0018678276 0.9851536155 0.1716649383 -0.2743924558 0.1645714045 -0.9474307299
973.6 -114.2 2793.1 0 0 0 0 0 0 0 0 0
259.7 -153.4 2611.2 0 0 0 0 0 0 0 0 0
590.5 -731.0 2510.9 0 0 0 0 0 0 0 0 0
489.9 -844.6 2623.9 0 0 0 0 0 0 0 0 0
589.6 527.3 2611.2 0 -0.9286943674 -0.0208857656 -0.3702573776 -0.0221902877 0.9997534752 -0.0007363075 0.3701815009 0.0075323130 -0.9289289117
593.8 328.0 2609.7 -0.9286943674 -0.0208857656 -0.3702573776 -0.0221902877 0.9997534752 -0.0007363075 0.3701815009 0.0075323130 -0.9289289117
596.0 129.7 2609.7 -0.9287872910 -0.0179628581 -0.3701775968 -0.0174069572 0.9998367429 -0.0048424462 0.3702041507 0.0019460632 -0.9289484024
723.1 330.7 2557.9 -0.4107380211 0.9037535191 -0.1205148399 0.9049417377 0.3879654408 -0.1748235375 -0.1112417951 -0.1808655858 -0.9771964550
851.5 47.8 2592.7 -0.3851626217 0.9037535191 0.1867600232 0.5526905656 0.3879654408 -0.7375743985 -0.7390418649 -0.1808655858 -0.6489258409
464.5 325.3 2661.5 -0.4293250442 -0.8992694020 -0.0836336315 -0.8048018217 0.3389074802 0.4872737825 -0.4098463356 0.2765073180 -0.8692350984
344.3 99.9 2546.8 -0.2670473158 -0.8992694020 -0.3464106023 -0.9260812402 0.3389074802 -0.1658771336 0.2665693760 0.2765073180 -0.9233008623
675.5 -72.1 2556.9 -0.9652069807 0.1400206238 -0.2208386064 0.1232126504 0.9884529710 0.0882005915 0.2306384891 0.0579217188 -0.9713140130
619.8 -465.0 2533.9 -0.9697715044 0.1079113185 -0.2188570797 0.0872423425 0.9909486175 0.1020274982 0.2278860509 0.0798497498 -0.9704081416
507.4 -73.5 2629.7 -0.9503772259 0.1047350690 0.2929396629 0.0525093861 0.9821201563 -0.1807836592 -0.3066363335 -0.1564305872 -0.9388842583
465.8 -463.6 2691.8 -0.9482556581 -0.0642387345 0.3109415174 -0.0036052698 0.9814344645 0.1917640120 -0.3174873888 0.1807202697 -0.9308823347
963.8 -113.3 2808.0 0 0 0 0 0 0 0 0 0
269.8 -158.4 2621.1 0 0 0 0 0 0 0 0 0
590.6 -733.5 2512.2 0 0 0 0 0 0 0 0 0
490.3 -837.9 2622.9 0 0 0 0 0 0 0 0 0
581.0 524.7 2617.5 1 -0.9415593147 -0.0266163684 -0.3357940614 -0.0254124366 0.9996451735 -0.0079799173 0.3358873129 0.0010197803 -0.9419016242
586.4 325.1 2617.3 -0.9415593147 -0.0266163684 -0.3357940614 -0.0254124366 0.9996451735 -0.0079799173 0.3358873129 0.0010197803 -0.9419016242
590.1 126.7 2618.7 -0.9416455626 -0.0254819058 -0.3356401622 -0.0221024342 0.9996592999 -0.0138856005 0.3358796239 -0.0056568487 -0.9418879151
717.5 328.5 2570.3 -0.4052392244 0.9116184711 -0.0687965825 0.9094462395 0.3943114579 -0.1320076436 -0.0932133272 -0.1160614714 -0.9888584614
845.2 41.7 2599.7 -0.3306301236 0.9116184711 0.2442038208 0.5356923342 0.3943114579 -0.7466941476 -0.7769925594 -0.1160614714 -0.6187182665
455.3 321.6 2664.3 -0.4079102874 -0.9113535285 -0.0551716052 -0.8108013272 0.3337969184 0.4808126688 -0.4197742045 0.2408616394 -0.8750858903
341.0 94.6 2546.8 -0.2697739899 -0.9113535285 -0.3108966053 -0.9263167381 0.3337969184 -0.1746910214 0.2629816234 0.2408616394 -0.9342517257
684.6 -67.1 2575.6 -0.9700028300 0.1614777893 -0.1817126423 0.1439532191 0.9839017987 0.1058994308 0.1958878040 0.0765646249 -0.9776327610
620.4 -458.1 2545.1 -0.9784072638 0.1038023010 -0.1787295491 0.0822850913 0.9888805151 0.1238728911 0.1896004677 0.1064913645 -0.9760692716
514.4 -70.5 2643.4 -0.9348210692 0.1337175518 0.3289820254 0.0760577768 0.9802920818 -0.1823255867 -0.3468785882 -0.1454201639 -0.9265679717
461.3 -459.9 2701.2 -0.9316427708 -0.0778657645 0.3549347818 0.0069203004 0.9727921486 0.2315762192 -0.3633096218 0.2182025611 -0.9057558775
942.2 -115.4 2827.5 0 0 0 0 0 0 0 0 0
265.8 -163.8 2620.1 0 0 0 0 0 0 0 0 0
591.3 -735.5 2515.3 0 0 0 0 0 0 0 0 0
491.0 -831.1 2618.0 0 0 0 0 0 0 0 0 0
573.0 528.5 2637.6 2 -0.9328491688 -0.0370107591 -0.3583610356 -0.0494312011 0.9984505177 0.0255564712 0.3568598926 0.0415545478 -0.9332332015
580.4 329.4 2629.3 -0.9328491688 -0.0370107591 -0.3583610356 -0.0494312011 0.9984505177 0.0255564712 0.3568598926 0.0415545478 -0.9332332015
585.5 131.2 2624.7 -0.9331967235 -0.0326410681 -0.3578804731 -0.0394634232 0.9991516471 0.0117742093 0.3571925461 0.0251108427 -0.9336931705
710.4 335.3 2579.4 -0.3825964034 0.9229887128 -0.0413743779 0.9179146290 0.3746343851 -0.1306974590 -0.1051320136 -0.0879825205 -0.9905586243
836.4 32.9 2614.1 -0.3002567589 0.9229887128 0.2407025844 0.5580735803 0.3746343851 -0.7404072881 -0.7735630274 -0.0879825205 -0.6275821328
450.4 323.6 2679.3 -0.4120823145 -0.9076815844 -0.0793868676 -0.8009808064 0.3193500638 0.5064042807 -0.4343016744 0.2722676098 -0.8586340547
335.0 99.3 2557.7 -0.2569085658 -0.9076815844 -0.3318314254 -0.9358510375 0.3193500638 -0.1489913613 0.2412070930 0.2722676098 -0.9314985275
681.3 -69.8 2589.2 -0.9662797451 0.1502364874 -0.2091230452 0.1290099919 0.9853251576 0.1117621586 0.2228449583 0.0810145512 -0.9714817405
621.6 -461.4 2557.0 -0.9744357467 0.1013730913 -0.2004955411 0.0681713820 0.9837537408 0.1660761088 0.2140738815 0.1481624395 -0.9655155540
508.8 -74.0 2650.8 -0.9426092505 0.1303578317 0.3073998094 0.0847966149 0.9839155078 -0.1572252959 -0.3229509890 -0.1221355498 -0.9385017753
457.0 -464.9 2699.3 -0.9371893406 -0.1012240350 0.3338110149 -0.0280013084 0.9757125378 0.2172577530 -0.3476952910 0.1942645162 -0.9172618389
924.2 -130.2 2840.2 0 0 0 0 0 0 0 0 0
263.4 -161.7 2624.9 0 0 0 0 0 0 0 0 0
593.2 -737.0 2515.5 0 0 0 0 0 0 0 0 0
489.8 -781.1 2636.3 0 0 0 0 0 0 0 0 0
566.5 524.9 2648.2 3 -0.9260932803 -0.0198668577 -0.3767712414 -0.0345937051 0.9988774061 0.0323603339 0.3757053912 0.0430026017 -0.9257408977
570.5 325.5 2639.6 -0.9260932803 -0.0198668577 -0.3767712414 -0.0345937051 0.9988774061 0.0323603339 0.3757053912 0.0430026017 -0.9257408977
572.8 127.1 2635.0 -0.9262468219 -0.0184217654 -0.3764670193 -0.0265778843 0.9995108843 0.0164819956 0.3759792447 0.0252720937 -0.9262834191
699.5 329.5 2587.1 -0.3952468038 0.9183186889 0.0216978788 0.9142284989 0.3955619931 -0.0878459290 -0.0892534181 -0.0148840025 -0.9958977103
827.2 34.0 2615.9 -0.2686388493 0.9183186889 0.2907301188 0.5951616168 0.3955619931 -0.6995093822 -0.7573742867 -0.0148840025 -0.6528113484
441.5 321.4 2692.2 -0.4317144156 -0.8975334764 -0.0897572488 -0.7953448892 0.3318333626 0.5072604418 -0.4254987538 0.2903796136 -0.8571058512
320.6 98.7 2573.0 -0.2647955716 -0.8975334764 -0.3525861502 -0.9321856499 0.3318333626 -0.1446253806 0.2468059659 0.2903796136 -0.9245358109
677.4 -63.6 2587.0 -0.9641308188 0.1263236552 -0.2334397584 0.1124652997 0.9910576344 0.0718076825 0.2404232621 0.0429781228 -0.9697161913
627.3 -457.2 2569.9 -0.9696596861 0.1149981394 -0.2157208472 0.0724377781 0.9779765606 0.1957413107 0.2334798127 0.1741761118 -0.9566346407
506.4 -71.0 2652.4 -0.9467975497 0.1425081491 0.2885581553 0.1038129106 0.9839261174 -0.1453006268 -0.3046264350 -0.1076142192 -0.9463730454
449.7 -462.0 2695.2 -0.9380565882 -0.1328631043 0.3199957609 -0.0691805780 0.9767813087 0.2027617544 -0.3395054340 0.1680645049 -0.9254676700
907.1 -142.9 2841.0 0 0 0 0 0 0 0 0 0
246.7 -161.4 2641.9 0 0 0 0 0 0 0 0 0
594.7 -733.9 2520.6 0 0 0 0 0 0 0 0 0
488.7 -748.4 2645.9 0 0 0 0 0 0 0 0 0
559.2 529.3 2643.0 4 -0.9323861599 -0.0220629107 -0.3607897758 -0.0212373789 0.9997549057 -0.0062531237 0.3608393073 0.0018319035 -0.9326261878
563.6 329.3 2642.6 -0.9323861599 -0.0220629107 -0.3607897758 -0.0212373789 0.9997549057 -0.0062531237 0.3608393073 0.0018319035 -0.9326261878
566.1 130.9 2643.8 -0.9324843884 -0.0194668323 -0.3606853783 -0.0165090710 0.9998000860 -0.0112798875 0.3608328700 -0.0045637377 -0.9326193333
693.5 331.9 2592.2 -0.3721915185 0.9271202683 0.0438348763 0.9240030646 0.3745754063 -0.0768868402 -0.0877028108 0.0118869320 -0.9960757494
814.3 32.0 2620.6 -0.2549012005 0.9271202683 0.2747242153 0.6535286903 0.3745754063 -0.6577184200 -0.7126890421 0.0118869320 -0.7013793588
433.7 326.6 2693.1 -0.4239307940 -0.9025425315 -0.0754959956 -0.8080372810 0.3392521143 0.4816469252 -0.4090946615 0.2651885450 -0.8731074333
315.0 100.4 2578.5 -0.2683737874 -0.9025425315 -0.3367379904 -0.9247928858 0.3392521143 -0.1722386926 0.2696918249 0.2651885450 -0.9257112741
661.3 -69.0 2595.5 -0.9731143117 0.0765366778 -0.2172342092 0.0693915188 0.9967734218 0.0403428338 0.2196210027 0.0241839774 -0.9752854705
631.0 -464.5 2585.9 -0.9724689126 0.1243961826 -0.1970528215 0.0745166987 0.9672017097 0.2428335100 0.2207973897 0.2214643061 -0.9498431683
491.5 -74.0 2664.4 -0.9434148073 0.1084409207 0.3133832216 0.0791304633 0.9913380742 -0.1048197895 -0.3220354915 -0.0740903839 -0.9438239932
448.4 -467.6 2693.9 -0.9318156838 -0.1477117836 0.3315128386 -0.0832327157 0.9760589004 0.2009510398 -0.3532588780 0.1596566141 -0.9218014479
888.6 -158.5 2828.4 0 0 0 0 0 0 0 0 0
240.1 -157.6 2653.8 0 0 0 0 0 0 0 0 0
595.9 -736.9 2523.5 0 0 0 0 0 0 0 0 0
488.6 -733.3 2650.4 0 0 0 0 0 0 0 0 0
553.8 530.4 2649.9 5 -0.9225588441 -0.0196343325 -0.3853565753 -0.0189946741 0.9998046160 -0.0054671271 0.3853886425 0.0022759761 -0.9227515459
557.8 330.2 2649.4 -0.9225588441 -0.0196343325 -0.3853565753 -0.0189946741 0.9998046160 -0.0054671271 0.3853886425 0.0022759761 -0.9227515459
560.1 131.8 2651.8 -0.9226706028 -0.0184135120 -0.3851491809 -0.0131205199 0.9997799993 -0.0163664948 0.3853658140 -0.0100475270 -0.9227091670
686.2 332.4 2595.6 -0.3497526050 0.9355534911 0.0491201095 0.9347317815 0.3520019948 -0.0486934185 -0.0628456771 0.0288834777 -0.9976052046
795.0 41.8 2615.1 -0.2524419129 0.9355534911 0.2470075935 0.7236493230 0.3520019948 -0.5936549902 -0.6423431635 0.0288834777 -0.7658727169
429.3 328.0 2703.3 -0.4355066717 -0.8948444128 -0.0979155302 -0.8099015355 0.3420236707 0.4765284061 -0.3929293454 0.2868332267 -0.8736894131
307.3 101.2 2593.3 -0.2622528374 -0.8948444128 -0.3612159491 -0.9228109121 0.3420236707 -0.1773128062 0.2822117805 0.2868332267 -0.9154688716
655.4 -66.2 2611.7 -0.9688807130 0.0499852635 -0.2424285412 0.0413014553 0.9983143806 0.0407741740 0.2440580130 0.0294926595 -0.9693120718
635.5 -462.6 2600.0 -0.9661090374 0.1296906173 -0.2231897265 0.0637424588 0.9577100873 0.2805857062 0.2501403689 0.2568497360 -0.9335191250
484.4 -69.3 2677.9 -0.9503490329 0.1076238900 0.2919825613 0.0888853073 0.9930811524 -0.0767415166 -0.2982215881 -0.0469782613 -0.9533398747
441.6 -463.7 2696.5 -0.9350268245 -0.1709196568 0.3106625974 -0.1058730111 0.9707615376 0.2154366672 -0.3384016752 0.1685482860 -0.9257838726
868.6 -169.4 2802.6 0 0 0 0 0 0 0 0 0
234.2 -156.2 2672.0 0 0 0 0 0 0 0 0 0
598.4 -736.9 2526.4 0 0 0 0 0 0 0 0 0
487.5 -724.3 2651.3 0 0 0 0 0 0 0 0 0
546.3 532.0 2652.8 6 -0.9266459942 -0.0266903117 -0.3749863803 -0.0215239637 0.9996070266 -0.0179599263 0.3753183782 -0.0085712997 -0.9268563390
551.6 331.7 2654.6 -0.9266459942 -0.0266903117 -0.3749863803 -0.0215239637 0.9996070266 -0.0179599263 0.3753183782 -0.0085712997 -0.9268563390
555.0 133.4 2658.3 -0.9267921448 -0.0239560697 -0.3748098910 -0.0157563053 0.9995651245 -0.0249268562 0.3752440214 -0.0171963945 -0.9267665148
680.7 334.3 2602.1 -0.3268175423 0.9432099462 0.0595424064 0.9439254403 0.3288904727 -0.0289100837 -0.0468512066 0.0467552692 -0.9978070259
779.9 47.7 2616.3 -0.2401947230 0.9432099462 0.2294809222 0.7724245787 0.3288904727 -0.5433151722 -0.5879343152 0.0467552692 -0.8075562716
422.6 329.2 2707.0 -0.4265410006 -0.8998858929 -0.0909292623 -0.8150711060 0.3388547599 0.4699324667 -0.3920737803 0.2745592594 -0.8780064583
303.1 100.9 2597.2 -0.2601375580 -0.8998858929 -0.3500482738 -0.9223342538 0.3388547599 -0.1856796443 0.2857060134 0.2745592594 -0.9181444645
648.3 -65.7 2618.5 -0.9723212719 0.0211139508 -0.2326918393 0.0196430199 0.9997697473 0.0086370138 0.2328206152 0.0038271819 -0.9725121856
640.0 -462.6 2616.9 -0.9671466351 0.1366446167 -0.2143727094 0.0622825660 0.9449207187 0.3213186860 0.2464716882 0.2974106073 -0.9223874807
479.1 -68.1 2689.1 -0.9474479556 0.0944606885 0.3056461811 0.0816654712 0.9951733947 -0.0544125177 -0.3093107641 -0.0265922900 -0.9505891204
441.6 -463.5 2699.7 -0.9319440722 -0.1708012372 0.3198549151 -0.1008259133 0.9693877697 0.2238781601 -0.3483021259 0.1763922721 -0.9206364155
848.9 -174.0 2785.0 0 0 0 0 0 0 0 0 0
230.5 -156.4 2676.9 0 0 0 0 0 0 0 0 0
599.7 -740.8 2529.4 0 0 0 0 0 0 0 0 0
486.6 -718.7 2653.2 0 0 0 0 0 0 0 0 0
537.4 534.1 2654.3 7 -0.9318021536 -0.0342844203 -0.3613437414 -0.0239957199 0.9991697669 -0.0329234824 0.3621725142 -0.0220074691 -0.9318512678
544.3 333.8 2658.7 -0.9318021536 -0.0342844203 -0.3613437414 -0.0239957199 0.9991697669 -0.0329234824 0.3621725142 -0.0220074691 -0.9318512678
548.8 135.5 2664.5 -0.9320086837 -0.0294123627 -0.3612405062 -0.0175161902 0.9991924167 -0.0361625254 0.3620123863 -0.0273762289 -0.9317712188
674.1 336.6 2608.1 -0.3022385240 0.9518891573 0.0505853370 0.9525004029 0.3036600649 -0.0230978858 -0.0373473726 0.0412014835 -0.9984526038
768.3 39.8 2619.7 -0.2312193811 0.9518891573 0.2011084110 0.7999414206 0.3036600649 -0.5175753832 -0.5537430048 0.0412014835 -0.8316676617
414.5 331.0 2709.4 -0.4161742628 -0.9056767225 -0.0809237882 -0.8213403225 0.3362467885 0.4608016610 -0.3901269734 0.2582397461 -0.8838060498
297.9 101.0 2600.1 -0.2589651048 -0.9056767225 -0.3356884718 -0.9210085273 0.3362467885 -0.1966758817 0.2909989357 0.2582397461 -0.9212121367
644.8 -63.9 2627.3 -0.9757612944 0.0007778155 -0.2188362330 0.0058977935 0.9997239113 -0.0227441210 0.2187581211 -0.0234834831 -0.9754964709
644.5 -460.8 2636.6 -0.9697665572 0.1366902143 -0.2021597475 0.0566144995 0.9318229556 0.3584700823 0.2373764366 0.3361871541 -0.9113894105
474.8 -66.8 2696.2 -0.9420146942 0.0933400467 0.3223288953 0.0874894187 0.9956310391 -0.0326248333 -0.3239658475 -0.0025327050 -0.9460653663
437.7 -462.4 2697.2 -0.9245456457 -0.1808550805 0.3354203403 -0.1111847833 0.9699289799 0.2165079564 -0.3644904494 0.1628778577 -0.9168519378
835.4 -192.5 2780.5 0 0 0 0 0 0 0 0 0
225.7 -155.9 2681.3 0 0 0 0 0 0 0 0 0
602.9 -744.3 2534.4 0 0 0 0 0 0 0 0 0
485.6 -719.3 2654.0 0 0 0 0 0 0 0 0 0
530.7 528.8 2655.5 8 -0.9342334270 -0.0249327701 -0.3557896316 -0.0089996830 0.9988839030 -0.0463676751 0.3565486073 -0.0401162393 -0.9334151149
535.7 329.0 2663.6 -0.9342334270 -0.0249327701 -0.3557896316 -0.0089996830 0.9988839030 -0.0463676751 0.3565486073 -0.0401162393 -0.9334151149
539.4 130.6 2672.2 -0.9343090057 -0.0225600284 -0.3557494581 -0.0058195023 0.9988276362 -0.0480573215 0.3564165831 -0.0428301021 -0.9333449602
666.5 330.0 2613.6 -0.2932763994 0.9550006986 0.0443010740 0.9559518695 0.2935216725 0.0010091309 -0.0120396046 0.0426456481 -0.9990177155
754.4 43.4 2617.2 -0.2301321477 0.9572585821 0.1752004623 0.8502960205 0.2853561044 -0.4422313273 -0.4733242691 0.0472006090 -0.8796228170
404.8 328.0 2713.6 -0.3558073342 -0.8827219605 -0.3069252670 -0.9058250189 0.2449271977 0.3456756473 -0.2299611419 0.4010145068 -0.8867385387
298.4 57.1 2644.8 -0.1173166558 -0.8827219605 -0.4550151527 -0.9412589669 0.2449271977 -0.2324697375 0.3166517019 0.4010145068 -0.8596040010
640.1 -61.5 2636.7 -0.9768695235 -0.0202371497 -0.2128766030 -0.0087727644 0.9984663725 -0.0546620265 0.2136563361 -0.0515301488 -0.9755488634
648.1 -458.0 2657.2 -0.9721488357 0.1218444481 -0.2002012432 0.0353729911 0.9207281470 0.3885979950 0.2316794246 0.3706933856 -0.8993948102
469.1 -64.7 2703.1 -0.9388464689 0.0930298865 0.3315308690 0.0944572762 0.9954584837 -0.0118435603 -0.3311270177 0.0201962180 -0.9433700442
432.1 -460.3 2695.1 -0.9174818993 -0.1997707635 0.3439747393 -0.1308694780 0.9681965709 0.2132336646 -0.3756330311 0.1506222337 -0.9144467115
821.8 -205.6 2755.8 0 0 0 0 0 0 0 0 0
267.2 -193.7 2729.1 0 0 0 0 0 0 0 0 0
609.5 -749.7 2539.7 0 0 0 0 0 0 0 0 0
485.4 -718.7 2654.9 0 0 0 0 0 0 0 0 0
528.3 536.6 2665.7 9 -0.9549970627 -0.0158543978 -0.2961912155 -0.0072679068 0.9995214343 -0.0300683472 0.2965261936 -0.0265624914 -0.9546552300
531.5 336.3 2671.0 -0.9549970627 -0.0158543978 -0.2961912155 -0.0072679068 0.9995214343 -0.0300683472 0.2965261936 -0.0265624914 -0.9546552300
534.2 137.8 2678.0 -0.9550468326 -0.0151042473 -0.2960700095 -0.0040562996 0.9992735386 -0.0378941372 0.2964272797 -0.0349897258 -0.9544142485
665.3 336.9 2629.4 -0.2550968230 0.9624419212 0.0929041579 0.9662421346 0.2501545548 0.0616343431 0.0360790789 0.1054906398 -0.9937655926
744.3 37.4 2618.2 -0.2138368487 0.9560173750 0.2007599920 0.8757535219 0.2786662579 -0.3942091465 -0.4328158200 0.0915198326 -0.8968247175
397.7 335.7 2712.5 -0.2832703888 -0.9129775167 -0.2936492562 -0.9491909742 0.2231262475 0.2219261527 -0.1370927393 0.3415943086 -0.9297950864
309.1 39.0 2669.7 -0.1198684722 -0.9165834785 -0.3814528584 -0.9656335115 0.1968915612 -0.1696632504 0.2306153923 0.3480063975 -0.9086847901
629.6 -67.4 2648.1 -0.9868515730 -0.0597202405 -0.1501915455 -0.0507463329 0.9967293739 -0.0628918335 0.1534562409 -0.0544432327 -0.9866545200
653.3 -463.1 2669.7 -0.9799812436 0.1173186600 -0.1608511209 0.0436387770 0.9148634076 0.4013983309 0.1942483038 0.3863434792 -0.9016686082
458.2 -68.5 2713.4 -0.9167301059 0.0717774257 0.3930063248 0.0878300369 0.9958701134 0.0229905806 -0.3897330463 0.0555939153 -0.9192483425
429.7 -464.0 2691.4 -0.8930136561 -0.2072003633 0.3994929194 -0.1309776902 0.9689393044 0.2097652107 -0.4305478334 0.1349985451 -0.8924146891
807.2 -220.1 2745.5 0 0 0 0 0 0 0 0 0
276.9 -220.2 2731.6 0 0 0 0 0 0 0 0 0
616.8 -748.4 2549.2 0 0 0 0 0 0 0 0 0
484.2 -718.8 2655.9 0 0 0 0 0 0 0 0 0
536.4 567.3 2660.7 0 -0.9564303756 0.0368306898 -0.2896281183 0.0556798764 0.9968140125 -0.0571096987 0.2866019905 -0.0707479045 -0.9554339647
527.0 313.8 2678.7 -0.9564303756 0.0368306898 -0.2896281183 0.0556798764 0.9968140125 -0.0571096987 0.2866019905 -0.0707479045 -0.9554339647
534.3 115.4 2678.5 -0.9564024210 -0.0374375805 -0.2896426022 -0.0362506174 0.9992979169 -0.0094637964 0.2897935510 0.0014485260 -0.9570880532
661.3 318.9 2638.1 -0.2545910776 0.9620518684 0.0981816277 0.9645969272 0.2454082668 0.0965791345 0.0688195452 0.1192938834 -0.9904710054
731.1 54.5 2619.2 -0.2137911320 0.9562807083 0.1995510012 0.9023907781 0.2715618014 -0.3345819414 -0.3741446733 0.1085423306 -0.9209963679
392.8 308.7 2719.3 -0.2622731328 -0.9190282822 -0.2942784429 -0.9500967860 0.1925476342 0.2454414964 -0.1689050645 0.3439657092 -0.9236658812
317.4 35.6 2670.8 -0.1371775270 -0.9194380641 -0.3685322106 -0.9756664634 0.1896626502 -0.1100135669 0.1710474491 0.3444731236 -0.9230823517
625.0 -61.6 2657.2 -0.9203001857 -0.0940868855 -0.3797304332 -0.0520443395 0.9914661050 -0.1195256785 0.3877356350 -0.0902366862 -0.9173431396
662.2 -454.0 2693.0 -0.9203001857 0.1205631718 -0.3721720874 -0.0520443395 0.9051425457 0.4219104052 0.3877356350 0.4076536596 -0.8267282248
451.4 -66.6 2710.8 -0.9169399142 0.0607009344 0.3943812549 0.0684946477 0.9976351857 0.0057002911 -0.3931025863 0.0322398283 -0.9189292192
427.6 -457.6 2698.1 -0.8937045932 -0.2069624215 0.3980686665 -0.1235045120 0.9664542079 0.2251952142 -0.4313220978 0.1520947218 -0.8892853856
792.9 -206.7 2727.5 0 0 0 0 0 0 0 0 0
279.6 -233.3 2717.9 0 0 0 0 0 0 0 0 0
623.9 -741.7 2563.4 0 0 0 0 0 0 0 0 0
483.4 -718.2 2657.1 0 0 0 0 0 0 0 0 0
515.5 553.4 2667.8 1 -0.9592920542 -0.0196205005 -0.2817336023 -0.0040995921 0.9984461069 -0.0555748641 0.2823862433 -0.0521575324 -0.9578818083
520.2 312.2 2680.4 -0.9592920542 -0.0196205005 -0.2817336023 -0.0040995921 0.9984461069 -0.0555748641 0.2823862433 -0.0521575324 -0.9578818083
530.0 113.9 2684.5 -0.9579954743 -0.0494611599 -0.2824858129 -0.0415800922 0.9985622764 -0.0338300392 0.2837529480 -0.0206632391 -0.9586747289
654.9 318.1 2640.5 -0.2553579211 0.9614167809 0.1023236290 0.9652911425 0.2475145608 0.0833638534 0.0548208132 0.1200597137 -0.9912518859
726.8 46.1 2625.0 -0.2128228843 0.9580116868 0.1921457648 0.9196366072 0.2628365159 -0.2918655872 -0.3301135898 0.1145886034 -0.9369602203
385.6 306.4 2720.2 -0.2270596027 -0.9322738051 -0.2816194594 -0.9539505839 0.1547081172 0.2569897473 -0.1960159987 0.3270030320 -0.9244710803
321.7 38.1 2665.1 -0.1663537472 -0.9255645275 -0.3400833905 -0.9774895906 0.2001778036 -0.0666554421 0.1297710538 0.3213395774 -0.9380300641
629.6 -80.3 2651.4 -0.9480741620 -0.0734374225 -0.3094549179 -0.0343755521 0.9909381866 -0.1298456341 0.3161862195 -0.1124656126 -0.9420073032
658.8 -473.2 2696.0 -0.9480741620 0.0999217629 -0.3019454181 -0.0343755521 0.9116119742 0.4096119404 0.3161862195 0.3987220228 -0.8608408570
455.0 -89.1 2704.0 -0.9142671824 0.0551728047 0.4013371468 0.0588508807 0.9982617497 -0.0031680854 -0.4008143246 0.0207225680 -0.9159249067
433.2 -483.1 2695.9 -0.8927662373 -0.2014367282 0.4029785395 -0.1125145555 0.9658209085 0.2335176617 -0.4362441301 0.1631357372 -0.8849168420
788.0 -218.1 2719.9 0 0 0 0 0 0 0 0 0
275.2 -235.6 2701.4 0 0 0 0 0 0 0 0 0
630.5 -731.3 2583.1 0 0 0 0 0 0 0 0 0
482.0 -717.1 2656.3 0 0 0 0 0 0 0 0 0
513.8 549.3 2680.3 2 -0.9587039948 -0.0222092122 -0.2835373878 -0.0146118896 0.9994760156 -0.0288819019 0.2840302587 -0.0235461779 -0.9585261345
518.7 328.3 2685.5 -0.9587039948 -0.0222092122 -0.2835373878 -0.0146118896 0.9994760156 -0.0288819019 0.2840302587 -0.0235461779 -0.9585261345
527.1 129.8 2687.9 -0.9579756856 -0.0423786044 -0.2837017179 -0.0371472575 0.9990264177 -0.0237967502 0.2844339907 -0.0122579671 -0.9586172700
653.4 333.5 2645.5 -0.2335010767 0.9665414691 0.1061829180 0.9712112546 0.2265326679 0.0736997426 0.0471799560 0.1203350127 -0.9916115999
721.4 51.0 2631.8 -0.2050772011 0.9626553655 0.1767427027 0.9371726513 0.2452092022 -0.2481528372 -0.2822245955 0.1147479340 -0.9524611235
384.0 323.1 2725.5 -0.2191324085 -0.9362371564 -0.2746651471 -0.9466820359 0.1358795762 0.2921127975 -0.2361654937 0.3240319192 -0.9160945415
318.8 41.3 2655.2 -0.2005022168 -0.9215445518 -0.3324974179 -0.9727218151 0.2276757061 -0.0444527306 0.1166667491 0.3145146072 -0.9420559406
627.7 -80.9 2662.5 -0.9474466443 -0.0754012316 -0.3109011948 -0.0376029648 0.9913386106 -0.1258321255 0.3176962435 -0.1075284109 -0.9420757294
657.7 -474.6 2705.2 -0.9484449625 0.0732570291 -0.3083595335 -0.0492868386 0.9269948602 0.3718216121 0.3130862713 0.3678503931 -0.8755930066
452.4 -89.7 2714.3 -0.9140732884 0.0519534387 0.4022075236 0.0715341642 0.9968650937 0.0338056758 -0.3991903067 0.0596724413 -0.9149242043
431.8 -484.3 2690.7 -0.8904647231 -0.2077601254 0.4048559070 -0.1264262795 0.9676164985 0.2184826434 -0.4371372461 0.1433666646 -0.8878947496
780.1 -217.3 2712.5 0 0 0 0 0 0 0 0 0
261.9 -234.6 2688.3 0 0 0 0 0 0 0 0 0
638.0 -724.0 2606.2 0 0 0 0 0 0 0 0 0
481.6 -716.1 2656.3 0 0 0 0 0 0 0 0 0
509.3 541.0 2697.0 3 -0.9652181268 -0.0307780895 -0.2596278787 -0.0329966955 0.9994466901 0.0041904212 0.2593552470 0.0126115326 -0.9656996727
515.8 330.6 2694.4 -0.9652181268 -0.0307780895 -0.2596278787 -0.0329966955 0.9994466901 0.0041904212 0.2593552470 0.0126115326 -0.9656996727
524.2 132.0 2692.3 -0.9648408890 -0.0421112143 -0.2594392300 -0.0433407500 0.9990598559 -0.0009817227 0.2592366636 0.0102970842 -0.9657589197
651.5 336.6 2657.9 -0.2250914723 0.9659154415 0.1278326511 0.9710296392 0.2115861326 0.1110528484 0.0802200437 0.1491263509 -0.9855587482
717.9 50.3 2634.3 -0.1889789253 0.9622204900 0.1960067451 0.9473529458 0.2311852723 -0.2215304226 -0.2584749758 0.1438229978 -0.9552516341
380.1 324.5 2730.8 -0.2355761379 -0.9400226474 -0.2467008531 -0.9312913418 0.1457758993 0.3338349462 -0.2778493762 0.3083939254 -0.9097762704
309.1 43.9 2647.1 -0.2051990926 -0.9269129634 -0.3142065108 -0.9748883247 0.2219571322 -0.0181051120 0.0865222439 0.3026010990 -0.9491819739
623.4 -65.5 2664.2 -0.9602246881 -0.0930889100 -0.2632546723 -0.0450635366 0.9820968509 -0.1829073131 0.2755682170 -0.1637689173 -0.9472285509
660.3 -455.0 2729.2 -0.9602246881 0.0520747416 -0.2743297219 -0.0450635366 0.9406767488 0.3362983167 0.2755682170 0.3352842033 -0.9009143710
447.9 -72.8 2716.3 -0.9045537710 0.0534067415 0.4230014086 0.0654563010 0.9977572560 0.0139994305 -0.4213050604 0.0403513461 -0.9060208797
426.7 -468.6 2700.3 -0.8802803159 -0.2134132832 0.4237467945 -0.1142530367 0.9621929526 0.2472468466 -0.4604919255 0.1692321748 -0.8713825941
772.4 -223.1 2708.9 0 0 0 0 0 0 0 0 0
250.0 -236.9 2672.0 0 0 0 0 0 0 0 0 0
645.4 -725.6 2632.7 0 0 0 0 0 0 0 0 0
482.2 -718.8 2656.3 0 0 0 0 0 0 0 0 0
494.8 542.4 2695.9 4 -0.9712452292 -0.0857245997 -0.2221125066 -0.0775593221 0.9959605932 -0.0452437326 0.2250938118 -0.0267158616 -0.9739707708
513.8 321.4 2701.8 -0.9712452292 -0.0857245997 -0.2221125066 -0.0775593221 0.9959605932 -0.0452437326 0.2250938118 -0.0267158616 -0.9739707708
520.0 122.7 2701.3 -0.9739688039 -0.0313122496 -0.2245090604 -0.0311229322 0.9995059371 -0.0043829582 0.2245353758 0.0027185155 -0.9744621515
650.8 325.7 2670.3 -0.2295433134 0.9596176147 0.1626158804 0.9706252217 0.2133207470 0.1112694964 0.0720868260 0.1833802462 -0.9803954363
714.5 56.3 2650.3 -0.1742217094 0.9544714689 0.2421383113 0.9241167903 0.2434057891 -0.2945534587 -0.3400807381 0.1724464744 -0.9244497418
376.9 317.0 2733.4 -0.2483554482 -0.9459165335 -0.2087138444 -0.9266139269 0.1691947132 0.3357972503 -0.2823228836 0.2767942250 -0.9185198545
303.3 42.6 2649.8 -0.2272419035 -0.9318102002 -0.2830033600 -0.9705070257 0.2407076806 -0.0132649168 0.0804814622 0.2716423869 -0.9590271711
621.1 -62.6 2666.5 -0.9725109339 -0.0489623621 -0.2276514322 0.0069771344 0.9710777998 -0.2386613786 0.2327526659 -0.2336891443 -0.9440421462
640.5 -446.9 2759.0 -0.9729275107 -0.0132056661 -0.2307328731 -0.0385858230 0.9936348200 0.1058349386 0.2278665900 0.1118727401 -0.9672442079
444.3 -70.8 2714.0 -0.8895754218 0.0397928096 0.4550518095 0.0424009040 0.9990906119 -0.0044782185 -0.4548161924 0.0153108947 -0.8904536963
428.5 -467.4 2707.9 -0.8707300425 -0.2031416446 0.4478421807 -0.0808780715 0.9574459195 0.2770488560 -0.4850648344 0.2050141543 -0.8501066566
764.4 -208.2 2747.6 0 0 0 0 0 0 0 0 0
237.8 -237.5 2673.0 0 0 0 0 0 0 0 0 0
643.9 -702.8 2730.2 0 0 0 0 0 0 0 0 0
481.4 -716.9 2654.5 0 0 0 0 0 0 0 0 0
494.1 539.0 2716.8 5 -0.9831823707 -0.0624694116 -0.1716099232 -0.0643353164 0.9979141355 0.0053274203 0.1709191650 0.0162784047 -0.9851505756
507.3 328.2 2713.4 -0.9831823707 -0.0624694116 -0.1716099232 -0.0643353164 0.9979141355 0.0053274203 0.1709191650 0.0162784047 -0.9851505756
513.9 129.6 2709.3 -0.9845442176 -0.0327017419 -0.1720561087 -0.0357575491 0.9992524981 0.0146904811 0.1714470834 0.0206157323 -0.9849776030
645.6 333.2 2689.3 -0.2337630242 0.9697651863 0.0700735748 0.9668815136 0.2242636830 0.1218438074 0.1024449244 0.0962354243 -0.9900726080
713.3 53.0 2659.7 -0.1656692624 0.9697651863 0.1791902632 0.8945396543 0.2242636830 -0.3866582215 -0.4151535332 0.0962354243 -0.9046470523
369.0 323.2 2737.5 -0.2182675898 -0.9608808756 -0.1704911143 -0.9377554655 0.1581532210 0.3091962039 -0.2701369822 0.2273664773 -0.9355909824
302.3 36.4 2654.8 -0.2453358620 -0.9403346181 -0.2357564121 -0.9647179246 0.2607809901 -0.0362301655 0.0955492705 0.2185498774 -0.9711365700
615.6 -73.1 2680.1 -0.9837195873 -0.0438069999 -0.1742890328 0.0055637672 0.9619454741 -0.2731848955 0.1796239614 -0.2697070241 -0.9460408688
632.9 -454.4 2787.0 -0.9831390977 -0.0339046903 -0.1796886176 -0.0260472149 0.9986059666 -0.0459093712 0.1809946597 -0.0404549092 -0.9826517105
437.0 -78.9 2721.2 -0.8645005822 0.0159392506 0.5023790598 0.0334391519 0.9991065860 0.0258433428 -0.5015183091 0.0391407125 -0.8642612100
430.7 -475.7 2705.7 -0.8469629288 -0.2060241699 0.4901100397 -0.0725086257 0.9580115676 0.2774100006 -0.5266842842 0.1994187683 -0.8263388276
760.6 -202.0 2778.0 0 0 0 0 0 0 0 0 0
232.1 -239.6 2682.2 0 0 0 0 0 0 0 0 0
641.2 -699.6 2796.9 0 0 0 0 0 0 0 0 0
481.7 -712.6 2656.3 0 0 0 0 0 0 0 0 0
497.4 539.9 2734.8 6 -0.9851040244 -0.0389517546 -0.1674899310 -0.0478983186 0.9976144433 0.0497103967 0.1651540697 0.0569923967 -0.9846197367
505.4 334.4 2723.1 -0.9851040244 -0.0389517546 -0.1674899310 -0.0478983186 0.9976144433 0.0497103967 0.1651540697 0.0569923967 -0.9846197367
511.0 135.9 2714.0 -0.9855416417 -0.0275784787 -0.1671736985 -0.0347661711 0.9985857606 0.0402218439 0.1658280194 0.0454522930 -0.9851066470
644.0 339.2 2699.8 -0.2229197919 0.9718750715 0.0759318545 0.9684116244 0.2118494660 0.1315246522 0.1117394045 0.1028527394 -0.9884005189
706.9 66.0 2668.2 -0.1518186033 0.9718750715 0.1800277531 0.8975021243 0.2118494660 -0.3867941797 -0.4140543938 0.1028527394 -0.9044226408
366.8 329.5 2746.4 -0.2156518698 -0.9607209563 -0.1746696234 -0.9439669251 0.1593429297 0.2890264392 -0.2498414069 0.2272114456 -0.9412513971
299.6 35.3 2668.5 -0.2228475809 -0.9455061555 -0.2373964787 -0.9694674611 0.2405075431 -0.0478434861 0.1023319513 0.2194863558 -0.9702339768
610.7 -65.8 2689.5 -0.9846456051 -0.0421708673 -0.1693950891 0.0088623511 0.9570544362 -0.2897728086 0.1743402928 -0.2868247628 -0.9419856668
627.4 -445.7 2803.3 -0.9841734171 -0.0359517895 -0.1735228896 -0.0080893924 0.9872977138 -0.1586750597 0.1770233959 -0.1547600776 -0.9719629884
430.4 -72.3 2720.9 -0.8621764183 0.0070432704 0.5065591931 0.0279648490 0.9990404844 0.0337060727 -0.5058357716 0.0432264321 -0.8615460992
427.6 -469.3 2703.7 -0.8430036902 -0.2144557834 0.4933087528 -0.0836401805 0.9581932425 0.2736239731 -0.5313653350 0.1894055754 -0.8256975412
750.2 -190.3 2786.5 0 0 0 0 0 0 0 0 0
235.5 -243.8 2698.0 0 0 0 0 0 0 0 0 0
636.6 -699.0 2843.1 0 0 0 0 0 0 0 0 0
482.1 -712.8 2655.5 0 0 0 0 0 0 0 0 0
496.2 525.9 2735.8 7 -0.9917379618 -0.0408551209 -0.1216002703 -0.0457187407 0.9982510805 0.0374780856 0.1198564246 0.0427278504 -0.9918713570
504.4 323.8 2727.1 -0.9917379618 -0.0408551209 -0.1216002703 -0.0457187407 0.9982510805 0.0374780856 0.1198564246 0.0427278504 -0.9918713570
511.8 125.3 2720.5 -0.9919317365 -0.0369817093 -0.1212592050 -0.0407479852 0.9987564087 0.0287277047 0.1200460047 0.0334369913 -0.9922050834
643.8 329.5 2710.3 -0.2111451924 0.9764357209 0.0446209386 0.9668467641 0.2019287348 0.1563079357 0.1436143965 0.0761452764 -0.9866999388
698.9 77.6 2672.9 -0.1531639844 0.9764357209 0.1520332694 0.8969947696 0.2019287348 -0.3932240903 -0.4146579504 0.0761452764 -0.9067859054
