615.3 464.2 2532.9 1 0.9817376733 -0.1138651296 0.1524002552 0.0790256932 0.9727995992 0.2177519351 -0.1730492711 -0.2017317414 0.9640322924
638.5 266.6 2573.9 0.9817376733 -0.1138651296 0.1524002552 0.0790256932 0.9727995992 0.2177519351 -0.1730492711 -0.2017317414 0.9640322924
659.2 75.9 2612.9 0.9827048779 -0.1049701273 0.1525527537 0.0704222098 0.9737626314 0.2163955718 -0.1712652296 -0.2019098848 0.9643135667
499.7 256.8 2598.2 0.1406906098 -0.9348741770 -0.3259086311 0.9875009656 0.1088835821 0.1139572859 -0.0710496306 -0.3378677964 0.9385080338
465.6 17.6 2615.4 -0.1205661446 -0.9348741770 -0.3338773549 0.7978212237 0.1088835821 -0.5929802656 0.5907157063 -0.3378677964 0.7327347994
777.2 276.3 2549.5 0.3596009314 0.8193320036 0.4465223849 -0.9156550765 0.2177336216 0.3378874063 0.1796190143 -0.5303651094 0.8285226822
879.2 16.4 2600.5 -0.5390841961 0.8193320036 0.1951495111 -0.0223001931 0.2177336216 -0.9757534266 -0.8419566154 -0.5303651094 -0.0991054848
575.7 -116.6 2659.5 0.7475237250 0.2066087723 -0.6312852502 -0.3516078889 0.9294027090 -0.1121719405 0.5635424852 0.3058160543 0.7673958540
494.9 -480.1 2539.8 0.8216083050 0.1512611508 -0.5496179461 -0.0817483291 0.9854516387 0.1490043104 0.5641604662 -0.0774928257 0.8220205903
753.2 -106.8 2642.8 0.6493632793 0.1688626856 0.7414935827 0.0711571351 0.9572663903 -0.2803172171 -0.7571420074 0.2347902507 0.6095978618
687.2 -481.4 2550.9 0.6433864832 -0.1779907495 0.7445623875 0.1065603569 0.9839495420 0.1431369931 -0.7580888867 -0.0127515709 0.6520265937
498.9 -202.3 2452.6 0 0 0 0 0 0 0 0 0
751.2 11.2 2400.6 0 0 0 0 0 0 0 0 0
443.2 -816.8 2566.3 0 0 0 0 0 0 0 0 0
751.3 -836.2 2555.5 0 0 0 0 0 0 0 0 0
614.7 466.3 2548.6 2 0.9536724687 -0.1149879843 0.2780047655 0.0641296729 0.9805350304 0.1855761111 -0.2939324081 -0.1591504663 0.9424833655
638.1 267.1 2580.9 0.9536724687 -0.1149879843 0.2780047655 0.0641296729 0.9805350304 0.1855761111 -0.2939324081 -0.1591504663 0.9424833655
659.4 75.4 2613.8 0.9544757605 -0.1106697172 0.2769985199 0.0571527146 0.9792728424 0.1943149865 -0.2927619219 -0.1696377248 0.9410172701
503.8 258.9 2622.3 0.1228072196 -0.9729130864 -0.1958534122 0.9913955331 0.1112558842 0.0689710975 -0.0453130417 -0.2026383430 0.9782047272
473.2 11.9 2633.6 -0.0061838422 -0.9729130864 -0.2310885787 0.8637332916 0.1112558842 -0.4915149808 0.5039113164 -0.2026383430 0.8396493793
772.3 275.3 2539.5 0.4238845110 0.7320253253 0.5333487391 -0.9038299918 0.3038965464 0.3012279570 0.0584236607 -0.6097424030 0.7904434800
880.1 45.5 2554.4 -0.6400941610 0.7320253253 0.2332774699 0.0003364658 0.3038965464 -0.9527049661 -0.7682963610 -0.6097424030 -0.1947687119
592.0 -120.9 2667.4 0.8113892674 0.2441568524 -0.5310695171 -0.3544065356 0.9280145168 -0.1148259714 0.4648047090 0.2813830972 0.8395118713
496.5 -483.8 2557.4 0.8719767928 0.1758158356 -0.4568865299 -0.1399972588 0.9838634133 0.1114158854 0.4691026211 -0.0331892073 0.8825197816
768.0 -108.5 2636.5 0.5512939692 0.2086220980 0.8078067303 0.0809013247 0.9503020644 -0.3006342947 -0.8303793669 0.2310905159 0.5070180297
686.3 -480.2 2546.1 0.5513964891 -0.1753592044 0.8156046867 0.0803264454 0.9842755795 0.1573189348 -0.8303670883 -0.0212304797 0.5568121076
474.9 -225.9 2494.9 0 0 0 0 0 0 0 0 0
730.0 45.6 2374.2 0 0 0 0 0 0 0 0 0
437.1 -816.4 2568.6 0 0 0 0 0 0 0 0 0
750.1 -838.0 2553.8 0 0 0 0 0 0 0 0 0
608.8 465.6 2547.9 3 0.9230366349 -0.1354476810 0.3600795865 0.0632522032 0.9766654372 0.2052406669 -0.3794766665 -0.1666688174 0.9100653529
636.4 266.3 2581.9 0.9230366349 -0.1354476810 0.3600795865 0.0632522032 0.9766654372 0.2052406669 -0.3794766665 -0.1666688174 0.9100653529
660.6 75.1 2615.8 0.9247967005 -0.1239010468 0.3597215116 0.0499944054 0.9768635631 0.2079379559 -0.3771625459 -0.1743162721 0.9095945358
506.0 259.3 2635.3 0.0941499099 -0.9896625280 -0.1081844196 0.9928046465 0.0852572322 0.0840840116 -0.0739912912 -0.1153225005 0.9905685186
482.6 12.8 2653.7 0.0747804791 -0.9872906208 -0.1402321607 0.9047507048 0.1263070852 -0.4067833126 0.4193256795 -0.0964557007 0.9026972055
766.8 273.4 2528.6 0.4686199725 0.6076139212 0.6412492990 -0.8817687035 0.3658193052 0.2977586389 -0.0536590740 -0.7049691677 0.7072051764
878.1 64.0 2515.8 -0.7522532344 0.6076139212 0.2547948062 -0.0196795594 0.3658193052 -0.9304777980 -0.6585801244 -0.7049691677 -0.2632311881
595.6 -121.5 2673.0 0.8545917869 0.2509427667 -0.4546433687 -0.3292128146 0.9388815761 -0.1005997807 0.4016114771 0.2356461734 0.8849740624
497.5 -488.6 2580.9 0.8914555311 0.1954372078 -0.4087925553 -0.1917445809 0.9801471233 0.0504545793 0.4105375409 0.0334057398 0.9112315774
766.0 -111.1 2620.5 0.4764553905 0.2032209486 0.8553896546 0.0707949772 0.9608925581 -0.2677190900 -0.8763437271 0.1881135106 0.4434354305
686.5 -486.9 2547.0 0.4760888517 -0.1717080921 0.8624707460 0.0729042888 0.9850826859 0.1558751464 -0.8763700128 -0.0113326078 0.4815051258
462.0 -237.3 2537.8 0 0 0 0 0 0 0 0 0
699.9 59.3 2359.8 0 0 0 0 0 0 0 0 0
432.7 -813.6 2569.8 0 0 0 0 0 0 0 0 0
747.9 -838.9 2551.0 0 0 0 0 0 0 0 0 0
604.3 471.6 2556.1 4 0.8708205819 -0.1464359015 0.4692845941 0.0631635115 0.9800209999 0.1885980666 -0.4875262678 -0.1345934123 0.8626718521
634.3 270.7 2583.7 0.8708205819 -0.1464359015 0.4692845941 0.0631635115 0.9800209999 0.1885980666 -0.4875262678 -0.1345934123 0.8626718521
660.4 78.9 2612.3 0.8730876446 -0.1349900216 0.4685036242 0.0473755635 0.9798496366 0.1940367073 -0.4852561355 -0.1472154260 0.8618898392
511.5 263.9 2652.2 0.0820618346 -0.9965470433 0.0126415854 0.9938913584 0.0827692002 0.0730015561 -0.0737958252 0.0065737204 0.9972516894
490.6 10.2 2671.0 0.1439814121 -0.9893122911 -0.0230335612 0.9251696467 0.1428336054 -0.3516528308 0.3511844575 0.0293215215 0.9358470440
757.2 277.6 2515.2 0.4711412489 0.4695100188 0.7467169762 -0.8670513034 0.4020095766 0.2942963541 -0.1620122790 -0.7860971093 0.5964925885
870.0 70.0 2476.4 -0.8459971547 0.4695100188 0.2526838779 -0.0499694459 0.4020095766 -0.9142709374 -0.5308406949 -0.7860971093 -0.3166377842
602.0 -120.7 2683.5 0.9009120464 0.2580551803 -0.3489484787 -0.3157298863 0.9413582087 -0.1189931780 0.2977786958 0.2173758447 0.9295566678
501.0 -489.0 2598.5 0.9222797155 0.2308708727 -0.3099980652 -0.2390015870 0.9709443450 0.0120531796 0.3037735820 0.0629736260 0.9506607652
767.4 -111.7 2615.8 0.3697159588 0.2168366462 0.9034887552 0.0845272914 0.9605060220 -0.2651100755 -0.9252919555 0.1743848920 0.3367857933
682.6 -487.6 2547.6 0.3739489019 -0.1778983623 0.9102276564 0.0616878457 0.9840287566 0.1669791043 -0.9253954887 -0.0062916670 0.3789506555
450.6 -246.7 2573.5 0 0 0 0 0 0 0 0 0
667.1 58.0 2349.2 0 0 0 0 0 0 0 0 0
423.7 -814.4 2577.4 0 0 0 0 0 0 0 0 0
746.9 -843.3 2549.9 0 0 0 0 0 0 0 0 0
602.4 474.9 2569.2 5 0.8133020997 -0.1420682520 0.5642307401 0.0573102608 0.9845770001 0.1652986556 -0.5790122747 -0.1021015346 0.8089005351
631.5 272.7 2590.2 0.8133020997 -0.1420682520 0.5642307401 0.0573102608 0.9845770001 0.1652986556 -0.5790122747 -0.1021015346 0.8089005351
657.6 80.1 2613.2 0.8153191209 -0.1356117874 0.5629069209 0.0430131592 0.9836848974 0.1746822149 -0.5774120092 -0.1182093471 0.8078501821
516.8 266.4 2671.6 0.0785803348 -0.9892908931 0.1229987666 0.9944791198 0.0863969773 0.0595553704 -0.0695443079 0.1176398247 0.9906182289
496.9 13.7 2689.3 0.1794068068 -0.9800229073 0.0858385414 0.9404082894 0.1452233642 -0.3074775040 0.2888692319 0.1358868331 0.9476757646
746.2 279.0 2508.7 0.4674976468 0.3406657577 0.8157161474 -0.8427141309 0.4504364133 0.2948557734 -0.2669809759 -0.8252598643 0.4976617992
858.9 75.9 2444.3 -0.9006628394 0.3406657577 0.2697280943 -0.0954702497 0.4504364133 -0.8876894116 -0.4239007235 -0.8252598643 -0.3731679022
608.5 -117.4 2684.3 0.9311261177 0.2686189115 -0.2466739714 -0.3060363233 0.9433915019 -0.1278838366 0.1983581185 0.1945671737 0.9606235623
503.4 -486.6 2608.1 0.9435505271 0.2577901185 -0.2079822123 -0.2633100450 0.9647105336 0.0011852522 0.2009481788 0.0536454618 0.9781318903
764.3 -108.7 2597.4 0.2567642033 0.2325476110 0.9380798340 0.0511021130 0.9659963846 -0.2534553409 -0.9651221037 0.1130161211 0.2361496240
673.5 -486.1 2553.3 0.2545361519 -0.2004195303 0.9460673332 0.0620748736 0.9796575308 0.1908344179 -0.9650689363 0.0101527534 0.2617992759
446.8 -248.7 2608.7 0 0 0 0 0 0 0 0 0
640.0 52.6 2341.3 0 0 0 0 0 0 0 0 0
415.0 -817.5 2589.7 0 0 0 0 0 0 0 0 0
747.2 -846.4 2549.5 0 0 0 0 0 0 0 0 0
597.0 476.7 2575.2 6 0.7520733476 -0.1619841903 0.6388636231 0.0658315122 0.9829423428 0.1717283130 -0.6557834148 -0.0870949328 0.7499083877
629.9 276.7 2593.0 0.7520733476 -0.1619841903 0.6388636231 0.0658315122 0.9829423428 0.1717283130 -0.6557834148 -0.0870949328 0.7499083877
659.9 84.3 2612.6 0.7543550730 -0.1552115232 0.6378540993 0.0516921841 0.9826745987 0.1779845357 -0.6544282436 -0.1012914628 0.7493088245
523.7 269.3 2685.4 0.0836892202 -0.9718175530 0.2203785777 0.9917200804 0.1028431803 0.0769064426 -0.0974034667 0.2121176273 0.9723778367
502.3 15.4 2710.3 0.2125182450 -0.9611301422 0.1762520969 0.9467645288 0.1578952819 -0.2805460095 0.2418118417 0.2264903635 0.9435195327
736.2 284.1 2500.6 0.3989367187 0.2042421550 0.8939433098 -0.8355016112 0.4826924801 0.2625738382 -0.3778710365 -0.8516414165 0.3632084131
835.1 76.9 2406.8 -0.9329399467 0.2042421550 0.2964932024 -0.1675189734 0.4826924801 -0.8596193194 -0.3186855316 -0.8516414165 -0.4161086380
610.9 -116.5 2687.9 0.9501510859 0.2685755193 -0.1583669782 -0.2931782603 0.9424649477 -0.1606435627 0.1061103866 0.1990654022 0.9742245674
505.7 -485.5 2609.9 0.9546020031 0.2782415450 -0.1063799858 -0.2782490551 0.9603906870 0.0150730563 0.1063602939 0.0152113615 0.9942113161
756.4 -108.5 2584.6 0.1561006308 0.2229699343 0.9622458220 0.0372285172 0.9721679091 -0.2313084602 -0.9870393276 0.0719303861 0.1434551924
669.2 -488.5 2556.4 0.1524508148 -0.2184818834 0.9638591409 0.0536308475 0.9756507277 0.2126720995 -0.9868548512 0.0192705486 0.1604561061
442.8 -249.6 2642.6 0 0 0 0 0 0 0 0 0
605.2 35.6 2328.3 0 0 0 0 0 0 0 0 0
409.7 -817.0 2604.7 0 0 0 0 0 0 0 0 0
749.4 -846.3 2549.4 0 0 0 0 0 0 0 0 0
592.0 477.7 2579.8 7 0.7019335032 -0.1774098277 0.6897935271 0.0773216933 0.9817383885 0.1738134027 -0.7080329657 -0.0686694533 0.7028326988
628.2 277.1 2593.8 0.7019335032 -0.1774098277 0.6897935271 0.0773216933 0.9817383885 0.1738134027 -0.7080329657 -0.0686694533 0.7028326988
660.3 84.7 2609.7 0.7050278187 -0.1655836552 0.6895779967 0.0595992655 0.9827544689 0.1750475317 -0.7066708803 -0.0823150352 0.7027378678
528.6 268.6 2693.8 0.0895510837 -0.9524734020 0.2911615074 0.9887177944 0.1202580035 0.0893037021 -0.1200738996 0.2798793316 0.9524966478
506.0 18.6 2724.2 0.2444874942 -0.9374743700 0.2477249652 0.9550098181 0.1885739118 -0.2289019823 0.1678752750 0.2925434411 0.9414011836
727.8 285.7 2493.8 0.3056055903 0.0698045120 0.9495959878 -0.8311686516 0.5060880780 0.2302901000 -0.4645039439 -0.8596523404 0.2126826793
804.9 75.9 2376.5 -0.9384258986 0.0698045120 0.3383551240 -0.2589777112 0.5060880780 -0.8226818442 -0.2286643982 -0.8596523404 -0.4568483531
622.5 -112.8 2690.8 0.9512928724 0.2951763570 -0.0889537334 -0.3066473603 0.9357167482 -0.1743605137 0.0317684002 0.1931453347 0.9806557298
506.9 -479.2 2615.1 0.9622988701 0.2709745169 -0.0235298835 -0.2702315748 0.9623112679 0.0305268764 0.0309150778 -0.0230174623 0.9992569685
757.3 -103.4 2573.5 0.0758070350 0.2303487062 0.9701508880 0.0083412295 0.9727700353 -0.2316223532 -0.9970875978 0.0256508552 0.0718214214
667.2 -483.6 2563.5 0.0659203902 -0.2211101800 0.9730184078 0.0522651449 0.9745659828 0.2179209739 -0.9964551330 0.0364895128 0.0758001283
437.5 -248.7 2677.2 0 0 0 0 0 0 0 0 0
570.8 11.3 2319.5 0 0 0 0 0 0 0 0 0
409.9 -823.9 2623.4 0 0 0 0 0 0 0 0 0
748.5 -842.0 2550.1 0 0 0 0 0 0 0 0 0
587.9 480.4 2590.5 8 0.6482262611 -0.1837771088 0.7389374971 0.0888700411 0.9820650816 0.1662836075 -0.7562438846 -0.0421199985 0.6529327035
625.1 281.4 2599.0 0.6482262611 -0.1837771088 0.7389374971 0.0888700411 0.9820650816 0.1662836075 -0.7562438846 -0.0421199985 0.6529327035
658.1 88.8 2609.8 0.6516568661 -0.1699713916 0.7392246127 0.0698046312 0.9838725328 0.1646881253 -0.7552950382 -0.0557188503 0.6530120969
533.0 271.4 2706.0 0.0950148553 -0.9278202653 0.3607239127 0.9875043631 0.1336141527 0.0835606903 -0.1257271171 0.3482769430 0.9289218783
508.8 20.8 2738.0 0.2591975033 -0.9116306305 0.3189769685 0.9586402774 0.2026266754 -0.1998779923 0.1175816581 0.3575920463 0.9264461398
717.3 291.5 2492.0 0.2429449707 -0.0896321535 0.9658901691 -0.8118199706 0.5262376666 0.2530260682 -0.5309670568 -0.8456003666 0.0550816245
781.5 77.1 2351.8 -0.9206479192 -0.0896321535 0.3799651563 -0.3676775098 0.5262376666 -0.7667379975 -0.1312275976 -0.8456003666 -0.5174353123
629.2 -113.2 2689.1 0.9508445859 0.3093851209 -0.0132428361 -0.3067907393 0.9353303909 -0.1761717051 -0.0421184786 0.1715746969 0.9842703938
508.1 -479.3 2621.9 0.9661140442 0.2506183982 0.0617582053 -0.2539913952 0.9656647444 0.0545886718 -0.0459567979 -0.0684249327 0.9965972304
755.5 -102.3 2562.2 -0.0088599743 0.2263064981 0.9740158319 -0.0268149674 0.9736500382 -0.2264654189 -0.9996011257 -0.0281246826 -0.0025581126
667.1 -482.8 2573.2 -0.0275672227 -0.2245471776 0.9740732312 0.0539953858 0.9726864100 0.2257556170 -0.9981606007 0.0588189140 -0.0146897519
436.2 -248.0 2705.0 0 0 0 0 0 0 0 0 0
550.9 -15.0 2319.0 0 0 0 0 0 0 0 0 0
417.0 -830.4 2646.8 0 0 0 0 0 0 0 0 0
749.2 -838.3 2551.7 0 0 0 0 0 0 0 0 0
580.5 479.1 2595.4 9 0.6019440889 -0.1903560758 0.7755178213 0.0919660330 0.9812353253 0.1694682986 -0.7932248116 -0.0306891408 0.6081550717
618.9 281.3 2601.6 0.6019440889 -0.1903560758 0.7755178213 0.0919660330 0.9812353253 0.1694682986 -0.7932248116 -0.0306891408 0.6081550717
653.2 88.8 2610.4 0.6056608558 -0.1763185263 0.7759425044 0.0720528737 0.9832877517 0.1671931148 -0.7924540043 -0.0453534350 0.6082431674
533.1 271.0 2714.0 0.0846981406 -0.9045817256 0.4178015590 0.9815511703 0.1478817761 0.1211953163 -0.1714162976 0.3998285830 0.9004185796
512.1 28.3 2756.4 0.2683568895 -0.8854248524 0.3794830739 0.9622947574 0.2282291502 -0.1479872614 0.0444225036 0.4048879743 0.9132865667
704.7 291.6 2489.2 0.1783997267 -0.2276407331 0.9572634101 -0.8050839305 0.5255524516 0.2750172019 -0.5656972528 -0.8197403550 -0.0895114765
752.7 74.9 2336.9 -0.8727904558 -0.2276407331 0.4317598045 -0.4833990037 0.5255524516 -0.7000856996 -0.0675444156 -0.8197403550 -0.5687384605
632.5 -110.2 2688.5 0.9469503164 0.3178992271 0.0471715443 -0.3058625758 0.9365251064 -0.1713732481 -0.0986567587 0.1478539407 0.9840762615
508.1 -476.8 2630.6 0.9716190100 0.1996269077 0.1269078106 -0.2099507898 0.9749189019 0.0738499090 -0.1089823991 -0.0983983725 0.9891615510
749.5 -97.5 2552.8 -0.0718580335 0.2130530179 0.9743946195 -0.0450415872 0.9752302766 -0.2165573984 -0.9963973761 -0.0594496690 -0.0604818873
666.2 -478.8 2576.0 -0.0927715078 -0.2237511426 0.9702210426 0.0443454720 0.9725279212 0.2285234183 -0.9946994185 0.0642253682 -0.0803005323
436.9 -241.5 2743.9 0 0 0 0 0 0 0 0 0
532.7 -46.9 2319.9 0 0 0 0 0 0 0 0 0
434.5 -836.2 2666.9 0 0 0 0 0 0 0 0 0
747.9 -834.3 2552.5 0 0 0 0 0 0 0 0 0
573.1 477.8 2598.8 0 0.5580205917 -0.1886764616 0.8080929518 0.0836480260 0.9816380739 0.1714341044 -0.8256003857 -0.0280683823 0.5635566711
611.2 280.0 2604.5 0.5580205917 -0.1886764616 0.8080929518 0.0836480260 0.9816380739 0.1714341044 -0.8256003857 -0.0280683823 0.5635566711
645.5 87.4 2613.0 0.5616710782 -0.1761306524 0.8083956838 0.0639848188 0.9833986163 0.1698032469 -0.8248827457 -0.0436485186 0.5636162162
531.5 270.8 2721.6 0.0691332594 -0.8812861443 0.4674989879 0.9788310528 0.1504146159 0.1387993246 -0.1926406026 0.4480068684 0.8730288744
514.5 30.6 2768.9 0.2739761174 -0.8519066572 0.4463094473 0.9578219056 0.2835283279 -0.0467851833 -0.0866847634 0.4403029978 0.8936548829
690.8 289.1 2487.4 0.1216441095 -0.3110162318 0.9425877333 -0.8083902597 0.5199851394 0.2758997679 -0.5759409070 -0.7955402732 -0.1881693453
724.0 68.7 2330.3 -0.8147901297 -0.3110162318 0.4892708659 -0.5768001676 0.5199851394 -0.6300135255 -0.0584691651 -0.7955402732 -0.6030729413
633.0 -110.3 2690.5 0.9449232817 0.3108721972 0.1023644060 -0.2931190431 0.9429494739 -0.1578845978 -0.1456063986 0.1191838756 0.9821374416
511.4 -479.4 2643.8 0.9689238071 0.1783898175 0.1713583916 -0.1916394830 0.9793739319 0.0640395582 -0.1563999355 -0.0948884860 0.9831252098
741.9 -97.3 2547.9 -0.1214827299 0.2037260234 0.9714615941 -0.0303714946 0.9774891734 -0.2087880671 -0.9921287894 -0.0548688881 -0.1125605926
662.2 -479.8 2569.3 -0.1308302283 -0.2398357689 0.9619575143 0.0070472546 0.9700479507 0.2428113371 -0.9913797379 0.0385462232 -0.1252214164
438.2 -236.3 2793.1 0 0 0 0 0 0 0 0 0
515.9 -78.7 2315.4 0 0 0 0 0 0 0 0 0
446.3 -836.8 2678.4 0 0 0 0 0 0 0 0 0
749.6 -833.4 2555.3 0 0 0 0 0 0 0 0 0
566.1 475.0 2608.6 1 0.5234533548 -0.1840964556 0.8319285512 0.1056360006 0.9828685522 0.1510311216 -0.8454807401 0.0088238651 0.5339330435
603.2 276.9 2606.8 0.5234533548 -0.1840964556 0.8319285512 0.1056360006 0.9828685522 0.1510311216 -0.8454807401 0.0088238651 0.5339330435
637.0 84.2 2608.0 0.5267413855 -0.1738906056 0.8320490122 0.0875636563 0.9847444892 0.1503690481 -0.8455034494 -0.0063483519 0.5339322090
528.3 264.4 2726.9 0.0711660236 -0.8562954068 0.5115599632 0.9547017217 0.2070318311 0.2137346417 -0.2889291942 0.4731765091 0.8322402835
510.9 30.9 2797.6 0.2555613220 -0.8430023789 0.4733237624 0.9634354115 0.2628310025 -0.0520778224 -0.0805024281 0.4693259299 0.8793478012
678.0 289.5 2486.6 0.0543588884 -0.3894393444 0.9194466472 -0.8289985657 0.4956816137 0.2589615881 -0.5566025972 -0.7762967944 -0.2958999574
693.1 58.4 2331.5 -0.7303910851 -0.3894393444 0.5611290932 -0.6796779037 0.4956816137 -0.5406826138 -0.0675782785 -0.7762967944 -0.6267347336
629.3 -111.0 2695.8 0.9479292631 0.2805179358 0.1507970989 -0.2559904754 0.9527970552 -0.1632378548 -0.1894701719 0.1161353216 0.9749941826
519.6 -483.9 2650.3 0.9591543078 0.1862405688 0.2129258364 -0.2044941932 0.9765727520 0.0669905692 -0.1954612136 -0.1077963933 0.9747691154
730.4 -99.4 2547.2 -0.1658838540 0.1882721931 0.9680062532 -0.0131187979 0.9810979366 -0.1930665821 -0.9860580564 -0.0447257087 -0.1602783948
656.7 -483.5 2564.7 -0.1647781134 -0.2588069141 0.9517705441 -0.0172499269 0.9655694962 0.2595727146 -0.9861798286 0.0263539273 -0.1635691226
439.3 -239.0 2820.1 0 0 0 0 0 0 0 0 0
505.4 -116.3 2314.2 0 0 0 0 0 0 0 0 0
451.9 -838.8 2689.5 0 0 0 0 0 0 0 0 0
750.0 -831.4 2555.2 0 0 0 0 0 0 0 0 0
560.1 477.5 2622.9 2 0.4687641859 -0.1806286275 0.8646579981 0.1467870921 0.9811881185 0.1253930926 -0.8710417151 0.0681408420 0.4864598215
596.7 278.7 2609.1 0.4687641859 -0.1806286275 0.8646579981 0.1467870921 0.9811881185 0.1253930926 -0.8710417151 0.0681408420 0.4864598215
629.7 86.3 2599.2 0.4722743034 -0.1706886441 0.8647672534 0.1271522641 0.9840029478 0.1247819960 -0.8722323775 0.0510257743 0.4864227474
529.6 260.5 2732.9 0.1385531425 -0.8100125194 0.5698093772 0.9195245504 0.3188963532 0.2297382951 -0.3678010106 0.4921227396 0.7890105247
495.2 32.0 2824.3 0.1679251492 -0.8560485244 0.4888579249 0.9856888652 0.1383695304 -0.0962875262 0.0147837596 0.4980309010 0.8670332432
663.8 297.0 2485.4 -0.0039450149 -0.4159474373 0.9093800783 -0.8735058308 0.4441244304 0.1993516535 -0.4867977202 -0.7935623527 -0.3650845885
662.7 45.8 2345.4 -0.6292676926 -0.4159474373 0.6565134525 -0.7705440521 0.4441244304 -0.4571819305 -0.1014099941 -0.7935623527 -0.5999789834
623.4 -116.5 2685.4 0.9395526052 0.2480155379 0.2360704243 -0.2242659926 0.9667256474 -0.1230703965 -0.2587386966 0.0626885369 0.9639109969
526.5 -494.3 2660.9 0.9394032955 0.2057654858 0.2741933167 -0.2249734402 0.9735355377 0.0401934385 -0.2586665154 -0.0994440615 0.9608342648
718.3 -100.6 2533.0 -0.2413947433 0.1707564592 0.9552857280 -0.0387156233 0.9819189906 -0.1853003353 -0.9696544409 -0.0817150101 -0.2304191291
651.5 -484.8 2565.0 -0.2406860590 -0.2745648623 0.9309588075 -0.0411994718 0.9611806870 0.2728265822 -0.9697282314 0.0273105409 -0.2426547110
448.4 -242.6 2820.2 0 0 0 0 0 0 0 0 0
500.4 -152.9 2319.2 0 0 0 0 0 0 0 0 0
454.1 -836.4 2695.9 0 0 0 0 0 0 0 0 0
750.0 -829.6 2555.2 0 0 0 0 0 0 0 0 0
555.9 480.6 2641.1 3 0.4830090106 -0.1724221110 0.8584712744 0.2021982670 0.9758854508 0.0822399557 -0.8519496322 0.1338587701 0.5062249303
590.8 283.2 2614.0 0.4830090106 -0.1724221110 0.8584712744 0.2021982670 0.9758854508 0.0822399557 -0.8519496322 0.1338587701 0.5062249303
621.7 92.1 2589.2 0.4852328897 -0.1580751836 0.8599774837 0.1890425384 0.9792270660 0.0733296499 -0.8537048697 0.1269903779 0.5050361156
521.7 256.3 2735.0 0.1076949611 -0.8135598898 0.5714211464 0.9343398213 0.2792261541 0.2214540392 -0.3397218585 0.5100520253 0.7902126312
494.8 22.3 2820.1 0.1543250978 -0.8462599516 0.5099292397 0.9880198240 0.1326032132 -0.0789510757 -0.0008051207 0.5160043240 0.8565855622
659.9 310.0 2493.0 -0.0861277506 -0.4049035013 0.9102939963 -0.9044440985 0.4149465561 0.0989961177 -0.4178072214 -0.8147837520 -0.4019509852
634.1 38.7 2367.7 -0.5122711658 -0.4056145847 0.7570039630 -0.8413795233 0.4137796462 -0.3476592302 -0.1722171754 -0.8150234222 -0.5532432199
620.1 -117.6 2667.7 0.9358989000 0.2378136963 0.2598805428 -0.2314267457 0.9712751508 -0.0553734973 -0.2655841112 -0.0083193164 0.9640517831
527.3 -496.7 2670.9 0.9387054443 0.2054736614 0.2767899632 -0.2185108811 0.9756906033 0.0167586487 -0.2666179240 -0.0762130544 0.9607843161
705.2 -94.5 2510.7 -0.2554543316 0.1646186560 0.9527034163 -0.1048144326 0.9748745561 -0.1965541840 -0.9611228108 -0.1500676870 -0.2317815274
640.9 -475.3 2569.3 -0.2751806676 -0.2916103303 0.9160999060 -0.0422036052 0.9556340575 0.2915174961 -0.9604657292 0.0415572599 -0.2752790153
451.6 -254.4 2820.3 0 0 0 0 0 0 0 0 0
500.5 -180.6 2322.8 0 0 0 0 0 0 0 0 0
455.9 -835.8 2697.4 0 0 0 0 0 0 0 0 0
748.8 -829.0 2553.9 0 0 0 0 0 0 0 0 0
547.4 481.7 2648.2 4 0.5422779918 -0.1588899344 0.8250384927 0.2284112722 0.9728527069 0.0372274630 -0.8085560203 0.1682604551 0.5638488531
579.6 284.6 2614.1 0.5422779918 -0.1588899344 0.8250384927 0.2284112722 0.9728527069 0.0372274630 -0.8085560203 0.1682604551 0.5638488531
606.9 94.0 2581.7 0.5444635153 -0.1384174675 0.8272847533 0.2140811533 0.9765567183 0.0224990640 -0.8110047579 0.1648561507 0.5613321066
502.2 254.4 2729.0 0.1330865473 -0.8374700546 0.5300300717 0.9410573244 0.2745703757 0.1975404918 -0.3109647930 0.4724986851 0.8246489167
468.7 17.8 2807.2 0.1721125245 -0.8674092293 0.4668817222 0.9850334525 0.1470767558 -0.0898747370 0.0092907259 0.4753627181 0.8797408342
657.0 314.8 2499.2 -0.1493941694 -0.3491574526 0.9250786304 -0.9198877215 0.3921814859 -0.0005326712 -0.3626127243 -0.8510480523 -0.3797752857
611.2 32.8 2388.0 -0.4175230265 -0.3608767092 0.8339319825 -0.8854379654 0.3677645028 -0.2841635644 -0.2041425556 -0.8570398688 -0.4730840623
608.7 -115.9 2641.2 0.9486963153 0.2155838311 0.2312982529 -0.2296544313 0.9726279974 0.0354064070 -0.2173341066 -0.0867085978 0.9722384214
524.7 -495.0 2674.9 0.9544124603 0.1914361864 0.2290175259 -0.2024039626 0.9789785147 0.0251724850 -0.2193843126 -0.0703789890 0.9730967879
696.3 -81.9 2487.6 -0.4867996275 0.1834565252 0.8540315032 -0.1084480733 0.9574396014 -0.2674854696 -0.8667555451 -0.2228298932 -0.4461857080
624.8 -455.3 2574.5 -0.4867996275 -0.3093315661 0.8169088960 -0.1084480733 0.9493654966 0.2948630154 -0.8667555451 0.0549470149 -0.4956971705
420.4 -258.8 2804.6 0 0 0 0 0 0 0 0 0
503.0 -196.6 2335.1 0 0 0 0 0 0 0 0 0
457.7 -837.5 2699.6 0 0 0 0 0 0 0 0 0
747.0 -830.5 2552.8 0 0 0 0 0 0 0 0 0
538.3 482.7 2653.7 5 0.5525854230 -0.1584148407 0.8182628155 0.2448201478 0.9693114161 0.0223268904 -0.7966884375 0.1879897118 0.5744104981
570.3 286.9 2615.8 0.5525854230 -0.1584148407 0.8182628155 0.2448201478 0.9693114161 0.0223268904 -0.7966884375 0.1879897118 0.5744104981
598.5 96.9 2579.2 0.5541243553 -0.1433305591 0.8200015426 0.2349194735 0.9719510078 0.0111410413 -0.7985981703 0.1864608079 0.5722528696
491.4 253.6 2729.2 0.0896142647 -0.8558827043 0.5093467832 0.9823340178 0.1603090912 0.0965444967 -0.1642836779 0.4916968942 0.8551286459
463.8 -49.1 2779.8 0.1497289240 -0.8453685045 0.5127702355 0.9571186900 0.2540110946 0.1392916739 -0.2480021119 0.4699259698 0.8471508026
649.1 320.2 2502.3 -0.1818226874 -0.3504362404 0.9187681675 -0.9357325435 0.3488372862 -0.0521264970 -0.3022335768 -0.8691990376 -0.3913411200
591.6 24.3 2406.7 -0.3421210349 -0.3665851653 0.8651985526 -0.9223989844 0.3066726029 -0.2348021418 -0.1792577207 -0.8783890009 -0.4430569410
585.1 -115.9 2622.3 0.9540184736 0.1859230697 0.2351199836 -0.2123057246 0.9728477597 0.0921603292 -0.2116012126 -0.1378399730 0.9675872326
512.6 -495.3 2676.0 0.9608293176 0.1630617827 0.2240934372 -0.1754365861 0.9838202000 0.0363292582 -0.2145437449 -0.0742204040 0.9738903046
683.3 -77.5 2476.5 -0.5005125999 0.1656261086 0.8497382402 -0.1257378459 0.9572139382 -0.2606367171 -0.8565495610 -0.2372962385 -0.4582721889
618.5 -451.6 2569.2 -0.5005125999 -0.3148637712 0.8064415455 -0.1257378459 0.9480783939 0.2921255231 -0.8565495610 0.0448122919 -0.5141155124
429.4 -268.9 2836.8 0 0 0 0 0 0 0 0 0
502.6 -215.8 2360.1 0 0 0 0 0 0 0 0 0
455.9 -837.0 2701.8 0 0 0 0 0 0 0 0 0
744.7 -831.5 2551.3 0 0 0 0 0 0 0 0 0
529.3 482.0 2664.0 6 0.4740014374 -0.1495916247 0.8677240014 0.2317873389 0.9719047546 0.0409361571 -0.8494688272 0.1817236394 0.4953576922
559.6 285.4 2627.3 0.4740014374 -0.1495916247 0.8677240014 0.2317873389 0.9719047546 0.0409361571 -0.8494688272 0.1817236394 0.4953576922
584.6 94.4 2593.1 0.4766045213 -0.1259277463 0.8700519204 0.2133775055 0.9766632915 0.0244724806 -0.8528295159 0.1739858091 0.4923522770
491.9 255.1 2748.3 0.0730848387 -0.8061097860 0.5872355700 0.9776334167 0.1743362248 0.1176426634 -0.1972093284 0.5655031800 0.8008211851
469.4 -46.2 2809.1 0.1251008511 -0.7977532148 0.5898640752 0.9501729608 0.2674296796 0.1601647735 -0.2855191231 0.5404361486 0.7914591432
627.3 315.7 2506.2 -0.1866115928 -0.4336126745 0.8815646172 -0.9486267567 0.3129018843 -0.0469012856 -0.2555062175 -0.8450281024 -0.4697276950
567.1 10.1 2423.9 -0.2844364643 -0.4462064207 0.8485256433 -0.9462857842 0.2726168633 -0.1738483608 -0.1537501216 -0.8523965478 -0.4997809827
576.5 -114.3 2615.3 0.9246599674 0.1987702847 0.3247989118 -0.2477617413 0.9617583752 0.1167688221 -0.2891678810 -0.1884441972 0.9385471344
499.0 -489.4 2688.8 0.9464971423 0.1242002100 0.2978547812 -0.1293215007 0.9915995002 -0.0025328693 -0.2956672311 -0.0361216739 0.9546078444
675.1 -72.6 2471.8 -0.4838597476 0.1842339486 0.8555335402 -0.1332869977 0.9506715536 -0.2801038027 -0.8649359941 -0.2495624572 -0.4354357123
603.3 -443.3 2569.2 -0.4838597476 -0.3388957381 0.8068639636 -0.1332869977 0.9397583008 0.3147839904 -0.8649359941 0.0447668284 -0.4998815954
440.7 -264.4 2874.7 0 0 0 0 0 0 0 0 0
494.0 -233.1 2384.3 0 0 0 0 0 0 0 0 0
455.3 -838.1 2701.5 0 0 0 0 0 0 0 0 0
743.7 -832.8 2550.6 0 0 0 0 0 0 0 0 0
518.4 478.7 2669.6 7 0.4304243326 -0.1497773826 0.8901132941 0.2179013342 0.9742123485 0.0585599020 -0.8759303093 0.1687512547 0.4519613981
548.3 284.0 2635.9 0.4304243326 -0.1497773826 0.8901132941 0.2179013342 0.9742123485 0.0585599020 -0.8759303093 0.1687512547 0.4519613981
572.6 92.6 2603.6 0.4326078892 -0.1224782988 0.8932241797 0.2022387534 0.9786652923 0.0362453014 -0.8786067963 0.1649645418 0.4481481910
486.8 255.2 2760.7 0.0578962229 -0.7780490518 0.6255298853 0.9747600555 0.1793855280 0.1329046339 -0.2156173438 0.6020469069 0.7687969208
469.0 -45.2 2827.2 0.1056232750 -0.7714519501 0.6274596453 0.9461652637 0.2721135616 0.1752869189 -0.3059657216 0.5751661062 0.7586625814
609.8 312.8 2511.1 -0.1601482779 -0.4797199667 0.8626826406 -0.9594756961 0.2809396982 -0.0218921676 -0.2318596840 -0.8312289715 -0.5052716732
556.0 -9.5 2433.2 -0.2873540521 -0.5002971292 0.8167805672 -0.9548420906 0.2168662697 -0.2030902505 -0.0755266845 -0.8382552266 -0.5400221348
566.5 -115.9 2636.1 0.9103525877 0.2123488039 0.3551987410 -0.2488309890 0.9666980505 0.0598165244 -0.3306679726 -0.1428385824 0.9328750372
483.6 -493.3 2691.9 0.9373432398 0.0800360143 0.3390897512 -0.0816514120 0.9966154099 -0.0095246974 -0.3387044072 -0.0187592469 0.9407058358
651.4 -77.8 2483.1 -0.4753157794 0.1382721663 0.8688818812 -0.1313608438 0.9653503299 -0.2254839987 -0.8699535728 -0.2213131487 -0.4406827092
597.5 -454.5 2569.4 -0.4753157794 -0.3567504585 0.8042412996 -0.1313608438 0.9326323867 0.3360672295 -0.8699535728 0.0540922545 -0.4901579320
444.7 -262.5 2897.5 0 0 0 0 0 0 0 0 0
486.4 -240.9 2414.9 0 0 0 0 0 0 0 0 0
455.8 -839.0 2698.4 0 0 0 0 0 0 0 0 0
743.0 -834.8 2547.4 0 0 0 0 0 0 0 0 0
509.8 479.9 2683.0 8 0.3698275685 -0.1317961216 0.9197050333 0.1996193975 0.9780418277 0.0598858967 -0.9074026942 0.1614435017 0.3880158663
536.1 284.4 2650.7 0.3698275685 -0.1317961216 0.9197050333 0.1996193975 0.9780418277 0.0598858967 -0.9074026942 0.1614435017 0.3880158663
558.0 92.4 2620.0 0.3714018166 -0.1106318757 0.9218575358 0.1868950129 0.9814606905 0.0424877964 -0.9094673991 0.1565105170 0.3851928115
483.4 257.8 2779.9 0.0432236306 -0.7348950505 0.6768020391 0.9709318280 0.1905309558 0.1448770016 -0.2354211211 0.6508665085 0.7217684388
470.0 -41.5 2852.5 0.0846366435 -0.7301329374 0.6780431271 0.9407616258 0.2827866673 0.1870809495 -0.3283355236 0.6220430732 0.7108151913
588.9 311.1 2521.5 -0.1005790532 -0.5361588001 0.8381035924 -0.9633138180 0.2631452382 0.0527362600 -0.2488179803 -0.8020525575 -0.5429560542
559.4 28.7 2448.5 -0.2766956389 -0.5652944446 0.7770982981 -0.9608975649 0.1718010157 -0.2171642780 -0.0107445186 -0.8068002462 -0.5907266140
557.7 -117.2 2650.6 0.8868045807 0.2265385389 0.4028125107 -0.2496233284 0.9683302641 0.0049725273 -0.3889290690 -0.1049610600 0.9152690172
469.2 -495.6 2691.6 0.9154264927 0.0334400535 0.4010936618 -0.0354872569 0.9993674159 -0.0023259521 -0.4009177089 -0.0121044749 0.9160341024
635.2 -81.0 2492.5 -0.4038962126 0.1318448931 0.9052540064 -0.1135629490 0.9746790528 -0.1926245093 -0.9077286720 -0.1806036234 -0.3786965013
583.7 -461.7 2563.1 -0.4038962126 -0.3823168874 0.8310846090 -0.1135629490 0.9224100113 0.3691384494 -0.9077286720 0.0547131933 -0.4159749448
450.6 -257.5 2927.9 0 0 0 0 0 0 0 0 0
490.6 -210.3 2445.9 0 0 0 0 0 0 0 0 0
457.7 -839.9 2695.8 0 0 0 0 0 0 0 0 0
738.0 -834.0 2541.0 0 0 0 0 0 0 0 0 0
500.6 479.5 2698.6 9 0.3819305003 -0.1429850459 0.9130631685 0.2116797119 0.9752297997 0.0641755536 -0.8996225595 0.1687663496 0.4027370512
529.3 283.1 2664.6 0.3819305003 -0.1429850459 0.9130631685 0.2116797119 0.9752297997 0.0641755536 -0.8996225595 0.1687663496 0.4027370512
549.6 91.3 2631.8 0.3840572238 -0.1024367735 0.9176092744 0.1947324872 0.9804580808 0.0279493053 -0.9025404453 0.1679542065 0.3964997828
474.7 255.3 2793.0 0.0559418499 -0.7405776978 0.6696380973 0.9733836055 0.1897471547 0.1285315603 -0.2222495377 0.6446244717 0.7314809561
457.4 -44.6 2861.5 0.0981434882 -0.7345306873 0.6714406610 0.9439848661 0.2823121846 0.1708579808 -0.3150563240 0.6170611978 0.7210929394
584.0 310.9 2536.3 -0.0790763721 -0.5246230960 0.8476541042 -0.9592497349 0.2714343667 0.0785069615 -0.2712690234 -0.8069039583 -0.5247086287
563.1 57.1 2464.5 -0.2858821750 -0.5578783751 0.7791297436 -0.9582472444 0.1713463515 -0.2289161533 -0.0057936595 -0.8120419383 -0.5835703015
546.4 -116.6 2671.4 0.8912145495 0.2377772480 0.3862623870 -0.2437728643 0.9692294598 -0.0341912545 -0.3825067878 -0.0636885464 0.9217550159
453.5 -495.5 2696.3 0.9191513658 -0.0158030391 0.3935873806 0.0187010337 0.9998189211 -0.0035288322 -0.3934603333 0.0106040221 0.9192804694
613.0 -83.0 2507.8 -0.3286750019 0.1126373857 0.9377022982 -0.0873024464 0.9849882126 -0.1489178687 -0.9403994083 -0.1308092773 -0.3139074743
569.0 -467.8 2558.9 -0.3286750019 -0.4069085419 0.8522899747 -0.0873024464 0.9116521478 0.4015827179 -0.9403994083 0.0575831980 -0.3351613879
434.9 -261.4 2933.8 0 0 0 0 0 0 0 0 0
490.9 -184.7 2463.1 0 0 0 0 0 0 0 0 0
458.9 -838.5 2692.6 0 0 0 0 0 0 0 0 0
732.2 -833.3 2535.8 0 0 0 0 0 0 0 0 0
491.4 478.6 2706.9 0 0.3237778246 -0.1434893608 0.9351891279 0.2120537311 0.9742926359 0.0760726631 -0.9220635295 0.1736797094 0.3458817899
520.1 283.7 2672.2 0.3237778246 -0.1434893608 0.9351891279 0.2120537311 0.9742926359 0.0760726631 -0.9220635295 0.1736797094 0.3458817899
540.7 92.1 2638.2 0.3254809082 -0.1041973159 0.9397898912 0.1986209452 0.9792685509 0.0397852995 -0.9244521856 0.1737126112 0.3394289911
473.8 255.4 2803.6 0.0300134979 -0.7019398212 0.7116035819 0.9737867117 0.1811269075 0.1375954896 -0.2254743129 0.6888204217 0.6889758706
464.5 -44.7 2873.1 0.0668049306 -0.6987543702 0.7122355103 0.9448254704 0.2737330198 0.1799308658 -0.3206898570 0.6609179378 0.6784876585
566.5 312.1 2540.8 -0.0277010463 -0.5789614320 0.8148842454 -0.9671667814 0.2215441763 0.1245256513 -0.2526284158 -0.7846794724 -0.5660892129
559.5 69.7 2477.5 -0.3058874309 -0.5925690532 0.7451810837 -0.9520000815 0.1810424626 -0.2468187958 0.0113477595 -0.7849112153 -0.6195043325
535.1 -118.3 2680.4 0.8658487201 0.2465675473 0.4353279173 -0.2462501377 0.9674583673 -0.0581824966 -0.4355075359 -0.0568223186 0.8983898759
438.6 -496.8 2702.6 0.8913664222 -0.0617261976 0.4490610063 0.0697088540 0.9975665808 -0.0012473585 -0.4478912652 0.0324153826 0.8935002089
604.2 -83.2 2517.6 -0.1997541040 0.1544071883 0.9676036239 -0.0533293076 0.9843288064 -0.1680855602 -0.9783937335 -0.0851774067 -0.1883893013
544.0 -467.5 2550.9 -0.1997541040 -0.4535187185 0.8685730100 -0.0533293076 0.8901563287 0.4525236487 -0.9783937335 0.0440730602 -0.2019982338
449.2 -261.7 2946.7 0 0 0 0 0 0 0 0 0
481.8 -172.3 2480.4 0 0 0 0 0 0 0 0 0
460.0 -842.2 2691.4 0 0 0 0 0 0 0 0 0
729.6 -831.9 2532.8 0 0 0 0 0 0 0 0 0
480.0 476.4 2711.1 1 0.3476919830 -0.1556842774 0.9245932698 0.2175729722 0.9725977182 0.0819493234 -0.9120154977 0.1726733893 0.3720371127
511.1 282.1 2676.6 0.3476919830 -0.1556842774 0.9245932698 0.2175729722 0.9725977182 0.0819493234 -0.9120154977 0.1726733893 0.3720371127
534.6 90.8 2642.8 0.3495274782 -0.1198450029 0.9292296171 0.2045813501 0.9776157141 0.0491326898 -0.9143177867 0.1729298383 0.3662215769
461.3 252.9 2806.7 0.0257530361 -0.7232520580 0.6901037693 0.9746443033 0.1716588587 0.1435328722 -0.2222728729 0.6689093113 0.7093342543
453.3 -47.5 2875.2 0.0655616447 -0.7202876210 0.6905703545 0.9463356733 0.2643671036 0.1859000027 -0.3164655268 0.6413234472 0.6989662647
560.9 311.3 2546.6 -0.0064258818 -0.5587595701 0.8293047547 -0.9672322273 0.2139692307 0.1366711557 -0.2538120151 -0.8012520671 -0.5418252349
559.4 83.8 2486.9 -0.3342364430 -0.5691838264 0.7512095571 -0.9422897100 0.1854083538 -0.2787719369 0.0193919539 -0.8010327816 -0.5983062983
531.7 -117.6 2687.5 0.8723469377 0.2769117355 0.4029028714 -0.2665221691 0.9602558017 -0.0829140097 -0.4098496735 -0.0350527689 0.9114792943
423.4 -493.3 2701.2 0.8962293267 -0.1125634089 0.4290716350 0.1172616705 0.9929790497 0.0155679239 -0.4278115034 0.0363612249 0.9031363130
590.3 -81.8 2520.9 -0.0936853215 0.1791471839 0.9793515205 -0.0311629269 0.9826682210 -0.1827349514 -0.9951140285 -0.0476390421 -0.0864788368
520.3 -465.7 2539.5 -0.0936853215 -0.4969436228 0.8627108932 -0.0311629269 0.8675611019 0.4963533580 -0.9951140285 0.0196164250 -0.0967639536
438.3 -264.8 2947.8 0 0 0 0 0 0 0 0 0
474.1 -156.5 2491.8 0 0 0 0 0 0 0 0 0
462.8 -840.5 2688.5 0 0 0 0 0 0 0 0 0
730.1 -832.0 2531.2 0 0 0 0 0 0 0 0 0
470.9 473.9 2723.2 2 0.3325302899 -0.1356851012 0.9332808852 0.2131107450 0.9748104215 0.0657909885 -0.9186987877 0.1770146936 0.3530699313
498.1 278.5 2687.7 0.3325302899 -0.1356851012 0.9332808852 0.2131107450 0.9748104215 0.0657909885 -0.9186987877 0.1770146936 0.3530699313
520.5 86.8 2655.0 0.3346333802 -0.1137944013 0.9354524612 0.1966380477 0.9792618752 0.0487815887 -0.9216040373 0.1676216125 0.3500700295
450.4 250.4 2818.8 0.0250765793 -0.7112663388 0.7024751902 0.9728782177 0.1790023893 0.1465132385 -0.2299546748 0.6797487736 0.6964643002
442.7 -49.4 2889.7 0.0631935000 -0.7084754705 0.7029004693 0.9437403679 0.2714931369 0.1888005137 -0.3245931864 0.6514245868 0.6857734919
545.8 306.6 2556.6 0.0129699530 -0.5715716481 0.8204496503 -0.9630811214 0.2135142535 0.1639708430 -0.2688987851 -0.7922862172 -0.5477006435
548.8 85.5 2494.9 -0.3401440084 -0.5841320157 0.7369476557 -0.9396300912 0.1799682528 -0.2910442054 0.0373810492 -0.7914551497 -0.6100831628
526.6 -119.2 2691.5 0.8590152264 0.3049499691 0.4112156630 -0.2901321948 0.9517745376 -0.0997423604 -0.4218010306 -0.0336266980 0.9060646296
407.3 -491.6 2704.7 0.8793752193 -0.1600829810 0.4484113157 0.1647638679 0.9859108925 0.0288536251 -0.4467125833 0.0485088229 0.8933615088
589.6 -82.2 2526.5 0.0057981713 0.2538582981 0.9672240615 0.0099031636 0.9671782851 -0.2539056540 -0.9999341369 0.0110507663 0.0030938652
490.8 -458.8 2522.2 0.0057981713 -0.5301725864 0.8478699327 0.0099031636 0.8478730321 0.5301067829 -0.9999341369 0.0053229444 0.0101664988
428.2 -266.2 2964.2 0 0 0 0 0 0 0 0 0
461.9 -154.6 2504.4 0 0 0 0 0 0 0 0 0
464.2 -842.5 2687.4 0 0 0 0 0 0 0 0 0
720.0 -825.4 2519.9 0 0 0 0 0 0 0 0 0
460.9 474.9 2728.7 3 0.3450511396 -0.1349443197 0.9288324714 0.2114501745 0.9753465056 0.0631506220 -0.9144552946 0.1746115983 0.3650784492
487.9 279.8 2693.8 0.3450511396 -0.1349443197 0.9288324714 0.2114501745 0.9753465056 0.0631506220 -0.9144552946 0.1746115983 0.3650784492
510.8 88.1 2661.5 0.3469886482 -0.1164097413 0.9306167960 0.1963834763 0.9792882800 0.0492746942 -0.9170781970 0.1656600088 0.3626628518
438.4 251.7 2824.3 0.0278252643 -0.7204558253 0.6929423809 0.9727927446 0.1790168285 0.1470620036 -0.2300000340 0.6699973345 0.7058354020
429.9 -48.1 2895.2 0.0672287196 -0.7173163295 0.6934966445 0.9436301589 0.2714969516 0.1893450320 -0.3241024911 0.6416748762 0.6951337457
537.4 307.9 2563.3 0.0012333444 -0.5608426332 0.8279215097 -0.9676620364 0.2081718892 0.1424593180 -0.2522472441 -0.8013239503 -0.5424493551
537.7 71.5 2501.7 -0.3675577939 -0.5632148981 0.7400609851 -0.9296975136 0.2022050321 -0.3078566194 0.0237453748 -0.8011879325 -0.5979415178
512.6 -122.7 2705.4 0.8705588579 0.2882658839 0.3987857699 -0.2712771893 0.9573134184 -0.0997980312 -0.4105313420 -0.0213014279 0.9115976691
399.7 -497.5 2713.8 0.8860461712 -0.1802309006 0.4271287918 0.1982298642 0.9801526666 0.0023716455 -0.4190788865 0.0825682953 0.9041876793
573.0 -87.2 2539.0 0.0591152981 0.2523454428 0.9658297896 0.0587735809 0.9649636149 -0.2557164729 -0.9965194464 0.0718820319 0.0422128625
474.6 -463.4 2511.0 0.0591152981 -0.5320467353 0.8446488380 0.0587735809 0.8465157747 0.5291092992 -0.9965194464 0.0183645822 0.0813123286
414.4 -264.8 2969.6 0 0 0 0 0 0 0 0 0
443.7 -166.2 2507.8 0 0 0 0 0 0 0 0 0
463.8 -845.9 2684.4 0 0 0 0 0 0 0 0 0
697.5 -818.0 2503.3 0 0 0 0 0 0 0 0 0
429.8 473.5 2712.0 4 0.4224449992 -0.1800013185 0.8883353472 0.1940220147 0.9753227830 0.1053608358 -0.8853788376 0.1278474629 0.4469444752
465.7 278.8 2686.5 0.4224449992 -0.1800013185 0.8883353472 0.1940220147 0.9753227830 0.1053608358 -0.8853788376 0.1278474629 0.4469444752
490.8 86.7 2657.9 0.4235825241 -0.1276714206 0.8968154192 0.1867890060 0.9810523987 0.0514395796 -0.8863902688 0.1457263529 0.4394042790
405.3 252.1 2812.4 0.0494142324 -0.7739903927 0.6312662363 0.9704303741 0.1867199391 0.1529725045 -0.2362692505 0.6050409079 0.7603304386
390.1 -47.0 2885.3 0.0965477452 -0.7682555318 0.6328206062 0.9402799606 0.2789109349 0.1951468736 -0.3264232576 0.5761875510 0.7493035197
526.1 305.5 2560.5 -0.0586262308 -0.4902908206 0.8695849180 -0.9726363420 0.2242232859 0.0608481318 -0.2248144597 -0.8422225714 -0.4900200069
511.4 62.3 2504.3 -0.3660351932 -0.4919997752 0.7899078727 -0.9301483631 0.2198965102 -0.2940570712 -0.0290219802 -0.8423667550 -0.5381226540
482.6 -122.9 2706.0 0.9067924619 0.2721650004 0.3219528496 -0.2584505379 0.9622338414 -0.0854950175 -0.3330626786 -0.0056826496 0.9428875446
