42.9 455.8 2077.5 7 0.9960476160 0.0392125696 0.0796966478 -0.0374755561 0.9990287423 -0.0231759846 -0.0805280358 0.0200977083 0.9965497255
35.2 258.2 2073.5 0.9960476160 0.0392125696 0.0796966478 -0.0374755561 0.9990287423 -0.0231759846 -0.0805280358 0.0200977083 0.9965497255
27.5 64.3 2068.8 0.9960581660 0.0392730087 0.0795349851 -0.0372072160 0.9989348054 -0.0272914581 -0.0805220827 0.0242246035 0.9964584112
-100.9 263.3 2084.5 0.2385359555 -0.7256342769 -0.6454110742 0.9707258344 0.1589010656 0.1801161319 -0.0281419270 -0.6694813967 0.7422955632
-165.6 0.2 2092.2 -0.1072077677 -0.7247585654 -0.6806111336 0.9390858412 0.1510114372 -0.3087286055 0.3265337646 -0.6722503304 0.6644209027
171.2 253.2 2062.5 0.2292051911 0.7000559568 0.6763036251 -0.9715487361 0.1219573244 0.2030257732 0.0596492216 -0.7035964727 0.7080917358
232.0 -4.3 2078.3 -0.0976199806 0.6970157623 0.7103797197 -0.9717586637 0.0873278677 -0.2192235440 -0.2148382068 -0.7117182612 0.6688061357
-69.8 -125.7 2070.8 0.9989209771 -0.0457284860 0.0081114741 0.0455249846 0.9986817241 0.0237121955 -0.0091851037 -0.0233173352 0.9996859431
-52.1 -513.4 2079.8 0.9984118342 0.0562907681 -0.0022715989 -0.0540125407 0.9679079056 0.2454320341 0.0160142574 -0.2449195534 0.9694111347
108.7 -132.4 2057.7 0.9989699125 0.0452495441 -0.0034103005 -0.0449309982 0.9968560338 0.0652632639 0.0063527115 -0.0650428087 0.9978622794
91.2 -519.5 2083.0 0.9933534861 -0.1151013598 0.0006962123 0.1136002168 0.9813367724 0.1551551223 -0.0185417831 -0.1540447921 0.9878898859
-135.6 -262.0 2001.0 0 0 0 0 0 0 0 0 0
205.2 -270.7 2019.4 0 0 0 0 0 0 0 0 0
-73.1 -874.5 2171.2 0 0 0 0 0 0 0 0 0
134.1 -885.7 2140.5 0 0 0 0 0 0 0 0 0
43.8 453.9 2083.7 8 0.9964413643 0.0419876091 0.0730862543 -0.0387640297 0.9982355237 -0.0449802876 -0.0748459101 0.0419871025 0.9963107705
35.5 256.6 2075.4 0.9964413643 0.0419876091 0.0730862543 -0.0387640297 0.9982355237 -0.0449802876 -0.0748459101 0.0419871025 0.9963107705
27.5 62.8 2067.6 0.9964530468 0.0415811501 0.0731595159 -0.0384852551 0.9983236194 -0.0432301350 -0.0748344287 0.0402612388 0.9963828921
-100.6 261.8 2085.7 0.2362262160 -0.7235773802 -0.6485621929 0.9714501500 0.1607848108 0.1744500846 -0.0219491888 -0.6712555289 0.7409009933
-163.8 1.8 2091.5 -0.0940195397 -0.7232093215 -0.6841992736 0.9423514009 0.1570395082 -0.2954868376 0.3211451471 -0.6725376248 0.6667525172
171.7 251.3 2065.2 0.2289693803 0.7049130201 0.6713200808 -0.9721900225 0.1307478845 0.1942975670 0.0491892099 -0.6971389055 0.7152466774
232.0 -4.8 2078.2 -0.1022357121 0.7010331750 0.7057622671 -0.9699122906 0.0873353034 -0.2272502184 -0.2209479064 -0.7077605724 0.6710119247
-69.3 -126.3 2071.3 0.9988897443 -0.0470861904 0.0014863977 0.0470569171 0.9987673163 0.0157959331 -0.0022283357 -0.0157084502 0.9998741150
-51.1 -514.0 2077.4 0.9973403811 0.0723008513 -0.0092048859 -0.0679505020 0.9680570960 0.2413467169 0.0263604280 -0.2400793582 0.9703952670
109.1 -132.9 2056.9 0.9987272024 0.0497478545 -0.0083164191 -0.0489873104 0.9959847927 0.0749300420 0.0120106358 -0.0744272694 0.9971541166
89.8 -519.6 2085.8 0.9922126532 -0.1244509295 -0.0050955364 0.1239482388 0.9825171828 0.1389131248 -0.0122814151 -0.1384629458 0.9902914762
-137.6 -261.3 2001.9 0 0 0 0 0 0 0 0 0
203.9 -270.7 2017.6 0 0 0 0 0 0 0 0 0
-78.0 -875.2 2167.0 0 0 0 0 0 0 0 0 0
136.3 -886.3 2137.5 0 0 0 0 0 0 0 0 0
42.8 454.5 2086.4 9 0.9966751337 0.0385060459 0.0718048513 -0.0349489413 0.9981298447 -0.0501538441 -0.0736017972 0.0474775881 0.9961569309
35.2 257.3 2077.0 0.9966751337 0.0385060459 0.0718048513 -0.0349489413 0.9981298447 -0.0501538441 -0.0736017972 0.0474775881 0.9961569309
27.7 63.6 2067.7 0.9966658950 0.0387526453 0.0718007162 -0.0351882018 0.9981160760 -0.0502607375 -0.0736131892 0.0475666262 0.9961518645
-100.9 262.2 2087.0 0.2408373803 -0.7219210267 -0.6487120986 0.9704353809 0.1681703925 0.1731297672 -0.0158918463 -0.6712293029 0.7410794497
-165.7 1.2 2091.3 -0.0935355276 -0.7211548686 -0.6864303946 0.9414695501 0.1602044553 -0.2965968251 0.3238614500 -0.6739956737 0.6639605165
171.4 252.5 2066.9 0.2239401639 0.7067068219 0.6711305380 -0.9737207890 0.1329452097 0.1849146932 0.0414568931 -0.6949036121 0.7179068923
231.3 -8.0 2078.0 -0.1033070907 0.7029848695 0.7036617994 -0.9677624702 0.0923365131 -0.2343283445 -0.2297029644 -0.7051852345 0.6707833409
-69.9 -127.5 2066.5 0.9986498952 -0.0519432053 -0.0005900236 0.0519449078 0.9984631538 0.0193156116 -0.0004141979 -0.0193201825 0.9998132586
-49.7 -515.2 2074.0 0.9965127110 0.0824979246 -0.0125079900 -0.0768284425 0.9656594396 0.2481919527 0.0325537808 -0.2463654727 0.9686301351
108.7 -134.4 2053.1 0.9988404512 0.0472038500 -0.0094629340 -0.0463104621 0.9957912564 0.0790895447 0.0131564373 -0.0785596073 0.9968225956
90.3 -521.0 2083.6 0.9922775626 -0.1238732636 -0.0063746436 0.1234996468 0.9818924069 0.1436493099 -0.0115350941 -0.1433272511 0.9896081090
-139.6 -261.6 2000.9 0 0 0 0 0 0 0 0 0
203.0 -273.3 2015.0 0 0 0 0 0 0 0 0 0
-80.5 -875.5 2166.0 0 0 0 0 0 0 0 0 0
136.6 -887.5 2137.1 0 0 0 0 0 0 0 0 0
43.2 455.0 2087.7 0 0.9958505034 0.0357013270 0.0837089419 -0.0312002804 0.9980275035 -0.0544755720 -0.0854886845 0.0516377836 0.9950001240
36.1 257.8 2077.5 0.9958505034 0.0357013270 0.0837089419 -0.0312002804 0.9980275035 -0.0544755720 -0.0854886845 0.0516377836 0.9950001240
29.1 64.1 2067.4 0.9958412051 0.0359799080 0.0837003589 -0.0314593725 0.9980063438 -0.0547146611 -0.0855021179 0.0518539511 0.9949877262
-99.9 262.1 2089.1 0.2387993932 -0.7289713025 -0.6415416598 0.9710432291 0.1744544506 0.1632197201 -0.0070627034 -0.6619414091 0.7495222688
-163.8 2.4 2091.0 -0.0872953013 -0.7280156016 -0.6799800396 0.9410607815 0.1636432111 -0.2960160375 0.3267783821 -0.6657433510 0.6708216071
172.1 253.5 2065.8 0.2229606211 0.7005714774 0.6778555512 -0.9737651348 0.1276048124 0.1884103268 0.0454972684 -0.7020801902 0.7106429338
231.6 -6.3 2077.9 -0.1055385023 0.6973521113 0.7089158297 -0.9669649005 0.0943787694 -0.2367943525 -0.2320356518 -0.7104876041 0.6643544436
-69.1 -127.0 2065.1 0.9992303848 -0.0376962125 0.0108464062 0.0374672413 0.9990856647 0.0205910746 -0.0116126947 -0.0201688427 0.9997291565
-54.5 -514.8 2072.9 0.9971047640 0.0760233104 0.0015897566 -0.0738749653 0.9635506868 0.2571235597 0.0180155747 -0.2564965785 0.9663771987
109.5 -133.3 2051.9 0.9985968471 0.0528937988 0.0025759647 -0.0529193841 0.9948953390 0.0859231278 0.0019819851 -0.0859388784 0.9962984324
89.0 -519.5 2085.3 0.9906799197 -0.1361272186 0.0047563924 0.1344301403 0.9827634692 0.1269035339 -0.0219494328 -0.1250813901 0.9919036627
-139.4 -260.3 1999.8 0 0 0 0 0 0 0 0 0
202.7 -271.4 2014.3 0 0 0 0 0 0 0 0 0
-82.8 -874.4 2168.7 0 0 0 0 0 0 0 0 0
139.8 -886.3 2132.0 0 0 0 0 0 0 0 0 0
43.1 456.9 2088.8 1 0.9959287047 0.0372599028 0.0820833594 -0.0329132155 0.9980152845 -0.0536861047 -0.0839207917 0.0507659055 0.9951784611
35.7 259.6 2078.8 0.9959287047 0.0372599028 0.0820833594 -0.0329132155 0.9980152845 -0.0536861047 -0.0839207917 0.0507659055 0.9951784611
28.4 65.9 2068.9 0.9959257245 0.0373578221 0.0820754990 -0.0329940058 0.9980012774 -0.0538964421 -0.0839249045 0.0509688519 0.9951677322
-100.4 264.1 2090.2 0.2349191308 -0.7280306220 -0.6440375447 0.9720082283 0.1734880507 0.1584359407 -0.0036134000 -0.6632294059 0.7484074235
-164.1 0.3 2091.2 -0.0903487355 -0.7272934914 -0.6803537607 0.9389259815 0.1655639261 -0.3016729653 0.3320468366 -0.6660575867 0.6679162979
171.8 255.1 2067.3 0.2207961977 0.7008913159 0.6782332659 -0.9745056033 0.1301259696 0.1827733517 0.0398484990 -0.7012977600 0.7117538452
231.1 -6.6 2078.0 -0.0913657695 0.6985245943 0.7097292542 -0.9690012336 0.1019196883 -0.2250533551 -0.2295406908 -0.7082906961 0.6675592661
-67.1 -126.8 2065.0 0.9993565679 -0.0345221758 0.0097323889 0.0344248973 0.9993573427 0.0099918908 -0.0100710755 -0.0096504241 0.9999027252
-53.7 -514.8 2068.7 0.9960258603 0.0890602991 0.0008480953 -0.0862625465 0.9622794390 0.2580253780 0.0221637134 -0.2570731044 0.9661377668
111.3 -132.4 2049.7 0.9983361959 0.0576480329 0.0012615150 -0.0575323515 0.9943906069 0.0887541845 0.0038620653 -0.0886790901 0.9960527420
89.0 -518.5 2084.1 0.9918906689 -0.1270246357 0.0042027254 0.1252043396 0.9822887778 0.1394007802 -0.0218356233 -0.1377441287 0.9902271032
-138.9 -261.8 1998.5 0 0 0 0 0 0 0 0 0
206.0 -272.3 2015.1 0 0 0 0 0 0 0 0 0
-86.9 -873.9 2164.7 0 0 0 0 0 0 0 0 0
136.4 -885.1 2135.5 0 0 0 0 0 0 0 0 0
43.6 456.6 2088.9 2 0.9953833222 0.0404876098 0.0870215818 -0.0358560495 0.9978892207 -0.0541433170 -0.0890300274 0.0507731065 0.9947339892
35.6 259.4 2078.9 0.9953833222 0.0404876098 0.0870215818 -0.0358560495 0.9978892207 -0.0541433170 -0.0890300274 0.0507731065 0.9947339892
27.8 65.7 2068.8 0.9954040647 0.0400622487 0.0869813710 -0.0353425443 0.9978529811 -0.0551396050 -0.0890036300 0.0518120453 0.9946827888
-100.4 264.2 2091.0 0.2459245324 -0.7292020917 -0.6385807991 0.9692844152 0.1829925776 0.1643210202 -0.0029676752 -0.6593770385 0.7518065572
-167.0 1.9 2091.8 -0.1085357517 -0.7267390490 -0.6782848835 0.9335614443 0.1599420756 -0.3207515776 0.3415890038 -0.6680335999 0.6610960960
171.6 254.5 2066.7 0.2254767418 0.6973711848 0.6803187728 -0.9732955098 0.1303601414 0.1889497936 0.0430816934 -0.7047550082 0.7081414461
231.5 -4.2 2078.1 -0.0880915672 0.6955054402 0.7131003141 -0.9684304595 0.1077976152 -0.2247711718 -0.2332000881 -0.7103885412 0.6640526056
-68.0 -124.9 2066.5 0.9994438887 -0.0298291035 0.0149030220 0.0297388379 0.9995381832 0.0062423311 -0.0150823435 -0.0057956614 0.9998694658
-56.5 -512.9 2068.8 0.9978170991 0.0656449199 0.0071968809 -0.0653644651 0.9662258625 0.2492691875 0.0094094435 -0.2491954714 0.9684075117
110.4 -130.8 2051.5 0.9985650778 0.0532410108 0.0057604308 -0.0535220616 0.9958012700 0.0742641836 -0.0017823444 -0.0744659305 0.9972219467
89.7 -517.4 2080.4 0.9928733110 -0.1187570766 0.0099669583 0.1158489808 0.9814049006 0.1530471742 -0.0279570557 -0.1508017927 0.9881685972
-136.7 -258.7 1996.5 0 0 0 0 0 0 0 0 0
207.4 -269.7 2014.2 0 0 0 0 0 0 0 0 0
-81.0 -873.5 2161.7 0 0 0 0 0 0 0 0 0
134.1 -883.7 2136.7 0 0 0 0 0 0 0 0 0
42.7 455.3 2089.9 3 0.9965056777 0.0337597504 0.0763982981 -0.0292811394 0.9978283644 -0.0590015203 -0.0782242641 0.0565583222 0.9953301549
36.0 257.9 2078.7 0.9965056777 0.0337597504 0.0763982981 -0.0292811394 0.9978283644 -0.0590015203 -0.0782242641 0.0565583222 0.9953301549
29.7 64.2 2067.6 0.9965517521 0.0324287042 0.0763740614 -0.0278923474 0.9978246689 -0.0597322658 -0.0781449601 0.0573960431 0.9952884316
-100.1 261.7 2089.4 0.2483310848 -0.7236135006 -0.6439838409 0.9686353803 0.1794696748 0.1718608141 -0.0087852320 -0.6664639115 0.7454855442
-167.0 1.1 2091.8 -0.1108366400 -0.7220793962 -0.6828737855 0.9305026531 0.1659683883 -0.3265261352 0.3491132557 -0.6716068983 0.6535013914
172.2 254.1 2068.1 0.2242101878 0.7048037052 0.6730390191 -0.9738613963 0.1362560093 0.1817367226 0.0363831036 -0.6961939335 0.7169311047
231.6 -4.2 2077.7 -0.0855357721 0.7024992704 0.7065256238 -0.9689664245 0.1064131409 -0.2231149822 -0.2319217175 -0.7036839128 0.6715960503
-69.2 -124.9 2066.7 0.9991623759 -0.0407120548 0.0041393847 0.0407417491 0.9991425872 -0.0073623513 -0.0038360993 0.0075248303 0.9999643564
-53.4 -512.7 2063.8 0.9961833954 0.0869472846 -0.0076662148 -0.0813845694 0.9569997787 0.2784385383 0.0315460376 -0.2767519355 0.9604234695
109.2 -131.2 2050.8 0.9988231063 0.0482054055 -0.0053516426 -0.0476412475 0.9958055615 0.0781129152 0.0090946602 -0.0777660236 0.9969301820
90.5 -517.8 2081.0 0.9931220412 -0.1170706898 -0.0017511606 0.1159754321 0.9815577269 0.1519674063 -0.0160720628 -0.1511252671 0.9883839488
-136.0 -258.7 1994.3 0 0 0 0 0 0 0 0 0
208.2 -269.9 2014.1 0 0 0 0 0 0 0 0 0
-85.8 -869.7 2167.0 0 0 0 0 0 0 0 0 0
134.2 -884.2 2137.4 0 0 0 0 0 0 0 0 0
42.9 455.3 2094.9 4 0.9966518283 0.0293237288 0.0763234049 -0.0237724390 0.9970739484 -0.0726524368 -0.0782305226 0.0705947950 0.9944326878
37.1 258.2 2081.0 0.9966518283 0.0293237288 0.0763234049 -0.0237724390 0.9970739484 -0.0726524368 -0.0782305226 0.0705947950 0.9944326878
31.5 64.6 2067.5 0.9966620803 0.0288959090 0.0763524249 -0.0234205630 0.9971542358 -0.0716583729 -0.0782057792 0.0696309730 0.9945026040
-99.1 261.4 2091.7 0.2427896857 -0.7245689631 -0.6450217366 0.9700753689 0.1831567734 0.1593970954 0.0026459161 -0.6644196510 0.7473550439
-164.5 0.2 2091.0 -0.0984011889 -0.7234399319 -0.6833387613 0.9329069853 0.1719712615 -0.3164024055 0.3464127481 -0.6686258912 0.6579799652
173.2 255.0 2070.3 0.2197938859 0.7062709332 0.6729576588 -0.9751526713 0.1394665837 0.1721228808 0.0277102869 -0.6940680146 0.7193759084
231.7 -4.6 2077.7 -0.0849464908 0.7039089799 0.7051923871 -0.9683216214 0.1084709540 -0.2249162197 -0.2348134220 -0.7019588351 0.6723960638
-65.8 -127.0 2063.5 0.9995927215 -0.0283421632 0.0033409828 0.0283532534 0.9995924234 -0.0033201415 -0.0032455213 0.0034135170 0.9999889135
-54.8 -515.0 2062.2 0.9976211786 0.0687469617 -0.0050862534 -0.0643503442 0.9551939964 0.2889004350 0.0247193854 -0.2878858745 0.9573456645
112.7 -132.0 2049.5 0.9983588457 0.0570272915 -0.0052439068 -0.0564467534 0.9953604937 0.0779181942 0.0096630407 -0.0774943233 0.9969459772
90.6 -518.4 2079.6 0.9923785329 -0.1232250482 -0.0006821450 0.1218031868 0.9800585508 0.1570006460 -0.0186778717 -0.1558871567 0.9875982404
-137.0 -260.3 1994.2 0 0 0 0 0 0 0 0 0
208.5 -270.1 2013.3 0 0 0 0 0 0 0 0 0
-80.5 -871.3 2169.6 0 0 0 0 0 0 0 0 0
136.6 -884.2 2137.8 0 0 0 0 0 0 0 0 0
42.4 454.8 2092.0 5 0.9950569272 0.0276856050 0.0953688249 -0.0217461847 0.9977914095 -0.0627644062 -0.0968958661 0.0603802502 0.9934613109
36.9 256.8 2080.0 0.9950569272 0.0276856050 0.0953688249 -0.0217461847 0.9977914095 -0.0627644062 -0.0968958661 0.0603802502 0.9934613109
31.6 63.2 2067.8 0.9950764775 0.0272110552 0.0953017101 -0.0210366528 0.9976502061 -0.0652038231 -0.0968520418 0.0628779605 0.9933106303
-99.1 259.7 2093.2 0.2428516299 -0.7343621254 -0.6338259578 0.9700261950 0.1895632297 0.1520360261 0.0085005919 -0.6517499685 0.7583862543
-164.4 -1.4 2090.9 -0.0939496756 -0.7327383757 -0.6739940047 0.9325860739 0.1722115278 -0.3172166944 0.3485063910 -0.6583598256 0.6671623588
172.8 253.9 2066.8 0.2191658914 0.6951023340 0.6846889853 -0.9748132825 0.1262971908 0.1838153452 0.0412961841 -0.7077299953 0.7052750587
231.1 -5.4 2077.7 -0.0820831731 0.6945816875 0.7147157788 -0.9663337469 0.1199958548 -0.2275962830 -0.2438471466 -0.7093358040 0.6613480449
-63.4 -126.8 2061.0 0.9995321631 -0.0211715735 0.0220732484 0.0210025273 0.9997485280 0.0078623556 -0.0222341549 -0.0073950836 0.9997254610
-55.2 -514.9 2063.8 0.9966702461 0.0799703747 0.0159123465 -0.0813317969 0.9611598849 0.2637363672 0.0057967864 -0.2641523480 0.9644635320
115.1 -131.0 2047.0 0.9979941845 0.0619263947 0.0131412838 -0.0627914071 0.9947271347 0.0810875595 -0.0080505311 -0.0817500800 0.9966203570
91.1 -517.2 2078.7 0.9930811524 -0.1160152406 0.0181748495 0.1115621477 0.9804012775 0.1623797864 -0.0366571769 -0.1592286676 0.9865609407
-138.2 -261.8 1993.6 0 0 0 0 0 0 0 0 0
208.6 -270.3 2010.9 0 0 0 0 0 0 0 0 0
-85.1 -873.5 2162.4 0 0 0 0 0 0 0 0 0
134.4 -883.2 2138.1 0 0 0 0 0 0 0 0 0
43.2 457.1 2096.5 6 0.9970151782 0.0316244327 0.0704314336 -0.0267127678 0.9972159266 -0.0696188211 -0.0724370033 0.0675296038 0.9950842261
36.9 259.7 2083.1 0.9970151782 0.0316244327 0.0704314336 -0.0267127678 0.9972159266 -0.0696188211 -0.0724370033 0.0675296038 0.9950842261
30.9 66.1 2069.3 0.9970377684 0.0311413407 0.0703267083 -0.0259947702 0.9969970584 -0.0729460791 -0.0723871663 0.0709018707 0.9948532581
-99.3 263.2 2093.0 0.2318724990 -0.7220825553 -0.6517913342 0.9727124572 0.1776945442 0.1491814107 0.0080984822 -0.6685966253 0.7435811758
-162.1 -0.3 2090.8 -0.0778750181 -0.7226721644 -0.6867899299 0.9358183742 0.1845525354 -0.3003070652 0.3437723815 -0.6660970449 0.6619178653
173.1 256.1 2073.2 0.2179177701 0.7087711096 0.6709361672 -0.9758380055 0.1470544040 0.1616018564 0.0158746168 -0.6899409294 0.7236915827
231.5 -5.4 2077.5 -0.0839513987 0.7065381408 0.7026777864 -0.9651854634 0.1176524013 -0.2336128652 -0.2477281243 -0.6978265047 0.6720632315
-62.8 -128.6 2064.2 0.9998252392 -0.0185325071 -0.0024644744 0.0185082890 0.9997834563 -0.0095113767 0.0026402103 0.0094641009 0.9999517202
-55.6 -516.7 2060.6 0.9960743189 0.0881967396 -0.0075662220 -0.0828418285 0.9588834643 0.2714401782 0.0311952643 -0.2697477937 0.9624255896
115.5 -132.4 2046.9 0.9979954958 0.0624436326 -0.0102824774 -0.0613350235 0.9944168925 0.0858666897 0.0155868968 -0.0850638971 0.9962535501
91.2 -518.4 2079.9 0.9932484031 -0.1158404574 -0.0062085129 0.1154545248 0.9818882942 0.1502185315 -0.0113053164 -0.1499211192 0.9886333346
-140.4 -261.6 1994.8 0 0 0 0 0 0 0 0 0
208.4 -270.0 2009.5 0 0 0 0 0 0 0 0 0
-88.5 -874.5 2161.2 0 0 0 0 0 0 0 0 0
134.5 -885.0 2135.9 0 0 0 0 0 0 0 0 0
43.3 455.5 2092.2 7 0.9968979955 0.0330645107 0.0714223906 -0.0291309003 0.9980373979 -0.0554319546 -0.0731150508 0.0531794056 0.9959046841
36.8 257.5 2081.7 0.9968979955 0.0330645107 0.0714223906 -0.0291309003 0.9980373979 -0.0554319546 -0.0731150508 0.0531794056 0.9959046841
30.4 63.9 2070.0 0.9969212413 0.0328646787 0.0711898357 -0.0284273755 0.9976418018 -0.0624713376 -0.0730750635 0.0602552630 0.9955045581
-99.4 261.4 2091.6 0.2372573167 -0.7209146023 -0.6511459947 0.9714423418 0.1781051159 0.1567747146 0.0029512611 -0.6697467566 0.7425836921
-162.8 1.9 2090.9 -0.0787451193 -0.7214002013 -0.6880268455 0.9361492395 0.1837269813 -0.2997816801 0.3426716626 -0.6677021384 0.6608706117
172.9 253.6 2071.7 0.2227376848 0.7065286636 0.6717180610 -0.9746516943 0.1465281993 0.1690669060 0.0210249815 -0.6923487186 0.7212566733
231.6 -3.1 2077.2 -0.0836748034 0.7042642832 0.7049895525 -0.9659468532 0.1165008247 -0.2310286462 -0.2448370904 -0.7003137469 0.6705337167
-64.4 -125.1 2062.0 0.9997195005 -0.0236480329 -0.0012869959 0.0236356165 0.9996807575 -0.0089321798 0.0014978136 0.0088992547 0.9999592900
-55.3 -513.1 2058.6 0.9956223965 0.0931247026 -0.0079924390 -0.0872730240 0.9568486810 0.2771713734 0.0334590562 -0.2752605081 0.9607872367
114.1 -129.7 2049.1 0.9978785515 0.0642385706 -0.0105751697 -0.0632780790 0.9952148795 0.0744525567 0.0153072923 -0.0736254305 0.9971684813
89.2 -516.1 2077.6 0.9913682342 -0.1309605986 -0.0061926353 0.1305102855 0.9812542200 0.1417998672 -0.0124936458 -0.1413840950 0.9898759723
-140.8 -259.5 1995.2 0 0 0 0 0 0 0 0 0
208.7 -267.9 2010.1 0 0 0 0 0 0 0 0 0
-90.0 -870.3 2161.3 0 0 0 0 0 0 0 0 0
138.1 -882.3 2130.4 0 0 0 0 0 0 0 0 0
43.6 456.4 2096.6 8 0.9970481992 0.0339873470 0.0688458309 -0.0293776393 0.9973272681 -0.0668971241 -0.0709354803 0.0646771267 0.9953818321
36.9 258.8 2083.8 0.9970481992 0.0339873470 0.0688458309 -0.0293776393 0.9973272681 -0.0668971241 -0.0709354803 0.0646771267 0.9953818321
30.2 65.3 2070.4 0.9970461130 0.0343323201 0.0687043965 -0.0294378735 0.9970399737 -0.0710257068 -0.0709395111 0.0687934011 0.9951055646
-99.3 262.9 2093.5 0.2401038259 -0.7185345888 -0.6527313590 0.9706559777 0.1869233102 0.1512832940 0.0133084226 -0.6699012518 0.7423309088
-164.7 -1.5 2089.8 -0.0838205591 -0.7181313634 -0.6908411384 0.9353789091 0.1823289841 -0.3030221164 0.3435700536 -0.6715977192 0.6564420462
173.1 254.8 2074.1 0.2163547426 0.7086709142 0.6715475917 -0.9762654901 0.1501204222 0.1561076045 0.0098159052 -0.6893833876 0.7243301868
231.0 -6.5 2076.7 -0.0823395178 0.7063352466 0.7030723691 -0.9655238390 0.1182707772 -0.2318958789 -0.2469491363 -0.6979273558 0.6722451448
-65.3 -127.2 2064.8 0.9996742606 -0.0252616089 -0.0036351664 0.0251840837 0.9994829297 -0.0199901108 0.0041382695 0.0198920518 0.9997935891
-55.5 -515.2 2057.1 0.9965134263 0.0826825574 -0.0111602386 -0.0760689899 0.9553452134 0.2855328619 0.0342704691 -0.2836883962 0.9583039284
113.3 -132.3 2051.7 0.9982107878 0.0583604127 -0.0130098267 -0.0574254096 0.9963384271 0.0633409321 0.0166587923 -0.0624805056 0.9979071617
90.7 -519.1 2076.0 0.9911674857 -0.1323821992 -0.0078737754 0.1320598572 0.9798360467 0.1499381810 -0.0121341376 -0.1496536583 0.9886640310
-141.3 -262.7 1993.9 0 0 0 0 0 0 0 0 0
208.5 -271.3 2009.0 0 0 0 0 0 0 0 0 0
-86.3 -871.8 2163.0 0 0 0 0 0 0 0 0 0
140.1 -884.8 2131.8 0 0 0 0 0 0 0 0 0
43.5 457.5 2098.8 9 0.9969142079 0.0359885581 0.0697631314 -0.0309203137 0.9968951344 -0.0724153295 -0.0721526444 0.0700347722 0.9949316978
36.4 260.4 2084.9 0.9969142079 0.0359885581 0.0697631314 -0.0309203137 0.9968951344 -0.0724153295 -0.0721526444 0.0700347722 0.9949316978
29.2 66.9 2070.8 0.9968811274 0.0370931290 0.0696571991 -0.0318226889 0.9966526628 -0.0753048882 -0.0722173229 0.0728533417 0.9947246313
-99.8 264.7 2094.8 0.2386461049 -0.7199618816 -0.6516923308 0.9709985852 0.1869184077 0.1490747929 0.0144851198 -0.6683684587 0.7436892986
-164.8 0.1 2090.8 -0.0952499285 -0.7192973495 -0.6881415248 0.9310451746 0.1802465916 -0.3172790408 0.3522531390 -0.6709116697 0.6525298953
172.6 256.0 2075.1 0.2198350579 0.7075142264 0.6716368794 -0.9755119681 0.1544968486 0.1565473974 0.0069937324 -0.6896044612 0.7241524458
231.4 -4.8 2076.9 -0.0839169845 0.7050126195 0.7042124271 -0.9642254710 0.1208795011 -0.2359181046 -0.2514500916 -0.6988171339 0.6696472764
-65.7 -125.6 2063.4 0.9997687340 -0.0213720631 -0.0024008420 0.0212892778 0.9993110895 -0.0303997993 0.0030488945 0.0303416550 0.9995349646
-57.4 -513.5 2051.6 0.9978208542 0.0653112605 -0.0093792137 -0.0593763888 0.9508096576 0.3040319085 0.0287745558 -0.3028124869 0.9526156783
112.9 -130.9 2050.7 0.9984361529 0.0548032299 -0.0110371253 -0.0538926013 0.9960520864 0.0705392435 0.0148593299 -0.0698341131 0.9974479675
91.6 -517.6 2077.8 0.9929419756 -0.1183850095 -0.0071544652 0.1182124391 0.9830075502 0.1404350847 -0.0095925145 -0.1402896345 0.9900640249
-138.2 -259.9 1992.5 0 0 0 0 0 0 0 0 0
208.4 -269.2 2008.0 0 0 0 0 0 0 0 0 0
-81.8 -868.3 2164.6 0 0 0 0 0 0 0 0 0
135.8 -884.4 2130.2 0 0 0 0 0 0 0 0 0
43.6 456.4 2100.4 0 0.9951120615 0.0374945439 0.0913574398 -0.0304843131 0.9965683222 -0.0769566968 -0.0939293876 0.0737955645 0.9928401113
36.2 259.3 2085.8 0.9951120615 0.0374945439 0.0913574398 -0.0304843131 0.9965683222 -0.0769566968 -0.0939293876 0.0737955645 0.9928401113
28.8 65.9 2071.2 0.9950897694 0.0381916501 0.0913110748 -0.0310703311 0.9964551330 -0.0781777650 -0.0939731225 0.0749568343 0.9927489758
-99.7 263.6 2098.6 0.2427807450 -0.7324676514 -0.6360414028 0.9698884487 0.1963469386 0.1440982521 0.0193374697 -0.6518734694 0.7580811977
-165.6 0.3 2093.4 -0.0960921794 -0.7309796810 -0.6755997539 0.9272454977 0.1810500026 -0.3277752995 0.3619144261 -0.6579434872 0.6604000926
172.1 255.1 2072.9 0.2207077146 0.6945155263 0.6847892404 -0.9752379656 0.1469885856 0.1652430892 0.0141076911 -0.7043029070 0.7097594142
230.9 -4.6 2076.7 -0.0816036835 0.6929479241 0.7163546681 -0.9643408060 0.1266686767 -0.2323828787 -0.2517689466 -0.7097733617 0.6579013467
-67.3 -123.7 2063.1 0.9994865656 -0.0253933072 0.0195395965 0.0261837542 0.9988027811 -0.0413214713 -0.0184669141 0.0418118723 0.9989548326
-57.4 -511.4 2046.9 0.9980142713 0.0623149015 0.0091848066 -0.0619972572 0.9460514784 0.3180297911 0.0111286948 -0.3179676831 0.9480362535
111.3 -129.4 2050.2 0.9986220002 0.0513571166 0.0107970741 -0.0519953966 0.9961272478 0.0709010735 -0.0071139857 -0.0713647678 0.9974249005
91.4 -516.1 2077.9 0.9923511744 -0.1226279140 0.0141982995 0.1195474043 0.9833056927 0.1371799707 -0.0307833627 -0.1344333291 0.9904443622
-138.8 -258.6 1992.3 0 0 0 0 0 0 0 0 0
208.5 -269.0 2007.7 0 0 0 0 0 0 0 0 0
-80.7 -864.5 2165.5 0 0 0 0 0 0 0 0 0
137.2 -883.2 2128.1 0 0 0 0 0 0 0 0 0
43.2 457.2 2100.7 1 0.9954873919 0.0369719677 0.0873952881 -0.0303380433 0.9966421127 -0.0760530606 -0.0899136513 0.0730584636 0.9932663441
35.9 260.0 2086.2 0.9954873919 0.0369719677 0.0873952881 -0.0303380433 0.9966421127 -0.0760530606 -0.0899136513 0.0730584636 0.9932663441
28.6 66.6 2071.8 0.9954712391 0.0374916755 0.0873576626 -0.0307699442 0.9965515137 -0.0770601258 -0.0899455249 0.0740231499 0.9931920171
-100.1 264.2 2098.5 0.2388533205 -0.7308669090 -0.6393611431 0.9708998799 0.1915385574 0.1437582821 0.0173941310 -0.6550927758 0.7553482056
-164.9 0.9 2093.8 -0.0798161328 -0.7302551866 -0.6784959435 0.9334101081 0.1841204464 -0.3079695702 0.3498213589 -0.6578959227 0.6669318080
171.9 255.8 2073.9 0.2189386338 0.6963528991 0.6834899783 -0.9757069945 0.1506023109 0.1591063440 0.0078589870 -0.7017204762 0.7124090195
230.6 -5.9 2076.0 -0.0811599493 0.6945775151 0.7148252726 -0.9641476870 0.1270872355 -0.2329549938 -0.2526504695 -0.7081037164 0.6593609452
-67.8 -124.7 2065.1 0.9995948672 -0.0237272382 0.0157207362 0.0244456995 0.9985859990 -0.0472056419 -0.0145784477 0.0475708209 0.9987614751
-58.6 -512.4 2046.6 0.9981269240 0.0608824864 0.0059981975 -0.0596013218 0.9456191659 0.3197687566 0.0137963081 -0.3195273280 0.9474766254
110.5 -130.3 2048.3 0.9987152219 0.0501628444 0.0071865455 -0.0505783595 0.9954904914 0.0802526176 -0.0031284383 -0.0805129930 0.9967486262
91.0 -516.8 2079.5 0.9921643734 -0.1245764494 0.0095190583 0.1223835722 0.9843740463 0.1266096532 -0.0251428951 -0.1244526133 0.9919069409
-142.6 -259.7 1996.1 0 0 0 0 0 0 0 0 0
208.3 -270.2 2006.8 0 0 0 0 0 0 0 0 0
-81.3 -865.4 2165.9 0 0 0 0 0 0 0 0 0
137.5 -884.2 2126.0 0 0 0 0 0 0 0 0 0
43.6 453.7 2100.3 2 0.9962128997 0.0307342131 0.0813342854 -0.0245247670 0.9967854023 -0.0762719661 -0.0834169909 0.0739884079 0.9937642217
37.5 256.7 2085.7 0.9962128997 0.0307342131 0.0813342854 -0.0245247670 0.9967854023 -0.0762719661 -0.0834169909 0.0739884079 0.9937642217
31.5 63.2 2071.2 0.9962061644 0.0310162976 0.0813099593 -0.0247428939 0.9967195988 -0.0770573243 -0.0834332630 0.0747531354 0.9937056303
-98.6 260.0 2097.1 0.2500945032 -0.7264405489 -0.6401069164 0.9681948423 0.1925382763 0.1597742438 0.0071785874 -0.6597068310 0.7514887452
-165.7 0.2 2095.2 -0.0715766996 -0.7261847258 -0.6837635040 0.9353911877 0.1891331226 -0.2987842858 0.3462949097 -0.6609723568 0.6657292247
173.6 253.3 2074.3 0.2184223533 0.7011595964 0.6787244678 -0.9758076668 0.1501277983 0.1589373350 0.0095450263 -0.6970199943 0.7169881463
231.2 -4.0 2076.8 -0.0900737718 0.6988508701 0.7095732093 -0.9623452425 0.1224015951 -0.2427128255 -0.2564729750 -0.7047164440 0.6615106463
-67.9 -124.1 2065.5 0.9995914102 -0.0269447435 0.0095382873 0.0273921434 0.9983543754 -0.0503812246 -0.0081650810 0.0506219156 0.9986845255
-57.4 -511.7 2045.9 0.9971639514 0.0752516687 -0.0010912082 -0.0708927885 0.9440738559 0.3220229745 0.0252629463 -0.3210323453 0.9467312098
110.5 -129.6 2049.4 0.9988200068 0.0485639349 0.0003015282 -0.0484232083 0.9954134226 0.0825063288 0.0037066869 -0.0824235752 0.9965904951
91.6 -516.1 2081.4 0.9922341108 -0.1243691444 0.0019550298 0.1232989281 0.9855248332 0.1163538396 -0.0163975582 -0.1152091920 0.9932059050
-145.7 -261.0 1998.5 0 0 0 0 0 0 0 0 0
206.5 -267.9 2006.5 0 0 0 0 0 0 0 0 0
-85.5 -864.1 2165.7 0 0 0 0 0 0 0 0 0
138.1 -884.0 2124.4 0 0 0 0 0 0 0 0 0
43.4 455.3 2101.6 3 0.9961246252 0.0290731471 0.0830089301 -0.0227584764 0.9968457818 -0.0760299489 -0.0849575326 0.0738461465 0.9936442971
37.6 258.0 2087.0 0.9961246252 0.0290731471 0.0830089301 -0.0227584764 0.9968457818 -0.0760299489 -0.0849575326 0.0738461465 0.9936442971
32.3 64.5 2072.5 0.9961656332 0.0277034603 0.0829849616 -0.0213177204 0.9968130589 -0.0768716484 -0.0848501027 0.0748078451 0.9935815334
-98.5 260.9 2098.6 0.2429585457 -0.7277063131 -0.6414161325 0.9699437022 0.1914003491 0.1502501369 0.0134292999 -0.6586421132 0.7523365021
-164.8 -3.8 2095.0 -0.0530095361 -0.7276216745 -0.6839274168 0.9424904585 0.1898787171 -0.2750596702 0.3300026357 -0.6591758132 0.6757110953
173.7 255.1 2075.4 0.2151834667 0.7000951767 0.6808544993 -0.9765602350 0.1506091356 0.1537757367 0.0051147393 -0.6979854107 0.7160937190
231.4 -6.4 2076.8 -0.0946069285 0.6976271868 0.7101871967 -0.9608721137 0.1225657165 -0.2483997643 -0.2603350282 -0.7058994174 0.6587349176
-63.8 -128.1 2064.2 0.9998030663 -0.0164922606 0.0110351518 0.0169877149 0.9987774491 -0.0464217998 -0.0102560604 0.0466001220 0.9988609552
-57.4 -515.8 2046.1 0.9974496365 0.0712270439 0.0045722751 -0.0692116916 0.9496018887 0.3057221472 0.0174338426 -0.3052588999 0.9521098137
114.7 -132.5 2049.2 0.9983828068 0.0568323545 0.0013607386 -0.0567557551 0.9950981736 0.0809837058 0.0032484261 -0.0809299722 0.9967144728
92.6 -518.8 2080.6 0.9924467206 -0.1226165593 0.0038315621 0.1211959049 0.9848288298 0.1241921484 -0.0190014467 -0.1227897182 0.9922508001
-150.0 -266.9 2002.8 0 0 0 0 0 0 0 0 0
205.4 -269.9 2005.4 0 0 0 0 0 0 0 0 0
-84.0 -870.2 2160.0 0 0 0 0 0 0 0 0 0
138.4 -886.5 2126.5 0 0 0 0 0 0 0 0 0
43.6 453.5 2101.8 4 0.9962065816 0.0187769514 0.0849699527 -0.0133478092 0.9978594780 -0.0640177354 -0.0859901309 0.0626407266 0.9943248034
39.8 256.0 2089.4 0.9962065816 0.0187769514 0.0849699527 -0.0133478092 0.9978594780 -0.0640177354 -0.0859901309 0.0626407266 0.9943248034
36.3 62.3 2076.7 0.9962168932 0.0184621271 0.0849176198 -0.0127933640 0.9976828694 -0.0668222010 -0.0859545320 0.0654830262 0.9941447377
-96.3 257.7 2101.2 0.2488108873 -0.7285621762 -0.6381930113 0.9685482979 0.1853126884 0.1660525054 -0.0027143129 -0.6594364047 0.7517554760
-162.2 1.2 2101.9 -0.0348152071 -0.7287917733 -0.6838496923 0.9486384988 0.1911920309 -0.2520528138 0.3144406378 -0.6575013995 0.6847035885
175.9 254.3 2077.7 0.2108210027 0.7003398538 0.6819667220 -0.9773852229 0.1392363012 0.1591582298 0.0165103301 -0.7000980973 0.7138558030
232.0 -5.6 2082.0 -0.1047473475 0.6981003284 0.7082965374 -0.9592397809 0.1170424968 -0.2572160363 -0.2624633908 -0.7063689232 0.6573857069
-62.4 -127.1 2065.6 0.9998091459 -0.0145451520 0.0130424984 0.0152335623 0.9984064698 -0.0543362536 -0.0122313863 0.0545245670 0.9984375238
-56.7 -514.7 2044.4 0.9981893897 0.0597344711 0.0070554912 -0.0590703450 0.9513883591 0.3022761345 0.0113437939 -0.3021456003 0.9531942606
116.1 -130.9 2050.4 0.9985752106 0.0533557460 0.0008703520 -0.0532814562 0.9960191250 0.0714630783 0.0029460788 -0.0714076310 0.9974428415
95.4 -517.6 2078.1 0.9937350750 -0.1116743609 0.0044137919 0.1100118384 0.9843751192 0.1374882758 -0.0196987409 -0.1361413449 0.9904935360
-152.5 -263.6 2014.1 0 0 0 0 0 0 0 0 0
203.3 -268.5 2010.1 0 0 0 0 0 0 0 0 0
-79.0 -869.8 2157.2 0 0 0 0 0 0 0 0 0
137.1 -885.0 2128.9 0 0 0 0 0 0 0 0 0
43.1 452.9 2101.4 5 0.9960051775 0.0080015827 0.0889361948 -0.0032631534 0.9985733628 -0.0532971919 -0.0892357826 0.0527940653 0.9946103692
41.6 255.1 2090.9 0.9960051775 0.0080015827 0.0889361948 -0.0032631534 0.9985733628 -0.0532971919 -0.0892357826 0.0527940653 0.9946103692
40.0 61.4 2079.8 0.9960095882 0.0078631043 0.0888989195 -0.0027054418 0.9983135462 -0.0579894260 -0.0892049745 0.0575175174 0.9943511486
-94.5 255.5 2103.1 0.2297769934 -0.7339169383 -0.6391935945 0.9731999636 0.1670679748 0.1580193341 -0.0091842888 -0.6583724022 0.7526363134
-155.1 -1.2 2105.6 -0.0023678592 -0.7348672152 -0.6782069206 0.9487934113 0.2125878930 -0.2336609811 0.3158883750 -0.6440315247 0.6967337728
177.6 254.8 2078.7 0.2086684257 0.6986699104 0.6843374968 -0.9776734710 0.1313227713 0.1640393883 0.0247402880 -0.7032884359 0.7104739547
233.0 -4.7 2085.3 -0.0789764822 0.6984452605 0.7112924457 -0.9638838768 0.1285457909 -0.2332463264 -0.2543434501 -0.7040243149 0.6630679965
-56.6 -130.2 2071.7 0.9998504519 0.0006769502 0.0172801837 0.0006491438 0.9970601797 -0.0766199529 -0.0172812492 0.0766197070 0.9969106317
-56.8 -517.1 2042.0 0.9980599880 0.0601173304 0.0161922667 -0.0621526614 0.9468055367 0.3157473207 0.0036509575 -0.3161411285 0.9487051368
121.9 -132.5 2056.3 0.9981662631 0.0604710057 0.0027137839 -0.0605172366 0.9959360361 0.0667017400 0.0013307661 -0.0667436570 0.9977692962
98.5 -519.1 2082.2 0.9955712557 -0.0938545987 0.0054012216 0.0926799923 0.9894960523 0.1109411046 -0.0157568213 -0.1099491864 0.9938123226
-154.4 -265.9 2017.4 0 0 0 0 0 0 0 0 0
211.4 -268.8 2015.6 0 0 0 0 0 0 0 0 0
-79.3 -870.5 2159.9 0 0 0 0 0 0 0 0 0
133.5 -888.3 2123.2 0 0 0 0 0 0 0 0 0
44.4 450.6 2102.2 6 0.9973809123 -0.0006462535 0.0723246261 0.0041393097 0.9988311529 -0.0481574610 -0.0722089708 0.0483307056 0.9962178469
44.5 252.9 2092.6 0.9973809123 -0.0006462535 0.0723246261 0.0041393097 0.9988311529 -0.0481574610 -0.0722089708 0.0483307056 0.9962178469
44.9 59.0 2082.3 0.9973791838 -0.0017661512 0.0723302513 0.0055984478 0.9985886216 -0.0528149195 -0.0721348897 0.0530814379 0.9959813952
-91.7 252.1 2102.5 0.2281726748 -0.7249703407 -0.6498886347 0.9733198881 0.1532575935 0.1707643270 -0.0241987035 -0.6715133190 0.7405972481
-151.6 -3.5 2108.8 0.0073554758 -0.7264965773 -0.6871307492 0.9470871687 0.2255680859 -0.2283527106 0.3208922446 -0.6490930319 0.6897147298
180.8 253.6 2082.7 0.2017846256 0.7106087804 0.6740312576 -0.9791174531 0.1289726496 0.1571466476 0.0247381870 -0.6916655302 0.7217941284
233.8 -3.5 2089.2 -0.0700424984 0.7109065652 0.6997899413 -0.9636893272 0.1329859197 -0.2315548807 -0.2576760948 -0.6905987263 0.6757783890
-50.7 -132.2 2076.6 0.9998989701 0.0141907427 0.0008189647 -0.0140769416 0.9965797067 -0.0814290419 -0.0019717023 0.0814092830 0.9966788292
-56.2 -519.0 2045.0 0.9982882738 0.0581583157 0.0061764107 -0.0572645403 0.9505192041 0.3053424060 0.0118874041 -0.3051734269 0.9522225857
127.7 -132.6 2060.6 0.9968441129 0.0779845119 -0.0148389712 -0.0767001882 0.9943614006 0.0732292756 0.0204660483 -0.0718600228 0.9972047210
97.5 -518.6 2088.5 0.9946735501 -0.1019884795 -0.0149276601 0.1028051004 0.9920851588 0.0720982552 0.0074563180 -0.0732488707 0.9972858429
-153.7 -267.8 2019.3 0 0 0 0 0 0 0 0 0
214.6 -267.6 2018.6 0 0 0 0 0 0 0 0 0
-77.9 -873.7 2158.9 0 0 0 0 0 0 0 0 0
135.5 -888.6 2115.8 0 0 0 0 0 0 0 0 0
45.5 450.4 2101.6 7 0.9977192879 -0.0050614411 0.0673096180 0.0077899834 0.9991557598 -0.0403367095 -0.0670486316 0.0407690555 0.9969164133
46.6 252.4 2093.5 0.9977192879 -0.0050614411 0.0673096180 0.0077899834 0.9991557598 -0.0403367095 -0.0670486316 0.0407690555 0.9969164133
47.7 58.5 2084.7 0.9977132678 -0.0058485237 0.0673353449 0.0088960826 0.9989451766 -0.0450489298 -0.0670008510 0.0455449335 0.9967128634
-89.7 251.2 2102.7 0.2279711664 -0.7217348814 -0.6535502672 0.9731362462 0.1467134506 0.1774290353 -0.0321721025 -0.6764420867 0.7357927561
-150.0 -5.8 2111.2 0.0079096304 -0.7238477468 -0.6899144053 0.9451098442 0.2307909131 -0.2313069552 0.3266569972 -0.6502153873 0.6859411001
182.8 253.6 2084.3 0.2126930058 0.7096518874 0.6716814041 -0.9770357609 0.1454831660 0.1556783766 0.0127591211 -0.6893684268 0.7242985368
239.5 -6.4 2087.7 -0.0869324282 0.7074211836 0.7014257312 -0.9641441107 0.1174681932 -0.2379651517 -0.2507368028 -0.6969623566 0.6718441248
-44.1 -135.3 2078.5 0.9995782971 0.0287210997 -0.0042788344 -0.0289804954 0.9959815145 -0.0847402662 0.0018278066 0.0848285332 0.9963938594
-55.3 -521.9 2045.6 0.9973289371 0.0726176724 0.0078520374 -0.0711297244 0.9411727190 0.3303551078 0.0165994950 -0.3300312161 0.9438240528
134.6 -134.3 2065.6 0.9956194162 0.0907241106 -0.0226070788 -0.0894225091 0.9945755005 0.0531335212 0.0273049381 -0.0508791842 0.9983314872
99.3 -520.3 2085.3 0.9957857728 -0.0897362158 -0.0189238898 0.0911190733 0.9914630055 0.0932653323 0.0103930589 -0.0945966169 0.9954614043
-152.2 -269.7 2020.0 0 0 0 0 0 0 0 0 0
215.6 -270.7 2019.0 0 0 0 0 0 0 0 0 0
-82.4 -873.0 2168.7 0 0 0 0 0 0 0 0 0
132.8 -890.1 2120.6 0 0 0 0 0 0 0 0 0
46.4 450.1 2100.8 8 0.9981718063 -0.0062758024 0.0601132847 0.0082374075 0.9994397163 -0.0324397758 -0.0598760210 0.0328756459 0.9976642728
47.6 252.0 2094.3 0.9981718063 -0.0062758024 0.0601132847 0.0082374075 0.9994397163 -0.0324397758 -0.0598760210 0.0328756459 0.9976642728
49.1 58.0 2086.6 0.9981603622 -0.0075368029 0.0601586625 0.0098954197 0.9991899729 -0.0390054844 -0.0598159581 0.0395290218 0.9974264503
-88.7 250.6 2102.4 0.2267376930 -0.7167448401 -0.6594443321 0.9733447433 0.1427723169 0.1794884056 -0.0344969891 -0.6825634837 0.7300117016
-148.9 -7.5 2111.6 -0.0074340729 -0.7201299071 -0.6937994361 0.9430105090 0.2257772535 -0.2444501370 0.3326799870 -0.6560773849 0.6774116158
184.0 253.4 2086.1 0.2245962173 0.7108809948 0.6664868593 -0.9744186997 0.1581944674 0.1596330106 0.0080455439 -0.6852902174 0.7282256484
243.5 -5.0 2088.2 -0.0968290493 0.7067697048 0.7007858157 -0.9643236399 0.1076762676 -0.2418383211 -0.2463819981 -0.6992012858 0.6711285114
-40.6 -136.2 2081.8 0.9992845654 0.0359711684 -0.0116806049 -0.0368596092 0.9954562783 -0.0877958685 0.0084694112 0.0881635994 0.9960700274
-54.5 -522.6 2047.6 0.9961435199 0.0876472741 0.0040104426 -0.0841633752 0.9416333437 0.3259496093 0.0247922279 -0.3250301182 0.9453786612
138.2 -134.6 2069.8 0.9946851730 0.0978445113 -0.0320600457 -0.0966666415 0.9946497083 0.0364358164 0.0354535617 -0.0331430286 0.9988216162
100.2 -520.6 2082.7 0.9956673384 -0.0894758254 -0.0253104400 0.0916446447 0.9903244376 0.1042055860 0.0157416649 -0.1060736626 0.9942336679
-146.8 -270.7 2018.7 0 0 0 0 0 0 0 0 0
217.0 -269.4 2020.7 0 0 0 0 0 0 0 0 0
-87.2 -874.0 2168.9 0 0 0 0 0 0 0 0 0
133.6 -890.1 2122.3 0 0 0 0 0 0 0 0 0
47.1 450.6 2100.4 9 0.9983143806 -0.0064810580 0.0576746613 0.0080637299 0.9995961189 -0.0272510983 -0.0574747510 0.0276702363 0.9979634285
48.4 252.3 2094.9 0.9983143806 -0.0064810580 0.0576746613 0.0080637299 0.9995961189 -0.0272510983 -0.0574747510 0.0276702363 0.9979634285
49.9 58.3 2088.0 0.9983033538 -0.0076021207 0.0577293560 0.0096348040 0.9993403554 -0.0350142606 -0.0574250929 0.0355110653 0.9977180362
-88.0 251.0 2102.7 0.2267424166 -0.7154717445 -0.6608238220 0.9731212854 0.1383598596 0.1840964556 -0.0402843207 -0.6848042011 0.7276127934
-148.4 -8.3 2113.5 -0.0252101384 -0.7206457257 -0.6928450465 0.9375714064 0.2234412879 -0.2665218115 0.3468779922 -0.6563107371 0.6700237989
184.8 253.6 2087.0 0.2293880880 0.7108434439 0.6648929715 -0.9733114243 0.1627657562 0.1617780477 0.0067770551 -0.6842579246 0.7292085886
245.6 -4.5 2088.8 -0.0982817635 0.7062432170 0.7011142969 -0.9646528363 0.1054917946 -0.2414879352 -0.2445110232 -0.7000657320 0.6709115505
-38.9 -136.8 2084.3 0.9989615679 0.0432781093 -0.0142417038 -0.0443581976 0.9952047467 -0.0871774256 0.0104005365 0.0877186358 0.9960910082
-55.7 -523.1 2050.2 0.9971092343 0.0759015307 0.0034783827 -0.0734082088 0.9505211115 0.3018623888 0.0196055416 -0.3012451231 0.9533451796
140.0 -135.0 2073.6 0.9943365455 0.1001386717 -0.0355960689 -0.0991196111 0.9946432114 0.0293289181 0.0383423492 -0.0256345477 0.9989358187
101.1 -521.1 2083.5 0.9956207275 -0.0890426412 -0.0284735113 0.0914521217 0.9908632636 0.0991289169 0.0193866547 -0.1012987718 0.9946671128
-141.4 -270.0 2016.6 0 0 0 0 0 0 0 0 0
218.7 -269.0 2021.8 0 0 0 0 0 0 0 0 0
-84.0 -877.8 2162.6 0 0 0 0 0 0 0 0 0
134.3 -890.9 2121.3 0 0 0 0 0 0 0 0 0
47.2 451.1 2100.7 0 0.9977055788 -0.0044304882 0.0675569922 0.0058536287 0.9997648001 -0.0208823998 -0.0674485862 0.0212299414 0.9974968433
48.1 252.7 2096.5 0.9977055788 -0.0044304882 0.0675569922 0.0058536287 0.9997648001 -0.0208823998 -0.0674485862 0.0212299414 0.9974968433
49.1 58.7 2090.9 0.9977009296 -0.0049243681 0.0675914064 0.0068466398 0.9995778203 -0.0282374676 -0.0674238205 0.0286353230 0.9973134398
-88.2 251.8 2105.7 0.2277803570 -0.7213043571 -0.6540918350 0.9727063775 0.1380304247 0.1865203828 -0.0442533866 -0.6787250042 0.7330579758
-148.8 -7.0 2117.4 -0.0418161862 -0.7276566625 -0.6846657395 0.9314635992 0.2194957286 -0.2901675403 0.3614235520 -0.6498749256 0.6686072350
184.4 253.6 2087.2 0.2354787886 0.7030326724 0.6710400581 -0.9718073010 0.1619125307 0.1713909805 0.0118436618 -0.6924806237 0.7213392854
246.8 -4.0 2090.4 -0.0943749994 0.6993549466 0.7085167766 -0.9629217982 0.1165507063 -0.2433055341 -0.2527350485 -0.7052081823 0.6624246240
-38.1 -136.6 2086.2 0.9988446236 0.0477982648 -0.0049741785 -0.0480520204 0.9947847128 -0.0899686739 0.0006478901 0.0901037455 0.9959321618
