-51.9 472.2 2136.4 3 0.9977837801 0.0302764978 -0.0592522211 -0.0260335635 0.9971283674 0.0711144134 0.0612351671 -0.0694142580 0.9957067370
-58.1 269.6 2150.5 0.9977837801 0.0302764978 -0.0592522211 -0.0260335635 0.9971283674 0.0711144134 0.0612351671 -0.0694142580 0.9957067370
-64.2 74.3 2162.7 0.9977467656 0.0310762133 -0.0594611578 -0.0272370428 0.9975574613 0.0643215999 0.0613147914 -0.0625571162 0.9961561561
-200.3 273.5 2141.7 0.1769405752 -0.8433687687 -0.5073668957 0.9841815829 0.1469665766 0.0989316180 -0.0088698519 -0.5168461800 0.8560323119
-247.7 9.7 2144.1 0.0395012461 -0.8424707651 -0.5372919440 0.9493461847 0.1993991882 -0.2428616881 0.3117394447 -0.5004827380 0.8076729178
84.1 265.8 2159.2 0.0882624313 0.7232152224 0.6849594712 -0.9932184219 0.1161396280 0.0053578769 -0.0756760389 -0.6807873249 0.7285614610
109.2 -16.8 2137.7 -0.0982793197 0.7248405218 0.6818705201 -0.9520324469 0.1310417950 -0.2765180469 -0.2897850275 -0.6763388515 0.6771930456
-160.9 -120.7 2169.0 0.8875226378 0.0093990099 -0.4606682062 -0.0059665209 0.9999425411 0.0089067295 0.4607254565 -0.0051563377 0.8875277042
-164.6 -512.3 2171.0 0.8865793347 0.0419838764 -0.4606674314 -0.0426383875 0.9990501404 0.0089906119 0.4606072903 0.0116712265 0.8875272870
19.5 -125.7 2180.2 0.9375061393 -0.0346016958 0.3462440968 0.0531146638 0.9976133108 -0.0441197827 -0.3438910842 0.0597532019 0.9371064305
33.0 -516.5 2156.8 0.9383906722 0.0427551456 0.3429211378 -0.0552312769 0.9981166720 0.0266938619 -0.3411340117 -0.0439892448 0.9389848113
-258.7 -255.1 2057.1 0 0 0 0 0 0 0 0 0
81.5 -285.1 2056.0 0 0 0 0 0 0 0 0 0
-180.4 -888.3 2166.6 0 0 0 0 0 0 0 0 0
16.9 -892.4 2173.4 0 0 0 0 0 0 0 0 0
-52.5 471.0 2136.8 4 0.9980422258 0.0272853039 -0.0562783852 -0.0233350694 0.9972956181 0.0696915910 0.0580277443 -0.0682418868 0.9959798455
-58.0 268.3 2150.7 0.9980422258 0.0272853039 -0.0562783852 -0.0233350694 0.9972956181 0.0696915910 0.0580277443 -0.0682418868 0.9959798455
-63.3 72.9 2162.7 0.9980425835 0.0268938150 -0.0564598478 -0.0233211815 0.9977403879 0.0630096197 0.0580268428 -0.0615695752 0.9964146018
-200.3 271.7 2142.4 0.1801140308 -0.8441691995 -0.5049131513 0.9836362600 0.1523196548 0.0962207690 -0.0043184115 -0.5139815807 0.8577903509
-248.0 11.1 2143.6 0.0462275408 -0.8429105878 -0.5360640883 0.9515172839 0.2005230337 -0.2332495004 0.3041016757 -0.4992917180 0.8113137484
84.2 265.0 2159.0 0.0886443257 0.7209467292 0.6872975826 -0.9933341146 0.1150296926 0.0074540535 -0.0736856535 -0.6833769083 0.7263376713
109.2 -14.8 2138.2 -0.0910679549 0.7233278155 0.6844731569 -0.9522831440 0.1378103197 -0.2723328173 -0.2913133800 -0.6766130328 0.6762627363
-160.4 -118.7 2169.4 0.8890612125 0.0078581637 -0.4577208757 0.0001286523 0.9998483062 0.0174153112 0.4577883184 -0.0155421654 0.8889253736
-163.5 -510.3 2175.5 0.8874763250 0.0531237423 -0.4577811658 -0.0624941438 0.9980310798 -0.0053364527 0.4565963447 0.0333446190 0.8890488744
19.9 -123.6 2180.5 0.9364469051 -0.0323228389 0.3493170142 0.0490590483 0.9980275631 -0.0391681753 -0.3473620117 0.0538160764 0.9361855984
32.6 -514.5 2159.4 0.9370023608 0.0378721319 0.3472639322 -0.0443725660 0.9989568591 0.0107830763 -0.3464933038 -0.0255127586 0.9377054572
-260.9 -254.3 2058.7 0 0 0 0 0 0 0 0 0
83.5 -283.0 2056.1 0 0 0 0 0 0 0 0 0
-183.5 -885.9 2163.0 0 0 0 0 0 0 0 0 0
18.3 -890.7 2169.0 0 0 0 0 0 0 0 0 0
-51.0 471.0 2137.0 5 0.9979458451 0.0319967568 -0.0555007942 -0.0281286966 0.9972112179 0.0691270977 0.0575578585 -0.0674239323 0.9960628152
-57.5 268.3 2150.8 0.9979458451 0.0319967568 -0.0555007942 -0.0281286966 0.9972112179 0.0691270977 0.0575578585 -0.0674239323 0.9960628152
-64.0 72.9 2162.8 0.9979013801 0.0330454819 -0.0556848124 -0.0294912420 0.9975470304 0.0634835884 0.0576460660 -0.0617081448 0.9964281321
-199.7 272.5 2142.5 0.1747532040 -0.8452177048 -0.5050429106 0.9846015573 0.1476157755 0.0936451256 -0.0045982078 -0.5136308074 0.8579989672
-246.2 10.7 2143.8 0.0552020073 -0.8434149623 -0.5344192386 0.9506027102 0.2081374973 -0.2302894294 0.3054622412 -0.4953079820 0.8132421970
84.7 264.1 2159.0 0.0904435664 0.7207853794 0.6872323751 -0.9930636883 0.1173294336 0.0076347925 -0.0751295462 -0.6831560731 0.7263975143
110.2 -15.0 2137.9 -0.0933034569 0.7227279544 0.6848056316 -0.9523591399 0.1357990503 -0.2730762661 -0.2903558016 -0.6776599288 0.6756260395
-158.8 -120.4 2169.6 0.8892363310 0.0103343194 -0.4573312998 -0.0040823873 0.9998842478 0.0146565884 0.4574298263 -0.0111661674 0.8891755939
-162.8 -512.0 2173.9 0.8870210648 0.0628053769 -0.4574376047 -0.0712359995 0.9974587560 -0.0011849800 0.4562007487 0.0336371288 0.8892409205
21.7 -124.6 2180.1 0.9365682006 -0.0283420458 0.3493375778 0.0443375707 0.9982983470 -0.0378755145 -0.3476696610 0.0509617813 0.9362311363
32.8 -515.7 2160.1 0.9366371036 0.0415959582 0.3478228748 -0.0460184216 0.9989306331 0.0044594132 -0.3472654521 -0.0201831125 0.9375496507
-261.6 -254.5 2058.6 0 0 0 0 0 0 0 0 0
83.9 -283.4 2056.0 0 0 0 0 0 0 0 0 0
-186.5 -887.6 2161.3 0 0 0 0 0 0 0 0 0
17.1 -891.9 2167.7 0 0 0 0 0 0 0 0 0
-52.3 469.9 2137.7 6 0.9979414344 0.0286754165 -0.0573639758 -0.0249401312 0.9975863099 0.0648039505 0.0590837970 -0.0632398874 0.9962478876
-58.2 267.1 2150.5 0.9979414344 0.0286754165 -0.0573639758 -0.0249401312 0.9975863099 0.0648039505 0.0590837970 -0.0632398874 0.9962478876
-64.2 71.7 2161.9 0.9978690743 0.0308163464 -0.0575120077 -0.0273664296 0.9978328347 0.0598387942 0.0592313819 -0.0581373833 0.9965499043
-200.4 271.0 2142.1 0.1723870337 -0.8453265429 -0.5056735277 0.9849979877 0.1438403726 0.0953358039 -0.0078536188 -0.5145220757 0.8574411869
-245.8 11.5 2144.1 0.0532571040 -0.8436550498 -0.5342376232 0.9496501088 0.2082063407 -0.2341255993 0.3087528944 -0.4948699772 0.8122655749
84.1 263.2 2159.0 0.0915164948 0.7220938802 0.6857150793 -0.9931162596 0.1167375967 0.0096118851 -0.0731080472 -0.6818744540 0.7278066278
109.8 -16.4 2138.4 -0.0900711939 0.7246933579 0.6831593513 -0.9507884383 0.1416165829 -0.2755832076 -0.2964600027 -0.6743621230 0.6762744784
-160.6 -119.8 2169.7 0.8884788752 0.0054619662 -0.4588850141 -0.0025195929 0.9999721646 0.0070240018 0.4589106143 -0.0050844736 0.8884679079
-162.8 -511.5 2171.7 0.8863582015 0.0614374019 -0.4589058161 -0.0679827854 0.9976839423 0.0022619236 0.4579819441 0.0291928221 0.8884820342
19.8 -125.1 2180.1 0.9370026588 -0.0335417353 0.3477081358 0.0491066687 0.9981428981 -0.0360464193 -0.3458533585 0.0508503802 0.9369096756
32.9 -516.1 2160.2 0.9372673631 0.0437943041 0.3458496928 -0.0499283187 0.9987136722 0.0088426070 -0.3450175524 -0.0255555790 0.9382482767
-260.7 -253.4 2058.0 0 0 0 0 0 0 0 0 0
84.5 -284.3 2054.9 0 0 0 0 0 0 0 0 0
-185.9 -887.2 2160.7 0 0 0 0 0 0 0 0 0
16.4 -892.3 2169.8 0 0 0 0 0 0 0 0 0
-53.7 469.5 2137.5 7 0.9967302680 0.0196528323 -0.0783740431 -0.0142435133 0.9975156188 0.0689905286 0.0795351937 -0.0676486269 0.9945339561
-57.7 266.5 2151.2 0.9967302680 0.0196528323 -0.0783740431 -0.0142435133 0.9975156188 0.0689905286 0.0795351937 -0.0676486269 0.9945339561
-61.5 71.1 2163.4 0.9967230558 0.0195694044 -0.0784871578 -0.0146128312 0.9978916049 0.0632358193 0.0795591623 -0.0618816763 0.9949075580
-199.7 268.6 2139.9 0.1758558601 -0.8346190453 -0.5220017433 0.9843202233 0.1416885406 0.1050619781 -0.0137250628 -0.5322926044 0.8464491367
-246.2 8.4 2143.5 0.0481714718 -0.8332836628 -0.5507430434 0.9503160119 0.2080026418 -0.2315908968 0.3075369000 -0.5122238398 0.8019025922
84.3 264.4 2162.6 0.0892000794 0.7343685031 0.6728641987 -0.9925101399 0.1221497431 -0.0017402356 -0.0834681690 -0.6676693559 0.7397639751
109.7 -17.4 2138.9 -0.0818760023 0.7368008494 0.6711339951 -0.9493137598 0.1473947763 -0.2776295245 -0.3034793139 -0.6598479152 0.6873871088
-160.4 -121.3 2167.9 0.8789490461 0.0041939002 -0.4768972397 -0.0003764304 0.9999670982 0.0081000663 0.4769155085 -0.0069400272 0.8789217472
-162.1 -513.0 2170.7 0.8764607310 0.0664476827 -0.4768661261 -0.0681657195 0.9975796938 0.0137193361 0.4766235948 0.0204814617 0.8788688779
20.0 -126.2 2178.6 0.9436838627 -0.0313070230 0.3293639123 0.0458571687 0.9982810020 -0.0364990346 -0.3276550770 0.0495472476 0.9434973598
32.2 -517.3 2159.2 0.9445913434 0.0311271008 0.3267695010 -0.0418541655 0.9987893701 0.0258459412 -0.3255693913 -0.0380905159 0.9447506070
-259.6 -256.6 2057.7 0 0 0 0 0 0 0 0 0
86.6 -284.8 2053.4 0 0 0 0 0 0 0 0 0
-187.1 -888.7 2162.9 0 0 0 0 0 0 0 0 0
20.5 -893.4 2173.6 0 0 0 0 0 0 0 0 0
-54.4 469.6 2136.9 8 0.9984706640 0.0164760035 -0.0527722463 -0.0127815632 0.9974934459 0.0695951059 0.0537866168 -0.0688141659 0.9961785078
-57.7 266.9 2150.9 0.9984706640 0.0164760035 -0.0527722463 -0.0127815632 0.9974934459 0.0695951059 0.0537866168 -0.0688141659 0.9961785078
-60.8 71.5 2163.1 0.9984774590 0.0157178435 -0.0528742038 -0.0123583097 0.9979195595 0.0632756427 0.0537587591 -0.0625258684 0.9965944290
-200.0 268.7 2143.2 0.1672142893 -0.8478063345 -0.5032531619 0.9859200716 0.1432618052 0.0862421840 -0.0010197130 -0.5105883479 0.8598247170
-244.6 5.9 2143.5 0.0526961014 -0.8461672664 -0.5303056836 0.9516936541 0.2034146339 -0.2300036848 0.3024935126 -0.4925682247 0.8160111308
84.5 265.2 2158.5 0.0944430456 0.7172279954 0.6904089451 -0.9930649400 0.1166492924 0.0146636767 -0.0700185150 -0.6870057583 0.7232706547
111.1 -14.3 2138.8 -0.0821256265 0.7210996151 0.6879467964 -0.9487476349 0.1548044682 -0.2755241394 -0.3051775694 -0.6753154397 0.6714280844
-155.4 -123.0 2168.3 0.8908182383 0.0207129009 -0.4538875222 -0.0133140907 0.9997214079 0.0194909424 0.4541647732 -0.0113197872 0.8908457756
-163.5 -514.6 2172.8 0.8890597224 0.0577502102 -0.4541340768 -0.0620615296 0.9980576038 0.0054204897 0.4535650015 0.0233651157 0.8909168839
24.7 -125.7 2182.7 0.9350745678 -0.0178841818 0.3539995551 0.0365513787 0.9982671738 -0.0461160801 -0.3525613844 0.0560611486 0.9341078997
31.7 -516.7 2160.7 0.9355620742 0.0267419983 0.3521484435 -0.0351087563 0.9992321134 0.0173931047 -0.3514129221 -0.0286358222 0.9357825518
-259.3 -259.6 2059.1 0 0 0 0 0 0 0 0 0
87.9 -281.6 2052.8 0 0 0 0 0 0 0 0 0
-185.3 -890.5 2164.0 0 0 0 0 0 0 0 0 0
21.7 -893.0 2171.5 0 0 0 0 0 0 0 0 0
-54.3 469.0 2137.1 9 0.9974864125 0.0243649911 -0.0665371865 -0.0200997833 0.9977451563 0.0640362352 0.0679474026 -0.0625378937 0.9957269430
-59.3 266.3 2149.8 0.9974864125 0.0243649911 -0.0665371865 -0.0200997833 0.9977451563 0.0640362352 0.0679474026 -0.0625378937 0.9957269430
-63.6 70.8 2161.0 0.9975270033 0.0222621858 -0.0666651726 -0.0183618516 0.9981151223 0.0585580319 0.0678431466 -0.0571891256 0.9960556030
-201.4 268.9 2140.1 0.1515150666 -0.8437097669 -0.5149728060 0.9884341955 0.1259480566 0.0844686776 -0.0064072283 -0.5218150020 0.8530346155
-242.2 2.9 2141.8 0.0573375784 -0.8418968320 -0.5365837812 0.9516856670 0.2084985673 -0.2254390419 0.3016733527 -0.4977329671 0.8131759167
82.9 263.7 2159.4 0.1034804136 0.7265752554 0.6792497039 -0.9918802977 0.1261418462 0.0161776058 -0.0739275664 -0.6754084826 0.7337289453
111.7 -13.0 2138.8 -0.0862149522 0.7286514044 0.6794366241 -0.9491980076 0.1470878571 -0.2781875730 -0.3026386499 -0.6689038277 0.6789532304
-154.1 -122.8 2170.5 0.8842951655 0.0211143568 -0.4664506316 -0.0161953196 0.9997629523 0.0145522514 0.4666473269 -0.0053141685 0.8844275475
-162.4 -514.4 2172.6 0.8818703890 0.0673395395 -0.4666583240 -0.0743891001 0.9972237349 0.0033237291 0.4655866027 0.0317831933 0.8844314218
26.3 -125.1 2180.2 0.9402649403 -0.0085456762 0.3403362930 0.0251213666 0.9987011552 -0.0443272255 -0.3395154476 0.0502290502 0.9392583966
29.7 -516.2 2160.5 0.9405658245 0.0135501698 0.3393410146 -0.0183857530 0.9997700453 0.0110389180 -0.3391133845 -0.0166218691 0.9405986667
-258.2 -262.5 2057.7 0 0 0 0 0 0 0 0 0
87.4 -280.5 2053.6 0 0 0 0 0 0 0 0 0
-187.8 -890.0 2160.6 0 0 0 0 0 0 0 0 0
24.6 -892.7 2166.8 0 0 0 0 0 0 0 0 0
-53.1 467.1 2137.7 0 0.9976825714 0.0309154540 -0.0606109463 -0.0270236377 0.9975832701 0.0640103370 0.0624433756 -0.0622240715 0.9961069226
-59.4 264.6 2150.3 0.9976825714 0.0309154540 -0.0606109463 -0.0270236377 0.9975832701 0.0640103370 0.0624433756 -0.0622240715 0.9961069226
-65.5 69.2 2161.4 0.9976673126 0.0310821496 -0.0607765876 -0.0275146831 0.9978976250 0.0586789101 0.0624726824 -0.0568697825 0.9964250922
-201.6 268.5 2141.4 0.1606190652 -0.8449769020 -0.5101132393 0.9870121479 0.1359766722 0.0855414271 -0.0029170238 -0.5172275901 0.8558429480
-244.3 5.8 2142.2 0.0384016708 -0.8441610336 -0.5347124934 0.9536980987 0.1907042563 -0.2325764149 0.2983039021 -0.5010229349 0.8123981357
82.7 260.7 2159.2 0.0984726399 0.7236160636 0.6831419468 -0.9921672940 0.1244095266 0.0112372059 -0.0768579468 -0.6788976789 0.7301991582
110.1 -14.6 2137.9 -0.0815522075 0.7259414792 0.6829042435 -0.9508040547 0.1487968862 -0.2717189193 -0.2988660634 -0.6714673638 0.6780933738
-158.1 -123.0 2166.0 0.8870565891 0.0131803872 -0.4614725411 -0.0036378177 0.9997608662 0.0215620324 0.4616463780 -0.0174479894 0.8868924379
-163.3 -514.6 2172.9 0.8846102953 0.0660302192 -0.4616325498 -0.0723312348 0.9973724484 0.0040546660 0.4606873095 0.0298036542 0.8870619535
22.2 -126.3 2178.3 0.9383360744 -0.0237889998 0.3449049592 0.0412781164 0.9982024431 -0.0434511229 -0.3432513177 0.0550087839 0.9376313686
31.5 -517.3 2156.8 0.9391051531 0.0300252084 0.3423156738 -0.0421913378 0.9987129569 0.0281481054 -0.3410299420 -0.0408767834 0.9391632676
-255.0 -260.2 2059.0 0 0 0 0 0 0 0 0 0
87.1 -282.5 2053.7 0 0 0 0 0 0 0 0 0
-188.1 -890.2 2161.6 0 0 0 0 0 0 0 0 0
20.2 -893.3 2172.1 0 0 0 0 0 0 0 0 0
-53.7 468.2 2137.5 1 0.9979344606 0.0322207138 -0.0555753633 -0.0285711028 0.9974592924 0.0652584508 0.0575368367 -0.0635358095 0.9963195920
-60.3 265.8 2150.4 0.9979344606 0.0322207138 -0.0555753633 -0.0285711028 0.9974592924 0.0652584508 0.0575368367 -0.0635358095 0.9963195920
-66.5 70.3 2161.8 0.9979459643 0.0315771140 -0.0557382479 -0.0282118134 0.9977897406 0.0601643249 0.0575148687 -0.0584682673 0.9966310859
-202.5 269.8 2142.2 0.1625073254 -0.8470128179 -0.5061231852 0.9867057204 0.1385662854 0.0849190131 -0.0017958741 -0.5131946206 0.8582704067
-245.7 7.5 2142.7 0.0379051231 -0.8462359905 -0.5314581990 0.9510372877 0.1938056350 -0.2407642007 0.3067429364 -0.4963104129 0.8121482134
81.9 261.7 2158.6 0.0929061174 0.7206302881 0.6870665550 -0.9928004742 0.1194436774 0.0089692976 -0.0756022111 -0.6829532981 0.7265391350
108.0 -16.4 2137.4 -0.0701714829 0.7239603996 0.6862632632 -0.9519011378 0.1571018845 -0.2630650103 -0.2982619107 -0.6717144847 0.6781146526
-161.8 -123.8 2166.9 0.8893911242 0.0049132067 -0.4571206868 0.0001715025 0.9999386072 0.0110811824 0.4571470618 -0.0099339020 0.8893356323
-163.7 -515.4 2170.8 0.8872014880 0.0624981485 -0.4571296275 -0.0656115413 0.9978039265 0.0090789068 0.4566931427 0.0219381601 0.8893537521
18.6 -128.8 2178.2 0.9363795519 -0.0312272981 0.3495971262 0.0495567173 0.9978189468 -0.0436065048 -0.3474729061 0.0581571274 0.9358847737
30.8 -519.6 2155.5 0.9377705455 0.0188726317 0.3467423320 -0.0285878051 0.9993283749 0.0229243599 -0.3460767865 -0.0314103924 0.9376802444
-256.3 -257.8 2057.1 0 0 0 0 0 0 0 0 0
88.2 -284.5 2053.4 0 0 0 0 0 0 0 0 0
-187.2 -891.2 2162.6 0 0 0 0 0 0 0 0 0
23.7 -895.8 2167.3 0 0 0 0 0 0 0 0 0
-55.1 467.8 2137.9 2 0.9977828264 0.0272452869 -0.0607213899 -0.0232992265 0.9976280332 0.0647727624 0.0623421110 -0.0632143915 0.9960508943
-60.6 265.5 2150.7 0.9977828264 0.0272452869 -0.0607213899 -0.0232992265 0.9976280332 0.0647727624 0.0623421110 -0.0632143915 0.9960508943
-65.8 70.1 2161.8 0.9977955222 0.0263631158 -0.0609022565 -0.0228273682 0.9980532527 0.0580396764 0.0623138025 -0.0565214902 0.9964548945
-202.8 268.8 2141.8 0.1648504138 -0.8449228406 -0.5088513494 0.9862846136 0.1369333863 0.0921512544 -0.0081819603 -0.5170634389 0.8559079766
-246.2 9.5 2144.0 0.0409990214 -0.8440703154 -0.5346628428 0.9486881495 0.2008082271 -0.2442678958 0.3135439754 -0.4972136021 0.8089924455
81.6 262.3 2159.6 0.0897375420 0.7239228487 0.6840196252 -0.9930298328 0.1177263111 0.0056830128 -0.0764130428 -0.6797618866 0.7294414639
106.6 -14.2 2138.3 -0.0578175820 0.7279656529 0.6831713915 -0.9510532022 0.1679228246 -0.2594219446 -0.3035703301 -0.6647314429 0.6826251745
-162.8 -122.5 2168.1 0.8871461153 -0.0007441376 -0.4614880681 0.0084759248 0.9998562932 0.0146815348 0.4614108205 -0.0169362053 0.8870249391
-162.5 -514.2 2174.7 0.8842496872 0.0717651621 -0.4614675045 -0.0774085596 0.9969768524 0.0067170677 0.4605544508 0.0297819674 0.8871316910
17.6 -127.6 2178.5 0.9378111959 -0.0364490151 0.3452269137 0.0541316643 0.9976620078 -0.0417159870 -0.3428992629 0.0578094274 0.9375916719
31.8 -518.4 2155.8 0.9391164184 0.0321012549 0.3420962691 -0.0427937098 0.9988015294 0.0237520598 -0.3409238160 -0.0369455181 0.9393646717
-257.6 -255.1 2056.5 0 0 0 0 0 0 0 0 0
90.3 -282.1 2052.8 0 0 0 0 0 0 0 0 0
-189.6 -889.6 2163.5 0 0 0 0 0 0 0 0 0
19.8 -894.5 2169.7 0 0 0 0 0 0 0 0 0
-54.0 469.3 2137.1 3 0.9960166812 0.0250125341 -0.0855870172 -0.0193334613 0.9975956678 0.0665515065 0.0870458558 -0.0646317154 0.9941055179
-59.1 266.4 2150.2 0.9960166812 0.0250125341 -0.0855870172 -0.0193334613 0.9975956678 0.0665515065 0.0870458558 -0.0646317154 0.9941055179
-63.6 70.9 2161.6 0.9960550070 0.0228240751 -0.0857522786 -0.0177340731 0.9980614185 0.0596569180 0.0869476572 -0.0579008348 0.9945288301
-201.0 268.9 2137.8 0.1742345244 -0.8316685557 -0.5272284150 0.9845302701 0.1370684057 0.1091437414 -0.0185050592 -0.5380889177 0.8426849246
-247.4 7.1 2142.8 0.0362447090 -0.8310698867 -0.5549857020 0.9510154128 0.1992951334 -0.2363284677 0.3070114255 -0.5192342997 0.7975836992
82.8 263.8 2162.6 0.0860965028 0.7398737073 0.6672138572 -0.9927462935 0.1201198325 -0.0050980919 -0.0839175582 -0.6619351506 0.7448487878
106.9 -13.5 2139.2 -0.0540863462 0.7433968782 0.6666601896 -0.9503023028 0.1666725427 -0.2629559040 -0.3065945208 -0.6477510333 0.6974370480
-161.1 -123.3 2167.2 0.8754502535 0.0024579205 -0.4833019674 0.0066732741 0.9998302460 0.0171727482 0.4832621515 -0.0182590932 0.8752852678
-162.1 -515.0 2174.4 0.8724973798 0.0718432590 -0.4833081961 -0.0752659142 0.9970871210 0.0123413578 0.4827870131 0.0256088283 0.8753632903
19.3 -127.5 2178.5 0.9461601973 -0.0333919525 0.3219718039 0.0462604016 0.9984039068 -0.0323975421 -0.3203760982 0.0455478095 0.9461947680
32.3 -518.5 2160.6 0.9464598894 0.0355970450 0.3208528757 -0.0365426317 0.9993273616 -0.0030760725 -0.3207465410 -0.0088134287 0.9471240640
-257.5 -258.1 2057.1 0 0 0 0 0 0 0 0 0
91.6 -281.2 2052.8 0 0 0 0 0 0 0 0 0
-189.2 -890.5 2164.7 0 0 0 0 0 0 0 0 0
18.9 -894.7 2164.0 0 0 0 0 0 0 0 0 0
-52.9 467.5 2131.7 4 0.9905898571 0.0232515037 -0.1348742396 -0.0131381312 0.9970672131 0.0753947720 0.1362317204 -0.0729133040 0.9879901409
-57.7 262.7 2146.7 0.9905898571 0.0232515037 -0.1348742396 -0.0131381312 0.9970672131 0.0753947720 0.1362317204 -0.0729133040 0.9879901409
-61.9 67.3 2159.5 0.9906148314 0.0210734624 -0.1350486875 -0.0120147867 0.9976439476 0.0675444230 0.1361538917 -0.0652879253 0.9885340929
-198.7 264.4 2127.3 0.1768277436 -0.8080712557 -0.5619188547 0.9823219180 0.1092516705 0.1520123929 -0.0614462793 -0.5788651705 0.8131048083
-245.0 7.3 2143.4 0.0411308967 -0.8083636761 -0.5872447491 0.9502578974 0.2132594883 -0.2270029187 0.3087364435 -0.5486971140 0.7769255042
83.3 261.0 2166.0 0.0953597501 0.7695479393 0.6314288974 -0.9907976985 0.1345839202 -0.0143904760 -0.0960543454 -0.6242460608 0.7753002048
109.5 -10.9 2139.7 -0.0700022727 0.7702063322 0.6339415908 -0.9496497512 0.1431012303 -0.2787246108 -0.3053932786 -0.6215338111 0.7214087844
-158.1 -123.0 2165.1 0.8504033685 0.0089340424 -0.5260553956 -0.0020035366 0.9999035597 0.0137425959 0.5261274576 -0.0106327785 0.8503392339
-161.6 -514.6 2169.2 0.8471016884 0.0791667700 -0.5255010724 -0.0648146421 0.9968505502 0.0456951521 0.5274635553 -0.0046482766 0.8495649099
22.0 -126.2 2180.8 0.9609141946 -0.0257555377 0.2756456733 0.0390686952 0.9983144999 -0.0429157279 -0.2740757763 0.0520074517 0.9603008628
32.0 -517.2 2160.4 0.9611398578 0.0302208010 0.2744027376 -0.0305247977 0.9995290041 -0.0031631168 -0.2743690908 -0.0053358902 0.9616096616
-256.4 -257.7 2057.2 0 0 0 0 0 0 0 0 0
89.7 -278.4 2053.6 0 0 0 0 0 0 0 0 0
-191.4 -889.9 2171.0 0 0 0 0 0 0 0 0 0
20.7 -893.6 2162.4 0 0 0 0 0 0 0 0 0
-52.3 469.6 2133.5 5 0.9936964512 0.0220417399 -0.1099159792 -0.0142678861 0.9973730445 0.0710168853 0.1111925691 -0.0690009519 0.9914005399
-56.9 265.1 2147.6 0.9936964512 0.0220417399 -0.1099159792 -0.0142678861 0.9973730445 0.0710168853 0.1111925691 -0.0690009519 0.9914005399
-60.8 69.7 2159.6 0.9937207103 0.0200267248 -0.1100818887 -0.0131159443 0.9979180098 0.0631479323 0.1111173406 -0.0613075830 0.9919144511
-198.3 267.0 2131.8 0.1768441200 -0.8196780086 -0.5448431969 0.9835841060 0.1269897819 0.1282026172 -0.0358953401 -0.5585709810 0.8286796212
-245.5 4.7 2141.4 0.0497951880 -0.8186184168 -0.5721751451 0.9491777420 0.2170483172 -0.2279289216 0.3107764423 -0.5317461491 0.7878223658
84.6 263.3 2163.4 0.0907692388 0.7544526458 0.6500478387 -0.9916419983 0.1285711676 -0.0107534621 -0.0916903839 -0.6436386108 0.7598171830
110.1 -15.0 2137.7 -0.0857532546 0.7551935911 0.6498684287 -0.9491062164 0.1364866346 -0.2838463485 -0.3030573130 -0.6411349177 0.7050547600
-155.5 -127.0 2160.0 0.8634137511 0.0160033386 -0.5042425394 -0.0018146500 0.9995887876 0.0286171101 0.5044931769 -0.0237933844 0.8630877733
-161.7 -518.5 2169.3 0.8602709174 0.0754343867 -0.5042257905 -0.0700558349 0.9971024394 0.0296470616 0.5050011277 0.0098194545 0.8630627990
23.4 -129.2 2184.5 0.9537141323 -0.0206724554 0.3000032604 0.0407329202 0.9973204732 -0.0607676618 -0.2979432046 0.0701749846 0.9520006776
31.5 -519.8 2157.1 0.9544700980 0.0259727482 0.2971737087 -0.0346398875 0.9991132021 0.0239355620 -0.2962884903 -0.0331398435 0.9545233846
-259.4 -260.1 2054.7 0 0 0 0 0 0 0 0 0
85.9 -282.4 2052.3 0 0 0 0 0 0 0 0 0
-190.1 -894.0 2165.6 0 0 0 0 0 0 0 0 0
21.7 -895.9 2169.5 0 0 0 0 0 0 0 0 0
-52.2 469.6 2135.4 6 0.9955952764 0.0255561918 -0.0902049914 -0.0194307696 0.9974863529 0.0681422576 0.0917197093 -0.0660893545 0.9935892820
-57.4 265.9 2148.9 0.9955952764 0.0255561918 -0.0902049914 -0.0194307696 0.9974863529 0.0681422576 0.0917197093 -0.0660893545 0.9935892820
-61.9 70.5 2160.4 0.9956393838 0.0230754018 -0.0903867185 -0.0176209584 0.9980013967 0.0606855117 0.0916064158 -0.0588281825 0.9940561056
-199.2 268.4 2135.8 0.1720256209 -0.8297075629 -0.5310297012 0.9848602414 0.1331528723 0.1109980270 -0.0213877708 -0.5420845747 0.8400517106
-245.3 4.3 2141.6 0.0547592379 -0.8281207681 -0.5578686595 0.9480774403 0.2184222937 -0.2311727405 0.3132899106 -0.5162438750 0.7970832586
84.4 263.4 2161.9 0.0959489197 0.7418501377 0.6636657119 -0.9912717342 0.1317743063 -0.0039859512 -0.0904110670 -0.6574906111 0.7480186820
111.2 -13.6 2136.7 -0.0916470662 0.7415370941 0.6646228433 -0.9528967738 0.1284741461 -0.2747400999 -0.2891168296 -0.6584960818 0.6948340535
-154.5 -124.6 2161.6 0.8731356859 0.0198992398 -0.4870708883 -0.0052337390 0.9994915724 0.0314520076 0.4874491394 -0.0249126684 0.8727959394
-162.3 -516.1 2171.4 0.8705230355 0.0681861714 -0.4873810112 -0.0722435489 0.9973317981 0.0104939770 0.4867961109 0.0260748826 0.8731263280
25.0 -127.0 2181.7 0.9478856921 -0.0175103378 0.3181290030 0.0365234874 0.9978781939 -0.0538992323 -0.3165102005 0.0627094954 0.9465140104
31.8 -517.8 2157.1 0.9483276010 0.0299512167 0.3158761263 -0.0389273539 0.9989966750 0.0221438706 -0.3148959279 -0.0332958624 0.9485419989
-260.6 -260.2 2054.2 0 0 0 0 0 0 0 0 0
85.4 -282.0 2055.2 0 0 0 0 0 0 0 0 0
-188.0 -891.7 2161.6 0 0 0 0 0 0 0 0 0
20.6 -894.0 2169.7 0 0 0 0 0 0 0 0 0
-51.8 469.3 2136.3 7 0.9942315817 0.0283466745 -0.1034406573 -0.0213979613 0.9974777102 0.0676779076 0.1050981954 -0.0650741011 0.9923304319
-57.6 266.2 2149.6 0.9942315817 0.0283466745 -0.1034406573 -0.0213979613 0.9974777102 0.0676779076 0.1050981954 -0.0650741011 0.9923304319
-62.7 70.8 2160.9 0.9942777157 0.0258919317 -0.1036406159 -0.0197007414 0.9979845881 0.0603213422 0.1049935743 -0.0579343699 0.9927839637
-199.2 269.0 2134.6 0.1750684530 -0.8223855495 -0.5413252711 0.9842860699 0.1333125383 0.1157957092 -0.0230632704 -0.5530911088 0.8328014612
-246.2 4.7 2140.8 0.0442733504 -0.8214268088 -0.5685929060 0.9516893625 0.2077869177 -0.2260796130 0.3038540184 -0.5311144590 0.7909425497
84.1 263.4 2164.5 0.0950929150 0.7503539920 0.6541607380 -0.9905848503 0.1363385022 -0.0123892203 -0.0984835997 -0.6468235850 0.7562540770
110.7 -13.6 2137.0 -0.0891629681 0.7500479221 0.6553457975 -0.9502823949 0.1330290586 -0.2815432549 -0.2983509600 -0.6478667855 0.7008960843
-156.4 -123.4 2163.7 0.8665651679 0.0141125806 -0.4988643527 -0.0026200183 0.9997149706 0.0237301812 0.4990570545 -0.0192567147 0.8663551211
-161.9 -515.0 2171.2 0.8637251854 0.0701297373 -0.4990597069 -0.0811828077 0.9966991544 -0.0004436155 0.4973812699 0.0408982337 0.8665674925
23.5 -126.6 2180.2 0.9520588517 -0.0215105154 0.3051577210 0.0387281626 0.9979738593 -0.0504806340 -0.3034535646 0.0598787330 0.9509629011
31.9 -517.5 2156.8 0.9525529742 0.0295757204 0.3029324710 -0.0370080322 0.9991376996 0.0188223291 -0.3021145761 -0.0291402005 0.9528261423
-258.6 -260.7 2056.1 0 0 0 0 0 0 0 0 0
85.5 -281.3 2052.9 0 0 0 0 0 0 0 0 0
-188.3 -890.3 2155.8 0 0 0 0 0 0 0 0 0
20.8 -893.8 2167.7 0 0 0 0 0 0 0 0 0
-53.2 469.3 2137.8 8 0.9956467152 0.0247537550 -0.0898602977 -0.0188944787 0.9976750612 0.0654791668 0.0912722275 -0.0634962544 0.9937995672
-58.2 266.0 2150.7 0.9956467152 0.0247537550 -0.0898602977 -0.0188944787 0.9976750612 0.0654791668 0.0912722275 -0.0634962544 0.9937995672
-62.6 70.5 2162.0 0.9956878424 0.0224674772 -0.0900050849 -0.0171558484 0.9980892539 0.0593597293 0.0911667719 -0.0575596467 0.9941707850
-200.1 268.5 2137.8 0.1792318076 -0.8283922672 -0.5306997895 0.9836846590 0.1423969865 0.1099435538 -0.0155063421 -0.5417466164 0.8403987885
-247.9 5.7 2141.9 0.0421026610 -0.8273748755 -0.5600697994 0.9527741075 0.2019870430 -0.2267658114 0.3007471859 -0.5240725279 0.7968055606
83.7 263.6 2163.7 0.0955839977 0.7412899137 0.6643440127 -0.9907889366 0.1351626813 -0.0082655428 -0.0959216878 -0.6574346423 0.7473812103
110.4 -13.3 2136.9 -0.0875994265 0.7415788174 0.6651219726 -0.9502007365 0.1382544488 -0.2792925239 -0.2990734875 -0.6564652324 0.6925376654
-157.6 -122.9 2162.8 0.8734325767 0.0112620946 -0.4868149161 0.0009430749 0.9996914864 0.0248191524 0.4869442284 -0.0221369583 0.8731524944
-162.0 -514.5 2171.5 0.8702888489 0.0744436905 -0.4868834615 -0.0754297748 0.9969955683 0.0176106580 0.4867316484 0.0213991497 0.8732894063
22.1 -126.5 2181.8 0.9474908113 -0.0268841889 0.3186509013 0.0477428474 0.9971842170 -0.0578294955 -0.3161989450 0.0700062141 0.9461064339
32.6 -517.0 2154.3 0.9484288692 0.0378867351 0.3147178590 -0.0518375896 0.9980037808 0.0360740833 -0.3127228916 -0.0505279154 0.9484995008
-259.7 -260.0 2058.0 0 0 0 0 0 0 0 0 0
85.7 -281.0 2052.7 0 0 0 0 0 0 0 0 0
-190.0 -889.9 2163.4 0 0 0 0 0 0 0 0 0
18.4 -892.8 2173.4 0 0 0 0 0 0 0 0 0
-54.0 468.6 2137.0 9 0.9961518645 0.0227397848 -0.0846423656 -0.0173969697 0.9978408217 0.0633330643 0.0858997926 -0.0616168268 0.9943966269
-58.6 265.3 2149.6 0.9961518645 0.0227397848 -0.0846423656 -0.0173969697 0.9978408217 0.0633330643 0.0858997926 -0.0616168268 0.9943966269
-62.9 69.8 2160.4 0.9961634278 0.0216526464 -0.0847913250 -0.0168773700 0.9982522726 0.0566353202 0.0858694389 -0.0549869835 0.9947878718
-200.6 267.7 2137.4 0.1750964522 -0.8321557641 -0.5261729956 0.9844036102 0.1387161911 0.1082003489 -0.0170508251 -0.5369121432 0.8434658647
-247.2 5.3 2141.9 0.0499581397 -0.8307298422 -0.5544295311 0.9510356188 0.2091019750 -0.2276128232 0.3050170839 -0.5159111619 0.8005000353
83.3 262.9 2161.8 0.0964101851 0.7382873893 0.6675603390 -0.9912856817 0.1317058057 -0.0024966854 -0.0897648409 -0.6615023613 0.7445514798
110.2 -13.4 2136.8 -0.0927140489 0.7386705875 0.6676599979 -0.9498216510 0.1355704516 -0.2818855643 -0.2987355590 -0.6602926254 0.6890360713
-157.0 -123.4 2165.0 0.8759372234 0.0116409920 -0.4822846055 -0.0044444469 0.9998611212 0.0160617158 0.4824045897 -0.0119255669 0.8758673072
-161.6 -515.1 2169.7 0.8727525473 0.0770515352 -0.4820435941 -0.0705150366 0.9970070124 0.0316957794 0.4830430448 0.0063287490 0.8755737543
23.0 -126.5 2181.5 0.9458547235 -0.0230583437 0.3237702549 0.0463394523 0.9968488812 -0.0643811673 -0.3212654889 0.0758985654 0.9439427257
32.0 -517.0 2151.8 0.9472549558 0.0300977342 0.3190644681 -0.0482427031 0.9976271987 0.0491180420 -0.3168290555 -0.0619198456 0.9464593530
-261.2 -259.9 2056.8 0 0 0 0 0 0 0 0 0
84.1 -281.0 2052.6 0 0 0 0 0 0 0 0 0
-190.6 -890.5 2167.3 0 0 0 0 0 0 0 0 0
20.7 -892.6 2175.1 0 0 0 0 0 0 0 0 0
-54.0 469.3 2137.2 0 0.9961152673 0.0263245516 -0.0840324163 -0.0210499484 0.9977884293 0.0630489811 0.0855063051 -0.0610351712 0.9944663644
-59.4 266.4 2149.6 0.9961152673 0.0263245516 -0.0840324163 -0.0210499484 0.9977884293 0.0630489811 0.0855063051 -0.0610351712 0.9944663644
-64.4 70.9 2160.5 0.9961156845 0.0258638076 -0.0841704383 -0.0210340340 0.9981082678 0.0577702858 0.0855053738 -0.0557754412 0.9947752953
-201.3 269.3 2137.4 0.1650281250 -0.8339669108 -0.5265594721 0.9861057401 0.1292279363 0.1043820530 -0.0190049857 -0.5364692807 0.8437058330
-245.3 6.3 2142.5 0.0504945330 -0.8326692581 -0.5514637232 0.9503366351 0.2098468840 -0.2298360467 0.3071003556 -0.5124707222 0.8019121885
82.6 263.4 2161.8 0.0983046293 0.7381888628 0.6673930287 -0.9912234545 0.1321970373 -0.0002165453 -0.0883872285 -0.6615142822 0.7447056770
110.1 -14.2 2137.0 -0.0896623731 0.7388907671 0.6678331494 -0.9493225217 0.1394075751 -0.2816953361 -0.3012430966 -0.6592465043 0.6889460683
-157.1 -124.2 2163.4 0.8762137294 0.0123456903 -0.4817645252 0.0006494061 0.9996406436 0.0267978888 0.4819222689 -0.0237935390 0.8758908510
-162.0 -515.7 2172.7 0.8733007312 0.0715331063 -0.4819012880 -0.0758171901 0.9970653057 0.0106079252 0.4812458754 0.0272724926 0.8761612773
22.9 -127.2 2178.9 0.9459474087 -0.0237732064 0.3234476447 0.0407895893 0.9981114864 -0.0459316857 -0.3217448592 0.0566422530 0.9451306462
32.2 -518.1 2156.7 0.9465069771 0.0334547237 0.3209443688 -0.0437880084 0.9987272024 0.0250308588 -0.3196984828 -0.0377453975 0.9467672110
-259.4 -258.8 2056.8 0 0 0 0 0 0 0 0 0
84.9 -281.7 2052.1 0 0 0 0 0 0 0 0 0
-188.9 -891.2 2162.4 0 0 0 0 0 0 0 0 0
19.7 -894.2 2170.9 0 0 0 0 0 0 0 0 0
-54.6 469.7 2137.2 1 0.9962484241 0.0260700416 -0.0825192705 -0.0205994267 0.9975760579 0.0664657056 0.0840520114 -0.0645165071 0.9943705797
-59.9 266.9 2150.3 0.9962484241 0.0260700416 -0.0825192705 -0.0205994267 0.9975760579 0.0664657056 0.0840520114 -0.0645165071 0.9943705797
-64.6 71.4 2161.8 0.9962939620 0.0237309858 -0.0826750174 -0.0187742207 0.9980082512 0.0602247044 0.0839395449 -0.0584493503 0.9947551489
-201.9 269.6 2138.4 0.1616268605 -0.8343301415 -0.5270388722 0.9867925644 0.1307787746 0.0955897272 -0.0108278925 -0.5355278850 0.8444481492
-245.2 5.6 2141.3 0.0447746515 -0.8333446383 -0.5509373546 0.9512460828 0.2040298134 -0.2313065827 0.3051657379 -0.5137203336 0.8018511534
82.0 264.2 2162.3 0.0954326913 0.7370737195 0.6690402627 -0.9915630817 0.1296178102 -0.0013606916 -0.0877224728 -0.6632657647 0.7432249188
108.8 -13.5 2137.7 -0.0814653262 0.7386311293 0.6691691875 -0.9495718479 0.1464456767 -0.2772490382 -0.3027817011 -0.6580104232 0.6894530654
-159.5 -122.7 2163.7 0.8770077825 0.0060184943 -0.4804384708 0.0057711895 0.9997174740 0.0230584629 0.4804415107 -0.0229951516 0.8767252564
-161.9 -514.3 2172.7 0.8735162020 0.0782441944 -0.4804656804 -0.0798462629 0.9966598153 0.0171413645 0.4802020192 0.0233901273 0.8768460155
20.6 -126.5 2179.1 0.9452552199 -0.0300601702 0.3249445856 0.0448661670 0.9982636571 -0.0381665155 -0.3232330680 0.0506561138 0.9449626207
32.3 -517.5 2159.3 0.9457828999 0.0315686390 0.3232617378 -0.0356856771 0.9993398190 0.0068152365 -0.3228331804 -0.0179815479 0.9462850690
-257.7 -259.7 2056.1 0 0 0 0 0 0 0 0 0
85.8 -281.0 2052.4 0 0 0 0 0 0 0 0 0
-191.3 -889.6 2163.9 0 0 0 0 0 0 0 0 0
20.4 -893.8 2166.1 0 0 0 0 0 0 0 0 0
-53.7 469.0 2137.7 2 0.9943355322 0.0344811417 -0.1005382091 -0.0277891569 0.9973511696 0.0672188327 0.1025896817 -0.0640441999 0.9926599264
-60.8 264.5 2150.9 0.9943355322 0.0344811417 -0.1005382091 -0.0277891569 0.9973511696 0.0672188327 0.1025896817 -0.0640441999 0.9926599264
-66.5 69.1 2162.5 0.9944937825 0.0290149972 -0.1006990001 -0.0228168368 0.9978049397 0.0621665046 0.1022817194 -0.0595265701 0.9929728508
-202.5 267.7 2136.3 0.1655371636 -0.8249888420 -0.5403617620 0.9859586954 0.1262340695 0.1093177125 -0.0219738316 -0.5508705378 0.8343014121
-246.7 4.7 2142.2 0.0363771021 -0.8247300982 -0.5643553138 0.9503619671 0.2031739503 -0.2356534004 0.3090127707 -0.5277694464 0.7911829948
80.9 261.2 2165.5 0.0978694633 0.7481374145 0.6562865376 -0.9898333549 0.1415640563 -0.0137667116 -0.1032059789 -0.6482669711 0.7543861270
108.1 -13.8 2136.8 -0.0846325681 0.7475805879 0.6587568521 -0.9517289400 0.1351126879 -0.2756022811 -0.2950413227 -0.6502828598 0.7000591755
-159.3 -122.3 2165.6 0.8680588007 0.0072060828 -0.4964091480 0.0048530679 0.9997237325 0.0229988508 0.4964377284 -0.0223734621 0.8677839637
-162.1 -514.0 2174.4 0.8650619388 0.0721088573 -0.4964555800 -0.0810019821 0.9967073202 0.0036250812 0.4950823188 0.0370779671 0.8680545688
20.8 -125.7 2180.8 0.9509968162 -0.0318009891 0.3075610399 0.0480052195 0.9978210330 -0.0452629328 -0.3054514527 0.0578094386 0.9504511952
33.3 -516.6 2158.2 0.9510800242 0.0486299917 0.3050933480 -0.0557929538 0.9983326793 0.0147976102 -0.3038650453 -0.0310957693 0.9522075057
-256.8 -260.4 2056.0 0 0 0 0 0 0 0 0 0
84.3 -281.9 2053.7 0 0 0 0 0 0 0 0 0
-189.3 -889.3 2160.4 0 0 0 0 0 0 0 0 0
15.0 -892.4 2169.9 0 0 0 0 0 0 0 0 0
-53.2 467.9 2137.5 3 0.9944851398 0.0302343983 -0.1004248112 -0.0233975779 0.9973717332 0.0685725808 0.1022341177 -0.0658447146 0.9925788045
-59.4 264.4 2150.9 0.9944851398 0.0302343983 -0.1004248112 -0.0233975779 0.9973717332 0.0685725808 0.1022341177 -0.0658447146 0.9925788045
-64.4 69.0 2162.6 0.9945901632 0.0258505046 -0.1006086841 -0.0196612049 0.9978805184 0.0620311648 0.1019989848 -0.0597175024 0.9929904342
-201.1 267.2 2136.4 0.1753136665 -0.8234218359 -0.5396680832 0.9843249917 0.1358992010 0.1124084592 -0.0192191135 -0.5509155393 0.8343396783
-248.2 2.8 2141.6 0.0280107949 -0.8232873678 -0.5669332147 0.9513692856 0.1960151345 -0.2376438230 0.3067766428 -0.5327062607 0.7887408137
82.4 261.6 2165.5 0.0863463953 0.7486353517 0.6573351026 -0.9910755754 0.1318038404 -0.0199247058 -0.1015556306 -0.6497483253 0.7533349395
106.4 -14.2 2137.2 -0.0869372115 0.7486313581 0.6572617888 -0.9520806670 0.1317601800 -0.2760103345 -0.2932309210 -0.6497617960 0.7013025284
-162.1 -124.3 2164.9 0.8681840301 0.0035073061 -0.4962300062 0.0082015796 0.9997370243 0.0214151982 0.4961746335 -0.0226622038 0.8679269552
-163.4 -515.9 2173.8 0.8658270240 0.0641263798 -0.4962171018 -0.0714399964 0.9974358678 0.0042466833 0.4952170551 0.0317728519 0.8681880832
17.7 -128.4 2183.4 0.9505442977 -0.0374614671 0.3083215952 0.0566902272 0.9969496727 -0.0536432564 -0.3053715527 0.0684691146 0.9497684836
32.4 -518.9 2156.6 0.9519326687 0.0338184312 0.3044348061 -0.0433796532 0.9987533689 0.0246957242 -0.3032201231 -0.0367149413 0.9522129893
-256.0 -262.6 2056.0 0 0 0 0 0 0 0 0 0
81.9 -282.4 2054.6 0 0 0 0 0 0 0 0 0
-187.6 -891.6 2161.8 0 0 0 0 0 0 0 0 0
19.6 -895.0 2170.4 0 0 0 0 0 0 0 0 0
-51.9 466.9 2137.9 4 0.9947513938 0.0345363989 -0.0963163897 -0.0281425938 0.9973580241 0.0669695809 0.0983748138 -0.0639074892 0.9930952787
-58.9 264.0 2150.9 0.9947513938 0.0345363989 -0.0963163897 -0.0281425938 0.9973580241 0.0669695809 0.0983748138 -0.0639074892 0.9930952787
-64.8 68.5 2162.2 0.9948741198 0.0301460214 -0.0965228900 -0.0243572369 0.9978649020 0.0605998412 0.0981436521 -0.0579381846 0.9934842587
-200.7 267.5 2136.9 0.1692172438 -0.8267799020 -0.5364704132 0.9853451848 0.1300685108 0.1103497371 -0.0214570407 -0.5472816229 0.8366734385
-246.2 2.7 2142.7 0.0372816324 -0.8263996243 -0.5618484616 0.9492017031 0.2050801218 -0.2386592776 0.3124518991 -0.5244099498 0.7920656800
82.9 260.5 2164.9 0.0915025771 0.7462993264 0.6592910290 -0.9907886982 0.1345998943 -0.0148524586 -0.0998248830 -0.6518590450 0.7517411709
108.3 -14.6 2137.2 -0.0998761579 0.7451712489 0.6593516469 -0.9510077238 0.1233719885 -0.2834849358 -0.2925903499 -0.6553618908 0.6963416934
-159.4 -124.7 2165.1 0.8700413108 0.0086699398 -0.4929025769 -0.0044591296 0.9999428391 0.0097175743 0.4929586649 -0.0062567750 0.8700302243
-162.8 -516.3 2167.6 0.8674231172 0.0732952356 -0.4921431839 -0.0556975901 0.9971777797 0.0503410436 0.4944440424 -0.0162557960 0.8690574765
20.4 -128.2 2183.6 0.9496974945 -0.0312378053 0.3116068840 0.0503963083 0.9972889423 -0.0536192656 -0.3090871274 0.0666259229 0.9486970901
32.6 -518.9 2157.5 0.9505741596 0.0352179892 0.3084937930 -0.0432874858 0.9988752604 0.0193507522 -0.3074653149 -0.0317482464 0.9510295391
-256.6 -262.0 2055.5 0 0 0 0 0 0 0 0 0
80.2 -282.5 2054.7 0 0 0 0 0 0 0 0 0
-190.4 -891.5 2173.7 0 0 0 0 0 0 0 0 0
19.4 -895.0 2169.4 0 0 0 0 0 0 0 0 0
-53.0 466.2 2138.1 5 0.9954331517 0.0336266421 -0.0893424675 -0.0277831927 0.9974418283 0.0658624172 0.0913286507 -0.0630794168 0.9938209653
-59.8 263.5 2150.9 0.9954331517 0.0336266421 -0.0893424675 -0.0277831927 0.9974418283 0.0658624172 0.0913286507 -0.0630794168 0.9938209653
-65.5 68.1 2162.3 0.9955675602 0.0288686585 -0.0895088762 -0.0234921221 0.9978886843 0.0605494641 0.0910678804 -0.0581783317 0.9941438437
-201.7 266.8 2137.9 0.1666183919 -0.8309360743 -0.5308328867 0.9857739210 0.1283136755 0.1085607260 -0.0220939033 -0.5413694382 0.8404945135
-246.1 4.0 2143.8 0.0393375829 -0.8304752707 -0.5556648374 0.9486504793 0.2057166100 -0.2402976304 0.3138707280 -0.5176789761 0.7959231734
82.1 260.2 2163.9 0.0941174328 0.7416164279 0.6641889215 -0.9908966422 0.1342871040 -0.0095287319 -0.0962586775 -0.6572458148 0.7475039959
108.4 -16.8 2137.0 -0.1043380797 0.7401791811 0.6642652750 -0.9513199925 0.1204836294 -0.2836794257 -0.2900066972 -0.6615273952 0.6915761828
-160.6 -124.7 2164.7 0.8735796809 0.0021502427 -0.4866764545 0.0067411503 0.9998408556 0.0165178180 0.4866344929 -0.0177103877 0.8734261394
-161.5 -516.3 2171.7 0.8690460920 0.0900136605 -0.4864734709 -0.0800343975 0.9959359169 0.0413059667 0.4882144928 0.0030378229 0.8727183938
19.2 -129.1 2182.5 0.9473119378 -0.0369134285 0.3181783855 0.0546952561 0.9973900914 -0.0471320041 -0.3156081736 0.0620515570 0.9468585253
33.7 -519.8 2158.2 0.9475742579 0.0534615964 0.3150314987 -0.0626447871 0.9978532791 0.0190893933 -0.3133346736 -0.0378236994 0.9488891959
-257.1 -260.6 2056.3 0 0 0 0 0 0 0 0 0
79.0 -284.8 2055.3 0 0 0 0 0 0 0 0 0
-195.4 -891.1 2170.5 0 0 0 0 0 0 0 0 0
13.5 -895.5 2172.4 0 0 0 0 0 0 0 0 0
-53.9 465.5 2137.7 6 0.9957252145 0.0296907611 -0.0874628723 -0.0240616016 0.9976129532 0.0647262335 0.0891758651 -0.0623450503 0.9940627813
-60.0 263.1 2150.3 0.9957252145 0.0296907611 -0.0874628723 -0.0240616016 0.9976129532 0.0647262335 0.0891758651 -0.0623450503 0.9940627813
-65.1 67.7 2161.8 0.9958121181 0.0262608305 -0.0875702351 -0.0209613256 0.9979239106 0.0608970560 0.0889876410 -0.0588064380 0.9942952394
-201.9 266.1 2137.6 0.1689689755 -0.8316914439 -0.5289033651 0.9853547812 0.1300614923 0.1102722213 -0.0229225066 -0.5397900343 0.8414875269
-247.0 3.1 2143.8 0.0373240635 -0.8311715126 -0.5547619462 0.9513241053 0.1995054334 -0.2349042892 0.3059237897 -0.5189908147 0.7981598377
82.0 260.2 2163.0 0.0931203291 0.7403642535 0.6657247543 -0.9913759232 0.1308685243 -0.0068693962 -0.0922082737 -0.6593437791 0.7461658120
108.0 -16.7 2137.3 -0.0982916802 0.7398043275 0.6656036973 -0.9518260360 0.1253272742 -0.2798575759 -0.2904581428 -0.6610466242 0.6918463707
-161.1 -125.3 2165.5 0.8745253682 0.0126923667 -0.4848136008 0.0002024144 0.9996478558 0.0265357941 0.4849796891 -0.0233043581 0.8742148280
