24.9 494.4 2201.0 7 0.9969366193 -0.0443072841 0.0644533485 0.0437306650 0.9989899397 0.0103304088 -0.0648459569 -0.0074801752 0.9978672266
33.8 293.9 2202.5 0.9969366193 -0.0443072841 0.0644533485 0.0437306650 0.9989899397 0.0103304088 -0.0648459569 -0.0074801752 0.9978672266
41.8 95.3 2203.3 0.9970811009 -0.0406593829 0.0646224692 0.0403326489 0.9991661310 0.0063531282 -0.0648268983 -0.0037281890 0.9978895783
-106.5 288.2 2211.6 0.1754240543 -0.7904734015 -0.5868374705 0.9841970801 0.1261969358 0.1242192686 -0.0241349377 -0.5993547440 0.8001195788
-155.3 14.9 2218.4 -0.0229223743 -0.7937722802 -0.6077829599 0.9403070211 0.1893659532 -0.2827777863 0.3395545781 -0.5779845119 0.7420489192
174.1 299.6 2193.4 0.1886301339 0.6489858627 0.7370454669 -0.9738775492 0.2202313244 0.0553231016 -0.1264165789 -0.7282276154 0.6735750437
225.4 34.6 2159.0 -0.0952757746 0.6439529061 0.7591094971 -0.9554706216 0.1547895819 -0.2512291074 -0.2792819440 -0.7492428422 0.6005303860
-43.7 -106.3 2210.9 0.9861119986 0.1014356464 0.1315065771 -0.0911008939 0.9924293756 -0.0823687539 -0.1388661116 0.0692444444 0.9878873229
-84.0 -500.8 2183.4 0.9855204821 -0.0594145842 0.1588056982 0.0141003393 0.9620698094 0.2724386454 -0.1689689904 -0.2662546337 0.9489772916
139.1 -99.6 2197.0 0.8637711406 0.0488307104 -0.5015126467 -0.0896343365 0.9943096638 -0.0575672537 0.4958478510 0.0946776941 0.8632329106
119.7 -494.9 2159.3 0.8813319802 -0.0284648445 -0.4716393352 0.1396960318 0.9692574739 0.2025463283 0.4513745010 -0.2443967164 0.8582140207
-148.7 -254.0 2121.3 0 0 0 0 0 0 0 0 0
198.2 -238.6 2079.1 0 0 0 0 0 0 0 0 0
-61.3 -868.4 2285.1 0 0 0 0 0 0 0 0 0
130.6 -865.3 2252.7 0 0 0 0 0 0 0 0 0
24.3 496.8 2200.9 8 0.9970079660 -0.0470266454 0.0613483377 0.0462839641 0.9988374710 0.0134721445 -0.0619105697 -0.0105923917 0.9980254769
33.7 296.3 2203.0 0.9970079660 -0.0470266454 0.0613483377 0.0462839641 0.9988374710 0.0134721445 -0.0619105697 -0.0105923917 0.9980254769
42.4 97.7 2204.2 0.9971413612 -0.0437869020 0.0615778677 0.0433494598 0.9990244508 0.0084226113 -0.0618865974 -0.0057291668 0.9980667233
-106.6 290.2 2211.7 0.1736586690 -0.7884286642 -0.5901041627 0.9845777750 0.1261006296 0.1212652326 -0.0211964808 -0.6020621657 0.7981677651
-155.1 15.2 2217.7 -0.0210182145 -0.7914904356 -0.6108200550 0.9425511360 0.1880504787 -0.2761057019 0.3334000409 -0.5815323591 0.7420677543
174.1 302.4 2194.3 0.1865924150 0.6502107382 0.7364844084 -0.9736607075 0.2223704159 0.0503609776 -0.1310270876 -0.7264828682 0.6745772958
225.4 34.7 2158.3 -0.0952971950 0.6450487375 0.7581757903 -0.9554485083 0.1544668078 -0.2515118122 -0.2793503702 -0.7483662963 0.6015905738
-41.5 -107.1 2210.0 0.9862622023 0.1045005247 0.1279315203 -0.0936180726 0.9916827083 -0.0883237794 -0.1360973567 0.0751337111 0.9878423214
-83.1 -501.3 2180.1 0.9857822061 -0.0592988618 0.1572166681 0.0132382698 0.9601577520 0.2791447937 -0.1675057709 -0.2730946839 0.9472914338
141.4 -99.7 2198.1 0.8617861271 0.0553078279 -0.5042476654 -0.1009005830 0.9928652048 -0.0635431856 0.4971355498 0.1056395248 0.8612180352
119.4 -494.4 2156.1 0.8832176924 -0.0272190683 -0.4681726992 0.1458649486 0.9647402167 0.2190883309 0.4457016587 -0.2617926896 0.8560459614
-149.1 -254.3 2122.3 0 0 0 0 0 0 0 0 0
198.1 -238.5 2078.4 0 0 0 0 0 0 0 0 0
-60.4 -868.3 2284.5 0 0 0 0 0 0 0 0 0
129.8 -863.1 2256.1 0 0 0 0 0 0 0 0 0
22.4 498.9 2201.3 9 0.9965178370 -0.0556622148 0.0620796531 0.0547346286 0.9983638525 0.0165450443 -0.0628990158 -0.0130895255 0.9979340434
33.6 298.5 2204.0 0.9965178370 -0.0556622148 0.0620796531 0.0547346286 0.9983638525 0.0165450443 -0.0628990158 -0.0130895255 0.9979340434
44.3 100.0 2205.4 0.9966052771 -0.0536826923 0.0624188446 0.0531382859 0.9985335469 0.0103506278 -0.0628829598 -0.0069986596 0.9979963899
-106.6 291.1 2212.8 0.1674516201 -0.7894955277 -0.5904716253 0.9856691360 0.1216719747 0.1168428957 -0.0204030927 -0.6015751958 0.7985555530
-153.6 14.8 2218.5 -0.0138346683 -0.7930158377 -0.6090438962 0.9408106208 0.1959686726 -0.2765351534 0.3386502862 -0.5768207312 0.7433665395
173.9 306.0 2195.1 0.1866871566 0.6483503580 0.7380987406 -0.9736066461 0.2225065380 0.0508030355 -0.1312936246 -0.7281020880 0.6727772951
225.4 37.0 2158.8 -0.0932767689 0.6433801055 0.7598430514 -0.9558979869 0.1555992067 -0.2490942031 -0.2784932256 -0.7495671511 0.6004919410
-40.3 -104.9 2211.0 0.9853279591 0.1117581874 0.1289921403 -0.1002224237 0.9906356931 -0.0927164927 -0.1381460428 0.0784282461 0.9873017073
-84.8 -498.7 2179.8 0.9848912358 -0.0623793527 0.1615488976 0.0136654992 0.9579569697 0.2865863442 -0.1726339608 -0.2800487280 0.9443358779
142.6 -96.9 2199.6 0.8626175523 0.0576523729 -0.5025606155 -0.1030020639 0.9926891923 -0.0629187748 0.4952591062 0.1060396209 0.8622493744
119.7 -491.6 2157.5 0.8838880658 -0.0226238947 -0.4671509862 0.1375388503 0.9672367573 0.2133919895 0.4470178485 -0.2528660595 0.8580406904
-149.6 -254.2 2121.7 0 0 0 0 0 0 0 0 0
198.8 -236.3 2079.2 0 0 0 0 0 0 0 0 0
-60.9 -864.9 2286.9 0 0 0 0 0 0 0 0 0
128.4 -861.3 2254.1 0 0 0 0 0 0 0 0 0
23.3 499.2 2201.6 0 0.9954292178 -0.0458234921 0.0837906301 0.0443948656 0.9988364577 0.0188354179 -0.0845562443 -0.0150294518 0.9963053465
32.5 298.7 2204.6 0.9954292178 -0.0458234921 0.0837906301 0.0443948656 0.9988364577 0.0188354179 -0.0845562443 -0.0150294518 0.9963053465
41.3 100.1 2206.4 0.9954825640 -0.0441190526 0.0840713009 0.0432101563 0.9989865422 0.0126010142 -0.0845420435 -0.0089113554 0.9963800907
-107.5 292.6 2216.5 0.1643155217 -0.8014099002 -0.5751022100 0.9863228202 0.1258326322 0.1064586937 -0.0129504241 -0.5847292542 0.8111250997
-153.5 16.8 2220.1 -0.0124190506 -0.8041101694 -0.5943505764 0.9418318868 0.1902394295 -0.2770588994 0.3358547986 -0.5632191300 0.7549740076
172.6 304.8 2192.7 0.1944092214 0.6332136393 0.7491632104 -0.9729970694 0.2213597447 0.0653950796 -0.1244255155 -0.7416470051 0.6591494083
225.4 40.3 2158.9 -0.0955399722 0.6284214854 0.7719835043 -0.9549059868 0.1611565948 -0.2493653893 -0.2811168134 -0.7609960437 0.5846865773
-36.5 -103.4 2212.5 0.9814830422 0.1210939139 0.1484160721 -0.1070783362 0.9893028736 -0.0990660042 -0.1588247418 0.0813394561 0.9839504957
-84.6 -496.7 2180.2 0.9808440804 -0.0667665154 0.1829947680 0.0132801207 0.9601592422 0.2791377902 -0.1943411678 -0.2713604569 0.9426531792
146.4 -93.6 2201.0 0.8718920946 0.0659267530 -0.4852399528 -0.1127429456 0.9913016558 -0.0678970888 0.4765429497 0.1139063165 0.8717408776
120.2 -487.7 2155.7 0.8940443993 -0.0193463378 -0.4475604594 0.1268273592 0.9691234827 0.2114581317 0.4296503961 -0.2458158582 0.8688930273
-149.9 -252.5 2124.1 0 0 0 0 0 0 0 0 0
198.1 -232.7 2078.5 0 0 0 0 0 0 0 0 0
-59.1 -863.7 2283.9 0 0 0 0 0 0 0 0 0
127.6 -858.2 2249.7 0 0 0 0 0 0 0 0 0
23.9 499.8 2201.2 1 0.9946988225 -0.0398126729 0.0948111787 0.0378313437 0.9990284443 0.0226049144 -0.0956190228 -0.0188982468 0.9952386022
31.9 299.2 2205.0 0.9946988225 -0.0398126729 0.0948111787 0.0378313437 0.9990284443 0.0226049144 -0.0956190228 -0.0188982468 0.9952386022
39.6 100.5 2207.0 0.9947004318 -0.0389598534 0.0951480567 0.0377907269 0.9991867542 0.0140593378 -0.0956184268 -0.0103891157 0.9953638315
-108.1 293.9 2218.4 0.1665567011 -0.8065180182 -0.5672631860 0.9860130548 0.1326744705 0.1008750945 -0.0060962392 -0.5761303306 0.8173351288
-154.7 17.8 2220.1 -0.0174281616 -0.8084860444 -0.5882572532 0.9434751868 0.1814652979 -0.2773534656 0.3309846818 -0.5598399043 0.7596238852
171.8 304.5 2191.5 0.1972956657 0.6257702708 0.7546429634 -0.9730994701 0.2184158415 0.0732931644 -0.1189612821 -0.7488030791 0.6520292163
225.5 39.7 2159.1 -0.1042899266 0.6211038232 0.7767584324 -0.9503027201 0.1681271195 -0.2620266378 -0.2933399081 -0.7654824257 0.5727027059
-41.2 -102.5 2215.9 0.9814160466 0.1083208546 0.1583955586 -0.0930154547 0.9905226231 -0.1010596082 -0.1678412408 0.0844482854 0.9821903110
-84.3 -496.3 2182.3 0.9804559946 -0.0606382862 0.1871603131 0.0078094918 0.9625615478 0.2709507048 -0.1965833157 -0.2641936243 0.9442228079
141.4 -94.5 2200.4 0.8776153922 0.0519729070 -0.4765397012 -0.0986912698 0.9923985600 -0.0735198706 0.4690962434 0.1115524694 0.8760734797
120.7 -489.1 2156.1 0.8975511789 -0.0125368498 -0.4407320023 0.1209443808 0.9682541490 0.2187608629 0.4239980280 -0.2496531308 0.8705739379
-149.7 -252.0 2125.5 0 0 0 0 0 0 0 0 0
195.7 -232.0 2075.3 0 0 0 0 0 0 0 0 0
-61.1 -864.2 2283.3 0 0 0 0 0 0 0 0 0
125.5 -859.2 2251.5 0 0 0 0 0 0 0 0 0
23.9 498.3 2201.0 2 0.9941072464 -0.0372985415 0.1017824039 0.0352055430 0.9991316199 0.0222835205 -0.1025251597 -0.0185689051 0.9945570827
31.4 297.6 2204.7 0.9941072464 -0.0372985415 0.1017824039 0.0352055430 0.9991316199 0.0222835205 -0.1025251597 -0.0185689051 0.9945570827
38.5 99.0 2206.9 0.9941376448 -0.0356960036 0.1020594463 0.0343724117 0.9993010163 0.0146987261 -0.1025127918 -0.0111045279 0.9946696758
-108.5 292.8 2219.1 0.1698181927 -0.8103681803 -0.5607720017 0.9854050279 0.1328332573 0.1064530089 -0.0117769632 -0.5706651807 0.8210983872
-155.7 18.9 2222.4 -0.0215390548 -0.8124306202 -0.5826599002 0.9414456487 0.1796601117 -0.2853109241 0.3364760578 -0.5546879768 0.7609895468
171.3 302.5 2190.3 0.1994194835 0.6199308038 0.7588924170 -0.9721496105 0.2224600017 0.0737334862 -0.1231135428 -0.7524608374 0.6470283866
225.3 39.2 2156.9 -0.1084091961 0.6141271591 0.7817258239 -0.9528138041 0.1600943804 -0.2579063773 -0.2835372090 -0.7727985978 0.5677930713
-43.9 -101.6 2217.9 0.9812904000 0.1016902924 0.1634876728 -0.0837597996 0.9900500774 -0.1130714715 -0.1733592600 0.0972622558 0.9800441861
-84.3 -495.2 2179.2 0.9795815349 -0.0653433204 0.1901323050 0.0097263623 0.9600043297 0.2798162103 -0.2008119524 -0.2722535133 0.9410380125
138.6 -94.6 2200.4 0.8809078336 0.0479116477 -0.4708564579 -0.0933219790 0.9929149151 -0.0735593066 0.4639960527 0.1087402329 0.8791377544
119.6 -489.4 2157.1 0.8982458115 -0.0268222447 -0.4386742115 0.1300615817 0.9696505666 0.2070307881 0.4198076427 -0.2430192083 0.8744730949
-149.6 -250.3 2126.2 0 0 0 0 0 0 0 0 0
194.3 -233.2 2075.9 0 0 0 0 0 0 0 0 0
-59.3 -862.1 2283.3 0 0 0 0 0 0 0 0 0
129.8 -860.1 2250.0 0 0 0 0 0 0 0 0 0
23.7 497.4 2200.4 3 0.9942236543 -0.0361120775 0.1010707170 0.0340814181 0.9991824031 0.0217471719 -0.1017734185 -0.0181769188 0.9946415424
31.0 296.8 2204.0 0.9942236543 -0.0361120775 0.1010707170 0.0340814181 0.9991824031 0.0217471719 -0.1017734185 -0.0181769188 0.9946415424
37.8 98.1 2206.7 0.9942601323 -0.0345668308 0.1012517810 0.0330493264 0.9993153811 0.0166272633 -0.1017572209 -0.0131855207 0.9947218895
-109.0 292.2 2218.3 0.1679940969 -0.8101694584 -0.5616078973 0.9856920242 0.1301038265 0.1071642637 -0.0137538817 -0.5715754032 0.8204342723
-156.2 14.9 2222.2 -0.0238986127 -0.8126159906 -0.5823092461 0.9395933151 0.1806898564 -0.2907156944 0.3414576054 -0.5540815592 0.7592102885
170.9 301.5 2189.7 0.2003578246 0.6208361387 0.7579044700 -0.9724575281 0.2200581133 0.0768163502 -0.1190926582 -0.7524206638 0.6478271484
225.3 37.1 2157.3 -0.1122712567 0.6151903272 0.7803435326 -0.9502660036 0.1631119400 -0.2653093636 -0.2904990911 -0.7713205218 0.5662816167
-45.6 -102.8 2218.5 0.9817276001 0.0978085324 0.1632311344 -0.0813760832 0.9911900163 -0.1045002416 -0.1720140874 0.0893076584 0.9810378551
-84.5 -496.9 2183.0 0.9797210693 -0.0704992190 0.1875540912 0.0194840580 0.9651405811 0.2610058486 -0.1994167715 -0.2520586252 0.9469421506
136.8 -96.5 2199.7 0.8806789517 0.0411533117 -0.4719226062 -0.0876010433 0.9931855202 -0.0768675283 0.4655433297 0.1090365350 0.8782826662
120.4 -491.4 2156.4 0.8983348608 -0.0162840448 -0.4390095174 0.1242248341 0.9679440260 0.2182947099 0.4213818908 -0.2506376207 0.8715606928
-149.4 -253.8 2124.6 0 0 0 0 0 0 0 0 0
193.2 -234.6 2074.3 0 0 0 0 0 0 0 0 0
-57.6 -865.8 2279.4 0 0 0 0 0 0 0 0 0
126.6 -861.4 2252.2 0 0 0 0 0 0 0 0 0
24.5 497.7 2200.6 4 0.9939903617 -0.0352038220 0.1036527902 0.0331766009 0.9992242455 0.0212178826 -0.1043193340 -0.0176515225 0.9943872094
31.6 296.6 2204.1 0.9939903617 -0.0352038220 0.1036527902 0.0331766009 0.9992242455 0.0212178826 -0.1043193340 -0.0176515225 0.9943872094
38.3 98.0 2207.2 0.9940274358 -0.0338940658 0.1037336364 0.0321038440 0.9993062019 0.0188796073 -0.1043015718 -0.0154366000 0.9944258928
-108.3 292.1 2218.8 0.1717684567 -0.8104926348 -0.5599975586 0.9850794077 0.1351436526 0.1065587252 -0.0106849447 -0.5699455142 0.8216130137
-156.9 13.6 2221.8 -0.0234370511 -0.8124811053 -0.5825161934 0.9406642318 0.1793845743 -0.2880485952 0.3385284543 -0.5547031760 0.7600677013
171.5 301.2 2189.5 0.1970583647 0.6182746887 0.7608577013 -0.9724233747 0.2220090181 0.0714477971 -0.1247429103 -0.7539551854 0.6449734569
225.2 36.3 2155.5 -0.1169399694 0.6118916273 0.7822491527 -0.9503956437 0.1596409380 -0.2669509947 -0.2882240713 -0.7746634483 0.5628707409
-46.5 -103.6 2218.6 0.9814769626 0.0947649032 0.1665008366 -0.0800435171 0.9924416542 -0.0930191576 -0.1740573198 0.0779688507 0.9816439748
-84.2 -498.1 2187.6 0.9795852304 -0.0696657524 0.1885721982 0.0221334249 0.9697063565 0.2432688773 -0.1998071671 -0.2341288477 0.9514519572
135.9 -97.5 2199.9 0.8816407323 0.0428925902 -0.4699679613 -0.0901698470 0.9928244948 -0.0785427839 0.4632267952 0.1116234511 0.8791821003
118.9 -492.3 2155.6 0.8997317553 -0.0328857601 -0.4352025688 0.1437038332 0.9638766050 0.2242567092 0.4121067226 -0.2643111646 0.8719562292
-150.2 -255.4 2125.0 0 0 0 0 0 0 0 0 0
191.7 -235.5 2073.1 0 0 0 0 0 0 0 0 0
-57.6 -868.8 2277.1 0 0 0 0 0 0 0 0 0
131.4 -860.6 2256.6 0 0 0 0 0 0 0 0 0
25.1 497.7 2200.2 5 0.9942497611 -0.0334503390 0.1017273590 0.0312369112 0.9992409945 0.0232745335 -0.1024286896 -0.0199630503 0.9945400357
31.8 296.7 2204.2 0.9942497611 -0.0334503390 0.1017273590 0.0312369112 0.9992409945 0.0232745335 -0.1024286896 -0.0199630503 0.9945400357
38.2 98.0 2207.5 0.9942737818 -0.0323514268 0.1018479988 0.0305075627 0.9993421435 0.0196103491 -0.1024154201 -0.0163909215 0.9946066737
-108.1 292.4 2218.6 0.1713858992 -0.8096908927 -0.5612731576 0.9851104617 0.1329898983 0.1089546680 -0.0135759423 -0.5715892911 0.8204275370
-156.4 14.7 2222.4 -0.0231602434 -0.8119007945 -0.5833358765 0.9401347637 0.1807617843 -0.2889148295 0.3400150239 -0.5551056862 0.7591096759
171.7 300.9 2189.8 0.1959059387 0.6193838120 0.7602529526 -0.9722529650 0.2237583995 0.0682375506 -0.1278477460 -0.7525263429 0.6460333467
225.1 36.0 2154.9 -0.1134164706 0.6134750843 0.7815273404 -0.9495773315 0.1644867659 -0.2669212520 -0.2923004329 -0.7723939419 0.5638865829
-46.1 -103.6 2219.8 0.9817993641 0.0948398560 0.1645459682 -0.0805237815 0.9925341606 -0.0916072130 -0.1720055044 0.0766900480 0.9821062684
-83.8 -498.3 2189.4 0.9803658724 -0.0635159910 0.1866773665 0.0166705195 0.9700099230 0.2424928695 -0.1964810789 -0.2346197367 0.9520235062
136.3 -97.8 2200.7 0.8805627227 0.0431736298 -0.4719590247 -0.0921640247 0.9924298525 -0.0811710432 0.4648817778 0.1149738431 0.8778758049
119.1 -492.4 2155.0 0.9003222585 -0.0289404076 -0.4342605770 0.1446939260 0.9609338641 0.2359443903 0.4104673564 -0.2752608657 0.8693376780
-149.8 -254.1 2125.2 0 0 0 0 0 0 0 0 0
192.7 -235.6 2071.4 0 0 0 0 0 0 0 0 0
-59.6 -869.1 2279.0 0 0 0 0 0 0 0 0 0
130.2 -859.7 2260.2 0 0 0 0 0 0 0 0 0
24.6 497.1 2200.5 6 0.9942398071 -0.0339143425 0.1016710922 0.0315522775 0.9991955757 0.0247516762 -0.1024287418 -0.0214011464 0.9945101142
31.4 296.1 2204.8 0.9942398071 -0.0339143425 0.1016710922 0.0315522775 0.9991955757 0.0247516762 -0.1024287418 -0.0214011464 0.9945101142
37.9 97.5 2207.8 0.9942667484 -0.0324433260 0.1018875912 0.0307413172 0.9993610978 0.0182311349 -0.1024139747 -0.0149944518 0.9946288466
-108.5 291.8 2219.2 0.1699283868 -0.8098618388 -0.5614696145 0.9853881598 0.1329338253 0.1064837500 -0.0115988310 -0.5713601112 0.8206174970
-156.2 15.5 2222.4 -0.0225848258 -0.8119916916 -0.5832318664 0.9408709407 0.1799765825 -0.2870023549 0.3380115926 -0.5552277565 0.7599146366
171.4 300.5 2190.4 0.1972192377 0.6189194322 0.7602915764 -0.9715877175 0.2269048095 0.0673162788 -0.1308504641 -0.7519660592 0.6460845470
225.1 35.7 2154.7 -0.1118549779 0.6131609082 0.7819988132 -0.9486729503 0.1683708280 -0.2677142024 -0.2958176732 -0.7718062997 0.5628560781
-46.6 -103.5 2220.1 0.9816281796 0.0978165641 0.1638232917 -0.0819598362 0.9915133119 -0.1009156853 -0.1723041981 0.0856347457 0.9813144207
-85.5 -497.7 2186.1 0.9797012210 -0.0684559420 0.1884126067 0.0145296557 0.9616626501 0.2738500535 -0.1999360174 -0.2655536532 0.9431366920
135.9 -97.9 2201.3 0.8807443976 0.0423646644 -0.4716932476 -0.0891561881 0.9930146337 -0.0772855803 0.4651241302 0.1101232097 0.8783692122
119.1 -492.7 2157.5 0.8983902335 -0.0316043869 -0.4380595982 0.1411682516 0.9652601480 0.2198735625 0.4158924818 -0.2593723536 0.8716418147
-149.7 -253.5 2125.8 0 0 0 0 0 0 0 0 0
193.1 -235.6 2070.1 0 0 0 0 0 0 0 0 0
-59.3 -865.2 2287.5 0 0 0 0 0 0 0 0 0
131.1 -861.7 2256.7 0 0 0 0 0 0 0 0 0
23.9 496.7 2200.6 7 0.9941360950 -0.0362798348 0.1018686518 0.0337470733 0.9990795851 0.0264778286 -0.1027355045 -0.0228847954 0.9944454432
31.1 295.9 2205.2 0.9941360950 -0.0362798348 0.1018686518 0.0337470733 0.9990795851 0.0264778286 -0.1027355045 -0.0228847954 0.9944454432
37.9 97.2 2208.3 0.9941969514 -0.0337844528 0.1021324545 0.0320110619 0.9993078113 0.0189534854 -0.1027020887 -0.0155741284 0.9945902228
-108.8 291.4 2219.7 0.1707486510 -0.8092364073 -0.5621222258 0.9852995276 0.1370734721 0.1019595340 -0.0054573189 -0.5712682009 0.8207453489
-156.9 13.9 2221.2 -0.0193323754 -0.8109075427 -0.5848548412 0.9431428909 0.1793509871 -0.2798476815 0.3318248987 -0.5570117831 0.7613344193
171.1 300.4 2190.8 0.1982960701 0.6188060641 0.7601037621 -0.9717547894 0.2253579050 0.0700461119 -0.1279504299 -0.7525243163 0.6460153461
225.2 35.1 2155.8 -0.1083030701 0.6143098474 0.7815969586 -0.9451320171 0.1801308692 -0.2725405395 -0.3082140982 -0.7682293057 0.5610951781
-46.9 -104.0 2220.1 0.9821394086 0.0912255719 0.1645601094 -0.0760008395 0.9924207926 -0.0965649486 -0.1721220762 0.0823335350 0.9816288352
-83.2 -498.6 2187.4 0.9808312654 -0.0578357615 0.1860781908 0.0082663130 0.9664273262 0.2568071187 -0.1946836859 -0.2503462732 0.9483802319
135.6 -98.4 2201.3 0.8809773922 0.0407013334 -0.4714045525 -0.0879822150 0.9930092692 -0.0786872730 0.4649064243 0.1107969284 0.8783997297
119.4 -493.2 2157.3 0.8989802599 -0.0266660880 -0.4371765852 0.1377782226 0.9646906257 0.2244753987 0.4157542586 -0.2620323598 0.8709118366
-151.3 -255.7 2126.3 0 0 0 0 0 0 0 0 0
194.3 -235.2 2067.7 0 0 0 0 0 0 0 0 0
-61.1 -867.9 2283.1 0 0 0 0 0 0 0 0 0
129.6 -862.0 2257.5 0 0 0 0 0 0 0 0 0
25.2 500.6 2207.2 8 0.9952177405 -0.0319967717 0.0922922343 0.0313724838 0.9994740486 0.0082075121 -0.0925063118 -0.0052728248 0.9956981540
31.7 299.2 2208.3 0.9952177405 -0.0319967717 0.0922922343 0.0313724838 0.9994740486 0.0082075121 -0.0925063118 -0.0052728248 0.9956981540
37.8 100.6 2208.5 0.9952479601 -0.0306533650 0.0924220979 0.0304078385 0.9995293021 0.0040639262 -0.0925031677 -0.0012342579 0.9957116246
-108.4 295.0 2221.3 0.1652991027 -0.8054547906 -0.5691386461 0.9862433672 0.1347207576 0.0957827568 -0.0004738991 -0.5771420002 0.8166436553
-155.7 12.8 2221.4 -0.0126030985 -0.8076710105 -0.5894986987 0.9399434924 0.1915390044 -0.2825226188 0.3410973251 -0.5576561093 0.7567511201
171.8 303.5 2195.2 0.1938741505 0.6275886893 0.7540193796 -0.9713196754 0.2306531817 0.0577683374 -0.1376622170 -0.7435936332 0.6543069482
225.4 34.9 2157.2 -0.1062635183 0.6228132248 0.7751204967 -0.9444448948 0.1806099862 -0.2745977342 -0.3110176027 -0.7612382770 0.5690205097
-46.6 -104.4 2220.8 0.9839670062 0.0867827460 0.1558128446 -0.0719539076 0.9925402403 -0.0984199569 -0.1631916612 0.0856306553 0.9828712344
-81.1 -499.0 2186.8 0.9831607342 -0.0483214743 0.1762385815 0.0024132978 0.9677557945 0.2518786192 -0.1827270538 -0.2472118586 0.9515761137
135.8 -98.5 2202.0 0.8764755726 0.0406815186 -0.4797244668 -0.0887276083 0.9930050373 -0.0779002011 0.4731996953 0.1108424291 0.8739542365
119.6 -493.3 2157.9 0.8945297003 -0.0230981782 -0.4464113414 0.1339040399 0.9666504860 0.2183037698 0.4264813364 -0.2550554872 0.8677905202
-152.1 -256.0 2123.9 0 0 0 0 0 0 0 0 0
195.0 -235.2 2068.2 0 0 0 0 0 0 0 0 0
-62.7 -868.9 2281.3 0 0 0 0 0 0 0 0 0
128.5 -862.9 2255.4 0 0 0 0 0 0 0 0 0
25.3 498.8 2203.5 9 0.9934396744 -0.0326701738 0.1095912308 0.0305869505 0.9993190169 0.0206370372 -0.1101908162 -0.0171495900 0.9937624931
31.8 297.5 2206.9 0.9934396744 -0.0326701738 0.1095912308 0.0305869505 0.9993190169 0.0206370372 -0.1101908162 -0.0171495900 0.9937624931
38.1 98.8 2209.2 0.9934671521 -0.0311549045 0.1097834855 0.0297274031 0.9994511604 0.0146161169 -0.1101785973 -0.0112570534 0.9938480258
-108.0 293.3 2222.5 0.1698646545 -0.8133177757 -0.5564711690 0.9854662418 0.1410499364 0.0946634114 0.0014987860 -0.5644634962 0.8254566789
-156.2 13.6 2222.0 -0.0191327929 -0.8149858713 -0.5791649222 0.9396827817 0.1832062006 -0.2888455689 0.3415116370 -0.5497577190 0.7623229027
171.6 301.6 2191.4 0.1984332800 0.6148214340 0.7632946968 -0.9724206328 0.2208878696 0.0748780295 -0.1225659251 -0.7571017742 0.6416965723
225.4 38.1 2158.2 -0.1029568762 0.6109532714 0.7849432826 -0.9473779202 0.1802420020 -0.2645522356 -0.3031088114 -0.7708754539 0.5602464676
-47.4 -100.9 2217.2 0.9808272123 0.0900740921 0.1728140414 -0.0753526613 0.9930920005 -0.0899459422 -0.1797220409 0.0751994252 0.9808389544
-83.2 -495.8 2187.3 0.9790503979 -0.0651113614 0.1929269433 0.0161414687 0.9693309665 0.2452282906 -0.2029772103 -0.2369767278 0.9500748515
135.2 -95.4 2200.3 0.8845755458 0.0399725474 -0.4646808505 -0.0851011723 0.9934278131 -0.0765440986 0.4585672319 0.1072539240 0.8821636438
119.3 -490.4 2157.6 0.9001756310 -0.0288519915 -0.4345704019 0.1308110654 0.9696443081 0.2065873742 0.4154182673 -0.2428115308 0.8766243458
-150.7 -255.1 2124.4 0 0 0 0 0 0 0 0 0
196.0 -232.8 2071.6 0 0 0 0 0 0 0 0 0
-58.3 -866.2 2277.9 0 0 0 0 0 0 0 0 0
130.4 -861.0 2250.4 0 0 0 0 0 0 0 0 0
25.0 500.0 2208.1 0 0.9949640036 -0.0319168083 0.0950154439 0.0316859297 0.9994901419 0.0039380449 -0.0950926915 -0.0009075602 0.9954680204
31.4 298.8 2208.3 0.9949640036 -0.0319168083 0.0950154439 0.0316859297 0.9994901419 0.0039380449 -0.0950926915 -0.0009075602 0.9954680204
37.4 100.1 2208.1 0.9950200319 -0.0299058519 0.0950831994 0.0298751146 0.9995521307 0.0017471139 -0.0950928628 0.0011022083 0.9954677820
-108.6 294.6 2221.7 0.1685176939 -0.8075497746 -0.5652124882 0.9856587052 0.1328961551 0.1039975062 -0.0088685909 -0.5746320486 0.8183637857
-156.0 17.0 2224.2 -0.0206540842 -0.8102410436 -0.5857327580 0.9365774989 0.1893267035 -0.2949202061 0.3498513103 -0.5546754599 0.7549431920
171.5 303.0 2194.9 0.1968218535 0.6271275878 0.7536392808 -0.9720424414 0.2252027690 0.0664619282 -0.1280415356 -0.7456505299 0.6539194584
225.6 35.7 2159.7 -0.0965616554 0.6226266623 0.7765383720 -0.9515451789 0.1711007953 -0.2555117607 -0.2919547856 -0.7635840178 0.5759356618
-46.9 -102.6 2221.5 0.9828079939 0.0940410122 0.1588857621 -0.0795595571 0.9922756553 -0.0951805785 -0.1666093469 0.0809033588 0.9826983213
-84.3 -497.1 2189.4 0.9810989499 -0.0682746395 0.1810620725 0.0234939009 0.9707938433 0.2387620956 -0.1920753419 -0.2299953699 0.9540488124
135.4 -97.2 2201.3 0.8778431416 0.0396334752 -0.4773055315 -0.0860316232 0.9934094548 -0.0757376552 0.4711580873 0.1075491533 0.8754674196
119.7 -492.2 2158.5 0.8947547078 -0.0213811360 -0.4460457861 0.1285731792 0.9688907266 0.2114703804 0.4276481569 -0.2465636432 0.8696685433
-150.1 -250.8 2124.2 0 0 0 0 0 0 0 0 0
198.0 -236.4 2076.2 0 0 0 0 0 0 0 0 0
-58.2 -868.2 2277.3 0 0 0 0 0 0 0 0 0
127.8 -862.6 2252.8 0 0 0 0 0 0 0 0 0
24.3 499.4 2204.0 1 0.9945083857 -0.0313449986 0.0998529196 0.0295786280 0.9993795156 0.0191216972 -0.1003903300 -0.0160631761 0.9948184490
30.6 298.0 2207.2 0.9945083857 -0.0313449986 0.0998529196 0.0295786280 0.9993795156 0.0191216972 -0.1003903300 -0.0160631761 0.9948184490
36.3 99.3 2209.0 0.9945718050 -0.0285215713 0.1000669450 0.0274594910 0.9995511770 0.0119753117 -0.1003635898 -0.0091625201 0.9949086308
-109.3 294.1 2221.3 0.1632986218 -0.8102656007 -0.5628527403 0.9865175486 0.1278616339 0.1021494046 -0.0108008785 -0.5719449520 0.8202208877
-155.0 18.1 2224.3 -0.0172421522 -0.8130876422 -0.5818859339 0.9376211166 0.1889601052 -0.2918230295 0.3472309113 -0.5506201982 0.7591100335
170.6 301.8 2193.1 0.2030311823 0.6236067414 0.7549125552 -0.9726961851 0.2169733495 0.0823692903 -0.1124298573 -0.7510240674 0.6506322622
225.9 37.1 2162.5 -0.0987483412 0.6197102070 0.7785935998 -0.9503462911 0.1733048856 -0.2584710717 -0.2951112390 -0.7654571533 0.5718257427
-47.9 -101.3 2216.6 0.9825617075 0.0896358043 0.1629046351 -0.0750877112 0.9927952290 -0.0933779031 -0.1701009572 0.0795174167 0.9822131395
-83.5 -496.0 2185.0 0.9808819294 -0.0644417554 0.1836244762 0.0172029100 0.9685997963 0.2480292916 -0.1938420683 -0.2401285768 0.9511905909
134.7 -95.8 2199.2 0.8798512220 0.0403332710 -0.4735345840 -0.0877114683 0.9930568337 -0.0783888027 0.4670850933 0.1105049029 0.8772799969
118.6 -490.7 2155.2 0.8977581263 -0.0336766727 -0.4391994774 0.1464064419 0.9632005095 0.2254105210 0.4154461026 -0.2666657567 0.8696516156
-150.1 -250.0 2125.1 0 0 0 0 0 0 0 0 0
197.6 -234.6 2078.1 0 0 0 0 0 0 0 0 0
-58.9 -866.3 2276.8 0 0 0 0 0 0 0 0 0
131.5 -858.8 2257.1 0 0 0 0 0 0 0 0 0
24.1 500.6 2208.9 2 0.9943515658 -0.0294166841 0.1019785479 0.0289225578 0.9995616674 0.0063209371 -0.1021197885 -0.0033357535 0.9947665334
30.1 299.4 2209.5 0.9943515658 -0.0294166841 0.1019785479 0.0289225578 0.9995616674 0.0063209371 -0.1021197885 -0.0033357535 0.9947665334
35.4 100.7 2209.4 0.9944070578 -0.0270073749 0.1021036804 0.0269555878 0.9996348619 0.0018871592 -0.1021173671 0.0008756603 0.9947719574
-109.9 295.6 2223.9 0.1679120362 -0.8112289906 -0.5601009727 0.9857844114 0.1347837895 0.1003114656 -0.0058830408 -0.5689823031 0.8223286867
-157.1 18.2 2225.6 -0.0272123013 -0.8137878180 -0.5805246830 0.9352939725 0.1842473149 -0.3021227419 0.3528239131 -0.5511826873 0.7561169863
170.0 303.2 2195.2 0.1976585686 0.6244556308 0.7556363344 -0.9737918973 0.2135609686 0.0782373175 -0.1125186905 -0.7512968183 0.6503019929
224.7 33.8 2164.0 -0.0924933255 0.6211425066 0.7782203555 -0.9519243836 0.1740678251 -0.2520720363 -0.2920357883 -0.7641219497 0.5751806498
-49.2 -101.9 2220.0 0.9824442267 0.0876760557 0.1646701843 -0.0710373595 0.9919997454 -0.1043563411 -0.1725023389 0.0908265486 0.9808126688
-84.1 -496.3 2183.9 0.9802952409 -0.0687575564 0.1851853728 0.0187145546 0.9655772448 0.2594424188 -0.1966494024 -0.2508645058 0.9478375316
133.3 -96.9 2201.6 0.8808339834 0.0367874950 -0.4719938040 -0.0893674642 0.9919727445 -0.0894624218 0.4649139047 0.1209824309 0.8770509362
118.6 -491.3 2153.5 0.8997759223 -0.0329745077 -0.4351045489 0.1484746039 0.9607775807 0.2342258096 0.4103152156 -0.2753527164 0.8693804145
-149.4 -249.3 2124.7 0 0 0 0 0 0 0 0 0
198.2 -238.4 2080.5 0 0 0 0 0 0 0 0 0
-57.8 -865.4 2279.8 0 0 0 0 0 0 0 0 0
131.2 -858.5 2258.8 0 0 0 0 0 0 0 0 0
25.2 497.7 2210.8 3 0.9945476651 -0.0275136996 0.1005880311 0.0274818260 0.9996208549 0.0017027960 -0.1005967483 0.0010708311 0.9949266911
30.7 297.1 2210.6 0.9945476651 -0.0275136996 0.1005880311 0.0274818260 0.9996208549 0.0017027960 -0.1005967483 0.0010708311 0.9949266911
35.5 98.3 2209.7 0.9946326017 -0.0238521714 0.1006827503 0.0241746381 0.9997057915 -0.0019837539 -0.1006058082 0.0044070752 0.9949166179
-109.2 293.7 2224.8 0.1730022728 -0.8099805117 -0.5603585839 0.9849087596 0.1393898726 0.1025921255 -0.0049893125 -0.5696507692 0.8218716979
-157.8 17.5 2226.2 -0.0299855061 -0.8122023344 -0.5826047659 0.9355707765 0.1823763400 -0.3024006486 0.3518638313 -0.5541356206 0.7544041276
170.7 300.5 2196.4 0.2016275823 0.6254597306 0.7537549138 -0.9727341533 0.2179156095 0.0793793723 -0.1146063507 -0.7492082119 0.6523438096
225.5 36.4 2165.3 -0.0928944573 0.6210279465 0.7782640457 -0.9565853477 0.1612025350 -0.2428131700 -0.2762519121 -0.7670319676 0.5790914297
-50.4 -100.5 2218.6 0.9827825427 0.0857277215 0.1636740714 -0.0699158162 0.9925234914 -0.1000447348 -0.1710269600 0.0868788138 0.9814285040
-84.5 -495.1 2184.0 0.9802170992 -0.0742113739 0.1834859103 0.0243002679 0.9651562572 0.2605433762 -0.1964278668 -0.2509303093 0.9478660822
132.1 -95.5 2199.8 0.8801360726 0.0354428254 -0.4733965397 -0.0870523155 0.9923490882 -0.0875507742 0.4666715860 0.1182668582 0.8764876723
118.0 -490.1 2152.8 0.8987011313 -0.0405524559 -0.4366827309 0.1584603786 0.9584733248 0.2371059358 0.4089335203 -0.2822842598 0.8678069711
-149.2 -250.0 2125.6 0 0 0 0 0 0 0 0 0
198.9 -237.1 2086.3 0 0 0 0 0 0 0 0 0
-56.1 -864.1 2279.9 0 0 0 0 0 0 0 0 0
133.5 -856.5 2260.7 0 0 0 0 0 0 0 0 0
26.0 498.6 2205.3 4 0.9957459569 -0.0247142669 0.0887648240 0.0229962654 0.9995288849 0.0203254577 -0.0892253369 -0.0181977339 0.9958451986
31.0 297.2 2209.0 0.9957459569 -0.0247142669 0.0887648240 0.0229962654 0.9995288849 0.0203254577 -0.0892253369 -0.0181977339 0.9958451986
35.3 98.5 2211.0 0.9958059192 -0.0213825218 0.0889569819 0.0203953478 0.9997200966 0.0119915092 -0.0891884863 -0.0101269074 0.9959632754
-109.1 294.3 2221.5 0.1740584671 -0.8032515049 -0.5696408749 0.9845574498 0.1309598535 0.1161729470 -0.0187160075 -0.5810649991 0.8136419058
-158.2 16.7 2226.8 -0.0313541144 -0.8060894012 -0.5909626484 0.9374054670 0.1814471185 -0.2972338796 0.3468255401 -0.5632910728 0.7499434352
171.2 300.1 2196.4 0.2001458555 0.6330551505 0.7477852702 -0.9735808969 0.2141281813 0.0793051794 -0.1099173427 -0.7439020872 0.6591873169
225.9 33.9 2166.4 -0.0919232368 0.6285310984 0.7723333836 -0.9584881067 0.1543857157 -0.2397197336 -0.2699085474 -0.7623081803 0.5882479548
-51.0 -102.6 2218.1 0.9850107431 0.0825569779 0.1514535844 -0.0692548901 0.9934304357 -0.0911025479 -0.1579797566 0.0792480856 0.9842571616
-83.9 -497.6 2186.6 0.9835873246 -0.0595155358 0.1703347564 0.0160207190 0.9691119194 0.2461003363 -0.1797202379 -0.2393322736 0.9541596770
131.5 -98.2 2199.6 0.8744605184 0.0313567333 -0.4840822220 -0.0794646963 0.9936879873 -0.0791806281 0.4785438180 0.1077077761 0.8714326620
119.0 -493.3 2156.8 0.8911849260 -0.0296728648 -0.4526687562 0.1443477869 0.9645425081 0.2209558934 0.4300618470 -0.2622542977 0.8638688922
-149.2 -251.4 2127.6 0 0 0 0 0 0 0 0 0
199.6 -240.1 2089.2 0 0 0 0 0 0 0 0 0
-61.1 -868.0 2278.1 0 0 0 0 0 0 0 0 0
130.4 -861.9 2257.0 0 0 0 0 0 0 0 0 0
26.3 500.4 2209.0 5 0.9952561855 -0.0225088447 0.0946491957 0.0217195787 0.9997202754 0.0093609253 -0.0948334262 -0.0072607780 0.9954666495
30.8 298.7 2210.5 0.9952561855 -0.0225088447 0.0946491957 0.0217195787 0.9997202754 0.0093609253 -0.0948334262 -0.0072607780 0.9954666495
34.7 100.0 2211.0 0.9953141212 -0.0192527566 0.0947583318 0.0189460088 0.9998119473 0.0041358466 -0.0948201343 -0.0023211744 0.9954917431
-109.2 296.1 2223.8 0.1714945138 -0.8069558740 -0.5651652813 0.9851135015 0.1335450858 0.1082454398 -0.0118742501 -0.5753154755 0.8178454041
-158.0 15.8 2227.2 -0.0304530505 -0.8093929291 -0.5864773393 0.9381212592 0.1793574542 -0.2962421477 0.3449653685 -0.5592083335 0.7538467646
170.9 301.4 2197.2 0.1938307732 0.6313108802 0.7509168983 -0.9751124382 0.2079605609 0.0768647343 -0.1076355502 -0.7471271157 0.6559082866
224.9 30.0 2167.2 -0.0830646902 0.6272636652 0.7743645906 -0.9640673995 0.1461787671 -0.2218239158 -0.2523377538 -0.7649654150 0.5925821662
-51.9 -102.1 2221.2 0.9845391512 0.0781745389 0.1567527950 -0.0626716614 0.9928575158 -0.1015195847 -0.1635694355 0.0901260450 0.9824063778
-83.0 -496.8 2185.3 0.9830621481 -0.0568493828 0.1742323339 0.0108810384 0.9671016932 0.2541571856 -0.1829490662 -0.2479564846 0.9513397217
130.9 -98.3 2204.8 0.8770724535 0.0290304366 -0.4794800878 -0.0841713399 0.9920166135 -0.0939052254 0.4729261100 0.1227201670 0.8725140095
119.3 -492.7 2156.0 0.8952016830 -0.0258917231 -0.4449084997 0.1415929049 0.9631088972 0.2288507670 0.4225700200 -0.2678634822 0.8658428192
-149.3 -252.5 2128.6 0 0 0 0 0 0 0 0 0
201.1 -245.6 2095.1 0 0 0 0 0 0 0 0 0
-61.2 -866.5 2280.1 0 0 0 0 0 0 0 0 0
129.2 -860.9 2258.4 0 0 0 0 0 0 0 0 0
26.8 500.5 2210.9 6 0.9950502515 -0.0222119261 0.0968588814 0.0216061752 0.9997399449 0.0072984467 -0.0969958007 -0.0051695714 0.9952713847
31.3 299.2 2212.0 0.9950502515 -0.0222119261 0.0968588814 0.0216061752 0.9997399449 0.0072984467 -0.0969958007 -0.0051695714 0.9952713847
35.1 100.4 2211.7 0.9950988889 -0.0192247815 0.0969979987 0.0192588326 0.9998143315 0.0005852600 -0.0969912410 0.0012856767 0.9952843785
-108.7 296.5 2225.6 0.1717529744 -0.8075997829 -0.5641662478 0.9851367474 0.1393121332 0.1004876122 -0.0025585762 -0.5730399489 0.8195234537
-157.7 15.8 2226.3 -0.0278684702 -0.8094751835 -0.5864923596 0.9397352934 0.1787957251 -0.2914269567 0.3407652080 -0.5592691898 0.7557096481
171.4 301.9 2198.3 0.1923541129 0.6303774118 0.7520799041 -0.9754080176 0.2068558633 0.0760909617 -0.1076061204 -0.7482212186 0.6546647549
224.9 30.3 2168.3 -0.0797056407 0.6263050437 0.7754927278 -0.9675017595 0.1386812031 -0.2114424706 -0.2399737537 -0.7671437263 0.5948975682
-52.8 -100.5 2220.1 0.9842969179 0.0749556124 0.1598164141 -0.0604248680 0.9937439561 -0.0939245149 -0.1658567637 0.0827927217 0.9826682806
-82.6 -495.6 2187.2 0.9824632406 -0.0622240007 0.1757671982 0.0168298762 0.9684184790 0.2487616688 -0.1856951565 -0.2414410561 0.9524828196
129.8 -97.0 2202.7 0.8781561255 0.0284064095 -0.4775300324 -0.0850328654 0.9916076064 -0.0973846987 0.4707560539 0.1261247098 0.8732017279
118.5 -491.3 2152.6 0.8972012997 -0.0337960608 -0.4403267503 0.1543319672 0.9581957459 0.2409201860 0.4137770832 -0.2841103971 0.8649103045
-149.7 -252.9 2128.9 0 0 0 0 0 0 0 0 0
202.1 -246.3 2099.7 0 0 0 0 0 0 0 0 0
-58.9 -865.8 2279.5 0 0 0 0 0 0 0 0 0
131.4 -857.5 2261.2 0 0 0 0 0 0 0 0 0
26.6 498.7 2212.3 7 0.9950824976 -0.0260145497 0.0955723599 0.0259020571 0.9996615648 0.0024176484 -0.0956029072 0.0000697611 0.9954195619
31.8 297.9 2212.3 0.9950824976 -0.0260145497 0.0955723599 0.0259020571 0.9996615648 0.0024176484 -0.0956029072 0.0000697611 0.9954195619
36.3 99.1 2211.4 0.9951514602 -0.0227314718 0.0956913754 0.0230730120 0.9997307658 -0.0024640639 -0.0956095979 0.0046600052 0.9954079986
-108.3 294.6 2225.8 0.1708010882 -0.8071521521 -0.5650950074 0.9853052497 0.1394781321 0.0985871777 -0.0007564486 -0.5736299157 0.8191142678
-156.8 14.5 2226.0 -0.0245311819 -0.8089088202 -0.5874221325 0.9411984086 0.1793705672 -0.2863071263 0.3369626105 -0.5599042177 0.7569435239
171.8 301.1 2198.9 0.1924068034 0.6312725544 0.7513152361 -0.9751956463 0.2083722651 0.0746618584 -0.1094212756 -0.7470448017 0.6557065248
225.1 31.0 2168.6 -0.0768757463 0.6271759868 0.7750744224 -0.9700116515 0.1327330023 -0.2036156952 -0.2305808514 -0.7674843669 0.5981640816
-52.4 -100.1 2220.3 0.9844376445 0.0742411986 0.1592819840 -0.0602555573 0.9940344691 -0.0909109190 -0.1650811136 0.0798985064 0.9830383658
-81.9 -495.3 2188.6 0.9826998711 -0.0613286197 0.1747562587 0.0185306594 0.9714059234 0.2367005795 -0.1842757910 -0.2293672860 0.9557369351
130.2 -96.5 2202.5 0.8777899146 0.0290029962 -0.4781670570 -0.0850887299 0.9917331934 -0.0960475877 0.4714284837 0.1249962300 0.8730012178
118.7 -490.9 2152.8 0.8961344361 -0.0317179561 -0.4426477551 0.1487166286 0.9612323642 0.2321976721 0.4181225002 -0.2739094198 0.8661103845
-149.8 -254.6 2129.6 0 0 0 0 0 0 0 0 0
203.2 -246.3 2102.6 0 0 0 0 0 0 0 0 0
-58.4 -866.7 2276.3 0 0 0 0 0 0 0 0 0
130.8 -858.3 2257.5 0 0 0 0 0 0 0 0 0
25.0 499.4 2213.6 8 0.9957058430 -0.0311765913 0.0871656016 0.0311860852 0.9995127916 0.0012531786 -0.0871622041 0.0014705567 0.9961930513
31.2 298.7 2213.3 0.9957058430 -0.0311765913 0.0871656016 0.0311860852 0.9995127916 0.0012531786 -0.0871622041 0.0014705567 0.9961930513
37.2 100.0 2211.9 0.9957349300 -0.0297334567 0.0873376653 0.0302322693 0.9995332360 -0.0043938365 -0.0871662572 0.0070155123 0.9961690903
-108.9 294.4 2225.5 0.1664972007 -0.8037333488 -0.5712192059 0.9860268831 0.1325088590 0.1009576023 -0.0054513831 -0.5800466537 0.8145650029
-156.5 12.4 2227.1 -0.0277932305 -0.8063032627 -0.5908489823 0.9387603402 0.1820291132 -0.2925651968 0.3434480131 -0.5627969503 0.7518664002
171.4 302.9 2201.0 0.1924412251 0.6360935569 0.7472291589 -0.9743248224 0.2145380080 0.0682976842 -0.1168653369 -0.7411872149 0.6610476971
225.3 30.2 2168.3 -0.0760306865 0.6318365335 0.7713636756 -0.9710599780 0.1287406087 -0.2011675984 -0.2264108658 -0.7643352747 0.6037629247
-50.5 -101.7 2219.3 0.9849547744 0.0812430307 0.1525243968 -0.0695448741 0.9943228364 -0.0805329904 -0.1582012326 0.0687140599 0.9850130677
-82.8 -497.1 2191.9 0.9831471443 -0.0686089247 0.1694535315 0.0321731344 0.9773738384 0.2090581357 -0.1799626946 -0.2000830621 0.9631096721
132.1 -97.5 2201.7 0.8742418885 0.0341676772 -0.4842868149 -0.0847729892 0.9929390550 -0.0829790756 0.4780321121 0.1135982275 0.8709654212
118.5 -492.3 2156.5 0.8914591074 -0.0374964476 -0.4515470266 0.1518291384 0.9636752009 0.2197225392 0.4269058704 -0.2644316554 0.8647700548
-148.6 -256.1 2128.9 0 0 0 0 0 0 0 0 0
203.5 -247.5 2103.5 0 0 0 0 0 0 0 0 0
-56.6 -870.5 2268.4 0 0 0 0 0 0 0 0 0
132.9 -860.7 2257.6 0 0 0 0 0 0 0 0 0
25.2 501.7 2214.2 9 0.9959620237 -0.0351598039 0.0826041773 0.0352323130 0.9993789792 0.0005801721 -0.0825732723 0.0023325067 0.9965822697
32.2 300.8 2213.7 0.9959620237 -0.0351598039 0.0826041773 0.0352323130 0.9993789792 0.0005801721 -0.0825732723 0.0023325067 0.9965822697
38.7 102.1 2212.4 0.9960424900 -0.0323985443 0.0827625245 0.0328505114 0.9994518757 -0.0041047819 -0.0825841650 0.0068073287 0.9965608716
-108.0 296.2 2225.3 0.1652149856 -0.8016167283 -0.5745560527 0.9862180352 0.1290643066 0.1035197452 -0.0088284779 -0.5837405920 0.8118922114
-155.4 13.2 2227.9 -0.0200925469 -0.8042836785 -0.5939057469 0.9406896830 0.1860131025 -0.2837287486 0.3386726677 -0.5643818974 0.7528439164
172.4 305.4 2202.1 0.1893148869 0.6399689317 0.7447144985 -0.9752286673 0.2109138817 0.0666657910 -0.1144065857 -0.7388877273 0.6640452147
225.5 32.2 2170.0 -0.0715280175 0.6362381577 0.7681697607 -0.9711235762 0.1313142180 -0.1991872936 -0.2276021689 -0.7602352500 0.6084731817
-48.3 -101.5 2218.5 0.9854130149 0.0856822655 0.1470366269 -0.0722834691 0.9929280281 -0.0941755250 -0.1540659517 0.0821734667 0.9846376181
-82.4 -496.3 2185.8 0.9840333462 -0.0613365434 0.1670814902 0.0199390128 0.9708238840 0.2389632016 -0.1768638790 -0.2318163216 0.9565460682
134.4 -96.0 2202.5 0.8717321157 0.0399329439 -0.4883528352 -0.0969899073 0.9910153151 -0.0920954123 0.4802875221 0.1276478171 0.8677729964
118.6 -490.0 2151.7 0.8949975371 -0.0342833996 -0.4447516501 0.1630871743 0.9531646371 0.2547149658 0.4151890576 -0.3005025685 0.8586712480
-149.6 -255.7 2131.0 0 0 0 0 0 0 0 0 0
205.0 -245.5 2104.9 0 0 0 0 0 0 0 0 0
-58.9 -867.1 2274.4 0 0 0 0 0 0 0 0 0
131.7 -854.1 2266.5 0 0 0 0 0 0 0 0 0
23.9 500.7 2213.5 0 0.9954103231 -0.0418996662 0.0860389099 0.0416046754 0.9991205335 0.0052196402 -0.0861819461 -0.0016160629 0.9962781072
32.3 299.9 2213.8 0.9954103231 -0.0418996662 0.0860389099 0.0416046754 0.9991205335 0.0052196402 -0.0861819461 -0.0016160629 0.9962781072
40.1 101.3 2213.0 0.9955089092 -0.0389872678 0.0862668306 0.0391687304 0.9992325306 -0.0004112351 -0.0861845911 0.0037883504 0.9962719679
-107.8 294.4 2225.9 0.1665036529 -0.8031066060 -0.5720981359 0.9859995246 0.1302954406 0.1040580198 -0.0090279114 -0.5814145207 0.8135573864
-154.5 18.0 2228.5 -0.0096908584 -0.8052796721 -0.5928159356 0.9432099462 0.1895051748 -0.2728421390 0.3320558965 -0.5617939830 0.7577112913
172.4 305.5 2201.7 0.1914641112 0.6370964050 0.7466255426 -0.9755507112 0.2071531266 0.0734055191 -0.1078994200 -0.7424256206 0.6611822248
225.6 34.4 2171.7 -0.0657317042 0.6340184212 0.7705192566 -0.9707531333 0.1380578876 -0.1964136511 -0.2309061438 -0.7608945966 0.6064006090
-46.3 -99.6 2218.6 0.9838335514 0.0968290046 0.1506510377 -0.0830734894 0.9919974208 -0.0950782821 -0.1586517841 0.0810260922 0.9840042591
