2.1 490.5 2165.0 8 0.9991992712 -0.0258258525 -0.0305580590 0.0265656244 0.9993575811 0.0240555424 0.0299171731 -0.0248480756 0.9992434978
7.3 290.4 2169.9 0.9991992712 -0.0258258525 -0.0305580590 0.0265656244 0.9993575811 0.0240555424 0.0299171731 -0.0248480756 0.9992434978
12.4 91.7 2173.6 0.9992100000 -0.0256103408 -0.0303895231 0.0261503179 0.9995047450 0.0175061077 0.0299261343 -0.0182869732 0.9993848205
-133.3 286.8 2165.7 0.1768419892 -0.7319540381 -0.6580047607 0.9835425019 0.1062690690 0.1461198330 -0.0370274410 -0.6730157733 0.7387007475
-182.7 12.1 2176.1 -0.0193015169 -0.7396265268 -0.6727407575 0.9374877810 0.2204642743 -0.2692807913 0.3474825025 -0.6358837485 0.6891354918
147.9 294.1 2174.1 0.1697691083 0.7220314741 0.6707078218 -0.9800301790 0.1951976866 0.0379300304 -0.1035339385 -0.6637532711 0.7407512069
194.3 26.4 2145.9 -0.0593553446 0.7198470831 0.6915902495 -0.9626725912 0.1420037299 -0.2304265201 -0.2640802562 -0.6794520617 0.6845483780
-73.9 -109.5 2174.0 0.9982168078 0.0477229841 0.0358564928 -0.0474634953 0.9988405108 -0.0080540571 -0.0361992829 0.0063378210 0.9993245006
-92.9 -506.5 2171.4 0.9963992834 -0.0686454177 0.0497619994 0.0487076119 0.9438579082 0.3267411888 -0.0693975464 -0.3231408894 0.9438028932
109.4 -104.3 2180.7 0.8097746968 0.0182395261 -0.5864573717 -0.0837718323 0.9928709269 -0.0847918615 0.5807299018 0.1177909151 0.8055296540
102.1 -499.1 2133.8 0.8298700452 -0.0771667808 -0.5525947809 0.2369539142 0.9453845024 0.2238325328 0.5051420927 -0.3166913986 0.8028312325
-177.1 -255.9 2076.7 0 0 0 0 0 0 0 0 0
177.3 -248.9 2070.3 0 0 0 0 0 0 0 0 0
-66.6 -867.2 2294.9 0 0 0 0 0 0 0 0 0
131.6 -860.5 2254.9 0 0 0 0 0 0 0 0 0
2.0 490.4 2163.9 9 0.9995905161 -0.0237484984 -0.0159624517 0.0241767261 0.9993377924 0.0271921232 0.0153061096 -0.0275669098 0.9995027781
6.8 290.2 2169.4 0.9995905161 -0.0237484984 -0.0159624517 0.0241767261 0.9993377924 0.0271921232 0.0153061096 -0.0275669098 0.9995027781
11.8 91.4 2173.4 0.9995659590 -0.0248749051 -0.0157822277 0.0251853019 0.9994870424 0.0197833963 0.0152820209 -0.0201722905 0.9996797442
-133.8 286.6 2167.2 0.1774432808 -0.7402460575 -0.6484979987 0.9836580753 0.1129783019 0.1401882023 -0.0305075534 -0.6627757549 0.7481962442
-183.6 10.9 2175.8 -0.0252166111 -0.7470778227 -0.6642581224 0.9374606013 0.2130899429 -0.2752459347 0.3471768498 -0.6296565533 0.6949825883
147.5 293.7 2171.5 0.1713469625 0.7130936980 0.6798070669 -0.9807149172 0.1892987192 0.0486237928 -0.0940132886 -0.6750284433 0.7317773700
194.2 26.2 2145.9 -0.0616772734 0.7110242248 0.7004572749 -0.9615991116 0.1457131505 -0.2325829118 -0.2674379349 -0.6879041791 0.6747331023
-74.1 -109.4 2174.5 0.9976291060 0.0463970937 0.0508279800 -0.0465841033 0.9989112616 0.0025001317 -0.0506566390 -0.0048619802 0.9987043142
-92.6 -506.5 2176.4 0.9956172109 -0.0694601014 0.0626235381 0.0468139760 0.9498277903 0.3092501163 -0.0809621215 -0.3049630821 0.9489165545
109.2 -104.6 2180.0 0.8181895018 0.0173300356 -0.5746874213 -0.0776354894 0.9937213659 -0.0805643499 0.5696829557 0.1105330437 0.8143978119
102.3 -499.7 2136.0 0.8366902471 -0.0783269405 -0.5420464277 0.2350504249 0.9452909827 0.2262216508 0.4946723878 -0.3166856766 0.8093265295
-176.4 -257.1 2076.5 0 0 0 0 0 0 0 0 0
176.6 -248.8 2069.4 0 0 0 0 0 0 0 0 0
-66.0 -869.4 2292.9 0 0 0 0 0 0 0 0 0
132.2 -861.1 2257.1 0 0 0 0 0 0 0 0 0
0.3 489.7 2163.8 0 0.9996854663 -0.0205546264 -0.0143701378 0.0209297501 0.9994307160 0.0264606215 0.0138180694 -0.0267530605 0.9995465875
4.4 289.4 2169.2 0.9996854663 -0.0205546264 -0.0143701378 0.0209297501 0.9994307160 0.0264606215 0.0138180694 -0.0267530605 0.9995465875
8.9 90.7 2173.1 0.9996412992 -0.0226949193 -0.0142195811 0.0229701623 0.9995459318 0.0195019338 0.0137705291 -0.0198215656 0.9997087121
-136.3 286.2 2167.2 0.1683339030 -0.7426223755 -0.6482095718 0.9852222204 0.1056474820 0.1348176748 -0.0316369124 -0.6613248587 0.7494321465
-183.2 11.6 2176.1 -0.0212041549 -0.7503076792 -0.6607486606 0.9361414909 0.2171159238 -0.2765859962 0.3509836495 -0.6244189739 0.6977903843
145.1 292.7 2171.1 0.1798901707 0.7116465569 0.6791161299 -0.9795765877 0.1926419288 0.0576090440 -0.0898289606 -0.6756095886 0.7317667007
194.2 25.5 2146.6 -0.0628824532 0.7094745040 0.7019200325 -0.9606485963 0.1476339549 -0.2352838665 -0.2705551386 -0.6890937686 0.6722720861
-75.0 -109.6 2176.0 0.9976751804 0.0433515795 0.0525822379 -0.0437841862 0.9990157485 0.0071028462 -0.0522225648 -0.0093886033 0.9985913634
-92.2 -506.7 2179.8 0.9957695603 -0.0670121312 0.0628679991 0.0455579758 0.9542410970 0.2955475748 -0.0797965080 -0.2914331555 0.9532572031
108.4 -104.9 2178.8 0.8189536333 0.0154790785 -0.5736508965 -0.0754866824 0.9938556552 -0.0809483901 0.5688732266 0.1095959768 0.8150901794
102.3 -500.1 2135.2 0.8373975158 -0.0765528604 -0.5412070155 0.2337760627 0.9451741576 0.2280230969 0.4940790832 -0.3174672127 0.8093827367
-177.1 -256.1 2075.7 0 0 0 0 0 0 0 0 0
176.2 -249.2 2069.3 0 0 0 0 0 0 0 0 0
-66.6 -871.5 2291.1 0 0 0 0 0 0 0 0 0
131.5 -861.5 2256.6 0 0 0 0 0 0 0 0 0
1.5 487.2 2164.3 1 0.9997859597 -0.0189010296 -0.0084119085 0.0191130396 0.9994823337 0.0258802678 0.0079183904 -0.0260355044 0.9996296763
5.3 286.9 2169.5 0.9997859597 -0.0189010296 -0.0084119085 0.0191130396 0.9994823337 0.0258802678 0.0079183904 -0.0260355044 0.9996296763
9.2 88.2 2173.2 0.9997722507 -0.0196763594 -0.0082663400 0.0198252779 0.9996352792 0.0183367450 0.0079025244 -0.0184964519 0.9997977018
-135.4 284.2 2168.4 0.1764039844 -0.7451985478 -0.6430868506 0.9838923216 0.1142833009 0.1374600679 -0.0289409533 -0.6569766998 0.7533551455
-184.4 11.2 2176.4 -0.0269808583 -0.7523629665 -0.6581960320 0.9343215227 0.2151189744 -0.2841955125 0.3554086089 -0.6226345301 0.6971448064
146.0 289.7 2170.6 0.1785689592 0.7080114484 0.6832517385 -0.9796565771 0.1925663948 0.0564902239 -0.0915756002 -0.6794394851 0.7279944420
194.2 25.3 2145.9 -0.0632740036 0.7057124972 0.7056672573 -0.9624024034 0.1440078467 -0.2303113639 -0.2641552091 -0.6937085986 0.6700674295
-78.3 -110.1 2175.8 0.9975774288 0.0378674641 0.0583549142 -0.0380816981 0.9992713332 0.0025631264 -0.0582153350 -0.0047791712 0.9982926250
-93.3 -507.4 2177.7 0.9943208098 -0.0827028081 0.0669802204 0.0589993633 0.9521669745 0.2998285890 -0.0885730162 -0.2941740155 0.9516388178
105.2 -105.9 2178.3 0.8222058415 0.0055181081 -0.5691635013 -0.0663273036 0.9940694571 -0.0861778930 0.5653125048 0.1086070463 0.8176956773
103.0 -501.1 2135.2 0.8390767574 -0.0711307153 -0.5393428206 0.2259746045 0.9474089146 0.2266094089 0.4948592782 -0.3120204508 0.8110225201
-176.7 -255.9 2074.8 0 0 0 0 0 0 0 0 0
176.1 -249.9 2070.4 0 0 0 0 0 0 0 0 0
-61.7 -871.3 2290.1 0 0 0 0 0 0 0 0 0
130.2 -863.3 2254.4 0 0 0 0 0 0 0 0 0
2.2 486.5 2163.0 2 0.9997192025 -0.0169189963 -0.0165896248 0.0173852835 0.9994460940 0.0283777472 0.0161003135 -0.0286581945 0.9994596243
5.6 286.2 2168.8 0.9997192025 -0.0169189963 -0.0165896248 0.0173852835 0.9994460940 0.0283777472 0.0161003135 -0.0286581945 0.9994596243
9.2 87.5 2173.1 0.9997030497 -0.0179609973 -0.0164696295 0.0183133762 0.9996010661 0.0215005707 0.0160768889 -0.0217958018 0.9996331930
-135.1 283.6 2166.5 0.1753508002 -0.7401098013 -0.6492222548 0.9839913249 0.1104324833 0.1398773789 -0.0318294019 -0.6633567214 0.7476260662
-184.2 8.2 2175.4 -0.0234924611 -0.7478502989 -0.6634516120 0.9341382384 0.2199896574 -0.2810522318 0.3561374843 -0.6263580918 0.6934274435
146.3 288.8 2171.0 0.1755952835 0.7130968571 0.6787188053 -0.9797884822 0.1936901957 0.0499859117 -0.0958163738 -0.6737781763 0.7326951623
194.1 22.2 2145.0 -0.0668113232 0.7104144096 0.7006051540 -0.9629544616 0.1379480511 -0.2317090333 -0.2612565458 -0.6901316643 0.6748802066
-78.6 -112.3 2176.2 0.9982137084 0.0329751447 0.0498194881 -0.0328593999 0.9994550347 -0.0031407552 -0.0498959050 0.0014981065 0.9987533092
-91.7 -509.7 2175.6 0.9955891371 -0.0740566552 0.0576007627 0.0528692342 0.9500331879 0.3076390326 -0.0775053576 -0.3032367826 0.9497580528
104.8 -108.7 2177.6 0.8173651099 0.0052672676 -0.5760959387 -0.0750888586 0.9924024940 -0.0974625200 0.5712056756 0.1229208484 0.8115506768
102.7 -503.3 2128.7 0.8392674327 -0.0799194053 -0.5378131866 0.2529225051 0.9329897761 0.2560473382 0.4813110828 -0.3509172499 0.8032413721
-177.5 -258.9 2073.6 0 0 0 0 0 0 0 0 0
175.0 -253.1 2070.3 0 0 0 0 0 0 0 0 0
-63.4 -872.9 2291.5 0 0 0 0 0 0 0 0 0
133.3 -859.6 2262.8 0 0 0 0 0 0 0 0 0
1.9 487.5 2162.9 3 0.9996982813 -0.0180043336 -0.0167073812 0.0184620786 0.9994468689 0.0276605263 0.0162001308 -0.0279606339 0.9994777441
5.5 287.1 2168.5 0.9996982813 -0.0180043336 -0.0167073812 0.0184620786 0.9994468689 0.0276605263 0.0162001308 -0.0279606339 0.9994777441
9.2 88.3 2173.1 0.9996851683 -0.0188016612 -0.0166148078 0.0191754606 0.9995599389 0.0226326156 0.0161819644 -0.0229440872 0.9996057749
-135.2 284.4 2166.2 0.1790332794 -0.7394559979 -0.6489621401 0.9833077788 0.1127333716 0.1428179592 -0.0324479118 -0.6636987329 0.7472959161
-185.2 9.8 2175.3 -0.0228016227 -0.7470051050 -0.6644271612 0.9338654280 0.2213406265 -0.2808979452 0.3568969369 -0.6268904805 0.6925553679
146.2 289.8 2170.8 0.1611821949 0.7152081132 0.6800717711 -0.9825915694 0.1807940900 0.0427467562 -0.0923801288 -0.6751227975 0.7318983078
190.7 18.8 2145.3 -0.0500621162 0.7142232060 0.6981253624 -0.9601159096 0.1581099331 -0.2306050211 -0.2750839889 -0.6818258762 0.6778217554
-79.0 -112.9 2176.0 0.9981720448 0.0342028216 0.0498267114 -0.0343454778 0.9994080067 0.0020094153 -0.0497284867 -0.0037170644 0.9987558722
-92.6 -510.3 2177.5 0.9953285456 -0.0775207952 0.0575465299 0.0577373095 0.9556637406 0.2887441814 -0.0773788169 -0.2840727568 0.9556752443
104.5 -109.6 2178.9 0.8173775077 0.0024435800 -0.5760972500 -0.0673972219 0.9935299754 -0.0914102644 0.5721465349 0.1135440469 0.8122537136
103.5 -504.6 2133.8 0.8352501988 -0.0775732920 -0.5443707705 0.2404377908 0.9418635368 0.2346971184 0.4945167303 -0.3269181252 0.8053432107
-178.7 -257.3 2073.2 0 0 0 0 0 0 0 0 0
176.3 -255.7 2066.7 0 0 0 0 0 0 0 0 0
-63.0 -875.5 2286.0 0 0 0 0 0 0 0 0 0
133.1 -864.4 2258.7 0 0 0 0 0 0 0 0 0
1.6 488.4 2162.3 4 0.9997318983 -0.0167445168 -0.0159926545 0.0171910077 0.9994544387 0.0282015111 0.0155117083 -0.0284688808 0.9994742870
4.9 287.9 2168.1 0.9997318983 -0.0167445168 -0.0159926545 0.0171910077 0.9994544387 0.0282015111 0.0155117083 -0.0284688808 0.9994742870
8.4 89.2 2172.6 0.9997234344 -0.0173291359 -0.0158993043 0.0176881514 0.9995852709 0.0227248520 0.0154989092 -0.0229997970 0.9996153116
-135.8 285.4 2165.9 0.1757350862 -0.7405146360 -0.6486564875 0.9838581085 0.1095112562 0.1415289938 -0.0337691009 -0.6630575657 0.7478063107
-185.0 10.0 2175.3 -0.0202005543 -0.7486403584 -0.6626684666 0.9321761727 0.2255102396 -0.2831831574 0.3614408672 -0.6234442592 0.6933093071
145.6 290.4 2170.2 0.1699242741 0.7134578824 0.6797819734 -0.9808650017 0.1889661252 0.0468582585 -0.0950243697 -0.6747366786 0.7319158316
192.3 21.1 2144.1 -0.0567028448 0.7116283178 0.7002642155 -0.9631116986 0.1458175331 -0.2261704355 -0.2630600631 -0.6872571707 0.6771093011
-78.7 -112.1 2176.2 0.9981541634 0.0337631442 0.0504813902 -0.0338645801 0.9994257689 0.0011551724 -0.0504133999 -0.0028625710 0.9987243414
-92.2 -509.5 2177.3 0.9957322478 -0.0716942027 0.0581135415 0.0517616421 0.9551721215 0.2914908826 -0.0764066428 -0.2872388363 0.9548067451
104.7 -108.6 2179.1 0.8176731467 0.0019933644 -0.5756793022 -0.0662957057 0.9936670065 -0.0907232165 0.5718526840 0.1123470068 0.8126270175
103.9 -503.7 2134.5 0.8350033760 -0.0699061900 -0.5457861423 0.2274510264 0.9470387697 0.2266794294 0.5010343790 -0.3134177029 0.8066807985
-179.2 -256.6 2072.0 0 0 0 0 0 0 0 0 0
176.1 -254.3 2068.9 0 0 0 0 0 0 0 0 0
-64.8 -874.6 2287.1 0 0 0 0 0 0 0 0 0
130.6 -865.6 2254.2 0 0 0 0 0 0 0 0 0
1.1 490.6 2162.1 5 0.9997976422 -0.0148296962 -0.0135922097 0.0152310627 0.9994363189 0.0299174394 0.0131408814 -0.0301184095 0.9994599819
4.1 290.2 2168.1 0.9997976422 -0.0148296962 -0.0135922097 0.0152310627 0.9994363189 0.0299174394 0.0131408814 -0.0301184095 0.9994599819
7.1 91.5 2172.9 0.9997937083 -0.0151755139 -0.0135015426 0.0154949371 0.9995948076 0.0238769408 0.0131337270 -0.0240812209 0.9996237159
-136.6 288.1 2166.3 0.1709923297 -0.7424295545 -0.6477344632 0.9847317934 0.1070021093 0.1373094171 -0.0326336175 -0.6613235474 0.7493905425
-184.8 10.4 2175.5 -0.0189337917 -0.7507314086 -0.6603361368 0.9320989251 0.2256811708 -0.2833013237 0.3617086411 -0.6208626032 0.6954829097
144.8 292.4 2169.9 0.1757661551 0.7114906907 0.6803581715 -0.9801075459 0.1911836416 0.0532724820 -0.0921704769 -0.6761876941 0.7309410572
193.2 22.5 2144.6 -0.0616106540 0.7094352841 0.7020724416 -0.9609194994 0.1480401456 -0.2339185476 -0.2698849738 -0.6890469790 0.6725893021
-79.9 -111.2 2175.8 0.9980347157 0.0338894501 0.0527084805 -0.0338684767 0.9994254708 -0.0012912877 -0.0527219586 -0.0004964060 0.9986091256
-93.4 -508.5 2176.0 0.9947620630 -0.0824378058 0.0604351833 0.0608512871 0.9526605010 0.2978842854 -0.0821311399 -0.2926464379 0.9526870251
103.5 -107.9 2178.6 0.8188761473 0.0016834980 -0.5739677548 -0.0639879033 0.9940298200 -0.0883755609 0.5703923106 0.1090956330 0.8140950799
102.9 -503.2 2135.2 0.8348268270 -0.0747095048 -0.5454196930 0.2303174138 0.9472729564 0.2227731794 0.5000180006 -0.3115966916 0.8080157638
-179.4 -256.1 2072.0 0 0 0 0 0 0 0 0 0
175.6 -252.2 2067.4 0 0 0 0 0 0 0 0 0
-61.9 -872.7 2287.8 0 0 0 0 0 0 0 0 0
131.4 -865.2 2254.3 0 0 0 0 0 0 0 0 0
0.9 493.8 2167.4 6 0.9998586178 -0.0115832975 0.0121902088 0.0113425385 0.9997428060 0.0196374115 -0.0124145392 -0.0194963682 0.9997328520
3.3 292.9 2171.3 0.9998586178 -0.0115832975 0.0121902088 0.0113425385 0.9997428060 0.0196374115 -0.0124145392 -0.0194963682 0.9997328520
5.8 94.1 2174.3 0.9998451471 -0.0126389917 0.0122473072 0.0124557549 0.9998110533 0.0149238780 -0.0124336164 -0.0147690177 0.9998136163
-137.4 291.1 2173.1 0.1682271510 -0.7576056123 -0.6306610703 0.9856870770 0.1221558377 0.1161850244 -0.0109834950 -0.6411799192 0.7673119903
-185.0 12.4 2176.2 -0.0193621255 -0.7638996243 -0.6450445652 0.9309630394 0.2214964628 -0.2902535796 0.3645996749 -0.6061325669 0.7068736553
143.9 294.6 2169.6 0.1809177846 0.6954826117 0.6953938603 -0.9796844125 0.1896477342 0.0652085617 -0.0865284577 -0.6930639744 0.7156641483
193.7 24.9 2145.8 -0.0627466738 0.6935134530 0.7177060843 -0.9614452720 0.1509164423 -0.2298852950 -0.2677421868 -0.7044596076 0.6573057175
-81.6 -108.6 2176.5 0.9964023829 0.0323636234 0.0783257782 -0.0316336006 0.9994439483 -0.0105435653 -0.0786234513 0.0080279075 0.9968720675
-94.5 -506.0 2173.3 0.9923790097 -0.0896292627 0.0845604539 0.0593653545 0.9491081834 0.3093046248 -0.1079797670 -0.3019274771 0.9471959472
101.9 -105.8 2178.9 0.8330716491 -0.0022213547 -0.5531606078 -0.0625816286 0.9931932688 -0.0982376784 0.5496136546 0.1164567173 0.8272621632
102.7 -500.7 2132.6 0.8488661051 -0.0775858387 -0.5228831172 0.2311311960 0.9440795779 0.2351428568 0.4753995240 -0.3204593956 0.8193296194
-179.4 -253.8 2071.9 0 0 0 0 0 0 0 0 0
175.8 -250.0 2069.2 0 0 0 0 0 0 0 0 0
-60.2 -868.8 2288.7 0 0 0 0 0 0 0 0 0
132.4 -861.6 2255.1 0 0 0 0 0 0 0 0 0
-0.0 493.0 2165.6 7 0.9998695850 -0.0121327341 0.0106614670 0.0118537936 0.9995955825 0.0258482322 -0.0109707648 -0.0257184822 0.9996090531
2.4 292.2 2170.8 0.9998695850 -0.0121327341 0.0106614670 0.0118537936 0.9995955825 0.0258482322 -0.0109707648 -0.0257184822 0.9996090531
5.0 93.5 2174.5 0.9998595119 -0.0128610395 0.0107510872 0.0126587218 0.9997453690 0.0186791886 -0.0109885829 -0.0185404699 0.9997677207
-138.3 290.4 2172.3 0.1674828678 -0.7573437095 -0.6311734915 0.9856720567 0.1156440005 0.1227886230 -0.0200017616 -0.6426950693 0.7658609152
-185.2 14.6 2177.9 -0.0195669718 -0.7643478513 -0.6445071697 0.9308529496 0.2213241160 -0.2907377779 0.3648697734 -0.6056302190 0.7071648240
143.1 294.0 2169.2 0.1795032769 0.6972892284 0.6939498186 -0.9806596041 0.1827681810 0.0700185075 -0.0780087933 -0.6930970550 0.7166108489
192.0 27.1 2148.0 -0.0511897616 0.6963859797 0.7158395052 -0.9600575566 0.1631167084 -0.2273377031 -0.2750801742 -0.6988844872 0.6602207422
-83.5 -105.8 2178.4 0.9967410564 0.0241695046 0.0769617409 -0.0240514074 0.9997076988 -0.0024611689 -0.0769987255 0.0006021099 0.9970310330
-93.1 -503.3 2178.1 0.9935765266 -0.0793656483 0.0806642696 0.0529540293 0.9560456276 0.2883966267 -0.1000075117 -0.2822726369 0.9541072845
100.0 -103.5 2176.1 0.8322315812 -0.0076159374 -0.5543758869 -0.0537312031 0.9940910339 -0.0943182036 0.5518184304 0.1082818732 0.8269047141
103.0 -498.7 2133.0 0.8465564847 -0.0721459240 -0.5273869634 0.2241853774 0.9469390512 0.2303200513 0.4827866852 -0.3132114112 0.8178114891
-179.6 -251.6 2073.6 0 0 0 0 0 0 0 0 0
177.3 -247.4 2069.3 0 0 0 0 0 0 0 0 0
-62.7 -868.7 2286.0 0 0 0 0 0 0 0 0 0
130.6 -860.7 2252.8 0 0 0 0 0 0 0 0 0
1.3 487.3 2164.2 8 0.9999022484 -0.0120844282 0.0070296037 0.0118856896 0.9995467663 0.0276578087 -0.0073606470 -0.0275715552 0.9995927215
3.8 287.3 2169.7 0.9999022484 -0.0120844282 0.0070296037 0.0118856896 0.9995467663 0.0276578087 -0.0073606470 -0.0275715552 0.9995927215
6.1 88.5 2173.9 0.9999060631 -0.0117226187 0.0071054008 0.0115689710 0.9997063279 0.0212926008 -0.0073529193 -0.0212083980 0.9997480512
-137.0 285.7 2170.7 0.1739369333 -0.7542394996 -0.6331419349 0.9844934344 0.1183162183 0.1295144111 -0.0227739271 -0.6458514333 0.7631233931
-185.0 13.6 2177.0 -0.0160867721 -0.7604457736 -0.6492021084 0.9338108301 0.2206619233 -0.2816124856 0.3574052155 -0.6107622385 0.7065628171
144.5 288.9 2168.7 0.1749819368 0.7006345391 0.6917315722 -0.9818048477 0.1768033355 0.0692806244 -0.0737600550 -0.6912682652 0.7188237906
191.1 27.2 2149.0 -0.0418182462 0.7004820108 0.7124437690 -0.9584777355 0.1731956601 -0.2265474200 -0.2820845544 -0.6923353076 0.6641536951
-84.2 -106.4 2179.2 0.9970660210 0.0226399470 0.0731217265 -0.0221507736 0.9997265339 -0.0074939714 -0.0732713938 0.0058522811 0.9972948432
-93.2 -503.9 2176.8 0.9934792519 -0.0844989941 0.0765434727 0.0581907257 0.9531283975 0.2969176471 -0.0980449989 -0.2905274034 0.9518303275
99.2 -104.1 2177.1 0.8301619291 -0.0099213142 -0.5574340224 -0.0551926903 0.9934677482 -0.0998779610 0.5547836423 0.1136811674 0.8241915107
103.2 -499.1 2131.9 0.8457880020 -0.0743342787 -0.5283153057 0.2327296734 0.9424697161 0.2399744093 0.4800828695 -0.3259221315 0.8144293427
-180.4 -253.5 2074.8 0 0 0 0 0 0 0 0 0
179.2 -246.9 2068.3 0 0 0 0 0 0 0 0 0
-60.9 -868.3 2287.9 0 0 0 0 0 0 0 0 0
131.6 -859.4 2256.5 0 0 0 0 0 0 0 0 0
2.1 488.8 2163.0 9 0.9999235272 -0.0105792340 0.0064084646 0.0103902491 0.9995300770 0.0288381781 -0.0067105391 -0.0287693851 0.9995635748
4.2 288.8 2168.7 0.9999235272 -0.0105792340 0.0064084646 0.0103902491 0.9995300770 0.0288381781 -0.0067105391 -0.0287693851 0.9995635748
5.9 90.0 2173.5 0.9999406338 -0.0087821856 0.0064540179 0.0086240489 0.9996715188 0.0241344646 -0.0066638514 -0.0240773708 0.9996879101
-136.5 287.5 2169.7 0.1748709381 -0.7534797788 -0.6337888837 0.9843096137 0.1183862016 0.1308409274 -0.0235541277 -0.6467247605 0.7623596787
-185.6 11.5 2176.3 -0.0165228005 -0.7599570751 -0.6497632265 0.9325065017 0.2227700204 -0.2842624485 0.3607750237 -0.6106052399 0.7049841285
144.9 290.0 2167.8 0.1744986027 0.7005406022 0.6919487715 -0.9816092849 0.1790148318 0.0663088113 -0.0774170756 -0.6907941103 0.7188950181
192.6 21.9 2146.7 -0.0499839969 0.6998668909 0.7125222683 -0.9594233036 0.1645762622 -0.2289574742 -0.2775039971 -0.6950546503 0.6632424593
-83.3 -111.3 2178.8 0.9970668554 0.0243249163 0.0725672022 -0.0245599151 0.9996955991 0.0023476840 -0.0724880025 -0.0041230423 0.9973607659
-93.0 -508.7 2180.5 0.9935666919 -0.0834985301 0.0765062720 0.0575810373 0.9541900754 0.2936081290 -0.0975173712 -0.2873139381 0.9528594017
100.2 -109.1 2177.5 0.8295790553 -0.0102202594 -0.5582957864 -0.0535482466 0.9937683344 -0.0977601334 0.5558158159 0.1109955162 0.8238621354
104.2 -504.3 2133.3 0.8447793126 -0.0745011196 -0.5299032927 0.2326757759 0.9428899884 0.2383705080 0.4818816483 -0.3246661127 0.8138685226
-180.9 -255.2 2073.1 0 0 0 0 0 0 0 0 0
178.3 -252.4 2067.3 0 0 0 0 0 0 0 0 0
-61.1 -873.5 2290.3 0 0 0 0 0 0 0 0 0
132.7 -864.7 2257.5 0 0 0 0 0 0 0 0 0
2.9 487.3 2162.4 0 0.9999631047 -0.0081410427 0.0027347172 0.0080562346 0.9995261431 0.0297093354 -0.0029752862 -0.0296862088 0.9995548129
4.5 287.6 2168.3 0.9999631047 -0.0081410427 0.0027347172 0.0080562346 0.9995261431 0.0297093354 -0.0029752862 -0.0296862088 0.9995548129
5.9 88.8 2173.4 0.9999712110 -0.0070682042 0.0027645836 0.0069946023 0.9996430874 0.0257835574 -0.0029458404 -0.0257634763 0.9996637106
-136.2 286.6 2168.7 0.1792386919 -0.7508774400 -0.6356544495 0.9834126234 0.1184856519 0.1373346597 -0.0278055668 -0.6497262716 0.7596595287
-185.9 14.1 2176.4 -0.0162296686 -0.7577301264 -0.6523662210 0.9309016466 0.2266661674 -0.2864342034 0.3649091721 -0.6119375229 0.7016934752
145.2 288.6 2167.9 0.1777383983 0.7021805048 0.6894574761 -0.9807965159 0.1835666001 0.0658899471 -0.0802947208 -0.6879286766 0.7213230133
193.4 22.8 2146.1 -0.0543352515 0.7009963989 0.7110919356 -0.9603139162 0.1584295928 -0.2295588851 -0.2735779583 -0.6953446269 0.6645682454
-84.1 -109.5 2178.9 0.9973532557 0.0224947296 0.0691407099 -0.0236446727 0.9995946288 0.0158586968 -0.0687559396 -0.0174515322 0.9974808693
-93.0 -506.9 2185.9 0.9937808514 -0.0846096948 0.0723933429 0.0654428452 0.9697758555 0.2350573987 -0.0900934562 -0.2288579047 0.9692817926
99.4 -107.9 2177.7 0.8273770809 -0.0125131700 -0.5615074039 -0.0507336669 0.9939995408 -0.0969069228 0.5593507290 0.1086658984 0.8217776418
104.4 -503.2 2134.5 0.8421724439 -0.0727772862 -0.5342743397 0.2312941253 0.9438200593 0.2360226810 0.4870817661 -0.3223462999 0.8116921782
-181.3 -252.1 2072.1 0 0 0 0 0 0 0 0 0
177.8 -251.8 2067.9 0 0 0 0 0 0 0 0 0
-60.7 -877.0 2273.2 0 0 0 0 0 0 0 0 0
132.2 -864.0 2257.7 0 0 0 0 0 0 0 0 0
2.5 485.6 2162.6 1 0.9999336004 -0.0109227346 -0.0036700785 0.0110181235 0.9995729923 0.0270625819 0.0033729139 -0.0271012224 0.9996269941
4.7 285.7 2168.0 0.9999336004 -0.0109227346 -0.0036700785 0.0110181235 0.9995729923 0.0270625819 0.0033729139 -0.0271012224 0.9996269941
6.6 87.0 2172.8 0.9999468327 -0.0096482150 -0.0036382545 0.0097327111 0.9996653199 0.0239696875 0.0034057719 -0.0240038242 0.9997060895
-136.1 284.4 2167.5 0.1783991605 -0.7477449775 -0.6395710707 0.9834135771 0.1138729155 0.1411762536 -0.0327340141 -0.6541485786 0.7556573749
-185.4 12.2 2176.6 -0.0140335532 -0.7551781535 -0.6553694010 0.9306321144 0.2298425734 -0.2847740054 0.3656868935 -0.6139041781 0.6995675564
145.4 287.1 2168.5 0.1701333821 0.7064523101 0.6870078444 -0.9814105034 0.1843081862 0.0535157546 -0.0888148472 -0.6833415031 0.7246766686
191.6 20.6 2144.4 -0.0480208434 0.7053941488 0.7071867585 -0.9620387554 0.1577652097 -0.2226916254 -0.2686548233 -0.6910349131 0.6710404754
-84.5 -110.5 2178.8 0.9977895617 0.0223486330 0.0625820309 -0.0227043275 0.9997298121 0.0049781967 -0.0624538660 -0.0063880756 0.9980273843
-93.3 -508.0 2181.4 0.9942806959 -0.0837168843 0.0663125813 0.0620627329 0.9582336545 0.2791711390 -0.0869142860 -0.2734589279 0.9579489231
99.0 -109.3 2178.3 0.8240217566 -0.0106805740 -0.5664575100 -0.0545807853 0.9936753511 -0.0981340557 0.5639230013 0.1117822900 0.8182271123
103.3 -504.4 2133.8 0.8396814466 -0.0748721287 -0.5378932953 0.2359918654 0.9423545003 0.2372253090 0.4891245961 -0.3261321485 0.8089468479
-181.4 -254.0 2072.0 0 0 0 0 0 0 0 0 0
177.9 -254.6 2067.5 0 0 0 0 0 0 0 0 0
-61.4 -873.6 2285.7 0 0 0 0 0 0 0 0 0
131.9 -864.6 2258.5 0 0 0 0 0 0 0 0 0
3.0 492.3 2168.7 2 0.9999573827 -0.0089630373 0.0022183303 0.0089275325 0.9998395443 0.0155284777 -0.0023571567 -0.0155080110 0.9998769760
4.8 291.1 2171.8 0.9999573827 -0.0089630373 0.0022183303 0.0089275325 0.9998395443 0.0155284777 -0.0023571567 -0.0155080110 0.9998769760
6.4 92.3 2174.4 0.9999641180 -0.0081676003 0.0022391602 0.0081375949 0.9998810887 0.0130969472 -0.0023458647 -0.0130782565 0.9999117255
-135.9 289.9 2172.1 0.1758303791 -0.7511292100 -0.6363085508 0.9842861295 0.1234636232 0.1262442023 -0.0162647571 -0.6485072374 0.7610347271
-185.4 13.0 2176.7 -0.0173775125 -0.7574605346 -0.6526496410 0.9311181307 0.2255745977 -0.2865923345 0.3643035591 -0.6126741171 0.7013652921
145.6 292.2 2171.5 0.1632550359 0.7037317753 0.6914545894 -0.9818030000 0.1847995669 0.0437266193 -0.0970086902 -0.6860107780 0.7210953832
191.2 17.8 2144.4 -0.0506732389 0.7024956942 0.7098816633 -0.9626478553 0.1549387723 -0.2220430523 -0.2659724951 -0.6946176887 0.6684046984
-83.3 -112.6 2177.2 0.9973380566 0.0242191926 0.0687763691 -0.0248902924 0.9996504188 0.0089174388 -0.0685363561 -0.0106055653 0.9975922704
-92.9 -510.1 2181.5 0.9944280386 -0.0763111711 0.0727287605 0.0538144670 0.9607244730 0.2722360790 -0.0906469524 -0.2668053210 0.9594780207
100.2 -110.9 2177.9 0.8271574974 -0.0079100821 -0.5619144440 -0.0554249585 0.9938777089 -0.0955782905 0.5592302680 0.1102023870 0.8216549754
103.4 -506.0 2134.0 0.8422595859 -0.0812263936 -0.5329174995 0.2415914237 0.9406224489 0.2384596467 0.4819049537 -0.3295932114 0.8118718863
-180.4 -253.3 2072.5 0 0 0 0 0 0 0 0 0
176.7 -257.4 2068.3 0 0 0 0 0 0 0 0 0
-63.7 -877.0 2283.4 0 0 0 0 0 0 0 0 0
134.4 -865.6 2260.0 0 0 0 0 0 0 0 0 0
2.5 494.0 2171.2 3 0.9999198318 -0.0109981988 0.0062779277 0.0109229870 0.9998696446 0.0118914517 -0.0064078937 -0.0118219247 0.9999095798
4.7 293.0 2173.6 0.9999198318 -0.0109981988 0.0062779277 0.0109229870 0.9998696446 0.0118914517 -0.0064078937 -0.0118219247 0.9999095798
6.5 94.2 2175.4 0.9999392033 -0.0090458700 0.0063049668 0.0089877024 0.9999173284 0.0091937613 -0.0063876114 -0.0091365352 0.9999378324
-136.0 291.7 2174.5 0.1734902412 -0.7535076141 -0.6341351271 0.9848018289 0.1274033785 0.1180412322 -0.0081540123 -0.6449764371 0.7641589642
-184.9 14.1 2176.8 -0.0013443516 -0.7589251995 -0.6511763930 0.9300230145 0.2383581549 -0.2797188163 0.3674988747 -0.6059850454 0.7054975033
145.5 294.3 2172.7 0.1715999246 0.7002895474 0.6929271817 -0.9803405404 0.1909172088 0.0498306975 -0.0973958001 -0.6878554821 0.7192835808
192.8 24.1 2145.9 -0.0573567934 0.6985501051 0.7132586837 -0.9619784355 0.1524233222 -0.2266377211 -0.2670350671 -0.6991386414 0.6632476449
-83.7 -107.2 2177.2 0.9970725179 0.0232962370 0.0728259981 -0.0236987639 0.9997082353 0.0046679499 -0.0726960078 -0.0063801706 0.9973337650
-93.0 -504.7 2179.8 0.9947053790 -0.0686738789 0.0764532909 0.0432073511 0.9544619918 0.2951870859 -0.0932434052 -0.2903208137 0.9523757100
99.8 -105.7 2176.8 0.8294457197 -0.0088958414 -0.5585165024 -0.0534005091 0.9940308332 -0.0951369703 0.5560289621 0.1087360159 0.8240196109
103.3 -501.0 2133.6 0.8436728716 -0.0785062686 -0.5310864449 0.2345507592 0.9437436461 0.2330963463 0.4829099476 -0.3212237954 0.8146246076
-184.5 -251.9 2071.7 0 0 0 0 0 0 0 0 0
176.4 -251.0 2069.5 0 0 0 0 0 0 0 0 0
-66.7 -869.3 2290.7 0 0 0 0 0 0 0 0 0
133.4 -861.8 2256.4 0 0 0 0 0 0 0 0 0
2.1 493.6 2166.0 4 0.9999263883 -0.0114889378 0.0039016213 0.0113788322 0.9995663762 0.0271581896 -0.0042119483 -0.0271117948 0.9996235371
4.4 292.9 2171.4 0.9999263883 -0.0114889378 0.0039016213 0.0113788322 0.9995663762 0.0271581896 -0.0042119483 -0.0271117948 0.9996235371
6.4 94.2 2175.7 0.9999443293 -0.0097800167 0.0039623505 0.0096928561 0.9997229576 0.0214496311 -0.0041710301 -0.0214100312 0.9997620583
-136.3 291.5 2172.0 0.1764178276 -0.7513483167 -0.6358871460 0.9841585755 0.1231112927 0.1275755614 -0.0175687876 -0.6483203769 0.7611649036
-185.5 16.9 2176.9 -0.0033933336 -0.7574276924 -0.6529102325 0.9295260310 0.2383683622 -0.2813571692 0.3687408566 -0.6078518033 0.7032399178
145.2 294.3 2170.9 0.1768517345 0.7002662420 0.6916289926 -0.9798758030 0.1913511306 0.0568165742 -0.0925572664 -0.6877586246 0.7200147510
193.5 26.8 2145.6 -0.0568867922 0.6985005736 0.7133448720 -0.9625580907 0.1513063461 -0.2249184400 -0.2650392652 -0.6994307637 0.6637400389
-83.4 -105.4 2177.8 0.9971861839 0.0265044719 0.0701233223 -0.0267028436 0.9996415973 0.0018928301 -0.0700480193 -0.0037599960 0.9975365400
-94.0 -502.8 2179.3 0.9939160943 -0.0808831304 0.0747578815 0.0564523004 0.9569261074 0.2847904265 -0.0945725068 -0.2788375318 0.9556702971
100.1 -103.7 2176.7 0.8282545209 -0.0093162032 -0.5602746010 -0.0531524196 0.9940472841 -0.0951042175 0.5578254461 0.1085504517 0.8228290081
103.8 -499.0 2133.5 0.8427846432 -0.0721004978 -0.5333999991 0.2266791612 0.9463654757 0.2302367538 0.4881911874 -0.3149506748 0.8139259219
-184.6 -249.0 2071.5 0 0 0 0 0 0 0 0 0
177.2 -248.5 2069.8 0 0 0 0 0 0 0 0 0
-63.1 -868.5 2285.9 0 0 0 0 0 0 0 0 0
131.3 -860.8 2253.9 0 0 0 0 0 0 0 0 0
3.2 493.4 2169.9 5 0.9999337196 -0.0074340040 -0.0087928642 0.0075501991 0.9998836517 0.0132561559 0.0086932946 -0.0133216651 0.9998734593
4.7 293.1 2172.6 0.9999337196 -0.0074340040 -0.0087928642 0.0075501991 0.9998836517 0.0132561559 0.0086932946 -0.0133216651 0.9998734593
6.3 94.3 2174.5 0.9999291301 -0.0080551431 -0.0087647531 0.0081394548 0.9999205470 0.0096266614 0.0086865118 -0.0096973199 0.9999152422
-136.1 291.9 2171.3 0.1632170975 -0.7466648221 -0.6448657513 0.9863751531 0.1098530740 0.1224593893 -0.0205956362 -0.6560670137 0.7544215322
-182.8 9.7 2177.2 0.0084306281 -0.7546561360 -0.6560663581 0.9234083295 0.2576432824 -0.2844943404 0.3837265074 -0.6034186482 0.6990278363
145.4 294.2 2173.8 0.1695780158 0.7099452019 0.6835357547 -0.9800430536 0.1944809258 0.0411433578 -0.1037251428 -0.6768714786 0.7287565470
191.8 25.8 2145.4 -0.0452492535 0.7087051272 0.7040522099 -0.9630967379 0.1562373191 -0.2191678435 -0.2653246224 -0.6879875660 0.6754820347
-83.4 -105.4 2180.3 0.9980115891 0.0256772358 0.0575638376 -0.0255143493 0.9996681213 -0.0035629484 -0.0576362163 0.0020871600 0.9983354807
-93.6 -502.9 2179.5 0.9948100448 -0.0802289471 0.0625803694 0.0586240180 0.9546377659 0.2919417024 -0.0831637606 -0.2867578268 0.9543865919
100.1 -103.7 2179.6 0.8209792376 -0.0084077129 -0.5708961487 -0.0597789288 0.9931303263 -0.1005913466 0.5678200126 0.1167109683 0.8148368001
103.4 -498.5 2133.2 0.8370898962 -0.0759503618 -0.5417675376 0.2359935045 0.9435662031 0.2323571742 0.4935459495 -0.3223574460 0.8077735305
-185.2 -254.9 2067.3 0 0 0 0 0 0 0 0 0
178.9 -249.6 2069.5 0 0 0 0 0 0 0 0 0
-63.0 -867.8 2289.1 0 0 0 0 0 0 0 0 0
132.4 -859.3 2256.4 0 0 0 0 0 0 0 0 0
2.8 495.7 2172.3 6 0.9999505281 -0.0096313693 -0.0024785833 0.0096512185 0.9999204278 0.0081249122 0.0024001319 -0.0081484318 0.9999639392
4.7 295.1 2174.0 0.9999505281 -0.0096313693 -0.0024785833 0.0096512185 0.9999204278 0.0081249122 0.0024001319 -0.0081484318 0.9999639392
6.7 96.3 2174.8 0.9999500513 -0.0096918996 -0.0024385569 0.0097015630 0.9999449849 0.0039823810 0.0023998260 -0.0040058396 0.9999890924
-136.0 293.7 2173.6 0.1541235745 -0.7509440184 -0.6421285272 0.9880273342 0.1125833020 0.1054844111 -0.0069199349 -0.6506981850 0.7593049407
-181.1 4.3 2175.7 0.0150482263 -0.7587479353 -0.6512104869 0.9191251993 0.2669221461 -0.2897610068 0.3936780691 -0.5941836238 0.7014010549
145.5 296.4 2174.3 0.1729788482 0.7063132524 0.6864399910 -0.9798852801 0.1938300729 0.0474836528 -0.0995143875 -0.6808461547 0.7256345153
193.1 26.7 2146.9 -0.0544627905 0.7046335340 0.7074782252 -0.9619271159 0.1530187726 -0.2264541835 -0.2678246498 -0.6928758025 0.6694722772
-83.9 -105.2 2175.6 0.9976309538 0.0245373640 0.0642678440 -0.0249772947 0.9996697307 0.0060506691 -0.0640981495 -0.0076415716 0.9979143143
-93.6 -502.7 2178.7 0.9940737486 -0.0843032971 0.0686314851 0.0602539591 0.9527823925 0.2976157963 -0.0904808640 -0.2917167544 0.9522156119
99.6 -103.7 2177.2 0.8246331811 -0.0070882966 -0.5656234026 -0.0587732270 0.9934359789 -0.0981361791 0.5626062751 0.1141698658 0.8188036680
102.4 -498.7 2131.8 0.8407288790 -0.0769531131 -0.5359600186 0.2372549921 0.9421195388 0.2368984371 0.4867083430 -0.3263265491 0.8103246093
-185.5 -259.3 2062.8 0 0 0 0 0 0 0 0 0
177.5 -248.4 2070.3 0 0 0 0 0 0 0 0 0
-61.4 -866.9 2290.2 0 0 0 0 0 0 0 0 0
131.9 -858.9 2256.6 0 0 0 0 0 0 0 0 0
2.1 494.7 2173.6 7 0.9999206066 -0.0122795831 -0.0028183295 0.0122915534 0.9999153614 0.0042700591 0.0027656564 -0.0043043620 0.9999868870
4.5 294.1 2174.4 0.9999206066 -0.0122795831 -0.0028183295 0.0122915534 0.9999153614 0.0042700591 0.0027656564 -0.0043043620 0.9999868870
6.7 95.3 2174.7 0.9999349713 -0.0110600563 -0.0027850170 0.0110640302 0.9999377728 0.0014156807 0.0027691862 -0.0014464022 0.9999951124
-136.2 292.6 2174.0 0.1495340466 -0.7512657046 -0.6428369880 0.9887464643 0.1106714904 0.1006593630 -0.0044781975 -0.6506547928 0.7593604326
-180.2 1.8 2175.3 0.0184706021 -0.7593094707 -0.6504675150 0.9173032045 0.2716882825 -0.2911019027 0.3977608383 -0.5912991166 0.7015352249
145.3 295.7 2174.8 0.1777196527 0.7058086991 0.6857476234 -0.9787578583 0.1991583109 0.0486722030 -0.1022190601 -0.6798308492 0.7262101769
193.7 29.2 2147.0 -0.0586845018 0.7037308812 0.7080388069 -0.9617394209 0.1502756178 -0.2290733159 -0.2676069438 -0.6943918467 0.6679868698
-83.2 -103.4 2175.3 0.9975812435 0.0274864659 0.0638449565 -0.0275842659 0.9996192455 0.0006507337 -0.0638027638 -0.0024102761 0.9979596138
-94.1 -500.8 2176.3 0.9938890338 -0.0860370845 0.0691536441 0.0614388101 0.9516495466 0.3009790182 -0.0917053893 -0.2948910296 0.9511200786
100.3 -101.6 2175.8 0.8245084882 -0.0053355424 -0.5658243895 -0.0572915226 0.9940297604 -0.0928575024 0.5629417300 0.1089787409 0.8192803264
102.5 -496.9 2132.4 0.8399848938 -0.0712627769 -0.5379098058 0.2271938920 0.9464468360 0.2293934673 0.4927558303 -0.3148968816 0.8111914992
-185.5 -262.1 2060.9 0 0 0 0 0 0 0 0 0
176.9 -245.8 2070.5 0 0 0 0 0 0 0 0 0
-61.2 -864.6 2289.0 0 0 0 0 0 0 0 0 0
129.7 -858.7 2252.8 0 0 0 0 0 0 0 0 0
2.1 494.3 2173.7 8 0.9998984933 -0.0142440544 0.0003686074 0.0142427310 0.9998928905 0.0033721598 -0.0004166012 -0.0033665674 0.9999942183
4.9 293.8 2174.3 0.9998984933 -0.0142440544 0.0003686074 0.0142427310 0.9998928905 0.0033721598 -0.0004166012 -0.0033665674 0.9999942183
7.7 95.0 2174.3 0.9999049306 -0.0137837622 0.0004163834 0.0137837781 0.9999049902 -0.0000366814 -0.0004158383 0.0000424172 0.9999999404
-135.8 291.9 2174.4 0.1494098306 -0.7529129386 -0.6409358978 0.9887747765 0.1144559011 0.0960429013 0.0010469514 -0.6480910182 0.7615621686
-180.0 -0.4 2174.1 0.0194145683 -0.7606059313 -0.6489234567 0.9161061049 0.2735025883 -0.2931653559 0.4004655480 -0.5887910724 0.7021057010
145.7 295.8 2174.3 0.1764291227 0.7038453817 0.6880947948 -0.9790214896 0.1978704333 0.0486236885 -0.1019300595 -0.6822382212 0.7239898443
193.8 28.4 2146.5 -0.0607992522 0.7016514540 0.7099215984 -0.9618926048 0.1487681717 -0.2294137329 -0.2665822208 -0.6968165040 0.6658683419
-82.8 -104.5 2174.7 0.9974348545 0.0245115645 0.0672525167 -0.0251022819 0.9996532798 0.0079524918 -0.0670342669 -0.0096202837 0.9977042675
-92.6 -501.9 2178.6 0.9946066737 -0.0752060115 0.0714254752 0.0516697504 0.9563856721 0.2875007093 -0.0899320841 -0.2822596133 0.9551134706
100.7 -102.4 2175.2 0.8264605403 -0.0035035408 -0.5629837513 -0.0557085648 0.9945641756 -0.0879695565 0.5602316856 0.1040663794 0.8217728734
102.1 -497.9 2133.9 0.8413740993 -0.0757128596 -0.5351235271 0.2322390229 0.9447114468 0.2314850390 0.4880109131 -0.3190420866 0.8124392033
-185.5 -263.7 2059.0 0 0 0 0 0 0 0 0 0
176.4 -246.6 2070.2 0 0 0 0 0 0 0 0 0
-63.8 -867.5 2286.5 0 0 0 0 0 0 0 0 0
131.0 -859.0 2255.8 0 0 0 0 0 0 0 0 0
3.5 491.4 2173.2 9 0.9999498725 -0.0096212346 0.0027616771 0.0096099488 0.9999455214 0.0040713111 -0.0028006977 -0.0040445672 0.9999879003
5.5 291.1 2174.0 0.9999498725 -0.0096212346 0.0027616771 0.0096099488 0.9999455214 0.0040713111 -0.0028006977 -0.0040445672 0.9999879003
7.2 92.4 2174.5 0.9999585748 -0.0086709661 0.0027768190 0.0086642662 0.9999595284 0.0024158377 -0.0027976544 -0.0023916785 0.9999932051
-135.3 289.9 2174.4 0.1481918991 -0.7539424300 -0.6400077343 0.9889472127 0.1160851493 0.0922370777 0.0047539473 -0.6466026902 0.7628121376
-179.6 -5.6 2173.0 0.0158758517 -0.7606068850 -0.6490185857 0.9224442840 0.2615984976 -0.2840119302 0.3858037293 -0.5941745639 0.7057705522
146.2 292.4 2173.6 0.1774891466 0.7022067308 0.6894949675 -0.9788537621 0.1983693391 0.0499490611 -0.1017000899 -0.6837801337 0.7225661278
194.0 28.6 2146.2 -0.0663947091 0.6996460557 0.7113980055 -0.9610677361 0.1468121707 -0.2340832651 -0.2682173252 -0.6992435455 0.6626597047
-81.3 -105.0 2174.4 0.9972118735 0.0270115435 0.0695620254 -0.0275675375 0.9995951056 0.0070450651 -0.0693435594 -0.0089430762 0.9975527525
-92.1 -502.5 2177.9 0.9948502183 -0.0688953698 0.0743398964 0.0448938161 0.9571104646 0.2862238884 -0.0908709913 -0.2814125121 0.9552745223
102.2 -102.5 2174.3 0.8274829388 0.0014305951 -0.5614890456 -0.0598903410 0.9945168495 -0.0857282728 0.5582876801 0.1045664549 0.8230314255
101.6 -497.9 2132.7 0.8429467678 -0.0783930868 -0.5322548747 0.2348776311 0.9436882734 0.2329912037 0.4840178192 -0.3214139342 0.8138917685
-184.1 -271.3 2061.9 0 0 0 0 0 0 0 0 0
175.0 -246.2 2069.5 0 0 0 0 0 0 0 0 0
-65.7 -868.3 2285.5 0 0 0 0 0 0 0 0 0
131.6 -858.7 2255.6 0 0 0 0 0 0 0 0 0
4.3 491.7 2168.0 0 0.9999616146 -0.0058538453 -0.0065154228 0.0059889569 0.9997633100 0.0209146030 0.0063914498 -0.0209528226 0.9997600317
5.5 290.8 2172.2 0.9999616146 -0.0058538453 -0.0065154228 0.0059889569 0.9997633100 0.0209146030 0.0063914498 -0.0209528226 0.9997600317
6.7 92.0 2175.1 0.9999593496 -0.0062696328 -0.0064775245 0.0063640750 0.9998722076 0.0146637252 0.0063847606 -0.0147043522 0.9998714924
-135.3 289.9 2171.3 0.1630815417 -0.7465564609 -0.6450254917 0.9865610600 0.1167123467 0.1143482476 -0.0100849848 -0.6550050974 0.7555571198
-182.5 4.3 2174.2 -0.0006233904 -0.7538802028 -0.6570116282 0.9262924194 0.2471299618 -0.2844452262 0.3768048584 -0.6087622643 0.6981594563
146.2 291.7 2173.1 0.1759944856 0.7074779868 0.6844711900 -0.9792591929 0.1967347562 0.0484442674 -0.1003860161 -0.6788006425 0.7274286151
194.1 25.3 2145.8 -0.0658016428 0.7049877644 0.7061603069 -0.9608053565 0.1462319046 -0.2355191410 -0.2693012953 -0.6939801574 0.6677337289
-82.8 -107.2 2175.2 0.9979189038 0.0224365704 0.0604520291 -0.0238939058 0.9994384050 0.0234931577 -0.0598909743 -0.0248886999 0.9978945851
-91.8 -504.6 2185.1 0.9958432913 -0.0648834780 0.0639242306 0.0473860987 0.9684264064 0.2447546273 -0.0777864456 -0.2407081276 0.9674755335
100.7 -105.7 2174.7 0.8221222162 -0.0104777971 -0.5692146420 -0.0521412939 0.9942426682 -0.0936096609 0.5669183135 0.1066381708 0.8168426752
104.8 -500.9 2132.3 0.8389396667 -0.0637089387 -0.5404825211 0.2271547168 0.9434704185 0.2413798869 0.4945512414 -0.3252763152 0.8059865832
-182.3 -261.5 2066.1 0 0 0 0 0 0 0 0 0
175.3 -249.4 2068.8 0 0 0 0 0 0 0 0 0
-67.0 -874.5 2277.1 0 0 0 0 0 0 0 0 0
129.2 -861.6 2256.7 0 0 0 0 0 0 0 0 0
3.8 495.4 2170.9 1 0.9998805523 -0.0063174632 -0.0141038336 0.0065079150 0.9998877048 0.0134987356 0.0140169719 -0.0135889109 0.9998094440
5.1 293.9 2173.6 0.9998805523 -0.0063174632 -0.0141038336 0.0065079150 0.9998877048 0.0134987356 0.0140169719 -0.0135889109 0.9998094440
6.2 95.1 2175.7 0.9998847842 -0.0056600804 -0.0140835661 0.0058028153 0.9999319911 0.0101147294 0.0140253576 -0.0101952888 0.9998496771
-135.7 293.1 2171.7 0.1642661244 -0.7419688106 -0.6499992013 0.9863702655 0.1172045097 0.1154849604 -0.0095034018 -0.6601101160 0.7511087060
-183.2 7.6 2174.4 0.0004669761 -0.7495478988 -0.6619499922 0.9251660109 0.2515751719 -0.2842142582 0.3795623779 -0.6122809052 0.6935737133
145.8 294.7 2175.6 0.1748826057 0.7118995190 0.6801581979 -0.9782260060 0.2040420026 0.0379577987 -0.1117586941 -0.6719865799 0.7320820093
194.0 24.7 2144.8 -0.0649609938 0.7091969848 0.7020112276 -0.9618598819 0.1428261250 -0.2332943231 -0.2657171786 -0.6903914809 0.6728699803
-83.8 -107.3 2177.5 0.9983598590 0.0218988992 0.0528961755 -0.0230037309 0.9995278716 0.0203689933 -0.0524251424 -0.0215523951 0.9983922839
