31.8 493.1 2219.7 1 0.9979055524 -0.0063892342 0.0643717945 0.0056286063 0.9999122620 0.0119905975 -0.0644427612 -0.0116031598 0.9978539348
33.1 292.6 2222.1 0.9979055524 -0.0063892342 0.0643717945 0.0056286063 0.9999122620 0.0119905975 -0.0644427612 -0.0116031598 0.9978539348
34.4 93.8 2224.1 0.9979054928 -0.0063095149 0.0643802881 0.0056350213 0.9999274015 0.0106529230 -0.0644428283 -0.0102678258 0.9978685975
-107.3 291.8 2231.1 0.1729088426 -0.7914289832 -0.5862957239 0.9845324755 0.1218045503 0.1259342730 -0.0282545500 -0.5990023613 0.8002486229
-157.1 7.8 2239.3 -0.0357246622 -0.7942962050 -0.6064794064 0.9451140761 0.1703722924 -0.2788057625 0.3247816563 -0.5831524730 0.7446140647
173.4 293.3 2213.0 0.1710522622 0.6608945131 0.7307253480 -0.9798327684 0.1918579042 0.0558414683 -0.1032901183 -0.7255404592 0.6803838611
221.7 16.9 2183.9 -0.0637762100 0.6586495638 0.7497422099 -0.9661856890 0.1473257244 -0.2116136402 -0.2498355359 -0.7378860712 0.6269819140
-54.6 -109.3 2237.2 0.9902195334 0.0675756708 0.1220604479 -0.0522068851 0.9907832742 -0.1249918938 -0.1293818653 0.1173970252 0.9846208692
-81.5 -503.1 2190.5 0.9892237782 -0.0477246866 0.1384149641 0.0115403207 0.9678572416 0.2512353063 -0.1459560543 -0.2469305694 0.9579781294
127.9 -108.3 2218.5 0.8578286767 0.0171262808 -0.5136502981 -0.0809255317 0.9914777875 -0.1020926386 0.5075243711 0.1291454136 0.8519040346
121.1 -502.5 2167.1 0.8730933070 -0.0272322595 -0.4867920578 0.1355719417 0.9726227522 0.1887463927 0.4683250487 -0.2307885438 0.8528823256
-146.9 -262.5 2146.4 0 0 0 0 0 0 0 0 0
203.4 -259.4 2112.4 0 0 0 0 0 0 0 0 0
-63.2 -873.0 2284.9 0 0 0 0 0 0 0 0 0
131.5 -874.3 2255.4 0 0 0 0 0 0 0 0 0
32.3 494.2 2216.3 2 0.9978571534 -0.0061338926 0.0651421174 0.0045432607 0.9996885657 0.0245379973 -0.0652723461 -0.0241894592 0.9975742698
33.6 293.7 2221.1 0.9978571534 -0.0061338926 0.0651421174 0.0045432607 0.9996885657 0.0245379973 -0.0652723461 -0.0241894592 0.9975742698
34.8 95.0 2225.4 0.9978566170 -0.0060536019 0.0651579797 0.0046327612 0.9997486472 0.0219351314 -0.0652743950 -0.0215862542 0.9976338148
-106.8 293.1 2230.3 0.1726824790 -0.7917159200 -0.5859749913 0.9842639565 0.1160590351 0.1332468987 -0.0374860056 -0.5997634530 0.7992988229
-156.0 12.8 2241.0 -0.0269477442 -0.7949559093 -0.6060684323 0.9460549951 0.1755503416 -0.2723270655 0.3228835166 -0.5807126760 0.7473413348
174.0 294.3 2211.9 0.1626550704 0.6613888741 0.7321940064 -0.9824137092 0.1775158197 0.0578911826 -0.0916874409 -0.7287337184 0.6786313653
219.4 19.6 2186.3 -0.0525321960 0.6604944468 0.7489909530 -0.9651990533 0.1588295102 -0.2077595443 -0.2561858892 -0.7338394523 0.6291649342
-55.8 -105.5 2232.1 0.9899019599 0.0689926744 0.1238309965 -0.0568826795 0.9934801459 -0.0988006145 -0.1298401505 0.0907590836 0.9873724580
-83.2 -500.4 2196.0 0.9886979461 -0.0557135828 0.1391848177 0.0245277081 0.9759876132 0.2164407969 -0.1479013413 -0.2105806917 0.9663234353
127.2 -104.5 2220.2 0.8580248952 0.0136921862 -0.5134255290 -0.0866098925 0.9891862869 -0.1183605492 0.5062528849 0.1460240334 0.8499323726
121.7 -497.8 2162.2 0.8765913844 -0.0196288750 -0.4808349311 0.1374119222 0.9677786827 0.2110031843 0.4612000585 -0.2510360181 0.8510437012
-148.3 -257.7 2148.6 0 0 0 0 0 0 0 0 0
204.4 -256.4 2113.0 0 0 0 0 0 0 0 0 0
-62.0 -873.2 2276.4 0 0 0 0 0 0 0 0 0
129.2 -867.7 2258.1 0 0 0 0 0 0 0 0 0
31.7 496.5 2215.0 3 0.9966638088 -0.0103672491 0.0809553713 0.0079044662 0.9994978905 0.0306829382 -0.0812328234 -0.0299406648 0.9962453246
33.8 295.9 2221.0 0.9966638088 -0.0103672491 0.0809553713 0.0079044662 0.9994978905 0.0306829382 -0.0812328234 -0.0299406648 0.9962453246
35.7 97.2 2226.1 0.9966699481 -0.0093812058 0.0810002610 0.0072847940 0.9996317625 0.0261383913 -0.0812156498 -0.0254612789 0.9963712692
-106.5 294.9 2232.5 0.1704814732 -0.8004098535 -0.5747000575 0.9847468734 0.1178091243 0.1280416101 -0.0347808488 -0.5877628326 0.8082853556
-155.8 10.0 2242.5 -0.0246754996 -0.8036361933 -0.5946090817 0.9431259632 0.1785303354 -0.2804288566 0.3315185308 -0.5677109957 0.7535248399
174.0 297.0 2209.6 0.1574069113 0.6518109441 0.7418662310 -0.9847261310 0.1602073759 0.0681763962 -0.0744143277 -0.7412665486 0.6670730710
218.4 19.5 2188.6 -0.0458262898 0.6521100402 0.7567380667 -0.9652342796 0.1662415713 -0.2017090321 -0.2573378086 -0.7396730781 0.6218206882
-55.5 -104.2 2235.7 0.9877744913 0.0714087710 0.1385723203 -0.0558763817 0.9920325279 -0.1129126102 -0.1455311924 0.1037892774 0.9838945270
-83.9 -498.5 2194.4 0.9861802459 -0.0594303384 0.1546498686 0.0219232496 0.9720501900 0.2337473333 -0.1642191112 -0.2271265686 0.9599195719
127.5 -103.4 2223.7 0.8661088347 0.0155914035 -0.4996122122 -0.0916114077 0.9875344634 -0.1279960722 0.4913886487 0.1566287130 0.8567407131
121.3 -496.0 2161.4 0.8847819567 -0.0244333129 -0.4653643072 0.1377328783 0.9677211046 0.2110581398 0.4451860189 -0.2508364022 0.8595874310
-148.7 -259.7 2147.7 0 0 0 0 0 0 0 0 0
205.3 -256.5 2115.0 0 0 0 0 0 0 0 0 0
-61.2 -869.9 2281.2 0 0 0 0 0 0 0 0 0
130.7 -865.9 2257.3 0 0 0 0 0 0 0 0 0
32.5 495.4 2219.9 4 0.9975074530 -0.0080640279 0.0700991675 0.0068211653 0.9998155832 0.0179513954 -0.0702309981 -0.0174284913 0.9973784685
34.1 294.9 2223.4 0.9975074530 -0.0080640279 0.0700991675 0.0068211653 0.9998155832 0.0179513954 -0.0702309981 -0.0174284913 0.9973784685
35.7 96.1 2226.0 0.9975049496 -0.0080547919 0.0701355040 0.0071288012 0.9998842478 0.0134431943 -0.0702356696 -0.0129096704 0.9974468946
-106.2 293.9 2233.3 0.1711572558 -0.7954366803 -0.5813653469 0.9846063852 0.1168735027 0.1299648434 -0.0354325958 -0.5946604609 0.8031957746
-155.7 9.6 2243.5 -0.0149336802 -0.7991024852 -0.6010093093 0.9411864281 0.1916862726 -0.2782525122 0.3375575244 -0.5698171854 0.7492418289
174.5 295.9 2213.5 0.1628237218 0.6597923636 0.7335955501 -0.9832404256 0.1703113019 0.0650559738 -0.0820161849 -0.7318934798 0.6764652729
219.5 23.8 2190.8 -0.0505804606 0.6594402790 0.7500534654 -0.9642834067 0.1632667929 -0.2085699290 -0.2599982321 -0.7338136435 0.6276292205
-53.9 -102.2 2238.6 0.9891254902 0.0716275722 0.1284531653 -0.0568836592 0.9917368293 -0.1149884015 -0.1356280744 0.1064310744 0.9850265980
-82.4 -496.4 2196.3 0.9881801009 -0.0499803647 0.1449206471 0.0171084180 0.9754081368 0.2197413296 -0.1523395330 -0.2146646529 0.9647340178
129.0 -100.9 2223.7 0.8606339097 0.0203309916 -0.5088181496 -0.0964583978 0.9876216054 -0.1236906350 0.5000050664 0.1555321366 0.8519417048
120.9 -493.5 2161.9 0.8788526058 -0.0292409509 -0.4761964083 0.1381866634 0.9709368944 0.1954122186 0.4566426277 -0.2375425398 0.8573511839
-151.4 -259.6 2147.0 0 0 0 0 0 0 0 0 0
205.1 -252.0 2116.5 0 0 0 0 0 0 0 0 0
-63.3 -869.2 2278.3 0 0 0 0 0 0 0 0 0
132.1 -864.7 2252.7 0 0 0 0 0 0 0 0 0
33.2 493.6 2216.8 5 0.9966622591 -0.0046625203 0.0815020800 0.0026249334 0.9996817708 0.0250897203 -0.0815931261 -0.0247920398 0.9963573217
34.2 293.1 2221.8 0.9966622591 -0.0046625203 0.0815020800 0.0026249334 0.9996817708 0.0250897203 -0.0815931261 -0.0247920398 0.9963573217
34.9 94.3 2225.7 0.9966653585 -0.0034508186 0.0815247223 0.0018658187 0.9998078942 0.0195101425 -0.0815763846 -0.0192929730 0.9964803457
-106.1 292.9 2233.3 0.1678995192 -0.8020266294 -0.5732042193 0.9850857258 0.1143056154 0.1286091059 -0.0376274660 -0.5862486959 0.8092568517
-154.2 10.8 2244.1 -0.0116833840 -0.8055285215 -0.5924417973 0.9418741465 0.1900815517 -0.2770236433 0.3357627094 -0.5612422228 0.7564857006
174.4 293.4 2210.3 0.1648319513 0.6524779201 0.7396640778 -0.9839315414 0.1609524488 0.0772856697 -0.0686235577 -0.7405179739 0.6685237288
219.6 23.5 2191.5 -0.0481179543 0.6529036164 0.7559110522 -0.9635588527 0.1690249145 -0.2073279172 -0.2631329596 -0.7383409739 0.6209779382
-54.1 -103.3 2235.0 0.9879978895 0.0673883259 0.1389926970 -0.0521408245 0.9925001264 -0.1105662361 -0.1454011351 0.1019920111 0.9841017127
-80.9 -497.9 2194.4 0.9873474836 -0.0393467396 0.1536124945 0.0025430101 0.9725305438 0.2327614874 -0.1585512459 -0.2294258326 0.9603255987
128.9 -102.0 2222.1 0.8659402132 0.0185959022 -0.4998016655 -0.0908656269 0.9885275364 -0.1206511408 0.4918241203 0.1498914659 0.8576955199
121.5 -495.0 2162.5 0.8838238120 -0.0210999623 -0.4673438668 0.1306462139 0.9703689814 0.2032625079 0.4492071569 -0.2407049537 0.8603917956
-150.8 -258.5 2148.0 0 0 0 0 0 0 0 0 0
205.8 -252.0 2116.3 0 0 0 0 0 0 0 0 0
-65.9 -869.6 2282.1 0 0 0 0 0 0 0 0 0
129.6 -866.0 2254.5 0 0 0 0 0 0 0 0 0
33.7 494.2 2221.8 6 0.9961408377 -0.0028915305 0.0877214596 0.0019198724 0.9999358654 0.0111589786 -0.0877481028 -0.0109475004 0.9960825443
34.3 293.4 2224.0 0.9961408377 -0.0028915305 0.0877214596 0.0019198724 0.9999358654 0.0111589786 -0.0877481028 -0.0109475004 0.9960825443
34.2 94.6 2225.7 0.9961446524 0.0003953488 0.0877249464 -0.0011336170 0.9999643564 0.0083660567 -0.0877185091 -0.0084332488 0.9961096048
-105.9 293.6 2236.4 0.1687734872 -0.8055105805 -0.5680388808 0.9852684140 0.1217370108 0.1201092675 -0.0275979359 -0.5799420476 0.8141901493
-154.8 7.9 2244.4 -0.0166893620 -0.8084738851 -0.5882954001 0.9413564205 0.1856060624 -0.2817773223 0.3370007873 -0.5584983230 0.7579644322
174.5 293.2 2211.7 0.1668033302 0.6489223838 0.7423452139 -0.9833848476 0.1641862988 0.0774406791 -0.0716299191 -0.7429283857 0.6655272841
220.3 22.9 2192.0 -0.0462254137 0.6494105458 0.7590317130 -0.9627438784 0.1737026721 -0.2072477192 -0.2664346993 -0.7403332591 0.6171865463
-55.9 -104.6 2237.0 0.9874255657 0.0635542646 0.1447468102 -0.0462944359 0.9917379618 -0.1196355894 -0.1511542499 0.1114302650 0.9822096229
-81.1 -498.9 2192.7 0.9865990281 -0.0413415879 0.1578392684 0.0030567306 0.9718815088 0.2354506552 -0.1631349623 -0.2318129092 0.9589837193
127.0 -104.2 2222.0 0.8688318133 0.0139494380 -0.4949108362 -0.0862649530 0.9885783195 -0.1235770583 0.4875342846 0.1500611305 0.8601115942
121.5 -497.3 2162.3 0.8859215379 -0.0220404733 -0.4633111358 0.1316148788 0.9697592854 0.2055346668 0.4447701871 -0.2430662215 0.8620314598
-150.1 -261.3 2148.0 0 0 0 0 0 0 0 0 0
207.1 -252.4 2115.8 0 0 0 0 0 0 0 0 0
-65.3 -870.4 2281.3 0 0 0 0 0 0 0 0 0
129.9 -868.0 2255.3 0 0 0 0 0 0 0 0 0
34.6 493.1 2224.3 7 0.9948853850 -0.0010569940 0.1010048836 0.0002488666 0.9999678731 0.0080131385 -0.1010101065 -0.0079470184 0.9948536754
34.8 292.5 2225.9 0.9948853850 -0.0010569940 0.1010048836 0.0002488666 0.9999678731 0.0080131385 -0.1010101065 -0.0079470184 0.9948536754
34.6 93.7 2227.0 0.9948853850 0.0010651265 0.1010048762 -0.0016027475 0.9999849796 0.0052417233 -0.1009977758 -0.0053767990 0.9948720932
-105.2 292.7 2240.1 0.1819161624 -0.8099923134 -0.5575113893 0.9832053185 0.1414040029 0.1153784245 -0.0146212978 -0.5691373944 0.8221124411
-157.2 11.7 2244.3 -0.0282212403 -0.8114167452 -0.5837862492 0.9421988726 0.1734674722 -0.2866536081 0.3338634670 -0.5581324697 0.7596204877
174.8 292.3 2211.7 0.1675405651 0.6391413808 0.7506186962 -0.9830636978 0.1656669676 0.0783599168 -0.0742696598 -0.7510344386 0.6560726166
220.6 23.7 2191.4 -0.0446856879 0.6395931840 0.7674136758 -0.9637022018 0.1747993976 -0.2018001378 -0.2632134259 -0.7485758066 0.6085662842
-57.3 -104.1 2235.4 0.9855594039 0.0595372319 0.1585179716 -0.0422321893 0.9929915071 -0.1103826389 -0.1639788747 0.1020940915 0.9811665416
-80.9 -498.9 2194.8 0.9849112630 -0.0358167849 0.1693132073 -0.0045398269 0.9726651907 0.2321677506 -0.1730005592 -0.2294332832 0.9578262568
125.5 -104.3 2219.3 0.8753700852 0.0070793014 -0.4834015667 -0.0731986761 0.9903061390 -0.1180493906 0.4778798223 0.1387212574 0.8674026132
122.7 -498.0 2164.2 0.8888514638 -0.0151148997 -0.4579460323 0.1151288450 0.9747588038 0.1912868619 0.4434956312 -0.2227484137 0.8681559563
-149.1 -257.7 2148.8 0 0 0 0 0 0 0 0 0
207.8 -251.9 2116.1 0 0 0 0 0 0 0 0 0
-67.2 -870.7 2282.5 0 0 0 0 0 0 0 0 0
128.5 -870.6 2249.3 0 0 0 0 0 0 0 0 0
33.7 494.1 2219.0 8 0.9953923225 -0.0032554453 0.0958306342 0.0007164351 0.9996480942 0.0265172590 -0.0958832353 -0.0263264198 0.9950444102
34.4 293.0 2224.3 0.9953923225 -0.0032554453 0.0958306342 0.0007164351 0.9996480942 0.0265172590 -0.0958832353 -0.0263264198 0.9950444102
34.3 94.3 2228.1 0.9953964949 0.0004148131 0.0958415940 -0.0022272062 0.9998207092 0.0188040957 -0.0958166122 -0.0189309902 0.9952189922
-105.7 293.3 2237.8 0.1791604161 -0.8068677187 -0.5629085898 0.9835879803 0.1344793737 0.1202912405 -0.0213595293 -0.5752215385 0.8177187443
-157.1 11.0 2243.9 -0.0288686287 -0.8088889718 -0.5872523189 0.9413524270 0.1755913496 -0.2881375849 0.3361877203 -0.5611295104 0.7563804984
174.5 292.7 2210.8 0.1758555025 0.6402335763 0.7477805614 -0.9816211462 0.1712455004 0.0842310786 -0.0741264969 -0.7488497496 0.6585813165
222.5 24.4 2190.6 -0.0515527949 0.6401012540 0.7665590048 -0.9639541507 0.1687309146 -0.2057237625 -0.2610262334 -0.7495333552 0.6083297133
-56.9 -104.9 2237.3 0.9863636494 0.0625474975 0.1522320062 -0.0447188392 0.9920247197 -0.1178439930 -0.1583887637 0.1094293892 0.9812941551
-81.7 -499.4 2193.8 0.9850805998 -0.0506900400 0.1644587964 0.0115345027 0.9729348421 0.2307914943 -0.1717065275 -0.2254512757 0.9590039849
125.7 -105.2 2218.8 0.8728427887 0.0094285961 -0.4879103899 -0.0774904564 0.9898056984 -0.1194984019 0.4818097651 0.1421117187 0.8646754026
121.9 -498.8 2162.3 0.8882554173 -0.0248406548 -0.4586776793 0.1339001358 0.9691734910 0.2068175972 0.4394007623 -0.2451238632 0.8641997576
-148.9 -258.2 2147.8 0 0 0 0 0 0 0 0 0
207.8 -251.3 2115.9 0 0 0 0 0 0 0 0 0
-62.4 -871.3 2280.0 0 0 0 0 0 0 0 0 0
131.4 -869.1 2255.9 0 0 0 0 0 0 0 0 0
34.9 495.8 2222.4 9 0.9935217500 0.0026703416 0.1136108264 -0.0047129965 0.9998319745 0.0177146122 -0.1135444343 -0.0181352999 0.9933673739
34.4 294.8 2226.1 0.9935217500 0.0026703416 0.1136108264 -0.0047129965 0.9998319745 0.0177146122 -0.1135444343 -0.0181352999 0.9933673739
33.6 96.0 2228.6 0.9935205579 0.0036401825 0.1135943756 -0.0050931126 0.9999088645 0.0125029162 -0.1135385111 -0.0130004529 0.9934485555
-105.4 295.5 2242.0 0.1746063083 -0.8162252903 -0.5507167578 0.9846278429 0.1421587318 0.1014835313 -0.0045442302 -0.5599706769 0.8284999728
-156.3 8.8 2243.4 -0.0255138036 -0.8176226616 -0.5751888752 0.9405875802 0.1752467155 -0.2908325493 0.3385912478 -0.5484357476 0.7645745277
174.2 294.1 2210.1 0.1712657213 0.6286733150 0.7585762143 -0.9824890494 0.1663210243 0.0839798301 -0.0733712986 -0.7596756816 0.6461497545
221.5 22.5 2189.8 -0.0489968769 0.6287980676 0.7760233879 -0.9656305313 0.1687414795 -0.1976966113 -0.2552585900 -0.7590383887 0.5989188552
-57.1 -104.3 2240.7 0.9835842252 0.0642357096 0.1686294675 -0.0417932831 0.9901787043 -0.1334145069 -0.1755432934 0.1241768226 0.9766087532
-82.7 -497.9 2191.3 0.9817188382 -0.0606183037 0.1804258525 0.0151063809 0.9697540998 0.2436160296 -0.1897363067 -0.2364368737 0.9529415965
125.5 -104.7 2223.1 0.8810065985 0.0098638637 -0.4730011523 -0.0823250860 0.9877260327 -0.1327399462 0.4658862352 0.1558846384 0.8710051775
121.6 -497.4 2161.1 0.8971720338 -0.0229382515 -0.4410851896 0.1295682788 0.9683825970 0.2131834030 0.4222491980 -0.2484128326 0.8717778921
-149.0 -260.2 2146.5 0 0 0 0 0 0 0 0 0
207.5 -253.6 2116.8 0 0 0 0 0 0 0 0 0
-59.5 -868.6 2281.7 0 0 0 0 0 0 0 0 0
130.4 -867.5 2256.0 0 0 0 0 0 0 0 0 0
32.4 493.2 2224.6 0 0.9932713509 -0.0044588624 0.1157242879 0.0031344423 0.9999275208 0.0116240708 -0.1157677323 -0.0111831250 0.9932133555
33.3 292.7 2226.8 0.9932713509 -0.0044588624 0.1157242879 0.0031344423 0.9999275208 0.0116240708 -0.1157677323 -0.0111831250 0.9932133555
33.8 93.9 2228.3 0.9932766557 -0.0024668756 0.1157386228 0.0016113954 0.9999706745 0.0074844668 -0.1157536954 -0.0072476454 0.9932515025
-106.5 292.5 2243.1 0.1716034114 -0.8180305362 -0.5489793420 0.9851658940 0.1421067417 0.0961970091 -0.0006784232 -0.5573434234 0.8302817941
-155.8 9.3 2243.3 -0.0235148203 -0.8195137978 -0.5725768209 0.9393581748 0.1778922379 -0.2931903005 0.3421304822 -0.5447490215 0.7656338811
173.1 292.9 2210.5 0.1766924262 0.6263364553 0.7592644095 -0.9812573195 0.1723648608 0.0861654133 -0.0769019723 -0.7602584958 0.6450527906
221.6 23.7 2189.4 -0.0547707267 0.6258798838 0.7779939175 -0.9660207033 0.1638938487 -0.1998569965 -0.2525948882 -0.7625045180 0.5956363678
-58.3 -102.3 2241.7 0.9832233191 0.0616019778 0.1716888845 -0.0381137095 0.9898526669 -0.1368905902 -0.1783794314 0.1280503273 0.9755941033
-82.7 -495.9 2190.7 0.9812572598 -0.0624919161 0.1822881699 0.0171435904 0.9705156684 0.2404276133 -0.1919383109 -0.2327962667 0.9533968568
124.0 -103.2 2220.8 0.8825659156 0.0071736444 -0.4701339900 -0.0735443383 0.9896826744 -0.1229608878 0.4644013941 0.1430967748 0.8739877939
121.2 -496.7 2163.9 0.8950719833 -0.0306310430 -0.4448684156 0.1273247004 0.9736611843 0.1891357303 0.4273576736 -0.2259328216 0.8753969073
-149.1 -259.4 2145.5 0 0 0 0 0 0 0 0 0
205.9 -252.6 2117.2 0 0 0 0 0 0 0 0 0
-58.9 -866.9 2279.7 0 0 0 0 0 0 0 0 0
132.9 -868.8 2250.3 0 0 0 0 0 0 0 0 0
33.4 495.0 2225.2 1 0.9961231351 -0.0144174090 0.0867802054 0.0134917162 0.9998457432 0.0112442113 -0.0869289339 -0.0100298058 0.9961640239
36.3 294.6 2227.2 0.9961231351 -0.0144174090 0.0867802054 0.0134917162 0.9998457432 0.0112442113 -0.0869289339 -0.0100298058 0.9961640239
38.8 95.8 2228.6 0.9961444736 -0.0125602437 0.0868237838 0.0119090350 0.9998969436 0.0080142794 -0.0869155005 -0.0069493926 0.9961914420
-103.8 292.9 2239.4 0.1812034100 -0.8016774654 -0.5696302056 0.9833875895 0.1414107382 0.1138060763 -0.0106839370 -0.5807893276 0.8139837980
-156.3 8.2 2242.5 -0.0260560401 -0.8037174940 -0.5944402814 0.9387943149 0.1846505105 -0.2908082008 0.3434913456 -0.5656344891 0.7497141957
176.4 296.3 2215.0 0.1619500369 0.6465515494 0.7454819083 -0.9822757244 0.1778729111 0.0591236316 -0.0943745598 -0.7418438792 0.6638984084
221.5 22.8 2188.7 -0.0534557253 0.6455210447 0.7618694901 -0.9671652317 0.1563695669 -0.2003497481 -0.2484631687 -0.7475634813 0.6159666181
-56.8 -105.0 2240.3 0.9871637225 0.0667675138 0.1450859010 -0.0478926674 0.9903697968 -0.1298997700 -0.1523617804 0.1212837920 0.9808548093
-83.4 -498.8 2192.1 0.9852142334 -0.0627038330 0.1594401598 0.0229428895 0.9705231190 0.2399135679 -0.1697838604 -0.2327082455 0.9576117992
125.4 -104.7 2219.1 0.8694401383 0.0086789187 -0.4939620793 -0.0758763775 0.9903289080 -0.1161526069 0.4881768525 0.1384677887 0.8616902232
122.0 -498.5 2164.1 0.8838605285 -0.0187914353 -0.4673729241 0.1232349053 0.9732458591 0.1939217597 0.4512247145 -0.2289964408 0.8625293374
-148.8 -260.3 2144.3 0 0 0 0 0 0 0 0 0
206.2 -253.7 2117.6 0 0 0 0 0 0 0 0 0
-59.4 -869.8 2281.1 0 0 0 0 0 0 0 0 0
129.1 -870.5 2251.6 0 0 0 0 0 0 0 0 0
33.4 493.7 2226.5 2 0.9971722960 -0.0174742099 0.0730894059 0.0171689782 0.9998410940 0.0048023742 -0.0731617063 -0.0035339238 0.9973138571
36.9 293.6 2227.2 0.9971722960 -0.0174742099 0.0730894059 0.0171689782 0.9998410940 0.0048023742 -0.0731617063 -0.0035339238 0.9973138571
40.3 94.8 2227.7 0.9971759319 -0.0171729997 0.0731111988 0.0169591457 0.9998499155 0.0035448594 -0.0731610954 -0.0022949451 0.9973174930
-103.4 291.2 2237.5 0.1811325997 -0.7955021262 -0.5782451034 0.9832324982 0.1338719279 0.1238230169 -0.0210906807 -0.5909777880 0.8064121008
-154.6 13.3 2243.4 -0.0184015539 -0.7981791496 -0.6021390557 0.9393444657 0.1924896538 -0.2838657200 0.3424812257 -0.5708395243 0.7462230325
177.2 295.9 2216.9 0.1738253981 0.6536527872 0.7365614176 -0.9788017273 0.1969435513 0.0562178567 -0.1083140597 -0.7307196856 0.6740302444
224.9 27.5 2187.2 -0.0632579699 0.6512037516 0.7562619448 -0.9676357508 0.1454715580 -0.2062014192 -0.2442937344 -0.7448300123 0.6209257841
-50.0 -104.0 2238.0 0.9879723191 0.0798862800 0.1323967427 -0.0623572543 0.9893359542 -0.1316280663 -0.1415001303 0.1217889935 0.9824180007
-81.8 -497.4 2189.6 0.9869985580 -0.0496225618 0.1528772563 0.0088672061 0.9665108323 0.2564725578 -0.1604843587 -0.2517824471 0.9543848038
132.7 -101.9 2222.0 0.8627862334 0.0213117544 -0.5051195025 -0.0930596143 0.9887341857 -0.1172374040 0.4969303608 0.1481570452 0.8550495505
124.2 -494.9 2163.1 0.8806954026 -0.0043308153 -0.4736632705 0.1095921844 0.9746900797 0.1948559880 0.4608309865 -0.2235185653 0.8588796258
-149.4 -255.4 2145.5 0 0 0 0 0 0 0 0 0
206.8 -249.2 2117.3 0 0 0 0 0 0 0 0 0
-62.8 -866.8 2285.8 0 0 0 0 0 0 0 0 0
125.8 -867.5 2248.6 0 0 0 0 0 0 0 0 0
33.5 495.2 2226.6 3 0.9971153140 -0.0197084937 0.0732982233 0.0193605851 0.9997977018 0.0054540387 -0.0733908862 -0.0040192092 0.9972951412
37.5 295.1 2227.4 0.9971153140 -0.0197084937 0.0732982233 0.0193605851 0.9997977018 0.0054540387 -0.0733908862 -0.0040192092 0.9972951412
41.4 96.3 2227.7 0.9971148372 -0.0195403229 0.0733494684 0.0193839297 0.9998080730 0.0028434682 -0.0733909532 -0.0014134634 0.9973022342
-102.8 292.3 2237.8 0.1780960858 -0.7959167957 -0.5786175132 0.9838325381 0.1327612549 0.1201999560 -0.0188511778 -0.5906698704 0.8066930771
-153.5 12.6 2243.1 -0.0133256894 -0.7986451983 -0.6016546488 0.9390630722 0.1967012286 -0.2819028497 0.3434865475 -0.5687481761 0.7473570108
177.8 297.8 2217.1 0.1779443920 0.6538754106 0.7353793383 -0.9788442254 0.1943134815 0.0640799031 -0.1009938493 -0.7312244773 0.6746191382
226.8 28.3 2189.3 -0.0663484484 0.6516749263 0.7555909157 -0.9637597799 0.1542449147 -0.2176594436 -0.2583892643 -0.7426494956 0.6178241968
-47.8 -105.5 2234.9 0.9871591926 0.0862048119 0.1344822645 -0.0710538179 0.9909754992 -0.1136613265 -0.1430667937 0.1026463434 0.9843757749
-82.0 -499.5 2194.1 0.9862016439 -0.0559382513 0.1558114588 0.0186973587 0.9727972746 0.2309022248 -0.1644892395 -0.2248028964 0.9604201913
135.2 -102.4 2221.4 0.8630076647 0.0287687536 -0.5043710470 -0.0963978842 0.9894107580 -0.1085074097 0.4959084988 0.1422630250 0.8566423059
123.7 -495.8 2164.9 0.8810074925 -0.0039095129 -0.4730861783 0.1064354181 0.9759694934 0.1901447028 0.4609743357 -0.2178720385 0.8602525592
-149.7 -255.9 2144.9 0 0 0 0 0 0 0 0 0
207.8 -247.2 2115.4 0 0 0 0 0 0 0 0 0
-60.6 -871.2 2280.0 0 0 0 0 0 0 0 0 0
125.2 -868.9 2248.2 0 0 0 0 0 0 0 0 0
33.1 496.2 2219.7 4 0.9964151382 -0.0194030665 0.0823432803 0.0175051056 0.9995656013 0.0237091128 -0.0827675387 -0.0221826918 0.9963219762
37.0 295.7 2224.2 0.9964151382 -0.0194030665 0.0823432803 0.0175051056 0.9995656013 0.0237091128 -0.0827675387 -0.0221826918 0.9963219762
40.7 96.9 2227.4 0.9964209795 -0.0185900386 0.0824599639 0.0171972290 0.9996977448 0.0175690018 -0.0827616453 -0.0160880405 0.9964395165
-103.2 293.3 2235.8 0.1786949784 -0.8002789021 -0.5723825097 0.9835488200 0.1296509504 0.1257870495 -0.0264547803 -0.5854436755 0.8102813363
-153.6 16.0 2243.3 -0.0172284339 -0.8027667403 -0.5960443020 0.9421043992 0.1866271198 -0.2785850465 0.3348768353 -0.5663354993 0.7530747652
177.2 298.1 2212.5 0.1843451709 0.6467285156 0.7401074767 -0.9791613817 0.1861225963 0.0812488571 -0.0852047727 -0.7396624684 0.6675624251
227.7 30.3 2189.2 -0.0673588365 0.6450242996 0.7611875534 -0.9628869891 0.1578278989 -0.2189496905 -0.2613644898 -0.7476857901 0.6104543805
-46.2 -104.2 2234.8 0.9857947826 0.0919659883 0.1405378878 -0.0736749023 0.9887425900 -0.1302307844 -0.1509325951 0.1180267185 0.9814729095
-82.8 -497.3 2187.8 0.9844793677 -0.0603007600 0.1648156047 0.0171819348 0.9677235484 0.2514276803 -0.1746572256 -0.2446935177 0.9537400007
136.7 -100.7 2221.3 0.8671201468 0.0339812934 -0.4969385862 -0.0987706035 0.9895892739 -0.1046778336 0.4882079959 0.1398511827 0.8614491224
123.2 -494.1 2165.7 0.8850744963 -0.0064711892 -0.4654043615 0.1063069031 0.9762846231 0.1885925680 0.4531466961 -0.2163941711 0.8647725582
-148.7 -253.4 2147.5 0 0 0 0 0 0 0 0 0
208.4 -245.0 2114.5 0 0 0 0 0 0 0 0 0
-59.7 -867.1 2281.3 0 0 0 0 0 0 0 0 0
125.7 -867.4 2248.4 0 0 0 0 0 0 0 0 0
35.5 495.6 2223.2 5 0.9958114624 -0.0103892777 0.0908383951 0.0093026310 0.9998801351 0.0123776505 -0.0909561068 -0.0114807701 0.9957886934
37.5 295.5 2225.5 0.9958114624 -0.0103892777 0.0908383951 0.0093026310 0.9998801351 0.0123776505 -0.0909561068 -0.0114807701 0.9957886934
39.4 96.7 2226.9 0.9958192706 -0.0091493614 0.0908860788 0.0085029239 0.9999357462 0.0074972780 -0.0909488350 -0.0066931364 0.9958330989
-102.6 294.3 2238.3 0.1775294393 -0.8050199151 -0.5660620332 0.9839972854 0.1362890303 0.1147808880 -0.0152528593 -0.5773804784 0.8163327575
-153.0 14.8 2242.7 -0.0133983931 -0.8070840240 -0.5902845860 0.9406558275 0.1900262088 -0.2811701298 0.3390974700 -0.5590218902 0.7566422224
177.7 296.7 2212.7 0.1846197397 0.6411896348 0.7448432446 -0.9782196283 0.1930475384 0.0762825981 -0.0948785394 -0.7427034974 0.6628646255
227.9 30.6 2186.9 -0.0673931614 0.6390100121 0.7662404180 -0.9645408392 0.1546974033 -0.2138449550 -0.2551844716 -0.7534818649 0.6059257388
-47.0 -103.3 2238.2 0.9848709106 0.0912134722 0.1473411322 -0.0702815503 0.9874395132 -0.1415052116 -0.1583976299 0.1290089935 0.9789110422
-83.2 -495.9 2186.9 0.9836359024 -0.0562726483 0.1711544693 0.0116107157 0.9677961469 0.2514671981 -0.1797933728 -0.2453649342 0.9526124001
135.9 -100.2 2223.0 0.8707202077 0.0294804648 -0.4908942580 -0.0964399204 0.9890555739 -0.1116622761 0.4822298288 0.1445683986 0.8640337586
124.1 -493.5 2165.5 0.8877629638 -0.0057947882 -0.4602644444 0.1025882661 0.9772613049 0.1855694950 0.4487232864 -0.2119594514 0.8681708574
-149.2 -254.2 2145.7 0 0 0 0 0 0 0 0 0
208.6 -245.2 2114.0 0 0 0 0 0 0 0 0 0
-61.7 -865.8 2280.7 0 0 0 0 0 0 0 0 0
126.3 -867.1 2246.5 0 0 0 0 0 0 0 0 0
36.4 494.3 2218.5 6 0.9942134023 -0.0047656833 0.1073174179 0.0021862884 0.9997062087 0.0241400339 -0.1074009314 -0.0237657186 0.9939317107
37.4 293.8 2223.3 0.9942134023 -0.0047656833 0.1073174179 0.0021862884 0.9997062087 0.0241400339 -0.1074009314 -0.0237657186 0.9939317107
38.2 95.0 2226.5 0.9942137599 -0.0038575304 0.1073506922 0.0021060917 0.9998629093 0.0164237060 -0.1073993295 -0.0161025822 0.9940855503
-102.5 293.5 2238.4 0.1848680526 -0.8123201132 -0.5531363487 0.9826034904 0.1426298618 0.1189415455 -0.0177248549 -0.5655021667 0.8245562911
-155.2 13.7 2243.4 -0.0224369504 -0.8140926957 -0.5803013444 0.9377920628 0.1840211451 -0.2944185436 0.3464716971 -0.5508078337 0.7593207955
177.3 294.1 2208.2 0.1747651994 0.6317575574 0.7552082539 -0.9815750122 0.1719675660 0.0832927078 -0.0772505254 -0.7558502555 0.6501713395
224.7 27.6 2187.2 -0.0582850985 0.6313559413 0.7732997537 -0.9642224312 0.1650600135 -0.2074375749 -0.2586078048 -0.7577234507 0.5991470218
-50.2 -102.8 2236.6 0.9834063053 0.0808963925 0.1623817384 -0.0587748550 0.9888684154 -0.1366922259 -0.1716320813 0.1248800382 0.9772140980
-82.4 -496.0 2186.9 0.9820476174 -0.0539707802 0.1807473153 0.0099219838 0.9716480970 0.2362234145 -0.1883719563 -0.2301892787 0.9547402263
132.5 -101.3 2219.9 0.8784078360 0.0226435028 -0.4773750007 -0.0841331407 0.9906036854 -0.1078239828 0.4704479277 0.1348764896 0.8720591068
123.5 -495.1 2166.3 0.8935050964 -0.0061237547 -0.4490112960 0.1030930132 0.9759969711 0.1918378621 0.4370588958 -0.2176980227 0.8726895452
-148.7 -254.4 2144.4 0 0 0 0 0 0 0 0 0
208.1 -248.1 2113.2 0 0 0 0 0 0 0 0 0
-61.7 -867.4 2274.9 0 0 0 0 0 0 0 0 0
125.9 -868.3 2249.5 0 0 0 0 0 0 0 0 0
37.3 494.7 2222.1 7 0.9921385646 -0.0001599578 0.1251439601 -0.0013443208 0.9999278784 0.0119358441 -0.1251368374 -0.0120102456 0.9920668006
37.3 294.3 2224.6 0.9921385646 -0.0001599578 0.1251439601 -0.0013443208 0.9999278784 0.0119358441 -0.1251368374 -0.0120102456 0.9920668006
37.3 95.5 2226.1 0.9921385646 0.0003955144 0.1251434386 -0.0013507495 0.9999706149 0.0075483616 -0.1251367778 -0.0076580583 0.9921099544
-102.3 294.4 2242.2 0.1865052730 -0.8204386830 -0.5404592156 0.9824506640 0.1571734697 0.1004350260 0.0025450690 -0.5497061610 0.8353542089
-155.5 14.0 2241.4 -0.0234881118 -0.8210283518 -0.5704039931 0.9407199025 0.1749629974 -0.2905752957 0.3383701444 -0.5434154868 0.7682482004
176.9 294.1 2206.9 0.1743951887 0.6209582090 0.7641971111 -0.9822578430 0.1640614569 0.0908479467 -0.0689625219 -0.7664820552 0.6385526061
224.5 25.9 2188.1 -0.0555290319 0.6216186285 0.7813493609 -0.9624820948 0.1748446524 -0.2075030655 -0.2656025290 -0.7635572553 0.5885878205
-52.3 -103.9 2239.6 0.9811248779 0.0718106776 0.1795471460 -0.0465831831 0.9889172316 -0.1409707665 -0.1876804680 0.1299460530 0.9735964537
-80.8 -497.1 2187.9 0.9799537063 -0.0479262210 0.1933749020 0.0012074080 0.9720444679 0.2347937226 -0.1992217898 -0.2298534960 0.9526164532
130.1 -103.5 2219.9 0.8866237998 0.0162418373 -0.4622060955 -0.0766922906 0.9907101989 -0.1123010963 0.4560883343 0.1350164711 0.8796328902
123.7 -497.4 2166.2 0.9003338814 -0.0084769204 -0.4351172447 0.1038640514 0.9751046896 0.1959160268 0.4226241112 -0.2215828747 0.8788002729
-148.8 -255.0 2144.7 0 0 0 0 0 0 0 0 0
208.7 -249.3 2112.2 0 0 0 0 0 0 0 0 0
-62.5 -868.7 2275.8 0 0 0 0 0 0 0 0 0
126.9 -870.2 2250.9 0 0 0 0 0 0 0 0 0
35.6 496.3 2224.5 8 0.9908721447 -0.0038904597 0.1347486824 0.0028991173 0.9999672771 0.0075524128 -0.1347736567 -0.0070928233 0.9908510447
36.4 295.7 2225.9 0.9908721447 -0.0038904597 0.1347486824 0.0028991173 0.9999672771 0.0075524128 -0.1347736567 -0.0070928233 0.9908510447
36.7 96.9 2226.2 0.9908762574 -0.0016295742 0.1347648650 0.0014143495 0.9999975562 0.0016927619 -0.1347672939 -0.0014867130 0.9908761382
-103.0 295.5 2244.8 0.1900830418 -0.8250572681 -0.5321174264 0.9817362428 0.1640964597 0.0962615311 0.0078973072 -0.5406966209 0.8411806226
-157.0 16.9 2242.6 -0.0293443725 -0.8251592517 -0.5641375184 0.9412034154 0.1672220528 -0.2935522795 0.3365635872 -0.5395822525 0.7717356682
175.9 295.9 2206.9 0.1781741232 0.6141604185 0.7688049078 -0.9816877842 0.1644639522 0.0961285681 -0.0674023330 -0.7718539834 0.6322169900
224.6 27.2 2188.5 -0.0547169037 0.6151218414 0.7865310907 -0.9615044594 0.1799791008 -0.2076454759 -0.2692864239 -0.7676149011 0.5815945268
-53.8 -103.2 2239.1 0.9792394638 0.0685990825 0.1907464266 -0.0449274667 0.9910418391 -0.1257680804 -0.1976652592 0.1145873144 0.9735492468
-81.1 -497.2 2193.6 0.9777665734 -0.0539386347 0.2026405632 0.0143312626 0.9812812209 0.1920461506 -0.2092061043 -0.1848722100 0.9602369666
128.2 -103.4 2216.1 0.8911713958 0.0174959116 -0.4533293247 -0.0771867186 0.9905343056 -0.1135075241 0.4470523298 0.1361456513 0.8840863109
121.2 -497.3 2162.0 0.9045428038 -0.0216500349 -0.4258327782 0.1162896156 0.9733746052 0.1975313872 0.4102182388 -0.2281955332 0.8829766512
-148.6 -252.2 2146.4 0 0 0 0 0 0 0 0 0
209.0 -247.7 2111.5 0 0 0 0 0 0 0 0 0
-60.5 -871.9 2264.2 0 0 0 0 0 0 0 0 0
129.5 -869.4 2249.2 0 0 0 0 0 0 0 0 0
36.4 499.0 2225.6 9 0.9923440218 -0.0015905064 0.1234943941 0.0009800040 0.9999870062 0.0050041522 -0.1235007420 -0.0048448150 0.9923326373
36.7 298.3 2226.6 0.9923440218 -0.0015905064 0.1234943941 0.0009800040 0.9999870062 0.0050041522 -0.1235007420 -0.0048448150 0.9923326373
36.3 99.5 2226.5 0.9923430085 0.0022387363 0.1234925017 -0.0021530150 0.9999973178 -0.0008275889 -0.1234940290 0.0005553708 0.9923451543
-102.9 298.6 2244.0 0.1821333319 -0.8204641938 -0.5419095755 0.9832385778 0.1566368788 0.0933099762 0.0083255302 -0.5498212576 0.8352408409
-155.5 14.8 2241.6 -0.0230258033 -0.8210796118 -0.5703490376 0.9407516718 0.1752639562 -0.2902910411 0.3383136988 -0.5432410240 0.7683964372
176.4 298.0 2209.2 0.1694885194 0.6229286194 0.7636973262 -0.9825487137 0.1670552343 0.0817958191 -0.0766266882 -0.7642332911 0.6403716207
222.9 28.2 2188.2 -0.0501289517 0.6235108376 0.7802059650 -0.9627919793 0.1775395870 -0.2037431300 -0.2655534744 -0.7613894939 0.5914113522
-53.9 -102.0 2238.9 0.9812288880 0.0716537237 0.1790409684 -0.0485310480 0.9902801514 -0.1303455681 -0.1866404563 0.1192097813 0.9751688838
-82.3 -495.7 2191.5 0.9791210294 -0.0644140691 0.1928025335 0.0195448380 0.9739035964 0.2261190861 -0.2023363262 -0.2176296562 0.9548284411
128.0 -101.7 2214.1 0.8858412504 0.0165249147 -0.4636940658 -0.0752228275 0.9912595153 -0.1083796620 0.4578501880 0.1308875531 0.8793416023
121.4 -495.9 2162.1 0.8991578221 -0.0289826598 -0.4366637766 0.1277082562 0.9717504978 0.1984729916 0.4185759723 -0.2342241108 0.8774583936
-148.9 -254.2 2144.8 0 0 0 0 0 0 0 0 0
208.5 -247.1 2112.2 0 0 0 0 0 0 0 0 0
-57.7 -867.6 2274.6 0 0 0 0 0 0 0 0 0
132.5 -867.4 2251.6 0 0 0 0 0 0 0 0 0
36.4 496.7 2219.7 0 0.9924561381 0.0005103736 0.1225993782 -0.0029926437 0.9997942448 0.0200637151 -0.1225639135 -0.0202792529 0.9922534227
36.3 295.8 2223.8 0.9924561381 0.0005103736 0.1225993782 -0.0029926437 0.9997942448 0.0200637151 -0.1225639135 -0.0202792529 0.9922534227
35.7 97.0 2226.1 0.9924534559 0.0030553464 0.1225840822 -0.0044968091 0.9999239445 0.0114840306 -0.1225396693 -0.0119486032 0.9923917055
-103.4 296.4 2241.0 0.1835027635 -0.8203613758 -0.5416030884 0.9829691648 0.1475721598 0.1095175594 -0.0099184420 -0.5524759293 0.8334698677
-155.2 19.0 2243.8 -0.0208212305 -0.8214354515 -0.5699213147 0.9403675795 0.1774945259 -0.2901802361 0.3395222425 -0.5419774055 0.7687555552
175.9 295.1 2206.5 0.1759232730 0.6223813295 0.7626876831 -0.9820180535 0.1648649275 0.0919786394 -0.0684946626 -0.7651542425 0.6401932836
223.4 30.1 2188.0 -0.0553087592 0.6226444840 0.7805477381 -0.9643379450 0.1693380773 -0.2034132481 -0.2588305771 -0.7639623284 0.5910738111
-55.2 -99.1 2237.7 0.9822730422 0.0653950125 0.1756789982 -0.0385208465 0.9875923395 -0.1522414684 -0.1834550649 0.1427753866 0.9726044536
-81.2 -491.7 2180.9 0.9808446765 -0.0544657521 0.1870219558 0.0024145516 0.9634392858 0.2679158449 -0.1947765350 -0.2623322606 0.9451158047
126.9 -99.5 2215.0 0.8853330016 0.0131126810 -0.4647726119 -0.0719954967 0.9914122224 -0.1091714874 0.4593497217 0.1301146597 0.8786740303
121.6 -493.7 2163.3 0.8977163434 -0.0229269620 -0.4399769902 0.1178891510 0.9747301936 0.1897449493 0.4245085716 -0.2222056538 0.8777340651
-149.2 -250.0 2146.7 0 0 0 0 0 0 0 0 0
207.6 -245.6 2114.0 0 0 0 0 0 0 0 0 0
-60.4 -859.4 2281.1 0 0 0 0 0 0 0 0 0
130.4 -866.3 2248.2 0 0 0 0 0 0 0 0 0
36.9 494.6 2216.2 1 0.9934620261 0.0013111130 0.1141556352 -0.0043658284 0.9996389151 0.0265133232 -0.1140796542 -0.0268383641 0.9931090474
36.6 294.0 2221.6 0.9934620261 0.0013111130 0.1141556352 -0.0043658284 0.9996389151 0.0265133232 -0.1140796542 -0.0268383641 0.9931090474
36.0 95.2 2225.1 0.9934604168 0.0031076628 0.1141348779 -0.0050947121 0.9998404384 0.0171220917 -0.1140634567 -0.0175916050 0.9933177233
-103.2 294.7 2237.7 0.1811153889 -0.8166044354 -0.5480460525 0.9832628369 0.1391466409 0.1176110655 -0.0197829511 -0.5601744652 0.8281384110
-154.7 15.0 2243.3 -0.0190683473 -0.8183891773 -0.5743479133 0.9386420250 0.1832043976 -0.2922111452 0.3443655074 -0.5446790457 0.7646811008
176.4 293.3 2205.6 0.1685070246 0.6286246777 0.7592340708 -0.9832080603 0.1619330496 0.0841405094 -0.0700522885 -0.7606633306 0.6453557014
222.3 25.9 2186.5 -0.0535852239 0.6289528012 0.7755945921 -0.9648034573 0.1676454544 -0.2026062161 -0.2574546635 -0.7591530681 0.5978325009
-56.0 -101.4 2239.8 0.9841024876 0.0578438342 0.1679177582 -0.0345653817 0.9897757769 -0.1383805126 -0.1742053777 0.1303764731 0.9760401845
-79.0 -494.8 2187.9 0.9832981825 -0.0405192785 0.1774339825 -0.0021494154 0.9722493887 0.2339369208 -0.1819890440 -0.2304111421 0.9559239745
126.1 -102.2 2217.3 0.8813492060 0.0089709293 -0.4723802805 -0.0737280324 0.9901825786 -0.1187544987 0.4666773975 0.1394918561 0.8733580112
122.5 -495.9 2161.8 0.8954904079 -0.0123287980 -0.4449099898 0.1141879931 0.9725224972 0.2028819919 0.4301836789 -0.2324822545 0.8722923994
-149.3 -253.4 2144.8 0 0 0 0 0 0 0 0 0
206.9 -250.0 2112.9 0 0 0 0 0 0 0 0 0
-63.5 -866.0 2275.9 0 0 0 0 0 0 0 0 0
127.3 -867.6 2250.7 0 0 0 0 0 0 0 0 0
37.0 495.7 2221.0 2 0.9911036491 0.0027853928 0.1330629140 -0.0044056023 0.9999197125 0.0118833976 -0.1330191344 -0.0123639014 0.9910363555
36.5 295.4 2223.5 0.9911036491 0.0027853928 0.1330629140 -0.0044056023 0.9999197125 0.0118833976 -0.1330191344 -0.0123639014 0.9910363555
35.8 96.6 2225.2 0.9911034107 0.0033701302 0.1330514997 -0.0044976859 0.9999564886 0.0081749419 -0.1330181509 -0.0087006371 0.9910753965
-103.0 296.0 2242.2 0.1796019524 -0.8260563612 -0.5342041254 0.9837380052 0.1499053389 0.0989341140 -0.0016450991 -0.5432856679 0.8395462632
-155.0 10.8 2242.7 -0.0208309740 -0.8271385431 -0.5616118908 0.9369680882 0.1798205227 -0.2995920181 0.3487934470 -0.5324532390 0.7712565660
176.0 294.8 2204.8 0.1709422618 0.6151480675 0.7696567774 -0.9827464819 0.1624454260 0.0884354189 -0.0706263483 -0.7714948654 0.6323034167
222.9 25.0 2185.4 -0.0610857494 0.6153698564 0.7858679295 -0.9646277428 0.1658869535 -0.2048777342 -0.2564408183 -0.7705851197 0.5834695101
-55.8 -103.1 2239.1 0.9803510308 0.0638064668 0.1866562665 -0.0371116549 0.9890030026 -0.1431633532 -0.1937383562 0.1334232241 0.9719381332
-81.1 -496.3 2186.0 0.9794382453 -0.0459556952 0.1964404136 -0.0096506886 0.9619225264 0.2731518745 -0.2015133500 -0.2694311738 0.9417001605
126.5 -104.0 2218.2 0.8900481462 0.0148002412 -0.4556262493 -0.0774807259 0.9898421764 -0.1192022413 0.4492338598 0.1413979828 0.8821539283
120.6 -497.6 2161.9 0.9036033750 -0.0255546011 -0.4276071787 0.1219836548 0.9722409844 0.1996683329 0.4106347859 -0.2325820625 0.8816375136
-149.1 -257.1 2142.9 0 0 0 0 0 0 0 0 0
205.4 -250.9 2112.0 0 0 0 0 0 0 0 0 0
-63.6 -863.4 2288.9 0 0 0 0 0 0 0 0 0
130.4 -869.2 2250.8 0 0 0 0 0 0 0 0 0
37.0 496.9 2217.4 3 0.9920451045 0.0030770565 0.1258452237 -0.0058762031 0.9997434020 0.0218776036 -0.1257456094 -0.0224430617 0.9918086529
36.3 296.3 2221.9 0.9920451045 0.0030770565 0.1258452237 -0.0058762031 0.9997434020 0.0218776036 -0.1257456094 -0.0224430617 0.9918086529
35.5 97.5 2225.0 0.9920436740 0.0043495488 0.1258188486 -0.0062578307 0.9998712540 0.0147756319 -0.1257383823 -0.0154454252 0.9919431806
-103.3 297.2 2239.6 0.1825603098 -0.8220505714 -0.5393557549 0.9831288457 0.1462815702 0.1098152250 -0.0113758631 -0.5503041148 0.8348867893
-156.1 12.7 2242.9 -0.0255148709 -0.8233392239 -0.5669757724 0.9374399781 0.1772822738 -0.2996285260 0.3472106755 -0.5391507149 0.7673077583
175.9 295.4 2204.2 0.1679455340 0.6204100251 0.7660846710 -0.9833987355 0.1596056372 0.0863305181 -0.0687111169 -0.7678655386 0.6369154453
221.9 26.5 2185.4 -0.0532842129 0.6211269498 0.7818964720 -0.9641928077 0.1717085540 -0.2021099478 -0.2597942352 -0.7646682262 0.5897367597
-55.8 -101.8 2239.1 0.9819206595 0.0626201108 0.1786351651 -0.0358990766 0.9881744385 -0.1490722746 -0.1858576238 0.1399643123 0.9725568891
-80.7 -494.7 2183.5 0.9810061455 -0.0460334420 0.1884352416 -0.0084772147 0.9603306055 0.2787351310 -0.1937912703 -0.2750382721 0.9416999817
126.0 -102.6 2214.7 0.8866717815 0.0151286321 -0.4621517956 -0.0752793923 0.9908534288 -0.1119931936 0.4562304020 0.1340917200 0.8797006607
120.0 -496.6 2161.4 0.9001008272 -0.0262050703 -0.4348928034 0.1246673539 0.9719434977 0.1994591355 0.4174643755 -0.2337502688 0.8781140447
-148.8 -255.4 2143.6 0 0 0 0 0 0 0 0 0
206.6 -249.2 2111.1 0 0 0 0 0 0 0 0 0
-63.1 -861.5 2288.6 0 0 0 0 0 0 0 0 0
130.0 -868.1 2250.8 0 0 0 0 0 0 0 0 0
37.9 496.1 2221.6 4 0.9912722707 0.0062706522 0.1316811442 -0.0072405641 0.9999500513 0.0068880869 -0.1316313744 -0.0077814152 0.9912682176
36.6 295.9 2223.1 0.9912722707 0.0062706522 0.1316811442 -0.0072405641 0.9999500513 0.0068880869 -0.1316313744 -0.0077814152 0.9912682176
35.1 97.1 2224.2 0.9912675023 0.0073273978 0.1316624582 -0.0079416074 0.9999598861 0.0041405372 -0.1316268444 -0.0051499917 0.9912859797
-102.9 297.0 2241.7 0.1862593740 -0.8248281479 -0.5338220596 0.9824934602 0.1542972773 0.1043978631 -0.0037430041 -0.5439217687 0.8391276002
-156.6 13.8 2242.7 -0.0273657534 -0.8254745603 -0.5637755394 0.9393280149 0.1716794521 -0.2969664633 0.3419269323 -0.5376968980 0.7706932425
176.1 294.8 2204.6 0.1632177979 0.6170861721 0.7697821856 -0.9836943150 0.1615255177 0.0790889338 -0.0755347759 -0.7701390982 0.6333879232
220.9 24.7 2183.9 -0.0504213050 0.6178001761 0.7847169042 -0.9643759727 0.1741819382 -0.1990969181 -0.2596856356 -0.7668008804 0.5870091915
-56.4 -100.7 2239.6 0.9810513258 0.0607596189 0.1839744002 -0.0315135270 0.9869514108 -0.1579045951 -0.1911680102 0.1491148323 0.9701647162
