13.4 499.7 2175.6 0 0.9975451827 -0.0144247087 0.0685237795 0.0147283087 0.9998838305 -0.0039274129 -0.0684591681 0.0049270112 0.9976417422
16.3 299.2 2174.7 0.9975451827 -0.0144247087 0.0685237795 0.0147283087 0.9998838305 -0.0039274129 -0.0684591681 0.0049270112 0.9976417422
18.9 100.5 2172.8 0.9975553155 -0.0134012904 0.0685846210 0.0140029751 0.9998674989 -0.0082996283 -0.0684643090 0.0092397267 0.9976108074
-124.1 297.3 2184.3 0.1784684509 -0.7914980650 -0.5845338106 0.9839420915 0.1419612169 0.1081897691 -0.0026508598 -0.5944558978 0.8041238785
-174.4 20.2 2185.0 0.0307839010 -0.7922775745 -0.6093837619 0.9373261929 0.2345945388 -0.2576528192 0.3470906615 -0.5632597804 0.7498443127
156.7 301.2 2165.0 0.1536597610 0.6567751765 0.7382648587 -0.9813153744 0.1889848262 0.0361227356 -0.1157963425 -0.7300212979 0.6735429764
199.4 28.4 2132.8 -0.0546243563 0.6556094885 0.7531217933 -0.9629722834 0.1648362577 -0.2133386135 -0.2640085816 -0.7368888855 0.6223297119
-67.6 -99.5 2178.4 0.9883796573 0.0685621649 0.1356647760 -0.0674222633 0.9976400137 -0.0129847191 -0.1362348646 0.0036870055 0.9906697273
-94.8 -496.1 2176.9 0.9839289188 -0.0967461541 0.1500800848 0.0496232994 0.9555444717 0.2906411886 -0.1715266109 -0.2785227895 0.9449887276
115.4 -96.2 2164.5 0.8635898829 0.0191385895 -0.5038315654 -0.0492447279 0.9977033138 -0.0465088263 0.5017843246 0.0649756044 0.8625489473
107.8 -492.9 2138.7 0.8760761619 -0.0623808242 -0.4781204462 0.1965180039 0.9516950250 0.2359180003 0.4403080642 -0.3006414175 0.8460162878
-183.2 -247.8 2085.8 0 0 0 0 0 0 0 0 0
183.8 -246.9 2057.3 0 0 0 0 0 0 0 0 0
-57.8 -861.4 2283.4 0 0 0 0 0 0 0 0 0
131.6 -856.7 2253.6 0 0 0 0 0 0 0 0 0
13.2 497.7 2175.2 1 0.9964472055 -0.0120400786 0.0833546668 0.0123156384 0.9999202490 -0.0027924653 -0.0833144039 0.0038091103 0.9965160489
15.6 297.3 2174.4 0.9964472055 -0.0120400786 0.0833546668 0.0123156384 0.9999202490 -0.0027924653 -0.0833144039 0.0038091103 0.9965160489
17.9 98.5 2173.1 0.9964511395 -0.0114328675 0.0833931565 0.0119807003 0.9999098182 -0.0060717920 -0.0833162218 0.0070493529 0.9964982271
-124.6 295.6 2186.2 0.1839663982 -0.7984925508 -0.5732067227 0.9829319119 0.1501043141 0.1063652113 0.0011089768 -0.5829908252 0.8124780059
-176.2 20.1 2185.9 0.0340832584 -0.7988116145 -0.6006149650 0.9344141483 0.2386681139 -0.2644006312 0.3545539379 -0.5522115231 0.7545554638
155.9 299.0 2162.7 0.1475938410 0.6467804313 0.7482587695 -0.9825953245 0.1821665615 0.0363554098 -0.1127937585 -0.7406014204 0.6624100804
196.5 28.5 2131.7 -0.0530000143 0.6460080743 0.7614883780 -0.9637438059 0.1666097492 -0.2084203660 -0.2615126371 -0.7449259758 0.6137560010
-69.9 -99.6 2177.3 0.9868777990 0.0592657626 0.1501992196 -0.0579264313 0.9982325435 -0.0132803842 -0.1507208198 0.0044056121 0.9885665774
-93.5 -496.5 2175.5 0.9832400084 -0.0850370228 0.1612692475 0.0318745747 0.9511154890 0.3071861267 -0.1795078814 -0.2968973219 0.9378853440
113.1 -97.0 2164.7 0.8709276915 0.0169476364 -0.4911189079 -0.0463445112 0.9977834225 -0.0477535017 0.4892210066 0.0643505082 0.8697826266
106.4 -493.7 2139.1 0.8816789985 -0.0658466518 -0.4672326446 0.1932904720 0.9537210464 0.2303366661 0.4304427207 -0.2933946252 0.8536033630
-185.9 -247.1 2084.5 0 0 0 0 0 0 0 0 0
181.3 -247.1 2056.9 0 0 0 0 0 0 0 0 0
-61.0 -860.0 2289.0 0 0 0 0 0 0 0 0 0
131.6 -858.3 2251.3 0 0 0 0 0 0 0 0 0
12.5 496.3 2175.0 2 0.9960899949 -0.0127755962 0.0874160230 0.0131183425 0.9999083281 -0.0033474884 -0.0873652399 0.0044811526 0.9961662889
15.1 296.1 2174.1 0.9960899949 -0.0127755962 0.0874160230 0.0131183425 0.9999083281 -0.0033474884 -0.0873652399 0.0044811526 0.9961662889
17.3 97.3 2172.9 0.9961034060 -0.0115370890 0.0874351934 0.0120135015 0.9999157190 -0.0049244827 -0.0873710066 0.0059556966 0.9961580634
-125.1 294.4 2186.4 0.1848956347 -0.8000158072 -0.5707786679 0.9827414751 0.1538937688 0.1026442945 0.0057222173 -0.5799064040 0.8146630526
-177.0 18.6 2184.8 0.0394015647 -0.7998337746 -0.5989269018 0.9341530204 0.2422495484 -0.2620558441 0.3546908796 -0.5491639376 0.7567121983
155.2 297.8 2161.8 0.1441484988 0.6433866024 0.7518476248 -0.9824666977 0.1838344485 0.0310494900 -0.1182386726 -0.7431409955 0.6586053967
195.2 25.2 2129.0 -0.0544934906 0.6424514651 0.7643863559 -0.9641716480 0.1651868820 -0.2075725645 -0.2596219182 -0.7483110428 0.6104319096
-71.2 -101.3 2179.3 0.9864456058 0.0565773323 0.1540263444 -0.0548736565 0.9983761907 -0.0152933961 -0.1546414793 0.0066341152 0.9879483581
-93.7 -498.3 2176.7 0.9825659394 -0.0877667218 0.1638936400 0.0382930972 0.9581927657 0.2835494280 -0.1819279045 -0.2723300159 0.9448484778
111.6 -99.2 2164.0 0.8729102612 0.0154469032 -0.4876362085 -0.0457196087 0.9976902604 -0.0502380468 0.4857338667 0.0661478415 0.8716002703
105.5 -495.8 2137.7 0.8836809993 -0.0701564625 -0.4628023207 0.1998521537 0.9506072402 0.2374972999 0.4232812822 -0.3023639023 0.8540544510
-188.3 -248.5 2083.4 0 0 0 0 0 0 0 0 0
179.7 -250.6 2054.7 0 0 0 0 0 0 0 0 0
-60.2 -864.5 2280.7 0 0 0 0 0 0 0 0 0
132.3 -859.3 2253.3 0 0 0 0 0 0 0 0 0
13.1 500.1 2180.9 3 0.9976854324 -0.0095014228 0.0673311502 0.0109480256 0.9997164011 -0.0211485736 -0.0671111122 0.0218367670 0.9975064993
15.0 299.5 2176.5 0.9976854324 -0.0095014228 0.0673311502 0.0109480256 0.9997164011 -0.0211485736 -0.0671111122 0.0218367670 0.9975064993
16.6 100.8 2172.9 0.9977017045 -0.0078664916 0.0673007146 0.0090733143 0.9998031259 -0.0176449679 -0.0671486631 0.0182150546 0.9975767136
-125.4 298.3 2186.0 0.1832814962 -0.7903824449 -0.5845540762 0.9830545783 0.1494183838 0.1061972678 0.0034066627 -0.5941125751 0.8043746948
-179.1 10.4 2185.0 0.0303746238 -0.7916465402 -0.6102238297 0.9277101159 0.2495800704 -0.2776036263 0.3720636666 -0.5576786995 0.7419993877
155.4 300.8 2167.1 0.1392397583 0.6574462652 0.7405245900 -0.9796072841 0.2008354515 0.0058901049 -0.1448511779 -0.7262434363 0.6720034480
194.7 24.3 2126.2 -0.0560674667 0.6556550264 0.7529760599 -0.9642858505 0.1599712819 -0.2110970616 -0.2588613927 -0.7379198670 0.6232696772
-71.8 -102.6 2179.7 0.9894219041 0.0537872165 0.1347264796 -0.0521669388 0.9985176325 -0.0155305164 -0.1353621036 0.0083379662 0.9907611012
-93.1 -499.6 2176.4 0.9858446121 -0.0848108083 0.1446288824 0.0410377011 0.9584459066 0.2823072076 -0.1625616699 -0.2723757923 0.9483591914
111.0 -100.4 2163.7 0.8628838658 0.0139915636 -0.5052085519 -0.0471167229 0.9974903464 -0.0528490841 0.5032011867 0.0694063902 0.8613775373
105.5 -497.0 2136.1 0.8751451969 -0.0642344505 -0.4795777202 0.2001097351 0.9504622221 0.2378606349 0.4405416548 -0.3041307628 0.8446463943
-187.8 -255.5 2078.3 0 0 0 0 0 0 0 0 0
178.6 -251.5 2052.1 0 0 0 0 0 0 0 0 0
-60.7 -865.9 2280.5 0 0 0 0 0 0 0 0 0
130.0 -860.3 2252.4 0 0 0 0 0 0 0 0 0
11.1 499.1 2177.8 4 0.9974029064 -0.0139781386 0.0706544444 0.0146652013 0.9998499751 -0.0092148809 -0.0705150366 0.0102271102 0.9974582791
13.9 298.5 2175.8 0.9974029064 -0.0139781386 0.0706544444 0.0146652013 0.9998499751 -0.0092148809 -0.0705150366 0.0102271102 0.9974582791
16.1 99.7 2173.6 0.9974383712 -0.0110802986 0.0706676021 0.0118346587 0.9998772740 -0.0102650262 -0.0705451891 0.0110750590 0.9974470735
-126.4 296.8 2185.7 0.1829730719 -0.7919380665 -0.5825417638 0.9831179380 0.1474352628 0.1083604991 0.0000723898 -0.5925343037 0.8055452108
-178.4 17.6 2185.7 0.0324485339 -0.7930506468 -0.6082908511 0.9287402630 0.2488084286 -0.2748379707 0.3693083227 -0.5560261011 0.7446115613
154.3 300.1 2165.9 0.1440549046 0.6541808844 0.7424927950 -0.9798762798 0.1990620196 0.0147252670 -0.1381691396 -0.7296723127 0.6696921587
194.0 29.9 2127.7 -0.0531772412 0.6526856422 0.7557603121 -0.9638448358 0.1643436104 -0.2097481638 -0.2611039877 -0.7395895123 0.6203483939
-73.4 -98.8 2175.4 0.9890135527 0.0526074320 0.1381472498 -0.0522310659 0.9986148477 -0.0063506891 -0.1382899880 -0.0009346607 0.9903913140
-94.3 -495.8 2175.8 0.9857435822 -0.0809208825 0.1475175768 0.0353850834 0.9568473101 0.2884287834 -0.1644916981 -0.2790968716 0.9460694790
109.7 -97.1 2163.1 0.8645319939 0.0158269964 -0.5023285151 -0.0530888997 0.9967878461 -0.0599625371 0.4997659624 0.0785076022 0.8625952601
103.4 -493.5 2131.9 0.8786094189 -0.0762220696 -0.4714187980 0.2205610126 0.9403490424 0.2590300441 0.4235544205 -0.3315628469 0.8430111408
-187.7 -248.3 2080.0 0 0 0 0 0 0 0 0 0
178.8 -245.8 2053.1 0 0 0 0 0 0 0 0 0
-63.3 -861.6 2282.5 0 0 0 0 0 0 0 0 0
132.5 -852.8 2258.6 0 0 0 0 0 0 0 0 0
9.2 498.7 2176.3 5 0.9973227382 -0.0171682723 0.0710814819 0.0174778290 0.9998402596 -0.0037352561 -0.0710060000 0.0049676062 0.9974635243
12.6 298.1 2175.3 0.9973227382 -0.0171682723 0.0710814819 0.0174778290 0.9998402596 -0.0037352561 -0.0710060000 0.0049676062 0.9974635243
15.6 99.3 2174.0 0.9973562956 -0.0149596650 0.0711098760 0.0153896119 0.9998664260 -0.0055021858 -0.0710180625 0.0065819933 0.9974533319
-127.7 295.9 2185.3 0.1764498651 -0.7931581736 -0.5828941464 0.9842987657 0.1393999904 0.1082754806 -0.0046241451 -0.5928471684 0.8053017259
-179.0 9.9 2186.7 0.0289246142 -0.7957481146 -0.6049365997 0.9212396145 0.2560844421 -0.2928111851 0.3879188001 -0.5488221049 0.7404817939
153.0 300.2 2165.3 0.1474683434 0.6531805396 0.7427033186 -0.9800192714 0.1978326887 0.0206022337 -0.1334740222 -0.7309017777 0.6693035960
193.4 31.4 2128.7 -0.0513316579 0.6520417333 0.7564434409 -0.9616060853 0.1721980125 -0.2136856616 -0.2695900202 -0.7383694649 0.6181680560
-73.1 -100.2 2177.8 0.9890801311 0.0509193167 0.1383028477 -0.0504733622 0.9987027049 -0.0067320461 -0.1384662241 -0.0003220764 0.9903671145
-93.4 -497.3 2178.0 0.9858543873 -0.0803218931 0.1471037120 0.0362505503 0.9590973258 0.2807457745 -0.1636368185 -0.2714418769 0.9484420419
109.9 -98.0 2164.9 0.8648534417 0.0157195777 -0.5017783046 -0.0532460809 0.9967440963 -0.0605479665 0.4991927743 0.0790828466 0.8628745675
103.6 -494.3 2133.5 0.8786420226 -0.0750554502 -0.4715452194 0.2173552215 0.9421852231 0.2550365925 0.4251410663 -0.3265787065 0.8441572189
-187.3 -254.3 2075.4 0 0 0 0 0 0 0 0 0
178.8 -243.6 2051.6 0 0 0 0 0 0 0 0 0
-62.7 -863.9 2281.7 0 0 0 0 0 0 0 0 0
132.3 -854.4 2258.3 0 0 0 0 0 0 0 0 0
9.9 495.1 2175.0 6 0.9975974560 -0.0107152304 0.0684430897 0.0109889451 0.9999330640 -0.0036239077 -0.0683996752 0.0043673185 0.9976484179
12.0 295.2 2174.2 0.9975974560 -0.0107152304 0.0684430897 0.0109889451 0.9999330640 -0.0036239077 -0.0683996752 0.0043673185 0.9976484179
14.1 96.4 2173.2 0.9976024628 -0.0101929354 0.0684505105 0.0105141662 0.9999353290 -0.0043342561 -0.0684019104 0.0050435644 0.9976450801
-128.4 293.7 2183.8 0.1734715700 -0.7923738956 -0.5848514438 0.9847986698 0.1341972202 0.1102847457 -0.0089013157 -0.5950921774 0.8036081195
-179.4 3.8 2186.4 0.0262292083 -0.7962046862 -0.6044585705 0.9160550833 0.2612110376 -0.3043220341 0.4001938999 -0.5457351804 0.7362186909
152.4 296.7 2164.5 0.1514957994 0.6545828581 0.7406553030 -0.9788941145 0.2033352107 0.0205204934 -0.1371689439 -0.7281318903 0.6715717316
193.4 32.4 2127.5 -0.0496218018 0.6533789635 0.7554029226 -0.9611873627 0.1742800623 -0.2138815820 -0.2713974118 -0.7366969585 0.6193714738
-72.9 -100.9 2179.2 0.9893864393 0.0515673943 0.1358501762 -0.0517392457 0.9986580610 -0.0022678259 -0.1357848197 -0.0047850292 0.9907267690
-93.4 -497.9 2181.1 0.9862788916 -0.0798189715 0.1445089281 0.0412442461 0.9667244554 0.2524731457 -0.1598524600 -0.2430487871 0.9567520618
110.1 -98.0 2166.2 0.8634296060 0.0113372384 -0.5043419600 -0.0464672223 0.9972845912 -0.0571333058 0.5023247600 0.0727659538 0.8616118431
105.6 -494.6 2137.2 0.8753749132 -0.0673286244 -0.4787333608 0.2034748197 0.9495847225 0.2385096103 0.4385393560 -0.3061955273 0.8449423313
-187.0 -259.6 2071.3 0 0 0 0 0 0 0 0 0
179.2 -242.5 2049.9 0 0 0 0 0 0 0 0 0
-62.9 -867.4 2274.0 0 0 0 0 0 0 0 0 0
131.3 -857.5 2254.3 0 0 0 0 0 0 0 0 0
9.0 494.5 2175.4 7 0.9978234172 -0.0101213530 0.0651614368 0.0106227268 0.9999165535 -0.0073524606 -0.0650815815 0.0080286497 0.9978476763
11.1 294.7 2173.8 0.9978234172 -0.0101213530 0.0651614368 0.0106227268 0.9999165535 -0.0073524606 -0.0650815815 0.0080286497 0.9978476763
13.0 95.9 2172.2 0.9978278875 -0.0096771587 0.0651600212 0.0101682711 0.9999223351 -0.0072096079 -0.0650851876 0.0078565124 0.9978488088
-129.4 293.2 2183.0 0.1681341380 -0.7911983132 -0.5879933238 0.9857462645 0.1313580126 0.1051157415 -0.0059297602 -0.5972858071 0.8020065427
-179.4 -0.2 2184.7 0.0252753720 -0.7956234813 -0.6052639484 0.9142264724 0.2633305788 -0.3079723716 0.4044145346 -0.5455642343 0.7340357900
151.5 296.1 2164.6 0.1393008977 0.6576234698 0.7403557301 -0.9794864655 0.2014385313 0.0053658620 -0.1456074566 -0.7259159088 0.6721938252
189.6 28.1 2124.8 -0.0345170796 0.6570559144 0.7530511618 -0.9621953368 0.1818418801 -0.2027650476 -0.2701642215 -0.7315812111 0.6259394884
-75.4 -103.4 2178.4 0.9900766015 0.0452150032 0.1330562085 -0.0462300889 0.9989204407 0.0045479648 -0.1327069402 -0.0106540341 0.9910980463
-93.4 -500.5 2182.7 0.9868521690 -0.0804016292 0.1402083635 0.0414573289 0.9643870592 0.2612257600 -0.1562181115 -0.2519785464 0.9550406933
107.6 -101.4 2165.9 0.8618006110 0.0063506695 -0.5072073936 -0.0421483293 0.9973602891 -0.0591268018 0.5054930449 0.0723334625 0.8597933650
105.1 -498.0 2137.1 0.8731029630 -0.0722726211 -0.4821492434 0.2117631733 0.9470083714 0.2415191531 0.4391441345 -0.3129725456 0.8421404958
-186.7 -262.9 2068.5 0 0 0 0 0 0 0 0 0
179.7 -247.0 2047.6 0 0 0 0 0 0 0 0 0
-62.7 -869.1 2279.0 0 0 0 0 0 0 0 0 0
132.7 -860.0 2256.8 0 0 0 0 0 0 0 0 0
9.2 494.2 2175.1 8 0.9975343943 -0.0120093413 0.0691441596 0.0126463119 0.9998814464 -0.0087818429 -0.0690305009 0.0096346084 0.9975680113
11.6 294.4 2173.2 0.9975343943 -0.0120093413 0.0691441596 0.0126463119 0.9998814464 -0.0087818429 -0.0690305009 0.0096346084 0.9975680113
13.7 95.6 2171.1 0.9975525737 -0.0103386706 0.0691518784 0.0110195940 0.9998944402 -0.0094725657 -0.0690466389 0.0102114081 0.9975611567
-128.8 292.8 2182.9 0.1713776886 -0.7932380438 -0.5842971206 0.9851902723 0.1346945763 0.1061014459 -0.0054620481 -0.5938272476 0.8045740128
-180.1 -2.0 2184.5 0.0223180000 -0.7977774739 -0.6025387645 0.9121623039 0.2629433870 -0.3143576682 0.4092210531 -0.5425972939 0.7335709333
152.0 295.9 2163.5 0.1436304897 0.6551297307 0.7417380214 -0.9797550440 0.1997587532 0.0132860793 -0.1394645572 -0.7286298871 0.6705580950
191.4 27.3 2125.2 -0.0362030156 0.6546259522 0.7550855875 -0.9611477256 0.1840919405 -0.2056823820 -0.2736501992 -0.7331950665 0.6225275397
-76.7 -103.9 2176.7 0.9897753596 0.0406262539 0.1367266923 -0.0404097997 0.9991737008 -0.0043594926 -0.1367908120 -0.0012101795 0.9905992150
-92.8 -501.1 2177.1 0.9865002632 -0.0804520771 0.1426347792 0.0376610756 0.9591130018 0.2805064619 -0.1593701988 -0.2713479400 0.9491951466
106.5 -102.0 2164.7 0.8638681769 0.0046488568 -0.5036965609 -0.0379215628 0.9977199435 -0.0558291934 0.5022885203 0.0673300251 0.8620747328
104.6 -498.7 2137.9 0.8750461340 -0.0679846630 -0.4792414010 0.2078511119 0.9469332695 0.2451841086 0.4371408820 -0.3141582608 0.8427410126
-186.5 -264.6 2066.7 0 0 0 0 0 0 0 0 0
181.0 -247.5 2047.0 0 0 0 0 0 0 0 0 0
-62.1 -867.7 2280.8 0 0 0 0 0 0 0 0 0
130.6 -860.7 2258.0 0 0 0 0 0 0 0 0 0
6.5 493.7 2176.4 9 0.9973757863 -0.0203286689 0.0694859326 0.0212185159 0.9997017384 -0.0120920641 -0.0692193955 0.0135347210 0.9975096583
10.6 293.7 2173.7 0.9973757863 -0.0203286689 0.0694859326 0.0212185159 0.9997017384 -0.0120920641 -0.0692193955 0.0135347210 0.9975096583
14.0 94.9 2171.3 0.9974374771 -0.0171243865 0.0694637746 0.0179243218 0.9997798204 -0.0109089194 -0.0692616701 0.0121260555 0.9975247979
-129.8 291.2 2183.5 0.1669353247 -0.7941073179 -0.5844023824 0.9859554768 0.1314820200 0.1029769108 -0.0049363119 -0.5933852196 0.8049034476
-179.5 -2.0 2184.9 0.0254834108 -0.7981607318 -0.6019053459 0.9161008596 0.2596467435 -0.3055205345 0.4001372457 -0.5436202884 0.7378123999
150.9 296.2 2164.0 0.1497280598 0.6533439159 0.7421073318 -0.9782021046 0.2071107477 0.0150244720 -0.1438822448 -0.7281805277 0.6701126695
192.1 27.0 2124.4 -0.0362514630 0.6526042819 0.7568311691 -0.9623838663 0.1812577248 -0.2023930848 -0.2692641020 -0.7356991768 0.6214849949
-75.8 -104.2 2175.4 0.9896431565 0.0427716114 0.1370293647 -0.0425464734 0.9990839958 -0.0045728125 -0.1370994300 -0.0013046636 0.9905564189
-92.8 -501.4 2176.0 0.9864854217 -0.0790071785 0.1435423940 0.0354475379 0.9582261443 0.2838065028 -0.1599688232 -0.2748827636 0.9480767250
107.3 -102.2 2162.8 0.8642035127 0.0088467672 -0.5030645728 -0.0411868580 0.9977337122 -0.0532081015 0.5014537573 0.0667022839 0.8626093864
103.8 -498.9 2136.3 0.8753491044 -0.0739242435 -0.4778066278 0.2136472017 0.9456654191 0.2450955659 0.4337266982 -0.3166262209 0.8435810208
-186.8 -265.7 2069.8 0 0 0 0 0 0 0 0 0
181.8 -248.2 2047.4 0 0 0 0 0 0 0 0 0
-62.6 -867.7 2281.0 0 0 0 0 0 0 0 0 0
132.0 -860.4 2257.3 0 0 0 0 0 0 0 0 0
6.4 498.5 2175.6 0 0.9971913099 -0.0284556691 0.0692804381 0.0290760305 0.9995455146 -0.0079622567 -0.0690223798 0.0099542933 0.9975654483
12.1 297.6 2173.6 0.9971913099 -0.0284556691 0.0692804381 0.0290760305 0.9995455146 -0.0079622567 -0.0690223798 0.0099542933 0.9975654483
17.3 98.9 2171.6 0.9972601533 -0.0258999113 0.0692917854 0.0265432298 0.9996125698 -0.0083795059 -0.0690479055 0.0101957759 0.9975612164
-128.2 293.9 2183.3 0.1732972860 -0.7929525971 -0.5841183662 0.9848519564 0.1359775662 0.1075953394 -0.0058910069 -0.5939160585 0.8045054078
-179.1 4.8 2185.1 0.0288176537 -0.7960295081 -0.6045713425 0.9193405509 0.2585415542 -0.2965960503 0.3924060464 -0.5472597480 0.7392727733
152.5 301.4 2163.9 0.1437085420 0.6538195610 0.7428780794 -0.9801445603 0.1976665407 0.0156376902 -0.1366179138 -0.7303751707 0.6692440510
192.4 29.0 2125.9 -0.0411636718 0.6532434821 0.7560281157 -0.9606002569 0.1822867692 -0.2098063082 -0.2748685181 -0.7348771691 0.6200022697
-74.2 -105.5 2175.3 0.9894300699 0.0487320498 0.1365772784 -0.0482461043 0.9988118410 -0.0068679391 -0.1367496997 0.0002060236 0.9906055927
-93.5 -502.6 2175.2 0.9858536124 -0.0841180831 0.1449717730 0.0359688289 0.9509686828 0.3071885109 -0.1637037247 -0.2976284325 0.9405415654
108.9 -102.2 2162.6 0.8642961979 0.0146850608 -0.5027687550 -0.0464552343 0.9976318479 -0.0507207327 0.5008332729 0.0671939775 0.8629316092
103.1 -498.9 2135.8 0.8762059808 -0.0795028731 -0.4753339589 0.2212304026 0.9425934553 0.2501494288 0.4281590581 -0.3243407309 0.8434944749
-187.3 -258.9 2072.5 0 0 0 0 0 0 0 0 0
180.7 -245.7 2047.3 0 0 0 0 0 0 0 0 0
-61.4 -866.1 2288.9 0 0 0 0 0 0 0 0 0
133.4 -859.2 2259.8 0 0 0 0 0 0 0 0 0
5.8 497.7 2169.2 1 0.9986480474 -0.0275510959 0.0440793484 0.0271024145 0.9995748997 0.0107445065 -0.0443566330 -0.0095353238 0.9989702702
11.3 297.2 2171.1 0.9986480474 -0.0275510959 0.0440793484 0.0271024145 0.9995748997 0.0107445065 -0.0443566330 -0.0095353238 0.9989702702
16.6 98.5 2172.4 0.9986631274 -0.0268569347 0.0441662781 0.0265487209 0.9996190071 0.0075503909 -0.0443522297 -0.0063677388 0.9989956617
-129.2 293.5 2177.3 0.1774258912 -0.7788360715 -0.6016098261 0.9835941792 0.1200887486 0.1346148700 -0.0325963423 -0.6156241298 0.7873654962
-179.5 14.7 2186.6 0.0285393074 -0.7833397388 -0.6209382415 0.9220561385 0.2605094016 -0.2862643898 0.3860025406 -0.5643701553 0.7297180295
151.8 301.0 2164.9 0.1488337070 0.6694384217 0.7278054357 -0.9791349173 0.2027460635 0.0137430718 -0.1383595318 -0.7146651149 0.6856459975
192.8 31.6 2126.8 -0.0383928046 0.6686778665 0.7425603867 -0.9612347484 0.1783383340 -0.2102932036 -0.2730453908 -0.7218485475 0.6359094977
-69.1 -102.2 2175.9 0.9919827580 0.0610946342 0.1106238216 -0.0604781397 0.9981296659 -0.0089229699 -0.1109620631 0.0021611091 0.9938222766
-93.4 -499.1 2175.0 0.9892365336 -0.0777547359 0.1239566952 0.0381132364 0.9548097253 0.2947639823 -0.1412743479 -0.2868669033 0.9474961162
113.9 -97.4 2163.2 0.8511444330 0.0224803742 -0.5244500041 -0.0550030842 0.9974022508 -0.0465127081 0.5220420361 0.0684354007 0.8501698375
105.0 -493.9 2136.0 0.8656100631 -0.0682460070 -0.4960461259 0.2128024548 0.9468894601 0.2410713732 0.4532486796 -0.3142336309 0.8341599703
-187.7 -249.4 2076.0 0 0 0 0 0 0 0 0 0
181.8 -243.3 2048.7 0 0 0 0 0 0 0 0 0
-63.6 -864.0 2284.7 0 0 0 0 0 0 0 0 0
131.1 -855.9 2256.1 0 0 0 0 0 0 0 0 0
5.9 495.4 2172.0 2 0.9986805320 -0.0250100363 0.0448518433 0.0249373503 0.9996866584 0.0021794911 -0.0448922962 -0.0010581291 0.9989912510
10.9 295.4 2172.2 0.9986805320 -0.0250100363 0.0448518433 0.0249373503 0.9996866584 0.0021794911 -0.0448922962 -0.0010581291 0.9989912510
15.8 96.6 2172.1 0.9986817837 -0.0248992480 0.0448850244 0.0248861723 0.9996899366 0.0008501543 -0.0448922776 0.0002679828 0.9989917874
-129.7 291.8 2178.5 0.1754188091 -0.7799498439 -0.6007549167 0.9840505719 0.1205989197 0.1307685673 -0.0295425318 -0.6141124964 0.7886654139
-179.9 9.8 2187.0 0.0263402574 -0.7845618725 -0.6194908023 0.9220078588 0.2585264146 -0.2882109582 0.3862740695 -0.5635838509 0.7301819324
151.4 298.9 2165.9 0.1512034833 0.6693736911 0.7273764014 -0.9784772992 0.2058833241 0.0139354374 -0.1404266506 -0.7138283849 0.6860972047
192.6 32.5 2127.6 -0.0425012484 0.6682857275 0.7426895499 -0.9625594020 0.1718022972 -0.2096744180 -0.2677181959 -0.7237942815 0.6359629035
-69.7 -102.6 2177.7 0.9920819402 0.0581528395 0.1113179103 -0.0567727871 0.9982663393 -0.0155299529 -0.1120280325 0.0090871574 0.9936634898
-92.8 -499.5 2174.1 0.9896188974 -0.0725736246 0.1240463927 0.0318062864 0.9523270130 0.3034165204 -0.1401527673 -0.2963212430 0.9447491169
113.5 -97.7 2169.6 0.8513965607 0.0217801556 -0.5240700841 -0.0603789501 0.9965653419 -0.0566738769 0.5210357308 0.0798947513 0.8497873545
104.9 -493.9 2137.8 0.8657353520 -0.0701974854 -0.4955548346 0.2103312314 0.9494703412 0.2329525203 0.4541619420 -0.3059058785 0.8367547393
-187.5 -254.9 2076.1 0 0 0 0 0 0 0 0 0
180.4 -242.8 2051.1 0 0 0 0 0 0 0 0 0
-65.1 -863.5 2287.4 0 0 0 0 0 0 0 0 0
131.7 -856.9 2254.7 0 0 0 0 0 0 0 0 0
4.8 495.6 2167.4 3 0.9986717105 -0.0240006186 0.0455943309 0.0233067442 0.9996052384 0.0156896207 -0.0459528938 -0.0146061238 0.9988368154
9.6 295.5 2170.3 0.9986717105 -0.0240006186 0.0455943309 0.0233067442 0.9996052384 0.0156896207 -0.0459528938 -0.0146061238 0.9988368154
14.4 96.8 2172.5 0.9986598492 -0.0243385471 0.0456744358 0.0237963852 0.9996402264 0.0123766577 -0.0459592305 -0.0112731839 0.9988797307
-130.9 292.1 2176.8 0.1670735627 -0.7807409763 -0.6021046042 0.9853919744 0.1117863283 0.1284773350 -0.0330004543 -0.6147742271 0.7880124450
-179.9 3.4 2186.4 0.0246087816 -0.7871763110 -0.6162368655 0.9164983034 0.2639653683 -0.3005879521 0.3992809057 -0.5573829412 0.7279416323
150.2 298.8 2163.8 0.1552195549 0.6685549617 0.7272833586 -0.9795426726 0.1996052563 0.0255706217 -0.1280742288 -0.7163741589 0.6858608127
192.6 31.0 2128.8 -0.0451741628 0.6674742103 0.7432613969 -0.9626272321 0.1697981805 -0.2109914273 -0.2670357525 -0.7250150442 0.6348583102
-70.9 -104.4 2176.2 0.9921590090 0.0559845157 0.1117415726 -0.0551853180 0.9984236956 -0.0102348048 -0.1121384203 0.0039880602 0.9936845899
-93.2 -501.4 2174.6 0.9891750216 -0.0788299814 0.1237685978 0.0370538086 0.9503005743 0.3091210127 -0.1419853717 -0.3011886775 0.9429345131
112.4 -99.8 2168.0 0.8516736627 0.0211975686 -0.5236436129 -0.0594148710 0.9966450334 -0.0562894903 0.5206936002 0.0790524930 0.8500758410
103.9 -496.1 2136.5 0.8659242988 -0.0749078244 -0.4945340455 0.2176612765 0.9466284513 0.2377355099 0.4503317475 -0.3135018647 0.8360130787
-187.0 -259.7 2071.8 0 0 0 0 0 0 0 0 0
179.7 -244.3 2052.5 0 0 0 0 0 0 0 0 0
-63.0 -864.6 2289.8 0 0 0 0 0 0 0 0 0
132.6 -858.0 2256.4 0 0 0 0 0 0 0 0 0
4.6 494.8 2165.1 4 0.9986843467 -0.0212245602 0.0466813482 0.0201835409 0.9995394945 0.0226600189 -0.0471407957 -0.0216880105 0.9986527562
8.9 294.7 2169.4 0.9986843467 -0.0212245602 0.0466813482 0.0201835409 0.9995394945 0.0226600189 -0.0471407957 -0.0216880105 0.9986527562
12.9 96.0 2173.0 0.9987042546 -0.0200767294 0.0467625521 0.0192185752 0.9996398687 0.0187292360 -0.0471217334 -0.0178062581 0.9987304211
-131.7 292.0 2176.1 0.1665056944 -0.7808823586 -0.6020785570 0.9854775667 0.1111572832 0.1283667535 -0.0333139114 -0.6147087216 0.7880503535
-179.4 9.4 2185.6 0.0296917241 -0.7861409187 -0.6173337102 0.9215095639 0.2607829571 -0.2877713144 0.3872188926 -0.5603345037 0.7321794629
149.4 297.4 2162.8 0.1608143300 0.6671012044 0.7274027467 -0.9789186716 0.2018354535 0.0313161872 -0.1259245872 -0.7171041965 0.6854958534
193.2 30.9 2128.5 -0.0470918715 0.6658071280 0.7446363568 -0.9636550546 0.1659677327 -0.2093408704 -0.2629662454 -0.7274308205 0.6337926388
-72.4 -104.1 2179.0 0.9922624826 0.0532241166 0.1121709496 -0.0519807227 0.9985501766 -0.0139824776 -0.1127525270 0.0080435602 0.9935905337
-93.5 -501.2 2175.8 0.9890946150 -0.0805929899 0.1232745498 0.0396167710 0.9517362714 0.3043494225 -0.1418532878 -0.2961466312 0.9445500374
110.9 -99.8 2170.6 0.8520551920 0.0143331429 -0.5232556462 -0.0544515252 0.9966288209 -0.0613674782 0.5206121206 0.0807805434 0.8499632478
105.2 -496.0 2138.5 0.8657014370 -0.0661925450 -0.4961648583 0.2061586678 0.9503949285 0.2329120785 0.4561355412 -0.3039210141 0.8364044428
-187.9 -254.6 2074.7 0 0 0 0 0 0 0 0 0
179.8 -244.7 2053.3 0 0 0 0 0 0 0 0 0
-62.7 -865.0 2289.0 0 0 0 0 0 0 0 0 0
130.5 -859.3 2254.6 0 0 0 0 0 0 0 0 0
4.4 494.2 2163.4 5 0.9986823201 -0.0199100412 0.0472989008 0.0187305473 0.9995056391 0.0252507590 -0.0477782637 -0.0243315529 0.9985615611
8.4 294.2 2168.3 0.9986823201 -0.0199100412 0.0472989008 0.0187305473 0.9995056391 0.0252507590 -0.0477782637 -0.0243315529 0.9985615611
12.1 95.5 2172.4 0.9986979365 -0.0189265311 0.0473729111 0.0179267563 0.9996094108 0.0214410033 -0.0477602109 -0.0205638446 0.9986471534
-132.2 291.7 2175.0 0.1627057791 -0.7818141580 -0.6019082069 0.9859945774 0.1061897725 0.1286015958 -0.0366260484 -0.6144024730 0.7881422043
-179.6 4.2 2185.7 0.0267053209 -0.7885797024 -0.6143524051 0.9167516232 0.2643534541 -0.2994724512 0.3985640705 -0.5552110672 0.7299913764
148.9 296.7 2161.6 0.1493606567 0.6678217649 0.7291814089 -0.9808486700 0.1933026165 0.0238740556 -0.1250090599 -0.7187824249 0.6839038730
189.8 28.3 2127.4 -0.0328458808 0.6672263741 0.7441304326 -0.9658693671 0.1702120006 -0.1952544153 -0.2569388151 -0.7251461148 0.6388627291
-74.8 -104.5 2180.8 0.9923552275 0.0508203357 0.1124649569 -0.0492628291 0.9986481071 -0.0165865272 -0.1131558493 0.0109193856 0.9935172200
-95.0 -501.5 2176.5 0.9882066846 -0.0916510448 0.1226687804 0.0521563701 0.9546582699 0.2930994928 -0.1439696401 -0.2832449079 0.9481798410
108.5 -100.9 2172.2 0.8523344994 0.0087656099 -0.5229235888 -0.0510149449 0.9964849353 -0.0664475635 0.5205029845 0.0833124667 0.8497856259
105.0 -497.2 2139.1 0.8647341132 -0.0698714852 -0.4973458052 0.2084248364 0.9509000778 0.2287970930 0.4569397867 -0.3015078604 0.8368387222
-187.3 -258.5 2071.5 0 0 0 0 0 0 0 0 0
180.4 -247.8 2053.9 0 0 0 0 0 0 0 0 0
-60.0 -866.5 2284.8 0 0 0 0 0 0 0 0 0
131.7 -860.7 2254.3 0 0 0 0 0 0 0 0 0
4.3 494.4 2162.6 6 0.9986525774 -0.0195654407 0.0480645187 0.0183233600 0.9994901419 0.0261480976 -0.0485516116 -0.0252321623 0.9985018969
8.2 294.4 2167.7 0.9986525774 -0.0195654407 0.0480645187 0.0183233600 0.9994901419 0.0261480976 -0.0485516116 -0.0252321623 0.9985018969
12.0 95.7 2171.9 0.9986574650 -0.0191164613 0.0481433533 0.0180702340 0.9995930195 0.0220738016 -0.0485457331 -0.0211742055 0.9985964894
-132.4 291.8 2174.5 0.1636700779 -0.7820876837 -0.6012911201 0.9858332276 0.1070059761 0.1291609704 -0.0366734602 -0.6139125228 0.7885217071
-179.7 6.5 2185.1 0.0267280694 -0.7885190248 -0.6144292951 0.9181725383 0.2624089718 -0.2968176603 0.3952781260 -0.5562187433 0.7310101986
148.8 296.9 2160.8 0.1484446973 0.6677990556 0.7293891907 -0.9815756083 0.1892244667 0.0265232660 -0.1203060672 -0.7198878527 0.6835845709
189.7 26.4 2127.7 -0.0325710140 0.6673163176 0.7440618873 -0.9654182792 0.1716599911 -0.1962150931 -0.2586631775 -0.7247219086 0.6386482120
-75.7 -104.9 2180.9 0.9924133420 0.0475351214 0.1133851185 -0.0463630445 0.9988406897 -0.0129532702 -0.1138693988 0.0075981193 0.9934666753
-94.6 -502.0 2177.8 0.9892798066 -0.0795262679 0.1224785820 0.0406470746 0.9555196762 0.2921129465 -0.1402613521 -0.2840030491 0.9485088587
107.5 -101.6 2172.1 0.8527460098 0.0092351129 -0.5222441554 -0.0506094098 0.9966001511 -0.0650141463 0.5198681951 0.0818710253 0.8503141999
103.9 -497.8 2139.5 0.8645220399 -0.0732394308 -0.4972299933 0.2106375098 0.9510466456 0.2261461765 0.4563260972 -0.3002436459 0.8376277685
-187.4 -256.4 2071.9 0 0 0 0 0 0 0 0 0
180.4 -249.7 2053.7 0 0 0 0 0 0 0 0 0
-64.2 -867.3 2286.4 0 0 0 0 0 0 0 0 0
131.9 -861.4 2254.3 0 0 0 0 0 0 0 0 0
4.3 491.3 2163.2 7 0.9979289174 -0.0183931291 0.0616410822 0.0171695612 0.9996460676 0.0203211699 -0.0619930327 -0.0192207322 0.9978914857
7.9 291.6 2167.0 0.9979289174 -0.0183931291 0.0616410822 0.0171695612 0.9996460676 0.0203211699 -0.0619930327 -0.0192207322 0.9978914857
11.4 92.8 2170.5 0.9979466796 -0.0172693264 0.0616782680 0.0161726121 0.9997028708 0.0182364080 -0.0619748719 -0.0172014628 0.9979294538
-132.5 289.3 2175.8 0.1629016101 -0.7903312445 -0.5906264186 0.9860361218 0.1094275787 0.1255325377 -0.0345814712 -0.6028284431 0.7971210480
-179.9 2.7 2185.8 0.0245040823 -0.7969262600 -0.6035794020 0.9147623181 0.2614129484 -0.3080148995 0.4032486379 -0.5445840359 0.7354038358
148.4 293.9 2158.3 0.1505989730 0.6599546075 0.7360569835 -0.9828246832 0.1802752465 0.0394519828 -0.1066563353 -0.7293564081 0.6757689714
189.3 26.6 2129.3 -0.0327638313 0.6597234607 0.7507939339 -0.9656313658 0.1728998423 -0.1940663904 -0.2578423023 -0.7313485146 0.6313847899
-75.8 -104.7 2180.5 0.9909033775 0.0451923981 0.1267601848 -0.0433686636 0.9989125729 -0.0171118341 -0.1273956746 0.0114587536 0.9917857647
-93.8 -501.9 2176.0 0.9877764583 -0.0786933005 0.1345550716 0.0346143991 0.9523955584 0.3028935194 -0.1519853473 -0.2945335507 0.9434778690
107.4 -101.4 2171.6 0.8596138954 0.0080901943 -0.5108800530 -0.0512765981 0.9961927533 -0.0705032051 0.5083646178 0.0868017301 0.8567559719
104.2 -497.5 2137.1 0.8720884323 -0.0735483319 -0.4837896228 0.2121545225 0.9477219582 0.2383559495 0.4409673512 -0.3105056286 0.8421009779
-186.9 -259.6 2070.2 0 0 0 0 0 0 0 0 0
180.0 -249.5 2055.6 0 0 0 0 0 0 0 0 0
-63.7 -866.0 2288.6 0 0 0 0 0 0 0 0 0
132.3 -859.8 2255.8 0 0 0 0 0 0 0 0 0
3.0 492.6 2164.0 8 0.9976755977 -0.0151038421 0.0664478913 0.0136404820 0.9996555448 0.0224215332 -0.0667636544 -0.0214630347 0.9975379705
6.0 292.6 2168.3 0.9976755977 -0.0151038421 0.0664478913 0.0136404820 0.9996555448 0.0224215332 -0.0667636544 -0.0214630347 0.9975379705
8.9 93.9 2171.6 0.9976801276 -0.0144905997 0.0665164441 0.0133346226 0.9997528195 0.0177900381 -0.0667577907 -0.0168617945 0.9976267219
-134.4 290.7 2177.7 0.1616001576 -0.7925419807 -0.5880157948 0.9865118265 0.1139935926 0.1174726337 -0.0260719657 -0.5990681052 0.8002734780
-181.3 4.1 2185.3 0.0193022843 -0.7987764478 -0.6013182402 0.9160206318 0.2551465333 -0.3095262051 0.4006665051 -0.5448453426 0.7366206050
146.4 294.5 2158.9 0.1543961614 0.6561821699 0.7386384606 -0.9820864797 0.1836616695 0.0421246216 -0.1080181524 -0.7319107652 0.6727843285
189.0 23.7 2129.1 -0.0325926244 0.6558310986 0.7542037368 -0.9664094448 0.1717962474 -0.1911514550 -0.2549324334 -0.7350997329 0.6282020807
-76.8 -107.4 2179.6 0.9903067946 0.0425362252 0.1322236061 -0.0427717380 0.9990842938 -0.0010598127 -0.1321476102 -0.0046058935 0.9912193418
-93.7 -504.6 2181.4 0.9865244627 -0.0867537186 0.1387201995 0.0488109365 0.9652954936 0.2565581203 -0.1561633497 -0.2463297993 0.9565221667
106.4 -104.4 2168.2 0.8619894385 0.0051930002 -0.5068995953 -0.0421744920 0.9972155094 -0.0615021773 0.5051687360 0.0743924603 0.8598082662
104.3 -500.9 2138.6 0.8727254868 -0.0737899989 -0.4826025963 0.2110823393 0.9483739138 0.2367091030 0.4402209520 -0.3084509373 0.8432458043
-186.9 -258.2 2070.5 0 0 0 0 0 0 0 0 0
179.7 -252.7 2056.2 0 0 0 0 0 0 0 0 0
-60.6 -873.2 2275.4 0 0 0 0 0 0 0 0 0
132.5 -863.5 2256.5 0 0 0 0 0 0 0 0 0
4.7 495.0 2169.4 9 0.9978451133 -0.0055313474 0.0653799921 0.0050521484 0.9999591708 0.0074925111 -0.0654187649 -0.0071460563 0.9978322983
5.8 294.6 2170.8 0.9978451133 -0.0055313474 0.0653799921 0.0050521484 0.9999591708 0.0074925111 -0.0654187649 -0.0071460563 0.9978322983
6.9 95.8 2171.5 0.9978427887 -0.0056886706 0.0654014796 0.0054608514 0.9999783635 0.0036616353 -0.0654208958 -0.0032965885 0.9978523254
-134.6 293.8 2180.0 0.1559498310 -0.7932222486 -0.5886238813 0.9875937700 0.1141197011 0.1078665033 -0.0183885340 -0.5981430411 0.8011783361
-180.7 1.8 2185.5 0.0208158176 -0.7992274165 -0.6006681919 0.9165207148 0.2552923858 -0.3079213202 0.3994451761 -0.5441151857 0.7378225923
146.2 295.4 2161.6 0.1572127342 0.6580558419 0.7363740206 -0.9806721210 0.1919688582 0.0378176197 -0.1164747775 -0.7280868888 0.6755169630
189.7 24.6 2129.4 -0.0336850323 0.6574719548 0.7527257204 -0.9663837552 0.1706517041 -0.1923029572 -0.2548877299 -0.7338995934 0.6296218038
-79.8 -106.1 2181.1 0.9905657768 0.0360036083 0.1322239935 -0.0381191485 0.9991819859 0.0135025838 -0.1316296905 -0.0184154641 0.9911279082
-94.1 -503.3 2188.4 0.9868031740 -0.0866821632 0.1367687583 0.0558791161 0.9750574231 0.2148034275 -0.1519770175 -0.2043261975 0.9670335054
103.3 -103.7 2168.9 0.8610680699 -0.0022250956 -0.5084847808 -0.0351331495 0.9973403215 -0.0638587698 0.5072745085 0.0728514194 0.8586997390
104.2 -500.2 2139.9 0.8707287312 -0.0738058612 -0.4861935377 0.2117815465 0.9485723376 0.2352850884 0.4438243210 -0.3078363240 0.8415799141
-186.7 -261.1 2070.9 0 0 0 0 0 0 0 0 0
180.0 -251.8 2056.5 0 0 0 0 0 0 0 0 0
-61.0 -875.5 2266.4 0 0 0 0 0 0 0 0 0
132.4 -862.9 2257.6 0 0 0 0 0 0 0 0 0
3.9 496.2 2171.6 0 0.9979005456 -0.0061878837 0.0644686148 0.0060090367 0.9999775290 0.0029677057 -0.0644855276 -0.0025740808 0.9979153275
5.2 295.7 2172.1 0.9979005456 -0.0061878837 0.0644686148 0.0060090367 0.9999775290 0.0029677057 -0.0644855276 -0.0025740808 0.9979153275
6.5 96.9 2172.1 0.9978961349 -0.0067224414 0.0644837320 0.0066960645 0.9999774098 0.0006251599 -0.0644864812 -0.0001920574 0.9979185462
-135.3 294.8 2181.2 0.1500762850 -0.7930593491 -0.5903676152 0.9886075258 0.1134272814 0.0989416838 -0.0115028368 -0.5984906554 0.8010472059
-180.1 -0.5 2184.6 0.0223438051 -0.7991818786 -0.6006737947 0.9154978395 0.2577683330 -0.3088998795 0.4017018974 -0.5430135727 0.7374088764
145.6 296.7 2163.0 0.1503992230 0.6601321697 0.7359386086 -0.9821721911 0.1846853197 0.0350589193 -0.1127735376 -0.7280912399 0.6761399508
187.3 24.3 2131.7 -0.0227352940 0.6600268483 0.7508979440 -0.9656882286 0.1798645109 -0.1873365194 -0.2587070167 -0.7293924689 0.6332908869
-83.5 -103.5 2178.1 0.9910705686 0.0244526789 0.1310768872 -0.0250593498 0.9996815324 0.0029806555 -0.1309622675 -0.0062387418 0.9913676977
-93.2 -500.9 2180.6 0.9882617593 -0.0753310919 0.1329058707 0.0378541276 0.9635908604 0.2646878660 -0.1480061114 -0.2565498650 0.9551315904
99.6 -102.5 2166.1 0.8605160713 -0.0146505758 -0.5092126131 -0.0221667979 0.9975627661 -0.0661604851 0.5089408159 0.0682197735 0.8580939770
105.5 -499.1 2139.0 0.8690276742 -0.0702095032 -0.4897565842 0.2112183720 0.9477899671 0.2389161587 0.4474121928 -0.3110703528 0.8384853005
-186.5 -263.3 2069.3 0 0 0 0 0 0 0 0 0
180.8 -251.9 2057.8 0 0 0 0 0 0 0 0 0
-64.5 -868.4 2278.5 0 0 0 0 0 0 0 0 0
132.3 -861.4 2257.9 0 0 0 0 0 0 0 0 0
2.9 494.7 2173.7 1 0.9981696010 -0.0090795523 0.0597916432 0.0093072131 0.9999504685 -0.0035301649 -0.0597566292 0.0040801968 0.9982046485
4.7 294.5 2172.9 0.9981696010 -0.0090795523 0.0597916432 0.0093072131 0.9999504685 -0.0035301649 -0.0597566292 0.0040801968 0.9982046485
6.4 95.8 2171.9 0.9981737137 -0.0085677896 0.0597987287 0.0088426387 0.9999515414 -0.0043331189 -0.0597587042 0.0048539839 0.9982010722
-135.8 293.3 2181.3 0.1486295164 -0.7908423543 -0.5936982632 0.9888359904 0.1124117225 0.0978110582 -0.0106144864 -0.6016077995 0.7987210751
-180.1 -1.2 2184.4 0.0304676183 -0.7966557145 -0.6036649942 0.9143473506 0.2661899626 -0.3051423728 0.4037829936 -0.5426625013 0.7365301847
145.2 295.8 2164.5 0.1514337957 0.6627758741 0.7333457470 -0.9809108973 0.1923222989 0.0287401769 -0.1219904423 -0.7236990333 0.6792481542
186.9 25.7 2130.9 -0.0198347289 0.6625384688 0.7487652302 -0.9674180150 0.1763493121 -0.1816679835 -0.2524062693 -0.7279723287 0.6374537945
-83.7 -102.5 2178.1 0.9916406870 0.0251575224 0.1265536994 -0.0258558206 0.9996581674 0.0038778968 -0.1264128834 -0.0071176304 0.9919521809
-93.7 -499.9 2180.9 0.9883806705 -0.0810298845 0.1285992861 0.0424978957 0.9596312642 0.2780319750 -0.1459367871 -0.2693362236 0.9519246221
99.4 -101.3 2166.3 0.8582299948 -0.0146018406 -0.5130575895 -0.0277755391 0.9968092442 -0.0748318508 0.5125132799 0.0784733891 0.8550860286
105.2 -497.6 2135.1 0.8686116934 -0.0704263076 -0.4904628992 0.2176261842 0.9434875846 0.2499400079 0.4451433122 -0.3238383830 0.8348509669
-188.8 -264.3 2068.3 0 0 0 0 0 0 0 0 0
181.2 -250.9 2058.7 0 0 0 0 0 0 0 0 0
-62.8 -866.4 2283.8 0 0 0 0 0 0 0 0 0
132.1 -858.2 2258.9 0 0 0 0 0 0 0 0 0
2.7 492.5 2168.2 2 0.9991812110 -0.0083106570 0.0395953655 0.0079009235 0.9999137521 0.0104932832 -0.0396791548 -0.0101718521 0.9991607070
4.3 292.0 2170.3 0.9991812110 -0.0083106570 0.0395953655 0.0079009235 0.9999137521 0.0104932832 -0.0396791548 -0.0101718521 0.9991607070
6.0 93.2 2171.6 0.9991784096 -0.0085066669 0.0396253504 0.0082384357 0.9999420643 0.0069275554 -0.0396819860 -0.0065954127 0.9991905689
-136.3 290.8 2175.9 0.1461192369 -0.7797677517 -0.6087785959 0.9888450503 0.0971547812 0.1129000187 -0.0288900416 -0.6184845567 0.7852656841
-179.6 -2.5 2184.4 0.0268539712 -0.7885941863 -0.6143273115 0.9113184214 0.2718763053 -0.3091634512 0.4108255506 -0.5515455008 0.7259613872
144.9 293.1 2164.7 0.1581632495 0.6756435633 0.7200626135 -0.9803462029 0.1945400089 0.0327958055 -0.1179227158 -0.7110977173 0.6931336522
188.1 25.8 2132.5 -0.0264218729 0.6751967669 0.7371642590 -0.9666329622 0.1707032621 -0.1910002381 -0.2547990978 -0.7176138759 0.6481571794
-83.5 -103.8 2176.4 0.9940761924 0.0238259565 0.1060417816 -0.0236109886 0.9997158051 -0.0032823298 -0.1060898528 0.0007591347 0.9943562746
-93.0 -501.3 2176.1 0.9905816317 -0.0838121250 0.1082751304 0.0478349887 0.9527763128 0.2998818159 -0.1282957196 -0.2918780744 0.9478119016
99.7 -102.2 2165.5 0.8477373123 -0.0124644414 -0.5302698612 -0.0245898720 0.9977254272 -0.0627639741 0.5298460126 0.0662466288 0.8455025554
104.6 -498.9 2139.1 0.8571510911 -0.0727192685 -0.5099058151 0.2214216739 0.9458609223 0.2373173833 0.4650424421 -0.3163210452 0.8268473744
-187.3 -264.9 2066.1 0 0 0 0 0 0 0 0 0
180.5 -250.6 2059.7 0 0 0 0 0 0 0 0 0
-61.0 -865.3 2287.6 0 0 0 0 0 0 0 0 0
132.4 -860.5 2260.0 0 0 0 0 0 0 0 0 0
1.5 494.1 2165.0 3 0.9990064502 -0.0144313034 0.0421647467 0.0135308392 0.9996759295 0.0215637628 -0.0424622744 -0.0209718123 0.9988779426
4.4 293.7 2169.2 0.9990064502 -0.0144313034 0.0421647467 0.0135308392 0.9996759295 0.0215637628 -0.0424622744 -0.0209718123 0.9988779426
7.0 95.0 2172.3 0.9990215898 -0.0131081706 0.0422374345 0.0124296946 0.9997901320 0.0162861533 -0.0424420536 -0.0157452207 0.9989748597
-136.2 292.0 2175.2 0.1483940482 -0.7801212668 -0.6077746153 0.9885326624 0.0996316448 0.1134756207 -0.0279711653 -0.6176441312 0.7859601378
-179.8 1.6 2183.4 0.0306290872 -0.7871735096 -0.6159705520 0.9175059795 0.2666290700 -0.2951130867 0.3965408802 -0.5561175942 0.7304030061
145.0 295.5 2163.2 0.1516072899 0.6740659475 0.7229456306 -0.9823930264 0.1835401058 0.0348848067 -0.1091748476 -0.7155055404 0.6900237203
186.8 24.2 2133.1 -0.0220467448 0.6739039421 0.7384899855 -0.9662055969 0.1753949672 -0.1889003962 -0.2568281293 -0.7176977992 0.6472628713
-84.0 -106.4 2176.5 0.9938154221 0.0225129798 0.1087386906 -0.0236101504 0.9996823668 0.0088128848 -0.1085057557 -0.0113257179 0.9940313101
