49.3 495.7 2002.6 5 0.9989094734 -0.0251777228 -0.0393182449 0.0262765381 0.9992712736 0.0276845433 0.0385925621 -0.0286875013 0.9988431334
54.4 291.8 2008.5 0.9989094734 -0.0251777228 -0.0393182449 0.0262765381 0.9992712736 0.0276845433 0.0385925621 -0.0286875013 0.9988431334
59.4 93.2 2012.8 0.9989151955 -0.0252127480 -0.0391509980 0.0260510202 0.9994389415 0.0210507549 0.0385982841 -0.0220478419 0.9990115166
-91.5 288.0 2002.8 0.1569001228 -0.8981525302 -0.4107364416 0.9755352139 0.0760960206 0.2062533498 -0.1539915502 -0.4330490530 0.8881188631
-130.6 45.0 2041.2 0.0400498956 -0.8974802494 -0.4392325580 0.9696012735 0.1411041915 -0.1999073178 0.2413904220 -0.4178741872 0.8758491874
200.3 295.6 2014.1 0.1364447922 0.9883362651 0.0676330626 -0.9886561632 0.1315259933 0.0725248009 0.0627833828 -0.0767614767 0.9950708151
235.7 39.2 2030.4 -0.0032687120 0.9948938489 0.1008736268 -0.9820808172 0.0158142168 -0.1877954453 -0.1884317845 -0.0996799022 0.9770145416
-26.9 -105.6 2014.9 0.9780275822 0.0851162374 -0.1903083473 -0.0658585131 0.9922539592 0.1053315848 0.1977996379 -0.0904837698 0.9760573506
-60.7 -500.0 2050.8 0.9798843861 0.0593369380 -0.1905407310 -0.0402326211 0.9939073324 0.1026137620 0.1954686195 -0.0928836688 0.9763014913
156.5 -100.6 2018.2 0.9826823473 0.1304705888 -0.1315780878 -0.1169775352 0.9875088930 0.1055578366 0.1437067240 -0.0883381441 0.9856696725
104.6 -493.1 2053.3 0.9896137118 -0.0664290041 -0.1274830848 0.0837870389 0.9871558547 0.1360260546 0.1168095991 -0.1452946663 0.9824688435
-141.6 -222.2 1974.7 0 0 0 0 0 0 0 0 0
234.7 -241.5 1976.5 0 0 0 0 0 0 0 0 0
-83.4 -879.5 2086.3 0 0 0 0 0 0 0 0 0
130.0 -870.1 2108.8 0 0 0 0 0 0 0 0 0
50.6 496.4 2002.2 6 0.9994845390 -0.0212565921 -0.0240577608 0.0219751056 0.9993081093 0.0300066248 0.0234032776 -0.0305198301 0.9992601275
54.9 292.8 2008.4 0.9994845390 -0.0212565921 -0.0240577608 0.0219751056 0.9993081093 0.0300066248 0.0234032776 -0.0305198301 0.9992601275
59.1 94.2 2012.9 0.9994969964 -0.0208579395 -0.0238882732 0.0213835370 0.9995300770 0.0219624024 0.0234189574 -0.0224621724 0.9994733334
-91.1 289.7 2005.0 0.1573291421 -0.9034442306 -0.3987932503 0.9774938822 0.0849940255 0.1930848062 -0.1405463070 -0.4201958477 0.8964832425
-130.8 42.9 2040.5 0.0395789742 -0.9026324153 -0.4285885990 0.9695626497 0.1384116411 -0.2019665092 0.2416231781 -0.4075498879 0.8806368709
200.9 296.0 2011.8 0.1305495054 0.9880658388 0.0817480981 -0.9888452291 0.1238006428 0.0828162804 0.0717074648 -0.0916478410 0.9932062626
235.2 36.0 2030.7 -0.0019096172 0.9934173822 0.1145348027 -0.9810544252 0.0203269962 -0.1926631033 -0.1937230229 -0.1127327830 0.9745576978
-27.2 -107.8 2013.7 0.9810203910 0.0841494203 -0.1746936888 -0.0654418245 0.9917500019 0.1102239266 0.1825277507 -0.0966996476 0.9784338474
-60.6 -501.9 2052.1 0.9828114510 0.0578688756 -0.1753077954 -0.0401608609 0.9938777685 0.1029277444 0.1801908314 -0.0941180512 0.9791185260
156.0 -103.0 2020.8 0.9848297834 0.1296395063 -0.1153426766 -0.1167008057 0.9867586493 0.1126423702 0.1284182817 -0.0974729732 0.9869183302
104.5 -495.1 2059.5 0.9906979799 -0.0709955841 -0.1160912365 0.0835294127 0.9907518625 0.1069280207 0.1074261889 -0.1156304106 0.9874660373
-141.7 -224.3 1973.9 0 0 0 0 0 0 0 0 0
234.7 -244.4 1975.3 0 0 0 0 0 0 0 0 0
-82.7 -881.6 2088.1 0 0 0 0 0 0 0 0 0
131.6 -873.5 2103.6 0 0 0 0 0 0 0 0 0
52.7 495.6 2003.0 7 0.9996908307 -0.0170081872 -0.0181370471 0.0175160132 0.9994482994 0.0282181110 0.0176471025 -0.0285270754 0.9994372129
56.1 292.6 2008.8 0.9996908307 -0.0170081872 -0.0181370471 0.0175160132 0.9994482994 0.0282181110 0.0176471025 -0.0285270754 0.9994372129
59.7 94.0 2013.3 0.9996730089 -0.0181301013 -0.0180330481 0.0185307041 0.9995795488 0.0223016143 0.0176211353 -0.0226284862 0.9995886683
-89.9 289.9 2006.2 0.1616192758 -0.9048913121 -0.3937650025 0.9774671793 0.0918859616 0.1900390685 -0.1357832253 -0.4156063497 0.8993521333
-130.6 44.0 2040.3 0.0407598838 -0.9039744139 -0.4256393611 0.9702596664 0.1375404298 -0.1991953105 0.2386100888 -0.4048615098 0.8826960921
202.1 295.3 2011.3 0.1239715368 0.9884268641 0.0874263123 -0.9895132184 0.1165626794 0.0853037685 0.0741258934 -0.0970847309 0.9925119281
234.7 35.8 2030.8 -0.0024497190 0.9929662943 0.1183722243 -0.9811012149 0.0205162298 -0.1924044788 -0.1934797168 -0.1166064739 0.9741501808
-28.4 -106.4 2015.2 0.9818887711 0.0887936577 -0.1673624068 -0.0679925978 0.9896759987 0.1261680126 0.1768374890 -0.1125035435 0.9777890444
-63.7 -499.6 2059.9 0.9844636321 0.0275447574 -0.1734145284 -0.0185341481 0.9984029531 0.0533667691 0.1746075600 -0.0493235551 0.9834019542
154.9 -102.4 2019.5 0.9854595661 0.1293371767 -0.1101877838 -0.1176707968 0.9873226881 0.1065247208 0.1225685030 -0.0920099244 0.9881857634
103.5 -494.8 2056.1 0.9913235903 -0.0734666884 -0.1089962572 0.0860444158 0.9895642996 0.1155805960 0.0993674770 -0.1239562929 0.9872997999
-141.8 -223.3 1974.6 0 0 0 0 0 0 0 0 0
234.0 -244.6 1975.5 0 0 0 0 0 0 0 0 0
-74.2 -880.5 2078.7 0 0 0 0 0 0 0 0 0
131.5 -872.8 2103.4 0 0 0 0 0 0 0 0 0
52.9 496.8 2007.9 8 0.9998140931 -0.0158241000 -0.0110168494 0.0159698669 0.9997844100 0.0132714026 0.0108044660 -0.0134448726 0.9998512268
56.1 293.7 2010.6 0.9998140931 -0.0158241000 -0.0110168494 0.0159698669 0.9997844100 0.0132714026 0.0108044660 -0.0134448726 0.9998512268
59.5 95.0 2012.4 0.9997996688 -0.0167609658 -0.0109427394 0.0168567840 0.9998198748 0.0087235812 0.0107945520 -0.0089062927 0.9999020696
-89.9 291.2 2009.0 0.1609991640 -0.9077939391 -0.3872846961 0.9792585373 0.0980228037 0.1773251146 -0.1230119318 -0.4078010619 0.9047465920
-130.5 44.1 2040.1 0.0407751612 -0.9068915248 -0.4193865955 0.9701485634 0.1363595426 -0.2005437165 0.2390587777 -0.3986901045 0.8853796124
202.2 296.2 2012.2 0.1222905517 0.9880924225 0.0933722779 -0.9900532961 0.1148545071 0.0812584907 0.0695666745 -0.1023806706 0.9923097491
234.4 35.1 2030.5 -0.0011370791 0.9923442006 0.1234975159 -0.9804996848 0.0231630728 -0.1951508671 -0.1965174228 -0.1213111728 0.9729668498
-28.4 -106.4 2016.2 0.9839153886 0.0806490332 -0.1593933105 -0.0612260997 0.9904887080 0.1232213378 0.1678149551 -0.1114803404 0.9794949293
-60.4 -500.0 2060.5 0.9852553010 0.0439198762 -0.1653573662 -0.0372461118 0.9983698726 0.0432478487 0.1669872552 -0.0364512540 0.9852850437
155.0 -103.0 2019.4 0.9872891307 0.1217555404 -0.1021556184 -0.1115587726 0.9886915088 0.1002187207 0.1132025793 -0.0875485018 0.9897072315
106.6 -495.9 2054.2 0.9936675429 -0.0559104942 -0.0974621773 0.0690976083 0.9880662560 0.1376613677 0.0886023715 -0.1435240358 0.9856725931
-141.8 -223.2 1974.2 0 0 0 0 0 0 0 0 0
234.1 -245.2 1974.3 0 0 0 0 0 0 0 0 0
-77.2 -881.1 2074.4 0 0 0 0 0 0 0 0 0
128.0 -873.3 2109.0 0 0 0 0 0 0 0 0 0
55.1 499.8 2009.3 9 0.9997720718 -0.0031843979 0.0211104658 0.0029715851 0.9999445081 0.0101046273 -0.0211414713 -0.0100395922 0.9997260571
55.8 295.9 2011.4 0.9997720718 -0.0031843979 0.0211104658 0.0029715851 0.9999445081 0.0101046273 -0.0211414713 -0.0100395922 0.9997260571
56.8 97.2 2012.7 0.9997638464 -0.0050961105 0.0211257916 0.0049618478 0.9999672174 0.0064029405 -0.0211577285 -0.0062966053 0.9997563362
-90.2 295.1 2014.5 0.1578930765 -0.9195881486 -0.3597602248 0.9817366004 0.1070326865 0.1572809368 -0.1061275825 -0.3780233562 0.9196930528
-130.4 45.1 2041.5 0.0410867408 -0.9188218713 -0.3925280273 0.9687842131 0.1327611804 -0.2093600482 0.2444770783 -0.3716730475 0.8955948353
201.7 296.6 2008.3 0.1287964582 0.9839582443 0.1234409511 -0.9882161021 0.1169679090 0.0987290069 0.0827065930 -0.1347022802 0.9874284267
235.8 35.1 2030.2 -0.0062418999 0.9878295660 0.1554150134 -0.9812422395 0.0238956660 -0.1912920773 -0.1926777065 -0.1536937952 0.9691509008
-28.9 -105.2 2013.2 0.9882756472 0.0863392204 -0.1259235442 -0.0699147731 0.9891144633 0.1294777989 0.1357318014 -0.1191558391 0.9835541248
-63.2 -498.2 2060.5 0.9904659390 0.0335758962 -0.1336033493 -0.0292391274 0.9989840984 0.0342912562 0.1346189827 -0.0300578773 0.9904414415
154.5 -102.1 2015.1 0.9898974299 0.1246462911 -0.0675747991 -0.1166090667 0.9868330359 0.1120841801 0.0806559250 -0.1030720025 0.9913983941
104.9 -494.2 2056.1 0.9951442480 -0.0735029280 -0.0654613748 0.0814670771 0.9883285165 0.1287241131 0.0552357435 -0.1334320158 0.9895175099
-141.7 -221.8 1974.1 0 0 0 0 0 0 0 0 0
234.0 -245.4 1975.1 0 0 0 0 0 0 0 0 0
-76.0 -879.8 2072.0 0 0 0 0 0 0 0 0 0
133.0 -871.7 2107.1 0 0 0 0 0 0 0 0 0
54.9 500.0 2011.0 0 0.9999401569 -0.0021111697 0.0107358368 0.0020734470 0.9999916553 0.0035236564 -0.0107431859 -0.0035011854 0.9999361634
55.3 296.8 2011.8 0.9999401569 -0.0021111697 0.0107358368 0.0020734470 0.9999916553 0.0035236564 -0.0107431859 -0.0035011854 0.9999361634
55.8 98.1 2011.7 0.9999388456 -0.0026146856 0.0107444609 0.0026161901 0.9999965429 -0.0001259706 -0.0107440939 0.0001540724 0.9999422431
-90.7 296.4 2013.3 0.1568500549 -0.9168399572 -0.3671547472 0.9812620282 0.1025479659 0.1631217748 -0.1119055897 -0.3858606517 0.9157449007
-130.2 49.7 2041.5 0.0422695614 -0.9159761667 -0.3989998698 0.9706638455 0.1322600693 -0.2007959038 0.2366960198 -0.3788071871 0.8946955204
201.3 297.2 2010.2 0.1243142113 0.9857090712 0.1136821881 -0.9893634319 0.1144150794 0.0898289457 0.0755382478 -0.1236400083 0.9894478917
234.4 34.4 2030.2 -0.0011915375 0.9896433949 0.1435428113 -0.9821446538 0.0258456934 -0.1863435805 -0.1881236583 -0.1412018389 0.9719421268
-33.9 -102.0 2015.9 0.9882624149 0.0681610256 -0.1367166191 -0.0528997146 0.9922639132 0.1123120487 0.1433142722 -0.1037615091 0.9842228293
-61.0 -496.2 2057.1 0.9891458154 0.0421189554 -0.1407711506 -0.0355239436 0.9981648922 0.0490391850 0.1425783038 -0.0435061604 0.9888269305
149.4 -101.1 2012.0 0.9910218120 0.1104811877 -0.0752972886 -0.1005448699 0.9870546460 0.1249555424 0.0881277695 -0.1162629128 0.9893009663
105.5 -493.3 2058.2 0.9949510098 -0.0629754215 -0.0781442821 0.0706188828 0.9925534129 0.0992504433 0.0713120326 -0.1042677909 0.9919893146
-141.8 -217.7 1976.2 0 0 0 0 0 0 0 0 0
234.0 -246.4 1976.5 0 0 0 0 0 0 0 0 0
-77.0 -877.5 2073.7 0 0 0 0 0 0 0 0 0
129.6 -872.3 2098.0 0 0 0 0 0 0 0 0 0
55.8 499.6 2011.9 1 0.9999781847 -0.0004296334 -0.0065929741 0.0004530564 0.9999935627 0.0035516424 0.0065914062 -0.0035545519 0.9999719858
55.9 296.7 2012.6 0.9999781847 -0.0004296334 -0.0065929741 0.0004530564 0.9999935627 0.0035516424 0.0065914062 -0.0035545519 0.9999719858
56.2 98.0 2012.7 0.9999770522 -0.0015670499 -0.0065900059 0.0015708947 0.9999985695 0.0005782940 0.0065890905 -0.0005886330 0.9999781251
-90.2 296.5 2011.7 0.1573423296 -0.9108448625 -0.3815822899 0.9803216457 0.0974145010 0.1716971546 -0.1192178205 -0.4010885954 0.9082483649
-129.7 50.3 2041.6 0.0481087342 -0.9096057415 -0.4126777947 0.9702833891 0.1406478286 -0.1968968660 0.2371407598 -0.3909419179 0.8893417120
201.9 297.0 2013.6 0.1198733076 0.9879398346 0.0980064571 -0.9905251861 0.1123526394 0.0789731219 0.0670094118 -0.1065446362 0.9920473695
233.8 33.9 2031.4 -0.0019092280 0.9919546843 0.1265788674 -0.9815841913 0.0223202445 -0.1897215545 -0.1910204589 -0.1246100441 0.9736444354
-35.3 -100.9 2012.7 0.9859611988 0.0664278492 -0.1531921178 -0.0482285768 0.9916501641 0.1195993796 0.1598577052 -0.1105321124 0.9809322953
-61.7 -494.9 2056.6 0.9870026708 0.0344038829 -0.1569780260 -0.0254734252 0.9979593158 0.0585517474 0.1586720794 -0.0537919626 0.9858648777
148.0 -100.4 2010.7 0.9899893403 0.1066176817 -0.0924864560 -0.0947814584 0.9877331257 0.1240958273 0.1045827419 -0.1140875444 0.9879506230
105.7 -492.9 2056.1 0.9938522577 -0.0587425418 -0.0938453525 0.0691171065 0.9913662672 0.1114260703 0.0864896625 -0.1172273681 0.9893317223
-142.9 -217.1 1976.3 0 0 0 0 0 0 0 0 0
233.2 -246.7 1976.8 0 0 0 0 0 0 0 0 0
-74.9 -876.2 2077.2 0 0 0 0 0 0 0 0 0
128.1 -871.6 2100.9 0 0 0 0 0 0 0 0 0
55.4 499.9 2011.8 2 0.9997820854 -0.0000028046 -0.0208758581 0.0001095677 0.9999869466 0.0051130466 0.0208755713 -0.0051142196 0.9997689724
55.4 297.2 2012.9 0.9997820854 -0.0000028046 -0.0208758581 0.0001095677 0.9999869466 0.0051130466 0.0208755713 -0.0051142196 0.9997689724
55.7 98.4 2013.2 0.9997805953 -0.0017633429 -0.0208726749 0.0017951888 0.9999972582 0.0015070783 0.0208699591 -0.0015442180 0.9997810125
-90.6 296.9 2009.8 0.1564871818 -0.9058797359 -0.3935652971 0.9796468616 0.0916411132 0.1785887778 -0.1257131994 -0.4135018587 0.9017829299
-129.8 51.9 2041.3 0.0497242101 -0.9045166969 -0.4235292971 0.9711600542 0.1427934021 -0.1909403801 0.2331859469 -0.4018203616 0.8855307698
201.4 297.4 2015.9 0.1231987774 0.9887129664 0.0852568224 -0.9907265306 0.1175782308 0.0680904314 0.0572975501 -0.0928548500 0.9940296412
234.0 35.0 2031.1 0.0009890581 0.9935715199 0.1132019162 -0.9833787680 0.0215196963 -0.1802861691 -0.1815632731 -0.1111420467 0.9770784378
-35.2 -100.8 2012.3 0.9838727117 0.0618263707 -0.1678450108 -0.0434927903 0.9928917289 0.1107898280 0.1735016555 -0.1017030478 0.9795681238
-59.7 -495.4 2052.7 0.9845334291 0.0466955341 -0.1688594073 -0.0310556982 0.9950779080 0.0941038653 0.1724224836 -0.0874043480 0.9811375737
148.2 -100.5 2013.5 0.9886099100 0.1052784100 -0.1075495631 -0.0926523954 0.9888802171 0.1163245738 0.1186001003 -0.1050349027 0.9873710871
106.4 -493.5 2055.2 0.9923537374 -0.0590561256 -0.1083807051 0.0708574429 0.9915698767 0.1084822044 0.1010605097 -0.1153323054 0.9881726503
-143.5 -215.7 1977.0 0 0 0 0 0 0 0 0 0
234.3 -246.1 1979.2 0 0 0 0 0 0 0 0 0
-77.6 -875.4 2086.1 0 0 0 0 0 0 0 0 0
128.9 -872.4 2099.3 0 0 0 0 0 0 0 0 0
55.0 500.1 2011.3 3 0.9999493361 0.0009044470 -0.0100225685 -0.0008389893 0.9999783039 0.0065333224 0.0100282598 -0.0065245829 0.9999284148
54.8 297.3 2012.6 0.9999493361 0.0009044470 -0.0100225685 -0.0008389893 0.9999783039 0.0065333224 0.0100282598 -0.0065245829 0.9999284148
55.0 98.5 2013.3 0.9999492764 -0.0009964862 -0.0100224158 0.0010288106 0.9999942780 0.0032205847 0.0100191487 -0.0032307326 0.9999445677
-91.3 297.1 2011.2 0.1524706930 -0.9102648497 -0.3849293888 0.9808202386 0.0915137455 0.1720954627 -0.1214261129 -0.4037860632 0.9067593813
-129.5 51.4 2041.6 0.0524326563 -0.9087684155 -0.4139937460 0.9716541171 0.1421226859 -0.1889163852 0.2305191457 -0.3923533559 0.8904604316
200.9 297.4 2014.1 0.1229278594 0.9878209233 0.0953863189 -0.9903883338 0.1159683615 0.0753812864 0.0634014159 -0.1037359536 0.9925820231
233.5 34.1 2030.9 0.0028059292 0.9923717976 0.1232490018 -0.9840360284 0.0246720891 -0.1762509197 -0.1779472679 -0.1207869053 0.9765988588
-35.6 -100.4 2011.6 0.9860481620 0.0568546169 -0.1564499140 -0.0375291966 0.9915951490 0.1238170490 0.1621745378 -0.1162181273 0.9798942804
-58.2 -494.5 2057.8 0.9849886298 0.0650990233 -0.1598735601 -0.0564874448 0.9967267513 0.0578359775 0.1631153226 -0.0479369275 0.9854417443
147.7 -100.1 2015.4 0.9884245396 0.1153848320 -0.0985050499 -0.1052842215 0.9891735911 0.1022294313 0.1092343181 -0.0906750560 0.9898716807
101.9 -493.2 2051.4 0.9929275513 -0.0725755468 -0.0939557031 0.0853940994 0.9863886237 0.1405178905 0.0824786723 -0.1475473344 0.9856100082
-143.9 -216.3 1978.1 0 0 0 0 0 0 0 0 0
234.3 -247.1 1980.1 0 0 0 0 0 0 0 0 0
-83.0 -874.9 2076.1 0 0 0 0 0 0 0 0 0
129.6 -869.8 2107.8 0 0 0 0 0 0 0 0 0
55.8 498.3 2007.0 4 0.9990954995 0.0016219362 -0.0424917191 -0.0007175807 0.9997730851 0.0212897155 0.0425166078 -0.0212399680 0.9988699555
55.5 294.4 2011.4 0.9990954995 0.0016219362 -0.0424917191 -0.0007175807 0.9997730851 0.0212897155 0.0425166078 -0.0212399680 0.9988699555
55.3 95.7 2014.0 0.9990959167 0.0009856096 -0.0425018556 -0.0004114321 0.9999085665 0.0135161020 0.0425112918 -0.0134863956 0.9990049601
-90.4 294.5 2005.2 0.1669886410 -0.8973378539 -0.4085334539 0.9732388854 0.0836760104 0.2140196413 -0.1578634679 -0.4333394766 0.8872970343
-131.7 53.6 2044.2 0.0423558652 -0.8964420557 -0.4411322474 0.9689919949 0.1444383115 -0.2004797310 0.2434348464 -0.4189621210 0.8747629523
201.4 294.4 2017.6 0.1214243472 0.9903852940 0.0662802309 -0.9912433624 0.1174967960 0.0602589473 0.0518918633 -0.0730167404 0.9959797859
233.3 33.9 2031.2 0.0034498444 0.9956501722 0.0931062773 -0.9842295647 0.0198478941 -0.1757789105 -0.1768622696 -0.0910315439 0.9800168276
-36.5 -100.3 2013.0 0.9802406430 0.0577515177 -0.1891904026 -0.0364777334 0.9928039908 0.1140596047 0.1944161057 -0.1049046293 0.9752935171
-59.4 -494.8 2054.7 0.9797991514 0.0602726601 -0.1906851530 -0.0442642495 0.9952132106 0.0871282965 0.1950238347 -0.0769276991 0.9777770042
146.9 -100.1 2014.8 0.9850862622 0.1103133559 -0.1320454478 -0.0976774842 0.9903180599 0.0986369401 0.1416479647 -0.0842680335 0.9863238335
103.1 -493.6 2048.3 0.9897841811 -0.0715198964 -0.1233375892 0.0924281403 0.9805500507 0.1731432974 0.1085554883 -0.1827743649 0.9771434069
-143.4 -213.3 1977.2 0 0 0 0 0 0 0 0 0
234.2 -247.4 1980.7 0 0 0 0 0 0 0 0 0
-82.5 -874.7 2084.0 0 0 0 0 0 0 0 0 0
130.4 -868.0 2118.1 0 0 0 0 0 0 0 0 0
56.7 500.0 2008.9 5 0.9995469451 0.0014542062 -0.0300634261 -0.0009820631 0.9998760223 0.0157137010 0.0300825518 -0.0156770572 0.9994244576
56.4 296.6 2012.1 0.9995469451 0.0014542062 -0.0300634261 -0.0009820631 0.9998760223 0.0157137010 0.0300825518 -0.0156770572 0.9994244576
56.2 97.9 2014.0 0.9995474219 0.0008669235 -0.0300704446 -0.0005764529 0.9999530911 0.0096669951 0.0300774164 -0.0096452860 0.9995010495
-89.5 296.7 2007.7 0.1635785550 -0.9015073776 -0.4006576240 0.9771409631 0.0921589807 0.1915782988 -0.1357850432 -0.4228370786 0.8959749937
-130.8 50.4 2041.9 0.0470052622 -0.9002828598 -0.4327600300 0.9698348641 0.1448725164 -0.1960414499 0.2391877919 -0.4104908109 0.8799355030
202.4 296.5 2016.5 0.1148684099 0.9902804494 0.0784215108 -0.9921589494 0.1104548797 0.0584841222 0.0492536426 -0.0845245793 0.9952033162
233.3 29.9 2029.7 0.0030578908 0.9946588278 0.1031718999 -0.9841940403 0.0212620366 -0.1758125424 -0.1770671457 -0.1010035500 0.9790022969
-36.6 -102.9 2012.8 0.9828234911 0.0509270951 -0.1773822457 -0.0327517278 0.9940456152 0.1039263383 0.1816187054 -0.0963316709 0.9786393046
-56.8 -498.0 2051.1 0.9809609056 0.0800391957 -0.1769446731 -0.0606612712 0.9918165207 0.1123394370 0.1844882220 -0.0994669050 0.9777885675
146.6 -103.0 2020.6 0.9866571426 0.1090405136 -0.1209043264 -0.0992239639 0.9914746881 0.0844542012 0.1290825158 -0.0713307336 0.9890650511
103.3 -497.0 2049.0 0.9904373884 -0.0828192830 -0.1103390232 0.1014327109 0.9792432785 0.1754821092 0.0935154408 -0.1849960238 0.9782797694
-143.7 -216.8 1976.0 0 0 0 0 0 0 0 0 0
234.2 -251.5 1979.1 0 0 0 0 0 0 0 0 0
-87.3 -876.6 2089.1 0 0 0 0 0 0 0 0 0
134.9 -871.0 2119.6 0 0 0 0 0 0 0 0 0
56.8 499.6 2010.8 6 0.9997802377 0.0009030844 -0.0209437646 -0.0006434299 0.9999228716 0.0124011254 0.0209533498 -0.0123849241 0.9997037649
56.6 296.7 2013.3 0.9997802377 0.0009030844 -0.0209437646 -0.0006434299 0.9999228716 0.0124011254 0.0209533498 -0.0123849241 0.9997037649
56.6 98.0 2014.8 0.9997805357 -0.0003662105 -0.0209451597 0.0005171939 0.9999738932 0.0072035459 0.0209419765 -0.0072127976 0.9997546673
-89.4 296.6 2010.3 0.1673848927 -0.9038341045 -0.3937844038 0.9779692888 0.1016862094 0.1823074371 -0.1247332394 -0.4156245589 0.9009427428
-131.3 51.9 2041.5 0.0401677936 -0.9029724002 -0.4278170764 0.9706603885 0.1368522048 -0.1977117658 0.2370759696 -0.4073234200 0.8819765449
202.6 296.8 2016.4 0.1153806224 0.9895012975 0.0870315433 -0.9920884371 0.1104301885 0.0597136170 0.0494757928 -0.0932327807 0.9944142699
233.3 33.0 2029.6 0.0027786440 0.9937614202 0.1114924848 -0.9847089052 0.0221396610 -0.1727953702 -0.1741857678 -0.1093075052 0.9786272049
-35.6 -100.8 2013.2 0.9838365316 0.0621658824 -0.1679318398 -0.0435430370 0.9927099347 0.1123876199 0.1736942828 -0.1032587811 0.9793711901
-60.3 -495.2 2054.2 0.9838009477 0.0581488460 -0.1695710719 -0.0441546626 0.9953881502 0.0851635262 0.1737411916 -0.0762966126 0.9818313718
147.7 -100.9 2018.7 0.9875002503 0.1132179424 -0.1096586138 -0.1020560339 0.9894779325 0.1025573909 0.1201161072 -0.0900841206 0.9886642098
102.7 -494.0 2054.5 0.9909796119 -0.0829691887 -0.1052405164 0.0974024087 0.9852934480 0.1403907984 0.0920446813 -0.1493750960 0.9844871163
-142.4 -215.5 1976.2 0 0 0 0 0 0 0 0 0
234.1 -248.4 1979.8 0 0 0 0 0 0 0 0 0
-82.5 -875.3 2083.3 0 0 0 0 0 0 0 0 0
134.4 -870.2 2111.5 0 0 0 0 0 0 0 0 0
56.3 499.6 2011.3 7 0.9993702769 -0.0006803093 -0.0354765989 0.0011263175 0.9999205470 0.0125534283 0.0354652405 -0.0125854816 0.9992916584
56.4 296.8 2013.9 0.9993702769 -0.0006803093 -0.0354765989 0.0011263175 0.9999205470 0.0125534283 0.0354652405 -0.0125854816 0.9992916584
56.7 98.1 2015.3 0.9993695617 -0.0015105256 -0.0354707427 0.0017672249 0.9999724627 0.0072066919 0.0354588777 -0.0072648334 0.9993447065
-89.5 296.5 2008.7 0.1619328260 -0.8990105987 -0.4068878293 0.9786852002 0.0935369954 0.1828280538 -0.1263052970 -0.4278209507 0.8949950933
-130.2 51.1 2040.3 0.0474927500 -0.8977554440 -0.4379265010 0.9709574580 0.1444141269 -0.1907514781 0.2344909608 -0.4161486924 0.8785409927
202.4 297.1 2019.0 0.1181308776 0.9902408123 0.0739475265 -0.9922444820 0.1148128435 0.0476330668 0.0386780836 -0.0790009573 0.9961239100
233.6 34.9 2029.2 0.0028244255 0.9951182604 0.0986493751 -0.9839957356 0.0203421395 -0.1770270765 -0.1781696081 -0.0965705663 0.9792495966
-35.0 -100.8 2014.3 0.9813522696 0.0600237437 -0.1826058179 -0.0408756994 0.9934318662 0.1068752334 0.1878214926 -0.0974181145 0.9773601294
-58.8 -495.6 2053.0 0.9804387689 0.0705776513 -0.1837351471 -0.0551833510 0.9946264029 0.0875961855 0.1889301687 -0.0757435784 0.9790650010
148.4 -100.7 2018.1 0.9859269261 0.1120255217 -0.1240902245 -0.0995137766 0.9897091985 0.1028234288 0.1343320906 -0.0890277028 0.9869290590
103.9 -494.0 2053.5 0.9904072881 -0.0729528517 -0.1173513681 0.0913905054 0.9828249216 0.1603214443 0.1036399379 -0.1695083231 0.9800641537
-143.2 -216.4 1975.7 0 0 0 0 0 0 0 0 0
234.4 -246.3 1978.3 0 0 0 0 0 0 0 0 0
-85.8 -875.4 2081.9 0 0 0 0 0 0 0 0 0
131.7 -869.3 2118.2 0 0 0 0 0 0 0 0 0
56.1 500.2 2011.0 8 0.9991503358 0.0001392265 -0.0412143283 0.0004472462 0.9998987913 0.0142202629 0.0412121341 -0.0142266126 0.9990491271
56.1 297.4 2013.9 0.9991503358 0.0001392265 -0.0412143283 0.0004472462 0.9998987913 0.0142202629 0.0412121341 -0.0142266126 0.9990491271
56.4 98.7 2015.6 0.9991490841 -0.0017109313 -0.0412096828 0.0020550229 0.9999633431 0.0083088586 0.0411939546 -0.0083864750 0.9991159439
-89.9 297.1 2007.9 0.1603216380 -0.8967691064 -0.4124344289 0.9791218042 0.0915819630 0.1814750284 -0.1249696389 -0.4329179227 0.8927287459
-129.9 52.3 2039.1 0.0453294814 -0.8956246972 -0.4424948096 0.9713752866 0.1429129392 -0.1897523105 0.2331850827 -0.4212271571 0.8764658570
202.0 297.7 2019.9 0.1195382774 0.9904574752 0.0685901344 -0.9921324253 0.1165804341 0.0456310809 0.0371993743 -0.0735051557 0.9966008067
233.7 34.9 2029.8 0.0010465576 0.9955316782 0.0944226757 -0.9824662805 0.0186275672 -0.1855076253 -0.1864375770 -0.0925729424 0.9780957699
-34.6 -100.8 2013.5 0.9799529314 0.0658084750 -0.1880464703 -0.0453765281 0.9927875996 0.1109671146 0.1939927936 -0.1002096534 0.9758713245
-60.8 -495.3 2053.3 0.9799063802 0.0615190081 -0.1897336394 -0.0461341552 0.9953576922 0.0844671726 0.1940491796 -0.0740167201 0.9781954885
148.6 -100.5 2020.0 0.9857283831 0.1069511846 -0.1300037056 -0.0940174833 0.9903454185 0.1018656492 0.1396432221 -0.0881892443 0.9862669110
106.1 -494.0 2055.0 0.9906529784 -0.0578915961 -0.1235122979 0.0774246231 0.9841197133 0.1597304493 0.1123038381 -0.1678003371 0.9794033170
-142.4 -215.4 1974.9 0 0 0 0 0 0 0 0 0
234.0 -245.9 1976.5 0 0 0 0 0 0 0 0 0
-84.3 -875.6 2081.6 0 0 0 0 0 0 0 0 0
128.3 -869.9 2119.1 0 0 0 0 0 0 0 0 0
56.0 501.9 2010.9 9 0.9978017807 -0.0020230820 -0.0662383810 0.0032111274 0.9998357892 0.0178343561 0.0661914200 -0.0180078521 0.9976444244
56.5 297.2 2014.6 0.9978017807 -0.0020230820 -0.0662383810 0.0032111274 0.9998357892 0.0178343561 0.0661914200 -0.0180078521 0.9976444244
57.0 98.5 2016.3 0.9978009462 -0.0029683348 -0.0662154481 0.0035485083 0.9999563098 0.0086460169 0.0661868900 -0.0088619702 0.9977678657
-89.3 296.7 2004.9 0.1694244295 -0.8859753013 -0.4316747785 0.9756793380 0.0889685750 0.2003358901 -0.1390871555 -0.4551179707 0.8795012236
-131.5 53.1 2039.6 0.0402859077 -0.8851298094 -0.4635971487 0.9702135921 0.1455754787 -0.1936320513 0.2388778627 -0.4419876039 0.8646295667
202.2 297.7 2024.3 0.1198097095 0.9917142391 0.0463516749 -0.9926459193 0.1188466772 0.0230126530 0.0173132326 -0.0487679392 0.9986600876
233.8 35.9 2028.8 -0.0007961595 0.9974651337 0.0711523220 -0.9812927842 0.0129189510 -0.1920874566 -0.1925197542 -0.0699741915 0.9787950516
-34.9 -100.2 2013.5 0.9745058417 0.0707854405 -0.2129033655 -0.0489057228 0.9931264520 0.1063392609 0.2189672291 -0.0932160392 0.9712693095
-63.0 -494.9 2050.5 0.9760415554 0.0504178144 -0.2116622031 -0.0245068502 0.9920666814 0.1233008504 0.2161995769 -0.1151595786 0.9695339203
148.4 -99.9 2021.0 0.9825763106 0.1034965888 -0.1543769687 -0.0876747966 0.9904924035 0.1060093492 0.1638808101 -0.0906273052 0.9823083878
107.3 -493.5 2057.0 0.9873220921 -0.0533516221 -0.1494946629 0.0761342719 0.9855844378 0.1510858238 0.1392789334 -0.1605520397 0.9771511555
-142.6 -214.2 1973.8 0 0 0 0 0 0 0 0 0
233.5 -244.6 1973.8 0 0 0 0 0 0 0 0 0
-82.2 -873.6 2094.5 0 0 0 0 0 0 0 0 0
127.6 -870.0 2118.4 0 0 0 0 0 0 0 0 0
55.8 503.5 2016.3 0 0.9986625314 -0.0020584434 -0.0516619273 0.0022571257 0.9999902844 0.0037877716 0.0516536273 -0.0038993130 0.9986574650
56.2 299.4 2017.1 0.9986625314 -0.0020584434 -0.0516619273 0.0022571257 0.9999902844 0.0037877716 0.0516536273 -0.0038993130 0.9986574650
56.9 100.7 2017.0 0.9986590743 -0.0035192471 -0.0516496152 0.0034915444 0.9999936819 -0.0006265784 0.0516514964 0.0004454013 0.9986650944
-89.7 298.9 2009.6 0.1699772626 -0.8908437490 -0.4213135839 0.9786975384 0.1026502475 0.1778034270 -0.1151471287 -0.4425610900 0.8893148303
-132.3 53.6 2038.4 0.0379497521 -0.8900383711 -0.4543032944 0.9703355432 0.1414501965 -0.1960631013 0.2387649864 -0.4333860874 0.8690038919
202.0 300.0 2024.7 0.1205931976 0.9909315109 0.0592625514 -0.9924990535 0.1191464290 0.0273812693 0.0200720411 -0.0621200241 0.9978668094
234.1 36.1 2030.0 -0.0028807512 0.9963329434 0.0855123028 -0.9791564941 0.0145561695 -0.2025848627 -0.2030867040 -0.0843135267 0.9755239487
-33.9 -100.6 2012.0 0.9776576161 0.0731550679 -0.1970633268 -0.0498399213 0.9914271832 0.1207812056 0.2042097002 -0.1082610413 0.9729223847
-62.9 -494.5 2055.1 0.9786860943 0.0511352941 -0.1988937855 -0.0326707587 0.9949375987 0.0950356871 0.2027465850 -0.0865120962 0.9754022360
149.1 -99.9 2024.2 0.9846405983 0.1048418805 -0.1396103799 -0.0911330730 0.9906811118 0.1012213007 0.1489215940 -0.0869434774 0.9850193858
107.4 -493.6 2058.7 0.9894478917 -0.0556961372 -0.1337564439 0.0763302296 0.9850441813 0.1544720381 0.1231525093 -0.1630516946 0.9789012074
-142.7 -213.8 1972.7 0 0 0 0 0 0 0 0 0
233.3 -243.8 1972.0 0 0 0 0 0 0 0 0 0
-82.4 -874.4 2088.1 0 0 0 0 0 0 0 0 0
128.7 -870.0 2121.0 0 0 0 0 0 0 0 0 0
56.0 501.8 2019.0 1 0.9991586208 0.0096941125 -0.0398503728 -0.0098662479 0.9999428391 -0.0041251392 0.0398081020 0.0045148418 0.9991971254
54.1 298.3 2018.1 0.9991586208 0.0096941125 -0.0398503728 -0.0098662479 0.9999428391 -0.0041251392 0.0398081020 0.0045148418 0.9991971254
52.4 99.6 2016.6 0.9991699457 0.0083109960 -0.0398794450 -0.0086108912 0.9999358654 -0.0073541664 0.0398157649 0.0076914593 0.9991774559
-91.9 299.6 2012.3 0.1695362031 -0.8966158628 -0.4090690613 0.9790556431 0.1057513729 0.1739731133 -0.1127274334 -0.4299961329 0.8957655430
-133.9 56.5 2040.3 0.0268414095 -0.8962140083 -0.4428091645 0.9676116109 0.1345241219 -0.2136142403 0.2510125935 -0.4227335751 0.8707979321
200.0 297.1 2023.9 0.1293422580 0.9891871810 0.0691323206 -0.9911891222 0.1269672364 0.0377287492 0.0285432562 -0.0734031275 0.9968938231
233.8 37.7 2031.4 -0.0027573307 0.9950171113 0.0996663570 -0.9764756560 0.0188101567 -0.2148056179 -0.2156099975 -0.0979140624 0.9715580940
-34.0 -98.3 2012.2 0.9801223874 0.0755834430 -0.1834319383 -0.0530545972 0.9907670021 0.1247633845 0.1911683679 -0.1125514731 0.9750829935
-64.0 -492.1 2056.9 0.9813036323 0.0445893072 -0.1872298419 -0.0316921622 0.9969497323 0.0713222995 0.1898389608 -0.0640551150 0.9797235131
149.1 -97.7 2021.7 0.9859870076 0.1103268787 -0.1251302063 -0.0967122689 0.9892025590 0.1101139933 0.1359276474 -0.0964693427 0.9860108495
105.3 -490.8 2060.0 0.9888980985 -0.0831930935 -0.1231236681 0.0989447683 0.9868385196 0.1279051155 0.1108623520 -0.1386675686 0.9841142297
-141.3 -210.1 1971.2 0 0 0 0 0 0 0 0 0
233.1 -241.3 1969.8 0 0 0 0 0 0 0 0 0
-81.1 -872.8 2081.4 0 0 0 0 0 0 0 0 0
137.0 -867.6 2113.0 0 0 0 0 0 0 0 0 0
56.6 502.0 2020.4 2 0.9991244674 0.0148622580 -0.0391081870 -0.0150969289 0.9998697042 -0.0057120915 0.0390181988 0.0062975036 0.9992186427
53.5 298.8 2019.1 0.9991244674 0.0148622580 -0.0391081870 -0.0150969289 0.9998697042 -0.0057120915 0.0390181988 0.0062975036 0.9992186427
51.1 100.2 2017.2 0.9991564155 0.0123850666 -0.0391547345 -0.0127517208 0.9998770356 -0.0091283880 0.0390368663 0.0096199783 0.9991914630
-92.4 300.7 2013.4 0.1731896847 -0.8963947296 -0.4080218375 0.9788455367 0.1108390540 0.1719771028 -0.1089346185 -0.4291750193 0.8966281414
-135.4 57.9 2040.5 0.0243748892 -0.8960688114 -0.4432454407 0.9669091702 0.1337621212 -0.2172425538 0.2539537251 -0.4232828021 0.8696776032
199.5 297.0 2024.8 0.1226142421 0.9899667501 0.0702251196 -0.9921340346 0.1204696670 0.0340162776 0.0252149850 -0.0738436133 0.9969510436
232.1 32.9 2031.5 -0.0055896789 0.9950160980 0.0995577127 -0.9744801521 0.0169217903 -0.2238348424 -0.2244039625 -0.0982681811 0.9695288539
-40.9 -98.3 2011.5 0.9815546870 0.0563071482 -0.1827017218 -0.0353313349 0.9926091433 0.1160982549 0.1878885627 -0.1075016856 0.9762895703
-63.2 -492.7 2054.2 0.9815812111 0.0528866015 -0.1835790873 -0.0348343141 0.9943568707 0.1002044678 0.1878426075 -0.0919639766 0.9778843522
142.4 -99.8 2018.7 0.9882847071 0.0900937766 -0.1231925637 -0.0758333728 0.9903596640 0.1159183159 0.1324484646 -0.1052181870 0.9855894446
106.6 -493.3 2060.6 0.9904092550 -0.0664059147 -0.1211600080 0.0830441043 0.9869588614 0.1378981918 0.1104226932 -0.1466372609 0.9830077887
-142.1 -208.5 1970.5 0 0 0 0 0 0 0 0 0
230.5 -245.7 1967.4 0 0 0 0 0 0 0 0 0
-83.4 -872.4 2089.3 0 0 0 0 0 0 0 0 0
131.9 -870.3 2116.6 0 0 0 0 0 0 0 0 0
57.0 500.0 2016.1 3 0.9990505576 0.0178322792 -0.0397494920 -0.0176803526 0.9998350143 0.0041703880 0.0398172997 -0.0034636434 0.9992009997
53.4 296.9 2016.8 0.9990505576 0.0178322792 -0.0397494920 -0.0176803526 0.9998350143 0.0041703880 0.0398172997 -0.0034636434 0.9992009997
50.2 98.2 2016.6 0.9990745783 0.0162371993 -0.0398286693 -0.0162690990 0.9998675585 -0.0004768998 0.0398156494 0.0011244350 0.9992064238
-92.5 299.3 2011.0 0.1725873649 -0.8961275816 -0.4088630080 0.9784398675 0.1081654653 0.1759422868 -0.1134418845 -0.4304132760 0.8954749107
-135.2 57.6 2039.0 0.0265822746 -0.8957332373 -0.4437965155 0.9662928581 0.1367472857 -0.2181243747 0.2560692132 -0.4230391681 0.8691757321
199.3 294.5 2022.6 0.1253854781 0.9896563292 0.0697052255 -0.9915475845 0.1226435229 0.0423313975 0.0333446413 -0.0744237900 0.9966690540
232.6 31.4 2031.5 -0.0218518209 0.9946923256 0.1005467772 -0.9748296738 0.0011208510 -0.2229480296 -0.2218773961 -0.1028878018 0.9696311355
-43.0 -97.4 2011.7 0.9816407561 0.0534198247 -0.1831057072 -0.0314017199 0.9921429753 0.1211043298 0.1881364137 -0.1131311134 0.9756054878
-64.2 -491.6 2056.7 0.9816673994 0.0454641059 -0.1851003319 -0.0308221262 0.9962189198 0.0812269077 0.1880933791 -0.0740326196 0.9793569446
140.2 -99.7 2018.9 0.9885720611 0.0850271136 -0.1244814172 -0.0710750893 0.9911031723 0.1125291809 0.1329419613 -0.1023956761 0.9858202338
106.4 -493.5 2059.6 0.9898574352 -0.0703951344 -0.1233967096 0.0858820006 0.9884266853 0.1250479221 0.1131658405 -0.1343771815 0.9844471812
-142.5 -208.6 1968.4 0 0 0 0 0 0 0 0 0
226.4 -247.2 1968.0 0 0 0 0 0 0 0 0 0
-81.6 -872.1 2085.0 0 0 0 0 0 0 0 0 0
133.3 -871.1 2110.9 0 0 0 0 0 0 0 0 0
57.2 498.6 2013.4 4 0.9992839694 0.0184903592 -0.0330107696 -0.0181612987 0.9997826219 0.0102404216 0.0331929438 -0.0096335700 0.9994025230
53.5 295.7 2015.4 0.9992839694 0.0184903592 -0.0330107696 -0.0181612987 0.9997826219 0.0102404216 0.0331929438 -0.0096335700 0.9994025230
49.7 97.0 2016.2 0.9992716908 0.0189584512 -0.0331163481 -0.0188161638 0.9998123646 0.0046030320 0.0331974030 -0.0039765569 0.9994409084
-92.5 298.4 2010.5 0.1788575500 -0.8976472616 -0.4027894437 0.9771598577 0.1143191531 0.1791361123 -0.1147544906 -0.4256295264 0.8975917101
-136.1 60.0 2038.5 0.0233964305 -0.8973740339 -0.4406499863 0.9674469233 0.1314233392 -0.2162739038 0.2519902885 -0.4212454259 0.8712365627
199.4 292.9 2020.2 0.1209136769 0.9897676110 0.0757626221 -0.9916965365 0.1170764938 0.0532076396 0.0437931754 -0.0815670639 0.9957052469
231.6 28.8 2031.9 -0.0309663266 0.9938026071 0.1067588925 -0.9735642672 -0.0058064195 -0.2283395231 -0.2263045311 -0.1110074744 0.9677104950
-44.7 -99.0 2012.7 0.9830148220 0.0502577871 -0.1765107512 -0.0290089771 0.9922330976 0.1209625155 0.1812191308 -0.1137875468 0.9768377542
-64.7 -493.3 2057.9 0.9829251766 0.0439421088 -0.1786818802 -0.0310911145 0.9967662692 0.0740968883 0.1813600510 -0.0672762766 0.9811128378
138.6 -102.0 2020.0 0.9895520806 0.0821136534 -0.1185075045 -0.0695455521 0.9918719530 0.1065526381 0.1262936890 -0.0971977189 0.9872195721
105.9 -496.1 2058.6 0.9901055098 -0.0791286007 -0.1158868819 0.0948855057 0.9859522581 0.1374584883 0.1033820361 -0.1470943838 0.9837049246
-142.6 -206.5 1969.1 0 0 0 0 0 0 0 0 0
222.8 -249.4 1967.2 0 0 0 0 0 0 0 0 0
-81.5 -874.1 2083.6 0 0 0 0 0 0 0 0 0
136.2 -872.8 2114.8 0 0 0 0 0 0 0 0 0
57.6 495.3 2014.1 5 0.9991172552 0.0238672681 -0.0345690772 -0.0235150848 0.9996677041 0.0105588445 0.0348096006 -0.0097366292 0.9993465543
52.8 292.9 2016.1 0.9991172552 0.0238672681 -0.0345690772 -0.0235150848 0.9996677041 0.0105588445 0.0348096006 -0.0097366292 0.9993465543
48.0 94.3 2016.7 0.9991090298 0.0239863433 -0.0347242728 -0.0238590837 0.9997070432 0.0040746406 0.0348118320 -0.0032425211 0.9993886352
-93.1 296.4 2011.0 0.1742408127 -0.8977003694 -0.4046902955 0.9785133600 0.1118396223 0.1732151508 -0.1102348939 -0.4261760116 0.8978987932
-135.9 56.5 2038.0 0.0235020202 -0.8973942995 -0.4406031072 0.9651384950 0.1352875978 -0.2240647376 0.2606825531 -0.4199770391 0.8692892790
198.8 289.4 2021.2 0.1191613451 0.9900796413 0.0744508058 -0.9919596314 0.1154973879 0.0517340079 0.0426219143 -0.0800168887 0.9958818555
230.4 26.1 2032.5 -0.0351591147 0.9938389063 0.1051100269 -0.9729262590 -0.0099989818 -0.2308994532 -0.2284258604 -0.1103825271 0.9672834873
-45.7 -100.0 2013.9 0.9828659296 0.0481742807 -0.1779152900 -0.0282029193 0.9931808114 0.1131217033 0.1821516156 -0.1061657369 0.9775221944
-64.9 -494.7 2056.1 0.9829423428 0.0435230918 -0.1786898524 -0.0264885388 0.9949675202 0.0966331065 0.1819963604 -0.0902515426 0.9791486263
137.6 -103.4 2020.0 0.9899210930 0.0759928077 -0.1195046678 -0.0632022768 0.9922046661 0.1074029505 0.1267349422 -0.0987674743 0.9870072007
107.4 -497.7 2059.3 0.9910743237 -0.0674437433 -0.1149912253 0.0858652443 0.9827769399 0.1636358500 0.1019745022 -0.1720490456 0.9797960520
-142.3 -209.4 1966.2 0 0 0 0 0 0 0 0 0
220.3 -252.0 1967.2 0 0 0 0 0 0 0 0 0
-81.5 -874.7 2090.6 0 0 0 0 0 0 0 0 0
133.1 -873.1 2125.0 0 0 0 0 0 0 0 0 0
49.0 496.5 2017.9 6 0.9994854927 0.0207075011 0.0244949963 -0.0207973402 0.9997778535 0.0034185920 -0.0244187657 -0.0039262637 0.9996941090
44.3 268.3 2018.8 0.9994854927 0.0207075011 0.0244949963 -0.0207973402 0.9997778535 0.0034185920 -0.0244187657 -0.0039262637 0.9996941090
33.8 70.0 2018.4 0.9983154535 0.0527301580 0.0242031142 -0.0526356921 0.9986035228 -0.0045241248 -0.0244078729 0.0032425562 0.9996968508
-101.3 276.0 2022.4 0.1705061644 -0.9220063090 -0.3476089239 0.9787869453 0.1178113446 0.1676205695 -0.1135949492 -0.3688154221 0.9225353003
-138.8 60.5 2047.4 0.0376689769 -0.9216520786 -0.3861845732 0.9688625932 0.1283246279 -0.2117500305 0.2447168529 -0.3661833704 0.8977880478
189.8 260.7 2015.3 0.1456557959 0.9817419052 0.1223407164 -0.9818856716 0.1283027381 0.1394235194 0.1211812571 -0.1404324472 0.9826463461
224.6 25.8 2044.2 -0.0309044607 0.9853869081 0.1675038487 -0.9723703861 0.0091558080 -0.2332638651 -0.2313887924 -0.1700846702 0.9578781128
-50.3 -104.4 2014.8 0.9921325445 0.0447482429 -0.1169216186 -0.0322442353 0.9937654138 0.1067270562 0.1209685057 -0.1021173373 0.9873898029
-68.0 -497.0 2055.1 0.9903544188 0.0765053406 -0.1155208051 -0.0604486652 0.9887788892 0.1366097182 0.1246759146 -0.1283089668 0.9838662148
130.8 -111.9 2019.4 0.9963154793 0.0639455020 -0.0571528040 -0.0571730435 0.9919310212 0.1131552607 0.0639274120 -0.1094707400 0.9919321537
105.8 -500.7 2062.3 0.9952932000 -0.0809995458 -0.0532021895 0.0890600383 0.9809527397 0.1726268232 0.0382061414 -0.1765524894 0.9835494161
-149.2 -206.4 1980.0 0 0 0 0 0 0 0 0 0
215.8 -252.2 1978.1 0 0 0 0 0 0 0 0 0
-97.2 -874.3 2104.1 0 0 0 0 0 0 0 0 0
136.7 -875.5 2129.8 0 0 0 0 0 0 0 0 0
48.2 497.5 2020.3 7 0.9997343421 0.0198723413 0.0116764205 -0.0201121289 0.9995815158 0.0207906738 -0.0112583749 -0.0210199878 0.9997156858
43.9 281.4 2024.9 0.9997343421 0.0198723413 0.0116764205 -0.0201121289 0.9995815158 0.0207906738 -0.0112583749 -0.0210199878 0.9997156858
36.6 82.9 2027.8 0.9992652535 0.0365701653 0.0114698811 -0.0367237292 0.9992345572 0.0134764109 -0.0109682670 -0.0138877258 0.9998434186
-101.9 286.7 2026.5 0.1834098995 -0.9136327505 -0.3628166914 0.9765635729 0.1270537674 0.1737266779 -0.1126251519 -0.3861767650 0.9155234098
-147.4 44.7 2054.4 0.0402685031 -0.9131661654 -0.4055933654 0.9653412104 0.1403136104 -0.2200647295 0.2578659356 -0.3826743066 0.8871671557
189.7 276.1 2023.3 0.1033397093 0.9877832532 0.1166409031 -0.9915637970 0.0930836946 0.0902033374 0.0782439783 -0.1249784902 0.9890694022
218.8 -3.6 2045.3 -0.0246537775 0.9891974330 0.1445011348 -0.9689751267 0.0119129503 -0.2468710989 -0.2459257096 -0.1461043060 0.9582139850
-67.2 -122.0 2021.5 0.9911927581 0.0123160826 -0.1318529099 0.0001891344 0.9955331683 0.0944123119 0.1324267238 -0.0936057419 0.9867629409
-72.1 -518.8 2058.8 0.9883164763 0.0778168291 -0.1310538054 -0.0585363656 0.9876941442 0.1450303048 0.1407268643 -0.1356644332 0.9807094932
117.6 -127.4 2020.1 0.9970922470 0.0245179813 -0.0721522123 -0.0159785282 0.9930464029 0.1166343540 0.0745101348 -0.1151423231 0.9905505776
107.7 -526.6 2066.4 0.9934426546 -0.0896635652 -0.0709374845 0.1002024263 0.9815968871 0.1625640839 0.0550559387 -0.1686062068 0.9841446877
-158.5 -221.3 1983.4 0 0 0 0 0 0 0 0 0
211.8 -280.5 1975.0 0 0 0 0 0 0 0 0 0
-101.8 -896.0 2110.6 0 0 0 0 0 0 0 0 0
142.0 -901.6 2130.8 0 0 0 0 0 0 0 0 0
48.1 495.9 2022.6 8 0.9991880059 0.0248639397 0.0317039192 -0.0255535115 0.9994415045 0.0215338562 -0.0311507974 -0.0223265179 0.9992653131
42.9 287.3 2027.2 0.9991880059 0.0248639397 0.0317039192 -0.0255535115 0.9994415045 0.0215338562 -0.0311507974 -0.0223265179 0.9992653131
36.0 88.8 2031.0 0.9988889098 0.0349735878 0.0315869972 -0.0355423726 0.9992126822 0.0176284667 -0.0309455972 -0.0187315568 0.9993455410
-102.9 292.5 2031.7 0.1786231548 -0.9209882617 -0.3462288082 0.9776647091 0.1265277117 0.1678167880 -0.1107497513 -0.3684716523 0.9230185151
-146.9 51.3 2059.1 0.0475747921 -0.9205012321 -0.3878326416 0.9683841467 0.1376942992 -0.2080203891 0.2448853552 -0.3656744361 0.8979495168
188.7 282.1 2022.7 0.0978957266 0.9860377908 0.1347066909 -0.9903287888 0.0831488296 0.1110640019 0.0983126014 -0.1442766041 0.9846414924
215.6 10.5 2049.7 -0.0257191546 0.9867815375 0.1600022167 -0.9723921418 0.0124391932 -0.2330209613 -0.2319310755 -0.1615779996 0.9592186809
-61.8 -111.4 2032.3 0.9929203987 0.0376043320 -0.1126719415 -0.0294790622 0.9969010949 0.0729324371 0.1150653586 -0.0690946430 0.9909520149
