36.4 461.2 2100.7  0.9929269552 0.0438610092 0.1103281677 -0.0370101035 0.9973019958 -0.0633957908 -0.1128110960 0.0588641316 0.9918712974
27.7 264.1 2089.0 0.9929269552 0.0438610092 0.1103281677 -0.0370101035 0.9973019958 -0.0633957908 -0.1128110960 0.0588641316 0.9918712974
18.9 70.5 2077.7 0.9928486347 0.0455461107 0.1103500351 -0.0387568884 0.9972665310 -0.0629078597 -0.1129136011 0.0581811629 0.9918999076
-107.9 269.4 2104.5 0.2291690111 -0.8366104364 -0.4975585639 0.9728015661 0.1791280359 0.1468682885 -0.0337448567 -0.5176833868 0.8549065590
-170.5 3.6 2113.7 -0.0190490428 -0.8363958001 -0.5477948189 0.9501855969 0.1553375870 -0.2702176571 0.3111020327 -0.5256541371 0.7917721868
163.4 258.8 2073.6 0.1676963121 0.6865659952 0.7074638605 -0.9857587218 0.1076388583 0.1292036772 0.0125562493 -0.7190556526 0.6948390603
209.2 -10.6 2077.0 -0.0708821416 0.6892037392 0.7210922241 -0.9638836384 0.1387263387 -0.2273396403 -0.2567178011 -0.7111632824 0.6544789672
-77.5 -122.0 2076.1 0.9969896078 -0.0685542077 0.0362225585 0.0671810806 0.9970223904 0.0378558561 -0.0387098789 -0.0353084244 0.9986264706
-50.9 -509.0 2089.8 0.9956219792 0.0900680721 0.0249927286 -0.0932149068 0.9765322804 0.1941537112 -0.0069191563 -0.1956333965 0.9806526899
100.5 -128.3 2056.4 0.9988319278 0.0374999121 0.0304717589 -0.0399752595 0.9955650568 0.0851595774 -0.0271431431 -0.0862782225 0.9959012866
85.9 -514.8 2089.9 0.9893023372 -0.1423852593 0.0317390524 0.1376922876 0.9832726717 0.1192294061 -0.0481846519 -0.1135837063 0.9923592806
-165.2 -261.7 2026.8 0 0 0 0 0 0 0 0 0
189.8 -274.9 2006.7 0 0 0 0 0 0 0 0 0
-84.5 -873.4 2162.8 0 0 0 0 0 0 0 0 0
139.1 -881.7 2132.3 0 0 0 0 0 0 0 0 0
35.6 460.0 2094.3  0.9935774207 0.0436794050 0.1043837816 -0.0389265008 0.9981292486 -0.0471452437 -0.1062477827 0.0427791588 0.9934189916
27.0 262.8 2085.9 0.9935774207 0.0436794050 0.1043837816 -0.0389265008 0.9981292486 -0.0471452437 -0.1062477827 0.0427791588 0.9934189916
18.1 69.1 2077.2 0.9934908748 0.0458464026 0.1042783484 -0.0408564582 0.9979383349 -0.0494960062 -0.1063325703 0.0449133888 0.9933157563
-108.7 268.4 2100.4 0.2261722237 -0.8340795636 -0.5031475425 0.9730279446 0.1693699807 0.1566217840 -0.0454169363 -0.5250001550 0.8498895168
-169.2 8.3 2112.5 -0.0287667271 -0.8337066770 -0.5514577031 0.9475087523 0.1530048549 -0.2807430327 0.3184330463 -0.5305870771 0.7855429649
162.7 257.2 2071.3 0.1660428047 0.6905363798 0.7039810419 -0.9858688712 0.1001791582 0.1342636645 0.0221897252 -0.7163264751 0.6974123716
207.4 -8.0 2077.3 -0.0741417035 0.6941879988 0.7159651518 -0.9617795944 0.1399941444 -0.2353330106 -0.2635962665 -0.7060486674 0.6572764516
-78.9 -119.6 2076.6 0.9962924719 -0.0801112205 0.0313607901 0.0789919123 0.9962451458 0.0354382545 -0.0340820365 -0.0328296162 0.9988796711
-47.8 -506.4 2089.3 0.9933223724 0.1139088720 0.0183136221 -0.1153000891 0.9745293856 0.1923495382 0.0040631560 -0.1931766719 0.9811555743
99.0 -126.6 2056.3 0.9989073873 0.0400854871 0.0240249522 -0.0420402475 0.9952943325 0.0873032659 -0.0204123035 -0.0882178918 0.9958920479
83.4 -513.0 2090.6 0.9880973697 -0.1517362893 0.0252910983 0.1477298886 0.9818426371 0.1189997643 -0.0428884588 -0.1138471067 0.9925721288
-161.2 -256.3 2023.6 0 0 0 0 0 0 0 0 0
187.1 -271.6 2005.1 0 0 0 0 0 0 0 0 0
-90.3 -870.0 2161.4 0 0 0 0 0 0 0 0 0
140.1 -879.5 2133.1 0 0 0 0 0 0 0 0 0
36.1 458.7 2091.6  0.9937404990 0.0449214540 0.1022832096 -0.0406601913 0.9982312322 -0.0433728918 -0.1040506661 0.0389425457 0.9938092828
27.2 260.8 2083.9 0.9937404990 0.0449214540 0.1022832096 -0.0406601913 0.9982312322 -0.0433728918 -0.1040506661 0.0389425457 0.9938092828
18.0 67.1 2076.2 0.9936469197 0.0470319428 0.1022435501 -0.0426915698 0.9981086254 -0.0442339927 -0.1041305736 0.0395880342 0.9937754273
-108.6 266.6 2098.1 0.2172249854 -0.8338471651 -0.5074566603 0.9752213359 0.1630703658 0.1495037675 -0.0419121459 -0.5273585320 0.8486084938
-166.2 8.0 2109.3 -0.0255987756 -0.8336658478 -0.5516755581 0.9477297068 0.1553345621 -0.2787106335 0.3180458248 -0.5299739838 0.7861135006
162.9 255.0 2069.7 0.1626361609 0.6924895048 0.7028568983 -0.9862522483 0.0929710194 0.1366121918 0.0292571858 -0.7154122591 0.6980897784
206.4 -8.6 2077.5 -0.0677475929 0.6969755292 0.7138875127 -0.9622547626 0.1433905661 -0.2313111871 -0.2635829747 -0.7026124597 0.6609536409
-79.8 -121.0 2078.0 0.9959806800 -0.0843002573 0.0302646030 0.0833778456 0.9960497022 0.0305479541 -0.0327202491 -0.0279017743 0.9990749955
-47.1 -507.6 2088.8 0.9943062067 0.1053629741 0.0159310419 -0.1064447388 0.9750940204 0.1945794374 0.0049672057 -0.1951673180 0.9807573557
98.2 -128.3 2058.9 0.9993813634 0.0277978368 0.0215455592 -0.0293421652 0.9967495799 0.0750284791 -0.0193898976 -0.0756142512 0.9969485998
87.4 -515.2 2088.3 0.9913924336 -0.1288924217 0.0229737237 0.1249800771 0.9839718342 0.1271982044 -0.0390003845 -0.1232320815 0.9916112423
-159.1 -256.6 2020.5 0 0 0 0 0 0 0 0 0
187.8 -272.4 2005.3 0 0 0 0 0 0 0 0 0
-86.4 -871.5 2161.6 0 0 0 0 0 0 0 0 0
135.5 -882.4 2134.2 0 0 0 0 0 0 0 0 0
35.6 458.5 2096.3  0.9940709472 0.0438456014 0.0995014682 -0.0385213718 0.9977532029 -0.0548144169 -0.1016812846 0.0506564863 0.9935264587
27.0 261.3 2086.3 0.9940709472 0.0438456014 0.0995014682 -0.0385213718 0.9977532029 -0.0548144169 -0.1016812846 0.0506564863 0.9935264587
18.3 67.7 2076.4 0.9940273762 0.0448562726 0.0994863510 -0.0395017378 0.9976961613 -0.0551545247 -0.1017311737 0.0508952215 0.9935091734
-108.8 266.7 2100.2 0.2158862650 -0.8326106668 -0.5100516081 0.9759330750 0.1675285399 0.1396025270 -0.0307863504 -0.5279144645 0.8487393260
-167.1 3.5 2108.5 -0.0431624055 -0.8319020867 -0.5532412529 0.9434339404 0.1482724845 -0.2965597212 0.3287391067 -0.5347468257 0.7784448862
162.8 255.9 2072.4 0.1630809903 0.6943614483 0.7009042501 -0.9864604473 0.1022775471 0.1281992048 0.0173298102 -0.7123212218 0.7016396523
206.9 -11.2 2077.1 -0.0678328499 0.6977222562 0.7131496072 -0.9627323747 0.1417982727 -0.2303032726 -0.2618111074 -0.7021943927 0.6621012092
-80.1 -122.8 2077.9 0.9963471293 -0.0812757537 0.0262030810 0.0803996995 0.9962190986 0.0329141058 -0.0287791304 -0.0306871571 0.9991146326
-48.6 -509.6 2089.8 0.9952742457 0.0962988809 0.0124783097 -0.0968704969 0.9757430553 0.1963200122 0.0067297737 -0.1966010332 0.9804604650
97.9 -130.5 2059.2 0.9994567037 0.0270891078 0.0187732223 -0.0283903796 0.9969337583 0.0729182586 -0.0167403687 -0.0734116212 0.9971612096
87.4 -517.5 2087.7 0.9904592633 -0.1362586170 0.0205935389 0.1320331991 0.9811117053 0.1413756311 -0.0394682065 -0.1373077631 0.9897418022
-155.0 -259.8 2016.7 0 0 0 0 0 0 0 0 0
188.3 -275.2 2005.3 0 0 0 0 0 0 0 0 0
-84.5 -873.8 2163.2 0 0 0 0 0 0 0 0 0
138.3 -883.7 2139.0 0 0 0 0 0 0 0 0 0
35.3 459.2 2098.6  0.9938820004 0.0419021249 0.1021896973 -0.0359316655 0.9975764751 -0.0595827103 -0.1044386849 0.0555463396 0.9929789305
27.1 262.2 2087.7 0.9938820004 0.0419021249 0.1021896973 -0.0359316655 0.9975764751 -0.0595827103 -0.1044386849 0.0555463396 0.9929789305
18.8 68.6 2076.7 0.9938629270 0.0424608067 0.1021447703 -0.0363831855 0.9974960685 -0.0606451593 -0.1044640541 0.0565566234 0.9929192066
-108.7 267.2 2101.9 0.2154533118 -0.8337373734 -0.5083913803 0.9762296081 0.1713307798 0.1327461749 -0.0235723574 -0.5249073505 0.8508328795
-167.1 2.4 2108.3 -0.0658027083 -0.8319594860 -0.5509204865 0.9365404248 0.1390285045 -0.3218122721 0.3443284333 -0.5371354222 0.7700152397
162.9 257.2 2073.4 0.1679827124 0.6923462152 0.7017396092 -0.9856901765 0.1078394577 0.1295589656 0.0140244439 -0.7134615183 0.7005540729
208.6 -10.9 2077.2 -0.0740884244 0.6949523687 0.7152287364 -0.9626306891 0.1374980360 -0.2333161086 -0.2604861259 -0.7057871222 0.6587954760
-79.5 -122.4 2075.7 0.9970407486 -0.0713546351 0.0286054090 0.0705621392 0.9971194267 0.0278186537 -0.0305079967 -0.0257178713 0.9992036223
-51.8 -509.5 2085.6 0.9971160293 0.0744661763 0.0146415653 -0.0758711472 0.9735992551 0.2152858824 0.0017764992 -0.2157758772 0.9764413238
98.6 -129.5 2057.4 0.9990910292 0.0368578732 0.0214159247 -0.0384035818 0.9962975383 0.0769178644 -0.0185016040 -0.0776703954 0.9968073964
84.3 -516.3 2087.6 0.9878278375 -0.1537757963 0.0234344844 0.1494026333 0.9798909426 0.1322594732 -0.0433015451 -0.1271484196 0.9909380674
-148.8 -259.0 2012.2 0 0 0 0 0 0 0 0 0
188.3 -274.9 2005.8 0 0 0 0 0 0 0 0 0
-79.6 -872.8 2166.1 0 0 0 0 0 0 0 0 0
141.7 -882.0 2135.0 0 0 0 0 0 0 0 0 0
35.7 456.9 2093.8  0.9939778447 0.0414943025 0.1014211252 -0.0369245522 0.9982343316 -0.0465272851 -0.1031726673 0.0425021611 0.9937549829
27.5 259.8 2085.4 0.9939778447 0.0414943025 0.1014211252 -0.0369245522 0.9982343316 -0.0465272851 -0.1031726673 0.0425021611 0.9937549829
19.2 66.1 2076.3 0.9939448833 0.0427088365 0.1012397930 -0.0377059206 0.9979954958 -0.0508260354 -0.1032075807 0.0467009395 0.9935628772
-108.3 265.0 2099.5 0.2130220979 -0.8335468173 -0.5097267032 0.9765416384 0.1648575515 0.1385221928 -0.0314324349 -0.5272776484 0.8491114974
-165.1 4.5 2107.9 -0.0656609312 -0.8321799040 -0.5506044626 0.9347269535 0.1418339610 -0.3258353770 0.3492480516 -0.5360594988 0.7685480118
163.3 254.7 2071.3 0.1702037901 0.6924105287 0.7011407018 -0.9851756096 0.1040863022 0.1363637447 0.0214405488 -0.7139563560 0.6998618841
209.1 -10.7 2077.1 -0.0676711947 0.6949878335 0.7158299685 -0.9653443694 0.1356477290 -0.2229572982 -0.2520533204 -0.7061102390 0.6617231369
-78.5 -121.8 2075.1 0.9972638488 -0.0680182353 0.0289538149 0.0674539506 0.9975211024 0.0200400669 -0.0302451309 -0.0180321839 0.9993798733
-52.1 -509.0 2082.1 0.9965519905 0.0817743465 0.0140396962 -0.0828140602 0.9699286222 0.2288673818 0.0050979774 -0.2292409241 0.9733563662
99.6 -128.3 2056.4 0.9991935492 0.0348120444 0.0200080108 -0.0361657962 0.9967603087 0.0718396232 -0.0174423065 -0.0725052953 0.9972155094
86.1 -515.3 2084.5 0.9895346761 -0.1425239295 0.0225397684 0.1377860606 0.9796845913 0.1457159966 -0.0428498797 -0.1410853714 0.9890696406
-146.8 -256.4 2010.4 0 0 0 0 0 0 0 0 0
190.6 -275.3 2008.0 0 0 0 0 0 0 0 0 0
-82.6 -871.0 2167.6 0 0 0 0 0 0 0 0 0
139.3 -880.9 2137.2 0 0 0 0 0 0 0 0 0
35.3 458.5 2091.4  0.9942348003 0.0404863581 0.0992875472 -0.0367084667 0.9985415936 -0.0395868421 -0.1007454768 0.0357139222 0.9942710400
27.3 260.9 2084.3 0.9942348003 0.0404863581 0.0992875472 -0.0367084667 0.9985415936 -0.0395868421 -0.1007454768 0.0357139222 0.9942710400
19.3 67.1 2076.5 0.9942108989 0.0415232778 0.0990983173 -0.0372900814 0.9983267784 -0.0441944301 -0.1007676050 0.0402431972 0.9940957427
-108.5 266.0 2098.1 0.2051611692 -0.8330619931 -0.5137282014 0.9782488346 0.1581144929 0.1342723668 -0.0306293238 -0.5301014781 0.8473808169
-163.8 2.5 2106.3 -0.0561234094 -0.8324583769 -0.5512379408 0.9367821813 0.1470845938 -0.3174984753 0.3453828692 -0.5342089534 0.7715772390
163.2 255.8 2070.6 0.1725768596 0.6931965351 0.6997826695 -0.9847013950 0.1040401384 0.1397811323 0.0240903087 -0.7132000327 0.7005465031
210.6 -14.5 2077.2 -0.0737062618 0.6957243681 0.7145172954 -0.9642803669 0.1330645680 -0.2290354073 -0.2544224560 -0.7058763504 0.6610656381
-78.1 -124.2 2076.5 0.9968796968 -0.0739445165 0.0276235938 0.0735777766 0.9971902966 0.0140661504 -0.0285860933 -0.0119897779 0.9995194077
-49.4 -511.4 2081.2 0.9947160482 0.1020737812 0.0109981671 -0.1018706933 0.9680473208 0.2291434705 0.0127427932 -0.2290530652 0.9733304977
100.0 -131.0 2058.0 0.9990578294 0.0397815779 0.0173459258 -0.0408760943 0.9968388081 0.0681290850 -0.0145808086 -0.0687739328 0.9975256920
84.5 -518.0 2084.7 0.9879450798 -0.1534340978 0.0205547269 0.1486920267 0.9774757028 0.1497729719 -0.0430720262 -0.1449111551 0.9885067344
-148.1 -259.1 2009.9 0 0 0 0 0 0 0 0 0
190.3 -278.9 2007.4 0 0 0 0 0 0 0 0 0
-87.5 -872.6 2166.7 0 0 0 0 0 0 0 0 0
141.8 -882.8 2138.8 0 0 0 0 0 0 0 0 0
36.4 456.8 2091.7  0.9938537478 0.0432097763 0.1019195169 -0.0389961600 0.9983146191 -0.0429796912 -0.1036048830 0.0387410596 0.9938637614
27.8 259.4 2084.0 0.9938537478 0.0432097763 0.1019195169 -0.0389961600 0.9983146191 -0.0429796912 -0.1036048830 0.0387410596 0.9938637614
19.2 65.7 2075.8 0.9938239455 0.0442866497 0.1017479971 -0.0396767668 0.9981116056 -0.0468932837 -0.1036325991 0.0425666384 0.9937043786
-108.0 264.8 2098.2 0.2078118920 -0.8343303204 -0.5105949044 0.9776756763 0.1605912000 0.1355017871 -0.0310561992 -0.5273551345 0.8490772247
-163.4 4.2 2106.5 -0.0482587181 -0.8337239623 -0.5500686169 0.9407549500 0.1471143961 -0.3055117428 0.3356354535 -0.5322234035 0.7772303820
163.6 254.0 2069.9 0.1708133221 0.6919710636 0.7014262676 -0.9849599600 0.1011240855 0.1400993019 0.0260135792 -0.7148076296 0.6988371611
210.0 -13.7 2076.9 -0.0766039416 0.6947486997 0.7151616216 -0.9639352560 0.1317479461 -0.2312385738 -0.2548737824 -0.7070832849 0.6596003175
-77.9 -123.3 2077.7 0.9973900914 -0.0653109848 0.0307819545 0.0651376098 0.9978544712 0.0066028205 -0.0311471466 -0.0045805243 0.9995043278
-52.5 -510.7 2079.5 0.9970656633 0.0750020593 0.0153219998 -0.0765124112 0.9700319171 0.2306163758 0.0024338739 -0.2311119884 0.9729241133
100.3 -130.0 2059.7 0.9993056655 0.0311174188 0.0204913709 -0.0324948914 0.9969662428 0.0707280040 -0.0182283316 -0.0713447556 0.9972851276
88.2 -517.0 2087.4 0.9904370904 -0.1361679435 0.0221963357 0.1323336363 0.9831299782 0.1262663901 -0.0390153192 -0.1221215948 0.9917480350
-149.9 -258.5 2012.7 0 0 0 0 0 0 0 0 0
189.0 -278.0 2007.1 0 0 0 0 0 0 0 0 0
-80.5 -872.6 2165.7 0 0 0 0 0 0 0 0 0
139.0 -883.9 2132.9 0 0 0 0 0 0 0 0 0
36.6 455.3 2089.8  0.9940692186 0.0419425145 0.1003356352 -0.0381720066 0.9985016584 -0.0392089337 -0.1018298194 0.0351463780 0.9941807985
28.3 258.0 2082.9 0.9940692186 0.0419425145 0.1003356352 -0.0381720066 0.9985016584 -0.0392089337 -0.1018298194 0.0351463780 0.9941807985
19.8 64.2 2075.1 0.9940101504 0.0438212790 0.1001175940 -0.0395471156 0.9982358813 -0.0442853048 -0.1018816158 0.0400606804 0.9939895868
-107.5 263.4 2096.8 0.2094050646 -0.8334570527 -0.5113695860 0.9771705270 0.1591785550 0.1407122463 -0.0358785503 -0.5291611552 0.8477624655
-163.2 3.6 2106.3 -0.0394459255 -0.8332374692 -0.5515064597 0.9416853786 0.1535872519 -0.2993986607 0.3341745436 -0.5311556458 0.7785891294
164.1 252.6 2069.0 0.1640991569 0.6940578222 0.7009673119 -0.9859969020 0.0940179303 0.1377344728 0.0296921954 -0.7137537003 0.6997671127
208.5 -14.3 2077.0 -0.0720838159 0.6976501942 0.7128030062 -0.9641864300 0.1341459453 -0.2287997901 -0.2552418411 -0.7037677765 0.6629951000
-78.4 -124.5 2076.8 0.9970573187 -0.0708295405 0.0293245707 0.0706766173 0.9974799156 0.0062204036 -0.0296912584 -0.0041295374 0.9995505810
-50.9 -511.8 2078.4 0.9967559576 0.0796305016 0.0116863549 -0.0800824687 0.9668023586 0.2426521182 0.0080241151 -0.2428008169 0.9700430036
99.7 -131.6 2058.2 0.9993171096 0.0318390578 0.0187503975 -0.0331026725 0.9968940020 0.0714598522 -0.0164169446 -0.0720317438 0.9972672462
87.3 -518.7 2086.2 0.9910582304 -0.1318222731 0.0206500851 0.1279976666 0.9829654098 0.1318923086 -0.0376846641 -0.1280698031 0.9910489321
-152.2 -259.3 2013.0 0 0 0 0 0 0 0 0 0
188.8 -278.6 2007.0 0 0 0 0 0 0 0 0 0
-80.6 -872.6 2169.0 0 0 0 0 0 0 0 0 0
136.5 -885.5 2134.0 0 0 0 0 0 0 0 0 0
36.1 458.4 2089.4  0.9948142171 0.0398465768 0.0935784653 -0.0365784317 0.9986681938 -0.0363840759 -0.0949036181 0.0327724405 0.9949468970
28.2 260.9 2082.9 0.9948142171 0.0398465768 0.0935784653 -0.0365784317 0.9986681938 -0.0363840759 -0.0949036181 0.0327724405 0.9949468970
20.1 67.1 2075.6 0.9947571754 0.0417204797 0.0933680981 -0.0379754454 0.9984151125 -0.0415346399 -0.0949529633 0.0377711840 0.9947649240
-107.7 266.1 2095.9 0.2056305259 -0.8302979469 -0.5179974437 0.9779956937 0.1552998275 0.1393069178 -0.0352213271 -0.5352450013 0.8439621925
-163.3 1.9 2105.4 -0.0400683247 -0.8302715421 -0.5559169650 0.9416715503 0.1546750069 -0.2988818288 0.3341395259 -0.5354668498 0.7756455541
164.1 255.7 2069.9 0.1623540819 0.6981074810 0.6973428726 -0.9864340425 0.0974467546 0.1321061552 0.0242705010 -0.7093306780 0.7044578791
208.8 -16.0 2076.6 -0.0623862743 0.7012221217 0.7102080584 -0.9658752680 0.1368122548 -0.2199258804 -0.2513820529 -0.6996927261 0.6687579155
-77.8 -126.0 2076.5 0.9970335364 -0.0737204403 0.0221224502 0.0734391734 0.9972113967 0.0132690528 -0.0230389610 -0.0116050364 0.9996672273
-49.2 -513.1 2081.0 0.9954478741 0.0951161459 0.0060408902 -0.0940518826 0.9700996876 0.2237427086 0.0154212778 -0.2232923657 0.9746295214
100.3 -133.1 2058.2 0.9993888140 0.0328819640 0.0118655767 -0.0337008648 0.9964529872 0.0771083236 -0.0092880167 -0.0774610713 0.9969521165
87.6 -519.9 2088.3 0.9897026420 -0.1425534487 0.0129318340 0.1403042525 0.9840269685 0.1095704064 -0.0283449125 -0.1066277251 0.9938949347
-152.1 -261.0 2012.1 0 0 0 0 0 0 0 0 0
191.7 -280.8 2007.7 0 0 0 0 0 0 0 0 0
-84.6 -875.1 2164.3 0 0 0 0 0 0 0 0 0
140.8 -887.1 2128.1 0 0 0 0 0 0 0 0 0
36.5 457.2 2090.7  0.9934678078 0.0413271524 0.1063662246 -0.0369455405 0.9983986020 -0.0428403541 -0.1079663560 0.0386307575 0.9934037328
28.3 259.8 2083.0 0.9934678078 0.0413271524 0.1063662246 -0.0369455405 0.9983986020 -0.0428403541 -0.1079663560 0.0386307575 0.9934037328
20.2 66.0 2074.8 0.9934704900 0.0416648462 0.1062094718 -0.0368814133 0.9982320070 -0.0466115475 -0.1079637557 0.0423900411 0.9932506680
-107.4 264.8 2097.8 0.2100834101 -0.8351103663 -0.5083853006 0.9774264693 0.1674779952 0.1287969351 -0.0224163029 -0.5239673257 0.8514433503
-163.5 4.0 2103.8 -0.0562420860 -0.8338537216 -0.5491127372 0.9401164651 0.1409580410 -0.3103415370 0.3361813128 -0.5336841941 0.7759918571
164.0 254.8 2068.3 0.1667410135 0.6900437474 0.7042990327 -0.9855228066 0.0943978950 0.1408327967 0.0306964386 -0.7175853252 0.6957938075
209.3 -13.0 2076.6 -0.0604505017 0.6932433248 0.7181639671 -0.9677072763 0.1356920153 -0.2124389112 -0.2447209507 -0.7078145146 0.6626539230
-77.1 -123.3 2076.8 0.9966355562 -0.0741885230 0.0348373353 0.0738697648 0.9972141981 0.0103514362 -0.0355082415 -0.0077431835 0.9993394017
-48.3 -510.5 2079.8 0.9956451058 0.0915192217 0.0177503526 -0.0931511298 0.9690966606 0.2284174114 0.0037027765 -0.2290761471 0.9734014869
101.1 -130.1 2059.7 0.9990056157 0.0371687785 0.0246222317 -0.0388193801 0.9967667460 0.0703501850 -0.0219277907 -0.0712360516 0.9972184300
86.7 -517.1 2087.4 0.9900768995 -0.1380483955 0.0262758564 0.1341729015 0.9842275977 0.1152980402 -0.0417781323 -0.1106284186 0.9929833412
-147.8 -258.4 2009.9 0 0 0 0 0 0 0 0 0
192.8 -278.3 2009.5 0 0 0 0 0 0 0 0 0
-82.5 -872.2 2165.3 0 0 0 0 0 0 0 0 0
138.2 -884.5 2128.7 0 0 0 0 0 0 0 0 0
36.8 457.5 2089.8  0.9935130477 0.0405694395 0.1062354296 -0.0361509584 0.9984124899 -0.0431926250 -0.1078190804 0.0390719250 0.9934024811
28.8 259.9 2082.1 0.9935130477 0.0405694395 0.1062354296 -0.0361509584 0.9984124899 -0.0431926250 -0.1078190804 0.0390719250 0.9934024811
20.4 66.2 2073.9 0.9934290648 0.0429291725 0.1060934588 -0.0381593965 0.9981850982 -0.0465873033 -0.1079008654 0.0422327146 0.9932641983
-107.0 265.1 2096.8 0.2094663978 -0.8352105618 -0.5084753036 0.9775549769 0.1668588221 0.1286250353 -0.0225854032 -0.5240051746 0.8514155746
-163.1 3.1 2102.9 -0.0655672625 -0.8335661292 -0.5485147834 0.9370023608 0.1375832707 -0.3210878372 0.3431144059 -0.5350124836 0.7720324397
164.5 254.7 2067.4 0.1690192521 0.6899455190 0.7038519979 -0.9850869179 0.0949298590 0.1434992403 0.0321900919 -0.7176095247 0.6957013011
210.7 -14.6 2076.2 -0.0680415854 0.6932905316 0.7174388766 -0.9658716917 0.1343648285 -0.2214450687 -0.2499243319 -0.7080214024 0.6604873538
-76.9 -124.5 2076.3 0.9966136813 -0.0748553723 0.0340275094 0.0741762519 0.9970281720 0.0208022352 -0.0354835428 -0.0182077605 0.9992043972
-47.8 -511.5 2083.3 0.9944105148 0.1038671061 0.0189574808 -0.1055191606 0.9714180231 0.2126327604 0.0036699106 -0.2134446204 0.9769482613
101.1 -131.1 2056.9 0.9987244010 0.0439855345 0.0247962344 -0.0457100347 0.9962171316 0.0739057660 -0.0214516483 -0.0749449283 0.9969568849
84.0 -517.8 2086.0 0.9879648089 -0.1522545367 0.0272784978 0.1474679112 0.9803625941 0.1309289187 -0.0466773398 -0.1253304482 0.9910163879
-144.8 -258.5 2007.1 0 0 0 0 0 0 0 0 0
192.0 -279.4 2007.6 0 0 0 0 0 0 0 0 0
-86.6 -874.0 2163.0 0 0 0 0 0 0 0 0 0
140.9 -883.7 2132.8 0 0 0 0 0 0 0 0 0
38.3 457.3 2089.9  0.9934417605 0.0408710763 0.1067848578 -0.0364388116 0.9984045625 -0.0431337468 -0.1083774120 0.0389597528 0.9933460951
30.2 259.7 2082.2 0.9934417605 0.0408710763 0.1067848578 -0.0364388116 0.9984045625 -0.0431337468 -0.1083774120 0.0389597528 0.9933460951
21.6 66.0 2073.9 0.9933162332 0.0442353189 0.1066121534 -0.0393844061 0.9981094003 -0.0471852571 -0.1084978506 0.0426710248 0.9931804538
-105.6 265.1 2097.0 0.2144474387 -0.8346691132 -0.5072866678 0.9764691591 0.1710770130 0.1313036680 -0.0228100326 -0.5235074759 0.8517156839
-163.0 3.7 2103.1 -0.0821708664 -0.8318516016 -0.5488814712 0.9326087236 0.1300127208 -0.3366565704 0.3514098823 -0.5395550132 0.7651088238
165.9 254.3 2067.4 0.1661375016 0.6895058155 0.7049680948 -0.9856812358 0.0952210948 0.1391596645 0.0288235638 -0.7179934978 0.6954527497
211.3 -15.3 2075.2 -0.0786688328 0.6926224828 0.7169974446 -0.9646801949 0.1284869760 -0.2299635112 -0.2514027357 -0.7097641826 0.6580512524
-76.9 -124.2 2075.4 0.9967761636 -0.0721549541 0.0350847133 0.0716964602 0.9973260164 0.0141567867 -0.0360123813 -0.0115956981 0.9992840886
-48.9 -511.4 2079.9 0.9953260422 0.0947753787 0.0185375940 -0.0964910313 0.9681801200 0.2309041172 0.0039362940 -0.2316136062 0.9727998972
101.1 -131.0 2056.0 0.9989415407 0.0381679200 0.0256709270 -0.0400694087 0.9961347580 0.0781664252 -0.0225882512 -0.0791123062 0.9966097474
86.3 -517.7 2086.7 0.9906338453 -0.1337557882 0.0274576005 0.1293327659 0.9836316705 0.1254664361 -0.0437900275 -0.1207401305 0.9917178154
-140.0 -256.7 2005.0 0 0 0 0 0 0 0 0 0
189.8 -279.8 2006.3 0 0 0 0 0 0 0 0 0
-84.3 -872.7 2166.3 0 0 0 0 0 0 0 0 0
136.2 -884.8 2131.8 0 0 0 0 0 0 0 0 0
39.4 458.2 2089.4  0.9951571226 0.0421159640 0.0888172314 -0.0384268574 0.9983424544 -0.0428452343 -0.0904744789 0.0392247736 0.9951260090
31.1 260.7 2081.7 0.9951571226 0.0421159640 0.0888172314 -0.0384268574 0.9983424544 -0.0428452343 -0.0904744789 0.0392247736 0.9951260090
22.3 66.9 2073.6 0.9950378537 0.0450608917 0.0887087137 -0.0411593802 0.9981237650 -0.0453304872 -0.0905849040 0.0414543524 0.9950255752
-104.8 266.3 2094.0 0.2162061036 -0.8261570334 -0.5203071237 0.9758312106 0.1655185074 0.1426780224 -0.0317539982 -0.5385798216 0.8419759274
-162.9 4.2 2102.6 -0.0905388594 -0.8233280778 -0.5602977872 0.9305363894 0.1305155158 -0.3421516120 0.3548305929 -0.5523554683 0.7543200254
167.0 255.1 2069.3 0.1752228588 0.6996598244 0.6926565766 -0.9842814803 0.1087236032 0.1391729861 0.0220656358 -0.7061553001 0.7077130675
214.9 -13.7 2075.3 -0.0965894014 0.7002925873 0.7072911859 -0.9626376629 0.1148892120 -0.2452125400 -0.2529806495 -0.7045500278 0.6630309224
-76.0 -124.3 2075.3 0.9983099699 -0.0555244610 0.0171525795 0.0552407131 0.9983351231 0.0165961552 -0.0180455148 -0.0156205855 0.9997151494
-54.5 -511.8 2081.4 0.9969358444 0.0780627429 0.0050129243 -0.0771535784 0.9707152843 0.2275063992 0.0128936507 -0.2271960378 0.9737637043
102.0 -131.3 2055.9 0.9991470575 0.0405770503 0.0076596043 -0.0410324708 0.9964275956 0.0738135278 -0.0046371059 -0.0740648583 0.9972426295
86.2 -518.2 2084.7 0.9914138317 -0.1303445101 0.0104388734 0.1275510937 0.9815658927 0.1423343718 -0.0287989471 -0.1397807747 0.9897635579
-137.6 -255.6 2003.5 0 0 0 0 0 0 0 0 0
188.4 -277.6 2006.0 0 0 0 0 0 0 0 0 0
-83.6 -874.1 2166.2 0 0 0 0 0 0 0 0 0
134.9 -884.5 2136.8 0 0 0 0 0 0 0 0 0
39.0 458.5 2089.7  0.9954943657 0.0399930440 0.0859739482 -0.0364510715 0.9984363317 -0.0423811227 -0.0875344649 0.0390563272 0.9953955412
31.1 261.0 2082.0 0.9954943657 0.0399930440 0.0859739482 -0.0364510715 0.9984363317 -0.0423811227 -0.0875344649 0.0390563272 0.9953955412
22.7 67.3 2073.7 0.9953794479 0.0430718921 0.0858173594 -0.0392139927 0.9981647730 -0.0461450443 -0.0876474157 0.0425665863 0.9952417016
-104.9 266.4 2093.9 0.2228720337 -0.8235751987 -0.5215860605 0.9742967486 0.1701958030 0.1475777179 -0.0327695906 -0.5410705209 0.8403385282
-165.1 3.1 2102.8 -0.1027192101 -0.8196383119 -0.5635971427 0.9270246625 0.1265523285 -0.3530010283 0.3606577218 -0.5587284565 0.7468256354
167.0 255.7 2070.0 0.1817602813 0.7000808120 0.6905432940 -0.9832323194 0.1188570783 0.1383012682 0.0147460997 -0.7041021585 0.7099455595
216.5 -12.0 2074.0 -0.0999926701 0.6988115907 0.7082822919 -0.9647645950 0.1060234085 -0.2408076227 -0.2433736622 -0.7074046731 0.6635871530
-75.5 -123.1 2073.7 0.9979714155 -0.0620616972 0.0141927022 0.0618540794 0.9979780316 0.0146277370 -0.0150718270 -0.0137201874 0.9997922778
-51.5 -510.5 2079.0 0.9961627126 0.0875205621 0.0001515856 -0.0851169974 0.9683992267 0.2344313711 0.0203707702 -0.2335446924 0.9721326828
102.7 -130.5 2057.5 0.9991844296 0.0401683152 0.0041205874 -0.0403471105 0.9972425103 0.0622859411 -0.0016073034 -0.0624013990 0.9980498552
87.1 -517.6 2081.7 0.9917989373 -0.1275851279 0.0075461268 0.1250897348 0.9811233282 0.1474774778 -0.0262196139 -0.1453240663 0.9890366197
-136.5 -255.7 2002.1 0 0 0 0 0 0 0 0 0
189.1 -276.5 2007.3 0 0 0 0 0 0 0 0 0
-84.1 -872.0 2166.2 0 0 0 0 0 0 0 0 0
134.8 -883.8 2135.9 0 0 0 0 0 0 0 0 0
38.7 458.2 2088.8  0.9959256053 0.0391172469 0.0812532157 -0.0359747224 0.9985603690 -0.0397865698 -0.0826925859 0.0367013998 0.9958990812
30.9 259.5 2081.5 0.9959256053 0.0391172469 0.0812532157 -0.0359747224 0.9985603690 -0.0397865698 -0.0826925859 0.0367013998 0.9958990812
22.9 65.7 2073.3 0.9958477020 0.0415013619 0.0810245201 -0.0379033573 0.9982472062 -0.0454510525 -0.0827687830 0.0421912260 0.9956752658
-105.1 264.7 2092.8 0.2224957198 -0.8212805390 -0.5253512263 0.9743213058 0.1682162136 0.1496705711 -0.0345489420 -0.5451619625 0.8376185298
-165.0 2.3 2102.1 -0.0935282931 -0.8182572722 -0.5671926141 0.9296864271 0.1320858598 -0.3438553214 0.3562802374 -0.5594714880 0.7483689189
167.0 254.3 2070.2 0.1885968745 0.7027438879 0.6859899759 -0.9819009304 0.1225803718 0.1443765163 0.0173708089 -0.7008031607 0.7131431699
217.2 -7.2 2074.9 -0.0961340964 0.7010727525 0.7065799832 -0.9662974477 0.1045752168 -0.2352302223 -0.2388042510 -0.7053800821 0.6673915386
-74.8 -123.0 2073.3 0.9977785349 -0.0659936965 0.0090989079 0.0658196211 0.9976643920 0.0182614177 -0.0102827959 -0.0176219642 0.9997918606
-49.2 -510.3 2080.1 0.9951527119 0.0982022807 -0.0052291495 -0.0943379775 0.9683073759 0.2312598974 0.0277736727 -0.2296456099 0.9728779793
103.5 -130.0 2057.6 0.9991814494 0.0404419489 -0.0009683711 -0.0403128378 0.9974156022 0.0594727919 0.0033710641 -0.0593850687 0.9982294440
87.8 -517.3 2080.7 0.9922378063 -0.1243235096 0.0027939256 0.1224601790 0.9807800651 0.1519012451 -0.0216251221 -0.1503800154 0.9883916974
-138.9 -257.2 2002.7 0 0 0 0 0 0 0 0 0
190.9 -272.1 2009.4 0 0 0 0 0 0 0 0 0
-85.9 -871.7 2165.9 0 0 0 0 0 0 0 0 0
134.2 -883.3 2136.8 0 0 0 0 0 0 0 0 0
38.5 457.3 2088.9  0.9961282015 0.0383241102 0.0791196898 -0.0350971259 0.9985101223 -0.0417819470 -0.0806030631 0.0388433039 0.9959891438
30.9 259.4 2081.2 0.9961282015 0.0383241102 0.0791196898 -0.0350971259 0.9985101223 -0.0417819470 -0.0806030631 0.0388433039 0.9959891438
23.0 65.6 2072.9 0.9960502982 0.0406236313 0.0789523274 -0.0370660760 0.9982528687 -0.0460148454 -0.0806836784 0.0429066494 0.9958158135
-105.2 264.5 2092.2 0.2183679491 -0.8210449219 -0.5274473429 0.9752515554 0.1644229889 0.1478157640 -0.0346389189 -0.5466720462 0.8366300464
-163.9 2.2 2101.5 -0.0908274949 -0.8185839057 -0.5671603084 0.9292512536 0.1351305097 -0.3438485265 0.3581095040 -0.5582653284 0.7483965755
167.0 254.3 2070.2 0.1886823922 0.7034758329 0.6852158308 -0.9819706082 0.1269686520 0.1400451958 0.0115174912 -0.6992858648 0.7147493362
217.7 -9.5 2073.3 -0.0980617106 0.7011783123 0.7062101960 -0.9664931893 0.1020559072 -0.2355323732 -0.2372231185 -0.7056440711 0.6676763296
-74.4 -124.7 2072.6 0.9978366494 -0.0654763356 0.0059019690 0.0652416423 0.9972995520 0.0337205231 -0.0080939280 -0.0332625173 0.9994138479
-49.0 -511.8 2085.5 0.9944006801 0.1055595577 -0.0049448200 -0.1025169343 0.9749782681 0.1972502321 0.0256427396 -0.1956388354 0.9803407192
104.0 -131.5 2057.7 0.9991981387 0.0399519801 -0.0026258815 -0.0396627188 0.9966577291 0.0714163706 0.0054703304 -0.0712549537 0.9974431396
88.5 -518.4 2085.4 0.9930559993 -0.1176420227 -0.0003117419 0.1167002618 0.9847646952 0.1289167851 -0.0148590393 -0.1280579716 0.9916553497
-138.5 -257.2 2001.5 0 0 0 0 0 0 0 0 0
190.8 -274.5 2008.2 0 0 0 0 0 0 0 0 0
-88.4 -875.5 2158.5 0 0 0 0 0 0 0 0 0
132.4 -885.9 2133.2 0 0 0 0 0 0 0 0 0
39.4 457.7 2089.4  0.9965476990 0.0379465744 0.0738425106 -0.0348563045 0.9984797835 -0.0426979028 -0.0753504932 0.0399766229 0.9963554740
31.9 260.0 2081.5 0.9965476990 0.0379465744 0.0738425106 -0.0348563045 0.9984797835 -0.0426979028 -0.0753504932 0.0399766229 0.9963554740
24.1 66.2 2072.8 0.9964782596 0.0401019119 0.0736405030 -0.0366331525 0.9981817603 -0.0478657447 -0.0754261166 0.0449994877 0.9961355329
-104.2 265.0 2091.8 0.2196476460 -0.8183650970 -0.5310682058 0.9749317169 0.1642988324 0.1500466913 -0.0355390869 -0.5507127047 0.8339379430
-163.3 2.7 2101.4 -0.1025957838 -0.8152496815 -0.5699492097 0.9255571961 0.1316848248 -0.3549689651 0.3644419909 -0.5639389157 0.7410498857
168.1 255.0 2071.2 0.1859197021 0.7076603770 0.6816529036 -0.9824997187 0.1258988231 0.1372728795 0.0113232741 -0.6952455044 0.7186831236
217.7 -7.5 2074.2 -0.1026103422 0.7052329779 0.7015109658 -0.9648836255 0.1008694619 -0.2425386310 -0.2418072671 -0.7017633915 0.6701174378
-74.1 -124.8 2071.8 0.9983664751 -0.0571297742 0.0007882675 0.0570854843 0.9979780912 0.0279461090 -0.0023832286 -0.0278554577 0.9996091127
-51.9 -512.2 2082.6 0.9956794381 0.0923450664 -0.0097370818 -0.0882213786 0.9734756947 0.2110971510 0.0289725941 -0.2093260735 0.9774165750
104.4 -131.5 2057.3 0.9992095232 0.0389464237 -0.0079697538 -0.0382969193 0.9968265295 0.0697866008 0.0106624011 -0.0694262236 0.9975301027
89.3 -518.5 2084.3 0.9938854575 -0.1102857292 -0.0053606397 0.1099875867 0.9845901132 0.1359596848 -0.0097163795 -0.1357179582 0.9906998873
-134.7 -255.8 1999.6 0 0 0 0 0 0 0 0 0
189.6 -272.0 2007.9 0 0 0 0 0 0 0 0 0
-86.4 -875.5 2160.7 0 0 0 0 0 0 0 0 0
130.4 -885.9 2134.9 0 0 0 0 0 0 0 0 0
40.6 457.0 2089.7  0.9964846373 0.0384954773 0.0744071081 -0.0350668356 0.9982862473 -0.0468495935 -0.0760830864 0.0440756828 0.9961268306
32.9 259.5 2081.0 0.9964846373 0.0384954773 0.0744071081 -0.0350668356 0.9982862473 -0.0468495935 -0.0760830864 0.0440756828 0.9961268306
25.0 65.8 2072.0 0.9964019060 0.0407381952 0.0743208677 -0.0371513441 0.9981064796 -0.0490224212 -0.0761772245 0.0460849144 0.9960287213
-103.2 264.6 2091.4 0.2283209413 -0.7700608373 -0.5957146287 0.9728152156 0.1561063230 0.1710596234 -0.0387315042 -0.6185767055 0.7847692370
-164.7 2.7 2101.8 -0.1092224196 -0.7700608373 -0.6285513639 0.9230260849 0.1561063230 -0.3516443074 0.3689083457 -0.6185767055 0.6937358975
169.1 254.5 2070.6 0.1870098114 0.7074012756 0.6816236377 -0.9822707176 0.1254021525 0.1393505484 0.0130996872 -0.6955988407 0.7183109522
218.9 -7.2 2074.1 -0.0996951908 0.7050539851 0.7021109462 -0.9660649300 0.1003946364 -0.2379904091 -0.2382842600 -0.7020112276 0.6711190939
-72.9 -124.3 2070.8 0.9988878369 -0.0471340828 0.0012280737 0.0470696427 0.9983662367 0.0323935859 -0.0027529094 -0.0322997533 0.9994744062
-54.6 -511.8 2083.3 0.9968270063 0.0791613311 -0.0083287051 -0.0750337765 0.9694302082 0.2336129695 0.0265672132 -0.2322467864 0.9722939730
105.6 -130.8 2057.3 0.9988604188 0.0471647345 -0.0073061646 -0.0465748981 0.9966901541 0.0666297227 0.0104245553 -0.0662135109 0.9977509975
87.3 -517.8 2083.0 0.9916266203 -0.1291075051 -0.0028128584 0.1278802305 0.9787015915 0.1605920643 -0.0179806929 -0.1596070826 0.9870168567
-134.2 -255.0 1998.8 0 0 0 0 0 0 0 0 0
191.6 -272.1 2008.7 0 0 0 0 0 0 0 0 0
-84.2 -873.5 2170.0 0 0 0 0 0 0 0 0 0
135.5 -882.9 2142.5 0 0 0 0 0 0 0 0 0
39.8 458.1 2090.3  0.9967423677 0.0349789634 0.0726712123 -0.0315582044 0.9983631372 -0.0476984978 -0.0742207021 0.0452497415 0.9962146878
32.9 260.7 2081.4 0.9967423677 0.0349789634 0.0726712123 -0.0315582044 0.9983631372 -0.0476984978 -0.0742207021 0.0452497415 0.9962146878
25.9 66.9 2072.0 0.9967042804 0.0362809524 0.0725555345 -0.0326261073 0.9981687069 -0.0509393364 -0.0742707923 0.0484042466 0.9960626960
-103.3 265.2 2091.5 0.2293718457 -0.7638269663 -0.6032884121 0.9726504087 0.1565634608 0.1715783179 -0.0366032235 -0.6261439323 0.7788478732
-165.2 2.3 2101.4 -0.1127065644 -0.7638269663 -0.6355041862 0.9228709340 0.1565634608 -0.3518482149 0.3682478964 -0.6261439323 0.6872679591
169.1 256.2 2071.2 0.1873225421 0.7085577846 0.6803353429 -0.9822514653 0.1283397824 0.1367879808 0.0096081020 -0.6938838363 0.7200228572
219.5 -8.1 2073.8 -0.0984100476 0.7057172656 0.7016257048 -0.9676432014 0.0967504978 -0.2330363691 -0.2323404253 -0.7018564939 0.6733613014
-72.1 -124.6 2069.9 0.9984738231 -0.0552098304 -0.0013687392 0.0552212298 0.9977147579 0.0389338173 -0.0007839181 -0.0389499813 0.9992408752
-50.7 -511.9 2085.0 0.9948368669 0.1008620113 -0.0112453718 -0.0960302874 0.9713947177 0.2171875685 0.0328296684 -0.2149862945 0.9760650992
106.4 -131.3 2056.3 0.9986383319 0.0513588339 -0.0091529777 -0.0505518280 0.9960226417 0.0733719170 0.0128848692 -0.0728093088 0.9972626567
86.5 -518.0 2084.5 0.9898651242 -0.1418859214 -0.0059548765 0.1413864493 0.9807183743 0.1349124461 -0.0133021194 -0.1343870610 0.9908396006
-133.8 -255.4 1998.6 0 0 0 0 0 0 0 0 0
192.5 -273.4 2010.1 0 0 0 0 0 0 0 0 0
-88.3 -874.3 2165.2 0 0 0 0 0 0 0 0 0
139.4 -883.8 2134.7 0 0 0 0 0 0 0 0 0
40.5 458.9 2090.2  0.9967883825 0.0392141193 0.0698220730 -0.0360195339 0.9982715249 -0.0464392453 -0.0715224594 0.0437751412 0.9964779615
32.7 260.7 2081.5 0.9967883825 0.0392141193 0.0698220730 -0.0360195339 0.9982715249 -0.0464392453 -0.0715224594 0.0437751412 0.9964779615
25.9 66.9 2071.9 0.9969487786 0.0352724232 0.0696345270 -0.0317208804 0.9981708527 -0.0514659770 -0.0713224858 0.0491000749 0.9962440729
-103.5 265.0 2091.2 0.2301166058 -0.7671568990 -0.5987626314 0.9721708298 0.1534419060 0.1770294905 -0.0439341106 -0.6228369474 0.7811170816
-165.7 2.3 2103.1 -0.1172052249 -0.7671568990 -0.6306609511 0.9210926294 0.1534419060 -0.3578323424 0.3712833524 -0.6228369474 0.6886383295
168.9 256.3 2071.7 0.1905847341 0.7102296948 0.6776807904 -0.9816192389 0.1308086812 0.1389701962 0.0100542260 -0.6917101145 0.7221052647
219.9 -6.1 2074.4 -0.0853712633 0.7080566883 0.7009760737 -0.9696263075 0.1028073654 -0.2219357789 -0.2292086184 -0.6986317635 0.6777735949
-70.5 -123.9 2069.3 0.9986738563 -0.0513089076 -0.0042348262 0.0514276512 0.9980383515 0.0357022285 0.0023946769 -0.0358726680 0.9993535280
-50.5 -511.4 2083.2 0.9956700802 0.0919779241 -0.0134598799 -0.0869219303 0.9725352526 0.2159161717 0.0329497308 -0.2138113081 0.9763191342
108.1 -129.7 2055.9 0.9984501600 0.0543651097 -0.0119062411 -0.0532750487 0.9955246449 0.0780537874 0.0160963591 -0.0772985071 0.9968780279
87.0 -516.2 2086.0 0.9903996587 -0.1379282922 -0.0091793993 0.1379664689 0.9821805954 0.1276186258 -0.0085863899 -0.1276598871 0.9917808175
-132.9 -254.9 1999.4 0 0 0 0 0 0 0 0 0
196.5 -271.9 2011.6 0 0 0 0 0 0 0 0 0
-84.9 -874.3 2163.0 0 0 0 0 0 0 0 0 0
138.5 -882.8 2133.6 0 0 0 0 0 0 0 0 0
41.2 458.9 2089.6  0.9968048334 0.0398697034 0.0692137480 -0.0369014852 0.9983652830 -0.0436466932 -0.0708407834 0.0409531444 0.9966465831
33.3 260.1 2081.4 0.9968048334 0.0398697034 0.0692137480 -0.0369014852 0.9983652830 -0.0436466932 -0.0708407834 0.0409531444 0.9966465831
26.0 66.3 2072.2 0.9969089031 0.0376245417 0.0689709559 -0.0342196003 0.9981677532 -0.0499018468 -0.0707221180 0.0473874360 0.9963698387
-102.9 264.8 2091.1 0.2304483950 -0.7660860419 -0.6000047326 0.9721913338 0.1548465639 0.1756888330 -0.0416840948 -0.6238065958 0.7804663777
-165.2 2.0 2102.3 -0.1120022759 -0.7660860419 -0.6329041123 0.9235347509 0.1548465639 -0.3508648276 0.3667956889 -0.6238065958 0.6901639104
169.5 255.4 2071.7 0.1901748776 0.7105698586 0.6774393320 -0.9816854000 0.1297048479 0.1395365596 0.0112833083 -0.6915686131 0.7222226262
220.1 -5.8 2074.7 -0.0787597448 0.7090129256 0.7007835507 -0.9697406888 0.1084609106 -0.2187218964 -0.2310842723 -0.6968048215 0.6790162921
-70.3 -124.0 2068.8 0.9985427856 -0.0537723079 -0.0045689191 0.0538997464 0.9979309440 0.0350524560 0.0026746141 -0.0352476388 0.9993750453
-49.4 -511.5 2082.5 0.9943928719 0.1047263592 -0.0146707660 -0.0988291726 0.9696973562 0.2234274298 0.0376249440 -0.2207247317 0.9746101499
108.4 -129.7 2056.0 0.9984907508 0.0534289852 -0.0127122439 -0.0523861162 0.9960522056 0.0716636553 0.0164909754 -0.0708895475 0.9973478317
87.6 -516.4 2083.5 0.9909164906 -0.1342153102 -0.0084141837 0.1339423656 0.9794468284 0.1508088708 -0.0119996127 -0.1505659968 0.9885271192
-134.0 -255.9 1999.9 0 0 0 0 0 0 0 0 0
198.5 -271.7 2011.4 0 0 0 0 0 0 0 0 0
-88.5 -873.4 2164.8 0 0 0 0 0 0 0 0 0
137.7 -881.9 2139.7 0 0 0 0 0 0 0 0 0
41.3 460.0 2088.8  0.9955552220 0.0380234718 0.0861624703 -0.0342938714 0.9984267950 -0.0443604887 -0.0877136588 0.0412084721 0.9952930212
33.7 261.0 2080.6 0.9955552220 0.0380234718 0.0861624703 -0.0342938714 0.9984267950 -0.0443604887 -0.0877136588 0.0412084721 0.9952930212
26.0 67.3 2071.3 0.9955192804 0.0395002849 0.0859134868 -0.0352205560 0.9980890155 -0.0507726893 -0.0877548382 0.0475192703 0.9950080514
-102.3 265.8 2092.5 0.2308663577 -0.7604889274 -0.6069244742 0.9723889232 0.1584957689 0.1712859124 -0.0340660810 -0.6297107935 0.7760823369
-165.1 1.3 2101.8 -0.1103583500 -0.7604889274 -0.6399043798 0.9240997434 0.1584957689 -0.3477338254 0.3658698499 -0.6297107935 0.6852762699
169.7 256.2 2068.6 0.1885434538 0.7012441158 0.6875376701 -0.9817482233 0.1168094501 0.1500867009 0.0249365270 -0.7032867074 0.7104688287
220.2 -7.0 2075.2 -0.0857737288 0.7009261250 0.7080575228 -0.9667909145 0.1131695211 -0.2291462570 -0.2407451272 -0.7041983008 0.6679419875
-70.7 -124.4 2069.3 0.9987745285 -0.0480494983 0.0118609928 0.0474376604 0.9977502823 0.0473716334 -0.0141104916 -0.0467509255 0.9988068938
-52.0 -511.7 2087.5 0.9966603518 0.0815472379 0.0042628776 -0.0807302520 0.9761371017 0.2015912086 0.0122780530 -0.2012621164 0.9794604778
108.0 -130.5 2056.7 0.9981805682 0.0601173602 0.0046359543 -0.0602957718 0.9953433871 0.0752059147 -0.0000931856 -0.0753486082 0.9971572757
84.6 -516.9 2085.9 0.9888011217 -0.1490291506 0.0079160202 0.1467646658 0.9806558490 0.1295152158 -0.0270644352 -0.1269029975 0.9915458560
-134.3 -256.8 1999.6 0 0 0 0 0 0 0 0 0
196.7 -272.1 2009.3 0 0 0 0 0 0 0 0 0
-82.4 -875.9 2162.6 0 0 0 0 0 0 0 0 0
140.2 -882.8 2133.3 0 0 0 0 0 0 0 0 0
41.3 458.0 2083.9  0.9957986474 0.0379873924 0.0833185092 -0.0354171358 0.9988565445 -0.0321131460 -0.0844431370 0.0290273242 0.9960054159
33.8 259.6 2078.1 0.9957986474 0.0379873924 0.0833185092 -0.0354171358 0.9988565445 -0.0321131460 -0.0844431370 0.0290273242 0.9960054159
26.1 65.7 2071.1 0.9957532883 0.0397375152 0.0830443054 -0.0365837701 0.9985630512 -0.0391598977 -0.0844810903 0.0359555222 0.9957761765
-102.2 264.6 2089.6 0.2298830152 -0.7719371319 -0.5926777124 0.9723263979 0.1561057866 0.1738170236 -0.0416553803 -0.6162337661 0.7864608765
-163.8 4.1 2100.8 -0.1004181504 -0.7719371319 -0.6277175546 0.9272651076 0.1561057866 -0.3403092921 0.3606877029 -0.6162337661 0.7001144886
169.8 254.6 2066.6 0.1895754486 0.7023066282 0.6861680150 -0.9813778996 0.1134948358 0.1549722105 0.0309614819 -0.7027690411 0.7107440233
220.2 -6.2 2074.8 -0.0909234658 0.7016187906 0.7067276835 -0.9674872756 0.1059520170 -0.2296573818 -0.2360111624 -0.7046312690 0.6691737175
-70.8 -123.3 2070.0 0.9983481169 -0.0565689839 0.0100477608 0.0561336689 0.9976488352 0.0393161774 -0.0122482134 -0.0386872143 0.9991763234
