46.8 487.2 2003.2 6 0.9983240366 0.0282692201 -0.0504977331 -0.0242472570 0.9966147542 0.0785560831 0.0525475070 -0.0771999881 0.9956299067
41.1 285.1 2018.9 0.9983240366 0.0282692201 -0.0504977331 -0.0242472570 0.9966147542 0.0785560831 0.0525475070 -0.0771999881 0.9956299067
35.0 86.9 2032.2 0.9982365966 0.0307131745 -0.0507978313 -0.0272026509 0.9972862601 0.0684113130 0.0527611077 -0.0669088364 0.9963631034
-104.7 289.1 2011.2 0.1611218750 -0.8482768536 -0.5044463873 0.9842126966 0.1001693085 0.1459161788 -0.0732472613 -0.5199928284 0.8510242701
-146.6 33.1 2030.2 -0.0372258015 -0.8490321040 -0.5270282030 0.9597735405 0.1164970696 -0.2554665506 0.2782965302 -0.5153377056 0.8105418682
186.9 281.1 2026.6 0.1021942571 0.9930191636 0.0589003041 -0.9926031828 0.0978923514 0.0718054026 0.0655382574 -0.0658027306 0.9956780076
214.5 13.2 2044.3 -0.0263647698 0.9959294796 0.0861939862 -0.9751594067 -0.0066532167 -0.2214042991 -0.2199296057 -0.0898901522 0.9713653922
-62.0 -107.5 2041.1 0.9748733044 0.0311165471 -0.2205761224 -0.0225097202 0.9988879561 0.0414270498 0.2216198891 -0.0354210176 0.9744895697
-74.4 -504.4 2055.2 0.9756903648 0.0225084014 -0.2179947197 0.0012590716 0.9941196442 0.1082801819 0.2191500366 -0.1059223935 0.9699245691
121.0 -112.5 2052.6 0.9841594100 0.0496816449 -0.1701823920 -0.0460769646 0.9986233115 0.0250682291 0.1711935252 -0.0168296453 0.9850936532
101.2 -509.3 2059.3 0.9795146585 -0.1164851561 -0.1642625630 0.1379980296 0.9823501110 0.1262727976 0.1466544420 -0.1463539749 0.9783010483
-136.9 -216.3 1957.9 0 0 0 0 0 0 0 0 0
207.0 -265.6 1981.4 0 0 0 0 0 0 0 0 0
-83.0 -883.9 2095.7 0 0 0 0 0 0 0 0 0
145.7 -884.3 2115.2 0 0 0 0 0 0 0 0 0
47.2 489.6 2007.5 7 0.9975821376 0.0276657362 -0.0637537837 -0.0234437883 0.9975411892 0.0660448521 0.0654242039 -0.0643905327 0.9957778454
41.6 286.3 2020.6 0.9975821376 0.0276657362 -0.0637537837 -0.0234437883 0.9975411892 0.0660448521 0.0654242039 -0.0643905327 0.9957778454
35.7 88.0 2031.9 0.9975142479 0.0295581892 -0.0639656261 -0.0258095246 0.9979444742 0.0586574972 0.0655679554 -0.0568607673 0.9962267280
-104.1 290.0 2011.0 0.1640845239 -0.8418639898 -0.5141413212 0.9838677049 0.1020078585 0.1469648927 -0.0712779835 -0.5299617648 0.8450207114
-147.1 32.1 2029.7 -0.0388252549 -0.8426091075 -0.5371243358 0.9600189328 0.1176776290 -0.2539993227 0.2772296667 -0.5255110860 0.8043518066
187.3 282.5 2030.2 0.0961874276 0.9942967296 0.0460646637 -0.9938840270 0.0934194401 0.0588844940 0.0542453229 -0.0514468811 0.9972014427
213.5 12.3 2044.9 -0.0186837781 0.9973208308 0.0707249418 -0.9762740135 -0.0029350694 -0.2165188342 -0.2157311589 -0.0730923191 0.9737132788
-62.6 -108.8 2040.6 0.9720169902 0.0303036124 -0.2329477668 -0.0200496856 0.9987281561 0.0462611727 0.2340533733 -0.0402961187 0.9713882804
-74.7 -505.7 2056.6 0.9724696875 0.0240067840 -0.2317895144 -0.0055352286 0.9967783093 0.0800148323 0.2329636514 -0.0765289888 0.9694695473
120.4 -113.7 2050.3 0.9820709229 0.0487948023 -0.1820873618 -0.0428938642 0.9984232783 0.0362081863 0.1835670322 -0.0277485754 0.9826154709
101.1 -510.5 2061.3 0.9782673120 -0.1066467389 -0.1778187007 0.1278750747 0.9853871465 0.1125172824 0.1632206589 -0.1328105628 0.9776095152
-137.0 -217.5 1957.7 0 0 0 0 0 0 0 0 0
208.1 -266.8 1983.3 0 0 0 0 0 0 0 0 0
-83.9 -886.2 2085.9 0 0 0 0 0 0 0 0 0
141.8 -886.8 2112.0 0 0 0 0 0 0 0 0 0
47.3 489.4 2009.6 8 0.9977977276 0.0288491752 -0.0597274527 -0.0251862574 0.9978078604 0.0611970313 0.0613620095 -0.0595579520 0.9963370562
41.5 286.9 2021.7 0.9977977276 0.0288491752 -0.0597274527 -0.0251862574 0.9978078604 0.0611970313 0.0613620095 -0.0595579520 0.9963370562
35.5 88.5 2032.2 0.9977530241 0.0299605448 -0.0599272735 -0.0267044958 0.9981612563 0.0544153228 0.0614473931 -0.0526927263 0.9967184663
-104.3 290.8 2012.7 0.1678650379 -0.8433535695 -0.5104665756 0.9835405350 0.1081608608 0.1447385997 -0.0668533072 -0.5263611078 0.8476288319
-147.8 35.5 2030.1 -0.0395946354 -0.8436474204 -0.5354356170 0.9609062076 0.1148064360 -0.2519497871 0.2740282416 -0.5244792700 0.8061203361
187.2 283.0 2030.7 0.0946672857 0.9942588210 0.0498747751 -0.9941456914 0.0917979255 0.0569863170 0.0520807467 -0.0549775325 0.9971284270
213.1 11.5 2044.9 -0.0147270476 0.9971601963 0.0738557428 -0.9761760831 0.0016532396 -0.2169734687 -0.2164794058 -0.0752915889 0.9733796120
-61.6 -108.0 2037.2 0.9729623795 0.0339919329 -0.2284485251 -0.0208458863 0.9979978204 0.0597141609 0.2300209254 -0.0533374213 0.9717229605
-75.1 -504.5 2058.4 0.9733857512 0.0306571685 -0.2271131277 -0.0092466781 0.9954588413 0.0947429389 0.2289863080 -0.0901213810 0.9692488909
121.4 -112.7 2049.2 0.9826688766 0.0512105525 -0.1781555712 -0.0463522971 0.9984337687 0.0313287117 0.1794809103 -0.0225278288 0.9835034609
101.0 -509.5 2058.2 0.9810103774 -0.0913825333 -0.1710785925 0.1169712096 0.9823418856 0.1460210532 0.1547138840 -0.1632594466 0.9743766785
-137.5 -214.2 1958.9 0 0 0 0 0 0 0 0 0
208.9 -267.5 1983.0 0 0 0 0 0 0 0 0 0
-86.8 -884.7 2092.8 0 0 0 0 0 0 0 0 0
135.9 -884.5 2120.5 0 0 0 0 0 0 0 0 0
47.8 489.2 2005.7 9 0.9962786436 0.0306892917 -0.0805423781 -0.0246603750 0.9968928695 0.0748094693 0.0825879723 -0.0725448728 0.9939398766
41.5 285.7 2020.5 0.9962786436 0.0306892917 -0.0805423781 -0.0246603750 0.9968928695 0.0748094693 0.0825879723 -0.0725448728 0.9939398766
35.3 87.4 2032.9 0.9962422252 0.0310583115 -0.0808508247 -0.0258367453 0.9975607395 0.0648465455 0.0826676339 -0.0625139400 0.9946145415
-104.0 289.4 2008.4 0.1722569615 -0.8329436183 -0.5258635283 0.9811582565 0.0976623893 0.1667049825 -0.0874987617 -0.5446714163 0.8340725303
-148.3 37.3 2030.9 -0.0401183181 -0.8341599703 -0.5500614643 0.9597690105 0.1209434494 -0.2534089684 0.2779099345 -0.5380983353 0.7957488894
187.0 281.9 2032.6 0.0893356875 0.9955379367 0.0303857792 -0.9948152304 0.0876991674 0.0514928959 0.0485983267 -0.0348283909 0.9982109666
210.9 16.3 2045.6 -0.0142046120 0.9984757304 0.0533333458 -0.9758426547 -0.0022134599 -0.2184633315 -0.2180122882 -0.0551481396 0.9743866324
-61.9 -107.4 2037.0 0.9677954316 0.0353517681 -0.2492433637 -0.0216333233 0.9981071949 0.0575671308 0.2508067191 -0.0503212437 0.9667283893
-76.0 -504.0 2057.0 0.9681038260 0.0389207378 -0.2475079894 -0.0144046023 0.9948729277 0.1001019776 0.2501350343 -0.0933438465 0.9637008905
121.1 -112.3 2048.3 0.9787401557 0.0493557639 -0.1990771443 -0.0431011580 0.9984350801 0.0356328748 0.2005243003 -0.0262948703 0.9793357849
101.5 -509.1 2058.7 0.9769939780 -0.0924682096 -0.1921780705 0.1221579313 0.9812818766 0.1488733143 0.1748148203 -0.1689244062 0.9700022340
-137.8 -212.2 1958.7 0 0 0 0 0 0 0 0 0
206.8 -262.6 1983.2 0 0 0 0 0 0 0 0 0
-90.8 -884.1 2092.7 0 0 0 0 0 0 0 0 0
136.8 -883.9 2123.3 0 0 0 0 0 0 0 0 0
47.9 488.3 2003.7 0 0.9954191446 0.0248612780 -0.0923184752 -0.0172466543 0.9964515567 0.0823823288 0.0940390155 -0.0804127604 0.9923157096
42.8 283.8 2020.2 0.9954191446 0.0248612780 -0.0923184752 -0.0172466543 0.9964515567 0.0823823288 0.0940390155 -0.0804127604 0.9923157096
37.8 85.6 2033.6 0.9953765273 0.0253581926 -0.0926422402 -0.0189386234 0.9974002242 0.0695277601 0.0941644907 -0.0674517825 0.9932690263
-102.6 286.6 2006.5 0.1772775501 -0.8258706331 -0.5352666378 0.9798660874 0.0973597765 0.1743087769 -0.0918430537 -0.5553906560 0.8265023232
-148.0 35.4 2030.0 -0.0399255380 -0.8270910382 -0.5606481433 0.9615097046 0.1208564788 -0.2467645705 0.2718547285 -0.5489208698 0.7904308438
188.2 281.0 2034.0 0.0784221143 0.9967256784 0.0196937472 -0.9959906340 0.0774807855 0.0447148494 0.0430425517 -0.0231214203 0.9988056421
209.2 14.1 2045.5 -0.0079389522 0.9991889596 0.0394759104 -0.9762286544 0.0008064965 -0.2167416811 -0.2165977359 -0.0402582176 0.9754305482
-62.2 -108.4 2037.8 0.9649137855 0.0296592060 -0.2608863413 -0.0163108185 0.9984515309 0.0531831123 0.2620597482 -0.0470618494 0.9639034867
-74.0 -505.2 2056.5 0.9642413855 0.0561488532 -0.2590093613 -0.0297860131 0.9940672517 0.1046094522 0.2633464336 -0.0931539088 0.9601932168
120.5 -113.1 2052.9 0.9758757353 0.0550253205 -0.2112789601 -0.0511973463 0.9984108210 0.0235500485 0.2122390568 -0.0121649979 0.9771420360
98.6 -509.9 2057.8 0.9734271765 -0.1080238521 -0.2019166201 0.1412478685 0.9772655368 0.1581173986 0.1802457124 -0.1824360788 0.9665549994
-137.6 -214.5 1959.4 0 0 0 0 0 0 0 0 0
207.0 -265.0 1983.6 0 0 0 0 0 0 0 0 0
-95.5 -885.0 2092.1 0 0 0 0 0 0 0 0 0
139.9 -883.2 2127.4 0 0 0 0 0 0 0 0 0
48.3 489.7 2007.2 1 0.9949045181 0.0239208676 -0.0979426727 -0.0170660019 0.9973843098 0.0702375546 0.0993666276 -0.0682081729 0.9927104115
43.4 285.1 2021.2 0.9949045181 0.0239208676 -0.0979426727 -0.0170660019 0.9973843098 0.0702375546 0.0993666276 -0.0682081729 0.9927104115
38.4 86.8 2033.0 0.9948440790 0.0254711825 -0.0981657133 -0.0195086971 0.9979331493 0.0612273403 0.0995223522 -0.0589965694 0.9932848215
-101.9 287.9 2006.7 0.1715577990 -0.8243848085 -0.5394048691 0.9810522795 0.0929253548 0.1700038612 -0.0900242180 -0.5583498478 0.8247066736
-146.6 32.2 2030.2 -0.0347205885 -0.8261550069 -0.5623721480 0.9607564807 0.1273659617 -0.2464241385 0.2752116024 -0.5488586426 0.7893115878
188.7 282.2 2035.8 0.0766575038 0.9969573021 0.0141340094 -0.9964309931 0.0760992020 0.0365260094 0.0353392847 -0.0168835577 0.9992327690
209.3 14.7 2045.3 -0.0205034371 0.9992455244 0.0329851285 -0.9763941765 -0.0129172700 -0.2156096697 -0.2150209248 -0.0366272293 0.9759223461
-58.6 -110.9 2038.4 0.9632260799 0.0379230119 -0.2660024762 -0.0249130055 0.9983302951 0.0521154292 0.2675346732 -0.0435720198 0.9625625610
-73.6 -507.6 2055.7 0.9634267092 0.0524050966 -0.2627977431 -0.0212385543 0.9925390482 0.1200631112 0.2671289444 -0.1100905687 0.9573516846
124.0 -114.3 2055.7 0.9747412801 0.0548021831 -0.2165089101 -0.0519547611 0.9984719753 0.0188259874 0.2172097862 -0.0071017994 0.9760991335
102.2 -511.1 2058.5 0.9751243591 -0.0801388472 -0.2066646814 0.1142682135 0.9806616306 0.1588883847 0.1899349988 -0.1785511374 0.9654243588
-137.6 -217.5 1958.6 0 0 0 0 0 0 0 0 0
203.5 -264.4 1983.8 0 0 0 0 0 0 0 0 0
-93.7 -886.8 2097.8 0 0 0 0 0 0 0 0 0
132.8 -885.6 2126.7 0 0 0 0 0 0 0 0 0
48.6 490.1 2009.0 2 0.9965736270 0.0261575356 -0.0784648359 -0.0209055431 0.9975323081 0.0670245886 0.0800243989 -0.0651545897 0.9946612120
43.3 286.8 2022.3 0.9965736270 0.0261575356 -0.0784648359 -0.0209055431 0.9975323081 0.0670245886 0.0800243989 -0.0651545897 0.9946612120
37.8 88.5 2033.5 0.9965156913 0.0276158862 -0.0787005946 -0.0230556279 0.9980342984 0.0582753792 0.0801552162 -0.0562578402 0.9951935410
-102.3 290.2 2010.6 0.1740485877 -0.8332985044 -0.5247101188 0.9817778468 0.1055620760 0.1580155045 -0.0762845874 -0.5426511765 0.8364869356
-147.6 34.7 2030.4 -0.0377710611 -0.8340202570 -0.5504394174 0.9607679844 0.1211508363 -0.2494942695 0.2747694552 -0.5382682085 0.7967239618
188.8 283.4 2034.0 0.0760946423 0.9965724349 0.0324500874 -0.9960380197 0.0744712427 0.0486030616 0.0460198708 -0.0360199548 0.9982908964
209.1 17.3 2046.3 -0.0279762186 0.9983025193 0.0510819107 -0.9772403240 -0.0165644269 -0.2114873827 -0.2102822512 -0.0558359213 0.9760449529
-57.9 -109.7 2035.6 0.9685404301 0.0364953093 -0.2461656034 -0.0185445957 0.9970223904 0.0748498142 0.2481642812 -0.0679300353 0.9663332701
-72.4 -505.9 2062.6 0.9677541852 0.0552146584 -0.2457706630 -0.0351566710 0.9957376122 0.0852677003 0.2494311333 -0.0738776922 0.9655703902
124.5 -113.3 2053.8 0.9787282944 0.0582670011 -0.1967125535 -0.0534455925 0.9981279373 0.0297348071 0.1980768591 -0.0185888801 0.9800102115
101.4 -510.0 2061.2 0.9770992398 -0.0944094211 -0.1906931549 0.1185008511 0.9857798815 0.1191452518 0.1767330319 -0.1390140355 0.9743924141
-137.8 -215.0 1959.0 0 0 0 0 0 0 0 0 0
201.1 -262.0 1986.2 0 0 0 0 0 0 0 0 0
-93.5 -886.1 2090.8 0 0 0 0 0 0 0 0 0
137.4 -886.2 2114.3 0 0 0 0 0 0 0 0 0
48.6 488.8 2004.9 3 0.9978134036 0.0291271061 -0.0593293384 -0.0245906617 0.9968192577 0.0758067816 0.0613486618 -0.0741820782 0.9953559041
42.7 285.0 2020.0 0.9978134036 0.0291271061 -0.0593293384 -0.0245906617 0.9968192577 0.0758067816 0.0613486618 -0.0741820782 0.9953559041
36.3 86.8 2032.6 0.9977028370 0.0320889726 -0.0596601032 -0.0281932708 0.9974848628 0.0650310740 0.0615968332 -0.0631996766 0.9960982203
-103.1 289.2 2011.1 0.1725610644 -0.8423339128 -0.5105842352 0.9823487401 0.1091720909 0.1518961638 -0.0722057447 -0.5277831554 0.8463044763
-147.5 36.1 2029.7 -0.0378867276 -0.8425757289 -0.5372436047 0.9618967772 0.1149310544 -0.2480834424 0.2707750797 -0.5261719823 0.8061165810
188.4 280.9 2029.0 0.0808633640 0.9954561591 0.0502808020 -0.9945282936 0.0772349015 0.0703438595 0.0661407933 -0.0556939244 0.9962548018
209.9 16.6 2046.6 -0.0361205488 0.9968110323 0.0711553022 -0.9764772654 -0.0200588554 -0.2146854252 -0.2125735134 -0.0772360861 0.9740878344
-59.1 -107.7 2037.3 0.9728854895 0.0376939774 -0.2281950712 -0.0232153218 0.9975624681 0.0658044294 0.2301192731 -0.0587225519 0.9713891149
-74.1 -504.1 2060.6 0.9727324843 0.0445700921 -0.2276072204 -0.0267749950 0.9963802099 0.0806822032 0.2303793430 -0.0723880157 0.9704047441
123.6 -111.9 2052.0 0.9821645617 0.0592568852 -0.1784414202 -0.0545090660 0.9980195165 0.0313977152 0.1799485534 -0.0211110488 0.9834494591
100.1 -508.6 2060.4 0.9803488255 -0.0967542529 -0.1719151288 0.1194911450 0.9846484065 0.1272376776 0.1569651663 -0.1452796459 0.9768601656
-137.7 -213.9 1959.3 0 0 0 0 0 0 0 0 0
199.5 -262.5 1985.9 0 0 0 0 0 0 0 0 0
-91.1 -884.7 2088.3 0 0 0 0 0 0 0 0 0
137.0 -884.6 2115.9 0 0 0 0 0 0 0 0 0
49.2 489.9 2007.8 4 0.9983044863 0.0360114500 -0.0457306355 -0.0329386182 0.9972587824 0.0662567914 0.0479912832 -0.0646381453 0.9967541099
41.8 285.9 2021.0 0.9983044863 0.0360114500 -0.0457306355 -0.0329386182 0.9972587824 0.0662567914 0.0479912832 -0.0646381453 0.9967541099
33.9 87.7 2032.2 0.9981426001 0.0398827493 -0.0460508987 -0.0371939056 0.9976328611 0.0578386113 0.0482486524 -0.0560183711 0.9972632527
-103.9 291.3 2014.0 0.1690841615 -0.8494057655 -0.4999203682 0.9836624265 0.1136300266 0.1396297067 -0.0617963076 -0.5153620839 0.8547415733
-148.2 33.9 2030.2 -0.0398773737 -0.8493412137 -0.5263357162 0.9607970715 0.1120470837 -0.2536029220 0.2743697762 -0.5158148408 0.8115764260
187.6 280.5 2028.1 0.0832739025 0.9945513010 0.0627145916 -0.9939029217 0.0783261880 0.0776017010 0.0722666755 -0.0687944144 0.9950099587
209.8 15.8 2047.3 -0.0390776135 0.9956503510 0.0845773593 -0.9752013087 -0.0195480864 -0.2204547673 -0.2178425342 -0.0910947993 0.9717233777
-61.6 -108.8 2039.5 0.9759669900 0.0354585573 -0.2150142193 -0.0237085335 0.9980936050 0.0569832698 0.2166248560 -0.0505161174 0.9749470949
-75.6 -505.4 2059.6 0.9758982658 0.0457198657 -0.2133828551 -0.0252287015 0.9948878288 0.0977842808 0.2167626917 -0.0900441408 0.9720627666
121.4 -114.0 2050.8 0.9853519201 0.0426911488 -0.1651031673 -0.0385154113 0.9988539815 0.0284124836 0.1661269218 -0.0216372777 0.9858669639
104.4 -510.9 2059.4 0.9851107001 -0.0655559525 -0.1589316726 0.0890856236 0.9852998853 0.1457666308 0.1470394731 -0.1577547938 0.9764695764
-137.8 -215.9 1958.9 0 0 0 0 0 0 0 0 0
198.6 -263.0 1985.1 0 0 0 0 0 0 0 0 0
-93.1 -885.5 2094.0 0 0 0 0 0 0 0 0 0
129.5 -887.1 2119.7 0 0 0 0 0 0 0 0 0
49.4 490.0 2009.8 5 0.9974767566 0.0425483510 -0.0568305477 -0.0389505513 0.9972543120 0.0629812330 0.0593542568 -0.0606087409 0.9963953495
40.7 287.0 2022.1 0.9974767566 0.0425483510 -0.0568305477 -0.0389505513 0.9972543120 0.0629812330 0.0593542568 -0.0606087409 0.9963953495
31.8 88.8 2032.7 0.9973537922 0.0449311063 -0.0571538098 -0.0417545140 0.9975791574 0.0556097366 0.0595140532 -0.0530761518 0.9968154430
-105.0 293.1 2013.4 0.1663965732 -0.8450623751 -0.5081158876 0.9836909175 0.1065706760 0.1448959559 -0.0682958588 -0.5239391923 0.8490132093
-148.4 36.5 2031.3 -0.0398457125 -0.8453605175 -0.5327081084 0.9611687660 0.1132701784 -0.2516435981 0.2730695009 -0.5220493078 0.8080207705
186.4 280.9 2030.8 0.0785768256 0.9955229163 0.0525336824 -0.9950839281 0.0751376972 0.0645155981 0.0602794997 -0.0573448576 0.9965329766
207.5 14.0 2047.0 -0.0245323870 0.9970483780 0.0727511197 -0.9750638604 -0.0078084394 -0.2217870057 -0.2205642909 -0.0763779506 0.9723774195
-65.5 -107.2 2038.9 0.9739588499 0.0153706670 -0.2262033373 -0.0057653016 0.9990557432 0.0430629626 0.2266516536 -0.0406374224 0.9731277823
-71.6 -504.1 2055.1 0.9722913504 0.0694544166 -0.2232165188 -0.0359494686 0.9879102111 0.1508014202 0.2309916914 -0.1385984123 0.9630333781
117.5 -114.0 2047.8 0.9833777547 0.0454497039 -0.1757911891 -0.0398085155 0.9985769987 0.0354865380 0.1771538854 -0.0278986841 0.9837876558
99.4 -510.8 2058.9 0.9805960655 -0.0979976878 -0.1697874218 0.1230852380 0.9818701744 0.1441560984 0.1525822431 -0.1622572243 0.9748800993
-138.0 -213.4 1960.3 0 0 0 0 0 0 0 0 0
200.5 -264.7 1984.0 0 0 0 0 0 0 0 0 0
-98.1 -881.0 2107.9 0 0 0 0 0 0 0 0 0
136.9 -885.7 2120.8 0 0 0 0 0 0 0 0 0
50.4 490.3 2010.8 6 0.9975172877 0.0408592448 -0.0573569499 -0.0372399613 0.9973304272 0.0628112331 0.0597702488 -0.0605193228 0.9963759184
42.1 287.6 2023.1 0.9975172877 0.0408592448 -0.0573569499 -0.0372399613 0.9973304272 0.0628112331 0.0597702488 -0.0605193228 0.9963759184
33.6 89.3 2033.5 0.9974144101 0.0428434797 -0.0576971322 -0.0396919399 0.9977134466 0.0547029898 0.0599088706 -0.0522714406 0.9968342781
-103.6 293.4 2014.3 0.1769242436 -0.8436644077 -0.5068808198 0.9815419316 0.1132459939 0.1541130245 -0.0726174563 -0.5247911215 0.8481279016
-149.0 41.3 2033.0 -0.0360172689 -0.8439011574 -0.5352883339 0.9602516294 0.1191368327 -0.2524347007 0.2768024802 -0.5231034756 0.8060664535
187.8 281.8 2031.8 0.0651056916 0.9964987636 0.0524542071 -0.9964277148 0.0620877668 0.0572447516 0.0537875593 -0.0559937842 0.9969812632
205.3 12.9 2046.3 -0.0172464587 0.9975183010 0.0682626143 -0.9760581255 -0.0019913220 -0.2175007015 -0.2168249935 -0.0703793988 0.9736701846
-68.6 -105.6 2037.8 0.9739349484 0.0088111190 -0.2266563028 0.0018172694 0.9989100695 0.0466407426 0.2268202156 -0.0458369441 0.9728574157
-72.1 -502.6 2056.0 0.9721582532 0.0643590987 -0.2253135145 -0.0371241085 0.9917005301 0.1230926663 0.2313656807 -0.1113009900 0.9664791822
114.3 -113.3 2048.7 0.9835318327 0.0394098721 -0.1763859987 -0.0342997722 0.9989014864 0.0319280513 0.1774505079 -0.0253522564 0.9838030934
98.7 -510.3 2058.8 0.9781684279 -0.1180349067 -0.1710388660 0.1428102404 0.9797088504 0.1406266540 0.1509694308 -0.1619826555 0.9751768112
-139.7 -208.3 1961.0 0 0 0 0 0 0 0 0 0
200.4 -266.0 1984.4 0 0 0 0 0 0 0 0 0
-96.7 -881.1 2098.5 0 0 0 0 0 0 0 0 0
143.7 -884.4 2120.6 0 0 0 0 0 0 0 0 0
50.8 491.3 2010.8 7 0.9961254001 0.0302843861 -0.0825654343 -0.0249259453 0.9975624681 0.0651749745 0.0843379647 -0.0628644302 0.9944521785
44.7 288.4 2023.6 0.9961254001 0.0302843861 -0.0825654343 -0.0249259453 0.9975624681 0.0651749745 0.0843379647 -0.0628644302 0.9944521785
38.6 90.1 2034.2 0.9960939884 0.0305483453 -0.0828465372 -0.0259560198 0.9980959296 0.0559533834 0.0843980685 -0.0535844639 0.9949902892
-100.8 292.2 2011.2 0.1846057773 -0.8300930262 -0.5261808634 0.9794909358 0.1114123762 0.1678834260 -0.0807358027 -0.5463815928 0.8336359262
-148.3 40.3 2032.0 -0.0327889808 -0.8306211829 -0.5558716655 0.9619951248 0.1246256158 -0.2429688871 0.2710909545 -0.5427125096 0.7949671745
190.1 284.6 2035.9 0.0614180677 0.9977029562 0.0285759605 -0.9973594546 0.0602349490 0.0405691750 0.0387547128 -0.0309921857 0.9987680316
206.8 14.2 2046.4 -0.0249974765 0.9987528920 0.0432174467 -0.9767836928 -0.0152010294 -0.2136880904 -0.2127646506 -0.0475557595 0.9759455323
-66.4 -105.3 2038.4 0.9677271247 0.0231668111 -0.2509333789 -0.0092056757 0.9983506203 0.0566684939 0.2518323362 -0.0525296256 0.9663441777
-75.6 -502.0 2059.2 0.9673512578 0.0420975238 -0.2499187440 -0.0192612577 0.9954678416 0.0931275859 0.2527065277 -0.0852733403 0.9637778997
116.5 -112.6 2049.4 0.9785620570 0.0465598516 -0.2006201297 -0.0396973677 0.9984852076 0.0380967967 0.2020900249 -0.0293159895 0.9789280891
98.0 -509.4 2061.0 0.9719386697 -0.1297433674 -0.1962188333 0.1548293084 0.9808225632 0.1183850914 0.1770961881 -0.1454434842 0.9733874798
-139.7 -209.7 1961.5 0 0 0 0 0 0 0 0 0
199.6 -264.9 1985.6 0 0 0 0 0 0 0 0 0
-91.7 -882.0 2091.8 0 0 0 0 0 0 0 0 0
147.6 -884.0 2116.6 0 0 0 0 0 0 0 0 0
51.3 491.3 2011.3 8 0.9959339499 0.0251299404 -0.0865104124 -0.0195133518 0.9976834655 0.0651680902 0.0879476815 -0.0632150024 0.9941172600
46.2 288.5 2024.1 0.9959339499 0.0251299404 -0.0865104124 -0.0195133518 0.9976834655 0.0651680902 0.0879476815 -0.0632150024 0.9941172600
41.3 90.1 2034.6 0.9959228039 0.0246475991 -0.0867771432 -0.0199604928 0.9983157516 0.0544725917 0.0879736096 -0.0525183827 0.9947373867
-99.3 291.4 2011.3 0.1830229163 -0.8284000158 -0.5293921232 0.9797084332 0.1089403182 0.1682362258 -0.0816947520 -0.5494409800 0.8315290213
-146.6 38.2 2032.4 -0.0300284661 -0.8292700648 -0.5580407381 0.9606549740 0.1302797943 -0.2452941388 0.2761165202 -0.5434504151 0.7927303314
191.6 285.6 2037.0 0.0727030262 0.9970341921 0.0252396278 -0.9968872070 0.0718719065 0.0324082226 0.0304980874 -0.0275172386 0.9991559982
211.3 16.6 2045.2 -0.0440292992 0.9981414676 0.0421308242 -0.9769913554 -0.0342105515 -0.2105173767 -0.2086848170 -0.0504303835 0.9766818285
-58.8 -105.8 2037.2 0.9662802815 0.0397171602 -0.2544110417 -0.0235077068 0.9975134134 0.0664411634 0.2564172745 -0.0582201667 0.9648111463
-74.6 -502.2 2060.3 0.9657369852 0.0544060841 -0.2537558079 -0.0345395729 0.9960253239 0.0821013376 0.2572140098 -0.0705236867 0.9637776613
123.8 -110.6 2052.6 0.9766283631 0.0654754639 -0.2047194391 -0.0606977679 0.9977190495 0.0295377783 0.2061864883 -0.0164214186 0.9783748984
97.8 -507.0 2059.2 0.9731776714 -0.1178251505 -0.1975916624 0.1440374404 0.9817758203 0.1239734665 0.1793835312 -0.1491087973 0.9724135399
-138.8 -211.5 1960.6 0 0 0 0 0 0 0 0 0
198.7 -262.6 1985.6 0 0 0 0 0 0 0 0 0
-95.3 -882.5 2087.2 0 0 0 0 0 0 0 0 0
142.8 -882.1 2116.1 0 0 0 0 0 0 0 0 0
51.6 491.1 2011.5 9 0.9963619709 0.0257722773 -0.0812314898 -0.0204241555 0.9976109266 0.0659947768 0.0827382579 -0.0640956089 0.9945079684
46.4 288.4 2024.5 0.9963619709 0.0257722773 -0.0812314898 -0.0204241555 0.9976109266 0.0659947768 0.0827382579 -0.0640956089 0.9945079684
41.4 90.1 2035.2 0.9963539839 0.0252325274 -0.0814988986 -0.0207380541 0.9982416034 0.0555310063 0.0827567726 -0.0536384098 0.9951252341
-99.1 291.5 2012.4 0.1810916513 -0.8312392831 -0.5255921483 0.9801677465 0.1088141650 0.1656219512 -0.0804795995 -0.5451612473 0.8344592452
-146.0 37.6 2033.3 -0.0295021534 -0.8320674896 -0.5538892746 0.9606393576 0.1295306832 -0.2457516640 0.2762276232 -0.5393379927 0.7954953313
191.9 285.4 2036.6 0.0757901967 0.9966651201 0.0302411281 -0.9965177178 0.0746520236 0.0371416770 0.0347602516 -0.0329507962 0.9988523126
212.3 17.5 2046.0 -0.0418457165 0.9979669452 0.0480720662 -0.9770316482 -0.0308110025 -0.2108549178 -0.2089450806 -0.0557913035 0.9763346314
-54.9 -106.4 2037.0 0.9671069980 0.0506399795 -0.2492782623 -0.0347872190 0.9971060753 0.0675970167 0.2519799769 -0.0567018501 0.9660698771
-75.1 -502.6 2059.5 0.9678651094 0.0417530127 -0.2479795665 -0.0194517393 0.9955956340 0.0917110220 0.2507165968 -0.0839402601 0.9644144177
127.7 -110.1 2053.1 0.9772863984 0.0708542839 -0.1997271776 -0.0665766597 0.9973866343 0.0280615482 0.2011934966 -0.0141270012 0.9794496298
99.6 -506.4 2058.7 0.9771148562 -0.0944604799 -0.1905880868 0.1221204475 0.9827302098 0.1390251368 0.1741642803 -0.1591182202 0.9717757702
-138.4 -212.1 1961.5 0 0 0 0 0 0 0 0 0
200.3 -261.8 1986.3 0 0 0 0 0 0 0 0 0
-91.0 -882.9 2091.5 0 0 0 0 0 0 0 0 0
135.6 -881.8 2119.5 0 0 0 0 0 0 0 0 0
52.1 492.6 2017.1 0 0.9964216352 0.0278674830 -0.0797952935 -0.0239372402 0.9984726310 0.0497940965 0.0810610503 -0.0477058366 0.9955667853
46.4 289.8 2026.8 0.9964216352 0.0278674830 -0.0797952935 -0.0239372402 0.9984726310 0.0497940965 0.0810610503 -0.0477058366 0.9955667853
41.0 91.4 2035.1 0.9964273572 0.0271851644 -0.0799595416 -0.0237310845 0.9987568855 0.0438355319 0.0810518116 -0.0417813957 0.9958337545
-99.1 293.3 2015.0 0.1790896505 -0.8324246407 -0.5244007111 0.9813848138 0.1135741919 0.1548699439 -0.0693591759 -0.5423744917 0.8372688890
-145.8 37.8 2033.0 -0.0291873589 -0.8329694271 -0.5525487065 0.9611976147 0.1283114403 -0.2442035079 0.2743123770 -0.5382361412 0.7969031334
192.0 286.4 2038.7 0.0736191943 0.9967937469 0.0313439593 -0.9968857169 0.0726624131 0.0306434166 0.0282676388 -0.0335022919 0.9990388155
212.0 15.8 2046.3 -0.0356953926 0.9981926084 0.0483467579 -0.9766716361 -0.0245935377 -0.2133253813 -0.2117508054 -0.0548336394 0.9757842422
-55.0 -106.4 2038.3 0.9673835039 0.0537774377 -0.2475420982 -0.0399403609 0.9973634481 0.0605876967 0.2501477003 -0.0487246178 0.9669808745
-76.4 -502.7 2057.6 0.9688408971 0.0374529585 -0.2448358834 -0.0116625205 0.9943030477 0.1059504151 0.2474092096 -0.0997936875 0.9637582302
127.7 -110.2 2053.5 0.9781190157 0.0651326329 -0.1975879222 -0.0610696785 0.9977791905 0.0265935753 0.1988812238 -0.0139450496 0.9799243808
101.8 -506.7 2059.0 0.9770381451 -0.0969018713 -0.1897538751 0.1228436679 0.9838629961 0.1300884187 0.1740860045 -0.1504114121 0.9731754661
-138.2 -212.1 1961.7 0 0 0 0 0 0 0 0 0
201.8 -263.4 1985.8 0 0 0 0 0 0 0 0 0
-90.7 -882.5 2095.8 0 0 0 0 0 0 0 0 0
138.9 -882.6 2116.5 0 0 0 0 0 0 0 0 0
51.9 492.4 2019.5 1 0.9959847927 0.0235663224 -0.0863650218 -0.0198130626 0.9988323450 0.0440606214 0.0873025283 -0.0421725512 0.9952887893
47.1 289.7 2028.0 0.9959847927 0.0235663224 -0.0863650218 -0.0198130626 0.9988323450 0.0440606214 0.0873025283 -0.0421725512 0.9952887893
42.5 91.1 2035.5 0.9959791899 0.0233915299 -0.0864767954 -0.0200503636 0.9990260601 0.0393053629 0.0873119831 -0.0374134332 0.9954782128
-98.3 292.6 2015.3 0.1823060364 -0.8292697668 -0.5282766223 0.9805043340 0.1132647097 0.1605689973 -0.0733199194 -0.5472502112 0.8337514400
-145.5 39.0 2034.2 -0.0320970565 -0.8299818635 -0.5568661094 0.9594339132 0.1305537671 -0.2498846203 0.2801006734 -0.5422967672 0.7921223640
192.6 286.7 2040.8 0.0717014447 0.9971272349 0.0244170446 -0.9969566464 0.0708951727 0.0324249342 0.0306007322 -0.0266676471 0.9991758466
211.9 18.6 2049.0 -0.0376826711 0.9984299541 0.0414438434 -0.9760063887 -0.0278724730 -0.2159504592 -0.2144562751 -0.0485870466 0.9755243659
-55.8 -104.9 2036.0 0.9662033916 0.0452979207 -0.2537697256 -0.0312698856 0.9977654815 0.0590442047 0.2558772564 -0.0491133593 0.9654608965
-73.8 -501.4 2055.5 0.9669122100 0.0498612188 -0.2501891553 -0.0187122002 0.9919337034 0.1253690124 0.2544220984 -0.1165392399 0.9600458145
127.0 -109.3 2050.9 0.9770174623 0.0647537783 -0.2030856311 -0.0588367097 0.9976522923 0.0350455977 0.2048781812 -0.0222912710 0.9785336256
101.3 -505.7 2059.7 0.9757509828 -0.0990545377 -0.1951876730 0.1275599897 0.9819955826 0.1393308640 0.1778720766 -0.1608503610 0.9708185792
-137.1 -210.3 1961.4 0 0 0 0 0 0 0 0 0
201.2 -260.4 1987.7 0 0 0 0 0 0 0 0 0
-92.8 -880.3 2100.0 0 0 0 0 0 0 0 0 0
139.1 -880.9 2121.2 0 0 0 0 0 0 0 0 0
52.2 490.8 2016.1 2 0.9947776794 0.0215836335 -0.0997570679 -0.0159797557 0.9982669353 0.0566368364 0.1008066088 -0.0547469668 0.9933986068
47.8 287.2 2027.3 0.9947776794 0.0215836335 -0.0997570679 -0.0159797557 0.9982669353 0.0566368364 0.1008066088 -0.0547469668 0.9933986068
43.6 88.7 2036.5 0.9947641492 0.0213545077 -0.0999415889 -0.0166111588 0.9987065792 0.0480550826 0.1008385122 -0.0461433269 0.9938321710
-97.5 289.6 2012.6 0.1865396351 -0.8219659328 -0.5381217003 0.9785923958 0.1069811583 0.1758178771 -0.0869474187 -0.5593988299 0.8243258595
-145.4 38.3 2034.9 -0.0326170214 -0.8232145309 -0.5667926669 0.9589269161 0.1341008544 -0.2499522716 0.2817717195 -0.5516654253 0.7850286365
193.1 284.8 2042.0 0.0815016329 0.9966026545 0.0118601555 -0.9962728620 0.0811258703 0.0293089412 0.0282472018 -0.0142046772 0.9995000362
214.8 19.9 2049.5 -0.0460678153 0.9984406829 0.0315268040 -0.9755489826 -0.0381772444 -0.2164410055 -0.2148998976 -0.0407269076 0.9757865071
-53.5 -105.5 2034.9 0.9625401497 0.0461699069 -0.2671793997 -0.0311762840 0.9977058172 0.0600928105 0.2693409324 -0.0495120808 0.9617713094
-71.8 -502.0 2054.6 0.9630273581 0.0582768619 -0.2630249262 -0.0233986136 0.9907268286 0.1338388175 0.2683855593 -0.1227360293 0.9554606676
129.2 -109.2 2050.9 0.9731907248 0.0778677464 -0.2164171785 -0.0704747140 0.9966422915 0.0416831449 0.2189362794 -0.0253137108 0.9754107594
98.3 -505.3 2061.0 0.9728441238 -0.1017225385 -0.2079107463 0.1320275217 0.9816651344 0.1374855191 0.1901133507 -0.1612019241 0.9684373140
-136.9 -211.0 1961.6 0 0 0 0 0 0 0 0 0
201.6 -258.9 1988.1 0 0 0 0 0 0 0 0 0
-94.1 -880.5 2101.5 0 0 0 0 0 0 0 0 0
137.1 -880.4 2122.6 0 0 0 0 0 0 0 0 0
53.1 490.9 2013.9 3 0.9953637123 0.0221224297 -0.0936040580 -0.0163086578 0.9979163408 0.0624255911 0.0947900265 -0.0606096089 0.9936504960
48.6 287.8 2026.3 0.9953637123 0.0221224297 -0.0936040580 -0.0163086578 0.9979163408 0.0624255911 0.0947900265 -0.0606096089 0.9936504960
44.5 89.4 2036.3 0.9953766465 0.0205778014 -0.0938183218 -0.0157027785 0.9985023141 0.0524077080 0.0947562456 -0.0506922007 0.9942089915
-96.8 290.1 2012.4 0.1874925345 -0.8244723678 -0.5339399576 0.9785147905 0.1093113869 0.1748136580 -0.0857633054 -0.5552444458 0.8272534609
-145.6 35.5 2034.7 -0.0351299271 -0.8255122304 -0.5632898211 0.9585511088 0.1316326261 -0.2526908219 0.2827467024 -0.5488191247 0.7866714001
194.0 285.5 2040.1 0.0797357038 0.9966524243 0.0180583876 -0.9963088632 0.0791042224 0.0333344117 0.0317943320 -0.0206496734 0.9992811084
215.6 15.7 2048.7 -0.0404973999 0.9984827042 0.0373134464 -0.9760186672 -0.0315371156 -0.2153902352 -0.2138866633 -0.0451413654 0.9758149385
-51.9 -108.2 2036.4 0.9639003277 0.0510107465 -0.2613312304 -0.0357864238 0.9973911643 0.0626910180 0.2638473809 -0.0510757826 0.9632111788
-72.2 -504.6 2056.7 0.9638747573 0.0602050200 -0.2594625950 -0.0362110771 0.9946947694 0.0962862372 0.2638829947 -0.0834124535 0.9609412551
130.5 -111.2 2054.9 0.9741165042 0.0787788481 -0.2118748128 -0.0747249722 0.9968362451 0.0270857327 0.2133382857 -0.0105523197 0.9769213796
99.2 -507.4 2059.1 0.9750878215 -0.0968962088 -0.1995366663 0.1298345178 0.9786679745 0.1592230797 0.1798520237 -0.1811632216 0.9668676853
-136.4 -213.7 1961.2 0 0 0 0 0 0 0 0 0
204.1 -263.3 1987.6 0 0 0 0 0 0 0 0 0
-95.2 -884.4 2088.5 0 0 0 0 0 0 0 0 0
136.3 -881.3 2128.3 0 0 0 0 0 0 0 0 0
52.3 490.0 2013.4 4 0.9962912202 0.0234862119 -0.0827783048 -0.0182293784 0.9978026748 0.0636982992 0.0840924531 -0.0619530603 0.9945302010
47.6 287.6 2025.9 0.9962912202 0.0234862119 -0.0827783048 -0.0182293784 0.9978026748 0.0636982992 0.0840924531 -0.0619530603 0.9945302010
43.0 89.2 2036.5 0.9962877631 0.0229115803 -0.0829806104 -0.0183777399 0.9983174801 0.0549949296 0.0841010138 -0.0532657802 0.9950325489
-98.0 290.3 2013.6 0.1789962798 -0.8307532072 -0.5270763636 0.9805492163 0.1067903042 0.1646787524 -0.0805207491 -0.5463011861 0.8337094188
-144.4 35.9 2034.5 -0.0366783142 -0.8317226768 -0.5539783835 0.9586688280 0.1272309721 -0.2544923127 0.2821502388 -0.5404161811 0.7926800251
193.1 284.9 2038.2 0.0849678889 0.9959815145 0.0283071995 -0.9955720305 0.0837179273 0.0427506939 0.0402090810 -0.0318142921 0.9986847043
216.0 16.6 2049.0 -0.0388086066 0.9980452061 0.0489866473 -0.9769097567 -0.0275879372 -0.2118637860 -0.2100981921 -0.0560776740 0.9760707021
-50.8 -107.6 2037.7 0.9659094214 0.0634160265 -0.2509928346 -0.0492924489 0.9968476295 0.0621693991 0.2541441321 -0.0476779565 0.9659904838
-76.0 -503.7 2056.7 0.9680374265 0.0192513037 -0.2500657439 -0.0001093324 0.9970820546 0.0763370916 0.2508056760 -0.0738698170 0.9652149081
131.7 -110.4 2055.1 0.9762203097 0.0790546313 -0.2018521279 -0.0759731531 0.9968450069 0.0229805801 0.2030320019 -0.0070987665 0.9791463614
100.3 -506.6 2057.9 0.9762657881 -0.1048824266 -0.1894855648 0.1353778988 0.9784503579 0.1559093446 0.1690500677 -0.1778611094 0.9694263935
-134.9 -213.3 1961.2 0 0 0 0 0 0 0 0 0
204.9 -262.7 1989.0 0 0 0 0 0 0 0 0 0
-83.4 -884.2 2084.9 0 0 0 0 0 0 0 0 0
140.4 -880.5 2125.9 0 0 0 0 0 0 0 0 0
52.9 492.9 2018.6 5 0.9965630174 0.0287383609 -0.0776937455 -0.0251766238 0.9986037016 0.0464405939 0.0789198875 -0.0443249121 0.9958950281
47.0 289.7 2027.6 0.9965630174 0.0287383609 -0.0776937455 -0.0251766238 0.9986037016 0.0464405939 0.0789198875 -0.0443249121 0.9958950281
40.9 91.3 2035.7 0.9964993596 0.0306313485 -0.0777864009 -0.0273167975 0.9986875653 0.0433234647 0.0790113658 -0.0410469286 0.9960283041
-98.6 293.7 2016.0 0.1727213860 -0.8343750834 -0.5234363079 0.9826781154 0.1097356901 0.1493377686 -0.0671640709 -0.5401632190 0.8388758302
-144.3 33.7 2033.8 -0.0455785617 -0.8347957730 -0.5486698151 0.9586254954 0.1179454625 -0.2590868771 0.2809977531 -0.5377777219 0.7948807478
192.6 285.8 2039.1 0.0888012424 0.9955167174 0.0325692445 -0.9953511953 0.0874674916 0.0403162539 0.0372867584 -0.0359979682 0.9986560345
217.0 12.5 2049.3 -0.0329154655 0.9980147481 0.0536950864 -0.9776267409 -0.0209824126 -0.2092981637 -0.2077559978 -0.0593828969 0.9763765335
-52.9 -107.5 2039.4 0.9678915143 0.0550134219 -0.2452744991 -0.0410609990 0.9972532392 0.0616440848 0.2479920387 -0.0495935678 0.9674918056
-74.8 -503.8 2059.1 0.9693042636 0.0232570227 -0.2447618395 -0.0060678469 0.9974756837 0.0707492903 0.2457893938 -0.0670924112 0.9669985175
129.8 -110.8 2054.8 0.9781097770 0.0723354667 -0.1951123774 -0.0665864274 0.9971355796 0.0358738340 0.1971484423 -0.0220967140 0.9801245928
101.1 -507.1 2063.6 0.9760079384 -0.1081385836 -0.1889830828 0.1308851093 0.9850142002 0.1123214886 0.1740047336 -0.1343617290 0.9755353928
-132.4 -215.5 1960.8 0 0 0 0 0 0 0 0 0
207.6 -267.0 1990.0 0 0 0 0 0 0 0 0 0
-83.7 -884.7 2084.7 0 0 0 0 0 0 0 0 0
142.4 -883.1 2114.9 0 0 0 0 0 0 0 0 0
51.0 494.7 2021.2 6 0.9971331358 0.0298757814 -0.0695191696 -0.0269255172 0.9987123609 0.0429951474 0.0707141683 -0.0410000458 0.9966536760
44.9 292.6 2029.5 0.9971331358 0.0298757814 -0.0695191696 -0.0269255172 0.9987123609 0.0429951474 0.0707141683 -0.0410000458 0.9966536760
38.9 94.1 2036.6 0.9971025586 0.0305388924 -0.0696699843 -0.0279378053 0.9988868237 0.0380083360 0.0707531646 -0.0359517820 0.9968457818
-100.7 296.7 2019.1 0.1708955467 -0.8389729857 -0.5166420937 0.9832281470 0.1113154516 0.1444687992 -0.0636951700 -0.5326661468 0.8439251781
-145.9 37.0 2036.0 -0.0498778298 -0.8391722441 -0.5415737629 0.9569865465 0.1150191426 -0.2663594484 0.2858127952 -0.5315642357 0.7973396778
190.6 288.5 2039.8 0.0893520191 0.9951798916 0.0404129550 -0.9954035282 0.0878207833 0.0382015556 0.0344683230 -0.0436405838 0.9984525442
215.4 12.5 2049.3 -0.0268641710 0.9977490902 0.0614418685 -0.9772803783 -0.0132867135 -0.2115336359 -0.2102411240 -0.0657286122 0.9754375815
-56.6 -104.6 2036.7 0.9705314636 0.0433108620 -0.2370502800 -0.0290760882 0.9975758791 0.0632212386 0.2392138094 -0.0544657037 0.9694380760
-73.8 -501.0 2058.3 0.9710631371 0.0325244293 -0.2365977466 -0.0155255776 0.9971847534 0.0733588934 0.2383176237 -0.0675628036 0.9688343406
126.2 -109.6 2051.1 0.9808449149 0.0571239628 -0.1862258613 -0.0496628731 0.9977746010 0.0444903895 0.1883528978 -0.0343896635 0.9814991355
103.5 -506.1 2064.8 0.9792183042 -0.0913490504 -0.1810713112 0.1148748249 0.9856102467 0.1240007281 0.1671383977 -0.1422243267 0.9756213427
-132.9 -211.8 1961.7 0 0 0 0 0 0 0 0 0
207.7 -266.8 1989.3 0 0 0 0 0 0 0 0 0
-86.2 -882.0 2084.1 0 0 0 0 0 0 0 0 0
138.4 -882.5 2119.1 0 0 0 0 0 0 0 0 0
51.3 495.1 2022.0 7 0.9979025722 0.0253590383 -0.0595601089 -0.0229846500 0.9989265203 0.0402177721 0.0605160594 -0.0387644507 0.9974142313
46.2 293.1 2029.8 0.9979025722 0.0253590383 -0.0595601089 -0.0229846500 0.9989265203 0.0402177721 0.0605160594 -0.0387644507 0.9974142313
41.0 94.5 2036.5 0.9978775978 0.0260218233 -0.0596920773 -0.0239548180 0.9990971684 0.0350859426 0.0605511852 -0.0335815623 0.9976000190
-99.6 296.5 2021.0 0.1783836931 -0.8426013589 -0.5081360340 0.9822169542 0.1217521578 0.1429203153 -0.0585581958 -0.5245944858 0.8493359685
-146.4 39.1 2036.3 -0.0438451357 -0.8422492146 -0.5373023748 0.9600094557 0.1133372784 -0.2560010552 0.2765130699 -0.5270397663 0.8035979271
191.9 289.6 2038.6 0.0916022658 0.9945396185 0.0500000641 -0.9951689243 0.0896479860 0.0400251150 0.0353241563 -0.0534249023 0.9979468584
217.0 16.8 2048.3 -0.0246751420 0.9972067475 0.0704973415 -0.9798135161 -0.0101300655 -0.1996567100 -0.1983848810 -0.0740008131 0.9773266315
-58.7 -101.8 2037.3 0.9731922150 0.0341025144 -0.2274508476 -0.0210596137 0.9980045557 0.0595267639 0.2290269881 -0.0531409569 0.9719684720
-72.2 -498.4 2058.4 0.9733322859 0.0328895114 -0.2270298600 -0.0170516763 0.9973039031 0.0713734031 0.2287651896 -0.0655987933 0.9712688923
124.2 -106.9 2050.2 0.9832315445 0.0451273099 -0.1766897440 -0.0394184776 0.9985852242 0.0356895290 0.1780503392 -0.0281262286 0.9836193323
106.3 -503.7 2061.4 0.9827136993 -0.0723388866 -0.1704137921 0.0982651561 0.9839448929 0.1489846557 0.1569003910 -0.1631549895 0.9740445018
-135.0 -210.4 1964.4 0 0 0 0 0 0 0 0 0
210.0 -263.2 1991.6 0 0 0 0 0 0 0 0 0
-84.8 -879.5 2083.4 0 0 0 0 0 0 0 0 0
133.9 -879.5 2123.7 0 0 0 0 0 0 0 0 0
52.1 494.4 2022.9 8 0.9976246357 0.0251465049 -0.0641301870 -0.0229126811 0.9991129041 0.0353334695 0.0649618059 -0.0337801464 0.9973158240
47.0 291.5 2029.7 0.9976246357 0.0251465049 -0.0641301870 -0.0229126811 0.9991129041 0.0353334695 0.0649618059 -0.0337801464 0.9973158240
41.4 93.0 2035.9 0.9975402951 0.0281308461 -0.0642027855 -0.0260767732 0.9991279244 0.0326104276 0.0650641546 -0.0308560133 0.9974039197
-98.8 295.3 2020.2 0.1875740439 -0.8400199413 -0.5090996623 0.9799224734 0.1243699566 0.1558334976 -0.0675865337 -0.5281085372 0.8464829922
-147.4 41.2 2037.7 -0.0440168642 -0.8396673799 -0.5413143039 0.9591778517 0.1159939989 -0.2579210997 0.2793571353 -0.5305695534 0.8002846837
192.7 287.7 2039.2 0.1068584472 0.9932299256 0.0455584303 -0.9937701225 0.1052331328 0.0367008634 0.0316581428 -0.0491964035 0.9982872605
221.7 18.1 2047.8 -0.0450467020 0.9965125918 0.0702382326 -0.9779525995 -0.0296377353 -0.2067130953 -0.2039104998 -0.0780014023 0.9758771658
-55.7 -101.8 2037.6 0.9719248414 0.0408524387 -0.2317178249 -0.0277762171 0.9978467226 0.0594174191 0.2336462140 -0.0513130203 0.9709667563
-71.9 -498.4 2058.0 0.9720495343 0.0452987999 -0.2303642035 -0.0251118112 0.9956413507 0.0898205191 0.2334288806 -0.0815251395 0.9689502716
127.3 -106.2 2048.7 0.9820417762 0.0543903336 -0.1806533039 -0.0473763272 0.9979546070 0.0429195128 0.1826182008 -0.0335900672 0.9826099277
105.7 -502.8 2062.0 0.9820486903 -0.0714982003 -0.1745518744 0.0964875519 0.9855587482 0.1391551793 0.1620817631 -0.1534992456 0.9747653604
-136.0 -208.1 1965.1 0 0 0 0 0 0 0 0 0
208.8 -261.4 1989.5 0 0 0 0 0 0 0 0 0
-89.2 -878.7 2089.1 0 0 0 0 0 0 0 0 0
133.0 -879.2 2120.7 0 0 0 0 0 0 0 0 0
52.8 493.8 2017.8 9 0.9969501495 0.0272017047 -0.0731470585 -0.0234073643 0.9983602762 0.0522389673 0.0744481012 -0.0503674671 0.9959521294
47.3 290.1 2028.1 0.9969501495 0.0272017047 -0.0731470585 -0.0234073643 0.9983602762 0.0522389673 0.0744481012 -0.0503674671 0.9959521294
41.6 91.6 2036.9 0.9968971610 0.0286551379 -0.0733136088 -0.0253004730 0.9986078739 0.0462843813 0.0745378286 -0.0442859009 0.9962343574
-98.4 293.7 2017.2 0.1780252159 -0.8364036679 -0.5183974504 0.9811151028 0.1103797033 0.1588380486 -0.0756321773 -0.5368847251 0.8402586579
-145.0 36.9 2037.0 -0.0369279794 -0.8369640708 -0.5460104346 0.9594708681 0.1230563149 -0.2535208464 0.2793778777 -0.5332431197 0.7984984517
192.9 286.4 2039.0 0.1124570444 0.9929664731 0.0370269418 -0.9928271770 0.1107629463 0.0450083651 0.0405905843 -0.0418228619 0.9983001947
223.6 15.3 2050.1 -0.0474851504 0.9967434406 0.0651738942 -0.9757570028 -0.0323320255 -0.2164552808 -0.2136431783 -0.0738722906 0.9741147161
-55.7 -103.2 2036.0 0.9697296619 0.0395685174 -0.2409538627 -0.0249578413 0.9976766706 0.0633906722 0.2429023236 -0.0554581285 0.9684641957
