-55.3 475.4 2129.2 3 0.9984319210 0.0209669285 -0.0519049689 -0.0162890386 0.9959019423 0.0889608040 0.0535574928 -0.0879758224 0.9946817756
-59.6 274.1 2147.0 0.9984319210 0.0209669285 -0.0519049689 -0.0162890386 0.9959019423 0.0889608040 0.0535574928 -0.0879758224 0.9946817756
-63.5 79.0 2162.7 0.9984450340 0.0199287832 -0.0520615093 -0.0156502742 0.9965640306 0.0813339576 0.0535035133 -0.0803927034 0.9953262806
-201.8 276.4 2139.4 0.1575421393 -0.8497988582 -0.5030132532 0.9872733951 0.1243367493 0.0991543233 -0.0217182040 -0.5122326016 0.8585721254
-244.0 12.0 2145.2 0.0495591238 -0.8485721946 -0.5267533660 0.9505560994 0.2019595653 -0.2359140813 0.3065730035 -0.4890169203 0.8166244030
82.7 271.9 2154.6 0.0837560669 0.7152094841 0.6938734055 -0.9935276508 0.1135537773 0.0028812599 -0.0767312422 -0.6896237731 0.7200912237
106.5 -10.0 2132.9 -0.0770932809 0.7180797458 0.6916777492 -0.9556523561 0.1445487440 -0.2565817535 -0.2842273116 -0.6807842255 0.6750908494
-158.5 -116.5 2170.4 0.8907188773 0.0142634325 -0.4543307424 -0.0213471558 0.9997173548 -0.0104657551 0.4540530443 0.0190207157 0.8907716274
-164.1 -507.9 2163.0 0.8896188140 0.0561887883 -0.4532341063 -0.0455446318 0.9983707070 0.0343748964 0.4544271231 -0.0099381749 0.8907284737
21.8 -119.4 2182.4 0.9342541099 -0.0235771127 0.3558277786 0.0411719568 0.9982708097 -0.0419549197 -0.3542233407 0.0538466834 0.9336093068
31.0 -510.4 2161.3 0.9347974658 0.0199086387 0.3546227813 -0.0203078762 0.9997904301 -0.0025963159 -0.3546001315 -0.0047746063 0.9350058436
-257.8 -253.1 2059.7 0 0 0 0 0 0 0 0 0
84.8 -279.1 2052.8 0 0 0 0 0 0 0 0 0
-185.3 -883.8 2166.7 0 0 0 0 0 0 0 0 0
23.5 -886.9 2163.1 0 0 0 0 0 0 0 0 0
-54.6 475.2 2127.2 4 0.9984071255 0.0265603289 -0.0497766212 -0.0218307786 0.9954023361 0.0932607949 0.0520248003 -0.0920255855 0.9943966866
-60.0 273.9 2145.9 0.9984071255 0.0265603289 -0.0497766212 -0.0218307786 0.9954023361 0.0932607949 0.0520248003 -0.0920255855 0.9943966866
-64.8 78.8 2162.3 0.9984446764 0.0247007646 -0.0499805696 -0.0203719996 0.9961438179 0.0853371397 0.0518957302 -0.0841862112 0.9950977564
-202.3 276.8 2138.5 0.1598856598 -0.8501365185 -0.5017015338 0.9868758321 0.1260015070 0.1009939089 -0.0226434600 -0.5112646222 0.8591250181
-244.8 13.9 2144.5 0.0467764325 -0.8490313888 -0.5262677073 0.9513012171 0.1985652298 -0.2357918620 0.3046931624 -0.4896095991 0.8169727921
82.3 271.0 2153.3 0.0881723836 0.7139769793 0.6945952177 -0.9933566451 0.1147906482 0.0081036342 -0.0739472285 -0.6906952858 0.7193551660
107.1 -8.7 2132.4 -0.0802129358 0.7168038487 0.6926457286 -0.9547425508 0.1444172859 -0.2600197494 -0.2864131629 -0.6821553111 0.6727790236
-157.6 -114.8 2173.6 0.8914504051 0.0135754189 -0.4529148340 -0.0189993009 0.9997919202 -0.0074281967 0.4527197480 0.0152269341 0.8915228248
-162.9 -506.4 2167.7 0.8894166946 0.0674431399 -0.4520944059 -0.0604917072 0.9977228045 0.0298327580 0.4530768991 0.0008142100 0.8914710879
22.9 -117.6 2183.3 0.9338153601 -0.0198773909 0.3572026491 0.0368425101 0.9984897971 -0.0407520235 -0.3558531404 0.0512151048 0.9331374764
30.7 -508.7 2163.3 0.9342734218 0.0137394285 0.3562926054 -0.0124471346 0.9999049902 -0.0059195617 -0.3563400805 0.0010956670 0.9343556762
-257.9 -251.4 2059.5 0 0 0 0 0 0 0 0 0
84.5 -277.7 2051.7 0 0 0 0 0 0 0 0 0
-188.3 -882.0 2167.4 0 0 0 0 0 0 0 0 0
25.5 -885.3 2162.8 0 0 0 0 0 0 0 0 0
-56.6 472.8 2127.8 5 0.9993185997 0.0334643088 -0.0155704366 -0.0319458917 0.9954976439 0.0892406702 0.0184867103 -0.0886824504 0.9958883524
-63.4 269.8 2145.9 0.9993185997 0.0334643088 -0.0155704366 -0.0319458917 0.9954976439 0.0892406702 0.0184867103 -0.0886824504 0.9958883524
-69.6 74.7 2161.9 0.9993731380 0.0316840634 -0.0157954022 -0.0302798562 0.9961422682 0.0823632851 0.0183440708 -0.0818333700 0.9964771867
-205.8 274.1 2143.2 0.1508779377 -0.8668469191 -0.4751970470 0.9885070920 0.1276933700 0.0809207708 -0.0094664078 -0.4819447994 0.8761504292
-245.3 15.0 2145.7 0.0421134718 -0.8658912778 -0.4984564185 0.9519953728 0.1861782223 -0.2429866791 0.3032017648 -0.4642951787 0.8321650624
78.9 265.5 2148.5 0.1007712707 0.6915392876 0.7152751684 -0.9933362007 0.1103503332 0.0332573466 -0.0559320860 -0.7138600945 0.6980511546
106.9 -10.8 2132.9 -0.0927418172 0.6952108741 0.7127978802 -0.9536458254 0.1438132077 -0.2643433213 -0.2862840891 -0.7042723894 0.6496474743
-159.9 -114.5 2174.1 0.9061121941 0.0078927604 -0.4229638577 -0.0144358864 0.9998205304 -0.0122686317 0.4227911234 0.0172226150 0.9060634971
-163.0 -506.1 2167.4 0.9042938948 0.0625623390 -0.4223014116 -0.0559418947 0.9980395436 0.0280647129 0.4232293069 -0.0017544077 0.9060208797
20.6 -118.2 2183.5 0.9214852452 -0.0239253342 0.3876757622 0.0420591943 0.9983785152 -0.0383577906 -0.3861294389 0.0516514704 0.9209973812
30.0 -509.2 2163.3 0.9221295714 0.0070574079 0.3868168890 -0.0037385365 0.9999494553 -0.0093316417 -0.3868632019 0.0071588531 0.9221093059
-257.1 -250.5 2061.1 0 0 0 0 0 0 0 0 0
80.8 -279.4 2052.3 0 0 0 0 0 0 0 0 0
-186.5 -881.9 2168.1 0 0 0 0 0 0 0 0 0
27.3 -885.8 2160.6 0 0 0 0 0 0 0 0 0
-57.3 471.3 2132.5 6 0.9993098974 0.0353783034 0.0113159548 -0.0361226238 0.9965852499 0.0742494315 -0.0086504957 -0.0746069551 0.9971755147
-64.5 268.9 2147.7 0.9993098974 0.0353783034 0.0113159548 -0.0361226238 0.9965852499 0.0742494315 -0.0086504957 -0.0746069551 0.9971755147
-71.1 73.7 2161.4 0.9993753433 0.0335343704 0.0111499168 -0.0342294089 0.9969983101 0.0694460869 -0.0087876171 -0.0697843656 0.9975233674
-206.8 273.8 2148.9 0.1542504728 -0.8778063655 -0.4535005987 0.9879164100 0.1440406293 0.0572144724 0.0150992814 -0.4568460584 0.8894176483
-248.0 10.0 2144.9 0.0283432007 -0.8773630261 -0.4789893031 0.9522716403 0.1693972349 -0.2539356351 0.3039332032 -0.4489305615 0.8402892351
77.9 264.1 2146.4 0.0971939936 0.6739770770 0.7323306799 -0.9939447045 0.1036253497 0.0365468077 -0.0512563176 -0.7314483523 0.6799677014
105.0 -14.0 2132.1 -0.0957795680 0.6791211963 0.7277504206 -0.9533084035 0.1477802545 -0.2633707225 -0.2864077687 -0.7189961076 0.6332575679
-166.1 -117.7 2176.3 0.9170534015 -0.0081993416 -0.3986801505 -0.0032598798 0.9996010065 -0.0280564595 0.3987511396 0.0270289220 0.9166607857
-162.9 -509.2 2165.7 0.9154417515 0.0564493500 -0.3984718621 -0.0481518805 0.9983647466 0.0308096986 0.3995594382 -0.0090173148 0.9166629314
14.4 -123.1 2179.6 0.9107536674 -0.0396874100 0.4110384881 0.0524775870 0.9984242916 -0.0198747311 -0.4096020460 0.0396712944 0.9114013314
30.0 -514.2 2164.1 0.9115028381 0.0034109033 0.4112796485 0.0080562141 0.9996256828 -0.0261449572 -0.4112148881 0.0271445587 0.9111341834
-255.9 -255.6 2060.1 0 0 0 0 0 0 0 0 0
78.1 -282.6 2051.4 0 0 0 0 0 0 0 0 0
-184.2 -885.2 2169.1 0 0 0 0 0 0 0 0 0
28.7 -890.6 2153.9 0 0 0 0 0 0 0 0 0
-56.5 469.0 2135.9 7 0.9993785620 0.0352318697 -0.0011196201 -0.0350740403 0.9970645308 0.0680602044 0.0035142216 -0.0679786429 0.9976806045
-63.6 266.8 2149.7 0.9993785620 0.0352318697 -0.0011196201 -0.0350740403 0.9970645308 0.0680602044 0.0035142216 -0.0679786429 0.9976806045
-70.4 71.4 2161.8 0.9994015694 0.0345641263 -0.0013409100 -0.0344154909 0.9974989891 0.0617363974 0.0034714208 -0.0616533048 0.9980915785
-206.0 271.7 2149.2 0.1597147137 -0.8712813854 -0.4640689492 0.9868770838 0.1522426456 0.0538122691 0.0237654597 -0.4665736258 0.8841630220
-248.2 10.9 2142.9 0.0191801153 -0.8711086512 -0.4907156825 0.9530436993 0.1642902941 -0.2543941438 0.3022247553 -0.4627941847 0.8333557248
78.8 261.9 2150.2 0.0857198462 0.6833101511 0.7250788808 -0.9941282272 0.1068984717 0.0167867411 -0.0660392717 -0.7222602963 0.6884612441
102.5 -13.8 2131.9 -0.0813200176 0.6879639626 0.7211744785 -0.9552906752 0.1525698155 -0.2532629669 -0.2842652500 -0.7095266581 0.6447985768
-168.0 -118.5 2175.8 0.9118878841 -0.0156927593 -0.4101393223 0.0013827622 0.9993805885 -0.0351639427 0.4104370773 0.0314984471 0.9113447666
-161.8 -509.9 2163.5 0.9093014002 0.0705761909 -0.4101096690 -0.0579529740 0.9973864555 0.0431470424 0.4120829701 -0.0154665941 0.9110150337
12.6 -124.6 2174.2 0.9160183668 -0.0464353263 0.3984396160 0.0509089939 0.9987030625 -0.0006486980 -0.3978927732 0.0208783802 0.9171943069
30.8 -515.7 2166.1 0.9166519046 0.0175689217 0.3993001282 -0.0100477664 0.9997306466 -0.0209213197 -0.3995601237 0.0151654938 0.9165815115
-253.6 -254.9 2058.6 0 0 0 0 0 0 0 0 0
79.6 -282.9 2051.8 0 0 0 0 0 0 0 0 0
-188.4 -885.5 2169.3 0 0 0 0 0 0 0 0 0
24.2 -892.2 2160.4 0 0 0 0 0 0 0 0 0
-56.0 468.2 2136.1 8 0.9993319511 0.0362677351 -0.0045093214 -0.0359033048 0.9972847104 0.0642976165 0.0068290061 -0.0640927628 0.9979205728
-63.4 266.1 2149.1 0.9993319511 0.0362677351 -0.0045093214 -0.0359033048 0.9972847104 0.0642976165 0.0068290061 -0.0640927628 0.9979205728
-70.5 70.7 2160.7 0.9993362427 0.0361254066 -0.0046890248 -0.0357840359 0.9975959063 0.0593456663 0.0068216384 -0.0591384843 0.9982264638
-205.8 271.2 2148.1 0.1536575854 -0.8705706000 -0.4674357474 0.9877912402 0.1476100236 0.0497965477 0.0256467909 -0.4693805873 0.8826234341
-246.6 8.6 2141.3 0.0280068386 -0.8701440692 -0.4920009077 0.9533523321 0.1712422073 -0.2485869527 0.3005577922 -0.4620880783 0.8343498111
79.0 261.0 2150.0 0.0854457542 0.6858011484 0.7227557302 -0.9939184189 0.1092453450 0.0138435764 -0.0694637597 -0.7195430994 0.6909649372
102.8 -15.6 2130.7 -0.0811805651 0.6899898052 0.7192522287 -0.9556843638 0.1509969085 -0.2527198493 -0.2829789817 -0.7078940868 0.6471544504
-167.5 -120.8 2173.5 0.9103329182 -0.0135920430 -0.4136535227 0.0090985373 0.9998762608 -0.0128311832 0.4137767553 0.0079170065 0.9103439450
-162.2 -512.4 2170.4 0.9076268673 0.0704500601 -0.4138239324 -0.0755577534 0.9971332550 0.0040351818 0.4129218757 0.0276051667 0.9103479981
13.1 -127.0 2174.2 0.9174000621 -0.0440905690 0.3955162466 0.0517106541 0.9986249208 -0.0086201765 -0.3945923150 0.0283605549 0.9184185266
30.4 -518.2 2163.1 0.9183833599 0.0087832315 0.3955943882 -0.0050815744 0.9999329448 -0.0104041146 -0.3956592381 0.0075447229 0.9183663726
-254.4 -257.3 2057.5 0 0 0 0 0 0 0 0 0
79.9 -284.8 2051.0 0 0 0 0 0 0 0 0 0
-188.7 -887.6 2160.1 0 0 0 0 0 0 0 0 0
27.1 -894.7 2160.2 0 0 0 0 0 0 0 0 0
-55.0 469.9 2137.2 9 0.9988277555 0.0350987390 -0.0333351977 -0.0329281837 0.9974340200 0.0635693371 0.0354808643 -0.0623971485 0.9974205494
-62.1 267.9 2149.8 0.9988277555 0.0350987390 -0.0333351977 -0.0329281837 0.9974340200 0.0635693371 0.0354808643 -0.0623971485 0.9974205494
-69.1 72.5 2161.2 0.9988000393 0.0357290991 -0.0334946997 -0.0337080620 0.9976841807 0.0590763837 0.0355278775 -0.0578764528 0.9976913929
-204.4 272.7 2144.8 0.1542299539 -0.8578220606 -0.4902595282 0.9879395366 0.1407873631 0.0644543543 0.0137319807 -0.4942875803 0.8691899776
-245.7 8.2 2141.1 0.0294849183 -0.8573506474 -0.5138876438 0.9510511756 0.1822839677 -0.2495479435 0.3076235652 -0.4813755751 0.8207589984
80.2 263.1 2154.9 0.0812321827 0.7055376768 0.7040013671 -0.9932684302 0.1158262342 -0.0014693276 -0.0825784951 -0.6991429329 0.7101970911
103.0 -16.4 2131.6 -0.0824348554 0.7085350752 0.7008441687 -0.9543702602 0.1464100629 -0.2602719069 -0.2870224118 -0.6903203130 0.6641355157
-167.8 -121.5 2171.6 0.8979733586 -0.0131060071 -0.4398545921 0.0159090646 0.9998698235 0.0026863751 0.4397621453 -0.0094099678 0.8980649710
-162.7 -513.0 2175.3 0.8961490989 0.0622438639 -0.4393659830 -0.0806244016 0.9964727163 -0.0232771225 0.4363673627 0.0562833920 0.8980064988
12.8 -127.9 2172.9 0.9282888770 -0.0461509489 0.3689848781 0.0528855175 0.9985672832 -0.0081526618 -0.3680799901 0.0270819832 0.9293996692
30.9 -519.1 2162.3 0.9294354916 0.0130235832 0.3687547743 -0.0127140265 0.9999138117 -0.0032693646 -0.3687655926 -0.0016496944 0.9295209646
-253.9 -257.1 2055.3 0 0 0 0 0 0 0 0 0
79.8 -285.3 2050.8 0 0 0 0 0 0 0 0 0
-186.1 -888.0 2154.1 0 0 0 0 0 0 0 0 0
26.0 -895.6 2162.9 0 0 0 0 0 0 0 0 0
-56.1 468.6 2138.2 0 0.9994178414 0.0328210481 0.0093139289 -0.0333019607 0.9978014231 0.0572998077 -0.0074128122 -0.0575766228 0.9983135462
-62.7 266.8 2149.9 0.9994178414 0.0328210481 0.0093139289 -0.0333019607 0.9978014231 0.0572998077 -0.0074128122 -0.0575766228 0.9983135462
-69.2 71.3 2160.1 0.9994079471 0.0331692360 0.0091433050 -0.0336019844 0.9980743527 0.0521392748 -0.0073962780 -0.0524156392 0.9985979795
-205.0 271.6 2150.9 0.1547192633 -0.8763672709 -0.4561166465 0.9871898293 0.1553446800 0.0363904759 0.0389638729 -0.4559040368 0.8891756535
-245.6 12.5 2140.7 0.0278645456 -0.8760792613 -0.4813612700 0.9535813332 0.1677417606 -0.2500906885 0.2998436689 -0.4520484507 0.8400868773
79.6 262.1 2148.8 0.0848816410 0.6764708757 0.7315615416 -0.9944534302 0.1032819822 0.0198801961 -0.0621087514 -0.7291913033 0.6814855337
103.2 -14.7 2131.5 -0.0814812481 0.6817498207 0.7270337343 -0.9554655552 0.1541565806 -0.2516372204 -0.2836306393 -0.7151594162 0.6388275623
-166.4 -119.9 2169.3 0.9159709215 -0.0121361483 -0.4010610878 0.0103818467 0.9999246597 -0.0065470454 0.4011103511 0.0018331484 0.9160279036
-161.6 -511.5 2168.6 0.9134428501 0.0682590604 -0.4012017250 -0.0705527663 0.9974668026 0.0090732975 0.4008047283 0.0200179555 0.9159447551
14.1 -125.9 2175.7 0.9118740559 -0.0432825536 0.4081817269 0.0522465818 0.9985754490 -0.0108319586 -0.4071314037 0.0312034804 0.9128364325
31.1 -517.1 2163.5 0.9127346277 0.0179622862 0.4081579149 -0.0150775630 0.9998334646 -0.0102839619 -0.4082746506 0.0032325012 0.9128534198
-253.4 -253.5 2057.1 0 0 0 0 0 0 0 0 0
80.2 -283.9 2051.6 0 0 0 0 0 0 0 0 0
-187.3 -886.7 2161.0 0 0 0 0 0 0 0 0 0
24.3 -893.7 2162.3 0 0 0 0 0 0 0 0 0
-55.6 467.8 2138.3 1 0.9993778467 0.0350261405 -0.0041276449 -0.0347439535 0.9978580475 0.0554267280 0.0060601882 -0.0552488342 0.9984542131
-62.6 265.9 2149.4 0.9993778467 0.0350261405 -0.0041276449 -0.0347439535 0.9978580475 0.0554267280 0.0060601882 -0.0552488342 0.9984542131
-69.7 70.4 2159.3 0.9993383288 0.0361175686 -0.0042904723 -0.0358530916 0.9980620742 0.0508586355 0.0061190482 -0.0506711565 0.9986966252
-205.0 271.0 2148.6 0.1529118866 -0.8711228967 -0.4666507244 0.9877797961 0.1491342485 0.0452780239 0.0301508792 -0.4678716958 0.8832819462
-245.3 10.3 2140.6 0.0328578129 -0.8705306649 -0.4910159707 0.9515566826 0.1775195003 -0.2510510981 0.3057126105 -0.4589805603 0.8341922164
79.7 260.8 2150.3 0.0885494053 0.6860373616 0.7221576571 -0.9939276576 0.1084011644 0.0188940074 -0.0653207377 -0.7194455266 0.6914703846
104.2 -14.7 2132.2 -0.0855049640 0.6903260946 0.7184279561 -0.9547542930 0.1493726224 -0.2571615577 -0.2848387957 -0.7079107761 0.6463196874
-166.0 -121.1 2171.1 0.9104839563 -0.0084890546 -0.4134573042 0.0057392083 0.9999523759 -0.0078924559 0.4135046303 0.0048130369 0.9104893208
-162.7 -512.8 2169.2 0.9081875682 0.0646250546 -0.4135443270 -0.0655847266 0.9977761507 0.0118925720 0.4133932292 0.0163215064 0.9104062915
14.5 -127.2 2169.7 0.9176485538 -0.0419345312 0.3951741159 0.0454482213 0.9989665747 0.0004699190 -0.3947854340 0.0175287407 0.9186061025
30.9 -518.4 2162.9 0.9184691310 0.0177143086 0.3950958252 -0.0202802867 0.9997916222 0.0023189276 -0.3949724138 -0.0101425201 0.9186369777
-254.5 -255.1 2055.3 0 0 0 0 0 0 0 0 0
80.1 -283.6 2051.9 0 0 0 0 0 0 0 0 0
-187.0 -888.4 2163.0 0 0 0 0 0 0 0 0 0
24.2 -895.0 2166.7 0 0 0 0 0 0 0 0 0
-56.2 467.5 2137.8 2 0.9994246960 0.0331884287 -0.0069896393 -0.0327221192 0.9977404475 0.0586790293 0.0089213103 -0.0584165528 0.9982524514
-62.9 265.5 2149.6 0.9994246960 0.0331884287 -0.0069896393 -0.0327221192 0.9977404475 0.0586790293 0.0089213103 -0.0584165528 0.9982524514
-69.1 70.0 2159.8 0.9994809628 0.0314005241 -0.0071944292 -0.0309818182 0.9981480241 0.0523507297 0.0088249464 -0.0521006659 0.9986028671
-205.3 269.9 2148.3 0.1578248292 -0.8692740798 -0.4684591293 0.9870487452 0.1526837796 0.0492182821 0.0287419297 -0.4701598585 0.8821131587
-247.1 8.6 2140.7 0.0335552804 -0.8687036633 -0.4941942394 0.9529837370 0.1768086255 -0.2460908294 0.3011578321 -0.4627014399 0.8337933421
79.5 261.1 2150.8 0.0864397436 0.6873388886 0.7211750746 -0.9936840534 0.1114749014 0.0128578572 -0.0715552121 -0.7177315950 0.6926335096
103.6 -16.0 2130.9 -0.0664448887 0.6918833256 0.7189453840 -0.9557441473 0.1628292948 -0.2450300008 -0.2865975499 -0.7034088969 0.6504443288
-167.1 -121.8 2168.7 0.9093269706 -0.0122649986 -0.4159015119 0.0119713666 0.9999228716 -0.0033136844 0.4159100652 -0.0019656869 0.9094036222
-162.3 -513.5 2169.5 0.9071852565 0.0629980490 -0.4159882069 -0.0670415312 0.9977381825 0.0048954897 0.4153557122 0.0234473702 0.9093568325
13.5 -128.3 2169.8 0.9185371995 -0.0434229150 0.3929426074 0.0476898588 0.9988616109 -0.0010979407 -0.3924475908 0.0197478775 0.9195623398
30.5 -519.5 2162.1 0.9196025729 0.0088262251 0.3927508295 -0.0109762149 0.9999345541 0.0032287871 -0.3926966190 -0.0072801188 0.9196392298
-256.5 -257.2 2056.7 0 0 0 0 0 0 0 0 0
84.9 -285.3 2050.2 0 0 0 0 0 0 0 0 0
-186.0 -889.2 2160.6 0 0 0 0 0 0 0 0 0
27.1 -896.1 2164.8 0 0 0 0 0 0 0 0 0
-54.7 468.5 2137.5 3 0.9990128875 0.0344609469 -0.0280296020 -0.0326491892 0.9974975586 0.0627104938 0.0301205236 -0.0617334507 0.9976381063
-61.7 266.1 2150.0 0.9990128875 0.0344609469 -0.0280296020 -0.0326491892 0.9974975586 0.0627104938 0.0301205236 -0.0617334507 0.9976381063
-67.4 70.7 2160.9 0.9991754889 0.0291761979 -0.0282324087 -0.0275505390 0.9980308414 0.0563509017 0.0298209190 -0.0555266254 0.9980117679
-204.1 270.1 2145.8 0.1584901065 -0.8594002724 -0.4861193895 0.9870570898 0.1501137763 0.0564284436 0.0244785994 -0.4887709320 0.8720687032
-246.4 6.7 2139.3 0.0344116837 -0.8587226272 -0.5112839341 0.9522805810 0.1834183037 -0.2439659238 0.3032778800 -0.4784905314 0.8240566254
80.6 262.2 2154.3 0.0793048143 0.7016113997 0.7081328630 -0.9935643077 0.1132656336 -0.0009518357 -0.0808749348 -0.7035000324 0.7060785294
102.7 -14.9 2131.7 -0.0512965247 0.7064595222 0.7058920860 -0.9533917308 0.1758047640 -0.2452281862 -0.2973429859 -0.6855710149 0.6645145416
-165.6 -122.7 2169.2 0.9005365968 -0.0057509043 -0.4347421527 0.0032585212 0.9999737144 -0.0064781741 0.4347679615 0.0044172164 0.9005316496
-163.3 -514.4 2167.5 0.8981901407 0.0653385445 -0.4347244203 -0.0615691468 0.9978431463 0.0227657259 0.4352742434 0.0063176607 0.9002757668
15.1 -128.3 2170.8 0.9266164303 -0.0376186818 0.3741213679 0.0435123742 0.9990261197 -0.0073164473 -0.3734817803 0.0230584498 0.9273508787
29.8 -519.6 2161.8 0.9274758101 0.0043196538 0.3738582134 -0.0044336300 0.9999900460 -0.0005550941 -0.3738568723 -0.0011427125 0.9274857044
-256.0 -258.9 2054.7 0 0 0 0 0 0 0 0 0
88.3 -283.4 2048.0 0 0 0 0 0 0 0 0 0
-187.9 -890.1 2165.1 0 0 0 0 0 0 0 0 0
28.2 -896.2 2162.2 0 0 0 0 0 0 0 0 0
-55.6 469.8 2137.4 4 0.9985522628 0.0269782320 -0.0465350077 -0.0239816252 0.9976750016 0.0637928247 0.0481478311 -0.0625844821 0.9968776107
-61.1 267.1 2150.1 0.9985522628 0.0269782320 -0.0465350077 -0.0239816252 0.9976750016 0.0637928247 0.0481478311 -0.0625844821 0.9968776107
-65.6 71.6 2161.1 0.9986444712 0.0229862556 -0.0466996841 -0.0202994570 0.9981554747 0.0572148748 0.0479287021 -0.0561893396 0.9972690940
-203.3 270.0 2143.3 0.1586274803 -0.8513406515 -0.5000563860 0.9872319102 0.1442057639 0.0676601157 0.0145092048 -0.5044043660 0.8633456826
-245.5 7.5 2139.4 0.0390502550 -0.8504446149 -0.5246132612 0.9539371133 0.1880155355 -0.2337823510 0.2974543869 -0.4913187623 0.8186126947
81.2 264.2 2156.9 0.0849166438 0.7131801248 0.6958184242 -0.9927629232 0.1200755313 -0.0019162863 -0.0849174261 -0.6906200051 0.7182151675
105.0 -14.0 2133.1 -0.0552599579 0.7177370191 0.6941180825 -0.9496834874 0.1768688112 -0.2584931254 -0.3082979321 -0.6734768152 0.6718492508
-163.5 -122.3 2169.1 0.8925792575 -0.0000326018 -0.4508904815 -0.0062304474 0.9999036193 -0.0124060428 0.4508474469 0.0138826268 0.8924930692
-163.4 -514.0 2163.7 0.8903041482 0.0680432767 -0.4502540231 -0.0556144789 0.9976186156 0.0407935008 0.4519575238 -0.0112779811 0.8919681907
17.1 -127.3 2174.5 0.9330127835 -0.0356230959 0.3580756187 0.0467255376 0.9986566305 -0.0223982893 -0.3567966819 0.0376291648 0.9334238768
31.1 -518.4 2159.8 0.9338303804 0.0286630075 0.3565658927 -0.0358142368 0.9992676973 0.0134684900 -0.3559187353 -0.0253474209 0.9341731071
-256.4 -258.6 2056.5 0 0 0 0 0 0 0 0 0
89.4 -281.5 2046.3 0 0 0 0 0 0 0 0 0
-189.1 -889.6 2167.9 0 0 0 0 0 0 0 0 0
20.3 -894.6 2169.3 0 0 0 0 0 0 0 0 0
-54.8 469.5 2131.8 5 0.9995360970 0.0300438907 -0.0050000837 -0.0295878425 0.9967759252 0.0745810568 0.0072246678 -0.0743985176 0.9972023964
-61.0 265.0 2147.1 0.9995360970 0.0300438907 -0.0050000837 -0.0295878425 0.9967759252 0.0745810568 0.0072246678 -0.0743985176 0.9972023964
-66.0 69.6 2160.3 0.9996557236 0.0257164873 -0.0052006282 -0.0253078826 0.9974043965 0.0674089044 0.0069206497 -0.0672540814 0.9977118969
-203.3 268.6 2146.1 0.1583333164 -0.8696141243 -0.4676557183 0.9871172309 0.1504547894 0.0544330664 0.0230252799 -0.4702495933 0.8822330832
-245.1 7.9 2140.0 0.0386088453 -0.8688355684 -0.4935930669 0.9533445835 0.1800323576 -0.2423271090 0.2994051278 -0.4612083137 0.8352505565
81.3 261.3 2148.1 0.0905274302 0.6850210428 0.7228768468 -0.9941576719 0.1050035283 0.0249958374 -0.0587819442 -0.7209163904 0.6905246377
106.4 -14.4 2131.8 -0.0588427782 0.6919214725 0.7195708752 -0.9505234361 0.1814180613 -0.2521759570 -0.3050291240 -0.6988077164 0.6470124125
-160.3 -122.1 2167.8 0.9103631973 0.0081040012 -0.4137308002 -0.0100505967 0.9999462962 -0.0025285224 0.4136880934 0.0064601148 0.9103957415
-163.5 -513.7 2165.3 0.9083150029 0.0644908696 -0.4132853448 -0.0579988845 0.9979168773 0.0282498952 0.4142462909 -0.0016897157 0.9101632833
20.2 -125.7 2176.5 0.9176617861 -0.0265509579 0.3964743018 0.0399139598 0.9988779426 -0.0254905540 -0.3953526318 0.0392165668 0.9176918864
30.6 -517.0 2161.1 0.9182839394 0.0144174481 0.3956598938 -0.0157928672 0.9998752475 0.0002190947 -0.3956073523 -0.0064497949 0.9183970690
-255.9 -258.0 2056.5 0 0 0 0 0 0 0 0 0
89.9 -282.2 2045.9 0 0 0 0 0 0 0 0 0
-187.8 -889.5 2165.9 0 0 0 0 0 0 0 0 0
25.1 -893.4 2163.6 0 0 0 0 0 0 0 0 0
-54.9 472.6 2128.6 6 0.9991449714 0.0344287343 -0.0228909682 -0.0324009880 0.9959623814 0.0837204903 0.0256809331 -0.0829072148 0.9962263107
-61.9 269.4 2145.5 0.9991449714 0.0344287343 -0.0228909682 -0.0324009880 0.9959623814 0.0837204903 0.0256809331 -0.0829072148 0.9962263107
-67.7 74.2 2160.1 0.9992952943 0.0295408685 -0.0231561363 -0.0277174246 0.9967635274 0.0754601806 0.0253103506 -0.0747651756 0.9968799353
-204.2 273.4 2141.9 0.1551362425 -0.8616360426 -0.4832350314 0.9878038168 0.1418718845 0.0641556233 0.0132786697 -0.4872942567 0.8731368780
-246.5 4.1 2138.2 0.0355239399 -0.8609036207 -0.5075263977 0.9531051517 0.1819137335 -0.2418635488 0.3005472124 -0.4751340747 0.8269939423
80.4 265.5 2149.1 0.0885225311 0.6974871755 0.7111085653 -0.9941337705 0.1064059213 0.0193872955 -0.0621437728 -0.7086532712 0.7028148174
105.4 -15.2 2131.5 -0.0529494248 0.7037708759 0.7084510326 -0.9508534074 0.1812098920 -0.2510792911 -0.3050806522 -0.6869275570 0.6595879793
-161.2 -123.4 2172.9 0.9025878310 0.0095878867 -0.4303990304 -0.0166142862 0.9997829795 -0.0125698391 0.4301851094 0.0184961557 0.9025511742
-165.0 -515.0 2165.6 0.9012349248 0.0553989150 -0.4297749996 -0.0502042137 0.9984641671 0.0234263092 0.4304127395 0.0004639056 0.9026320577
19.3 -128.0 2174.1 0.9246259332 -0.0284943264 0.3798090816 0.0408785231 0.9988617301 -0.0245793182 -0.3786764145 0.0382527113 0.9247382879
30.5 -519.3 2159.1 0.9253798723 0.0118372208 0.3788561225 -0.0142466137 0.9998921752 0.0035569859 -0.3787731826 -0.0086889798 0.9254487753
-256.4 -261.8 2054.4 0 0 0 0 0 0 0 0 0
90.5 -283.1 2045.6 0 0 0 0 0 0 0 0 0
-185.9 -891.0 2165.4 0 0 0 0 0 0 0 0 0
26.0 -895.8 2162.4 0 0 0 0 0 0 0 0 0
-56.2 473.8 2132.9 7 0.9989346862 0.0286509991 -0.0361740999 -0.0260726977 0.9972175360 0.0698387623 0.0380743966 -0.0688212067 0.9969021678
-62.1 269.0 2147.0 0.9989346862 0.0286509991 -0.0361740999 -0.0260726977 0.9972175360 0.0698387623 0.0380743966 -0.0688212067 0.9969021678
-67.1 73.6 2159.4 0.9990043044 0.0258922335 -0.0363318361 -0.0235275086 0.9976680279 0.0640697256 0.0379060209 -0.0631511286 0.9972838163
-204.4 272.3 2141.6 0.1554623097 -0.8567713499 -0.4917055070 0.9878199100 0.1381482929 0.0716023296 0.0065814513 -0.4968479574 0.8678126335
-245.8 9.3 2139.9 0.0344188437 -0.8561006784 -0.5156617165 0.9531382918 0.1832951158 -0.2406871766 0.3005707264 -0.4832127392 0.8222911358
80.2 265.6 2152.5 0.0849356130 0.7069090009 0.7021863461 -0.9940847158 0.1079946086 0.0115223415 -0.0676870942 -0.6990113258 0.7118999958
103.9 -11.4 2133.6 -0.0448108390 0.7130585313 0.6996710300 -0.9495667219 0.1871750653 -0.2515720427 -0.3103465438 -0.6756575108 0.6687091589
-163.7 -118.5 2172.5 0.8970757127 0.0030468111 -0.4418664277 -0.0093155811 0.9998843670 -0.0120179364 0.4417787194 0.0148972413 0.8970003724
-164.9 -510.1 2166.6 0.8952416778 0.0600844324 -0.4415112734 -0.0562579930 0.9981789589 0.0217673164 0.4420151412 0.0053515295 0.8969916105
16.8 -123.5 2177.0 0.9290780425 -0.0385353900 0.3678709269 0.0533334725 0.9981217980 -0.0301408619 -0.3660185039 0.0476230495 0.9293882251
31.9 -514.4 2158.4 0.9301401973 0.0317835175 0.3658265173 -0.0395172611 0.9991253614 0.0136700720 -0.3650721014 -0.0271715466 0.9305826426
-255.4 -256.6 2056.0 0 0 0 0 0 0 0 0 0
91.3 -278.9 2046.2 0 0 0 0 0 0 0 0 0
-187.5 -886.1 2164.6 0 0 0 0 0 0 0 0 0
19.9 -890.6 2168.6 0 0 0 0 0 0 0 0 0
-55.1 472.8 2135.1 8 0.9976714253 0.0329793766 -0.0597003289 -0.0290518440 0.9974295497 0.0655006617 0.0617070422 -0.0636137351 0.9960650206
-61.8 269.5 2148.1 0.9976714253 0.0329793766 -0.0597003289 -0.0290518440 0.9974295497 0.0655006617 0.0617070422 -0.0636137351 0.9960650206
-67.5 74.1 2159.5 0.9977848530 0.0289872345 -0.0598754771 -0.0253979452 0.9978835583 0.0598608926 0.0614839569 -0.0582075790 0.9964093566
-204.0 273.1 2139.3 0.1579769701 -0.8455208540 -0.5100370646 0.9874427319 0.1354679316 0.0812730268 0.0003756282 -0.5164716244 0.8563042283
-246.4 8.0 2139.2 0.0365886353 -0.8447923660 -0.5338419080 0.9539306164 0.1887101382 -0.2332485616 0.2977879643 -0.5007138848 0.8127779365
80.3 265.9 2156.8 0.0859205797 0.7228777409 0.6856131554 -0.9931777120 0.1166004241 0.0015264547 -0.0788393468 -0.6810668707 0.7279644608
104.2 -10.2 2134.9 -0.0449295267 0.7277069688 0.6844149828 -0.9492079020 0.1824775636 -0.2563323081 -0.3114251792 -0.6611689925 0.6825466156
-162.5 -119.7 2168.4 0.8863475323 0.0015175658 -0.4630180299 -0.0058529950 0.9999514818 -0.0079268962 0.4629835188 0.0097360276 0.8863134384
-163.1 -511.3 2164.6 0.8839640021 0.0695855618 -0.4623478353 -0.0561940782 0.9975066781 0.0426919349 0.4641658068 -0.0117569212 0.8856703043
18.1 -123.9 2175.2 0.9377626181 -0.0359657928 0.3454095423 0.0484836958 0.9984407425 -0.0276671089 -0.3438758850 0.0426919125 0.9380441308
32.2 -515.0 2158.5 0.9385137558 0.0324145406 0.3437167108 -0.0388479419 0.9991748929 0.0118455999 -0.3430491686 -0.0244699456 0.9389986396
-256.6 -258.1 2056.1 0 0 0 0 0 0 0 0 0
91.5 -277.6 2047.2 0 0 0 0 0 0 0 0 0
-189.3 -887.0 2169.0 0 0 0 0 0 0 0 0 0
20.0 -891.3 2167.7 0 0 0 0 0 0 0 0 0
-55.0 469.6 2136.2 9 0.9981892705 0.0337504745 -0.0497906283 -0.0306300782 0.9975963831 0.0621550232 0.0517687127 -0.0605173856 0.9968237877
-61.9 266.5 2148.5 0.9981892705 0.0337504745 -0.0497906283 -0.0306300782 0.9975963831 0.0621550232 0.0517687127 -0.0605173856 0.9968237877
-67.8 71.0 2159.4 0.9982951880 0.0301799569 -0.0499593839 -0.0273243263 0.9980066419 0.0568873137 0.0515766516 -0.0554252230 0.9971298575
-204.2 270.4 2141.2 0.1588950753 -0.8499559760 -0.5023218393 0.9872647524 0.1408021450 0.0740479156 0.0077905254 -0.5076904893 0.8615043163
-246.3 8.8 2139.1 0.0338588394 -0.8493101597 -0.5268071890 0.9526440501 0.1868084818 -0.2399415374 0.3021968305 -0.4937355816 0.8154153824
80.3 262.6 2155.9 0.0885462612 0.7162708640 0.6921818256 -0.9929673672 0.1182984039 0.0046084058 -0.0785831362 -0.6877220273 0.7217084765
104.8 -11.7 2134.1 -0.0488126054 0.7210661769 0.6911446452 -0.9494345784 0.1813713908 -0.2562779784 -0.3101472557 -0.6687062383 0.6757519245
-163.3 -119.1 2165.3 0.8908658624 -0.0000688146 -0.4542663991 0.0009053009 0.9999982715 0.0016239089 0.4542655051 -0.0018579328 0.8908644319
-163.3 -510.8 2166.0 0.8881547451 0.0706680417 -0.4540783167 -0.0637507141 0.9974982142 0.0305470359 0.4551010430 0.0018173221 0.8904379606
17.0 -123.7 2176.4 0.9344602823 -0.0367320627 0.3541676402 0.0466866456 0.9987172484 -0.0196005218 -0.3529933691 0.0348508060 0.9349765182
31.4 -514.9 2162.8 0.9350600243 0.0251687206 0.3535948694 -0.0249992050 0.9996747375 -0.0050475225 -0.3536068797 -0.0041198544 0.9353850484
-255.7 -256.9 2054.8 0 0 0 0 0 0 0 0 0
91.0 -279.2 2046.8 0 0 0 0 0 0 0 0 0
-189.9 -886.4 2165.3 0 0 0 0 0 0 0 0 0
21.9 -891.3 2164.3 0 0 0 0 0 0 0 0 0
-54.9 468.1 2136.2 0 0.9982215762 0.0344561674 -0.0486457385 -0.0315404013 0.9977307916 0.0594845563 0.0505849607 -0.0578444637 0.9970431924
-61.9 265.2 2148.0 0.9982215762 0.0344561674 -0.0486457385 -0.0315404013 0.9977307916 0.0594845563 0.0505849607 -0.0578444637 0.9970431924
-67.7 69.8 2158.5 0.9983788133 0.0293270983 -0.0487815887 -0.0266206954 0.9981185198 0.0552335642 0.0503096469 -0.0538454205 0.9972811341
-204.2 269.0 2140.8 0.1593762189 -0.8507912159 -0.5007529259 0.9872010946 0.1403131038 0.0758042634 0.0057686004 -0.5064252615 0.8622645736
-246.2 8.8 2139.3 0.0350759737 -0.8501156569 -0.5254265666 0.9510999322 0.1898397505 -0.2436591238 0.3068852723 -0.4911865890 0.8152037263
80.4 261.5 2155.2 0.0828555450 0.7156791687 0.6934971213 -0.9932497144 0.1159913018 -0.0010328995 -0.0811788589 -0.6887302399 0.7204586864
103.3 -13.8 2132.7 -0.0494906865 0.7203047276 0.6918900013 -0.9512957931 0.1770505011 -0.2523675859 -0.3042810261 -0.6706818938 0.6764605641
-163.9 -121.9 2165.6 0.8914194107 0.0029621329 -0.4531695545 -0.0007905672 0.9999873042 0.0049812887 0.4531785548 -0.0040821563 0.8914104104
-165.1 -513.7 2167.2 0.8897702098 0.0549518950 -0.4530885816 -0.0522707552 0.9984625578 0.0184477121 0.4534057081 0.0072690565 0.8912746310
16.5 -126.9 2174.9 0.9340379834 -0.0363412462 0.3553200364 0.0466910191 0.9986971021 -0.0205935240 -0.3541086912 0.0358253866 0.9345178604
30.7 -518.1 2160.8 0.9348500371 0.0190747976 0.3545300364 -0.0200976953 0.9997977018 -0.0007971353 -0.3544735014 -0.0063800341 0.9350442886
-256.0 -256.5 2053.7 0 0 0 0 0 0 0 0 0
89.4 -281.9 2046.9 0 0 0 0 0 0 0 0 0
-185.8 -889.6 2164.4 0 0 0 0 0 0 0 0 0
23.5 -894.6 2163.2 0 0 0 0 0 0 0 0 0
-54.2 466.5 2136.8 1 0.9982627034 0.0359917134 -0.0466496199 -0.0332357138 0.9977301955 0.0585652255 0.0486515984 -0.0569130443 0.9971930385
-61.5 263.7 2148.3 0.9982627034 0.0359917134 -0.0466496199 -0.0332357138 0.9977301955 0.0585652255 0.0486515984 -0.0569130443 0.9971930385
-67.4 68.2 2158.8 0.9984549284 0.0300134830 -0.0467651337 -0.0274235327 0.9981057048 0.0550724044 0.0483294614 -0.0537048467 0.9973866343
-203.8 267.6 2141.4 0.1583463848 -0.8513855338 -0.5000690818 0.9873051047 0.1429120451 0.0693163052 0.0124509977 -0.5046967864 0.8632069230
-245.5 7.7 2138.2 0.0325654075 -0.8507726192 -0.5245239735 0.9532453418 0.1841925532 -0.2395756096 0.3004377782 -0.4921981692 0.8169933558
80.8 259.8 2155.2 0.0789584443 0.7145753503 0.6950882077 -0.9935320616 0.1134880558 -0.0038096225 -0.0816064700 -0.6902916431 0.7189143896
102.6 -14.5 2132.7 -0.0499023572 0.7195931077 0.6926005483 -0.9507635832 0.1781502366 -0.2535964251 -0.3058731854 -0.6711544394 0.6752727628
-163.6 -123.3 2164.5 0.8923214674 0.0014271177 -0.4513982534 0.0016480328 0.9999780655 0.0064193015 0.4513975084 -0.0064719995 0.8922995329
-164.2 -515.0 2167.1 0.8905503154 0.0574258082 -0.4512454271 -0.0494457036 0.9983420372 0.0294666905 0.4521894455 -0.0039294218 0.8919132352
16.8 -128.1 2173.6 0.9333699346 -0.0369809605 0.3570055366 0.0460935682 0.9987916350 -0.0170475710 -0.3559437096 0.0323673487 0.9339466691
31.3 -519.4 2161.0 0.9339315891 0.0276326463 0.3563820422 -0.0290442128 0.9995771646 -0.0013907931 -0.3562698066 -0.0090519302 0.9343392849
-254.6 -258.2 2054.4 0 0 0 0 0 0 0 0 0
88.5 -282.4 2046.5 0 0 0 0 0 0 0 0 0
-185.8 -891.0 2168.5 0 0 0 0 0 0 0 0 0
20.9 -895.8 2164.4 0 0 0 0 0 0 0 0 0
-54.8 467.0 2137.0 2 0.9980826974 0.0370682329 -0.0495666303 -0.0340651199 0.9976098537 0.0601175912 0.0516766123 -0.0583138354 0.9969598651
-62.3 264.2 2148.9 0.9980826974 0.0370682329 -0.0495666303 -0.0340651199 0.9976098537 0.0601175912 0.0516766123 -0.0583138354 0.9969598651
-68.3 68.8 2159.4 0.9982944131 0.0305792987 -0.0497305579 -0.0278189499 0.9980831742 0.0552815534 0.0513257049 -0.0538038164 0.9972316027
-204.6 268.2 2141.6 0.1631701440 -0.8496974707 -0.5013878345 0.9865766764 0.1438611597 0.0772683546 0.0064755064 -0.5072653890 0.8617655635
-247.7 7.4 2139.8 0.0291099902 -0.8492172956 -0.5272405744 0.9528521895 0.1829554588 -0.2420743257 0.3020352423 -0.4953355789 0.8145043850
80.0 260.3 2156.2 0.0805308148 0.7163110375 0.6931185126 -0.9930239916 0.1177438051 -0.0063079502 -0.0861288682 -0.6877753139 0.7207960486
102.4 -16.1 2132.2 -0.0439394936 0.7210280895 0.6915112138 -0.9502883554 0.1834095269 -0.2516207993 -0.3082554340 -0.6681911349 0.6771256924
-163.5 -124.8 2165.0 0.8909736872 0.0019143998 -0.4540509582 0.0055761528 0.9998695850 0.0151576716 0.4540207684 -0.0160369445 0.8908467889
-164.2 -516.4 2171.3 0.8889151812 0.0606146753 -0.4540436268 -0.0660657585 0.9978078008 0.0038651358 0.4532825351 0.0265609585 0.8909710646
17.0 -129.7 2173.7 0.9344719052 -0.0356554128 0.3542470336 0.0450625718 0.9988158345 -0.0183389429 -0.3531736434 0.0331005082 0.9349720478
31.0 -521.0 2160.8 0.9351045489 0.0235418417 0.3535890579 -0.0246606097 0.9996950030 -0.0013417043 -0.3535127938 -0.0074650883 0.9353998899
-255.8 -258.3 2055.6 0 0 0 0 0 0 0 0 0
90.0 -283.8 2045.4 0 0 0 0 0 0 0 0 0
-187.1 -892.1 2161.3 0 0 0 0 0 0 0 0 0
22.1 -897.5 2163.6 0 0 0 0 0 0 0 0 0
-55.6 466.0 2137.1 3 0.9980368614 0.0342007242 -0.0524660796 -0.0310496055 0.9977307916 0.0597426891 0.0543902665 -0.0579963587 0.9968340397
-62.6 263.3 2148.9 0.9980368614 0.0342007242 -0.0524660796 -0.0310496055 0.9977307916 0.0597426891 0.0543902665 -0.0579963587 0.9968340397
-68.1 67.8 2159.5 0.9982205033 0.0280713178 -0.0526096374 -0.0251635090 0.9981614351 0.0551414974 0.0540608019 -0.0537195317 0.9970915914
-204.8 266.9 2141.2 0.1618376970 -0.8485493660 -0.5037584305 0.9867971539 0.1424290985 0.0771061257 0.0063215108 -0.5095860958 0.8603964448
-247.1 8.9 2139.6 0.0372196548 -0.8477521539 -0.5290850401 0.9521075487 0.1908781230 -0.2388656288 0.3034896255 -0.4948553443 0.8142556548
79.7 259.7 2156.6 0.0809781924 0.7179012299 0.6914191246 -0.9928212762 0.1193622947 -0.0076559372 -0.0880255774 -0.6858355999 0.7224133015
102.1 -15.0 2132.3 -0.0397463962 0.7224564552 0.6902730465 -0.9502125382 0.1863428503 -0.2497448176 -0.3090572059 -0.6658325791 0.6790807247
-164.5 -124.2 2165.3 0.8897086382 -0.0030567953 -0.4565185905 0.0077833664 0.9999337792 0.0084735546 0.4564624727 -0.0110922465 0.8896735311
-163.3 -515.9 2169.6 0.8868358731 0.0714401156 -0.4565287232 -0.0728401095 0.9972373843 0.0145566743 0.4563074410 0.0203442201 0.8895896077
16.0 -129.2 2174.6 0.9353123307 -0.0370790698 0.3518749475 0.0475659557 0.9986430407 -0.0212014765 -0.3506113589 0.0365672708 0.9358068705
30.5 -520.4 2160.3 0.9361858368 0.0118632950 0.3513051867 -0.0101065617 0.9999255538 -0.0068339221 -0.3513601124 0.0028473337 0.9362360835
-257.5 -256.7 2054.9 0 0 0 0 0 0 0 0 0
90.9 -282.7 2045.2 0 0 0 0 0 0 0 0 0
-190.2 -891.4 2162.0 0 0 0 0 0 0 0 0 0
26.0 -897.0 2159.2 0 0 0 0 0 0 0 0 0
-55.6 466.7 2137.2 4 0.9978936315 0.0336676203 -0.0554511845 -0.0302864499 0.9976948500 0.0607265197 0.0573678799 -0.0589191876 0.9966129661
-62.4 264.2 2149.2 0.9978936315 0.0336676203 -0.0554511845 -0.0302864499 0.9976948500 0.0607265197 0.0573678799 -0.0589191876 0.9966129661
-68.0 68.7 2159.8 0.9980443120 0.0285670049 -0.0556009822 -0.0254534520 0.9981105924 0.0559226982 0.0570934750 -0.0543980934 0.9968857169
-204.7 267.8 2141.0 0.1558539420 -0.8475413322 -0.5073295236 0.9877335429 0.1387076378 0.0717121959 0.0095914239 -0.5122830272 0.8587631583
-246.1 5.3 2138.5 0.0420787409 -0.8465120792 -0.5307039618 0.9537941217 0.1921989471 -0.2309465855 0.2974998057 -0.4964643717 0.8154857159
79.8 260.5 2157.3 0.0799940154 0.7199636698 0.6893861890 -0.9928335547 0.1191485152 -0.0092282873 -0.0887833685 -0.6837075353 0.7243352532
102.1 -15.5 2132.6 -0.0381053053 0.7245138884 0.6882060766 -0.9500380754 0.1872491688 -0.2497306168 -0.3097993135 -0.6633380055 0.6811805964
-163.8 -125.4 2165.1 0.8883341551 0.0006077868 -0.4591972530 0.0030575425 0.9999691248 0.0072384742 0.4591874480 -0.0078341989 0.8883048296
-164.0 -517.1 2168.2 0.8862812519 0.0609739721 -0.4591162801 -0.0558538698 0.9981324077 0.0247385316 0.4597672522 0.0037181233 0.8880316615
16.7 -130.0 2174.9 0.9365023375 -0.0353111066 0.3488788307 0.0436645858 0.9989163876 -0.0161062833 -0.3479320705 0.0303172227 0.9370294213
30.5 -521.3 2163.0 0.9371054173 0.0109364213 0.3488751650 -0.0057112710 0.9998556376 -0.0160022285 -0.3489997983 0.0130032543 0.9370325804
-257.8 -260.7 2055.5 0 0 0 0 0 0 0 0 0
91.3 -283.2 2045.3 0 0 0 0 0 0 0 0 0
-187.0 -893.0 2166.8 0 0 0 0 0 0 0 0 0
26.4 -897.8 2158.1 0 0 0 0 0 0 0 0 0
-55.4 465.9 2137.2 5 0.9978639483 0.0371373333 -0.0537433624 -0.0339119285 0.9976383448 0.0597308166 0.0558346808 -0.0577806868 0.9967666864
-62.9 263.6 2149.0 0.9978639483 0.0371373333 -0.0537433624 -0.0339119285 0.9976383448 0.0597308166 0.0558346808 -0.0577806868 0.9967666864
-69.1 68.1 2159.5 0.9980357289 0.0319444276 -0.0538908206 -0.0289493222 0.9980405569 0.0554709099 0.0555572100 -0.0538018495 0.9970048666
-205.1 267.7 2141.0 0.1530315727 -0.8489207029 -0.5058804154 0.9881963134 0.1350980699 0.0722259507 0.0070293583 -0.5109619498 0.8595745564
-245.6 6.4 2139.2 0.0380779579 -0.8481197953 -0.5284343362 0.9536220431 0.1888551712 -0.2343901992 0.2985885143 -0.4950015247 0.8159769773
79.4 259.5 2156.9 0.0820317492 0.7191900015 0.6899540424 -0.9928922057 0.1188728511 -0.0058605024 -0.0862316117 -0.6845691800 0.7238294482
102.0 -14.6 2133.1 -0.0441737100 0.7236480713 0.6887540221 -0.9505791664 0.1816385686 -0.2518068850 -0.3073238730 -0.6658384800 0.6798611283
-163.8 -124.5 2165.3 0.8890327811 0.0020771497 -0.4578388631 -0.0015722234 0.9999976754 0.0014838992 0.4578408897 -0.0005994100 0.8890339732
-164.7 -516.2 2165.6 0.8874386549 0.0555241220 -0.4575693607 -0.0461989455 0.9984337687 0.0315546244 0.4586047232 -0.0068635740 0.8886138797
16.6 -129.1 2175.6 0.9358533025 -0.0379005224 0.3503457606 0.0482282937 0.9986197948 -0.0207977295 -0.3490739465 0.0363602005 0.9363895059
31.4 -520.3 2161.4 0.9366314411 0.0263551548 0.3493236005 -0.0294036157 0.9995617270 0.0034258980 -0.3490802050 -0.0134801809 0.9369958639
-256.2 -259.6 2055.9 0 0 0 0 0 0 0 0 0
89.6 -282.4 2046.5 0 0 0 0 0 0 0 0 0
-185.6 -892.2 2168.1 0 0 0 0 0 0 0 0 0
21.5 -896.6 2166.5 0 0 0 0 0 0 0 0 0
-54.6 467.6 2137.8 6 0.9976794720 0.0398648381 -0.0551950149 -0.0365833528 0.9975733161 0.0592379160 0.0574225821 -0.0570812337 0.9967167974
-62.7 265.1 2149.3 0.9976794720 0.0398648381 -0.0551950149 -0.0365833528 0.9975733161 0.0592379160 0.0574225821 -0.0570812337 0.9967167974
-69.3 69.6 2159.8 0.9979059696 0.0334728174 -0.0553470775 -0.0304205287 0.9980173111 0.0551000647 0.0570816994 -0.0533009954 0.9969456792
-204.9 269.4 2141.2 0.1553076804 -0.8479474783 -0.5068181157 0.9878472090 0.1364822835 0.0743668228 0.0061125392 -0.5122086406 0.8588392735
-246.0 8.4 2139.6 0.0417720117 -0.8469358683 -0.5300515890 0.9548518062 0.1900171638 -0.2283669561 0.2941310704 -0.4965813756 0.8166356683
79.5 260.8 2157.5 0.0806565806 0.7202641964 0.6889949441 -0.9927305579 0.1200029552 -0.0092360247 -0.0893338025 -0.6832413673 0.7247073054
102.0 -15.5 2132.6 -0.0514562167 0.7243637443 0.6874950528 -0.9511071444 0.1743840277 -0.2549223304 -0.3045446575 -0.6669988036 0.6799743772
-165.6 -124.7 2165.0 0.8883192539 0.0015917263 -0.4592237175 -0.0044674044 0.9999766350 -0.0051756734 0.4592047334 0.0066491882 0.8883056045
