60.7 487.9 2025.6 6 0.9953751564 -0.0036048256 -0.0959962234 0.0125783477 0.9955831170 0.0930377394 0.0952368379 -0.0938149318 0.9910240769
61.5 285.4 2044.7 0.9953751564 -0.0036048256 -0.0959962234 0.0125783477 0.9955831170 0.0930377394 0.0952368379 -0.0938149318 0.9910240769
62.1 87.4 2061.2 0.9953805208 -0.0030504221 -0.0959602371 0.0109848548 0.9965499043 0.0822654516 0.0953782201 -0.0829395354 0.9919798374
-83.9 283.8 2030.8 0.1411793083 -0.8245380521 -0.5479100347 0.9883427620 0.0855343491 0.1259462833 -0.0569823720 -0.5593039393 0.8270018697
-120.5 27.3 2045.5 -0.0346786864 -0.8261168599 -0.5624306798 0.9656929374 0.1172228083 -0.2317240089 0.2573608160 -0.5511712432 0.7937100530
206.8 287.0 2058.6 0.1319192946 0.9912420511 0.0060431296 -0.9832448363 0.1300764084 0.1277093142 0.1258047670 -0.0227891989 0.9917932153
241.5 28.6 2091.7 -0.0012317795 0.9987072349 0.0508167557 -0.9762482047 0.0098085804 -0.2164330035 -0.2166516334 -0.0498763621 0.9749740362
-28.0 -110.6 2066.7 0.9572381973 0.1039816067 -0.2699683607 -0.0965975076 0.9944978356 0.0405331366 0.2726976573 -0.0127215935 0.9620156884
-69.3 -505.8 2071.8 0.9613674283 0.0507902540 -0.2705420256 -0.0428990647 0.9984659553 0.0350059271 0.2719049454 -0.0220475588 0.9620715380
154.1 -108.2 2088.3 0.9688071012 0.1044218391 -0.2247417271 -0.1025168747 0.9945269227 0.0201620385 0.2256170511 0.0035066933 0.9742097259
112.6 -503.4 2086.9 0.9742889404 -0.0504676253 -0.2195771039 0.0666575730 0.9955268502 0.0669553354 0.2152158320 -0.0798703209 0.9732948542
-111.5 -223.7 1978.6 0 0 0 0 0 0 0 0 0
241.2 -250.5 2029.7 0 0 0 0 0 0 0 0 0
-88.7 -887.3 2080.2 0 0 0 0 0 0 0 0 0
131.9 -883.7 2117.4 0 0 0 0 0 0 0 0 0
59.1 487.1 2023.7 7 0.9973730445 -0.0013858012 -0.0724232271 0.0080076680 0.9957982898 0.0912228450 0.0719925091 -0.0915631503 0.9931934476
59.4 284.8 2042.3 0.9973730445 -0.0013858012 -0.0724232271 0.0080076680 0.9957982898 0.0912228450 0.0719925091 -0.0915631503 0.9931934476
59.7 86.8 2058.8 0.9973734021 -0.0017665467 -0.0724098235 0.0077728271 0.9965399504 0.0827508718 0.0720131025 -0.0830963477 0.9939361811
-86.3 283.6 2031.8 0.1324087828 -0.8388533592 -0.5280084610 0.9889331460 0.0758339614 0.1275166273 -0.0669267699 -0.5390493870 0.8396109343
-120.9 25.2 2049.3 -0.0300034694 -0.8410223126 -0.5401678085 0.9638217688 0.1188516989 -0.2385831475 0.2648535967 -0.5277837515 0.8070296645
205.0 285.9 2052.8 0.1370958686 0.9900812507 0.0307221022 -0.9838394523 0.1324944049 0.1204376370 0.1151725352 -0.0467371158 0.9922453761
241.0 27.7 2083.0 -0.0016509724 0.9972217083 0.0744726062 -0.9769819975 0.0142777078 -0.2128435075 -0.2133154571 -0.0731097907 0.9742440581
-28.6 -111.7 2068.9 0.9623792171 0.1073951349 -0.2495846599 -0.1058841422 0.9941869974 0.0195130110 0.2502294183 0.0076481402 0.9681563377
-71.2 -506.7 2065.9 0.9691829085 0.0317082107 -0.2442929149 -0.0160165057 0.9976940751 0.0659543052 0.2458208948 -0.0600090697 0.9674559236
154.0 -109.6 2086.4 0.9742789268 0.0979580879 -0.2029403299 -0.0980200022 0.9951364994 0.0097705815 0.2029104382 0.0103729414 0.9791423678
115.0 -505.1 2082.3 0.9805473685 -0.0366352312 -0.1928333044 0.0574099235 0.9929947853 0.1032734215 0.1876990348 -0.1123350263 0.9757816792
-113.1 -225.4 1980.4 0 0 0 0 0 0 0 0 0
240.5 -251.6 2022.1 0 0 0 0 0 0 0 0 0
-83.4 -887.6 2088.8 0 0 0 0 0 0 0 0 0
129.0 -884.3 2125.2 0 0 0 0 0 0 0 0 0
59.1 485.8 2024.2 8 0.9976047277 0.0035936437 -0.0690791085 0.0023451948 0.9963183403 0.0856987089 0.0691327527 -0.0856554359 0.9939234257
58.4 283.8 2041.6 0.9976047277 0.0035936437 -0.0690791085 0.0023451948 0.9963183403 0.0856987089 0.0691327527 -0.0856554359 0.9939234257
57.8 85.7 2057.4 0.9976051450 0.0030303407 -0.0690997392 0.0024779739 0.9968325496 0.0794906318 0.0691217557 -0.0794714913 0.9944377542
-87.3 283.4 2031.5 0.1244109347 -0.8423795104 -0.5243269205 0.9892274737 0.0642186180 0.1315482259 -0.0771419704 -0.5350446105 0.8412944674
-119.7 25.8 2051.6 -0.0191134363 -0.8455057740 -0.5336240530 0.9628006220 0.1283184439 -0.2378011644 0.2695360780 -0.5183187723 0.8116008639
204.1 284.1 2051.7 0.1357838511 0.9900938869 0.0357334949 -0.9857016206 0.1313733608 0.1055145115 0.0997748449 -0.0495497286 0.9937755466
239.9 24.3 2078.0 -0.0059893690 0.9969947338 0.0772374347 -0.9765771031 0.0107814493 -0.2148974538 -0.2150843590 -0.0767154098 0.9735776782
-31.4 -112.0 2068.7 0.9639679790 0.0998263881 -0.2465774119 -0.0984147787 0.9949813485 0.0180742424 0.2471442074 0.0068438705 0.9689545631
-71.0 -507.4 2066.0 0.9695031047 0.0372330025 -0.2422342300 -0.0235243347 0.9979664683 0.0592417158 0.2439473718 -0.0517366305 0.9684074521
151.5 -110.6 2081.9 0.9755964279 0.0925879180 -0.1990958154 -0.0910611674 0.9957030416 0.0168317351 0.1997987330 0.0017089171 0.9798354506
114.7 -506.3 2081.2 0.9807209969 -0.0476379544 -0.1895176470 0.0694735348 0.9914679527 0.1102939621 0.1826464832 -0.1213340685 0.9756630063
-114.8 -224.4 1981.5 0 0 0 0 0 0 0 0 0
238.2 -254.9 2016.5 0 0 0 0 0 0 0 0 0
-85.3 -888.5 2085.8 0 0 0 0 0 0 0 0 0
132.9 -885.0 2127.6 0 0 0 0 0 0 0 0 0
57.7 489.1 2029.0 9 0.9992843270 -0.0002640760 -0.0378257446 0.0027593037 0.9978204966 0.0659293905 0.0377258956 -0.0659865811 0.9971070886
57.8 286.4 2042.4 0.9992843270 -0.0002640760 -0.0378257446 0.0027593037 0.9978204966 0.0659293905 0.0377258956 -0.0659865811 0.9971070886
57.2 88.1 2055.3 0.9992802739 0.0028252718 -0.0378272496 -0.0003700202 0.9979009628 0.0647572204 0.0379308090 -0.0646966174 0.9971838593
-88.1 286.4 2036.9 0.1331716180 -0.8580864072 -0.4959365129 0.9882565737 0.0771392062 0.1319032162 -0.0749282017 -0.5076782703 0.8582823277
-122.9 27.9 2056.5 -0.0290608890 -0.8603942394 -0.5087997913 0.9575092793 0.1221540719 -0.2612554729 0.2869346738 -0.4947728217 0.8202854991
203.7 286.4 2047.9 0.1279768795 0.9897409081 0.0635209307 -0.9859143496 0.1200053915 0.1164970398 0.1076790318 -0.0775351226 0.9911576509
238.1 21.4 2076.9 -0.0150653189 0.9945271611 0.1033864543 -0.9738540649 0.0088459337 -0.2270021141 -0.2266743183 -0.1041031778 0.9683910608
-34.3 -112.6 2066.8 0.9722190499 0.0913992077 -0.2154908031 -0.0912045613 0.9957728982 0.0108683845 0.2155732661 0.0090872943 0.9764453769
-70.6 -508.3 2063.2 0.9769553542 0.0332982913 -0.2108304054 -0.0213068631 0.9980367422 0.0588959791 0.2123776227 -0.0530466102 0.9757468104
148.7 -112.2 2079.5 0.9826585054 0.0804979280 -0.1670401096 -0.0786703527 0.9967463613 0.0175402705 0.1679085791 -0.0040949904 0.9857940674
116.7 -508.3 2081.1 0.9870579243 -0.0180765595 -0.1593420804 0.0351245329 0.9938694239 0.1048323661 0.1564702094 -0.1090724394 0.9816416502
-115.4 -221.0 1981.9 0 0 0 0 0 0 0 0 0
233.8 -256.9 2012.1 0 0 0 0 0 0 0 0 0
-83.3 -889.6 2083.5 0 0 0 0 0 0 0 0 0
123.6 -887.8 2122.8 0 0 0 0 0 0 0 0 0
57.8 487.3 2025.9 0 0.9994519353 0.0001799075 -0.0331031196 0.0022138963 0.9973831773 0.0722626671 0.0330294967 -0.0722963437 0.9968361259
57.8 284.9 2040.6 0.9994519353 0.0001799075 -0.0331031196 0.0022138963 0.9973831773 0.0722626671 0.0330294967 -0.0722963437 0.9968361259
57.0 86.7 2054.4 0.9994445443 0.0037939977 -0.0331082195 -0.0014778757 0.9975667596 0.0697020516 0.0332921110 -0.0696144104 0.9970182776
-88.2 285.1 2035.7 0.1474949718 -0.8595302105 -0.4893394411 0.9847413898 0.0814198703 0.1538023800 -0.0923558399 -0.5045579076 0.8584240079
-126.1 32.3 2059.4 -0.0332639068 -0.8614848852 -0.5066925287 0.9569208026 0.1188586578 -0.2649059296 0.2884372473 -0.4936764538 0.8204191327
203.7 284.7 2045.4 0.1317271292 0.9889284372 0.0683263540 -0.9850327373 0.1228549555 0.1209016144 0.1111688167 -0.0832297206 0.9903101921
238.6 24.1 2074.8 -0.0279210452 0.9935604334 0.1098090932 -0.9735183120 -0.0020928171 -0.2285995334 -0.2268976569 -0.1132839024 0.9673076868
-35.0 -110.1 2064.6 0.9735506773 0.0859980136 -0.2116681039 -0.0863133147 0.9962377548 0.0077672456 0.2115397304 0.0107079688 0.9773107171
-69.2 -506.0 2060.4 0.9782319069 0.0514515452 -0.2010351568 -0.0283192247 0.9928112030 0.1162926033 0.2055733800 -0.1080679744 0.9726566076
148.2 -110.2 2071.6 0.9835399389 0.0817025974 -0.1611639559 -0.0765284151 0.9963405132 0.0380658768 0.1636842638 -0.0251056887 0.9861932993
115.7 -506.0 2081.6 0.9869838953 -0.0349407680 -0.1569774896 0.0490186550 0.9950256944 0.0867236406 0.1531664580 -0.0932896584 0.9837871194
-117.4 -216.4 1984.4 0 0 0 0 0 0 0 0 0
230.6 -254.1 2010.0 0 0 0 0 0 0 0 0 0
-88.8 -884.8 2101.6 0 0 0 0 0 0 0 0 0
129.1 -886.0 2117.2 0 0 0 0 0 0 0 0 0
56.2 487.6 2023.8 1 0.9995734096 0.0002679039 -0.0292040706 0.0020238140 0.9969187975 0.0784147233 0.0291350950 -0.0784403756 0.9964929819
56.2 285.4 2039.7 0.9995734096 0.0002679039 -0.0292040706 0.0020238140 0.9969187975 0.0784147233 0.0291350950 -0.0784403756 0.9964929819
55.7 87.2 2054.0 0.9995701909 0.0024580981 -0.0292132925 -0.0003582470 0.9974284172 0.0716688707 0.0293143373 -0.0716276020 0.9970005751
-89.8 285.5 2035.4 0.1299318224 -0.8627912402 -0.4885785580 0.9879923463 0.0711137950 0.1371637881 -0.0835990384 -0.5005338192 0.8616710901
-123.7 28.2 2057.2 -0.0035955242 -0.8650591373 -0.5016570091 0.9602404237 0.1370533109 -0.2432175279 0.2791512907 -0.4825858176 0.8301719427
202.2 285.4 2044.0 0.1332746446 0.9884198308 0.0725542232 -0.9850104451 0.1240141019 0.1198955029 0.1095093414 -0.0874456987 0.9901317954
237.6 23.2 2073.2 -0.0271670613 0.9930385947 0.1146138683 -0.9726043344 0.0002226567 -0.2324667126 -0.2308739424 -0.1177893803 0.9658275843
-35.4 -111.4 2065.2 0.9739909768 0.0907359496 -0.2076260448 -0.0903626680 0.9958447814 0.0113015873 0.2077887803 0.0077539994 0.9781429768
-71.5 -507.2 2062.1 0.9789963961 0.0480641164 -0.1981308907 -0.0274967737 0.9940622449 0.1052813083 0.2020146996 -0.0976220593 0.9745050073
147.9 -111.7 2071.3 0.9847970009 0.0752859637 -0.1565469056 -0.0683525503 0.9964464307 0.0492187515 0.1596960723 -0.0377700999 0.9864434004
117.9 -507.6 2086.3 0.9875136614 -0.0152830658 -0.1567903161 0.0227572434 0.9986828566 0.0459859632 0.1558809876 -0.0489798822 0.9865607619
-122.7 -221.3 1984.7 0 0 0 0 0 0 0 0 0
229.9 -254.8 2007.2 0 0 0 0 0 0 0 0 0
-89.8 -886.7 2099.4 0 0 0 0 0 0 0 0 0
123.8 -888.7 2105.0 0 0 0 0 0 0 0 0 0
54.9 487.9 2022.8 2 0.9994837046 -0.0017630749 -0.0320806131 0.0043782271 0.9966529608 0.0816316307 0.0318293162 -0.0817299411 0.9961461425
55.3 286.2 2039.3 0.9994837046 -0.0017630749 -0.0320806131 0.0043782271 0.9966529608 0.0816316307 0.0318293162 -0.0817299411 0.9961461425
55.3 88.0 2054.0 0.9994854927 0.0000564781 -0.0320740566 0.0023173939 0.9972577691 0.0739702210 0.0319902785 -0.0740064904 0.9967445135
-90.7 285.8 2034.7 0.1256512254 -0.8617134094 -0.4915910363 0.9885463119 0.0669987649 0.1352309436 -0.0835943222 -0.5029523969 0.8602620959
-123.6 27.0 2056.6 0.0108449301 -0.8637691736 -0.5037710071 0.9617374539 0.1469377428 -0.2312366515 0.2737580538 -0.4819876850 0.8323126435
201.3 286.5 2044.0 0.1387407929 0.9877882600 0.0708895326 -0.9850130677 0.1302354187 0.1130841225 0.1024708375 -0.0855164975 0.9910532832
238.3 23.7 2071.3 -0.0397452526 0.9926458597 0.1143438444 -0.9723652005 -0.0120761469 -0.2331525683 -0.2300571054 -0.1204506829 0.9656942487
-36.5 -111.0 2065.5 0.9734691978 0.0901970714 -0.2102908194 -0.0894783512 0.9959045649 0.0129499761 0.2105976343 0.0062100724 0.9775531292
-72.3 -506.8 2063.0 0.9786976576 0.0401486717 -0.2013429105 -0.0197499823 0.9945557714 0.1023171395 0.2043546438 -0.0961610302 0.9741623402
146.8 -111.0 2070.9 0.9839069247 0.0801476836 -0.1596981138 -0.0736452341 0.9962120652 0.0462374389 0.1627990156 -0.0337323323 0.9860824347
115.0 -506.9 2084.3 0.9864502549 -0.0425206497 -0.1584545076 0.0528349355 0.9967103004 0.0614578128 0.1553200185 -0.0689970106 0.9854516983
-126.4 -222.8 1985.4 0 0 0 0 0 0 0 0 0
226.9 -254.2 2005.6 0 0 0 0 0 0 0 0 0
-87.7 -886.6 2099.8 0 0 0 0 0 0 0 0 0
131.2 -887.3 2110.6 0 0 0 0 0 0 0 0 0
55.4 485.1 2019.8 3 0.9993399382 0.0002410491 -0.0363273248 0.0029797263 0.9960646629 0.0885796025 0.0362057127 -0.0886293799 0.9954064488
55.4 283.5 2037.7 0.9993399382 0.0002410491 -0.0363273248 0.0029797263 0.9960646629 0.0885796025 0.0362057127 -0.0886293799 0.9954064488
55.2 85.4 2053.3 0.9993395209 0.0006940971 -0.0363320410 0.0021624279 0.9969098568 0.0785244033 0.0362742729 -0.0785511062 0.9962499142
-90.6 283.2 2032.4 0.1345241964 -0.8588504195 -0.4942460954 0.9866797924 0.0700578168 0.1468157768 -0.0914669931 -0.5074129105 0.8568348289
-125.6 26.6 2056.2 0.0083131501 -0.8608858585 -0.5087302327 0.9615697861 0.1465050429 -0.2322064638 0.2744348049 -0.4872492552 0.8290197253
201.3 283.8 2043.0 0.1398018301 0.9878802299 0.0674395114 -0.9849258065 0.1317304820 0.1121079475 0.1018653810 -0.0820958093 0.9914049506
238.3 23.8 2069.9 -0.0476036221 0.9926373363 0.1113780662 -0.9722099900 -0.0204562955 -0.2332149893 -0.2292195112 -0.1193847433 0.9660257101
-36.4 -110.4 2065.8 0.9728574753 0.0878579766 -0.2140778750 -0.0851161778 0.9961279035 0.0220100917 0.2151827067 -0.0031911926 0.9765685797
-71.3 -506.3 2067.1 0.9768291116 0.0343879871 -0.2112399638 -0.0236831028 0.9983136654 0.0529996864 0.2127062976 -0.0467688181 0.9759962559
146.9 -110.0 2071.7 0.9833691120 0.0760746375 -0.1649175733 -0.0707268715 0.9967690110 0.0380688608 0.1672807932 -0.0257716402 0.9855723977
116.7 -506.1 2081.9 0.9865170717 -0.0273766331 -0.1613524109 0.0411396213 0.9957346320 0.0825836733 0.1584033221 -0.0881081745 0.9834354520
-127.8 -223.3 1984.9 0 0 0 0 0 0 0 0 0
224.6 -254.1 2004.4 0 0 0 0 0 0 0 0 0
-84.4 -887.2 2084.9 0 0 0 0 0 0 0 0 0
127.1 -886.2 2115.6 0 0 0 0 0 0 0 0 0
54.4 486.3 2015.8 4 0.9999854565 -0.0036734883 -0.0039553316 0.0040411274 0.9952418208 0.0973520353 0.0035788899 -0.0973666012 0.9952421784
55.2 283.1 2035.7 0.9999854565 -0.0036734883 -0.0039553316 0.0040411274 0.9952418208 0.0973520353 0.0035788899 -0.0973666012 0.9952421784
55.3 85.1 2052.2 0.9999921918 -0.0004967177 -0.0039256788 0.0008215764 0.9965334535 0.0831892267 0.0038707487 -0.0831917971 0.9965260625
-90.8 283.0 2035.1 0.1244486272 -0.8741675019 -0.4694077969 0.9893668294 0.0734365880 0.1255400330 -0.0752713084 -0.4800398052 0.8740114570
-123.4 24.2 2054.8 0.0119925747 -0.8756207228 -0.4828504622 0.9608194828 0.1438189298 -0.2369432151 0.2769154310 -0.4610905647 0.8430381417
201.2 283.2 2036.2 0.1365654171 0.9858837128 0.0968667790 -0.9830067754 0.1227566078 0.1364862919 0.1226685718 -0.1138600037 0.9858946800
237.4 22.2 2068.8 -0.0414435714 0.9892549515 0.1402038187 -0.9723132253 -0.0076326136 -0.2335566282 -0.2299769223 -0.1460014582 0.9621819854
-36.6 -112.9 2065.6 0.9792941809 0.0870842338 -0.1827546358 -0.0845502988 0.9961844683 0.0216265284 0.1839406639 -0.0057267747 0.9829206467
-71.2 -508.8 2067.9 0.9831007123 0.0411569923 -0.1783791184 -0.0291790124 0.9971717596 0.0692608207 0.1807251871 -0.0628854409 0.9815211892
146.7 -112.5 2072.3 0.9879083633 0.0789554492 -0.1334283650 -0.0748666823 0.9965651631 0.0353960097 0.1357647628 -0.0249786749 0.9904261827
115.3 -508.5 2082.2 0.9912397265 -0.0281710960 -0.1290356815 0.0397939384 0.9952897429 0.0884013623 0.1259375215 -0.0927617773 0.9876917601
-126.5 -225.5 1982.8 0 0 0 0 0 0 0 0 0
225.6 -255.7 2003.1 0 0 0 0 0 0 0 0 0
-86.9 -889.5 2091.9 0 0 0 0 0 0 0 0 0
126.1 -888.7 2117.6 0 0 0 0 0 0 0 0 0
54.0 485.4 2014.3 5 0.9999725223 -0.0039984556 -0.0062455223 0.0045961817 0.9950941801 0.0988252610 0.0058197347 -0.0988512486 0.9950851798
54.8 282.9 2034.4 0.9999725223 -0.0039984556 -0.0062455223 0.0045961817 0.9950941801 0.0988252610 0.0058197347 -0.0988512486 0.9950851798
55.1 84.9 2051.6 0.9999792576 -0.0017121097 -0.0062105372 0.0022437072 0.9962384105 0.0866255611 0.0060388632 -0.0866376981 0.9962216020
-91.3 282.6 2033.5 0.1209058538 -0.8735776544 -0.4714274406 0.9894168377 0.0676716268 0.1283545643 -0.0802254155 -0.4819570482 0.8725143671
-122.9 23.9 2054.5 0.0075663393 -0.8754397631 -0.4832680523 0.9612488151 0.1395533830 -0.2377509624 0.2755783200 -0.4627419710 0.8425713181
200.8 283.2 2035.3 0.1332241446 0.9864641428 0.0956024081 -0.9839187860 0.1200640798 0.1322437525 0.1189752966 -0.1116830707 0.9865960479
236.3 20.9 2067.0 -0.0396702103 0.9897701144 0.1370451152 -0.9732410312 -0.0072067683 -0.2296735197 -0.2263363451 -0.1424891204 0.9635708332
-36.3 -113.0 2068.4 0.9787087440 0.0868597776 -0.1859693676 -0.0860034898 0.9962140918 0.0126825925 0.1863669157 0.0035814508 0.9824736714
-70.8 -508.9 2066.9 0.9825992584 0.0498576984 -0.1789214760 -0.0345904790 0.9955675006 0.0874580443 0.1824888587 -0.0797472298 0.9799684882
147.1 -112.9 2069.1 0.9875813127 0.0783142745 -0.1361986250 -0.0747088566 0.9967111349 0.0313926935 0.1382091790 -0.0208275951 0.9901840687
115.9 -509.0 2077.3 0.9909577370 -0.0327319242 -0.1301206648 0.0464770161 0.9934863448 0.1040422097 0.1258676052 -0.1091490537 0.9860242605
-124.8 -225.9 1982.8 0 0 0 0 0 0 0 0 0
225.0 -257.3 2002.3 0 0 0 0 0 0 0 0 0
-89.8 -889.2 2097.4 0 0 0 0 0 0 0 0 0
128.4 -888.5 2119.0 0 0 0 0 0 0 0 0 0
54.4 484.5 2013.5 6 0.9993212819 -0.0152744306 -0.0335210003 0.0185526088 0.9948374033 0.0997715071 0.0318239927 -0.1003256962 0.9944455624
57.5 282.4 2033.9 0.9993212819 -0.0152744306 -0.0335210003 0.0185526088 0.9948374033 0.0997715071 0.0318239927 -0.1003256962 0.9944455624
60.3 84.4 2051.4 0.9993422031 -0.0142698595 -0.0333394445 0.0171426982 0.9960137010 0.0875373408 0.0319573991 -0.0880512893 0.9956032038
-88.4 279.9 2029.2 0.1281912029 -0.8611531258 -0.4919170141 0.9862750173 0.0586518198 0.1543422788 -0.1040605009 -0.5049507618 0.8568524718
-121.3 26.8 2055.9 0.0008890115 -0.8643336892 -0.5029179454 0.9594982862 0.1424159110 -0.2430652380 0.2817129791 -0.4823327959 0.8294533491
203.4 284.9 2038.6 0.1205826029 0.9901365638 0.0713405237 -0.9875766635 0.1123555154 0.1098571569 0.1007580832 -0.0837011039 0.9913838506
235.7 20.1 2065.6 -0.0384750254 0.9934755564 0.1073590592 -0.9743605256 -0.0134647330 -0.2245890051 -0.2216781378 -0.1132474989 0.9685214758
-36.2 -113.3 2068.3 0.9735173583 0.0869489536 -0.2114327103 -0.0862512961 0.9961945415 0.0125379590 0.2117182612 0.0060304245 0.9773121476
-70.8 -509.2 2065.9 0.9776706100 0.0534651317 -0.2032281011 -0.0340984799 0.9946383834 0.0976311341 0.2073583156 -0.0885213166 0.9742517471
147.2 -112.9 2069.4 0.9828999043 0.0869479626 -0.1623199880 -0.0831603035 0.9960845709 0.0299979188 0.1642926931 -0.0159863718 0.9862821102
112.6 -508.7 2075.7 0.9866871238 -0.0474159233 -0.1555641294 0.0638471171 0.9926936030 0.1023863852 0.1495727748 -0.1109556556 0.9825053811
-121.5 -222.6 1982.7 0 0 0 0 0 0 0 0 0
224.7 -258.5 2002.2 0 0 0 0 0 0 0 0 0
-91.2 -889.1 2099.7 0 0 0 0 0 0 0 0 0
130.7 -888.0 2118.1 0 0 0 0 0 0 0 0 0
53.7 487.8 2018.1 7 0.9990667105 -0.0179134291 -0.0393043235 0.0214005057 0.9956961274 0.0901732519 0.0375198498 -0.0909302235 0.9951502085
57.4 286.2 2036.6 0.9990667105 -0.0179134291 -0.0393043235 0.0214005057 0.9956961274 0.0901732519 0.0375198498 -0.0909302235 0.9951502085
61.1 88.2 2052.4 0.9990613461 -0.0186454747 -0.0390995033 0.0216924436 0.9966377020 0.0790112019 0.0374948382 -0.0797852054 0.9961066246
-88.6 283.0 2031.1 0.1151652634 -0.8591660261 -0.4985686243 0.9894778132 0.0549683757 0.1338361651 -0.0875819772 -0.5087358356 0.8564562201
-118.8 23.2 2054.1 -0.0025273154 -0.8628079891 -0.5055254698 0.9592105150 0.1408119798 -0.2451269627 0.2826815546 -0.4855248630 0.8272585869
203.3 289.4 2042.0 0.1352409273 0.9885406494 0.0670615360 -0.9875562787 0.1290043145 0.0899473578 0.0802653953 -0.0783916041 0.9936861992
239.6 24.0 2063.6 -0.0542842150 0.9929481149 0.1053909585 -0.9754787087 -0.0301893260 -0.2180135995 -0.2132945061 -0.1146413311 0.9702385068
-28.4 -115.0 2066.0 0.9709371924 0.1060531214 -0.2145545483 -0.1028035209 0.9943544269 0.0262806416 0.2161304206 -0.0034598894 0.9763583541
-70.6 -510.1 2067.4 0.9769138098 0.0415268242 -0.2095588148 -0.0271437131 0.9971032739 0.0710514784 0.2119023204 -0.0637229681 0.9752111435
154.8 -111.9 2071.9 0.9806171060 0.1024933904 -0.1669886857 -0.0990052447 0.9946612120 0.0291035399 0.1690800935 -0.0120066712 0.9855291843
114.0 -507.1 2076.7 0.9868927598 -0.0265226737 -0.1591829956 0.0429371521 0.9940019250 0.1005809307 0.1555605382 -0.1060974598 0.9821121097
-118.1 -226.1 1980.6 0 0 0 0 0 0 0 0 0
224.1 -254.8 2002.6 0 0 0 0 0 0 0 0 0
-86.4 -891.0 2091.7 0 0 0 0 0 0 0 0 0
124.2 -886.9 2117.2 0 0 0 0 0 0 0 0 0
53.1 488.5 2020.0 8 0.9994975328 -0.0188167058 -0.0255063716 0.0208754651 0.9963299036 0.0830118209 0.0238507502 -0.0835025683 0.9962220788
56.9 287.0 2036.8 0.9994975328 -0.0188167058 -0.0255063716 0.0208754651 0.9963299036 0.0830118209 0.0238507502 -0.0835025683 0.9962220788
60.4 88.9 2051.3 0.9995285273 -0.0173754022 -0.0253148619 0.0191699583 0.9971868396 0.0724632367 0.0239845701 -0.0729143545 0.9970497489
-89.0 284.2 2033.3 0.1241872087 -0.8648644090 -0.4864021540 0.9890977740 0.0688015372 0.1301994622 -0.0791396648 -0.4972683787 0.8639797568
-121.6 24.9 2054.1 -0.0142344367 -0.8674116731 -0.4973875284 0.9592954516 0.1284674108 -0.2514923811 0.2820455134 -0.4807214141 0.8302754164
202.9 289.8 2040.3 0.1398614049 0.9870452285 0.0786161423 -0.9862992764 0.1318602860 0.0991290063 0.0874784663 -0.0914033726 0.9919641614
240.2 26.9 2063.7 -0.0532343797 0.9915249944 0.1185084358 -0.9762153625 -0.0266970415 -0.2151529193 -0.2101656795 -0.1271432936 0.9693631530
-26.8 -111.9 2064.9 0.9738309979 0.1072493717 -0.2003765553 -0.1038620546 0.9942149520 0.0273726676 0.2021530718 -0.0058448301 0.9793365002
-69.4 -507.0 2067.2 0.9793895483 0.0479742624 -0.1962002367 -0.0358774066 0.9972561002 0.0647535771 0.1987683922 -0.0563798212 0.9784234762
156.4 -107.9 2071.7 0.9838011265 0.0938334540 -0.1527436823 -0.0902817100 0.9954630733 0.0300404765 0.1548694968 -0.0157638937 0.9878091812
119.1 -503.5 2078.0 0.9891111851 -0.0104588810 -0.1467979401 0.0239008386 0.9956454039 0.0901051387 0.1452163011 -0.0926325992 0.9850540161
-117.9 -224.5 1980.8 0 0 0 0 0 0 0 0 0
225.0 -252.1 2003.6 0 0 0 0 0 0 0 0 0
-87.8 -887.9 2088.7 0 0 0 0 0 0 0 0 0
123.1 -883.8 2113.4 0 0 0 0 0 0 0 0 0
52.1 486.9 2016.4 9 0.9992032647 -0.0184216183 -0.0354039259 0.0215275176 0.9957586527 0.0894499719 0.0336059518 -0.0901408643 0.9953618646
55.8 285.2 2034.6 0.9992032647 -0.0184216183 -0.0354039259 0.0215275176 0.9957586527 0.0894499719 0.0336059518 -0.0901408643 0.9953618646
59.3 87.1 2050.7 0.9992216825 -0.0177390259 -0.0352337174 0.0205155239 0.9965779185 0.0800719634 0.0336927474 -0.0807324797 0.9961661696
-90.2 282.2 2029.7 0.1254160106 -0.8598968983 -0.4948213100 0.9883099198 0.0647082478 0.1380447000 -0.0866851956 -0.5063498616 0.8579601049
-123.1 22.8 2052.5 -0.0252341982 -0.8628797531 -0.5047789812 0.9591670632 0.1213947013 -0.2554639876 0.2817121744 -0.4906137884 0.8245825171
201.7 288.2 2039.5 0.1437485665 0.9871591926 0.0696643814 -0.9855658412 0.1364443749 0.1002142727 0.0894221291 -0.0830644965 0.9925240278
239.5 29.2 2063.0 -0.0446950644 0.9928103089 0.1110408157 -0.9769902825 -0.0202357639 -0.2123216540 -0.2085481286 -0.1179755256 0.9708704352
-27.8 -111.0 2063.6 0.9720449448 0.1061284691 -0.2094407529 -0.0998256579 0.9941816330 0.0404694378 0.2125170976 -0.0184305515 0.9769835472
-70.0 -506.1 2071.0 0.9769657850 0.0347369611 -0.2105497718 -0.0290662553 0.9991281033 0.0299688689 0.2114072293 -0.0231586657 0.9771236777
155.5 -107.5 2068.0 0.9819578528 0.0958872214 -0.1629860699 -0.0917896405 0.9952477217 0.0325057134 0.1653283983 -0.0169588067 0.9860927463
117.4 -503.0 2074.8 0.9875426292 -0.0348825194 -0.1534363329 0.0543028340 0.9907625914 0.1242604628 0.1476844698 -0.1310445368 0.9803145528
-116.5 -226.5 1979.2 0 0 0 0 0 0 0 0 0
226.7 -250.1 2003.4 0 0 0 0 0 0 0 0 0
-83.3 -887.6 2079.8 0 0 0 0 0 0 0 0 0
130.7 -881.2 2124.8 0 0 0 0 0 0 0 0 0
51.8 488.6 2019.6 0 0.9996094704 -0.0158985779 -0.0229805242 0.0176556837 0.9967657924 0.0783981830 0.0216597803 -0.0787733048 0.9966572523
55.0 286.8 2035.5 0.9996094704 -0.0158985779 -0.0229805242 0.0176556837 0.9967657924 0.0783981830 0.0216597803 -0.0787733048 0.9966572523
57.6 88.6 2049.7 0.9996531606 -0.0130543057 -0.0228711758 0.0146459667 0.9973782897 0.0708667636 0.0218860973 -0.0711771548 0.9972235560
-91.0 284.7 2032.3 0.1221150830 -0.8658913970 -0.4850979149 0.9899641871 0.0712369531 0.1220497787 -0.0711249486 -0.4951336980 0.8659006357
-123.6 20.8 2051.3 -0.0323587768 -0.8680230379 -0.4954684079 0.9595526457 0.1117293611 -0.2584092319 0.2796635330 -0.4837898314 0.8292983174
201.0 289.0 2038.7 0.1456737071 0.9861338735 0.0794929788 -0.9846589565 0.1367157847 0.1084228531 0.0960515067 -0.0940678343 0.9909214377
239.5 28.8 2064.1 -0.0380307436 0.9917203188 0.1226557344 -0.9757512808 -0.0103774974 -0.2186361104 -0.2155530155 -0.1279963851 0.9680670500
-28.8 -112.8 2063.6 0.9746629000 0.1035841107 -0.1982486248 -0.1004865468 0.9946077466 0.0256498512 0.1998365372 -0.0050786380 0.9798160791
-70.0 -508.0 2065.6 0.9802978039 0.0442173518 -0.1925124824 -0.0296219066 0.9965096116 0.0780454725 0.1952915192 -0.0708052143 0.9781860113
154.5 -109.0 2069.8 0.9833375812 0.1012311652 -0.1509949416 -0.0987005755 0.9948233366 0.0241805445 0.1526611149 -0.0088743502 0.9882387519
114.2 -504.4 2073.3 0.9883552194 -0.0597058423 -0.1399614066 0.0774338245 0.9891494513 0.1248495579 0.1309884936 -0.1342334598 0.9822542667
-115.2 -228.6 1978.6 0 0 0 0 0 0 0 0 0
228.6 -250.1 2002.5 0 0 0 0 0 0 0 0 0
-86.8 -888.2 2092.7 0 0 0 0 0 0 0 0 0
137.0 -882.0 2124.6 0 0 0 0 0 0 0 0 0
51.0 490.2 2017.2 1 0.9993197322 -0.0134414854 -0.0343425199 0.0162411276 0.9964513779 0.0825883746 0.0331105404 -0.0830899552 0.9959918261
53.7 288.0 2034.0 0.9993197322 -0.0134414854 -0.0343425199 0.0162411276 0.9964513779 0.0825883746 0.0331105404 -0.0830899552 0.9959918261
56.0 89.8 2048.4 0.9993460178 -0.0117139816 -0.0342097878 0.0141570475 0.9972991943 0.0720683932 0.0332731865 -0.0725055709 0.9968128204
-92.3 285.9 2029.2 0.1201418266 -0.8613047600 -0.4936801493 0.9891819358 0.0616954342 0.1330893189 -0.0841726512 -0.5043290854 0.8593993187
-124.2 23.3 2051.5 -0.0311570838 -0.8642576933 -0.5020835400 0.9600836039 0.1138230637 -0.2555069923 0.2779725492 -0.4900030494 0.8262132406
199.7 290.0 2038.9 0.1456284076 0.9869611859 0.0685560256 -0.9846156240 0.1378212869 0.1074120775 0.0965630785 -0.0831435844 0.9918481112
238.6 27.1 2064.7 -0.0346803889 0.9931240082 0.1118124127 -0.9764580131 -0.0098378956 -0.2154831588 -0.2129014879 -0.1166531667 0.9700850248
-31.5 -110.9 2061.8 0.9729627371 0.0977444649 -0.2092595994 -0.0938864872 0.9951801896 0.0283155665 0.2110186964 -0.0079033421 0.9774500728
-70.4 -506.4 2065.0 0.9778663516 0.0417985804 -0.2050129473 -0.0280143954 0.9971756339 0.0696843490 0.2073466331 -0.0623986647 0.9762754440
151.8 -108.2 2065.8 0.9824321270 0.0947043002 -0.1608048528 -0.0893803090 0.9951923490 0.0400417410 0.1638238877 -0.0249655060 0.9861736298
114.2 -503.6 2075.7 0.9867101312 -0.0541900396 -0.1531881690 0.0722848549 0.9907163978 0.1151344776 0.1455268860 -0.1246775389 0.9814670086
-116.1 -226.3 1979.3 0 0 0 0 0 0 0 0 0
228.7 -252.0 2003.8 0 0 0 0 0 0 0 0 0
-86.3 -887.1 2088.8 0 0 0 0 0 0 0 0 0
134.9 -882.0 2123.4 0 0 0 0 0 0 0 0 0
50.4 488.9 2015.5 2 0.9993695617 -0.0203258526 -0.0291086137 0.0228350461 0.9958021641 0.0886377618 0.0271847807 -0.0892465785 0.9956384897
54.6 285.7 2033.7 0.9993695617 -0.0203258526 -0.0291086137 0.0228350461 0.9958021641 0.0886377618 0.0271847807 -0.0892465785 0.9956384897
57.4 87.6 2049.1 0.9994794130 -0.0143246483 -0.0289079752 0.0165174361 0.9968865514 0.0770994276 0.0277135503 -0.0775367767 0.9966042638
-91.4 283.3 2029.6 0.1238481551 -0.8629085422 -0.4899494350 0.9891000986 0.0677237660 0.1307457536 -0.0796404108 -0.5008016825 0.8618904352
-123.3 28.4 2050.1 -0.0226361025 -0.8651154041 -0.5010617971 0.9629170895 0.1159112751 -0.2436292768 0.2688461542 -0.4879958034 0.8304106593
200.6 288.1 2037.7 0.1424488425 0.9870982766 0.0731118023 -0.9841416478 0.1333589405 0.1169640720 0.1057049260 -0.0886137635 0.9904413223
238.2 27.9 2065.7 -0.0353437848 0.9925522804 0.1165793613 -0.9756311178 -0.0089914352 -0.2192328721 -0.2165518850 -0.1214869693 0.9686827064
-33.3 -109.7 2059.8 0.9745215774 0.0933536515 -0.2039432377 -0.0884434432 0.9955317378 0.0330801979 0.2061201185 -0.0141999247 0.9784236550
-70.4 -505.3 2065.4 0.9787986875 0.0423316956 -0.2004024088 -0.0289231353 0.9971715808 0.0693705976 0.2027721703 -0.0621035881 0.9772546291
150.0 -107.1 2065.9 0.9830597043 0.0966944695 -0.1557041109 -0.0911361352 0.9949325323 0.0424665362 0.1590213627 -0.0275568701 0.9868904948
111.6 -502.5 2076.8 0.9867398143 -0.0615138188 -0.1502017677 0.0765749514 0.9923696518 0.0966374055 0.1431111395 -0.1068576649 0.9839210510
-117.5 -221.9 1980.3 0 0 0 0 0 0 0 0 0
228.1 -250.9 2003.8 0 0 0 0 0 0 0 0 0
-86.6 -886.2 2089.2 0 0 0 0 0 0 0 0 0
135.1 -881.5 2117.7 0 0 0 0 0 0 0 0 0
51.1 487.5 2014.1 3 0.9991153479 -0.0215651020 -0.0361037739 0.0247772541 0.9955401421 0.0910267532 0.0339797549 -0.0918407738 0.9951937795
55.6 283.8 2032.9 0.9991153479 -0.0215651020 -0.0361037739 0.0247772541 0.9955401421 0.0910267532 0.0339797549 -0.0918407738 0.9951937795
58.5 85.7 2048.4 0.9992491603 -0.0146867819 -0.0358525328 0.0174222607 0.9968619347 0.0772186816 0.0346059315 -0.0777853355 0.9963693619
-90.4 281.2 2027.9 0.1189323366 -0.8600207567 -0.4962049723 0.9896985888 0.0625688359 0.1287707090 -0.0796985179 -0.5064083338 0.8586027622
-121.4 23.0 2048.6 -0.0089260349 -0.8627862334 -0.5054901242 0.9619921446 0.1305659264 -0.2398409992 0.2729313076 -0.4884183705 0.8288280964
201.5 286.3 2038.0 0.1420730650 0.9876274467 0.0663875863 -0.9842324257 0.1338087767 0.1156796813 0.1053651795 -0.0817757845 0.9910655618
238.8 28.0 2065.6 -0.0392312929 0.9931863546 0.1097351164 -0.9760251045 -0.0145586915 -0.2171705216 -0.2140931934 -0.1156241074 0.9699459672
-31.4 -112.0 2061.9 0.9724935293 0.0989350677 -0.2108749151 -0.0944169238 0.9950370193 0.0314129740 0.2129361928 -0.0106387520 0.9770081639
-70.7 -507.5 2066.2 0.9769825935 0.0361556746 -0.2102325857 -0.0288254768 0.9988684058 0.0378284492 0.2113624066 -0.0308976844 0.9769192934
151.9 -109.0 2067.0 0.9819500446 0.0960324630 -0.1629474610 -0.0909605920 0.9951168299 0.0383237787 0.1658320874 -0.0228102375 0.9858901501
113.8 -504.5 2076.1 0.9870297909 -0.0442718454 -0.1543119699 0.0634577423 0.9905346632 0.1217137426 0.1474628597 -0.1299273819 0.9804965854
-119.1 -227.0 1977.7 0 0 0 0 0 0 0 0 0
227.6 -251.0 2004.4 0 0 0 0 0 0 0 0 0
-84.5 -888.9 2078.0 0 0 0 0 0 0 0 0 0
130.7 -882.7 2125.7 0 0 0 0 0 0 0 0 0
51.9 486.6 2012.9 4 0.9991875887 -0.0189464055 -0.0355688334 0.0221467558 0.9955262542 0.0918534473 0.0336694121 -0.0925665647 0.9951370955
55.8 283.6 2031.8 0.9991875887 -0.0189464055 -0.0355688334 0.0221467558 0.9955262542 0.0918534473 0.0336694121 -0.0925665647 0.9951370955
58.6 85.5 2047.7 0.9992709160 -0.0144052384 -0.0353571661 0.0171709992 0.9967100620 0.0792098194 0.0340998098 -0.0797591805 0.9962307215
-90.2 281.1 2026.8 0.1204260439 -0.8602726460 -0.4954074323 0.9891303778 0.0615673289 0.1335312426 -0.0843723640 -0.5061031580 0.8583360910
-121.9 20.9 2049.0 -0.0166648366 -0.8634599447 -0.5041420460 0.9596019387 0.1278243214 -0.2506492138 0.2808671594 -0.4879527092 0.8264477253
201.8 286.1 2036.8 0.1352619678 0.9885368943 0.0670746565 -0.9850706458 0.1268941164 0.1163343564 0.1064894199 -0.0818088949 0.9909426570
237.4 26.7 2064.8 -0.0296769217 0.9937375188 0.1077266484 -0.9769951105 -0.0060675507 -0.2131752521 -0.2111866176 -0.1115747988 0.9710567594
-30.2 -114.0 2060.7 0.9720939398 0.1015818045 -0.2114579678 -0.0989601910 0.9948261976 0.0229721386 0.2126974761 -0.0014051573 0.9771170616
-70.6 -509.4 2061.2 0.9777680039 0.0467548557 -0.2044107914 -0.0293078553 0.9957277775 0.0875630230 0.2076314837 -0.0796254799 0.9749609828
153.0 -110.8 2067.0 0.9818348289 0.0995575190 -0.1615198702 -0.0926144868 0.9944469333 0.0499786027 0.1655986756 -0.0341116525 0.9856030941
113.5 -506.0 2080.6 0.9866383672 -0.0483382121 -0.1555896252 0.0654057860 0.9921575189 0.1065156758 0.1492206454 -0.1152689159 0.9820622802
-117.6 -228.5 1976.0 0 0 0 0 0 0 0 0 0
228.9 -252.6 2004.5 0 0 0 0 0 0 0 0 0
-88.5 -889.3 2091.6 0 0 0 0 0 0 0 0 0
131.9 -885.0 2124.6 0 0 0 0 0 0 0 0 0
51.5 486.2 2012.4 5 0.9994357228 -0.0144795394 -0.0303086340 0.0172012318 0.9956513047 0.0915565193 0.0288511347 -0.0920261964 0.9953385592
54.5 283.5 2031.1 0.9994357228 -0.0144795394 -0.0303086340 0.0172012318 0.9956513047 0.0915565193 0.0288511347 -0.0920261964 0.9953385592
56.4 85.4 2046.9 0.9994981289 -0.0096957358 -0.0301585980 0.0120589249 0.9967865348 0.0791911334 0.0292938668 -0.0795150697 0.9964031577
-91.5 281.7 2026.8 0.1184790656 -0.8629624844 -0.4911806583 0.9894824028 0.0612648204 0.1310387701 -0.0829894543 -0.5015400052 0.8611448407
-122.8 20.7 2048.7 -0.0252018869 -0.8660186529 -0.4993761778 0.9597246051 0.1188595369 -0.2545605004 0.2798097432 -0.4856790006 0.8281439543
200.5 285.2 2035.4 0.1434345692 0.9870664477 0.0715985894 -0.9834574461 0.1340751499 0.1218001172 0.1106252223 -0.0878845155 0.9899688959
238.2 26.8 2064.4 -0.0270601641 0.9929698110 0.1152332425 -0.9772086143 -0.0019966946 -0.2122717947 -0.2105493993 -0.1183510274 0.9703927040
-30.2 -114.1 2060.4 0.9729866385 0.1045809463 -0.2058150768 -0.1002113149 0.9944651723 0.0315712430 0.2079776675 -0.0100934003 0.9780815244
-71.7 -509.3 2064.4 0.9786553979 0.0299946256 -0.2033073753 -0.0191980451 0.9983088970 0.0548707545 0.2046093941 -0.0497964583 0.9775762558
153.1 -111.0 2066.6 0.9826667905 0.1001190841 -0.1560198069 -0.0924862921 0.9941685200 0.0554547124 0.1606620550 -0.0400638059 0.9861960411
113.4 -506.0 2082.6 0.9873301387 -0.0463350751 -0.1517637521 0.0614331067 0.9934493899 0.0963550881 0.1463049799 -0.1044576019 0.9837090373
-116.2 -228.7 1976.0 0 0 0 0 0 0 0 0 0
230.4 -252.5 2004.3 0 0 0 0 0 0 0 0 0
-83.2 -890.3 2083.4 0 0 0 0 0 0 0 0 0
131.1 -885.6 2122.5 0 0 0 0 0 0 0 0 0
51.3 491.2 2018.1 6 0.9991903901 -0.0116335591 -0.0385129303 0.0143705793 0.9973319769 0.0715713874 0.0375775471 -0.0720668957 0.9966916442
53.7 287.2 2032.8 0.9991903901 -0.0116335591 -0.0385129303 0.0143705793 0.9973319769 0.0715713874 0.0375775471 -0.0720668957 0.9966916442
55.4 88.9 2045.7 0.9992233515 -0.0086662527 -0.0384391658 0.0111288698 0.9978671670 0.0643212944 0.0377997607 -0.0646991208 0.9971886277
-92.3 285.6 2027.3 0.1102513149 -0.8600067496 -0.4982299507 0.9911915660 0.0581307299 0.1189959794 -0.0733748674 -0.5069608092 0.8588404059
-121.6 22.0 2046.8 -0.0250457861 -0.8630814552 -0.5044434071 0.9620860815 0.1162795052 -0.2467172444 0.2715935111 -0.4914972186 0.8274463415
199.7 288.8 2038.3 0.1422141343 0.9877967834 0.0635028258 -0.9851424694 0.1350080967 0.1061467528 0.0962780267 -0.0776548982 0.9923206568
238.0 23.4 2064.3 -0.0256003253 0.9941012263 0.1053916886 -0.9771986008 -0.0026564952 -0.2123106420 -0.2107782960 -0.1084238291 0.9715023041
-33.3 -113.8 2060.0 0.9718516469 0.0999986455 -0.2133180648 -0.0972781181 0.9949858785 0.0232391823 0.2145723403 -0.0018338581 0.9767063856
-73.1 -509.2 2060.7 0.9778695703 0.0383800901 -0.2056650370 -0.0193078052 0.9953895211 0.0939519107 0.2083227038 -0.0879017711 0.9741021395
150.0 -111.6 2065.4 0.9823656678 0.0936005265 -0.1618536860 -0.0840312168 0.9943404794 0.0650057197 0.1670222431 -0.0502586253 0.9846713543
112.8 -506.7 2085.4 0.9852942824 -0.0584420078 -0.1605605334 0.0717820227 0.9943203926 0.0785768330 0.1550564319 -0.0889466703 0.9838932753
-115.1 -228.1 1976.2 0 0 0 0 0 0 0 0 0
230.7 -255.9 2004.0 0 0 0 0 0 0 0 0 0
-87.7 -889.1 2094.3 0 0 0 0 0 0 0 0 0
135.1 -886.6 2119.3 0 0 0 0 0 0 0 0 0
50.7 492.4 2015.9 7 0.9993126392 -0.0092905005 -0.0358871594 0.0120593095 0.9969019294 0.0777242407 0.0350538827 -0.0781035945 0.9963287711
52.6 289.1 2031.8 0.9993126392 -0.0092905005 -0.0358871594 0.0120593095 0.9969019294 0.0777242407 0.0350538827 -0.0781035945 0.9963287711
54.0 90.8 2045.3 0.9993345737 -0.0069749644 -0.0358018875 0.0093733966 0.9976909757 0.0672674030 0.0352500305 -0.0675582290 0.9970924258
-93.4 287.7 2026.7 0.1069985554 -0.8609900475 -0.4972397983 0.9921552539 0.0599429794 0.1097033322 -0.0646474436 -0.5050771832 0.8606495857
-121.7 25.4 2043.8 -0.0293034408 -0.8636375666 -0.5032608509 0.9635106325 0.1096082181 -0.2441993058 0.2660612166 -0.4920530617 0.8289120793
198.6 290.4 2037.0 0.1455792934 0.9871681929 0.0656175613 -0.9840276241 0.1376096159 0.1129304171 0.1024517119 -0.0810098276 0.9914338589
237.8 25.6 2064.6 -0.0291744675 0.9936194420 0.1089462042 -0.9777916074 -0.0057388316 -0.2095009685 -0.2075390071 -0.1126387641 0.9717201591
-34.5 -110.4 2055.0 0.9726508260 0.0976985991 -0.2107257694 -0.0940542445 0.9951934218 0.0272727143 0.2123774141 -0.0067071742 0.9771646857
-73.3 -505.9 2057.7 0.9783757925 0.0414835885 -0.2026325315 -0.0207612664 0.9944293499 0.1033406556 0.2057906687 -0.0968990847 0.9737868309
148.8 -108.3 2062.0 0.9830541015 0.0914790928 -0.1588592380 -0.0808297768 0.9941048622 0.0722637996 0.1645333618 -0.0581986643 0.9846530557
112.5 -503.4 2085.1 0.9857347012 -0.0590456761 -0.1576094180 0.0732181817 0.9936285615 0.0856816247 0.1515460908 -0.0959992260 0.9837774038
-114.1 -225.0 1974.6 0 0 0 0 0 0 0 0 0
229.4 -253.9 2005.2 0 0 0 0 0 0 0 0 0
-89.1 -885.6 2094.7 0 0 0 0 0 0 0 0 0
135.0 -883.0 2121.8 0 0 0 0 0 0 0 0 0
51.0 494.3 2018.8 8 0.9994124770 -0.0198566131 -0.0279350802 0.0217299033 0.9974188209 0.0684364960 0.0265040565 -0.0690033138 0.9972643256
55.1 291.0 2032.9 0.9994124770 -0.0198566131 -0.0279350802 0.0217299033 0.9974188209 0.0684364960 0.0265040565 -0.0690033138 0.9972643256
58.0 92.7 2045.4 0.9995018840 -0.0148811005 -0.0278296322 0.0165943317 0.9979145527 0.0623795688 0.0268433169 -0.0628103092 0.9976644516
-90.9 288.5 2029.0 0.1237758249 -0.8628795743 -0.4900187254 0.9908507466 0.0807003826 0.1081767976 -0.0537988506 -0.4989250898 0.8649736643
-123.2 30.5 2043.0 -0.0413147174 -0.8638294935 -0.5020872951 0.9631864429 0.0991690159 -0.2498746514 0.2656406164 -0.4939272106 0.8279317617
201.1 293.4 2036.8 0.1356452852 0.9880959392 0.0725724995 -0.9854385853 0.1269747466 0.1130850911 0.1025240421 -0.0868552029 0.9909313917
237.7 27.4 2064.5 -0.0281286072 0.9932442904 0.1125814542 -0.9772492647 -0.0036389004 -0.2120628506 -0.2102205455 -0.1159851700 0.9707496166
-36.3 -108.3 2055.5 0.9757001400 0.0863704383 -0.2013688236 -0.0808978379 0.9960983396 0.0352657363 0.2036290765 -0.0181184802 0.9788804650
-70.6 -504.1 2062.7 0.9786680937 0.0564767532 -0.1975327134 -0.0418627858 0.9961212873 0.0773943886 0.2011375278 -0.0674741492 0.9772363901
147.0 -106.6 2061.9 0.9846928120 0.0857783929 -0.1517305821 -0.0777327642 0.9952742457 0.0581961162 0.1560055017 -0.0455108583 0.9867071509
112.9 -502.1 2080.0 0.9873694181 -0.0609112829 -0.1462582499 0.0785963312 0.9898560643 0.1183537170 0.1375655383 -0.1283541918 0.9821410179
-112.4 -219.8 1974.0 0 0 0 0 0 0 0 0 0
229.6 -251.9 2004.4 0 0 0 0 0 0 0 0 0
-92.2 -884.4 2088.4 0 0 0 0 0 0 0 0 0
136.2 -880.1 2129.0 0 0 0 0 0 0 0 0 0
52.0 492.4 2020.3 9 0.9994386435 -0.0184634514 -0.0279549547 0.0202121940 0.9977692962 0.0636231750 0.0267178919 -0.0641524866 0.9975823760
55.8 289.9 2033.3 0.9994386435 -0.0184634514 -0.0279549547 0.0202121940 0.9977692962 0.0636231750 0.0267178919 -0.0641524866 0.9975823760
58.8 91.6 2044.8 0.9994935393 -0.0153944641 -0.0278501175 0.0169752110 0.9982044697 0.0574428625 0.0269158091 -0.0578865334 0.9979602695
-90.3 287.4 2029.4 0.1335918754 -0.8627515435 -0.4876607060 0.9889405370 0.0840676948 0.1221851483 -0.0644189194 -0.4985903800 0.8644407392
-124.9 30.7 2046.1 -0.0464312993 -0.8638509512 -0.5016030669 0.9582980275 0.1032242253 -0.2664763927 0.2819734812 -0.4930580556 0.8230338693
201.8 292.4 2037.3 0.1380751580 0.9878901243 0.0707696453 -0.9842648506 0.1289111227 0.1208498031 0.1102633327 -0.0863424242 0.9901449084
238.3 32.2 2066.4 -0.0272192396 0.9932889938 0.1124105006 -0.9774613976 -0.0028959597 -0.2110944390 -0.2093522400 -0.1156227589 0.9709804654
-30.7 -107.1 2055.4 0.9748308659 0.0969101638 -0.2007815540 -0.0913484246 0.9951385856 0.0368050858 0.2033722699 -0.0175376553 0.9789444208
