53.1 457.9 2137.8 4 0.9989561439 0.0174291600 0.0422235206 -0.0151636275 0.9984583855 -0.0533942170 -0.0430890433 0.0526982211 0.9976804256
49.7 260.4 2127.4 0.9989561439 0.0174291600 0.0422235206 -0.0151636275 0.9984583855 -0.0533942170 -0.0430890433 0.0526982211 0.9976804256
47.0 66.6 2117.3 0.9990103245 0.0139336167 0.0422401763 -0.0117145814 0.9985609651 -0.0523335300 -0.0429085866 0.0517869107 0.9977359176
-86.8 262.0 2133.2 0.2263341248 -0.8888901472 -0.3983053267 0.9740417600 0.2048882395 0.0962471217 -0.0039450452 -0.4097500145 0.9121893048
-147.4 1.2 2134.3 -0.0210705157 -0.8892894387 -0.4568592310 0.9323388934 0.1475085467 -0.3301293850 0.3609712124 -0.4329036176 0.8260110617
186.2 258.8 2121.5 0.1931657642 0.4776227474 0.8570668101 -0.9811568856 0.0978190452 0.1666209996 -0.0042554708 -0.8731024861 0.4875181615
237.4 -1.3 2120.4 -0.0681828260 0.4880706668 0.8701368570 -0.9602359533 0.2045737356 -0.1899908483 -0.2707360983 -0.8484907746 0.4547145963
-45.9 -127.6 2113.1 0.9992819428 0.0132792899 -0.0354863703 -0.0177080929 0.9916726351 -0.1275607646 0.0334969498 0.1280975640 0.9911957383
-51.1 -512.6 2063.3 0.9932422042 0.1128700674 -0.0270243138 -0.1004750282 0.9527785778 0.2865619957 0.0580924563 -0.2819101810 0.9576804638
133.1 -129.9 2106.1 0.9938572645 0.0894596130 -0.0651517883 -0.0928373635 0.9943844080 -0.0508020185 0.0602411963 0.0565384738 0.9965813756
98.4 -516.0 2084.2 0.9942194223 -0.0963295028 -0.0474169143 0.1019191593 0.9856404662 0.1346303225 0.0337671600 -0.1386847794 0.9897607565
-141.9 -241.7 2040.2 0 0 0 0 0 0 0 0 0
218.7 -264.6 2046.1 0 0 0 0 0 0 0 0 0
-93.2 -868.2 2168.6 0 0 0 0 0 0 0 0 0
134.3 -883.7 2135.9 0 0 0 0 0 0 0 0 0
52.6 456.8 2138.4 5 0.9986342192 0.0159510542 0.0497521237 -0.0129327904 0.9980899692 -0.0604086556 -0.0506206751 0.0596827157 0.9969330430
49.4 259.6 2126.6 0.9986342192 0.0159510542 0.0497521237 -0.0129327904 0.9980899692 -0.0604086556 -0.0506206751 0.0596827157 0.9969330430
46.8 65.8 2115.6 0.9986712933 0.0132579440 0.0497983769 -0.0103984838 0.9983058572 -0.0572471544 -0.0504729934 0.0566532649 0.9971172810
-87.0 261.0 2133.5 0.2341351658 -0.8907107115 -0.3896346092 0.9721865654 0.2121019661 0.0993278548 -0.0058301138 -0.4020536840 0.9155975580
-148.6 5.5 2135.0 -0.0252643824 -0.8913010359 -0.4527075589 0.9316670299 0.1431885064 -0.3339066207 0.3624338508 -0.4302086532 0.8267782331
185.9 258.2 2119.7 0.1953441501 0.4725146294 0.8594012856 -0.9807345271 0.0947479829 0.1708293259 -0.0007071778 -0.8762149811 0.4819198847
237.3 0.1 2119.5 -0.0665786192 0.4836346209 0.8727341294 -0.9596276879 0.2085254192 -0.1887640208 -0.2732800543 -0.8500674963 0.4502258301
-45.2 -126.2 2111.1 0.9994385839 0.0186043456 -0.0278635155 -0.0220910273 0.9911929965 -0.1305696368 0.0251889601 0.1311118752 0.9910475016
-52.4 -511.0 2060.2 0.9946534038 0.1018275321 -0.0171972606 -0.0916716680 0.9472937584 0.3069704175 0.0475488976 -0.3037526906 0.9515636563
133.8 -128.3 2103.4 0.9945454001 0.0878266096 -0.0562662184 -0.0901828483 0.9950891733 -0.0407993831 0.0524066351 0.0456510894 0.9975818396
99.7 -514.6 2085.7 0.9950975180 -0.0900561661 -0.0408753902 0.0945241973 0.9876095057 0.1252702624 0.0290875640 -0.1285198480 0.9912802577
-142.0 -237.2 2040.6 0 0 0 0 0 0 0 0 0
219.0 -263.0 2044.6 0 0 0 0 0 0 0 0 0
-90.4 -864.5 2173.5 0 0 0 0 0 0 0 0 0
133.3 -883.1 2133.6 0 0 0 0 0 0 0 0 0
49.2 456.4 2140.7 6 0.9982431531 0.0091737490 0.0585359409 -0.0050382270 0.9975054264 -0.0704095438 -0.0590358414 0.0699909255 0.9957991838
47.4 259.5 2126.9 0.9982431531 0.0091737490 0.0585359409 -0.0050382270 0.9975054264 -0.0704095438 -0.0590358414 0.0699909255 0.9957991838
46.1 65.8 2114.1 0.9982601404 0.0067897136 0.0585714281 -0.0029157826 0.9978170991 -0.0659738481 -0.0588915162 0.0656882823 0.9961008430
-89.0 259.9 2134.9 0.2234870940 -0.8956151009 -0.3846128881 0.9746642113 0.2090362906 0.0795834213 0.0091219414 -0.3926542997 0.9196408987
-147.7 3.7 2132.5 -0.0221499503 -0.8962962627 -0.4429021776 0.9305170774 0.1435122639 -0.3369602263 0.3655780852 -0.4195916951 0.8308402300
183.8 259.1 2118.8 0.2010756284 0.4661526382 0.8615511060 -0.9795727730 0.0978478268 0.1756787002 -0.0024078125 -0.8792766929 0.4763052464
237.1 -0.3 2118.2 -0.0630715638 0.4777714014 0.8762171268 -0.9573334455 0.2191334516 -0.1883964539 -0.2820189297 -0.8507144451 0.4435654283
-45.2 -127.0 2109.1 0.9996686578 0.0181443896 -0.0182566997 -0.0201437399 0.9930369854 -0.1160678864 0.0160235967 0.1163971871 0.9930734634
-52.3 -512.5 2063.9 0.9942612648 0.1065335795 -0.0097562345 -0.0995790735 0.9549559355 0.2795409262 0.0390972719 -0.2769652009 0.9600841999
133.7 -128.9 2100.1 0.9948207736 0.0904270560 -0.0464169644 -0.0921573564 0.9950717688 -0.0365953445 0.0428790003 0.0406834744 0.9982516170
98.6 -515.2 2084.3 0.9939369559 -0.1054366305 -0.0311837606 0.1085341796 0.9862287641 0.1247924194 0.0175966285 -0.1274203062 0.9916927218
-141.9 -238.8 2037.2 0 0 0 0 0 0 0 0 0
219.8 -262.8 2040.9 0 0 0 0 0 0 0 0 0
-92.0 -868.8 2167.3 0 0 0 0 0 0 0 0 0
138.0 -883.2 2131.8 0 0 0 0 0 0 0 0 0
50.8 456.1 2132.3 7 0.9974441528 0.0123490868 0.0703752711 -0.0085371314 0.9984929562 -0.0542117171 -0.0709386766 0.0534723550 0.9960463643
48.4 258.9 2121.8 0.9974441528 0.0123490868 0.0703752711 -0.0085371314 0.9984929562 -0.0542117171 -0.0709386766 0.0534723550 0.9960463643
46.3 65.1 2111.9 0.9974609613 0.0106844753 0.0704094470 -0.0070797419 0.9986608028 -0.0512488186 -0.0708627179 0.0506202132 0.9962007999
-87.9 259.9 2131.4 0.2292644531 -0.8977677226 -0.3760995865 0.9733414054 0.2140974104 0.0822729766 0.0066599208 -0.3849355578 0.9229193926
-148.3 3.5 2129.7 -0.0224139038 -0.8989999890 -0.4373747408 0.9339902401 0.1372145116 -0.3299006820 0.3565948606 -0.4158980846 0.8365816474
184.6 257.9 2112.1 0.1994601637 0.4569548965 0.8668378592 -0.9797531366 0.0773766190 0.1846528649 0.0173050463 -0.8861179948 0.4631365538
237.0 0.9 2116.6 -0.0617513210 0.4711023271 0.8799144030 -0.9577319026 0.2201954275 -0.1851041317 -0.2809561193 -0.8541525602 0.4375923872
-44.7 -127.6 2106.6 0.9998363853 0.0167731550 -0.0067734844 -0.0174149293 0.9938197136 -0.1096315160 0.0048927558 0.1097315401 0.9939492345
-51.2 -513.4 2064.0 0.9936253428 0.1127325147 0.0001805484 -0.1082710400 0.9538533688 0.2800734341 0.0314011686 -0.2783076167 0.9599785805
134.2 -128.1 2096.1 0.9951924682 0.0915257633 -0.0348568782 -0.0924477652 0.9953826070 -0.0258248840 0.0323322900 0.0289231706 0.9990586042
98.7 -514.5 2084.8 0.9950999022 -0.0964841992 -0.0216098614 0.0983373374 0.9885190725 0.1147163361 0.0102934455 -0.1162792668 0.9931632280
-142.4 -239.8 2036.8 0 0 0 0 0 0 0 0 0
220.0 -261.7 2039.6 0 0 0 0 0 0 0 0 0
-93.3 -869.4 2167.9 0 0 0 0 0 0 0 0 0
134.7 -883.4 2128.2 0 0 0 0 0 0 0 0 0
51.1 456.1 2128.1 8 0.9967924356 0.0144148869 0.0787213743 -0.0107098650 0.9988240004 -0.0472860448 -0.0793104172 0.0462912768 0.9957745671
48.2 258.8 2119.0 0.9967924356 0.0144148869 0.0787213743 -0.0107098650 0.9988240004 -0.0472860448 -0.0793104172 0.0462912768 0.9957745671
45.6 64.9 2110.3 0.9968029857 0.0135266641 0.0787450224 -0.0099533582 0.9989104271 -0.0455951095 -0.0792759731 0.0446655676 0.9958515763
-87.9 260.1 2129.8 0.2231957465 -0.9010615349 -0.3718490601 0.9746798873 0.2115880400 0.0723157749 0.0135178473 -0.3785743713 0.9254721403
-147.2 1.3 2126.2 -0.0169120524 -0.9027273655 -0.4298805296 0.9376602769 0.1349527240 -0.3202826679 0.3471414745 -0.4084985554 0.8441692591
184.4 257.4 2108.2 0.1981948167 0.4490061700 0.8712704778 -0.9799879789 0.0739945173 0.1847928315 0.0185038839 -0.8904595971 0.4546859860
236.6 -0.6 2113.0 -0.0631355047 0.4637558162 0.8837106228 -0.9578758478 0.2204099596 -0.1841014177 -0.2801567316 -0.8581084013 0.4303047955
-45.1 -128.1 2108.5 0.9999117851 0.0132111749 0.0013625531 -0.0129914256 0.9942461252 -0.1063291952 -0.0027594469 0.1063021198 0.9943300486
-50.2 -514.1 2067.2 0.9932677746 0.1156755164 0.0061842320 -0.1129986271 0.9557639956 0.2715631425 0.0255025420 -0.2704337537 0.9624007344
133.6 -129.4 2095.8 0.9959203005 0.0860581249 -0.0271442011 -0.0868078694 0.9958379865 -0.0277691688 0.0246414635 0.0300122090 0.9992457628
100.2 -516.0 2084.1 0.9963824153 -0.0837583989 -0.0143726571 0.0848674327 0.9895002842 0.1169901863 0.0044228374 -0.1177867353 0.9930290580
-142.8 -243.0 2035.8 0 0 0 0 0 0 0 0 0
219.3 -263.3 2036.2 0 0 0 0 0 0 0 0 0
-93.4 -870.8 2168.1 0 0 0 0 0 0 0 0 0
131.5 -885.3 2128.1 0 0 0 0 0 0 0 0 0
50.6 458.2 2127.1 9 0.9972375035 0.0128815630 0.0731536299 -0.0093111461 0.9987583160 -0.0489400849 -0.0736932158 0.0481237434 0.9961192012
48.1 260.6 2117.5 0.9972375035 0.0128815630 0.0731536299 -0.0093111461 0.9987583160 -0.0489400849 -0.0736932158 0.0481237434 0.9961192012
45.7 66.8 2108.2 0.9972428083 0.0124564068 0.0731543601 -0.0088895848 0.9987649918 -0.0488822386 -0.0736729130 0.0480971523 0.9961219430
-88.1 261.9 2127.6 0.2271519005 -0.8991889358 -0.3739802837 0.9738469124 0.2116723359 0.0825651810 0.0049195839 -0.3829543889 0.9237541556
-148.3 4.0 2126.3 -0.0197885763 -0.9005801082 -0.4342394471 0.9362565875 0.1356814057 -0.3240588903 0.3507592082 -0.4129722118 0.8404890895
184.3 259.4 2107.5 0.1958066374 0.4538864493 0.8692795038 -0.9805393815 0.0777614564 0.1802656502 0.0142236939 -0.8876599669 0.4602797329
236.4 -1.2 2111.3 -0.0652471408 0.4685968459 0.8809993267 -0.9568889737 0.2210341990 -0.1884339750 -0.2830305398 -0.8553133011 0.4339733124
-46.3 -128.1 2108.8 0.9999703765 0.0065827328 -0.0039889580 -0.0069158557 0.9958968163 -0.0902310684 0.0033786236 0.0902559832 0.9959128499
-48.9 -514.7 2073.7 0.9924846292 0.1223568693 -0.0017339218 -0.1188244745 0.9670242667 0.2252661288 0.0292396042 -0.2233671546 0.9742957354
132.3 -129.9 2094.6 0.9960689545 0.0825522095 -0.0321203135 -0.0833236799 0.9962461591 -0.0234683715 0.0300623719 0.0260524992 0.9992084503
100.3 -516.7 2084.5 0.9962585568 -0.0838453472 -0.0209492221 0.0856299549 0.9904384613 0.1081624776 0.0116799949 -0.1095516756 0.9939124584
-143.1 -239.9 2034.9 0 0 0 0 0 0 0 0 0
218.5 -263.6 2033.7 0 0 0 0 0 0 0 0 0
-94.5 -875.2 2157.0 0 0 0 0 0 0 0 0 0
131.5 -886.4 2125.3 0 0 0 0 0 0 0 0 0
51.6 458.2 2126.0 0 0.9982104301 0.0099948198 0.0589580461 -0.0069055790 0.9986038804 -0.0523702055 -0.0593991615 0.0518693477 0.9968857765
49.6 260.5 2115.7 0.9982104301 0.0099948198 0.0589580461 -0.0069055790 0.9986038804 -0.0523702055 -0.0593991615 0.0518693477 0.9968857765
47.7 66.6 2106.0 0.9982135296 0.0095813023 0.0589745343 -0.0065912595 0.9986928105 -0.0506878644 -0.0593830980 0.0502085947 0.9969717860
-86.8 261.4 2123.9 0.2256762534 -0.8944247961 -0.3861017227 0.9741928577 0.2089414895 0.0853913724 0.0042965040 -0.3954083622 0.9184954166
-146.8 2.4 2122.7 -0.0180459078 -0.8955664039 -0.4445618093 0.9373677373 0.1395476609 -0.3191678524 0.3478735685 -0.4224776030 0.8369567990
186.0 259.6 2107.6 0.1902866215 0.4655632079 0.8643158674 -0.9817090631 0.0846862122 0.1705155820 0.0061901496 -0.8809535503 0.4731622636
236.2 0.5 2109.3 -0.0623398311 0.4782865942 0.8759884238 -0.9586400390 0.2155255526 -0.1858979464 -0.2777103782 -0.8513463736 0.4450688660
-46.1 -126.3 2105.5 0.9998273849 0.0044855592 -0.0180303026 -0.0059589418 0.9965721965 -0.0825127214 0.0175983831 0.0826059207 0.9964268804
-47.8 -513.2 2073.4 0.9925244451 0.1210499778 -0.0155600477 -0.1134008020 0.9618229270 0.2490721047 0.0451161824 -0.2454456389 0.9683599472
132.6 -127.9 2092.3 0.9953170419 0.0848760083 -0.0462608486 -0.0860481188 0.9960028529 -0.0239600707 0.0440423004 0.0278285258 0.9986420274
99.7 -514.6 2081.5 0.9946254492 -0.0978914201 -0.0337266959 0.1012217924 0.9878582358 0.1178568900 0.0217800178 -0.1206373423 0.9924576879
-142.1 -241.8 2032.1 0 0 0 0 0 0 0 0 0
219.1 -262.3 2033.1 0 0 0 0 0 0 0 0 0
-93.0 -871.9 2164.9 0 0 0 0 0 0 0 0 0
136.2 -883.3 2126.5 0 0 0 0 0 0 0 0 0
52.2 457.4 2125.5 1 0.9986348152 0.0095200865 0.0513607375 -0.0066898251 0.9984639883 -0.0549986660 -0.0518054403 0.0545799881 0.9971646070
50.3 259.9 2114.7 0.9986348152 0.0095200865 0.0513607375 -0.0066898251 0.9984639883 -0.0549986660 -0.0518054403 0.0545799881 0.9971646070
48.5 66.0 2104.1 0.9986345768 0.0095411893 0.0513606817 -0.0067106383 0.9984635711 -0.0550042242 -0.0518065766 0.0545844547 0.9971643090
-86.1 260.8 2121.8 0.2381027490 -0.8902834058 -0.3882043064 0.9712135792 0.2153031379 0.1019252539 -0.0071607544 -0.4012979567 0.9159196019
-148.5 6.5 2123.6 -0.0342198871 -0.8907243609 -0.4532539546 0.9332743883 0.1337620020 -0.3333266377 0.3575302958 -0.4344167113 0.8267129064
186.7 258.9 2107.6 0.1869294494 0.4710119665 0.8620934486 -0.9823551178 0.0949652046 0.1611209959 -0.0059789619 -0.8770002127 0.4804528058
235.9 0.6 2106.0 -0.0589944199 0.4817631841 0.8743134141 -0.9598338008 0.2132839411 -0.1822883934 -0.2742968500 -0.8499495387 0.4498299956
-43.5 -126.6 2101.6 0.9996226430 0.0102462824 -0.0254864302 -0.0118700536 0.9978536963 -0.0643983260 0.0247718841 0.0646765456 0.9975987673
-47.5 -514.0 2076.5 0.9929698110 0.1164648756 -0.0211384743 -0.1078705266 0.9638876915 0.2434839904 0.0487324484 -0.2394920439 0.9696745276
135.3 -127.8 2090.9 0.9941314459 0.0944869518 -0.0526773743 -0.0953931287 0.9953272939 -0.0149563672 0.0510180481 0.0198936537 0.9984995723
98.6 -514.2 2083.2 0.9940896630 -0.1010512486 -0.0396785103 0.1050630212 0.9875349402 0.1172025949 0.0273404494 -0.1206786335 0.9923150539
-139.6 -236.7 2030.5 0 0 0 0 0 0 0 0 0
219.7 -262.5 2030.8 0 0 0 0 0 0 0 0 0
-91.0 -873.6 2165.8 0 0 0 0 0 0 0 0 0
136.3 -882.8 2128.3 0 0 0 0 0 0 0 0 0
51.7 455.6 2119.2 2 0.9987901449 0.0083027221 0.0484694503 -0.0060738437 0.9989251494 -0.0459527038 -0.0487988852 0.0456027128 0.9977670312
50.1 258.1 2110.2 0.9987901449 0.0083027221 0.0484694503 -0.0060738437 0.9989251494 -0.0459527038 -0.0487988852 0.0456027128 0.9977670312
48.6 64.2 2101.2 0.9987963438 0.0075613442 0.0484637320 -0.0052974359 0.9988961816 -0.0466728136 -0.0487631448 0.0463599041 0.9977338910
-86.4 258.9 2116.9 0.2363878638 -0.8896655440 -0.3906609714 0.9715157151 0.2095097154 0.1107378528 -0.0166723859 -0.4057103395 0.9138496518
-148.0 5.4 2121.2 -0.0269121081 -0.8902377486 -0.4547003806 0.9355207086 0.1378525347 -0.3252655268 0.3522452712 -0.4341352284 0.8291260004
186.6 257.4 2103.6 0.1853471398 0.4736001492 0.8610164523 -0.9826718569 0.0879140496 0.1631784141 0.0015858783 -0.8763412833 0.4816881418
235.3 -1.2 2104.0 -0.0620874129 0.4856052101 0.8719705939 -0.9590337276 0.2129224986 -0.1868643314 -0.2764044404 -0.8478511572 0.4524919987
-42.8 -127.2 2098.1 0.9995060563 0.0138606038 -0.0282056276 -0.0150279989 0.9990210533 -0.0416066051 0.0276013222 0.0420099273 0.9987358451
-48.2 -514.9 2081.8 0.9934183359 0.1120882407 -0.0235852208 -0.1041274220 0.9695253372 0.2217614949 0.0477233231 -0.2178460509 0.9748156667
136.1 -128.4 2088.9 0.9940206409 0.0937689319 -0.0559493452 -0.0944691822 0.9954775572 -0.0099993357 0.0547586903 0.0152250351 0.9983835220
99.7 -514.9 2083.0 0.9942840338 -0.0976677686 -0.0431313477 0.1022380963 0.9873725176 0.1210078523 0.0307681412 -0.1247258410 0.9917140603
-141.0 -238.3 2029.5 0 0 0 0 0 0 0 0 0
218.3 -264.1 2028.2 0 0 0 0 0 0 0 0 0
-90.0 -876.6 2163.1 0 0 0 0 0 0 0 0 0
136.1 -883.4 2129.5 0 0 0 0 0 0 0 0 0
51.8 456.3 2116.1 3 0.9987198710 0.0082714530 0.0499022491 -0.0061711869 0.9990945458 -0.0420958214 -0.0502052568 0.0417339765 0.9978665709
50.2 258.5 2107.8 0.9987198710 0.0082714530 0.0499022491 -0.0061711869 0.9990945458 -0.0420958214 -0.0502052568 0.0417339765 0.9978665709
48.8 64.6 2099.2 0.9987296462 0.0071226815 0.0498830490 -0.0048975535 0.9989934564 -0.0445878953 -0.0501504242 0.0442869477 0.9977592826
-86.3 259.2 2114.7 0.2345756739 -0.8905005455 -0.3898499906 0.9719369411 0.2075530142 0.1107264161 -0.0176873896 -0.4048833549 0.9141972661
-148.0 3.4 2119.3 -0.0243720375 -0.8911425471 -0.4530683458 0.9362002611 0.1386042982 -0.3229828179 0.3506209552 -0.4320344627 0.8309098482
186.6 257.8 2101.0 0.1824605167 0.4728255272 0.8620581031 -0.9832026958 0.0836927518 0.1621974260 0.0045430670 -0.8771724701 0.4801539481
235.0 -2.8 2102.2 -0.0629177019 0.4850076139 0.8722436428 -0.9600403309 0.2093913257 -0.1856819689 -0.2726974189 -0.8490718007 0.4524524510
-42.3 -129.2 2096.6 0.9995455742 0.0141075905 -0.0266383030 -0.0148723638 0.9994764924 -0.0287331007 0.0262190010 0.0291162189 0.9992321134
-47.8 -517.1 2085.3 0.9937095046 0.1097262427 -0.0223951135 -0.1023613140 0.9710564613 0.2158043832 0.0454263240 -0.2121544778 0.9761797786
136.7 -130.1 2087.9 0.9939503670 0.0962468386 -0.0529070757 -0.0958890542 0.9953489304 0.0092656603 0.0535527878 -0.0041363975 0.9985564351
99.3 -516.5 2089.5 0.9946293831 -0.0931876227 -0.0450378880 0.0969012678 0.9913191199 0.0888625532 0.0363660268 -0.0927495360 0.9950251579
-141.7 -240.5 2028.0 0 0 0 0 0 0 0 0 0
217.7 -266.1 2027.4 0 0 0 0 0 0 0 0 0
-88.7 -879.5 2164.5 0 0 0 0 0 0 0 0 0
134.1 -886.3 2124.1 0 0 0 0 0 0 0 0 0
51.3 457.4 2114.5 4 0.9987545609 0.0068251584 0.0494237244 -0.0047899224 0.9991402030 -0.0411813073 -0.0496622995 0.0408932827 0.9979285598
49.9 259.3 2106.4 0.9987545609 0.0068251584 0.0494237244 -0.0047899224 0.9991402030 -0.0411813073 -0.0496622995 0.0408932827 0.9979285598
48.6 65.4 2097.9 0.9987538457 0.0070931818 0.0494007468 -0.0048948452 0.9989982843 -0.0444797091 -0.0496667661 0.0441824719 0.9977881312
-86.5 260.0 2113.2 0.2323137820 -0.8904183507 -0.3913891017 0.9725460410 0.2070351094 0.1062573940 -0.0135822566 -0.4053289890 0.9140700102
-147.8 3.5 2116.8 -0.0292016529 -0.8908695579 -0.4533196092 0.9365888238 0.1340534538 -0.3237761557 0.3492113948 -0.4340288937 0.8304639459
186.4 258.7 2099.6 0.1821620613 0.4733642042 0.8618255854 -0.9832543135 0.0829812661 0.1622500867 0.0052879998 -0.8769494891 0.4805534184
234.8 -2.7 2101.0 -0.0636580214 0.4852668941 0.8720456958 -0.9610042572 0.2058210224 -0.1846850067 -0.2691068649 -0.8497962952 0.4532413781
-42.1 -128.9 2095.1 0.9995486736 0.0131387794 -0.0270142891 -0.0137016429 0.9996906519 -0.0207573306 0.0267332066 0.0211181026 0.9994195104
-47.2 -517.0 2086.9 0.9931030869 0.1149154678 -0.0232527405 -0.1075051203 0.9716604948 0.2105196267 0.0467857309 -0.2065678984 0.9773130417
136.9 -129.8 2086.2 0.9935843349 0.1002292708 -0.0523859560 -0.0993277058 0.9948627949 0.0195457749 0.0540758967 -0.0142169995 0.9984356165
98.0 -516.0 2091.7 0.9939762354 -0.1000498310 -0.0447356440 0.1038928330 0.9901395440 0.0939678699 0.0348930582 -0.0980495438 0.9945696592
-140.2 -240.5 2025.8 0 0 0 0 0 0 0 0 0
217.4 -266.2 2027.3 0 0 0 0 0 0 0 0 0
-90.1 -879.6 2164.0 0 0 0 0 0 0 0 0 0
135.3 -885.5 2128.3 0 0 0 0 0 0 0 0 0
51.9 457.5 2107.3 5 0.9988860488 0.0078399871 0.0465317182 -0.0065525104 0.9995931983 -0.0277571194 -0.0467304066 0.0274212994 0.9985311031
50.3 259.2 2101.8 0.9988860488 0.0078399871 0.0465317182 -0.0065525104 0.9995931983 -0.0277571194 -0.0467304066 0.0274212994 0.9985311031
48.8 65.2 2095.8 0.9988857508 0.0080515649 0.0465015322 -0.0065873824 0.9994803071 -0.0315546282 -0.0467314310 0.0312131457 0.9984197021
-86.2 260.1 2108.2 0.2366221249 -0.8885865211 -0.3929681182 0.9711886644 0.2045203000 0.1223273650 -0.0283284914 -0.4105915725 0.9113792181
-148.2 5.6 2115.6 -0.0363500714 -0.8885164857 -0.4574026167 0.9358009100 0.1303362250 -0.3275501728 0.3506498635 -0.4399442673 0.8267368078
186.8 258.3 2095.4 0.1806348413 0.4758217931 0.8607930541 -0.9833948016 0.0718138963 0.1666657776 0.0174863134 -0.8766050339 0.4808927774
234.6 -1.7 2100.1 -0.0671289787 0.4892912209 0.8695331216 -0.9609248042 0.2028620690 -0.1883361638 -0.2685465217 -0.8481987119 0.4565541446
-42.3 -128.1 2093.7 0.9994578958 0.0136535177 -0.0299574547 -0.0140312240 0.9998242259 -0.0124343168 0.0297824163 0.0128479162 0.9994738102
-47.6 -516.2 2088.7 0.9935345650 0.1104850844 -0.0261179786 -0.1024633422 0.9717062712 0.2128102481 0.0488913618 -0.2087582052 0.9767444134
136.7 -129.0 2084.8 0.9933770299 0.1011862308 -0.0544371828 -0.0990717709 0.9942663908 0.0402381085 0.0581966043 -0.0345784277 0.9977061152
97.4 -514.9 2098.2 0.9933484197 -0.1028387398 -0.0517986491 0.1061556935 0.9921585917 0.0659717321 0.0446080267 -0.0710316375 0.9964761138
-138.7 -238.2 2024.3 0 0 0 0 0 0 0 0 0
216.2 -265.1 2026.4 0 0 0 0 0 0 0 0 0
-88.8 -878.9 2166.7 0 0 0 0 0 0 0 0 0
135.8 -885.1 2124.8 0 0 0 0 0 0 0 0 0
52.5 456.4 2110.1 6 0.9988809824 0.0088229580 0.0464642160 -0.0068928339 0.9991131425 -0.0415376052 -0.0467894934 0.0411708541 0.9980559349
50.7 257.8 2101.9 0.9988809824 0.0088229580 0.0464642160 -0.0068928339 0.9991131425 -0.0415376052 -0.0467894934 0.0411708541 0.9980559349
49.0 63.9 2093.8 0.9988809824 0.0088633541 0.0464571193 -0.0068959435 0.9990794659 -0.0423394442 -0.0467896238 0.0419716984 0.9980226159
-85.8 258.7 2108.3 0.2366448194 -0.8885368109 -0.3930668533 0.9714406729 0.2091408074 0.1120854765 -0.0173857510 -0.4083655775 0.9126529098
-147.6 4.7 2112.9 -0.0276393704 -0.8892610669 -0.4565640986 0.9397202730 0.1326128840 -0.3151819110 0.3408252895 -0.4377539754 0.8319913149
187.2 256.9 2095.5 0.1791013777 0.4764265716 0.8607789874 -0.9837811589 0.0779547393 0.1615476906 0.0098638143 -0.8757515550 0.4826612771
234.4 -2.3 2098.1 -0.0688547790 0.4890470505 0.8695355058 -0.9611495137 0.2010170221 -0.1891659647 -0.2673025131 -0.8487786055 0.4562063515
-42.3 -128.2 2093.9 0.9994649887 0.0136645054 -0.0297154933 -0.0137869352 0.9998973012 -0.0039191060 0.0296588894 0.0043266946 0.9995507002
-47.6 -516.4 2092.2 0.9929879308 0.1152057499 -0.0265068617 -0.1081513688 0.9758507609 0.1897855848 0.0477311313 -0.1855880320 0.9814676642
136.7 -129.4 2085.5 0.9931836128 0.1037955061 -0.0530355312 -0.1015770584 0.9939002395 0.0429468155 0.0571697131 -0.0372668803 0.9976686835
96.4 -515.2 2100.0 0.9922688007 -0.1141487360 -0.0487107672 0.1179450080 0.9894702435 0.0838904828 0.0386218615 -0.0889870971 0.9952837229
-140.4 -240.1 2024.1 0 0 0 0 0 0 0 0 0
215.5 -265.8 2024.8 0 0 0 0 0 0 0 0 0
-90.6 -880.6 2161.5 0 0 0 0 0 0 0 0 0
139.0 -884.4 2133.2 0 0 0 0 0 0 0 0 0
47.2 448.7 2105.0 7 0.9992630482 0.0050671226 0.0380480140 -0.0016566064 0.9960178137 -0.0891389176 -0.0383481793 0.0890102014 0.9952922463
46.1 234.1 2085.9 0.9992630482 0.0050671226 0.0380480140 -0.0016566064 0.9960178137 -0.0891389176 -0.0383481793 0.0890102014 0.9952922463
44.3 40.1 2080.7 0.9992164373 0.0092088617 0.0384931639 -0.0081757000 0.9996044040 -0.0269119367 -0.0387257636 0.0265761409 0.9988964200
-90.4 235.2 2091.2 0.2382113338 -0.8866095543 -0.3964579403 0.9700483680 0.1972114146 0.1418233663 -0.0475559272 -0.4183672965 0.9070321321
-147.1 4.1 2102.5 -0.0376532078 -0.8862618208 -0.4616516829 0.9380764365 0.1278588921 -0.3219701052 0.3443760872 -0.4451877475 0.8265669942
182.7 233.0 2080.6 0.2273218036 0.4784424901 0.8481848836 -0.9734658599 0.0881669000 0.2111653239 0.0262486339 -0.8736814857 0.4857896864
237.9 -3.7 2087.0 -0.1271401942 0.4912475348 0.8616909385 -0.9558677077 0.1712979227 -0.2386921793 -0.2648628056 -0.8540098667 0.4477888048
-42.3 -129.6 2089.7 0.9991331697 0.0169681255 -0.0380126573 -0.0173894744 0.9997906685 -0.0107813757 0.0378217585 0.0114330510 0.9992191195
-48.9 -517.6 2085.3 0.9941710234 0.1027584150 -0.0326288193 -0.0921811312 0.9671114683 0.2370612472 0.0559157468 -0.2326716781 0.9709466100
136.8 -130.7 2081.4 0.9923352599 0.1063390747 -0.0629506856 -0.1039931700 0.9937954545 0.0394467600 0.0667548403 -0.0325979665 0.9972367883
95.5 -516.5 2094.1 0.9921689630 -0.1123637483 -0.0545450225 0.1180708706 0.9861918092 0.1161250472 0.0407436080 -0.1216558442 0.9917357564
-137.3 -240.3 2012.8 0 0 0 0 0 0 0 0 0
203.1 -265.3 2014.5 0 0 0 0 0 0 0 0 0
-87.2 -878.1 2172.1 0 0 0 0 0 0 0 0 0
137.4 -884.3 2139.5 0 0 0 0 0 0 0 0 0
48.4 450.5 2103.0 8 0.9990805984 0.0113289021 0.0413468368 -0.0079146670 0.9966153502 -0.0818240866 -0.0421338715 0.0814216137 0.9957887530
46.0 244.5 2086.2 0.9990805984 0.0113289021 0.0413468368 -0.0079146670 0.9966153502 -0.0818240866 -0.0421338715 0.0814216137 0.9957887530
43.3 50.7 2076.1 0.9990307689 0.0140365530 0.0417192914 -0.0118362298 0.9985492826 -0.0525280386 -0.0423960835 0.0519833267 0.9977476001
-90.5 246.1 2092.0 0.2196626663 -0.8891717196 -0.4014000595 0.9755523205 0.2030620128 0.0840444118 0.0067791915 -0.4100481868 0.9120386839
-149.8 -17.5 2090.1 -0.0456217229 -0.8885135055 -0.4565768540 0.9341630936 0.1239820346 -0.3346158564 0.3539180160 -0.4417829812 0.8243602514
182.5 242.9 2080.4 0.1898676604 0.4778424203 0.8576810956 -0.9817813039 0.0990447402 0.1621590555 -0.0074623255 -0.8728440404 0.4879421592
234.4 -25.2 2078.3 -0.1245584115 0.4910660982 0.8621712327 -0.9520401955 0.1855994612 -0.2432535589 -0.2794720829 -0.8511209488 0.4443967044
-47.0 -153.3 2079.0 0.9993578792 0.0120956367 -0.0337267779 -0.0113612879 0.9996960163 0.0218807533 0.0339811854 -0.0214835238 0.9991915226
-51.7 -541.1 2087.3 0.9930368662 0.1137596816 -0.0306019448 -0.1041809767 0.9693159461 0.2226497531 0.0549915172 -0.2179112732 0.9744181037
132.1 -154.7 2072.1 0.9948879480 0.0846647769 -0.0550443754 -0.0814194307 0.9949470162 0.0587481558 0.0597401336 -0.0539661497 0.9967541099
99.2 -540.7 2093.0 0.9936133027 -0.1011447310 -0.0500239097 0.1063872129 0.9874703288 0.1165507808 0.0376086310 -0.1211283058 0.9919241667
-137.9 -260.8 1997.9 0 0 0 0 0 0 0 0 0
200.2 -285.9 2001.8 0 0 0 0 0 0 0 0 0
-94.1 -902.6 2168.6 0 0 0 0 0 0 0 0 0
136.9 -909.2 2138.2 0 0 0 0 0 0 0 0 0
50.7 452.8 2102.5 9 0.9991123080 0.0167399012 0.0386568084 -0.0135384835 0.9965697527 -0.0816418454 -0.0398908854 0.0810460150 0.9959117770
47.3 251.2 2086.1 0.9991123080 0.0167399012 0.0386568084 -0.0135384835 0.9965697527 -0.0816418454 -0.0398908854 0.0810460150 0.9959117770
43.7 57.6 2073.2 0.9990690947 0.0186232608 0.0389120653 -0.0159768518 0.9976083636 -0.0672475919 -0.0400713719 0.0665632933 0.9969772100
-89.2 253.3 2091.6 0.2248428017 -0.8880712390 -0.4009677470 0.9743412733 0.2092362791 0.0829415694 0.0102389771 -0.4093282223 0.9123297334
-149.3 -7.0 2088.8 -0.0802986771 -0.8849452138 -0.4587200582 0.9338480234 0.0941299424 -0.3450614512 0.3485397696 -0.4560827911 0.8188458085
183.8 249.0 2080.6 0.1828753650 0.4815362692 0.8571344018 -0.9829983115 0.1041552648 0.1512150615 -0.0164595246 -0.8702151775 0.4923967719
233.3 -17.2 2076.2 -0.1494278908 0.4931686521 0.8570040464 -0.9493207335 0.1708318740 -0.2638306320 -0.2765166163 -0.8529953957 0.4426482022
-49.0 -142.0 2069.8 0.9992747903 0.0133609306 -0.0356571004 -0.0118454173 0.9990313053 0.0423803665 0.0361887999 -0.0419272557 0.9984650612
-54.2 -529.6 2086.1 0.9959549904 0.0835901350 -0.0329602212 -0.0750284567 0.9754970670 0.2068241984 0.0494410582 -0.2035146356 0.9778227806
130.0 -144.1 2062.2 0.9952352047 0.0813374221 -0.0537688173 -0.0765465647 0.9933635592 0.0858452544 0.0603944175 -0.0813204050 0.9948565364
98.5 -529.5 2093.8 0.9940539002 -0.0947650969 -0.0536317192 0.0992157981 0.9912097454 0.0875185430 0.0448665805 -0.0923192650 0.9947181344
-128.4 -250.2 1998.1 0 0 0 0 0 0 0 0 0
192.4 -277.3 2000.4 0 0 0 0 0 0 0 0 0
-85.3 -893.4 2162.0 0 0 0 0 0 0 0 0 0
133.8 -899.3 2128.2 0 0 0 0 0 0 0 0 0
52.0 453.4 2101.2 0 0.9991999269 0.0203720592 0.0344155505 -0.0175798386 0.9966740608 -0.0795724243 -0.0359221399 0.0789037421 0.9962348342
47.9 253.9 2085.4 0.9991999269 0.0203720592 0.0344155505 -0.0175798386 0.9966740608 -0.0795724243 -0.0359221399 0.0789037421 0.9962348342
43.9 60.4 2071.2 0.9991876483 0.0207712110 0.0345336013 -0.0181754436 0.9971035719 -0.0738518387 -0.0359675698 0.0731641799 0.9966711402
-88.6 256.4 2090.4 0.2254472375 -0.8872762322 -0.4023858905 0.9742373824 0.2078278512 0.0875736549 0.0059249648 -0.4117625952 0.9112718701
-148.0 -0.4 2088.8 -0.0651361644 -0.8853121400 -0.4604125321 0.9317374229 0.1112216488 -0.3456805944 0.3572430611 -0.4514999092 0.8176339269
184.4 251.4 2080.5 0.1798198223 0.4855309725 0.8555258512 -0.9834511876 0.1082759574 0.1452588290 -0.0221052244 -0.8674883246 0.4969661534
232.5 -11.6 2074.6 -0.1318377107 0.4969061315 0.8577314019 -0.9510372877 0.1806126684 -0.2508129179 -0.2795476317 -0.8488011360 0.4487646818
-49.4 -134.6 2063.8 0.9991126657 0.0139059648 -0.0397562981 -0.0124301556 0.9992331266 0.0371305831 0.0402421467 -0.0366034582 0.9985193014
-54.8 -522.4 2078.0 0.9967849255 0.0712663084 -0.0366183706 -0.0617490187 0.9745039344 0.2157060951 0.0510573238 -0.2127514482 0.9757714868
129.6 -137.5 2056.7 0.9946986437 0.0850555226 -0.0577940717 -0.0803655982 0.9936195016 0.0791305751 0.0641558096 -0.0740664229 0.9951875210
96.6 -523.1 2085.4 0.9937340617 -0.0970778167 -0.0553937182 0.1025698036 0.9889675379 0.1068767235 0.0444072299 -0.1118887663 0.9927279949
-131.0 -243.0 1995.8 0 0 0 0 0 0 0 0 0
196.4 -272.2 1998.0 0 0 0 0 0 0 0 0 0
-81.4 -886.0 2157.4 0 0 0 0 0 0 0 0 0
132.8 -892.1 2127.2 0 0 0 0 0 0 0 0 0
53.1 453.9 2100.6 1 0.9989854693 0.0216453448 0.0394907594 -0.0184489489 0.9966575503 -0.0795822963 -0.0410813503 0.0787729993 0.9960457683
48.8 255.6 2084.9 0.9989854693 0.0216453448 0.0394907594 -0.0184489489 0.9966575503 -0.0795822963 -0.0410813503 0.0787729993 0.9960457683
44.8 62.1 2070.0 0.9990000725 0.0208918378 0.0395275354 -0.0177653078 0.9968060851 -0.0778588280 -0.0410279036 0.0770787522 0.9961804748
-87.7 258.0 2090.5 0.2311277092 -0.8878082633 -0.3979654014 0.9728498459 0.2159220725 0.0833116323 0.0119647626 -0.4064162076 0.9136096835
-147.9 4.3 2087.4 -0.0500574373 -0.8873858452 -0.4583018720 0.9347626567 0.1199760810 -0.3344016671 0.3517285585 -0.4451427758 0.8234894872
185.3 253.2 2079.3 0.1752112210 0.4818744361 0.8585441709 -0.9842102528 0.1079813391 0.1402504891 -0.0251236204 -0.8695614338 0.4931853116
232.0 -9.1 2072.6 -0.1022254080 0.4924284816 0.8643287420 -0.9563341737 0.1905167997 -0.2216489464 -0.2738153934 -0.8492452502 0.4514505565
-49.7 -131.5 2060.2 0.9993671179 0.0074893907 -0.0347752422 -0.0063243276 0.9994189739 0.0334926322 0.0350058749 -0.0332515053 0.9988337755
-52.6 -519.5 2073.2 0.9954074025 0.0900059119 -0.0326042958 -0.0801275447 0.9697237015 0.2306849360 0.0523801669 -0.2270129919 0.9724820852
129.4 -134.8 2053.8 0.9950445890 0.0840851739 -0.0530656874 -0.0801433399 0.9941442013 0.0724873021 0.0588500500 -0.0678752363 0.9959566593
96.8 -520.7 2080.1 0.9946211576 -0.0918051377 -0.0479647554 0.0974007621 0.9865123630 0.1315540969 0.0352404825 -0.1355182976 0.9901479483
-134.9 -239.2 1995.8 0 0 0 0 0 0 0 0 0
204.0 -271.1 1997.6 0 0 0 0 0 0 0 0 0
-86.1 -881.3 2157.9 0 0 0 0 0 0 0 0 0
131.0 -888.8 2130.7 0 0 0 0 0 0 0 0 0
51.8 454.7 2094.8 2 0.9989807606 0.0198983252 0.0405147299 -0.0171561949 0.9976094961 -0.0669398457 -0.0417498723 0.0661765411 0.9969341159
47.9 256.5 2081.6 0.9989807606 0.0198983252 0.0405147299 -0.0171561949 0.9976094961 -0.0669398457 -0.0417498723 0.0661765411 0.9969341159
44.2 62.9 2068.6 0.9990002513 0.0189316291 0.0404979512 -0.0161558986 0.9975680113 -0.0678019449 -0.0416830629 0.0670798793 0.9968765378
-88.6 258.7 2087.3 0.2268719822 -0.8886224627 -0.3985966146 0.9739009142 0.2098486274 0.0864900202 0.0067879795 -0.4078157842 0.9130389690
-147.7 5.0 2085.6 -0.0365507975 -0.8887541890 -0.4569245875 0.9355655909 0.1302801818 -0.3282439411 0.3512563705 -0.4394805133 0.8267259598
184.4 254.3 2075.9 0.1792065650 0.4809301496 0.8582488894 -0.9837067127 0.1003259346 0.1491839141 -0.0143575789 -0.8709999323 0.4910732806
232.0 -6.9 2072.1 -0.0861571506 0.4927587509 0.8658901453 -0.9564826488 0.2022866756 -0.2102880478 -0.2787793279 -0.8463267088 0.4538867474
-48.8 -129.8 2058.7 0.9993367195 0.0125343716 -0.0341906212 -0.0116693154 0.9996096492 0.0253842548 0.0344954506 -0.0249684360 0.9990929365
-53.7 -517.8 2068.4 0.9955723286 0.0889858902 -0.0302863494 -0.0781348869 0.9625396729 0.2596388459 0.0522560067 -0.2561228275 0.9652307630
130.2 -133.0 2051.3 0.9947165251 0.0874472931 -0.0537777767 -0.0838304609 0.9942793846 0.0661889836 0.0592581853 -0.0613310598 0.9963568449
96.3 -518.9 2075.1 0.9942549467 -0.0968463048 -0.0455841422 0.1028586179 0.9823024869 0.1565307528 0.0296179950 -0.1603201926 0.9866206050
-138.2 -238.7 1994.1 0 0 0 0 0 0 0 0 0
208.3 -269.0 1995.7 0 0 0 0 0 0 0 0 0
-86.8 -876.9 2163.9 0 0 0 0 0 0 0 0 0
132.4 -885.4 2134.9 0 0 0 0 0 0 0 0 0
52.4 454.3 2092.4 3 0.9986823797 0.0239029378 0.0454113968 -0.0210294239 0.9978086948 -0.0627341196 -0.0468114167 0.0616964810 0.9969965816
47.7 256.5 2080.1 0.9986823797 0.0239029378 0.0454113968 -0.0210294239 0.9978086948 -0.0627341196 -0.0468114167 0.0616964810 0.9969965816
43.2 62.9 2067.7 0.9987057447 0.0230043177 0.0453608073 -0.0200338494 0.9976915717 -0.0648862123 -0.0467487574 0.0638934821 0.9968611598
-88.8 259.3 2086.5 0.2236775458 -0.8904240727 -0.3963752389 0.9745769501 0.2097378969 0.0788023844 0.0129673658 -0.4039244950 0.9147004485
-147.0 5.4 2083.2 -0.0301565584 -0.8909319043 -0.4531345069 0.9360260963 0.1338584572 -0.3254797161 0.3506361544 -0.4339610934 0.8298988342
184.1 253.8 2073.8 0.1798451543 0.4767976105 0.8604183793 -0.9836449027 0.0959886909 0.1524102688 -0.0099215759 -0.8737563491 0.4862626493
231.6 -5.7 2071.1 -0.0789761320 0.4888550937 0.8687827587 -0.9574385881 0.2055105120 -0.2026739866 -0.2776221931 -0.8478125334 0.4518183172
-49.0 -129.3 2059.3 0.9995400906 0.0085016536 -0.0291083436 -0.0080065327 0.9998220205 0.0170840956 0.0292484052 -0.0168431830 0.9994302392
-52.3 -517.4 2065.9 0.9946085811 0.1003669649 -0.0260822363 -0.0899284631 0.9600382447 0.2650272250 0.0516399220 -0.2612528205 0.9638881087
130.0 -132.2 2051.9 0.9947760701 0.0890145004 -0.0499696694 -0.0863992199 0.9948887229 0.0522645973 0.0543665700 -0.0476742312 0.9973822832
95.5 -518.4 2070.4 0.9929670691 -0.1115459725 -0.0396724492 0.1165802553 0.9796307683 0.1635012031 0.0206264500 -0.1669763327 0.9857451320
-139.2 -238.4 1991.8 0 0 0 0 0 0 0 0 0
209.9 -268.1 1995.0 0 0 0 0 0 0 0 0 0
-89.7 -875.7 2163.4 0 0 0 0 0 0 0 0 0
137.1 -883.9 2132.7 0 0 0 0 0 0 0 0 0
52.4 452.5 2091.2 4 0.9986475110 0.0248412099 0.0456732363 -0.0218560901 0.9976631403 -0.0647344068 -0.0471745841 0.0636486188 0.9968567491
47.5 255.1 2078.6 0.9986475110 0.0248412099 0.0456732363 -0.0218560901 0.9976631403 -0.0647344068 -0.0471745841 0.0636486188 0.9968567491
42.7 61.5 2066.0 0.9986618757 0.0243193302 0.0456397124 -0.0212725475 0.9975865483 -0.0660949573 -0.0471369475 0.0650356412 0.9967690110
-89.0 258.0 2085.0 0.2329593152 -0.8890681267 -0.3940657973 0.9724476933 0.2165881395 0.0862270519 0.0086882534 -0.4032957554 0.9150284529
-149.0 7.7 2082.8 -0.0371928550 -0.8895022273 -0.4554145932 0.9353766441 0.1293994337 -0.3291295767 0.3516919017 -0.4382254779 0.8272069097
183.9 252.2 2072.1 0.1806465536 0.4769614637 0.8601596355 -0.9835181832 0.0944180414 0.1541986018 -0.0076677967 -0.8738380671 0.4861565828
231.4 -6.4 2070.1 -0.0761396587 0.4893376827 0.8687642813 -0.9570420384 0.2086091787 -0.2013770491 -0.2797735929 -0.8467767239 0.4524333179
-50.7 -129.0 2059.5 0.9994998574 0.0134560270 -0.0286169108 -0.0127406996 0.9996054173 0.0250337794 0.0289424732 -0.0246566590 0.9992769361
-55.9 -517.1 2069.1 0.9975034595 0.0660315305 -0.0250339378 -0.0581068806 0.9689321518 0.2404039353 0.0401304252 -0.2383491099 0.9703500867
128.2 -132.6 2051.2 0.9952535033 0.0832317546 -0.0504270345 -0.0812052190 0.9958542585 0.0409882702 0.0536294989 -0.0366987847 0.9978863001
95.9 -519.2 2065.4 0.9933452606 -0.1085764542 -0.0384238884 0.1137303859 0.9773623943 0.1784044802 0.0181835368 -0.1815872043 0.9832066894
-139.3 -236.0 1991.2 0 0 0 0 0 0 0 0 0
210.5 -268.7 1993.4 0 0 0 0 0 0 0 0 0
-80.6 -878.4 2158.0 0 0 0 0 0 0 0 0 0
136.4 -883.9 2133.2 0 0 0 0 0 0 0 0 0
50.7 451.8 2090.6 5 0.9980500937 0.0255586319 0.0569452122 -0.0217059106 0.9974982142 -0.0672769696 -0.0585222542 0.0659097433 0.9961079359
45.7 254.5 2077.5 0.9980500937 0.0255586319 0.0569452122 -0.0217059106 0.9974982142 -0.0672769696 -0.0585222542 0.0659097433 0.9961079359
40.6 60.9 2064.6 0.9980405569 0.0259716175 0.0569254905 -0.0220750999 0.9974383116 -0.0680405349 -0.0585467890 0.0666505769 0.9960572124
-90.7 257.6 2085.5 0.2330600619 -0.8931248188 -0.3847220540 0.9723754525 0.2193145901 0.0799189657 0.0129975425 -0.3927202225 0.9195661545
-150.1 9.6 2082.2 -0.0352581739 -0.8940359950 -0.4466055930 0.9359638095 0.1271122247 -0.3283507228 0.3503263891 -0.4295837283 0.8323035836
182.0 251.5 2069.5 0.1863325685 0.4678368270 0.8639495969 -0.9824817181 0.0915269256 0.1623343378 -0.0031286667 -0.8790628910 0.4766955972
231.2 -7.8 2068.7 -0.0749447793 0.4807437062 0.8736525774 -0.9571328163 0.2111366540 -0.1982879043 -0.2797857523 -0.8510621786 0.4443119764
-51.5 -130.3 2057.6 0.9997863173 0.0115066022 -0.0171746444 -0.0110535203 0.9995943904 0.0262466613 0.0174696892 -0.0260512121 0.9995079637
-55.9 -518.3 2067.7 0.9971830845 0.0736663491 -0.0141105792 -0.0677254349 0.9651694894 0.2527076006 0.0322351456 -0.2510401011 0.9674397707
127.5 -134.1 2049.1 0.9955189824 0.0860596299 -0.0391872302 -0.0846120268 0.9957187772 0.0372140482 0.0422220901 -0.0337315835 0.9985386729
94.1 -520.6 2062.2 0.9927563667 -0.1173003912 -0.0259891767 0.1200876683 0.9754703045 0.1844902188 0.0037108962 -0.1862748116 0.9824906588
-140.9 -234.2 1990.9 0 0 0 0 0 0 0 0 0
210.7 -270.2 1992.0 0 0 0 0 0 0 0 0 0
-83.4 -878.4 2161.3 0 0 0 0 0 0 0 0 0
137.9 -884.7 2131.7 0 0 0 0 0 0 0 0 0
49.6 451.4 2089.8 6 0.9980021715 0.0275404453 0.0568615496 -0.0235281382 0.9972649217 -0.0700646937 -0.0586356446 0.0685868636 0.9959205389
44.1 254.2 2076.2 0.9980021715 0.0275404453 0.0568615496 -0.0235281382 0.9972649217 -0.0700646937 -0.0586356446 0.0685868636 0.9959205389
39.2 60.6 2062.9 0.9980589747 0.0254055560 0.0568584353 -0.0213881638 0.9973048568 -0.0701819882 -0.0584882088 0.0688296631 0.9959124327
-92.3 257.2 2084.2 0.2350989729 -0.8933252692 -0.3830123544 0.9719412327 0.2191752642 0.0853956416 0.0076607531 -0.3923419118 0.9197875261
-152.3 9.1 2082.2 -0.0317407250 -0.8944459558 -0.4460481107 0.9365577698 0.1292444319 -0.3258150220 0.3490731716 -0.4280914366 0.8335980177
180.5 251.3 2068.2 0.1923094094 0.4678157568 0.8626502752 -0.9813308120 0.0940308571 0.1677737087 -0.0026285611 -0.8788097501 0.4771650434
231.3 -8.0 2067.5 -0.0791283399 0.4801161885 0.8736287355 -0.9580057263 0.2056777924 -0.1998041421 -0.2756152451 -0.8527514935 0.4436790943
-53.8 -130.7 2056.9 0.9998500347 0.0006870028 -0.0173058826 -0.0003032452 0.9997541904 0.0221678503 0.0173168592 -0.0221592765 0.9996044636
-54.1 -518.8 2065.5 0.9955890775 0.0923433676 -0.0165872984 -0.0844275653 0.9589031935 0.2708813250 0.0409197062 -0.2682860494 0.9624698162
125.0 -134.7 2046.4 0.9964417219 0.0743552223 -0.0396890305 -0.0731780902 0.9968575239 0.0303322673 0.0418196730 -0.0273199696 0.9987515807
96.1 -521.7 2057.0 0.9933407903 -0.1123489365 -0.0255308971 0.1152080745 0.9707164168 0.2108001560 0.0011000888 -0.2123377472 0.9771957397
-144.0 -234.9 1991.3 0 0 0 0 0 0 0 0 0
209.6 -270.6 1992.0 0 0 0 0 0 0 0 0 0
-88.5 -876.6 2165.6 0 0 0 0 0 0 0 0 0
138.1 -883.9 2136.3 0 0 0 0 0 0 0 0 0
48.0 453.2 2094.9 7 0.9978750944 0.0258020330 0.0598297939 -0.0208271910 0.9963873625 -0.0823316276 -0.0617379732 0.0809105933 0.9948074818
42.9 255.4 2078.8 0.9978750944 0.0258020330 0.0598297939 -0.0208271910 0.9963873625 -0.0823316276 -0.0617379732 0.0809105933 0.9948074818
38.2 62.0 2063.6 0.9979106784 0.0242076814 0.0599023998 -0.0194086302 0.9966508746 -0.0794380084 -0.0616247877 0.0781094134 0.9950383306
-93.5 258.1 2087.2 0.2417005301 -0.8925074339 -0.3808035254 0.9701163173 0.2308851182 0.0746079013 0.0213337559 -0.3874564767 0.9216411114
-155.6 8.7 2081.7 -0.0428234898 -0.8937206864 -0.4465752840 0.9355242252 0.1210122332 -0.3318892717 0.3506573737 -0.4319946468 0.8309151530
179.2 252.8 2070.4 0.1949088424 0.4652574658 0.8634500504 -0.9807630181 0.1020525172 0.1664006859 -0.0106980922 -0.8792728782 0.4761982560
231.2 -8.5 2067.5 -0.0861594751 0.4776166677 0.8743333817 -0.9556914568 0.2083249837 -0.2079771459 -0.2814788222 -0.8535121679 0.4385049939
-55.2 -131.0 2054.7 0.9998551607 -0.0090184323 -0.0144319618 0.0093531124 0.9996849298 0.0232932810 0.0142173460 -0.0234248918 0.9996244907
