34.8 495.6 2188.9 1 0.9968872666 -0.0050613354 0.0786772072 0.0074388226 0.9995235801 -0.0299545918 -0.0784881115 0.0304466169 0.9964500070
35.8 295.4 2182.8 0.9968872666 -0.0050613354 0.0786772072 0.0074388226 0.9995235801 -0.0299545918 -0.0784881115 0.0304466169 0.9964500070
36.5 96.7 2176.6 0.9968940020 -0.0034147736 0.0786810517 0.0058594765 0.9995065331 -0.0308611616 -0.0785368383 0.0312263351 0.9964220524
-104.5 294.6 2193.8 0.1813133806 -0.7967160344 -0.5765145421 0.9831059575 0.1617828310 0.0856097937 0.0250634607 -0.5822970867 0.8125896454
-155.7 16.7 2186.7 0.0133812511 -0.7980302572 -0.6024687886 0.9285274744 0.2334866375 -0.2886532247 0.3710224032 -0.5555462837 0.7441173792
176.1 296.2 2171.7 0.1648948640 0.6585323811 0.7342647910 -0.9831060767 0.1697048247 0.0685760975 -0.0794487074 -0.7331680655 0.6753906608
221.2 27.4 2150.0 -0.0627684966 0.6596478224 0.7489491701 -0.9521577358 0.1853103042 -0.2430138737 -0.2990915775 -0.7283713818 0.6164571047
-55.8 -102.6 2177.9 0.9868571758 0.0668056607 0.1471392512 -0.0634411648 0.9976080656 -0.0274467915 -0.1486209035 0.0177513771 0.9887349010
-82.3 -499.2 2170.8 0.9853056073 -0.0576447360 0.1607792526 0.0080913352 0.9560230374 0.2931799889 -0.1706089526 -0.2875709534 0.9424412847
127.2 -102.6 2163.8 0.8670474291 0.0205802359 -0.4978003204 -0.0502510145 0.9976637959 -0.0462793149 0.4956849217 0.0651413351 0.8660560250
119.0 -499.3 2137.9 0.8831619024 -0.0210050084 -0.4685976803 0.1583649069 0.9536918402 0.2557194829 0.4415264130 -0.3000511229 0.8455907702
-159.6 -248.8 2080.6 0 0 0 0 0 0 0 0 0
203.2 -244.9 2064.5 0 0 0 0 0 0 0 0 0
-60.3 -864.6 2280.7 0 0 0 0 0 0 0 0 0
127.0 -863.8 2252.6 0 0 0 0 0 0 0 0 0
35.8 497.0 2188.3 2 0.9953738451 0.0019978599 0.0960567370 0.0005392905 0.9996518493 -0.0263798255 -0.0960759968 0.0263095908 0.9950262308
35.4 296.6 2183.1 0.9953738451 0.0019978599 0.0960567370 0.0005392905 0.9996518493 -0.0263798255 -0.0960759968 0.0263095908 0.9950262308
34.7 97.9 2177.5 0.9953691363 0.0037957823 0.0960511193 -0.0010792789 0.9995983839 -0.0283180140 -0.0961200371 0.0280832108 0.9949734807
-104.6 296.8 2196.6 0.1814117283 -0.8055593967 -0.5640601516 0.9829253554 0.1664847583 0.0783619061 0.0307822432 -0.5686447620 0.8220070601
-156.1 18.3 2187.9 0.0177390836 -0.8062394857 -0.5913232565 0.9298054576 0.2307550460 -0.2867296934 0.3676236570 -0.5447292924 0.7537392974
175.5 296.5 2169.5 0.1754957736 0.6455318928 0.7432965636 -0.9819043279 0.1693542302 0.0847528428 -0.0711697564 -0.7447198629 0.6635715365
223.2 29.7 2150.2 -0.0708367825 0.6461799741 0.7598904967 -0.9543303251 0.1777551919 -0.2401181906 -0.2902340591 -0.7421957254 0.6040775180
-54.3 -102.6 2177.6 0.9843860865 0.0661061406 0.1631378531 -0.0598189496 0.9972757101 -0.0431604534 -0.1655465961 0.0327278189 0.9856587648
-80.6 -499.0 2164.6 0.9829521179 -0.0533603653 0.1759483814 -0.0033024563 0.9516816139 0.3070686460 -0.1838321388 -0.3024148345 0.9352812171
128.6 -101.5 2163.2 0.8753712773 0.0244482998 -0.4828327298 -0.0521788634 0.9976643324 -0.0440829284 0.4806272388 0.0637825951 0.8746023178
118.9 -498.2 2137.8 0.8905826807 -0.0182754323 -0.4544540644 0.1473682225 0.9568832517 0.2503138185 0.4302849174 -0.2898972332 0.8548768759
-161.1 -247.6 2082.7 0 0 0 0 0 0 0 0 0
202.9 -243.2 2067.2 0 0 0 0 0 0 0 0 0
-60.2 -862.8 2280.1 0 0 0 0 0 0 0 0 0
125.9 -863.9 2248.6 0 0 0 0 0 0 0 0 0
34.3 497.7 2188.6 3 0.9960012436 -0.0120025733 0.0885291323 0.0141925029 0.9996076226 -0.0241489671 -0.0882045478 0.0253088512 0.9957808256
36.7 297.2 2183.5 0.9960012436 -0.0120025733 0.0885291323 0.0141925029 0.9996076226 -0.0241489671 -0.0882045478 0.0253088512 0.9957808256
38.6 98.5 2178.3 0.9960235357 -0.0098700002 0.0885422006 0.0121584022 0.9996048808 -0.0253433269 -0.0882570744 0.0263190810 0.9957499504
-103.5 295.5 2195.9 0.1897957474 -0.8007238507 -0.5681715012 0.9815555215 0.1682678759 0.0907454118 0.0229429957 -0.5749149323 0.8178914189
-156.2 22.8 2189.5 0.0157739371 -0.8013884425 -0.5979362130 0.9314667583 0.2291721702 -0.2825770080 0.3634842932 -0.5525003672 0.7500816584
176.8 298.9 2171.1 0.1594265997 0.6524459124 0.7408761978 -0.9847763181 0.1577661484 0.0729753077 -0.0692727417 -0.7412315607 0.6676654220
220.5 29.0 2152.1 -0.0566074215 0.6545025110 0.7539377213 -0.9539816976 0.1872699112 -0.2341984808 -0.2944733500 -0.7325001359 0.6137825251
-57.4 -100.7 2180.7 0.9864782691 0.0533867590 0.1549533159 -0.0450159237 0.9973565340 -0.0570391528 -0.1575888395 0.0492925160 0.9862738252
-78.6 -497.2 2161.1 0.9859293103 -0.0335263759 0.1637662947 -0.0188922826 0.9510564804 0.3084391356 -0.1660918444 -0.3071931005 0.9370410442
125.2 -100.9 2163.1 0.8720556498 0.0161718521 -0.4891394675 -0.0474414527 0.9975403547 -0.0515998267 0.4871019125 0.0682034120 0.8706778884
118.8 -497.5 2136.0 0.8871339560 -0.0196896102 -0.4610918462 0.1532057077 0.9549971819 0.2539851069 0.4353405237 -0.2959606946 0.8502269387
-160.7 -243.6 2085.6 0 0 0 0 0 0 0 0 0
204.3 -243.8 2067.9 0 0 0 0 0 0 0 0 0
-65.8 -860.6 2278.5 0 0 0 0 0 0 0 0 0
126.3 -862.6 2249.1 0 0 0 0 0 0 0 0 0
35.1 497.7 2188.7 4 0.9966582060 -0.0167135466 0.0799567476 0.0186082032 0.9995620251 -0.0230098367 -0.0795371532 0.0244207941 0.9965327382
38.4 297.2 2183.8 0.9966582060 -0.0167135466 0.0799567476 0.0186082032 0.9995620251 -0.0230098367 -0.0795371532 0.0244207941 0.9965327382
41.4 98.4 2178.6 0.9966831803 -0.0150068039 0.0799842477 0.0170356054 0.9995486736 -0.0247432441 -0.0795768350 0.0260237549 0.9964889884
-101.8 294.8 2195.0 0.1886412948 -0.7961048484 -0.5750057101 0.9817876816 0.1663144529 0.0918285698 0.0225265902 -0.5818561316 0.8129796982
-154.2 22.1 2188.7 0.0216023754 -0.7965892553 -0.6041348577 0.9328942299 0.2333500832 -0.2743285298 0.3595020771 -0.5576677322 0.7481744289
178.7 299.5 2172.6 0.1625404358 0.6574728489 0.7357377410 -0.9838538766 0.1646062583 0.0702585950 -0.0749139264 -0.7352783084 0.6736124158
222.9 31.9 2152.2 -0.0637971535 0.6584187150 0.7499431968 -0.9550006986 0.1778382212 -0.2373757660 -0.2896611989 -0.7313401103 0.6174447536
-50.8 -101.3 2181.1 0.9867123961 0.0704084411 0.1464283466 -0.0622598045 0.9962840676 -0.0595123172 -0.1500744075 0.0496049412 0.9874294996
-78.8 -497.3 2161.4 0.9860686064 -0.0374306180 0.1620730907 -0.0152415736 0.9499221444 0.3121147752 -0.1656394750 -0.3102368414 0.9361178875
132.0 -99.1 2164.9 0.8675087094 0.0345629305 -0.4962198138 -0.0647315085 0.9969442487 -0.0437262468 0.4931921661 0.0700539500 0.8670951128
118.2 -495.4 2137.1 0.8847584724 -0.0260411128 -0.4653217793 0.1569104195 0.9567919970 0.2448024154 0.4388412237 -0.2896048427 0.8506159186
-160.4 -244.6 2085.9 0 0 0 0 0 0 0 0 0
204.7 -241.2 2069.4 0 0 0 0 0 0 0 0 0
-64.5 -860.4 2280.0 0 0 0 0 0 0 0 0 0
128.2 -861.2 2247.8 0 0 0 0 0 0 0 0 0
34.7 497.0 2188.2 5 0.9972150922 -0.0179511700 0.0723864585 0.0196723770 0.9995387793 -0.0231355503 -0.0719377622 0.0244951341 0.9971082807
38.3 296.6 2183.3 0.9972150922 -0.0179511700 0.0723864585 0.0196723770 0.9995387793 -0.0231355503 -0.0719377622 0.0244951341 0.9971082807
41.3 97.9 2177.9 0.9972610474 -0.0149339074 0.0724391416 0.0168807488 0.9995105267 -0.0263381675 -0.0720103532 0.0274888556 0.9970250130
-102.1 294.2 2193.4 0.1819365919 -0.7933397889 -0.5809570551 0.9831184149 0.1584295481 0.0915330276 0.0194239710 -0.5878027678 0.8087710738
-152.5 21.6 2188.1 0.0133033497 -0.7944386601 -0.6071987152 0.9343286753 0.2261771113 -0.2754520476 0.3561642170 -0.5636587143 0.7452757359
178.6 299.0 2173.2 0.1680060625 0.6625722647 0.7299122810 -0.9829750657 0.1684750766 0.0733223110 -0.0743907019 -0.7298041582 0.6795968413
224.2 32.5 2153.0 -0.0645212233 0.6631326079 0.7457158566 -0.9547314048 0.1764319092 -0.2394989729 -0.2903876603 -0.7274111509 0.6217299104
-47.0 -101.8 2180.7 0.9866246581 0.0848331675 0.1391943395 -0.0774187520 0.9953187108 -0.0578528494 -0.1434505731 0.0463027991 0.9885737300
-80.7 -497.5 2162.3 0.9856344461 -0.0520761646 0.1606634855 -0.0008610688 0.9497147202 0.3131153286 -0.1688903272 -0.3087556064 0.9360267520
135.9 -98.7 2166.1 0.8635080457 0.0433791317 -0.5024659634 -0.0716171861 0.9967447519 -0.0370255820 0.4992241859 0.0679570884 0.8638038039
118.6 -495.0 2139.1 0.8828598857 -0.0212492961 -0.4691555500 0.1554074734 0.9559144378 0.2491508722 0.4431782663 -0.2928755879 0.8472407460
-156.3 -245.6 2086.2 0 0 0 0 0 0 0 0 0
205.7 -240.5 2070.0 0 0 0 0 0 0 0 0 0
-60.8 -860.5 2280.4 0 0 0 0 0 0 0 0 0
126.7 -860.4 2251.1 0 0 0 0 0 0 0 0 0
35.1 497.7 2187.5 6 0.9975683689 -0.0149451848 0.0680735931 0.0164058898 0.9996459484 -0.0209494457 -0.0677363947 0.0220153108 0.9974603057
38.1 297.3 2183.1 0.9975683689 -0.0149451848 0.0680735931 0.0164058898 0.9996459484 -0.0209494457 -0.0677363947 0.0220153108 0.9974603057
40.4 98.5 2178.4 0.9976139069 -0.0113679059 0.0680977255 0.0129464027 0.9996566176 -0.0227835663 -0.0678153411 0.0236108229 0.9974184632
-102.3 295.5 2192.6 0.1742430627 -0.7917472720 -0.5854704380 0.9845409393 0.1508532614 0.0890083611 0.0178479962 -0.5919287205 0.8057926893
-152.0 14.1 2187.5 -0.0007136103 -0.7937521935 -0.6082408428 0.9339280725 0.2168930620 -0.2841404080 0.3574602902 -0.5682559609 0.7411526442
178.5 299.1 2173.5 0.1701792628 0.6649057865 0.7272821665 -0.9824824929 0.1713652760 0.0732265860 -0.0759421289 -0.7270036340 0.6824210882
224.8 32.1 2152.9 -0.0693382770 0.6651878953 0.7434495687 -0.9533987641 0.1751732826 -0.2456524074 -0.2936375141 -0.7258369923 0.6220431328
-47.3 -102.4 2179.0 0.9875664115 0.0817028657 0.1343029141 -0.0741854087 0.9954339862 -0.0600641668 -0.1385971010 0.0493540354 0.9891182780
-79.8 -498.1 2159.4 0.9864218235 -0.0533814840 0.1553139836 0.0001485262 0.9459905624 0.3241940737 -0.1642315239 -0.3197690248 0.9331536889
135.7 -99.3 2165.8 0.8608155251 0.0470680892 -0.5067358613 -0.0790375099 0.9959969521 -0.0417516194 0.5027421713 0.0759915859 0.8610897660
117.0 -495.3 2135.6 0.8832910657 -0.0394566618 -0.4671616852 0.1845779121 0.9452435970 0.2691570818 0.4309615493 -0.3239717782 0.8422080874
-151.8 -252.9 2085.3 0 0 0 0 0 0 0 0 0
205.0 -240.5 2068.9 0 0 0 0 0 0 0 0 0
-59.3 -859.7 2281.6 0 0 0 0 0 0 0 0 0
132.1 -856.4 2259.3 0 0 0 0 0 0 0 0 0
35.3 496.6 2187.1 7 0.9979928732 -0.0127112847 0.0620372891 0.0138277998 0.9997494817 -0.0176014453 -0.0617980100 0.0184239578 0.9979186058
37.8 296.1 2183.4 0.9979928732 -0.0127112847 0.0620372891 0.0138277998 0.9997494817 -0.0176014453 -0.0617980100 0.0184239578 0.9979186058
39.9 97.3 2179.2 0.9980174303 -0.0104088178 0.0620716847 0.0117062880 0.9997197390 -0.0205758587 -0.0618401207 0.0212616939 0.9978595972
-102.7 294.4 2192.1 0.1769367307 -0.7881696224 -0.5894761086 0.9841395020 0.1494437754 0.0955821574 0.0127585772 -0.5970387459 0.8021109700
-153.1 13.7 2188.5 -0.0111720804 -0.7900182009 -0.6129815578 0.9392203689 0.2020697892 -0.2775481045 0.3431331217 -0.5788255334 0.7397436500
178.3 297.7 2174.7 0.1728534102 0.6676713228 0.7241109610 -0.9813861847 0.1792113483 0.0690248832 -0.0836829618 -0.7225636840 0.6862207055
225.0 32.4 2152.1 -0.0708964765 0.6669734120 0.7417008281 -0.9549883008 0.1693381220 -0.2435609102 -0.2880468667 -0.7255832553 0.6249463558
-48.9 -101.4 2179.9 0.9889816046 0.0747577697 0.1277759969 -0.0669452548 0.9956770539 -0.0643859059 -0.1320369691 0.0551224798 0.9897109270
-78.6 -497.2 2158.0 0.9882568717 -0.0425611995 0.1467544436 -0.0077187708 0.9452936053 0.3261295259 -0.1526065022 -0.3234325051 0.9338643551
134.2 -99.0 2167.5 0.8577113152 0.0425695330 -0.5123662353 -0.0783152133 0.9957545400 -0.0483697690 0.5081319213 0.0816133618 0.8574037552
117.3 -494.9 2135.0 0.8797701597 -0.0388986543 -0.4738051593 0.1836720705 0.9470699430 0.2632927299 0.4384849072 -0.3186618686 0.8403484821
-149.9 -254.8 2090.4 0 0 0 0 0 0 0 0 0
204.7 -240.7 2069.7 0 0 0 0 0 0 0 0 0
-62.3 -858.6 2281.6 0 0 0 0 0 0 0 0 0
132.1 -856.9 2256.8 0 0 0 0 0 0 0 0 0
34.9 496.4 2187.0 8 0.9984203577 -0.0093774386 0.0553972349 0.0103575652 0.9997944236 -0.0174321663 -0.0552223772 0.0179784093 0.9983122349
36.8 295.7 2183.4 0.9984203577 -0.0093774386 0.0553972349 0.0103575652 0.9997944236 -0.0174321663 -0.0552223772 0.0179784093 0.9983122349
38.3 96.9 2179.3 0.9984337687 -0.0076608518 0.0554195046 0.0087836999 0.9997604489 -0.0200457554 -0.0552526638 0.0205011480 0.9982619286
-103.8 294.4 2191.1 0.1700471491 -0.7855041027 -0.5950354934 0.9853870869 0.1415504962 0.0947401673 0.0098087862 -0.6024506092 0.7980958819
-152.6 11.2 2188.3 -0.0083240028 -0.7879261374 -0.6157135367 0.9385293722 0.2063408643 -0.2767418325 0.3450989723 -0.5801688433 0.7377742529
177.3 296.9 2175.6 0.1759864837 0.6715191603 0.7197852135 -0.9804629087 0.1848421097 0.0672745183 -0.0878704786 -0.7175621390 0.6909293532
225.0 31.1 2151.8 -0.0749198571 0.6700160503 0.7385563254 -0.9555350542 0.1635899842 -0.2453387082 -0.2852013111 -0.7240971923 0.6279677153
-49.6 -102.5 2180.7 0.9899949431 0.0727606788 0.1208963916 -0.0651093647 0.9956877232 -0.0660811663 -0.1251831651 0.0575485304 0.9904631972
-78.6 -498.4 2157.8 0.9893328547 -0.0404993817 0.1399294287 -0.0094110370 0.9408000708 0.3388313055 -0.1453680694 -0.3365338147 0.9303833246
133.5 -100.3 2169.3 0.8543449640 0.0404596925 -0.5181289911 -0.0748616681 0.9961483479 -0.0456524007 0.5142862797 0.0777909011 0.8540832400
117.4 -496.4 2138.4 0.8736677766 -0.0401184969 -0.4848660827 0.1777825058 0.9540001750 0.2414064407 0.4528774619 -0.2971097529 0.8406115770
-150.3 -257.2 2089.6 0 0 0 0 0 0 0 0 0
203.6 -242.2 2070.2 0 0 0 0 0 0 0 0 0
-63.1 -858.0 2286.4 0 0 0 0 0 0 0 0 0
132.8 -861.0 2251.9 0 0 0 0 0 0 0 0 0
36.1 498.5 2187.4 9 0.9979562759 -0.0075518596 0.0634528250 0.0086013861 0.9998304248 -0.0162834115 -0.0633190945 0.0167959146 0.9978519678
37.6 297.8 2184.0 0.9979562759 -0.0075518596 0.0634528250 0.0086013861 0.9998304248 -0.0162834115 -0.0633190945 0.0167959146 0.9978519678
38.7 99.0 2179.9 0.9979685545 -0.0054089981 0.0634786338 0.0067078355 0.9997721314 -0.0202657711 -0.0633545518 0.0206504054 0.9977774024
-102.8 296.8 2192.9 0.1757210195 -0.7891238332 -0.5885624290 0.9843568802 0.1486150026 0.0946315229 0.0127932187 -0.5959842205 0.8028942347
-153.6 12.0 2189.2 -0.0123546924 -0.7910013199 -0.6116896868 0.9392955899 0.2005914599 -0.2783646584 0.3428865373 -0.5779965520 0.7405057549
178.1 298.7 2175.1 0.1719800532 0.6663907170 0.7254972458 -0.9811675549 0.1816181839 0.0657653436 -0.0879380852 -0.7231447101 0.6850756407
225.1 30.6 2151.1 -0.0772756711 0.6648221016 0.7429939508 -0.9567595720 0.1601591855 -0.2428170592 -0.2804274559 -0.7296304703 0.6236985326
-51.8 -102.7 2180.3 0.9890354276 0.0711375773 0.1294155419 -0.0640702695 0.9962595701 -0.0579816364 -0.1330561489 0.0490542054 0.9898937941
-80.1 -498.8 2160.8 0.9879062176 -0.0491109937 0.1470693797 -0.0047969278 0.9383785725 0.3455757797 -0.1549783349 -0.3421019614 0.9267944694
131.4 -101.1 2170.1 0.8588088751 0.0312524661 -0.5113419294 -0.0639608800 0.9968686700 -0.0464964136 0.5082876086 0.0726374090 0.8581185937
119.0 -497.4 2141.2 0.8746871948 -0.0301073436 -0.4837518930 0.1577046514 0.9614380002 0.2253136337 0.4583138525 -0.2733688653 0.8457055688
-150.1 -256.6 2091.2 0 0 0 0 0 0 0 0 0
203.0 -243.0 2070.9 0 0 0 0 0 0 0 0 0
-61.3 -857.5 2291.5 0 0 0 0 0 0 0 0 0
130.5 -864.8 2245.7 0 0 0 0 0 0 0 0 0
32.8 495.9 2187.1 0 0.9978954792 -0.0143344207 0.0632389113 0.0153172743 0.9997689128 -0.0150845451 -0.0630080700 0.0160214473 0.9978843927
35.7 295.3 2183.9 0.9978954792 -0.0143344207 0.0632389113 0.0153172743 0.9997689128 -0.0150845451 -0.0630080700 0.0160214473 0.9978843927
38.4 96.5 2180.1 0.9979050159 -0.0134653626 0.0632796064 0.0146321263 0.9997307062 -0.0180110987 -0.0630200356 0.0188992806 0.9978333116
-104.7 293.2 2192.7 0.1737118512 -0.7894421220 -0.5887320042 0.9847525954 0.1448935717 0.0962714925 0.0093027139 -0.5964788795 0.8025748730
-153.5 17.0 2190.1 -0.0164304059 -0.7914205790 -0.6110511422 0.9406550527 0.1949466914 -0.2777839005 0.3389663100 -0.5793524384 0.7412506938
176.2 297.3 2175.0 0.1809214950 0.6648032665 0.7247785926 -0.9795586467 0.1876942664 0.0723579004 -0.0879330114 -0.7230542302 0.6851717830
225.1 32.3 2151.2 -0.0776115060 0.6627004147 0.7448520660 -0.9578047395 0.1578201503 -0.2402143329 -0.2767428160 -0.7320662141 0.6224889159
-51.8 -100.4 2181.6 0.9895365834 0.0657325312 0.1284391731 -0.0568103343 0.9957897663 -0.0719397217 -0.1326271892 0.0638903156 0.9891046882
-77.9 -496.3 2156.2 0.9890694022 -0.0309669189 0.1441623271 -0.0219804030 0.9358093739 0.3518205881 -0.1458032578 -0.3511437178 0.9248996973
131.4 -99.2 2170.0 0.8588119745 0.0314471163 -0.5113247633 -0.0671184361 0.9964175820 -0.0514499955 0.5078750849 0.0785051957 0.8578460813
118.9 -495.3 2138.8 0.8768742085 -0.0233486630 -0.4801525176 0.1570083797 0.9579536915 0.2401521504 0.4543566704 -0.2859711945 0.8436708450
-148.8 -252.0 2093.2 0 0 0 0 0 0 0 0 0
202.9 -241.6 2072.1 0 0 0 0 0 0 0 0 0
-66.1 -854.0 2290.4 0 0 0 0 0 0 0 0 0
127.8 -861.4 2248.1 0 0 0 0 0 0 0 0 0
33.6 496.5 2186.9 1 0.9978671670 -0.0170483440 0.0630113855 0.0179422777 0.9997458458 -0.0136483153 -0.0627626851 0.0147497738 0.9979194999
37.1 295.8 2184.0 0.9978671670 -0.0170483440 0.0630113855 0.0179422777 0.9997458458 -0.0136483153 -0.0627626851 0.0147497738 0.9979194999
39.9 97.0 2180.4 0.9979041815 -0.0145000173 0.0630636811 0.0155986017 0.9997344613 -0.0169629008 -0.0628009737 0.0179110542 0.9978653193
-103.4 293.6 2192.8 0.1760302633 -0.7886105180 -0.5891577005 0.9843130112 0.1482374072 0.0956743881 0.0118853813 -0.5967571735 0.8023338318
-153.7 12.0 2189.4 -0.0207650699 -0.7906533480 -0.6119118333 0.9384545684 0.1956505775 -0.2846469879 0.3447780013 -0.5801621675 0.7379295230
177.5 298.0 2175.1 0.1757348627 0.6658254266 0.7251163721 -0.9807703495 0.1819343418 0.0706356019 -0.0848925933 -0.7235857844 0.6849940419
225.3 31.4 2152.1 -0.0788125843 0.6640690565 0.7435057759 -0.9571198225 0.1581534296 -0.2427121550 -0.2787656188 -0.7307528853 0.6231291890
-50.5 -103.6 2182.1 0.9892736077 0.0689440146 0.1287806779 -0.0611697920 0.9961129427 -0.0633819252 -0.1326499134 0.0548245795 0.9896455407
-77.9 -499.6 2160.3 0.9887718558 -0.0338051729 0.1455588490 -0.0173586756 0.9414972067 0.3365734518 -0.1484211832 -0.3353210688 0.9303391576
132.6 -100.9 2170.6 0.8587011695 0.0298498720 -0.5116065741 -0.0677233115 0.9961565733 -0.0555484258 0.5079821348 0.0823471919 0.8574223518
120.8 -497.0 2137.8 0.8796952367 -0.0170990098 -0.4752304256 0.1620384753 0.9503251314 0.2657549679 0.4470792711 -0.3107889891 0.8387671709
-147.8 -256.4 2090.8 0 0 0 0 0 0 0 0 0
202.7 -242.3 2072.3 0 0 0 0 0 0 0 0 0
-65.0 -859.4 2288.5 0 0 0 0 0 0 0 0 0
127.3 -860.1 2256.6 0 0 0 0 0 0 0 0 0
33.6 498.6 2186.9 2 0.9980638623 -0.0181120392 0.0595022701 0.0188819226 0.9997447729 -0.0124020223 -0.0592624582 0.0135015277 0.9981511235
37.3 297.8 2184.1 0.9980638623 -0.0181120392 0.0595022701 0.0188819226 0.9997447729 -0.0124020223 -0.0592624582 0.0135015277 0.9981511235
40.7 99.0 2180.6 0.9980747104 -0.0172425956 0.0595778748 0.0182661153 0.9996940494 -0.0166778006 -0.0592720769 0.0177339483 0.9980843067
-103.2 295.2 2192.5 0.1774543822 -0.7862215638 -0.5919169188 0.9840410948 0.1497972161 0.0960415378 0.0131575698 -0.5995135307 0.8002564907
-154.1 12.7 2188.7 -0.0223896801 -0.7879176140 -0.6153734922 0.9414341450 0.1905315518 -0.2782075703 0.3364527225 -0.5855625868 0.7375066280
177.7 300.4 2175.8 0.1738632768 0.6684616804 0.7231393456 -0.9811531305 0.1804616600 0.0690804422 -0.0843212977 -0.7215210199 0.6872389317
225.3 31.8 2152.7 -0.0792046189 0.6668413877 0.7409785390 -0.9563624263 0.1588794738 -0.2452105135 -0.2812427878 -0.7280658484 0.6251580715
-48.7 -103.1 2182.6 0.9895284772 0.0717697889 0.1252297461 -0.0638607591 0.9957692623 -0.0660714135 -0.1294418573 0.0573822744 0.9899252653
-77.3 -499.1 2159.8 0.9891074300 -0.0330226906 0.1434435248 -0.0171969347 0.9419111609 0.3354215920 -0.1461875737 -0.3342347741 0.9310833812
134.4 -100.3 2171.1 0.8567402363 0.0368818864 -0.5144277215 -0.0758760348 0.9955999851 -0.0549862422 0.5101361871 0.0861416608 0.8557690382
119.7 -496.1 2136.8 0.8789027929 -0.0168992896 -0.4767014682 0.1598855704 0.9519965053 0.2610350847 0.4494068027 -0.3056421578 0.8394142985
-147.7 -256.5 2092.5 0 0 0 0 0 0 0 0 0
202.7 -241.7 2072.3 0 0 0 0 0 0 0 0 0
-64.6 -859.1 2287.6 0 0 0 0 0 0 0 0 0
126.2 -860.0 2253.7 0 0 0 0 0 0 0 0 0
32.2 498.2 2180.3 3 0.9984347224 -0.0178119466 0.0530174188 0.0176190268 0.9998363256 0.0041040173 -0.0530818440 -0.0031634781 0.9985851645
35.8 296.3 2181.0 0.9984347224 -0.0178119466 0.0530174188 0.0176190268 0.9998363256 0.0041040173 -0.0530818440 -0.0031634781 0.9985851645
39.3 97.5 2179.9 0.9984241128 -0.0179487579 0.0531705469 0.0182113666 0.9998242259 -0.0044585825 -0.0530811734 0.0054198643 0.9985755086
-104.8 293.7 2188.4 0.1785873622 -0.7831150889 -0.5956822038 0.9839032888 0.1382052600 0.1132853553 -0.0063890568 -0.6063250303 0.7951912284
-155.2 15.8 2190.2 -0.0282315072 -0.7858276367 -0.6178008318 0.9397501945 0.1897839606 -0.2843441367 0.3406941593 -0.5886059403 0.7331237793
176.3 298.9 2173.5 0.1801223606 0.6721001863 0.7182180882 -0.9809287190 0.1769506782 0.0804193318 -0.0730393305 -0.7190061212 0.6911551952
225.1 33.0 2153.7 -0.0776478574 0.6707417369 0.7376152873 -0.9564296007 0.1587453038 -0.2450353503 -0.2814483941 -0.7245035768 0.6291910410
-47.4 -101.4 2182.5 0.9895420074 0.0821427777 0.1185712963 -0.0756555125 0.9954328537 -0.0582207553 -0.1228121817 0.0486413129 0.9912372231
-80.1 -497.1 2163.2 0.9889540672 -0.0475145318 0.1404003948 0.0016812828 0.9507624507 0.3099159300 -0.1482129395 -0.3062565625 0.9403402805
135.7 -98.0 2171.7 0.8530833125 0.0409042835 -0.5201689005 -0.0795913115 0.9954571724 -0.0522514172 0.5156685710 0.0859757364 0.8524635434
119.4 -493.8 2137.5 0.8758760095 -0.0179628637 -0.4822017848 0.1611838043 0.9527987838 0.2572824061 0.4548197687 -0.3030706048 0.8374289274
-147.1 -252.9 2092.8 0 0 0 0 0 0 0 0 0
202.9 -240.6 2073.2 0 0 0 0 0 0 0 0 0
-61.9 -860.4 2280.2 0 0 0 0 0 0 0 0 0
126.3 -858.1 2253.3 0 0 0 0 0 0 0 0 0
33.0 501.4 2184.0 4 0.9977574944 -0.0126871150 0.0657192394 0.0132075977 0.9998847246 -0.0074913842 -0.0656166226 0.0083425781 0.9978100061
35.6 299.2 2182.4 0.9977574944 -0.0126871150 0.0657192394 0.0132075977 0.9998847246 -0.0074913842 -0.0656166226 0.0083425781 0.9978100061
38.1 100.4 2179.8 0.9977564216 -0.0124838231 0.0657743141 0.0132922065 0.9998412132 -0.0118669905 -0.0656157285 0.0127146514 0.9977639318
-104.8 297.3 2191.6 0.1723211259 -0.7908828259 -0.5872050524 0.9850260615 0.1416145712 0.0983306766 0.0053887563 -0.5953567624 0.8034433722
-154.7 12.3 2190.0 -0.0270345211 -0.7934210300 -0.6080725193 0.9372401237 0.1914236546 -0.2914412320 0.3476350605 -0.5777889490 0.7384509444
176.0 301.1 2173.1 0.1798393726 0.6645129919 0.7253139019 -0.9810620546 0.1750825047 0.0828454718 -0.0719378889 -0.7264768481 0.6834151745
225.3 32.2 2153.4 -0.0784040242 0.6632100344 0.7443153262 -0.9574608803 0.1578861028 -0.2415380031 -0.2777074575 -0.7315903306 0.6226187348
-48.7 -102.9 2183.7 0.9883937240 0.0765211284 0.1312340498 -0.0690591484 0.9957760572 -0.0605047569 -0.1353096217 0.0507396124 0.9895033240
-79.2 -498.8 2163.5 0.9879896045 -0.0364479572 0.1501600891 -0.0119092334 0.9509307146 0.3091745675 -0.1540606320 -0.3072495461 0.9390756488
134.5 -99.5 2173.9 0.8593152761 0.0397045873 -0.5099027753 -0.0828042850 0.9946292639 -0.0620974116 0.5046986341 0.0955833867 0.8579878211
118.7 -495.0 2135.9 0.8832368255 -0.0224213898 -0.4683908820 0.1666750461 0.9486410618 0.2688858509 0.4383060038 -0.3155589402 0.8416118026
-147.0 -255.7 2090.6 0 0 0 0 0 0 0 0 0
202.9 -241.6 2074.0 0 0 0 0 0 0 0 0 0
-65.2 -862.2 2280.9 0 0 0 0 0 0 0 0 0
127.3 -857.6 2256.6 0 0 0 0 0 0 0 0 0
32.5 500.0 2179.4 5 0.9983785152 -0.0074532428 0.0564342588 0.0073652356 0.9999713302 0.0017672952 -0.0564458109 -0.0013487779 0.9984047413
34.0 297.5 2179.7 0.9983785152 -0.0074532428 0.0564342588 0.0073652356 0.9999713302 0.0017672952 -0.0564458109 -0.0013487779 0.9984047413
35.6 98.8 2178.6 0.9983701706 -0.0081466492 0.0564861484 0.0084359413 0.9999524951 -0.0048849080 -0.0564436689 0.0053534601 0.9983914495
-106.5 296.4 2187.6 0.1596135944 -0.7878793478 -0.5947853327 0.9871417880 0.1221116409 0.1031498164 -0.0086393952 -0.6036015749 0.7972393036
-152.2 14.1 2190.1 -0.0199582353 -0.7918716669 -0.6103612781 0.9381910563 0.1961560100 -0.2851672173 0.3455418646 -0.5783269405 0.7390120029
174.5 298.7 2171.7 0.1882512420 0.6695557833 0.7185099721 -0.9796462059 0.1799185723 0.0890093446 -0.0696765631 -0.7206416726 0.6897976398
225.3 34.6 2153.0 -0.0779209808 0.6678739190 0.7401843071 -0.9574064612 0.1569221020 -0.2423804849 -0.2780308723 -0.7275437713 0.6271992922
-51.0 -99.6 2183.3 0.9896603823 0.0754200667 0.1220004857 -0.0695942566 0.9962536693 -0.0513345562 -0.1254150867 0.0423132442 0.9912016392
-81.0 -495.7 2166.5 0.9892732501 -0.0392285921 0.1407109350 -0.0050954800 0.9534131289 0.3016245961 -0.1459879577 -0.2991061211 0.9429862499
132.1 -97.1 2171.3 0.8544360399 0.0349150151 -0.5183820724 -0.0776811391 0.9951094389 -0.0610154346 0.5137165189 0.0924022943 0.8529696465
118.2 -492.8 2134.6 0.8772204518 -0.0271846820 -0.4793175161 0.1734820455 0.9488815665 0.2636810839 0.4476474822 -0.3144594133 0.8370943666
-146.4 -254.2 2091.3 0 0 0 0 0 0 0 0 0
203.0 -239.2 2073.4 0 0 0 0 0 0 0 0 0
-66.0 -860.1 2280.8 0 0 0 0 0 0 0 0 0
128.6 -855.5 2254.8 0 0 0 0 0 0 0 0 0
32.2 497.8 2176.6 6 0.9980058074 -0.0051562954 0.0629109889 0.0046026525 0.9999493957 0.0089421729 -0.0629539192 -0.0086347833 0.9979791045
33.3 295.9 2178.3 0.9980058074 -0.0051562954 0.0629109889 0.0046026525 0.9999493957 0.0089421729 -0.0629539192 -0.0086347833 0.9979791045
34.3 97.1 2178.6 0.9980043769 -0.0049928138 0.0629469454 0.0048856093 0.9999863505 0.0018568998 -0.0629553571 -0.0015456600 0.9980151653
-107.2 295.2 2187.2 0.1576116085 -0.7910455465 -0.5911053419 0.9874824286 0.1225663349 0.0992769599 -0.0060829776 -0.5993533731 0.8004614711
-152.5 11.5 2188.9 -0.0187191814 -0.7948526144 -0.6065137386 0.9383461475 0.1954693198 -0.2851285338 0.3451899886 -0.5744571686 0.7421878576
173.7 296.6 2169.5 0.1783913076 0.6668292880 0.7235435247 -0.9821537733 0.1652041227 0.0898974910 -0.0595860928 -0.7266679406 0.6843999028
222.2 29.8 2153.3 -0.0673618466 0.6669188142 0.7420793176 -0.9572643638 0.1664677113 -0.2365024090 -0.2812601626 -0.7262973189 0.6272040606
-54.4 -100.8 2182.7 0.9899119139 0.0626014024 0.1271041632 -0.0551594160 0.9965969920 -0.0612521842 -0.1305060983 0.0536232740 0.9899963140
-79.3 -497.0 2161.4 0.9892885089 -0.0363611169 0.1413720846 -0.0114428177 0.9461817145 0.3234335184 -0.1455240846 -0.3215867579 0.9356306195
128.8 -99.2 2172.4 0.8578327894 0.0270406846 -0.5132170320 -0.0668667108 0.9959988594 -0.0592886880 0.5095603466 0.0851769149 0.8562085629
118.0 -495.2 2138.5 0.8756750822 -0.0348519348 -0.4816414416 0.1707387865 0.9553143382 0.2412939072 0.4517094195 -0.2935299277 0.8424955606
-147.1 -256.8 2090.2 0 0 0 0 0 0 0 0 0
202.9 -243.9 2072.9 0 0 0 0 0 0 0 0 0
-65.4 -858.6 2284.3 0 0 0 0 0 0 0 0 0
131.4 -860.4 2250.7 0 0 0 0 0 0 0 0 0
32.0 494.3 2175.7 7 0.9971291423 -0.0036850187 0.0756302327 0.0031141457 0.9999657869 0.0076647564 -0.0756558925 -0.0074072280 0.9971064925
32.8 293.2 2177.2 0.9971291423 -0.0036850187 0.0756302327 0.0031141457 0.9999657869 0.0076647564 -0.0756558925 -0.0074072280 0.9971064925
33.4 94.4 2177.6 0.9971297383 -0.0031234745 0.0756476447 0.0029389097 0.9999924302 0.0025509917 -0.0756550431 -0.0023213481 0.9971313477
-107.6 292.8 2187.8 0.1710605174 -0.7967498899 -0.5795928836 0.9852244258 0.1332913041 0.1075464636 -0.0084329434 -0.5894260406 0.8077783585
-155.7 15.4 2190.2 -0.0309703425 -0.7996653914 -0.5996466279 0.9372904301 0.1851444691 -0.2953103185 0.3471707106 -0.5711888671 0.7437847257
173.1 293.6 2166.5 0.1697788686 0.6606581211 0.7312359214 -0.9844721556 0.1472875625 0.0955038518 -0.0446065590 -0.7360959649 0.6754058003
219.1 26.7 2154.4 -0.0597326495 0.6628878117 0.7463321686 -0.9557744265 0.1777111292 -0.2343373150 -0.2879709005 -0.7273228168 0.6229560971
-56.3 -102.1 2184.7 0.9887729287 0.0550424121 0.1389187872 -0.0454044342 0.9963979721 -0.0716207922 -0.1423605829 0.0645091757 0.9877104759
-78.2 -498.2 2159.1 0.9881082177 -0.0365328938 0.1493569165 -0.0148611944 0.9441250563 0.3292521536 -0.1530401409 -0.3275564015 0.9323548079
126.8 -101.2 2173.2 0.8643227816 0.0209226571 -0.5025021434 -0.0601866543 0.9962571859 -0.0620422252 0.4993232489 0.0838684291 0.8623470068
118.5 -497.3 2139.8 0.8809683323 -0.0283364188 -0.4723259807 0.1615459472 0.9562399983 0.2439426482 0.4447445273 -0.2912080884 0.8469947577
-146.9 -252.7 2090.9 0 0 0 0 0 0 0 0 0
202.0 -246.6 2072.1 0 0 0 0 0 0 0 0 0
-64.2 -859.1 2284.3 0 0 0 0 0 0 0 0 0
129.3 -862.9 2251.2 0 0 0 0 0 0 0 0 0
32.0 496.4 2180.7 8 0.9968821406 -0.0021710019 0.0788749456 0.0025533328 0.9999854565 -0.0047467761 -0.0788634941 0.0049333703 0.9968731999
32.4 295.2 2179.7 0.9968821406 -0.0021710019 0.0788749456 0.0025533328 0.9999854565 -0.0047467761 -0.0788634941 0.0049333703 0.9968731999
32.6 96.4 2178.6 0.9968841076 -0.0008228287 0.0788761452 0.0012645577 0.9999837875 -0.0055505000 -0.0788703039 0.0056329486 0.9968689680
-107.9 295.0 2190.8 0.1671094000 -0.7986209393 -0.5781686902 0.9859269857 0.1381729841 0.0941072032 0.0047313059 -0.5857583284 0.8104719520
-155.5 14.2 2189.5 -0.0280736219 -0.8010527492 -0.5979351401 0.9379815459 0.1856670082 -0.2927769423 0.3455465734 -0.5690714121 0.7461603284
172.7 295.4 2168.6 0.1650113612 0.6588748693 0.7339313030 -0.9848653078 0.1500787884 0.0866986215 -0.0530239791 -0.7371297479 0.6736677289
218.2 24.1 2154.0 -0.0620217808 0.6608113647 0.7479850650 -0.9559074044 0.1762049198 -0.2349315584 -0.2870441079 -0.7295753360 0.6207459569
-57.5 -104.6 2185.0 0.9886671305 0.0479357950 0.1422655880 -0.0377082452 0.9965645671 -0.0737368315 -0.1453114897 0.0675365925 0.9870781898
-76.5 -500.9 2158.2 0.9883639812 -0.0286201760 0.1493903995 -0.0246076509 0.9391155243 0.3427192569 -0.1501035243 -0.3424075246 0.9274836779
125.5 -104.1 2171.2 0.8660605550 0.0179990921 -0.4996149838 -0.0531867184 0.9969974160 -0.0562790856 0.4971018732 0.0753139779 0.8644174337
118.3 -500.5 2141.2 0.8819169998 -0.0322426483 -0.4703008235 0.1684879512 0.9533174038 0.2505947053 0.4402661324 -0.3002437353 0.8461793065
-147.5 -254.0 2090.7 0 0 0 0 0 0 0 0 0
200.4 -249.3 2071.9 0 0 0 0 0 0 0 0 0
-65.6 -859.8 2289.1 0 0 0 0 0 0 0 0 0
130.7 -864.9 2256.0 0 0 0 0 0 0 0 0 0
31.1 497.3 2177.8 9 0.9967085123 0.0000777030 0.0810688138 -0.0004810354 0.9999876022 0.0049556666 -0.0810674205 -0.0049783522 0.9966961741
31.1 295.3 2178.8 0.9967085123 0.0000777030 0.0810688138 -0.0004810354 0.9999876022 0.0049556666 -0.0810674205 -0.0049783522 0.9966961741
31.0 96.5 2178.8 0.9967084527 0.0005333877 0.0810673684 -0.0005538811 0.9999998212 0.0002303070 -0.0810672268 -0.0002744507 0.9967085719
-109.2 295.4 2190.2 0.1641602665 -0.8000904918 -0.5769805908 0.9864333272 0.1336254776 0.0953596756 0.0008029463 -0.5848072171 0.8111719489
-155.7 15.8 2189.9 -0.0274147242 -0.8028964400 -0.5954878330 0.9372166991 0.1865432411 -0.2946633399 0.3476683795 -0.5661792755 0.7473738790
171.4 295.2 2167.4 0.1711271852 0.6563187242 0.7348205447 -0.9839944243 0.1514753252 0.0938625187 -0.0497034527 -0.7391217947 0.6717355251
218.0 26.7 2153.8 -0.0595969073 0.6581153870 0.7505546808 -0.9567872882 0.1767207831 -0.2309281975 -0.2846159935 -0.7318837643 0.6191444397
-58.7 -102.5 2184.7 0.9880609512 0.0518494807 0.1450763345 -0.0444689505 0.9975683689 -0.0536639653 -0.1475060135 0.0465718769 0.9879640937
-79.4 -499.1 2166.2 0.9869497418 -0.0469936058 0.1540187448 -0.0027898704 0.9513352513 0.3081451952 -0.1610043198 -0.3045535088 0.9387890100
124.2 -102.3 2170.3 0.8671116233 0.0127343396 -0.4979510605 -0.0496377312 0.9969062805 -0.0609427541 0.4956344664 0.0775613338 0.8650611043
119.1 -498.7 2139.4 0.8820849061 -0.0274483915 -0.4702901542 0.1610651463 0.9557123184 0.2463168055 0.4427010715 -0.2930196822 0.8474403620
-147.9 -252.2 2090.5 0 0 0 0 0 0 0 0 0
201.0 -246.9 2072.4 0 0 0 0 0 0 0 0 0
-61.4 -862.4 2282.5 0 0 0 0 0 0 0 0 0
129.6 -864.0 2251.4 0 0 0 0 0 0 0 0 0
30.0 500.2 2175.8 0 0.9965893626 -0.0026683325 0.0824774727 0.0017508892 0.9999358058 0.0111938883 -0.0825020447 -0.0110113015 0.9965300560
30.5 298.0 2178.0 0.9965893626 -0.0026683325 0.0824774727 0.0017508892 0.9999358058 0.0111938883 -0.0825020447 -0.0110113015 0.9965300560
31.0 99.2 2178.8 0.9965882897 -0.0025128864 0.0824953169 0.0021648905 0.9999883771 0.0043075504 -0.0825051814 -0.0041142609 0.9965821505
-109.8 297.6 2189.6 0.1616198719 -0.8010017276 -0.5764331818 0.9868530035 0.1309598684 0.0947134569 -0.0003760291 -0.5841624141 0.8116366863
-155.9 15.9 2189.7 -0.0287127886 -0.8036873341 -0.5943586826 0.9394342303 0.1814591140 -0.2907506526 0.3415244222 -0.5667091012 0.7498012185
170.8 298.3 2166.4 0.1698088795 0.6553655863 0.7359761596 -0.9844219089 0.1473556906 0.0959157944 -0.0455903560 -0.7407983541 0.6701785326
217.7 26.3 2153.8 -0.0534140840 0.6578551531 0.7512480021 -0.9560041428 0.1836281270 -0.2287723869 -0.2884493470 -0.7304158211 0.6191039085
-60.6 -102.3 2186.3 0.9882386327 0.0462775230 0.1457491517 -0.0365952216 0.9969847202 -0.0684269667 -0.1484763026 0.0622884519 0.9869523644
-79.0 -498.6 2161.6 0.9871033430 -0.0495401844 0.1522261053 -0.0031360774 0.9447447658 0.3277917504 -0.1600536853 -0.3240417242 0.9324053526
122.3 -102.4 2171.4 0.8678966761 0.0096381838 -0.4966512620 -0.0524646975 0.9959982038 -0.0723532289 0.4939664304 0.0888517871 0.8649291992
118.5 -498.4 2136.1 0.8846167922 -0.0323119722 -0.4651978314 0.1729145497 0.9492067099 0.2628825307 0.4330746531 -0.3129897714 0.8452714086
-147.7 -252.8 2092.1 0 0 0 0 0 0 0 0 0
202.4 -247.1 2071.3 0 0 0 0 0 0 0 0 0
-60.1 -859.5 2285.3 0 0 0 0 0 0 0 0 0
130.8 -861.2 2255.7 0 0 0 0 0 0 0 0 0
31.4 497.5 2175.3 1 0.9975258708 -0.0047006924 0.0701433867 0.0039770505 0.9999374747 0.0104526998 -0.0701881349 -0.0101478752 0.9974821806
32.4 296.0 2177.3 0.9975258708 -0.0047006924 0.0701433867 0.0039770505 0.9999374747 0.0104526998 -0.0701881349 -0.0101478752 0.9974821806
33.5 97.2 2178.3 0.9975181818 -0.0058149658 0.0701692402 0.0054398589 0.9999698997 0.0055356552 -0.0701993182 -0.0051402058 0.9975197315
-108.0 295.2 2187.2 0.1724013239 -0.7933409214 -0.5838561654 0.9849722385 0.1326072961 0.1106569469 -0.0103650978 -0.5941595435 0.8042804599
-156.6 17.5 2190.1 -0.0318210833 -0.7959618568 -0.6045098901 0.9408160448 0.1803272367 -0.2869620323 0.3374204338 -0.5778640509 0.7431154847
172.8 296.7 2167.4 0.1644726545 0.6639079452 0.7295032144 -0.9850350618 0.1491831839 0.0863154829 -0.0515240766 -0.7327827811 0.6785091758
217.5 28.6 2153.4 -0.0499302782 0.6660161018 0.7442644238 -0.9566658735 0.1821518093 -0.2271808535 -0.2868752182 -0.7233555913 0.6280599833
-59.9 -99.8 2187.2 0.9900468588 0.0449304506 0.1333733946 -0.0349408314 0.9964711070 -0.0763183311 -0.1363317519 0.0708985478 0.9881229997
-77.8 -496.0 2159.0 0.9894621968 -0.0367089622 0.1400607228 -0.0131701352 0.9404996634 0.3395392895 -0.1441912055 -0.3378058970 0.9301053882
123.0 -99.5 2172.1 0.8618364334 0.0117067276 -0.5070511699 -0.0568564832 0.9956619740 -0.0736514255 0.5039893985 0.0923046321 0.8587633967
118.3 -495.3 2135.4 0.8796331882 -0.0334773622 -0.4744731188 0.1767509878 0.9490975738 0.2607160211 0.4415932298 -0.3131980598 0.8407748938
-147.5 -251.5 2093.6 0 0 0 0 0 0 0 0 0
203.2 -245.0 2071.4 0 0 0 0 0 0 0 0 0
-63.8 -855.4 2288.1 0 0 0 0 0 0 0 0 0
131.1 -858.1 2255.1 0 0 0 0 0 0 0 0 0
29.7 499.3 2181.0 2 0.9991006255 -0.0085890265 0.0415237583 0.0088058366 0.9999485016 -0.0050412603 -0.0414783210 0.0054023778 0.9991248250
31.4 297.6 2179.9 0.9991006255 -0.0085890265 0.0415237583 0.0088058366 0.9999485016 -0.0050412603 -0.0414783210 0.0054023778 0.9991248250
33.4 98.8 2178.6 0.9990882874 -0.0098631708 0.0415367000 0.0101393592 0.9999278188 -0.0064438577 -0.0414701439 0.0068591386 0.9991161823
-109.1 296.2 2185.8 0.1575631499 -0.7797259092 -0.6059714556 0.9874477386 0.1175705492 0.1054712608 -0.0109942714 -0.6149834991 0.7884633541
-154.4 12.5 2188.9 -0.0240877178 -0.7841101885 -0.6201540232 0.9403513670 0.1928008795 -0.2802982032 0.3393509090 -0.5899144411 0.7326949835
172.0 299.0 2174.1 0.1783616245 0.6801212430 0.7110711932 -0.9805993438 0.1825831234 0.0713327006 -0.0813147128 -0.7099989057 0.6994922757
221.2 28.5 2151.7 -0.0679114461 0.6786981225 0.7312707305 -0.9581876397 0.1598405540 -0.2373339832 -0.2779648602 -0.7168122530 0.6394651532
-56.8 -102.1 2185.8 0.9931048155 0.0495593734 0.1062388420 -0.0425399095 0.9968220592 -0.0673509687 -0.1092390940 0.0623671822 0.9920570254
-76.5 -498.4 2161.0 0.9928956628 -0.0205238108 0.1172046289 -0.0208248813 0.9398351908 0.3409928083 -0.1171515062 -0.3410110474 0.9327309132
126.2 -101.1 2172.9 0.8472561240 0.0198027026 -0.5308153629 -0.0611640774 0.9962949753 -0.0604585111 0.5276514292 0.0836906731 0.8453282118
118.3 -497.2 2139.7 0.8650768399 -0.0325620137 -0.5005815029 0.1750248224 0.9547736049 0.2403616011 0.4701153040 -0.2955454290 0.8316516876
-147.5 -256.5 2091.9 0 0 0 0 0 0 0 0 0
201.8 -245.4 2072.2 0 0 0 0 0 0 0 0 0
-68.7 -857.6 2291.3 0 0 0 0 0 0 0 0 0
130.8 -862.2 2252.6 0 0 0 0 0 0 0 0 0
30.0 500.0 2177.4 3 0.9990747571 -0.0066493838 0.0424895324 0.0064189192 0.9999639392 0.0055581690 -0.0425249599 -0.0052802898 0.9990814328
31.4 297.9 2178.5 0.9990747571 -0.0066493838 0.0424895324 0.0064189192 0.9999639392 0.0055581690 -0.0425249599 -0.0052802898 0.9990814328
32.9 99.1 2178.4 0.9990658164 -0.0076569887 0.0425310992 0.0076746712 0.9999704957 -0.0002524903 -0.0425279103 0.0005786666 0.9990950823
-109.2 296.8 2184.5 0.1561475396 -0.7805055976 -0.6053337455 0.9875867367 0.1127969027 0.1093126312 -0.0170393419 -0.6148884892 0.7884299755
-154.3 11.9 2189.4 -0.0281750429 -0.7852948904 -0.6184805036 0.9404664636 0.1888311058 -0.2826051712 0.3387167454 -0.5896225572 0.7332231402
171.9 299.0 2172.5 0.1810582578 0.6792684793 0.7112047672 -0.9806380868 0.1795561165 0.0781572461 -0.0746114179 -0.7115855217 0.6986266375
221.1 32.6 2152.2 -0.0677421615 0.6779242158 0.7320039272 -0.9589828253 0.1581700146 -0.2352321297 -0.2752506435 -0.7179143429 0.6394029260
-56.2 -100.9 2181.0 0.9922933578 0.0602601022 0.1082712635 -0.0561792850 0.9976047873 -0.0403563455 -0.1104438081 0.0339627303 0.9933019280
-80.2 -497.3 2167.5 0.9916000962 -0.0414731205 0.1225119904 0.0012921032 0.9503273368 0.3112494648 -0.1293349862 -0.3084767163 0.9423983097
127.1 -99.0 2173.4 0.8475197554 0.0198688842 -0.5303918123 -0.0659848228 0.9954909086 -0.0681461245 0.5266462564 0.0927529931 0.8450092673
119.2 -494.8 2136.6 0.8675966263 -0.0230030566 -0.4967363477 0.1689515412 0.9531415701 0.2509512603 0.4676874280 -0.3016488254 0.8308287859
-146.2 -257.1 2092.5 0 0 0 0 0 0 0 0 0
201.7 -241.6 2073.5 0 0 0 0 0 0 0 0 0
-64.3 -860.3 2285.4 0 0 0 0 0 0 0 0 0
127.9 -859.2 2251.9 0 0 0 0 0 0 0 0 0
30.5 500.0 2175.6 4 0.9996818900 -0.0101529323 0.0230863839 0.0098897144 0.9998851418 0.0114871673 -0.0232003611 -0.0112551954 0.9996674657
32.6 297.7 2177.9 0.9996818900 -0.0101529323 0.0230863839 0.0098897144 0.9998851418 0.0114871673 -0.0232003611 -0.0112551954 0.9996674657
34.7 98.9 2178.6 0.9996736050 -0.0107712718 0.0231652968 0.0106826704 0.9999351501 0.0039451104 -0.0232062899 -0.0036963555 0.9997238517
-108.1 296.2 2181.1 0.1573618799 -0.7693067193 -0.6191965938 0.9871339202 0.1045351103 0.1209917739 -0.0283520035 -0.6302694678 0.7758586407
-153.6 10.9 2189.3 -0.0181090292 -0.7751521468 -0.6315150261 0.9405368567 0.2010786682 -0.2737841010 0.3392085433 -0.5989211202 0.7254178524
173.2 299.2 2174.6 0.1685212255 0.6929610372 0.7010033131 -0.9824767113 0.1755347848 0.0626664907 -0.0796250328 -0.6992800236 0.7103993893
219.2 30.9 2152.9 -0.0576650463 0.6924946308 0.7191146612 -0.9567552805 0.1673855633 -0.2379105091 -0.2851211727 -0.7017358541 0.6528956294
-57.2 -100.4 2182.2 0.9948942661 0.0494189970 0.0879955739 -0.0444704928 0.9973640442 -0.0573357642 -0.0905970931 0.0531298146 0.9944694042
