46.5 451.0 2071.0 4 0.9961763620 0.0181657039 0.0854554027 -0.0135965683 0.9984619021 -0.0537494682 -0.0863003582 0.0523820482 0.9948911071
42.9 253.0 2060.6 0.9961763620 0.0181657039 0.0854554027 -0.0135965683 0.9984619021 -0.0537494682 -0.0863003582 0.0523820482 0.9948911071
39.5 59.3 2049.7 0.9961903691 0.0176849402 0.0853929073 -0.0128162680 0.9982787371 -0.0572302490 -0.0862580389 0.0559178069 0.9947023392
-93.2 254.8 2072.4 0.2331184596 -0.9026380777 -0.3618015051 0.9724014997 0.2200236768 0.0776199400 0.0095421867 -0.3699109852 0.9290181994
-152.0 9.4 2070.0 -0.0361405462 -0.9041795731 -0.4256209433 0.9371737242 0.1172130778 -0.3285826147 0.3469860256 -0.4107559025 0.8431371450
179.0 251.3 2048.8 0.1876673996 0.4444296956 0.8759356141 -0.9821731448 0.0750955939 0.1723267883 0.0108082378 -0.8926605582 0.4505999088
228.9 -9.8 2051.7 -0.0606721155 0.4562436044 0.8877841234 -0.9643777013 0.2026350200 -0.1700433195 -0.2574773431 -0.8664761186 0.4276968539
-53.2 -131.5 2044.9 0.9998824000 0.0112542026 0.0104199974 -0.0112398379 0.9999358058 -0.0014360870 -0.0104354909 0.0013187990 0.9999446869
-57.6 -519.7 2044.4 0.9959536791 0.0888712257 0.0133478679 -0.0887352452 0.9489841461 0.3025808632 0.0142238187 -0.3025409579 0.9530302286
125.2 -134.5 2029.5 0.9967809319 0.0798359364 -0.0073511773 -0.0788434222 0.9927464724 0.0907645151 0.0145441247 -0.0898927376 0.9958452582
94.2 -519.9 2064.4 0.9927511215 -0.1201831549 0.0010826701 0.1176757738 0.9737926722 0.1946284622 -0.0244453587 -0.1930902302 0.9808764458
-142.6 -234.8 1979.6 0 0 0 0 0 0 0 0 0
212.3 -274.2 1981.1 0 0 0 0 0 0 0 0 0
-90.8 -873.7 2157.3 0 0 0 0 0 0 0 0 0
139.1 -883.3 2136.4 0 0 0 0 0 0 0 0 0
45.2 451.3 2068.5 5 0.9963971376 0.0176315065 0.0829567909 -0.0136759402 0.9987531900 -0.0480112024 -0.0836998671 0.0467037149 0.9953959584
41.7 253.3 2059.2 0.9963971376 0.0176315065 0.0829567909 -0.0136759402 0.9987531900 -0.0480112024 -0.0836998671 0.0467037149 0.9953959584
38.2 59.5 2049.4 0.9963955283 0.0180610660 0.0828835964 -0.0137656378 0.9985466599 -0.0521067716 -0.0837042406 0.0507780127 0.9951960444
-94.4 255.2 2070.7 0.2235825807 -0.9034782648 -0.3657019138 0.9746469855 0.2105528563 0.0757014304 0.0086049847 -0.3733558059 0.9276483059
-151.9 4.3 2068.4 -0.0351143628 -0.9044611454 -0.4251083136 0.9370334744 0.1180981472 -0.3286657035 0.3474698365 -0.4098815918 0.8433634043
177.9 251.4 2047.8 0.1919299662 0.4467342496 0.8738371730 -0.9812226892 0.0700169280 0.1797212064 0.0191042237 -0.8919227123 0.4517841339
229.0 -10.2 2052.9 -0.0636104494 0.4603993893 0.8854299188 -0.9617934227 0.2084518522 -0.1774857789 -0.2662838399 -0.8628906012 0.4295493960
-53.2 -133.4 2046.6 0.9999251962 0.0094756801 0.0077375914 -0.0093663251 0.9998574257 -0.0140488846 -0.0078696115 0.0139753604 0.9998713732
-56.9 -521.5 2041.2 0.9956152439 0.0929521918 0.0104941586 -0.0912825987 0.9409151077 0.3261077404 0.0204383172 -0.3256357610 0.9452743530
125.3 -135.7 2031.2 0.9973199368 0.0724258795 -0.0103639551 -0.0712316111 0.9935308099 0.0884451568 0.0167026278 -0.0874698758 0.9960271120
97.2 -521.4 2065.1 0.9947646260 -0.1021617949 -0.0025069150 0.1006892249 0.9756437540 0.1948870271 -0.0174641516 -0.1941191405 0.9808225036
-142.8 -239.8 1977.9 0 0 0 0 0 0 0 0 0
211.6 -273.9 1979.9 0 0 0 0 0 0 0 0 0
-91.6 -872.5 2162.7 0 0 0 0 0 0 0 0 0
135.3 -885.5 2137.6 0 0 0 0 0 0 0 0 0
45.1 451.1 2067.2 6 0.9963375330 0.0163058396 0.0839386582 -0.0123991631 0.9988247752 -0.0468547568 -0.0846040100 0.0456423834 0.9953687191
41.9 253.1 2058.2 0.9963375330 0.0163058396 0.0839386582 -0.0123991631 0.9988247752 -0.0468547568 -0.0846040100 0.0456423834 0.9953687191
38.5 59.2 2048.7 0.9963240623 0.0173840262 0.0838815123 -0.0131946122 0.9986498952 -0.0502428338 -0.0846416801 0.0489513613 0.9952083230
-94.3 254.9 2069.7 0.2322991639 -0.9022551775 -0.3632804453 0.9726396799 0.2166464478 0.0838828906 0.0030196432 -0.3728269041 0.9278960228
-154.0 4.8 2069.0 -0.0573598742 -0.9019296765 -0.4280569255 0.9324514270 0.1047983393 -0.3457624912 0.3567130864 -0.4189751744 0.8349943757
178.0 251.2 2046.6 0.1916748732 0.4462135434 0.8741591573 -0.9812011719 0.0667281225 0.1810844541 0.0224713329 -0.8924353123 0.4506153762
229.0 -9.9 2052.6 -0.0683095977 0.4605267346 0.8850135207 -0.9618958831 0.2050001621 -0.1809178889 -0.2647454441 -0.8636492491 0.4289752841
-54.5 -133.1 2047.0 0.9999173880 0.0094549451 0.0087069403 -0.0093428148 0.9998740554 -0.0128300851 -0.0088271517 0.0127476780 0.9998797774
-58.2 -521.3 2042.1 0.9973961115 0.0712269843 0.0112992581 -0.0711967871 0.9475413561 0.3116029501 0.0114880251 -0.3115960360 0.9501451850
124.0 -135.6 2032.0 0.9977204204 0.0667195544 -0.0101250755 -0.0656886101 0.9945641160 0.0807911158 0.0154603841 -0.0799418390 0.9966796041
98.1 -521.7 2063.0 0.9947907925 -0.1018863916 -0.0032358631 0.1007669345 0.9780720472 0.1822666228 -0.0154055804 -0.1816432178 0.9832438231
-139.0 -238.1 1976.0 0 0 0 0 0 0 0 0 0
210.3 -273.7 1980.0 0 0 0 0 0 0 0 0 0
-84.8 -874.8 2158.3 0 0 0 0 0 0 0 0 0
136.1 -886.8 2130.8 0 0 0 0 0 0 0 0 0
44.5 451.0 2066.6 7 0.9967713356 0.0199250691 0.0777813792 -0.0165115539 0.9988824725 -0.0442851484 -0.0785768405 0.0428578742 0.9959864020
40.6 253.0 2058.1 0.9967713356 0.0199250691 0.0777813792 -0.0165115539 0.9988824725 -0.0442851484 -0.0785768405 0.0428578742 0.9959864020
36.4 59.1 2049.1 0.9967471957 0.0213830918 0.0777029619 -0.0176767632 0.9986872077 -0.0480773747 -0.0786289945 0.0465474539 0.9958166480
-95.6 255.4 2068.8 0.2262394577 -0.9014496207 -0.3690586984 0.9740716219 0.2095417380 0.0853038430 0.0004360865 -0.3787887096 0.9254831076
-153.6 5.7 2068.7 -0.0613950156 -0.9003663063 -0.4307797551 0.9317979813 0.1029905751 -0.3480595052 0.3577472866 -0.4227688611 0.8326364160
176.7 250.6 2047.4 0.1972265840 0.4504860342 0.8707261086 -0.9800792336 0.0694252700 0.1860775203 0.0233749319 -0.8900800347 0.4552045166
229.1 -9.7 2053.6 -0.0739058331 0.4653719664 0.8820242882 -0.9602341056 0.2055700719 -0.1889216006 -0.2692366242 -0.8609122634 0.4316731989
-54.1 -133.5 2046.8 0.9999586940 0.0086903740 0.0026657456 -0.0086630099 0.9999113679 -0.0101102302 -0.0027533709 0.0100867189 0.9999453425
-57.5 -521.7 2042.8 0.9967750311 0.0800762102 0.0052295453 -0.0779425725 0.9505909681 0.3005024493 0.0190919377 -0.2999409437 0.9537667036
124.4 -135.8 2031.6 0.9970095754 0.0755329654 -0.0163317081 -0.0740988404 0.9943928123 0.0754473507 0.0219388939 -0.0740115643 0.9970160127
95.1 -521.9 2060.3 0.9920802712 -0.1253810227 -0.0075043235 0.1245197579 0.9739105105 0.1897187382 -0.0164785888 -0.1891506612 0.9818097949
-137.6 -237.1 1975.5 0 0 0 0 0 0 0 0 0
208.9 -273.0 1979.8 0 0 0 0 0 0 0 0 0
-87.4 -876.4 2154.8 0 0 0 0 0 0 0 0 0
141.8 -885.3 2130.9 0 0 0 0 0 0 0 0 0
43.8 452.4 2061.3 8 0.9971840978 0.0177712366 0.0728567243 -0.0157458894 0.9994760156 -0.0282798223 -0.0733211115 0.0270529948 0.9969413877
40.2 252.5 2055.9 0.9971840978 0.0177712366 0.0728567243 -0.0157458894 0.9994760156 -0.0282798223 -0.0733211115 0.0270529948 0.9969413877
36.3 58.6 2049.2 0.9971473813 0.0202427935 0.0727143809 -0.0176765770 0.9992039204 -0.0357635804 -0.0733804554 0.0343762189 0.9967113733
-96.0 254.9 2065.9 0.2366031110 -0.8973202705 -0.3726060688 0.9715419412 0.2140809894 0.1013687924 -0.0111923926 -0.3859865963 0.9224364758
-157.4 2.9 2068.8 -0.0684227198 -0.8956426978 -0.4394798577 0.9303378463 0.1017918587 -0.3522923291 0.3602635264 -0.4329695404 0.8262854218
176.5 250.1 2045.8 0.1956892312 0.4530009031 0.8697677255 -0.9803663492 0.0684448406 0.1849247217 0.0242399592 -0.8888787627 0.4575007558
228.6 -11.2 2052.3 -0.0875178277 0.4682319760 0.8792607188 -0.9605677724 0.1941730529 -0.1990135908 -0.2639132738 -0.8620067239 0.4327749312
-57.0 -133.2 2047.1 0.9999968410 -0.0005910521 -0.0024494955 0.0005466413 0.9998362064 -0.0180917513 0.0024597873 0.0180903561 0.9998333454
-56.8 -521.3 2040.0 0.9961615205 0.0874985456 -0.0025019709 -0.0817312747 0.9399753809 0.3313100040 0.0313409343 -0.3298337758 0.9435186386
121.6 -136.3 2033.0 0.9975170493 0.0666487440 -0.0227532443 -0.0649348348 0.9954876304 0.0691942796 0.0272622854 -0.0675449893 0.9973437190
95.7 -522.8 2059.2 0.9934087396 -0.1139029339 -0.0128512112 0.1140203103 0.9704260826 0.2127735466 -0.0117643792 -0.2128363997 0.9770170450
-139.6 -239.4 1974.9 0 0 0 0 0 0 0 0 0
204.6 -274.6 1980.0 0 0 0 0 0 0 0 0 0
-89.5 -871.9 2163.1 0 0 0 0 0 0 0 0 0
138.2 -884.8 2138.6 0 0 0 0 0 0 0 0 0
43.1 450.2 2053.1 9 0.9938527346 0.0159316026 0.1095580012 -0.0150615890 0.9998481870 -0.0087641478 -0.1096809953 0.0070601548 0.9939417839
39.9 249.8 2051.7 0.9938527346 0.0159316026 0.1095580012 -0.0150615890 0.9998481870 -0.0087641478 -0.1096809953 0.0070601548 0.9939417839
36.2 55.8 2048.4 0.9938136339 0.0192430913 0.1093806028 -0.0172820669 0.9996730089 -0.0188483521 -0.1097075343 0.0168414284 0.9938212037
-95.8 252.2 2066.7 0.2387903929 -0.9076683521 -0.3451338410 0.9710578918 0.2213422209 0.0897448212 -0.0050658449 -0.3565751314 0.9342529178
-157.6 0.9 2068.0 -0.0684485659 -0.9069965482 -0.4155382514 0.9303786755 0.0923296958 -0.3547827303 0.3601532578 -0.4108923078 0.8375303745
175.6 247.4 2036.7 0.1987759769 0.4233980775 0.8838677406 -0.9786008596 0.0368077382 0.2024488598 0.0531832837 -0.9051957130 0.4216542244
228.4 -12.6 2050.9 -0.1028394774 0.4460901618 0.8890599608 -0.9582193494 0.1954045743 -0.2088844776 -0.2669076920 -0.8733960390 0.4073569179
-57.0 -133.8 2049.1 0.9994077086 -0.0012856345 0.0343885496 0.0022406203 0.9996125102 -0.0277463570 -0.0343395509 0.0278069749 0.9990233183
-56.5 -521.9 2038.3 0.9952294827 0.0922342166 0.0317977071 -0.0975610167 0.9418978095 0.3214193285 -0.0003043304 -0.3229882121 0.9464029670
121.7 -137.0 2036.0 0.9976612926 0.0671977401 0.0125041548 -0.0678840652 0.9954733253 0.0665177032 -0.0079777129 -0.0672109723 0.9977068901
95.6 -523.4 2062.0 0.9935207963 -0.1117049977 0.0209373366 0.1056366935 0.9756124616 0.1924089938 -0.0419197716 -0.1889505982 0.9810914397
-139.8 -241.5 1974.2 0 0 0 0 0 0 0 0 0
200.2 -275.3 1977.7 0 0 0 0 0 0 0 0 0
-90.9 -873.3 2158.8 0 0 0 0 0 0 0 0 0
137.3 -887.4 2132.5 0 0 0 0 0 0 0 0 0
42.9 448.9 2054.5 0 0.9953676462 0.0159339588 0.0948119760 -0.0146287698 0.9997886419 -0.0144452825 -0.0950221121 0.0129913846 0.9953904152
39.7 249.6 2052.0 0.9953676462 0.0159339588 0.0948119760 -0.0146287698 0.9997886419 -0.0144452825 -0.0950221121 0.0129913846 0.9953904152
36.2 55.5 2047.6 0.9953455925 0.0181328878 0.0946482867 -0.0159229375 0.9995839000 -0.0240523703 -0.0950450376 0.0224333424 0.9952201843
-96.2 251.8 2064.9 0.2299024612 -0.9052470326 -0.3573131263 0.9731844068 0.2109927535 0.0916197076 -0.0075479886 -0.3687951565 0.9294800162
-156.2 -1.8 2066.9 -0.0748255551 -0.9031276703 -0.4228020608 0.9277966022 0.0923560411 -0.3614745736 0.3655059934 -0.4193218350 0.8310081363
175.6 247.4 2039.0 0.1950235069 0.4354030788 0.8788571954 -0.9799215794 0.0486144647 0.1933657229 0.0414668582 -0.8989220262 0.4361418486
228.0 -15.6 2050.1 -0.1207277551 0.4580401182 0.8806952238 -0.9543764591 0.1905304641 -0.2299209982 -0.2731122971 -0.8682726622 0.4141404033
-56.4 -136.6 2055.0 0.9997971058 0.0046832082 0.0195925646 -0.0039888429 0.9993677139 -0.0353304371 -0.0197456367 0.0352451168 0.9991835952
-58.3 -524.6 2041.3 0.9973395467 0.0700923577 0.0200222228 -0.0728585720 0.9496873021 0.3046074510 0.0023358034 -0.3052558601 0.9522675276
121.5 -139.8 2035.3 0.9977537990 0.0669519529 -0.0021820546 -0.0666775554 0.9957401752 0.0636832416 0.0064364769 -0.0633947030 0.9979677796
95.5 -526.4 2060.0 0.9936016202 -0.1127329990 0.0068594720 0.1091754436 0.9742498994 0.1972762197 -0.0289223809 -0.1952650845 0.9803239703
-136.7 -243.5 1971.7 0 0 0 0 0 0 0 0 0
194.9 -277.2 1975.2 0 0 0 0 0 0 0 0 0
-84.4 -878.9 2155.2 0 0 0 0 0 0 0 0 0
137.6 -890.0 2132.8 0 0 0 0 0 0 0 0 0
42.5 447.0 2055.3 1 0.9948240519 0.0133392354 0.1007333249 -0.0116005437 0.9997738004 -0.0178264603 -0.1009483263 0.0165656302 0.9947537184
39.9 248.5 2052.0 0.9948240519 0.0133392354 0.1007333249 -0.0116005437 0.9997738004 -0.0178264603 -0.1009483263 0.0165656302 0.9947537184
37.1 54.5 2047.0 0.9948234558 0.0142959729 0.1006075963 -0.0116414670 0.9995697141 -0.0269225929 -0.1009491906 0.0256120060 0.9945618510
-96.0 250.1 2065.8 0.2276896536 -0.9073431492 -0.3533918560 0.9737335443 0.2124140859 0.0819956139 0.0006672551 -0.3627790511 0.9318749309
-155.4 -3.6 2065.6 -0.0934457183 -0.9033554792 -0.4185889959 0.9229605198 0.0790713131 -0.3766850233 0.3733788729 -0.4215407372 0.8263725638
175.7 246.9 2038.2 0.1970688850 0.4311727583 0.8804850578 -0.9794365764 0.0469953567 0.1962025017 0.0432184599 -0.9010446668 0.4315676987
228.4 -14.8 2049.7 -0.1322446018 0.4555039108 0.8803564906 -0.9520841837 0.1887215823 -0.2406654805 -0.2757663429 -0.8700001836 0.4087206721
-56.4 -137.0 2051.8 0.9996715784 -0.0003386625 0.0256245825 0.0010916917 0.9995677471 -0.0293787029 -0.0256035570 0.0293970276 0.9992398620
-56.3 -525.1 2040.3 0.9950040579 0.0969339758 0.0238899030 -0.0994542167 0.9415501952 0.3218572736 0.0087053645 -0.3226252496 0.9464867711
121.9 -139.9 2034.7 0.9978024364 0.0661591068 0.0036387991 -0.0662566572 0.9957879782 0.0633746758 0.0005693396 -0.0634765029 0.9979831576
96.2 -526.5 2059.4 0.9934628010 -0.1135840788 0.0114156390 0.1096824482 0.9774648547 0.1803670377 -0.0316452086 -0.1779358536 0.9835331440
-131.0 -244.0 1968.3 0 0 0 0 0 0 0 0 0
192.1 -275.7 1974.1 0 0 0 0 0 0 0 0 0
-92.4 -876.3 2160.7 0 0 0 0 0 0 0 0 0
138.6 -891.3 2125.8 0 0 0 0 0 0 0 0 0
42.3 445.7 2054.6 2 0.9964907169 0.0152904876 0.0822951421 -0.0139913717 0.9997686148 -0.0163397007 -0.0825259387 0.0151309390 0.9964740276
39.3 247.4 2051.6 0.9964907169 0.0152904876 0.0822951421 -0.0139913717 0.9997686148 -0.0163397007 -0.0825259387 0.0151309390 0.9964740276
36.2 53.4 2047.1 0.9964922667 0.0158744212 0.0821658000 -0.0138924615 0.9995999336 -0.0246372502 -0.0825240314 0.0234093424 0.9963141084
-96.8 249.3 2062.9 0.2228605002 -0.7602935433 -0.6101531982 0.9748254418 0.1693300754 0.1450611353 -0.0069717588 -0.6271212697 0.7788904309
-155.1 -5.6 2064.7 -0.1129775047 -0.7602935433 -0.6396794915 0.9162421227 0.1693300754 -0.3630807698 0.3843649328 -0.6271212697 0.6774824858
175.4 245.5 2040.3 0.1985406727 0.4455897510 0.8729440570 -0.9793308377 0.0550831109 0.1946201771 0.0386362746 -0.8935410380 0.4473160207
228.3 -15.4 2050.6 -0.1204507127 0.4676199555 0.8756844401 -0.9527549148 0.1933131516 -0.2342820019 -0.2788362503 -0.8625320792 0.4222425222
-54.8 -138.5 2051.1 0.9999657869 0.0042644404 0.0070883562 -0.0040298267 0.9994541407 -0.0327894948 -0.0072243158 0.0327598080 0.9994371533
-56.4 -526.5 2038.3 0.9952317476 0.0971969143 0.0081556365 -0.0943253636 0.9377919436 0.3341391385 0.0248290021 -0.3333151639 0.9424884915
123.4 -140.6 2033.0 0.9977698922 0.0651385933 -0.0145683875 -0.0640197471 0.9956783056 0.0672767609 0.0188877415 -0.0661940575 0.9976279736
98.2 -527.2 2058.7 0.9953377247 -0.0962390155 -0.0063940911 0.0956971049 0.9771098495 0.1899956763 -0.0120372670 -0.1897217631 0.9817640781
-125.7 -244.3 1964.6 0 0 0 0 0 0 0 0 0
195.3 -276.5 1974.2 0 0 0 0 0 0 0 0 0
-92.7 -876.4 2162.7 0 0 0 0 0 0 0 0 0
134.1 -891.8 2129.5 0 0 0 0 0 0 0 0 0
40.7 447.3 2056.3 3 0.9953546524 0.0132331932 0.0953623876 -0.0113036344 0.9997208714 -0.0207458492 -0.0956103057 0.0195715353 0.9952264428
38.1 249.0 2052.4 0.9953546524 0.0132331932 0.0953623876 -0.0113036344 0.9997208714 -0.0207458492 -0.0956103057 0.0195715353 0.9952264428
35.5 55.0 2047.1 0.9953620434 0.0133967372 0.0952626392 -0.0107508013 0.9995434880 -0.0282343868 -0.0955974013 0.0270792861 0.9950516820
-97.8 250.5 2065.5 0.2227761894 -0.7337527275 -0.6418548822 0.9748045802 0.1752706319 0.1379719079 0.0112610525 -0.6564199328 0.7543116212
-157.2 -9.1 2062.5 -0.1289720237 -0.7337527275 -0.6670630574 0.9126531482 0.1752706319 -0.3692484796 0.3878536522 -0.6564199328 0.6470566988
174.1 247.5 2039.4 0.2028021961 0.4359484613 0.8768239617 -0.9781795740 0.0489305295 0.2019171268 0.0451220013 -0.8986405134 0.4363590777
228.7 -16.1 2051.5 -0.1207713261 0.4593342543 0.8800149560 -0.9530095458 0.1944594234 -0.2322893441 -0.2778256536 -0.8667165637 0.4142647982
-56.1 -139.4 2049.9 0.9997714758 0.0066745193 0.0203087460 -0.0061822692 0.9996879101 -0.0242053326 -0.0204639658 0.0240742471 0.9995006919
-58.7 -527.5 2040.6 0.9963656068 0.0824552476 0.0213708282 -0.0849969238 0.9460009336 0.3128222227 0.0055770096 -0.3135017455 0.9495712519
122.4 -141.9 2035.1 0.9979688525 0.0636890382 -0.0013892299 -0.0634452924 0.9956406951 0.0683687031 0.0057375110 -0.0681416988 0.9976591468
97.7 -528.4 2061.6 0.9948289394 -0.1014191955 0.0054379306 0.0989186913 0.9796618819 0.1745787710 -0.0230329726 -0.1731380969 0.9846282005
-123.6 -246.8 1961.4 0 0 0 0 0 0 0 0 0
195.6 -277.4 1975.3 0 0 0 0 0 0 0 0 0
-89.5 -880.4 2157.5 0 0 0 0 0 0 0 0 0
135.5 -894.0 2126.2 0 0 0 0 0 0 0 0 0
41.4 449.4 2056.1 4 0.9959415793 0.0210222229 0.0875121802 -0.0196094867 0.9996636510 -0.0169718955 -0.0878395289 0.0151869478 0.9960188866
37.3 251.0 2053.1 0.9959415793 0.0210222229 0.0875121802 -0.0196094867 0.9996636510 -0.0169718955 -0.0878395289 0.0151869478 0.9960188866
32.9 57.0 2048.8 0.9959199429 0.0226500854 0.0873521417 -0.0206001848 0.9994925261 -0.0242976770 -0.0878581554 0.0223990716 0.9958811402
-98.8 253.8 2065.1 0.2279668003 -0.7195459604 -0.6559609175 0.9736427665 0.1734027267 0.1481597126 0.0071376828 -0.6724470854 0.7401108146
-160.6 -10.1 2063.2 -0.1482753158 -0.7195459604 -0.6784305573 0.9076306820 0.1734027267 -0.3822800517 0.3927097619 -0.6724470854 0.6273706555
173.3 248.2 2041.1 0.2059351504 0.4400504231 0.8740402460 -0.9777589440 0.0562705360 0.2020422518 0.0397260673 -0.8962082863 0.4418513179
228.6 -14.3 2051.8 -0.1278949082 0.4633502364 0.8768976331 -0.9504185319 0.1954370737 -0.2418862879 -0.2834563851 -0.8643558025 0.4153812528
-56.2 -138.1 2050.4 0.9998967648 0.0074974219 0.0122583341 -0.0070983125 0.9994535446 -0.0322837457 -0.0124936802 0.0321934000 0.9994035959
-59.2 -526.1 2038.0 0.9966765642 0.0802210271 0.0141554335 -0.0802888051 0.9380322695 0.3371189833 0.0137657775 -0.3371351361 0.9413556457
122.1 -140.0 2033.3 0.9980368018 0.0620280355 -0.0086648241 -0.0612817518 0.9957111478 0.0693102628 0.0129268412 -0.0686431974 0.9975575209
98.0 -526.6 2060.0 0.9949018955 -0.1008322239 -0.0017665274 0.0995222032 0.9788439870 0.1787728667 -0.0162969101 -0.1780372709 0.9838888049
-122.0 -246.5 1960.9 0 0 0 0 0 0 0 0 0
193.5 -274.9 1974.1 0 0 0 0 0 0 0 0 0
-89.1 -876.1 2163.7 0 0 0 0 0 0 0 0 0
135.6 -891.9 2126.4 0 0 0 0 0 0 0 0 0
38.3 446.8 2055.5 5 0.9905740619 0.0355919525 0.1322732121 -0.0335806534 0.9992844462 -0.0174060781 -0.1327980757 0.0128001887 0.9910604358
31.2 248.6 2053.0 0.9905740619 0.0355919525 0.1322732121 -0.0335806534 0.9992844462 -0.0174060781 -0.1327980757 0.0128001887 0.9910604358
24.0 54.7 2049.0 0.9905602932 0.0370541364 0.1319744289 -0.0339592844 0.9990946651 -0.0256252084 -0.1328044683 0.0209015589 0.9909218550
-104.0 253.3 2071.1 0.2091195583 -0.7482654452 -0.6295775175 0.9775491357 0.1769590825 0.1143819019 0.0258214381 -0.6393624544 0.7684717774
-159.3 -5.4 2064.3 -0.1385786533 -0.7465568781 -0.6507294178 0.9087230563 0.1653697789 -0.3832430840 0.3937237561 -0.6444421411 0.6554967165
166.4 244.0 2034.9 0.2331676185 0.6858000159 0.6894281507 -0.9702322483 0.1163566783 0.2123924196 0.0654391572 -0.7184284329 0.6925159097
228.3 -13.9 2052.3 -0.1470565200 0.6858000159 0.7127781510 -0.9446212053 0.1163566783 -0.3068417609 -0.2933686078 -0.7184284329 0.6307102442
-60.8 -135.2 2052.3 0.9983692765 0.0049481080 0.0568711236 -0.0024889091 0.9990620017 -0.0432313643 -0.0570316911 0.0430193171 0.9974451065
-62.7 -523.0 2035.6 0.9967243671 0.0594804510 0.0547960475 -0.0740236267 0.9438738227 0.3219048381 -0.0325735100 -0.3249066174 0.9451850057
117.7 -138.8 2036.5 0.9977821708 0.0555472225 0.0366777703 -0.0576183051 0.9966490865 0.0580577031 -0.0333299227 -0.0600422509 0.9976392388
96.1 -525.8 2059.8 0.9937925935 -0.1022306979 0.0438772999 0.0919832438 0.9769198895 0.1927863359 -0.0625732914 -0.1875536442 0.9802592397
-123.2 -242.1 1961.7 0 0 0 0 0 0 0 0 0
188.0 -272.8 1971.9 0 0 0 0 0 0 0 0 0
-84.9 -875.2 2156.8 0 0 0 0 0 0 0 0 0
134.3 -890.4 2129.8 0 0 0 0 0 0 0 0 0
38.6 446.3 2056.8 6 0.9907355905 0.0463932529 0.1276349723 -0.0441975482 0.9988229275 -0.0199832544 -0.1284118295 0.0141569674 0.9916198850
29.4 248.2 2054.0 0.9907355905 0.0463932529 0.1276349723 -0.0441975482 0.9988229275 -0.0199832544 -0.1284118295 0.0141569674 0.9916198850
20.2 54.3 2049.4 0.9907426238 0.0474379137 0.1271957159 -0.0440480448 0.9985986352 -0.0293340199 -0.1284090132 0.0234597400 0.9914437532
-105.9 254.2 2071.5 0.2175974101 -0.7296628952 -0.6482618451 0.9758126140 0.1769249886 0.1284028888 0.0210028831 -0.6605222225 0.7505127192
-163.3 -3.2 2065.9 -0.1389162540 -0.7296628952 -0.6695478559 0.9074528813 0.1769249886 -0.3810863793 0.3965243399 -0.6605222225 0.6375569701
164.7 242.2 2036.4 0.2355235070 0.6820722818 0.6923193932 -0.9698615074 0.1191937029 0.2125124186 0.0624287166 -0.7215055823 0.6895885468
227.6 -17.0 2053.1 -0.1518941224 0.6820722818 0.7153360248 -0.9420182705 0.1191937029 -0.3136788309 -0.2992151678 -0.7215055823 0.6244196892
-71.8 -136.2 2056.9 0.9983141422 -0.0258644354 0.0519605950 0.0290107727 0.9977319241 -0.0607401095 -0.0502717346 0.0621451251 0.9968002439
-61.8 -523.3 2032.8 0.9971327782 0.0658674538 0.0372510925 -0.0746796951 0.9360069633 0.3439678550 -0.0122109959 -0.3457635343 0.9382421970
105.5 -142.2 2033.1 0.9991873503 0.0228066929 0.0332337096 -0.0249665771 0.9975008965 0.0660952553 -0.0316432416 -0.0668712780 0.9972597361
96.6 -529.3 2059.1 0.9945709705 -0.0975278243 0.0362891294 0.0875048786 0.9725636840 0.2155523300 -0.0563158393 -0.2112066150 0.9758177400
-127.1 -239.7 1962.6 0 0 0 0 0 0 0 0 0
186.0 -275.2 1971.1 0 0 0 0 0 0 0 0 0
-86.4 -872.5 2161.8 0 0 0 0 0 0 0 0 0
133.0 -892.2 2137.9 0 0 0 0 0 0 0 0 0
39.0 448.6 2061.4 7 0.9903078079 0.0495272391 0.1297592819 -0.0460621007 0.9985007644 -0.0295726601 -0.1310293972 0.0233090501 0.9911044240
29.2 250.9 2056.7 0.9903078079 0.0495272391 0.1297592819 -0.0460621007 0.9985007644 -0.0295726601 -0.1310293972 0.0233090501 0.9911044240
19.2 57.1 2050.6 0.9902663231 0.0514477715 0.1293279529 -0.0468825214 0.9981734753 -0.0381017216 -0.1310519874 0.0316676311 0.9908695817
-106.1 257.3 2074.6 0.2232324034 -0.7308911085 -0.6449538469 0.9744784236 0.1833831370 0.1294698268 0.0236453228 -0.6573954821 0.7531746626
-165.6 -2.4 2068.3 -0.1284494400 -0.7309081554 -0.6702790260 0.9089722037 0.1835037619 -0.3742939234 0.3965731859 -0.6573428512 0.6408042312
164.4 244.4 2038.8 0.2309968621 0.6641430855 0.7110235095 -0.9716575742 0.1197489873 0.2038179934 0.0502199642 -0.7379527092 0.6729812622
227.1 -19.3 2052.5 -0.1574395895 0.6641430855 0.7308397889 -0.9425491691 0.1197489873 -0.3118672967 -0.2946418226 -0.7379527092 0.6071342826
-77.7 -135.5 2056.4 0.9977694750 -0.0395726450 0.0537599735 0.0428917706 0.9971505404 -0.0620576330 -0.0511510000 0.0642250702 0.9966236353
-62.4 -522.5 2031.5 0.9975944757 0.0606107712 0.0336388089 -0.0684364662 0.9383686781 0.3387930095 -0.0110310977 -0.3402801752 0.9402593970
99.7 -143.4 2033.4 0.9992945790 0.0106257861 0.0360206366 -0.0131896539 0.9973387122 0.0717045143 -0.0351628549 -0.0721290335 0.9967752695
95.6 -530.5 2061.4 0.9927533269 -0.1143099591 0.0370689146 0.1049303859 0.9749277830 0.1962281615 -0.0585703477 -0.1909164935 0.9798573256
-132.1 -239.2 1965.0 0 0 0 0 0 0 0 0 0
183.9 -277.7 1971.7 0 0 0 0 0 0 0 0 0
-85.0 -872.7 2158.5 0 0 0 0 0 0 0 0 0
138.2 -894.3 2132.6 0 0 0 0 0 0 0 0 0
39.2 447.9 2058.2 8 0.9930191040 0.0507647395 0.1064705849 -0.0490525663 0.9986222386 -0.0186404921 -0.1072701737 0.0132877100 0.9941411018
29.0 248.8 2055.5 0.9930191040 0.0507647395 0.1064705849 -0.0490525663 0.9986222386 -0.0186404921 -0.1072701737 0.0132877100 0.9941411018
18.9 55.0 2050.9 0.9930028915 0.0521917455 0.1059304774 -0.0493670441 0.9983562231 -0.0291165933 -0.1072760001 0.0236833878 0.9939471483
-106.6 255.5 2070.2 0.2150172889 -0.7175706625 -0.6624650359 0.9765311480 0.1666063368 0.1364890933 0.0124303037 -0.6762652397 0.7365533113
-162.7 0.6 2066.9 -0.1053399518 -0.7210769057 -0.6848003864 0.9179199338 0.1943877339 -0.3458849490 0.3825264275 -0.6650274396 0.6414140463
164.7 242.0 2040.9 0.2343814969 0.6610755920 0.7127723098 -0.9708243012 0.1209665388 0.2070440054 0.0506501496 -0.7405039668 0.6701406240
227.3 -17.7 2054.4 -0.1641030610 0.6610755920 0.7321538329 -0.9397149682 0.1209665388 -0.3198482692 -0.3000099957 -0.7405039668 0.6013716459
-79.5 -132.4 2056.2 0.9981062412 -0.0530757383 0.0310958698 0.0551986285 0.9958804846 -0.0719389394 -0.0271495562 0.0735191554 0.9969241619
-58.9 -519.0 2027.7 0.9969329834 0.0780125782 0.0062160678 -0.0752807558 0.9342468381 0.3485909700 0.0213871393 -0.3479897976 0.9372543097
97.9 -140.8 2032.7 0.9999076724 0.0051287874 0.0125814611 -0.0060091214 0.9974609613 0.0709616765 -0.0121855689 -0.0710307285 0.9973996878
95.9 -528.0 2060.3 0.9940689206 -0.1079624146 0.0130794309 0.1037698165 0.9776297808 0.1829531491 -0.0325389057 -0.1805107892 0.9830346107
-135.3 -238.5 1967.3 0 0 0 0 0 0 0 0 0
182.4 -275.3 1972.2 0 0 0 0 0 0 0 0 0
-88.0 -867.6 2157.5 0 0 0 0 0 0 0 0 0
136.2 -892.9 2127.7 0 0 0 0 0 0 0 0 0
38.5 448.1 2056.6 9 0.9944821000 0.0447602794 0.0948783681 -0.0438866019 0.9989728928 -0.0112762069 -0.0952856392 0.0070500965 0.9954249859
29.6 249.3 2055.2 0.9944821000 0.0447602794 0.0948783681 -0.0438866019 0.9989728928 -0.0112762069 -0.0952856392 0.0070500965 0.9954249859
20.8 55.4 2052.1 0.9945013523 0.0451895297 0.0944722518 -0.0434590578 0.9988490343 -0.0202962030 -0.0952806920 0.0160789266 0.9953205585
-106.2 255.2 2068.2 0.2196177542 -0.7094981670 -0.6696121097 0.9755819440 0.1616948098 0.1486426741 0.0028111020 -0.6859060526 0.7276846766
-163.8 -0.5 2067.4 -0.0996989161 -0.7145794630 -0.6924133897 0.9180496931 0.2023027390 -0.3409667611 0.3837249875 -0.6696639061 0.6358501315
165.5 243.4 2042.1 0.2276096493 0.6679459214 0.7085492611 -0.9727705121 0.1233020872 0.1962500513 0.0437188260 -0.7339242697 0.6778228879
227.1 -19.9 2054.0 -0.1609274000 0.6669659019 0.7275018096 -0.9414634705 0.1174965277 -0.3159764707 -0.2962244451 -0.7357656360 0.6090155840
-80.2 -134.4 2055.9 0.9976128340 -0.0658108443 0.0209171977 0.0672788322 0.9945498705 -0.0796503201 -0.0155613413 0.0808674693 0.9966033697
-54.6 -520.4 2024.6 0.9941633940 0.1073990911 -0.0102250930 -0.0961896703 0.9253209233 0.3667815924 0.0488535017 -0.3636572957 0.9302508831
97.7 -143.2 2036.7 0.9999669194 0.0081271287 0.0003628663 -0.0081336359 0.9978948832 0.0643403381 0.0001607998 -0.0643411577 0.9979279637
94.5 -530.6 2061.7 0.9933619499 -0.1150222644 0.0013656635 0.1127322912 0.9758092165 0.1873174310 -0.0228783023 -0.1859200597 0.9822984934
-137.8 -239.7 1967.5 0 0 0 0 0 0 0 0 0
182.9 -278.0 1972.8 0 0 0 0 0 0 0 0 0
-94.7 -865.6 2160.2 0 0 0 0 0 0 0 0 0
137.4 -894.8 2131.1 0 0 0 0 0 0 0 0 0
38.6 446.2 2056.8 0 0.9947562814 0.0412062109 0.0936055183 -0.0402604304 0.9991174936 -0.0119707622 -0.0940161794 0.0081393924 0.9955374002
30.4 247.8 2055.2 0.9947562814 0.0412062109 0.0936055183 -0.0402604304 0.9991174936 -0.0119707622 -0.0940161794 0.0081393924 0.9955374002
22.5 53.9 2052.1 0.9948113561 0.0405727103 0.0932963416 -0.0389145464 0.9990517497 -0.0195249692 -0.0940000564 0.0157930776 0.9954469204
-105.5 253.1 2068.0 0.2174243331 -0.7089970112 -0.6708576083 0.9760734439 0.1598356366 0.1474219263 0.0027052488 -0.6868593693 0.7267853022
-162.8 -4.0 2067.3 -0.0885182321 -0.7148290277 -0.6936742067 0.9190922379 0.2098392546 -0.3335219920 0.3839713037 -0.6670733690 0.6384192705
166.3 242.5 2042.3 0.2239792645 0.6633309722 0.7140204906 -0.9735420942 0.1182522997 0.1955305636 0.0452669188 -0.7389237881 0.6722667217
226.7 -20.3 2054.5 -0.1639359742 0.6633309722 0.7301486135 -0.9404866099 0.1182522997 -0.3185926676 -0.2976741493 -0.7389237881 0.6044681072
-77.0 -134.6 2057.5 0.9983910918 -0.0532167554 0.0195742231 0.0544986986 0.9959039092 -0.0721479952 -0.0156545620 0.0730986893 0.9972018600
-56.4 -521.1 2029.1 0.9952045083 0.0977082849 -0.0045969784 -0.0898052678 0.9313150644 0.3529691994 0.0387692489 -0.3508636951 0.9356236458
101.1 -142.3 2040.4 0.9998800159 0.0154399239 -0.0012408446 -0.0153357312 0.9980264306 0.0608942956 0.0021785989 -0.0608679578 0.9981434345
95.1 -529.8 2064.0 0.9936925173 -0.1121373177 0.0005873961 0.1102408394 0.9778199792 0.1780872792 -0.0205445979 -0.1768992394 0.9840145111
-139.7 -243.4 1967.3 0 0 0 0 0 0 0 0 0
181.8 -278.1 1972.9 0 0 0 0 0 0 0 0 0
-92.8 -868.6 2160.0 0 0 0 0 0 0 0 0 0
137.0 -894.8 2130.1 0 0 0 0 0 0 0 0 0
39.0 448.2 2061.4 1 0.9951809645 0.0379760154 0.0904030874 -0.0360718220 0.9990934730 -0.0226054154 -0.0911796018 0.0192354750 0.9956486821
31.4 249.7 2057.5 0.9951809645 0.0379760154 0.0904030874 -0.0360718220 0.9990934730 -0.0226054154 -0.0911796018 0.0192354750 0.9956486821
24.0 55.8 2052.5 0.9951972365 0.0381825194 0.0901363194 -0.0356443003 0.9989259839 -0.0296040773 -0.0911698714 0.0262490492 0.9954893589
-104.5 254.6 2070.0 0.2212645710 -0.7069963217 -0.6717128754 0.9751816392 0.1660002023 0.1465084553 0.0079235360 -0.6874591708 0.7261797786
-164.1 -8.0 2067.9 -0.1050860956 -0.7119835615 -0.6942883134 0.9150020480 0.2042366415 -0.3479348719 0.3895230293 -0.6718383431 0.6300039887
167.4 244.8 2045.1 0.2123401314 0.6668192148 0.7143275142 -0.9766868353 0.1212308407 0.1771606803 0.0315356255 -0.7352925539 0.6770157218
225.5 -22.6 2053.7 -0.1675862223 0.6655724645 0.7272744775 -0.9401466250 0.1141332984 -0.3210887015 -0.2967140377 -0.7375546694 0.6066085100
-74.5 -136.6 2057.5 0.9990494847 -0.0407411307 0.0154994894 0.0416161567 0.9972640276 -0.0610947870 -0.0129680121 0.0616817437 0.9980116487
-58.7 -523.7 2033.5 0.9962618947 0.0863778442 -0.0010508150 -0.0814885870 0.9437682033 0.3204078376 0.0286678635 -0.3191244900 0.9472790956
103.7 -143.5 2040.6 0.9997820258 0.0203811079 -0.0045290943 -0.0201036986 0.9983061552 0.0545956381 0.0056341421 -0.0544926859 0.9984982610
95.8 -531.1 2061.8 0.9939584732 -0.1097462699 -0.0015097762 0.1078389063 0.9739387035 0.1995349228 -0.0204277840 -0.1984922439 0.9798895717
-136.7 -246.4 1966.4 0 0 0 0 0 0 0 0 0
179.6 -280.4 1972.4 0 0 0 0 0 0 0 0 0
-90.9 -875.7 2152.5 0 0 0 0 0 0 0 0 0
136.8 -894.6 2135.8 0 0 0 0 0 0 0 0 0
38.4 448.6 2064.2 2 0.9950065017 0.0333132260 0.0940869153 -0.0305876750 0.9990738034 -0.0302638784 -0.0950079635 0.0272348542 0.9951038957
31.8 250.1 2058.8 0.9950065017 0.0333132260 0.0940869153 -0.0305876750 0.9990738034 -0.0302638784 -0.0950079635 0.0272348542 0.9951038957
25.4 56.2 2052.3 0.9950395823 0.0328800045 0.0938888863 -0.0295881238 0.9989049435 -0.0362411998 -0.0949776843 0.0332834348 0.9949228168
-104.2 254.1 2071.7 0.2216858715 -0.7094676495 -0.6689626575 0.9750189781 0.1710582823 0.1416934431 0.0139046926 -0.6836627126 0.7296656370
-163.3 -5.8 2068.0 -0.1080775410 -0.7131321430 -0.6926484108 0.9159908295 0.1993468851 -0.3481690288 0.3863677979 -0.6720888019 0.6316775680
167.7 246.1 2045.8 0.2092445046 0.6664977670 0.7155399919 -0.9772387147 0.1163765118 0.1773725450 0.0349463597 -0.7363675833 0.6756785512
224.9 -21.2 2055.3 -0.1621299982 0.6658321619 0.7282729149 -0.9431386590 0.1124722511 -0.3127930462 -0.2901781499 -0.7375754714 0.6097369194
-72.6 -134.9 2055.5 0.9990699291 -0.0387556292 0.0189019181 0.0397537090 0.9976587892 -0.0556472875 -0.0167010184 0.0563469529 0.9982715845
-57.5 -522.2 2033.7 0.9950770140 0.0990594551 0.0029900570 -0.0947260708 0.9418121576 0.3225164711 0.0291322321 -0.3212119639 0.9465591311
105.7 -141.3 2039.2 0.9996566772 0.0261911061 -0.0007355387 -0.0260729566 0.9971395731 0.0709428638 0.0025915068 -0.0708993301 0.9974800944
95.6 -528.3 2066.7 0.9943698049 -0.1059505939 0.0017756979 0.1041857973 0.9805904627 0.1660952419 -0.0193391219 -0.1649750918 0.9861081243
-135.1 -244.4 1967.4 0 0 0 0 0 0 0 0 0
180.5 -279.7 1975.8 0 0 0 0 0 0 0 0 0
-94.5 -873.6 2153.5 0 0 0 0 0 0 0 0 0
135.1 -894.1 2128.3 0 0 0 0 0 0 0 0 0
37.5 448.3 2065.1 3 0.9945067167 0.0277531669 0.1009267494 -0.0249373950 0.9992666841 -0.0290548187 -0.1016591042 0.0263783615 0.9944695234
31.9 250.1 2059.8 0.9945067167 0.0277531669 0.1009267494 -0.0249373950 0.9992666841 -0.0290548187 -0.1016591042 0.0263783615 0.9944695234
26.6 56.1 2053.8 0.9945237041 0.0276271384 0.1007937491 -0.0243240595 0.9991307259 -0.0338539742 -0.1016414240 0.0312168654 0.9943311810
-103.9 253.4 2073.7 0.2198929787 -0.7129271626 -0.6658693552 0.9753054976 0.1751109511 0.1345931888 0.0206458792 -0.6790221334 0.7338274121
-162.5 -6.4 2068.2 -0.0946078748 -0.7161006927 -0.6915555596 0.9197733402 0.2028992772 -0.3359298110 0.3808757067 -0.6678559780 0.6394544840
167.8 246.7 2045.9 0.2041224539 0.6624279022 0.7207796574 -0.9783027172 0.1113597974 0.1747076511 0.0354653411 -0.7408024669 0.6707860231
223.6 -20.8 2055.6 -0.1417503357 0.6639168859 0.7342487574 -0.9485314488 0.1210962310 -0.2926153839 -0.2831870615 -0.7379363775 0.6125805974
-70.2 -135.0 2054.3 0.9992766380 -0.0282068606 0.0255058687 0.0292543825 0.9987028837 -0.0416746475 -0.0242972728 0.0423906595 0.9988056421
-59.2 -522.7 2037.9 0.9957407713 0.0911590382 0.0137977032 -0.0908297226 0.9442425370 0.3164742291 0.0158211067 -0.3163795471 0.9485007524
108.1 -140.3 2037.3 0.9993470311 0.0356707871 0.0057516876 -0.0360114425 0.9962924123 0.0781321898 -0.0029433256 -0.0782883018 0.9969264269
94.3 -527.1 2067.7 0.9942010641 -0.1071543470 0.0090672309 0.1040359214 0.9797457457 0.1710986793 -0.0272175483 -0.1691631675 0.9852121472
-137.8 -246.0 1969.0 0 0 0 0 0 0 0 0 0
184.8 -280.8 1978.0 0 0 0 0 0 0 0 0 0
-93.2 -875.1 2156.0 0 0 0 0 0 0 0 0 0
134.3 -892.7 2130.8 0 0 0 0 0 0 0 0 0
36.8 448.3 2065.5 4 0.9948691130 0.0253985710 0.0979303718 -0.0228658598 0.9993765950 -0.0268987007 -0.0985525176 0.0245214235 0.9948297143
31.7 250.3 2060.7 0.9948691130 0.0253985710 0.0979303718 -0.0228658598 0.9993765950 -0.0268987007 -0.0985525176 0.0245214235 0.9948297143
27.1 56.3 2054.9 0.9949148297 0.0240616389 0.0978035331 -0.0210187677 0.9992660284 -0.0320243537 -0.0985023081 0.0298057944 0.9946903586
-104.2 253.1 2074.1 0.2206399441 -0.7115626335 -0.6670807004 0.9752516150 0.1709211916 0.1402504146 0.0142212687 -0.6815164089 0.7316646576
-163.6 -9.4 2070.3 -0.1062396392 -0.7154749036 -0.6905134320 0.9150780439 0.2013471425 -0.3494159281 0.3890312314 -0.6689954996 0.6333243251
167.7 247.4 2047.2 0.2024345100 0.6648689508 0.7190059423 -0.9786202312 0.1100759283 0.1737404764 0.0363693945 -0.7388048172 0.6729373932
222.9 -19.5 2057.1 -0.1193060279 0.6667808294 0.7356421947 -0.9553000331 0.1247689500 -0.2680197060 -0.2704956830 -0.7347353697 0.6220900416
-67.9 -135.6 2056.8 0.9994724989 -0.0232438557 0.0226801559 0.0242590066 0.9986669421 -0.0455614030 -0.0215908997 0.0460875668 0.9987040162
-58.9 -523.3 2038.9 0.9959846735 0.0886506289 0.0124718184 -0.0878428519 0.9408866763 0.3271327913 0.0172659587 -0.3269148171 0.9448961020
110.3 -140.0 2038.6 0.9990493655 0.0435306579 0.0023352953 -0.0435792208 0.9959345460 0.0788367316 0.0011060133 -0.0788635537 0.9968848228
93.4 -526.6 2069.2 0.9934582114 -0.1140420958 0.0059291557 0.1116085425 0.9806279540 0.1609732509 -0.0241720229 -0.1592584550 0.9869409800
-135.9 -247.7 1968.9 0 0 0 0 0 0 0 0 0
190.2 -281.3 1983.0 0 0 0 0 0 0 0 0 0
-91.9 -874.5 2160.9 0 0 0 0 0 0 0 0 0
136.0 -892.6 2128.7 0 0 0 0 0 0 0 0 0
36.1 450.4 2071.7 5 0.9949406385 0.0250477791 0.0972920805 -0.0214185249 0.9990416765 -0.0381697565 -0.0981549174 0.0358927883 0.9945236444
31.2 252.7 2064.6 0.9949406385 0.0250477791 0.0972920805 -0.0214185249 0.9990416765 -0.0381697565 -0.0981549174 0.0358927883 0.9945236444
26.3 58.8 2056.8 0.9949513674 0.0250632092 0.0971783400 -0.0209908374 0.9988672137 -0.0427045263 -0.0981385708 0.0404490717 0.9943503737
-104.8 255.5 2078.0 0.2213320881 -0.7437675595 -0.6307312846 0.9750377536 0.1805206388 0.1292812973 0.0177047793 -0.6436008811 0.7651564479
-164.8 -9.1 2073.2 -0.1254960597 -0.7437675595 -0.6565520167 0.9080098271 0.1805206388 -0.3780615032 0.3997110724 -0.6436008811 0.6526936293
167.1 249.8 2051.2 0.2022734433 0.6654408574 0.7185220122 -0.9789563417 0.1171495169 0.1670941114 0.0270167384 -0.7372004390 0.6751337647
222.4 -17.7 2058.6 -0.1064785421 0.6667933464 0.7375967503 -0.9583510756 0.1288829148 -0.2548575401 -0.2650009394 -0.7340134978 0.6252988577
-66.8 -135.8 2057.9 0.9995508194 -0.0209240615 0.0214549918 0.0215463731 0.9993414283 -0.0291966088 -0.0208299514 0.0296457727 0.9993433952
-58.6 -523.7 2046.4 0.9959329367 0.0890875235 0.0134539157 -0.0890339017 0.9502604008 0.2984595299 0.0138042970 -0.2984435260 0.9543274641
111.5 -139.6 2040.3 0.9989374876 0.0460349508 0.0021594951 -0.0460663401 0.9960700274 0.0756467059 0.0013313842 -0.0756658092 0.9971323609
93.6 -526.3 2069.6 0.9942045808 -0.1073544994 0.0056827362 0.1052545086 0.9827918410 0.1517948359 -0.0218808055 -0.1503169835 0.9883956909
-132.1 -245.6 1969.1 0 0 0 0 0 0 0 0 0
193.2 -280.4 1986.0 0 0 0 0 0 0 0 0 0
-91.9 -878.3 2157.8 0 0 0 0 0 0 0 0 0
133.7 -893.1 2125.7 0 0 0 0 0 0 0 0 0
36.2 450.4 2074.4 6 0.9948111176 0.0252713617 0.0985506475 -0.0212180614 0.9988938570 -0.0419626236 -0.0995020866 0.0396538265 0.9942469001
31.2 252.8 2066.5 0.9948111176 0.0252713617 0.0985506475 -0.0212180614 0.9988938570 -0.0419626236 -0.0995020866 0.0396538265 0.9942469001
26.4 59.0 2057.9 0.9948316813 0.0248888321 0.0984400436 -0.0203979108 0.9987161756 -0.0463672094 -0.0994676948 0.0441195965 0.9940621853
-104.7 255.6 2080.1 0.2310589403 -0.7252102494 -0.6485999227 0.9727887511 0.1839452684 0.1408765912 0.0171417408 -0.6635015011 0.7479785681
-166.9 -6.3 2075.5 -0.1384154409 -0.7252102494 -0.6744710803 0.9050309658 0.1839452684 -0.3835141957 0.4021942019 -0.6635015011 0.6308768392
167.1 250.0 2052.9 0.2032875270 0.6647042632 0.7189174891 -0.9787918329 0.1189789250 0.1667651236 0.0253134612 -0.7375718355 0.6747940779
222.1 -14.7 2059.8 -0.0989717767 0.6658710241 0.7394730449 -0.9606443048 0.1298951209 -0.2455398142 -0.2595517933 -0.7346720695 0.6268092394
-67.7 -133.2 2057.7 0.9994585514 -0.0240486562 0.0224558562 0.0245254710 0.9994742870 -0.0212050751 -0.0219340976 0.0217443332 0.9995229244
-58.4 -521.2 2049.3 0.9959961176 0.0883118212 0.0138842538 -0.0885351747 0.9529208541 0.2900058627 0.0123803522 -0.2900739610 0.9569241405
110.6 -137.0 2040.1 0.9988329411 0.0481268764 0.0040726704 -0.0482987911 0.9951006174 0.0862666443 0.0000990272 -0.0863626674 0.9962637424
91.9 -523.3 2073.7 0.9939484000 -0.1095962226 0.0074316873 0.1071120054 0.9819775820 0.1557146758 -0.0243634898 -0.1539763361 0.9877741337
-130.9 -242.1 1970.7 0 0 0 0 0 0 0 0 0
195.0 -278.1 1988.6 0 0 0 0 0 0 0 0 0
-91.3 -876.9 2157.5 0 0 0 0 0 0 0 0 0
132.8 -889.9 2131.1 0 0 0 0 0 0 0 0 0
36.5 454.9 2082.2 7 0.9945567250 0.0268955845 0.1006657779 -0.0211802777 0.9981254339 -0.0574195050 -0.1020214111 0.0549748242 0.9932619929
31.2 257.8 2071.3 0.9945567250 0.0268955845 0.1006657779 -0.0211802777 0.9981254339 -0.0574195050 -0.1020214111 0.0549748242 0.9932619929
26.2 64.0 2060.2 0.9945912361 0.0257979725 0.1006120890 -0.0198729765 0.9980332255 -0.0594535433 -0.1019479856 0.0571325123 0.9931477904
-104.7 260.5 2085.2 0.2241187394 -0.7265181541 -0.6495707631 0.9738026261 0.1932503134 0.1198446229 0.0384604558 -0.6594130993 0.7507963181
-166.2 -6.8 2074.7 -0.1344318092 -0.7252042890 -0.6752827764 0.9071600437 0.1841464788 -0.3783525825 0.3987338841 -0.6634522080 0.6331212521
167.1 255.0 2057.4 0.2005742639 0.6644598246 0.7199049592 -0.9794948697 0.1217848957 0.1604938209 0.0189681426 -0.7373341322 0.6752618551
222.2 -14.1 2062.6 -0.0912584662 0.6658089161 0.7405203581 -0.9612644911 0.1353155822 -0.2401255369 -0.2600816786 -0.7337493896 0.6276697516
-67.6 -133.1 2058.3 0.9994285703 -0.0236750320 0.0241242424 0.0239560194 0.9996477365 -0.0114258146 -0.0238452386 0.0119972061 0.9996436834
