-56.2 474.3 2132.5 3 0.9990409017 0.0368119515 -0.0237092208 -0.0347362943 0.9959694743 0.0826935396 0.0266577695 -0.0817906559 0.9962929487
-63.7 270.8 2149.2 0.9990409017 0.0368119515 -0.0237092208 -0.0347362943 0.9959694743 0.0826935396 0.0266577695 -0.0817906559 0.9962929487
-70.7 75.7 2164.0 0.9990735650 0.0357608236 -0.0239409991 -0.0338398889 0.9965081811 0.0763300434 0.0265870281 -0.0754491687 0.9967951179
-206.0 275.7 2145.4 0.1652081460 -0.8613392711 -0.4804174304 0.9861946106 0.1387206763 0.0904251486 -0.0112429056 -0.4887240529 0.8723659515
-249.8 14.4 2148.4 0.0277551971 -0.8608952165 -0.5080246329 0.9585760832 0.1670485735 -0.2307089865 0.2834810615 -0.4805769026 0.8298700452
78.6 266.0 2153.0 0.0871431306 0.7003611922 0.7084492445 -0.9950686693 0.0950154886 0.0284681488 -0.0473756604 -0.7074364424 0.7051873803
102.9 -11.7 2139.8 -0.0417163745 0.7067766786 0.7062056661 -0.9549013376 0.1797674894 -0.2363199443 -0.2939782441 -0.6842151880 0.6674027443
-170.8 -114.7 2179.4 0.9032878280 -0.0181265641 -0.4286519587 0.0084188012 0.9996635914 -0.0245324131 0.4289524257 0.0185510945 0.9031365514
-163.7 -506.2 2172.1 0.9014806747 0.0571982898 -0.4290232956 -0.0584218316 0.9982385635 0.0103290053 0.4288583994 0.0157529283 0.9032343626
9.8 -122.3 2179.0 0.9251250029 -0.0577446856 0.3752456605 0.0714691654 0.9971833825 -0.0227474198 -0.3728751838 0.0478627011 0.9266462326
32.4 -512.9 2160.3 0.9270161986 0.0287838280 0.3739150167 -0.0305245705 0.9995332360 -0.0012666554 -0.3737769425 -0.0102393851 0.9274621010
-257.5 -252.9 2069.3 0 0 0 0 0 0 0 0 0
91.2 -280.7 2057.0 0 0 0 0 0 0 0 0 0
-185.2 -881.6 2166.2 0 0 0 0 0 0 0 0 0
21.6 -889.3 2164.1 0 0 0 0 0 0 0 0 0
-56.0 473.7 2134.9 4 0.9982234240 0.0348240323 -0.0483456440 -0.0311097428 0.9966557026 0.0755620673 0.0508153364 -0.0739238039 0.9959684014
-63.1 270.5 2150.0 0.9982234240 0.0348240323 -0.0483456440 -0.0311097428 0.9966557026 0.0755620673 0.0508153364 -0.0739238039 0.9959684014
-69.3 75.2 2163.2 0.9983125329 0.0318220034 -0.0485739410 -0.0284432583 0.9972296357 0.0687319338 0.0506265610 -0.0672343522 0.9964519739
-205.3 274.5 2142.7 0.1626655757 -0.8512328267 -0.4989414811 0.9864783287 0.1300515234 0.0997350365 -0.0200096387 -0.5084184408 0.8608776331
-248.2 14.4 2148.0 0.0318579413 -0.8506718278 -0.5247309208 0.9584859014 0.1748379767 -0.2252475619 0.2833546400 -0.4957712293 0.8209269047
79.1 266.4 2157.2 0.0837853551 0.7167943716 0.6922324896 -0.9945021868 0.1039369181 0.0127461851 -0.0628121197 -0.6894946694 0.7215619683
102.5 -11.8 2139.6 -0.0456245169 0.7220693827 0.6903145313 -0.9536837935 0.1741961390 -0.2452404648 -0.2973307669 -0.6695308089 0.6806783080
-167.9 -116.4 2176.4 0.8927038312 -0.0095897373 -0.4505417645 0.0008602477 0.9998080134 -0.0195763204 0.4506430030 0.0170882773 0.8925406933
-164.2 -508.0 2169.7 0.8916686177 0.0442498513 -0.4505207837 -0.0369099826 0.9990040660 0.0250694528 0.4511814117 -0.0057249302 0.8924139142
12.6 -122.6 2181.2 0.9344572425 -0.0467373766 0.3529946506 0.0618730299 0.9975801706 -0.0317098908 -0.3506584466 0.0514723845 0.9350878596
30.9 -513.3 2161.1 0.9361480474 0.0151179293 0.3512809277 -0.0164734535 0.9998639226 0.0008702982 -0.3512199819 -0.0066015380 0.9362697005
-257.1 -252.9 2069.0 0 0 0 0 0 0 0 0 0
89.7 -280.5 2055.8 0 0 0 0 0 0 0 0 0
-180.8 -883.9 2171.9 0 0 0 0 0 0 0 0 0
25.2 -889.8 2163.5 0 0 0 0 0 0 0 0 0
-58.3 471.0 2137.1 5 0.9984019995 0.0273201261 -0.0494671464 -0.0238254257 0.9972688556 0.0699081719 0.0512419455 -0.0686178803 0.9963261485
-63.9 268.2 2151.0 0.9984019995 0.0273201261 -0.0494671464 -0.0238254257 0.9972688556 0.0699081719 0.0512419455 -0.0686178803 0.9963261485
-68.4 72.8 2163.2 0.9984953403 0.0233033020 -0.0496392734 -0.0201489385 0.9978022575 0.0631247237 0.0510011911 -0.0620295592 0.9967703819
-206.1 271.1 2143.8 0.1607396007 -0.8513955474 -0.4992879033 0.9868409038 0.1296412945 0.0966343954 -0.0175457653 -0.5082507133 0.8610303998
-248.5 11.2 2148.4 0.0399909504 -0.8505074382 -0.5244404674 0.9559233189 0.1853592545 -0.2277115434 0.2908802629 -0.4922184646 0.8204326034
78.4 265.3 2158.3 0.0919341072 0.7163373828 0.6916710734 -0.9935529232 0.1122640595 0.0157914031 -0.0663378313 -0.6886635423 0.7220399976
104.1 -12.3 2139.8 -0.0559954792 0.7209070921 0.6907658577 -0.9525014162 0.1688544452 -0.2534348369 -0.2993418574 -0.6721466780 0.6772099137
-165.7 -117.6 2171.8 0.8925004005 -0.0029960778 -0.4510366023 0.0011613796 0.9999898672 -0.0043444713 0.4510450661 0.0033536179 0.8924948573
-164.5 -509.2 2170.4 0.8917630911 0.0367071293 -0.4510112405 -0.0336433686 0.9993241429 0.0148120597 0.4512501359 0.0019646899 0.8923953772
14.7 -122.7 2180.9 0.9349337220 -0.0403905436 0.3525160849 0.0535019003 0.9981883168 -0.0275260098 -0.3507656455 0.0445952751 0.9354008436
30.5 -513.7 2163.5 0.9359241724 0.0078321910 0.3521143794 -0.0015970578 0.9998368025 -0.0179946870 -0.3521978557 0.0162793156 0.9357839823
-259.6 -255.4 2067.3 0 0 0 0 0 0 0 0 0
88.3 -280.6 2055.4 0 0 0 0 0 0 0 0 0
-178.4 -885.4 2169.7 0 0 0 0 0 0 0 0 0
27.5 -890.2 2157.3 0 0 0 0 0 0 0 0 0
-57.5 468.7 2137.7 6 0.9987989664 0.0332704484 -0.0359672457 -0.0307095423 0.9971057177 0.0695492700 0.0381770805 -0.0683612078 0.9969299436
-64.2 266.3 2151.6 0.9987989664 0.0332704484 -0.0359672457 -0.0307095423 0.9971057177 0.0695492700 0.0381770805 -0.0683612078 0.9969299436
-70.1 70.9 2163.4 0.9988923073 0.0300383978 -0.0362187214 -0.0277684629 0.9977129698 0.0616254248 0.0379870199 -0.0605514273 0.9974420071
-206.5 270.3 2146.1 0.1570891440 -0.8575237393 -0.4898735285 0.9875653982 0.1333207190 0.0833074674 -0.0061278366 -0.4968688488 0.8678039908
-248.0 9.6 2147.8 0.0485523120 -0.8561484218 -0.5144439340 0.9562814236 0.1885554343 -0.2235457450 0.2883895338 -0.4810995162 0.8278736472
78.1 262.4 2157.0 0.0968781188 0.7078245878 0.6997135282 -0.9934191704 0.1119231954 0.0243222229 -0.0610983074 -0.6974651217 0.7140094042
104.6 -9.6 2140.2 -0.0631081015 0.7122638226 0.6990691423 -0.9536014199 0.1635819823 -0.2527554035 -0.2943836451 -0.6825842261 0.6688923836
-163.2 -120.8 2170.7 0.8982741237 0.0033699134 -0.4394225776 -0.0035996165 0.9999934435 0.0003105191 0.4394207597 0.0013028216 0.8982804418
-164.5 -512.5 2170.2 0.8973903656 0.0439753160 -0.4390406311 -0.0318099931 0.9988798499 0.0350310951 0.4400893450 -0.0174706876 0.8977840543
17.3 -124.5 2180.0 0.9306524992 -0.0355071165 0.3641773462 0.0479188114 0.9985358119 -0.0250994004 -0.3627529442 0.0408097655 0.9309913516
31.2 -515.6 2164.0 0.9313439727 0.0175730065 0.3637163639 -0.0138280662 0.9998211861 -0.0128979031 -0.3638779819 0.0069828904 0.9314204454
-261.5 -257.1 2067.3 0 0 0 0 0 0 0 0 0
86.9 -278.2 2057.3 0 0 0 0 0 0 0 0 0
-181.1 -888.5 2176.8 0 0 0 0 0 0 0 0 0
24.5 -892.1 2161.4 0 0 0 0 0 0 0 0 0
-57.1 467.9 2137.0 7 0.9986717701 0.0332927853 -0.0393224247 -0.0304827392 0.9970797896 0.0700188801 0.0415387191 -0.0687272251 0.9967703223
-63.9 265.6 2150.9 0.9986717701 0.0332927853 -0.0393224247 -0.0304827392 0.9970797896 0.0700188801 0.0415387191 -0.0687272251 0.9967703223
-69.8 70.2 2162.9 0.9987512231 0.0304892641 -0.0395773724 -0.0279979073 0.9976805449 0.0620455667 0.0413772948 -0.0608600006 0.9972882867
-206.2 269.6 2145.0 0.1579465121 -0.8561522365 -0.4919921458 0.9873811603 0.1311521977 0.0887558088 -0.0114626316 -0.4998024404 0.8660635948
-247.6 10.8 2148.0 0.0516615584 -0.8545988202 -0.5167126060 0.9553784728 0.1929713190 -0.2236382812 0.2908317149 -0.4821025729 0.8264344931
78.5 261.6 2156.8 0.0917148665 0.7107543945 0.6974357367 -0.9941320419 0.1056967303 0.0230161324 -0.0573578589 -0.6954541206 0.7162775993
103.5 -9.9 2141.2 -0.0474623665 0.7164952755 0.6959754229 -0.9517134428 0.1791259646 -0.2493097782 -0.3032965660 -0.6742020249 0.6733964682
-166.2 -122.0 2171.9 0.8967779875 -0.0053670923 -0.4424481988 0.0005193859 0.9999384880 -0.0110769775 0.4424804449 0.0097037880 0.8967256546
-164.1 -513.6 2168.1 0.8956760764 0.0492536798 -0.4419710934 -0.0307025220 0.9983251095 0.0490341410 0.4436459243 -0.0303490795 0.8956881166
14.3 -127.0 2178.7 0.9314796329 -0.0452787913 0.3609646559 0.0575989746 0.9980645776 -0.0234402902 -0.3592046797 0.0426253453 0.9322848916
32.1 -517.9 2162.0 0.9324602485 0.0290506165 0.3601026833 -0.0289424174 0.9995648861 -0.0056937132 -0.3601113856 -0.0051130806 0.9328953028
-262.0 -255.7 2066.9 0 0 0 0 0 0 0 0 0
90.1 -277.9 2055.7 0 0 0 0 0 0 0 0 0
-182.7 -889.5 2179.5 0 0 0 0 0 0 0 0 0
21.1 -894.3 2164.0 0 0 0 0 0 0 0 0 0
-57.2 467.1 2136.6 8 0.9985683560 0.0326715708 -0.0423528291 -0.0296223890 0.9970558882 0.0707249567 0.0445388332 -0.0693691149 0.9965963364
-63.8 264.9 2150.7 0.9985683560 0.0326715708 -0.0423528291 -0.0296223890 0.9970558882 0.0707249567 0.0445388332 -0.0693691149 0.9965963364
-69.6 69.5 2162.7 0.9986523390 0.0296344776 -0.0426057354 -0.0269335117 0.9976734519 0.0626280680 0.0443625636 -0.0613961481 0.9971271157
-206.1 268.8 2144.4 0.1600918621 -0.8547326922 -0.4937637746 0.9869680405 0.1303598136 0.0943421945 -0.0162704028 -0.5024324656 0.8644633293
-248.1 10.1 2148.6 0.0472622663 -0.8534530997 -0.5190222859 0.9547980428 0.1912596226 -0.2275532335 0.2934740186 -0.4848067760 0.8239147067
78.5 261.1 2157.0 0.0931892842 0.7126599550 0.6952924132 -0.9940201044 0.1065156609 0.0240511373 -0.0569192469 -0.6933759451 0.7183244824
104.0 -11.1 2141.4 -0.0460745506 0.7186616659 0.6938317418 -0.9499965906 0.1832172424 -0.2528593838 -0.3088423014 -0.6707882285 0.6742845178
-166.1 -122.7 2171.0 0.8954456449 -0.0064247763 -0.4451244473 0.0036260870 0.9999679327 -0.0071386923 0.4451560378 0.0047782511 0.8954402804
-163.5 -514.4 2169.2 0.8940269351 0.0519896857 -0.4449864328 -0.0401149765 0.9985438585 0.0360687710 0.4462136626 -0.0143958339 0.8948106766
14.5 -127.7 2178.5 0.9324923754 -0.0426505841 0.3586626947 0.0581308007 0.9977803826 -0.0324834734 -0.3564811647 0.0511399396 0.9329018593
31.2 -518.6 2158.5 0.9341184497 0.0219359025 0.3562885523 -0.0288098473 0.9994869232 0.0139975352 -0.3557986915 -0.0233399738 0.9342710972
-261.3 -256.2 2066.8 0 0 0 0 0 0 0 0 0
91.0 -278.7 2054.4 0 0 0 0 0 0 0 0 0
-183.1 -890.3 2174.6 0 0 0 0 0 0 0 0 0
22.9 -894.9 2167.3 0 0 0 0 0 0 0 0 0
-56.1 466.7 2137.0 9 0.9986735582 0.0379844233 -0.0347605683 -0.0355185047 0.9969841838 0.0690000132 0.0372766629 -0.0676738471 0.9970108867
-63.8 264.3 2150.7 0.9986735582 0.0379844233 -0.0347605683 -0.0355185047 0.9969841838 0.0690000132 0.0372766629 -0.0676738471 0.9970108867
-70.6 68.9 2162.5 0.9987854362 0.0346412733 -0.0350374728 -0.0324459262 0.9975860119 0.0613951497 0.0370796993 -0.0601837598 0.9974983931
-206.1 268.9 2145.4 0.1616565734 -0.8575089574 -0.4884112179 0.9868147373 0.1364589185 0.0870380402 -0.0079878336 -0.4960416555 0.8682619929
-248.9 8.1 2147.5 0.0442545228 -0.8563674688 -0.5144670606 0.9549098611 0.1875934899 -0.2301214039 0.2935791314 -0.4810857177 0.8260555863
78.5 259.7 2156.0 0.1015614718 0.7073951960 0.6994835734 -0.9932262897 0.1119997278 0.0309449043 -0.0564516932 -0.6978882551 0.7139784098
106.3 -12.2 2140.5 -0.0542874746 0.7128718495 0.6991899014 -0.9502148032 0.1782846302 -0.2555512488 -0.3068301082 -0.6782538295 0.6677027941
-165.7 -123.4 2170.7 0.8986409903 -0.0055049099 -0.4386503100 0.0020723965 0.9999634027 -0.0083035799 0.4386799634 0.0065528792 0.8986194730
-163.5 -515.1 2168.2 0.8974776864 0.0480668917 -0.4384328723 -0.0348581783 0.9986645579 0.0381318666 0.4396802485 -0.0189395268 0.8979546428
14.8 -128.3 2178.8 0.9300488234 -0.0419128425 0.3650377095 0.0571190976 0.9978874326 -0.0309536494 -0.3629691899 0.0496390313 0.9304780364
31.3 -519.2 2159.3 0.9314309955 0.0251548253 0.3630475402 -0.0306436196 0.9994865060 0.0093665691 -0.3626254797 -0.0198494028 0.9317235351
-261.2 -258.2 2065.6 0 0 0 0 0 0 0 0 0
91.0 -279.9 2054.1 0 0 0 0 0 0 0 0 0
-181.6 -891.2 2175.3 0 0 0 0 0 0 0 0 0
21.8 -895.6 2166.8 0 0 0 0 0 0 0 0 0
-56.6 467.7 2137.1 0 0.9982965589 0.0388432331 -0.0435335711 -0.0357166827 0.9968770742 0.0704303607 0.0461333580 -0.0687555075 0.9965662956
-64.5 265.6 2151.1 0.9982965589 0.0388432331 -0.0435335711 -0.0357166827 0.9968770742 0.0704303607 0.0461333580 -0.0687555075 0.9965662956
-71.5 70.2 2162.9 0.9983969927 0.0357975177 -0.0438408479 -0.0330337621 0.9975156188 0.0622199178 0.0459592491 -0.0606719516 0.9970991015
-206.8 270.3 2144.5 0.1575957835 -0.8540099859 -0.4958129525 0.9874338508 0.1303092092 0.0894087926 -0.0117470035 -0.5036729574 0.8638145328
-248.5 8.8 2147.6 0.0423225127 -0.8529967070 -0.5201975107 0.9554727077 0.1867404878 -0.2284728736 0.2920285463 -0.4873649776 0.8229184151
77.8 260.9 2157.6 0.1027744636 0.7129315734 0.6936613321 -0.9927023649 0.1177382693 0.0260719825 -0.0630829409 -0.6912787557 0.7198293209
106.1 -12.5 2140.2 -0.0464368984 0.7175171971 0.6949911118 -0.9513092637 0.1804699302 -0.2498825192 -0.3047200143 -0.6727552414 0.6742002964
-167.7 -123.5 2170.9 0.8946807981 -0.0112311281 -0.4465648234 0.0064385901 0.9999042749 -0.0122480989 0.4466596246 0.0080828909 0.8946674466
-163.3 -515.2 2167.8 0.8932778835 0.0510238260 -0.4465996325 -0.0396848544 0.9986090660 0.0347139798 0.4477497041 -0.0132859880 0.8940602541
12.9 -129.4 2177.6 0.9332354665 -0.0453040078 0.3563973904 0.0569438860 0.9981298447 -0.0222301632 -0.3547237515 0.0410406291 0.9340699911
30.7 -520.4 2161.6 0.9346634746 0.0126520926 0.3553084731 -0.0134768821 0.9999091625 -0.0001536510 -0.3552781343 -0.0046448386 0.9347490668
-260.3 -257.7 2066.2 0 0 0 0 0 0 0 0 0
93.0 -280.5 2054.4 0 0 0 0 0 0 0 0 0
-182.5 -891.3 2172.8 0 0 0 0 0 0 0 0 0
25.9 -896.9 2163.3 0 0 0 0 0 0 0 0 0
-56.7 468.4 2136.7 1 0.9981868267 0.0357217938 -0.0484456383 -0.0322323740 0.9969561696 0.0709894747 0.0508340485 -0.0692992359 0.9962999225
-64.0 266.2 2150.7 0.9981868267 0.0357217938 -0.0484456383 -0.0322323740 0.9969561696 0.0709894747 0.0508340485 -0.0692992359 0.9962999225
-70.5 70.9 2162.9 0.9982646704 0.0331119895 -0.0486957729 -0.0299778096 0.9975160956 0.0637417585 0.0506854318 -0.0621713549 0.9967776537
-206.2 270.5 2143.5 0.1577533633 -0.8519678712 -0.4992641211 0.9873291254 0.1272894144 0.0947554559 -0.0171775632 -0.5078859925 0.8612530231
-247.8 10.7 2148.0 0.0507505350 -0.8505200148 -0.5234884024 0.9539934993 0.1963756382 -0.2265680134 0.2955009937 -0.4879060686 0.8213567138
78.3 262.0 2158.0 0.1026427522 0.7160356045 0.6904762983 -0.9928248525 0.1165544391 0.0267194547 -0.0613459945 -0.6882645488 0.7228613496
106.7 -12.9 2141.0 -0.0523536950 0.7207421064 0.6912235022 -0.9503984451 0.1765493155 -0.2560726106 -0.3065973520 -0.6703440547 0.6757491827
-168.8 -122.2 2170.7 0.8924886584 -0.0124529582 -0.4508979321 0.0148714678 0.9998877645 0.0018209347 0.4508246481 -0.0083306776 0.8925736547
-163.9 -513.8 2173.9 0.8910764456 0.0525120012 -0.4508050978 -0.0612640791 0.9981098771 -0.0048318701 0.4496992826 0.0319237262 0.8926093578
11.7 -128.1 2179.0 0.9344566464 -0.0506190509 0.3524606824 0.0643065050 0.9975587130 -0.0272261929 -0.3502220511 0.0481072105 0.9354304671
31.6 -518.9 2160.1 0.9363029003 0.0192366540 0.3506662250 -0.0222684741 0.9997413754 0.0046150954 -0.3504867554 -0.0121299289 0.9364891648
-261.9 -255.4 2065.6 0 0 0 0 0 0 0 0 0
92.0 -280.7 2054.6 0 0 0 0 0 0 0 0 0
-183.7 -889.3 2161.9 0 0 0 0 0 0 0 0 0
24.3 -895.4 2164.7 0 0 0 0 0 0 0 0 0
-56.8 472.3 2137.0 2 0.9984211922 0.0331373997 -0.0453542508 -0.0297554135 0.9968649745 0.0733134300 0.0476414785 -0.0718481466 0.9962771535
-63.6 270.3 2151.5 0.9984211922 0.0331373997 -0.0453542508 -0.0297554135 0.9968649745 0.0733134300 0.0476414785 -0.0718481466 0.9962771535
-69.5 74.9 2163.9 0.9985024929 0.0301708747 -0.0456345342 -0.0271949489 0.9975481629 0.0644835457 0.0474681705 -0.0631459579 0.9968748093
-205.9 274.1 2144.8 0.1567758173 -0.8532097340 -0.4974479675 0.9875599146 0.1292492002 0.0895547792 -0.0121142576 -0.5052996874 0.8628588915
-247.6 11.3 2148.0 0.0496802591 -0.8517812490 -0.5215367675 0.9560126066 0.1916984022 -0.2220172286 0.2890878618 -0.4875658154 0.8238372207
78.7 266.4 2158.3 0.1007385775 0.7138199210 0.6930460334 -0.9930645227 0.1145847738 0.0263287164 -0.0606185608 -0.6908917427 0.7204123735
107.1 -12.8 2141.3 -0.0627284497 0.7187537551 0.6924291849 -0.9495047331 0.1707274318 -0.2632355094 -0.3074181676 -0.6739771366 0.6717506051
-167.2 -121.8 2170.5 0.8940330744 -0.0063469540 -0.4479560256 0.0056813615 0.9999798536 -0.0028295207 0.4479649663 -0.0000153151 0.8940511346
-164.7 -513.5 2170.5 0.8922362924 0.0566873290 -0.4479966164 -0.0555209294 0.9983333349 0.0157480203 0.4481426775 0.0108222347 0.8938965201
13.3 -127.2 2179.7 0.9331820011 -0.0504489057 0.3558458984 0.0656516477 0.9973680973 -0.0307683833 -0.3533571362 0.0520743690 0.9340379834
33.1 -517.9 2159.3 0.9345985055 0.0405478887 0.3533858061 -0.0477055013 0.9987944961 0.0115637938 -0.3524909019 -0.0276659522 0.9354062080
-261.5 -255.4 2067.4 0 0 0 0 0 0 0 0 0
89.4 -280.3 2054.7 0 0 0 0 0 0 0 0 0
-186.0 -889.2 2166.5 0 0 0 0 0 0 0 0 0
17.8 -893.9 2169.7 0 0 0 0 0 0 0 0 0
-56.1 472.1 2137.6 3 0.9983609915 0.0346343704 -0.0455602407 -0.0313211419 0.9969467521 0.0715276375 0.0478984490 -0.0699834079 0.9963975549
-63.1 269.4 2151.9 0.9983609915 0.0346343704 -0.0455602407 -0.0313211419 0.9969467521 0.0715276375 0.0478984490 -0.0699834079 0.9963975549
-69.2 74.0 2164.0 0.9984630346 0.0311754607 -0.0458217040 -0.0282288585 0.9975759387 0.0636034012 0.0476934947 -0.0622121505 0.9969227314
-205.4 273.4 2145.1 0.1589780748 -0.8530653119 -0.4969965219 0.9871730804 0.1298694760 0.0928612873 -0.0146720624 -0.5053845048 0.8627695441
-247.1 14.8 2148.9 0.0479351617 -0.8517262340 -0.5217899084 0.9572700858 0.1883276403 -0.2194689810 0.2851949334 -0.4889735878 0.8243595362
79.2 265.4 2158.7 0.0979614928 0.7142170668 0.6930350065 -0.9932693839 0.1134141237 0.0235195179 -0.0618019179 -0.6906744242 0.7205201983
106.4 -10.8 2141.5 -0.0700374693 0.7188040614 0.6916758418 -0.9502894878 0.1628044695 -0.2654139102 -0.3033885360 -0.6758812070 0.6716695428
-165.6 -118.0 2172.0 0.8939456344 -0.0029040712 -0.4481659532 -0.0005279006 0.9999715090 -0.0075327069 0.4481750727 0.0069704177 0.8939186335
-164.5 -509.7 2169.3 0.8924153447 0.0528700054 -0.4481067359 -0.0509002991 0.9985682964 0.0164472144 0.4483347535 0.0081310207 0.8938287497
14.9 -123.0 2180.6 0.9333684444 -0.0455572829 0.3560166359 0.0643640831 0.9970775843 -0.0411533155 -0.3531013727 0.0613258928 0.9335730076
32.7 -513.5 2156.6 0.9349808097 0.0373094268 0.3527306616 -0.0464245267 0.9987699986 0.0174141582 -0.3516470790 -0.0326572582 0.9355628490
-260.4 -252.2 2069.4 0 0 0 0 0 0 0 0 0
86.7 -278.6 2056.0 0 0 0 0 0 0 0 0 0
-184.4 -885.7 2166.2 0 0 0 0 0 0 0 0 0
18.7 -889.6 2168.9 0 0 0 0 0 0 0 0 0
-56.4 474.5 2138.0 4 0.9980032444 0.0365293697 -0.0515281707 -0.0327598453 0.9968525171 0.0721928552 0.0540031493 -0.0703606531 0.9960587621
-63.8 272.3 2152.2 0.9980032444 0.0365293697 -0.0515281707 -0.0327598453 0.9968525171 0.0721928552 0.0540031493 -0.0703606531 0.9960587621
-70.5 76.9 2164.5 0.9980783463 0.0340021774 -0.0518024266 -0.0306363348 0.9974513054 0.0644382387 0.0538614355 -0.0627273694 0.9965762496
-206.1 276.6 2144.6 0.1561249197 -0.8507086635 -0.5019161701 0.9875596166 0.1248028800 0.0956569538 -0.0187356155 -0.5106065273 0.8596103191
-247.6 14.1 2149.5 0.0445475541 -0.8496088982 -0.5255285501 0.9569473267 0.1873238981 -0.2217241973 0.2868228853 -0.4930258393 0.8213757873
78.4 267.9 2159.9 0.0961412638 0.7183673978 0.6889884472 -0.9931962490 0.1149319783 0.0187575854 -0.0657119676 -0.6861041188 0.7245295048
105.3 -9.8 2141.5 -0.0686258301 0.7221104503 0.6883653998 -0.9527409673 0.1572357118 -0.2599261701 -0.2959310412 -0.6736716032 0.6771937609
-165.6 -118.8 2171.9 0.8911662698 -0.0022241315 -0.4536714554 -0.0029058184 0.9999395013 -0.0106102424 0.4536676109 0.0107737770 0.8911058307
-164.7 -510.5 2167.7 0.8902514577 0.0419772044 -0.4535308778 -0.0370933078 0.9991183281 0.0196631011 0.4539564252 -0.0006821442 0.8910236359
14.9 -123.9 2180.5 0.9357603788 -0.0435263366 0.3499400020 0.0599726178 0.9975399971 -0.0362940431 -0.3474994004 0.0549493432 0.9360687733
32.0 -514.7 2159.0 0.9370883107 0.0294398516 0.3478487730 -0.0331987254 0.9994370341 0.0048494111 -0.3475101888 -0.0160924625 0.9375380874
-260.0 -252.9 2069.5 0 0 0 0 0 0 0 0 0
86.0 -278.2 2058.2 0 0 0 0 0 0 0 0 0
-180.5 -886.7 2168.0 0 0 0 0 0 0 0 0 0
20.9 -891.0 2165.1 0 0 0 0 0 0 0 0 0
-56.3 473.8 2131.6 5 0.9970695376 0.0405625477 -0.0648617521 -0.0345815197 0.9952672124 0.0908146054 0.0682384446 -0.0883054584 0.9937533140
-64.6 270.2 2149.7 0.9970695376 0.0405625477 -0.0648617521 -0.0345815197 0.9952672124 0.0908146054 0.0682384446 -0.0883054584 0.9937533140
-71.7 75.0 2164.7 0.9972047806 0.0362915136 -0.0653115660 -0.0310769919 0.9963775873 0.0791578740 0.0679477379 -0.0769069269 0.9947202802
-206.7 274.6 2140.0 0.1540258229 -0.8445140719 -0.5129055381 0.9873487353 0.1117655560 0.1124761179 -0.0376624912 -0.5237408876 0.8510446548
-246.9 17.2 2149.8 0.0438090339 -0.8436669111 -0.5350765586 0.9581979513 0.1870575547 -0.2164859176 0.2827321291 -0.5032252073 0.8165947199
77.5 265.7 2159.4 0.0957761705 0.7269523740 0.6799758077 -0.9934036136 0.1130799800 0.0190310162 -0.0630570129 -0.6773131490 0.7329875231
103.9 -7.9 2142.0 -0.0641233400 0.7305029631 0.6798923612 -0.9538473487 0.1554157138 -0.2569458485 -0.2933656573 -0.6649897695 0.6868225336
-167.3 -115.7 2171.9 0.8848450780 -0.0118048890 -0.4657357633 0.0087587386 0.9999237657 -0.0087042106 0.4658030272 0.0036226206 0.8848810196
-162.7 -507.3 2170.5 0.8830373883 0.0565966256 -0.4658774436 -0.0582790114 0.9982418418 0.0108066518 0.4656699896 0.0176081993 0.8847832680
13.1 -121.2 2181.7 0.9402821064 -0.0458374992 0.3372959197 0.0586698167 0.9978862405 -0.0279445089 -0.3353020549 0.0460648090 0.9409838319
31.1 -512.1 2163.6 0.9414272904 0.0150464131 0.3368801475 -0.0091171721 0.9997745752 -0.0191755630 -0.3370927274 0.0149810044 0.9413522482
-259.1 -250.1 2071.0 0 0 0 0 0 0 0 0 0
85.8 -276.6 2059.4 0 0 0 0 0 0 0 0 0
-184.0 -883.2 2163.9 0 0 0 0 0 0 0 0 0
25.4 -888.4 2158.0 0 0 0 0 0 0 0 0 0
-56.2 475.0 2133.9 6 0.9971103072 0.0404480472 -0.0643040612 -0.0348192155 0.9956548214 0.0863661990 0.0675179884 -0.0838776082 0.9941860437
-64.5 271.9 2151.1 0.9971103072 0.0404480472 -0.0643040612 -0.0348192155 0.9956548214 0.0863661990 0.0675179884 -0.0838776082 0.9941860437
-71.8 76.6 2165.2 0.9972041845 0.0372622795 -0.0647714287 -0.0324121043 0.9967028499 0.0743836537 0.0673295707 -0.0720763057 0.9951239824
-206.6 276.5 2141.5 0.1534837484 -0.8441560268 -0.5136568546 0.9878516793 0.1182806045 0.1007908285 -0.0243275464 -0.5228865147 0.8520550728
-247.7 12.1 2148.0 0.0423595794 -0.8432560563 -0.5358403325 0.9584994316 0.1856401563 -0.2163714617 0.2819300294 -0.5044372082 0.8161240816
77.6 267.2 2160.7 0.0852807015 0.7272860408 0.6810155511 -0.9939321280 0.1097555310 0.0072532305 -0.0694700554 -0.6775018573 0.7322329879
101.4 -9.0 2141.3 -0.0512632877 0.7313483953 0.6800746918 -0.9547207355 0.1639354080 -0.2482609898 -0.2930535972 -0.6620081067 0.6898295879
-169.0 -117.3 2173.7 0.8850042224 -0.0174757652 -0.4652549028 0.0101735331 0.9997825623 -0.0182015188 0.4654718339 0.0113751348 0.8849896193
-162.2 -508.9 2169.2 0.8825510144 0.0659130365 -0.4655740559 -0.0610511415 0.9978079796 0.0255336668 0.4662365317 0.0058890642 0.8846405149
11.3 -122.9 2185.9 0.9396582842 -0.0504808910 0.3383695483 0.0703885555 0.9964204431 -0.0468156599 -0.3347950578 0.0678080693 0.9398480654
31.0 -513.1 2159.4 0.9420319200 0.0150585435 0.3351851702 -0.0183114409 0.9998108745 0.0065464280 -0.3350231946 -0.0123046674 0.9421295524
-259.5 -255.3 2069.3 0 0 0 0 0 0 0 0 0
86.9 -278.0 2058.8 0 0 0 0 0 0 0 0 0
-187.0 -884.6 2167.0 0 0 0 0 0 0 0 0 0
25.4 -889.4 2164.0 0 0 0 0 0 0 0 0 0
-56.9 475.2 2135.6 7 0.9976152778 0.0381395258 -0.0575247705 -0.0333604738 0.9960849285 0.0818653777 0.0604218617 -0.0797511041 0.9949818850
-64.7 272.8 2151.8 0.9976152778 0.0381395258 -0.0575247705 -0.0333604738 0.9960849285 0.0818653777 0.0604218617 -0.0797511041 0.9949818850
-71.4 77.6 2165.5 0.9977267981 0.0344842486 -0.0578971580 -0.0303005520 0.9969698191 0.0716457218 0.0601923689 -0.0697285458 0.9957483411
-206.9 277.2 2143.2 0.1516246200 -0.8480179310 -0.5078144670 0.9881774783 0.1182520017 0.0975793600 -0.0226989668 -0.5166062713 0.8559221625
-247.1 14.8 2149.3 0.0410180986 -0.8471931815 -0.5296991467 0.9579528570 0.1840219647 -0.2201414853 0.2839786410 -0.4983970225 0.8191193938
77.5 268.5 2160.4 0.0927000046 0.7222390771 0.6854031682 -0.9934774041 0.1129988730 0.0152948881 -0.0664032176 -0.6823503375 0.7280031443
103.5 -9.6 2141.8 -0.0580120198 0.7262665033 0.6849610209 -0.9534449577 0.1630818248 -0.2536671758 -0.2959346771 -0.6677883863 0.6829944253
-169.2 -115.6 2173.2 0.8883249760 -0.0109904883 -0.4590838552 0.0061282944 0.9999082685 -0.0120796310 0.4591744840 0.0079172365 0.8883107901
-164.9 -507.3 2170.1 0.8870322704 0.0481115617 -0.4591938555 -0.0430281647 0.9988417625 0.0215344038 0.4596980512 0.0006565573 0.8880750537
11.1 -121.5 2185.4 0.9372968078 -0.0541814938 0.3442949951 0.0697880611 0.9970129132 -0.0330892950 -0.3414737284 0.0550421700 0.9382782578
32.3 -512.0 2163.8 0.9388438463 0.0297399648 0.3430564702 -0.0273724142 0.9995563626 -0.0117425201 -0.3432534933 0.0016341085 0.9392414093
-258.6 -252.4 2070.0 0 0 0 0 0 0 0 0 0
87.1 -278.2 2058.4 0 0 0 0 0 0 0 0 0
-183.0 -883.4 2169.9 0 0 0 0 0 0 0 0 0
21.1 -888.2 2163.2 0 0 0 0 0 0 0 0 0
-56.5 473.4 2136.9 8 0.9972298145 0.0403521322 -0.0624850802 -0.0354635902 0.9963645339 0.0774598047 0.0653835833 -0.0750292838 0.9950354695
-64.7 271.5 2152.1 0.9972298145 0.0403521322 -0.0624850802 -0.0354635902 0.9963645339 0.0774598047 0.0653835833 -0.0750292838 0.9950354695
-71.9 76.2 2165.2 0.9973445535 0.0368542708 -0.0628139377 -0.0325011089 0.9970892668 0.0689686984 0.0651728958 -0.0667440295 0.9956393838
-206.8 276.1 2142.9 0.1537659913 -0.8459596038 -0.5105960965 0.9876668453 0.1161599681 0.1049810871 -0.0294989347 -0.5204413533 0.8533877134
-247.0 17.8 2150.6 0.0477889515 -0.8448243737 -0.5329052806 0.9565628767 0.1923130006 -0.2190962881 0.2875824869 -0.4992870092 0.8173180223
77.5 266.9 2161.4 0.0970724300 0.7254673243 0.6813766360 -0.9928585887 0.1182850450 0.0155086881 -0.0693456233 -0.6780160666 0.7317686677
104.5 -9.4 2142.1 -0.0607790500 0.7286959887 0.6821349263 -0.9538947344 0.1588345021 -0.2546693683 -0.2939231098 -0.6661634445 0.6854454279
-168.4 -114.9 2173.7 0.8859792948 -0.0120355245 -0.4635685682 0.0040044999 0.9998244643 -0.0183047522 0.4637075067 0.0143612707 0.8858719468
-163.7 -506.6 2168.1 0.8844908476 0.0518633053 -0.4636659920 -0.0461995862 0.9986540079 0.0235738382 0.4642645419 0.0005703323 0.8856964111
12.0 -120.4 2184.6 0.9392209649 -0.0529644713 0.3392031789 0.0676845908 0.9972028732 -0.0317050740 -0.3365751505 0.0527369007 0.9401786923
32.7 -511.0 2163.9 0.9404775500 0.0366950259 0.3378690183 -0.0359981023 0.9993171096 -0.0083303312 -0.3379439712 -0.0043281540 0.9411562681
-260.3 -249.0 2070.4 0 0 0 0 0 0 0 0 0
87.4 -278.1 2059.3 0 0 0 0 0 0 0 0 0
-183.2 -882.7 2167.8 0 0 0 0 0 0 0 0 0
18.9 -887.3 2165.5 0 0 0 0 0 0 0 0 0
-56.3 473.7 2130.6 9 0.9978931546 0.0423248932 -0.0491713136 -0.0375317186 0.9948060513 0.0946164727 0.0529205501 -0.0925716460 0.9942986965
-64.9 270.1 2149.6 0.9978931546 0.0423248932 -0.0491713136 -0.0375317186 0.9948060513 0.0946164727 0.0529205501 -0.0925716460 0.9942986965
-72.6 75.1 2165.7 0.9980009198 0.0391783938 -0.0495900288 -0.0348995589 0.9958214760 0.0843897536 0.0526890717 -0.0824903846 0.9951980710
-207.2 275.1 2142.0 0.1527521908 -0.8515161872 -0.5015844703 0.9878066182 0.1161059961 0.1037183255 -0.0300808735 -0.5113116503 0.8588687778
-247.0 17.4 2149.9 0.0531519502 -0.8499859571 -0.5241171122 0.9570657611 0.1931347400 -0.2161576003 0.2849561572 -0.4901253581 0.8237579465
77.3 265.1 2157.1 0.0937237293 0.7166819572 0.6910736561 -0.9938825965 0.1080830693 0.0227026381 -0.0584227890 -0.6889738441 0.7224277258
103.2 -9.5 2140.9 -0.0538191274 0.7210400701 0.6908000708 -0.9553939104 0.1640012562 -0.2456136793 -0.2903893888 -0.6732048988 0.6800508499
-169.2 -116.1 2172.4 0.8919404149 -0.0128485085 -0.4519703686 0.0103863860 0.9999146461 -0.0079283388 0.4520336390 0.0023772672 0.8919976950
-164.2 -507.8 2171.5 0.8901302218 0.0572451241 -0.4520964026 -0.0618125871 0.9980767965 0.0046755015 0.4514946043 0.0237834435 0.8919568062
11.1 -122.0 2184.2 0.9343466163 -0.0561219417 0.3519186676 0.0709581822 0.9970461726 -0.0293913558 -0.3492296636 0.0524332225 0.9355690479
33.0 -512.6 2163.6 0.9355614185 0.0414746292 0.3507202864 -0.0407847129 0.9991241693 -0.0093570268 -0.3508011699 -0.0055499538 0.9364334941
-261.8 -249.6 2070.4 0 0 0 0 0 0 0 0 0
88.0 -278.6 2059.1 0 0 0 0 0 0 0 0 0
-185.8 -883.6 2162.5 0 0 0 0 0 0 0 0 0
17.4 -888.8 2165.7 0 0 0 0 0 0 0 0 0
-55.5 472.4 2127.9 0 0.9985600114 0.0458691791 -0.0278196987 -0.0429394096 0.9942536354 0.0980607644 0.0321578011 -0.0967249945 0.9947915077
-64.8 269.7 2147.7 0.9985600114 0.0458691791 -0.0278196987 -0.0429394096 0.9942536354 0.0980607644 0.0321578011 -0.0967249945 0.9947915077
-73.5 74.8 2164.7 0.9986230135 0.0441961773 -0.0282633547 -0.0415480547 0.9952305555 0.0882606879 0.0320293382 -0.0869648680 0.9956963658
-207.1 275.6 2143.1 0.1571999043 -0.8604214191 -0.4847300053 0.9872693419 0.1248737574 0.0985179096 -0.0242368598 -0.4940460920 0.8690978289
-248.6 15.0 2149.5 0.0446252637 -0.8592740297 -0.5095652938 0.9590526819 0.1796533018 -0.2189580798 0.2796900570 -0.4789288938 0.8321061134
77.5 263.8 2152.2 0.0859841928 0.7039285302 0.7050470710 -0.9955225587 0.0885926634 0.0329570957 -0.0392625630 -0.7047240734 0.7083942890
101.1 -10.3 2141.4 -0.0382686183 0.7109001875 0.7022510171 -0.9548308849 0.1812249869 -0.2354897857 -0.2946751416 -0.6795428395 0.6718542576
-170.5 -116.8 2177.1 0.9012008905 -0.0149573404 -0.4331434369 0.0075440900 0.9997942448 -0.0188286882 0.4333359599 0.0137007572 0.9011282921
-164.6 -508.4 2171.7 0.8999083042 0.0488304384 -0.4333366156 -0.0549658835 0.9984868765 -0.0016331488 0.4326011837 0.0252884142 0.9012306929
10.0 -123.1 2186.6 0.9267409444 -0.0550679155 0.3716432750 0.0745648816 0.9964810014 -0.0382845700 -0.3682272136 0.0631914139 0.9275858998
31.5 -513.4 2161.9 0.9289515018 0.0207435433 0.3696198463 -0.0202068854 0.9997816682 -0.0053238384 -0.3696495593 -0.0025232784 0.9291678071
-261.1 -252.5 2071.5 0 0 0 0 0 0 0 0 0
90.4 -279.3 2058.4 0 0 0 0 0 0 0 0 0
-183.0 -884.4 2162.2 0 0 0 0 0 0 0 0 0
23.7 -889.9 2162.8 0 0 0 0 0 0 0 0 0
-55.9 469.3 2127.6 1 0.9985351562 0.0375305302 -0.0389741771 -0.0335570835 0.9946176410 0.0980290025 0.0424434841 -0.0965775475 0.9944201112
-63.5 266.9 2147.3 0.9985351562 0.0375305302 -0.0389741771 -0.0335570835 0.9946176410 0.0980290025 0.0424434841 -0.0965775475 0.9944201112
-70.6 72.0 2164.4 0.9985752702 0.0360894427 -0.0393065885 -0.0324732624 0.9954982400 0.0890431628 0.0423431583 -0.0876398832 0.9952518940
-205.8 271.6 2141.2 0.1689900160 -0.8543961048 -0.4913752675 0.9850119948 0.1289250851 0.1145847216 -0.0345501378 -0.5033742189 0.8633775115
-249.9 14.8 2150.2 0.0397632197 -0.8535078168 -0.5195606351 0.9566373229 0.1826771796 -0.2268790454 0.2885549068 -0.4880096614 0.8237612844
78.8 262.3 2153.3 0.0759815052 0.7110601068 0.6990138292 -0.9961063862 0.0855633467 0.0212370306 -0.0447091535 -0.6979057193 0.7147927284
99.5 -10.1 2141.1 -0.0388120115 0.7182394266 0.6947127581 -0.9544280171 0.1792341918 -0.2386257201 -0.2959066629 -0.6723148227 0.6785513759
-172.3 -116.4 2178.8 0.8967242241 -0.0186980534 -0.4421945810 0.0098019121 0.9997011423 -0.0223947894 0.4424811602 0.0157475974 0.8966395259
-165.0 -508.0 2172.7 0.8957496285 0.0433036350 -0.4424447417 -0.0511117093 0.9986764789 -0.0057339910 0.4416108429 0.0277503282 0.8967774510
8.2 -123.9 2184.6 0.9299214482 -0.0625859350 0.3623936176 0.0801917613 0.9962086082 -0.0337295756 -0.3589086533 0.0604268387 0.9314146042
32.7 -514.1 2161.0 0.9321689606 0.0348604918 0.3603412509 -0.0359541774 0.9993466735 -0.0036697185 -0.3602337837 -0.0095349755 0.9328133464
-261.0 -252.1 2069.7 0 0 0 0 0 0 0 0 0
88.6 -279.0 2057.7 0 0 0 0 0 0 0 0 0
-181.3 -884.1 2162.2 0 0 0 0 0 0 0 0 0
19.5 -890.4 2164.6 0 0 0 0 0 0 0 0 0
-56.0 467.8 2132.4 2 0.9990904927 0.0324802250 -0.0276263040 -0.0302400496 0.9964972734 0.0779659599 0.0300618894 -0.0770596266 0.9965731502
-62.6 263.6 2148.2 0.9990904927 0.0324802250 -0.0276263040 -0.0302400496 0.9964972734 0.0779659599 0.0300618894 -0.0770596266 0.9965731502
-68.4 68.4 2162.4 0.9991785884 0.0295075979 -0.0277758669 -0.0274079535 0.9969438314 0.0731562302 0.0298496429 -0.0723348632 0.9969336390
-205.0 267.5 2144.0 0.1697676927 -0.8600779772 -0.4810870886 0.9852746129 0.1380675733 0.1008526534 -0.0203186199 -0.4911244214 0.8708524108
-249.4 10.2 2149.3 0.0375825912 -0.8592582345 -0.5101596713 0.9568670392 0.1781212687 -0.2295175940 0.2880851626 -0.4795290828 0.8288900852
79.7 259.7 2152.5 0.0774169043 0.7031537890 0.7068107128 -0.9959356189 0.0872728229 0.0222634450 -0.0460307375 -0.7056615353 0.7070522904
100.9 -12.5 2139.9 -0.0537582263 0.7100481987 0.7020980120 -0.9557664990 0.1670273244 -0.2420997620 -0.2891720533 -0.6840565801 0.6696611643
-167.9 -120.1 2177.8 0.9021422267 -0.0034159299 -0.4314252734 -0.0070862477 0.9997164607 -0.0227334015 0.4313805997 0.0235659480 0.9018622041
-166.6 -511.6 2168.6 0.9016534686 0.0319147818 -0.4312800765 -0.0294913035 0.9994892478 0.0123064946 0.4314525723 0.0016228190 0.9021341801
12.6 -125.9 2185.4 0.9261383414 -0.0514837354 0.3736537993 0.0730852857 0.9963605404 -0.0438660756 -0.3700354993 0.0679346547 0.9265304208
32.8 -516.2 2158.8 0.9282588363 0.0354423001 0.3702423275 -0.0426108539 0.9990289807 0.0111981193 -0.3694859147 -0.0261710938 0.9288676977
-259.8 -256.7 2068.9 0 0 0 0 0 0 0 0 0
85.8 -281.8 2058.4 0 0 0 0 0 0 0 0 0
-178.6 -887.9 2168.0 0 0 0 0 0 0 0 0 0
19.4 -892.4 2168.7 0 0 0 0 0 0 0 0 0
-56.1 468.6 2134.9 3 0.9989160299 0.0283768978 -0.0368983150 -0.0256011803 0.9969564080 0.0736375079 0.0388756171 -0.0726130530 0.9966022372
-61.9 265.3 2149.7 0.9989160299 0.0283768978 -0.0368983150 -0.0256011803 0.9969564080 0.0736375079 0.0388756171 -0.0726130530 0.9966022372
-66.6 70.0 2162.8 0.9990240335 0.0240509622 -0.0370484777 -0.0214943010 0.9974588752 0.0679251477 0.0385879986 -0.0670625195 0.9970023036
-204.3 268.4 2144.2 0.1756497771 -0.8551984429 -0.4876298010 0.9842704535 0.1430284232 0.1037040949 -0.0189426579 -0.4981752038 0.8668694496
-251.3 5.2 2149.2 0.0307710078 -0.8546456099 -0.5182991624 0.9562430382 0.1761139333 -0.2336303890 0.2909508944 -0.4884309173 0.8226680756
80.4 262.3 2155.2 0.0852851868 0.7083895802 0.7006501555 -0.9947651029 0.1002695113 0.0197086167 -0.0562924705 -0.6986631751 0.7132327557
104.3 -16.3 2139.4 -0.0722701550 0.7136515379 0.6967629194 -0.9538290501 0.1547380537 -0.2574224472 -0.2915256619 -0.6831966639 0.6695185900
-164.5 -124.4 2173.9 0.8982934356 0.0006041023 -0.4393956363 0.0006613027 0.9999960661 0.0027267996 0.4393955469 -0.0027400397 0.8982895017
-164.8 -515.9 2174.9 0.8971398473 0.0456903242 -0.4393773675 -0.0547028258 0.9984716773 -0.0078647416 0.4383465350 0.0310909580 0.8982681632
16.1 -129.3 2179.3 0.9302065969 -0.0411846265 0.3647183478 0.0546477884 0.9981495738 -0.0266652796 -0.3629452586 0.0447352715 0.9307360053
32.2 -520.1 2161.7 0.9308918715 0.0315239355 0.3639321029 -0.0303322580 0.9994994402 -0.0089909751 -0.3640333414 -0.0026692566 0.9313820601
-259.8 -261.6 2068.1 0 0 0 0 0 0 0 0 0
84.0 -285.0 2057.3 0 0 0 0 0 0 0 0 0
-182.0 -891.7 2163.2 0 0 0 0 0 0 0 0 0
20.3 -896.5 2162.8 0 0 0 0 0 0 0 0 0
-56.6 468.2 2136.1 4 0.9985530972 0.0258794613 -0.0471378304 -0.0222692210 0.9968920946 0.0755662918 0.0489469431 -0.0744072348 0.9960259795
-61.9 265.3 2151.2 0.9985530972 0.0258794613 -0.0471378304 -0.0222692210 0.9968920946 0.0755662918 0.0489469431 -0.0744072348 0.9960259795
-66.2 70.0 2164.4 0.9986363649 0.0220713038 -0.0473101102 -0.0188052934 0.9974806905 0.0684007853 0.0487006158 -0.0674178302 0.9965355396
-204.2 268.0 2144.3 0.1730157882 -0.8509394526 -0.4959512353 0.9846615195 0.1379271448 0.1068539470 -0.0225210991 -0.5068315268 0.8617509007
-250.1 6.8 2150.2 0.0333402380 -0.8502894044 -0.5252583623 0.9572327733 0.1782893389 -0.2278558314 0.2873913646 -0.4951977432 0.8198691607
80.4 262.7 2158.2 0.0931457207 0.7142729759 0.6936411262 -0.9936040640 0.1113504842 0.0187637731 -0.0638348162 -0.6909523606 0.7200763226
106.5 -15.2 2140.3 -0.0826159939 0.7175871730 0.6915513277 -0.9536034465 0.1446636617 -0.2640319765 -0.2895083129 -0.6812790036 0.6723420620
-161.6 -123.4 2172.5 0.8937742710 0.0080923392 -0.4484440088 -0.0048185191 0.9999527931 0.0084409378 0.4484911561 -0.0053834571 0.8937710524
-164.8 -515.0 2174.6 0.8923804164 0.0499592870 -0.4485100508 -0.0579149164 0.9983133674 -0.0040291431 0.4475522935 0.0295709521 0.8937687278
18.9 -127.3 2179.4 0.9341196418 -0.0315451995 0.3555635214 0.0453657210 0.9985017776 -0.0305967052 -0.3540656269 0.0447113775 0.9341511726
31.3 -518.3 2161.9 0.9348562360 0.0230103470 0.3542800248 -0.0259290338 0.9996576905 0.0034928580 -0.3540783823 -0.0124514597 0.9351328611
-259.4 -260.2 2070.1 0 0 0 0 0 0 0 0 0
83.2 -283.9 2058.7 0 0 0 0 0 0 0 0 0
-183.6 -890.9 2163.4 0 0 0 0 0 0 0 0 0
22.6 -894.8 2166.6 0 0 0 0 0 0 0 0 0
-56.0 468.1 2136.2 5 0.9982600212 0.0264411028 -0.0527042598 -0.0225095470 0.9970158339 0.0738425404 0.0544994585 -0.0725277141 0.9958762527
-61.4 265.3 2150.9 0.9982600212 0.0264411028 -0.0527042598 -0.0225095470 0.9970158339 0.0738425404 0.0544994585 -0.0725277141 0.9958762527
-66.0 69.9 2163.8 0.9983247519 0.0234906673 -0.0528761446 -0.0199251752 0.9975556135 0.0669763386 0.0543202162 -0.0658105686 0.9963524938
-203.7 268.2 2143.2 0.1712928265 -0.8487415314 -0.5002964735 0.9849137068 0.1348534524 0.1084415540 -0.0245721545 -0.5113241076 0.8590366244
-249.1 7.4 2149.7 0.0349079669 -0.8480398655 -0.5287814736 0.9572603703 0.1803780794 -0.2260892093 0.2871132493 -0.4982892573 0.8180915713
80.9 262.5 2158.7 0.0937953144 0.7181775570 0.6895095706 -0.9934626222 0.1127816960 0.0176717676 -0.0650725886 -0.6866595149 0.7240609527
107.0 -14.3 2140.5 -0.0817554668 0.7219057679 0.6871448755 -0.9509428144 0.1498999298 -0.2706247270 -0.2983685136 -0.6755605340 0.6742359996
-160.8 -123.7 2173.2 0.8911563754 0.0139610264 -0.4534813762 -0.0116684837 0.9999010563 0.0078530274 0.4535461664 -0.0017068355 0.8912311792
-166.3 -515.3 2173.9 0.8899210095 0.0477096960 -0.4536126256 -0.0554271750 0.9984557629 -0.0037251711 0.4527344406 0.0284575745 0.8911911845
19.7 -127.1 2182.0 0.9361146092 -0.0305324532 0.3503672481 0.0462110676 0.9982655644 -0.0364741795 -0.3486459255 0.0503348559 0.9359019399
31.7 -518.1 2162.3 0.9365737438 0.0251710918 0.3495655358 -0.0218921751 0.9996714592 -0.0133285075 -0.3497861922 0.0048303804 0.9368171096
-258.8 -259.6 2069.6 0 0 0 0 0 0 0 0 0
84.0 -282.2 2056.5 0 0 0 0 0 0 0 0 0
-184.3 -891.3 2163.2 0 0 0 0 0 0 0 0 0
22.2 -894.5 2160.5 0 0 0 0 0 0 0 0 0
-57.3 468.4 2137.2 6 0.9987546206 0.0205153115 -0.0454786308 -0.0174633190 0.9976323843 0.0665184110 0.0467355996 -0.0656413659 0.9967482090
-61.5 263.8 2150.7 0.9987546206 0.0205153115 -0.0454786308 -0.0174633190 0.9976323843 0.0665184110 0.0467355996 -0.0656413659 0.9967482090
-65.4 68.4 2163.0 0.9987632632 0.0199733265 -0.0455300771 -0.0170374233 0.9978055358 0.0639828593 0.0467081144 -0.0631280169 0.9969118237
-203.8 266.2 2144.0 0.1696215421 -0.8527021408 -0.4940927029 0.9852588773 0.1354245991 0.1045234874 -0.0222151019 -0.5045386553 0.8631032705
-248.3 7.9 2149.9 0.0372923128 -0.8518882394 -0.5223941803 0.9578016996 0.1795604825 -0.2244412899 0.2850002646 -0.4919801354 0.8226362467
80.8 261.4 2157.3 0.0958430842 0.7135711312 0.6939958930 -0.9938861132 0.1069956720 0.0272452440 -0.0548131391 -0.6923641562 0.7194632292
107.4 -14.4 2142.1 -0.0786705539 0.7186199427 0.6909387112 -0.9498056769 0.1564794034 -0.2708937228 -0.3027873337 -0.6775688529 0.6702389717
-160.9 -123.6 2171.8 0.8945914507 0.0119400444 -0.4467253685 -0.0107682869 0.9999287128 0.0051619527 0.4467551410 0.0001926282 0.8946562409
