20.0 496.2 2200.0 9 0.9945231676 -0.0273126103 0.1008847952 0.0270431358 0.9996261001 0.0040380042 -0.1009573638 -0.0012876474 0.9948899150
25.5 296.0 2200.3 0.9945231676 -0.0273126103 0.1008847952 0.0270431358 0.9996261001 0.0040380042 -0.1009573638 -0.0012876474 0.9948899150
30.6 97.2 2200.0 0.9945567250 -0.0257619061 0.1009618118 0.0257788822 0.9996670485 0.0011367491 -0.1009574756 0.0014721211 0.9948896766
-114.5 292.3 2214.5 0.1629863679 -0.8090323210 -0.5647142529 0.9863747358 0.1465905011 0.0746734813 0.0223684795 -0.5691906214 0.8219012618
-159.7 18.6 2208.3 -0.0312064551 -0.8103658557 -0.5850926042 0.9398564100 0.1754172742 -0.2930848002 0.3401412666 -0.5590491891 0.7561533451
165.5 299.6 2186.1 0.1796475649 0.6330592632 0.7529692650 -0.9808459282 0.1738481671 0.0878527164 -0.0752863437 -0.7543293834 0.6521649957
215.8 24.6 2165.0 -0.0832121819 0.6332777739 0.7694380879 -0.9525426030 0.1763253510 -0.2481369972 -0.2928110957 -0.7535706162 0.5885516405
-57.6 -103.4 2210.0 0.9838026762 0.0744596049 0.1630583107 -0.0583357178 0.9931198955 -0.1015371829 -0.1694968641 0.0903804302 0.9813777208
-87.2 -498.3 2174.1 0.9816733599 -0.0648692101 0.1791910380 0.0093181888 0.9554973245 0.2948525846 -0.1903434098 -0.2877791822 0.9385907054
125.1 -99.3 2192.7 0.8807879686 0.0146759246 -0.4732833505 -0.0592866056 0.9950720668 -0.0794773996 0.4697846472 0.0980620980 0.8773176074
119.2 -494.9 2153.7 0.8933672905 -0.0265273433 -0.4485433698 0.1358940005 0.9674575925 0.2134446353 0.4282845855 -0.2516388297 0.8678998947
-150.8 -250.2 2111.0 0 0 0 0 0 0 0 0 0
192.0 -247.8 2081.2 0 0 0 0 0 0 0 0 0
-62.4 -863.5 2284.1 0 0 0 0 0 0 0 0 0
129.4 -864.6 2249.9 0 0 0 0 0 0 0 0 0
20.4 496.2 2199.9 0 0.9946938753 -0.0273645129 0.0991730168 0.0273831654 0.9996243119 0.0011733633 -0.0991678685 0.0015485338 0.9950695038
25.9 295.8 2199.6 0.9946938753 -0.0273645129 0.0991730168 0.0273831654 0.9996243119 0.0011733633 -0.0991678685 0.0015485338 0.9950695038
31.0 97.1 2198.8 0.9947258234 -0.0259005316 0.0992456526 0.0261838529 0.9996559620 -0.0015530634 -0.0991712809 0.0041435058 0.9950617552
-114.1 292.1 2213.6 0.1544575393 -0.8094619513 -0.5664928555 0.9877512455 0.1393653452 0.0701768473 0.0221439879 -0.5703933835 0.8210731149
-157.2 16.4 2207.4 -0.0265444592 -0.8112335205 -0.5841194987 0.9402944446 0.1780840307 -0.2900559306 0.3393254578 -0.5569437146 0.7580711842
165.9 299.5 2185.6 0.1803485006 0.6344221830 0.7516534925 -0.9806129336 0.1755090952 0.0871481597 -0.0766332969 -0.7527981400 0.6537753940
216.2 25.8 2164.2 -0.0855413899 0.6340941787 0.7685097456 -0.9534364939 0.1718009859 -0.2478775084 -0.2892084122 -0.7539290786 0.5898724198
-55.5 -103.9 2209.0 0.9834031463 0.0830514804 0.1613094658 -0.0665635243 0.9922352433 -0.1050640792 -0.1687826663 0.0925830230 0.9812954664
-88.6 -498.4 2172.2 0.9809771180 -0.0699183121 0.1810947955 0.0119297737 0.9528349638 0.3032543063 -0.1937564909 -0.2953251004 0.9355434179
127.0 -99.2 2190.4 0.8799904585 0.0172990970 -0.4746762216 -0.0600737035 0.9953652620 -0.0750940666 0.4711771607 0.0945976228 0.8769511580
120.1 -494.9 2152.8 0.8937308192 -0.0164347459 -0.4483024478 0.1295199394 0.9662247300 0.2227877676 0.4294994473 -0.2571763992 0.8656734824
-149.6 -252.5 2110.3 0 0 0 0 0 0 0 0 0
191.8 -246.9 2081.5 0 0 0 0 0 0 0 0 0
-61.8 -862.6 2285.0 0 0 0 0 0 0 0 0 0
126.4 -864.2 2251.1 0 0 0 0 0 0 0 0 0
20.3 495.2 2200.3 1 0.9954221249 -0.0230351444 0.0927584246 0.0234194100 0.9997210503 -0.0030561206 -0.0926621556 0.0052144779 0.9956839681
24.9 295.0 2199.3 0.9954221249 -0.0230351444 0.0927584246 0.0234194100 0.9997210503 -0.0030561206 -0.0926621556 0.0052144779 0.9956839681
29.3 96.3 2197.7 0.9954386950 -0.0220567789 0.0928185955 0.0226855297 0.9997262359 -0.0057242056 -0.0926669315 0.0078037349 0.9956665635
-115.2 291.8 2212.3 0.1511100531 -0.8066329360 -0.5714097023 0.9882900119 0.1356638074 0.0698442161 0.0211809687 -0.5752726793 0.8176874518
-157.3 16.0 2206.4 -0.0234490782 -0.8085402846 -0.5879734159 0.9421916008 0.1787667423 -0.2834033668 0.3342531323 -0.5606291294 0.7576079369
165.0 298.2 2186.3 0.1827752888 0.6391067505 0.7470848560 -0.9798749685 0.1804348975 0.0853715166 -0.0802386701 -0.7476535439 0.6592237353
216.1 24.4 2163.8 -0.0860336944 0.6381739974 0.7650700808 -0.9535941482 0.1696539372 -0.2487484068 -0.2885419130 -0.7509670854 0.5939630270
-55.1 -104.0 2207.0 0.9839379787 0.0863583684 0.1562315822 -0.0728362426 0.9932469726 -0.0903071836 -0.1629753262 0.0774773434 0.9835833907
-89.4 -498.9 2176.2 0.9814042449 -0.0739711002 0.1771269888 0.0208120886 0.9583308697 0.2849013507 -0.1908207238 -0.2759170234 0.9420495033
127.5 -99.2 2188.8 0.8767153621 0.0182154384 -0.4806645513 -0.0641912669 0.9947751760 -0.0793842673 0.4767071307 0.1004518718 0.8733039498
120.2 -494.8 2148.9 0.8927803636 -0.0198190920 -0.4500560164 0.1424552202 0.9601871967 0.2403060645 0.4273753762 -0.2786533535 0.8600596189
-150.6 -253.4 2110.9 0 0 0 0 0 0 0 0 0
191.5 -248.3 2081.3 0 0 0 0 0 0 0 0 0
-61.1 -865.2 2281.7 0 0 0 0 0 0 0 0 0
127.8 -861.7 2255.4 0 0 0 0 0 0 0 0 0
21.4 494.8 2200.6 2 0.9954400659 -0.0172570441 0.0938151106 0.0180018060 0.9998127818 -0.0070980648 -0.0936750546 0.0087545393 0.9955643415
24.9 294.7 2198.8 0.9954400659 -0.0172570441 0.0938151106 0.0180018060 0.9998127818 -0.0070980648 -0.0936750546 0.0087545393 0.9955643415
27.8 95.9 2196.6 0.9954732060 -0.0149862161 0.0938538313 0.0159473494 0.9998276830 -0.0094990861 -0.0936953053 0.0109528061 0.9955406785
-115.2 292.5 2212.0 0.1561420560 -0.8065710664 -0.5701427460 0.9874505401 0.1413091272 0.0705204234 0.0236866400 -0.5739989877 0.8185133338
-158.8 17.2 2205.4 -0.0329613648 -0.8079166412 -0.5883742571 0.9432048798 0.1695669740 -0.2856775224 0.3305724561 -0.5643737912 0.7564417124
165.0 297.0 2185.6 0.1799187660 0.6391748786 0.7477196455 -0.9802033901 0.1803581566 0.0816837922 -0.0826471075 -0.7476137877 0.6589711905
215.2 23.0 2162.5 -0.0826770738 0.6381590962 0.7654524446 -0.9552980065 0.1680187583 -0.2432599664 -0.2838489413 -0.7513472438 0.5957408547
-57.6 -104.6 2204.7 0.9843522906 0.0801869184 0.1569095999 -0.0663419068 0.9935859442 -0.0915736333 -0.1632461846 0.0797310397 0.9833583236
-89.5 -499.6 2173.0 0.9816591144 -0.0739467144 0.1757192910 0.0180734787 0.9536569118 0.3003529012 -0.1897860169 -0.2916682959 0.9375024438
125.0 -100.4 2187.7 0.8769848347 0.0130896512 -0.4803397357 -0.0600157604 0.9947851896 -0.0824656263 0.4767554104 0.1011490598 0.8731970787
119.8 -495.9 2147.5 0.8926303387 -0.0197671372 -0.4503557384 0.1440047324 0.9591954947 0.2433241904 0.4271693528 -0.2820519209 0.8590535522
-149.4 -252.5 2110.9 0 0 0 0 0 0 0 0 0
191.6 -250.2 2081.4 0 0 0 0 0 0 0 0 0
-61.3 -864.1 2284.5 0 0 0 0 0 0 0 0 0
127.4 -862.6 2255.3 0 0 0 0 0 0 0 0 0
20.2 496.4 2201.7 3 0.9945297241 -0.0142809954 0.1034731939 0.0156539250 0.9997997284 -0.0124685224 -0.1032744050 0.0140200779 0.9945541024
23.0 296.2 2198.9 0.9945297241 -0.0142809954 0.1034731939 0.0156539250 0.9997997284 -0.0124685224 -0.1032744050 0.0140200779 0.9945541024
25.5 97.4 2195.8 0.9945517182 -0.0125054298 0.1034915149 0.0140112638 0.9998061061 -0.0138361230 -0.1032984182 0.0152107868 0.9945340753
-116.9 294.2 2213.4 0.1516685188 -0.8121401668 -0.5634048581 0.9879025221 0.1431953013 0.0595292263 0.0323308520 -0.5656177998 0.8240334988
-159.3 18.1 2204.4 -0.0370838381 -0.8131280541 -0.5809023380 0.9432059526 0.1635582149 -0.2891561091 0.3301323056 -0.5586335659 0.7608818412
163.0 298.2 2184.3 0.1809604168 0.6336424947 0.7521638870 -0.9806166887 0.1746703386 0.0887761936 -0.0751283541 -0.7536494136 0.6529688239
213.9 22.2 2163.2 -0.0799767449 0.6337985396 0.7693524361 -0.9534398317 0.1765166074 -0.2445289940 -0.2907855809 -0.7530878782 0.5901715159
-60.5 -104.3 2203.1 0.9831258059 0.0759046227 0.1664397120 -0.0609132424 0.9937633276 -0.0934023112 -0.1724913567 0.0816878378 0.9816179872
-90.7 -499.4 2170.6 0.9791481495 -0.0883951485 0.1829076707 0.0273842756 0.9495829940 0.3123175502 -0.2012933642 -0.3007963300 0.9322030544
122.2 -101.4 2185.9 0.8815535307 0.0081752641 -0.4720132351 -0.0538018011 0.9950754642 -0.0832480192 0.4690082073 0.0987827480 0.8776521683
118.9 -497.0 2146.6 0.8961332440 -0.0286255442 -0.4428609014 0.1540177166 0.9559527636 0.2498656511 0.4162015617 -0.2921213508 0.8610699177
-148.7 -251.6 2110.0 0 0 0 0 0 0 0 0 0
191.1 -250.5 2080.0 0 0 0 0 0 0 0 0 0
-56.9 -862.4 2285.5 0 0 0 0 0 0 0 0 0
129.8 -862.4 2258.2 0 0 0 0 0 0 0 0 0
20.2 498.0 2201.2 4 0.9931312799 -0.0104380259 0.1165388376 0.0118913008 0.9998598695 -0.0117819887 -0.1163995266 0.0130868601 0.9931162596
22.2 297.6 2198.6 0.9931312799 -0.0104380259 0.1165388376 0.0118913008 0.9998598695 -0.0117819887 -0.1163995266 0.0130868601 0.9931162596
24.1 98.8 2195.9 0.9931411147 -0.0093535865 0.1165473238 0.0109001501 0.9998607039 -0.0126395337 -0.1164128631 0.0138232242 0.9931046963
-117.5 296.0 2215.0 0.1535363644 -0.8188202381 -0.5531365275 0.9875509143 0.1465257108 0.0572133064 0.0342013091 -0.5550348163 0.8311237097
-160.2 21.6 2205.5 -0.0396116450 -0.8195102811 -0.5716938376 0.9416744113 0.1607354283 -0.2956575751 0.3341858685 -0.5500609279 0.7653448582
162.0 299.1 2182.2 0.1766649485 0.6247217655 0.7605998516 -0.9816133380 0.1685765237 0.0895388648 -0.0722823963 -0.7624333501 0.6430168152
211.7 23.2 2161.9 -0.0724416152 0.6255276203 0.7768316865 -0.9558886290 0.1787525564 -0.2330759466 -0.2846560776 -0.7594490051 0.5849856138
-63.2 -102.6 2202.3 0.9814007878 0.0694877133 0.1789524108 -0.0532172732 0.9941324592 -0.0941731781 -0.1844462752 0.0828982666 0.9793403149
-90.9 -497.9 2169.3 0.9770610332 -0.0924670994 0.1918374598 0.0296158399 0.9510611892 0.3075801432 -0.2108902037 -0.2948431373 0.9319832921
119.3 -100.0 2183.3 0.8875793815 0.0002060606 -0.4606547058 -0.0424019806 0.9957910776 -0.0812537745 0.4586991072 0.0916518494 0.8838524222
119.2 -496.0 2146.9 0.8996506929 -0.0239024144 -0.4359556437 0.1438895613 0.9589499831 0.2443576902 0.4122189283 -0.2825660408 0.8661593199
-148.9 -247.7 2109.9 0 0 0 0 0 0 0 0 0
191.0 -250.2 2080.5 0 0 0 0 0 0 0 0 0
-55.5 -861.4 2282.0 0 0 0 0 0 0 0 0 0
128.3 -862.5 2254.9 0 0 0 0 0 0 0 0 0
19.8 498.7 2200.5 5 0.9939779639 -0.0086359382 0.1092393175 0.0101750316 0.9998565912 -0.0135396132 -0.1091067195 0.0145695908 0.9939232469
21.5 298.5 2197.6 0.9939779639 -0.0086359382 0.1092393175 0.0101750316 0.9998565912 -0.0135396132 -0.1091067195 0.0145695908 0.9939232469
23.0 99.7 2194.3 0.9939837456 -0.0077150972 0.1092556193 0.0094679296 0.9998345375 -0.0155337350 -0.1091176942 0.0164747052 0.9938923120
-118.4 297.2 2212.9 0.1668800563 -0.8136509657 -0.5568870306 0.9855355024 0.1545561403 0.0695140213 0.0295101628 -0.5604324341 0.8276742101
-164.4 25.4 2204.8 -0.0468884334 -0.8137499094 -0.5793207884 0.9422451854 0.1565098464 -0.2961058617 0.3316255212 -0.5597461462 0.7594134212
161.4 299.8 2182.2 0.1780168563 0.6303464174 0.7556278110 -0.9813033938 0.1708159000 0.0886883140 -0.0731688812 -0.7572880983 0.6489691734
211.1 25.7 2161.8 -0.0692396760 0.6311176419 0.7725906968 -0.9553771615 0.1809756011 -0.2334572375 -0.2871590555 -0.7542800307 0.5904246569
-65.1 -101.0 2203.8 0.9829683900 0.0653263554 0.1717720032 -0.0494956672 0.9942570329 -0.0948845670 -0.1769839823 0.0847665593 0.9805566072
-91.1 -496.3 2170.1 0.9784140587 -0.0947640091 0.1836456656 0.0358789377 0.9530620575 0.3006416261 -0.2035157233 -0.2875629663 0.9358893633
117.1 -99.0 2182.4 0.8841026425 -0.0057432903 -0.4672574997 -0.0355589315 0.9961983562 -0.0795261711 0.4659378827 0.0869244710 0.8805373311
119.4 -495.1 2147.9 0.8951447606 -0.0214289948 -0.4452601969 0.1416120976 0.9607729912 0.2384559065 0.4226841033 -0.2765067816 0.8630655408
-151.0 -244.0 2110.0 0 0 0 0 0 0 0 0 0
191.3 -247.5 2079.7 0 0 0 0 0 0 0 0 0
-54.9 -860.7 2280.0 0 0 0 0 0 0 0 0 0
127.6 -862.4 2253.6 0 0 0 0 0 0 0 0 0
21.1 498.1 2200.6 6 0.9936375022 -0.0075171455 0.1123746336 0.0094311088 0.9998192191 -0.0165101029 -0.1122302040 0.0174648743 0.9935287237
22.6 298.0 2197.1 0.9936375022 -0.0075171455 0.1123746336 0.0094311088 0.9998192191 -0.0165101029 -0.1122302040 0.0174648743 0.9935287237
24.0 99.2 2193.6 0.9936403632 -0.0070883799 0.1123767868 0.0090331063 0.9998179674 -0.0168056879 -0.1122372076 0.0177139211 0.9935235381
-117.3 296.7 2212.9 0.1806396246 -0.8139005899 -0.5522093177 0.9832296968 0.1637464464 0.0802900344 0.0250742044 -0.5574522018 0.8298302889
-166.7 27.4 2206.1 -0.0522277132 -0.8136614561 -0.5789881945 0.9378101230 0.1592888087 -0.3084464371 0.3431973159 -0.5590904355 0.7547406554
162.4 299.3 2181.3 0.1745481491 0.6294406056 0.7571905255 -0.9823665023 0.1636482030 0.0904176980 -0.0670002922 -0.7596207857 0.6469058394
210.9 26.6 2162.8 -0.0644085631 0.6315208673 0.7726790309 -0.9530107379 0.1907481104 -0.2353415340 -0.2960101664 -0.7515294552 0.5895603895
-66.6 -99.9 2201.0 0.9825721383 0.0632878467 0.1747758538 -0.0468503200 0.9942173958 -0.0966269821 -0.1798805147 0.0867546797 0.9798554182
-91.8 -495.2 2166.6 0.9777517319 -0.0991051346 0.1848774403 0.0294566713 0.9374899268 0.3467635214 -0.2076867819 -0.3336027861 0.9195517302
115.8 -98.2 2181.0 0.8855367899 -0.0056835543 -0.4645345509 -0.0350226276 0.9962629676 -0.0789524540 0.4632472992 0.0861845165 0.8820284605
118.0 -494.3 2146.8 0.8956384063 -0.0380179472 -0.4431551099 0.1572692096 0.9590473175 0.2355729192 0.4160507023 -0.2806828022 0.8649386764
-151.8 -240.7 2107.9 0 0 0 0 0 0 0 0 0
192.4 -245.9 2078.1 0 0 0 0 0 0 0 0 0
-53.9 -853.2 2293.9 0 0 0 0 0 0 0 0 0
132.6 -860.9 2254.0 0 0 0 0 0 0 0 0 0
21.4 497.4 2194.2 7 0.9931153655 -0.0045907428 0.1170502752 0.0047703669 0.9999878407 -0.0012544855 -0.1170430854 0.0018042215 0.9931252003
22.4 297.2 2193.8 0.9931153655 -0.0045907428 0.1170502752 0.0047703669 0.9999878407 -0.0012544855 -0.1170430854 0.0018042215 0.9931252003
22.7 98.4 2192.8 0.9931230545 -0.0017095834 0.1170629188 0.0023423401 0.9999833703 -0.0052679102 -0.1170519665 0.0055058841 0.9931105375
-117.4 296.8 2210.3 0.1693634093 -0.8171189427 -0.5510287285 0.9852870703 0.1533850729 0.0753821358 0.0229233988 -0.5556884408 0.8310745358
-163.8 26.9 2204.0 -0.0266052298 -0.8181819320 -0.5743435621 0.9370904565 0.1796411723 -0.2993167937 0.3480713367 -0.5461752415 0.7619310617
162.1 297.5 2177.4 0.1708736271 0.6259589791 0.7609057426 -0.9835010171 0.1549137384 0.0934211984 -0.0593969151 -0.7643147707 0.6421019435
209.5 25.1 2160.9 -0.0567549169 0.6292125583 0.7751582861 -0.9524515271 0.1986765414 -0.2310058326 -0.2993575335 -0.7514114380 0.5880185962
-65.8 -100.4 2200.4 0.9819710851 0.0597916953 0.1793259531 -0.0459991880 0.9957239032 -0.0801119581 -0.1833491623 0.0704187751 0.9805224538
-89.6 -496.2 2172.4 0.9785320759 -0.0832842216 0.1885172874 0.0212229528 0.9505693316 0.3097863495 -0.2049990594 -0.2991349697 0.9319300652
116.6 -98.7 2179.8 0.8875469565 -0.0070752371 -0.4606629014 -0.0314122066 0.9966260195 -0.0758280531 0.4596451223 0.0817714036 0.8843301535
119.4 -495.0 2147.3 0.8978621364 -0.0225900635 -0.4396967590 0.1417739093 0.9603233933 0.2401647568 0.4168257415 -0.2779723704 0.8654407263
-156.2 -241.0 2104.5 0 0 0 0 0 0 0 0 0
193.2 -247.3 2075.3 0 0 0 0 0 0 0 0 0
-57.8 -859.2 2286.6 0 0 0 0 0 0 0 0 0
128.0 -862.1 2253.5 0 0 0 0 0 0 0 0 0
20.7 493.9 2190.5 8 0.9940707684 -0.0048345616 0.1086273342 0.0043942840 0.9999811053 0.0042921146 -0.1086460352 -0.0037893264 0.9940732718
21.7 293.9 2191.3 0.9940707684 -0.0048345616 0.1086273342 0.0043942840 0.9999811053 0.0042921146 -0.1086460352 -0.0037893264 0.9940732718
22.1 95.1 2191.1 0.9940791130 -0.0018698692 0.1086428836 0.0019189549 0.9999980927 -0.0003472590 -0.1086420268 0.0005536837 0.9940807819
-118.2 293.6 2206.5 0.1758127958 -0.8117014766 -0.5569834709 0.9842835069 0.1544896513 0.0855504125 0.0166067891 -0.5632705092 0.8261056542
-165.8 27.1 2202.0 -0.0187462401 -0.8127382398 -0.5823273063 0.9394052029 0.1850806624 -0.2885532677 0.3422957957 -0.5524505973 0.7600209713
161.6 294.1 2176.0 0.1694000959 0.6320598722 0.7561771870 -0.9838718176 0.1531781405 0.0923728272 -0.0574446544 -0.7596293688 0.6478142738
208.5 21.5 2160.0 -0.0580074899 0.6351602674 0.7701990008 -0.9530103207 0.1945469081 -0.2322129756 -0.2973322868 -0.7474777102 0.5940291286
-68.1 -100.6 2202.4 0.9837881923 0.0558615141 0.1704121381 -0.0416688249 0.9954444766 -0.0857552588 -0.1744262427 0.0772641376 0.9816341996
-90.3 -496.4 2171.7 0.9800920486 -0.0862741619 0.1788192987 0.0288636684 0.9530004263 0.3015908301 -0.1964343786 -0.2904253900 0.9365183711
114.2 -100.2 2180.9 0.8836096525 -0.0132512264 -0.4680367410 -0.0277215354 0.9963653684 -0.0805451274 0.4674029350 0.0841451511 0.8800307512
119.5 -496.4 2147.5 0.8939935565 -0.0211201832 -0.4475817382 0.1443825215 0.9591889381 0.2431260943 0.4241805971 -0.2819761634 0.8605580926
-160.5 -241.5 2104.2 0 0 0 0 0 0 0 0 0
191.9 -251.0 2075.0 0 0 0 0 0 0 0 0 0
-57.3 -860.5 2282.6 0 0 0 0 0 0 0 0 0
127.5 -863.0 2255.3 0 0 0 0 0 0 0 0 0
21.0 498.1 2195.1 9 0.9969765544 -0.0023827073 0.0776667148 0.0034382294 0.9999035001 -0.0134595204 -0.0776271522 0.0136858616 0.9968885183
21.5 297.5 2192.4 0.9969765544 -0.0023827073 0.0776667148 0.0034382294 0.9999035001 -0.0134595204 -0.0776271522 0.0136858616 0.9968885183
21.7 98.8 2189.5 0.9969787598 -0.0009913861 0.0776682496 0.0021134671 0.9998945594 -0.0143662328 -0.0776458159 0.0144869778 0.9968757629
-118.8 297.3 2203.3 0.1719254255 -0.7960343361 -0.5803197026 0.9849376082 0.1499225348 0.0861461759 0.0184276886 -0.5863894224 0.8098196387
-166.5 23.6 2198.2 -0.0083860066 -0.7974947095 -0.6032676697 0.9408478141 0.1980639994 -0.2749110758 0.3387257159 -0.5698884130 0.7486601472
161.7 297.8 2181.5 0.1634468734 0.6533123851 0.7392347455 -0.9824645519 0.1759284884 0.0617456064 -0.0897132754 -0.7363640666 0.6706112623
208.6 16.3 2155.8 -0.0628914312 0.6536968946 0.7541385889 -0.9543879628 0.1815921366 -0.2369976044 -0.2918702364 -0.7346459031 0.6124598980
-68.8 -103.9 2201.0 0.9887936711 0.0509161092 0.1403377354 -0.0387700982 0.9953688979 -0.0879641101 -0.1441666037 0.0815374479 0.9861884117
-89.0 -499.7 2168.6 0.9853761792 -0.0828169882 0.1489131004 0.0303985104 0.9453609586 0.3246052861 -0.1676594615 -0.3153315783 0.9340537190
113.6 -103.6 2181.1 0.8684586287 -0.0146630611 -0.4955447018 -0.0247080885 0.9970401525 -0.0728039518 0.4951454997 0.0754711851 0.8655258417
119.5 -500.0 2151.1 0.8786908984 -0.0186529513 -0.4770265520 0.1454645693 0.9621801972 0.2303244770 0.4546892643 -0.2717745006 0.8481723070
-164.1 -245.4 2101.3 0 0 0 0 0 0 0 0 0
190.6 -256.6 2072.3 0 0 0 0 0 0 0 0 0
-57.4 -860.8 2289.1 0 0 0 0 0 0 0 0 0
126.6 -867.8 2255.0 0 0 0 0 0 0 0 0 0
19.5 494.7 2192.0 0 0.9975450039 -0.0048686741 0.0698586851 0.0056379302 0.9999255538 -0.0108186565 -0.0698008165 0.0111859553 0.9974982142
20.4 294.0 2189.7 0.9975450039 -0.0048686741 0.0698586851 0.0056379302 0.9999255538 -0.0108186565 -0.0698008165 0.0111859553 0.9974982142
21.2 95.2 2186.7 0.9975483418 -0.0038188926 0.0698763728 0.0048708264 0.9998772740 -0.0148900235 -0.0698109344 0.0151938740 0.9974445105
-119.9 293.3 2199.5 0.1788967699 -0.7920382619 -0.5836706161 0.9838562012 0.1469006985 0.1022112966 0.0047863605 -0.5925332308 0.8055317998
-168.5 26.0 2198.2 -0.0062479926 -0.7937222123 -0.6082483530 0.9407659173 0.2015381008 -0.2726569772 0.3389991224 -0.5739228725 0.7454475760
160.8 294.7 2179.9 0.1732404828 0.6581209898 0.7327103615 -0.9810358882 0.1809747666 0.0694023743 -0.0869269371 -0.7308384776 0.6769924760
208.9 22.3 2155.8 -0.0637402534 0.6577928066 0.7504970431 -0.9558527470 0.1759176403 -0.2353688926 -0.2868496180 -0.7323670983 0.6175400615
-69.5 -100.2 2193.7 0.9898091555 0.0504599251 0.1331601739 -0.0397981107 0.9958743453 -0.0815499946 -0.1367257982 0.0754194111 0.9877337813
-89.5 -496.1 2163.8 0.9857173562 -0.0903535560 0.1421179026 0.0377291664 0.9409208894 0.3365181088 -0.1641273052 -0.3263497651 0.9308909774
113.4 -99.8 2179.5 0.8647063375 -0.0141232628 -0.5020791888 -0.0288607217 0.9965559840 -0.0777380764 0.5014479160 0.0817109719 0.8613206744
119.0 -496.1 2147.0 0.8766874671 -0.0241003279 -0.4804562926 0.1597687900 0.9566402435 0.2435433865 0.4537543356 -0.2902733386 0.8425250053
-166.7 -243.0 2101.3 0 0 0 0 0 0 0 0 0
190.7 -251.1 2073.7 0 0 0 0 0 0 0 0 0
-55.0 -855.7 2288.5 0 0 0 0 0 0 0 0 0
128.2 -861.7 2258.0 0 0 0 0 0 0 0 0 0
20.0 498.8 2195.9 1 0.9964991212 -0.0056613479 0.0834116340 0.0075378940 0.9997251630 -0.0221996922 -0.0832630321 0.0227507204 0.9962678552
21.1 298.3 2191.3 0.9964991212 -0.0056613479 0.0834116340 0.0075378940 0.9997251630 -0.0221996922 -0.0832630321 0.0227507204 0.9962678552
21.8 99.6 2186.4 0.9965087771 -0.0033163878 0.0834220350 0.0053793159 0.9996849298 -0.0245162155 -0.0833144486 0.0248793792 0.9962126613
-119.1 297.5 2203.0 0.1756879538 -0.7987347245 -0.5754620433 0.9840232134 0.1596118361 0.0788818523 0.0288448762 -0.5801265836 0.8140154481
-168.1 23.1 2195.0 -0.0069365529 -0.7997786403 -0.6002549529 0.9395247698 0.2003311515 -0.2777780294 0.3424106836 -0.5658812523 0.7500222325
161.3 299.0 2179.6 0.1655444950 0.6497148275 0.7419337630 -0.9818753004 0.1789793074 0.0623486117 -0.0922819749 -0.7388078570 0.6675679684
208.7 17.8 2153.1 -0.0631761700 0.6500663161 0.7572466731 -0.9537364244 0.1841447353 -0.2376500368 -0.2939312756 -0.7372275591 0.6083583832
-69.5 -104.0 2190.1 0.9879903793 0.0434942953 0.1482676566 -0.0356557816 0.9978427291 -0.0551225953 -0.1503453255 0.0491739959 0.9874098301
-86.8 -500.6 2170.5 0.9860146642 -0.0640111268 0.1538755149 0.0123596629 0.9488410950 0.3155120313 -0.1661996990 -0.3091976345 0.9363623857
113.5 -103.1 2177.3 0.8712376952 -0.0150342900 -0.4906310141 -0.0197953451 0.9976416230 -0.0657220706 0.4904620051 0.0669717565 0.8688853979
119.5 -499.7 2150.6 0.8805222511 -0.0208064131 -0.4735479653 0.1459712684 0.9623870850 0.2291365117 0.4509689212 -0.2708841860 0.8504403830
-166.1 -245.6 2097.1 0 0 0 0 0 0 0 0 0
190.7 -255.0 2069.1 0 0 0 0 0 0 0 0 0
-62.3 -863.1 2288.7 0 0 0 0 0 0 0 0 0
127.4 -867.6 2254.2 0 0 0 0 0 0 0 0 0
19.2 500.6 2191.3 2 0.9971492887 -0.0066083549 0.0751640052 0.0075964178 0.9998883605 -0.0128671387 -0.0750705823 0.0134014357 0.9970881939
20.5 300.0 2188.6 0.9971492887 -0.0066083549 0.0751640052 0.0075964178 0.9998883605 -0.0128671387 -0.0750705823 0.0134014357 0.9970881939
21.5 101.2 2185.9 0.9971572757 -0.0052209152 0.0751671642 0.0062454962 0.9998906851 -0.0134020932 -0.0750889778 0.0138334511 0.9970808625
-119.8 299.1 2199.2 0.1743705571 -0.7937671542 -0.5826908350 0.9844271541 0.1539387256 0.0848882571 0.0223171748 -0.5884187222 0.8082483411
-167.9 27.8 2193.1 -0.0020489760 -0.7950772643 -0.6065046787 0.9397479296 0.2058108896 -0.2729757428 0.3418620825 -0.5705208182 0.7467504740
160.8 300.9 2178.1 0.1630732417 0.6549514532 0.7378656268 -0.9825666547 0.1754822731 0.0613905303 -0.0892745256 -0.7350133061 0.6721498966
207.7 18.5 2152.4 -0.0602749102 0.6554781795 0.7528049350 -0.9542402625 0.1834648401 -0.2361487299 -0.2929035723 -0.7325906157 0.6144253016
-69.0 -99.7 2189.1 0.9888985157 0.0521548912 0.1391389370 -0.0433976687 0.9969248772 -0.0652486011 -0.1421141028 0.0584859364 0.9881209135
-89.7 -496.0 2165.8 0.9853353500 -0.0843103901 0.1483442783 0.0285872947 0.9386780262 0.3436077237 -0.1682172269 -0.3343280852 0.9273228645
113.8 -98.7 2173.8 0.8672721386 -0.0121040223 -0.4976872206 -0.0206707492 0.9979667068 -0.0602920353 0.4974050820 0.0625771657 0.8652585149
118.6 -495.5 2148.9 0.8764297962 -0.0287458710 -0.4806708694 0.1551238894 0.9618557692 0.2253222018 0.4558589458 -0.2720426321 0.8474581838
-167.3 -240.9 2095.3 0 0 0 0 0 0 0 0 0
190.5 -254.4 2068.6 0 0 0 0 0 0 0 0 0
-57.5 -854.5 2293.5 0 0 0 0 0 0 0 0 0
129.6 -863.1 2252.9 0 0 0 0 0 0 0 0 0
19.9 497.5 2190.6 3 0.9968793988 -0.0072410223 0.0786065534 0.0084514534 0.9998506308 -0.0150768552 -0.0784856379 0.0156941470 0.9967917204
21.4 297.1 2187.4 0.9968793988 -0.0072410223 0.0786065534 0.0084514534 0.9998506308 -0.0150768552 -0.0784856379 0.0156941470 0.9967917204
22.6 98.3 2184.7 0.9968872666 -0.0062560216 0.0785914138 0.0072866194 0.9998911023 -0.0128334397 -0.0785025656 0.0133661591 0.9968243241
-118.9 296.1 2198.5 0.1795530766 -0.7940537333 -0.5807231665 0.9832672477 0.1633172929 0.0807027593 0.0307598058 -0.5854964852 0.8100911379
-167.6 29.4 2190.1 0.0077954032 -0.7946303487 -0.6070435047 0.9418124557 0.2098427862 -0.2625934482 0.3360484242 -0.5696741343 0.7500285506
161.7 298.1 2176.4 0.1642199755 0.6523129940 0.7399456501 -0.9824512005 0.1754137427 0.0634012073 -0.0884391963 -0.7373722196 0.6696721315
207.8 22.1 2151.5 -0.0595943704 0.6528556347 0.7551344633 -0.9546772838 0.1837185025 -0.2341769040 -0.2916158736 -0.7348653078 0.6123178601
-68.9 -98.1 2190.0 0.9883693457 0.0512026176 0.1431932598 -0.0440271944 0.9976320267 -0.0528393537 -0.1455596834 0.0459204018 0.9882832170
-89.3 -494.7 2171.8 0.9847362041 -0.0846872181 0.1520614028 0.0360826701 0.9539964199 0.2976389229 -0.1702722460 -0.2876090407 0.9424905181
114.0 -97.0 2176.3 0.8690228462 -0.0122282952 -0.4946208000 -0.0220817793 0.9977398515 -0.0634632185 0.4942789376 0.0660730898 0.8667886853
118.9 -493.7 2150.0 0.8783400059 -0.0203786734 -0.4776018560 0.1438721418 0.9640375376 0.2234556973 0.4558723867 -0.2649836838 0.8496846557
-169.8 -239.9 2094.0 0 0 0 0 0 0 0 0 0
190.8 -250.9 2068.1 0 0 0 0 0 0 0 0 0
-57.0 -858.8 2281.6 0 0 0 0 0 0 0 0 0
126.7 -862.2 2251.3 0 0 0 0 0 0 0 0 0
19.3 498.2 2189.7 4 0.9970449209 -0.0132020693 0.0756776780 0.0143383685 0.9997921586 -0.0144913578 -0.0754706413 0.0155336289 0.9970270395
22.0 298.0 2186.6 0.9970449209 -0.0132020693 0.0756776780 0.0143383685 0.9997921586 -0.0144913578 -0.0754706413 0.0155336289 0.9970270395
24.2 99.2 2183.5 0.9970720410 -0.0109697692 0.0756767243 0.0120938905 0.9998229742 -0.0144119924 -0.0755052343 0.0152850207 0.9970282316
-118.3 296.2 2197.2 0.1652602106 -0.7945427299 -0.5842866898 0.9857379794 0.1521548182 0.0718992278 0.0317750312 -0.5878356695 0.8083561063
-163.6 26.3 2188.5 0.0287436377 -0.7948694229 -0.6060993075 0.9385670424 0.2300702035 -0.2572151721 0.3438978791 -0.5614715219 0.7526512742
162.3 299.7 2175.9 0.1575433761 0.6540991664 0.7398204803 -0.9827425480 0.1773906946 0.0524363443 -0.0969387069 -0.7353141308 0.6707578301
207.5 17.7 2148.1 -0.0606240928 0.6546456218 0.7535010576 -0.9533743262 0.1856091768 -0.2379634231 -0.2956384420 -0.7327948809 0.6128699183
-67.6 -101.1 2189.3 0.9885739684 0.0531623811 0.1410505474 -0.0475506000 0.9979487062 -0.0428643487 -0.1430399716 0.0356675424 0.9890739918
-88.7 -497.9 2175.1 0.9853219390 -0.0801884383 0.1507001221 0.0333199799 0.9561653733 0.2909254134 -0.1674230844 -0.2816338837 0.9448025823
115.3 -99.8 2174.9 0.8676738739 -0.0098270969 -0.4970366955 -0.0216260478 0.9981120229 -0.0574865043 0.4966632128 0.0606284775 0.8658232093
119.2 -496.6 2150.8 0.8771244884 -0.0175287593 -0.4799430668 0.1418434530 0.9642090201 0.2240119427 0.4588387907 -0.2645631433 0.8482177258
-171.8 -242.0 2090.2 0 0 0 0 0 0 0 0 0
190.2 -254.9 2063.6 0 0 0 0 0 0 0 0 0
-58.1 -863.1 2282.7 0 0 0 0 0 0 0 0 0
125.9 -865.3 2251.9 0 0 0 0 0 0 0 0 0
18.6 501.5 2188.7 5 0.9968901873 -0.0177321807 0.0767821968 0.0184145682 0.9997969270 -0.0081884079 -0.0766214058 0.0095768543 0.9970142841
22.2 300.6 2186.8 0.9968901873 -0.0177321807 0.0767821968 0.0184145682 0.9997969270 -0.0081884079 -0.0766214058 0.0095768543 0.9970142841
25.1 101.9 2184.3 0.9969398379 -0.0144092282 0.0768332332 0.0153266061 0.9998179674 -0.0113635520 -0.0766555071 0.0125063704 0.9969791770
-118.1 298.5 2197.6 0.1574506164 -0.7952869534 -0.5854297280 0.9867360592 0.1504186839 0.0610426366 0.0395131633 -0.5872758627 0.8084217906
-161.7 25.3 2186.7 0.0403840579 -0.7947012782 -0.6056558490 0.9431893826 0.2303863466 -0.2394074202 0.3297922313 -0.5615799427 0.7588577271
162.5 302.8 2176.0 0.1615415215 0.6517373323 0.7410417199 -0.9816467166 0.1832450777 0.0528297499 -0.1013611257 -0.7359753251 0.6693774462
208.9 20.7 2146.9 -0.0651074350 0.6515720487 0.7557875514 -0.9542732835 0.1807921529 -0.2380687445 -0.2917594016 -0.7367279530 0.6100068688
-65.1 -100.7 2187.4 0.9880840182 0.0605081134 0.1415227652 -0.0533840582 0.9971340299 -0.0536080897 -0.1443608850 0.0454142392 0.9884824157
-89.2 -497.1 2169.4 0.9854566455 -0.0720849708 0.1538797468 0.0188742876 0.9463930130 0.3224655688 -0.1688756347 -0.3148714900 0.9339898229
117.8 -98.5 2173.6 0.8683407903 -0.0015208613 -0.4959656596 -0.0235231146 0.9987436533 -0.0442470796 0.4954098463 0.0500882007 0.8672140837
118.4 -495.5 2153.6 0.8765793443 -0.0242981818 -0.4806435406 0.1400545090 0.9683771729 0.2064712793 0.4604273438 -0.2483047545 0.8522624969
-173.2 -244.3 2092.4 0 0 0 0 0 0 0 0 0
190.3 -252.2 2063.5 0 0 0 0 0 0 0 0 0
-61.7 -858.6 2289.6 0 0 0 0 0 0 0 0 0
127.7 -865.7 2248.6 0 0 0 0 0 0 0 0 0
18.0 503.8 2187.8 6 0.9972859621 -0.0114588114 0.0727278963 0.0122810854 0.9998655319 -0.0108690578 -0.0725935623 0.0117327366 0.9972925782
20.3 303.0 2185.4 0.9972859621 -0.0114588114 0.0727278963 0.0122810854 0.9998655319 -0.0108690578 -0.0725935623 0.0117327366 0.9972925782
22.2 104.2 2182.5 0.9973036647 -0.0095681483 0.0727585778 0.0105984295 0.9998487830 -0.0137874046 -0.0726156607 0.0145213567 0.9972542524
-120.1 301.5 2195.6 0.1466774791 -0.7948392630 -0.5888261795 0.9885887504 0.1384430230 0.0593787357 0.0343223289 -0.5908164382 0.8060756326
-161.1 24.6 2186.0 0.0453937836 -0.7942979336 -0.6058301926 0.9429085255 0.2343705446 -0.2366304100 0.3299438059 -0.5605009198 0.7595892549
160.7 304.5 2175.2 0.1653785706 0.6548351645 0.7374556661 -0.9809998274 0.1861332655 0.0547148213 -0.1014358401 -0.7324925661 0.6731756330
208.2 22.6 2146.0 -0.0611601174 0.6546048522 0.7534931302 -0.9544706345 0.1824654341 -0.2359919399 -0.2919679284 -0.7336203456 0.6136415005
-63.6 -98.3 2188.9 0.9882524610 0.0683211908 0.1367086172 -0.0599031821 0.9961003065 -0.0647749379 -0.1406009942 0.0558247082 0.9884912372
-90.7 -494.3 2166.7 0.9846212268 -0.0851445571 0.1525497735 0.0302841850 0.9431616068 0.3309518099 -0.1720578372 -0.3212423325 0.9312354326
119.4 -95.5 2174.8 0.8662141562 0.0005583707 -0.4996726215 -0.0276080891 0.9985252619 -0.0467445441 0.4989096522 0.0542857945 0.8649521470
119.2 -492.5 2153.2 0.8752573729 -0.0203950871 -0.4832272530 0.1372780204 0.9684965611 0.2077718824 0.4637663960 -0.2481903583 0.8504835367
-174.1 -245.0 2091.7 0 0 0 0 0 0 0 0 0
190.7 -250.3 2062.5 0 0 0 0 0 0 0 0 0
-58.2 -854.7 2289.4 0 0 0 0 0 0 0 0 0
127.0 -862.8 2248.1 0 0 0 0 0 0 0 0 0
16.6 504.7 2187.3 7 0.9970787168 -0.0163545255 0.0746090338 0.0170837473 0.9998122454 -0.0091461595 -0.0744454414 0.0103940433 0.9971709251
19.9 304.1 2185.2 0.9970787168 -0.0163545255 0.0746090338 0.0170837473 0.9998122454 -0.0091461595 -0.0744454414 0.0103940433 0.9971709251
22.5 105.3 2182.8 0.9971237779 -0.0131976083 0.0746323094 0.0140360817 0.9998440146 -0.0107213845 -0.0744791701 0.0117380926 0.9971534610
-120.4 302.1 2195.7 0.1596959382 -0.7940557003 -0.5864919424 0.9865537286 0.1493026614 0.0664868280 0.0347705670 -0.5892234445 0.8072215915
-164.9 27.5 2186.0 0.0322106816 -0.7941163778 -0.6069115400 0.9414161444 0.2280606031 -0.2484431267 0.3357053697 -0.5633538365 0.7549399734
160.2 306.0 2174.7 0.1602752507 0.6531569958 0.7400660515 -0.9815880656 0.1843925118 0.0498428605 -0.1039074212 -0.7344285846 0.6706846952
206.2 24.6 2144.9 -0.0519426726 0.6533210278 0.7552970052 -0.9555205107 0.1873532981 -0.2277701944 -0.2903144360 -0.7335327864 0.6145300269
-67.4 -95.6 2186.3 0.9883350730 0.0610300638 0.1395317912 -0.0546451025 0.9972956777 -0.0491453931 -0.1421537846 0.0409473851 0.9889972806
-91.7 -492.0 2170.0 0.9840815067 -0.0917389616 0.1522087604 0.0381947607 0.9456265569 0.3230040073 -0.1735647023 -0.3120487034 0.9340775609
115.6 -93.6 2173.0 0.8671904802 -0.0093642445 -0.4978885353 -0.0182173308 0.9985573888 -0.0505105667 0.4976432621 0.0528724827 0.8657688498
119.3 -490.6 2151.9 0.8752409816 -0.0170978643 -0.4833848774 0.1345404685 0.9685414433 0.2093473375 0.4645988941 -0.2482641786 0.8500075340
-174.1 -241.6 2090.0 0 0 0 0 0 0 0 0 0
191.3 -248.6 2061.9 0 0 0 0 0 0 0 0 0
-56.6 -853.4 2289.3 0 0 0 0 0 0 0 0 0
125.9 -860.9 2246.8 0 0 0 0 0 0 0 0 0
13.9 502.7 2187.5 8 0.9969717860 -0.0255195666 0.0734576285 0.0265756231 0.9995565414 -0.0134349102 -0.0730822012 0.0153464079 0.9972078204
19.1 302.5 2184.4 0.9969717860 -0.0255195666 0.0734576285 0.0265756231 0.9995565414 -0.0134349102 -0.0730822012 0.0153464079 0.9972078204
23.6 103.8 2181.0 0.9970282316 -0.0230387431 0.0735114217 0.0242516492 0.9995833635 -0.0156497136 -0.0731202513 0.0173859801 0.9971715808
-121.3 299.1 2194.7 0.1636177301 -0.7932052612 -0.5865617394 0.9857737422 0.1546367556 0.0658607036 0.0384629518 -0.5889931321 0.8072221875
-166.3 27.9 2184.2 0.0297126956 -0.7932558060 -0.6081631184 0.9410755634 0.2272647917 -0.2504545450 0.3368885815 -0.5648857951 0.7532663345
159.4 305.9 2174.2 0.1605559289 0.6535198689 0.7396847606 -0.9811664820 0.1872164160 0.0475641079 -0.1073970422 -0.7333906293 0.6712704897
205.2 26.0 2143.5 -0.0493144803 0.6536241174 0.7552109957 -0.9555389285 0.1892089844 -0.2261532992 -0.2907119393 -0.7327861190 0.6152325273
-66.3 -94.8 2187.3 0.9882200956 0.0632119998 0.1393748075 -0.0576945953 0.9973956347 -0.0432819575 -0.1417477578 0.0347309262 0.9892933369
-91.5 -491.3 2173.5 0.9842917323 -0.0887676105 0.1526110172 0.0390321426 0.9524306655 0.3022454083 -0.1721810102 -0.2915409207 0.9409344196
116.6 -92.2 2173.7 0.8668427467 -0.0071439040 -0.4985304773 -0.0220505055 0.9983696342 -0.0526478924 0.4980938137 0.0566302910 0.8652719855
119.5 -489.2 2151.2 0.8751438856 -0.0172538273 -0.4835550487 0.1330674440 0.9694117904 0.2062373012 0.4652055800 -0.2448327541 0.8506706953
-174.8 -241.2 2087.8 0 0 0 0 0 0 0 0 0
191.1 -247.3 2060.4 0 0 0 0 0 0 0 0 0
-57.6 -855.3 2285.0 0 0 0 0 0 0 0 0 0
126.1 -859.8 2244.8 0 0 0 0 0 0 0 0 0
14.4 503.0 2187.7 9 0.9971544147 -0.0252411850 0.0710350126 0.0264635850 0.9995165467 -0.0163200758 -0.0705887303 0.0181534775 0.9973403215
19.4 302.7 2184.0 0.9971544147 -0.0252411850 0.0710350126 0.0264635850 0.9995165467 -0.0163200758 -0.0705887303 0.0181534775 0.9973403215
23.6 104.0 2180.0 0.9972527623 -0.0208326876 0.0710839778 0.0221961122 0.9995834827 -0.0184446983 -0.0706701130 0.0199718140 0.9972997904
-120.9 299.6 2194.0 0.1477588266 -0.7935545444 -0.5902868509 0.9880679250 0.1446701437 0.0528422929 0.0434636362 -0.5910513997 0.8054620624
-161.8 25.9 2181.9 0.0487612784 -0.7926713228 -0.6076960564 0.9409220219 0.2405755967 -0.2383046746 0.3350941241 -0.5601745844 0.7575727105
159.8 305.9 2174.1 0.1652116328 0.6546142101 0.7376891971 -0.9798254967 0.1942295432 0.0470837094 -0.1124593765 -0.7305854559 0.6734966636
206.8 27.0 2142.1 -0.0542754978 0.6539169550 0.7546169758 -0.9573079348 0.1808138192 -0.2255390435 -0.2839289904 -0.7346420288 0.6161861420
-63.3 -97.2 2184.2 0.9877898097 0.0730774775 0.1375899762 -0.0686979368 0.9969761372 -0.0363207906 -0.1398281455 0.0264251605 0.9898231030
-92.3 -493.5 2173.7 0.9840750098 -0.0883380920 0.1542489827 0.0375743024 0.9515377283 0.3052279353 -0.1737369746 -0.2945713997 0.9397037625
119.7 -92.7 2170.8 0.8655926585 0.0016057962 -0.5007461905 -0.0247146264 0.9989131689 -0.0395185202 0.5001384616 0.0465826988 0.8646916151
119.1 -489.8 2152.3 0.8740859628 -0.0234185737 -0.4852063954 0.1400313079 0.9685841799 0.2055136710 0.4651504159 -0.2475807071 0.8499051929
-175.8 -243.1 2086.1 0 0 0 0 0 0 0 0 0
191.3 -246.8 2060.9 0 0 0 0 0 0 0 0 0
-58.5 -857.2 2286.3 0 0 0 0 0 0 0 0 0
128.0 -860.1 2247.0 0 0 0 0 0 0 0 0 0
12.9 502.4 2187.7 0 0.9979432821 -0.0338608287 0.0544302016 0.0349326916 0.9992116094 -0.0188628882 -0.0537485778 0.0207254849 0.9983394146
19.7 302.4 2183.6 0.9979432821 -0.0338608287 0.0544302016 0.0349326916 0.9992116094 -0.0188628882 -0.0537485778 0.0207254849 0.9983394146
25.8 103.7 2179.3 0.9980387688 -0.0308561493 0.0544654913 0.0319836736 0.9992892146 -0.0199526362 -0.0538111180 0.0216555111 0.9983162880
-120.8 297.9 2191.1 0.1556519866 -0.7847105861 -0.6000014544 0.9874818325 0.1393097043 0.0739759952 0.0255362839 -0.6040050387 0.7965712547
-163.7 25.5 2184.1 0.0425436720 -0.7847265601 -0.6183803678 0.9391226768 0.2426211685 -0.2432767302 0.3409378827 -0.5703850985 0.7472764850
160.1 306.8 2176.0 0.1631136388 0.6652000546 0.7286307812 -0.9790377617 0.2004397511 0.0361800082 -0.1219796315 -0.7192584872 0.6839504242
206.4 28.8 2141.4 -0.0512725897 0.6641163826 0.7458689809 -0.9587839246 0.1762653142 -0.2228541672 -0.2794719338 -0.7265534997 0.6277065277
-63.8 -96.7 2182.6 0.9898084998 0.0740681365 0.1216265634 -0.0706974119 0.9969906211 -0.0318050981 -0.1236162931 0.0228822734 0.9920662642
-93.2 -493.1 2173.5 0.9857228398 -0.0946781263 0.1392354220 0.0494115688 0.9531804323 0.2983380556 -0.1609625518 -0.2871987820 0.9442499280
119.2 -92.7 2169.6 0.8572933078 -0.0015354863 -0.5148260593 -0.0253815129 0.9986534715 -0.0452440567 0.5142022967 0.0518544912 0.8560999632
119.8 -489.7 2149.0 0.8672365546 -0.0150919296 -0.4976675212 0.1401237696 0.9665383697 0.2148694098 0.4777719676 -0.2560776472 0.8403322101
-175.9 -243.0 2086.6 0 0 0 0 0 0 0 0 0
191.8 -245.3 2061.4 0 0 0 0 0 0 0 0 0
-57.0 -857.5 2283.2 0 0 0 0 0 0 0 0 0
125.6 -859.2 2246.9 0 0 0 0 0 0 0 0 0
12.4 500.8 2187.2 1 0.9985172153 -0.0362641141 0.0405996293 0.0371168740 0.9991016388 -0.0204509124 -0.0398215242 0.0219275188 0.9989661574
19.6 301.1 2182.9 0.9985172153 -0.0362641141 0.0405996293 0.0371168740 0.9991016388 -0.0204509124 -0.0398215242 0.0219275188 0.9989661574
26.6 102.5 2178.6 0.9985688329 -0.0348348767 0.0405810773 0.0356655940 0.9991650581 -0.0199294612 -0.0398529544 0.0213482864 0.9989774823
-120.9 296.1 2188.5 0.1500642747 -0.7775678635 -0.6106299758 0.9884622693 0.1308441609 0.0763026252 0.0205668993 -0.6150349975 0.7882315516
-162.0 25.6 2182.8 0.0515446663 -0.7771650553 -0.6271822453 0.9403864145 0.2491783649 -0.2314810604 0.3361792564 -0.5778620839 0.7436793447
160.1 306.1 2177.3 0.1721362919 0.6733099222 0.7190430164 -0.9770749211 0.2095303982 0.0377044976 -0.1252745539 -0.7090492249 0.6939420104
209.1 28.2 2141.6 -0.0639725402 0.6713639498 0.7383616567 -0.9550709724 0.1733652949 -0.2403829098 -0.2893907130 -0.7205656767 0.6301096082
-59.6 -97.9 2179.9 0.9908058643 0.0809517503 0.1084001437 -0.0787460431 0.9965940118 -0.0244832970 -0.1100128964 0.0157221127 0.9938058257
-91.8 -494.1 2173.7 0.9880199432 -0.0850609317 0.1287680417 0.0430333503 0.9531457424 0.2994349599 -0.1482049376 -0.2903063893 0.9453874826
123.5 -92.0 2170.1 0.8500902653 0.0085367346 -0.5265678167 -0.0381321162 0.9982419014 -0.0453768969 0.5252546668 0.0586536042 0.8489212394
120.1 -488.9 2146.7 0.8628628850 -0.0093836617 -0.5053509474 0.1402951330 0.9649859667 0.2216288745 0.4855768681 -0.2621336281 0.8339670897
-176.7 -243.3 2086.7 0 0 0 0 0 0 0 0 0
190.8 -244.9 2058.9 0 0 0 0 0 0 0 0 0
-59.3 -858.5 2284.7 0 0 0 0 0 0 0 0 0
123.7 -857.8 2246.9 0 0 0 0 0 0 0 0 0
12.5 501.6 2181.0 2 0.9985074401 -0.0354174487 0.0415752716 0.0354628451 0.9993709326 -0.0003546954 -0.0415365547 0.0018285434 0.9991353154
19.6 301.1 2180.6 0.9985074401 -0.0354174487 0.0415752716 0.0354628451 0.9993709326 -0.0003546954 -0.0415365547 0.0018285434 0.9991353154
26.1 102.4 2179.4 0.9985929132 -0.0327250659 0.0417287983 0.0329560004 0.9994450212 -0.0048581213 -0.0415466577 0.0062265000 0.9991171360
-121.0 296.4 2186.5 0.1525677443 -0.7768958211 -0.6108648777 0.9881492257 0.1304582506 0.0808807835 0.0168564171 -0.6159654856 0.7875927687
-163.3 22.5 2181.8 0.0448966585 -0.7769274712 -0.6279872060 0.9425162077 0.2413085401 -0.2311566323 0.3311306238 -0.5815100074 0.7431007028
160.1 305.7 2174.8 0.1705644727 0.6717290878 0.7208937407 -0.9780865312 0.2040684968 0.0412655324 -0.1193924472 -0.7121348977 0.6918159723
208.9 25.8 2140.6 -0.0695054084 0.6697624326 0.7393154502 -0.9540462494 0.1719185412 -0.2454378009 -0.2914870381 -0.7224003673 0.6270350814
-58.1 -99.4 2178.1 0.9906330705 0.0834963545 0.1080485359 -0.0809904858 0.9963386059 -0.0273838565 -0.1099393815 0.0183764491 0.9937683940
