-54.7 469.1 2135.2 23 0.9990960360 0.0420439057 -0.0062745819 -0.0414833464 0.9965347052 0.0720948502 0.0092839878 -0.0717693940 0.9973780513
-63.3 265.9 2149.8 0.9990960360 0.0420439057 -0.0062745819 -0.0414833464 0.9965347052 0.0720948502 0.0092839878 -0.0717693940 0.9973780513
-71.1 70.7 2162.8 0.9991959929 0.0395612121 -0.0064982600 -0.0390414707 0.9970136285 0.0666305795 0.0091148401 -0.0663233027 0.9977565408
-205.7 271.5 2148.5 0.1596997082 -0.8700058460 -0.4664609730 0.9871655703 0.1405460536 0.0758352056 -0.0004178259 -0.4725850523 0.8812849522
-248.6 6.1 2148.6 0.0122035937 -0.8699203730 -0.4930412173 0.9561489820 0.1544504464 -0.2488455921 0.2926262915 -0.4683840573 0.8336583376
79.1 260.4 2151.1 0.0896029249 0.6891838312 0.7190250158 -0.9952670336 0.0892231166 0.0385072902 -0.0376150459 -0.7190722227 0.6939166188
104.0 -16.3 2140.6 -0.0839351043 0.6967543960 0.7123820782 -0.9515802264 0.1561146677 -0.2648081183 -0.2957195044 -0.7001153827 0.6499141455
-167.3 -123.8 2175.6 0.9105144143 -0.0085672010 -0.4133886099 0.0035433678 0.9999102950 -0.0129179768 0.4134621918 0.0102972165 0.9104630351
-164.0 -515.4 2171.6 0.9089018106 0.0541681089 -0.4134770930 -0.0554304682 0.9984223843 0.0089528505 0.4133097529 0.0147819668 0.9104704857
13.3 -130.0 2178.8 0.9195995331 -0.0457690768 0.3901818693 0.0641634837 0.9973520637 -0.0342323035 -0.3875819147 0.0565154366 0.9201012254
31.2 -520.6 2156.6 0.9220251441 0.0257969555 0.3862695694 -0.0414450392 0.9986206293 0.0322365463 -0.3849051297 -0.0457318649 0.9218224287
-252.0 -260.6 2067.0 0 0 0 0 0 0 0 0 0
80.4 -284.4 2057.3 0 0 0 0 0 0 0 0 0
-184.4 -891.5 2166.0 0 0 0 0 0 0 0 0 0
21.5 -896.6 2173.9 0 0 0 0 0 0 0 0 0
-54.7 470.6 2129.7 24 0.9990909100 0.0391785651 -0.0168031901 -0.0375151187 0.9952412844 0.0899300575 0.0202465598 -0.0892179310 0.9958063364
-62.7 268.1 2147.9 0.9990909100 0.0391785651 -0.0168031901 -0.0375151187 0.9952412844 0.0899300575 0.0202465598 -0.0892179310 0.9958063364
-69.9 73.0 2163.7 0.9991761446 0.0367909148 -0.0171316192 -0.0352819823 0.9960632920 0.0813212916 0.0200560614 -0.0806498602 0.9965406656
-205.1 273.1 2145.0 0.1597763747 -0.8650985956 -0.4754744768 0.9870487452 0.1329990029 0.0896995068 -0.0143612819 -0.4836483300 0.8751446009
-247.8 9.4 2148.8 0.0247316118 -0.8647493720 -0.5015943050 0.9582222700 0.1635242105 -0.2346698791 0.2849534452 -0.4748350680 0.8326662779
79.7 263.1 2150.7 0.0782596171 0.6964759231 0.7132998705 -0.9963358045 0.0794034600 0.0317822248 -0.0345029235 -0.7131734490 0.7001379728
101.5 -14.4 2141.1 -0.0670405403 0.7051220536 0.7059096694 -0.9531114697 0.1639958620 -0.2543302774 -0.2951001525 -0.6898610592 0.6610655189
-169.1 -121.1 2174.9 0.9062334895 -0.0076825512 -0.4227076769 0.0031462461 0.9999297261 -0.0114281755 0.4227657914 0.0090266531 0.9061940312
-166.1 -512.8 2171.4 0.9054225087 0.0384024344 -0.4227710664 -0.0418022051 0.9991251230 0.0012304082 0.4224484563 0.0165587235 0.9062356949
11.5 -128.1 2176.6 0.9233333468 -0.0498510562 0.3807497919 0.0623490699 0.9978427887 -0.0205527637 -0.3789038360 0.0427164473 0.9244496822
31.0 -518.9 2159.9 0.9250253439 0.0227866750 0.3792213500 -0.0275423490 0.9995952845 0.0071196374 -0.3789056540 -0.0170304924 0.9252786040
-254.7 -257.9 2069.4 0 0 0 0 0 0 0 0 0
82.6 -282.8 2058.0 0 0 0 0 0 0 0 0 0
-180.6 -889.0 2165.2 0 0 0 0 0 0 0 0 0
22.4 -895.2 2166.3 0 0 0 0 0 0 0 0 0
-55.1 469.5 2133.5 25 0.9989844561 0.0341155119 -0.0294314045 -0.0316354521 0.9962143898 0.0809693336 0.0320823006 -0.0799560323 0.9962819815
-62.0 267.0 2149.7 0.9989844561 0.0341155119 -0.0294314045 -0.0316354521 0.9962143898 0.0809693336 0.0320823006 -0.0799560323 0.9962819815
-68.3 71.8 2164.0 0.9990544915 0.0317820571 -0.0296660550 -0.0295177381 0.9968307614 0.0738724694 0.0319198556 -0.0729269460 0.9968263507
-204.4 271.3 2145.2 0.1641071886 -0.8594457507 -0.4841713011 0.9863028526 0.1347012073 0.0951956660 -0.0165970493 -0.4931618571 0.8697792292
-247.8 10.6 2149.6 0.0281718019 -0.8589912057 -0.5112146139 0.9574388266 0.1701549888 -0.2331483960 0.2872581482 -0.4828885496 0.8272251487
80.3 262.8 2154.3 0.0778553560 0.7045650482 0.7053557038 -0.9958312511 0.0886852369 0.0213314816 -0.0475252196 -0.7040759921 0.7085325122
102.0 -13.9 2141.1 -0.0680102035 0.7112390995 0.6996524334 -0.9546820521 0.1572744846 -0.2526795864 -0.2897530794 -0.6851304173 0.6683109403
-167.5 -118.8 2177.7 0.9010451436 -0.0089065479 -0.4336338043 0.0032636146 0.9999000430 -0.0137558309 0.4337129891 0.0109794112 0.9009841681
-164.0 -510.5 2173.4 0.8993307352 0.0556077547 -0.4337187707 -0.0610883422 0.9981315136 0.0013032055 0.4329808354 0.0253231470 0.9010473490
13.1 -125.2 2181.3 0.9279068708 -0.0462111495 0.3699370325 0.0618247427 0.9976222515 -0.0304547213 -0.3676500618 0.0511304066 0.9285575151
31.2 -516.0 2161.2 0.9295942187 0.0199976396 0.3680416048 -0.0236222129 0.9997066855 0.0053453185 -0.3678267598 -0.0136629343 0.9297939539
-255.6 -256.4 2069.5 0 0 0 0 0 0 0 0 0
82.8 -282.8 2059.5 0 0 0 0 0 0 0 0 0
-184.9 -886.4 2163.8 0 0 0 0 0 0 0 0 0
23.7 -892.4 2166.4 0 0 0 0 0 0 0 0 0
-54.6 468.9 2130.9 26 0.9990463257 0.0316341184 -0.0300948527 -0.0289616454 0.9959228635 0.0854337588 0.0326747745 -0.0844806880 0.9958892465
-61.0 265.3 2148.2 0.9990463257 0.0316341184 -0.0300948527 -0.0289616454 0.9959228635 0.0854337588 0.0326747745 -0.0844806880 0.9958892465
-66.7 70.1 2163.1 0.9991237521 0.0288309846 -0.0303393286 -0.0264100283 0.9966520071 0.0773772448 0.0324686170 -0.0765081793 0.9965401292
-203.4 269.0 2143.5 0.1686578691 -0.8587627411 -0.4838193059 0.9854077697 0.1354809701 0.1030359268 -0.0229350980 -0.4941371381 0.8690813780
-247.6 10.7 2149.5 0.0295716021 -0.8582536578 -0.5123730302 0.9587354064 0.1693581641 -0.2283510566 0.2827576995 -0.4844774902 0.8278464079
81.4 261.5 2152.8 0.0735945478 0.7051108479 0.7052676678 -0.9963974953 0.0818700045 0.0221220851 -0.0421417467 -0.7043550014 0.7085958719
101.6 -12.1 2141.2 -0.0662047416 0.7123382688 0.6987067461 -0.9556846023 0.1560389251 -0.2496374100 -0.2868517339 -0.6842704415 0.6704401970
-164.8 -120.7 2175.4 0.9009051919 -0.0021620446 -0.4340105951 -0.0025237643 0.9999445677 -0.0102200201 0.4340086281 0.0103026098 0.9008498192
-164.0 -512.4 2171.4 0.8993759155 0.0527907200 -0.4339770675 -0.0546758473 0.9984709024 0.0081475656 0.4337435961 0.0164003409 0.9008870721
15.8 -126.1 2181.2 0.9284502864 -0.0356242917 0.3697445095 0.0499639511 0.9983218312 -0.0292757116 -0.3680810928 0.0456549376 0.9286721349
29.8 -517.1 2163.3 0.9295038581 0.0095002744 0.3686900139 -0.0089362320 0.9999548197 -0.0032373643 -0.3687041402 -0.0002855567 0.9295467734
-255.9 -256.7 2070.7 0 0 0 0 0 0 0 0 0
82.9 -281.3 2060.4 0 0 0 0 0 0 0 0 0
-183.8 -888.4 2165.2 0 0 0 0 0 0 0 0 0
26.2 -893.6 2163.4 0 0 0 0 0 0 0 0 0
-54.0 465.8 2129.1 27 0.9980910420 0.0354285166 -0.0505877882 -0.0308303591 0.9955590367 0.0889478251 0.0535144173 -0.0872183815 0.9947507977
-61.2 262.9 2146.9 0.9980910420 0.0354285166 -0.0505877882 -0.0308303591 0.9955590367 0.0889478251 0.0535144173 -0.0872183815 0.9947507977
-67.4 67.7 2162.6 0.9982078671 0.0315929577 -0.0508231670 -0.0273587629 0.9962606430 0.0819525495 0.0532222465 -0.0804152191 0.9953395128
-203.5 266.7 2139.3 0.1651178747 -0.8498538733 -0.5004842877 0.9856755137 0.1245192885 0.1137487218 -0.0343498401 -0.5120970607 0.8582404852
-246.9 7.8 2148.3 0.0283692442 -0.8495077491 -0.5268128514 0.9581485987 0.1732998490 -0.2278562635 0.2848622501 -0.4983008802 0.8188710213
81.0 259.0 2154.4 0.0810856745 0.7183807492 0.6909082532 -0.9954123497 0.0936882570 0.0194090083 -0.0507869273 -0.6893123984 0.7226818800
103.3 -15.0 2140.5 -0.0734825954 0.7240073681 0.6858670712 -0.9535458684 0.1504568458 -0.2609848082 -0.2921483219 -0.6731835008 0.6793182492
-162.6 -122.7 2175.2 0.8917155862 0.0052877115 -0.4525653124 -0.0160259046 0.9996736050 -0.0198967140 0.4523123801 0.0249949787 0.8915092349
-164.7 -514.3 2165.4 0.8907460570 0.0507277995 -0.4516615868 -0.0403012894 0.9986529350 0.0326821059 0.4527110755 -0.0109089129 0.8915905356
18.0 -127.5 2181.1 0.9359920621 -0.0304047707 0.3507056236 0.0448800921 0.9984399080 -0.0332189463 -0.3491484821 0.0468323678 0.9358963966
29.9 -518.6 2162.7 0.9369239211 0.0047271941 0.3495013416 -0.0050392081 0.9999873042 -0.0000165358 -0.3494969904 -0.0017457173 0.9369358420
-254.8 -259.5 2068.8 0 0 0 0 0 0 0 0 0
82.6 -283.6 2058.2 0 0 0 0 0 0 0 0 0
-183.8 -890.2 2169.5 0 0 0 0 0 0 0 0 0
28.1 -895.2 2163.4 0 0 0 0 0 0 0 0 0
-54.8 467.9 2133.2 28 0.9984017611 0.0309947655 -0.0472566523 -0.0273258388 0.9967027307 0.0763998404 0.0494688302 -0.0749864131 0.9959567785
-61.2 263.5 2148.6 0.9984017611 0.0309947655 -0.0472566523 -0.0273258388 0.9967027307 0.0763998404 0.0494688302 -0.0749864131 0.9959567785
-66.5 68.3 2162.5 0.9985106587 0.0270600729 -0.0473734364 -0.0235873424 0.9970974922 0.0723890513 0.0491947904 -0.0711638257 0.9962507486
-203.5 266.9 2141.5 0.1657776237 -0.8517435193 -0.4970420301 0.9857852459 0.1291746199 0.1074305400 -0.0272980500 -0.5077862740 0.8610504866
-247.2 6.9 2148.7 0.0340830386 -0.8511064053 -0.5238857269 0.9577705860 0.1775622815 -0.2261574417 0.2855063975 -0.4940542281 0.8212165236
81.1 260.2 2155.6 0.0723082498 0.7163330317 0.6940018535 -0.9958265424 0.0907014534 0.0101354569 -0.0556866154 -0.6918383241 0.7199019194
101.2 -16.8 2140.1 -0.0613353997 0.7228325009 0.6882958412 -0.9534637332 0.1615227163 -0.2545924783 -0.2952031195 -0.6718806624 0.6792874932
-163.9 -124.9 2173.5 0.8934937119 -0.0012357635 -0.4490739703 -0.0041852309 0.9999298453 -0.0110786967 0.4490561783 0.0117782243 0.8934258819
-163.4 -516.6 2168.9 0.8914136291 0.0619810820 -0.4489321113 -0.0608517639 0.9980027676 0.0169584621 0.4490865767 0.0122013064 0.8934049010
16.6 -129.9 2183.2 0.9343244433 -0.0373433977 0.3544620275 0.0557783283 0.9975623488 -0.0419302732 -0.3520321548 0.0589477755 0.9341298342
31.2 -520.6 2160.1 0.9356712699 0.0231563840 0.3521123230 -0.0280154031 0.9995695353 0.0087096924 -0.3517590761 -0.0180139765 0.9359172583
-256.7 -260.3 2069.1 0 0 0 0 0 0 0 0 0
84.0 -285.4 2056.9 0 0 0 0 0 0 0 0 0
-186.7 -892.3 2164.3 0 0 0 0 0 0 0 0 0
22.5 -896.9 2166.9 0 0 0 0 0 0 0 0 0
-55.1 468.2 2134.7 29 0.9983395338 0.0326123387 -0.0474821702 -0.0290628131 0.9968630672 0.0736166239 0.0497340336 -0.0721144229 0.9961556196
-61.7 264.6 2149.5 0.9983395338 0.0326123387 -0.0474821702 -0.0290628131 0.9968630672 0.0736166239 0.0497340336 -0.0721144229 0.9961556196
-67.2 69.3 2162.5 0.9984704852 0.0280347429 -0.0476524122 -0.0247578174 0.9973767996 0.0680186227 0.0494342968 -0.0667348132 0.9965453744
-204.0 268.2 2142.4 0.1748177260 -0.8512461185 -0.4947916865 0.9839914441 0.1333697438 0.1182086840 -0.0346344337 -0.5075357556 0.8609343171
-250.5 6.8 2151.6 0.0252356920 -0.8509560227 -0.5246303678 0.9552380443 0.1752648354 -0.2383327186 0.2947599292 -0.4951323867 0.8172885180
80.6 261.1 2156.5 0.0828514472 0.7163002491 0.6928560734 -0.9950506687 0.0977349579 0.0179457404 -0.0548617207 -0.6909137368 0.7208525538
103.5 -14.6 2141.3 -0.0692131072 0.7215174437 0.6889282465 -0.9543533325 0.1532431692 -0.2563712299 -0.2905498445 -0.6752252579 0.6779761314
-162.0 -124.9 2172.0 0.8933359981 0.0029091910 -0.4493799210 -0.0043064356 0.9999885559 -0.0020871789 0.4493687153 0.0037997777 0.8933383226
-163.2 -516.6 2170.5 0.8915874958 0.0570050217 -0.4492461681 -0.0554242246 0.9983235598 0.0166810714 0.4494439363 0.0100264866 0.8932522535
18.5 -129.2 2180.9 0.9347143173 -0.0346773379 0.3537041247 0.0504314899 0.9980992675 -0.0354183391 -0.3518036306 0.0509438552 0.9346865416
32.0 -520.1 2160.9 0.9354106784 0.0298667885 0.3522993624 -0.0315330103 0.9995021820 -0.0010093905 -0.3521541357 -0.0101648644 0.9358868003
-257.5 -259.6 2069.4 0 0 0 0 0 0 0 0 0
84.0 -283.4 2059.4 0 0 0 0 0 0 0 0 0
-184.6 -892.5 2166.7 0 0 0 0 0 0 0 0 0
20.8 -896.5 2164.7 0 0 0 0 0 0 0 0 0
-54.8 468.4 2135.5 30 0.9980411530 0.0373358950 -0.0501989685 -0.0336482003 0.9968078732 0.0724004656 0.0527418628 -0.0705695376 0.9961115718
-62.4 265.3 2149.9 0.9980411530 0.0373358950 -0.0501989685 -0.0336482003 0.9968078732 0.0724004656 0.0527418628 -0.0705695376 0.9961115718
-68.7 69.9 2162.5 0.9982110262 0.0321395919 -0.0504162200 -0.0287715364 0.9973938465 0.0661645085 0.0524113290 -0.0645955950 0.9965342283
-204.7 269.4 2142.4 0.1670853198 -0.8507002592 -0.4983889759 0.9855043292 0.1290343553 0.1101423725 -0.0293888394 -0.5095676780 0.8599285483
-248.9 8.7 2150.2 0.0287283398 -0.8503175378 -0.5254852772 0.9563236237 0.1763677895 -0.2331084013 0.2908948362 -0.4958371520 0.8182455301
79.8 261.2 2157.4 0.0818708986 0.7184662223 0.6907267570 -0.9948766828 0.1001575142 0.0137415547 -0.0593086295 -0.6883129478 0.7229853272
102.5 -14.7 2140.9 -0.0595520660 0.7237274647 0.6875115037 -0.9540991783 0.1612424403 -0.2523800135 -0.2935103774 -0.6709839106 0.6809054613
-163.0 -123.8 2171.1 0.8919767141 0.0004953636 -0.4520810246 0.0008813472 0.9999955893 0.0028346744 0.4520804286 -0.0029269040 0.8919723630
-163.2 -515.5 2172.3 0.8898940086 0.0609606355 -0.4520757496 -0.0649594516 0.9978654981 0.0066880048 0.4515185058 0.0234149788 0.8919544816
17.5 -128.3 2180.1 0.9358835816 -0.0375498869 0.3503026068 0.0500080809 0.9983949661 -0.0265830848 -0.3487421870 0.0423966348 0.9362592697
32.2 -519.4 2163.5 0.9363277555 0.0309890993 0.3497570157 -0.0282457788 0.9995172024 -0.0129427891 -0.3499892354 0.0022395339 0.9367510676
-256.9 -258.1 2069.0 0 0 0 0 0 0 0 0 0
85.7 -283.5 2058.2 0 0 0 0 0 0 0 0 0
-186.1 -891.3 2163.5 0 0 0 0 0 0 0 0 0
20.6 -895.8 2162.6 0 0 0 0 0 0 0 0 0
-55.2 467.6 2136.4 31 0.9986063242 0.0282157287 -0.0446009226 -0.0250323415 0.9972054362 0.0703892112 0.0464623682 -0.0691746473 0.9965220094
-60.9 264.4 2150.5 0.9986063242 0.0282157287 -0.0446009226 -0.0250323415 0.9972054362 0.0703892112 0.0464623682 -0.0691746473 0.9965220094
-65.4 69.0 2163.0 0.9987384081 0.0227874201 -0.0447471291 -0.0198664479 0.9977089167 0.0646706894 0.0461182855 -0.0637001321 0.9969028831
-203.3 267.2 2143.9 0.1714766175 -0.8524817824 -0.4938325286 0.9849376678 0.1370373368 0.1054445282 -0.0222160444 -0.5044755340 0.8631401062
-248.1 9.8 2149.7 0.0370418578 -0.8516798019 -0.5227518082 0.9566718340 0.1814018339 -0.2277550846 0.2888025343 -0.4916654229 0.8214975595
81.4 261.5 2157.1 0.0737919211 0.7143150568 0.6959229708 -0.9955454469 0.0938271880 0.0092553850 -0.0586852357 -0.6935059428 0.7180567980
101.7 -12.7 2140.9 -0.0571363457 0.7202584147 0.6913488507 -0.9549120665 0.1626503915 -0.2483702749 -0.2913389504 -0.6743683219 0.6784902215
-165.3 -122.8 2170.4 0.8947681189 -0.0030110665 -0.4465209842 0.0061348649 0.9999657869 0.0055502830 0.4464890063 -0.0077055623 0.8947559595
-164.1 -514.5 2173.5 0.8928141594 0.0595015585 -0.4464778602 -0.0680667236 0.9976757765 -0.0031528207 0.4452525675 0.0332051665 0.8947890997
15.2 -128.0 2179.9 0.9334434867 -0.0412758216 0.3563418686 0.0529515110 0.9983305931 -0.0230686646 -0.3547948003 0.0404021367 0.9340708256
31.4 -519.1 2164.1 0.9344596863 0.0205476247 0.3554755747 -0.0205655433 0.9997815490 -0.0037287087 -0.3554745615 -0.0038262210 0.9346781373
-258.4 -257.1 2069.2 0 0 0 0 0 0 0 0 0
85.6 -281.7 2058.8 0 0 0 0 0 0 0 0 0
-186.5 -890.2 2161.0 0 0 0 0 0 0 0 0 0
23.6 -895.6 2165.5 0 0 0 0 0 0 0 0 0
-54.7 467.6 2130.3 32 0.9984105229 0.0310719833 -0.0470205434 -0.0269820113 0.9959943891 0.0852477700 0.0494810157 -0.0838435665 0.9952496886
-61.0 264.4 2147.4 0.9984105229 0.0310719833 -0.0470205434 -0.0269820113 0.9959943891 0.0852477700 0.0494810157 -0.0838435665 0.9952496886
-66.1 69.2 2162.5 0.9985415339 0.0261614602 -0.0472274162 -0.0224218983 0.9966976643 0.0780451223 0.0491132289 -0.0768723637 0.9958305955
-203.3 267.6 2140.4 0.1629480571 -0.8522143364 -0.4971706271 0.9860973358 0.1240434796 0.1105676964 -0.0325566009 -0.5082754493 0.8605789542
-246.4 6.9 2149.0 0.0434619747 -0.8512057066 -0.5230295062 0.9557867050 0.1878275126 -0.2262577415 0.2908312082 -0.4900710583 0.8217344880
81.3 261.2 2154.4 0.0860182568 0.7153636813 0.6934375763 -0.9950447679 0.0965234935 0.0238559563 -0.0498673320 -0.6920534968 0.7201216817
105.0 -12.5 2140.7 -0.0741070583 0.7202084064 0.6897884011 -0.9555873275 0.1465569288 -0.2556832135 -0.2852384746 -0.6781010032 0.6773611307
-160.1 -124.6 2171.3 0.8934836984 0.0103938468 -0.4489753842 -0.0081555750 0.9999427795 0.0069188182 0.4490216076 -0.0025201985 0.8935173154
-164.2 -516.3 2172.2 0.8917394280 0.0563845225 -0.4490228593 -0.0622107424 0.9980614185 0.0017804134 0.4482527971 0.0263463799 0.8935185075
20.4 -128.2 2179.6 0.9348185062 -0.0280678310 0.3540149927 0.0375377163 0.9990968704 -0.0199100897 -0.3531364202 0.0319012329 0.9350277781
31.4 -519.6 2167.1 0.9351097345 0.0190948248 0.3538434803 -0.0151090687 0.9997875094 -0.0140235154 -0.3540360630 0.0077672801 0.9351994991
-258.5 -259.7 2067.9 0 0 0 0 0 0 0 0 0
84.1 -281.7 2060.4 0 0 0 0 0 0 0 0 0
-185.4 -892.2 2162.3 0 0 0 0 0 0 0 0 0
24.2 -896.1 2164.2 0 0 0 0 0 0 0 0 0
-55.4 468.4 2128.3 33 0.9992101192 0.0355909877 -0.0176768284 -0.0338516980 0.9953220487 0.0904877186 0.0208146852 -0.0898178518 0.9957406521
-62.6 265.8 2146.6 0.9992101192 0.0355909877 -0.0176768284 -0.0338516980 0.9953220487 0.0904877186 0.0208146852 -0.0898178518 0.9957406521
-68.8 70.7 2162.6 0.9993337393 0.0317716375 -0.0179616231 -0.0301959645 0.9961691499 0.0820681602 0.0205002539 -0.0814711154 0.9964648485
-205.0 270.1 2143.7 0.1560945809 -0.8656825423 -0.4756346047 0.9875667095 0.1277065575 0.0916680098 -0.0186137371 -0.4840297699 0.8748535514
-246.8 5.8 2148.6 0.0320216194 -0.8651391864 -0.5005085468 0.9555075765 0.1734091043 -0.2386095077 0.2932231724 -0.4705990851 0.8321998715
79.8 261.5 2149.5 0.0899273530 0.6962873340 0.7121074200 -0.9955229759 0.0837372690 0.0438410677 -0.0291039497 -0.7128618360 0.7007003427
104.6 -13.9 2141.5 -0.0756435245 0.7039199471 0.7062398791 -0.9537657499 0.1555331349 -0.2571775913 -0.2908761501 -0.6930412650 0.6596096754
-161.5 -123.9 2173.1 0.9060215950 0.0040008384 -0.4232124984 -0.0056018126 0.9999811053 -0.0025391520 0.4231943190 0.0046712840 0.9060268998
-163.1 -515.6 2171.3 0.9039239287 0.0624970198 -0.4231023788 -0.0630514845 0.9979294538 0.0127011016 0.4230200946 0.0151964044 0.9059928656
19.0 -128.0 2182.0 0.9239922166 -0.0314077362 0.3811193705 0.0505720973 0.9979041219 -0.0403713770 -0.3790526092 0.0565768443 0.9236439466
31.3 -518.8 2159.8 0.9252518415 0.0178392697 0.3789338171 -0.0243061949 0.9996290207 0.0122889522 -0.3785740137 -0.0205808152 0.9253422022
-255.7 -260.8 2066.9 0 0 0 0 0 0 0 0 0
83.3 -282.6 2059.5 0 0 0 0 0 0 0 0 0
-186.6 -891.5 2165.5 0 0 0 0 0 0 0 0 0
24.6 -895.1 2167.6 0 0 0 0 0 0 0 0 0
-54.4 469.4 2132.8 34 0.9989874959 0.0441798121 -0.0084928731 -0.0434048995 0.9961377382 0.0763258561 0.0118321329 -0.0758799464 0.9970467687
-63.5 265.5 2148.3 0.9989874959 0.0441798121 -0.0084928731 -0.0434048995 0.9961377382 0.0763258561 0.0118321329 -0.0758799464 0.9970467687
-71.4 70.3 2162.0 0.9991467595 0.0403636545 -0.0087512750 -0.0396513455 0.9967421293 0.0702347308 0.0115576955 -0.0698278025 0.9974920750
-205.8 271.1 2146.7 0.1545645297 -0.8702155948 -0.4677976370 0.9879259467 0.1310572624 0.0826216936 -0.0105904061 -0.4749197960 0.8799653649
-246.8 9.2 2149.5 0.0302808080 -0.8696954846 -0.4926589131 0.9565113783 0.1682737917 -0.2382642776 0.2901189625 -0.4640190303 0.8369691372
78.9 259.8 2150.0 0.0876021609 0.6911422610 0.7173898816 -0.9956421256 0.0838660523 0.0407826044 -0.0319780782 -0.7178362608 0.6954771876
103.0 -14.6 2141.2 -0.0685445964 0.6993462443 0.7114889026 -0.9533095360 0.1643320918 -0.2533690333 -0.2941131294 -0.6956362724 0.6554293633
-165.3 -121.7 2176.7 0.9095453024 -0.0077604260 -0.4155323505 0.0029675784 0.9999214411 -0.0121787619 0.4155942202 0.0098440107 0.9094968438
-162.3 -513.3 2172.8 0.9073776007 0.0628959015 -0.4155838788 -0.0707628950 0.9974868894 -0.0035391885 0.4143168628 0.0326193012 0.9095479846
15.3 -127.1 2180.4 0.9208555222 -0.0406839140 0.3877756000 0.0569413900 0.9979108572 -0.0305224825 -0.3857237101 0.0501872785 0.9212483168
31.2 -518.0 2160.7 0.9222336411 0.0158679597 0.3863072693 -0.0175467804 0.9998456836 0.0008198677 -0.3862346709 -0.0075345589 0.9223697782
-255.2 -257.6 2068.6 0 0 0 0 0 0 0 0 0
83.7 -283.2 2058.3 0 0 0 0 0 0 0 0 0
-186.0 -889.0 2160.5 0 0 0 0 0 0 0 0 0
25.2 -894.4 2163.6 0 0 0 0 0 0 0 0 0
-53.9 470.0 2135.0 35 0.9988887906 0.0444976427 -0.0155280950 -0.0432807505 0.9965048432 0.0714485124 0.0186531134 -0.0706970543 0.9973233938
-63.0 266.6 2149.5 0.9988887906 0.0444976427 -0.0155280950 -0.0432807505 0.9965048432 0.0714485124 0.0186531134 -0.0706970543 0.9973233938
-70.8 71.3 2162.0 0.9990731478 0.0400333703 -0.0158167314 -0.0389329046 0.9971488118 0.0646410659 0.0183594339 -0.0639653653 0.9977832437
-205.4 272.1 2146.9 0.1644262820 -0.8660585880 -0.4721297324 0.9863194227 0.1386566758 0.0891535357 -0.0117482468 -0.4803299010 0.8770092130
-249.1 10.0 2150.0 0.0254742559 -0.8656846881 -0.4999411106 0.9570587873 0.1655824184 -0.2379516214 0.2887725234 -0.4724113941 0.8327291608
79.4 261.0 2152.1 0.0824290216 0.6962906122 0.7130110860 -0.9957973957 0.0861968845 0.0309455507 -0.0399122387 -0.7125654221 0.7004695535
102.2 -14.4 2141.0 -0.0697693601 0.7039206028 0.7068436742 -0.9534222484 0.1613908261 -0.2548314333 -0.2934591770 -0.6916999221 0.6598734260
-169.6 -121.4 2174.7 0.9065226912 -0.0156603921 -0.4218665361 0.0077391826 0.9997602701 -0.0204825252 0.4220861793 0.0153029719 0.9064265490
-163.4 -513.0 2168.7 0.9051095247 0.0506498851 -0.4221508801 -0.0456039682 0.9987162352 0.0220496431 0.4227257371 -0.0007055861 0.9062573910
11.0 -128.5 2176.7 0.9233335257 -0.0516276956 0.3805124760 0.0632801279 0.9978304505 -0.0181675516 -0.3787489831 0.0408535898 0.9245973229
31.2 -519.3 2160.7 0.9251964092 0.0156245930 0.3791668713 -0.0192350578 0.9997985363 0.0057356269 -0.3790008724 -0.0125998771 0.9253105521
-256.2 -256.9 2069.4 0 0 0 0 0 0 0 0 0
82.5 -283.0 2058.4 0 0 0 0 0 0 0 0 0
-182.5 -888.9 2168.9 0 0 0 0 0 0 0 0 0
25.3 -895.8 2165.5 0 0 0 0 0 0 0 0 0
-54.0 470.3 2135.7 36 0.9989345074 0.0446574464 -0.0116431704 -0.0437313616 0.9965627789 0.0703576058 0.0147451414 -0.0697734654 0.9974538684
-63.1 267.1 2149.9 0.9989345074 0.0446574464 -0.0116431704 -0.0437313616 0.9965627789 0.0703576058 0.0147451414 -0.0697734654 0.9974538684
-71.0 71.8 2162.2 0.9991093874 0.0404732376 -0.0119294850 -0.0396352559 0.9971847534 0.0636521578 0.0144721093 -0.0631226450 0.9979008436
-205.5 272.8 2147.8 0.1626687497 -0.8681876063 -0.4688167572 0.9866100550 0.1374356151 0.0878183767 -0.0118107060 -0.4768246114 0.8789191246
-248.4 12.2 2150.9 0.0364404656 -0.8674305677 -0.4962220788 0.9568012953 0.1736098081 -0.2332184911 0.2884498537 -0.4662873447 0.8362851143
79.3 261.5 2151.9 0.0812436640 0.6938909292 0.7154822350 -0.9960221648 0.0828807727 0.0327195786 -0.0365958996 -0.7152944803 0.6978642941
101.6 -11.9 2141.9 -0.0669382587 0.7025343776 0.7084946632 -0.9520373344 0.1675150990 -0.2560539246 -0.2985702455 -0.6916531920 0.6576257944
-169.0 -120.5 2172.9 0.9081488252 -0.0136717372 -0.4184242487 0.0065415953 0.9998080134 -0.0184701774 0.4185964167 0.0140365083 0.9080638885
-163.6 -512.1 2167.4 0.9065133333 0.0545540750 -0.4186376035 -0.0503545254 0.9985088706 0.0210819077 0.4191634655 0.0019692669 0.9079086781
11.6 -127.5 2176.2 0.9221819639 -0.0486338437 0.3836863339 0.0575956255 0.9982691407 -0.0118950885 -0.3824436963 0.0330680907 0.9233868718
30.7 -518.5 2163.2 0.9233559966 0.0080886176 0.3838597536 -0.0023126262 0.9998770952 -0.0155063039 -0.3839379847 0.0134301139 0.9232612252
-258.6 -254.7 2070.5 0 0 0 0 0 0 0 0 0
82.8 -280.1 2057.8 0 0 0 0 0 0 0 0 0
-184.2 -888.1 2166.6 0 0 0 0 0 0 0 0 0
27.6 -894.9 2158.2 0 0 0 0 0 0 0 0 0
-54.4 471.8 2136.0 37 0.9988812208 0.0442449749 -0.0166950729 -0.0428939387 0.9963299632 0.0740724429 0.0199111346 -0.0732734501 0.9971131086
-63.4 269.0 2150.9 0.9988812208 0.0442449749 -0.0166950729 -0.0428939387 0.9963299632 0.0740724429 0.0199111346 -0.0732734501 0.9971131086
-71.5 73.7 2163.8 0.9989983439 0.0413851738 -0.0170184337 -0.0401677079 0.9969745874 0.0665452257 0.0197209306 -0.0657949820 0.9976382852
-205.7 274.7 2148.1 0.1594338417 -0.8659769893 -0.4739881158 0.9871480465 0.1345265806 0.0862635002 -0.0109382076 -0.4816497266 0.8762955666
-247.9 13.4 2151.0 0.0424208269 -0.8649389148 -0.5000811219 0.9565070868 0.1797465831 -0.2297507375 0.2886082232 -0.4685848951 0.8349452019
79.0 263.3 2153.7 0.0810176954 0.6970625520 0.7124183774 -0.9958058596 0.0870918632 0.0280304663 -0.0425068513 -0.7117013335 0.7011949420
101.3 -10.9 2142.0 -0.0635208189 0.7054532766 0.7059042454 -0.9508911371 0.1719282568 -0.2573843896 -0.3029375672 -0.6875873208 0.6598882079
-169.2 -119.9 2173.3 0.9059287906 -0.0158070698 -0.4231349230 0.0114564300 0.9998521209 -0.0128233852 0.4232750535 0.0067694583 0.9059759378
-163.0 -511.6 2170.7 0.9041829109 0.0565105379 -0.4233908653 -0.0572868623 0.9982982278 0.0109037906 0.4232864976 0.0143957129 0.9058815241
11.4 -127.1 2175.9 0.9239317179 -0.0502634533 0.3792409599 0.0607560053 0.9980285168 -0.0157420821 -0.3777020574 0.0375857763 0.9251640439
31.1 -518.0 2161.2 0.9254122972 0.0199913550 0.3784341216 -0.0213575382 0.9997717142 -0.0005873228 -0.3783594668 -0.0075389049 0.9256280661
-259.8 -253.4 2070.5 0 0 0 0 0 0 0 0 0
83.4 -278.8 2056.6 0 0 0 0 0 0 0 0 0
-184.3 -887.5 2165.2 0 0 0 0 0 0 0 0 0
23.6 -894.4 2164.0 0 0 0 0 0 0 0 0 0
-54.5 468.8 2136.1 38 0.9989976287 0.0433201976 -0.0112722749 -0.0423340611 0.9961686730 0.0765234306 0.0145440977 -0.0759695321 0.9970040917
-63.3 266.5 2151.5 0.9989976287 0.0433201976 -0.0112722749 -0.0423340611 0.9961686730 0.0765234306 0.0145440977 -0.0759695321 0.9970040917
-71.1 71.3 2164.9 0.9991274476 0.0401213355 -0.0116041144 -0.0392340869 0.9968726635 0.0685972944 0.0143200392 -0.0680821612 0.9975769520
-205.7 272.1 2149.5 0.1640341282 -0.8671553731 -0.4702492952 0.9864475131 0.1423801184 0.0815426484 -0.0037559906 -0.4772520363 0.8787584305
-248.5 14.5 2150.5 0.0458995812 -0.8660158515 -0.4979053438 0.9573139548 0.1805268526 -0.2257433236 0.2853825986 -0.4662902057 0.8373351693
79.1 260.9 2153.6 0.0876135081 0.6927575469 0.7158287764 -0.9953425527 0.0898877457 0.0348338038 -0.0402128585 -0.7155467868 0.6974064112
103.0 -10.9 2142.6 -0.0610635616 0.7012494802 0.7102960348 -0.9500932097 0.1772792637 -0.2567000985 -0.3059315681 -0.6905224323 0.6554270387
-169.9 -117.9 2174.9 0.9082547426 -0.0146835661 -0.4181599617 0.0113763781 0.9998812079 -0.0104007386 0.4182629883 0.0046893745 0.9083138704
-164.1 -509.6 2173.0 0.9066112041 0.0556347258 -0.4182832241 -0.0615503602 0.9981037378 -0.0006527054 0.4174537361 0.0263372324 0.9083164334
10.7 -125.2 2178.4 0.9213678241 -0.0535594895 0.3849839866 0.0688569024 0.9972864389 -0.0260488279 -0.3825441599 0.0505093597 0.9225555658
31.7 -515.8 2158.7 0.9234107733 0.0255315583 0.3829630911 -0.0307598300 0.9994984269 0.0075339009 -0.3825786412 -0.0187367648 0.9237329364
-261.3 -252.5 2070.9 0 0 0 0 0 0 0 0 0
85.8 -278.6 2056.4 0 0 0 0 0 0 0 0 0
-185.1 -885.5 2163.1 0 0 0 0 0 0 0 0 0
22.1 -892.1 2165.7 0 0 0 0 0 0 0 0 0
-54.3 466.7 2136.7 39 0.9990236163 0.0430057384 -0.0101152593 -0.0421509258 0.9964159727 0.0733381361 0.0132329669 -0.0728401616 0.9972558618
-63.0 264.6 2151.5 0.9990236163 0.0430057384 -0.0101152593 -0.0421509258 0.9964159727 0.0733381361 0.0132329669 -0.0728401616 0.9972558618
-70.9 69.4 2164.4 0.9991487861 0.0399173051 -0.0104090264 -0.0391423330 0.9970332980 0.0662760586 0.0130237071 -0.0658122078 0.9977470040
-205.4 270.2 2149.6 0.1623812616 -0.8678335547 -0.4695713520 0.9867280722 0.1428629011 0.0771872848 0.0000986098 -0.4758730233 0.8795139790
-247.8 12.9 2149.6 0.0484281778 -0.8665868044 -0.4966709614 0.9576786160 0.1815405786 -0.2233712822 0.2837365270 -0.4648337066 0.8387032747
79.4 259.1 2153.3 0.0834953412 0.6921659708 0.7168924809 -0.9956179857 0.0883447006 0.0306604858 -0.0421115048 -0.7163110375 0.6965092421
102.1 -12.3 2141.9 -0.0518883504 0.7004452348 0.7118174434 -0.9518052936 0.1810636371 -0.2475533187 -0.3022817969 -0.6903567314 0.6572923660
-169.3 -120.4 2176.9 0.9088206291 -0.0139432037 -0.4169540703 0.0061104917 0.9997789860 -0.0201144032 0.4171423912 0.0157325882 0.9087049365
-163.9 -512.0 2170.8 0.9070305824 0.0570392981 -0.4171835184 -0.0547389910 0.9983475804 0.0174865611 0.4174915552 0.0069753597 0.9086540341
11.3 -127.5 2179.5 0.9207230210 -0.0541842803 0.3864365518 0.0730840638 0.9967333078 -0.0343728028 -0.3833116889 0.0598901846 0.9216752648
32.5 -517.9 2156.1 0.9228515625 0.0368348844 0.3833904266 -0.0454810075 0.9988738894 0.0135079389 -0.3824611008 -0.0299028046 0.9234876037
-261.3 -254.2 2070.4 0 0 0 0 0 0 0 0 0
87.5 -280.4 2056.7 0 0 0 0 0 0 0 0 0
-185.3 -888.0 2168.1 0 0 0 0 0 0 0 0 0
18.7 -894.1 2167.3 0 0 0 0 0 0 0 0 0
-53.9 466.2 2136.5 40 0.9990106821 0.0406872109 -0.0179512072 -0.0393495262 0.9968088269 0.0694535449 0.0207197927 -0.0686784610 0.9974236488
-62.1 263.9 2150.4 0.9990106821 0.0406872109 -0.0179512072 -0.0393495262 0.9968088269 0.0694535449 0.0207197927 -0.0686784610 0.9974236488
-69.2 68.5 2162.7 0.9991814494 0.0361363962 -0.0181811973 -0.0349158011 0.9973719120 0.0634834841 0.0204274803 -0.0627967119 0.9978172779
-204.5 268.8 2147.5 0.1753588766 -0.8636033535 -0.4726928473 0.9844272137 0.1477922052 0.0951869711 -0.0123434598 -0.4820235968 0.8760712743
-250.6 10.5 2150.8 0.0433485955 -0.8625871539 -0.5040479302 0.9552733898 0.1835133731 -0.2318956256 0.2925297320 -0.4714512229 0.8319615722
80.3 258.9 2153.3 0.0890101641 0.6970724463 0.7114542723 -0.9950450659 0.0940014794 0.0323889889 -0.0443002842 -0.7108120322 0.7019855976
104.8 -15.6 2141.1 -0.0567267388 0.7047891617 0.7071451545 -0.9506487846 0.1782733649 -0.2539398670 -0.3050391972 -0.6866518855 0.6598941088
-169.0 -122.4 2176.1 0.9056815505 -0.0139656244 -0.4237285554 0.0056260740 0.9997652173 -0.0209259298 0.4239212871 0.0165683012 0.9055474997
-163.5 -514.0 2169.6 0.9033964276 0.0645839199 -0.4239148498 -0.0589600541 0.9979116321 0.0263844132 0.4247335792 0.0011584588 0.9053176641
11.6 -129.5 2178.4 0.9238279462 -0.0519158207 0.3792712092 0.0677096695 0.9973003864 -0.0284134839 -0.3767722249 0.0519294962 0.9248492122
32.0 -520.1 2158.1 0.9257115126 0.0311516803 0.3769453168 -0.0379789993 0.9992213249 0.0106916679 -0.3763187528 -0.0242134053 0.9261738062
-262.7 -256.0 2069.2 0 0 0 0 0 0 0 0 0
88.8 -283.5 2055.2 0 0 0 0 0 0 0 0 0
-187.9 -889.8 2169.1 0 0 0 0 0 0 0 0 0
20.2 -896.4 2167.2 0 0 0 0 0 0 0 0 0
-53.8 467.3 2136.9 41 0.9986068010 0.0408740789 -0.0333735831 -0.0385181420 0.9969127774 0.0684197843 0.0360671468 -0.0670389757 0.9970982671
-62.1 264.7 2150.5 0.9986068010 0.0408740789 -0.0333735831 -0.0385181420 0.9969127774 0.0684197843 0.0360671468 -0.0670389757 0.9970982671
-69.0 69.4 2162.4 0.9988172054 0.0351207927 -0.0336261131 -0.0329957157 0.9975435138 0.0617922060 0.0357137024 -0.0606096014 0.9975224137
-204.5 269.4 2145.4 0.1731147766 -0.8570887446 -0.4852114618 0.9847816229 0.1429397464 0.0988604203 -0.0153761525 -0.4949415326 0.8687902093
-250.5 7.9 2149.5 0.0429353379 -0.8560159802 -0.5151633024 0.9539883137 0.1882860214 -0.2333551943 0.2967538238 -0.4814405739 0.8247133493
80.2 260.0 2155.6 0.0887043923 0.7072567344 0.7013697028 -0.9945499897 0.1016218588 0.0233089700 -0.0547890700 -0.6996148229 0.7124164701
104.8 -15.3 2140.4 -0.0554070920 0.7131163478 0.6988527179 -0.9530736804 0.1708629876 -0.2499127984 -0.2976249754 -0.6799050570 0.6701854467
-166.6 -123.7 2173.2 0.8990455270 -0.0118821450 -0.4376938939 0.0071976916 0.9998977184 -0.0123599553 0.4377959967 0.0079617770 0.8990390897
-161.9 -515.3 2170.1 0.8957746625 0.0772619247 -0.4377422929 -0.0676793978 0.9970030189 0.0374761112 0.4393258691 -0.0039440170 0.8983191252
14.0 -130.0 2176.9 0.9300428629 -0.0452136919 0.3646586835 0.0566694438 0.9981769323 -0.0207694229 -0.3630548418 0.0399814583 0.9309095740
31.7 -520.9 2161.2 0.9312099218 0.0273328815 0.3634570837 -0.0306668971 0.9995238781 0.0034046674 -0.3631909490 -0.0143165607 0.9316047430
-262.4 -258.2 2066.7 0 0 0 0 0 0 0 0 0
89.1 -283.8 2056.6 0 0 0 0 0 0 0 0 0
-191.0 -890.8 2171.6 0 0 0 0 0 0 0 0 0
21.5 -897.4 2166.6 0 0 0 0 0 0 0 0 0
-53.8 467.0 2137.1 42 0.9984639883 0.0401177369 -0.0382132865 -0.0373912938 0.9968760014 0.0695712715 0.0408849493 -0.0680355579 0.9968448281
-61.9 264.6 2150.9 0.9984639883 0.0401177369 -0.0382132865 -0.0373912938 0.9968760014 0.0695712715 0.0408849493 -0.0680355579 0.9968448281
-68.9 69.2 2162.9 0.9986169338 0.0358247794 -0.0384806469 -0.0333738253 0.9974836707 0.0625500232 0.0406246595 -0.0611792654 0.9972997308
-204.2 269.4 2145.1 0.1705453843 -0.8549925089 -0.4897979796 0.9852434397 0.1406624913 0.0975164175 -0.0144796064 -0.4992012084 0.8663651347
-249.4 8.5 2148.9 0.0501401089 -0.8535364270 -0.5186150074 0.9560189843 0.1912681758 -0.2223604620 0.2889873087 -0.4846566021 0.8255872726
80.4 259.9 2156.7 0.0907000974 0.7104476094 0.6978808641 -0.9943230152 0.1037521660 0.0236067679 -0.0556352772 -0.6960601211 0.7158247232
105.2 -12.7 2141.4 -0.0550572537 0.7157731056 0.6961591244 -0.9539003968 0.1683062315 -0.2484894544 -0.2950299978 -0.6777476668 0.6735097766
-166.2 -123.0 2171.0 0.8969497681 -0.0058438443 -0.4420938194 0.0009406647 0.9999356270 -0.0113092260 0.4421314597 0.0097279456 0.8968974948
-163.9 -514.7 2167.2 0.8948621154 0.0646814778 -0.4416311681 -0.0476751141 0.9976350665 0.0495115779 0.4437892139 -0.0232512187 0.8958294988
14.4 -129.0 2177.5 0.9317301512 -0.0446156152 0.3604002893 0.0582685061 0.9979330301 -0.0271007810 -0.3584462404 0.0462506004 0.9324039817
31.9 -519.9 2159.4 0.9331951141 0.0283319335 0.3582516313 -0.0357554145 0.9992609024 0.0141123794 -0.3575870097 -0.0259790383 0.9335184097
-263.4 -258.2 2068.3 0 0 0 0 0 0 0 0 0
89.7 -281.4 2058.3 0 0 0 0 0 0 0 0 0
-188.2 -890.4 2176.0 0 0 0 0 0 0 0 0 0
21.2 -896.2 2169.1 0 0 0 0 0 0 0 0 0
-53.8 465.0 2137.2 43 0.9983209968 0.0376886353 -0.0439863242 -0.0346121453 0.9970352054 0.0687228590 0.0464459844 -0.0670850128 0.9966656566
-61.5 262.8 2150.8 0.9983209968 0.0376886353 -0.0439863242 -0.0346121453 0.9970352054 0.0687228590 0.0464459844 -0.0670850128 0.9966656566
-68.1 67.5 2162.8 0.9984461069 0.0339467376 -0.0441919863 -0.0311272517 0.9975281954 0.0629965663 0.0462212786 -0.0615231022 0.9970348477
-203.8 267.3 2144.2 0.1716512740 -0.8523985147 -0.4939155877 0.9849841595 0.1390817016 0.1022861972 -0.0184939858 -0.5040565729 0.8634725809
-248.6 10.1 2149.0 0.0538091324 -0.8507093191 -0.5228749514 0.9561020732 0.1949456036 -0.2187808454 0.2880510986 -0.4881494045 0.8238548040
80.8 258.4 2157.4 0.0884334296 0.7142474651 0.6942838430 -0.9944429994 0.1032772288 0.0204188880 -0.0571195707 -0.6922314167 0.7194115520
105.0 -13.0 2141.8 -0.0503923669 0.7201766968 0.6919581890 -0.9513548017 0.1762412041 -0.2527115643 -0.3039485216 -0.6710324287 0.6762623191
-166.2 -123.1 2171.2 0.8944357634 -0.0083285132 -0.4471189380 0.0062267692 0.9999615550 -0.0061700558 0.4471531510 0.0027346120 0.8944532275
-163.0 -514.8 2170.1 0.8920016289 0.0665433630 -0.4471074343 -0.0581915565 0.9977793694 0.0324052572 0.4482709467 -0.0028876634 0.8938930631
14.3 -129.1 2178.5 0.9336377978 -0.0451506898 0.3553615510 0.0590456873 0.9978527427 -0.0283473153 -0.3533186018 0.0474486947 0.9342989922
32.0 -520.0 2159.9 0.9350272417 0.0293331984 0.3533604741 -0.0351597033 0.9993308783 0.0100795329 -0.3528283834 -0.0218486860 0.9354329109
-263.6 -256.6 2068.7 0 0 0 0 0 0 0 0 0
90.8 -281.1 2056.1 0 0 0 0 0 0 0 0 0
-188.0 -890.5 2171.2 0 0 0 0 0 0 0 0 0
20.9 -896.4 2168.2 0 0 0 0 0 0 0 0 0
-53.9 465.8 2137.2 44 0.9983445406 0.0341532938 -0.0462789610 -0.0309177767 0.9971435666 0.0689113364 0.0485003181 -0.0673664138 0.9965487719
-60.8 263.5 2150.9 0.9983445406 0.0341532938 -0.0462789610 -0.0309177767 0.9971435666 0.0689113364 0.0485003181 -0.0673664138 0.9965487719
-66.7 68.1 2162.9 0.9984636903 0.0301683117 -0.0464772880 -0.0272225160 0.9976572990 0.0627605692 0.0482617877 -0.0613989197 0.9969457984
-203.1 267.4 2144.0 0.1715312749 -0.8514419198 -0.4956043363 0.9849932194 0.1384572685 0.1030435115 -0.0191155393 -0.5058420897 0.8624142408
-248.1 8.8 2149.0 0.0534254275 -0.8497681618 -0.5244423747 0.9556423426 0.1958458573 -0.2199821621 0.2896437049 -0.4894267023 0.8225375414
81.5 259.7 2157.8 0.0894064233 0.7150847912 0.6932966113 -0.9940141439 0.1079442650 0.0168498568 -0.0627883151 -0.6906531453 0.7204553485
106.4 -16.5 2140.3 -0.0608852431 0.7203533649 0.6909297705 -0.9510667920 0.1682123095 -0.2591844201 -0.3029272854 -0.6729009151 0.6748625636
-165.0 -125.1 2170.7 0.8935573101 -0.0034248573 -0.4489361346 0.0008710383 0.9999822378 -0.0058949897 0.4489483535 0.0048764702 0.8935444355
-163.7 -516.8 2168.8 0.8914573193 0.0623657815 -0.4487920702 -0.0556330904 0.9980533719 0.0281864423 0.4496763051 -0.0001593198 0.8931915760
15.5 -130.7 2179.1 0.9343947172 -0.0419621430 0.3537593186 0.0567096658 0.9978961945 -0.0314206593 -0.3516965806 0.0494208708 0.9348086119
31.9 -521.6 2159.7 0.9353908896 0.0331310332 0.3520599902 -0.0368179195 0.9993148446 0.0037800781 -0.3516935408 -0.0164979678 0.9359697700
-263.0 -257.8 2068.2 0 0 0 0 0 0 0 0 0
89.2 -284.4 2055.0 0 0 0 0 0 0 0 0 0
-187.1 -892.7 2168.9 0 0 0 0 0 0 0 0 0
19.5 -898.0 2165.9 0 0 0 0 0 0 0 0 0
-54.4 465.0 2137.8 45 0.9980828762 0.0329224207 -0.0524083674 -0.0292437430 0.9971549511 0.0694751069 0.0545465499 -0.0678092986 0.9962061048
-61.1 262.8 2151.5 0.9980828762 0.0329224207 -0.0524083674 -0.0292437430 0.9971549511 0.0694751069 0.0545465499 -0.0678092986 0.9962061048
-66.7 67.4 2163.8 0.9982017875 0.0287941452 -0.0525749363 -0.0254017189 0.9976207018 0.0640912652 0.0542952977 -0.0626405254 0.9965581894
-203.3 266.4 2143.8 0.1746394783 -0.8477804065 -0.5007688999 0.9844696522 0.1410934329 0.1044614241 -0.0179051459 -0.5112348199 0.8592545390
-249.4 6.4 2148.5 0.0433762521 -0.8466718793 -0.5303444266 0.9543129206 0.1922022998 -0.2287904769 0.2956438959 -0.4961904883 0.8163269758
81.2 259.1 2159.2 0.0933121517 0.7185651660 0.6891711950 -0.9934324622 0.1132317483 0.0164471865 -0.0662176833 -0.6861797571 0.7244119048
107.1 -16.3 2140.9 -0.0686800703 0.7230868936 0.6873342991 -0.9501571059 0.1626077294 -0.2660079300 -0.3041127026 -0.6713449955 0.6758782268
-162.9 -124.8 2170.6 0.8908510804 0.0026750758 -0.4542876184 -0.0046396893 0.9999840856 -0.0032099467 0.4542717934 0.0049673379 0.8908492923
-163.9 -516.5 2168.6 0.8889274001 0.0606120862 -0.4540201426 -0.0549257360 0.9981592298 0.0257158708 0.4547431171 0.0020778498 0.8906202316
17.7 -129.7 2179.3 0.9365198612 -0.0385924093 0.3484840691 0.0547166392 0.9978330135 -0.0365423970 -0.3463186622 0.0532905571 0.9366021156
32.8 -520.6 2158.4 0.9374477863 0.0408534296 0.3457204998 -0.0510170348 0.9984905124 0.0203460343 -0.3443674445 -0.0367109813 0.9381169081
-261.5 -259.8 2066.0 0 0 0 0 0 0 0 0 0
87.7 -284.0 2055.2 0 0 0 0 0 0 0 0 0
-186.7 -892.4 2167.9 0 0 0 0 0 0 0 0 0
17.4 -896.6 2172.3 0 0 0 0 0 0 0 0 0
-53.7 464.4 2138.0 46 0.9977052212 0.0377455093 -0.0562102422 -0.0338218994 0.9970300794 0.0691888705 0.0586548746 -0.0671289563 0.9960187078
-61.4 262.3 2151.6 0.9977052212 0.0377455093 -0.0562102422 -0.0338218994 0.9970300794 0.0691888705 0.0586548746 -0.0671289563 0.9960187078
-68.0 66.9 2163.6 0.9978258610 0.0340343155 -0.0564381517 -0.0304699633 0.9975574017 0.0628558323 0.0584395491 -0.0609995089 0.9964255691
-203.6 266.7 2143.3 0.1713984460 -0.8466374874 -0.5038130283 0.9849804044 0.1364177912 0.1058482006 -0.0208859909 -0.5143882036 0.8573030829
-248.8 6.6 2148.8 0.0486580729 -0.8452556133 -0.5321422219 0.9536266327 0.1977532357 -0.2269137800 0.2970329821 -0.4964238107 0.8156805634
80.9 258.0 2159.9 0.0866940916 0.7218930125 0.6865527034 -0.9936952591 0.1118371785 0.0078843534 -0.0710904598 -0.6829077005 0.7270373106
104.8 -16.9 2140.3 -0.0618734471 0.7262178659 0.6846745610 -0.9521486759 0.1627674699 -0.2586883903 -0.2993068695 -0.6679179072 0.6813963652
-162.6 -125.7 2171.1 0.8888764381 0.0064036106 -0.4581022859 -0.0133683085 0.9998390675 -0.0119628171 0.4579519629 0.0167575181 0.8888189793
