-55.4 466.4 2136.7 3 0.9991390109 0.0402780212 -0.0099485125 -0.0394551493 0.9965982437 0.0723549724 0.0128289852 -0.0719001591 0.9973293543
-63.6 264.2 2151.3 0.9991390109 0.0402780212 -0.0099485125 -0.0394551493 0.9965982437 0.0723549724 0.0128289852 -0.0719001591 0.9973293543
-70.8 68.9 2163.8 0.9992778897 0.0365864560 -0.0102520483 -0.0358515717 0.9972746968 0.0644812360 0.0125832483 -0.0640671253 0.9978662729
-206.0 269.3 2149.5 0.1596933156 -0.8685763478 -0.4691195488 0.9871666431 0.1404817104 0.0759397820 -0.0000567862 -0.4752262831 0.8798636198
-248.3 7.8 2149.5 0.0419293121 -0.8676415682 -0.4954190552 0.9589977264 0.1740574688 -0.2236679792 0.2802950144 -0.4657275081 0.8393644094
78.8 259.1 2153.1 0.0854547918 0.6916158795 0.7171924114 -0.9952894449 0.0923358724 0.0295475759 -0.0457870141 -0.7163389921 0.6962484717
102.5 -16.7 2140.4 -0.0348127894 0.6984942555 0.7147684097 -0.9548918009 0.1877975613 -0.2300297171 -0.2949061990 -0.6905344725 0.6604486704
-168.8 -123.9 2175.0 0.9091943502 -0.0099011306 -0.4162542820 0.0066465577 0.9999349713 -0.0092671085 0.4163189828 0.0056589437 0.9092010260
-164.9 -515.6 2172.8 0.9077286720 0.0517586023 -0.4163528681 -0.0546790808 0.9984918833 0.0049159583 0.4159793854 0.0183034353 0.9091898203
11.8 -130.3 2177.1 0.9206240773 -0.0516554639 0.3870181143 0.0630204827 0.9978721142 -0.0167243611 -0.3853306472 0.0397869200 0.9219204187
32.1 -521.2 2161.5 0.9215837121 0.0269748680 0.3872412741 -0.0203882642 0.9995692968 -0.0211076625 -0.3876438737 0.0115572996 0.9217367768
-260.0 -259.7 2071.3 0 0 0 0 0 0 0 0 0
92.7 -285.7 2057.3 0 0 0 0 0 0 0 0 0
-184.4 -891.7 2165.9 0 0 0 0 0 0 0 0 0
21.9 -897.6 2157.1 0 0 0 0 0 0 0 0 0
-55.5 466.2 2136.5 4 0.9987128377 0.0414743386 -0.0291988607 -0.0392361730 0.9965268373 0.0734489560 0.0321436971 -0.0722087622 0.9968714714
-63.9 263.9 2151.1 0.9987128377 0.0414743386 -0.0291988607 -0.0392361730 0.9965268373 0.0734489560 0.0321436971 -0.0722087622 0.9968714714
-70.8 68.6 2163.9 0.9989357591 0.0354686156 -0.0294853151 -0.0334601216 0.9972566962 0.0660262108 0.0317462869 -0.0649693534 0.9973821640
-206.2 268.7 2146.6 0.1591201872 -0.8602718115 -0.4843688607 0.9872115850 0.1338270009 0.0866234228 -0.0096980575 -0.4919580817 0.8705648780
-248.0 9.9 2149.2 0.0438111573 -0.8591714501 -0.5098088384 0.9602273703 0.1770693660 -0.2158932388 0.2757608294 -0.4800738394 0.8327575326
78.4 259.2 2155.7 0.0958103761 0.7038732767 0.7038343549 -0.9940335751 0.1046888530 0.0306194741 -0.0521313809 -0.7025685906 0.7097039223
105.0 -16.6 2141.2 -0.0546661317 0.7094951272 0.7025868893 -0.9532520771 0.1723448783 -0.2482091039 -0.2971903980 -0.6833109856 0.6669062376
-168.3 -123.2 2175.2 0.9010299444 -0.0121355429 -0.4335871041 0.0109263444 0.9999263883 -0.0052807978 0.4336192608 0.0000206352 0.9010961652
-163.5 -514.9 2175.2 0.8991588354 0.0594449192 -0.4335662723 -0.0693006516 0.9975716472 -0.0069463961 0.4321005046 0.0362923369 0.9010949135
12.4 -129.7 2177.5 0.9280704856 -0.0466897264 0.3694661856 0.0568158031 0.9982472062 -0.0165676251 -0.3680450618 0.0363674425 0.9290964603
30.7 -520.7 2163.3 0.9290314913 0.0137795536 0.3697440624 -0.0058116410 0.9997264743 -0.0226550940 -0.3699550927 0.0188984759 0.9288573861
-260.2 -258.0 2072.2 0 0 0 0 0 0 0 0 0
89.6 -285.1 2057.5 0 0 0 0 0 0 0 0 0
-185.9 -890.5 2161.6 0 0 0 0 0 0 0 0 0
25.5 -897.2 2156.1 0 0 0 0 0 0 0 0 0
-55.3 464.9 2136.9 5 0.9985568523 0.0402505808 -0.0355539955 -0.0376016684 0.9966762662 0.0722673684 0.0383446291 -0.0708261877 0.9967513680
-63.5 262.6 2151.3 0.9985568523 0.0402505808 -0.0355539955 -0.0376016684 0.9966762662 0.0722673684 0.0383446291 -0.0708261877 0.9967513680
-70.2 67.3 2163.8 0.9987690449 0.0343183428 -0.0358148180 -0.0319284312 0.9973552227 0.0652928650 0.0379608348 -0.0640689805 0.9972231984
-205.8 267.2 2145.8 0.1714700162 -0.8566299081 -0.4866037667 0.9849146605 0.1373901367 0.1052002311 -0.0232631080 -0.4973018467 0.8672656417
-250.8 8.6 2152.0 0.0344931632 -0.8559352160 -0.5159313083 0.9577579498 0.1757840514 -0.2275955379 0.2854995430 -0.4862868190 0.8258420825
78.9 258.1 2156.7 0.0944574848 0.7079036832 0.6999644041 -0.9938299656 0.1081115976 0.0247756671 -0.0581354834 -0.6979858875 0.7137478590
104.9 -15.3 2140.7 -0.0635026470 0.7127023339 0.6985862851 -0.9536741972 0.1629234105 -0.2529061139 -0.2940628231 -0.6822838783 0.6693397760
-168.1 -123.7 2173.7 0.8983539343 -0.0103217829 -0.4391510785 0.0064511076 0.9999260902 -0.0103054326 0.4392249882 0.0064249146 0.8983541131
-164.0 -515.4 2171.2 0.8965204954 0.0574142784 -0.4392659962 -0.0600971468 0.9981619716 0.0078094532 0.4389069974 0.0193972997 0.8983231187
12.5 -129.7 2179.5 0.9302137494 -0.0455688089 0.3641783297 0.0595058240 0.9978590608 -0.0271347389 -0.3621621728 0.0469118394 0.9309338331
30.3 -520.6 2161.1 0.9317947030 0.0067545618 0.3629228473 -0.0064171902 0.9999771118 -0.0021351732 -0.3629289865 -0.0003394018 0.9318167567
-260.4 -258.6 2072.3 0 0 0 0 0 0 0 0 0
87.0 -284.0 2057.8 0 0 0 0 0 0 0 0 0
-185.7 -891.3 2163.9 0 0 0 0 0 0 0 0 0
27.8 -897.1 2161.2 0 0 0 0 0 0 0 0 0
-55.5 464.3 2136.6 6 0.9984767437 0.0364711434 -0.0414014347 -0.0333425179 0.9967084527 0.0738952383 0.0439602062 -0.0724022537 0.9964062572
-62.9 261.8 2151.3 0.9984767437 0.0364711434 -0.0414014347 -0.0333425179 0.9967084527 0.0738952383 0.0439602062 -0.0724022537 0.9964062572
-69.4 66.5 2164.0 0.9985848665 0.0330504254 -0.0416640304 -0.0302402396 0.9973371625 0.0663634613 0.0437464230 -0.0650096238 0.9969252944
-205.2 266.2 2145.0 0.1686522514 -0.8539490104 -0.4922676980 0.9854574203 0.1355732232 0.1024381369 -0.0207386296 -0.5023852587 0.8643951416
-249.3 8.6 2150.5 0.0381804630 -0.8530957699 -0.5203555226 0.9591322541 0.1773913652 -0.2204487324 0.2803704441 -0.4906729162 0.8250045776
79.4 257.5 2157.5 0.0972311646 0.7115867734 0.6958379149 -0.9935832620 0.1099887267 0.0263577737 -0.0577784814 -0.6939356923 0.7177150249
106.3 -17.3 2141.5 -0.0674099177 0.7164930105 0.6943296790 -0.9513325691 0.1635820568 -0.2611650825 -0.3007028401 -0.6781435609 0.6705961227
-167.2 -125.2 2172.9 0.8958420157 -0.0084051862 -0.4442931414 0.0040993528 0.9999348521 -0.0106512243 0.4443537295 0.0077205002 0.8958181739
-163.9 -516.9 2169.9 0.8936755657 0.0622727498 -0.4443715811 -0.0643395483 0.9978734255 0.0104454057 0.4440770447 0.0192558635 0.8957816362
13.4 -130.9 2179.8 0.9321842194 -0.0465506688 0.3589786291 0.0606454350 0.9977638721 -0.0280967746 -0.3568679690 0.0479617827 0.9329227805
31.6 -521.8 2161.0 0.9334807992 0.0222054049 0.3579392433 -0.0209220052 0.9997532964 -0.0074583483 -0.3580165505 -0.0005265822 0.9337151051
-259.9 -258.9 2072.3 0 0 0 0 0 0 0 0 0
87.3 -285.3 2056.8 0 0 0 0 0 0 0 0 0
-187.3 -892.7 2162.6 0 0 0 0 0 0 0 0 0
23.2 -898.3 2161.2 0 0 0 0 0 0 0 0 0
-54.5 467.3 2137.9 7 0.9982201457 0.0375209264 -0.0463542379 -0.0340431854 0.9967019558 0.0736629590 0.0489652604 -0.0719538033 0.9962053299
-62.1 265.0 2152.5 0.9982201457 0.0375209264 -0.0463542379 -0.0340431854 0.9967019558 0.0736629590 0.0489652604 -0.0719538033 0.9962053299
-68.6 69.7 2165.0 0.9983671904 0.0329674743 -0.0466487706 -0.0298834909 0.9974160790 0.0653306171 0.0486820191 -0.0638299137 0.9967727065
-204.4 269.3 2145.6 0.1674923897 -0.8513308167 -0.4971741438 0.9857520461 0.1367052346 0.0980030522 -0.0154667180 -0.5065051913 0.8620981574
-248.7 8.2 2149.7 0.0470902696 -0.8500275016 -0.5246291161 0.9566200972 0.1895466447 -0.2212465256 0.2875073254 -0.4914522171 0.8220792413
80.2 260.8 2159.5 0.0910328552 0.7150601149 0.6931104064 -0.9937682152 0.1101859361 0.0168457851 -0.0643252656 -0.6903246045 0.7206345797
105.6 -16.9 2141.5 -0.0706802532 0.7197819352 0.6905927062 -0.9509096742 0.1604928374 -0.2645993531 -0.3012889922 -0.6753932238 0.6731039286
-166.1 -126.1 2172.8 0.8936631680 -0.0011593919 -0.4487368464 -0.0047811526 0.9999153018 -0.0121051650 0.4487128854 0.0129634198 0.8935819268
-165.7 -517.8 2167.7 0.8920732141 0.0552487485 -0.4485008419 -0.0502676070 0.9984706044 0.0230141506 0.4490863979 0.0020147567 0.8934860826
14.4 -131.6 2180.7 0.9341507554 -0.0406069495 0.3545608521 0.0562026463 0.9978472590 -0.0337945074 -0.3524253070 0.0514964238 0.9344220161
30.3 -522.4 2160.5 0.9353713989 0.0107174106 0.3535045385 -0.0075826487 0.9999186993 -0.0102514848 -0.3535856605 0.0069084447 0.9353766441
-261.9 -258.6 2069.5 0 0 0 0 0 0 0 0 0
85.7 -284.8 2056.6 0 0 0 0 0 0 0 0 0
-186.5 -893.8 2167.0 0 0 0 0 0 0 0 0 0
26.3 -899.0 2157.9 0 0 0 0 0 0 0 0 0
-55.4 466.3 2138.1 8 0.9979703426 0.0328464694 -0.0545560457 -0.0287732389 0.9968550205 0.0738384202 0.0568097979 -0.0721187964 0.9957768321
-62.0 263.8 2152.8 0.9979703426 0.0328464694 -0.0545560457 -0.0287732389 0.9968550205 0.0738384202 0.0568097979 -0.0721187964 0.9957768321
-67.8 68.4 2165.5 0.9980702400 0.0292504225 -0.0547744744 -0.0255645793 0.9974372387 0.0668233931 0.0565887131 -0.0652941540 0.9962602258
-204.3 267.4 2144.7 0.1662103832 -0.8482327461 -0.5028670430 0.9857808352 0.1301540583 0.1062827185 -0.0247022938 -0.5133820176 0.8578045964
-247.7 9.8 2151.1 0.0521267913 -0.8466556668 -0.5295819044 0.9553042054 0.1967999786 -0.2205982953 0.2909924984 -0.4944127500 0.8190722466
80.2 260.1 2160.8 0.0903403759 0.7199172974 0.6881552935 -0.9935236573 0.1129626855 0.0122523447 -0.0689151958 -0.6848054528 0.7254599333
105.3 -15.6 2141.7 -0.0672844127 0.7240284085 0.6864806414 -0.9520227909 0.1592836380 -0.2613069713 -0.2985388041 -0.6711270809 0.6785742044
-165.3 -123.0 2173.1 0.8901142478 -0.0041987179 -0.4557180703 -0.0004219191 0.9999495149 -0.0100370441 0.4557372332 0.0091263922 0.8900675774
-163.6 -514.7 2169.6 0.8880068660 0.0616388209 -0.4556801915 -0.0615643822 0.9979900718 0.0150222322 0.4556902647 0.0147138257 0.8900167942
15.2 -128.4 2181.9 0.9367955923 -0.0401645303 0.3475641310 0.0562045425 0.9977632761 -0.0361874998 -0.3453332484 0.0534349754 0.9369576573
31.0 -519.2 2161.0 0.9379299879 0.0142812943 0.3465304375 -0.0104739415 0.9998624921 -0.0128574753 -0.3466663957 0.0084298728 0.9379506111
-262.2 -256.6 2070.0 0 0 0 0 0 0 0 0 0
86.3 -283.8 2057.6 0 0 0 0 0 0 0 0 0
-186.8 -890.5 2164.0 0 0 0 0 0 0 0 0 0
25.6 -895.8 2157.8 0 0 0 0 0 0 0 0 0
-54.8 464.1 2137.7 9 0.9980366826 0.0334981680 -0.0529216379 -0.0296718646 0.9969989657 0.0715025216 0.0551580228 -0.0697918534 0.9960354567
-61.6 261.3 2151.9 0.9980366826 0.0334981680 -0.0529216379 -0.0296718646 0.9969989657 0.0715025216 0.0551580228 -0.0697918534 0.9960354567
-67.1 66.0 2164.4 0.9981954694 0.0280261524 -0.0531070977 -0.0245238021 0.9975517988 0.0654901415 0.0548125170 -0.0640695766 0.9964389801
-203.9 264.8 2144.1 0.1706455052 -0.8484978676 -0.5009306669 0.9850352407 0.1344161332 0.1078792736 -0.0242021736 -0.5118434429 0.8587377667
-248.6 7.0 2150.4 0.0484604910 -0.8471145034 -0.5291962028 0.9568947554 0.1912737042 -0.2185562253 0.2863634527 -0.4957937300 0.8198686242
80.6 257.8 2159.7 0.0938803628 0.7187259793 0.6889262795 -0.9934208989 0.1132116318 0.0172653683 -0.0655853972 -0.6860146523 0.7246257663
106.6 -16.5 2141.6 -0.0803146437 0.7220542431 0.6871587634 -0.9526095390 0.1473206133 -0.2661422491 -0.2934017777 -0.6759691238 0.6760037541
-163.7 -124.6 2173.2 0.8909078240 0.0057544648 -0.4541477263 -0.0074511953 0.9999703169 -0.0019465783 0.4541230500 0.0051181652 0.8909242749
-166.0 -516.3 2171.2 0.8897297382 0.0466902219 -0.4540936351 -0.0496816039 0.9987508059 0.0053484458 0.4537761211 0.0178014301 0.8909379244
16.7 -129.3 2183.5 0.9362905622 -0.0359688662 0.3493797481 0.0534682497 0.9977450967 -0.0405692011 -0.3471327126 0.0566652864 0.9361025095
30.8 -520.1 2161.3 0.9373741746 0.0126525490 0.3480942547 -0.0099445805 0.9999048114 -0.0095650870 -0.3481821418 0.0055044135 0.9374107718
-262.1 -260.0 2070.5 0 0 0 0 0 0 0 0 0
83.9 -284.9 2058.9 0 0 0 0 0 0 0 0 0
-183.6 -892.4 2164.5 0 0 0 0 0 0 0 0 0
26.0 -896.7 2159.2 0 0 0 0 0 0 0 0 0
-55.1 465.6 2138.0 00 0.9980964065 0.0332500152 -0.0519424006 -0.0296559762 0.9972106814 0.0684940740 0.0540749431 -0.0668232888 0.9962984324
-61.9 261.4 2151.7 0.9980964065 0.0332500152 -0.0519424006 -0.0296559762 0.9972106814 0.0684940740 0.0540749431 -0.0668232888 0.9962984324
-67.6 66.1 2164.1 0.9982238412 0.0289634988 -0.0520603843 -0.0255698375 0.9975764155 0.0647110417 0.0538084693 -0.0632649288 0.9965451360
-204.2 265.1 2144.0 0.1674189568 -0.8491422534 -0.5009275079 0.9856917858 0.1340888441 0.1021365151 -0.0195596404 -0.5108597279 0.8594415188
-248.2 5.6 2149.1 0.0442999527 -0.8479864597 -0.5281633139 0.9582898021 0.1854866594 -0.2174289376 0.2823440433 -0.4965014160 0.8208338618
80.4 257.8 2159.3 0.0917901471 0.7182820439 0.6896705031 -0.9936062694 0.1117875874 0.0158165991 -0.0657358244 -0.6867127419 0.7239505649
105.8 -17.7 2141.1 -0.0749879107 0.7217932343 0.6880344152 -0.9537743330 0.1494468749 -0.2607301176 -0.2910178304 -0.6757811308 0.6772211194
-162.9 -127.2 2172.0 0.8913758993 0.0053823981 -0.4532328248 -0.0038857295 0.9999834895 0.0042332853 0.4532481432 -0.0020123085 0.8913820982
-165.0 -518.9 2172.8 0.8899215460 0.0511167310 -0.4532402456 -0.0559414774 0.9984302521 0.0027644532 0.4526700675 0.0228947829 0.8913841248
17.6 -131.6 2181.9 0.9361249804 -0.0326973796 0.3501441777 0.0491761416 0.9980565310 -0.0382733196 -0.3482122421 0.0530473478 0.9359135628
30.4 -522.6 2161.2 0.9370829463 0.0063928310 0.3490483165 -0.0033558358 0.9999510646 -0.0093047908 -0.3490907252 0.0075480118 0.9370585084
-260.6 -261.7 2070.4 0 0 0 0 0 0 0 0 0
84.7 -286.4 2059.1 0 0 0 0 0 0 0 0 0
-184.2 -894.9 2164.2 0 0 0 0 0 0 0 0 0
28.0 -899.2 2158.3 0 0 0 0 0 0 0 0 0
-55.8 464.8 2138.1 01 0.9982850552 0.0301401112 -0.0501849502 -0.0266083516 0.9972190857 0.0696140006 0.0521435626 -0.0681592748 0.9963108897
-62.0 259.6 2152.2 0.9982850552 0.0301401112 -0.0501849502 -0.0266083516 0.9972190857 0.0696140006 0.0521435626 -0.0681592748 0.9963108897
-67.5 64.2 2164.6 0.9983396530 0.0280396733 -0.0503161512 -0.0247362759 0.9975711107 0.0651155189 0.0520197563 -0.0637627766 0.9966083765
-204.3 263.1 2144.7 0.1682291925 -0.8495513201 -0.4999614358 0.9856206179 0.1368164718 0.0991627425 -0.0158408824 -0.5094543695 0.8603518605
-248.5 4.1 2148.9 0.0429610573 -0.8484651446 -0.5275047421 0.9569157958 0.1867085993 -0.2223783135 0.2871699333 -0.4952240288 0.8199308515
80.3 256.0 2159.6 0.0960746258 0.7167115808 0.6907200217 -0.9932259917 0.1145939231 0.0192451645 -0.0653590858 -0.6878900528 0.7228661180
106.8 -18.1 2141.5 -0.0840602815 0.7200893760 0.6887707710 -0.9512170553 0.1479289681 -0.2707456052 -0.2968501747 -0.6779294014 0.6725263596
-163.5 -127.0 2171.6 0.8922048807 -0.0008161862 -0.4516301155 0.0025891408 0.9999911785 0.0033077179 0.4516234398 -0.0041204961 0.8921991587
-163.1 -518.7 2173.2 0.8897488117 0.0661639422 -0.4516297281 -0.0704512149 0.9974882603 0.0073375846 0.4509808421 0.0252892561 0.8921752572
17.0 -131.6 2181.3 0.9354957342 -0.0339672118 0.3517014682 0.0485842712 0.9982798696 -0.0328164622 -0.3499818146 0.0477868244 0.9355368018
30.3 -522.7 2162.6 0.9364229441 0.0069934567 0.3508035541 -0.0039887330 0.9999489188 -0.0092871301 -0.3508505821 0.0072974199 0.9364030361
-260.5 -262.8 2068.8 0 0 0 0 0 0 0 0 0
83.1 -286.1 2057.9 0 0 0 0 0 0 0 0 0
-188.1 -894.4 2163.7 0 0 0 0 0 0 0 0 0
27.7 -899.3 2159.8 0 0 0 0 0 0 0 0 0
-54.6 466.0 2137.2 02 0.9982731342 0.0331372246 -0.0485045686 -0.0295010135 0.9968327284 0.0738528073 0.0507982150 -0.0722943395 0.9960888624
-61.3 262.5 2152.0 0.9982731342 0.0331372246 -0.0485045686 -0.0295010135 0.9968327284 0.0738528073 0.0507982150 -0.0722943395 0.9960888624
-66.8 67.1 2164.8 0.9984248877 0.0278228093 -0.0487202331 -0.0245365389 0.9974648356 0.0667973831 0.0504552089 -0.0654967427 0.9965763688
-203.6 265.9 2144.8 0.1689662635 -0.8501918316 -0.4986223578 0.9854748845 0.1369912028 0.1003629342 -0.0170208681 -0.5083377361 0.8609895706
-248.7 2.9 2149.3 0.0437708534 -0.8490648270 -0.5264722705 0.9577890038 0.1855324656 -0.2195858359 0.2841202915 -0.4946378767 0.8213458657
81.0 259.0 2159.2 0.0888836235 0.7159639597 0.6924559474 -0.9938830733 0.1095005199 0.0143568665 -0.0655452907 -0.6894963384 0.7213172913
106.0 -21.1 2140.7 -0.0728931203 0.7206021547 0.6895064712 -0.9510040879 0.1580573916 -0.2657236159 -0.3004626036 -0.6750928760 0.6737743020
-163.3 -129.0 2172.4 0.8929306269 -0.0014398308 -0.4501919746 0.0029157244 0.9999924302 0.0025849415 0.4501848221 -0.0036208092 0.8929280639
-162.7 -520.7 2173.9 0.8903516531 0.0678685606 -0.4501863718 -0.0760762319 0.9971020222 -0.0001393324 0.4488722980 0.0343725383 0.8929346204
17.2 -133.5 2181.8 0.9347543120 -0.0362734497 0.3534383178 0.0529714935 0.9978847504 -0.0376829766 -0.3513238132 0.0539464802 0.9346985221
31.4 -524.3 2160.7 0.9361338615 0.0210373737 0.3510140181 -0.0282165185 0.9994840026 0.0153495874 -0.3505099714 -0.0242736619 0.9362443686
-261.0 -264.3 2070.1 0 0 0 0 0 0 0 0 0
85.5 -289.0 2056.0 0 0 0 0 0 0 0 0 0
-188.3 -896.2 2160.9 0 0 0 0 0 0 0 0 0
23.5 -900.6 2169.8 0 0 0 0 0 0 0 0 0
-55.7 467.5 2137.2 03 0.9989047050 0.0314628705 -0.0346326977 -0.0288684815 0.9969125986 0.0730196461 0.0368231796 -0.0719398782 0.9967290163
-62.1 264.7 2151.9 0.9989047050 0.0314628705 -0.0346326977 -0.0288684815 0.9969125986 0.0730196461 0.0368231796 -0.0719398782 0.9967290163
-67.5 69.3 2164.7 0.9990251660 0.0271224752 -0.0348288454 -0.0247679036 0.9974894524 0.0663422346 0.0365407728 -0.0654149204 0.9971888661
-204.5 268.2 2146.7 0.1644221097 -0.8571602106 -0.4881001115 0.9863293171 0.1373810619 0.0909992829 -0.0109452475 -0.4963897765 0.8680307865
-248.1 6.7 2149.6 0.0444395319 -0.8560254574 -0.5150198936 0.9589521289 0.1810760349 -0.2182251811 0.2800640762 -0.4841816127 0.8289344311
80.2 261.1 2157.1 0.0861085281 0.7071551085 0.7017955184 -0.9947497845 0.1001250222 0.0211635940 -0.0553013496 -0.6999332905 0.7120639682
104.4 -17.9 2141.6 -0.0690765977 0.7133718729 0.6973729134 -0.9509993792 0.1640930325 -0.2620565891 -0.3013778329 -0.6813031435 0.6670812368
-162.5 -126.1 2173.1 0.8991028070 0.0037428990 -0.4377214909 -0.0043423269 0.9999905229 -0.0003685790 0.4377159476 0.0022321204 0.8991105556
-164.0 -517.8 2172.2 0.8973081708 0.0571499690 -0.4376892447 -0.0606813729 0.9981396198 0.0059260144 0.4372136593 0.0212421250 0.8991068006
18.0 -130.5 2182.2 0.9298082590 -0.0342866480 0.3664438128 0.0522646643 0.9978616238 -0.0392496325 -0.3643144965 0.0556466952 0.9296119809
31.5 -521.4 2160.4 0.9308832288 0.0221420657 0.3646452427 -0.0251106750 0.9996789098 0.0034009749 -0.3644528687 -0.0123223988 0.9311403036
-260.5 -260.8 2071.5 0 0 0 0 0 0 0 0 0
84.9 -285.8 2056.7 0 0 0 0 0 0 0 0 0
-185.5 -893.7 2164.2 0 0 0 0 0 0 0 0 0
23.1 -897.8 2165.0 0 0 0 0 0 0 0 0 0
-55.5 468.2 2137.3 04 0.9983384013 0.0341630802 -0.0464034714 -0.0306512639 0.9967579842 0.0743907467 0.0487944484 -0.0728448182 0.9961489439
-62.4 265.7 2152.1 0.9983384013 0.0341630802 -0.0464034714 -0.0306512639 0.9967579842 0.0743907467 0.0487944484 -0.0728448182 0.9961489439
-68.5 70.3 2164.7 0.9984344244 0.0308279246 -0.0466730967 -0.0277060736 0.9974271059 0.0661175698 0.0485912785 -0.0647209287 0.9967196584
-204.7 269.6 2145.1 0.1591473222 -0.8519480824 -0.4988552630 0.9872097969 0.1325031817 0.0886548981 -0.0094294557 -0.5065839887 0.8621390462
-247.2 6.2 2147.7 0.0452467203 -0.8507495522 -0.5236200094 0.9606360197 0.1808732748 -0.2108632624 0.2741006911 -0.4934673905 0.8254445791
79.8 261.7 2159.0 0.0884108320 0.7151114345 0.6933968663 -0.9941459298 0.1067530960 0.0166613311 -0.0621075518 -0.6908107400 0.7203632593
104.4 -14.1 2141.8 -0.0748258606 0.7198550701 0.6900795698 -0.9515622258 0.1554053575 -0.2652893960 -0.2982119620 -0.6765041351 0.6733585596
-163.1 -123.8 2174.2 0.8937612176 0.0018048268 -0.4485394657 -0.0009916765 0.9999974370 0.0020477579 0.4485419989 -0.0013854005 0.8937606812
-163.8 -515.6 2174.7 0.8912187815 0.0674966574 -0.4485234022 -0.0718180016 0.9973903894 0.0073908335 0.4478517771 0.0256252065 0.8937405348
17.5 -128.3 2180.8 0.9341451526 -0.0366421267 0.3550072312 0.0538224094 0.9978027344 -0.0386367515 -0.3528114557 0.0551996790 0.9340648055
31.9 -519.2 2159.2 0.9352444410 0.0268647559 0.3529817164 -0.0312110540 0.9994908571 0.0066260858 -0.3526239693 -0.0172139406 0.9356067777
-259.8 -261.8 2071.2 0 0 0 0 0 0 0 0 0
83.3 -282.2 2057.7 0 0 0 0 0 0 0 0 0
-189.2 -891.2 2165.1 0 0 0 0 0 0 0 0 0
21.8 -895.6 2165.7 0 0 0 0 0 0 0 0 0
-55.3 466.6 2137.3 05 0.9987152815 0.0323078260 -0.0390385203 -0.0294179134 0.9969373345 0.0724606663 0.0412600040 -0.0712191463 0.9966069460
-61.9 264.5 2151.7 0.9987152815 0.0323078260 -0.0390385203 -0.0294179134 0.9969373345 0.0724606663 0.0412600040 -0.0712191463 0.9966069460
-67.3 69.1 2164.3 0.9988412261 0.0278420895 -0.0392554551 -0.0252409801 0.9975485206 0.0652674288 0.0409764014 -0.0642009526 0.9970953465
-204.2 268.1 2145.9 0.1646954864 -0.8550987244 -0.4916111827 0.9862766266 0.1369243562 0.0922506750 -0.0115698874 -0.5000578761 0.8659147024
-247.7 7.9 2148.9 0.0439359099 -0.8540028930 -0.5184097290 0.9609985352 0.1779486984 -0.2116981000 0.2730411291 -0.4888898730 0.8285138607
80.5 260.9 2157.5 0.0830088258 0.7104366422 0.6988485456 -0.9949262738 0.0990812257 0.0174526107 -0.0568437949 -0.6967515349 0.7150567174
103.4 -13.5 2141.9 -0.0622337423 0.7167509794 0.6945465803 -0.9513559341 0.1677881330 -0.2583969831 -0.3017429709 -0.6768420339 0.6714432240
-164.8 -122.6 2173.0 0.8971398473 -0.0049095368 -0.4417193532 0.0033914589 0.9999853373 -0.0042263297 0.4417335987 0.0022935357 0.8971433043
-162.8 -514.3 2172.1 0.8940200806 0.0750110224 -0.4417029023 -0.0733047053 0.9970893860 0.0209571011 0.4419892728 0.0136428336 0.8969165683
15.7 -127.6 2181.8 0.9312299490 -0.0428552814 0.3619035780 0.0580651462 0.9978235364 -0.0312514007 -0.3597766161 0.0501162261 0.9316915274
32.5 -518.4 2162.2 0.9320958257 0.0322423242 0.3607739806 -0.0317258164 0.9994695187 -0.0073556253 -0.3608197570 -0.0045897015 0.9326242805
-259.9 -260.1 2072.8 0 0 0 0 0 0 0 0 0
85.8 -281.5 2056.9 0 0 0 0 0 0 0 0 0
-191.1 -889.8 2167.0 0 0 0 0 0 0 0 0 0
20.4 -894.8 2163.9 0 0 0 0 0 0 0 0 0
-55.5 465.2 2136.8 06 0.9987447262 0.0365987197 -0.0341977663 -0.0340774208 0.9968506098 0.0716073364 0.0367108025 -0.0703520775 0.9968464971
-63.0 262.8 2151.1 0.9987447262 0.0365987197 -0.0341977663 -0.0340774208 0.9968506098 0.0716073364 0.0367108025 -0.0703520775 0.9968464971
-69.1 67.4 2163.4 0.9989221096 0.0310978442 -0.0344615169 -0.0288526192 0.9975431561 0.0638370737 0.0363620445 -0.0627739578 0.9973651171
-205.3 266.9 2145.9 0.1582571566 -0.8580733538 -0.4885332882 0.9873662591 0.1335608512 0.0852608532 -0.0079111475 -0.4958544075 0.8683696389
-247.0 6.7 2148.0 0.0445324928 -0.8569197655 -0.5135225058 0.9587556124 0.1811027378 -0.2190648764 0.2807213366 -0.4825870693 0.8296416402
79.4 258.7 2156.2 0.0927125961 0.7070972323 0.7010120749 -0.9942710400 0.1033581570 0.0272423085 -0.0531923547 -0.6995217204 0.7126289010
104.7 -12.7 2141.7 -0.0628263727 0.7128018141 0.6985459328 -0.9523034692 0.1666072458 -0.2556563616 -0.2986151278 -0.6812896729 0.6683362722
-163.1 -124.0 2173.1 0.8991558552 -0.0012957976 -0.4376266599 0.0007519132 0.9999986887 -0.0014160675 0.4376279414 0.0009442081 0.8991556764
-162.6 -515.7 2172.8 0.8959394097 0.0760519356 -0.4376170039 -0.0803024471 0.9967315793 0.0088141859 0.4368570447 0.0272447430 0.8991182446
17.5 -128.5 2180.6 0.9299839139 -0.0356013216 0.3658722043 0.0497448519 0.9983320832 -0.0292997640 -0.3642188609 0.0454485677 0.9302037954
31.4 -519.6 2162.7 0.9305991530 0.0236875340 0.3652727306 -0.0200564209 0.9997045398 -0.0137323374 -0.3654900789 0.0054532378 0.9307992458
-259.5 -260.7 2069.7 0 0 0 0 0 0 0 0 0
87.0 -281.0 2057.6 0 0 0 0 0 0 0 0 0
-191.2 -891.0 2162.5 0 0 0 0 0 0 0 0 0
22.5 -896.1 2160.7 0 0 0 0 0 0 0 0 0
-55.6 464.6 2136.5 07 0.9985358715 0.0358465724 -0.0405106358 -0.0328555927 0.9968467355 0.0722291693 0.0429720655 -0.0707924217 0.9965650439
-62.8 262.4 2150.9 0.9985358715 0.0358465724 -0.0405106358 -0.0328555927 0.9968467355 0.0722291693 0.0429720655 -0.0707924217 0.9965650439
-68.7 67.0 2163.3 0.9987179041 0.0300239008 -0.0407571904 -0.0273450706 0.9975258708 0.0647641793 0.0426008254 -0.0635666326 0.9970679283
-205.2 266.3 2144.8 0.1592081487 -0.8549484611 -0.4936758876 0.9872016907 0.1331821382 0.0877229124 -0.0092497598 -0.5013238788 0.8652102351
-247.1 6.7 2147.2 0.0405375287 -0.8539882302 -0.5187107325 0.9581128359 0.1805235744 -0.2223309875 0.2835075557 -0.4879706502 0.8255350590
79.5 258.5 2157.0 0.0918469802 0.7109494805 0.6972194910 -0.9939972758 0.1072567254 0.0215736050 -0.0594437346 -0.6950157285 0.7165330052
104.7 -14.8 2140.6 -0.0552206524 0.7160291672 0.6958827972 -0.9533432126 0.1693563312 -0.2499103397 -0.2967952490 -0.6772153378 0.6732695699
-165.4 -125.3 2172.4 0.8964002728 -0.0080228820 -0.4431728721 0.0051862481 0.9999575615 -0.0076123527 0.4432151318 0.0045253104 0.8964038491
-162.3 -517.0 2170.6 0.8936768174 0.0699541643 -0.4432247281 -0.0680767447 0.9974762201 0.0201681033 0.4435169399 0.0121495295 0.8961836100
15.1 -130.5 2178.9 0.9320686460 -0.0419644378 0.3598430157 0.0529830903 0.9983785748 -0.0208076332 -0.3583863974 0.0384597406 0.9327808022
31.6 -521.6 2163.9 0.9327647090 0.0258248560 0.3595595062 -0.0221849270 0.9996523857 -0.0142467665 -0.3598024249 0.0053120796 0.9330133796
-258.4 -260.6 2068.2 0 0 0 0 0 0 0 0 0
89.2 -283.4 2057.0 0 0 0 0 0 0 0 0 0
-188.6 -892.7 2166.0 0 0 0 0 0 0 0 0 0
21.9 -898.1 2161.9 0 0 0 0 0 0 0 0 0
-55.8 464.1 2136.4 08 0.9983935952 0.0315110199 -0.0470886305 -0.0279759690 0.9968707561 0.0739326030 0.0492709726 -0.0724964887 0.9961509109
-62.2 262.2 2151.1 0.9983935952 0.0315110199 -0.0470886305 -0.0279759690 0.9968707561 0.0739326030 0.0492709726 -0.0724964887 0.9961509109
-67.4 66.8 2164.0 0.9985219240 0.0267858990 -0.0472917110 -0.0235852804 0.9974751472 0.0669852942 0.0489665680 -0.0657709017 0.9966325760
-204.5 265.5 2144.1 0.1661190838 -0.8507179022 -0.4986817539 0.9860558510 0.1382196546 0.0926778540 -0.0099150874 -0.5071236491 0.8618162870
-248.5 4.0 2146.7 0.0359722339 -0.8499570489 -0.5256225467 0.9580790997 0.1789257675 -0.2237631679 0.2842364907 -0.4955387115 0.8207624555
80.1 258.8 2158.1 0.0846285596 0.7149925232 0.6939911246 -0.9941477180 0.1075220481 0.0104552209 -0.0671439469 -0.6908145547 0.7199075818
103.5 -15.9 2139.5 -0.0460276790 0.7198424935 0.6926097274 -0.9542587996 0.1733592451 -0.2435912490 -0.2954176366 -0.6721408963 0.6789367199
-164.9 -125.9 2171.9 0.8936169744 -0.0075053982 -0.4487676322 0.0033114611 0.9999431968 -0.0101295058 0.4488181770 0.0075658215 0.8935911059
-161.9 -517.6 2169.0 0.8908538818 0.0710102990 -0.4487058520 -0.0643253550 0.9974735379 0.0301453657 0.4497128427 0.0020080479 0.8931709528
15.7 -130.8 2179.6 0.9343323708 -0.0386811867 0.3542975783 0.0504053310 0.9984424114 -0.0239188708 -0.3528205156 0.0402066633 0.9348267913
30.8 -521.9 2163.9 0.9353540540 0.0128754331 0.3534785211 -0.0120629603 0.9999170899 -0.0045016240 -0.3535071909 -0.0000533856 0.9354318380
-258.6 -263.2 2067.5 0 0 0 0 0 0 0 0 0
90.6 -284.7 2056.3 0 0 0 0 0 0 0 0 0
-188.7 -893.2 2168.2 0 0 0 0 0 0 0 0 0
26.0 -898.5 2163.9 0 0 0 0 0 0 0 0 0
-54.8 464.1 2137.3 09 0.9980581403 0.0356602743 -0.0510714911 -0.0318939053 0.9968398809 0.0727531463 0.0535044968 -0.0709830001 0.9960415363
-62.0 262.4 2151.7 0.9980581403 0.0356602743 -0.0510714911 -0.0318939053 0.9968398809 0.0727531463 0.0535044968 -0.0709830001 0.9960415363
-68.4 67.1 2164.5 0.9981597662 0.0323693901 -0.0512767099 -0.0289147962 0.9973515272 0.0667373911 0.0533011556 -0.0651319176 0.9964520931
-204.3 266.5 2144.1 0.1662679315 -0.8488472700 -0.5018099546 0.9860000610 0.1366115361 0.0956096053 -0.0126049258 -0.5106814504 0.8596776128
-248.7 3.4 2147.5 0.0331605263 -0.8482136130 -0.5286152363 0.9568522573 0.1797100008 -0.2283376008 0.2886765003 -0.4982348979 0.8175743818
80.2 258.3 2159.3 0.0963932797 0.7175723910 0.6897813082 -0.9931638241 0.1151768044 0.0189721398 -0.0658329278 -0.6868945956 0.7237691879
106.9 -16.8 2141.1 -0.0513543636 0.7221054435 0.6898742318 -0.9516468048 0.1741121709 -0.2530875206 -0.3028713763 -0.6695137620 0.6782479286
-162.9 -126.4 2172.4 0.8916534781 0.0040677115 -0.4527002573 -0.0067661772 0.9999676943 -0.0043417364 0.4526679814 0.0069343746 0.8916521668
-164.5 -518.1 2169.7 0.8898963928 0.0585841686 -0.4523851871 -0.0529863313 0.9982810616 0.0250475053 0.4530749619 0.0016805466 0.8914708495
17.6 -130.7 2181.3 0.9359326363 -0.0342331678 0.3505113125 0.0509911031 0.9979494214 -0.0386899635 -0.3484680653 0.0540841594 0.9357590079
31.0 -521.6 2160.1 0.9374080896 0.0145278983 0.3479295373 -0.0226802267 0.9995551109 0.0193694178 -0.3474933505 -0.0260481704 0.9373205900
-257.9 -263.5 2066.9 0 0 0 0 0 0 0 0 0
92.5 -284.9 2055.7 0 0 0 0 0 0 0 0 0
-186.6 -894.1 2169.1 0 0 0 0 0 0 0 0 0
25.5 -897.9 2169.9 0 0 0 0 0 0 0 0 0
-53.7 464.5 2136.8 10 0.9975094199 0.0367018059 -0.0602319837 -0.0323560089 0.9969081283 0.0716048628 0.0626737848 -0.0694776624 0.9956128001
-61.2 262.3 2150.9 0.9975094199 0.0367018059 -0.0602319837 -0.0323560089 0.9969081283 0.0716048628 0.0626737848 -0.0694776624 0.9956128001
-67.8 67.0 2163.2 0.9975956082 0.0338630080 -0.0604672916 -0.0299206246 0.9974395633 0.0649544448 0.0625120252 -0.0629890487 0.9960545301
-203.3 266.6 2142.0 0.1729379445 -0.8440899253 -0.5075476766 0.9847209454 0.1374906003 0.1068691313 -0.0204241201 -0.5182745457 0.8549703956
-249.5 3.4 2147.4 0.0252537485 -0.8437601328 -0.5361259580 0.9564226270 0.1764467061 -0.2326420546 0.2908917665 -0.5068879128 0.8114472628
81.0 258.1 2159.8 0.0898385867 0.7242280245 0.6836832762 -0.9934757948 0.1135839000 0.0102266883 -0.0702489540 -0.6801415086 0.7297071815
105.8 -16.2 2140.4 -0.0490837656 0.7284375429 0.6833516955 -0.9530278444 0.1705754548 -0.2502836585 -0.2988790274 -0.6635380387 0.6858487725
-164.9 -125.7 2172.4 0.8874117732 -0.0039405124 -0.4609607458 0.0047940104 0.9999882579 0.0006807414 0.4609526694 -0.0028139486 0.8874202967
-163.4 -517.4 2173.5 0.8852188587 0.0625153705 -0.4609548450 -0.0708101392 0.9974895716 -0.0007029839 0.4597536922 0.0332625732 0.8874233365
15.5 -130.9 2182.0 0.9389228225 -0.0400754623 0.3417862952 0.0575347170 0.9974973798 -0.0410943627 -0.3392840624 0.0582490116 0.9388787746
31.2 -521.6 2159.2 0.9409171343 0.0156243732 0.3382762969 -0.0262043774 0.9992991090 0.0267317705 -0.3376215398 -0.0340167023 0.9406670928
-256.6 -263.3 2066.3 0 0 0 0 0 0 0 0 0
92.0 -284.7 2056.2 0 0 0 0 0 0 0 0 0
-186.9 -892.9 2161.0 0 0 0 0 0 0 0 0 0
25.3 -897.9 2172.0 0 0 0 0 0 0 0 0 0
-53.4 464.2 2136.5 11 0.9975091815 0.0384391546 -0.0591426343 -0.0342938900 0.9969870448 0.0695753545 0.0616388582 -0.0673738271 0.9958219528
-61.2 261.6 2150.2 0.9975091815 0.0384391546 -0.0591426343 -0.0342938900 0.9969870448 0.0695753545 0.0616388582 -0.0673738271 0.9958219528
-67.8 66.2 2162.3 0.9976700544 0.0336175784 -0.0593660139 -0.0298411436 0.9975424409 0.0633922368 0.0613512136 -0.0614729896 0.9962214231
-203.4 265.9 2141.5 0.1701891571 -0.8455038667 -0.5061213970 0.9851197600 0.1334871650 0.1082601696 -0.0239736848 -0.5170148611 0.8556406498
-248.5 4.7 2147.8 0.0293827672 -0.8450610638 -0.5338618159 0.9564006329 0.1790296882 -0.2307513207 0.2905760705 -0.5038056970 0.8134773374
81.0 257.4 2159.0 0.0939547718 0.7239238620 0.6834520698 -0.9937614202 0.1096277088 0.0204937737 -0.0600893497 -0.6811137795 0.7297076583
107.0 -17.7 2142.3 -0.0569196418 0.7291610837 0.6819708943 -0.9494600296 0.1716636419 -0.2627874315 -0.3086839616 -0.6624618769 0.6825382710
-164.6 -125.7 2169.9 0.8879168034 -0.0052796477 -0.4599737525 0.0060327915 0.9999817610 0.0001675435 0.4599644840 -0.0029236905 0.8879324794
-162.5 -517.4 2171.1 0.8853815198 0.0670734346 -0.4600008130 -0.0675783828 0.9975952506 0.0153901717 0.4599269032 0.0174599364 0.8877850771
15.8 -131.1 2181.2 0.9387515187 -0.0380035788 0.3424928486 0.0526567213 0.9980477691 -0.0335837267 -0.3405479193 0.0495613217 0.9389200211
30.6 -522.0 2161.8 0.9401231408 0.0079290047 0.3407427669 -0.0104302326 0.9999304414 0.0055092857 -0.3406753540 -0.0087334327 0.9401404262
-256.7 -262.1 2066.8 0 0 0 0 0 0 0 0 0
91.0 -285.2 2055.4 0 0 0 0 0 0 0 0 0
-187.8 -893.0 2164.5 0 0 0 0 0 0 0 0 0
27.7 -898.5 2165.1 0 0 0 0 0 0 0 0 0
-53.2 466.9 2136.9 12 0.9977174401 0.0361604504 -0.0570291802 -0.0320277698 0.9969056845 0.0717859864 0.0594485290 -0.0697956160 0.9957883358
-60.6 264.3 2151.1 0.9977174401 0.0361604504 -0.0570291802 -0.0320277698 0.9969056845 0.0717859864 0.0594485290 -0.0697956160 0.9957883358
-67.0 68.9 2163.4 0.9978258610 0.0325895548 -0.0572839379 -0.0288822576 0.9975064397 0.0643954650 0.0592397153 -0.0626009777 0.9962789416
-202.8 268.4 2142.6 0.1735619754 -0.8458147645 -0.5044537783 0.9845713973 0.1374486685 0.1082914695 -0.0222580247 -0.5154660344 0.8566209078
-249.4 4.1 2148.6 0.0322133191 -0.8452278972 -0.5334342718 0.9560660720 0.1816498190 -0.2300891578 0.2913759947 -0.5025864244 0.8139452338
81.6 260.2 2159.5 0.0830793530 0.7226047516 0.6862508059 -0.9942461252 0.1068297178 0.0078770909 -0.0676199570 -0.6829566360 0.7273223400
104.8 -17.7 2140.6 -0.0499663055 0.7274568677 0.6843316555 -0.9532150626 0.1697992384 -0.2500984073 -0.2981348038 -0.6648117900 0.6849386096
-164.5 -126.4 2168.8 0.8889220357 -0.0047921180 -0.4580334127 0.0026637965 0.9999824762 -0.0052924664 0.4580507278 0.0034844822 0.8889192343
-162.7 -518.1 2167.4 0.8864049911 0.0679180324 -0.4579010010 -0.0602304153 0.9976908565 0.0313881375 0.4589754641 -0.0002430357 0.8884488940
15.8 -131.8 2179.9 0.9379963279 -0.0369623341 0.3446688652 0.0524558797 0.9979837537 -0.0357317254 -0.3426532149 0.0515961386 0.9380440116
30.3 -522.8 2159.6 0.9397025704 0.0036850329 0.3419728577 -0.0118240612 0.9996942282 0.0217186660 -0.3417882621 -0.0244525950 0.9394587874
-258.4 -262.6 2067.3 0 0 0 0 0 0 0 0 0
90.8 -286.3 2056.6 0 0 0 0 0 0 0 0 0
-188.2 -893.8 2167.5 0 0 0 0 0 0 0 0 0
28.9 -899.2 2168.9 0 0 0 0 0 0 0 0 0
-53.9 469.9 2132.6 13 0.9986641407 0.0314336307 -0.0410110988 -0.0279827639 0.9962259531 0.0821635500 0.0434390195 -0.0809061900 0.9957746863
-60.3 265.9 2149.2 0.9986641407 0.0314336307 -0.0410110988 -0.0279827639 0.9962259531 0.0821635500 0.0434390195 -0.0809061900 0.9957746863
-65.9 70.6 2163.5 0.9987351298 0.0287623536 -0.0412413888 -0.0256312098 0.9968886971 0.0745385736 0.0432569757 -0.0733872280 0.9963649511
-202.6 269.5 2143.0 0.1760578007 -0.8527167439 -0.4918107688 0.9840672612 0.1398723423 0.1097601727 -0.0248036161 -0.5032989979 0.8637562394
-249.7 6.3 2149.6 0.0291028973 -0.8522454500 -0.5223319530 0.9538280964 0.1799558550 -0.2404742837 0.2989397943 -0.4912163913 0.8181329370
82.0 262.2 2155.3 0.0716750547 0.7122894526 0.6982166171 -0.9961598516 0.0864084736 0.0141101889 -0.0502812974 -0.6965467334 0.7157474756
102.0 -14.9 2141.3 -0.0392575711 0.7191612720 0.6937332749 -0.9551379085 0.1769507974 -0.2374868840 -0.2935480475 -0.6719341278 0.6799515486
-163.6 -123.8 2170.3 0.8962946534 -0.0003383205 -0.4434588552 -0.0019191576 0.9999873638 -0.0046417993 0.4434548318 0.0050114873 0.8962827325
-163.4 -515.6 2168.3 0.8945026398 0.0573833175 -0.4433646500 -0.0557422116 0.9983047843 0.0167457722 0.4435739815 0.0097349901 0.8961849213
16.8 -129.1 2181.0 0.9320344925 -0.0356237926 0.3606142700 0.0543172359 0.9976470470 -0.0418329611 -0.3582755327 0.0585773326 0.9317764640
30.8 -519.9 2158.0 0.9339590073 0.0101033049 0.3572373092 -0.0215529129 0.9993731976 0.0280837566 -0.3567296565 -0.0339285843 0.9335913658
-257.9 -259.8 2066.3 0 0 0 0 0 0 0 0 0
90.9 -284.0 2058.6 0 0 0 0 0 0 0 0 0
-185.0 -891.5 2164.6 0 0 0 0 0 0 0 0 0
27.0 -896.2 2170.8 0 0 0 0 0 0 0 0 0
-54.5 468.1 2134.4 14 0.9990616441 0.0288844258 -0.0322729982 -0.0264600571 0.9969679713 0.0731763467 0.0342888013 -0.0722537339 0.9967967272
-60.5 263.0 2149.3 0.9990616441 0.0288844258 -0.0322729982 -0.0264600571 0.9969679713 0.0731763467 0.0342888013 -0.0722537339 0.9967967272
-65.5 67.7 2162.5 0.9991426468 0.0257538743 -0.0324141532 -0.0235023014 0.9974068403 0.0680239424 0.0340819769 -0.0672038198 0.9971569777
-202.9 266.4 2144.4 0.1709402353 -0.8575743437 -0.4851243794 0.9851570725 0.1409436762 0.0979816839 -0.0156513620 -0.4946727455 0.8689383864
-247.9 6.7 2148.6 0.0370360725 -0.8567751646 -0.5143584609 0.9555805326 0.1809655726 -0.2326312661 0.2923938632 -0.4828951955 0.8254199028
81.9 259.7 2154.2 0.0785845220 0.7061244249 0.7037135363 -0.9958652258 0.0878744051 0.0230339821 -0.0455735549 -0.7026139498 0.7101103067
103.5 -14.3 2141.6 -0.0435356684 0.7134611607 0.6993409991 -0.9536048174 0.1790508628 -0.2420302182 -0.2978967726 -0.6774318814 0.6725648642
-161.8 -122.3 2174.0 0.9002537727 0.0053721857 -0.4353323579 -0.0116513595 0.9998630285 -0.0117559163 0.4352095723 0.0156555213 0.9001930356
-163.9 -513.9 2167.9 0.8985348940 0.0598492511 -0.4348024130 -0.0535369813 0.9982071519 0.0267641190 0.4356246889 -0.0007704853 0.9001280665
18.7 -127.0 2181.8 0.9289505482 -0.0304089058 0.3689527512 0.0494315960 0.9978849888 -0.0422138534 -0.3668887615 0.0574525073 0.9284890294
30.6 -517.8 2159.3 0.9304222465 0.0101318061 0.3663492203 -0.0187183414 0.9996268749 0.0198934134 -0.3660109639 -0.0253667235 0.9302647710
-258.3 -259.9 2067.0 0 0 0 0 0 0 0 0 0
91.3 -283.0 2057.7 0 0 0 0 0 0 0 0 0
-186.5 -889.9 2168.1 0 0 0 0 0 0 0 0 0
26.8 -894.3 2168.9 0 0 0 0 0 0 0 0 0
-54.3 469.1 2135.9 15 0.9989717603 0.0297244098 -0.0342321917 -0.0272548255 0.9971408844 0.0704781786 0.0362292416 -0.0694727227 0.9969257712
-60.3 265.1 2150.1 0.9989717603 0.0297244098 -0.0342321917 -0.0272548255 0.9971408844 0.0704781786 0.0362292416 -0.0694727227 0.9969257712
-65.2 69.7 2162.6 0.9991035461 0.0247002784 -0.0343808196 -0.0224260669 0.9976312518 0.0650306568 0.0359056555 -0.0642013326 0.9972907901
-202.7 268.3 2144.9 0.1690735966 -0.8564818501 -0.4877017140 0.9855765700 0.1432681829 0.0900722295 -0.0072730910 -0.4958962202 0.8683513403
-248.1 3.9 2146.9 0.0350202136 -0.8557673097 -0.5161742568 0.9552017450 0.1805393100 -0.2345104814 0.2938761413 -0.4848379493 0.8237529993
82.1 261.9 2155.2 0.0852944106 0.7068478465 0.7022043467 -0.9950272441 0.0968131274 0.0234092958 -0.0514357910 -0.7007091641 0.7115904689
106.1 -18.0 2140.7 -0.0556071624 0.7133195996 0.6986293793 -0.9527722001 0.1713142395 -0.2507520914 -0.2985515296 -0.6795782447 0.6701048017
-160.9 -125.5 2172.5 0.8994660974 0.0054928153 -0.4369560778 -0.0069097420 0.9999747872 -0.0016532596 0.4369359612 0.0045063044 0.8994813561
-163.0 -517.2 2170.8 0.8969031572 0.0705703273 -0.4365598559 -0.0637984499 0.9975064993 0.0301753040 0.4376007617 0.0007875157 0.8991690278
19.7 -129.8 2178.7 0.9297066331 -0.0301679801 0.3670632839 0.0476486608 0.9981160164 -0.0386530980 -0.3652056754 0.0534261167 0.9293925166
31.6 -520.8 2157.8 0.9309082627 0.0258549098 0.3643368185 -0.0379626155 0.9989380240 0.0261084270 -0.3632748723 -0.0381357297 0.9309011698
-257.9 -262.5 2064.9 0 0 0 0 0 0 0 0 0
90.4 -286.4 2056.6 0 0 0 0 0 0 0 0 0
-189.6 -892.9 2170.5 0 0 0 0 0 0 0 0 0
21.8 -896.9 2172.1 0 0 0 0 0 0 0 0 0
-53.9 467.2 2130.1 16 0.9972168207 0.0279165786 -0.0691322237 -0.0216611810 0.9957390428 0.0896359533 0.0713399798 -0.0878889933 0.9935724139
-59.6 262.4 2148.1 0.9972168207 0.0279165786 -0.0691322237 -0.0216611810 0.9957390428 0.0896359533 0.0713399798 -0.0878889933 0.9935724139
-64.3 67.2 2163.6 0.9973096251 0.0236914530 -0.0693699121 -0.0180778913 0.9965938926 0.0804599822 0.0710398406 -0.0789894536 0.9943410158
-201.7 264.9 2138.0 0.1765910238 -0.8396459222 -0.5136246681 0.9834643602 0.1292203367 0.1268857270 -0.0401683226 -0.5275384188 0.8485810161
-248.1 6.6 2148.6 0.0339217074 -0.8391509056 -0.5428398252 0.9543823600 0.1884192973 -0.2316299379 0.2966539860 -0.5102194548 0.8072623610
82.4 259.8 2158.3 0.0901647434 0.7292358279 0.6782959700 -0.9944469333 0.1030370519 0.0214150604 -0.0542729832 -0.6764602065 0.7344766855
107.5 -16.4 2143.2 -0.0608368032 0.7347358465 0.6756197810 -0.9500010014 0.1650640815 -0.2650507390 -0.3062628508 -0.6579643488 0.6879578233
-160.3 -123.6 2172.0 0.8836210370 0.0081816306 -0.4681312740 -0.0100211808 0.9999487400 -0.0014391578 0.4680955112 0.0059628980 0.8836577535
