47.8 451.4 2089.4 4 0.9970759749 0.0223122742 0.0730863288 -0.0160783529 0.9962683320 -0.0847993344 -0.0747056603 0.0833762735 0.9937139750
43.4 253.1 2072.8 0.9970759749 0.0223122742 0.0730863288 -0.0160783529 0.9962683320 -0.0847993344 -0.0747056603 0.0833762735 0.9937139750
39.4 59.6 2057.1 0.9971140623 0.0203463659 0.0731407106 -0.0143001163 0.9965084195 -0.0822589397 -0.0745590031 0.0809756219 0.9939234853
-92.8 255.0 2083.0 0.2465588897 -0.8959817290 -0.3693580925 0.9687850475 0.2380047888 0.0693490133 0.0257735420 -0.3749272227 0.9266958833
-155.7 8.2 2076.5 -0.0419357195 -0.8982574344 -0.4374642372 0.9376468658 0.1158306301 -0.3277219236 0.3450503945 -0.4239302278 0.8373908401
179.6 251.1 2062.7 0.1934259385 0.4571448267 0.8681042790 -0.9811132550 0.0885126591 0.1719950587 0.0017884314 -0.8849769235 0.4656314850
230.8 -8.4 2063.1 -0.0621923245 0.4690446258 0.8809819818 -0.9598569274 0.2137828767 -0.1815808266 -0.2735083699 -0.8569095731 0.4369200468
-55.7 -131.5 2049.9 0.9999709129 -0.0073720417 -0.0019575069 0.0074526300 0.9989603758 0.0449735709 0.0016239248 -0.0449868515 0.9989862442
-52.9 -519.3 2067.3 0.9949768186 0.1000449508 -0.0034827439 -0.0958033353 0.9617291093 0.2567076385 0.0290317591 -0.2550844848 0.9664828181
122.9 -134.8 2036.1 0.9976040721 0.0647445694 -0.0243775137 -0.0645067990 0.9978628755 0.0104176458 0.0249999017 -0.0088201705 0.9996485710
97.7 -522.2 2039.5 0.9960342646 -0.0885897651 -0.0082216170 0.0878521726 0.9647015333 0.2482599020 -0.0140618794 -0.2479976565 0.9686585665
-144.7 -236.1 1986.6 0 0 0 0 0 0 0 0 0
213.7 -271.5 1988.1 0 0 0 0 0 0 0 0 0
-90.2 -878.2 2162.5 0 0 0 0 0 0 0 0 0
130.8 -882.2 2132.1 0 0 0 0 0 0 0 0 0
47.6 450.8 2084.2 5 0.9970061779 0.0199716520 0.0746981576 -0.0148050096 0.9975004196 -0.0690920204 -0.0758913234 0.0677792579 0.9948097467
43.6 252.9 2070.8 0.9970061779 0.0199716520 0.0746981576 -0.0148050096 0.9975004196 -0.0690920204 -0.0758913234 0.0677792579 0.9948097467
40.0 59.3 2057.2 0.9970384240 0.0184377152 0.0746623874 -0.0131312739 0.9973934293 -0.0709496886 -0.0757759288 0.0697591528 0.9946817160
-92.6 254.7 2081.1 0.2426825762 -0.8966788054 -0.3702327609 0.9698421955 0.2331481278 0.0710494220 0.0226105601 -0.3763098121 0.9262179732
-154.5 7.3 2075.3 -0.0329055190 -0.8991649747 -0.4363709390 0.9386543036 0.1221599281 -0.3224982023 0.3432861269 -0.4202134013 0.8399853110
179.8 251.1 2060.4 0.1926212907 0.4557987154 0.8689905405 -0.9812083244 0.0792834610 0.1759102046 0.0112830717 -0.8865447640 0.4625051916
230.8 -8.5 2063.4 -0.0587833822 0.4689284265 0.8812778592 -0.9592281580 0.2179430723 -0.1799504906 -0.2764523029 -0.8559246063 0.4369979203
-53.8 -132.5 2048.1 0.9999998212 0.0000337431 -0.0006440177 -0.0000033210 0.9988864064 0.0471796133 0.0006448925 -0.0471795984 0.9988862276
-53.9 -520.3 2066.4 0.9954155087 0.0956428945 -0.0006201230 -0.0919357613 0.9585809112 0.2695746422 0.0263773352 -0.2682817578 0.9629793167
124.8 -135.1 2034.7 0.9973662496 0.0688436478 -0.0228291806 -0.0682774335 0.9973601103 0.0247183088 0.0244706124 -0.0230944883 0.9994337559
98.1 -522.3 2043.7 0.9957188368 -0.0920619071 -0.0082846368 0.0915218219 0.9693655968 0.2279344648 -0.0129532404 -0.2277168632 0.9736412168
-146.0 -237.3 1985.9 0 0 0 0 0 0 0 0 0
214.7 -271.5 1987.6 0 0 0 0 0 0 0 0 0
-89.6 -878.1 2166.5 0 0 0 0 0 0 0 0 0
132.5 -884.0 2128.7 0 0 0 0 0 0 0 0 0
48.1 450.0 2075.1 6 0.9961917400 0.0203789230 0.0847743750 -0.0160911344 0.9985711575 -0.0509581901 -0.0856917128 0.0494000129 0.9950962663
44.1 250.9 2065.2 0.9961917400 0.0203789230 0.0847743750 -0.0160911344 0.9985711575 -0.0509581901 -0.0856917128 0.0494000129 0.9950962663
40.1 57.2 2054.7 0.9961979389 0.0204866212 0.0846753269 -0.0157874431 0.9983172417 -0.0557981655 -0.0856759548 0.0542492121 0.9948450327
-92.0 253.1 2076.9 0.2392234057 -0.9010633826 -0.3617416024 0.9709329009 0.2250032723 0.0816264004 0.0078424830 -0.3707537651 0.9286981225
-152.6 7.2 2075.0 -0.0284510180 -0.9034750462 -0.4276954234 0.9397817254 0.1216098741 -0.3194077611 0.3405889273 -0.4110278189 0.8456094265
180.2 248.8 2053.5 0.1928434819 0.4490976334 0.8724234700 -0.9804870486 0.0536132343 0.1891317219 0.0381651670 -0.8918727040 0.4506733716
230.8 -8.5 2063.6 -0.0604075454 0.4658636749 0.8827921152 -0.9591386914 0.2178178132 -0.1805777550 -0.2764124870 -0.8576283455 0.4336700439
-52.9 -133.1 2050.5 0.9999205470 0.0082852291 0.0095005324 -0.0087177558 0.9988836646 0.0464271829 -0.0091052661 -0.0465063192 0.9988765121
-56.1 -520.9 2068.5 0.9956760406 0.0922301188 0.0110851740 -0.0918746591 0.9600861669 0.2641846836 0.0137230624 -0.2640607953 0.9644083977
125.8 -135.5 2036.9 0.9974232316 0.0703598931 -0.0140115861 -0.0700654313 0.9973316789 0.0205014441 0.0154166780 -0.0194668900 0.9996916652
98.5 -522.7 2044.4 0.9949132800 -0.1007352546 0.0001661634 0.0982956886 0.9711770415 0.2171477675 -0.0220358092 -0.2160268575 0.9761387110
-145.2 -237.7 1986.2 0 0 0 0 0 0 0 0 0
214.2 -271.5 1987.8 0 0 0 0 0 0 0 0 0
-90.5 -879.3 2167.1 0 0 0 0 0 0 0 0 0
136.1 -885.1 2125.1 0 0 0 0 0 0 0 0 0
48.8 449.4 2070.5 7 0.9958447218 0.0240456183 0.0878358930 -0.0206173304 0.9989976883 -0.0397315621 -0.0887032226 0.0377555229 0.9953422546
44.1 250.8 2063.0 0.9958447218 0.0240456183 0.0878358930 -0.0206173304 0.9989976883 -0.0397315621 -0.0887032226 0.0377555229 0.9953422546
39.2 56.9 2054.8 0.9958319664 0.0249708798 0.0877217203 -0.0211352501 0.9987909198 -0.0443850048 -0.0887239873 0.0423459895 0.9951556921
-92.0 253.7 2075.1 0.2357478440 -0.9021326303 -0.3613580763 0.9717952609 0.2211642414 0.0818555504 0.0060749208 -0.3704633415 0.9288272262
-152.5 4.4 2073.6 -0.0372097641 -0.9036596417 -0.4266318381 0.9370123148 0.1168276891 -0.3291795552 0.3473086655 -0.4120079875 0.8423931003
180.1 247.9 2050.9 0.1903220117 0.4456439018 0.8747451305 -0.9806601405 0.0448760502 0.1905040294 0.0456418544 -0.8940848112 0.4455661178
230.4 -11.3 2063.0 -0.0583911315 0.4639275074 0.8839467168 -0.9582090974 0.2223466784 -0.1799923629 -0.2800460160 -0.8575157523 0.4315564930
-53.1 -135.2 2051.9 0.9999173284 -0.0001410167 0.0128582260 -0.0003068098 0.9993935823 0.0348193981 -0.0128553379 -0.0348204635 0.9993109107
-53.1 -523.1 2065.4 0.9938629270 0.1099156886 0.0124511393 -0.1091288924 0.9558360577 0.2728888988 0.0180935245 -0.2725729346 0.9619649649
125.4 -138.0 2036.5 0.9976919889 0.0669993833 -0.0110365599 -0.0666879788 0.9974216223 0.0265100636 0.0127842613 -0.0257128719 0.9995875955
99.4 -525.2 2046.5 0.9953022003 -0.0968091637 0.0012152672 0.0944884270 0.9740257859 0.2057808340 -0.0211051721 -0.2046992779 0.9785973430
-142.8 -239.8 1983.1 0 0 0 0 0 0 0 0 0
214.4 -274.0 1986.2 0 0 0 0 0 0 0 0 0
-94.1 -879.8 2167.1 0 0 0 0 0 0 0 0 0
135.5 -888.8 2122.9 0 0 0 0 0 0 0 0 0
48.2 449.9 2069.2 8 0.9959286451 0.0257269982 0.0863957182 -0.0227190033 0.9991070628 -0.0356212184 -0.0872349963 0.0335133672 0.9956238866
43.1 251.4 2062.6 0.9959286451 0.0257269982 0.0863957182 -0.0227190033 0.9991070628 -0.0356212184 -0.0872349963 0.0335133672 0.9956238866
38.0 57.5 2055.3 0.9959240556 0.0262549240 0.0862899870 -0.0228962544 0.9989498854 -0.0396850556 -0.0872412995 0.0375475846 0.9954793453
-93.0 254.6 2074.5 0.2322660983 -0.9024534225 -0.3628089428 0.9726517797 0.2158920765 0.0856690407 0.0010152544 -0.3727847636 0.9279173017
-152.6 4.9 2074.2 -0.0536794402 -0.9024192691 -0.4275019765 0.9335848689 0.1065524817 -0.3421489000 0.3543131649 -0.4174757302 0.8367652893
179.1 248.3 2050.7 0.1910943985 0.4450844228 0.8748615980 -0.9807224274 0.0495079942 0.1890302747 0.0408217870 -0.8941190243 0.4459649622
230.1 -13.1 2061.6 -0.0676930770 0.4633978009 0.8835610747 -0.9583808184 0.2159834951 -0.1867013276 -0.2773515880 -0.8594263196 0.4294909537
-54.8 -135.0 2054.5 0.9999299049 -0.0026667023 0.0115355449 0.0023416944 0.9996024370 0.0280967951 -0.0116058849 -0.0280678142 0.9995386600
-53.8 -523.1 2065.4 0.9936428666 0.1120782942 0.0105985021 -0.1109697223 0.9592373967 0.2599024773 0.0189629458 -0.2594263554 0.9655767083
123.6 -138.8 2038.6 0.9980134368 0.0615888610 -0.0132678458 -0.0613499805 0.9979590774 0.0177163351 0.0143318959 -0.0168671589 0.9997550249
99.7 -526.2 2045.2 0.9954386353 -0.0954015106 -0.0006990100 0.0932856724 0.9717738628 0.2166872770 -0.0199930146 -0.2157640904 0.9762408137
-138.6 -238.4 1981.9 0 0 0 0 0 0 0 0 0
211.5 -275.8 1985.5 0 0 0 0 0 0 0 0 0
-95.6 -881.1 2162.3 0 0 0 0 0 0 0 0 0
135.3 -888.9 2125.7 0 0 0 0 0 0 0 0 0
48.5 449.1 2067.1 9 0.9975249767 0.0262520071 0.0652289093 -0.0241583697 0.9991738200 -0.0326809362 -0.0660329536 0.0310242251 0.9973350167
43.3 250.8 2060.9 0.9975249767 0.0262520071 0.0652289093 -0.0241583697 0.9991738200 -0.0326809362 -0.0660329536 0.0310242251 0.9973350167
38.2 56.8 2053.9 0.9975436926 0.0258842055 0.0650886670 -0.0234389100 0.9990006685 -0.0380558036 -0.0660086647 0.0364367180 0.9971535802
-93.0 254.0 2070.0 0.2411059290 -0.8938350677 -0.3780566156 0.9704253078 0.2172481567 0.1052521542 -0.0119459657 -0.3922526240 0.9197799563
-155.2 3.6 2073.0 -0.0715906397 -0.8920301795 -0.4462700486 0.9331105351 0.0981753543 -0.3459281325 0.3523910642 -0.4411844909 0.8253343701
179.5 247.5 2051.9 0.1914458126 0.4625263512 0.8656892776 -0.9807453752 0.0554953739 0.1872398406 0.0385616124 -0.8848670125 0.4642449319
230.2 -12.2 2062.1 -0.0732519701 0.4800338149 0.8741862774 -0.9582976699 0.2088952512 -0.1950087398 -0.2762241662 -0.8520154357 0.4447132945
-56.3 -134.3 2055.8 0.9998852015 -0.0116268108 -0.0097147785 0.0119240591 0.9994444847 0.0311214514 0.0093475394 -0.0312337186 0.9994683862
-51.8 -522.3 2068.0 0.9933081865 0.1148715913 -0.0119712949 -0.1085217223 0.9637863636 0.2435956895 0.0395199955 -0.2406664640 0.9698029757
122.1 -138.4 2040.2 0.9972996712 0.0646336600 -0.0348687507 -0.0641864836 0.9978425503 0.0137963565 0.0356852338 -0.0115209995 0.9992966652
97.0 -525.8 2044.7 0.9928646684 -0.1174749359 -0.0204776991 0.1190714315 0.9673819542 0.2235936671 -0.0064568943 -0.2244365662 0.9744673371
-136.5 -239.4 1981.3 0 0 0 0 0 0 0 0 0
210.2 -275.0 1986.4 0 0 0 0 0 0 0 0 0
-94.7 -882.0 2157.8 0 0 0 0 0 0 0 0 0
140.9 -886.8 2128.4 0 0 0 0 0 0 0 0 0
48.8 447.6 2067.0 0 0.9983329177 0.0248971134 0.0520727783 -0.0231830589 0.9991776347 -0.0332655422 -0.0528581701 0.0320028774 0.9980890751
43.9 249.6 2060.7 0.9983329177 0.0248971134 0.0520727783 -0.0231830589 0.9991776347 -0.0332655422 -0.0528581701 0.0320028774 0.9980890751
39.1 55.6 2053.6 0.9983481169 0.0245230552 0.0519582294 -0.0225674007 0.9990267754 -0.0378971249 -0.0528370142 0.0366619639 0.9979299307
-92.5 252.6 2067.9 0.2418639511 -0.8895674944 -0.3875197470 0.9700919986 0.2132191956 0.1160132438 -0.0205749627 -0.4039892256 0.9145323038
-154.4 4.5 2073.2 -0.0698214471 -0.8875229955 -0.4554425478 0.9325357676 0.1040660739 -0.3457560837 0.3542625904 -0.4488576651 0.8203808665
180.2 246.5 2053.5 0.1949282140 0.4715187848 0.8600424528 -0.9804282784 0.0689708814 0.1844002604 0.0276303068 -0.8791547418 0.4757347107
231.6 -12.1 2060.8 -0.0742088556 0.4860315621 0.8707849383 -0.9602610469 0.2007619143 -0.1938900054 -0.2690570951 -0.8505691886 0.4518188536
-56.1 -135.0 2052.7 0.9996913075 -0.0093070073 -0.0230357591 0.0102483435 0.9991029501 0.0410892367 0.0226326752 -0.0413126312 0.9988899231
-52.5 -522.8 2068.8 0.9931752086 0.1140394360 -0.0244550891 -0.1046315283 0.9638169408 0.2451717257 0.0515294746 -0.2409397066 0.9691711664
122.6 -139.2 2040.9 0.9970154762 0.0604227744 -0.0480538458 -0.0598126985 0.9981109500 0.0140351551 0.0488111116 -0.0111190369 0.9987461567
99.1 -526.7 2045.2 0.9947972894 -0.0959239304 -0.0343059078 0.1011818349 0.9695183039 0.2231513411 0.0118546495 -0.2254614979 0.9741799235
-136.2 -238.4 1980.9 0 0 0 0 0 0 0 0 0
211.3 -275.4 1987.0 0 0 0 0 0 0 0 0 0
-95.1 -882.6 2158.7 0 0 0 0 0 0 0 0 0
134.9 -888.5 2129.3 0 0 0 0 0 0 0 0 0
49.9 448.8 2067.0 1 0.9986914396 0.0245966688 0.0448369868 -0.0231302027 0.9991897345 -0.0329371393 -0.0456108004 0.0318569504 0.9984511733
45.0 250.5 2060.7 0.9986914396 0.0245966688 0.0448369868 -0.0231302027 0.9991897345 -0.0329371393 -0.0456108004 0.0318569504 0.9984511733
40.6 56.6 2053.6 0.9987391829 0.0228002816 0.0447231568 -0.0211178977 0.9990645647 -0.0377361849 -0.0455417186 0.0367441513 0.9982864261
-91.4 253.4 2066.9 0.2382712364 -0.8872607350 -0.3949623406 0.9710460901 0.2104364932 0.1130748689 -0.0172123984 -0.4104691148 0.9117120504
-153.0 2.2 2071.4 -0.0615517348 -0.8858105540 -0.4599467218 0.9353494048 0.1096298024 -0.3363076746 0.3483287692 -0.4509111941 0.8217944503
181.5 247.6 2054.5 0.1856314391 0.4782679975 0.8583709598 -0.9822785854 0.0673135892 0.1749218702 0.0258794986 -0.8756304383 0.4822879136
230.9 -13.7 2061.3 -0.0704940930 0.4933281541 0.8669820428 -0.9589136243 0.2059223503 -0.1951424927 -0.2748002708 -0.8451173306 0.4585427940
-55.1 -136.3 2051.2 0.9995212555 -0.0059252456 -0.0303666219 0.0070841312 0.9992450476 0.0381987579 0.0301173590 -0.0383955911 0.9988086224
-52.8 -524.2 2066.1 0.9933771491 0.1106618866 -0.0309165586 -0.0985447094 0.9589212537 0.2660056055 0.0590832271 -0.2611972094 0.9634755850
123.8 -140.3 2041.7 0.9968760610 0.0564811081 -0.0552087054 -0.0556320399 0.9983100295 0.0167981684 0.0560641810 -0.0136743197 0.9983335137
101.8 -527.9 2047.0 0.9961442947 -0.0765961856 -0.0427737422 0.0840854198 0.9726631045 0.2164628208 0.0250242148 -0.2192248553 0.9753534198
-137.0 -241.4 1980.6 0 0 0 0 0 0 0 0 0
211.6 -276.6 1986.0 0 0 0 0 0 0 0 0 0
-94.1 -882.1 2163.6 0 0 0 0 0 0 0 0 0
130.4 -890.9 2128.8 0 0 0 0 0 0 0 0 0
49.9 448.2 2067.0 2 0.9987216592 0.0204066616 0.0462446176 -0.0189621821 0.9993250370 -0.0314619392 -0.0468554385 0.0305448230 0.9984345436
45.9 250.1 2060.9 0.9987216592 0.0204066616 0.0462446176 -0.0189621821 0.9993250370 -0.0314619392 -0.0468554385 0.0305448230 0.9984345436
42.1 56.2 2054.1 0.9987484813 0.0192807317 0.0461488329 -0.0176125579 0.9991862774 -0.0362853259 -0.0468108878 0.0354271159 0.9982753396
-90.6 252.5 2067.3 0.2379118502 -0.8879246712 -0.3936848044 0.9710881710 0.2092530429 0.1148950979 -0.0196384527 -0.4096375704 0.9120369554
-151.5 3.8 2072.4 -0.0604469031 -0.8864633441 -0.4588342607 0.9337576032 0.1122361422 -0.3398525417 0.3527646065 -0.4489830136 0.8209576011
182.3 247.7 2054.5 0.1825194210 0.4769634306 0.8597630858 -0.9829184413 0.0675078109 0.1712133884 0.0236217976 -0.8763267398 0.4811376333
230.6 -12.5 2060.8 -0.0655018315 0.4911909103 0.8685856462 -0.9602813721 0.2055781633 -0.1886726022 -0.2712365091 -0.8464449644 0.4582157135
-53.3 -135.5 2050.5 0.9995737672 0.0007385702 -0.0291845538 0.0002371608 0.9994415045 0.0334155336 0.0291929338 -0.0334082134 0.9990153313
-53.6 -523.5 2063.5 0.9955305457 0.0901747197 -0.0280615855 -0.0785745606 0.9557182789 0.2835994363 0.0523924716 -0.2801269889 0.9585321546
125.7 -139.3 2042.3 0.9965280294 0.0636217594 -0.0537045076 -0.0624866039 0.9977908134 0.0225596465 0.0550211482 -0.0191255081 0.9983019829
101.0 -526.6 2049.8 0.9955040216 -0.0850365981 -0.0417189151 0.0916391984 0.9760834575 0.1971377730 0.0239572190 -0.2000745386 0.9794877172
-135.8 -239.5 1980.4 0 0 0 0 0 0 0 0 0
212.7 -275.8 1986.4 0 0 0 0 0 0 0 0 0
-87.2 -880.1 2168.0 0 0 0 0 0 0 0 0 0
132.7 -890.9 2124.4 0 0 0 0 0 0 0 0 0
50.3 449.9 2067.0 3 0.9984676838 0.0197103322 0.0517089553 -0.0181335341 0.9993614554 -0.0307876486 -0.0522827730 0.0298028067 0.9981874824
46.4 251.7 2061.1 0.9984676838 0.0197103322 0.0517089553 -0.0181335341 0.9993614554 -0.0307876486 -0.0522827730 0.0298028067 0.9981874824
42.4 57.7 2054.5 0.9984610081 0.0202525742 0.0516283549 -0.0184676349 0.9992229939 -0.0348185673 -0.0522934049 0.0338115282 0.9980592132
-90.0 254.2 2068.2 0.2236961573 -0.8922799826 -0.3921688795 0.9745836854 0.1997740418 0.1013753265 -0.0121100107 -0.4048786759 0.9142902493
-148.4 -0.1 2071.4 -0.0425801389 -0.8918250799 -0.4503720105 0.9356515408 0.1224781796 -0.3309914470 0.3503472209 -0.4354849160 0.8292223811
182.8 249.1 2053.9 0.1792361140 0.4724067450 0.8629636765 -0.9835105538 0.0645405576 0.1689424664 0.0241134055 -0.8790144324 0.4761849940
230.4 -12.3 2060.3 -0.0595856942 0.4861950874 0.8718163967 -0.9616642594 0.2062384933 -0.1807416975 -0.2676778138 -0.8491643071 0.4552675784
-51.1 -136.2 2051.4 0.9997076988 0.0050011468 -0.0236543939 -0.0042388635 0.9994735122 0.0321669355 0.0238028113 -0.0320572630 0.9992025495
-53.0 -524.2 2063.8 0.9940292835 0.1069443375 -0.0216497686 -0.0965913236 0.9547461271 0.2813005149 0.0507535301 -0.2775297761 0.9593755007
127.9 -139.4 2043.0 0.9953539371 0.0834077820 -0.0481005870 -0.0822713748 0.9962927103 0.0251437891 0.0500194542 -0.0210696682 0.9985259771
95.5 -526.1 2051.2 0.9925910234 -0.1169483215 -0.0329570621 0.1211678013 0.9728868604 0.1970014125 0.0090245064 -0.1995351762 0.9798491001
-137.3 -243.9 1980.1 0 0 0 0 0 0 0 0 0
214.1 -275.9 1986.9 0 0 0 0 0 0 0 0 0
-93.0 -880.5 2167.4 0 0 0 0 0 0 0 0 0
139.1 -889.0 2125.6 0 0 0 0 0 0 0 0 0
50.4 448.8 2067.5 4 0.9983969331 0.0204651449 0.0527702011 -0.0187776312 0.9993025064 -0.0322784521 -0.0533939786 0.0312358085 0.9980848432
46.4 250.7 2061.3 0.9983969331 0.0204651449 0.0527702011 -0.0187776312 0.9993025064 -0.0322784521 -0.0533939786 0.0312358085 0.9980848432
42.4 56.8 2054.6 0.9984047413 0.0202526301 0.0527044870 -0.0183945708 0.9992002249 -0.0355037451 -0.0533813797 0.0344776325 0.9979788065
-90.0 253.2 2068.6 0.2250409126 -0.8930032253 -0.3897459209 0.9741818905 0.1988017410 0.1069932505 -0.0180631466 -0.4037612677 0.9146860242
-148.0 2.4 2073.2 -0.0459926054 -0.8922698498 -0.4491538703 0.9335933328 0.1215605438 -0.3370853662 0.3553704917 -0.4348304868 0.8274263144
182.8 248.2 2054.0 0.1806621701 0.4715751112 0.8631211519 -0.9832340479 0.0645201951 0.1705520451 0.0247393586 -0.8794623613 0.4753250480
230.4 -10.8 2060.5 -0.0594534725 0.4850823283 0.8724451065 -0.9623435140 0.2043890655 -0.1792206615 -0.2652550042 -0.8502472043 0.4546642005
-50.9 -134.6 2052.6 0.9996868968 0.0106373075 -0.0226492025 -0.0101272427 0.9996951818 0.0225170515 0.0228818189 -0.0222806260 0.9994898438
-55.1 -522.7 2061.3 0.9949968457 0.0980772376 -0.0190301184 -0.0885753706 0.9541065097 0.2860684991 0.0462135673 -0.2829516530 0.9580202103
128.0 -137.9 2043.3 0.9956830144 0.0803210437 -0.0465173125 -0.0789476037 0.9964075089 0.0306488816 0.0488119498 -0.0268441401 0.9984471798
96.8 -524.7 2053.7 0.9935380220 -0.1087961644 -0.0323357955 0.1130625606 0.9736785293 0.1979065686 0.0099531934 -0.2002836764 0.9796873927
-136.0 -240.9 1980.6 0 0 0 0 0 0 0 0 0
214.1 -274.7 1987.8 0 0 0 0 0 0 0 0 0
-91.7 -878.8 2166.9 0 0 0 0 0 0 0 0 0
137.4 -888.1 2128.4 0 0 0 0 0 0 0 0 0
50.9 451.7 2068.2 5 0.9979900122 0.0218061265 0.0595015250 -0.0198549461 0.9992518425 -0.0331886262 -0.0601807237 0.0319405198 0.9976763129
46.6 253.6 2061.9 0.9979900122 0.0218061265 0.0595015250 -0.0198549461 0.9992518425 -0.0331886262 -0.0601807237 0.0319405198 0.9976763129
42.2 59.7 2054.8 0.9979854226 0.0223035663 0.0593943819 -0.0200638380 0.9990746975 -0.0380425118 -0.0601879098 0.0367741920 0.9975094199
-89.8 256.3 2070.1 0.2201853096 -0.8960989118 -0.3853895962 0.9754050970 0.1981449872 0.0965578035 -0.0101623274 -0.3971715868 0.9176881313
-147.4 0.9 2072.8 -0.0397282988 -0.8958291411 -0.4426192641 0.9351934195 0.1226688698 -0.3322132826 0.3519019186 -0.4271328747 0.8329001069
182.9 250.9 2053.7 0.1777848750 0.4663654864 0.8665423989 -0.9837643504 0.0623053722 0.1683025956 0.0245002769 -0.8823952079 0.4698706865
230.4 -11.7 2060.2 -0.0602669530 0.4796938896 0.8753637075 -0.9637176991 0.2004890144 -0.1762166768 -0.2600308657 -0.8542235494 0.4502066374
-50.9 -135.6 2052.7 0.9997444153 0.0161608756 -0.0158110503 -0.0158069395 0.9996272326 0.0222599376 0.0161648970 -0.0220043231 0.9996271729
-57.2 -523.6 2061.2 0.9960183501 0.0884607583 -0.0110540511 -0.0817718133 0.9559373260 0.2819524705 0.0355087109 -0.2799259126 0.9593647122
128.0 -138.9 2043.1 0.9958448410 0.0822870210 -0.0390118249 -0.0808681473 0.9960506558 0.0366533771 0.0418738499 -0.0333462618 0.9985662699
96.0 -525.5 2056.1 0.9916937947 -0.1259323061 -0.0261615217 0.1286053360 0.9740231037 0.1863858253 0.0020099280 -0.1882021874 0.9821282625
-137.1 -242.8 1981.1 0 0 0 0 0 0 0 0 0
213.9 -275.9 1988.9 0 0 0 0 0 0 0 0 0
-90.2 -880.4 2165.7 0 0 0 0 0 0 0 0 0
143.0 -889.0 2126.3 0 0 0 0 0 0 0 0 0
52.2 450.3 2068.6 6 0.9977267981 0.0268548094 0.0618070439 -0.0246418621 0.9990373850 -0.0362921841 -0.0627221689 0.0346866436 0.9974280596
46.8 252.4 2061.7 0.9977267981 0.0268548094 0.0618070439 -0.0246418621 0.9990373850 -0.0362921841 -0.0627221689 0.0346866436 0.9974280596
41.7 58.5 2054.2 0.9977485538 0.0262744725 0.0617043599 -0.0238217935 0.9989095330 -0.0401537046 -0.0626920909 0.0385933928 0.9972864389
-89.5 255.7 2070.3 0.2312858254 -0.8953589797 -0.3805773854 0.9727540612 0.2063881308 0.1056099460 -0.0160121564 -0.3946343064 0.9186987281
-148.7 6.4 2074.4 -0.0387478471 -0.8955296278 -0.4433116913 0.9365954399 0.1220729500 -0.3284619153 0.3482637405 -0.4279308915 0.8340188861
183.2 249.2 2053.2 0.1794847697 0.4647321701 0.8670693040 -0.9833870530 0.0604656264 0.1711543351 0.0271130372 -0.8833843470 0.4678642750
230.4 -9.5 2060.3 -0.0603937358 0.4785740376 0.8759677410 -0.9631562829 0.2024686038 -0.1770211607 -0.2620736957 -0.8543847799 0.4487137496
-51.5 -132.5 2053.0 0.9997353554 0.0188323669 -0.0132102510 -0.0185246617 0.9995628595 0.0230409652 0.0136383930 -0.0227901526 0.9996472597
-58.8 -520.6 2061.9 0.9983717203 0.0564124584 -0.0084607769 -0.0523902513 0.9654647112 0.2552120090 0.0225657187 -0.2543531954 0.9668480754
127.3 -136.1 2042.2 0.9960473180 0.0810409859 -0.0363605544 -0.0797565058 0.9961825013 0.0354877263 0.0390977077 -0.0324474648 0.9987084270
95.9 -522.8 2054.8 0.9933260679 -0.1131357029 -0.0224416293 0.1153373346 0.9729989171 0.1999258846 -0.0007830753 -0.2011799514 0.9795539975
-138.7 -237.6 1983.7 0 0 0 0 0 0 0 0 0
213.8 -273.6 1988.4 0 0 0 0 0 0 0 0 0
-79.9 -880.6 2156.7 0 0 0 0 0 0 0 0 0
138.1 -885.9 2129.9 0 0 0 0 0 0 0 0 0
50.4 448.4 2062.8 7 0.9963594079 0.0217556898 0.0824292824 -0.0201382078 0.9995889664 -0.0204036199 -0.0828392953 0.0186693612 0.9963880181
46.1 249.8 2059.1 0.9963594079 0.0217556898 0.0824292824 -0.0201382078 0.9995889664 -0.0204036199 -0.0828392953 0.0186693612 0.9963880181
41.5 55.8 2054.3 0.9963331223 0.0234331060 0.0822875425 -0.0213026647 0.9994171858 -0.0266735163 -0.0828646347 0.0248227641 0.9962516427
-90.0 252.8 2070.4 0.2423598766 -0.8994075656 -0.3637687564 0.9699924588 0.2171368450 0.1093901545 -0.0193987340 -0.3793647289 0.9250438213
-151.5 6.8 2075.3 -0.0376330987 -0.9004907608 -0.4332438111 0.9373464584 0.1184611619 -0.3276409805 0.3463602364 -0.4184296727 0.8396137357
182.1 246.9 2047.8 0.1831808090 0.4477209747 0.8752089739 -0.9820514321 0.0426390134 0.1837305278 0.0449419618 -0.8931561112 0.4474956691
230.3 -11.1 2059.6 -0.0560225472 0.4635791183 0.8842827082 -0.9637108445 0.2064203769 -0.1692690700 -0.2610035837 -0.8616756797 0.4351920485
-52.8 -133.2 2052.4 0.9999668598 0.0042190282 0.0069599492 -0.0042893034 0.9999396801 0.0101132784 -0.0069168610 -0.0101427967 0.9999246597
-54.4 -521.4 2056.3 0.9959940910 0.0890701860 0.0078945747 -0.0872367397 0.9485012293 0.3045244515 0.0196360350 -0.3039932549 0.9524717927
126.0 -137.5 2041.1 0.9966773391 0.0796745941 -0.0169183463 -0.0790078491 0.9961880445 0.0369745716 0.0197997876 -0.0355150364 0.9991729856
95.1 -524.3 2054.9 0.9932192564 -0.1162279844 -0.0025627548 0.1141135916 0.9704642296 0.2125493139 -0.0222171172 -0.2114005238 0.9771469831
-141.7 -237.4 1985.1 0 0 0 0 0 0 0 0 0
214.9 -275.3 1988.0 0 0 0 0 0 0 0 0 0
-87.6 -874.6 2169.5 0 0 0 0 0 0 0 0 0
138.5 -886.5 2133.8 0 0 0 0 0 0 0 0 0
48.8 448.7 2064.4 8 0.9964901805 0.0192741863 0.0814603865 -0.0172156468 0.9995163679 -0.0258977450 -0.0819201469 0.0244044568 0.9963400364
45.0 250.3 2059.5 0.9964901805 0.0192741863 0.0814603865 -0.0172156468 0.9995163679 -0.0258977450 -0.0819201469 0.0244044568 0.9963400364
41.0 56.3 2053.9 0.9964705706 0.0206405614 0.0813658983 -0.0181994680 0.9993650913 -0.0306298230 -0.0819464549 0.0290409010 0.9962135553
-91.1 252.8 2070.7 0.2359813154 -0.9003166556 -0.3657085896 0.9716651440 0.2134204954 0.1015803218 -0.0134047465 -0.3793173432 0.9251695275
-151.8 2.9 2074.2 -0.0402926579 -0.9010041952 -0.4319351017 0.9363722801 0.1168064028 -0.3310033977 0.3486882150 -0.4177890718 0.8389688730
181.2 247.8 2048.3 0.1835773885 0.4483924508 0.8747820258 -0.9822224379 0.0481628180 0.1814371794 0.0392230973 -0.8925382495 0.4492627382
230.0 -13.5 2058.8 -0.0567142516 0.4635573328 0.8842499852 -0.9637344480 0.2059085369 -0.1697573066 -0.2607668638 -0.8618098497 0.4350682497
-52.2 -136.2 2056.9 0.9999320507 0.0100501347 0.0059091081 -0.0100607360 0.9999478459 0.0017670306 -0.0058910409 -0.0018263605 0.9999809861
-56.1 -524.4 2057.6 0.9968590736 0.0787322894 0.0085593266 -0.0778195560 0.9537297487 0.2904198468 0.0147021348 -0.2901737392 0.9568610191
126.3 -140.1 2042.0 0.9967316389 0.0789468288 -0.0171291828 -0.0781284198 0.9959674478 0.0441002510 0.0205416828 -0.0426178426 0.9988802671
95.6 -526.7 2058.5 0.9931715131 -0.1166005060 -0.0038233455 0.1148331240 0.9712849259 0.2083721012 -0.0205827337 -0.2073882967 0.9780421257
-141.3 -241.1 1983.3 0 0 0 0 0 0 0 0 0
214.5 -277.7 1987.3 0 0 0 0 0 0 0 0 0
-85.5 -880.0 2165.7 0 0 0 0 0 0 0 0 0
139.1 -889.3 2136.0 0 0 0 0 0 0 0 0 0
49.9 447.7 2065.7 9 0.9970493317 0.0185214039 0.0744953305 -0.0163117386 0.9994119406 -0.0301616676 -0.0750101581 0.0288575236 0.9967651367
46.2 249.8 2060.0 0.9970493317 0.0185214039 0.0744953305 -0.0163117386 0.9994119406 -0.0301616676 -0.0750101581 0.0288575236 0.9967651367
42.8 55.8 2053.8 0.9970674515 0.0177501589 0.0744404271 -0.0153127508 0.9993318319 -0.0331869908 -0.0749797598 0.0319497809 0.9966731071
-90.0 251.9 2070.2 0.2397032380 -0.8971344233 -0.3710690141 0.9707615972 0.2164381444 0.1038097665 -0.0128178233 -0.3851030767 0.9227845669
-151.8 1.6 2073.5 -0.0548466817 -0.8968241811 -0.4389740229 0.9344468117 0.1088185385 -0.3390688300 0.3518536389 -0.4287946522 0.8320661783
182.4 247.7 2049.7 0.1800979376 0.4542494118 0.8724805117 -0.9830937982 0.0533332229 0.1751633137 0.0330356359 -0.8892766833 0.4561749697
230.1 -12.5 2058.5 -0.0615196005 0.4684214592 0.8813607097 -0.9649966955 0.1976376921 -0.1723970026 -0.2549445629 -0.8611159325 0.4398665428
-52.2 -136.0 2055.6 0.9999706149 0.0075855297 -0.0011023347 -0.0075828684 0.9999683499 0.0023986998 0.0011204951 -0.0023902704 0.9999965429
-55.2 -524.2 2056.5 0.9957442284 0.0921520963 0.0011904234 -0.0883175656 0.9504604340 0.2980352044 0.0263331179 -0.2968719602 0.9545541406
126.3 -139.3 2040.9 0.9965565801 0.0799193382 -0.0220869388 -0.0782269835 0.9945404530 0.0690635219 0.0274858661 -0.0670979097 0.9973677397
95.3 -525.3 2067.0 0.9926637411 -0.1200848147 -0.0140834423 0.1207451373 0.9785390496 0.1669790149 -0.0062704473 -0.1674545258 0.9858598709
-137.5 -241.8 1981.8 0 0 0 0 0 0 0 0 0
213.2 -277.1 1988.6 0 0 0 0 0 0 0 0 0
-89.6 -878.7 2167.3 0 0 0 0 0 0 0 0 0
140.1 -890.3 2129.4 0 0 0 0 0 0 0 0 0
50.0 449.1 2066.3 0 0.9976101518 0.0180732068 0.0666881129 -0.0161158592 0.9994267821 -0.0297729336 -0.0671879724 0.0286270455 0.9973295927
46.4 250.9 2060.6 0.9976101518 0.0180732068 0.0666881129 -0.0161158592 0.9994267821 -0.0297729336 -0.0671879724 0.0286270455 0.9973295927
43.1 56.9 2054.2 0.9976278543 0.0173662789 0.0666118264 -0.0151202492 0.9993048906 -0.0340754017 -0.0671572834 0.0329873823 0.9971969128
-89.9 252.9 2069.8 0.2258873731 -0.8971446157 -0.3796134889 0.9741014242 0.2039936334 0.0975345150 -0.0100638317 -0.3918138444 0.9199894667
-149.0 -2.3 2072.5 -0.0510201119 -0.8964182734 -0.4402626455 0.9332890511 0.1141188219 -0.3405119777 0.3554834425 -0.4282652736 0.8307950497
182.7 248.8 2051.5 0.1784314662 0.4602833688 0.8696559072 -0.9835854769 0.0593047142 0.1704186797 0.0268661883 -0.8857890368 0.4633098543
230.3 -13.4 2058.6 -0.0662245005 0.4738895595 0.8780905604 -0.9648727179 0.1938097924 -0.1773651391 -0.2542340457 -0.8589915037 0.4444081783
-50.0 -136.8 2054.3 0.9997099042 0.0223598499 -0.0089505417 -0.0223419610 0.9997481704 0.0020934956 0.0089950981 -0.0018929157 0.9999577403
-58.7 -524.9 2055.0 0.9969628453 0.0778524801 -0.0020085380 -0.0738014579 0.9526928663 0.2948383093 0.0248674136 -0.2937946022 0.9555450678
128.7 -139.6 2040.8 0.9954834580 0.0904080495 -0.0289673842 -0.0878691152 0.9929635525 0.0793875009 0.0359408259 -0.0764836073 0.9964228868
93.6 -525.0 2070.5 0.9911753535 -0.1308622360 -0.0211295933 0.1325546354 0.9775113463 0.1640146077 -0.0008089006 -0.1653680652 0.9862315655
-135.8 -245.5 1979.8 0 0 0 0 0 0 0 0 0
212.2 -278.0 1988.9 0 0 0 0 0 0 0 0 0
-87.7 -880.4 2164.6 0 0 0 0 0 0 0 0 0
142.4 -889.7 2132.2 0 0 0 0 0 0 0 0 0
48.4 448.6 2067.6 1 0.9982200861 0.0134094488 0.0581107512 -0.0114882486 0.9993803501 -0.0332699083 -0.0585208759 0.0325431004 0.9977555871
45.8 250.5 2061.2 0.9982200861 0.0134094488 0.0581107512 -0.0114882486 0.9993803501 -0.0332699083 -0.0585208759 0.0325431004 0.9977555871
43.4 56.5 2054.0 0.9982342720 0.0125702508 0.0580548123 -0.0103977397 0.9992398024 -0.0375733636 -0.0584829822 0.0369033813 0.9976060987
-90.6 251.9 2069.2 0.2199195623 -0.8956143856 -0.3866655231 0.9754432440 0.1969837844 0.0985284075 -0.0120766247 -0.3988386095 0.9169416428
-147.6 -1.2 2072.3 -0.0488946177 -0.8946888447 -0.4440059066 0.9324764609 0.1184039637 -0.3412742615 0.3579063118 -0.4307115376 0.8284869790
182.2 249.1 2053.2 0.1809784770 0.4674707949 0.8652848601 -0.9832361937 0.0661295503 0.1699220240 0.0222126842 -0.8815315962 0.4716022313
230.3 -12.3 2059.1 -0.0665051192 0.4800935984 0.8746926188 -0.9648448229 0.1924500912 -0.1789899319 -0.2542665899 -0.8558464050 0.4504169226
-49.7 -135.7 2053.9 0.9996408820 0.0201944280 -0.0176134445 -0.0201565009 0.9997941256 0.0023282601 0.0176568367 -0.0019723987 0.9998421669
-57.5 -523.9 2054.6 0.9961294532 0.0872237980 -0.0108672734 -0.0800634399 0.9514033794 0.2973574996 0.0362758115 -0.2953365147 0.9547043443
129.1 -138.4 2041.8 0.9951950908 0.0904425532 -0.0375086702 -0.0871692076 0.9928742647 0.0812537447 0.0445901901 -0.0775937214 0.9959874153
94.0 -523.9 2071.9 0.9922343493 -0.1207953244 -0.0296554733 0.1240561604 0.9783476591 0.1656681001 0.0090014311 -0.1680605263 0.9857355952
-134.9 -244.1 1979.1 0 0 0 0 0 0 0 0 0
212.0 -276.9 1989.4 0 0 0 0 0 0 0 0 0
-90.1 -878.9 2164.8 0 0 0 0 0 0 0 0 0
139.1 -889.0 2134.7 0 0 0 0 0 0 0 0 0
49.6 449.0 2072.8 2 0.9980214834 0.0160652027 0.0607867427 -0.0131604886 0.9987660050 -0.0478875563 -0.0614810586 0.0469928272 0.9970014095
46.5 251.3 2063.5 0.9980214834 0.0160652027 0.0607867427 -0.0131604886 0.9987660050 -0.0478875563 -0.0614810586 0.0469928272 0.9970014095
43.4 57.5 2053.7 0.9980306029 0.0157003570 0.0607326850 -0.0125884628 0.9986046553 -0.0512866974 -0.0614531599 0.0504211597 0.9968355894
-89.9 253.0 2071.9 0.2152459025 -0.8974158168 -0.3851155639 0.9765526652 0.1993142515 0.0813553110 0.0037494751 -0.3935970366 0.9192754030
-146.4 -3.2 2070.9 -0.0403679758 -0.8970984221 -0.4399827719 0.9327605963 0.1240377128 -0.3384853005 0.3582290709 -0.4240625799 0.8317708969
182.8 249.6 2055.1 0.1789187193 0.4663665593 0.8663084507 -0.9837297797 0.0702614114 0.1653453857 0.0162434988 -0.8817967772 0.4713497460
230.3 -11.4 2059.4 -0.0599649921 0.4782351553 0.8761822581 -0.9647750258 0.1974778175 -0.1738149375 -0.2561509609 -0.8557415605 0.4495475888
-48.5 -136.5 2052.1 0.9996054173 0.0241601467 -0.0143278912 -0.0240318626 0.9996701479 0.0090591293 0.0145420348 -0.0087112281 0.9998562932
-57.9 -524.6 2055.5 0.9967887402 0.0797475949 -0.0072469744 -0.0745508820 0.9572361708 0.2795372903 0.0292294938 -0.2780993581 0.9601075053
130.4 -138.4 2041.6 0.9953619242 0.0904199630 -0.0328456908 -0.0873407871 0.9925066829 0.0854518190 0.0403261185 -0.0821867213 0.9958007336
95.2 -523.7 2073.5 0.9934256673 -0.1112778261 -0.0268829558 0.1140660718 0.9820909500 0.1499544084 0.0097149070 -0.1520349830 0.9883273840
-135.9 -246.2 1977.6 0 0 0 0 0 0 0 0 0
213.8 -275.9 1989.2 0 0 0 0 0 0 0 0 0
-87.6 -881.8 2159.3 0 0 0 0 0 0 0 0 0
136.8 -890.2 2130.3 0 0 0 0 0 0 0 0 0
48.7 451.1 2076.4 3 0.9976782799 0.0172516201 0.0658823699 -0.0134953279 0.9982806444 -0.0570404939 -0.0667531341 0.0560189560 0.9961957335
45.3 253.5 2065.3 0.9976782799 0.0172516201 0.0658823699 -0.0134953279 0.9982806444 -0.0570404939 -0.0667531341 0.0560189560 0.9961957335
42.0 59.7 2054.0 0.9976887703 0.0167822633 0.0658444986 -0.0128790718 0.9981594086 -0.0592618883 -0.0667178556 0.0582769029 0.9960685372
-91.0 255.2 2074.4 0.2108495831 -0.9002105594 -0.3810031712 0.9774475098 0.1988583356 0.0710756257 0.0117826266 -0.3873968720 0.9218377471
-146.2 -0.8 2071.3 -0.0351852924 -0.9003011584 -0.4338431060 0.9347029328 0.1239879504 -0.3331026733 0.3536840379 -0.4172347486 0.8371515870
181.6 251.7 2056.2 0.1823669672 0.4624769092 0.8676735759 -0.9831359982 0.0735325292 0.1674413532 0.0136355273 -0.8835768700 0.4680875838
230.3 -10.6 2059.8 -0.0550610758 0.4739066958 0.8788519502 -0.9644099474 0.2027337402 -0.1697422862 -0.2586149573 -0.8569197655 0.4458776116
-49.1 -135.2 2049.4 0.9997861385 0.0186489001 -0.0089378078 -0.0185516663 0.9997691512 0.0108410614 0.0091379182 -0.0106729316 0.9999012947
-56.3 -523.4 2053.6 0.9963232875 0.0856024921 -0.0034852559 -0.0810805932 0.9552721977 0.2843958735 0.0276743639 -0.2830676436 0.9587005973
129.8 -137.5 2038.4 0.9959356785 0.0863080621 -0.0257488675 -0.0833861306 0.9916291833 0.0985817909 0.0340417325 -0.0960340276 0.9947957993
96.3 -522.4 2075.7 0.9944839478 -0.1025657728 -0.0219544768 0.1046508253 0.9843478799 0.1418007016 0.0070669437 -0.1433160752 0.9896517396
-137.1 -244.4 1979.2 0 0 0 0 0 0 0 0 0
215.2 -275.0 1988.9 0 0 0 0 0 0 0 0 0
-88.2 -879.9 2159.2 0 0 0 0 0 0 0 0 0
134.6 -889.8 2129.2 0 0 0 0 0 0 0 0 0
48.9 450.9 2077.2 4 0.9977274537 0.0164175760 0.0653479844 -0.0123398378 0.9979798198 -0.0623219647 -0.0662391409 0.0613739528 0.9959144592
45.6 253.4 2065.0 0.9977274537 0.0164175760 0.0653479844 -0.0123398378 0.9979798198 -0.0623219647 -0.0662391409 0.0613739528 0.9959144592
42.4 59.7 2052.9 0.9977294207 0.0163798481 0.0653274953 -0.0122204646 0.9979026318 -0.0635685772 -0.0662317276 0.0626259074 0.9958370328
-90.7 255.1 2074.1 0.2285642922 -0.8973135352 -0.3776066899 0.9735181928 0.2124781907 0.0843522176 0.0045427987 -0.3868868947 0.9221159816
-149.5 4.6 2072.9 -0.0411481783 -0.8976952434 -0.4386913180 0.9355045557 0.1195876226 -0.3324605227 0.3509103060 -0.4240778685 0.8348771930
181.9 251.8 2056.0 0.1828220636 0.4640609026 0.8667315245 -0.9830068350 0.0714495182 0.1690931916 0.0165419895 -0.8829169869 0.4692375958
230.3 -8.3 2060.4 -0.0489572473 0.4751700461 0.8785309196 -0.9648490548 0.2048861980 -0.1645839959 -0.2582042515 -0.8557073474 0.4484367073
-50.6 -132.9 2048.7 0.9998559952 0.0140833342 -0.0094698491 -0.0140144965 0.9998751879 0.0072967070 0.0095714293 -0.0071629412 0.9999285340
-56.1 -521.1 2051.4 0.9958256483 0.0911425650 -0.0049300576 -0.0854789615 0.9501621127 0.2998086810 0.0320096873 -0.2981357872 0.9539865851
128.2 -135.2 2036.7 0.9958950877 0.0869400129 -0.0251884665 -0.0837731436 0.9906951189 0.1072627082 0.0342795104 -0.1047122851 0.9939115644
94.4 -519.8 2077.3 0.9932125211 -0.1140044406 -0.0230626147 0.1160567179 0.9845165014 0.1313700527 0.0077287550 -0.1331549585 0.9910650849
-138.8 -239.1 1981.5 0 0 0 0 0 0 0 0 0
216.9 -272.8 1989.6 0 0 0 0 0 0 0 0 0
-90.1 -875.7 2162.7 0 0 0 0 0 0 0 0 0
137.0 -887.2 2127.0 0 0 0 0 0 0 0 0 0
48.3 450.5 2071.6 5 0.9974407554 0.0152022298 0.0698626414 -0.0117941238 0.9987321496 -0.0489391126 -0.0705180466 0.0479898974 0.9963554740
45.3 252.6 2062.1 0.9974407554 0.0152022298 0.0698626414 -0.0117941238 0.9987321496 -0.0489391126 -0.0705180466 0.0479898974 0.9963554740
42.3 58.7 2052.3 0.9974396229 0.0154427253 0.0698260143 -0.0118677588 0.9986114502 -0.0513262637 -0.0705216751 0.0503661707 0.9962378740
-91.0 254.2 2071.7 0.2208662927 -0.8997491002 -0.3763902485 0.9753014445 0.2046565115 0.0830831900 0.0022766860 -0.3854442239 0.9227283001
-147.7 3.5 2071.1 -0.0273617823 -0.9006115198 -0.4337629080 0.9381166101 0.1267284751 -0.3222997189 0.3452369571 -0.4157388806 0.8414111137
181.6 250.9 2052.4 0.1840922385 0.4598428905 0.8687085509 -0.9825526476 0.0622991994 0.1752399951 0.0264630150 -0.8858122230 0.4632886648
230.2 -8.4 2059.4 -0.0498276316 0.4720179737 0.8801796436 -0.9651074409 0.2040753514 -0.1640758663 -0.2570697367 -0.8576434851 0.4453794658
-50.1 -132.9 2046.7 0.9998742342 0.0149693508 -0.0052416385 -0.0149437049 0.9998763204 0.0048982571 0.0053143143 -0.0048193117 0.9999742508
-56.0 -521.1 2048.5 0.9954892397 0.0948741436 -0.0003577418 -0.0899723992 0.9452394843 0.3137312233 0.0301031340 -0.3122838736 0.9495117664
128.6 -135.1 2034.8 0.9959516525 0.0871208981 -0.0221416578 -0.0843386129 0.9908721447 0.1051634774 0.0311014876 -0.1028703451 0.9942083955
94.8 -519.8 2074.7 0.9938644767 -0.1091714129 -0.0177477952 0.1106033176 0.9817526937 0.1546886265 0.0005363691 -0.1557025015 0.9878038764
-140.6 -240.9 1981.2 0 0 0 0 0 0 0 0 0
216.5 -273.0 1988.9 0 0 0 0 0 0 0 0 0
-91.4 -873.9 2165.1 0 0 0 0 0 0 0 0 0
135.6 -886.1 2132.8 0 0 0 0 0 0 0 0 0
48.7 452.2 2074.8 6 0.9978085756 0.0158821940 0.0642326474 -0.0123768412 0.9984312057 -0.0546071380 -0.0649991557 0.0536924712 0.9964397550
45.6 254.3 2064.1 0.9978085756 0.0158821940 0.0642326474 -0.0123768412 0.9984312057 -0.0546071380 -0.0649991557 0.0536924712 0.9964397550
42.4 60.5 2053.1 0.9978044033 0.0163477901 0.0641807765 -0.0126359127 0.9982470274 -0.0578204952 -0.0650135055 0.0568825603 0.9962618351
-90.8 256.0 2073.0 0.2242402434 -0.8970507979 -0.3808099329 0.9745041728 0.2094581425 0.0804297775 0.0076141413 -0.3891364634 0.9211486578
-148.8 3.8 2071.0 -0.0335579216 -0.8977947235 -0.4391337633 0.9381251335 0.1232296079 -0.3236290216 0.3446666896 -0.4228227139 0.8381084800
181.9 252.6 2055.2 0.1809834987 0.4637469947 0.8672852516 -0.9833979607 0.0735240281 0.1658995748 0.0131691257 -0.8829116225 0.4693544805
230.1 -9.6 2058.8 -0.0589250550 0.4750748873 0.8779702187 -0.9651073217 0.1976733953 -0.1717355102 -0.2551385760 -0.8574550152 0.4468503296
-50.0 -134.0 2048.8 0.9998197556 0.0155720031 -0.0108589251 -0.0156025980 0.9998745322 -0.0027384786 0.0108149191 0.0029074124 0.9999372959
-56.1 -522.2 2047.7 0.9958520532 0.0908268839 -0.0054030265 -0.0846064389 0.9462242126 0.3122521937 0.0334733687 -0.3104998767 0.9499838948
128.7 -136.2 2036.2 0.9962503314 0.0821626112 -0.0271030720 -0.0789218619 0.9913976789 0.1044123024 0.0354487114 -0.1018817648 0.9941647053
96.8 -521.1 2075.7 0.9955109358 -0.0916746333 -0.0235310700 0.0941498205 0.9846289754 0.1471109390 0.0096830307 -0.1486660093 0.9888400435
-140.1 -240.6 1981.2 0 0 0 0 0 0 0 0 0
214.0 -274.1 1988.8 0 0 0 0 0 0 0 0 0
-90.0 -875.4 2163.6 0 0 0 0 0 0 0 0 0
131.0 -888.5 2131.2 0 0 0 0 0 0 0 0 0
49.0 451.2 2076.4 7 0.9978704453 0.0146861039 0.0635525286 -0.0107401256 0.9980188608 -0.0619920976 -0.0643370450 0.0611775182 0.9960512519
46.1 253.8 2064.3 0.9978704453 0.0146861039 0.0635525286 -0.0107401256 0.9980188608 -0.0619920976 -0.0643370450 0.0611775182 0.9960512519
43.2 60.1 2052.0 0.9978667498 0.0150505481 0.0635254383 -0.0109888017 0.9979014993 -0.0638107359 -0.0643525124 0.0629765391 0.9959381223
-90.2 255.3 2073.1 0.2300966829 -0.8961556554 -0.3794213533 0.9731466174 0.2144556046 0.0836331621 0.0064207031 -0.3884763122 0.9214363694
-149.1 6.4 2071.4 -0.0354454555 -0.8969757557 -0.4406564236 0.9368751645 0.1236566305 -0.3270687759 0.3478628695 -0.4244331717 0.8359712362
182.4 252.3 2055.5 0.1796605438 0.4648633599 0.8669626117 -0.9836831689 0.0764183402 0.1628731787 0.0094619310 -0.8820784092 0.4710076153
230.0 -8.2 2058.0 -0.0592822954 0.4755606055 0.8776831627 -0.9658105373 0.1949663609 -0.1708746403 -0.2523799241 -0.8578054905 0.4477433860
-50.2 -132.1 2047.9 0.9998090267 0.0158181340 -0.0114773605 -0.0158378091 0.9998732805 -0.0016254470 0.0114501938 0.0018069127 0.9999328256
