41.4 455.8 2071.8 6 0.9961656928 0.0390059352 0.0783101693 -0.0378546827 0.9991530180 -0.0161328167 -0.0788731202 0.0131065510 0.9967985153
33.6 258.1 2069.2 0.9961656928 0.0390059352 0.0783101693 -0.0378546827 0.9991530180 -0.0161328167 -0.0788731202 0.0131065510 0.9967985153
26.2 64.2 2066.1 0.9961934686 0.0385384150 0.0781881660 -0.0371388197 0.9991241693 -0.0192767531 -0.0788625851 0.0162995588 0.9967522621
-102.5 263.2 2080.0 0.2418981493 -0.6916421056 -0.6805266142 0.9698853493 0.1518118531 0.1904613376 -0.0284190755 -0.7061050534 0.7075365782
-169.0 -3.8 2087.8 -0.1336938441 -0.6916421056 -0.7097585201 0.9338519573 0.1518118531 -0.3238421381 0.3317326009 -0.7061050534 0.6255949736
169.8 253.0 2058.4 0.1961509436 0.7044789195 0.6820808649 -0.9788900614 0.0999354944 0.1782893687 0.0574370064 -0.7026538253 0.7092098594
222.9 -12.0 2074.0 -0.0977454633 0.7042779922 0.7031630874 -0.9676303267 0.0979320332 -0.2325959057 -0.2326743752 -0.7031370997 0.6719083190
-70.2 -127.3 2072.8 0.9989629388 -0.0448268689 0.0079756519 0.0447190814 0.9989122152 0.0132153826 -0.0085593797 -0.0128450133 0.9998808503
-52.8 -515.1 2077.7 0.9976854324 0.0679413974 -0.0027908373 -0.0651331022 0.9666250348 0.2477774620 0.0195320398 -0.2470221817 0.9688129425
108.1 -134.0 2057.3 0.9990393519 0.0435267352 -0.0050755404 -0.0430941768 0.9968590736 0.0664444342 0.0079517076 -0.0661618784 0.9977772236
91.2 -521.0 2082.9 0.9933319688 -0.1152716503 -0.0019984376 0.1144644171 0.9840099812 0.1364635974 -0.0137639018 -0.1357824057 0.9906430840
-131.7 -264.5 1995.2 0 0 0 0 0 0 0 0 0
196.1 -277.3 2010.2 0 0 0 0 0 0 0 0 0
-78.2 -875.4 2169.8 0 0 0 0 0 0 0 0 0
134.3 -888.2 2133.6 0 0 0 0 0 0 0 0 0
41.8 456.6 2074.4 7 0.9960415959 0.0398266092 0.0794669911 -0.0382459089 0.9990409613 -0.0213157460 -0.0802397132 0.0181920826 0.9966095686
33.9 259.0 2070.8 0.9960415959 0.0398266092 0.0794669911 -0.0382459089 0.9990409613 -0.0213157460 -0.0802397132 0.0181920826 0.9966095686
26.3 65.1 2066.5 0.9960764647 0.0392360128 0.0793235302 -0.0373645760 0.9989904165 -0.0249412376 -0.0802220404 0.0218794905 0.9965368509
-102.2 264.2 2081.8 0.2381984442 -0.6926081777 -0.6808490157 0.9710054398 0.1552160829 0.1818142533 -0.0202473179 -0.7044159770 0.7094985247
-167.7 -2.8 2087.3 -0.1273259372 -0.6926043034 -0.7099910975 0.9349442124 0.1551876664 -0.3190550804 0.3311607838 -0.7044260502 0.6277869344
170.0 253.9 2059.8 0.1953588426 0.7036398649 0.6831734180 -0.9794158340 0.1039004400 0.1730586290 0.0507889390 -0.7029193640 0.7094538808
222.8 -11.0 2073.6 -0.1004564688 0.7025090456 0.7045491934 -0.9686895609 0.0925356522 -0.2303859890 -0.2270441502 -0.7056332231 0.6712173223
-70.5 -126.4 2070.0 0.9981452823 -0.0603335425 0.0081146983 0.0600937493 0.9978244901 0.0271104928 -0.0097327176 -0.0265725683 0.9995995164
-47.1 -513.7 2080.3 0.9932059050 0.1162689403 -0.0048502339 -0.1117870137 0.9648428559 0.2378696650 0.0323365666 -0.2357113659 0.9712849855
108.0 -133.1 2055.8 0.9991363287 0.0413618609 -0.0039671818 -0.0410574786 0.9974244833 0.0588106625 0.0063894829 -0.0585969910 0.9982612729
91.9 -520.3 2078.6 0.9937893748 -0.1112772152 0.0002791649 0.1097918823 0.9809266925 0.1604013443 -0.0181228537 -0.1593745053 0.9870518446
-132.2 -263.9 1994.9 0 0 0 0 0 0 0 0 0
195.3 -276.6 2011.3 0 0 0 0 0 0 0 0 0
-90.5 -873.2 2168.1 0 0 0 0 0 0 0 0 0
133.4 -886.4 2138.0 0 0 0 0 0 0 0 0 0
41.4 455.3 2069.7 8 0.9964652061 0.0387591906 0.0745304450 -0.0380862840 0.9992200136 -0.0104293022 -0.0748765469 0.0075538489 0.9971641898
33.8 257.6 2068.2 0.9964652061 0.0387591906 0.0745304450 -0.0380862840 0.9992200136 -0.0104293022 -0.0748765469 0.0075538489 0.9971641898
26.4 63.6 2066.0 0.9965018034 0.0380914807 0.0743857175 -0.0371355340 0.9992094636 -0.0141927926 -0.0748675391 0.0113807898 0.9971285462
-102.4 262.6 2078.4 0.2438727617 -0.6999645829 -0.6712493300 0.9691426158 0.1502754688 0.1953968108 -0.0358985327 -0.6981883049 0.7150135636
-168.9 -1.6 2088.2 -0.1292140037 -0.6999645829 -0.7023911476 0.9348298311 0.1502754688 -0.3217304051 0.3307520449 -0.6981883049 0.6349300742
169.9 252.5 2058.0 0.1988594085 0.7064177394 0.6792855859 -0.9781470895 0.1001424491 0.1822081208 0.0606897399 -0.7006750107 0.7108947635
223.5 -11.3 2074.3 -0.0985101834 0.7057853937 0.7015430927 -0.9685784578 0.0937770456 -0.2303512245 -0.2283671796 -0.7021914124 0.6743705273
-70.6 -125.4 2069.5 0.9981524944 -0.0606358834 0.0038630457 0.0605185069 0.9978423119 0.0254597664 -0.0053984858 -0.0251789428 0.9996683598
-47.0 -512.8 2079.3 0.9940013885 0.1089873910 -0.0091103120 -0.1037429199 0.9659743309 0.2369198650 0.0346216038 -0.2345535457 0.9714864492
107.9 -132.1 2055.1 0.9989966750 0.0439630598 -0.0085342759 -0.0431363657 0.9958258867 0.0804365799 0.0120348912 -0.0799877420 0.9967231750
90.8 -518.7 2086.2 0.9941312671 -0.1079826280 -0.0065372796 0.1079475507 0.9862172008 0.1253912747 -0.0070929020 -0.1253610700 0.9920858145
-132.8 -262.6 1995.8 0 0 0 0 0 0 0 0 0
196.5 -276.8 2011.7 0 0 0 0 0 0 0 0 0
-87.7 -873.0 2166.7 0 0 0 0 0 0 0 0 0
131.1 -886.5 2132.9 0 0 0 0 0 0 0 0 0
41.8 454.8 2067.3 9 0.9966419935 0.0394642614 0.0717450008 -0.0392850786 0.9992204309 -0.0039074211 -0.0718432739 0.0010757920 0.9974153638
34.0 257.0 2067.1 0.9966419935 0.0394642614 0.0717450008 -0.0392850786 0.9992204309 -0.0039074211 -0.0718432739 0.0010757920 0.9974153638
26.2 63.0 2065.9 0.9966300130 0.0401380993 0.0715370923 -0.0395854488 0.9991744757 -0.0091270255 -0.0718443766 0.0062644402 0.9973961711
-102.2 262.4 2076.9 0.2456038743 -0.6997012496 -0.6708925962 0.9685232043 0.1481977999 0.2000005245 -0.0405158214 -0.6988959312 0.7140748501
-169.6 -3.3 2088.0 -0.1270178854 -0.6997012496 -0.7030537724 0.9368601441 0.1481977999 -0.3167498708 0.3258213103 -0.6988959312 0.6366984844
170.1 251.6 2057.3 0.1934373230 0.7082147598 0.6789799929 -0.9792686105 0.0969592407 0.1778537333 0.0601252541 -0.6993073225 0.7122880220
222.4 -13.2 2073.6 -0.0950601920 0.7078585029 0.6999285221 -0.9696463943 0.0932734534 -0.2260219008 -0.2252762616 -0.7001688480 0.6775058508
-70.3 -127.0 2070.5 0.9982318878 -0.0594267361 0.0012616363 0.0593688563 0.9978494644 0.0277819950 -0.0029099165 -0.0276579726 0.9996132255
-47.2 -514.4 2081.2 0.9933893085 0.1142023578 -0.0116410805 -0.1079649180 0.9639306068 0.2432721704 0.0390034504 -0.2404071540 0.9698882103
108.2 -133.7 2057.1 0.9987675548 0.0481854640 -0.0118989712 -0.0472294614 0.9963859916 0.0706001595 0.0152578698 -0.0699511692 0.9974337220
89.5 -520.4 2084.2 0.9924197793 -0.1225434244 -0.0092759766 0.1227421090 0.9846141934 0.1243755519 -0.0061081480 -0.1245713159 0.9921918511
-134.1 -264.9 1997.1 0 0 0 0 0 0 0 0 0
196.4 -279.0 2011.8 0 0 0 0 0 0 0 0 0
-89.9 -874.0 2170.9 0 0 0 0 0 0 0 0 0
135.3 -887.8 2130.7 0 0 0 0 0 0 0 0 0
42.2 455.8 2066.6 0 0.9962971807 0.0399390310 0.0761365891 -0.0399925634 0.9991996288 -0.0008219901 -0.0761084855 -0.0022259513 0.9970970750
34.3 257.8 2067.1 0.9962971807 0.0399390310 0.0761365891 -0.0399925634 0.9991996288 -0.0008219901 -0.0761084855 -0.0022259513 0.9970970750
26.5 63.8 2066.4 0.9963037968 0.0402234495 0.0759002343 -0.0398282297 0.9991840124 -0.0067142155 -0.0761083663 0.0036664263 0.9970927835
-101.8 263.2 2077.5 0.2416475266 -0.7040541172 -0.6677681208 0.9695691466 0.1473354101 0.1955197752 -0.0392706059 -0.6946942210 0.7182323933
-168.2 -3.2 2088.3 -0.1265459657 -0.7040541172 -0.6987802982 0.9365545511 0.1473354101 -0.3180531859 0.3268817365 -0.6946942210 0.6407403946
170.4 252.3 2056.7 0.1968696415 0.7050101161 0.6813244820 -0.9783416390 0.0959343240 0.1834237576 0.0639532059 -0.7026786804 0.7086273432
223.5 -11.5 2073.9 -0.0982804671 0.7047389150 0.7026265264 -0.9689404964 0.0932336748 -0.2290453315 -0.2269256115 -0.7033140063 0.6736870408
-70.9 -127.4 2071.1 0.9985247850 -0.0540290438 0.0053910716 0.0538116954 0.9979537725 0.0345339775 -0.0072458778 -0.0341929272 0.9993889928
-49.9 -514.8 2084.4 0.9950990677 0.0988099054 -0.0038081214 -0.0959955007 0.9745607972 0.2025242448 0.0237226486 -0.2011661232 0.9792698622
107.7 -134.5 2058.2 0.9990834594 0.0420773625 -0.0078545213 -0.0414706804 0.9969682097 0.0658373907 0.0106009720 -0.0654513165 0.9977994561
91.3 -521.5 2083.7 0.9934218526 -0.1144238338 -0.0044962820 0.1138681024 0.9829143882 0.1446146071 -0.0121278977 -0.1441752911 0.9894778132
-132.9 -264.8 1997.0 0 0 0 0 0 0 0 0 0
196.6 -277.2 2011.7 0 0 0 0 0 0 0 0 0
-86.8 -878.2 2159.4 0 0 0 0 0 0 0 0 0
134.0 -888.2 2137.4 0 0 0 0 0 0 0 0 0
41.9 454.8 2066.8 1 0.9964756966 0.0384551845 0.0745480210 -0.0384460725 0.9992594719 -0.0015577539 -0.0745527148 -0.0013138148 0.9972162247
34.3 256.8 2067.1 0.9964756966 0.0384551845 0.0745480210 -0.0384460725 0.9992594719 -0.0015577539 -0.0745527148 -0.0013138148 0.9972162247
26.9 62.8 2066.4 0.9964903593 0.0384195074 0.0743699148 -0.0380643234 0.9992561340 -0.0061879093 -0.0745523274 0.0033353514 0.9972115159
-101.8 262.0 2077.3 0.2412156463 -0.7067854404 -0.6650333405 0.9696261287 0.1469253004 0.1955455989 -0.0404985584 -0.6920023561 0.7207583189
-167.6 -2.5 2088.3 -0.1279221475 -0.7067854404 -0.6957659721 0.9355252385 0.1469253004 -0.3212561011 0.3292847574 -0.6920023561 0.6424206495
170.5 251.6 2056.9 0.1971066445 0.7064223289 0.6797915101 -0.9781041741 0.0944568366 0.1854457110 0.0667920336 -0.7014595270 0.7095726728
223.3 -10.6 2074.8 -0.0980658010 0.7067412138 0.7006425261 -0.9673732519 0.0975671709 -0.2338153422 -0.2336066514 -0.7007121444 0.6741145253
-70.6 -126.6 2072.5 0.9984573722 -0.0553681329 0.0041584056 0.0552295297 0.9980754852 0.0281954501 -0.0057115322 -0.0279222876 0.9995937943
-49.1 -514.1 2083.3 0.9954319000 0.0952482745 -0.0065654875 -0.0914904326 0.9712947607 0.2195812911 0.0272917617 -0.2179775387 0.9755721092
107.9 -133.7 2058.8 0.9990811348 0.0417547934 -0.0096661141 -0.0410705470 0.9971948862 0.0625749230 0.0122518027 -0.0621204302 0.9979934692
91.7 -520.9 2083.0 0.9939755797 -0.1094219610 -0.0062776115 0.1091961116 0.9837458134 0.1425497532 -0.0094224988 -0.1423764527 0.9897677302
-131.9 -263.7 1996.4 0 0 0 0 0 0 0 0 0
196.4 -275.8 2010.7 0 0 0 0 0 0 0 0 0
-84.6 -876.4 2164.6 0 0 0 0 0 0 0 0 0
132.6 -888.0 2136.1 0 0 0 0 0 0 0 0 0
42.6 453.9 2066.4 2 0.9964483380 0.0398755074 0.0741666704 -0.0399580449 0.9992012978 -0.0003712435 -0.0741222426 -0.0025936302 0.9972457886
34.7 256.2 2066.9 0.9964483380 0.0398755074 0.0741666704 -0.0399580449 0.9992012978 -0.0003712435 -0.0741222426 -0.0025936302 0.9972457886
26.7 62.2 2066.5 0.9964142442 0.0410471037 0.0739849955 -0.0407993458 0.9991555810 -0.0048576468 -0.0741219148 0.0018216890 0.9972475171
-101.4 261.7 2077.0 0.2399059385 -0.7145108581 -0.6572057605 0.9698524475 0.1465579122 0.1946972311 -0.0427945852 -0.6841015816 0.7281302214
-167.2 -4.1 2088.8 -0.1234878153 -0.7145108581 -0.6886399388 0.9360419512 0.1465579122 -0.3199160695 0.3295091391 -0.6841015816 0.6507139802
170.9 250.6 2056.8 0.1964422315 0.7060555220 0.6803646684 -0.9784269333 0.0958894640 0.1829916835 0.0639624819 -0.7016344070 0.7096604705
223.8 -13.0 2074.0 -0.0943418294 0.7062201500 0.7016785145 -0.9686569571 0.0975691006 -0.2284381390 -0.2297897488 -0.7012370229 0.6748802066
-69.9 -127.8 2072.5 0.9984187484 -0.0560935400 0.0036832092 0.0559419170 0.9978879690 0.0330173932 -0.0055274926 -0.0327591375 0.9994480014
-48.1 -515.2 2085.2 0.9949384332 0.1002773270 -0.0064792074 -0.0966278166 0.9724388719 0.2121926397 0.0275787432 -0.2104925364 0.9772063494
108.7 -134.6 2059.1 0.9989926219 0.0437710211 -0.0098910360 -0.0430553518 0.9970428348 0.0636539385 0.0126479845 -0.0631639510 0.9979230165
91.7 -521.7 2083.6 0.9936134219 -0.1126265451 -0.0069038053 0.1125569642 0.9849673510 0.1310353875 -0.0079580415 -0.1309755892 0.9913536310
-132.7 -265.5 1996.7 0 0 0 0 0 0 0 0 0
197.9 -278.5 2011.0 0 0 0 0 0 0 0 0 0
-85.5 -878.1 2163.7 0 0 0 0 0 0 0 0 0
133.7 -889.3 2132.5 0 0 0 0 0 0 0 0 0
43.3 453.9 2065.7 3 0.9966157675 0.0422450267 0.0705147684 -0.0424647108 0.9990966320 0.0016185935 -0.0703826919 -0.0046075052 0.9975094199
34.9 256.3 2066.6 0.9966157675 0.0422450267 0.0705147684 -0.0424647108 0.9990966320 0.0016185935 -0.0703826919 -0.0046075052 0.9975094199
26.6 62.3 2066.7 0.9966076612 0.0427202396 0.0703432858 -0.0426561087 0.9990869164 -0.0024142554 -0.0703821927 -0.0005945055 0.9975199103
-101.3 262.1 2076.2 0.2452753335 -0.7037793994 -0.6667342782 0.9683123827 0.1444903314 0.2037000805 -0.0470232591 -0.6955696344 0.7169181705
-168.6 -3.9 2089.1 -0.1253475845 -0.7037793994 -0.6992728710 0.9384813905 0.1444903314 -0.3136482239 0.3217773139 -0.6955696344 0.6423723102
171.1 250.5 2057.0 0.1956987977 0.7087005377 0.6778240800 -0.9783111215 0.0932359248 0.1849712431 0.0678916648 -0.6993215084 0.7115758061
224.2 -15.0 2075.4 -0.0978349373 0.7092620730 0.6981229782 -0.9667944908 0.0986752212 -0.2357362211 -0.2360861897 -0.6980046630 0.6760568023
-70.5 -128.1 2072.8 0.9985677004 -0.0535029769 0.0001827061 0.0534658208 0.9979903102 0.0340105742 -0.0020020059 -0.0339520909 0.9994214773
-49.7 -515.6 2086.0 0.9960654378 0.0881715417 -0.0089095319 -0.0845355764 0.9755094647 0.2030640244 0.0265958011 -0.2015118897 0.9791249037
108.1 -135.4 2059.6 0.9989044666 0.0449640118 -0.0129637280 -0.0438491851 0.9961236119 0.0762563050 0.0163422655 -0.0756043196 0.9970039725
90.6 -522.1 2088.9 0.9930848479 -0.1168085486 -0.0117594451 0.1173983291 0.9877492189 0.1028063595 -0.0003932791 -0.1034759730 0.9946318865
-133.6 -265.9 1999.3 0 0 0 0 0 0 0 0 0
197.3 -280.0 2010.7 0 0 0 0 0 0 0 0 0
-82.6 -879.6 2161.2 0 0 0 0 0 0 0 0 0
134.2 -890.7 2127.5 0 0 0 0 0 0 0 0 0
42.6 454.9 2066.8 4 0.9960805774 0.0408022255 0.0784772709 -0.0409441739 0.9991614223 0.0001998732 -0.0784033090 -0.0034122770 0.9969158769
34.5 257.1 2067.5 0.9960805774 0.0408022255 0.0784772709 -0.0409441739 0.9991614223 0.0001998732 -0.0784033090 -0.0034122770 0.9969158769
26.6 63.2 2067.4 0.9961083531 0.0404129587 0.0783260837 -0.0402608998 0.9991829991 -0.0035201784 -0.0784043521 0.0003530001 0.9969215989
-101.6 262.6 2078.2 0.2462012917 -0.6996325254 -0.6707453132 0.9683974981 0.1490876377 0.1999479681 -0.0398902670 -0.6987755299 0.7142279148
-169.3 -3.6 2089.2 -0.1236128062 -0.6996325254 -0.7037287951 0.9379850626 0.1490876377 -0.3129806817 0.3238887191 -0.6987755299 0.6378157139
170.6 251.6 2056.8 0.1967843920 0.7037262321 0.6826751232 -0.9779785872 0.0915131047 0.1875720173 0.0695256218 -0.7045528889 0.7062374949
224.4 -15.6 2075.8 -0.0990358368 0.7043072581 0.7029531598 -0.9674821496 0.0970774889 -0.2335685939 -0.2327449918 -0.7032262683 0.6717905402
-71.0 -127.8 2073.1 0.9982947707 -0.0578099936 0.0080953939 0.0575156100 0.9978054166 0.0328075103 -0.0099742301 -0.0322859548 0.9994289279
-48.5 -515.2 2085.7 0.9949910045 0.0999432877 -0.0020646404 -0.0973870903 0.9737889171 0.2055501789 0.0225538854 -0.2043195069 0.9786443710
107.6 -135.4 2060.5 0.9985994101 0.0526127703 -0.0055830176 -0.0521297641 0.9964486957 0.0661249310 0.0090422062 -0.0657412782 0.9977957606
87.2 -522.2 2086.0 0.9888833761 -0.1486740857 -0.0023865227 0.1477811933 0.9809162617 0.1263488382 -0.0164438188 -0.1252969503 0.9919829965
-134.8 -265.5 1998.7 0 0 0 0 0 0 0 0 0
197.2 -280.9 2012.0 0 0 0 0 0 0 0 0 0
-85.8 -878.6 2161.9 0 0 0 0 0 0 0 0 0
142.6 -888.1 2132.8 0 0 0 0 0 0 0 0 0
42.5 455.0 2072.9 5 0.9962595105 0.0414924100 0.0757978857 -0.0405548103 0.9990810752 -0.0138680087 -0.0763036460 0.0107421670 0.9970267415
34.3 257.5 2070.8 0.9962595105 0.0414924100 0.0757978857 -0.0405548103 0.9990810752 -0.0138680087 -0.0763036460 0.0107421670 0.9970267415
26.4 63.6 2068.1 0.9963008165 0.0407275259 0.0756699219 -0.0395513847 0.9990732670 -0.0169777684 -0.0762912631 0.0139221139 0.9969883561
-101.9 262.9 2081.2 0.2464099526 -0.6988895535 -0.6714428663 0.9686106443 0.1541463733 0.1950188279 -0.0327961259 -0.6984212995 0.7149350047
-169.5 -3.0 2090.2 -0.1240672246 -0.6983143687 -0.7049569488 0.9377510548 0.1497426182 -0.3133689165 0.3243921101 -0.6999529600 0.6362669468
170.4 252.1 2060.4 0.1981316805 0.7052254677 0.6807355285 -0.9785830379 0.1027504876 0.1783747673 0.0558485202 -0.7014979720 0.7104797959
224.4 -14.5 2075.6 -0.0985218063 0.7044050694 0.7029274106 -0.9685083628 0.0944335908 -0.2303775400 -0.2286590636 -0.7034882903 0.6729184389
-70.4 -127.2 2074.4 0.9985631108 -0.0533258989 0.0052956888 0.0531972907 0.9983412623 0.0220166631 -0.0064609633 -0.0217033103 0.9997435808
-49.7 -514.8 2082.8 0.9966188669 0.0819154158 -0.0063792085 -0.0780575275 0.9681940675 0.2377126664 0.0256486442 -0.2364109904 0.9713145494
108.0 -134.4 2060.3 0.9986411333 0.0515926294 -0.0073566162 -0.0509629771 0.9963068962 0.0691035837 0.0108946832 -0.0686347634 0.9975823760
88.0 -521.2 2087.0 0.9890028834 -0.1478024423 -0.0052691605 0.1474891901 0.9830121994 0.1092425883 -0.0109666726 -0.1088183746 0.9940011501
-134.9 -264.9 1999.6 0 0 0 0 0 0 0 0 0
197.3 -280.0 2012.9 0 0 0 0 0 0 0 0 0
-80.3 -875.9 2171.0 0 0 0 0 0 0 0 0 0
143.2 -887.9 2127.6 0 0 0 0 0 0 0 0 0
42.6 456.1 2075.4 6 0.9965498447 0.0417468213 0.0717325509 -0.0403967574 0.9989801049 -0.0201702584 -0.0725014359 0.0172029044 0.9972199202
34.3 258.5 2072.0 0.9965498447 0.0417468213 0.0717325509 -0.0403967574 0.9989801049 -0.0201702584 -0.0725014359 0.0172029044 0.9972199202
26.2 64.6 2068.5 0.9965514541 0.0417752191 0.0716938823 -0.0403586701 0.9989625216 -0.0210951082 -0.0725007579 0.0181288924 0.9972035885
-101.9 264.1 2081.9 0.2452980131 -0.6984770298 -0.6722787619 0.9688686132 0.1526626050 0.1949045807 -0.0335045457 -0.6991594434 0.7141802907
-169.2 -2.0 2091.1 -0.1257294267 -0.6984770298 -0.7045012116 0.9356064796 0.1526626050 -0.3183310330 0.3298979104 -0.6991594434 0.6343054771
170.5 253.0 2062.1 0.1992996484 0.7072930336 0.6782449484 -0.9786992669 0.1088688448 0.1740554720 0.0492684729 -0.6984870434 0.7139247060
224.8 -13.8 2075.6 -0.1012140661 0.7054160237 0.7015297413 -0.9690865874 0.0895738378 -0.2298862189 -0.2250041366 -0.7031107545 0.6745430827
-70.8 -126.8 2072.2 0.9982821345 -0.0585880354 0.0004884273 0.0585387200 0.9977214932 0.0335423388 -0.0024524941 -0.0334561244 0.9994371533
-48.1 -514.1 2085.2 0.9949487448 0.0998740345 -0.0101055559 -0.0954366922 0.9723223448 0.2132629752 0.0311252940 -0.2112212926 0.9769425392
107.7 -133.9 2058.5 0.9989880919 0.0435968935 -0.0110483048 -0.0427337289 0.9966997504 0.0690175220 0.0140207922 -0.0684755445 0.9975542426
90.8 -520.8 2085.1 0.9932856560 -0.1153707728 -0.0085585220 0.1155301780 0.9853539467 0.1254208386 -0.0060367258 -0.1255674809 0.9920667410
-134.1 -263.2 1999.0 0 0 0 0 0 0 0 0 0
197.0 -279.4 2013.9 0 0 0 0 0 0 0 0 0
-85.3 -876.8 2164.0 0 0 0 0 0 0 0 0 0
133.8 -888.3 2131.9 0 0 0 0 0 0 0 0 0
42.4 453.8 2070.2 7 0.9969112277 0.0396368839 0.0678010210 -0.0392643958 0.9992055893 -0.0068181846 -0.0680174083 0.0041349586 0.9976755381
34.5 256.3 2069.4 0.9969112277 0.0396368839 0.0678010210 -0.0392643958 0.9992055893 -0.0068181846 -0.0680174083 0.0041349586 0.9976755381
27.0 62.3 2068.1 0.9969536662 0.0387230627 0.0677044243 -0.0381810553 0.9992277026 -0.0092817051 -0.0680115521 0.0066684033 0.9976622462
-101.7 261.5 2078.7 0.2504172623 -0.7017285824 -0.6669843793 0.9669682384 0.1474321038 0.2079332024 -0.0475777611 -0.6970227957 0.7154688239
-169.6 -0.7 2091.6 -0.1283909529 -0.7017285824 -0.7007800937 0.9361667633 0.1474321038 -0.3191481531 0.3272728622 -0.6970227957 0.6380060315
170.7 251.1 2060.1 0.1997834742 0.7103513479 0.6748981476 -0.9778067470 0.1001851410 0.1840025336 0.0630916730 -0.6966806650 0.7146016359
224.7 -13.2 2077.1 -0.0998131558 0.7095074654 0.6975933909 -0.9684116244 0.0917390361 -0.2318682522 -0.2285088003 -0.6987010241 0.6779385209
-71.2 -125.7 2071.5 0.9981312156 -0.0610206649 -0.0032515868 0.0611005314 0.9973960519 0.0383128412 0.0009052447 -0.0384399146 0.9992604852
-47.5 -512.9 2086.4 0.9938325882 0.1100316942 -0.0137781696 -0.1046894714 0.9719512463 0.2105966359 0.0365640149 -0.2078553587 0.9774759412
107.4 -132.9 2058.5 0.9985815883 0.0507120416 -0.0162190683 -0.0496411696 0.9969188571 0.0607330576 0.0192489922 -0.0598417819 0.9980222583
87.7 -519.9 2081.7 0.9901070595 -0.1398812830 -0.0110123521 0.1398185194 0.9769762158 0.1611465365 -0.0117825791 -0.1610920578 0.9868690372
-133.7 -262.1 2000.2 0 0 0 0 0 0 0 0 0
197.4 -278.7 2014.5 0 0 0 0 0 0 0 0 0
-88.6 -875.5 2164.0 0 0 0 0 0 0 0 0 0
139.8 -884.1 2141.8 0 0 0 0 0 0 0 0 0
43.0 454.1 2074.1 8 0.9968163967 0.0411423780 0.0682958439 -0.0399078391 0.9990161061 -0.0193439294 -0.0690245032 0.0165568069 0.9974775910
34.8 255.9 2070.8 0.9968163967 0.0411423780 0.0682958439 -0.0399078391 0.9990161061 -0.0193439294 -0.0690245032 0.0165568069 0.9974775910
27.0 62.0 2067.4 0.9968490005 0.0404112563 0.0682567209 -0.0391094610 0.9990286827 -0.0203024168 -0.0690108687 0.0175689608 0.9974611998
-101.4 261.3 2080.2 0.2498765141 -0.6940676570 -0.6751531959 0.9674800634 0.1506684572 0.2031782568 -0.0392951630 -0.7039666772 0.7091450691
-169.8 -3.4 2091.0 -0.1279937178 -0.6940676570 -0.7084403634 0.9364491105 0.1506684572 -0.3167997003 0.3266200423 -0.7039666772 0.6306744218
171.0 250.6 2061.4 0.1977261603 0.7107836008 0.6750488877 -0.9786189795 0.1033338979 0.1778397560 0.0566501468 -0.6957792640 0.7160181403
224.7 -15.0 2076.7 -0.0959219709 0.7096346021 0.6980098486 -0.9698630571 0.0911570638 -0.2259558141 -0.2239745855 -0.6986480951 0.6795043945
-69.8 -128.2 2072.9 0.9983031154 -0.0581381582 -0.0032930169 0.0582223013 0.9975472689 0.0388536826 0.0010260587 -0.0389794782 0.9992395043
-47.3 -515.5 2088.0 0.9922216535 0.1239105836 -0.0119329868 -0.1195081621 0.9750063419 0.1872978359 0.0348429233 -0.1844148785 0.9822306633
108.8 -135.0 2060.7 0.9987033606 0.0485675223 -0.0152565995 -0.0476504341 0.9973147511 0.0556124039 0.0179165881 -0.0548133142 0.9983358383
89.9 -522.2 2082.0 0.9917159677 -0.1280307621 -0.0103709791 0.1280929893 0.9797134399 0.1541226059 -0.0095718475 -0.1541742980 0.9879972935
-134.0 -264.9 1999.8 0 0 0 0 0 0 0 0 0
198.4 -280.9 2015.3 0 0 0 0 0 0 0 0 0
-93.5 -879.2 2156.8 0 0 0 0 0 0 0 0 0
137.7 -887.6 2139.5 0 0 0 0 0 0 0 0 0
42.6 454.6 2076.0 9 0.9962468743 0.0431106947 0.0750572234 -0.0415799394 0.9988964796 -0.0218398347 -0.0759159252 0.0186369941 0.9969400167
34.1 256.8 2072.3 0.9962468743 0.0431106947 0.0750572234 -0.0415799394 0.9988964796 -0.0218398347 -0.0759159252 0.0186369941 0.9969400167
25.8 62.9 2068.6 0.9962707162 0.0426023230 0.0750312135 -0.0410245545 0.9989059567 -0.0224460438 -0.0759053826 0.0192842148 0.9969285131
-102.0 262.5 2082.7 0.2378395051 -0.6987533569 -0.6746674180 0.9709659219 0.1527045220 0.1841370463 -0.0256416071 -0.6988741755 0.7147848606
-166.9 -2.5 2089.7 -0.1172907352 -0.6987974048 -0.7056380510 0.9391021132 0.1530568451 -0.3076700568 0.3230017722 -0.6987529993 0.6382899284
170.2 251.2 2062.0 0.2040287256 0.7051584721 0.6790609360 -0.9774742126 0.1084751636 0.1810450554 0.0540042110 -0.7007029653 0.7114062905
225.7 -14.6 2076.7 -0.1045694351 0.7032930255 0.7031672001 -0.9680542946 0.0900393203 -0.2340167612 -0.2278950661 -0.7051750422 0.6714105010
-70.2 -128.4 2070.2 0.9983416796 -0.0574528351 0.0036185016 0.0572810806 0.9976778626 0.0368474200 -0.0057270876 -0.0365790427 0.9993143678
-47.9 -515.7 2084.4 0.9941637516 0.1076691896 -0.0067680068 -0.1036889553 0.9709638357 0.2155870944 0.0297835786 -0.2136271000 0.9764611721
108.4 -135.4 2057.8 0.9989652634 0.0448357835 -0.0076290369 -0.0442144424 0.9967013597 0.0680549294 0.0106551675 -0.0676471964 0.9976524115
91.0 -522.3 2084.1 0.9920859337 -0.1254591495 -0.0050446251 0.1251010448 0.9842234850 0.1251152307 -0.0107318098 -0.1247561425 0.9921293855
-134.2 -264.7 1999.5 0 0 0 0 0 0 0 0 0
197.0 -280.0 2014.2 0 0 0 0 0 0 0 0 0
-88.0 -877.9 2164.0 0 0 0 0 0 0 0 0 0
137.8 -889.4 2130.6 0 0 0 0 0 0 0 0 0
42.6 454.1 2077.0 0 0.9963566065 0.0419219434 0.0742700920 -0.0402752012 0.9989114404 -0.0235336367 -0.0751758143 0.0204566531 0.9969604611
34.3 256.7 2073.0 0.9963566065 0.0419219434 0.0742700920 -0.0402752012 0.9989114404 -0.0235336367 -0.0751758143 0.0204566531 0.9969604611
26.2 62.8 2068.7 0.9963845611 0.0413454995 0.0742183253 -0.0396047421 0.9989082217 -0.0247756205 -0.0751616508 0.0217466466 0.9969341755
-101.9 262.1 2083.2 0.2446800619 -0.6979764104 -0.6730234623 0.9691600204 0.1550536305 0.1915391684 -0.0293350946 -0.6991332173 0.7143893838
-168.5 -1.9 2091.2 -0.1200934947 -0.6976202130 -0.7063310742 0.9384890199 0.1522461623 -0.3099345863 0.3237528205 -0.7001051307 0.6364251375
170.4 251.3 2062.7 0.2114402950 0.7044770122 0.6774991751 -0.9760854244 0.1163820103 0.1836095750 0.0505000018 -0.7001195550 0.7122375965
227.5 -12.4 2076.3 -0.1115251556 0.7009778023 0.7044091225 -0.9684635997 0.0822551101 -0.2351858467 -0.2228013128 -0.7084237337 0.6696980000
-71.7 -127.3 2071.7 0.9975247979 -0.0702624843 0.0027344418 0.0701275617 0.9969462752 0.0343553014 -0.0051399800 -0.0340785049 0.9994059205
-44.4 -514.3 2084.9 0.9918878078 0.1267068982 -0.0101950374 -0.1215156242 0.9686750770 0.2165699601 0.0373165831 -0.2135742456 0.9762138724
106.8 -134.6 2058.1 0.9990844727 0.0419228636 -0.0085236803 -0.0412669666 0.9969429374 0.0663465932 0.0112790624 -0.0659341067 0.9977602363
90.5 -521.7 2083.7 0.9924070239 -0.1228917316 -0.0050918865 0.1223001853 0.9815363884 0.1470678747 -0.0130755547 -0.1465739310 0.9891132712
-135.0 -264.0 2000.8 0 0 0 0 0 0 0 0 0
197.0 -277.9 2015.2 0 0 0 0 0 0 0 0 0
-91.7 -875.7 2164.6 0 0 0 0 0 0 0 0 0
136.4 -887.8 2138.3 0 0 0 0 0 0 0 0 0
42.7 454.7 2077.5 1 0.9962780476 0.0415907577 0.0754998997 -0.0399069153 0.9989228249 -0.0236765314 -0.0764033049 0.0205754414 0.9968646765
34.5 257.4 2073.4 0.9962780476 0.0415907577 0.0754998997 -0.0399069153 0.9989228249 -0.0236765314 -0.0764033049 0.0205754414 0.9968646765
26.5 63.5 2069.0 0.9962958097 0.0413260609 0.0754113197 -0.0394798703 0.9988869429 -0.0258108992 -0.0763940439 0.0227380618 0.9968184233
-101.6 262.8 2083.9 0.2404510975 -0.6996173859 -0.6728438139 0.9702293873 0.1525565684 0.1880993694 -0.0289508458 -0.6980415583 0.7154717445
-167.0 -0.8 2091.7 -0.1125078574 -0.6998641491 -0.7053595781 0.9402454495 0.1546052545 -0.3033738732 0.3213728070 -0.6973431110 0.6406497359
170.6 252.0 2063.0 0.2050594836 0.7042412162 0.6797020435 -0.9776383638 0.1142973229 0.1765201688 0.0466246642 -0.7006999254 0.7119309902
226.5 -14.2 2075.7 -0.1095547751 0.7009490132 0.7047469616 -0.9692943096 0.0816966295 -0.2319357246 -0.2201505601 -0.7085168958 0.6704756021
-71.1 -127.5 2071.2 0.9971313477 -0.0756237283 0.0031835421 0.0754145905 0.9962040186 0.0434759445 -0.0064592701 -0.0431111418 0.9990494251
-41.7 -514.3 2088.0 0.9892512560 0.1459221095 -0.0094146533 -0.1407892406 0.9678898454 0.2082489431 0.0395004749 -0.2046850622 0.9780305624
107.5 -134.6 2057.8 0.9988849759 0.0466625243 -0.0071682427 -0.0460580327 0.9965503216 0.0690371171 0.0103649609 -0.0686299875 0.9975883365
89.4 -521.5 2084.4 0.9914867878 -0.1301652640 -0.0033160211 0.1291772276 0.9801251888 0.1505585462 -0.0163473766 -0.1497051567 0.9885955453
-135.5 -263.4 2002.0 0 0 0 0 0 0 0 0 0
196.4 -280.0 2015.3 0 0 0 0 0 0 0 0 0
-96.1 -875.4 2164.4 0 0 0 0 0 0 0 0 0
137.9 -887.3 2140.3 0 0 0 0 0 0 0 0 0
42.6 454.6 2077.7 2 0.9965772629 0.0399340317 0.0723807514 -0.0383031555 0.9989831448 -0.0237821471 -0.0732568651 0.0209283382 0.9970934987
34.7 257.2 2073.6 0.9965772629 0.0399340317 0.0723807514 -0.0383031555 0.9989831448 -0.0237821471 -0.0732568651 0.0209283382 0.9970934987
27.1 63.3 2069.1 0.9966202378 0.0389957950 0.0723006800 -0.0372155569 0.9989739060 -0.0258089136 -0.0732329339 0.0230309758 0.9970489144
-101.5 262.3 2083.6 0.2467135489 -0.6969401836 -0.6733549237 0.9685551524 0.1542836428 0.1951856464 -0.0321450606 -0.7003363371 0.7130888700
-168.6 -1.0 2092.3 -0.1179928929 -0.6968852282 -0.7074097991 0.9388164282 0.1538462192 -0.3081478775 0.3235760331 -0.7004871964 0.6360945702
170.8 252.1 2063.6 0.2101989090 0.7060053945 0.6762934327 -0.9764304757 0.1169399321 0.1814070642 0.0489886627 -0.6984850764 0.7139458656
227.6 -11.7 2076.8 -0.1139792129 0.7020283341 0.7029686570 -0.9687140584 0.0784814954 -0.2354436219 -0.2204581201 -0.7078113556 0.6711194515
-70.8 -126.9 2071.4 0.9982047677 -0.0598929934 0.0003429670 0.0598392189 0.9975206256 0.0370392501 -0.0025605082 -0.0369522311 0.9993137717
-47.6 -514.1 2085.8 0.9946153164 0.1030503660 -0.0109984921 -0.0979466066 0.9693863392 0.2251591533 0.0338645205 -0.2228694707 0.9742599130
107.7 -134.0 2057.7 0.9990043044 0.0434439071 -0.0101475399 -0.0425403118 0.9961450696 0.0767158270 0.0134412572 -0.0762077644 0.9970013499
90.9 -520.7 2087.3 0.9931271076 -0.1167548522 -0.0081733428 0.1168789491 0.9856655002 0.1216668263 -0.0061490098 -0.1217859164 0.9925373197
-135.6 -263.1 2002.0 0 0 0 0 0 0 0 0 0
196.4 -277.3 2016.4 0 0 0 0 0 0 0 0 0
-86.0 -875.5 2168.9 0 0 0 0 0 0 0 0 0
134.4 -888.4 2132.8 0 0 0 0 0 0 0 0 0
42.6 454.4 2077.3 3 0.9961804748 0.0408370607 0.0771806315 -0.0391564481 0.9989645481 -0.0231649820 -0.0780467018 0.0200543832 0.9967479706
34.5 256.3 2073.4 0.9961804748 0.0408370607 0.0771806315 -0.0391564481 0.9989645481 -0.0231649820 -0.0780467018 0.0200543832 0.9967479706
26.7 62.4 2068.8 0.9962033629 0.0405380577 0.0770424604 -0.0385940447 0.9989020228 -0.0265571643 -0.0780344456 0.0234829560 0.9966740608
-101.6 261.6 2084.0 0.2485469133 -0.6991841197 -0.6703476310 0.9682090282 0.1591789275 0.1929595619 -0.0282090418 -0.6969961524 0.7165198326
-169.3 -2.0 2091.7 -0.1208651364 -0.6979401112 -0.7058832645 0.9394826889 0.1492118239 -0.3083960712 0.3205681145 -0.7004394531 0.6376681328
170.6 251.0 2062.7 0.2148845792 0.7032108903 0.6777307987 -0.9750233293 0.1145624667 0.1902759969 0.0561616421 -0.7016907334 0.7102647424
228.3 -10.5 2077.8 -0.1130455360 0.6998199821 0.7053174376 -0.9680898190 0.0822133422 -0.2367342114 -0.2236578465 -0.7095723748 0.6681947112
-69.8 -127.3 2071.2 0.9984626770 -0.0551977679 0.0050465828 0.0549610592 0.9977325201 0.0388470180 -0.0071794088 -0.0385099314 0.9992324114
-48.3 -514.7 2086.2 0.9950776696 0.0989380628 -0.0056297388 -0.0950154662 0.9686799049 0.2294150144 0.0281512905 -0.2277508378 0.9733124375
108.8 -134.0 2058.1 0.9987585545 0.0494931974 -0.0056333495 -0.0489956625 0.9964727759 0.0681277514 0.0089853397 -0.0677671656 0.9976606965
89.6 -520.8 2084.4 0.9913569093 -0.1311733276 -0.0022463226 0.1302593648 0.9821223021 0.1358982325 -0.0156200603 -0.1350162625 0.9907202721
-135.5 -264.4 2002.2 0 0 0 0 0 0 0 0 0
197.3 -275.9 2016.5 0 0 0 0 0 0 0 0 0
-85.3 -876.0 2171.1 0 0 0 0 0 0 0 0 0
138.5 -887.3 2134.8 0 0 0 0 0 0 0 0 0
42.7 454.2 2077.2 4 0.9969894290 0.0397746637 0.0665587187 -0.0384867340 0.9990483522 -0.0205224250 -0.0673116446 0.0178990122 0.9975714087
34.8 256.5 2073.6 0.9969894290 0.0397746637 0.0665587187 -0.0384867340 0.9990483522 -0.0205224250 -0.0673116446 0.0178990122 0.9975714087
27.2 62.6 2069.3 0.9970121384 0.0394737870 0.0663976222 -0.0379144363 0.9989785552 -0.0245838929 -0.0673002228 0.0219930112 0.9974903464
-101.4 261.7 2082.8 0.2504751086 -0.6923052669 -0.6767389774 0.9674397707 0.1527306885 0.2018257231 -0.0363662094 -0.7052565217 0.7080188990
-170.0 -3.2 2092.8 -0.1218100414 -0.6923052669 -0.7112494111 0.9385845065 0.1527306885 -0.3094066083 0.3228334486 -0.7052565217 0.6311828494
171.1 251.3 2064.4 0.2134216130 0.7089365721 0.6722054482 -0.9758093953 0.1213018820 0.1818840951 0.0474045016 -0.6947624087 0.7176753879
228.4 -11.0 2077.2 -0.1161977500 0.7043372989 0.7002906799 -0.9682329297 0.0768474862 -0.2379483879 -0.2214114964 -0.7056936026 0.6730330586
-70.5 -128.1 2071.2 0.9984373450 -0.0556544475 -0.0050407178 0.0557790473 0.9980103374 0.0293947719 0.0033947385 -0.0296300054 0.9995551705
-48.9 -515.5 2082.8 0.9948408008 0.0997050032 -0.0187252518 -0.0906709060 0.9566673040 0.2767064273 0.0455028489 -0.2735809982 0.9607720375
108.0 -135.0 2057.3 0.9989304543 0.0432223752 -0.0164238978 -0.0419990756 0.9967545271 0.0686769187 0.0193389729 -0.0679136813 0.9975037575
91.3 -521.9 2083.6 0.9927006364 -0.1198737323 -0.0132580232 0.1205443069 0.9827127457 0.1405159533 -0.0038153441 -0.1410884559 0.9899896383
-135.9 -265.3 2002.6 0 0 0 0 0 0 0 0 0
196.6 -276.5 2016.5 0 0 0 0 0 0 0 0 0
-86.0 -872.1 2184.7 0 0 0 0 0 0 0 0 0
136.0 -888.7 2136.3 0 0 0 0 0 0 0 0 0
42.0 454.6 2078.1 5 0.9971664548 0.0384246521 0.0646729246 -0.0370082520 0.9990512133 -0.0229586903 -0.0654937401 0.0205002055 0.9976423979
34.4 257.2 2074.0 0.9971664548 0.0384246521 0.0646729246 -0.0370082520 0.9990512133 -0.0229586903 -0.0654937401 0.0205002055 0.9976423979
26.9 63.3 2069.3 0.9971843362 0.0382020958 0.0645293966 -0.0365428329 0.9989753366 -0.0267011449 -0.0654833168 0.0242678747 0.9975585341
-101.9 262.2 2083.0 0.2390729338 -0.6931543946 -0.6799860597 0.9703789353 0.1454787552 0.1928746700 -0.0347684026 -0.7059552670 0.7074024677
-167.0 -2.3 2092.4 -0.1109552085 -0.6947215796 -0.7106693387 0.9402506351 0.1582330018 -0.3014813960 0.3218969703 -0.7016582489 0.6356556416
170.6 252.2 2065.1 0.2141418904 0.7099020481 0.6709562540 -0.9758178592 0.1246384606 0.1795681715 0.0438488573 -0.6931841969 0.7194254398
228.4 -11.3 2076.9 -0.1134892926 0.7051370740 0.6999298930 -0.9691342711 0.0766167939 -0.2343259007 -0.2188582569 -0.7049195170 0.6746773124
-69.8 -127.9 2071.1 0.9986211658 -0.0519623086 -0.0074598701 0.0521982983 0.9979874492 0.0360053293 0.0055739367 -0.0363450758 0.9993237257
-49.6 -515.4 2085.2 0.9958743453 0.0889045596 -0.0181735214 -0.0818072483 0.9662809372 0.2441488951 0.0392666794 -0.2416548878 0.9695674777
108.8 -134.7 2059.1 0.9988495111 0.0441571437 -0.0187018923 -0.0429718271 0.9972948432 0.0596358329 0.0212846491 -0.0587635711 0.9980449677
91.7 -521.9 2081.9 0.9925239086 -0.1212521121 -0.0139354970 0.1218867004 0.9788019061 0.1645916700 -0.0063169957 -0.1650597155 0.9862633348
-136.1 -264.8 2002.6 0 0 0 0 0 0 0 0 0
197.3 -277.0 2016.9 0 0 0 0 0 0 0 0 0
-82.8 -875.6 2175.3 0 0 0 0 0 0 0 0 0
136.9 -887.1 2143.5 0 0 0 0 0 0 0 0 0
43.6 455.9 2084.0 6 0.9964829087 0.0411522351 0.0729954466 -0.0385278091 0.9985721111 -0.0370046385 -0.0744140372 0.0340621360 0.9966455102
35.5 258.7 2077.3 0.9964829087 0.0411522351 0.0729954466 -0.0385278091 0.9985721111 -0.0370046385 -0.0744140372 0.0340621360 0.9966455102
27.6 64.8 2070.2 0.9965164661 0.0404975861 0.0729034021 -0.0377070121 0.9985174537 -0.0392559096 -0.0743850917 0.0363701880 0.9965661168
-100.7 263.8 2087.5 0.2408278286 -0.6982463598 -0.6741319895 0.9703299403 0.1578353047 0.1831607372 -0.0214894805 -0.6982406974 0.7155404687
-166.3 -0.6 2093.3 -0.1079862788 -0.6984236836 -0.7074908614 0.9402626753 0.1593713015 -0.3008436561 0.3228700757 -0.6977142692 0.6394917965
171.6 253.5 2067.1 0.2084657401 0.7058327198 0.6770097613 -0.9773546457 0.1246294007 0.1710129827 0.0363312401 -0.6973289251 0.7158298492
228.1 -11.4 2077.0 -0.1106102243 0.7014220357 0.7041111588 -0.9696393609 0.0793035179 -0.2313232273 -0.2180936933 -0.7083206177 0.6713546515
-69.8 -127.4 2070.5 0.9986066818 -0.0527690239 0.0003461853 0.0527190156 0.9979062080 0.0374691561 -0.0023226712 -0.0373986997 0.9992977381
-49.3 -514.8 2085.0 0.9965186715 0.0827229992 -0.0103660040 -0.0778565854 0.9678610563 0.2391303480 0.0298144314 -0.2374908030 0.9709321260
108.9 -133.9 2058.7 0.9987760186 0.0486023985 -0.0091809165 -0.0478745289 0.9965697527 0.0675039440 0.0124302767 -0.0669817924 0.9976767898
90.0 -520.8 2084.7 0.9918563366 -0.1272202879 -0.0060001076 0.1268928796 0.9830695391 0.1321833581 -0.0109178815 -0.1318682730 0.9912071228
-136.2 -263.1 2003.2 0 0 0 0 0 0 0 0 0
197.8 -277.2 2017.2 0 0 0 0 0 0 0 0 0
-80.2 -875.9 2173.6 0 0 0 0 0 0 0 0 0
137.5 -887.5 2133.9 0 0 0 0 0 0 0 0 0
43.1 454.1 2080.5 7 0.9965072274 0.0401190333 0.0732382163 -0.0381178260 0.9988661408 -0.0285213869 -0.0742994249 0.0256300848 0.9969065785
35.1 256.6 2075.4 0.9965072274 0.0401190333 0.0732382163 -0.0381178260 0.9988661408 -0.0285213869 -0.0742994249 0.0256300848 0.9969065785
27.5 62.8 2069.9 0.9965417981 0.0394491814 0.0731316581 -0.0372499488 0.9988189340 -0.0311966017 -0.0742759630 0.0283645671 0.9968342781
-101.0 261.7 2085.6 0.2429507971 -0.6979423165 -0.6736849546 0.9696031809 0.1539178342 0.1902077645 -0.0290619265 -0.6994181871 0.7141215801
-166.7 -0.3 2093.4 -0.1103744283 -0.6986176372 -0.7069305778 0.9391149282 0.1595594734 -0.3043090105 0.3253931105 -0.6974769831 0.6384709477
171.3 251.6 2065.3 0.2212463021 0.7048493624 0.6739714146 -0.9738467932 0.1230484024 0.1910012960 0.0516960435 -0.6986032128 0.7136393189
230.1 -7.3 2079.0 -0.1179965436 0.7000360489 0.7042914033 -0.9679778218 0.0771714523 -0.2388795763 -0.2215754986 -0.7099254131 0.6685134172
-69.6 -125.6 2069.8 0.9987222552 -0.0505238809 0.0010658068 0.0504570119 0.9981289506 0.0345345587 -0.0028086326 -0.0344366543 0.9994029403
-49.9 -513.1 2083.2 0.9959383011 0.0894127563 -0.0105977459 -0.0834772289 0.9610514641 0.2634608150 0.0337417386 -0.2615060508 0.9646118879
109.0 -132.4 2056.5 0.9988281727 0.0474716723 -0.0094187958 -0.0467232578 0.9965861440 0.0680665001 0.0126178712 -0.0675466657 0.9976363182
90.6 -519.3 2082.7 0.9935064912 -0.1136490405 -0.0053608427 0.1131360084 0.9818376303 0.1522995830 -0.0120452242 -0.1519171298 0.9883198142
-135.9 -262.5 2002.6 0 0 0 0 0 0 0 0 0
197.7 -272.7 2018.3 0 0 0 0 0 0 0 0 0
-83.3 -871.7 2180.8 0 0 0 0 0 0 0 0 0
133.0 -885.5 2139.4 0 0 0 0 0 0 0 0 0
43.3 455.2 2079.7 8 0.9970464706 0.0399307758 0.0656036586 -0.0383194722 0.9989365339 -0.0256390646 -0.0665576831 0.0230494421 0.9975163341
35.4 257.7 2075.2 0.9970464706 0.0399307758 0.0656036586 -0.0383194722 0.9989365339 -0.0256390646 -0.0665576831 0.0230494421 0.9975163341
27.6 63.8 2069.9 0.9970489144 0.0401528291 0.0654312298 -0.0382592827 0.9988191724 -0.0299405046 -0.0665561631 0.0273487959 0.9974077940
-100.8 262.9 2084.3 0.2401190102 -0.6942784786 -0.6784690619 0.9700958729 0.1460948735 0.1938304156 -0.0354514346 -0.7047224045 0.7085968852
-166.2 -1.1 2093.9 -0.1089311689 -0.6962305307 -0.7095047832 0.9390363097 0.1620789915 -0.3032180667 0.3261055052 -0.6992806792 0.6361303329
171.6 252.5 2066.1 0.2167530805 0.7092170715 0.6708422303 -0.9752374887 0.1263857931 0.1814894378 0.0439304858 -0.6935688853 0.7190495729
230.0 -10.4 2077.9 -0.1092797220 0.7047429681 0.7009959221 -0.9697083831 0.0794046968 -0.2309990078 -0.2184572816 -0.7050051689 0.6747178435
-69.5 -127.8 2071.1 0.9986189604 -0.0521282218 -0.0065442710 0.0523258150 0.9980189800 0.0349310786 0.0047104117 -0.0352252722 0.9993683100
-49.2 -515.2 2084.7 0.9956884980 0.0911145955 -0.0173922386 -0.0841201842 0.9659547210 0.2446534038 0.0390916094 -0.2421355397 0.9694545865
109.1 -134.4 2057.8 0.9986128211 0.0499445237 -0.0166714061 -0.0485280268 0.9958764315 0.0766499862 0.0204309076 -0.0757346302 0.9969186783
89.7 -521.1 2087.2 0.9917203784 -0.1276167929 -0.0143038193 0.1284050047 0.9840137362 0.1234061047 -0.0016735359 -0.1242210343 0.9922531843
-135.8 -263.3 2002.9 0 0 0 0 0 0 0 0 0
200.1 -276.2 2018.0 0 0 0 0 0 0 0 0 0
-83.2 -875.7 2175.1 0 0 0 0 0 0 0 0 0
137.3 -888.1 2133.5 0 0 0 0 0 0 0 0 0
43.1 455.1 2078.8 9 0.9973515272 0.0379555859 0.0620425604 -0.0365677625 0.9990582466 -0.0233537760 -0.0628705397 0.0210231673 0.9978002310
35.6 257.5 2074.7 0.9973515272 0.0379555859 0.0620425604 -0.0365677625 0.9990582466 -0.0233537760 -0.0628705397 0.0210231673 0.9978002310
28.0 63.6 2069.7 0.9973268509 0.0388761759 0.0618689246 -0.0372093767 0.9989188313 -0.0278691296 -0.0628854781 0.0254925285 0.9976950884
-100.7 262.6 2083.3 0.2474693805 -0.6913334727 -0.6788350344 0.9679906964 0.1461357027 0.2040548325 -0.0418678969 -0.7076032758 0.7053684592
-167.6 0.9 2094.6 -0.1132983193 -0.6931937933 -0.7117906213 0.9383389950 0.1608580053 -0.3060141504 0.3266243339 -0.7025717497 0.6322258115
171.8 252.4 2066.1 0.2194882035 0.7110646963 0.6679909229 -0.9745668769 0.1280677915 0.1838968545 0.0452144407 -0.6913650036 0.7210894823
230.7 -9.0 2078.2 -0.1113911569 0.7061759830 0.6992191672 -0.9695824385 0.0770817474 -0.2323108315 -0.2179493755 -0.7038279772 0.6761096120
-69.6 -126.7 2070.5 0.9988026023 -0.0478258803 -0.0102979895 0.0481937304 0.9980738759 0.0390623808 0.0084099621 -0.0395119078 0.9991837144
