1.5 500.6 2173.8 1 0.9991979003 -0.0235168766 0.0324123316 0.0234669372 0.9997227788 0.0019203679 -0.0324485078 -0.0011582094 0.9994727373
6.2 300.6 2174.1 0.9991979003 -0.0235168766 0.0324123316 0.0234669372 0.9997227788 0.0019203679 -0.0324485078 -0.0011582094 0.9994727373
10.4 101.9 2173.7 0.9992522001 -0.0209765490 0.0324809439 0.0210253950 0.9997782707 -0.0011630203 -0.0324493460 0.0018450753 0.9994716644
-134.4 297.7 2178.6 0.1546835005 -0.7733660340 -0.6147991419 0.9879066348 0.1143653616 0.1046952680 -0.0106560420 -0.6235587597 0.7817038298
-180.2 5.6 2181.8 0.0246226713 -0.7787787914 -0.6268151999 0.9228907824 0.2587224841 -0.2851933837 0.3842737675 -0.5714597702 0.7250981927
146.8 303.6 2169.5 0.1703770906 0.6792037487 0.7139005065 -0.9783456326 0.2030071765 0.0403479896 -0.1175224185 -0.7053157687 0.6990837455
193.2 37.2 2137.5 -0.0469147675 0.6779115796 0.7336449623 -0.9621902704 0.1666074693 -0.2154803425 -0.2683073580 -0.7160152793 0.6444635987
-77.7 -98.3 2177.4 0.9943693280 0.0377130285 0.0990320817 -0.0366311744 0.9992479086 -0.0127206063 -0.0994373336 0.0090213194 0.9950029254
-92.7 -495.6 2173.8 0.9914844036 -0.0758857056 0.1058304906 0.0415538251 0.9545453787 0.2951548398 -0.1234180406 -0.2882437706 0.9495701790
105.7 -94.5 2171.2 0.8448314667 0.0054199481 -0.5350050330 -0.0500191338 0.9963694215 -0.0688918084 0.5326892734 0.0849624574 0.8420353532
103.5 -490.7 2137.5 0.8554307222 -0.0799786523 -0.5117046833 0.2177609354 0.9519714713 0.2152452320 0.4699132442 -0.2955566943 0.8317618370
-187.2 -259.0 2071.6 0 0 0 0 0 0 0 0 0
179.8 -238.0 2060.8 0 0 0 0 0 0 0 0 0
-63.7 -860.4 2284.0 0 0 0 0 0 0 0 0 0
134.1 -854.6 2250.4 0 0 0 0 0 0 0 0 0
1.5 498.1 2174.3 2 0.9993299246 -0.0208887644 0.0300559159 0.0209014397 0.9997815490 -0.0001075536 -0.0300471038 0.0007356934 0.9995481968
5.7 298.1 2174.2 0.9993299246 -0.0208887644 0.0300559159 0.0209014397 0.9997815490 -0.0001075536 -0.0300471038 0.0007356934 0.9995481968
9.7 99.3 2173.5 0.9993486404 -0.0198876429 0.0301135089 0.0199848879 0.9997959733 -0.0029317241 -0.0300490595 0.0035316295 0.9995421767
-135.0 295.2 2178.4 0.1496156305 -0.7724919915 -0.6171476841 0.9887083769 0.1115721762 0.1000370085 -0.0084212786 -0.6251462102 0.7804622650
-179.3 2.4 2180.9 0.0261605792 -0.7785799503 -0.6269999146 0.9197562933 0.2644585967 -0.2900172770 0.3916171491 -0.5691000819 0.7230221629
146.4 300.9 2169.9 0.1657904536 0.6808778644 0.7133855224 -0.9782949686 0.2047400624 0.0319448449 -0.1243080497 -0.7031975985 0.7000433207
191.4 35.2 2136.2 -0.0402012989 0.6798267365 0.7322700620 -0.9636853337 0.1672499925 -0.2081778646 -0.2639970481 -0.7140469551 0.6484153867
-77.1 -98.8 2176.3 0.9944357276 0.0414648503 0.0968415961 -0.0406774916 0.9991213679 -0.0100913951 -0.0971749499 0.0060959705 0.9952486753
-93.6 -496.1 2173.9 0.9909523129 -0.0836450160 0.1049621701 0.0481125675 0.9514592290 0.3039910495 -0.1252945513 -0.2961906195 0.9468750358
106.2 -95.0 2170.3 0.8435306549 0.0059277415 -0.5370483398 -0.0489766933 0.9966217875 -0.0659263283 0.5348433256 0.0819137320 0.8409713507
103.9 -491.2 2137.8 0.8547426462 -0.0769489259 -0.5133165717 0.2174010724 0.9510983825 0.2194278687 0.4713298380 -0.2991499305 0.8296731114
-186.8 -261.5 2068.5 0 0 0 0 0 0 0 0 0
179.9 -240.4 2060.7 0 0 0 0 0 0 0 0 0
-61.7 -859.8 2287.1 0 0 0 0 0 0 0 0 0
133.3 -854.8 2252.1 0 0 0 0 0 0 0 0 0
1.5 497.7 2168.0 3 0.9994325638 -0.0201344788 0.0270021167 0.0197323486 0.9996916056 0.0150772408 -0.0272973627 -0.0145358704 0.9995216727
5.5 296.6 2171.0 0.9994325638 -0.0201344788 0.0270021167 0.0197323486 0.9996916056 0.0150772408 -0.0272973627 -0.0145358704 0.9995216727
9.3 97.9 2172.4 0.9994523525 -0.0189307146 0.0271411818 0.0187210217 0.9997930527 0.0079594497 -0.0272862427 -0.0074469806 0.9995999336
-135.1 294.0 2174.8 0.1562578827 -0.7705965638 -0.6178708673 0.9873566628 0.1049857736 0.1187636182 -0.0266511887 -0.6286166310 0.7772585154
-180.3 8.6 2182.5 0.0284398682 -0.7769857645 -0.6288754344 0.9211696982 0.2646489739 -0.2853197157 0.3881205916 -0.5711864829 0.7232623100
146.2 299.3 2167.1 0.1703452915 0.6830577850 0.7102214694 -0.9793479443 0.1970155090 0.0454144776 -0.1089039296 -0.7032901049 0.7025119066
192.4 33.5 2137.6 -0.0447280146 0.6820909977 0.7298980951 -0.9607551098 0.1708533466 -0.2185376287 -0.2737680972 -0.7110280991 0.6476805210
-78.1 -101.3 2175.5 0.9948311448 0.0388033465 0.0938367620 -0.0389523096 0.9992410541 -0.0002443364 -0.0937750265 -0.0034120851 0.9955875874
-93.5 -498.6 2176.9 0.9915145040 -0.0816735998 0.1011353657 0.0482108742 0.9535369873 0.2973936200 -0.1207255200 -0.2899942696 0.9493833184
105.3 -97.7 2170.0 0.8418989182 0.0025696419 -0.5396291614 -0.0420499668 0.9972604513 -0.0608551614 0.5379944444 0.0739252791 0.8397005796
104.3 -494.2 2140.6 0.8516978621 -0.0756756589 -0.5185402036 0.2143705636 0.9532485008 0.2129849195 0.4781799018 -0.2925585508 0.8281023502
-188.5 -255.3 2071.3 0 0 0 0 0 0 0 0 0
179.6 -241.2 2059.3 0 0 0 0 0 0 0 0 0
-62.3 -863.1 2287.7 0 0 0 0 0 0 0 0 0
133.2 -858.6 2252.4 0 0 0 0 0 0 0 0 0
1.7 501.1 2170.4 4 0.9991177320 -0.0187844951 0.0375612341 0.0183702502 0.9997668862 0.0113434624 -0.0377655625 -0.0106434450 0.9992299676
5.5 299.9 2172.6 0.9991177320 -0.0187844951 0.0375612341 0.0183702502 0.9997668862 0.0113434624 -0.0377655625 -0.0106434450 0.9992299676
8.9 101.2 2173.8 0.9991491437 -0.0168626327 0.0376380831 0.0166093279 0.9998373389 0.0070326375 -0.0377505496 -0.0064015104 0.9992666841
-135.1 297.6 2177.9 0.1515482217 -0.7762612104 -0.6119245291 0.9883747101 0.1113721281 0.1034973413 -0.0121896360 -0.6204955578 0.7841151953
-179.9 5.1 2181.5 0.0262756236 -0.7820078731 -0.6227144599 0.9211474657 0.2609237731 -0.2888012826 0.3883258700 -0.5660234094 0.7272005081
146.1 302.3 2167.2 0.1616220474 0.6765772700 0.7184159756 -0.9804114103 0.1931240261 0.0386861823 -0.1125691831 -0.7105957270 0.6945371628
190.9 30.8 2136.1 -0.0393479504 0.6759130359 0.7359302640 -0.9620301127 0.1734515429 -0.2107428908 -0.2700920999 -0.7162793875 0.6434237361
-78.7 -102.6 2176.4 0.9938831925 0.0367809311 0.1041313782 -0.0364709049 0.9993227720 -0.0048804013 -0.1042403653 0.0010527835 0.9945515990
-93.3 -499.9 2176.0 0.9906368256 -0.0803508535 0.1103741378 0.0443621799 0.9540429711 0.2963679731 -0.1291150898 -0.2886965871 0.9486746192
104.8 -99.2 2171.4 0.8473590016 0.0046600359 -0.5309999585 -0.0526900291 0.9957646132 -0.0753428936 0.5283998847 0.0918208808 0.8440157175
102.9 -495.0 2134.9 0.8613898754 -0.0764327720 -0.5021608472 0.2259615213 0.9430661201 0.2440648526 0.4549163282 -0.3237040043 0.8296185136
-187.5 -258.5 2070.3 0 0 0 0 0 0 0 0 0
179.6 -244.3 2058.8 0 0 0 0 0 0 0 0 0
-62.6 -864.7 2286.4 0 0 0 0 0 0 0 0 0
132.1 -855.4 2258.6 0 0 0 0 0 0 0 0 0
1.8 500.4 2167.1 5 0.9992315769 -0.0168442614 0.0353912562 0.0161416102 0.9996687174 0.0200466067 -0.0357172042 -0.0194599293 0.9991724491
5.2 299.3 2171.0 0.9992315769 -0.0168442614 0.0353912562 0.0161416102 0.9996687174 0.0200466067 -0.0357172042 -0.0194599293 0.9991724491
8.3 100.5 2173.9 0.9992528558 -0.0153531311 0.0354690179 0.0148209836 0.9997743368 0.0152176935 -0.0356946550 -0.0146806380 0.9992548823
-135.4 297.2 2176.0 0.1489929259 -0.7755374312 -0.6134678125 0.9885624647 0.1021704823 0.1109296754 -0.0233518090 -0.6229790449 0.7818899155
-179.8 2.4 2183.0 0.0245449394 -0.7830131650 -0.6215206385 0.9177281260 0.2641988993 -0.2966041863 0.3964500427 -0.5631068349 0.7250779271
145.9 301.3 2166.0 0.1623056531 0.6773709059 0.7175134420 -0.9804638028 0.1925967336 0.0399649665 -0.1111196354 -0.7099825144 0.6953971982
190.3 33.0 2135.6 -0.0335876644 0.6767649651 0.7354325652 -0.9649124742 0.1697755158 -0.2003001869 -0.2604146004 -0.7163556814 0.6473165751
-79.5 -99.1 2178.6 0.9941853285 0.0355683602 0.1016389504 -0.0352042802 0.9993656874 -0.0053741271 -0.1017656252 0.0017647520 0.9948068261
-93.6 -496.5 2177.9 0.9909709692 -0.0800224990 0.1075778157 0.0466384068 0.9579885602 0.2829889357 -0.1257037967 -0.2754165530 0.9530709982
103.9 -96.1 2171.6 0.8461294770 -0.0014815207 -0.5329753160 -0.0474889614 0.9958091378 -0.0781595632 0.5308575034 0.0914435610 0.8425131440
104.5 -492.0 2135.3 0.8600773215 -0.0603510104 -0.5065814257 0.2067202330 0.9490343332 0.2379088402 0.4664051235 -0.3093406260 0.8287186623
-186.9 -262.0 2068.8 0 0 0 0 0 0 0 0 0
180.7 -242.9 2061.1 0 0 0 0 0 0 0 0 0
-63.0 -862.7 2283.1 0 0 0 0 0 0 0 0 0
127.5 -854.6 2253.5 0 0 0 0 0 0 0 0 0
1.3 497.2 2165.4 6 0.9992164969 -0.0176150929 0.0354420170 0.0168635305 0.9996289015 0.0213937573 -0.0358057171 -0.0207793172 0.9991427064
4.9 296.6 2169.6 0.9992164969 -0.0176150929 0.0354420170 0.0168635305 0.9996289015 0.0213937573 -0.0358057171 -0.0207793172 0.9991427064
8.1 97.8 2172.9 0.9992333651 -0.0164671261 0.0355175994 0.0158724748 0.9997301698 0.0169599373 -0.0357872993 -0.0163831841 0.9992251396
-135.8 294.3 2174.6 0.1464216560 -0.7761120200 -0.6133602858 0.9888321161 0.0974204242 0.1127840951 -0.0277792737 -0.6230244040 0.7817089558
-179.3 0.6 2182.9 0.0263451319 -0.7834120393 -0.6209440231 0.9206610918 0.2610236406 -0.2902582288 0.3894728720 -0.5640321374 0.7281336784
145.5 298.8 2164.6 0.1631497592 0.6776410937 0.7170667052 -0.9809722304 0.1889473051 0.0446359180 -0.1052406877 -0.7107049227 0.6955738068
189.9 31.8 2135.9 -0.0333894715 0.6771177649 0.7351167798 -0.9648061991 0.1701198369 -0.2005199045 -0.2608335316 -0.7159404755 0.6476072073
-80.4 -99.6 2180.1 0.9942718148 0.0335581526 0.1014761850 -0.0326660499 0.9994117618 -0.0104406802 -0.1017668694 0.0070660478 0.9947831631
-93.7 -497.0 2177.3 0.9904048443 -0.0876357034 0.1068561375 0.0541668311 0.9575186968 0.2832381725 -0.1271385252 -0.2747324109 0.9530780911
103.0 -96.9 2173.6 0.8462258577 -0.0015105016 -0.5328221917 -0.0501271859 0.9953351021 -0.0824334621 0.5304611921 0.0964662060 0.8422026038
103.6 -492.6 2135.2 0.8597553372 -0.0695777535 -0.5059443712 0.2159102708 0.9473077655 0.2366237491 0.4628212750 -0.3126771152 0.8294754028
-186.9 -264.3 2070.9 0 0 0 0 0 0 0 0 0
180.3 -244.1 2061.3 0 0 0 0 0 0 0 0 0
-60.2 -863.0 2282.3 0 0 0 0 0 0 0 0 0
130.2 -854.7 2254.7 0 0 0 0 0 0 0 0 0
1.3 498.9 2169.6 7 0.9996869564 -0.0181228016 0.0172497481 0.0179751851 0.9998008013 0.0086744893 -0.0174035188 -0.0083617065 0.9998135567
4.9 297.8 2171.3 0.9996869564 -0.0181228016 0.0172497481 0.0179751851 0.9998008013 0.0086744893 -0.0174035188 -0.0083617065 0.9998135567
8.3 99.1 2172.6 0.9997054338 -0.0170446448 0.0172776338 0.0169242807 0.9998316169 0.0070888903 -0.0173955541 -0.0067943907 0.9998255968
-135.7 295.5 2173.7 0.1509222686 -0.7660641670 -0.6247945428 0.9878987670 0.0940179303 0.1233559921 -0.0357567146 -0.6358509064 0.7709832191
-179.7 7.6 2184.2 0.0347029381 -0.7735735774 -0.6327555776 0.9188715816 0.2736874223 -0.2842010856 0.3930276930 -0.5715584755 0.7203125358
145.6 300.2 2168.8 0.1669112295 0.6895028949 0.7047882080 -0.9789143801 0.2012615204 0.0349344872 -0.1177593172 -0.6957582831 0.7085570693
191.6 30.5 2136.4 -0.0406365693 0.6884287596 0.7241647243 -0.9642774463 0.1628494412 -0.2089236826 -0.2617588937 -0.7067856193 0.6572186947
-80.3 -102.4 2179.4 0.9959372878 0.0330500416 0.0837654024 -0.0325808451 0.9994448423 -0.0069625033 -0.0839490145 0.0042050690 0.9964611530
-93.4 -499.8 2177.7 0.9925038218 -0.0828621164 0.0898335353 0.0529583693 0.9540538192 0.2949181199 -0.1101435646 -0.2879499197 0.9512903094
103.1 -99.5 2172.8 0.8364487886 -0.0014059349 -0.5480432510 -0.0518851839 0.9953019619 -0.0817428678 0.5455834866 0.0968090519 0.8324462175
103.6 -495.2 2134.3 0.8500709534 -0.0719192177 -0.5217346549 0.2209687084 0.9479277134 0.2293596119 0.4780713916 -0.3102589846 0.8216977119
-189.7 -255.9 2071.4 0 0 0 0 0 0 0 0 0
180.0 -245.2 2061.5 0 0 0 0 0 0 0 0 0
-61.8 -864.5 2287.8 0 0 0 0 0 0 0 0 0
131.1 -857.6 2252.9 0 0 0 0 0 0 0 0 0
2.8 494.0 2166.2 8 0.9997365475 -0.0138934609 0.0182697065 0.0135793900 0.9997597933 0.0172039233 -0.0185043402 -0.0169513002 0.9996850491
5.6 293.0 2169.6 0.9997365475 -0.0138934609 0.0182697065 0.0135793900 0.9997597933 0.0172039233 -0.0185043402 -0.0169513002 0.9996850491
8.6 94.3 2172.0 0.9997183084 -0.0150657324 0.0183388367 0.0148391267 0.9998126030 0.0124305803 -0.0185226761 -0.0121549470 0.9997545481
-135.1 290.9 2172.2 0.1540621072 -0.7667645812 -0.6231668591 0.9870344400 0.0906877071 0.1324340105 -0.0450321324 -0.6354902387 0.7707945704
-179.7 5.0 2185.3 0.0297614876 -0.7752181292 -0.6309921741 0.9186307788 0.2700410187 -0.2884359956 0.3939945698 -0.5710645914 0.7201760411
146.3 295.1 2167.0 0.1729164869 0.6879417896 0.7048659325 -0.9782379270 0.2032765001 0.0415838920 -0.1146753803 -0.6967170835 0.7081206441
192.8 32.2 2136.2 -0.0430269800 0.6866610050 0.7257033587 -0.9661294818 0.1563972533 -0.2052650452 -0.2544454932 -0.7099553347 0.6566741467
-80.0 -101.2 2175.6 0.9959052205 0.0319884419 0.0845550299 -0.0313449427 0.9994687438 -0.0089274012 -0.0847956836 0.0062404727 0.9963788390
-92.7 -498.6 2173.1 0.9928556681 -0.0779192746 0.0903671160 0.0453174822 0.9468350410 0.3185116649 -0.1103809476 -0.3121408820 0.9436016679
103.5 -98.1 2172.4 0.8369129300 0.0012511417 -0.5473345518 -0.0527847186 0.9955207705 -0.0784358978 0.5447847843 0.0945349187 0.8332302570
103.0 -494.0 2134.8 0.8503394127 -0.0763993561 -0.5206592083 0.2259773612 0.9465487599 0.2301731110 0.4752442539 -0.3133824766 0.8221522570
-188.2 -259.0 2072.0 0 0 0 0 0 0 0 0 0
180.5 -244.1 2063.4 0 0 0 0 0 0 0 0 0
-62.9 -860.5 2292.4 0 0 0 0 0 0 0 0 0
132.2 -855.8 2254.6 0 0 0 0 0 0 0 0 0
3.3 497.0 2170.0 9 0.9992800951 -0.0126287229 0.0357745737 0.0123565793 0.9998930693 0.0078181028 -0.0358694829 -0.0073704226 0.9993293285
5.9 295.9 2171.5 0.9992800951 -0.0126287229 0.0357745737 0.0123565793 0.9998930693 0.0078181028 -0.0358694829 -0.0073704226 0.9993293285
8.5 97.1 2172.6 0.9992725849 -0.0131560387 0.0357949212 0.0129407318 0.9998967648 0.0062400573 -0.0358733237 -0.0057723057 0.9993396997
-134.7 294.0 2176.5 0.1511501372 -0.7765613198 -0.6116421819 0.9881683588 0.1024151295 0.1141683236 -0.0260172877 -0.6216620207 0.7828533649
-179.5 1.4 2184.2 0.0276016127 -0.7837857008 -0.6204177141 0.9171693325 0.2666862309 -0.2961061597 0.3975406587 -0.5608550906 0.7262251973
146.5 297.7 2166.4 0.1694429964 0.6775464416 0.7156953812 -0.9792106748 0.1979114860 0.0444688685 -0.1115146205 -0.7083515525 0.6969954371
193.1 28.2 2135.7 -0.0465857647 0.6762712002 0.7351782322 -0.9642755389 0.1616861820 -0.2098337710 -0.2607727051 -0.7186896801 0.6445795298
-80.1 -105.9 2176.1 0.9942027926 0.0318624154 0.1026918665 -0.0329408273 0.9994183779 0.0088222846 -0.1023510322 -0.0121538946 0.9946740866
-92.7 -503.2 2181.0 0.9908769727 -0.0813783109 0.1074261144 0.0504482426 0.9631278515 0.2642720044 -0.1249710917 -0.2564415634 0.9584466219
103.4 -103.2 2172.7 0.8461938500 0.0019442359 -0.5328716636 -0.0513634793 0.9956346750 -0.0779319182 0.5303940177 0.0933156535 0.8425998092
102.6 -499.0 2135.6 0.8588368297 -0.0790700912 -0.5061098933 0.2249867469 0.9458415508 0.2340185791 0.4601959288 -0.3148517907 0.8301132917
-187.4 -261.8 2070.1 0 0 0 0 0 0 0 0 0
179.8 -247.6 2061.2 0 0 0 0 0 0 0 0 0
-61.7 -870.7 2278.8 0 0 0 0 0 0 0 0 0
132.8 -860.6 2256.0 0 0 0 0 0 0 0 0 0
4.5 491.9 2165.9 0 0.9996181130 -0.0085025243 0.0262929592 0.0080481675 0.9998173118 0.0173383579 -0.0264355745 -0.0171201266 0.9995039105
6.2 291.0 2169.3 0.9996181130 -0.0085025243 0.0262929592 0.0080481675 0.9998173118 0.0173383579 -0.0264355745 -0.0171201266 0.9995039105
8.3 92.3 2171.6 0.9995966554 -0.0106008565 0.0263459142 0.0102929585 0.9998774529 0.0117949955 -0.0264677238 -0.0115190605 0.9995833039
-134.5 289.6 2173.0 0.1602330804 -0.7702863216 -0.6172392964 0.9863788486 0.1014006585 0.1295170039 -0.0371767022 -0.6295847297 0.7760418653
-180.6 5.4 2183.8 0.0274654664 -0.7768269777 -0.6291148663 0.9230802655 0.2612363398 -0.2822737098 0.3836255074 -0.5729707479 0.7242485881
146.9 292.5 2165.6 0.1663548946 0.6837255359 0.7105247974 -0.9794253707 0.1980561912 0.0387264937 -0.1142455414 -0.7023483515 0.7026057243
191.4 30.0 2135.0 -0.0400625169 0.6826604605 0.7296366692 -0.9664849639 0.1588422954 -0.2016828209 -0.2535780668 -0.7132627964 0.6534174681
-80.6 -102.9 2177.1 0.9952222705 0.0312807225 0.0924884453 -0.0304680653 0.9994838238 -0.0101859281 -0.0927593336 0.0073193186 0.9956616759
-93.0 -500.2 2174.2 0.9915254116 -0.0857167542 0.0976215601 0.0534592941 0.9540771842 0.2947520614 -0.1184036955 -0.2870354056 0.9505741596
102.8 -100.5 2170.5 0.8410031199 -0.0025186616 -0.5410243869 -0.0491720140 0.9954946637 -0.0810705200 0.5387911201 0.0947838202 0.8370903134
103.8 -496.3 2132.8 0.8549468517 -0.0717971101 -0.5137227178 0.2234372050 0.9447575212 0.2398104370 0.4681257010 -0.3198099434 0.8237596154
-188.5 -259.0 2073.9 0 0 0 0 0 0 0 0 0
180.0 -246.4 2062.5 0 0 0 0 0 0 0 0 0
-60.3 -864.4 2283.7 0 0 0 0 0 0 0 0 0
131.2 -857.5 2255.1 0 0 0 0 0 0 0 0 0
4.6 491.8 2164.3 1 0.9993749857 -0.0124868080 0.0330711305 0.0116762919 0.9996294379 0.0245890077 -0.0333659127 -0.0241874922 0.9991504550
7.2 291.4 2169.2 0.9993749857 -0.0124868080 0.0330711305 0.0116762919 0.9996294379 0.0245890077 -0.0333659127 -0.0241874922 0.9991504550
9.9 92.6 2173.1 0.9993584752 -0.0136108892 0.0331273526 0.0129433656 0.9997105002 0.0202819519 -0.0333938152 -0.0198401622 0.9992453456
-133.5 289.6 2173.9 0.1605495363 -0.7735565901 -0.6130530834 0.9863041043 0.1019543558 0.1296514422 -0.0377892889 -0.6254722476 0.7793307304
-180.4 1.7 2184.9 0.0256156139 -0.7807897329 -0.6242685318 0.9191079736 0.2640007734 -0.2924792171 0.3931721449 -0.5662781596 0.7243926525
147.8 293.2 2164.5 0.1571974903 0.6792242527 0.7168984413 -0.9813511968 0.1887551397 0.0363494866 -0.1106288061 -0.7092431784 0.6962293983
190.9 23.8 2134.1 -0.0374775641 0.6784867644 0.7336560488 -0.9657420516 0.1640642732 -0.2010602951 -0.2567834854 -0.7160577178 0.6490944624
-81.3 -107.5 2176.3 0.9947130680 0.0271798987 0.0990308449 -0.0261752810 0.9995920062 -0.0114299245 -0.0993011072 0.0087773353 0.9950187206
-92.1 -504.9 2172.8 0.9919366837 -0.0746309981 0.1024298593 0.0379134640 0.9459555149 0.3220726252 -0.1209306866 -0.3155921698 0.9411574602
102.1 -105.6 2171.5 0.8448039889 -0.0042314623 -0.5350591540 -0.0434441231 0.9961248636 -0.0764716119 0.5333092809 0.0878486931 0.8413464427
103.8 -501.6 2136.5 0.8566707373 -0.0756936595 -0.5102800727 0.2232688665 0.9461337924 0.2344821692 0.4650443792 -0.3148036599 0.8274251223
-187.7 -261.4 2072.4 0 0 0 0 0 0 0 0 0
180.2 -252.4 2060.7 0 0 0 0 0 0 0 0 0
-63.6 -866.1 2293.4 0 0 0 0 0 0 0 0 0
132.7 -863.4 2256.9 0 0 0 0 0 0 0 0 0
4.7 492.8 2163.6 2 0.9993161559 -0.0144405132 0.0340402164 0.0136279650 0.9996194839 0.0239825901 -0.0343735851 -0.0235022902 0.9991326928
7.6 292.3 2168.3 0.9993161559 -0.0144405132 0.0340402164 0.0136279650 0.9996194839 0.0239825901 -0.0343735851 -0.0235022902 0.9991326928
10.4 93.5 2172.0 0.9993177056 -0.0141690103 0.0341077559 0.0135173015 0.9997230768 0.0192627162 -0.0343712419 -0.0187885277 0.9992325306
-133.0 290.4 2173.1 0.1640753001 -0.7732728720 -0.6124772429 0.9859085679 0.1080208719 0.1277331412 -0.0326122455 -0.6248044372 0.7800999284
-180.9 2.8 2182.6 0.0270610489 -0.7790787816 -0.6263417602 0.9230371714 0.2600140572 -0.2835402191 0.3837578297 -0.5704638362 0.7261549234
148.3 294.2 2163.4 0.1514450908 0.6798810363 0.7175139189 -0.9828908443 0.1805636883 0.0363646783 -0.1048332974 -0.7107450962 0.6955943108
190.0 23.5 2134.6 -0.0380400531 0.6793893576 0.7327912450 -0.9647247195 0.1661987454 -0.2041670680 -0.2604979277 -0.7147083879 0.6491014957
-79.1 -107.3 2180.1 0.9944828153 0.0323480666 0.0997871682 -0.0304550137 0.9993271828 -0.0204366297 -0.1003811136 0.0172848590 0.9947988987
-92.0 -504.6 2173.3 0.9915916324 -0.0758484080 0.1048477069 0.0387561209 0.9470939040 0.3186080158 -0.1234665364 -0.3118655682 0.9420700073
104.3 -104.9 2174.0 0.8453763127 -0.0000129238 -0.5341711640 -0.0521864668 0.9952142835 -0.0826140866 0.5316158533 0.0977165028 0.8413299322
104.3 -500.6 2135.2 0.8590347171 -0.0745810568 -0.5064553022 0.2224584073 0.9454198480 0.2381041050 0.4610548615 -0.3172049224 0.8287397027
-188.6 -261.3 2072.8 0 0 0 0 0 0 0 0 0
179.1 -252.4 2060.1 0 0 0 0 0 0 0 0 0
-63.0 -866.5 2292.4 0 0 0 0 0 0 0 0 0
132.8 -862.1 2256.4 0 0 0 0 0 0 0 0 0
6.3 494.1 2163.7 3 0.9994760752 -0.0094489856 0.0309560876 0.0086851269 0.9996567369 0.0247177687 -0.0311790202 -0.0244359598 0.9992150664
8.2 293.7 2168.6 0.9994760752 -0.0094489856 0.0309560876 0.0086851269 0.9996567369 0.0247177687 -0.0311790202 -0.0244359598 0.9992150664
9.9 94.9 2172.3 0.9994801879 -0.0088300118 0.0310068615 0.0082381582 0.9997824430 0.0191639885 -0.0311693326 -0.0188985877 0.9993354082
-132.5 292.5 2173.0 0.1608271897 -0.7721888423 -0.6147024035 0.9863287210 0.1030769646 0.1285721362 -0.0359203033 -0.6269765496 0.7782095671
-180.1 0.5 2183.6 0.0269294865 -0.7788682580 -0.6266091466 0.9211680293 0.2627815008 -0.2870458663 0.3882322013 -0.5694823265 0.7245451212
148.8 294.9 2164.2 0.1481212676 0.6828596592 0.7153759599 -0.9833772182 0.1785106510 0.0332152061 -0.1050209105 -0.7084043026 0.6979498267
189.6 24.1 2135.3 -0.0388471633 0.6824653745 0.7298848629 -0.9636377692 0.1676671803 -0.2080624700 -0.2643731833 -0.7114272118 0.6511360407
-78.4 -106.5 2178.9 0.9947599173 0.0337473489 0.0965081900 -0.0319253989 0.9992828369 -0.0203613564 -0.0971261188 0.0171735976 0.9951239228
-91.9 -503.8 2172.1 0.9919226766 -0.0750948414 0.1022258997 0.0379785448 0.9447743893 0.3255134225 -0.1210247949 -0.3190017641 0.9399951696
104.9 -104.0 2172.6 0.8433943391 0.0035936560 -0.5372830033 -0.0535193011 0.9955663085 -0.0773524493 0.5346229076 0.0939936340 0.8398473263
103.5 -499.8 2135.2 0.8570858836 -0.0777109936 -0.5092787147 0.2267535180 0.9445553422 0.2374827415 0.4625869095 -0.3190238476 0.8271862864
-187.8 -263.1 2072.5 0 0 0 0 0 0 0 0 0
178.5 -251.5 2059.7 0 0 0 0 0 0 0 0 0
-63.2 -864.9 2294.0 0 0 0 0 0 0 0 0 0
133.2 -861.0 2257.2 0 0 0 0 0 0 0 0 0
7.1 497.1 2168.7 4 0.9993524551 -0.0071387431 0.0352655612 0.0066725723 0.9998890162 0.0133189289 -0.0353567265 -0.0130749922 0.9992892146
8.5 296.6 2171.3 0.9993524551 -0.0071387431 0.0352655612 0.0066725723 0.9998890162 0.0133189289 -0.0353567265 -0.0130749922 0.9992892146
9.9 97.8 2173.3 0.9993522167 -0.0070604859 0.0352894478 0.0067130406 0.9999279380 0.0099543938 -0.0353571884 -0.0097110458 0.9993275404
-132.1 295.6 2176.3 0.1625394672 -0.7739536166 -0.6120266914 0.9864854217 0.1144680828 0.1172331423 -0.0206754915 -0.6228104234 0.7820995450
-179.9 5.8 2182.4 0.0210738499 -0.7790559530 -0.6266001463 0.9265362620 0.2506832182 -0.2805147171 0.3756147921 -0.5746561885 0.7271064520
149.2 297.5 2166.4 0.1526862830 0.6802403331 0.7169100046 -0.9824223518 0.1833019853 0.0353084840 -0.1073927730 -0.7096995115 0.6962710619
191.4 25.8 2136.7 -0.0466907844 0.6795096397 0.7321794033 -0.9623090625 0.1659965068 -0.2154215127 -0.2679202259 -0.7146410346 0.6461477876
-80.0 -104.6 2178.9 0.9944132566 0.0294097979 0.1013772041 -0.0286622476 0.9995502234 -0.0088229841 -0.1015910879 0.0058679935 0.9948089123
-91.7 -502.0 2176.6 0.9914345145 -0.0769146010 0.1055544764 0.0450182296 0.9599218965 0.2766285539 -0.1226008236 -0.2695072293 0.9551622272
103.4 -103.1 2173.2 0.8455871344 0.0004519203 -0.5338371992 -0.0508988760 0.9955121279 -0.0797800198 0.5314053893 0.0946326777 0.8418152928
103.2 -498.9 2135.6 0.8583817482 -0.0786248669 -0.5069506168 0.2255980521 0.9453607798 0.2353688627 0.4607453644 -0.3164033890 0.8292180300
-185.9 -259.2 2075.0 0 0 0 0 0 0 0 0 0
178.1 -249.4 2060.0 0 0 0 0 0 0 0 0 0
-62.4 -868.4 2279.5 0 0 0 0 0 0 0 0 0
133.3 -860.3 2256.6 0 0 0 0 0 0 0 0 0
8.8 498.4 2171.3 5 0.9996505976 -0.0131474445 0.0229321625 0.0129917599 0.9998916388 0.0069247657 -0.0230207201 -0.0066244169 0.9997130632
11.5 297.7 2172.6 0.9996505976 -0.0131474445 0.0229321625 0.0129917599 0.9998916388 0.0069247657 -0.0230207201 -0.0066244169 0.9997130632
13.8 99.0 2173.3 0.9996656179 -0.0118759107 0.0229703635 0.0117900008 0.9999229908 0.0038718893 -0.0230145771 -0.0035997739 0.9997286201
-129.2 296.1 2175.8 0.1703708023 -0.7658933997 -0.6199847460 0.9851913452 0.1200836897 0.1223845258 -0.0192834418 -0.6316543818 0.7750102878
-179.8 3.5 2181.5 0.0222911630 -0.7709728479 -0.6364777684 0.9242741466 0.2585605383 -0.2808268070 0.3810778856 -0.5820199847 0.7183539271
152.2 299.4 2169.3 0.1472229958 0.6885679960 0.7100700736 -0.9820531011 0.1873212308 0.0219659843 -0.1178861260 -0.7005603909 0.7037883401
192.6 29.9 2137.0 -0.0509709381 0.6873429418 0.7245423198 -0.9630298018 0.1583345383 -0.2179536670 -0.2645289898 -0.7088651657 0.6538612843
-80.4 -101.6 2178.5 0.9955452681 0.0293292999 0.0896070823 -0.0294992961 0.9995646477 0.0005730800 -0.0895512626 -0.0032138729 0.9959770441
-92.0 -499.0 2179.7 0.9924275279 -0.0790032372 0.0940535963 0.0539297797 0.9682162404 0.2442311943 -0.1103592739 -0.2373094708 0.9651451111
103.0 -100.4 2172.0 0.8392389417 0.0006684677 -0.5437623858 -0.0491652116 0.9959965348 -0.0746568069 0.5415355563 0.0893890932 0.8359119296
102.8 -496.4 2136.4 0.8508716822 -0.0775087252 -0.5196246505 0.2214364856 0.9498215914 0.2209182531 0.4764276147 -0.3030369282 0.8253395557
-186.2 -261.5 2072.3 0 0 0 0 0 0 0 0 0
178.0 -245.5 2061.3 0 0 0 0 0 0 0 0 0
-61.8 -868.7 2270.3 0 0 0 0 0 0 0 0 0
132.4 -859.5 2252.3 0 0 0 0 0 0 0 0 0
7.5 499.5 2167.0 6 0.9993505478 -0.0188415945 0.0307160262 0.0182102546 0.9996197820 0.0207058787 -0.0310944784 -0.0201330855 0.9993136525
11.3 298.4 2171.1 0.9993505478 -0.0188415945 0.0307160262 0.0182102546 0.9996197820 0.0207058787 -0.0310944784 -0.0201330855 0.9993136525
14.9 99.7 2173.9 0.9993618727 -0.0180442613 0.0308262985 0.0175967049 0.9997366667 0.0147287762 -0.0310839508 -0.0141769359 0.9994162321
-129.3 296.0 2175.4 0.1712834388 -0.7696383595 -0.6150762439 0.9849829078 0.1200249121 0.1241073534 -0.0216933079 -0.6270971298 0.7786388993
-178.8 11.6 2181.7 0.0258776508 -0.7736294866 -0.6331096292 0.9289894700 0.2525115013 -0.2705855072 0.3692003787 -0.5811500549 0.7252280712
152.0 300.9 2166.7 0.1431715786 0.6829970479 0.7162519693 -0.9839061499 0.1764052361 0.0284580532 -0.1069138274 -0.7087991238 0.6972612739
191.4 30.1 2137.3 -0.0433917716 0.6824974418 0.7295987606 -0.9636601210 0.1640806049 -0.2108001262 -0.2635835707 -0.7122322321 0.6505758762
-75.5 -100.9 2176.1 0.9943990111 0.0421589315 0.0969188139 -0.0419229269 0.9991108179 -0.0044710264 -0.0970211327 0.0003828638 0.9952822328
-92.3 -498.1 2176.0 0.9918477535 -0.0720795840 0.1050838903 0.0382688604 0.9550697803 0.2938999832 -0.1215466335 -0.2874825895 0.9500421882
107.9 -98.7 2171.9 0.8436885476 0.0132743567 -0.5366688371 -0.0568138361 0.9962878823 -0.0646732152 0.5338181853 0.0850542635 0.8413108587
102.7 -494.8 2138.1 0.8554215431 -0.0788645446 -0.5118929744 0.2161321938 0.9525272250 0.2144266814 0.4706813097 -0.2940617502 0.8318574429
-186.2 -254.4 2076.0 0 0 0 0 0 0 0 0 0
179.0 -245.4 2061.9 0 0 0 0 0 0 0 0 0
-64.8 -862.5 2285.7 0 0 0 0 0 0 0 0 0
132.8 -859.0 2250.5 0 0 0 0 0 0 0 0 0
7.8 499.8 2169.9 7 0.9997298717 -0.0199925918 0.0118534062 0.0198908485 0.9997648001 0.0086401757 -0.0120233586 -0.0084020672 0.9998924136
11.8 298.3 2171.6 0.9997298717 -0.0199925918 0.0118534062 0.0198908485 0.9997648001 0.0086401757 -0.0120233586 -0.0084020672 0.9998924136
15.5 99.6 2172.9 0.9997642636 -0.0181658585 0.0118929902 0.0180886704 0.9998148084 0.0065659131 -0.0120100630 -0.0063492367 0.9999077320
-128.9 295.8 2173.3 0.1773440093 -0.7598310709 -0.6254644990 0.9834447503 0.1127866656 0.1418293566 -0.0372222960 -0.6402623653 0.7672539353
-179.2 16.5 2183.9 0.0263554510 -0.7647355199 -0.6438050270 0.9286070466 0.2571845651 -0.2674790025 0.3701274395 -0.5907923579 0.7169170380
152.5 300.9 2169.9 0.1468339115 0.6955788732 0.7032850385 -0.9822050929 0.1866987646 0.0204146355 -0.1171024591 -0.6937677264 0.7106148005
192.8 31.5 2137.8 -0.0470667779 0.6945007443 0.7179508209 -0.9632819295 0.1586428285 -0.2166111320 -0.2643343508 -0.7017842531 0.6615332365
-73.2 -100.7 2179.6 0.9956482649 0.0507629104 0.0781511590 -0.0500856005 0.9986886382 -0.0106038013 -0.0785869509 0.0066434094 0.9968851209
-93.4 -497.7 2176.9 0.9926045537 -0.0815397948 0.0899304077 0.0516158976 0.9540117383 0.2952921689 -0.1098727211 -0.2884665132 0.9511650801
110.2 -97.4 2173.8 0.8334546089 0.0158086624 -0.5523617864 -0.0608415678 0.9961386323 -0.0632937774 0.5492283106 0.0863590464 0.8311981559
103.9 -493.5 2139.5 0.8469158411 -0.0738437399 -0.5265744925 0.2160686255 0.9526557922 0.2139189541 0.4858476520 -0.2949475646 0.8227745891
-186.8 -249.2 2077.9 0 0 0 0 0 0 0 0 0
179.3 -244.0 2062.2 0 0 0 0 0 0 0 0 0
-62.2 -862.1 2287.1 0 0 0 0 0 0 0 0 0
132.2 -857.7 2252.3 0 0 0 0 0 0 0 0 0
7.7 500.5 2166.3 8 0.9995548129 -0.0179033447 0.0238670371 0.0174800511 0.9996882677 0.0178276636 -0.0241787732 -0.0174025297 0.9995561838
11.3 299.2 2169.8 0.9995548129 -0.0179033447 0.0238670371 0.0174800511 0.9996882677 0.0178276636 -0.0241787732 -0.0174025297 0.9995561838
14.7 100.5 2172.8 0.9995669127 -0.0171570163 0.0239089336 0.0167907067 0.9997398257 0.0154384673 -0.0241675898 -0.0150303338 0.9995949268
-129.4 296.9 2173.2 0.1730403155 -0.7665627599 -0.6184161901 0.9842977524 0.1123727113 0.1361259073 -0.0348559543 -0.6322609186 0.7739710212
-178.6 17.1 2183.1 0.0284313187 -0.7708831429 -0.6363417506 0.9303143024 0.2532791495 -0.2652640343 0.3656596839 -0.5844560266 0.7243646383
151.9 301.6 2166.4 0.1432852000 0.6877338886 0.7116821408 -0.9837784171 0.1773993522 0.0266373716 -0.1079325229 -0.7039542198 0.7019964457
191.4 30.9 2136.7 -0.0411114246 0.6871889234 0.7253145576 -0.9642990232 0.1627783775 -0.2088793069 -0.2616050839 -0.7080074549 0.6559635997
-72.6 -100.8 2175.2 0.9946072698 0.0515709631 0.0899824873 -0.0513974018 0.9986692667 -0.0042464584 -0.0900817364 -0.0004013077 0.9959343076
-93.1 -497.9 2175.4 0.9912986159 -0.0839489549 0.1013884470 0.0501208119 0.9529405236 0.2989854217 -0.1217166781 -0.2913021743 0.9488562346
110.8 -97.5 2173.0 0.8398552537 0.0190098677 -0.5424774289 -0.0606982559 0.9964076281 -0.0590552986 0.5394060612 0.0825253353 0.8379920721
103.2 -493.7 2140.2 0.8519604802 -0.0782882795 -0.5177202225 0.2147082537 0.9540418386 0.2090562731 0.4775601029 -0.2892664969 0.8296151161
-186.7 -249.0 2078.5 0 0 0 0 0 0 0 0 0
179.6 -244.9 2061.9 0 0 0 0 0 0 0 0 0
-61.1 -862.0 2286.7 0 0 0 0 0 0 0 0 0
133.2 -858.4 2250.8 0 0 0 0 0 0 0 0 0
8.9 500.4 2163.6 9 0.9995945096 -0.0201448854 0.0201253686 0.0196650717 0.9995242357 0.0237612836 -0.0205944609 -0.0233558808 0.9995150566
13.0 299.4 2168.3 0.9995945096 -0.0201448854 0.0201253686 0.0196650717 0.9995242357 0.0237612836 -0.0205944609 -0.0233558808 0.9995150566
16.4 100.7 2172.3 0.9996447563 -0.0174061414 0.0201837029 0.0169890430 0.9996423125 0.0206556488 -0.0205360185 -0.0203054082 0.9995828867
-127.7 297.0 2171.1 0.1753656119 -0.7645049095 -0.6203057170 0.9834804535 0.1073221341 0.1457674205 -0.0448673740 -0.6356211305 0.7706962228
-178.9 10.0 2184.2 0.0271827802 -0.7707569003 -0.6365492344 0.9223948121 0.2647775412 -0.2812128961 0.3852907121 -0.5795055628 0.7181395292
153.7 301.8 2165.4 0.1341840923 0.6906844378 0.7105981112 -0.9850420952 0.1711940467 0.0196115319 -0.1081047878 -0.7026005983 0.7033247948
190.5 31.6 2135.7 -0.0344354250 0.6904136539 0.7225947976 -0.9658161402 0.1628879607 -0.2016598582 -0.2569307089 -0.7048379183 0.6612035036
-73.6 -99.8 2178.0 0.9950658083 0.0504208207 0.0854507536 -0.0492942445 0.9986679554 -0.0152443582 -0.0861055627 0.0109569095 0.9962257743
-93.6 -496.8 2173.7 0.9916229248 -0.0854163840 0.0968917906 0.0532286577 0.9537057281 0.2959934473 -0.1176889464 -0.2883564532 0.9502630234
109.8 -96.7 2173.6 0.8378074765 0.0181961302 -0.5456624627 -0.0604911819 0.9963847399 -0.0596515648 0.5426042676 0.0829842985 0.8358792663
102.6 -492.9 2140.6 0.8499864936 -0.0787230358 -0.5208892226 0.2165088952 0.9536080360 0.2091782838 0.4802570343 -0.2905758917 0.8275982141
-186.7 -255.3 2073.4 0 0 0 0 0 0 0 0 0
180.6 -244.6 2062.2 0 0 0 0 0 0 0 0 0
-61.0 -861.3 2283.9 0 0 0 0 0 0 0 0 0
132.7 -857.5 2251.7 0 0 0 0 0 0 0 0 0
9.1 496.3 2162.7 0 0.9996310472 -0.0238443017 0.0130093126 0.0235504061 0.9994739890 0.0222949442 -0.0135340774 -0.0219803452 0.9996668100
13.9 295.6 2167.1 0.9996310472 -0.0238443017 0.0130093126 0.0235504061 0.9994739890 0.0222949442 -0.0135340774 -0.0219803452 0.9996668100
18.1 96.8 2171.0 0.9996917844 -0.0211107265 0.0130659221 0.0208500195 0.9995869994 0.0197776593 -0.0134780463 -0.0194991399 0.9997190237
-126.8 292.6 2169.0 0.1821410656 -0.7597953081 -0.6241279840 0.9820132256 0.1084508449 0.1545588374 -0.0497458763 -0.6410534382 0.7658824325
-178.3 15.2 2183.0 0.0262848251 -0.7650057673 -0.6434868574 0.9292587042 0.2559831142 -0.2663662136 0.3684934378 -0.5909643173 0.7176166773
154.5 298.5 2165.2 0.1388965100 0.6953915358 0.7050803900 -0.9848871231 0.1713857353 0.0249860696 -0.1034656242 -0.6978951097 0.7086870074
192.1 32.0 2137.2 -0.0420035571 0.6949893236 0.7177920938 -0.9637441635 0.1612899899 -0.2125622481 -0.2635011971 -0.7006963491 0.6630171537
-71.8 -99.6 2178.2 0.9956020713 0.0517756678 0.0780759007 -0.0500151813 0.9984518290 -0.0243390705 -0.0792151988 0.0203270484 0.9966502786
-92.4 -496.6 2170.1 0.9930024743 -0.0753188804 0.0909566358 0.0432309620 0.9485910535 0.3135379851 -0.1098959818 -0.3074118793 0.9452093840
111.6 -96.5 2174.4 0.8340439200 0.0224223509 -0.5512422323 -0.0660030767 0.9960528612 -0.0593488999 0.5477356315 0.0858832747 0.8322317600
102.7 -492.5 2140.3 0.8466266394 -0.0785825178 -0.5263535976 0.2144420594 0.9555649757 0.2022626400 0.4870707393 -0.2841132879 0.8258581758
-185.8 -251.2 2077.4 0 0 0 0 0 0 0 0 0
180.1 -243.6 2061.8 0 0 0 0 0 0 0 0 0
-63.6 -859.1 2287.6 0 0 0 0 0 0 0 0 0
132.8 -857.9 2248.9 0 0 0 0 0 0 0 0 0
10.0 494.0 2162.7 1 0.9996672869 -0.0250924993 0.0059766998 0.0249309707 0.9993582368 0.0257201213 -0.0066182460 -0.0255625583 0.9996513128
15.0 293.7 2167.8 0.9996672869 -0.0250924993 0.0059766998 0.0249309707 0.9993582368 0.0257201213 -0.0066182460 -0.0255625583 0.9996513128
20.0 95.0 2172.0 0.9996654987 -0.0251362510 0.0060900673 0.0250019394 0.9994624257 0.0212087259 -0.0066199009 -0.0210493673 0.9997565150
-125.6 290.2 2168.8 0.1873070300 -0.7543319464 -0.6292054057 0.9811224341 0.1122915223 0.1574462950 -0.0481123291 -0.6468183398 0.7611249685
-178.4 13.8 2182.3 0.0240131263 -0.7596613169 -0.6498754025 0.9284430146 0.2579927444 -0.2672701478 0.3706979454 -0.5969542861 0.7114974260
155.7 297.2 2166.9 0.1354288012 0.6993843913 0.7017980814 -0.9846197963 0.1739114076 0.0166927762 -0.1103760302 -0.6932649612 0.7121803164
192.8 27.4 2136.7 -0.0461585410 0.6987457871 0.7138793468 -0.9630058408 0.1588119715 -0.2177120745 -0.2654979825 -0.6975192428 0.6655657291
-69.5 -103.8 2176.1 0.9957557321 0.0577608906 0.0716532767 -0.0567556247 0.9982600808 -0.0159887858 -0.0724521354 0.0118541978 0.9973014593
-92.4 -500.7 2171.4 0.9933685064 -0.0752539486 0.0869244561 0.0435516611 0.9459853768 0.3212707639 -0.1064061597 -0.3153545260 0.9429895282
114.0 -100.0 2173.6 0.8303438425 0.0257036891 -0.5566582084 -0.0696237758 0.9958934188 -0.0578695126 0.5528848171 0.0868082419 0.8287235498
103.8 -495.9 2139.1 0.8457278013 -0.0769777596 -0.5280330181 0.2230401039 0.9499486089 0.2187482566 0.4847654700 -0.3027740419 0.8205670714
-185.3 -252.1 2076.2 0 0 0 0 0 0 0 0 0
179.6 -248.0 2060.8 0 0 0 0 0 0 0 0 0
-63.7 -862.3 2291.9 0 0 0 0 0 0 0 0 0
133.2 -859.1 2254.8 0 0 0 0 0 0 0 0 0
9.9 494.8 2162.3 2 0.9996174574 -0.0254313760 0.0108689265 0.0251385123 0.9993384480 0.0262818094 -0.0115301190 -0.0259985272 0.9995954633
15.0 294.4 2167.5 0.9996174574 -0.0254313760 0.0108689265 0.0251385123 0.9993384480 0.0262818094 -0.0115301190 -0.0259985272 0.9995954633
20.0 95.7 2171.6 0.9996281862 -0.0249476675 0.0110063879 0.0247145817 0.9994775653 0.0208279882 -0.0115202470 -0.0205482263 0.9997224808
-125.7 290.9 2169.1 0.1859808415 -0.7567511797 -0.6266887784 0.9816986918 0.1165178567 0.1506363750 -0.0409738198 -0.6432350278 0.7645717263
-178.3 12.8 2180.7 0.0288364775 -0.7608787417 -0.6482530236 0.9305532575 0.2572561204 -0.2605569661 0.3650193214 -0.5957204103 0.7154565454
155.7 297.8 2165.8 0.1355898976 0.6963894367 0.7047390342 -0.9850122929 0.1712909937 0.0202521440 -0.1066120714 -0.6969226003 0.7091774940
193.2 25.6 2136.4 -0.0484822430 0.6959358454 0.7164654732 -0.9615529776 0.1616014838 -0.2220379412 -0.2703060508 -0.6996843815 0.6613444090
-66.7 -106.0 2176.8 0.9947491884 0.0677823722 0.0766786486 -0.0668796599 0.9976587892 -0.0142828850 -0.0774672553 0.0090796463 0.9969535470
-93.6 -502.7 2173.2 0.9916906357 -0.0872085765 0.0945745781 0.0537309572 0.9487456679 0.3114396632 -0.1168874353 -0.3037702143 0.9455479980
116.8 -101.4 2175.6 0.8328077793 0.0348565541 -0.5524637103 -0.0772604570 0.9955663085 -0.0536525771 0.5481441021 0.0873658881 0.8318083882
102.9 -497.3 2140.9 0.8492851853 -0.0791522563 -0.5219670534 0.2237896919 0.9494487047 0.2201485038 0.4781557024 -0.3037797213 0.8240661621
-186.6 -253.5 2076.2 0 0 0 0 0 0 0 0 0
179.3 -249.4 2059.1 0 0 0 0 0 0 0 0 0
-60.3 -865.3 2289.3 0 0 0 0 0 0 0 0 0
133.2 -860.2 2257.0 0 0 0 0 0 0 0 0 0
9.1 497.2 2167.5 3 0.9995809197 -0.0271855760 0.0099451467 0.0270646941 0.9995605350 0.0120940749 -0.0102695599 -0.0118198441 0.9998773932
14.6 296.4 2169.9 0.9995809197 -0.0271855760 0.0099451467 0.0270646941 0.9995605350 0.0120940749 -0.0102695599 -0.0118198441 0.9998773932
19.7 97.7 2171.5 0.9996198416 -0.0256787669 0.0100412564 0.0255942214 0.9996366501 0.0084594367 -0.0102548357 -0.0081992224 0.9999138117
-126.1 292.8 2171.3 0.1803202480 -0.7573790550 -0.6275839210 0.9830724597 0.1177198812 0.1403944343 -0.0324527062 -0.6422764063 0.7657857537
-178.6 6.6 2180.8 0.0274667908 -0.7624464631 -0.6464680433 0.9244815707 0.2653711140 -0.2737006247 0.3802360296 -0.5901301503 0.7121565938
155.2 300.0 2168.4 0.1292766035 0.6977005005 0.7046286464 -0.9845996499 0.1746543348 0.0077051637 -0.1176905483 -0.6947732568 0.7095344067
191.4 24.6 2135.5 -0.0419462919 0.6973033547 0.7155477405 -0.9622006416 0.1646941900 -0.2169003636 -0.2690919042 -0.6975986362 0.6640374064
-66.8 -105.3 2176.7 0.9947271347 0.0687896982 0.0760652795 -0.0673121363 0.9974932671 -0.0218240339 -0.0773758739 0.0165888425 0.9968639612
-94.1 -501.9 2170.1 0.9913734198 -0.0896895230 0.0955750197 0.0528361164 0.9408020377 0.3348131180 -0.1199464053 -0.3268750012 0.9374249578
116.7 -100.8 2174.6 0.8326324821 0.0341286585 -0.5527732968 -0.0750171244 0.9958508611 -0.0515123345 0.5487217307 0.0843583122 0.8317379951
103.1 -496.7 2141.0 0.8478547931 -0.0774175078 -0.5245462656 0.2175951451 0.9529443979 0.2110671848 0.4835231304 -0.2930930555 0.8248041272
-186.5 -258.2 2071.9 0 0 0 0 0 0 0 0 0
179.4 -250.6 2058.6 0 0 0 0 0 0 0 0 0
-59.8 -861.4 2295.0 0 0 0 0 0 0 0 0 0
132.7 -861.0 2253.1 0 0 0 0 0 0 0 0 0
10.8 496.2 2164.6 4 0.9997437596 -0.0217144359 0.0063934410 0.0215584133 0.9994904995 0.0235371422 -0.0069012791 -0.0233932789 0.9997025132
15.2 295.4 2169.3 0.9997437596 -0.0217144359 0.0063934410 0.0215584133 0.9994904995 0.0235371422 -0.0069012791 -0.0233932789 0.9997025132
19.6 96.7 2172.7 0.9997332692 -0.0221507903 0.0065404414 0.0220380221 0.9996153116 0.0168377664 -0.0069108955 -0.0166891348 0.9998368621
-125.5 292.3 2170.3 0.1842962652 -0.7536447048 -0.6309156418 0.9823583961 0.1205167845 0.1429955810 -0.0317319371 -0.6461387873 0.7625600100
-178.1 12.2 2179.4 0.0315247811 -0.7574866414 -0.6520891190 0.9290269017 0.2628496289 -0.2604210079 0.3686668277 -0.5975986123 0.7120116949
155.9 298.6 2168.4 0.1263607889 0.6999299526 0.7029445171 -0.9849398136 0.1728260815 0.0049671284 -0.1180105060 -0.6929857135 0.7112273574
190.6 27.6 2135.9 -0.0386729091 0.6996611357 0.7134274244 -0.9625431299 0.1656561345 -0.2146364301 -0.2683564126 -0.6950052381 0.6670476198
-67.0 -103.4 2174.1 0.9951493740 0.0668406561 0.0721805468 -0.0657173619 0.9976789951 -0.0178292226 -0.0732047334 0.0129992254 0.9972321987
