-52.4 471.3 2137.3 3 0.9974292517 0.0355385095 -0.0622242242 -0.0310038514 0.9968948960 0.0723835304 0.0646034107 -0.0702682659 0.9954339862
-59.6 268.0 2151.6 0.9974292517 0.0355385095 -0.0622242242 -0.0310038514 0.9968948960 0.0723835304 0.0646034107 -0.0702682659 0.9954339862
-65.6 72.6 2163.9 0.9975728393 0.0307394899 -0.0624778718 -0.0266832914 0.9975446463 0.0647506863 0.0643148720 -0.0629264116 0.9959437251
-201.8 271.8 2142.4 0.1626998484 -0.8444440365 -0.5103362203 0.9865674973 0.1315754056 0.0968113020 -0.0146040283 -0.5192323327 0.8545083404
-245.4 7.4 2146.3 0.0041371570 -0.8450344205 -0.5346959233 0.9488410354 0.1721381247 -0.2647058666 0.3157271147 -0.5062462687 0.8025155067
82.6 264.2 2160.8 0.0921269283 0.7249752283 0.6825859547 -0.9931660295 0.1162279472 0.0105993263 -0.0716513172 -0.6788976192 0.7307284474
108.3 -13.4 2140.7 -0.1041540578 0.7265298963 0.6791952848 -0.9498689771 0.1297495663 -0.2844537497 -0.2947894335 -0.6747735739 0.6765943170
-160.8 -120.4 2171.6 0.8861453533 0.0020113292 -0.4634030163 -0.0004733116 0.9999939799 0.0034352264 0.4634071290 -0.0028247759 0.8861410022
-161.6 -512.1 2172.7 0.8833283782 0.0710041299 -0.4633458257 -0.0720900595 0.9972793460 0.0153918769 0.4631781280 0.0198065452 0.8860438466
19.6 -125.1 2181.9 0.9387654662 -0.0275166761 0.3434562683 0.0426827222 0.9984153509 -0.0366742350 -0.3419028521 0.0490881540 0.9384523630
30.4 -516.2 2162.7 0.9394733310 0.0128404042 0.3423813581 -0.0121258702 0.9999175668 -0.0042274883 -0.3424074054 -0.0001800593 0.9395515323
-246.5 -257.3 2058.3 0 0 0 0 0 0 0 0 0
79.0 -281.0 2057.7 0 0 0 0 0 0 0 0 0
-188.4 -887.7 2165.3 0 0 0 0 0 0 0 0 0
25.5 -892.8 2162.8 0 0 0 0 0 0 0 0 0
-52.4 470.3 2136.8 4 0.9971176386 0.0349173844 -0.0673586950 -0.0300101861 0.9969142079 0.0725362599 0.0696836114 -0.0703057349 0.9950885773
-59.6 267.1 2151.1 0.9971176386 0.0349173844 -0.0673586950 -0.0300101861 0.9969142079 0.0725362599 0.0696836114 -0.0703057349 0.9950885773
-65.7 71.7 2163.6 0.9972191453 0.0314073786 -0.0675841048 -0.0269587245 0.9974713326 0.0657581240 0.0694784969 -0.0637532771 0.9955441952
-201.7 270.9 2141.2 0.1650383174 -0.8419014215 -0.5137745738 0.9860817194 0.1302166283 0.1033754945 -0.0201299824 -0.5236846805 0.8516743183
-245.7 8.1 2146.6 0.0028962304 -0.8424710631 -0.5387338400 0.9510867000 0.1687425971 -0.2587663531 0.3089105189 -0.5116330981 0.8017517328
82.6 263.2 2161.0 0.0804160014 0.7291871905 0.6795728803 -0.9942108989 0.1074198782 0.0023857087 -0.0712600127 -0.6758306026 0.7336041331
104.7 -10.8 2141.4 -0.0873842984 0.7326273918 0.6749970913 -0.9510705471 0.1402247548 -0.2753213942 -0.2963593006 -0.6660286188 0.6845269203
-161.8 -120.4 2170.4 0.8837442994 0.0005029158 -0.4679698348 -0.0019912419 0.9999943972 -0.0026857194 0.4679658711 0.0033053304 0.8837403655
-162.0 -512.1 2169.1 0.8816427588 0.0624790341 -0.4677631557 -0.0569452308 0.9980393052 0.0259772073 0.4684690237 0.0037342629 0.8834720254
18.5 -125.2 2182.1 0.9404938817 -0.0320139267 0.3382991850 0.0431912504 0.9987397790 -0.0255617592 -0.3370545208 0.0386522412 0.9406913519
31.1 -516.4 2166.9 0.9407896996 0.0186876226 0.3384753168 -0.0086191185 0.9994751811 -0.0312254317 -0.3388811946 0.0264592059 0.9404570460
-246.5 -257.2 2060.4 0 0 0 0 0 0 0 0 0
80.1 -278.7 2057.9 0 0 0 0 0 0 0 0 0
-185.5 -887.9 2167.7 0 0 0 0 0 0 0 0 0
24.0 -892.7 2156.9 0 0 0 0 0 0 0 0 0
-52.3 469.8 2136.5 5 0.9975095987 0.0391266085 -0.0586831085 -0.0346685387 0.9965692163 0.0751523226 0.0614222363 -0.0729307085 0.9954438210
-60.3 267.0 2151.4 0.9975095987 0.0391266085 -0.0586831085 -0.0346685387 0.9965692163 0.0751523226 0.0614222363 -0.0729307085 0.9954438210
-67.2 71.6 2164.1 0.9976357818 0.0352555104 -0.0589902289 -0.0312855281 0.9972677231 0.0669199303 0.0611883476 -0.0649161786 0.9960129857
-202.5 271.4 2142.6 0.1621090472 -0.8459963202 -0.5079477429 0.9866678715 0.1314577609 0.0959449038 -0.0143953562 -0.5167292356 0.8560278416
-245.7 8.4 2146.5 0.0088677565 -0.8463333249 -0.5325798392 0.9519354105 0.1702179313 -0.2546464801 0.3061704338 -0.5047234297 0.8071641326
81.9 262.5 2160.1 0.0847977921 0.7238667011 0.6847089529 -0.9943829775 0.1051625535 0.0119726835 -0.0633391142 -0.6818781495 0.7287182808
105.2 -11.0 2142.7 -0.0879902691 0.7283003330 0.6795853972 -0.9490637183 0.1459183544 -0.2792596221 -0.3025488555 -0.6695419550 0.6783640385
-162.0 -121.2 2169.8 0.8876134157 0.0005275300 -0.4605889022 -0.0000944783 0.9999995232 0.0009632658 0.4605892003 -0.0008114920 0.8876130581
-162.2 -512.9 2170.1 0.8853611946 0.0637424812 -0.4605132937 -0.0624951608 0.9978834391 0.0179729369 0.4606842399 0.0128673110 0.8874708414
18.3 -126.1 2182.4 0.9375781417 -0.0335300341 0.3461546004 0.0470647365 0.9984179139 -0.0307662599 -0.3445753455 0.0451374464 0.9376728535
31.4 -517.2 2164.7 0.9379497170 0.0220255628 0.3460710049 -0.0130262971 0.9995143414 -0.0283087958 -0.3465264738 0.0220442042 0.9377811551
-248.2 -257.1 2061.1 0 0 0 0 0 0 0 0 0
80.4 -278.3 2057.4 0 0 0 0 0 0 0 0 0
-186.2 -888.8 2165.3 0 0 0 0 0 0 0 0 0
23.1 -893.6 2156.4 0 0 0 0 0 0 0 0 0
-52.7 469.7 2136.9 6 0.9979117513 0.0415061861 -0.0494905822 -0.0377761796 0.9965381622 0.0740586519 0.0523931459 -0.0720344335 0.9960250854
-61.1 266.9 2151.6 0.9979117513 0.0415061861 -0.0494905822 -0.0377761796 0.9965381622 0.0740586519 0.0523931459 -0.0720344335 0.9960250854
-68.2 71.6 2164.2 0.9981054664 0.0361510143 -0.0497850291 -0.0328029878 0.9972471595 0.0664989874 0.0520519838 -0.0647399053 0.9965437055
-203.4 271.6 2144.1 0.1613376290 -0.8505083323 -0.5006054044 0.9868259430 0.1328464299 0.0923385024 -0.0120310243 -0.5089080930 0.8607367873
-246.1 10.5 2147.3 0.0187407639 -0.8505550027 -0.5255520940 0.9511501193 0.1771774143 -0.2528271973 0.3081593812 -0.4951407611 0.8123259544
81.1 262.2 2159.0 0.0761409029 0.7181822062 0.6916768551 -0.9950498939 0.0991584733 0.0065784324 -0.0638611093 -0.6887539029 0.7221771479
102.1 -11.7 2141.4 -0.0747632682 0.7239430547 0.6857964993 -0.9505126476 0.1562335491 -0.2685455978 -0.3015561402 -0.6719356179 0.6764365435
-164.3 -120.9 2171.3 0.8917749524 -0.0042266231 -0.4524594843 0.0070685060 0.9999644756 0.0045905621 0.4524240196 -0.0072919605 0.8917731643
-162.6 -512.6 2174.1 0.8894635439 0.0643810704 -0.4524484873 -0.0710404664 0.9974708557 0.0022772383 0.4514507949 0.0301166326 0.8917876482
16.1 -126.5 2182.3 0.9341806769 -0.0407424644 0.3544664681 0.0535264127 0.9982191920 -0.0263309330 -0.3527624607 0.0435711704 0.9346979260
32.0 -517.5 2165.3 0.9345294833 0.0298186745 0.3546342850 -0.0203050263 0.9993279576 -0.0305187330 -0.3553059697 0.0213197973 0.9345068932
-251.3 -254.8 2061.4 0 0 0 0 0 0 0 0 0
81.0 -279.5 2056.4 0 0 0 0 0 0 0 0 0
-186.9 -888.2 2162.8 0 0 0 0 0 0 0 0 0
20.8 -893.9 2157.2 0 0 0 0 0 0 0 0 0
-53.1 470.3 2137.1 7 0.9980975986 0.0318555608 -0.0527860969 -0.0279744398 0.9969614744 0.0726999044 0.0549416021 -0.0710849389 0.9959560037
-59.6 267.6 2151.5 0.9980975986 0.0318555608 -0.0527860969 -0.0279744398 0.9969614744 0.0726999044 0.0549416021 -0.0710849389 0.9959560037
-64.9 72.2 2164.2 0.9982188344 0.0274074320 -0.0529907383 -0.0238952674 0.9975458384 0.0658127144 0.0546644479 -0.0644292608 0.9964239597
-201.8 271.0 2143.7 0.1673226506 -0.8480949402 -0.5027306676 0.9858583212 0.1391194165 0.0934296697 -0.0092976317 -0.5112541318 0.8593792915
-246.4 8.5 2146.2 0.0230067652 -0.8478765488 -0.5296942592 0.9526552558 0.1792714447 -0.2455804348 0.3031809628 -0.4989660084 0.8118585348
82.7 264.2 2159.3 0.0680718273 0.7198088765 0.6908265948 -0.9953634143 0.0961622223 -0.0021166180 -0.0679549798 -0.6874794364 0.7230173945
101.5 -10.8 2140.6 -0.0671666414 0.7257685065 0.6846522689 -0.9519559145 0.1588706672 -0.2618015409 -0.2987784743 -0.6693430543 0.6802288294
-165.5 -120.8 2172.2 0.8905858994 -0.0097586215 -0.4547104239 0.0062544825 0.9999380112 -0.0092099551 0.4547721148 0.0053582774 0.8905917406
-161.7 -512.5 2170.1 0.8876988888 0.0717180148 -0.4548045397 -0.0708043724 0.9973079562 0.0190674905 0.4549476802 0.0152759608 0.8903871179
14.9 -126.7 2181.6 0.9348400235 -0.0432730988 0.3524224460 0.0565298982 0.9980246425 -0.0274068583 -0.3505403101 0.0455434322 0.9354396462
31.9 -517.7 2163.8 0.9354759455 0.0283603147 0.3522504866 -0.0214509815 0.9994935989 -0.0235033780 -0.3527386785 0.0144307269 0.9356105924
-252.8 -257.2 2061.7 0 0 0 0 0 0 0 0 0
82.6 -278.9 2056.4 0 0 0 0 0 0 0 0 0
-188.7 -888.0 2164.4 0 0 0 0 0 0 0 0 0
21.2 -894.1 2158.4 0 0 0 0 0 0 0 0 0
-53.2 466.8 2136.7 8 0.9970052838 0.0291779283 -0.0716181919 -0.0239424743 0.9970516562 0.0729022697 0.0735341683 -0.0709692314 0.9947643280
-59.1 264.1 2151.1 0.9970052838 0.0291779283 -0.0716181919 -0.0239424743 0.9970516562 0.0729022697 0.0735341683 -0.0709692314 0.9947643280
-64.0 68.7 2163.6 0.9971046448 0.0249703676 -0.0718249157 -0.0202814490 0.9976603985 0.0652868301 0.0732871145 -0.0636410937 0.9952782393
-201.2 267.0 2140.7 0.1641860008 -0.8403730392 -0.5165424347 0.9861495495 0.1273637563 0.1062427312 -0.0234947335 -0.5268316865 0.8496448398
-244.4 7.7 2146.8 0.0307476036 -0.8402622342 -0.5413076878 0.9495688081 0.1936299354 -0.2466304451 0.3120476007 -0.5064255595 0.8038403988
83.0 261.2 2161.6 0.0806615353 0.7309227586 0.6776766777 -0.9933392406 0.1150762364 -0.0058841743 -0.0822853595 -0.6726881862 0.7353364825
105.1 -10.8 2139.0 -0.0858537778 0.7333943844 0.6743603349 -0.9517466426 0.1397914737 -0.2731971443 -0.2946310639 -0.6652751565 0.6860039830
-160.5 -121.0 2171.8 0.8820109367 0.0005619786 -0.4712285697 -0.0061033010 0.9999290109 -0.0102312118 0.4711893797 0.0119000906 0.8819518089
-160.8 -512.6 2167.2 0.8787757754 0.0812891498 -0.4702607989 -0.0640033111 0.9965592027 0.0526620522 0.4729236066 -0.0161798876 0.8809548616
19.9 -125.3 2181.7 0.9416205287 -0.0302441102 0.3353148997 0.0444144085 0.9984114170 -0.0346702524 -0.3337336481 0.0475390330 0.9414679408
31.8 -516.4 2163.1 0.9419377446 0.0261422992 0.3347683549 -0.0212959591 0.9996086359 -0.0181397088 -0.3351115584 0.0099572623 0.9421258569
-252.9 -257.2 2059.8 0 0 0 0 0 0 0 0 0
80.9 -278.8 2056.0 0 0 0 0 0 0 0 0 0
-191.4 -887.8 2173.3 0 0 0 0 0 0 0 0 0
21.9 -892.9 2159.4 0 0 0 0 0 0 0 0 0
-53.9 465.8 2137.0 9 0.9959998131 0.0305773579 -0.0839610249 -0.0245676190 0.9971235991 0.0717006847 0.0859119296 -0.0693511441 0.9938861132
-60.1 263.2 2151.1 0.9959998131 0.0305773579 -0.0839610249 -0.0245676190 0.9971235991 0.0717006847 0.0859119296 -0.0693511441 0.9938861132
-65.3 67.8 2163.2 0.9960939288 0.0266643614 -0.0841777325 -0.0212866571 0.9977133274 0.0641485155 0.0856957212 -0.0621060878 0.9943837523
-202.0 266.3 2138.9 0.1569604278 -0.8352148533 -0.5270479918 0.9872797728 0.1190047339 0.1054350510 -0.0253397115 -0.5368929505 0.8432697058
-243.8 3.8 2145.6 0.0202913303 -0.8359054923 -0.5484982133 0.9497900009 0.1874444336 -0.2505264878 0.3122293949 -0.5158746243 0.7977381945
81.8 260.2 2163.3 0.0874886215 0.7382615805 0.6688165069 -0.9916779399 0.1282023191 -0.0117914425 -0.0944489986 -0.6622189879 0.7433339953
106.2 -16.1 2137.0 -0.0906082541 0.7385770082 0.6680525541 -0.9525436163 0.1314729303 -0.2745460570 -0.2906042337 -0.6612253189 0.6916142702
-159.0 -124.8 2169.4 0.8760483861 0.0056495601 -0.4821901023 -0.0101502780 0.9999258518 -0.0067255497 0.4821163416 0.0107862707 0.8760408163
-161.2 -516.5 2165.2 0.8732887506 0.0757292956 -0.4812814295 -0.0621889196 0.9970918894 0.0440494418 0.4832176268 -0.0085375095 0.8754586577
21.2 -128.5 2182.7 0.9458221197 -0.0266957842 0.3235858977 0.0414369069 0.9983893633 -0.0387506261 -0.3220302463 0.0500596017 0.9454049468
31.7 -519.6 2163.1 0.9461189508 0.0232535992 0.3229832649 -0.0182010159 0.9996603131 -0.0186553728 -0.3233073652 0.0117715774 0.9462208152
-249.4 -261.1 2058.5 0 0 0 0 0 0 0 0 0
80.7 -284.5 2055.1 0 0 0 0 0 0 0 0 0
-189.7 -891.9 2168.4 0 0 0 0 0 0 0 0 0
22.9 -896.1 2158.6 0 0 0 0 0 0 0 0 0
-54.4 464.9 2136.6 0 0.9966092110 0.0300177224 -0.0766098350 -0.0245399084 0.9971409440 0.0714686587 0.0785361305 -0.0693463236 0.9944964647
-60.5 262.3 2150.7 0.9966092110 0.0300177224 -0.0766098350 -0.0245399084 0.9971409440 0.0714686587 0.0785361305 -0.0693463236 0.9944964647
-65.5 66.9 2162.9 0.9967228770 0.0253672246 -0.0768114701 -0.0204448085 0.9977272153 0.0642060414 0.0782656223 -0.0624252371 0.9949761629
-202.6 265.2 2139.6 0.1629632711 -0.8380343914 -0.5207123160 0.9863625765 0.1260446161 0.1058379784 -0.0230628755 -0.5308588743 0.8471463919
-245.6 4.5 2145.7 0.0137684001 -0.8385069370 -0.5447169542 0.9520612359 0.1774892360 -0.2491525263 0.3055975139 -0.5151734352 0.8007537127
81.5 259.4 2161.9 0.0869158506 0.7336507440 0.6739452481 -0.9923180938 0.1235413030 -0.0065109138 -0.0880368128 -0.6682021618 0.7387526035
105.8 -17.7 2137.3 -0.0878837034 0.7351640463 0.6721683145 -0.9509935975 0.1389001608 -0.2762570679 -0.2964585721 -0.6635062099 0.6869292259
-160.6 -125.7 2167.7 0.8796402216 0.0034394646 -0.4756271839 -0.0065342258 0.9999668598 -0.0048534172 0.4755947292 0.0073771165 0.8796335459
-161.9 -517.4 2164.8 0.8776794672 0.0646566004 -0.4748666286 -0.0492006801 0.9977782965 0.0449189804 0.4767159224 -0.0160607062 0.8789106607
19.5 -129.5 2183.1 0.9431099892 -0.0324690528 0.3308916390 0.0505117923 0.9976602197 -0.0460727625 -0.3286214769 0.0601656139 0.9425433874
32.2 -520.3 2159.6 0.9441163540 0.0291392785 0.3283218443 -0.0358337536 0.9992546439 0.0143568655 -0.3276587725 -0.0253195539 0.9444568157
-249.5 -261.0 2060.4 0 0 0 0 0 0 0 0 0
81.0 -285.6 2053.8 0 0 0 0 0 0 0 0 0
-186.3 -893.1 2170.8 0 0 0 0 0 0 0 0 0
21.2 -896.4 2169.1 0 0 0 0 0 0 0 0 0
-53.8 464.9 2137.0 1 0.9978467822 0.0329591781 -0.0567049719 -0.0290239733 0.9972030520 0.0688742846 0.0588164106 -0.0670801848 0.9960125089
-60.5 262.6 2150.6 0.9978467822 0.0329591781 -0.0567049719 -0.0290239733 0.9972030520 0.0688742846 0.0588164106 -0.0670801848 0.9960125089
-66.4 67.2 2162.6 0.9979231954 0.0302093122 -0.0568921566 -0.0266118255 0.9976609945 0.0629629195 0.0586611554 -0.0613181554 0.9963929653
-202.7 266.4 2142.2 0.1619424820 -0.8472283483 -0.5059434772 0.9867459536 0.1336545050 0.0920264870 -0.0103458231 -0.5141406655 0.8576434851
-245.9 2.9 2145.0 0.0178740434 -0.8473265767 -0.5307712555 0.9507967234 0.1786242425 -0.2531382143 0.3092993498 -0.5001310110 0.8088281155
81.7 258.9 2158.9 0.0901381895 0.7214679718 0.6865559220 -0.9931651354 0.1164411753 0.0080307024 -0.0741494894 -0.6825872660 0.7270326614
106.8 -18.0 2138.2 -0.0965467170 0.7242028713 0.6827949286 -0.9485068321 0.1409836859 -0.2836517990 -0.3016844094 -0.6750213504 0.6732999086
-160.5 -126.7 2168.1 0.8888333440 0.0043291990 -0.4582101107 0.0003991643 0.9999476671 0.0102218678 0.4582303762 -0.0092684375 0.8887851238
-162.2 -518.4 2171.7 0.8864357471 0.0652698278 -0.4582265317 -0.0708816797 0.9974724054 0.0049600038 0.4573920667 0.0280831400 0.8888216019
19.6 -130.4 2182.2 0.9367064834 -0.0296120346 0.3488612175 0.0478240065 0.9978991151 -0.0437057279 -0.3468340933 0.0576233752 0.9361547232
31.2 -521.3 2159.7 0.9378484488 0.0186903998 0.3465414643 -0.0252954587 0.9995741844 0.0145462127 -0.3461220264 -0.0224080682 0.9379218817
-250.9 -262.3 2058.7 0 0 0 0 0 0 0 0 0
79.6 -285.2 2053.3 0 0 0 0 0 0 0 0 0
-186.8 -893.6 2161.2 0 0 0 0 0 0 0 0 0
24.2 -897.6 2168.1 0 0 0 0 0 0 0 0 0
-53.9 466.5 2137.1 2 0.9978192449 0.0361665078 -0.0552155413 -0.0323031656 0.9970709682 0.0693256631 0.0575610772 -0.0673908442 0.9960648417
-61.2 264.1 2150.8 0.9978192449 0.0361665078 -0.0552155413 -0.0323031656 0.9970709682 0.0693256631 0.0575610772 -0.0673908442 0.9960648417
-67.4 68.7 2162.7 0.9979610443 0.0316126905 -0.0554466918 -0.0281289667 0.9976470470 0.0625230074 0.0572927482 -0.0608358718 0.9965021610
-203.5 268.1 2142.6 0.1600071192 -0.8480162621 -0.5052386522 0.9870849848 0.1334083527 0.0886871442 -0.0078050885 -0.5129040480 0.8584104776
-246.4 3.0 2144.7 0.0173625108 -0.8480893970 -0.5295686126 0.9518223405 0.1762003899 -0.2509734333 0.3061580956 -0.4996977448 0.8102896810
81.0 260.1 2159.0 0.0850466490 0.7208747864 0.6878274679 -0.9934875369 0.1138875708 0.0034806812 -0.0758258626 -0.6836440563 0.7258659005
104.8 -18.0 2137.7 -0.0897645280 0.7240855098 0.6838439703 -0.9499314427 0.1440835148 -0.2772546709 -0.2992867231 -0.6744925380 0.6748979688
-162.5 -125.8 2169.3 0.8894688487 -0.0014821156 -0.4569934011 0.0058364049 0.9999500513 0.0081166578 0.4569585323 -0.0098867128 0.8894330859
-161.9 -517.4 2173.2 0.8871752620 0.0647681132 -0.4568644464 -0.0792654604 0.9967737198 -0.0126146916 0.4545734525 0.0474050157 0.8894468546
17.9 -130.6 2179.9 0.9362812042 -0.0331338197 0.3496850431 0.0473992638 0.9983531833 -0.0323141851 -0.3480384946 0.0468299799 0.9363098741
30.9 -521.6 2161.6 0.9373078346 0.0145767117 0.3481976092 -0.0174527746 0.9998345375 0.0051244521 -0.3480653167 -0.0108802039 0.9374071360
-251.3 -262.5 2059.3 0 0 0 0 0 0 0 0 0
79.5 -285.6 2053.4 0 0 0 0 0 0 0 0 0
-186.3 -892.6 2155.3 0 0 0 0 0 0 0 0 0
25.4 -898.1 2165.7 0 0 0 0 0 0 0 0 0
-53.9 466.1 2137.2 3 0.9980817437 0.0324476957 -0.0527251065 -0.0288828630 0.9973334074 0.0670214295 0.0547592007 -0.0653700083 0.9963574409
-60.5 263.4 2150.5 0.9980817437 0.0324476957 -0.0527251065 -0.0288828630 0.9973334074 0.0670214295 0.0547592007 -0.0653700083 0.9963574409
-65.7 67.9 2162.1 0.9982365966 0.0269117728 -0.0529097207 -0.0236783847 0.9978680611 0.0608161986 0.0544335917 -0.0594561361 0.9967457056
-202.7 266.8 2142.7 0.1657193601 -0.8490552902 -0.5016394854 0.9861000776 0.1364835352 0.0947569162 -0.0119883399 -0.5103697777 0.8598715067
-246.5 6.4 2145.9 0.0151210893 -0.8491325974 -0.5279632807 0.9513053298 0.1748033762 -0.2538935542 0.3078790307 -0.4984151423 0.8104275465
81.8 260.0 2158.2 0.0829414874 0.7191085219 0.6899301410 -0.9939054251 0.1101364046 0.0046902718 -0.0726136118 -0.6861143112 0.7238607407
104.9 -17.5 2138.0 -0.0916865841 0.7224652171 0.6853011250 -0.9507703781 0.1410709769 -0.2759250700 -0.2960223556 -0.6768626571 0.6739642024
-163.8 -124.2 2169.5 0.8907272816 -0.0046200817 -0.4545146823 0.0083692437 0.9999455214 0.0062371660 0.4544610977 -0.0093595581 0.8907173872
-162.0 -515.9 2173.1 0.8882996440 0.0661210790 -0.4544796050 -0.0740514472 0.9972543716 0.0003513037 0.4532549977 0.0333428122 0.8907570839
16.6 -129.3 2179.8 0.9353629351 -0.0339913815 0.3520522714 0.0439199209 0.9988297820 -0.0202511419 -0.3509519398 0.0344042741 0.9357612133
29.9 -520.5 2166.3 0.9359238744 -0.0005447581 0.3522018790 0.0098963175 0.9996446371 -0.0247518141 -0.3520632386 0.0266513154 0.9355967045
-250.7 -258.9 2060.0 0 0 0 0 0 0 0 0 0
79.1 -285.4 2054.6 0 0 0 0 0 0 0 0 0
-186.9 -891.3 2160.6 0 0 0 0 0 0 0 0 0
30.1 -896.7 2156.3 0 0 0 0 0 0 0 0 0
-53.4 466.9 2136.7 4 0.9975854158 0.0337755233 -0.0606843978 -0.0296259671 0.9972437024 0.0680240020 0.0628146827 -0.0660619214 0.9958363771
-60.2 264.1 2150.2 0.9975854158 0.0337755233 -0.0606843978 -0.0296259671 0.9972437024 0.0680240020 0.0628146827 -0.0660619214 0.9958363771
-65.9 68.7 2161.9 0.9977241158 0.0289601497 -0.0608923435 -0.0252141822 0.9977940321 0.0614111274 0.0625364929 -0.0597360134 0.9962533712
-202.4 267.7 2141.3 0.1674110889 -0.8452571034 -0.5074583292 0.9857232571 0.1341216415 0.1017891243 -0.0179768391 -0.5172541142 0.8556430340
-246.8 6.4 2146.0 0.0120841712 -0.8455034494 -0.5338332057 0.9510825872 0.1745374203 -0.2549090683 0.3087003827 -0.5046391487 0.8062527180
81.9 260.5 2159.1 0.0885423422 0.7244325280 0.6836356521 -0.9935380220 0.1131606475 0.0087662591 -0.0710100904 -0.6799942255 0.7297707796
106.8 -18.4 2139.1 -0.0955199525 0.7275228500 0.6794015765 -0.9483789802 0.1408388019 -0.2841508985 -0.3024123609 -0.6714722514 0.6765144467
-161.3 -125.4 2168.9 0.8870228529 0.0037084795 -0.4617106318 -0.0014515677 0.9999852180 0.0052432208 0.4617232680 -0.0039806520 0.8870151043
-162.7 -517.1 2170.4 0.8846382499 0.0657324642 -0.4616214633 -0.0645136386 0.9977464080 0.0184417237 0.4617933929 0.0134666283 0.8868852854
19.2 -129.6 2178.7 0.9384819269 -0.0276315585 0.3442211151 0.0344255604 0.9993141890 -0.0136399483 -0.3436081707 0.0246508513 0.9387895465
30.0 -521.0 2169.0 0.9386478662 0.0001719077 0.3448769748 0.0154596521 0.9989736676 -0.0425743163 -0.3445303440 0.0452939719 0.9376818538
-250.2 -258.9 2059.9 0 0 0 0 0 0 0 0 0
79.9 -285.5 2053.9 0 0 0 0 0 0 0 0 0
-187.5 -892.7 2165.3 0 0 0 0 0 0 0 0 0
30.0 -897.1 2152.0 0 0 0 0 0 0 0 0 0
-53.7 467.6 2137.0 5 0.9976772666 0.0330707468 -0.0595513061 -0.0288706310 0.9971249700 0.0700588450 0.0616969950 -0.0681768358 0.9957637191
-60.5 264.8 2150.9 0.9976772666 0.0330707468 -0.0595513061 -0.0288706310 0.9971249700 0.0700588450 0.0616969950 -0.0681768358 0.9957637191
-65.7 69.4 2162.7 0.9978460073 0.0269883852 -0.0597909130 -0.0232660696 0.9977987409 0.0621000938 0.0613352768 -0.0605752319 0.9962773919
-202.7 268.1 2142.1 0.1638886631 -0.8457372785 -0.5078080297 0.9864124060 0.1345230788 0.0943085328 -0.0114483489 -0.5163642168 0.8562925458
-246.5 4.1 2145.2 0.0251573902 -0.8455275893 -0.5333387256 0.9527347088 0.1818546951 -0.2433628887 0.3027601838 -0.5020079017 0.8101384640
81.8 261.5 2159.6 0.0907984748 0.7232804894 0.6845589280 -0.9932997227 0.1151232570 0.0101140914 -0.0714933351 -0.6808905602 0.7288873196
107.2 -17.2 2139.6 -0.0940536484 0.7263007164 0.6809120178 -0.9484351873 0.1425816119 -0.2830922306 -0.3026956320 -0.6724267602 0.6754388213
-161.8 -124.4 2167.9 0.8875929117 0.0010481692 -0.4606274962 0.0041462178 0.9999387264 0.0102648214 0.4606100321 -0.0110208448 0.8875342011
-162.2 -516.1 2172.2 0.8850034475 0.0677781552 -0.4606246352 -0.0700505599 0.9974690676 0.0121826511 0.4602845311 0.0214853249 0.8875114322
18.6 -129.0 2179.2 0.9378699660 -0.0291847382 0.3457573354 0.0401507914 0.9988908768 -0.0245948639 -0.3446560502 0.0369492136 0.9380015731
30.0 -520.2 2164.7 0.9382777214 0.0001998266 0.3458828330 0.0104794633 0.9995243549 -0.0290051345 -0.3457241058 0.0308395363 0.9378293157
-253.5 -261.6 2060.7 0 0 0 0 0 0 0 0 0
80.7 -284.4 2054.3 0 0 0 0 0 0 0 0 0
-187.7 -891.7 2164.1 0 0 0 0 0 0 0 0 0
30.0 -896.6 2153.1 0 0 0 0 0 0 0 0 0
-53.4 468.8 2136.6 6 0.9985536337 0.0325168520 -0.0428163037 -0.0293734781 0.9969646335 0.0721023530 0.0450308807 -0.0707404092 0.9964777827
-60.0 265.9 2151.0 0.9985536337 0.0325168520 -0.0428163037 -0.0293734781 0.9969646335 0.0721023530 0.0450308807 -0.0707404092 0.9964777827
-65.5 70.5 2163.4 0.9986747503 0.0282016993 -0.0430510826 -0.0253956560 0.9976016283 0.0643899962 0.0447637402 -0.0632113591 0.9969957471
-202.3 269.6 2144.7 0.1647534370 -0.8527696729 -0.4956210256 0.9863346219 0.1421718597 0.0832534805 -0.0005326801 -0.5025644898 0.8645395637
-246.9 2.4 2144.8 0.0197364148 -0.8526220918 -0.5221551657 0.9508776665 0.1773832887 -0.2537061572 0.3089371026 -0.4914984703 0.8142402172
82.3 262.3 2157.4 0.0896869898 0.7124149203 0.6960037351 -0.9939580560 0.1084197238 0.0171051789 -0.0632745475 -0.6933326125 0.7178344131
107.4 -15.8 2139.7 -0.0980374664 0.7164220810 0.6907445788 -0.9485268593 0.1427621990 -0.2826937437 -0.3011402488 -0.6829043627 0.6655495167
-161.2 -124.0 2169.1 0.8951451778 0.0029031239 -0.4457652569 0.0021067292 0.9999400973 0.0107428255 0.4457697272 -0.0105554946 0.8950854540
-162.4 -515.7 2173.2 0.8930875659 0.0606806017 -0.4457717538 -0.0675018802 0.9977189898 0.0005767368 0.4447899163 0.0295753554 0.8951464891
19.2 -128.2 2180.1 0.9319635630 -0.0279745329 0.3614710271 0.0418164693 0.9986588359 -0.0305264052 -0.3601322770 0.0435649380 0.9318835139
30.1 -519.3 2163.1 0.9325687289 0.0039780196 0.3609705269 0.0012884641 0.9998962283 -0.0143479528 -0.3609901369 0.0138455499 0.9324668646
-252.4 -262.8 2058.6 0 0 0 0 0 0 0 0 0
79.8 -283.0 2054.9 0 0 0 0 0 0 0 0 0
-185.2 -891.4 2162.1 0 0 0 0 0 0 0 0 0
28.6 -895.8 2157.9 0 0 0 0 0 0 0 0 0
-53.0 468.9 2137.0 7 0.9983168840 0.0345006920 -0.0466161557 -0.0311027616 0.9969376922 0.0717482343 0.0489487685 -0.0701775849 0.9963328242
-60.0 266.2 2151.2 0.9983168840 0.0345006920 -0.0466161557 -0.0311027616 0.9969376922 0.0717482343 0.0489487685 -0.0701775849 0.9963328242
-66.1 70.8 2163.5 0.9984232783 0.0308942907 -0.0468664877 -0.0278578736 0.9975537062 0.0641132668 0.0487325750 -0.0627065748 0.9968415499
-202.3 270.2 2144.3 0.1640402675 -0.8513290882 -0.4983268082 0.9864406586 0.1389759779 0.0872955322 -0.0050617717 -0.5058897734 0.8625832796
-246.3 5.7 2145.6 0.0196765028 -0.8512334228 -0.5244182944 0.9509972930 0.1778184474 -0.2529520988 0.3085725307 -0.4937431514 0.8130195141
82.3 262.2 2158.2 0.0826000422 0.7154968381 0.6937157512 -0.9943028092 0.1062257886 0.0088296216 -0.0673729330 -0.6904928684 0.7201947570
105.3 -15.3 2139.4 -0.0857698619 0.7202984691 0.6883412600 -0.9492302537 0.1508020163 -0.2760808170 -0.3026638329 -0.6770737767 0.6707948446
-161.3 -122.6 2171.8 0.8933697939 0.0035210738 -0.4493083358 0.0010515538 0.9999501705 0.0099270903 0.4493209124 -0.0093410350 0.8933215737
-162.7 -514.3 2175.4 0.8919991255 0.0501601510 -0.4492455125 -0.0643585995 0.9977924228 -0.0163794588 0.4474321604 0.0435232744 0.8932582140
19.3 -127.1 2179.8 0.9334076643 -0.0295940246 0.3575951755 0.0426815711 0.9986746907 -0.0287601873 -0.3562701046 0.0421077050 0.9334337115
30.8 -518.3 2163.4 0.9340234399 0.0105784005 0.3570550978 -0.0066640056 0.9999035001 -0.0121915136 -0.3571496010 0.0090077426 0.9340037704
-251.8 -259.5 2059.6 0 0 0 0 0 0 0 0 0
81.2 -282.8 2054.1 0 0 0 0 0 0 0 0 0
-181.5 -890.0 2159.0 0 0 0 0 0 0 0 0 0
26.9 -894.9 2160.0 0 0 0 0 0 0 0 0 0
-52.7 468.4 2137.1 8 0.9972723722 0.0338306278 -0.0655996352 -0.0291048586 0.9970012903 0.0717032775 0.0678286850 -0.0695984289 0.9952664375
-59.6 265.7 2151.3 0.9972723722 0.0338306278 -0.0655996352 -0.0291048586 0.9970012903 0.0717032775 0.0678286850 -0.0695984289 0.9952664375
-65.6 70.3 2163.4 0.9973528981 0.0308283716 -0.0658543110 -0.0266203973 0.9976046085 0.0638469085 0.0676648617 -0.0619248338 0.9957845211
-201.7 269.5 2141.6 0.1639376879 -0.8419491649 -0.5140486360 0.9864531755 0.1368124336 0.0905123055 -0.0058785174 -0.5219233036 0.8529721498
-245.7 4.9 2143.2 0.0105045242 -0.8421088457 -0.5392052531 0.9535053968 0.1708582640 -0.2482637912 0.3011928201 -0.5115272403 0.8047501445
82.5 261.9 2160.9 0.0811960772 0.7278205752 0.6809437275 -0.9935414791 0.1134357750 -0.0027744123 -0.0792626515 -0.6763205528 0.7323305011
105.3 -16.0 2138.7 -0.0730011836 0.7314900756 0.6779329777 -0.9512643814 0.1531352699 -0.2676671147 -0.2996112704 -0.6644335389 0.6846613884
-162.4 -122.1 2171.4 0.8846812248 -0.0018494091 -0.4661927521 0.0039818319 0.9999856353 0.0035892224 0.4661794305 -0.0050316192 0.8846758604
-161.6 -513.8 2173.4 0.8817877769 0.0715731829 -0.4661840498 -0.0730945542 0.9972145557 0.0148437684 0.4659479260 0.0209864620 0.8845632076
18.1 -127.1 2180.2 0.9400314093 -0.0315495729 0.3396256864 0.0412202999 0.9989231229 -0.0212963317 -0.3385880589 0.0340186954 0.9403195381
30.5 -518.4 2166.9 0.9404730797 0.0056085116 0.3398218751 0.0040587480 0.9996072054 -0.0277305637 -0.3398439288 0.0274590999 0.9400808811
-248.6 -261.0 2059.2 0 0 0 0 0 0 0 0 0
84.7 -284.0 2054.3 0 0 0 0 0 0 0 0 0
-188.6 -889.2 2165.5 0 0 0 0 0 0 0 0 0
28.4 -894.8 2156.5 0 0 0 0 0 0 0 0 0
-51.9 469.2 2137.2 9 0.9978815317 0.0362643488 -0.0540128723 -0.0324163958 0.9969856739 0.0704889894 0.0564062968 -0.0685887560 0.9960491657
-59.3 266.9 2151.1 0.9978815317 0.0362643488 -0.0540128723 -0.0324163958 0.9969856739 0.0704889894 0.0564062968 -0.0685887560 0.9960491657
-65.6 71.5 2163.1 0.9979952574 0.0325409099 -0.0542824157 -0.0291193258 0.9976090789 0.0626751557 0.0561921373 -0.0609688424 0.9965566993
-201.5 271.0 2143.1 0.1639901102 -0.8477773070 -0.5043618679 0.9864471555 0.1381278485 0.0885592923 -0.0054121423 -0.5120491385 0.8589391112
-245.6 5.8 2144.6 -0.0020412663 -0.8480360508 -0.5299345851 0.9526301026 0.1595177203 -0.2589401603 0.3041245639 -0.5053601861 0.8075390458
83.0 262.7 2159.1 0.0806225240 0.7204988599 0.6887535453 -0.9939275980 0.1100289971 0.0012445464 -0.0748861656 -0.6846714616 0.7249944806
105.7 -17.6 2138.0 -0.0814711377 0.7242245674 0.6847344637 -0.9518246055 0.1472390443 -0.2689807117 -0.2956220806 -0.6736612320 0.6773390174
-161.8 -122.7 2169.4 0.8899730444 -0.0000872158 -0.4560131729 0.0019760109 0.9999913573 0.0036652044 0.4560088813 -0.0041630198 0.8899654746
-161.8 -514.4 2171.0 0.8868182302 0.0754800364 -0.4559124410 -0.0720778108 0.9970887899 0.0248740334 0.4564626813 0.0108024236 0.8896769881
18.5 -127.5 2181.6 0.9360998273 -0.0301151536 0.3504428864 0.0423503667 0.9987297654 -0.0273005106 -0.3491755724 0.0403973870 0.9361861348
30.3 -518.7 2165.8 0.9366343617 0.0029326777 0.3502962589 0.0053099813 0.9997312427 -0.0225677565 -0.3502682745 0.0229978021 0.9363670349
-245.0 -259.9 2059.7 0 0 0 0 0 0 0 0 0
82.7 -285.7 2054.7 0 0 0 0 0 0 0 0 0
-190.2 -889.8 2167.0 0 0 0 0 0 0 0 0 0
29.2 -895.2 2157.2 0 0 0 0 0 0 0 0 0
-52.3 469.5 2137.7 0 0.9973792434 0.0384877846 -0.0612646975 -0.0340678990 0.9968498349 0.0716224313 0.0638282895 -0.0693475679 0.9955485463
-60.1 267.0 2151.8 0.9973792434 0.0384877846 -0.0612646975 -0.0340678990 0.9968498349 0.0716224313 0.0638282895 -0.0693475679 0.9955485463
-66.9 71.6 2163.7 0.9974995852 0.0346673019 -0.0615854934 -0.0307869297 0.9975463152 0.0628766567 0.0636141449 -0.0608234070 0.9961193204
-202.3 271.4 2142.8 0.1623317748 -0.8447642922 -0.5099232793 0.9866742492 0.1331734657 0.0934815034 -0.0110615911 -0.5183031559 0.8551254272
-245.5 8.5 2145.7 -0.0048292084 -0.8451749682 -0.5344678760 0.9530211091 0.1579857171 -0.2584400773 0.3028653860 -0.5106072426 0.8047066927
82.0 262.6 2160.9 0.0788808390 0.7253927588 0.6838005185 -0.9935488105 0.1132696718 -0.0055469968 -0.0814776123 -0.6789516211 0.7296479344
104.1 -15.2 2138.1 -0.0806061253 0.7283453941 0.6804525256 -0.9529437423 0.1438396126 -0.2668489218 -0.2922342122 -0.6699426174 0.6824778318
-162.2 -121.3 2169.9 0.8865587115 -0.0002515712 -0.4626160860 -0.0011890751 0.9999952912 -0.0028225454 0.4626146257 0.0030524374 0.8865542412
-162.1 -513.0 2168.7 0.8839294314 0.0690797865 -0.4624896944 -0.0669182390 0.9975353479 0.0210999846 0.4628074169 0.0122980988 0.8863735199
18.2 -126.5 2180.1 0.9386115670 -0.0315301567 0.3435319364 0.0449966006 0.9984967709 -0.0312971473 -0.3420287371 0.0448336340 0.9386193752
30.5 -517.7 2162.5 0.9393976927 0.0104843099 0.3426689506 -0.0085553648 0.9999378920 -0.0071403282 -0.3427225351 0.0037759503 0.9394291043
-244.2 -257.3 2061.2 0 0 0 0 0 0 0 0 0
81.4 -283.7 2055.8 0 0 0 0 0 0 0 0 0
-188.1 -888.6 2164.1 0 0 0 0 0 0 0 0 0
26.6 -894.2 2161.1 0 0 0 0 0 0 0 0 0
-52.2 469.0 2137.5 1 0.9977821708 0.0400949530 -0.0531333610 -0.0361135490 0.9966127872 0.0738836676 0.0559157468 -0.0718009695 0.9958504438
-60.3 266.5 2152.1 0.9977821708 0.0400949530 -0.0531333610 -0.0361135490 0.9966127872 0.0738836676 0.0559157468 -0.0718009695 0.9958504438
-67.3 71.1 2164.3 0.9979323149 0.0356301516 -0.0534934662 -0.0321591645 0.9974057674 0.0644012913 0.0556493178 -0.0625478253 0.9964892864
-202.6 271.1 2144.2 0.1630249321 -0.8480199575 -0.5042668581 0.9866117835 0.1377979219 0.0872294456 -0.0044853785 -0.5117362142 0.8591309190
-246.0 8.3 2145.4 0.0013587526 -0.8482277989 -0.5296297669 0.9536114931 0.1605375111 -0.2546621561 0.3010369539 -0.5047150254 0.8090979457
81.9 261.9 2160.0 0.0716803521 0.7204369307 0.6898061633 -0.9942845106 0.1064716727 -0.0078796986 -0.0791216418 -0.6852987409 0.7239512205
101.8 -14.4 2138.0 -0.0685708746 0.7247282267 0.6856143475 -0.9537669420 0.1539508700 -0.2581234872 -0.2926203012 -0.6716160774 0.6806652546
-163.9 -121.0 2169.9 0.8902260661 -0.0046765581 -0.4554949999 0.0074435901 0.9999631047 0.0042812601 0.4554581642 -0.0072018071 0.8902280331
-162.0 -512.7 2172.7 0.8876821995 0.0675800964 -0.4554702938 -0.0759490728 0.9971116781 -0.0000740802 0.4541497529 0.0346583091 0.8902509809
16.5 -126.5 2181.4 0.9356866479 -0.0361934416 0.3509708643 0.0495747998 0.9983431101 -0.0292132720 -0.3493320048 0.0447337776 0.9359305501
30.6 -517.6 2163.9 0.9364908934 0.0147954440 0.3503796756 -0.0105497669 0.9998460412 -0.0140230898 -0.3505332172 0.0094360719 0.9365027547
-246.3 -257.7 2061.4 0 0 0 0 0 0 0 0 0
82.5 -283.1 2055.6 0 0 0 0 0 0 0 0 0
-187.5 -888.1 2159.7 0 0 0 0 0 0 0 0 0
25.1 -894.2 2160.3 0 0 0 0 0 0 0 0 0
-53.2 469.1 2136.9 2 0.9975498915 0.0344675556 -0.0608784743 -0.0298807621 0.9967575073 0.0747101903 0.0632561520 -0.0727080479 0.9953452945
-60.2 266.5 2151.7 0.9975498915 0.0344675556 -0.0608784743 -0.0298807621 0.9967575073 0.0747101903 0.0632561520 -0.0727080479 0.9953452945
-66.1 71.1 2164.2 0.9976719022 0.0301347561 -0.0611769743 -0.0261137318 0.9975110888 0.0654954910 0.0629983991 -0.0637454540 0.9959757328
-202.4 270.2 2142.7 0.1614567041 -0.8445386887 -0.5105742812 0.9868635535 0.1351968050 0.0884431601 -0.0056656590 -0.5181468725 0.8552728891
-245.4 6.8 2144.2 0.0176382083 -0.8444907069 -0.5352797508 0.9552033544 0.1724162102 -0.2405392975 0.2954241037 -0.5070583224 0.8097014427
82.0 262.8 2160.6 0.0718403980 0.7248356938 0.6851657629 -0.9939545393 0.1092080995 -0.0113138203 -0.0830263123 -0.6802108288 0.7282992601
102.0 -14.4 2137.5 -0.0739210993 0.7280477881 0.6815292239 -0.9553062320 0.1444483399 -0.2579237521 -0.2862266004 -0.6701351404 0.6848308444
-164.5 -121.3 2171.6 0.8868867755 -0.0072326441 -0.4619302154 0.0041928240 0.9999622703 -0.0076068006 0.4619677961 0.0048095793 0.8868836761
-161.7 -513.0 2169.7 0.8840170503 0.0714400187 -0.4619634449 -0.0711293444 0.9973025918 0.0181134902 0.4620113671 0.0168465208 0.8867139816
15.9 -127.2 2181.6 0.9380056858 -0.0390928127 0.3444083333 0.0522974692 0.9982066154 -0.0291300137 -0.3426519036 0.0453358032 0.9383679032
31.2 -518.2 2163.9 0.9387873411 0.0202064198 0.3439040482 -0.0153237684 0.9997395873 -0.0169099420 -0.3441561759 0.0106049329 0.9388525486
-250.4 -259.6 2061.8 0 0 0 0 0 0 0 0 0
81.2 -283.5 2056.9 0 0 0 0 0 0 0 0 0
-188.6 -888.5 2163.3 0 0 0 0 0 0 0 0 0
23.6 -894.7 2159.9 0 0 0 0 0 0 0 0 0
-53.5 468.2 2137.1 3 0.9979360104 0.0314106643 -0.0560096204 -0.0272117388 0.9968708754 0.0742159039 0.0581655279 -0.0725385994 0.9956680536
-59.9 265.7 2151.8 0.9979360104 0.0314106643 -0.0560096204 -0.0272117388 0.9968708754 0.0742159039 0.0581655279 -0.0725385994 0.9956680536
-65.2 70.3 2164.1 0.9980391264 0.0273539685 -0.0562999994 -0.0237125717 0.9976449609 0.0643601269 0.0579279177 -0.0628989115 0.9963373542
-202.1 269.1 2143.6 0.1659581661 -0.8461560607 -0.5064363480 0.9861317873 0.1416577995 0.0864709020 -0.0014272141 -0.5137635469 0.8579306602
-246.0 8.0 2143.9 0.0169244688 -0.8460628390 -0.5328144431 0.9537537098 0.1736109257 -0.2453837097 0.3001124561 -0.5040207505 0.8098738194
82.4 262.3 2160.1 0.0821218491 0.7211020589 0.6879446507 -0.9937261939 0.1118317321 0.0014020544 -0.0759230107 -0.6837437153 0.7257618308
105.3 -14.6 2138.9 -0.0929782316 0.7241055965 0.6833931208 -0.9506543279 0.1394810677 -0.2771306336 -0.2959922552 -0.6754377484 0.6754053831
-162.2 -121.9 2171.0 0.8892315626 0.0033578214 -0.4574450850 -0.0044019888 0.9999895692 -0.0012167601 0.4574362338 0.0030956496 0.8892370462
-163.5 -513.6 2169.7 0.8877355456 0.0526251420 -0.4573359489 -0.0517322272 0.9985559583 0.0144852204 0.4574378133 0.0107999621 0.8891760111
18.2 -126.6 2182.3 0.9364962578 -0.0326898284 0.3491505682 0.0450418591 0.9986115694 -0.0273151193 -0.3477728963 0.0413068980 0.9366684556
31.0 -517.8 2166.2 0.9368114471 0.0219484009 0.3491454422 -0.0132961590 0.9995427132 -0.0271587931 -0.3495818973 0.0208003763 0.9366748929
-250.8 -258.0 2060.2 0 0 0 0 0 0 0 0 0
79.1 -282.4 2055.5 0 0 0 0 0 0 0 0 0
-183.3 -889.6 2165.7 0 0 0 0 0 0 0 0 0
22.7 -894.2 2158.3 0 0 0 0 0 0 0 0 0
-53.5 468.2 2136.7 4 0.9981428385 0.0359958299 -0.0491446927 -0.0324414596 0.9969272017 0.0712999627 0.0515601821 -0.0695732161 0.9962434769
-60.8 265.6 2150.8 0.9981428385 0.0359958299 -0.0491446927 -0.0324414596 0.9969272017 0.0712999627 0.0515601821 -0.0695732161 0.9962434769
-66.9 70.2 2163.1 0.9982837439 0.0314665660 -0.0493904315 -0.0282751974 0.9975470304 0.0640348122 0.0512842350 -0.0625283867 0.9967247248
-203.1 269.6 2143.5 0.1614557505 -0.8502961397 -0.5009276271 0.9868748784 0.1374780685 0.0847219229 -0.0031721611 -0.5080317259 0.8613325357
-246.0 6.9 2144.4 0.0164169930 -0.8503097892 -0.5260263681 0.9513876438 0.1751118004 -0.2533720136 0.3075581491 -0.4962953627 0.8118490577
81.5 261.6 2158.1 0.0854293928 0.7172971368 0.6915103793 -0.9942926168 0.1058933064 0.0129930852 -0.0639064163 -0.6886736751 0.7222496271
105.3 -15.3 2140.3 -0.0871228501 0.7219735980 0.6864137053 -0.9492105246 0.1489547342 -0.2771496475 -0.3023392856 -0.6756971478 0.6723275781
-160.8 -122.9 2171.2 0.8922415972 0.0050621592 -0.4515300095 -0.0053853374 0.9999853373 0.0005693157 0.4515262544 0.0019236743 0.8922557831
-162.8 -514.6 2170.5 0.8904487491 0.0570467114 -0.4514938295 -0.0607672520 0.9981322885 0.0062681739 0.4510081410 0.0218545515 0.8922522068
19.6 -127.2 2181.7 0.9343771935 -0.0293860566 0.3550713658 0.0404424854 0.9988994598 -0.0237552859 -0.3539825082 0.0365563668 0.9345373511
31.2 -518.5 2167.4 0.9344849586 0.0227616876 0.3552742600 -0.0125711523 0.9994413853 -0.0309659932 -0.3557806313 0.0244710483 0.9342490435
-250.6 -258.5 2058.6 0 0 0 0 0 0 0 0 0
80.7 -282.7 2055.2 0 0 0 0 0 0 0 0 0
-184.2 -890.5 2162.2 0 0 0 0 0 0 0 0 0
22.6 -894.9 2158.2 0 0 0 0 0 0 0 0 0
-54.1 467.0 2137.5 5 0.9973671436 0.0327574275 -0.0646970645 -0.0283525474 0.9972914457 0.0678670928 0.0667449757 -0.0658540800 0.9955944419
-60.8 262.3 2151.0 0.9973671436 0.0327574275 -0.0646970645 -0.0283525474 0.9972914457 0.0678670928 0.0667449757 -0.0658540800 0.9955944419
-66.7 66.9 2162.9 0.9974481463 0.0298515204 -0.0648546070 -0.0257724132 0.9976903200 0.0628471747 0.0665808991 -0.0610153377 0.9959136844
-203.0 266.0 2141.5 0.1648603082 -0.8434622288 -0.5112656355 0.9861519337 0.1314776540 0.1010842100 -0.0180407073 -0.5208503604 0.8534573317
-246.3 6.8 2146.2 0.0189596228 -0.8436763287 -0.5365172625 0.9495124221 0.1832676679 -0.2546352148 0.3131559789 -0.5046020746 0.8045558333
81.3 258.7 2160.5 0.0816313252 0.7272054553 0.6815486550 -0.9937039614 0.1120361835 -0.0005222604 -0.0767378956 -0.6772149801 0.7317726016
103.8 -15.0 2139.3 -0.0726516694 0.7310246825 0.6784722805 -0.9514264464 0.1532647461 -0.2670161128 -0.2991812527 -0.6649156213 0.6843813062
-163.3 -122.6 2170.7 0.8852165937 -0.0010806235 -0.4651778340 0.0002866343 0.9999983907 -0.0017775745 0.4651789963 0.0014402026 0.8852154613
-162.9 -514.3 2170.1 0.8836656809 0.0526026003 -0.4651536345 -0.0536451153 0.9984993935 0.0110056465 0.4650345743 0.0152279083 0.8851615191
17.1 -127.7 2180.0 0.9394126534 -0.0351394676 0.3409824669 0.0486015640 0.9983365536 -0.0310159922 -0.3393253982 0.0457090996 0.9395578504
30.9 -518.8 2162.1 0.9402340651 0.0173848700 0.3400847912 -0.0155708287 0.9998462796 -0.0080626151 -0.3401726484 0.0022853434 0.9403601885
-251.6 -258.0 2058.9 0 0 0 0 0 0 0 0 0
83.3 -283.0 2055.1 0 0 0 0 0 0 0 0 0
-182.7 -890.4 2164.4 0 0 0 0 0 0 0 0 0
24.3 -895.3 2161.2 0 0 0 0 0 0 0 0 0
-54.0 465.9 2137.4 6 0.9976450205 0.0320073813 -0.0606620573 -0.0277273729 0.9971525073 0.0701289251 0.0627339706 -0.0682817772 0.9956917167
-60.6 262.5 2151.3 0.9976450205 0.0320073813 -0.0606620573 -0.0277273729 0.9971525073 0.0701289251 0.0627339706 -0.0682817772 0.9956917167
-66.2 67.1 2163.6 0.9977356195 0.0286699869 -0.0608410612 -0.0247493163 0.9976272583 0.0642441884 0.0625385791 -0.0625929385 0.9960778356
-202.8 266.0 2142.4 0.1622768044 -0.8450202942 -0.5095164180 0.9867013097 0.1340870708 0.0918762237 -0.0093177101 -0.5176498890 0.8555418253
-245.9 3.5 2144.9 0.0196445752 -0.8451443315 -0.5341771245 0.9490880966 0.1837722212 -0.2558507323 0.3143976927 -0.5019550323 0.8057265282
81.6 259.0 2160.2 0.0868202597 0.7239949703 0.6843197346 -0.9932880998 0.1156069115 0.0037098248 -0.0764262006 -0.6800487638 0.7291726470
105.8 -17.9 2138.9 -0.0840436742 0.7272623777 0.6811946034 -0.9499699473 0.1478988975 -0.2751053572 -0.3008217216 -0.6702352762 0.6784474850
-162.7 -126.2 2168.9 0.8871087432 -0.0007371252 -0.4615598619 0.0029538765 0.9999873042 0.0040802807 0.4615509808 -0.0049830438 0.8870996833
