61.6 490.9 2012.4 6 0.9952492118 0.0280627757 -0.0932280347 -0.0216546953 0.9973781705 0.0690498427 0.0949213356 -0.0667029768 0.9932475090
55.9 289.5 2025.9 0.9952492118 0.0280627757 -0.0932280347 -0.0216546953 0.9973781705 0.0690498427 0.0949213356 -0.0667029768 0.9932475090
50.7 91.3 2039.7 0.9953011274 0.0264175683 -0.0931547731 -0.0197550021 0.9972282648 0.0717319325 0.0947915614 -0.0695545971 0.9930642843
-89.4 292.3 2012.0 0.1990024894 -0.8242685795 -0.5300748348 0.9737710357 0.1054327711 0.2016280144 -0.1103083864 -0.5562959909 0.8236302733
-141.1 39.4 2040.7 -0.0175777040 -0.8242124915 -0.5660077333 0.9785491228 0.1020346731 -0.1789708734 0.2052624524 -0.5570122600 0.8047388792
201.3 286.6 2039.7 0.1163561940 0.9929952025 0.0205377452 -0.9924514294 0.1154360399 0.0414085872 0.0387477316 -0.0252008606 0.9989311695
232.8 18.0 2050.2 -0.0437341854 0.9977100492 0.0515942946 -0.9722921848 -0.0306354333 -0.2317528576 -0.2296415418 -0.0603002496 0.9714055061
-47.1 -105.7 2043.9 0.9633122683 0.0630414262 -0.2608740032 -0.0484601296 0.9969014525 0.0619603693 0.2639717460 -0.0470451973 0.9633824229
-72.2 -501.9 2062.6 0.9650788903 0.0454818085 -0.2579808533 -0.0190680400 0.9943966269 0.1039797813 0.2612644732 -0.0954295024 0.9605384469
135.6 -109.8 2059.5 0.9749299288 0.0726155937 -0.2103297859 -0.0648393258 0.9969408512 0.0436441042 0.2128555924 -0.0289123002 0.9766558409
106.7 -505.9 2071.0 0.9765945077 -0.0741648972 -0.2018977851 0.1045681164 0.9839864969 0.1443472803 0.1879591793 -0.1620808393 0.9687110782
-136.6 -215.0 1987.3 0 0 0 0 0 0 0 0 0
220.3 -259.8 1984.6 0 0 0 0 0 0 0 0 0
-89.5 -881.7 2099.0 0 0 0 0 0 0 0 0 0
135.0 -881.4 2132.9 0 0 0 0 0 0 0 0 0
60.6 491.6 2012.1 7 0.9954612851 0.0270430055 -0.0912441537 -0.0206193030 0.9972898960 0.0706236809 0.0929067507 -0.0684217513 0.9933211207
55.1 290.2 2025.9 0.9954612851 0.0270430055 -0.0912441537 -0.0206193030 0.9972898960 0.0706236809 0.0929067507 -0.0684217513 0.9933211207
49.7 92.0 2039.7 0.9954636693 0.0270560812 -0.0912141427 -0.0205310080 0.9972127676 0.0717300549 0.0929006413 -0.0695319474 0.9932445884
-90.3 293.2 2012.3 0.1935055703 -0.8264263868 -0.5287485719 0.9746503830 0.1002369672 0.2000228614 -0.1123040169 -0.5540505648 0.8248732090
-140.6 39.9 2041.5 -0.0104593541 -0.8265460730 -0.5627718568 0.9780743718 0.1086089164 -0.1776924282 0.2079930305 -0.5522912741 0.8072875738
200.5 287.2 2039.5 0.1215541735 0.9923446178 0.0218351465 -0.9916264415 0.1204409748 0.0465937927 0.0436072536 -0.0273159780 0.9986752272
233.2 20.2 2051.2 -0.0447004363 0.9974811077 0.0550758317 -0.9718461037 -0.0306526646 -0.2336141616 -0.2313374877 -0.0639678836 0.9707682729
-45.8 -105.1 2044.8 0.9636046886 0.0666729435 -0.2588835955 -0.0518103577 0.9966154695 0.0638224185 0.2622626424 -0.0480867289 0.9637976885
-72.3 -501.1 2064.0 0.9655519128 0.0449872054 -0.2562920451 -0.0198149271 0.9947934747 0.0999665707 0.2594548762 -0.0914445072 0.9614161849
136.7 -108.7 2062.2 0.9752906561 0.0732294694 -0.2084361613 -0.0654883832 0.9968911409 0.0438100696 0.2109963596 -0.0290774014 0.9770542383
107.6 -504.9 2073.8 0.9774881005 -0.0598410331 -0.2023265511 0.0851501822 0.9892612100 0.1187924966 0.1930451542 -0.1333463937 0.9720865488
-137.9 -214.3 1987.5 0 0 0 0 0 0 0 0 0
220.5 -257.6 1985.1 0 0 0 0 0 0 0 0 0
-89.5 -881.2 2098.9 0 0 0 0 0 0 0 0 0
130.4 -882.4 2124.7 0 0 0 0 0 0 0 0 0
60.3 491.0 2012.4 8 0.9955390692 0.0255006421 -0.0908388644 -0.0189382173 0.9971969128 0.0723856017 0.0924301147 -0.0703423694 0.9932314157
55.1 289.6 2026.6 0.9955390692 0.0255006421 -0.0908388644 -0.0189382173 0.9971969128 0.0723856017 0.0924301147 -0.0703423694 0.9932314157
50.0 91.4 2040.7 0.9955388308 0.0255373362 -0.0908312872 -0.0189479385 0.9971751571 0.0726818889 0.0924308002 -0.0706365705 0.9932104349
-90.3 292.4 2013.1 0.2027544975 -0.8252064586 -0.5271858573 0.9724618196 0.1064960733 0.2073078454 -0.1149285436 -0.5547007322 0.8240743279
-142.2 43.4 2042.5 -0.0118425712 -0.8252418637 -0.5646553040 0.9775810838 0.1091666371 -0.1800495833 0.2102259696 -0.5541285872 0.8054480553
200.6 286.8 2040.1 0.1229084879 0.9921545386 0.0228668042 -0.9916240573 0.1218560785 0.0428111292 0.0396887958 -0.0279371254 0.9988214374
233.4 22.0 2050.7 -0.0432730503 0.9974972010 0.0559174977 -0.9721171856 -0.0291285329 -0.2326793522 -0.2304682136 -0.0644271076 0.9709446430
-47.0 -104.3 2045.0 0.9636625051 0.0658350438 -0.2588827610 -0.0523316972 0.9969019890 0.0587176606 0.2619464099 -0.0430362336 0.9641223550
-73.1 -500.4 2062.1 0.9659985900 0.0343350992 -0.2562572956 -0.0099849533 0.9953577518 0.0957251042 0.2583543956 -0.0899116024 0.9618570209
135.6 -108.0 2062.1 0.9758688807 0.0653450489 -0.2083504200 -0.0583059303 0.9975068569 0.0397560485 0.2104288191 -0.0266486257 0.9772459269
109.7 -504.4 2072.7 0.9787071943 -0.0447014719 -0.2003347129 0.0746057332 0.9867166877 0.1443059295 0.1912229061 -0.1561793685 0.9690417051
-139.1 -210.7 1987.9 0 0 0 0 0 0 0 0 0
221.0 -255.9 1984.9 0 0 0 0 0 0 0 0 0
-86.2 -880.8 2096.5 0 0 0 0 0 0 0 0 0
126.7 -881.1 2132.3 0 0 0 0 0 0 0 0 0
60.4 491.5 2007.1 9 0.9965425730 0.0242002588 -0.0794814005 -0.0173161570 0.9961284399 0.0861871913 0.0812594369 -0.0845128894 0.9931034446
55.5 290.1 2024.2 0.9965425730 0.0242002588 -0.0794814005 -0.0173161570 0.9961284399 0.0861871913 0.0812594369 -0.0845128894 0.9931034446
50.8 92.2 2040.7 0.9965519905 0.0236891825 -0.0795167983 -0.0169227384 0.9962615371 0.0847145766 0.0812263489 -0.0830768421 0.9932273030
-90.1 292.6 2012.3 0.2009962499 -0.8299672604 -0.5203410983 0.9728651643 0.1069830507 0.2051535398 -0.1146030426 -0.5474568605 0.8289493918
-142.3 40.0 2042.1 -0.0141651407 -0.8300164342 -0.5575590134 0.9758505821 0.1100850701 -0.1886714697 0.2179793417 -0.5467668176 0.8084126711
201.1 287.7 2036.0 0.1205939502 0.9921076298 0.0343447141 -0.9914469123 0.1186302379 0.0544052087 0.0499015003 -0.0406119004 0.9979280829
233.3 22.2 2049.4 -0.0358044617 0.9970633388 0.0676958188 -0.9720208645 -0.0190092791 -0.2341241688 -0.2321497798 -0.0741844326 0.9698469639
-46.3 -105.0 2046.2 0.9661379457 0.0693917125 -0.2485200912 -0.0559792817 0.9965884686 0.0606440715 0.2518804669 -0.0446785614 0.9667264819
-73.9 -501.1 2064.0 0.9685575366 0.0310133602 -0.2468491942 -0.0105815148 0.9964372516 0.0836707726 0.2485646456 -0.0784279108 0.9654349685
136.3 -108.5 2063.2 0.9780483246 0.0659849718 -0.1976548284 -0.0583612993 0.9973184466 0.0441570692 0.2000385225 -0.0316523537 0.9792766571
110.1 -504.8 2075.8 0.9800065756 -0.0483154692 -0.1930096000 0.0701818243 0.9916586280 0.1081096604 0.1861762553 -0.1194939464 0.9752228260
-138.6 -213.7 1985.4 0 0 0 0 0 0 0 0 0
223.1 -255.7 1983.1 0 0 0 0 0 0 0 0 0
-85.8 -881.8 2094.0 0 0 0 0 0 0 0 0 0
128.5 -883.3 2121.4 0 0 0 0 0 0 0 0 0
60.4 492.9 2009.4 0 0.9966674447 0.0228536241 -0.0783054158 -0.0165525395 0.9966419339 0.0801924616 0.0798751563 -0.0786290616 0.9936988354
55.8 291.4 2025.3 0.9966674447 0.0228536241 -0.0783054158 -0.0165525395 0.9966419339 0.0801924616 0.0798751563 -0.0786290616 0.9936988354
51.1 93.4 2040.4 0.9966521263 0.0233219396 -0.0783623308 -0.0172140002 0.9968253970 0.0777354464 0.0799265057 -0.0761262700 0.9938896298
-89.8 294.0 2013.6 0.1948582977 -0.8319667578 -0.5194820166 0.9744863510 0.1040685028 0.1988619864 -0.1113848537 -0.5449780226 0.8310188651
-140.8 38.9 2042.8 -0.0078864563 -0.8321554065 -0.5544864535 0.9746639729 0.1175580844 -0.1902900338 0.2235352397 -0.5419386625 0.8101447225
201.4 288.9 2037.0 0.1190036312 0.9922857881 0.0347432159 -0.9916688204 0.1170463488 0.0537879728 0.0493064746 -0.0408547260 0.9979477525
233.3 22.8 2050.2 -0.0341767073 0.9970912933 0.0681238696 -0.9707541466 -0.0169121046 -0.2394794524 -0.2376307547 -0.0743161440 0.9685084820
-45.3 -104.2 2049.7 0.9657056332 0.0795949176 -0.2471380681 -0.0674635246 0.9960814714 0.0571871102 0.2507214546 -0.0385531113 0.9672912955
-76.9 -500.1 2065.1 0.9687127471 -0.0162455644 -0.2476522624 0.0296989810 0.9982730150 0.0506850705 0.2464011610 -0.0564542934 0.9675222635
137.5 -107.3 2064.6 0.9776938558 0.0742394775 -0.1964770854 -0.0681358427 0.9969652295 0.0376541615 0.1986762434 -0.0234271102 0.9797851443
108.0 -503.5 2074.0 0.9792136550 -0.0664147958 -0.1916499585 0.0863523558 0.9914702773 0.0976212770 0.1835317463 -0.1121415123 0.9765962958
-138.8 -214.4 1984.7 0 0 0 0 0 0 0 0 0
223.5 -254.6 1982.3 0 0 0 0 0 0 0 0 0
-70.7 -881.0 2086.6 0 0 0 0 0 0 0 0 0
133.3 -882.1 2116.8 0 0 0 0 0 0 0 0 0
60.2 492.0 2010.6 1 0.9967833757 0.0237864610 -0.0765316263 -0.0179079603 0.9969009757 0.0766008645 0.0781165138 -0.0749839395 0.9941202998
55.4 290.6 2025.7 0.9967833757 0.0237864610 -0.0765316263 -0.0179079603 0.9969009757 0.0766008645 0.0781165138 -0.0749839395 0.9941202998
50.8 92.4 2040.2 0.9967889786 0.0233767424 -0.0765846372 -0.0176702999 0.9970749021 0.0743595958 0.0780989081 -0.0727675483 0.9942864180
-90.2 293.1 2014.3 0.1923885494 -0.8335512877 -0.5178599358 0.9750584364 0.1028620228 0.1966734678 -0.1106693000 -0.5427814126 0.8325507045
-140.1 40.1 2043.1 -0.0022496227 -0.8337640166 -0.5521163344 0.9743455052 0.1224247143 -0.1888464838 0.2250460982 -0.5383769274 0.8120988607
201.1 288.0 2037.2 0.1207706705 0.9920130968 0.0363929309 -0.9915803075 0.1188302338 0.0514569804 0.0467214175 -0.0423010103 0.9980118871
233.2 24.2 2049.6 -0.0304388534 0.9971010089 0.0697353557 -0.9713637829 -0.0130612049 -0.2372377515 -0.2356391847 -0.0749596432 0.9689454436
-44.9 -103.1 2048.2 0.9669362307 0.0722641945 -0.2445654571 -0.0580055118 0.9961966276 0.0650203004 0.2483339310 -0.0486843400 0.9674503207
-73.6 -499.0 2067.6 0.9690381885 0.0198335778 -0.2461129278 -0.0095680002 0.9990362525 0.0428368635 0.2467253506 -0.0391557515 0.9682940841
137.9 -106.3 2062.9 0.9777531028 0.0777209997 -0.1948289126 -0.0726449415 0.9968092442 0.0330761857 0.1967779696 -0.0181870107 0.9802793860
107.0 -502.4 2070.1 0.9797938466 -0.0710135922 -0.1869787425 0.0951288417 0.9877958894 0.1233280152 0.1759388596 -0.1386231035 0.9745917916
-139.5 -213.1 1984.6 0 0 0 0 0 0 0 0 0
224.5 -253.5 1982.2 0 0 0 0 0 0 0 0 0
-81.2 -880.2 2082.5 0 0 0 0 0 0 0 0 0
134.1 -879.6 2123.1 0 0 0 0 0 0 0 0 0
59.3 492.4 2010.7 2 0.9962329865 0.0169064272 -0.0850531682 -0.0104086008 0.9970330000 0.0762684569 0.0860902444 -0.0750958696 0.9934530854
55.8 290.6 2025.9 0.9962329865 0.0169064272 -0.0850531682 -0.0104086008 0.9970330000 0.0762684569 0.0860902444 -0.0750958696 0.9934530854
53.2 92.5 2040.3 0.9962880611 0.0129971849 -0.0850952938 -0.0067357449 0.9972754717 0.0734591931 0.0858182088 -0.0726133361 0.9936611652
-89.7 291.6 2013.3 0.1938015670 -0.8290480375 -0.5245190859 0.9744392037 0.1007530391 0.2007910460 -0.1136185303 -0.5500255823 0.8273830414
-139.8 39.9 2042.7 -0.0066414368 -0.8294888735 -0.5584837198 0.9720810056 0.1256435513 -0.1981721967 0.2345515043 -0.5442075729 0.8054959178
201.4 289.6 2038.4 0.1190144271 0.9924704432 0.0289475434 -0.9920333028 0.1176482588 0.0450420156 0.0412972420 -0.0340775773 0.9985656142
233.3 23.5 2049.5 -0.0289769620 0.9977158904 0.0610187389 -0.9722169042 -0.0139457388 -0.2336660326 -0.2322813570 -0.0660943836 0.9704003930
-45.3 -104.1 2047.5 0.9652100205 0.0681012943 -0.2524516582 -0.0528095849 0.9963632226 0.0668693557 0.2560874522 -0.0512111001 0.9652961493
-72.3 -500.0 2067.9 0.9667219520 0.0392521732 -0.2528001666 -0.0243738089 0.9977958202 0.0617205314 0.2546656132 -0.0535048917 0.9655478597
137.6 -107.3 2061.8 0.9760239124 0.0802297518 -0.2023375630 -0.0743081868 0.9965595603 0.0367067307 0.2045864016 -0.0207913108 0.9786276817
105.7 -503.4 2070.1 0.9786074162 -0.0711155236 -0.1930547804 0.0989503860 0.9853931665 0.1385970712 0.1803784519 -0.1547349691 0.9713499546
-138.0 -212.7 1981.7 0 0 0 0 0 0 0 0 0
225.0 -254.4 1983.1 0 0 0 0 0 0 0 0 0
-87.3 -881.0 2088.3 0 0 0 0 0 0 0 0 0
132.9 -879.8 2129.2 0 0 0 0 0 0 0 0 0
59.9 491.3 2011.2 3 0.9958679080 0.0140842898 -0.0897146091 -0.0074361772 0.9972297549 0.0740104914 0.0905084610 -0.0730375424 0.9932138324
57.0 289.7 2026.0 0.9958679080 0.0140842898 -0.0897146091 -0.0074361772 0.9972297549 0.0740104914 0.0905084610 -0.0730375424 0.9932138324
54.8 91.5 2040.0 0.9959019423 0.0111650992 -0.0897479728 -0.0047502671 0.9974383116 0.0713742822 0.0903149694 -0.0706554577 0.9934037328
-88.5 290.4 2012.8 0.1966611892 -0.8262974620 -0.5277848244 0.9738931656 0.1023740172 0.2026120871 -0.1133864000 -0.5538519621 0.8248584867
-139.4 38.2 2042.2 -0.0012225767 -0.8266679049 -0.5626888275 0.9724721313 0.1301327795 -0.1932960302 0.2330158800 -0.5474355221 0.8037524223
202.5 289.0 2039.2 0.1192991510 0.9925305843 0.0255088862 -0.9923986197 0.1184227839 0.0334814563 0.0302105360 -0.0293092933 0.9991137385
234.3 24.5 2047.2 -0.0335744470 0.9979460239 0.0545576178 -0.9761705399 -0.0210340731 -0.2159829736 -0.2143917680 -0.0605090484 0.9748716950
-40.7 -105.1 2046.9 0.9634108543 0.0759806335 -0.2570340335 -0.0616329983 0.9960809946 0.0634350628 0.2608465552 -0.0452722497 0.9643181562
-70.9 -500.9 2064.9 0.9657961130 0.0515107475 -0.2541348934 -0.0269439146 0.9947006106 0.0992207155 0.2578990459 -0.0889795870 0.9620658755
142.0 -106.3 2062.6 0.9738511443 0.0973099917 -0.2052917629 -0.0884376466 0.9947243929 0.0519822016 0.2092671096 -0.0324674062 0.9773193598
103.4 -501.6 2075.5 0.9762787819 -0.0843603760 -0.1994068176 0.1075836942 0.9882426262 0.1086379737 0.1878975779 -0.1275138706 0.9738761187
-139.1 -214.6 1981.6 0 0 0 0 0 0 0 0 0
224.7 -254.5 1986.0 0 0 0 0 0 0 0 0 0
-90.6 -880.6 2098.8 0 0 0 0 0 0 0 0 0
135.6 -879.0 2124.2 0 0 0 0 0 0 0 0 0
59.7 493.8 2006.5 4 0.9959214330 0.0140672307 -0.0891212001 -0.0064128540 0.9963091016 0.0855981708 0.0899963975 -0.0846775323 0.9923357964
56.8 292.3 2023.6 0.9959214330 0.0140672307 -0.0891212001 -0.0064128540 0.9963091016 0.0855981708 0.0899963975 -0.0846775323 0.9923357964
54.7 94.2 2039.6 0.9959559441 0.0109047005 -0.0891788453 -0.0036603310 0.9967075586 0.0809975639 0.0897684842 -0.0803435817 0.9927167296
-88.7 292.8 2010.5 0.1914981753 -0.8267982006 -0.5288980603 0.9745199680 0.0960497037 0.2026951611 -0.1167874932 -0.5542374849 0.8241246939
-139.1 36.0 2041.3 0.0027769371 -0.8272340298 -0.5618506074 0.9733141661 0.1311589777 -0.1882997751 0.2294597328 -0.5463342667 0.8055228591
202.3 291.8 2036.7 0.1215955168 0.9922376275 0.0260586999 -0.9917747974 0.1203979179 0.0434413552 0.0399667323 -0.0311266351 0.9987160563
235.2 23.9 2047.5 -0.0354613177 0.9978175759 0.0557003208 -0.9781717062 -0.0232361369 -0.2064949274 -0.2047500014 -0.0618070625 0.9768609405
-38.8 -106.3 2045.8 0.9626954198 0.0848784968 -0.2569302320 -0.0698279440 0.9952955246 0.0671627894 0.2614221871 -0.0467164032 0.9640933871
-72.5 -501.8 2064.4 0.9663290977 0.0331166014 -0.2551693916 -0.0111153629 0.9961299896 0.0871865675 0.2570692003 -0.0814146176 0.9629574418
143.9 -107.2 2062.4 0.9734132290 0.1006478295 -0.2057588995 -0.0920308530 0.9944464564 0.0510540716 0.2097547054 -0.0307605397 0.9772700667
103.9 -502.4 2074.6 0.9756379724 -0.0886201933 -0.2006911933 0.1101416871 0.9890007377 0.0987236947 0.1897348166 -0.1184230521 0.9746674895
-139.9 -217.0 1981.6 0 0 0 0 0 0 0 0 0
225.0 -255.7 1989.0 0 0 0 0 0 0 0 0 0
-85.1 -882.2 2095.4 0 0 0 0 0 0 0 0 0
137.8 -880.2 2119.8 0 0 0 0 0 0 0 0 0
58.7 493.4 2008.6 5 0.9954615831 0.0151702361 -0.0939472839 -0.0076468880 0.9967712760 0.0799285695 0.0948564857 -0.0788474157 0.9923635125
55.6 291.7 2024.6 0.9954615831 0.0151702361 -0.0939472839 -0.0076468880 0.9967712760 0.0799285695 0.0948564857 -0.0788474157 0.9923635125
53.2 93.5 2039.3 0.9954985976 0.0119528091 -0.0940192714 -0.0049242293 0.9971986413 0.0746364146 0.0946480036 -0.0738374814 0.9927687645
-89.8 292.4 2010.8 0.1855753064 -0.8259527683 -0.5323193073 0.9755802155 0.0900912732 0.2003167272 -0.1174948215 -0.5564940572 0.8225018978
-138.2 38.3 2041.4 0.0046713739 -0.8265884519 -0.5627874732 0.9727339149 0.1342564225 -0.1891136616 0.2318769991 -0.5465590358 0.8046777248
201.0 290.9 2038.4 0.1291055083 0.9914226532 0.0203211010 -0.9907967448 0.1281294674 0.0436422303 0.0406641625 -0.0257685333 0.9988405108
235.5 26.7 2049.3 -0.0375670865 0.9979129434 0.0525209606 -0.9773525000 -0.0257381480 -0.2100467235 -0.2082565576 -0.0592223369 0.9762796164
-38.8 -103.5 2047.3 0.9616396427 0.0833871588 -0.2613345087 -0.0687552691 0.9955361485 0.0646571070 0.2655595243 -0.0442087129 0.9630803466
-72.0 -499.1 2064.9 0.9650864601 0.0344043374 -0.2596621215 -0.0129137933 0.9963803887 0.0840202644 0.2616128922 -0.0777335986 0.9620375037
143.8 -104.2 2063.8 0.9724716544 0.0984610021 -0.2111973464 -0.0924126431 0.9949821830 0.0383445807 0.2139130384 -0.0177717134 0.9766910076
104.7 -499.5 2070.9 0.9760531783 -0.0783055127 -0.2029493451 0.1032117084 0.9879674315 0.1151855066 0.1914876699 -0.1333739311 0.9723907709
-139.4 -214.6 1981.1 0 0 0 0 0 0 0 0 0
224.7 -252.6 1989.7 0 0 0 0 0 0 0 0 0
-85.1 -879.7 2094.6 0 0 0 0 0 0 0 0 0
134.6 -877.0 2121.8 0 0 0 0 0 0 0 0 0
58.9 493.4 2005.7 6 0.9960297346 0.0190126617 -0.0869668871 -0.0114881974 0.9962101579 0.0862169489 0.0882765055 -0.0848755538 0.9924733639
55.1 291.4 2022.9 0.9960297346 0.0190126617 -0.0869668871 -0.0114881974 0.9962101579 0.0862169489 0.0882765055 -0.0848755538 0.9924733639
52.0 93.3 2038.6 0.9960821867 0.0154355783 -0.0870748907 -0.0084554804 0.9967615604 0.0799683779 0.0880272612 -0.0789188147 0.9929869175
-90.4 292.6 2010.0 0.1811001897 -0.8298897743 -0.5277174711 0.9763918519 0.0874832049 0.1974983662 -0.1177354604 -0.5510259867 0.8261408210
-137.9 36.8 2040.9 0.0040508821 -0.8305992484 -0.5568558574 0.9725493193 0.1328335106 -0.1910579354 0.2326616943 -0.5407958031 0.8083367944
200.6 290.2 2035.8 0.1272168159 0.9915457368 0.0255518463 -0.9902020693 0.1254645884 0.0613062605 0.0575821102 -0.0331006795 0.9977918863
234.5 26.1 2051.1 -0.0327688307 0.9975890517 0.0611744300 -0.9737195969 -0.0180625934 -0.2270328552 -0.2253805101 -0.0670063421 0.9719638824
-40.4 -104.2 2045.3 0.9637517333 0.0808361173 -0.2542600632 -0.0637304634 0.9951583147 0.0748225600 0.2590773702 -0.0559062622 0.9642372131
-72.6 -499.7 2067.5 0.9666994810 0.0246964823 -0.2547197938 -0.0072753411 0.9975824952 0.0691101030 0.2558107674 -0.0649555251 0.9645422101
142.2 -105.1 2062.6 0.9739100933 0.0959762037 -0.2056397796 -0.0911903083 0.9952981472 0.0326482542 0.2078063488 -0.0130441114 0.9780830145
104.0 -500.6 2067.8 0.9768919349 -0.0891578272 -0.1942499578 0.1172822639 0.9834002256 0.1384518445 0.1786813885 -0.1580345631 0.9711323380
-138.9 -216.0 1980.4 0 0 0 0 0 0 0 0 0
225.2 -252.1 1986.7 0 0 0 0 0 0 0 0 0
-82.0 -880.8 2092.3 0 0 0 0 0 0 0 0 0
138.1 -876.2 2128.2 0 0 0 0 0 0 0 0 0
58.8 492.5 2008.2 7 0.9961283207 0.0221275650 -0.0850810111 -0.0153775802 0.9967410564 0.0791881606 0.0865559801 -0.0775732324 0.9932222366
54.3 290.8 2023.9 0.9961283207 0.0221275650 -0.0850810111 -0.0153775802 0.9967410564 0.0791881606 0.0865559801 -0.0775732324 0.9932222366
50.4 92.6 2038.5 0.9961760044 0.0194797218 -0.0851702094 -0.0130929705 0.9971040487 0.0749136060 0.0863828585 -0.0735120028 0.9935461879
-91.2 292.7 2011.3 0.1786057353 -0.8314033151 -0.5261829495 0.9774068594 0.0884866193 0.1919530183 -0.1130302250 -0.5485787392 0.8284235597
-137.9 37.2 2040.9 0.0030194430 -0.8321132660 -0.5545975566 0.9721329212 0.1324473619 -0.1934302002 0.2344108075 -0.5385584831 0.8093246222
199.8 288.9 2036.6 0.1289355606 0.9913101196 0.0260738861 -0.9897021651 0.1269889772 0.0660564303 0.0621713139 -0.0343224034 0.9974751472
234.1 26.0 2053.1 -0.0305940751 0.9974905252 0.0638485774 -0.9715531468 -0.0146688968 -0.2363668084 -0.2348370701 -0.0692637116 0.9695638418
-42.4 -103.9 2046.2 0.9650589228 0.0717975050 -0.2520047724 -0.0542513132 0.9956380129 0.0759057775 0.2563553751 -0.0595819615 0.9647444487
-70.9 -499.6 2069.9 0.9663315415 0.0480596833 -0.2527718246 -0.0325847752 0.9973493814 0.0650570914 0.2552284598 -0.0546302050 0.9653362036
140.3 -105.5 2062.3 0.9750684500 0.0887381360 -0.2033888996 -0.0835141614 0.9959214926 0.0341424383 0.2055891305 -0.0163053609 0.9785025716
105.1 -501.3 2068.8 0.9781374931 -0.0755382031 -0.1937551051 0.1021402329 0.9860802293 0.1311989278 0.1811475456 -0.1481207907 0.9722375274
-138.7 -215.5 1979.9 0 0 0 0 0 0 0 0 0
225.3 -251.7 1985.9 0 0 0 0 0 0 0 0 0
-89.3 -880.6 2090.7 0 0 0 0 0 0 0 0 0
133.9 -878.0 2125.4 0 0 0 0 0 0 0 0 0
58.9 494.4 2010.0 8 0.9964353442 0.0256139189 -0.0803776905 -0.0193816740 0.9968131781 0.0773810223 0.0821035802 -0.0755473301 0.9937562943
53.7 293.1 2025.3 0.9964353442 0.0256139189 -0.0803776905 -0.0193816740 0.9968131781 0.0773810223 0.0821035802 -0.0755473301 0.9937562943
48.9 95.0 2039.4 0.9964613914 0.0242276955 -0.0804845020 -0.0183396172 0.9971553683 0.0731079429 0.0820267946 -0.0713731870 0.9940711856
-91.8 295.8 2013.3 0.1831592619 -0.8335621953 -0.5211783051 0.9764134288 0.0925978869 0.1950447112 -0.1143218875 -0.5446097255 0.8308614492
-139.8 40.4 2043.2 -0.0033766124 -0.8343120217 -0.5512821674 0.9705332518 0.1300952584 -0.2028310746 0.2409435958 -0.5357225537 0.8092882633
199.3 290.4 2037.2 0.1284061670 0.9912567139 0.0303640049 -0.9897737503 0.1261758059 0.0665404350 0.0621274523 -0.0385976955 0.9973216057
233.8 24.3 2053.9 -0.0291429814 0.9972204566 0.0685717687 -0.9700327516 -0.0116600804 -0.2426942885 -0.2412201464 -0.0735896900 0.9676762819
-44.8 -104.3 2045.2 0.9663317204 0.0703580454 -0.2474928647 -0.0534931198 0.9958055615 0.0742277205 0.2516772747 -0.0584894419 0.9660422206
-72.8 -500.1 2068.5 0.9684321880 0.0315871648 -0.2472677529 -0.0127550242 0.9969188571 0.0773957148 0.2489506006 -0.0717985928 0.9658511877
137.9 -106.7 2061.1 0.9770097733 0.0811921954 -0.1971285939 -0.0718773603 0.9959523678 0.0539681800 0.2007124871 -0.0385583565 0.9788910747
105.7 -502.4 2076.4 0.9782222509 -0.0714441016 -0.1948769391 0.0885844156 0.9927944541 0.0806967691 0.1877074242 -0.0962024331 0.9775024652
-138.9 -211.9 1980.6 0 0 0 0 0 0 0 0 0
225.5 -252.9 1985.0 0 0 0 0 0 0 0 0 0
-84.8 -880.8 2095.9 0 0 0 0 0 0 0 0 0
132.9 -881.2 2113.1 0 0 0 0 0 0 0 0 0
58.7 492.8 2012.4 9 0.9966083765 0.0282623265 -0.0772854015 -0.0227029026 0.9971541762 0.0718893260 0.0790972188 -0.0698909014 0.9944138527
53.0 291.3 2026.5 0.9966083765 0.0282623265 -0.0772854015 -0.0227029026 0.9971541762 0.0718893260 0.0790972188 -0.0698909014 0.9944138527
48.0 93.1 2039.3 0.9966751337 0.0253360420 -0.0774388760 -0.0202178191 0.9976029992 0.0661775470 0.0789299309 -0.0643918663 0.9947983623
-92.6 294.2 2015.0 0.1811150312 -0.8353018165 -0.5191032887 0.9777615666 0.0961897522 0.1863595396 -0.1057340428 -0.5413117409 0.8341473937
-139.3 41.8 2042.3 0.0015673707 -0.8357461691 -0.5491137505 0.9722031951 0.1298397481 -0.1948398799 0.2341334671 -0.5335447788 0.8127185702
198.6 288.3 2038.0 0.1310617924 0.9908472896 0.0323173702 -0.9893680215 0.1286542416 0.0678158253 0.0630373582 -0.0408618338 0.9971743226
233.5 25.2 2054.8 -0.0319130793 0.9969461560 0.0712734759 -0.9702904820 -0.0137909958 -0.2415495664 -0.2398289740 -0.0768645704 0.9677674770
-47.3 -101.5 2046.1 0.9675226212 0.0630287081 -0.2448006719 -0.0488236956 0.9967757463 0.0636740774 0.2480246574 -0.0496540368 0.9674803615
-72.3 -497.6 2065.8 0.9694527388 0.0335034393 -0.2429791689 -0.0116058299 0.9957833290 0.0909990072 0.2450033873 -0.0853992626 0.9657537341
135.5 -104.9 2061.1 0.9784617424 0.0704119951 -0.1940482855 -0.0620875172 0.9968838096 0.0486596338 0.1968698204 -0.0355636142 0.9797844291
107.5 -501.0 2075.3 0.9800013304 -0.0563038662 -0.1908592731 0.0748229176 0.9930129647 0.0912509486 0.1843879521 -0.1037067026 0.9773668647
-139.7 -210.9 1981.4 0 0 0 0 0 0 0 0 0
224.4 -252.2 1986.3 0 0 0 0 0 0 0 0 0
-85.1 -878.0 2098.5 0 0 0 0 0 0 0 0 0
129.0 -880.1 2114.9 0 0 0 0 0 0 0 0 0
58.6 494.7 2012.1 0 0.9965955019 0.0302888732 -0.0766812339 -0.0247332696 0.9970695972 0.0723912418 0.0786491781 -0.0702482015 0.9944242239
52.4 293.2 2026.3 0.9965955019 0.0302888732 -0.0766812339 -0.0247332696 0.9970695972 0.0723912418 0.0786491781 -0.0702482015 0.9944242239
46.8 94.9 2039.2 0.9966446757 0.0282113217 -0.0768343359 -0.0230563860 0.9974750280 0.0671713427 0.0785353184 -0.0651744381 0.9947786331
-93.2 296.5 2014.8 0.1754488945 -0.8362968564 -0.5194470286 0.9789788127 0.0924613327 0.1818003207 -0.1040102765 -0.5404242873 0.8349391818
-139.1 40.0 2042.1 0.0029480478 -0.8368567824 -0.5474139452 0.9717022777 0.1316923946 -0.1960911900 0.2361904979 -0.5313453078 0.8135638833
198.0 289.8 2037.7 0.1322727203 0.9906683564 0.0328648984 -0.9891414046 0.1297809482 0.0689653233 0.0640565231 -0.0416302606 0.9970775843
233.7 23.4 2055.0 -0.0351992287 0.9967802763 0.0720425323 -0.9707881212 -0.0169832595 -0.2393366098 -0.2373424917 -0.0783624947 0.9682602286
-48.4 -103.3 2044.9 0.9680148959 0.0569826849 -0.2443361878 -0.0427541025 0.9970877767 0.0631512329 0.2472231537 -0.0506849587 0.9676320553
-71.1 -499.6 2065.0 0.9695907831 0.0347267427 -0.2422555983 -0.0113974921 0.9952147603 0.0970448703 0.2444663942 -0.0913327038 0.9653468132
134.4 -107.0 2059.3 0.9787562490 0.0683871955 -0.1932857484 -0.0591838732 0.9968390465 0.0530015267 0.1962994039 -0.0404361747 0.9797098637
107.2 -503.2 2075.4 0.9799737930 -0.0554818437 -0.1912411451 0.0722064748 0.9940444827 0.0816196129 0.1855738014 -0.0937939286 0.9781436920
-139.9 -212.6 1980.7 0 0 0 0 0 0 0 0 0
223.6 -254.1 1987.2 0 0 0 0 0 0 0 0 0
-84.4 -879.8 2099.9 0 0 0 0 0 0 0 0 0
128.4 -882.8 2111.2 0 0 0 0 0 0 0 0 0
58.7 492.7 2008.4 1 0.9962575436 0.0329076722 -0.0799249038 -0.0263215974 0.9962762594 0.0821025968 0.0823290870 -0.0796915814 0.9934139252
52.0 291.2 2024.5 0.9962575436 0.0329076722 -0.0799249038 -0.0263215974 0.9962762594 0.0821025968 0.0823290870 -0.0796915814 0.9934139252
46.1 93.1 2038.9 0.9963287711 0.0300295576 -0.0801700205 -0.0240662806 0.9969425201 0.0743397102 0.0821572915 -0.0721374005 0.9940052032
-93.5 294.7 2012.5 0.1805301458 -0.8338482976 -0.5216376781 0.9772945642 0.0922612697 0.1907439232 -0.1109245494 -0.5442286730 0.8315713406
-140.5 40.4 2041.4 -0.0072893673 -0.8345458508 -0.5508903265 0.9715698361 0.1244594082 -0.2013998181 0.2366408706 -0.5366964936 0.8099123240
197.6 287.6 2036.5 0.1333053261 0.9906321764 0.0296242312 -0.9885541797 0.1307762712 0.0752209723 0.0706421658 -0.0393125117 0.9967267513
233.1 24.1 2055.4 -0.0343216211 0.9970547557 0.0685844645 -0.9736069441 -0.0178632811 -0.2275310904 -0.2256358117 -0.0745835453 0.9713525772
-50.2 -101.2 2045.0 0.9674790502 0.0489543937 -0.2481686920 -0.0352039747 0.9976044893 0.0595482551 0.2504893541 -0.0488751680 0.9668848515
-69.6 -497.6 2064.4 0.9678879976 0.0489196852 -0.2465760261 -0.0274766199 0.9955927134 0.0896672383 0.2498757839 -0.0800127611 0.9649663568
132.6 -105.4 2059.4 0.9784231782 0.0631328896 -0.1967290640 -0.0526277423 0.9969178438 0.0581820495 0.1997959167 -0.0465732589 0.9787300825
107.5 -501.6 2077.9 0.9784144759 -0.0645302683 -0.1963184178 0.0785739422 0.9948129654 0.0646008179 0.1911314130 -0.0786318928 0.9784098268
-138.6 -212.2 1979.9 0 0 0 0 0 0 0 0 0
223.3 -254.2 1990.9 0 0 0 0 0 0 0 0 0
-88.3 -878.0 2095.0 0 0 0 0 0 0 0 0 0
132.2 -881.6 2107.9 0 0 0 0 0 0 0 0 0
58.5 490.5 2005.6 2 0.9964368939 0.0343023315 -0.0770509392 -0.0275914334 0.9958668351 0.0865327492 0.0797007531 -0.0840984806 0.9932649136
51.6 288.7 2022.6 0.9964368939 0.0343023315 -0.0770509392 -0.0275914334 0.9958668351 0.0865327492 0.0797007531 -0.0840984806 0.9932649136
45.3 90.7 2037.9 0.9965084195 0.0315410458 -0.0773056000 -0.0254276954 0.9965639710 0.0788268745 0.0795262530 -0.0765859336 0.9938864112
-94.0 292.4 2011.0 0.1786979437 -0.8359337449 -0.5189237595 0.9767551422 0.0872577503 0.1957945377 -0.1183911338 -0.5418494940 0.8320953250
-140.6 37.4 2041.9 -0.0077088876 -0.8369995952 -0.5471491814 0.9693265557 0.1281633526 -0.2097144723 0.2456554025 -0.5319828987 0.8103379607
197.2 285.0 2034.3 0.1330831498 0.9905700684 0.0325547643 -0.9883297682 0.1301825792 0.0790998638 0.0741158947 -0.0427017026 0.9963349700
232.7 21.2 2054.0 -0.0307698641 0.9970294833 0.0706078038 -0.9758444428 -0.0146796303 -0.2179727554 -0.2162887603 -0.0756092221 0.9733973742
-51.3 -102.8 2045.7 0.9682397842 0.0455301516 -0.2458429635 -0.0329421088 0.9979385138 0.0550775677 0.2478438616 -0.0452297032 0.9677436352
-69.4 -499.4 2063.6 0.9683872461 0.0483783744 -0.2447155714 -0.0299922321 0.9964777231 0.0783108249 0.2476421744 -0.0684956387 0.9664272666
131.5 -107.3 2060.7 0.9786852002 0.0641724020 -0.1950826198 -0.0564228892 0.9973909259 0.0450308137 0.1974633634 -0.0330638625 0.9797525406
106.0 -503.6 2073.9 0.9783605933 -0.0771062672 -0.1920031309 0.0957505479 0.9913476110 0.0897873417 0.1834186763 -0.1062287986 0.9772783518
-138.6 -214.5 1978.1 0 0 0 0 0 0 0 0 0
223.9 -257.8 1992.2 0 0 0 0 0 0 0 0 0
-87.9 -880.2 2089.8 0 0 0 0 0 0 0 0 0
135.4 -882.2 2114.4 0 0 0 0 0 0 0 0 0
58.2 493.4 2009.2 3 0.9964463711 0.0367547609 -0.0757872835 -0.0307255760 0.9963819385 0.0792400762 0.0784255266 -0.0766298771 0.9939704537
50.8 291.7 2024.7 0.9964463711 0.0367547609 -0.0757872835 -0.0307255760 0.9963819385 0.0792400762 0.0784255266 -0.0766298771 0.9939704537
44.0 93.6 2038.4 0.9965139627 0.0342663601 -0.0760640278 -0.0288284626 0.9970259070 0.0714724362 0.0782869011 -0.0690304711 0.9945380688
-94.8 295.9 2013.3 0.1760816574 -0.8369497657 -0.5181798935 0.9781889319 0.0898450091 0.1872812361 -0.1101891100 -0.5398545861 0.8345150352
-141.8 34.7 2042.7 -0.0212127808 -0.8382037282 -0.5449445248 0.9658106565 0.1236853004 -0.2278415561 0.2583792508 -0.5311463475 0.8069223762
196.3 287.5 2036.1 0.1333057284 0.9904956222 0.0338826925 -0.9888954759 0.1306687444 0.0707915798 0.0656913444 -0.0429433659 0.9969155192
232.6 18.4 2054.0 -0.0296485573 0.9970769882 0.0704164505 -0.9768337011 -0.0139655368 -0.2135437727 -0.2119361758 -0.0751164258 0.9743924141
-52.3 -105.0 2045.8 0.9685090184 0.0458401591 -0.2447221875 -0.0351681709 0.9982374310 0.0478038974 0.2464821935 -0.0376920737 0.9684140682
-70.6 -501.7 2060.8 0.9698613882 0.0337889045 -0.2413031906 -0.0069232839 0.9937597513 0.1113264561 0.2435590029 -0.1063006222 0.9640431404
130.4 -109.7 2060.4 0.9794875383 0.0557576641 -0.1936367750 -0.0482633337 0.9978995323 0.0432108678 0.1956393868 -0.0329789519 0.9801212549
108.3 -506.2 2073.5 0.9794797897 -0.0658014193 -0.1904980540 0.0850516930 0.9918659329 0.0947003365 0.1827171296 -0.1089592427 0.9771091938
-136.3 -216.3 1975.5 0 0 0 0 0 0 0 0 0
224.1 -260.8 1993.4 0 0 0 0 0 0 0 0 0
-83.5 -881.2 2101.3 0 0 0 0 0 0 0 0 0
133.4 -885.1 2115.1 0 0 0 0 0 0 0 0 0
58.7 494.4 2011.0 4 0.9957227111 0.0416997336 -0.0824461356 -0.0352675058 0.9963300824 0.0779908001 0.0853957608 -0.0747495443 0.9935391545
50.2 292.7 2026.1 0.9957227111 0.0416997336 -0.0824461356 -0.0352675058 0.9963300824 0.0779908001 0.0853957608 -0.0747495443 0.9935391545
42.3 94.6 2039.4 0.9957757592 0.0397378430 -0.0827742219 -0.0339700654 0.9969711900 0.0699604154 0.0853035972 -0.0668530390 0.9941096306
-95.3 297.7 2013.6 0.1802984029 -0.8326781392 -0.5235834718 0.9779675603 0.0948118195 0.1859842241 -0.1052230895 -0.5455803275 0.8314266205
-143.3 37.0 2041.7 -0.0243813116 -0.8335178494 -0.5519542694 0.9679367542 0.1183926985 -0.2215436995 0.2500079870 -0.5396583676 0.8039060235
195.7 287.8 2038.6 0.1316173077 0.9908974171 0.0282701403 -0.9897204041 0.1297444552 0.0601654015 0.0559498481 -0.0358983427 0.9977880120
231.5 18.7 2053.8 -0.0305961333 0.9975901246 0.0622724891 -0.9785366654 -0.0171929505 -0.2053542435 -0.2037887126 -0.0672189593 0.9767045379
-54.2 -101.9 2044.9 0.9667904973 0.0484136492 -0.2509426773 -0.0355544612 0.9978238344 0.0555289276 0.2530849576 -0.0447627082 0.9664079547
-73.5 -498.4 2062.7 0.9685344696 0.0179246459 -0.2482332289 0.0084919119 0.9944422245 0.1049405560 0.2487346381 -0.1037465185 0.9629993439
128.5 -107.2 2059.3 0.9785154462 0.0512125567 -0.1997117400 -0.0411487259 0.9976806045 0.0542237125 0.2020254582 -0.0448408574 0.9783532023
108.2 -503.6 2077.1 0.9776948094 -0.0694601610 -0.1982124746 0.0871408507 0.9928228855 0.0819096789 0.1911004186 -0.0973550677 0.9767305851
-137.0 -214.6 1976.7 0 0 0 0 0 0 0 0 0
222.7 -260.9 1995.5 0 0 0 0 0 0 0 0 0
-80.3 -878.3 2102.4 0 0 0 0 0 0 0 0 0
134.7 -883.0 2114.3 0 0 0 0 0 0 0 0 0
58.8 493.3 2011.9 5 0.9962789416 0.0372451209 -0.0777243301 -0.0314260051 0.9967037439 0.0747935921 0.0802538246 -0.0720727146 0.9941654205
51.3 291.5 2026.5 0.9962789416 0.0372451209 -0.0777243301 -0.0314260051 0.9967037439 0.0747935921 0.0802538246 -0.0720727146 0.9941654205
44.3 93.4 2039.4 0.9963314533 0.0352326781 -0.0779889897 -0.0299811959 0.9972679019 0.0675122216 0.0801545531 -0.0649263486 0.9946656823
-94.3 295.9 2014.7 0.1947645098 -0.8330125213 -0.5178386569 0.9751085043 0.1074000672 0.1939811110 -0.1059727818 -0.5427294970 0.8331953287
-145.2 41.2 2042.4 -0.0427990109 -0.8331435919 -0.5513982177 0.9641280770 0.1102700233 -0.2414489090 0.2619643211 -0.5419522524 0.7985376716
196.8 287.2 2038.2 0.1239223182 0.9917467237 0.0328891575 -0.9907455444 0.1218115315 0.0598766357 0.0553761795 -0.0400048345 0.9976637959
230.6 16.8 2053.3 -0.0309533179 0.9974067211 0.0649746358 -0.9778758883 -0.0167639107 -0.2085131556 -0.2068831921 -0.0699913055 0.9758588672
-56.9 -100.4 2044.8 0.9685467482 0.0362922326 -0.2461707145 -0.0236724149 0.9982585311 0.0540323779 0.2477029860 -0.0465054289 0.9677191973
-71.3 -497.1 2063.3 0.9690441489 0.0341090560 -0.2445200384 -0.0113311093 0.9955112934 0.0939620510 0.2466274202 -0.0882826895 0.9650808573
125.8 -106.6 2060.5 0.9795951247 0.0485324711 -0.1950334460 -0.0396215208 0.9979960322 0.0493359864 0.1970370114 -0.0406017676 0.9795549512
106.5 -503.2 2076.6 0.9778771400 -0.0812193453 -0.1927686483 0.1004490405 0.9906646013 0.0921606794 0.1834838539 -0.1094852462 0.9769066572
-134.0 -209.3 1974.4 0 0 0 0 0 0 0 0 0
221.8 -262.7 1994.1 0 0 0 0 0 0 0 0 0
-84.3 -877.3 2097.0 0 0 0 0 0 0 0 0 0
137.5 -881.7 2118.4 0 0 0 0 0 0 0 0 0
58.1 492.7 2011.8 6 0.9967110157 0.0316490941 -0.0746020228 -0.0261823740 0.9969772100 0.0731503665 0.0766916573 -0.0709565133 0.9945268035
51.7 290.9 2026.2 0.9967110157 0.0316490941 -0.0746020228 -0.0261823740 0.9969772100 0.0731503665 0.0766916573 -0.0709565133 0.9945268035
45.5 92.6 2038.8 0.9967179894 0.0308832936 -0.0748297721 -0.0259607080 0.9974893928 0.0658862367 0.0766766891 -0.0637273639 0.9950173497
-93.9 294.6 2015.0 0.1899667382 -0.8353770375 -0.5158079863 0.9761297107 0.1043689400 0.1904677004 -0.1052780002 -0.5396780372 0.8352629542
-143.5 39.8 2042.5 -0.0401956663 -0.8357040286 -0.5477071404 0.9640569091 0.1116447151 -0.2411011904 0.2626378536 -0.5377120376 0.8011785746
197.3 287.1 2037.4 0.1241287440 0.9916332960 0.0354327820 -0.9905100465 0.1217065006 0.0638547167 0.0590080656 -0.0430227332 0.9973300099
231.2 16.1 2053.5 -0.0369801484 0.9969978929 0.0680273399 -0.9775721431 -0.0219682567 -0.2094519287 -0.2073286921 -0.0742471963 0.9754497409
-54.1 -102.1 2044.9 0.9693238735 0.0398735292 -0.2425310463 -0.0245051216 0.9975148439 0.0660576746 0.2445622683 -0.0580880307 0.9678920507
-70.0 -498.5 2068.0 0.9691002369 0.0417914130 -0.2431011349 -0.0302273948 0.9982355833 0.0511075333 0.2448080629 -0.0421800092 0.9686536193
128.6 -107.5 2059.6 0.9799578786 0.0527110621 -0.1921044290 -0.0454528034 0.9980832338 0.0419990085 0.1939500123 -0.0324255750 0.9804753661
107.7 -504.2 2072.5 0.9794794917 -0.0743699819 -0.1873207241 0.0981409103 0.9877895713 0.1209963188 0.1760349572 -0.1368972361 0.9748183489
-133.1 -210.8 1974.2 0 0 0 0 0 0 0 0 0
220.7 -263.3 1994.3 0 0 0 0 0 0 0 0 0
-85.9 -879.4 2084.1 0 0 0 0 0 0 0 0 0
136.1 -881.5 2124.8 0 0 0 0 0 0 0 0 0
56.5 492.2 2011.8 7 0.9968897104 0.0231976006 -0.0753178298 -0.0178120453 0.9972883463 0.0714047775 0.0767700151 -0.0698411241 0.9945997000
51.8 289.9 2026.0 0.9968897104 0.0231976006 -0.0753178298 -0.0178120453 0.9972883463 0.0714047775 0.0767700151 -0.0698411241 0.9945997000
47.6 91.7 2038.8 0.9969278574 0.0210601892 -0.0754409581 -0.0160930492 0.9976994395 0.0658545420 0.0766543075 -0.0644381493 0.9949733019
-93.8 292.3 2014.8 0.1772002727 -0.8363953233 -0.5186935067 0.9789736867 0.0956849679 0.1801525205 -0.1010475531 -0.5397104025 0.8357644081
-139.7 38.6 2040.9 -0.0212196354 -0.8373263478 -0.5462914109 0.9663272500 0.1229767129 -0.2260272652 0.2564397156 -0.5326924920 0.8065217733
197.4 287.6 2037.2 0.1260022074 0.9914109707 0.0350393504 -0.9903042912 0.1236220896 0.0633638352 0.0584879592 -0.0426836051 0.9973751903
231.8 17.8 2053.1 -0.0392263941 0.9969130754 0.0680116042 -0.9777073860 -0.0242417268 -0.2085679621 -0.2062754035 -0.0746768117 0.9756402373
-52.0 -103.2 2044.5 0.9688447714 0.0462311320 -0.2433157116 -0.0326210186 0.9976848364 0.0596730858 0.2455111444 -0.0498767495 0.9681097865
-70.4 -499.7 2064.3 0.9695011973 0.0383207127 -0.2420721650 -0.0181988329 0.9962301254 0.0848195627 0.2444099188 -0.0778272375 0.9665436745
130.8 -108.0 2058.5 0.9792443514 0.0630757883 -0.1926187873 -0.0567677170 0.9976601601 0.0380997919 0.1945712715 -0.0263744742 0.9805337191
105.7 -504.4 2069.0 0.9777738452 -0.0952705294 -0.1867668182 0.1189869121 0.9855967760 0.1201710477 0.1726280153 -0.1397229135 0.9750267267
-134.2 -212.5 1974.3 0 0 0 0 0 0 0 0 0
220.5 -261.7 1994.1 0 0 0 0 0 0 0 0 0
-85.0 -879.9 2094.0 0 0 0 0 0 0 0 0 0
142.1 -880.9 2122.4 0 0 0 0 0 0 0 0 0
54.4 493.6 2011.8 8 0.9968664646 0.0171992872 -0.0772105902 -0.0115362490 0.9972504973 0.0732010677 0.0782573000 -0.0720809698 0.9943239689
50.9 291.0 2026.4 0.9968664646 0.0171992872 -0.0772105902 -0.0115362490 0.9972504973 0.0732010677 0.0782573000 -0.0720809698 0.9943239689
48.0 92.7 2039.3 0.9969009161 0.0144495023 -0.0773289576 -0.0093630776 0.9977928996 0.0657392889 0.0781081840 -0.0648115203 0.9948359728
-94.7 292.4 2015.0 0.1761690229 -0.8355391622 -0.5204218030 0.9790276289 0.0937695652 0.1808651984 -0.1023202240 -0.5413701534 0.8345351815
-140.4 38.6 2041.5 -0.0190676097 -0.8366144896 -0.5474601388 0.9661304355 0.1255218536 -0.2254688293 0.2573486865 -0.5332170725 0.8058853745
196.5 289.6 2037.8 0.1282779276 0.9911828637 0.0331862383 -0.9899778366 0.1259856075 0.0638079345 0.0590643436 -0.0410387889 0.9974102378
231.8 17.6 2054.1 -0.0480757505 0.9964770675 0.0687182695 -0.9740877748 -0.0315511040 -0.2239586562 -0.2210015357 -0.0777046084 0.9721729755
-48.0 -105.1 2044.5 0.9678503275 0.0572096482 -0.2449343652 -0.0431923494 0.9971269965 0.0622271039 0.2477906495 -0.0496472307 0.9675406814
-70.7 -501.4 2064.3 0.9687427878 0.0478569195 -0.2434073687 -0.0272198282 0.9957966805 0.0874531865 0.2465694845 -0.0780941322 0.9659734964
134.9 -108.1 2058.6 0.9785454869 0.0703885704 -0.1936340779 -0.0622884668 0.9969217777 0.0476145595 0.1963895559 -0.0345318429 0.9799177051
106.9 -504.2 2072.3 0.9782854915 -0.0848698318 -0.1890890002 0.1064443737 0.9885429740 0.1070157886 0.1778401881 -0.1248194501 0.9761111736
-135.4 -212.5 1974.6 0 0 0 0 0 0 0 0 0
218.0 -260.8 1990.9 0 0 0 0 0 0 0 0 0
-89.0 -881.6 2094.1 0 0 0 0 0 0 0 0 0
139.3 -881.9 2120.0 0 0 0 0 0 0 0 0 0
54.3 495.2 2011.3 9 0.9956028461 0.0111363167 -0.0930104852 -0.0042188251 0.9972313643 0.0742411986 0.0935797468 -0.0735223517 0.9928933978
52.0 292.9 2026.2 0.9956028461 0.0111363167 -0.0930104852 -0.0042188251 0.9972313643 0.0742411986 0.0935797468 -0.0735223517 0.9928933978
50.0 94.7 2039.4 0.9956076741 0.0100170886 -0.0930861831 -0.0037646736 0.9977390170 0.0671023577 0.0935478806 -0.0664571822 0.9933943152
-93.4 293.5 2012.5 0.1783888191 -0.8278471828 -0.5318331718 0.9773581624 0.0865718052 0.1930709630 -0.1137914956 -0.5542331934 0.8245465755
-139.9 38.6 2042.2 -0.0178983025 -0.8295705914 -0.5581148863 0.9651214480 0.1314861178 -0.2263889611 0.2611899972 -0.5427006483 0.7982830405
197.4 292.4 2039.8 0.1268509030 0.9917482734 0.0185521655 -0.9904465675 0.1256204098 0.0568781905 0.0540783182 -0.0255899783 0.9982087612
232.2 20.7 2054.7 -0.0580319241 0.9968241453 0.0545339398 -0.9715529680 -0.0438285321 -0.2327312529 -0.2296019793 -0.0664884523 0.9710109234
-46.3 -104.7 2045.0 0.9636182785 0.0586753003 -0.2607623935 -0.0463912264 0.9975152016 0.0530217141 0.2632254958 -0.0389956050 0.9639458656
