57.1 458.2 2168.2 4 0.9947481155 0.0323913246 0.0970927477 -0.0270583462 0.9980781078 -0.0557491072 -0.0987119302 0.0528291501 0.9937127829
50.6 259.7 2157.7 0.9947481155 0.0323913246 0.0970927477 -0.0270583462 0.9980781078 -0.0557491072 -0.0987119302 0.0528291501 0.9937127829
44.8 66.1 2146.5 0.9948405623 0.0298925396 0.0969467312 -0.0240952112 0.9978816509 -0.0604282804 -0.0985477194 0.0577805527 0.9934534431
-85.3 263.0 2171.2 0.2386248112 -0.9052246213 -0.3516057432 0.9709904790 0.2281305194 0.0716514215 0.0153513690 -0.3585036397 0.9334021211
-148.7 5.1 2167.1 -0.0254386868 -0.9069663882 -0.4204340577 0.9229784608 0.1402466446 -0.3583876193 0.3840099871 -0.3971684873 0.8335427642
186.5 256.5 2144.3 0.2038111687 0.4331167638 0.8779925108 -0.9789519310 0.0803746507 0.1875980943 0.0106835319 -0.8977470398 0.4403817356
239.9 0.1 2147.1 -0.0765345246 0.4491223693 0.8901862502 -0.9553962350 0.2223770767 -0.1943360865 -0.2852376997 -0.8653540015 0.4120702744
-49.9 -123.0 2142.9 0.9998456836 0.0068474095 0.0161769893 -0.0041612484 0.9870123267 -0.1605905294 -0.0170665178 0.1604984403 0.9868885279
-52.5 -506.1 2080.6 0.9939569831 0.1083565801 0.0175598450 -0.1096222997 0.9715335965 0.2100130469 0.0056963172 -0.2106688768 0.9775409102
128.0 -126.5 2121.2 0.9974582791 0.0701483786 -0.0124978572 -0.0708381757 0.9951770902 -0.0678565428 0.0076775551 0.0685693920 0.9976168275
100.7 -512.9 2094.6 0.9957833290 -0.0917233527 -0.0015566937 0.0915165693 0.9920778275 0.0860598832 -0.0063493401 -0.0858394578 0.9962887764
-142.0 -235.4 2067.0 0 0 0 0 0 0 0 0 0
218.9 -261.8 2068.9 0 0 0 0 0 0 0 0 0
-93.0 -868.8 2159.2 0 0 0 0 0 0 0 0 0
135.0 -883.2 2126.6 0 0 0 0 0 0 0 0 0
56.4 458.4 2170.6 5 0.9947720766 0.0291108806 0.0978829786 -0.0230305977 0.9977676868 -0.0626840219 -0.0994892567 0.0601020120 0.9932218194
50.6 260.6 2158.7 0.9947720766 0.0291108806 0.0978829786 -0.0230305977 0.9977676868 -0.0626840219 -0.0994892567 0.0601020120 0.9932218194
45.2 67.0 2146.1 0.9948136210 0.0281348918 0.0977458283 -0.0215818007 0.9974882603 -0.0674642920 -0.0993984193 0.0650048628 0.9929221272
-85.3 263.6 2172.3 0.2485028803 -0.9046466351 -0.3462092280 0.9686167836 0.2340332717 0.0837258026 0.0052822111 -0.3561501503 0.9344137907
-151.0 7.4 2170.9 -0.0334755965 -0.9061948657 -0.4215331674 0.9193835258 0.1374779046 -0.3685562611 0.3919352889 -0.3998883069 0.8285385370
186.6 257.7 2145.1 0.1995827258 0.4321030974 0.8794621229 -0.9798805714 0.0888529569 0.1787155867 -0.0009192468 -0.8974363804 0.4411429465
239.7 -3.1 2144.9 -0.0770673081 0.4466149807 0.8914009929 -0.9562070370 0.2200935930 -0.1929427832 -0.2823627889 -0.8672334552 0.4100943506
-50.2 -125.5 2144.1 0.9997945428 0.0107079297 0.0172099620 -0.0078074122 0.9869983196 -0.1605407596 -0.0187052637 0.1603734046 0.9868791699
-54.3 -508.7 2081.8 0.9946676493 0.1011984274 0.0198790561 -0.1031306535 0.9748651981 0.1974889487 0.0006061706 -0.1984860152 0.9801035523
128.1 -129.8 2126.5 0.9975622892 0.0687754899 -0.0118094478 -0.0694830641 0.9946097732 -0.0769645348 0.0064525190 0.0775974691 0.9969639182
101.4 -515.9 2096.3 0.9961680770 -0.0874552950 -0.0008338462 0.0872377977 0.9929222465 0.0805910751 -0.0062201717 -0.0803549960 0.9967468977
-142.3 -232.2 2068.7 0 0 0 0 0 0 0 0 0
218.5 -265.3 2067.4 0 0 0 0 0 0 0 0 0
-92.1 -872.5 2155.9 0 0 0 0 0 0 0 0 0
134.0 -886.5 2126.3 0 0 0 0 0 0 0 0 0
56.8 458.2 2172.3 6 0.9944102764 0.0304568689 0.1010968313 -0.0235736724 0.9973660111 -0.0685950592 -0.1029197350 0.0658284053 0.9925090075
50.8 260.8 2159.3 0.9944102764 0.0304568689 0.1010968313 -0.0235736724 0.9973660111 -0.0685950592 -0.1029197350 0.0658284053 0.9925090075
44.9 67.2 2145.6 0.9944326282 0.0301726405 0.1009624004 -0.0228393693 0.9970691204 -0.0730172172 -0.1028696150 0.0703047812 0.9922071695
-85.0 263.9 2173.3 0.2446075231 -0.9061537981 -0.3450398445 0.9694786668 0.2346847653 0.0709520429 0.0166821294 -0.3518641591 0.9359024167
-150.0 6.6 2168.9 -0.0259518903 -0.9083576202 -0.4173882008 0.9217240214 0.1398855746 -0.3617414534 0.3869771957 -0.3941046000 0.8336247802
186.7 257.7 2145.2 0.1984740794 0.4300720692 0.8807076812 -0.9801043272 0.0888297260 0.1774960160 -0.0018969392 -0.8984137774 0.4391458929
239.4 -2.6 2144.7 -0.0816853344 0.4441124797 0.8922396302 -0.9577595592 0.2126865536 -0.1935485154 -0.2757246792 -0.8703611493 0.4079796076
-49.4 -124.7 2142.3 0.9997639656 0.0076042996 0.0203502327 -0.0043570367 0.9878900647 -0.1550942212 -0.0212831758 0.1549689621 0.9876900315
-52.4 -508.2 2082.2 0.9936581850 0.1103242487 0.0217245463 -0.1124401018 0.9735605717 0.1988393515 0.0007866398 -0.2000210583 0.9797912836
128.8 -128.5 2124.5 0.9977127910 0.0671357140 -0.0078754826 -0.0675291792 0.9951190352 -0.0719573721 0.0030061328 0.0723246187 0.9973766208
102.7 -514.9 2096.5 0.9965404272 -0.0830913186 0.0017280376 0.0827675387 0.9941117764 0.0699379519 -0.0075290990 -0.0695529655 0.9975498319
-143.2 -233.5 2068.1 0 0 0 0 0 0 0 0 0
217.0 -265.2 2069.1 0 0 0 0 0 0 0 0 0
-93.6 -871.6 2156.8 0 0 0 0 0 0 0 0 0
133.8 -885.9 2122.4 0 0 0 0 0 0 0 0 0
57.1 459.0 2172.6 7 0.9941413999 0.0308244545 0.1035989150 -0.0234282278 0.9971390963 -0.0718665421 -0.1055177674 0.0690183640 0.9920194149
51.0 261.7 2159.0 0.9941413999 0.0308244545 0.1035989150 -0.0234282278 0.9971390963 -0.0718665421 -0.1055177674 0.0690183640 0.9920194149
45.0 68.2 2145.1 0.9941564202 0.0306128226 0.1035175994 -0.0229410585 0.9969566464 -0.0745057538 -0.1054833904 0.0716955736 0.9918331504
-84.9 264.8 2173.4 0.2422224879 -0.9074633718 -0.3432760835 0.9700257778 0.2336010784 0.0669363365 0.0194473900 -0.3492001593 0.9368463159
-149.5 6.0 2168.2 -0.0226990413 -0.9098937511 -0.4142199159 0.9229311347 0.1401930600 -0.3585304320 0.3842953444 -0.3904347420 0.8365870118
186.8 258.6 2144.6 0.1966366917 0.4287723899 0.8817529678 -0.9804758430 0.0850302652 0.1773046553 0.0010476507 -0.8994020820 0.4371210337
239.3 -3.2 2144.8 -0.0775675029 0.4427043498 0.8933063149 -0.9589035511 0.2121525407 -0.1884019077 -0.2729235291 -0.8712084293 0.4080546498
-50.0 -124.3 2141.2 0.9996775389 0.0110726561 0.0228511933 -0.0073064729 0.9872905016 -0.1587580740 -0.0243186392 0.1585399210 0.9870530367
-54.3 -507.6 2079.6 0.9951286912 0.0952838883 0.0252955221 -0.0984413102 0.9742358327 0.2029132843 -0.0053094383 -0.2044149637 0.9788699150
128.2 -128.4 2122.7 0.9976704717 0.0680102482 -0.0053164344 -0.0682171285 0.9949538112 -0.0735756159 0.0002857106 0.0737668872 0.9972754717
101.8 -514.6 2094.1 0.9957181215 -0.0923160315 0.0048140669 0.0917024687 0.9929895401 0.0745819137 -0.0116654253 -0.0738211051 0.9972032905
-143.6 -234.5 2068.1 0 0 0 0 0 0 0 0 0
218.0 -266.1 2070.0 0 0 0 0 0 0 0 0 0
-89.9 -871.2 2155.9 0 0 0 0 0 0 0 0 0
136.2 -885.3 2121.7 0 0 0 0 0 0 0 0 0
56.8 460.1 2173.3 8 0.9945267439 0.0312404688 0.0997027308 -0.0238902867 0.9969659448 -0.0740817785 -0.1017145738 0.0712943822 0.9922556281
50.7 262.8 2159.2 0.9945267439 0.0312404688 0.0997027308 -0.0238902867 0.9969659448 -0.0740817785 -0.1017145738 0.0712943822 0.9922556281
44.5 69.3 2145.0 0.9945247769 0.0314727537 0.0996491313 -0.0239523407 0.9968363643 -0.0757858232 -0.1017190665 0.0729840472 0.9921323061
-85.2 266.1 2173.1 0.2396637350 -0.9066153169 -0.3472893834 0.9705970883 0.2320056260 0.0641455650 0.0224177334 -0.3524514139 0.9355615377
-149.2 7.0 2167.1 -0.0173944402 -0.9093507528 -0.4156664610 0.9270683527 0.1410409510 -0.3473494947 0.3744885027 -0.3913931847 0.8405770063
186.5 259.6 2145.3 0.1964948773 0.4312104285 0.8805948496 -0.9804919362 0.0910257176 0.1742122322 -0.0050346479 -0.8976479769 0.4406844378
239.1 -2.5 2143.9 -0.0747304857 0.4438205957 0.8929941654 -0.9597692490 0.2110463679 -0.1852092147 -0.2706628442 -0.8709090948 0.4101937711
-50.0 -123.3 2140.6 0.9997352958 0.0129779819 0.0189991631 -0.0099322004 0.9882639050 -0.1524330527 -0.0207544602 0.1522039920 0.9881311655
-55.0 -507.0 2081.5 0.9953254461 0.0939523727 0.0223647151 -0.0965509415 0.9734420180 0.2075778395 -0.0022683223 -0.2087668478 0.9779627919
128.1 -127.4 2121.7 0.9975817204 0.0688590705 -0.0094414894 -0.0693877339 0.9945222139 -0.0781719908 0.0040069204 0.0786380768 0.9968951941
101.4 -513.5 2091.2 0.9960299134 -0.0889585018 0.0032882937 0.0881270617 0.9905909896 0.1047046036 -0.0125717185 -0.1039991304 0.9944979548
-144.7 -234.6 2069.5 0 0 0 0 0 0 0 0 0
218.6 -265.6 2069.7 0 0 0 0 0 0 0 0 0
-90.1 -870.3 2159.4 0 0 0 0 0 0 0 0 0
134.6 -883.1 2130.0 0 0 0 0 0 0 0 0 0
58.5 459.1 2173.6 9 0.9950953722 0.0360126346 0.0921322182 -0.0289858729 0.9966480732 -0.0765010938 -0.0945784077 0.0734553486 0.9928037524
51.3 261.8 2159.1 0.9950953722 0.0360126346 0.0921322182 -0.0289858729 0.9966480732 -0.0765010938 -0.0945784077 0.0734553486 0.9928037524
44.3 68.4 2144.4 0.9950881600 0.0363945924 0.0920597911 -0.0291838832 0.9964872599 -0.0784947425 -0.0945931971 0.0754225254 0.9926548004
-84.6 265.8 2172.0 0.2397337705 -0.9044233561 -0.3529108763 0.9706146121 0.2310910821 0.0671130568 0.0208559446 -0.3586297333 0.9332469106
-148.6 6.9 2166.5 -0.0106274346 -0.9070060253 -0.4209835529 0.9257501364 0.1502195746 -0.3470169008 0.3779864013 -0.3934134841 0.8380644917
187.3 257.9 2146.2 0.1957085431 0.4374453127 0.8776900172 -0.9806317687 0.0943351611 0.1716455072 -0.0077115074 -0.8942832351 0.4474349916
239.0 -1.4 2144.1 -0.0743267685 0.4498550296 0.8900033832 -0.9589180946 0.2127716839 -0.1876281649 -0.2737729847 -0.8673861027 0.4155595005
-50.7 -122.0 2140.0 0.9999283552 0.0046751238 0.0110218376 -0.0029128911 0.9879430532 -0.1547903270 -0.0116126118 0.1547471285 0.9878858328
-52.5 -505.6 2079.9 0.9940397739 0.1083590984 0.0119665507 -0.1084146649 0.9710355401 0.2129230052 0.0114521990 -0.2129512876 0.9769957066
127.5 -126.3 2121.7 0.9974451065 0.0695764646 -0.0161988158 -0.0705251619 0.9951794744 -0.0681474060 0.0113792727 0.0691157207 0.9975437522
100.5 -512.7 2094.9 0.9960883856 -0.0881479532 -0.0061515761 0.0883614197 0.9933430552 0.0739038289 -0.0004038461 -0.0741583109 0.9972463846
-145.8 -234.3 2068.0 0 0 0 0 0 0 0 0 0
218.6 -264.3 2069.1 0 0 0 0 0 0 0 0 0
-92.9 -868.0 2159.4 0 0 0 0 0 0 0 0 0
133.4 -883.2 2122.6 0 0 0 0 0 0 0 0 0
57.8 456.0 2161.3 0 0.9945304990 0.0365827754 0.0978304371 -0.0321653895 0.9984070063 -0.0463561080 -0.0993704274 0.0429558121 0.9941228628
50.6 258.3 2152.8 0.9945304990 0.0365827754 0.0978304371 -0.0321653895 0.9984070063 -0.0463561080 -0.0993704274 0.0429558121 0.9941228628
43.6 64.7 2143.2 0.9945725799 0.0360444710 0.0976020098 -0.0310080890 0.9981322289 -0.0526357107 -0.0993169397 0.0493235849 0.9938326478
-85.3 262.6 2166.4 0.2447412461 -0.9046617746 -0.3488391936 0.9695877433 0.2287809700 0.0869417787 0.0011548653 -0.3595084250 0.9331411123
-149.3 9.0 2166.1 -0.0122949285 -0.9070910811 -0.4207548499 0.9265042543 0.1479283273 -0.3459871411 0.3760834038 -0.3940850496 0.8386049271
186.4 254.1 2139.2 0.1994229406 0.4313149452 0.8798851967 -0.9798411727 0.0768585950 0.1844019443 0.0119085759 -0.8989216685 0.4379474819
238.9 -3.4 2142.4 -0.0734716579 0.4452099502 0.8924068809 -0.9609554410 0.2077562213 -0.1827620566 -0.2667705715 -0.8709910512 0.4125627279
-51.9 -122.4 2138.3 0.9998481870 0.0058498741 0.0164137539 -0.0030908748 0.9865664244 -0.1633315384 -0.0171487257 0.1632560045 0.9864346981
-54.2 -505.4 2074.9 0.9953415990 0.0948297009 0.0173912141 -0.0962371156 0.9664094448 0.2383090258 0.0057917391 -0.2388725579 0.9710336328
126.4 -127.6 2121.3 0.9981338382 0.0596239306 -0.0131844813 -0.0605045445 0.9948241115 -0.0816344619 0.0082488731 0.0822798386 0.9965751171
103.2 -513.8 2089.4 0.9968328476 -0.0795253590 -0.0001500334 0.0788423792 0.9880215526 0.1326548010 -0.0104011837 -0.1322464794 0.9911623001
-146.1 -232.4 2068.1 0 0 0 0 0 0 0 0 0
218.7 -266.9 2069.2 0 0 0 0 0 0 0 0 0
-89.6 -866.0 2164.0 0 0 0 0 0 0 0 0 0
132.8 -881.9 2138.7 0 0 0 0 0 0 0 0 0
57.5 456.8 2167.1 1 0.9948798418 0.0361074395 0.0943944380 -0.0302083250 0.9975439906 -0.0631934032 -0.0964443535 0.0600183457 0.9935271740
50.4 259.0 2155.2 0.9948798418 0.0361074395 0.0943944380 -0.0302083250 0.9975439906 -0.0631934032 -0.0964443535 0.0600183457 0.9935271740
43.2 65.4 2143.6 0.9948377013 0.0372503623 0.0943947807 -0.0313551985 0.9975091815 -0.0631840751 -0.0965132862 0.0598981343 0.9935277700
-85.5 263.3 2168.4 0.2393906116 -0.9046505094 -0.3525614142 0.9708307385 0.2280442268 0.0740507245 0.0134095671 -0.3600045145 0.9328541756
-149.2 5.1 2164.9 -0.0111010214 -0.9070886970 -0.4207930863 0.9270029068 0.1484347880 -0.3444310427 0.3748898506 -0.3938999474 0.8392260671
186.3 254.7 2142.0 0.1973798722 0.4344012439 0.8788269162 -0.9803231955 0.0849355608 0.1781920195 0.0027631784 -0.8967059255 0.4426181912
238.9 -6.8 2142.8 -0.0777314976 0.4475300610 0.8908842206 -0.9604954123 0.2058929354 -0.1872342378 -0.2672197223 -0.8702442050 0.4138462245
-52.5 -126.3 2142.5 0.9999091029 0.0031455115 0.0131084938 -0.0009009496 0.9858151674 -0.1678320318 -0.0134504698 0.1678049713 0.9857284427
-53.7 -509.0 2077.4 0.9949572682 0.0994123667 0.0133104613 -0.0998612940 0.9694573879 0.2240090966 0.0093653491 -0.2242086828 0.9744961858
125.7 -131.8 2124.8 0.9978716373 0.0631042942 -0.0164342448 -0.0643539503 0.9936796427 -0.0919744670 0.0105263917 0.0928363129 0.9956257343
101.2 -517.6 2088.7 0.9959549904 -0.0898314491 -0.0019769324 0.0893105045 0.9872854948 0.1314953119 -0.0098606180 -0.1311399788 0.9913148284
-146.3 -236.4 2067.2 0 0 0 0 0 0 0 0 0
217.6 -270.1 2069.5 0 0 0 0 0 0 0 0 0
-90.8 -870.7 2161.1 0 0 0 0 0 0 0 0 0
134.7 -885.7 2137.6 0 0 0 0 0 0 0 0 0
57.9 458.5 2170.1 2 0.9949803352 0.0365601666 0.0931530669 -0.0299778506 0.9970181584 -0.0711063892 -0.0954749584 0.0679569319 0.9931094646
50.7 261.0 2156.6 0.9949803352 0.0365601666 0.0931530669 -0.0299778506 0.9970181584 -0.0711063892 -0.0954749584 0.0679569319 0.9931094646
43.5 67.5 2143.2 0.9949573874 0.0372602604 0.0931206271 -0.0305973478 0.9969364405 -0.0719824880 -0.0955174416 0.0687702671 0.9930493832
-85.2 265.1 2169.6 0.2413890511 -0.9040666223 -0.3526965082 0.9702541828 0.2317281663 0.0700631738 0.0183879361 -0.3591177464 0.9331110716
-149.8 5.8 2164.7 -0.0187224299 -0.9064564109 -0.4218842089 0.9259181619 0.1434964538 -0.3494056165 0.3772598207 -0.3971719742 0.8366178274
186.6 256.8 2143.5 0.1954209656 0.4365620911 0.8781937361 -0.9807190895 0.0877866447 0.1745955944 -0.0008718652 -0.8953809738 0.4453001022
239.1 -6.2 2143.3 -0.0791594237 0.4498864710 0.8895706534 -0.9591976404 0.2086026371 -0.1908527911 -0.2714288831 -0.8683818579 0.4150171876
-53.2 -125.4 2140.6 0.9999088049 -0.0065119900 0.0118289227 0.0084602358 0.9848937988 -0.1729528457 -0.0105239656 0.1730371565 0.9848590493
-50.7 -507.7 2073.5 0.9930965900 0.1170158386 0.0081496583 -0.1154722720 0.9630512595 0.2433072329 0.0206222609 -0.2425686568 0.9699150324
125.1 -131.0 2123.3 0.9980862737 0.0595918410 -0.0165117048 -0.0607428849 0.9948365092 -0.0813059136 0.0115812775 0.0821532831 0.9965524077
101.9 -517.2 2091.4 0.9962863922 -0.0859842598 -0.0044929953 0.0859263763 0.9895774722 0.1155555993 -0.0054897959 -0.1155125350 0.9932908416
-144.9 -235.5 2066.4 0 0 0 0 0 0 0 0 0
217.3 -269.2 2068.9 0 0 0 0 0 0 0 0 0
-94.3 -867.0 2164.0 0 0 0 0 0 0 0 0 0
134.0 -886.4 2134.5 0 0 0 0 0 0 0 0 0
57.9 459.2 2166.0 3 0.9952734113 0.0348002873 0.0906631052 -0.0291982275 0.9976240396 -0.0624000616 -0.0926192328 0.0594579205 0.9939247370
51.0 261.6 2154.2 0.9952734113 0.0348002873 0.0906631052 -0.0291982275 0.9976240396 -0.0624000616 -0.0926192328 0.0594579205 0.9939247370
44.1 68.0 2142.3 0.9952499866 0.0356475785 0.0905906707 -0.0298606735 0.9974740148 -0.0644514188 -0.0926593766 0.0614401735 0.9938004613
-85.0 265.7 2166.9 0.2412296832 -0.9031205177 -0.3552204669 0.9703927040 0.2290333658 0.0766926333 0.0120946495 -0.3632038832 0.9316312075
-149.2 7.3 2163.7 -0.0159895159 -0.9053674936 -0.4243277013 0.9265786409 0.1460696161 -0.3465770483 0.3757609725 -0.3987145722 0.8365586400
187.0 257.5 2141.6 0.1951063871 0.4389819801 0.8770565987 -0.9807566404 0.0808822215 0.1776921153 0.0070653451 -0.8948479891 0.4463151097
239.1 -4.5 2143.5 -0.0775819793 0.4533134401 0.8879684210 -0.9588130713 0.2101705372 -0.1910650730 -0.2732371688 -0.8662189245 0.4183374047
-52.9 -123.3 2138.4 0.9999476075 -0.0039208215 0.0094542215 0.0054160412 0.9864909649 -0.1637260765 -0.0086845635 0.1637687087 0.9864605069
-51.4 -506.3 2074.9 0.9936657548 0.1121402308 0.0072741513 -0.1109704301 0.9689746499 0.2208477855 0.0177174527 -0.2202560902 0.9752811790
125.4 -128.8 2121.3 0.9975863695 0.0669232160 -0.0185117964 -0.0680013672 0.9955306649 -0.0655323789 0.0140434243 0.0666330382 0.9976786971
99.4 -515.2 2095.5 0.9947451353 -0.1020454839 -0.0082966313 0.1023815796 0.9911866188 0.0840662643 -0.0003550732 -0.0844739303 0.9964256287
-145.0 -234.1 2065.8 0 0 0 0 0 0 0 0 0
217.9 -267.4 2068.5 0 0 0 0 0 0 0 0 0
-93.2 -867.8 2157.0 0 0 0 0 0 0 0 0 0
137.5 -884.9 2127.0 0 0 0 0 0 0 0 0 0
56.6 455.7 2159.5 4 0.9947327375 0.0317951627 0.0974463895 -0.0270193145 0.9983865023 -0.0499440059 -0.0988771394 0.0470480025 0.9939868450
50.3 257.4 2150.1 0.9947327375 0.0317951627 0.0974463895 -0.0270193145 0.9983865023 -0.0499440059 -0.0988771394 0.0470480025 0.9939868450
44.1 63.7 2140.3 0.9947425127 0.0318436809 0.0973311812 -0.0267141126 0.9982073307 -0.0535586849 -0.0988622010 0.0506769828 0.9938098788
-85.6 261.1 2163.7 0.2429500818 -0.9043392539 -0.3509213924 0.9699965715 0.2298611253 0.0791867301 0.0090515194 -0.3596309721 0.9330506921
-148.9 8.3 2161.3 -0.0177315958 -0.9067997336 -0.4211885333 0.9281129837 0.1417514384 -0.3442569673 0.3718762398 -0.3970147669 0.8390991092
186.2 253.8 2136.6 0.2005911171 0.4344379306 0.8780813813 -0.9793321490 0.0652084798 0.1914586723 0.0259185527 -0.8983381987 0.4385392666
239.0 -4.2 2143.5 -0.0754665509 0.4508155882 0.8894212246 -0.9591178894 0.2111700326 -0.1884147376 -0.2727594078 -0.8672788143 0.4164490104
-52.0 -123.0 2138.7 0.9998618364 -0.0000441081 0.0166209750 0.0028387641 0.9857565761 -0.1681545228 -0.0163768176 0.1681784689 0.9856204987
-52.0 -505.7 2073.4 0.9936742783 0.1112480983 0.0153383473 -0.1118689403 0.9686166048 0.2219622731 0.0098359035 -0.2222740799 0.9749345779
126.4 -128.3 2122.1 0.9976694584 0.0669442639 -0.0131970299 -0.0677682832 0.9946960807 -0.0773769468 0.0079470910 0.0780909508 0.9969145656
100.4 -514.4 2091.8 0.9956737161 -0.0929171741 -0.0005225998 0.0924214646 0.9897494316 0.1088778377 -0.0095993783 -0.1084550992 0.9940549731
-144.3 -233.5 2064.4 0 0 0 0 0 0 0 0 0
218.4 -267.1 2068.7 0 0 0 0 0 0 0 0 0
-93.5 -867.2 2156.3 0 0 0 0 0 0 0 0 0
135.0 -883.6 2132.2 0 0 0 0 0 0 0 0 0
56.1 457.9 2160.2 5 0.9959828258 0.0301778093 0.0843060091 -0.0258806981 0.9983320832 -0.0516065620 -0.0857227668 0.0492173508 0.9951026440
50.1 259.9 2150.5 0.9959828258 0.0301778093 0.0843060091 -0.0258806981 0.9983320832 -0.0516065620 -0.0857227668 0.0492173508 0.9951026440
44.2 66.2 2140.4 0.9959944487 0.0300063621 0.0842301771 -0.0254960041 0.9982087612 -0.0541223474 -0.0857033134 0.0517580248 0.9949753881
-86.0 263.4 2162.2 0.2323364913 -0.9017553926 -0.3644955158 0.9725296497 0.2209098190 0.0733822584 0.0143477879 -0.3715320826 0.9283092618
-148.5 2.0 2158.3 -0.0170841739 -0.9033483863 -0.4285672307 0.9271438122 0.1461536586 -0.3450267613 0.3743160367 -0.4032379389 0.8350369334
186.1 256.5 2138.8 0.1977462173 0.4446217120 0.8736177683 -0.9801042676 0.0741419047 0.1841157824 0.0170901921 -0.8926446438 0.4504369199
239.2 -6.6 2143.3 -0.0818391666 0.4613216221 0.8834504485 -0.9558359385 0.2147285938 -0.2006719857 -0.2822763920 -0.8608565331 0.4233745635
-51.2 -127.7 2139.3 0.9999913573 0.0017438724 0.0037708110 -0.0010741000 0.9853008389 -0.1708248258 -0.0040132799 0.1708192974 0.9852942228
-51.8 -510.2 2073.0 0.9942386746 0.1071084887 0.0041524195 -0.1052373499 0.9680450559 0.2276266664 0.0203610212 -0.2267522216 0.9737396240
127.1 -132.5 2121.6 0.9976485372 0.0634280369 -0.0259665232 -0.0651696026 0.9952101111 -0.0728683546 0.0212202501 0.0743892416 0.9970034957
102.5 -518.8 2092.7 0.9963918924 -0.0835530087 -0.0149019668 0.0846016631 0.9917842746 0.0959503949 0.0067625921 -0.0968649238 0.9952745438
-144.0 -239.6 2060.8 0 0 0 0 0 0 0 0 0
216.8 -268.7 2066.0 0 0 0 0 0 0 0 0 0
-91.8 -871.5 2157.6 0 0 0 0 0 0 0 0 0
133.6 -888.9 2128.9 0 0 0 0 0 0 0 0 0
55.5 456.5 2154.1 6 0.9956256151 0.0280893594 0.0891101062 -0.0247558132 0.9989597201 -0.0382966287 -0.0900931358 0.0359231122 0.9952852726
49.9 258.0 2147.0 0.9956256151 0.0280893594 0.0891101062 -0.0247558132 0.9989597201 -0.0382966287 -0.0900931358 0.0359231122 0.9952852726
44.5 64.1 2139.1 0.9956490993 0.0276599769 0.0889822096 -0.0239151251 0.9987939596 -0.0428798832 -0.0900609493 0.0405652970 0.9951097965
-86.1 261.2 2159.3 0.2434087098 -0.9002590179 -0.3609514236 0.9698652625 0.2300015539 0.0803783387 0.0106580677 -0.3696390390 0.9291142821
-149.9 7.4 2156.5 -0.0272422712 -0.9025192261 -0.4297870100 0.9333668947 0.1309646070 -0.3341774046 0.3578884304 -0.4102527201 0.8388137817
185.9 254.7 2134.7 0.2022284716 0.4406991899 0.8745786548 -0.9788705707 0.0633591712 0.1944172233 0.0302669369 -0.8954160213 0.4442004859
239.3 -3.7 2142.6 -0.0820010677 0.4586480856 0.8848264217 -0.9567978382 0.2122657746 -0.1986985654 -0.2789510787 -0.8628934622 0.4214274883
-50.8 -125.3 2138.1 0.9999175668 0.0094533749 0.0086915502 -0.0077488292 0.9838809371 -0.1786568463 -0.0102403611 0.1785747707 0.9838730693
-54.5 -507.3 2068.7 0.9959734678 0.0888618529 0.0118483873 -0.0890055597 0.9643611312 0.2491699010 0.0107155759 -0.2492211908 0.9683873057
127.7 -129.9 2122.7 0.9978886843 0.0611968040 -0.0217514858 -0.0626087636 0.9954673052 -0.0715887621 0.0172718894 0.0727994516 0.9971970320
103.9 -516.3 2094.4 0.9970957637 -0.0751265511 -0.0124920113 0.0758615211 0.9942217469 0.0759480968 0.0067141107 -0.0766751915 0.9970335364
-142.8 -235.8 2063.2 0 0 0 0 0 0 0 0 0
216.8 -266.0 2066.2 0 0 0 0 0 0 0 0 0
-87.6 -867.1 2161.7 0 0 0 0 0 0 0 0 0
131.9 -887.3 2123.0 0 0 0 0 0 0 0 0 0
55.8 455.4 2151.0 7 0.9962466955 0.0277257375 0.0819990933 -0.0251467861 0.9991612434 -0.0323184170 -0.0828263611 0.0301351026 0.9961082339
50.3 257.3 2145.1 0.9962466955 0.0277257375 0.0819990933 -0.0251467861 0.9991612434 -0.0323184170 -0.0828263611 0.0301351026 0.9961082339
44.9 63.4 2138.3 0.9962547421 0.0278048273 0.0818738937 -0.0248555858 0.9990126491 -0.0368234366 -0.0828169212 0.0346505009 0.9959622025
-85.9 260.7 2156.4 0.2380539328 -0.8981538415 -0.3696620762 0.9711559415 0.2254669517 0.0775937736 0.0136554390 -0.3774710298 0.9259207249
-148.9 3.5 2152.8 -0.0197979733 -0.9003650546 -0.4346847236 0.9353010058 0.1369551867 -0.3262749314 0.3532988727 -0.4130206406 0.8394008875
186.4 253.9 2133.7 0.1991443783 0.4448720813 0.8731725812 -0.9796763062 0.0685587153 0.1885047406 0.0239969045 -0.8929661512 0.4494837224
239.1 -5.3 2140.1 -0.0795799568 0.4615281522 0.8835489750 -0.9574664235 0.2112270892 -0.1965735853 -0.2773537338 -0.8616117835 0.4250882864
-50.0 -127.6 2139.3 0.9998785257 0.0155070489 0.0015809148 -0.0149924243 0.9845068455 -0.1747041494 -0.0042655673 0.1746592224 0.9846196771
-56.1 -509.8 2071.5 0.9960211515 0.0887861028 0.0076706768 -0.0880970731 0.9679853320 0.2350388765 0.0134430826 -0.2347794622 0.9719557166
128.4 -131.9 2123.1 0.9970453978 0.0709341839 -0.0294752810 -0.0729561523 0.9945574403 -0.0743835717 0.0240385216 0.0763142034 0.9967939854
100.8 -518.0 2093.5 0.9962757826 -0.0841446817 -0.0188203510 0.0852838010 0.9937959909 0.0713877976 0.0126966853 -0.0727270022 0.9972710609
-143.7 -240.1 2060.7 0 0 0 0 0 0 0 0 0
217.2 -267.8 2064.1 0 0 0 0 0 0 0 0 0
-89.2 -871.1 2159.1 0 0 0 0 0 0 0 0 0
132.2 -888.9 2120.7 0 0 0 0 0 0 0 0 0
54.6 454.1 2151.0 8 0.9970195889 0.0254360046 0.0728349164 -0.0229987521 0.9991534948 -0.0341081806 -0.0736408308 0.0323314145 0.9967606068
49.5 256.2 2144.6 0.9970195889 0.0254360046 0.0728349164 -0.0229987521 0.9991534948 -0.0341081806 -0.0736408308 0.0323314145 0.9967606068
44.5 62.3 2137.7 0.9970149398 0.0258423071 0.0727559552 -0.0231812466 0.9990394711 -0.0371851064 -0.0736470148 0.0353875309 0.9966563582
-86.7 259.4 2154.7 0.2344276756 -0.8959078789 -0.3773495555 0.9720701575 0.2204660177 0.0804635882 0.0111047896 -0.3856731355 0.9225686789
-148.6 2.6 2151.7 -0.0211701542 -0.8975127339 -0.4404801130 0.9343433976 0.1390077323 -0.3281451166 0.3557445407 -0.4185065925 0.8356422782
185.8 253.1 2134.5 0.2004432976 0.4520814121 0.8691633344 -0.9794940948 0.0740539059 0.1873694211 0.0203412976 -0.8888972998 0.4576546848
238.9 -6.7 2139.9 -0.0813841671 0.4680413902 0.8799510598 -0.9570429325 0.2098165303 -0.2001145035 -0.2782901525 -0.8584371209 0.4308599830
-49.8 -128.3 2139.0 0.9998950362 0.0125599029 -0.0072211726 -0.0136383986 0.9841737747 -0.1766805351 0.0048877979 0.1767604798 0.9842417836
-54.7 -510.4 2070.4 0.9959537387 0.0898559839 -0.0014302173 -0.0868212953 0.9661822915 0.2428041399 0.0231992546 -0.2416975200 0.9700742960
128.7 -132.8 2124.2 0.9964259863 0.0750795677 -0.0387084335 -0.0778979361 0.9939570427 -0.0773387253 0.0326679610 0.0800776184 0.9962531924
99.6 -518.6 2093.1 0.9947038293 -0.0992446393 -0.0267350525 0.1010158136 0.9919757843 0.0760252029 0.0189754311 -0.0783232227 0.9967474341
-143.1 -240.8 2059.0 0 0 0 0 0 0 0 0 0
216.6 -269.1 2063.6 0 0 0 0 0 0 0 0 0
-88.2 -871.0 2160.6 0 0 0 0 0 0 0 0 0
136.6 -888.8 2122.3 0 0 0 0 0 0 0 0 0
55.1 455.8 2151.5 9 0.9979140759 0.0215161499 0.0608645976 -0.0193121880 0.9991444349 -0.0365702882 -0.0615993775 0.0353185795 0.9974758625
50.9 258.1 2144.5 0.9979140759 0.0215161499 0.0608645976 -0.0193121880 0.9991444349 -0.0365702882 -0.0615993775 0.0353185795 0.9974758625
46.8 64.2 2137.2 0.9979270697 0.0210536439 0.0608136915 -0.0187034477 0.9990656972 -0.0389599428 -0.0615771227 0.0377417579 0.9973884821
-85.5 260.7 2152.9 0.2367500663 -0.8912062645 -0.3869118690 0.9715213180 0.2211659998 0.0850406066 0.0097830333 -0.3960265219 0.9181869626
-148.6 1.5 2150.3 -0.0154216103 -0.8928306699 -0.4501284361 0.9347787499 0.1469126493 -0.3234274983 0.3548955321 -0.4257582724 0.8323335052
187.2 255.6 2136.1 0.1915460229 0.4616405964 0.8661397696 -0.9814442992 0.0821870044 0.1732409596 0.0087896260 -0.8832515478 0.4688171148
238.6 -7.9 2138.4 -0.0819360167 0.4761013687 0.8755649328 -0.9572926760 0.2068102062 -0.2020402700 -0.2772674263 -0.8547262549 0.4388231635
-49.8 -129.6 2137.5 0.9998226166 0.0044644531 -0.0182961728 -0.0073331548 0.9871114492 -0.1598663032 0.0173466448 0.1599721313 0.9869691133
-51.5 -512.7 2075.4 0.9935624003 0.1122430637 -0.0153390868 -0.1062600464 0.9702999592 0.2173172981 0.0392758735 -0.2142883539 0.9759804606
128.8 -133.7 2124.3 0.9963149428 0.0691173300 -0.0507870950 -0.0732343346 0.9937492013 -0.0842570737 0.0446460135 0.0876659378 0.9951489568
102.0 -519.5 2090.2 0.9954905510 -0.0873004422 -0.0371106490 0.0906555653 0.9907261729 0.1012087837 0.0279309191 -0.1041166782 0.9941728115
-144.6 -242.1 2057.8 0 0 0 0 0 0 0 0 0
216.2 -270.3 2062.4 0 0 0 0 0 0 0 0 0
-93.4 -874.7 2155.3 0 0 0 0 0 0 0 0 0
134.6 -889.2 2129.1 0 0 0 0 0 0 0 0 0
55.4 455.8 2149.7 0 0.9978297353 0.0180929713 0.0633126572 -0.0158452559 0.9992324114 -0.0358256400 -0.0639122501 0.0347446837 0.9973505139
51.8 258.3 2142.9 0.9978297353 0.0180929713 0.0633126572 -0.0158452559 0.9992324114 -0.0358256400 -0.0639122501 0.0347446837 0.9973505139
48.3 64.3 2135.5 0.9978385568 0.0177863557 0.0632601008 -0.0153525807 0.9991309047 -0.0387527011 -0.0638943911 0.0376977324 0.9972444177
-84.5 260.4 2151.6 0.2368470430 -0.8921060562 -0.3847729564 0.9715017080 0.2212914228 0.0849381164 0.0093731517 -0.3939249516 0.9190948009
-147.8 0.7 2149.1 -0.0210964344 -0.8934760094 -0.4486151338 0.9329556823 0.1436985284 -0.3300673664 0.3593726158 -0.4255012870 0.8305419683
188.1 256.2 2134.1 0.1910144538 0.4603489041 0.8669442534 -0.9815093279 0.0784496069 0.1745997816 0.0123653784 -0.8842650056 0.4668217599
238.8 -4.3 2137.4 -0.0790897608 0.4750531614 0.8763956428 -0.9578176141 0.2074404806 -0.1988814473 -0.2762791812 -0.8551566601 0.4386078715
-46.7 -128.1 2135.4 0.9998629689 0.0058933226 -0.0154714324 -0.0083086090 0.9869156480 -0.1610230654 0.0143200373 0.1611295491 0.9868293405
-49.0 -511.2 2072.8 0.9931121469 0.1165619344 -0.0118980221 -0.1102920920 0.9642769098 0.2408437282 0.0395461991 -0.2378725708 0.9704909921
132.1 -131.4 2124.3 0.9959110618 0.0759204179 -0.0489618778 -0.0803182945 0.9922137856 -0.0951881856 0.0413539223 0.0987315029 0.9942544699
102.6 -516.6 2086.0 0.9958978891 -0.0851010829 -0.0307433046 0.0883849040 0.9876825809 0.1291169822 0.0193766318 -0.1313045770 0.9911527038
-142.3 -242.4 2055.4 0 0 0 0 0 0 0 0 0
217.1 -266.9 2061.7 0 0 0 0 0 0 0 0 0
-92.5 -870.9 2161.6 0 0 0 0 0 0 0 0 0
134.4 -885.1 2135.0 0 0 0 0 0 0 0 0 0
55.2 454.9 2149.8 1 0.9979515672 0.0173984170 0.0615628920 -0.0150155900 0.9991279840 -0.0389587618 -0.0621870309 0.0379545540 0.9973425865
51.7 257.6 2142.4 0.9979515672 0.0173984170 0.0615628920 -0.0150155900 0.9991279840 -0.0389587618 -0.0621870309 0.0379545540 0.9973425865
48.5 63.7 2134.3 0.9979691505 0.0165649205 0.0615072846 -0.0139794350 0.9990100861 -0.0422304012 -0.0621459410 0.0412847996 0.9972128272
-84.6 259.5 2150.8 0.2371632457 -0.8914264441 -0.3861508667 0.9713935852 0.2225848287 0.0827677697 0.0121699497 -0.3947339654 0.9187148809
-147.8 0.8 2147.6 -0.0353164896 -0.8920233250 -0.4506075382 0.9293873906 0.1364503652 -0.3429583311 0.3674123883 -0.4309010208 0.8242162466
188.1 255.7 2133.9 0.1928701550 0.4626874924 0.8652868867 -0.9811164737 0.0778622478 0.1770536453 0.0145473238 -0.8830955625 0.4689676166
239.0 -3.4 2137.7 -0.0751172379 0.4775398672 0.8753930926 -0.9572429061 0.2114072293 -0.1974665076 -0.2793625593 -0.8527969718 0.4412413239
-44.5 -128.3 2133.9 0.9998079538 0.0097645875 -0.0169914365 -0.0122735817 0.9879221320 -0.1544644386 0.0152779343 0.1546433270 0.9878522158
-48.3 -511.8 2073.9 0.9922875166 0.1233939454 -0.0118074575 -0.1167728379 0.9624809623 0.2449376434 0.0415882766 -0.2416697741 0.9694669247
134.3 -131.0 2122.5 0.9952242970 0.0838540420 -0.0499714650 -0.0881198943 0.9920026064 -0.0903642029 0.0419944189 0.0943361297 0.9946542978
101.7 -516.1 2085.9 0.9955129027 -0.0896125436 -0.0303918105 0.0928126872 0.9872779250 0.1291051805 0.0184357204 -0.1313466132 0.9911650419
-138.6 -241.4 2051.9 0 0 0 0 0 0 0 0 0
218.4 -265.9 2061.1 0 0 0 0 0 0 0 0 0
-94.3 -871.0 2164.1 0 0 0 0 0 0 0 0 0
135.2 -884.6 2134.9 0 0 0 0 0 0 0 0 0
55.9 453.3 2149.4 2 0.9984843135 0.0163938422 0.0525387898 -0.0140975183 0.9989415407 -0.0437836275 -0.0532009639 0.0429765992 0.9976586103
52.6 256.1 2140.9 0.9984843135 0.0163938422 0.0525387898 -0.0140975183 0.9989415407 -0.0437836275 -0.0532009639 0.0429765992 0.9976586103
49.9 62.2 2132.3 0.9985172749 0.0143138692 0.0525198989 -0.0119519979 0.9989148974 -0.0450126640 -0.0531072170 0.0443182029 0.9976049066
-83.8 257.7 2148.2 0.2444341928 -0.8870512247 -0.3916529715 0.9696354270 0.2268026918 0.0914749801 0.0076849498 -0.4021202028 0.9155546427
-148.3 1.8 2146.2 -0.0445858650 -0.8871384263 -0.4593446851 0.9287219644 0.1326076090 -0.3462523520 0.3680863678 -0.4420414865 0.8179925084
189.0 254.4 2133.7 0.1900802255 0.4702412784 0.8618251681 -0.9817258120 0.0828487873 0.1713198274 0.0091604777 -0.8786405325 0.4773959219
239.0 -3.5 2136.1 -0.0670466498 0.4829158485 0.8730962276 -0.9596449137 0.2083120942 -0.1889118105 -0.2731050253 -0.8505282998 0.4494611323
-44.1 -129.0 2131.9 0.9995955229 0.0123289479 -0.0256271716 -0.0160824284 0.9882721901 -0.1518532187 0.0234544296 0.1522039473 0.9880707860
-48.9 -512.7 2072.8 0.9944770336 0.1032855883 -0.0186402462 -0.0952794626 0.9629333019 0.2523514926 0.0440135859 -0.2491817325 0.9674561024
134.7 -131.5 2120.8 0.9945805073 0.0862722099 -0.0580231734 -0.0909579471 0.9923346043 -0.0836580023 0.0503610447 0.0884822905 0.9948038459
101.2 -516.7 2086.4 0.9948747754 -0.0932338014 -0.0391364917 0.0973433480 0.9878404737 0.1212249547 0.0273583457 -0.1244133264 0.9918532372
-136.7 -240.2 2050.3 0 0 0 0 0 0 0 0 0
220.6 -266.6 2061.2 0 0 0 0 0 0 0 0 0
-87.4 -872.0 2165.8 0 0 0 0 0 0 0 0 0
136.0 -885.4 2132.8 0 0 0 0 0 0 0 0 0
56.1 456.2 2148.7 3 0.9988707304 0.0164807476 0.0445605554 -0.0145498514 0.9989555478 -0.0433143936 -0.0452278666 0.0426171310 0.9980672598
52.8 258.7 2140.3 0.9988707304 0.0164807476 0.0445605554 -0.0145498514 0.9989555478 -0.0433143936 -0.0452278666 0.0426171310 0.9980672598
49.9 64.8 2131.8 0.9988965392 0.0148866465 0.0445429683 -0.0129056918 0.9989289045 -0.0444346592 -0.0451567434 0.0438107699 0.9980188012
-83.6 260.4 2146.4 0.2372566313 -0.8853554130 -0.3998187780 0.9713976979 0.2203661650 0.0884605199 0.0097875251 -0.4093708694 0.9123155475
-147.7 -1.7 2143.8 -0.0376589186 -0.8855773211 -0.4629628956 0.9314204454 0.1367197037 -0.3372887075 0.3619913757 -0.4439150393 0.8196960688
189.3 256.9 2134.1 0.1861503273 0.4763144255 0.8593443036 -0.9825143814 0.0869731084 0.1646241695 0.0036730231 -0.8749629855 0.4841758609
238.9 -4.7 2135.1 -0.0631516948 0.4883076847 0.8703835011 -0.9593501091 0.2106657922 -0.1877957433 -0.2750621438 -0.8468621373 0.4551541507
-42.4 -130.7 2128.5 0.9992824793 0.0175762437 -0.0335497074 -0.0223037954 0.9890042543 -0.1461953670 0.0306112375 0.1468387544 0.9886866808
-49.2 -514.6 2071.5 0.9939415455 0.1072407141 -0.0240760855 -0.0978855193 0.9633257985 0.2498436719 0.0499865264 -0.2459733039 0.9679868221
136.5 -132.8 2119.0 0.9937294722 0.0906464159 -0.0654600263 -0.0955900550 0.9924524426 -0.0768162981 0.0580028407 0.0825919434 0.9948940873
101.3 -518.1 2086.9 0.9942700267 -0.0965238810 -0.0459369496 0.1015512720 0.9870826006 0.1239165217 0.0333826616 -0.1278714389 0.9912287593
-137.9 -244.3 2049.5 0 0 0 0 0 0 0 0 0
221.6 -267.7 2059.7 0 0 0 0 0 0 0 0 0
-89.2 -874.2 2163.3 0 0 0 0 0 0 0 0 0
137.4 -886.6 2134.6 0 0 0 0 0 0 0 0 0
55.5 457.2 2148.8 4 0.9988736510 0.0167132691 0.0444086008 -0.0147177847 0.9988836050 -0.0448877774 -0.0451092459 0.0441836193 0.9980044961
52.2 259.7 2140.1 0.9988736510 0.0167132691 0.0444086008 -0.0147177847 0.9988836050 -0.0448877774 -0.0451092459 0.0441836193 0.9980044961
49.4 65.8 2131.5 0.9989113808 0.0142906746 0.0444054529 -0.0122861657 0.9989073277 -0.0450906008 -0.0450013094 0.0444959402 0.9979954958
-84.3 261.4 2146.2 0.2370480597 -0.8852837086 -0.4001012444 0.9714352489 0.2206750810 0.0872698948 0.0110337613 -0.4093596339 0.9123063684
-147.7 1.4 2143.3 -0.0374630541 -0.8856380582 -0.4628626108 0.9333618879 0.1344519407 -0.3328036070 0.3569763005 -0.4444861710 0.8215838075
188.7 258.0 2133.9 0.1887835562 0.4756440818 0.8591411114 -0.9820185900 0.0918408260 0.1649384648 -0.0004522271 -0.8748302460 0.4844293594
238.7 -2.3 2133.8 -0.0728385821 0.4870403707 0.8703368306 -0.9601086974 0.2019796073 -0.1933793575 -0.2699738443 -0.8497034311 0.4528997838
-42.4 -128.0 2127.3 0.9992956519 0.0166194420 -0.0336443037 -0.0214265864 0.9887572527 -0.1479864717 0.0308065955 0.1486031264 0.9884169698
-48.9 -511.9 2069.6 0.9924512506 0.1202710122 -0.0239867587 -0.1095981970 0.9575534463 0.2666077316 0.0550337844 -0.2619662881 0.9635065794
136.5 -130.3 2119.2 0.9941892624 0.0854906067 -0.0654142871 -0.0903705284 0.9930282235 -0.0756840855 0.0584879592 0.0811558366 0.9949838519
103.4 -515.8 2087.7 0.9962010384 -0.0726145655 -0.0480686054 0.0776735842 0.9905022979 0.1134548038 0.0393735915 -0.1167574525 0.9923796654
-138.0 -241.7 2050.3 0 0 0 0 0 0 0 0 0
218.8 -265.6 2059.8 0 0 0 0 0 0 0 0 0
-93.8 -869.2 2167.4 0 0 0 0 0 0 0 0 0
130.4 -885.4 2131.3 0 0 0 0 0 0 0 0 0
55.9 457.9 2148.9 5 0.9985752702 0.0209205654 0.0490891859 -0.0186179187 0.9987258315 -0.0469047464 -0.0500079133 0.0459239818 0.9976924062
51.7 260.4 2139.8 0.9985752702 0.0209205654 0.0490891859 -0.0186179187 0.9987258315 -0.0469047464 -0.0500079133 0.0459239818 0.9976924062
48.1 66.5 2131.1 0.9986189008 0.0186719503 0.0491082035 -0.0164161008 0.9988090396 -0.0459451713 -0.0499076061 0.0450755544 0.9977361560
-84.7 262.7 2146.6 0.2391746491 -0.8868771195 -0.3952777088 0.9709281921 0.2225126773 0.0882417485 0.0096947150 -0.4048914611 0.9143133759
-148.6 3.5 2144.0 -0.0280672852 -0.8880241513 -0.4589393139 0.9361666441 0.1376030892 -0.3235079646 0.3504343629 -0.4387236536 0.8274764419
188.2 258.2 2133.0 0.1907588392 0.4710523188 0.8612321019 -0.9816331267 0.0939874575 0.1660204977 -0.0027406737 -0.8770838380 0.4803294837
238.5 -1.1 2132.3 -0.0669840351 0.4817069471 0.8737686276 -0.9611414075 0.2039030194 -0.1860934645 -0.2678065896 -0.8522804379 0.4493302107
-42.8 -127.0 2126.8 0.9994160533 0.0177141838 -0.0292198975 -0.0216020141 0.9901102781 -0.1386179477 0.0264754184 0.1391682178 0.9899147749
-49.7 -511.4 2072.8 0.9921374321 0.1234442741 -0.0206105541 -0.1151080653 0.9646913409 0.2368980646 0.0491265319 -0.2326630056 0.9713158607
136.1 -129.2 2118.8 0.9948084950 0.0806952938 -0.0620027669 -0.0860648826 0.9922646284 -0.0894636288 0.0543038584 0.0943354368 0.9940583110
104.8 -514.4 2082.2 0.9971131086 -0.0644205734 -0.0401929244 0.0700022802 0.9849634767 0.1579451114 0.0294136479 -0.1603027433 0.9866295457
-141.2 -240.4 2052.7 0 0 0 0 0 0 0 0 0
220.2 -264.6 2058.9 0 0 0 0 0 0 0 0 0
-95.8 -871.3 2159.6 0 0 0 0 0 0 0 0 0
128.8 -881.7 2141.9 0 0 0 0 0 0 0 0 0
55.1 458.3 2149.4 6 0.9985694289 0.0216736272 0.0488810614 -0.0192162022 0.9985545278 -0.0501950495 -0.0498983152 0.0491839349 0.9975425005
50.8 260.9 2139.7 0.9985694289 0.0216736272 0.0488810614 -0.0192162022 0.9985545278 -0.0501950495 -0.0498983152 0.0491839349 0.9975425005
46.9 67.1 2130.5 0.9986006618 0.0201007035 0.0489145853 -0.0177217294 0.9986614585 -0.0485921875 -0.0498258509 0.0476573408 0.9976202250
-85.6 263.3 2146.5 0.2416063398 -0.8868026733 -0.3939636946 0.9703506231 0.2236324996 0.0916961581 0.0067866859 -0.4044372737 0.9145405293
-149.4 7.0 2144.7 -0.0281636305 -0.8880556822 -0.4588724971 0.9367935658 0.1367089301 -0.3220690787 0.3487472236 -0.4389394224 0.8280745745
187.3 258.5 2132.9 0.1936077476 0.4706179202 0.8608337641 -0.9810545444 0.0990663320 0.1664866805 -0.0069280285 -0.8767580390 0.4808818698
238.4 -0.7 2131.1 -0.0612149537 0.4800337851 0.8751115799 -0.9623726606 0.2041696906 -0.1793142110 -0.2647481561 -0.8531602025 0.4494731724
-45.0 -125.9 2126.8 0.9994404316 0.0157680362 -0.0294992197 -0.0197097398 0.9901658297 -0.1385033429 0.0270251930 0.1390072554 0.9899225235
-51.1 -510.3 2072.8 0.9937442541 0.1095700562 -0.0216034390 -0.1014066935 0.9663314223 0.2364746928 0.0467866287 -0.2328046411 0.9713974595
133.9 -128.8 2117.9 0.9949652553 0.0797498599 -0.0606972091 -0.0840965882 0.9937954545 -0.0727896616 0.0545156486 0.0775276124 0.9954985976
103.0 -514.6 2087.8 0.9960573316 -0.0766717046 -0.0446234569 0.0813711956 0.9899893403 0.1153251231 0.0353345722 -0.1185014993 0.9923250079
-142.1 -237.1 2053.9 0 0 0 0 0 0 0 0 0
221.6 -264.6 2058.5 0 0 0 0 0 0 0 0 0
-92.0 -870.9 2159.7 0 0 0 0 0 0 0 0 0
131.6 -883.6 2131.9 0 0 0 0 0 0 0 0 0
55.6 458.6 2149.2 7 0.9986320138 0.0208814610 0.0479385741 -0.0182526000 0.9983395338 -0.0546357185 -0.0489998460 0.0536859743 0.9973549247
51.4 261.1 2138.6 0.9986320138 0.0208814610 0.0479385741 -0.0182526000 0.9983395338 -0.0546357185 -0.0489998460 0.0536859743 0.9973549247
47.6 67.3 2128.9 0.9986528158 0.0196634475 0.0480194837 -0.0172262695 0.9985678792 -0.0506507605 -0.0489466824 0.0497553311 0.9975613356
-85.0 263.5 2145.3 0.2394949794 -0.8864836693 -0.3959657848 0.9708054066 0.2242723405 0.0850812495 0.0133810351 -0.4047822356 0.9143152237
-148.5 6.1 2141.7 -0.0293459408 -0.8876909614 -0.4595035911 0.9365347624 0.1362454593 -0.3230167627 0.3493443429 -0.4398203194 0.8273552060
187.9 258.8 2131.9 0.1911630332 0.4717509747 0.8607599735 -0.9815240502 0.0991974398 0.1636166126 -0.0081988908 -0.8761340380 0.4819978178
238.3 -0.2 2129.7 -0.0689827651 0.4815588295 0.8736947179 -0.9617899656 0.2004944384 -0.1864459068 -0.2649556100 -0.8531723619 0.4493277967
-46.4 -125.2 2125.7 0.9993944764 0.0167266894 -0.0305112265 -0.0211354438 0.9883932471 -0.1504396796 0.0276407320 0.1509934515 0.9881482720
