-54.9 467.1 2130.8 3 0.9978169799 0.0329376347 -0.0572400019 -0.0279612672 0.9959316254 0.0856639668 0.0598286986 -0.0838764533 0.9946784973
-61.6 262.4 2148.0 0.9978169799 0.0329376347 -0.0572400019 -0.0279612672 0.9959316254 0.0856639668 0.0598286986 -0.0838764533 0.9946784973
-66.9 67.1 2162.7 0.9979822040 0.0268884525 -0.0575194210 -0.0224564653 0.9968276620 0.0763568133 0.0593900643 -0.0749110579 0.9954200983
-203.8 265.6 2139.6 0.1641831845 -0.8471706510 -0.5053175092 0.9859637618 0.1251915097 0.1104653701 -0.0303215533 -0.5163612962 0.8558338284
-246.7 8.1 2147.5 0.0108262636 -0.8473870754 -0.5308652520 0.9571753144 0.1623829454 -0.2396814674 0.2893064320 -0.5055362582 0.8128559589
80.6 259.2 2156.5 0.0753226355 0.7227873802 0.6869533062 -0.9953288436 0.0962190554 0.0078969942 -0.0603901558 -0.6843392849 0.7266586423
101.2 -13.5 2140.0 -0.0524863116 0.7290334702 0.6824627519 -0.9517633915 0.1703664958 -0.2551896274 -0.3023105860 -0.6629370451 0.6849254370
-164.1 -123.4 2170.9 0.8888153434 -0.0029599846 -0.4582559168 -0.0005660275 0.9999712706 -0.0075568990 0.4582651258 0.0069760736 0.8887881637
-163.0 -515.1 2168.2 0.8867369890 0.0639487728 -0.4578297138 -0.0500170998 0.9978435636 0.0425023958 0.4595604241 -0.0147891333 0.8880233765
16.3 -128.2 2179.8 0.9376295805 -0.0379842743 0.3455545008 0.0529775396 0.9980151653 -0.0340450704 -0.3435754776 0.0502282940 0.9377809167
31.2 -519.1 2160.1 0.9389759898 0.0160728190 0.3436070085 -0.0203327574 0.9997545481 0.0087981224 -0.3433812857 -0.0152477035 0.9390723109
-249.7 -258.9 2066.8 0 0 0 0 0 0 0 0 0
86.4 -281.6 2054.8 0 0 0 0 0 0 0 0 0
-187.1 -890.9 2173.8 0 0 0 0 0 0 0 0 0
25.2 -895.5 2165.9 0 0 0 0 0 0 0 0 0
-55.3 469.6 2129.5 4 0.9975727201 0.0302365236 -0.0627251267 -0.0247905981 0.9959993362 0.0858528912 0.0650700778 -0.0840895101 0.9943313599
-61.5 263.9 2146.9 0.9975727201 0.0302365236 -0.0627251267 -0.0247905981 0.9959993362 0.0858528912 0.0650700778 -0.0840895101 0.9943313599
-66.2 68.7 2162.0 0.9977355599 0.0237508938 -0.0629258454 -0.0187798627 0.9967415929 0.0784441978 0.0645839274 -0.0770848319 0.9949305654
-203.7 266.6 2137.7 0.1726148576 -0.8435209990 -0.5086024404 0.9843640924 0.1293330491 0.1195840240 -0.0350925289 -0.5212919712 0.8526565433
-250.0 3.0 2147.1 0.0130261807 -0.8436784744 -0.5366907120 0.9559802413 0.1678610742 -0.2406749427 0.2931417525 -0.5099306703 0.8087265491
80.6 261.3 2156.1 0.0791651234 0.7258340120 0.6832992435 -0.9950488210 0.0988550186 0.0102748843 -0.0600896999 -0.6807295084 0.7300661206
102.7 -16.2 2139.3 -0.0592396110 0.7313165665 0.6794606447 -0.9526733756 0.1618888825 -0.2573041320 -0.2981678843 -0.6625466943 0.6871156096
-162.4 -126.0 2172.0 0.8864338994 0.0066802362 -0.4628070593 -0.0080402726 0.9999672174 -0.0009661757 0.4627854228 0.0045775459 0.8864585161
-165.0 -517.7 2170.2 0.8850263357 0.0522823408 -0.4625958800 -0.0495424308 0.9986084104 0.0180789120 0.4628973305 0.0069178101 0.8863849044
18.0 -130.1 2182.7 0.9391059875 -0.0364537090 0.3416885436 0.0578394942 0.9969388247 -0.0526072495 -0.3387248516 0.0691668764 0.9383397102
32.3 -520.5 2155.7 0.9407443404 0.0304547064 0.3377464116 -0.0417495780 0.9987838268 0.0262268055 -0.3365369141 -0.0387734883 0.9408716559
-253.6 -263.6 2065.3 0 0 0 0 0 0 0 0 0
86.0 -284.6 2055.3 0 0 0 0 0 0 0 0 0
-184.7 -893.7 2167.6 0 0 0 0 0 0 0 0 0
20.8 -896.5 2170.3 0 0 0 0 0 0 0 0 0
-54.4 468.9 2134.4 5 0.9984202981 0.0275231060 -0.0489837937 -0.0239413287 0.9970982075 0.0722632930 0.0508305617 -0.0709764063 0.9961820245
-60.0 264.5 2149.0 0.9984202981 0.0275231060 -0.0489837937 -0.0239413287 0.9970982075 0.0722632930 0.0508305617 -0.0709764063 0.9961820245
-64.2 69.1 2161.9 0.9985643029 0.0213757623 -0.0491163321 -0.0180666186 0.9975990057 0.0668567643 0.0504275151 -0.0658734068 0.9965529442
-202.3 267.0 2141.8 0.1752915084 -0.8499240875 -0.4968922734 0.9842533469 0.1396166831 0.1084091440 -0.0227650851 -0.5080710649 0.8610142469
-248.7 6.5 2147.8 0.0129339667 -0.8499094844 -0.5267699361 0.9544100761 0.1676120162 -0.2469972968 0.2982183099 -0.4995598495 0.8133300543
82.3 261.9 2156.1 0.0763642788 0.7171071172 0.6927668452 -0.9953970909 0.0951801836 0.0111991446 -0.0579066873 -0.6904332638 0.7210747004
103.5 -14.2 2140.1 -0.0707869679 0.7229697704 0.6872437000 -0.9526587725 0.1552324295 -0.2614271939 -0.2956864536 -0.6732143760 0.6777550578
-161.0 -124.8 2171.3 0.8928623199 0.0070876912 -0.4502739012 -0.0061193975 0.9999747872 0.0036061001 0.4502881169 -0.0004643460 0.8928831816
-163.8 -516.5 2171.4 0.8912089467 0.0556434803 -0.4501670897 -0.0548897795 0.9983836412 0.0147395916 0.4502595961 0.0115735158 0.8928226829
19.3 -128.2 2182.9 0.9345893860 -0.0334414020 0.3541529775 0.0521841645 0.9976894855 -0.0435027666 -0.3518798947 0.0591384023 0.9341751337
32.4 -518.9 2159.8 0.9355128407 0.0348944664 0.3515652120 -0.0430464745 0.9989544153 0.0153955678 -0.3506604135 -0.0295363944 0.9360367656
-252.3 -259.8 2064.6 0 0 0 0 0 0 0 0 0
83.5 -282.5 2056.8 0 0 0 0 0 0 0 0 0
-184.8 -892.5 2167.1 0 0 0 0 0 0 0 0 0
19.3 -895.1 2170.9 0 0 0 0 0 0 0 0 0
-54.7 470.5 2136.3 6 0.9978344440 0.0287568141 -0.0591566041 -0.0247207880 0.9973884225 0.0678616017 0.0609535947 -0.0662522465 0.9959394336
-60.6 267.1 2149.9 0.9978344440 0.0287568141 -0.0591566041 -0.0247207880 0.9973884225 0.0678616017 0.0609535947 -0.0662522465 0.9959394336
-65.5 71.7 2161.6 0.9979225993 0.0250910036 -0.0593377501 -0.0214543696 0.9978980422 0.0611493289 0.0607473217 -0.0597492419 0.9963632822
-202.8 270.2 2141.2 0.1634621620 -0.8471877575 -0.5055224895 0.9862470627 0.1276383549 0.1050010920 -0.0244315788 -0.5157337785 0.8564004898
-246.5 6.6 2147.7 0.0245596338 -0.8470404744 -0.5309607387 0.9551110864 0.1767303348 -0.2377587706 0.2952281535 -0.5012871623 0.8133581281
81.6 264.1 2158.5 0.0900581256 0.7231898904 0.6847524643 -0.9934440255 0.1138435006 0.0104230931 -0.0704167411 -0.6812018752 0.7287012339
106.6 -11.0 2139.0 -0.0866215229 0.7251980901 0.6830698252 -0.9552443624 0.1342079043 -0.2636217177 -0.2828513384 -0.6753339767 0.6811161041
-158.7 -124.7 2170.2 0.8880472183 0.0153973708 -0.4594942927 -0.0140418941 0.9998811483 0.0063671628 0.4595377147 0.0007978290 0.8881579041
-164.7 -516.3 2169.9 0.8866682053 0.0556262285 -0.4590482116 -0.0480333939 0.9984472394 0.0282109194 0.4599047005 -0.0029640801 0.8879633546
21.8 -127.9 2179.3 0.9387642741 -0.0229298137 0.3437962234 0.0369241908 0.9987322092 -0.0342131890 -0.3425758779 0.0448125191 0.9384208322
30.8 -519.1 2161.8 0.9392017722 0.0176009201 0.3429143727 -0.0176188536 0.9998400807 -0.0030632936 -0.3429134488 -0.0031647072 0.9393616915
-253.3 -259.8 2065.4 0 0 0 0 0 0 0 0 0
82.2 -280.1 2059.3 0 0 0 0 0 0 0 0 0
-185.7 -892.3 2171.0 0 0 0 0 0 0 0 0 0
24.2 -895.4 2163.0 0 0 0 0 0 0 0 0 0
-55.2 470.2 2131.8 7 0.9985304475 0.0296730101 -0.0453483760 -0.0258847121 0.9962998033 0.0819552988 0.0476124361 -0.0806610361 0.9956037402
-61.3 266.1 2148.3 0.9985304475 0.0296730101 -0.0453483760 -0.0258847121 0.9962998033 0.0819552988 0.0476124361 -0.0806610361 0.9956037402
-66.2 70.8 2162.5 0.9986441731 0.0251359269 -0.0455854833 -0.0217489116 0.9970704317 0.0733317807 0.0472952016 -0.0722409189 0.9962652326
-203.6 269.2 2141.6 0.1632692069 -0.8530133963 -0.4956927896 0.9862792492 0.1286849827 0.1034088656 -0.0244209301 -0.5057749748 0.8623197079
-246.4 10.3 2148.0 0.0274886154 -0.8527085185 -0.5216632485 0.9548449516 0.1768387109 -0.2387450188 0.2958301604 -0.4915447533 0.8190654516
81.1 263.0 2155.1 0.0843328163 0.7144650817 0.6945701241 -0.9950008988 0.0977997780 0.0202091988 -0.0534900315 -0.6928021908 0.7191411257
104.1 -9.4 2140.4 -0.0687413961 0.7195253968 0.6910555959 -0.9552652836 0.1522534937 -0.2535490990 -0.2876506448 -0.6775707006 0.6768714786
-160.6 -121.8 2167.8 0.8943751454 0.0083225006 -0.4472402334 -0.0005322110 0.9998459816 0.0175414067 0.4473173320 -0.0154505726 0.8942418694
-163.9 -513.4 2173.8 0.8919849396 0.0657306463 -0.4472609758 -0.0660718754 0.9977042675 0.0148562761 0.4472106993 0.0162997954 0.8942801356
19.8 -125.7 2178.7 0.9338048100 -0.0289878957 0.3566066921 0.0394834504 0.9989739060 -0.0221860223 -0.3555976450 0.0347974747 0.9339911342
31.1 -516.9 2165.1 0.9340722561 0.0168440957 0.3566865623 -0.0084851822 0.9996517897 -0.0249868054 -0.3569832444 0.0203129314 0.9338899255
-254.1 -256.1 2065.5 0 0 0 0 0 0 0 0 0
84.8 -278.5 2059.4 0 0 0 0 0 0 0 0 0
-188.6 -889.1 2167.7 0 0 0 0 0 0 0 0 0
24.8 -893.2 2157.5 0 0 0 0 0 0 0 0 0
-54.2 469.9 2128.5 8 0.9981243610 0.0352425948 -0.0500567704 -0.0304276478 0.9951173067 0.0938921645 0.0531213619 -0.0921929479 0.9943231940
-61.4 266.6 2147.4 0.9981243610 0.0352425948 -0.0500567704 -0.0304276478 0.9951173067 0.0938921645 0.0531213619 -0.0921929479 0.9943231940
-67.2 71.5 2163.4 0.9982884526 0.0296571907 -0.0504049435 -0.0253940579 0.9962084889 0.0832091197 0.0526815839 -0.0817867145 0.9952565432
-203.7 270.3 2139.9 0.1598362029 -0.8506215215 -0.5008946061 0.9867113829 0.1226577163 0.1065631583 -0.0292063244 -0.5112710595 0.8589230776
-246.2 7.6 2147.6 0.0350551717 -0.8500741124 -0.5254951119 0.9560051560 0.1817611754 -0.2302543521 0.2912478745 -0.4943044186 0.8190469146
80.8 263.0 2154.9 0.0792304501 0.7179729342 0.6915470958 -0.9954591990 0.0937008858 0.0167681668 -0.0527594835 -0.6897354126 0.7221367359
102.6 -9.7 2140.4 -0.0678975582 0.7236796618 0.6867879033 -0.9541486502 0.1540469974 -0.2566513419 -0.2915309966 -0.6727237701 0.6800385714
-161.3 -122.5 2172.3 0.8919973373 0.0043385453 -0.4520198405 -0.0063192141 0.9999759197 -0.0028721772 0.4519965053 0.0054183844 0.8920032382
-163.0 -514.1 2170.2 0.8900215030 0.0608408116 -0.4518408477 -0.0594637245 0.9980812073 0.0172628891 0.4520241618 0.0115037980 0.8919315338
19.2 -126.4 2180.9 0.9352706075 -0.0338637829 0.3523096740 0.0494031794 0.9981581569 -0.0352074690 -0.3504685163 0.0503337309 0.9352210164
32.5 -517.3 2161.2 0.9358607531 0.0332152732 0.3508010805 -0.0362386964 0.9993410707 0.0020552545 -0.3505016267 -0.0146360053 0.9364477396
-256.0 -259.1 2066.4 0 0 0 0 0 0 0 0 0
83.4 -278.5 2058.3 0 0 0 0 0 0 0 0 0
-185.9 -889.9 2165.9 0 0 0 0 0 0 0 0 0
20.0 -893.3 2166.7 0 0 0 0 0 0 0 0 0
-55.9 471.2 2132.9 9 0.9984028935 0.0290062279 -0.0484793149 -0.0248932801 0.9962061048 0.0833893120 0.0507141985 -0.0820493251 0.9953371286
-61.8 268.0 2149.6 0.9984028935 0.0290062279 -0.0484793149 -0.0248932801 0.9962061048 0.0833893120 0.0507141985 -0.0820493251 0.9953371286
-66.6 72.8 2163.9 0.9985111952 0.0245017484 -0.0487342887 -0.0208594482 0.9970481396 0.0738911182 0.0504008941 -0.0727645382 0.9960748553
-204.1 271.0 2142.5 0.1554944813 -0.8519093990 -0.5000718832 0.9876943827 0.1254843175 0.0933461189 -0.0167712606 -0.5084329844 0.8609382510
-245.7 6.6 2146.9 0.0391358584 -0.8511079550 -0.5235299468 0.9560718536 0.1842174828 -0.2280142307 0.2905080914 -0.4916087091 0.8209298849
80.5 265.1 2156.8 0.0728532597 0.7168662548 0.6933939457 -0.9956129193 0.0932033435 0.0082482966 -0.0587137081 -0.6909528971 0.7205114961
100.7 -10.4 2140.6 -0.0582742132 0.7232227921 0.6881517768 -0.9531232119 0.1647143215 -0.2538214028 -0.2969178855 -0.6706846952 0.6797218323
-163.3 -121.3 2174.6 0.8929621577 -0.0017983622 -0.4501281679 -0.0050595491 0.9998887181 -0.0140318880 0.4501033127 0.0148073910 0.8928537369
-162.6 -512.9 2168.8 0.8910211325 0.0601678900 -0.4499568939 -0.0583945140 0.9981342554 0.0178347938 0.4501904845 0.0103838379 0.8928721547
17.2 -125.9 2184.2 0.9342765808 -0.0372794233 0.3545948863 0.0572488979 0.9973001480 -0.0459891818 -0.3519230783 0.0632667840 0.9338883758
31.8 -516.4 2159.4 0.9354934096 0.0268886201 0.3523195684 -0.0299905110 0.9995445609 0.0033479589 -0.3520690799 -0.0136982370 0.9358737469
-256.6 -260.1 2065.9 0 0 0 0 0 0 0 0 0
84.3 -278.9 2056.9 0 0 0 0 0 0 0 0 0
-185.2 -888.8 2164.9 0 0 0 0 0 0 0 0 0
21.7 -892.7 2164.5 0 0 0 0 0 0 0 0 0
-54.9 473.0 2129.1 0 0.9982184172 0.0309701730 -0.0509983860 -0.0260122940 0.9951218367 0.0951627046 0.0536968112 -0.0936665833 0.9941545129
-61.2 269.6 2148.2 0.9982184172 0.0309701730 -0.0509983860 -0.0260122940 0.9951218367 0.0951627046 0.0536968112 -0.0936665833 0.9941545129
-66.6 74.6 2164.6 0.9983045459 0.0274971128 -0.0513029099 -0.0230798237 0.9961313605 0.0847913921 0.0534359552 -0.0834635720 0.9950770736
-203.5 272.9 2140.6 0.1600533724 -0.8498873115 -0.5020701885 0.9867406487 0.1238707229 0.1048758104 -0.0269408263 -0.5121988058 0.8584442735
-246.2 9.4 2147.8 0.0297467392 -0.8495737314 -0.5266304612 0.9556169510 0.1786672473 -0.2342524976 0.2931063771 -0.4962887466 0.8171818256
81.1 266.4 2155.9 0.0787408799 0.7183906436 0.6911690831 -0.9955611825 0.0925214067 0.0172531586 -0.0515534319 -0.6894596815 0.7224870920
102.9 -10.2 2141.5 -0.0769452900 0.7246066928 0.6848536730 -0.9513422847 0.1522018164 -0.2679225802 -0.2983744740 -0.6721456051 0.6776377559
-161.6 -120.6 2173.6 0.8916808963 0.0026963558 -0.4526565075 -0.0057918695 0.9999683499 -0.0054527638 0.4526274800 0.0074838530 0.8916683197
-162.7 -512.3 2170.7 0.8895156980 0.0633041635 -0.4524979293 -0.0630197674 0.9978884459 0.0157203339 0.4525376260 0.0145328315 0.8916268945
18.9 -124.4 2182.7 0.9354203939 -0.0333862975 0.3519574106 0.0505584702 0.9979313612 -0.0397098958 -0.3499035835 0.0549398735 0.9351732731
31.9 -515.2 2161.2 0.9357252717 0.0347641073 0.3510123789 -0.0316000134 0.9993919134 -0.0147403292 -0.3513113558 0.0027009032 0.9362547994
-254.5 -257.1 2066.1 0 0 0 0 0 0 0 0 0
81.3 -278.2 2057.5 0 0 0 0 0 0 0 0 0
-186.5 -888.1 2165.2 0 0 0 0 0 0 0 0 0
18.9 -891.5 2160.2 0 0 0 0 0 0 0 0 0
-56.1 473.9 2127.2 1 0.9985286593 0.0327222683 -0.0432405248 -0.0281926673 0.9944357872 0.1015021577 0.0463213064 -0.1001337543 0.9938951731
-62.8 271.1 2147.6 0.9985286593 0.0327222683 -0.0432405248 -0.0281926673 0.9944357872 0.1015021577 0.0463213064 -0.1001337543 0.9938951731
-68.6 76.1 2165.0 0.9986079931 0.0296797436 -0.0436032265 -0.0256639086 0.9956169128 0.0899353027 0.0460813642 -0.0886910781 0.9949926734
-205.1 274.7 2141.0 0.1501016170 -0.8547163606 -0.4969199896 0.9882527590 0.1150987372 0.1005424708 -0.0287404303 -0.5061741471 0.8619523048
-245.4 9.7 2148.8 0.0327315070 -0.8543801904 -0.5186164975 0.9566670060 0.1769988090 -0.2312134653 0.2893387079 -0.4885753393 0.8231508136
79.5 267.4 2154.2 0.0830584317 0.7131733894 0.6960495710 -0.9955481887 0.0906084999 0.0259594992 -0.0445543863 -0.6951070428 0.7175242901
102.7 -10.8 2141.7 -0.0784023553 0.7195225358 0.6900292635 -0.9522817731 0.1507503539 -0.2653937042 -0.2949788868 -0.6779097319 0.6733689904
-162.2 -118.4 2176.1 0.8950288296 0.0005778251 -0.4460079074 -0.0060500251 0.9999228716 -0.0108454730 0.4459672570 0.0124053694 0.8949633241
-162.5 -510.1 2171.2 0.8930264115 0.0606357642 -0.4459003508 -0.0628397316 0.9979749322 0.0098574450 0.4455950856 0.0192172974 0.8950283527
18.2 -122.6 2185.8 0.9326135516 -0.0364130065 0.3590349257 0.0550197735 0.9976124763 -0.0417399928 -0.3566578329 0.0586813018 0.9323903322
32.5 -513.4 2162.8 0.9329150915 0.0340831764 0.3584798276 -0.0259310268 0.9992846847 -0.0275255423 -0.3591615558 0.0163832437 0.9331315756
-254.5 -257.2 2068.0 0 0 0 0 0 0 0 0 0
80.6 -279.1 2058.6 0 0 0 0 0 0 0 0 0
-185.3 -886.0 2164.0 0 0 0 0 0 0 0 0 0
19.7 -889.6 2156.6 0 0 0 0 0 0 0 0 0
-55.2 472.0 2132.2 2 0.9980390072 0.0368733220 -0.0505818054 -0.0323835760 0.9956925511 0.0868775174 0.0535673872 -0.0850691274 0.9949340820
-62.8 269.3 2149.5 0.9980390072 0.0368733220 -0.0505818054 -0.0323835760 0.9956925511 0.0868775174 0.0535673872 -0.0850691274 0.9949340820
-69.3 74.2 2164.4 0.9981504083 0.0332330354 -0.0509050190 -0.0292174499 0.9965491295 0.0776926056 0.0533113144 -0.0760615915 0.9956769347
-205.0 273.5 2141.9 0.1551556289 -0.8511101007 -0.5015360117 0.9875379205 0.1200718060 0.1017429307 -0.0263740998 -0.5110718012 0.8591333032
-245.9 13.3 2148.9 0.0263660923 -0.8509346843 -0.5246093869 0.9574565887 0.1723583043 -0.2314508110 0.2873702943 -0.4961882532 0.8192774653
79.5 265.2 2157.1 0.0834768191 0.7185470462 0.6904503703 -0.9949447513 0.0989134982 0.0173521731 -0.0558265112 -0.6884084940 0.7231715918
102.6 -10.3 2141.7 -0.0776121393 0.7239518762 0.6854706407 -0.9513740540 0.1517980844 -0.2680387199 -0.2981002629 -0.6729420424 0.6769676805
-164.7 -116.6 2178.2 0.8915908933 -0.0035595277 -0.4528277814 -0.0053179152 0.9998178482 -0.0183298923 0.4528105259 0.0187508650 0.8914095759
-163.3 -508.2 2170.8 0.8897538185 0.0589674562 -0.4526157677 -0.0554123744 0.9982401133 0.0211223476 0.4530647397 0.0062868255 0.8914554715
15.8 -121.2 2186.5 0.9354966283 -0.0384334028 0.3512391746 0.0554598272 0.9977168441 -0.0385402031 -0.3489560187 0.0555338934 0.9354922175
30.9 -512.0 2164.8 0.9363076091 0.0171923582 0.3507599235 -0.0083395587 0.9996078014 -0.0267340224 -0.3510819674 0.0221060850 0.9360837340
-253.2 -253.7 2068.7 0 0 0 0 0 0 0 0 0
80.7 -278.3 2057.7 0 0 0 0 0 0 0 0 0
-185.5 -884.2 2168.5 0 0 0 0 0 0 0 0 0
24.4 -888.4 2156.4 0 0 0 0 0 0 0 0 0
-55.8 470.0 2134.8 3 0.9981456399 0.0371519551 -0.0482178554 -0.0332131162 0.9962360859 0.0800655633 0.0510109626 -0.0783156306 0.9956226945
-63.3 267.6 2150.7 0.9981456399 0.0371519551 -0.0482178554 -0.0332131162 0.9962360859 0.0800655633 0.0510109626 -0.0783156306 0.9956226945
-69.8 72.3 2164.4 0.9982762337 0.0330408067 -0.0485057645 -0.0295046680 0.9969760776 0.0718900487 0.0507343896 -0.0703349859 0.9962323904
-205.6 271.8 2143.4 0.1574215889 -0.8524232507 -0.4985910058 0.9871870875 0.1225040779 0.1022465900 -0.0260779448 -0.5082984567 0.8607860804
-246.8 13.7 2150.3 0.0170943066 -0.8525731564 -0.5223282576 0.9553489685 0.1680515260 -0.2430371642 0.2949850261 -0.4948512316 0.8173775673
78.9 263.4 2157.9 0.0833781734 0.7169783711 0.6920911074 -0.9946990013 0.1018231958 0.0143494913 -0.0601826534 -0.6896187663 0.7216675282
102.0 -12.1 2141.2 -0.0791342333 0.7222207189 0.6871207952 -0.9506807923 0.1526943743 -0.2699822783 -0.2999062538 -0.6745974422 0.6745180488
-166.0 -118.4 2174.5 0.8926680684 -0.0003785043 -0.4507145584 -0.0019459275 0.9999870658 -0.0046938062 0.4507105052 0.0050670686 0.8926557899
-165.8 -510.0 2172.5 0.8916201591 0.0433080494 -0.4507082403 -0.0477526933 0.9988580346 0.0015116815 0.4502590001 0.0201746859 0.8926700354
14.5 -123.6 2184.2 0.9346192479 -0.0424852259 0.3531031311 0.0583298616 0.9977062941 -0.0343481302 -0.3508339226 0.0526988804 0.9349536896
31.1 -514.5 2163.5 0.9356926680 0.0167224873 0.3524195552 -0.0106204720 0.9997584820 -0.0192411300 -0.3526561856 0.0142609235 0.9356442690
-251.5 -252.8 2068.0 0 0 0 0 0 0 0 0 0
79.7 -279.9 2056.7 0 0 0 0 0 0 0 0 0
-182.1 -886.2 2164.9 0 0 0 0 0 0 0 0 0
24.8 -891.0 2158.1 0 0 0 0 0 0 0 0 0
-55.7 468.4 2136.0 4 0.9984148741 0.0355081595 -0.0436675549 -0.0320636407 0.9965000153 0.0771984383 0.0462558940 -0.0756759346 0.9960590005
-62.9 266.3 2151.4 0.9984148741 0.0355081595 -0.0436675549 -0.0320636407 0.9965000153 0.0771984383 0.0462558940 -0.0756759346 0.9960590005
-69.1 71.0 2164.5 0.9985215068 0.0319745392 -0.0439596623 -0.0289143920 0.9972273111 0.0685683861 0.0460302196 -0.0671959370 0.9966774583
-205.2 270.4 2144.8 0.1623466462 -0.8537297845 -0.4947615564 0.9865390658 0.1304756105 0.0985735357 -0.0196008477 -0.5041046739 0.8634200692
-247.8 11.5 2150.0 0.0245678294 -0.8534997106 -0.5205138326 0.9547786713 0.1743542254 -0.2408282757 0.2963006496 -0.4910588861 0.8191868663
79.4 262.1 2157.9 0.0766269416 0.7142781019 0.6956544518 -0.9951801896 0.0976119563 0.0093947956 -0.0611936972 -0.6930214167 0.7183151245
100.6 -12.4 2141.0 -0.0757139996 0.7198427916 0.6899954677 -0.9523700476 0.1527914405 -0.2639054358 -0.2953958213 -0.6771123409 0.6739882827
-166.5 -120.3 2173.6 0.8947292566 -0.0043546655 -0.4465877414 0.0013352657 0.9999740720 -0.0070755440 0.4466069639 0.0057343831 0.8947118521
-164.8 -512.0 2171.4 0.8934116960 0.0486098602 -0.4466011226 -0.0559475906 0.9984284043 -0.0032484643 0.4457413554 0.0278884731 0.8947272897
14.0 -125.6 2182.8 0.9329317808 -0.0448340997 0.3572508395 0.0605200380 0.9976264834 -0.0328435451 -0.3549304008 0.0522616208 0.9334308505
31.5 -516.4 2162.3 0.9340407848 0.0217145104 0.3565056622 -0.0166645329 0.9997126460 -0.0172309075 -0.3567773700 0.0101533700 0.9341342449
-254.6 -254.8 2067.3 0 0 0 0 0 0 0 0 0
79.2 -280.7 2057.8 0 0 0 0 0 0 0 0 0
-183.1 -888.0 2160.9 0 0 0 0 0 0 0 0 0
23.4 -892.9 2158.5 0 0 0 0 0 0 0 0 0
-55.7 467.7 2136.1 5 0.9984403849 0.0348115340 -0.0436457396 -0.0315801725 0.9968568683 0.0726576447 0.0460378788 -0.0711659864 0.9964014888
-62.9 263.7 2150.7 0.9984403849 0.0348115340 -0.0436457396 -0.0315801725 0.9968568683 0.0726576447 0.0460378788 -0.0711659864 0.9964014888
-69.6 68.3 2163.0 0.9984430075 0.0343668535 -0.0439374968 -0.0315049663 0.9974365830 0.0642468259 0.0460328273 -0.0627625436 0.9969663024
-205.2 268.2 2144.2 0.1653741300 -0.8537816405 -0.4936682582 0.9859930277 0.1321373284 0.1017714143 -0.0216585528 -0.5035838485 0.8636748195
-248.6 9.4 2149.8 0.0220830608 -0.8536422253 -0.5203915238 0.9534292221 0.1745958775 -0.2459451705 0.3008073866 -0.4907252491 0.8177430034
79.5 259.2 2157.3 0.0833701864 0.7143689394 0.6947851777 -0.9946792126 0.1019973531 0.0144834043 -0.0605197549 -0.6922958493 0.7190714478
102.3 -13.0 2140.7 -0.0798170269 0.7194685936 0.6899233460 -0.9514259696 0.1514783353 -0.2680354416 -0.2973515093 -0.6778047085 0.6724305153
-165.7 -121.7 2173.5 0.8946543336 -0.0032282129 -0.4467473030 0.0018269795 0.9999919534 -0.0035672777 0.4467552602 0.0023752823 0.8946530819
-164.4 -513.5 2172.6 0.8931791782 0.0515216216 -0.4467398822 -0.0603735447 0.9981601834 -0.0055906367 0.4456299245 0.0319647118 0.8946464062
14.9 -127.0 2181.8 0.9332010746 -0.0422389433 0.3568636179 0.0580554679 0.9977436662 -0.0337209627 -0.3546340764 0.0521863215 0.9335476756
31.4 -517.8 2161.4 0.9344167709 0.0187212098 0.3556891382 -0.0167461149 0.9998224974 -0.0086312313 -0.3557876050 0.0021087555 0.9345644712
-254.7 -256.6 2065.9 0 0 0 0 0 0 0 0 0
79.8 -281.1 2056.9 0 0 0 0 0 0 0 0 0
-183.8 -889.4 2160.6 0 0 0 0 0 0 0 0 0
24.4 -894.4 2160.6 0 0 0 0 0 0 0 0 0
-55.1 466.1 2136.7 6 0.9983693361 0.0373588279 -0.0431621075 -0.0343323648 0.9970360994 0.0688501075 0.0456063375 -0.0672559813 0.9966928959
-62.7 262.8 2150.4 0.9983693361 0.0373588279 -0.0431621075 -0.0343323648 0.9970360994 0.0688501075 0.0456063375 -0.0672559813 0.9966928959
-69.5 67.5 2162.3 0.9984570146 0.0346344821 -0.0434049778 -0.0319027714 0.9975585938 0.0621213652 0.0454505496 -0.0606407747 0.9971243143
-205.0 267.4 2143.9 0.1633772701 -0.8542702198 -0.4934878945 0.9863825440 0.1318590194 0.0982987806 -0.0189028885 -0.5028276443 0.8641799688
-247.9 8.3 2148.9 0.0215067584 -0.8541200757 -0.5196309686 0.9545602202 0.1720699072 -0.2433243692 0.2972410917 -0.4907858968 0.8190097213
79.6 258.3 2156.9 0.0837342963 0.7141121626 0.6950052977 -0.9946320057 0.1024442613 0.0145727172 -0.0607927479 -0.6924947500 0.7188569307
102.5 -13.6 2140.3 -0.0740327686 0.7188959122 0.6911641359 -0.9535494447 0.1519011557 -0.2601336241 -0.2919976115 -0.6783175468 0.6742570996
-166.6 -124.2 2171.1 0.8948821425 -0.0029771931 -0.4462926686 0.0014805940 0.9999920726 -0.0037020829 0.4463001192 0.0026521494 0.8948794007
-165.4 -515.9 2170.1 0.8933347464 0.0526072681 -0.4463019669 -0.0564848781 0.9983927608 0.0046219984 0.4458278120 0.0210803207 0.8948704600
13.9 -129.9 2179.5 0.9328283668 -0.0460695624 0.3573637307 0.0632402524 0.9973304272 -0.0365054607 -0.3547279239 0.0566531010 0.9332515597
32.0 -520.5 2157.3 0.9348094463 0.0269276258 0.3541273475 -0.0366757661 0.9991098046 0.0208433382 -0.3532508612 -0.0324724428 0.9349648952
-253.9 -258.0 2066.0 0 0 0 0 0 0 0 0 0
81.7 -282.2 2058.0 0 0 0 0 0 0 0 0 0
-185.2 -891.9 2162.2 0 0 0 0 0 0 0 0 0
21.9 -896.6 2169.5 0 0 0 0 0 0 0 0 0
-55.7 465.5 2137.0 7 0.9982973933 0.0321177468 -0.0486907661 -0.0285805669 0.9970182180 0.0716783553 0.0508477278 -0.0701647103 0.9962386489
-62.3 262.8 2151.3 0.9982973933 0.0321177468 -0.0486907661 -0.0285805669 0.9970182180 0.0716783553 0.0508477278 -0.0701647103 0.9962386489
-67.8 67.4 2163.4 0.9984049201 0.0281400308 -0.0489462763 -0.0250204243 0.9976859093 0.0632202774 0.0506120287 -0.0618947782 0.9967986345
-204.6 266.3 2144.1 0.1642581224 -0.8510953188 -0.4986541867 0.9863116145 0.1343057603 0.0956628546 -0.0144460835 -0.5075417757 0.8615060449
-247.7 7.5 2147.8 0.0299768429 -0.8506192565 -0.5249269605 0.9554281831 0.1786927879 -0.2350018620 0.2936977744 -0.4944853783 0.8180622458
80.0 259.2 2158.5 0.0842924491 0.7169713378 0.6919876337 -0.9943000078 0.1060211658 0.0112687685 -0.0652859509 -0.6889931560 0.7218214273
103.3 -15.7 2140.4 -0.0737975687 0.7215334177 0.6884354949 -0.9524788857 0.1535725743 -0.2630578578 -0.2955298424 -0.6751332879 0.6759120822
-166.5 -125.0 2170.1 0.8925440907 -0.0050627687 -0.4509317577 0.0087645780 0.9999428391 0.0061213085 0.4508750141 -0.0094157644 0.8925374150
-164.5 -516.7 2173.8 0.8907682896 0.0575711839 -0.4507964253 -0.0693318397 0.9975474477 -0.0096021472 0.4491380155 0.0398078337 0.8925751448
14.0 -130.8 2178.3 0.9348011613 -0.0454400033 0.3522527814 0.0566261001 0.9981637001 -0.0215117820 -0.3506284356 0.0400559381 0.9356576204
31.8 -521.8 2162.6 0.9356986284 0.0289945193 0.3516069353 -0.0279569905 0.9995768666 -0.0080286646 -0.3516909480 -0.0023174614 0.9361132979
-256.0 -259.0 2065.9 0 0 0 0 0 0 0 0 0
82.5 -284.0 2057.2 0 0 0 0 0 0 0 0 0
-186.2 -892.4 2158.8 0 0 0 0 0 0 0 0 0
20.9 -898.0 2163.5 0 0 0 0 0 0 0 0 0
-55.8 467.2 2131.6 8 0.9987806678 0.0305164270 -0.0388063155 -0.0270963684 0.9959443808 0.0857936665 0.0412670486 -0.0846375450 0.9955568910
-62.0 263.8 2148.9 0.9987806678 0.0305164270 -0.0388063155 -0.0270963684 0.9959443808 0.0857936665 0.0412670486 -0.0846375450 0.9955568910
-67.2 68.5 2163.6 0.9988915324 0.0262203608 -0.0390915610 -0.0232014563 0.9968549609 0.0757748485 0.0409554616 -0.0747838691 0.9963583946
-204.4 267.1 2143.1 0.1625754535 -0.8553129435 -0.4919441342 0.9865645766 0.1327673942 0.0952008739 -0.0161124039 -0.5008119345 0.8654061556
-247.3 6.5 2147.3 0.0336234905 -0.8546787500 -0.5180672407 0.9563055634 0.1781448573 -0.2318276018 0.2904291451 -0.4876357615 0.8233239055
80.3 260.4 2154.8 0.0875471532 0.7098997235 0.6988403797 -0.9948348403 0.0984843373 0.0245849527 -0.0513719767 -0.6973831058 0.7148550153
104.5 -14.4 2140.6 -0.0851703808 0.7150751352 0.6938397288 -0.9522680044 0.1464591175 -0.2678346336 -0.2931410372 -0.6835329533 0.6684691906
-163.6 -125.8 2170.9 0.8970259428 0.0004487175 -0.4419777095 0.0006586398 0.9999970198 0.0023520035 0.4419774413 -0.0024009123 0.8970229626
-163.7 -517.5 2171.9 0.8953587413 0.0546667464 -0.4419776499 -0.0608246140 0.9981484413 0.0002391004 0.4411723912 0.0266690403 0.8970260024
16.9 -130.3 2180.1 0.9310582876 -0.0408286713 0.3625789881 0.0561982915 0.9979086518 -0.0319395252 -0.3605166376 0.0501138791 0.9314056039
32.9 -521.2 2160.5 0.9314340949 0.0446472988 0.3611609042 -0.0473338030 0.9988781214 -0.0014090530 -0.3608186245 -0.0157826785 0.9325024486
-256.7 -260.3 2066.3 0 0 0 0 0 0 0 0 0
80.5 -282.7 2058.0 0 0 0 0 0 0 0 0 0
-184.3 -893.4 2161.8 0 0 0 0 0 0 0 0 0
16.1 -897.2 2166.4 0 0 0 0 0 0 0 0 0
-56.1 469.1 2134.5 9 0.9987804294 0.0270221252 -0.0413207896 -0.0235850886 0.9963929057 0.0815165564 0.0433744900 -0.0804425925 0.9958150387
-61.6 266.1 2150.8 0.9987804294 0.0270221252 -0.0413207896 -0.0235850886 0.9963929057 0.0815165564 0.0433744900 -0.0804425925 0.9958150387
-66.2 70.8 2164.7 0.9988595843 0.0234769955 -0.0415733606 -0.0204608534 0.9972274303 0.0715454668 0.0431377664 -0.0706132501 0.9965705872
-204.0 269.0 2144.7 0.1582807153 -0.8545694947 -0.4946293533 0.9873505831 0.1322757155 0.0874185190 -0.0092777526 -0.5022092462 0.8646963835
-246.4 4.7 2147.2 0.0307189319 -0.8540900946 -0.5192171335 0.9544840455 0.1792508364 -0.2383889705 0.2966757715 -0.4882614315 0.8207218051
80.7 263.2 2157.0 0.0797149092 0.7116394043 0.6980077624 -0.9950771332 0.0981728956 0.0135511048 -0.0588819422 -0.6956517696 0.7159619331
102.8 -12.8 2140.7 -0.0813505948 0.7169961929 0.6923139095 -0.9522616267 0.1491530836 -0.2663665116 -0.2942445278 -0.6809330583 0.6706342697
-162.6 -124.6 2174.5 0.8959465027 0.0108692739 -0.4440290034 -0.0148765687 0.9998739958 -0.0055417670 0.4439128041 0.0115707545 0.8959952593
-166.8 -516.2 2170.0 0.8952306509 0.0400746427 -0.4437973797 -0.0395192914 0.9991635680 0.0105053466 0.4438471794 0.0081338501 0.8960655928
18.0 -128.8 2181.9 0.9319487214 -0.0343034640 0.3609637618 0.0541941039 0.9975103140 -0.0451238230 -0.3585171700 0.0616151989 0.9314875007
31.4 -519.5 2157.8 0.9335634708 0.0219653081 0.3577384651 -0.0326214209 0.9991848469 0.0237792768 -0.3569245338 -0.0338694006 0.9335190058
-254.9 -261.5 2064.4 0 0 0 0 0 0 0 0 0
79.9 -281.1 2057.8 0 0 0 0 0 0 0 0 0
-181.9 -892.4 2166.9 0 0 0 0 0 0 0 0 0
23.2 -895.6 2170.5 0 0 0 0 0 0 0 0 0
-55.5 471.2 2129.9 0 0.9973223805 0.0335233808 -0.0649942607 -0.0270895213 0.9948705435 0.0974615216 0.0679281130 -0.0954398960 0.9931147695
-62.4 266.9 2149.5 0.9973223805 0.0335233808 -0.0649942607 -0.0270895213 0.9948705435 0.0974615216 0.0679281130 -0.0954398960 0.9931147695
-67.9 71.8 2166.0 0.9974804521 0.0276157223 -0.0653457791 -0.0219412874 0.9960522652 0.0860146731 0.0674631670 -0.0843641907 0.9941486120
-204.5 270.0 2139.9 0.1560605019 -0.8432893157 -0.5143036842 0.9873433113 0.1182876006 0.1056469679 -0.0282552056 -0.5242816210 0.8510760665
-246.2 6.4 2147.4 0.0222012307 -0.8434872031 -0.5366902351 0.9552564621 0.1762692481 -0.2375168651 0.2949444354 -0.5074036717 0.8096600175
79.7 263.8 2159.1 0.0902756825 0.7266630530 0.6810367703 -0.9940983653 0.1070538536 0.0175479874 -0.0601561405 -0.6786017418 0.7320389152
104.7 -11.0 2142.5 -0.0844938979 0.7307413220 0.6774052382 -0.9499520063 0.1461214125 -0.2761155069 -0.3007524312 -0.6668325067 0.6818228364
-161.1 -122.7 2174.6 0.8849934340 0.0100016817 -0.4654960334 -0.0087911543 0.9999499917 0.0047714007 0.4655204713 -0.0001304108 0.8850371242
-165.0 -514.3 2174.7 0.8831920028 0.0571564399 -0.4655158818 -0.0631711781 0.9979990721 0.0026847525 0.4647378922 0.0270360354 0.8850354552
19.5 -126.4 2182.4 0.9401420355 -0.0345746316 0.3390244544 0.0554885082 0.9970945120 -0.0521876961 -0.3362350464 0.0678758100 0.9393289685
33.0 -516.9 2155.8 0.9411841631 0.0419004224 0.3352861106 -0.0536614284 0.9982236028 0.0258862302 -0.3336058557 -0.0423556380 0.9417606592
-252.4 -260.1 2065.1 0 0 0 0 0 0 0 0 0
80.9 -278.6 2057.7 0 0 0 0 0 0 0 0 0
-186.5 -890.0 2164.5 0 0 0 0 0 0 0 0 0
17.3 -892.7 2171.8 0 0 0 0 0 0 0 0 0
-56.3 472.2 2133.6 1 0.9988781810 0.0354523920 -0.0313928090 -0.0328034423 0.9961568117 0.0812128037 0.0341513492 -0.0800919086 0.9962022901
-63.6 267.1 2150.1 0.9988781810 0.0354523920 -0.0313928090 -0.0328034423 0.9961568117 0.0812128037 0.0341513492 -0.0800919086 0.9962022901
-69.5 71.9 2164.3 0.9990464449 0.0300803911 -0.0316453688 -0.0276868623 0.9969084859 0.0735316500 0.0337594002 -0.0725853741 0.9967907071
-205.9 271.0 2145.3 0.1500597596 -0.8599412441 -0.4878351092 0.9886589646 0.1275439411 0.0792842284 -0.0059593660 -0.4941999316 0.8693278432
-245.8 7.5 2146.8 0.0101294611 -0.8600134254 -0.5101708770 0.9573660493 0.1556423008 -0.2433632761 0.2886998653 -0.4859551787 0.8249242306
78.7 263.2 2154.9 0.0834270865 0.7056126595 0.7036694884 -0.9952360988 0.0947452933 0.0229883082 -0.0504485257 -0.7022351027 0.7101554871
101.6 -10.1 2141.0 -0.0634655282 0.7124419808 0.6988551617 -0.9518994093 0.1671255231 -0.2568200827 -0.2997659445 -0.6815390587 0.6675664186
-163.4 -121.3 2176.4 0.9000921845 -0.0005580104 -0.4356991053 -0.0051464820 0.9999157786 -0.0119125135 0.4356690645 0.0129646780 0.9000135660
-163.2 -512.9 2171.3 0.8976442814 0.0671433061 -0.4355760217 -0.0682271495 0.9975828528 0.0131717501 0.4354075789 0.0178945661 0.9000555873
16.9 -125.2 2188.6 0.9282822013 -0.0393648669 0.3697871566 0.0668173283 0.9958543777 -0.0617210791 -0.3658245206 0.0820027739 0.9270641804
32.3 -515.2 2156.5 0.9301514626 0.0324428156 0.3657400012 -0.0403262004 0.9990894198 0.0139339454 -0.3649549186 -0.0277095847 0.9306127429
-248.7 -259.5 2066.3 0 0 0 0 0 0 0 0 0
83.8 -278.3 2056.6 0 0 0 0 0 0 0 0 0
-188.5 -888.5 2164.6 0 0 0 0 0 0 0 0 0
20.1 -891.4 2166.9 0 0 0 0 0 0 0 0 0
-55.3 472.9 2131.4 2 0.9986278415 0.0368549228 -0.0372041836 -0.0334215388 0.9954681993 0.0890283436 0.0403167121 -0.0876627639 0.9953340292
-62.8 268.6 2149.4 0.9986278415 0.0368549228 -0.0372041836 -0.0334215388 0.9954681993 0.0890283436 0.0403167121 -0.0876627639 0.9953340292
-69.2 73.5 2164.7 0.9987629056 0.0326085053 -0.0375413634 -0.0295486618 0.9964079857 0.0793595910 0.0399943143 -0.0781521127 0.9961388707
-205.1 272.8 2143.7 0.1547551900 -0.8566387296 -0.4921593964 0.9878378510 0.1265691221 0.0903142914 -0.0150745390 -0.5001502633 0.8658074141
-246.4 9.4 2147.7 0.0105562471 -0.8567476273 -0.5156278014 0.9572491050 0.1577286720 -0.2424785942 0.2890722454 -0.4910245836 0.8217859268
79.5 264.4 2155.1 0.0838600397 0.7093815207 0.6998180747 -0.9950355291 0.0973807946 0.0205247365 -0.0535889715 -0.6980650425 0.7140261531
102.7 -11.1 2140.3 -0.0687466264 0.7152822018 0.6954460740 -0.9530442953 0.1589912623 -0.2577370107 -0.2949245572 -0.6805094481 0.6707655191
-165.7 -120.9 2175.5 0.8974054456 -0.0067963921 -0.4411544502 0.0003236294 0.9998912215 -0.0147459153 0.4412066638 0.0130902948 0.8973100185
-163.0 -512.5 2170.3 0.8952878714 0.0623025633 -0.4411099851 -0.0588073097 0.9980354905 0.0216061771 0.4415895343 0.0065967431 0.8971929550
14.8 -125.8 2181.5 0.9305003285 -0.0475421622 0.3631926179 0.0656698793 0.9971281290 -0.0377216302 -0.3603562117 0.0589508079 0.9309501648
33.4 -516.3 2158.5 0.9316228032 0.0470678173 0.3603658676 -0.0551268272 0.9984058738 0.0121116452 -0.3592213392 -0.0311493110 0.9327324033
-249.3 -257.6 2067.1 0 0 0 0 0 0 0 0 0
83.3 -279.6 2057.2 0 0 0 0 0 0 0 0 0
-186.5 -888.3 2167.8 0 0 0 0 0 0 0 0 0
15.7 -892.2 2170.2 0 0 0 0 0 0 0 0 0
-55.5 474.1 2135.9 3 0.9987908602 0.0359161757 -0.0335682593 -0.0332099982 0.9964028597 0.0779645741 0.0362476967 -0.0767555013 0.9963908195
-62.8 271.0 2151.5 0.9987908602 0.0359161757 -0.0335682593 -0.0332099982 0.9964028597 0.0779645741 0.0362476967 -0.0767555013 0.9963908195
-69.3 75.7 2164.9 0.9988834262 0.0329429731 -0.0338628218 -0.0305308327 0.9971190691 0.0694367886 0.0360527188 -0.0683253929 0.9970114827
-205.1 275.3 2146.4 0.1557460278 -0.8585551381 -0.4884938896 0.9877572656 0.1309194714 0.0848274454 -0.0088756746 -0.4957249463 0.8684342504
-246.5 12.9 2148.7 0.0170871653 -0.8584458232 -0.5126195550 0.9576439857 0.1614454240 -0.2384394407 0.2874474227 -0.4868327975 0.8248441219
79.5 266.7 2156.6 0.0723285601 0.7076774240 0.7028237581 -0.9955507517 0.0938943475 0.0079107191 -0.0603929386 -0.7002688646 0.7113200426
99.7 -11.4 2139.8 -0.0605096295 0.7138870955 0.6976416111 -0.9545164108 0.1630437970 -0.2496300191 -0.2919537723 -0.6810153723 0.6715512276
-165.9 -119.0 2176.4 0.8989704251 -0.0066473274 -0.4379588962 0.0010989772 0.9999158978 -0.0129208947 0.4380079508 0.0111341951 0.8989021182
-163.3 -510.7 2172.0 0.8967170715 0.0636599064 -0.4380021989 -0.0669404939 0.9977251887 0.0079643596 0.4375128448 0.0221783072 0.8989385962
14.6 -124.3 2183.6 0.9294352531 -0.0455613732 0.3661614656 0.0641100556 0.9971940517 -0.0386513062 -0.3633730412 0.0593985207 0.9297482967
32.4 -514.9 2160.4 0.9308831096 0.0322760567 0.3638886511 -0.0361570939 0.9993386865 0.0038564461 -0.3635235131 -0.0167470574 0.9314344525
-251.3 -254.3 2068.5 0 0 0 0 0 0 0 0 0
82.7 -280.3 2057.5 0 0 0 0 0 0 0 0 0
-187.3 -886.4 2163.7 0 0 0 0 0 0 0 0 0
20.3 -891.1 2166.7 0 0 0 0 0 0 0 0 0
-55.1 473.5 2130.1 4 0.9984922409 0.0380506776 -0.0395647623 -0.0342476703 0.9951033592 0.0927169546 0.0428989716 -0.0912221596 0.9949061275
-62.8 270.7 2148.7 0.9984922409 0.0380506776 -0.0395647623 -0.0342476703 0.9951033592 0.0927169546 0.0428989716 -0.0912221596 0.9949061275
-69.5 75.6 2164.6 0.9986208081 0.0340944603 -0.0399255715 -0.0306995306 0.9960966706 0.0827587098 0.0425913408 -0.0814188719 0.9957695007
-205.1 275.0 2142.6 0.1586466283 -0.8553821445 -0.4931051433 0.9870299697 0.1249793172 0.1007572263 -0.0245579854 -0.5026943684 0.8641153574
-246.9 15.5 2149.0 0.0250974447 -0.8551448584 -0.5177812576 0.9571800828 0.1699797958 -0.2343355864 0.2884032130 -0.4897286594 0.8227936625
79.5 266.3 2154.7 0.0822387636 0.7112736702 0.6980877519 -0.9953537583 0.0938150510 0.0216713175 -0.0500769056 -0.6966264844 0.7156841755
102.2 -9.0 2140.9 -0.0715379864 0.7173184752 0.6930631399 -0.9533552527 0.1551132947 -0.2589471638 -0.2932508886 -0.6792599559 0.6727628708
-166.0 -116.8 2175.0 0.8962962627 -0.0067631928 -0.4434041381 0.0018981250 0.9999330640 -0.0114149982 0.4434516430 0.0093895849 0.8962491155
-163.4 -508.5 2171.3 0.8939933181 0.0642282814 -0.4434531033 -0.0680759028 0.9976537228 0.0072570904 0.4428787529 0.0237006806 0.8962681890
14.5 -122.3 2181.5 0.9315733314 -0.0451603681 0.3607376218 0.0612937510 0.9975607395 -0.0334021635 -0.3583492339 0.0532275252 0.9320690036
32.2 -513.0 2160.7 0.9329507351 0.0298937019 0.3587608337 -0.0337661281 0.9994195104 0.0045316620 -0.3584170938 -0.0163417812 0.9334185123
-253.9 -251.4 2068.6 0 0 0 0 0 0 0 0 0
82.1 -277.5 2058.3 0 0 0 0 0 0 0 0 0
-187.6 -884.2 2162.4 0 0 0 0 0 0 0 0 0
21.0 -889.4 2166.8 0 0 0 0 0 0 0 0 0
-55.2 473.8 2134.2 5 0.9989994764 0.0423833840 -0.0142722102 -0.0411906652 0.9962975383 0.0754619762 0.0174177010 -0.0747985914 0.9970465302
-63.9 269.5 2149.5 0.9989994764 0.0423833840 -0.0142722102 -0.0411906652 0.9962975383 0.0754619762 0.0174177010 -0.0747985914 0.9970465302
-71.4 74.3 2162.8 0.9991568923 0.0383899137 -0.0145492489 -0.0373056270 0.9969447255 0.0686254799 0.0171393231 -0.0680248514 0.9975364208
-206.2 274.8 2147.1 0.1533605009 -0.8680374622 -0.4722197354 0.9881206155 0.1299174279 0.0820920393 -0.0099093970 -0.4791997373 0.8776499629
-246.6 14.7 2149.7 0.0264642071 -0.8676685691 -0.4964382350 0.9556310773 0.1677034199 -0.2421670109 0.2933750749 -0.4680030346 0.8336091638
78.5 264.2 2151.9 0.0800377801 0.6950516105 0.7144908905 -0.9956935048 0.0893872231 0.0245830528 -0.0467798635 -0.7133815289 0.6992127299
100.6 -11.5 2139.0 -0.0535400957 0.7022853494 0.7098793983 -0.9547105432 0.1723635942 -0.2425253093 -0.2926793396 -0.6907141805 0.6612508893
-166.5 -116.7 2176.7 0.9070053697 -0.0110494755 -0.4209741354 0.0020020755 0.9997575879 -0.0219274834 0.4211143553 0.0190455224 0.9068075418
-162.2 -508.3 2169.2 0.9041718841 0.0718777105 -0.4210781157 -0.0707769319 0.9973249435 0.0182648394 0.4212645292 0.0132880630 0.9068404436
14.0 -122.2 2184.4 0.9226024151 -0.0435848944 0.3832820356 0.0636729449 0.9971739054 -0.0398742743 -0.3804609478 0.0611927994 0.9227702618
31.1 -512.8 2160.4 0.9245042801 0.0148871047 0.3808808029 -0.0185242053 0.9998111129 0.0058848197 -0.3807212412 -0.0124960551 0.9246054292
-254.0 -251.8 2067.8 0 0 0 0 0 0 0 0 0
85.6 -280.5 2056.5 0 0 0 0 0 0 0 0 0
-189.2 -883.9 2164.2 0 0 0 0 0 0 0 0 0
25.5 -889.3 2165.1 0 0 0 0 0 0 0 0 0
-55.0 473.3 2129.2 6 0.9986802936 0.0412532464 -0.0305916145 -0.0383466817 0.9951873422 0.0901761726 0.0341644473 -0.0888840780 0.9954558611
-63.5 268.8 2147.5 0.9986802936 0.0412532464 -0.0305916145 -0.0383466817 0.9951873422 0.0901761726 0.0341644473 -0.0888840780 0.9954558611
-70.5 73.7 2163.2 0.9988930821 0.0354352035 -0.0309343673 -0.0328209251 0.9961510897 0.0812760144 0.0336953364 -0.0801707506 0.9962114692
-205.8 273.4 2142.7 0.1619324833 -0.8594372272 -0.4849179983 0.9864647985 0.1281412840 0.1023086309 -0.0257898383 -0.4949216247 0.8685548306
-248.4 13.8 2149.5 0.0260193180 -0.8591232896 -0.5111068487 0.9563307762 0.1702894419 -0.2375561148 0.2911260724 -0.4826061428 0.8260368705
78.9 264.1 2152.3 0.0842540115 0.7052313685 0.7039531469 -0.9952855110 0.0936219916 0.0253307130 -0.0480414815 -0.7027685642 0.7097945809
102.2 -12.0 2139.0 -0.0677913204 0.7113954425 0.6995146871 -0.9543799758 0.1581174880 -0.2532938123 -0.2907975614 -0.6847739220 0.6682226062
-169.3 -117.6 2174.6 0.9001030326 -0.0186472926 -0.4352778792 0.0093727708 0.9996811748 -0.0234445371 0.4355762899 0.0170227382 0.8999908566
