85.4 499.0 2001.2 0.9956851602 0.0413424931 0.0830773488 -0.0448725782 0.9981476068 0.0410828106 -0.0812249929 -0.0446334407 0.9956958890
77.0 296.7 2010.3 0.9956851602 0.0413424931 0.0830773488 -0.0448725782 0.9981476068 0.0410828106 -0.0812249929 -0.0446334407 0.9956958890
69.5 98.2 2017.6 0.9958503246 0.0377916694 0.0827886239 -0.0407057069 0.9985994101 0.0337975509 -0.0813954026 -0.0370272733 0.9959938526
-68.5 302.6 2022.1 0.2118076384 -0.8685520291 -0.4480567873 0.9722140431 0.1404920369 0.1872479618 -0.0996861830 -0.4752676785 0.8741757870
-125.6 40.6 2049.0 -0.0833175629 -0.8685520291 -0.4885443151 0.9039365649 0.1404920369 -0.4039314985 0.4194720984 -0.4752676785 0.7734104991
222.5 290.7 1998.4 0.0659636855 0.7305526137 0.6796629429 -0.9976691008 0.0363619626 0.0577427484 0.0174702369 -0.6818876266 0.7312483191
240.2 22.1 2003.1 -0.2738238871 0.7224953771 0.6348392367 -0.9147180915 0.0083153788 -0.4040069580 -0.2971720994 -0.6913257241 0.6586026549
-23.9 -95.9 2032.8 0.9926792383 0.0823409557 -0.0883624628 -0.0778347403 0.9955409765 0.0532903299 0.0923564285 -0.0460225344 0.9946618676
-56.7 -491.6 2051.1 0.9955590367 0.0398126058 -0.0853063986 -0.0321403295 0.9954684377 0.0894961655 0.0884829015 -0.0863569379 0.9923272133
158.7 -102.4 2017.3 0.9931355119 0.1156381816 -0.0175963417 -0.1128134429 0.9866930246 0.1170896515 0.0309022218 -0.1143007949 0.9929654598
112.8 -494.4 2062.8 0.9994457960 -0.0296484623 -0.0151365679 0.0314564519 0.9899300933 0.1380176246 0.0108921332 -0.1384172738 0.9903141260
-101.8 -217.7 1929.2 0 0 0 0 0 0 0 0 0
162.0 -239.1 1918.2 0 0 0 0 0 0 0 0 0
-71.9 -871.8 2084.1 0 0 0 0 0 0 0 0 0
124.1 -872.4 2115.6 0 0 0 0 0 0 0 0 0
84.2 500.4 2006.0 0.9953903556 0.0457328968 0.0843000337 -0.0482544787 0.9984391928 0.0281201322 -0.0828824416 -0.0320583656 0.9960435629
74.9 298.0 2012.5 0.9953903556 0.0457328968 0.0843000337 -0.0482544787 0.9984391928 0.0281201322 -0.0828824416 -0.0320583656 0.9960435629
66.3 99.5 2017.3 0.9955185652 0.0435178354 0.0839581490 -0.0453858487 0.9987598062 0.0204695966 -0.0829632282 -0.0241883751 0.9962590337
-70.5 304.6 2024.6 0.1900173277 -0.8842540383 -0.4266008139 0.9791258574 0.1387454867 0.1485337317 -0.0721526146 -0.4459198713 0.8921599984
-122.2 38.5 2044.2 -0.0709705725 -0.8842540383 -0.4615820646 0.9038338661 0.1387454867 -0.4047641158 0.4219567478 -0.4459198713 0.7893719077
220.3 291.3 2000.4 0.0592366718 0.7297720909 0.6811195016 -0.9982354641 0.0461242646 0.0373971760 -0.0041247192 -0.6821328998 0.7312166095
236.5 19.3 1999.2 -0.2293599397 0.7255824208 0.6487866640 -0.9319595695 0.0285829194 -0.3614338338 -0.2807942629 -0.6875413656 0.6696577072
-29.4 -96.5 2032.4 0.9938094020 0.0707686096 -0.0856424570 -0.0658482984 0.9960852265 0.0589767173 0.0894808844 -0.0529722087 0.9945788383
-57.5 -492.3 2053.5 0.9956677556 0.0389190316 -0.0844454691 -0.0325397402 0.9966035485 0.0756473616 0.0871027783 -0.0725718066 0.9935524464
153.3 -103.9 2017.5 0.9947298765 0.1015446857 -0.0141838323 -0.0991272777 0.9878116846 0.1200075448 0.0261970852 -0.1179690883 0.9926716685
113.0 -496.4 2064.4 0.9992322326 -0.0369019210 -0.0131614227 0.0383013561 0.9907817841 0.1299403459 0.0082450490 -0.1303446740 0.9914344549
-101.9 -219.8 1923.6 0 0 0 0 0 0 0 0 0
171.0 -246.6 1919.1 0 0 0 0 0 0 0 0 0
-72.3 -873.0 2081.2 0 0 0 0 0 0 0 0 0
127.1 -874.9 2114.2 0 0 0 0 0 0 0 0 0
83.2 500.5 2004.4 0.9970595241 0.0423995107 0.0638329312 -0.0443919562 0.9985598922 0.0301250592 -0.0624637157 -0.0328701474 0.9975057840
74.6 297.4 2011.1 0.9970595241 0.0423995107 0.0638329312 -0.0443919562 0.9985598922 0.0301250592 -0.0624637157 -0.0328701474 0.9975057840
66.4 99.0 2016.0 0.9971303344 0.0412213579 0.0634972528 -0.0426999368 0.9988433123 0.0221068468 -0.0625125319 -0.0247547347 0.9977371097
-71.0 303.7 2020.2 0.1886068881 -0.8923454285 -0.4100574553 0.9782777429 0.1341437399 0.1580446213 -0.0860237554 -0.4309583902 0.8982620835
-121.4 42.4 2043.2 -0.0733324364 -0.8923454285 -0.4453560710 0.8990386128 0.1341437399 -0.4168153405 0.4316849709 -0.4309583902 0.7924159169
220.3 291.2 2001.9 0.0500608571 0.7433838248 0.6669890285 -0.9986088872 0.0483280569 0.0210871845 -0.0165584125 -0.6671168208 0.7447690368
233.8 20.3 1997.4 -0.1917875707 0.7406024337 0.6439919472 -0.9464011788 0.0341991074 -0.3211778402 -0.2598890364 -0.6710726619 0.6943480372
-33.7 -94.8 2029.7 0.9930000305 0.0523326546 -0.1058880761 -0.0456839316 0.9968862534 0.0642712340 0.1089218557 -0.0589839481 0.9922987819
-54.5 -490.9 2053.1 0.9923610091 0.0653164834 -0.1046586931 -0.0562739074 0.9946052432 0.0871412605 0.1097858474 -0.0805860311 0.9906830788
148.9 -103.1 2014.5 0.9955442548 0.0880431160 -0.0337637998 -0.0828582346 0.9877176285 0.1324703097 0.0450121984 -0.1290824562 0.9906117320
113.9 -495.5 2065.8 0.9991939068 -0.0225960612 -0.0331813507 0.0270021651 0.9899250865 0.1389934123 0.0297063477 -0.1397773325 0.9897372723
-100.4 -214.5 1919.8 0 0 0 0 0 0 0 0 0
179.1 -249.7 1923.3 0 0 0 0 0 0 0 0 0
-79.4 -870.7 2083.9 0 0 0 0 0 0 0 0 0
122.6 -873.7 2119.2 0 0 0 0 0 0 0 0 0
81.1 498.2 2003.6 0.9970571995 0.0385987349 0.0662352815 -0.0407419987 0.9986787438 0.0313181393 -0.0649389252 -0.0339245312 0.9973124266
73.3 295.6 2010.4 0.9970571995 0.0385987349 0.0662352815 -0.0407419987 0.9986787438 0.0313181393 -0.0649389252 -0.0339245312 0.9973124266
65.8 97.1 2015.6 0.9971008301 0.0379751511 0.0659382790 -0.0396037884 0.9989374280 0.0235700663 -0.0649731383 -0.0261131376 0.9975453019
-72.3 301.4 2019.9 0.1816653311 -0.8994053602 -0.3975772560 0.9802787900 0.1336520314 0.1455699801 -0.0777894109 -0.4161815643 0.9059479833
-120.5 41.7 2040.6 -0.0761151835 -0.8994053602 -0.4304375052 0.8896769881 0.1336520314 -0.4365913272 0.4502014518 -0.4161815643 0.7900072932
219.0 289.9 2001.0 0.0546545759 0.7414062023 0.6688271761 -0.9983496070 0.0524041727 0.0234912690 -0.0176327620 -0.6690072417 0.7430467010
233.8 19.7 1996.2 -0.1570839137 0.7405176759 0.6534203887 -0.9578435421 0.0469129346 -0.2834341824 -0.2405418754 -0.6703974605 0.7019308209
-33.2 -95.6 2026.6 0.9932153225 0.0529837199 -0.1035183370 -0.0462219790 0.9967043996 0.0666619018 0.1067091748 -0.0614248030 0.9923911095
-54.3 -491.7 2051.1 0.9926702380 0.0657496229 -0.1014040709 -0.0550480075 0.9929533601 0.1049444526 0.1075895727 -0.0985931456 0.9892946482
149.7 -103.4 2015.2 0.9951011539 0.0937448293 -0.0313934535 -0.0886254758 0.9866101146 0.1369162351 0.0438082851 -0.1334632486 0.9900850654
112.4 -495.5 2068.2 0.9989562631 -0.0314788558 -0.0330981165 0.0352079496 0.9922820330 0.1188978925 0.0290998966 -0.1199391112 0.9923546910
-98.7 -212.6 1911.9 0 0 0 0 0 0 0 0 0
188.9 -253.6 1927.6 0 0 0 0 0 0 0 0 0
-79.4 -871.0 2088.7 0 0 0 0 0 0 0 0 0
124.4 -874.5 2114.0 0 0 0 0 0 0 0 0 0
80.4 496.1 2002.7 0.9948727489 0.0350007974 0.0948850885 -0.0381892920 0.9987580776 0.0319982395 -0.0936472863 -0.0354577713 0.9949738383
73.3 293.6 2009.9 0.9948727489 0.0350007974 0.0948850885 -0.0381892920 0.9987580776 0.0319982395 -0.0936472863 -0.0354577713 0.9949738383
66.3 95.0 2015.0 0.9948866963 0.0355311334 0.0945410952 -0.0377941839 0.9990376830 0.0222547576 -0.0936593786 -0.0257140659 0.9952721596
-71.9 299.1 2023.5 0.2020128369 -0.8815971613 -0.4265879393 0.9765737653 0.1483553052 0.1558666229 -0.0741249919 -0.4480816424 0.8909143209
-124.7 43.9 2042.9 -0.0982614160 -0.8815971613 -0.4616612792 0.8708356023 0.1483553052 -0.4686534405 0.4816534519 -0.4480816424 0.7531486154
218.6 288.1 1996.2 0.0575498082 0.7223649025 0.6891131997 -0.9983347058 0.0443961434 0.0368353911 -0.0039853761 -0.6900854707 0.7237169147
234.1 18.8 1995.1 -0.1140374839 0.7254307866 0.6787824631 -0.9693016410 0.0685638115 -0.2361213416 -0.2178296149 -0.6848716140 0.6953424215
-33.2 -97.7 2026.8 0.9958081841 0.0523788817 -0.0749837831 -0.0474031493 0.9966486692 0.0666664243 0.0782243982 -0.0628325045 0.9949537516
-54.0 -493.8 2051.8 0.9955862761 0.0582117364 -0.0736161768 -0.0513260290 0.9944170117 0.0921977833 0.0785721764 -0.0880124196 0.9930157065
149.7 -105.0 2014.9 0.9960595369 0.0886572972 -0.0022932356 -0.0873885080 0.9855567813 0.1450552642 0.0151203219 -0.1442832798 0.9894208908
114.4 -496.6 2072.2 0.9998267293 -0.0174498931 -0.0064778742 0.0180026535 0.9949893951 0.0983465090 0.0047292802 -0.0984460935 0.9951311350
-96.7 -204.8 1905.4 0 0 0 0 0 0 0 0 0
201.6 -257.7 1933.0 0 0 0 0 0 0 0 0 0
-76.3 -873.7 2085.4 0 0 0 0 0 0 0 0 0
121.1 -876.7 2109.8 0 0 0 0 0 0 0 0 0
79.5 495.1 2002.2 0.9941257238 0.0366702378 0.1018297002 -0.0402120911 0.9986477494 0.0329493955 -0.1004837379 -0.0368506275 0.9942560196
72.1 292.6 2009.7 0.9941257238 0.0366702378 0.1018297002 -0.0402120911 0.9986477494 0.0329493955 -0.1004837379 -0.0368506275 0.9942560196
64.7 94.1 2014.9 0.9941456318 0.0372094549 0.1014393866 -0.0396749079 0.9989616275 0.0223958269 -0.1005007178 -0.0262893122 0.9945896268
-73.1 298.4 2024.4 0.2064301670 -0.8811582923 -0.4253782332 0.9757766724 0.1532090604 0.1561629176 -0.0724324510 -0.4473109245 0.8914406896
-127.1 43.1 2043.3 -0.1184154302 -0.8811582923 -0.4577530622 0.8443890810 0.1532090604 -0.5133556724 0.5224795341 -0.4473109245 0.7258981466
217.3 286.8 1995.0 0.0709195733 0.7170556188 0.6933986545 -0.9974794388 0.0525664836 0.0476604998 -0.0022743021 -0.6950309873 0.7189761996
236.5 16.2 1994.4 -0.0747560635 0.7201968431 0.6897304058 -0.9764186740 0.0876106322 -0.1973091364 -0.2025291324 -0.6882157326 0.6966642141
-32.0 -100.0 2028.7 0.9960102439 0.0571296848 -0.0685549155 -0.0532485694 0.9969437122 0.0571652278 0.0716112256 -0.0532867014 0.9960082173
-54.7 -496.2 2049.8 0.9957343340 0.0660556778 -0.0644186437 -0.0575246997 0.9903209209 0.1263144463 0.0721389204 -0.1220699698 0.9898964167
150.4 -106.9 2011.5 0.9957422614 0.0920555219 0.0048038824 -0.0917732120 0.9850975275 0.1454665959 0.0086587109 -0.1452881098 0.9893515110
113.8 -498.4 2069.2 0.9996826649 -0.0251780972 0.0008096407 0.0249620695 0.9944058061 0.1026353464 -0.0033892740 -0.1025825590 0.9947187304
-93.4 -197.8 1894.3 0 0 0 0 0 0 0 0 0
215.2 -262.4 1936.6 0 0 0 0 0 0 0 0 0
-79.9 -874.4 2096.4 0 0 0 0 0 0 0 0 0
123.4 -878.3 2108.4 0 0 0 0 0 0 0 0 0
78.1 493.7 1996.5 0.9941406250 0.0367051028 0.1016716138 -0.0419697203 0.9978602529 0.0501343571 -0.0996138752 -0.0541077293 0.9935539365
70.6 289.8 2007.5 0.9941406250 0.0367051028 0.1016716138 -0.0419697203 0.9978602529 0.0501343571 -0.0996138752 -0.0541077293 0.9935539365
63.0 91.4 2015.3 0.9941449165 0.0381350592 0.1011020318 -0.0418559760 0.9985125065 0.0349406935 -0.0996191725 -0.0389678366 0.9942622781
-74.6 296.0 2022.1 0.2055271566 -0.8903711438 -0.4061991870 0.9756655097 0.1540187895 0.1560610533 -0.0763899460 -0.4283893108 0.9003594518
-128.8 38.6 2042.2 -0.1345930547 -0.8903711438 -0.4348838031 0.8098964691 0.1540187895 -0.5659910440 0.5709223747 -0.4283893108 0.7003785968
215.8 283.7 1993.0 0.0816235915 0.7167004943 0.6925879121 -0.9966122508 0.0516636930 0.0639914125 0.0100810276 -0.6954647899 0.7184894681
238.0 13.1 1995.7 -0.0313697830 0.7206894159 0.6925479770 -0.9780330062 0.1207252070 -0.1699320078 -0.2060762048 -0.6826654673 0.7010709047
-33.9 -100.7 2029.3 0.9957234263 0.0610320196 -0.0693536103 -0.0567855239 0.9964820743 0.0616353452 0.0728713572 -0.0574334785 0.9956862926
-58.1 -496.8 2052.2 0.9967665672 0.0448309183 -0.0666831583 -0.0377322212 0.9938459396 0.1041463986 0.0709417686 -0.1012935415 0.9923239946
148.4 -108.0 2010.9 0.9962766767 0.0861719400 0.0026905665 -0.0857247785 0.9868218899 0.1372363865 0.0091708153 -0.1369560510 0.9905346632
114.2 -500.2 2065.3 0.9998431206 -0.0174790472 0.0028669727 0.0169096235 0.9901120067 0.1392563283 -0.0052726921 -0.1391859949 0.9902521968
-90.4 -192.3 1879.5 0 0 0 0 0 0 0 0 0
229.1 -265.9 1936.9 0 0 0 0 0 0 0 0 0
-75.2 -876.2 2090.9 0 0 0 0 0 0 0 0 0
120.9 -878.2 2118.5 0 0 0 0 0 0 0 0 0
76.0 490.8 1993.6 0.9949069619 0.0343921818 0.0947487131 -0.0398697741 0.9976040125 0.0565383472 -0.0925772265 -0.0600280054 0.9938943982
68.9 287.7 2005.9 0.9949069619 0.0343921818 0.0947487131 -0.0398697741 0.9976040125 0.0565383472 -0.0925772265 -0.0600280054 0.9938943982
61.8 89.3 2014.7 0.9949072599 0.0358465724 0.0942046121 -0.0398604125 0.9983605742 0.0410766602 -0.0925777182 -0.0446225032 0.9947050810
-76.4 293.5 2019.4 0.2080150247 -0.8996847272 -0.3837930858 0.9737338424 0.1533331871 0.1683192104 -0.0925860107 -0.4087252319 0.9079490900
-132.0 33.2 2044.1 -0.1618019044 -0.8996847272 -0.4054473042 0.7524673343 0.1533331871 -0.6405324936 0.6384457946 -0.4087252319 0.6521737576
214.3 281.9 1992.3 0.0866875574 0.7211882472 0.6872938275 -0.9960869551 0.0508293994 0.0722991750 0.0172065850 -0.6908718348 0.7227724791
237.9 10.2 1997.0 0.0012884093 0.7238622904 0.6899432540 -0.9802678227 0.1372952908 -0.1422144473 -0.1976696402 -0.6761459708 0.7097558379
-35.7 -103.1 2032.2 0.9953457713 0.0576113947 -0.0772512257 -0.0537251160 0.9972280264 0.0514766201 0.0800027251 -0.0470867045 0.9956818819
-58.6 -499.4 2050.9 0.9962823987 0.0440720953 -0.0740205646 -0.0361331105 0.9937770963 0.1053633988 0.0782035291 -0.1022971049 0.9916750789
146.6 -110.8 2013.9 0.9961691499 0.0872817412 -0.0053764391 -0.0858064145 0.9874829650 0.1323427409 0.0168602467 -0.1313744187 0.9911894202
111.9 -503.3 2066.1 0.9993182421 -0.0364208147 -0.0060523208 0.0368914083 0.9915096760 0.1246901974 0.0014596157 -0.1248284653 0.9921772480
-86.5 -178.5 1864.5 0 0 0 0 0 0 0 0 0
238.3 -269.6 1940.6 0 0 0 0 0 0 0 0 0
-75.4 -879.1 2090.0 0 0 0 0 0 0 0 0 0
125.9 -881.9 2113.8 0 0 0 0 0 0 0 0 0
75.6 487.4 1993.2 0.9959392548 0.0405811332 0.0803630352 -0.0453250781 0.9972804785 0.0581144020 -0.0777861401 -0.0615208745 0.9950700998
67.4 285.1 2005.7 0.9959392548 0.0405811332 0.0803630352 -0.0453250781 0.9972804785 0.0581144020 -0.0777861401 -0.0615208745 0.9950700998
58.9 86.7 2014.8 0.9959080815 0.0425788350 0.0797131956 -0.0460731946 0.9980326295 0.0425224043 -0.0777458176 -0.0460210443 0.9959104657
-78.1 291.8 2017.0 0.2058066130 -0.9078230858 -0.3653777242 0.9725890756 0.1484572887 0.1789718121 -0.1082317606 -0.3921959698 0.9134923220
-133.3 30.8 2046.1 -0.1780042499 -0.9078230858 -0.3796995282 0.7103856802 0.1484572887 -0.6879771948 0.6809307337 -0.3921959698 0.6184784770
212.8 278.3 1994.3 0.1014276221 0.7304738760 0.6753668189 -0.9945429564 0.0577818193 0.0868654177 0.0244289916 -0.6804918647 0.7323483229
240.4 7.7 2001.0 0.0165030044 0.7320768833 0.6810221076 -0.9794275165 0.1488409489 -0.1362650692 -0.2011204809 -0.6647629738 0.7194725275
-36.5 -105.4 2032.1 0.9942832589 0.0537573025 -0.0922550857 -0.0498532616 0.9977818131 0.0441146009 0.0944219306 -0.0392631888 0.9947577119
-57.9 -501.9 2047.7 0.9946434498 0.0561780632 -0.0867668018 -0.0438343510 0.9894430637 0.1381339878 0.0936109051 -0.1335906982 0.9866055846
145.9 -112.7 2015.1 0.9953715801 0.0938213915 -0.0208081994 -0.0907383710 0.9888503551 0.1180743873 0.0316540971 -0.1156397909 0.9927867055
108.7 -505.7 2061.0 0.9980306029 -0.0599349327 -0.0185131878 0.0619637556 0.9879019260 0.1421627253 0.0097687012 -0.1430298984 0.9896701574
-83.3 -168.9 1854.6 0 0 0 0 0 0 0 0 0
245.1 -272.1 1943.5 0 0 0 0 0 0 0 0 0
-79.4 -879.8 2098.7 0 0 0 0 0 0 0 0 0
131.5 -882.9 2115.7 0 0 0 0 0 0 0 0 0
74.7 483.9 1982.0  0.9930182099 0.0461226553 0.1085705161 -0.0561091676 0.9942871928 0.0908005312 -0.1037623137 -0.0962583870 0.9899331927
65.3 280.8 2001.6 0.9930182099 0.0461226553 0.1085705161 -0.0561091676 0.9942871928 0.0908005312 -0.1037623137 -0.0962583870 0.9899331927
55.3 82.9 2016.1 0.9929260612 0.0505912192 0.1074169725 -0.0580057576 0.9960613251 0.0670607984 -0.1036012024 -0.0728172138 0.9919497967
-79.7 289.3 2016.7 0.2088389248 -0.9138810635 -0.3481490016 0.9705573320 0.1499915868 0.1884701252 -0.1200198531 -0.3772584796 0.9182980061
-135.1 32.0 2048.6 -0.1851381063 -0.9138810635 -0.3613105416 0.6730299592 0.1499915868 -0.7242466807 0.7160688043 -0.3772584796 0.5873001218
210.3 272.2 1986.5 0.1151337326 0.7121033072 0.6925699115 -0.9907956719 0.0323568620 0.1314417273 0.0711906999 -0.7013286352 0.7092742920
241.0 7.5 2005.6 0.0359012298 0.7140041590 0.6992204189 -0.9779005051 0.1693005562 -0.1226701438 -0.2059653997 -0.6793639660 0.7043030858
-40.9 -107.4 2031.1 0.9971100688 0.0376614630 -0.0659784451 -0.0350257456 0.9985589385 0.0406597368 0.0674146712 -0.0382312872 0.9969922900
-55.9 -504.2 2046.3 0.9953655005 0.0737698078 -0.0616893284 -0.0642169565 0.9874021411 0.1446137726 0.0715803057 -0.1399820596 0.9875633121
141.7 -115.8 2016.8 0.9963180423 0.0856405124 0.0040099397 -0.0855835006 0.9907034039 0.1057462767 0.0050835046 -0.1057001054 0.9943850636
107.7 -509.5 2058.8 0.9977068305 -0.0670746937 0.0090616569 0.0646846890 0.9843236804 0.1640817076 -0.0199253336 -0.1631192863 0.9864051342
-82.4 -159.3 1845.0 0 0 0 0 0 0 0 0 0
251.3 -271.9 1946.7 0 0 0 0 0 0 0 0 0
-84.0 -881.3 2099.7 0 0 0 0 0 0 0 0 0
133.3 -885.4 2121.1 0 0 0 0 0 0 0 0 0
71.9 480.1 1976.4  0.9950612187 0.0405882299 0.0905853808 -0.0502381548 0.9929968119 0.1069273800 -0.0856110007 -0.1109501347 0.9901317358
63.5 276.8 1999.1 0.9950612187 0.0405882299 0.0905853808 -0.0502381548 0.9929968119 0.1069273800 -0.0856110007 -0.1109501347 0.9901317358
54.1 79.1 2016.2 0.9948629141 0.0473798700 0.0894590393 -0.0547205582 0.9951724410 0.0814709663 -0.0851670876 -0.0859476924 0.9926527739
-81.7 284.8 2011.5 0.1895124316 -0.9341108203 -0.3025261462 0.9704341888 0.1312869787 0.2025370598 -0.1494743079 -0.3319649994 0.9313735366
-130.4 35.4 2049.9 -0.1677901894 -0.9341108203 -0.3150928020 0.6593261361 0.1312869787 -0.7403058410 0.7328952551 -0.3319649994 0.5938550234
208.8 268.8 1986.7 0.1288648993 0.7235600948 0.6781257987 -0.9876104593 0.0318889059 0.1536511183 0.0895511210 -0.6895244122 0.7187048793
243.2 5.7 2010.5 0.0327125490 0.7260289788 0.6868855953 -0.9767740965 0.1688341945 -0.1319371909 -0.2117599994 -0.6666160226 0.7146892548
-45.7 -109.6 2040.1 0.9960929155 0.0251616314 -0.0846507698 -0.0228524935 0.9993427992 0.0281378049 0.0853031278 -0.0260933880 0.9960132837
-55.7 -506.7 2050.5 0.9929892421 0.0851107761 -0.0820276067 -0.0750824213 0.9901205897 0.1184222773 0.0912962407 -0.1114332154 0.9895694256
136.3 -120.3 2021.1 0.9973771572 0.0705735311 -0.0160670448 -0.0687421411 0.9931074977 0.0949313343 0.0226559415 -0.0935778618 0.9953541756
108.3 -514.9 2058.3 0.9979500175 -0.0627796352 -0.0124278329 0.0639217570 0.9872586727 0.1457199901 0.0031212389 -0.1462156773 0.9892477989
-82.3 -153.8 1839.7 0 0 0 0 0 0 0 0 0
252.5 -273.4 1950.0 0 0 0 0 0 0 0 0 0
-88.2 -884.8 2093.0 0 0 0 0 0 0 0 0 0
132.3 -892.0 2114.2 0 0 0 0 0 0 0 0 0
71.2 477.3 1968.1  0.9983948469 0.0285027865 0.0489425436 -0.0348513909 0.9903416038 0.1341972500 -0.0446448401 -0.1356875449 0.9897452593
65.4 274.9 1995.8 0.9983948469 0.0285027865 0.0489425436 -0.0348513909 0.9903416038 0.1341972500 -0.0446448401 -0.1356875449 0.9897452593
58.9 77.5 2016.9 0.9983297586 0.0321073383 0.0480292849 -0.0369813591 0.9938580990 0.1042999029 -0.0443855040 -0.1059018895 0.9933854938
-80.3 280.2 2002.3 0.1801497936 -0.9493056536 -0.2576137185 0.9645662904 0.1191662699 0.2353958935 -0.1927637905 -0.2908920348 0.9371360540
-124.7 42.4 2049.8 -0.1342155337 -0.9493056536 -0.2842621505 0.6831336617 0.1191662699 -0.7205052376 0.7178541422 -0.2908920348 0.6325086951
211.1 269.6 1989.3 0.1251448542 0.7502856851 0.6491611004 -0.9871519208 0.0286445189 0.1571958363 0.0993468761 -0.6604928970 0.7442306876
244.7 4.3 2016.0 0.0311561488 0.7529457808 0.6573446393 -0.9770308137 0.1616506726 -0.1388520747 -0.2108082771 -0.6379198432 0.7406876087
-46.5 -113.5 2041.1 0.9913693666 0.0376671702 -0.1255703568 -0.0348808169 0.9990956187 0.0243157055 0.1263726950 -0.0197258499 0.9917866588
-61.4 -510.5 2048.9 0.9918225408 0.0378397144 -0.1218858585 -0.0244245026 0.9936608076 0.1097343862 0.1252655238 -0.1058600396 0.9864594340
136.0 -123.6 2025.5 0.9958164692 0.0684999079 -0.0604762435 -0.0640845373 0.9953324199 0.0721563622 0.0651366711 -0.0679789037 0.9955582023
108.7 -519.0 2052.5 0.9965755939 -0.0643630624 -0.0519087836 0.0731246024 0.9790747762 0.1899089664 0.0385994576 -0.1930544376 0.9804285169
-86.3 -153.0 1844.5 0 0 0 0 0 0 0 0 0
253.6 -274.9 1955.8 0 0 0 0 0 0 0 0 0
-75.9 -889.7 2089.3 0 0 0 0 0 0 0 0 0
133.3 -892.6 2126.1 0 0 0 0 0 0 0 0 0
68.6 475.0 1964.4  0.9933087230 0.0241253916 0.1129411533 -0.0399215072 0.9893796444 0.1397649348 -0.1083697900 -0.1433385015 0.9837225676
63.6 272.0 1993.8 0.9933087230 0.0241253916 0.1129411533 -0.0399215072 0.9893796444 0.1397649348 -0.1083697900 -0.1433385015 0.9837225676
58.7 74.7 2016.5 0.9933707118 0.0249407925 0.1122165322 -0.0374169312 0.9931731224 0.1104860455 -0.1086948290 -0.1139523983 0.9875223041
-81.1 277.4 2009.7 0.1634243727 -0.9564240575 -0.2419618219 0.9733985066 0.1163981333 0.1973495483 -0.1605859548 -0.2677769959 0.9500040412
-120.3 44.2 2048.2 -0.1141569465 -0.9564240575 -0.2687400877 0.6950342059 0.1163981333 -0.7094920278 0.7098560929 -0.2677769959 0.6514597535
208.4 266.5 1978.0 0.1463478506 0.7107567787 0.6880458593 -0.9760122895 -0.0095892064 0.2175042480 0.1611904353 -0.7033724785 0.6923039556
247.5 5.7 2021.1 0.0198761802 0.7178143859 0.6959507465 -0.9779028296 0.1588511914 -0.1359129101 -0.2081128508 -0.6778708100 0.7051100731
-39.0 -116.5 2042.1 0.9966250062 0.0541558489 -0.0616905577 -0.0531701408 0.9984319210 0.0175105985 0.0625421256 -0.0141714038 0.9979417324
-60.5 -513.2 2047.7 0.9974763393 0.0420227014 -0.0572281480 -0.0363872498 0.9946981668 0.0961849168 0.0609666817 -0.0938597992 0.9937169552
143.9 -123.2 2033.9 0.9961907864 0.0871923044 0.0012004700 -0.0871697217 0.9953778982 0.0403017811 0.0023190835 -0.0402529053 0.9991868138
109.3 -518.5 2049.9 0.9984971881 -0.0519265980 0.0175222252 0.0466305129 0.9729739428 0.2261577845 -0.0287922714 -0.2250008285 0.9739331007
-87.6 -154.5 1845.2 0 0 0 0 0 0 0 0 0
253.2 -273.8 1961.6 0 0 0 0 0 0 0 0 0
-76.5 -893.1 2083.6 0 0 0 0 0 0 0 0 0
129.1 -889.9 2135.8 0 0 0 0 0 0 0 0 0
66.7 471.2 1957.6  0.9914601445 0.0232884306 0.1283136159 -0.0436950698 0.9863752723 0.1586019546 -0.1228717864 -0.1628541946 0.9789693952
61.9 268.9 1991.0 0.9914601445 0.0232884306 0.1283136159 -0.0436950698 0.9863752723 0.1586019546 -0.1228717864 -0.1628541946 0.9789693952
56.8 72.0 2017.2 0.9915016294 0.0256338194 0.1275437921 -0.0420191139 0.9909497499 0.1274871528 -0.1231215000 -0.1317629963 0.9836053848
-82.8 275.0 2009.0 0.1393991411 -0.9618084431 -0.2355682850 0.9799062610 0.0997128934 0.1727456301 -0.1426590085 -0.2549154460 0.9563819766
-116.4 38.5 2043.4 -0.1108093634 -0.9618084431 -0.2502914667 0.7097277045 0.0997128934 -0.6973836422 0.6957067251 -0.2549154460 0.6715729833
206.5 262.7 1973.0 0.1571872383 0.7014362812 0.6951829195 -0.9670046568 -0.0335845426 0.2525352836 0.2004848123 -0.7119404674 0.6730130911
248.5 4.3 2026.6 0.0107035488 0.7122920752 0.7018015981 -0.9778021574 0.1543292701 -0.1417231858 -0.2092568278 -0.6847061515 0.6981325746
-37.1 -119.2 2049.0 0.9968077540 0.0634956434 -0.0484000295 -0.0634697154 0.9979816079 0.0020739657 0.0484340265 0.0010045908 0.9988259077
-62.3 -515.7 2048.6 0.9986646771 0.0292715859 -0.0425683819 -0.0253136270 0.9955549836 0.0907163769 0.0450345799 -0.0895176828 0.9949665666
144.6 -126.1 2029.1 0.9960140586 0.0875876993 0.0168649238 -0.0884665102 0.9941848516 0.0614011660 -0.0113888662 -0.0626484081 0.9979707003
109.8 -520.9 2054.0 0.9980844259 -0.0560723953 0.0261412803 0.0509273857 0.9845657945 0.1674413383 -0.0351266451 -0.1657892764 0.9855353832
-84.7 -164.3 1844.6 0 0 0 0 0 0 0 0 0
251.6 -275.2 1966.8 0 0 0 0 0 0 0 0 0
-73.5 -896.0 2082.8 0 0 0 0 0 0 0 0 0
131.2 -896.3 2117.2 0 0 0 0 0 0 0 0 0
65.6 469.0 1953.2  0.9925950766 0.0217977837 0.1194982678 -0.0423006080 0.9842177033 0.1718318909 -0.1138667539 -0.1756143421 0.9778516889
61.2 267.1 1989.2 0.9925950766 0.0217977837 0.1194982678 -0.0423006080 0.9842177033 0.1718318909 -0.1138667539 -0.1756143421 0.9778516889
56.0 70.6 2017.7 0.9925925136 0.0257908702 0.1187218353 -0.0424063951 0.9892948270 0.1396330893 -0.1138496399 -0.1436333358 0.9830603600
-83.7 273.3 2005.8 0.1342118979 -0.9606344700 -0.2432460040 0.9811374545 0.0943540484 0.1687204689 -0.1391274482 -0.2613020539 0.9551779032
-116.5 34.1 2039.7 -0.1159443781 -0.9606344700 -0.2524645627 0.7185708284 0.0943540484 -0.6890234351 0.6857206821 -0.2613020539 0.6793440580
206.1 260.9 1972.6 0.1485290378 0.7082613111 0.6901485324 -0.9661747217 -0.0448482595 0.2539587915 0.2108211368 -0.7045243382 0.6776428819
246.2 -0.5 2029.6 0.0157274734 0.7192527056 0.6945705414 -0.9793810248 0.1510086060 -0.1341982633 -0.2014085799 -0.6781386137 0.7067974210
-39.0 -121.0 2054.6 0.9962368608 0.0636888593 -0.0587862693 -0.0644142553 0.9978677034 -0.0105263023 0.0579905137 0.0142733650 0.9982150793
-64.3 -517.5 2049.0 0.9983285666 0.0247150101 -0.0522426255 -0.0200725924 0.9959542751 0.0875908807 0.0541960746 -0.0863958299 0.9947856665
142.6 -128.7 2032.1 0.9961294532 0.0876012370 0.0072205262 -0.0878856182 0.9940155149 0.0648788661 -0.0014938461 -0.0652623326 0.9978670478
107.8 -523.6 2058.0 0.9973050952 -0.0720528215 0.0138158761 0.0694261342 0.9877477884 0.1397653222 -0.0237170886 -0.1384294927 0.9900882840
-83.3 -171.2 1843.8 0 0 0 0 0 0 0 0 0
250.7 -280.4 1972.0 0 0 0 0 0 0 0 0 0
-73.8 -898.0 2082.0 0 0 0 0 0 0 0 0 0
135.3 -900.5 2110.8 0 0 0 0 0 0 0 0 0
65.3 465.8 1948.0  0.9938837886 0.0247412883 0.1076238677 -0.0446628854 0.9813730717 0.1868478060 -0.1009963080 -0.1905117929 0.9764758348
60.3 264.6 1987.0 0.9938837886 0.0247412883 0.1076238677 -0.0446628854 0.9813730717 0.1868478060 -0.1009963080 -0.1905117929 0.9764758348
54.8 68.5 2018.5 0.9939031005 0.0275290068 0.1067648605 -0.0439345315 0.9870155454 0.1544994563 -0.1011253595 -0.1582481563 0.9822072983
-84.9 271.0 2001.8 0.1393828839 -0.9533767104 -0.2676663995 0.9799400568 0.0939161852 0.1757761389 -0.1424426585 -0.2867972255 0.9473422766
-119.1 30.2 2036.8 -0.1344682425 -0.9533767104 -0.2701688111 0.7185860872 0.0939161852 -0.6890673637 0.6823139787 -0.2867972255 0.6724544764
205.4 258.2 1972.3 0.1413957328 0.7170664668 0.6825122237 -0.9639226794 -0.0573357865 0.2599339783 0.2255223095 -0.6946426034 0.6830895543
243.6 -2.3 2033.2 0.0146424286 0.7279987931 0.6854220033 -0.9831203222 0.1355115324 -0.1229271218 -0.1823733896 -0.6720523834 0.7176946402
-40.1 -122.1 2056.7 0.9954876304 0.0618294999 -0.0719824731 -0.0628837496 0.9979429245 -0.0124708777 0.0710633323 0.0169411320 0.9973279238
-64.6 -518.7 2050.0 0.9973874688 0.0294372868 -0.0659668893 -0.0241396166 0.9965254664 0.0797135383 0.0680842325 -0.0779128671 0.9946326613
141.9 -129.9 2035.8 0.9963454604 0.0851490498 -0.0067330026 -0.0846062377 0.9946631789 0.0590503328 0.0117251500 -0.0582648776 0.9982323050
108.0 -525.1 2059.0 0.9970725179 -0.0764491186 -0.0013737953 0.0760501847 0.9896882176 0.1213819161 -0.0079199113 -0.1211310476 0.9926049113
-80.7 -175.1 1841.8 0 0 0 0 0 0 0 0 0
247.8 -283.2 1981.1 0 0 0 0 0 0 0 0 0
-75.9 -899.4 2079.7 0 0 0 0 0 0 0 0 0
137.2 -902.9 2105.2 0 0 0 0 0 0 0 0 0
64.7 463.2 1944.4  0.9935095310 0.0268773120 0.1105277613 -0.0480400547 0.9799169898 0.1935325563 -0.1031063944 -0.1975862086 0.9748480916
59.2 262.5 1984.8 0.9935095310 0.0268773120 0.1105277613 -0.0480400547 0.9799169898 0.1935325563 -0.1031063944 -0.1975862086 0.9748480916
53.5 66.6 2017.3 0.9935615063 0.0288763978 0.1095522866 -0.0462081544 0.9861750603 0.1591336876 -0.1034425274 -0.1631713063 0.9811599255
-85.9 269.3 2000.0 0.1443442702 -0.9436921477 -0.2976740301 0.9802743196 0.0953275710 0.1731326431 -0.1350073814 -0.3167929053 0.9388371706
-121.7 26.1 2033.4 -0.1550622582 -0.9436921477 -0.2922341228 0.7184270620 0.0953275710 -0.6890393496 0.6780989766 -0.3167929053 0.6631922722
204.4 255.8 1969.7 0.1329006851 0.7180899382 0.6831429005 -0.9584290385 -0.0824761912 0.2731510401 0.2524900436 -0.6910459399 0.6772770882
239.8 -0.1 2037.1 0.0207564589 0.7310096622 0.6820513606 -0.9843463898 0.1343649328 -0.1140537634 -0.1750181913 -0.6690074205 0.7223556638
-41.8 -123.6 2059.2 0.9963134527 0.0491010770 -0.0703459308 -0.0508486405 0.9984352589 -0.0232698638 0.0690932795 0.0267610736 0.9972512126
-61.3 -520.3 2048.5 0.9964297414 0.0550387800 -0.0640197471 -0.0487873256 0.9942409396 0.0954185352 0.0689027756 -0.0919545144 0.9933764338
140.4 -131.6 2040.6 0.9969089031 0.0783310831 -0.0060763857 -0.0780291632 0.9961555004 0.0398211069 0.0091722552 -0.0392238796 0.9991883636
109.3 -527.4 2056.2 0.9983806610 -0.0567694008 0.0036382140 0.0554253608 0.9851558208 0.1624686867 -0.0128074577 -0.1620039493 0.9867069721
-77.4 -179.2 1839.7 0 0 0 0 0 0 0 0 0
245.8 -281.4 1987.1 0 0 0 0 0 0 0 0 0
-82.3 -900.1 2083.7 0 0 0 0 0 0 0 0 0
131.0 -903.3 2118.0 0 0 0 0 0 0 0 0 0
63.1 460.9 1937.6  0.9976953864 0.0248364490 0.0631435737 -0.0379811786 0.9755665064 0.2163963467 -0.0562262386 -0.2182959020 0.9742615223
58.0 260.7 1982.4 0.9976953864 0.0248364490 0.0631435737 -0.0379811786 0.9755665064 0.2163963467 -0.0562262386 -0.2182959020 0.9742615223
52.6 65.4 2018.5 0.9977043271 0.0268395301 0.0621748604 -0.0376414470 0.9830044508 0.1796812415 -0.0562956035 -0.1816091090 0.9817580581
-87.6 266.1 1990.6 0.1447306275 -0.9467332363 -0.2876617014 0.9754031897 0.0876612291 0.2022476792 -0.1662578136 -0.3098575771 0.9361338615
-123.7 22.7 2032.1 -0.1560779214 -0.9467332363 -0.2816662788 0.7167401910 0.0876612291 -0.6918085217 0.6796492934 -0.3098575771 0.6648797393
203.6 255.2 1974.1 0.1262581497 0.7476162910 0.6520189643 -0.9617995620 -0.0686836541 0.2649984956 0.2429002374 -0.6605697870 0.7103851438
237.1 -0.3 2038.7 0.0142868040 0.7589780092 0.6509594917 -0.9850126505 0.1225989312 -0.1213243082 -0.1718894243 -0.6394699812 0.7493544817
-43.4 -125.2 2059.2 0.9921292067 0.0442520343 -0.1171381921 -0.0469000489 0.9987004399 -0.0199455246 0.1161033288 0.0252823252 0.9929153323
-60.9 -522.0 2049.1 0.9930561781 0.0388936587 -0.1110259593 -0.0278571229 0.9946695566 0.0992799252 0.1142954975 -0.0954976752 0.9888461828
138.9 -133.6 2040.2 0.9957526326 0.0750229508 -0.0533689857 -0.0721150041 0.9959076047 0.0544741265 0.0572373904 -0.0503940508 0.9970878959
109.0 -529.4 2060.2 0.9970958233 -0.0601055808 -0.0467673019 0.0660943389 0.9880388379 0.1393225491 0.0378338508 -0.1420089900 0.9891420603
-79.1 -182.1 1837.8 0 0 0 0 0 0 0 0 0
241.2 -281.9 1989.6 0 0 0 0 0 0 0 0 0
-75.8 -902.0 2085.6 0 0 0 0 0 0 0 0 0
132.0 -906.6 2114.4 0 0 0 0 0 0 0 0 0
62.2 463.5 1938.7  0.9936746359 0.0283697918 0.1086548194 -0.0512855947 0.9754120111 0.2143389434 -0.0999024659 -0.2185555995 0.9706971645
56.3 263.5 1983.5 0.9936746359 0.0283697918 0.1086548194 -0.0512855947 0.9754120111 0.2143389434 -0.0999024659 -0.2185555995 0.9706971645
49.9 68.2 2019.6 0.9936896563 0.0319491327 0.1075178236 -0.0507974029 0.9828221202 0.1774267703 -0.1000022665 -0.1817687750 0.9782431722
-88.6 270.9 1998.1 0.1431028694 -0.9403586984 -0.3086211979 0.9801617265 0.0914501175 0.1758403033 -0.1371295154 -0.3276619315 0.9347904325
-124.8 22.8 2032.8 -0.1661609858 -0.9403586984 -0.2968433797 0.7169995904 0.0914501175 -0.6910488009 0.6769801378 -0.3276619315 0.6590414047
201.3 256.1 1968.9 0.1263211071 0.7190321684 0.6834001541 -0.9568439722 -0.0934350491 0.2751717269 0.2617108226 -0.6886672974 0.6761987805
235.4 -2.3 2039.6 -0.0077151917 0.7362634540 0.6766510606 -0.9850312471 0.1109325588 -0.1319369823 -0.1722030044 -0.6675403714 0.7243866324
-44.3 -126.5 2059.7 0.9963440895 0.0430527665 -0.0737898946 -0.0446447246 0.9988014698 -0.0200615358 0.0728377476 0.0232825205 0.9970719814
-61.4 -523.5 2050.5 0.9969230890 0.0379419066 -0.0685909763 -0.0316766724 0.9954172373 0.0902278945 0.0717000589 -0.0877775401 0.9935563207
138.5 -133.3 2049.4 0.9979068041 0.0637668371 -0.0107626235 -0.0634324998 0.9975653887 0.0289766993 0.0125841722 -0.0282333437 0.9995221496
113.2 -529.6 2060.6 0.9996612072 -0.0257613175 -0.0037251483 0.0260289013 0.9901058674 0.1378871948 0.0001361356 -0.1379374266 0.9904409647
-77.3 -182.1 1839.3 0 0 0 0 0 0 0 0 0
233.2 -283.8 1990.4 0 0 0 0 0 0 0 0 0
-75.9 -903.8 2084.0 0 0 0 0 0 0 0 0 0
123.0 -907.6 2113.3 0 0 0 0 0 0 0 0 0
61.0 464.8 1934.7  0.9891786575 0.0280662049 0.1440066397 -0.0607320741 0.9718204737 0.2277642041 -0.1335561275 -0.2340453118 0.9630085826
55.2 264.2 1983.0 0.9891786575 0.0280662049 0.1440066397 -0.0607320741 0.9718204737 0.2277642041 -0.1335561275 -0.2340453118 0.9630085826
48.4 69.4 2021.5 0.9891737700 0.0342400670 0.1426984817 -0.0608843528 0.9805145264 0.1867737025 -0.1335227787 -0.1934397519 0.9719839096
-89.1 273.1 2002.5 0.1349470913 -0.9421463609 -0.3068379760 0.9842671156 0.0918165743 0.1509569585 -0.1140507385 -0.3223817348 0.9397140145
-123.4 23.2 2031.5 -0.1597594917 -0.9421463609 -0.2946814597 0.7224972844 0.0918165743 -0.6852498651 0.6726623178 -0.3223817348 0.6660295725
199.5 255.3 1963.6 0.1277057379 0.6960176229 0.7065767646 -0.9486956000 -0.1220454350 0.2916875482 0.2892541289 -0.7075764537 0.6447229385
233.7 1.3 2041.0 -0.0178391393 0.7184242606 0.6953763962 -0.9860935807 0.1022921950 -0.1309797913 -0.1652306318 -0.6880428195 0.7066087723
-47.4 -122.4 2064.9 0.9986879230 0.0308577158 -0.0408679843 -0.0324925818 0.9986727238 -0.0399625525 0.0395805873 0.0412380248 0.9983650446
-59.7 -519.3 2048.5 0.9985167980 0.0401914567 -0.0367262699 -0.0369844511 0.9957639575 0.0841797814 0.0399540067 -0.0826966316 0.9957735538
134.5 -131.7 2046.6 0.9978621006 0.0607237853 0.0241626054 -0.0617255569 0.9971606731 0.0431335606 -0.0214747675 -0.0445327982 0.9987770915
110.4 -527.9 2064.3 0.9981868267 -0.0533449538 0.0278818924 0.0501496121 0.9932186007 0.1048896164 -0.0332881473 -0.1033011675 0.9940929413
-77.7 -183.3 1839.2 0 0 0 0 0 0 0 0 0
228.6 -280.5 1993.8 0 0 0 0 0 0 0 0 0
-75.0 -899.7 2080.1 0 0 0 0 0 0 0 0 0
130.8 -906.9 2103.7 0 0 0 0 0 0 0 0 0
60.7 464.7 1932.2  0.9895075560 0.0280481093 0.1417326629 -0.0611633211 0.9700586796 0.2350428849 -0.1308964938 -0.2412455380 0.9615958929
55.0 264.3 1982.1 0.9895075560 0.0280481093 0.1417326629 -0.0611633211 0.9700586796 0.2350428849 -0.1308964938 -0.2412455380 0.9615958929
48.2 69.8 2021.9 0.9895032644 0.0341519266 0.1404170245 -0.0612971410 0.9791213870 0.1938143671 -0.1308661699 -0.2003871053 0.9709371924
-89.5 273.3 2001.2 0.1210759878 -0.9496226907 -0.2890628278 0.9849870801 0.0788371563 0.1535746753 -0.1230491176 -0.3033173382 0.9449113607
-120.0 24.9 2032.2 -0.1544897407 -0.9496226907 -0.2726712823 0.7243163586 0.0788371563 -0.6849456429 0.6719365716 -0.3033173382 0.6756477356
199.4 255.4 1963.0 0.1242838353 0.6981667280 0.7050650716 -0.9462371469 -0.1304737031 0.2959930897 0.2986449599 -0.7039459348 0.6444154978
232.6 2.5 2042.8 -0.0239155758 0.7235254645 0.6898832917 -0.9849394560 0.1011488140 -0.1402253807 -0.1712375134 -0.6828468442 0.7102097869
-49.0 -119.9 2072.2 0.9984950423 0.0339686424 -0.0430553332 -0.0353538319 0.9988678694 -0.0318298154 0.0419253707 0.0333040841 0.9985654950
-62.5 -516.8 2058.9 0.9988902211 0.0221692510 -0.0415554941 -0.0217241086 0.9997020364 0.0111332182 0.0417899266 -0.0102181062 0.9990741611
132.2 -131.1 2047.7 0.9979277253 0.0604945570 0.0219241530 -0.0615417697 0.9968140125 0.0507393330 -0.0187848490 -0.0519834384 0.9984712601
108.2 -527.1 2068.4 0.9973800778 -0.0684447810 0.0234147757 0.0665068403 0.9949332476 0.0753965676 -0.0284566414 -0.0736417919 0.9968786836
-75.9 -182.1 1840.1 0 0 0 0 0 0 0 0 0
225.8 -279.0 1993.8 0 0 0 0 0 0 0 0 0
-70.9 -897.8 2062.8 0 0 0 0 0 0 0 0 0
134.3 -906.9 2096.5 0 0 0 0 0 0 0 0 0
59.0 463.9 1931.0  0.9943757653 0.0242207516 0.1031026766 -0.0481412336 0.9704833627 0.2363143414 -0.0943357199 -0.2399487495 0.9661911726
54.0 263.4 1980.6 0.9943757653 0.0242207516 0.1031026766 -0.0481412336 0.9704833627 0.2363143414 -0.0943357199 -0.2399487495 0.9661911726
47.8 68.9 2020.7 0.9942962527 0.0311214048 0.1020119563 -0.0509428829 0.9788986444 0.1978946030 -0.0937006101 -0.2019626349 0.9749006629
-91.1 270.8 1994.2 0.1048693731 -0.9583390355 -0.2656853497 0.9835649133 0.0604637824 0.1701299399 -0.1469778121 -0.2791602015 0.9489294291
-117.3 25.6 2030.9 -0.1482077539 -0.9583390355 -0.2441736013 0.7302168608 0.0604637824 -0.6805346608 0.6669465899 -0.2791602015 0.6908341050
199.1 255.9 1966.9 0.1236273497 0.7234758139 0.6791899800 -0.9502957463 -0.1107772961 0.2909749150 0.2857521474 -0.6814038157 0.6738208532
232.2 1.4 2043.4 -0.0231662821 0.7449184060 0.6667532921 -0.9847499132 0.0980247930 -0.1437315196 -0.1724266112 -0.6599149704 0.7312874198
-49.3 -119.1 2073.7 0.9959966540 0.0398183316 -0.0800321028 -0.0425485112 0.9985590577 -0.0327021591 0.0786146373 0.0359764881 0.9962556958
-65.1 -516.0 2059.4 0.9968996644 0.0114547564 -0.0778452978 -0.0099689541 0.9997611642 0.0194484908 0.0780494809 -0.0186121576 0.9967757463
132.1 -130.4 2049.7 0.9978907704 0.0626971126 -0.0168260392 -0.0620367229 0.9973782897 0.0372557789 0.0191177558 -0.0361333638 0.9991641045
107.2 -526.7 2064.1 0.9972010255 -0.0736882389 -0.0126556437 0.0746018887 0.9918866158 0.1029344499 0.0049679046 -0.1035904735 0.9946076274
-74.9 -183.1 1840.3 0 0 0 0 0 0 0 0 0
225.6 -280.1 1994.2 0 0 0 0 0 0 0 0 0
-69.5 -897.4 2066.5 0 0 0 0 0 0 0 0 0
135.3 -905.3 2103.6 0 0 0 0 0 0 0 0 0
58.7 463.6 1930.4  0.9945774674 0.0180836674 0.1024139300 -0.0421854369 0.9702616334 0.2383542508 -0.0950579867 -0.2413821369 0.9657632709
55.0 263.4 1980.2 0.9945774674 0.0180836674 0.1024139300 -0.0421854369 0.9702616334 0.2383542508 -0.0950579867 -0.2413821369 0.9657632709
50.3 69.0 2020.8 0.9945456982 0.0234939437 0.1016214862 -0.0436761044 0.9785737991 0.2012106180 -0.0947168916 -0.2045515776 0.9742624760
-90.3 269.8 1994.0 0.1076105237 -0.9574897289 -0.2676440775 0.9839498401 0.0640253350 0.1665636003 -0.1423469335 -0.2812723219 0.9490116835
-117.2 23.5 2029.6 -0.1474439949 -0.9574897289 -0.2479387820 0.7294437289 0.0640253350 -0.6810379028 0.6679611802 -0.2812723219 0.6889947653
200.2 257.0 1966.3 0.1191701740 0.7243390083 0.6790666580 -0.9509707689 -0.1133275330 0.2877698541 0.2853998542 -0.6800661087 0.6753199100
232.2 1.2 2043.1 -0.0172123965 0.7452171445 0.6665996909 -0.9856024384 0.0995099321 -0.1366953701 -0.1682010293 -0.6593551040 0.7327750325
-49.5 -121.0 2069.5 0.9960248470 0.0422946252 -0.0783941597 -0.0442856289 0.9987345338 -0.0238344688 0.0772868842 0.0272114575 0.9966374636
-66.3 -517.9 2058.6 0.9969267249 0.0211159177 -0.0754399523 -0.0179835670 0.9989573359 0.0419618823 0.0762473568 -0.0404762439 0.9962670207
132.7 -130.3 2052.3 0.9979566336 0.0615425557 -0.0171773303 -0.0612125844 0.9979416728 0.0191167463 0.0183184687 -0.0180262141 0.9996696711
108.2 -526.8 2059.4 0.9978887439 -0.0642620623 -0.0094028199 0.0649462491 0.9876067638 0.1428806633 0.0001044819 -0.1431896836 0.9896952510
-75.0 -185.0 1838.7 0 0 0 0 0 0 0 0 0
227.3 -280.5 1995.1 0 0 0 0 0 0 0 0 0
-74.4 -899.2 2074.1 0 0 0 0 0 0 0 0 0
132.8 -903.7 2114.1 0 0 0 0 0 0 0 0 0
58.5 461.8 1931.1  0.9916345477 0.0201517213 0.1274943948 -0.0500618294 0.9704669118 0.2359826416 -0.1189736351 -0.2403911352 0.9633573294
54.3 262.1 1980.6 0.9916345477 0.0201517213 0.1274943948 -0.0500618294 0.9704669118 0.2359826416 -0.1189736351 -0.2403911352 0.9633573294
49.5 67.6 2021.1 0.9916456938 0.0244207866 0.1266588867 -0.0495753326 0.9786538482 0.1994464844 -0.1190845668 -0.2040593922 0.9716885686
-90.5 269.3 1997.9 0.1023223847 -0.9529060721 -0.2854823470 0.9875833392 0.0629215240 0.1439443827 -0.1192024946 -0.2966663539 0.9475124478
-116.1 22.2 2027.8 -0.1518815160 -0.9529060721 -0.2624920011 0.7476997972 0.0629215240 -0.6610490680 0.6464340687 -0.2966663539 0.7029310465
199.1 254.9 1963.2 0.1296095401 0.7072967291 0.6949335933 -0.9463973641 -0.1208753809 0.2995349467 0.2958604395 -0.6965059042 0.6537171602
233.9 0.5 2042.7 -0.0196372177 0.7300621867 0.6830984950 -0.9854003787 0.1014353931 -0.1367367506 -0.1691166908 -0.6758106351 0.7174116969
-45.5 -121.5 2070.2 0.9971872568 0.0517141819 -0.0542512946 -0.0532455742 0.9982116818 -0.0271718651 0.0527491048 0.0299840793 0.9981575608
-66.1 -518.2 2058.3 0.9984242916 0.0229088757 -0.0512260832 -0.0214123186 0.9993332028 0.0295751635 0.0518694595 -0.0284316912 0.9982490540
