52.1 454.0 2101.4 4 0.9982217550 0.0196005721 0.0562950112 -0.0150405318 0.9966561794 -0.0803134441 -0.0576809607 0.0793239176 0.9951786995
48.3 256.9 2085.7 0.9982217550 0.0196005721 0.0562950112 -0.0150405318 0.9966561794 -0.0803134441 -0.0576809607 0.0793239176 0.9951786995
44.7 63.4 2070.0 0.9982492328 0.0182421524 0.0562641360 -0.0135926465 0.9965445995 -0.0819397420 -0.0575644746 0.0810315087 0.9950478673
-88.1 258.7 2093.6 0.2343496084 -0.6903430820 -0.6844754815 0.9718320370 0.1482874900 0.1831756085 -0.0249548554 -0.7081223726 0.7056486011
-149.5 4.0 2100.1 0.0189308394 -0.6915870309 -0.7220450044 0.9498877525 0.2378121018 -0.2028759718 0.3120174408 -0.6820210814 0.6614320278
184.6 255.0 2077.9 0.1812060773 0.7235186696 0.6660969257 -0.9833697677 0.1416879594 0.1136151478 -0.0121752284 -0.6756073236 0.7371610999
232.8 -6.2 2074.6 -0.0609751716 0.7230834365 0.6880642772 -0.9646081328 0.1344868094 -0.2268135995 -0.2565407157 -0.6775423884 0.6892917752
-49.3 -128.0 2059.0 0.9996036887 0.0019889765 -0.0280814171 -0.0009244764 0.9992822409 0.0378698446 0.0281365849 -0.0378288738 0.9988880157
-50.1 -515.8 2073.7 0.9937779307 0.1080413982 -0.0270652585 -0.0982750952 0.9649271965 0.2434287667 0.0524163879 -0.2392542958 0.9695410728
129.4 -130.3 2047.0 0.9946871400 0.0961939469 -0.0366629921 -0.0922090486 0.9908904433 0.0981509387 0.0457705334 -0.0942488164 0.9944959879
92.1 -515.0 2083.6 0.9917444587 -0.1235863194 -0.0341951400 0.1269024611 0.9842072725 0.1234170869 0.0184024423 -0.1267376542 0.9917655587
-154.8 -261.2 2013.0 0 0 0 0 0 0 0 0 0
216.0 -270.6 2004.3 0 0 0 0 0 0 0 0 0
-90.4 -875.7 2162.9 0 0 0 0 0 0 0 0 0
138.2 -882.3 2130.9 0 0 0 0 0 0 0 0 0
52.9 454.6 2101.2 5 0.9985069036 0.0228103194 0.0496346578 -0.0189117193 0.9968016744 -0.0776449740 -0.0512470193 0.0765903741 0.9957447648
48.4 257.3 2086.0 0.9985069036 0.0228103194 0.0496346578 -0.0189117193 0.9968016744 -0.0776449740 -0.0512470193 0.0765903741 0.9957447648
44.4 63.9 2070.7 0.9985517859 0.0208858773 0.0495792590 -0.0168652050 0.9966383576 -0.0801723227 -0.0510870591 0.0792200491 0.9955472350
-88.0 259.6 2093.0 0.2290881723 -0.6866421700 -0.6899573803 0.9730875492 0.1434257776 0.1803599149 -0.0248850416 -0.7127072215 0.7010200620
-148.5 2.6 2099.6 0.0230562352 -0.6877437234 -0.7255873680 0.9510258436 0.2388696522 -0.1961914301 0.3082502186 -0.6855289340 0.6595695019
184.8 255.0 2079.1 0.1798184365 0.7274548411 0.6621742845 -0.9835951328 0.1427832991 0.1102430820 -0.0143505679 -0.6711351275 0.7411960959
232.5 -5.9 2075.2 -0.0603505485 0.7268718481 0.6841163635 -0.9649599195 0.1328517348 -0.2262802869 -0.2553628087 -0.6738010049 0.6933844686
-48.2 -128.8 2059.4 0.9993983507 0.0044576894 -0.0343956761 -0.0029960340 0.9990949035 0.0424304381 0.0345536880 -0.0423018597 0.9985072017
-50.0 -516.6 2075.8 0.9932870269 0.1108840480 -0.0329481661 -0.1004808992 0.9681890607 0.2291584015 0.0573100671 -0.2243094146 0.9728313684
130.6 -131.2 2049.1 0.9943903089 0.0965476185 -0.0432030112 -0.0920671746 0.9911299348 0.0958388373 0.0520728119 -0.0913236290 0.9944588542
93.1 -516.0 2084.6 0.9921655655 -0.1180414036 -0.0409113690 0.1221434921 0.9853268862 0.1192138419 0.0262389015 -0.1232769191 0.9920253754
-154.9 -262.9 2013.5 0 0 0 0 0 0 0 0 0
216.0 -270.5 2005.2 0 0 0 0 0 0 0 0 0
-91.3 -877.8 2159.5 0 0 0 0 0 0 0 0 0
137.2 -883.8 2130.6 0 0 0 0 0 0 0 0 0
54.3 456.5 2101.1 6 0.9987755418 0.0260516685 0.0420559272 -0.0229119994 0.9970331788 -0.0734839141 -0.0438455306 0.0724303573 0.9964092374
49.2 259.0 2086.7 0.9987755418 0.0260516685 0.0420559272 -0.0229119994 0.9970331788 -0.0734839141 -0.0438455306 0.0724303573 0.9964092374
44.5 65.5 2072.2 0.9988248944 0.0241873804 0.0419971310 -0.0209529456 0.9969015718 -0.0758173764 -0.0437008291 0.0748483241 0.9962369204
-87.3 261.9 2092.7 0.2280763537 -0.6820711493 -0.6948094368 0.9731804132 0.1376979500 0.1842802316 -0.0300183874 -0.7182048559 0.6951838732
-148.0 2.7 2100.7 0.0253616683 -0.6832153797 -0.7297763228 0.9518504143 0.2396026850 -0.1912363023 0.3055119514 -0.6897878647 0.6563956141
185.6 256.2 2080.8 0.1793537289 0.7316396236 0.6576744318 -0.9836646914 0.1438077539 0.1082731485 -0.0153617589 -0.6663503051 0.7454805374
233.5 -6.2 2076.7 -0.0517054312 0.7312485576 0.6801485419 -0.9660257697 0.1360665411 -0.2197273523 -0.2532207668 -0.6684021354 0.6993696094
-49.2 -128.1 2059.9 0.9991347194 0.0020722568 -0.0415395424 -0.0002708321 0.9990609884 0.0433252975 0.0415903181 -0.0432765558 0.9981970787
-50.0 -515.9 2076.7 0.9947416186 0.0940870345 -0.0404565111 -0.0826351270 0.9706957936 0.2256569415 0.0605023578 -0.2211272269 0.9733664393
129.8 -131.1 2050.7 0.9941709042 0.0950792506 -0.0508344658 -0.0900759399 0.9915824533 0.0930084661 0.0592497364 -0.0878873467 0.9943667650
92.8 -516.1 2084.8 0.9914334416 -0.1214302108 -0.0481079929 0.1264665127 0.9845400453 0.1211904734 0.0326480605 -0.1262363344 0.9914628267
-155.1 -263.1 2015.4 0 0 0 0 0 0 0 0 0
219.3 -271.0 2007.2 0 0 0 0 0 0 0 0 0
-85.1 -878.1 2159.2 0 0 0 0 0 0 0 0 0
138.2 -883.6 2131.9 0 0 0 0 0 0 0 0 0
54.2 455.1 2102.0 7 0.9991725087 0.0270833150 0.0303443838 -0.0247991383 0.9970032573 -0.0732766911 -0.0322380252 0.0724635422 0.9968498945
48.9 256.7 2087.6 0.9991725087 0.0270833150 0.0303443838 -0.0247991383 0.9970032573 -0.0732766911 -0.0322380252 0.0724635422 0.9968498945
44.0 63.2 2073.3 0.9992269278 0.0250325166 0.0303129647 -0.0227164030 0.9969638586 -0.0744787753 -0.0320853218 0.0737325922 0.9967617989
-87.6 259.8 2092.0 0.2277585119 -0.6755383015 -0.7012660503 0.9729347825 0.1290119588 0.1917127669 -0.0390376039 -0.7259503603 0.6866382957
-147.6 3.6 2102.3 0.0276114140 -0.6767894030 -0.7356586456 0.9534106851 0.2389973849 -0.1840879321 0.3004092574 -0.6963018775 0.6518573165
185.4 253.6 2083.2 0.1819037944 0.7383287549 0.6494472027 -0.9831593037 0.1483657360 0.1067026258 -0.0175740980 -0.6579196453 0.7528830767
233.1 -4.3 2078.6 -0.0469302684 0.7378198504 0.6733642220 -0.9664788842 0.1368069351 -0.2172612995 -0.2524206042 -0.6609884501 0.7066668868
-49.7 -126.1 2061.6 0.9985595942 -0.0081417086 -0.0530321933 0.0104263583 0.9990229607 0.0429472327 0.0526307113 -0.0434383042 0.9976688623
-46.5 -513.9 2078.4 0.9917622805 0.1163144857 -0.0536515154 -0.1032531485 0.9738162160 0.2025357932 0.0758045614 -0.1953276694 0.9778040648
129.3 -129.9 2053.8 0.9940802455 0.0889431611 -0.0623986199 -0.0829805657 0.9922587872 0.0923945382 0.0701334402 -0.0866697133 0.9937654138
94.7 -515.1 2087.4 0.9924649000 -0.1059677228 -0.0615168102 0.1118737906 0.9884536862 0.1021936014 0.0499772951 -0.1083056778 0.9928606153
-155.3 -262.6 2018.4 0 0 0 0 0 0 0 0 0
220.2 -269.2 2009.4 0 0 0 0 0 0 0 0 0
-89.9 -877.2 2151.3 0 0 0 0 0 0 0 0 0
134.3 -884.0 2127.8 0 0 0 0 0 0 0 0 0
54.0 454.5 2095.5 8 0.9982445836 0.0252064895 0.0535949431 -0.0222161990 0.9982016683 -0.0556761511 -0.0549019650 0.0543877408 0.9970093966
49.0 256.4 2084.7 0.9982445836 0.0252064895 0.0535949431 -0.0222161990 0.9982016683 -0.0556761511 -0.0549019650 0.0543877408 0.9970093966
44.4 62.7 2073.6 0.9982819557 0.0238260049 0.0535296239 -0.0206931904 0.9980825186 -0.0583355762 -0.0548168868 0.0571276546 0.9968608618
-87.3 259.3 2092.2 0.2289998382 -0.6885141730 -0.6881186366 0.9725965261 0.1326516569 0.1909436733 -0.0401873477 -0.7129878998 0.7000237107
-147.8 2.4 2102.8 0.0272753127 -0.6894693375 -0.7238011360 0.9539710879 0.2342814505 -0.1872199625 0.2986555994 -0.6853789091 0.6641239524
185.4 253.6 2077.2 0.1790795922 0.7249655724 0.6650980115 -0.9838005900 0.1263352484 0.1271841228 0.0081787938 -0.6770999432 0.7358456254
232.8 -6.8 2079.4 -0.0480016768 0.7258394361 0.6861872673 -0.9656138420 0.1420119405 -0.2177670002 -0.2555106580 -0.6730451584 0.6940637827
-50.4 -128.3 2061.8 0.9994938970 -0.0108651351 -0.0298988037 0.0120617626 0.9991213679 0.0401377194 0.0294364300 -0.0404780358 0.9987467527
-46.2 -516.2 2077.6 0.9906892180 0.1324798763 -0.0313672796 -0.1224800721 0.9678876996 0.2195268124 0.0594428889 -0.2136409730 0.9751020670
128.7 -132.4 2056.1 0.9954035282 0.0864612982 -0.0411852598 -0.0824337006 0.9924249649 0.0910897478 0.0487490185 -0.0872760043 0.9949906468
95.1 -517.7 2090.0 0.9932714105 -0.1083699986 -0.0408388525 0.1118310094 0.9891699553 0.0950613841 0.0300947651 -0.0989888087 0.9946333766
-155.4 -263.9 2019.4 0 0 0 0 0 0 0 0 0
219.6 -271.6 2009.3 0 0 0 0 0 0 0 0 0
-95.6 -877.3 2157.3 0 0 0 0 0 0 0 0 0
135.5 -886.9 2126.9 0 0 0 0 0 0 0 0 0
54.3 455.3 2098.2 9 0.9983431101 0.0254970491 0.0515845232 -0.0225257836 0.9980980754 -0.0573834181 -0.0529495180 0.0561263561 0.9970186353
49.2 257.3 2087.1 0.9983431101 0.0254970491 0.0515845232 -0.0225257836 0.9980980754 -0.0573834181 -0.0529495180 0.0561263561 0.9970186353
44.6 63.6 2075.4 0.9983939528 0.0236369409 0.0514857732 -0.0204592831 0.9979038239 -0.0613950044 -0.0528290384 0.0602430366 0.9967847466
-87.2 260.1 2094.3 0.2272234559 -0.6867911816 -0.6904255152 0.9732742310 0.1359329373 0.1850933731 -0.0332689211 -0.7140309215 0.6993232965
-147.6 1.3 2103.2 0.0260662790 -0.6877618432 -0.7254682183 0.9533924460 0.2353312075 -0.1888441592 0.3006051481 -0.6867334843 0.6618411541
185.6 254.5 2079.9 0.1770876199 0.7264983058 0.6639579535 -0.9841847420 0.1276212633 0.1228546277 0.0045185336 -0.6752132773 0.7376086712
232.7 -7.2 2081.1 -0.0481509529 0.7274528146 0.6844661236 -0.9644026756 0.1445274949 -0.2214482576 -0.2600173354 -0.6707639098 0.6945982575
-49.6 -129.2 2067.4 0.9994901419 -0.0019007128 -0.0318728276 0.0026803380 0.9996978045 0.0244356338 0.0318167508 -0.0245086029 0.9991931915
-48.8 -517.2 2076.9 0.9931837320 0.1121960133 -0.0315934420 -0.1021770686 0.9684723020 0.2272031903 0.0560886636 -0.2224263847 0.9733347893
129.3 -132.9 2057.6 0.9950554371 0.0896014571 -0.0428512245 -0.0853542909 0.9920604825 0.0923618004 0.0507867560 -0.0882475749 0.9948030114
94.5 -518.1 2091.9 0.9921779037 -0.1166750565 -0.0443834513 0.1197808683 0.9899396300 0.0753135458 0.0351497233 -0.0800407231 0.9961716533
-154.9 -264.9 2019.2 0 0 0 0 0 0 0 0 0
219.5 -271.6 2009.8 0 0 0 0 0 0 0 0 0
-90.7 -878.6 2159.9 0 0 0 0 0 0 0 0 0
138.0 -887.5 2121.7 0 0 0 0 0 0 0 0 0
55.6 453.7 2099.6 0 0.9972473979 0.0296665374 0.0679521784 -0.0254624058 0.9977562428 -0.0619207956 -0.0696366876 0.0600201264 0.9957652092
49.8 256.2 2087.7 0.9972473979 0.0296665374 0.0679521784 -0.0254624058 0.9977562428 -0.0619207956 -0.0696366876 0.0600201264 0.9957652092
44.2 62.5 2075.4 0.9972815514 0.0287176613 0.0678590685 -0.0242964663 0.9975827336 -0.0651029348 -0.0695646405 0.0632772222 0.9955685735
-86.5 259.5 2097.2 0.2320499718 -0.6964513659 -0.6790495515 0.9723742604 0.1479187608 0.1805776954 -0.0253194142 -0.7021933794 0.7115359306
-147.8 2.5 2103.9 0.0164188184 -0.6976808310 -0.7162205577 0.9511250257 0.2318181545 -0.2040136009 0.3083693087 -0.6778656244 0.6673878431
186.0 252.8 2078.2 0.1777788550 0.7164916396 0.6745623350 -0.9840174913 0.1223214492 0.1294101477 0.0102078523 -0.6867875457 0.7267864943
232.7 -5.7 2080.9 -0.0482652821 0.7178173661 0.6945564747 -0.9653761387 0.1449466348 -0.2168856710 -0.2563579082 -0.6809763312 0.6859678626
-49.4 -128.2 2068.4 0.9998854995 0.0011175526 -0.0150906742 -0.0007419505 0.9996903539 0.0248723868 0.0151137980 -0.0248583425 0.9995767474
-49.8 -516.3 2078.1 0.9940416813 0.1080234647 -0.0145639526 -0.1020490751 0.9692526460 0.2239090204 0.0383035801 -0.2210886627 0.9745012522
129.5 -131.9 2059.0 0.9953905344 0.0919950902 -0.0271026939 -0.0897196829 0.9930832386 0.0757365078 0.0338826180 -0.0729557574 0.9967594743
93.8 -517.4 2087.3 0.9921450019 -0.1226762384 -0.0244718548 0.1245736033 0.9867462516 0.1039869264 0.0113907866 -0.1062186509 0.9942775369
-152.4 -263.1 2017.8 0 0 0 0 0 0 0 0 0
219.5 -270.4 2010.6 0 0 0 0 0 0 0 0 0
-90.1 -878.1 2160.6 0 0 0 0 0 0 0 0 0
139.6 -885.6 2126.9 0 0 0 0 0 0 0 0 0
55.7 455.0 2100.8 1 0.9958323240 0.0314724781 0.0856004655 -0.0261252895 0.9976787567 -0.0628853440 -0.0873809233 0.0603869222 0.9943429828
49.4 257.5 2088.8 0.9958323240 0.0314724781 0.0856004655 -0.0261252895 0.9976787567 -0.0628853440 -0.0873809233 0.0603869222 0.9943429828
43.5 63.8 2076.4 0.9958664775 0.0306711029 0.0854938254 -0.0250284057 0.9974851608 -0.0663090944 -0.0873125941 0.0638952330 0.9941297174
-86.6 260.9 2100.8 0.2318618894 -0.7072402239 -0.6678707600 0.9725709558 0.1554197520 0.1730619967 -0.0185960885 -0.6896781921 0.7238771915
-148.1 2.7 2105.7 0.0100194234 -0.7085441351 -0.7055953741 0.9492485523 0.2285779417 -0.2160539031 0.3143672645 -0.6676206589 0.6748747230
185.5 254.0 2076.9 0.1781316400 0.7051752210 0.6862922311 -0.9839029908 0.1175174415 0.1346275806 0.0142847290 -0.6992263794 0.7147575617
232.7 -7.1 2080.7 -0.0456085280 0.7068496943 0.7058919072 -0.9668742418 0.1464157254 -0.2090853006 -0.2511455417 -0.6920447350 0.6767569780
-50.7 -129.0 2069.4 0.9999887943 -0.0038953410 0.0026996420 0.0038208910 0.9996266365 0.0270548929 -0.0028040220 -0.0270442739 0.9996303320
-49.2 -517.0 2079.9 0.9946158528 0.1036121175 0.0019498508 -0.1017581299 0.9729124308 0.2075732201 0.0196100660 -0.2066540271 0.9782175422
128.0 -133.3 2056.9 0.9962749481 0.0857495666 -0.0091211498 -0.0848023742 0.9934360385 0.0767687708 0.0156441666 -0.0757093132 0.9970071912
94.7 -519.0 2086.3 0.9924196601 -0.1228361428 -0.0038093403 0.1221839860 0.9828724265 0.1379597038 -0.0132023422 -0.1373793632 0.9904305339
-150.9 -262.4 2017.9 0 0 0 0 0 0 0 0 0
220.2 -272.2 2011.8 0 0 0 0 0 0 0 0 0
-87.9 -880.1 2157.0 0 0 0 0 0 0 0 0 0
140.5 -885.6 2137.6 0 0 0 0 0 0 0 0 0
54.9 455.4 2095.4 2 0.9974990487 0.0281759407 0.0648212284 -0.0251850300 0.9986005425 -0.0465043187 -0.0660408214 0.0447554886 0.9968127012
49.3 257.6 2086.5 0.9974990487 0.0281759407 0.0648212284 -0.0251850300 0.9986005425 -0.0465043187 -0.0660408214 0.0447554886 0.9968127012
44.1 63.8 2077.1 0.9975453019 0.0267502088 0.0647131801 -0.0235027950 0.9984508753 -0.0504328236 -0.0659620240 0.0487880856 0.9966287017
-87.0 260.8 2095.5 0.2286389023 -0.6940380335 -0.6826679111 0.9728940129 0.1379302591 0.1856137663 -0.0346624590 -0.7066020370 0.7067617178
-147.6 2.6 2104.7 0.0023148265 -0.6968216896 -0.7172406912 0.9493594170 0.2268778086 -0.2173548937 0.3141835928 -0.6804160476 0.6620593667
185.5 254.5 2077.5 0.1775122136 0.7173941135 0.6736727953 -0.9840219021 0.1197939366 0.1317203939 0.0137935216 -0.6862908006 0.7271964550
232.6 -6.5 2081.2 -0.0496977083 0.7185396552 0.6937080622 -0.9669552445 0.1392796338 -0.2135385275 -0.2500553131 -0.6813970208 0.6878738403
-51.7 -127.6 2071.9 0.9998029470 -0.0077735544 -0.0182669871 0.0081495326 0.9997546077 0.0205988921 0.0181023777 -0.0207436997 0.9996209145
-48.7 -515.7 2079.9 0.9937371016 0.1100486740 -0.0193868149 -0.1038003117 0.9733436108 0.2045181543 0.0413769856 -0.2012249082 0.9786707759
126.7 -132.0 2056.2 0.9960645437 0.0831845403 -0.0305894781 -0.0801752806 0.9927916527 0.0890880525 0.0377797261 -0.0862849355 0.9955539107
94.4 -517.5 2089.7 0.9930839539 -0.1137552559 -0.0290515460 0.1162450910 0.9874004722 0.1073658913 0.0164720751 -0.1100004464 0.9937950373
-148.3 -262.5 2017.0 0 0 0 0 0 0 0 0 0
219.0 -271.6 2012.6 0 0 0 0 0 0 0 0 0
-89.7 -879.0 2155.0 0 0 0 0 0 0 0 0 0
136.9 -885.8 2130.7 0 0 0 0 0 0 0 0 0
54.8 454.4 2093.2 3 0.9985594153 0.0284641497 0.0454847664 -0.0264745075 0.9986911416 -0.0437624231 -0.0466708951 0.0424951948 0.9980059862
49.1 255.8 2084.7 0.9985594153 0.0284641497 0.0454847664 -0.0264745075 0.9986911416 -0.0437624231 -0.0466708951 0.0424951948 0.9980059862
44.1 61.9 2075.9 0.9986442327 0.0254454277 0.0454117768 -0.0233325083 0.9986473322 -0.0464666449 -0.0465327129 0.0453440733 0.9978870749
-87.3 258.9 2091.1 0.2307602167 -0.6835705042 -0.6924457550 0.9713962674 0.1208700165 0.2044007778 -0.0560264140 -0.7198067904 0.6919098496
-148.0 3.4 2105.8 -0.0116448617 -0.6890684962 -0.7246026397 0.9462158680 0.2267213166 -0.2308093607 0.3233263195 -0.6883182526 0.6493673921
185.5 252.6 2078.4 0.1829035580 0.7282900214 0.6604089141 -0.9830920100 0.1295163184 0.1294434220 0.0087386267 -0.6729183793 0.7396650910
233.7 -6.6 2080.7 -0.0549132675 0.7283768058 0.6829727292 -0.9672234654 0.1310297400 -0.2175085843 -0.2479179502 -0.6725313067 0.6973078847
-50.5 -127.9 2073.5 0.9992867708 -0.0038082586 -0.0375688225 0.0042953263 0.9999076724 0.0128924977 0.0375162549 -0.0130446730 0.9992108941
-49.0 -516.0 2078.6 0.9931644201 0.1105130091 -0.0375673510 -0.1000505537 0.9717709422 0.2136611044 0.0601191930 -0.2084419727 0.9761852622
128.2 -132.0 2061.7 0.9950908422 0.0849363208 -0.0507945791 -0.0805722028 0.9933251143 0.0825426579 0.0574664026 -0.0780448094 0.9952922463
95.2 -517.7 2092.0 0.9930083752 -0.1063262895 -0.0512746833 0.1100767478 0.9909424186 0.0769170299 0.0426319577 -0.0820234045 0.9957181811
-144.8 -260.8 2015.5 0 0 0 0 0 0 0 0 0
218.7 -271.8 2012.7 0 0 0 0 0 0 0 0 0
-90.3 -878.8 2156.4 0 0 0 0 0 0 0 0 0
134.9 -887.3 2122.6 0 0 0 0 0 0 0 0 0
54.8 454.4 2091.1 4 0.9964980483 0.0308584031 0.0777137876 -0.0279493965 0.9988774061 -0.0382460207 -0.0788067579 0.0359400325 0.9962418675
48.7 255.9 2083.9 0.9964980483 0.0308584031 0.0777137876 -0.0279493965 0.9988774061 -0.0382460207 -0.0788067579 0.0359400325 0.9962418675
42.7 62.1 2075.9 0.9965215325 0.0305018444 0.0775530264 -0.0271843206 0.9986844063 -0.0434793718 -0.0787772015 0.0412199050 0.9960396886
-87.4 259.6 2094.7 0.2305867970 -0.7023187280 -0.6734820604 0.9721788764 0.1369711459 0.1900187284 -0.0412061065 -0.6985608339 0.7143632174
-148.3 2.9 2105.6 -0.0101164561 -0.7058427334 -0.7082962990 0.9474209547 0.2197916359 -0.2325620949 0.3198298812 -0.6734074950 0.6665067077
184.7 252.2 2073.2 0.1847726256 0.7086732388 0.6809121370 -0.9823771715 0.1133152619 0.1486431211 0.0281816591 -0.6963776946 0.7171219587
233.9 -9.3 2080.7 -0.0564573258 0.7103956938 0.7015344501 -0.9660120010 0.1386648118 -0.2181579769 -0.2522566319 -0.6900072694 0.6784220934
-50.3 -129.8 2071.3 0.9999811053 -0.0033894186 -0.0051253284 0.0034689351 0.9998725057 0.0155859636 0.0050718477 -0.0156034483 0.9998654127
-49.0 -518.0 2077.4 0.9945679903 0.1039309576 -0.0057286276 -0.0999035686 0.9685812593 0.2277489454 0.0292188078 -0.2259395123 0.9737030268
128.6 -134.0 2063.0 0.9956466556 0.0914232954 -0.0181528460 -0.0895279497 0.9922086596 0.0866410658 0.0259324219 -0.0846386999 0.9960741997
93.1 -519.2 2095.8 0.9922279716 -0.1228816509 -0.0195898414 0.1239756569 0.9897411466 0.0710103288 0.0106630065 -0.0728871003 0.9972832203
-145.5 -261.7 2016.3 0 0 0 0 0 0 0 0 0
218.4 -274.2 2011.5 0 0 0 0 0 0 0 0 0
-87.7 -879.5 2161.7 0 0 0 0 0 0 0 0 0
139.0 -888.5 2123.0 0 0 0 0 0 0 0 0 0
55.3 455.5 2090.5 5 0.9969627261 0.0340334140 0.0700500906 -0.0317851119 0.9989509583 -0.0329641514 -0.0710984915 0.0306374803 0.9969986677
48.5 257.3 2084.4 0.9969627261 0.0340334140 0.0700500906 -0.0317851119 0.9989509583 -0.0329641514 -0.0710984915 0.0306374803 0.9969986677
42.0 63.4 2077.3 0.9969967604 0.0334439725 0.0698497742 -0.0307784639 0.9987691641 -0.0388946570 -0.0710645989 0.0366279781 0.9967989922
-87.6 261.5 2094.1 0.2258875668 -0.6983777881 -0.6791489720 0.9730181098 0.1281033903 0.1918991804 -0.0470168367 -0.7041718364 0.7084711790
-147.9 1.8 2106.7 -0.0091932761 -0.7030329704 -0.7110977769 0.9450562000 0.2262826413 -0.2359342426 0.3267786503 -0.6741963625 0.6623253822
184.7 253.1 2074.7 0.1836764365 0.7123240829 0.6773900986 -0.9827610850 0.1183063388 0.1420711726 0.0210611820 -0.6918077469 0.7217745185
233.9 -10.2 2080.4 -0.0653450117 0.7129529715 0.6981604695 -0.9670865536 0.1271757782 -0.2203857750 -0.2459138036 -0.6895827055 0.6811769605
-52.4 -129.4 2075.0 0.9998508096 -0.0117943045 -0.0126216067 0.0119654974 0.9998362660 0.0135749904 0.0124594327 -0.0137239890 0.9998282194
-47.8 -517.5 2080.3 0.9939150810 0.1091734990 -0.0146263437 -0.1039734036 0.9737202525 0.2026286125 0.0363636427 -0.1998748928 0.9791464210
126.0 -134.2 2060.9 0.9970645905 0.0719276220 -0.0262411814 -0.0695666298 0.9942107797 0.0818864927 0.0319791660 -0.0798206180 0.9962961674
98.1 -520.1 2091.9 0.9949126840 -0.0973699838 -0.0258433837 0.0992778838 0.9912158847 0.0873782039 0.0171083584 -0.0894993618 0.9958399534
-145.4 -262.0 2015.4 0 0 0 0 0 0 0 0 0
216.0 -275.3 2013.0 0 0 0 0 0 0 0 0 0
-88.6 -880.9 2154.9 0 0 0 0 0 0 0 0 0
134.4 -889.9 2125.3 0 0 0 0 0 0 0 0 0
55.4 453.7 2089.2 6 0.9980693460 0.0260937121 0.0563623682 -0.0244068857 0.9992393851 -0.0304121412 -0.0571130626 0.0289777946 0.9979470968
50.2 255.5 2083.5 0.9980693460 0.0260937121 0.0563623682 -0.0244068857 0.9992393851 -0.0304121412 -0.0571130626 0.0289777946 0.9979470968
45.1 61.5 2076.6 0.9980671406 0.0265397336 0.0561927073 -0.0244901814 0.9990205765 -0.0368534364 -0.0571157485 0.0354060344 0.9977395535
-86.1 258.8 2091.3 0.2378910482 -0.6890648603 -0.6845417619 0.9693146944 0.1234783232 0.2125607431 -0.0619420744 -0.7141027451 0.6972951293
-148.4 4.8 2107.5 -0.0232081879 -0.6954819560 -0.7181686759 0.9421792626 0.2250007540 -0.2483403087 0.3343046904 -0.6824072003 0.6500467658
186.5 252.1 2075.7 0.1748503000 0.7226936817 0.6686861515 -0.9843555689 0.1133323163 0.1349067986 0.0217125434 -0.6818134785 0.7312037945
233.0 -9.5 2081.5 -0.0652546659 0.7238530517 0.6868613958 -0.9651341438 0.1290751547 -0.2277183682 -0.2534913719 -0.6777731180 0.6901925206
-53.8 -127.7 2076.6 0.9995247126 -0.0157820396 -0.0264810529 0.0159270559 0.9998592734 0.0052742404 0.0263940860 -0.0056934990 0.9996353984
-47.6 -515.9 2078.8 0.9934107661 0.1108136475 -0.0292461477 -0.1017863080 0.9703463912 0.2192428708 0.0526739955 -0.2148213685 0.9752318859
124.8 -133.2 2063.9 0.9966326356 0.0710154921 -0.0409895554 -0.0676460788 0.9946211576 0.0784398541 0.0463395230 -0.0754029378 0.9960758090
97.3 -519.3 2093.1 0.9940586686 -0.1006504446 -0.0414348952 0.1034521908 0.9920112491 0.0721897036 0.0338379554 -0.0760473311 0.9965298772
-142.0 -258.2 2014.2 0 0 0 0 0 0 0 0 0
215.1 -274.1 2012.0 0 0 0 0 0 0 0 0 0
-89.0 -878.0 2159.0 0 0 0 0 0 0 0 0 0
134.8 -889.5 2121.5 0 0 0 0 0 0 0 0 0
55.8 453.5 2089.1 7 0.9984975457 0.0235578753 0.0494742617 -0.0221153628 0.9993199706 -0.0295046326 -0.0501356833 0.0283661615 0.9983395338
51.1 255.4 2083.5 0.9984975457 0.0235578753 0.0494742617 -0.0221153628 0.9993199706 -0.0295046326 -0.0501356833 0.0283661615 0.9983395338
46.7 61.4 2076.6 0.9985221028 0.0228427965 0.0493129045 -0.0210560039 0.9991135001 -0.0364541486 -0.0501019023 0.0353619419 0.9981179237
-85.3 258.2 2090.3 0.2353080511 -0.6847441792 -0.6897503138 0.9699059129 0.1197634041 0.2119888514 -0.0625512898 -0.7188755870 0.6923187375
-147.7 0.9 2106.9 -0.0222549848 -0.6916549206 -0.7218851447 0.9420072436 0.2273385078 -0.2468594164 0.3348538280 -0.6855148673 0.6464845538
187.5 252.5 2076.6 0.1711796671 0.7274191380 0.6644990444 -0.9850662947 0.1137050465 0.1292885095 0.0184900463 -0.6767071486 0.7360200286
233.4 -11.3 2081.6 -0.0637897998 0.7287073731 0.6818478107 -0.9641453624 0.1313569397 -0.2305843085 -0.2575939298 -0.6721093059 0.6942005754
-49.5 -130.2 2074.9 0.9994059801 -0.0078622391 -0.0335534699 0.0081377663 0.9999341965 0.0080829123 0.0334877111 -0.0083511611 0.9994042516
-46.4 -518.4 2078.1 0.9922745228 0.1191796660 -0.0344605669 -0.1084097400 0.9680210352 0.2262356877 0.0603212453 -0.2207520306 0.9734628201
129.3 -134.6 2064.7 0.9951571822 0.0854678601 -0.0485535674 -0.0817164406 0.9938594103 0.0746049210 0.0546317436 -0.0702759996 0.9960304499
96.1 -520.4 2091.9 0.9921420813 -0.1153949872 -0.0483541414 0.1188859493 0.9899237752 0.0769222081 0.0389904752 -0.0820663869 0.9958638549
-141.5 -262.1 2013.4 0 0 0 0 0 0 0 0 0
215.9 -275.6 2011.0 0 0 0 0 0 0 0 0 0
-90.9 -879.7 2160.5 0 0 0 0 0 0 0 0 0
139.2 -889.8 2122.6 0 0 0 0 0 0 0 0 0
54.4 453.9 2090.0 8 0.9984982610 0.0160630066 0.0523759052 -0.0144323930 0.9994038343 -0.0313638598 -0.0528484806 0.0305608511 0.9981347919
51.2 255.8 2084.0 0.9984982610 0.0160630066 0.0523759052 -0.0144323930 0.9994038343 -0.0313638598 -0.0528484806 0.0305608511 0.9981347919
48.1 61.9 2076.7 0.9985066056 0.0159024559 0.0522657894 -0.0139109595 0.9991714358 -0.0382486358 -0.0528307296 0.0374644473 0.9979004860
-85.2 257.7 2091.2 0.2345329374 -0.6857435107 -0.6890211105 0.9704589844 0.1238942444 0.2070254683 -0.0566006228 -0.7172210217 0.6945432425
-147.5 -0.2 2106.2 -0.0324709229 -0.6928042173 -0.7203943133 0.9407365322 0.2222624123 -0.2561526597 0.3375802040 -0.6860187650 0.6445291638
187.6 253.9 2076.8 0.1715375483 0.7258051634 0.6661694646 -0.9850247502 0.1144465208 0.1289504617 0.0173521321 -0.6783132553 0.7345679402
233.8 -11.0 2081.4 -0.0607053041 0.7272353172 0.6836985350 -0.9641065598 0.1346581876 -0.2288355976 -0.2584829330 -0.6730498075 0.6929578185
-47.2 -130.6 2074.3 0.9995151162 0.0034367314 -0.0309473518 -0.0030514649 0.9999173880 0.0124877281 0.0309877116 -0.0123872375 0.9994429946
-48.5 -518.8 2079.1 0.9940462708 0.1048675254 -0.0295772795 -0.0959708616 0.9712103009 0.2180370986 0.0515907705 -0.2139004171 0.9754921794
131.7 -134.4 2065.3 0.9947724342 0.0908112600 -0.0467024483 -0.0875126049 0.9938126206 0.0683957636 0.0526245907 -0.0639511645 0.9965645671
96.5 -520.2 2090.1 0.9931029081 -0.1081236824 -0.0453418083 0.1116138771 0.9902608395 0.0832216740 0.0359019823 -0.0877084583 0.9954990149
-138.5 -262.8 2012.0 0 0 0 0 0 0 0 0 0
217.1 -275.3 2010.6 0 0 0 0 0 0 0 0 0
-87.6 -881.3 2158.9 0 0 0 0 0 0 0 0 0
136.8 -889.8 2122.8 0 0 0 0 0 0 0 0 0
55.6 454.9 2090.5 9 0.9988607168 0.0138361873 0.0456710272 -0.0123799061 0.9994106889 -0.0320165940 -0.0460870974 0.0314147174 0.9984433651
52.9 256.9 2084.3 0.9988607168 0.0138361873 0.0456710272 -0.0123799061 0.9994106889 -0.0320165940 -0.0460870974 0.0314147174 0.9984433651
50.0 63.0 2077.0 0.9988514781 0.0147658903 0.0455820188 -0.0130259264 0.9991838336 -0.0382359922 -0.0461094081 0.0375983305 0.9982285500
-83.6 258.7 2090.6 0.2353682816 -0.6807524562 -0.6936698556 0.9703618288 0.1243771091 0.2071913332 -0.0547693521 -0.7218770385 0.6898506284
-147.0 -2.8 2105.3 -0.0327491425 -0.6881164312 -0.7248608470 0.9399014711 0.2254204899 -0.2564581931 0.3398715854 -0.6896966100 0.6393793225
189.4 255.1 2078.0 0.1884724945 0.7256080508 0.6617938280 -0.9820769429 0.1404343545 0.1257101297 -0.0017223066 -0.6736253500 0.7390709519
239.7 -7.3 2077.5 -0.0731263459 0.7237917781 0.6861326098 -0.9685951471 0.1123921350 -0.2217914164 -0.2376467288 -0.6808035374 0.6928424239
-44.4 -130.8 2074.2 0.9992050529 0.0130036315 -0.0376857631 -0.0125494981 0.9998460412 0.0122621544 0.0378394127 -0.0117794694 0.9992144108
-49.5 -519.0 2078.7 0.9940721989 0.1032398120 -0.0340884812 -0.0931189954 0.9703164697 0.2231922895 0.0561189465 -0.2186949551 0.9741781950
134.5 -133.3 2064.7 0.9938700795 0.0965501070 -0.0538543575 -0.0930425376 0.9935884476 0.0642264783 0.0597101413 -0.0588220283 0.9964811206
97.0 -519.1 2087.5 0.9936513901 -0.1003780141 -0.0508053377 0.1048726588 0.9899088740 0.0953005180 0.0407265760 -0.1000235826 0.9941512346
-137.8 -265.2 2010.4 0 0 0 0 0 0 0 0 0
219.7 -272.8 2012.4 0 0 0 0 0 0 0 0 0
-88.0 -881.2 2160.4 0 0 0 0 0 0 0 0 0
134.5 -888.5 2124.9 0 0 0 0 0 0 0 0 0
55.3 453.7 2091.2 0 0.9991301894 0.0125123346 0.0397782549 -0.0111440932 0.9993448257 -0.0344343260 -0.0401830450 0.0339610837 0.9986150265
52.8 255.9 2084.5 0.9991301894 0.0125123346 0.0397782549 -0.0111440932 0.9993448257 -0.0344343260 -0.0401830450 0.0339610837 0.9986150265
50.3 61.9 2076.8 0.9991235733 0.0132503845 0.0397053659 -0.0116573200 0.9991281033 -0.0400885046 -0.0402019359 0.0395905115 0.9984069467
-83.7 257.4 2090.0 0.2348239720 -0.6774422526 -0.6970865726 0.9703767300 0.1214675233 0.2088413239 -0.0568045527 -0.7254775167 0.6858976483
-146.6 -2.8 2105.2 -0.0354671068 -0.6851696968 -0.7275194526 0.9404574037 0.2233693153 -0.2562147081 0.3380560875 -0.6932882667 0.6364506483
189.3 254.3 2079.0 0.2019251734 0.7269004583 0.6563855410 -0.9793695807 0.1552272737 0.1293821782 -0.0078409733 -0.6689695120 0.7432484627
242.9 -5.5 2076.9 -0.0798737854 0.7236708999 0.6855075955 -0.9694247246 0.1036818177 -0.2224091142 -0.2320256680 -0.6823126078 0.6932629943
-42.3 -129.8 2073.8 0.9988371134 0.0208455976 -0.0434732921 -0.0199897513 0.9995995164 0.0200294238 0.0438734069 -0.0191371124 0.9988538027
-50.4 -517.9 2081.2 0.9952335358 0.0895248801 -0.0386710241 -0.0794228390 0.9741939306 0.2112774998 0.0565876700 -0.2071990967 0.9766608477
136.7 -132.2 2065.6 0.9937348962 0.0943620726 -0.0598894507 -0.0906558856 0.9939597845 0.0618504062 0.0653640404 -0.0560335778 0.9962869883
100.0 -518.1 2087.3 0.9941062331 -0.0923891813 -0.0567184612 0.0974857956 0.9907050133 0.0948688239 0.0474264100 -0.0998389348 0.9938727021
-136.7 -265.4 2010.8 0 0 0 0 0 0 0 0 0
221.0 -271.2 2013.3 0 0 0 0 0 0 0 0 0
-83.8 -881.5 2158.6 0 0 0 0 0 0 0 0 0
134.5 -887.8 2124.6 0 0 0 0 0 0 0 0 0
56.0 454.8 2096.1 1 0.9982768297 0.0146572916 0.0568198003 -0.0120315328 0.9988559484 -0.0462817959 -0.0574331619 0.0455184132 0.9973111153
53.1 257.1 2087.1 0.9982768297 0.0146572916 0.0568198003 -0.0120315328 0.9988559484 -0.0462817959 -0.0574331619 0.0455184132 0.9973111153
50.3 63.2 2077.5 0.9982821941 0.0145101631 0.0567632616 -0.0116640572 0.9986733794 -0.0501537956 -0.0574157014 0.0494055524 0.9971271157
-83.3 258.7 2094.9 0.2399145067 -0.6872237921 -0.6856854558 0.9698855877 0.1391270608 0.1999141127 -0.0419883393 -0.7129986882 0.6999070048
-147.5 -1.0 2106.2 -0.0436844900 -0.6932039261 -0.7194163799 0.9389691949 0.2174574286 -0.2665504217 0.3412162364 -0.6871539354 0.6413976550
189.5 255.5 2079.3 0.2051634341 0.7157018185 0.6675918698 -0.9786148071 0.1603714675 0.1288179755 -0.0148674352 -0.6797440052 0.7332987189
244.3 -5.8 2075.3 -0.0828426629 0.7118674517 0.6974107623 -0.9713896513 0.0986166969 -0.2160484493 -0.2225742191 -0.6953556538 0.6833310127
-41.8 -131.0 2072.7 0.9994385242 0.0210499465 -0.0260682665 -0.0204293765 0.9995068312 0.0238474179 0.0265573971 -0.0233014692 0.9993757010
-50.0 -519.0 2081.8 0.9951845407 0.0955438018 -0.0218894929 -0.0891939998 0.9753195643 0.2019806206 0.0406472459 -0.1990555674 0.9791448712
137.2 -133.1 2065.5 0.9944186807 0.0970360711 -0.0414189734 -0.0941771492 0.9933554530 0.0661482960 0.0475625359 -0.0618783757 0.9969497919
99.5 -518.7 2089.6 0.9943242073 -0.0987684727 -0.0395497158 0.1018413901 0.9911459684 0.0851936340 0.0307850968 -0.0887378901 0.9955791831
-135.3 -263.2 2010.9 0 0 0 0 0 0 0 0 0
221.6 -272.1 2014.3 0 0 0 0 0 0 0 0 0
-85.7 -883.1 2156.1 0 0 0 0 0 0 0 0 0
136.4 -888.7 2122.7 0 0 0 0 0 0 0 0 0
55.0 454.2 2099.5 2 0.9987906218 0.0079468330 0.0485189445 -0.0052904002 0.9984923601 -0.0546353534 -0.0488799736 0.0543125942 0.9973268509
53.4 256.8 2088.8 0.9987906218 0.0079468330 0.0485189445 -0.0052904002 0.9984923601 -0.0546353534 -0.0488799736 0.0543125942 0.9973268509
52.1 63.1 2077.8 0.9987975955 0.0071474938 0.0485001132 -0.0043703602 0.9983573556 -0.0571266226 -0.0488287583 0.0568459705 0.9971882105
-83.0 257.4 2095.5 0.2409521788 -0.6810641289 -0.6914432049 0.9699141979 0.1434580833 0.1966882646 -0.0347642004 -0.7180330157 0.6951402426
-147.1 -0.6 2104.7 -0.0488178656 -0.6868404746 -0.7251668572 0.9388597012 0.2161876112 -0.2679652572 0.3408214748 -0.6939114332 0.6342930198
189.9 256.3 2082.1 0.2069830447 0.7202642560 0.6621007919 -0.9779719710 0.1709997803 0.1197077185 -0.0269979052 -0.6722934842 0.7397922873
245.0 -4.3 2074.9 -0.0838104635 0.7158541083 0.6932017803 -0.9723157883 0.0935254171 -0.2141379267 -0.2181235105 -0.6919580102 0.6881978512
-42.0 -129.6 2073.1 0.9992991090 0.0139883030 -0.0347227827 -0.0130903674 0.9995774031 0.0259541254 0.0350711644 -0.0254813991 0.9990599155
-47.4 -517.6 2083.0 0.9928246140 0.1152214557 -0.0319896303 -0.1072475538 0.9763024449 0.1879666150 0.0528893434 -0.1831870675 0.9816543460
136.9 -131.6 2062.8 0.9937689900 0.0999952331 -0.0492352881 -0.0963533670 0.9927763939 0.0714917257 0.0560284629 -0.0663022697 0.9962252975
98.1 -517.1 2088.5 0.9936464429 -0.1027477682 -0.0459304489 0.1070538908 0.9887987971 0.1040017158 0.0347300321 -0.1082579717 0.9935159683
-133.5 -262.8 2009.6 0 0 0 0 0 0 0 0 0
222.1 -270.8 2015.1 0 0 0 0 0 0 0 0 0
-90.4 -882.0 2151.3 0 0 0 0 0 0 0 0 0
136.4 -886.1 2128.9 0 0 0 0 0 0 0 0 0
55.1 454.6 2094.3 3 0.9989968538 0.0073835384 0.0441678613 -0.0056050937 0.9991737008 -0.0402547568 -0.0444285907 0.0399668105 0.9982127547
53.6 256.9 2086.3 0.9989968538 0.0073835384 0.0441678613 -0.0056050937 0.9991737008 -0.0402547568 -0.0444285907 0.0399668105 0.9982127547
52.1 63.0 2077.8 0.9989945292 0.0078580985 0.0441381559 -0.0059075681 0.9990074635 -0.0441493504 -0.0444412790 0.0438442081 0.9980494380
-82.9 257.7 2092.4 0.2361552864 -0.6772838235 -0.6967906952 0.9709942937 0.1368582845 0.1960610598 -0.0374274068 -0.7228806019 0.6899585724
-146.5 -4.0 2102.5 -0.0535292029 -0.6838289499 -0.7276761532 0.9390765429 0.2132928222 -0.2695207596 0.3395141959 -0.6977708340 0.6307502985
190.1 256.1 2080.3 0.2083304226 0.7216370106 0.6601806283 -0.9777886271 0.1695249528 0.1232505515 -0.0229749270 -0.6711938977 0.7409256697
245.4 -3.4 2074.2 -0.0886216760 0.7166596651 0.6917695403 -0.9731708765 0.0857502595 -0.2135072201 -0.2123314291 -0.6921313405 0.6898329854
-38.8 -130.3 2071.1 0.9984474182 0.0393681824 -0.0394063145 -0.0384189337 0.9989597797 0.0245631319 0.0403323285 -0.0230110474 0.9989213347
-54.1 -518.0 2080.0 0.9964249134 0.0783108622 -0.0316992328 -0.0702755004 0.9765522480 0.2034871280 0.0468912087 -0.2005319595 0.9785643220
140.1 -131.1 2062.4 0.9918735027 0.1153560057 -0.0536649339 -0.1107083485 0.9904028177 0.0827398971 0.0626944453 -0.0761263594 0.9951252341
95.4 -515.6 2091.9 0.9912479520 -0.1202090010 -0.0545644425 0.1241169199 0.9894291162 0.0750004724 0.0449719131 -0.0811164379 0.9956895113
-131.6 -266.2 2007.7 0 0 0 0 0 0 0 0 0
221.1 -270.2 2016.0 0 0 0 0 0 0 0 0 0
-83.3 -882.2 2154.8 0 0 0 0 0 0 0 0 0
140.2 -884.7 2122.2 0 0 0 0 0 0 0 0 0
55.4 453.8 2091.6 4 0.9991328716 0.0165090300 0.0382222682 -0.0151636144 0.9992642999 -0.0352260433 -0.0387756974 0.0346159115 0.9986481667
52.2 255.9 2084.8 0.9991328716 0.0165090300 0.0382222682 -0.0151636144 0.9992642999 -0.0352260433 -0.0387756974 0.0346159115 0.9986481667
49.1 62.0 2076.8 0.9991475940 0.0158487856 0.0381166600 -0.0142542189 0.9990264773 -0.0417478606 -0.0387412086 0.0411689505 0.9984008670
-84.3 257.9 2090.0 0.2318189293 -0.6759842634 -0.6995036006 0.9714987278 0.1242943034 0.2018442899 -0.0494992509 -0.7263581753 0.6855316162
-146.6 -3.2 2103.3 -0.0529659837 -0.6843860745 -0.7271934152 0.9375852346 0.2165559530 -0.2720981836 0.3436982930 -0.6962177753 0.6302002072
188.7 254.0 2079.5 0.2164624631 0.7252588868 0.6535621881 -0.9762182832 0.1689605564 0.1358316839 -0.0119130909 -0.6674218178 0.7445846200
245.8 -3.6 2076.3 -0.0966536626 0.7196001410 0.6876290441 -0.9704064131 0.0854704231 -0.2258454114 -0.2212903351 -0.6891084313 0.6900435686
-39.0 -130.4 2073.3 0.9983792901 0.0345588587 -0.0452165045 -0.0337265581 0.9992496967 0.0190424994 0.0458406620 -0.0174866393 0.9987956882
-52.4 -518.2 2080.1 0.9955460429 0.0864606276 -0.0375849903 -0.0764906630 0.9738142490 0.2140911072 0.0551112480 -0.2102626562 0.9760903716
140.0 -131.4 2065.4 0.9919850230 0.1111739278 -0.0600504540 -0.1066532508 0.9915484786 0.0738697350 0.0677553266 -0.0668730959 0.9954583049
96.9 -516.3 2091.3 0.9920713305 -0.1105014384 -0.0598658286 0.1148838475 0.9905044436 0.0755155459 0.0509527959 -0.0817944258 0.9953458905
-131.8 -265.0 2007.4 0 0 0 0 0 0 0 0 0
219.3 -269.7 2015.7 0 0 0 0 0 0 0 0 0
-84.6 -881.6 2158.5 0 0 0 0 0 0 0 0 0
138.1 -886.0 2121.8 0 0 0 0 0 0 0 0 0
54.6 453.7 2090.8 5 0.9988615513 0.0200135522 0.0433015525 -0.0186427012 0.9993193150 -0.0318337567 -0.0439091846 0.0309902560 0.9985547662
50.7 255.8 2084.7 0.9988615513 0.0200135522 0.0433015525 -0.0186427012 0.9993193150 -0.0318337567 -0.0439091846 0.0309902560 0.9985547662
46.9 61.9 2077.5 0.9988790751 0.0193888247 0.0431820937 -0.0177554600 0.9991240501 -0.0378926471 -0.0438789614 0.0370834507 0.9983483553
-85.8 258.2 2090.6 0.2291985601 -0.6789774895 -0.6974651217 0.9722511172 0.1251961142 0.1976202279 -0.0468597598 -0.7234054804 0.6888313890
-147.1 -1.7 2103.2 -0.0406400189 -0.6859213114 -0.7265399694 0.9422992468 0.2155147642 -0.2561747730 0.3322958350 -0.6950290203 0.6375846267
187.1 253.4 2078.7 0.2012478709 0.7255014777 0.6581389904 -0.9795402884 0.1488829553 0.1354054511 0.0002511850 -0.6719236970 0.7406203151
240.5 -6.3 2078.7 -0.0786081180 0.7225860357 0.6867970228 -0.9701880813 0.1029771119 -0.2193872184 -0.2292505205 -0.6835679412 0.6929495931
-43.5 -130.6 2072.2 0.9989557266 0.0225273613 -0.0397488363 -0.0213549286 0.9993313551 0.0296781324 0.0403908268 -0.0287983064 0.9987688661
-52.3 -518.5 2083.4 0.9955641031 0.0872385353 -0.0352355950 -0.0783601925 0.9761055708 0.2026762217 0.0520748347 -0.1990161091 0.9786116481
135.5 -133.2 2065.3 0.9934040904 0.0995975584 -0.0568212532 -0.0963344276 0.9936844110 0.0575406067 0.0621933006 -0.0516872294 0.9967248440
96.9 -518.9 2085.4 0.9930655360 -0.1056941226 -0.0514743403 0.1108288243 0.9877318144 0.1100128368 0.0392151363 -0.1149547920 0.9925963879
-135.7 -264.8 2010.4 0 0 0 0 0 0 0 0 0
218.9 -272.2 2015.9 0 0 0 0 0 0 0 0 0
-84.8 -882.8 2157.7 0 0 0 0 0 0 0 0 0
136.3 -887.3 2128.2 0 0 0 0 0 0 0 0 0
55.2 454.1 2090.4 6 0.9968446493 0.0277442578 0.0743708089 -0.0253868271 0.9991506338 -0.0324585773 -0.0752081797 0.0304681212 0.9967022538
49.7 256.1 2084.3 0.9968446493 0.0277442578 0.0743708089 -0.0253868271 0.9991506338 -0.0324585773 -0.0752081797 0.0304681212 0.9967022538
44.1 62.2 2077.2 0.9968292117 0.0287824534 0.0741826370 -0.0259316862 0.9988983870 -0.0391099975 -0.0752265975 0.0370623097 0.9964774847
-86.4 259.7 2094.6 0.2285498828 -0.6982452273 -0.6783940792 0.9729617834 0.1399760693 0.1837172210 -0.0333207436 -0.7020400763 0.7113574743
-147.5 -0.2 2103.5 -0.0368897207 -0.7031003833 -0.7101330757 0.9421748519 0.2123863846 -0.2592267692 0.3330850601 -0.6786323786 0.6546086669
185.8 252.6 2074.1 0.1917599142 0.7097225785 0.6778805256 -0.9811121821 0.1207227409 0.1511451304 0.0254355129 -0.6940604448 0.7194672823
236.6 -7.2 2080.8 -0.0683867857 0.7098068595 0.7010688186 -0.9683306217 0.1219086647 -0.2178853601 -0.2401228845 -0.6937668920 0.6789907813
-46.4 -130.5 2074.2 0.9999169707 0.0098761963 -0.0082785431 -0.0096930787 0.9997137189 0.0218752529 0.0084922174 -0.0217931923 0.9997264147
-50.2 -518.5 2082.6 0.9946951270 0.1026658416 -0.0064243516 -0.0994153172 0.9754868150 0.1963213831 0.0264223702 -0.1946412474 0.9805185795
132.6 -133.7 2066.3 0.9943414330 0.1032793671 -0.0248686895 -0.1016808748 0.9930841923 0.0586921722 0.0307583921 -0.0558313876 0.9979663491
92.5 -519.2 2088.0 0.9915733337 -0.1280377358 -0.0197139177 0.1294246465 0.9857021570 0.1078911647 0.0056179105 -0.1095334738 0.9939672351
-137.2 -263.3 2010.5 0 0 0 0 0 0 0 0 0
217.8 -272.6 2015.0 0 0 0 0 0 0 0 0 0
-88.5 -882.6 2155.3 0 0 0 0 0 0 0 0 0
140.3 -886.9 2128.9 0 0 0 0 0 0 0 0 0
55.0 453.5 2089.7 7 0.9961931705 0.0297988188 0.0819215924 -0.0273605473 0.9991532564 -0.0307269003 -0.0827678517 0.0283685103 0.9961649776
49.1 255.6 2084.1 0.9961931705 0.0297988188 0.0819215924 -0.0273605473 0.9991532564 -0.0307269003 -0.0827678517 0.0283685103 0.9961649776
43.1 61.7 2077.2 0.9961712360 0.0310849212 0.0817103982 -0.0280810948 0.9988960624 -0.0376577042 -0.0827907845 0.0352190062 0.9959444404
-87.0 259.4 2095.4 0.2295620888 -0.7028160095 -0.6733133793 0.9727392793 0.1423195153 0.1830939949 -0.0328557566 -0.6969898343 0.7163279057
-147.8 1.6 2104.1 -0.0339886360 -0.7072946429 -0.7061012983 0.9422289729 0.2128963917 -0.2586109638 0.3332405686 -0.6740989685 0.6591974497
185.2 251.8 2072.7 0.1854410768 0.7063868642 0.6831026673 -0.9820609689 0.1090494096 0.1538324803 0.0341732986 -0.6993753314 0.7139372230
234.4 -9.0 2081.8 -0.0712924972 0.7073739767 0.7032349706 -0.9677772522 0.1216474846 -0.2204747051 -0.2415048331 -0.6962929964 0.6759079099
-50.8 -129.4 2076.7 0.9999591112 -0.0090210782 -0.0006191842 0.0090264920 0.9999152422 0.0093829799 0.0005344871 -0.0093881851 0.9999557734
