32.3 476.8 2012.3 3 0.9630061388 -0.2345157266 -0.1327463984 0.2519873977 0.9582456350 0.1351578534 0.0955070183 -0.1636082530 0.9818913937
88.5 247.1 2051.5 0.9630061388 -0.2345157266 -0.1327463984 0.2519873977 0.9582456350 0.1351578534 0.0955070183 -0.1636082530 0.9818913937
66.0 50.1 2039.1 0.9860836267 0.1136414856 -0.1213454679 -0.1202694997 0.9915437102 -0.0487474874 0.1147795990 0.0626632571 0.9914125800
-55.5 264.6 2034.7 0.4678973258 -0.8834608793 -0.0238534473 0.5543673038 0.3144094348 -0.7705994844 0.6882942319 0.3473378718 0.6368731856
-146.4 157.0 1901.1 -0.3569486439 -0.8834608793 -0.3034543991 -0.9319050312 0.3144094348 0.1808304787 -0.0643477216 0.3473378718 -0.9355296493
232.6 229.5 2068.3 0.0029320642 0.9999420643 -0.0103591075 -0.9982112646 0.0023080965 -0.0597403534 -0.0597129837 0.0105157411 0.9981601834
233.4 -37.0 2052.3 -0.1013114601 0.9948065281 -0.0097941291 -0.9723433256 -0.1010966375 -0.2105418742 -0.2104385942 -0.0118070487 0.9775357842
-47.5 -135.6 2016.9 0.9691611528 0.0766458735 -0.2342053056 -0.0451275893 0.9895299673 0.1370911896 0.2422606349 -0.1222943291 0.9624727964
-77.9 -528.8 2065.5 0.9705691934 0.0243238527 -0.2395908684 -0.0108464854 0.9982917309 0.0574105196 0.2405780256 -0.0531221628 0.9691750407
134.0 -157.4 2039.2 0.9813017249 0.0485822447 -0.1862437725 -0.0310925283 0.9949240088 0.0957051739 0.1899479628 -0.0881248564 0.9778311849
114.6 -553.4 2074.3 0.9829985499 -0.0071918708 -0.1834723502 0.0347055346 0.9884983301 0.1471956819 0.1803034991 -0.1510606557 0.9719420671
-49.5 409.9 1918.5 0 0 0 0 0 0 0 0 0
204.4 -314.9 1992.2 0 0 0 0 0 0 0 0 0
-87.2 -910.0 2085.8 0 0 0 0 0 0 0 0 0
117.4 -930.7 2132.0 0 0 0 0 0 0 0 0 0
31.0 475.8 2011.5 4 0.9603837132 -0.2441328913 -0.1343956739 0.2620339096 0.9552496076 0.1372457594 0.0948752090 -0.1670248061 0.9813773036
89.6 246.6 2051.6 0.9603837132 -0.2441328913 -0.1343956739 0.2620339096 0.9552496076 0.1372457594 0.0948752090 -0.1670248061 0.9813773036
66.0 49.8 2038.2 0.9853720069 0.1188229173 -0.1221604496 -0.1259961426 0.9906273484 -0.0527489819 0.1147476956 0.0673691109 0.9911076427
-54.4 265.0 2034.8 0.4844422340 -0.8747667074 0.0099477405 0.5517155528 0.2966736257 -0.7794836164 0.6789150834 0.3831031024 0.6263436675
-149.2 157.0 1902.0 -0.3490641415 -0.8747667074 -0.3360616863 -0.9342041612 0.2966736257 0.1981093585 -0.0735988244 0.3831031024 -0.9207687974
233.5 228.2 2068.4 -0.0008273582 0.9999365211 -0.0112358294 -0.9979864955 -0.0015382362 -0.0634084195 -0.0634216815 0.0111607444 0.9979243875
233.3 -37.1 2051.5 -0.1100210696 0.9938657284 -0.0112396125 -0.9727126956 -0.1099896803 -0.2042848468 -0.2042679489 -0.0115427244 0.9788469672
-47.1 -135.9 2016.1 0.9690086842 0.0813704729 -0.2332402021 -0.0485106483 0.9884877205 0.1433134973 0.2422165722 -0.1275573820 0.9618005157
-79.4 -528.7 2066.8 0.9704619646 0.0223783534 -0.2402140945 -0.0122330543 0.9989722967 0.0436429083 0.2409438789 -0.0394152291 0.9697383642
134.1 -158.1 2037.6 0.9810287356 0.0567743666 -0.1853626519 -0.0369373821 0.9933804274 0.1087700948 0.1903109848 -0.0998597741 0.9766318202
111.5 -553.1 2077.3 0.9813420773 -0.0511167124 -0.1853504777 0.0722255781 0.9914162159 0.1089830399 0.1781886220 -0.1203366891 0.9766104221
-54.9 409.3 1921.8 0 0 0 0 0 0 0 0 0
201.8 -315.1 1993.1 0 0 0 0 0 0 0 0 0
-87.9 -910.3 2081.8 0 0 0 0 0 0 0 0 0
131.0 -931.3 2123.2 0 0 0 0 0 0 0 0 0
29.4 476.4 2011.6 5 0.9583566785 -0.2524960637 -0.1334100515 0.2701116800 0.9531072974 0.1364776641 0.0926940218 -0.1668298990 0.9816188812
90.1 247.4 2051.7 0.9583566785 -0.2524960637 -0.1334100515 0.2701116800 0.9531072974 0.1364776641 0.0926940218 -0.1668298990 0.9816188812
66.5 50.5 2038.9 0.9855400920 0.1190159693 -0.1206064150 -0.1257681102 0.9907996058 -0.0499852262 0.1135477498 0.0644308850 0.9914411306
-53.9 265.8 2035.1 0.4652203023 -0.8844724894 0.0357561447 0.5509045124 0.2576779127 -0.7937923670 0.6928739548 0.3889865577 0.6071369052
-146.1 156.6 1897.8 -0.3179987967 -0.8844724894 -0.3414457440 -0.9429703355 0.2576779127 0.2107345760 -0.0984059125 0.3889865577 -0.9159725904
234.1 229.0 2068.3 -0.0036812038 0.9999465346 -0.0096623693 -0.9983950257 -0.0042212117 -0.0564758182 -0.0565135852 0.0094389627 0.9983572364
233.1 -37.1 2053.3 -0.1046729684 0.9944552183 -0.0101158135 -0.9720243812 -0.1044519693 -0.2103768140 -0.2102669477 -0.0121879485 0.9775680304
-48.0 -135.5 2014.3 0.9698531032 0.0754497647 -0.2317159623 -0.0420120396 0.9883933663 0.1459914148 0.2400415391 -0.1318553686 0.9617661834
-78.0 -528.3 2066.7 0.9708915353 0.0269235466 -0.2380016744 -0.0158566851 0.9987073541 0.0482921973 0.2389942259 -0.0431125686 0.9700634480
132.8 -158.7 2035.6 0.9812847376 0.0585012548 -0.1834609658 -0.0371683352 0.9923609495 0.1176361516 0.1889413595 -0.1086156219 0.9759629965
109.6 -553.2 2078.7 0.9800602198 -0.0710972995 -0.1855455041 0.0871720761 0.9929792881 0.0799574181 0.1785580814 -0.0945374742 0.9793772101
-60.7 409.6 1924.2 0 0 0 0 0 0 0 0 0
203.2 -314.9 1993.2 0 0 0 0 0 0 0 0 0
-88.3 -909.9 2083.2 0 0 0 0 0 0 0 0 0
136.7 -932.1 2114.8 0 0 0 0 0 0 0 0 0
28.6 477.5 2011.7 6 0.9601684809 -0.2483426183 -0.1280719638 0.2650114000 0.9546546936 0.1356592029 0.0885745436 -0.1641962230 0.9824429750
88.4 247.6 2051.2 0.9601684809 -0.2483426183 -0.1280719638 0.2650114000 0.9546546936 0.1356592029 0.0885745436 -0.1641962230 0.9824429750
64.6 50.7 2038.2 0.9860783219 0.1194775030 -0.1156488210 -0.1261166334 0.9906580448 -0.0518772192 0.1083702743 0.0657402426 0.9919345379
-55.7 266.0 2035.4 0.4787968099 -0.8763613105 0.0523875803 0.5446056128 0.2496807277 -0.8006649017 0.6885915399 0.4118863642 0.5968176126
-149.7 159.1 1900.2 -0.3204084039 -0.8763613105 -0.3596238494 -0.9406961203 0.2496807277 0.2296744436 -0.1114866510 0.4118863642 -0.9043895006
232.4 229.2 2067.1 0.0076919445 0.9999594092 -0.0046933177 -0.9988772273 0.0074640452 -0.0467826277 -0.0467456989 0.0050478973 0.9988940954
234.5 -36.2 2054.7 -0.1032725945 0.9946476221 -0.0032909010 -0.9704346061 -0.1014831588 -0.2189927399 -0.2181545943 -0.0194223449 0.9757209420
-47.6 -134.8 2015.7 0.9710990787 0.0717660412 -0.2276317924 -0.0417600051 0.9901010990 0.1339994669 0.2349951118 -0.1206208542 0.9644832611
-76.1 -528.3 2063.7 0.9715989232 0.0490591824 -0.2314925045 -0.0324657224 0.9966582656 0.0749552548 0.2343961596 -0.0653108731 0.9699448347
133.3 -157.9 2036.6 0.9821255207 0.0579610243 -0.1790808439 -0.0391578823 0.9935085773 0.1068054885 0.1841089129 -0.0978839695 0.9780197740
110.2 -552.8 2075.5 0.9808861017 -0.0749364197 -0.1795745790 0.0936719403 0.9907459617 0.0982240513 0.1705522388 -0.1131677032 0.9788283706
-64.1 410.5 1930.0 0 0 0 0 0 0 0 0 0
204.9 -313.6 1992.3 0 0 0 0 0 0 0 0 0
-94.8 -909.0 2088.6 0 0 0 0 0 0 0 0 0
138.8 -931.1 2118.8 0 0 0 0 0 0 0 0 0
30.1 478.8 2013.2 7 0.9629612565 -0.2404713482 -0.1219801679 0.2557029724 0.9579610825 0.1301020235 0.0855664462 -0.1564739048 0.9839686751
88.0 248.0 2050.9 0.9629612565 -0.2404713482 -0.1219801679 0.2557029724 0.9579610825 0.1301020235 0.0855664462 -0.1564739048 0.9839686751
64.4 51.1 2038.6 0.9867206812 0.1187756732 -0.1107907072 -0.1247992069 0.9909666181 -0.0490946509 0.1039586440 0.0622693039 0.9926304221
-56.1 266.2 2035.8 0.4690330327 -0.8807698488 0.0652111396 0.5433657169 0.2295703888 -0.8074968457 0.6962482929 0.4141761959 0.5862562060
-147.5 160.4 1900.1 -0.3074947000 -0.8807698488 -0.3601270318 -0.9424136877 0.2295703888 0.2432156801 -0.1315425336 0.4141761959 -0.9006412625
232.2 229.8 2066.1 0.0066098957 0.9999781251 0.0001285166 -0.9993485212 0.0066102934 -0.0354802832 -0.0354803577 0.0001060881 0.9993703961
233.9 -36.1 2056.7 -0.0975563675 0.9952290654 0.0013836987 -0.9697510600 -0.0947461426 -0.2249578089 -0.2237534523 -0.0232879091 0.9743674994
-49.6 -134.6 2015.2 0.9725116491 0.0649765432 -0.2236049622 -0.0365178473 0.9909546375 0.1291329861 0.2299729884 -0.1174177676 0.9660876989
-75.4 -528.4 2061.8 0.9730241299 0.0495434366 -0.2253207713 -0.0271064658 0.9944555759 0.1016040370 0.2291053087 -0.0927555338 0.9689722061
131.4 -157.7 2035.1 0.9832993746 0.0541886128 -0.1737410277 -0.0330652334 0.9919487834 0.1222469062 0.1789665967 -0.1144605204 0.9771743417
109.8 -551.9 2080.6 0.9812505841 -0.0750607327 -0.1775196493 0.0838430971 0.9955726862 0.0424892046 0.1735444516 -0.0565763526 0.9831995964
-65.5 411.7 1935.2 0 0 0 0 0 0 0 0 0
206.0 -313.3 1992.7 0 0 0 0 0 0 0 0 0
-94.3 -908.1 2097.3 0 0 0 0 0 0 0 0 0
138.4 -931.6 2102.2 0 0 0 0 0 0 0 0 0
30.7 479.4 2012.0 8 0.9623544216 -0.2383767813 -0.1305775195 0.2552929223 0.9576316476 0.1332934201 0.0932711139 -0.1616110206 0.9824369550
88.4 247.8 2051.1 0.9623544216 -0.2383767813 -0.1305775195 0.2552929223 0.9576316476 0.1332934201 0.0932711139 -0.1616110206 0.9824369550
64.6 50.9 2038.5 0.9855573773 0.1199914515 -0.1194937155 -0.1265782416 0.9907395840 -0.0491225123 0.1124928743 0.0635383576 0.9916189909
-55.6 266.3 2034.7 0.4851356745 -0.8683186173 0.1032771692 0.5407576561 0.2050953656 -0.8157922626 0.6871859431 0.4516178668 0.5690490007
-148.4 162.8 1903.2 -0.3028030097 -0.8683186173 -0.3928525746 -0.9403390884 0.2050953656 0.2714743316 -0.1551539600 0.4516178668 -0.8786174059
232.4 229.3 2067.5 0.0097463746 0.9999157190 -0.0085749980 -0.9991219044 0.0093884645 -0.0408330224 -0.0407490768 0.0089654420 0.9991291761
235.0 -35.9 2056.7 -0.0987757370 0.9950866103 -0.0067857872 -0.9726163745 -0.0979824588 -0.2107528895 -0.2103822529 -0.0142173050 0.9775158167
-49.7 -134.4 2016.7 0.9708945155 0.0623728037 -0.2312432975 -0.0309459586 0.9900708199 0.1371206492 0.2374998480 -0.1259736419 0.9631845355
-74.5 -527.9 2066.7 0.9706432819 0.0500656888 -0.2352552414 -0.0362216905 0.9973682165 0.0628066137 0.2377805412 -0.0524414741 0.9699022174
131.3 -157.3 2035.8 0.9820004106 0.0502351783 -0.1820757985 -0.0283275899 0.9922502637 0.1209834889 0.1867423803 -0.1136480644 0.9758132100
111.4 -551.6 2080.9 0.9807837009 -0.0616397634 -0.1851050854 0.0724683478 0.9959980249 0.0523091257 0.1811399907 -0.0647182018 0.9813255668
-67.0 415.5 1944.9 0 0 0 0 0 0 0 0 0
206.7 -313.9 1996.6 0 0 0 0 0 0 0 0 0
-93.6 -908.6 2086.7 0 0 0 0 0 0 0 0 0
134.9 -931.8 2105.6 0 0 0 0 0 0 0 0 0
32.0 482.0 2017.4 9 0.9627725482 -0.2357897162 -0.1321824640 0.2507191002 0.9617187977 0.1106204018 0.1010392085 -0.1396429539 0.9850334525
89.3 248.2 2051.3 0.9627725482 -0.2357897162 -0.1321824640 0.2507191002 0.9617187977 0.1106204018 0.1010392085 -0.1396429539 0.9850334525
65.4 51.4 2038.6 0.9851592183 0.1200246215 -0.1227004230 -0.1268392950 0.9906975031 -0.0492973253 0.1156421080 0.0641289502 0.9912186265
-54.6 266.8 2034.4 0.4956550002 -0.8598057032 0.1227202415 0.5539541245 0.2041375488 -0.8071324229 0.6689252257 0.4680405855 0.5774747133
-149.6 160.6 1906.2 -0.3058010340 -0.8598057032 -0.4089252651 -0.9399129748 0.2041375488 0.2736630142 -0.1518200189 0.4680405855 -0.8705680370
233.2 229.7 2068.2 0.0084719509 0.9998946786 -0.0117817381 -0.9990197420 0.0079514282 -0.0435466841 -0.0434484147 0.0121391146 0.9989818931
235.5 -38.5 2056.6 -0.0957776085 0.9953508973 -0.0101592187 -0.9721834064 -0.0957301334 -0.2137643695 -0.2137431055 -0.0105972178 0.9768324494
-49.7 -134.4 2015.5 0.9706482887 0.0555165634 -0.2340081930 -0.0223502405 0.9896044731 0.1420685947 0.2394627184 -0.1326684952 0.9617986679
-71.7 -527.6 2068.2 0.9689612389 0.0661825761 -0.2381890714 -0.0562011451 0.9972425699 0.0484629758 0.2407396883 -0.0335722454 0.9700089097
131.1 -157.6 2036.2 0.9811340570 0.0547524393 -0.1854132563 -0.0333514698 0.9926146269 0.1166357249 0.1904300004 -0.1082514822 0.9757140875
109.4 -552.1 2079.2 0.9791002870 -0.0772349238 -0.1881419271 0.0903061405 0.9939877987 0.0619117282 0.1822290272 -0.0776081607 0.9801885486
-67.0 414.4 1947.2 0 0 0 0 0 0 0 0 0
208.1 -316.3 1995.5 0 0 0 0 0 0 0 0 0
-97.0 -908.4 2081.1 0 0 0 0 0 0 0 0 0
138.9 -931.6 2108.8 0 0 0 0 0 0 0 0 0
31.9 482.5 2015.1 0 0.9621429443 -0.2370264977 -0.1345341057 0.2528750002 0.9604885578 0.1162579283 0.1016622633 -0.1458770484 0.9840653539
89.7 248.0 2050.7 0.9621429443 -0.2370264977 -0.1345341057 0.2528750002 0.9604885578 0.1162579283 0.1016622633 -0.1458770484 0.9840653539
66.4 51.0 2038.2 0.9852727056 0.1172516868 -0.1244577318 -0.1240020022 0.9911238551 -0.0479266085 0.1177335531 0.0626537874 0.9910667539
-54.2 266.1 2033.5 0.4970841110 -0.8574267626 0.1331419796 0.5738094449 0.2097271979 -0.7916800380 0.6508840919 0.4699296653 0.5962516069
-150.5 155.0 1907.4 -0.3150801659 -0.8574267626 -0.4068708420 -0.9359593987 0.2097271979 0.2828330696 -0.1571767628 0.4699296653 -0.8685974479
233.7 229.9 2067.9 0.0070982482 0.9998823404 -0.0135974139 -0.9992231727 0.0065651424 -0.0388576873 -0.0387638435 0.0138626723 0.9991522431
235.6 -38.1 2057.5 -0.0948140547 0.9954217076 -0.0120819854 -0.9709163904 -0.0951465517 -0.2197010368 -0.2198447436 -0.0091001494 0.9754924178
-48.8 -133.9 2015.2 0.9695397019 0.0630380362 -0.2366833836 -0.0313833542 0.9903206825 0.1352036595 0.2429154217 -0.1236573979 0.9621335268
-73.8 -527.4 2064.4 0.9690896869 0.0550503880 -0.2404883206 -0.0402243361 0.9969996810 0.0661330670 0.2434074432 -0.0544153936 0.9683964849
132.0 -157.1 2036.5 0.9805771708 0.0548657291 -0.1883034855 -0.0355461650 0.9938910604 0.1044845358 0.1928857714 -0.0957616791 0.9765371084
110.2 -552.1 2074.5 0.9794939160 -0.0700495467 -0.1889040619 0.0889292881 0.9916504622 0.0933862403 0.1807851195 -0.1082703546 0.9775450230
-66.7 403.7 1949.2 0 0 0 0 0 0 0 0 0
208.5 -315.6 1994.7 0 0 0 0 0 0 0 0 0
-94.8 -908.2 2085.2 0 0 0 0 0 0 0 0 0
136.9 -930.7 2115.8 0 0 0 0 0 0 0 0 0
34.0 484.9 2018.4 1 0.9641907811 -0.2280707806 -0.1353508234 0.2423465848 0.9649853110 0.1003569588 0.1077230573 -0.1295650601 0.9857020974
90.0 247.8 2050.2 0.9641907811 -0.2280707806 -0.1353508234 0.2423465848 0.9649853110 0.1003569588 0.1077230573 -0.1295650601 0.9857020974
66.7 50.9 2037.7 0.9849512577 0.1172965690 -0.1269349754 -0.1242444664 0.9910777807 -0.0482508875 0.1201427728 0.0632957444 0.9907367826
-53.9 266.0 2032.7 0.4854585826 -0.8628187180 0.1409745663 0.6053029299 0.2153634876 -0.7663073540 0.6308235526 0.4573428035 0.6268167496
-149.0 147.4 1909.2 -0.3197899163 -0.8628187180 -0.3915077150 -0.9332115054 0.2153634876 0.2876366973 -0.1638618559 0.4573428035 -0.8740634322
233.9 229.7 2067.8 0.0066511198 0.9998486638 -0.0160735939 -0.9990958571 0.0059694233 -0.0420930386 -0.0419907197 0.0163390283 0.9989843965
235.7 -38.9 2056.5 -0.0924319550 0.9956102967 -0.0147119919 -0.9730075598 -0.0934515223 -0.2110050619 -0.2114536762 -0.0051887324 0.9773742557
-47.2 -134.6 2015.0 0.9684519172 0.0674293414 -0.2399044633 -0.0388318039 0.9917705059 0.1219973043 0.2461563647 -0.1088325977 0.9631004930
-74.0 -528.7 2058.2 0.9690855742 0.0577666163 -0.2398669422 -0.0288020764 0.9920445085 0.1225486845 0.2450378984 -0.1118514985 0.9630398154
133.5 -157.3 2036.6 0.9801238179 0.0568914190 -0.1900542825 -0.0351541787 0.9926446080 0.1158485338 0.1952471435 -0.1068647057 0.9749146104
110.9 -551.8 2079.1 0.9794933200 -0.0581706725 -0.1928964406 0.0711518675 0.9955947995 0.0610605218 0.1884947568 -0.0735333115 0.9793174267
-64.5 393.8 1952.4 0 0 0 0 0 0 0 0 0
209.3 -317.0 1996.1 0 0 0 0 0 0 0 0 0
-96.0 -907.0 2100.9 0 0 0 0 0 0 0 0 0
133.1 -931.8 2107.1 0 0 0 0 0 0 0 0 0
35.1 485.5 2020.6 2 0.9665706158 -0.2144490033 -0.1405450255 0.2283957154 0.9692243934 0.0918664336 0.1165189967 -0.1208952740 0.9858030677
87.7 248.0 2050.2 0.9665706158 -0.2144490033 -0.1405450255 0.2283957154 0.9692243934 0.0918664336 0.1165189967 -0.1208952740 0.9858030677
65.8 50.8 2038.7 0.9849008322 0.1103672981 -0.1333767474 -0.1170365363 0.9921867847 -0.0432190336 0.1275646836 0.0581764169 0.9901226163
-56.2 265.0 2031.6 0.4567425847 -0.8798559904 0.1312997043 0.6369860172 0.2204329967 -0.7386867404 0.6209951639 0.4210257828 0.6611371040
-145.8 140.1 1909.7 -0.3127213717 -0.8798559904 -0.3578529656 -0.9356396794 0.2204329967 0.2756585479 -0.1636572331 0.4210257828 -0.8921623230
231.6 230.9 2068.9 0.0122179957 0.9996711016 -0.0225487705 -0.9990713596 0.0112726670 -0.0415850021 -0.0413171388 0.0230359174 0.9988805056
234.9 -39.2 2057.7 -0.0839204788 0.9962708950 -0.0200403463 -0.9723200202 -0.0862708986 -0.2171430141 -0.2180621624 0.0012628849 0.9759340882
-46.9 -134.7 2014.1 0.9660649896 0.0761073902 -0.2468321472 -0.0441866703 0.9902138114 0.1323790103 0.2544916272 -0.1169800311 0.9599738121
-77.2 -528.2 2060.6 0.9677782655 0.0273485836 -0.2503143251 -0.0067117643 0.9965328574 0.0829287842 0.2517144382 -0.0785766318 0.9646064043
133.7 -157.5 2036.1 0.9784780741 0.0580179207 -0.1980266422 -0.0366202332 0.9932504296 0.1100570485 0.2030753344 -0.1004366279 0.9739984274
110.7 -552.2 2076.0 0.9770502448 -0.0737723932 -0.1998261660 0.0907877460 0.9928610921 0.0773594752 0.1926926374 -0.0937258601 0.9767727256
-63.4 386.6 1952.9 0 0 0 0 0 0 0 0 0
210.9 -317.1 1995.4 0 0 0 0 0 0 0 0 0
-87.6 -908.2 2090.5 0 0 0 0 0 0 0 0 0
138.8 -931.3 2111.8 0 0 0 0 0 0 0 0 0
35.9 486.5 2021.7 3 0.9694972038 -0.1983743161 -0.1439543366 0.2124321014 0.9730417132 0.0897912756 0.1222612858 -0.1176329106 0.9855022430
83.8 251.3 2050.1 0.9694972038 -0.1983743161 -0.1439543366 0.2124321014 0.9730417132 0.0897912756 0.1222612858 -0.1176329106 0.9855022430
65.2 53.8 2038.9 0.9861245751 0.0939158127 -0.1368872970 -0.1006723195 0.9939776063 -0.0432855226 0.1319977045 0.0564656816 0.9896404743
-60.2 266.0 2030.8 0.4598151147 -0.8788208365 0.1274517477 0.6565626264 0.2398127466 -0.7151331306 0.5979093313 0.4125090539 0.6872704625
-149.8 138.0 1914.3 -0.3289888799 -0.8788208365 -0.3456012309 -0.9307121634 0.2398127466 0.2761607170 -0.1598162204 0.4125090539 -0.8968249559
227.9 236.6 2069.4 0.0269626621 0.9992958903 -0.0260914676 -0.9988021255 0.0258648172 -0.0415368937 -0.0408327989 0.0271801595 0.9987962246
235.3 -37.6 2058.2 -0.0873836279 0.9959497452 -0.0211706012 -0.9736933708 -0.0898817331 -0.2093861103 -0.2104408890 0.0023167548 0.9776038527
-46.5 -135.6 2015.4 0.9642110467 0.0784226060 -0.2532725930 -0.0471224263 0.9907348752 0.1273728460 0.2609148920 -0.1108794808 0.9589729905
-77.7 -529.4 2059.5 0.9664233923 0.0235723145 -0.2558715045 0.0001999725 0.9957139492 0.0924860314 0.2569549382 -0.0894318298 0.9622765183
134.2 -157.1 2038.8 0.9772613049 0.0595399886 -0.2035074681 -0.0359509736 0.9923976064 0.1177050099 0.2089684755 -0.1077122614 0.9719723463
110.5 -551.5 2081.6 0.9769045115 -0.0555529222 -0.2063284218 0.0705268756 0.9953282475 0.0659367815 0.2017015219 -0.0789656341 0.9762586355
-63.1 383.3 1956.4 0 0 0 0 0 0 0 0 0
210.3 -315.9 1998.0 0 0 0 0 0 0 0 0 0
-86.7 -909.5 2093.6 0 0 0 0 0 0 0 0 0
131.7 -931.6 2111.8 0 0 0 0 0 0 0 0 0
36.8 487.9 2027.2 4 0.9717897177 -0.1910793185 -0.1382513344 0.2017579526 0.9770904183 0.0677355304 0.1221411899 -0.0937179998 0.9880781770
82.7 253.1 2049.7 0.9717897177 -0.1910793185 -0.1382513344 0.2017579526 0.9770904183 0.0677355304 0.1221411899 -0.0937179998 0.9880781770
66.0 55.4 2039.2 0.9876610041 0.0837907493 -0.1323057264 -0.0899865851 0.9950756431 -0.0415560789 0.1281721890 0.0529490598 0.9903374910
-61.6 266.3 2031.0 0.4657000899 -0.8783189058 0.1080710590 0.6689657569 0.2694617212 -0.6927302480 0.5793170333 0.3949003816 0.7130535841
-152.0 136.3 1918.5 -0.3472326398 -0.8783189058 -0.3286113441 -0.9273416996 0.2694617212 0.2596684396 -0.1395235211 0.3949003816 -0.9080676436
227.0 240.0 2068.5 0.0264712498 0.9994134903 -0.0217238683 -0.9991710782 0.0257800110 -0.0315052979 -0.0309267789 0.0225398447 0.9992674589
234.2 -32.8 2060.0 -0.0795695111 0.9966903925 -0.0166403111 -0.9743886590 -0.0812895298 -0.2096633315 -0.2103221267 -0.0004686792 0.9776320457
-43.9 -134.4 2015.6 0.9645121694 0.0851568431 -0.2499290556 -0.0520158671 0.9892956018 0.1363400668 0.2588640153 -0.1185013875 0.9586171508
-77.7 -527.6 2062.7 0.9669037461 0.0086071705 -0.2549961805 0.0098111061 0.9974373579 0.0708697215 0.2549526989 -0.0710259899 0.9643414617
137.0 -152.9 2039.8 0.9772924781 0.0668686777 -0.2010670006 -0.0449012965 0.9927046895 0.1118987575 0.2070826739 -0.1003296450 0.9731653333
110.4 -547.4 2079.7 0.9766392112 -0.0667008758 -0.2042714953 0.0805288851 0.9949364066 0.0601382926 0.1992258728 -0.0751831681 0.9770652652
-60.2 381.6 1955.4 0 0 0 0 0 0 0 0 0
211.4 -311.3 1999.9 0 0 0 0 0 0 0 0 0
-81.0 -908.5 2089.8 0 0 0 0 0 0 0 0 0
135.9 -927.5 2108.4 0 0 0 0 0 0 0 0 0
38.4 489.6 2030.5 5 0.9845564961 -0.1224412993 -0.1251264066 0.1300134808 0.9900282025 0.0542273559 0.1172390133 -0.0696580186 0.9906577468
65.5 270.1 2045.9 0.9845564961 -0.1224412993 -0.1251264066 0.1300134808 0.9900282025 0.0542273559 0.1172390133 -0.0696580186 0.9906577468
60.9 72.0 2043.6 0.9922477603 0.0236796979 -0.1219986081 -0.0249366481 0.9996504188 -0.0087862685 0.1217479035 0.0117603913 0.9924913645
-79.1 273.7 2028.3 0.3936428726 -0.9033722878 0.1701875478 0.7494004369 0.2081359923 -0.6285526156 0.5323948860 0.3749638796 0.7589188218
-155.5 128.3 1925.0 -0.3648745418 -0.8722700477 -0.3255941272 -0.9246793389 0.2986345887 0.2361896187 -0.1087874696 0.3872497380 -0.9155342579
210.2 266.4 2063.5 0.0804041103 0.9967052341 -0.0106706554 -0.9967247844 0.0803035200 -0.0095430790 -0.0086547462 0.0114030093 0.9998975396
234.0 -29.1 2061.0 -0.0763110444 0.9970690608 0.0054659075 -0.9756222963 -0.0735361055 -0.2067694068 -0.2057614326 -0.0211114511 0.9783744216
-41.2 -134.1 2017.0 0.9623292685 0.1011549979 -0.2523688972 -0.0699499324 0.9890810847 0.1297134161 0.2627344728 -0.1071738303 0.9588974714
-81.4 -527.1 2059.5 0.9665037990 -0.0156032667 -0.2561775744 0.0400350355 0.9950973988 0.0904343054 0.2535105646 -0.0976611823 0.9623900652
140.0 -150.6 2040.5 0.9764457345 0.0775052607 -0.2013619095 -0.0563718043 0.9924801588 0.1086522490 0.2082688212 -0.0947418958 0.9734721780
109.2 -545.0 2078.1 0.9754071832 -0.0818994865 -0.2046296149 0.0968466103 0.9932321310 0.0641142428 0.1979938000 -0.0823551789 0.9767374396
-59.7 371.0 1953.6 0 0 0 0 0 0 0 0 0
212.2 -307.9 2002.1 0 0 0 0 0 0 0 0 0
-75.4 -906.9 2096.8 0 0 0 0 0 0 0 0 0
140.5 -924.4 2109.6 0 0 0 0 0 0 0 0 0
40.7 490.5 2033.1 6 0.9838196635 -0.0817759782 -0.1594098657 0.0887096450 0.9953750968 0.0368642136 0.1556580067 -0.0504089333 0.9865239859
58.0 279.7 2043.8 0.9838196635 -0.0817759782 -0.1594098657 0.0887096450 0.9953750968 0.0368642136 0.1556580067 -0.0504089333 0.9865239859
59.3 81.4 2044.9 0.9874229431 -0.0065584844 -0.1579649150 0.0073176697 0.9999642968 0.0042248918 0.1579315662 -0.0053276899 0.9874356985
-85.9 278.6 2020.9 0.3439755738 -0.9189429283 0.1929370761 0.8208742738 0.1945296377 -0.5369577408 0.4559015334 0.3430774212 0.8212500811
-153.2 118.1 1931.7 -0.3550997078 -0.8837386370 -0.3048117459 -0.9309163690 0.3044895530 0.2016947865 -0.0854334906 0.3553760052 -0.9308109283
202.0 280.8 2066.7 0.1125516966 0.9926145673 -0.0452594198 -0.9936397672 0.1122744530 -0.0086297914 -0.0034845802 0.0459428579 0.9989379644
234.3 -4.9 2065.7 -0.0693544894 0.9973320365 -0.0227776654 -0.9772130251 -0.0725115165 -0.1994913369 -0.2006107271 0.0084230117 0.9796348214
-34.6 -123.8 2030.1 0.9492444992 0.1123575047 -0.2937868536 -0.0833083838 0.9904753566 0.1096281707 0.3033061922 -0.0795890242 0.9495635629
-79.2 -517.3 2061.7 0.9541526437 -0.0083358595 -0.2992043793 0.0269871056 0.9979367256 0.0582583658 0.2981013954 -0.0636620298 0.9524089098
147.0 -128.4 2052.2 0.9651672244 0.0941046998 -0.2441239655 -0.0810335875 0.9947140217 0.0630675480 0.2487684935 -0.0410884880 0.9676910639
109.7 -523.1 2068.5 0.9696792960 -0.0578106530 -0.2374446094 0.0902277082 0.9876604080 0.1280073076 0.2271144539 -0.1455501318 0.9629300237
-60.0 362.3 1954.1 0 0 0 0 0 0 0 0 0
214.5 -284.2 2008.4 0 0 0 0 0 0 0 0 0
-76.0 -898.2 2086.0 0 0 0 0 0 0 0 0 0
131.7 -899.6 2124.0 0 0 0 0 0 0 0 0 0
41.4 490.5 2033.4 7 0.9799844623 -0.0616503917 -0.1892873943 0.0687059984 0.9971572161 0.0309353769 0.1868421137 -0.0433213674 0.9814342856
54.2 284.5 2042.4 0.9799844623 -0.0616503917 -0.1892873943 0.0687059984 0.9971572161 0.0309353769 0.1868421137 -0.0433213674 0.9814342856
58.8 86.2 2045.9 0.9817910194 -0.0234888699 -0.1885065585 0.0263379198 0.9995734096 0.0126228072 0.1881296486 -0.0173578281 0.9819908142
-89.0 280.7 2015.0 0.3271469474 -0.9246938825 0.1947206706 0.8555441499 0.2023297846 -0.4765572548 0.4012717903 0.3224963844 0.8573080301
-153.1 113.0 1936.4 -0.3538154364 -0.8892700672 -0.2898506224 -0.9330806136 0.3141843677 0.1750679910 -0.0646161884 0.3323957622 -0.9409239292
197.3 288.4 2069.8 0.1314002275 0.9885630608 -0.0740068406 -0.9913232327 0.1307688504 -0.0133343656 -0.0035040721 0.0751168355 0.9971686006
234.4 9.1 2068.8 -0.0595328324 0.9970661402 -0.0481134988 -0.9777244925 -0.0679607317 -0.1985854208 -0.2012726367 0.0352193937 0.9789019227
-29.8 -117.6 2031.7 0.9378165007 0.1187221110 -0.3261981308 -0.0895543098 0.9906333685 0.1030802280 0.3353806734 -0.0674578920 0.9396644235
-77.0 -511.2 2058.5 0.9443008304 0.0135308579 -0.3288052082 0.0137841608 0.9966511726 0.0806007311 0.3287946880 -0.0806436390 0.9409520030
150.9 -116.3 2060.5 0.9548835158 0.1065150052 -0.2772220671 -0.0975790918 0.9941699505 0.0458742343 0.2804921567 -0.0167534705 0.9597101212
108.6 -510.9 2067.1 0.9616531730 -0.0582824126 -0.2680044472 0.0943644494 0.9878125787 0.1237806901 0.2575239241 -0.1443241835 0.9554328918
-59.9 358.9 1953.4 0 0 0 0 0 0 0 0 0
217.4 -270.3 2011.3 0 0 0 0 0 0 0 0 0
-82.1 -891.7 2089.3 0 0 0 0 0 0 0 0 0
130.9 -887.9 2122.2 0 0 0 0 0 0 0 0 0
41.2 490.5 2033.1 8 0.9744964242 -0.0550552197 -0.2175447047 0.0631809309 0.9975337982 0.0305690914 0.2153252065 -0.0435341485 0.9755715132
52.5 286.8 2042.0 0.9744964242 -0.0550552197 -0.2175447047 0.0631809309 0.9975337982 0.0305690914 0.2153252065 -0.0435341485 0.9755715132
59.5 88.5 2047.5 0.9755184650 -0.0356684066 -0.2170056999 0.0406883545 0.9989967346 0.0187074300 0.2161207348 -0.0270790476 0.9759910703
-89.9 280.9 2010.5 0.3278900683 -0.9263432622 0.1854082942 0.8704681993 0.2199791968 -0.4403342307 0.3671146929 0.3057732582 0.8784813881
-153.9 110.8 1938.8 -0.3646036386 -0.8896395564 -0.2749648392 -0.9297601581 0.3316182792 0.1599230170 -0.0510904677 0.3139598668 -0.9480606318
194.8 292.8 2073.5 0.1417376846 0.9848793745 -0.0996142328 -0.9898254275 0.1397369653 -0.0268185101 -0.0124932081 0.1024018973 0.9946646690
234.3 16.6 2070.0 -0.0491290614 0.9960993528 -0.0732966959 -0.9778810143 -0.0629087910 -0.1994773000 -0.2033102214 0.0618753172 0.9771572948
-26.5 -114.7 2032.3 0.9271146655 0.1233781725 -0.3538873196 -0.0886875391 0.9896643758 0.1126897186 0.3641331196 -0.0730908960 0.9284744263
-75.5 -507.9 2061.3 0.9329738617 0.0273145791 -0.3589062393 -0.0024109064 0.9975683689 0.0696528628 0.3599360585 -0.0641190112 0.9307710528
153.3 -109.8 2066.7 0.9448404908 0.1140452698 -0.3070343733 -0.1083704531 0.9934754968 0.0355282240 0.3090829551 -0.0002950530 0.9510350227
108.0 -504.4 2066.8 0.9537123442 -0.0633453727 -0.2939729393 0.1071882471 0.9849618673 0.1355022043 0.2809686959 -0.1607405692 0.9461601377
-57.1 357.6 1952.3 0 0 0 0 0 0 0 0 0
220.3 -262.9 2011.9 0 0 0 0 0 0 0 0 0
-86.0 -888.9 2085.8 0 0 0 0 0 0 0 0 0
132.2 -880.5 2128.2 0 0 0 0 0 0 0 0 0
43.2 492.7 2038.9 9 0.9744569063 -0.0637589172 -0.2153335065 0.0625380799 0.9979645014 -0.0124851139 0.2156912237 -0.0013003390 0.9764607549
57.7 266.2 2039.2 0.9744569063 -0.0637589172 -0.2153335065 0.0625380799 0.9979645014 -0.0124851139 0.2156912237 -0.0013003390 0.9764607549
66.4 67.7 2042.3 0.9753311276 -0.0441215374 -0.2162926793 0.0463567562 0.9989110231 0.0052692317 0.2158246636 -0.0151658729 0.9763143659
-84.7 259.4 2007.7 0.3541079164 -0.9184150696 0.1764124483 0.8439595699 0.2325520962 -0.4833753407 0.4029141366 0.3200520277 0.8574537635
-147.1 110.6 1936.7 -0.3578891456 -0.8892328143 -0.2849216461 -0.9316864610 0.3197196722 0.1724518687 -0.0622548163 0.3271763027 -0.9429103732
200.1 272.9 2070.7 0.1355953366 0.9854932427 -0.1020633057 -0.9907639623 0.1347848624 -0.0148280170 -0.0008563233 0.1031312495 0.9946674109
234.5 21.6 2070.5 -0.0411875509 0.9962296486 -0.0763546079 -0.9801224470 -0.0551283881 -0.1905804425 -0.1940711886 0.0669873208 0.9786976576
-22.8 -113.7 2033.1 0.9269507527 0.1316970736 -0.3513091505 -0.0948128104 0.9882016778 0.1202828512 0.3630052209 -0.0781876743 0.9285008907
-75.2 -506.3 2064.2 0.9318892956 0.0214019101 -0.3621109724 -0.0124315405 0.9995558262 0.0270844735 0.3625297844 -0.0207381323 0.9317414165
156.0 -106.7 2072.5 0.9439926147 0.1233624220 -0.3060387373 -0.1214146465 0.9922750592 0.0254704002 0.3068166673 0.0131137148 0.9516782761
107.1 -500.4 2067.3 0.9532533884 -0.0715419278 -0.2935808897 0.1096380875 0.9872483015 0.1154136062 0.2815802991 -0.1422060579 0.9489414692
-50.7 361.7 1953.5 0 0 0 0 0 0 0 0 0
222.7 -258.5 2015.0 0 0 0 0 0 0 0 0 0
-83.3 -887.8 2072.1 0 0 0 0 0 0 0 0 0
134.4 -877.4 2121.6 0 0 0 0 0 0 0 0 0
44.2 496.0 2036.3 0 0.9752062559 -0.0670924410 -0.2108824700 0.0675466955 0.9977033138 -0.0050567873 0.2107374072 -0.0093130032 0.9774983525
60.2 258.5 2038.6 0.9752062559 -0.0670924410 -0.2108824700 0.0675466955 0.9977033138 -0.0050567873 0.2107374072 -0.0093130032 0.9774983525
69.3 60.0 2040.9 0.9763477445 -0.0459456034 -0.2112678140 0.0473842882 0.9988752007 0.0017495269 0.2109497935 -0.0117189214 0.9774266481
-82.4 251.5 2007.8 0.3625407219 -0.9164413810 0.1694091558 0.8257202506 0.2315704674 -0.5143551230 0.4321461320 0.3263592422 0.8406779170
-144.1 111.0 1934.2 -0.3556182086 -0.8898873925 -0.2857204080 -0.9309813380 0.3102805018 0.1923531592 -0.0825191736 0.3344046474 -0.9388099313
202.7 265.4 2069.4 0.1364602596 0.9858357906 -0.0975009948 -0.9906454086 0.1357481778 -0.0139313648 -0.0004984543 0.0984899923 0.9951379299
237.9 10.4 2069.2 -0.0298421364 0.9971421361 -0.0694044828 -0.9779211879 -0.0434936695 -0.2043976486 -0.2068321705 0.0617724545 0.9764243960
-14.2 -134.9 2025.6 0.9263487458 0.1557742804 -0.3429465294 -0.1124817505 0.9833356738 0.1428242475 0.3594799042 -0.0937298387 0.9284335971
-76.1 -525.5 2062.8 0.9351735115 0.0082496237 -0.3540938497 0.0159489810 0.9977338314 0.0653668344 0.3538306653 -0.0667767674 0.9329226613
164.6 -126.6 2065.0 0.9441540241 0.1429457814 -0.2968832254 -0.1328513622 0.9896630645 0.0540145524 0.3015355170 -0.0115567157 0.9533848763
107.9 -519.4 2069.6 0.9556153417 -0.0635853931 -0.2876737118 0.1000566706 0.9884412289 0.1138973385 0.2771063447 -0.1376257241 0.9509317875
-45.2 369.9 1957.2 0 0 0 0 0 0 0 0 0
229.3 -269.1 2010.1 0 0 0 0 0 0 0 0 0
-79.2 -906.1 2088.3 0 0 0 0 0 0 0 0 0
132.2 -897.1 2122.2 0 0 0 0 0 0 0 0 0
45.3 496.5 2035.6 1 0.9629817009 -0.0817180797 -0.2568820417 0.0790079162 0.9966554642 -0.0208718106 0.2577284873 -0.0001965424 0.9662173390
65.5 250.0 2035.6 0.9629817009 -0.0817180797 -0.2568820417 0.0790079162 0.9966554642 -0.0208718106 0.2577284873 -0.0001965424 0.9662173390
76.5 51.7 2039.2 0.9644249082 -0.0553290620 -0.2585019767 0.0579994507 0.9983129501 0.0027094509 0.2579159737 -0.0176060349 0.9660069346
-75.2 241.5 1998.0 0.4204352200 -0.8961243033 0.1421107352 0.8159601092 0.3049370646 -0.4911440909 0.3967913389 0.3224509656 0.8594079614
-145.0 106.0 1932.1 -0.3634142280 -0.8886506557 -0.2796964049 -0.9293107390 0.3246271014 0.1760646850 -0.0656629726 0.3239092827 -0.9438067079
206.2 258.5 2073.2 0.1361989230 0.9805166721 -0.1415518224 -0.9904685616 0.1318099499 -0.0399775244 -0.0205406919 0.1456475109 0.9891232848
241.0 5.6 2068.0 -0.0351385921 0.9926956892 -0.1154146194 -0.9751592278 -0.0593299009 -0.2134115696 -0.2187002897 0.1050486490 0.9701210856
-11.1 -142.8 2023.9 0.9091882110 0.1557122916 -0.3861742020 -0.0998801515 0.9819240570 0.1607766449 0.4042286277 -0.1076050922 0.9083063006
-73.0 -532.9 2066.7 0.9148300886 0.0496612340 -0.4007738531 -0.0307772122 0.9980975389 0.0534237325 0.4026644826 -0.0365389362 0.9146180749
167.9 -134.2 2062.5 0.9291931987 0.1443132311 -0.3402554095 -0.1257140189 0.9891346097 0.0762151256 0.3475572467 -0.0280437041 0.9372392893
110.6 -527.0 2073.7 0.9401823878 -0.0558379777 -0.3360642493 0.0959637612 0.9899379015 0.1039899662 0.3268761337 -0.1300195307 0.9360806346
-42.6 368.0 1950.6 0 0 0 0 0 0 0 0 0
230.9 -273.1 2005.5 0 0 0 0 0 0 0 0 0
-91.9 -913.5 2080.6 0 0 0 0 0 0 0 0 0
132.0 -905.2 2123.4 0 0 0 0 0 0 0 0 0
46.4 495.5 2029.7 2 0.9617683887 -0.0807538405 -0.2616874874 0.0840315819 0.9964621663 0.0013404307 0.2606534362 -0.0232791975 0.9651517272
66.6 246.2 2035.5 0.9617683887 -0.0807538405 -0.2616874874 0.0840315819 0.9964621663 0.0013404307 0.2606534362 -0.0232791975 0.9651517272
80.3 48.0 2041.0 0.9625375271 -0.0689677820 -0.2622307539 0.0737901479 0.9972369075 0.0085747745 0.2609148026 -0.0276035890 0.9649670720
-73.9 235.4 1997.4 0.4619239867 -0.8775604367 0.1285062581 0.7885841727 0.3400645554 -0.5123388171 0.4059078693 0.3379996121 0.8491142988
-147.2 110.2 1933.0 -0.3697533607 -0.8816366196 -0.2932563424 -0.9272356033 0.3299931288 0.1770274788 -0.0593013428 0.3373742104 -0.9395009279
207.1 256.9 2073.6 0.1432354450 0.9793465137 -0.1427025646 -0.9893535972 0.1379392445 -0.0463915728 -0.0257491414 0.1478282213 0.9886777997
244.4 -0.5 2066.9 -0.0371672176 0.9923066497 -0.1180937737 -0.9772441387 -0.0607882105 -0.2032207102 -0.2088359594 0.1078533083 0.9719851613
-0.9 -152.0 2019.1 0.9025901556 0.1856508702 -0.3884130716 -0.1211090088 0.9752978683 0.1847339720 0.4131144881 -0.1196987405 0.9027782679
-74.6 -539.3 2066.6 0.9128947854 0.0288917217 -0.4071711898 0.0003024783 0.9974438548 0.0714539811 0.4081948400 -0.0653531253 0.9105525613
175.8 -141.4 2066.3 0.9245150685 0.1591499299 -0.3463281095 -0.1434251070 0.9871289730 0.0707503110 0.3531304300 -0.0157375839 0.9354417324
112.6 -533.5 2072.6 0.9380312562 -0.0452981815 -0.3435774148 0.0799962655 0.9929479957 0.0874919370 0.3371912837 -0.1095550805 0.9350399375
-41.5 375.4 1950.0 0 0 0 0 0 0 0 0 0
233.7 -279.8 2007.2 0 0 0 0 0 0 0 0 0
-85.7 -919.9 2091.6 0 0 0 0 0 0 0 0 0
129.9 -912.8 2114.4 0 0 0 0 0 0 0 0 0
44.7 493.7 2032.2 3 0.9575894475 -0.0908290669 -0.2734456658 0.0896393582 0.9958314300 -0.0168689284 0.2738379836 -0.0083579849 0.9617395401
67.6 243.0 2034.3 0.9575894475 -0.0908290669 -0.2734456658 0.0896393582 0.9958314300 -0.0168689284 0.2738379836 -0.0083579849 0.9617395401
82.4 45.1 2043.3 0.9580320120 -0.0747935846 -0.2767320275 0.0843166113 0.9961813688 0.0226574130 0.2739806473 -0.0450396314 0.9606800079
-72.3 230.7 1994.3 0.5091919303 -0.8553149700 0.0957075506 0.7508941293 0.3871578872 -0.5350390673 0.4205729663 0.3443038166 0.8393886089
-149.9 116.2 1930.2 -0.3820616305 -0.8748981357 -0.2976275682 -0.9226348996 0.3427630961 0.1768001467 -0.0526663698 0.3421501219 -0.9381681681
207.5 255.3 2074.3 0.1477713883 0.9769131541 -0.1542862952 -0.9886337519 0.1415369064 -0.0507012829 -0.0276935473 0.1600248367 0.9867244363
246.0 -2.3 2067.1 -0.0411620513 0.9907289147 -0.1294675469 -0.9767440557 -0.0671884865 -0.2036092281 -0.2104202807 0.1180756912 0.9704542160
5.7 -156.9 2022.6 0.8892806172 0.2136847973 -0.4043745100 -0.1466106027 0.9706742167 0.1905173361 0.4332265854 -0.1101377904 0.8945302367
-79.1 -542.3 2066.4 0.9041901827 -0.0078108404 -0.4270587265 0.0430277213 0.9964123964 0.0728762224 0.4249573946 -0.0842693225 0.9012823701
182.2 -143.4 2070.4 0.9164968729 0.1728499979 -0.3607719243 -0.1527477652 0.9847102165 0.0837490559 0.3697318435 -0.0216486417 0.9288862944
113.5 -534.6 2079.0 0.9309522510 -0.0369275846 -0.3632688224 0.0665225238 0.9953758121 0.0692943186 0.3590301275 -0.0886752605 0.9291039109
-40.6 380.2 1945.3 0 0 0 0 0 0 0 0 0
234.2 -281.5 2006.9 0 0 0 0 0 0 0 0 0
-76.1 -922.5 2098.5 0 0 0 0 0 0 0 0 0
127.6 -914.8 2112.9 0 0 0 0 0 0 0 0 0
44.6 493.9 2033.0 4 0.9601685405 -0.0897435695 -0.2646176517 0.0876616240 0.9959556460 -0.0196913686 0.2653146386 -0.0042897826 0.9641523361
67.5 240.0 2034.1 0.9601685405 -0.0897435695 -0.2646176517 0.0876616240 0.9959556460 -0.0196913686 0.2653146386 -0.0042897826 0.9641523361
86.7 42.4 2041.3 0.9587099552 -0.0969976708 -0.2673325837 0.1032093763 0.9946166277 0.0092482353 0.2649963796 -0.0364576019 0.9635599256
-72.5 224.9 1995.4 0.5352447629 -0.8396862149 0.0918701738 0.7177187800 0.3947365582 -0.5736399293 0.4454130232 0.3729747236 0.8139392734
-151.3 119.3 1929.8 -0.3878968060 -0.8630831838 -0.3234554827 -0.9202667475 0.3430788815 0.1881647408 -0.0514310896 0.3706538379 -0.9273459911
207.5 255.1 2072.8 0.1517195255 0.9776275754 -0.1456899643 -0.9881556034 0.1465895176 -0.0453878455 -0.0230157860 0.1508505791 0.9882885814
247.3 -4.4 2066.7 -0.0426215418 0.9919066429 -0.1196017861 -0.9770177007 -0.0664048642 -0.2025506645 -0.2088534981 0.1082200408 0.9719406366
9.4 -160.6 2027.2 0.8920630217 0.2158797532 -0.3970132768 -0.1523141265 0.9707462788 0.1856126040 0.4254691601 -0.1051074117 0.8988484144
-76.4 -546.2 2068.9 0.9068534970 0.0270266104 -0.4205785394 0.0002392827 0.9979084730 0.0646420941 0.4214459360 -0.0587215498 0.9049503207
185.0 -145.1 2077.4 0.9169020653 0.1828679591 -0.3547533751 -0.1734699011 0.9831051230 0.0584166944 0.3594423831 0.0079766437 0.9331331849
112.4 -535.6 2074.2 0.9385093451 -0.0354093723 -0.3434332907 0.0797656775 0.9900529385 0.1158993095 0.3359132111 -0.1361667663 0.9319983721
-40.1 382.9 1944.6 0 0 0 0 0 0 0 0 0
235.1 -283.7 2007.0 0 0 0 0 0 0 0 0 0
-86.7 -926.9 2091.3 0 0 0 0 0 0 0 0 0
125.9 -913.4 2126.2 0 0 0 0 0 0 0 0 0
43.6 491.1 2022.4 5 0.9535521865 -0.0850101188 -0.2889836729 0.0922517180 0.9956692457 0.0115053747 0.2867540717 -0.0376302153 0.9572649002
65.2 238.3 2031.9 0.9535521865 -0.0850101188 -0.2889836729 0.0922517180 0.9956692457 0.0115053747 0.2867540717 -0.0376302153 0.9572649002
86.5 41.1 2043.4 0.9509165287 -0.1074622497 -0.2901889980 0.1194776595 0.9925478101 0.0239562932 0.2854520679 -0.0574515350 0.9566694498
-73.6 220.8 1990.3 0.5228493214 -0.8491811752 0.0742964223 0.7242785096 0.3965973854 -0.5640311837 0.4494988620 0.3487145901 0.8224043250
-147.2 118.9 1927.0 -0.3753606379 -0.8761843443 -0.3023333251 -0.9253611565 0.3355910778 0.1763103902 -0.0530200265 0.3459475040 -0.9367545843
204.0 255.7 2073.6 0.1729890257 0.9712101221 -0.1637854278 -0.9845287800 0.1658031940 -0.0566774234 -0.0278895404 0.1710560471 0.9848664999
248.2 4.4 2066.5 -0.0322181806 0.9899450541 -0.1377344131 -0.9790179729 -0.0589999035 -0.1950455606 -0.2012107074 0.1285604537 0.9710748792
18.1 -164.7 2024.3 0.8753267527 0.2410539836 -0.4191611409 -0.1686918885 0.9646475911 0.2024797201 0.4531513453 -0.1065268293 0.8850457072
-77.7 -547.8 2066.6 0.8966159821 0.0484832413 -0.4401468039 0.0002602758 0.9939299822 0.1100140065 0.4428089559 -0.0987548754 0.8911609054
193.8 -145.7 2072.8 0.9043075442 0.2033224702 -0.3753502965 -0.1859537065 0.9791006446 0.0823599100 0.3842513561 -0.0046809060 0.9232166409
113.1 -534.6 2074.7 0.9287895560 -0.0374254435 -0.3687129617 0.0848950520 0.9899190664 0.1133713126 0.3607530296 -0.1366000026 0.9226037264
-39.7 383.9 1942.2 0 0 0 0 0 0 0 0 0
239.0 -275.4 2009.0 0 0 0 0 0 0 0 0 0
-96.2 -926.9 2104.2 0 0 0 0 0 0 0 0 0
127.4 -912.6 2126.9 0 0 0 0 0 0 0 0 0
43.8 491.9 2022.6 6 0.9516516924 -0.0626424924 -0.3007241488 0.0655557960 0.9978488088 -0.0004038690 0.3001025617 -0.0193298683 0.9537110925
60.2 230.8 2027.6 0.9516516924 -0.0626424924 -0.3007241488 0.0655557960 0.9978488088 -0.0004038690 0.3001025617 -0.0193298683 0.9537110925
88.1 34.8 2042.3 0.9422967434 -0.1410558969 -0.3036116660 0.1567222029 0.9872531891 0.0277358796 0.2958292961 -0.0737181157 0.9523921013
-77.3 207.9 1984.5 0.5338924527 -0.8435376883 0.0583352149 0.7037035823 0.4050192833 -0.5837470889 0.4687857926 0.3527088761 0.8098372221
-145.4 118.3 1924.8 -0.3693387508 -0.8769719601 -0.3074232936 -0.9278625846 0.3296467960 0.1743674725 -0.0515742749 0.3496472538 -0.9354608059
197.7 253.7 2070.8 0.1964816302 0.9648891687 -0.1743096560 -0.9803805351 0.1904659867 -0.0507613793 -0.0157790445 0.1808634698 0.9833816290
248.2 1.4 2066.7 -0.0403378494 0.9890568852 -0.1419132054 -0.9770956039 -0.0687462166 -0.2013905942 -0.2089427561 0.1305391043 0.9691761732
20.6 -167.0 2028.6 0.8651235104 0.2421385050 -0.4392382801 -0.1717672199 0.9658234715 0.1941160411 0.4712296128 -0.0924876109 0.8771480322
