-12.1 443.6 2736.2 4 0.9967116117 0.0052094655 -0.0808629692 -0.0105659897 0.9977665544 -0.0659561977 0.0803387687 0.0665937066 0.9945405722
-13.1 248.0 2723.1 0.9967116117 0.0052094655 -0.0808629692 -0.0105659897 0.9977665544 -0.0659561977 0.0803387687 0.0665937066 0.9945405722
-13.8 54.2 2712.1 0.9967213273 0.0038442239 -0.0808196887 -0.0084249070 0.9983719587 -0.0564134680 0.0804712400 0.0569094047 0.9951310158
-149.3 249.2 2712.2 0.2164264917 -0.6653136015 -0.7145050168 0.9762174487 0.1569300741 0.1495743245 0.0126134912 -0.7298840880 0.6834545732
-207.5 -13.4 2708.8 -0.0239188783 -0.6666256785 -0.7450087667 0.9602473974 0.1920033395 -0.2026316971 0.2781236768 -0.7202395201 0.6355330944
123.1 246.9 2734.1 0.1894796044 0.6525897980 0.7336375117 -0.9728833437 0.2257186621 0.0504879467 -0.1326477677 -0.7233101726 0.6776628494
169.7 7.3 2701.5 -0.0194471516 0.6523083448 0.7577041984 -0.9627265930 0.1922706664 -0.1902352571 -0.2697763443 -0.7331615090 0.6242554784
-103.4 -142.6 2693.5 0.9968986511 -0.0267864652 -0.0739967674 0.0293677822 0.9989895821 0.0340191014 0.0730107501 -0.0360867195 0.9966780543
-93.0 -530.4 2707.5 0.9972187281 -0.0066115032 -0.0742368773 0.0098309750 0.9990229607 0.0430862494 0.0738794804 -0.0436962359 0.9963093996
75.3 -143.9 2707.0 0.9916835427 0.0787726045 -0.1017770916 -0.0748841986 0.9963290095 0.0414828807 0.1046711802 -0.0335163958 0.9939419627
44.7 -530.7 2720.0 0.9898838997 -0.0934874713 -0.1067239791 0.0914382190 0.9955227971 -0.0239467230 0.1084848717 0.0139458245 0.9940002561
-201.4 -257.1 2638.2 0 0 0 0 0 0 0 0 0
164.8 -238.6 2632.6 0 0 0 0 0 0 0 0 0
-91.1 -820.5 2720.2 0 0 0 0 0 0 0 0 0
72.5 -826.8 2715.8 0 0 0 0 0 0 0 0 0
-11.9 442.8 2736.1 5 0.9965959787 0.0064727948 -0.0821859092 -0.0120968623 0.9976038933 -0.0681187212 0.0815480649 0.0688810349 0.9942863584
-13.1 247.5 2722.6 0.9965959787 0.0064727948 -0.0821859092 -0.0120968623 0.9976038933 -0.0681187212 0.0815480649 0.0688810349 0.9942863584
-13.8 53.7 2711.0 0.9966148734 0.0034204216 -0.0821410269 -0.0082939491 0.9982197881 -0.0590635464 0.0817927718 0.0595448837 0.9948689938
-149.3 248.7 2711.4 0.2196387500 -0.6648453474 -0.7139604092 0.9755381346 0.1565570682 0.1543219239 0.0091753369 -0.7303906679 0.6829679608
-207.6 -10.0 2709.0 -0.0244819559 -0.6663976908 -0.7451944351 0.9586333036 0.1958065927 -0.2065961361 0.2835891843 -0.7194260359 0.6340373158
123.0 246.4 2733.8 0.1920043975 0.6536126733 0.7320688367 -0.9724479914 0.2272007316 0.0521986671 -0.1322088689 -0.7219212651 0.6792278886
169.6 10.7 2701.7 -0.0187560674 0.6533520222 0.7568218708 -0.9618634582 0.1948078573 -0.1920119822 -0.2728862464 -0.7315607071 0.6247815490
-103.9 -138.9 2693.8 0.9966792464 -0.0297570322 -0.0757960454 0.0333795622 0.9983378053 0.0469832681 0.0742719695 -0.0493572839 0.9960158467
-92.3 -526.4 2713.0 0.9971548915 -0.0054708710 -0.0751813203 0.0075099203 0.9996108413 0.0268658735 0.0750050843 -0.0273540430 0.9968078732
74.7 -140.4 2708.3 0.9919410944 0.0740711913 -0.1027924567 -0.0699382350 0.9966133237 0.0432495885 0.1056478769 -0.0357119218 0.9937621355
46.0 -527.3 2722.1 0.9900737405 -0.0897699445 -0.1081450358 0.0866827071 0.9956916571 -0.0329271778 0.1106349826 0.0232260283 0.9935896993
-201.3 -253.4 2637.0 0 0 0 0 0 0 0 0 0
164.8 -235.0 2632.0 0 0 0 0 0 0 0 0 0
-90.7 -820.0 2721.0 0 0 0 0 0 0 0 0 0
73.2 -829.7 2715.1 0 0 0 0 0 0 0 0 0
-12.4 442.1 2735.5 6 0.9958850741 0.0015051919 -0.0906127468 -0.0073780613 0.9978895783 -0.0645128414 0.0903244093 0.0649159178 0.9937944412
-12.7 246.6 2722.8 0.9958850741 0.0015051919 -0.0906127468 -0.0073780613 0.9978895783 -0.0645128414 0.0903244093 0.0649159178 0.9937944412
-12.4 52.7 2712.0 0.9958844781 -0.0017841228 -0.0906139612 -0.0032914134 0.9984347224 -0.0558324307 0.0905717388 0.0559009016 0.9943197966
-148.8 247.0 2710.4 0.2248919159 -0.6576316357 -0.7189883590 0.9743558764 0.1573589444 0.1608378440 0.0073671849 -0.7367216349 0.6761560440
-207.9 -9.3 2708.5 -0.0261658244 -0.6587132215 -0.7519389987 0.9625934362 0.1863220930 -0.1967179179 0.2696835399 -0.7289588451 0.6291977167
123.3 246.1 2735.2 0.1903173923 0.6589700580 0.7276934385 -0.9726438522 0.2271411717 0.0486905724 -0.1332035065 -0.7170532346 0.6841721535
169.6 9.7 2702.8 -0.0134891421 0.6588732004 0.7521330714 -0.9619272947 0.1967981607 -0.1896481067 -0.2729724646 -0.7260555029 0.6311334968
-103.8 -139.3 2692.2 0.9960091114 -0.0284358468 -0.0846005008 0.0322960578 0.9984820485 0.0446154028 0.0832034051 -0.0471696109 0.9954156280
-92.7 -526.9 2710.5 0.9964202642 -0.0094254585 -0.0840105191 0.0115208989 0.9996336102 0.0244927928 0.0837488845 -0.0253729913 0.9961637855
74.8 -140.8 2706.8 0.9909921885 0.0745913237 -0.1112230197 -0.0689844713 0.9961854219 0.0534395687 0.1147848740 -0.0452855341 0.9923576117
45.9 -527.5 2724.4 0.9887063503 -0.0926888511 -0.1177648976 0.0884428769 0.9952455163 -0.0407942832 0.1209861636 0.0299181007 0.9922032356
-201.3 -253.6 2640.0 0 0 0 0 0 0 0 0 0
166.1 -235.9 2633.1 0 0 0 0 0 0 0 0 0
-89.9 -823.7 2718.0 0 0 0 0 0 0 0 0 0
73.7 -826.2 2715.4 0 0 0 0 0 0 0 0 0
-12.9 442.7 2734.7 7 0.9968006611 0.0016066186 -0.0799113214 -0.0064544789 0.9981507063 -0.0604442693 0.0796664357 0.0607666746 0.9949676991
-13.2 247.1 2722.8 0.9968006611 0.0016066186 -0.0799113214 -0.0064544789 0.9981507063 -0.0604442693 0.0796664357 0.0607666746 0.9949676991
-13.0 53.2 2712.5 0.9968014956 -0.0011219914 -0.0799095109 -0.0031226389 0.9985910654 -0.0529731885 0.0798563585 0.0530532822 0.9953935742
-149.4 247.5 2711.9 0.2202638984 -0.6648588777 -0.7137551904 0.9753812551 0.1581742764 0.1536629051 0.0107335607 -0.7300298214 0.6833309531
-207.8 -11.1 2709.1 -0.0254114270 -0.6658118963 -0.7456868291 0.9626742005 0.1847699136 -0.1977840066 0.2694674134 -0.7228794098 0.6362646222
123.0 246.6 2733.7 0.1927775294 0.6543611884 0.7311964631 -0.9753948450 0.2090232968 0.0701008365 -0.1069658250 -0.7267191410 0.6785555482
169.8 9.6 2707.8 -0.0130041931 0.6543279886 0.7560990453 -0.9588199854 0.2063941211 -0.1951042414 -0.2837165594 -0.7275000811 0.6246987581
-101.3 -140.8 2693.0 0.9970309138 -0.0222575106 -0.0737155229 0.0253372472 0.9988332987 0.0411104113 0.0727145001 -0.0428560972 0.9964315891
-92.6 -528.6 2709.6 0.9972878695 -0.0075030308 -0.0732158870 0.0089500677 0.9997706413 0.0194559433 0.0730531216 -0.0200584624 0.9971263409
77.2 -141.4 2709.2 0.9915372133 0.0810507536 -0.1014134958 -0.0768175498 0.9960300922 0.0449795090 0.1046565175 -0.0368085243 0.9938270450
45.7 -528.0 2723.5 0.9899129868 -0.0918873101 -0.1078380048 0.0881990939 0.9953587055 -0.0384966768 0.1108748540 0.0285971444 0.9934228659
-201.3 -255.5 2640.7 0 0 0 0 0 0 0 0 0
166.5 -235.2 2635.3 0 0 0 0 0 0 0 0 0
-90.4 -819.1 2715.5 0 0 0 0 0 0 0 0 0
73.0 -823.7 2715.0 0 0 0 0 0 0 0 0 0
-12.7 438.0 2724.4 8 0.9964911938 0.0017949423 -0.0836783648 -0.0044136615 0.9995058775 -0.0311205834 0.0835811570 0.0313807167 0.9960067272
-13.0 241.1 2718.2 0.9964911938 0.0017949423 -0.0836783648 -0.0044136615 0.9995058775 -0.0311205834 0.0835811570 0.0313807167 0.9960067272
-12.4 47.1 2712.0 0.9964885116 -0.0029402105 -0.0836777687 0.0002483881 0.9994826913 -0.0321611539 0.0837290362 0.0320274383 0.9959737659
-149.1 241.1 2706.7 0.2283409238 -0.6604434252 -0.7153145075 0.9735566378 0.1496729702 0.1725846380 -0.0069191437 -0.7358073592 0.6771555543
-208.1 -10.1 2708.5 -0.0260466859 -0.6617249250 -0.7492941618 0.9636286497 0.1828068793 -0.1949397177 0.2659725845 -0.7271188498 0.6328955293
123.1 241.1 2729.6 0.1964217424 0.6545587182 0.7300488949 -0.9754379392 0.2061481625 0.0776128098 -0.0996960849 -0.7273622155 0.6789734364
169.7 9.9 2706.0 -0.0102335382 0.6545085907 0.7559853196 -0.9618341327 0.2002965659 -0.1864305884 -0.2734417021 -0.7290403247 0.6274789572
-102.1 -140.4 2695.1 0.9968445897 -0.0189678371 -0.0770782456 0.0217683017 0.9991269708 0.0356564224 0.0763346329 -0.0372217745 0.9963872433
-94.7 -528.2 2709.5 0.9969409704 -0.0139619214 -0.0769011229 0.0160418283 0.9995201826 0.0264954828 0.0764942989 -0.0276480671 0.9966866374
76.5 -140.9 2709.4 0.9908342361 0.0821196064 -0.1072562486 -0.0780040547 0.9960668683 0.0420257710 0.1102855355 -0.0332741514 0.9933428168
44.7 -527.6 2722.3 0.9887573719 -0.0974676982 -0.1133972779 0.0938717425 0.9949097633 -0.0366427563 0.1163915396 0.0255859960 0.9928737879
-201.4 -254.7 2641.0 0 0 0 0 0 0 0 0 0
167.1 -235.7 2636.2 0 0 0 0 0 0 0 0 0
-90.6 -823.3 2717.7 0 0 0 0 0 0 0 0 0
73.7 -824.0 2714.7 0 0 0 0 0 0 0 0 0
-13.1 435.8 2729.2 9 0.9962224960 -0.0015023784 -0.0868244246 -0.0027579060 0.9987985492 -0.0489270315 0.0867936164 0.0489816628 0.9950214624
-12.8 239.0 2719.5 0.9962224960 -0.0015023784 -0.0868244246 -0.0027579060 0.9987985492 -0.0489270315 0.0867936164 0.0489816628 0.9950214624
-12.0 45.1 2711.2 0.9962124825 -0.0043679955 -0.0868421942 0.0006426718 0.9990800619 -0.0428793840 0.0869496018 0.0426611677 0.9952988625
-148.9 238.9 2707.6 0.2241871655 -0.6591213346 -0.7178434730 0.9745444655 0.1529679000 0.1639019847 0.0017757067 -0.7363150716 0.6766364574
-207.7 -16.4 2707.2 -0.0256244335 -0.6609813571 -0.7499646544 0.9584570527 0.1969482750 -0.2063284665 0.2840835154 -0.7240960002 0.6284756064
123.3 239.1 2731.4 0.1923018247 0.6578904986 0.7281484008 -0.9755806327 0.2084056586 0.0693510249 -0.1061248630 -0.7237038016 0.6819019914
169.7 3.6 2705.8 -0.0091797225 0.6578586102 0.7530854940 -0.9601788521 0.2045067102 -0.1903511286 -0.2792351842 -0.7248441577 0.6297846437
-101.2 -146.9 2698.2 0.9966581464 -0.0138590252 -0.0805010945 0.0167024937 0.9992561936 0.0347567797 0.0799595267 -0.0359851979 0.9961483479
-95.8 -534.8 2712.2 0.9965583086 -0.0210600235 -0.0801745951 0.0221419185 0.9996750951 0.0126291066 0.0798825696 -0.0143608609 0.9967008233
77.4 -146.8 2713.2 0.9904858470 0.0815474913 -0.1108504906 -0.0790069625 0.9965048432 0.0271283779 0.1126753092 -0.0181123130 0.9934667945
45.7 -533.7 2720.3 0.9885773659 -0.0969337523 -0.1154064983 0.0939673632 0.9950960875 -0.0308854952 0.1178344041 0.0196882561 0.9928380847
-201.2 -259.7 2635.1 0 0 0 0 0 0 0 0 0
167.4 -241.5 2634.5 0 0 0 0 0 0 0 0 0
-89.7 -821.5 2716.3 0 0 0 0 0 0 0 0 0
73.9 -823.1 2714.6 0 0 0 0 0 0 0 0 0
-11.5 439.2 2732.6 0 0.9974745512 -0.0020614578 -0.0709946454 -0.0018759664 0.9984652996 -0.0553495623 0.0709997937 0.0553429648 0.9959398508
-11.1 242.1 2721.6 0.9974745512 -0.0020614578 -0.0709946454 -0.0018759664 0.9984652996 -0.0553495623 0.0709997937 0.0553429648 0.9959398508
-10.1 48.2 2712.2 0.9974601269 -0.0054463916 -0.0710189417 0.0019730222 0.9988024235 -0.0488863625 0.0712001473 0.0486220755 0.9962762594
-147.4 241.8 2711.9 0.2247025967 -0.6678823233 -0.7095364332 0.9742077589 0.1694371998 0.1490309983 0.0206866916 -0.7247235179 0.6887291670
-207.5 -18.8 2706.4 -0.0245551597 -0.6686077714 -0.7432097197 0.9601830244 0.1911794245 -0.2037130147 0.2782905102 -0.7186195850 0.6372913718
125.1 242.4 2731.4 0.1817619801 0.6495741606 0.7382519841 -0.9783245921 0.1952032447 0.0691135749 -0.0992147848 -0.7348122597 0.6709749103
169.9 1.6 2706.9 -0.0126801841 0.6496662498 0.7601137757 -0.9613310695 0.2012227625 -0.1880211681 -0.2751032114 -0.7331051826 0.6219928265
-100.4 -148.9 2695.2 0.9978238344 -0.0114965336 -0.0649262741 0.0139696868 0.9991889000 0.0377671160 0.0644394234 -0.0385919288 0.9971750975
-95.9 -536.8 2710.1 0.9976246357 -0.0235696323 -0.0647265166 0.0249870867 0.9994634390 0.0211775340 0.0641926378 -0.0227445569 0.9976782799
78.1 -148.7 2710.7 0.9921874404 0.0825319588 -0.0935549513 -0.0789835379 0.9960314631 0.0410235226 0.0965694264 -0.0333137214 0.9947685599
46.1 -535.4 2723.7 0.9905736446 -0.0934952572 -0.1001121178 0.0896568000 0.9950788021 -0.0421875566 0.1035637856 0.0328141488 0.9940813780
-201.3 -262.5 2635.7 0 0 0 0 0 0 0 0 0
166.6 -243.9 2636.7 0 0 0 0 0 0 0 0 0
-89.2 -820.7 2716.6 0 0 0 0 0 0 0 0 0
72.8 -819.7 2714.3 0 0 0 0 0 0 0 0 0
-12.5 438.6 2723.3 1 0.9957010150 -0.0062061935 -0.0924173146 0.0034324925 0.9995397329 -0.0301415473 0.0925618410 0.0296947472 0.9952640533
-11.3 240.8 2717.4 0.9957010150 -0.0062061935 -0.0924173146 0.0034324925 0.9995397329 -0.0301415473 0.0925618410 0.0296947472 0.9952640533
-9.4 46.8 2712.1 0.9956705570 -0.0097930459 -0.0924349800 0.0072382172 0.9995835423 -0.0279341042 0.0926700458 0.0271441005 0.9953268170
-147.3 239.8 2704.7 0.2294582725 -0.6555647254 -0.7194329500 0.9730905294 0.1385153830 0.1841420829 -0.0210645329 -0.7423263192 0.6697073579
-207.7 -16.6 2710.3 -0.0293723885 -0.6583933234 -0.7521007657 0.9585897326 0.1946791857 -0.2078598440 0.2832718790 -0.7270613909 0.6254108548
124.7 241.8 2730.0 0.1864861846 0.6614938974 0.7263943553 -0.9775477052 0.1987604797 0.0699624270 -0.0980987623 -0.7231321335 0.6837079525
169.9 5.1 2706.3 -0.0115398550 0.6614006758 0.7499439716 -0.9659448266 0.1865058690 -0.1793493629 -0.2584907413 -0.7264741659 0.6367242932
-98.4 -145.8 2696.4 0.9962478876 -0.0057865670 -0.0863520503 0.0082920864 0.9995540977 0.0286847502 0.0861475617 -0.0292931590 0.9958516359
-96.1 -533.9 2707.8 0.9959835410 -0.0237255059 -0.0863362253 0.0260592364 0.9993221164 0.0260046870 0.0856607258 -0.0281500965 0.9959266186
80.3 -145.5 2709.1 0.9891163111 0.0900103003 -0.1163917333 -0.0848912671 0.9952225089 0.0482245162 0.1201763749 -0.0378190167 0.9920319319
45.4 -531.8 2723.8 0.9875156879 -0.0963795260 -0.1245944202 0.0909198001 0.9946618080 -0.0488007627 0.1286327094 0.0368634202 0.9910069108
-200.3 -259.9 2638.4 0 0 0 0 0 0 0 0 0
166.9 -241.5 2640.3 0 0 0 0 0 0 0 0 0
-89.4 -816.9 2715.7 0 0 0 0 0 0 0 0 0
73.2 -819.0 2713.2 0 0 0 0 0 0 0 0 0
-12.0 442.4 2739.1 2 0.9955057502 -0.0062523610 -0.0944946781 -0.0007859179 0.9972383380 -0.0742632300 0.0946980417 0.0740037337 0.9927515984
-10.7 245.7 2724.5 0.9955057502 -0.0062523610 -0.0944946781 -0.0007859179 0.9972383380 -0.0742632300 0.0946980417 0.0740037337 0.9927515984
-8.8 52.2 2712.3 0.9954639077 -0.0103066983 -0.0945801511 0.0042550289 0.9979431033 -0.0639644861 0.0950448737 0.0632718951 0.9934601784
-146.7 245.1 2711.5 0.2251165211 -0.6553568244 -0.7209923267 0.9742766023 0.1592905074 0.1594103426 0.0103765689 -0.7383318543 0.6743577719
-207.6 -18.1 2708.7 -0.0269092768 -0.6569993496 -0.7534107566 0.9579266310 0.1984945238 -0.2073077410 0.2857489586 -0.7272907495 0.6240158081
125.2 246.3 2737.5 0.1799610853 0.6656746268 0.7242177129 -0.9763284326 0.2106792629 0.0489594415 -0.1199865937 -0.7158851624 0.6878311634
169.9 3.8 2707.7 -0.0070582638 0.6656387448 0.7462407351 -0.9622843266 0.1984320730 -0.1861009747 -0.2719541192 -0.7194093466 0.6391331553
-96.8 -147.9 2698.6 0.9960630536 -0.0014009989 -0.0886363611 0.0033827510 0.9997475743 0.0222119689 0.0885828733 -0.0224243551 0.9958163500
-96.2 -536.0 2707.3 0.9957786798 -0.0238106605 -0.0886445493 0.0265583191 0.9991986156 0.0299469065 0.0878604576 -0.0321747437 0.9956130385
81.6 -146.5 2715.2 0.9886035323 0.0953727439 -0.1164776459 -0.0919156224 0.9951615930 0.0347120538 0.1192246601 -0.0236103442 0.9925865531
44.6 -532.8 2724.3 0.9870764017 -0.1020839810 -0.1235276759 0.0974995717 0.9943225384 -0.0426210389 0.1271772683 0.0300263278 0.9914253950
-200.7 -261.3 2636.2 0 0 0 0 0 0 0 0 0
168.1 -241.9 2638.3 0 0 0 0 0 0 0 0 0
-89.5 -819.4 2716.4 0 0 0 0 0 0 0 0 0
74.6 -825.4 2715.5 0 0 0 0 0 0 0 0 0
-15.2 442.0 2736.5 3 0.9983656406 0.0299341716 -0.0486826673 -0.0352864973 0.9929581285 -0.1130884588 0.0449546427 0.1146214753 0.9923915267
-21.5 232.6 2712.4 0.9983656406 0.0299341716 -0.0486826673 -0.0352864973 0.9929581285 -0.1130884588 0.0449546427 0.1146214753 0.9923915267
-12.2 39.2 2710.1 0.9976661205 -0.0469907559 -0.0495397970 0.0464006178 0.9988383651 -0.0129965134 0.0500929654 0.0106675038 0.9986875653
-157.6 226.4 2705.7 0.2044354379 -0.6850559711 -0.6992170215 0.9786935449 0.1291014105 0.1596613675 -0.0191070754 -0.7169596553 0.6968528032
-207.6 -13.3 2710.4 -0.0296026357 -0.6878066063 -0.7252901196 0.9596950412 0.1833245158 -0.2130200267 0.2794800401 -0.7023633122 0.6546577215
114.6 238.8 2719.1 0.2351198047 0.6276215911 0.7421656251 -0.9708957672 0.1874844134 0.1490335166 -0.0456078351 -0.7556062341 0.6534364223
170.0 10.0 2708.3 -0.0185445137 0.6279499531 0.7780327797 -0.9618529677 0.2012228817 -0.1853327900 -0.2729377151 -0.7517900467 0.6002638936
-95.9 -142.0 2691.6 0.9989287257 0.0017352770 -0.0462432690 0.0001280484 0.9991891980 0.0402605906 0.0462756380 -0.0402233787 0.9981185794
-96.6 -529.7 2707.2 0.9986472726 -0.0237728842 -0.0462436303 0.0256328415 0.9988687634 0.0400525816 0.0452391505 -0.0411837585 0.9981269240
82.4 -141.0 2708.5 0.9921686649 0.0988152996 -0.0763995051 -0.0934554413 0.9931019545 0.0708134547 0.0828699470 -0.0631189421 0.9945594668
44.1 -526.3 2733.0 0.9915512204 -0.0941275656 -0.0892535523 0.0883779600 0.9938763380 -0.0663265809 0.0949501470 0.0578781553 0.9937980771
-200.1 -256.9 2639.4 0 0 0 0 0 0 0 0 0
165.2 -235.6 2638.6 0 0 0 0 0 0 0 0 0
-89.7 -818.7 2719.1 0 0 0 0 0 0 0 0 0
72.4 -825.8 2715.5 0 0 0 0 0 0 0 0 0
-16.0 440.4 2736.8 4 0.9981449842 0.0091083860 -0.0601969548 -0.0146620125 0.9956074953 -0.0924704000 0.0590902828 0.0931814685 0.9938941598
-17.9 237.3 2717.7 0.9981449842 0.0091083860 -0.0601969548 -0.0146620125 0.9956074953 -0.0924704000 0.0590902828 0.0931814685 0.9938941598
-12.1 43.7 2711.3 0.9977155924 -0.0294668488 -0.0607890338 0.0274060275 0.9990302324 -0.0344609767 0.0617455356 0.0327162668 0.9975555539
-154.1 233.7 2709.4 0.1951322556 -0.6775502563 -0.7091184855 0.9806967974 0.1440357268 0.1322404146 0.0125388745 -0.7212346196 0.6925773621
-207.2 -33.6 2706.0 -0.0296769179 -0.6801088452 -0.7325102091 0.9556971788 0.1953997463 -0.2201406062 0.2928518951 -0.7065910101 0.6441792250
118.3 240.9 2726.1 0.2136359811 0.6386991143 0.7392043471 -0.9742546082 0.1950811148 0.1130102873 -0.0720252469 -0.7443163395 0.6639319062
169.9 5.5 2708.7 -0.0081177913 0.6389197111 0.7692306042 -0.9597725868 0.2109290510 -0.1853253990 -0.2806611359 -0.7397908568 0.6115053296
-92.1 -158.3 2703.6 0.9983021021 0.0139856599 -0.0565449446 -0.0129386783 0.9997388124 0.0188398194 0.0567936637 -0.0180762149 0.9982222915
-97.5 -546.2 2710.6 0.9978995323 -0.0316258632 -0.0565364808 0.0327710360 0.9992737174 0.0194441602 0.0558804795 -0.0212560780 0.9982112050
86.4 -150.1 2712.3 0.9907761216 0.1044300720 -0.0863541439 -0.1005833745 0.9937812090 0.0477688611 0.0908056349 -0.0386424549 0.9951186180
45.9 -535.7 2727.3 0.9907969236 -0.0953935683 -0.0960289314 0.0910795480 0.9946688414 -0.0483570620 0.1001299396 0.0391657576 0.9942032099
-199.7 -276.2 2631.7 0 0 0 0 0 0 0 0 0
167.8 -239.5 2637.0 0 0 0 0 0 0 0 0 0
-88.9 -818.2 2716.4 0 0 0 0 0 0 0 0 0
74.1 -830.0 2715.7 0 0 0 0 0 0 0 0 0
-14.6 439.6 2735.9 5 0.9987058043 0.0118523836 -0.0494593903 -0.0158090591 0.9966380596 -0.0803904384 0.0483402945 0.0810683072 0.9955356121
-17.0 240.0 2719.6 0.9987058043 0.0118523836 -0.0494593903 -0.0158090591 0.9966380596 -0.0803904384 0.0483402945 0.0810683072 0.9955356121
-15.3 46.3 2710.9 0.9987434745 -0.0084376279 -0.0493988879 0.0062121917 0.9989662170 -0.0450317748 0.0497277826 0.0446683168 0.9977634549
-153.3 239.2 2712.9 0.1982325912 -0.6849015355 -0.7011517286 0.9797891378 0.1580105126 0.1226617470 0.0267781224 -0.7112963796 0.7023819089
-207.2 -27.2 2705.6 -0.0527589880 -0.6859046817 -0.7257763147 0.9563831687 0.1743998528 -0.2343414575 0.2873111963 -0.7064839005 0.6467865109
119.4 240.8 2726.4 0.2099639922 0.6335169077 0.7446955442 -0.9751461744 0.1908057183 0.1126190946 -0.0707460567 -0.7498329878 0.6578339338
169.9 6.0 2709.3 -0.0019254795 0.6335666180 0.7736857533 -0.9654881358 0.2003216594 -0.1664450169 -0.2604400218 -0.7473048568 0.6113153100
-95.5 -152.4 2699.4 0.9989885092 0.0107904840 -0.0436525084 -0.0096772239 0.9996245503 0.0256341938 0.0439127237 -0.0251858309 0.9987178445
-99.7 -540.3 2709.2 0.9982081056 -0.0408723839 -0.0437037870 0.0418133289 0.9989081621 0.0208368171 0.0428044200 -0.0226268806 0.9988272190
83.1 -147.5 2710.3 0.9934813380 0.0895294994 -0.0705640391 -0.0851340070 0.9943746328 0.0630180985 0.0758090690 -0.0565999076 0.9955146313
48.3 -533.3 2732.3 0.9934878945 -0.0809727684 -0.0801575482 0.0772192329 0.9958155155 -0.0488733873 0.0837795511 0.0423654132 0.9955833554
-193.8 -269.9 2632.7 0 0 0 0 0 0 0 0 0
169.4 -240.4 2642.8 0 0 0 0 0 0 0 0 0
-88.2 -820.7 2715.5 0 0 0 0 0 0 0 0 0
72.0 -824.8 2719.9 0 0 0 0 0 0 0 0 0
-14.3 435.5 2736.4 6 0.9995478392 0.0191644132 -0.0231709536 -0.0208832547 0.9968608618 -0.0763697028 0.0216346364 0.0768190548 0.9968103170
-18.1 237.0 2721.1 0.9995478392 0.0191644132 -0.0231709536 -0.0208832547 0.9968608618 -0.0763697028 0.0216346364 0.0768190548 0.9968103170
-19.5 43.3 2710.5 0.9997121692 0.0072135739 -0.0228811614 -0.0084508928 0.9984807968 -0.0544485375 0.0224536322 0.0546262302 0.9982543588
-154.5 238.1 2718.1 0.1992125660 -0.7028150558 -0.6829094291 0.9792425632 0.1693615466 0.1113582253 0.0373943597 -0.6909179688 0.7219653726
-207.4 -21.5 2708.2 -0.0516735204 -0.7032229900 -0.7090890408 0.9534332752 0.1765273362 -0.2445466369 0.2971444130 -0.6887056828 0.6613544226
118.4 235.8 2724.1 0.2173689753 0.6160752177 0.7571011186 -0.9740502238 0.1870221645 0.1274711937 -0.0630628541 -0.7651627660 0.6407409906
169.9 5.1 2709.2 -0.0043806843 0.6162295938 0.7875543833 -0.9653590322 0.2028616667 -0.1641007960 -0.2608883679 -0.7609915733 0.5939941406
-103.0 -148.0 2697.8 0.9997938275 -0.0124516394 -0.0160388742 0.0128452340 0.9996129870 0.0246753730 0.0157254189 -0.0248763096 0.9995668530
-98.2 -535.9 2707.5 0.9993363023 -0.0326231979 -0.0162058566 0.0332224220 0.9987178445 0.0381961912 0.0149389962 -0.0387092382 0.9991388321
75.8 -146.9 2706.6 0.9964416027 0.0731650665 -0.0418452062 -0.0705102533 0.9955983162 0.0617434718 0.0461784862 -0.0585732497 0.9972144961
47.4 -533.3 2729.4 0.9951385856 -0.0851669386 -0.0494550504 0.0829405189 0.9955174327 -0.0454526208 0.0531044267 0.0411298312 0.9977415800
-194.3 -263.5 2632.8 0 0 0 0 0 0 0 0 0
168.7 -241.3 2642.6 0 0 0 0 0 0 0 0 0
-88.8 -822.6 2718.6 0 0 0 0 0 0 0 0 0
72.6 -827.8 2717.2 0 0 0 0 0 0 0 0 0
-11.5 429.0 2726.7 7 0.9987924695 0.0297023822 -0.0391326547 -0.0318444856 0.9979616404 -0.0553041138 0.0374102220 0.0564834923 0.9977024198
-17.4 231.2 2715.5 0.9987924695 0.0297023822 -0.0391326547 -0.0318444856 0.9979616404 -0.0553041138 0.0374102220 0.0564834923 0.9977024198
-21.3 37.4 2706.6 0.9990423322 0.0200875327 -0.0388705507 -0.0218246114 0.9987578392 -0.0447930358 0.0379224867 0.0455984771 0.9982397556
-153.8 234.2 2710.3 0.2053281069 -0.6944380403 -0.6896348000 0.9786689878 0.1506444812 0.1396898478 0.0068837358 -0.7036064863 0.7105565071
-207.5 -21.5 2708.5 -0.0351492502 -0.6961286664 -0.7170560956 0.9563792944 0.1847774535 -0.2262652814 0.2900055349 -0.6937305927 0.6592682600
119.0 228.2 2720.7 0.2175802588 0.6290273070 0.7463132143 -0.9749098420 0.1768857837 0.1351378262 -0.0470068268 -0.7569914460 0.6517317891
170.0 -0.3 2709.6 -0.0121779786 0.6296070218 0.7768183351 -0.9623293877 0.2036460489 -0.1801401973 -0.2716135085 -0.7497488260 0.6034093499
-110.4 -149.7 2698.0 0.9989737868 -0.0332157277 -0.0307911839 0.0339409672 0.9991512895 0.0233378336 0.0299898684 -0.0243589655 0.9992533326
-97.5 -537.4 2707.4 0.9990214705 -0.0313083455 -0.0312387738 0.0324545242 0.9987924099 0.0368846804 0.0300462525 -0.0378624275 0.9988311529
68.6 -151.2 2701.9 0.9970068932 0.0533975773 -0.0559101589 -0.0490768887 0.9959000349 0.0759906545 0.0597386472 -0.0730193108 0.9955397844
47.9 -537.6 2730.3 0.9941289425 -0.0883719251 -0.0624345019 0.0849582031 0.9948449135 -0.0553692877 0.0670057386 0.0497398898 0.9965119958
-198.6 -264.2 2634.9 0 0 0 0 0 0 0 0 0
166.9 -246.0 2640.3 0 0 0 0 0 0 0 0 0
-88.6 -821.0 2718.2 0 0 0 0 0 0 0 0 0
73.2 -823.0 2716.0 0 0 0 0 0 0 0 0 0
-14.8 424.2 2720.8 8 0.9988359213 0.0136898179 -0.0462538712 -0.0154819535 0.9991343021 -0.0386122018 0.0456852391 0.0392833538 0.9981831908
-17.5 227.5 2713.1 0.9988359213 0.0136898179 -0.0462538712 -0.0154819535 0.9991343021 -0.0386122018 0.0456852391 0.0392833538 0.9981831908
-19.0 33.6 2707.1 0.9989031553 0.0078178663 -0.0461666025 -0.0092322212 0.9994920492 -0.0305025615 0.0459046885 0.0308953244 0.9984679222
-153.9 228.8 2706.8 0.2077453882 -0.6888378263 -0.6945101023 0.9781522751 0.1406660676 0.1530726552 -0.0077482299 -0.7111367583 0.7030110359
-207.7 -24.3 2708.8 -0.0254852306 -0.6921056509 -0.7213461399 0.9513118267 0.2049327791 -0.2302355468 0.3071748018 -0.6920927167 0.6531854868
118.9 226.3 2719.3 0.2116133273 0.6315562725 0.7458930612 -0.9758597016 0.1787118763 0.1255385280 -0.0540153049 -0.7544525862 0.6541281343
169.7 -7.8 2706.4 -0.0149445729 0.6319361925 0.7748763561 -0.9640874863 0.1964084208 -0.1787710637 -0.2651641369 -0.7497202158 0.6063064933
-114.7 -154.4 2694.4 0.9981746078 -0.0460770093 -0.0390428640 0.0476615950 0.9980349541 0.0406764932 0.0370918922 -0.0424630903 0.9984092712
-96.8 -541.7 2710.9 0.9989624023 -0.0247959234 -0.0382008143 0.0256702621 0.9994156361 0.0225700121 0.0376188494 -0.0235272180 0.9990151525
64.2 -158.3 2701.2 0.9968900681 0.0431787595 -0.0659227967 -0.0392582417 0.9974470139 0.0596512333 0.0683301613 -0.0568777062 0.9960401058
47.4 -545.4 2723.2 0.9935973883 -0.0890668631 -0.0695081055 0.0871989504 0.9957550168 -0.0294660497 0.0718374997 0.0232163556 0.9971461296
-201.2 -265.7 2630.9 0 0 0 0 0 0 0 0 0
165.9 -254.0 2638.7 0 0 0 0 0 0 0 0 0
-90.0 -818.4 2717.4 0 0 0 0 0 0 0 0 0
72.8 -829.1 2716.6 0 0 0 0 0 0 0 0 0
-16.1 430.0 2717.9 9 0.9985929132 0.0029209100 -0.0529495962 -0.0041365186 0.9997300506 -0.0228628088 0.0528685227 0.0230496656 0.9983354211
-16.7 232.7 2713.3 0.9985929132 0.0029209100 -0.0529495962 -0.0041365186 0.9997300506 -0.0228628088 0.0528685227 0.0230496656 0.9983354211
-16.5 38.7 2709.6 0.9985969663 -0.0009097293 -0.0529459417 -0.0001086800 0.9998151064 -0.0192288328 0.0529536456 0.0192076080 0.9984122515
-153.1 232.7 2706.1 0.2028989643 -0.6831117272 -0.7015628219 0.9791649580 0.1355062276 0.1512418538 -0.0082489513 -0.7176325321 0.6963731050
-207.5 -29.7 2708.3 -0.0248867404 -0.6865459085 -0.7266604304 0.9531828165 0.2028324008 -0.2242799401 0.3013687432 -0.6982218623 0.6493559480
119.7 232.7 2720.6 0.2017095983 0.6341518760 0.7464346290 -0.9773027301 0.1806952357 0.1105831861 -0.0647506416 -0.7517982721 0.6562063098
169.6 -9.2 2704.5 -0.0142595973 0.6344477534 0.7728341818 -0.9643223286 0.1956116110 -0.1783774495 -0.2643465102 -0.7478048801 0.6090227962
-110.0 -159.6 2697.0 0.9983733296 -0.0340930633 -0.0456979424 0.0357306227 0.9987303615 0.0355097540 0.0444292873 -0.0370848067 0.9983239770
-96.8 -547.2 2711.4 0.9986946583 -0.0239053555 -0.0451390222 0.0247974601 0.9995059967 0.0193080120 0.0446551591 -0.0204021409 0.9987940788
68.9 -161.2 2705.2 0.9959384203 0.0520954430 -0.0734353289 -0.0468766242 0.9963682890 0.0710831806 0.0768717453 -0.0673520714 0.9947634935
48.7 -547.9 2731.4 0.9932208657 -0.0848727599 -0.0794288367 0.0806142241 0.9952061176 -0.0553723797 0.0837476701 0.0485939085 0.9953014255
-201.1 -271.6 2631.9 0 0 0 0 0 0 0 0 0
166.0 -255.5 2637.0 0 0 0 0 0 0 0 0 0
-90.2 -820.5 2717.0 0 0 0 0 0 0 0 0 0
72.3 -824.5 2717.9 0 0 0 0 0 0 0 0 0
-15.7 431.7 2718.4 0 0.9980003238 0.0007657828 -0.0632043928 -0.0020582834 0.9997900724 -0.0203869566 0.0631755143 0.0204762816 0.9977923632
-15.9 234.5 2714.4 0.9980003238 0.0007657828 -0.0632043928 -0.0020582834 0.9997900724 -0.0203869566 0.0631755143 0.0204762816 0.9977923632
-15.4 40.4 2710.8 0.9979966283 -0.0027937270 -0.0632058606 0.0015990818 0.9998192787 -0.0189435575 0.0632473603 0.0188045353 0.9978207350
-152.2 234.2 2705.8 0.2069440782 -0.6750558019 -0.7081481218 0.9783326387 0.1381445825 0.1542118639 -0.0062747882 -0.7247176766 0.6890173554
-207.4 -26.6 2707.4 -0.0288504269 -0.6774176955 -0.7350326180 0.9594693184 0.1874577999 -0.2104237676 0.2803323865 -0.7113120556 0.6445532441
120.4 234.7 2723.0 0.2020120770 0.6411626935 0.7403388023 -0.9771094322 0.1834200174 0.1077693626 -0.0666952655 -0.7451627254 0.6635391712
169.7 -3.6 2706.8 -0.0165143274 0.6414896846 0.7669538856 -0.9622778893 0.1981391013 -0.1864461154 -0.2715668082 -0.7411018014 0.6140192151
-105.8 -155.4 2701.2 0.9981813431 -0.0226760376 -0.0558555499 0.0243309587 0.9992794991 0.0291288532 0.0551547781 -0.0304348972 0.9980138540
-97.0 -543.2 2713.0 0.9981167316 -0.0265255217 -0.0553121418 0.0268892664 0.9996213317 0.0058422666 0.0551362298 -0.0073185666 0.9984520078
73.1 -155.4 2710.6 0.9943001866 0.0646821558 -0.0847550258 -0.0601443127 0.9966708422 0.0550446957 0.0880332738 -0.0496334173 0.9948801994
48.0 -542.2 2729.9 0.9921155572 -0.0856684446 -0.0914747193 0.0806633458 0.9951054454 -0.0570843667 0.0959173217 0.0492556319 0.9941698909
-200.1 -270.1 2636.3 0 0 0 0 0 0 0 0 0
165.5 -249.3 2637.4 0 0 0 0 0 0 0 0 0
-89.7 -818.4 2715.0 0 0 0 0 0 0 0 0 0
72.4 -825.7 2715.9 0 0 0 0 0 0 0 0 0
-16.0 433.7 2717.2 1 0.9975933433 -0.0018204408 -0.0693126172 0.0007232730 0.9998741150 -0.0158510711 0.0693327412 0.0157627910 0.9974690676
-15.6 236.2 2714.1 0.9975933433 -0.0018204408 -0.0693126172 0.0007232730 0.9998741150 -0.0158510711 0.0693327412 0.0157627910 0.9974690676
-14.9 42.2 2711.5 0.9975876212 -0.0037153510 -0.0693192482 0.0027890555 0.9999055862 -0.0134547492 0.0693626925 0.0132289566 0.9975038171
-151.9 235.9 2704.6 0.2081201673 -0.6715446115 -0.7111356258 0.9779397249 0.1295720041 0.1638444066 -0.0178855602 -0.7295470834 0.6836966872
-207.5 -25.6 2709.4 -0.0317420736 -0.6748616695 -0.7372612357 0.9579195976 0.1899944395 -0.2151561826 0.2852762043 -0.7130665183 0.6404324174
120.7 236.6 2723.6 0.2005029619 0.6434703469 0.7387452126 -0.9767163396 0.1900295168 0.0995690376 -0.0763136670 -0.7415083647 0.6665894985
169.6 -1.8 2704.9 -0.0174285248 0.6435938478 0.7651687264 -0.9625992775 0.1961394548 -0.1869010329 -0.2703681290 -0.7398082614 0.6161045432
-104.2 -153.8 2701.4 0.9978098869 -0.0241250638 -0.0615906827 0.0252156835 0.9995375872 0.0169920009 0.0611522719 -0.0185078364 0.9979568720
-94.9 -541.8 2708.6 0.9979131818 -0.0192468539 -0.0616344735 0.0204414558 0.9996140599 0.0188104473 0.0612486452 -0.0200310908 0.9979215264
74.6 -153.5 2712.8 0.9932402372 0.0708887056 -0.0919163674 -0.0669128895 0.9967143536 0.0456416532 0.0948498398 -0.0391827375 0.9947201610
47.1 -540.4 2728.0 0.9911727905 -0.0890537798 -0.0982135311 0.0845711529 0.9952165484 -0.0489054024 0.1020989418 0.0401676707 0.9939629436
-199.5 -268.7 2637.0 0 0 0 0 0 0 0 0 0
165.2 -247.6 2635.9 0 0 0 0 0 0 0 0 0
-89.5 -821.4 2714.2 0 0 0 0 0 0 0 0 0
72.6 -826.1 2716.4 0 0 0 0 0 0 0 0 0
-16.8 435.7 2716.6 2 0.9981614351 -0.0035351056 -0.0605078749 0.0028928511 0.9999386072 -0.0106987087 0.0605419800 0.0105039980 0.9981103539
-16.1 238.4 2714.5 0.9981614351 -0.0035351056 -0.0605078749 0.0028928511 0.9999386072 -0.0106987087 0.0605419800 0.0105039980 0.9981103539
-15.0 44.3 2712.5 0.9981520772 -0.0055859210 -0.0605081096 0.0049504288 0.9999310374 -0.0106474198 0.0605634116 0.0103282034 0.9981108904
-152.5 237.7 2706.2 0.2056105584 -0.6761952043 -0.7074491978 0.9785950184 0.1356198043 0.1547870934 -0.0087221656 -0.7241321206 0.6896061301
-207.5 -24.0 2708.6 -0.0319423266 -0.6783761382 -0.7340201139 0.9614076018 0.1799347699 -0.2081319690 0.2732675076 -0.7123407125 0.6464484334
120.3 239.1 2722.8 0.2025702745 0.6383100748 0.7426476479 -0.9772402048 0.1805426478 0.1113820598 -0.0629832819 -0.7483078241 0.6603547931
169.9 -0.5 2707.3 -0.0195820350 0.6387245059 0.7691862583 -0.9623430967 0.1965895593 -0.1877454370 -0.2711316049 -0.7438974977 0.6108224988
-103.6 -152.2 2702.8 0.9983881116 -0.0216261894 -0.0524731390 0.0219003409 0.9997493029 0.0046551940 0.0523593128 -0.0057968698 0.9986115098
-95.2 -540.3 2705.0 0.9984245300 -0.0184182394 -0.0530025214 0.0200226195 0.9993523359 0.0298997816 0.0524174906 -0.0309139248 0.9981466532
75.2 -151.7 2715.2 0.9936618209 0.0744813085 -0.0841944441 -0.0717357844 0.9968029857 0.0351814702 0.0865456387 -0.0289187320 0.9958280921
46.3 -538.6 2726.4 0.9918172956 -0.0914439857 -0.0890865996 0.0888188705 0.9955007434 -0.0330068730 0.0917040557 0.0248242170 0.9954768419
-199.3 -268.0 2639.2 0 0 0 0 0 0 0 0 0
164.9 -246.2 2638.1 0 0 0 0 0 0 0 0 0
-90.1 -817.2 2713.6 0 0 0 0 0 0 0 0 0
72.4 -823.3 2719.3 0 0 0 0 0 0 0 0 0
-16.9 438.3 2724.8 3 0.9965667725 -0.0038476645 -0.0827034339 0.0009234766 0.9993739724 -0.0353667252 0.0827877373 0.0351689309 0.9959464669
-16.2 240.9 2717.8 0.9965667725 -0.0038476645 -0.0827034339 0.0009234766 0.9993739724 -0.0353667252 0.0827877373 0.0351689309 0.9959464669
-15.2 46.9 2712.0 0.9965615869 -0.0046437723 -0.0827250108 0.0021435570 0.9995389581 -0.0302864220 0.0828275159 0.0300049596 0.9961121082
-152.3 240.6 2706.5 0.2051529288 -0.6639946103 -0.7190434337 0.9786669016 0.1308355927 0.1584080309 -0.0111055989 -0.7362018824 0.6766708493
-207.5 -22.6 2709.5 -0.0331096537 -0.6673864126 -0.7439752221 0.9578641653 0.1913051009 -0.2142396271 0.2853068709 -0.7197206020 0.6329314709
119.9 241.1 2729.1 0.2034248114 0.6534181833 0.7291522622 -0.9751480818 0.2019779533 0.0910553932 -0.0877754316 -0.7295543551 0.6782668233
169.8 2.3 2707.6 -0.0188501459 0.6533302069 0.7568383813 -0.9609974027 0.1970573962 -0.1940420717 -0.2759141326 -0.7309774756 0.6241340637
-103.4 -150.3 2705.1 0.9970173836 -0.0180653669 -0.0750330091 0.0183498561 0.9998267889 0.0031037896 0.0749639422 -0.0044713770 0.9971762300
-96.3 -538.4 2706.8 0.9967855811 -0.0268301349 -0.0754894242 0.0291537698 0.9991291761 0.0298490524 0.0746228322 -0.0319539048 0.9966997504
75.5 -149.4 2715.9 0.9918472171 0.0731629059 -0.1043372229 -0.0691241920 0.9967312217 0.0418174416 0.1070556492 -0.0342642851 0.9936624169
47.1 -536.3 2729.2 0.9897785187 -0.0901177078 -0.1105317846 0.0851842612 0.9951801300 -0.0485815071 0.1143770888 0.0386693627 0.9926845431
-199.1 -265.7 2637.1 0 0 0 0 0 0 0 0 0
164.9 -243.1 2637.2 0 0 0 0 0 0 0 0 0
-88.7 -821.4 2715.9 0 0 0 0 0 0 0 0 0
72.9 -821.0 2718.2 0 0 0 0 0 0 0 0 0
-22.2 438.3 2719.4 4 0.9993853569 0.0052356804 -0.0346622244 -0.0071338657 0.9984681606 -0.0548672490 0.0343218595 0.0550808012 0.9978918433
-23.3 224.9 2707.6 0.9993853569 0.0052356804 -0.0346622244 -0.0071338657 0.9984681606 -0.0548672490 0.0343218595 0.0550808012 0.9978918433
-17.0 31.2 2710.8 0.9988732934 -0.0313899294 -0.0355924107 0.0319819003 0.9993574023 0.0161863323 0.0350614525 -0.0173064098 0.9992352724
-159.5 220.7 2702.9 0.1954187751 -0.6930241585 -0.6939228773 0.9803507328 0.1186278164 0.1576068401 -0.0269067846 -0.7110871673 0.7025888562
-207.5 -20.0 2709.5 -0.0332023911 -0.6966060996 -0.7166851163 0.9586033821 0.1807078570 -0.2200549692 0.2828022540 -0.6943231225 0.6617690325
113.0 229.1 2712.3 0.2465496957 0.6153933406 0.7486683130 -0.9689084888 0.1730446070 0.1768387556 -0.0207276233 -0.7689906359 0.6389239430
169.9 5.2 2707.5 -0.0312519111 0.6165264845 0.7867136598 -0.9600992203 0.2003308386 -0.1951335222 -0.2779079974 -0.7614214420 0.5856658816
-103.6 -147.3 2698.8 0.9994263649 -0.0193957388 -0.0277624689 0.0199054647 0.9996361136 0.0182031579 0.0273993053 -0.0187453404 0.9994487762
-96.0 -535.3 2706.1 0.9990009069 -0.0347787738 -0.0280652270 0.0357259065 0.9987836480 0.0339830257 0.0268492028 -0.0349517278 0.9990282655
75.0 -146.9 2713.6 0.9952667356 0.0742403194 -0.0627100468 -0.0724713653 0.9969183207 0.0300301276 0.0647462383 -0.0253433026 0.9975798726
46.1 -534.0 2723.4 0.9930357933 -0.0969211832 -0.0669792593 0.0951735303 0.9950435162 -0.0288159736 0.0694401562 0.0222406387 0.9973381758
-199.1 -263.4 2637.7 0 0 0 0 0 0 0 0 0
161.9 -239.9 2636.5 0 0 0 0 0 0 0 0 0
-86.1 -819.4 2716.0 0 0 0 0 0 0 0 0 0
73.9 -819.1 2717.1 0 0 0 0 0 0 0 0 0
-19.8 440.0 2736.7 5 0.9986821413 -0.0031202773 -0.0512270629 -0.0002168046 0.9978846908 -0.0650085211 0.0513215475 0.0649339557 0.9965689778
-19.2 234.3 2723.3 0.9986821413 -0.0031202773 -0.0512270629 -0.0002168046 0.9978846908 -0.0650085211 0.0513215475 0.0649339557 0.9965689778
-14.8 40.6 2718.7 0.9984267950 -0.0216238983 -0.0517332777 0.0203960184 0.9995003343 -0.0241462272 0.0522295646 0.0230530873 0.9983689785
-155.4 231.7 2716.2 0.1894155890 -0.6823785305 -0.7060320973 0.9817616940 0.1435546428 0.1246435717 0.0163000878 -0.7167646885 0.6971246004
-207.6 -39.0 2711.7 -0.0411382690 -0.6855785251 -0.7268354297 0.9515613317 0.1949551851 -0.2377466261 0.3046943247 -0.7014089823 0.6443498731
117.1 237.0 2730.3 0.2140839100 0.6333996654 0.7436215281 -0.9752966762 0.1810359806 0.1265794486 -0.0544468686 -0.7523502111 0.6565094590
170.1 -4.2 2716.9 -0.0705859587 0.6342523694 0.7698971033 -0.9502602220 0.1919646859 -0.2452653348 -0.3033531606 -0.7489148974 0.5891547799
-100.0 -165.3 2711.0 0.9989722371 -0.0100175915 -0.0442049764 0.0104680210 0.9998955131 0.0099698715 0.0441004820 -0.0104223629 0.9989727139
-96.1 -553.4 2715.0 0.9985593557 -0.0302593783 -0.0443125144 0.0312121827 0.9992927909 0.0209700968 0.0436466336 -0.0223229770 0.9987975955
78.7 -159.7 2717.1 0.9940434694 0.0793799013 -0.0746755525 -0.0766352192 0.9962987900 0.0389332585 0.0774896815 -0.0329785757 0.9964475632
47.9 -546.5 2729.9 0.9925223589 -0.0915068612 -0.0807824656 0.0884338915 0.9952445030 -0.0408391468 0.0841353685 0.0333898589 0.9958947301
-197.2 -280.4 2634.4 0 0 0 0 0 0 0 0 0
152.0 -246.5 2639.5 0 0 0 0 0 0 0 0 0
-88.0 -820.8 2721.0 0 0 0 0 0 0 0 0 0
72.9 -818.1 2720.8 0 0 0 0 0 0 0 0 0
-17.8 441.8 2745.8 6 0.9977902770 -0.0065383790 -0.0661196783 0.0022638377 0.9979139566 -0.0645179227 0.0664035976 0.0642256737 0.9957236648
-16.5 240.8 2732.9 0.9977902770 -0.0065383790 -0.0661196783 0.0022638377 0.9979139566 -0.0645179227 0.0664035976 0.0642256737 0.9957236648
-12.9 47.1 2725.0 0.9976373911 -0.0176269542 -0.0663995519 0.0148967896 0.9990320206 -0.0413902774 0.0670648590 0.0403033495 0.9969342947
-152.7 238.9 2723.8 0.2023812532 -0.6704999208 -0.7137728930 0.9787629843 0.1627741903 0.1246099323 0.0326328538 -0.7238331437 0.6892029047
-207.9 -28.3 2714.9 -0.0636536628 -0.6709013581 -0.7388095260 0.9571120739 0.1686256826 -0.2355882972 0.2826387882 -0.7221196294 0.6313941479
119.7 242.8 2742.0 0.2066072971 0.6462708712 0.7346069813 -0.9762886167 0.1857470125 0.1111689508 -0.0646057948 -0.7401567698 0.6693235636
170.7 1.8 2726.1 -0.0630022511 0.6465125680 0.7602974772 -0.9521567225 0.1893321127 -0.2398976982 -0.2990455925 -0.7390364408 0.6036529541
-99.8 -154.8 2709.6 0.9982513785 -0.0047354293 -0.0589214750 0.0064744977 0.9995479584 0.0293591991 0.0587558113 -0.0296893492 0.9978308082
-97.9 -542.8 2721.1 0.9976495504 -0.0352944992 -0.0587339103 0.0351481847 0.9993758798 -0.0035226925 0.0588215850 0.0014500223 0.9982674718
79.0 -151.3 2718.8 0.9933420420 0.0754764006 -0.0870339945 -0.0716006383 0.9963334799 0.0468292497 0.0902493894 -0.0402857736 0.9951040745
49.7 -538.1 2734.4 0.9925926924 -0.0769016892 -0.0940525979 0.0722753629 0.9960465431 -0.0516483970 0.0976526141 0.0444681346 0.9942266345
-191.8 -271.1 2643.2 0 0 0 0 0 0 0 0 0
154.7 -241.2 2649.7 0 0 0 0 0 0 0 0 0
-88.0 -824.8 2720.7 0 0 0 0 0 0 0 0 0
71.5 -821.6 2721.8 0 0 0 0 0 0 0 0 0
-15.6 442.1 2749.9 7 0.9978020787 -0.0084262537 -0.0657270998 0.0042189015 0.9979479909 -0.0638904572 0.0661305860 0.0634727329 0.9957901239
-13.9 243.2 2737.2 0.9978020787 -0.0084262537 -0.0657270998 0.0042189015 0.9979479909 -0.0638904572 0.0661305860 0.0634727329 0.9957901239
-10.9 49.5 2727.5 0.9977122545 -0.0151822176 -0.0658772290 0.0118157463 0.9986188412 -0.0511942208 0.0665634796 0.0502987131 0.9965136051
-150.2 241.7 2728.2 0.2169963568 -0.6704037189 -0.7095572352 0.9756675363 0.1723243594 0.1355625987 0.0313923247 -0.7217085361 0.6914848685
-208.4 -20.1 2719.8 -0.0643716082 -0.6705525517 -0.7390639782 0.9545881152 0.1745061278 -0.2414728701 0.2908914387 -0.7210456729 0.6288682818
122.3 244.8 2746.3 0.1995519251 0.6469615698 0.7359482050 -0.9770819545 0.1881655157 0.0995215923 -0.0740934387 -0.7389414907 0.6696832776
171.0 6.8 2728.3 -0.0320962332 0.6472054720 0.7616395950 -0.9589129090 0.1949717849 -0.2060873657 -0.2818790972 -0.7369607091 0.6143558621
-98.7 -147.9 2711.2 0.9983009100 -0.0020545719 -0.0582326241 0.0033388473 0.9997531772 0.0219655186 0.0581731200 -0.0221226271 0.9980613589
