-15.1 439.4 2713.9 6 0.9991577864 -0.0051091672 -0.0407133400 0.0024671021 0.9979028702 -0.0646821856 0.0409584306 0.0645272732 0.9970750213
-14.1 243.5 2701.2 0.9991577864 -0.0051091672 -0.0407133400 0.0024671021 0.9979028702 -0.0646821856 0.0409584306 0.0645272732 0.9970750213
-12.7 49.7 2690.9 0.9991416931 -0.0072560040 -0.0407820642 0.0050644819 0.9985504150 -0.0535860695 0.0411117673 0.0533335358 0.9977300763
-150.6 242.8 2695.6 0.2113855630 -0.6865613461 -0.6956648827 0.9767144918 0.1750861555 0.1239906475 0.0366741046 -0.7056757808 0.7075850964
-207.1 -18.5 2685.8 -0.0422529988 -0.6874092221 -0.7250401378 0.9522874951 0.1918363720 -0.2373759598 0.3022634983 -0.7004765272 0.6465055346
122.4 244.2 2706.8 0.1938774139 0.6356744766 0.7472144961 -0.9804537892 0.1515588313 0.1254603118 -0.0334950425 -0.7569332123 0.6526332498
169.4 6.6 2698.7 -0.0013588426 0.6370737553 0.7708016634 -0.9605191350 0.2136141360 -0.1782470793 -0.2782106698 -0.7406119108 0.6116312742
-100.8 -144.8 2675.8 0.9992945194 -0.0254847184 -0.0275862552 0.0258170683 0.9995974898 0.0117592709 0.0272754710 -0.0124631710 0.9995502830
-90.9 -532.8 2680.6 0.9995192885 -0.0077519617 -0.0300190765 0.0110892765 0.9935722351 0.1126554161 0.0289528221 -0.1129341498 0.9931805730
78.2 -143.6 2683.7 0.9958180189 0.0697942600 -0.0589512587 -0.0679425225 0.9971481562 0.0328546278 0.0610762015 -0.0287119336 0.9977200627
51.1 -530.7 2694.9 0.9959794283 -0.0684006140 -0.0578477941 0.0712388158 0.9962788820 0.0485118702 0.0543142930 -0.0524378307 0.9971460700
-196.4 -260.2 2609.1 0 0 0 0 0 0 0 0 0
169.1 -238.7 2627.7 0 0 0 0 0 0 0 0 0
-88.7 -817.1 2712.9 0 0 0 0 0 0 0 0 0
70.9 -819.3 2710.1 0 0 0 0 0 0 0 0 0
-13.2 440.4 2714.9 7 0.9989894629 0.0018163351 -0.0449083932 -0.0047879778 0.9977980256 -0.0661525279 0.0446893498 0.0663007051 0.9967983961
-13.6 244.6 2701.9 0.9989894629 0.0018163351 -0.0449083932 -0.0047879778 0.9977980256 -0.0661525279 0.0446893498 0.0663007051 0.9967983961
-13.7 50.8 2691.0 0.9989914894 0.0006100138 -0.0448959842 -0.0031237805 0.9984291196 -0.0559420735 0.0447913334 0.0560258999 0.9974241257
-150.1 245.0 2695.8 0.2097936124 -0.6843776703 -0.6982935071 0.9770300984 0.1740581095 0.1229471415 0.0374013595 -0.7080472708 0.7051738501
-206.4 -17.6 2685.7 -0.0382761769 -0.6850943565 -0.7274480462 0.9547970891 0.1896802634 -0.2288752645 0.2947836816 -0.7033257484 0.6468659043
122.9 244.2 2708.0 0.1907011569 0.6378956437 0.7461382151 -0.9806722999 0.1576809883 0.1158382446 -0.0437591001 -0.7538076043 0.6556365490
169.2 6.0 2697.4 -0.0014816595 0.6390527487 0.7691614628 -0.9603140354 0.2136234939 -0.1793375760 -0.2789171338 -0.7389022708 0.6133748293
-100.8 -144.6 2676.8 0.9993228912 -0.0195725486 -0.0311551262 0.0198293142 0.9997717142 0.0079539437 0.0309923366 -0.0085663432 0.9994829297
-93.2 -532.7 2680.1 0.9993422031 -0.0149997547 -0.0330184624 0.0186032783 0.9935692549 0.1116873473 0.0311308466 -0.1122281328 0.9931946993
78.2 -143.7 2684.2 0.9954485297 0.0725496560 -0.0617966428 -0.0702770650 0.9967961907 0.0381901041 0.0643693358 -0.0336733945 0.9973578453
50.1 -530.6 2697.3 0.9952843189 -0.0745305493 -0.0620827638 0.0767552331 0.9964614511 0.0342520364 0.0593102574 -0.0388556905 0.9974830747
-196.7 -259.9 2610.9 0 0 0 0 0 0 0 0 0
168.8 -239.2 2626.2 0 0 0 0 0 0 0 0 0
-88.9 -816.9 2712.3 0 0 0 0 0 0 0 0 0
71.8 -821.4 2708.6 0 0 0 0 0 0 0 0 0
-12.5 440.4 2714.9 8 0.9988238215 0.0006215036 -0.0484830439 -0.0037691661 0.9978873730 -0.0648585930 0.0483403057 0.0649650544 0.9967159629
-12.6 244.7 2702.2 0.9988238215 0.0006215036 -0.0484830439 -0.0037691661 0.9978873730 -0.0648585930 0.0483403057 0.0649650544 0.9967159629
-12.6 50.9 2691.2 0.9988239408 -0.0004558995 -0.0484823473 -0.0022842225 0.9984029531 -0.0564475060 0.0484306514 0.0564918667 0.9972277284
-149.1 245.0 2695.6 0.2147931755 -0.6822979450 -0.6988085508 0.9761902690 0.1721620262 0.1319577545 0.0302737914 -0.7105137110 0.7030318379
-206.3 -14.8 2687.5 -0.0328145847 -0.6835795045 -0.7291380763 0.9520602822 0.2006239742 -0.2309355587 0.3041453660 -0.7017614245 0.6442254782
123.8 244.4 2708.8 0.1872324049 0.6413725615 0.7440330982 -0.9814419746 0.1540769935 0.1141575277 -0.0414208844 -0.7515993118 0.6583181620
169.3 5.8 2698.7 -0.0017756374 0.6424742937 0.7663052082 -0.9620051980 0.2081238925 -0.1767212600 -0.2730253041 -0.7375034094 0.6176940203
-103.3 -142.8 2676.1 0.9990231991 -0.0268280692 -0.0351133496 0.0275604688 0.9994090199 0.0205429345 0.0345414691 -0.0214906093 0.9991721511
-92.9 -530.7 2684.5 0.9992092252 -0.0147212520 -0.0369349122 0.0180569626 0.9956257343 0.0916700736 0.0354238488 -0.0922645181 0.9951041937
75.7 -143.3 2684.2 0.9960185885 0.0614674687 -0.0645659938 -0.0582150482 0.9969952703 0.0511028245 0.0675131455 -0.0471406505 0.9966040850
51.8 -530.3 2702.5 0.9956462383 -0.0657162815 -0.0661055297 0.0675424337 0.9973833561 0.0257777162 0.0642385408 -0.0301304143 0.9974796176
-197.9 -256.4 2610.3 0 0 0 0 0 0 0 0 0
168.9 -239.8 2629.0 0 0 0 0 0 0 0 0 0
-88.6 -819.9 2711.3 0 0 0 0 0 0 0 0 0
71.5 -829.0 2711.5 0 0 0 0 0 0 0 0 0
-13.8 438.9 2716.5 9 0.9987193346 -0.0027368099 -0.0505197197 -0.0006728034 0.9977291226 -0.0673506632 0.0505893230 0.0672983974 0.9964495301
-13.3 243.2 2703.3 0.9987193346 -0.0027368099 -0.0505197197 -0.0006728034 0.9977291226 -0.0673506632 0.0505893230 0.0672983974 0.9964495301
-12.5 49.4 2691.8 0.9987128973 -0.0041631572 -0.0505488105 0.0011782814 0.9982610345 -0.0589361601 0.0507062674 0.0588007420 0.9969811440
-149.7 243.1 2696.3 0.2144863009 -0.6819211245 -0.6992704868 0.9763907194 0.1684819907 0.1351851672 0.0256288499 -0.7117565274 0.7019585371
-206.2 -14.2 2689.6 -0.0302021746 -0.6839464307 -0.7289068103 0.9482739568 0.2109484375 -0.2372283638 0.3160132468 -0.6983681321 0.6421974897
123.2 243.4 2710.2 0.1905267090 0.6430134773 0.7417770624 -0.9808602929 0.1556028575 0.1170504540 -0.0401576124 -0.7498809099 0.6603528857
169.3 5.8 2700.5 -0.0017913232 0.6441306472 0.7649133801 -0.9611910582 0.2099142373 -0.1790189594 -0.2758778036 -0.7355486155 0.6187565923
-102.0 -142.7 2675.9 0.9990142584 -0.0239267088 -0.0373909250 0.0245219097 0.9995784760 0.0155415600 0.0370033048 -0.0164431371 0.9991798401
-92.7 -530.8 2682.3 0.9991576672 -0.0119399466 -0.0392611511 0.0157834664 0.9949530363 0.0990924835 0.0378798433 -0.0996286944 0.9943034053
77.0 -143.2 2684.6 0.9952259064 0.0707893297 -0.0671881810 -0.0677915812 0.9966432452 0.0458974354 0.0702116936 -0.0411235243 0.9966840744
49.5 -530.0 2700.6 0.9945828319 -0.0780600756 -0.0686412975 0.0799499154 0.9964796305 0.0252258778 0.0664305165 -0.0305770915 0.9973224401
-198.6 -254.9 2609.4 0 0 0 0 0 0 0 0 0
168.9 -239.7 2630.0 0 0 0 0 0 0 0 0 0
-89.2 -823.9 2711.7 0 0 0 0 0 0 0 0 0
72.7 -825.4 2709.6 0 0 0 0 0 0 0 0 0
-12.4 440.7 2717.2 0 0.9986761808 0.0054369052 -0.0511495583 -0.0090096556 0.9975147247 -0.0698800832 0.0506425053 0.0702484176 0.9962431788
-13.4 245.3 2703.5 0.9986761808 0.0054369052 -0.0511495583 -0.0090096556 0.9975147247 -0.0698800832 0.0506425053 0.0702484176 0.9962431788
-13.9 51.5 2691.4 0.9986892939 0.0026015947 -0.0511172786 -0.0057665715 0.9980677962 -0.0618664622 0.0508575551 0.0620801449 0.9967745543
-149.9 246.0 2696.5 0.2104227692 -0.6836915612 -0.6987761259 0.9774089456 0.1616422087 0.1361747682 0.0198501777 -0.7116442919 0.7022594810
-206.3 -15.9 2691.2 -0.0288453419 -0.6862590313 -0.7267850637 0.9473323822 0.2132329345 -0.2389415652 0.3189503253 -0.6953993440 0.6439646482
123.0 244.5 2710.4 0.1894055754 0.6435238719 0.7416215539 -0.9809529781 0.1571599692 0.1141576618 -0.0430900417 -0.7491180301 0.6610336304
169.3 4.9 2699.9 -0.0019190550 0.6447560191 0.7643859982 -0.9595383406 0.2140428126 -0.1829531044 -0.2815714478 -0.7338087559 0.6182574034
-101.1 -144.4 2675.9 0.9990282655 -0.0229578242 -0.0376229770 0.0237559713 0.9994991422 0.0209063925 0.0371241681 -0.0217798483 0.9990732670
-92.2 -532.5 2684.3 0.9991935492 -0.0073654926 -0.0394714549 0.0115736462 0.9941410422 0.1074694097 0.0384486280 -0.1078395694 0.9934245348
77.8 -144.2 2685.0 0.9950425625 0.0742779970 -0.0661290288 -0.0706862435 0.9959759712 0.0550934263 0.0699551553 -0.0501458943 0.9962889552
49.0 -530.9 2704.4 0.9945036769 -0.0786031857 -0.0691666156 0.0797208250 0.9967252016 0.0135452729 0.0678754076 -0.0189848430 0.9975131750
-199.0 -256.4 2610.2 0 0 0 0 0 0 0 0 0
168.8 -240.1 2628.0 0 0 0 0 0 0 0 0 0
-90.1 -821.1 2715.7 0 0 0 0 0 0 0 0 0
71.9 -821.0 2710.0 0 0 0 0 0 0 0 0 0
-13.8 441.9 2717.6 1 0.9971823692 -0.0008665213 -0.0750107244 -0.0044166460 0.9975205064 -0.0702376142 0.0748855993 0.0703710094 0.9947060347
-13.6 245.4 2703.7 0.9971823692 -0.0008665213 -0.0750107244 -0.0044166460 0.9975205064 -0.0702376142 0.0748855993 0.0703710094 0.9947060347
-13.0 51.7 2691.6 0.9971758127 -0.0033715016 -0.0750269070 -0.0013369264 0.9980366826 -0.0626179725 0.0750907212 0.0625414327 0.9952135086
-149.8 245.6 2693.5 0.2122730613 -0.6683074832 -0.7129552960 0.9771609306 0.1525039822 0.1479831785 0.0098302513 -0.7280849218 0.6854164600
-206.2 -13.8 2690.9 -0.0315989852 -0.6711379290 -0.7406587601 0.9516956210 0.2062297165 -0.2274747938 0.3054128289 -0.7120696306 0.6322023869
122.6 245.2 2714.0 0.1915477812 0.6583926082 0.7278932929 -0.9797194004 0.1727041751 0.1016027182 -0.0588157251 -0.7325929403 0.6781211495
169.3 6.2 2699.6 -0.0020667987 0.6589009166 0.7522268891 -0.9606308937 0.2076765001 -0.1845502704 -0.2778201699 -0.7229937911 0.6325313449
-103.9 -141.7 2674.8 0.9976420403 -0.0291751344 -0.0621221997 0.0308327712 0.9991890788 0.0258940179 0.0613163635 -0.0277483612 0.9977325797
-92.6 -529.6 2685.6 0.9978617430 -0.0130668366 -0.0640406981 0.0192512423 0.9951053858 0.0969258472 0.0624607280 -0.0979514569 0.9932291508
75.0 -142.7 2683.9 0.9937688708 0.0648798868 -0.0906314403 -0.0602412932 0.9967750311 0.0530139953 0.0937786996 -0.0472239032 0.9944724441
49.8 -529.7 2702.2 0.9933863282 -0.0685414672 -0.0921177790 0.0715524107 0.9969919920 0.0297867991 0.0897990540 -0.0361810476 0.9953024983
-198.2 -255.3 2613.3 0 0 0 0 0 0 0 0 0
168.8 -239.1 2628.7 0 0 0 0 0 0 0 0 0
-88.8 -817.4 2713.9 0 0 0 0 0 0 0 0 0
70.3 -827.9 2713.1 0 0 0 0 0 0 0 0 0
-11.4 442.2 2717.3 2 0.9955378771 -0.0060782256 -0.0941670537 -0.0006555955 0.9974536896 -0.0713138878 0.0943607390 0.0710574090 0.9929989576
-10.2 245.1 2703.2 0.9955378771 -0.0060782256 -0.0941670537 -0.0006555955 0.9974536896 -0.0713138878 0.0943607390 0.0710574090 0.9929989576
-8.4 51.4 2690.9 0.9955071211 -0.0093576834 -0.0942233652 0.0033197517 0.9979421496 -0.0640349686 0.0946286842 0.0634344667 0.9934895635
-146.2 244.7 2690.3 0.2262297869 -0.6552160978 -0.7207717299 0.9740540981 0.1474443227 0.1716939658 -0.0062229531 -0.7409129739 0.6715722084
-206.3 -14.1 2692.0 -0.0298899096 -0.6590542197 -0.7515012622 0.9495626688 0.2160683572 -0.2272559106 0.3121496141 -0.7203902006 0.6193550229
125.7 245.6 2716.2 0.1800657064 0.6720448732 0.7182840705 -0.9810974598 0.1753222346 0.0819141120 -0.0708812103 -0.7194566131 0.6909109950
169.4 7.9 2699.0 0.0074671977 0.6721678376 0.7403611541 -0.9618194699 0.2073892057 -0.1785861552 -0.2735827863 -0.7107602358 0.6480526924
-101.6 -141.9 2672.8 0.9963458180 -0.0235561132 -0.0820980519 0.0265234038 0.9990267754 0.0352419317 0.0811879933 -0.0372906700 0.9960009456
-92.5 -529.8 2687.2 0.9964574575 -0.0119935675 -0.0832390785 0.0193839855 0.9958827496 0.0885537118 0.0818342939 -0.0898535103 0.9925872684
77.0 -142.2 2686.2 0.9911698103 0.0728176236 -0.1108154058 -0.0682164952 0.9966657162 0.0447654352 0.1137056276 -0.0368107073 0.9928323030
48.7 -529.1 2700.5 0.9909426570 -0.0742824823 -0.1118693426 0.0781044587 0.9964885116 0.0301727299 0.1092352048 -0.0386369377 0.9932647347
-198.7 -255.1 2612.7 0 0 0 0 0 0 0 0 0
171.3 -237.7 2629.1 0 0 0 0 0 0 0 0 0
-89.0 -822.1 2713.6 0 0 0 0 0 0 0 0 0
70.8 -826.0 2712.0 0 0 0 0 0 0 0 0 0
-12.4 443.6 2715.6 3 0.9944325089 -0.0137634240 -0.1044724733 0.0070578437 0.9979065657 -0.0642854720 0.1051385552 0.0631902143 0.9924479127
-9.7 247.0 2703.2 0.9944325089 -0.0137634240 -0.1044724733 0.0070578437 0.9979065657 -0.0642854720 0.1051385552 0.0631902143 0.9924479127
-6.4 53.3 2691.8 0.9943817854 -0.0166543573 -0.1045346782 0.0103882374 0.9981320500 -0.0602037050 0.1053420678 0.0587795377 0.9926973581
-145.5 245.6 2688.8 0.2316612899 -0.6480696797 -0.7254920602 0.9726174474 0.1399951726 0.1855171025 -0.0186626278 -0.7486033440 0.6627553701
-206.9 -12.3 2693.7 -0.0306581445 -0.6525043249 -0.7571645379 0.9504446387 0.2154397070 -0.2241444141 0.3093785048 -0.7265148759 0.6135642529
126.2 248.4 2717.6 0.1832316965 0.6779286861 0.7119261622 -0.9803156257 0.1801736504 0.0807387307 -0.0735352263 -0.7127062082 0.6975976229
170.7 9.9 2699.7 0.0155297527 0.6778383851 0.7350469232 -0.9591740966 0.2177190781 -0.1805090457 -0.2823897004 -0.7022346854 0.6535461545
-95.7 -142.6 2670.2 0.9956365824 -0.0082467860 -0.0929504409 0.0112239784 0.9994390607 0.0315527692 0.0926380903 -0.0324583650 0.9951706529
-92.5 -530.5 2682.8 0.9956033230 -0.0082453964 -0.0933063552 0.0181490090 0.9942222238 0.1057961807 0.0918949172 -0.1070244461 0.9900005460
82.6 -142.0 2687.1 0.9886692762 0.0865502357 -0.1226465553 -0.0824699551 0.9958698750 0.0379730798 0.1254265904 -0.0274281614 0.9917236567
49.0 -528.6 2697.8 0.9903690219 -0.0660994053 -0.1216555238 0.0725388676 0.9961472750 0.0492826216 0.1179292649 -0.0576327369 0.9913481474
-199.1 -253.6 2615.2 0 0 0 0 0 0 0 0 0
174.7 -235.0 2627.6 0 0 0 0 0 0 0 0 0
-90.2 -818.3 2713.7 0 0 0 0 0 0 0 0 0
69.1 -831.5 2715.3 0 0 0 0 0 0 0 0 0
-12.1 443.0 2725.8 4 0.9950073361 -0.0188851748 -0.0979985818 0.0096531222 0.9955406189 -0.0938384160 0.0993337259 0.0924239233 0.9907525778
-8.4 246.9 2707.6 0.9950073361 -0.0188851748 -0.0979985818 0.0096531222 0.9955406189 -0.0938384160 0.0993337259 0.0924239233 0.9907525778
-4.6 53.6 2691.3 0.9949750900 -0.0197224952 -0.0981611833 0.0113181295 0.9962782264 -0.0854496211 0.0994811282 0.0839092433 0.9914951921
-144.3 245.4 2694.0 0.2360629290 -0.6526076198 -0.7199844122 0.9717376828 0.1588015407 0.1746650934 0.0003468732 -0.7408679724 0.6716505885
-206.7 -11.7 2693.9 -0.0291480012 -0.6556136012 -0.7545337677 0.9497274160 0.2172373831 -0.2254457474 0.3117182255 -0.7231726646 0.6163221598
127.6 248.5 2721.2 0.1829524785 0.6756827831 0.7141296268 -0.9797419310 0.1854880303 0.0754977018 -0.0814500004 -0.7134752870 0.6959303021
171.5 13.4 2701.6 0.0161211025 0.6755400300 0.7371470928 -0.9585863352 0.2201010585 -0.1807422191 -0.2843454480 -0.7037053704 0.6511117220
-92.3 -141.4 2671.0 0.9961978197 0.0050009126 -0.0869762525 -0.0019675535 0.9993879199 0.0349265337 0.0870976821 -0.0346226059 0.9955979586
-94.2 -529.4 2684.4 0.9961289167 -0.0158679467 -0.0864602625 0.0245642010 0.9946372509 0.1004653424 0.0844024271 -0.1022002622 0.9911767244
85.9 -139.6 2689.8 0.9887973666 0.0947109535 -0.1153671816 -0.0922309011 0.9953806400 0.0266607702 0.1173593253 -0.0157216806 0.9929650426
49.1 -525.9 2695.9 0.9914546013 -0.0663260743 -0.1123328209 0.0731702223 0.9956350923 0.0579384156 0.1079996750 -0.0656627268 0.9919800758
-199.3 -252.8 2614.8 0 0 0 0 0 0 0 0 0
175.6 -231.4 2629.0 0 0 0 0 0 0 0 0 0
-89.7 -814.9 2713.7 0 0 0 0 0 0 0 0 0
69.1 -826.1 2715.7 0 0 0 0 0 0 0 0 0
-11.5 441.1 2720.9 5 0.9945874214 -0.0186743662 -0.1022113562 0.0107407141 0.9969246387 -0.0776269436 0.1033466533 0.0761089623 0.9917292595
-7.9 244.4 2705.9 0.9945874214 -0.0186743662 -0.1022113562 0.0107407141 0.9969246387 -0.0776269436 0.1033466533 0.0761089623 0.9917292595
-3.8 50.9 2692.3 0.9945291281 -0.0209917389 -0.1023287922 0.0136711765 0.9973309040 -0.0717229992 0.1035612524 0.0699316561 0.9921615720
-143.7 242.5 2691.7 0.2402869314 -0.6482186317 -0.7225474715 0.9706578851 0.1533636302 0.1852103174 -0.0092442753 -0.7458500266 0.6660497785
-206.6 -11.7 2694.1 -0.0270188712 -0.6507666707 -0.7587969303 0.9550431371 0.2073808610 -0.2118626684 0.2952331305 -0.7304080725 0.6159070134
128.0 246.3 2720.0 0.1972713619 0.6756825447 0.7103077173 -0.9774785042 0.1909710616 0.0898099393 -0.0749652088 -0.7120274901 0.6981382966
175.1 13.0 2702.1 0.0149769224 0.6755471826 0.7371646166 -0.9577651620 0.2214251608 -0.1834580302 -0.2871613503 -0.7032829523 0.6503317952
-89.9 -140.8 2666.1 0.9957479835 0.0121026048 -0.0913208202 -0.0082287323 0.9990549684 0.0426783785 0.0917510390 -0.0417454541 0.9949065447
-94.6 -528.6 2682.3 0.9957991838 -0.0152351838 -0.0902876854 0.0252152160 0.9935618639 0.1104491130 0.0880236849 -0.1122617573 0.9897722602
88.4 -138.7 2684.0 0.9880721569 0.0993375257 -0.1176666617 -0.0926854908 0.9938417077 0.0607293546 0.1229747385 -0.0490989909 0.9911944866
49.8 -524.3 2703.0 0.9903196692 -0.0684051141 -0.1207797155 0.0723945498 0.9969557524 0.0289525073 0.1184315309 -0.0374160297 0.9922570586
-199.8 -254.1 2619.2 0 0 0 0 0 0 0 0 0
178.9 -231.6 2628.8 0 0 0 0 0 0 0 0 0
-90.1 -817.3 2715.0 0 0 0 0 0 0 0 0 0
70.3 -822.4 2714.2 0 0 0 0 0 0 0 0 0
-11.9 439.7 2717.9 6 0.9950618744 -0.0201899409 -0.0971814096 0.0136072002 0.9975973964 -0.0679289028 0.0983193964 0.0662710965 0.9929458499
-7.9 243.3 2704.9 0.9950618744 -0.0201899409 -0.0971814096 0.0136072002 0.9975973964 -0.0679289028 0.0983193964 0.0662710965 0.9929458499
-3.7 49.6 2693.1 0.9950209260 -0.0216195043 -0.0972928852 0.0155605832 0.9979168773 -0.0626084954 0.0984437689 0.0607828349 0.9932845831
-143.8 241.2 2691.4 0.2386287004 -0.6506884098 -0.7208750844 0.9710494876 0.1515346617 0.1846622676 -0.0109200450 -0.7440711260 0.6680111885
-206.6 -14.3 2694.3 -0.0263514500 -0.6530997157 -0.7568132877 0.9563153386 0.2040272206 -0.2093652785 0.2911469042 -0.7292692661 0.6191928983
128.0 245.5 2718.3 0.1967223287 0.6736900210 0.7123496532 -0.9788758159 0.1762277186 0.1036624014 -0.0556994341 -0.7176945806 0.6941268444
175.5 9.5 2704.9 0.0014483082 0.6741704941 0.7385743260 -0.9572212100 0.2146441936 -0.1940501034 -0.2893535495 -0.7066980004 0.6456411481
-88.8 -143.9 2669.5 0.9961044788 0.0165610053 -0.0866118968 -0.0135519570 0.9992878437 0.0352150984 0.0871334150 -0.0339041576 0.9956195354
-95.3 -531.9 2682.6 0.9961494207 -0.0209211558 -0.0851390287 0.0302243400 0.9935278296 0.1094939411 0.0822972581 -0.1116456017 0.9903345108
89.4 -141.5 2688.0 0.9879684448 0.1050505042 -0.1135023236 -0.0984114036 0.9931744337 0.0626076758 0.1193045825 -0.0506844856 0.9915631413
48.6 -526.9 2707.7 0.9897312522 -0.0792720169 -0.1189454421 0.0809730887 0.9966707230 0.0095295142 0.1177940145 -0.0190630369 0.9928550720
-199.9 -257.0 2620.4 0 0 0 0 0 0 0 0 0
175.8 -234.9 2631.0 0 0 0 0 0 0 0 0 0
-89.2 -817.8 2714.7 0 0 0 0 0 0 0 0 0
72.2 -823.6 2713.4 0 0 0 0 0 0 0 0 0
-12.7 441.6 2716.9 7 0.9964421988 -0.0166339446 -0.0826211348 0.0115219858 0.9980116487 -0.0619681329 0.0834876299 0.0607957020 0.9946525693
-9.5 245.5 2705.0 0.9964421988 -0.0166339446 -0.0826211348 0.0115219858 0.9980116487 -0.0619681329 0.0834876299 0.0607957020 0.9946525693
-6.0 51.7 2694.2 0.9964153171 -0.0177760422 -0.0827074200 0.0130813466 0.9982906580 -0.0569622628 0.0835786089 0.0556761473 0.9949446321
-145.6 243.7 2693.6 0.2296026200 -0.6603369713 -0.7150089145 0.9732782245 0.1531497836 0.1710982472 -0.0034790339 -0.7351872325 0.6778551936
-206.6 -15.1 2694.5 -0.0260251537 -0.6623963118 -0.7487013936 0.9569447041 0.2000892907 -0.2102881670 0.2891012430 -0.7219386101 0.6286693215
126.7 247.3 2716.4 0.1956811249 0.6654047370 0.7203786969 -0.9799612164 0.1605544388 0.1178910881 -0.0372147113 -0.7290122509 0.6834883094
174.0 10.0 2707.4 0.0086612832 0.6665694714 0.7453925610 -0.9530293941 0.2311900258 -0.1956683844 -0.3027538955 -0.7086862922 0.6372627020
-88.6 -145.4 2672.5 0.9972354174 0.0189024452 -0.0718624145 -0.0165974312 0.9993326664 0.0325383544 0.0724295154 -0.0312556662 0.9968836904
-96.0 -533.4 2684.6 0.9971430302 -0.0277489610 -0.0702550337 0.0351817906 0.9936497808 0.1068752930 0.0668432266 -0.1090416536 0.9917872548
89.6 -142.6 2690.1 0.9894403219 0.1048787534 -0.1000412107 -0.0997966528 0.9935123920 0.0545325726 0.1051114872 -0.0439729504 0.9934877753
48.9 -528.3 2707.2 0.9914163947 -0.0782958120 -0.1047059894 0.0797019526 0.9967752695 0.0093069421 0.1036396474 -0.0175723266 0.9944596887
-200.0 -258.0 2621.1 0 0 0 0 0 0 0 0 0
176.3 -233.3 2630.1 0 0 0 0 0 0 0 0 0
-88.1 -816.1 2715.6 0 0 0 0 0 0 0 0 0
72.1 -823.0 2712.4 0 0 0 0 0 0 0 0 0
-11.2 442.5 2726.0 8 0.9956396222 -0.0096448306 -0.0927831158 0.0020605798 0.9966717958 -0.0814925879 0.0932602957 0.0809460580 0.9923458099
-9.3 247.0 2710.1 0.9956396222 -0.0096448306 -0.0927831158 0.0020605798 0.9966717958 -0.0814925879 0.0932602957 0.0809460580 0.9923458099
-6.9 53.5 2695.9 0.9955993295 -0.0125490995 -0.0928681865 0.0056813541 0.9972531796 -0.0738495961 0.0935398415 0.0729969889 0.9929358959
-145.3 246.3 2697.3 0.2295392454 -0.6544270515 -0.7204422355 0.9732674360 0.1603328884 0.1644502431 0.0078898994 -0.7389307022 0.6737352014
-206.7 -13.7 2695.2 -0.0259998012 -0.6561690569 -0.7541658878 0.9568938613 0.2019705772 -0.2087152153 0.2892718017 -0.7270832062 0.6226329803
126.7 247.8 2722.9 0.1904773563 0.6726952791 0.7149821520 -0.9799680114 0.1734332889 0.0978960842 -0.0581474714 -0.7193065882 0.6922549605
172.7 11.1 2708.8 0.0257756729 0.6726635695 0.7394993901 -0.9504782557 0.2456810027 -0.1903469414 -0.3097203970 -0.6979717612 0.6456846595
-91.8 -143.2 2675.9 0.9966675043 0.0059862826 -0.0813517198 -0.0038220705 0.9996352792 0.0267328806 0.0814820826 -0.0263328608 0.9963268638
-94.1 -531.3 2686.1 0.9965816736 -0.0178154912 -0.0806693286 0.0260324907 0.9944453835 0.1019838825 0.0784043521 -0.1037352905 0.9915098548
86.7 -140.9 2690.9 0.9891216755 0.1002955362 -0.1076065302 -0.0946967378 0.9939327240 0.0559485182 0.1125650406 -0.0451499037 0.9926180243
47.8 -526.7 2708.4 0.9901499152 -0.0827181786 -0.1129641309 0.0833816305 0.9965170026 0.0011529143 0.1124753132 -0.0105606914 0.9935984015
-200.1 -256.6 2621.8 0 0 0 0 0 0 0 0 0
179.3 -231.6 2629.7 0 0 0 0 0 0 0 0 0
-89.0 -818.7 2716.1 0 0 0 0 0 0 0 0 0
72.4 -823.1 2711.6 0 0 0 0 0 0 0 0 0
-10.6 442.4 2730.0 9 0.9959257245 -0.0089554451 -0.0897317752 0.0007617593 0.9958566427 -0.0909341574 0.0901743323 0.0904953107 0.9918060303
-8.8 247.5 2712.3 0.9959257245 -0.0089554451 -0.0897317752 0.0007617593 0.9958566427 -0.0909341574 0.0901743323 0.0904953107 0.9918060303
-6.7 54.1 2696.3 0.9959009886 -0.0107417945 -0.0898097306 0.0032594374 0.9965401888 -0.0830483884 0.0903910995 0.0824152455 0.9924904108
-144.9 247.1 2699.9 0.2353884280 -0.6551886201 -0.7178580165 0.9716942906 0.1738943458 0.1599090695 0.0200608484 -0.7351793051 0.6775757670
-207.8 -12.7 2694.5 -0.0285123624 -0.6564648747 -0.7538175583 0.9548986554 0.2050917149 -0.2147229612 0.2955598235 -0.7259415984 0.6210098267
127.2 248.0 2724.6 0.1823138148 0.6714082360 0.7183123827 -0.9808379412 0.1752281189 0.0851589292 -0.0686921179 -0.7200737000 0.6904891729
171.2 11.3 2708.0 0.0255136900 0.6712914705 0.7407542467 -0.9515585899 0.2434282899 -0.1878268868 -0.3064071238 -0.7000789046 0.6449838877
-93.6 -140.6 2673.4 0.9969456196 -0.0009182299 -0.0780933872 0.0030150455 0.9996379614 0.0267364383 0.0780405626 -0.0268902313 0.9965874553
-93.3 -528.6 2683.8 0.9968395233 -0.0154618192 -0.0779222548 0.0236704573 0.9941324592 0.1055481732 0.0758330747 -0.1070590466 0.9913564920
84.8 -139.6 2690.1 0.9903136492 0.0922474489 -0.1037750319 -0.0871532857 0.9948049784 0.0526054539 0.1080886424 -0.0430515632 0.9932086468
49.0 -525.7 2706.8 0.9909433126 -0.0798745453 -0.1079417616 0.0810360461 0.9966905713 0.0064101839 0.1070725247 -0.0150993019 0.9941365719
-200.6 -255.1 2619.5 0 0 0 0 0 0 0 0 0
177.7 -231.7 2629.8 0 0 0 0 0 0 0 0 0
-88.7 -819.7 2715.2 0 0 0 0 0 0 0 0 0
73.0 -825.4 2711.4 0 0 0 0 0 0 0 0 0
-11.6 445.8 2732.0 0 0.9963446856 -0.0138239879 -0.0842981488 0.0058013974 0.9954907298 -0.0946813226 0.0852269009 0.0938461870 0.9919320941
-8.9 250.7 2713.6 0.9963446856 -0.0138239879 -0.0842981488 0.0058013974 0.9954907298 -0.0946813226 0.0852269009 0.0938461870 0.9919320941
-6.2 57.3 2696.7 0.9963349104 -0.0139369750 -0.0843949169 0.0065020043 0.9961222410 -0.0877393708 0.0852904692 0.0868690684 0.9925619960
-145.0 249.8 2701.9 0.2319997549 -0.6594828367 -0.7150233984 0.9724258184 0.1751931161 0.1539330035 0.0237509944 -0.7310196757 0.6819429398
-207.3 -11.1 2695.6 -0.0273525305 -0.6604803801 -0.7503449321 0.9562324882 0.2014711350 -0.2121998817 0.2913267016 -0.7233084440 0.6260620356
127.2 251.6 2725.2 0.1762892008 0.6685886383 0.7224342823 -0.9817610383 0.1725032926 0.0799243972 -0.0711857527 -0.7233476639 0.6868047714
170.6 10.2 2707.7 0.0380852371 0.6677428484 0.7434171438 -0.9508872628 0.2529159784 -0.1784571111 -0.3071855307 -0.7001093030 0.6445805430
-93.9 -139.6 2672.2 0.9971996546 -0.0152050005 -0.0732232034 0.0180842653 0.9990825653 0.0388206504 0.0725657567 -0.0400361270 0.9965597391
-88.0 -527.4 2687.7 0.9972320199 0.0078699514 -0.0739346147 -0.0010026516 0.9957154393 0.0924648792 0.0743455365 -0.0921348110 0.9929672480
84.6 -139.0 2688.4 0.9907619953 0.0933724418 -0.0983479097 -0.0884439126 0.9946517944 0.0533432774 0.1028027162 -0.0441522151 0.9937213659
48.3 -525.2 2705.5 0.9922158122 -0.0732511133 -0.1007075906 0.0764075145 0.9966877699 0.0278454758 0.0983343124 -0.0353235379 0.9945263267
-200.3 -253.9 2621.6 0 0 0 0 0 0 0 0 0
180.3 -232.6 2629.3 0 0 0 0 0 0 0 0 0
-90.3 -816.8 2714.5 0 0 0 0 0 0 0 0 0
70.9 -831.7 2716.4 0 0 0 0 0 0 0 0 0
-11.7 445.2 2723.5 1 0.9965137839 -0.0127863893 -0.0824423507 0.0069212569 0.9974495173 -0.0710393339 0.0831404179 0.0702210665 0.9940606952
-9.1 248.3 2709.6 0.9965137839 -0.0127863893 -0.0824423507 0.0069212569 0.9974495173 -0.0710393339 0.0831404179 0.0702210665 0.9940606952
-6.2 54.7 2696.6 0.9964801073 -0.0149483290 -0.0824859962 0.0093452614 0.9976483583 -0.0679001212 0.0833070055 0.0668902695 0.9942764640
-145.3 247.0 2698.2 0.2378984392 -0.6591870189 -0.7133560181 0.9712589383 0.1673273742 0.1692856848 0.0077730524 -0.7331261635 0.6800482273
-208.4 -10.5 2696.2 -0.0341655128 -0.6603242755 -0.7502030134 0.9577792287 0.1927757412 -0.2132989615 0.2854674160 -0.7258163095 0.6258586049
127.0 249.6 2721.0 0.1800317317 0.6678591371 0.7221860886 -0.9827113152 0.1543653607 0.1022242233 -0.0432091318 -0.7281040549 0.6841034293
170.3 13.2 2710.6 0.0430476554 0.6672240496 0.7436121106 -0.9481641054 0.2618464530 -0.1800589263 -0.3148518205 -0.6973152161 0.6439097524
-92.8 -136.6 2672.2 0.9974297285 -0.0075364010 -0.0712541491 0.0105458312 0.9990639091 0.0419537537 0.0708712712 -0.0425973572 0.9965754747
-89.8 -524.4 2688.7 0.9974383116 0.0014468869 -0.0715173930 0.0047224080 0.9962823391 0.0860184953 0.0713759735 -0.0861358792 0.9937233329
85.8 -135.4 2687.5 0.9904868603 0.0961532071 -0.0984395593 -0.0911880061 0.9943813682 0.0537633486 0.1030559838 -0.0442753844 0.9936896563
48.4 -521.5 2704.7 0.9924332500 -0.0702985823 -0.1006697118 0.0736932904 0.9968173504 0.0304045584 0.0982119218 -0.0375931747 0.9944552183
-199.7 -253.6 2623.7 0 0 0 0 0 0 0 0 0
181.3 -228.9 2630.2 0 0 0 0 0 0 0 0 0
-90.3 -816.4 2714.0 0 0 0 0 0 0 0 0 0
70.5 -834.1 2716.5 0 0 0 0 0 0 0 0 0
-13.5 441.8 2719.2 2 0.9969931841 -0.0102793342 -0.0768048316 0.0056142993 0.9981396794 -0.0607096367 0.0772860050 0.0600958876 0.9951961637
-11.5 245.5 2707.4 0.9969931841 -0.0102793342 -0.0768048316 0.0056142993 0.9981396794 -0.0607096367 0.0772860050 0.0600958876 0.9951961637
-8.9 51.7 2696.6 0.9969508648 -0.0134941684 -0.0768563971 0.0091670100 0.9983673692 -0.0563788936 0.0774917081 0.0555024408 0.9954469204
-147.7 244.2 2696.8 0.2272154242 -0.6637250781 -0.7126304507 0.9738383889 0.1574536413 0.1638509482 0.0034542847 -0.7312163711 0.6821368337
-207.5 -12.0 2695.9 -0.0296173580 -0.6651884913 -0.7460878491 0.9590292573 0.1914876997 -0.2087948769 0.2817545831 -0.7217040658 0.6322638988
124.7 246.7 2718.0 0.1954963207 0.6600324512 0.7253539562 -0.9796823263 0.1651950628 0.1137240529 -0.0447633229 -0.7328490615 0.6789171696
171.1 14.3 2707.4 0.0187676717 0.6603524089 0.7507213354 -0.9554178119 0.2331304997 -0.1811821759 -0.2946601212 -0.7138521671 0.6352877617
-92.6 -139.8 2676.2 0.9978607893 -0.0007524408 -0.0653703287 0.0020927491 0.9997889400 0.0204372592 0.0653411523 -0.0205303431 0.9976517558
-92.3 -527.8 2684.1 0.9978536963 -0.0061148163 -0.0651962832 0.0129952552 0.9943196177 0.1056391820 0.0641799793 -0.1062596962 0.9922649860
86.0 -138.1 2691.1 0.9906116128 0.0980534330 -0.0952582061 -0.0947092846 0.9947397113 0.0390258357 0.0985837430 -0.0296376105 0.9946873188
47.9 -524.3 2702.6 0.9931429625 -0.0686021745 -0.0946614966 0.0731155798 0.9963049889 0.0450609289 0.0912204385 -0.0516731739 0.9944891930
-200.0 -255.5 2624.4 0 0 0 0 0 0 0 0 0
175.9 -229.6 2632.2 0 0 0 0 0 0 0 0 0
-90.5 -819.1 2715.3 0 0 0 0 0 0 0 0 0
69.3 -835.2 2718.7 0 0 0 0 0 0 0 0 0
-14.7 443.2 2717.6 3 0.9972564578 -0.0082174577 -0.0735661685 0.0041913427 0.9984931946 -0.0547158010 0.0739049390 0.0542573482 0.9957882166
-13.1 246.4 2706.9 0.9972564578 -0.0082174577 -0.0735661685 0.0041913427 0.9984931946 -0.0547158010 0.0739049390 0.0542573482 0.9957882166
-10.9 52.6 2696.9 0.9972240329 -0.0113320369 -0.0735921040 0.0075055454 0.9986154437 -0.0520658642 0.0740802288 0.0513689816 0.9959284067
-149.4 245.4 2696.8 0.2157880366 -0.6671044230 -0.7130267620 0.9764322042 0.1503871530 0.1548026651 0.0039605126 -0.7296268940 0.6838340163
-207.1 -15.6 2695.7 -0.0314378701 -0.6685148478 -0.7430340052 0.9616668224 0.1823810488 -0.2047782391 0.2724126279 -0.7209889293 0.6371548772
123.1 247.4 2717.0 0.1943440139 0.6561443210 0.7291810513 -0.9795317650 0.1695347577 0.1085147113 -0.0524202250 -0.7353452444 0.6756622791
170.3 9.4 2704.3 0.0055083171 0.6564961672 0.7543092370 -0.9616694450 0.2102823555 -0.1759919822 -0.2741560042 -0.7244267464 0.6324906349
-95.6 -142.9 2678.9 0.9979963303 -0.0130115673 -0.0619192980 0.0142809302 0.9996959567 0.0201020595 0.0616389103 -0.0209460463 0.9978787303
-90.5 -530.9 2687.0 0.9980301261 -0.0031829998 -0.0626558363 0.0086686900 0.9961288571 0.0874768496 0.0621348470 -0.0878476799 0.9941941500
83.1 -141.2 2692.8 0.9915100932 0.0920677111 -0.0918222666 -0.0884027928 0.9951466918 0.0432206430 0.0953558534 -0.0347363539 0.9948369861
47.3 -527.6 2706.3 0.9923520088 -0.0793416351 -0.0945644006 0.0809330121 0.9966333508 0.0131076332 0.0932060555 -0.0206607673 0.9954324365
-199.1 -259.7 2626.6 0 0 0 0 0 0 0 0 0
171.7 -236.0 2634.3 0 0 0 0 0 0 0 0 0
-89.6 -816.5 2712.2 0 0 0 0 0 0 0 0 0
70.9 -823.9 2712.4 0 0 0 0 0 0 0 0 0
-13.4 442.3 2716.3 4 0.9976148605 -0.0002941632 -0.0690250546 -0.0032332549 0.9986941218 -0.0509861559 0.0689499155 0.0510877222 0.9963111877
-13.3 245.8 2706.2 0.9976148605 -0.0002941632 -0.0690250546 -0.0032332549 0.9986941218 -0.0509861559 0.0689499155 0.0510877222 0.9963111877
-12.3 51.9 2696.9 0.9976022243 -0.0049336371 -0.0690322742 0.0016023932 0.9988350272 -0.0482287221 0.0691897944 0.0480024628 0.9964479804
-149.6 245.5 2696.8 0.2144122273 -0.6700262427 -0.7106984258 0.9767311215 0.1507059187 0.1525909901 0.0048664813 -0.7268786430 0.6867486835
-206.8 -15.0 2695.5 -0.0323475786 -0.6713536382 -0.7404308915 0.9617748857 0.1806434691 -0.2058081925 0.2719240785 -0.7187852263 0.6398476958
123.0 246.0 2715.7 0.1955527663 0.6538201571 0.7309434414 -0.9798210263 0.1616841108 0.1175116673 -0.0413504466 -0.7391734719 0.6722444892
170.2 9.3 2705.7 -0.0004489669 0.6544309855 0.7561215758 -0.9632480741 0.2028210610 -0.1761156619 -0.2686129510 -0.7284117341 0.6302883625
-98.1 -141.9 2680.3 0.9981390238 -0.0218629856 -0.0569254011 0.0233287029 0.9994099140 0.0252120253 0.0563406013 -0.0264931004 0.9980600476
-89.6 -529.9 2690.6 0.9983121753 0.0003380297 -0.0580746271 0.0044269362 0.9966306686 0.0819007382 0.0579066388 -0.0820195973 0.9949470162
80.6 -140.6 2693.6 0.9924001694 0.0881547555 -0.0858524740 -0.0835336149 0.9949293733 0.0560145229 0.0903550982 -0.0484172553 0.9947319627
46.4 -526.8 2712.4 0.9918560386 -0.0881139711 -0.0919647515 0.0870412365 0.9960822463 -0.0156189119 0.0929806978 0.0074869869 0.9956397414
-198.6 -259.2 2626.4 0 0 0 0 0 0 0 0 0
170.1 -236.6 2637.1 0 0 0 0 0 0 0 0 0
-89.7 -819.7 2714.5 0 0 0 0 0 0 0 0 0
72.5 -821.9 2710.2 0 0 0 0 0 0 0 0 0
-15.1 441.6 2717.6 5 0.9985698462 -0.0042736745 -0.0532916375 0.0013281244 0.9984752536 -0.0551856458 0.0534462221 0.0550359413 0.9970529079
-14.2 245.1 2706.8 0.9985698462 -0.0042736745 -0.0532916375 0.0013281244 0.9984752536 -0.0551856458 0.0534462221 0.0550359413 0.9970529079
-13.0 51.2 2697.3 0.9985574484 -0.0063057155 -0.0533226952 0.0036733092 0.9987761974 -0.0493221171 0.0535684489 0.0490550958 0.9973585010
-150.7 244.6 2699.5 0.2117196470 -0.6801230311 -0.7018600106 0.9772424698 0.1569589227 0.1426923573 0.0131148314 -0.7160981894 0.6978763938
-206.7 -14.3 2696.0 -0.0284534004 -0.6810445786 -0.7316889167 0.9616938233 0.1810022146 -0.2058717012 0.2726451159 -0.7095184922 0.6498062611
122.2 245.6 2714.1 0.1967635304 0.6439462900 0.7393357158 -0.9799519181 0.1532228738 0.1273460686 -0.0312791094 -0.7495704889 0.6611850858
170.1 7.1 2706.5 -0.0049568829 0.6454067230 0.7638229728 -0.9598364234 0.2111993581 -0.1846858263 -0.2805164158 -0.7340605855 0.6184380054
-100.8 -142.1 2681.4 0.9989528060 -0.0197481364 -0.0412715115 0.0206142645 0.9995738864 0.0206669513 0.0408457890 -0.0214960910 0.9989342093
-93.1 -530.2 2689.7 0.9989883304 -0.0148492204 -0.0424475633 0.0183952898 0.9962613583 0.0844094679 0.0410354510 -0.0851049125 0.9955266118
78.0 -141.9 2693.8 0.9944146872 0.0788079202 -0.0702048764 -0.0748654231 0.9955561161 0.0571245663 0.0743947625 -0.0515495911 0.9958956242
47.4 -528.3 2713.8 0.9930728674 -0.0896685794 -0.0759329274 0.0885553658 0.9959102273 -0.0179096200 0.0772283152 0.0110612893 0.9969520569
-199.5 -258.4 2626.8 0 0 0 0 0 0 0 0 0
168.8 -238.0 2634.9 0 0 0 0 0 0 0 0 0
-88.8 -820.2 2714.5 0 0 0 0 0 0 0 0 0
74.3 -826.6 2710.5 0 0 0 0 0 0 0 0 0
-16.3 442.5 2706.8 6 0.9987129569 -0.0058045629 -0.0503856614 0.0046152524 0.9997087121 -0.0236884896 0.0505084842 0.0234254599 0.9984488487
-15.2 245.3 2702.2 0.9987129569 -0.0058045629 -0.0503856614 0.0046152524 0.9997087121 -0.0236884896 0.0505084842 0.0234254599 0.9984488487
-13.9 51.3 2697.9 0.9987081289 -0.0065201679 -0.0503939204 0.0053991848 0.9997356534 -0.0223486144 0.0505263135 0.0220476575 0.9984793663
-151.6 244.5 2695.3 0.2118684798 -0.6802053452 -0.7017353177 0.9772978425 0.1468641907 0.1527082771 -0.0008131947 -0.7181584835 0.6958791018
-208.3 -16.8 2695.5 -0.0314393789 -0.6817184091 -0.7309388518 0.9609572291 0.1805212200 -0.2096981853 0.2749050856 -0.7089937329 0.6494267583
121.3 246.0 2709.1 0.1993009001 0.6414927244 0.7407875657 -0.9799270034 0.1341065913 0.1475077718 -0.0047193253 -0.7553161383 0.6553435922
169.9 7.1 2707.9 -0.0163662396 0.6453961134 0.7636727095 -0.9540907741 0.2183723599 -0.2049982101 -0.2990700603 -0.7319681644 0.6121925116
-101.2 -143.0 2682.9 0.9991571307 -0.0161150973 -0.0377528928 0.0166555289 0.9997626543 0.0140444022 0.0375176035 -0.0146613587 0.9991884232
-95.0 -531.1 2688.6 0.9989440441 -0.0245225094 -0.0388516039 0.0278924890 0.9956662655 0.0887170732 0.0365076661 -0.0897070616 0.9952988625
77.7 -142.4 2692.5 0.9947993159 0.0748546347 -0.0690727532 -0.0706651360 0.9956192970 0.0612265058 0.0733532533 -0.0560270511 0.9957309961
48.6 -528.9 2714.3 0.9934672117 -0.0856309310 -0.0754333138 0.0837914795 0.9961112738 -0.0272273161 0.0774714723 0.0207287762 0.9967790842
-200.3 -260.8 2625.7 0 0 0 0 0 0 0 0 0
165.7 -236.5 2631.6 0 0 0 0 0 0 0 0 0
-87.9 -818.3 2714.5 0 0 0 0 0 0 0 0 0
74.1 -825.4 2708.1 0 0 0 0 0 0 0 0 0
-14.9 439.6 2700.4 7 0.9987484217 0.0022068024 -0.0499671288 -0.0024827027 0.9999819994 -0.0054602432 0.0499541797 0.0055774627 0.9987359643
-15.4 242.0 2699.3 0.9987484217 0.0022068024 -0.0499671288 -0.0024827027 0.9999819994 -0.0054602432 0.0499541797 0.0055774627 0.9987359643
-15.8 48.0 2698.0 0.9987486601 0.0020354895 -0.0499695353 -0.0023679570 0.9999754429 -0.0065951049 0.0499548838 0.0067051779 0.9987289906
-151.8 242.4 2692.4 0.2104192674 -0.6806069016 -0.7017819881 0.9775074720 0.1360171586 0.1611785144 -0.0142448135 -0.7199122310 0.6939189434
-207.5 -16.1 2696.2 -0.0284885373 -0.6832200289 -0.7296566367 0.9582151175 0.1891824156 -0.2145548314 0.2846263647 -0.7052803636 0.6492822170
121.1 241.7 2706.1 0.2047014236 0.6413804293 0.7394109368 -0.9786731601 0.1208290681 0.1661300808 0.0172102451 -0.7576486468 0.6524356604
169.9 8.1 2710.2 -0.0092477975 0.6456263661 0.7635974884 -0.9558356404 0.2186232358 -0.1964232624 -0.2937561870 -0.7316901684 0.6150909066
-102.1 -143.2 2689.1 0.9990865588 -0.0221540555 -0.0365417115 0.0220846944 0.9997534752 -0.0023007086 0.0365836732 0.0014915945 0.9993295074
-93.5 -531.3 2688.5 0.9991363883 -0.0157018211 -0.0384695418 0.0191906393 0.9955677390 0.0920686573 0.0368533917 -0.0927274004 0.9950093031
76.9 -142.2 2698.1 0.9946510792 0.0748617649 -0.0711681023 -0.0724121779 0.9967103004 0.0364017487 0.0736590847 -0.0310536027 0.9967998862
47.8 -529.1 2710.2 0.9932043552 -0.0895565450 -0.0743284449 0.0893138573 0.9959817529 -0.0065893191 0.0746198893 -0.0000940196 0.9972120523
-200.2 -259.3 2624.0 0 0 0 0 0 0 0 0 0
167.6 -235.9 2635.2 0 0 0 0 0 0 0 0 0
-88.9 -819.5 2715.4 0 0 0 0 0 0 0 0 0
74.3 -823.9 2710.2 0 0 0 0 0 0 0 0 0
-14.4 439.9 2698.7 8 0.9991628528 0.0069605908 -0.0403128862 -0.0067672376 0.9999649525 0.0049307956 0.0403457955 -0.0046538608 0.9991749525
-15.8 242.2 2699.6 0.9991628528 0.0069605908 -0.0403128862 -0.0067672376 0.9999649525 0.0049307956 0.0403457955 -0.0046538608 0.9991749525
-17.1 48.1 2699.9 0.9991621375 0.0069320430 -0.0403355509 -0.0068703401 0.9999750257 0.0016681629 0.0403461047 -0.0013896463 0.9991847873
-152.3 243.1 2694.1 0.2053958625 -0.6854922771 -0.6985076070 0.9786646962 0.1400045455 0.1503801048 -0.0052901544 -0.7144922018 0.6996234059
-207.0 -17.6 2695.5 -0.0267437119 -0.6877017617 -0.7255005836 0.9585284591 0.1883586794 -0.2138788253 0.2837391794 -0.7011328936 0.6541442871
120.7 241.2 2705.1 0.2050875872 0.6327793002 0.7466789484 -0.9786183834 0.1203727350 0.1667826623 0.0156568307 -0.7649188042 0.6439363956
170.1 5.4 2708.9 -0.0097259507 0.6366374493 0.7711018920 -0.9587366581 0.2131762952 -0.1880953014 -0.2841291428 -0.7411130667 0.6082943678
-105.6 -145.9 2692.2 0.9991207719 -0.0325683728 -0.0263994243 0.0322220325 0.9993903637 -0.0134402653 0.0268210582 0.0125778057 0.9995611310
-93.0 -533.8 2687.3 0.9994497895 -0.0141401198 -0.0300035421 0.0171548966 0.9945614338 0.1027292237 0.0283877626 -0.1031874046 0.9942567348
73.3 -146.3 2701.2 0.9956274629 0.0688789934 -0.0630997643 -0.0676676929 0.9974839687 0.0211392064 0.0643970519 -0.0167769603 0.9977833033
46.6 -533.4 2707.7 0.9932201505 -0.0970172137 -0.0640424490 0.0976866782 0.9951897264 0.0073988237 0.0630165786 -0.0136047546 0.9979197383
-200.2 -260.9 2623.5 0 0 0 0 0 0 0 0 0
167.7 -239.4 2636.3 0 0 0 0 0 0 0 0 0
-88.8 -825.6 2717.6 0 0 0 0 0 0 0 0 0
74.9 -823.6 2711.6 0 0 0 0 0 0 0 0 0
-12.7 438.0 2697.8 9 0.9985381961 0.0046317405 -0.0538520403 -0.0043566478 0.9999768734 0.0052245813 0.0538749918 -0.0049823294 0.9985352755
-13.6 240.5 2698.8 0.9985381961 0.0046317405 -0.0538520403 -0.0043566478 0.9999768734 0.0052245813 0.0538749918 -0.0049823294 0.9985352755
-14.7 46.4 2699.3 0.9985329509 0.0055230218 -0.0538651645 -0.0053886413 0.9999819994 0.0026396760 0.0538787730 -0.0023455434 0.9985447526
-150.1 241.3 2691.4 0.2147755176 -0.6761856675 -0.7047300339 0.9765396714 0.1371929049 0.1659769416 -0.0155472709 -0.7238445878 0.6897878647
-206.8 -16.7 2695.5 -0.0251759645 -0.6782504916 -0.7343993783 0.9614493251 0.1847983599 -0.2036289573 0.2738272250 -0.7112143636 0.6474509835
122.8 239.8 2706.2 0.1970354766 0.6443154216 0.7389415503 -0.9801808000 0.1136584803 0.1622570455 0.0205577407 -0.7562667131 0.6539403796
170.1 4.5 2711.1 -0.0139369369 0.6484931707 0.7610928416 -0.9597966671 0.2047375739 -0.1920232773 -0.2803500891 -0.7331705689 0.6195681691
-108.0 -145.4 2696.5 0.9982405901 -0.0440321676 -0.0397102684 0.0433592461 0.9989036322 -0.0176511705 0.0404439494 0.0158983078 0.9990553260
