-13.6 436.6 2697.7 0 0.9955196977 -0.0111547252 -0.0938939750 0.0115909083 0.9999244213 0.0041013821 0.0938411281 -0.0051713232 0.9955737591
-11.4 239.5 2698.7 0.9955196977 -0.0111547252 -0.0938939750 0.0115909083 0.9999244213 0.0041013821 0.0938411281 -0.0051713232 0.9955737591
-8.4 45.5 2699.6 0.9954677224 -0.0151902847 -0.0938787237 0.0155351432 0.9998750091 0.0029436729 0.0938222781 -0.0043887510 0.9955793023
-147.3 237.4 2685.9 0.2235834450 -0.6489237547 -0.7272608876 0.9739930034 0.1206445619 0.1917875558 -0.0367154256 -0.7512275577 0.6590213180
-206.8 -21.8 2695.7 -0.0340165235 -0.6519548893 -0.7574943304 0.9647923112 0.1763651669 -0.1951183230 0.2608039677 -0.7374619246 0.6230017543
124.6 241.7 2711.6 0.1966444254 0.6660501957 0.7195193172 -0.9800709486 0.1545906514 0.1247504428 -0.0281409044 -0.7297114730 0.6831758618
171.7 6.7 2704.8 -0.0169087090 0.6672112942 0.7446765900 -0.9620096087 0.1921199113 -0.1939780563 -0.2724915445 -0.7196659446 0.6386151314
-96.3 -150.3 2692.8 0.9966534972 -0.0065767025 -0.0814772472 0.0062867631 0.9999729395 -0.0038145653 0.0815001279 0.0032895717 0.9966679215
-93.7 -538.4 2691.5 0.9963931441 -0.0228155348 -0.0817320049 0.0303709898 0.9952563047 0.0924257636 0.0792355463 -0.0945746750 0.9923595190
82.4 -148.2 2706.0 0.9891015291 0.0873318613 -0.1185382083 -0.0848433599 0.9960579276 0.0258894749 0.1203318983 -0.0155501384 0.9926119447
48.5 -534.9 2712.0 0.9891129136 -0.0832382664 -0.1213551834 0.0830044448 0.9965246916 -0.0069895154 0.1215152219 -0.0031595998 0.9925845265
-198.2 -266.7 2629.5 0 0 0 0 0 0 0 0 0
167.4 -238.9 2635.2 0 0 0 0 0 0 0 0 0
-87.2 -821.3 2718.4 0 0 0 0 0 0 0 0 0
72.5 -822.5 2713.0 0 0 0 0 0 0 0 0 0
-13.4 436.6 2696.3 1 0.9926107526 -0.0110919140 -0.1208341792 0.0119833536 0.9999060631 0.0066531887 0.1207490265 -0.0080520250 0.9926503897
-11.2 238.9 2697.9 0.9926107526 -0.0110919140 -0.1208341792 0.0119833536 0.9999060631 0.0066531887 0.1207490265 -0.0080520250 0.9926503897
-7.8 44.8 2698.9 0.9925234914 -0.0175774395 -0.1207816452 0.0180706419 0.9998322725 0.0029892386 0.1207088456 -0.0051494911 0.9926745892
-146.7 236.4 2681.5 0.2263302058 -0.6323975325 -0.7408427596 0.9724118710 0.1025958955 0.2094976008 -0.0564783327 -0.7678199410 0.6381714344
-206.8 -21.7 2696.4 -0.0338591225 -0.6375015974 -0.7697046399 0.9633473158 0.1842446178 -0.1949765235 0.2661117911 -0.7480946779 0.6078971028
124.4 241.4 2714.4 0.2001248747 0.6817076206 0.7037220597 -0.9786815643 0.1729408056 0.1107872874 -0.0461777300 -0.7108911276 0.7017844319
171.9 9.1 2703.5 -0.0142047498 0.6818168163 0.7313850522 -0.9660498500 0.1793516874 -0.1859588176 -0.2579649985 -0.7091959119 0.6561213732
-94.6 -150.0 2692.1 0.9941021204 -0.0039681634 -0.1083753780 0.0032218301 0.9999698997 -0.0070607904 0.1084001288 0.0066699795 0.9940849543
-93.1 -538.2 2689.5 0.9939671159 -0.0180552639 -0.1081822142 0.0288857259 0.9946283102 0.0993988290 0.1058064178 -0.1019240841 0.9891493917
83.7 -147.2 2708.9 0.9854917526 0.0884134546 -0.1448760182 -0.0846439376 0.9958975315 0.0319917798 0.1471101791 -0.0192647595 0.9889324903
49.4 -533.9 2716.3 0.9862410426 -0.0723454729 -0.1486430317 0.0713437647 0.9973787665 -0.0120671028 0.1491264105 0.0012963176 0.9888172746
-198.2 -266.3 2628.9 0 0 0 0 0 0 0 0 0
168.2 -237.6 2637.6 0 0 0 0 0 0 0 0 0
-87.9 -823.2 2718.7 0 0 0 0 0 0 0 0 0
70.5 -825.8 2716.0 0 0 0 0 0 0 0 0 0
-13.5 435.6 2695.7 2 0.9948449135 -0.0097630089 -0.1009371951 0.0108126365 0.9998929501 0.0098569505 0.1008301601 -0.0108975340 0.9948439598
-11.6 238.0 2697.8 0.9948449135 -0.0097630089 -0.1009371951 0.0108126365 0.9998929501 0.0098569505 0.1008301601 -0.0108975340 0.9948439598
-8.9 43.9 2699.8 0.9948026538 -0.0135063501 -0.1009218842 0.0144414762 0.9998592138 0.0085409693 0.1007923186 -0.0099540399 0.9948576689
-147.4 236.1 2684.0 0.2235352397 -0.6443179250 -0.7313593030 0.9736969471 0.1136532053 0.1974771917 -0.0441167615 -0.7562654018 0.6527758837
-206.7 -22.2 2695.7 -0.0335213058 -0.6481088996 -0.7608095407 0.9640631676 0.1797685772 -0.1956156790 0.2635499239 -0.7400257587 0.6187918186
124.3 240.0 2711.6 0.2025147676 0.6682525277 0.7158395648 -0.9785845280 0.1656255424 0.1222314611 -0.0368798338 -0.7252632380 0.6874831915
172.1 8.9 2702.9 -0.0143341701 0.6686711311 0.7434201241 -0.9652025700 0.1849013120 -0.1849204004 -0.2611102760 -0.7202016711 0.6427526474
-93.2 -150.9 2689.1 0.9960733056 0.0010187201 -0.0885266438 -0.0004657395 0.9999802709 0.0062669180 0.0885312855 -0.0062010796 0.9960541129
-93.6 -539.1 2691.6 0.9959633350 -0.0172951669 -0.0880789235 0.0257588867 0.9950593710 0.0958820730 0.0859854594 -0.0977638438 0.9914881587
84.5 -147.6 2710.8 0.9876943827 0.0928556249 -0.1258477122 -0.0900095925 0.9955435991 0.0281281024 0.1278987378 -0.0164544657 0.9916507006
48.5 -534.1 2717.2 0.9883118868 -0.0783936083 -0.1307441890 0.0755688399 0.9967901111 -0.0264362618 0.1323969513 0.0162470844 0.9910635948
-198.2 -266.9 2628.8 0 0 0 0 0 0 0 0 0
168.5 -237.5 2636.2 0 0 0 0 0 0 0 0 0
-88.8 -818.5 2719.0 0 0 0 0 0 0 0 0 0
71.1 -821.8 2712.5 0 0 0 0 0 0 0 0 0
-13.0 435.0 2695.3 3 0.9953121543 -0.0052255834 -0.0965735167 0.0061428691 0.9999387860 0.0092034424 0.0965195075 -0.0097535364 0.9952833056
-12.0 237.7 2697.2 0.9953121543 -0.0052255834 -0.0965735167 0.0061428691 0.9999387860 0.0092034424 0.0965195075 -0.0097535364 0.9952833056
-10.1 43.6 2699.1 0.9952812195 -0.0094735213 -0.0965691358 0.0103527242 0.9999093413 0.0086074024 0.0964788347 -0.0095665399 0.9952890873
-147.9 236.3 2684.1 0.2249759734 -0.6454355717 -0.7299306393 0.9738156796 0.1238077208 0.1906691045 -0.0326935686 -0.7537138462 0.6563889980
-208.2 -24.5 2692.8 -0.0387747027 -0.6482697725 -0.7604227662 0.9649336338 0.1734224260 -0.1970476657 0.2596144080 -0.7413979769 0.6188129187
124.0 239.1 2710.4 0.1952092052 0.6671375632 0.7189025283 -0.9802522063 0.1563397646 0.1210930794 -0.0316073075 -0.7283442616 0.6844820380
170.8 3.8 2702.8 -0.0108733149 0.6679564714 0.7441209555 -0.9638925791 0.1910096258 -0.1855435222 -0.2660692632 -0.7192701101 0.6417613626
-95.4 -151.4 2692.7 0.9964503050 -0.0004274090 -0.0841820464 0.0008195700 0.9999889731 0.0046239845 0.0841791406 -0.0046765637 0.9964396358
-95.2 -539.6 2694.5 0.9962015748 -0.0230690613 -0.0839660540 0.0299339443 0.9962286353 0.0814398229 0.0817706510 -0.0836439133 0.9931350350
82.8 -148.9 2710.7 0.9886368513 0.0886429101 -0.1214069128 -0.0857910290 0.9959045649 0.0285297763 0.1234386638 -0.0177899636 0.9921927452
48.4 -535.5 2717.6 0.9885271788 -0.0824519992 -0.1265532672 0.0790285692 0.9963635206 -0.0318464637 0.1287188679 0.0214797705 0.9914484620
-198.3 -269.4 2626.9 0 0 0 0 0 0 0 0 0
168.0 -242.4 2634.9 0 0 0 0 0 0 0 0 0
-88.8 -818.0 2717.9 0 0 0 0 0 0 0 0 0
72.3 -824.1 2711.4 0 0 0 0 0 0 0 0 0
-12.8 435.8 2694.6 4 0.9957168698 -0.0009830545 -0.0924494714 0.0020768754 0.9999289513 0.0117360894 0.0924313664 -0.0118778283 0.9956482053
-12.6 238.5 2697.0 0.9957168698 -0.0009830545 -0.0924494714 0.0020768754 0.9999289513 0.0117360894 0.0924313664 -0.0118778283 0.9956482053
-11.5 44.4 2699.1 0.9957036972 -0.0052947127 -0.0924454480 0.0062879315 0.9999255538 0.0104558682 0.0923832059 -0.0109922374 0.9956628680
-148.6 237.6 2684.4 0.2191621065 -0.6493563056 -0.7282200456 0.9750852585 0.1195296347 0.1868726760 -0.0343030728 -0.7510319948 0.6593741179
-207.4 -23.9 2693.6 -0.0485638492 -0.6525864005 -0.7561564445 0.9639158249 0.1677635610 -0.2066922486 0.2617400587 -0.7389089465 0.6208910942
123.4 239.3 2709.6 0.1919182539 0.6651989222 0.7215800285 -0.9810343385 0.1503987759 0.1222778782 -0.0271856412 -0.7313621640 0.6814472675
170.2 0.5 2703.0 -0.0282529667 0.6665986776 0.7448812127 -0.9620369077 0.1842289269 -0.2013571560 -0.2714530826 -0.7222921252 0.6360874772
-97.5 -151.4 2692.3 0.9967703819 -0.0060398285 -0.0800770521 0.0070275781 0.9999026060 0.0120589063 0.0799964145 -0.0125827091 0.9967157245
-95.1 -539.6 2697.2 0.9966284633 -0.0168915763 -0.0802895874 0.0223844741 0.9974332452 0.0680135787 0.0789346471 -0.0695815086 0.9944484830
80.8 -149.6 2709.6 0.9892520905 0.0865394175 -0.1178608909 -0.0843721107 0.9961626530 0.0232651345 0.1194219738 -0.0130709112 0.9927575588
47.2 -536.3 2714.7 0.9887077212 -0.0871412605 -0.1219159216 0.0847051740 0.9960915446 -0.0250337757 0.1236208901 0.0144241769 0.9922246933
-195.0 -268.5 2627.1 0 0 0 0 0 0 0 0 0
163.0 -245.1 2633.7 0 0 0 0 0 0 0 0 0
-90.5 -814.6 2716.4 0 0 0 0 0 0 0 0 0
72.4 -823.4 2710.5 0 0 0 0 0 0 0 0 0
-11.6 434.9 2695.3 5 0.9963105917 0.0071199271 -0.0855250582 -0.0063945646 0.9999412298 0.0087522436 0.0855823457 -0.0081730569 0.9962975979
-13.0 237.7 2696.9 0.9963105917 0.0071199271 -0.0855250582 -0.0063945646 0.9999412298 0.0087522436 0.0855823457 -0.0081730569 0.9962975979
-13.9 43.6 2698.5 0.9963248372 0.0046929689 -0.0855266675 -0.0039821961 0.9999561310 0.0084792515 0.0855627060 -0.0081075048 0.9962998033
-149.1 238.3 2685.2 0.2167873979 -0.6550238729 -0.7238417864 0.9756662250 0.1204319671 0.1832255721 -0.0328434408 -0.7459489703 0.6651927829
-207.0 -22.4 2694.0 -0.0512835048 -0.6580086350 -0.7512620687 0.9639335275 0.1640997827 -0.2095313519 0.2611553669 -0.7349122167 0.6258609891
123.1 237.2 2708.6 0.1938433200 0.6620604396 0.7239480019 -0.9808809757 0.1437675804 0.1311618835 -0.0172431730 -0.7355316877 0.6772708297
169.9 0.4 2704.4 -0.0443382896 0.6645394564 0.7459366322 -0.9575756788 0.1845541447 -0.2213335186 -0.2847505510 -0.7241043448 0.6281639934
-99.7 -150.3 2693.0 0.9972541928 -0.0118290065 -0.0731033981 0.0119875716 0.9999266267 0.0017306637 0.0730775669 -0.0026022438 0.9973228574
-95.1 -538.5 2694.0 0.9971593022 -0.0151340645 -0.0737851933 0.0208119676 0.9968292117 0.0768009126 0.0723889247 -0.0781183615 0.9943125248
78.7 -149.2 2709.5 0.9909300208 0.0756656975 -0.1110512391 -0.0740052536 0.9970767498 0.0190045685 0.1121646017 -0.0106138233 0.9936329722
49.3 -536.2 2713.7 0.9903486967 -0.0790860280 -0.1138196364 0.0774738863 0.9968222380 -0.0185253620 0.1149230450 0.0095285187 0.9933286905
-194.0 -267.0 2627.7 0 0 0 0 0 0 0 0 0
158.6 -244.1 2631.7 0 0 0 0 0 0 0 0 0
-90.9 -817.0 2715.8 0 0 0 0 0 0 0 0 0
72.0 -821.8 2710.9 0 0 0 0 0 0 0 0 0
-12.5 435.8 2696.6 6 0.9972839355 0.0060225022 -0.0734063759 -0.0057300827 0.9999747872 0.0041935164 0.0734297782 -0.0037615020 0.9972932935
-13.7 238.5 2697.4 0.9972839355 0.0060225022 -0.0734063759 -0.0057300827 0.9999747872 0.0041935164 0.0734297782 -0.0037615020 0.9972932935
-14.6 44.4 2698.5 0.9972915649 0.0047487491 -0.0733960941 -0.0043124049 0.9999721050 0.0061023855 0.0734230280 -0.0057693436 0.9972841740
-149.9 239.1 2687.3 0.2133651972 -0.6638422608 -0.7167906165 0.9765433073 0.1231698245 0.1766136587 -0.0289566331 -0.7376602888 0.6745508313
-206.8 -21.1 2695.1 -0.0372549854 -0.6665086746 -0.7445658445 0.9644126296 0.1711909026 -0.2014991790 0.2617638409 -0.7255755663 0.6364116669
122.5 237.9 2707.4 0.1930158585 0.6538043618 0.7316315174 -0.9810419679 0.1417884976 0.1321084797 -0.0173638295 -0.7432602644 0.6687769890
169.6 -1.4 2703.2 -0.0514462329 0.6568987966 0.7522215843 -0.9556480646 0.1863284707 -0.2280756682 -0.2899829149 -0.7305927277 0.6181781292
-104.0 -150.1 2692.4 0.9978511333 -0.0236474834 -0.0611057431 0.0241477322 0.9996805787 0.0074610496 0.0609097891 -0.0089205820 0.9981034398
-94.9 -538.2 2695.9 0.9979658723 -0.0128842313 -0.0624346174 0.0171598122 0.9975079298 0.0684361383 0.0613972768 -0.0693682954 0.9956999421
74.5 -150.8 2707.7 0.9929334521 0.0661397576 -0.0985325351 -0.0642229691 0.9976817966 0.0225032438 0.0997924805 -0.0160161722 0.9948793650
48.8 -538.1 2714.0 0.9915271401 -0.0810817778 -0.1014870629 0.0790718645 0.9965876341 -0.0236798413 0.1030607522 0.0154544348 0.9945549965
-197.3 -265.9 2628.6 0 0 0 0 0 0 0 0 0
156.5 -245.4 2629.1 0 0 0 0 0 0 0 0 0
-91.3 -813.4 2715.0 0 0 0 0 0 0 0 0 0
71.8 -821.1 2709.6 0 0 0 0 0 0 0 0 0
-13.1 436.2 2695.3 7 0.9972822070 0.0018333291 -0.0736531243 -0.0014532435 0.9999853373 0.0052137417 0.0736616030 -0.0050925361 0.9972702861
-13.5 239.0 2696.3 0.9972822070 0.0018333291 -0.0736531243 -0.0014532435 0.9999853373 0.0052137417 0.0736616030 -0.0050925361 0.9972702861
-13.8 44.8 2697.6 0.9972825646 0.0017696288 -0.0736500025 -0.0012613727 0.9999750853 0.0069469074 0.0736604631 -0.0068351296 0.9972599745
-149.7 239.1 2686.2 0.2239011824 -0.6626428366 -0.7146836519 0.9740225673 0.1266430914 0.1877273470 -0.0338864401 -0.7381503582 0.6737846136
-209.7 -21.8 2695.3 -0.0490622781 -0.6650732160 -0.7451647520 0.9637064934 0.1644941568 -0.2102652788 0.2624170482 -0.7284362316 0.6328648925
122.8 238.8 2706.4 0.1904140711 0.6523862481 0.7335766554 -0.9812628627 0.1488775909 0.1223056465 -0.0294226035 -0.7431202531 0.6685107350
169.4 -1.4 2699.2 -0.0632500201 0.6541830897 0.7536869049 -0.9575634599 0.1730053425 -0.2305241972 -0.2811968923 -0.7362836599 0.6154792309
-104.9 -149.3 2693.1 0.9976176023 -0.0315661579 -0.0613404550 0.0320877060 0.9994566441 0.0075358879 0.0610692464 -0.0094862096 0.9980884790
-92.6 -537.3 2696.7 0.9979662299 -0.0102327112 -0.0629177094 0.0140268244 0.9980902076 0.0601599887 0.0621819459 -0.0609201752 0.9962038398
73.8 -150.1 2706.2 0.9927057028 0.0682533011 -0.0993822217 -0.0670948997 0.9976344705 0.0149559723 0.1001679227 -0.0081788395 0.9949369431
47.3 -537.4 2709.4 0.9910326004 -0.0878863633 -0.1006495655 0.0879484937 0.9961176515 -0.0038284927 0.1005952805 -0.0050578164 0.9949145913
-197.2 -266.4 2628.7 0 0 0 0 0 0 0 0 0
153.2 -245.9 2627.4 0 0 0 0 0 0 0 0 0
-89.8 -818.4 2713.9 0 0 0 0 0 0 0 0 0
72.5 -823.5 2710.8 0 0 0 0 0 0 0 0 0
-15.1 437.3 2696.6 8 0.9962367415 -0.0030311577 -0.0866206139 0.0032056612 0.9999930859 0.0018755425 0.0866143331 -0.0021461607 0.9962396026
-14.5 240.3 2697.1 0.9962367415 -0.0030311577 -0.0866206139 0.0032056612 0.9999930859 0.0018755425 0.0866143331 -0.0021461607 0.9962396026
-13.5 46.1 2697.4 0.9962279201 -0.0052201599 -0.0866182819 0.0053538256 0.9999848008 0.0013109216 0.0866101235 -0.0017697158 0.9962407351
-150.6 239.5 2685.2 0.2150972784 -0.6560719609 -0.7233966589 0.9758735299 0.1159741655 0.1849888712 -0.0374706872 -0.7457342744 0.6651889682
-208.1 -21.2 2695.2 -0.0410065688 -0.6595120430 -0.7505746484 0.9639408588 0.1715741158 -0.2034216076 0.2629382014 -0.7318512201 0.6286949515
121.5 241.0 2708.9 0.1941152066 0.6601201296 0.7256450057 -0.9801378846 0.1611323953 0.1156115234 -0.0406074263 -0.7336741686 0.6782870293
169.4 -0.7 2698.9 -0.0609554090 0.6607776880 0.7481024861 -0.9582852125 0.1709359884 -0.2290640175 -0.2792380154 -0.7308582067 0.6227940321
-103.5 -149.2 2692.4 0.9968251586 -0.0286059175 -0.0743053630 0.0287892837 0.9995844960 0.0013976131 0.0742345154 -0.0035323740 0.9972345829
-92.4 -537.2 2693.7 0.9970501661 -0.0101666860 -0.0760760084 0.0154554537 0.9974791408 0.0692571253 0.0751801133 -0.0702286214 0.9946938753
75.2 -149.4 2705.6 0.9910726547 0.0729773641 -0.1115766093 -0.0710674375 0.9972503185 0.0210053902 0.1128027216 -0.0128884045 0.9935337901
46.9 -536.5 2710.6 0.9895970225 -0.0884006470 -0.1135036349 0.0883038938 0.9960761666 -0.0058897017 0.1135789156 -0.0041943816 0.9935201406
-197.7 -265.9 2628.5 0 0 0 0 0 0 0 0 0
153.8 -245.4 2627.6 0 0 0 0 0 0 0 0 0
-89.5 -819.3 2713.6 0 0 0 0 0 0 0 0 0
71.9 -819.2 2711.8 0 0 0 0 0 0 0 0 0
-14.5 435.4 2698.3 9 0.9968199730 -0.0023513674 -0.0796519220 0.0019944056 0.9999876022 -0.0045607802 0.0796616599 0.0043874187 0.9968122840
-14.0 238.3 2697.4 0.9968199730 -0.0023513674 -0.0796519220 0.0019944056 0.9999876022 -0.0045607802 0.0796616599 0.0043874187 0.9968122840
-13.5 44.2 2696.8 0.9968195558 -0.0024365380 -0.0796545669 0.0021680903 0.9999916553 -0.0034564589 0.0796623230 0.0032727674 0.9968165159
-150.2 238.0 2686.6 0.2154262215 -0.6609374881 -0.7188555002 0.9759923816 0.1215301529 0.1807463765 -0.0320994407 -0.7405349612 0.6712507606
-207.3 -21.0 2695.1 -0.0378291681 -0.6644915342 -0.7463377118 0.9609854221 0.1805984825 -0.2095022649 0.2739999294 -0.7251449227 0.6317347884
122.2 238.6 2708.3 0.1955855042 0.6558815837 0.7290855050 -0.9798882008 0.1606952697 0.1183055341 -0.0395661816 -0.7375611067 0.6741202474
169.4 2.3 2698.8 -0.0578028336 0.6569128036 0.7517476082 -0.9576196074 0.1763525307 -0.2277378142 -0.2821764648 -0.7330521345 0.6188788414
-101.8 -148.4 2690.0 0.9975098968 -0.0203585420 -0.0675243214 0.0207292717 0.9997736216 0.0047941254 0.0674114376 -0.0061819176 0.9977061152
-93.9 -536.6 2692.4 0.9975330830 -0.0141028799 -0.0687671006 0.0191774741 0.9970959425 0.0737015232 0.0675279945 -0.0748384818 0.9949066043
76.7 -147.5 2705.5 0.9913293719 0.0790127218 -0.1049906537 -0.0782919377 0.9968700409 0.0109754233 0.1055292338 -0.0026603383 0.9944126606
46.1 -534.5 2706.6 0.9901081920 -0.0929691121 -0.1050834283 0.0945136026 0.9954752922 0.0098040402 0.1036964804 -0.0196388736 0.9944151044
-197.7 -264.9 2625.5 0 0 0 0 0 0 0 0 0
154.6 -242.2 2626.7 0 0 0 0 0 0 0 0 0
-89.9 -817.5 2713.5 0 0 0 0 0 0 0 0 0
73.1 -824.1 2712.3 0 0 0 0 0 0 0 0 0
-14.3 434.6 2696.1 0 0.9966692328 -0.0008492714 -0.0815458819 0.0008512120 0.9999996424 -0.0000109659 0.0815458596 -0.0000584835 0.9966695905
-14.2 237.7 2696.1 0.9966692328 -0.0008492714 -0.0815458819 0.0008512120 0.9999996424 -0.0000109659 0.0815458596 -0.0000584835 0.9966695905
-13.8 43.6 2696.6 0.9966676831 -0.0018394981 -0.0815485865 0.0020095883 0.9999959469 0.0020037261 0.0815445781 -0.0021609280 0.9966673255
-150.3 237.4 2685.0 0.2128724009 -0.6599881649 -0.7204866409 0.9763652086 0.1154827550 0.1826875806 -0.0373678617 -0.7423471808 0.6689725518
-206.9 -22.3 2694.9 -0.0360766128 -0.6640137434 -0.7468495369 0.9611165524 0.1816821843 -0.2079579532 0.2737762034 -0.7253118753 0.6316401362
122.0 238.0 2707.3 0.1947716027 0.6571934819 0.7281213999 -0.9802089334 0.1572228819 0.1202972680 -0.0354187675 -0.7371416092 0.6748094559
169.4 -0.4 2698.7 -0.0591727048 0.6582028270 0.7505115867 -0.9586121440 0.1722838581 -0.2266739160 -0.2784984410 -0.7328624129 0.6207666993
-102.3 -150.1 2689.0 0.9971854687 -0.0287645347 -0.0692364872 0.0290341619 0.9995742440 0.0028909137 0.0691238567 -0.0048930007 0.9975960851
-91.2 -538.2 2690.9 0.9974539280 -0.0038603269 -0.0712093338 0.0094478140 0.9968853593 0.0782966986 0.0706852898 -0.0787701234 0.9943836331
76.3 -149.7 2703.3 0.9915502071 0.0748137236 -0.1059771106 -0.0722337812 0.9969950914 0.0279824603 0.1077521369 -0.0200908855 0.9939747453
47.2 -536.7 2711.1 0.9900367856 -0.0900093690 -0.1082841754 0.0901638120 0.9959208965 -0.0034789373 0.1081556082 -0.0063190381 0.9941139221
-197.8 -266.2 2625.4 0 0 0 0 0 0 0 0 0
154.3 -245.2 2627.6 0 0 0 0 0 0 0 0 0
-90.1 -819.2 2713.2 0 0 0 0 0 0 0 0 0
72.7 -818.4 2712.9 0 0 0 0 0 0 0 0 0
-15.6 434.9 2696.6 1 0.9967784882 -0.0067398306 -0.0799200758 0.0063248258 0.9999651909 -0.0054447562 0.0799539909 0.0049217353 0.9967864156
-14.2 237.8 2695.6 0.9967784882 -0.0067398306 -0.0799200758 0.0063248258 0.9999651909 -0.0054447562 0.0799539909 0.0049217353 0.9967864156
-12.9 43.7 2695.5 0.9967761040 -0.0067545748 -0.0799487233 0.0066800802 0.9999769926 -0.0011992060 0.0799549818 0.0006612760 0.9967982769
-150.4 236.9 2684.7 0.2117462754 -0.6614992619 -0.7194318771 0.9766298532 0.1154658347 0.1812780201 -0.0368454754 -0.7410036325 0.6704894304
-206.7 -22.7 2694.5 -0.0351345167 -0.6653540730 -0.7457006574 0.9617292881 0.1803767830 -0.2062547654 0.2717395425 -0.7244088650 0.6335530281
121.9 238.7 2706.5 0.1937696934 0.6573732495 0.7282264233 -0.9806150794 0.1518076807 0.1238889098 -0.0291091073 -0.7381157279 0.6740458608
169.3 -1.2 2699.4 -0.0607983358 0.6587285399 0.7499201894 -0.9585050344 0.1711102426 -0.2280118763 -0.2785169482 -0.7326650023 0.6209914088
-102.7 -150.7 2689.7 0.9972957373 -0.0285014901 -0.0677414313 0.0287718102 0.9995814562 0.0030179713 0.0676270574 -0.0049588536 0.9976983666
-91.7 -538.8 2691.6 0.9975426793 -0.0073329890 -0.0696768090 0.0127409082 0.9969117045 0.0774900168 0.0688933954 -0.0781873465 0.9945554137
75.8 -150.4 2704.3 0.9918646216 0.0733157396 -0.1040640697 -0.0704601556 0.9970370531 0.0308614988 0.1060183719 -0.0232780594 0.9940916896
47.4 -537.4 2713.3 0.9902843237 -0.0892340466 -0.1066499203 0.0891835988 0.9960013628 -0.0052518640 0.1066921130 -0.0043105856 0.9942827821
-197.8 -266.9 2625.5 0 0 0 0 0 0 0 0 0
153.8 -246.0 2628.3 0 0 0 0 0 0 0 0 0
-89.6 -817.8 2713.5 0 0 0 0 0 0 0 0 0
72.5 -817.8 2714.5 0 0 0 0 0 0 0 0 0
-14.0 434.3 2696.8 2 0.9976429343 -0.0022956720 -0.0685803816 0.0020747550 0.9999924302 -0.0032923413 0.0685874224 0.0031422935 0.9976401329
-13.5 237.4 2696.1 0.9976429343 -0.0022956720 -0.0685803816 0.0020747550 0.9999924302 -0.0032923413 0.0685874224 0.0031422935 0.9976401329
-13.2 43.3 2696.0 0.9976433516 -0.0019348772 -0.0685854852 0.0018789696 0.9999978542 -0.0008796536 0.0685870424 0.0007487105 0.9976448417
-149.8 237.1 2686.8 0.2130534947 -0.6681869626 -0.7128354311 0.9766083360 0.1239419654 0.1757115424 -0.0290579386 -0.7335969806 0.6789632440
-206.6 -23.2 2694.5 -0.0341713503 -0.6709114909 -0.7407496572 0.9634842277 0.1748404801 -0.2028027326 0.2655757070 -0.7206306458 0.6404381394
122.8 237.6 2705.5 0.1923596412 0.6500987411 0.7350982428 -0.9810109735 0.1463253647 0.1273040622 -0.0248033088 -0.7456276417 0.6659010649
169.5 -0.6 2699.5 -0.0491676852 0.6523289680 0.7563394904 -0.9587441087 0.1814529598 -0.2188253403 -0.2799861431 -0.7358952165 0.6164949536
-100.9 -151.0 2688.2 0.9982264042 -0.0188478958 -0.0564692356 0.0193829592 0.9997721314 0.0089425836 0.0562878177 -0.0100212637 0.9983642697
-93.6 -539.2 2692.1 0.9982388020 -0.0139179211 -0.0576681308 0.0185237732 0.9966130853 0.0801199302 0.0563577116 -0.0810470507 0.9951156378
77.7 -149.8 2702.5 0.9932546616 0.0716609880 -0.0911587030 -0.0672870204 0.9964706898 0.0501863435 0.0944333747 -0.0437140204 0.9945709705
49.9 -536.6 2719.5 0.9923105240 -0.0775891095 -0.0964351818 0.0753015876 0.9967913032 -0.0271435007 0.0982317924 0.0196730588 0.9949690700
-197.9 -267.7 2627.1 0 0 0 0 0 0 0 0 0
156.9 -245.4 2628.0 0 0 0 0 0 0 0 0 0
-89.7 -822.0 2715.1 0 0 0 0 0 0 0 0 0
71.7 -817.1 2713.9 0 0 0 0 0 0 0 0 0
-11.3 436.3 2697.4 3 0.9979828000 0.0033671197 -0.0633952916 -0.0036305084 0.9999852777 -0.0040399693 0.0633807555 0.0042619770 0.9979802966
-12.0 239.6 2696.5 0.9979828000 0.0033671197 -0.0633952916 -0.0036305084 0.9999852777 -0.0040399693 0.0633807555 0.0042619770 0.9979802966
-12.4 45.5 2695.9 0.9979864359 0.0020852177 -0.0633933842 -0.0023015640 0.9999917746 -0.0033399251 0.0633858964 0.0034791038 0.9979830384
-148.3 239.9 2687.9 0.2161737978 -0.6708253622 -0.7094097733 0.9760924578 0.1316404492 0.1729576588 -0.0226373654 -0.7298384309 0.6832447648
-206.5 -22.8 2694.0 -0.0341802835 -0.6731528044 -0.7387130857 0.9625474811 0.1767364889 -0.2055883557 0.2689499259 -0.7180734873 0.6419005990
124.4 239.3 2705.2 0.1835267991 0.6475430727 0.7395984530 -0.9826338887 0.1417887062 0.1196938083 -0.0273598079 -0.7487215400 0.6623198390
169.4 -1.8 2698.5 -0.0345270038 0.6494513750 0.7596188188 -0.9633848071 0.1805879921 -0.1981861144 -0.2658902705 -0.7386479974 0.6194364429
-102.2 -151.0 2689.7 0.9984192252 -0.0230910610 -0.0512429252 0.0234743915 0.9997006655 0.0068913857 0.0510684587 -0.0080833882 0.9986624122
-93.2 -539.1 2692.9 0.9984958172 -0.0149612483 -0.0527466610 0.0190312397 0.9968088865 0.0775235370 0.0514184907 -0.0784107670 0.9955942631
76.6 -150.7 2702.0 0.9937171936 0.0719528571 -0.0857262015 -0.0679698959 0.9965072870 0.0485113896 0.0889173150 -0.0423798002 0.9951370358
48.7 -537.5 2718.5 0.9921267629 -0.0852433220 -0.0917496830 0.0818875134 0.9958487153 -0.0397458039 0.0947568640 0.0319197215 0.9949885607
-197.8 -267.2 2625.7 0 0 0 0 0 0 0 0 0
160.6 -247.7 2630.6 0 0 0 0 0 0 0 0 0
-89.0 -821.8 2715.1 0 0 0 0 0 0 0 0 0
73.0 -822.1 2709.3 0 0 0 0 0 0 0 0 0
-10.5 435.4 2696.7 4 0.9985990524 0.0071616415 -0.0524279475 -0.0073383623 0.9999679923 -0.0031790095 0.0524035022 0.0035592909 0.9986196756
-11.9 238.8 2696.0 0.9985990524 0.0071616415 -0.0524279475 -0.0073383623 0.9999679923 -0.0031790095 0.0524035022 0.0035592909 0.9986196756
-12.9 44.7 2695.6 0.9986109734 0.0053482880 -0.0524172522 -0.0054327650 0.9999841452 -0.0014692732 0.0524085648 0.0017520029 0.9986242056
-148.3 239.5 2688.8 0.2191720754 -0.6775581241 -0.7020531297 0.9754488468 0.1362943500 0.1729837805 -0.0215206947 -0.7227301598 0.6907951832
-206.6 -19.8 2694.5 -0.0341996625 -0.6796078086 -0.7327780128 0.9617340565 0.1770538837 -0.2090922296 0.2718419135 -0.7118884325 0.6475468278
124.5 238.0 2703.1 0.1855019480 0.6414752603 0.7443779111 -0.9825904965 0.1289886832 0.1337081492 -0.0102458606 -0.7562217712 0.6542351246
169.6 -0.6 2700.6 -0.0274144839 0.6441832781 0.7643797398 -0.9638484120 0.1857071519 -0.1910736710 -0.2650372386 -0.7419843674 0.6158039570
-102.2 -148.4 2689.5 0.9988757968 -0.0252898969 -0.0400938839 0.0254238937 0.9996727109 0.0028356204 0.0400090478 -0.0038517753 0.9991918802
-92.4 -536.5 2691.0 0.9990709424 -0.0095702522 -0.0420196429 0.0130860358 0.9963621497 0.0842092037 0.0410608798 -0.0846808404 0.9955617189
76.6 -148.8 2700.9 0.9948243499 0.0689755455 -0.0746112168 -0.0653125867 0.9965876937 0.0504700169 0.0778378174 -0.0453357548 0.9959347248
49.8 -535.7 2718.5 0.9934890270 -0.0806511268 -0.0804672390 0.0777435452 0.9962243438 -0.0386400260 0.0832797810 0.0321326330 0.9960080385
-197.9 -263.9 2625.5 0 0 0 0 0 0 0 0 0
162.6 -246.7 2633.0 0 0 0 0 0 0 0 0 0
-89.7 -818.6 2715.0 0 0 0 0 0 0 0 0 0
73.2 -823.9 2709.2 0 0 0 0 0 0 0 0 0
-11.3 437.6 2697.3 5 0.9978694916 0.0035552846 -0.0651451275 -0.0039482145 0.9999747872 -0.0059038582 0.0651224926 0.0061484869 0.9978583455
-12.0 240.7 2696.1 0.9978694916 0.0035552846 -0.0651451275 -0.0039482145 0.9999747872 -0.0059038582 0.0651224926 0.0061484869 0.9978583455
-12.7 46.6 2695.3 0.9978687167 0.0038755799 -0.0651381388 -0.0041463487 0.9999833107 -0.0040221666 0.0651214644 0.0042836796 0.9978681207
-148.3 241.2 2687.2 0.2217504382 -0.6686791182 -0.7097147703 0.9748752117 0.1362828910 0.1761968285 -0.0210971646 -0.7309550047 0.6820994616
-208.1 -21.9 2692.9 -0.0391180888 -0.6706938148 -0.7407020926 0.9625787735 0.1736408323 -0.2080648541 0.2681639493 -0.7211232185 0.6388031244
124.4 240.1 2705.0 0.1835656464 0.6505081654 0.7369822264 -0.9828761816 0.1337118745 0.1267895252 -0.0160656665 -0.7476364970 0.6639138460
169.5 -1.8 2701.0 -0.0229584184 0.6526798010 0.7572858930 -0.9642005563 0.1857082993 -0.1892872602 -0.2641782463 -0.7345212698 0.6250507236
-103.4 -149.0 2690.6 0.9983128905 -0.0243306886 -0.0527204275 0.0241550487 0.9997003675 -0.0039662374 0.0528011285 0.0026860812 0.9986014366
-94.0 -537.1 2689.6 0.9983775020 -0.0159912501 -0.0546501018 0.0205378197 0.9962816238 0.0836724713 0.0531088673 -0.0846591070 0.9949936271
75.5 -149.9 2700.0 0.9939600229 0.0660767481 -0.0876204595 -0.0623882413 0.9970731735 0.0441898480 0.0902839303 -0.0384564549 0.9951733351
49.9 -537.0 2714.9 0.9926658869 -0.0783337355 -0.0920773372 0.0761982203 0.9967407584 -0.0264892243 0.0938522369 0.0192788206 0.9953994751
-198.2 -266.2 2624.8 0 0 0 0 0 0 0 0 0
163.7 -248.0 2633.6 0 0 0 0 0 0 0 0 0
-89.5 -818.1 2713.4 0 0 0 0 0 0 0 0 0
72.3 -823.1 2709.4 0 0 0 0 0 0 0 0 0
-11.8 436.4 2696.6 6 0.9973446131 0.0006127346 -0.0728240609 -0.0010219094 0.9999839067 -0.0055815494 0.0728194639 0.0056411480 0.9973291755
-11.9 239.5 2695.5 0.9973446131 0.0006127346 -0.0728240609 -0.0010219094 0.9999839067 -0.0055815494 0.0728194639 0.0056411480 0.9973291755
-12.1 45.4 2694.7 0.9973446727 0.0006290927 -0.0728230998 -0.0009256661 0.9999914169 -0.0040388396 0.0728199333 0.0040955255 0.9973366857
-148.2 239.6 2685.6 0.2217276394 -0.6638485193 -0.7142422199 0.9747921228 0.1322406530 0.1797017753 -0.0248429049 -0.7360825539 0.6764357090
-207.2 -19.6 2692.2 -0.0354435518 -0.6658402085 -0.7452520132 0.9648135304 0.1716107130 -0.1992101073 0.2605353296 -0.7260898948 0.6363291144
124.3 239.4 2705.5 0.1859713048 0.6563161016 0.7312070727 -0.9824855924 0.1330696940 0.1304395795 -0.0116919084 -0.7426584959 0.6695683002
169.5 0.9 2702.6 -0.0207855143 0.6584566236 0.7523316145 -0.9639782906 0.1863810569 -0.1897575706 -0.2651674747 -0.7291755676 0.6308638453
-102.9 -147.2 2688.6 0.9978584051 -0.0243758596 -0.0606992096 0.0248534624 0.9996657372 0.0071257148 0.0605052225 -0.0086190403 0.9981306791
-93.4 -535.3 2692.0 0.9979401231 -0.0157574713 -0.0621871240 0.0203334279 0.9970767498 0.0736508667 0.0608447865 -0.0747636333 0.9953433275
75.9 -147.9 2700.3 0.9932449460 0.0653883442 -0.0958585739 -0.0620321743 0.9973661900 0.0375864320 0.0980638117 -0.0313862152 0.9946850538
50.5 -535.1 2712.5 0.9923363924 -0.0736931115 -0.0991856158 0.0725323334 0.9972492456 -0.0152635714 0.1000375971 0.0079524340 0.9949519038
-198.2 -264.5 2626.1 0 0 0 0 0 0 0 0 0
164.1 -245.3 2634.9 0 0 0 0 0 0 0 0 0
-88.9 -818.9 2713.2 0 0 0 0 0 0 0 0 0
71.7 -821.8 2710.2 0 0 0 0 0 0 0 0 0
-13.2 436.1 2696.3 7 0.9967972636 -0.0014212129 -0.0799573362 0.0010458872 0.9999882579 -0.0047357576 0.0799631253 0.0046369638 0.9967870116
-12.9 239.1 2695.4 0.9967972636 -0.0014212129 -0.0799573362 0.0010458872 0.9999882579 -0.0047357576 0.0799631253 0.0046369638 0.9967870116
-12.8 45.0 2694.9 0.9967979789 -0.0005812168 -0.0799593404 0.0003633144 0.9999961853 -0.0027396863 0.0799606219 0.0027018632 0.9967943430
-149.1 239.0 2684.5 0.2163880765 -0.6596897244 -0.7197121978 0.9759451747 0.1260783821 0.1778631657 -0.0265943557 -0.7408871055 0.6711028814
-206.7 -20.8 2691.5 -0.0349350832 -0.6625667810 -0.7481877208 0.9627097249 0.1786516756 -0.2031589150 0.2682713270 -0.7273849845 0.6316182613
123.3 239.1 2706.3 0.1890916973 0.6587932110 0.7281729579 -0.9816049337 0.1467400193 0.1221440807 -0.0263844188 -0.7378745675 0.6744219661
169.4 -0.2 2699.9 -0.0145120667 0.6602461338 0.7509090304 -0.9629281163 0.1930848807 -0.1883818358 -0.2693675756 -0.7258052230 0.6329675317
-101.5 -148.7 2687.4 0.9974406958 -0.0222500972 -0.0679485127 0.0231422763 0.9996556044 0.0123713324 0.0676498488 -0.0139121534 0.9976121187
-92.9 -536.7 2692.8 0.9975047708 -0.0142507497 -0.0691460446 0.0192036405 0.9972555637 0.0715020448 0.0679373220 -0.0726514831 0.9950408340
77.2 -148.8 2700.5 0.9921289682 0.0700274482 -0.1038089693 -0.0675480440 0.9973447919 0.0272147749 0.1054391190 -0.0199884716 0.9942248464
50.0 -536.0 2708.2 0.9914890528 -0.0760646462 -0.1056578755 0.0765283778 0.9970673323 0.0003357951 0.1053224728 -0.0084187631 0.9944024682
-197.9 -265.2 2623.5 0 0 0 0 0 0 0 0 0
165.7 -246.1 2631.1 0 0 0 0 0 0 0 0 0
-88.9 -818.0 2713.3 0 0 0 0 0 0 0 0 0
71.6 -819.9 2710.6 0 0 0 0 0 0 0 0 0
-13.1 436.9 2696.1 8 0.9965034127 -0.0029467491 -0.0835003704 0.0026458332 0.9999896288 -0.0037141955 0.0835104510 0.0034802803 0.9965008497
-12.5 239.7 2695.5 0.9965034127 -0.0029467491 -0.0835003704 0.0026458332 0.9999896288 -0.0037141955 0.0835104510 0.0034802803 0.9965008497
-11.8 45.6 2695.0 0.9965008497 -0.0036389851 -0.0835034177 0.0034180016 0.9999902844 -0.0027892059 0.0835127607 0.0024940311 0.9965035915
-148.7 239.2 2684.0 0.2165853977 -0.6574896574 -0.7216634154 0.9758245945 0.1236318499 0.1802262515 -0.0292763114 -0.7432513237 0.6683714390
-206.5 -21.3 2691.9 -0.0345391035 -0.6610271931 -0.7495666146 0.9605523348 0.1851301342 -0.2075234652 0.2759460211 -0.7271656394 0.6285569668
123.6 240.1 2706.9 0.1862410456 0.6600916982 0.7277315855 -0.9817957878 0.1531547457 0.1123415679 -0.0372998081 -0.7354063988 0.6765989661
169.3 -0.5 2697.7 -0.0111187501 0.6611190438 0.7501986623 -0.9636406302 0.1932209730 -0.1845598370 -0.2669701278 -0.7249739766 0.6349328160
-102.0 -149.2 2687.2 0.9972469211 -0.0196241718 -0.0715088472 0.0204542726 0.9997314215 0.0108945845 0.0712758452 -0.0123272520 0.9973804951
-94.4 -537.3 2692.0 0.9971743822 -0.0196302179 -0.0725113526 0.0245700516 0.9973913431 0.0678737611 0.0709898174 -0.0694635808 0.9950553775
76.6 -149.1 2701.5 0.9916004539 0.0726105347 -0.1070337147 -0.0694663599 0.9970442057 0.0328217484 0.1091005504 -0.0251108203 0.9937134981
48.4 -536.2 2711.3 0.9904274940 -0.0825815573 -0.1106057093 0.0810599625 0.9965432286 -0.0181914084 0.1117256433 0.0090515772 0.9936978817
-197.7 -265.1 2621.8 0 0 0 0 0 0 0 0 0
166.4 -246.5 2629.5 0 0 0 0 0 0 0 0 0
-88.8 -819.7 2711.6 0 0 0 0 0 0 0 0 0
71.9 -819.7 2708.7 0 0 0 0 0 0 0 0 0
-12.0 436.0 2696.1 9 0.9970927238 0.0013706734 -0.0761852562 -0.0021479065 0.9999464750 -0.0101208799 0.0761673078 0.0102550946 0.9970422983
-12.3 238.9 2694.0 0.9970927238 0.0013706734 -0.0761852562 -0.0021479065 0.9999464750 -0.0101208799 0.0761673078 0.0102550946 0.9970422983
-12.0 44.8 2692.3 0.9970929027 -0.0012319084 -0.0761851668 0.0005603729 0.9999608397 -0.0088352663 0.0761930645 0.0087668896 0.9970545173
-148.5 238.8 2683.6 0.2176813334 -0.6642683148 -0.7150961161 0.9754270315 0.1225283220 0.1831090450 -0.0340140052 -0.7373835444 0.6746173501
-206.4 -20.8 2692.7 -0.0348172486 -0.6683815122 -0.7430033088 0.9575913548 0.1904591918 -0.2162037343 0.2860184014 -0.7190212011 0.6334050894
124.0 239.0 2704.4 0.1869625300 0.6583593488 0.7291145325 -0.9822091460 0.1385856420 0.1267251521 -0.0176141225 -0.7398357987 0.6725568771
169.4 0.4 2700.2 -0.0095343729 0.6600556970 0.7511561513 -0.9633075595 0.1954385042 -0.1839628369 -0.2682305574 -0.7253484130 0.6339732409
-100.4 -148.9 2687.0 0.9977890253 -0.0174352974 -0.0641333461 0.0177122112 0.9998360872 0.0037517189 0.0640574172 -0.0048793671 0.9979342818
-93.6 -537.0 2688.9 0.9976834059 -0.0190862622 -0.0652958751 0.0243992899 0.9963694215 0.0815641135 0.0635020584 -0.0829683319 0.9945269227
78.2 -148.3 2702.0 0.9919888973 0.0768820196 -0.1002358273 -0.0753334835 0.9969745278 0.0191491861 0.1014047936 -0.0114446655 0.9947794080
48.3 -535.3 2706.4 0.9917479157 -0.0788803771 -0.1010640413 0.0801272541 0.9967498183 0.0083316788 0.1000783592 -0.0163609087 0.9948450327
-197.6 -263.9 2620.1 0 0 0 0 0 0 0 0 0
167.0 -245.6 2631.7 0 0 0 0 0 0 0 0 0
-88.2 -819.9 2712.5 0 0 0 0 0 0 0 0 0
71.3 -825.0 2711.2 0 0 0 0 0 0 0 0 0
-12.3 437.6 2695.5 0 0.9965837598 -0.0034010711 -0.0825182498 0.0025874274 0.9999470115 -0.0099651022 0.0825477690 0.0097175492 0.9965397120
-11.7 240.7 2693.6 0.9965837598 -0.0034010711 -0.0825182498 0.0025874274 0.9999470115 -0.0099651022 0.0825477690 0.0097175492 0.9965397120
-10.3 46.6 2692.1 0.9965655804 -0.0068169432 -0.0825264752 0.0061481693 0.9999461770 -0.0083551696 0.0825789943 0.0078190872 0.9965538383
-147.8 239.9 2682.3 0.2190621793 -0.6599838734 -0.7186327577 0.9749579430 0.1191330478 0.1877878755 -0.0383240655 -0.7417739630 0.6695541143
-206.4 -20.9 2692.6 -0.0344841331 -0.6641383767 -0.7468139529 0.9591082931 0.1880610138 -0.2115286589 0.2809308767 -0.7235698104 0.6304954886
124.5 241.6 2704.9 0.1822960377 0.6638246179 0.7253310084 -0.9831426740 0.1336369216 0.1247865260 -0.0140946368 -0.7358519435 0.6769957542
169.4 -0.7 2701.4 -0.0087961899 0.6660216451 0.7458805442 -0.9610303044 0.2004744709 -0.1903437972 -0.2763030827 -0.7184880972 0.6383035779
-101.1 -149.4 2683.8 0.9973016381 -0.0198162273 -0.0706878975 0.0206253026 0.9997296333 0.0107342210 0.0704560801 -0.0121632153 0.9974406958
-93.4 -537.5 2688.5 0.9972004294 -0.0201262999 -0.0720152184 0.0264857616 0.9957264662 0.0884718969 0.0699268505 -0.0901315957 0.9934719801
77.5 -149.3 2697.5 0.9913766980 0.0773911327 -0.1057487503 -0.0743446946 0.9967042208 0.0324586928 0.1079122424 -0.0243169330 0.9938629866
47.5 -536.2 2706.9 0.9909435511 -0.0797917694 -0.1080007926 0.0805684254 0.9967450500 0.0028398421 0.1074226573 -0.0115155773 0.9941467643
-197.6 -264.3 2621.3 0 0 0 0 0 0 0 0 0
167.2 -246.1 2630.8 0 0 0 0 0 0 0 0 0
-87.7 -822.7 2714.3 0 0 0 0 0 0 0 0 0
70.1 -818.6 2710.2 0 0 0 0 0 0 0 0 0
-10.0 437.2 2695.7 1 0.9970280528 0.0040596952 -0.0769319609 -0.0047213044 0.9999533892 -0.0084199999 0.0768941939 0.0087581957 0.9970008135
-10.8 240.4 2694.0 0.9970280528 0.0040596952 -0.0769319609 -0.0047213044 0.9999533892 -0.0084199999 0.0768941939 0.0087581957 0.9970008135
-11.0 46.3 2692.5 0.9970353842 0.0014756741 -0.0769303143 -0.0020839474 0.9999672174 -0.0078271292 0.0769162402 0.0079642441 0.9970057607
-147.0 240.7 2683.5 0.2225943059 -0.6621841788 -0.7155165076 0.9744685292 0.1290088594 0.1837602854 -0.0293751806 -0.7381523252 0.6739942431
-206.3 -19.0 2691.3 -0.0291397236 -0.6650670767 -0.7462148666 0.9612397552 0.1861188412 -0.2034156471 0.2741697133 -0.7232188582 0.6338654757
125.5 240.2 2704.5 0.1812057346 0.6594243050 0.7296054363 -0.9832718372 0.1354110837 0.1218208373 -0.0184650328 -0.7394751310 0.6729305983
169.3 2.2 2700.1 -0.0112806819 0.6615093350 0.7498521209 -0.9619666934 0.1975065619 -0.1887093037 -0.2729336619 -0.7234615088 0.6341219544
-98.3 -148.1 2683.2 0.9978517294 -0.0091757411 -0.0648667291 0.0095264902 0.9999415874 0.0050999927 0.0648161471 -0.0057069887 0.9978808761
-94.7 -536.2 2685.4 0.9976872802 -0.0182493385 -0.0654759184 0.0255187545 0.9933842421 0.1119668260 0.0629994273 -0.1133787408 0.9915524721
80.3 -146.9 2698.0 0.9911198616 0.0884652808 -0.0992739499 -0.0849045590 0.9956040382 0.0395450592 0.1023359075 -0.0307650808 0.9942740202
45.9 -533.4 2709.9 0.9903056026 -0.0922678858 -0.1038337797 0.0913674012 0.9957270026 -0.0134058055 0.1046270207 0.0037888219 0.9945043325
-198.9 -263.0 2621.7 0 0 0 0 0 0 0 0 0
166.4 -243.5 2630.4 0 0 0 0 0 0 0 0 0
-89.5 -819.7 2717.7 0 0 0 0 0 0 0 0 0
72.5 -820.7 2708.8 0 0 0 0 0 0 0 0 0
-10.1 440.4 2694.9 2 0.9966855049 0.0025587017 -0.0813109428 -0.0028773872 0.9999886155 -0.0038024110 0.0813002884 0.0040237708 0.9966815114
-10.6 243.6 2694.1 0.9966855049 0.0025587017 -0.0813109428 -0.0028773872 0.9999886155 -0.0038024110 0.0813002884 0.0040237708 0.9966815114
-10.8 49.4 2693.6 0.9966880679 0.0013758402 -0.0813083202 -0.0015817813 0.9999957085 -0.0024684838 0.0813045725 0.0025889203 0.9966859221
-146.7 243.8 2683.0 0.2264368534 -0.6584809422 -0.7177250385 0.9734192491 0.1269838363 0.1906044185 -0.0343699083 -0.7418072224 0.6697318554
-208.1 -19.9 2692.3 -0.0374463797 -0.6620698571 -0.7485060096 0.9590138197 0.1867217422 -0.2131371498 0.2808740437 -0.7258088589 0.6279420853
125.6 243.3 2705.2 0.1767906249 0.6614546180 0.7288503647 -0.9839133024 0.1380940676 0.1133342311 -0.0256844610 -0.7371619940 0.6752277017
169.3 0.2 2698.8 -0.0094721168 0.6631940007 0.7483876348 -0.9629194736 0.1957508922 -0.1856547296 -0.2696226537 -0.7223955393 0.6367482543
-100.6 -147.6 2684.0 0.9974514246 -0.0176038221 -0.0691432059 0.0178217571 0.9998379350 0.0025363029 0.0690873563 -0.0037620924 0.9976035357
-93.8 -535.7 2685.5 0.9973218441 -0.0191840567 -0.0705769584 0.0265110582 0.9941829443 0.1043909714 0.0681637600 -0.1059824675 0.9920289516
78.0 -148.0 2697.8 0.9913806319 0.0795386136 -0.1041061059 -0.0757998452 0.9963445067 0.0393959843 0.1068590507 -0.0311651900 0.9937856197
47.1 -534.7 2709.9 0.9904928803 -0.0846106708 -0.1084659621 0.0832084492 0.9963802695 -0.0173974354 0.1095453575 0.0082067512 0.9939479232
-198.6 -263.3 2621.0 0 0 0 0 0 0 0 0 0
166.9 -245.7 2630.0 0 0 0 0 0 0 0 0 0
-88.4 -818.3 2715.6 0 0 0 0 0 0 0 0 0
71.7 -824.7 2707.5 0 0 0 0 0 0 0 0 0
-10.6 437.3 2694.4 3 0.9981700778 0.0018077826 -0.0604419596 -0.0020770007 0.9999881983 -0.0043916302 0.0604333058 0.0045091314 0.9981620312
-10.9 240.7 2693.5 0.9981700778 0.0018077826 -0.0604419596 -0.0020770007 0.9999881983 -0.0043916302 0.0604333058 0.0045091314 0.9981620312
-11.1 46.6 2693.0 0.9981713295 0.0010269622 -0.0604394749 -0.0011886468 0.9999958277 -0.0026392555 0.0604365133 0.0027062704 0.9981683493
-147.3 240.9 2685.3 0.2275051624 -0.6724623442 -0.7042980790 0.9732407928 0.1330266893 0.1873665154 -0.0323064812 -0.7280784845 0.6847320795
-207.3 -16.1 2693.8 -0.0365590490 -0.6758890748 -0.7360960841 0.9559883475 0.1909236759 -0.2227878273 0.2911180258 -0.7118442059 0.6391620636
125.4 240.5 2701.8 0.1820808649 0.6483403444 0.7392573357 -0.9832646847 0.1247150451 0.1328033954 -0.0060947123 -0.7510665655 0.6601983905
169.3 3.5 2700.3 -0.0080349045 0.6505054832 0.7594590783 -0.9654089212 0.1928942800 -0.1754350662 -0.2606167793 -0.7345981598 0.6264538765
-100.4 -144.5 2685.8 0.9986692071 -0.0179530010 -0.0483478606 0.0183246396 0.9998057485 0.0072545130 0.0482082292 -0.0081308158 0.9988042116
