-377.3 537.6 2435.2 9 0.9799371958 0.0905644149 -0.1775421798 -0.0747666135 0.9927845001 0.0937488228 0.1847514361 -0.0785937309 0.9796376824
-395.7 335.7 2451.2 0.9799371958 0.0905644149 -0.1775421798 -0.0747666135 0.9927845001 0.0937488228 0.1847514361 -0.0785937309 0.9796376824
-412.8 141.1 2464.8 0.9800657034 0.0873955265 -0.1784188449 -0.0733320713 0.9937669039 0.0839627385 0.1846447140 -0.0692051724 0.9803657532
-535.3 346.2 2424.9 0.2112152129 -0.8906320333 -0.4026943147 0.9774063230 0.1958486140 0.0794996023 0.0080622295 -0.4103874862 0.9118756056
-589.2 96.6 2422.9 -0.0730854645 -0.8903460503 -0.4493800402 0.9695814252 0.0421094410 -0.2411194891 0.2336029261 -0.4533328712 0.8601854444
-256.1 325.3 2477.5 0.0816879496 0.9963864684 0.0232605431 -0.9688773155 0.0739174560 0.2362477481 0.2336747050 -0.0418352075 0.9714143872
-235.3 78.7 2537.0 0.0530514047 0.9963864684 0.0663288981 -0.9262768626 0.0739174560 -0.3695231080 -0.3730907142 -0.0418352075 0.9268512130
-519.9 -45.1 2461.4 0.6747758985 -0.0271467026 -0.7375232577 0.0959447250 0.9940693974 0.0511922576 0.7317596078 -0.1053047627 0.6733786464
-509.2 -434.4 2502.6 0.6813277602 0.0281554367 -0.7314367890 -0.0896666124 0.9949445128 -0.0452250317 0.7264657021 0.0963985249 0.6804079413
-342.5 -59.1 2492.4 0.9882580042 -0.0704089627 -0.1356048733 0.0831497163 0.9924008846 0.0907006785 0.1281882524 -0.1009111777 0.9866026044
-314.9 -447.8 2532.0 0.9895821810 0.0669902712 -0.1274340302 -0.0693717599 0.9974878430 -0.0143374549 0.1261534244 0.0230284128 0.9917434454
-568.9 -172.9 2357.9 0 0 0 0 0 0 0 0 0
-221.6 -159.2 2441.2 0 0 0 0 0 0 0 0 0
-518.1 -747.5 2472.3 0 0 0 0 0 0 0 0 0
-335.9 -759.8 2524.7 0 0 0 0 0 0 0 0 0
-377.8 538.1 2439.8 0 0.9754549265 0.0875120088 -0.2020625770 -0.0718857422 0.9939172864 0.0834315568 0.2081347555 -0.0668583065 0.9758124352
-395.6 336.5 2453.3 0.9754549265 0.0875120088 -0.2020625770 -0.0718857422 0.9939172864 0.0834315568 0.2081347555 -0.0668583065 0.9758124352
-411.6 141.7 2465.3 0.9758378863 0.0817352235 -0.2026322484 -0.0673865378 0.9947715402 0.0767377317 0.2078449726 -0.0612288974 0.9762435555
-534.6 346.1 2423.7 0.2104752064 -0.8824025393 -0.4207919836 0.9775984883 0.1894711554 0.0916614756 -0.0011543793 -0.4306581020 0.9025143981
-589.2 92.3 2424.0 -0.0771108344 -0.8806648850 -0.4674219191 0.9674597979 0.0472250544 -0.2485785782 0.2409884632 -0.4713800251 0.8483663201
-256.6 326.9 2482.9 0.0993660763 0.9926743507 0.0687315911 -0.9677772522 0.0803504586 0.2386441380 0.2313732952 -0.0902300030 0.9686717391
-231.1 79.3 2542.1 0.0388603583 0.9926743507 0.1144007072 -0.9194596410 0.0803504586 -0.3848866522 -0.3912592530 -0.0902300030 0.9158464670
-518.5 -46.9 2461.7 0.6563295126 -0.0176943690 -0.7542667985 0.0912225842 0.9942516685 0.0560536683 0.7489392161 -0.1055958495 0.6541708708
-511.6 -436.3 2503.0 0.6624278426 0.0256570913 -0.7486862540 -0.0882462636 0.9951274395 -0.0439766422 0.7439098954 0.0952001140 0.6614642739
-341.4 -60.1 2495.0 0.9850006700 -0.0654028133 -0.1596752703 0.0787452981 0.9937826395 0.0787097067 0.1535346806 -0.0901027843 0.9840267301
-315.8 -449.3 2530.3 0.9862098098 0.0606228970 -0.1539971530 -0.0613862015 0.9981140494 -0.0002019900 0.1536944807 0.0096525047 0.9880712628
-567.8 -176.6 2357.0 0 0 0 0 0 0 0 0 0
-221.1 -156.9 2441.6 0 0 0 0 0 0 0 0 0
-519.6 -748.0 2473.2 0 0 0 0 0 0 0 0 0
-334.8 -762.8 2527.3 0 0 0 0 0 0 0 0 0
-377.0 540.7 2441.5 1 0.9801481366 0.0898869932 -0.1767199337 -0.0768726915 0.9938924909 0.0791726187 0.1827571988 -0.0640159547 0.9810717702
-395.2 339.7 2454.5 0.9801481366 0.0898869932 -0.1767199337 -0.0768726915 0.9938924909 0.0791726187 0.1827571988 -0.0640159547 0.9810717702
-412.3 144.9 2465.8 0.9803048372 0.0870037377 -0.1772930473 -0.0751116350 0.9945192337 0.0727303922 0.1826491505 -0.0579811819 0.9814670086
-534.8 350.4 2428.5 0.2029202580 -0.8927447796 -0.4022811651 0.9790099859 0.1929613054 0.0656152219 0.0190470498 -0.4071519375 0.9131618142
-588.7 90.3 2423.4 -0.0763293803 -0.8917746544 -0.4459952414 0.9672920704 0.0422944054 -0.2501145005 0.2419088930 -0.4504987597 0.8593782187
-255.6 329.0 2480.5 0.0965569913 0.9911342263 0.0912672430 -0.9762908816 0.0764632672 0.2025080174 0.1937340349 -0.1086569354 0.9750183821
-231.5 85.7 2528.8 0.0352817476 0.9911342263 0.1280943453 -0.9399090409 0.0764632672 -0.3327526450 -0.3395970464 -0.1086569354 0.9342737794
-515.7 -47.0 2458.6 0.6755565405 -0.0188152287 -0.7370680571 0.0922090113 0.9939818382 0.0591402687 0.7315195799 -0.1079169139 0.6732258797
-508.4 -436.3 2500.8 0.6803623438 0.0359893739 -0.7319917083 -0.0903625041 0.9952918291 -0.0350541100 0.7272837758 0.0899940953 0.6804111600
-339.4 -59.2 2496.1 0.9890255928 -0.0616225898 -0.1342795491 0.0723641142 0.9944296479 0.0766358599 0.1288090646 -0.0855118483 0.9879756570
-315.3 -448.7 2529.6 0.9896607399 0.0622228347 -0.1292283833 -0.0626028553 0.9980378747 0.0011232531 0.1290447265 0.0069784271 0.9916142225
-567.5 -178.6 2356.1 0 0 0 0 0 0 0 0 0
-222.5 -155.5 2441.6 0 0 0 0 0 0 0 0 0
-519.6 -747.1 2472.7 0 0 0 0 0 0 0 0 0
-334.8 -761.7 2527.4 0 0 0 0 0 0 0 0 0
-378.2 538.0 2442.9 2 0.9823196530 0.0879117697 -0.1652865261 -0.0761801079 0.9941906333 0.0760366544 0.1710108370 -0.0621007532 0.9833101034
-395.9 337.3 2455.4 0.9823196530 0.0879117697 -0.1652865261 -0.0761801079 0.9941906333 0.0760366544 0.1710108370 -0.0621007532 0.9833101034
-412.7 142.4 2466.3 0.9824228883 0.0855984911 -0.1658860296 -0.0749966800 0.9947822690 0.0691644177 0.1709408611 -0.0555078052 0.9837164879
-535.9 347.9 2431.1 0.2100149989 -0.8962126374 -0.3907641172 0.9775178432 0.2001513690 0.0663193539 0.0187757295 -0.3959069848 0.9180986285
-589.8 97.1 2426.3 -0.0822423473 -0.8952734470 -0.4378602803 0.9660759568 0.0363078937 -0.2556930780 0.2448130101 -0.4440351129 0.8619161248
-256.0 326.6 2479.8 0.0922954753 0.9902833104 0.1040218249 -0.9803719521 0.0720962062 0.1835020632 0.1742194444 -0.1189164892 0.9775000811
-233.0 82.3 2523.2 0.0413809419 0.9898513556 0.1359482259 -0.9430812597 0.0836326331 -0.3218746483 -0.3299777806 -0.1148907468 0.9369710684
-517.9 -43.0 2460.7 0.6840488911 -0.0221648458 -0.7290993333 0.0867844597 0.9949117899 0.0511764959 0.7242551446 -0.0982817113 0.6824918985
-509.2 -432.7 2499.2 0.6887355447 0.0303980205 -0.7243751287 -0.0817586780 0.9960039854 -0.0359393358 0.7203879952 0.0839766487 0.6884686351
-340.7 -56.6 2493.7 0.9901059270 -0.0672041476 -0.1231820136 0.0772722885 0.9938861132 0.0788627788 0.1171289906 -0.0876010656 0.9892455935
-314.4 -445.9 2528.0 0.9908179045 0.0653296486 -0.1183718890 -0.0643971637 0.9978559017 0.0116894813 0.1188817546 -0.0039593335 0.9929005504
-566.9 -171.5 2358.2 0 0 0 0 0 0 0 0 0
-222.4 -159.9 2438.5 0 0 0 0 0 0 0 0 0
-518.8 -747.4 2472.7 0 0 0 0 0 0 0 0 0
-335.1 -761.4 2529.3 0 0 0 0 0 0 0 0 0
-377.0 537.2 2443.6 3 0.9836412072 0.0851254463 -0.1587565541 -0.0743864179 0.9945969582 0.0724124983 0.1640629321 -0.0594185852 0.9846587181
-394.2 336.6 2455.6 0.9836412072 0.0851254463 -0.1587565541 -0.0743864179 0.9945969582 0.0724124983 0.1640629321 -0.0594185852 0.9846587181
-410.5 141.7 2466.2 0.9837301970 0.0832586959 -0.1591943502 -0.0733345672 0.9950381517 0.0672395006 0.1640027165 -0.0544710830 0.9849548340
-534.4 347.0 2432.2 0.2128371447 -0.8976774216 -0.3858439624 0.9766926765 0.2066875249 0.0578932464 0.0277796723 -0.3891728222 0.9207457900
-589.4 94.4 2425.0 -0.0850981176 -0.8972722292 -0.4331983924 0.9672185183 0.0300124642 -0.2521657944 0.2392627299 -0.4404563606 0.8653042912
-254.0 326.1 2478.9 0.0715608150 0.9973528385 0.0128988037 -0.9705842137 0.0666480437 0.2313533425 0.2298812270 -0.0290752091 0.9727842808
-235.9 80.6 2537.1 0.0505932271 0.9973528385 0.0522269569 -0.9232493043 0.0666480437 -0.3783765435 -0.3808557391 -0.0290752091 0.9241772294
-518.3 -45.6 2461.7 0.6888406873 -0.0248795766 -0.7244856954 0.0887052417 0.9947931767 0.0501786917 0.7194650173 -0.0988308042 0.6874609590
-508.5 -435.3 2500.5 0.6935473680 0.0320499651 -0.7196977735 -0.0825001821 0.9959710240 -0.0351494066 0.7156715393 0.0837529749 0.6933972239
-340.7 -59.2 2492.6 0.9910069108 -0.0650564581 -0.1169313416 0.0751156658 0.9936488271 0.0837831274 0.1107380539 -0.0918130353 0.9895996451
-315.2 -448.4 2528.6 0.9917293191 0.0635861456 -0.1114888117 -0.0633274987 0.9979755878 0.0058632423 0.1116359308 0.0012455580 0.9937483668
-565.8 -174.5 2358.5 0 0 0 0 0 0 0 0 0
-222.9 -156.3 2439.4 0 0 0 0 0 0 0 0 0
-518.6 -747.5 2474.2 0 0 0 0 0 0 0 0 0
-335.1 -760.6 2528.2 0 0 0 0 0 0 0 0 0
-376.5 536.8 2443.9 4 0.9589087367 0.0686693266 -0.2752791345 -0.0486162193 0.9956862926 0.0790273920 0.2795183957 -0.0623970218 0.9581106901
-390.3 336.0 2456.5 0.9589087367 0.0686693266 -0.2752791345 -0.0486162193 0.9956862926 0.0790273920 0.2795183957 -0.0623970218 0.9581106901
-403.4 140.9 2467.6 0.9589033723 0.0667435080 -0.2757710218 -0.0486950167 0.9962302446 0.0717917830 0.2795230746 -0.0554127097 0.9585385919
-526.0 342.9 2417.0 0.2363237292 -0.8475322723 -0.4752264321 0.9713318944 0.1930735558 0.1386974752 -0.0257969219 -0.4943800867 0.8688629270
-587.9 88.6 2423.7 -0.0822560415 -0.8443199396 -0.5294882059 0.9681279659 0.0584158450 -0.2435484529 0.2365633249 -0.5326457024 0.8126046658
-254.7 329.1 2496.1 0.0735875368 0.9972395301 0.0099086054 -0.9826595187 0.0708089545 0.1713663191 0.1701916456 -0.0223472100 0.9851575494
-236.0 79.3 2539.3 0.0570049658 0.9972395301 0.0475787781 -0.9229620695 0.0708089545 -0.3783213794 -0.3806460500 -0.0223472100 0.9244507551
-515.7 -46.6 2462.1 0.5976085663 -0.0186726376 -0.8015705347 0.0875011608 0.9952764511 0.0420512035 0.7969990969 -0.0952685103 0.5964196324
-508.4 -436.5 2499.4 0.6011248827 0.0320588276 -0.7985118032 -0.0860817432 0.9959789515 -0.0248161089 0.7945054173 0.0836548731 0.6014673710
-337.9 -59.8 2491.7 0.9702701569 -0.0606088936 -0.2343125790 0.0821432173 0.9931368232 0.0832571164 0.2276583314 -0.1000290811 0.9685896039
-314.1 -448.9 2530.9 0.9712482095 0.0647053048 -0.2291073501 -0.0644647628 0.9978834391 0.0085421223 0.2291751504 0.0064728302 0.9733636975
-565.0 -180.6 2358.0 0 0 0 0 0 0 0 0 0
-221.3 -157.7 2441.6 0 0 0 0 0 0 0 0 0
-518.4 -747.0 2473.3 0 0 0 0 0 0 0 0 0
-334.3 -759.7 2528.9 0 0 0 0 0 0 0 0 0
-376.2 535.9 2436.1 5 0.9650669098 0.0621976629 -0.2545138001 -0.0397628285 0.9949308038 0.0923666209 0.2589686215 -0.0790197849 0.9626479745
-388.8 334.4 2452.1 0.9650669098 0.0621976629 -0.2545138001 -0.0397628285 0.9949308038 0.0923666209 0.2589686215 -0.0790197849 0.9626479745
-400.5 139.4 2465.8 0.9650557637 0.0598169677 -0.2551261485 -0.0399453975 0.9958004951 0.0823758245 0.2589822114 -0.0693061426 0.9633923769
-525.8 340.1 2415.4 0.2209601253 -0.8600937724 -0.4597992897 0.9747057557 0.1785319448 0.1344432235 -0.0335449167 -0.4778756201 0.8777868152
-583.2 86.9 2424.1 -0.0599982105 -0.8588501215 -0.5087009668 0.9707984924 0.0683786273 -0.2299448550 0.2322724313 -0.5076423883 0.8296678066
-251.8 328.7 2488.9 0.1246905997 0.9719568491 0.1993794888 -0.9729714990 0.0804155543 0.2164713591 0.1943676025 -0.2209825069 0.9557133317
-220.0 80.8 2538.4 -0.0076536965 0.9719568491 0.2350347787 -0.9283983111 0.0804155543 -0.3627808690 -0.3715077937 -0.2209825069 0.9017475843
-502.6 -49.8 2453.5 0.6145108938 0.0126912072 -0.7888062596 0.0852867216 0.9929418564 0.0824172646 0.7842847109 -0.1179210097 0.6090912223
-507.5 -438.5 2499.7 0.6166864634 0.0424072258 -0.7860657573 -0.0915661305 0.9956340790 -0.0181225445 0.7818653584 0.0831529275 0.6178771257
-330.5 -58.6 2503.7 0.9764419198 -0.0436359793 -0.2113221735 0.0564828515 0.9968797565 0.0551404618 0.2082566917 -0.0657775402 0.9758598804
-313.4 -448.8 2529.4 0.9752792716 0.0714890733 -0.2090925425 -0.0711290911 0.9974242449 0.0092504760 0.2092152834 0.0058507654 0.9778521061
-566.5 -182.9 2359.5 0 0 0 0 0 0 0 0 0
-221.9 -157.3 2443.1 0 0 0 0 0 0 0 0 0
-520.7 -747.6 2473.9 0 0 0 0 0 0 0 0 0
-335.7 -760.4 2527.6 0 0 0 0 0 0 0 0 0
-374.6 544.9 2433.7 6 0.9705736041 0.0694128200 -0.2305834144 -0.0472792797 0.9938463569 0.1001704931 0.2361175865 -0.0863210186 0.9678828120
-388.7 343.2 2451.2 0.9705736041 0.0694128200 -0.2305834144 -0.0472792797 0.9938463569 0.1001704931 0.2361175865 -0.0863210186 0.9678828120
-401.8 148.4 2466.3 0.9705556035 0.0673731938 -0.2312631160 -0.0475408584 0.9947803020 0.0902888179 0.2361390293 -0.0766358748 0.9686926007
-526.7 350.0 2417.6 0.2071242779 -0.8715569973 -0.4443961382 0.9781017303 0.1750059873 0.1126493141 -0.0204083100 -0.4579970539 0.8887194395
-582.7 85.5 2423.2 -0.0566885285 -0.8708646297 -0.4882429242 0.9724815488 0.0625235885 -0.2244336158 0.2259780020 -0.4875300527 0.8433554173
-250.7 336.4 2484.8 0.1044386923 0.9815418124 0.1602130681 -0.9797347784 0.0738561004 0.1861856282 0.1709162593 -0.1764112860 0.9693640471
-223.7 83.6 2528.9 0.0101284785 0.9815418124 0.1909792721 -0.9412033558 0.0738561004 -0.3296687305 -0.3376886249 -0.1764112860 0.9245785475
-499.1 -51.9 2456.1 0.6334878206 0.0197191332 -0.7735013366 0.0661377609 0.9946365952 0.0795226023 0.7709208727 -0.1015342474 0.6287859678
-506.8 -441.4 2495.9 0.6345658302 0.0394389816 -0.7718619108 -0.0809083730 0.9965995550 -0.0155945262 0.7686221600 0.0723458454 0.6355989575
-325.3 -59.2 2502.7 0.9819087386 -0.0264391936 -0.1874997765 0.0392612480 0.9971123934 0.0650033653 0.1852397174 -0.0711888522 0.9801114202
-314.9 -449.6 2530.6 0.9804791808 0.0653903037 -0.1854309291 -0.0663081706 0.9977983832 0.0012541407 0.1851046830 0.0110659264 0.9826564789
-566.9 -184.8 2360.3 0 0 0 0 0 0 0 0 0
-221.1 -157.9 2442.2 0 0 0 0 0 0 0 0 0
-518.9 -748.3 2473.6 0 0 0 0 0 0 0 0 0
-335.2 -759.2 2527.2 0 0 0 0 0 0 0 0 0
-372.4 545.8 2433.0 7 0.9748065472 0.0891785994 -0.2044488788 -0.0690530837 0.9922237992 0.1035551056 0.2120939344 -0.0868283734 0.9733843207
-390.5 344.7 2450.6 0.9748065472 0.0891785994 -0.2044488788 -0.0690530837 0.9922237992 0.1035551056 0.2120939344 -0.0868283734 0.9733843207
-407.4 150.2 2465.4 0.9748146534 0.0866653845 -0.2054884881 -0.0689618066 0.9933851957 0.0918159857 0.2120864838 -0.0753327087 0.9743430018
-529.2 354.6 2420.4 0.2056608498 -0.8824602962 -0.4230453968 0.9784630537 0.1775984317 0.1052085012 -0.0177101251 -0.4355715811 0.8999798894
-583.7 94.9 2425.1 -0.0589911714 -0.8820539117 -0.4674408436 0.9721609354 0.0556087643 -0.2276199013 0.2267668396 -0.4678552747 0.8542178869
-251.8 334.9 2480.8 0.1014048606 0.9773370028 0.1858211309 -0.9776800275 0.0633536279 0.2003198713 0.1840075701 -0.2019870281 0.9619472027
-226.8 94.1 2526.1 0.0222152416 0.9770867825 0.2116786838 -0.9492874146 0.0870358646 -0.3021227419 -0.3136237860 -0.1942321807 0.9294697046
-502.5 -42.1 2460.0 0.6537653804 0.0091767525 -0.7566416264 0.0632940382 0.9957591295 0.0667651370 0.7540455461 -0.0915396437 0.6504120231
-506.1 -432.0 2495.9 0.6544262171 0.0416532420 -0.7549777031 -0.0779655501 0.9968766570 -0.0125825647 0.7520955205 0.0670966059 0.6556297541
-327.5 -50.7 2502.6 0.9860765338 -0.0388066210 -0.1617005318 0.0478110872 0.9974930286 0.0521708876 0.1592705697 -0.0591755696 0.9854598641
-312.3 -441.3 2525.8 0.9844473600 0.0719369724 -0.1602760851 -0.0699575469 0.9973881841 0.0179662611 0.1611499190 -0.0064743157 0.9869086742
-567.3 -175.3 2362.1 0 0 0 0 0 0 0 0 0
-221.1 -149.6 2445.6 0 0 0 0 0 0 0 0 0
-519.4 -748.4 2474.6 0 0 0 0 0 0 0 0 0
-335.2 -759.5 2527.9 0 0 0 0 0 0 0 0 0
-374.2 544.8 2435.6 8 0.9797577858 0.0914177969 -0.1780939400 -0.0754450858 0.9926623702 0.0944956392 0.1854257286 -0.0791465268 0.9794657230
-392.7 343.7 2451.7 0.9797577858 0.0914177969 -0.1780939400 -0.0754450858 0.9926623702 0.0944956392 0.1854257286 -0.0791465268 0.9794657230
-409.8 149.1 2465.1 0.9799196124 0.0876143724 -0.1791124195 -0.0736495480 0.9938080311 0.0831948444 0.1852924228 -0.0683327094 0.9803047180
-532.2 354.2 2425.3 0.2123494744 -0.8905780911 -0.4022167921 0.9771679640 0.1965157390 0.0807735547 0.0071067684 -0.4101855755 0.9119743705
-587.2 100.9 2423.5 -0.0745247528 -0.8906370401 -0.4485663474 0.9724963903 0.0346301682 -0.2303292751 0.2206737101 -0.4533943832 0.8635604382
-253.2 333.2 2478.0 0.1045631543 0.9716504812 0.2120421976 -0.9795517921 0.0637714490 0.1908179969 0.1718861610 -0.2276588380 0.9584500790
-227.7 95.0 2519.8 0.0226893667 0.9713993073 0.2363653928 -0.9547487497 0.0911834091 -0.2830907404 -0.2965467572 -0.2192464173 0.9295111895
-512.4 -38.1 2461.1 0.6737838984 -0.0163158700 -0.7387482524 0.0776267201 0.9957870841 0.0488075614 0.7348396778 -0.0902323574 0.6722118855
-506.0 -427.9 2496.4 0.6753682494 0.0432427265 -0.7362117767 -0.0798129290 0.9967018366 -0.0146737881 0.7331491113 0.0686694309 0.6765921116
-336.4 -50.5 2499.4 0.9888625741 -0.0610231422 -0.1357458383 0.0690388829 0.9960887432 0.0551435091 0.1318498850 -0.0639010966 0.9892079234
-312.5 -440.5 2524.4 0.9886687398 0.0690693036 -0.1332798302 -0.0674661919 0.9975848794 0.0165124778 0.1340984553 -0.0073334873 0.9909408689
-566.5 -169.5 2362.1 0 0 0 0 0 0 0 0 0
-221.9 -150.3 2443.7 0 0 0 0 0 0 0 0 0
-519.8 -746.6 2474.5 0 0 0 0 0 0 0 0 0
-334.6 -759.6 2526.7 0 0 0 0 0 0 0 0 0
-377.0 541.1 2440.0 9 0.9816973805 0.0802334622 -0.1727219671 -0.0674238354 0.9946075082 0.0788029730 0.1781132072 -0.0657150969 0.9818132520
-393.3 338.8 2453.3 0.9816973805 0.0802334622 -0.1727219671 -0.0674238354 0.9946075082 0.0788029730 0.1781132072 -0.0657150969 0.9818132520
-408.8 143.9 2465.2 0.9817146063 0.0791030899 -0.1731448323 -0.0672085285 0.9950263500 0.0735226572 0.1780995429 -0.0605414584 0.9821482897
-533.2 348.4 2428.0 0.2150251865 -0.8924414515 -0.3966263235 0.9764353037 0.2041071802 0.0701024309 0.0183919650 -0.4023537338 0.9152995348
-587.8 100.2 2423.3 -0.0808766484 -0.8921638727 -0.4444126189 0.9691887498 0.0336867161 -0.2440048009 0.2326630652 -0.4504539967 0.8619507551
-253.5 329.2 2478.7 0.0927474424 0.9716613293 0.2174215764 -0.9821765423 0.0534274466 0.1802074015 0.1634842902 -0.2302601486 0.9592982531
-231.2 93.7 2517.9 0.0224665962 0.9714995623 0.2359743267 -0.9569803476 0.0891954079 -0.2761029601 -0.2892817259 -0.2196196914 0.9317098856
-515.5 -38.9 2461.8 0.6779523492 -0.0287590679 -0.7345430851 0.0820180327 0.9959546924 0.0367052481 0.7305160165 -0.0851301849 0.6775685549
-504.2 -428.9 2495.1 0.6792053580 0.0478189513 -0.7323888540 -0.0809527859 0.9966677427 -0.0100000901 0.7294701934 0.0660810322 0.6808131337
-338.5 -52.2 2495.2 0.9889709949 -0.0684711561 -0.1313318461 0.0784371123 0.9942960143 0.0722705796 0.1256342679 -0.0817748010 0.9887006283
-311.7 -441.5 2527.3 0.9892729521 0.0732928365 -0.1263613701 -0.0733309463 0.9972981215 0.0043564788 0.1263392568 0.0049564522 0.9919747114
-565.3 -169.2 2358.6 0 0 0 0 0 0 0 0 0
-225.5 -152.2 2443.6 0 0 0 0 0 0 0 0 0
-519.4 -745.5 2474.1 0 0 0 0 0 0 0 0 0
-335.1 -760.0 2525.7 0 0 0 0 0 0 0 0 0
-376.0 539.3 2444.1 0 0.9768772125 0.0766483694 -0.1995895058 -0.0629098117 0.9952498078 0.0742980465 0.2043362409 -0.0600239262 0.9770587683
-391.7 336.0 2456.4 0.9768772125 0.0766483694 -0.1995895058 -0.0629098117 0.9952498078 0.0742980465 0.2043362409 -0.0600239262 0.9770587683
-406.2 141.0 2467.2 0.9769871831 0.0741514862 -0.1999939084 -0.0614574291 0.9957246780 0.0689588413 0.2042522728 -0.0550807938 0.9773674607
-530.8 344.7 2427.3 0.2153929025 -0.8821156621 -0.4189007282 0.9763790369 0.2020186931 0.0766321048 0.0170273948 -0.4255118966 0.9047926068
-586.5 92.4 2422.9 -0.0752839223 -0.8814582825 -0.4662227333 0.9681951404 0.0472600423 -0.2456921786 0.2386011034 -0.4698912501 0.8498656750
-252.5 327.2 2485.5 0.0827933624 0.9773091078 0.1949671507 -0.9901955724 0.0585876592 0.1268078834 0.1125078276 -0.2035544664 0.9725778103
-232.1 82.7 2513.3 0.0242405348 0.9770084023 0.2118181288 -0.9593961835 0.0822947547 -0.2697899044 -0.2810185254 -0.1966776401 0.9393330216
-513.0 -44.9 2461.0 0.6576815844 -0.0095171081 -0.7532359362 0.0750056058 0.9957785010 0.0529088862 0.7495526075 -0.0912941173 0.6556190252
-509.3 -434.8 2496.7 0.6605762243 0.0318090059 -0.7500848174 -0.0781619996 0.9965865016 -0.0265723728 0.7466791272 0.0761812031 0.6608076096
-335.6 -57.0 2493.2 0.9853869677 -0.0621488392 -0.1585876644 0.0742006749 0.9946957827 0.0712362453 0.1533192247 -0.0819625780 0.9847717285
-311.3 -446.6 2525.3 0.9849143624 0.0772470459 -0.1548438221 -0.0758033097 0.9970067143 0.0152157089 0.1555556953 -0.0032484953 0.9878217578
-565.6 -176.8 2356.6 0 0 0 0 0 0 0 0 0
-225.8 -163.9 2441.0 0 0 0 0 0 0 0 0 0
-519.2 -745.2 2473.0 0 0 0 0 0 0 0 0 0
-335.7 -761.0 2526.3 0 0 0 0 0 0 0 0 0
-377.0 540.6 2444.7 1 0.9840674996 0.0836390033 -0.1568939239 -0.0739387870 0.9950307012 0.0666859373 0.1616917998 -0.0540229194 0.9853615165
-394.0 338.6 2455.7 0.9840674996 0.0836390033 -0.1568939239 -0.0739387870 0.9950307012 0.0666859373 0.1616917998 -0.0540229194 0.9853615165
-410.0 143.6 2465.4 0.9841864705 0.0814702660 -0.1572881639 -0.0725042224 0.9954433441 0.0619331673 0.1616171598 -0.0495497324 0.9856088161
-534.1 348.9 2432.7 0.1903222352 -0.9028526545 -0.3855314851 0.9810891747 0.1890142113 0.0416855551 0.0352350101 -0.3861744404 0.9217525721
-584.4 89.5 2423.4 -0.0844071954 -0.9014320374 -0.4246124029 0.9676217437 0.0275765322 -0.2508937716 0.2378730327 -0.4320414364 0.8699175715
-253.9 328.3 2478.7 0.0954797566 0.9677022696 0.2333151102 -0.9845356345 0.0572198853 0.1655761302 0.1468781382 -0.2455162108 0.9582006931
-230.2 83.5 2515.2 0.0200022962 0.9675947428 0.2517147362 -0.9577652216 0.0907786191 -0.2728462219 -0.2868548930 -0.2356260568 0.9285443425
-509.0 -48.5 2459.5 0.6898688674 0.0040566567 -0.7239230275 0.0700415298 0.9949189425 0.0723219365 0.7205380797 -0.1005973294 0.6860794425
-510.5 -438.1 2498.9 0.6933682561 0.0278331935 -0.7200456858 -0.0780399293 0.9962767959 -0.0366377383 0.7163450122 0.0815957561 0.6929588318
-332.4 -59.6 2496.4 0.9920355678 -0.0492078178 -0.1159486175 0.0576584861 0.9958303571 0.0706918910 0.1119865626 -0.0768142939 0.9907363653
-313.2 -449.6 2526.5 0.9909697771 0.0723498538 -0.1128911301 -0.0713739991 0.9973691702 0.0126674650 0.1135106236 -0.0044955835 0.9935266376
-560.9 -179.4 2357.2 0 0 0 0 0 0 0 0 0
-225.0 -162.7 2441.4 0 0 0 0 0 0 0 0 0
-519.1 -745.6 2473.8 0 0 0 0 0 0 0 0 0
-335.7 -759.9 2527.9 0 0 0 0 0 0 0 0 0
-374.5 541.3 2437.5 2 0.9845358729 0.0943435356 -0.1476089358 -0.0820791349 0.9928131104 0.0870925859 0.1547647119 -0.0736301616 0.9852038026
-393.7 339.4 2452.5 0.9845358729 0.0943435356 -0.1476089358 -0.0820791349 0.9928131104 0.0870925859 0.1547647119 -0.0736301616 0.9852038026
-411.6 144.9 2465.3 0.9846589565 0.0917737633 -0.1484059244 -0.0807655603 0.9936302900 0.0785861984 0.1546727717 -0.0653945133 0.9857991338
-533.9 350.9 2430.4 0.2048995793 -0.9030852914 -0.3774296045 0.9785669446 0.1971126199 0.0596096702 0.0205635224 -0.3815541565 0.9241177440
-587.4 95.5 2425.1 -0.0918689817 -0.9014260173 -0.4230735302 0.9665263891 0.0214899573 -0.2556657195 0.2395555824 -0.4323994517 0.8692777753
-253.4 327.9 2474.5 0.0858471096 0.9663100243 0.2426420599 -0.9823846817 0.0415250324 0.1821977198 0.1659837663 -0.2540089786 0.9528529644
-232.4 87.2 2515.2 0.0306816250 0.9662280679 0.2558554113 -0.9598082900 0.0999250859 -0.2622650862 -0.2789742649 -0.2375254333 0.9304595590
-514.8 -44.8 2460.6 0.6965324283 -0.0197010059 -0.7172547579 0.0810481980 0.9953857064 0.0513661243 0.7129331827 -0.0939103812 0.6949151754
-507.1 -434.5 2497.3 0.6998180747 0.0357283540 -0.7134270668 -0.0792308077 0.9964681268 -0.0278164130 0.7099134922 0.0759918317 0.7001771927
-337.1 -57.9 2489.7 0.9922884107 -0.0625033975 -0.1070376858 0.0721761957 0.9934117198 0.0890153050 0.1007687375 -0.0960544273 0.9902622104
-312.6 -446.9 2527.4 0.9923053384 0.0704948902 -0.1017869189 -0.0697810575 0.9975064397 0.0105611412 0.1022776142 -0.0033770783 0.9947501421
-561.8 -173.2 2358.5 0 0 0 0 0 0 0 0 0
-224.5 -159.6 2443.5 0 0 0 0 0 0 0 0 0
-518.2 -745.9 2473.6 0 0 0 0 0 0 0 0 0
-334.8 -760.6 2528.4 0 0 0 0 0 0 0 0 0
-372.9 541.5 2433.4 3 0.9842877388 0.0945459753 -0.1491264105 -0.0807982534 0.9921247363 0.0957085416 0.1570008546 -0.0821555927 0.9841753840
-392.1 339.9 2450.1 0.9842877388 0.0945459753 -0.1491264105 -0.0807982534 0.9921247363 0.0957085416 0.1570008546 -0.0821555927 0.9841753840
-410.0 145.4 2464.5 0.9844232798 0.0917608291 -0.1499691606 -0.0793540701 0.9930664897 0.0867285877 0.1568876356 -0.0734769702 0.9848793745
-532.3 351.2 2427.7 0.2160371542 -0.8999534845 -0.3786972761 0.9762442708 0.2056855559 0.0681219548 0.0165859684 -0.3844179213 0.9230101705
-588.2 98.7 2423.4 -0.0736428648 -0.9011498690 -0.4272067845 0.9701671600 0.0344803333 -0.2399723977 0.2309813350 -0.4321342707 0.8717268109
-251.8 328.6 2472.4 0.0839860067 0.9945558906 0.0616836548 -0.9619359970 0.0647654012 0.2654892504 0.2600489259 -0.0816331133 0.9621385336
-230.8 88.0 2537.5 0.0313580595 0.9945558906 0.0993740112 -0.9330984950 0.0647654012 -0.3537409306 -0.3582511544 -0.0816331133 0.9300495386
-518.5 -42.4 2464.1 0.6954402924 -0.0232324675 -0.7182081938 0.0850819349 0.9951087832 0.0501951613 0.7135291696 -0.0960142836 0.6940154433
-509.4 -432.1 2501.8 0.7005501986 0.0298106652 -0.7129802108 -0.0851728022 0.9954777956 -0.0420656428 0.7085019946 0.0901956186 0.6999211907
-340.6 -57.0 2492.1 0.9919989705 -0.0673557594 -0.1067766994 0.0749877021 0.9947841763 0.0691469237 0.1015623212 -0.0766006187 0.9918757081
-314.3 -446.5 2522.1 0.9925169945 0.0643376559 -0.1037817597 -0.0619248524 0.9977340102 0.0263089892 0.1052392498 -0.0196854491 0.9942520857
-567.7 -170.9 2359.2 0 0 0 0 0 0 0 0 0
-222.8 -151.1 2445.7 0 0 0 0 0 0 0 0 0
-518.8 -745.5 2473.4 0 0 0 0 0 0 0 0 0
-334.5 -760.7 2528.3 0 0 0 0 0 0 0 0 0
-373.2 537.1 2431.3 4 0.9877002239 0.0938400775 -0.1250694245 -0.0817861259 0.9917939305 0.0982641652 0.1332642138 -0.0868265927 0.9872698784
-392.2 335.8 2449.0 0.9877002239 0.0938400775 -0.1250694245 -0.0817861259 0.9917939305 0.0982641652 0.1332642138 -0.0868265927 0.9872698784
-410.1 141.4 2464.1 0.9878256917 0.0912759155 -0.1259725094 -0.0804405138 0.9928154349 0.0885822847 0.1331528872 -0.0773705617 0.9880709052
-532.9 347.3 2430.0 0.2090137303 -0.9096592665 -0.3589335382 0.9777036309 0.2019733638 0.0574661829 0.0202203710 -0.3629418612 0.9315923452
-586.6 96.3 2424.8 -0.0771070048 -0.9105079770 -0.4062385857 0.9676423073 0.0298438352 -0.2505548596 0.2402558923 -0.4124131799 0.8787448406
-251.5 324.4 2467.9 0.0826118067 0.9950154424 0.0558525473 -0.9656563401 0.0660691932 0.2512821257 0.2463394850 -0.0746932402 0.9663010836
-231.6 92.3 2527.1 0.0390769504 0.9950154424 0.0917453542 -0.9474521875 0.0660691932 -0.3130003214 -0.3175016940 -0.0746932402 0.9453113675
-517.0 -41.9 2464.7 0.7128104568 -0.0240513217 -0.7009442449 0.0774196014 0.9960025549 0.0445546471 0.6970706582 -0.0860258415 0.7118230462
-507.5 -432.0 2498.4 0.7165953517 0.0315947495 -0.6967732310 -0.0782238320 0.9963116646 -0.0352720432 0.6930888295 0.0797800496 0.7164237499
-339.0 -56.3 2493.1 0.9943171740 -0.0662438050 -0.0833372176 0.0730289370 0.9940194488 0.0811918005 0.0774603635 -0.0868164301 0.9932083488
-313.1 -445.5 2527.1 0.9946788549 0.0666618422 -0.0785505623 -0.0659065396 0.9977515340 0.0121719977 0.0791853517 -0.0069302330 0.9968358278
-565.2 -172.7 2358.0 0 0 0 0 0 0 0 0 0
-221.6 -150.6 2445.7 0 0 0 0 0 0 0 0 0
-517.6 -747.8 2473.1 0 0 0 0 0 0 0 0 0
-334.2 -761.1 2529.3 0 0 0 0 0 0 0 0 0
-374.2 537.6 2437.8 5 0.9853153825 0.0915002748 -0.1441572458 -0.0801653191 0.9933551550 0.0825775489 0.1507552117 -0.0698085129 0.9861032367
-392.7 336.7 2451.9 0.9853153825 0.0915002748 -0.1441572458 -0.0801653191 0.9933551550 0.0825775489 0.1507552117 -0.0698085129 0.9861032367
-410.2 142.0 2464.0 0.9853724837 0.0896601006 -0.1449211538 -0.0795388296 0.9940665960 0.0741971135 0.1507137865 -0.0615849346 0.9866573215
-533.0 348.1 2430.4 0.2058981955 -0.9041199684 -0.3743968308 0.9782239199 0.2003888637 0.0540575236 0.0261504650 -0.3773742914 0.9256915450
-587.2 90.8 2423.6 -0.0806762949 -0.9041411877 -0.4195474386 0.9680377245 0.0292107500 -0.2490977794 0.2374748588 -0.4262340367 0.8728861809
-252.3 325.4 2473.4 0.0830960348 0.9956225753 0.0427877083 -0.9628864527 0.0691515282 0.2608979344 0.2567970455 -0.0628792942 0.9644176960
-231.6 85.7 2537.3 0.0420085676 0.9956225753 0.0834926292 -0.9320559502 0.0691515282 -0.3556539714 -0.3598707616 -0.0628792942 0.9308809042
-517.2 -45.8 2467.2 0.6991138458 -0.0309817661 -0.7143388391 0.0742997080 0.9968000054 0.0294836704 0.7111395001 -0.0736876056 0.6991786361
-505.1 -436.2 2496.1 0.7015781403 0.0378285944 -0.7115877867 -0.0789876133 0.9965646267 -0.0248983223 0.7082013488 0.0736747384 0.7021558881
-338.7 -60.3 2491.3 0.9924640059 -0.0660684109 -0.1031996906 0.0744136274 0.9940755367 0.0792236775 0.0973541066 -0.0863061100 0.9915006161
-312.8 -449.7 2525.1 0.9928892851 0.0662966669 -0.0988720208 -0.0649294928 0.9977452755 0.0169855095 0.0997751802 -0.0104450192 0.9949551821
-564.8 -178.3 2357.6 0 0 0 0 0 0 0 0 0
-220.8 -153.4 2445.0 0 0 0 0 0 0 0 0 0
-516.9 -748.3 2473.0 0 0 0 0 0 0 0 0 0
-333.5 -761.1 2528.4 0 0 0 0 0 0 0 0 0
-374.6 537.3 2433.0 6 0.9826697111 0.0919363573 -0.1609593928 -0.0774511471 0.9925478101 0.0940754935 0.1684088558 -0.0799786523 0.9824672341
-393.2 336.8 2449.2 0.9826697111 0.0919363573 -0.1609593928 -0.0774511471 0.9925478101 0.0940754935 0.1684088558 -0.0799786523 0.9824672341
-410.5 142.3 2463.4 0.9828678370 0.0884831920 -0.1616835296 -0.0752704889 0.9934386611 0.0861044750 0.1682414711 -0.0724593177 0.9830790758
-533.2 347.5 2425.2 0.2087288499 -0.8974104524 -0.3886987567 0.9778918624 0.1966554672 0.0710924938 0.0126405880 -0.3949443996 0.9186180830
-587.6 92.9 2421.9 -0.0862932280 -0.8965442777 -0.4344673455 0.9709790349 0.0219528023 -0.2381550074 0.2230542749 -0.4424098432 0.8686313033
-253.2 326.1 2473.2 0.0884522349 0.9940748811 0.0631765798 -0.9723731875 0.0724178553 0.2219145596 0.2160245776 -0.0810600519 0.9730172753
-231.5 87.9 2526.1 0.0428352170 0.9940748811 0.0999010652 -0.9463872910 0.0724178553 -0.3148121834 -0.3201815188 -0.0810600519 0.9438819289
-516.8 -45.4 2462.4 0.6871279478 -0.0343429446 -0.7257243395 0.0770809948 0.9966905713 0.0258158818 0.7224359512 -0.0736783668 0.6875010729
-503.3 -435.8 2491.3 0.6884244084 0.0428096280 -0.7240436673 -0.0721694157 0.9973456860 -0.0096502285 0.7217087150 0.0588972569 0.6896866560
-338.7 -59.8 2489.7 0.9906133413 -0.0652903169 -0.1200930178 0.0765626654 0.9928319454 0.0917762220 0.1132400855 -0.1001093909 0.9885113835
-313.1 -448.7 2528.9 0.9910132289 0.0700040013 -0.1139832810 -0.0698449165 0.9975432754 0.0053936453 0.1140808314 0.0026159785 0.9934680462
-563.6 -177.0 2359.9 0 0 0 0 0 0 0 0 0
-220.5 -154.9 2443.9 0 0 0 0 0 0 0 0 0
-516.7 -748.1 2472.9 0 0 0 0 0 0 0 0 0
-334.9 -759.0 2528.1 0 0 0 0 0 0 0 0 0
-375.8 536.2 2439.2 7 0.9839997292 0.0878675655 -0.1549962610 -0.0770776346 0.9942518473 0.0743122250 0.1606349647 -0.0611764602 0.9851161838
-393.6 334.5 2451.6 0.9839997292 0.0878675655 -0.1549962610 -0.0770776346 0.9942518473 0.0743122250 0.1606349647 -0.0611764602 0.9851161838
-410.5 139.7 2462.6 0.9840863347 0.0861394033 -0.1554159075 -0.0760876983 0.9946749210 0.0695156679 0.1605763435 -0.0565841794 0.9854001403
-533.8 345.3 2428.7 0.2094374746 -0.9003427625 -0.3814693391 0.9775860310 0.2013661861 0.0614585616 0.0214812551 -0.3857908249 0.9223361611
-588.7 89.4 2423.1 -0.0864356607 -0.8997802734 -0.4276966155 0.9690486193 0.0237133857 -0.2457283735 0.2312436700 -0.4356985092 0.8698811531
-253.4 323.7 2474.4 0.0846731439 0.9955846667 0.0405163243 -0.9650033116 0.0718081146 0.2522145212 0.2481915057 -0.0604541823 0.9668227434
-232.4 85.0 2535.8 0.0462101176 0.9955846667 0.0817051902 -0.9355266094 0.0718081146 -0.3458809257 -0.3502208591 -0.0604541823 0.9347141981
-516.7 -45.5 2462.4 0.6914023161 -0.0330412723 -0.7217140198 0.0746961012 0.9968693852 0.0259205457 0.7185981870 -0.0718307495 0.6917058825
-503.7 -436.0 2490.5 0.6922985911 0.0437697321 -0.7202824950 -0.0693891346 0.9975711703 -0.0060734167 0.7182672620 0.0541843958 0.6936542392
-339.0 -59.1 2492.8 0.9915112853 -0.0627869591 -0.1138560995 0.0717061982 0.9945253134 0.0760107487 0.1084602848 -0.0835296959 0.9905852675
-314.5 -448.6 2525.5 0.9917770624 0.0658627301 -0.1097285599 -0.0647164360 0.9978057742 0.0139793567 0.1104085073 -0.0067631644 0.9938632846
-564.6 -179.9 2358.8 0 0 0 0 0 0 0 0 0
-220.6 -155.2 2445.9 0 0 0 0 0 0 0 0 0
-517.4 -746.9 2473.6 0 0 0 0 0 0 0 0 0
-334.9 -759.0 2527.6 0 0 0 0 0 0 0 0 0
-375.5 539.3 2442.7 8 0.9837455750 0.0882184282 -0.1564039886 -0.0784054473 0.9946100116 0.0678494275 0.1615465432 -0.0544836447 0.9853599668
-393.3 338.1 2453.7 0.9837455750 0.0882184282 -0.1564039886 -0.0784054473 0.9946100116 0.0678494275 0.1615465432 -0.0544836447 0.9853599668
-410.0 143.2 2463.6 0.9839729667 0.0848661512 -0.1568276286 -0.0757908821 0.9951328039 0.0629794151 0.1614091396 -0.0500839427 0.9856159091
-533.6 348.9 2430.7 0.2058847696 -0.9003589749 -0.3833603263 0.9781128764 0.2013933808 0.0523063838 0.0301117077 -0.3857387304 0.9221165180
-588.5 88.0 2422.7 -0.0884971768 -0.8990082145 -0.4288968146 0.9648869038 0.0295350272 -0.2609998286 0.2473084629 -0.4369346797 0.8648275137
-253.1 327.3 2476.7 0.0942074284 0.9927960038 0.0740341768 -0.9659380317 0.0731487721 0.2482195199 0.2410158515 -0.0948965549 0.9658706188
-229.0 80.1 2538.4 0.0329529122 0.9927960038 0.1151963696 -0.9281657338 0.0731487721 -0.3649077117 -0.3707053959 -0.0948965549 0.9238896966
-516.3 -48.2 2459.2 0.6900677085 -0.0211361367 -0.7234361172 0.0807597861 0.9955796599 0.0479475856 0.7192248702 -0.0915116295 0.6887243390
-508.0 -438.1 2495.1 0.6932796240 0.0286460239 -0.7200991511 -0.0651156679 0.9976125360 -0.0230047889 0.7177209258 0.0628384873 0.6934897304
-338.4 -61.9 2488.2 0.9916802049 -0.0533826835 -0.1171351969 0.0653519854 0.9927535057 0.1008443534 0.1109030396 -0.1076603681 0.9879826903
-317.5 -450.6 2530.4 0.9923592806 0.0547442250 -0.1105716452 -0.0560438074 0.9983906150 -0.0086774090 0.1099186540 0.0148079637 0.9938302636
-563.9 -180.2 2354.0 0 0 0 0 0 0 0 0 0
-220.5 -158.3 2443.2 0 0 0 0 0 0 0 0 0
-516.9 -745.7 2475.7 0 0 0 0 0 0 0 0 0
-334.5 -759.6 2525.8 0 0 0 0 0 0 0 0 0
-374.7 539.8 2444.5 9 0.9841477871 0.0831051990 -0.1566736251 -0.0734752640 0.9950910807 0.0662953109 0.1614140123 -0.0537327528 0.9854229093
-391.5 339.0 2455.3 0.9841477871 0.0831051990 -0.1566736251 -0.0734752640 0.9950910807 0.0662953109 0.1614140123 -0.0537327528 0.9854229093
-407.1 144.0 2464.9 0.9843503237 0.0798096210 -0.1571141928 -0.0710006431 0.9956147075 0.0609119162 0.1612865627 -0.0488034561 0.9857001901
-531.8 349.1 2432.4 0.2158050984 -0.8987777233 -0.3816107512 0.9760515690 0.2095357329 0.0584649220 0.0274141207 -0.3850888014 0.9224722981
-588.7 91.6 2425.1 -0.0894974172 -0.8978188634 -0.4311745465 0.9641447663 0.0304932129 -0.2636190951 0.2498301119 -0.4393079281 0.8628982902
-251.2 328.9 2478.3 0.0829756930 0.9945341945 0.0633782968 -0.9768337011 0.0685807019 0.2027129978 0.1972584724 -0.0787303075 0.9771850705
-230.7 87.6 2527.1 0.0398409441 0.9945341945 0.0965115204 -0.9462466240 0.0685807019 -0.3160917461 -0.3209828734 -0.0787303075 0.9438069463
-515.5 -44.9 2458.8 0.6897213459 -0.0218521301 -0.7237451077 0.0812707320 0.9955647588 0.0473909192 0.7194995284 -0.0915058255 0.6884381771
-507.0 -434.8 2494.6 0.6926201582 0.0319125615 -0.7205961943 -0.0670245886 0.9975458980 -0.0202448219 0.7181817293 0.0623196363 0.6930593848
-337.6 -58.6 2488.0 0.9913612008 -0.0578174591 -0.1177290902 0.0698663592 0.9924371243 0.1009317189 0.1110031083 -0.1082850918 0.9879031777
-315.0 -447.2 2530.4 0.9919717908 0.0604694746 -0.1110650972 -0.0611812770 0.9981221557 -0.0030088441 0.1106745899 0.0097797932 0.9938085675
-563.8 -176.5 2355.7 0 0 0 0 0 0 0 0 0
-220.5 -155.2 2444.7 0 0 0 0 0 0 0 0 0
-516.9 -745.6 2475.2 0 0 0 0 0 0 0 0 0
-334.0 -761.4 2527.3 0 0 0 0 0 0 0 0 0
-376.0 540.6 2445.9 0 0.9857249856 0.0715923607 -0.1523835808 -0.0635353923 0.9963443279 0.0571073256 0.1559149623 -0.0466103666 0.9866701365
-390.6 338.6 2455.3 0.9857249856 0.0715923607 -0.1523835808 -0.0635353923 0.9963443279 0.0571073256 0.1559149623 -0.0466103666 0.9866701365
-404.4 143.4 2464.2 0.9857956767 0.0704024956 -0.1524806768 -0.0625433773 0.9964842200 0.0557446703 0.1558691561 -0.0454162024 0.9867330790
-531.1 347.5 2433.1 0.2065605074 -0.9026157260 -0.3776475191 0.9779170752 0.2029961944 0.0497063994 0.0317952298 -0.3795753419 0.9246143103
-584.9 92.6 2424.8 -0.0721664056 -0.9032363296 -0.4230320454 0.9659145474 0.0424244590 -0.2553610206 0.2485982627 -0.4270412922 0.8693875074
-250.1 329.7 2477.6 0.0832331330 0.9941886663 0.0682722628 -0.9809026122 0.0696500540 0.1816008687 0.1757903695 -0.0820836499 0.9809995294
-229.1 82.8 2521.8 0.0336896889 0.9944913983 0.0992565379 -0.9525895119 0.0619999692 -0.2978745103 -0.3023875356 -0.0845154375 0.9494308233
-511.7 -44.6 2459.9 0.6928688288 -0.0160981622 -0.7208839059 0.0786854848 0.9954683781 0.0533976592 0.7167575359 -0.0937206745 0.6909957528
-505.4 -434.5 2496.6 0.6951038241 0.0389356539 -0.7178542018 -0.0748598203 0.9970241189 -0.0184098203 0.7150011659 0.0665351748 0.6959500313
-333.8 -57.4 2489.0 0.9922235608 -0.0501742102 -0.1139074266 0.0621088743 0.9926604033 0.1037679464 0.1078649163 -0.1100356653 0.9880573153
-314.1 -446.2 2532.1 0.9923351407 0.0610343665 -0.1074510962 -0.0624626949 0.9979974627 -0.0099746455 0.1066271216 0.0166098773 0.9941603541
-564.8 -175.8 2355.7 0 0 0 0 0 0 0 0 0
-220.5 -161.9 2444.2 0 0 0 0 0 0 0 0 0
-517.6 -746.0 2475.8 0 0 0 0 0 0 0 0 0
-333.3 -760.3 2526.9 0 0 0 0 0 0 0 0 0
-375.8 540.3 2445.1 1 0.9828091264 0.0698412359 -0.1709048003 -0.0598965771 0.9962350726 0.0626745671 0.1746386141 -0.0513605215 0.9832921624
-390.0 338.2 2455.5 0.9828091264 0.0698412359 -0.1709048003 -0.0598965771 0.9962350726 0.0626745671 0.1746386141 -0.0513605215 0.9832921624
-403.3 143.1 2464.9 0.9829118252 0.0677116886 -0.1711710542 -0.0584089644 0.9965585470 0.0588172041 0.1745645851 -0.0478141978 0.9834840894
-530.1 346.6 2430.6 0.2027554065 -0.8964059353 -0.3941404521 0.9788594842 0.1965985447 0.0564188696 0.0269132257 -0.3972473443 0.9173168540
-582.9 91.3 2423.6 -0.0660327896 -0.8969662786 -0.4371397495 0.9685987830 0.0476207100 -0.2440259755 0.2396999747 -0.4395267367 0.8656558990
-250.0 329.9 2480.4 0.0851127580 0.9950580001 0.0511410162 -0.9837339520 0.0757735670 0.1628676206 0.1581875831 -0.0641712621 0.9853216410
-228.9 87.1 2519.4 0.0327127613 0.9959797859 0.0833916664 -0.9563557506 0.0554328524 -0.2868987322 -0.2903679609 -0.0703668445 0.9543243647
-507.3 -46.1 2459.0 0.6790902615 -0.0003765930 -0.7340546846 0.0751010329 0.9947881103 0.0689672753 0.7302029133 -0.1019632742 0.6755791903
-507.1 -435.7 2499.0 0.6820977330 0.0346509144 -0.7304396033 -0.0821641833 0.9961830378 -0.0294690393 0.7266303897 0.0801167414 0.6823412776
-329.0 -57.4 2487.2 0.9904397726 -0.0370226577 -0.1328846514 0.0517160334 0.9927083850 0.1088832691 0.1278845519 -0.1147145927 0.9851325154
-314.5 -446.2 2532.1 0.9899129272 0.0618005618 -0.1274873912 -0.0637061745 0.9979089499 -0.0109205870 0.1265459061 0.0189321637 0.9917800426
-564.6 -177.9 2357.0 0 0 0 0 0 0 0 0 0
-220.5 -158.6 2444.8 0 0 0 0 0 0 0 0 0
-517.9 -746.2 2474.0 0 0 0 0 0 0 0 0 0
-334.1 -761.7 2526.2 0 0 0 0 0 0 0 0 0
-374.0 538.6 2436.7 2 0.9842156172 0.0739394426 -0.1607875228 -0.0608538911 0.9945341349 0.0848446265 0.1661820412 -0.0737208575 0.9833355546
-389.1 335.5 2451.7 0.9842156172 0.0739394426 -0.1607875228 -0.0608538911 0.9945341349 0.0848446265 0.1661820412 -0.0737208575 0.9833355546
-403.3 140.6 2464.6 0.9842227101 0.0725039169 -0.1613966674 -0.0607574843 0.9952114820 0.0765680671 0.1661752909 -0.0655539706 0.9839148521
-529.4 344.1 2428.0 0.1999027580 -0.8998713493 -0.3876472712 0.9796375036 0.1911051124 0.0615565144 0.0186884347 -0.3920591474 0.9197501540
-581.2 90.1 2423.2 -0.0587038510 -0.9009077549 -0.4300221801 0.9698140025 0.0506593697 -0.2385254651 0.2366741002 -0.4310438931 0.8707390428
-248.9 326.8 2475.4 0.0833621621 0.9946054220 0.0617316179 -0.9817495346 0.0713429824 0.1762896180 0.1709344983 -0.0753008723 0.9824007154
