-68.2 518.6 2382.3 4 0.9978604317 -0.0101331007 -0.0645897165 0.0100026671 0.9999472499 -0.0023424667 0.0646100417 0.0016913855 0.9979091287
-66.2 318.4 2381.9 0.9978604317 -0.0101331007 -0.0645897165 0.0100026671 0.9999472499 -0.0023424667 0.0646100417 0.0016913855 0.9979091287
-64.3 119.6 2380.9 0.9978686571 -0.0095157763 -0.0645570755 0.0091690868 0.9999419451 -0.0056644301 0.0646072254 0.0050604274 0.9978979230
-206.6 317.1 2372.8 0.1958965808 -0.8873504400 -0.4174131751 0.9803391695 0.1669429988 0.1051911041 -0.0236571636 -0.4298130572 0.9026079178
-262.3 38.4 2379.5 0.0504436381 -0.8859313130 -0.4610652626 0.9160871506 0.2249206901 -0.3319562972 0.3977935910 -0.4056308866 0.8229361176
74.2 319.7 2391.0 0.1442026496 0.6127688289 0.7769941688 -0.9824802876 0.1823379993 0.0385398306 -0.1180595532 -0.7689390182 0.6283269525
114.2 47.7 2358.3 -0.0271160938 0.6135678887 0.7891762853 -0.9597574472 0.2047716230 -0.1921828687 -0.2795181274 -0.7626290321 0.5833237171
-153.7 -79.8 2376.7 0.9941616654 0.0756766647 -0.0769127831 -0.0747758597 0.9970945120 0.0145293428 0.0777888447 -0.0086932974 0.9969319701
-183.8 -476.2 2380.2 0.9975432158 -0.0329879448 -0.0618009046 0.0445568338 0.9795196056 0.1963567883 0.0540577918 -0.1986280382 0.9785829782
29.3 -78.8 2390.2 0.9978674054 -0.0122504914 -0.0641133785 0.0123371016 0.9999234676 0.0009551533 0.0640967712 -0.0017440895 0.9979421496
34.2 -476.3 2390.9 0.9978585839 0.0042589447 -0.0652695373 0.0088403570 0.9799399972 0.1990965158 0.0648081675 -0.1992471665 0.9778038859
-276.6 -221.0 2266.9 0 0 0 0 0 0 0 0 0
106.7 -216.9 2281.3 0 0 0 0 0 0 0 0 0
-173.9 -770.8 2439.9 0 0 0 0 0 0 0 0 0
32.9 -767.8 2450.2 0 0 0 0 0 0 0 0 0
-71.1 521.5 2383.0 5 0.9986277819 -0.0152147496 -0.0501105487 0.0147573408 0.9998461008 -0.0094853807 0.0502471551 0.0087328656 0.9986986518
-68.1 321.2 2381.3 0.9986277819 -0.0152147496 -0.0501105487 0.0147573408 0.9998461008 -0.0094853807 0.0502471551 0.0087328656 0.9986986518
-65.4 122.5 2378.6 0.9986524582 -0.0137540717 -0.0500409752 0.0130541055 0.9998127222 -0.0142879253 0.0502281189 0.0136154313 0.9986449480
-208.6 319.4 2374.2 0.1841667593 -0.8948127031 -0.4066851735 0.9828436971 0.1634248495 0.0855022743 -0.0100460574 -0.4154546261 0.9095584154
-261.9 35.0 2377.1 0.0503156297 -0.8934429884 -0.4463495612 0.9108640552 0.2243523449 -0.3463996649 0.4096279442 -0.3891344368 0.8250935078
72.4 323.1 2388.3 0.1495975405 0.6018161774 0.7844985127 -0.9817827940 0.1844178438 0.0457447022 -0.1171456277 -0.7770504355 0.6184412241
114.2 48.8 2355.6 -0.0282812808 0.6029607058 0.7972694635 -0.9571087360 0.2137388587 -0.1955980957 -0.2883454263 -0.7686052918 0.5710541010
-154.0 -80.0 2374.0 0.9952082634 0.0756646618 -0.0619308241 -0.0749656707 0.9970942140 0.0135368155 0.0627751276 -0.0088292640 0.9979886413
-184.1 -476.4 2377.5 0.9983351231 -0.0343593508 -0.0463294797 0.0431207977 0.9780546427 0.2038374990 0.0383090377 -0.2054959089 0.9779078960
29.1 -78.3 2385.8 0.9986679554 -0.0131585421 -0.0498909838 0.0136836441 0.9998543859 0.0101980660 0.0497495234 -0.0108671719 0.9987025857
34.4 -475.8 2390.1 0.9986420274 0.0080615645 -0.0514696501 0.0022111167 0.9805062413 0.1964755654 0.0520502143 -0.1963225603 0.9791569114
-276.1 -222.4 2261.4 0 0 0 0 0 0 0 0 0
106.4 -215.1 2276.1 0 0 0 0 0 0 0 0 0
-173.7 -771.3 2439.4 0 0 0 0 0 0 0 0 0
31.9 -771.8 2449.4 0 0 0 0 0 0 0 0 0
-70.9 521.7 2383.9 6 0.9984266758 -0.0142027605 -0.0542440228 0.0134376753 0.9998053908 -0.0144433044 0.0544386022 0.0136916665 0.9984232187
-68.1 321.9 2381.2 0.9984266758 -0.0142027605 -0.0542440228 0.0134376753 0.9998053908 -0.0144433044 0.0544386022 0.0136916665 0.9984232187
-65.6 123.1 2377.5 0.9984498620 -0.0127243176 -0.0541846901 0.0117180105 0.9997536540 -0.0188491829 0.0544111878 0.0181850269 0.9983530045
-208.6 320.2 2373.5 0.1826994419 -0.8930869102 -0.4111164510 0.9831678867 0.1653845906 0.0776456892 -0.0013520234 -0.4183823168 0.9082700014
-262.1 32.7 2373.9 0.0491806492 -0.8917553425 -0.4498373270 0.9130344391 0.2227238715 -0.3417047858 0.4049066007 -0.3939117193 0.8251570463
72.4 323.5 2388.8 0.1513564736 0.6041903496 0.7823331952 -0.9801785350 0.1940897703 0.0397390760 -0.1278329045 -0.7728409767 0.6215911508
114.1 53.2 2353.6 -0.0281023588 0.6048563719 0.7958385348 -0.9573035836 0.2128709853 -0.1955910027 -0.2877154052 -0.7673556209 0.5730490088
-154.3 -77.5 2371.2 0.9947270155 0.0794627517 -0.0648366585 -0.0780285075 0.9966533184 0.0243650880 0.0665557906 -0.0191775039 0.9975984097
-185.9 -473.7 2378.9 0.9979854226 -0.0392592289 -0.0498374216 0.0484595671 0.9787163138 0.1994143277 0.0409478433 -0.2014276981 0.9786471128
28.9 -75.1 2380.4 0.9985070825 -0.0080572823 -0.0540248975 0.0084629450 0.9999376535 0.0072842473 0.0539628379 -0.0077305823 0.9985130429
32.2 -472.6 2383.5 0.9985110164 -0.0018901174 -0.0545179471 0.0136134122 0.9764130116 0.2154814452 0.0528247505 -0.2159027606 0.9749848843
-275.9 -224.5 2259.8 0 0 0 0 0 0 0 0 0
106.4 -210.7 2274.2 0 0 0 0 0 0 0 0 0
-174.0 -770.1 2439.9 0 0 0 0 0 0 0 0 0
32.7 -771.4 2449.6 0 0 0 0 0 0 0 0 0
-72.6 520.8 2384.3 7 0.9993411899 -0.0084120436 -0.0353039205 0.0076928451 0.9997611046 -0.0204582550 0.0354675837 0.0201731883 0.9991672039
-70.9 321.2 2380.3 0.9993411899 -0.0084120436 -0.0353039205 0.0076928451 0.9997611046 -0.0204582550 0.0354675837 0.0201731883 0.9991672039
-69.8 122.4 2375.5 0.9993599653 -0.0059421589 -0.0352746174 0.0050778859 0.9996859431 -0.0245404933 0.0354093611 0.0243456680 0.9990763068
-211.6 320.4 2375.3 0.1739288568 -0.9016273618 -0.3960010409 0.9846970439 0.1637191921 0.0597309731 0.0109778903 -0.4003300071 0.9163053036
-262.5 32.0 2372.1 0.0333992019 -0.9010092020 -0.4325123131 0.9177902341 0.1989681125 -0.3436171412 0.3956583738 -0.3854790330 0.8335828781
69.7 321.9 2385.3 0.1641644686 0.5901335478 0.7904381156 -0.9786543846 0.1978695989 0.0555271506 -0.1236352324 -0.7826812863 0.6100199223
114.5 54.6 2351.5 -0.0260884967 0.5908340812 0.8063712120 -0.9569252729 0.2185688913 -0.1911063939 -0.2891598344 -0.7766226530 0.5596818924
-154.7 -76.7 2368.9 0.9958671331 0.0790217072 -0.0447687320 -0.0777463689 0.9965351820 0.0295487568 0.0469486080 -0.0259460285 0.9985602498
-186.1 -472.9 2379.2 0.9987524748 -0.0393374152 -0.0307574067 0.0446570329 0.9792481661 0.1976834536 0.0223427769 -0.1988103837 0.9797832370
28.5 -74.5 2378.9 0.9993553162 -0.0079424921 -0.0350132547 0.0085042892 0.9998370409 0.0159256458 0.0348810591 -0.0162131414 0.9992599487
31.7 -472.1 2385.4 0.9993516803 -0.0029085081 -0.0358846188 0.0102334954 0.9785661101 0.2056784779 0.0345172547 -0.2059123665 0.9779614806
-271.9 -226.7 2260.6 0 0 0 0 0 0 0 0 0
107.3 -209.2 2271.8 0 0 0 0 0 0 0 0 0
-174.2 -770.0 2439.6 0 0 0 0 0 0 0 0 0
32.6 -771.0 2448.3 0 0 0 0 0 0 0 0 0
-72.4 520.5 2384.1 8 0.9997000694 -0.0039834771 -0.0241652504 0.0034332701 0.9997348785 -0.0227674432 0.0242495388 0.0226776469 0.9994487166
-71.6 321.0 2379.5 0.9997000694 -0.0039834771 -0.0241652504 0.0034332701 0.9997348785 -0.0227674432 0.0242495388 0.0226776469 0.9994487166
-71.5 122.3 2374.4 0.9997078776 -0.0007659267 -0.0241572913 0.0001347554 0.9996588230 -0.0261183809 0.0241690539 0.0261074957 0.9993669391
-212.3 321.0 2376.1 0.1684560627 -0.9064355493 -0.3872945905 0.9855405688 0.1621484607 0.0491696894 0.0182300657 -0.3899774551 0.9206439257
-261.7 31.7 2370.8 0.0427113138 -0.9054290652 -0.4223433435 0.9138509631 0.2062578201 -0.3497629464 0.4037971795 -0.3710200489 0.8362367749
69.1 321.0 2382.9 0.1669928133 0.5818804502 0.7959450483 -0.9782345891 0.1986293644 0.0600287728 -0.1231684908 -0.7886453867 0.6023852825
114.6 54.6 2349.4 -0.0244782250 0.5824139714 0.8125236630 -0.9589942098 0.2158870846 -0.1836378872 -0.2823666334 -0.7837006450 0.5532470942
-160.3 -76.8 2367.4 0.9974699616 0.0629868954 -0.0329587236 -0.0618691891 0.9975084066 0.0338998586 0.0350118503 -0.0317749642 0.9988816381
-185.3 -473.3 2380.0 0.9990031123 -0.0385975353 -0.0224289522 0.0422144793 0.9801995158 0.1934602559 0.0145177580 -0.1942142099 0.9808517098
23.1 -75.8 2373.9 0.9994345903 -0.0236866772 -0.0238625873 0.0243235733 0.9993458390 0.0267631300 0.0232130475 -0.0273284204 0.9993569255
32.5 -473.1 2384.8 0.9996091723 -0.0022340426 -0.0278653540 0.0081177019 0.9770462513 0.2128724456 0.0267501734 -0.2130154669 0.9766825438
-273.8 -226.4 2256.8 0 0 0 0 0 0 0 0 0
107.8 -209.8 2271.5 0 0 0 0 0 0 0 0 0
-173.7 -768.8 2438.6 0 0 0 0 0 0 0 0 0
33.2 -768.1 2449.1 0 0 0 0 0 0 0 0 0
-73.3 522.1 2382.9 9 0.9999959469 -0.0013277885 -0.0025214392 0.0012700129 0.9997397065 -0.0227786973 0.0025510280 0.0227754042 0.9997373819
-73.0 322.3 2378.4 0.9999959469 -0.0013277885 -0.0025214392 0.0012700129 0.9997397065 -0.0227786973 0.0025510280 0.0227754042 0.9997373819
-73.5 123.6 2373.2 0.9999938607 0.0024357073 -0.0025231326 -0.0025000870 0.9996631145 -0.0258348938 0.0024593563 0.0258410424 0.9996630549
-213.7 322.7 2378.0 0.1642206013 -0.9147088528 -0.3692415655 0.9861006737 0.1618093848 0.0377248526 0.0252394900 -0.3703045547 0.9285674691
-262.0 32.7 2370.6 0.0469564460 -0.9135233164 -0.4040671289 0.9136384130 0.2028034776 -0.3523288071 0.4038068056 -0.3526271284 0.8441529274
67.7 322.0 2378.7 0.1711851060 0.5659317970 0.8064842224 -0.9786365628 0.1922776550 0.0727998689 -0.1138691381 -0.8017172217 0.5867566466
114.5 54.2 2347.6 -0.0240162238 0.5671017170 0.8232975602 -0.9568535686 0.2255055010 -0.1832442731 -0.2895762622 -0.7921760678 0.5372174978
-163.0 -76.5 2367.0 0.9986247420 0.0511712320 -0.0114069227 -0.0508069471 0.9982513189 0.0302161314 0.0129331723 -0.0295950267 0.9994782805
-183.4 -473.4 2378.7 0.9994398355 -0.0333551653 -0.0027374455 0.0332452692 0.9800760150 0.1958206892 -0.0038487266 -0.1958020031 0.9806358814
20.4 -76.5 2371.4 0.9994906187 -0.0318339169 -0.0022675488 0.0318922997 0.9989228249 0.0337050334 0.0011921430 -0.0337601826 0.9994292259
33.1 -473.6 2384.8 0.9999685287 -0.0009116398 -0.0078808172 0.0025497363 0.9776036143 0.2104393095 0.0075124707 -0.2104527801 0.9775751829
-275.3 -225.8 2256.3 0 0 0 0 0 0 0 0 0
107.9 -209.6 2267.7 0 0 0 0 0 0 0 0 0
-173.3 -769.2 2437.8 0 0 0 0 0 0 0 0 0
33.3 -768.4 2448.3 0 0 0 0 0 0 0 0 0
-72.6 520.6 2374.8 0 0.9996513724 0.0042329850 -0.0260608215 -0.0043522939 0.9999802709 -0.0045230729 0.0260411613 0.0046349205 0.9996501207
-73.4 320.6 2373.9 0.9996513724 0.0042329850 -0.0260608215 -0.0043522939 0.9999802709 -0.0045230729 0.0260411613 0.0046349205 0.9996501207
-75.1 121.9 2371.5 0.9996269941 0.0080269473 -0.0261054281 -0.0083372537 0.9998956323 -0.0117996279 0.0260079894 0.0120128747 0.9995895624
-214.1 321.8 2370.3 0.1783177108 -0.9044973850 -0.3874110579 0.9839723110 0.1634583026 0.0712733567 -0.0011410156 -0.3939110339 0.9191478491
-264.5 43.4 2370.6 0.0532326438 -0.9030147195 -0.4262988567 0.9249921441 0.2054366916 -0.3196644187 0.3762391210 -0.3773064911 0.8462174535
67.2 319.5 2377.6 0.1731076241 0.5824918747 0.7941895127 -0.9780866504 0.1963751614 0.0691614598 -0.1156731024 -0.7887585163 0.6037215590
114.2 54.2 2346.2 -0.0221657529 0.5832813978 0.8119676709 -0.9573096037 0.2217520922 -0.1854302287 -0.2882135212 -0.7814146280 0.5534655452
-165.7 -74.9 2367.9 0.9981500506 0.0493571684 -0.0355017222 -0.0483686924 0.9984318614 0.0281833056 0.0368371010 -0.0264139958 0.9989721179
-185.3 -471.9 2378.4 0.9988565445 -0.0396208093 -0.0267547630 0.0440815315 0.9798858762 0.1946289837 0.0185052566 -0.1955858171 0.9805119634
17.7 -75.4 2368.3 0.9990508556 -0.0355146565 -0.0252198447 0.0364887305 0.9985619783 0.0392751954 0.0237887334 -0.0401581563 0.9989101291
31.9 -472.4 2384.3 0.9995133281 -0.0050480738 -0.0307837874 0.0112589477 0.9786813259 0.2050759047 0.0290922783 -0.2053226978 0.9782618284
-279.6 -218.4 2264.1 0 0 0 0 0 0 0 0 0
108.0 -209.7 2266.8 0 0 0 0 0 0 0 0 0
-173.3 -770.4 2438.0 0 0 0 0 0 0 0 0 0
33.4 -770.1 2446.8 0 0 0 0 0 0 0 0 0
-72.8 522.0 2371.8 1 0.9999305606 0.0005208781 -0.0117724696 -0.0004720934 0.9999912977 0.0041463599 0.0117745269 -0.0041405144 0.9999220967
-72.9 321.6 2372.6 0.9999305606 0.0005208781 -0.0117724696 -0.0004720934 0.9999912977 0.0041463599 0.0117745269 -0.0041405144 0.9999220967
-73.6 122.8 2372.1 0.9999241233 0.0035879884 -0.0117863342 -0.0036189000 0.9999900460 -0.0026023665 0.0117768804 0.0026448225 0.9999271631
-213.6 322.1 2371.0 0.1890478283 -0.9070931673 -0.3760890365 0.9819643497 0.1756583154 0.0699296519 0.0026304522 -0.3825260699 0.9239409566
-267.6 41.4 2370.2 0.0385580771 -0.9065423012 -0.4203501940 0.9240294695 0.1924745739 -0.3303377628 0.3803718984 -0.3756787777 0.8450933099
67.8 321.1 2374.3 0.1671795547 0.5708172321 0.8038772941 -0.9795864224 0.1884862334 0.0698808581 -0.1116306037 -0.7991499305 0.5906758904
113.8 51.4 2343.6 -0.0207203012 0.5719058514 0.8200575113 -0.9582981467 0.2224709094 -0.1793638021 -0.2850181460 -0.7895760536 0.5434466600
-168.4 -76.2 2366.7 0.9986516833 0.0471374802 -0.0217469726 -0.0464938954 0.9984914660 0.0292072073 0.0230909213 -0.0281567238 0.9993367791
-187.1 -473.2 2377.9 0.9989681840 -0.0433379598 -0.0135788741 0.0451572090 0.9796906114 0.1953641623 0.0048364112 -0.1957757622 0.9806367755
15.0 -77.7 2371.5 0.9992157221 -0.0382229835 -0.0103433160 0.0385008976 0.9988618493 0.0281553157 0.0092553636 -0.0285314601 0.9995500445
30.2 -474.8 2382.9 0.9997510910 -0.0140895313 -0.0172987916 0.0174697489 0.9766383767 0.2141782045 0.0138769932 -0.2144270986 0.9766414165
-278.5 -220.1 2262.6 0 0 0 0 0 0 0 0 0
108.1 -212.8 2265.0 0 0 0 0 0 0 0 0 0
-173.9 -771.8 2437.6 0 0 0 0 0 0 0 0 0
34.5 -771.4 2448.0 0 0 0 0 0 0 0 0 0
-73.2 520.3 2369.3 2 0.9999524355 0.0020173928 0.0095402803 -0.0020846955 0.9999729991 0.0070499210 -0.0095258001 -0.0070694746 0.9999296665
-73.6 319.9 2370.7 0.9999524355 0.0020173928 0.0095402803 -0.0020846955 0.9999729991 0.0070499210 -0.0095258001 -0.0070694746 0.9999296665
-74.4 121.1 2371.0 0.9999471903 0.0038565400 0.0095244162 -0.0038724120 0.9999911189 0.0016485755 -0.0095179742 -0.0016853710 0.9999532700
-214.3 320.4 2372.1 0.1859594733 -0.9148921967 -0.3583173752 0.9825463891 0.1748790592 0.0634028018 0.0046554739 -0.3638537824 0.9314444661
-266.4 45.4 2370.8 0.0443070680 -0.9143059254 -0.4025935531 0.9252530932 0.1895329952 -0.3286090493 0.3767539561 -0.3579412401 0.8543620706
67.0 319.3 2369.4 0.1711950600 0.5553459525 0.8138077855 -0.9806932807 0.1752908528 0.0866823494 -0.0945143700 -0.8129354119 0.5746329427
113.7 52.2 2343.6 -0.0197117943 0.5568903089 0.8303521276 -0.9602614045 0.2207189947 -0.1708248109 -0.2784051597 -0.8007223606 0.5304095149
-166.1 -75.7 2370.5 0.9987266064 0.0504421145 -0.0008986989 -0.0504060052 0.9984397292 0.0240286570 0.0021093530 -0.0239527579 0.9997108579
-186.1 -472.6 2380.0 0.9991394877 -0.0407976657 0.0074683256 0.0386520587 0.9812033772 0.1890660673 -0.0150414007 -0.1886147112 0.9819359779
17.4 -76.3 2372.7 0.9993430376 -0.0344677158 0.0111998757 0.0341671854 0.9990778565 0.0259998217 -0.0120857023 -0.0256000739 0.9995992184
31.1 -473.5 2382.8 0.9998919368 -0.0139952889 0.0045061284 0.0127088977 0.9768065810 0.2137460113 -0.0073930533 -0.2136656344 0.9768788815
-278.9 -216.6 2264.1 0 0 0 0 0 0 0 0 0
108.3 -212.6 2266.9 0 0 0 0 0 0 0 0 0
-173.7 -771.6 2437.5 0 0 0 0 0 0 0 0 0
35.3 -768.0 2447.2 0 0 0 0 0 0 0 0 0
-74.1 523.2 2376.5 3 0.9999977350 0.0015068664 0.0014921421 -0.0014927667 0.9999546409 -0.0094057666 -0.0015062477 0.0094035184 0.9999546409
-74.4 322.7 2374.7 0.9999977350 0.0015068664 0.0014921421 -0.0014927667 0.9999546409 -0.0094057666 -0.0015062477 0.0094035184 0.9999546409
-75.1 123.9 2371.8 0.9999924898 0.0035742321 0.0014790335 -0.0035523146 0.9998875856 -0.0145650906 -0.0015309263 0.0145597272 0.9998928308
-215.1 323.2 2374.9 0.1731963307 -0.9146032333 -0.3653819561 0.9847813249 0.1662626863 0.0506213531 0.0144509319 -0.3685887456 0.9294802547
-264.7 41.0 2370.7 0.0473056100 -0.9135792851 -0.4038998783 0.9227566123 0.1947941780 -0.3325288296 0.3824687898 -0.3569708169 0.8522261977
66.3 322.2 2374.4 0.1701100916 0.5621907711 0.8093232512 -0.9794992208 0.1863989979 0.0763982832 -0.1079066321 -0.8057276011 0.5823737383
113.6 49.8 2344.4 -0.0193139128 0.5631870031 0.8261037469 -0.9603051543 0.2195263356 -0.1721110940 -0.2782822549 -0.7966358066 0.5365914702
-166.9 -77.3 2372.2 0.9988475442 0.0473516546 -0.0078389132 -0.0470922850 0.9984248877 0.0304964669 0.0092706243 -0.0300921686 0.9995041490
-185.7 -474.3 2384.2 0.9991264939 -0.0417792946 -0.0008826717 0.0412882827 0.9836849570 0.1750975698 -0.0064471820 -0.1749810725 0.9845507145
16.6 -78.1 2370.5 0.9992514849 -0.0385899618 0.0026981772 0.0385209657 0.9990125895 0.0221352130 -0.0035497099 -0.0220147073 0.9997513294
31.9 -475.3 2379.3 0.9999356866 -0.0101033822 -0.0051548160 0.0110000884 0.9746337533 0.2235353142 0.0027655950 -0.2235776484 0.9746822119
-278.1 -219.8 2262.6 0 0 0 0 0 0 0 0 0
108.3 -214.9 2267.7 0 0 0 0 0 0 0 0 0
-173.0 -772.3 2437.2 0 0 0 0 0 0 0 0 0
35.0 -769.5 2446.7 0 0 0 0 0 0 0 0 0
-75.9 521.3 2372.2 4 0.9999995828 -0.0007984249 0.0004341402 0.0007980476 0.9999992847 0.0008684865 -0.0004348333 -0.0008681397 0.9999995232
-75.7 320.8 2372.3 0.9999995828 -0.0007984249 0.0004341402 0.0007980476 0.9999992847 0.0008684865 -0.0004348333 -0.0008681397 0.9999995232
-75.9 122.1 2371.2 0.9999993443 0.0010850731 0.0004331720 -0.0010825044 0.9999820590 -0.0058868923 -0.0004395519 0.0058864192 0.9999825954
-216.4 321.0 2372.4 0.1758987159 -0.9141887426 -0.3651282191 0.9844081998 0.1631947011 0.0656355545 -0.0004162922 -0.3709804118 0.9286406040
-267.0 38.1 2372.5 0.0319362096 -0.9136666059 -0.4052079320 0.9179475307 0.1872007251 -0.3497544825 0.3954142034 -0.3607897758 0.8446764946
65.0 320.7 2372.3 0.1799471676 0.5621232986 0.8072400093 -0.9788591266 0.1834426224 0.0904632434 -0.0972307175 -0.8064528108 0.5832495093
114.0 54.3 2345.8 -0.0166623592 0.5630490780 0.8262554407 -0.9616755247 0.2171704918 -0.1673833728 -0.2736833692 -0.7973786592 0.5378519297
-167.5 -74.5 2369.0 0.9989956021 0.0438243411 -0.0093384786 -0.0435113050 0.9985582829 0.0314350836 0.0107026361 -0.0309971794 0.9994621873
-184.9 -471.5 2381.3 0.9992588162 -0.0384089909 -0.0025565205 0.0382274538 0.9823475480 0.1831174195 -0.0045219632 -0.1830794215 0.9830877185
16.0 -75.2 2368.7 0.9991361499 -0.0415317640 0.0014343909 0.0414593704 0.9985651970 0.0338926911 -0.0028399560 -0.0338039435 0.9994244576
32.5 -472.2 2382.2 0.9999573827 -0.0067820824 -0.0062622954 0.0079831742 0.9759673476 0.2177704424 0.0046348586 -0.2178111523 0.9759799242
-276.1 -223.7 2259.8 0 0 0 0 0 0 0 0 0
109.4 -210.8 2270.4 0 0 0 0 0 0 0 0 0
-173.1 -773.9 2437.7 0 0 0 0 0 0 0 0 0
34.5 -767.0 2448.0 0 0 0 0 0 0 0 0 0
-77.5 522.2 2369.5 5 0.9998054504 -0.0057280385 -0.0188756492 0.0059305779 0.9999252558 0.0106917387 0.0188129954 -0.0108016022 0.9997646809
-76.3 321.3 2371.6 0.9998054504 -0.0057280385 -0.0188756492 0.0059305779 0.9999252558 0.0106917387 0.0188129954 -0.0108016022 0.9997646809
-75.5 122.5 2372.4 0.9998130202 -0.0043523298 -0.0188397020 0.0044201561 0.9999839067 0.0035600415 0.0188239049 -0.0036426503 0.9998161793
-217.0 320.7 2369.0 0.1805299371 -0.9061166048 -0.3825724125 0.9835455418 0.1635954678 0.0766465068 -0.0068635601 -0.3901143670 0.9207408428
-269.0 37.3 2371.0 0.0147093115 -0.9060018063 -0.4230180979 0.9223610163 0.1756357104 -0.3440963328 0.3860490024 -0.3851139843 0.8382442594
64.4 322.0 2374.3 0.1794542670 0.5741288066 0.7988568544 -0.9779720902 0.1921173632 0.0816180706 -0.1066149846 -0.7959064245 0.5959582329
113.8 52.5 2344.9 -0.0179511327 0.5747074485 0.8181620240 -0.9614278078 0.2147121578 -0.1719163209 -0.2744709253 -0.7896898389 0.5486854315
-167.9 -76.6 2370.0 0.9987035394 0.0417310260 -0.0291509684 -0.0407918766 0.9986518621 0.0321009234 0.0304512735 -0.0308701824 0.9990594387
-184.4 -473.7 2382.3 0.9990871549 -0.0362665020 -0.0225755274 0.0397645086 0.9826358557 0.1812334508 0.0156108188 -0.1819657087 0.9831809402
15.6 -76.8 2370.0 0.9989724755 -0.0417387150 -0.0176601373 0.0423327610 0.9985001087 0.0347194374 0.0161845032 -0.0354313627 0.9992410541
32.2 -473.8 2384.0 0.9996919632 -0.0002258138 -0.0248181708 0.0054880311 0.9772173762 0.2121700197 0.0242048353 -0.2122408599 0.9769175649
-273.2 -226.0 2260.7 0 0 0 0 0 0 0 0 0
108.9 -212.5 2269.2 0 0 0 0 0 0 0 0 0
-173.4 -773.8 2437.9 0 0 0 0 0 0 0 0 0
32.3 -768.2 2448.0 0 0 0 0 0 0 0 0 0
-77.7 520.7 2368.6 6 0.9996490479 -0.0074242805 -0.0254295152 0.0077665760 0.9998801947 0.0133883404 0.0253270697 -0.0135811418 0.9995869398
-76.2 320.2 2371.3 0.9996490479 -0.0074242805 -0.0254295152 0.0077665760 0.9998801947 0.0133883404 0.0253270697 -0.0135811418 0.9995869398
-75.1 121.5 2372.6 0.9996621013 -0.0056009083 -0.0253833123 0.0057624299 0.9999635816 0.0062946291 0.0253471322 -0.0064387717 0.9996579885
-216.9 319.4 2367.8 0.1793645471 -0.9037896395 -0.3885776699 0.9837412238 0.1611479223 0.0792749301 -0.0090293819 -0.3964789808 0.9179993868
-267.6 41.1 2370.3 0.0318686739 -0.9032781124 -0.4278703630 0.9295002222 0.1841614544 -0.3195525706 0.3674420714 -0.3875218928 0.8454661965
64.5 321.1 2374.9 0.1806824952 0.5786418915 0.7953159213 -0.9777881503 0.1930134594 0.0817078203 -0.1062271073 -0.7924136519 0.6006633043
113.8 53.9 2345.9 -0.0184588656 0.5790110826 0.8151106834 -0.9631687999 0.2084409446 -0.1698770672 -0.2682631314 -0.7882249355 0.5538378358
-166.3 -76.6 2371.4 0.9984695315 0.0420805365 -0.0358854532 -0.0409765467 0.9986801744 0.0309641790 0.0371410809 -0.0294463281 0.9988760948
-183.1 -473.7 2383.1 0.9991626740 -0.0286866687 -0.0291728172 0.0334881283 0.9830411077 0.1803018153 0.0235058200 -0.1811277866 0.9831786156
17.1 -75.8 2374.8 0.9988542199 -0.0415647253 -0.0237201229 0.0421595126 0.9987942576 0.0251515210 0.0226461068 -0.0261227321 0.9994022250
33.6 -472.9 2385.2 0.9994968772 0.0072986851 -0.0308652483 -0.0007880590 0.9785761237 0.2058838606 0.0317066759 -0.2057559490 0.9780895710
-276.7 -224.4 2265.4 0 0 0 0 0 0 0 0 0
108.8 -211.6 2271.9 0 0 0 0 0 0 0 0 0
-174.4 -771.7 2438.0 0 0 0 0 0 0 0 0 0
31.4 -771.0 2447.9 0 0 0 0 0 0 0 0 0
-78.0 519.9 2367.7 7 0.9994362593 -0.0071141319 -0.0328113288 0.0074963090 0.9999053478 0.0115394397 0.0327261277 -0.0117788976 0.9993949533
-76.6 319.6 2370.1 0.9994362593 -0.0071141319 -0.0328113288 0.0074963090 0.9999053478 0.0115394397 0.0327261277 -0.0117788976 0.9993949533
-75.6 120.8 2371.4 0.9994508624 -0.0048316545 -0.0327818207 0.0050506112 0.9999654889 0.0065996964 0.0327488035 -0.0067616403 0.9994407296
-217.2 318.9 2365.5 0.1754839420 -0.9023208618 -0.3937288821 0.9842840433 0.1527809650 0.0885599107 -0.0197551791 -0.4030819237 0.9149506688
-266.4 43.1 2371.0 0.0342585370 -0.9016710520 -0.4310633838 0.9297319055 0.1869838834 -0.3172310889 0.3666400015 -0.3899055123 0.8447181582
64.1 320.3 2374.7 0.1818129569 0.5847033858 0.7906111479 -0.9778891802 0.1919952333 0.0828886181 -0.1033283249 -0.7882003188 0.6066823602
113.8 52.8 2346.4 -0.0247621741 0.5849442482 0.8106954098 -0.9640986323 0.2004960179 -0.1741124541 -0.2643872797 -0.7859017849 0.5589792132
-165.7 -77.9 2371.6 0.9978553057 0.0487172604 -0.0437192693 -0.0478227362 0.9986291528 0.0212790761 0.0446959957 -0.0191426631 0.9988172054
-185.1 -474.9 2379.2 0.9986671805 -0.0381852351 -0.0347239040 0.0441653617 0.9803813696 0.1920982599 0.0267073531 -0.1933758259 0.9807611704
17.7 -76.8 2376.2 0.9988310933 -0.0371618457 -0.0309100077 0.0378051735 0.9990749359 0.0204954129 0.0301197655 -0.0216400139 0.9993120432
32.5 -474.0 2384.8 0.9992952347 0.0031209025 -0.0374065265 0.0048040044 0.9777091742 0.2099086642 0.0372278094 -0.2099404335 0.9770051837
-276.2 -222.6 2266.2 0 0 0 0 0 0 0 0 0
107.0 -213.0 2273.5 0 0 0 0 0 0 0 0 0
-173.5 -773.0 2438.0 0 0 0 0 0 0 0 0 0
31.6 -767.8 2447.9 0 0 0 0 0 0 0 0 0
-78.4 519.5 2367.2 8 0.9996239543 -0.0097086420 -0.0256457459 0.0100489454 0.9998627305 0.0131740309 0.0255143233 -0.0134267891 0.9995842576
-76.4 319.2 2369.9 0.9996239543 -0.0097086420 -0.0256457459 0.0100489454 0.9998627305 0.0131740309 0.0255143233 -0.0134267891 0.9995842576
-75.1 120.4 2371.7 0.9996492267 -0.0067615453 -0.0256077405 0.0069827712 0.9999389648 0.0085594822 0.0255483035 -0.0087352926 0.9996353984
-217.1 318.2 2366.3 0.1716500372 -0.9053700566 -0.3883829117 0.9850110412 0.1509160101 0.0835318491 -0.0170140341 -0.3968997002 0.9177042842
-266.0 37.7 2371.2 0.0256899390 -0.9050283432 -0.4245747924 0.9237971306 0.1837955266 -0.3358839750 0.3820194602 -0.3835921288 0.8407842517
64.3 320.2 2373.5 0.1806377023 0.5791487694 0.7949570417 -0.9783431292 0.1888578087 0.0847201496 -0.1010682806 -0.7930443883 0.6007210612
113.8 52.0 2345.8 -0.0220200978 0.5793925524 0.8147510886 -0.9657765627 0.1983379871 -0.1671455950 -0.2584390044 -0.7905480862 0.5551963449
-166.4 -78.4 2369.8 0.9983015060 0.0457876809 -0.0360222422 -0.0445216708 0.9983882308 0.0351957604 0.0375757143 -0.0335322097 0.9987310171
-184.6 -475.3 2383.1 0.9990402460 -0.0329005420 -0.0289157685 0.0376095399 0.9827134609 0.1812726259 0.0224519465 -0.1821861565 0.9830076694
17.0 -77.5 2375.8 0.9989861250 -0.0381914116 -0.0238344353 0.0387699269 0.9989526272 0.0243014023 0.0228813682 -0.0252008233 0.9994205236
32.2 -474.7 2385.8 0.9995162487 -0.0059061116 -0.0305342525 0.0121932467 0.9776166081 0.2100407034 0.0286102686 -0.2103114128 0.9772157073
-273.3 -224.7 2262.7 0 0 0 0 0 0 0 0 0
107.7 -214.2 2274.6 0 0 0 0 0 0 0 0 0
-174.7 -771.4 2438.0 0 0 0 0 0 0 0 0 0
34.0 -766.5 2448.6 0 0 0 0 0 0 0 0 0
-79.9 519.4 2368.0 9 0.9988868237 -0.0131167239 -0.0453102365 0.0133608421 0.9998977780 0.0050890516 0.0452388525 -0.0056887697 0.9989600182
-77.3 318.7 2369.2 0.9988868237 -0.0131167239 -0.0453102365 0.0133608421 0.9998977780 0.0050890516 0.0452388525 -0.0056887697 0.9989600182
-75.4 119.9 2369.9 0.9989295602 -0.0094167376 -0.0452891886 0.0095723839 0.9999489784 0.0032210567 0.0452565476 -0.0036511342 0.9989687204
-217.8 317.4 2362.8 0.1636423916 -0.9002801180 -0.4033818543 0.9859942198 0.1359129548 0.0966595858 -0.0321958847 -0.4135497510 0.9099121094
-264.8 34.6 2372.0 0.0254582055 -0.9002932906 -0.4345387220 0.9223214984 0.1888130009 -0.3371539116 0.3855839372 -0.3922010660 0.8351666331
63.3 320.1 2375.5 0.1835170835 0.5938866138 0.7833391428 -0.9773409367 0.1957380176 0.0805686489 -0.1054806113 -0.7803751230 0.6163509488
113.7 51.5 2346.5 -0.0201520603 0.5938081741 0.8043542504 -0.9673448801 0.1917314976 -0.1657798439 -0.2526614666 -0.7814287543 0.5705535412
-165.5 -79.0 2371.1 0.9973163605 0.0481498986 -0.0551516414 -0.0458031632 0.9980223179 0.0430527702 0.0571155548 -0.0404111110 0.9975493550
-184.6 -475.8 2387.1 0.9981800914 -0.0354260169 -0.0488006398 0.0430658571 0.9852423072 0.1656591147 0.0422118157 -0.1674592644 0.9849749207
18.0 -77.7 2375.7 0.9983760118 -0.0361704156 -0.0440123230 0.0375461355 0.9988188148 0.0308428872 0.0428447351 -0.0324452892 0.9985547662
32.4 -474.9 2388.6 0.9987503290 -0.0077127218 -0.0493787453 0.0172272269 0.9805964231 0.1952789873 0.0469144881 -0.1958856136 0.9795038700
-272.0 -226.8 2262.7 0 0 0 0 0 0 0 0 0
108.2 -215.2 2276.9 0 0 0 0 0 0 0 0 0
-174.0 -769.6 2437.1 0 0 0 0 0 0 0 0 0
34.7 -768.7 2447.3 0 0 0 0 0 0 0 0 0
-79.7 518.3 2367.9 0 0.9989430308 -0.0183983799 -0.0421224907 0.0186573733 0.9998093247 0.0057637258 0.0420084186 -0.0065435292 0.9990958571
-76.1 318.1 2369.2 0.9989430308 -0.0183983799 -0.0421224907 0.0186573733 0.9998093247 0.0057637258 0.0420084186 -0.0065435292 0.9990958571
-72.8 119.3 2369.9 0.9989767671 -0.0165980533 -0.0420701355 0.0167294107 0.9998562336 0.0027721815 0.0420180745 -0.0034731536 0.9991108179
-216.6 315.7 2363.3 0.1648758501 -0.9009968638 -0.4012737572 0.9859270453 0.1391543597 0.0926497355 -0.0276381280 -0.4109023213 0.9112603664
-263.7 34.3 2371.2 0.0372066349 -0.9003170729 -0.4336413145 0.9292021394 0.1908378154 -0.3164875209 0.3676942885 -0.3911649883 0.8436769843
64.5 320.4 2375.1 0.1796442121 0.5929352045 0.7849559188 -0.9792078733 0.1842168123 0.0849479288 -0.0942334682 -0.7838954329 0.6137002707
113.9 51.5 2349.2 -0.0256783161 0.5932218432 0.8046293855 -0.9655133486 0.1938869804 -0.1737579405 -0.2590841651 -0.7813422680 0.5677849054
-165.1 -79.7 2366.5 0.9974802136 0.0491165556 -0.0511940904 -0.0457305349 0.9968149066 0.0653358772 0.0542401038 -0.0628301054 0.9965492487
-184.7 -476.0 2391.4 0.9983727932 -0.0327217430 -0.0467014834 0.0394902527 0.9875481725 0.1522798836 0.0411370993 -0.1538763493 0.9872334003
18.1 -78.0 2374.8 0.9984726310 -0.0371061973 -0.0409338698 0.0383066833 0.9988467693 0.0289434660 0.0398126803 -0.0304672979 0.9987425804
32.9 -475.1 2386.9 0.9989068508 -0.0037783363 -0.0465917066 0.0128750429 0.9804134369 0.1965293288 0.0449365787 -0.1969143748 0.9793903232
-274.2 -228.1 2267.3 0 0 0 0 0 0 0 0 0
106.8 -214.7 2277.8 0 0 0 0 0 0 0 0 0
-174.9 -771.3 2437.5 0 0 0 0 0 0 0 0 0
34.0 -769.4 2446.0 0 0 0 0 0 0 0 0 0
-78.2 519.2 2368.3 1 0.9989564419 -0.0219094381 -0.0400748961 0.0223412570 0.9996967316 0.0103593199 0.0398357734 -0.0112438332 0.9991430044
-73.8 318.7 2370.6 0.9989564419 -0.0219094381 -0.0400748961 0.0223412570 0.9996967316 0.0103593199 0.0398357734 -0.0112438332 0.9991430044
-69.9 119.9 2371.8 0.9990047216 -0.0198038463 -0.0399673395 0.0200275183 0.9997859001 0.0052037463 0.0398557261 -0.0059990138 0.9991874099
-214.4 315.9 2365.0 0.1764040738 -0.8996322155 -0.3994289637 0.9839955568 0.1507910490 0.0949463919 -0.0251865163 -0.4097852409 0.9118342400
-264.4 37.2 2372.1 0.0321982577 -0.8990559578 -0.4366482496 0.9320675731 0.1847379208 -0.3116439283 0.3608508110 -0.3969512880 0.8439291120
66.7 321.5 2376.2 0.1713062227 0.5910004973 0.7882719040 -0.9802677035 0.1823488325 0.0763159320 -0.0986377001 -0.7857908607 0.6105762124
113.9 51.6 2349.0 -0.0219455324 0.5914241672 0.8060619235 -0.9651667476 0.1977194548 -0.1713480949 -0.2607135177 -0.7817444801 0.5664839149
-161.1 -81.0 2366.7 0.9972814322 0.0541119725 -0.0500158444 -0.0514331125 0.9972488284 0.0533793420 0.0527667068 -0.0506617576 0.9973209500
-182.6 -477.4 2386.9 0.9985208511 -0.0328558013 -0.0433202907 0.0397758298 0.9846346974 0.1700365990 0.0370679721 -0.1715081930 0.9844850898
22.2 -77.9 2374.4 0.9990442991 -0.0201386958 -0.0387929007 0.0212069750 0.9994015694 0.0273261853 0.0382193737 -0.0281227510 0.9988735318
30.2 -475.2 2385.6 0.9990467429 -0.0124927405 -0.0418273583 0.0210181382 0.9774588943 0.2100768983 0.0382600911 -0.2107557803 0.9767897129
-273.5 -225.7 2270.3 0 0 0 0 0 0 0 0 0
107.9 -214.5 2277.2 0 0 0 0 0 0 0 0 0
-172.7 -775.7 2438.8 0 0 0 0 0 0 0 0 0
34.0 -769.4 2449.1 0 0 0 0 0 0 0 0 0
-78.1 518.7 2367.6 2 0.9989290237 -0.0252166148 -0.0387939923 0.0258741044 0.9995283484 0.0165404659 0.0383585989 -0.0175265111 0.9991103411
-73.1 318.3 2371.1 0.9989290237 -0.0252166148 -0.0387939923 0.0258741044 0.9995283484 0.0165404659 0.0383585989 -0.0175265111 0.9991103411
-68.4 119.6 2373.9 0.9989810586 -0.0231960285 -0.0387147367 0.0237252880 0.9996304512 0.0132677201 0.0383926705 -0.0141727189 0.9991621971
-213.6 315.0 2365.7 0.1784680635 -0.8995612860 -0.3986711502 0.9834728241 0.1505241990 0.1006161571 -0.0305007398 -0.4100390375 0.9115578532
-264.4 35.2 2374.3 0.0386770181 -0.8987584114 -0.4367349744 0.9246014953 0.1979446709 -0.3254688084 0.3789671659 -0.3912176490 0.8386492729
67.5 321.7 2376.5 0.1706994474 0.5901702046 0.7890252471 -0.9813801646 0.1734006405 0.0826148018 -0.0880606920 -0.7884359956 0.6087807417
114.3 52.9 2352.4 -0.0092901913 0.5907555223 0.8067971468 -0.9657564163 0.2039069682 -0.1604260057 -0.2592841089 -0.7806598544 0.5686315894
-157.6 -80.7 2369.3 0.9968940616 0.0609409288 -0.0498839058 -0.0587471053 0.9972884059 0.0443236977 0.0524497703 -0.0412554964 0.9977710247
-181.9 -477.1 2385.7 0.9985918403 -0.0336213894 -0.0410354100 0.0405211113 0.9826551080 0.1809613854 0.0342394784 -0.1823693663 0.9826337695
25.7 -77.0 2376.6 0.9992558360 -0.0092849834 -0.0374367870 0.0102068363 0.9996474981 0.0245087910 0.0371960290 -0.0248726644 0.9989984035
29.4 -474.4 2386.5 0.9991611242 -0.0139516946 -0.0385018885 0.0216072034 0.9782627225 0.2062406540 0.0347875580 -0.2068995535 0.9777435064
-275.3 -226.0 2267.3 0 0 0 0 0 0 0 0 0
111.7 -213.4 2280.9 0 0 0 0 0 0 0 0 0
-171.7 -773.7 2440.8 0 0 0 0 0 0 0 0 0
33.6 -768.9 2448.8 0 0 0 0 0 0 0 0 0
-78.5 517.1 2367.7 3 0.9988127947 -0.0250157639 -0.0418001562 0.0259403344 0.9994273782 0.0217247456 0.0412327610 -0.0227832627 0.9988898039
-73.5 317.0 2372.2 0.9988127947 -0.0250157639 -0.0418001562 0.0259403344 0.9994273782 0.0217247456 0.0412327610 -0.0227832627 0.9988898039
-68.7 118.3 2375.5 0.9988324642 -0.0244762767 -0.0416483320 0.0251443237 0.9995622039 0.0155925825 0.0412484519 -0.0166215971 0.9990106821
-214.1 313.5 2366.4 0.1824812293 -0.8978969455 -0.4006017148 0.9825804830 0.1519708931 0.1069598645 -0.0351591371 -0.4131415784 0.9099878669
-265.4 37.2 2376.3 0.0471801609 -0.8966917396 -0.4401339889 0.9216811657 0.2089395672 -0.3268761933 0.3850685954 -0.3902411461 0.8363217115
67.1 320.6 2378.0 0.1737143844 0.5912232399 0.7875775695 -0.9805447459 0.1780700535 0.0826021060 -0.0914076865 -0.7866041660 0.6106541157
114.5 52.8 2353.1 -0.0082531394 0.5917050242 0.8061123490 -0.9652342200 0.2059022486 -0.1610192508 -0.2612562478 -0.7794160843 0.5694345832
-155.5 -81.3 2373.2 0.9964820147 0.0643572584 -0.0536817722 -0.0626260936 0.9974802732 0.0333320983 0.0556916706 -0.0298529565 0.9980016351
-181.1 -477.8 2385.1 0.9985006452 -0.0333034806 -0.0434431694 0.0406969823 0.9824057221 0.1822711676 0.0366085507 -0.1837658882 0.9822881222
27.8 -76.9 2380.2 0.9991828799 -0.0028575154 -0.0403169543 0.0035336297 0.9998541474 0.0167086963 0.0402633287 -0.0168375075 0.9990472198
29.0 -474.5 2386.9 0.9990843534 -0.0148237981 -0.0401342139 0.0227386188 0.9785813093 0.2046011239 0.0362416245 -0.2053263783 0.9780222774
-278.8 -223.5 2267.4 0 0 0 0 0 0 0 0 0
112.2 -213.3 2281.0 0 0 0 0 0 0 0 0 0
-171.1 -771.3 2439.9 0 0 0 0 0 0 0 0 0
33.4 -768.9 2448.7 0 0 0 0 0 0 0 0 0
-77.9 518.2 2374.7 4 0.9985793233 -0.0231111571 -0.0480127931 0.0232413765 0.9997275472 0.0021556104 0.0479498953 -0.0032684314 0.9988443851
-73.3 317.6 2375.4 0.9985793233 -0.0231111571 -0.0480127931 0.0232413765 0.9997275472 0.0021556104 0.0479498953 -0.0032684314 0.9988443851
-68.9 118.9 2375.4 0.9986070395 -0.0220230985 -0.0479476526 0.0220134091 0.9997574091 -0.0007301787 0.0479521006 -0.0003263297 0.9988495708
-213.8 314.5 2368.6 0.1800941527 -0.8970233202 -0.4036276042 0.9830245376 0.1495060027 0.1063519642 -0.0350554436 -0.4159291983 0.9087210894
-265.0 35.3 2378.6 0.0489686504 -0.8957607746 -0.4418310523 0.9205513597 0.2121151090 -0.3280127943 0.3875400424 -0.3906658292 0.8349807858
67.3 320.7 2382.1 0.1713591069 0.5975058675 0.7833407521 -0.9800736904 0.1844562739 0.0736982599 -0.1004569754 -0.7803605795 0.6172080636
114.3 51.3 2354.5 -0.0134876352 0.5978950262 0.8014609218 -0.9644510150 0.2037789524 -0.1682509929 -0.2639172971 -0.7752391100 0.5738919973
-155.4 -82.7 2375.1 0.9960087538 0.0675203726 -0.0583739467 -0.0652363673 0.9970602989 0.0401871949 0.0609157979 -0.0362186953 0.9974855781
-182.3 -479.1 2389.5 0.9979901910 -0.0400959663 -0.0490701273 0.0478983559 0.9843016863 0.1698704213 0.0414886884 -0.1718793809 0.9842439294
27.9 -78.1 2382.6 0.9988886714 -0.0069130096 -0.0466225594 0.0070486590 0.9999713898 0.0027457518 0.0466022454 -0.0030713268 0.9989088178
30.6 -475.6 2383.8 0.9988890290 -0.0036535533 -0.0469824634 0.0142702786 0.9736301899 0.2276852578 0.0449116863 -0.2281027585 0.9726006985
-278.8 -224.8 2269.1 0 0 0 0 0 0 0 0 0
110.6 -214.6 2281.8 0 0 0 0 0 0 0 0 0
-170.3 -772.1 2440.6 0 0 0 0 0 0 0 0 0
31.7 -773.2 2453.6 0 0 0 0 0 0 0 0 0
-77.5 516.6 2370.8 5 0.9983613491 -0.0182922743 -0.0542216487 0.0194843356 0.9995781183 0.0215384662 0.0538047887 -0.0225596465 0.9982966185
-73.9 315.9 2375.3 0.9983613491 -0.0182922743 -0.0542216487 0.0194843356 0.9995781183 0.0215384662 0.0538047887 -0.0225596465 0.9982966185
-70.4 117.2 2378.3 0.9983791709 -0.0176927298 -0.0540924743 0.0184947085 0.9997258186 0.0143615818 0.0538235456 -0.0153387282 0.9984326363
-214.4 313.3 2367.7 0.1819596887 -0.8934255242 -0.4107084870 0.9825709462 0.1490568519 0.1110693291 -0.0380132608 -0.4237603843 0.9049763083
-265.5 37.0 2378.4 0.0539335757 -0.8918708563 -0.4490629435 0.9219807386 0.2171789706 -0.3206006587 0.3834614158 -0.3967362642 0.8340010047
66.6 318.5 2382.9 0.1766703129 0.6002294421 0.7800719142 -0.9793245792 0.1865443587 0.0782596543 -0.0985442698 -0.7777697444 0.6207762957
114.7 52.2 2356.1 -0.0138391433 0.6005412936 0.7994740009 -0.9646027088 0.2025586963 -0.1688536853 -0.2633440197 -0.7735115886 0.5764805079
-156.1 -81.9 2371.1 0.9954875112 0.0698526204 -0.0642275214 -0.0662384555 0.9961870909 0.0567782111 0.0679487288 -0.0522676706 0.9963187575
-183.9 -477.9 2391.9 0.9974223375 -0.0443834960 -0.0563802831 0.0530581735 0.9851819277 0.1630994081 0.0483059138 -0.1656704247 0.9849973917
27.1 -77.8 2379.9 0.9986020327 -0.0038140789 -0.0527199619 0.0042183013 0.9999625683 0.0075582014 0.0526891612 -0.0077700242 0.9985807538
28.6 -475.4 2383.0 0.9985701442 -0.0111863436 -0.0522731319 0.0227728169 0.9737086296 0.2266559601 0.0483633503 -0.2275222838 0.9725711346
-280.8 -223.3 2270.1 0 0 0 0 0 0 0 0 0
110.9 -213.7 2283.5 0 0 0 0 0 0 0 0 0
-170.6 -774.1 2441.7 0 0 0 0 0 0 0 0 0
32.0 -769.6 2451.7 0 0 0 0 0 0 0 0 0
-78.0 516.8 2377.3 6 0.9979080558 -0.0151561201 -0.0628471449 0.0155223617 0.9998652339 0.0053433315 0.0627576932 -0.0063076899 0.9980088472
-75.0 315.6 2378.5 0.9979080558 -0.0151561201 -0.0628471449 0.0155223617 0.9998652339 0.0053433315 0.0627576932 -0.0063076899 0.9980088472
-72.2 116.9 2379.1 0.9979322553 -0.0136904893 -0.0627996176 0.0138464207 0.9999020100 0.0020484512 0.0627654195 -0.0029137656 0.9980240464
-215.4 313.7 2369.7 0.1740630418 -0.8917339444 -0.4177470505 0.9841926694 0.1434661150 0.1038378701 -0.0326632112 -0.4292179346 0.9026101828
-264.7 34.8 2379.0 0.0448121540 -0.8907868266 -0.4522064328 0.9241147041 0.2089110017 -0.3199503720 0.3794784844 -0.4035529494 0.8325509429
65.5 317.6 2387.4 0.1785683930 0.6064912081 0.7747784853 -0.9772515893 0.2008950561 0.0679744631 -0.1144232526 -0.7692915797 0.6285679936
114.4 49.9 2356.0 -0.0164479520 0.6064411402 0.7949582338 -0.9652464390 0.1977690160 -0.1708411574 -0.2608232200 -0.7701406479 0.5821122527
-158.4 -83.2 2376.4 0.9954418540 0.0618288033 -0.0726138204 -0.0585424565 0.9971991181 0.0465478525 0.0752884299 -0.0420846865 0.9962733388
-183.0 -479.7 2393.2 0.9970467091 -0.0409166776 -0.0649897754 0.0509643555 0.9855774641 0.1613682956 0.0574498028 -0.1642038971 0.9847520590
24.8 -79.8 2386.3 0.9980789423 -0.0079999603 -0.0614365898 0.0074373819 0.9999283552 -0.0093802884 0.0615072288 0.0089053409 0.9980669022
27.9 -477.4 2382.8 0.9980077147 -0.0138692763 -0.0615489930 0.0278512184 0.9721896648 0.2325328439 0.0566122346 -0.2337837815 0.9706390500
-277.4 -225.5 2272.1 0 0 0 0 0 0 0 0 0
109.8 -216.2 2284.1 0 0 0 0 0 0 0 0 0
-170.6 -777.9 2442.8 0 0 0 0 0 0 0 0 0
32.1 -772.0 2453.6 0 0 0 0 0 0 0 0 0
-79.4 516.6 2380.0 7 0.9982849956 -0.0197912119 -0.0550937094 0.0199195389 0.9998000264 0.0017810288 0.0550474450 -0.0028754156 0.9984796047
-75.4 316.1 2380.6 0.9982849956 -0.0197912119 -0.0550937094 0.0199195389 0.9998000264 0.0017810288 0.0550474450 -0.0028754156 0.9984796047
-71.8 117.3 2380.2 0.9983171225 -0.0183625612 -0.0550065935 0.0182369407 0.9998298287 -0.0027848585 0.0550483689 0.0017770199 0.9984821081
-215.9 313.5 2372.9 0.1692173481 -0.8952299356 -0.4122242332 0.9853200912 0.1440823376 0.0915676877 -0.0225799046 -0.4216676354 0.9064692855
-264.1 32.8 2379.3 0.0494815968 -0.8940241337 -0.4452779293 0.9212277532 0.2130914629 -0.3254710734 0.3858639002 -0.3940975666 0.8341439366
65.1 318.7 2388.3 0.1760734618 0.6014364958 0.7792767882 -0.9780096412 0.1967779398 0.0691052452 -0.1117820665 -0.7743078470 0.6228580475
114.8 42.7 2356.8 -0.0158380549 0.6016520262 0.7986012697 -0.9623482823 0.2075884044 -0.1754789501 -0.2713576257 -0.7713117599 0.5757110119
-161.1 -83.1 2373.9 0.9963116646 0.0565945208 -0.0644986182 -0.0533331670 0.9972626567 0.0512126349 0.0672204196 -0.0475838333 0.9966028333
