-16.0 441.6 2699.8 0.9978367686 -0.0023603595 -0.0656981245 0.0033048394 0.9998927116 0.0142710926 0.0656573847 -0.0144573431 0.9977374673
-15.5 243.8 2702.6 0.9978367686 -0.0023603595 -0.0656981245 0.0033048394 0.9998927116 0.0142710926 0.0656573847 -0.0144573431 0.9977374673
-14.7 49.7 2704.8 0.9978316426 -0.0041438793 -0.0656878129 0.0048834202 0.9999264479 0.0111018540 0.0656369776 -0.0113985622 0.9977784753
-151.8 243.2 2693.7 0.2078767866 -0.6750249863 -0.7079043388 0.9774472117 0.1158249751 0.1765829623 -0.0372049026 -0.7286466360 0.6838786006
-207.3 -17.5 2703.6 -0.0571227111 -0.6795460582 -0.7314056158 0.9566752911 0.1722414345 -0.2347451001 0.2854984701 -0.7131269574 0.6402660608
120.8 244.5 2711.6 0.2005813420 0.6424516439 0.7396100760 -0.9785572290 0.1674727648 0.1199107245 -0.0468276963 -0.7478026152 0.6622676253
169.3 7.7 2700.3 -0.0195104461 0.6429697871 0.7656430006 -0.9654907584 0.1868010014 -0.1814743429 -0.2597053945 -0.7427619100 0.6171368361
-102.8 -144.6 2701.4 0.9981346130 -0.0253360718 -0.0555460677 0.0260715298 0.9995812178 0.0125559689 0.0552046858 -0.0139807183 0.9983772039
-92.9 -532.6 2706.8 0.9983794689 -0.0088539906 -0.0562147312 0.0110985758 0.9991483092 0.0397429690 0.0558149666 -0.0403024666 0.9976273775
76.1 -143.0 2711.8 0.9926733375 0.0805812180 -0.0900353864 -0.0788313597 0.9966264963 0.0228309464 0.0915713981 -0.0155660594 0.9956768155
44.8 -529.9 2717.8 0.9908475280 -0.0970983580 -0.0937712267 0.0951862633 0.9951539040 -0.0246635377 0.0957115889 0.0155120725 0.9952882528
-192.8 -260.3 2631.1 0 0 0 0 0 0 0 0 0
164.4 -238.9 2634.0 0 0 0 0 0 0 0 0 0
-90.4 -817.2 2718.3 0 0 0 0 0 0 0 0 0
72.7 -816.0 2713.4 0 0 0 0 0 0 0 0 0
-15.4 436.8 2687.9 0.9967922568 -0.0004012479 -0.0800311118 0.0038188112 0.9990868568 0.0425544493 0.0799409524 -0.0427235700 0.9958835840
-15.3 239.0 2696.3 0.9967922568 -0.0004012479 -0.0800311118 0.0038188112 0.9990868568 0.0425544493 0.0799409524 -0.0427235700 0.9958835840
-14.8 45.1 2703.7 0.9967886806 -0.0029471512 -0.0800227746 0.0059713968 0.9992758036 0.0375793502 0.0798540711 -0.0379365198 0.9960843921
-151.5 238.2 2685.4 0.2129945606 -0.6663123369 -0.7146056294 0.9740878940 0.0878726840 0.2084013522 -0.0760660842 -0.7404770255 0.6677631736
-207.3 -17.1 2705.4 -0.0557889529 -0.6744838953 -0.7361786962 0.9554415345 0.1779909283 -0.2354796678 0.2898603678 -0.7165128589 0.6345000267
120.9 239.8 2707.2 0.2030520588 0.6504663229 0.7318903208 -0.9785658717 0.1610130072 0.1283884794 -0.0343314782 -0.7422724366 0.6692181826
169.2 6.8 2699.1 -0.0132053699 0.6511443853 0.7588389516 -0.9652717113 0.1897248775 -0.1795968115 -0.2609140873 -0.7348574400 0.6260258555
-103.3 -144.8 2701.2 0.9973687530 -0.0216172878 -0.0691971928 0.0222779941 0.9997131824 0.0087906485 0.0689873099 -0.0103090927 0.9975642562
-94.9 -532.8 2705.2 0.9973731041 -0.0187430922 -0.0699684843 0.0220479332 0.9986626506 0.0467637815 0.0689984113 -0.0481835976 0.9964525104
75.5 -143.9 2712.9 0.9915934801 0.0734495297 -0.1065250039 -0.0716061592 0.9972112179 0.0210325886 0.1077727601 -0.0132279322 0.9940875769
47.0 -531.0 2718.1 0.9899836779 -0.0895165876 -0.1091746986 0.0882985443 0.9959663153 -0.0159504823 0.1101621538 0.0061507504 0.9938945770
-193.1 -259.6 2631.8 0 0 0 0 0 0 0 0 0
165.8 -239.7 2632.4 0 0 0 0 0 0 0 0 0
-89.5 -822.0 2719.1 0 0 0 0 0 0 0 0 0
72.8 -817.8 2716.3 0 0 0 0 0 0 0 0 0
-14.2 438.1 2691.4 0.9962725639 0.0021369436 -0.0862348303 0.0007134061 0.9994547963 0.0330090001 0.0862583518 -0.0329474807 0.9957278371
-14.6 240.3 2697.9 0.9962725639 0.0021369436 -0.0862348303 0.0007134061 0.9994547963 0.0330090001 0.0862583518 -0.0329474807 0.9957278371
-14.7 46.3 2703.9 0.9962744713 0.0004427727 -0.0862379894 0.0022010487 0.9995304942 0.0305597726 0.0862110332 -0.0306357350 0.9958057404
-150.8 240.0 2686.2 0.2111250162 -0.6613598466 -0.7197425961 0.9754336476 0.0951753631 0.1986728013 -0.0628924519 -0.7440059185 0.6652065516
-207.2 -20.8 2703.0 -0.0537718125 -0.6685254574 -0.7417427301 0.9565608501 0.1786624342 -0.2303715199 0.2865307927 -0.7219095826 0.6298782825
121.5 240.6 2709.7 0.1965242922 0.6569616199 0.7278596163 -0.9798777699 0.1580132544 0.1219481528 -0.0348962136 -0.7371792793 0.6747955084
169.2 2.3 2701.2 -0.0166435838 0.6582265496 0.7526358962 -0.9606501460 0.1982081980 -0.1945888400 -0.2772621512 -0.7262584567 0.6290265322
-103.5 -149.3 2703.9 0.9969273210 -0.0204545129 -0.0756144226 0.0210401453 0.9997544289 0.0069564236 0.0754535645 -0.0085259872 0.9971128702
-95.6 -537.5 2707.2 0.9968590140 -0.0213764533 -0.0762569010 0.0245123859 0.9988817573 0.0404270887 0.0753074363 -0.0421693474 0.9962683320
75.1 -148.2 2718.2 0.9910081625 0.0712962747 -0.1132238433 -0.0708327666 0.9974551797 0.0081165433 0.1135143936 -0.0000236030 0.9935363531
47.4 -535.4 2718.2 0.9893667102 -0.0895261019 -0.1146234795 0.0887598842 0.9959833622 -0.0117814802 0.1152178273 0.0014822378 0.9933391213
-193.5 -263.6 2630.3 0 0 0 0 0 0 0 0 0
165.0 -243.0 2630.4 0 0 0 0 0 0 0 0 0
-89.6 -818.0 2719.0 0 0 0 0 0 0 0 0 0
72.5 -815.1 2717.8 0 0 0 0 0 0 0 0 0
-14.0 438.2 2683.2 0.9963561893 0.0012286177 -0.0852809548 0.0037222144 0.9983171821 0.0578699149 0.0852085426 -0.0579764806 0.9946749210
-14.2 240.2 2694.7 0.9963561893 0.0012286177 -0.0852809548 0.0037222144 0.9983171821 0.0578699149 0.0852085426 -0.0579764806 0.9946749210
-14.3 46.4 2704.6 0.9963564873 0.0002854405 -0.0852860957 0.0040870109 0.9986857176 0.0510890447 0.0851885900 -0.0512514636 0.9950458407
-150.3 239.6 2683.1 0.2133486569 -0.6589303017 -0.7213135362 0.9747915268 0.0942265391 0.2022445500 -0.0652981922 -0.7462788820 0.6624227762
-207.0 -19.3 2700.4 -0.0628491491 -0.6655763984 -0.7436787486 0.9586063623 0.1670889109 -0.2305538952 0.2777116895 -0.7273852825 0.6275243759
121.9 240.7 2706.3 0.1951159686 0.6560426354 0.7290664315 -0.9806230664 0.1437972188 0.1330442727 -0.0175550189 -0.7408984303 0.6713876724
169.3 2.4 2702.1 -0.0307125822 0.6581261158 0.7522810102 -0.9608957171 0.1877840161 -0.2035105973 -0.2752020061 -0.7291139960 0.6266232133
-104.1 -147.9 2702.1 0.9970267415 -0.0205747392 -0.0742590725 0.0212365240 0.9997413754 0.0081331702 0.0740725324 -0.0096859923 0.9972057939
-96.1 -536.0 2705.9 0.9969100356 -0.0232159235 -0.0750428587 0.0269597601 0.9984216690 0.0492675155 0.0737806261 -0.0511384159 0.9959625006
74.4 -147.5 2717.5 0.9909631014 0.0716356635 -0.1134039909 -0.0706400424 0.9974200130 0.0127788559 0.1140268296 -0.0046525123 0.9934667945
46.6 -534.7 2719.4 0.9887830615 -0.0948618129 -0.1153661609 0.0937349722 0.9954816699 -0.0151660545 0.1162835732 0.0041820938 0.9932072759
-191.1 -262.7 2629.9 0 0 0 0 0 0 0 0 0
161.5 -242.9 2631.8 0 0 0 0 0 0 0 0 0
-89.4 -826.6 2720.8 0 0 0 0 0 0 0 0 0
73.6 -817.8 2718.2 0 0 0 0 0 0 0 0 0
-13.4 438.5 2680.1 0.9968273640 0.0032155002 -0.0795292333 0.0019369308 0.9979077578 0.0646247640 0.0795706362 -0.0645737797 0.9947355390
-14.0 240.6 2692.9 0.9968273640 0.0032155002 -0.0795292333 0.0019369308 0.9979077578 0.0646247640 0.0795706362 -0.0645737797 0.9947355390
-14.6 46.8 2703.8 0.9968268871 0.0026933951 -0.0795541257 0.0017885974 0.9984171391 0.0562139787 0.0795796141 -0.0561778955 0.9952442646
-150.2 240.4 2682.0 0.2135961801 -0.6631130576 -0.7173964977 0.9743348360 0.0911918804 0.2058048397 -0.0710511431 -0.7429435253 0.6655724049
-207.2 -19.5 2701.0 -0.0593154617 -0.6699854732 -0.7400007844 0.9587306976 0.1682558954 -0.2291842997 0.2780596614 -0.7230556011 0.6323554516
122.2 240.8 2703.8 0.1931303740 0.6523791552 0.7328725457 -0.9810966849 0.1377255768 0.1359448880 -0.0122476881 -0.7452738881 0.6666460037
169.3 1.6 2700.8 -0.0443861708 0.6544138193 0.7548327446 -0.9631192088 0.1726888269 -0.2063491940 -0.2653889358 -0.7361529469 0.6226134896
-103.6 -147.8 2707.0 0.9975185990 -0.0161308348 -0.0685308352 0.0166732706 0.9998340011 0.0073505724 0.0684008822 -0.0084749656 0.9976218939
-97.3 -536.0 2710.2 0.9972469807 -0.0274816286 -0.0688711405 0.0295696110 0.9991278052 0.0294832643 0.0680008233 -0.0314385891 0.9971898198
74.9 -147.1 2722.2 0.9915470481 0.0716431960 -0.1081745476 -0.0706892535 0.9974184036 0.0126325255 0.1088003218 -0.0048789647 0.9940516353
47.1 -534.3 2724.1 0.9889231324 -0.0976283848 -0.1118023917 0.0936875790 0.9947983027 -0.0399878398 0.1151247770 0.0290704016 0.9929255843
-192.1 -262.8 2630.4 0 0 0 0 0 0 0 0 0
157.9 -244.3 2633.0 0 0 0 0 0 0 0 0 0
-89.4 -823.5 2719.3 0 0 0 0 0 0 0 0 0
75.0 -818.8 2715.8 0 0 0 0 0 0 0 0 0
-13.7 440.2 2687.5 0.9982762337 0.0037087128 -0.0585726202 -0.0009274169 0.9988736510 0.0474405438 0.0586825907 -0.0473044477 0.9971552491
-14.5 242.2 2696.9 0.9982762337 0.0037087128 -0.0585726202 -0.0009274169 0.9988736510 0.0474405438 0.0586825907 -0.0473044477 0.9971552491
-15.2 48.3 2704.5 0.9982756376 0.0034103387 -0.0586011335 -0.0010984574 0.9992213845 0.0394381471 0.0586900041 -0.0393057726 0.9975021482
-150.8 242.3 2688.9 0.2153804749 -0.6761940718 -0.7045373321 0.9754195213 0.1145696640 0.1882299185 -0.0465613492 -0.7277605534 0.6842489839
-208.9 -20.4 2701.4 -0.0725940913 -0.6801271439 -0.7294910550 0.9573406577 0.1575980633 -0.2422017455 0.2796943486 -0.7159538865 0.6396726966
121.9 242.1 2704.9 0.1933074445 0.6395042539 0.7440876961 -0.9810519218 0.1360453367 0.1379448622 -0.0130133433 -0.7566544414 0.6536854506
169.3 1.5 2701.7 -0.0690452680 0.6421818137 0.7634364963 -0.9589322209 0.1683074087 -0.2283014804 -0.2751030624 -0.7478470206 0.6041880250
-104.4 -147.1 2707.6 0.9987595081 -0.0133742411 -0.0479647182 0.0141135044 0.9997862577 0.0151072228 0.0477524213 -0.0157654323 0.9987347722
-99.2 -535.3 2713.7 0.9982584119 -0.0342729278 -0.0480157100 0.0352165177 0.9992001057 0.0189452954 0.0473279916 -0.0206032470 0.9986668825
74.2 -146.8 2721.8 0.9936829805 0.0725393072 -0.0856284797 -0.0711577982 0.9972825646 0.0190812331 0.0867799297 -0.0128675625 0.9961444139
46.1 -534.0 2726.8 0.9904942513 -0.1033045352 -0.0908257514 0.0985146165 0.9935734272 -0.0557383597 0.0960000753 0.0462608635 0.9943057299
-190.4 -263.4 2630.4 0 0 0 0 0 0 0 0 0
151.7 -243.3 2631.5 0 0 0 0 0 0 0 0 0
-89.4 -820.3 2719.6 0 0 0 0 0 0 0 0 0
75.8 -819.7 2713.5 0 0 0 0 0 0 0 0 0
-11.7 440.5 2691.2 0.9984103441 0.0084312567 -0.0557290018 -0.0061939005 0.9991725087 0.0401985645 0.0560218096 -0.0397894830 0.9976363778
-13.4 242.1 2699.1 0.9984103441 0.0084312567 -0.0557290018 -0.0061939005 0.9991725087 0.0401985645 0.0560218096 -0.0397894830 0.9976363778
-14.9 48.1 2705.1 0.9984105229 0.0079127345 -0.0558020510 -0.0061738472 0.9994920492 0.0312655419 0.0560211018 -0.0308713317 0.9979522228
-149.8 242.9 2691.5 0.2180826515 -0.6785275340 -0.7014558911 0.9749664664 0.1195387915 0.1874856502 -0.0433629900 -0.7247833014 0.6876109242
-208.1 -17.9 2703.1 -0.0728081390 -0.6827474833 -0.7270177603 0.9539735317 0.1649555862 -0.2504478693 0.2909182906 -0.7117903829 0.6393129230
123.0 241.3 2706.8 0.1910651177 0.6384418011 0.7455777526 -0.9814181328 0.1379352361 0.1333880275 -0.0176809486 -0.7572093010 0.6529329419
169.4 3.0 2702.5 -0.0764311925 0.6413458586 0.7634354830 -0.9561752677 0.1699017286 -0.2384580970 -0.2826431096 -0.7482038140 0.6002532244
-105.3 -145.6 2706.9 0.9987768531 -0.0198708866 -0.0452758968 0.0202061962 0.9997715950 0.0069602621 0.0451272503 -0.0078666024 0.9989503026
-97.6 -533.7 2710.0 0.9985992312 -0.0267104339 -0.0456744432 0.0279847234 0.9992302656 0.0274912976 0.0449049808 -0.0287309755 0.9985780120
73.5 -145.7 2717.4 0.9942371249 0.0691236779 -0.0819416270 -0.0673283935 0.9974305630 0.0244770199 0.0834230259 -0.0188189633 0.9963365197
46.7 -533.0 2724.7 0.9912351370 -0.0998307988 -0.0865260288 0.0962553248 0.9943585396 -0.0445641130 0.0904867724 0.0358449221 0.9952523708
-189.6 -260.0 2629.3 0 0 0 0 0 0 0 0 0
149.9 -241.1 2630.3 0 0 0 0 0 0 0 0 0
-89.9 -821.2 2718.2 0 0 0 0 0 0 0 0 0
75.9 -823.5 2714.2 0 0 0 0 0 0 0 0 0
-11.8 444.2 2693.6 0.9981365204 0.0105075110 -0.0601085946 -0.0085037164 0.9994027019 0.0334954672 0.0604246445 -0.0329219028 0.9976297021
-13.9 246.0 2700.1 0.9981365204 0.0105075110 -0.0601085946 -0.0085037164 0.9994027019 0.0334954672 0.0604246445 -0.0329219028 0.9976297021
-16.2 52.0 2705.3 0.9981212020 0.0115196612 -0.0601780154 -0.0098968707 0.9995811582 0.0271953028 0.0604660921 -0.0265486334 0.9978170991
-150.3 247.4 2691.9 0.2119708359 -0.6759336591 -0.7058200836 0.9766222835 0.1200998873 0.1782832295 -0.0357387215 -0.7271105051 0.6855895519
-207.6 -16.7 2701.5 -0.0722052976 -0.6798372865 -0.7297997475 0.9553976655 0.1629360169 -0.2463069558 0.2863593102 -0.7150336504 0.6377500892
122.4 244.7 2708.4 0.1899773777 0.6412607431 0.7434334159 -0.9814330339 0.1444134861 0.1262296885 -0.0264156703 -0.7536109090 0.6567897797
169.4 1.9 2701.9 -0.0735434517 0.6438806653 0.7615832686 -0.9550538063 0.1744183153 -0.2396882325 -0.2871646881 -0.7449805140 0.6021133661
-105.9 -145.4 2706.1 0.9984942675 -0.0230762977 -0.0497667603 0.0233120807 0.9997195601 0.0041624587 0.0496567525 -0.0053163581 0.9987521768
-97.0 -533.5 2708.2 0.9984540343 -0.0237251762 -0.0502653606 0.0250697564 0.9993399382 0.0262901615 0.0496084429 -0.0275096595 0.9983898401
72.9 -146.4 2716.2 0.9941810966 0.0639705509 -0.0866703913 -0.0628512278 0.9979012012 0.0155853573 0.0874854848 -0.0100473277 0.9961151481
48.1 -533.9 2720.1 0.9915475249 -0.0943166986 -0.0890948400 0.0925951675 0.9954318404 -0.0232711826 0.0908827037 0.0148247303 0.9957512617
-189.3 -259.3 2628.9 0 0 0 0 0 0 0 0 0
150.7 -242.0 2628.5 0 0 0 0 0 0 0 0 0
-90.2 -818.4 2716.0 0 0 0 0 0 0 0 0 0
75.5 -823.1 2715.7 0 0 0 0 0 0 0 0 0
-12.3 444.9 2694.8 0.9978231788 0.0145488689 -0.0643215254 -0.0126787983 0.9994876981 0.0293869935 0.0647161230 -0.0285075027 0.9974964261
-15.2 247.0 2700.4 0.9978231788 0.0145488689 -0.0643215254 -0.0126787983 0.9994876981 0.0293869935 0.0647161230 -0.0285075027 0.9974964261
-17.7 53.0 2705.1 0.9978405833 0.0129814595 -0.0643869564 -0.0114150885 0.9996312857 0.0246359669 0.0646830276 -0.0238477848 0.9976208806
-151.5 248.6 2691.6 0.2084628195 -0.6744989753 -0.7082332969 0.9772363305 0.1144773215 0.1786171496 -0.0394004360 -0.7293463349 0.6830092072
-207.3 -13.0 2702.1 -0.0704369172 -0.6784862876 -0.7312284112 0.9577264786 0.1589756757 -0.2397638261 0.2789239883 -0.7172050476 0.6386065483
121.1 245.5 2709.3 0.1973799169 0.6429291964 0.7400562167 -0.9797923565 0.1543072611 0.1272642463 -0.0323741399 -0.7502208352 0.6603943110
169.4 5.7 2701.3 -0.0782233402 0.6442458630 0.7608076930 -0.9554437995 0.1694278121 -0.2417051941 -0.2846195698 -0.7458159924 0.6022875309
-107.8 -141.1 2705.0 0.9981272221 -0.0288242847 -0.0539553501 0.0288333762 0.9995840192 -0.0006100691 0.0539504923 -0.0009467883 0.9985431433
-96.6 -529.2 2705.4 0.9982339740 -0.0228199046 -0.0548473522 0.0245606247 0.9992089868 0.0312758163 0.0540902577 -0.0325676687 0.9980047941
71.0 -142.9 2715.9 0.9939886332 0.0617482364 -0.0904090032 -0.0601242743 0.9979787469 0.0205796249 0.0914970189 -0.0150201367 0.9956920743
47.0 -530.3 2721.7 0.9912812114 -0.0933473855 -0.0929937586 0.0916298479 0.9955371022 -0.0225804187 0.0946865603 0.0138625400 0.9954106212
-189.4 -256.1 2631.3 0 0 0 0 0 0 0 0 0
149.5 -238.3 2628.7 0 0 0 0 0 0 0 0 0
-90.0 -820.2 2714.9 0 0 0 0 0 0 0 0 0
74.4 -822.4 2717.6 0 0 0 0 0 0 0 0 0
-11.2 442.2 2697.9  0.9981503487 0.0171125624 -0.0583353154 -0.0160375368 0.9996937513 0.0188470408 0.0586399697 -0.0178766269 0.9981191158
-14.6 245.0 2701.4 0.9981503487 0.0171125624 -0.0583353154 -0.0160375368 0.9996937513 0.0188470408 0.0586399697 -0.0178766269 0.9981191158
-17.5 50.9 2704.7 0.9981827736 0.0150403045 -0.0583516359 -0.0140213892 0.9997426867 0.0178319793 0.0586048216 -0.0169814043 0.9981368184
-151.0 246.9 2693.4 0.2127897143 -0.6783338189 -0.7032665014 0.9764905572 0.1222581863 0.1775362492 -0.0344487578 -0.7245109677 0.6884018779
-207.3 -11.5 2702.5 -0.0597878471 -0.6817087531 -0.7291767001 0.9582266808 0.1654804200 -0.2332764715 0.2796910703 -0.7126635909 0.6433377862
121.8 243.0 2709.4 0.1979798526 0.6387863159 0.7434756160 -0.9794857502 0.1579992920 0.1250756085 -0.0375720337 -0.7529861927 0.6569628119
169.4 7.4 2700.4 -0.0733301118 0.6396677494 0.7651456594 -0.9576731324 0.1689739227 -0.2330451012 -0.2783610821 -0.7498486638 0.6002017260
-109.6 -140.0 2703.9 0.9981345534 -0.0375600047 -0.0481317826 0.0374872163 0.9992941618 -0.0024143839 0.0481884964 0.0006055534 0.9988380671
-95.0 -528.0 2703.7 0.9985387325 -0.0208051223 -0.0498755984 0.0230787843 0.9986998439 0.0454528369 0.0488651022 -0.0465374850 0.9977206588
69.2 -142.1 2715.5 0.9946652055 0.0606515035 -0.0834417492 -0.0584053211 0.9978685975 0.0291040316 0.0850291029 -0.0240753256 0.9960875511
45.6 -529.5 2724.8 0.9914891124 -0.0965662301 -0.0873169377 0.0935689360 0.9948949218 -0.0378010422 0.0905214846 0.0293091703 0.9954631329
-192.1 -254.8 2631.5 0 0 0 0 0 0 0 0 0
150.7 -237.2 2629.3 0 0 0 0 0 0 0 0 0
-88.9 -821.3 2717.3 0 0 0 0 0 0 0 0 0
73.6 -817.6 2716.3 0 0 0 0 0 0 0 0 0
-11.5 443.2 2696.9  0.9981002212 0.0160081834 -0.0594954900 -0.0147168720 0.9996479154 0.0220795386 0.0598279946 -0.0211620051 0.9979843497
-14.6 246.0 2701.1 0.9981002212 0.0160081834 -0.0594954900 -0.0147168720 0.9996479154 0.0220795386 0.0598279946 -0.0211620051 0.9979843497
-17.6 52.0 2704.7 0.9981076717 0.0153865647 -0.0595341064 -0.0142409159 0.9997060895 0.0196202658 0.0598184951 -0.0187353175 0.9980334044
-151.0 248.0 2692.9 0.2098663449 -0.6764389873 -0.7059648633 0.9773782492 0.1257745922 0.1700367481 -0.0262270365 -0.7256796956 0.6875326037
-207.0 -13.1 2699.9 -0.0412915573 -0.6788780689 -0.7330890894 0.9632564783 0.1678388566 -0.2096832246 0.2653901875 -0.7148109674 0.6470033526
121.8 244.1 2709.3 0.1953479201 0.6412631869 0.7420381904 -0.9803507328 0.1488311291 0.1294671297 -0.0274158791 -0.7527488470 0.6577366590
169.4 5.0 2702.6 -0.0652579218 0.6439046860 0.7623175979 -0.9547108412 0.1819516718 -0.2354162931 -0.2902906239 -0.7431556582 0.6028689742
-109.9 -141.9 2702.8 0.9979375601 -0.0413570814 -0.0490943231 0.0410913602 0.9991348386 -0.0064098723 0.0493169427 0.0043792999 0.9987735748
-93.8 -529.8 2701.1 0.9985596538 -0.0139517048 -0.0518064909 0.0171545148 0.9979348183 0.0619018227 0.0508358628 -0.0627013817 0.9967368245
69.0 -144.4 2713.2 0.9945101142 0.0618957132 -0.0843713731 -0.0591294877 0.9976399541 0.0349024013 0.0863325670 -0.0297219567 0.9958229065
44.9 -531.7 2724.8 0.9906071424 -0.1038107798 -0.0889986306 0.1002085805 0.9939911962 -0.0440418348 0.0930358768 0.0347097330 0.9950575829
-196.5 -257.5 2632.6 0 0 0 0 0 0 0 0 0
152.7 -238.8 2628.5 0 0 0 0 0 0 0 0 0
-89.7 -822.9 2719.5 0 0 0 0 0 0 0 0 0
75.0 -819.9 2714.7 0 0 0 0 0 0 0 0 0
-10.5 440.1 2696.9  0.9983013272 0.0165620316 -0.0558583736 -0.0155089591 0.9996947050 0.0192336738 0.0561598688 -0.0183346979 0.9982534051
-13.8 243.1 2700.6 0.9983013272 0.0165620316 -0.0558583736 -0.0155089591 0.9996947050 0.0192336738 0.0561598688 -0.0183346979 0.9982534051
-17.0 49.1 2703.8 0.9982992411 0.0165932290 -0.0558862872 -0.0156344175 0.9997237325 0.0175502393 0.0561620630 -0.0166466422 0.9982829094
-150.1 245.3 2692.9 0.2156141251 -0.6785706878 -0.7021768689 0.9760993123 0.1297333688 0.1743542701 -0.0272159204 -0.7229875922 0.6903247237
-206.9 -11.7 2700.1 -0.0322771221 -0.6808483601 -0.7317128778 0.9628093839 0.1753035933 -0.2055886835 0.2682466209 -0.7111358047 0.6498689055
122.6 241.0 2708.2 0.1948628724 0.6401617527 0.7431159616 -0.9806333780 0.1423451453 0.1345215589 -0.0196633916 -0.7549375892 0.6555017829
169.4 5.5 2703.5 -0.0672318265 0.6432769895 0.7626759410 -0.9550268650 0.1797672659 -0.2358122617 -0.2887967825 -0.7442300916 0.6022607088
-110.0 -140.8 2703.0 0.9982200265 -0.0377095751 -0.0462036319 0.0382181406 0.9992176294 0.0101732044 0.0457838550 -0.0119209131 0.9988802671
-95.4 -528.7 2707.6 0.9986913204 -0.0194381382 -0.0473053530 0.0213338211 0.9989757538 0.0399039984 0.0464812405 -0.0408609807 0.9980831146
68.8 -143.4 2713.7 0.9949411154 0.0595334359 -0.0809190273 -0.0573126934 0.9979204535 0.0294971094 0.0825068131 -0.0247102007 0.9962841272
45.7 -530.8 2723.3 0.9916041493 -0.0977850184 -0.0846124813 0.0950890556 0.9948413968 -0.0353362039 0.0876313522 0.0269938074 0.9957871437
-198.7 -256.0 2632.0 0 0 0 0 0 0 0 0 0
152.3 -238.4 2629.8 0 0 0 0 0 0 0 0 0
-89.7 -821.2 2719.6 0 0 0 0 0 0 0 0 0
74.3 -821.8 2715.4 0 0 0 0 0 0 0 0 0
-11.2 436.9 2698.5  0.9977195859 0.0115985097 -0.0664916709 -0.0109105362 0.9998832345 0.0107005918 0.0666080117 -0.0099507300 0.9977295995
-13.5 240.2 2700.4 0.9977195859 0.0115985097 -0.0664916709 -0.0109105362 0.9998832345 0.0107005918 0.0666080117 -0.0099507300 0.9977295995
-15.6 46.1 2702.4 0.9977269769 0.0109533388 -0.0664897859 -0.0102528594 0.9998883605 0.0108672511 0.0666014031 -0.0101608392 0.9977279305
-149.8 241.6 2691.3 0.2188254297 -0.6729456782 -0.7065829635 0.9751252532 0.1246181875 0.1833060235 -0.0353019126 -0.7291188836 0.6834759712
-207.0 -13.6 2700.6 -0.0283539873 -0.6755527854 -0.7367662191 0.9633410573 0.1782432199 -0.2005076557 0.2667770982 -0.7154423594 0.6457338333
122.9 238.8 2709.5 0.1933935285 0.6481529474 0.7365437746 -0.9808223248 0.1462520212 0.1288328171 -0.0242176447 -0.7473340034 0.6640070677
169.4 2.7 2703.7 -0.0623902567 0.6510692835 0.7564497590 -0.9541267157 0.1834686697 -0.2366039753 -0.2928304076 -0.7365107536 0.6097559333
-109.6 -143.6 2702.0 0.9975692034 -0.0405049250 -0.0567014888 0.0406768955 0.9991706014 0.0018815831 0.0565782450 -0.0041834498 0.9983894229
-93.9 -531.5 2703.6 0.9981692433 -0.0152363526 -0.0585325658 0.0180923101 0.9986555576 0.0485766940 0.0577137396 -0.0495467484 0.9971029162
69.2 -146.4 2712.1 0.9942966104 0.0553667024 -0.0911525413 -0.0528042652 0.9981454015 0.0302889869 0.0926604941 -0.0253029950 0.9953762293
47.7 -533.9 2721.9 0.9914276004 -0.0901519284 -0.0945722312 0.0871974006 0.9955784678 -0.0349299796 0.0973030776 0.0263840929 0.9949049950
-199.8 -258.1 2632.8 0 0 0 0 0 0 0 0 0
153.5 -241.0 2628.9 0 0 0 0 0 0 0 0 0
-89.5 -819.2 2717.9 0 0 0 0 0 0 0 0 0
73.5 -818.6 2714.3 0 0 0 0 0 0 0 0 0
-11.3 436.3 2697.2  0.9972348809 0.0102340812 -0.0736061335 -0.0094375592 0.9998931885 0.0111610824 0.0737124905 -0.0104355579 0.9972249269
-13.3 239.6 2699.3 0.9972348809 0.0102340812 -0.0736061335 -0.0094375592 0.9998931885 0.0111610824 0.0737124905 -0.0104355579 0.9972249269
-15.0 45.5 2701.3 0.9972459674 0.0090826508 -0.0736070722 -0.0082902405 0.9999044538 0.0110638058 0.0737005249 -0.0104231145 0.9972259402
-149.5 240.7 2689.2 0.2229578793 -0.6684781313 -0.7095257044 0.9738931656 0.1208753213 0.1921489835 -0.0426832438 -0.7338433862 0.6779764295
-208.9 -18.7 2700.6 -0.0335424431 -0.6721374393 -0.7396662235 0.9599209428 0.1843827963 -0.2110799104 0.2782564461 -0.7171012759 0.6390141845
123.0 238.4 2709.3 0.1913210750 0.6543049812 0.7316291332 -0.9813547730 0.1415004730 0.1300787181 -0.0184147097 -0.7428745627 0.6691773534
169.6 -0.5 2704.9 -0.0702674910 0.6578890085 0.7498297095 -0.9512425065 0.1821239591 -0.2489348948 -0.3003334701 -0.7307618856 0.6130145788
-107.1 -147.0 2698.4 0.9974542260 -0.0308190864 -0.0643062443 0.0318929926 0.9993673563 0.0157404747 0.0637804493 -0.0177513212 0.9978060722
-95.1 -534.9 2705.3 0.9976955652 -0.0200315770 -0.0648247898 0.0221970621 0.9992134571 0.0328591764 0.0641155839 -0.0342223756 0.9973555207
71.7 -148.9 2710.3 0.9935196042 0.0577665493 -0.0978869796 -0.0543054976 0.9978138208 0.0376626775 0.0998486280 -0.0321028084 0.9944846034
49.3 -536.2 2722.8 0.9908927083 -0.0880904123 -0.1018418148 0.0848997310 0.9957654476 -0.0352592878 0.1045165658 0.0262918267 0.9941755533
-200.4 -262.3 2629.9 0 0 0 0 0 0 0 0 0
151.6 -243.4 2628.2 0 0 0 0 0 0 0 0 0
-89.5 -815.7 2714.9 0 0 0 0 0 0 0 0 0
74.3 -819.2 2715.3 0 0 0 0 0 0 0 0 0
-10.6 436.1 2696.6  0.9976704121 0.0086368630 -0.0676694214 -0.0076527190 0.9998613596 0.0147891669 0.0677877739 -0.0142368600 0.9975981712
-12.3 239.3 2699.4 0.9976704121 0.0086368630 -0.0676694214 -0.0076527190 0.9998613596 0.0147891669 0.0677877739 -0.0142368600 0.9975981712
-13.6 45.2 2701.8 0.9976853132 0.0065530017 -0.0676838383 -0.0056929970 0.9999006987 0.0128912851 0.0677615926 -0.0124761220 0.9976235032
-148.6 240.1 2690.1 0.2224175185 -0.6712844968 -0.7070414424 0.9742699862 0.1259235889 0.1869256347 -0.0364470817 -0.7304248214 0.6820199490
-207.9 -19.4 2699.8 -0.0328856446 -0.6737316251 -0.7382440567 0.9639515877 0.1737547666 -0.2015109211 0.2640376985 -0.7182583213 0.6437305808
124.0 238.5 2708.7 0.1869795471 0.6506490707 0.7359989285 -0.9822396636 0.1357378960 0.1295395643 -0.0156181511 -0.7471485734 0.6644735336
169.5 -0.7 2704.8 -0.0653520077 0.6543968916 0.7533218861 -0.9540339708 0.1803060621 -0.2393926978 -0.2924863398 -0.7343394756 0.6125335097
-106.1 -147.9 2696.7 0.9979534149 -0.0264832620 -0.0582036525 0.0271867570 0.9995661974 0.0113282325 0.0578783974 -0.0128874164 0.9982404709
-95.9 -535.9 2701.7 0.9979590774 -0.0239649098 -0.0591887347 0.0269498751 0.9983775616 0.0501589403 0.0578906536 -0.0516516976 0.9969858527
72.6 -149.4 2709.9 0.9942224026 0.0551124439 -0.0921107009 -0.0517750457 0.9979264140 0.0382393301 0.0940271690 -0.0332493633 0.9950142503
51.2 -536.8 2722.8 0.9921928048 -0.0801432058 -0.0955535546 0.0778168216 0.9965790510 -0.0278351214 0.0974574685 0.0201821327 0.9950350523
-199.5 -264.0 2632.8 0 0 0 0 0 0 0 0 0
152.8 -244.3 2630.2 0 0 0 0 0 0 0 0 0
-88.9 -823.7 2716.6 0 0 0 0 0 0 0 0 0
74.0 -820.9 2717.1 0 0 0 0 0 0 0 0 0
-10.3 435.2 2695.8  0.9984207153 0.0083130971 -0.0555601344 -0.0072392179 0.9997836351 0.0195016209 0.0557102300 -0.0190686099 0.9982648492
-11.9 238.5 2699.5 0.9984207153 0.0083130971 -0.0555601344 -0.0072392179 0.9997836351 0.0195016209 0.0557102300 -0.0190686099 0.9982648492
-12.9 44.4 2703.0 0.9984422922 0.0050011487 -0.0555699095 -0.0040044328 0.9998293519 0.0180331469 0.0556506142 -0.0177825298 0.9982919097
-148.3 239.0 2691.9 0.2231603414 -0.6775783896 -0.7007759809 0.9743273258 0.1330986917 0.1815793067 -0.0297618527 -0.7233064771 0.6898854971
-207.4 -18.9 2699.8 -0.0286381766 -0.6797237396 -0.7329089046 0.9624336958 0.1792993844 -0.2038948983 0.2700023353 -0.7112154365 0.6490542293
124.5 237.9 2707.1 0.1855346859 0.6424774528 0.7435049415 -0.9826132655 0.1266441047 0.1357662231 -0.0069337711 -0.7557671666 0.6548037529
169.6 -0.8 2705.4 -0.0539601333 0.6470678449 0.7605205774 -0.9560739398 0.1862785816 -0.2263249010 -0.2881162465 -0.7393264174 0.6085930467
-104.3 -148.4 2698.2 0.9987224340 -0.0207569730 -0.0460727513 0.0215214118 0.9996377826 0.0161583945 0.0457206666 -0.0171293020 0.9988073707
-96.2 -536.5 2704.8 0.9985960126 -0.0255136564 -0.0464219637 0.0270740148 0.9990786314 0.0333001018 0.0455295853 -0.0345101804 0.9983667135
74.5 -149.4 2710.3 0.9946724772 0.0644930229 -0.0804194063 -0.0616555475 0.9974008799 0.0372834988 0.0826149136 -0.0321265683 0.9960635900
49.5 -536.6 2722.8 0.9927405119 -0.0863216594 -0.0837545842 0.0852640197 0.9962278008 -0.0161303449 0.0848310441 0.0088719940 0.9963558316
-200.1 -263.2 2631.3 0 0 0 0 0 0 0 0 0
155.8 -244.9 2631.9 0 0 0 0 0 0 0 0 0
-89.0 -818.7 2714.6 0 0 0 0 0 0 0 0 0
74.4 -824.6 2720.2 0 0 0 0 0 0 0 0 0
-11.9 434.3 2696.9  0.9981317520 0.0020054458 -0.0610650368 -0.0009770406 0.9998572469 0.0168663487 0.0610901453 -0.0167751759 0.9979912639
-12.3 237.5 2700.2 0.9981317520 0.0020054458 -0.0610650368 -0.0009770406 0.9998572469 0.0168663487 0.0610901453 -0.0167751759 0.9979912639
-12.2 43.4 2703.5 0.9981335402 -0.0007034582 -0.0610648319 0.0017557828 0.9998508692 0.0171809569 0.0610436387 -0.0172561072 0.9979858994
-148.7 237.2 2691.8 0.2215654552 -0.6737861633 -0.7049261928 0.9747474194 0.1323768049 0.1798439473 -0.0278604832 -0.7269722223 0.6861014366
-207.1 -19.6 2699.2 -0.0266721062 -0.6764591336 -0.7359970212 0.9599117637 0.1881802082 -0.2077441663 0.2790305316 -0.7120332122 0.6443219185
124.0 237.7 2708.5 0.1871666610 0.6459212303 0.7401043177 -0.9822845459 0.1301635802 0.1348127574 -0.0092561990 -0.7522255182 0.6588407159
169.6 -1.5 2706.3 -0.0480123609 0.6496058106 0.7587536573 -0.9584611654 0.1838561893 -0.2180576473 -0.2811530530 -0.7377053499 0.6137945652
-103.3 -149.3 2701.4 0.9983973503 -0.0238897167 -0.0513036139 0.0241872463 0.9996939898 0.0051862760 0.0511640161 -0.0064188573 0.9986696243
-94.0 -537.4 2703.9 0.9985297918 -0.0137775065 -0.0524253398 0.0166503098 0.9983606339 0.0547618866 0.0515849106 -0.0555542707 0.9971222281
75.6 -150.0 2711.4 0.9940629601 0.0659681633 -0.0865278393 -0.0637582317 0.9975707531 0.0280628186 0.0881688893 -0.0223793462 0.9958541393
50.0 -537.3 2720.1 0.9925094247 -0.0837471560 -0.0889462233 0.0832355171 0.9964850545 -0.0094524389 0.0894251987 0.0019781506 0.9959915876
-200.3 -263.3 2628.4 0 0 0 0 0 0 0 0 0
157.3 -246.2 2634.5 0 0 0 0 0 0 0 0 0
-90.1 -821.7 2719.8 0 0 0 0 0 0 0 0 0
74.1 -824.0 2719.5 0 0 0 0 0 0 0 0 0
-13.1 439.4 2705.9  0.9980372190 -0.0017576837 -0.0625993535 0.0013283726 0.9999753237 -0.0068990332 0.0626099333 0.0068023363 0.9980148673
-12.8 242.9 2704.6 0.9980372190 -0.0017576837 -0.0625993535 0.0013283726 0.9999753237 -0.0068990332 0.0626099333 0.0068023363 0.9980148673
-12.0 48.9 2703.6 0.9980313778 -0.0037706350 -0.0626030937 0.0034301151 0.9999787211 -0.0055459305 0.0626226738 0.0053202771 0.9980230927
-149.1 242.5 2696.0 0.2143582553 -0.6746155620 -0.7063599825 0.9766932726 0.1399057359 0.1627777368 -0.0109885847 -0.7247897983 0.6888824105
-207.0 -21.2 2699.0 -0.0257213917 -0.6766856909 -0.7358226180 0.9605572224 0.1871470958 -0.2056835741 0.2768901885 -0.7120901942 0.6451816559
123.6 243.4 2713.1 0.1847149283 0.6473753452 0.7394495010 -0.9823086858 0.1452114880 0.1182511151 -0.0308236983 -0.7482103705 0.6627451777
169.6 -1.6 2705.5 -0.0452611782 0.6491597891 0.7593042850 -0.9621498585 0.1761436313 -0.2079448402 -0.2687360346 -0.7399763465 0.6166165471
-101.5 -150.8 2701.4 0.9983981848 -0.0185048301 -0.0534657873 0.0191451497 0.9997506738 0.0114889704 0.0532398559 -0.0124941785 0.9985035658
-94.3 -539.0 2706.3 0.9984248281 -0.0150965396 -0.0540369153 0.0174769498 0.9988850951 0.0438535661 0.0533146337 -0.0447288863 0.9975755215
77.4 -150.5 2712.4 0.9937669039 0.0699789450 -0.0867770165 -0.0680394098 0.9973664880 0.0251142196 0.0883059576 -0.0190534219 0.9959111810
50.2 -537.7 2719.7 0.9925550222 -0.0827692002 -0.0893520713 0.0819791332 0.9965558648 -0.0124823991 0.0900774896 0.0050644623 0.9959219098
-200.5 -265.0 2628.7 0 0 0 0 0 0 0 0 0
158.1 -247.3 2636.8 0 0 0 0 0 0 0 0 0
-90.0 -820.8 2718.9 0 0 0 0 0 0 0 0 0
73.6 -819.1 2718.3 0 0 0 0 0 0 0 0 0
-11.2 441.4 2719.9  0.9980685711 0.0055007385 -0.0618783049 -0.0082342252 0.9989972711 -0.0440073200 0.0615741871 0.0444318429 0.9971130490
-12.2 245.4 2711.2 0.9980685711 0.0055007385 -0.0618783049 -0.0082342252 0.9989972711 -0.0440073200 0.0615741871 0.0444318429 0.9971130490
-12.5 51.5 2704.1 0.9980844259 0.0012833049 -0.0618536659 -0.0035623084 0.9993181825 -0.0367489085 0.0617643297 0.0368988551 0.9974084496
-148.6 245.9 2702.8 0.2176325470 -0.6779342294 -0.7021690011 0.9760304689 0.1506145746 0.1570978463 -0.0007451221 -0.7195279598 0.6944630742
-207.2 -16.8 2703.0 -0.0290057752 -0.6791675687 -0.7334098816 0.9618684053 0.1806691438 -0.2053481489 0.2719703615 -0.7114000916 0.6480293870
124.1 244.9 2719.7 0.1865764707 0.6473195553 0.7390308380 -0.9807694554 0.1665791273 0.1016988307 -0.0572754629 -0.7437934875 0.6659510136
169.9 4.5 2705.6 -0.0413726568 0.6477654576 0.7607156038 -0.9633093476 0.1762160510 -0.2024427056 -0.2651856840 -0.7411800027 0.6167079806
-100.7 -145.5 2696.9 0.9985035658 -0.0129832001 -0.0531234518 0.0139312083 0.9997495413 0.0175141562 0.0528827570 -0.0182280205 0.9984343648
-95.7 -533.6 2704.0 0.9983040690 -0.0230517443 -0.0534567535 0.0254531130 0.9986768365 0.0446847603 0.0523559600 -0.0459696203 0.9975698590
78.1 -144.9 2708.1 0.9935714006 0.0776750594 -0.0823556110 -0.0745794475 0.9964115024 0.0400254093 0.0851690546 -0.0336260647 0.9957989454
48.0 -531.7 2721.2 0.9921452999 -0.0893974453 -0.0874973536 0.0872096345 0.9957815409 -0.0285231620 0.0896781459 0.0206685085 0.9957563281
-199.8 -260.9 2634.0 0 0 0 0 0 0 0 0 0
159.3 -241.5 2637.9 0 0 0 0 0 0 0 0 0
-89.1 -820.1 2717.2 0 0 0 0 0 0 0 0 0
73.6 -816.9 2715.3 0 0 0 0 0 0 0 0 0
-11.6 444.1 2727.5  0.9980440736 0.0029522972 -0.0624440312 -0.0068319743 0.9980522394 -0.0620085634 0.0621393397 0.0623138957 0.9961203337
-12.2 248.6 2715.3 0.9980440736 0.0029522972 -0.0624440312 -0.0068319743 0.9980522394 -0.0620085634 0.0621393397 0.0623138957 0.9961203337
-12.2 54.9 2705.0 0.9980493784 0.0002520071 -0.0624293014 -0.0035566348 0.9985972643 -0.0528284535 0.0623284169 0.0529474430 0.9966502786
-148.6 249.1 2706.7 0.2179102600 -0.6767092347 -0.7032636404 0.9757681489 0.1656735688 0.1429294199 0.0197905414 -0.7173680067 0.6964132786
-207.1 -13.0 2701.4 -0.0255938154 -0.6768764257 -0.7356516123 0.9664009213 0.1715223193 -0.1914402097 0.2557620406 -0.7158340812 0.6497440934
124.2 248.1 2723.8 0.1886017323 0.6476448178 0.7382314205 -0.9794297814 0.1789609343 0.0932214931 -0.0717401654 -0.7406275868 0.6680749655
170.3 8.6 2706.2 -0.0236956719 0.6475694776 0.7616379261 -0.9679278731 0.1757381558 -0.1795319915 -0.2501082718 -0.7414646745 0.6226363182
-102.1 -142.0 2691.4 0.9983998537 -0.0156936049 -0.0543270819 0.0178797115 0.9990400672 0.0399904028 0.0536473393 -0.0408977643 0.9977220893
-96.1 -529.8 2707.3 0.9982793927 -0.0223963596 -0.0541910157 0.0241247565 0.9992140532 0.0314533673 0.0534439832 -0.0327065922 0.9980350733
76.7 -142.6 2702.4 0.9939200878 0.0749240816 -0.0806799531 -0.0706544071 0.9960087538 0.0545390509 0.0844442323 -0.0485070646 0.9952468276
47.6 -529.3 2721.3 0.9924924970 -0.0864085704 -0.0865574554 0.0843299255 0.9960612059 -0.0273969099 0.0885838494 0.0198918432 0.9958700538
-200.6 -258.3 2636.5 0 0 0 0 0 0 0 0 0
164.3 -238.5 2642.4 0 0 0 0 0 0 0 0 0
-89.6 -817.0 2716.7 0 0 0 0 0 0 0 0 0
72.8 -819.7 2715.5 0 0 0 0 0 0 0 0 0
-11.6 444.6 2731.2  0.9987765551 0.0040561524 -0.0492840186 -0.0075913779 0.9973931909 -0.0717577860 0.0488644838 0.0720441267 0.9962037206
-12.4 249.5 2717.1 0.9987765551 0.0040561524 -0.0492840186 -0.0075913779 0.9973931909 -0.0717577860 0.0488644838 0.0720441267 0.9962037206
-13.1 55.8 2705.0 0.9987802505 0.0035649454 -0.0492473431 -0.0066270381 0.9980444908 -0.0621552430 0.0489294603 0.0624057911 0.9968507290
-148.8 250.4 2710.4 0.2179832757 -0.6854991317 -0.6946756244 0.9754663110 0.1754980832 0.1329132020 0.0308023617 -0.7066054940 0.7069369555
-207.0 -10.0 2702.2 -0.0240376778 -0.6854787469 -0.7276957631 0.9648391604 0.1746696681 -0.1964074075 0.2617394924 -0.7068305016 0.6571781039
124.1 248.6 2723.8 0.1905329973 0.6403188705 0.7441027761 -0.9796185493 0.1731231064 0.1018618420 -0.0635973215 -0.7483449578 0.6602539420
170.1 11.7 2708.4 -0.0134298177 0.6405597925 0.7677908540 -0.9672744274 0.1862529963 -0.1723079830 -0.2533769011 -0.7449784875 0.6170957685
-101.7 -138.6 2689.1 0.9989973903 -0.0178497285 -0.0410565324 0.0195439160 0.9989581108 0.0412404351 0.0402776264 -0.0420014933 0.9983053803
-94.8 -526.4 2705.4 0.9989590049 -0.0199605785 -0.0410175622 0.0215654857 0.9990039468 0.0390647314 0.0401969515 -0.0399086326 0.9983944893
77.1 -139.2 2700.3 0.9947506189 0.0788288042 -0.0652478039 -0.0741919130 0.9947363734 0.0706757158 0.0704756454 -0.0654638484 0.9953630567
46.5 -525.3 2725.7 0.9931535721 -0.0902828276 -0.0741281733 0.0868985206 0.9950753450 -0.0476827733 0.0780680552 0.0409146883 0.9961081147
-200.9 -254.9 2635.8 0 0 0 0 0 0 0 0 0
166.7 -235.3 2643.7 0 0 0 0 0 0 0 0 0
-88.9 -822.2 2717.2 0 0 0 0 0 0 0 0 0
73.0 -817.3 2713.7 0 0 0 0 0 0 0 0 0
-11.4 444.8 2732.6  0.9983137250 0.0053769909 -0.0578000657 -0.0096183158 0.9972596169 -0.0733535588 0.0572472475 0.0737858042 0.9956296682
-12.4 249.8 2718.2 0.9983137250 0.0053769909 -0.0578000657 -0.0096183158 0.9972596169 -0.0733535588 0.0572472475 0.0737858042 0.9956296682
-13.5 56.1 2705.7 0.9983166456 0.0053966218 -0.0577471592 -0.0090709226 0.9979370832 -0.0635557547 0.0572850443 0.0639725924 0.9963061213
-148.8 251.1 2710.3 0.2189141512 -0.6798685193 -0.6998966932 0.9752643704 0.1749478430 0.1351022869 0.0305936206 -0.7121601105 0.7013501525
-207.1 -8.6 2702.2 -0.0240394976 -0.6800246239 -0.7327951193 0.9631315470 0.1807156354 -0.1992975622 0.2679547668 -0.7105690837 0.6506088376
124.0 248.6 2726.0 0.1903941482 0.6452814937 0.7398390770 -0.9789251685 0.1814938337 0.0936244354 -0.0738621205 -0.7420726418 0.6662376523
170.1 11.3 2708.1 -0.0060683126 0.6454763412 0.7637561560 -0.9645149708 0.1978291273 -0.1748555452 -0.2639583349 -0.7377153635 0.6213710904
-103.3 -137.3 2688.5 0.9984863997 -0.0241012089 -0.0494376682 0.0263600275 0.9986138344 0.0455589518 0.0482711121 -0.0467931703 0.9977375865
-93.9 -525.0 2706.7 0.9986512065 -0.0173217524 -0.0489463657 0.0185912736 0.9994993210 0.0256018825 0.0484783910 -0.0264773257 0.9984732270
75.7 -138.5 2697.3 0.9944286346 0.0754770562 -0.0735864267 -0.0705642253 0.9952395558 0.0672225952 0.0783098862 -0.0616555028 0.9950206876
46.4 -524.8 2721.2 0.9920749068 -0.0959821567 -0.0810850784 0.0932065248 0.9949457049 -0.0373580121 0.0842609480 0.0295042880 0.9960068464
-201.0 -253.1 2634.2 0 0 0 0 0 0 0 0 0
168.6 -235.0 2640.7 0 0 0 0 0 0 0 0 0
-88.8 -818.8 2714.5 0 0 0 0 0 0 0 0 0
74.7 -818.4 2712.5 0 0 0 0 0 0 0 0 0
-12.6 443.3 2734.8  0.9987750053 0.0012449565 -0.0494662486 -0.0052452888 0.9967147112 -0.0808227286 0.0492031164 0.0809831843 0.9955002666
-12.9 248.7 2719.0 0.9987750053 0.0012449565 -0.0494662486 -0.0052452888 0.9967147112 -0.0808227286 0.0492031164 0.0809831843 0.9955002666
-13.0 55.1 2705.5 0.9987761974 0.0003350840 -0.0494570471 -0.0037616722 0.9975951910 -0.0692073330 0.0493149236 0.0693086758 0.9963756204
-149.3 249.2 2712.2 0.2191330940 -0.6853560805 -0.6944549680 0.9750343561 0.1800087243 0.1300188154 0.0358987749 -0.7056089044 0.7076916099
-207.2 -8.0 2702.8 -0.0234318115 -0.6852339506 -0.7279460430 0.9650802612 0.1745245159 -0.1953492314 0.2609043419 -0.7071037292 0.6572163105
123.6 248.2 2725.7 0.1914068013 0.6394934058 0.7445881963 -0.9785513878 0.1831989735 0.0942089185 -0.0761618093 -0.7466500401 0.6608427167
169.9 11.3 2707.3 -0.0099415723 0.6397609115 0.7685096860 -0.9633560181 0.1998852938 -0.1788605601 -0.2680417895 -0.7421265244 0.6143303514
-103.9 -136.7 2688.2 0.9986979365 -0.0288750585 -0.0420550406 0.0309855752 0.9982468486 0.0504289642 0.0405251719 -0.0516664051 0.9978418350
-92.7 -524.3 2708.3 0.9991239905 -0.0069165952 -0.0412718393 0.0079056565 0.9996842742 0.0238496810 0.0410938524 -0.0241550691 0.9988632798
74.9 -138.4 2698.5 0.9951340556 0.0731869191 -0.0659687743 -0.0690873116 0.9956558347 0.0624211468 0.0702506080 -0.0575598031 0.9958673120
46.5 -524.9 2720.8 0.9935556054 -0.0880020410 -0.0714344457 0.0871609226 0.9960840940 -0.0148136849 0.0724583492 0.0084919278 0.9973353148
-201.2 -253.0 2636.5 0 0 0 0 0 0 0 0 0
167.4 -234.7 2638.8 0 0 0 0 0 0 0 0 0
-90.7 -819.2 2715.4 0 0 0 0 0 0 0 0 0
73.0 -824.4 2718.3 0 0 0 0 0 0 0 0 0
-11.8 438.6 2724.9  0.9987166524 0.0053427508 -0.0503638908 -0.0081898123 0.9983693361 -0.0564941131 0.0499799326 0.0568340831 0.9971318245
-12.8 242.8 2713.7 0.9987166524 0.0053427508 -0.0503638908 -0.0081898123 0.9983693361 -0.0564941131 0.0499799326 0.0568340831 0.9971318245
-13.1 49.0 2704.4 0.9987310767 0.0016337854 -0.0503340885 -0.0040511745 0.9988409281 -0.0479623713 0.0501973890 0.0481054261 0.9975801110
-149.3 243.3 2706.9 0.2226519883 -0.6842161417 -0.6944597960 0.9747785330 0.1673964560 0.1475982219 0.0152610205 -0.7098075151 0.7042303085
-207.1 -9.8 2702.9 -0.0242956746 -0.6848816276 -0.7282491922 0.9598322511 0.1877001971 -0.2085442543 0.2795206308 -0.7040637732 0.6528111696
123.6 242.2 2720.6 0.1959570348 0.6387779117 0.7440185547 -0.9787369967 0.1743070930 0.1081248224 -0.0606199652 -0.7493863106 0.6593522429
169.8 11.5 2706.3 -0.0022787279 0.6391189694 0.7691044807 -0.9641630054 0.2026409656 -0.1712494791 -0.2653008699 -0.7419323325 0.6157531142
-102.5 -138.2 2687.6 0.9988849759 -0.0210465286 -0.0422593877 0.0231793988 0.9984483719 0.0506321341 0.0411281846 -0.0515552238 0.9978228807
