-378.1 538.9 2442.0 7 0.9828562737 0.0712576509 -0.1700468957 -0.0563826449 0.9942752719 0.0907613635 0.1755408645 -0.0796176791 0.9812473655
-392.6 336.1 2458.2 0.9828562737 0.0712576509 -0.1700468957 -0.0563826449 0.9942752719 0.0907613635 0.1755408645 -0.0796176791 0.9812473655
-406.0 141.3 2472.0 0.9829498529 0.0682751760 -0.1707282215 -0.0550482981 0.9951889515 0.0810468420 0.1754403412 -0.0702666789 0.9819792509
-532.6 343.9 2433.2 0.2038744688 -0.8966602683 -0.3929828405 0.9788190722 0.1943471879 0.0643611327 0.0186650380 -0.3977806866 0.9172906280
-585.1 91.6 2428.4 -0.0543356277 -0.8988410234 -0.4348936677 0.9747205973 0.0467836708 -0.2184744030 0.2167196721 -0.4357707500 0.8735768199
-252.7 328.3 2483.2 0.0967872441 0.9952755570 0.0076710219 -0.9779503345 0.0936637893 0.1866553873 0.1850550473 -0.0255677383 0.9823955297
-229.5 94.2 2527.5 0.0372851416 0.9980612993 0.0498345271 -0.9624861479 0.0492787398 -0.2668184340 -0.2687569261 -0.0380166769 0.9624574780
-509.1 -43.7 2465.8 0.6812902689 0.0033771046 -0.7320055962 0.0810091496 0.9934992194 0.0799801201 0.7275170684 -0.1137888283 0.6765877604
-510.4 -432.7 2510.3 0.6884157062 0.0244275853 -0.7249048948 -0.1020983756 0.9927451611 -0.0635059327 0.7180944681 0.1177300960 0.6859154105
-330.9 -55.0 2492.5 0.9909410477 -0.0400725715 -0.1281795353 0.0531703494 0.9935202599 0.1004510745 0.1233236343 -0.1063564420 0.9866507053
-315.2 -444.2 2534.1 0.9905617237 0.0606482811 -0.1229195446 -0.0624453239 0.9979897738 -0.0108167110 0.1220164374 0.0183903705 0.9923576713
-570.0 -179.3 2368.2 0 0 0 0 0 0 0 0 0
-219.9 -153.2 2458.4 0 0 0 0 0 0 0 0 0
-518.2 -747.9 2473.0 0 0 0 0 0 0 0 0 0
-334.4 -760.7 2528.3 0 0 0 0 0 0 0 0 0
-375.8 542.2 2443.6 8 0.9716234803 0.0767888725 -0.2237214744 -0.0578093491 0.9942451119 0.0901926905 0.2293597758 -0.0747001469 0.9704710245
-391.4 340.0 2458.8 0.9716234803 0.0767888725 -0.2237214744 -0.0578093491 0.9942451119 0.0901926905 0.2293597758 -0.0747001469 0.9704710245
-405.8 145.2 2471.6 0.9717119336 0.0735009462 -0.2244405597 -0.0566386729 0.9951300025 0.0806740224 0.2292771637 -0.0656798929 0.9711427093
-529.6 348.1 2426.2 0.2068312615 -0.8754463196 -0.4368232787 0.9783764482 0.1847830862 0.0929235071 -0.0006319872 -0.4465970695 0.8947349787
-585.2 85.0 2426.4 -0.0617589876 -0.8754399419 -0.4793648720 0.9756197333 0.0483901799 -0.2140665501 0.2105989605 -0.4808983803 0.8511080146
-253.2 332.0 2491.4 0.0978991762 0.9943194389 -0.0417685434 -0.9849894643 0.1028053090 0.1386606246 0.1421669871 0.0275668148 0.9894587398
-229.2 90.3 2526.3 0.0376167968 0.9992914200 0.0012769271 -0.9620257020 0.0365596376 -0.2704994380 -0.2703544497 0.0089468863 0.9627192616
-508.2 -48.6 2469.9 0.6402233243 0.0019809012 -0.7681863308 0.0678577125 0.9959416986 0.0591223091 0.7651858926 -0.0899788439 0.6374906898
-509.0 -438.6 2505.1 0.6444533467 0.0267585330 -0.7641752958 -0.0951611996 0.9944246411 -0.0454314761 0.7586990595 0.1019982994 0.6434066296
-330.7 -58.5 2501.6 0.9825533628 -0.0425084829 -0.1810577810 0.0560206510 0.9959601164 0.0701794103 0.1773431003 -0.0790979937 0.9809653163
-314.1 -448.5 2532.6 0.9817351699 0.0684984699 -0.1774937063 -0.0700200498 0.9975429177 -0.0023154633 0.1768989861 0.0147012901 0.9841192365
-568.1 -186.2 2367.8 0 0 0 0 0 0 0 0 0
-219.5 -157.0 2456.8 0 0 0 0 0 0 0 0 0
-517.3 -747.7 2473.4 0 0 0 0 0 0 0 0 0
-335.4 -759.9 2528.0 0 0 0 0 0 0 0 0 0
-375.8 540.6 2444.4 9 0.9751838446 0.0829764232 -0.2052593976 -0.0659954548 0.9939100742 0.0882463679 0.2113317400 -0.0725102425 0.9747210741
-392.6 339.2 2459.1 0.9751838446 0.0829764232 -0.2052593976 -0.0659954548 0.9939100742 0.0882463679 0.2113317400 -0.0725102425 0.9747210741
-408.5 144.4 2471.6 0.9751831889 0.0811318234 -0.2059984654 -0.0660031214 0.9946640730 0.0792907402 0.2113322765 -0.0637264550 0.9753346443
-531.5 348.5 2429.1 0.1999814361 -0.8841460943 -0.4222477376 0.9797853827 0.1827852279 0.0813030675 0.0052968613 -0.4299712479 0.9028270245
-583.8 92.1 2427.7 -0.0542715304 -0.8850887418 -0.4622472823 0.9768087268 0.0489644632 -0.2084399462 0.2071215361 -0.4628395438 0.8619049788
-253.8 329.8 2489.2 0.1003823727 0.9946553111 -0.0241709445 -0.9829202294 0.1029056832 0.1525719911 0.1542438716 0.0084425723 0.9879967570
-229.6 92.6 2526.4 0.0282046050 0.9993978143 0.0202107113 -0.9611090422 0.0326697566 -0.2742299139 -0.2747250795 -0.0116901519 0.9614517689
-507.9 -44.6 2463.8 0.6547455192 0.0013848599 -0.7558481097 0.0822823197 0.9939247370 0.0730972588 0.7513573766 -0.1100530401 0.6506538391
-508.4 -433.8 2506.9 0.6597484350 0.0335049219 -0.7507392168 -0.1012258604 0.9938631654 -0.0446017645 0.7446377277 0.1054201722 0.6590912342
-332.5 -54.8 2505.2 0.9854652286 -0.0514484309 -0.1618992537 0.0608482808 0.9967044592 0.0536443591 0.1586057842 -0.0627159402 0.9853481054
-312.4 -445.1 2529.7 0.9844613075 0.0737570599 -0.1593605429 -0.0734656900 0.9972677827 0.0077272253 0.1594950706 0.0041003772 0.9871901870
-568.7 -179.4 2370.1 0 0 0 0 0 0 0 0 0
-222.3 -154.4 2455.8 0 0 0 0 0 0 0 0 0
-518.9 -746.3 2473.7 0 0 0 0 0 0 0 0 0
-335.7 -761.1 2528.4 0 0 0 0 0 0 0 0 0
-376.5 539.1 2444.9 00 0.9613160491 0.0781708211 -0.2641226053 -0.0552184917 0.9941108227 0.0932447165 0.2698561549 -0.0750531927 0.9599711895
-392.3 337.7 2460.1 0.9613160491 0.0781708211 -0.2641226053 -0.0552184917 0.9941108227 0.0932447165 0.2698561549 -0.0750531927 0.9599711895
-407.3 142.8 2472.8 0.9612315893 0.0764469653 -0.2649334073 -0.0563052893 0.9949731231 0.0828142092 0.2699325085 -0.0646864772 0.9607039690
-529.0 345.7 2421.7 0.2156569660 -0.8574235439 -0.4672439396 0.9761149883 0.1764096767 0.1268035620 -0.0262980163 -0.4834298790 0.8749879599
-585.8 88.4 2428.6 -0.0635891929 -0.8560050726 -0.5130416155 0.9737578630 0.0593468808 -0.2197125852 0.2185225189 -0.5135496855 0.8297678232
-255.7 329.7 2498.4 0.1093370989 0.9908786416 -0.0787713081 -0.9880167246 0.1170219705 0.1006417871 0.1089417711 0.0668234900 0.9917995334
-229.2 90.7 2524.8 0.0169291217 0.9993219376 -0.0326968953 -0.9621891975 0.0073912614 -0.2722817659 -0.2718554735 0.0360700898 0.9616618752
-512.5 -44.5 2465.0 0.6077013612 -0.0116878096 -0.7940796018 0.0861752257 0.9949581027 0.0513045825 0.7894763350 -0.0996078551 0.6056446433
-507.9 -434.1 2504.0 0.6120308638 0.0323894434 -0.7901703119 -0.0965131521 0.9947515130 -0.0339794829 0.7849225998 0.0970583260 0.6119446158
-336.4 -56.4 2503.2 0.9731618762 -0.0629893616 -0.2213329673 0.0776420906 0.9952852130 0.0581293404 0.2166279107 -0.0737540126 0.9734642506
-311.7 -446.1 2532.1 0.9730533361 0.0759047121 -0.2177284807 -0.0764569789 0.9970554113 0.0058994889 0.2175351530 0.0109063443 0.9759915471
-568.1 -182.2 2367.9 0 0 0 0 0 0 0 0 0
-224.9 -156.6 2454.9 0 0 0 0 0 0 0 0 0
-518.1 -748.2 2473.4 0 0 0 0 0 0 0 0 0
-335.7 -761.4 2528.6 0 0 0 0 0 0 0 0 0
-378.1 543.2 2453.6 01 0.9694932699 0.0715534464 -0.2344415784 -0.0567409284 0.9959782362 0.0693380684 0.2384600937 -0.0539203584 0.9696542621
-392.6 342.3 2464.4 0.9694932699 0.0715534464 -0.2344415784 -0.0567409284 0.9959782362 0.0693380684 0.2384600937 -0.0539203584 0.9696542621
-406.2 147.2 2473.3 0.9694939256 0.0694701970 -0.2350647151 -0.0567319915 0.9965526462 0.0605339184 0.2384596616 -0.0453515761 0.9700928926
-530.5 350.3 2430.5 0.1975705773 -0.8735957742 -0.4447429478 0.9802639484 0.1792850643 0.0833034962 0.0069621820 -0.4524238110 0.8917759061
-583.6 86.9 2428.7 -0.0485237315 -0.8736944795 -0.4840489924 0.9720408320 0.0701627061 -0.2240843773 0.2297434658 -0.4813887775 0.8458621502
-254.6 334.3 2498.4 0.1005263478 0.9936171174 -0.0511813797 -0.9886873364 0.1055184901 0.1065982804 0.1113184541 0.0398864448 0.9929839969
-229.6 88.0 2526.1 0.0178001262 0.9998022914 -0.0088619944 -0.9600411057 0.0146150170 -0.2794771194 -0.2792923450 0.0134826070 0.9601114392
-509.0 -46.9 2461.1 0.6315659285 0.0022547911 -0.7753189206 0.0924101621 0.9926484227 0.0781630948 0.7697953582 -0.1210124940 0.6267145276
-509.8 -435.6 2508.5 0.6384693384 0.0284762122 -0.7691202760 -0.1053187624 0.9931474328 -0.0506575182 0.7624073029 0.1133460701 0.6370932460
-335.6 -57.1 2509.8 0.9795148373 -0.0632927418 -0.1911667883 0.0719820708 0.9966490269 0.0388501622 0.1880672574 -0.0518148914 0.9807884097
-310.8 -447.3 2530.1 0.9783555865 0.0838301331 -0.1891899854 -0.0836311057 0.9964556694 0.0090493932 0.1892780513 0.0069686444 0.9818987846
-570.1 -183.3 2364.8 0 0 0 0 0 0 0 0 0
-225.0 -158.8 2454.3 0 0 0 0 0 0 0 0 0
-518.8 -748.1 2472.8 0 0 0 0 0 0 0 0 0
-337.2 -761.5 2527.9 0 0 0 0 0 0 0 0 0
-379.1 543.7 2457.9 02 0.9780824780 0.0786472484 -0.1927933842 -0.0692747608 0.9960862398 0.0548930205 0.1963560283 -0.0403341837 0.9797027707
-394.9 342.7 2466.1 0.9780824780 0.0786472484 -0.1927933842 -0.0692747608 0.9960862398 0.0548930205 0.1963560283 -0.0403341837 0.9797027707
-409.9 147.6 2472.7 0.9781907797 0.0759047791 -0.1933424324 -0.0678785369 0.9965471625 0.0478143208 0.1963041872 -0.0336477272 0.9799655676
-534.1 352.3 2438.1 0.1866950989 -0.8926987648 -0.4101632535 0.9820281863 0.1813365817 0.0523228459 0.0276690628 -0.4125602841 0.9105100036
-583.3 93.6 2430.9 -0.0495101698 -0.8933917284 -0.4465422332 0.9705778360 0.0624468662 -0.2325490713 0.2356425822 -0.4449175596 0.8640144467
-255.8 333.1 2494.0 0.1039052904 0.9945147038 -0.0120069645 -0.9861309528 0.1045852527 0.1288705915 0.1294194609 -0.0015498972 0.9915887117
-230.3 91.8 2525.6 0.0204933900 0.9993273616 0.0304117519 -0.9610490799 0.0280756932 -0.2749481201 -0.2756170034 -0.0235925671 0.9609779716
-507.4 -42.9 2460.7 0.6643757224 0.0062614824 -0.7473725080 0.0906214640 0.9919124246 0.0888680592 0.7418845296 -0.1267697662 0.6584351063
-509.8 -431.3 2510.3 0.6723019481 0.0232259948 -0.7399125695 -0.1007729620 0.9930748343 -0.0603918731 0.7333859205 0.1151647568 0.6699867249
-332.4 -53.1 2503.7 0.9871073365 -0.0529767945 -0.1510382295 0.0624471456 0.9963228703 0.0586609356 0.1473751813 -0.0673365444 0.9867858887
-311.7 -443.2 2530.1 0.9861997962 0.0735969692 -0.1483017206 -0.0728535876 0.9972879291 0.0104460893 0.1486683190 0.0005023811 0.9888870120
-569.5 -176.2 2365.4 0 0 0 0 0 0 0 0 0
-225.1 -155.2 2454.8 0 0 0 0 0 0 0 0 0
-517.3 -749.0 2473.5 0 0 0 0 0 0 0 0 0
-335.2 -761.5 2529.9 0 0 0 0 0 0 0 0 0
-379.7 543.5 2459.6 03 0.9809680581 0.0786315054 -0.1775351614 -0.0714760199 0.9963645339 0.0463567190 0.1805348247 -0.0327849537 0.9830220342
-395.6 342.6 2466.2 0.9809680581 0.0786315054 -0.1775351614 -0.0714760199 0.9963645339 0.0463567190 0.1805348247 -0.0327849537 0.9830220342
-410.6 147.4 2471.7 0.9810517430 0.0766418800 -0.1779425442 -0.0704023391 0.9966704845 0.0411276743 0.1805021763 -0.0278208051 0.9831810594
-535.2 352.6 2440.5 0.1984952986 -0.8966410756 -0.3957705796 0.9794449806 0.1962522864 0.0466112196 0.0358773470 -0.3968876004 0.9171657562
-587.5 94.6 2431.1 -0.0654454678 -0.8971493244 -0.4368523061 0.9679621458 0.0492783599 -0.2462131530 0.2424173355 -0.4389700294 0.8651815653
-255.9 332.6 2491.9 0.1066026911 0.9943013191 0.0008337963 -0.9833337665 0.1053025350 0.1482096314 0.1472772360 -0.0166194458 0.9889556170
-229.9 92.8 2527.8 0.0296095200 0.9985213280 0.0455903336 -0.9593794346 0.0411917381 -0.2790956795 -0.2805609107 -0.0354745351 0.9591804743
-513.1 -41.5 2461.6 0.6759878993 -0.0154557424 -0.7367506027 0.0878471360 0.9943408370 0.0597425066 0.7316578627 -0.1051066443 0.6735201478
-507.0 -430.7 2502.7 0.6803880930 0.0361255296 -0.7319610715 -0.0903515965 0.9952995181 -0.0348630920 0.7272610664 0.0898542777 0.6804538965
-336.5 -53.6 2497.0 0.9886922240 -0.0603414923 -0.1372826844 0.0721661374 0.9939455986 0.0828505158 0.1314521879 -0.0918208212 0.9870609045
-312.9 -442.8 2532.9 0.9891129136 0.0660191923 -0.1315182894 -0.0671076030 0.9977383018 -0.0038558890 0.1309662759 0.0126397870 0.9913062453
-569.3 -174.4 2363.7 0 0 0 0 0 0 0 0 0
-222.3 -153.8 2455.7 0 0 0 0 0 0 0 0 0
-518.5 -748.1 2474.1 0 0 0 0 0 0 0 0 0
-334.1 -762.5 2528.9 0 0 0 0 0 0 0 0 0
-378.6 543.4 2451.9 04 0.9810303450 0.0809383243 -0.1761489660 -0.0700022578 0.9952641129 0.0674467236 0.1807737648 -0.0538364574 0.9820501208
-394.9 342.0 2462.8 0.9810303450 0.0809383243 -0.1761489660 -0.0700022578 0.9952641129 0.0674467236 0.1807737648 -0.0538364574 0.9820501208
-410.1 146.9 2471.8 0.9811939001 0.0773426592 -0.1768521518 -0.0679448619 0.9959666133 0.0586004704 0.1806711555 -0.0454822294 0.9824913740
-534.7 351.6 2437.1 0.2049245983 -0.8952376246 -0.3956709504 0.9784349799 0.1980663389 0.0586066693 0.0259022024 -0.3991482258 0.9165204763
-588.4 95.1 2430.3 -0.0680868700 -0.8955235481 -0.4397746623 0.9674158692 0.0484843366 -0.2485072464 0.2438662648 -0.4423650503 0.8630425334
-255.2 332.3 2488.6 0.0974733979 0.9952358007 0.0021650973 -0.9817766547 0.0957981646 0.1641258448 0.1631365120 -0.0181235466 0.9864370227
-231.5 94.4 2528.1 0.0462411679 0.9979791045 0.0435823612 -0.9609719515 0.0563544221 -0.2708451748 -0.2727538943 -0.0293572266 0.9616358280
-514.3 -41.4 2460.8 0.6768717170 -0.0087093543 -0.7360494733 0.0976161510 0.9921606183 0.0780280828 0.7295997739 -0.1246653199 0.6724156141
-510.9 -429.9 2509.6 0.6856002212 0.0240233243 -0.7275817990 -0.1002085581 0.9930554032 -0.0616377667 0.7210482955 0.1151687875 0.6832463145
-337.1 -54.1 2493.4 0.9888923764 -0.0609081388 -0.1355805695 0.0736266002 0.9931384325 0.0908579230 0.1291162968 -0.0998310447 0.9865914583
-313.2 -443.0 2532.5 0.9895647168 0.0648282766 -0.1286817044 -0.0667451993 0.9977133870 -0.0106359841 0.1276979446 0.0191138815 0.9916288853
-569.5 -173.8 2362.5 0 0 0 0 0 0 0 0 0
-219.7 -152.6 2458.0 0 0 0 0 0 0 0 0 0
-518.5 -746.1 2473.0 0 0 0 0 0 0 0 0 0
-333.9 -760.9 2526.4 0 0 0 0 0 0 0 0 0
-379.3 543.0 2457.6 05 0.9536576867 0.0633465052 -0.2941501141 -0.0460998490 0.9968063235 0.0652072728 0.2973413169 -0.0486251377 0.9535322189
-392.1 342.1 2467.4 0.9536576867 0.0633465052 -0.2941501141 -0.0460998490 0.9968063235 0.0652072728 0.2973413169 -0.0486251377 0.9535322189
-404.2 146.9 2475.6 0.9535761476 0.0622629747 -0.2946452498 -0.0473936386 0.9972287416 0.0573468730 0.2973993123 -0.0407202989 0.9538844228
-526.9 348.9 2425.3 0.2281609178 -0.8431619406 -0.4868476093 0.9733553529 0.1858005524 0.1343781948 -0.0228460301 -0.5045355558 0.8630886078
-586.9 93.0 2431.3 -0.0568937398 -0.8419466019 -0.5365528464 0.9696375132 0.0814282894 -0.2305915952 0.2378363907 -0.5333810449 0.8117502928
-257.2 335.4 2509.5 0.0953095928 0.9888294339 -0.1145969704 -0.9873112440 0.1085909307 0.1158641279 0.1270140409 0.1020999178 0.9866321683
-233.5 90.2 2541.0 0.0560392588 0.9966117740 -0.0602046922 -0.9414218664 0.0326597765 -0.3356460035 -0.3325425088 0.0754873678 0.9400622845
-513.9 -42.0 2464.3 0.5824521780 -0.0098524028 -0.8128052354 0.1009090394 0.9930682182 0.0602734573 0.8065772057 -0.1171258017 0.5794089437
-510.1 -430.9 2510.2 0.5899621248 0.0250558387 -0.8070420623 -0.1061604917 0.9932485223 -0.0467683077 0.8004215360 0.1132675111 0.5886389613
-336.6 -54.2 2497.0 0.9652728438 -0.0621496439 -0.2537434995 0.0834603682 0.9937527776 0.0740931109 0.2475534528 -0.0926975906 0.9644296169
-312.3 -443.4 2533.3 0.9659914374 0.0718385652 -0.2483944595 -0.0742439106 0.9972400665 -0.0003167866 0.2476861477 0.0187477898 0.9686589241
-571.1 -176.5 2365.2 0 0 0 0 0 0 0 0 0
-219.2 -151.3 2455.7 0 0 0 0 0 0 0 0 0
-518.0 -747.1 2474.2 0 0 0 0 0 0 0 0 0
-335.2 -761.4 2527.3 0 0 0 0 0 0 0 0 0
-379.3 543.3 2459.4 06 0.9640988708 0.0660873726 -0.2571883202 -0.0534201078 0.9970040321 0.0559399985 0.2601147294 -0.0401926637 0.9647408128
-392.6 342.1 2467.6 0.9640988708 0.0660873726 -0.2571883202 -0.0534201078 0.9970040321 0.0559399985 0.2601147294 -0.0401926637 0.9647408128
-404.9 146.7 2474.4 0.9641891122 0.0630671084 -0.2576081157 -0.0520268977 0.9974202514 0.0494574606 0.2600626945 -0.0342837907 0.9649829268
-529.4 349.5 2430.7 0.2151582688 -0.8625531197 -0.4579399526 0.9765633941 0.1873666644 0.1059134379 -0.0055532898 -0.4699955285 0.8826513290
-585.6 94.5 2432.1 -0.0558733530 -0.8620320559 -0.5037647486 0.9701471329 0.0723841637 -0.2314628661 0.2359929979 -0.5016585588 0.8322535753
-255.8 334.7 2504.4 0.1402493566 0.9870482683 -0.0778833851 -0.9814761877 0.1489637643 0.1204753593 0.1305167973 0.0595440902 0.9896564484
-220.7 88.9 2537.1 0.0005656437 0.9999601245 -0.0089155994 -0.9475303292 -0.0023140656 -0.3196574450 -0.3196653128 0.0086286133 0.9474912286
-501.9 -44.1 2457.0 0.6133165359 0.0241933484 -0.7894666195 0.0985415280 0.9893773198 0.1068740562 0.7836660147 -0.1433428675 0.6044174433
-511.4 -431.3 2513.1 0.6210736036 0.0303672273 -0.7831637263 -0.1151228547 0.9919452667 -0.0528333187 0.7752511501 0.1229734272 0.6195669770
-330.9 -52.7 2510.4 0.9752950072 -0.0500179678 -0.2151694149 0.0613499396 0.9970414639 0.0463091023 0.2122165412 -0.0583656691 0.9754781127
-311.3 -443.0 2533.3 0.9739499092 0.0791843161 -0.2124887556 -0.0814958811 0.9966713786 -0.0021279322 0.2116129696 0.0193894580 0.9771611691
-570.0 -175.2 2366.5 0 0 0 0 0 0 0 0 0
-220.5 -154.1 2455.2 0 0 0 0 0 0 0 0 0
-521.0 -746.4 2474.1 0 0 0 0 0 0 0 0 0
-336.6 -761.9 2527.1 0 0 0 0 0 0 0 0 0
-381.0 543.0 2462.9 07 0.9574127197 0.0532472208 -0.2837702930 -0.0411313847 0.9979764819 0.0484890863 0.2857779860 -0.0347522050 0.9576655030
-391.7 341.3 2469.9 0.9574127197 0.0532472208 -0.2837702930 -0.0411313847 0.9979764819 0.0484890863 0.2857779860 -0.0347522050 0.9576655030
-401.8 145.8 2475.8 0.9574167132 0.0516582020 -0.2840504348 -0.0410556905 0.9982243180 0.0431580730 0.2857755423 -0.0296583716 0.9578375220
-527.8 347.2 2429.3 0.2175936550 -0.8500924706 -0.4795787334 0.9760208726 0.1864807606 0.1122861579 -0.0060214121 -0.4925116003 0.8702850342
-584.0 95.1 2430.8 -0.0450053662 -0.8503832817 -0.5242354870 0.9744607806 0.0781966671 -0.2105029225 0.2200016230 -0.5203206539 0.8251458406
-255.7 335.4 2510.5 0.1254976094 0.9870103598 -0.1003042534 -0.9881643653 0.1333497763 0.0758226663 0.0882133022 0.0896015242 0.9920635223
-224.5 90.3 2532.4 0.0057511213 0.9989124537 -0.0462689325 -0.9544834495 -0.0083146803 -0.2981479764 -0.2982084453 0.0458776131 0.9533975720
-504.1 -43.9 2457.8 0.5906959176 0.0115346843 -0.8068118095 0.0986710340 0.9913610220 0.0864137262 0.8008385301 -0.1306531876 0.5844547749
-508.6 -432.0 2508.9 0.5959700942 0.0382644124 -0.8020943999 -0.1125958860 0.9929779172 -0.0362900682 0.7950734496 0.1119403243 0.5960935950
-330.5 -53.3 2504.6 0.9687786102 -0.0489641391 -0.2430441827 0.0658294261 0.9959179163 0.0617578141 0.2390281409 -0.0758291110 0.9680472612
-311.4 -443.2 2534.3 0.9679965973 0.0749861225 -0.2394987345 -0.0774217546 0.9969981313 -0.0007639818 0.2387225032 0.0192819443 0.9708963633
-571.5 -175.7 2369.7 0 0 0 0 0 0 0 0 0
-223.0 -154.7 2455.9 0 0 0 0 0 0 0 0 0
-520.7 -746.7 2473.4 0 0 0 0 0 0 0 0 0
-335.5 -763.6 2528.1 0 0 0 0 0 0 0 0 0
-380.0 543.4 2462.6 08 0.9547496438 0.0552786961 -0.2922282219 -0.0422914922 0.9978242517 0.0505790710 0.2943883538 -0.0359315835 0.9550101757
-391.2 341.8 2469.8 0.9547496438 0.0552786961 -0.2922282219 -0.0422914922 0.9978242517 0.0505790710 0.2943883538 -0.0359315835 0.9550101757
-401.5 146.3 2475.4 0.9547696114 0.0525497049 -0.2926662564 -0.0419224612 0.9982177615 0.0424707606 0.2943764627 -0.0282805022 0.9552710056
-527.1 347.8 2427.9 0.2197155505 -0.8473851681 -0.4833874702 0.9752888680 0.1790264547 0.1294649988 -0.0231675841 -0.4998878837 0.8657802343
-584.5 92.7 2434.0 -0.0539491959 -0.8463234901 -0.5299301744 0.9708654881 0.0796279982 -0.2260079980 0.2334731519 -0.5266838670 0.8173704147
-255.3 335.8 2511.7 0.1170337871 0.9872312546 -0.1080624536 -0.9900490046 0.1245396063 0.0655195713 0.0781410262 0.0993191227 0.9919826984
-226.3 91.0 2531.1 0.0193817541 0.9980868101 -0.0587118156 -0.9554597139 0.0011937858 -0.2951191664 -0.2944844663 0.0618166998 0.9536548853
-498.3 -46.0 2455.9 0.5834745169 0.0262106955 -0.8117083907 0.0964136496 0.9901753664 0.1012778655 0.8063881397 -0.1373528242 0.5752150416
-508.5 -433.7 2509.7 0.5889287591 0.0369696990 -0.8073389530 -0.1155659333 0.9925397038 -0.0388513543 0.7998796105 0.1161815599 0.5888076425
-325.6 -53.4 2507.4 0.9671525359 -0.0370808244 -0.2514776886 0.0524818636 0.9971165061 0.0548122786 0.2487200648 -0.0662098527 0.9663097858
-311.1 -443.8 2533.4 0.9652469754 0.0786692649 -0.2492175102 -0.0804490298 0.9967540503 0.0030524551 0.2486487031 0.0171029344 0.9684427381
-569.5 -177.1 2369.1 0 0 0 0 0 0 0 0 0
-221.4 -154.5 2455.4 0 0 0 0 0 0 0 0 0
-520.2 -746.8 2473.0 0 0 0 0 0 0 0 0 0
-336.1 -760.9 2527.9 0 0 0 0 0 0 0 0 0
-380.5 543.6 2462.4 09 0.9697180390 0.0638126209 -0.2357431501 -0.0533435643 0.9972969890 0.0505292192 0.2383303344 -0.0364237167 0.9705008864
-393.4 342.0 2469.8 0.9697180390 0.0638126209 -0.2357431501 -0.0533435643 0.9972969890 0.0505292192 0.2383303344 -0.0364237167 0.9705008864
-405.0 146.6 2475.5 0.9698571563 0.0596015453 -0.2362725586 -0.0510946773 0.9978114963 0.0419708788 0.2382570058 -0.0286334865 0.9707799554
-531.3 349.3 2435.9 0.2018278986 -0.8739886880 -0.4420511723 0.9793580174 0.1852082461 0.0809676573 0.0111067034 -0.4492678940 0.8933280706
-584.0 93.4 2433.0 -0.0484198965 -0.8742590547 -0.4830389023 0.9703874588 0.0734057501 -0.2301299125 0.2366510034 -0.4798777699 0.8448157310
-255.5 334.7 2503.7 0.1119335592 0.9922633767 -0.0537054315 -0.9882008433 0.1168356240 0.0990377963 0.1045462862 0.0419861004 0.9936333299
-228.0 92.6 2529.3 0.0253260359 0.9996541142 -0.0070920368 -0.9584792256 0.0222659763 -0.2842916548 -0.2840354145 0.0139975511 0.9587116241
-497.9 -45.4 2454.4 0.6302480698 0.0230883639 -0.7760504484 0.0916655138 0.9903537631 0.1039077640 0.7709635496 -0.1366247237 0.6220521927
-507.0 -433.3 2507.9 0.6352357268 0.0396363139 -0.7713005543 -0.1100902110 0.9931311011 -0.0396332890 0.7644316554 0.1100891232 0.6352359056
-325.6 -53.0 2507.6 0.9803498387 -0.0318775326 -0.1946740001 0.0447932519 0.9970513582 0.0623068437 0.1921137869 -0.0698025897 0.9788870811
-313.1 -443.5 2534.9 0.9787438512 0.0724685565 -0.1918561608 -0.0757902265 0.9970734119 -0.0100218197 0.1905684173 0.0243496168 0.9813718796
-570.5 -176.4 2367.2 0 0 0 0 0 0 0 0 0
-221.5 -153.7 2456.3 0 0 0 0 0 0 0 0 0
-519.5 -745.9 2473.3 0 0 0 0 0 0 0 0 0
-336.0 -759.0 2527.2 0 0 0 0 0 0 0 0 0
-380.9 543.2 2462.3 10 0.9747355580 0.0675031394 -0.2129175663 -0.0584732369 0.9971133471 0.0484334789 0.2155723721 -0.0347598530 0.9758690000
-394.5 341.7 2469.4 0.9747355580 0.0675031394 -0.2129175663 -0.0584732369 0.9971133471 0.0484334789 0.2155723721 -0.0347598530 0.9758690000
-407.1 146.3 2474.4 0.9748085737 0.0643060729 -0.2135719508 -0.0573685206 0.9976092577 0.0385303907 0.2155390978 -0.0253074486 0.9761672020
-533.2 349.8 2438.7 0.1943789572 -0.8841544390 -0.4248385131 0.9805635214 0.1869187355 0.0596365109 0.0266823899 -0.4281732440 0.9033026695
-584.3 92.2 2431.7 -0.0565504171 -0.8845061064 -0.4630885422 0.9716066718 0.0579784736 -0.2293882668 0.2297444940 -0.4629119039 0.8561133146
-255.8 333.5 2500.0 0.1106838882 0.9933559299 -0.0315135121 -0.9878575206 0.1134389564 0.1061558649 0.1090254113 0.0193811189 0.9938499928
-228.9 93.4 2526.5 0.0369735733 0.9992460608 0.0118450616 -0.9625543356 0.0387963317 -0.2682982683 -0.2685555518 -0.0014815697 0.9632630348
-504.2 -44.2 2459.6 0.6483486891 0.0131248282 -0.7612304091 0.0839713886 0.9925186038 0.0886320025 0.7566986084 -0.1213860139 0.6423960328
-509.3 -432.9 2507.2 0.6541616321 0.0272896215 -0.7558622956 -0.0969968811 0.9941239357 -0.0480542183 0.7501094341 0.1047515124 0.6529647708
-329.2 -53.5 2502.6 0.9841701388 -0.0422148146 -0.1721249968 0.0551355518 0.9959521890 0.0709881261 0.1684315056 -0.0793545991 0.9825139642
-312.7 -443.5 2533.7 0.9831687808 0.0710106865 -0.1683349907 -0.0731312633 0.9973016381 -0.0064234994 0.1674246341 0.0186259355 0.9857088923
-568.6 -177.9 2367.8 0 0 0 0 0 0 0 0 0
-219.4 -153.9 2457.5 0 0 0 0 0 0 0 0 0
-517.9 -746.6 2474.1 0 0 0 0 0 0 0 0 0
-335.3 -760.5 2527.8 0 0 0 0 0 0 0 0 0
-379.0 546.2 2455.3 11 0.9839997292 0.0721625611 -0.1629022509 -0.0625464544 0.9960255027 0.0634126067 0.1668308079 -0.0522090271 0.9846023321
-393.6 344.3 2465.9 0.9839997292 0.0721625611 -0.1629022509 -0.0625464544 0.9960255027 0.0634126067 0.1668308079 -0.0522090271 0.9846023321
-407.3 149.2 2474.0 0.9839954376 0.0703694299 -0.1637106389 -0.0626065060 0.9966769218 0.0521106832 0.1668336093 -0.0410273224 0.9851310849
-533.6 353.3 2442.2 0.1888527423 -0.9028495550 -0.3862606585 0.9810566902 0.1907480359 0.0338073634 0.0431555025 -0.3853282332 0.9217699170
-584.0 91.7 2430.7 -0.0592194051 -0.9042694569 -0.4228354692 0.9718177915 0.0445952006 -0.2314766645 0.2281737179 -0.4246269464 0.8761442304
-253.7 335.4 2489.6 0.1114817485 0.9936276674 0.0166092105 -0.9836121202 0.1079440638 0.1444133818 0.1417002678 -0.0324364789 0.9893780351
-226.4 94.8 2524.3 0.0262625273 0.9978795648 0.0595539249 -0.9651576281 0.0408266298 -0.2584646046 -0.2603479326 -0.0506909937 0.9641832709
-507.7 -43.9 2459.9 0.6862571239 0.0040194383 -0.7273479700 0.0788187906 0.9936852455 0.0798572525 0.7230759263 -0.1121312901 0.6816067696
-509.3 -433.1 2503.8 0.6913449764 0.0279116053 -0.7219854593 -0.0890424624 0.9949277043 -0.0468001552 0.7170171142 0.0966424197 0.6903236508
-331.7 -54.3 2498.8 0.9912843704 -0.0509055518 -0.1215067282 0.0607551783 0.9950386882 0.0787830129 0.1168934032 -0.0854785368 0.9894590974
-311.8 -444.0 2532.3 0.9904348850 0.0735409185 -0.1167497560 -0.0747401193 0.9971854687 -0.0059210733 0.1159857213 0.0145903286 0.9931437373
-567.5 -178.5 2367.2 0 0 0 0 0 0 0 0 0
-219.7 -153.2 2457.4 0 0 0 0 0 0 0 0 0
-518.1 -746.9 2473.4 0 0 0 0 0 0 0 0 0
-335.1 -760.3 2527.7 0 0 0 0 0 0 0 0 0
-380.0 546.3 2458.3 12 0.9782232642 0.0745018572 -0.1937234402 -0.0644568354 0.9962534904 0.0576572493 0.1972932070 -0.0439148620 0.9793604612
-395.1 343.9 2467.2 0.9782232642 0.0745018572 -0.1937234402 -0.0644568354 0.9962534904 0.0576572493 0.1972932070 -0.0439148620 0.9793604612
-409.1 148.6 2474.1 0.9783133268 0.0714948922 -0.1944004148 -0.0632270426 0.9968240857 0.0484154150 0.1972444803 -0.0350740850 0.9797267318
-534.3 352.9 2439.1 0.1882147789 -0.8917803764 -0.4114644527 0.9815660715 0.1849713475 0.0480999723 0.0332145244 -0.4129326642 0.9101557136
-584.0 93.9 2430.4 -0.0606117770 -0.8919634819 -0.4480260611 0.9710259438 0.0512568615 -0.2334124446 0.2311597914 -0.4491924644 0.8630129099
-255.9 334.8 2495.3 0.1140202209 0.9933879375 -0.0134081589 -0.9844930172 0.1147897393 0.1326529682 0.1333149672 -0.0019248811 0.9910718799
-228.5 98.2 2527.3 0.0332114734 0.9989088178 0.0328347757 -0.9625525475 0.0408122241 -0.2680055201 -0.2690531611 -0.0227043387 0.9628576636
-509.8 -40.3 2467.0 0.6632993817 0.0051234774 -0.7483366132 0.0707833841 0.9950639009 0.0695526004 0.7449991107 -0.0991039947 0.6596626043
-511.8 -430.1 2505.8 0.6693212986 0.0123681808 -0.7428701520 -0.0827803910 0.9948773980 -0.0580207147 0.7383470535 0.1003295779 0.6669164896
-332.3 -51.7 2497.1 0.9869871736 -0.0500728972 -0.1528039128 0.0634767190 0.9944301844 0.0841385946 0.1477397531 -0.0927432105 0.9846683145
-312.7 -441.2 2533.4 0.9867524505 0.0672175810 -0.1476529390 -0.0688671693 0.9976072907 -0.0060825334 0.1468907893 0.0161703937 0.9890205264
-567.2 -176.0 2366.1 0 0 0 0 0 0 0 0 0
-220.0 -149.2 2458.2 0 0 0 0 0 0 0 0 0
-515.8 -747.9 2473.8 0 0 0 0 0 0 0 0 0
-334.2 -761.2 2528.2 0 0 0 0 0 0 0 0 0
-379.0 544.1 2459.8 13 0.9813813567 0.0772952512 -0.1758296639 -0.0692949519 0.9962813258 0.0512032211 0.1791335642 -0.0380657800 0.9830880761
-394.7 341.9 2467.5 0.9813813567 0.0772952512 -0.1758296639 -0.0692949519 0.9962813258 0.0512032211 0.1791335642 -0.0380657800 0.9830880761
-408.9 146.6 2473.8 0.9816397429 0.0727159306 -0.1763400137 -0.0658618808 0.9968394041 0.0444224998 0.1790128946 -0.0319928043 0.9833264351
-534.5 351.3 2442.0 0.2001212388 -0.8964543343 -0.3953746557 0.9788553119 0.2003764361 0.0411291160 0.0423533879 -0.3952453732 0.9175986648
-587.0 94.4 2430.9 -0.0611400567 -0.8975476027 -0.4366579652 0.9673592448 0.0545029119 -0.2474782616 0.2459226549 -0.4375359714 0.8649187088
-254.9 332.5 2493.0 0.1003092378 0.9949511290 0.0032033559 -0.9845401049 0.0987939313 0.1446393132 0.1435925812 -0.0176624916 0.9894792438
-231.0 98.0 2527.2 0.0436236449 0.9980901480 0.0437386036 -0.9617902637 0.0538011417 -0.2684492171 -0.2702896893 -0.0303566288 0.9623003602
-511.3 -40.9 2463.2 0.6769818068 -0.0021369229 -0.7359966636 0.0809966922 0.9941381812 0.0716156587 0.7315293550 -0.1080957875 0.6731865406
-510.5 -430.2 2505.5 0.6835753322 0.0156753212 -0.7297115922 -0.0823642537 0.9950399399 -0.0557817668 0.7252178192 0.0982331932 0.6814758778
-334.7 -52.3 2498.8 0.9897829294 -0.0464670919 -0.1347980648 0.0581786931 0.9947417974 0.0842854902 0.1301727742 -0.0912667215 0.9872818589
-316.5 -442.0 2534.6 0.9900728464 0.0545776822 -0.1295263767 -0.0569607541 0.9982672930 -0.0147628896 0.1284962147 0.0219942555 0.9914660454
-570.0 -174.5 2362.5 0 0 0 0 0 0 0 0 0
-219.8 -149.2 2457.7 0 0 0 0 0 0 0 0 0
-515.5 -747.6 2474.2 0 0 0 0 0 0 0 0 0
-334.0 -761.9 2527.5 0 0 0 0 0 0 0 0 0
-380.9 543.6 2462.0 14 0.9910114408 0.0707387999 -0.1135446355 -0.0670735836 0.9971060157 0.0357868262 0.1157475561 -0.0278493091 0.9928881526
-395.3 340.3 2467.7 0.9910114408 0.0707387999 -0.1135446355 -0.0670735836 0.9971060157 0.0357868262 0.1157475561 -0.0278493091 0.9928881526
-408.8 144.9 2472.3 0.9911251664 0.0686024129 -0.1138622165 -0.0654454231 0.9973669648 0.0312410947 0.1157056242 -0.0235120747 0.9930052161
-536.2 349.5 2451.3 0.1881372482 -0.9197814465 -0.3443928659 0.9788375497 0.2043421566 -0.0110174743 0.0805076510 -0.3350318670 0.9387609959
-585.7 92.0 2430.1 -0.0483227372 -0.9244195819 -0.3783033192 0.9710161686 0.0452824533 -0.2346850783 0.2340779752 -0.3786792755 0.8954381943
-254.4 331.0 2484.2 0.0841212422 0.9945139885 0.0621733218 -0.9835031033 0.0728385299 0.1655784547 0.1601414829 -0.0750763193 0.9842348695
-233.6 87.2 2523.9 0.0582474992 0.9940973520 0.0915298685 -0.9626721144 0.0802083537 -0.2585130334 -0.2643285692 -0.0730555132 0.9616617560
-511.8 -42.6 2463.9 0.7217248678 -0.0067530922 -0.6921470761 0.0759277791 0.9946905375 0.0694675073 0.6880030036 -0.1026896238 0.7184056640
-509.1 -432.2 2504.1 0.7274543047 0.0217821877 -0.6858103275 -0.0826767161 0.9949964285 -0.0560947061 0.6811569929 0.0975068808 0.7256153226
-334.5 -54.6 2496.2 0.9960583448 -0.0501226448 -0.0731813237 0.0566007271 0.9943941832 0.0893119052 0.0682945326 -0.0931019858 0.9933115840
-314.8 -444.1 2532.7 0.9960497022 0.0575483777 -0.0676249489 -0.0585996360 0.9981880188 -0.0136643248 0.0667160526 0.0175731443 0.9976172447
-572.3 -177.8 2365.0 0 0 0 0 0 0 0 0 0
-218.6 -160.3 2455.9 0 0 0 0 0 0 0 0 0
-516.0 -747.6 2473.2 0 0 0 0 0 0 0 0 0
-333.2 -762.7 2527.1 0 0 0 0 0 0 0 0 0
-379.9 543.4 2462.2 15 0.9859667420 0.0842427388 -0.1441273391 -0.0789306089 0.9959866405 0.0421966054 0.1471036673 -0.0302283932 0.9886590838
-396.9 341.8 2468.3 0.9859667420 0.0842427388 -0.1441273391 -0.0789306089 0.9959866405 0.0421966054 0.1471036673 -0.0302283932 0.9886590838
-413.2 146.7 2472.9 0.9859896302 0.0830287635 -0.1446744949 -0.0786585361 0.9962629080 0.0356799588 0.1470962912 -0.0238001868 0.9888358116
-537.2 353.0 2447.3 0.1846371740 -0.9094272852 -0.3726272881 0.9802497625 0.1977390349 0.0031164549 0.0708487630 -0.3658432066 0.9279758334
-586.8 90.0 2428.3 -0.0584940016 -0.9120360613 -0.4059170485 0.9721542001 0.0403875746 -0.2308356315 0.2269244194 -0.4081164598 0.8842772841
-256.7 330.7 2489.2 0.1032985672 0.9940509200 0.0345272087 -0.9832804203 0.0968225449 0.1542237252 0.1499632299 -0.0498810224 0.9874324799
-231.4 90.6 2525.8 0.0439848416 0.9962770343 0.0741442293 -0.9619368911 0.0622709356 -0.2660821974 -0.2697086334 -0.0596184842 0.9610946178
-511.7 -44.5 2466.5 0.7006838322 0.0026639912 -0.7134669423 0.0733275339 0.9944287539 0.0757267997 0.7096937895 -0.1053773165 0.6965847611
-512.7 -434.0 2507.7 0.7080646753 0.0107539175 -0.7060657144 -0.0865749270 0.9936628938 -0.0716857836 0.7008203864 0.1118857563 0.7045086026
-332.9 -56.3 2487.3 0.9934175014 -0.0480692089 -0.1039761007 0.0596606918 0.9919818044 0.1114120632 0.0977869108 -0.1168819815 0.9883199334
-314.1 -444.8 2533.1 0.9935113192 0.0589850657 -0.0972422138 -0.0604294166 0.9981006384 -0.0119729359 0.0963512957 0.0177715365 0.9951887131
-570.5 -180.3 2365.3 0 0 0 0 0 0 0 0 0
-220.1 -156.7 2456.5 0 0 0 0 0 0 0 0 0
-516.1 -747.0 2472.5 0 0 0 0 0 0 0 0 0
-332.8 -762.2 2527.4 0 0 0 0 0 0 0 0 0
-377.4 541.2 2453.7 16 0.9853037000 0.0956987217 -0.1414861232 -0.0872160271 0.9940665960 0.0650001988 0.1468670666 -0.0517050810 0.9878039360
-396.8 340.3 2464.2 0.9853037000 0.0956987217 -0.1414861232 -0.0872160271 0.9940665960 0.0650001988 0.1468670666 -0.0517050810 0.9878039360
-415.0 145.6 2472.8 0.9854168296 0.0934079066 -0.1422273219 -0.0860264525 0.9946491718 0.0572054721 0.1468097419 -0.0441359207 0.9881796241
-537.1 352.6 2443.2 0.2116013467 -0.9052214026 -0.3685092628 0.9762698412 0.2135377228 0.0360400490 0.0460664071 -0.3673906028 0.9289252162
-591.8 100.1 2431.3 -0.0689771473 -0.9076235294 -0.4140792787 0.9676638246 0.0400774926 -0.2490391880 0.2426290959 -0.4178675413 0.8755100369
-256.4 328.1 2485.1 0.0911120474 0.9951243401 0.0377642699 -0.9804390073 0.0829946995 0.1784692407 0.1744648516 -0.0532862619 0.9832205176
-234.6 93.3 2526.9 0.0593466200 0.9954727888 0.0742425993 -0.9583976865 0.0776219741 -0.2746792436 -0.2791985571 -0.0548526496 0.9586654305
-518.5 -41.3 2464.2 0.7029057741 -0.0105707711 -0.7112044096 0.0905070677 0.9930910468 0.0746904835 0.7055011988 -0.1168693975 0.6990061998
-514.3 -430.2 2510.0 0.7128436565 0.0091168154 -0.7012637258 -0.0891501009 0.9929818511 -0.0777129084 0.6956336498 0.1179148853 0.7086535692
-340.5 -55.5 2490.8 0.9926369190 -0.0702594295 -0.0986692011 0.0796361491 0.9923297167 0.0945508927 0.0912692845 -0.1017123386 0.9906182289
-313.0 -444.0 2530.6 0.9934835434 0.0678397492 -0.0915873721 -0.0680945963 0.9976788163 0.0003431274 0.0913980529 0.0058957133 0.9957969785
-572.6 -168.9 2363.9 0 0 0 0 0 0 0 0 0
-219.4 -153.1 2455.1 0 0 0 0 0 0 0 0 0
-517.2 -747.7 2472.3 0 0 0 0 0 0 0 0 0
-334.7 -762.7 2528.7 0 0 0 0 0 0 0 0 0
-374.4 543.6 2442.5 17 0.9903889894 0.1051777154 -0.0898180678 -0.0971891880 0.9912681580 0.0891159177 0.0984068066 -0.0795300826 0.9919632673
-395.7 342.8 2458.6 0.9903889894 0.1051777154 -0.0898180678 -0.0971891880 0.9912681580 0.0891159177 0.0984068066 -0.0795300826 0.9919632673
-415.8 148.6 2472.4 0.9904990196 0.1032628044 -0.0908211991 -0.0961422622 0.9921820164 0.0795704424 0.0983278304 -0.0700826868 0.9926832318
-536.6 356.6 2444.6 0.2200917155 -0.9184089899 -0.3287621737 0.9740016460 0.2254441381 0.0222646613 0.0536694378 -0.3251151443 0.9441502690
-594.4 100.9 2430.5 -0.0735737905 -0.9232820868 -0.3770107329 0.9680420160 0.0247650594 -0.2495622784 0.2397530675 -0.3833234906 0.8919538260
-254.8 329.0 2472.6 0.0766481683 0.9930931330 0.0888318941 -0.9752074480 0.0561202690 0.2140583843 0.2075946331 -0.1030367017 0.9727733135
-235.5 83.4 2524.9 0.0675956458 0.9911117554 0.1145789027 -0.9565761089 0.0970162526 -0.2748636007 -0.2835365534 -0.0910238624 0.9546316862
-522.3 -41.4 2468.1 0.7392573357 -0.0286418721 -0.6728136539 0.0865463242 0.9948507547 0.0527421236 0.6678385139 -0.0972195491 0.7379295826
-511.1 -431.0 2506.2 0.7471902966 0.0164528098 -0.6644064784 -0.0823636428 0.9942794442 -0.0680044889 0.6594868302 0.1055352315 0.7442710996
-344.4 -56.9 2494.7 0.9959202409 -0.0785666183 -0.0443863869 0.0820649117 0.9931283593 0.0834348202 0.0375261903 -0.0867369920 0.9955242276
-313.6 -445.8 2528.6 0.9971389771 0.0653765723 -0.0379437506 -0.0652893707 0.9978601336 0.0035339994 0.0380935967 -0.0010465649 0.9992735982
-573.9 -168.2 2363.9 0 0 0 0 0 0 0 0 0
-218.1 -162.4 2452.0 0 0 0 0 0 0 0 0 0
-516.4 -748.4 2472.5 0 0 0 0 0 0 0 0 0
-334.3 -762.1 2529.0 0 0 0 0 0 0 0 0 0
-377.4 543.7 2452.4 18 0.9855284691 0.0940524414 -0.1410241723 -0.0854365304 0.9941574931 0.0659660324 0.1464045048 -0.0529627874 0.9878059626
-396.4 342.4 2463.1 0.9855284691 0.0940524414 -0.1410241723 -0.0854365304 0.9941574931 0.0659660324 0.1464045048 -0.0529627874 0.9878059626
-414.1 147.7 2471.9 0.9856810570 0.0912077725 -0.1418239325 -0.0837982595 0.9948293567 0.0573796593 0.1463240832 -0.0446734428 0.9882274866
-536.6 354.5 2442.3 0.2106281817 -0.9063267112 -0.3663437068 0.9768685699 0.2092952132 0.0438555703 0.0369265042 -0.3671068549 0.9294455051
-590.6 103.9 2432.8 -0.0691249073 -0.9084106684 -0.4123249352 0.9680353403 0.0388105027 -0.2477929741 0.2411003113 -0.4162737727 0.8766908050
-256.2 330.4 2484.0 0.0735507309 0.9965482354 0.0384950824 -0.9833269715 0.0660299435 0.1694345921 0.1663079262 -0.0503152907 0.9847893119
-238.3 91.5 2524.4 0.0723768100 0.9951653481 0.0663896352 -0.9588476419 0.0877491683 -0.2700209916 -0.2745411694 -0.0441142805 0.9605628848
-525.2 -36.9 2477.2 0.7038480043 -0.0451889820 -0.7089117765 0.0708137229 0.9974668622 0.0067252088 0.7068121433 -0.0549342074 0.7052650452
-507.6 -427.2 2498.7 0.7076843381 0.0254882406 -0.7060688734 -0.0751392171 0.9963966608 -0.0393424109 0.7025218606 0.0808954686 0.7070494294
-346.5 -54.4 2495.0 0.9920510054 -0.0793415904 -0.0976713821 0.0877970606 0.9924578071 0.0855519995 0.0901468992 -0.0934472010 0.9915347695
-315.4 -443.1 2531.6 0.9942415953 0.0575842746 -0.0903751105 -0.0579458885 0.9983187914 -0.0013803759 0.0901436806 0.0066092932 0.9959068298
-571.4 -165.2 2365.8 0 0 0 0 0 0 0 0 0
-219.7 -155.0 2453.8 0 0 0 0 0 0 0 0 0
-515.7 -745.7 2472.9 0 0 0 0 0 0 0 0 0
-333.8 -762.6 2529.5 0 0 0 0 0 0 0 0 0
-376.3 540.0 2448.3 19 0.9807437658 0.0947242826 -0.1707893759 -0.0822501555 0.9934989810 0.0787060112 0.1771344393 -0.0631429777 0.9821590185
-395.6 337.4 2461.2 0.9807437658 0.0947242826 -0.1707893759 -0.0822501555 0.9934989810 0.0787060112 0.1771344393 -0.0631429777 0.9821590185
-413.3 142.7 2471.8 0.9809914231 0.0904136449 -0.1717009097 -0.0795907304 0.9944423437 0.0689182729 0.1769778132 -0.0539424345 0.9827355146
-535.2 348.8 2436.0 0.2162338793 -0.8950929046 -0.3899379671 0.9762575626 0.2034621388 0.0743257776 0.0128091443 -0.3967516422 0.9178366065
-590.5 99.4 2432.7 -0.0633494481 -0.8959412575 -0.4396317601 0.9654777050 0.0565083772 -0.2542825043 0.2526650727 -0.4405633211 0.8614315391
-256.0 326.1 2486.4 0.0783110857 0.9968698621 0.0108551281 -0.9859299064 0.0758295059 0.1489701122 0.1476806700 -0.0223684069 0.9887821078
-236.8 84.7 2522.6 0.0657282621 0.9969619513 0.0417929329 -0.9612916708 0.0744967908 -0.2652707398 -0.2675782740 -0.0227394123 0.9632677436
-520.6 -39.4 2467.5 0.6820566058 -0.0360714421 -0.7304092050 0.0808390453 0.9963806272 0.0262810476 0.7268176079 -0.0769707486 0.6825039387
-506.5 -429.3 2497.7 0.6855645180 0.0333650485 -0.7272468805 -0.0797931477 0.9963746071 -0.0295075346 0.7236258388 0.0782586336 0.6857413650
-342.8 -54.7 2494.0 0.9895524383 -0.0679630414 -0.1271493286 0.0796742216 0.9928033948 0.0894057453 0.1201580092 -0.0986022055 0.9878459573
-316.2 -443.5 2532.6 0.9911645055 0.0567302033 -0.1198943406 -0.0581173785 0.9982768893 -0.0081023993 0.1192280948 0.0149987554 0.9927535653
-572.9 -169.0 2362.5 0 0 0 0 0 0 0 0 0
-220.0 -162.4 2453.8 0 0 0 0 0 0 0 0 0
-517.1 -744.5 2472.9 0 0 0 0 0 0 0 0 0
-334.3 -762.0 2527.8 0 0 0 0 0 0 0 0 0
-375.8 538.9 2446.8 20 0.9704701304 0.0884144083 -0.2244339585 -0.0698892325 0.9935587049 0.0891999155 0.2308748662 -0.0708803311 0.9703982472
-393.7 337.5 2461.2 0.9704701304 0.0884144083 -0.2244339585 -0.0698892325 0.9935587049 0.0891999155 0.2308748662 -0.0708803311 0.9703982472
-410.5 142.7 2473.1 0.9704888463 0.0858391970 -0.2253509313 -0.0696758553 0.9944574237 0.0787384585 0.2308607399 -0.0607132800 0.9710907340
-531.7 347.4 2428.3 0.2246216834 -0.8731966019 -0.4325190783 0.9743148685 0.1939730197 0.1143895388 -0.0159875285 -0.4471041262 0.8943390250
-590.6 91.9 2432.5 -0.0670115799 -0.8722022176 -0.4845334888 0.9670542479 0.0627573729 -0.2467134893 0.2455921024 -0.4851028621 0.8392614126
-255.7 327.6 2494.0 0.0672086179 0.9967681170 -0.0440039039 -0.9843005538 0.0734530613 0.1604899168 0.1632034481 0.0325267613 0.9860560894
