-136.1 453.5 2693.4 3 0.9056982398 -0.1293517947 -0.4037063122 0.0836786553 0.9881239533 -0.1288758367 0.4155821800 0.0829410180 0.9057661295
-104.2 209.9 2673.0 0.9056982398 -0.1293517947 -0.4037063122 0.0836786553 0.9881239533 -0.1288758367 0.4155821800 0.0829410180 0.9057661295
-119.9 16.4 2673.3 0.9095239639 0.0809282064 -0.4076969326 -0.0731341764 0.9967184067 0.0346957371 0.4091669023 -0.0017400264 0.9124578834
-228.4 219.9 2617.1 0.3555700481 -0.8844332695 -0.3022378981 0.0969147757 0.3565156758 -0.9292492270 0.9296114445 0.3011218607 0.2124809474
-307.4 198.4 2410.7 -0.4579293430 -0.8844332695 -0.0898806155 -0.7873010635 0.3565156758 0.5030443072 -0.4128652811 0.3011218607 -0.8595742583
20.0 199.9 2728.9 0.1685821563 0.7795427442 0.6032356024 -0.9840472937 0.1683950573 0.0573932864 -0.0568413734 -0.6032878757 0.7954953313
62.1 -45.7 2714.7 0.1484018117 0.7653831244 0.6262312531 -0.9038184881 0.3619748652 -0.2282242626 -0.4013589621 -0.5321304798 0.7454851866
-216.5 -170.8 2640.1 0.9845817685 -0.0210326463 0.1736558378 0.0290358849 0.9986237288 -0.0436754897 -0.1724982262 0.0480443425 0.9838374257
-208.3 -558.4 2621.5 0.9854902625 -0.0358342640 0.1659061164 0.0093830023 0.9874666333 0.1575486362 -0.1694724113 -0.1537059546 0.9734749794
-52.9 -183.3 2712.0 0.9995545149 0.0298319068 -0.0009095516 -0.0297220759 0.9921779037 -0.1212418526 -0.0027144386 0.1212148741 0.9926225543
-64.4 -568.4 2664.9 0.9967501163 -0.0805251747 0.0022263499 0.0805509761 0.9966148734 -0.0164425503 -0.0008947742 0.0165684484 0.9998623133
-189.4 401.3 2517.1 0 0 0 0 0 0 0 0 0
99.1 -270.6 2614.8 0 0 0 0 0 0 0 0 0
-198.5 -829.3 2663.6 0 0 0 0 0 0 0 0 0
-42.1 -844.5 2660.3 0 0 0 0 0 0 0 0 0
-136.5 448.8 2683.7 4 0.9008410573 -0.1265341789 -0.4153004885 0.0973843932 0.9911025167 -0.0907306671 0.4230858684 0.0412901267 0.9051483274
-106.1 210.7 2673.8 0.9008410573 -0.1265341789 -0.4153004885 0.0973843932 0.9911025167 -0.0907306671 0.4230858684 0.0412901267 0.9051483274
-119.0 17.1 2671.4 0.9057590961 0.0665382147 -0.4185369015 -0.0656435713 0.9977058172 0.0165536273 0.4186781347 0.0124806575 0.9080489278
-229.8 219.7 2616.6 0.3419070840 -0.8905467987 -0.3000432551 0.0919046625 0.3494426310 -0.9324394464 0.9352288842 0.2912322879 0.2013223171
-305.1 199.5 2410.6 -0.4477499127 -0.8905467987 -0.0802895501 -0.7863687277 0.3494426310 0.5094252229 -0.4256103933 0.2912322879 -0.8567610979
17.7 201.8 2731.0 0.1745982617 0.7857366204 0.5934082866 -0.9826492667 0.1773481220 0.0542963967 -0.0625771731 -0.5925922394 0.8030682206
61.5 -44.7 2715.3 0.1937293708 0.7615941167 0.6184200048 -0.8959364295 0.3941706121 -0.2047618181 -0.3997083902 -0.5143966675 0.7587023377
-217.1 -170.5 2637.0 0.9863495231 -0.0262515079 0.1625592262 0.0330398493 0.9986851215 -0.0391970910 -0.1613164842 0.0440329649 0.9859198928
-206.9 -558.2 2619.9 0.9874912500 -0.0317851119 0.1544369906 0.0076738195 0.9879981279 0.1542752236 -0.1574871093 -0.1511603147 0.9758833647
-54.1 -183.6 2710.3 0.9996296763 0.0251347944 -0.0104285590 -0.0262923855 0.9909011722 -0.1319983006 0.0070159221 0.1322236061 0.9911950827
-63.9 -568.2 2659.0 0.9967073798 -0.0807841942 -0.0069546620 0.0808026940 0.9967271686 0.0024206720 0.0067363484 -0.0029746569 0.9999728799
-188.9 403.5 2521.0 0 0 0 0 0 0 0 0 0
109.8 -268.4 2615.5 0 0 0 0 0 0 0 0 0
-198.2 -829.5 2661.4 0 0 0 0 0 0 0 0 0
-41.5 -844.5 2659.8 0 0 0 0 0 0 0 0 0
-137.0 449.6 2678.8 5 0.8964166641 -0.1399876922 -0.4205242097 0.1153463051 0.9897999763 -0.0836134031 0.4279397130 0.0264465362 0.9034202695
-103.2 210.9 2672.5 0.8964166641 -0.1399876922 -0.4205242097 0.1153463051 0.9897999763 -0.0836134031 0.4279397130 0.0264465362 0.9034202695
-116.9 17.3 2670.2 0.9028511643 0.0705366582 -0.4241277277 -0.0687679052 0.9974421859 0.0194966123 0.4244181216 0.0115638375 0.9053924680
-226.5 220.3 2614.5 0.3558453321 -0.8916777372 -0.2797944546 0.0971464515 0.3330627680 -0.9378868341 0.9294819236 0.3065616190 0.2051421702
-304.6 199.0 2410.5 -0.4411385059 -0.8916777372 -0.1015267000 -0.7912492752 0.3330627680 0.5128291845 -0.4234636128 0.3065616190 -0.8524661660
20.1 201.5 2730.4 0.1669846773 0.7918636799 0.5874248743 -0.9847626686 0.1632963419 0.0598065071 -0.0485657305 -0.5884608626 0.8070657849
62.2 -46.4 2718.2 0.2101583928 0.7634793520 0.6106821895 -0.8819186687 0.4176362157 -0.2186309397 -0.4219632149 -0.4926249087 0.7610964179
-213.0 -170.6 2631.4 0.9876829982 -0.0088011026 0.1562204063 0.0148175228 0.9991909266 -0.0373897031 -0.1557649374 0.0392439738 0.9870142937
-209.6 -558.5 2616.2 0.9875194430 -0.0436649062 0.1513230801 0.0186837353 0.9864939451 0.1627287269 -0.1563848406 -0.1578705013 0.9749977589
-50.7 -182.4 2706.5 0.9992563725 0.0346325226 -0.0169483982 -0.0364711732 0.9916074872 -0.1240342706 0.0125105381 0.1245601699 0.9921332002
-64.2 -567.3 2658.1 0.9967688918 -0.0793954432 -0.0121702915 0.0795134082 0.9967882037 0.0095363250 0.0113740619 -0.0104732141 0.9998804927
-189.7 405.1 2520.9 0 0 0 0 0 0 0 0 0
114.9 -267.8 2612.3 0 0 0 0 0 0 0 0 0
-197.6 -828.7 2659.5 0 0 0 0 0 0 0 0 0
-42.2 -843.1 2661.0 0 0 0 0 0 0 0 0 0
-136.7 446.8 2677.9 6 0.8922265768 -0.1515712291 -0.4253914654 0.1256102026 0.9881139398 -0.0886169150 0.4337669909 0.0256328639 0.9006603956
-100.5 210.8 2671.8 0.8922265768 -0.1515712291 -0.4253914654 0.1256102026 0.9881139398 -0.0886169150 0.4337669909 0.0256328639 0.9006603956
-115.3 17.3 2669.6 0.8997763991 0.0763918608 -0.4296122193 -0.0737453103 0.9970156550 0.0228335876 0.4300744236 0.0111367647 0.9027247429
-223.4 220.9 2613.0 0.3652898669 -0.8873424530 -0.2814013064 0.1047932506 0.3395678103 -0.9347256422 0.9249765873 0.3119568527 0.2170281708
-304.5 197.6 2407.5 -0.4505787790 -0.8873424530 -0.0979905277 -0.7822941542 0.3395678103 0.5222159624 -0.4301099777 0.3119568527 -0.8471648693
22.5 200.7 2730.5 0.1520419568 0.7978827357 0.5833235383 -0.9873803258 0.1490737051 0.0534521528 -0.0443096496 -0.5840891600 0.8104791641
60.4 -46.0 2719.5 0.2298057526 0.7640863061 0.6027946472 -0.8809837103 0.4265285134 -0.2047952116 -0.4135903418 -0.4839891791 0.7711663246
-211.5 -170.1 2629.9 0.9886841178 -0.0064343465 0.1498742551 0.0123097133 0.9991902113 -0.0383073241 -0.1495064050 0.0397187546 0.9879626632
-209.0 -558.0 2614.5 0.9885182381 -0.0408280417 0.1454812437 0.0165368114 0.9862520695 0.1644184440 -0.1501940489 -0.1601248384 0.9756032825
-49.7 -182.5 2706.0 0.9991514683 0.0333805233 -0.0241276100 -0.0362592787 0.9907386899 -0.1308515519 0.0195362642 0.1316153556 0.9911083579
-62.7 -567.1 2654.9 0.9971098900 -0.0735775307 -0.0189262126 0.0739026368 0.9971189499 0.0170924105 0.0176140685 -0.0184417088 0.9996747971
-186.6 402.4 2520.1 0 0 0 0 0 0 0 0 0
118.2 -267.3 2615.5 0 0 0 0 0 0 0 0 0
-197.9 -825.6 2658.0 0 0 0 0 0 0 0 0 0
-42.3 -843.4 2660.0 0 0 0 0 0 0 0 0 0
-129.5 444.6 2699.4 7 0.8951689005 -0.1267155260 -0.4273357689 0.0609982535 0.9845451713 -0.1641646475 0.4415335655 0.1208883449 0.8890635967
-99.4 210.5 2670.7 0.8951689005 -0.1267155260 -0.4273357689 0.0609982535 0.9845451713 -0.1641646475 0.4415335655 0.1208883449 0.8890635967
-116.0 17.2 2666.9 0.8982059360 0.0857330188 -0.4311333001 -0.0857828185 0.9961255789 0.0193680674 0.4311233759 0.0195873156 0.9020803571
-222.1 222.3 2611.8 0.3820875585 -0.8782437444 -0.2875708640 0.1228669658 0.3566969335 -0.9261053205 0.9159218073 0.3185203671 0.2441965938
-306.5 195.1 2409.5 -0.4665836990 -0.8782437444 -0.1048215404 -0.7851442695 0.3566969335 0.5062764287 -0.4072445631 0.3185203671 -0.8559769988
23.3 198.8 2729.6 0.1531033814 0.8009872437 0.5787734985 -0.9877258539 0.1423707902 0.0642513335 -0.0309359413 -0.5815066099 0.8129532337
61.3 -45.9 2721.9 0.2322709560 0.7665791512 0.5986707211 -0.8853133917 0.4215367734 -0.1962827146 -0.4028279483 -0.4844204187 0.7765735388
-210.7 -169.6 2628.9 0.9890488386 -0.0005907773 0.1475872546 0.0076384949 0.9988566637 -0.0471906811 -0.1473906338 0.0478012338 0.9879226089
-210.5 -557.4 2610.4 0.9886736274 -0.0439562388 0.1435002238 0.0170408953 0.9828434587 0.1836527884 -0.1491109431 -0.1791272908 0.9724604487
-49.5 -182.9 2706.0 0.9991171360 0.0319573246 -0.0272700116 -0.0354374982 0.9897266626 -0.1385109872 0.0225634184 0.1393550932 0.9899854064
-61.9 -567.1 2651.9 0.9972385168 -0.0711056888 -0.0214312375 0.0717699900 0.9969074130 0.0320099816 0.0190888681 -0.0334597081 0.9992577434
-185.0 399.5 2515.5 0 0 0 0 0 0 0 0 0
119.4 -267.6 2621.1 0 0 0 0 0 0 0 0 0
-198.4 -828.2 2659.7 0 0 0 0 0 0 0 0 0
-42.1 -844.7 2661.2 0 0 0 0 0 0 0 0 0
-126.8 462.6 2696.7 8 0.8930248618 -0.1050401703 -0.4375764430 0.0489810109 0.9892877340 -0.1375158280 0.4473337233 0.1013721228 0.8886035085
-100.2 212.0 2671.0 0.8930248618 -0.1050401703 -0.4375764430 0.0489810109 0.9892877340 -0.1375158280 0.4473337233 0.1013721228 0.8886035085
-116.6 18.6 2666.9 0.8944135308 0.0844799578 -0.4391896427 -0.0851238742 0.9962028861 0.0182682611 0.4390652776 0.0210461412 0.8982086182
-222.4 223.6 2611.0 0.3797350824 -0.8754070401 -0.2991048694 0.1394450516 0.3737943470 -0.9169694185 0.9145252109 0.3064967692 0.2640140057
-305.5 193.1 2410.8 -0.4732948542 -0.8754070401 -0.0982569903 -0.7916891575 0.3737943470 0.4832246900 -0.3862904012 0.3064967692 -0.8699651957
22.0 200.4 2731.0 0.1545842290 0.8070546389 0.5698829293 -0.9878128767 0.1368506849 0.0741456226 -0.0181492995 -0.5743994713 0.8183739185
60.6 -46.3 2726.5 0.2384046018 0.7714051008 0.5899977684 -0.8684202433 0.4412926435 -0.2260687053 -0.4347522557 -0.4584702253 0.7751100063
-213.1 -168.5 2624.5 0.9901620150 -0.0178563800 0.1387815028 0.0242584385 0.9987114072 -0.0445766523 -0.1378066838 0.0475047305 0.9893192649
-206.2 -556.1 2606.0 0.9909949303 -0.0281847473 0.1308994889 0.0031828112 0.9822777510 0.1874040812 -0.1338616014 -0.1852998734 0.9735219479
-52.2 -183.8 2701.7 0.9989848733 0.0272519067 -0.0358682759 -0.0318999700 0.9901745915 -0.1361493915 0.0318055227 0.1371553689 0.9900388122
-62.8 -568.3 2648.5 0.9967979193 -0.0739537477 -0.0304105524 0.0752323046 0.9962254763 0.0433005393 0.0270935297 -0.0454497449 0.9985991716
-183.3 397.6 2510.6 0 0 0 0 0 0 0 0 0
120.7 -265.3 2616.8 0 0 0 0 0 0 0 0 0
-198.5 -823.6 2656.5 0 0 0 0 0 0 0 0 0
-42.5 -841.3 2660.9 0 0 0 0 0 0 0 0 0
-129.3 459.4 2695.3 9 0.8886126876 -0.1167263240 -0.4435565472 0.0599895529 0.9883451462 -0.1399109513 0.4547182620 0.0977178887 0.8852584362
-100.2 212.8 2671.0 0.8886126876 -0.1167263240 -0.4435565472 0.0599895529 0.9883451462 -0.1399109513 0.4547182620 0.0977178887 0.8852584362
-116.9 19.4 2667.7 0.8908526897 0.0858998671 -0.4460972250 -0.0842118338 0.9961671829 0.0236502104 0.4464189708 0.0164978132 0.8946719766
-221.9 224.3 2610.0 0.3706158698 -0.8887373209 -0.2697959840 0.1347593367 0.3388631642 -0.9311346412 0.9189580083 0.3087357283 0.2453537136
-302.2 195.1 2410.8 -0.4451279938 -0.8887373209 -0.1095768064 -0.7988978028 0.3388631642 0.4969246387 -0.4045039117 0.3087357283 -0.8608477116
21.5 201.3 2731.9 0.1700994968 0.8091307878 0.5624709129 -0.9853156805 0.1482266337 0.0847456753 -0.0148028275 -0.5686265826 0.8224625587
64.1 -45.4 2728.2 0.2259694189 0.7771457434 0.5873519778 -0.8719801307 0.4301625192 -0.2336897254 -0.4342677891 -0.4593525231 0.7748591900
-213.1 -167.1 2623.5 0.9912441373 -0.0162601080 0.1310367733 0.0215113740 0.9990170002 -0.0387593433 -0.1302777380 0.0412387513 0.9906195402
-206.8 -554.9 2607.5 0.9916943908 -0.0336834714 0.1241277233 0.0102696596 0.9827536941 0.1846339554 -0.1282060891 -0.1818257123 0.9749372602
-52.9 -182.4 2702.2 0.9985888600 0.0297707487 -0.0439776741 -0.0356228910 0.9896618128 -0.1389261633 0.0393870883 0.1402967274 0.9893257618
-64.4 -566.6 2647.7 0.9961928129 -0.0785107166 -0.0378938988 0.0800738484 0.9959178567 0.0416628830 0.0344682261 -0.0445385724 0.9984128475
-187.4 401.2 2515.2 0 0 0 0 0 0 0 0 0
121.3 -266.3 2618.2 0 0 0 0 0 0 0 0 0
-197.5 -826.2 2657.7 0 0 0 0 0 0 0 0 0
-42.9 -839.8 2659.9 0 0 0 0 0 0 0 0 0
-132.5 466.5 2694.2 0 0.8854293823 -0.1220267862 -0.4484688640 0.0666729137 0.9882866144 -0.1372743845 0.4599669278 0.0916460529 0.8831938505
-101.1 211.9 2670.5 0.8854293823 -0.1220267862 -0.4484688640 0.0666729137 0.9882866144 -0.1372743845 0.4599669278 0.0916460529 0.8831938505
-117.3 18.5 2666.8 0.8883432746 0.0834123492 -0.4515402317 -0.0830907598 0.9963294268 0.0205807947 0.4515995085 0.0192360114 0.8920133710
-222.5 223.2 2608.8 0.3537931442 -0.8873138428 -0.2958115935 0.1155676171 0.3553135395 -0.9275755286 0.9281564951 0.2939836383 0.2282522470
-299.0 198.2 2408.0 -0.4531593323 -0.8873138428 -0.0855612010 -0.7900503278 0.3553135395 0.4995726049 -0.4128766358 0.2939836383 -0.8620362282
20.3 200.5 2732.2 0.1635424048 0.8138594031 0.5575721860 -0.9864665866 0.1416251808 0.0826191604 -0.0117258765 -0.5635380745 0.8260068893
61.1 -45.6 2729.3 0.2381937057 0.7782639861 0.5810068250 -0.8790814877 0.4270861447 -0.2116912901 -0.4128916860 -0.4603288174 0.7858866453
-213.4 -166.4 2624.6 0.9920074940 -0.0166005976 0.1250822693 0.0213490706 0.9990975857 -0.0367183946 -0.1243598461 0.0390953124 0.9914667010
-206.9 -554.3 2609.4 0.9922329187 -0.0369368903 0.1187836081 0.0157662481 0.9845394492 0.1744519919 -0.1233908609 -0.1712242216 0.9774748087
-53.7 -181.5 2704.5 0.9984022975 0.0270393826 -0.0496158525 -0.0338238589 0.9893680811 -0.1414450407 0.0452637561 0.1428972483 0.9887019396
-64.2 -565.6 2649.1 0.9961076975 -0.0763756558 -0.0440024398 0.0780282542 0.9962587953 0.0371484309 0.0410005823 -0.0404372700 0.9983404875
-181.3 403.5 2515.3 0 0 0 0 0 0 0 0 0
121.5 -268.5 2624.6 0 0 0 0 0 0 0 0 0
-196.8 -823.5 2656.2 0 0 0 0 0 0 0 0 0
-43.1 -841.7 2660.3 0 0 0 0 0 0 0 0 0
-132.4 472.2 2694.1 1 0.8815113902 -0.1236671358 -0.4556798339 0.0672547594 0.9881368279 -0.1380667090 0.4673483372 0.0910607353 0.8793710470
-99.5 209.5 2669.9 0.8815113902 -0.1236671358 -0.4556798339 0.0672547594 0.9881368279 -0.1380667090 0.4673483372 0.0910607353 0.8793710470
-116.8 16.1 2666.8 0.8841841221 0.0891558826 -0.4585516453 -0.0864010304 0.9958936572 0.0270315409 0.4590786994 0.0157184731 0.8882565498
-220.3 221.3 2607.1 0.2949549854 -0.8805427551 -0.3710067570 0.0187149923 0.3935302794 -0.9191211462 0.9553278685 0.2641559839 0.1325530708
-281.7 217.4 2408.3 -0.4726712704 -0.8805427551 -0.0350192524 -0.7702869773 0.3935302794 0.5017887354 -0.4280653000 0.2641559839 -0.8642810583
21.3 197.6 2732.6 0.1746790707 0.8171517253 0.5493179560 -0.9846219420 0.1464553326 0.0952392220 -0.0026256505 -0.5575067997 0.8301681876
64.5 -46.2 2731.9 0.2253497839 0.7855937481 0.5762463808 -0.8768764138 0.4213199615 -0.2314676940 -0.4246236980 -0.4531356692 0.7838129997
-213.1 -167.5 2622.6 0.9929921031 -0.0167712085 0.1169847846 0.0214658827 0.9990091324 -0.0389867797 -0.1162150130 0.0412247479 0.9923681617
-206.6 -555.3 2606.6 0.9932554960 -0.0365920439 0.1100206077 0.0149825038 0.9814444184 0.1911605746 -0.1149740666 -0.1882229149 0.9753733277
-53.9 -182.4 2703.5 0.9980642200 0.0223638043 -0.0580311716 -0.0294383727 0.9918361902 -0.1240739301 0.0547826514 0.1255420893 0.9905745983
-62.6 -567.4 2654.8 0.9962163568 -0.0678991005 -0.0542468801 0.0690009072 0.9974412918 0.0187008251 0.0528383069 -0.0223731510 0.9983524084
-157.2 420.3 2521.1 0 0 0 0 0 0 0 0 0
121.7 -268.7 2624.2 0 0 0 0 0 0 0 0 0
-196.6 -823.3 2658.0 0 0 0 0 0 0 0 0 0
-43.9 -841.9 2661.0 0 0 0 0 0 0 0 0 0
-129.7 471.8 2695.0 2 0.8750794530 -0.1126956120 -0.4706757367 0.0520869680 0.9887931943 -0.1399103701 0.4811682701 0.0979166180 0.8711426258
-98.5 198.3 2667.9 0.8750794530 -0.1126956120 -0.4706757367 0.0520869680 0.9887931943 -0.1399103701 0.4811682701 0.0979166180 0.8711426258
-115.1 5.0 2665.9 0.8768985271 0.0854053572 -0.4730273783 -0.0802319571 0.9962894917 0.0311465636 0.4739322960 0.0106395371 0.8804970384
-218.3 209.3 2603.2 0.2453595400 -0.8797376156 -0.4072596729 -0.1163172945 0.3903506994 -0.9132888913 0.9624286890 0.2714554965 -0.0065524294
-266.6 232.2 2413.5 -0.4744228125 -0.8797376156 -0.0313808881 -0.7583690882 0.3903506994 0.5220178962 -0.4469892383 0.2714554965 -0.8523570299
21.3 187.4 2732.7 0.1822334379 0.8257564902 0.5337763429 -0.9831446409 0.1448806971 0.1115179434 0.0147527773 -0.5451016426 0.8382401466
65.1 -49.1 2736.2 0.2252221406 0.7950869203 0.5631268024 -0.8613310456 0.4326292872 -0.2663469017 -0.4553940892 -0.4250513911 0.7822707891
-213.4 -169.4 2622.6 0.9946259260 -0.0229956787 0.1009476855 0.0262703188 0.9991669059 -0.0312302168 -0.1001454294 0.0337143131 0.9944014549
-204.4 -557.3 2609.5 0.9952090383 -0.0281178281 0.0936397985 0.0104178954 0.9827980995 0.1843891740 -0.0972136334 -0.1825302392 0.9783824682
-54.9 -184.9 2704.9 0.9971593618 0.0140998717 -0.0739893615 -0.0241339803 0.9903419614 -0.1365294904 0.0713497251 0.1379273236 0.9878690839
-60.4 -569.3 2651.3 0.9954322577 -0.0643105134 -0.0705605820 0.0667042211 0.9972561002 0.0321068987 0.0683021545 -0.0366669334 0.9969906211
-139.2 435.9 2533.6 0 0 0 0 0 0 0 0 0
122.3 -267.6 2620.7 0 0 0 0 0 0 0 0 0
-196.9 -821.5 2658.6 0 0 0 0 0 0 0 0 0
-42.8 -842.7 2661.4 0 0 0 0 0 0 0 0 0
-128.8 476.7 2696.0 3 0.8725814819 -0.1038377061 -0.4773041904 0.0405233465 0.9891641140 -0.1411104649 0.4867847860 0.1037884057 0.8673341274
-99.1 194.0 2666.3 0.8725814819 -0.1038377061 -0.4773041904 0.0405233465 0.9891641140 -0.1411104649 0.4867847860 0.1037884057 0.8673341274
-115.9 0.7 2667.2 0.8735645413 0.0867848843 -0.4789085686 -0.0739282370 0.9962168932 0.0456777848 0.4810609519 -0.0044976254 0.8766756058
-218.4 204.1 2600.6 0.3139537275 -0.8818390369 -0.3518422246 -0.0611639619 0.3510243297 -0.9343665838 0.9474661350 0.3148679137 0.0562686250
-281.9 216.5 2408.9 -0.4615842700 -0.8818390369 -0.0964357257 -0.7791267037 0.3510243297 0.5193683505 -0.4241480231 0.3148679137 -0.8490916491
20.3 184.0 2732.0 0.1763057113 0.8298977613 0.5293259621 -0.9839549661 0.1336363703 0.1182113811 0.0273661558 -0.5416742563 0.8401429057
61.8 -48.0 2738.5 0.2400961220 0.7947304845 0.5574560761 -0.8708662391 0.4300490022 -0.2380123883 -0.4288891256 -0.4283238351 0.7953570485
-210.2 -181.3 2621.4 0.9954948425 -0.0119716311 0.0940567628 0.0127381310 0.9998903275 -0.0075531574 -0.0939560235 0.0087172361 0.9955381751
-205.6 -569.3 2618.0 0.9955553412 -0.0260330494 0.0905091017 0.0105422661 0.9858012199 0.1675853878 -0.0935867354 -0.1658863574 0.9816940427
-53.1 -195.6 2706.3 0.9965439439 0.0185002275 -0.0809811875 -0.0288651008 0.9912559986 -0.1287568063 0.0778910592 0.1306493431 0.9883641601
-60.3 -580.4 2655.5 0.9948443770 -0.0652921870 -0.0775986537 0.0663490221 0.9977345467 0.0111172618 0.0766969845 -0.0162085406 0.9969226718
-156.9 427.5 2523.8 0 0 0 0 0 0 0 0 0
122.8 -269.0 2629.7 0 0 0 0 0 0 0 0 0
-199.0 -819.8 2660.1 0 0 0 0 0 0 0 0 0
-43.5 -837.4 2659.7 0 0 0 0 0 0 0 0 0
-128.5 473.0 2696.5 4 0.8782126904 -0.1053555235 -0.4665218890 0.0397463441 0.9881385565 -0.1483319700 0.4766158760 0.1117244884 0.8719833493
-98.6 192.6 2664.8 0.8782126904 -0.1053555235 -0.4665218890 0.0397463441 0.9881385565 -0.1483319700 0.4766158760 0.1117244884 0.8719833493
-116.4 -0.6 2668.2 0.8789740205 0.0919565409 -0.4679194689 -0.0729731917 0.9956119061 0.0585816354 0.4712531567 -0.0173461605 0.8818274140
-218.7 202.6 2600.4 0.3405812383 -0.8835833669 -0.3213795722 -0.0216840021 0.3343423903 -0.9422022104 0.9399650097 0.3278651834 0.0947111174
-289.6 207.1 2404.7 -0.4551653266 -0.8835833669 -0.1100224480 -0.7777128220 0.3343423903 0.5323325396 -0.4335750043 0.3278651834 -0.8393551707
21.5 182.7 2729.2 0.1669120342 0.8255585432 0.5390672088 -0.9848204851 0.1131792441 0.1316019595 0.0476339012 -0.5528503656 0.8319179416
60.4 -47.0 2740.3 0.2448605448 0.7890327573 0.5634453297 -0.8762505054 0.4288380146 -0.2197339684 -0.4150040746 -0.4399150610 0.7963958383
-211.1 -186.1 2625.0 0.9943004251 -0.0096698562 0.1061748937 0.0094347484 0.9999517798 0.0027164186 -0.1061960459 -0.0016992028 0.9943437576
-207.3 -574.2 2625.6 0.9942237139 -0.0280603431 0.1035946086 0.0122842230 0.9886261821 0.1498912424 -0.1066223383 -0.1477528363 0.9832602739
-54.5 -199.3 2711.2 0.9973978400 0.0180934835 -0.0697864741 -0.0268140379 0.9916518927 -0.1261251271 0.0669218451 0.1276681870 0.9895566106
-61.6 -584.3 2661.6 0.9951866865 -0.0713876709 -0.0671362206 0.0710656792 0.9974458218 -0.0071751848 0.0674769655 0.0023695666 0.9977180362
-166.0 418.2 2522.4 0 0 0 0 0 0 0 0 0
122.6 -269.5 2634.9 0 0 0 0 0 0 0 0 0
-200.2 -824.5 2663.0 0 0 0 0 0 0 0 0 0
-43.2 -841.1 2661.0 0 0 0 0 0 0 0 0 0
-127.4 458.8 2695.2 5 0.8853377700 -0.1054053903 -0.4528429508 0.0413787104 0.9879614711 -0.1490634531 0.4631034732 0.1132334471 0.8790411353
-98.6 188.9 2664.3 0.8853377700 -0.1054053903 -0.4528429508 0.0413787104 0.9879614711 -0.1490634531 0.4631034732 0.1132334471 0.8790411353
-115.0 -4.5 2666.3 0.8865190148 0.0844319761 -0.4549234211 -0.0703793168 0.9963756204 0.0477736816 0.4573082328 -0.0103350775 0.8892481923
-219.7 198.5 2601.8 0.3276320100 -0.8924762607 -0.3100700080 -0.0217732415 0.3209646642 -0.9468408823 0.9445545077 0.3169665933 0.0857261941
-288.9 203.1 2402.3 -0.4392761290 -0.8924762607 -0.1025798470 -0.7781684995 0.3209646642 0.5398476720 -0.4488767087 0.3169665933 -0.8354889750
22.5 179.3 2726.8 0.1766560227 0.8168178797 0.5491822958 -0.9832224846 0.1206772849 0.1367866546 0.0454559512 -0.5641325712 0.8244320154
62.9 -45.5 2737.2 0.2328359634 0.7833273411 0.5763555765 -0.8826120496 0.4190744162 -0.2130084485 -0.4083912075 -0.4591023326 0.7889497280
-213.0 -187.3 2629.3 0.9924796820 -0.0177419651 0.1211167127 0.0178646632 0.9998404384 0.0000728084 -0.1210986748 0.0020914483 0.9926382899
-206.1 -575.4 2628.5 0.9928001761 -0.0236360282 0.1174273789 0.0069632106 0.9900686741 0.1404120177 -0.1195799485 -0.1385833919 0.9831049442
-55.5 -200.4 2713.7 0.9984284043 0.0161862466 -0.0536532849 -0.0225407630 0.9925137758 -0.1200348884 0.0513087101 0.1210556328 0.9913188219
-61.8 -585.7 2666.8 0.9957945943 -0.0754185170 -0.0520108342 0.0738335252 0.9967649579 -0.0317530818 0.0542373471 0.0277794041 0.9981415868
-170.7 412.5 2523.1 0 0 0 0 0 0 0 0 0
122.0 -269.5 2633.5 0 0 0 0 0 0 0 0 0
-200.2 -824.5 2663.4 0 0 0 0 0 0 0 0 0
-42.5 -841.3 2659.6 0 0 0 0 0 0 0 0 0
-128.2 452.5 2685.1 6 0.8832269311 -0.1052165255 -0.4569897950 0.0587400310 0.9916517138 -0.1147889346 0.4652523994 0.0745410845 0.8820338845
-100.0 186.6 2665.1 0.8832269311 -0.1052165255 -0.4569897950 0.0587400310 0.9916517138 -0.1147889346 0.4652523994 0.0745410845 0.8820338845
-116.9 -6.8 2667.7 0.8844179511 0.0869655833 -0.4585213959 -0.0709792674 0.9961203337 0.0520212352 0.4612665474 -0.0134630008 0.8871594667
-220.8 196.3 2602.1 0.3164545596 -0.8972247839 -0.3079678416 -0.0302823540 0.3149320483 -0.9486309886 0.9481241703 0.3095245957 0.0724916086
-287.8 202.7 2401.5 -0.4309368134 -0.8972247839 -0.0963387042 -0.7774173021 0.3149320483 0.5444632173 -0.4581657350 0.3095245957 -0.8332338929
20.8 176.9 2728.1 0.1700212061 0.8195784092 0.5471599698 -0.9844248295 0.1160574481 0.1320544779 0.0447270125 -0.5610899329 0.8265455961
59.6 -47.8 2738.3 0.2472675890 0.7814292312 0.5729110837 -0.8923262954 0.4140897393 -0.1796761304 -0.3776407838 -0.4667955339 0.7996807694
-210.8 -191.6 2627.3 0.9930908680 -0.0093399957 0.1169753969 0.0091712298 0.9999559522 0.0019809227 -0.1169887483 -0.0008944279 0.9931328297
-207.2 -579.7 2627.7 0.9929859638 -0.0294308215 0.1145107150 0.0129425228 0.9897604585 0.1421501935 -0.1175217777 -0.1396710873 0.9831991792
-52.0 -204.2 2709.3 0.9980192184 0.0250348244 -0.0577140823 -0.0306486413 0.9946616888 -0.0985331908 0.0549392253 0.1001068726 0.9934587479
-61.7 -590.2 2670.4 0.9954109788 -0.0773094669 -0.0563937686 0.0745916367 0.9960190654 -0.0488063395 0.0599424616 0.0443758629 0.9972149730
-173.0 409.7 2523.5 0 0 0 0 0 0 0 0 0
121.5 -271.2 2643.8 0 0 0 0 0 0 0 0 0
-199.9 -824.0 2662.1 0 0 0 0 0 0 0 0 0
-42.1 -842.3 2659.2 0 0 0 0 0 0 0 0 0
-128.7 447.1 2679.5 7 0.8848139644 -0.1089320555 -0.4530321062 0.0709797069 0.9924518466 -0.1000061333 0.4605064094 0.0563307367 0.8858671784
-100.0 186.2 2664.7 0.8848139644 -0.1089320555 -0.4530321062 0.0709797069 0.9924518466 -0.1000061333 0.4605064094 0.0563307367 0.8858671784
-117.8 -7.1 2670.0 0.8860346675 0.0916078687 -0.4544783533 -0.0690925866 0.9954282641 0.0659451410 0.4584417045 -0.0270285998 0.8883134127
-221.1 195.6 2602.1 0.3106094003 -0.8990076780 -0.3087183833 -0.0366888307 0.3132019341 -0.9489775896 0.9498293400 0.3060878813 0.0642999262
-285.9 203.3 2403.8 -0.4265961349 -0.8990076780 -0.0989999175 -0.7843134403 0.3132019341 0.5354968905 -0.4504088461 0.3060878813 -0.8387145400
21.0 176.7 2727.4 0.1751554310 0.8178724051 0.5480923653 -0.9818261862 0.1037911698 0.1588860899 0.0730613992 -0.5659612417 0.8211881518
58.9 -35.5 2743.1 0.2179963440 0.7886322141 0.5749233365 -0.9031401277 0.3862797916 -0.1874188036 -0.3698857427 -0.4783797264 0.7964529991
-213.0 -193.8 2629.0 0.9924278259 -0.0199104100 0.1212048382 0.0180959683 0.9997074008 0.0160525143 -0.1214889884 -0.0137376422 0.9924976826
-205.3 -581.8 2634.3 0.9927513003 -0.0202910397 0.1184615865 0.0059227776 0.9927073121 0.1204037517 -0.1200408041 -0.1188293621 0.9856316447
-54.6 -206.5 2711.6 0.9983460903 0.0196715575 -0.0540193692 -0.0244064406 0.9957824349 -0.0884402096 0.0520517826 0.0896123573 0.9946156144
-62.2 -593.0 2676.9 0.9951911569 -0.0819582641 -0.0536412261 0.0781409517 0.9944984317 -0.0697631165 0.0590637773 0.0652360618 0.9961203337
-174.1 408.8 2521.9 0 0 0 0 0 0 0 0 0
112.4 -257.3 2652.3 0 0 0 0 0 0 0 0 0
-200.4 -822.5 2663.1 0 0 0 0 0 0 0 0 0
-41.3 -846.2 2660.3 0 0 0 0 0 0 0 0 0
-128.7 445.4 2688.8 8 0.8811976910 -0.0989159793 -0.4622837901 0.0465400517 0.9912663698 -0.1233897805 0.4704515934 0.0872160718 0.8781051636
-103.0 187.9 2666.1 0.8811976910 -0.0989159793 -0.4622837901 0.0465400517 0.9912663698 -0.1233897805 0.4704515934 0.0872160718 0.8781051636
-119.0 -5.4 2671.5 0.8820881248 0.0822882056 -0.4638418257 -0.0598914064 0.9962249398 0.0628405288 0.4672618210 -0.0276507400 0.8836864829
-223.5 196.1 2602.3 0.2907953560 -0.9027348757 -0.3170296550 -0.0430556908 0.3186664879 -0.9468885064 0.9558160305 0.2890007198 0.0537988618
-284.1 205.1 2403.1 -0.4223666787 -0.9027348757 -0.0817075446 -0.7841169834 0.3186664879 0.5325525403 -0.4547162950 0.2890007198 -0.8424438834
17.5 179.7 2729.9 0.1926868260 0.8204277158 0.5383030176 -0.9786940217 0.1210340336 0.1658578366 0.0709213763 -0.5587925315 0.8262693286
57.8 -24.7 2744.7 0.2030238211 0.7949213982 0.5717353821 -0.9139338732 0.3634045124 -0.1807264090 -0.3514344990 -0.4858365357 0.8002853394
-215.0 -194.1 2634.1 0.9936382174 -0.0171576124 0.1113047674 0.0154961944 0.9997555017 0.0157747623 -0.1115482077 -0.0139496056 0.9936611056
-208.3 -582.2 2639.6 0.9935321808 -0.0318720043 0.1089860126 0.0189901888 0.9929203987 0.1172535792 -0.1119515449 -0.1144255400 0.9871036410
-56.2 -206.5 2716.3 0.9978631735 0.0171771683 -0.0630401075 -0.0229283292 0.9955252409 -0.0916722789 0.0611833483 0.0929217935 0.9937918186
-62.9 -592.9 2680.2 0.9946290851 -0.0823120549 -0.0627514496 0.0775130764 0.9941347837 -0.0754169747 0.0685911253 0.0701478571 0.9951756597
-174.6 408.2 2520.9 0 0 0 0 0 0 0 0 0
107.0 -246.5 2659.5 0 0 0 0 0 0 0 0 0
-200.4 -827.5 2667.8 0 0 0 0 0 0 0 0 0
-41.7 -848.2 2662.2 0 0 0 0 0 0 0 0 0
-127.2 443.5 2691.4 9 0.8792569637 -0.0870410576 -0.4683278799 0.0301678888 0.9913653135 -0.1276117861 0.4753914475 0.0980750918 0.8742907047
-105.2 192.8 2666.6 0.8792569637 -0.0870410576 -0.4683278799 0.0301678888 0.9913653135 -0.1276117861 0.4753914475 0.0980750918 0.8742907047
-119.6 -0.6 2674.4 0.8797562718 0.0740441680 -0.4696236253 -0.0461944044 0.9964367747 0.0705682486 0.4731754065 -0.0403888747 0.8800418973
-225.4 199.1 2601.9 0.2795094252 -0.9044898152 -0.3221376538 -0.0341677070 0.3259274662 -0.9447771311 0.9595348239 0.2750808299 0.0601954609
-283.3 206.2 2402.9 -0.4212354422 -0.9044898152 -0.0667749569 -0.7836686969 0.3259274662 0.5288049579 -0.4565349221 0.2750808299 -0.8461125493
15.0 186.5 2731.2 0.2044263184 0.8203823566 0.5340249538 -0.9763647914 0.1317867935 0.1713011563 0.0701550171 -0.5564215779 0.8279331326
57.6 -16.8 2745.8 0.1942426264 0.7971515059 0.5716810822 -0.9232969284 0.3454232514 -0.1679451615 -0.3313497007 -0.4952092469 0.8031034470
-213.9 -193.4 2635.0 0.9942569137 -0.0179417636 0.1055048108 0.0162004083 0.9997184277 0.0173389632 -0.1057861894 -0.0155301634 0.9942676425
-207.0 -581.6 2641.0 0.9943458438 -0.0245839357 0.1033052206 0.0128370598 0.9935265779 0.1128724739 -0.1054113358 -0.1109081432 0.9882245660
-55.9 -204.2 2718.7 0.9973961115 0.0227973908 -0.0684199482 -0.0291517377 0.9952054620 -0.0933607891 0.0659635216 0.0951122493 0.9932786226
-64.8 -590.5 2681.8 0.9935548306 -0.0905613154 -0.0681718290 0.0848328099 0.9929576516 -0.0826953873 0.0751807392 0.0763791949 0.9942404628
-174.9 408.0 2520.5 0 0 0 0 0 0 0 0 0
104.6 -240.3 2665.6 0 0 0 0 0 0 0 0 0
-201.0 -822.1 2667.9 0 0 0 0 0 0 0 0 0
-41.4 -847.1 2662.0 0 0 0 0 0 0 0 0 0
-127.1 443.0 2692.7 0 0.8773211241 -0.0820234269 -0.4728422463 0.0208982173 0.9908806682 -0.1331119984 0.4794485271 0.1069004089 0.8710346818
-106.6 195.6 2666.0 0.8773211241 -0.0820234269 -0.4728422463 0.0208982173 0.9908806682 -0.1331119984 0.4794485271 0.1069004089 0.8710346818
-120.9 2.3 2675.7 0.8775858283 0.0734987408 -0.4737521112 -0.0407956727 0.9960429072 0.0789573118 0.4776806831 -0.0499647819 0.8771115541
-226.5 201.2 2600.7 0.2801025212 -0.9032625556 -0.3250527680 -0.0318556353 0.3296748400 -0.9435569644 0.9594414234 0.2746474445 0.0635687560
-283.9 207.7 2404.1 -0.4245603383 -0.9032625556 -0.0621711537 -0.7794076204 0.3296748400 0.5327647328 -0.4607301950 0.2746474445 -0.8439765573
13.3 190.1 2731.2 0.2113176584 0.8227639198 0.5276403427 -0.9732490182 0.1273198873 0.1912486106 0.0901733488 -0.5539397001 0.8276591301
57.2 -12.2 2750.0 0.1940427870 0.7998874784 0.5679149628 -0.9331794381 0.3290407658 -0.1445970982 -0.3025285900 -0.5019085407 0.8102865219
-212.8 -189.8 2639.9 0.9947867393 -0.0137464032 0.1010465696 0.0120908413 0.9997827411 0.0169783887 -0.1012580097 -0.0156681389 0.9947367907
-207.4 -578.0 2646.0 0.9947974682 -0.0220036265 0.0994674861 0.0116092199 0.9945204258 0.1038955897 -0.1012085229 -0.1022003368 0.9896019101
-55.1 -198.1 2724.6 0.9970369935 0.0237344056 -0.0731704310 -0.0305060986 0.9952113032 -0.0928648412 0.0706159472 0.0948218256 0.9929865003
-64.4 -584.5 2687.8 0.9934598207 -0.0874278322 -0.0734433383 0.0795150176 0.9913398027 -0.1045120880 0.0819445699 0.0979887173 0.9918081164
-175.2 407.3 2522.1 0 0 0 0 0 0 0 0 0
104.0 -237.4 2677.0 0 0 0 0 0 0 0 0 0
-202.0 -821.5 2671.0 0 0 0 0 0 0 0 0 0
-41.4 -845.2 2662.1 0 0 0 0 0 0 0 0 0
-128.0 444.1 2693.8 1 0.8756921291 -0.0777569711 -0.4765680432 0.0145615460 0.9907529354 -0.1348947287 0.4826501906 0.1111866832 0.8687268496
-108.6 197.2 2666.1 0.8756921291 -0.0777569711 -0.4765680432 0.0145615460 0.9907529354 -0.1348947287 0.4826501906 0.1111866832 0.8687268496
-121.8 4.1 2679.2 0.8758937716 0.0682175606 -0.4776572883 -0.0274140965 0.9953918457 0.0918888301 0.4817245901 -0.0673903152 0.8737276196
-228.3 201.0 2600.3 0.2695330381 -0.9043878913 -0.3308089077 -0.0346528701 0.3341909945 -0.9418681264 0.9623674750 0.2653280497 0.0587358736
-283.8 208.1 2402.0 -0.4236383140 -0.9043878913 -0.0511192009 -0.7776859403 0.3341909945 0.5324668288 -0.4644729793 0.2653280497 -0.8449058533
11.1 193.5 2731.9 0.2239007652 0.8203219771 0.5262511373 -0.9706940055 0.1393302679 0.1958065927 0.0873017460 -0.5546700954 0.8274778128
57.4 -7.6 2750.0 0.1902575046 0.7993229628 0.5699867010 -0.9431573153 0.3099746704 -0.1198749617 -0.2725002468 -0.5147799850 0.8128623366
-213.8 -187.4 2642.6 0.9952587485 -0.0042896206 0.0971678123 0.0022492334 0.9997748733 0.0210984051 -0.0972364396 -0.0207798183 0.9950443506
-212.1 -575.5 2650.7 0.9943368435 -0.0443956256 0.0965571180 0.0349574424 0.9946378469 0.0973320156 -0.1003604829 -0.0934054181 0.9905570149
-56.5 -194.7 2728.2 0.9968342781 0.0195779968 -0.0770588815 -0.0272659063 0.9946122169 -0.1000154167 0.0746856034 0.1017998755 0.9919974208
-64.1 -580.8 2688.6 0.9933168292 -0.0857724473 -0.0772315338 0.0771067366 0.9910532236 -0.1089404672 0.0858846530 0.1022573337 0.9910435081
-175.2 407.6 2521.1 0 0 0 0 0 0 0 0 0
103.5 -235.8 2684.1 0 0 0 0 0 0 0 0 0
-200.9 -825.5 2674.1 0 0 0 0 0 0 0 0 0
-41.3 -845.1 2661.4 0 0 0 0 0 0 0 0 0
-131.3 443.4 2693.9 2 0.8807303905 -0.0858028680 -0.4657809436 0.0227801241 0.9899889231 -0.1392945349 0.4730698466 0.1120703816 0.8738679290
-110.2 200.0 2666.3 0.8807303905 -0.0858028680 -0.4657809436 0.0227801241 0.9899889231 -0.1392945349 0.4730698466 0.1120703816 0.8738679290
-123.3 7.0 2682.6 0.8811291456 0.0672587454 -0.4680680037 -0.0198908690 0.9942287207 0.1054208949 0.4724571407 -0.0835791454 0.8773817420
-230.6 202.7 2601.8 0.2598693967 -0.9046360850 -0.3377890289 -0.0214271639 0.3443188965 -0.9386082292 0.9654060006 0.2511534095 0.0700941533
-284.0 207.1 2403.6 -0.4243677557 -0.9046360850 -0.0393131375 -0.7821083665 0.3443188965 0.5193756223 -0.4563096762 0.2511534095 -0.8536412716
10.1 197.2 2730.9 0.2257663906 0.8141494393 0.5349674821 -0.9689421058 0.1307873130 0.2098709643 0.1008993611 -0.5657343864 0.8183910847
57.5 -6.0 2752.0 0.1897737831 0.7930906415 0.5787859559 -0.9472124577 0.3030391634 -0.1046698317 -0.2584074736 -0.5283696651 0.8087342381
-213.6 -186.7 2649.1 0.9941354990 0.0035017657 0.1080847159 -0.0045649786 0.9999436140 0.0095909890 -0.1080450341 -0.0100281471 0.9940954447
-214.9 -574.8 2653.0 0.9927335382 -0.0531528369 0.1079580113 0.0423435532 0.9940799475 0.1000602692 -0.1126373857 -0.0947618634 0.9891071916
-56.6 -191.6 2735.4 0.9975603223 0.0199797917 -0.0668892190 -0.0279661231 0.9922978282 -0.1206770241 0.0639629215 0.1222532466 0.9904357195
-64.4 -576.7 2688.0 0.9944682121 -0.0813129097 -0.0664920509 0.0743257031 0.9920505285 -0.1015454978 0.0742204338 0.0960417017 0.9926063418
-175.2 407.6 2520.6 0 0 0 0 0 0 0 0 0
103.4 -235.1 2689.6 0 0 0 0 0 0 0 0 0
-201.4 -827.2 2677.1 0 0 0 0 0 0 0 0 0
-42.4 -844.6 2662.0 0 0 0 0 0 0 0 0 0
-130.3 447.0 2693.9 3 0.8755291104 -0.0728536397 -0.4776411951 0.0131292902 0.9917889833 -0.1272092164 0.4829869568 0.1051042750 0.8692966700
-112.6 205.0 2668.3 0.8755291104 -0.0728536397 -0.4776411951 0.0131292902 0.9917889833 -0.1272092164 0.4829869568 0.1051042750 0.8692966700
-124.4 12.3 2688.2 0.8756310940 0.0609305836 -0.4791217148 -0.0038483776 0.9928591847 0.1192300990 0.4829651713 -0.1025577411 0.8696128726
-232.2 205.5 2602.3 0.2811088860 -0.8955258727 -0.3449800909 -0.0004265284 0.3593589962 -0.9331992865 0.9596757889 0.2624777555 0.1006370410
-289.3 205.6 2407.2 -0.4424072504 -0.8955258727 -0.0480551273 -0.7826293707 0.3593589962 0.5082837343 -0.4379121661 0.2624777555 -0.8598478436
7.1 204.5 2734.2 0.2316069305 0.8151973486 0.5308592319 -0.9689571857 0.1447984129 0.2003881782 0.0864883214 -0.5607911348 0.8234276175
57.5 -6.5 2753.1 0.1863629073 0.7945512533 0.5778902769 -0.9369927645 0.3206412494 -0.1386858225 -0.2954884768 -0.5156331658 0.8042443991
-215.3 -184.2 2656.5 0.9953311086 0.0071669286 0.0962527394 -0.0070991726 0.9999742508 -0.0010463780 -0.0962577611 0.0003581778 0.9953563809
-218.0 -572.3 2656.3 0.9932111502 -0.0649283454 0.0965187624 0.0576707833 0.9954254627 0.0761723667 -0.1010229811 -0.0700889379 0.9924121499
-57.4 -187.7 2741.1 0.9967534542 0.0197286028 -0.0780597627 -0.0296281222 0.9913610816 -0.1277708709 0.0748646706 0.1296688169 0.9887270927
-65.1 -572.6 2690.8 0.9937514067 -0.0801346377 -0.0776955932 0.0713357106 0.9913600683 -0.1100746468 0.0858450979 0.1038443670 0.9908819199
-175.4 407.2 2520.0 0 0 0 0 0 0 0 0 0
102.7 -233.6 2681.4 0 0 0 0 0 0 0 0 0
-201.7 -822.6 2674.0 0 0 0 0 0 0 0 0 0
-43.0 -845.3 2662.2 0 0 0 0 0 0 0 0 0
-130.3 446.7 2693.4 4 0.8706651330 -0.0664309934 -0.4873696268 0.0103865983 0.9931000471 -0.1168094352 0.4917665422 0.0966397896 0.8653475642
-114.2 206.2 2670.0 0.8706651330 -0.0664309934 -0.4873696268 0.0103865983 0.9931000471 -0.1168094352 0.4917665422 0.0966397896 0.8653475642
-124.8 13.4 2689.8 0.8707110882 0.0542280413 -0.4887959957 0.0029065253 0.9933173656 0.1153781936 0.4917863011 -0.1018817723 0.8647348285
-233.2 205.8 2602.9 0.2914853096 -0.8905861378 -0.3491312861 0.0088553485 0.3674770594 -0.9299904108 0.9565343261 0.2679868937 0.1150006130
-292.5 204.0 2408.3 -0.4518454373 -0.8905861378 -0.0518848933 -0.7820882201 0.3674770594 0.5032878518 -0.4291546643 0.2679868937 -0.8625597358
4.7 206.6 2737.2 0.2233650982 0.8200630546 0.5268819928 -0.9723359346 0.1495589018 0.1794295311 0.0683436245 -0.5523846149 0.8307830095
56.6 -19.3 2753.1 0.1308225691 0.8096281290 0.5721780658 -0.9211089015 0.3127117455 -0.2318830490 -0.3666658401 -0.4967027605 0.7866654396
-214.7 -180.0 2664.9 0.9962467551 0.0085244505 0.0861376226 -0.0071897814 0.9998494387 -0.0157929864 -0.0862592757 0.0151144015 0.9961580634
-218.0 -568.1 2659.0 0.9938124418 -0.0696366578 0.0865307227 0.0647976547 0.9962387681 0.0575289689 -0.0902113914 -0.0515660159 0.9945867658
-57.8 -180.7 2751.4 0.9959423542 0.0216301847 -0.0873552114 -0.0344007984 0.9884713292 -0.1474485248 0.0831587762 0.1498553157 0.9852045178
-66.2 -564.3 2693.2 0.9928243756 -0.0824306682 -0.0866311342 0.0721009225 0.9905978441 -0.1162640974 0.0954003409 0.1091836467 0.9894330502
-175.5 406.5 2519.4 0 0 0 0 0 0 0 0 0
89.0 -247.0 2662.4 0 0 0 0 0 0 0 0 0
-200.2 -822.3 2672.2 0 0 0 0 0 0 0 0 0
-42.6 -848.0 2661.9 0 0 0 0 0 0 0 0 0
-130.4 444.0 2694.7 5 0.8728175759 -0.0674069300 -0.4833692014 0.0092720967 0.9925276041 -0.1216676459 0.4879584908 0.1017118171 0.8669205308
-114.3 207.3 2670.5 0.8728175759 -0.0674069300 -0.4833692014 0.0092720967 0.9925276041 -0.1216676459 0.4879584908 0.1017118171 0.8669205308
-124.9 14.5 2690.6 0.8728576303 0.0542581566 -0.4849490523 0.0032208685 0.9931368828 0.1169135943 0.4879643023 -0.1036108807 0.8666923642
-233.6 206.9 2603.8 0.2859772444 -0.8927781582 -0.3480864465 0.0180472657 0.3682110608 -0.9295670390 0.9580664635 0.2595530152 0.1214121878
-292.8 203.1 2405.3 -0.4488643110 -0.8927781582 -0.0383142754 -0.7760646343 0.3682110608 0.5120002627 -0.4429949522 0.2595530152 -0.8581303358
4.9 207.8 2737.1 0.2242744267 0.9052206278 0.3609384298 -0.9726890922 0.1852019280 0.1399149150 0.0598073788 -0.3824602067 0.9220343232
58.0 -22.6 2751.3 0.0102803297 0.9052206278 0.4248174727 -0.9093105197 0.1852019280 -0.3726320565 -0.4159912467 -0.3824602067 0.8250305653
-213.3 -179.6 2665.6 0.9958660603 0.0092534572 0.0903613120 -0.0066972007 0.9995698929 -0.0285516214 -0.0905866474 0.0278284233 0.9954996705
-216.9 -567.6 2654.8 0.9939101338 -0.0623879656 0.0908313766 0.0550826304 0.9952049255 0.0808270127 -0.0954384655 -0.0753315613 0.9925808311
-57.3 -179.1 2753.7 0.9961894155 0.0250636134 -0.0835370645 -0.0385148041 0.9857865572 -0.1635282338 0.0782511085 0.1661225110 0.9829954505
-67.0 -561.7 2689.2 0.9930709600 -0.0842983648 -0.0818770677 0.0756165236 0.9917092919 -0.1038984060 0.0899567083 0.0969872326 0.9912120104
-175.7 405.6 2520.9 0 0 0 0 0 0 0 0 0
60.6 -248.6 2647.9 0 0 0 0 0 0 0 0 0
-200.5 -828.3 2674.5 0 0 0 0 0 0 0 0 0
-42.8 -846.8 2661.3 0 0 0 0 0 0 0 0 0
-131.3 447.9 2694.8 6 0.8874862790 -0.0606472678 -0.4568260610 0.0126058748 0.9941264391 -0.1074884236 0.4606617093 0.0896358117 0.8830380440
-116.7 208.6 2673.3 0.8874862790 -0.0606472678 -0.4568260610 0.0126058748 0.9941264391 -0.1074884236 0.4606617093 0.0896358117 0.8830380440
-124.3 15.5 2691.5 0.8875308037 0.0393866040 -0.4590617716 0.0084367162 0.9947832823 0.1016616598 0.4606710672 -0.0941008329 0.8825685382
-237.8 207.4 2610.4 0.2564502358 -0.8981831074 -0.3570719957 0.0116827833 0.3722800314 -0.9280469418 0.9664868116 0.2338262498 0.1059645712
-292.5 204.9 2404.4 -0.4396040738 -0.8981831074 -0.0039240564 -0.7653160095 0.3722800314 0.5250704288 -0.4701485634 0.2338262498 -0.8510497212
4.5 209.8 2736.2 0.2247499973 0.8598541617 0.4584083557 -0.9725697637 0.1690007299 0.1598336250 0.0599622726 -0.4817567170 0.8742511272
58.7 -24.8 2750.6 -0.0816090479 0.8598541617 0.5039749146 -0.8859908581 0.1690007299 -0.4318088889 -0.4564648271 -0.4817567170 0.7480309606
