179.0 511.8 2379.6 3 0.9181407690 -0.1819822341 0.3519942760 0.1893857270 0.9818084836 0.0136051634 -0.3480668664 0.0541712381 0.9359032512
216.7 308.3 2368.3 0.9181407690 -0.1819822341 0.3519942760 0.1893857270 0.9818084836 0.0136051634 -0.3480668664 0.0541712381 0.9359032512
218.9 109.9 2379.6 0.9375203848 -0.0110137612 0.3477559090 -0.0094486289 0.9983242750 0.0570905805 -0.3478019536 -0.0568093993 0.9358453155
84.8 309.6 2417.3 0.4735602140 -0.8315489292 0.2902880013 0.7626794577 0.2223110944 -0.6073695421 0.4405232668 0.5090227723 0.7394829988
-12.2 153.3 2327.0 -0.2436562777 -0.8315489292 -0.4991573095 -0.9695292115 0.2223110944 0.1029120982 0.0253917631 0.5090227723 -0.8603784442
348.6 307.0 2319.4 0.0951429233 0.3800005913 0.9200800657 -0.9817636013 0.1886335462 0.0236142520 -0.1645845324 -0.9055478573 0.3910178840
375.3 31.5 2273.2 -0.1590422392 0.3775424063 0.9122320414 -0.9555149078 0.1736050695 -0.2384376973 -0.2483884543 -0.9095729589 0.3331368566
130.7 -83.5 2422.6 0.7711443901 0.0320578776 0.6358526945 -0.0025062531 0.9988765717 -0.0473209918 -0.6366553903 0.0348977111 0.7703584433
118.0 -480.6 2408.7 0.7670714259 -0.1454568803 0.6248549223 0.0273581147 0.9804894924 0.1946584880 -0.6409780979 -0.1322221160 0.7560849190
302.5 -88.2 2358.2 0.9135817289 0.0182507783 0.4062454402 0.0392915159 0.9903566837 -0.1328526735 -0.4047525525 0.1373337656 0.9040546417
295.2 -482.0 2303.6 0.9197031260 -0.0268967375 0.3916921318 -0.0490017608 0.9819861650 0.1824884713 -0.3895446062 -0.1870288104 0.9018177390
55.6 423.2 2320.0 0 0 0 0 0 0 0 0 0
334.2 -215.6 2209.0 0 0 0 0 0 0 0 0 0
161.6 -774.4 2448.3 0 0 0 0 0 0 0 0 0
303.5 -782.6 2360.8 0 0 0 0 0 0 0 0 0
181.2 509.4 2381.7 4 0.9168263078 -0.1743910462 0.3591896892 0.1875905842 0.9822453856 -0.0019298438 -0.3524758816 0.0691499338 0.9332625866
217.1 306.8 2367.4 0.9168263078 -0.1743910462 0.3591896892 0.1875905842 0.9822453856 -0.0019298438 -0.3524758816 0.0691499338 0.9332625866
218.1 108.4 2380.2 0.9354543686 -0.0047523733 0.3534154892 -0.0183143467 0.9979146123 0.0618951321 -0.3529726267 -0.0643726438 0.9334165454
85.5 309.4 2417.1 0.4769880474 -0.8288150430 0.2924860120 0.7597585917 0.2215172648 -0.6113076210 0.4418702126 0.5138052106 0.7353603840
-12.6 153.1 2326.2 -0.2455259860 -0.8288150430 -0.5027749538 -0.9691454768 0.2215172648 0.1081071272 0.0217725243 0.5138052106 -0.8576305509
348.8 304.2 2317.7 0.1069217920 0.3755641282 0.9206081033 -0.9820356965 0.1846809834 0.0387151241 -0.1554788053 -0.9082095027 0.3885637820
378.4 32.1 2274.7 -0.1698894203 0.3736442626 0.9118813276 -0.9528537393 0.1737872660 -0.2487323433 -0.2514107823 -0.9111465216 0.3265036941
135.1 -87.7 2422.8 0.7678253651 0.0402605012 0.6393929124 -0.0041407472 0.9983144999 -0.0578881465 -0.6406458020 0.0418004207 0.7666978836
119.1 -484.6 2406.2 0.7647736073 -0.1407334954 0.6287411451 0.0185470041 0.9802572131 0.1968548745 -0.6440321207 -0.1388881505 0.7522850037
307.1 -89.4 2359.0 0.9115802646 0.0291424971 0.4100880325 0.0324872471 0.9892591834 -0.1425162703 -0.4098366201 0.1432376504 0.9008423686
295.5 -482.7 2302.1 0.9172594547 -0.0262255650 0.3974259198 -0.0523315445 0.9812437296 0.1855321229 -0.3948373795 -0.1909790039 0.8986826539
55.7 422.7 2320.1 0 0 0 0 0 0 0 0 0
334.3 -215.0 2209.5 0 0 0 0 0 0 0 0 0
160.4 -772.2 2447.0 0 0 0 0 0 0 0 0 0
303.5 -782.4 2360.4 0 0 0 0 0 0 0 0 0
178.0 506.8 2374.7 5 0.9159153104 -0.1900213361 0.3535407484 0.1871614903 0.9814046621 0.0426082462 -0.3550630212 0.0271436721 0.9344482422
216.1 310.2 2369.3 0.9159153104 -0.1900213361 0.3535407484 0.1871614903 0.9814046621 0.0426082462 -0.3550630212 0.0271436721 0.9344482422
216.4 111.7 2380.9 0.9358755946 -0.0015904855 0.3523270190 -0.0190649647 0.9982961416 0.0551482253 -0.3518144190 -0.0583289824 0.9342507124
84.4 312.9 2418.8 0.4516232312 -0.8477599025 0.2781000435 0.7732346654 0.2163908035 -0.5960563421 0.4451343715 0.4842295051 0.7532444596
-9.7 151.9 2326.1 -0.2354196012 -0.8477599025 -0.4752691984 -0.9716437459 0.2163908035 0.0953071192 0.0220463295 0.4842295051 -0.8746632338
347.8 307.5 2319.8 0.1093579531 0.3776717782 0.9194589853 -0.9816731215 0.1862746179 0.0402444229 -0.1560726911 -0.9070092440 0.3911208510
378.5 31.4 2275.9 -0.1674163938 0.3767275810 0.9110697508 -0.9513052106 0.1808777303 -0.2496029735 -0.2588245571 -0.9084930420 0.3281010091
133.2 -88.2 2425.4 0.7686454058 0.0318986662 0.6388792396 -0.0036766892 0.9989596605 -0.0454536788 -0.6396645308 0.0325888023 0.7679630518
120.5 -485.4 2412.4 0.7647233605 -0.1357994974 0.6298862696 0.0275288858 0.9835326672 0.1786215603 -0.6437703967 -0.1192560121 0.7558687925
304.8 -91.6 2360.6 0.9122248292 0.0263540838 0.4088414907 0.0317784958 0.9903705716 -0.1347452402 -0.4084556699 0.1359103173 0.9026030898
294.4 -485.4 2306.6 0.9172377586 -0.0307917111 0.3971482515 -0.0432807133 0.9834015965 0.1762045324 -0.3959818780 -0.1788103133 0.9006804228
55.9 422.6 2320.0 0 0 0 0 0 0 0 0 0
335.1 -215.6 2208.7 0 0 0 0 0 0 0 0 0
160.0 -771.7 2447.2 0 0 0 0 0 0 0 0 0
303.6 -780.7 2360.3 0 0 0 0 0 0 0 0 0
177.6 507.6 2379.3 6 0.9101079702 -0.1978461295 0.3640885055 0.1982804090 0.9794616699 0.0366013683 -0.3638521731 0.0388804227 0.9306448698
216.9 312.9 2371.5 0.9101079702 -0.1978461295 0.3640885055 0.1982804090 0.9794616699 0.0366013683 -0.3638521731 0.0388804227 0.9306448698
216.3 114.4 2381.6 0.9317320585 0.0029254493 0.3631346524 -0.0211735889 0.9987040162 0.0462816022 -0.3625286520 -0.0508109182 0.9305865169
85.8 315.9 2422.5 0.4532635808 -0.8513475060 0.2641203105 0.7666674256 0.2211858034 -0.6027420163 0.4547232687 0.4756934345 0.7529558539
-10.8 152.6 2325.7 -0.2401170433 -0.8513475060 -0.4664238393 -0.9705052972 0.2211858034 0.0958974808 0.0215242542 0.4756934345 -0.8793477416
348.0 310.0 2320.5 0.1102061197 0.3698213100 0.9225436449 -0.9829881787 0.1777731478 0.0461625941 -0.1469315886 -0.9119368792 0.3831216693
378.7 36.6 2279.6 -0.1606698036 0.3713298738 0.9144940376 -0.9518995285 0.1866238564 -0.2430202067 -0.2609070837 -0.9095524549 0.3234839141
130.9 -85.0 2424.8 0.7613180280 0.0266931355 0.6478289366 -0.0035763625 0.9993098974 -0.0369726680 -0.6483687758 0.0258310847 0.7608880401
120.2 -482.3 2414.5 0.7564920187 -0.1381273568 0.6392500997 0.0349815786 0.9845890403 0.1713498235 -0.6530666947 -0.1072627902 0.7496656179
302.6 -88.5 2360.2 0.9079732895 0.0148024596 0.4187664688 0.0412422977 0.9913665652 -0.1244645268 -0.4169934392 0.1302813590 0.8995239139
296.7 -482.6 2308.4 0.9139100909 -0.0250774380 0.4051413536 -0.0473060720 0.9847086072 0.1676636189 -0.4031507373 -0.1723951101 0.8987488151
56.0 422.6 2319.7 0 0 0 0 0 0 0 0 0
336.9 -210.7 2211.9 0 0 0 0 0 0 0 0 0
160.8 -771.5 2446.0 0 0 0 0 0 0 0 0 0
304.3 -781.2 2360.7 0 0 0 0 0 0 0 0 0
175.9 510.3 2380.5 7 0.9070886374 -0.2009739280 0.3698644340 0.2043861002 0.9784184694 0.0303902924 -0.3679898381 0.0480284579 0.9285885692
217.4 308.4 2370.6 0.9070886374 -0.2009739280 0.3698644340 0.2043861002 0.9784184694 0.0303902924 -0.3679898381 0.0480284579 0.9285885692
216.1 109.8 2379.2 0.9293600917 0.0061393525 0.3691234291 -0.0216571391 0.9990463853 0.0379108451 -0.3685387075 -0.0432269871 0.9286068082
86.6 311.4 2422.5 0.4507429600 -0.8561218381 0.2527571321 0.7647172809 0.2242744714 -0.6040765047 0.4604761302 0.4655709863 0.7557812929
-7.6 151.6 2326.2 -0.2431778312 -0.8561218381 -0.4559823871 -0.9697757363 0.2242744714 0.0961039066 0.0199885517 0.4655709863 -0.8847847581
348.1 305.4 2318.7 0.1172012165 0.3658391833 0.9232689738 -0.9832216501 0.1735986024 0.0560244061 -0.1397822797 -0.9143441319 0.3800469637
380.0 38.2 2280.8 -0.1593535393 0.3685406744 0.9158516526 -0.9516466856 0.1894533783 -0.2418181449 -0.2626309991 -0.9101017714 0.3205304444
130.2 -82.2 2425.0 0.7575260401 0.0219427794 0.6524360776 0.0103774937 0.9989038706 -0.0456442386 -0.6527224779 0.0413473509 0.7564679384
121.5 -479.3 2408.6 0.7570945621 -0.1296118349 0.6403191090 0.0136823086 0.9830530882 0.1828096509 -0.6531620026 -0.1296431571 0.7460376024
301.2 -86.1 2358.5 0.9055237770 0.0106740929 0.4241612256 0.0440841764 0.9919061065 -0.1190749258 -0.4219991267 0.1265239716 0.8977240324
297.0 -480.4 2308.2 0.9119604826 -0.0205874890 0.4097612202 -0.0529138818 0.9844972491 0.1672283560 -0.4068515897 -0.1741877049 0.8967332244
60.2 422.2 2320.7 0 0 0 0 0 0 0 0 0
338.6 -209.1 2212.5 0 0 0 0 0 0 0 0 0
160.5 -775.4 2447.6 0 0 0 0 0 0 0 0 0
303.3 -782.3 2361.6 0 0 0 0 0 0 0 0 0
177.4 505.6 2374.1 8 0.9081650972 -0.1999907196 0.3677497506 0.1928609014 0.9796006680 0.0564555191 -0.3715384901 0.0196536183 0.9282094836
218.0 306.6 2370.2 0.9081650972 -0.1999907196 0.3677497506 0.1928609014 0.9796006680 0.0564555191 -0.3715384901 0.0196536183 0.9282094836
217.3 108.0 2379.2 0.9293166995 0.0034793003 0.3692673445 -0.0201013703 0.9989497066 0.0411758423 -0.3687362373 -0.0456881747 0.9284105897
87.2 309.4 2422.1 0.4580543339 -0.8492779732 0.2625131607 0.7623611093 0.2234419286 -0.6073543429 0.4571562111 0.4783310890 0.7498050332
-7.5 151.9 2327.6 -0.2500470579 -0.8492779732 -0.4649767578 -0.9681980014 0.2234419286 0.1125448719 0.0083134193 0.4783310890 -0.8781402111
348.8 303.8 2318.3 0.1161251143 0.3655493855 0.9235196710 -0.9839959741 0.1688653976 0.0568888858 -0.1351548135 -0.9153459072 0.3793086410
380.8 32.7 2281.0 -0.1589003801 0.3691416383 0.9156883359 -0.9515952468 0.1898869872 -0.2416805178 -0.2630916238 -0.9097677469 0.3211002946
129.6 -86.8 2421.6 0.7573767304 0.0163074676 0.6527745128 0.0137874214 0.9990658760 -0.0409551933 -0.6528325677 0.0400185883 0.7564443946
123.1 -484.0 2405.7 0.7586882710 -0.1259465814 0.6391631365 0.0038638236 0.9819861650 0.1889132112 -0.6514423490 -0.1408566236 0.7455080748
300.2 -90.8 2354.0 0.9052782059 0.0044432441 0.4247960448 0.0432494693 0.9937858582 -0.1025631875 -0.4226119816 0.1112204194 0.8994604349
298.4 -485.9 2309.8 0.9113337994 -0.0189272370 0.4112328589 -0.0518896170 0.9856937528 0.1603597999 -0.4083848596 -0.1674800217 0.8973138928
62.6 423.1 2325.3 0 0 0 0 0 0 0 0 0
339.5 -214.6 2212.6 0 0 0 0 0 0 0 0 0
160.4 -774.9 2447.4 0 0 0 0 0 0 0 0 0
304.1 -784.9 2360.6 0 0 0 0 0 0 0 0 0
178.8 504.9 2378.5 9 0.9113033414 -0.1932287663 0.3635778725 0.1942671239 0.9803559184 0.0340963788 -0.3630241156 0.0395590849 0.9309396148
218.3 304.6 2370.4 0.9113033414 -0.1932287663 0.3635778725 0.1942671239 0.9803559184 0.0340963788 -0.3630241156 0.0395590849 0.9309396148
216.5 106.0 2378.6 0.9315472841 0.0093155624 0.3635008335 -0.0236194842 0.9991107583 0.0349253304 -0.3628522754 -0.0411202982 0.9309389591
87.2 307.9 2421.5 0.4494919479 -0.8476805091 0.2817707658 0.7659186125 0.2033994794 -0.6099158525 0.4597017467 0.4899657369 0.7406806946
-5.6 149.8 2326.6 -0.2312352210 -0.8476805091 -0.4774599969 -0.9728903770 0.2033994794 0.1100589558 0.0038202875 0.4899657369 -0.8717333078
349.4 301.3 2319.3 0.1215044633 0.3730523884 0.9198198915 -0.9842458367 0.1651937515 0.0630170554 -0.1284398437 -0.9129857421 0.3872470260
382.9 30.1 2283.9 -0.1646070629 0.3784163892 0.9108817577 -0.9477707744 0.1950972825 -0.2523244917 -0.2731942832 -0.9048414826 0.3265376091
131.3 -88.7 2422.2 0.7614924312 0.0249574259 0.6476930976 0.0065227961 0.9989127517 -0.0461597480 -0.6481409669 0.0393750705 0.7605017424
121.4 -485.9 2406.5 0.7611349225 -0.1330015510 0.6348103881 0.0091800531 0.9808601737 0.1944969296 -0.6485285759 -0.1422108114 0.7477878928
301.9 -92.4 2354.5 0.9082199931 0.0009064270 0.4184920490 0.0424162075 0.9946486354 -0.0942068696 -0.4163379371 0.1033114120 0.9033213258
301.5 -487.9 2313.4 0.9138833880 -0.0073925224 0.4059094191 -0.0599066466 0.9864332676 0.1528417915 -0.4015324414 -0.1639962494 0.9010421634
59.6 424.0 2325.5 0 0 0 0 0 0 0 0 0
340.1 -216.3 2212.9 0 0 0 0 0 0 0 0 0
160.9 -777.2 2448.7 0 0 0 0 0 0 0 0 0
303.7 -784.9 2362.8 0 0 0 0 0 0 0 0 0
179.6 507.2 2380.1 0 0.9104416966 -0.1902619153 0.3672823012 0.1951213330 0.9804795980 0.0242356416 -0.3647239208 0.0495994724 0.9297937155
219.2 303.1 2369.8 0.9104416966 -0.1902619153 0.3672823012 0.1951213330 0.9804795980 0.0242356416 -0.3647239208 0.0495994724 0.9297937155
217.6 104.5 2378.7 0.9306071401 0.0079541765 0.3659331501 -0.0238284618 0.9989595413 0.0388842486 -0.3652431369 -0.0449055843 0.9298284650
88.3 306.4 2421.2 0.4713840187 -0.8330600262 0.2894963026 0.7528163195 0.2090835422 -0.6241407394 0.4594177902 0.5121474862 0.7256998420
-9.4 150.4 2326.0 -0.2388071716 -0.8330600262 -0.4989810884 -0.9710342288 0.2090835422 0.1156572551 0.0079792989 0.5121474862 -0.8588604331
350.2 299.7 2318.4 0.1174326539 0.3708051145 0.9212563038 -0.9853541851 0.1590031385 0.0616045520 -0.1236393526 -0.9149981141 0.3840465248
382.6 28.0 2284.3 -0.1603306234 0.3759809434 0.9126513004 -0.9510268569 0.1887141317 -0.2448160052 -0.2642763555 -0.9072074294 0.3273113370
129.1 -90.5 2420.0 0.7598351240 0.0180929098 0.6498640180 0.0088012023 0.9992347956 -0.0381103233 -0.6500562429 0.0346771479 0.7590944171
121.9 -487.8 2406.2 0.7601624727 -0.1309480220 0.6364005208 0.0063666468 0.9809342027 0.1942357272 -0.6497018337 -0.1435989738 0.7465030551
300.1 -94.8 2353.4 0.9070476890 -0.0095597021 0.4209193885 0.0434665903 0.9965263605 -0.0710344464 -0.4187782109 0.0827275589 0.9043124318
303.9 -490.9 2320.5 0.9120051265 0.0011070196 0.4101773500 -0.0610760860 0.9892150164 0.1331292987 -0.4056062102 -0.1464666277 0.9022367597
57.9 424.0 2323.8 0 0 0 0 0 0 0 0 0
340.9 -219.2 2215.6 0 0 0 0 0 0 0 0 0
160.8 -778.6 2448.8 0 0 0 0 0 0 0 0 0
303.5 -787.2 2364.4 0 0 0 0 0 0 0 0 0
179.5 508.3 2381.5 1 0.9119991064 -0.1916824877 0.3626506031 0.1983106583 0.9799501896 0.0192475840 -0.3590689600 0.0543637052 0.9317263961
219.7 302.9 2370.1 0.9119991064 -0.1916824877 0.3626506031 0.1983106583 0.9799501896 0.0192475840 -0.3590689600 0.0543637052 0.9317263961
218.1 104.3 2378.9 0.9325812459 0.0079372050 0.3608728647 -0.0233593602 0.9989896417 0.0383938961 -0.3602035046 -0.0442351885 0.9318243861
88.5 306.2 2420.8 0.4804445207 -0.8324308991 0.2761012316 0.7546198368 0.2319502980 -0.6137979627 0.4469026327 0.5032473207 0.7396081090
-11.5 149.2 2327.8 -0.2522704601 -0.8324308991 -0.4933745563 -0.9672363400 0.2319502980 0.1032127887 0.0285208654 0.5032473207 -0.8636716008
351.0 299.7 2319.4 0.1153557673 0.3757920563 0.9194962382 -0.9855226278 0.1590868980 0.0586213619 -0.1242503747 -0.9129467010 0.3887031674
383.1 25.2 2284.8 -0.1729747355 0.3802812696 0.9085515141 -0.9488297701 0.1831050515 -0.2572831511 -0.2642003298 -0.9065642357 0.3291496336
130.7 -91.9 2421.2 0.7632153630 0.0263271425 0.6456075907 0.0033565282 0.9989945292 -0.0447058342 -0.6461354494 0.0362871774 0.7623596191
120.2 -489.1 2406.7 0.7617977858 -0.1369819194 0.6331667304 0.0138153639 0.9806013107 0.1955253482 -0.6476675272 -0.1402033567 0.7489123940
301.5 -96.3 2354.1 0.9093325734 0.0006077971 0.4160695374 0.0362115204 0.9960888028 -0.0805964693 -0.4144912064 0.0883555114 0.9057540298
301.2 -492.3 2319.0 0.9136703014 -0.0082497383 0.4063724279 -0.0517928712 0.9892807603 0.1365321875 -0.4031427801 -0.1457925886 0.9034491777
59.5 421.5 2319.7 0 0 0 0 0 0 0 0 0
338.1 -221.4 2216.1 0 0 0 0 0 0 0 0 0
160.9 -780.4 2448.4 0 0 0 0 0 0 0 0 0
303.7 -790.3 2362.9 0 0 0 0 0 0 0 0 0
179.3 506.3 2383.1 2 0.9076451659 -0.1973334849 0.3704587817 0.2071509957 0.9782153368 0.0135373371 -0.3650598228 0.0644538030 0.9287502766
220.4 303.0 2369.7 0.9076451659 -0.1973334849 0.3704587817 0.2071509957 0.9782153368 0.0135373371 -0.3650598228 0.0644538030 0.9287502766
218.1 104.4 2378.2 0.9295924902 0.0113788815 0.3684132099 -0.0262139533 0.9990333319 0.0352875851 -0.3676555455 -0.0424606390 0.9289922118
89.5 306.7 2421.5 0.4850474298 -0.8319882751 0.2693036497 0.7556811571 0.2438006997 -0.6078710556 0.4400851727 0.4983539879 0.7469727993
-12.4 147.9 2328.9 -0.2574170530 -0.8319882751 -0.4914589822 -0.9653645754 0.2438006997 0.0929110944 0.0425171033 0.4983539879 -0.8659304976
351.2 299.3 2318.0 0.1172368154 0.3703088164 0.9214808345 -0.9866423011 0.1491062045 0.0656068549 -0.1131037101 -0.9168635011 0.3828430772
384.0 23.3 2286.3 -0.1895675957 0.3769297898 0.9066355824 -0.9448463321 0.1811371595 -0.2728640437 -0.2670759559 -0.9083574414 0.3218030035
131.0 -92.1 2420.7 0.7578687072 0.0302007310 0.6517077088 -0.0046734926 0.9991536736 -0.0408669040 -0.6523903608 0.0279259961 0.7573684454
119.0 -489.4 2409.6 0.7544691563 -0.1433875114 0.6404813528 0.0202442799 0.9804640412 0.1956538111 -0.6560232639 -0.1346486807 0.7426326275
302.1 -96.4 2354.6 0.9061503410 0.0006331316 0.4229553342 0.0373537950 0.9959716201 -0.0815186203 -0.4213030934 0.0896671116 0.9024763107
301.9 -492.4 2318.9 0.9106774330 -0.0078270156 0.4130440056 -0.0532847196 0.9892435074 0.1362276524 -0.4096673727 -0.1460683793 0.9004647136
60.0 419.6 2317.0 0 0 0 0 0 0 0 0 0
334.7 -222.2 2216.9 0 0 0 0 0 0 0 0 0
161.2 -778.2 2449.3 0 0 0 0 0 0 0 0 0
304.2 -788.7 2362.7 0 0 0 0 0 0 0 0 0
178.1 502.5 2375.4 3 0.9060236812 -0.2064760327 0.3694438636 0.2019766718 0.9780465961 0.0512866415 -0.3719227612 0.0281521343 0.9278366566
220.6 301.4 2369.7 0.9060236812 -0.2064760327 0.3694438636 0.2019766718 0.9780465961 0.0512866415 -0.3719227612 0.0281521343 0.9278366566
218.0 102.9 2380.1 0.9288889766 0.0129143577 0.3701330423 -0.0315143391 0.9985233545 0.0442490429 -0.3690150380 -0.0527669489 0.9279243350
89.8 305.8 2421.6 0.4790345728 -0.8344333172 0.2724829018 0.7577475309 0.2363961488 -0.6082232594 0.4431078434 0.4978332222 0.7455316782
-10.4 147.3 2328.9 -0.2485821396 -0.8344333172 -0.4918617308 -0.9676630497 0.2363961488 0.0880062804 0.0428388529 0.4978332222 -0.8662141562
351.3 296.9 2317.7 0.1184866801 0.3677316308 0.9223526120 -0.9865464568 0.1489669681 0.0673416480 -0.1126364246 -0.9179227948 0.3804349303
384.3 22.0 2286.3 -0.1876012385 0.3738090694 0.9083350301 -0.9463909864 0.1787835658 -0.2690362334 -0.2629635632 -0.9101116657 0.3202295303
130.5 -91.8 2420.3 0.7571285367 0.0256760754 0.6527611613 0.0025907313 0.9991014004 -0.0423041731 -0.6532607675 0.0337208249 0.7563816905
120.3 -489.0 2406.9 0.7553539872 -0.1392326951 0.6403550506 0.0155561212 0.9807027578 0.1948848665 -0.6551322937 -0.1372456253 0.7429437041
301.1 -96.6 2352.9 0.9054561257 -0.0014859709 0.4244372547 0.0376855172 0.9963258505 -0.0769067109 -0.4227635264 0.0856307894 0.9021853209
301.7 -492.7 2318.8 0.9099812508 -0.0103756348 0.4145196378 -0.0504756309 0.9894805551 0.1355746835 -0.4115657806 -0.1442935467 0.8998849988
59.6 419.7 2316.8 0 0 0 0 0 0 0 0 0
335.6 -224.0 2218.0 0 0 0 0 0 0 0 0 0
160.8 -773.7 2446.8 0 0 0 0 0 0 0 0 0
304.8 -787.1 2361.8 0 0 0 0 0 0 0 0 0
180.8 503.9 2379.6 4 0.9061442018 -0.1847417206 0.3804907501 0.1890017390 0.9816191196 0.0265004430 -0.3783927262 0.0479001887 0.9244049788
219.2 300.2 2369.7 0.9061442018 -0.1847417206 0.3804907501 0.1890017390 0.9816191196 0.0265004430 -0.3783927262 0.0479001887 0.9244049788
217.1 101.7 2380.9 0.9255155325 0.0104127647 0.3785665035 -0.0310111884 0.9983486533 0.0483554825 -0.3774378300 -0.0564935468 0.9243100882
88.9 304.5 2422.8 0.4675621986 -0.8397058845 0.2761875689 0.7547191381 0.2165539712 -0.6192765236 0.4602006376 0.4979943335 0.7349945903
-8.1 147.9 2327.3 -0.2337308079 -0.8397058845 -0.4901672304 -0.9718831182 0.2165539712 0.0924528912 0.0285144225 0.4979943335 -0.8667113781
349.4 295.8 2316.6 0.1244632900 0.3588671684 0.9250531197 -0.9862177372 0.1471712887 0.0755988583 -0.1090113074 -0.9217130542 0.3722385764
384.3 19.9 2286.1 -0.1750566661 0.3652728200 0.9142925739 -0.9501115680 0.1808153093 -0.2541531026 -0.2581533194 -0.9131711721 0.3153970242
130.2 -92.8 2424.5 0.7513413429 0.0232231151 0.6595050097 0.0128649510 0.9986752272 -0.0498226993 -0.6597883105 0.0459183529 0.7500472665
121.0 -489.8 2406.2 0.7514533401 -0.1384156793 0.6451038718 0.0120736919 0.9804678559 0.1963084042 -0.6596757770 -0.1397278160 0.7384470105
300.7 -98.5 2356.8 0.9014410973 -0.0012119628 0.4329001307 0.0421857573 0.9954825640 -0.0850576982 -0.4308414459 0.0949367210 0.8974199891
301.2 -494.3 2319.0 0.9064070582 -0.0097019607 0.4222939014 -0.0515006669 0.9897395372 0.1332791746 -0.4192540348 -0.1425535977 0.8966072202
57.6 421.4 2319.2 0 0 0 0 0 0 0 0 0
338.8 -227.1 2219.0 0 0 0 0 0 0 0 0 0
161.0 -773.4 2446.7 0 0 0 0 0 0 0 0 0
304.0 -784.6 2360.8 0 0 0 0 0 0 0 0 0
181.8 504.7 2380.7 5 0.9084623456 -0.1712490916 0.3812741339 0.1799707413 0.9835865498 0.0129609611 -0.3772356510 0.0568436384 0.9243711829
217.1 301.5 2369.0 0.9084623456 -0.1712490916 0.3812741339 0.1799707413 0.9835865498 0.0129609611 -0.3772356510 0.0568436384 0.9243711829
217.0 103.1 2381.8 0.9261111617 0.0005381775 0.3772502840 -0.0248851329 0.9979081154 0.0596668795 -0.3764290214 -0.0646460876 0.9241872430
86.8 305.0 2421.9 0.4593122900 -0.8430957198 0.2796817124 0.7629935145 0.2132439166 -0.6102195978 0.4548330903 0.4936766922 0.7412220836
-7.3 148.8 2328.8 -0.2281423062 -0.8430957198 -0.4869709611 -0.9731426835 0.2132439166 0.0867197365 0.0307305604 0.4936766922 -0.8691024184
347.5 298.0 2316.0 0.1317229122 0.3588339090 0.9240602255 -0.9865463972 0.1385070682 0.0868447050 -0.0968260467 -0.9230677485 0.3722508550
384.7 19.1 2288.6 -0.1703325957 0.3685114384 0.9138851762 -0.9486018419 0.1897155195 -0.2533033192 -0.2667233646 -0.9100589752 0.3172558844
130.1 -93.9 2426.8 0.7517117262 0.0243610051 0.6590417624 0.0124359289 0.9986162186 -0.0510977171 -0.6593745947 0.0466065481 0.7503685951
120.4 -491.0 2408.2 0.7511551976 -0.1411049515 0.6448683739 0.0163448080 0.9805634618 0.1955203116 -0.6599232554 -0.1363258511 0.7388616800
300.0 -99.6 2357.5 0.9014115930 0.0004073631 0.4329630435 0.0376419276 0.9961393476 -0.0793062150 -0.4313238263 0.0877851099 0.8979161978
299.8 -495.7 2322.6 0.9056484103 -0.0158231333 0.4237340987 -0.0425280444 0.9908752441 0.1278967261 -0.4218913615 -0.1338500530 0.8967116475
56.9 422.4 2320.2 0 0 0 0 0 0 0 0 0
340.4 -227.5 2219.3 0 0 0 0 0 0 0 0 0
161.4 -775.7 2447.8 0 0 0 0 0 0 0 0 0
304.4 -786.0 2361.8 0 0 0 0 0 0 0 0 0
183.7 505.3 2382.2 6 0.9066869617 -0.1638998538 0.3886587322 0.1763475835 0.9843209982 0.0036999441 -0.3831713498 0.0651843324 0.9213743806
217.9 299.9 2368.6 0.9066869617 -0.1638998538 0.3886587322 0.1763475835 0.9843209982 0.0036999441 -0.3831713498 0.0651843324 0.9213743806
217.8 101.5 2381.9 0.9233742952 0.0001804334 0.3839008212 -0.0256820433 0.9977887869 0.0613025650 -0.3830408752 -0.0664645731 0.9213371277
87.9 303.5 2422.5 0.4690988660 -0.8409343958 0.2697696090 0.7554940581 0.2239224017 -0.6157007813 0.4573565125 0.4926338792 0.7403626442
-9.6 146.5 2327.5 -0.2440607995 -0.8409343958 -0.4829738140 -0.9694617987 0.2239224017 0.1000128165 0.0240444448 0.4926338792 -0.8699044585
347.8 296.3 2314.7 0.1318271160 0.3527187109 0.9263968468 -0.9870536923 0.1328401566 0.0898807347 -0.0913600922 -0.9262521267 0.3656642437
384.5 21.3 2289.3 -0.1655410975 0.3632247746 0.9168772697 -0.9503104091 0.1897858232 -0.2467618734 -0.2636403441 -0.9121672511 0.3137589395
132.0 -93.0 2429.2 0.7470148802 0.0300054587 0.6641297936 0.0136457346 0.9980784059 -0.0604420528 -0.6646672487 0.0542136542 0.7451699972
120.0 -489.8 2407.6 0.7469162941 -0.1409872323 0.6497989297 0.0143327955 0.9804484248 0.1962534934 -0.6647635698 -0.1372714937 0.7343336344
301.9 -97.5 2360.1 0.8982945085 0.0023843693 0.4393874705 0.0410401300 0.9951585531 -0.0893037543 -0.4374731183 0.0982535854 0.8938475847
300.9 -493.2 2321.1 0.9030197859 -0.0106512755 0.4294669628 -0.0493982956 0.9904871583 0.1284326762 -0.4267494977 -0.1371921748 0.8939033151
59.0 418.9 2320.8 0 0 0 0 0 0 0 0 0
341.5 -225.7 2220.7 0 0 0 0 0 0 0 0 0
161.2 -776.4 2447.8 0 0 0 0 0 0 0 0 0
304.1 -787.0 2361.7 0 0 0 0 0 0 0 0 0
183.2 507.5 2383.5 7 0.9051576853 -0.1688829809 0.3900872469 0.1840444058 0.9829167724 -0.0015158121 -0.3831672966 0.0731654242 0.9207766652
219.1 298.4 2367.9 0.9051576853 -0.1688829809 0.3900872469 0.1840444058 0.9829167724 -0.0015158121 -0.3831672966 0.0731654242 0.9207766652
218.9 100.1 2381.8 0.9230923653 0.0013069003 0.3845761120 -0.0279165637 0.9975838065 0.0636176392 -0.3835637569 -0.0694609955 0.9208984971
89.2 302.3 2421.9 0.4745341539 -0.8348242044 0.2790803611 0.7523615360 0.2200964242 -0.6208943129 0.4569129944 0.5046048760 0.7325328588
-9.8 145.3 2326.6 -0.2479326874 -0.8348242044 -0.4915260971 -0.9686986804 0.2200964242 0.1148062125 0.0123401247 0.5046048760 -0.8632621765
349.0 294.4 2314.0 0.1269332767 0.3518645465 0.9274045825 -0.9875175953 0.1327319443 0.0848013684 -0.0932576209 -0.9265924692 0.3643205166
384.4 19.5 2288.0 -0.1647272408 0.3623511195 0.9173693657 -0.9505777359 0.1898513436 -0.2456795424 -0.2631860673 -0.9125010371 0.3131692111
133.1 -94.5 2430.2 0.7466082573 0.0356107056 0.6643101573 0.0111779450 0.9977538586 -0.0660478547 -0.6651700139 0.0567374974 0.7445331812
118.9 -491.2 2407.7 0.7453830242 -0.1467679888 0.6502794027 0.0195398554 0.9798542857 0.1987554282 -0.6663500667 -0.1354425550 0.7332345843
302.5 -99.2 2359.9 0.8980720639 -0.0002799240 0.4398483038 0.0487590618 0.9938998222 -0.0989225879 -0.4371374846 0.1102861986 0.8926072717
302.6 -494.3 2316.1 0.9042625427 -0.0040021953 0.4269581437 -0.0627696067 0.9878455997 0.1422007084 -0.4223378599 -0.1553867757 0.8930205703
59.8 417.4 2323.1 0 0 0 0 0 0 0 0 0
341.6 -227.6 2219.6 0 0 0 0 0 0 0 0 0
161.5 -775.7 2447.0 0 0 0 0 0 0 0 0 0
303.8 -787.1 2362.1 0 0 0 0 0 0 0 0 0
184.9 507.3 2384.6 8 0.9075089097 -0.1616250575 0.3876917362 0.1802046150 0.9835585356 -0.0117866630 -0.3794125021 0.0805603415 0.9217137098
219.4 297.4 2367.5 0.9075089097 -0.1616250575 0.3876917362 0.1802046150 0.9835585356 -0.0117866630 -0.3794125021 0.0805603415 0.9217137098
218.0 99.1 2381.6 0.9241912365 0.0071868259 0.3818623424 -0.0337820761 0.9974423647 0.0629877597 -0.3804330230 -0.0711128414 0.9220703244
89.3 302.2 2421.0 0.4768679440 -0.8310574293 0.2862524390 0.7555637360 0.2211606055 -0.6166129112 0.4491329789 0.5103248954 0.7333812714
-9.4 145.8 2328.1 -0.2483780980 -0.8310574293 -0.4976462722 -0.9685429931 0.2211606055 0.1140723750 0.0152590545 0.5103248954 -0.8598462939
349.5 292.7 2313.9 0.1268282831 0.3558256328 0.9259064198 -0.9880133867 0.1281293780 0.0860954374 -0.0880008414 -0.9257272482 0.3678109050
384.8 17.2 2289.4 -0.1633084714 0.3677754700 0.9154624939 -0.9495835304 0.1931152791 -0.2469769120 -0.2676218450 -0.9096415043 0.3176961839
133.9 -95.7 2430.8 0.7491629124 0.0257832557 0.6618837714 0.0145887360 0.9983574748 -0.0554028489 -0.6622250676 0.0511618070 0.7475562692
123.7 -492.6 2410.4 0.7488564849 -0.1339292079 0.6490584612 0.0168522578 0.9828991890 0.1833717376 -0.6625179052 -0.1263810098 0.7383074760
303.3 -100.8 2360.4 0.8998076916 0.0041696494 0.4362668395 0.0480873883 0.9929140210 -0.1086708903 -0.4336285591 0.1187618300 0.8932311535
301.7 -495.6 2313.1 0.9063366055 -0.0085350145 0.4224703014 -0.0616137870 0.9864411354 0.1521103829 -0.4180403352 -0.1638932079 0.8935218453
60.4 417.9 2323.8 0 0 0 0 0 0 0 0 0
342.4 -229.7 2219.8 0 0 0 0 0 0 0 0 0
161.8 -772.7 2446.4 0 0 0 0 0 0 0 0 0
304.2 -787.9 2361.7 0 0 0 0 0 0 0 0 0
184.7 507.6 2384.2 9 0.9107928276 -0.1640171707 0.3788862824 0.1790709645 0.9838255644 -0.0045719990 -0.3720081151 0.0720116720 0.9254319668
219.8 297.4 2368.8 0.9107928276 -0.1640171707 0.3788862824 0.1790709645 0.9838255644 -0.0045719990 -0.3720081151 0.0720116720 0.9254319668
218.8 99.1 2381.8 0.9274904132 0.0048767892 0.3738151789 -0.0288550444 0.9978658557 0.0585754514 -0.3727317750 -0.0651146248 0.9256517291
89.2 301.5 2421.3 0.4724314213 -0.8354060054 0.2809008658 0.7496896386 0.2133108079 -0.6264694333 0.4634371698 0.5065523386 0.7270699739
-7.1 148.6 2326.7 -0.2500601709 -0.8354060054 -0.4894554913 -0.9682189822 0.2133108079 0.1305774897 -0.0046790866 0.5065523386 -0.8621965051
350.3 293.4 2316.4 0.1277157664 0.3628717065 0.9230453968 -0.9869982004 0.1380712390 0.0822853297 -0.0975870043 -0.9215533137 0.3757875860
386.3 15.2 2288.9 -0.1667494923 0.3731743693 0.9126529694 -0.9481216669 0.1934030801 -0.2523104548 -0.2706657052 -0.9073787332 0.3215648234
131.7 -96.0 2430.6 0.7548528314 0.0057926686 0.6558686495 0.0296620931 0.9986364245 -0.0429587290 -0.6552231908 0.0518819541 0.7536516786
129.4 -493.0 2410.0 0.7587004304 -0.1130256057 0.6415597200 -0.0007133327 0.9846889377 0.1743193418 -0.6514393091 -0.1327137947 0.7470032573
301.3 -102.2 2360.8 0.9033216834 0.0002861425 0.4289636314 0.0548531786 0.9917131662 -0.1161726341 -0.4254421592 0.1284712851 0.8958203793
301.2 -496.5 2309.7 0.9112172723 -0.0105455965 0.4117909968 -0.0640498996 0.9838866591 0.1669270247 -0.4069160223 -0.1784819663 0.8958591223
63.4 421.8 2328.1 0 0 0 0 0 0 0 0 0
342.9 -231.3 2218.5 0 0 0 0 0 0 0 0 0
161.9 -775.6 2448.1 0 0 0 0 0 0 0 0 0
304.3 -786.0 2362.3 0 0 0 0 0 0 0 0 0
182.8 508.2 2384.5 0 0.9071091413 -0.1771099269 0.3818181455 0.1913209856 0.9815272093 0.0007574321 -0.3748990595 0.0723627508 0.9242371321
220.7 298.1 2369.0 0.9071091413 -0.1771099269 0.3818181455 0.1913209856 0.9815272093 0.0007574321 -0.3748990595 0.0723627508 0.9242371321
219.0 99.7 2381.3 0.9260672927 0.0084799137 0.3772630990 -0.0312311295 0.9980399609 0.0542296171 -0.3760637939 -0.0620026290 0.9245170355
90.3 302.5 2421.9 0.4696432948 -0.8370407224 0.2807098627 0.7502834201 0.2108298987 -0.6265984178 0.4653063416 0.5048896670 0.7270326018
-6.1 148.4 2326.4 -0.2480193377 -0.8370407224 -0.4876978993 -0.9687321782 0.2108298987 0.1308004558 -0.0066640037 0.5048896670 -0.8631581664
351.0 293.7 2316.1 0.1238428801 0.3599602878 0.9247115850 -0.9869474769 0.1413589269 0.0771514252 -0.1029447839 -0.9221964478 0.3727681935
385.7 17.0 2287.2 -0.1440622061 0.3697387874 0.9178994298 -0.9519484639 0.2015481144 -0.2305916548 -0.2702595592 -0.9070124626 0.3229368031
132.7 -96.7 2428.9 0.7524633408 0.0229804795 0.6582331061 0.0161568467 0.9984463453 -0.0533279330 -0.6584359407 0.0507622845 0.7509229779
123.6 -493.6 2408.7 0.7523934841 -0.1436623931 0.6428570151 0.0166336577 0.9797599316 0.1994838715 -0.6585038304 -0.1393973082 0.7395546436
302.9 -102.0 2360.5 0.9020092487 0.0060257064 0.4316746294 0.0476320311 0.9924089313 -0.1133828387 -0.4290809929 0.1228339151 0.8948750496
300.5 -496.5 2311.7 0.9087873697 -0.0149117233 0.4169929326 -0.0578126982 0.9852224588 0.1612277031 -0.4132350087 -0.1706292033 0.8944956660
64.2 423.1 2328.2 0 0 0 0 0 0 0 0 0
348.3 -230.4 2217.0 0 0 0 0 0 0 0 0 0
165.6 -780.1 2449.5 0 0 0 0 0 0 0 0 0
304.9 -784.2 2361.5 0 0 0 0 0 0 0 0 0
183.4 508.0 2385.1 1 0.9069309831 -0.1729807556 0.3841274381 0.1883752048 0.9820939302 -0.0024990703 -0.3768169284 0.0746265724 0.9232767224
220.4 298.1 2369.2 0.9069309831 -0.1729807556 0.3841274381 0.1883752048 0.9820939302 -0.0024990703 -0.3768169284 0.0746265724 0.9232767224
218.5 99.7 2381.9 0.9252172709 0.0092616566 0.3793246448 -0.0327785537 0.9979157448 0.0555854514 -0.3780192435 -0.0638623387 0.9235924482
90.2 302.7 2422.4 0.4674576819 -0.8395926952 0.2767082453 0.7506697178 0.2116851807 -0.6258469224 0.4668814242 0.5002734661 0.7292106748
-6.0 148.3 2326.3 -0.2478812486 -0.8395926952 -0.4833621979 -0.9687712789 0.2116851807 0.1291183084 -0.0060861721 0.5002734661 -0.8658460975
350.6 293.5 2316.0 0.1230784655 0.3584679961 0.9253931046 -0.9875572324 0.1362208128 0.0785787404 -0.0978898406 -0.9235500097 0.3707734942
385.2 16.1 2288.5 -0.1191694513 0.3709696233 0.9209669828 -0.9508308172 0.2244258374 -0.2134334445 -0.2858661115 -0.9011185169 0.3259846270
132.3 -95.8 2428.2 0.7510821223 0.0211566426 0.6598696709 0.0159988999 0.9986096621 -0.0502276681 -0.6600148678 0.0482822955 0.7496994138
123.9 -492.8 2409.0 0.7510408759 -0.1396808475 0.6453114748 0.0162891187 0.9809883237 0.1933817863 -0.6600547433 -0.1347260773 0.7390376329
302.3 -101.6 2359.2 0.9011348486 0.0055318032 0.4335036278 0.0488944463 0.9922423363 -0.1142997965 -0.4307729304 0.1241954491 0.8938736916
300.1 -496.1 2309.8 0.9083432555 -0.0187514666 0.4178048372 -0.0566396974 0.9842752218 0.1673147082 -0.4143723547 -0.1756435335 0.8929976821
64.5 423.7 2328.1 0 0 0 0 0 0 0 0 0
354.2 -230.9 2214.2 0 0 0 0 0 0 0 0 0
163.8 -772.8 2447.4 0 0 0 0 0 0 0 0 0
305.6 -785.8 2361.5 0 0 0 0 0 0 0 0 0
182.2 507.8 2385.0 2 0.9050664306 -0.1760365516 0.3871251047 0.1901159286 0.9817596674 0.0019581197 -0.3804085255 0.0718264207 0.9220251441
219.8 297.7 2369.6 0.9050664306 -0.1760365516 0.3871251047 0.1901159286 0.9817596674 0.0019581197 -0.3804085255 0.0718264207 0.9220251441
218.2 99.3 2382.0 0.9238405228 0.0083592432 0.3826863766 -0.0315509923 0.9980224371 0.0543666407 -0.3814751208 -0.0623002388 0.9222772717
89.8 302.2 2423.3 0.4665848017 -0.8404161334 0.2756797373 0.7485044599 0.2091328204 -0.6292889118 0.4712108672 0.4999641776 0.7266334295
-5.5 149.2 2327.0 -0.2488968223 -0.8404161334 -0.4814053178 -0.9684388041 0.2091328204 0.1356087029 -0.0132900858 0.4999641776 -0.8659440875
349.9 293.3 2315.9 0.1260594577 0.3559539318 0.9259620905 -0.9878886342 0.1301693916 0.0844509751 -0.0904712677 -0.9253932834 0.3680519164
385.2 16.0 2290.5 -0.1066791043 0.3718380332 0.9221475124 -0.9458521605 0.2480028123 -0.2094236910 -0.3065668643 -0.8945563436 0.3252470791
131.8 -95.7 2429.3 0.7486296296 0.0189713016 0.6627169847 0.0172674600 0.9986934662 -0.0480951108 -0.6627635956 0.0474488623 0.7473239303
124.3 -492.8 2410.4 0.7493956089 -0.1334429085 0.6485362053 0.0117186317 0.9820002913 0.1885154396 -0.6620187759 -0.1336726844 0.7374705076
301.6 -101.7 2359.9 0.8995379806 0.0006806188 0.4368419945 0.0596514232 0.9904404283 -0.1243763939 -0.4327506423 0.1379395425 0.8908981681
301.3 -495.5 2305.1 0.9090297818 -0.0122017236 0.4165524542 -0.0699007511 0.9809448719 0.1812762916 -0.4108268619 -0.1939028800 0.8908551931
65.4 425.3 2330.8 0 0 0 0 0 0 0 0 0
357.5 -229.8 2210.8 0 0 0 0 0 0 0 0 0
162.8 -776.1 2449.0 0 0 0 0 0 0 0 0 0
304.9 -784.6 2362.2 0 0 0 0 0 0 0 0 0
181.5 511.0 2376.9 3 0.9054792523 -0.1778692603 0.3853179216 0.1769469082 0.9834797978 0.0381738469 -0.3857423365 0.0336151905 0.9219939709
220.0 297.9 2369.6 0.9054792523 -0.1778692603 0.3853179216 0.1769469082 0.9834797978 0.0381738469 -0.3857423365 0.0336151905 0.9219939709
218.1 99.5 2382.0 0.9232975245 0.0096576279 0.3839641213 -0.0329457112 0.9979907274 0.0541208610 -0.3826699853 -0.0626196265 0.9217605591
90.0 302.5 2423.4 0.4673181176 -0.8373193741 0.2837429345 0.7496539950 0.2051645070 -0.6292268634 0.4686498642 0.5067581534 0.7235769033
-5.3 149.6 2327.8 -0.2501199841 -0.8373193741 -0.4861443043 -0.9679787159 0.2051645070 0.1446537673 -0.0213818494 0.5067581534 -0.8618230820
349.9 293.3 2315.7 0.1229383573 0.3539642990 0.9271436930 -0.9874380827 0.1370674223 0.0786038265 -0.0992582440 -0.9251604080 0.3663686812
384.4 16.3 2287.9 -0.0990166739 0.3674485981 0.9247579575 -0.9487423301 0.2454441637 -0.1991109401 -0.3001394570 -0.8970723152 0.3243109584
131.7 -96.2 2429.4 0.7479789257 0.0220528562 0.6633560061 0.0250330847 0.9977993965 -0.0613977239 -0.6632502079 0.0625300482 0.7457808852
123.0 -492.9 2404.5 0.7510439157 -0.1368438303 0.6459155083 0.0043049492 0.9792800546 0.2024649233 -0.6602382660 -0.1492794156 0.7360714078
301.3 -102.0 2359.4 0.8990542889 -0.0023189443 0.4378310144 0.0568320192 0.9921441674 -0.1114456058 -0.4341330528 0.1250784695 0.8921232224
302.2 -496.4 2309.6 0.9072771072 -0.0100846402 0.4204123020 -0.0654663369 0.9841372967 0.1648876071 -0.4154062867 -0.1771216094 0.8922250867
66.3 426.6 2333.9 0 0 0 0 0 0 0 0 0
358.7 -230.2 2209.9 0 0 0 0 0 0 0 0 0
162.6 -776.4 2447.7 0 0 0 0 0 0 0 0 0
305.1 -780.0 2360.7 0 0 0 0 0 0 0 0 0
181.9 510.0 2379.8 4 0.9037458301 -0.1794229448 0.3886526525 0.1869009584 0.9821982980 0.0188290179 -0.3851123154 0.0556229055 0.9211919308
220.8 296.8 2367.8 0.9037458301 -0.1794229448 0.3886526525 0.1869009584 0.9821982980 0.0188290179 -0.3851123154 0.0556229055 0.9211919308
217.6 98.6 2382.2 0.9226967692 0.0160286408 0.3851931393 -0.0426800475 0.9972407818 0.0607392117 -0.3831567466 -0.0724839345 0.9208349586
91.0 302.8 2421.7 0.4706223905 -0.8324581385 0.2924516797 0.7544709444 0.2078199089 -0.6225628853 0.4574802518 0.5136383176 0.7258701921
-6.4 146.8 2327.0 -0.2471143007 -0.8324581385 -0.4959313869 -0.9689493775 0.2078199089 0.1339699030 -0.0084599294 0.5136383176 -0.8579651117
350.7 290.8 2313.8 0.1147898436 0.3546062708 0.9279426932 -0.9898144007 0.1200108528 0.0765823573 -0.0842066109 -0.9272819161 0.3647704422
382.5 16.8 2290.5 -0.0932210311 0.3736831844 0.9228600860 -0.9409774542 0.2698449492 -0.2043163627 -0.3253787160 -0.8874371052 0.3264722228
131.4 -95.9 2429.6 0.7477603555 0.0217985325 0.6636108160 0.0245671254 0.9978681803 -0.0604607165 -0.6635140777 0.0615131333 0.7456307411
122.8 -492.6 2405.1 0.7506883144 -0.1341544688 0.6468923092 0.0043438389 0.9801469445 0.1982249916 -0.6606422663 -0.1459951848 0.7363675833
300.9 -101.9 2359.4 0.8989632726 -0.0069880718 0.4379682243 0.0607877001 0.9921879172 -0.1089403927 -0.4337854981 0.1245564967 0.8923652768
303.6 -496.4 2309.9 0.9073187113 -0.0044092364 0.4204203486 -0.0685123876 0.9850291014 0.1581888199 -0.4148237705 -0.1723316908 0.8934332728
64.3 424.0 2329.5 0 0 0 0 0 0 0 0 0
358.4 -226.5 2206.4 0 0 0 0 0 0 0 0 0
161.6 -776.3 2447.4 0 0 0 0 0 0 0 0 0
304.9 -782.5 2359.9 0 0 0 0 0 0 0 0 0
180.5 507.9 2373.8 5 0.9018833041 -0.1893974692 0.3882462382 0.1868466437 0.9813715219 0.0447020754 -0.3894802630 0.0322264470 0.9204708338
221.3 296.6 2366.9 0.9018833041 -0.1893974692 0.3882462382 0.1868466437 0.9813715219 0.0447020754 -0.3894802630 0.0322264470 0.9204708338
219.1 98.3 2381.7 0.9222293496 0.0114465198 0.3864738047 -0.0393677354 0.9971467853 0.0644085556 -0.3846338391 -0.0746140555 0.9200486541
91.5 302.1 2421.0 0.4748334885 -0.8273105025 0.3001507819 0.7564107180 0.2093104720 -0.6197031140 0.4498622119 0.5212930441 0.7251741290
-6.1 146.6 2328.5 -0.2483116984 -0.8273105025 -0.5038835406 -0.9686665535 0.2093104720 0.1336945593 -0.0051388089 0.5212930441 -0.8533622622
351.1 291.0 2312.7 0.1181138083 0.3527741134 0.9282238483 -0.9897555113 0.1173271537 0.0813530162 -0.0802066252 -0.9283236265 0.3630180955
383.6 18.9 2290.7 -0.1055474430 0.3722340167 0.9221180081 -0.9425610900 0.2580811381 -0.2120677531 -0.3169201016 -0.8915357590 0.3236134946
129.8 -95.7 2431.7 0.7465041876 0.0151024871 0.6652092934 0.0255156886 0.9983572960 -0.0513000116 -0.6648913026 0.0552689470 0.7448925376
123.8 -492.7 2409.8 0.7485728860 -0.1316026151 0.6498610377 0.0107093193 0.9823768735 0.1866039634 -0.6629660130 -0.1327271014 0.7367900610
299.1 -103.6 2361.4 0.8978786469 -0.0106225321 0.4401148260 0.0701696202 0.9903816581 -0.1192494333 -0.4346148968 0.1379542202 0.8899879456
303.3 -497.3 2306.6 0.9080958366 -0.0037975477 0.4187452495 -0.0736365542 0.9829296470 0.1686031520 -0.4122373760 -0.1839427799 0.8923146129
65.2 424.7 2330.0 0 0 0 0 0 0 0 0 0
356.2 -225.4 2208.5 0 0 0 0 0 0 0 0 0
161.8 -776.4 2448.1 0 0 0 0 0 0 0 0 0
304.5 -784.8 2360.4 0 0 0 0 0 0 0 0 0
180.6 512.3 2377.8 6 0.9117341042 -0.1820757091 0.3682245910 0.1861727536 0.9822064638 0.0247020163 -0.3661701977 0.0460317135 0.9294086695
220.4 297.5 2367.7 0.9117341042 -0.1820757091 0.3682245910 0.1861727536 0.9822064638 0.0247020163 -0.3661701977 0.0460317135 0.9294086695
219.6 99.1 2379.7 0.9307786226 0.0042315549 0.3655588627 -0.0258980282 0.9981840253 0.0543864816 -0.3646648824 -0.0600890294 0.9291979671
89.5 301.1 2419.0 0.4699249566 -0.8297070265 0.3012586534 0.7591304779 0.2057157010 -0.6175774932 0.4504347742 0.5189096928 0.7265267968
-5.8 147.3 2327.7 -0.2483612746 -0.8297070265 -0.4999029040 -0.9685784578 0.2057157010 0.1397743374 -0.0131338732 0.5189096928 -0.8547281623
351.4 293.8 2316.4 0.1198571697 0.3711516261 0.9208043814 -0.9874204993 0.1409087926 0.0717317387 -0.1031260863 -0.9178187251 0.3833716810
384.3 22.4 2288.1 -0.1269127876 0.3841024339 0.9145263433 -0.9471587539 0.2268934846 -0.2267369330 -0.2945902944 -0.8949774504 0.3350103199
132.2 -96.3 2431.8 0.7604581118 0.0212465059 0.6490393281 0.0238769352 0.9978739619 -0.0606415384 -0.6489478946 0.0616124198 0.7583340406
123.7 -493.0 2407.3 0.7622306347 -0.1357031465 0.6329210997 0.0115093030 0.9804646373 0.1963584423 -0.6472032070 -0.1423859298 0.7489020228
