-227.9 490.1 2367.6 0 0.4075764716 0.1076943800 -0.9067984223 -0.0949704647 0.9926354885 0.0752025321 0.9082191586 0.0554682836 0.4148026705
-249.2 293.9 2356.7 0.4075764716 0.1076943800 -0.9067984223 -0.0949704647 0.9926354885 0.0752025321 0.9082191586 0.0554682836 0.4148026705
-269.7 99.4 2347.1 0.4083262980 0.1049236804 -0.9067859054 -0.0879668072 0.9932717681 0.0753194019 0.9085876346 0.0490121618 0.4148088098
-307.4 306.5 2227.2 0.1383461356 0.2359024286 -0.9618785977 0.9430484772 0.2652899623 0.2007006705 0.3025225103 -0.9348642826 -0.1857655942
-345.3 47.6 2144.1 -0.2832357585 0.2488088459 -0.9262136221 0.9473186135 0.2231772244 -0.2297375500 0.1495490521 -0.9424893260 -0.2989130318
-191.0 281.4 2486.2 0.3934205770 -0.8155502081 -0.4243796766 0.5800031424 0.5783254504 -0.5737037659 0.7133138180 -0.0204346851 0.7005468011
-95.7 421.8 2658.9 0.5573122501 -0.8059749007 -0.1995182484 0.7670609355 0.5917620063 -0.2478612959 0.3178372979 -0.0149065079 0.9480280876
-324.4 -87.3 2254.3 0.2313344479 0.0570096858 -0.9712024927 -0.0352104008 0.9981181622 0.0502027385 0.9722369313 0.0225828048 0.2329064459
-346.7 -478.2 2245.4 0.2224574089 0.1650920212 -0.9608628154 -0.0903780162 0.9848067164 0.1482818127 0.9707443118 0.0538544878 0.2339982390
-251.4 -103.1 2418.9 -0.9994480610 0.0330862775 -0.0029736420 0.0329598933 0.9764803648 -0.2130721658 -0.0041460614 -0.2130525708 -0.9770319462
-264.4 -485.5 2502.4 -0.9994480610 0.0297516193 0.0147778699 0.0329598933 0.9436312318 0.3293534517 -0.0041460614 0.3296587467 -0.9440910816
-265.7 -218.7 2102.1 0 0 0 0 0 0 0 0 0
47.0 618.3 2740.3 0 0 0 0 0 0 0 0 0
-408.9 -849.1 2225.1 0 0 0 0 0 0 0 0 0
-273.6 -778.0 2400.2 0 0 0 0 0 0 0 0 0
-227.7 490.3 2367.0 1 0.4152073264 0.1075664759 -0.9033450484 -0.0913979784 0.9928932190 0.0762199461 0.9051238894 0.0509168282 0.4220879078
-249.0 293.8 2356.9 0.4152073264 0.1075664759 -0.9033450484 -0.0913979784 0.9928932190 0.0762199461 0.9051238894 0.0509168282 0.4220879078
-269.4 99.2 2348.4 0.4160769582 0.1042742655 -0.9033309817 -0.0832432508 0.9935999513 0.0763522014 0.9055112004 0.0434278175 0.4220941961
-308.3 305.6 2227.8 0.1433921754 0.2275177836 -0.9631585479 0.9443175793 0.2597698867 0.2019501626 0.2961468399 -0.9384856224 -0.1776000708
-347.4 48.4 2147.1 -0.2879613936 0.2382749021 -0.9275253415 0.9453951120 0.2251357883 -0.2356734425 0.1526640803 -0.9447427988 -0.2900943458
-189.7 281.9 2485.9 0.3896163404 -0.8193233013 -0.4206048250 0.5841533542 0.5729208589 -0.5749143362 0.7120140195 -0.0217017103 0.7018297911
-95.0 424.0 2659.1 0.5642694831 -0.8032023907 -0.1909605712 0.7675457001 0.5955680013 -0.2370072007 0.3040947616 -0.0128350426 0.9525552988
-327.2 -87.2 2255.3 0.2392331660 0.0473348685 -0.9698076844 -0.0369194560 0.9985321760 0.0396295376 0.9702599645 0.0263240729 0.2406295836
-345.7 -478.3 2245.0 0.2302885503 0.1673175395 -0.9586302638 -0.0917840153 0.9844506383 0.1497752219 0.9687842131 0.0534954183 0.2420647889
-253.4 -103.1 2419.6 -0.9995473027 0.0300290212 -0.0018688687 0.0297504459 0.9771874547 -0.2102844566 -0.0044884011 -0.2102448493 -0.9776384830
-265.1 -485.9 2502.0 -0.9995473027 0.0266360361 0.0139912954 0.0297504459 0.9443668723 0.3275455534 -0.0044884011 0.3278135061 -0.9447317719
-266.0 -218.9 2104.0 0 0 0 0 0 0 0 0 0
49.5 620.5 2736.9 0 0 0 0 0 0 0 0 0
-408.7 -849.1 2224.9 0 0 0 0 0 0 0 0 0
-273.3 -776.9 2400.9 0 0 0 0 0 0 0 0 0
-227.0 492.9 2366.6 2 0.4109481275 0.1062053964 -0.9054512978 -0.0905431882 0.9930353165 0.0753846765 0.9071513414 0.0510032550 0.4177021682
-248.1 295.7 2356.5 0.4109481275 0.1062053964 -0.9054512978 -0.0905431882 0.9930353165 0.0753846765 0.9071513414 0.0510032550 0.4177021682
-268.3 101.1 2348.1 0.4118668735 0.1030985713 -0.9053929448 -0.0818221644 0.9937496781 0.0759386644 0.9075630903 0.0428045914 0.4177283347
-306.8 307.4 2227.1 0.1537048668 0.2303527296 -0.9608914852 0.9448704720 0.2502784431 0.2111409307 0.2891273201 -0.9403713942 -0.1791844815
-348.8 49.2 2148.2 -0.2914280295 0.2375137955 -0.9266374111 0.9441132545 0.2273745239 -0.2386440188 0.1540125012 -0.9443982244 -0.2905032337
-189.4 284.0 2485.8 0.3903528154 -0.8178395033 -0.4228040278 0.5833030939 0.5749993920 -0.5737013221 0.7123076916 -0.0226769503 0.7015008926
-94.3 426.1 2659.4 0.5673157573 -0.8006531000 -0.1926328838 0.7650637627 0.5989817381 -0.2364282608 0.3046806157 -0.0132469526 0.9523624778
-327.5 -87.9 2258.0 0.2343713939 0.0457085520 -0.9710719585 -0.0421605594 0.9984320998 0.0368208140 0.9712324739 0.0323111899 0.2359310240
-345.4 -479.0 2245.4 0.2253304124 0.1678540260 -0.9597141147 -0.0973835662 0.9839944243 0.1492360532 0.9694032669 0.0598329641 0.2380701005
-252.2 -103.0 2421.7 -0.9994621277 0.0294731483 -0.0143806087 0.0318055898 0.9780269861 -0.2060378641 0.0079920394 -0.2063844204 -0.9784383178
-263.8 -486.1 2502.6 -0.9994621277 0.0326730758 0.0028175197 0.0318055898 0.9448068142 0.3260804415 0.0079920394 0.3259946704 -0.9453378320
-266.0 -218.9 2104.4 0 0 0 0 0 0 0 0 0
51.0 622.1 2737.4 0 0 0 0 0 0 0 0 0
-408.6 -849.6 2222.8 0 0 0 0 0 0 0 0 0
-273.8 -777.0 2402.2 0 0 0 0 0 0 0 0 0
-226.7 493.7 2366.4 3 0.4036232531 0.1062080488 -0.9087398648 -0.0859876201 0.9932466149 0.0778926834 0.9108756185 0.0467010811 0.4100300074
-247.8 296.6 2357.2 0.4036232531 0.1062080488 -0.9087398648 -0.0859876201 0.9932466149 0.0778926834 0.9108756185 0.0467010811 0.4100300074
-267.9 101.9 2349.6 0.4045456648 0.1026785374 -0.9087353349 -0.0772124305 0.9939638972 0.0779355690 0.9112524390 0.0386371687 0.4100318551
-305.4 307.6 2227.3 0.1486253738 0.2389678061 -0.9595857859 0.9447813034 0.2522732317 0.2091565579 0.2920594811 -0.9376847148 -0.1882781237
-346.2 48.6 2147.3 -0.2843506038 0.2460322082 -0.9266136885 0.9459729195 0.2290880680 -0.2294644713 0.1558204740 -0.9417997599 -0.2978811264
-190.1 285.6 2487.0 0.4053204060 -0.8108322024 -0.4222161472 0.5857377648 0.5849398971 -0.5610316992 0.7018736601 -0.0199103281 0.7120231390
-93.0 425.9 2655.2 0.5580941439 -0.8041043282 -0.2048101872 0.7638599277 0.5942736864 -0.2517076433 0.3241125047 -0.0159697458 0.9458837509
-325.7 -86.2 2257.7 0.2263764143 0.0503305718 -0.9727386832 -0.0406641029 0.9982817769 0.0421888232 0.9731907248 0.0300049912 0.2280340940
-345.4 -477.2 2245.9 0.2177730650 0.1703498662 -0.9610181451 -0.0921958238 0.9838378429 0.1535026878 0.9716351032 0.0551731102 0.2299589217
-251.2 -101.0 2421.8 -0.9994849563 0.0315626152 -0.0057965359 0.0320891179 0.9813421369 -0.1895728558 -0.0002950302 -0.1896612346 -0.9818495512
-263.6 -485.3 2496.0 -0.9992457628 0.0374924205 0.0101077640 0.0387864113 0.9512166977 0.3060758412 0.0018608503 0.3062370420 -0.9519534707
-265.8 -218.7 2103.2 0 0 0 0 0 0 0 0 0
49.9 621.5 2738.1 0 0 0 0 0 0 0 0 0
-409.6 -847.8 2225.1 0 0 0 0 0 0 0 0 0
-275.1 -778.1 2401.8 0 0 0 0 0 0 0 0 0
-227.9 492.8 2367.9 4 0.3995887935 0.1001265198 -0.9112098813 -0.0810653269 0.9939822555 0.0736725852 0.9131030440 0.0444287844 0.4053009748
-247.8 295.8 2359.1 0.3995887935 0.1001265198 -0.9112098813 -0.0810653269 0.9939822555 0.0736725852 0.9131030440 0.0444287844 0.4053009748
-266.5 101.0 2352.1 0.4005712569 0.0957792252 -0.9112458825 -0.0710919872 0.9947723150 0.0733074546 0.9135034680 0.0354174189 0.4052863121
-304.8 306.0 2228.9 0.1583455950 0.2429797351 -0.9570201039 0.9406903982 0.2574124634 0.2209986746 0.3000470996 -0.9352537990 -0.1878085732
-348.0 49.3 2147.0 -0.2879760861 0.2553165555 -0.9229751825 0.9472123384 0.2177697569 -0.2352980524 0.1409205943 -0.9420136809 -0.3045514524
-190.7 285.7 2489.2 0.4141751826 -0.8090100288 -0.4170871675 0.5895942450 0.5875667334 -0.5542056561 0.6934244633 -0.0163739808 0.7203432322
-90.4 428.4 2657.1 0.5525085926 -0.8082368374 -0.2036848962 0.7674193382 0.5886424184 -0.2541017532 0.3252719641 -0.0159183294 0.9454865456
-324.6 -85.8 2259.7 0.2212275714 0.0536135212 -0.9737473726 -0.0484684967 0.9978582263 0.0439293832 0.9740170240 0.0374776796 0.2233523279
-345.6 -476.7 2245.0 0.2141869366 0.1676813960 -0.9622925520 -0.0910547152 0.9842931628 0.1512481123 0.9725394845 0.0552259050 0.2260909230
-251.4 -99.7 2424.4 -0.9995161891 0.0310998932 0.0004160031 0.0304567348 0.9813823700 -0.1896338463 -0.0063058506 -0.1895294338 -0.9818547964
-263.6 -484.1 2498.7 -0.9991842508 0.0372391045 0.0156241907 0.0402703695 0.9477820396 0.3163661063 -0.0030271367 0.3167372048 -0.9485085011
-266.4 -219.1 2107.1 0 0 0 0 0 0 0 0 0
51.1 624.9 2740.4 0 0 0 0 0 0 0 0 0
-408.7 -847.4 2224.2 0 0 0 0 0 0 0 0 0
-275.2 -779.7 2399.9 0 0 0 0 0 0 0 0 0
-228.7 490.3 2367.6 5 0.3974093199 0.0991618335 -0.9122679234 -0.0771056265 0.9942369461 0.0744823515 0.9143962860 0.0407410115 0.4027649760
-248.3 293.8 2359.5 0.3974093199 0.0991618335 -0.9122679234 -0.0771056265 0.9942369461 0.0744823515 0.9143962860 0.0407410115 0.4027649760
-266.8 98.9 2353.0 0.3982549608 0.0948255882 -0.9123601913 -0.0684343278 0.9949417710 0.0735363439 0.9147183895 0.0331505388 0.4027298391
-305.0 303.5 2229.1 0.1521354467 0.2455033511 -0.9573833942 0.9419974089 0.2571781576 0.2156391144 0.2991582155 -0.9346590042 -0.1921376139
-346.2 48.7 2148.2 -0.2823473215 0.2565833330 -0.9243619442 0.9482165575 0.2207731903 -0.2283517718 0.1454830766 -0.9409698248 -0.3056312799
-191.5 284.0 2489.9 0.4216458797 -0.8076999187 -0.4121111333 0.5975806713 0.5893476009 -0.5436605215 0.6819912791 -0.0170374233 0.7311618328
-88.4 430.1 2656.6 0.5516502857 -0.8093042970 -0.2017633766 0.7702135444 0.5871147513 -0.2491332740 0.3200829029 -0.0179664362 0.9472191930
-321.5 -87.4 2262.6 0.2181905806 0.0616384223 -0.9739577174 -0.0553181246 0.9971799254 0.0507154539 0.9743371010 0.0428118780 0.2209849805
-345.6 -478.0 2245.8 0.2098142803 0.1670940667 -0.9633574486 -0.1064137667 0.9833382964 0.1473833770 0.9719331861 0.0715913549 0.2240995318
-249.1 -100.3 2427.8 -0.9992239475 0.0392601751 0.0031904459 0.0379336588 0.9809463620 -0.1905394346 -0.0106102675 -0.1902705282 -0.9816743731
-264.4 -484.5 2502.3 -0.9992683530 0.0310384333 0.0223465487 0.0366104245 0.9453126192 0.3241044581 -0.0110647799 0.3246854246 -0.9457573295
-266.4 -219.2 2107.1 0 0 0 0 0 0 0 0 0
52.9 627.4 2738.6 0 0 0 0 0 0 0 0 0
-408.6 -848.3 2218.9 0 0 0 0 0 0 0 0 0
-274.1 -779.7 2400.9 0 0 0 0 0 0 0 0 0
-229.6 491.6 2374.9 6 0.3845394552 0.0966559649 -0.9180343151 -0.0999587104 0.9930152893 0.0626804307 0.9176805615 0.0676624328 0.3915151656
-248.7 295.3 2361.5 0.3845394552 0.0966559649 -0.9180343151 -0.0999587104 0.9930152893 0.0626804307 0.9176805615 0.0676624328 0.3915151656
-267.1 100.7 2349.6 0.3852159977 0.0940094665 -0.9180254936 -0.0929093361 0.9936938882 0.0627721921 0.9181374907 0.0611122884 0.3915211260
-303.6 308.5 2230.8 0.1612126678 0.2521469295 -0.9541658163 0.9441120028 0.2422523797 0.2235313952 0.2875117064 -0.9368755221 -0.1990008056
-347.9 49.1 2151.7 -0.2856390476 0.2574951649 -0.9230961800 0.9468200803 0.2247102559 -0.2302977443 0.1481286287 -0.9397880435 -0.3079876304
-193.8 282.1 2492.3 0.4238502681 -0.8090542555 -0.4071635604 0.6011857986 0.5875372291 -0.5416415930 0.6774411798 -0.0152060250 0.7354197502
-90.4 428.8 2657.7 0.5582461953 -0.8067931533 -0.1935096681 0.7698140144 0.5906693339 -0.2418597937 0.3094310462 -0.0139491390 0.9508195519
-321.4 -89.8 2263.8 0.2056980580 0.0672471523 -0.9763022661 -0.0598742217 0.9966320395 0.0560325012 0.9767821431 0.0469295606 0.2090316415
-347.8 -480.2 2245.5 0.1998933405 0.1613965929 -0.9664335251 -0.0961849615 0.9848085046 0.1445707381 0.9750851989 0.0640576482 0.2123805881
-249.4 -102.1 2429.2 -0.9990592599 0.0401489437 0.0163891371 0.0364452973 0.9821743369 -0.1844054461 -0.0235006735 -0.1836346686 -0.9827135801
-265.1 -486.9 2501.2 -0.9990095496 0.0287424326 0.0339673646 0.0381352976 0.9463850260 0.3207819462 -0.0229261518 0.3217595816 -0.9465438128
-266.9 -219.5 2109.7 0 0 0 0 0 0 0 0 0
52.6 625.9 2736.9 0 0 0 0 0 0 0 0 0
-408.5 -851.1 2221.3 0 0 0 0 0 0 0 0 0
-274.0 -779.8 2401.5 0 0 0 0 0 0 0 0 0
-228.6 491.3 2370.6 7 0.3780124187 0.1045531034 -0.9198778272 -0.0877225548 0.9931772351 0.0768358037 0.9216351509 0.0516491495 0.3846049905
-249.3 295.4 2360.4 0.3780124187 0.1045531034 -0.9198778272 -0.0877225548 0.9931772351 0.0768358037 0.9216351509 0.0516491495 0.3846049905
-268.8 100.8 2351.2 0.3786579072 0.0997449830 -0.9201462269 -0.0814441666 0.9939101934 0.0742252395 0.9219463468 0.0468345731 0.3844755888
-303.2 307.0 2229.1 0.1575764120 0.2619021535 -0.9521433115 0.9451411963 0.2393875569 0.2222649306 0.2861429453 -0.9349336028 -0.2098126709
-346.4 48.2 2150.7 -0.2816813290 0.2650381923 -0.9221769571 0.9474191070 0.2289083749 -0.2236022353 0.1518309116 -0.9366726875 -0.3155814707
-195.3 283.8 2491.8 0.4383300543 -0.7974951863 -0.4145698249 0.5987492204 0.6030801535 -0.5270614028 0.6703477502 -0.0171965156 0.7418478131
-88.9 429.0 2654.4 0.5548955798 -0.8075782061 -0.1997706145 0.7723354101 0.5893216729 -0.2370610386 0.3091744781 -0.0227457955 0.9507333040
-320.3 -85.4 2254.7 0.1999239326 0.0664737448 -0.9775539041 -0.0328092016 0.9975906610 0.0611262918 0.9792619348 0.0198521577 0.2016231865
-346.3 -476.0 2246.9 0.1879593432 0.1672694236 -0.9678286314 -0.1065064743 0.9830518365 0.1492161155 0.9763849974 0.0750334561 0.2025890648
-250.6 -102.2 2420.6 -0.9988886714 0.0393837132 0.0258915834 0.0330441520 0.9768992662 -0.2111299932 -0.0336085521 -0.2100397795 -0.9771150351
-266.1 -484.7 2502.8 -0.9988886714 0.0203115772 0.0425310545 0.0330441520 0.9452561736 0.3246518373 -0.0336085521 0.3256964386 -0.9448768497
-266.7 -219.7 2107.8 0 0 0 0 0 0 0 0 0
53.2 626.8 2733.6 0 0 0 0 0 0 0 0 0
-409.3 -846.3 2218.6 0 0 0 0 0 0 0 0 0
-272.4 -780.1 2401.1 0 0 0 0 0 0 0 0 0
-228.9 493.5 2377.4 8 0.3727603555 0.1048486903 -0.9219850898 -0.1018062681 0.9922187924 0.0716752410 0.9223259687 0.0671461746 0.3805341125
-249.7 296.8 2364.1 0.3727603555 0.1048486903 -0.9219850898 -0.1018062681 0.9922187924 0.0716752410 0.9223259687 0.0671461746 0.3805341125
-269.6 102.3 2352.2 0.3734885454 0.1013619751 -0.9220802784 -0.0947959498 0.9929788113 0.0707585812 0.9227784276 0.0609819554 0.3804749250
-302.9 310.3 2232.6 0.1668073684 0.2654361129 -0.9495888352 0.9424577355 0.2400843054 0.2326648384 0.2897390127 -0.9337575436 -0.2101144791
-349.3 48.6 2152.2 -0.2901035249 0.2657898366 -0.9193452597 0.9437157512 0.2389343977 -0.2287159413 0.1588728279 -0.9339518547 -0.3201457560
-196.5 283.2 2495.6 0.4432827234 -0.7979176641 -0.4084455967 0.6043505073 0.6025595665 -0.5212316513 0.6620127559 -0.0157913063 0.7493261695
-89.0 429.8 2656.1 0.5588250756 -0.8067172766 -0.1921503842 0.7736710310 0.5905839205 -0.2294422835 0.2985759676 -0.0204430819 0.9541668892
-322.5 -86.5 2258.7 0.1946000010 0.0593414865 -0.9790860415 -0.0456268154 0.9976354837 0.0513971150 0.9798209071 0.0346706957 0.1968474239
-345.8 -477.1 2245.2 0.1865607649 0.1712748855 -0.9673985839 -0.0931356549 0.9833348989 0.1561353505 0.9780188203 0.0609705709 0.1994034946
-254.1 -101.2 2425.4 -0.9994636178 0.0302129667 0.0126333851 0.0271158721 0.9798189402 -0.1980394125 -0.0183617882 -0.1975906342 -0.9801126122
-265.9 -484.9 2502.8 -0.9994636178 0.0196564421 0.0261925571 0.0271158721 0.9452009797 0.3253611326 -0.0183617882 0.3258968592 -0.9452270269
-266.7 -219.9 2107.0 0 0 0 0 0 0 0 0 0
54.1 627.9 2732.6 0 0 0 0 0 0 0 0 0
-410.3 -847.5 2222.2 0 0 0 0 0 0 0 0 0
-272.0 -779.2 2401.3 0 0 0 0 0 0 0 0 0
-229.2 494.5 2380.4 9 0.3728772104 0.1067672968 -0.9217175841 -0.1091277003 0.9915099740 0.0707045272 0.9214411378 0.0742208138 0.3813627362
-250.4 298.0 2365.6 0.3728772104 0.1067672968 -0.9217175841 -0.1091277003 0.9915099740 0.0707045272 0.9214411378 0.0742208138 0.3813627362
-270.8 103.7 2352.5 0.3736740053 0.1042575911 -0.9216821790 -0.1016371176 0.9922820330 0.0710372627 0.9219748378 0.0671323389 0.3813864589
-303.6 312.5 2234.3 0.1669406742 0.2639811933 -0.9499709010 0.9438695312 0.2357429862 0.2313775271 0.2850283086 -0.9352748990 -0.2098087072
-350.2 49.1 2154.7 -0.2913133204 0.2618050277 -0.9201058149 0.9425739050 0.2428147644 -0.2293369025 0.1633737087 -0.9340766072 -0.3175057769
-197.1 283.5 2497.0 0.4415557086 -0.7984857559 -0.4092053771 0.6024901271 0.6018251181 -0.5242253542 0.6648565531 -0.0150675112 0.7468190789
-89.7 430.0 2658.7 0.5578624606 -0.8066172600 -0.1953407675 0.7717690468 0.5907531977 -0.2353363633 0.3052245677 -0.0194726307 0.9520812631
-323.2 -83.6 2256.8 0.1957320273 0.0589435659 -0.9788843989 -0.0395435914 0.9978545308 0.0521789491 0.9798598289 0.0284955110 0.1976429373
-346.2 -474.4 2245.7 0.1874480098 0.1656872928 -0.9681998491 -0.0903592929 0.9844006300 0.1509657353 0.9781095982 0.0591876283 0.1994953156
-255.6 -100.7 2423.6 -0.9996694326 0.0255407412 -0.0029410142 0.0255959798 0.9779828787 -0.2071095407 -0.0024134698 -0.2071163654 -0.9783133268
-265.6 -483.7 2504.7 -0.9996694326 0.0233555436 0.0107469810 0.0255959798 0.9433702230 0.3307528198 -0.0024134698 0.3309185803 -0.9436562061
-267.0 -220.1 2108.1 0 0 0 0 0 0 0 0 0
53.1 627.7 2736.9 0 0 0 0 0 0 0 0 0
-408.6 -845.1 2223.4 0 0 0 0 0 0 0 0 0
-273.0 -779.4 2401.0 0 0 0 0 0 0 0 0 0
-229.6 492.6 2373.3 0 0.3742346168 0.1086969823 -0.9209415913 -0.0913659632 0.9925965667 0.0800267309 0.9228221774 0.0541939475 0.3813951910
-251.0 296.7 2362.6 0.3742346168 0.1086969823 -0.9209415913 -0.0913659632 0.9925965667 0.0800267309 0.9228221774 0.0541939475 0.3813951910
-272.0 102.3 2352.9 0.3747189343 0.1074447185 -0.9208915830 -0.0869167447 0.9929589629 0.0804859623 0.9230553508 0.0498812832 0.3814192712
-304.4 309.1 2231.1 0.1826741695 0.2634063959 -0.9472313523 0.9448949099 0.2191809267 0.2431734949 0.2716684937 -0.9394555688 -0.2088526785
-354.7 49.2 2156.4 -0.2936209142 0.2466882765 -0.9235429764 0.9351928830 0.2742359936 -0.2240733802 0.1979924440 -0.9294834733 -0.3112225533
-197.6 284.3 2494.2 0.4402128458 -0.7926996350 -0.4217107594 0.5930358171 0.6093348861 -0.5263264775 0.6741818786 -0.0183938835 0.7383362651
-89.3 430.2 2660.0 0.5622213483 -0.8056612611 -0.1865933836 0.7771718502 0.5918565989 -0.2137982994 0.2826855183 -0.0248131454 0.9588916302
-325.0 -81.4 2256.0 0.1965576261 0.0555034913 -0.9789200425 -0.0317524150 0.9982331395 0.0502229407 0.9799780250 0.0212113746 0.1979727149
-346.7 -472.4 2247.7 0.1862767488 0.1606855839 -0.9692683220 -0.0975010991 0.9846888781 0.1445039511 0.9776474237 0.0675870031 0.1990916580
-257.4 -99.8 2422.7 -0.9997371435 0.0223554540 -0.0050919023 0.0229262747 0.9774325490 -0.2100000978 0.0002823433 -0.2100616246 -0.9776881337
-266.2 -482.7 2505.0 -0.9997371435 0.0217322763 0.0073076622 0.0229262747 0.9436023831 0.3302861750 0.0002823433 0.3303668797 -0.9438525438
-271.1 -217.0 2100.0 0 0 0 0 0 0 0 0 0
54.6 629.2 2732.3 0 0 0 0 0 0 0 0 0
-407.2 -843.3 2222.3 0 0 0 0 0 0 0 0 0
-273.0 -777.7 2401.6 0 0 0 0 0 0 0 0 0
-229.6 492.7 2378.8 1 0.3685701489 0.1064787954 -0.9234816432 -0.1024956331 0.9920162559 0.0734739751 0.9239321947 0.0675725192 0.3765411675
-250.7 296.5 2365.4 0.3685701489 0.1064787954 -0.9234816432 -0.1024956331 0.9920162559 0.0734739751 0.9239321947 0.0675725192 0.3765411675
-270.9 102.1 2353.2 0.3691698015 0.1033882722 -0.9235932827 -0.0968248695 0.9926633835 0.0724181682 0.9243043661 0.0626922026 0.3764718771
-303.3 310.3 2233.7 0.1878831238 0.2660580575 -0.9454697371 0.9434524179 0.2187940627 0.2490515709 0.2731253505 -0.9387983084 -0.2099054158
-354.8 51.9 2158.9 -0.2842179239 0.2473054826 -0.9263153672 0.9355003238 0.2830568552 -0.2114662528 0.2099031359 -0.9266708493 -0.3118041754
-198.1 282.7 2497.1 0.4436863959 -0.7963784337 -0.4110034108 0.6045934558 0.6045199037 -0.5186737776 0.6615203619 -0.0183614641 0.7497023940
-90.6 429.1 2657.3 0.5624158978 -0.8038578033 -0.1936516166 0.7717224360 0.5944042802 -0.2261150777 0.2968717217 -0.0222745836 0.9546575546
-327.0 -84.3 2259.7 0.1907098293 0.0538287535 -0.9801694751 -0.0379858464 0.9981522560 0.0474254899 0.9809112549 0.0281880628 0.1924021691
-348.0 -475.3 2248.6 0.1817440838 0.1536459923 -0.9712682366 -0.0978179052 0.9856436253 0.1376163363 0.9784685969 0.0699964687 0.1941642314
-259.2 -100.0 2426.5 -0.9998527169 0.0170308035 0.0021326190 0.0163352620 0.9823511839 -0.1863313019 -0.0052683526 -0.1862690151 -0.9824846387
-265.9 -484.7 2499.5 -0.9996872544 0.0228457786 0.0101737324 0.0248924978 0.9481537938 0.3168355525 -0.0024079080 0.3169897199 -0.9484259486
-273.6 -215.3 2099.0 0 0 0 0 0 0 0 0 0
53.4 626.7 2733.3 0 0 0 0 0 0 0 0 0
-405.9 -846.5 2222.3 0 0 0 0 0 0 0 0 0
-272.9 -778.0 2401.4 0 0 0 0 0 0 0 0 0
-231.2 493.1 2380.5 2 0.3704459667 0.1031798720 -0.9231054783 -0.1081907749 0.9918396473 0.0674452186 0.9225316048 0.0748866871 0.3785861135
-251.6 297.0 2365.7 0.3704459667 0.1031798720 -0.9231054783 -0.1081907749 0.9918396473 0.0674452186 0.9225316048 0.0748866871 0.3785861135
-271.6 102.6 2352.3 0.3710739315 0.1025719494 -0.9229210019 -0.1021350399 0.9923590422 0.0692242905 0.9229694605 0.0685752407 0.3787147403
-304.4 311.5 2234.2 0.1834103614 0.2628468275 -0.9472445250 0.9448313713 0.2188899219 0.2436819375 0.2713932991 -0.9396800995 -0.2081992626
-354.5 53.5 2160.1 -0.2790677547 0.2422673404 -0.9292080998 0.9345416427 0.2910175920 -0.2047941685 0.2208009660 -0.9255351424 -0.3076225519
-198.7 282.4 2497.3 0.4489985406 -0.7968049049 -0.4043541849 0.6061699986 0.6041004658 -0.5173205733 0.6564741135 -0.0128312018 0.7542394400
-89.5 429.7 2656.8 0.5654727221 -0.8052016497 -0.1785801351 0.7761092782 0.5927591920 -0.2151531428 0.2790966928 -0.0169344675 0.9601136446
-324.5 -83.6 2257.3 0.1929062158 0.0575100146 -0.9795303941 -0.0395424701 0.9979255795 0.0508026369 0.9804201126 0.0289329067 0.1947801262
-347.1 -474.5 2246.0 0.1842245162 0.1583605111 -0.9700429440 -0.0955474153 0.9851461649 0.1426803768 0.9782290459 0.0663998723 0.1966190189
-257.8 -101.1 2424.4 -0.9997999072 0.0200018957 0.0002304201 0.0195994843 0.9818579555 -0.1886024028 -0.0039986456 -0.1885601580 -0.9820535183
-265.6 -485.6 2498.3 -0.9996691346 0.0237216838 0.0099453507 0.0256442055 0.9492045641 0.3136129379 -0.0020007456 0.3137642145 -0.9494988322
-274.7 -214.0 2096.9 0 0 0 0 0 0 0 0 0
55.2 628.5 2728.3 0 0 0 0 0 0 0 0 0
-406.7 -845.5 2221.0 0 0 0 0 0 0 0 0 0
-273.0 -778.7 2401.4 0 0 0 0 0 0 0 0 0
-229.2 491.3 2373.4 3 0.3713774681 0.1142791063 -0.9214223027 -0.0998039395 0.9915600419 0.0827521309 0.9231023192 0.0612292960 0.3796485662
-251.8 295.8 2361.3 0.3713774681 0.1142791063 -0.9214223027 -0.0998039395 0.9915600419 0.0827521309 0.9231023192 0.0612292960 0.3796485662
-273.6 101.5 2350.4 0.3720456958 0.1112983301 -0.9215176105 -0.0939274207 0.9922034740 0.0819141120 0.9234498739 0.0560799763 0.3795990050
-304.8 309.2 2229.7 0.1872320473 0.2623199522 -0.9466426969 0.9484925866 0.2024261206 0.2436913401 0.2555503249 -0.9435104132 -0.2109078765
-355.1 54.2 2161.0 -0.2782588601 0.2369624227 -0.9308173060 0.9340913892 0.2924674451 -0.2047828287 0.2237079293 -0.9264510870 -0.3027262390
-198.7 282.4 2492.9 0.4445509315 -0.7930352688 -0.4164967537 0.6018620133 0.6088164449 -0.5168216825 0.6634278893 -0.0209199917 0.7479476929
-89.3 430.7 2656.3 0.5657984018 -0.8025075793 -0.1893507987 0.7739518881 0.5960912108 -0.2137142867 0.2843776941 -0.0256291982 0.9583696723
-325.3 -82.5 2255.4 0.1942547560 0.0576412715 -0.9792561531 -0.0337356925 0.9980741143 0.0520568043 0.9803708196 0.0229236037 0.1958252043
-347.9 -473.4 2246.5 0.1861838400 0.1571135223 -0.9698715806 -0.0861490816 0.9859402776 0.1431787163 0.9787307382 0.0568959862 0.1971013248
-258.2 -101.0 2422.3 -0.9998627305 0.0162350647 -0.0033018438 0.0165673662 0.9803218842 -0.1967091113 0.0000432846 -0.1967368126 -0.9804563522
-264.5 -484.9 2499.4 -0.9995970130 0.0279068556 0.0051937345 0.0281181019 0.9483665228 0.3159276545 0.0038909826 0.3159463704 -0.9487690926
-275.4 -213.5 2096.9 0 0 0 0 0 0 0 0 0
55.6 628.9 2729.1 0 0 0 0 0 0 0 0 0
-407.0 -844.8 2225.0 0 0 0 0 0 0 0 0 0
-273.2 -779.9 2401.1 0 0 0 0 0 0 0 0 0
-229.0 491.4 2369.8 4 0.3717707694 0.1122880280 -0.9215084910 -0.0864889920 0.9925296903 0.0860492662 0.9242868423 0.0477097370 0.3787052035
-251.2 294.8 2360.4 0.3717707694 0.1122880280 -0.9215084910 -0.0864889920 0.9925296903 0.0860492662 0.9242868423 0.0477097370 0.3787052035
-272.1 100.2 2352.4 0.3727117479 0.1066667885 -0.9217961431 -0.0779540762 0.9934590459 0.0834400207 0.9246670604 0.0407586955 0.3785889745
-304.3 305.9 2228.6 0.1907741278 0.2627020180 -0.9458292127 0.9489840865 0.1970786601 0.2461486310 0.2510664761 -0.9445356727 -0.2117025256
-354.8 54.7 2162.2 -0.2757985592 0.2341845781 -0.9322514534 0.9326338768 0.2999468446 -0.2005640864 0.2326568663 -0.9247645736 -0.3011333644
-198.1 283.7 2492.2 0.4411599040 -0.7917370200 -0.4225286543 0.5983333588 0.6103971601 -0.5190495849 0.6688610315 -0.0238291435 0.7430054545
-91.4 428.4 2654.0 0.5672751069 -0.7997497320 -0.1964670271 0.7701091170 0.5996842384 -0.2175102383 0.2917719483 -0.0279129073 0.9560805559
-329.0 -84.3 2255.9 0.1939447075 0.0500629693 -0.9797342420 -0.0314954594 0.9984999299 0.0447871424 0.9805067778 0.0221709479 0.1952305436
-348.6 -475.4 2247.2 0.1841020733 0.1550894082 -0.9705945253 -0.0968082473 0.9855331182 0.1391138583 0.9781280756 0.0683504045 0.1964526176
-261.7 -101.3 2422.8 -0.9999696612 0.0073865978 -0.0024668644 0.0077262586 0.9806906581 -0.1954128146 0.0009757950 -0.1954259425 -0.9807179570
-264.6 -485.4 2499.4 -0.9995704293 0.0292688794 0.0015201165 0.0282448307 0.9481577873 0.3165422380 0.0078235259 0.3164491951 -0.9485772252
-275.6 -213.1 2095.4 0 0 0 0 0 0 0 0 0
53.9 625.6 2728.7 0 0 0 0 0 0 0 0 0
-407.0 -846.6 2221.5 0 0 0 0 0 0 0 0 0
-273.6 -778.2 2401.7 0 0 0 0 0 0 0 0 0
-229.1 492.7 2376.1 5 0.3727236390 0.1085067540 -0.9215765595 -0.0973975062 0.9922286868 0.0774337798 0.9228168130 0.0608978570 0.3803953528
-250.7 295.5 2364.0 0.3727236390 0.1085067540 -0.9215765595 -0.0973975062 0.9922286868 0.0774337798 0.9228168130 0.0608978570 0.3803953528
-270.9 101.0 2354.0 0.3739050329 0.1033248827 -0.9216935635 -0.0863239691 0.9933382273 0.0763372853 0.9234409332 0.0510213524 0.3803335428
-304.0 307.8 2232.4 0.2055829763 0.2608088851 -0.9432467222 0.9425623417 0.2065203190 0.2625369430 0.2632715702 -0.9430419207 -0.2033715844
-359.7 52.6 2161.1 -0.2925044894 0.2322366685 -0.9276353121 0.9281151295 0.3025807142 -0.2169036716 0.2303115726 -0.9243976474 -0.3040485680
-197.4 283.2 2495.6 0.4432199001 -0.7951665521 -0.4138432741 0.6019785404 0.6061024070 -0.5198670626 0.6642122865 -0.0187093355 0.7473098040
-91.5 427.1 2654.3 0.5640919209 -0.8035593629 -0.1899806410 0.7732822299 0.5947810411 -0.2197046131 0.2895425856 -0.0229750611 0.9568893313
-326.7 -87.3 2260.9 0.1946496367 0.0593231395 -0.9790772796 -0.0483567230 0.9975360632 0.0508278050 0.9796801209 0.0374513529 0.1970387101
-349.9 -478.0 2246.2 0.1900199950 0.1524633467 -0.9698697329 -0.0789565444 0.9870418310 0.1396933794 0.9786001444 0.0500330254 0.1995956749
-259.3 -101.4 2428.0 -0.9999231100 0.0120771537 -0.0028085611 0.0123896701 0.9821501970 -0.1876900196 0.0004916675 -0.1877103895 -0.9822242856
-264.0 -486.1 2501.5 -0.9994605184 0.0326515287 0.0035465595 0.0320405774 0.9455913901 0.3237751126 0.0072181565 0.3237140775 -0.9461274147
-275.9 -213.1 2095.1 0 0 0 0 0 0 0 0 0
53.0 625.2 2728.5 0 0 0 0 0 0 0 0 0
-407.3 -849.7 2227.3 0 0 0 0 0 0 0 0 0
-274.1 -777.3 2401.8 0 0 0 0 0 0 0 0 0
-229.6 491.3 2371.2 6 0.3878675401 0.1023518592 -0.9160146713 -0.0812086537 0.9937453270 0.0766510442 0.9181306958 0.0446578711 0.3937534094
-249.9 294.2 2362.3 0.3878675401 0.1023518592 -0.9160146713 -0.0812086537 0.9937453270 0.0766510442 0.9181306958 0.0446578711 0.3937534094
-268.9 99.4 2355.1 0.3888172805 0.0968594924 -0.9162092209 -0.0717288479 0.9946222901 0.0747091323 0.9185184240 0.0366704278 0.3936739564
-305.3 304.4 2231.4 0.1959275752 0.2493192255 -0.9483945966 0.9427086115 0.2184239477 0.2521734238 0.2700237632 -0.9434674978 -0.1922401190
-357.6 52.9 2159.4 -0.2864720523 0.2255242616 -0.9311673045 0.9298964739 0.2994827628 -0.2135477811 0.2307083756 -0.9270646572 -0.2955076694
-194.5 283.9 2493.2 0.4366518557 -0.8002029657 -0.4111087620 0.5992543101 0.5995488167 -0.5305049419 0.6709913611 -0.0147127248 0.7413191795
-88.8 429.0 2655.6 0.5625458360 -0.8080005646 -0.1751491874 0.7804081440 0.5888924003 -0.2101638168 0.2729564905 -0.0184610710 0.9618492126
-325.0 -85.7 2260.5 0.2093891352 0.0598121025 -0.9760013819 -0.0484318100 0.9975367785 0.0507414043 0.9766322374 0.0366448164 0.2117701769
-348.4 -476.5 2246.2 0.2044968605 0.1605581939 -0.9656097293 -0.0791188926 0.9859398603 0.1471828222 0.9756644964 0.0462995432 0.2143248022
-257.4 -101.3 2427.4 -0.9997037649 0.0178458989 -0.0165483356 0.0206192955 0.9822674990 -0.1863476336 0.0129293511 -0.1866336465 -0.9823445082
-264.4 -486.1 2500.5 -0.9995262027 0.0302772392 -0.0055349073 0.0268405769 0.9454329014 0.3247095048 0.0150641911 0.3244071007 -0.9457976222
-275.7 -212.9 2093.4 0 0 0 0 0 0 0 0 0
55.2 628.8 2725.5 0 0 0 0 0 0 0 0 0
-408.9 -847.8 2228.7 0 0 0 0 0 0 0 0 0
-273.7 -776.5 2400.9 0 0 0 0 0 0 0 0 0
-230.2 492.8 2376.7 7 0.3898536265 0.1016912311 -0.9152448177 -0.0941980705 0.9930743575 0.0702145398 0.9160463214 0.0588409007 0.3967327476
-250.4 295.6 2365.0 0.3898536265 0.1016912311 -0.9152448177 -0.0941980705 0.9930743575 0.0702145398 0.9160463214 0.0588409007 0.3967327476
-269.6 101.0 2355.1 0.3907626271 0.0978416279 -0.9152767658 -0.0851460472 0.9939138293 0.0698960721 0.9165449739 0.0506194234 0.3967152238
-306.1 307.8 2234.4 0.1959509850 0.2440283149 -0.9497649074 0.9440009594 0.2152429521 0.2500653565 0.2654532194 -0.9455795288 -0.1881859004
-359.4 51.0 2162.2 -0.2932464182 0.2148806900 -0.9315754771 0.9243754148 0.3124193847 -0.2189161181 0.2440013736 -0.9253218174 -0.2902462780
-194.7 283.5 2495.6 0.4400317073 -0.8041187525 -0.3997063339 0.6077370644 0.5943639278 -0.5266756415 0.6610807180 -0.0111623760 0.7502317429
-89.5 428.8 2653.7 0.5552508235 -0.8084505796 -0.1952031106 0.7701506019 0.5884069800 -0.2462625504 0.3139499724 -0.0135983238 0.9493421316
-323.0 -88.9 2264.9 0.2111431211 0.0673912093 -0.9751292467 -0.0678123087 0.9962266684 0.0541659631 0.9751000404 0.0546889938 0.2149163634
-349.4 -479.1 2243.5 0.2115764320 0.1595586985 -0.9642491341 -0.0651378706 0.9866924882 0.1489798874 0.9751884341 0.0312885083 0.2191541791
-252.7 -101.9 2430.9 -0.9993467927 0.0308072902 -0.0188930742 0.0336196348 0.9842945933 -0.1733029634 0.0132573564 -0.1738249362 -0.9846873283
-264.8 -487.4 2499.0 -0.9995730519 0.0291543137 -0.0019276702 0.0270430706 0.9481298923 0.3167307079 0.0110617485 0.3165433407 -0.9485135674
-275.6 -213.0 2092.6 0 0 0 0 0 0 0 0 0
52.6 625.9 2734.0 0 0 0 0 0 0 0 0 0
-409.5 -850.6 2231.7 0 0 0 0 0 0 0 0 0
-273.8 -780.1 2401.3 0 0 0 0 0 0 0 0 0
-230.5 489.2 2371.5 8 0.3981246054 0.1049952507 -0.9113028049 -0.0864577740 0.9933008552 0.0766714439 0.9132480025 0.0482644252 0.4045351446
-251.3 292.4 2361.9 0.3981246054 0.1049952507 -0.9113028049 -0.0864577740 0.9933008552 0.0766714439 0.9132480025 0.0482644252 0.4045351446
-271.3 97.8 2353.8 0.3988662362 0.1020692661 -0.9113109112 -0.0793401226 0.9939006567 0.0765936375 0.9135704041 0.0417529047 0.4045316279
-308.2 303.7 2231.8 0.1957611889 0.2359604388 -0.9518404603 0.9471621513 0.2059956938 0.2458651811 0.2540894747 -0.9496780634 -0.1831668317
-360.6 50.2 2163.7 -0.2975352407 0.2030428201 -0.9328699708 0.9221074581 0.3142916858 -0.2256957591 0.2473673820 -0.9273588061 -0.2807401419
-194.5 281.1 2492.1 0.4367459118 -0.8053806424 -0.4007679820 0.6088342667 0.5926004648 -0.5273950100 0.6622490287 -0.0136636663 0.7491592169
-87.7 430.0 2654.1 0.5529925823 -0.8108012676 -0.1918345839 0.7750266790 0.5850849748 -0.2387660444 0.3058313429 -0.0166410562 0.9519402385
-324.0 -85.9 2262.4 0.2196262330 0.0611702166 -0.9736644626 -0.0643670857 0.9967662692 0.0481025130 0.9734583497 0.0521073751 0.2228533775
-348.0 -476.3 2242.0 0.2191051692 0.1628461331 -0.9620156288 -0.0675295964 0.9861401916 0.1515495628 0.9733615518 0.0317592360 0.2270653546
-253.4 -101.3 2428.0 -0.9995102882 0.0287907422 -0.0122575006 0.0306414943 0.9799553752 -0.1968465000 0.0063444469 -0.1971257031 -0.9803577065
-264.7 -485.0 2505.2 -0.9995102882 0.0310059953 0.0042168056 0.0306414943 0.9424995780 0.3327996433 0.0063444469 0.3327658772 -0.9429881573
-275.7 -212.8 2093.2 0 0 0 0 0 0 0 0 0
53.9 628.4 2732.3 0 0 0 0 0 0 0 0 0
-409.3 -847.7 2230.0 0 0 0 0 0 0 0 0 0
-274.3 -779.2 2401.4 0 0 0 0 0 0 0 0 0
-231.4 491.6 2376.9 9 0.3885733187 0.1079791710 -0.9150689840 -0.1072464213 0.9916599393 0.0714760497 0.9151551723 0.0703641847 0.3969129622
-252.8 294.6 2362.9 0.3885733187 0.1079791710 -0.9150689840 -0.1072464213 0.9916599393 0.0714760497 0.9151551723 0.0703641847 0.3969129622
-273.4 100.3 2350.7 0.3894622922 0.1051786840 -0.9150172472 -0.0989715979 0.9924851060 0.0719577447 0.9157094359 0.0625358969 0.3969452381
-308.3 308.7 2232.4 0.1826444268 0.2416018248 -0.9530317783 0.9513292909 0.2012979686 0.2333489209 0.2482208759 -0.9492669106 -0.1930769533
-357.8 51.2 2165.3 -0.2873727083 0.2067856491 -0.9352307916 0.9228832126 0.3210827708 -0.2125851065 0.2563269436 -0.9241999388 -0.2831094265
-197.3 280.5 2493.4 0.4412381053 -0.8036949635 -0.3992283940 0.6079819798 0.5949444175 -0.5257366896 0.6600506306 -0.0107485764 0.7511441708
-90.7 427.5 2653.0 0.5604687333 -0.8072773814 -0.1848731041 0.7731786370 0.5900369287 -0.2324891686 0.2967652082 -0.0126370303 0.9548668861
-327.4 -89.7 2263.0 0.2110960782 0.0556888841 -0.9758776426 -0.0611320436 0.9971734285 0.0436804183 0.9755517840 0.0504366308 0.2139037699
-349.2 -480.3 2243.3 0.2086252123 0.1562404484 -0.9654348493 -0.0769146830 0.9867202044 0.1430643052 0.9749664664 0.0444092937 0.2178718895
-255.2 -104.1 2428.2 -0.9997110963 0.0237877015 -0.0034535001 0.0240147281 0.9822238684 -0.1861709356 -0.0010364688 -0.1862000823 -0.9825112820
-264.6 -488.7 2501.1 -0.9995061159 0.0301702805 0.0087885009 0.0313884355 0.9451782107 0.3250428736 0.0014999349 0.3251582086 -0.9456584454
-275.6 -212.6 2092.0 0 0 0 0 0 0 0 0 0
52.8 625.5 2728.9 0 0 0 0 0 0 0 0 0
-408.0 -851.9 2226.5 0 0 0 0 0 0 0 0 0
-273.7 -775.2 2402.5 0 0 0 0 0 0 0 0 0
-231.7 491.8 2379.6 0 0.3816246390 0.1067230552 -0.9181355238 -0.1092526838 0.9915570021 0.0698464215 0.9178379178 0.0736536533 0.3900623620
-252.9 295.0 2365.0 0.3816246390 0.1067230552 -0.9181355238 -0.1092526838 0.9915570021 0.0698464215 0.9178379178 0.0736536533 0.3900623620
-273.4 100.6 2352.0 0.3824274540 0.1046264619 -0.9180427790 -0.1017170474 0.9922966957 0.0707168579 0.9183697104 0.0663365349 0.3901237845
-307.4 309.5 2234.1 0.1786879152 0.2487954497 -0.9519304037 0.9511762261 0.2037864327 0.2318077385 0.2516632080 -0.9468747973 -0.2002341449
-355.7 52.6 2166.1 -0.2788597345 0.2161804438 -0.9356833100 0.9256723523 0.3199078143 -0.2019646168 0.2556715906 -0.9224559665 -0.2893216610
-198.4 280.5 2495.8 0.4454179704 -0.8014771342 -0.3990453780 0.6101092696 0.5979070067 -0.5198786855 0.6552628875 -0.0118979886 0.7553071976
-91.6 426.8 2653.0 0.5634140968 -0.8051891327 -0.1850270480 0.7720602155 0.5928568244 -0.2290060073 0.2940877080 -0.0138268201 0.9556784034
-329.2 -85.1 2255.7 0.2047714293 0.0494480543 -0.9775599837 -0.0418222845 0.9982530475 0.0417341739 0.9779159427 0.0323378257 0.2064817399
-348.6 -476.1 2243.0 0.1996164322 0.1565031111 -0.9672952294 -0.0750786960 0.9867036343 0.1441496313 0.9769935608 0.0438486300 0.2087123245
-258.8 -103.0 2421.2 -0.9998588562 0.0163716264 0.0037779459 0.0152957411 0.9799704552 -0.1985545009 -0.0069529358 -0.1984686852 -0.9800825715
-265.2 -486.8 2498.9 -0.9995508790 0.0277071856 0.0114194658 0.0298943762 0.9485900402 0.3150923848 -0.0021020684 0.3152922392 -0.9489923120
-275.8 -212.7 2092.9 0 0 0 0 0 0 0 0 0
52.7 624.5 2728.3 0 0 0 0 0 0 0 0 0
-407.5 -847.7 2226.5 0 0 0 0 0 0 0 0 0
-273.8 -779.6 2401.6 0 0 0 0 0 0 0 0 0
-232.5 491.9 2380.9 1 0.3836367428 0.1099071652 -0.9169205427 -0.1162849665 0.9907388687 0.0701021627 0.9161335230 0.0797303021 0.3928643763
-254.3 295.8 2365.1 0.3836367428 0.1099071652 -0.9169205427 -0.1162849665 0.9907388687 0.0701021627 0.9161335230 0.0797303021 0.3928643763
-275.2 101.5 2351.4 0.3847218454 0.1066735610 -0.9168477654 -0.1063521281 0.9918069839 0.0707681254 0.9168851376 0.0702826753 0.3929147720
-309.1 310.9 2234.5 0.1708977669 0.2463740855 -0.9539883733 0.9525849223 0.2060726434 0.2238660455 0.2517457008 -0.9470131397 -0.1994748861
-355.2 53.9 2166.5 -0.2759809196 0.2152715474 -0.9367458224 0.9268152118 0.3178142905 -0.2000189871 0.2546527982 -0.9233916998 -0.2872276306
-199.4 280.6 2495.8 0.4509192705 -0.8003332019 -0.3951437473 0.6096880436 0.5995134115 -0.5185211301 0.6518836617 -0.0071032527 0.7582857609
-90.2 428.3 2653.7 0.5630251169 -0.8065786362 -0.1800932884 0.7734308839 0.5910369158 -0.2290852219 0.2912170291 -0.0103089828 0.9566014409
-328.4 -84.5 2256.0 0.2079027444 0.0512571856 -0.9768055677 -0.0354544260 0.9983647466 0.0448423848 0.9775067568 0.0253092255 0.2093800604
-348.5 -475.5 2246.1 0.2000101656 0.1568667293 -0.9671549797 -0.0868879110 0.9860512018 0.1419629455 0.9759336114 0.0556400418 0.2108500898
-259.3 -102.9 2422.0 -0.9998527169 0.0171483774 0.0007189828 0.0166745912 0.9804487228 -0.1960669756 -0.0040671565 -0.1960261017 -0.9805902243
-266.0 -486.9 2498.8 -0.9997262359 0.0215628073 0.0090815984 0.0233219005 0.9494990706 0.3129018545 -0.0018759263 0.3130280077 -0.9497420192
-275.9 -212.7 2093.3 0 0 0 0 0 0 0 0 0
54.0 626.4 2728.3 0 0 0 0 0 0 0 0 0
-407.6 -846.9 2225.1 0 0 0 0 0 0 0 0 0
-272.7 -782.8 2401.2 0 0 0 0 0 0 0 0 0
-232.7 491.9 2382.1 2 0.3809578717 0.1137254238 -0.9175716043 -0.1246199235 0.9896666408 0.0709212497 0.9161555171 0.0873297006 0.3911937475
-255.1 296.6 2364.9 0.3809578717 0.1137254238 -0.9175716043 -0.1246199235 0.9896666408 0.0709212497 0.9161555171 0.0873297006 0.3911937475
-276.9 102.5 2349.4 0.3819603920 0.1113019735 -0.9174519777 -0.1157971695 0.9906617999 0.0719739869 0.9168954492 0.0787471309 0.3912820220
-309.5 313.1 2234.2 0.1814235598 0.2474317849 -0.9517683387 0.9514147639 0.2006849796 0.2335283458 0.2487879544 -0.9478940368 -0.1990012676
-359.5 51.0 2165.7 -0.2925650477 0.2107772231 -0.9327264428 0.9209536314 0.3246555626 -0.2155067325 0.2573909163 -0.9220475554 -0.2890989184
-200.7 280.1 2495.5 0.4529564977 -0.7988728285 -0.3957683444 0.6083291769 0.6014680862 -0.5178530216 0.6517407298 -0.0061925445 0.7584165335
-90.5 428.1 2654.1 0.5608498454 -0.8069299459 -0.1852338016 0.7716549039 0.5905545950 -0.2362075150 0.2999935746 -0.0104596214 0.9538838863
-330.8 -83.1 2254.7 0.2059721947 0.0462505557 -0.9774642587 -0.0321839266 0.9986622334 0.0404717475 0.9780284762 0.0231225826 0.2071851641
-348.9 -474.3 2245.7 0.1986427456 0.1564693749 -0.9675011039 -0.0799494907 0.9864705205 0.1431223601 0.9768055677 0.0489210039 0.2084648609
-261.3 -102.3 2420.5 -0.9998304248 0.0159132555 -0.0092686992 0.0175094586 0.9773919582 -0.2107091993 0.0057060826 -0.2108357549 -0.9775048494
-267.5 -485.1 2503.1 -0.9998304248 0.0184131507 0.0003104892 0.0175094586 0.9452658296 0.3258311450 0.0057060826 0.3257813156 -0.9454279542
-275.7 -212.6 2092.0 0 0 0 0 0 0 0 0 0
53.2 625.7 2730.9 0 0 0 0 0 0 0 0 0
-407.9 -845.8 2227.3 0 0 0 0 0 0 0 0 0
-273.3 -781.0 2401.1 0 0 0 0 0 0 0 0 0
-233.3 491.2 2382.2 3 0.3841304183 0.1101517454 -0.9166844487 -0.1211408600 0.9902874231 0.0682328492 0.9152970910 0.0848376304 0.3937433958
-255.0 295.7 2365.4 0.3841304183 0.1101517454 -0.9166844487 -0.1211408600 0.9902874231 0.0682328492 0.9152970910 0.0848376304 0.3937433958
-276.4 101.6 2350.4 0.3849671185 0.1091367155 -0.9164548516 -0.1135809124 0.9910379648 0.0703075677 0.9159146547 0.0770256817 0.3939128816
-309.9 311.9 2234.9 0.1781183481 0.2468742430 -0.9525371194 0.9485190511 0.2145562023 0.2329746932 0.2618882060 -0.9449967146 -0.1959485263
-358.8 51.4 2163.0 -0.2908678055 0.2179011554 -0.9316195846 0.9251931906 0.3121275008 -0.2158563286 0.2437487394 -0.9247137308 -0.2923885286
-200.2 279.5 2496.0 0.4425993860 -0.8054065108 -0.3942411542 0.6147765517 0.5926009417 -0.5204554796 0.6528059244 -0.0120169222 0.7574298382
