-395.1 502.5 2676.2 37 -0.7114220858 -0.0256475769 -0.7022967935 -0.1391613930 0.9846863151 0.1050092652 0.6888488531 0.1724385172 -0.7040967345
-390.0 307.3 2642.0 -0.7114220858 -0.0256475769 -0.7022967935 -0.1391613930 0.9846863151 0.1050092652 0.6888488531 0.1724385172 -0.7040967345
-386.1 110.7 2612.2 -0.7118840218 -0.0195704810 -0.7020243406 -0.1190043017 0.9885175228 0.0931185633 0.6921409965 0.1498335302 -0.7060387731
-289.9 324.0 2544.7 -0.9442747235 -0.1795206964 -0.2758940756 0.1464848071 0.5214143395 -0.8406362534 0.2947667241 -0.8342058659 -0.4660613239
-109.6 296.0 2488.4 -0.2581351697 -0.1795206964 0.9492831826 -0.8432357907 0.5214143395 -0.1306924671 -0.4715078473 -0.8342058659 -0.2859736681
-490.2 290.5 2739.4 -0.2615305185 0.8883649707 -0.3773718178 -0.9134778380 -0.1015496030 0.3940125406 0.3117049932 0.4477671087 0.8380600214
-560.8 44.0 2823.5 -0.1300016046 0.8925639391 -0.4317744076 -0.9864856601 -0.0726341680 0.1468685418 0.0997279882 0.4450324178 0.8899440765
-319.7 -73.5 2517.1 -0.3818878233 0.3057340086 -0.8721745014 0.1443855166 0.9518474936 0.2704425156 0.9128606319 -0.0226506628 -0.4076425135
-441.2 -451.9 2526.1 -0.4202828407 0.1479092091 -0.8952570558 -0.0542274453 0.9807677269 0.1874941289 0.9057713151 0.1273480654 -0.4041791260
-447.5 -96.7 2645.9 -0.8075425625 0.0638567880 -0.5863422751 0.0336277373 0.9974895716 0.0623196512 0.5888498425 0.0306084063 -0.8076626658
-472.9 -493.3 2633.8 -0.8075425625 0.0638567880 -0.5863422751 0.0336277373 0.9974895716 0.0623196512 0.5888498425 0.0306084063 -0.8076626658
-43.6 511.5 2608.8 0 0 0 0 0 0 0 0 0
-594.6 -212.5 2849.5 0 0 0 0 0 0 0 0 0
-495.1 -809.5 2479.6 0 0 0 0 0 0 0 0 0
-497.3 -874.7 2622.1 0 0 0 0 0 0 0 0 0
-395.1 508.1 2677.0 38 -0.7123286128 -0.0264245663 -0.7013484836 -0.1411497593 0.9842673540 0.1062755287 0.6875061393 0.1746982783 -0.7048516273
-389.9 313.0 2642.4 -0.7123286128 -0.0264245663 -0.7013484836 -0.1411497593 0.9842673540 0.1062755287 0.6875061393 0.1746982783 -0.7048516273
-386.6 116.5 2612.2 -0.7128278017 -0.0168471355 -0.7011367679 -0.1183965504 0.9882540107 0.0966246575 0.6912733316 0.1518889070 -0.7064495087
-289.6 329.7 2545.1 -0.9423530102 -0.1672638804 -0.2898164392 0.1697080135 0.5075529814 -0.8447420597 0.2883920372 -0.8452293873 -0.4499080777
-107.0 296.8 2489.2 -0.2487395853 -0.1672638804 0.9540185332 -0.8512983322 0.5075529814 -0.1329704821 -0.4619738162 -0.8452293873 -0.2686399817
-490.2 296.4 2739.6 -0.2644738853 0.8876757622 -0.3769420087 -0.9133371115 -0.1050584838 0.3934184611 0.3096270859 0.4483240247 0.8385324478
-561.6 49.8 2823.2 -0.1329593807 0.8919618726 -0.4321178794 -0.9863052964 -0.0761466622 0.1462995112 0.0975892469 0.4456520379 0.8898711205
-317.0 -74.9 2519.0 -0.3821602464 0.3142664135 -0.8690167665 0.1438959241 0.9491631389 0.2799701989 0.9128239155 -0.0180544965 -0.4079540968
-441.9 -452.2 2526.1 -0.4204806685 0.1442172676 -0.8957663774 -0.0576964468 0.9810379148 0.1850291044 0.9054651260 0.1294836998 -0.4041866362
-448.6 -90.8 2645.4 -0.8079536557 0.0667227879 -0.5854561925 0.0347502455 0.9972344637 0.0656952187 0.5882204771 0.0327339508 -0.8080378771
-475.1 -487.3 2632.4 -0.8079536557 0.0667227879 -0.5854561925 0.0347502455 0.9972344637 0.0656952187 0.5882204771 0.0327339508 -0.8080378771
-43.6 513.6 2606.8 0 0 0 0 0 0 0 0 0
-596.2 -206.6 2848.6 0 0 0 0 0 0 0 0 0
-494.5 -810.1 2478.9 0 0 0 0 0 0 0 0 0
-500.6 -868.6 2619.9 0 0 0 0 0 0 0 0 0
-394.1 508.4 2666.9 39 -0.7417781353 -0.0279437359 -0.6700629592 -0.1160136014 0.9894152284 0.0871685147 0.6605346799 0.1423961222 -0.7371684313
-388.6 311.5 2638.6 -0.7417781353 -0.0279437359 -0.6700629592 -0.1160136014 0.9894152284 0.0871685147 0.6605346799 0.1423961222 -0.7371684313
-385.3 114.4 2613.1 -0.7421811819 -0.0168502964 -0.6699874401 -0.0981871784 0.9916310906 0.0838275477 0.6629678607 0.1279994100 -0.7376244068
-284.2 325.4 2545.4 -0.9599823356 -0.1940463036 -0.2019405216 0.0800039247 0.5010031462 -0.8617396355 0.2683902383 -0.8434108496 -0.4654296935
-99.7 310.0 2493.8 -0.2251836210 -0.1940463036 0.9547975659 -0.8595437407 0.5010031462 -0.1008982062 -0.4587776363 -0.8434108496 -0.2796089649
-492.9 297.6 2731.7 -0.2835098803 0.8671016097 -0.4095814228 -0.9043923616 -0.0997293964 0.4148837030 0.3188990057 0.4880459309 0.8124743700
-569.4 53.6 2817.8 -0.1437504590 0.8716866970 -0.4685062170 -0.9829608798 -0.0709651038 0.1695639044 0.1145590097 0.4848981500 0.8670352101
-317.8 -69.1 2518.6 -0.4232049882 0.3076575398 -0.8521997333 0.1561989337 0.9512740970 0.2658560872 0.8924681544 -0.0206010677 -0.4506397545
-440.1 -447.3 2526.8 -0.4630006254 0.1478124559 -0.8739461899 -0.0444525704 0.9808837771 0.1894492060 0.8852425814 0.1265642494 -0.4475791454
-450.1 -91.7 2648.4 -0.8318454027 0.0721953660 -0.5502917767 0.0533318520 0.9973130226 0.0502234064 0.5524390936 0.0124300290 -0.8334605694
-478.8 -488.2 2643.5 -0.8318454027 0.0721953660 -0.5502917767 0.0533318520 0.9973130226 0.0502234064 0.5524390936 0.0124300290 -0.8334605694
-42.1 529.9 2611.2 0 0 0 0 0 0 0 0 0
-606.8 -201.9 2847.6 0 0 0 0 0 0 0 0 0
-495.0 -811.1 2479.8 0 0 0 0 0 0 0 0 0
-506.4 -869.4 2638.7 0 0 0 0 0 0 0 0 0
-395.0 505.0 2670.8 40 -0.7505653501 -0.0255783070 -0.6603009701 -0.1222203448 0.9873833060 0.1006794795 0.6493949890 0.1562687457 -0.7442219257
-389.9 308.5 2639.7 -0.7505653501 -0.0255783070 -0.6603009701 -0.1222203448 0.9873833060 0.1006794795 0.6493949890 0.1562687457 -0.7442219257
-386.2 111.5 2613.3 -0.7510210276 -0.0187700596 -0.6600114703 -0.1018937901 0.9909163713 0.0877633616 0.6523688436 0.1331631988 -0.7461115718
-284.2 322.8 2548.0 -0.9710040689 -0.2071448267 -0.1193403751 -0.0012236772 0.5035007000 -0.8639939427 0.2390598506 -0.8387956023 -0.4891546667
-92.3 323.1 2500.7 -0.1993950456 -0.2071448267 0.9577748179 -0.8611236811 0.5035007000 -0.0703779608 -0.4676618576 -0.8387956023 -0.2787728608
-495.5 294.1 2731.5 -0.2874455750 0.8605388403 -0.4205329120 -0.9061288238 -0.1020670086 0.4105031788 0.3103314042 0.4990543127 0.8090977669
-573.1 49.6 2815.2 -0.1448590457 0.8651593924 -0.4801198840 -0.9836078882 -0.0732516125 0.1647717208 0.1073842421 0.4961183965 0.8615887165
-314.0 -73.6 2526.9 -0.4371625781 0.3103182316 -0.8441513181 0.1452827305 0.9506286979 0.2742224336 0.8875707388 -0.0027608208 -0.4606631696
-437.4 -451.5 2528.0 -0.4767152369 0.1538778841 -0.8654849529 -0.0480201729 0.9785311222 0.2004266679 0.8777452111 0.1371071786 -0.4590914845
-451.4 -94.8 2646.6 -0.8392319083 0.0715634301 -0.5390440822 0.0500360541 0.9972595572 0.0544954762 0.5414667130 0.0187627040 -0.8405128121
-479.8 -491.3 2639.1 -0.8392319083 0.0715634301 -0.5390440822 0.0500360541 0.9972595572 0.0544954762 0.5414667130 0.0187627040 -0.8405128121
-40.8 545.2 2621.4 0 0 0 0 0 0 0 0 0
-610.7 -206.1 2843.1 0 0 0 0 0 0 0 0 0
-494.1 -811.9 2477.5 0 0 0 0 0 0 0 0 0
-507.2 -872.5 2632.0 0 0 0 0 0 0 0 0 0
-395.4 508.0 2684.8 41 -0.6373679638 -0.0192939527 -0.7703179717 -0.1552442908 0.9824029207 0.1038445309 0.7547590733 0.1857746542 -0.6291474700
-391.6 312.9 2647.9 -0.6373679638 -0.0192939527 -0.7703179717 -0.1552442908 0.9824029207 0.1038445309 0.7547590733 0.1857746542 -0.6291474700
-387.5 116.6 2617.2 -0.6378371716 -0.0221701078 -0.7698521018 -0.1329509765 0.9877489209 0.0817073509 0.7586091161 0.1544685662 -0.6329705119
-303.0 331.5 2542.5 -0.9828245044 -0.1496337950 -0.1080078557 0.0227449946 0.4825913310 -0.8755502701 0.1831355691 -0.8629689217 -0.4708991647
-89.5 326.6 2502.8 -0.1878014058 -0.1496337950 0.9707421660 -0.8707787991 0.4825913310 -0.0940739140 -0.4543951154 -0.8629689217 -0.2209292650
-480.2 294.3 2753.3 -0.2125680596 0.9296915531 -0.3008129299 -0.9205091000 -0.0872374102 0.3808577657 0.3278381228 0.3578592241 0.8743334413
-537.4 46.6 2841.5 -0.1023456007 0.9330337048 -0.3449253142 -0.9891495109 -0.0587164797 0.1346687078 0.1053976417 0.3549654484 0.9289191961
-313.6 -76.1 2527.0 -0.3010306954 0.3120649159 -0.9011082053 0.1072876081 0.9500234127 0.2931635678 0.9475599527 -0.0084265079 -0.3194669187
-437.7 -453.8 2530.3 -0.3376889825 0.1541266441 -0.9285532236 -0.0854908898 0.9774029255 0.1933256537 0.9373673201 0.1446667910 -0.3168817759
-441.3 -91.9 2655.1 -0.7459353805 0.0498442091 -0.6641505957 0.0176941436 0.9983267784 0.0550509505 0.6657832265 0.0293128770 -0.7455691695
-461.1 -488.7 2643.5 -0.7459353805 0.0498442091 -0.6641505957 0.0176941436 0.9983267784 0.0550509505 0.6657832265 0.0293128770 -0.7455691695
-40.8 552.0 2620.4 0 0 0 0 0 0 0 0 0
-564.0 -210.3 2868.9 0 0 0 0 0 0 0 0 0
-494.0 -811.2 2477.4 0 0 0 0 0 0 0 0 0
-480.1 -870.2 2632.3 0 0 0 0 0 0 0 0 0
-395.4 514.7 2691.8 42 -0.5818424225 0.0022755379 -0.8132983446 -0.1519982368 0.9820726514 0.1114889458 0.7989717722 0.1884889156 -0.5710657239
-395.9 319.6 2654.4 -0.5818424225 0.0022755379 -0.8132983446 -0.1519982368 0.9820726514 0.1114889458 0.7989717722 0.1884889156 -0.5710657239
-394.2 123.2 2623.6 -0.5819149017 -0.0091823852 -0.8131978512 -0.1313275099 0.9878733158 0.0828216746 0.8025759459 0.1549904197 -0.5760641098
-314.7 338.0 2542.4 -0.9830502272 -0.1332313418 -0.1259430200 0.0506025031 0.4630886912 -0.8848662376 0.1762147099 -0.8762409687 -0.4484975934
-92.4 326.6 2502.5 -0.1823294014 -0.1332313418 0.9741690755 -0.8804853559 0.4630886912 -0.1014612764 -0.4376088679 -0.8762409687 -0.2017429322
-477.0 301.1 2766.3 -0.1896929741 0.9530229568 -0.2361436188 -0.9193023443 -0.0879304558 0.3836032152 0.3448184431 0.2898542285 0.8927960396
-528.1 53.5 2859.2 -0.0956976563 0.9561944008 -0.2766481638 -0.9887950420 -0.0593279228 0.1369838864 0.1145702675 0.2866573632 0.9511578083
-325.7 -67.6 2517.8 -0.2357261777 0.2779083550 -0.9312357903 0.0961784199 0.9602065086 0.2622081637 0.9670485258 -0.0277554598 -0.2530745864
-436.1 -449.1 2528.8 -0.2710044086 0.1612712741 -0.9489721656 -0.0897534192 0.9773364663 0.1917230934 0.9583845735 0.1371313035 -0.2503878474
-445.4 -85.2 2665.9 -0.6961174011 0.0529333726 -0.7159738541 0.0196217056 0.9983084202 0.0547294021 0.7176597714 0.0240494628 -0.6959785223
-466.5 -482.0 2656.3 -0.6961174011 0.0529333726 -0.7159738541 0.0196217056 0.9983084202 0.0547294021 0.7176597714 0.0240494628 -0.6959785223
-45.0 555.4 2616.2 0 0 0 0 0 0 0 0 0
-552.9 -203.4 2889.0 0 0 0 0 0 0 0 0 0
-495.2 -807.2 2478.5 0 0 0 0 0 0 0 0 0
-486.7 -863.6 2647.1 0 0 0 0 0 0 0 0 0
-398.2 513.3 2693.8 43 -0.5585339665 0.0087115047 -0.8294358850 -0.1435713321 0.9838371873 0.1070126891 0.8169621229 0.1788534373 -0.5482557416
-399.9 317.3 2658.2 -0.5585339665 0.0087115047 -0.8294358850 -0.1435713321 0.9838371873 0.1070126891 0.8169621229 0.1788534373 -0.5482557416
-399.0 120.4 2630.7 -0.5584814548 -0.0047425199 -0.8295034766 -0.1174366847 0.9903637767 0.0734046176 0.8211620450 0.1384092569 -0.5536566973
-321.7 333.7 2543.1 -0.9814551473 -0.1460004449 -0.1242162734 0.0485960804 0.4373269379 -0.8979886174 0.1854298562 -0.8873719573 -0.4221217036
-97.5 322.6 2500.8 -0.1944552660 -0.1460004449 0.9699850678 -0.8921711445 0.4373269379 -0.1130300388 -0.4076981544 -0.8873719573 -0.2152979076
-478.1 300.8 2773.2 -0.1796939522 0.9610523582 -0.2099723667 -0.9125990868 -0.0831748173 0.4003059268 0.3672505617 0.2635531425 0.8920015693
-526.5 54.7 2872.2 -0.0920568034 0.9641458988 -0.2488940358 -0.9865667224 -0.0544367880 0.1540220529 0.1349507421 0.2597293556 0.9562054873
-339.7 -61.1 2519.9 -0.2161933482 0.2382156104 -0.9468441010 0.0808292851 0.9708166718 0.2257910669 0.9729989767 -0.0277182050 -0.2291389108
-434.3 -446.6 2530.9 -0.2495511025 0.1696502268 -0.9533850551 -0.0905469581 0.9761326313 0.1973989606 0.9641190171 0.1355872452 -0.2282336652
-449.1 -87.2 2678.2 -0.6750967503 0.0531345680 -0.7358132601 0.0320824757 0.9985738397 0.0426738895 0.7370312810 0.0052022939 -0.6758385897
-470.2 -484.1 2676.1 -0.6750967503 0.0531345680 -0.7358132601 0.0320824757 0.9985738397 0.0426738895 0.7370312810 0.0052022939 -0.6758385897
-47.0 554.5 2606.7 0 0 0 0 0 0 0 0 0
-550.4 -201.6 2907.2 0 0 0 0 0 0 0 0 0
-496.5 -804.8 2481.2 0 0 0 0 0 0 0 0 0
-490.5 -865.8 2674.2 0 0 0 0 0 0 0 0 0
-396.9 509.2 2684.3 44 -0.5515032411 0.0053794621 -0.8341553807 -0.1201720014 0.9890358448 0.0858302042 0.8254712820 0.1475777626 -0.5448099971
-397.9 312.7 2655.0 -0.5515032411 0.0053794621 -0.8341553807 -0.1201720014 0.9890358448 0.0858302042 0.8254712820 0.1475777626 -0.5448099971
-396.6 115.4 2630.8 -0.5515152812 -0.0069862809 -0.8341355324 -0.1053399816 0.9925429225 0.0613358654 0.8274868131 0.1216954887 -0.5481384993
-320.5 327.5 2538.8 -0.9838430285 -0.1447870284 -0.1053070575 0.0356855392 0.4178038836 -0.9078361392 0.1754405946 -0.8969262242 -0.4058866203
-100.4 319.5 2499.6 -0.2034209967 -0.1447870284 0.9683266878 -0.8996834159 0.4178038836 -0.1265295148 -0.3862508237 -0.8969262242 -0.2152525634
-475.3 297.9 2771.1 -0.1739734858 0.9633811116 -0.2040343136 -0.9064198732 -0.0756793842 0.4155425727 0.3848846853 0.2572341561 0.8863940239
-522.3 53.4 2874.9 -0.0877475068 0.9663635492 -0.2417474985 -0.9843515754 -0.0468875095 0.1698632538 0.1528147161 0.2528696060 0.9553557634
-347.1 -65.7 2528.3 -0.2168741077 0.2238332182 -0.9501917362 0.0618914478 0.9745525718 0.2154455632 0.9742356539 -0.0120841796 -0.2252085656
-436.0 -452.9 2533.1 -0.2482320368 0.1711049080 -0.9534694552 -0.0989904702 0.9746434689 0.2006764859 0.9636294842 0.1441987157 -0.2249999642
-445.6 -91.5 2682.4 -0.6692965031 0.0497873612 -0.7413254380 0.0424760059 0.9986845255 0.0287226439 0.7417802811 -0.0122645805 -0.6705307961
-465.4 -488.5 2687.2 -0.6692965031 0.0497873612 -0.7413254380 0.0424760059 0.9986845255 0.0287226439 0.7417802811 -0.0122645805 -0.6705307961
-47.7 552.5 2599.6 0 0 0 0 0 0 0 0 0
-545.1 -202.4 2914.7 0 0 0 0 0 0 0 0 0
-497.3 -801.5 2481.5 0 0 0 0 0 0 0 0 0
-484.5 -870.2 2691.9 0 0 0 0 0 0 0 0 0
-399.2 505.9 2680.5 45 -0.6029017568 -0.0103332158 -0.7977485061 -0.1172344387 0.9902092218 0.0757742524 0.7891550064 0.1392080337 -0.5982102752
-397.1 309.3 2652.9 -0.6029017568 -0.0103332158 -0.7977485061 -0.1172344387 0.9902092218 0.0757742524 0.7891550064 0.1392080337 -0.5982102752
-394.6 111.9 2629.7 -0.6030899882 -0.0128278984 -0.7975699902 -0.1011134386 0.9930344820 0.0604861751 0.7912386060 0.1171236560 -0.6001862288
-312.5 323.5 2541.9 -0.9814226627 -0.1641489267 -0.0993210077 0.0270344671 0.3941961825 -0.9186286330 0.1899438649 -0.9042480588 -0.3824353814
-101.5 317.7 2501.1 -0.2036514580 -0.1641489267 0.9651845694 -0.9104765654 0.3941961825 -0.1250672638 -0.3599424064 -0.9042480588 -0.2297323793
-481.7 295.1 2763.9 -0.1997663826 0.9449586272 -0.2591266036 -0.9046947956 -0.0763094947 0.4191707969 0.3763252199 0.3181667328 0.8701432347
-535.6 51.1 2865.4 -0.0991831943 0.9482683539 -0.3015788496 -0.9835956097 -0.0475372858 0.1740110517 0.1506729275 0.3138906062 0.9374275208
-344.7 -72.2 2530.9 -0.2776489258 0.2279584110 -0.9332448840 0.0681746677 0.9736655354 0.2175491452 0.9582605362 -0.0032213770 -0.2858781815
-435.3 -459.2 2532.2 -0.3086468577 0.1774793863 -0.9344721437 -0.0826943442 0.9737113118 0.2122450024 0.9475752115 0.1427843124 -0.2858563960
-447.2 -94.8 2678.8 -0.7149162292 0.0524300523 -0.6972416639 0.0466163680 0.9985400438 0.0272885486 0.6976544261 -0.0129938470 -0.7163165808
-468.1 -491.7 2683.9 -0.7149162292 0.0524300523 -0.6972416639 0.0466163680 0.9985400438 0.0272885486 0.6976544261 -0.0129938470 -0.7163165808
-49.3 551.3 2593.4 0 0 0 0 0 0 0 0 0
-561.4 -204.6 2904.6 0 0 0 0 0 0 0 0 0
-497.5 -800.2 2482.2 0 0 0 0 0 0 0 0 0
-488.1 -873.4 2688.9 0 0 0 0 0 0 0 0 0
-399.5 513.6 2688.2 46 -0.6208333969 -0.0156686716 -0.7837859392 -0.1269993037 0.9886037111 0.0808323994 0.7735871673 0.1497237235 -0.6157481074
-396.4 316.3 2658.3 -0.6208333969 -0.0156686716 -0.7837859392 -0.1269993037 0.9886037111 0.0808323994 0.7735871673 0.1497237235 -0.6157481074
-393.8 119.1 2633.4 -0.6211338043 -0.0129282391 -0.7835978866 -0.1061938033 0.9920306206 0.0678094551 0.7764764428 0.1253319830 -0.6175566316
-309.1 331.3 2549.2 -0.9697285295 -0.1917540729 -0.1511851996 0.0608308129 0.4099163413 -0.9100924134 0.2364872098 -0.8917393088 -0.3858430088
-100.2 318.2 2498.3 -0.2112636715 -0.1917540729 0.9584351778 -0.9045399427 0.4099163413 -0.1173718423 -0.3703716993 -0.8917393088 -0.2600496411
-483.7 301.4 2767.4 -0.2106838077 0.9373089671 -0.2776044309 -0.9071093202 -0.0816037878 0.4129086435 0.3643693924 0.3388107121 0.8674342632
-540.5 56.7 2865.7 -0.1050898358 0.9407960176 -0.3222716749 -0.9845352173 -0.0527502000 0.1670561731 0.1401658803 0.3348437250 0.9317902923
-336.9 -76.2 2534.1 -0.2974454761 0.2415330559 -0.9236817360 0.0676965714 0.9703710675 0.2319420725 0.9523357153 0.0064600268 -0.3049834371
-432.9 -461.9 2531.5 -0.3277950883 0.1834561229 -0.9267654419 -0.0753572136 0.9727621078 0.2192149907 0.9417386651 0.1416960508 -0.3050418794
-448.1 -87.8 2679.6 -0.7304305434 0.0551914498 -0.6807533503 0.0426137336 0.9984704256 0.0352266468 0.6816563010 -0.0032788229 -0.7316651940
-470.1 -484.8 2680.9 -0.7304305434 0.0551914498 -0.6807533503 0.0426137336 0.9984704256 0.0352266468 0.6816563010 -0.0032788229 -0.7316651940
-46.3 549.2 2592.9 0 0 0 0 0 0 0 0 0
-567.8 -199.2 2902.1 0 0 0 0 0 0 0 0 0
-496.8 -800.6 2482.2 0 0 0 0 0 0 0 0 0
-491.2 -866.5 2682.2 0 0 0 0 0 0 0 0 0
-400.5 513.3 2691.5 47 -0.6178978682 -0.0203591269 -0.7859947681 -0.1364081800 0.9872811437 0.0816622972 0.7743352652 0.1576750576 -0.6128160357
-396.4 316.4 2660.0 -0.6178978682 -0.0203591269 -0.7859947681 -0.1364081800 0.9872811437 0.0816622972 0.7743352652 0.1576750576 -0.6128160357
-393.3 119.4 2633.4 -0.6182880402 -0.0155260833 -0.7857982516 -0.1149004549 0.9908486605 0.0708293468 0.7775074244 0.1340815127 -0.6144137979
-309.5 332.6 2550.7 -0.9686951637 -0.1880731732 -0.1620437652 0.0727462843 0.4090344608 -0.9096146226 0.2373555899 -0.8929273486 -0.3825480938
-100.9 316.9 2499.6 -0.2413073331 -0.1880731732 0.9520500302 -0.9005279541 0.4090344608 -0.1474456042 -0.3616907001 -0.8929273486 -0.2680681646
-483.3 300.2 2769.3 -0.2069151103 0.9386329055 -0.2759608030 -0.9107525945 -0.0817634836 0.4047769904 0.3573735058 0.3350864947 0.8717805147
-539.2 54.4 2865.8 -0.1017668247 0.9420239925 -0.3197410405 -0.9860086441 -0.0528592914 0.1580912322 0.1320244521 0.3313558698 0.9342231154
-334.4 -68.3 2537.4 -0.2934378386 0.2451075912 -0.9240218997 0.0629274696 0.9694283009 0.2371685356 0.9539048076 0.0114478599 -0.2998909354
-431.8 -453.7 2532.8 -0.3233087361 0.1810371131 -0.9288148284 -0.0798510909 0.9728092551 0.2174073160 0.9429184794 0.1444565654 -0.3000617027
-446.9 -88.1 2678.0 -0.7283369303 0.0522349924 -0.6832252741 0.0344929509 0.9986209869 0.0395776704 0.6843504310 0.0052594226 -0.7291342616
-467.7 -485.1 2675.9 -0.7283369303 0.0522349924 -0.6832252741 0.0344929509 0.9986209869 0.0395776704 0.6843504310 0.0052594226 -0.7291342616
-39.2 546.9 2592.0 0 0 0 0 0 0 0 0 0
-565.6 -201.9 2900.1 0 0 0 0 0 0 0 0 0
-496.5 -801.1 2481.3 0 0 0 0 0 0 0 0 0
-487.7 -866.9 2673.9 0 0 0 0 0 0 0 0 0
-400.8 512.2 2684.6 48 -0.6165954471 -0.0166786127 -0.7871034741 -0.1196788326 0.9901419878 0.0727721676 0.7781304717 0.1390706152 -0.6125131249
-397.4 314.9 2656.9 -0.6165954471 -0.0166786127 -0.7871034741 -0.1196788326 0.9901419878 0.0727721676 0.7781304717 0.1390706152 -0.6125131249
-394.8 117.5 2633.7 -0.6168900132 -0.0134973573 -0.7869336009 -0.1003187820 0.9930460453 0.0616089515 0.7806297541 0.1169501692 -0.6139542460
-310.7 329.0 2547.1 -0.9708307385 -0.1991048306 -0.1335849017 0.0419630520 0.4074510038 -0.9122624397 0.2360651642 -0.8912580609 -0.3872109056
-98.6 319.8 2495.5 -0.2718934715 -0.1991048306 0.9415047765 -0.8967300057 0.4074510038 -0.1727973968 -0.3492122591 -0.8912580609 -0.2893265486
-484.2 300.7 2766.7 -0.2078683674 0.9391688108 -0.2734093964 -0.9039742947 -0.0776711777 0.4204731882 0.3736592829 0.3345581293 0.8651298285
-540.3 56.8 2867.5 -0.1032776162 0.9426068664 -0.3175311685 -0.9833737016 -0.0488243885 0.1749065816 0.1493648738 0.3303157389 0.9319772720
-333.6 -67.0 2535.5 -0.2958193123 0.2493130714 -0.9221355319 0.0625491962 0.9683241844 0.2417351902 0.9531938434 0.0138310986 -0.3020433187
-432.7 -452.0 2530.0 -0.3233711123 0.1783564091 -0.9293116331 -0.0719490498 0.9745992422 0.2120841444 0.9435329437 0.1354449689 -0.3023246527
-448.7 -89.1 2682.0 -0.7268639803 0.0540263504 -0.6846531630 0.0476735011 0.9984654784 0.0281767417 0.6851248145 -0.0121591548 -0.7283241749
-470.1 -486.0 2686.8 -0.7268639803 0.0540263504 -0.6846531630 0.0476735011 0.9984654784 0.0281767417 0.6851248145 -0.0121591548 -0.7283241749
-28.8 550.1 2585.2 0 0 0 0 0 0 0 0 0
-567.2 -198.8 2906.4 0 0 0 0 0 0 0 0 0
-496.6 -801.5 2481.4 0 0 0 0 0 0 0 0 0
-490.8 -867.7 2691.5 0 0 0 0 0 0 0 0 0
-403.2 512.1 2680.7 49 -0.6113792062 -0.0278391112 -0.7908478975 -0.1191808134 0.9912210703 0.0572423041 0.7823115587 0.1292506605 -0.6093298793
-397.7 314.0 2654.9 -0.6113792062 -0.0278391112 -0.7908478975 -0.1191808134 0.9912210703 0.0572423041 0.7823115587 0.1292506605 -0.6093298793
-393.1 116.5 2633.1 -0.6118496656 -0.0230086390 -0.7906393409 -0.1008157954 0.9936927557 0.0491002537 0.7845228910 0.1097509041 -0.6103102565
-311.6 328.2 2544.5 -0.9758366942 -0.1918843687 -0.1045135409 0.0064141778 0.4529579580 -0.8915088177 0.2184068412 -0.8706374168 -0.4407822490
-95.6 326.8 2496.2 -0.2889856398 -0.1918843687 0.9379060268 -0.8738688827 0.4529579580 -0.1765848696 -0.3909481168 -0.8706374168 -0.2985801399
-483.8 299.8 2765.2 -0.1967786700 0.9416033626 -0.2732421160 -0.9032158852 -0.0656784549 0.4241313934 0.3814174235 0.3302566111 0.8633952141
-536.9 56.1 2868.2 -0.0925109982 0.9447265863 -0.3145368099 -0.9832371473 -0.0368280187 0.1785731763 0.1571190655 0.3257842660 0.9322972894
-335.5 -70.7 2538.8 -0.2955950797 0.2487480789 -0.9223600030 0.0506129600 0.9682270288 0.2448975146 0.9539716244 0.0257071331 -0.2987930179
-434.4 -455.7 2528.6 -0.3195626736 0.1744749844 -0.9313636422 -0.0703180730 0.9758252501 0.2069311291 0.9449524283 0.1316191554 -0.2995685637
-444.6 -90.3 2683.2 -0.7238100171 0.0437955745 -0.6886079907 0.0453397445 0.9988455772 0.0158691965 0.6885080934 -0.0197350271 -0.7249601483
-462.0 -487.4 2691.0 -0.7238100171 0.0437955745 -0.6886079907 0.0453397445 0.9988455772 0.0158691965 0.6885080934 -0.0197350271 -0.7249601483
-20.8 552.9 2597.3 0 0 0 0 0 0 0 0 0
-560.9 -199.5 2909.0 0 0 0 0 0 0 0 0 0
-496.4 -802.6 2481.8 0 0 0 0 0 0 0 0 0
-478.8 -869.2 2698.6 0 0 0 0 0 0 0 0 0
-402.0 509.5 2679.7 50 -0.5893722177 -0.0175324492 -0.8076713085 -0.1023187786 0.9933333397 0.0531011559 0.8013558984 0.1139362901 -0.5872370005
-398.5 311.1 2657.0 -0.5893722177 -0.0175324492 -0.8076713085 -0.1023187786 0.9933333397 0.0531011559 0.8013558984 0.1139362901 -0.5872370005
-395.7 113.3 2638.0 -0.5896385908 -0.0136708301 -0.8075515032 -0.0853425860 0.9953138828 0.0454639941 0.8031456470 0.0957258642 -0.5880421996
-315.5 323.1 2544.0 -0.9729279876 -0.2086410373 -0.0993983746 -0.0049166316 0.4486827254 -0.8936775923 0.2310561538 -0.8689952493 -0.4375618100
-96.3 324.2 2492.0 -0.3036832511 -0.2086410373 0.9296479821 -0.8743499517 0.4486827254 -0.1849213988 -0.3785348237 -0.8689952493 -0.3186827004
-481.4 299.1 2769.9 -0.1910899729 0.9503330588 -0.2456658632 -0.8963057399 -0.0669081211 0.4383598268 0.4001508057 0.3039578795 0.8645744324
-533.0 57.2 2877.9 -0.0938306972 0.9535001516 -0.2864144444 -0.9802263379 -0.0381354988 0.1941700727 0.1742186397 0.2989701033 0.9382242560
-332.4 -71.8 2539.3 -0.2737537622 0.2551127076 -0.9273490906 0.0435281470 0.9664793015 0.2530278563 0.9608143568 0.0289015435 -0.2756819427
-433.8 -456.1 2527.8 -0.2961033285 0.1762033403 -0.9387626052 -0.0697689205 0.9762215614 0.2052407265 0.9526044130 0.1262689084 -0.2767689228
-447.0 -92.4 2692.6 -0.7034092546 0.0492020659 -0.7090801001 0.0600630492 0.9981476665 0.0096773617 0.7082427740 -0.0357823670 -0.7050615549
-466.6 -489.2 2706.8 -0.7034092546 0.0492020659 -0.7090801001 0.0600630492 0.9981476665 0.0096773617 0.7082427740 -0.0357823670 -0.7050615549
-17.7 550.5 2589.9 0 0 0 0 0 0 0 0 0
-557.4 -197.5 2923.2 0 0 0 0 0 0 0 0 0
-496.3 -802.5 2483.0 0 0 0 0 0 0 0 0 0
-485.4 -870.7 2720.5 0 0 0 0 0 0 0 0 0
-401.9 507.0 2677.3 51 -0.5760799050 -0.0159649737 -0.8172374368 -0.0915083662 0.9947837591 0.0450718850 0.8122549653 0.1007490680 -0.5745358467
-398.7 308.1 2657.1 -0.5760799050 -0.0159649737 -0.8172374368 -0.0915083662 0.9947837591 0.0450718850 0.8122549653 0.1007490680 -0.5745358467
-396.4 110.0 2640.7 -0.5763171315 -0.0116020888 -0.8171437979 -0.0743715242 0.9964947104 0.0383043550 0.8138350248 0.0828476846 -0.5751598477
-317.6 318.6 2542.6 -0.9676361084 -0.2368044108 -0.0872008204 -0.0238132682 0.4297007322 -0.9026572704 0.2512234747 -0.8713672757 -0.4214330614
-104.5 323.8 2487.3 -0.3366511762 -0.2368044108 0.9113669395 -0.8776040673 0.4297007322 -0.2125284672 -0.3412873745 -0.8713672757 -0.3524797857
-479.8 297.7 2771.6 -0.1849142760 0.9551923275 -0.2311154008 -0.8908225894 -0.0636020079 0.4498777092 0.4150203168 0.2890716195 0.8626677990
-529.7 57.3 2883.6 -0.0914322138 0.9582916498 -0.2707715333 -0.9777870178 -0.0348947048 0.2066758126 0.1886072159 0.2836537063 0.9401956797
-338.9 -76.7 2545.3 -0.2653082907 0.2466491461 -0.9320814013 0.0274572652 0.9682660103 0.2484089434 0.9637725949 0.0403125472 -0.2636613250
-436.9 -461.7 2529.3 -0.2862181962 0.1703803986 -0.9428942800 -0.0825054497 0.9760256410 0.2014119774 0.9546056986 0.1354416907 -0.2652989924
-446.9 -94.9 2698.8 -0.6915715337 0.0491005257 -0.7206372023 0.0698449910 0.9975574017 0.0009405391 0.7189231515 -0.0496824458 -0.6933117509
-466.4 -491.4 2718.6 -0.6915715337 0.0491005257 -0.7206372023 0.0698449910 0.9975574017 0.0009405391 0.7189231515 -0.0496824458 -0.6933117509
-17.5 550.5 2575.4 0 0 0 0 0 0 0 0 0
-553.4 -196.9 2932.6 0 0 0 0 0 0 0 0 0
-496.4 -802.2 2482.1 0 0 0 0 0 0 0 0 0
-485.1 -872.7 2737.6 0 0 0 0 0 0 0 0 0
-401.0 506.8 2676.5 52 -0.5481217504 -0.0077952482 -0.8363622427 -0.0748597533 0.9964005351 0.0397735201 0.8330417275 0.0844106004 -0.5467323661
-399.4 307.9 2659.7 -0.5481217504 -0.0077952482 -0.8363622427 -0.0748597533 0.9964005351 0.0397735201 0.8330417275 0.0844106004 -0.5467323661
-398.3 109.6 2646.6 -0.5482320786 -0.0054226671 -0.8363086581 -0.0582137965 0.9978010058 0.0316915624 0.8342977166 0.0660590380 -0.5473421812
-322.3 316.1 2542.4 -0.9643194675 -0.2531540990 -0.0774659812 -0.0522421561 0.4688194990 -0.8817477226 0.2595356107 -0.8462395072 -0.4653170705
-106.9 327.8 2484.4 -0.3526579440 -0.2531540990 0.9008581638 -0.8592640758 0.4688194990 -0.2046301365 -0.3705368936 -0.8462395072 -0.3828591406
-476.5 299.8 2777.0 -0.1732910573 0.9643836617 -0.1998357326 -0.8829638362 -0.0622438230 0.4652962089 0.4362855256 0.2570793927 0.8623022437
-523.3 61.5 2894.7 -0.0879425704 0.9673862457 -0.2375499308 -0.9740865231 -0.0336296856 0.2236615121 0.2083783299 0.2510635555 0.9452753663
-341.2 -81.2 2549.6 -0.2443119138 0.2356380969 -0.9406308532 -0.0044187745 0.9697452188 0.2440792620 0.9696866274 0.0637879074 -0.2358790785
-434.8 -466.7 2524.2 -0.2576134205 0.1797729582 -0.9493771791 -0.0733471066 0.9760665894 0.2047295719 0.9634602070 0.1223751530 -0.2382620275
-447.4 -94.0 2709.9 -0.6662069559 0.0504895970 -0.7440558076 0.0846930519 0.9963731766 -0.0082206484 0.7409421802 -0.0684930086 -0.6680668592
-467.4 -490.1 2737.2 -0.6662069559 0.0504895970 -0.7440558076 0.0846930519 0.9963731766 -0.0082206484 0.7409421802 -0.0684930086 -0.6680668592
-16.5 548.1 2579.4 0 0 0 0 0 0 0 0 0
-546.1 -191.6 2948.9 0 0 0 0 0 0 0 0 0
-496.6 -802.2 2482.1 0 0 0 0 0 0 0 0 0
-486.7 -870.9 2763.4 0 0 0 0 0 0 0 0 0
-400.6 506.1 2675.6 53 -0.5390489697 -0.0038907493 -0.8422654271 -0.0684593096 0.9968831539 0.0392088965 0.8394876719 0.0787964240 -0.5376352072
-399.9 306.9 2659.9 -0.5390489697 -0.0038907493 -0.8422654271 -0.0684593096 0.9968831539 0.0392088965 0.8394876719 0.0787964240 -0.5376352072
-399.8 108.5 2648.0 -0.5390859842 -0.0002408510 -0.8422507048 -0.0506094694 0.9982022643 0.0321073458 0.8407288790 0.0599344820 -0.5381290317
-324.0 314.0 2541.7 -0.9672181606 -0.2539037466 0.0046809008 -0.1231298745 0.4527692795 -0.8830849528 0.2220991999 -0.8547121286 -0.4691897929
-99.8 342.6 2490.2 -0.3257301748 -0.2539037466 0.9107319713 -0.8720800877 0.4527692795 -0.1856780797 -0.3652071059 -0.8547121286 -0.3689050078
-475.7 299.8 2778.2 -0.1724827886 0.9668961167 -0.1880467087 -0.8793981075 -0.0651535690 0.4716078639 0.4437439144 0.2467121631 0.8615244627
-522.2 62.5 2897.9 -0.0901139677 0.9699611664 -0.2259530872 -0.9723533392 -0.0366116427 0.2306263894 0.2154261172 0.2404889017 0.9464442134
-346.8 -83.4 2557.0 -0.2391160131 0.2238064855 -0.9448460937 -0.0211211126 0.9716449380 0.2354995459 0.9707612395 0.0762679130 -0.2276088297
-435.8 -469.6 2526.7 -0.2504118085 0.1809830070 -0.9510725737 -0.0797040761 0.9751828313 0.2065566480 0.9648529291 0.1275285929 -0.2297722399
-449.1 -94.6 2713.2 -0.6574575901 0.0543299727 -0.7515302896 0.0923760906 0.9956850410 -0.0088324053 0.7478075624 -0.0752303600 -0.6596394777
-470.7 -490.4 2743.1 -0.6574575901 0.0543299727 -0.7515302896 0.0923760906 0.9956850410 -0.0088324053 0.7478075624 -0.0752303600 -0.6596394777
-15.7 567.7 2584.4 0 0 0 0 0 0 0 0 0
-545.7 -190.3 2953.9 0 0 0 0 0 0 0 0 0
-497.3 -801.1 2483.3 0 0 0 0 0 0 0 0 0
-491.5 -871.0 2771.9 0 0 0 0 0 0 0 0 0
-402.1 504.1 2677.2 54 -0.5334812999 -0.0082667731 -0.8457714319 -0.0746125728 0.9965139031 0.0373226814 0.8425144553 0.0830161422 -0.5322383642
-400.4 305.2 2660.6 -0.5334812999 -0.0082667731 -0.8457714319 -0.0746125728 0.9965139031 0.0373226814 0.8425144553 0.0830161422 -0.5322383642
-399.4 106.8 2647.9 -0.5335981846 -0.0048542279 -0.8457241654 -0.0568435006 0.9979281425 0.0301367994 0.8438256979 0.0641548634 -0.5327686071
-325.4 313.2 2541.9 -0.9639052749 -0.2586745024 0.0630403906 -0.1812732667 0.4641939700 -0.8669855595 0.1950040907 -0.8471195102 -0.4943298101
-93.6 356.8 2495.0 -0.3198441565 -0.2586745024 0.9114753008 -0.8686578870 0.4641939700 -0.1730820388 -0.3783294261 -0.8471195102 -0.3731693923
-475.5 297.2 2779.4 -0.1654682159 0.9687008262 -0.1850379258 -0.8820680380 -0.0614466593 0.4670976996 0.4411079586 0.2405058593 0.8646274805
-520.2 59.1 2898.4 -0.0840592161 0.9715870023 -0.2212526649 -0.9736784101 -0.0328790024 0.2255422920 0.2118593901 0.2343878448 0.9487770796
-350.2 -85.3 2559.0 -0.2330542803 0.2175220400 -0.9478237629 -0.0267350078 0.9728607535 0.2298416495 0.9720961452 0.0789056569 -0.2209139168
-436.7 -472.1 2527.7 -0.2447168231 0.1786975414 -0.9529852271 -0.0879060701 0.9747329354 0.2053489089 0.9656014442 0.1340255141 -0.2228249609
-447.4 -96.8 2712.6 -0.6532537937 0.0490269363 -0.7555500269 0.0859984905 0.9962479472 -0.0097092865 0.7522391677 -0.0713187903 -0.6550189853
-466.9 -492.9 2740.9 -0.6532537937 0.0490269363 -0.7555500269 0.0859984905 0.9962479472 -0.0097092865 0.7522391677 -0.0713187903 -0.6550189853
-10.8 581.6 2593.0 0 0 0 0 0 0 0 0 0
-542.0 -194.0 2953.5 0 0 0 0 0 0 0 0 0
-496.8 -800.0 2482.6 0 0 0 0 0 0 0 0 0
-485.6 -873.7 2768.2 0 0 0 0 0 0 0 0 0
-404.5 508.6 2687.0 55 -0.5207535625 -0.0149047431 -0.8535768986 -0.0998430923 0.9940494299 0.0435550623 0.8478484750 0.1079052091 -0.5191429257
-401.5 309.8 2665.4 -0.5207535625 -0.0149047431 -0.8535768986 -0.0998430923 0.9940494299 0.0435550623 0.8478484750 0.1079052091 -0.5191429257
-398.6 111.8 2648.7 -0.5210609436 -0.0147484932 -0.8533920646 -0.0792127401 0.9963710308 0.0311459359 0.8498357534 0.0838284567 -0.5203382969
-328.2 320.9 2545.9 -0.9636686444 -0.2612217069 0.0557316579 -0.1822935641 0.4907137752 -0.8520382047 0.1952225715 -0.8312419653 -0.5205044746
-90.9 365.8 2497.8 -0.3224743903 -0.2612217069 0.9098205566 -0.8560302258 0.4907137752 -0.1625185758 -0.4040081203 -0.8312419653 -0.3818562925
-474.8 298.6 2785.0 -0.1498688310 0.9725629687 -0.1779342890 -0.8922883272 -0.0555284061 0.4480381012 0.4258648753 0.2259156257 0.8761285543
-515.3 57.9 2899.9 -0.0707214996 0.9750559330 -0.2103911638 -0.9785009623 -0.0268484373 0.2044873387 0.1937379092 0.2203295976 0.9559918642
-349.5 -86.4 2557.8 -0.2141509056 0.2200350314 -0.9516953230 -0.0258273426 0.9726823568 0.2306989729 0.9764590859 0.0739841536 -0.2026178837
-437.0 -473.1 2528.3 -0.2273370922 0.1788882613 -0.9572443962 -0.0947925970 0.9742494226 0.2045785338 0.9691915512 0.1372479647 -0.2045257539
-443.5 -93.5 2710.0 -0.6435256004 0.0374328941 -0.7645087242 0.0641128793 0.9979295731 -0.0051050913 0.7627347708 -0.0523001142 -0.6445931792
-458.4 -490.2 2730.8 -0.6435256004 0.0374328941 -0.7645087242 0.0641128793 0.9979295731 -0.0051050913 0.7627347708 -0.0523001142 -0.6445931792
-7.5 587.1 2602.2 0 0 0 0 0 0 0 0 0
-533.6 -196.4 2950.2 0 0 0 0 0 0 0 0 0
-496.9 -799.3 2482.4 0 0 0 0 0 0 0 0 0
-472.7 -871.6 2750.8 0 0 0 0 0 0 0 0 0
-405.6 509.5 2682.9 56 -0.5212280154 -0.0210661627 -0.8531574011 -0.0924669877 0.9952040315 0.0319182053 0.8483933210 0.0955255553 -0.5206761360
-401.3 310.2 2663.8 -0.5212280154 -0.0210661627 -0.8531574011 -0.0924669877 0.9952040315 0.0319182053 0.8483933210 0.0955255553 -0.5206761360
-397.9 112.0 2648.6 -0.5215830803 -0.0174368415 -0.8530222774 -0.0740947276 0.9969396591 0.0249267556 0.8499770761 0.0762058273 -0.5212788582
-328.0 320.6 2544.2 -0.9619948268 -0.2609548271 0.0804270506 -0.2057948411 0.4992469549 -0.8416655660 0.1794837266 -0.8262294531 -0.5339761376
-89.4 371.6 2499.7 -0.3232794404 -0.2609548271 0.9096114635 -0.8516607881 0.4992469549 -0.1594565511 -0.4125097990 -0.8262294531 -0.3836412430
-474.7 299.7 2783.3 -0.1478870660 0.9725129604 -0.1798554659 -0.8893750906 -0.0512269549 0.4542991817 0.4325983822 0.2271439433 0.8725045919
-514.7 59.7 2900.1 -0.0682966262 0.9749363661 -0.2117419392 -0.9771668911 -0.0225678124 0.2112714201 0.2011976391 0.2213363200 0.9542168379
-347.9 -79.0 2554.1 -0.2128658891 0.2287924141 -0.9499168992 -0.0099655595 0.9716393948 0.2362575531 0.9770305753 0.0597576275 -0.2045488209
-438.9 -465.3 2530.4 -0.2291242629 0.1682868004 -0.9587395787 -0.0991401449 0.9757854342 0.1949718297 0.9683353305 0.1397223622 -0.2068921328
-442.3 -93.0 2711.4 -0.6443482041 0.0348242596 -0.7639389038 0.0682508126 0.9975949526 -0.0120909996 0.7616805434 -0.0599302687 -0.6451752782
-456.1 -489.5 2735.2 -0.6443482041 0.0348242596 -0.7639389038 0.0682508126 0.9975949526 -0.0120909996 0.7616805434 -0.0599302687 -0.6451752782
-5.8 591.9 2606.3 0 0 0 0 0 0 0 0 0
-532.4 -194.3 2952.4 0 0 0 0 0 0 0 0 0
-496.4 -799.0 2482.6 0 0 0 0 0 0 0 0 0
-469.4 -870.9 2758.2 0 0 0 0 0 0 0 0 0
-404.8 507.0 2688.8 57 -0.5342499614 -0.0159613993 -0.8451758027 -0.1089695469 0.9927801490 0.0501325503 0.8382735848 0.1188817397 -0.5321320891
-401.6 307.9 2665.0 -0.5342499614 -0.0159613993 -0.8451758027 -0.1089695469 0.9927801490 0.0501325503 0.8382735848 0.1188817397 -0.5321320891
-398.8 109.9 2647.2 -0.5346397758 -0.0137042385 -0.8449689150 -0.0828382894 0.9959030151 0.0362623408 0.8410101533 0.0893830657 -0.5335846543
-326.3 319.5 2546.7 -0.9558448195 -0.2808642983 0.0864636451 -0.2245661169 0.5083107948 -0.8313785195 0.1895541251 -0.8140856624 -0.5489388108
-87.7 375.6 2499.3 -0.3170074821 -0.2808642983 0.9058816433 -0.8497560024 0.5083107948 -0.1397673488 -0.4212137163 -0.8140856624 -0.3998044133
-476.8 296.2 2783.3 -0.1586311162 0.9687433839 -0.1907154471 -0.8943573236 -0.0591538362 0.4434250593 0.4182835519 0.2409087718 0.8757864237
-519.6 54.9 2896.2 -0.0759778917 0.9713935256 -0.2249933332 -0.9794315696 -0.0304049160 0.1994726062 0.1869254857 0.2355210930 0.9537236094
-346.6 -79.4 2555.5 -0.2260124981 0.2301988006 -0.9465341568 -0.0155267818 0.9707021117 0.2397839725 0.9740006328 0.0688908026 -0.2158165574
-438.1 -465.3 2528.1 -0.2399507314 0.1708235145 -0.9556374550 -0.0913303718 0.9760582447 0.1974059045 0.9664793611 0.1346464157 -0.2186045051
-445.1 -95.6 2706.6 -0.6553720236 0.0404776409 -0.7542208433 0.0612076409 0.9981249571 0.0003818132 0.7528221607 -0.0459138490 -0.6566206813
-461.2 -492.4 2724.8 -0.6553720236 0.0404776409 -0.7542208433 0.0612076409 0.9981249571 0.0003818132 0.7528221607 -0.0459138490 -0.6566206813
-5.4 596.1 2608.6 0 0 0 0 0 0 0 0 0
-539.4 -199.7 2944.8 0 0 0 0 0 0 0 0 0
-496.6 -799.6 2482.0 0 0 0 0 0 0 0 0 0
-476.7 -874.0 2742.4 0 0 0 0 0 0 0 0 0
-405.4 509.1 2692.8 58 -0.5335400701 -0.0196297206 -0.8455469608 -0.1193261221 0.9914778471 0.0522772111 0.8373149037 0.1287878305 -0.5313355327
-401.4 310.0 2666.9 -0.5335400701 -0.0196297206 -0.8455469608 -0.1193261221 0.9914778471 0.0522772111 0.8373149037 0.1287878305 -0.5313355327
-398.4 112.2 2646.9 -0.5339940190 -0.0151844686 -0.8453518748 -0.0934270397 0.9947754741 0.0411477722 0.8403105140 0.1009513885 -0.5326228142
-326.3 323.1 2548.7 -0.9565260410 -0.2801842391 0.0809614360 -0.2192604393 0.5078059435 -0.8331014514 0.1923092008 -0.8146348596 -0.5471628904
-87.3 377.9 2500.7 -0.3148635030 -0.2801842391 0.9068394303 -0.8502922058 0.5078059435 -0.1383340359 -0.4217393994 -0.8146348596 -0.3981280327
-476.6 296.8 2785.2 -0.1570315212 0.9689768553 -0.1908532232 -0.8993785381 -0.0604735203 0.4329679310 0.4079943597 0.2396389097 0.8809732199
-518.9 54.1 2895.3 -0.0743961260 0.9715799689 -0.2247166485 -0.9816434383 -0.0316661336 0.1880781353 0.1756170392 0.2345839143 0.9561009407
-347.0 -80.4 2552.3 -0.2219753265 0.2277315110 -0.9480850697 -0.0126648350 0.9715873599 0.2363420278 0.9749700427 0.0644694418 -0.2127842456
-437.6 -466.7 2526.7 -0.2358246446 0.1742023677 -0.9560545087 -0.0867307261 0.9761033058 0.1992488354 0.9679176211 0.1299070865 -0.2150805295
-444.4 -94.1 2703.9 -0.6550003886 0.0389552228 -0.7546237111 0.0514966734 0.9986496568 0.0068541113 0.7538717389 -0.0343711674 -0.6561219692
-459.8 -491.1 2717.6 -0.6550003886 0.0389552228 -0.7546237111 0.0514966734 0.9986496568 0.0068541113 0.7538717389 -0.0343711674 -0.6561219692
-5.7 598.4 2610.0 0 0 0 0 0 0 0 0 0
-538.3 -201.1 2940.9 0 0 0 0 0 0 0 0 0
-497.0 -799.8 2482.3 0 0 0 0 0 0 0 0 0
-474.7 -872.8 2730.7 0 0 0 0 0 0 0 0 0
-402.4 509.6 2695.8 59 -0.5188617110 -0.0107222367 -0.8547909260 -0.1229088381 0.9904679656 0.0621820576 0.8459763527 0.1373252571 -0.5152337551
-400.3 311.5 2668.3 -0.5188617110 -0.0107222367 -0.8547909260 -0.1229088381 0.9904679656 0.0621820576 0.8459763527 0.1373252571 -0.5152337551
-399.2 113.9 2646.6 -0.5190817714 -0.0056423843 -0.8547059894 -0.0962256268 0.9940066934 0.0518779568 0.8492907286 0.1091735214 -0.5165137053
-327.2 325.0 2548.8 -0.9562739730 -0.2782791257 0.0900048092 -0.2306667119 0.5283935666 -0.8170636892 0.1798138171 -0.8020978570 -0.5694787502
-86.4 383.1 2503.5 -0.3129334152 -0.2782791257 0.9080932736 -0.8393958807 0.5283935666 -0.1273372769 -0.4443953335 -0.8020978570 -0.3989383578
-473.3 297.9 2787.8 -0.1564577818 0.9727351069 -0.1711938381 -0.9014433622 -0.0698013902 0.4272325039 0.4036344886 0.2211654037 0.8877866268
-515.6 54.6 2896.8 -0.0787887946 0.9754676223 -0.2055607587 -0.9824332595 -0.0409863368 0.1820575595 0.1691660732 0.2162938416 0.9615611434
-346.4 -77.0 2549.7 -0.2028361112 0.2250864357 -0.9529919028 -0.0139667783 0.9724585414 0.2326569557 0.9791131020 0.0605014600 -0.1941059828
-435.9 -463.6 2525.7 -0.2167431861 0.1775851846 -0.9599405527 -0.0872886032 0.9758512974 0.2002373338 0.9723184109 0.1271919459 -0.1960079521
-445.7 -92.6 2702.9 -0.6405375004 0.0461012796 -0.7665418386 0.0504275747 0.9985669851 0.0179174356 0.7662693858 -0.0271780565 -0.6419443488
-464.0 -489.6 2713.7 -0.6405375004 0.0461012796 -0.7665418386 0.0504275747 0.9985669851 0.0179174356 0.7662693858 -0.0271780565 -0.6419443488
-5.5 600.2 2618.5 0 0 0 0 0 0 0 0 0
-536.0 -200.8 2940.7 0 0 0 0 0 0 0 0 0
-497.1 -800.0 2481.8 0 0 0 0 0 0 0 0 0
-481.6 -871.3 2724.0 0 0 0 0 0 0 0 0 0
-402.2 509.1 2695.8 60 -0.4937691689 -0.0074029169 -0.8695614934 -0.1201232225 0.9909578562 0.0597739965 0.8612563014 0.1339690834 -0.4901936948
-400.8 311.5 2669.1 -0.4937691689 -0.0074029169 -0.8695614934 -0.1201232225 0.9909578562 0.0597739965 0.8612563014 0.1339690834 -0.4901936948
-400.1 113.9 2647.7 -0.4939050972 -0.0034894077 -0.8695088029 -0.0953521878 0.9941783547 0.0501729660 0.8642717600 0.1076902524 -0.4913624823
