-295.4 419.1 2810.3 09 0.5337851048 0.0825158805 -0.8415845633 -0.1154029593 0.9930247068 0.0241686106 0.8377085924 0.0842205063 0.5395843387
-312.0 218.9 2793.4 0.5337851048 0.0825158805 -0.8415845633 -0.1154029593 0.9930247068 0.0241686106 0.8377085924 0.0842205063 0.5395843387
-324.9 21.0 2781.2 0.5359133482 0.0656688139 -0.8417152166 -0.0868361592 0.9959703684 0.0224155858 0.8397954106 0.0610785037 0.5394563079
-390.1 231.6 2670.9 -0.1110920534 -0.1592570394 -0.9809667468 0.7356853485 0.6504453421 -0.1889124066 0.6681509018 -0.7426695228 0.0449037552
-361.8 43.9 2500.5 -0.8747283816 -0.1592570394 0.4576979876 -0.4417333007 0.6504453421 -0.6178936362 -0.1993036270 -0.7426695228 -0.6393121481
-233.9 206.2 2915.8 0.1340812296 0.9896314740 0.0514956564 -0.9839255214 0.1267629415 0.1257843524 0.1179524139 -0.0675332099 0.9907202125
-199.0 -50.0 2946.5 0.0900067985 0.9896314740 0.1119301394 -0.9137476087 0.1267629415 -0.3860006332 -0.3961869478 -0.0675332099 0.9156829119
-391.9 -172.9 2693.4 0.2702070773 0.0642856136 -0.9606536627 -0.2471164614 0.9689745307 -0.0046650497 0.9305490851 0.2386538684 0.2777098119
-417.4 -558.0 2598.6 0.2781495452 0.2717129588 -0.9213060737 -0.2197924107 0.9517125487 0.2143234313 0.9350529909 0.1428821236 0.3244388402
-290.0 -186.7 2844.6 -0.5771202445 0.0667812824 0.8139241338 0.1604864299 0.9864910841 0.0328541994 -0.8007348776 0.1495846063 -0.5800414681
-316.6 -578.7 2785.2 -0.5761386752 -0.0340874419 0.8166408539 0.0928752199 0.9899285436 0.1068439558 -0.8120581508 0.1374026239 -0.5671702027
-135.6 158.1 2552.0 0 0 0 0 0 0 0 0 0
-173.7 -306.1 2835.5 0 0 0 0 0 0 0 0 0
-511.0 -885.7 2549.4 0 0 0 0 0 0 0 0 0
-306.6 -869.3 2744.9 0 0 0 0 0 0 0 0 0
-287.2 421.6 2815.5 10 0.5123378634 0.0993193537 -0.8530214429 -0.1366065741 0.9900679588 0.0332279950 0.8478493690 0.0995043740 0.5208169818
-307.3 221.5 2795.4 0.5123378634 0.0993193537 -0.8530214429 -0.1366065741 0.9900679588 0.0332279950 0.8478493690 0.0995043740 0.5208169818
-323.7 24.1 2780.7 0.5151021481 0.0830448419 -0.8530963063 -0.1065354943 0.9937804341 0.0324133113 0.8504822254 0.0741888732 0.5207456350
-382.4 237.0 2671.4 -0.1381624788 -0.1387631148 -0.9806405902 0.7443945408 0.6385607123 -0.1952357143 0.6532900333 -0.7569577694 0.0150693841
-347.2 47.4 2505.0 -0.8848637342 -0.1387631148 0.4447032213 -0.4231764972 0.6385607123 -0.6427767277 -0.1947762966 -0.7569577694 -0.6237604618
-232.1 205.9 2919.5 0.1417349428 0.9867660999 0.0787646919 -0.9788671136 0.1278613210 0.1595952660 0.1474122405 -0.0997203887 0.9840353131
-195.3 -48.4 2957.8 0.0770259276 0.9867660999 0.1426873505 -0.9107913375 0.1278613210 -0.3925692141 -0.4056181908 -0.0997203887 0.9085866809
-386.9 -168.9 2692.2 0.2449223548 0.0478627086 -0.9683606029 -0.2552857399 0.9667199254 -0.0167864673 0.9353300333 0.2513200343 0.2489899844
-405.9 -553.0 2592.4 0.2614260316 0.2764953077 -0.9247738719 -0.2002749443 0.9527804255 0.2282528132 0.9442173243 0.1255378127 0.3044567108
-288.8 -184.8 2845.9 -0.5573113561 0.0760198012 0.8268162012 0.1614627689 0.9867125750 0.0181120522 -0.8144530654 0.1435940862 -0.5621805191
-319.0 -576.9 2788.9 -0.5559527278 -0.0389279276 0.8303018808 0.0955676734 0.9892850518 0.1103718206 -0.8257017732 0.1407115310 -0.5462754369
-118.6 156.8 2555.3 0 0 0 0 0 0 0 0 0
-173.7 -304.1 2843.9 0 0 0 0 0 0 0 0 0
-501.2 -881.1 2549.1 0 0 0 0 0 0 0 0 0
-307.5 -868.3 2747.4 0 0 0 0 0 0 0 0 0
-280.7 423.4 2817.7 11 0.4866165817 0.1114599779 -0.8664761782 -0.1432871670 0.9885789156 0.0466961116 0.8617848158 0.1014318168 0.4970296919
-303.2 223.8 2797.2 0.4866165817 0.1114599779 -0.8664761782 -0.1432871670 0.9885789156 0.0466961116 0.8617848158 0.1014318168 0.4970296919
-321.6 26.6 2782.2 0.4899331629 0.0927413553 -0.8668128848 -0.1111053154 0.9928592443 0.0434291326 0.8646508455 0.0750301480 0.4967387319
-374.7 240.0 2671.0 -0.1742919236 -0.1073922887 -0.9788203239 0.7588319182 0.6188364029 -0.2030163556 0.6275320053 -0.7781442404 -0.0263654944
-330.0 45.4 2510.0 -0.8747431636 -0.1073922887 0.4725371301 -0.4308044612 0.6188364029 -0.6568478346 -0.2218827903 -0.7781442404 -0.5875879526
-231.7 207.6 2923.4 0.1400009841 0.9873499274 0.0744303018 -0.9751297235 0.1244427115 0.1834013462 0.1718189865 -0.0982555673 0.9802163243
-195.4 -45.5 2968.0 0.0749651790 0.9873499274 0.1397153139 -0.9124317169 0.1244427115 -0.3898491561 -0.4023040831 -0.0982555673 0.9102182388
-387.2 -163.6 2688.0 0.2157422453 0.0270291381 -0.9760761857 -0.2566797733 0.9660313129 -0.0299829859 0.9421097636 0.2570075989 0.2153516114
-398.0 -547.4 2585.9 0.2396069914 0.2738365829 -0.9314515591 -0.1769812107 0.9556432962 0.2354219854 0.9546025991 0.1084406748 0.2774427533
-292.9 -183.1 2843.8 -0.5343546867 0.0628792718 0.8429182768 0.1412357986 0.9898515940 0.0156941228 -0.8333771825 0.1274364740 -0.5378126502
-317.9 -576.4 2793.1 -0.5333146453 -0.0418971218 0.8448787928 0.1107947603 0.9867091775 0.1188676357 -0.8386298418 0.1570019871 -0.5215844512
-103.8 156.8 2567.4 0 0 0 0 0 0 0 0 0
-174.3 -301.9 2854.9 0 0 0 0 0 0 0 0 0
-492.8 -878.2 2548.3 0 0 0 0 0 0 0 0 0
-305.5 -868.9 2746.6 0 0 0 0 0 0 0 0 0
-277.4 417.6 2818.2 12 0.4796064496 0.1234363392 -0.8687583804 -0.1545246989 0.9864649773 0.0548536740 0.8637706637 0.1079364493 0.4921889305
-302.1 219.6 2796.5 0.4796064496 0.1234363392 -0.8687583804 -0.1545246989 0.9864649773 0.0548536740 0.8637706637 0.1079364493 0.4921889305
-322.8 22.7 2779.6 0.4829734266 0.1040692031 -0.8694286942 -0.1252603978 0.9909117818 0.0490275472 0.8666293621 0.0852259770 0.4916197956
-372.6 237.9 2670.0 -0.2107801139 -0.0785938650 -0.9743688703 0.7578094602 0.6165013313 -0.2136607468 0.6174921393 -0.7834214568 -0.0703870356
-319.0 45.0 2512.9 -0.8618389964 -0.0785938650 0.5010554194 -0.4369957447 0.6165013313 -0.6549510360 -0.2574261725 -0.7834214568 -0.5656700730
-231.6 201.3 2923.1 0.1347519457 0.9875787497 0.0808089525 -0.9757150412 0.1180347055 0.1845208108 0.1726905704 -0.1037110537 0.9795008898
-196.7 -51.9 2967.9 0.0655474067 0.9875787497 0.1427995563 -0.9093689322 0.1180347055 -0.3988933563 -0.4107939303 -0.1037110537 0.9058103561
-384.9 -160.5 2688.1 0.2069594115 0.0241372436 -0.9780517220 -0.2560735941 0.9661809802 -0.0303418487 0.9442425966 0.2567327619 0.2061411589
-394.4 -544.4 2586.0 0.2255887389 0.2562259734 -0.9399244785 -0.1889923960 0.9579758644 0.2157872766 0.9557152390 0.1289594024 0.2645333111
-295.1 -180.9 2846.5 -0.5274948478 0.0576317869 0.8476011753 0.1517040431 0.9880508184 0.0272297561 -0.8359037638 0.1429480910 -0.5299347043
-318.0 -573.4 2789.7 -0.5260775089 -0.0397779718 0.8495058417 0.0948887467 0.9899227023 0.1051151752 -0.8451263905 0.1359072775 -0.5170015693
-95.9 158.2 2579.5 0 0 0 0 0 0 0 0 0
-178.2 -307.6 2852.4 0 0 0 0 0 0 0 0 0
-482.6 -874.2 2541.6 0 0 0 0 0 0 0 0 0
-306.0 -871.1 2748.8 0 0 0 0 0 0 0 0 0
-274.1 414.2 2819.0 13 0.4642466307 0.1179901883 -0.8778117299 -0.1573479027 0.9863089919 0.0493574589 0.8716173172 0.1152077988 0.4764561355
-297.7 216.7 2795.9 0.4642466307 0.1179901883 -0.8778117299 -0.1573479027 0.9863089919 0.0493574589 0.8716173172 0.1152077988 0.4764561355
-317.6 19.8 2778.0 0.4675843716 0.1004330292 -0.8782243729 -0.1271350086 0.9908356667 0.0456219278 0.8747580051 0.0903209597 0.4760678113
-366.0 235.3 2668.2 -0.2057690620 -0.0637923703 -0.9765191078 0.7575556040 0.6213070750 -0.2002174407 0.6194906235 -0.7809661031 -0.0795195177
-314.2 44.7 2512.4 -0.8716865182 -0.0637923703 0.4858941138 -0.4157075286 0.6213070750 -0.6642023325 -0.2595184147 -0.7809661031 -0.5681040287
-229.4 198.1 2923.7 0.1372743100 0.9882049561 0.0678726733 -0.9746403694 0.1225291118 0.1872506589 0.1767256558 -0.0918561518 0.9799645543
-193.8 -54.8 2969.5 0.0742333829 0.9882049561 0.1339415461 -0.9079306126 0.1225291118 -0.4008099735 -0.4124941528 -0.0918561518 0.9063172936
-387.7 -162.7 2683.2 0.1907907873 0.0117985820 -0.9815598130 -0.2393061668 0.9703184366 -0.0348517001 0.9520143867 0.2415426970 0.1879512966
-392.4 -548.2 2587.2 0.1996635348 0.2338254899 -0.9515566826 -0.2035988569 0.9598159790 0.1931342334 0.9584789872 0.1551739872 0.2392468601
-299.2 -185.6 2842.0 -0.5133119226 0.0567025803 0.8563268185 0.1424680352 0.9895998836 0.0198728722 -0.8462941051 0.1322001815 -0.5160517693
-321.7 -578.9 2789.5 -0.5107496977 -0.0589874983 0.8577034473 0.0852084756 0.9892582893 0.1187753975 -0.8554965258 0.1337480992 -0.5002371073
-88.3 152.5 2579.7 0 0 0 0 0 0 0 0 0
-172.9 -310.1 2853.5 0 0 0 0 0 0 0 0 0
-471.9 -874.4 2534.5 0 0 0 0 0 0 0 0 0
-304.3 -870.6 2750.1 0 0 0 0 0 0 0 0 0
-270.9 412.4 2819.4 14 0.4494948983 0.1177582815 -0.8854870796 -0.1568242013 0.9862800241 0.0515546426 0.8794091940 0.1156922430 0.4617951810
-294.6 214.2 2796.1 0.4494948983 0.1177582815 -0.8854870796 -0.1568242013 0.9862800241 0.0515546426 0.8794091940 0.1156922430 0.4617951810
-313.7 17.3 2778.3 0.4530310333 0.0963558182 -0.8862722516 -0.1241647080 0.9912720919 0.0443028361 0.8828057647 0.0899731740 0.4610410035
-360.7 232.4 2667.2 -0.2562376261 -0.0252849758 -0.9662830830 0.7480551004 0.6279131174 -0.2147990018 0.6121730208 -0.7778725624 -0.1419804096
-296.8 45.7 2514.5 -0.8564406633 -0.0252849758 0.5156258941 -0.4149540663 0.6279131174 -0.6584361792 -0.3071197569 -0.7778725624 -0.5482624173
-228.4 196.1 2925.1 0.1385121197 0.9889218807 0.0533656701 -0.9732243419 0.1259369850 0.1922869682 0.1834360808 -0.0785708427 0.9798866510
-192.5 -56.5 2972.7 0.0831876323 0.9889218807 0.1229362413 -0.9085957408 0.1259369850 -0.3982382417 -0.4093087316 -0.0785708427 0.9090065956
-380.4 -165.4 2679.8 0.1751798093 0.0257180035 -0.9842004776 -0.2417291552 0.9701827765 -0.0176741444 0.9543998241 0.2410061061 0.1761732250
-390.7 -550.9 2584.1 0.1819449365 0.2152885050 -0.9594513774 -0.2120121866 0.9613766670 0.1755157262 0.9601806402 0.1714811772 0.2205614001
-294.7 -188.7 2840.2 -0.4996571243 0.0693562776 0.8634422421 0.1331617981 0.9910910130 -0.0025515845 -0.8559268117 0.1137025952 -0.5044413209
-322.3 -582.5 2795.0 -0.4978856444 -0.0650450736 0.8647999763 0.1027645990 0.9857328534 0.1333049089 -0.8611325622 0.1552414298 -0.4840978980
-73.2 154.1 2594.7 0 0 0 0 0 0 0 0 0
-169.1 -312.0 2857.6 0 0 0 0 0 0 0 0 0
-462.9 -873.5 2526.5 0 0 0 0 0 0 0 0 0
-303.2 -871.1 2749.6 0 0 0 0 0 0 0 0 0
-267.0 410.5 2820.6 15 0.4447852671 0.1211218834 -0.8874094486 -0.1713401526 0.9840208888 0.0484296009 0.8790953159 0.1305080950 0.4584310353
-291.5 211.4 2794.2 0.4447852671 0.1211218834 -0.8874094486 -0.1713401526 0.9840208888 0.0484296009 0.8790953159 0.1305080950 0.4584310353
-310.2 14.5 2775.3 0.4495964646 0.0939513221 -0.8882770538 -0.1271575987 0.9910569191 0.0404620320 0.8841345906 0.0947595909 0.4575223029
-357.2 230.0 2665.0 -0.2638345659 -0.0004234104 -0.9645678401 0.7483338118 0.6308609247 -0.2049658149 0.6085949540 -0.7758957744 -0.1661260724
-291.8 44.5 2514.2 -0.8506039381 -0.0004234104 0.5258067846 -0.4081985652 0.6308609247 -0.6598396897 -0.3314315975 -0.7758957744 -0.5367856622
-225.9 192.8 2923.3 0.1406894475 0.9887796044 0.0502129234 -0.9733871222 0.1288762242 0.1894952655 0.1808978021 -0.0755365938 0.9805968404
-189.3 -59.8 2970.2 0.0866118893 0.9887796044 0.1217096448 -0.9065933228 0.1288762242 -0.4018450379 -0.4130216539 -0.0755365938 0.9075832367
-374.4 -168.3 2679.4 0.1720584184 0.0322510637 -0.9845586419 -0.2325914502 0.9725348353 -0.0087897591 0.9572340846 0.2305122763 0.1748341173
-387.2 -554.8 2587.8 0.1710911691 0.1909083724 -0.9665825367 -0.2374700457 0.9601160884 0.1475975066 0.9562090635 0.2042817622 0.2096024156
-291.3 -191.1 2841.3 -0.4971385300 0.0908849314 0.8628981113 0.1260647476 0.9915121198 -0.0318019763 -0.8584643006 0.0929710492 -0.5043762922
-327.4 -584.9 2804.4 -0.4967506528 -0.0816528425 0.8640437722 0.1213448644 0.9792513251 0.1623028815 -0.8593685031 0.1854713410 -0.4765355885
-67.0 152.4 2601.8 0 0 0 0 0 0 0 0 0
-165.0 -314.8 2854.1 0 0 0 0 0 0 0 0 0
-450.7 -874.2 2519.9 0 0 0 0 0 0 0 0 0
-303.4 -873.0 2749.8 0 0 0 0 0 0 0 0 0
-263.7 409.3 2819.7 16 0.4177576303 0.1285089999 -0.8994242549 -0.1822937131 0.9816713929 0.0555900298 0.8900828958 0.1407362223 0.4335271120
-289.7 210.7 2791.2 0.4177576303 0.1285089999 -0.8994242549 -0.1822937131 0.9816713929 0.0555900298 0.8900828958 0.1407362223 0.4335271120
-310.5 14.2 2770.4 0.4228223860 0.1045564860 -0.9001606107 -0.1394692212 0.9889952540 0.0493635871 0.8954158425 0.1046726704 0.4327517450
-351.5 231.1 2660.5 -0.2488536835 0.0201873593 -0.9683306813 0.7514413595 0.6348061562 -0.1798805892 0.6110709906 -0.7724076509 -0.1731434613
-290.3 46.3 2510.2 -0.8523849845 0.0201873593 0.5225248933 -0.3928389549 0.6348061562 -0.6653560400 -0.3451338112 -0.7724076509 -0.5331688523
-228.0 190.4 2921.9 0.1229555234 0.9920762181 0.0258214250 -0.9763275981 0.1162562892 0.1823976487 0.1779504567 -0.0476369672 0.9828857183
-196.1 -62.9 2968.1 0.0859927461 0.9920762181 0.0915972367 -0.9047558904 0.1162562892 -0.4097575247 -0.4171594679 -0.0476369672 0.9075840116
-370.1 -170.8 2675.4 0.1429567188 0.0520514473 -0.9883592725 -0.2200256586 0.9752984047 0.0195389967 0.9649622440 0.2146711648 0.1508781165
-390.8 -558.3 2590.1 0.1369637251 0.1406596154 -0.9805385470 -0.2620511651 0.9597465396 0.1010731086 0.9552853703 0.2431079000 0.1683104783
-287.6 -194.1 2837.6 -0.4712043405 0.1232138723 0.8733755350 0.1377286911 0.9883267283 -0.0651234239 -0.8712044954 0.0896024257 -0.4826739430
-336.6 -586.6 2802.0 -0.4676041007 -0.1089902967 0.8771929741 0.1027684435 0.9789364338 0.1764144599 -0.8779436350 0.1726398766 -0.4465539455
-63.4 150.9 2602.1 0 0 0 0 0 0 0 0 0
-171.9 -317.4 2850.8 0 0 0 0 0 0 0 0 0
-437.5 -876.9 2509.4 0 0 0 0 0 0 0 0 0
-304.3 -876.6 2750.8 0 0 0 0 0 0 0 0 0
-256.8 414.5 2819.2 17 0.4056250453 0.1397292614 -0.9032962322 -0.1855812669 0.9802525043 0.0682982430 0.8950016499 0.1399313807 0.4235460758
-285.3 214.5 2790.7 0.4056250453 0.1397292614 -0.9032962322 -0.1855812669 0.9802525043 0.0682982430 0.8950016499 0.1399313807 0.4235460758
-306.7 17.9 2770.8 0.4118997455 0.1074972078 -0.9048662782 -0.1355958432 0.9891921282 0.0557911173 0.9010840058 0.0997157618 0.4220241904
-345.5 234.2 2659.1 -0.2256609052 0.0378655680 -0.9734697342 0.7593750954 0.6327892542 -0.1514174938 0.6102676392 -0.7733976841 -0.1715499610
-289.8 46.9 2508.5 -0.8671060205 0.0378655680 0.4966823757 -0.3638780713 0.6327892542 -0.6834987402 -0.3401763141 -0.7733976841 -0.5349168777
-225.2 194.7 2922.2 0.1169647500 0.9930126667 0.0156571027 -0.9755980372 0.1119352654 0.1888887137 0.1858163029 -0.0373683609 0.9818736911
-194.8 -58.5 2970.5 0.0868713707 0.9930126667 0.0798702911 -0.9077078700 0.1119352654 -0.4043970406 -0.4105116725 -0.0373683609 0.9110893607
-370.0 -169.5 2667.5 0.1325608939 0.0523778722 -0.9897899628 -0.1841825247 0.9825121164 0.0273254868 0.9739118814 0.1786797345 0.1398897767
-390.8 -559.6 2596.5 0.1207779124 0.1106089726 -0.9864979982 -0.2943531573 0.9530689120 0.0708228648 0.9480342269 0.2818249464 0.1476677656
-292.5 -195.0 2831.6 -0.4622314572 0.1250132322 0.8779030442 0.1210845411 0.9896379113 -0.0771711096 -0.8784535527 0.0706295744 -0.4725789428
-342.1 -588.1 2803.6 -0.4587130845 -0.1251888573 0.8797215819 0.0920555517 0.9780036807 0.1871754080 -0.8838031888 0.1668430567 -0.4370987415
-58.8 143.8 2599.1 0 0 0 0 0 0 0 0 0
-170.4 -313.8 2855.0 0 0 0 0 0 0 0 0 0
-428.3 -882.8 2500.9 0 0 0 0 0 0 0 0 0
-305.2 -876.7 2754.3 0 0 0 0 0 0 0 0 0
-255.1 414.1 2820.5 18 0.3950540423 0.1471857876 -0.9067903161 -0.1950969100 0.9780073166 0.0737490878 0.8977023363 0.1477771103 0.4150812328
-285.1 214.4 2790.3 0.3950540423 0.1471857876 -0.9067903161 -0.1950969100 0.9780073166 0.0737490878 0.8977023363 0.1477771103 0.4150812328
-308.5 18.3 2768.7 0.4014838040 0.1174638122 -0.9083022475 -0.1473536640 0.9871057868 0.0625222549 0.9039345384 0.1087399870 0.4136157334
-343.8 235.9 2658.3 -0.2197682559 0.0518750623 -0.9741718769 0.7545378208 0.6420028806 -0.1360329986 0.6183643937 -0.7649453282 -0.1802335382
-289.4 49.1 2505.2 -0.8738328815 0.0518750623 0.4834512174 -0.3416309953 0.6420028806 -0.6863822341 -0.3459831774 -0.7649453282 -0.5432810783
-226.5 192.9 2922.3 0.1044635475 0.9944947958 0.0082157971 -0.9782440066 0.1012606993 0.1810659766 0.1792372316 -0.0269518476 0.9834366441
-199.4 -60.9 2968.8 0.0808775127 0.9944947958 0.0666255131 -0.9052995443 0.1012606993 -0.4125275314 -0.4170030057 -0.0269518476 0.9085053802
-365.8 -166.2 2668.4 0.1217960045 0.0560592115 -0.9909707904 -0.1787750721 0.9833142757 0.0336535983 0.9763222933 0.1730619967 0.1297857314
-388.0 -556.9 2599.6 0.1094993651 0.1059403941 -0.9883251190 -0.2991515994 0.9517168403 0.0688724220 0.9479020238 0.2881175578 0.1359046251
-290.2 -191.1 2833.6 -0.4524796009 0.1439469457 0.8800804019 0.1312020421 0.9868927002 -0.0939618051 -0.8820704222 0.0729525462 -0.4654349387
-347.4 -583.1 2804.6 -0.4465212524 -0.1430522949 0.8832637072 0.0876084715 0.9754044414 0.2022645026 -0.8904737830 0.1676967889 -0.4230062366
-56.6 140.1 2597.4 0 0 0 0 0 0 0 0 0
-176.7 -315.5 2851.6 0 0 0 0 0 0 0 0 0
-424.7 -886.3 2499.9 0 0 0 0 0 0 0 0 0
-304.5 -875.5 2754.4 0 0 0 0 0 0 0 0 0
-257.5 414.3 2819.6 19 0.3833425045 0.1399576217 -0.9129405022 -0.1944102347 0.9785339832 0.0683807805 0.9029137492 0.1512717158 0.4023228586
-285.9 215.4 2788.9 0.3833425045 0.1399576217 -0.9129405022 -0.1944102347 0.9785339832 0.0683807805 0.9029137492 0.1512717158 0.4023228586
-308.8 19.4 2766.1 0.3889560997 0.1155389920 -0.9139824510 -0.1512323916 0.9866532683 0.0603667609 0.9087584615 0.1147437319 0.4012380242
-342.7 237.5 2656.2 -0.2187152952 0.0756742507 -0.9728499651 0.7377050519 0.6654132009 -0.1140902862 0.6387134790 -0.7426295877 -0.2013613135
-288.7 55.5 2498.6 -0.8763970137 0.0756742507 0.4756066203 -0.3108489811 0.6654132009 -0.6786738634 -0.3678330481 -0.7426295877 -0.5596428514
-229.1 193.3 2921.6 0.1024299189 0.9947255254 -0.0054069464 -0.9789660573 0.1017682925 0.1768295765 0.1764471531 -0.0128194224 0.9842266440
-202.5 -60.7 2967.4 0.0870180950 0.9947255254 0.0543044657 -0.9034325480 0.1017682925 -0.4164766371 -0.4198064208 -0.0128194224 0.9075231552
-368.6 -164.3 2664.2 0.1088641733 0.0406991392 -0.9932231307 -0.1713234335 0.9849783778 0.0215830561 0.9791817665 0.1678127646 0.1142015755
-384.8 -555.7 2597.5 0.0958100706 0.1130006388 -0.9889647365 -0.2896793783 0.9536980391 0.0809071139 0.9523162842 0.2787309885 0.1241078302
-295.0 -191.3 2829.9 -0.4402886629 0.1310730726 0.8882374167 0.1346429437 0.9877387881 -0.0790151283 -0.8877032995 0.0848054439 -0.4525382221
-347.1 -583.8 2796.3 -0.4325392246 -0.1348411441 0.8914750218 0.0719850659 0.9804322124 0.1832232773 -0.8987368941 0.1434241384 -0.4143688381
-55.6 138.2 2596.4 0 0 0 0 0 0 0 0 0
-178.0 -314.8 2849.3 0 0 0 0 0 0 0 0 0
-423.9 -886.0 2501.0 0 0 0 0 0 0 0 0 0
-306.5 -878.5 2753.1 0 0 0 0 0 0 0 0 0
-259.9 412.1 2819.2 20 0.3663729727 0.1411352456 -0.9197019339 -0.1984485984 0.9775394201 0.0709567443 0.9090594053 0.1565169394 0.3861521184
-288.5 214.0 2787.5 0.3663729727 0.1411352456 -0.9197019339 -0.1984485984 0.9775394201 0.0709567443 0.9090594053 0.1565169394 0.3861521184
-311.8 18.1 2763.5 0.3719518483 0.1171995774 -0.9208235741 -0.1560498476 0.9857740998 0.0624324642 0.9150411487 0.1204725057 0.3849494755
-342.8 236.8 2653.8 -0.2599060237 0.0949143916 -0.9609578848 0.7156282663 0.6870795488 -0.1256895512 0.6483247876 -0.7203561664 -0.2464995384
-278.9 60.8 2494.4 -0.8569998145 0.0949143916 0.5065003633 -0.3117812276 0.6870795488 -0.6562882066 -0.4102972150 -0.7203561664 -0.5592344999
-234.2 191.2 2921.1 0.0955459625 0.9951728582 -0.0224035606 -0.9799861908 0.0979887694 0.1732781380 0.1746369898 0.0053991540 0.9846180677
-209.4 -63.1 2966.4 0.0911245719 0.9951728582 0.0364316106 -0.9022352695 0.0979887694 -0.4199639559 -0.4215066433 0.0053991540 0.9068092704
-367.4 -162.8 2659.9 0.0914197192 0.0440065488 -0.9948396087 -0.1555395275 0.9873925447 0.0293839928 0.9835903049 0.1520505995 0.0971119031
-384.9 -555.1 2599.5 0.0760069117 0.1156073883 -0.9903826714 -0.2915267050 0.9524316192 0.0888041481 0.9535382390 0.2819732726 0.1060940325
-296.1 -190.5 2826.6 -0.4276783168 0.1536824554 0.8907709718 0.1123410165 0.9868380427 -0.1163193211 -0.8969229460 0.0503228679 -0.4393140674
-357.1 -582.3 2806.6 -0.4234957695 -0.1636158526 0.8910000920 0.0866494328 0.9717287421 0.2196249962 -0.9017445445 0.1702149063 -0.3973457813
-49.9 144.1 2604.0 0 0 0 0 0 0 0 0 0
-183.7 -316.8 2847.9 0 0 0 0 0 0 0 0 0
-424.9 -884.5 2502.0 0 0 0 0 0 0 0 0 0
-307.1 -879.5 2754.6 0 0 0 0 0 0 0 0 0
-262.1 413.8 2819.5 21 0.3434020877 0.1355634481 -0.9293532968 -0.1996605694 0.9774465561 0.0688028708 0.9177203774 0.1619281620 0.3627238572
-289.6 215.3 2786.6 0.3434020877 0.1355634481 -0.9293532968 -0.1996605694 0.9774465561 0.0688028708 0.9177203774 0.1619281620 0.3627238572
-312.2 19.6 2761.0 0.3483425081 0.1136635467 -0.9304504991 -0.1607556790 0.9851588607 0.0601629168 0.9234798551 0.1286178976 0.3614448011
-340.5 238.8 2651.8 -0.2710358202 0.1062427163 -0.9566880465 0.7056832910 0.6978706121 -0.1224242076 0.6546378136 -0.7083001733 -0.2641216516
-272.8 62.5 2488.2 -0.8398321271 0.1062427163 0.5323480368 -0.3183877766 0.6978706121 -0.6415651441 -0.4396716952 -0.7083001733 -0.5522677898
-238.8 191.8 2921.4 0.0914460793 0.9946631193 -0.0477791578 -0.9808590412 0.0982523784 0.1681132466 0.1719104648 0.0314913206 0.9846091270
-215.0 -62.7 2966.1 0.1023173109 0.9946631193 0.0132816080 -0.9000284672 0.0982523784 -0.4246118963 -0.4236507416 0.0314913206 0.9052780271
-369.1 -163.4 2655.7 0.0670284554 0.0474828370 -0.9966205955 -0.1405169815 0.9893607497 0.0376863778 0.9878067374 0.1375160664 0.0729874671
-388.0 -556.6 2601.0 0.0501955710 0.1089637429 -0.9927775860 -0.2969063818 0.9507185221 0.0893356875 0.9535863996 0.2902777493 0.0800738931
-300.9 -192.1 2823.5 -0.4092886448 0.1184508875 0.9046834707 0.0818851218 0.9923046827 -0.0928774774 -0.9087230563 0.0360664241 -0.4158383906
-347.9 -585.9 2809.2 -0.4126651585 -0.1325909346 0.9011809826 0.1058493108 0.9756660461 0.1920200288 -0.9047117829 0.1746293604 -0.3885887265
-46.6 148.2 2606.6 0 0 0 0 0 0 0 0 0
-186.3 -315.8 2846.9 0 0 0 0 0 0 0 0 0
-425.3 -882.3 2501.6 0 0 0 0 0 0 0 0 0
-307.7 -881.9 2756.2 0 0 0 0 0 0 0 0 0
-266.9 412.6 2819.1 22 0.3416267037 0.1063020155 -0.9338046312 -0.1999572217 0.9790557623 0.0383001678 0.9183182120 0.1736366302 0.3557274640
-288.5 214.3 2784.0 0.3416267037 0.1063020155 -0.9338046312 -0.1999572217 0.9790557623 0.0383001678 0.9183182120 0.1736366302 0.3557274640
-306.2 18.5 2756.1 0.3453049064 0.0895111486 -0.9342120886 -0.1630445868 0.9860253930 0.0342108309 0.9242191315 0.1405050606 0.3550737202
-338.9 238.1 2649.0 -0.2827843130 0.1148837879 -0.9522787333 0.6941431761 0.7096772194 -0.1205134690 0.6619654298 -0.6950970888 -0.2804313898
-267.7 63.4 2482.4 -0.8206702471 0.1148837879 0.5597338676 -0.3264686465 0.7096772194 -0.6243208051 -0.4689547122 -0.6950970888 -0.5449050069
-238.0 190.5 2918.9 0.1132905185 0.9918227792 -0.0587611608 -0.9803018570 0.1212130114 0.1559349597 0.1617824584 0.0399377234 0.9860179424
-208.6 -63.8 2960.9 0.1265062988 0.9918227792 0.0168455169 -0.8924600482 0.1212130114 -0.4345370233 -0.4330256283 0.0399377234 0.9004964232
-366.7 -161.5 2650.8 0.0634585395 0.0607260130 -0.9961352348 -0.1424523741 0.9884773493 0.0511842854 0.9877653122 0.1386537403 0.0713778958
-390.8 -554.2 2595.7 0.0497258864 0.0994899645 -0.9937952757 -0.2822226286 0.9558746219 0.0815723017 0.9580593705 0.2764152586 0.0756100342
-302.8 -190.9 2820.2 -0.4059998691 0.1160997748 0.9064683914 0.0683183745 0.9929777384 -0.0965805799 -0.9113159180 0.0227167439 -0.4110805988
-348.9 -585.3 2811.1 -0.4125870466 -0.1348488778 0.9008816481 0.1128970832 0.9737870693 0.1974665374 -0.9038950205 0.1831790358 -0.3865478933
-44.0 152.4 2610.2 0 0 0 0 0 0 0 0 0
-173.1 -314.7 2839.2 0 0 0 0 0 0 0 0 0
-425.0 -882.4 2500.8 0 0 0 0 0 0 0 0 0
-308.5 -877.2 2756.2 0 0 0 0 0 0 0 0 0
-273.2 409.4 2819.4 23 0.2929954827 0.0794077739 -0.9528105855 -0.2018993646 0.9792116880 0.0195226762 0.9345535040 0.1866517961 0.3029370010
-289.3 210.9 2781.6 0.2929954827 0.0794077739 -0.9528105855 -0.2018993646 0.9792116880 0.0195226762 0.9345535040 0.1866517961 0.3029370010
-305.4 15.4 2750.0 0.2950887382 0.0818191022 -0.9519602060 -0.1764122248 0.9838628769 0.0298767872 0.9390428066 0.1591211110 0.3047607541
-332.3 236.7 2644.6 -0.2557550669 0.1616627872 -0.9531288147 0.6880175471 0.7230423689 -0.0619800203 0.6791326404 -0.6716210842 -0.2961485982
-268.4 64.7 2474.9 -0.8217374682 0.1616627872 0.5464546680 -0.2782298326 0.7230423689 -0.6322957277 -0.4973285496 -0.6716210842 -0.5491716266
-246.2 185.1 2918.6 0.1046220511 0.9882103205 -0.1117791757 -0.9826086760 0.1200525761 0.1416602284 0.1534094661 0.0950144082 0.9835841656
-219.1 -69.8 2958.4 0.1497880667 0.9882103205 -0.0316842496 -0.8865435123 0.1200525761 -0.4467975199 -0.4377261400 0.0950144082 0.8940738440
-355.6 -162.5 2643.4 0.0134559330 0.0892662704 -0.9959169030 -0.1117805913 0.9898981452 0.0872165188 0.9936417937 0.1101505980 0.0232982393
-391.1 -555.5 2599.7 -0.0044936850 0.0958101675 -0.9953894615 -0.2943610549 0.9511699677 0.0928827599 0.9556837082 0.2934212983 0.0239285268
-292.3 -192.4 2812.9 -0.3503540158 0.1860208362 0.9179587960 0.1211626157 0.9808450341 -0.1525208056 -0.9287473559 0.0577860139 -0.3661817610
-366.0 -580.8 2790.0 -0.3383086920 -0.1818446964 0.9232982993 0.0520690493 0.9760313630 0.2113093287 -0.9395935535 0.1195630506 -0.3207314312
-43.5 140.9 2611.1 0 0 0 0 0 0 0 0 0
-177.0 -319.1 2835.3 0 0 0 0 0 0 0 0 0
-424.2 -884.1 2498.3 0 0 0 0 0 0 0 0 0
-310.8 -877.1 2753.7 0 0 0 0 0 0 0 0 0
-275.3 411.0 2819.1 24 0.2808810174 0.0598457530 -0.9578748941 -0.2100159377 0.9776978493 -0.0004994663 0.9364823103 0.2013092935 0.2871853113
-287.4 212.5 2778.2 0.2808810174 0.0598457530 -0.9578748941 -0.2100159377 0.9776978493 -0.0004994663 0.9364823103 0.2013092935 0.2871853113
-303.3 17.7 2743.1 0.2821224928 0.0802500397 -0.9560161233 -0.1926592439 0.9809346795 0.0254875775 0.9398347139 0.1769947261 0.2922046483
-328.6 240.7 2641.1 -0.2348131537 0.1875051558 -0.9537843466 0.6898584962 0.7234171629 -0.0276198834 0.6848050952 -0.6644617915 -0.2992199063
-269.0 65.7 2467.4 -0.8226128817 0.1875051558 0.5367959142 -0.2540287077 0.7234171629 -0.6419789791 -0.5087017417 -0.6644617915 -0.5474605560
-246.2 184.4 2915.4 0.1018831581 0.9868897796 -0.1251734793 -0.9851638675 0.1175626665 0.1250247955 0.1381014138 0.1105784625 0.9842258096
-219.8 -71.2 2951.2 0.1552317739 0.9868897796 -0.0441777706 -0.8789469004 0.1175626665 -0.4622027278 -0.4509494901 0.1105784625 0.8856731653
-348.6 -163.8 2632.5 0.0044538165 0.1137714460 -0.9934969544 -0.0832923353 0.9900966883 0.1130086631 0.9965152144 0.0822473615 0.0138859982
-393.7 -556.9 2599.8 -0.0147621343 0.0845567584 -0.9963092804 -0.3024768829 0.9493543506 0.0850534365 0.9530423880 0.3026160896 0.0115619693
-294.5 -196.2 2804.5 -0.3457705081 0.1780093163 0.9212792516 0.0929768085 0.9835078716 -0.1551374495 -0.9337012768 0.0320156477 -0.3566187322
-365.1 -586.3 2791.8 -0.3409741223 -0.1826583445 0.9221564531 0.0667718649 0.9737583399 0.2175688893 -0.9376983047 0.1357594728 -0.3198299706
-44.0 135.2 2606.6 0 0 0 0 0 0 0 0 0
-176.1 -318.4 2824.4 0 0 0 0 0 0 0 0 0
-423.1 -886.0 2494.9 0 0 0 0 0 0 0 0 0
-310.4 -878.1 2751.1 0 0 0 0 0 0 0 0 0
-276.7 413.6 2819.4 25 0.2906153500 0.0328951590 -0.9562743306 -0.2192808986 0.9751002192 -0.0330975242 0.9313746095 0.2193113416 0.2905923724
-283.4 215.2 2774.8 0.2906153500 0.0328951590 -0.9562743306 -0.2192808986 0.9751002192 -0.0330975242 0.9313746095 0.2193113416 0.2905923724
-299.2 20.9 2736.6 0.2912891805 0.0794857293 -0.9533271194 -0.2075695097 0.9780523777 0.0181243680 0.9338444471 0.1926022172 0.3013948798
-325.9 245.5 2638.5 -0.2104732245 0.1894547343 -0.9590661526 0.6953291893 0.7186126709 -0.0106391162 0.6871814728 -0.6691059470 -0.2829821110
-272.3 68.3 2463.3 -0.8389935493 0.1894547343 0.5100948215 -0.2355372161 0.7186126709 -0.6543073058 -0.4905222058 -0.6691059470 -0.5582877398
-240.9 184.9 2911.1 0.1053827107 0.9876052141 -0.1163205430 -0.9870750904 0.1180868447 0.1083431318 0.1207361668 0.1033996195 0.9872848392
-213.5 -71.2 2942.5 0.1530333757 0.9876052141 -0.0348822363 -0.8708419800 0.1180868447 -0.4771684706 -0.4671349227 0.1033996195 0.8781192899
-345.0 -159.5 2621.9 0.0197484810 0.1287979782 -0.9914742112 -0.0517568104 0.9904696345 0.1276365668 0.9984644651 0.0487949140 0.0262264423
-396.1 -552.7 2602.5 -0.0000294899 0.0785956606 -0.9969065785 -0.3006750941 0.9507756829 0.0749676153 0.9537266493 0.2997471690 0.0236037206
-293.3 -194.9 2794.1 -0.3620329499 0.1902423501 0.9125458598 0.0679206252 0.9817343354 -0.1777203083 -0.9296875596 -0.0023599241 -0.3683415651
-368.8 -584.4 2795.0 -0.3602966964 -0.1982253939 0.9115332961 0.0593552254 0.9703100324 0.2344682217 -0.9309474826 0.1385823935 -0.3378337920
-45.0 132.1 2596.2 0 0 0 0 0 0 0 0 0
-170.5 -316.1 2811.1 0 0 0 0 0 0 0 0 0
-423.9 -888.6 2496.6 0 0 0 0 0 0 0 0 0
-308.7 -878.3 2753.0 0 0 0 0 0 0 0 0 0
-275.1 416.6 2808.6 26 0.3095436394 0.0328633040 -0.9503172040 -0.2007832229 0.9791278243 -0.0315408297 0.9294454455 0.2005710006 0.3096811771
-281.8 216.9 2767.7 0.3095436394 0.0328633040 -0.9503172040 -0.2007832229 0.9791278243 -0.0315408297 0.9294454455 0.2005710006 0.3096811771
-295.7 22.1 2731.1 0.3097551763 0.0702190623 -0.9482198954 -0.1967619807 0.9804159403 0.0083270175 0.9302346110 0.1839942932 0.3175053596
-327.0 245.6 2631.9 -0.2188517004 0.2032984346 -0.9543446302 0.6992638707 0.7148179412 -0.0080827493 0.6805394292 -0.6691076756 -0.2985983789
-272.2 70.4 2461.4 -0.8396991491 0.2032984346 0.5035623908 -0.2241765112 0.7148179412 -0.6624048948 -0.4946213067 -0.6691076756 -0.5546572804
-236.6 188.2 2903.5 0.1200649589 0.9876241684 -0.1009105369 -0.9847227335 0.1313880980 0.1142731756 0.1261173934 0.0856486931 0.9883110523
-205.4 -67.3 2936.2 0.1562280506 0.9876241684 -0.0138321016 -0.8722949624 0.1313880980 -0.4709974825 -0.4633511305 0.0856486931 0.8820260763
-341.6 -154.4 2612.7 0.0381902568 0.1363839805 -0.9899196625 -0.0375716351 0.9901378155 0.1349645704 0.9985638857 0.0320385695 0.0429377854
-395.8 -547.6 2600.0 0.0193993505 0.0751197785 -0.9969857931 -0.2944952548 0.9533640146 0.0661027208 0.9554560184 0.2923252285 0.0406170599
-288.2 -192.5 2783.9 -0.3771121204 0.2089734524 0.9022840858 0.0639370382 0.9777623415 -0.1997319460 -0.9239580631 -0.0176319685 -0.3820871711
-371.2 -580.6 2790.9 -0.3704408109 -0.2057102323 0.9057907462 0.0314589366 0.9718300104 0.2335738689 -0.9283232093 0.1150205061 -0.3535340726
-45.8 130.9 2594.7 0 0 0 0 0 0 0 0 0
-161.5 -312.6 2805.9 0 0 0 0 0 0 0 0 0
-422.8 -889.8 2495.1 0 0 0 0 0 0 0 0 0
-307.8 -879.9 2755.5 0 0 0 0 0 0 0 0 0
-278.3 416.9 2803.2 27 0.3089425564 0.0216130242 -0.9508351088 -0.1981610805 0.9792637825 -0.0421266928 0.9302078485 0.2014332414 0.3068191111
-282.7 217.2 2762.1 0.3089425564 0.0216130242 -0.9508351088 -0.1981610805 0.9792637825 -0.0421266928 0.9302078485 0.2014332414 0.3068191111
-296.5 22.4 2725.7 0.3090549707 0.0696212128 -0.9484924674 -0.1957458109 0.9806203842 0.0081980256 0.9306817651 0.1831297874 0.3166936636
-327.8 245.8 2626.2 -0.2255366743 0.2172946483 -0.9496927261 0.7031816840 0.7109971046 -0.0043144459 0.6742912531 -0.6687796116 -0.3131535351
-271.7 70.9 2458.5 -0.8381474614 0.2172946483 0.5002917647 -0.2152584791 0.7109971046 -0.6694377661 -0.5011712313 -0.6687796116 -0.5491458774
-237.6 188.6 2898.0 0.1203616485 0.9874970913 -0.1017964855 -0.9845439792 0.1318813711 0.1152410731 0.1272252947 0.0863525048 0.9881078005
-206.3 -66.8 2931.1 0.1569806635 0.9874970913 -0.0143709211 -0.8726528287 0.1318813711 -0.4701960087 -0.4624219537 0.0863525048 0.8824449778
-338.0 -154.6 2609.3 0.0357403234 0.1416913867 -0.9892655015 -0.0481652319 0.9889917970 0.1399120539 0.9981997609 0.0426477008 0.0421714857
-394.3 -547.5 2592.3 0.0172663424 0.0831163079 -0.9963902831 -0.2737139463 0.9588634968 0.0752427578 0.9616561532 0.2714267373 0.0393061563
-281.3 -190.7 2779.8 -0.3794881701 0.2322830856 0.8955631256 0.0490509793 0.9716604948 -0.2312355489 -0.9238954186 -0.0438229106 -0.3801273704
-373.5 -576.4 2797.2 -0.3801424205 -0.2132106870 0.9000182748 0.0520092733 0.9666015506 0.2509512305 -0.9234645367 0.1422065049 -0.3563573062
-46.7 128.7 2593.0 0 0 0 0 0 0 0 0 0
-162.2 -312.3 2801.0 0 0 0 0 0 0 0 0 0
-424.0 -889.4 2495.6 0 0 0 0 0 0 0 0 0
-306.6 -879.4 2752.7 0 0 0 0 0 0 0 0 0
-282.4 417.4 2800.0 28 0.3089297712 0.0104186265 -0.9510278106 -0.2098196000 0.9760499597 -0.0574645884 0.9276519418 0.2172967941 0.3037169278
-284.5 218.8 2755.8 0.3089297712 0.0104186265 -0.9510278106 -0.2098196000 0.9760499597 -0.0574645884 0.9276519418 0.2172967941 0.3037169278
-297.1 24.1 2718.0 0.3092882037 0.0633048713 -0.9488589764 -0.2003108263 0.9797323942 0.0000717312 0.9296323657 0.1900445372 0.3157003224
-329.7 248.1 2620.0 -0.2332403809 0.2256211936 -0.9458826780 0.7107027173 0.7034529448 -0.0074540665 0.6637021899 -0.6739799380 -0.3244232237
-271.6 71.0 2454.6 -0.8367874622 0.2256211936 0.4988806248 -0.2143365294 0.7034529448 -0.6776531339 -0.5038319826 -0.6739799380 -0.5402817726
-239.3 189.5 2891.5 0.1263605952 0.9865663052 -0.1035369262 -0.9846346378 0.1374211907 0.1077499464 0.1205306351 0.0883306935 0.9887719750
-206.5 -66.0 2922.8 0.1628940403 0.9865663052 -0.0123462183 -0.8684010506 0.1374211907 -0.4764399529 -0.4683429599 0.0883306935 0.8791203499
-338.7 -154.5 2604.0 0.0343947336 0.1204271987 -0.9921261668 -0.0594925880 0.9911997914 0.1182522848 0.9976360202 0.0549568981 0.0412565768
-386.5 -548.3 2582.2 0.0156073179 0.1516322792 -0.9883137345 -0.1821676940 0.9723222852 0.1463020146 0.9831436276 0.1777554601 0.0427978449
-282.0 -190.4 2774.7 -0.3856156468 0.2383009642 0.8913547397 0.0246954504 0.9683907628 -0.2482126206 -0.9223289490 -0.0737022683 -0.3793115616
-376.6 -574.9 2803.9 -0.3940930665 -0.2222950757 0.8917822242 0.0602589920 0.9619714022 0.2664205730 -0.9170929790 0.1587323993 -0.3657109737
-47.3 128.5 2589.7 0 0 0 0 0 0 0 0 0
-160.7 -310.2 2791.1 0 0 0 0 0 0 0 0 0
-442.2 -905.1 2516.9 0 0 0 0 0 0 0 0 0
-305.7 -881.6 2753.3 0 0 0 0 0 0 0 0 0
-285.1 414.9 2787.9 29 0.2839299738 0.0260835830 -0.9584901929 -0.2211415470 0.9744620323 -0.0389897078 0.9329952598 0.2230323404 0.2824471295
-290.3 217.7 2742.7 0.2839299738 0.0260835830 -0.9584901929 -0.2211415470 0.9744620323 -0.0389897078 0.9329952598 0.2230323404 0.2824471295
-302.8 23.3 2703.4 0.2845520377 0.0629407838 -0.9565922022 -0.2074966431 0.9782321453 0.0026417817 0.9359354973 0.1977379322 0.2914179564
-331.9 248.0 2606.1 -0.2504915595 0.2428104877 -0.9371750355 0.7275196910 0.6858822703 -0.0167504903 0.6387245655 -0.6860091686 -0.3484571576
-271.4 72.2 2451.8 -0.8367499113 0.2428104877 0.4908081293 -0.2097109407 0.6858822703 -0.6968405843 -0.5058367848 -0.6860091686 -0.5229919553
-248.8 187.4 2879.4 0.1187418625 0.9846099019 -0.1282331795 -0.9859543443 0.1321971267 0.1020683497 0.1174495593 0.1143122688 0.9864777327
-218.0 -68.5 2909.9 0.1708099544 0.9846099019 -0.0369774774 -0.8663105369 0.1321971267 -0.4816949368 -0.4693932533 0.1143122688 0.8755584955
-338.0 -152.2 2595.0 0.0119945332 0.1286120415 -0.9916224480 -0.0396238007 0.9909759760 0.1280489117 0.9991426468 0.0377559625 0.0169823933
-389.1 -545.9 2580.0 -0.0092768427 0.1260824353 -0.9919763803 -0.2052773684 0.9706509113 0.1252916455 0.9786598682 0.2047926188 0.0168772954
-281.3 -188.9 2765.5 -0.3642273843 0.2369874418 0.9006527662 0.0226331707 0.9690483212 -0.2458313257 -0.9310349822 -0.0691538751 -0.3583177328
-375.4 -573.8 2792.9 -0.3669971526 -0.2184236646 0.9042146802 0.0347845703 0.9681395292 0.2479836196 -0.9295714498 0.1224619970 -0.3477066755
-47.3 128.4 2587.2 0 0 0 0 0 0 0 0 0
-169.9 -312.1 2777.9 0 0 0 0 0 0 0 0 0
-433.9 -890.9 2507.2 0 0 0 0 0 0 0 0 0
-305.9 -881.8 2754.0 0 0 0 0 0 0 0 0 0
-291.4 413.8 2782.3 30 0.2520320415 0.0191382524 -0.9675295949 -0.2306442559 0.9721802473 -0.0408503413 0.9398313761 0.2334507406 0.2494347095
-295.3 217.9 2735.3 0.2520320415 0.0191382524 -0.9675295949 -0.2306442559 0.9721802473 -0.0408503413 0.9398313761 0.2334507406 0.2494347095
-305.7 23.7 2694.5 0.2527171373 0.0523507819 -0.9661228657 -0.2119625360 0.9772745967 -0.0024898252 0.9440370202 0.2054110914 0.2580704391
-332.2 248.9 2597.5 -0.2558031976 0.2485653013 -0.9342269897 0.7400941849 0.6720808744 -0.0238298308 0.6219528317 -0.6975117326 -0.3558821678
-270.6 70.7 2447.7 -0.8360521197 0.2485653013 0.4891136289 -0.2147641182 0.6720808744 -0.7086491585 -0.5048695207 -0.6975117326 -0.5085117221
-258.4 187.0 2873.1 0.1183213964 0.9795471430 -0.1627496779 -0.9861898422 0.1350519806 0.0958676338 0.1158865318 0.1491588801 0.9819989800
-227.7 -69.0 2903.2 0.1902439445 0.9795471430 -0.0655336082 -0.8630398512 0.1350519806 -0.4867475331 -0.4679417014 0.1491588801 0.8710810542
-341.4 -152.1 2578.3 -0.0155560942 0.1275381595 -0.9917116761 0.0094176317 0.9918063879 0.1274026185 0.9998346567 -0.0073576882 -0.0166297406
-392.0 -545.7 2581.3 -0.0415148176 0.1030891016 -0.9938054085 -0.2294280678 0.9671008587 0.1099030301 0.9724398851 0.2325694561 -0.0164974853
-289.2 -190.1 2750.0 -0.4094694853 0.2331806719 0.8820212483 0.0058964761 0.9674415588 -0.2530259192 -0.9123047590 -0.0984055772 -0.3975127339
-381.8 -574.3 2789.0 -0.4094694853 -0.2465210706 0.8783860803 0.0058964761 0.9620655775 0.2727546394 -0.9123047590 0.1168640852 -0.3924829066
-47.9 127.8 2582.1 0 0 0 0 0 0 0 0 0
-174.2 -311.6 2771.6 0 0 0 0 0 0 0 0 0
-428.5 -888.0 2499.0 0 0 0 0 0 0 0 0 0
-304.8 -874.8 2752.5 0 0 0 0 0 0 0 0 0
-296.4 411.0 2777.0 31 0.2095002085 0.0283302348 -0.9773980975 -0.2354112715 0.9716400504 -0.0222958457 0.9490475059 0.2347615063 0.2102280557
-302.1 215.0 2729.7 0.2095002085 0.0283302348 -0.9773980975 -0.2354112715 0.9716400504 -0.0222958457 0.9490475059 0.2347615063 0.2102280557
-311.0 20.8 2688.9 0.2104417384 0.0447731093 -0.9765805602 -0.2103059441 0.9776355028 -0.0004970036 0.9547175765 0.2054852843 0.2151513547
-332.8 245.8 2590.4 -0.2684399486 0.2526213825 -0.9295818806 0.7400790453 0.6717981100 -0.0311497003 0.6166222692 -0.6963258982 -0.3672972322
-269.2 70.4 2444.3 -0.8331883550 0.2526213825 0.4919141829 -0.2148424089 0.6717981100 -0.7088935375 -0.5095486641 -0.6963258982 -0.5054606199
-271.4 184.3 2869.0 0.1113478318 0.9722406268 -0.2057908177 -0.9861481786 0.1337144375 0.0981440619 0.1229368523 0.1920121014 0.9736620784
-242.5 -71.6 2900.9 0.2091701478 0.9722406268 -0.1048620418 -0.8644566536 0.1337144375 -0.4845978916 -0.4571241736 0.1920121014 0.8684289455
-339.2 -151.0 2567.2 -0.0548280627 0.1414678693 -0.9884233475 0.0471120253 0.9891763926 0.1389623284 0.9973837733 -0.0389475897 -0.0608994626
-395.4 -543.7 2582.7 -0.0831530094 0.0873894542 -0.9926976562 -0.2376845777 0.9656593800 0.1049187928 0.9677766562 0.2446732521 -0.0595263615
-292.9 -189.9 2740.2 -0.3754599094 0.2172019631 0.9010289311 -0.0238726307 0.9695641398 -0.2436708063 -0.9265311360 -0.1129985452 -0.3588472903
-379.1 -575.0 2785.1 -0.3795820773 -0.2307573855 0.8959176540 -0.0068097501 0.9690648317 0.2467124015 -0.9251329899 0.0875466391 -0.3694110513
-48.7 127.3 2579.2 0 0 0 0 0 0 0 0 0
-183.7 -314.6 2772.3 0 0 0 0 0 0 0 0 0
-426.5 -887.5 2495.5 0 0 0 0 0 0 0 0 0
-306.4 -880.3 2757.5 0 0 0 0 0 0 0 0 0
-301.6 409.9 2776.9 32 0.2657976449 0.0192698073 -0.9638362527 -0.2388862222 0.9699342251 -0.0464860611 0.9339619875 0.2426030785 0.2624095380
-305.5 213.3 2727.7 0.2657976449 0.0192698073 -0.9638362527 -0.2388862222 0.9699342251 -0.0464860611 0.9339619875 0.2426030785 0.2624095380
-312.7 19.0 2686.7 0.2666679025 0.0358346254 -0.9631220698 -0.2081245035 0.9778716564 -0.0212418158 0.9410485625 0.2061138153 0.2682250738
-344.4 243.6 2590.6 -0.3338596821 0.2540031374 -0.9077555537 0.7138397098 0.6970489025 -0.0674958155 0.6156058311 -0.6705260873 -0.4140340388
-263.3 70.1 2440.9 -0.8151668310 0.2540031374 0.5205625892 -0.2188425809 0.6970489025 -0.6828109622 -0.5362936854 -0.6705260873 -0.5126244426
