-249.4 402.2 2755.2 1 -0.4371458292 0.0293028262 -0.8989131451 -0.2985417545 0.9380728602 0.1757616699 0.8483963013 0.3451966047 -0.4013265371
-255.3 213.2 2685.7 -0.4371458292 0.0293028262 -0.8989131451 -0.2985417545 0.9380728602 0.1757616699 0.8483963013 0.3451966047 -0.4013265371
-257.0 24.4 2623.8 -0.4366942942 0.0089611653 -0.8995653391 -0.2762577534 0.9502986670 0.1435759664 0.8561423421 0.3112106919 -0.4125144184
-191.5 253.5 2560.7 -0.7391546369 0.3681215346 -0.5640363097 0.6099660397 0.7210044265 -0.3287766278 0.2856428921 -0.5870597363 -0.7574753761
-19.2 111.3 2494.1 0.0327164344 0.3681215346 0.9292019010 -0.6410517097 0.7210044265 -0.2630691230 -0.7668001056 -0.5870597363 0.2595736086
-319.1 172.9 2810.7 -0.3957932293 0.4987291396 -0.7711141109 -0.9101137519 -0.1008848399 0.4018895030 0.1226402819 0.8608667254 0.4938298166
-427.6 -76.6 2844.3 0.2986816466 0.4987291396 -0.8136698008 -0.9123670459 -0.1008848399 -0.3967475593 -0.2799565196 0.8608667254 0.4248915911
-222.6 -137.4 2485.7 -0.6265053749 0.1346537322 -0.7676974535 0.0288837440 0.9882980585 0.1497754008 0.7788817286 0.0716611147 -0.6230633259
-276.1 -530.1 2457.2 -0.6263790131 -0.0268073101 -0.7790575624 -0.0516242310 0.9986410141 0.0071438323 0.7778073549 0.0446929932 -0.6269116998
-300.0 -187.2 2644.3 0.3528631330 0.1185878739 0.9281296134 -0.0454957075 0.9929371476 -0.1095714942 -0.9345682263 -0.0035621715 0.3557661474
-347.1 -581.7 2645.7 0.3213426471 0.2826511264 0.9037960172 -0.1611754596 0.9568145275 -0.2419264466 -0.9331459403 -0.0679284558 0.3530217409
-28.8 299.3 2718.9 0 0 0 0 0 0 0 0 0
-343.6 -333.3 2765.6 0 0 0 0 0 0 0 0 0
-266.8 -874.9 2441.8 0 0 0 0 0 0 0 0 0
-428.5 -857.0 2665.3 0 0 0 0 0 0 0 0 0
-249.1 398.2 2754.5 2 -0.4121167660 0.0342048369 -0.9104887843 -0.2987310290 0.9389849305 0.1704907268 0.8607668281 0.3422533274 -0.3767533898
-256.0 209.5 2685.7 -0.4121167660 0.0342048369 -0.9104887843 -0.2987310290 0.9389849305 0.1704907268 0.8607668281 0.3422533274 -0.3767533898
-258.8 20.6 2624.4 -0.4115273058 0.0142089138 -0.9112866521 -0.2757191658 0.9510851502 0.1393412799 0.8686910868 0.3086019456 -0.3874798417
-195.9 249.7 2558.9 -0.7330828309 0.3488975763 -0.5838322043 0.6080138087 0.7208760381 -0.3326513767 0.3048093915 -0.5988390446 -0.7405964136
-25.0 108.0 2487.9 0.0135604590 0.3488975763 0.9370627403 -0.6428092122 0.7208760381 -0.2591022849 -0.7659062743 -0.5988390446 0.2340499908
-316.1 169.3 2812.5 -0.3887678683 0.5230182409 -0.7584928870 -0.9112775922 -0.0969702899 0.4002123177 0.1357670873 0.8467872739 0.5143137574
-422.6 -80.6 2849.8 0.2939761877 0.5230182409 -0.8000186682 -0.9120162725 -0.0969702899 -0.3985260725 -0.2860144675 0.8467872739 0.4484942257
-218.8 -139.1 2483.4 -0.6038730145 0.1468705386 -0.7834324837 0.0332611725 0.9866644740 0.1593327075 0.7963862419 0.0701588392 -0.6007051468
-277.1 -531.2 2455.5 -0.6034709215 -0.0304394886 -0.7968038321 -0.0518723838 0.9986530542 0.0011357700 0.7956960201 0.0420175157 -0.6042370200
-298.9 -189.7 2640.4 0.3252441883 0.1100505665 0.9392045140 -0.0594444200 0.9936200380 -0.0958412141 -0.9437597990 -0.0246586669 0.3297110498
-342.6 -584.5 2650.2 0.2955842614 0.3046347201 0.9054433107 -0.1576568335 0.9503534436 -0.2682771981 -0.9422177672 -0.0634508133 0.3289372623
-29.0 296.4 2712.4 0 0 0 0 0 0 0 0 0
-340.0 -337.1 2769.3 0 0 0 0 0 0 0 0 0
-266.8 -871.7 2441.2 0 0 0 0 0 0 0 0 0
-429.2 -854.6 2668.3 0 0 0 0 0 0 0 0 0
-250.7 397.0 2754.1 3 -0.4092540741 0.0349023789 -0.9117526412 -0.2913472056 0.9419570565 0.1668342501 0.8646547794 0.3339141905 -0.3753310442
-257.7 207.8 2687.1 -0.4092540741 0.0349023789 -0.9117526412 -0.2913472056 0.9419570565 0.1668342501 0.8646547794 0.3339141905 -0.3753310442
-261.3 18.5 2626.8 -0.4086489677 0.0182358921 -0.9125094414 -0.2697719038 0.9527143836 0.1398512721 0.8719112277 0.3033194840 -0.3844062090
-198.0 247.2 2559.8 -0.7300453782 0.3484337926 -0.5879010558 0.6117878556 0.7165777087 -0.3350104392 0.3045478165 -0.6042435169 -0.7363018394
-27.8 104.6 2488.8 0.0084882155 0.3484337926 0.9372949600 -0.6470267773 0.7165777087 -0.2605239451 -0.7624200583 -0.6042435169 0.2315284461
-317.3 168.5 2814.4 -0.3908827007 0.5262979865 -0.7551299334 -0.9093505740 -0.0938412175 0.4053090215 0.1424510032 0.8451060653 0.5152702332
-424.5 -80.9 2853.4 0.2902025580 0.5262979865 -0.7992452383 -0.9143911004 -0.0938412175 -0.3938054144 -0.2822611332 0.8451060653 0.4540092349
-223.9 -143.2 2483.4 -0.6030060649 0.1325966567 -0.7866395712 0.0212293603 0.9884074330 0.1503332555 0.7974540591 0.0739520043 -0.5988305807
-276.6 -535.9 2454.1 -0.6023389101 -0.0307212770 -0.7976490855 -0.0493041575 0.9987830520 -0.0012362283 0.7967163324 0.0385827869 -0.6031205654
-299.3 -193.7 2642.7 0.3225921392 0.1045261472 0.9407489300 -0.0518073775 0.9943438768 -0.0927157924 -0.9451192021 -0.0188283511 0.3261827230
-340.8 -588.8 2650.2 0.2873887718 0.3215277791 0.9022347927 -0.1619740427 0.9447205067 -0.2850747705 -0.9440191388 -0.0642113313 0.3235811889
-30.3 294.2 2712.3 0 0 0 0 0 0 0 0 0
-342.9 -338.1 2774.0 0 0 0 0 0 0 0 0 0
-266.1 -874.2 2441.0 0 0 0 0 0 0 0 0 0
-430.3 -851.6 2668.0 0 0 0 0 0 0 0 0 0
-249.3 397.5 2754.9 4 -0.3845210969 0.0276964512 -0.9227006435 -0.2986362278 0.9420669079 0.1527297497 0.8734757900 0.3342796564 -0.3539734185
-254.9 207.9 2687.7 -0.3845210969 0.0276964512 -0.9227006435 -0.2986362278 0.9420669079 0.1527297497 0.8734757900 0.3342796564 -0.3539734185
-256.8 18.2 2628.5 -0.3839694858 0.0101358807 -0.9232901335 -0.2709821463 0.9546710849 0.1231739670 0.8826868534 0.2974901795 -0.3638179302
-198.8 247.4 2558.8 -0.7324061990 0.3228931129 -0.5994340777 0.6020158529 0.7183687687 -0.3486018479 0.3180535436 -0.6161869764 -0.7205244899
-28.1 107.1 2484.7 0.0010688745 0.3228931129 0.9464348555 -0.6513371468 0.7183687687 -0.2443487048 -0.7587876916 -0.6161869764 0.2110801190
-310.9 168.4 2816.5 -0.3729252219 0.5472391844 -0.7493037581 -0.9145737886 -0.0806166083 0.3963026404 0.1564660072 0.8330847621 0.5305545330
-413.2 -82.4 2859.4 0.2980424166 0.5472391844 -0.7821125388 -0.9113358259 -0.0806166083 -0.4036929309 -0.2839678526 0.8330847621 0.4746914804
-227.4 -146.0 2486.5 -0.5861420631 0.1196017414 -0.8013319969 0.0036476324 0.9894238710 0.1450070590 0.8102000952 0.0820717663 -0.5803791881
-274.9 -539.2 2453.9 -0.5855282545 -0.0268439259 -0.8102074265 -0.0442041233 0.9990218282 -0.0011539072 0.8094458580 0.0351388641 -0.5861421227
-302.3 -195.5 2646.4 0.3025196195 0.1079929471 0.9470055103 -0.0405371711 0.9941194057 -0.1004160941 -0.9522807598 -0.0080110840 0.3051183522
-345.3 -590.5 2649.6 0.2696461082 0.3095998168 0.9118327498 -0.1473912150 0.9490184188 -0.2786393166 -0.9516127706 -0.0592621267 0.3015314043
-28.4 298.0 2707.1 0 0 0 0 0 0 0 0 0
-329.3 -338.7 2779.6 0 0 0 0 0 0 0 0 0
-265.9 -875.1 2442.1 0 0 0 0 0 0 0 0 0
-429.8 -849.6 2665.8 0 0 0 0 0 0 0 0 0
-251.8 396.4 2754.9 5 -0.3818527162 0.0063628890 -0.9242013097 -0.3090141416 0.9415476322 0.1341578364 0.8710331917 0.3368197978 -0.3575662971
-253.1 207.1 2687.2 -0.3818527162 0.0063628890 -0.9242013097 -0.3090141416 0.9415476322 0.1341578364 0.8710331917 0.3368197978 -0.3575662971
-252.6 17.8 2627.0 -0.3817929924 -0.0024279363 -0.9242447019 -0.2802557945 0.9532195926 0.1132658273 0.8807331324 0.3022690415 -0.3646129668
-197.4 248.0 2558.6 -0.7404602170 0.3146474957 -0.5938986540 0.5910681486 0.7254894972 -0.3525668681 0.3199329674 -0.6120963097 -0.7231742144
-24.7 110.2 2484.0 0.0104566384 0.3146474957 0.9491509795 -0.6474592686 0.7254894972 -0.2333698422 -0.7620283365 -0.6120963097 0.2113076150
-308.8 166.2 2815.7 -0.3615766764 0.5469889641 -0.7550267577 -0.9199638963 -0.0777913481 0.3842068911 0.1514223665 0.8335176110 0.5313376188
-408.0 -86.0 2857.3 0.3100334108 0.5469889641 -0.7776132822 -0.9060492516 -0.0777913481 -0.4159606993 -0.2880174816 0.8335176110 0.4714809954
-223.6 -146.7 2488.5 -0.5864195228 0.1240266711 -0.8004558086 -0.0000471217 0.9882026911 0.1531516463 0.8100075126 0.0898488313 -0.5794955492
-272.9 -539.3 2452.8 -0.5862159133 -0.0161668211 -0.8099935651 -0.0357092209 0.9993448257 0.0058976794 0.8093675375 0.0323815495 -0.5864090919
-294.0 -196.3 2650.3 0.3026080132 0.1524516493 0.9408437014 -0.0463347360 0.9883108735 -0.1452402323 -0.9519881606 0.0003571132 0.3061345816
-354.6 -588.7 2650.2 0.2770946026 0.2781497836 0.9197017550 -0.1393644512 0.9586951733 -0.2479539663 -0.9506819248 -0.0594670139 0.3044134378
-27.8 300.0 2707.4 0 0 0 0 0 0 0 0 0
-320.8 -340.8 2776.3 0 0 0 0 0 0 0 0 0
-267.5 -873.5 2441.9 0 0 0 0 0 0 0 0 0
-430.4 -850.1 2666.4 0 0 0 0 0 0 0 0 0
-250.8 395.7 2755.8 6 -0.4027634561 0.0012745315 -0.9153032303 -0.3126303256 0.9396678805 0.1388760656 0.8602580428 0.3420857489 -0.3780654371
-251.1 206.0 2686.8 -0.4027634561 0.0012745315 -0.9153032303 -0.3126303256 0.9396678805 0.1388760656 0.8602580428 0.3420857489 -0.3780654371
-250.1 16.5 2627.2 -0.4028316438 -0.0048271501 -0.9152613878 -0.2762906551 0.9539782405 0.1165717542 0.8725767136 0.2998369634 -0.3856263161
-192.3 246.4 2559.4 -0.7447377443 0.3317115009 -0.5790796280 0.5952498913 0.7225011587 -0.3516668975 0.3017337620 -0.6065967083 -0.7355251312
-18.6 107.6 2489.1 0.0246268120 0.3317115009 0.9430593848 -0.6494156122 0.7225011587 -0.2371737212 -0.7600347996 -0.6065967083 0.2332115322
-309.9 165.7 2814.2 -0.3691367805 0.5276819468 -0.7650423646 -0.9179291725 -0.0782131925 0.3889584839 0.1454099566 0.8458335996 0.5132459998
-411.1 -86.0 2854.0 0.3121657670 0.5276819468 -0.7900027633 -0.9082192779 -0.0782131925 -0.4111209214 -0.2787297070 0.8458335996 0.4548354149
-217.1 -145.9 2486.2 -0.6015939116 0.1452584267 -0.7854837775 0.0258826241 0.9863554835 0.1625821292 0.7983826399 0.0774780363 -0.5971451402
-274.8 -537.8 2455.4 -0.6016644835 -0.0213389397 -0.7984638214 -0.0481610075 0.9987934828 0.0095978975 0.7972956896 0.0442295372 -0.6019662619
-287.1 -197.3 2647.7 0.3219644427 0.1747703701 0.9304806590 -0.0607986860 0.9846018553 -0.1638983190 -0.9447975755 -0.0038025673 0.3276326060
-356.5 -588.3 2649.2 0.3005888164 0.2736199498 0.9136621356 -0.1398196518 0.9602564573 -0.2415740937 -0.9434494376 -0.0551334545 0.3268997967
-25.9 298.0 2711.9 0 0 0 0 0 0 0 0 0
-323.3 -341.4 2775.6 0 0 0 0 0 0 0 0 0
-267.6 -874.8 2440.5 0 0 0 0 0 0 0 0 0
-431.3 -850.9 2664.3 0 0 0 0 0 0 0 0 0
-250.9 397.5 2754.8 7 -0.3956824839 0.0042666043 -0.9183774590 -0.3076549470 0.9415940046 0.1369274408 0.8653229475 0.3367231488 -0.3712596297
-251.8 207.6 2686.9 -0.3956824839 0.0042666043 -0.9183774590 -0.3076549470 0.9415940046 0.1369274408 0.8653229475 0.3367231488 -0.3712596297
-252.2 17.6 2628.5 -0.3955495059 0.0021915666 -0.9184420705 -0.2685810328 0.9560081363 0.1179521903 0.8782965541 0.2933320403 -0.3775599003
-194.0 246.7 2558.6 -0.7392062545 0.3289338946 -0.5876874924 0.6005444527 0.7168979645 -0.3541238010 0.3048286736 -0.6147029996 -0.7274748683
-21.7 106.7 2487.6 0.0144634126 0.3289338946 0.9442421794 -0.6546731591 0.7168979645 -0.2397089005 -0.7557737231 -0.6147029996 0.2257129848
-309.5 168.4 2815.1 -0.3716799915 0.5354915261 -0.7583553195 -0.9152755737 -0.0746994615 0.3958417177 0.1553211510 0.8412305117 0.5178865790
-411.4 -82.6 2857.7 0.3056036830 0.5354915261 -0.7873088121 -0.9114404321 -0.0746994615 -0.4045940638 -0.2754682302 0.8412305117 0.4652402103
-212.2 -147.7 2487.6 -0.5939372182 0.1609639525 -0.7882443666 0.0325470753 0.9837856293 0.1763705760 0.8038527369 0.0790980011 -0.5895458460
-276.2 -538.6 2456.2 -0.5935441256 -0.0299463440 -0.8042441010 -0.0527320988 0.9986072183 0.0017335463 0.8030720353 0.0434384160 -0.5942965746
-286.1 -198.4 2647.6 0.3148020506 0.1549430490 0.9364252687 -0.0552394651 0.9879044890 -0.1448908299 -0.9475485682 -0.0061157034 0.3195533156
-347.6 -590.8 2650.0 0.2859511375 0.3063910007 0.9079408050 -0.1497725993 0.9501500726 -0.2734647393 -0.9464671612 -0.0577870943 0.3175854981
-25.9 298.7 2709.1 0 0 0 0 0 0 0 0 0
-325.5 -338.9 2780.2 0 0 0 0 0 0 0 0 0
-266.1 -874.0 2441.6 0 0 0 0 0 0 0 0 0
-431.8 -851.9 2665.9 0 0 0 0 0 0 0 0 0
-249.8 394.0 2754.8 8 -0.4134140611 0.0086466456 -0.9105020761 -0.3075915575 0.9398453236 0.1485874504 0.8570159078 0.3414908946 -0.3858856261
-251.6 203.6 2685.6 -0.4134140611 0.0086466456 -0.9105020761 -0.3075915575 0.9398453236 0.1485874504 0.8570159078 0.3414908946 -0.3858856261
-252.3 14.0 2626.2 -0.4131666720 0.0039039936 -0.9106470346 -0.2702534497 0.9544151425 0.1267074347 0.8696300387 0.2984567881 -0.3932774663
-191.3 243.0 2558.6 -0.7401517630 0.3451089561 -0.5771266222 0.6043796539 0.7176621556 -0.3459570408 0.2947890759 -0.6048642993 -0.7397557497
-18.7 102.1 2489.9 0.0232281666 0.3451089561 0.9382751584 -0.6507915258 0.7176621556 -0.2478536814 -0.7589011192 -0.6048642993 0.2412639558
-311.9 164.2 2812.5 -0.3810358644 0.5197818279 -0.7646166086 -0.9133257270 -0.0830814242 0.3986647129 0.1436932236 0.8502495885 0.5063871145
-416.4 -86.3 2851.9 0.3038492203 0.5197818279 -0.7984375358 -0.9122022390 -0.0830814242 -0.4012288153 -0.2748867869 0.8502495885 0.4489019215
-216.4 -147.7 2489.7 -0.6097100973 0.1461105645 -0.7790412903 0.0218905807 0.9855921268 0.1677170545 0.7923221588 0.0852051228 -0.6041238904
-274.4 -539.3 2455.9 -0.6095330119 -0.0233884789 -0.7924156189 -0.0462767333 0.9989099503 0.0061132209 0.7914088368 0.0403966159 -0.6099509001
-288.9 -197.0 2650.8 0.3369257748 0.1356276423 0.9317114353 -0.0153521840 0.9902302027 -0.1385944635 -0.9414060712 0.0323922373 0.3357162476
-342.7 -590.0 2637.9 0.2819661498 0.3181927502 0.9051234722 -0.1966764033 0.9425376058 -0.2700764537 -0.9390492439 -0.1018640101 0.3283447027
-25.5 292.9 2712.4 0 0 0 0 0 0 0 0 0
-330.9 -342.8 2774.6 0 0 0 0 0 0 0 0 0
-266.5 -875.5 2442.3 0 0 0 0 0 0 0 0 0
-430.7 -850.6 2666.1 0 0 0 0 0 0 0 0 0
-249.3 393.2 2754.8 9 -0.4240644872 0.0146695785 -0.9055131674 -0.3026183248 0.9401003718 0.1569502950 0.8535757065 0.3405819237 -0.3942238986
-252.2 203.7 2686.1 -0.4240644872 0.0146695785 -0.9055131674 -0.3026183248 0.9401003718 0.1569502950 0.8535757065 0.3405819237 -0.3942238986
-254.0 14.2 2626.5 -0.4236302972 0.0091556553 -0.9057888985 -0.2681021690 0.9538804293 0.1350310296 0.8652505875 0.3000472188 -0.4016379714
-190.4 242.8 2559.8 -0.7377654910 0.3568610847 -0.5730202794 0.6101663709 0.7156571746 -0.3398998082 0.2887890637 -0.6004040241 -0.7457317710
-18.4 100.6 2492.5 0.0248894915 0.3568610847 0.9338258505 -0.6497784853 0.7156571746 -0.2561693192 -0.7597159743 -0.6004040241 0.2496930063
-314.1 164.6 2812.5 -0.3901256323 0.5110181570 -0.7659389377 -0.9102697372 -0.0888302624 0.4043738544 0.1386038214 0.8549675941 0.4998193383
-421.0 -85.0 2850.5 0.2987094223 0.5110181570 -0.8059982061 -0.9143036604 -0.0888302624 -0.3951683640 -0.2735352516 0.8549675941 0.4406913221
-215.2 -150.9 2487.2 -0.6174170375 0.1497239321 -0.7722557783 0.0228353236 0.9847169518 0.1726588309 0.7863045335 0.0889677852 -0.6114000082
-274.7 -542.2 2451.8 -0.6170889139 -0.0243244171 -0.7865173817 -0.0386735387 0.9992517233 -0.0005609590 0.7859424949 0.0300712492 -0.6175678968
-291.0 -200.5 2646.7 0.3421072364 0.1568867117 0.9264713526 -0.0400859602 0.9875026345 -0.1524195522 -0.9388055205 0.0150053333 0.3441207409
-353.3 -592.5 2640.7 0.3018489480 0.2919684649 0.9075470567 -0.1844651550 0.9518468976 -0.2448673844 -0.9353393912 -0.0934978500 0.3411720097
-25.7 291.1 2715.2 0 0 0 0 0 0 0 0 0
-337.0 -342.1 2773.5 0 0 0 0 0 0 0 0 0
-266.6 -875.2 2441.8 0 0 0 0 0 0 0 0 0
-432.0 -849.2 2665.9 0 0 0 0 0 0 0 0 0
-249.8 392.2 2754.8 0 -0.4072238505 0.0102523044 -0.9132708311 -0.3025533557 0.9419642091 0.1454817504 0.8617599607 0.3355568051 -0.3804883957
-251.9 202.8 2687.3 -0.4072238505 0.0102523044 -0.9132708311 -0.3025533557 0.9419642091 0.1454817504 0.8617599607 0.3355568051 -0.3804883957
-253.3 12.8 2629.0 -0.4068728089 0.0074297111 -0.9134545922 -0.2648735344 0.9560477138 0.1257566661 0.8742405176 0.2931169271 -0.3870218992
-192.5 241.4 2559.6 -0.7370896935 0.3414225876 -0.5832061172 0.6070024967 0.7138336301 -0.3492699564 0.2970634699 -0.6114508510 -0.7334038019
-20.6 99.9 2490.4 0.0165858027 0.3414225876 0.9397635460 -0.6550163627 0.7138336301 -0.2477803677 -0.7554326057 -0.6114508510 0.2354768962
-311.3 164.1 2814.9 -0.3811273575 0.5261532664 -0.7602004409 -0.9119988680 -0.0790815353 0.4024974108 0.1516575068 0.8467047215 0.5099913478
-415.8 -85.9 2856.5 0.3005748987 0.5261532664 -0.7954982519 -0.9141033292 -0.0790815353 -0.3976948261 -0.2721576691 0.8467047215 0.4571885467
-217.0 -150.8 2487.5 -0.6043996811 0.1471894681 -0.7829663157 0.0218203552 0.9854746461 0.1684150100 0.7963823676 0.0847053751 -0.5988323092
-275.5 -542.4 2453.8 -0.6036577225 -0.0314493775 -0.7966230512 -0.0461391844 0.9989250302 -0.0044730012 0.7959073782 0.0340553746 -0.6044598222
-294.7 -199.9 2646.2 0.3291447461 0.1274458617 0.9356395006 -0.0242401063 0.9916640520 -0.1265497804 -0.9439682961 0.0189731922 0.3294903040
-345.3 -593.7 2638.6 0.2792493999 0.3125953376 0.9079118371 -0.1906566918 0.9447508454 -0.2666381598 -0.9411002994 -0.0986409187 0.3234195113
-25.5 291.9 2711.9 0 0 0 0 0 0 0 0 0
-331.3 -343.0 2780.0 0 0 0 0 0 0 0 0 0
-265.0 -875.3 2442.5 0 0 0 0 0 0 0 0 0
-431.0 -852.8 2665.7 0 0 0 0 0 0 0 0 0
-250.6 393.0 2754.3 1 -0.4523428679 0.0042745802 -0.8918339014 -0.2985102534 0.9415842295 0.1559190154 0.8404031992 0.3367504179 -0.4246428907
-251.4 203.8 2686.6 -0.4523428679 0.0042745802 -0.8918339014 -0.2985102534 0.9415842295 0.1559190154 0.8404031992 0.3367504179 -0.4246428907
-252.1 14.2 2627.4 -0.4521994293 0.0036797773 -0.8919092417 -0.2643211484 0.9545178413 0.1379493326 0.8518509269 0.2981311083 -0.4306597710
-185.4 242.4 2562.3 -0.7439753413 0.3789355755 -0.5503712296 0.6139484048 0.7127606869 -0.3391748667 0.2637575269 -0.5902372599 -0.7629233003
-12.0 99.3 2500.8 0.0463389419 0.3789355755 0.9242621660 -0.6516167521 0.7127606869 -0.2595531642 -0.7571316361 -0.5902372599 0.2799493372
-317.4 165.3 2810.9 -0.3978536427 0.4830614924 -0.7799769640 -0.9085158110 -0.0890918747 0.4082421362 0.1277164519 0.8710420132 0.4743145406
-426.5 -83.7 2845.9 0.3031239808 0.4830614924 -0.8214423060 -0.9162770510 -0.0890918747 -0.3905111551 -0.2618247271 0.8710420132 0.4156122804
-217.5 -152.9 2490.6 -0.6435253024 0.1481818557 -0.7509443164 0.0180574339 0.9837477207 0.1786459237 0.7652118206 0.1014030427 -0.6357423067
-276.4 -543.8 2450.3 -0.6425449252 -0.0355507992 -0.7654228806 -0.0399078690 0.9991200566 -0.0129038729 0.7652080655 0.0222550780 -0.6433982253
-292.1 -201.4 2650.9 0.3732089698 0.1574383527 0.9142910838 -0.0340491422 0.9871562719 -0.1560868323 -0.9271222949 0.0271221790 0.3737762272
-354.6 -593.4 2640.1 0.3330337405 0.2828253508 0.8994989395 -0.1858573109 0.9549302459 -0.2314418703 -0.9244163632 -0.0901005045 0.3705891669
-25.6 290.3 2722.8 0 0 0 0 0 0 0 0 0
-341.2 -341.4 2772.3 0 0 0 0 0 0 0 0 0
-264.6 -875.5 2442.9 0 0 0 0 0 0 0 0 0
-430.7 -850.3 2664.4 0 0 0 0 0 0 0 0 0
-248.6 395.5 2755.5 2 -0.4442275763 0.0212249868 -0.8956625462 -0.3020273745 0.9376508594 0.1720184982 0.8434697986 0.3469299674 -0.4101198316
-252.8 206.7 2685.7 -0.4442275763 0.0212249868 -0.8956625462 -0.3020273745 0.9376508594 0.1720184982 0.8434697986 0.3469299674 -0.4101198316
-254.2 17.5 2625.0 -0.4437548220 0.0070281150 -0.8961206675 -0.2704029083 0.9523110986 0.1413710862 0.8543792367 0.3050477505 -0.4206922352
-188.1 246.1 2561.0 -0.7410638928 0.3732839823 -0.5581069589 0.6122338176 0.7169401050 -0.3334165812 0.2756702006 -0.5887749195 -0.7598355412
-15.3 103.4 2496.7 0.0385115929 0.3732839823 0.9269174337 -0.6460773349 0.7169401050 -0.2618796229 -0.7622997761 -0.5887749195 0.2687808275
-317.6 167.2 2810.4 -0.3971590102 0.4917117655 -0.7749091983 -0.9091641307 -0.0955737084 0.4053223729 0.1252408326 0.8654971123 0.4850046635
-426.5 -82.0 2844.7 0.3002293110 0.4917117655 -0.8173627853 -0.9143999219 -0.0955737084 -0.3933680356 -0.2715420723 0.8654971123 0.4209271967
-211.4 -151.3 2490.1 -0.6315807700 0.1678878069 -0.7569144368 0.0389599875 0.9819122553 0.1852847636 0.7743306160 0.0875329152 -0.6266977787
-278.1 -541.4 2455.4 -0.6305413246 -0.0410422832 -0.7750697732 -0.0565493628 0.9983761907 -0.0068625179 0.7740929127 0.0395026021 -0.6318383813
-294.3 -199.7 2646.2 0.3633004427 0.1238461137 0.9234039783 -0.0315998532 0.9921932817 -0.1206395477 -0.9311360121 0.0146489702 0.3643777668
-343.4 -593.6 2640.4 0.3157243133 0.3157501817 0.8947737217 -0.1893964559 0.9450021386 -0.2666456699 -0.9297565222 -0.0852804482 0.3581621051
-26.6 292.8 2720.2 0 0 0 0 0 0 0 0 0
-342.1 -339.2 2768.3 0 0 0 0 0 0 0 0 0
-264.4 -876.2 2442.1 0 0 0 0 0 0 0 0 0
-429.9 -852.4 2663.7 0 0 0 0 0 0 0 0 0
-247.0 399.7 2755.1 3 -0.4357841611 0.0161875132 -0.8999056220 -0.3080736399 0.9367616773 0.1660367996 0.8456848264 0.3495934010 -0.4032389522
-250.3 211.2 2684.8 -0.4357841611 0.0161875132 -0.8999056220 -0.3080736399 0.9367616773 0.1660367996 0.8456848264 0.3495934010 -0.4032389522
-250.1 22.0 2624.2 -0.4355117977 -0.0007506500 -0.9001827240 -0.2747426927 0.9523963332 0.1321273595 0.8572315574 0.3048616648 -0.4149860740
-186.7 251.3 2559.6 -0.7455033064 0.3621806502 -0.5595086813 0.6046927571 0.7205920815 -0.3392546475 0.2803060710 -0.5912463069 -0.7562118173
-12.9 110.3 2494.3 0.0402434506 0.3621806502 0.9312387705 -0.6458081603 0.7205920815 -0.2523466349 -0.7624383569 -0.5912463069 0.2628983557
-313.9 171.1 2809.9 -0.3871567845 0.4981909394 -0.7758320570 -0.9130886197 -0.0903695747 0.3976210356 0.1279795915 0.8623451591 0.4898796678
-420.0 -79.2 2845.0 0.3078794479 0.4981909394 -0.8105652332 -0.9113069773 -0.0903695747 -0.4016875923 -0.2733675539 0.8623451591 0.4261819422
-214.9 -147.0 2486.1 -0.6261433363 0.1583008617 -0.7634693384 0.0379528925 0.9842005372 0.1729419082 0.7787837386 0.0793105513 -0.6222585440
-277.8 -538.0 2454.6 -0.6252765059 -0.0366547182 -0.7795419693 -0.0462604649 0.9988807440 -0.0098623438 0.7790309787 0.0298952833 -0.6262723207
-296.3 -196.5 2642.7 0.3560166657 0.1120166406 0.9277415872 -0.0425193831 0.9937030673 -0.1036642939 -0.9335117936 -0.0025407821 0.3585377336
-340.7 -591.2 2643.7 0.3126624823 0.3248346448 0.8925943375 -0.1796129197 0.9429727197 -0.2802527547 -0.9327279329 -0.0726969540 0.3531767130
-24.7 299.7 2717.8 0 0 0 0 0 0 0 0 0
-333.4 -335.5 2768.1 0 0 0 0 0 0 0 0 0
-265.4 -875.5 2444.5 0 0 0 0 0 0 0 0 0
-429.8 -849.8 2663.7 0 0 0 0 0 0 0 0 0
-245.4 398.9 2751.5 4 -0.4490323067 0.0177805796 -0.8933385611 -0.2942491770 0.9410901070 0.1666339338 0.8436749578 0.3376881480 -0.4173479378
-249.0 209.7 2683.6 -0.4490323067 0.0177805796 -0.8933385611 -0.2942491770 0.9410901070 0.1666339338 0.8436749578 0.3376881480 -0.4173479378
-249.9 20.1 2624.1 -0.4486870468 0.0046443501 -0.8936768770 -0.2650659680 0.9542980790 0.1380406767 0.8534752131 0.2988204062 -0.4269501269
-183.5 248.4 2559.0 -0.7430579066 0.3763681352 -0.5533642769 0.6135638356 0.7132932544 -0.3387508094 0.2672159970 -0.5912357569 -0.7609440684
-10.2 105.4 2496.7 0.0434430167 0.3763681352 0.9254510999 -0.6510449648 0.7132932544 -0.2595247924 -0.7577949166 -0.5912357569 0.2760201991
-314.5 171.1 2808.2 -0.3975428343 0.4865914285 -0.7779386044 -0.9084836841 -0.0896193460 0.4081982374 0.1289073974 0.8690208197 0.4776878953
-423.5 -78.0 2843.5 0.3024372756 0.4865914285 -0.8196099401 -0.9159369469 -0.0896193460 -0.3911878467 -0.2638015747 0.8690208197 0.4185828269
-210.0 -142.1 2485.0 -0.6329671144 0.1708079427 -0.7551008463 0.0626252890 0.9834577441 0.1699675471 0.7716416121 0.0602954552 -0.6331932545
-277.9 -532.8 2461.0 -0.6329067945 -0.0403723046 -0.7731747031 -0.0631842092 0.9980018139 -0.0003904928 0.7716454864 0.0486052856 -0.6341930032
-289.9 -192.4 2642.2 0.3660777211 0.1256078184 0.9220681787 -0.0600522012 0.9919720888 -0.1112885997 -0.9286445975 -0.0146319484 0.3706819117
-339.8 -586.5 2648.0 0.3332879841 0.3252336681 0.8849532008 -0.1617125422 0.9444286227 -0.2861881852 -0.9288531542 -0.0477249436 0.3673610687
-23.0 296.2 2718.8 0 0 0 0 0 0 0 0 0
-338.4 -335.6 2769.3 0 0 0 0 0 0 0 0 0
-263.9 -878.0 2444.2 0 0 0 0 0 0 0 0 0
-429.4 -846.9 2661.2 0 0 0 0 0 0 0 0 0
-244.9 402.3 2753.6 5 -0.4359851778 0.0143288737 -0.8998397589 -0.2963830233 0.9418086410 0.1585989743 0.8497493863 0.3358440399 -0.4063677490
-247.8 212.4 2685.9 -0.4359851778 0.0143288737 -0.8998397589 -0.2963830233 0.9418086410 0.1585989743 0.8497493863 0.3358440399 -0.4063677490
-249.6 22.5 2627.3 -0.4355572760 0.0089498544 -0.9001165032 -0.2615064383 0.9555663466 0.1360415071 0.8613386154 0.2946401238 -0.4138634503
-184.3 250.5 2560.1 -0.7390584946 0.3671270609 -0.5648099780 0.6145542264 0.7108353972 -0.3421054482 0.2758907378 -0.5999422669 -0.7509683967
-12.0 107.3 2495.8 0.0320572965 0.3671270609 0.9296182394 -0.6542667150 0.7108353972 -0.2581628561 -0.7555841208 -0.5999422669 0.2629864812
-311.4 174.2 2811.6 -0.3952636123 0.4998013377 -0.7706914544 -0.9080077410 -0.0857388601 0.4100863039 0.1388834864 0.8618859649 0.4877129495
-419.8 -74.7 2849.7 0.2986699343 0.4998013377 -0.8130159378 -0.9169949293 -0.0857388601 -0.3895756602 -0.2644174993 0.8618859649 0.4327076674
-209.7 -145.2 2486.5 -0.6239368916 0.1684563160 -0.7631023526 0.0496623628 0.9830635786 0.1764076501 0.7798951268 0.0721697658 -0.6217355728
-276.6 -535.8 2457.8 -0.6236051917 -0.0359908305 -0.7809104919 -0.0554896332 0.9984577894 -0.0017053201 0.7797675729 0.0422689915 -0.6246405840
-291.9 -193.8 2643.0 0.3514600992 0.1308479905 0.9270138144 -0.0673271343 0.9911535382 -0.1143754795 -0.9337788224 -0.0222147666 0.3571605384
-343.9 -587.6 2651.8 0.3261268437 0.3125773072 0.8921528459 -0.1483397782 0.9489812851 -0.2782621980 -0.9336147904 -0.0415929779 0.3558559418
-21.3 299.1 2717.3 0 0 0 0 0 0 0 0 0
-335.8 -332.6 2775.4 0 0 0 0 0 0 0 0 0
-264.3 -876.6 2443.4 0 0 0 0 0 0 0 0 0
-428.9 -845.6 2663.1 0 0 0 0 0 0 0 0 0
-243.9 403.0 2754.2 6 -0.4363502264 0.0174340103 -0.8996080160 -0.2876628339 0.9446364045 0.1578360051 0.8525541425 0.3276555538 -0.4071771801
-247.4 212.8 2688.2 -0.4363502264 0.0174340103 -0.8996080160 -0.2876628339 0.9446364045 0.1578360051 0.8525541425 0.3276555538 -0.4071771801
-249.8 22.3 2631.8 -0.4357712865 0.0120116230 -0.8999772668 -0.2502378225 0.9588716626 0.1339634508 0.8645718098 0.2835857570 -0.4148429632
-183.8 249.3 2562.0 -0.7370287776 0.3688622415 -0.5663295984 0.6199173927 0.7027571797 -0.3490483463 0.2692414522 -0.6083362103 -0.7466164231
-12.0 104.7 2499.2 0.0295951255 0.3688622415 0.9290127754 -0.6630360484 0.7027571797 -0.2579059601 -0.7480022311 -0.6083362103 0.2653671503
-311.0 176.2 2814.4 -0.3979529440 0.5000807643 -0.7691246271 -0.9051204920 -0.0772777796 0.4180729985 0.1496340185 0.8625238538 0.4833862782
-420.2 -71.9 2855.5 0.2957867980 0.5000807643 -0.8138976693 -0.9208663702 -0.0772777796 -0.3821429312 -0.2539985478 0.8625238538 0.4376498163
-211.4 -143.4 2489.8 -0.6265319586 0.1652684957 -0.7616718411 0.0414878279 0.9829458594 0.1791539788 0.7782906890 0.0806455836 -0.6227036715
-277.1 -533.9 2457.7 -0.6262281537 -0.0338426493 -0.7789049745 -0.0565678962 0.9983965158 0.0021004151 0.7775849700 0.0453763530 -0.6271384358
-291.3 -191.3 2647.7 0.3584938943 0.1337521821 0.9239006639 -0.0210044086 0.9905880094 -0.1352562755 -0.9332957268 0.0290825590 0.3579291403
-344.4 -584.4 2636.2 0.3068001270 0.3054546118 0.9014272690 -0.2014937103 0.9464799762 -0.2521427572 -0.9302010536 -0.1042745039 0.3519273400
-20.7 299.1 2718.5 0 0 0 0 0 0 0 0 0
-337.0 -330.9 2784.0 0 0 0 0 0 0 0 0 0
-265.5 -875.7 2442.2 0 0 0 0 0 0 0 0 0
-430.1 -849.9 2665.4 0 0 0 0 0 0 0 0 0
-243.8 400.7 2752.0 7 -0.4392461479 0.0170813408 -0.8982043266 -0.2826864719 0.9464024901 0.1562392414 0.8527315855 0.3225376904 -0.4108749926
-247.2 210.6 2687.2 -0.4392461479 0.0170813408 -0.8982043266 -0.2826864719 0.9464024901 0.1562392414 0.8527315855 0.3225376904 -0.4108749926
-249.7 19.9 2631.3 -0.4386895895 0.0127184549 -0.8985486627 -0.2470872253 0.9596530199 0.1342163235 0.8640019298 0.2808991969 -0.4178472161
-183.2 246.6 2561.0 -0.7368181348 0.3717576563 -0.5647081137 0.6218516231 0.7004385591 -0.3502662182 0.2653291821 -0.6092471480 -0.7472739220
-11.4 101.6 2499.2 0.0307151359 0.3717576563 0.9278215170 -0.6652044058 0.7004385591 -0.2586289942 -0.7460292578 -0.6092471480 0.2688089013
-311.3 174.5 2813.3 -0.3998482227 0.4974534214 -0.7698451281 -0.9040483832 -0.0756210834 0.4206874371 0.1510558724 0.8641883731 0.4799589217
-420.9 -73.4 2854.8 0.2950539589 0.4974534214 -0.8157715797 -0.9220518470 -0.0756210834 -0.3796075284 -0.2505265772 0.8641883731 0.4363655150
-212.2 -145.3 2496.2 -0.6309123039 0.1620559394 -0.7587407827 0.0316516161 0.9825044870 0.1835294813 0.7752082348 0.0917756408 -0.6250035167
-276.6 -535.7 2459.7 -0.6302939057 -0.0352473408 -0.7755560875 -0.0582450479 0.9983003736 0.0019651239 0.7741686702 0.0464109071 -0.6312755942
-292.1 -191.2 2654.7 0.3611845970 0.1369125098 0.9223885536 -0.0241861846 0.9902053475 -0.1375080198 -0.9321806431 0.0273567177 0.3609583080
-346.5 -584.5 2643.9 0.3165982962 0.2999302149 0.8998929858 -0.1812462956 0.9503427148 -0.2529792190 -0.9310828447 -0.0830094889 0.3552381098
-20.4 296.7 2717.9 0 0 0 0 0 0 0 0 0
-338.0 -332.7 2784.3 0 0 0 0 0 0 0 0 0
-264.6 -877.1 2443.8 0 0 0 0 0 0 0 0 0
-431.8 -854.6 2667.5 0 0 0 0 0 0 0 0 0
-241.2 405.8 2742.4 8 -0.4685115814 0.0280963965 -0.8830104470 -0.2458293587 0.9558743834 0.1608480662 0.8485663533 0.2924290895 -0.4409312904
-246.8 214.8 2683.9 -0.4685115814 0.0280963965 -0.8830104470 -0.2458293587 0.9558743834 0.1608480662 0.8485663533 0.2924290895 -0.4409312904
-250.5 23.0 2632.4 -0.4679057896 0.0184114836 -0.8835865855 -0.2207996547 0.9656426907 0.1370463967 0.8557521105 0.2592204213 -0.4477645457
-178.5 247.0 2559.0 -0.7352061272 0.4000549018 -0.5472001433 0.6380966902 0.6808348298 -0.3595783114 0.2287018597 -0.6135307550 -0.7558276653
-7.1 98.3 2505.7 0.0432289019 0.4000549018 0.9154710770 -0.6827071309 0.6808348298 -0.2652826905 -0.7294122577 -0.6135307550 0.3025520742
-315.0 182.6 2808.8 -0.4175776839 0.4701001942 -0.7775825858 -0.8945983648 -0.0628310516 0.4424319863 0.1591310203 0.8803738356 0.4467876852
-429.5 -62.7 2852.5 0.2884697616 0.4701001942 -0.8341408968 -0.9317456484 -0.0628310516 -0.3576342463 -0.2205338776 0.8803738356 0.4198889434
-212.0 -148.1 2496.3 -0.6578436494 0.1625978649 -0.7353935838 0.0317734815 0.9815400839 0.1885987967 0.7524840236 0.1007024944 -0.6508662105
-276.7 -538.2 2456.2 -0.6573429704 -0.0334707871 -0.7528478503 -0.0517289750 0.9986608624 0.0007673717 0.7518140078 0.0394484773 -0.6581941247
-292.5 -193.4 2654.7 0.3929797411 0.1256427616 0.9109230638 -0.0187352337 0.9915097356 -0.1286754757 -0.9193562269 0.0335005037 0.3919972181
-342.4 -587.3 2641.4 0.3384373188 0.3163226545 0.8862280250 -0.2042058706 0.9440500140 -0.2589779496 -0.9185642004 -0.0933251679 0.3840966821
-19.8 298.4 2719.6 0 0 0 0 0 0 0 0 0
-348.4 -324.6 2790.5 0 0 0 0 0 0 0 0 0
-265.3 -877.2 2442.8 0 0 0 0 0 0 0 0 0
-431.5 -853.1 2667.7 0 0 0 0 0 0 0 0 0
-239.5 409.9 2748.1 9 -0.4921523333 0.0348344110 -0.8698118329 -0.2524018884 0.9505657554 0.1808811724 0.8331142664 0.3085632324 -0.4590308964
-246.4 219.4 2686.2 -0.4921523333 0.0348344110 -0.8698118329 -0.2524018884 0.9505657554 0.1808811724 0.8331142664 0.3085632324 -0.4590308964
-250.9 28.0 2632.8 -0.4912792444 0.0224693343 -0.8707122803 -0.2232457846 0.9630248547 0.1508127898 0.8419061899 0.2684740424 -0.4680979252
-174.7 251.9 2563.3 -0.7336713076 0.4224551022 -0.5322199464 0.6441252828 0.6818208694 -0.3467317522 0.2164000571 -0.5972034931 -0.7723464370
-3.7 101.8 2512.9 0.0538372882 0.4224551022 0.9047835469 -0.6765984893 0.6818208694 -0.2780913711 -0.7343813777 -0.5972034931 0.3225398660
-318.1 186.8 2809.1 -0.4308610857 0.4475798905 -0.7836012840 -0.8913936615 -0.0757709593 0.4468513429 0.1406274587 0.8910280466 0.4316166341
-436.3 -57.6 2847.6 0.2839108407 0.4475798905 -0.8479781151 -0.9328119755 -0.0757709593 -0.3523074389 -0.2219378501 0.8910280466 0.3959957063
-211.3 -148.6 2502.5 -0.6762781143 0.1659768969 -0.7177044153 0.0298762973 0.9796644449 0.1984061748 0.7360402942 0.1127353981 -0.6674844027
-277.3 -537.9 2457.7 -0.6755994558 -0.0370179117 -0.7363389730 -0.0562839806 0.9984137416 0.0014480187 0.7351173162 0.0424223691 -0.6766113043
-297.1 -189.1 2659.3 0.4166152477 0.1170804426 0.9015120268 -0.0049808091 0.9919510484 -0.1265240908 -0.9090692401 0.0482216068 0.4138450623
-343.6 -583.2 2640.2 0.3599717021 0.3093023896 0.8802002072 -0.2071348429 0.9463954568 -0.2478523552 -0.9096788168 -0.0931002870 0.4047428966
-19.5 300.1 2728.2 0 0 0 0 0 0 0 0 0
-356.4 -319.9 2785.2 0 0 0 0 0 0 0 0 0
-264.6 -878.6 2443.2 0 0 0 0 0 0 0 0 0
-431.2 -851.4 2666.5 0 0 0 0 0 0 0 0 0
-238.8 409.0 2741.4 0 -0.5366479754 0.0223397166 -0.8435104489 -0.2377017885 0.9551633000 0.1765245050 0.8096337318 0.2952354550 -0.5072762966
-243.2 217.8 2682.3 -0.5366479754 0.0223397166 -0.8435104489 -0.2377017885 0.9551633000 0.1765245050 0.8096337318 0.2952354550 -0.5072762966
-246.6 25.9 2631.1 -0.5360723734 0.0166427270 -0.8440079689 -0.2093358040 0.9659566879 0.1520072073 0.8178049326 0.2581679523 -0.5143387914
-165.1 248.4 2563.0 -0.7384446263 0.4585326612 -0.4944161773 0.6523717046 0.6713230610 -0.3517619967 0.1706186384 -0.5822998881 -0.7948686481
7.1 96.3 2523.3 0.0860923156 0.4585326612 0.8844975233 -0.6857177019 0.6713230610 -0.2812766731 -0.7227581739 -0.5822998881 0.3722197115
-321.4 187.3 2801.6 -0.4448328912 0.4001727402 -0.8012399673 -0.8864024282 -0.0687356442 0.4577839971 0.1281189173 0.9138584137 0.3852899373
-443.4 -55.7 2836.7 0.2866515517 0.4001727402 -0.8704554439 -0.9377594590 -0.0687356442 -0.3404152989 -0.1960562319 0.9138584137 0.3555625975
-210.3 -142.8 2502.3 -0.7127387524 0.1732421666 -0.6796989441 0.0466150269 0.9785760641 0.2005392164 0.6998789310 0.1112478897 -0.7055447698
-279.2 -531.7 2458.1 -0.7116689086 -0.0501217023 -0.7007247210 -0.0677081570 0.9977017641 -0.0025983383 0.6992445588 0.0455956236 -0.7134270072
-300.4 -183.7 2656.6 0.4620263875 0.1349704713 0.8765355349 -0.0270934701 0.9900383353 -0.1381667256 -0.8864522576 0.0400882848 0.4610806704
-354.0 -577.1 2640.7 0.4204200804 0.2700079978 0.8662232161 -0.2022774071 0.9585601091 -0.2006150633 -0.8844946623 -0.0908747762 0.4576144218
-18.2 297.3 2735.2 0 0 0 0 0 0 0 0 0
-362.8 -319.3 2781.6 0 0 0 0 0 0 0 0 0
-261.7 -878.9 2442.3 0 0 0 0 0 0 0 0 0
-431.3 -851.3 2666.7 0 0 0 0 0 0 0 0 0
-239.2 410.3 2748.1 1 -0.5143690705 0.0233516116 -0.8572509289 -0.2655732930 0.9461502433 0.1851229519 0.8154110909 0.3228844702 -0.4804688692
-243.8 220.0 2683.2 -0.5143690705 0.0233516116 -0.8572509289 -0.2655732930 0.9461502433 0.1851229519 0.8154110909 0.3228844702 -0.4804688692
-246.8 29.6 2626.6 -0.5138091445 0.0144475205 -0.8577829003 -0.2373594195 0.9584337473 0.1583202779 0.8244153857 0.2849492431 -0.4890227318
-168.9 254.7 2562.9 -0.7397608757 0.4380190074 -0.5107770562 0.6402221322 0.6917816401 -0.3339966238 0.2070493400 -0.5740883946 -0.7921824455
3.5 105.4 2514.6 0.0742778704 0.4380190074 0.8958918452 -0.6642768979 0.6917816401 -0.2831507325 -0.7437869310 -0.5740883946 0.3423499763
-318.8 185.4 2803.4 -0.4340054989 0.4231178164 -0.7953681946 -0.8936880231 -0.0906352848 0.4394393861 0.1138462126 0.9015301466 0.4174715281
-437.7 -59.6 2834.6 0.2900875807 0.4231178164 -0.8583824635 -0.9290616512 -0.0906352848 -0.3586497605 -0.2295508385 0.9015301466 0.3668103814
-200.9 -146.8 2504.9 -0.6894286871 0.1911474019 -0.6986778975 0.0537255108 0.9753907323 0.2138374448 0.7223584056 0.1098888442 -0.6827318668
-276.8 -534.4 2461.3 -0.6895061731 -0.0415130705 -0.7230891585 -0.0682986379 0.9976340532 0.0078517031 0.7210524082 0.0547998026 -0.6907100677
-299.1 -185.2 2654.7 0.4360340834 0.1176329702 0.8922089338 -0.0314046256 0.9928053021 -0.1155482084 -0.8993819952 0.0223634709 0.4365911782
-345.8 -579.6 2645.8 0.3955450356 0.2919802368 0.8707994223 -0.1815640777 0.9542695284 -0.2374956310 -0.9003213644 -0.0641656741 0.4304696918
-18.2 300.2 2732.7 0 0 0 0 0 0 0 0 0
-356.2 -320.7 2770.1 0 0 0 0 0 0 0 0 0
-262.6 -877.8 2442.4 0 0 0 0 0 0 0 0 0
-430.3 -855.9 2664.4 0 0 0 0 0 0 0 0 0
-239.3 406.8 2739.4 2 -0.5217229128 0.0269091688 -0.8526905179 -0.2395517528 0.9546688795 0.1766983271 0.8187918663 0.2964510620 -0.4916265011
-244.7 215.2 2679.9 -0.5217229128 0.0269091688 -0.8526905179 -0.2395517528 0.9546688795 0.1766983271 0.8187918663 0.2964510620 -0.4916265011
-249.0 23.5 2628.4 -0.5209810734 0.0218473766 -0.8532885909 -0.2103337795 0.9655604959 0.1531426460 0.8272475004 0.2592598200 -0.4984434545
-168.7 246.0 2559.2 -0.7348707914 0.4480130672 -0.5091652274 0.6524320245 0.6719999909 -0.3503547609 0.1851955205 -0.5896611810 -0.7861312628
2.6 93.9 2516.1 0.0724225864 0.4480130672 0.8910887837 -0.6846680045 0.6719999909 -0.2822158337 -0.7252480388 -0.5896611810 0.3554081917
-320.7 184.5 2800.6 -0.4432825148 0.4167337716 -0.7936205268 -0.8861310482 -0.0702149197 0.4580847323 0.1351753771 0.9063127637 0.4004057944
-442.2 -58.4 2837.7 0.2829189599 0.4167337716 -0.8638806939 -0.9374763370 -0.0702149197 -0.3408928812 -0.2027188987 0.9063127637 0.3708129227
-202.7 -139.0 2494.5 -0.6949246526 0.1893149316 -0.6937143207 0.0709214285 0.9780622125 0.1958684176 0.7155765891 0.0869145766 -0.6931060553
-277.9 -527.5 2460.0 -0.6957420707 -0.0398693569 -0.7171843648 -0.0612167530 0.9981168509 0.0038996798 0.7156783342 0.0466168709 -0.6968725324
-296.8 -182.5 2645.5 0.4414266050 0.1042539626 0.8912203312 -0.0568524376 0.9944813251 -0.0881739780 -0.8954944611 -0.0117457071 0.4449176192
-338.2 -577.4 2650.2 0.4017462134 0.3146879077 0.8599834442 -0.1897652298 0.9473256469 -0.2579985261 -0.8958733678 -0.0595450178 0.4403013289
-18.6 294.6 2728.7 0 0 0 0 0 0 0 0 0
-362.7 -321.9 2780.7 0 0 0 0 0 0 0 0 0
-264.0 -875.2 2443.8 0 0 0 0 0 0 0 0 0
-430.1 -853.9 2667.5 0 0 0 0 0 0 0 0 0
-238.8 408.6 2736.6 3 -0.5214611888 0.0285222270 -0.8527981639 -0.2274617106 0.9586290121 0.1711479872 0.8223985434 0.2832259536 -0.4934000969
-244.6 215.9 2679.7 -0.5214611888 0.0285222270 -0.8527981639 -0.2274617106 0.9586290121 0.1711479872 0.8223985434 0.2832259536 -0.4934000969
-249.4 23.4 2630.8 -0.5206423998 0.0241782330 -0.8534324169 -0.1975120753 0.9690719247 0.1479479969 0.8306145072 0.2455912232 -0.4997644424
-168.6 244.7 2558.4 -0.7332841754 0.4488977790 -0.5106712580 0.6565731168 0.6626411080 -0.3603032827 0.1766524315 -0.5994977355 -0.7806384563
2.4 91.7 2517.2 0.0702519119 0.4488977790 0.8908172846 -0.6949860454 0.6626411080 -0.2791077793 -0.7155830264 -0.5994977355 0.3585295081
-320.6 187.0 2800.9 -0.4449946284 0.4175509214 -0.7922316790 -0.8831798434 -0.0581890978 0.4654110372 0.1482335478 0.9067884088 0.3946663737
-442.6 -55.1 2841.5 0.2808855772 0.4175509214 -0.8641495705 -0.9408042431 -0.0581890978 -0.3339181840 -0.1897119433 0.9067884088 0.3764891922
-205.7 -149.0 2501.2 -0.6996666193 0.1787929982 -0.6917366982 0.0530171134 0.9785054922 0.1992891580 0.7124996781 0.1027620882 -0.6941067576
-276.8 -537.8 2460.4 -0.7002138495 -0.0360755399 -0.7130210996 -0.0632796511 0.9979277849 0.0116525376 0.7111232281 0.0532789975 -0.7010457516
-301.2 -187.6 2652.7 0.4438314140 0.0960331634 0.8909496665 -0.0371712334 0.9953582883 -0.0887700543 -0.8953390121 0.0062812390 0.4453409612
-339.3 -582.9 2650.2 0.3980486691 0.3206476867 0.8595011830 -0.1893902868 0.9454640746 -0.2650075555 -0.8976015449 -0.0572952628 0.4370682836
-18.2 295.4 2727.0 0 0 0 0 0 0 0 0 0
-363.6 -319.6 2788.2 0 0 0 0 0 0 0 0 0
-264.5 -877.1 2442.2 0 0 0 0 0 0 0 0 0
-430.2 -850.8 2666.5 0 0 0 0 0 0 0 0 0
-238.2 407.9 2734.2 4 -0.5113166571 0.0348595381 -0.8586850762 -0.2137741596 0.9626112580 0.1663735360 0.8323796391 0.2686342299 -0.4847471118
-245.2 214.2 2680.1 -0.5113166571 0.0348595381 -0.8586850762 -0.2137741596 0.9626112580 0.1663735360 0.8323796391 0.2686342299 -0.4847471118
-250.8 21.1 2633.9 -0.5103970766 0.0284786914 -0.8594671488 -0.1856833547 0.9722242951 0.1424835324 0.8396525979 0.2323119193 -0.4909324348
-170.7 241.3 2557.6 -0.7301814556 0.4421480000 -0.5209032297 0.6599093080 0.6539532542 -0.3699524999 0.1770725846 -0.6138813496 -0.7692821026
