-431.6 512.5 2666.3 25 -0.7125843167 -0.0981069505 -0.6946932077 -0.1285713017 0.9916666746 -0.0081640296 0.6897050142 0.0835000500 -0.7192598581
-412.0 314.1 2649.5 -0.7125843167 -0.0981069505 -0.6946932077 -0.1285713017 0.9916666746 -0.0081640296 0.6897050142 0.0835000500 -0.7192598581
-395.9 116.7 2633.9 -0.7140272856 -0.0806578770 -0.6954562068 -0.1125459149 0.9936465025 0.0003097823 0.6910126209 0.0784919485 -0.7185684443
-311.5 330.0 2552.3 -0.9528176188 -0.3003724813 0.0437608585 -0.2260697186 0.6060099602 -0.7626561522 0.2025613934 -0.7365651727 -0.6453220844
-104.2 379.2 2508.3 -0.3340848088 -0.3003724813 0.8934000731 -0.7901507020 0.6060099602 -0.0917266682 -0.5138571858 -0.7365651727 -0.4397982359
-512.5 298.3 2746.8 -0.2114372700 0.8859288692 -0.4128248096 -0.9032171965 -0.0157063715 0.4288963079 0.3734876513 0.4635551274 0.8035070896
-569.5 54.6 2847.5 -0.0724737644 0.8884462118 -0.4532227516 -0.9830025434 0.0132253151 0.1831149757 0.1686818302 0.4587901533 0.8723863959
-315.6 -69.2 2547.4 -0.3949268758 0.3109750450 -0.8644809127 0.0869929865 0.9494000673 0.3017809391 0.9145845771 0.0439776182 -0.4019962251
-439.3 -446.7 2529.9 -0.4222093523 0.1472888440 -0.8944525123 -0.0625841022 0.9796211123 0.1908551455 0.9043353796 0.1365593374 -0.4043872654
-445.4 -91.1 2681.7 -0.8072328568 0.0463004895 -0.5884143114 0.0745436326 0.9969332218 -0.0238192249 0.5855069160 -0.0630901977 -0.8082087040
-463.7 -486.4 2706.7 -0.8072328568 0.0463004895 -0.5884143114 0.0745436326 0.9969332218 -0.0238192249 0.5855069160 -0.0630901977 -0.8082087040
-17.3 584.6 2641.8 0 0 0 0 0 0 0 0 0
-588.4 -200.8 2891.4 0 0 0 0 0 0 0 0 0
-493.8 -809.1 2479.4 0 0 0 0 0 0 0 0 0
-481.4 -866.5 2730.8 0 0 0 0 0 0 0 0 0
-432.8 513.9 2671.5 26 -0.7024697065 -0.0990001336 -0.7047945261 -0.1428178996 0.9897434115 0.0033208553 0.6972369552 0.1029900759 -0.7094037533
-412.9 315.5 2650.9 -0.7024697065 -0.0990001336 -0.7047945261 -0.1428178996 0.9897434115 0.0033208553 0.6972369552 0.1029900759 -0.7094037533
-395.5 118.4 2632.7 -0.7039886117 -0.0878911763 -0.7047518492 -0.1267119497 0.9919354320 0.0028682477 0.6988161802 0.0913196951 -0.7094480991
-313.9 333.3 2552.6 -0.9583027363 -0.2819440663 0.0465126373 -0.2168553621 0.6115433574 -0.7609129548 0.1860904098 -0.7392714620 -0.6471847296
-103.7 380.9 2511.7 -0.3354590833 -0.2819440663 0.8988741636 -0.7847325206 0.6115433574 -0.1010426655 -0.5212121010 -0.7392714620 -0.4263984561
-512.0 297.7 2749.2 -0.1991069019 0.8919816017 -0.4058636427 -0.9093147516 -0.0137440935 0.4158819616 0.3653807938 0.4518627822 0.8138285279
-565.7 52.3 2847.8 -0.0622204281 0.8941959143 -0.4433308840 -0.9854968190 0.0152195944 0.1690099537 0.1578753293 0.4474170506 0.8802802563
-314.3 -70.5 2555.0 -0.3871802688 0.3058075309 -0.8698121309 0.0619265214 0.9498879910 0.3063950837 0.9199220538 0.0647656918 -0.3867154717
-435.9 -448.1 2529.2 -0.4101273417 0.1562189013 -0.8985494971 -0.0617945381 0.9781972766 0.1982712448 0.9099324346 0.1368419081 -0.3915319741
-442.6 -90.4 2678.6 -0.8012644053 0.0335849226 -0.5973671079 0.0284032952 0.9994328022 0.0180915985 0.5976358652 -0.0024710398 -0.8017638326
-455.9 -486.5 2679.6 -0.8012644053 0.0335849226 -0.5973671079 0.0284032952 0.9994328022 0.0180915985 0.5976358652 -0.0024710398 -0.8017638326
-16.5 584.9 2647.2 0 0 0 0 0 0 0 0 0
-581.9 -203.8 2888.8 0 0 0 0 0 0 0 0 0
-493.6 -809.0 2478.7 0 0 0 0 0 0 0 0 0
-468.7 -867.3 2680.6 0 0 0 0 0 0 0 0 0
-430.0 515.5 2673.6 27 -0.6989525557 -0.0888974294 -0.7096214294 -0.1430302709 0.9895738363 0.0169115700 0.7007193565 0.1133177355 -0.7043802142
-412.2 317.1 2650.9 -0.6989525557 -0.0888974294 -0.7096214294 -0.1430302709 0.9895738363 0.0169115700 0.7007193565 0.1133177355 -0.7043802142
-396.0 119.9 2631.5 -0.7003580332 -0.0812130496 -0.7091565728 -0.1266593039 0.9918796420 0.0114971604 0.7024642229 0.0978733972 -0.7049573064
-313.6 334.9 2552.1 -0.9596202374 -0.2790566385 0.0354448855 -0.2070034742 0.6152232885 -0.7606903911 0.1904691756 -0.7373111248 -0.6481464505
-104.6 380.0 2510.6 -0.3385569155 -0.2790566385 0.8986136913 -0.7815428376 0.6152232885 -0.1033976898 -0.5239942670 -0.7373111248 -0.4263828099
-510.7 299.3 2749.8 -0.2024117410 0.8946992159 -0.3981744051 -0.9102666378 -0.0219370425 0.4134409428 0.3611705005 0.4461301565 0.8188551664
-565.4 53.6 2847.3 -0.0673137009 0.8970636725 -0.4367443025 -0.9860307574 0.0070311739 0.1664149612 0.1523556411 0.4418453276 0.8840590715
-313.4 -67.2 2550.5 -0.3770560026 0.3083679378 -0.8733487129 0.0707955658 0.9497842789 0.3047913611 0.9234808087 0.0530942008 -0.3799529672
-436.0 -444.7 2529.3 -0.4026860893 0.1508705020 -0.9028189182 -0.0694434941 0.9784448147 0.1944823861 0.9127001166 0.1410102546 -0.3835291266
-444.1 -88.8 2676.5 -0.7979498506 0.0375061482 -0.6015557647 0.0131161008 0.9989061952 0.0448821783 0.6025811434 0.0279236622 -0.7975689769
-459.0 -485.2 2665.4 -0.7979498506 0.0375061482 -0.6015557647 0.0131161008 0.9989061952 0.0448821783 0.6025811434 0.0279236622 -0.7975689769
-16.6 583.2 2646.8 0 0 0 0 0 0 0 0 0
-582.9 -202.7 2886.9 0 0 0 0 0 0 0 0 0
-492.3 -809.9 2476.7 0 0 0 0 0 0 0 0 0
-473.3 -866.3 2654.7 0 0 0 0 0 0 0 0 0
-427.5 513.0 2674.2 28 -0.6894021630 -0.0814574808 -0.7197842598 -0.1391119361 0.9900497794 0.0211967751 0.7108955979 0.1147436798 -0.6938741803
-411.2 315.2 2651.3 -0.6894021630 -0.0814574808 -0.7197842598 -0.1391119361 0.9900497794 0.0211967751 0.7108955979 0.1147436798 -0.6938741803
-396.4 117.9 2631.4 -0.6906399727 -0.0741288066 -0.7193895578 -0.1233410239 0.9922326207 0.0161681920 0.7126032710 0.0998966470 -0.6944186687
-314.0 332.5 2551.0 -0.9592375755 -0.2791772485 0.0438556187 -0.2143389285 0.6175816655 -0.7567375302 0.1841794848 -0.7352910638 -0.6522461176
-104.8 379.3 2510.8 -0.3378461301 -0.2791772485 0.8988437057 -0.7799507380 0.6175816655 -0.1013397202 -0.5268176794 -0.7352910638 -0.4263920784
-508.4 297.8 2751.6 -0.2022012025 0.9010432959 -0.3837129474 -0.9094420671 -0.0273872726 0.4149277806 0.3633590341 0.4328635931 0.8249844313
-562.9 52.3 2849.6 -0.0706480220 0.9035077691 -0.4227085710 -0.9857696891 0.0015630921 0.1680943966 0.1525353342 0.4285688400 0.8905401230
-315.6 -65.6 2547.6 -0.3613743186 0.3086982667 -0.8798374534 0.0770277977 0.9502637982 0.3017704189 0.9292337298 0.0412801467 -0.3671793044
-438.4 -443.4 2531.2 -0.3889875710 0.1424905211 -0.9101566672 -0.0796985254 0.9790567756 0.1873392314 0.9177891016 0.1454107761 -0.3694846332
-445.1 -90.7 2677.0 -0.7892529368 0.0426543355 -0.6125850081 0.0088496348 0.9982711077 0.0581078343 0.6140044928 0.0404406264 -0.7882658839
-462.0 -487.1 2660.9 -0.7892529368 0.0426543355 -0.6125850081 0.0088496348 0.9982711077 0.0581078343 0.6140044928 0.0404406264 -0.7882658839
-17.0 582.0 2647.8 0 0 0 0 0 0 0 0 0
-581.3 -203.9 2889.3 0 0 0 0 0 0 0 0 0
-491.9 -811.2 2476.5 0 0 0 0 0 0 0 0 0
-478.3 -868.4 2645.5 0 0 0 0 0 0 0 0 0
-421.2 510.9 2666.0 29 -0.7159475088 -0.0591158420 -0.6956468225 -0.1055863872 0.9941158891 0.0241880119 0.6901236773 0.0907681808 -0.7179766297
-409.4 312.3 2647.9 -0.7159475088 -0.0591158420 -0.6956468225 -0.1055863872 0.9941158891 0.0241880119 0.6901236773 0.0907681808 -0.7179766297
-398.2 114.6 2631.4 -0.7163974643 -0.0563829094 -0.6954104304 -0.0978371575 0.9949991107 0.0201166794 0.6907985210 0.0824485198 -0.7183311582
-308.6 326.1 2550.7 -0.9514150023 -0.3020699620 0.0596927665 -0.2442932725 0.6225129962 -0.7435041070 0.1874307245 -0.7219635248 -0.6660618782
-105.1 378.3 2510.6 -0.3352056742 -0.3020699620 0.8924073577 -0.7783389688 0.6225129962 -0.0816456378 -0.5308724642 -0.7219635248 -0.4437826872
-510.1 298.6 2745.0 -0.2334995419 0.8853114843 -0.4021213353 -0.8993778825 -0.0394497849 0.4353884459 0.3695907891 0.4633220434 0.8054410815
-573.1 55.9 2844.7 -0.0967214555 0.8885256648 -0.4485165477 -0.9816318154 -0.0107023083 0.1904847920 0.1644504666 0.4587020874 0.8732401729
-318.4 -68.0 2546.2 -0.3931005299 0.3053187728 -0.8673248887 0.0908048451 0.9515411854 0.2938091457 0.9150007963 0.0367392302 -0.4017757773
-439.7 -446.3 2531.6 -0.4221534729 0.1399049610 -0.8956634402 -0.0726863891 0.9796140790 0.1872775853 0.9036056399 0.1441624314 -0.4033783078
-452.8 -92.1 2678.3 -0.8091331720 0.0615809634 -0.5843896270 0.0303722154 0.9975471497 0.0630653650 0.5868398547 0.0332790688 -0.8090188503
-477.2 -488.5 2665.1 -0.8091331720 0.0615809634 -0.5843896270 0.0303722154 0.9975471497 0.0630653650 0.5868398547 0.0332790688 -0.8090188503
-18.0 580.7 2648.7 0 0 0 0 0 0 0 0 0
-598.2 -199.2 2887.4 0 0 0 0 0 0 0 0 0
-491.9 -811.6 2477.8 0 0 0 0 0 0 0 0 0
-500.7 -869.5 2652.4 0 0 0 0 0 0 0 0 0
-424.4 509.0 2669.9 30 -0.7047739625 -0.0747914612 -0.7054784894 -0.1221315637 0.9923716784 0.0168030914 0.6988401413 0.0980035737 -0.7085320950
-409.4 311.2 2650.3 -0.7047739625 -0.0747914612 -0.7054784894 -0.1221315637 0.9923716784 0.0168030914 0.6988401413 0.0980035737 -0.7085320950
-396.3 113.7 2632.0 -0.7054880261 -0.0663253367 -0.7056115270 -0.1120825633 0.9935234189 0.0186747722 0.6998029351 0.0922615752 -0.7083528042
-310.2 326.9 2551.9 -0.9517441392 -0.2938992083 0.0883532986 -0.2598077059 0.6183718443 -0.7416982055 0.1633493155 -0.7288618088 -0.6648890972
-102.0 383.8 2516.2 -0.3342894614 -0.2938992083 0.8954740763 -0.7808801532 0.6183718443 -0.0885575712 -0.5277089477 -0.7288618088 -0.4362152517
-508.7 295.4 2748.8 -0.2181957364 0.8921344280 -0.3955841362 -0.9051806927 -0.0335106961 0.4237038493 0.3647444844 0.4505254924 0.8148547411
-567.5 51.2 2847.2 -0.0833804384 0.8949626088 -0.4382802844 -0.9840777516 -0.0046710400 0.1776772290 0.1569672525 0.4461166859 0.8811022639
-321.4 -74.2 2551.7 -0.3833867610 0.2981910706 -0.8741262555 0.0711601153 0.9531698227 0.2939448059 0.9208424687 0.0504916236 -0.3866519928
-440.0 -453.1 2531.6 -0.4098339677 0.1380618662 -0.9016512632 -0.0820234120 0.9788966179 0.1871724427 0.9084647894 0.1506661475 -0.3898608088
-447.9 -94.0 2677.8 -0.8012034297 0.0505968854 -0.5962491632 0.0139677506 0.9977286458 0.0658968687 0.5982290506 0.0444685407 -0.8000903726
-468.0 -490.6 2660.1 -0.8012034297 0.0505968854 -0.5962491632 0.0139677506 0.9977286458 0.0658968687 0.5982290506 0.0444685407 -0.8000903726
-15.1 586.8 2653.4 0 0 0 0 0 0 0 0 0
-589.2 -204.6 2888.0 0 0 0 0 0 0 0 0 0
-490.8 -813.6 2476.1 0 0 0 0 0 0 0 0 0
-487.3 -871.8 2643.1 0 0 0 0 0 0 0 0 0
-419.1 506.7 2664.3 31 -0.7147127986 -0.0630446821 -0.6965708733 -0.1049754992 0.9943169951 0.0177166965 0.6914952993 0.0857852250 -0.7172692418
-406.6 308.7 2647.2 -0.7147127986 -0.0630446821 -0.6965708733 -0.1049754992 0.9943169951 0.0177166965 0.6914952993 0.0857852250 -0.7172692418
-395.5 110.9 2631.1 -0.7152231336 -0.0559270531 -0.6966549158 -0.0964418128 0.9951549172 0.0191218499 0.6922101378 0.0808630511 -0.7171515226
-306.0 322.2 2549.9 -0.9427495003 -0.2992787659 0.1471583545 -0.3075658381 0.6096103787 -0.7306014299 0.1289442331 -0.7340350747 -0.6667577624
-99.2 389.7 2521.6 -0.3274222016 -0.2992787659 0.8962292671 -0.7881967425 0.6096103787 -0.0843865499 -0.5210955739 -0.7340350747 -0.4354905188
-507.2 295.1 2744.6 -0.2331042886 0.8861320615 -0.4005401134 -0.8986064792 -0.0388427861 0.4370328188 0.3717106879 0.4618021548 0.8053383827
-570.1 52.6 2844.9 -0.0966743678 0.8893489838 -0.4468920231 -0.9812980890 -0.0100748762 0.1922305226 0.1664576381 0.4571180642 0.8736904263
-318.5 -73.5 2549.4 -0.3952303529 0.3059157431 -0.8661457896 0.0808595046 0.9508422017 0.2989328802 0.9150162339 0.0481112264 -0.4005378783
-440.1 -451.5 2530.3 -0.4226107001 0.1372209191 -0.8958630562 -0.0767556354 0.9795014858 0.1862403452 0.9030552506 0.1474696994 -0.4034153223
-450.0 -95.8 2678.5 -0.8082892299 0.0613899902 -0.5855764151 0.0285550635 0.9974664450 0.0651558116 0.5880927444 0.0359435678 -0.8079944253
-474.4 -492.3 2664.2 -0.8082892299 0.0613899902 -0.5855764151 0.0285550635 0.9974664450 0.0651558116 0.5880927444 0.0359435678 -0.8079944253
-14.1 594.6 2657.1 0 0 0 0 0 0 0 0 0
-595.2 -202.4 2888.2 0 0 0 0 0 0 0 0 0
-490.7 -812.9 2475.9 0 0 0 0 0 0 0 0 0
-497.9 -873.5 2650.5 0 0 0 0 0 0 0 0 0
-421.7 505.5 2669.6 32 -0.7270114422 -0.0806366727 -0.6818739772 -0.1391420066 0.9897775054 0.0313041098 0.6723792553 0.1176357567 -0.7307994962
-405.6 308.0 2646.1 -0.7270114422 -0.0806366727 -0.6818739772 -0.1391420066 0.9897775054 0.0313041098 0.6723792553 0.1176357567 -0.7307994962
-391.2 111.0 2625.3 -0.7281618118 -0.0721349716 -0.6815987825 -0.1242200211 0.9918670058 0.0277347527 0.6740547419 0.1048636064 -0.7312002778
-303.2 325.5 2551.3 -0.9383757710 -0.2989728153 0.1733959466 -0.3285656273 0.6160497665 -0.7159101367 0.1072171330 -0.7287646532 -0.6763183475
-95.4 398.2 2527.6 -0.3218259513 -0.2989728153 0.8983559012 -0.7840464115 0.6160497665 -0.0758545250 -0.5307534933 -0.7287646532 -0.4326693714
-508.0 290.6 2740.9 -0.2274282426 0.8767623901 -0.4237500131 -0.9110520482 -0.0379011333 0.4105455577 0.3438902795 0.4794279933 0.8073959947
-569.3 44.8 2833.6 -0.0854829475 0.8796538711 -0.4678693414 -0.9865075350 -0.0089191003 0.1634726822 0.1396264136 0.4755307436 0.8685476184
-318.8 -78.1 2551.6 -0.4073381424 0.3070050776 -0.8601299524 0.0779405236 0.9500556588 0.3021912575 0.9099455476 0.0560550541 -0.4109220505
-440.9 -455.8 2529.3 -0.4331569076 0.1361226141 -0.8909801841 -0.0723382384 0.9800905585 0.1849045604 0.8984109759 0.1445446312 -0.4146861136
-443.6 -97.5 2666.2 -0.8208585382 0.0456142537 -0.5693071485 0.0014326799 0.9969668984 0.0778136551 0.5711297989 0.0630583689 -0.8184341192
-461.7 -493.6 2641.2 -0.8208585382 0.0456142537 -0.5693071485 0.0014326799 0.9969668984 0.0778136551 0.5711297989 0.0630583689 -0.8184341192
-11.8 602.1 2665.5 0 0 0 0 0 0 0 0 0
-591.5 -211.5 2869.9 0 0 0 0 0 0 0 0 0
-490.5 -812.8 2476.6 0 0 0 0 0 0 0 0 0
-479.2 -874.6 2617.1 0 0 0 0 0 0 0 0 0
-417.9 503.1 2672.7 33 -0.7299464941 -0.0694115683 -0.6799706817 -0.1382276565 0.9892654419 0.0474025235 0.6693812013 0.1285920590 -0.7317054868
-404.1 306.5 2647.1 -0.7299464941 -0.0694115683 -0.6799706817 -0.1382276565 0.9892654419 0.0474025235 0.6693812013 0.1285920590 -0.7317054868
-391.5 109.5 2624.0 -0.7308179140 -0.0630592704 -0.6796534061 -0.1252001971 0.9912139773 0.0426589660 0.6709918976 0.1162686720 -0.7322919369
-301.2 324.1 2552.7 -0.9302240014 -0.3188166320 0.1817671806 -0.3516706526 0.6327564120 -0.6898891926 0.1049337909 -0.7056736350 -0.7007236481
-93.0 402.8 2529.2 -0.3131765723 -0.3188166320 0.8945816755 -0.7730352879 0.6327564120 -0.0451197103 -0.5516673923 -0.7056736350 -0.4446209967
-506.9 288.9 2741.5 -0.2368858904 0.8752557635 -0.4216781557 -0.9127654433 -0.0518301912 0.4051824510 0.3327826262 0.4808752537 0.8111810684
-570.8 42.6 2831.3 -0.0951679721 0.8784315586 -0.4682958722 -0.9872078300 -0.0228310339 0.1577956825 0.1279210299 0.4773224294 0.8693673015
-310.1 -74.7 2542.7 -0.4025183916 0.3130032420 -0.8602371216 0.0896375403 0.9486876726 0.3032437861 0.9110126495 0.0449516512 -0.4099210799
-434.5 -451.9 2524.8 -0.4281837046 0.1768578440 -0.8862167001 -0.0335831083 0.9768711329 0.2111752927 0.9030674696 0.1201837286 -0.4123408496
-446.0 -98.9 2662.4 -0.8221097589 0.0548614487 -0.5666795969 0.0022995307 0.9956582189 0.0930557325 0.5693243742 0.0751989335 -0.8186665177
-467.8 -494.7 2632.6 -0.8221097589 0.0548614487 -0.5666795969 0.0022995307 0.9956582189 0.0930557325 0.5693243742 0.0751989335 -0.8186665177
-11.6 603.7 2672.6 0 0 0 0 0 0 0 0 0
-595.5 -213.9 2864.5 0 0 0 0 0 0 0 0 0
-498.1 -803.3 2481.6 0 0 0 0 0 0 0 0 0
-488.8 -875.2 2603.8 0 0 0 0 0 0 0 0 0
-417.2 499.3 2674.2 34 -0.7047554851 -0.0650934130 -0.7064577341 -0.1352475584 0.9898469448 0.0437166169 0.6964393854 0.1263562143 -0.7064037919
-404.3 302.7 2649.1 -0.7047554851 -0.0650934130 -0.7064577341 -0.1352475584 0.9898469448 0.0437166169 0.6964393854 0.1263562143 -0.7064037919
-392.9 105.5 2626.6 -0.7056717873 -0.0572121181 -0.7062252164 -0.1203997135 0.9919213653 0.0399486758 0.6982343197 0.1132199690 -0.7068592906
-305.0 319.6 2550.9 -0.9255381227 -0.3085035980 0.2195556313 -0.3702927828 0.6162387729 -0.6950777173 0.0791352913 -0.7246208191 -0.6845891476
-91.1 405.2 2532.6 -0.3085020781 -0.3085035980 0.8998066187 -0.7854205370 0.6162387729 -0.0580035560 -0.5366014242 -0.7246208191 -0.4324159920
-503.5 285.8 2747.3 -0.2256202549 0.8923937678 -0.3908053339 -0.9106863737 -0.0507051535 0.4099747539 0.3460430801 0.4483997226 0.8241310120
-564.4 40.0 2840.7 -0.0917586386 0.8954750896 -0.4355510473 -0.9863706231 -0.0217444543 0.1630954891 0.1365771294 0.4445801973 0.8852655888
-311.9 -76.0 2539.4 -0.3682805598 0.3145810068 -0.8748760819 0.0954683870 0.9488372803 0.3009878099 0.9248000979 0.0273249429 -0.3794708550
-437.0 -453.2 2528.5 -0.3991145194 0.1609168947 -0.9026701450 -0.0614954606 0.9775647521 0.2014583200 0.9148365259 0.1359150559 -0.3802646399
-446.2 -102.7 2668.2 -0.8004792929 0.0590218529 -0.5964472294 0.0065732202 0.9959442019 0.0897325724 0.5993243456 0.0679084882 -0.7976207137
-469.6 -498.6 2641.2 -0.8004792929 0.0590218529 -0.5964472294 0.0065732202 0.9959442019 0.0897325724 0.5993243456 0.0679084882 -0.7976207137
-11.0 609.3 2672.1 0 0 0 0 0 0 0 0 0
-588.2 -216.4 2876.2 0 0 0 0 0 0 0 0 0
-495.2 -807.2 2479.3 0 0 0 0 0 0 0 0 0
-492.2 -879.3 2615.2 0 0 0 0 0 0 0 0 0
-418.0 499.0 2675.0 35 -0.7002995610 -0.0645968094 -0.7109203935 -0.1360566169 0.9897192717 0.0440945067 0.7007632256 0.1276047826 -0.7018887997
-405.2 302.1 2649.6 -0.7002995610 -0.0645968094 -0.7109203935 -0.1360566169 0.9897192717 0.0440945067 0.7007632256 0.1276047826 -0.7018887997
-393.7 105.0 2626.9 -0.7011607289 -0.0579081438 -0.7106477618 -0.1221278831 0.9917206168 0.0396857262 0.7024659514 0.1146159843 -0.7024277449
-306.6 319.3 2550.8 -0.9247839451 -0.3098600507 0.2208199054 -0.3720168471 0.6145228148 -0.6956760883 0.0798633546 -0.7254987955 -0.6835739613
-92.0 405.6 2532.3 -0.3135383427 -0.3098600507 0.8975970745 -0.7864145041 0.6145228148 -0.0625615269 -0.5322085619 -0.7254987955 -0.4363549054
-503.8 284.9 2748.4 -0.2223150134 0.8952072263 -0.3862383068 -0.9113062620 -0.0499859340 0.4086836576 0.3465500772 0.4428378940 0.8269205689
-563.8 39.0 2842.0 -0.0896257907 0.8982266784 -0.4302976429 -0.9866287112 -0.0210208241 0.1616227925 0.1361286938 0.4390295744 0.8881002069
-316.8 -80.6 2540.1 -0.3638545275 0.3095385730 -0.8785190582 0.0903894827 0.9504500628 0.2974463999 0.9270596504 0.0288183317 -0.3738045990
-439.9 -458.5 2528.7 -0.3944233060 0.1480628550 -0.9069221020 -0.0754575506 0.9783824086 0.1925460994 0.9158255458 0.1443787962 -0.3747243583
-446.5 -103.4 2668.5 -0.7967591882 0.0581226610 -0.6014952660 0.0047987620 0.9959409237 0.0898814723 0.6042778492 0.0687274560 -0.7938039899
-469.6 -499.3 2641.2 -0.7967591882 0.0581226610 -0.6014952660 0.0047987620 0.9959409237 0.0898814723 0.6042778492 0.0687274560 -0.7938039899
-10.5 610.0 2670.6 0 0 0 0 0 0 0 0 0
-587.1 -217.5 2877.4 0 0 0 0 0 0 0 0 0
-493.0 -809.5 2476.9 0 0 0 0 0 0 0 0 0
-491.8 -880.0 2614.9 0 0 0 0 0 0 0 0 0
-420.1 501.1 2665.9 36 -0.6999623775 -0.0694822744 -0.7107917666 -0.1119663566 0.9936252236 0.0131302727 0.7053483129 0.0887754560 -0.7032799721
-406.3 303.0 2648.2 -0.6999623775 -0.0694822744 -0.7107917666 -0.1119663566 0.9936252236 0.0131302727 0.7053483129 0.0887754560 -0.7032799721
-394.2 105.3 2632.0 -0.7007015347 -0.0608536415 -0.7108545303 -0.1006891206 0.9948182106 0.0140882721 0.7063137293 0.0814469904 -0.7031979561
-307.7 317.2 2548.9 -0.9217460155 -0.3076045811 0.2361434400 -0.3804809749 0.5996535420 -0.7040240169 0.0749567598 -0.7387794256 -0.6697659492
-90.9 406.7 2531.2 -0.3097899854 -0.3076045811 0.8996719122 -0.7972368002 0.5996535420 -0.0694917738 -0.5181154609 -0.7387794256 -0.4310003519
-504.9 288.8 2747.5 -0.2197452039 0.8953753710 -0.3873176575 -0.8998157978 -0.0326442383 0.4350469410 0.3768866360 0.4441140294 0.8128463626
-564.2 46.1 2849.2 -0.0867676064 0.8983186483 -0.4306912422 -0.9817816019 -0.0037468108 0.1899760216 0.1690452844 0.4393284917 0.8822778463
-317.8 -81.0 2539.7 -0.3712768257 0.3147746027 -0.8735390306 0.0979663208 0.9488129616 0.3002608716 0.9233396649 0.0259024873 -0.3831095695
-443.0 -458.2 2529.4 -0.4024272859 0.1256054789 -0.9067941308 -0.0897154808 0.9803631902 0.1756109148 0.9110452533 0.1520241052 -0.3832561374
-446.4 -101.5 2680.6 -0.7966904640 0.0552237071 -0.6018593311 0.0226172507 0.9978435040 0.0616184995 0.6039642096 0.0354784653 -0.7962213755
-468.3 -498.1 2666.5 -0.7966904640 0.0552237071 -0.6018593311 0.0226172507 0.9978435040 0.0616184995 0.6039642096 0.0354784653 -0.7962213755
-10.4 613.9 2665.9 0 0 0 0 0 0 0 0 0
-586.7 -209.0 2893.1 0 0 0 0 0 0 0 0 0
-488.5 -813.3 2474.3 0 0 0 0 0 0 0 0 0
-489.4 -879.3 2652.9 0 0 0 0 0 0 0 0 0
-418.8 503.6 2670.8 37 -0.6873075962 -0.0626633093 -0.7236584425 -0.1103085801 0.9937211275 0.0187188759 0.7179417014 0.0926913619 -0.6899043918
-406.3 305.0 2652.3 -0.6873075962 -0.0626633093 -0.7236584425 -0.1103085801 0.9937211275 0.0187188759 0.7179417014 0.0926913619 -0.6899043918
-394.7 107.2 2636.5 -0.6880655289 -0.0584622845 -0.7232896686 -0.0978638679 0.9951192141 0.0126640964 0.7190191150 0.0794976577 -0.6904286146
-309.5 318.8 2551.2 -0.9300432801 -0.3069308996 0.2020222098 -0.3512232006 0.5809786916 -0.7342383862 0.1079898402 -0.7538283467 -0.6481365561
-95.4 399.6 2526.3 -0.3056711257 -0.3069308996 0.9013093710 -0.8102729917 0.5809786916 -0.0769510791 -0.5000228882 -0.7538283467 -0.4262862206
-503.1 291.2 2753.5 -0.2137296200 0.9031505585 -0.3723422885 -0.8984840512 -0.0321211219 0.4378295243 0.3834659159 0.4281207323 0.8183315396
-560.8 48.8 2856.9 -0.0846076235 0.9060295820 -0.4146708846 -0.9811857343 -0.0032762827 0.1930383444 0.1735398769 0.4232016802 0.8892605305
-317.8 -83.1 2551.1 -0.3655977547 0.3165556192 -0.8752890229 0.0682632402 0.9469760060 0.3139690757 0.9282663465 0.0550363250 -0.3678213954
-443.6 -459.4 2529.2 -0.3899129629 0.1212251410 -0.9128375053 -0.0893872902 0.9816330075 0.1685424447 0.9165030122 0.1473129541 -0.3719154596
-446.2 -99.5 2686.7 -0.7857545614 0.0567514747 -0.6159294248 0.0251935925 0.9978920817 0.0598053336 0.6180251241 0.0314748399 -0.7855280042
-468.7 -496.2 2674.2 -0.7857545614 0.0567514747 -0.6159294248 0.0251935925 0.9978920817 0.0598053336 0.6180251241 0.0314748399 -0.7855280042
-17.5 606.1 2653.7 0 0 0 0 0 0 0 0 0
-582.8 -206.2 2902.0 0 0 0 0 0 0 0 0 0
-487.5 -815.3 2475.8 0 0 0 0 0 0 0 0 0
-490.4 -877.6 2662.1 0 0 0 0 0 0 0 0 0
-415.1 496.9 2662.8 38 -0.7035176158 -0.0561092533 -0.7084593773 -0.0842467770 0.9964336157 0.0047426051 0.7056666613 0.0630219206 -0.7057356834
-403.8 297.5 2650.2 -0.7035176158 -0.0561092533 -0.7084593773 -0.0842467770 0.9964336157 0.0047426051 0.7056666613 0.0630219206 -0.7057356834
-393.8 99.4 2639.6 -0.7040787935 -0.0510404259 -0.7082852125 -0.0738059655 0.9972714782 0.0015022882 0.7062759995 0.0533334017 -0.7059247494
-304.8 307.9 2550.9 -0.9085454941 -0.3410269916 0.2413415313 -0.4059360623 0.5839781761 -0.7029832006 0.0987980589 -0.7366614342 -0.6690058708
-95.9 401.3 2528.2 -0.3158878386 -0.3410269916 0.8853899837 -0.8092588186 0.5839781761 -0.0637941509 -0.4952929020 -0.7366614342 -0.4604506791
-502.9 287.1 2749.5 -0.2302762866 0.8934401870 -0.3856649995 -0.8866823316 -0.0293449517 0.4614469707 0.4009579420 0.4482226372 0.7989550829
-565.0 47.9 2857.7 -0.0975194648 0.8966903090 -0.4317829013 -0.9757399559 -0.0006944173 0.2189316899 0.1960140765 0.4426579177 0.8750042319
-319.9 -81.6 2554.8 -0.3955009878 0.3103128374 -0.8644564152 0.0623098612 0.9480931759 0.3118281662 0.9163495302 0.0694641918 -0.3943073153
-443.3 -458.4 2527.2 -0.4163861275 0.1234469041 -0.9007682800 -0.0733032227 0.9829558730 0.1685953140 0.9062280059 0.1362299770 -0.4002401531
-448.2 -105.6 2693.7 -0.7984564304 0.0654831305 -0.5984808207 0.0476673245 0.9978226423 0.0455825329 0.6001626253 0.0078676883 -0.7998393178
-474.3 -502.1 2690.6 -0.7984564304 0.0654831305 -0.5984808207 0.0476673245 0.9978226423 0.0455825329 0.6001626253 0.0078676883 -0.7998393178
-14.6 609.6 2655.7 0 0 0 0 0 0 0 0 0
-590.4 -205.6 2908.6 0 0 0 0 0 0 0 0 0
-488.0 -814.5 2477.8 0 0 0 0 0 0 0 0 0
-499.3 -883.4 2687.6 0 0 0 0 0 0 0 0 0
-417.6 505.8 2679.8 39 -0.6961010098 -0.0578732565 -0.7156074643 -0.1124866083 0.9932271838 0.0290952045 0.7090770006 0.1007494554 -0.6978964210
-406.0 306.6 2659.6 -0.6961010098 -0.0578732565 -0.7156074643 -0.1124866083 0.9932271838 0.0290952045 0.7090770006 0.1007494554 -0.6978964210
-395.6 108.9 2643.3 -0.6970562339 -0.0524846055 -0.7150929570 -0.0952747911 0.9952535629 0.0198245477 0.7106583714 0.0819491595 -0.6987481713
-307.9 320.0 2559.7 -0.9165149331 -0.3467166424 0.1994691044 -0.3795124590 0.5961870551 -0.7074823976 0.1263750196 -0.7241191864 -0.6779975891
-97.2 407.3 2530.6 -0.3309825063 -0.3467166424 0.8776321411 -0.8001101613 0.5961870551 -0.0662173778 -0.5002742410 -0.7241191864 -0.4747389853
-504.0 293.2 2759.5 -0.2247049212 0.8977867365 -0.3787963092 -0.8981162906 -0.0400132947 0.4379338920 0.3780143559 0.4386090338 0.8153080940
-564.7 50.9 2861.5 -0.0937363282 0.9009305239 -0.4237189293 -0.9810853004 -0.0111869201 0.1932523847 0.1693668514 0.4338192046 0.8849382997
-319.1 -92.0 2564.2 -0.3889512122 0.3151184022 -0.8656889200 0.0288168546 0.9433826804 0.3304522634 0.9208075404 0.1035833806 -0.3760105669
-444.3 -466.8 2523.1 -0.4029730856 0.1228561401 -0.9069283605 -0.0682165921 0.9841606021 0.1636288315 0.9126659632 0.1278055757 -0.3882094026
-449.2 -97.6 2692.2 -0.7926943302 0.0636224896 -0.6062902808 0.0289656185 0.9973466992 0.0667878091 0.6089307666 0.0353807434 -0.7924339175
-474.4 -493.9 2678.1 -0.7926943302 0.0636224896 -0.6062902808 0.0289656185 0.9973466992 0.0667878091 0.6089307666 0.0353807434 -0.7924339175
-11.5 614.2 2660.0 0 0 0 0 0 0 0 0 0
-589.0 -204.0 2905.5 0 0 0 0 0 0 0 0 0
-487.7 -814.9 2477.9 0 0 0 0 0 0 0 0 0
-498.7 -875.0 2664.6 0 0 0 0 0 0 0 0 0
-416.7 505.4 2678.8 40 -0.7151467204 -0.0618969575 -0.6962283254 -0.1166846678 0.9926660657 0.0316040777 0.6891660094 0.1038407311 -0.7171242833
-404.3 306.5 2658.0 -0.7151467204 -0.0618969575 -0.6962283254 -0.1166846678 0.9926660657 0.0316040777 0.6891660094 0.1038407311 -0.7171242833
-394.1 108.8 2640.6 -0.7162263393 -0.0511865914 -0.6959882975 -0.0977098495 0.9948380589 0.0273855198 0.6909939051 0.0876191482 -0.7175306678
-303.5 320.2 2560.8 -0.9090633392 -0.3670296967 0.1972133219 -0.3942937851 0.6048162580 -0.6919029355 0.1346711069 -0.7067435384 -0.6945338249
-98.0 409.3 2530.4 -0.3363984823 -0.3670296967 0.8672515750 -0.7946476936 0.6048162580 -0.0522717312 -0.5053426027 -0.7067435384 -0.4951185882
-505.0 292.7 2755.1 -0.2376586497 0.8855853677 -0.3990701139 -0.9000063539 -0.0462174267 0.4334195852 0.3653860390 0.4621715546 0.8080164194
-569.1 49.9 2853.7 -0.1014306173 0.8889495730 -0.4466324151 -0.9819346070 -0.0173723996 0.1884212643 0.1597379297 0.4576755166 0.8746524453
-321.3 -80.1 2561.9 -0.4037784934 0.3097144067 -0.8608367443 0.0529661924 0.9472881556 0.3159741759 0.9133222103 0.0819883347 -0.3988989890
-444.3 -456.5 2529.3 -0.4237171113 0.1214929447 -0.8976097703 -0.0784665868 0.9823154211 0.1699981838 0.9023895264 0.1424635202 -0.4066907167
-449.6 -97.9 2686.5 -0.8086755872 0.0658797398 -0.5845541954 0.0273881834 0.9968481064 0.0744566321 0.5876169205 0.0442013852 -0.8079310656
-475.8 -494.1 2668.9 -0.8086755872 0.0658797398 -0.5845541954 0.0273881834 0.9968481064 0.0744566321 0.5876169205 0.0442013852 -0.8079310656
-10.8 615.4 2661.4 0 0 0 0 0 0 0 0 0
-595.5 -205.3 2895.2 0 0 0 0 0 0 0 0 0
-488.6 -814.4 2477.4 0 0 0 0 0 0 0 0 0
-501.0 -875.1 2652.0 0 0 0 0 0 0 0 0 0
-420.0 502.7 2678.3 41 -0.7048731446 -0.0767219961 -0.7051720619 -0.1271816641 0.9916929603 0.0192325823 0.6978386045 0.1032414883 -0.7087753415
-404.6 303.5 2657.5 -0.7048731446 -0.0767219961 -0.7051720619 -0.1271816641 0.9916929603 0.0192325823 0.6978386045 0.1032414883 -0.7087753415
-391.8 106.0 2639.1 -0.7060177326 -0.0645128042 -0.7052496672 -0.1110923216 0.9936022758 0.0203234125 0.6994265318 0.0926965103 -0.7086676955
-305.3 319.1 2559.2 -0.9054952264 -0.3600394428 0.2246108651 -0.4092542231 0.6009640694 -0.6865516305 0.1122026071 -0.7135921717 -0.6915177107
-95.6 413.8 2533.2 -0.3299998641 -0.3600394428 0.8726234436 -0.7974749804 0.6009640694 -0.0536266677 -0.5051076412 -0.7135921717 -0.4854405224
-503.9 287.8 2755.9 -0.2199751586 0.8918898106 -0.3951499760 -0.9049136043 -0.0352770388 0.4241307974 0.3643381894 0.4508748353 0.8148432970
-563.3 43.7 2854.2 -0.0851680189 0.8947754502 -0.4383187592 -0.9839847088 -0.0063956985 0.1781381965 0.1565903276 0.4464706481 0.8809900284
-318.2 -80.0 2559.8 -0.3906228840 0.3120839298 -0.8660354614 0.0506561399 0.9466414452 0.3182827532 0.9191559553 0.0804585069 -0.3855887949
-442.3 -456.3 2527.8 -0.4102496207 0.1254149526 -0.9033085704 -0.0768063664 0.9822283983 0.1712547839 0.9087331891 0.1396370530 -0.3933261633
-443.7 -101.7 2684.8 -0.8015620708 0.0519673750 -0.5956488848 0.0130572254 0.9974995852 0.0694557801 0.5977689624 0.0478955954 -0.8002364039
-464.4 -498.2 2665.8 -0.8015620708 0.0519673750 -0.5956488848 0.0130572254 0.9974995852 0.0694557801 0.5977689624 0.0478955954 -0.8002364039
-9.9 620.9 2664.3 0 0 0 0 0 0 0 0 0
-585.4 -212.1 2894.9 0 0 0 0 0 0 0 0 0
-487.9 -813.8 2477.0 0 0 0 0 0 0 0 0 0
-484.2 -879.5 2647.4 0 0 0 0 0 0 0 0 0
-419.5 500.4 2678.0 42 -0.7339702845 -0.0827331990 -0.6741237640 -0.1434031576 0.9890540838 0.0347503647 0.6638697982 0.1221772060 -0.7378005385
-403.0 302.4 2653.6 -0.7339702845 -0.0827331990 -0.6741237640 -0.1434031576 0.9890540838 0.0347503647 0.6638697982 0.1221772060 -0.7378005385
-388.7 105.4 2631.7 -0.7352546453 -0.0714899227 -0.6740102768 -0.1269108504 0.9913552403 0.0332930833 0.6658034921 0.1100181043 -0.7379713655
-299.6 320.3 2560.0 -0.9051057100 -0.3641718328 0.2194597423 -0.4087182879 0.6029369831 -0.6851396561 0.1171881706 -0.7098209858 -0.6945653558
-96.0 412.2 2533.6 -0.3316219151 -0.3641718328 0.8702906370 -0.7961522937 0.6029369831 -0.0510735996 -0.5061308742 -0.7098209858 -0.4898833334
-506.3 284.6 2747.1 -0.2322518229 0.8717606068 -0.4313844740 -0.9128168821 -0.0421928950 0.4061835706 0.3358934820 0.4881119132 0.8055571914
-569.0 38.4 2837.8 -0.0883558840 0.8747374415 -0.4764742255 -0.9872077703 -0.0131656807 0.1588944346 0.1327178031 0.4844183028 0.8647108674
-314.2 -81.3 2556.5 -0.4177082479 0.3188335299 -0.8508025408 0.0686620027 0.9448072314 0.3203510940 0.9059830904 0.0753954872 -0.4165455103
-440.9 -456.9 2526.5 -0.4396735728 0.1306186467 -0.8886089921 -0.0661034435 0.9819793105 0.1770505905 0.8957217932 0.1365845799 -0.4231159985
-441.8 -103.2 2670.9 -0.8267067075 0.0463230535 -0.5607229471 -0.0012127726 0.9964558482 0.0841083527 0.5626318455 0.0702129677 -0.8237205744
-460.2 -499.3 2643.0 -0.8267067075 0.0463230535 -0.5607229471 -0.0012127726 0.9964558482 0.0841083527 0.5626318455 0.0702129677 -0.8237205744
-9.8 619.1 2665.1 0 0 0 0 0 0 0 0 0
-591.9 -218.1 2872.2 0 0 0 0 0 0 0 0 0
-488.4 -813.5 2476.9 0 0 0 0 0 0 0 0 0
-477.9 -880.1 2616.2 0 0 0 0 0 0 0 0 0
-416.6 501.9 2680.4 43 -0.7445496917 -0.0794054642 -0.6628276706 -0.1479560733 0.9878353477 0.0478572734 0.6509644985 0.1337015033 -0.7472410202
-400.8 305.2 2653.8 -0.7445496917 -0.0794054642 -0.6628276706 -0.1479560733 0.9878353477 0.0478572734 0.6509644985 0.1337015033 -0.7472410202
-386.6 108.4 2629.9 -0.7457153201 -0.0710494816 -0.6624655724 -0.1326310039 0.9902281165 0.0430962481 0.6529300809 0.1200010106 -0.7478516698
-295.9 323.9 2562.0 -0.9034450650 -0.3613403738 0.2306948900 -0.4143567979 0.5979511142 -0.6861216426 0.1099791750 -0.7154632211 -0.6899397969
-94.0 416.5 2537.4 -0.3270733356 -0.3613403738 0.8731873631 -0.7998340130 0.5979511142 -0.0521543175 -0.5032778978 -0.7154632211 -0.4845861495
-505.6 286.6 2745.6 -0.2395533621 0.8640010953 -0.4428502321 -0.9158907533 -0.0497733653 0.3983298838 0.3221153021 0.5010237098 0.8032540083
-570.3 39.5 2832.5 -0.0926730782 0.8671009541 -0.4894360006 -0.9884014726 -0.0207193326 0.1504434645 0.1203088909 0.4977013469 0.8589640260
-307.0 -80.0 2548.9 -0.4175878465 0.3327271342 -0.8455253243 0.0996893495 0.9417021275 0.3213396370 0.9031513929 0.0498976633 -0.4264127314
-439.3 -454.2 2529.1 -0.4471764565 0.1364270449 -0.8839801550 -0.0674253255 0.9803457856 0.1854076684 0.8919007778 0.1425125897 -0.4291889071
-440.8 -100.6 2666.0 -0.8352893591 0.0475112051 -0.5477539897 -0.0054864227 0.9954894781 0.0947134197 0.5497832298 0.0821183249 -0.8312610388
-459.7 -496.3 2633.3 -0.8352893591 0.0475112051 -0.5477539897 -0.0054864227 0.9954894781 0.0947134197 0.5497832298 0.0821183249 -0.8312610388
-9.0 624.3 2668.2 0 0 0 0 0 0 0 0 0
-594.4 -217.4 2863.8 0 0 0 0 0 0 0 0 0
-489.3 -814.1 2476.7 0 0 0 0 0 0 0 0 0
-477.8 -876.8 2601.9 0 0 0 0 0 0 0 0 0
-417.0 507.3 2678.1 44 -0.7307311296 -0.0801136792 -0.6779482365 -0.1427458376 0.9890682697 0.0369805917 0.6675744653 0.1237971559 -0.7341788411
-401.0 310.1 2653.4 -0.7307311296 -0.0801136792 -0.6779482365 -0.1427458376 0.9890682697 0.0369805917 0.6675744653 0.1237971559 -0.7341788411
-386.5 113.2 2630.8 -0.7316837311 -0.0726108328 -0.6777658463 -0.1303957403 0.9908575416 0.0346158743 0.6690559387 0.1137056574 -0.7344624996
-298.1 328.4 2559.3 -0.9241481423 -0.3342397213 0.1850243509 -0.3565508425 0.5806777477 -0.7319049835 0.1371921748 -0.7423592210 -0.6558057070
-97.1 406.0 2529.5 -0.3171508908 -0.3342397213 0.8875241876 -0.8110201955 0.5806777477 -0.0711307153 -0.4915907979 -0.7423592210 -0.4552376270
-503.9 291.8 2747.5 -0.2292677313 0.8742337823 -0.4279621542 -0.9142302275 -0.0424962863 0.4029604197 0.3340948224 0.4836417735 0.8089939952
-565.8 45.1 2837.7 -0.0862483904 0.8771474957 -0.4724124074 -0.9877717495 -0.0134718064 0.1553239375 0.1298777610 0.4800320566 0.8675833941
-304.0 -76.3 2546.2 -0.3984406888 0.3402129412 -0.8517629504 0.1080425233 0.9396055341 0.3247587085 0.9108083248 0.0373704620 -0.4111345708
-439.3 -449.7 2531.4 -0.4306712747 0.1322597563 -0.8927651644 -0.0761658400 0.9803484082 0.1819774061 0.8992891908 0.1463706493 -0.4121342003
-439.2 -95.7 2669.6 -0.8238593936 0.0451982394 -0.5649892092 -0.0043764478 0.9962784052 0.0860823616 0.5667773485 0.0733924136 -0.8205955029
-457.1 -491.8 2640.4 -0.8238593936 0.0451982394 -0.5649892092 -0.0043764478 0.9962784052 0.0860823616 0.5667773485 0.0733924136 -0.8205955029
-16.4 612.4 2654.6 0 0 0 0 0 0 0 0 0
-588.2 -211.6 2871.4 0 0 0 0 0 0 0 0 0
-488.5 -815.0 2476.9 0 0 0 0 0 0 0 0 0
-474.4 -872.7 2612.3 0 0 0 0 0 0 0 0 0
-415.9 508.3 2676.4 45 -0.7096665502 -0.0753641054 -0.7004952431 -0.1297543794 0.9912357330 0.0248092283 0.6924862266 0.1084986031 -0.7132257223
-400.8 310.5 2654.8 -0.7096665502 -0.0753641054 -0.7004952431 -0.1297543794 0.9912357330 0.0248092283 0.6924862266 0.1084986031 -0.7132257223
-387.7 113.1 2635.3 -0.7106640339 -0.0657617077 -0.7004513144 -0.1157304198 0.9929860234 0.0241915323 0.6939474940 0.0982555822 -0.7132900357
-300.9 326.7 2557.2 -0.9229059815 -0.3284909129 0.2008438110 -0.3667578399 0.5912660956 -0.7182569504 0.1171887517 -0.7365447283 -0.6661596298
-95.1 408.5 2531.1 -0.3174628019 -0.3284909129 0.8895567060 -0.8035676479 0.5912660956 -0.0684355423 -0.5034842491 -0.7365447283 -0.4516696632
-500.7 294.2 2752.4 -0.2214237154 0.8889310360 -0.4009653330 -0.9073280096 -0.0371082425 0.4187825322 0.3573896587 0.4565354586 0.8147686720
-560.5 49.4 2848.8 -0.0851524472 0.8918210864 -0.4443019927 -0.9849879742 -0.0081438338 0.1724306792 0.1501589864 0.4523150027 0.8791264892
-305.0 -71.9 2546.9 -0.3765571713 0.3366607428 -0.8630551696 0.1053507179 0.9411476254 0.3211577833 0.9203835726 0.0300107896 -0.3898633420
-438.8 -446.0 2534.9 -0.4105805159 0.1320740879 -0.9022084475 -0.0890494660 0.9789164066 0.1838283241 0.9074656367 0.1558175087 -0.3901628852
-439.7 -94.9 2679.4 -0.8056087494 0.0505666696 -0.5902860165 0.0087294215 0.9972558618 0.0735159069 0.5923836231 0.0540721975 -0.8038394451
-459.8 -491.3 2657.9 -0.8056087494 0.0505666696 -0.5902860165 0.0087294215 0.9972558618 0.0735159069 0.5923836231 0.0540721975 -0.8038394451
-13.4 615.2 2660.6 0 0 0 0 0 0 0 0 0
-582.6 -206.6 2887.8 0 0 0 0 0 0 0 0 0
-488.6 -814.9 2476.2 0 0 0 0 0 0 0 0 0
-479.1 -872.4 2637.2 0 0 0 0 0 0 0 0 0
-416.4 506.5 2677.6 46 -0.7003480196 -0.0707652122 -0.7102851272 -0.1303705722 0.9910170436 0.0298123211 0.7017949224 0.1134792790 -0.7032825351
-402.3 308.9 2655.0 -0.7003480196 -0.0707652122 -0.7102851272 -0.1303705722 0.9910170436 0.0298123211 0.7017949224 0.1134792790 -0.7032825351
-390.2 111.5 2635.0 -0.7014119625 -0.0608037971 -0.7101578116 -0.1143263504 0.9930515885 0.0278931875 0.7035273314 0.1007543728 -0.7034897208
-303.6 325.0 2556.0 -0.9174236059 -0.3372260332 0.2112168372 -0.3840392232 0.6114600301 -0.6918312907 0.1041528657 -0.7158178687 -0.6904758811
-94.8 412.4 2532.3 -0.3155266047 -0.3372260332 0.8869732618 -0.7897889018 0.6114600301 -0.0484785363 -0.5260004401 -0.7158178687 -0.4592692554
-500.9 292.8 2753.9 -0.2199426144 0.8949865103 -0.3881036043 -0.9070420265 -0.0412008762 0.4190194607 0.3590265512 0.4441865087 0.8208521605
-560.3 48.0 2850.8 -0.0868485421 0.8979261518 -0.4314926565 -0.9848964810 -0.0122660799 0.1727092862 0.1497874558 0.4399751425 0.8854296207
-309.4 -73.7 2552.2 -0.3714849651 0.3254118860 -0.8695435524 0.0823181793 0.9444208741 0.3182655871 0.9247824550 0.0466516428 -0.3776254654
-438.7 -449.1 2533.6 -0.4001145959 0.1349287927 -0.9064781070 -0.0847707018 0.9794135094 0.1832025200 0.9125361443 0.1501447856 -0.3804396093
-442.4 -96.4 2679.5 -0.7972920537 0.0551324189 -0.6010705233 0.0108133694 0.9969645739 0.0771018565 0.6034968495 0.0549731031 -0.7954680920
-464.3 -492.7 2657.6 -0.7972920537 0.0551324189 -0.6010705233 0.0108133694 0.9969645739 0.0771018565 0.6034968495 0.0549731031 -0.7954680920
-13.2 616.6 2668.3 0 0 0 0 0 0 0 0 0
-582.9 -208.0 2889.8 0 0 0 0 0 0 0 0 0
-489.1 -814.6 2477.6 0 0 0 0 0 0 0 0 0
-485.4 -873.9 2636.6 0 0 0 0 0 0 0 0 0
-416.1 504.5 2677.7 47 -0.7182873487 -0.0701735318 -0.6921986938 -0.1321575195 0.9905483723 0.0367189199 0.6830796003 0.1178539917 -0.7207723260
-402.1 307.3 2654.2 -0.7182873487 -0.0701735318 -0.6921986938 -0.1321575195 0.9905483723 0.0367189199 0.6830796003 0.1178539917 -0.7207723260
-390.4 109.9 2633.6 -0.7194426656 -0.0588781573 -0.6920517087 -0.1144010574 0.9928367734 0.0344607271 0.6850654483 0.1039639637 -0.7210248709
-300.9 323.4 2557.9 -0.9147629142 -0.3346807361 0.2262688577 -0.3941288888 0.6163235307 -0.6817681193 0.0887198374 -0.7128352523 -0.6956972480
-92.1 413.3 2537.6 -0.3043156564 -0.3346807361 0.8918412328 -0.7866175175 0.6163235307 -0.0371236876 -0.5372381210 -0.7128352523 -0.4508226514
-503.3 291.2 2750.6 -0.2330119014 0.8832889199 -0.4068244696 -0.9077224731 -0.0474516079 0.4168792069 0.3489202857 0.4664215446 0.8128379583
-566.2 46.2 2844.8 -0.0950345621 0.8864631653 -0.4529365003 -0.9851893783 -0.0185190607 0.1704666615 0.1427244544 0.4624284804 0.8750940561
-313.7 -75.4 2550.4 -0.3910976648 0.3133115768 -0.8653776646 0.0891972780 0.9487481713 0.3031843305 0.9160166383 0.0413853452 -0.3989997208
-438.3 -452.6 2534.0 -0.4214133918 0.1364423782 -0.8965457082 -0.0830447376 0.9786570668 0.1879730821 0.9030583501 0.1536677778 -0.4010883570
-444.6 -98.0 2675.7 -0.8122087717 0.0582133904 -0.5804550648 0.0116192233 0.9964255691 0.0836724117 0.5832511187 0.0612150319 -0.8099820018
-467.8 -494.1 2651.4 -0.8122087717 0.0582133904 -0.5804550648 0.0116192233 0.9964255691 0.0836724117 0.5832511187 0.0612150319 -0.8099820018
-13.2 617.2 2676.9 0 0 0 0 0 0 0 0 0
-590.9 -209.9 2881.9 0 0 0 0 0 0 0 0 0
-488.6 -813.6 2477.3 0 0 0 0 0 0 0 0 0
-490.0 -875.0 2628.0 0 0 0 0 0 0 0 0 0
-414.6 506.1 2676.2 48 -0.7048756480 -0.0589167923 -0.7068798542 -0.1150829941 0.9928401113 0.0320057794 0.6999329925 0.1039099470 -0.7066091299
-402.9 308.5 2655.6 -0.7048756480 -0.0589167923 -0.7068798542 -0.1150829941 0.9928401113 0.0320057794 0.6999329925 0.1039099470 -0.7066091299
-393.0 110.8 2637.3 -0.7056902051 -0.0496525690 -0.7067785859 -0.1001724079 0.9945131540 0.0301516782 0.7014034390 0.0920774564 -0.7067919970
-303.6 322.6 2556.9 -0.9165223837 -0.3201705813 0.2397447973 -0.3929134607 0.6084738970 -0.6894770265 0.0748718157 -0.7261200547 -0.6834792495
