-381.3 500.4 2657.4 5 -0.7375250459 -0.0410612226 -0.6740702987 -0.0748893693 0.9969663024 0.0212086681 0.6711544991 0.0661226213 -0.7383626699
-373.1 302.0 2644.2 -0.7375250459 -0.0410612226 -0.6740702987 -0.0748893693 0.9969663024 0.0212086681 0.6711544991 0.0661226213 -0.7383626699
-366.5 103.6 2633.5 -0.7380414605 -0.0330846123 -0.6739437580 -0.0609954298 0.9979792237 0.0178047512 0.6719928384 0.0542481355 -0.7385680676
-269.3 310.6 2549.7 -0.7680591345 -0.5406117439 0.3432552516 -0.6248115897 0.5151671171 -0.5866969824 0.1403414160 -0.6650878191 -0.7334592938
-78.1 466.1 2514.8 -0.3933151066 -0.5406117439 0.7436680794 -0.8536267877 0.5151671171 -0.0769683421 -0.3415033519 -0.6650878191 -0.6641036868
-477.0 293.5 2738.8 -0.2668711543 0.8705335855 -0.4134623110 -0.8826888800 -0.0485857464 0.4674395919 0.3868334889 0.4897047281 0.7813764215
-549.0 55.2 2843.2 -0.1263994426 0.8746227026 -0.4680366218 -0.9739958048 -0.0199913681 0.2256823778 0.1880302429 0.4843918383 0.8544057608
-292.2 -82.6 2557.6 -0.4378377497 0.3083503246 -0.8445224762 0.0703211650 0.9482133389 0.3097521365 0.8962996602 0.0762333721 -0.4368471503
-414.8 -459.6 2527.3 -0.4645287991 0.1956323981 -0.8636787534 -0.0457046404 0.9686970115 0.2440023571 0.8843777776 0.1528202444 -0.4410463572
-427.7 -100.4 2684.3 -0.8159317970 0.1330676973 -0.5626262426 0.1807583421 0.9830811620 -0.0296291299 0.5491645932 -0.1258747429 -0.8261802793
-479.9 -486.4 2733.8 -0.8126890659 -0.1621532887 -0.5596809387 -0.1898332089 0.9817769527 -0.0087960456 0.5509081483 0.0990975872 -0.8286615014
24.1 688.0 2603.5 0 0 0 0 0 0 0 0 0
-581.9 -198.0 2892.1 0 0 0 0 0 0 0 0 0
-485.2 -808.2 2472.3 0 0 0 0 0 0 0 0 0
-427.3 -805.4 2701.6 0 0 0 0 0 0 0 0 0
-383.2 503.0 2657.6 6 -0.7153164148 -0.0467920862 -0.6972323656 -0.0741400570 0.9972059727 0.0091393534 0.6948565841 0.0582303740 -0.7167869210
-373.9 304.6 2646.0 -0.7153164148 -0.0467920862 -0.6972323656 -0.0741400570 0.9972059727 0.0091393534 0.6948565841 0.0582303740 -0.7167869210
-366.0 106.2 2636.8 -0.7159088850 -0.0393450074 -0.6970842481 -0.0604151301 0.9981570244 0.0057083974 0.6955749393 0.0462011285 -0.7169665098
-273.2 313.1 2548.2 -0.7829178572 -0.5102397799 0.3559424281 -0.6067797542 0.4999859333 -0.6179258227 0.1373241246 -0.6997638345 -0.7010511160
-81.0 462.0 2514.5 -0.3994121552 -0.5102397799 0.7616595626 -0.8583415747 0.4999859333 -0.1151687130 -0.3220554292 -0.6997638345 -0.6376604438
-474.6 296.1 2743.9 -0.2472597659 0.8859625459 -0.3923428953 -0.8812033534 -0.0372331217 0.4712688327 0.4029183984 0.4622597098 0.7899194360
-541.3 58.3 2852.6 -0.1124101207 0.8896480799 -0.4425948560 -0.9732034802 -0.0086519541 0.2297828794 0.2005966008 0.4565647840 0.8667811751
-292.3 -89.2 2561.0 -0.4190486372 0.3056648374 -0.8549662232 0.0465220995 0.9476217031 0.3159886599 0.9067711830 0.0926397890 -0.4113197625
-413.8 -465.9 2524.2 -0.4394903183 0.1989273876 -0.8759430051 -0.0439564213 0.9692378044 0.2421691418 0.8971711397 0.1449343115 -0.4172264934
-423.9 -97.8 2691.4 -0.7996089458 0.1209585667 -0.5882130265 0.1793262064 0.9829075933 -0.0416511446 0.5731210113 -0.1387866437 -0.8076326847
-471.4 -483.7 2745.9 -0.7933008075 -0.1668580174 -0.5855187178 -0.1910462081 0.9813601971 -0.0208203569 0.5780788064 0.0953443274 -0.8103914857
22.8 685.1 2598.2 0 0 0 0 0 0 0 0 0
-570.5 -194.6 2904.7 0 0 0 0 0 0 0 0 0
-484.4 -810.1 2472.7 0 0 0 0 0 0 0 0 0
-417.1 -802.6 2714.9 0 0 0 0 0 0 0 0 0
-381.6 506.4 2660.2 7 -0.6974592209 -0.0425826274 -0.7153581977 -0.0749902651 0.9970893264 0.0137608927 0.7126900554 0.0632425696 -0.6986224055
-373.1 307.2 2647.6 -0.6974592209 -0.0425826274 -0.7153581977 -0.0749902651 0.9970893264 0.0137608927 0.7126900554 0.0632425696 -0.6986224055
-365.9 108.8 2637.3 -0.6979715824 -0.0358747356 -0.7152262926 -0.0619605742 0.9980243444 0.0104063014 0.7134399414 0.0515791364 -0.6988154650
-274.9 315.9 2547.2 -0.7897973061 -0.5017135739 0.3528507650 -0.5975399613 0.4995134175 -0.6272419095 0.1384420991 -0.7062363625 -0.6943082809
-81.0 462.6 2513.2 -0.3964142203 -0.5017135739 0.7688558102 -0.8584184647 0.4995134175 -0.1166364625 -0.3255356848 -0.7062363625 -0.6286944151
-471.2 298.5 2747.9 -0.2389099598 0.8974265456 -0.3708740771 -0.8824309111 -0.0412499271 0.4686300755 0.4052625597 0.4392311573 0.8017719388
-535.7 60.3 2857.3 -0.1095471978 0.9010306001 -0.4196942747 -0.9738162756 -0.0126692168 0.2269830704 0.1992014945 0.4335704744 0.8788261414
-292.5 -86.7 2563.8 -0.4013760388 0.3014701605 -0.8648774624 0.0253503378 0.9475734830 0.3185308278 0.9155624509 0.1059257016 -0.3879756629
-412.4 -463.4 2521.7 -0.4155156612 0.2076509148 -0.8855664134 -0.0367311314 0.9689680338 0.2444418073 0.9088440537 0.1340972632 -0.3949941397
-422.8 -95.3 2692.5 -0.7842227221 0.1197017059 -0.6088236570 0.1786318868 0.9832282662 -0.0367809087 0.5942098498 -0.1375997365 -0.7924525142
-469.8 -481.4 2746.5 -0.7786773443 -0.1619939059 -0.6061514020 -0.1917381883 0.9813165665 -0.0159450602 0.5974094272 0.1038063169 -0.7951894403
22.0 685.7 2597.8 0 0 0 0 0 0 0 0 0
-564.2 -192.8 2909.1 0 0 0 0 0 0 0 0 0
-486.2 -807.8 2474.0 0 0 0 0 0 0 0 0 0
-417.2 -800.3 2712.8 0 0 0 0 0 0 0 0 0
-380.3 508.1 2659.0 8 -0.7020936012 -0.0391459949 -0.7110078335 -0.0730246231 0.9971817136 0.0172072016 0.7083303928 0.0640021488 -0.7029735446
-372.5 308.6 2646.2 -0.7020936012 -0.0391459949 -0.7110078335 -0.0730246231 0.9971817136 0.0172072016 0.7083303928 0.0640021488 -0.7029735446
-366.1 110.2 2635.6 -0.7025367022 -0.0323686898 -0.7109109759 -0.0606623776 0.9980529547 0.0145051666 0.7090572715 0.0533159636 -0.7031323910
-273.6 317.2 2546.4 -0.7923007607 -0.4996979237 0.3500878513 -0.5926377177 0.4938781559 -0.6362899542 0.1450520307 -0.7116082907 -0.6874398589
-80.9 461.3 2511.1 -0.3960098326 -0.4996979237 0.7703753710 -0.8609023094 0.4938781559 -0.1221948192 -0.3194110692 -0.7116082907 -0.6257717013
-471.3 300.1 2745.9 -0.2447976768 0.8945681453 -0.3739276528 -0.8822373152 -0.0455511138 0.4685961902 0.4021584094 0.4446041882 0.8003722429
-537.4 62.0 2854.5 -0.1145131290 0.8983175159 -0.4241608381 -0.9737579823 -0.0169691853 0.2269524783 0.1966777146 0.4390190542 0.8766870499
-294.8 -83.9 2561.6 -0.4052724540 0.2931843400 -0.8659083247 0.0301129147 0.9509474039 0.3078835905 0.9136998653 0.0987017080 -0.3942213953
-411.3 -462.0 2522.4 -0.4204807878 0.2144150287 -0.8816019893 -0.0343588665 0.9672148824 0.2516244948 0.9066506028 0.1360941082 -0.3993282020
-424.1 -93.8 2690.0 -0.7871323228 0.1243313253 -0.6041228771 0.1805395335 0.9830166101 -0.0329216756 0.5897696018 -0.1349817812 -0.7962108254
-472.9 -479.8 2743.0 -0.7830222845 -0.1589051783 -0.6013528705 -0.1899467558 0.9817200303 -0.0120858382 0.5922806263 0.1047615483 -0.7988921404
22.1 685.1 2594.2 0 0 0 0 0 0 0 0 0
-567.2 -191.2 2905.6 0 0 0 0 0 0 0 0 0
-487.4 -804.9 2474.1 0 0 0 0 0 0 0 0 0
-421.3 -798.8 2709.0 0 0 0 0 0 0 0 0 0
-381.2 506.5 2656.9 9 -0.7159295678 -0.0455087163 -0.6966877580 -0.0755494833 0.9970636368 0.0125063518 0.6940729022 0.0615880713 -0.7172654867
-372.1 307.4 2644.6 -0.7159295678 -0.0455087163 -0.6966877580 -0.0755494833 0.9970636368 0.0125063518 0.6940729022 0.0615880713 -0.7172654867
-364.7 109.0 2634.4 -0.7164739370 -0.0371645838 -0.6966231465 -0.0624116249 0.9979904294 0.0109476745 0.6948164105 0.0513211079 -0.7173537016
-271.3 316.1 2546.8 -0.7878841758 -0.4960013032 0.3649948537 -0.5976936817 0.4731460512 -0.6472210288 0.1483265907 -0.7280903459 -0.6692411304
-80.3 461.0 2510.9 -0.4012701809 -0.4960013032 0.7700421810 -0.8684957623 0.4731460512 -0.1478105932 -0.2910281718 -0.7280903459 -0.6206344366
-472.9 298.6 2742.3 -0.2495642304 0.8855781555 -0.3917512298 -0.8826413155 -0.0416195802 0.4682009518 0.3983240128 0.4626220167 0.7920346260
-540.2 60.3 2849.9 -0.1148336157 0.8893327117 -0.4426065981 -0.9739249945 -0.0130332438 0.2264955938 0.1956613362 0.4570749104 0.8676400185
-295.2 -82.6 2559.9 -0.4215200543 0.2929313779 -0.8582028151 0.0370225534 0.9511582255 0.3064757586 0.9060630202 0.0974128172 -0.4117773175
-411.6 -460.8 2521.2 -0.4372538328 0.2096406519 -0.8745626807 -0.0307853464 0.9683924913 0.2475242168 0.8988110423 0.1351546347 -0.4169794619
-423.0 -95.2 2687.9 -0.7995404601 0.1233700588 -0.5878051519 0.1783535182 0.9832995534 -0.0362214074 0.5735199451 -0.1337976009 -0.8081912398
-471.5 -481.3 2740.5 -0.7941055298 -0.1646253616 -0.5850597024 -0.1920902729 0.9812567234 -0.0153826885 0.5766261816 0.1001688093 -0.8108443022
24.0 686.7 2586.5 0 0 0 0 0 0 0 0 0
-570.1 -192.9 2900.7 0 0 0 0 0 0 0 0 0
-486.1 -804.7 2473.2 0 0 0 0 0 0 0 0 0
-418.0 -800.2 2707.9 0 0 0 0 0 0 0 0 0
-379.8 501.7 2653.8 0 -0.7189968228 -0.0425375663 -0.6937103868 -0.0707612708 0.9974189401 0.0121799493 0.6914017200 0.0578451715 -0.7201510668
-371.4 303.9 2642.4 -0.7189968228 -0.0425375663 -0.6937103868 -0.0707612708 0.9974189401 0.0121799493 0.6914017200 0.0578451715 -0.7201510668
-364.1 105.4 2632.7 -0.7194309831 -0.0363094062 -0.6936141849 -0.0597728677 0.9981644154 0.0097456118 0.6919871569 0.0484706052 -0.7202807665
-270.1 312.3 2545.0 -0.7765147090 -0.5049425960 0.3769056499 -0.6148490310 0.4764091969 -0.6284862161 0.1377881616 -0.7197688818 -0.6804022193
-79.2 463.5 2511.1 -0.4000555277 -0.5049425960 0.7648454309 -0.8680810928 0.4764091969 -0.1395332068 -0.2939231396 -0.7197688818 -0.6289212704
-472.6 295.5 2739.7 -0.2522031367 0.8835932612 -0.3945332468 -0.8812670708 -0.0413182043 0.4708090723 0.3997023106 0.4664286971 0.7891022563
-540.7 57.6 2847.6 -0.1167115793 0.8874025345 -0.4459766746 -0.9732640386 -0.0127485236 0.2293351144 0.1978270113 0.4608191252 0.8651648760
-291.6 -83.7 2560.5 -0.4237468243 0.3012551963 -0.8542153835 0.0447343513 0.9488804936 0.3124494553 0.9046753645 0.0941866934 -0.4155615568
-411.4 -461.0 2523.0 -0.4425847232 0.2057148367 -0.8728116155 -0.0367120951 0.9683579803 0.2468502969 0.8959748745 0.1412949115 -0.4210282266
-422.9 -98.5 2686.6 -0.8017303348 0.1250020266 -0.5844681263 0.1807735413 0.9827989340 -0.0377775319 0.5696923733 -0.1359437704 -0.8105368018
-472.0 -484.4 2740.0 -0.7967044115 -0.1640140861 -0.5816884637 -0.1897238791 0.9816912413 -0.0169460755 0.5738178492 0.0968591794 -0.8132351041
24.8 689.1 2587.5 0 0 0 0 0 0 0 0 0
-571.0 -195.4 2899.1 0 0 0 0 0 0 0 0 0
-484.8 -806.5 2472.6 0 0 0 0 0 0 0 0 0
-418.7 -803.4 2708.5 0 0 0 0 0 0 0 0 0
-380.6 499.0 2653.8 1 -0.7264590859 -0.0475988761 -0.6855593324 -0.0757903680 0.9970621467 0.0110851992 0.6830176115 0.0600117370 -0.7279323936
-371.2 301.2 2641.9 -0.7264590859 -0.0475988761 -0.6855593324 -0.0757903680 0.9970621467 0.0110851992 0.6830176115 0.0600117370 -0.7279323936
-363.0 102.8 2631.6 -0.7269259691 -0.0409897231 -0.6854913831 -0.0652756095 0.9978215098 0.0095553529 0.6836063862 0.0516919047 -0.7280180454
-268.9 310.4 2545.7 -0.7713894844 -0.5127546787 0.3768830895 -0.6205759645 0.4750318229 -0.6238831878 0.1408675462 -0.7151415348 -0.6846377850
-80.3 462.1 2511.3 -0.4008203149 -0.5127546787 0.7592270374 -0.8690810204 0.4750318229 -0.1379963011 -0.2898987830 -0.7151415348 -0.6360277534
-473.4 292.0 2738.1 -0.2530154884 0.8784542680 -0.4053409100 -0.8837567568 -0.0393865891 0.4662860632 0.3936460018 0.4762003720 0.7863053083
-541.7 53.5 2844.4 -0.1148751751 0.8822078109 -0.4566323161 -0.9744555950 -0.0107778972 0.2243214250 0.1929765791 0.4707368910 0.8609104753
-290.9 -87.5 2559.6 -0.4286488295 0.3093163967 -0.8488719463 0.0567076579 0.9469258785 0.3164105415 0.9016897678 0.0874914676 -0.4234392643
-413.9 -464.0 2524.8 -0.4514944553 0.1955190003 -0.8705888987 -0.0446194634 0.9695289135 0.2408792078 0.8911575675 0.1476008445 -0.4290129840
-421.5 -101.5 2684.1 -0.8088394403 0.1224294081 -0.5751432776 0.1753753573 0.9837979674 -0.0372162871 0.5612684488 -0.1309679598 -0.8172056675
-469.6 -487.9 2735.5 -0.8023150563 -0.1691901237 -0.5724204779 -0.1951191425 0.9806429744 -0.0163657237 0.5641090870 0.0985597298 -0.8197969198
23.9 688.0 2586.6 0 0 0 0 0 0 0 0 0
-571.6 -199.9 2894.5 0 0 0 0 0 0 0 0 0
-483.4 -808.5 2472.4 0 0 0 0 0 0 0 0 0
-414.6 -806.5 2703.5 0 0 0 0 0 0 0 0 0
-379.9 503.9 2655.3 2 -0.7170691490 -0.0428324305 -0.6956846714 -0.0750239640 0.9970542789 0.0159427319 0.6929525137 0.0636250675 -0.7181703448
-371.3 305.3 2642.6 -0.7170691490 -0.0428324305 -0.6956846714 -0.0750239640 0.9970542789 0.0159427319 0.6929525137 0.0636250675 -0.7181703448
-364.2 106.9 2631.8 -0.7175185680 -0.0360859372 -0.6956040263 -0.0636645928 0.9978744984 0.0139034474 0.6936237812 0.0542613305 -0.7182908654
-270.4 314.3 2545.0 -0.7819780707 -0.5065222383 0.3632430732 -0.6056715250 0.4798457623 -0.6347519755 0.1472153515 -0.7163680792 -0.6820149422
-80.7 461.1 2509.3 -0.3992803395 -0.5065222383 0.7642057538 -0.8669198155 0.4798457623 -0.1349001825 -0.2983709276 -0.7163680792 -0.6307071447
-472.3 296.3 2740.2 -0.2511666715 0.8848818541 -0.3923001289 -0.8835034370 -0.0440250263 0.4663512707 0.3953947723 0.4637303948 0.7928537726
-540.1 57.8 2847.0 -0.1162468717 0.8886780739 -0.4435515702 -0.9743613005 -0.0154239917 0.2244597822 0.1926311404 0.4582722187 0.8676864505
-288.2 -89.5 2558.6 -0.4179679751 0.3191193342 -0.8505678177 0.0498689003 0.9429204464 0.3292630315 0.9070919752 0.0952045247 -0.4100246727
-415.0 -464.4 2520.8 -0.4382828474 0.1917728335 -0.8781408072 -0.0430827588 0.9713693857 0.2336352766 0.8978040218 0.1402310729 -0.4174724221
-422.8 -97.3 2684.7 -0.8001322150 0.1247101650 -0.5867161155 0.1775993109 0.9835446477 -0.0331419371 0.5729283690 -0.1307183057 -0.8091142178
-471.8 -483.6 2736.0 -0.7951265574 -0.1636622548 -0.5839421153 -0.1929194480 0.9811375737 -0.0122954212 0.5749398470 0.1028773710 -0.8117021918
23.1 686.5 2586.9 0 0 0 0 0 0 0 0 0
-570.3 -195.5 2897.0 0 0 0 0 0 0 0 0 0
-483.1 -809.2 2471.0 0 0 0 0 0 0 0 0 0
-418.6 -802.4 2702.6 0 0 0 0 0 0 0 0 0
-380.8 506.5 2656.0 3 -0.7128915191 -0.0472661220 -0.6996796727 -0.0805750489 0.9966391325 0.0147696156 0.6966300011 0.0669058561 -0.7143040299
-371.3 307.7 2642.7 -0.7128915191 -0.0472661220 -0.6996796727 -0.0805750489 0.9966391325 0.0147696156 0.6966300011 0.0669058561 -0.7143040299
-363.7 109.3 2631.4 -0.7134701610 -0.0382192060 -0.6996424794 -0.0670755282 0.9976510406 0.0139027564 0.6974676847 0.0568480939 -0.7143577933
-270.9 317.1 2544.5 -0.7858021259 -0.5113167167 0.3479514718 -0.5989136100 0.4887148440 -0.6343975663 0.1543290317 -0.7069038153 -0.6902677417
-79.3 463.2 2506.9 -0.3938839138 -0.5113167167 0.7638132572 -0.8643488884 0.4887148440 -0.1185696349 -0.3126602471 -0.7069038153 -0.6344529390
-471.7 298.2 2740.8 -0.2468130589 0.8875623345 -0.3889940679 -0.8850481510 -0.0429693758 0.4635120630 0.3946810067 0.4586792886 0.7961407900
-538.4 59.3 2847.4 -0.1127992496 0.8912584186 -0.4392434061 -0.9751003385 -0.0143462056 0.2212996483 0.1909337044 0.4532688260 0.8706846237
-291.2 -85.6 2557.4 -0.4129670560 0.3085048497 -0.8569031358 0.0468107387 0.9468268752 0.3183200061 0.9095421433 0.0913434103 -0.4054496586
-413.8 -462.0 2521.1 -0.4325317740 0.1924767494 -0.8808342218 -0.0428393371 0.9714570045 0.2333154678 0.9006003737 0.1386507154 -0.4119404256
-421.6 -95.2 2684.1 -0.7973467708 0.1215869412 -0.5911470056 0.1742701679 0.9841568470 -0.0326367728 0.5778131485 -0.1290421039 -0.8059032559
-469.3 -481.7 2734.8 -0.7914259434 -0.1654869020 -0.5884377956 -0.1962632984 0.9804805517 -0.0117749199 0.5789003968 0.1061697677 -0.8084567785
23.1 687.8 2588.2 0 0 0 0 0 0 0 0 0
-567.7 -194.2 2897.0 0 0 0 0 0 0 0 0 0
-482.8 -810.0 2471.4 0 0 0 0 0 0 0 0 0
-415.6 -800.2 2700.3 0 0 0 0 0 0 0 0 0
-381.1 508.2 2656.4 4 -0.7123481035 -0.0500146635 -0.7000418901 -0.0821447745 0.9965434074 0.0123905381 0.6970024109 0.0663311630 -0.7139942646
-371.1 309.3 2643.2 -0.7123481035 -0.0500146635 -0.7000418901 -0.0821447745 0.9965434074 0.0123905381 0.6970024109 0.0663311630 -0.7139942646
-363.1 111.0 2631.8 -0.7129538655 -0.0403219871 -0.7000506520 -0.0687737092 0.9975529313 0.0125836143 0.6978302002 0.0571166165 -0.7139822841
-270.8 319.0 2545.0 -0.7881346941 -0.5123419762 0.3411003947 -0.5941313505 0.4884948432 -0.6390467286 0.1607846767 -0.7063133121 -0.6893981099
-78.6 463.9 2505.8 -0.4003459513 -0.5123419762 0.7597557902 -0.8634818196 0.4884948432 -0.1255864650 -0.3067935705 -0.7063133121 -0.6379649043
-471.5 299.6 2741.4 -0.2447175831 0.8878957033 -0.3895567954 -0.8856644630 -0.0411865599 0.4624955952 0.3946033418 0.4581973851 0.7964567542
-537.5 60.6 2847.9 -0.1106137410 0.8915279508 -0.4392522275 -0.9753859639 -0.0125527494 0.2201467752 0.1907531768 0.4527917206 0.8709723949
-290.7 -82.8 2556.1 -0.4095718861 0.3080814481 -0.8586831093 0.0549854599 0.9478771091 0.3138560057 0.9106192589 0.0813314989 -0.4051637948
-413.2 -459.7 2523.8 -0.4319448173 0.1916009039 -0.8813130856 -0.0466926172 0.9711126685 0.2340084463 0.9006905556 0.1422295570 -0.4105207622
-420.5 -93.6 2684.5 -0.7974098921 0.1194153056 -0.5915043950 0.1724223793 0.9844464660 -0.0336993784 0.5782802105 -0.1288608164 -0.8055972457
-467.4 -480.2 2735.1 -0.7906941175 -0.1675384045 -0.5888409615 -0.1981155425 0.9800947309 -0.0128297955 0.5792694092 0.1065141037 -0.8081470728
25.5 688.3 2585.5 0 0 0 0 0 0 0 0 0
-566.3 -193.0 2897.5 0 0 0 0 0 0 0 0 0
-482.6 -811.7 2472.2 0 0 0 0 0 0 0 0 0
-413.0 -798.7 2700.5 0 0 0 0 0 0 0 0 0
-380.0 506.7 2655.1 5 -0.7092617154 -0.0517998934 -0.7030395865 -0.0834730119 0.9964515567 0.0107933115 0.6999858022 0.0663401112 -0.7110688090
-369.7 308.7 2641.9 -0.7092617154 -0.0517998934 -0.7030395865 -0.0834730119 0.9964515567 0.0107933115 0.6999858022 0.0663401112 -0.7110688090
-361.4 110.3 2630.6 -0.7099111676 -0.0419360213 -0.7030416131 -0.0696578100 0.9975121021 0.0108374329 0.7008380294 0.0566659532 -0.7110661268
-269.8 318.5 2543.3 -0.7856293917 -0.5095813870 0.3508749604 -0.5999280810 0.4888133109 -0.6333622932 0.1512373090 -0.7080878019 -0.6897383332
-77.8 465.1 2506.3 -0.4006401896 -0.5095813870 0.7614553571 -0.8630955815 0.4888133109 -0.1269944310 -0.3074955046 -0.7080878019 -0.6356557012
-469.7 298.9 2740.5 -0.2414281517 0.8898718357 -0.3870925009 -0.8858678341 -0.0392535441 0.4622740746 0.3961699009 0.4545187652 0.7977857590
-534.8 59.7 2847.5 -0.1080052778 0.8934283853 -0.4360282123 -0.9754703641 -0.0106156981 0.2198747098 0.1918135583 0.4490802288 0.8726594448
-289.7 -81.0 2556.4 -0.4051185846 0.3114574254 -0.8595773578 0.0571183674 0.9469704032 0.3162033856 0.9124781489 0.0790022090 -0.4014252424
-413.5 -457.5 2525.0 -0.4290128052 0.1876238137 -0.8835979104 -0.0527505279 0.9713172913 0.2318621427 0.9017568231 0.1460820884 -0.4068103135
-418.2 -94.4 2683.7 -0.7953127623 0.1170478091 -0.5947919488 0.1713024229 0.9845859408 -0.0352986902 0.5814921260 -0.1299628019 -0.8031043410
-464.2 -481.0 2734.7 -0.7879034877 -0.1689186990 -0.5921778679 -0.1992277354 0.9798470140 -0.0144251669 0.5826804042 0.1066126078 -0.8056781888
26.3 689.4 2586.3 0 0 0 0 0 0 0 0 0
-562.9 -193.9 2897.4 0 0 0 0 0 0 0 0 0
-482.0 -812.2 2471.7 0 0 0 0 0 0 0 0 0
-409.3 -799.4 2700.1 0 0 0 0 0 0 0 0 0
-378.3 508.2 2656.9 6 -0.6972013116 -0.0473067462 -0.7153127789 -0.0773940384 0.9969553351 0.0095014581 0.7126854062 0.0619853772 -0.6987398267
-368.9 310.7 2644.7 -0.6972013116 -0.0473067462 -0.7153127789 -0.0773940384 0.9969553351 0.0095014581 0.7126854062 0.0619853772 -0.6987398267
-361.5 112.2 2635.1 -0.6979181170 -0.0370919853 -0.7152163982 -0.0604493096 0.9981451631 0.0072222697 0.7136218548 0.0482748896 -0.6988657713
-270.7 319.2 2544.2 -0.7875180244 -0.5151761770 0.3382437229 -0.5952303410 0.4935580492 -0.6341145635 0.1597378254 -0.7007095814 -0.6953343749
-76.9 465.6 2504.9 -0.3943707347 -0.5151761770 0.7609633207 -0.8623690605 0.4935580492 -0.1127830744 -0.3174764216 -0.7007095814 -0.6389168501
-467.1 302.2 2745.1 -0.2378553301 0.8974779844 -0.3714270890 -0.8812929392 -0.0386445969 0.4709876180 0.4083473682 0.4393629730 0.8001328707
-531.3 64.3 2855.3 -0.1083429381 0.9010490179 -0.4199672043 -0.9732585549 -0.0100622419 0.2294919938 0.2025577277 0.4336005151 0.8780438304
-287.9 -81.6 2555.1 -0.3894872069 0.3149927557 -0.8654936552 0.0655951202 0.9468005300 0.3150650859 0.9186930656 0.0659416616 -0.3894286752
-413.2 -458.0 2528.9 -0.4184596539 0.1941543072 -0.8872404695 -0.0615527667 0.9685752988 0.2409836352 0.9061472416 0.1554540247 -0.3933589458
-418.1 -91.7 2690.9 -0.7844515443 0.1184914410 -0.6087656021 0.1796995699 0.9828978777 -0.0402463898 0.5935856104 -0.1409662664 -0.7923286557
-464.7 -477.7 2746.3 -0.7784258127 -0.1633156389 -0.6061198115 -0.1907849312 0.9814397097 -0.0194227733 0.5980420709 0.1005193442 -0.7951361537
25.6 689.8 2587.5 0 0 0 0 0 0 0 0 0
-559.5 -188.7 2907.9 0 0 0 0 0 0 0 0 0
-483.8 -810.2 2472.3 0 0 0 0 0 0 0 0 0
-411.6 -796.6 2713.6 0 0 0 0 0 0 0 0 0
-379.7 507.3 2658.4 7 -0.7074012160 -0.0505685508 -0.7050009370 -0.0891917571 0.9958506227 0.0180646982 0.7011621594 0.0756592602 -0.7089762092
-369.6 309.1 2643.3 -0.7074012160 -0.0505685508 -0.7050009370 -0.0891917571 0.9958506227 0.0180646982 0.7011621594 0.0756592602 -0.7089762092
-361.6 110.9 2630.9 -0.7081601024 -0.0401187874 -0.7049111724 -0.0725131854 0.9972376227 0.0160913598 0.7023183703 0.0625106171 -0.7091130614
-270.0 319.3 2544.5 -0.7862278819 -0.5181213617 0.3367431164 -0.5967158675 0.4950045347 -0.6315858960 0.1605487764 -0.6975103617 -0.6983575821
-77.1 465.7 2505.1 -0.3905534148 -0.5181213617 0.7609325051 -0.8624486327 0.4950045347 -0.1056070402 -0.3219477534 -0.6975103617 -0.6401787996
-469.3 298.9 2742.1 -0.2417218834 0.8910382390 -0.3842153251 -0.8877717853 -0.0432392247 0.4582484066 0.3917036653 0.4518642128 0.8014904857
-534.5 59.3 2847.8 -0.1089738011 0.8946273327 -0.4333204925 -0.9763934016 -0.0145499250 0.2155091763 0.1864956170 0.4465761185 0.8750938177
-290.1 -80.7 2560.0 -0.4055484831 0.3038307726 -0.8621005416 0.0434697121 0.9484848380 0.3138262928 0.9130393267 0.0897965133 -0.3978640139
-410.8 -457.6 2524.3 -0.4258550704 0.2038233429 -0.8815347552 -0.0448029861 0.9683505893 0.2455399930 0.9036814570 0.1440598369 -0.4032450914
-418.6 -94.0 2682.9 -0.7934896350 0.1181965843 -0.5969956517 0.1691585034 0.9851384759 -0.0297916904 0.5846021175 -0.1246262789 -0.8016911149
-465.0 -480.8 2731.8 -0.7866396308 -0.1671302766 -0.5943614244 -0.2013438642 0.9794797897 -0.0089434898 0.5836597681 0.1126357317 -0.8041483164
24.4 689.9 2588.8 0 0 0 0 0 0 0 0 0
-562.9 -194.5 2896.3 0 0 0 0 0 0 0 0 0
-484.5 -807.6 2472.2 0 0 0 0 0 0 0 0 0
-410.7 -799.1 2695.2 0 0 0 0 0 0 0 0 0
-378.8 507.0 2648.6 8 -0.7325483561 -0.0433369912 -0.6793340445 -0.0658198148 0.9978046417 0.0073223882 0.6775253415 0.0500776470 -0.7337926030
-370.2 308.6 2638.6 -0.7325483561 -0.0433369912 -0.6793340445 -0.0658198148 0.9978046417 0.0073223882 0.6775253415 0.0500776470 -0.7337926030
-363.4 110.2 2630.6 -0.7330579162 -0.0346976183 -0.6792806387 -0.0527837202 0.9985882044 0.0059546740 0.6781150103 0.0402200781 -0.7338544726
-267.1 316.1 2543.3 -0.7785724401 -0.5122013688 0.3625943363 -0.6064801812 0.4656425416 -0.6444833279 0.1612659097 -0.7216832638 -0.6731764674
-77.1 464.1 2503.9 -0.3846504688 -0.5122013688 0.7679151893 -0.8756619096 0.4656425416 -0.1280362606 -0.2919936478 -0.7216832638 -0.6276248693
-473.3 301.2 2733.9 -0.2624446750 0.8740594983 -0.4088310301 -0.8776877522 -0.0401673019 0.4775466025 0.4009824991 0.4841555357 0.7776930332
-544.1 64.3 2842.1 -0.1233070642 0.8780536652 -0.4624035954 -0.9714692235 -0.0116801318 0.2368779927 0.2025906593 0.4784195721 0.8544423580
-288.7 -80.7 2554.0 -0.4361301661 0.3064437807 -0.8460984826 0.0688539520 0.9488385320 0.3081631660 0.8972455859 0.0761420205 -0.4349169731
-410.5 -457.9 2523.8 -0.4604706168 0.2049441487 -0.8636924624 -0.0340505466 0.9681886435 0.2478936464 0.8870216608 0.1435569376 -0.4388439655
-423.7 -93.2 2684.7 -0.8123081923 0.1304055303 -0.5684626102 0.1871014535 0.9814329743 -0.0422187187 0.5524023771 -0.1406547874 -0.8216251135
-474.9 -478.5 2740.0 -0.8084150553 -0.1630509496 -0.5655788779 -0.1832155287 0.9828384519 -0.0214621685 0.5593720675 0.0862724930 -0.8244149089
22.3 690.3 2579.3 0 0 0 0 0 0 0 0 0
-576.2 -188.1 2894.8 0 0 0 0 0 0 0 0 0
-484.3 -806.8 2472.0 0 0 0 0 0 0 0 0 0
-422.0 -797.7 2711.9 0 0 0 0 0 0 0 0 0
-380.3 510.0 2653.2 9 -0.7190375328 -0.0440122820 -0.6935761571 -0.0660400242 0.9978036880 0.0051467135 0.6918263435 0.0495044664 -0.7203649282
-371.5 311.4 2643.3 -0.7190375328 -0.0440122820 -0.6935761571 -0.0660400242 0.9978036880 0.0051467135 0.6918263435 0.0495044664 -0.7203649282
-364.8 112.9 2636.1 -0.7196902037 -0.0336083695 -0.6934814453 -0.0492521226 0.9987826943 0.0027092453 0.6925461888 0.0361052491 -0.7204694152
-270.3 318.3 2545.9 -0.7873956561 -0.5113341212 0.3443043530 -0.5931221843 0.4762299657 -0.6491618156 0.1679705381 -0.7153617740 -0.6782650352
-77.4 463.6 2504.8 -0.3883996606 -0.5113341212 0.7666049600 -0.8706127405 0.4762299657 -0.1234444007 -0.3019589186 -0.7153617740 -0.6301415563
-472.7 304.5 2740.7 -0.2546758950 0.8833849430 -0.3934097290 -0.8756395578 -0.0380252413 0.4814659059 0.4103602171 0.4671029150 0.7832109332
-541.5 68.2 2851.5 -0.1194359139 0.8872721791 -0.4455144703 -0.9704427719 -0.0095498459 0.2411423475 0.2097043097 0.4611473382 0.8621874452
-289.3 -83.5 2560.4 -0.4244842529 0.3046775460 -0.8526339531 0.0547959395 0.9486023784 0.3116904199 0.9037756920 0.0855867937 -0.4193618894
-410.5 -460.6 2526.4 -0.4480886459 0.2026326507 -0.8707218766 -0.0464559123 0.9673799872 0.2490337640 0.8927812576 0.1520393789 -0.4240584970
-424.2 -90.2 2692.5 -0.8013219237 0.1277439445 -0.5844353437 0.1899619251 0.9807086587 -0.0460976139 0.5672720671 -0.1479594857 -0.8101298213
-474.3 -475.3 2750.6 -0.7973347306 -0.1612368673 -0.5816012025 -0.1803581268 0.9832746983 -0.0253340583 0.5759585500 0.0846967772 -0.8130794764
23.3 689.2 2583.0 0 0 0 0 0 0 0 0 0
-572.5 -184.1 2906.0 0 0 0 0 0 0 0 0 0
-483.4 -808.7 2471.7 0 0 0 0 0 0 0 0 0
-422.0 -794.7 2723.0 0 0 0 0 0 0 0 0 0
-377.7 505.5 2645.5 0 -0.7215879560 -0.0395023152 -0.6911948919 -0.0483969823 0.9988066554 -0.0065574786 0.6906291246 0.0287199505 -0.7226386070
-369.9 307.7 2639.8 -0.7215879560 -0.0395023152 -0.6911948919 -0.0483969823 0.9988066554 -0.0065574786 0.6906291246 0.0287199505 -0.7226386070
-364.0 109.1 2636.3 -0.7221091986 -0.0295310263 -0.6911485195 -0.0333091654 0.9994138479 -0.0079011442 0.6909767389 0.0173160899 -0.7226696014
-268.3 312.4 2542.6 -0.7695801258 -0.4956739843 0.4025589824 -0.6217080355 0.4377928972 -0.6494740248 0.1456899196 -0.7500964403 -0.6450812221
-72.8 470.3 2505.6 -0.3801521063 -0.4956739843 0.7808915973 -0.8858962059 0.4377928972 -0.1533795297 -0.2658425570 -0.7500964403 -0.6055436134
-471.5 303.0 2737.0 -0.2597183585 0.8817129135 -0.3938638270 -0.8666855693 -0.0329382084 0.4977661967 0.4259137213 0.4706351161 0.7727224827
-541.5 69.1 2851.9 -0.1242002770 0.8857422471 -0.4472526908 -0.9658284187 -0.0045772302 0.2591418922 0.2274857461 0.4641548693 0.8560435176
-292.2 -81.1 2565.5 -0.4375639558 0.3024504185 -0.8467948437 0.0411164649 0.9474784732 0.3171655536 0.8982467651 0.1039630026 -0.4270181060
-412.4 -457.8 2524.1 -0.4558810592 0.1991474628 -0.8674749136 -0.0403320305 0.9690228701 0.2436555177 0.8891264200 0.1460649669 -0.4337271750
-424.4 -92.6 2696.3 -0.8023266792 0.1323575377 -0.5820252299 0.2039061636 0.9772195220 -0.0588582531 0.5609760880 -0.1659020782 -0.8110377789
-476.4 -476.3 2761.4 -0.7999094725 -0.1574550420 -0.5790964365 -0.1663121283 0.9853336811 -0.0381820463 0.5766152143 0.0657685846 -0.8143644333
26.0 700.5 2574.7 0 0 0 0 0 0 0 0 0
-573.8 -181.9 2911.0 0 0 0 0 0 0 0 0 0
-484.1 -806.6 2471.6 0 0 0 0 0 0 0 0 0
-425.2 -796.4 2740.0 0 0 0 0 0 0 0 0 0
-375.9 507.1 2642.6 1 -0.7274602652 -0.0324883983 -0.6853802204 -0.0410864837 0.9991485476 -0.0037525867 0.6849185824 0.0254300050 -0.7281756997
-369.4 308.6 2637.6 -0.7274602652 -0.0324883983 -0.6853802204 -0.0410864837 0.9991485476 -0.0037525867 0.6849185824 0.0254300050 -0.7281756997
-364.6 109.9 2634.5 -0.7278200388 -0.0242570601 -0.6853390336 -0.0284157600 0.9995826483 -0.0052023563 0.6851792336 0.0156880505 -0.7282055616
-267.0 312.6 2541.2 -0.7671950459 -0.4818324149 0.4233784080 -0.6269338131 0.4238470495 -0.6536877751 0.1355202496 -0.7669362426 -0.6272503734
-68.7 474.6 2506.2 -0.3647097945 -0.4818324149 0.7967585921 -0.8928259611 0.4238470495 -0.1523662657 -0.2642887831 -0.7669362426 -0.5847736597
-471.8 304.6 2734.0 -0.2678061128 0.8777141571 -0.3973635137 -0.8646425009 -0.0369914584 0.5010239482 0.4250567257 0.4777546525 0.7688155174
-544.1 71.3 2848.7 -0.1312278509 0.8819474578 -0.4527117610 -0.9648147821 -0.0086666057 0.2627876699 0.2278414518 0.4712680280 0.8520532250
-291.9 -86.5 2569.5 -0.4495640099 0.3040435016 -0.8399105668 0.0292596929 0.9447959661 0.3263501823 0.8927687407 0.1221397817 -0.4336425066
-412.8 -462.1 2521.0 -0.4629736245 0.2022902220 -0.8629797697 -0.0308022220 0.9693490863 0.2437490076 0.8858366609 0.1394310594 -0.4425520897
-426.6 -91.4 2694.2 -0.8057045937 0.1389484853 -0.5757893920 0.2090265751 0.9762529731 -0.0569041260 0.5542093515 -0.1662032008 -0.8156154156
-481.1 -474.7 2759.4 -0.8054093122 -0.1526736617 -0.5727186203 -0.1611975431 0.9862571955 -0.0362228453 0.5703781247 0.0631466210 -0.8189513087
26.8 708.4 2575.4 0 0 0 0 0 0 0 0 0
-578.2 -179.5 2907.9 0 0 0 0 0 0 0 0 0
-484.6 -806.0 2471.5 0 0 0 0 0 0 0 0 0
-431.5 -795.1 2738.9 0 0 0 0 0 0 0 0 0
-377.6 506.6 2649.7 2 -0.7249459028 -0.0386799686 -0.6877188683 -0.0570734516 0.9983619452 0.0040111709 0.6864371896 0.0421583727 -0.7259659767
-370.0 308.7 2641.4 -0.7249459028 -0.0386799686 -0.6877188683 -0.0570734516 0.9983619452 0.0040111709 0.6864371896 0.0421583727 -0.7259659767
-364.3 110.1 2635.4 -0.7254731655 -0.0288488436 -0.6876456141 -0.0414779559 0.9991376996 0.0018427743 0.6869994998 0.0298590176 -0.7260441780
-267.9 314.6 2544.7 -0.7708145380 -0.4705863893 0.4294104576 -0.6215651631 0.4077836275 -0.6688566804 0.1396483034 -0.7824710608 -0.6068256497
-66.4 477.0 2508.2 -0.3462499678 -0.4705863893 0.8115783334 -0.9010114074 0.4077836275 -0.1479558498 -0.2613223493 -0.7824710608 -0.5651987791
-472.1 302.9 2738.0 -0.2624343336 0.8794078231 -0.3972028792 -0.8717738986 -0.0396030247 0.4883050919 0.4136888683 0.4744191170 0.7770379782
-542.9 67.6 2849.7 -0.1260201633 0.8834896088 -0.4511818588 -0.9685274363 -0.0111657614 0.2486561686 0.2146473527 0.4683176875 0.8570910692
-293.0 -86.2 2568.5 -0.4432311058 0.3047411442 -0.8430178165 0.0257860012 0.9443857670 0.3278270364 0.8960363865 0.1235650852 -0.4264392257
-414.2 -461.6 2519.4 -0.4547388554 0.1997017860 -0.8679468632 -0.0269491579 0.9710054994 0.2375333756 0.8902170062 0.1314060986 -0.4361721277
-425.1 -92.3 2692.5 -0.8048778176 0.1338879913 -0.5781398416 0.1974370480 0.9791339636 -0.0481171161 0.5596340895 -0.1528746188 -0.8145176768
-477.7 -476.7 2752.5 -0.8028085232 -0.1570675820 -0.5751767159 -0.1730038375 0.9845404029 -0.0273836255 0.5705857873 0.0775239617 -0.8175707459
24.5 713.7 2576.8 0 0 0 0 0 0 0 0 0
-575.7 -184.1 2905.5 0 0 0 0 0 0 0 0 0
-485.0 -806.1 2472.7 0 0 0 0 0 0 0 0 0
-426.6 -796.6 2727.3 0 0 0 0 0 0 0 0 0
-378.8 507.5 2653.2 3 -0.7274991870 -0.0424443819 -0.6847944260 -0.0680511743 0.9976269603 0.0104608191 0.6827254295 0.0542113036 -0.7286611795
-370.3 308.7 2642.4 -0.7274991870 -0.0424443819 -0.6847944260 -0.0680511743 0.9976269603 0.0104608191 0.6827254295 0.0542113036 -0.7286611795
-364.1 110.2 2635.0 -0.7282124162 -0.0316210501 -0.6846216321 -0.0488250852 0.9987905025 0.0058020814 0.6836100817 0.0376518592 -0.7288755774
-267.9 315.6 2546.2 -0.7693495154 -0.4957287610 0.4029321074 -0.6192628741 0.4238246977 -0.6609736681 0.1568910778 -0.7580406666 -0.6330557466
-65.4 478.5 2505.0 -0.3448437750 -0.4957287610 0.7970795035 -0.8971407413 0.4238246977 -0.1245437935 -0.2760820389 -0.7580406666 -0.5908917785
-472.8 301.8 2738.6 -0.2618091702 0.8775395751 -0.4017215669 -0.8757075071 -0.0410256460 0.4810959101 0.4056998193 0.4777459204 0.7792088985
-543.5 65.5 2848.1 -0.1243077293 0.8815707564 -0.4553906322 -0.9705254436 -0.0125272516 0.2406728417 0.2064653337 0.4718857110 0.8571440578
-292.0 -84.7 2566.5 -0.4437744021 0.2965112329 -0.8456626534 0.0277870726 0.9477732778 0.3177321553 0.8957076073 0.1175029054 -0.4288367033
-409.9 -461.5 2519.7 -0.4554226100 0.2113724053 -0.8648190498 -0.0227642860 0.9683237672 0.2486581504 0.8899843097 0.1329315305 -0.4361847937
-424.6 -92.9 2690.2 -0.8077217937 0.1318893880 -0.5746222138 0.1908675134 0.9806643724 -0.0432086065 0.5578128099 -0.1445772499 -0.8172773719
-476.4 -477.9 2747.0 -0.8047028780 -0.1600344628 -0.5717012286 -0.1796470284 0.9834752083 -0.0224373415 0.5658447146 0.0846490338 -0.8201550245
25.6 715.4 2577.9 0 0 0 0 0 0 0 0 0
-575.8 -186.8 2901.8 0 0 0 0 0 0 0 0 0
-485.2 -806.4 2472.4 0 0 0 0 0 0 0 0 0
-424.4 -797.5 2719.4 0 0 0 0 0 0 0 0 0
-376.9 509.6 2659.0 4 -0.6969539523 -0.0397134162 -0.7160153389 -0.0746950060 0.9970545173 0.0174054112 0.7132151127 0.0656135455 -0.6978675127
-369.0 311.0 2645.9 -0.6969539523 -0.0397134162 -0.7160153389 -0.0746950060 0.9970545173 0.0174054112 0.7132151127 0.0656135455 -0.6978675127
-363.4 112.5 2636.6 -0.6976764202 -0.0284811202 -0.7158466578 -0.0535538942 0.9984871149 0.0124681173 0.7144085169 0.0470350869 -0.6981462240
-270.9 318.6 2545.5 -0.7844079137 -0.5090316534 0.3543882370 -0.5946111083 0.4545888305 -0.6631640792 0.1764705777 -0.7309143543 -0.6592589617
-71.2 469.9 2500.6 -0.3787036240 -0.5090316534 0.7729620337 -0.8808378577 0.4545888305 -0.1321880966 -0.2840919793 -0.7309143543 -0.6205288172
-467.1 303.5 2746.4 -0.2450426817 0.8975201845 -0.3666218817 -0.8788294196 -0.0459433049 0.4749189615 0.4094055295 0.4385735095 0.8000252247
-533.2 66.3 2856.9 -0.1166367382 0.9013286233 -0.4171361625 -0.9720535874 -0.0174424201 0.2341101319 0.2037343085 0.4327845573 0.8781741858
-291.0 -83.9 2564.8 -0.4046128392 0.2980834544 -0.8645430803 0.0194648858 0.9479777217 0.3177409470 0.9142808914 0.1117338389 -0.3893661201
-409.5 -460.8 2520.3 -0.4173080623 0.2146792859 -0.8830440640 -0.0348278806 0.9672047496 0.2515987456 0.9080974460 0.1357487440 -0.3961455226
-421.7 -90.9 2692.7 -0.7822655439 0.1269222498 -0.6098781824 0.1872152388 0.9816649556 -0.0358381532 0.5941473842 -0.1422134489 -0.7916844487
-471.5 -476.4 2748.6 -0.7795085311 -0.1544346511 -0.6070555449 -0.1830241680 0.9829931259 -0.0150551274 0.5990564227 0.0993702337 -0.7945168018
29.0 703.0 2575.8 0 0 0 0 0 0 0 0 0
-563.5 -186.4 2909.8 0 0 0 0 0 0 0 0 0
-485.7 -804.3 2472.1 0 0 0 0 0 0 0 0 0
-421.4 -795.7 2716.3 0 0 0 0 0 0 0 0 0
-378.0 510.3 2657.4 5 -0.6934194565 -0.0443659574 -0.7191669941 -0.0777794868 0.9968792200 0.0134965954 0.7163238525 0.0652952418 -0.6947062016
-369.1 311.6 2644.4 -0.6934194565 -0.0443659574 -0.7191669941 -0.0777794868 0.9968792200 0.0134965954 0.7163238525 0.0652952418 -0.6947062016
-362.8 113.1 2634.8 -0.6942212582 -0.0322270468 -0.7190397978 -0.0568921529 0.9983283877 0.0101838140 0.7175096273 0.0479775406 -0.6948942542
-271.5 319.6 2543.4 -0.7851209044 -0.5040885210 0.3598331511 -0.5923430920 0.4414874613 -0.6739573479 0.1808723509 -0.7422826886 -0.6452143788
-70.8 471.0 2497.2 -0.3742021322 -0.5040885210 0.7783749104 -0.8862543106 0.4414874613 -0.1401503086 -0.2729946077 -0.7422826886 -0.6119561791
-466.8 303.5 2745.3 -0.2397195697 0.8996812701 -0.3648399115 -0.8800423145 -0.0426861979 0.4729728997 0.4099512398 0.4344554543 0.8019903302
-531.5 66.0 2856.0 -0.1118250787 0.9033516645 -0.4140663743 -0.9726582766 -0.0141507136 0.2318094969 0.2035461515 0.4286672175 0.8802348375
-293.8 -81.0 2561.8 -0.3956649601 0.2911364734 -0.8710274696 0.0329771899 0.9523158073 0.3033267558 0.9178026915 0.0912917331 -0.3863988519
-409.5 -459.6 2525.5 -0.4143011570 0.2175297141 -0.8837620616 -0.0440079272 0.9650941491 0.2581794262 0.9090752602 0.1458565742 -0.3902665675
-420.0 -90.6 2691.1 -0.7803062797 0.1223551631 -0.6133117676 0.1836431772 0.9822703600 -0.0376840383 0.5978271365 -0.1420356035 -0.7889414430
-468.1 -476.3 2746.9 -0.7760258317 -0.1580275297 -0.6105826497 -0.1867507696 0.9822624326 -0.0168708917 0.6024184823 0.1009345427 -0.7917727828
28.2 705.4 2569.4 0 0 0 0 0 0 0 0 0
-560.6 -186.8 2908.9 0 0 0 0 0 0 0 0 0
-486.7 -802.1 2473.7 0 0 0 0 0 0 0 0 0
-416.7 -795.5 2714.1 0 0 0 0 0 0 0 0 0
-378.6 507.7 2655.6 6 -0.7070335150 -0.0483582318 -0.7055246830 -0.0834946260 0.9963895679 0.0153784305 0.7022337317 0.0697805882 -0.7085185051
-369.0 309.1 2641.7 -0.7070335150 -0.0483582318 -0.7055246830 -0.0834946260 0.9963895679 0.0153784305 0.7022337317 0.0697805882 -0.7085185051
-361.6 110.7 2631.1 -0.7078660727 -0.0373385586 -0.7053591013 -0.0641202331 0.9978756309 0.0115250535 0.7034302950 0.0533859879 -0.7087564468
-269.4 318.1 2542.7 -0.7783592939 -0.5078735948 0.3690816164 -0.6007081866 0.4315723181 -0.6729747653 0.1825006753 -0.7455264926 -0.6410021186
-69.8 472.1 2495.9 -0.3694528937 -0.5078735948 0.7781831622 -0.8909392953 0.4315723181 -0.1413239539 -0.2640676200 -0.7455264926 -0.6119301915
-468.6 300.0 2740.6 -0.2439207584 0.8912134767 -0.3824149966 -0.8835048079 -0.0416079983 0.4665704966 0.3999023736 0.4516717196 0.7975404263
-534.4 61.6 2848.6 -0.1116132960 0.8948761225 -0.4321333468 -0.9743368030 -0.0130078411 0.2247188985 0.1954744607 0.4461250603 0.8733625412
-292.7 -80.1 2559.5 -0.4096191227 0.2915869653 -0.8644011021 0.0390760228 0.9522801042 0.3027138412 0.9114193320 0.0902200118 -0.4014661908
-408.6 -458.7 2523.6 -0.4272698164 0.2177555263 -0.8775095344 -0.0339190662 0.9660192132 0.2562349439 0.9034876823 0.1392457634 -0.4053648114
-419.1 -93.6 2685.0 -0.7926077843 0.1208996475 -0.5976254344 0.1767480373 0.9836183190 -0.0354281403 0.5835520625 -0.1337097436 -0.8009923100
-466.5 -479.8 2737.5 -0.7868281603 -0.1641881615 -0.5949317217 -0.1936627030 0.9809595942 -0.0145944329 0.5860002041 0.1037327647 -0.8036437631
28.1 708.2 2565.9 0 0 0 0 0 0 0 0 0
-563.4 -191.7 2899.4 0 0 0 0 0 0 0 0 0
-486.0 -802.0 2474.2 0 0 0 0 0 0 0 0 0
-413.2 -798.6 2703.8 0 0 0 0 0 0 0 0 0
-378.3 510.1 2656.2 7 -0.7155793309 -0.0440487489 -0.6971412897 -0.0838297904 0.9962122440 0.0231014304 0.6934831142 0.0749721155 -0.7165614963
-369.5 311.3 2641.2 -0.7155793309 -0.0440487489 -0.6971412897 -0.0838297904 0.9962122440 0.0231014304 0.6934831142 0.0749721155 -0.7165614963
-362.6 112.9 2629.8 -0.7163240314 -0.0346457995 -0.6969071627 -0.0649605170 0.9977401495 0.0171691123 0.6947373748 0.0575700961 -0.7169558406
-268.7 320.4 2543.5 -0.7814554572 -0.5047246218 0.3668520749 -0.5945879221 0.4240973890 -0.6830860972 0.1891893744 -0.7519271374 -0.6315163970
-68.5 472.7 2495.0 -0.3641210198 -0.5047246218 0.7827317119 -0.8943247199 0.4240973890 -0.1425648332 -0.2599985003 -0.7519271374 -0.6058104634
-470.3 302.1 2739.0 -0.2515840232 0.8856776357 -0.3902314603 -0.8844847083 -0.0467063934 0.4642255306 0.3929278553 0.4619455040 0.7951188684
-538.2 63.4 2845.0 -0.1171537191 0.8895013928 -0.4416585267 -0.9748433232 -0.0180881619 0.2221559733 0.1896192580 0.4565742612 0.8692436218
-289.2 -81.8 2556.0 -0.4167112112 0.3009104133 -0.8577905893 0.0474508628 0.9495374560 0.3100435436 0.9077996612 0.0884957090 -0.4099613726
-408.9 -459.3 2520.8 -0.4346254766 0.2120919973 -0.8752815127 -0.0283380654 0.9681730866 0.2486722320 0.9001653194 0.1328830719 -0.4147824049
-421.4 -91.4 2682.1 -0.7988449931 0.1257415712 -0.5882480145 0.1767334044 0.9838102460 -0.0297098402 0.5749886632 -0.1276966333 -0.8081346750
-470.8 -477.7 2732.2 -0.7943194509 -0.1621775925 -0.5854528546 -0.1937595308 0.9810090065 -0.0088661443 0.5757724047 0.1063945144 -0.8106579781
28.1 710.1 2564.0 0 0 0 0 0 0 0 0 0
-568.6 -190.0 2894.3 0 0 0 0 0 0 0 0 0
-484.3 -803.5 2473.5 0 0 0 0 0 0 0 0 0
-418.1 -796.5 2697.6 0 0 0 0 0 0 0 0 0
-376.0 513.3 2656.5 8 -0.6867679954 -0.0392347462 -0.7258170247 -0.0781717449 0.9967375398 0.0200864803 0.7226609588 0.0705331340 -0.6875944734
-368.1 314.6 2642.4 -0.6867679954 -0.0392347462 -0.7258170247 -0.0781717449 0.9967375398 0.0200864803 0.7226609588 0.0705331340 -0.6875944734
-362.0 116.1 2631.9 -0.6874224544 -0.0306190476 -0.7256121039 -0.0594826452 0.9981278777 0.0142334737 0.7238178253 0.0529457331 -0.6879567504
