-231.8 486.2 2352.1 3 0.4805192947 0.0975873247 -0.8715376854 -0.0643115491 0.9950349331 0.0759575367 0.8746229410 0.0195508786 0.4844094515
-251.0 289.8 2348.2 0.4805192947 0.0975873247 -0.8715376854 -0.0643115491 0.9950349331 0.0759575367 0.8746229410 0.0195508786 0.4844094515
-269.6 94.9 2345.5 0.4811256528 0.0946409255 -0.8715280890 -0.0580327958 0.9954132438 0.0760569498 0.8747286797 0.0139842629 0.4844111204
-319.6 298.1 2223.5 0.1671306938 0.1510074139 -0.9743018746 0.9559038281 0.2172222733 0.1976420879 0.2414854765 -0.9643709064 -0.1080440581
-363.8 45.3 2159.7 -0.3156739771 0.1220471263 -0.9409858584 0.9144003391 0.3039866090 -0.2673278153 0.2534205317 -0.9448262453 -0.2075605989
-182.5 281.6 2472.9 0.4513360560 -0.7587313652 -0.4697046280 0.6763909459 0.6342120767 -0.3745268583 0.5820575953 -0.1486664712 0.7994418144
-76.5 440.4 2609.6 0.6207166314 -0.7518922687 -0.2221911252 0.7651698589 0.6427393556 -0.0374322459 0.1709560007 -0.1467791498 0.9742842913
-331.8 -95.1 2263.2 0.3116279840 0.0492286198 -0.9489281178 -0.0669365600 0.9973133802 0.0297567900 0.9478436112 0.0542449355 0.3140859604
-351.1 -485.7 2242.0 0.3090998828 0.1565912068 -0.9380492568 -0.0831452161 0.9870240688 0.1373692453 0.9473880529 0.0355334952 0.3181088567
-244.4 -106.0 2421.1 -0.9987108707 0.0486222915 0.0145758726 0.0447102673 0.9785875082 -0.2009167522 -0.0240327995 -0.2000060529 -0.9794998765
-263.4 -489.3 2499.4 -0.9987108707 0.0345013067 0.0372322910 0.0447102673 0.9451935887 0.3234347701 -0.0240327995 0.3246825039 -0.9455176592
-275.0 -211.9 2088.4 0 0 0 0 0 0 0 0 0
82.5 636.4 2653.3 0 0 0 0 0 0 0 0 0
-410.1 -857.4 2228.6 0 0 0 0 0 0 0 0 0
-273.9 -777.1 2400.6 0 0 0 0 0 0 0 0 0
-231.6 485.5 2352.2 4 0.4823520482 0.1002383605 -0.8702234030 -0.0656122640 0.9947748780 0.0782171488 0.8735167384 0.0193691235 0.4864085913
-251.4 289.6 2348.4 0.4823520482 0.1002383605 -0.8702234030 -0.0656122640 0.9947748780 0.0782171488 0.8735167384 0.0193691235 0.4864085913
-270.3 94.7 2345.8 0.4830553234 0.0968332812 -0.8702188730 -0.0585108362 0.9952142239 0.0782629475 0.8736326694 0.0131119015 0.4864093363
-320.2 297.9 2223.8 0.1676226556 0.1498848796 -0.9743906856 0.9551373124 0.2200968862 0.1981667727 0.2441625595 -0.9638941288 -0.1062674150
-364.7 44.3 2159.0 -0.3196419179 0.1219466403 -0.9396584630 0.9136438370 0.3025326729 -0.2715305984 0.2511651516 -0.9453057647 -0.2081179172
-182.5 281.3 2472.9 0.4515945017 -0.7593726516 -0.4684181213 0.6783057451 0.6332627535 -0.3726654947 0.5796237588 -0.1494370103 0.8010648489
-76.7 440.1 2608.6 0.6225930452 -0.7513080835 -0.2188927382 0.7649264932 0.6433045268 -0.0323536023 0.1651222110 -0.1472937316 0.9752123952
-331.6 -94.8 2263.7 0.3135592937 0.0501022860 -0.9482459426 -0.0699811429 0.9971107244 0.0295432732 0.9469863772 0.0570957698 0.3161595464
-351.2 -485.4 2241.3 0.3115589023 0.1537513882 -0.9377054572 -0.0830096081 0.9874539971 0.1343279481 0.9465941191 0.0359875001 0.3204129338
-244.6 -105.3 2421.8 -0.9988267422 0.0468391515 0.0122996233 0.0436072871 0.9803832173 -0.1922165453 -0.0210616030 -0.1914546639 -0.9812754393
-263.0 -489.4 2496.8 -0.9988068938 0.0353087038 0.0337359309 0.0441443697 0.9482159615 0.3145437241 -0.0208828170 0.3156576753 -0.9486433268
-275.0 -212.1 2088.5 0 0 0 0 0 0 0 0 0
82.7 636.0 2650.9 0 0 0 0 0 0 0 0 0
-409.1 -857.3 2227.7 0 0 0 0 0 0 0 0 0
-273.7 -776.9 2401.1 0 0 0 0 0 0 0 0 0
-229.7 486.7 2352.7 5 0.4803314507 0.1035546139 -0.8709524274 -0.0710180849 0.9943370819 0.0790582448 0.8742071390 0.0238792114 0.4849656224
-250.1 290.4 2348.0 0.4803314507 0.1035546139 -0.8709524274 -0.0710180849 0.9943370819 0.0790582448 0.8742071390 0.0238792114 0.4849656224
-269.8 95.5 2344.3 0.4809284806 0.1007000282 -0.8709576726 -0.0652042553 0.9947392941 0.0790069252 0.8743318915 0.0187934693 0.4849645495
-318.7 299.7 2223.4 0.1699700207 0.1504565328 -0.9738957882 0.9567741752 0.2114759088 0.1996526271 0.2359945476 -0.9657332897 -0.1080083549
-364.2 43.3 2160.2 -0.3191532493 0.1158171296 -0.9405996203 0.9101107121 0.3142211139 -0.2701177001 0.2642720044 -0.9422587156 -0.2056910992
-181.6 281.1 2472.6 0.4402430058 -0.7651026249 -0.4698979855 0.6868231893 0.6240460277 -0.3726130128 0.5783251524 -0.1586965472 0.8002220988
-79.7 440.1 2606.5 0.6359279156 -0.7375488281 -0.2271947712 0.7522437572 0.6581541896 -0.0310221016 0.1724095047 -0.1511780322 0.9733551145
-333.0 -95.0 2264.2 0.3115262687 0.0477781706 -0.9490356445 -0.0706068501 0.9971381426 0.0270227399 0.9476106763 0.0585901253 0.3140082061
-351.7 -485.6 2241.3 0.3100060523 0.1557891816 -0.9378837943 -0.0803399533 0.9872474670 0.1374334544 0.9473339915 0.0327443369 0.3185687661
-245.6 -105.5 2422.2 -0.9988802075 0.0452588759 0.0137830153 0.0419423990 0.9819120765 -0.1846334487 -0.0218900125 -0.1838486046 -0.9827107787
-263.3 -490.2 2494.2 -0.9988113642 0.0351049267 0.0338152200 0.0438599065 0.9499421716 0.3093318641 -0.0212634299 0.3104473054 -0.9503527284
-274.7 -211.9 2086.0 0 0 0 0 0 0 0 0 0
83.2 632.7 2650.6 0 0 0 0 0 0 0 0 0
-410.3 -857.4 2229.0 0 0 0 0 0 0 0 0 0
-273.9 -777.0 2400.5 0 0 0 0 0 0 0 0 0
-230.4 486.6 2352.5 6 0.4855256379 0.0979915783 -0.8687131405 -0.0666041523 0.9949561954 0.0750067011 0.8716815710 0.0214422233 0.4896034002
-249.8 289.9 2348.3 0.4855256379 0.0979915783 -0.8687131405 -0.0666041523 0.9949561954 0.0750067011 0.8716815710 0.0214422233 0.4896034002
-268.3 94.9 2345.1 0.4861101210 0.0948275030 -0.8687373996 -0.0605709814 0.9953605533 0.0747560635 0.8717958927 0.0162805989 0.4895986617
-319.1 298.5 2224.0 0.1664147675 0.1450926811 -0.9753226042 0.9562832713 0.2174738944 0.1955184042 0.2404755056 -0.9652218223 -0.1025588289
-363.5 43.2 2159.8 -0.3171801865 0.1119784489 -0.9417311549 0.9098405242 0.3160811067 -0.2688549757 0.2675574422 -0.9421006441 -0.2021371871
-180.5 281.3 2472.5 0.4417875707 -0.7663980722 -0.4663236439 0.6833226085 0.6242739558 -0.3786188662 0.5812864900 -0.1513803750 0.7994936109
-77.9 439.9 2607.5 0.6280726194 -0.7448283434 -0.2252898514 0.7577788234 0.6512516737 -0.0405282080 0.1769069582 -0.1452652216 0.9734484553
-333.0 -93.4 2261.6 0.3168793619 0.0457760431 -0.9473605752 -0.0729565099 0.9970517159 0.0237741265 0.9456557631 0.0615825914 0.3192847669
-351.0 -484.0 2237.5 0.3191829026 0.1559415460 -0.9347751141 -0.0585863069 0.9877292514 0.1447709501 0.9458804727 0.0085566090 0.3244023323
-246.1 -105.2 2419.7 -0.9989888072 0.0439906158 0.0092843594 0.0414037779 0.9806389809 -0.1913973242 -0.0175242908 -0.1908193827 -0.9814687371
-263.3 -489.3 2494.4 -0.9990561604 0.0319644772 0.0294114016 0.0394616164 0.9508852959 0.3070177138 -0.0181532092 0.3078885674 -0.9512492418
-274.6 -211.9 2084.8 0 0 0 0 0 0 0 0 0
82.9 634.0 2652.8 0 0 0 0 0 0 0 0 0
-409.7 -855.9 2234.3 0 0 0 0 0 0 0 0 0
-273.0 -777.4 2401.2 0 0 0 0 0 0 0 0 0
-231.1 483.7 2353.4 7 0.4807190895 0.0951085687 -0.8717014790 -0.0671580881 0.9951739311 0.0715444386 0.8742991090 0.0241490323 0.4847864211
-249.7 288.2 2348.6 0.4807190895 0.0951085687 -0.8717014790 -0.0671580881 0.9951739311 0.0715444386 0.8742991090 0.0241490323 0.4847864211
-267.8 93.2 2344.8 0.4812103510 0.0922596306 -0.8717366457 -0.0619387329 0.9955391884 0.0711711720 0.8744142056 0.0197459571 0.4847781956
-318.3 297.1 2224.0 0.1719245911 0.1495485306 -0.9736925364 0.9549636841 0.2173484713 0.2019999921 0.2418393940 -0.9645698071 -0.1054458693
-364.2 42.3 2159.5 -0.3205007017 0.1151705459 -0.9402207136 0.9084145427 0.3186615705 -0.2706248164 0.2684442103 -0.9408456683 -0.2067538649
-181.2 279.4 2473.3 0.4448880851 -0.7679206133 -0.4608389735 0.6917032599 0.6214800477 -0.3678438663 0.5688771009 -0.1551144868 0.8076622486
-77.6 440.4 2605.7 0.6287667155 -0.7426294684 -0.2305511832 0.7560032010 0.6532035470 -0.0422403626 0.1819657981 -0.1477380991 0.9721429348
-330.9 -94.5 2263.1 0.3118688166 0.0488842018 -0.9488667846 -0.0688314810 0.9972139001 0.0287517849 0.9476286769 0.0563451201 0.3143646717
-350.0 -485.2 2241.0 0.3106340468 0.1586116552 -0.9372026324 -0.0765764415 0.9869505167 0.1416498423 0.9474399686 0.0277663749 0.3187263608
-243.0 -105.5 2420.7 -0.9984981418 0.0526153967 0.0152682913 0.0487170778 0.9802049398 -0.1918982714 -0.0250628591 -0.1908662319 -0.9812960625
-263.6 -489.4 2495.4 -0.9986189604 0.0350976214 0.0390945561 0.0455979556 0.9486249089 0.3130999506 -0.0260970090 0.3144501448 -0.9489151835
-274.4 -212.2 2084.3 0 0 0 0 0 0 0 0 0
83.4 634.0 2652.3 0 0 0 0 0 0 0 0 0
-409.7 -856.8 2230.5 0 0 0 0 0 0 0 0 0
-274.3 -778.1 2399.7 0 0 0 0 0 0 0 0 0
-230.6 485.3 2352.8 8 0.4711951911 0.0953336209 -0.8768618107 -0.0643117055 0.9952089787 0.0736416057 0.8796812296 0.0216929112 0.4750687480
-249.4 289.0 2348.6 0.4711951911 0.0953336209 -0.8768618107 -0.0643117055 0.9952089787 0.0736416057 0.8796812296 0.0216929112 0.4750687480
-267.4 94.0 2345.3 0.4717786908 0.0916013345 -0.8769458532 -0.0580972992 0.9956569076 0.0727461502 0.8798008561 0.0166281033 0.4750515223
-316.7 297.2 2223.2 0.1758000106 0.1598381549 -0.9713630080 0.9545945525 0.2133909017 0.2078787684 0.2405069917 -0.9638029337 -0.1150664985
-363.6 42.5 2159.0 -0.3184100688 0.1248867661 -0.9396905303 0.9101125002 0.3175553083 -0.2661839426 0.2651608586 -0.9399797320 -0.2147738189
-182.2 280.7 2473.9 0.4455222785 -0.7635373473 -0.4674618840 0.6916779280 0.6250712276 -0.3617563546 0.5684114695 -0.1621625423 0.8066050410
-79.9 439.5 2604.5 0.6339525580 -0.7347594500 -0.2413145453 0.7493557930 0.6607531309 -0.0432573743 0.1912331134 -0.1534073204 0.9694823623
-329.4 -96.1 2261.9 0.3016356528 0.0528802574 -0.9519556761 -0.0652607679 0.9972640872 0.0347186401 0.9511871338 0.0516529791 0.3042614162
-350.1 -486.8 2241.6 0.2986782491 0.1574802399 -0.9412711263 -0.0841501504 0.9867956638 0.1383947730 0.9506366849 0.0378726013 0.3079863787
-242.4 -107.3 2420.0 -0.9986299872 0.0510286503 0.0115843415 0.0477368869 0.9790956974 -0.1977190822 -0.0214315169 -0.1968951970 -0.9801902771
-262.4 -490.9 2497.1 -0.9986299872 0.0382809937 0.0356747210 0.0477368869 0.9457127452 0.3214786947 -0.0214315169 0.3227412701 -0.9462445378
-274.4 -212.2 2084.8 0 0 0 0 0 0 0 0 0
82.5 631.4 2653.4 0 0 0 0 0 0 0 0 0
-409.4 -858.4 2227.4 0 0 0 0 0 0 0 0 0
-273.9 -776.9 2399.5 0 0 0 0 0 0 0 0 0
-230.8 485.9 2352.1 9 0.4665960371 0.0990542844 -0.8789063692 -0.0645748973 0.9948722124 0.0778421462 0.8821101189 0.0204344522 0.4705998600
-250.4 289.5 2348.0 0.4665960371 0.0990542844 -0.8789063692 -0.0645748973 0.9948722124 0.0778421462 0.8821101189 0.0204344522 0.4705998600
-269.0 94.5 2345.1 0.4672330022 0.0950833857 -0.8790065050 -0.0580450185 0.9953542948 0.0768152550 0.8822267652 0.0151313264 0.4705815017
-317.0 297.7 2222.3 0.1770425439 0.1652631462 -0.9702288508 0.9547572136 0.2104939669 0.2100736797 0.2389447540 -0.9635249972 -0.1205197945
-364.4 42.2 2158.3 -0.3190448880 0.1319641322 -0.9385071993 0.9126681089 0.3096753955 -0.2667172551 0.2554354668 -0.9416403770 -0.2192398012
-183.8 281.2 2473.8 0.4617516100 -0.7531998754 -0.4684820473 0.6843494773 0.6385249496 -0.3520677686 0.5643148422 -0.1580375731 0.8102918267
-76.2 440.7 2605.3 0.6249301434 -0.7457647324 -0.2308620960 0.7612439394 0.6476936340 -0.0316325277 0.1731183380 -0.1559742540 0.9724721313
-327.9 -95.8 2262.5 0.2965420485 0.0601647012 -0.9531227946 -0.0674443915 0.9968411326 0.0419406109 0.9526353478 0.0518456325 0.2996630967
-351.5 -486.3 2242.2 0.2938020527 0.1479936838 -0.9443401098 -0.0861013681 0.9880229235 0.1280517429 0.9519805312 0.0436871089 0.3030256331
-242.7 -106.3 2421.6 -0.9987081289 0.0501795150 0.0080063147 0.0476337299 0.9793718457 -0.1963715702 -0.0176949892 -0.1957364976 -0.9804968834
-262.3 -489.9 2498.2 -0.9987081289 0.0393210240 0.0321860537 0.0476337299 0.9450189471 0.3235277236 -0.0176949892 0.3246428967 -0.9456711411
-275.5 -212.1 2087.2 0 0 0 0 0 0 0 0 0
83.9 635.7 2649.6 0 0 0 0 0 0 0 0 0
-407.2 -858.4 2225.8 0 0 0 0 0 0 0 0 0
-274.2 -775.8 2400.1 0 0 0 0 0 0 0 0 0
-230.7 485.5 2352.2 0 0.4714934528 0.1009411365 -0.8760735393 -0.0672455728 0.9946504235 0.0784127116 0.8793019652 0.0219409857 0.4757589996
-250.6 289.6 2347.8 0.4714934528 0.1009411365 -0.8760735393 -0.0672455728 0.9946504235 0.0784127116 0.8793019652 0.0219409857 0.4757589996
-270.2 94.8 2344.6 0.4720119536 0.1000430658 -0.8758972883 -0.0621130206 0.9948451519 0.0801569670 0.8794013262 0.0165695827 0.4757927656
-317.9 298.5 2222.5 0.1741563529 0.1617435217 -0.9713436961 0.9539440274 0.2169646770 0.2071646154 0.2442547977 -0.9626865387 -0.1165084839
-363.0 51.1 2159.2 -0.3007758260 0.1369853169 -0.9438055754 0.9218472838 0.2953690290 -0.2509077787 0.2444002479 -0.9455115795 -0.2151194066
-183.4 280.8 2473.2 0.4646117091 -0.7534466386 -0.4652463198 0.6845703125 0.6388771534 -0.3509978056 0.5616933703 -0.1554161310 0.8126170039
-75.0 440.4 2604.2 0.6165781617 -0.7512082458 -0.2356216758 0.7658494115 0.6416679025 -0.0416777171 0.1824995130 -0.1547531486 0.9709507823
-329.9 -95.2 2262.3 0.3022193611 0.0549209341 -0.9516549706 -0.0619616024 0.9973593950 0.0378812850 0.9512224793 0.0475176051 0.3048243225
-351.4 -485.9 2243.7 0.2971197963 0.1511621773 -0.9427989125 -0.0965050086 0.9870872498 0.1278498471 0.9499508739 0.0529980958 0.3078710735
-245.4 -105.7 2421.8 -0.9988847375 0.0460922122 0.0102351559 0.0431572869 0.9792498946 -0.1980077177 -0.0191493891 -0.1973451674 -0.9801470041
-263.5 -489.3 2499.1 -0.9988847375 0.0345391259 0.0321916044 0.0431572869 0.9444439411 0.3258268535 -0.0191493891 0.3268527985 -0.9448812604
-279.4 -205.1 2091.2 0 0 0 0 0 0 0 0 0
82.9 636.5 2650.9 0 0 0 0 0 0 0 0 0
-408.3 -857.6 2223.8 0 0 0 0 0 0 0 0 0
-273.9 -775.2 2400.2 0 0 0 0 0 0 0 0 0
-230.2 485.9 2351.7 1 0.4764848650 0.1050523892 -0.8728838563 -0.0670696571 0.9942857027 0.0830516145 0.8766207099 0.0189711824 0.4808079004
-250.9 289.8 2348.0 0.4764848650 0.1050523892 -0.8728838563 -0.0670696571 0.9942857027 0.0830516145 0.8766207099 0.0189711824 0.4808079004
-270.8 95.0 2344.8 0.4769245684 0.1016291603 -0.8730489612 -0.0628381222 0.9946935177 0.0814625844 0.8766950965 0.0160092507 0.4807799757
-318.9 298.7 2223.0 0.1715299934 0.1565855145 -0.9726553559 0.9548195004 0.2167838961 0.2032841295 0.2426873595 -0.9635796547 -0.1123259664
-363.9 48.2 2159.4 -0.3077411056 0.1303577721 -0.9424979091 0.9188962579 0.2976925373 -0.2588606477 0.2468300909 -0.9457198381 -0.2113975137
-182.9 280.8 2472.9 0.4643078744 -0.7544720173 -0.4638859928 0.6833042502 0.6383820772 -0.3543496132 0.5634833574 -0.1524479389 0.8119397163
-74.2 440.8 2604.9 0.6157499552 -0.7547555566 -0.2262653112 0.7692195773 0.6380279660 -0.0349510945 0.1707431227 -0.1525265723 0.9734384418
-332.5 -94.5 2261.9 0.3077484667 0.0447231531 -0.9504160881 -0.0584233180 0.9978980422 0.0280397814 0.9496723413 0.0468972586 0.3097144663
-350.0 -485.4 2243.5 0.3026654124 0.1569473445 -0.9400857091 -0.0914927647 0.9865778089 0.1352526397 0.9486953020 0.0450747460 0.3129625320
-247.1 -105.7 2420.9 -0.9990095496 0.0442346893 0.0048234714 0.0425437950 0.9812948108 -0.1877513528 -0.0130383708 -0.1873601824 -0.9822047353
-264.5 -490.1 2494.2 -0.9992443323 0.0292274505 0.0256222952 0.0357449315 0.9499211907 0.3104384542 -0.0152658364 0.3111197352 -0.9502481222
-278.5 -206.7 2090.9 0 0 0 0 0 0 0 0 0
83.5 637.8 2648.6 0 0 0 0 0 0 0 0 0
-409.1 -856.9 2226.5 0 0 0 0 0 0 0 0 0
-273.3 -776.4 2400.5 0 0 0 0 0 0 0 0 0
-230.6 485.0 2352.0 2 0.4878547788 0.0999320969 -0.8671858311 -0.0659833848 0.9948050976 0.0775181577 0.8704274297 0.0194022544 0.4919142425
-250.3 289.3 2348.2 0.4878547788 0.0999320969 -0.8671858311 -0.0659833848 0.9948050976 0.0775181577 0.8704274297 0.0194022544 0.4919142425
-269.4 94.3 2345.1 0.4882944822 0.0977133438 -0.8671911955 -0.0615564473 0.9950930476 0.0774641037 0.8705052137 0.0155559145 0.4919133186
-319.9 298.0 2224.1 0.1697649956 0.1443186104 -0.9748599529 0.9541872740 0.2232488841 0.1992148310 0.2463868111 -0.9640187025 -0.0998071432
-363.0 55.4 2161.5 -0.2905472815 0.1251949370 -0.9486350417 0.9262035489 0.2857399285 -0.2459668070 0.2402691096 -0.9500941634 -0.1989769638
-180.7 280.5 2472.2 0.4510794580 -0.7662548423 -0.4575814903 0.6903961301 0.6244966388 -0.3651809692 0.5655797720 -0.1511868685 0.8107169867
-76.4 440.1 2603.0 0.6225173473 -0.7479924560 -0.2301727086 0.7606025338 0.6475067735 -0.0471034348 0.1842714101 -0.1457472444 0.9720091224
-333.8 -94.2 2262.5 0.3197693825 0.0410752036 -0.9466046691 -0.0645539910 0.9976829290 0.0214848295 0.9452937841 0.0542369187 0.3216800094
-349.9 -485.0 2241.2 0.3164801300 0.1537296921 -0.9360595942 -0.0861875787 0.9873594642 0.1330148429 0.9446756244 0.0385801531 0.3257292509
-247.6 -105.5 2421.0 -0.9990482926 0.0431428365 -0.0064201863 0.0435999371 0.9835327268 -0.1753920466 -0.0012524470 -0.1755050421 -0.9844777584
-264.5 -490.8 2489.7 -0.9995345473 0.0270873345 0.0140349772 0.0300185308 0.9552892447 0.2941451371 -0.0054398556 0.2944295108 -0.9556577206
-282.5 -201.2 2094.9 0 0 0 0 0 0 0 0 0
83.0 634.9 2650.2 0 0 0 0 0 0 0 0 0
-407.8 -856.8 2226.7 0 0 0 0 0 0 0 0 0
-272.7 -778.6 2401.0 0 0 0 0 0 0 0 0 0
-230.6 485.4 2351.6 3 0.4745267630 0.0990603864 -0.8746492863 -0.0586103499 0.9949980974 0.0808926672 0.8782876134 0.0128777642 0.4779591858
-250.1 289.4 2349.1 0.4745267630 0.0990603864 -0.8746492863 -0.0586103499 0.9949980974 0.0808926672 0.8782876134 0.0128777642 0.4779591858
-268.9 94.5 2347.2 0.4749546647 0.0958922580 -0.8747701049 -0.0542416200 0.9953452945 0.0796593279 0.8783370256 0.0096143773 0.4779452384
-317.8 297.2 2223.9 0.1792641878 0.1590267271 -0.9708629251 0.9527900815 0.2177574337 0.2115956694 0.2450619936 -0.9629601240 -0.1124829799
-364.3 50.0 2160.4 -0.3033797443 0.1357345283 -0.9431526065 0.9222538471 0.2907148600 -0.2548188865 0.2396007627 -0.9471330643 -0.2133786976
-182.4 281.7 2474.3 0.4561266899 -0.7596120238 -0.4636140466 0.6926708817 0.6301184893 -0.3509383202 0.5587087870 -0.1610596180 0.8135750294
-78.1 440.1 2602.0 0.6313514709 -0.7382867336 -0.2373352945 0.7533860207 0.6564796567 -0.0380003303 0.1838609278 -0.1548135281 0.9706842303
-332.7 -95.0 2263.4 0.3049650192 0.0459313504 -0.9512553215 -0.0649878755 0.9975117445 0.0273302328 0.9501436353 0.0534853004 0.3071911633
-350.7 -485.7 2242.4 0.3020263910 0.1504377425 -0.9413546324 -0.0846942514 0.9877995253 0.1306865960 0.9495298266 0.0402565263 0.3110827208
-244.4 -106.1 2420.8 -0.9986255765 0.0515768267 0.0093187457 0.0491368882 0.9831728935 -0.1759448797 -0.0182366166 -0.1752451658 -0.9843559265
-264.6 -491.2 2489.4 -0.9991315007 0.0270510931 0.0316933915 0.0350694768 0.9566838145 0.2890090644 -0.0225025434 0.2898695469 -0.9568015933
-280.6 -204.4 2094.3 0 0 0 0 0 0 0 0 0
83.6 633.1 2649.1 0 0 0 0 0 0 0 0 0
-407.3 -857.8 2227.3 0 0 0 0 0 0 0 0 0
-272.8 -779.5 2402.1 0 0 0 0 0 0 0 0 0
-230.7 485.2 2351.5 4 0.4645817280 0.0970379189 -0.8801974058 -0.0562844910 0.9952037930 0.0800090507 0.8837397099 0.0123707177 0.4678152502
-249.8 289.5 2349.0 0.4645817280 0.0970379189 -0.8801974058 -0.0562844910 0.9952037930 0.0800090507 0.8837397099 0.0123707177 0.4678152502
-268.6 94.6 2347.3 0.4649435282 0.0961559936 -0.8801031113 -0.0525567904 0.9953290820 0.0809801891 0.8837789893 0.0086041819 0.4678254724
-316.0 297.0 2223.1 0.1810654253 0.1696115136 -0.9687348604 0.9528828859 0.2134977132 0.2154829204 0.2433710694 -0.9621074200 -0.1229628548
-363.6 46.4 2159.1 -0.3074907660 0.1438368112 -0.9406170249 0.9210268259 0.2933548093 -0.2562275529 0.2390795648 -0.9451211095 -0.2226814628
-183.5 282.0 2475.0 0.4486163259 -0.7570907474 -0.4749284387 0.6915673018 0.6306742430 -0.3521146476 0.5661078691 -0.1704805940 0.8065099120
-80.1 441.4 2605.5 0.6437691450 -0.7276582122 -0.2368011624 0.7452675700 0.6664121151 -0.0217061490 0.1736018360 -0.1625064760 0.9713156223
-330.6 -95.5 2266.0 0.2937605977 0.0480445959 -0.9546708465 -0.0713010356 0.9970550537 0.0282376632 0.9532160759 0.0597739071 0.2963211238
-349.5 -486.1 2242.5 0.2926896811 0.1592607945 -0.9428514242 -0.0779793635 0.9867234230 0.1424642354 0.9530225396 0.0318251438 0.3012228310
-244.8 -105.4 2424.7 -0.9984615445 0.0513947867 0.0208116211 0.0471058451 0.9842159748 -0.1705871075 -0.0292504188 -0.1693443209 -0.9851227999
-264.9 -490.9 2491.1 -0.9987088442 0.0287509896 0.0418812558 0.0398529433 0.9546757936 0.2949675620 -0.0315024108 0.2962557971 -0.9545889497
-278.9 -207.4 2093.2 0 0 0 0 0 0 0 0 0
84.7 632.3 2649.9 0 0 0 0 0 0 0 0 0
-409.4 -857.7 2230.6 0 0 0 0 0 0 0 0 0
-273.6 -780.1 2401.3 0 0 0 0 0 0 0 0 0
-231.1 483.0 2352.4 5 0.4628275037 0.0970187262 -0.8811231852 -0.0594418384 0.9951521158 0.0783512145 0.8844531775 0.0161124859 0.4663507342
-250.1 287.6 2349.2 0.4628275037 0.0970187262 -0.8811231852 -0.0594418384 0.9951521158 0.0783512145 0.8844531775 0.0161124859 0.4663507342
-268.8 92.6 2347.0 0.4633272588 0.0951696336 -0.8810622096 -0.0542655699 0.9953978658 0.0789829940 0.8845242262 0.0112163685 0.4663594067
-316.2 295.3 2223.1 0.1866575629 0.1697012931 -0.9676572084 0.9529639482 0.2081280649 0.2203234136 0.2387857735 -0.9632674456 -0.1228705347
-363.8 52.1 2162.2 -0.2989145219 0.1405191272 -0.9438773990 0.9209199548 0.3017159998 -0.2467263937 0.2501131296 -0.9429855943 -0.2195941508
-184.1 279.9 2475.3 0.4612073600 -0.7539718747 -0.4677757621 0.6922500134 0.6355477571 -0.3418610096 0.5550473928 -0.1661489755 0.8150563836
-76.7 441.1 2604.5 0.6260657310 -0.7415016294 -0.2412821203 0.7584006786 0.6509687304 -0.0326825045 0.1813012362 -0.1625271291 0.9699045420
-329.5 -95.6 2265.8 0.2917905748 0.0547536388 -0.9549137950 -0.0780779868 0.9963918328 0.0332738496 0.9532901645 0.0648487508 0.2950128019
-350.9 -485.9 2240.4 0.2926252484 0.1545006484 -0.9436630607 -0.0727706477 0.9875969887 0.1391278952 0.9534541965 0.0279586352 0.3002389371
-245.4 -105.1 2425.5 -0.9986088872 0.0477869064 0.0222862586 0.0430369526 0.9828851223 -0.1791219264 -0.0304645151 -0.1779136062 -0.9835744500
-264.1 -490.1 2495.2 -0.9986297488 0.0307696499 0.0423302315 0.0424002036 0.9498410225 0.3098454773 -0.0306731556 0.3112157285 -0.9498441815
-281.5 -201.6 2093.3 0 0 0 0 0 0 0 0 0
83.6 635.3 2650.9 0 0 0 0 0 0 0 0 0
-409.1 -857.9 2229.8 0 0 0 0 0 0 0 0 0
-273.5 -779.1 2400.6 0 0 0 0 0 0 0 0 0
-230.9 483.7 2352.3 6 0.4659247696 0.0965054855 -0.8795458078 -0.0599957481 0.9951923490 0.0774127021 0.8827880025 0.0167005118 0.4694746733
-249.9 287.6 2349.0 0.4659247696 0.0965054855 -0.8795458078 -0.0599957481 0.9951923490 0.0774127021 0.8827880025 0.0167005118 0.4694746733
-268.2 92.6 2346.6 0.4664042592 0.0934992805 -0.8796163797 -0.0549717769 0.9955397248 0.0766733959 0.8828619123 0.0125932740 0.4694637954
-316.4 295.4 2223.2 0.1832548380 0.1667602062 -0.9688181877 0.9525499940 0.2135178894 0.2169299424 0.2430353016 -0.9626012444 -0.1197192445
-362.7 54.7 2161.8 -0.2922481596 0.1413355768 -0.9458410144 0.9239782691 0.2968463600 -0.2411356568 0.2466884404 -0.9444079995 -0.2173438072
-183.5 279.8 2474.9 0.3796904087 -0.7853279710 -0.4889736176 0.7138869166 0.5848955512 -0.3850489855 0.5883882046 -0.2028724402 0.7827145457
-104.4 428.4 2597.4 0.6546246409 -0.7160248756 -0.2424355894 0.7398449779 0.6726879478 0.0109698568 0.1552288085 -0.1865458935 0.9701054692
-329.3 -97.4 2264.9 0.2949813008 0.0540550277 -0.9539728165 -0.0821777135 0.9961344004 0.0310335718 0.9519626498 0.0692409799 0.2982831597
-350.5 -487.6 2237.7 0.2984007597 0.1589706391 -0.9411085844 -0.0613693409 0.9871868491 0.1472955048 0.9524656534 0.0138021251 0.3043332100
-245.5 -107.2 2424.8 -0.9987562895 0.0460165925 0.0191917457 0.0418456383 0.9829356670 -0.1791268736 -0.0271070600 -0.1781010032 -0.9836387634
-263.6 -492.3 2494.5 -0.9986897111 0.0333130546 0.0388475284 0.0438036025 0.9489620924 0.3123334348 -0.0264600515 0.3136258423 -0.9491779208
-282.2 -199.7 2093.9 0 0 0 0 0 0 0 0 0
55.2 608.8 2635.2 0 0 0 0 0 0 0 0 0
-410.3 -859.4 2232.5 0 0 0 0 0 0 0 0 0
-273.6 -777.9 2400.1 0 0 0 0 0 0 0 0 0
-229.4 482.3 2344.8 7 0.4824750721 0.0981866196 -0.8703891039 -0.0469791330 0.9951677918 0.0862210914 0.8746489286 -0.0007094019 0.4847563505
-248.7 286.8 2344.9 0.4824750721 0.0981866196 -0.8703891039 -0.0469791330 0.9951677918 0.0862210914 0.8746489286 -0.0007094019 0.4847563505
-267.1 91.8 2345.4 0.4827869236 0.0942213163 -0.8706544042 -0.0437527113 0.9955488443 0.0834759250 0.8746442199 -0.0022075935 0.4847603738
-317.5 293.1 2220.3 0.1836386025 0.1497490853 -0.9715204835 0.9553981423 0.2053466588 0.2122430205 0.2312816828 -0.9671649337 -0.1053604260
-363.1 55.3 2162.8 -0.2887873352 0.1237078980 -0.9493672848 0.9250355959 0.2916779816 -0.2433786094 0.2468016893 -0.9484831691 -0.1986671090
-179.9 280.6 2469.6 0.3277641237 -0.6178060770 -0.7147631645 0.7171087265 0.6552405953 -0.2375179976 0.6150819063 -0.4347130060 0.6577984691
-118.7 414.4 2584.4 0.6647303104 -0.6178060770 -0.4200586677 0.7305257320 0.6552405953 0.1923326552 0.1564152092 -0.4347130060 0.8868815303
-328.7 -97.4 2264.3 0.3120364547 0.0542916656 -0.9485176206 -0.0814051405 0.9962221980 0.0302421264 0.9465761781 0.0677775592 0.3152772486
-350.0 -487.6 2237.7 0.3120768964 0.1574998647 -0.9369107485 -0.0811517388 0.9869778156 0.1388854682 0.9465845823 0.0326889977 0.3207943738
-244.4 -107.3 2423.9 -0.9989212155 0.0464162007 0.0013892454 0.0454336554 0.9830860496 -0.1774192899 -0.0096008778 -0.1771647781 -0.9841343760
-262.6 -492.4 2493.3 -0.9990773201 0.0362629630 0.0230105799 0.0415554978 0.9515380263 0.3047106564 -0.0108457301 0.3053857088 -0.9521669745
-283.6 -199.4 2094.8 0 0 0 0 0 0 0 0 0
38.2 586.8 2621.3 0 0 0 0 0 0 0 0 0
-409.3 -859.3 2225.4 0 0 0 0 0 0 0 0 0
-273.4 -777.1 2401.9 0 0 0 0 0 0 0 0 0
-230.6 483.3 2348.0 8 0.4744740725 0.0969313234 -0.8749163747 -0.0533943363 0.9952577949 0.0813076869 0.8786486387 0.0081371907 0.4773996174
-249.7 288.1 2346.4 0.4744740725 0.0969313234 -0.8749163747 -0.0533943363 0.9952577949 0.0813076869 0.8786486387 0.0081371907 0.4773996174
-267.9 93.1 2345.8 0.4750611186 0.0931471437 -0.8750088811 -0.0472457223 0.9956473112 0.0803387240 0.8786835670 0.0031746249 0.4773941040
-317.4 294.8 2221.2 0.1795850694 0.1578333974 -0.9709983468 0.9550805688 0.2085515559 0.2105406374 0.2357335687 -0.9651916027 -0.1132908612
-362.9 52.8 2161.5 -0.2925457954 0.1327065229 -0.9469983578 0.9249120355 0.2907254100 -0.2449824512 0.2428057343 -0.9475588202 -0.2077923566
-182.0 281.3 2471.7 0.3196052313 -0.6002909541 -0.7331461310 0.7178015709 0.6584686041 -0.2262299657 0.6185575128 -0.4539491832 0.6413398385
-126.3 406.3 2579.3 0.6663138866 -0.6002909541 -0.4423534572 0.7256799340 0.6584686041 0.1995187998 0.1715065390 -0.4539491832 0.8743658662
-329.1 -99.2 2266.8 0.3039418757 0.0554877743 -0.9510732889 -0.0813351125 0.9961689115 0.0321258605 0.9492122531 0.0675912648 0.3072905540
-350.9 -489.4 2240.3 0.3026520908 0.1555766463 -0.9403178096 -0.0895867497 0.9868633151 0.1344431192 0.9488813877 0.0435505286 0.3126138449
-241.9 -107.1 2424.8 -0.9986330867 0.0513603128 0.0097010750 0.0486824028 0.9815199971 -0.1850634813 -0.0190267172 -0.1843382418 -0.9826787114
-262.0 -491.6 2497.1 -0.9986588359 0.0394302681 0.0335533284 0.0480691977 0.9468816519 0.3179693520 -0.0192334130 0.3191557825 -0.9475070834
-282.3 -201.9 2094.6 0 0 0 0 0 0 0 0 0
28.7 575.1 2619.2 0 0 0 0 0 0 0 0 0
-409.5 -861.0 2223.9 0 0 0 0 0 0 0 0 0
-273.9 -778.2 2400.4 0 0 0 0 0 0 0 0 0
-231.6 486.7 2357.7 9 0.4563155174 0.1013704687 -0.8840249777 -0.0841400400 0.9939537048 0.0705445483 0.8858309984 0.0421913266 0.4620858133
-251.6 291.1 2349.4 0.4563155174 0.1013704687 -0.8840249777 -0.0841400400 0.9939537048 0.0705445483 0.8858309984 0.0421913266 0.4620858133
-271.0 96.5 2342.3 0.4569489956 0.0995271429 -0.8839071989 -0.0778703317 0.9943811297 0.0717101768 0.8860777617 0.0360622518 0.4621316791
-316.7 302.2 2223.2 0.1794109344 0.1726044863 -0.9685140252 0.9550299048 0.2056843936 0.2135692835 0.2360712439 -0.9632765055 -0.1279404163
-363.2 54.9 2162.0 -0.2878095806 0.1480878145 -0.9461689591 0.9278936386 0.2876361012 -0.2372317016 0.2370212078 -0.9462217093 -0.2201941758
-186.5 280.0 2475.5 0.3349468410 -0.6024907827 -0.7244414687 0.7183146477 0.6608496308 -0.2174897790 0.6097824574 -0.4475294054 0.6541274786
-128.9 403.6 2580.4 0.6644283533 -0.6024907827 -0.4421987832 0.7259646654 0.6608496308 0.1904023588 0.1775112450 -0.4475294054 0.8764742613
-329.0 -97.7 2265.8 0.2864025235 0.0544945300 -0.9565584064 -0.0752818063 0.9965744615 0.0342341438 0.9551472664 0.0622066967 0.2895238996
-350.4 -488.0 2241.4 0.2824141085 0.1543457061 -0.9467943907 -0.1014355049 0.9862430692 0.1305199564 0.9539146423 0.0591778904 0.2941851020
-243.2 -106.2 2424.6 -0.9983324409 0.0513045490 0.0264603104 0.0454915054 0.9814019799 -0.1864958704 -0.0355362855 -0.1849811524 -0.9820993543
-263.3 -490.6 2497.1 -0.9982562661 0.0340797938 0.0481976978 0.0476831086 0.9468611479 0.3180884123 -0.0347961411 0.3198319674 -0.9468351007
-283.9 -200.6 2096.8 0 0 0 0 0 0 0 0 0
23.5 570.1 2621.2 0 0 0 0 0 0 0 0 0
-408.5 -859.4 2219.1 0 0 0 0 0 0 0 0 0
-273.6 -777.2 2400.3 0 0 0 0 0 0 0 0 0
-231.2 483.1 2347.5 0 0.5224062204 0.1068340093 -0.8459776640 -0.0773358345 0.9939675927 0.0777666122 0.8491824865 0.0247986261 0.5275169611
-252.3 287.3 2342.6 0.5224062204 0.1068340093 -0.8459776640 -0.0773358345 0.9939675927 0.0777666122 0.8491824865 0.0247986261 0.5275169611
-271.7 92.5 2337.7 0.5227663517 0.0997040495 -0.8466253281 -0.0738682821 0.9946993589 0.0715306997 0.8492695689 0.0251449123 0.5273603201
-326.5 297.8 2221.9 0.1571457833 0.1030838341 -0.9821807146 0.9579992294 0.2256598771 0.1769607365 0.2398805618 -0.9687370062 -0.0632927343
-364.9 63.8 2163.3 -0.2844696939 0.0899961814 -0.9544515014 0.9296562672 0.2690359056 -0.2517119348 0.2341286242 -0.9589162469 -0.1601980776
-178.0 276.8 2463.2 0.3596640825 -0.6628153920 -0.6567476988 0.6937897205 0.6606189609 -0.2867724597 0.6239371896 -0.3525030315 0.6974554062
-102.7 422.0 2593.8 0.6496662498 -0.6628153920 -0.3723029792 0.7414378524 0.6606189609 0.1176965758 0.1679393202 -0.3525030315 0.9206182957
-331.7 -91.1 2255.2 0.3590488136 0.0431155972 -0.9323223829 -0.0488438308 0.9984315634 0.0273624808 0.9320397973 0.0357137322 0.3605915904
-348.6 -482.1 2241.2 0.3512861729 0.1554366201 -0.9232754111 -0.1014104635 0.9866380692 0.1275194883 0.9307598472 0.0488339588 0.3623552024
-249.1 -105.2 2415.3 -0.9982954860 0.0342646502 -0.0472442731 0.0424799025 0.9817015529 -0.1856275201 0.0400193110 -0.1873180419 -0.9814837575
-262.6 -489.7 2488.6 -0.9989834428 0.0370114222 -0.0257341303 0.0277842488 0.9550783634 0.2950480580 0.0354982577 0.2940331101 -0.9551358223
-286.6 -192.1 2098.9 0 0 0 0 0 0 0 0 0
55.0 601.9 2634.6 0 0 0 0 0 0 0 0 0
-407.1 -853.7 2222.8 0 0 0 0 0 0 0 0 0
-273.7 -776.7 2400.3 0 0 0 0 0 0 0 0 0
-230.4 482.9 2349.4 1 0.5001277328 0.1047567949 -0.8595919013 -0.0729114637 0.9942250848 0.0787429288 0.8628766537 0.0232925788 0.5048775077
-251.0 287.3 2344.8 0.5001277328 0.1047567949 -0.8595919013 -0.0729114637 0.9942250848 0.0787429288 0.8628766537 0.0232925788 0.5048775077
-270.7 92.5 2340.7 0.5005662441 0.1005964354 -0.8598335981 -0.0686644316 0.9947099686 0.0764022022 0.8629708290 0.0207956228 0.5048255920
-322.2 297.1 2222.0 0.1651007235 0.1288200766 -0.9778277874 0.9563933611 0.2212917507 0.1906348616 0.2409428209 -0.9666619897 -0.0866672471
-363.6 57.3 2161.6 -0.2847742736 0.1137220189 -0.9518250227 0.9304702878 0.2715473175 -0.2459413111 0.2304965854 -0.9556826949 -0.1831446439
-179.8 277.5 2467.5 0.4048806727 -0.6410944462 -0.6519735456 0.6932635903 0.6801526546 -0.2382812202 0.5962023139 -0.3555140793 0.7198281288
-92.3 427.5 2596.5 0.6398561001 -0.6699469090 -0.3765040338 0.7516225576 0.6476545334 0.1249286160 0.1601489931 -0.3629252613 0.9179528952
-338.2 -95.6 2256.2 0.3346292973 0.0308028851 -0.9418462515 -0.0476129837 0.9987417459 0.0157471821 0.9411462545 0.0395746417 0.3356748819
-350.3 -486.7 2240.7 0.3285248876 0.1512773782 -0.9323017597 -0.0894660577 0.9876357913 0.1287299246 0.9402484894 0.0411183834 0.3379971087
-244.0 -108.9 2409.2 -0.9982907176 0.0516558364 0.0273362771 0.0445014164 0.9750695229 -0.2173915803 -0.0378843136 -0.2158034891 -0.9757016301
-264.2 -490.6 2493.7 -0.9982907176 0.0307668466 0.0496890172 0.0445014164 0.9513013363 0.3050334156 -0.0378843136 0.3067232668 -0.9510444999
-285.2 -198.9 2098.2 0 0 0 0 0 0 0 0 0
67.3 614.9 2636.4 0 0 0 0 0 0 0 0 0
-407.2 -858.6 2225.2 0 0 0 0 0 0 0 0 0
-273.5 -779.4 2400.6 0 0 0 0 0 0 0 0 0
-229.6 485.4 2350.8 2 0.4960894585 0.1059174016 -0.8617869616 -0.0759633780 0.9940204024 0.0784409940 0.8649420738 0.0265504960 0.5011689067
-250.5 289.4 2345.6 0.4960894585 0.1059174016 -0.8617869616 -0.0759633780 0.9940204024 0.0784409940 0.8649420738 0.0265504960 0.5011689067
-270.8 94.7 2340.5 0.4962642193 0.1038221866 -0.8619412780 -0.0743065923 0.9942599535 0.0769780353 0.8649857640 0.0258464757 0.5011303425
-321.2 300.0 2222.4 0.1671531945 0.1323250234 -0.9770106673 0.9573519230 0.2150795907 0.1929199398 0.2356631905 -0.9675902128 -0.0907303616
-364.9 49.2 2160.7 -0.3023366928 0.1130666137 -0.9464715719 0.9248216152 0.2752818465 -0.2625354528 0.2308624387 -0.9546914697 -0.1877942532
-179.8 278.8 2468.7 0.4294885099 -0.6326761842 -0.6444070339 0.6882689595 0.6912961006 -0.2199898064 0.5846583843 -0.3490422666 0.7323551178
-83.0 433.9 2600.5 0.6248169541 -0.6828638315 -0.3785509169 0.7641746998 0.6342856884 0.1171269491 0.1601276845 -0.3624619246 0.9181396961
-335.5 -96.1 2258.8 0.3298619986 0.0385418013 -0.9432420731 -0.0577456243 0.9981189966 0.0205898527 0.9422613978 0.0476762913 0.3314671516
-350.6 -487.0 2240.1 0.3262834251 0.1494121403 -0.9333890676 -0.0820920765 0.9881772995 0.1294855624 0.9417005777 0.0343748517 0.3346914351
-245.2 -108.5 2414.5 -0.9980224967 0.0504265130 0.0375268720 0.0414619967 0.9768348932 -0.2099393755 -0.0472440645 -0.2079682797 -0.9769939780
-264.9 -491.0 2495.9 -0.9980224967 0.0243370086 0.0579552352 0.0414619967 0.9478644729 0.3159649372 -0.0472440645 0.3177430332 -0.9469991326
-282.1 -204.2 2097.5 0 0 0 0 0 0 0 0 0
74.9 627.0 2641.0 0 0 0 0 0 0 0 0 0
-406.9 -859.2 2227.2 0 0 0 0 0 0 0 0 0
-272.3 -778.5 2399.5 0 0 0 0 0 0 0 0 0
-229.9 484.1 2352.1 3 0.5050690174 0.1038672552 -0.8568062186 -0.0746582001 0.9942688346 0.0765218958 0.8598438501 0.0253187735 0.5099289417
-250.4 288.2 2347.1 0.5050690174 0.1038672552 -0.8568062186 -0.0746582001 0.9942688346 0.0765218958 0.8598438501 0.0253187735 0.5099289417
-270.0 93.4 2342.6 0.5055025220 0.1001984179 -0.8569874167 -0.0704326332 0.9947114587 0.0747556314 0.8599455953 0.0225707181 0.5098863840
-322.4 298.2 2224.6 0.1576990783 0.1231419966 -0.9797790647 0.9575127959 0.2235369384 0.1822101176 0.2414545417 -0.9668853283 -0.0826584697
-364.1 45.0 2160.7 -0.3062042892 0.1074117795 -0.9458866715 0.9241883755 0.2718155086 -0.2683135867 0.2282866389 -0.9563362598 -0.1824997962
-178.4 278.2 2469.6 0.4399624169 -0.6377250552 -0.6322498322 0.6911184192 0.6900053024 -0.2150534838 0.5734007359 -0.3423440456 0.7443199158
-76.8 437.8 2602.0 0.6174614429 -0.6989805102 -0.3607874811 0.7747242451 0.6198007464 0.1250976920 0.1361754835 -0.3567537963 0.9242202044
-335.9 -93.3 2257.3 0.3398992121 0.0322090052 -0.9399101734 -0.0528242327 0.9984894395 0.0151136108 0.9389771819 0.0445129275 0.3410871923
-348.5 -484.4 2239.9 0.3354133070 0.1588580608 -0.9285806417 -0.0816110745 0.9868742228 0.1393519044 0.9385294318 0.0290419776 0.3439753354
-246.3 -106.8 2413.6 -0.9982681870 0.0474157780 0.0348186232 0.0391071327 0.9770618081 -0.2093344480 -0.0439457037 -0.2076102644 -0.9772239923
-264.9 -489.4 2494.9 -0.9982681870 0.0236300565 0.0538721904 0.0391071327 0.9506911635 0.3076637685 -0.0439457037 0.3092377484 -0.9499688148
-280.4 -207.5 2098.3 0 0 0 0 0 0 0 0 0
80.3 634.8 2636.6 0 0 0 0 0 0 0 0 0
-408.4 -856.1 2229.0 0 0 0 0 0 0 0 0 0
-272.0 -778.1 2401.0 0 0 0 0 0 0 0 0 0
-230.7 482.3 2351.7 4 0.5052080154 0.1039564237 -0.8567134142 -0.0783569589 0.9941433668 0.0744251534 0.8594329357 0.0295292754 0.5103949308
-251.1 286.8 2345.9 0.5052080154 0.1039564237 -0.8567134142 -0.0783569589 0.9941433668 0.0744251534 0.8594329357 0.0295292754 0.5103949308
-271.0 92.0 2340.6 0.5055426359 0.1018246189 -0.8567720652 -0.0751237571 0.9944351912 0.0738582909 0.8595249057 0.0270254258 0.5103788376
-323.1 297.5 2223.4 0.1553541422 0.1214407608 -0.9803658724 0.9598298073 0.2161701918 0.1788775176 0.2336488962 -0.9687737823 -0.0829795301
-364.5 41.9 2161.2 -0.3070549667 0.1015908867 -0.9462539554 0.9222812653 0.2770365775 -0.2695329785 0.2347648442 -0.9554737210 -0.1787608266
-179.1 276.1 2468.3 0.3953137696 -0.7238786221 -0.5654438734 0.6965435743 0.6375363469 -0.3292028010 0.5987938643 -0.2637178898 0.7562398911
-96.4 421.7 2593.5 0.6422191262 -0.7238786221 -0.2520998716 0.7623254061 0.6375363469 0.1113883704 0.0800911710 -0.2637178898 0.9612690806
-335.3 -95.1 2260.5 0.3400275409 0.0365971737 -0.9397031069 -0.0563250780 0.9982411265 0.0184959751 0.9387272000 0.0466397107 0.3414908350
-349.6 -486.1 2242.2 0.3345670998 0.1556818336 -0.9294235110 -0.0924164206 0.9869260192 0.1320463419 0.9378294349 0.0417156331 0.3445805311
-243.9 -107.8 2415.9 -0.9980030656 0.0529737733 0.0344049595 0.0449223220 0.9781506658 -0.2029858083 -0.0444061570 -0.2010349035 -0.9785770774
-264.7 -490.9 2494.6 -0.9980212450 0.0281916279 0.0562033616 0.0443160683 0.9494829774 0.3106737435 -0.0446057357 0.3125497103 -0.9488535523
-281.0 -209.0 2097.3 0 0 0 0 0 0 0 0 0
58.1 605.2 2612.8 0 0 0 0 0 0 0 0 0
-408.2 -857.8 2226.5 0 0 0 0 0 0 0 0 0
-273.2 -777.3 2400.4 0 0 0 0 0 0 0 0 0
-230.3 483.9 2351.5 5 0.5015713573 0.1077317819 -0.8583822250 -0.0849813223 0.9935528040 0.0750400126 0.8609322309 0.0353085361 0.5074928403
-251.5 288.1 2344.5 0.5015713573 0.1077317819 -0.8583822250 -0.0849813223 0.9935528040 0.0750400126 0.8609322309 0.0353085361 0.5074928403
-272.1 93.4 2338.3 0.5020534992 0.1053315625 -0.8583981991 -0.0804835707 0.9939385056 0.0748906955 0.8610833883 0.0314878188 0.5074877739
-323.1 299.5 2221.8 0.1533700228 0.1240471154 -0.9803519249 0.9618682265 0.2086246908 0.1768763214 0.2264666259 -0.9700969458 -0.0873202085
-364.6 38.9 2160.4 -0.3134008944 0.1021061018 -0.9441155791 0.9210910797 0.2745529413 -0.2760649621 0.2310217768 -0.9561354518 -0.1800941527
-180.0 276.6 2467.2 0.3463542461 -0.6513770819 -0.6750900745 0.7184306979 0.6469296217 -0.2556157112 0.6032379866 -0.3964718580 0.6920361519
-114.8 411.8 2580.7 0.6603128910 -0.6513770819 -0.3737576604 0.7407177091 0.6469296217 0.1811610013 0.1237907559 -0.3964718580 0.9096625447
-336.7 -96.0 2257.6 0.3367582560 0.0326344594 -0.9410254359 -0.0491797552 0.9986447096 0.0170330591 0.9403059483 0.0405433774 0.3379067779
-349.4 -487.1 2241.7 0.3296969533 0.1582178324 -0.9307346940 -0.0955719203 0.9863860011 0.1338234097 0.9392368793 0.0448309258 0.3403296471
-245.3 -109.5 2412.9 -0.9984455705 0.0490561686 0.0264554750 0.0425311662 0.9773761034 -0.2071885020 -0.0360208228 -0.2057412714 -0.9779432416
-264.5 -492.4 2493.5 -0.9984455705 0.0291738454 0.0474898592 0.0425311662 0.9494890571 0.3109044433 -0.0360208228 0.3124409914 -0.9492539763
-279.9 -210.0 2098.0 0 0 0 0 0 0 0 0 0
40.0 585.4 2609.8 0 0 0 0 0 0 0 0 0
-409.0 -858.6 2224.8 0 0 0 0 0 0 0 0 0
-273.3 -777.5 2399.7 0 0 0 0 0 0 0 0 0
-230.8 482.4 2351.9 6 0.4983800948 0.1095430031 -0.8600102067 -0.0879133865 0.9932575226 0.0755690187 0.8624897003 0.0379443169 0.5046501160
-252.3 287.4 2344.4 0.4983800948 0.1095430031 -0.8600102067 -0.0879133865 0.9932575226 0.0755690187 0.8624897003 0.0379443169 0.5046501160
-273.3 92.7 2337.6 0.4988071322 0.1070139185 -0.8600810766 -0.0839953572 0.9936457872 0.0749190375 0.8626332879 0.0348726660 0.5046262741
-323.4 299.3 2221.5 0.1504161507 0.1272620261 -0.9803975224 0.9625900388 0.2072226852 0.1745829284 0.2253783941 -0.9699810147 -0.0913315192
-364.5 36.4 2159.9 -0.3176158667 0.1020500064 -0.9427120090 0.9180303812 0.2819635868 -0.2787772119 0.2373612672 -0.9539823532 -0.1832411140
-181.3 275.4 2467.4 0.3180473447 -0.6150158644 -0.7215270996 0.7224330902 0.6500486135 -0.2356422395 0.6139513850 -0.4463096857 0.6510540247
-124.2 405.0 2577.5 0.6578327417 -0.6150158644 -0.4347546101 0.7350642681 0.6500486135 0.1926585436 0.1641235501 -0.4463096857 0.8796994686
