-248.2 485.2 2351.5 31 0.4954780936 0.0986693427 -0.8629981875 -0.0862626880 0.9942053556 0.0641441867 0.8643264771 0.0426625051 0.5011184216
-267.7 288.6 2343.0 0.4954780936 0.0986693427 -0.8629981875 -0.0862626880 0.9942053556 0.0641441867 0.8643264771 0.0426625051 0.5011184216
-285.5 93.7 2335.8 0.4963100553 0.0908339992 -0.8633802533 -0.0775286704 0.9951750636 0.0601327941 0.8646765947 0.0370922126 0.5009576082
-338.4 299.6 2219.9 0.1176505387 0.2427160889 -0.9629367590 0.9528636336 0.2454822212 0.1782956123 0.2796590626 -0.9385240674 -0.2023942322
-371.5 32.0 2141.3 -0.3517035246 0.2190302908 -0.9101265669 0.9098088145 0.3088298738 -0.2772579789 0.2203463763 -0.9255537987 -0.3078922331
-197.0 277.5 2466.2 -0.0708430260 -0.5536338091 -0.8297414780 0.3381624520 0.7692414522 -0.5421381593 0.9384174943 -0.3189941049 0.1327227652
-206.0 320.6 2585.6 0.7521784306 -0.5536338091 -0.3573755026 0.6263063550 0.7692414522 0.1265225857 0.2048608512 -0.3189941049 0.9253512025
-342.7 -95.3 2253.0 0.3388890326 0.0233709142 -0.9405360222 -0.0301623270 0.9994474053 0.0139668416 0.9403427243 0.0236355457 0.3394066989
-351.8 -486.8 2243.7 0.3291161358 0.1609770656 -0.9304670691 -0.0944923833 0.9860306382 0.1371669769 0.9395497441 0.0427781828 0.3397297263
-255.8 -107.3 2410.9 -0.9955503941 0.0465760715 0.0819154233 0.0280734394 0.9764305353 -0.2139984518 -0.0899519250 -0.2107466012 -0.9733933210
-274.1 -489.6 2493.4 -0.9955120087 0.0087459544 0.0942303017 0.0361393020 0.9553906918 0.2931254804 -0.0874630958 0.2952153683 -0.9514189959
-278.3 -208.9 2083.0 0 0 0 0 0 0 0 0 0
-13.6 480.8 2638.0 0 0 0 0 0 0 0 0 0
-412.4 -858.1 2227.6 0 0 0 0 0 0 0 0 0
-276.8 -783.0 2402.8 0 0 0 0 0 0 0 0 0
-248.7 483.3 2351.9 32 0.4956890941 0.1022106260 -0.8624646664 -0.0914841518 0.9936710596 0.0651806891 0.8636683226 0.0465924889 0.5019025803
-268.9 286.8 2342.7 0.4956890941 0.1022106260 -0.8624646664 -0.0914841518 0.9936710596 0.0651806891 0.8636683226 0.0465924889 0.5019025803
-287.2 91.9 2334.8 0.4966693819 0.0935410336 -0.8628844619 -0.0815263540 0.9948078394 0.0609162748 0.8641024232 0.0400925763 0.5017166734
-339.7 298.4 2219.5 0.1143383235 0.2422462106 -0.9634539485 0.9540655017 0.2435598969 0.1744636744 0.2769219279 -0.9391461015 -0.2032705247
-371.7 31.1 2142.0 -0.3570442796 0.2140014768 -0.9092429280 0.9055598378 0.3180302382 -0.2807456851 0.2290867716 -0.9236125350 -0.3073420227
-198.1 275.1 2465.8 -0.0580729991 -0.5244213939 -0.8494761586 0.3690625131 0.7793529630 -0.5063613653 0.9275884628 -0.3429157436 0.1482849121
-205.6 322.7 2585.2 0.7563326359 -0.5244213939 -0.3910794556 0.6113632917 0.7793529630 0.1372730732 0.2327999771 -0.3429157436 0.9100620747
-348.2 -94.2 2250.4 0.3396219611 0.0030383093 -0.9405571222 -0.0205552951 0.9997799397 -0.0041926093 0.9403374195 0.0207573306 0.3396096528
-349.4 -485.8 2242.2 0.3286267221 0.1768106073 -0.9277620912 -0.0859461054 0.9838429689 0.1570550203 0.9405412078 0.0281250644 0.3385132849
-258.5 -108.2 2406.6 -0.9975144267 0.0406693555 0.0575414300 0.0258666705 0.9709588289 -0.2378441691 -0.0655433312 -0.2357645780 -0.9695973992
-274.4 -488.4 2498.9 -0.9975144267 0.0045005847 0.0703189671 0.0258666705 0.9516723156 0.3060240448 -0.0655433312 0.3070822954 -0.9494232535
-277.2 -208.6 2081.3 0 0 0 0 0 0 0 0 0
-12.1 479.1 2644.8 0 0 0 0 0 0 0 0 0
-415.9 -856.2 2231.7 0 0 0 0 0 0 0 0 0
-275.8 -786.8 2402.6 0 0 0 0 0 0 0 0 0
-247.7 484.4 2352.1 33 0.4662707448 0.0939346850 -0.8796407580 -0.0766651109 0.9948962331 0.0656046942 0.8813138008 0.0368482023 0.4710925221
-266.3 287.3 2344.8 0.4662707448 0.0939346850 -0.8796407580 -0.0766651109 0.9948962331 0.0656046942 0.8813138008 0.0368482023 0.4710925221
-282.5 92.2 2338.1 0.4669371843 0.0829475746 -0.8803915977 -0.0691641718 0.9959667325 0.0571537726 0.8815815449 0.0342043340 0.4707909226
-332.8 297.2 2219.2 0.1381332129 0.2721225619 -0.9522964358 0.9506123066 0.2334103882 0.2045868933 0.2779485881 -0.9335249662 -0.2264413238
-371.5 30.7 2141.3 -0.3583706021 0.2378570586 -0.9027704597 0.9053581357 0.3245097995 -0.2738977671 0.2278093398 -0.9154875278 -0.3316406012
-199.8 277.4 2470.3 -0.0546676032 -0.5103433132 -0.8582314253 0.3731102943 0.7868144512 -0.4916419089 0.9261749983 -0.3470918536 0.1474010795
-206.5 323.2 2584.0 0.7604383826 -0.5103433132 -0.4016007781 0.6013699174 0.7868144512 0.1388425678 0.2451279163 -0.3470918536 0.9052289724
-350.4 -95.6 2248.9 0.3067958355 -0.0025343799 -0.9517719746 -0.0141508095 0.9998737574 -0.0072238618 0.9516701698 0.0156845953 0.3067212403
-349.4 -487.2 2242.7 0.2950115502 0.1733087897 -0.9396447539 -0.0857064649 0.9842483997 0.1546270549 0.9516420364 0.0349168591 0.3052183390
-260.7 -110.3 2405.0 -0.9980078936 0.0349585041 0.0525181815 0.0213246886 0.9703685641 -0.2406866848 -0.0593760386 -0.2390872687 -0.9691810012
-274.4 -490.3 2498.7 -0.9980078936 0.0019088085 0.0630603880 0.0213246886 0.9509186149 0.3087054491 -0.0593760386 0.3094352186 -0.9490649700
-276.7 -208.8 2081.1 0 0 0 0 0 0 0 0 0
-11.8 477.2 2646.7 0 0 0 0 0 0 0 0 0
-414.7 -857.8 2229.6 0 0 0 0 0 0 0 0 0
-275.0 -786.3 2402.3 0 0 0 0 0 0 0 0 0
-248.0 484.5 2351.7 34 0.4355589449 0.0983474180 -0.8947715759 -0.0742139816 0.9945530295 0.0731886849 0.8970956802 0.0345265754 0.4404852390
-267.5 287.6 2344.8 0.4355589449 0.0983474180 -0.8947715759 -0.0742139816 0.9945530295 0.0731886849 0.8970956802 0.0345265754 0.4404852390
-285.0 92.6 2338.6 0.4361726642 0.0892022178 -0.8954308629 -0.0677021220 0.9955073595 0.0661934391 0.8973125815 0.0317507982 0.4402522445
-329.6 297.2 2217.1 0.1497111320 0.3044001758 -0.9407056570 0.9500138760 0.2193484306 0.2221708298 0.2739711404 -0.9269448519 -0.2563454807
-371.5 31.5 2140.4 -0.3576937020 0.2671139240 -0.8948214054 0.9087953568 0.3199952245 -0.2677575350 0.2148168087 -0.9089847207 -0.3572121561
-205.4 277.9 2472.6 -0.0080166310 -0.5075864196 -0.8615635633 0.3852699101 0.7935075164 -0.4710763693 0.9227691293 -0.3357109427 0.1891965270
-206.3 324.0 2583.0 0.7654262781 -0.5075864196 -0.3955737650 0.5941784978 0.7935075164 0.1315208673 0.2471325397 -0.3357109427 0.9089684486
-341.0 -96.6 2251.8 0.2740125656 0.0268643070 -0.9613508582 -0.0204643197 0.9995463490 0.0220987368 0.9615083337 0.0136180585 0.2744380236
-351.5 -487.9 2246.5 0.2620407641 0.1639534235 -0.9510278106 -0.0974589288 0.9849207997 0.1429431736 0.9601231217 0.0552292131 0.2740681469
-256.6 -109.1 2411.1 -0.9951187372 0.0478795543 0.0862916857 0.0279287621 0.9753069878 -0.2190805674 -0.0946503580 -0.2156011462 -0.9718834758
-275.4 -490.9 2495.5 -0.9951187372 -0.0019806095 0.0986650065 0.0279287621 0.9532716274 0.3008208573 -0.0946503580 0.3021080792 -0.9485631585
-276.8 -209.0 2083.6 0 0 0 0 0 0 0 0 0
-10.4 476.2 2646.2 0 0 0 0 0 0 0 0 0
-413.2 -858.8 2225.7 0 0 0 0 0 0 0 0 0
-274.8 -784.5 2402.4 0 0 0 0 0 0 0 0 0
-248.0 482.8 2344.5 35 0.4374428988 0.1006284133 -0.8935981393 -0.0667423308 0.9946115017 0.0793312043 0.8967659473 0.0249379501 0.4418019056
-267.8 286.6 2339.6 0.4374428988 0.1006284133 -0.8935981393 -0.0667423308 0.9946115017 0.0793312043 0.8967659473 0.0249379501 0.4418019056
-285.6 91.7 2334.1 0.4376173019 0.0904967785 -0.8945956826 -0.0649262071 0.9955055118 0.0689442307 0.8968141675 0.0279115159 0.4415260851
-330.2 295.9 2211.8 0.1503078938 0.3007321656 -0.9417896271 0.9554362893 0.2006202340 0.2165479213 0.2540649772 -0.9323688745 -0.2571756244
-371.8 31.6 2141.5 -0.3583752513 0.2583583593 -0.8971166015 0.9090098739 0.3155671656 -0.2722469270 0.2127632797 -0.9130544066 -0.3479417562
-205.5 277.4 2467.3 0.0163935721 -0.5483691692 -0.8360756636 0.3397463560 0.7894904017 -0.5111529231 0.9403741956 -0.2756740451 0.1992489845
-203.5 319.4 2583.5 0.7521685958 -0.5483691692 -0.3654225767 0.6097251773 0.7894904017 0.0702857077 0.2499550879 -0.2756740451 0.9281843901
-341.9 -96.3 2251.4 0.2755844295 0.0222824290 -0.9610185623 -0.0188937075 0.9996637702 0.0177604519 0.9610911608 0.0132627003 0.2759127319
-350.6 -487.8 2246.2 0.2636738122 0.1666241139 -0.9501118660 -0.0940701738 0.9847148061 0.1465863138 0.9600140452 0.0507262163 0.2753178775
-263.1 -108.5 2413.4 -0.9981424809 0.0307031255 0.0526200123 0.0184383020 0.9754576683 -0.2194136381 -0.0580652803 -0.2180358469 -0.9742118716
-275.1 -490.4 2498.8 -0.9981424809 -0.0002101036 0.0609221123 0.0184383020 0.9520536661 0.3053748608 -0.0580652803 0.3059309423 -0.9502813816
-276.8 -209.2 2085.2 0 0 0 0 0 0 0 0 0
-10.9 475.5 2647.5 0 0 0 0 0 0 0 0 0
-413.3 -858.6 2227.1 0 0 0 0 0 0 0 0 0
-275.0 -787.7 2403.3 0 0 0 0 0 0 0 0 0
-247.6 481.8 2341.4 36 0.5124412775 0.1010908708 -0.8527511954 -0.0704113618 0.9946491122 0.0756003112 0.8558306694 0.0213026498 0.5168172121
-267.5 285.8 2337.2 0.5124412775 0.1010908708 -0.8527511954 -0.0704113618 0.9946491122 0.0756003112 0.8558306694 0.0213026498 0.5168172121
-284.9 90.8 2332.8 0.5129452944 0.0890657753 -0.8537882566 -0.0651356429 0.9957737923 0.0647447854 0.8559465408 0.0224015154 0.5165788531
-340.4 295.1 2215.7 0.1131696403 0.2245247662 -0.9678745866 0.9562272429 0.2399626225 0.1674735993 0.2698557079 -0.9444609880 -0.1875402182
-371.6 31.3 2141.2 -0.3587664366 0.1997452080 -0.9118050933 0.9071801901 0.3046324551 -0.2902121842 0.2197969258 -0.9312899113 -0.2904967964
-194.7 276.6 2458.7 -0.0823549107 -0.5220768452 -0.8489130735 0.3325696886 0.7885828018 -0.5172374249 0.9394759536 -0.3249197900 0.1086832732
-205.8 321.4 2585.3 0.7620603442 -0.5220768452 -0.3830141127 0.6023758650 0.7885828018 0.1236140132 0.2375023216 -0.3249197900 0.9154341817
-342.8 -97.4 2247.6 0.3569964170 0.0174459703 -0.9339428544 -0.0116465632 0.9998309612 0.0142248971 0.9340331554 0.0057989871 0.3571392596
-349.7 -489.0 2245.3 0.3412975967 0.1736351848 -0.9237785339 -0.1108677834 0.9833658934 0.1438743323 0.9333939552 0.0533133112 0.3548709750
-263.8 -109.2 2409.7 -0.9972066283 0.0329813659 0.0670162290 0.0168752298 0.9735146761 -0.2280007899 -0.0727610663 -0.2262329906 -0.9713518620
-276.7 -490.4 2498.3 -0.9972066283 -0.0060883411 0.0744437873 0.0168752298 0.9525373578 0.3039536774 -0.0727610663 0.3043608665 -0.9497737885
-276.5 -209.0 2083.0 0 0 0 0 0 0 0 0 0
-10.7 475.6 2646.1 0 0 0 0 0 0 0 0 0
-415.1 -859.4 2225.2 0 0 0 0 0 0 0 0 0
-274.8 -786.2 2403.7 0 0 0 0 0 0 0 0 0
-247.2 481.1 2339.3 37 0.5445596576 0.1006810889 -0.8326572180 -0.0719301030 0.9947174788 0.0732342228 0.8356319666 0.0200127121 0.5489250422
-267.1 285.0 2335.4 0.5445596576 0.1006810889 -0.8326572180 -0.0719301030 0.9947174788 0.0732342228 0.8356319666 0.0200127121 0.5489250422
-284.8 89.9 2332.0 0.5453384519 0.0903211161 -0.8333355188 -0.0638140887 0.9957659245 0.0661659241 0.8357833028 0.0170957185 0.5487932563
-344.6 294.0 2216.6 0.0979017690 0.1900042444 -0.9768897891 0.9565387964 0.2529627681 0.1450632811 0.2746793926 -0.9486349225 -0.1569809318
-371.5 31.4 2141.2 -0.3584157228 0.1740221381 -0.9171992540 0.9077976346 0.2941896617 -0.2989245951 0.2178110331 -0.9397705793 -0.2634190917
-189.6 275.9 2454.2 -0.1294948906 -0.5139816403 -0.8479704857 0.3237226307 0.7863998413 -0.5260978937 0.9372484684 -0.3426342309 0.0645527244
-207.9 321.7 2586.9 0.7694079280 -0.5139816403 -0.3792549968 0.5992428660 0.7863998413 0.1499443501 0.2211774290 -0.3426342309 0.9130620360
-348.5 -98.4 2251.3 0.3923797011 0.0057571973 -0.9197853208 -0.0219531953 0.9997541904 -0.0031074707 0.9195412993 0.0214115344 0.3924096227
-350.8 -489.9 2242.9 0.3794042766 0.1682410687 -0.9098061919 -0.1063923091 0.9847390652 0.1377302706 0.9190936089 0.0445409305 0.3915137947
-256.1 -110.1 2405.4 -0.9983013868 0.0500513837 0.0298191868 0.0420786031 0.9734159112 -0.2251463681 -0.0402953587 -0.2235091776 -0.9738685489
-275.7 -491.3 2493.0 -0.9987045527 -0.0029375798 0.0507995524 0.0119381277 0.9569409490 0.2900370359 -0.0494641811 0.2902677655 -0.9556662440
-276.6 -209.1 2083.5 0 0 0 0 0 0 0 0 0
-10.9 475.2 2643.5 0 0 0 0 0 0 0 0 0
-414.1 -860.8 2226.1 0 0 0 0 0 0 0 0 0
-274.8 -783.9 2404.2 0 0 0 0 0 0 0 0 0
-247.7 481.3 2338.8 38 0.5567395687 0.0897007585 -0.8258297443 -0.0641029403 0.9958274364 0.0649502277 0.8282099962 0.0167777538 0.5601666570
-265.4 285.0 2335.5 0.5567395687 0.0897007585 -0.8258297443 -0.0641029403 0.9958274364 0.0649502277 0.8282099962 0.0167777538 0.5601666570
-282.2 89.9 2332.4 0.5569971204 0.0858378485 -0.8260666132 -0.0611804277 0.9961829185 0.0622623824 0.8282579184 0.0158591401 0.5601226091
-344.6 293.7 2217.6 0.0993639678 0.1760093272 -0.9793607593 0.9561831951 0.2555077672 0.1429319084 0.2753916383 -0.9506505728 -0.1429088861
-372.0 30.6 2141.8 -0.3605864346 0.1632274687 -0.9183322787 0.9076593518 0.2881284356 -0.3051827252 0.2147834599 -0.9435776472 -0.2520501316
-186.1 276.3 2453.4 -0.1566603929 -0.5007625222 -0.8512898684 0.3298215866 0.7859258056 -0.5230089426 0.9309539199 -0.3627085686 0.0420388542
-208.0 322.3 2583.3 0.7696877122 -0.5007625222 -0.3960021436 0.5960109234 0.7859258056 0.1645952612 0.2288051695 -0.3627085686 0.9033773541
-351.6 -99.3 2253.3 0.4050023556 -0.0019840358 -0.9143134952 -0.0262834691 0.9995591044 -0.0138114858 0.9139378071 0.0296250135 0.4047716260
-350.8 -490.8 2241.7 0.3929478824 0.1668471694 -0.9042975307 -0.1051801965 0.9851025343 0.1360517293 0.9135256410 0.0416529439 0.4046429992
-253.2 -110.9 2404.0 -0.9933624864 0.0582216047 0.0992029607 0.0324426778 0.9692381620 -0.2439772189 -0.1103560403 -0.2391394079 -0.9646936655
-276.0 -490.4 2497.7 -0.9933624864 -0.0029467032 0.1149882600 0.0324426778 0.9519084692 0.3046600521 -0.1103560403 0.3063683808 -0.9454945326
-276.7 -209.2 2085.1 0 0 0 0 0 0 0 0 0
-10.9 474.9 2641.9 0 0 0 0 0 0 0 0 0
-413.6 -861.8 2226.0 0 0 0 0 0 0 0 0 0
-275.1 -785.3 2402.8 0 0 0 0 0 0 0 0 0
-248.5 480.4 2338.0 39 0.5350093246 0.0933367983 -0.8396744728 -0.0607503951 0.9955559373 0.0719564259 0.8426591158 0.0125131970 0.5383020043
-266.9 284.0 2335.6 0.5350093246 0.0933367983 -0.8396744728 -0.0607503951 0.9955559373 0.0719564259 0.8426591158 0.0125131970 0.5383020043
-283.8 88.9 2333.5 0.5355046988 0.0865615681 -0.8400844336 -0.0552661307 0.9961929917 0.0674179271 0.8427219987 0.0103255957 0.5382499695
-343.1 291.9 2215.6 0.1052367315 0.2005512714 -0.9740145802 0.9566012621 0.2472211123 0.1542585790 0.2717337310 -0.9479772449 -0.1658308655
-371.8 31.3 2141.6 -0.3535599411 0.1870690286 -0.9165154099 0.9129142761 0.2826015055 -0.2944892347 0.2039188147 -0.9408196211 -0.2706945539
-190.6 276.2 2455.6 -0.1217789054 -0.4974659383 -0.8588932157 0.3443235755 0.7904230952 -0.5066286325 0.9309195280 -0.3574338555 0.0750323832
-207.3 323.3 2583.1 0.7702541351 -0.4974659383 -0.3990441561 0.5920080543 0.7904230952 0.1573461294 0.2371393889 -0.3574338555 0.9033305049
-349.2 -99.7 2254.5 0.3813742995 0.0053876550 -0.9244049788 -0.0349504240 0.9993520975 -0.0085947504 0.9237597585 0.0355861671 0.3813154995
-351.3 -491.1 2240.6 0.3728319108 0.1660685837 -0.9129170775 -0.0891155452 0.9857145548 0.1429167092 0.9236096740 0.0280711949 0.3823051453
-248.7 -110.8 2404.0 -0.9912576079 0.0695248321 0.1121365875 0.0395699702 0.9674315453 -0.2500208020 -0.1258671284 -0.2433977872 -0.9617249966
-275.9 -489.6 2499.4 -0.9912576079 -0.0016879976 0.1319297850 0.0395699702 0.9500868320 0.3094660044 -0.1258671284 0.3119809926 -0.9417140484
-278.6 -209.2 2087.8 0 0 0 0 0 0 0 0 0
-10.1 474.9 2643.8 0 0 0 0 0 0 0 0 0
-413.9 -862.4 2230.0 0 0 0 0 0 0 0 0 0
-275.4 -784.5 2402.5 0 0 0 0 0 0 0 0 0
-248.7 482.3 2344.7 40 0.5032367110 0.0950406045 -0.8589063287 -0.0746365264 0.9949997067 0.0663699061 0.8609193563 0.0307060145 0.5078138709
-267.5 285.5 2338.6 0.5032367110 0.0950406045 -0.8589063287 -0.0746365264 0.9949997067 0.0663699061 0.8609193563 0.0307060145 0.5078138709
-284.6 90.5 2333.8 0.5040651560 0.0875107795 -0.8592206836 -0.0656017661 0.9958587885 0.0629417077 0.8611705303 0.0246396698 0.5077186227
-339.2 294.9 2216.0 0.1177702099 0.2335125804 -0.9651953578 0.9553730488 0.2385161668 0.1742766500 0.2709104717 -0.9426462054 -0.1950015277
-371.7 31.8 2141.4 -0.3492541313 0.2154646218 -0.9119191766 0.9152615666 0.2869886756 -0.2827256918 0.2007930726 -0.9333876371 -0.2974384725
-195.7 276.2 2461.2 -0.1033766568 -0.5054963827 -0.8566134572 0.3476400077 0.7885488272 -0.5072841644 0.9319118261 -0.3502344489 0.0942132175
-209.5 322.4 2585.0 0.7781380415 -0.5054963827 -0.3727929890 0.5920123458 0.7885488272 0.1664696932 0.2098156363 -0.3502344489 0.9128599167
-349.2 -101.2 2255.4 0.3471578956 0.0107915280 -0.9377446175 -0.0371437706 0.9993073940 -0.0022508248 0.9370708466 0.0356127620 0.3473182917
-353.4 -492.6 2241.5 0.3395991325 0.1605961472 -0.9267585278 -0.0862565711 0.9864810109 0.1393377036 0.9366067648 0.0326200500 0.3488605618
-252.4 -111.2 2407.6 -0.9927672744 0.0597584434 0.1041253433 0.0335843042 0.9709246755 -0.2370176911 -0.1152616739 -0.2318064272 -0.9659091830
-275.8 -491.4 2498.4 -0.9927672744 -0.0036075083 0.1200006008 0.0335843042 0.9512967467 0.3064418733 -0.1152616739 0.3082555830 -0.9442951083
-279.7 -209.1 2088.6 0 0 0 0 0 0 0 0 0
-10.3 473.9 2638.7 0 0 0 0 0 0 0 0 0
-413.9 -864.2 2229.2 0 0 0 0 0 0 0 0 0
-274.7 -781.2 2404.5 0 0 0 0 0 0 0 0 0
-248.1 484.2 2349.0 41 0.4703221917 0.1031280681 -0.8764483333 -0.0834012106 0.9938976169 0.0721928477 0.8785449862 0.0391429514 0.4760530889
-268.5 287.7 2341.2 0.4703221917 0.1031280681 -0.8764483333 -0.0834012106 0.9938976169 0.0721928477 0.8785449862 0.0391429514 0.4760530889
-287.2 92.9 2334.5 0.4711103737 0.0957852304 -0.8768581152 -0.0755208656 0.9948163629 0.0680954531 0.8788353801 0.0341406129 0.4759021103
-335.5 298.5 2216.1 0.1284089684 0.2686558664 -0.9546387792 0.9547006488 0.2270683050 0.1923191994 0.2684358656 -0.9360897541 -0.2273283154
-371.5 31.5 2141.1 -0.3531397581 0.2419523746 -0.9037429690 0.9132441878 0.2989198864 -0.2768247724 0.2031683475 -0.9230958223 -0.3265220821
-201.4 277.0 2466.3 -0.0641179755 -0.5149081349 -0.8548441529 0.3546220362 0.7889416814 -0.5018109679 0.9328086972 -0.3353216648 0.1320124269
-209.5 321.8 2584.1 0.7754508853 -0.5149081349 -0.3654388189 0.5954157114 0.7889416814 0.1518260688 0.2101334482 -0.3353216648 0.9183699489
-347.2 -98.6 2251.2 0.3120707870 0.0121166641 -0.9499815702 -0.0261742566 0.9996487498 0.0041518570 0.9496982098 0.0235693883 0.3122783303
-351.9 -490.1 2241.9 0.3026915491 0.1622817367 -0.9391711354 -0.0867834911 0.9859969616 0.1424028724 0.9491293430 0.0384004116 0.3125363290
-256.1 -110.5 2406.7 -0.9953850508 0.0497431569 0.0820625052 0.0287621841 0.9704942107 -0.2394028455 -0.0915498435 -0.2359377146 -0.9674461484
-275.6 -490.6 2499.1 -0.9953850508 -0.0013900336 0.0959515721 0.0287621841 0.9496036768 0.3121306896 -0.0915498435 0.3134499788 -0.9451813102
-278.5 -208.9 2087.6 0 0 0 0 0 0 0 0 0
-11.0 474.2 2637.9 0 0 0 0 0 0 0 0 0
-413.0 -861.5 2227.5 0 0 0 0 0 0 0 0 0
-275.2 -781.7 2403.0 0 0 0 0 0 0 0 0 0
-248.8 485.2 2350.6 42 0.4693891108 0.0948755294 -0.8778795600 -0.0802539587 0.9946796894 0.0645879358 0.8793367743 0.0401364379 0.4745059609
-267.6 288.4 2342.7 0.4693891108 0.0948755294 -0.8778795600 -0.0802539587 0.9946796894 0.0645879358 0.8793367743 0.0401364379 0.4745059609
-284.8 93.4 2335.9 0.4701366425 0.0878533646 -0.8782103062 -0.0721123368 0.9955303073 0.0609854311 0.8796427250 0.0346583128 0.4743705690
-334.5 298.7 2217.4 0.1309426576 0.2686624527 -0.9542926550 0.9531351328 0.2306992859 0.1957326978 0.2727406621 -0.9351996183 -0.2258632481
-371.3 31.2 2140.9 -0.3555732071 0.2411394864 -0.9030057788 0.9112749696 0.3041588068 -0.2776064873 0.2077152729 -0.9215959907 -0.3278951049
-200.6 278.1 2468.0 -0.0618302971 -0.5176942348 -0.8533285856 0.3536213636 0.7881421447 -0.5037696958 0.9333428741 -0.3329034746 0.1343366653
-208.4 322.3 2584.5 0.7748688459 -0.5176942348 -0.3627271056 0.5968809128 0.7881421447 0.1502171457 0.2081139535 -0.3329034746 0.9197085500
-348.4 -95.1 2248.5 0.3106280565 0.0075964564 -0.9505012035 -0.0169977993 0.9998525381 0.0024359182 0.9503795505 0.0153997643 0.3107113540
-351.4 -486.7 2242.4 0.2989379168 0.1614471376 -0.9405162930 -0.0942319259 0.9857617617 0.1392627805 0.9496085644 0.0469957441 0.3098950386
-263.4 -108.7 2407.1 -0.9966114759 0.0361412950 0.0738872662 0.0174329001 0.9706982374 -0.2396686673 -0.0803841725 -0.2375684679 -0.9680390358
-277.5 -488.9 2500.2 -0.9966114759 -0.0089013763 0.0817697197 0.0174329001 0.9486837387 0.3157455027 -0.0803841725 0.3161010742 -0.9453139901
-277.5 -209.1 2086.1 0 0 0 0 0 0 0 0 0
-9.9 475.1 2637.8 0 0 0 0 0 0 0 0 0
-412.2 -858.0 2224.7 0 0 0 0 0 0 0 0 0
-274.8 -780.7 2402.9 0 0 0 0 0 0 0 0 0
-248.4 483.3 2344.9 43 0.5006433129 0.0912302434 -0.8608329296 -0.0750441700 0.9952613115 0.0618326366 0.8623946905 0.0336443931 0.5051172376
-266.5 285.9 2338.3 0.5006433129 0.0912302434 -0.8608329296 -0.0750441700 0.9952613115 0.0618326366 0.8623946905 0.0336443931 0.5051172376
-282.0 90.8 2332.7 0.5015401840 0.0794086903 -0.8614822626 -0.0645762309 0.9964368939 0.0542532019 0.8627209067 0.0284211226 0.5048810244
-337.9 295.1 2215.4 0.1200749651 0.2339117676 -0.9648146629 0.9559816122 0.2348485440 0.1759128571 0.2677333951 -0.9434677958 -0.1954159290
-371.1 30.6 2141.4 -0.3568981588 0.2080252171 -0.9106861353 0.9087559581 0.3030540645 -0.2869160175 0.2163013667 -0.9299912453 -0.2972036004
-195.1 276.7 2461.1 -0.0767564699 -0.5091972947 -0.8572202325 0.3627896011 0.7865590453 -0.4997084439 0.9287045598 -0.3493464589 0.1243579909
-204.9 323.3 2580.4 0.7617517710 -0.5091972947 -0.4005650580 0.6008061767 0.7865590453 0.1426770389 0.2424173057 -0.3493464589 0.9050916433
-344.4 -95.0 2249.6 0.3440155685 0.0172300804 -0.9388058186 -0.0216052923 0.9997121692 0.0104308734 0.9387153387 0.0166947916 0.3442887962
-351.2 -486.6 2243.1 0.3320351243 0.1619005054 -0.9292690158 -0.1014575884 0.9855746031 0.1354586631 0.9377948046 0.0493043624 0.3436714113
-259.5 -108.1 2408.5 -0.9950097203 0.0444695167 0.0893201232 0.0226923395 0.9725868106 -0.2314301133 -0.0971631631 -0.2282483280 -0.9687424898
-276.9 -489.0 2497.9 -0.9950097203 -0.0086093294 0.0994057432 0.0226923395 0.9506372213 0.3094735444 -0.0971631631 0.3101849556 -0.9456979632
-277.0 -209.1 2084.3 0 0 0 0 0 0 0 0 0
-10.0 477.1 2642.5 0 0 0 0 0 0 0 0 0
-412.1 -857.8 2224.5 0 0 0 0 0 0 0 0 0
-274.2 -781.9 2402.4 0 0 0 0 0 0 0 0 0
-248.7 484.1 2348.1 44 0.4543327987 0.0851694942 -0.8867512941 -0.0646163300 0.9959478378 0.0625508577 0.8884854913 0.0288797114 0.4579951167
-265.5 287.4 2342.4 0.4543327987 0.0851694942 -0.8867512941 -0.0646163300 0.9959478378 0.0625508577 0.8884854913 0.0288797114 0.4579951167
-281.2 92.3 2337.5 0.4548249245 0.0800220519 -0.8869784474 -0.0586806387 0.9964834452 0.0598111786 0.8886455297 0.0248448476 0.4579212368
-330.2 295.7 2216.0 0.1470730156 0.2833820879 -0.9476624727 0.9517349005 0.2203902751 0.2136089504 0.2693885267 -0.9333395362 -0.2372911721
-371.1 30.6 2140.9 -0.3577534258 0.2469773293 -0.9005635381 0.9077965617 0.3180516064 -0.2734018862 0.2189016044 -0.9153389335 -0.3379892111
-200.8 279.1 2468.8 -0.0414249152 -0.5227637291 -0.8514705300 0.3619261384 0.7864744663 -0.5004671812 0.9312859178 -0.3289012611 0.1566222161
-205.7 322.4 2580.4 0.7625504136 -0.5227637291 -0.3810970783 0.6038910151 0.7864744663 0.1295129657 0.2320184261 -0.3289012611 0.9154186845
-342.8 -98.6 2249.2 0.2933392525 0.0178331323 -0.9558420777 -0.0280615315 0.9995558262 0.0100368699 0.9555965066 0.0238781851 0.2937093675
-349.8 -490.1 2239.8 0.2859150171 0.1707119346 -0.9429263473 -0.0726610050 0.9850329161 0.1563027650 0.9554961920 0.0238246676 0.2940397859
-252.2 -110.2 2405.0 -0.9919587374 0.0626695454 0.1099562868 0.0332208313 0.9672628045 -0.2515929341 -0.1221238449 -0.2459169775 -0.9615667462
-276.8 -489.0 2501.3 -0.9919587374 -0.0071289251 0.1263607293 0.0332208313 0.9487370253 0.3143157363 -0.1221238449 0.3159860671 -0.9408711791
-276.7 -209.0 2083.2 0 0 0 0 0 0 0 0 0
-10.5 477.1 2639.8 0 0 0 0 0 0 0 0 0
-414.1 -861.0 2230.8 0 0 0 0 0 0 0 0 0
-274.6 -782.4 2403.5 0 0 0 0 0 0 0 0 0
-247.5 484.6 2342.7 45 0.4851922095 0.0916804746 -0.8695879579 -0.0622521527 0.9955864549 0.0702304766 0.8721887469 0.0200584400 0.4887581170
-265.6 288.2 2338.7 0.4851922095 0.0916804746 -0.8695879579 -0.0622521527 0.9955864549 0.0702304766 0.8721887469 0.0200584400 0.4887581170
-281.8 93.1 2334.6 0.4854971170 0.0827079266 -0.8703171611 -0.0587695129 0.9963505268 0.0619011819 0.8722606897 0.0210952684 0.4885860085
-334.7 296.6 2214.6 0.1325583160 0.2515603900 -0.9587208629 0.9560620189 0.2227222025 0.1906311512 0.2614836693 -0.9418663383 -0.2109836638
-371.8 29.5 2141.6 -0.3610694408 0.2177960128 -0.9067490101 0.9061899781 0.3114513755 -0.2860379815 0.2201102823 -0.9249664545 -0.3098201454
-196.5 279.9 2462.9 -0.0539794937 -0.5678826571 -0.8213376403 0.2934674323 0.7771892548 -0.5566450357 0.9544438720 -0.2710832655 0.1247027814
-203.4 317.1 2583.9 0.7519260049 -0.5678826571 -0.3348381817 0.6238043904 0.7771892548 0.0827338472 0.2132495344 -0.2710832655 0.9386364818
-337.9 -97.6 2252.5 0.3261618316 0.0366618372 -0.9446027279 -0.0398764051 0.9988918304 0.0249999780 0.9444724917 0.0295133218 0.3272623420
-352.2 -488.8 2240.9 0.3205186427 0.1550455391 -0.9344670773 -0.0773391500 0.9875031114 0.1373181790 0.9440796971 0.0282578450 0.3285042644
-255.8 -108.2 2412.8 -0.9950914979 0.0503844135 0.0851723850 0.0289195236 0.9711696506 -0.2366288304 -0.0946392342 -0.2330041975 -0.9678597450
-275.5 -488.5 2504.1 -0.9950914979 -0.0037016519 0.0988899469 0.0289195236 0.9447990060 0.3263717890 -0.0946392342 0.3276296258 -0.9400543571
-276.7 -209.1 2083.6 0 0 0 0 0 0 0 0 0
-10.9 476.7 2638.5 0 0 0 0 0 0 0 0 0
-410.6 -860.7 2230.3 0 0 0 0 0 0 0 0 0
-274.4 -781.5 2402.5 0 0 0 0 0 0 0 0 0
-247.3 484.3 2340.0 46 0.4962979853 0.0978521109 -0.8626199961 -0.0615695231 0.9950928688 0.0774560124 0.8659662008 0.0146698412 0.4998872876
-266.6 288.0 2337.1 0.4962979853 0.0978521109 -0.8626199961 -0.0615695231 0.9950928688 0.0774560124 0.8659662008 0.0146698412 0.4998872876
-284.2 93.0 2334.4 0.4967409372 0.0898649842 -0.8632338643 -0.0568715818 0.9958575964 0.0709451884 0.8660335541 0.0138520990 0.4997940063
-337.3 296.1 2213.8 0.1231308207 0.2419711947 -0.9624389410 0.9573888779 0.2263326198 0.1793880612 0.2612380683 -0.9435165524 -0.2037920058
-371.7 28.7 2140.8 -0.3624893427 0.2114345282 -0.9076876640 0.9065862298 0.3058276176 -0.2908107340 0.2161085457 -0.9283129573 -0.3025428951
-195.8 279.9 2460.4 -0.0707903355 -0.5553600192 -0.8285915256 0.3010270596 0.7800521255 -0.5485448241 0.9509844780 -0.2882601619 0.1119582504
-205.2 319.5 2585.5 0.7630142570 -0.5553600192 -0.3307332695 0.6158151031 0.7800521255 0.1108624265 0.1964206398 -0.2882601619 0.9371899366
-341.8 -96.8 2251.7 0.3385973871 0.0255361088 -0.9405847788 -0.0342989154 0.9993022680 0.0147831114 0.9403060079 0.0272555146 0.3392370045
-351.8 -488.1 2241.1 0.3312395513 0.1590066254 -0.9300522804 -0.0825044736 0.9868037105 0.1393250376 0.9399326444 0.0305835158 0.3399871588
-254.2 -107.4 2409.2 -0.9944559336 0.0538504720 0.0903192610 0.0312580429 0.9714795947 -0.2350538671 -0.1004010811 -0.2309274971 -0.9677768946
-275.3 -487.8 2499.6 -0.9944559336 -0.0021148121 0.1051331013 0.0312580429 0.9486587048 0.3147532046 -0.1004010811 0.3162944317 -0.9433331490
-276.6 -209.3 2084.1 0 0 0 0 0 0 0 0 0
-9.8 477.1 2635.8 0 0 0 0 0 0 0 0 0
-411.7 -859.8 2229.6 0 0 0 0 0 0 0 0 0
-274.6 -779.8 2402.3 0 0 0 0 0 0 0 0 0
-247.6 485.1 2338.6 47 0.5086935759 0.1027744636 -0.8547913432 -0.0602096245 0.9946652651 0.0837607160 0.8588396907 0.0088581285 0.5121678114
-267.9 288.7 2336.9 0.5086935759 0.1027744636 -0.8547913432 -0.0602096245 0.9946652651 0.0837607160 0.8588396907 0.0088581285 0.5121678114
-286.5 93.7 2335.5 0.5092144608 0.0951387063 -0.8553649783 -0.0549716540 0.9954372048 0.0779927224 0.8588822484 0.0073058032 0.5121209621
-340.4 296.5 2214.5 0.1125762314 0.2304483652 -0.9665506482 0.9586768746 0.2305879295 0.1666367352 0.2612760663 -0.9453691244 -0.1949667931
-372.0 27.6 2141.2 -0.3645436764 0.2026059180 -0.9088777304 0.9060903192 0.3022512794 -0.2960481644 0.2147283554 -0.9314478040 -0.2937630713
-195.3 280.8 2459.2 -0.0803778544 -0.5467683077 -0.8334169388 0.3014339507 0.7836390734 -0.5431826711 0.9500931501 -0.2948800027 0.1018273011
-206.0 320.8 2585.2 0.7677507997 -0.5467683077 -0.3340705335 0.6097590327 0.7836390734 0.1187592372 0.1968569309 -0.2948800027 0.9350364208
-346.6 -96.9 2253.5 0.3522318006 0.0114647914 -0.9358425736 -0.0346552208 0.9993990064 -0.0008001031 0.9352709651 0.0327136554 0.3524174094
-351.1 -488.3 2240.7 0.3448593616 0.1627255827 -0.9244416952 -0.0818159580 0.9863211513 0.1430968493 0.9350818992 0.0262857899 0.3534556329
-256.9 -107.2 2409.9 -0.9960282445 0.0469308682 0.0756651834 0.0283665620 0.9727869630 -0.2299583703 -0.0843982473 -0.2268986702 -0.9702546000
-275.3 -488.2 2498.8 -0.9960282445 0.0005219770 0.0890362486 0.0283665620 0.9497365355 0.3117624223 -0.0843982473 0.3130498230 -0.9459792376
-276.7 -209.3 2085.1 0 0 0 0 0 0 0 0 0
-9.4 477.0 2635.7 0 0 0 0 0 0 0 0 0
-412.4 -859.8 2230.8 0 0 0 0 0 0 0 0 0
-275.4 -781.9 2402.0 0 0 0 0 0 0 0 0 0
-248.6 484.2 2338.5 48 0.5149440169 0.0996726751 -0.8514094353 -0.0662177801 0.9948745966 0.0764184147 0.8546624184 0.0170272384 0.5189048052
-268.3 287.9 2335.1 0.5149440169 0.0996726751 -0.8514094353 -0.0662177801 0.9948745966 0.0764184147 0.8546624184 0.0170272384 0.5189048052
-286.4 92.9 2332.2 0.5154950023 0.0926661491 -0.8518672585 -0.0605153851 0.9955902100 0.0716803297 0.8547530174 0.0146002239 0.5188295245
-341.8 296.5 2213.3 0.1057410091 0.2220761329 -0.9692786336 0.9603993893 0.2298808098 0.1574414670 0.2577825487 -0.9475426078 -0.1889739633
-371.4 27.2 2141.0 -0.3630243540 0.1963061541 -0.9108662009 0.9074610472 0.2963646054 -0.2977959812 0.2114893049 -0.9346827865 -0.2857277691
-194.8 279.2 2456.9 -0.0874413550 -0.5349338651 -0.8403568864 0.3171730936 0.7847366929 -0.5325312614 0.9443279505 -0.3131038547 0.1010481939
-206.4 321.2 2581.8 0.7667074203 -0.5349338651 -0.3549725115 0.6065644622 0.7847366929 0.1275456101 0.2103314847 -0.3131038547 0.9261353016
-351.1 -96.3 2256.4 0.3590681553 -0.0011065012 -0.9333106875 -0.0275166817 0.9995520115 -0.0117713958 0.9329056144 0.0299083460 0.3588768840
-350.7 -487.7 2244.7 0.3475622833 0.1661022156 -0.9228274822 -0.1018746272 0.9850478768 0.1389326453 0.9321062565 0.0457249619 0.3592870831
-259.1 -106.2 2411.6 -0.9968107343 0.0419262350 0.0679011941 0.0254041124 0.9733191729 -0.2280448228 -0.0756505951 -0.2255925536 -0.9712800980
-275.5 -487.5 2500.0 -0.9968107343 0.0002323138 0.0798017979 0.0254041124 0.9488967657 0.3145624399 -0.0756505951 0.3155865073 -0.9458763599
-276.8 -209.3 2085.9 0 0 0 0 0 0 0 0 0
-10.1 476.5 2635.7 0 0 0 0 0 0 0 0 0
-413.2 -858.7 2227.5 0 0 0 0 0 0 0 0 0
-275.6 -783.5 2401.5 0 0 0 0 0 0 0 0 0
-249.1 483.9 2337.9 49 0.5192303061 0.0970051438 -0.8491111994 -0.0640778914 0.9951596856 0.0745066404 0.8522287607 0.0157231446 0.5229330063
-268.2 287.4 2334.8 0.5192303061 0.0970051438 -0.8491111994 -0.0640778914 0.9951596856 0.0745066404 0.8522287607 0.0157231446 0.5229330063
-286.0 92.3 2332.2 0.5197513700 0.0909122601 -0.8494665623 -0.0585577898 0.9957743883 0.0707415864 0.8523083329 0.0129748508 0.5228787065
-342.3 295.7 2213.3 0.1042452008 0.2174056023 -0.9704986811 0.9601502419 0.2324306220 0.1552014202 0.2593152821 -0.9480035901 -0.1845122725
-371.4 27.2 2140.8 -0.3631511331 0.1938062459 -0.9113508463 0.9079606533 0.2931380272 -0.2994620204 0.2091139704 -0.9362207055 -0.2824218571
-194.1 279.0 2456.2 -0.0850481242 -0.5233249664 -0.8478784561 0.3306697011 0.7879081964 -0.5194787979 0.9399065971 -0.3245483935 0.1060375869
-205.3 322.3 2579.2 0.7634429932 -0.5233249664 -0.3785311282 0.6027061939 0.7879081964 0.1262770742 0.2321638465 -0.3245483935 0.9169341922
-351.2 -96.6 2252.1 0.3636174500 -0.0028610711 -0.9315439463 -0.0157128852 0.9998341799 -0.0092041558 0.9314158559 0.0179840364 0.3635121882
-350.1 -488.2 2245.1 0.3502956629 0.1691861153 -0.9212323427 -0.1012637019 0.9846267104 0.1423234046 0.9311490655 0.0434321240 0.3620428741
-258.0 -107.6 2406.6 -0.9959380627 0.0452628173 0.0778373480 0.0256174244 0.9711796641 -0.2369679660 -0.0863198861 -0.2340114266 -0.9683942795
-275.7 -488.0 2498.3 -0.9959380627 -0.0024231803 0.0900083557 0.0256174244 0.9507007003 0.3090500534 -0.0863198861 0.3101004958 -0.9467769265
-276.8 -209.3 2086.3 0 0 0 0 0 0 0 0 0
-9.8 476.6 2638.7 0 0 0 0 0 0 0 0 0
-413.8 -859.1 2228.7 0 0 0 0 0 0 0 0 0
-275.0 -783.0 2402.1 0 0 0 0 0 0 0 0 0
-247.5 483.9 2340.1 50 0.5109021068 0.0959829837 -0.8542636037 -0.0644092038 0.9952278137 0.0733007267 0.8572225571 0.0175729450 0.5146461725
-266.5 287.5 2336.6 0.5109021068 0.0959829837 -0.8542636037 -0.0644092038 0.9952278137 0.0733007267 0.8572225571 0.0175729450 0.5146461725
-283.8 92.5 2333.5 0.5113934875 0.0885126814 -0.8547760844 -0.0591055341 0.9959486723 0.0677696764 0.8573116064 0.0158650260 0.5145532489
-339.3 296.0 2214.4 0.1140161827 0.2264756411 -0.9673205614 0.9569421411 0.2365912795 0.1681852490 0.2669494748 -0.9448456764 -0.1897488534
-371.3 28.1 2139.7 -0.3611679375 0.2075969279 -0.9090991616 0.9112816453 0.2853659391 -0.2968704104 0.1977965534 -0.9356654286 -0.2922442853
-193.6 279.1 2458.8 -0.0563759208 -0.5779603720 -0.8141152263 0.2813846469 0.7731604576 -0.5683709383 0.9579375982 -0.2611219585 0.1190415397
-200.9 315.8 2583.6 0.7496259809 -0.5779603720 -0.3225254416 0.6294556856 0.7731604576 0.0775139555 0.2045639306 -0.2611219585 0.9433816671
-350.8 -97.4 2252.6 0.3543967009 -0.0004912396 -0.9350950122 -0.0209466256 0.9997447729 -0.0084638773 0.9348605275 0.0225866549 0.3542959690
-350.6 -489.0 2243.8 0.3432615399 0.1692337990 -0.9238676429 -0.0910143033 0.9849976301 0.1466153562 0.9348196983 0.0337577611 0.3535144925
-256.8 -108.0 2406.7 -0.9942438602 0.0482997261 0.0956360325 0.0254796986 0.9736042619 -0.2268160433 -0.1040668041 -0.2230736762 -0.9692307711
-275.8 -489.3 2494.1 -0.9942438602 -0.0067987596 0.1069246978 0.0254796986 0.9543487430 0.2976059020 -0.1040668041 0.2986172438 -0.9486821294
-277.1 -209.4 2088.2 0 0 0 0 0 0 0 0 0
-9.1 476.8 2636.0 0 0 0 0 0 0 0 0 0
-414.3 -860.0 2231.1 0 0 0 0 0 0 0 0 0
-273.7 -785.9 2401.3 0 0 0 0 0 0 0 0 0
-247.7 482.4 2339.2 51 0.5064969659 0.0988359302 -0.8565583825 -0.0649031550 0.9949604869 0.0764274746 0.8597955704 0.0168830585 0.5103592277
-267.2 286.0 2335.8 0.5064969659 0.0988359302 -0.8565583825 -0.0649031550 0.9949604869 0.0764274746 0.8597955704 0.0168830585 0.5103592277
-285.1 91.0 2332.5 0.5068533421 0.0912071094 -0.8571936488 -0.0611700341 0.9956856370 0.0697734728 0.8598592281 0.0170696490 0.5102457404
-339.5 294.7 2213.3 0.1130997911 0.2321107537 -0.9660916328 0.9564068317 0.2380560040 0.1691607237 0.2692479491 -0.9431086779 -0.1950682253
-370.9 28.9 2138.5 -0.3597098589 0.2141979635 -0.9081453681 0.9123790860 0.2845493257 -0.2942721248 0.1953796744 -0.9344254732 -0.2977849543
-195.0 277.2 2458.4 -0.0002342075 -0.6168781519 -0.7870586514 0.2683409452 0.7581537366 -0.5943030119 0.9633239508 -0.2113392502 0.1653560847
-195.0 311.9 2583.0 0.7271217704 -0.6168781519 -0.3012562096 0.6517496109 0.7581537366 0.0206232555 0.2156764865 -0.2113392502 0.9533202052
-347.4 -97.3 2252.9 0.3495501876 0.0083210561 -0.9368807077 -0.0265148450 0.9996479154 -0.0010141553 0.9365423918 0.0251957439 0.3496477604
-350.6 -488.8 2243.0 0.3390958309 0.1667541414 -0.9258548021 -0.0930397138 0.9852843285 0.1433819532 0.9361397624 0.0375210457 0.3496205509
-254.9 -107.9 2407.9 -0.9926770926 0.0546983182 0.1077046320 0.0290710647 0.9735776782 -0.2264980078 -0.1172478870 -0.2217082977 -0.9680384398
-276.3 -489.3 2494.7 -0.9926770926 -0.0073110852 0.1205767095 0.0290710647 0.9543718696 0.2972022891 -0.1172478870 0.2985312045 -0.9471705556
-277.0 -209.3 2087.5 0 0 0 0 0 0 0 0 0
-9.0 478.7 2638.1 0 0 0 0 0 0 0 0 0
-413.4 -859.9 2228.9 0 0 0 0 0 0 0 0 0
-274.0 -787.8 2401.3 0 0 0 0 0 0 0 0 0
-248.1 481.6 2338.2 52 0.4899688661 0.1011909172 -0.8658469319 -0.0621728264 0.9947670102 0.0810751095 0.8695200086 0.0141078709 0.4936961830
-268.1 285.5 2335.4 0.4899688661 0.1011909172 -0.8658469319 -0.0621728264 0.9947670102 0.0810751095 0.8695200086 0.0141078709 0.4936961830
-286.6 90.6 2332.9 0.4903774858 0.0945180207 -0.8663696051 -0.0580176115 0.9954367876 0.0757600293 0.8695768714 0.0131136850 0.4936234951
-337.9 293.8 2211.5 0.1209975332 0.2497979552 -0.9607083797 0.9578457475 0.2246597111 0.1790517420 0.2605592310 -0.9418752789 -0.2120846510
-371.4 29.1 2139.5 -0.3603456914 0.2239690423 -0.9055323601 0.9112020731 0.2922860980 -0.2903095484 0.1996541768 -0.9297347665 -0.3094050884
-198.2 277.3 2459.4 0.0329618417 -0.6168702245 -0.7863743901 0.2867714763 0.7595560551 -0.5838122368 0.9574317932 -0.2062662095 0.2019371390
-194.0 313.4 2580.1 0.7210925817 -0.6168702245 -0.3154309094 0.6504400373 0.7595560551 0.0015217208 0.2386487573 -0.2062662095 0.9489473104
-348.8 -98.5 2251.4 0.3317686915 0.0050420528 -0.9433472753 -0.0248241499 0.9996861219 -0.0033873059 0.9430341125 0.0245415978 0.3317897320
-350.8 -490.1 2241.8 0.3214755952 0.1656144857 -0.9323225021 -0.0904975981 0.9854531884 0.1438478231 0.9425835013 0.0381293818 0.3317868710
-257.2 -109.6 2406.9 -0.9939717650 0.0496295989 0.0977599099 0.0256540794 0.9722052813 -0.2327204198 -0.1065925211 -0.2288095951 -0.9676178098
-276.6 -490.4 2496.5 -0.9939717650 -0.0078640115 0.1093538031 0.0256540794 0.9530513287 0.3017200828 -0.1065925211 0.3027065992 -0.9471043944
-277.1 -209.3 2087.3 0 0 0 0 0 0 0 0 0
-9.5 479.9 2641.1 0 0 0 0 0 0 0 0 0
-413.1 -861.3 2227.5 0 0 0 0 0 0 0 0 0
-274.2 -786.6 2402.4 0 0 0 0 0 0 0 0 0
-248.5 479.8 2338.3 53 0.4943304360 0.0946489275 -0.8641058803 -0.0542566888 0.9954758883 0.0779996887 0.8675791621 0.0083259018 0.4972293675
-267.2 283.4 2336.6 0.4943304360 0.0946489275 -0.8641058803 -0.0542566888 0.9954758883 0.0779996887 0.8675791621 0.0083259018 0.4972293675
-284.4 88.3 2335.2 0.4947535992 0.0877729133 -0.8645893931 -0.0496368706 0.9961163402 0.0727212504 0.8676145673 0.0069364128 0.4971889257
-337.7 290.5 2213.0 0.1232030168 0.2449688911 -0.9616710544 0.9564016461 0.2292615771 0.1809283048 0.2647960484 -0.9420347214 -0.2060429156
-371.5 28.3 2140.4 -0.3618956804 0.2175160795 -0.9064867496 0.9083914757 0.3007287383 -0.2904946804 0.2094193548 -0.9285736084 -0.3064221740
-196.7 276.4 2460.2 0.0101784645 -0.6225974560 -0.7824760675 0.2710035741 0.7549480200 -0.5971688032 0.9625245333 -0.2059755325 0.1764103472
-195.4 311.3 2584.5 0.7248504162 -0.6225974560 -0.2948971093 0.6555522084 0.7549480200 0.0174589008 0.2117621005 -0.2059755325 0.9553695321
-349.4 -99.2 2251.7 0.3362378776 0.0047158129 -0.9417653084 -0.0322831944 0.9994574785 -0.0065213474 0.9412236214 0.0325959176 0.3362077177
-351.3 -490.7 2238.9 0.3304087818 0.1607342362 -0.9300508499 -0.0695660785 0.9868595600 0.1458381265 0.9412707686 0.0165137891 0.3372487128
-260.8 -109.6 2408.9 -0.9953929782 0.0396319702 0.0873050839 0.0186152291 0.9731279612 -0.2295113802 -0.0940550044 -0.2268288136 -0.9693824649
-276.3 -490.8 2497.7 -0.9953929782 -0.0112288510 0.0952196568 0.0186152291 0.9515874982 0.3068137765 -0.0940550044 0.3071728051 -0.9469944835
-276.9 -209.2 2085.6 0 0 0 0 0 0 0 0 0
-9.9 479.1 2638.7 0 0 0 0 0 0 0 0 0
-411.8 -862.3 2232.7 0 0 0 0 0 0 0 0 0
-272.9 -782.9 2403.4 0 0 0 0 0 0 0 0 0
-248.2 479.9 2338.3 54 0.4922236502 0.0966145843 -0.8650904298 -0.0527871586 0.9953053594 0.0811220631 0.8688667417 0.0057354704 0.4950128496
-267.3 283.3 2337.1 0.4922236502 0.0966145843 -0.8650904298 -0.0527871586 0.9953053594 0.0811220631 0.8688667417 0.0057354704 0.4950128496
-284.7 88.2 2336.2 0.4926463962 0.0890726224 -0.8656590581 -0.0482536815 0.9960135221 0.0750243738 0.8688907623 0.0048107472 0.4949805439
-337.5 290.2 2213.3 0.1227825880 0.2477506101 -0.9610120058 0.9564676285 0.2287846506 0.1811830699 0.2647530138 -0.9414229989 -0.2088746578
-371.1 28.2 2140.8 -0.3609317839 0.2199529409 -0.9062830210 0.9087151289 0.3014378548 -0.2887420654 0.2096783519 -0.9277693033 -0.3086730838
-197.1 276.4 2461.0 0.0092173209 -0.6149323583 -0.7885259986 0.2816397846 0.7582324743 -0.5880157351 0.9594759345 -0.2166603506 0.1801782697
