20.2 348.1 2937.0 0 -0.4416897893 -0.0494987220 -0.8958013058 -0.2941602468 0.9512716532 0.0924768001 0.8475729227 0.3043551743 -0.4347275198
30.0 160.0 2876.8 -0.4416897893 -0.0494987220 -0.8958013058 -0.2941602468 0.9512716532 0.0924768001 0.8475729227 0.3043551743 -0.4347275198
38.0 -26.0 2822.1 -0.4428061247 -0.0415791422 -0.8956527710 -0.2707523406 0.9584923387 0.0893621966 0.8547607660 0.2820702195 -0.4356839359
90.4 197.0 2760.1 -0.7757018209 -0.6283009052 0.0593683943 -0.4338315427 0.4625495076 -0.7731999755 0.4583414197 -0.6255285144 -0.6313772798
269.5 297.2 2654.3 -0.4757688940 -0.6283009052 0.6155338287 -0.8646219969 0.4625495076 -0.1961548924 -0.1614705771 -0.6255285144 -0.7633094788
-30.5 123.1 2993.5 0.0159005728 0.2802881002 -0.9597842097 -0.9995803237 0.0277019255 -0.0084700072 0.0242138281 0.9595161080 0.2806109488
-26.4 -134.5 2999.8 0.1480205357 0.2828669548 -0.9476688504 -0.9884479642 0.0107600316 -0.1511782706 -0.0325663909 0.9590988159 0.2811919749
84.8 -188.6 2695.3 -0.2698094845 0.3897254765 -0.8805208206 0.2110341489 0.9161353111 0.3408235908 0.9395038486 -0.0938625112 -0.3294273913
-66.4 -544.1 2731.8 -0.3246780038 0.1240496114 -0.9376544356 -0.0999385193 0.9813128114 0.1644308418 0.9405298829 0.1470948756 -0.3062133193
2.1 -237.1 2846.5 -0.4838409424 0.2995397449 0.8222979307 0.0102110207 0.9414698482 -0.3369425237 -0.8750963807 -0.1546300799 -0.4585802853
-114.0 -602.0 2906.5 -0.4838409424 -0.2905118465 0.8255305886 0.0102110207 0.9413572550 0.3372569680 -0.8750963807 0.1716082394 -0.4525007606
401.6 537.2 2699.2 0 0 0 0 0 0 0 0 0
12.2 -392.3 2991.3 0 0 0 0 0 0 0 0 0
-119.4 -963.4 2668.9 0 0 0 0 0 0 0 0 0
-2.1 -964.6 2840.4 0 0 0 0 0 0 0 0 0
27.7 332.6 2945.0 1 -0.3834802806 -0.0257693082 -0.9231894612 -0.3161167800 0.9428929090 0.1049912944 0.8677632213 0.3320977688 -0.3697269261
32.7 149.2 2880.4 -0.3834802806 -0.0257693082 -0.9231894612 -0.3161167800 0.9428929090 0.1049912944 0.8677632213 0.3320977688 -0.3697269261
37.3 -35.6 2821.5 -0.3841765225 -0.0243876912 -0.9229375124 -0.2898086011 0.9523110986 0.0954701677 0.8765953183 0.3041526377 -0.3729233444
85.1 188.8 2761.0 -0.7756097913 -0.6216464639 0.1094764173 -0.4617386460 0.4405126274 -0.7699000239 0.4303798974 -0.6476914883 -0.6287041306
273.1 300.7 2656.6 -0.4691121578 -0.6216464639 0.6272873878 -0.8715620637 0.4405126274 -0.2152398229 -0.1425249428 -0.6476914883 -0.7484533191
-19.7 109.6 2999.8 0.0186481662 0.3437601626 -0.9388722777 -0.9998237491 0.0084409025 -0.0167682376 0.0021606772 0.9390195608 0.3438569903
-14.8 -148.0 3000.4 0.1464541703 0.3463158309 -0.9266155958 -0.9872121215 -0.0084460964 -0.1591882855 -0.0629557073 0.9380799532 0.3406502306
85.7 -187.7 2690.9 -0.1990093589 0.3979080319 -0.8955805302 0.2089413553 0.9100756049 0.3579188287 0.9574647546 -0.1158946157 -0.2642530203
-68.7 -540.9 2735.8 -0.2520995736 0.1195717603 -0.9602856040 -0.1190262362 0.9809703231 0.1533947885 0.9603533745 0.1529699415 -0.2330700159
6.4 -236.3 2843.9 -0.4389768243 0.3071703911 0.8443611264 0.0075702681 0.9409780502 -0.3383829594 -0.8984664679 -0.1421502382 -0.4153929353
-112.8 -601.3 2899.1 -0.4389768243 -0.2882622182 0.8510019183 0.0075702681 0.9459177256 0.3243183196 -0.8984664679 0.1488105506 -0.4130537510
403.3 542.7 2696.2 0 0 0 0 0 0 0 0 0
23.3 -405.4 2984.0 0 0 0 0 0 0 0 0 0
-120.1 -962.7 2670.1 0 0 0 0 0 0 0 0 0
-3.4 -960.0 2842.6 0 0 0 0 0 0 0 0 0
25.3 339.4 2937.5 2 -0.3905983567 -0.0294696558 -0.9200893641 -0.2904931903 0.9523647428 0.0928174034 0.8735253811 0.3035340309 -0.3805528581
31.1 152.6 2877.9 -0.3905983567 -0.0294696558 -0.9200893641 -0.2904931903 0.9523647428 0.0928174034 0.8735253811 0.3035340309 -0.3805528581
35.7 -33.7 2824.1 -0.3913191557 -0.0244223308 -0.9199309349 -0.2649119794 0.9603223205 0.0871933103 0.8813007474 0.2778211236 -0.3822622895
84.5 188.8 2757.7 -0.7837436795 -0.6048250794 0.1411825716 -0.4644057155 0.4197520912 -0.7798304558 0.4123993218 -0.6767531633 -0.6098622680
273.6 300.8 2658.3 -0.4469217956 -0.6048250794 0.6591263413 -0.8822778463 0.4197520912 -0.2130586952 -0.1478064358 -0.6767531633 -0.7212200761
-22.3 116.4 2998.1 0.0166096613 0.3368247449 -0.9414208531 -0.9994212985 0.0335456170 -0.0056309095 0.0296839140 0.9409695864 0.3371869922
-18.0 -141.0 3005.8 0.1450870931 0.3393566608 -0.9294013381 -0.9888044000 0.0166308880 -0.1482878774 -0.0348657109 0.9405107498 0.3379702866
76.2 -194.4 2684.3 -0.2164533585 0.3709691167 -0.9030669332 0.2097726315 0.9210633039 0.3280820549 0.9534900784 -0.1184242517 -0.2771864235
-67.7 -551.8 2730.2 -0.2706539333 0.1245805249 -0.9545816779 -0.1104491353 0.9810246825 0.1593473554 0.9563197494 0.1485607028 -0.2517583668
7.5 -246.4 2840.9 -0.4053201377 0.2588660419 0.8767576218 0.0023008811 0.9593558311 -0.2821897864 -0.9141719341 -0.1123598963 -0.3894418776
-92.7 -618.0 2884.4 -0.4053201377 -0.2560722828 0.8775776625 0.0023008811 0.9596782327 0.2810914516 -0.9141719341 0.1159512326 -0.3883877397
397.9 546.3 2699.4 0 0 0 0 0 0 0 0 0
19.8 -398.8 2996.7 0 0 0 0 0 0 0 0 0
-119.8 -961.9 2668.1 0 0 0 0 0 0 0 0 0
-1.5 -960.0 2843.1 0 0 0 0 0 0 0 0 0
20.7 334.6 2933.7 3 -0.4261299372 -0.0437453575 -0.9036036730 -0.2902649641 0.9526319504 0.0907669738 0.8568310738 0.3009630144 -0.4186427295
29.3 148.9 2875.0 -0.4261299372 -0.0437453575 -0.9036036730 -0.2902649641 0.9526319504 0.0907669738 0.8568310738 0.3009630144 -0.4186427295
35.7 -37.8 2822.5 -0.4273861051 -0.0336563066 -0.9034425020 -0.2591928542 0.9619190693 0.0867800489 0.8661178946 0.2712544203 -0.4198343158
87.6 184.3 2756.9 -0.7763916850 -0.6089609861 0.1624268442 -0.4794215560 0.4033481777 -0.7794005275 0.4091099799 -0.6829910278 -0.6051052213
273.9 299.4 2658.7 -0.4347314239 -0.6089609861 0.6634569168 -0.8899318576 0.4033481777 -0.2129121125 -0.1379489601 -0.6829910278 -0.7172819376
-29.1 113.4 2993.2 0.0133835776 0.2983622551 -0.9543588758 -0.9992667437 0.0382325277 -0.0020606718 0.0358727276 0.9536866546 0.2986551523
-25.6 -144.0 3002.4 0.1443417668 0.3008765578 -0.9426763654 -0.9892501235 0.0213057529 -0.1446728855 -0.0234442502 0.9534250498 0.3007174730
75.4 -196.3 2691.4 -0.2562468946 0.3786368668 -0.8893658519 0.2115316838 0.9197505713 0.3306255937 0.9431818128 -0.1034072861 -0.3157769144
-71.5 -553.2 2731.6 -0.3104878366 0.1188796088 -0.9431145191 -0.1075901166 0.9813787341 0.1591231376 0.9444689751 0.1508755982 -0.2919158936
5.4 -243.8 2849.1 -0.3462215662 0.2735833228 0.8973755240 0.0097935712 0.9575363994 -0.2881460786 -0.9381016493 -0.0909738764 -0.3341991007
-100.7 -615.0 2884.3 -0.3462215662 -0.2717306018 0.8979382515 0.0097935712 0.9560353756 0.2930878699 -0.9381016493 0.1102673560 -0.3283388317
394.9 546.9 2697.1 0 0 0 0 0 0 0 0 0
12.0 -401.9 2996.3 0 0 0 0 0 0 0 0 0
-120.8 -959.9 2669.0 0 0 0 0 0 0 0 0 0
-1.2 -965.2 2844.0 0 0 0 0 0 0 0 0 0
16.4 340.1 2930.3 4 -0.4554418623 -0.0515883304 -0.8887695670 -0.2774032950 0.9568414688 0.0866132528 0.8459433317 0.2859949172 -0.4500964284
26.5 152.9 2874.4 -0.4554418623 -0.0515883304 -0.8887695670 -0.2774032950 0.9568414688 0.0866132528 0.8459433317 0.2859949172 -0.4500964284
34.0 -34.5 2824.6 -0.4569302201 -0.0392431542 -0.8886364698 -0.2459015250 0.9656659365 0.0837958604 0.8548375368 0.2568059266 -0.4508918822
88.9 186.5 2757.8 -0.7752519250 -0.6164051890 0.1379458457 -0.4760807157 0.4266811609 -0.7689540386 0.4151283801 -0.6618064642 -0.6242440343
273.0 299.6 2659.2 -0.4588267803 -0.6164051890 0.6399395466 -0.8776649833 0.4266811609 -0.2182826698 -0.1384995878 -0.6618064642 -0.7367700338
-35.9 119.3 2991.0 0.0085652173 0.2665543258 -0.9637818336 -0.9987156391 0.0504120961 0.0050668581 0.0499368571 0.9625006318 0.2666437626
-33.7 -138.0 3003.9 0.1414814889 0.2690154016 -0.9526876211 -0.9899276495 0.0334728397 -0.1375600249 -0.0051166075 0.9625540376 0.2710416019
80.4 -201.3 2692.4 -0.2866179943 0.3897181749 -0.8751970530 0.2256773710 0.9152815938 0.3336604834 0.9310852885 -0.1018790752 -0.3502867520
-70.8 -556.5 2732.0 -0.3444070518 0.1209348813 -0.9309986830 -0.0977714583 0.9816558957 0.1636840403 0.9337154627 0.1473990232 -0.3262652159
3.9 -247.7 2847.3 -0.4113250077 0.2749619484 0.8690268397 0.0077846153 0.9544397593 -0.2983021736 -0.9114555120 -0.1159341037 -0.3947254121
-102.7 -617.9 2892.3 -0.4113250077 -0.2771980166 0.8683161736 0.0077846153 0.9515320063 0.3074511290 -0.9114555120 0.1332218498 -0.3892310262
400.6 543.6 2697.7 0 0 0 0 0 0 0 0 0
3.2 -396.2 3002.5 0 0 0 0 0 0 0 0 0
-120.5 -959.9 2671.4 0 0 0 0 0 0 0 0 0
-2.8 -961.0 2844.3 0 0 0 0 0 0 0 0 0
14.0 345.2 2929.7 5 -0.4757598341 -0.0532242693 -0.8779634237 -0.2697518766 0.9588962197 0.0880453065 0.8371896148 0.2787207067 -0.4705616534
24.5 156.7 2874.9 -0.4757598341 -0.0532242693 -0.8779634237 -0.2697518766 0.9588962197 0.0880453065 0.8371896148 0.2787207067 -0.4705616534
32.4 -31.1 2826.6 -0.4773278236 -0.0408677533 -0.8777744174 -0.2376465499 0.9676975012 0.0841761604 0.8459800482 0.2487796992 -0.4716210365
89.7 189.2 2759.4 -0.7749537826 -0.6208063364 0.1185164303 -0.4676769078 0.4371401668 -0.7682361603 0.4251175523 -0.6507748961 -0.6291002035
272.5 299.6 2659.1 -0.4692130089 -0.6208063364 0.6280435324 -0.8721935153 0.4371401668 -0.2195153087 -0.1382665634 -0.6507748961 -0.7465751171
-40.7 124.3 2990.3 0.0031970812 0.2448040396 -0.9695672989 -0.9983443618 0.0564647391 0.0109646935 0.0574305654 0.9679270387 0.2445792705
-39.8 -132.9 3005.1 0.1374014020 0.2471937239 -0.9591746926 -0.9905011058 0.0395052284 -0.1317078024 0.0053350776 0.9681604505 0.2502737343
82.4 -199.9 2698.4 -0.3110088110 0.3932509422 -0.8652324677 0.2238817364 0.9150756598 0.3354302943 0.9236614704 -0.0893879682 -0.3726383150
-70.2 -555.1 2733.1 -0.3706842363 0.1230398044 -0.9205728769 -0.0983253196 0.9804168940 0.1706306487 0.9235395789 0.1537657231 -0.3513271809
0.7 -244.0 2851.3 -0.3693986833 0.2735269964 0.8881033659 0.0129778245 0.9571242929 -0.2893867493 -0.9291803837 -0.0953734294 -0.3571102321
-105.5 -615.3 2888.3 -0.3693986833 -0.2819399238 0.8854685426 0.0129778245 0.9512054920 0.3082851470 -0.9291803837 0.1253715754 -0.3477150798
403.0 542.1 2697.5 0 0 0 0 0 0 0 0 0
-4.0 -391.3 3006.5 0 0 0 0 0 0 0 0 0
-121.1 -960.9 2669.4 0 0 0 0 0 0 0 0 0
-3.6 -958.9 2843.0 0 0 0 0 0 0 0 0 0
21.6 345.1 2929.8 6 -0.4611990452 -0.0379496701 -0.8864848018 -0.2675986886 0.9585146308 0.0981866121 0.8459824920 0.2825057209 -0.4522213340
29.1 156.6 2874.3 -0.4611990452 -0.0379496701 -0.8864848018 -0.2675986886 0.9585146308 0.0981866121 0.8459824920 0.2825057209 -0.4522213340
34.4 -31.1 2825.2 -0.4622488320 -0.0278240070 -0.8863136172 -0.2368649989 0.9670642614 0.0931757838 0.8545296788 0.2530070841 -0.4536148608
92.2 188.9 2757.6 -0.7688455582 -0.6285422444 0.1175208241 -0.4725366533 0.4346708059 -0.7666618824 0.4307965040 -0.6449774504 -0.6312039495
274.4 300.9 2655.5 -0.4444721341 -0.6285422444 0.6382626295 -0.8812502027 0.4346708059 -0.1856323630 -0.1607563198 -0.6449774504 -0.7471020818
-34.0 124.2 2990.9 -0.0038478521 0.2646032870 -0.9643496871 -0.9985380769 0.0509781018 0.0179719031 0.0539161414 0.9630089998 0.2640202940
-35.0 -133.1 3004.8 0.1293652654 0.2668602467 -0.9550132155 -0.9915966392 0.0339837968 -0.1248247027 -0.0008557772 0.9631358981 0.2690140605
83.0 -197.6 2702.6 -0.2985303700 0.3931617439 -0.8696570992 0.2046143115 0.9163861275 0.3440486789 0.9322084785 -0.0752352998 -0.3540156186
-69.6 -553.3 2731.9 -0.3524301052 0.1191489547 -0.9282222390 -0.1028094664 0.9809290767 0.1649495363 0.9301737547 0.1535632163 -0.3334592879
-2.5 -240.2 2854.1 -0.4223450422 0.3112423420 0.8513242006 0.0147158289 0.9414309263 -0.3368846178 -0.9063156843 -0.1297536045 -0.4021888971
-123.1 -605.1 2904.4 -0.4223450422 -0.3167845011 0.8492774963 0.0147158289 0.9344225526 0.3558621705 -0.9063156843 0.1627944559 -0.3899869919
397.6 545.3 2700.1 0 0 0 0 0 0 0 0 0
-1.3 -391.7 3004.6 0 0 0 0 0 0 0 0 0
-119.5 -964.2 2667.5 0 0 0 0 0 0 0 0 0
-2.3 -961.5 2842.3 0 0 0 0 0 0 0 0 0
25.0 347.2 2918.9 7 -0.4727524519 -0.0382404625 -0.8803651333 -0.2343584448 0.9685335159 0.0837792829 0.8494593501 0.2459278703 -0.4668385684
32.5 156.4 2870.4 -0.4727524519 -0.0382404625 -0.8803651333 -0.2343584448 0.9685335159 0.0837792829 0.8494593501 0.2459278703 -0.4668385684
37.0 -32.7 2827.7 -0.4736904800 -0.0232635215 -0.8803840876 -0.2047140747 0.9751781821 0.0843779817 0.8565684557 0.2201960683 -0.4666949809
97.2 184.4 2753.5 -0.7593845129 -0.6377059221 0.1290981472 -0.5020280480 0.4480657578 -0.7397329807 0.4138876498 -0.6265527010 -0.6604004502
275.3 302.1 2656.5 -0.4589182138 -0.6377059221 0.6186479330 -0.8742910624 0.4480657578 -0.1866876036 -0.1581431627 -0.6265527010 -0.7631660700
-32.2 128.5 2987.4 -0.0122134928 0.2540742159 -0.9671075940 -0.9961183071 0.0812266916 0.0339193791 0.0871729851 0.9637678862 0.2520959079
-35.3 -128.0 3009.8 0.1217592210 0.2561956942 -0.9589256644 -0.9919857979 0.0642578378 -0.1087892875 0.0337471403 0.9644867778 0.2619664967
81.2 -197.6 2699.6 -0.3171113133 0.3892991543 -0.8648043871 0.2156345248 0.9175807834 0.3339868486 0.9235486984 -0.0805706680 -0.3749215901
-69.9 -553.8 2730.9 -0.3730780482 0.1162821352 -0.9204842448 -0.1000207290 0.9812923670 0.1645028889 0.9223928452 0.1534399241 -0.3544680178
-1.6 -240.1 2852.6 -0.3852522373 0.2932665944 0.8749716878 0.0098535353 0.9494120479 -0.3138784468 -0.9227586985 -0.1123008057 -0.3686528206
-115.3 -608.2 2896.2 -0.3852522373 -0.3047109842 0.8710522056 0.0098535353 0.9424993396 0.3340626657 -0.9227586985 0.1372813284 -0.3600974977
402.5 544.4 2700.3 0 0 0 0 0 0 0 0 0
-3.6 -386.7 3018.6 0 0 0 0 0 0 0 0 0
-118.7 -965.8 2666.5 0 0 0 0 0 0 0 0 0
-1.3 -960.8 2844.8 0 0 0 0 0 0 0 0 0
18.5 333.4 2924.4 8 -0.4832345545 -0.0528250560 -0.8738958240 -0.2627126575 0.9609270692 0.0871852338 0.8351445198 0.2717143893 -0.4782309830
28.9 144.2 2870.9 -0.4832345545 -0.0528250560 -0.8738958240 -0.2627126575 0.9609270692 0.0871852338 0.8351445198 0.2717143893 -0.4782309830
36.4 -43.8 2824.1 -0.4847967327 -0.0385561697 -0.8737766147 -0.2297105640 0.9695692658 0.0846670195 0.8439224958 0.2417620122 -0.4789007902
95.1 175.6 2755.7 -0.7423303723 -0.6593917608 0.1189456061 -0.5241525769 0.4609013498 -0.7161242962 0.4173842669 -0.5939464569 -0.6877630353
276.4 303.7 2653.8 -0.4572399259 -0.6593917608 0.5967697501 -0.8729812503 0.4609013498 -0.1596047878 -0.1698099077 -0.5939464569 -0.7863791585
-37.3 112.9 2986.1 -0.0012347545 0.2376562506 -0.9713485241 -0.9979138970 0.0624052659 0.0165369883 0.0645473823 0.9693425894 0.2370834202
-37.6 -144.1 3002.8 0.1335012615 0.2399759740 -0.9615554810 -0.9909579158 0.0454538763 -0.1262395084 0.0134119745 0.9697141051 0.2438742369
83.9 -203.6 2708.4 -0.3256147206 0.4033995271 -0.8551279902 0.2114090025 0.9125812054 0.3500025272 0.9215645790 -0.0668157786 -0.3824321926
-72.7 -557.8 2734.3 -0.3812703192 0.1107066050 -0.9178109765 -0.1088514552 0.9805216193 0.1634890586 0.9180328250 0.1622385830 -0.3617932498
-1.0 -240.3 2861.7 -0.3438231647 0.2918929756 0.8925155997 0.0214274507 0.9526522756 -0.3033058941 -0.9387899041 -0.0851592645 -0.3337984681
-114.2 -609.8 2894.7 -0.3438231647 -0.3017307818 0.8892379403 0.0214274507 0.9442030787 0.3286660910 -0.9387899041 0.1320571303 -0.3181735873
403.1 545.5 2700.8 0 0 0 0 0 0 0 0 0
-2.8 -402.5 3006.2 0 0 0 0 0 0 0 0 0
-118.8 -966.0 2666.8 0 0 0 0 0 0 0 0 0
-1.4 -962.7 2845.4 0 0 0 0 0 0 0 0 0
21.6 338.4 2928.2 9 -0.4580422938 -0.0367008075 -0.8881724477 -0.2590944767 0.9612770081 0.0938968360 0.8503336310 0.2731292844 -0.4498144984
28.8 149.4 2874.5 -0.4580422938 -0.0367008075 -0.8881724477 -0.2590944767 0.9612770081 0.0938968360 0.8503336310 0.2731292844 -0.4498144984
34.2 -38.8 2827.2 -0.4590435326 -0.0279488657 -0.8879740238 -0.2291936576 0.9693973660 0.0879713893 0.8583410382 0.2439007163 -0.4514013231
91.4 180.7 2757.3 -0.7544581294 -0.6497713327 0.0926830843 -0.4951155484 0.4707210362 -0.7302618027 0.4308753014 -0.5968407989 -0.6768512130
271.1 298.6 2654.7 -0.4759941399 -0.6497713327 0.5926439166 -0.8641476631 0.4707210362 -0.1779621542 -0.1633352488 -0.5968407989 -0.7855588198
-33.9 118.0 2991.7 -0.0024335191 0.2678816319 -0.9634487629 -0.9979817271 0.0604852922 0.0193383470 0.0634548664 0.9615513086 0.2671937943
-34.5 -139.0 3008.0 0.1305950284 0.2701581120 -0.9539179802 -0.9914021492 0.0435107052 -0.1234041303 0.0081670145 0.9618323445 0.2735176384
87.3 -211.4 2701.7 -0.2981105745 0.4152377546 -0.8594810367 0.2069319636 0.9071225524 0.3664803505 0.9318311214 -0.0686024353 -0.3563487828
-73.9 -563.5 2728.3 -0.3489260674 0.1139040738 -0.9302023649 -0.0949836373 0.9831764102 0.1560198814 0.9323243499 0.1427934170 -0.3322368860
0.5 -252.5 2852.7 -0.3481343985 0.2356976271 0.9073307514 0.0124930935 0.9689571261 -0.2469128668 -0.9373613596 -0.0746234953 -0.3402718902
-90.8 -627.9 2881.6 -0.3481343985 -0.2600425482 0.9006555080 0.0124930935 0.9593836665 0.2818278968 -0.9373613596 0.1093659550 -0.3307456970
403.0 537.9 2699.9 0 0 0 0 0 0 0 0 0
-0.5 -397.6 3010.1 0 0 0 0 0 0 0 0 0
-119.9 -960.5 2670.6 0 0 0 0 0 0 0 0 0
0.7 -965.7 2843.1 0 0 0 0 0 0 0 0 0
14.6 347.4 2929.6 0 -0.4622768760 -0.0547249950 -0.8850453496 -0.2702134550 0.9593175054 0.0818204135 0.8445618749 0.2769748569 -0.4582577348
25.3 158.5 2875.1 -0.4622768760 -0.0547249950 -0.8850453496 -0.2702134550 0.9593175054 0.0818204135 0.8445618749 0.2769748569 -0.4582577348
34.0 -29.3 2827.0 -0.4638383687 -0.0446721651 -0.8847928643 -0.2399398685 0.9677352309 0.0769247711 0.8528087735 0.2479777336 -0.4595913589
88.7 191.3 2758.6 -0.7692301869 -0.6318836808 0.0949101374 -0.4667907655 0.4542838633 -0.7587704062 0.4363384843 -0.6279723048 -0.6444063187
275.6 304.7 2652.5 -0.4465795159 -0.6318836808 0.6334744096 -0.8756065369 0.4542838633 -0.1641319692 -0.1840648800 -0.6279723048 -0.7561553717
-38.0 125.7 2991.5 0.0117795784 0.2576818168 -0.9661580324 -0.9981892705 0.0600283742 0.0038399217 0.0589863732 0.9643633366 0.2579223216
-35.0 -131.4 3006.7 0.1452419013 0.2602098286 -0.9545657039 -0.9893835187 0.0430742875 -0.1387977749 0.0050006895 0.9645907879 0.2637035251
80.7 -206.3 2703.1 -0.3101135194 0.3983457386 -0.8632208705 0.1981577575 0.9151259661 0.3511095941 0.9298188686 -0.0621700808 -0.3627282381
-73.9 -561.5 2727.2 -0.3597425520 0.1151115373 -0.9259236455 -0.0944468305 0.9827710390 0.1588736027 0.9282591939 0.1446041465 -0.3426726460
-1.5 -247.4 2856.7 -0.4461833537 0.2597137988 0.8564281464 0.0198632367 0.9596035480 -0.2806535959 -0.8947210908 -0.1082115322 -0.4333178997
-102.1 -619.2 2898.7 -0.4461833537 -0.2774710655 0.8508408666 0.0198632367 0.9474176764 0.3193824589 -0.8947210908 0.1594035923 -0.4172105491
400.0 548.5 2703.8 0 0 0 0 0 0 0 0 0
2.9 -389.5 3008.0 0 0 0 0 0 0 0 0 0
-120.8 -962.1 2668.3 0 0 0 0 0 0 0 0 0
-1.4 -963.1 2840.8 0 0 0 0 0 0 0 0 0
12.2 351.2 2907.8 1 -0.5238192081 -0.0547429807 -0.8500686288 -0.2170027494 0.9735839367 0.0710216984 0.8237252235 0.2216697633 -0.5218613148
23.0 158.8 2864.0 -0.5238192081 -0.0547429807 -0.8500686288 -0.2170027494 0.9735839367 0.0710216984 0.8237252235 0.2216697633 -0.5218613148
31.0 -31.0 2825.4 -0.5250989795 -0.0427952968 -0.8499644995 -0.1913822442 0.9790917039 0.0689371154 0.8292430043 0.1988669187 -0.5223102570
94.6 185.0 2751.1 -0.7683812380 -0.6195176244 0.1605869085 -0.4996776581 0.4239413142 -0.7553780675 0.3998906016 -0.6606600285 -0.6353076696
282.9 307.4 2653.1 -0.4122604728 -0.6195176244 0.6680113673 -0.8919279575 0.4239413142 -0.1572840363 -0.1857573837 -0.6606600285 -0.7273393273
-48.5 132.6 2976.8 -0.0129718538 0.1928103566 -0.9811502695 -0.9943520427 0.1008809581 0.0329709761 0.1053365245 0.9760364890 0.1904127449
-51.9 -123.2 3003.9 0.1238905713 0.1949481964 -0.9729574919 -0.9904528260 0.0840278864 -0.1092819348 0.0604512468 0.9772074819 0.2034972608
84.2 -195.6 2702.5 -0.3756271899 0.4081946313 -0.8320344687 0.2319011390 0.9106159210 0.3420533240 0.8972882032 -0.0644652098 -0.4367128909
-74.2 -549.1 2727.5 -0.4319019020 0.1087945327 -0.8953348398 -0.0822547451 0.9838098288 0.1592243612 0.8981619477 0.1424148530 -0.4159604907
1.1 -238.6 2855.2 -0.3556755483 0.2628837526 0.8968762755 0.0231019594 0.9618064165 -0.2727538943 -0.9343239069 -0.0762922913 -0.3481641710
-100.8 -611.5 2884.8 -0.3556755483 -0.2612477839 0.8973541856 0.0231019594 0.9573872089 0.2878820002 -0.9343239069 0.1231232285 -0.3344838917
398.1 556.8 2705.0 0 0 0 0 0 0 0 0 0
-19.6 -381.1 3019.6 0 0 0 0 0 0 0 0 0
-120.0 -962.8 2667.6 0 0 0 0 0 0 0 0 0
-5.6 -960.3 2839.9 0 0 0 0 0 0 0 0 0
41.4 336.7 2867.8 2 -0.7412206531 0.0098556643 -0.6711891294 -0.0983464494 0.9875081182 0.1231083274 0.6640180349 0.1572594941 -0.7309921384
39.5 143.3 2837.0 -0.7412206531 0.0098556643 -0.6711891294 -0.0983464494 0.9875081182 0.1231083274 0.6640180349 0.1572594941 -0.7309921384
36.2 -48.0 2808.9 -0.7411051989 0.0084365103 -0.6713359356 -0.0858607516 0.9905197024 0.1072315276 0.6658761501 0.1371112466 -0.7333549261
136.4 154.5 2750.1 -0.6236995459 -0.7782133222 0.0733679309 -0.6567445397 0.4708106518 -0.5890874267 0.4238932729 -0.4155975282 -0.8047317266
281.3 307.1 2651.7 -0.4395024478 -0.7782133222 0.4485773146 -0.8810129762 0.4708106518 -0.0464049913 -0.1750819832 -0.4155975282 -0.8925384879
-57.4 132.0 2923.9 -0.1455644965 -0.0628783777 -0.9873486161 -0.9814424515 0.1350929588 0.1360904872 0.1248266920 0.9888358116 -0.0813762471
-94.5 -118.4 2955.8 -0.0066663614 -0.0629958659 -0.9979915023 -0.9929099679 0.1188656613 -0.0008706975 0.1186817735 0.9909099340 -0.0633416250
86.5 -205.3 2713.2 -0.5899789333 0.4043127894 -0.6988962889 0.2902429998 0.9139326811 0.2837007344 0.7534479499 -0.0354723074 -0.6565499902
-69.9 -558.8 2727.0 -0.6642833948 0.1195562035 -0.7378576398 -0.0288166832 0.9822959304 0.1851061881 0.7469251156 0.1442255825 -0.6490776539
-12.3 -240.1 2854.7 -0.0960023478 0.1895296276 0.9771704674 -0.0181670785 0.9812076688 -0.1920975149 -0.9952152967 -0.0361941420 -0.0907550380
-85.0 -616.6 2868.6 -0.1121712700 -0.2239931673 0.9681139588 0.0508770123 0.9716902375 0.2307155132 -0.9923855662 0.0751344040 -0.0975996256
404.0 553.1 2700.6 0 0 0 0 0 0 0 0 0
-96.2 -374.5 2986.4 0 0 0 0 0 0 0 0 0
-119.5 -966.5 2667.1 0 0 0 0 0 0 0 0 0
-5.2 -962.7 2841.8 0 0 0 0 0 0 0 0 0
25.6 353.1 2875.9 3 -0.7952024341 -0.1113862246 -0.5960253477 -0.2366489917 0.9620376825 0.1359440684 0.5582565069 0.2491518557 -0.7913741469
51.5 129.2 2817.9 -0.7952024341 -0.1113862246 -0.5960253477 -0.2366489917 0.9620376825 0.1359440684 0.5582565069 0.2491518557 -0.7913741469
39.9 -62.8 2798.8 -0.8018391728 0.0534657203 -0.5951430798 -0.0124872345 0.9942721128 0.1061462834 0.5974093676 0.0925439447 -0.7965787053
158.1 130.7 2738.9 -0.5327458382 -0.8461785316 -0.0127965212 -0.7597264051 0.4848685563 -0.4332646728 0.3728238940 -0.2210980952 -0.9011759162
282.8 308.6 2651.7 -0.4559683204 -0.8461785316 0.2758165598 -0.8735051751 0.4848685563 0.0434879065 -0.1705333143 -0.2210980952 -0.9602259994
-55.1 127.7 2896.9 -0.2142870128 -0.1424738318 -0.9663240910 -0.9634292126 0.1937828660 0.1850739121 0.1608888656 0.9706438184 -0.1787886024
-109.9 -118.5 2938.1 -0.0743445903 -0.1437024921 -0.9868244529 -0.9828851819 0.1778142005 0.0481543094 0.1685515046 0.9735151529 -0.1544625759
96.8 -232.7 2724.0 -0.6527069211 0.4456439912 -0.6126785874 0.3292211592 0.8951925635 0.3004058599 0.6823394299 -0.0056297798 -0.7310138345
-75.7 -579.1 2726.2 -0.7410829663 0.1053550020 -0.6630960703 -0.0280647315 0.9818881750 0.1873712242 0.6708266735 0.1574672312 -0.7247038484
-32.8 -247.7 2834.7 -0.5644379854 0.1883757859 0.8036941886 -0.0308790933 0.9681138396 -0.2486002147 -0.8248977065 -0.1651367545 -0.5406233668
-104.9 -618.3 2898.0 -0.5644379854 -0.2732946575 0.7789222002 -0.0308790933 0.9499342442 0.3109201789 -0.8248977065 0.1514427662 -0.5446180701
410.2 552.5 2699.3 0 0 0 0 0 0 0 0 0
-129.1 -372.6 2981.6 0 0 0 0 0 0 0 0 0
-117.3 -967.5 2663.9 0 0 0 0 0 0 0 0 0
-5.3 -964.2 2842.8 0 0 0 0 0 0 0 0 0
53.2 330.0 2841.4 4 -0.8368169069 -0.0172303822 -0.5472116470 -0.0989552289 0.9878028035 0.1202225760 0.5384656787 0.1547537446 -0.8283151388
56.8 120.7 2808.6 -0.8368169069 -0.0172303822 -0.5472116470 -0.0989552289 0.9878028035 0.1202225760 0.5384656787 0.1547537446 -0.8283151388
41.8 -71.9 2795.3 -0.8332859874 0.0735263079 -0.5479310155 0.0254189651 0.9951638579 0.0948832184 0.5522575378 0.0651370138 -0.8311250210
169.0 117.1 2734.6 -0.4707272947 -0.8808537126 0.0501257330 -0.8083477616 0.4078198969 -0.4245666265 0.3535388112 -0.2403741330 -0.9040080905
280.8 309.2 2650.6 -0.4866711497 -0.8331531286 0.2626918554 -0.8636593223 0.5040742159 -0.0013212492 -0.1313153803 -0.2275192887 -0.9648788571
-55.3 124.2 2882.5 -0.2466274053 -0.1889924854 -0.9505034089 -0.9516474605 0.2325837463 0.2006786615 0.1831448823 0.9540370107 -0.2372157425
-118.6 -119.8 2929.5 -0.1065632477 -0.1907807440 -0.9758314490 -0.9741780758 0.2165040225 0.0640548989 0.1990509927 0.9574595094 -0.2089257836
98.4 -254.3 2728.0 -0.6816721559 0.4727241695 -0.5584397316 0.3636265993 0.8812057972 0.3020794690 0.6349005699 0.0028556297 -0.7725885510
-84.7 -595.7 2726.9 -0.7843896151 0.0836232230 -0.6146056652 -0.0412629023 0.9816405177 0.1862236857 0.6188944578 0.1714323312 -0.7665380836
-42.7 -256.4 2830.0 -0.6066960096 0.1456959397 0.7814682722 -0.0490555763 0.9743251204 -0.2197364122 -0.7934188843 -0.1716485769 -0.5839719176
-98.8 -631.7 2896.1 -0.6066960096 -0.2716331184 0.7470846176 -0.0490555763 0.9508092403 0.3058682382 -0.7934188843 0.1489203721 -0.5901772380
416.6 550.1 2687.3 0 0 0 0 0 0 0 0 0
-146.2 -372.6 2981.1 0 0 0 0 0 0 0 0 0
-116.5 -968.6 2661.8 0 0 0 0 0 0 0 0 0
-4.6 -961.4 2844.4 0 0 0 0 0 0 0 0 0
-3.1 342.9 2885.7 5 -0.8564255834 -0.2304205894 -0.4619973302 -0.3470290005 0.9194849133 0.1847115755 0.3822382390 0.3185181916 -0.8674330711
53.3 118.0 2807.8 -0.8564255834 -0.2304205894 -0.4619973302 -0.3470290005 0.9194849133 0.1847115755 0.3822382390 0.3185181916 -0.8674330711
40.5 -75.3 2800.9 -0.8903926611 0.0621188097 -0.4509347081 0.0398574583 0.9974792004 0.0587079078 0.4534448683 0.0342999808 -0.8906241059
173.3 112.8 2747.0 -0.4358091056 -0.8903971910 0.1313898116 -0.8066177964 0.3216251135 -0.4959082603 0.3992970586 -0.3221026957 -0.8583773971
278.1 306.8 2651.0 -0.5025495887 -0.8061053157 0.3124709129 -0.8597640395 0.5039551854 -0.0826736391 -0.0908276886 -0.3101988733 -0.9463228583
-66.7 123.1 2868.5 -0.2624117136 -0.2956604064 -0.9185450673 -0.9453364611 0.2697440684 0.1832405776 0.1935950965 0.9164186120 -0.3502825499
-134.2 -119.8 2918.3 -0.1250767708 -0.2977766097 -0.9464063048 -0.9660860896 0.2537502050 0.0478378721 0.2259057909 0.9202933908 -0.3194161057
100.4 -267.0 2733.5 -0.7325798869 0.4988595843 -0.4631045163 0.4143167138 0.8666016459 0.2781066298 0.5400632620 0.0118633797 -0.8415408134
-93.0 -602.9 2728.9 -0.8545456529 0.0614753775 -0.5157252550 -0.0379050449 0.9829403758 0.1799761057 0.5179913044 0.1733463705 -0.8376371861
-47.3 -262.4 2829.7 -0.5105535984 0.1299094409 0.8499756455 -0.0673324764 0.9794449210 -0.1901419014 -0.8572055697 -0.1543086022 -0.4913119972
-97.5 -641.1 2889.3 -0.5233111978 -0.2764662206 0.8060470223 -0.0252604354 0.9505245686 0.3096207082 -0.8517671824 0.1416668743 -0.5044037700
418.2 546.5 2676.3 0 0 0 0 0 0 0 0 0
-166.7 -371.0 2977.0 0 0 0 0 0 0 0 0 0
-115.8 -967.9 2664.5 0 0 0 0 0 0 0 0 0
-4.1 -962.4 2841.4 0 0 0 0 0 0 0 0 0
30.1 324.0 2845.5 6 -0.8949452043 -0.1058303267 -0.4334431887 -0.1736937612 0.9774646759 0.1199718714 0.4109787345 0.1826546341 -0.8931594491
52.8 113.8 2806.2 -0.8949452043 -0.1058303267 -0.4334431887 -0.1736937612 0.9774646759 0.1199718714 0.4109787345 0.1826546341 -0.8931594491
41.1 -79.7 2802.5 -0.9001675844 0.0585777164 -0.4315866232 0.0446456149 0.9981048107 0.0423510857 0.4332495034 0.0188546255 -0.9010767937
175.0 107.9 2747.6 -0.4192160070 -0.8943536282 0.1561715007 -0.8139918447 0.2940742373 -0.5009367466 0.4020885825 -0.3371230364 -0.8512771726
273.8 299.8 2652.9 -0.5095952153 -0.7999047041 0.3169625103 -0.8578366637 0.5008314252 -0.1152567342 -0.0665503740 -0.3306363523 -0.9414088726
-69.3 119.8 2864.8 -0.2633271217 -0.3158021271 -0.9115524292 -0.9424676299 0.2859321237 0.1731982827 0.2059457302 0.9047164321 -0.3729269505
-137.1 -122.8 2917.8 -0.1258106083 -0.3179662824 -0.9397175908 -0.9621943831 0.2697639763 0.0375415012 0.2415650040 0.9089140892 -0.3398845494
106.5 -272.0 2754.2 -0.7574296594 0.5059286952 -0.4127183855 0.4001279473 0.8591845632 0.3189036250 0.5159437656 0.0764069036 -0.8532080650
-89.4 -604.6 2724.6 -0.8580089808 0.0921760201 -0.5052961111 0.0231612884 0.9897081256 0.1412137598 0.5131122470 0.1094593629 -0.8513134122
-51.2 -265.2 2833.5 -0.4916585386 0.1139380932 0.8633018136 -0.0840236098 0.9805694222 -0.1772672385 -0.8667248487 -0.1596926898 -0.4725318253
-95.4 -645.0 2895.3 -0.5158623457 -0.2689189315 0.8133686781 -0.0048456308 0.9503530264 0.3111359775 -0.8566578031 0.1565620452 -0.4915544391
415.9 539.0 2671.4 0 0 0 0 0 0 0 0 0
-169.8 -373.3 2980.7 0 0 0 0 0 0 0 0 0
-123.6 -972.1 2683.9 0 0 0 0 0 0 0 0 0
-5.4 -963.1 2842.9 0 0 0 0 0 0 0 0 0
51.1 318.4 2822.8 7 -0.8929563165 -0.0237633958 -0.4495156705 -0.0645890385 0.9950363040 0.0757031366 0.4454854727 0.0966333821 -0.8900588155
56.0 115.6 2803.1 -0.8929563165 -0.0237633958 -0.4495156705 -0.0645890385 0.9950363040 0.0757031366 0.4454854727 0.0966333821 -0.8900588155
43.6 -78.0 2801.2 -0.8906822801 0.0627675131 -0.4502725303 0.0516087003 0.9979805946 0.0370304845 0.4516875446 0.0097444169 -0.8921229839
177.2 108.6 2741.7 -0.4108375013 -0.8988133073 0.1527977288 -0.8278651834 0.2975753546 -0.4754872322 0.3819054365 -0.3218438923 -0.8663514256
271.5 298.7 2654.1 -0.5075350404 -0.8010480404 0.3173802197 -0.8543329835 0.5156932473 -0.0646191686 -0.1119077653 -0.3039448857 -0.9460941553
-65.3 122.6 2864.5 -0.2618815601 -0.2954006791 -0.9187799096 -0.9397011399 0.2950174510 0.1729925126 0.2199539989 0.9086821079 -0.3548479974
-132.7 -119.3 2921.1 -0.1232714504 -0.2975405753 -0.9467173815 -0.9596415758 0.2787344158 0.0373518132 0.2527690530 0.9131137729 -0.3198922873
109.4 -277.2 2760.3 -0.7492449284 0.5187411904 -0.4117518663 0.3999184668 0.8499268889 0.3430590332 0.5279178619 0.0923680812 -0.8442575932
-91.6 -606.6 2724.5 -0.8565464020 0.0733228326 -0.5108346343 -0.0099282153 0.9873308539 0.1583641022 0.5159745216 0.1407178789 -0.8449667096
-50.9 -269.4 2836.9 -0.5041124821 0.1142829731 0.8560432196 -0.0374100320 0.9873861074 -0.1538477093 -0.8628273606 -0.1095811501 -0.4934783578
-95.2 -651.8 2879.4 -0.5007731915 -0.2794603705 0.8192241192 -0.0489387102 0.9540740848 0.2955463529 -0.8641939759 0.1079099178 -0.4914511442
413.0 536.8 2685.3 0 0 0 0 0 0 0 0 0
-164.8 -369.5 2987.0 0 0 0 0 0 0 0 0 0
-118.9 -974.3 2672.1 0 0 0 0 0 0 0 0 0
-3.5 -964.6 2844.0 0 0 0 0 0 0 0 0 0
59.6 314.6 2813.4 8 -0.9060932398 0.0215444304 -0.4225291908 -0.0000791169 0.9986939430 0.0510922745 0.4230781198 0.0463277921 -0.9049080610
55.3 115.5 2804.2 -0.9060932398 0.0215444304 -0.4225291908 -0.0000791169 0.9986939430 0.0510922745 0.4230781198 0.0463277921 -0.9049080610
42.5 -78.1 2803.9 -0.9035311937 0.0655633137 -0.4234770834 0.0586433448 0.9978469610 0.0293665491 0.4244906902 0.0016994796 -0.9054307342
178.5 107.6 2746.4 -0.4138091207 -0.8937464356 0.1731453091 -0.8224303126 0.2854635417 -0.4920558035 0.3903464377 -0.3460171223 -0.8531715870
276.0 301.4 2654.4 -0.4883370101 -0.8047025800 0.3376102448 -0.8666718602 0.4924494326 -0.0798335075 -0.1020137519 -0.3315829635 -0.9378944039
-67.9 123.5 2862.0 -0.2711017728 -0.3212246895 -0.9073690176 -0.9366462231 0.3052625954 0.1717807800 0.2218055874 0.8964537978 -0.3836311400
-137.7 -117.8 2919.2 -0.1334146410 -0.3235484064 -0.9367587566 -0.9566414356 0.2889804542 0.0364350006 0.2589164972 0.9010031819 -0.3480740190
110.8 -276.2 2759.0 -0.7578278780 0.5185298324 -0.3960097730 0.4163287580 0.8516368270 0.3184103072 0.5023617148 0.0764299333 -0.8612729907
-90.4 -606.5 2729.3 -0.8781121969 0.0711300969 -0.4731378853 -0.0170442387 0.9836092591 0.1795057654 0.4781510830 0.1656904817 -0.8625069261
-48.3 -267.0 2839.4 -0.4759053886 0.1275460571 0.8701988459 -0.0248285551 0.9870857596 -0.1582568586 -0.8791459799 -0.0969210714 -0.4665926397
-97.8 -649.7 2877.0 -0.4676387906 -0.2866496742 0.8361494541 -0.0530242957 0.9533501267 0.2971732914 -0.8823277950 0.0946335196 -0.4610229135
412.2 543.1 2682.9 0 0 0 0 0 0 0 0 0
-172.5 -367.2 2986.7 0 0 0 0 0 0 0 0 0
-116.8 -972.3 2667.7 0 0 0 0 0 0 0 0 0
-1.6 -969.5 2845.2 0 0 0 0 0 0 0 0 0
64.3 311.7 2807.7 9 -0.9099071026 0.0453384370 -0.4123268723 0.0324390382 0.9987421632 0.0382339805 0.4135416746 0.0214138832 -0.9102333188
55.3 114.5 2803.5 -0.9099071026 0.0453384370 -0.4123268723 0.0324390382 0.9987421632 0.0382339805 0.4135416746 0.0214138832 -0.9102333188
42.2 -79.2 2803.7 -0.9082395434 0.0675177798 -0.4129676521 0.0619390868 0.9977173805 0.0268983282 0.4138411283 -0.0011487139 -0.9103484154
179.3 106.0 2747.0 -0.4263094068 -0.8854846954 0.1848704964 -0.8210707307 0.2930214405 -0.4898788631 0.3796092272 -0.3606317043 -0.8519634008
284.8 309.3 2653.0 -0.4501970410 -0.8195835948 0.3544085324 -0.8874481320 0.4545909166 -0.0760457292 -0.0987850651 -0.3487547338 -0.9319933653
-68.6 122.9 2859.9 -0.2753959894 -0.3308422565 -0.9026075602 -0.9352583289 0.3093929887 0.1719530374 0.2223711461 0.8915264010 -0.3946285546
-139.6 -118.0 2917.2 -0.1380450428 -0.3332524002 -0.9326770306 -0.9553799629 0.2930932939 0.0366808996 0.2611373663 0.8961245418 -0.3588427305
110.4 -277.0 2765.6 -0.7648775578 0.5209760070 -0.3788750470 0.4161185622 0.8485684395 0.3267674446 0.4917393923 0.0922801644 -0.8658387661
-91.8 -606.2 2729.8 -0.8871744275 0.0630417615 -0.4571075439 -0.0267089084 0.9819467068 0.1872625202 0.4606606364 0.1783433557 -0.8694742322
-51.2 -266.5 2841.4 -0.4666667283 0.1165972948 0.8767138720 -0.0340032615 0.9881737828 -0.1495203674 -0.8837793469 -0.0995873138 -0.4571831524
-96.4 -649.9 2880.0 -0.4674129784 -0.2837433517 0.8372662663 -0.0315054841 0.9518367648 0.3049821854 -0.8834775090 0.1161741465 -0.4538403451
410.8 557.6 2680.7 0 0 0 0 0 0 0 0 0
-175.6 -367.2 2985.3 0 0 0 0 0 0 0 0 0
-115.2 -971.2 2663.5 0 0 0 0 0 0 0 0 0
-2.3 -965.7 2841.4 0 0 0 0 0 0 0 0 0
67.4 308.8 2804.4 0 -0.9104387760 0.0581151098 -0.4095410109 0.0489737540 0.9982618690 0.0327842459 0.4107344449 0.0097912885 -0.9117024541
56.0 112.6 2802.5 -0.9104387760 0.0581151098 -0.4095410109 0.0489737540 0.9982618690 0.0327842459 0.4107344449 0.0097912885 -0.9117024541
42.5 -81.0 2802.7 -0.9094946980 0.0692489445 -0.4099073410 0.0637685806 0.9975982308 0.0270437635 0.4107955992 -0.0015430513 -0.9117261767
180.2 103.9 2746.4 -0.4129550755 -0.8894028068 0.1960375905 -0.8344792128 0.2832741141 -0.4726523459 0.3648459613 -0.3587734699 -0.8591676354
284.9 315.5 2653.8 -0.4428541064 -0.8283398747 0.3431229293 -0.8944272399 0.4347407520 -0.1048827693 -0.0622909404 -0.3533462584 -0.9334164262
-68.2 121.3 2858.5 -0.2776938677 -0.3332104981 -0.9010310173 -0.9346145988 0.3106639683 0.1731574535 0.2222199887 0.8902014494 -0.3976928592
-139.8 -119.5 2915.8 -0.1404285133 -0.3356652856 -0.9314551353 -0.9549463391 0.2943490744 0.0378965549 0.2614523768 0.8948113918 -0.3618773222
110.3 -278.3 2766.9 -0.7651669383 0.5204368830 -0.3790317178 0.4187428653 0.8494635820 0.3210390210 0.4890541732 0.0869316161 -0.8679106832
-91.7 -608.0 2733.1 -0.8909938335 0.0615237467 -0.4498274922 -0.0311453007 0.9801592827 0.1957491338 0.4529458284 0.1884212941 -0.8713997602
-52.3 -267.3 2840.9 -0.4635451436 0.1146408245 0.8786258698 -0.0315936357 0.9888260365 -0.1456876248 -0.8855099082 -0.0952917784 -0.4547435939
-96.8 -651.0 2877.8 -0.4612641335 -0.2873853147 0.8394314051 -0.0391979255 0.9517676830 0.3043053746 -0.8863965869 0.1074611768 -0.4502812028
408.8 565.7 2671.3 0 0 0 0 0 0 0 0 0
-176.4 -368.6 2984.0 0 0 0 0 0 0 0 0 0
-114.5 -970.6 2663.4 0 0 0 0 0 0 0 0 0
-1.2 -967.5 2842.1 0 0 0 0 0 0 0 0 0
38.6 344.0 2844.2 1 -0.9065997601 -0.0758040547 -0.4151272476 -0.1425033659 0.9809408784 0.1320901364 0.3972023427 0.1789099127 -0.9001230597
56.6 111.1 2801.7 -0.9065997601 -0.0758040547 -0.4151272476 -0.1425033659 0.9809408784 0.1320901364 0.3972023427 0.1789099127 -0.9001230597
43.0 -82.6 2802.1 -0.9072446823 0.0696328655 -0.4147991240 0.0642717853 0.9975700974 0.0268887561 0.4156635404 -0.0022651972 -0.9095156193
180.5 102.3 2744.9 -0.4177838564 -0.8868710399 0.1972724795 -0.8379895091 0.2922519743 -0.4608279169 0.3510416746 -0.3578387201 -0.8652867675
288.4 318.9 2654.2 -0.4306138158 -0.8324503899 0.3487091660 -0.8990443349 0.4295925200 -0.0846734717 -0.0793163851 -0.3499665558 -0.9333982468
-67.4 119.8 2858.5 -0.2768282890 -0.3282698393 -0.9031085372 -0.9344149232 0.3111760020 0.1733155698 0.2241314203 0.8918567300 -0.3928825557
-138.7 -120.9 2916.2 -0.1393233985 -0.3307067752 -0.9333927631 -0.9547851086 0.2948520184 0.0380486697 0.2626297772 0.8964905739 -0.3568336964
110.5 -280.4 2766.3 -0.7628616691 0.5194407105 -0.3849979043 0.4183931053 0.8505691886 0.3185581565 0.4929394424 0.0819353312 -0.8661970496
-91.2 -610.6 2734.5 -0.8909865618 0.0644724891 -0.4494288564 -0.0325979106 0.9782282114 0.2049559355 0.4528580010 0.1972634196 -0.8694865108
-52.4 -269.0 2839.8 -0.4701775908 0.1217957959 0.8741274476 -0.0472533517 0.9855375290 -0.1627357602 -0.8813059330 -0.1178201586 -0.4576223791
-99.7 -651.4 2885.5 -0.4763924181 -0.2961858809 0.8278430700 -0.0277305972 0.9461447597 0.3225539625 -0.8787953854 0.1307056844 -0.4589496255
409.3 571.2 2676.5 0 0 0 0 0 0 0 0 0
-175.0 -370.0 2984.7 0 0 0 0 0 0 0 0 0
-114.8 -969.7 2662.0 0 0 0 0 0 0 0 0 0
0.4 -971.0 2841.4 0 0 0 0 0 0 0 0 0
26.0 346.4 2864.6 2 -0.8498349786 -0.0677675903 -0.5226739049 -0.1607652009 0.9777687788 0.1346209645 0.5019313097 0.1984333843 -0.8418367505
40.8 132.7 2821.2 -0.8498349786 -0.0677675903 -0.5226739049 -0.1607652009 0.9777687788 0.1346209645 0.5019313097 0.1984333843 -0.8418367505
38.9 -59.0 2801.8 -0.8535255790 0.0034297351 -0.5210396051 -0.0475848354 0.9952865243 0.0845011473 0.5188735127 0.0969174802 -0.8493393064
156.1 139.6 2751.6 -0.5658625364 -0.8065683246 0.1710179448 -0.7286942005 0.3921899199 -0.5614194870 0.3857516348 -0.4423060417 -0.8096672297
296.4 320.3 2656.0 -0.4030084610 -0.8065683246 0.4324716628 -0.9122046232 0.3921899199 -0.1186163574 -0.0739388317 -0.4423060417 -0.8938111663
-74.5 125.9 2890.8 -0.1913019866 -0.2401158661 -0.9517078996 -0.9704997540 0.1912355423 0.1468306035 0.1467440128 0.9517212510 -0.2696161270
-123.4 -122.4 2928.3 -0.0495033972 -0.2409715205 -0.9692688584 -0.9845621586 0.1749030203 0.0068015438 0.1678890735 0.9546421766 -0.2459097505
111.5 -265.3 2752.5 -0.6901615262 0.5036090016 -0.5196682215 0.3685865998 0.8626213670 0.3464510441 0.6227527857 0.0475644208 -0.7809715867
-90.9 -612.1 2733.4 -0.7991034985 0.0648065656 -0.5976903439 -0.0663551912 0.9785913229 0.1948229671 0.5975204110 0.1953435689 -0.7776954770
-51.8 -270.5 2839.8 -0.5712308884 0.1121677309 0.8130889535 -0.0416387953 0.9853825569 -0.1651891619 -0.8197325468 -0.1282171905 -0.5582104325
-95.3 -652.9 2889.5 -0.5706718564 -0.2813020945 0.7714938521 -0.0435277894 0.9485377073 0.3136584163 -0.8200237751 0.1454145908 -0.5535482168
409.2 575.6 2676.7 0 0 0 0 0 0 0 0 0
-136.2 -376.9 2971.7 0 0 0 0 0 0 0 0 0
-114.7 -971.0 2661.7 0 0 0 0 0 0 0 0 0
-2.2 -966.9 2841.4 0 0 0 0 0 0 0 0 0
22.9 346.8 2876.8 3 -0.7969619632 -0.0598237365 -0.6010596752 -0.1755469143 0.9750719070 0.1357132494 0.5779575706 0.2136724740 -0.7875970602
35.4 143.9 2832.3 -0.7969619632 -0.0598237365 -0.6010596752 -0.1755469143 0.9750719070 0.1357132494 0.5779575706 0.2136724740 -0.7875970602
38.2 -46.9 2802.4 -0.7997552752 -0.0202637110 -0.5999840498 -0.1070700809 0.9882205129 0.1093443185 0.5907008648 0.1516890377 -0.7925042510
143.4 158.8 2752.8 -0.6246618032 -0.7692012787 0.1346366107 -0.6584247947 0.4261081219 -0.6204100847 0.4198504984 -0.4761945903 -0.7726346254
293.7 317.2 2651.9 -0.4486389458 -0.7692012787 0.4550302327 -0.8907762170 0.4261081219 -0.1579543650 -0.0723933727 -0.4761945903 -0.8763548732
-72.6 129.0 2911.8 -0.1437504292 -0.1570809186 -0.9770677686 -0.9835940599 0.1314147562 0.1235833615 0.1089885309 0.9788032174 -0.1733947843
