32.2 347.9 2862.1 0 -0.1638620049 0.0147572951 -0.9863728881 -0.2421283126 0.9687001705 0.0547166541 0.9563070536 0.2477947772 -0.1551599801
29.3 158.9 2813.8 -0.1638620049 0.0147572951 -0.9863728881 -0.2421283126 0.9687001705 0.0547166541 0.9563070536 0.2477947772 -0.1551599801
25.8 -30.5 2771.7 -0.1633369476 0.0178662222 -0.9864085317 -0.2108280659 0.9761074781 0.0525901429 0.9637803435 0.2165525258 -0.1556677222
51.6 187.7 2682.1 -0.7208138108 -0.5963869095 -0.3531998098 0.0541804619 0.4595335722 -0.8865062594 0.6910079122 -0.6581424475 -0.2989256084
256.5 172.3 2485.7 -0.6069695950 -0.5963869095 0.5252718925 -0.7947100997 0.4595335722 -0.3965661526 -0.0048731845 -0.6581424475 -0.7528776526
7.0 130.1 2945.4 0.0492571220 0.5501967669 -0.8335809708 -0.9951137304 0.0985384136 0.0062370403 0.0855713487 0.8292006254 0.5523620844
19.7 -126.3 2967.5 0.1583995670 0.5529969335 -0.8179877400 -0.9873387814 0.0816042498 -0.1360254288 -0.0084703676 0.8291773796 0.5589213967
32.9 -201.8 2643.3 -0.8854037523 0.2983415425 0.3564442396 0.2122137100 0.9417060614 -0.2610653043 -0.4135523140 -0.1555058360 -0.8971022367
-82.9 -567.4 2703.7 -0.8975864053 0.0987989828 0.4296247065 0.1254125535 0.9915218949 0.0340000205 -0.4226231575 0.0843982920 -0.9023672342
1.8 -239.4 2815.7 -0.7782697678 0.1089964211 0.6183978915 0.0361938663 0.9909690619 -0.1291134506 -0.6268861294 -0.0781028867 -0.7751862407
-40.5 -623.8 2846.0 -0.7800596952 0.0540030859 0.6233702898 0.0086467760 0.9971038103 -0.0755597129 -0.6256453395 -0.0535509400 -0.7782674432
421.9 389.0 2487.0 0 0 0 0 0 0 0 0 0
61.0 -383.8 2965.3 0 0 0 0 0 0 0 0 0
-122.0 -960.0 2670.3 0 0 0 0 0 0 0 0 0
-60.6 -995.0 2866.0 0 0 0 0 0 0 0 0 0
32.1 353.0 2862.0 1 -0.1624630541 0.0134694008 -0.9866226912 -0.2407967597 0.9691338539 0.0528816432 0.9568817616 0.2461668700 -0.1542050540
29.5 164.0 2814.0 -0.1624630541 0.0134694008 -0.9866226912 -0.2407967597 0.9691338539 0.0528816432 0.9568817616 0.2461668700 -0.1542050540
26.4 -25.6 2772.1 -0.1620074213 0.0158088412 -0.9866629243 -0.2105211765 0.9762990475 0.0502098016 0.9640718102 0.2158477902 -0.1548395902
51.6 192.7 2682.3 -0.7184134722 -0.5961694121 -0.3584187925 0.0789460465 0.4420474470 -0.8935108185 0.6911219358 -0.6702060103 -0.2705076337
254.8 170.4 2486.9 -0.6060035825 -0.5961694121 0.5266323686 -0.7953300476 0.4420474470 -0.4147820771 0.0144839007 -0.6702060103 -0.7420337796
7.3 135.2 2945.7 0.0516205169 0.5506930947 -0.8331100941 -0.9949346781 0.1004122570 0.0047260183 0.0862570480 0.8286461830 0.5530869961
20.6 -121.2 2968.0 0.1606647670 0.5535315871 -0.8171839714 -0.9869775772 0.0834883600 -0.1374954432 -0.0078827133 0.8286328912 0.5597368479
37.0 -201.1 2643.3 -0.8811702132 0.3149421513 0.3526336849 0.2254999578 0.9354969859 -0.2720204890 -0.4155584574 -0.1601774693 -0.8953515291
-85.3 -564.3 2705.5 -0.8959412575 0.0940238833 0.4341068566 0.1223200634 0.9917765856 0.0376425795 -0.4269977212 0.0868255198 -0.9000746012
7.7 -238.9 2816.0 -0.7759062052 0.1277213842 0.6177837849 0.0592585169 0.9897167087 -0.1301894486 -0.6280589104 -0.0644058511 -0.7754958868
-41.8 -622.9 2841.0 -0.7814193964 0.0448277965 0.6223939061 -0.0149880350 0.9957801700 -0.0905384347 -0.6238261461 -0.0800769553 -0.7774500847
419.6 386.7 2482.9 0 0 0 0 0 0 0 0 0
62.6 -378.6 2965.9 0 0 0 0 0 0 0 0 0
-122.7 -959.3 2670.9 0 0 0 0 0 0 0 0 0
-58.5 -993.9 2870.8 0 0 0 0 0 0 0 0 0
30.2 351.3 2862.0 2 -0.1569945365 0.0101448223 -0.9875473380 -0.2394687235 0.9697152972 0.0480309799 0.9581270814 0.2440273017 -0.1498106271
28.2 161.6 2814.3 -0.1569945365 0.0101448223 -0.9875473380 -0.2394687235 0.9697152972 0.0480309799 0.9581270814 0.2440273017 -0.1498106271
25.6 -28.0 2772.6 -0.1566341817 0.0135005713 -0.9875643849 -0.2098072022 0.9766303301 0.0466278903 0.9651148319 0.2145016491 -0.1501411796
49.6 190.2 2682.4 -0.7189704180 -0.5978880525 -0.3544170558 0.0721457899 0.4429702163 -0.8936287761 0.6912861466 -0.6680623293 -0.2753473520
253.8 169.7 2486.0 -0.6060578227 -0.5978880525 0.5246177316 -0.7952777147 0.4429702163 -0.4138970077 0.0150740482 -0.6680623293 -0.7439526320
6.8 132.9 2946.1 0.0554493815 0.5543341041 -0.8304451108 -0.9946373701 0.1033913866 0.0026026350 0.0873035938 0.8258473873 0.5570943952
21.1 -123.4 2968.6 0.1640104949 0.5572302341 -0.8139994144 -0.9864310622 0.0864790156 -0.1395533234 -0.0073694545 0.8258424997 0.5638526678
37.9 -196.2 2643.8 -0.8847420812 0.3092366159 0.3487178385 0.2194886506 0.9364725947 -0.2735758722 -0.4111643732 -0.1655044854 -0.8964107037
-82.2 -559.8 2708.1 -0.8974814415 0.0993572250 0.4297153056 0.1300236732 0.9905988574 0.0425181128 -0.4214510024 0.0940323845 -0.9019628167
8.8 -233.9 2816.6 -0.7787448168 0.1288294643 0.6139702201 0.0587450005 0.9893618226 -0.1330872178 -0.6245842576 -0.0675733015 -0.7780284882
-41.2 -617.9 2842.8 -0.7835602164 0.0446394756 0.6197101474 -0.0086952243 0.9965301752 -0.0827771053 -0.6212549806 -0.0702493638 -0.7804532647
418.2 385.5 2481.9 0 0 0 0 0 0 0 0 0
63.9 -380.7 2966.7 0 0 0 0 0 0 0 0 0
-122.3 -959.2 2670.2 0 0 0 0 0 0 0 0 0
-57.8 -989.6 2869.0 0 0 0 0 0 0 0 0 0
30.4 351.1 2862.0 3 -0.1483582407 0.0118026976 -0.9888632298 -0.2387960106 0.9699120522 0.0474028476 0.9596698880 0.2431692034 -0.1410760134
28.1 161.5 2814.5 -0.1483582407 0.0118026976 -0.9888632298 -0.2387960106 0.9699120522 0.0474028476 0.9596698880 0.2431692034 -0.1410760134
25.5 -28.1 2773.2 -0.1479616463 0.0135802515 -0.9888998270 -0.2083767354 0.9770314097 0.0445951112 0.9667918682 0.2126620859 -0.1417333782
48.3 190.0 2682.4 -0.7254271507 -0.5960707664 -0.3441731036 0.0719520524 0.4316225946 -0.8991801143 0.6845278740 -0.6770535707 -0.2702222168
253.7 169.6 2488.6 -0.6061595082 -0.5960707664 0.5265645981 -0.7948876023 0.4316225946 -0.4264453948 0.0269144494 -0.6770535707 -0.7354413867
7.9 133.1 2946.5 0.0579949804 0.5612181425 -0.8256335855 -0.9943800569 0.1058485284 0.0021014952 0.0885714963 0.8208716512 0.5642027855
22.8 -123.2 2969.4 0.1657212377 0.5641443133 -0.8088743091 -0.9861475229 0.0889430344 -0.1400080025 -0.0070409826 0.8208717108 0.5710692406
37.0 -198.8 2644.5 -0.8858260512 0.3091572821 0.3460260034 0.2257383615 0.9386452436 -0.2607437372 -0.4054065049 -0.1528622359 -0.9012650847
-83.0 -563.2 2703.8 -0.9007329941 0.0972804725 0.4233398139 0.1237591282 0.9916792512 0.0354393870 -0.4163697660 0.0843135938 -0.9052775502
8.9 -236.4 2817.4 -0.7875751257 0.1335070878 0.6015822887 0.0305124950 0.9834995866 -0.1783185750 -0.6154627204 -0.1220834926 -0.7786535025
-42.8 -617.6 2864.8 -0.7870262265 0.0364176519 0.6158437133 0.0494526327 0.9987679124 0.0041369875 -0.6149342656 0.0337110125 -0.7878574729
417.7 384.6 2481.3 0 0 0 0 0 0 0 0 0
66.1 -380.4 2967.5 0 0 0 0 0 0 0 0 0
-121.9 -959.9 2670.1 0 0 0 0 0 0 0 0 0
-56.3 -988.2 2852.2 0 0 0 0 0 0 0 0 0
29.8 353.5 2862.0 4 -0.1550579369 0.0116676120 -0.9878364801 -0.2350658178 0.9707754850 0.0483637266 0.9595317245 0.2397057712 -0.1477837861
27.6 163.9 2815.1 -0.1550579369 0.0116676120 -0.9878364801 -0.2350658178 0.9707754850 0.0483637266 0.9595317245 0.2397057712 -0.1477837861
25.0 -25.9 2774.3 -0.1546851844 0.0132589238 -0.9878748655 -0.2059305012 0.9775145054 0.0453652479 0.9662634730 0.2104508877 -0.1484765857
48.7 192.0 2683.1 -0.7194431424 -0.5987067819 -0.3520677984 0.0779508650 0.4340948761 -0.8974883556 0.6901631951 -0.6731358171 -0.2656368613
253.3 169.8 2486.8 -0.6074128151 -0.5987067819 0.5221109390 -0.7938824892 0.4340948761 -0.4258077443 0.0282883067 -0.6731358171 -0.7389776111
6.4 135.7 2947.2 0.0562599264 0.5558139682 -0.8294007778 -0.9942327142 0.1071549505 0.0043679173 0.0913021490 0.8243716955 0.5586369634
20.9 -120.4 2970.7 0.1646357924 0.5587205291 -0.8128507733 -0.9863478541 0.0902472138 -0.1377438307 -0.0036027897 0.8244311810 0.5659506917
36.1 -199.1 2645.3 -0.8851744533 0.3034722805 0.3526624441 0.2186008543 0.9403898120 -0.2605390847 -0.4107065797 -0.1535302103 -0.8987483382
-81.7 -564.2 2704.9 -0.8980522752 0.1026236191 0.4277504683 0.1299623102 0.9908967018 0.0351222157 -0.4202521443 0.0871330202 -0.9032142758
9.6 -236.5 2818.5 -0.7837041020 0.1440827101 0.6041920781 0.0277359076 0.9798710942 -0.1976949871 -0.6205147505 -0.1381765604 -0.7719252706
-46.3 -616.5 2872.1 -0.7833873630 0.0223499294 0.6211318374 0.0539477542 0.9980267286 0.0321287028 -0.6191881299 0.0586778894 -0.7830472589
417.3 384.2 2479.2 0 0 0 0 0 0 0 0 0
63.9 -377.8 2969.7 0 0 0 0 0 0 0 0 0
-122.6 -959.0 2670.2 0 0 0 0 0 0 0 0 0
-54.6 -987.8 2850.3 0 0 0 0 0 0 0 0 0
31.3 349.8 2862.5 5 -0.1489820480 0.0162333809 -0.9887066483 -0.2357273251 0.9704561234 0.0514540151 0.9603316784 0.2407308966 -0.1407538950
28.2 160.4 2815.5 -0.1489820480 0.0162333809 -0.9887066483 -0.2357273251 0.9704561234 0.0514540151 0.9603316784 0.2407308966 -0.1407538950
24.5 -29.3 2774.4 -0.1484515071 0.0189527702 -0.9887380600 -0.2063596100 0.9772124290 0.0497151650 0.9671493769 0.2114158869 -0.1411575675
48.5 188.6 2683.3 -0.7194930911 -0.6028751135 -0.3447771370 0.0649044216 0.4358977079 -0.8976528049 0.6914600730 -0.6682326198 -0.2744961381
253.4 170.1 2486.4 -0.6077080965 -0.6028751135 0.5169453621 -0.7935702205 0.4358977079 -0.4245461822 0.0306130350 -0.6682326198 -0.7433223128
7.9 132.2 2947.6 0.0527073331 0.5623067021 -0.8252472878 -0.9945622683 0.1038897261 0.0072671119 0.0898210630 0.8203768134 0.5647248030
21.5 -124.1 2970.7 0.1604152471 0.5651418567 -0.8092475533 -0.9870321751 0.0869695991 -0.1349214464 -0.0058698212 0.8203968406 0.5717644691
36.3 -197.2 2646.9 -0.8860281110 0.3064051867 0.3479512632 0.2265082598 0.9409054518 -0.2517755330 -0.4045345485 -0.1442663819 -0.9030719995
-82.7 -562.5 2702.9 -0.9013983011 0.1010319218 0.4210387170 0.1241525114 0.9918739796 0.0277882535 -0.4148098528 0.0773212984 -0.9066169262
8.5 -234.1 2820.0 -0.7870378494 0.1305358708 0.6029359698 0.0394012332 0.9859977961 -0.1620367914 -0.6156451106 -0.1037726700 -0.7811608911
-42.1 -616.4 2860.2 -0.7870972753 0.0370904393 0.6157127619 0.0378263928 0.9992142320 -0.0118370838 -0.6156679392 0.0139732556 -0.7878817916
417.2 383.9 2478.1 0 0 0 0 0 0 0 0 0
63.3 -381.6 2969.2 0 0 0 0 0 0 0 0 0
-122.8 -956.1 2672.2 0 0 0 0 0 0 0 0 0
-55.9 -988.4 2855.0 0 0 0 0 0 0 0 0 0
25.3 350.6 2861.2 6 -0.1735804677 0.0045516975 -0.9848091602 -0.2351318300 0.9708776474 0.0459311642 0.9563382268 0.2395327389 -0.1674551368
24.4 161.0 2814.4 -0.1735804677 0.0045516975 -0.9848091602 -0.2351318300 0.9708776474 0.0459311642 0.9563382268 0.2395327389 -0.1674551368
23.1 -28.8 2773.8 -0.1734066457 0.0068270853 -0.9848266244 -0.2053642571 0.9777432084 0.0429381765 0.9632007480 0.2096939534 -0.1681451350
48.1 189.1 2682.9 -0.7207356095 -0.6025955677 -0.3426641822 0.0656447038 0.4327640533 -0.8991140127 0.6900948882 -0.6705176234 -0.2723512650
253.6 170.4 2486.2 -0.6079729199 -0.6025955677 0.5169598460 -0.7932106853 0.4327640533 -0.4284064472 0.0344341993 -0.6705176234 -0.7410940528
0.8 132.9 2946.0 0.0566622689 0.5390529633 -0.8403638005 -0.9940081239 0.1092629656 0.0030650634 0.0934728757 0.8351547718 0.5420141220
15.4 -123.2 2970.1 0.1668528616 0.5419941545 -0.8236519098 -0.9859815240 0.0923672393 -0.1389559656 0.0007651330 0.8352907300 0.5498079658
34.1 -200.5 2646.7 -0.8780831695 0.2988161445 0.3737363815 0.2137546390 0.9437338710 -0.2523398101 -0.4281108975 -0.1416874528 -0.8925501108
-81.9 -566.9 2701.8 -0.8904830813 0.1037973985 0.4430191517 0.1280205250 0.9914555550 0.0250318963 -0.4366355836 0.0790060312 -0.8961626291
7.5 -237.5 2820.0 -0.7736688852 0.1329503953 0.6194841862 0.0068009351 0.9794227481 -0.2017048448 -0.6335536242 -0.1518396884 -0.7586531043
-44.0 -617.1 2878.9 -0.7735456824 0.0290443283 0.6330746412 0.0771883354 0.9958299398 0.0486285388 -0.6290223002 0.0864823759 -0.7725617886
417.1 383.7 2476.9 0 0 0 0 0 0 0 0 0
58.9 -380.4 2970.3 0 0 0 0 0 0 0 0 0
-122.6 -956.0 2670.8 0 0 0 0 0 0 0 0 0
-54.8 -987.4 2846.7 0 0 0 0 0 0 0 0 0
27.2 356.5 2861.1 7 -0.1777738631 0.0108113121 -0.9840119481 -0.2339167446 0.9708150029 0.0529262535 0.9558658004 0.2395857871 -0.1700565964
25.1 167.3 2814.4 -0.1777738631 0.0108113121 -0.9840119481 -0.2339167446 0.9708150029 0.0529262535 0.9558658004 0.2395857871 -0.1700565964
22.4 -22.4 2773.5 -0.1774138957 0.0136117069 -0.9840421677 -0.2052014023 0.9774152040 0.0505159944 0.9625054002 0.2108890712 -0.1706138998
49.3 195.3 2682.9 -0.7180672288 -0.5986028910 -0.3550409079 0.0866887644 0.4292353392 -0.8990228176 0.6905537844 -0.6763368845 -0.2563276887
254.0 170.6 2486.1 -0.6073743105 -0.5986028910 0.5222748518 -0.7936942577 0.4292353392 -0.4310527146 0.0338505916 -0.6763368845 -0.7358142138
0.8 139.2 2945.9 0.0490035489 0.5377097130 -0.8417047858 -0.9945169091 0.1042151824 0.0086760279 0.0923836008 0.8366644979 0.5398682952
13.5 -117.0 2969.7 0.1595081091 0.5405255556 -0.8260685802 -0.9871966243 0.0872928128 -0.1335020661 -0.0000514368 0.8367867470 0.5475289226
37.3 -200.2 2646.8 -0.8760289550 0.3048243821 0.3737048805 0.2187578827 0.9417682886 -0.2553771436 -0.4297885895 -0.1419668794 -0.8916990161
-81.0 -565.8 2702.0 -0.8893345594 0.1059588939 0.4448109567 0.1292189956 0.9913675785 0.0221997742 -0.4386188984 0.0772210509 -0.8953493237
6.3 -237.0 2819.4 -0.7692250609 0.1164266467 0.6282814741 0.0343304463 0.9893702269 -0.1413080245 -0.6380550265 -0.0871284977 -0.7650454044
-38.8 -619.9 2853.1 -0.7696148753 0.0456917584 0.6368713975 0.0263465792 0.9988592863 -0.0398242362 -0.6379645467 -0.0138699440 -0.7699407935
417.1 383.7 2477.0 0 0 0 0 0 0 0 0 0
55.1 -374.5 2969.7 0 0 0 0 0 0 0 0 0
-122.8 -956.4 2671.5 0 0 0 0 0 0 0 0 0
-55.7 -990.1 2858.2 0 0 0 0 0 0 0 0 0
30.0 352.2 2862.0 8 -0.1753094792 0.0180820934 -0.9843472838 -0.2373222411 0.9695714712 0.0600770898 0.9554814100 0.2441395968 -0.1656837910
26.4 163.6 2814.5 -0.1753094792 0.0180820934 -0.9843472838 -0.2373222411 0.9695714712 0.0600770898 0.9554814100 0.2441395968 -0.1656837910
22.5 -25.9 2772.8 -0.1747341901 0.0202803127 -0.9844067693 -0.2081398070 0.9764332175 0.0570612811 0.9623646736 0.2148647904 -0.1663951278
50.3 192.0 2683.1 -0.7155511379 -0.6059988737 -0.3474938273 0.0754061267 0.4275305569 -0.9008504748 0.6944785714 -0.6708077192 -0.2602239549
253.9 170.6 2485.4 -0.6053439975 -0.6059988737 0.5160658956 -0.7949476242 0.4275305569 -0.4304368496 0.0402102955 -0.6708077192 -0.7405404449
2.6 135.2 2946.0 0.0434627049 0.5417023301 -0.8394460082 -0.9951648712 0.0975514874 0.0114257596 0.0880785659 0.8348906040 0.5433229804
13.8 -121.3 2968.7 0.1536450535 0.5444183946 -0.8246222138 -0.9881145358 0.0806110352 -0.1308875531 -0.0047839414 0.8349314332 0.5503332019
35.7 -193.8 2646.3 -0.8825674653 0.2963725626 0.3650177121 0.2067211717 0.9418556690 -0.2649043500 -0.4223043621 -0.1583390683 -0.8925176263
-79.4 -559.4 2707.8 -0.8924070001 0.1036529914 0.4391649365 0.1354475468 0.9899110198 0.0415950753 -0.4304227531 0.0966035500 -0.8974430561
3.9 -230.6 2818.8 -0.7694180608 0.1146424860 0.6283732653 0.0596774518 0.9923605919 -0.1079768687 -0.6359515786 -0.0455796421 -0.7703817487
-40.5 -614.9 2836.4 -0.7755419016 0.0474388525 0.6295111775 -0.0185504369 0.9950295091 -0.0978373364 -0.6310235262 -0.0875546560 -0.7708070278
416.1 383.6 2474.7 0 0 0 0 0 0 0 0 0
53.9 -379.0 2967.5 0 0 0 0 0 0 0 0 0
-121.1 -958.3 2668.9 0 0 0 0 0 0 0 0 0
-58.1 -984.0 2868.9 0 0 0 0 0 0 0 0 0
32.4 348.7 2862.0 9 -0.1796791255 0.0218443815 -0.9834827185 -0.2375704944 0.9691977501 0.0649304613 0.9546076059 0.2453131229 -0.1689550281
28.1 160.0 2814.2 -0.1796791255 0.0218443815 -0.9834827185 -0.2375704944 0.9691977501 0.0649304613 0.9546076059 0.2453131229 -0.1689550281
23.6 -29.6 2772.6 -0.1789730936 0.0234158412 -0.9835752845 -0.2072200626 0.9763937593 0.0609509982 0.9617840052 0.2147251070 -0.1698959768
52.6 188.3 2682.8 -0.7172846794 -0.6166629195 -0.3243909180 0.0500320345 0.4187730253 -0.9067116380 0.6949816346 -0.6666002870 -0.2695265710
257.1 174.0 2484.6 -0.6049072146 -0.6166629195 0.5037996769 -0.7939713597 0.4187730253 -0.4407251477 0.0608011521 -0.6666002870 -0.7429315448
3.7 131.7 2945.6 0.0391887277 0.5391254425 -0.8413132429 -0.9953113198 0.0955712497 0.0148813855 0.0884282887 0.8367854357 0.5403429866
13.8 -124.8 2968.4 0.1497300118 0.5417740345 -0.8270803094 -0.9887186289 0.0786200464 -0.1274925172 -0.0040470408 0.8368391991 0.5474338531
34.2 -196.8 2644.9 -0.8825911880 0.2923049033 0.3682263196 0.2026533484 0.9432601929 -0.2630434334 -0.4242221117 -0.1575375348 -0.8917496800
-79.2 -563.0 2706.1 -0.8918332458 0.1044654176 0.4401368201 0.1352034807 0.9900511503 0.0389716476 -0.4316867590 0.0942642391 -0.8970845938
2.9 -234.1 2817.3 -0.7698737383 0.1131132767 0.6280922294 0.0373079255 0.9904615283 -0.1326428652 -0.6371048689 -0.0786854327 -0.7667502761
-40.9 -618.0 2847.8 -0.7712785006 0.0441314466 0.6349660754 0.0114057027 0.9983915091 -0.0555360205 -0.6363956332 -0.0355915055 -0.7705412507
419.1 386.6 2468.4 0 0 0 0 0 0 0 0 0
52.9 -382.7 2967.4 0 0 0 0 0 0 0 0 0
-121.1 -960.1 2668.3 0 0 0 0 0 0 0 0 0
-57.3 -989.0 2861.1 0 0 0 0 0 0 0 0 0
31.4 352.6 2862.0 0 -0.1868914962 0.0197885092 -0.9821812510 -0.2381978929 0.9690492153 0.0648487285 0.9530652165 0.2460731864 -0.1763934791
27.5 164.1 2814.1 -0.1868914962 0.0197885092 -0.9821812510 -0.2381978929 0.9690492153 0.0648487285 0.9530652165 0.2460731864 -0.1763934791
23.2 -25.4 2772.2 -0.1862422973 0.0223488063 -0.9822496176 -0.2082290649 0.9761325717 0.0616915040 0.9601845741 0.2160224766 -0.1771435142
53.0 192.5 2682.9 -0.7199412584 -0.6166382432 -0.3184994161 0.0573711880 0.4044631124 -0.9127530456 0.6916596889 -0.6754012704 -0.2558124065
260.0 176.0 2484.0 -0.6035573483 -0.6166382432 0.5054461956 -0.7937150002 0.4044631124 -0.4543413222 0.0757298991 -0.6754012704 -0.7335517406
2.1 135.6 2945.3 0.0379957855 0.5329321027 -0.8453044891 -0.9954343438 0.0943076313 0.0147133395 0.0875598788 0.8408861160 0.5340821743
11.9 -120.9 2967.8 0.1492254138 0.5355709195 -0.8312013149 -0.9887948036 0.0773558989 -0.1276751459 -0.0040807715 0.8409398794 0.5411131978
35.1 -200.5 2644.7 -0.8751199245 0.3064736426 0.3744849563 0.2167342603 0.9401555657 -0.2629329860 -0.4326561391 -0.1489341855 -0.8891722560
-83.9 -565.5 2702.5 -0.8883508444 0.0960400701 0.4490090311 0.1225652918 0.9919974804 0.0303099975 -0.4425048828 0.0819588304 -0.8930130005
3.0 -237.7 2817.0 -0.7665751576 0.1137268767 0.6320037842 0.0255578477 0.9888160229 -0.1469341666 -0.6416457891 -0.0964834243 -0.7609084249
-41.1 -621.2 2854.5 -0.7666714191 0.0418801680 0.6406722665 0.0233070422 0.9990279675 -0.0374147855 -0.6416164637 -0.0137526710 -0.7669023275
421.6 388.5 2463.7 0 0 0 0 0 0 0 0 0
50.8 -378.9 2966.8 0 0 0 0 0 0 0 0 0
-122.1 -960.4 2669.9 0 0 0 0 0 0 0 0 0
-56.7 -993.2 2859.6 0 0 0 0 0 0 0 0 0
30.8 348.8 2862.5 1 -0.1891884208 0.0184510350 -0.9817674160 -0.2407047451 0.9684472084 0.0645849556 0.9519816041 0.2485348135 -0.1787777543
27.2 160.4 2814.1 -0.1891884208 0.0184510350 -0.9817674160 -0.2407047451 0.9684472084 0.0645849556 0.9519816041 0.2485348135 -0.1787777543
23.1 -28.9 2771.5 -0.1886027008 0.0207382962 -0.9818344712 -0.2116515934 0.9754234552 0.0612594932 0.9589747787 0.2193605453 -0.1795782000
52.9 189.3 2683.1 -0.7240765691 -0.6198998690 -0.3023860455 0.0419897102 0.3979865611 -0.9164297581 0.6884402633 -0.6762624383 -0.2621433437
261.7 177.2 2484.6 -0.6022549272 -0.6198998690 0.5030041337 -0.7937746048 0.3979865611 -0.4599224031 0.0849169344 -0.6762624383 -0.7317501307
1.4 131.5 2945.1 0.0388165377 0.5305699706 -0.8467519283 -0.9956824780 0.0920417532 0.0120290751 0.0843187943 0.8426291347 0.5318519473
11.4 -125.1 2966.9 0.1502876282 0.5332266092 -0.8325160742 -0.9886175394 0.0750931799 -0.1303702146 -0.0070005883 0.8426330090 0.5384427309
35.5 -196.3 2644.2 -0.8745805621 0.3080779314 0.3744286597 0.2160523236 0.9389140010 -0.2678841650 -0.4340855181 -0.1533900946 -0.8877168894
-84.1 -560.7 2703.8 -0.8873619437 0.0940589085 0.4513775110 0.1233168989 0.9917224050 0.0357713774 -0.4442765713 0.0874046385 -0.8916158080
2.2 -233.6 2816.3 -0.7653415799 0.1224631220 0.6318662763 0.0229916554 0.9863069654 -0.1633094847 -0.6432135105 -0.1104598865 -0.7576773763
-45.4 -616.2 2859.1 -0.7655870318 0.0254388247 0.6428291798 0.0144452937 0.9996457100 -0.0223553684 -0.6431701183 -0.0078291250 -0.7656832933
422.9 389.7 2461.9 0 0 0 0 0 0 0 0 0
50.6 -383.0 2965.0 0 0 0 0 0 0 0 0 0
-122.1 -961.8 2668.4 0 0 0 0 0 0 0 0 0
-54.8 -988.9 2862.0 0 0 0 0 0 0 0 0 0
34.7 340.8 2862.2 2 -0.1894568056 0.0297777485 -0.9814374447 -0.2431385070 0.9669880271 0.0762748271 0.9513095021 0.2530760169 -0.1759623438
28.9 152.3 2812.9 -0.1894568056 0.0297777485 -0.9814374447 -0.2431385070 0.9669880271 0.0762748271 0.9513095021 0.2530760169 -0.1759623438
22.8 -36.9 2769.7 -0.1884999573 0.0314988904 -0.9815679193 -0.2128227353 0.9744240642 0.0721400455 0.9587357640 0.2224983722 -0.1769752204
54.7 181.4 2681.9 -0.7210398912 -0.6264649034 -0.2960459292 0.0111586750 0.4167062640 -0.9089726806 0.6928036809 -0.6587091088 -0.2934713364
262.3 178.2 2482.4 -0.6041389108 -0.6264649034 0.4925017357 -0.7935700417 0.4167062640 -0.4433988035 0.0725452155 -0.6587091088 -0.7488921881
3.2 123.2 2943.9 0.0285650846 0.5335361958 -0.8452947140 -0.9963061213 0.0837067738 0.0191661287 0.0809827223 0.8416247964 0.5339564681
10.5 -133.5 2964.8 0.1398871988 0.5360155106 -0.8325376511 -0.9901107550 0.0667267218 -0.1234025508 -0.0105931768 0.8415669203 0.5400489569
36.0 -199.3 2643.1 -0.8766846061 0.3083695471 0.3692320883 0.2165318578 0.9383299351 -0.2695383728 -0.4295789301 -0.1563496292 -0.8893912435
-83.7 -563.6 2703.8 -0.8890464306 0.0930632874 0.4482584298 0.1257176995 0.9911085963 0.0435754210 -0.4402175248 0.0950945914 -0.8928412795
2.2 -237.3 2814.9 -0.7693881392 0.1178864241 0.6278094053 0.0112488559 0.9851713777 -0.1712041646 -0.6386825442 -0.1246603131 -0.7593052387
-43.5 -619.6 2863.3 -0.7687714696 0.0323481373 0.6387048960 0.0404265486 0.9991806149 -0.0019458918 -0.6382445097 0.0243246909 -0.7694492936
424.2 390.8 2463.0 0 0 0 0 0 0 0 0 0
47.0 -391.8 2962.0 0 0 0 0 0 0 0 0 0
-121.1 -962.3 2665.5 0 0 0 0 0 0 0 0 0
-55.6 -992.1 2854.2 0 0 0 0 0 0 0 0 0
33.8 342.5 2851.1 3 -0.2227177918 0.0245771278 -0.9745731354 -0.2194859684 0.9727524519 0.0746900216 0.9498540163 0.2305399179 -0.2112549394
29.1 152.6 2806.1 -0.2227177918 0.0245771278 -0.9745731354 -0.2194859684 0.9727524519 0.0746900216 0.9498540163 0.2305399179 -0.2112549394
23.9 -37.3 2766.6 -0.2220304012 0.0261052568 -0.9746901989 -0.1930196285 0.9786818027 0.0701812357 0.9557436705 0.2037167102 -0.2122582942
59.4 179.0 2675.6 -0.7241677642 -0.6226161718 -0.2965301871 -0.0005109914 0.4304726124 -0.9026035070 0.6896236539 -0.6534848213 -0.3120525479
263.5 179.1 2481.2 -0.6057015061 -0.6226161718 0.4954541326 -0.7938468456 0.4304726124 -0.4295352399 0.0541561469 -0.6534848213 -0.7549998164
-1.3 126.2 2936.6 0.0230285730 0.5043309927 -0.8632032871 -0.9945237637 0.0995997787 0.0316597372 0.1019418389 0.8577471375 0.5038627982
4.7 -130.0 2962.8 0.1374316365 0.5067601204 -0.8510621190 -0.9904091358 0.0826422721 -0.1107248738 0.0142227551 0.8581168056 0.5132575035
33.6 -206.9 2640.6 -0.8642373085 0.3037967384 0.4010005593 0.1988416910 0.9384547472 -0.2824262977 -0.4621210694 -0.1643477231 -0.8714550734
-84.3 -571.3 2704.4 -0.8730621934 0.0934403464 0.4785721302 0.1289017051 0.9907798767 0.0417082310 -0.4702624083 0.0981026515 -0.8770570755
-0.2 -245.1 2812.4 -0.7462526560 0.1053188816 0.6572784185 0.0044830549 0.9881771803 -0.1532504708 -0.6656476855 -0.1114169583 -0.7379020452
-41.1 -628.6 2855.7 -0.7453329563 0.0510161631 0.6647376418 0.0258178376 0.9985287189 -0.0476853065 -0.6661922932 -0.0183793418 -0.7455534935
426.1 392.2 2466.7 0 0 0 0 0 0 0 0 0
40.5 -388.3 2966.5 0 0 0 0 0 0 0 0 0
-121.4 -963.8 2665.6 0 0 0 0 0 0 0 0 0
-60.1 -1000.7 2862.5 0 0 0 0 0 0 0 0 0
30.2 349.2 2856.0 4 -0.2886513770 0.0095614484 -0.9573865533 -0.2334530354 0.9690662622 0.0800640211 0.9285365343 0.2466153800 -0.2774901390
28.3 159.1 2807.6 -0.2886513770 0.0095614484 -0.9573865533 -0.2334530354 0.9690662622 0.0800640211 0.9285365343 0.2466153800 -0.2774901390
25.7 -30.3 2765.6 -0.2882983088 0.0136641301 -0.9574431181 -0.2038849741 0.9760929346 0.0753226504 0.9355826974 0.2169236690 -0.2786200345
67.6 186.9 2680.2 -0.7016391754 -0.6335714459 -0.3260209560 0.0288700052 0.4318984747 -0.9014600515 0.7119473219 -0.6419119239 -0.2847456932
264.3 178.8 2480.6 -0.6024781466 -0.6335714459 0.4853939414 -0.7959431410 0.4318984747 -0.4241912067 0.0591145493 -0.6419119239 -0.7644962668
-11.0 131.3 2935.1 0.0146237835 0.4436513186 -0.8960801363 -0.9957468510 0.0879897624 0.0273136143 0.0909636021 0.8918695450 0.4430511296
-7.2 -125.2 2958.5 0.1345836222 0.4460181296 -0.8848475218 -0.9908339977 0.0710554793 -0.1148875877 0.0116313156 0.8921989202 0.4514928162
38.7 -210.0 2641.5 -0.8336923122 0.3224411607 0.4483177662 0.1948353052 0.9313713908 -0.3075492084 -0.5167168379 -0.1690533012 -0.8393000960
-86.5 -571.5 2707.1 -0.8414098024 0.0878621489 0.5332070589 0.1291504353 0.9907960892 0.0405376740 -0.5247377157 0.1029727235 -0.8450129628
-1.1 -244.6 2812.6 -0.7012522817 0.1025915891 0.7054928541 -0.0137290936 0.9874646664 -0.1572420299 -0.7127809525 -0.1199521124 -0.6910533905
-40.9 -627.9 2859.2 -0.6998473406 0.0458947346 0.7128164768 0.0349806361 0.9989384413 -0.0299725216 -0.7134353518 0.0039585833 -0.7007098794
425.9 392.2 2464.7 0 0 0 0 0 0 0 0 0
27.9 -383.7 2961.6 0 0 0 0 0 0 0 0 0
-121.2 -963.2 2666.4 0 0 0 0 0 0 0 0 0
-58.0 -1000.4 2857.7 0 0 0 0 0 0 0 0 0
25.3 350.0 2858.5 5 -0.3110752404 -0.0099429898 -0.9503332973 -0.2523756921 0.9649083018 0.0725153536 0.9162634611 0.2623987496 -0.3026684523
27.3 161.0 2807.1 -0.3110752404 -0.0099429898 -0.9503332973 -0.2523756921 0.9649083018 0.0725153536 0.9162634611 0.2623987496 -0.3026684523
28.6 -27.6 2761.7 -0.3113099337 -0.0065358514 -0.9502859712 -0.2247864902 0.9721050858 0.0669532493 0.9233402014 0.2344546616 -0.3040951490
69.7 191.7 2681.2 -0.6983193755 -0.6337130666 -0.3328029513 0.0470101237 0.4233393073 -0.9047507048 0.7142409086 -0.6474500895 -0.2658351064
265.0 178.6 2481.5 -0.5985860825 -0.6337130666 0.4900024831 -0.7985160947 0.4233393073 -0.4279671907 0.0637710765 -0.6474500895 -0.7594351172
-15.2 130.3 2933.0 0.0266444646 0.4172596633 -0.9083966613 -0.9968984127 0.0784067065 0.0067747193 0.0740512088 0.9053986669 0.4180546105
-8.3 -126.5 2952.1 0.1487982273 0.4198660851 -0.8953052759 -0.9888659120 0.0615024939 -0.1355053633 -0.0018305997 0.9054998159 0.4243426919
48.9 -201.5 2640.1 -0.8181833029 0.3492084742 0.4567598403 0.2022807002 0.9184657335 -0.3398576379 -0.5381994247 -0.1856721342 -0.8221114278
-86.6 -557.9 2712.1 -0.8263783455 0.0831937939 0.5569359660 0.1309042424 0.9903130531 0.0463042893 -0.5476887226 0.1111701429 -0.8292636871
-2.7 -238.0 2807.2 -0.6810616255 0.0903883353 0.7266258001 -0.0133096632 0.9906594753 -0.1357077658 -0.7321051359 -0.1020964980 -0.6734971404
-37.7 -622.5 2846.8 -0.6801694632 0.0529218167 0.7311421037 0.0058841947 0.9977526665 -0.0667457581 -0.7330313325 -0.0410962440 -0.6789522767
425.1 392.1 2464.4 0 0 0 0 0 0 0 0 0
30.5 -384.4 2951.6 0 0 0 0 0 0 0 0 0
-120.8 -964.4 2666.5 0 0 0 0 0 0 0 0 0
-57.5 -994.4 2862.2 0 0 0 0 0 0 0 0 0
30.0 343.1 2848.7 6 -0.3357881308 0.0045931786 -0.9419263601 -0.2401859462 0.9665142894 0.0903371722 0.9108002186 0.2565716207 -0.3234408200
29.1 154.8 2798.7 -0.3357881308 0.0045931786 -0.9419263601 -0.2401859462 0.9665142894 0.0903371722 0.9108002186 0.2565716207 -0.3234408200
27.8 -34.1 2754.1 -0.3356350660 0.0068942569 -0.9419668913 -0.2143388391 0.9731842279 0.0834944546 0.9172829390 0.2299237549 -0.3251570463
74.9 184.0 2673.6 -0.7010254860 -0.6419150829 -0.3106578588 0.0217960160 0.4161324799 -0.9090427160 0.7128030658 -0.6440332532 -0.2777282894
264.6 178.1 2480.6 -0.5893635154 -0.6419150829 0.4905055463 -0.8050644398 0.4161324799 -0.4227351248 0.0672447532 -0.6440332532 -0.7620363235
-16.7 125.5 2923.9 0.0057649575 0.3988067210 -0.9170168638 -0.9968708158 0.0745897144 0.0261717774 0.0788375065 0.9139964581 0.3979887962
-15.2 -131.3 2944.2 0.1297541708 0.4010885954 -0.9068030715 -0.9915305972 0.0576109774 -0.1163958609 0.0055567631 0.9142258763 0.4051668644
57.8 -196.1 2633.8 -0.8086508512 0.3650567532 0.4613213539 0.1992637366 0.9077892900 -0.3690698743 -0.5535140038 -0.2065240443 -0.8068271279
-83.9 -548.3 2713.9 -0.8152941465 0.0883745030 0.5722634196 0.1411054581 0.9888142347 0.0483282506 -0.5615912676 0.1201512367 -0.8186445832
2.1 -236.4 2798.9 -0.6646690965 0.1077851430 0.7393222451 -0.0006111963 0.9894604683 -0.1448020488 -0.7471376657 -0.0966973156 -0.6575978994
-39.7 -620.4 2836.4 -0.6664077640 0.0441211127 0.7442808747 -0.0322666503 0.9956056476 -0.0879103318 -0.7448889613 -0.0825995803 -0.6620556712
421.7 392.6 2462.7 0 0 0 0 0 0 0 0 0
18.6 -389.9 2945.7 0 0 0 0 0 0 0 0 0
-120.9 -962.9 2663.5 0 0 0 0 0 0 0 0 0
-56.2 -991.5 2867.2 0 0 0 0 0 0 0 0 0
32.2 336.2 2841.9 7 -0.3612489402 0.0031236827 -0.9324641824 -0.2315960974 0.9683595896 0.0929673240 0.9032510519 0.2495394051 -0.3490954638
31.5 148.0 2793.3 -0.3612489402 0.0031236827 -0.9324641824 -0.2315960974 0.9683595896 0.0929673240 0.9032510519 0.2495394051 -0.3490954638
30.9 -41.2 2749.9 -0.3611705601 0.0032622935 -0.9324940443 -0.2077416778 0.9745814204 0.0838713646 0.9090650082 0.2240097523 -0.3513123989
80.8 176.3 2669.3 -0.6986835003 -0.6489846110 -0.3010984957 -0.0109330742 0.4304995239 -0.9025245905 0.7153473496 -0.6272871494 -0.3078783154
265.5 179.2 2480.2 -0.5944517255 -0.6489846110 0.4748116732 -0.8015038967 0.4304995239 -0.4150441587 0.0649510771 -0.6272871494 -0.7760748863
-17.7 119.6 2917.4 0.0007326471 0.3738725185 -0.9274798036 -0.9963673353 0.0792537257 0.0311605725 0.0851563066 0.9240877628 0.3725724220
-17.6 -137.1 2939.3 0.1267192513 0.3760989010 -0.9178735614 -0.9918213487 0.0622692779 -0.1114134416 0.0152528500 0.9244847894 0.3809136152
56.5 -203.8 2627.5 -0.7998973131 0.3595343828 0.4805198312 0.1799809188 0.9075432420 -0.3794365227 -0.5725129843 -0.2170258760 -0.7906507850
-83.1 -556.0 2711.7 -0.8044112325 0.0895169154 0.5872898102 0.1381833553 0.9896610975 0.0384219699 -0.5777784586 0.1120607406 -0.8084642291
-3.6 -242.1 2791.6 -0.6490554810 0.0897876024 0.7554238439 -0.0528221615 0.9852946401 -0.1624938846 -0.7589049935 -0.1453706622 -0.6347681284
-38.4 -624.1 2848.0 -0.6467990875 0.0583004802 0.7604288459 0.0033264605 0.9972800612 -0.0736299753 -0.7626531720 -0.0450942665 -0.6452337503
423.5 392.2 2462.9 0 0 0 0 0 0 0 0 0
15.5 -395.8 2943.3 0 0 0 0 0 0 0 0 0
-119.9 -963.6 2665.5 0 0 0 0 0 0 0 0 0
-60.1 -995.8 2864.8 0 0 0 0 0 0 0 0 0
30.7 328.2 2848.4 8 -0.4075067937 0.0064035133 -0.9131796956 -0.2411573976 0.9637227654 0.1143745184 0.8807845116 0.2668284476 -0.3911793232
29.5 140.3 2796.4 -0.4075067937 0.0064035133 -0.9131796956 -0.2411573976 0.9637227654 0.1143745184 0.8807845116 0.2668284476 -0.3911793232
27.0 -48.7 2752.2 -0.4071193635 0.0130327633 -0.9132819772 -0.2025371939 0.9737170339 0.1041814461 0.8906360269 0.2273878604 -0.3937794566
85.0 167.9 2674.9 -0.6830265522 -0.6664446592 -0.2988750637 -0.0465942807 0.4481214285 -0.8927575946 0.7289058566 -0.5958513021 -0.3371313214
266.7 180.3 2481.0 -0.5952379704 -0.6664446592 0.4489357173 -0.8010513186 0.4481214285 -0.3968676627 0.0633126125 -0.5958513021 -0.8005952835
-26.0 112.7 2917.9 -0.0237249564 0.3322062194 -0.9429083467 -0.9964239001 0.0686511397 0.0492587090 0.0810957849 0.9407050610 0.3293894529
-32.1 -144.0 2938.8 0.1053556651 0.3340616822 -0.9366445541 -0.9942870736 0.0516111813 -0.0934318826 0.0171293188 0.9411371350 0.3375907540
62.6 -211.7 2625.1 -0.7793772221 0.3746681809 0.5021901131 0.1727009118 0.8989221454 -0.4026330709 -0.6022835970 -0.2270743698 -0.7653049827
-82.8 -560.6 2713.2 -0.7825397849 0.0918337181 0.6157905459 0.1426170617 0.9892035723 0.0337148458 -0.6060460806 0.1142054498 -0.7871882319
-2.1 -249.0 2787.8 -0.6166548133 0.1014892906 0.7806643248 -0.0598821528 0.9827348590 -0.1750607491 -0.7849528790 -0.1546999216 -0.5999307632
-41.4 -630.2 2847.8 -0.6147987843 0.0511151552 0.7870258689 -0.0064224042 0.9975399971 -0.0698044375 -0.7886578441 -0.0479702801 -0.6129580736
424.4 392.4 2464.2 0 0 0 0 0 0 0 0 0
-4.7 -403.3 2943.2 0 0 0 0 0 0 0 0 0
-120.4 -965.1 2666.5 0 0 0 0 0 0 0 0 0
-60.5 -1002.2 2865.7 0 0 0 0 0 0 0 0 0
30.9 325.5 2853.2 9 -0.4088113904 0.0029436313 -0.9126141667 -0.2462020963 0.9625625610 0.1133925542 0.8787819743 0.2710436881 -0.3927817941
30.3 137.5 2800.2 -0.4088113904 0.0029436313 -0.9126141667 -0.2462020963 0.9625625610 0.1133925542 0.8787819743 0.2710436881 -0.3927817941
28.6 -51.3 2755.0 -0.4085857272 0.0088524846 -0.9126769900 -0.2091887742 0.9724270105 0.1030813083 0.8884243369 0.2330393344 -0.3954679668
86.1 166.0 2679.0 -0.6807776690 -0.6713756323 -0.2929103673 -0.0591016114 0.4489254653 -0.8916125298 0.7301018834 -0.5896784663 -0.3452978134
268.9 181.9 2482.9 -0.5968371630 -0.6713756323 0.4393633008 -0.7992072701 0.4489254653 -0.3996669352 0.0710852891 -0.5896784663 -0.8045036793
-25.5 108.9 2921.5 -0.0202620793 0.3296071887 -0.9439007044 -0.9969326258 0.0647241771 0.0440019593 0.0755965561 0.9418969750 0.3272846937
-30.7 -147.9 2941.0 0.1090624183 0.3315261900 -0.9371210337 -0.9939633012 0.0476862267 -0.0988077372 0.0119304126 0.9422401190 0.3347256482
60.9 -219.6 2628.4 -0.7773199081 0.3710824549 0.5080074668 0.1761859804 0.9036023021 -0.3904629648 -0.6039306521 -0.2140108645 -0.7677676082
-83.1 -570.3 2711.4 -0.7808799148 0.0909591019 0.6180234551 0.1425025612 0.9891941547 0.0344666094 -0.6082101464 0.1149842143 -0.7854037285
-11.9 -255.8 2787.7 -0.6178814769 0.0861951187 0.7815324068 -0.0939460397 0.9787592292 -0.1822212189 -0.7806385756 -0.1860129833 -0.5966594815
-45.4 -635.4 2859.8 -0.6194211245 0.0262281094 0.7846206427 0.0304497425 0.9994923472 -0.0093721477 -0.7844681144 0.0180861894 -0.6199053526
426.4 392.8 2464.1 0 0 0 0 0 0 0 0 0
-2.3 -407.2 2944.1 0 0 0 0 0 0 0 0 0
-119.4 -964.4 2665.6 0 0 0 0 0 0 0 0 0
-55.1 -1007.4 2853.1 0 0 0 0 0 0 0 0 0
30.1 333.2 2857.6 0 -0.4000167251 0.0010029669 -0.9165073037 -0.2513282597 0.9615452886 0.1107464209 0.8813743591 0.2746446133 -0.3843820989
29.9 144.3 2803.6 -0.4000167251 0.0010029669 -0.9165073037 -0.2513282597 0.9615452886 0.1107464209 0.8813743591 0.2746446133 -0.3843820989
29.0 -44.1 2757.2 -0.3999166489 0.0046944814 -0.9165394902 -0.2173893452 0.9709666967 0.0998274609 0.8903979659 0.2391685843 -0.3872852325
84.6 174.0 2682.0 -0.6788768768 -0.6663410664 -0.3084083796 -0.0294836629 0.4444306493 -0.8953279257 0.7336599231 -0.5987244248 -0.3213598728
269.0 182.0 2482.7 -0.5957416296 -0.6663410664 0.4484210312 -0.8002039194 0.4444306493 -0.4026848972 0.0690334365 -0.5987244248 -0.7979745865
-24.7 114.7 2925.2 -0.0134458942 0.3369664252 -0.9414206743 -0.9974902272 0.0609348379 0.0360573605 0.0695154369 0.9395427704 0.3353013992
-28.1 -142.3 2943.1 0.1153705046 0.3389949203 -0.9336873889 -0.9933109879 0.0439057015 -0.1067969650 0.0047905701 0.9397631288 0.3417927921
63.4 -221.3 2630.2 -0.7757737041 0.3839443922 0.5007612705 0.1934663355 0.9000878334 -0.3904007077 -0.6006212831 -0.2059821635 -0.7725448012
-85.6 -570.7 2710.2 -0.7821064591 0.0864663646 0.6171167493 0.1362625808 0.9900902510 0.0339681879 -0.6080641747 0.1106566563 -0.7861380577
-9.7 -258.8 2789.3 -0.6226171255 0.0763010532 0.7787978649 -0.0790373236 0.9840136766 -0.1595937610 -0.7785248756 -0.1609199047 -0.6066331267
-39.3 -640.5 2851.7 -0.6201347709 0.0557578206 0.7825112939 0.0182716418 0.9982270002 -0.0566484891 -0.7842824459 -0.0208319332 -0.6200540662
425.9 392.7 2464.5 0 0 0 0 0 0 0 0 0
2.0 -401.4 2944.4 0 0 0 0 0 0 0 0 0
-120.1 -965.5 2666.0 0 0 0 0 0 0 0 0 0
-60.1 -1012.1 2859.5 0 0 0 0 0 0 0 0 0
29.9 334.8 2848.3 1 -0.3801080883 -0.0042333496 -0.9249323606 -0.2328238487 0.9682285786 0.0912492424 0.8951597214 0.2500308752 -0.3690171540
30.7 145.0 2799.3 -0.3801080883 -0.0042333496 -0.9249323606 -0.2328238487 0.9682285786 0.0912492424 0.8951597214 0.2500308752 -0.3690171540
30.8 -44.3 2756.6 -0.3801811337 -0.0006404005 -0.9249117970 -0.2036879063 0.9755070210 0.0830496326 0.9022048116 0.2199672610 -0.3709998429
82.6 172.8 2676.1 -0.6925060153 -0.6624303460 -0.2856945992 -0.0318134464 0.4236780107 -0.9052540064 0.7207102776 -0.6178049445 -0.3144737780
268.6 181.3 2482.5 -0.5853859186 -0.6624303460 0.4674498141 -0.8073714375 0.4236780107 -0.4106680751 0.0739907920 -0.6178049445 -0.7828425169
-21.2 117.2 2922.5 -0.0016160841 0.3546140194 -0.9350113869 -0.9960059524 0.0829002261 0.0331623890 0.0892725065 0.9313305020 0.3530637026
-21.7 -139.4 2945.4 0.1258855760 0.3568262756 -0.9256499410 -0.9918023348 0.0658942387 -0.1094807163 0.0219294000 0.9318438768 0.3621962667
63.9 -213.1 2631.0 -0.7806398273 0.3814848363 0.4950462580 0.1946106851 0.9010924697 -0.3875036538 -0.5939092040 -0.2061595023 -0.7776696682
-84.2 -562.9 2711.1 -0.7863352895 0.0891864821 0.6113286018 0.1434309036 0.9888423085 0.0402294472 -0.6009196639 0.1193172410 -0.7903537154
-7.7 -252.1 2790.5 -0.6339558959 0.0855987296 0.7686174512 -0.0621364824 0.9850050807 -0.1609473825 -0.7708690166 -0.1497927308 -0.6191309690
-40.9 -634.3 2848.6 -0.6323826313 0.0446459614 0.7733685970 0.0098155756 0.9987194538 -0.0496291071 -0.7745940089 -0.0237935260 -0.6320110559
422.3 393.3 2463.1 0 0 0 0 0 0 0 0 0
11.2 -398.1 2951.2 0 0 0 0 0 0 0 0 0
-120.3 -963.1 2662.8 0 0 0 0 0 0 0 0 0
-57.6 -1006.6 2857.5 0 0 0 0 0 0 0 0 0
31.1 340.5 2854.1 2 -0.3799087405 -0.0001958565 -0.9250239730 -0.2424493432 0.9650616050 0.0993699804 0.8926856518 0.2620229721 -0.3666828275
31.1 150.2 2802.5 -0.3799087405 -0.0001958565 -0.9250239730 -0.2424493432 0.9650616050 0.0993699804 0.8926856518 0.2620229721 -0.3666828275
30.2 -38.8 2758.6 -0.3798192441 0.0051049022 -0.9250466228 -0.2070914209 0.9741353989 0.0904064402 0.9015822411 0.2259073257 -0.3689382076
83.0 178.5 2679.3 -0.6886441708 -0.6581725478 -0.3042665124 -0.0115300929 0.4295069873 -0.9029899240 0.7250077724 -0.6183304787 -0.3033662736
268.9 181.6 2483.6 -0.5887424350 -0.6581725478 0.4692454040 -0.8055275679 0.4295069873 -0.4082267582 0.0671394616 -0.6183304787 -0.7830451131
-20.7 122.0 2925.6 -0.0070665828 0.3565938175 -0.9342327714 -0.9964986444 0.0753235146 0.0362883210 0.0833098888 0.9312181473 0.3548129797
-22.6 -134.8 2947.1 0.1203609332 0.3587117195 -0.9256560802 -0.9926048517 0.0583016165 -0.1064729914 0.0157741364 0.9316259027 0.3630762100
65.1 -215.4 2633.1 -0.7787209153 0.3832151294 0.4967292249 0.2067650110 0.9042941928 -0.3734972477 -0.5923191309 -0.1881438941 -0.7834283113
-83.7 -566.4 2706.1 -0.7873134613 0.0914660692 0.6097306609 0.1360550523 0.9903299809 0.0271208100 -0.6013539433 0.1043095216 -0.7921445370
-3.0 -251.9 2794.6 -0.6369464993 0.0956063196 0.7649565935 -0.0686435103 0.9813047647 -0.1798025966 -0.7678458095 -0.1670339555 -0.6184759140
-40.1 -632.7 2859.4 -0.6355425119 0.0462664291 0.7706784010 0.0334444270 0.9989156723 -0.0323882215 -0.7713412046 0.0051908065 -0.6364006996
423.1 392.5 2466.0 0 0 0 0 0 0 0 0 0
8.8 -393.7 2951.2 0 0 0 0 0 0 0 0 0
-120.5 -964.6 2664.2 0 0 0 0 0 0 0 0 0
-57.4 -1005.2 2857.5 0 0 0 0 0 0 0 0 0
32.8 335.4 2848.0 3 -0.3656140268 0.0060905782 -0.9307466149 -0.2335772365 0.9673785567 0.0980836302 0.9009817243 0.2532619834 -0.3522645533
31.6 146.2 2798.5 -0.3656140268 0.0060905782 -0.9307466149 -0.2335772365 0.9673785567 0.0980836302 0.9009817243 0.2532619834 -0.3522645533
30.1 -43.1 2755.4 -0.3653995693 0.0079456726 -0.9308168292 -0.2039018571 0.9749951363 0.0883660913 0.9082440138 0.2220842093 -0.3546426594
81.5 174.0 2674.4 -0.6960106492 -0.6566247940 -0.2905392349 -0.0303308479 0.4311581254 -0.9017664194 0.7173905969 -0.6188266873 -0.3200066388
268.6 182.2 2481.6 -0.5918669105 -0.6566247940 0.4674798548 -0.8031236529 0.4311581254 -0.4112116992 0.0684540644 -0.6188266873 -0.7825391889
-18.3 118.3 2922.6 -0.0050240722 0.3711800873 -0.9285473228 -0.9961745143 0.0791520774 0.0370304510 0.0872414112 0.9251812100 0.3693624735
-19.6 -138.3 2945.0 0.1213081032 0.3733159900 -0.9197388291 -0.9924571514 0.0621360466 -0.1056785956 0.0176974218 0.9256210327 0.3780377209
