-259.4 411.5 2775.8 35 0.3157454729 0.0636101142 -0.9467093349 -0.2359853387 0.9716639519 -0.0134187341 0.9190297723 0.2276464254 0.3218095303
-272.2 216.1 2730.0 0.3157454729 0.0636101142 -0.9467093349 -0.2359853387 0.9716639519 -0.0134187341 0.9190297723 0.2276464254 0.3218095303
-290.4 22.4 2689.3 0.3167784810 0.0907646269 -0.9441468120 -0.2229613215 0.9746443033 0.0188888833 0.9219217300 0.2045246214 0.3289833367
-318.2 248.4 2596.1 -0.3430834711 0.2977257371 -0.8908721209 0.7775169611 0.6221692562 -0.0915029198 0.5270304680 -0.7240613103 -0.4449427724
-229.4 47.0 2459.6 -0.8477870822 0.2977257371 0.4388808906 -0.1763696671 0.6221692562 -0.7627575994 -0.5001507401 -0.7240613103 -0.4749572873
-226.2 183.8 2863.9 0.1014974564 0.9910768867 -0.0863995254 -0.9896645546 0.1094319895 0.0926750228 0.1013029516 0.0761002675 0.9919407368
-199.9 -72.7 2890.1 0.1326590478 0.9910768867 -0.0129687935 -0.8653610349 0.1094319895 -0.4890550971 -0.4832720160 0.0761002675 0.8721565008
-333.6 -150.9 2565.6 -0.9422758222 0.2303963155 0.2429686785 0.1969658285 0.9682025313 -0.1542344987 -0.2707779706 -0.0974749178 -0.9576940536
-425.1 -535.6 2604.3 -0.9476279616 0.0003754195 0.3193761408 0.0966967866 0.9534010291 0.2857904732 -0.3043862283 0.3017056882 -0.9035058022
-293.6 -190.0 2740.1 -0.4183054566 0.2011792511 0.8857468367 -0.0168285333 0.9732790589 -0.2290078998 -0.9081504941 -0.1107010767 -0.4037424028
-373.5 -576.7 2784.1 -0.4183054566 -0.2744065821 0.8658646345 -0.0168285333 0.9554514885 0.2946681082 -0.9081504941 0.1086900532 -0.4042884409
-13.1 92.0 2587.3 0 0 0 0 0 0 0 0 0
-162.6 -315.9 2754.3 0 0 0 0 0 0 0 0 0
-425.3 -897.9 2489.7 0 0 0 0 0 0 0 0 0
-284.9 -885.3 2748.9 0 0 0 0 0 0 0 0 0
-257.8 414.0 2775.8 36 0.3266983628 0.0666263923 -0.9427773356 -0.2450030595 0.9693837166 -0.0163936485 0.9128206968 0.2363391072 0.3330197334
-271.2 218.5 2728.1 0.3266983628 0.0666263923 -0.9427773356 -0.2450030595 0.9693837166 -0.0163936485 0.9128206968 0.2363391072 0.3330197334
-289.2 25.3 2685.5 0.3277267218 0.0901138261 -0.9404651523 -0.2322619855 0.9725760818 0.0122536039 0.9157781005 0.2144184709 0.3396691978
-318.9 252.3 2594.7 -0.3350670338 0.2989574373 -0.8935068846 0.7938954234 0.6002897620 -0.0968622491 0.5074053407 -0.7418063283 -0.4384782314
-231.7 45.5 2462.6 -0.8551030755 0.2989574373 0.4235837758 -0.1765375733 0.6002897620 -0.7800555825 -0.4874764383 -0.7418063283 -0.4605323672
-223.4 184.7 2861.5 0.1062699854 0.9914307594 -0.0759721622 -0.9902554750 0.1124402881 0.0821659043 0.0900041386 0.0665000826 0.9937187433
-195.9 -72.1 2884.8 0.1306249201 0.9914307594 -0.0014866372 -0.8590937853 0.1124402881 -0.4993145466 -0.4948686063 0.0665000826 0.8664194942
-337.4 -150.9 2564.5 -0.9500395656 0.2078132331 0.2328914702 0.1781852096 0.9737006426 -0.1419755220 -0.2562709749 -0.0933845565 -0.9620833993
-419.9 -537.8 2601.6 -0.9543249011 0.0157030262 0.2983578742 0.1023918763 0.9553323388 0.2772291899 -0.2806775868 0.2951161563 -0.9133052826
-279.6 -191.5 2732.6 -0.4055635929 0.2286114842 0.8850169182 -0.0186478589 0.9659482241 -0.2580625713 -0.9138765931 -0.1211644560 -0.3874903321
-370.4 -575.2 2780.7 -0.4055635929 -0.2596637309 0.8764091134 -0.0186478589 0.9609528780 0.2760830820 -0.9138765931 0.0956260934 -0.3945696652
-12.7 90.7 2587.4 0 0 0 0 0 0 0 0 0
-159.2 -313.6 2745.7 0 0 0 0 0 0 0 0 0
-425.8 -896.5 2490.7 0 0 0 0 0 0 0 0 0
-286.1 -887.2 2749.7 0 0 0 0 0 0 0 0 0
-255.7 415.7 2776.3 37 0.2311359346 0.0909028649 -0.9686654806 -0.2310541272 0.9722706079 0.0361087173 0.9450873733 0.2154681385 0.2457301617
-273.9 220.3 2733.0 0.2311359346 0.0909028649 -0.9686654806 -0.2310541272 0.9722706079 0.0361087173 0.9450873733 0.2154681385 0.2457301617
-295.0 26.6 2694.8 0.2331288904 0.1047760621 -0.9667848349 -0.2112122923 0.9759010077 0.0548326522 0.9492314458 0.1914137602 0.2496407181
-307.8 250.8 2595.2 -0.2975195646 0.3145631850 -0.9014056325 0.7929174304 0.6072918177 -0.0497853756 0.5317556262 -0.7295523882 -0.4301038384
-232.2 49.3 2460.0 -0.8506166935 0.3145631850 0.4213090241 -0.1607816368 0.6072918177 -0.7780398130 -0.5006002188 -0.7295523882 -0.4659965634
-240.1 189.9 2870.7 0.0605037026 0.9846253395 -0.1638665646 -0.9897877574 0.0804100111 0.1177049801 0.1290718168 0.1550715268 0.9794352055
-224.4 -66.4 2904.2 0.1432248950 0.9846253395 -0.0999978930 -0.8798387647 0.0804100111 -0.4684207141 -0.4531780481 0.1550715268 0.8778282404
-337.1 -146.8 2559.1 -0.9243085384 0.2163986564 0.3143649101 0.1629760414 0.9686330557 -0.1875869185 -0.3450977802 -0.1221542507 -0.9305835962
-423.1 -531.5 2607.6 -0.9254390001 0.0059946957 0.3788492084 0.1218313724 0.9514845610 0.2825494707 -0.3587753773 0.3076380193 -0.8812713027
-278.7 -189.1 2728.1 -0.4915229976 0.2404357344 0.8370159864 -0.0224594232 0.9573127627 -0.2881802917 -0.8705749512 -0.1604461372 -0.4651411772
-374.0 -568.5 2791.7 -0.4915229976 -0.2646064758 0.8296918273 -0.0224594232 0.9562566876 0.2916654050 -0.8705749512 0.1247258410 -0.4759650528
-12.6 90.8 2589.3 0 0 0 0 0 0 0 0 0
-184.2 -313.5 2776.9 0 0 0 0 0 0 0 0 0
-425.3 -894.1 2490.3 0 0 0 0 0 0 0 0 0
-286.2 -885.9 2750.3 0 0 0 0 0 0 0 0 0
-257.0 416.3 2777.5 38 0.1589087248 0.0995355025 -0.9822630286 -0.2280848920 0.9716928601 0.0615652353 0.9605858922 0.2142561078 0.1771130264
-277.1 220.8 2734.4 0.1589087248 0.0995355025 -0.9822630286 -0.2280848920 0.9716928601 0.0615652353 0.9605858922 0.2142561078 0.1771130264
-299.5 27.1 2696.5 0.1612198502 0.1124397293 -0.9804924726 -0.2068575025 0.9752706289 0.0778278634 0.9649964571 0.1902748197 0.1804919988
-300.5 250.7 2594.3 -0.2705633342 0.3139219284 -0.9100815654 0.7981362343 0.6017436385 -0.0297180582 0.5383066535 -0.7344096899 -0.4133622348
-232.1 49.1 2458.3 -0.8515188694 0.3139219284 0.4199626744 -0.1637049019 0.6017436385 -0.7817322016 -0.4981127679 -0.7344096899 -0.4610055089
-253.7 190.9 2874.6 0.0300360471 0.9727122188 -0.2300626040 -0.9894834757 0.0615169331 0.1309126168 0.1414930522 0.2237110436 0.9643303752
-245.9 -65.5 2911.2 0.1560301781 0.9727122188 -0.1717135608 -0.8870507479 0.0615169331 -0.4575551152 -0.4345061481 0.2237110436 0.8724435568
-337.3 -148.1 2570.1 -0.8983348608 0.2113558203 0.3851274848 0.1608773023 0.9740357399 -0.1592886448 -0.4087945223 -0.0811362639 -0.9090126157
-421.2 -534.8 2602.3 -0.8988789320 0.0152610652 0.4379312694 0.1401113868 0.9569385052 0.2542391419 -0.4151933193 0.2898893356 -0.8623100519
-295.6 -186.3 2743.9 -0.4751519859 0.1992776841 0.8570408225 -0.0159478001 0.9719061852 -0.2348275930 -0.8797591925 -0.1252467185 -0.4586251378
-374.5 -571.4 2793.5 -0.4751519859 -0.2707622647 0.8372086883 -0.0159478001 0.9539713264 0.2994734943 -0.8797591925 0.1289437860 -0.4575994313
-12.8 91.3 2586.6 0 0 0 0 0 0 0 0 0
-202.1 -314.7 2789.1 0 0 0 0 0 0 0 0 0
-427.0 -898.1 2492.2 0 0 0 0 0 0 0 0 0
-284.9 -887.3 2750.8 0 0 0 0 0 0 0 0 0
-250.2 422.7 2767.6 39 0.1188301295 0.1430754364 -0.9825521708 -0.2009890527 0.9725438952 0.1173103973 0.9723594189 0.1835422367 0.1443241239
-279.0 227.2 2730.7 0.1188301295 0.1430754364 -0.9825521708 -0.2009890527 0.9725438952 0.1173103973 0.9723594189 0.1835422367 0.1443241239
-305.0 33.1 2697.5 0.1214117408 0.1301473528 -0.9840329289 -0.1825646907 0.9773823023 0.1067425832 0.9756686687 0.1666898727 0.1424259990
-296.7 253.6 2588.8 -0.2562079430 0.3229092956 -0.9110911489 0.8127253056 0.5822241902 -0.0221943501 0.5232925415 -0.7461531758 -0.4116070271
-232.2 49.0 2457.1 -0.8515936732 0.3229092956 0.4129380584 -0.1652403474 0.5822241902 -0.7960594296 -0.4974775314 -0.7461531758 -0.4424607754
-261.3 200.7 2872.7 0.0001602487 0.9653617740 -0.2609149516 -0.9852661490 0.0447762199 0.1650628299 0.1710281223 0.2570442259 0.9511454105
-261.3 -54.5 2917.0 0.1493799984 0.9653617740 -0.2139211595 -0.9025736451 0.0447762199 -0.4282007515 -0.4037900567 0.2570442259 0.8779987693
-336.7 -147.8 2570.5 -0.8836972713 0.2140278071 0.4162585735 0.1497831494 0.9718747139 -0.1817265898 -0.4434457421 -0.0982427746 -0.8909007907
-421.7 -533.8 2609.6 -0.8836638331 0.0092472900 0.4680306315 0.1541968435 0.9497579932 0.2723656893 -0.4419972003 0.3128485680 -0.8406926990
-307.7 -185.4 2746.9 -0.4414649606 0.1521097124 0.8842914104 -0.0185302868 0.9837704301 -0.1784722805 -0.8970871568 -0.0951754302 -0.4314815402
-368.0 -575.2 2784.6 -0.4430526197 -0.2523892522 0.8602348566 -0.0125170080 0.9612007737 0.2755655050 -0.8964082003 0.1113224551 -0.4290216863
-13.1 91.5 2585.0 0 0 0 0 0 0 0 0 0
-219.3 -308.1 2803.6 0 0 0 0 0 0 0 0 0
-425.2 -896.4 2490.1 0 0 0 0 0 0 0 0 0
-287.5 -881.7 2749.1 0 0 0 0 0 0 0 0 0
-251.4 418.7 2761.7 40 0.1740375161 0.1411052942 -0.9745769501 -0.2118943930 0.9718631506 0.1028728038 0.9616712928 0.1886036694 0.1990400702
-279.8 223.2 2723.8 0.1740375161 0.1411052942 -0.9745769501 -0.2118943930 0.9718631506 0.1028728038 0.9616712928 0.1886036694 0.1990400702
-304.7 28.6 2692.2 0.1785057634 0.1254854798 -0.9759042263 -0.1791899502 0.9793939590 0.0931579992 0.9674847126 0.1582429856 0.1973132044
-305.8 249.1 2582.9 -0.2897870839 0.3081099093 -0.9061411023 0.8134087920 0.5782134533 -0.0635243952 0.5043705106 -0.7554717064 -0.4181781113
-233.5 46.3 2457.1 -0.8579145670 0.3081099093 0.4111579359 -0.1743270159 0.5782134533 -0.7970440984 -0.4833142459 -0.7554717064 -0.4423458874
-253.8 197.2 2864.6 0.0243501551 0.9774946570 -0.2095502615 -0.9848408103 0.0594653524 0.1629491597 0.1717429012 0.2024058104 0.9641246200
-247.4 -58.1 2909.1 0.1398413032 0.9774946570 -0.1579514146 -0.9010118842 0.0594653524 -0.4296993017 -0.4106361270 0.2024058104 0.8890500069
-342.1 -144.4 2575.1 -0.9053553343 0.1976431012 0.3758575618 0.1557711065 0.9779589176 -0.1390383840 -0.3950532377 -0.0673313960 -0.9161874056
-420.6 -532.7 2601.8 -0.9058358073 0.0196435284 0.4231732786 0.1390932649 0.9573357105 0.2533009648 -0.4001431763 0.2883096337 -0.8699212670
-320.1 -177.6 2753.6 -0.4883006215 0.1243200526 0.8637748957 -0.0072042146 0.9891927838 -0.1464436203 -0.8726457357 -0.0777313337 -0.4821278155
-369.4 -569.9 2784.4 -0.4816735685 -0.2561421394 0.8380821943 -0.0327135213 0.9609208107 0.2748835981 -0.8757399321 0.1049875468 -0.4712294638
-12.7 91.1 2581.5 0 0 0 0 0 0 0 0 0
-208.1 -311.4 2793.7 0 0 0 0 0 0 0 0 0
-428.1 -896.7 2492.2 0 0 0 0 0 0 0 0 0
-285.4 -885.0 2750.0 0 0 0 0 0 0 0 0 0
-253.7 416.6 2768.7 41 0.2037281543 0.1157766506 -0.9721577168 -0.2400542647 0.9685779810 0.0650438666 0.9491410851 0.2201193273 0.2251192778
-277.0 221.6 2724.4 0.2037281543 0.1157766506 -0.9721577168 -0.2400542647 0.9685779810 0.0650438666 0.9491410851 0.2201193273 0.2251192778
-300.3 27.7 2688.4 0.2082459182 0.1171032861 -0.9710409045 -0.2023207843 0.9764912724 0.0743715838 0.9569221139 0.1809741706 0.2270427495
-307.4 251.0 2585.0 -0.2999089956 0.3131002784 -0.9011231065 0.8054744005 0.5892357826 -0.0633422062 0.5111414790 -0.7448284626 -0.4289113581
-231.3 46.8 2455.4 -0.8511490226 0.3131002784 0.4213235378 -0.1738258302 0.5892357826 -0.7890410423 -0.4953078628 -0.7448284626 -0.4471025467
-246.6 192.2 2863.9 0.0420900360 0.9819871187 -0.1842002571 -0.9885549545 0.0676639527 0.1348359734 0.1448708922 0.1764168143 0.9735961556
-235.7 -64.1 2901.4 0.1399825662 0.9819871187 -0.1269101501 -0.8876494765 0.0676639527 -0.4555216432 -0.4387291372 0.1764168143 0.8811321259
-346.0 -149.6 2572.3 -0.9191279411 0.1836831421 0.3485173881 0.1485420167 0.9809417129 -0.1252544224 -0.3648823500 -0.0633553639 -0.9288955331
-419.0 -539.2 2597.4 -0.9196407199 0.0259334035 0.3919035494 0.1336864978 0.9589058161 0.2502550781 -0.3693086207 0.2825369835 -0.8853157759
-313.5 -182.2 2749.2 -0.5137950182 0.1408212632 0.8462765813 0.0009783300 0.9865319133 -0.1635659188 -0.8579124212 -0.0832114220 -0.5070129633
-369.4 -573.9 2782.2 -0.5025370121 -0.2557522953 0.8258615732 -0.0434017889 0.9615023732 0.2713474631 -0.8634656072 0.1005182788 -0.4942906797
-12.3 91.5 2582.8 0 0 0 0 0 0 0 0 0
-196.3 -313.5 2778.1 0 0 0 0 0 0 0 0 0
-428.5 -893.2 2493.2 0 0 0 0 0 0 0 0 0
-287.0 -883.3 2749.9 0 0 0 0 0 0 0 0 0
-254.4 416.9 2772.2 42 0.1563726664 0.1150254980 -0.9809774160 -0.2415114790 0.9674994349 0.0749469921 0.9577159286 0.2251976430 0.1790704429
-277.7 221.3 2726.7 0.1563726664 0.1150254980 -0.9809774160 -0.2415114790 0.9674994349 0.0749469921 0.9577159286 0.2251976430 0.1790704429
-301.2 27.6 2689.6 0.1608179212 0.1183774993 -0.9798593521 -0.2045114934 0.9752314687 0.0842532665 0.9655633569 0.1868430525 0.1810442507
-301.1 251.1 2586.0 -0.2690529227 0.3019830287 -0.9145582318 0.8187527061 0.5717803836 -0.0520686693 0.5072026253 -0.7628062963 -0.4010886252
-233.4 45.0 2458.3 -0.8610828519 0.3019830287 0.4090752006 -0.1797563434 0.5717803836 -0.8004716039 -0.4756300449 -0.7628062963 -0.4380669594
-254.2 191.6 2867.5 0.0253813583 0.9731500745 -0.2287678719 -0.9889218211 0.0579211116 0.1366702169 0.1462511271 0.2227646708 0.9638394713
-247.6 -64.9 2905.4 0.1517894119 0.9731500745 -0.1730286926 -0.8890404105 0.0579211116 -0.4541500509 -0.4319341481 0.2227646708 0.8739615679
-342.8 -147.8 2564.8 -0.9021434784 0.1939496249 0.3853838742 0.1438809484 0.9773705602 -0.1550645977 -0.4067375660 -0.0844411179 -0.9096341133
-419.8 -536.0 2598.4 -0.9021682143 0.0253085662 0.4306414425 0.1429594904 0.9594066739 0.2431078255 -0.4070075452 0.2808884382 -0.8691642880
-304.7 -184.7 2740.0 -0.4767697453 0.1663750857 0.8631395698 -0.0184351802 0.9798163176 -0.1990481615 -0.8788349032 -0.1108122692 -0.4640795887
-370.7 -573.6 2784.0 -0.4715526104 -0.2609428465 0.8423461318 -0.0380035937 0.9603424668 0.2762211561 -0.8810186386 0.0982406214 -0.4627687335
-12.2 91.2 2580.5 0 0 0 0 0 0 0 0 0
-205.0 -314.8 2784.0 0 0 0 0 0 0 0 0 0
-429.2 -894.1 2493.6 0 0 0 0 0 0 0 0 0
-285.5 -887.0 2751.9 0 0 0 0 0 0 0 0 0
-254.4 416.2 2774.0 43 0.1541160494 0.1221923754 -0.9804678559 -0.2440329343 0.9662882686 0.0820666030 0.9574425220 0.2266186625 0.1787395030
-279.1 220.7 2728.2 0.1541160494 0.1221923754 -0.9804678559 -0.2440329343 0.9662882686 0.0820666030 0.9574425220 0.2266186625 0.1787395030
-303.3 27.1 2690.4 0.1586714834 0.1215461865 -0.9798213840 -0.2077640593 0.9742832184 0.0872140378 0.9652240276 0.1897332817 0.1798438877
-302.3 251.0 2587.3 -0.2657003403 0.2889552414 -0.9197326899 0.8222847581 0.5659310222 -0.0597484447 0.5032406449 -0.7721573114 -0.3879715800
-235.5 44.4 2460.9 -0.8679848909 0.2889552414 0.4038651586 -0.1853857785 0.5659310222 -0.8033394217 -0.4606889784 -0.7721573114 -0.4376513958
-255.9 190.4 2869.0 0.0218411945 0.9729887247 -0.2298171967 -0.9893437028 0.0541331135 0.1351615936 0.1439514160 0.2244161069 0.9638025761
-250.3 -66.2 2906.3 0.1495965868 0.9729887247 -0.1758233309 -0.8882403374 0.0541331135 -0.4561784267 -0.4343385994 0.2244161069 0.8723459244
-339.5 -147.4 2564.1 -0.9009881020 0.2058457136 0.3819004297 0.1484001279 0.9733998179 -0.1745571196 -0.4076736569 -0.1005998179 -0.9075692296
-421.2 -534.1 2604.0 -0.9011009336 0.0155519433 0.4333304167 0.1425275356 0.9544499516 0.2621282637 -0.4095155895 0.2979655266 -0.8622723222
-310.0 -184.8 2740.8 -0.4778839946 0.1531816423 0.8649637699 -0.0285493527 0.9814493656 -0.1895840168 -0.8779588938 -0.1152933240 -0.4646456838
-370.9 -574.6 2786.6 -0.4783681631 -0.2627150118 0.8379407525 -0.0267865639 0.9581225514 0.2851029038 -0.8777507544 0.1139385998 -0.4653725624
-13.2 91.9 2578.8 0 0 0 0 0 0 0 0 0
-208.2 -316.0 2784.2 0 0 0 0 0 0 0 0 0
-427.1 -895.8 2491.1 0 0 0 0 0 0 0 0 0
-286.1 -883.7 2749.8 0 0 0 0 0 0 0 0 0
-253.6 416.1 2774.9 44 0.1642754376 0.1324668229 -0.9774794579 -0.2378088385 0.9670318365 0.0910847634 0.9573194385 0.2174902707 0.1903613508
-280.4 220.4 2730.9 0.1642754376 0.1324668229 -0.9774794579 -0.2378088385 0.9670318365 0.0910847634 0.9573194385 0.2174902707 0.1903613508
-303.5 26.1 2696.2 0.1700447798 0.1160115004 -0.9785837531 -0.1926524490 0.9777977467 0.0824418366 0.9664211273 0.1745077372 0.1886193007
-305.2 248.5 2589.8 -0.2795554996 0.2881458104 -0.9158715606 0.8172196150 0.5721272230 -0.0694444403 0.5039849281 -0.7678818107 -0.3954197168
-235.3 43.9 2463.6 -0.8677060008 0.2881458104 0.4050410986 -0.1831867099 0.5721272230 -0.7994455099 -0.4620918930 -0.7678818107 -0.4436537325
-255.6 192.3 2871.9 0.0310221743 0.9747437835 -0.2211609483 -0.9869452119 0.0648586825 0.1474194080 0.1580403596 0.2137004733 0.9640308022
-247.5 -63.8 2912.9 0.1522067487 0.9747437835 -0.1634247303 -0.8931720853 0.0648586825 -0.4450134933 -0.4231746495 0.2137004733 0.8804858327
-342.0 -147.4 2564.3 -0.9038264751 0.2064005733 0.3748286664 0.1471359432 0.9724696279 -0.1807036996 -0.4018068314 -0.1081740186 -0.9093127251
-424.0 -533.8 2607.3 -0.9039845467 0.0069222976 0.4275090396 0.1351820678 0.9532064199 0.2704132795 -0.4056324959 0.3022409678 -0.8626196384
-312.9 -185.5 2741.2 -0.4849691391 0.1431243122 0.8627400398 -0.0340539590 0.9826782346 -0.1821641177 -0.8738679886 -0.1177236810 -0.4716946781
-369.8 -575.8 2787.9 -0.4875756204 -0.2596645653 0.8335732222 -0.0245233867 0.9584456682 0.2842190266 -0.8727362752 0.1181362271 -0.4736826122
-12.6 90.9 2582.2 0 0 0 0 0 0 0 0 0
-204.7 -315.0 2793.9 0 0 0 0 0 0 0 0 0
-426.6 -897.4 2492.0 0 0 0 0 0 0 0 0 0
-285.7 -886.1 2749.7 0 0 0 0 0 0 0 0 0
-254.7 412.7 2764.8 45 0.1442301869 0.1378745437 -0.9798919559 -0.2024472058 0.9734119773 0.1071645990 0.9686138630 0.1829200089 0.1683077067
-282.6 216.1 2727.9 0.1442301869 0.1378745437 -0.9798919559 -0.2024472058 0.9734119773 0.1071645990 0.9686138630 0.1829200089 0.1683077067
-305.0 20.8 2699.6 0.1498749554 0.1125448719 -0.9822785258 -0.1583380401 0.9834094048 0.0885154083 0.9759439230 0.1422658116 0.1652085781
-304.4 239.2 2585.5 -0.3010294735 0.3046697378 -0.9036357999 0.8019926548 0.5935594440 -0.0670445487 0.5159350634 -0.7448916435 -0.4230217636
-232.2 46.7 2461.6 -0.8561037779 0.3046697378 0.4174478650 -0.1721120328 0.5935594440 -0.7861708999 -0.4873025715 -0.7448916435 -0.4557111263
-260.7 193.0 2870.3 0.0271942727 0.9700894356 -0.2412196845 -0.9807275534 0.0725969747 0.1813922971 0.1934785694 0.2316379547 0.9533676505
-253.6 -61.3 2920.5 0.1605907381 0.9700894356 -0.1820359230 -0.9075060487 0.0725969747 -0.4137178063 -0.3881280124 0.2316379547 0.8920204639
-342.1 -150.5 2572.9 -0.8924004436 0.2000947595 0.4044546485 0.1459133327 0.9761148095 -0.1609632522 -0.4270020723 -0.0846283585 -0.9002817869
-421.6 -538.3 2606.5 -0.8923577666 0.0114212688 0.4511841834 0.1502299011 0.9501904249 0.2730734646 -0.4255920649 0.3114605844 -0.8496256471
-310.9 -185.8 2750.1 -0.4586362243 0.1399085373 0.8775411248 -0.0096732462 0.9866833687 -0.1623649448 -0.8885714412 -0.0829551145 -0.4511753619
-366.5 -577.6 2783.0 -0.4540529251 -0.2532551587 0.8542234898 -0.0273846351 0.9622654915 0.2707308233 -0.8905537724 0.0995335206 -0.4438547492
-11.7 91.0 2587.1 0 0 0 0 0 0 0 0 0
-208.5 -316.3 2811.4 0 0 0 0 0 0 0 0 0
-425.9 -898.7 2488.4 0 0 0 0 0 0 0 0 0
-285.7 -884.7 2751.2 0 0 0 0 0 0 0 0 0
-250.0 420.5 2759.8 46 0.1355491132 0.1682680994 -0.9763771296 -0.2089353055 0.9681654572 0.1378466934 0.9684897661 0.1853146553 0.1663911194
-284.0 224.6 2722.3 0.1355491132 0.1682680994 -0.9763771296 -0.2089353055 0.9681654572 0.1378466934 0.9684897661 0.1853146553 0.1663911194
-308.4 29.3 2695.3 0.1439121962 0.1224370524 -0.9819869995 -0.1527988911 0.9831654429 0.1001909971 0.9777227640 0.1356278062 0.1601977497
-305.0 246.9 2579.5 -0.3190650642 0.3479383290 -0.8815534115 0.8237669468 0.5617525578 -0.0764332935 0.4686208069 -0.7505818009 -0.4658557177
-225.1 40.5 2462.1 -0.8290767074 0.3479383290 0.4376879632 -0.1894024909 0.5617525578 -0.8053327203 -0.5260784626 -0.7505818009 -0.3998355567
-263.0 202.3 2865.0 0.0160229746 0.9698106647 -0.2433322072 -0.9795062542 0.0640923604 0.1909441054 0.2007753700 0.2352859378 0.9509625435
-258.8 -51.8 2917.1 0.1526721716 0.9698106647 -0.1901538968 -0.9119340181 0.0640923604 -0.4053005874 -0.3808774054 0.2352859378 0.8941884041
-341.1 -160.0 2582.0 -0.8864189982 0.2087471932 0.4131415486 0.1639050543 0.9762597680 -0.1416050494 -0.4328931272 -0.0578054264 -0.8995899558
-424.1 -547.7 2604.9 -0.8866349459 0.0079111289 0.4624023139 0.1497708857 0.9508818388 0.2709102929 -0.4375467598 0.3094529510 -0.8442699313
-313.7 -189.0 2760.8 -0.4510481358 0.1372384280 0.8818849921 0.0146546084 0.9891124964 -0.1464298666 -0.8923792839 -0.0531232394 -0.4481485188
-368.2 -581.7 2781.9 -0.4379855990 -0.2607412040 0.8603386879 -0.0357729606 0.9613113999 0.2731313109 -0.8982699513 0.0888507217 -0.4303680360
-10.5 89.5 2598.3 0 0 0 0 0 0 0 0 0
-215.9 -308.2 2810.0 0 0 0 0 0 0 0 0 0
-427.0 -900.6 2490.1 0 0 0 0 0 0 0 0 0
-284.8 -889.3 2753.4 0 0 0 0 0 0 0 0 0
-253.0 417.1 2767.8 47 0.1119612008 0.1547922045 -0.9815824032 -0.2021380961 0.9706881642 0.1300179511 0.9729362130 0.1838582456 0.1399688125
-284.3 220.5 2730.5 0.1119612008 0.1547922045 -0.9815824032 -0.2021380961 0.9706881642 0.1300179511 0.9729362130 0.1838582456 0.1399688125
-309.8 25.3 2703.1 0.1189973056 0.1279347092 -0.9846178889 -0.1535397470 0.9821065068 0.1090521440 0.9809511900 0.1382010579 0.1365110874
-301.7 242.9 2587.3 -0.3022245765 0.3256278038 -0.8958944082 0.8132447004 0.5783782601 -0.0641219392 0.4972859919 -0.7479606271 -0.4396152198
-226.4 40.2 2463.4 -0.8352782726 0.3256278038 0.4430312812 -0.1947018504 0.5783782601 -0.7921929955 -0.5141997337 -0.7479606271 -0.4197064638
-267.0 198.1 2873.7 0.0025116170 0.9644157290 -0.2643784583 -0.9795193076 0.0556015298 0.1935210973 0.2013346404 0.2584777474 0.9448034763
-266.3 -56.1 2926.0 0.1536478698 0.9644157290 -0.2151618302 -0.9134695530 0.0556015298 -0.4030903578 -0.3767833412 0.2584777474 0.8895074725
-345.9 -152.0 2578.8 -0.8779104948 0.2129979581 0.4288415015 0.1550937891 0.9738228321 -0.1661775261 -0.4530111253 -0.0793783367 -0.8879639506
-430.5 -538.8 2610.3 -0.8777959347 -0.0141834021 0.4788247347 0.1396392286 0.9485749602 0.2840888500 -0.4582304955 0.3162347674 -0.8306746483
-319.5 -180.0 2758.0 -0.4350235164 0.1382732987 0.8897387385 -0.0212333146 0.9862883091 -0.1636596471 -0.9001687169 -0.0900878981 -0.4261226356
-374.4 -571.6 2793.8 -0.4390352964 -0.2722965181 0.8562141061 -0.0073414654 0.9540246725 0.2996381521 -0.8984398246 0.1252658665 -0.4208495617
-10.9 90.5 2596.1 0 0 0 0 0 0 0 0 0
-223.1 -312.9 2820.0 0 0 0 0 0 0 0 0 0
-425.1 -900.7 2489.7 0 0 0 0 0 0 0 0 0
-283.6 -890.0 2752.0 0 0 0 0 0 0 0 0 0
-253.7 415.6 2771.8 48 0.1341455430 0.1492307484 -0.9796607494 -0.1950716823 0.9732292295 0.1215397641 0.9715719223 0.1748000532 0.1596650630
-284.0 218.3 2736.3 0.1341455430 0.1492307484 -0.9796607494 -0.1950716823 0.9732292295 0.1215397641 0.9715719223 0.1748000532 0.1596650630
-308.0 22.9 2709.2 0.1399611533 0.1211178005 -0.9827213883 -0.1529854685 0.9832176566 0.0993904620 0.9782670140 0.1364312917 0.1561415493
-304.4 240.6 2593.5 -0.2913053632 0.2690367401 -0.9180198312 0.8054409623 0.5867461562 -0.0836289376 0.5161453485 -0.7637723684 -0.3876155019
-232.0 40.5 2465.2 -0.8669797182 0.2690367401 0.4194822609 -0.1978514045 0.5867461562 -0.7852284908 -0.4573849142 -0.7637723684 -0.4554677308
-263.5 196.0 2879.2 0.0160709471 0.9687845111 -0.2473828197 -0.9795776606 0.0648492351 0.1903211921 0.2004228234 0.2392720431 0.9500418901
-259.4 -58.2 2931.2 0.1550115496 0.9687845111 -0.1934630573 -0.9116832018 0.0648492351 -0.4057441056 -0.3805326819 0.2392720431 0.8932769895
-346.1 -155.7 2585.7 -0.8852383494 0.2020802498 0.4189471006 0.1611953229 0.9781612754 -0.1312118322 -0.4363131523 -0.0486214273 -0.8984802365
-426.4 -544.2 2605.0 -0.8854181767 -0.0013641183 0.4647932649 0.1405096352 0.9524217844 0.2704621553 -0.4430481791 0.3047800660 -0.8430998921
-324.3 -183.8 2765.5 -0.4507326186 0.1191369370 0.8846731186 -0.0098276734 0.9903314710 -0.1383728236 -0.8926048875 -0.0710634217 -0.4452038407
-371.6 -577.1 2793.7 -0.4550090432 -0.2687681913 0.8489584327 0.0051304586 0.9525573850 0.3043158650 -0.8904720545 0.1428220123 -0.4320433140
-11.0 90.9 2581.8 0 0 0 0 0 0 0 0 0
-215.8 -314.6 2824.2 0 0 0 0 0 0 0 0 0
-425.9 -901.5 2490.6 0 0 0 0 0 0 0 0 0
-284.9 -884.4 2747.6 0 0 0 0 0 0 0 0 0
-254.9 416.5 2774.3 49 0.1408017576 0.1415871084 -0.9798611999 -0.2082603127 0.9718116522 0.1104978845 0.9678856134 0.1885078996 0.1663197577
-283.5 220.2 2736.2 0.1408017576 0.1415871084 -0.9798611999 -0.2082603127 0.9718116522 0.1104978845 0.9678856134 0.1885078996 0.1663197577
-306.4 25.1 2706.3 0.1462891847 0.1153525859 -0.9824934006 -0.1665356308 0.9818750620 0.0904835239 0.9751232266 0.1503833979 0.1628480256
-304.8 244.5 2593.8 -0.2769587934 0.2581667602 -0.9255505204 0.8104416132 0.5802391171 -0.0806660205 0.5162153244 -0.7724457979 -0.3699313998
-235.7 42.1 2464.9 -0.8781483173 0.2581667602 0.4027473629 -0.1923771948 0.5802391171 -0.7913997769 -0.4380028844 -0.7724457979 -0.4598706067
-262.1 195.9 2878.6 0.0236428361 0.9696235657 -0.2434567213 -0.9822956324 0.0678005666 0.1746379137 0.1858395487 0.2350175381 0.9540599585
-255.9 -59.0 2926.8 0.1589827538 0.9696235657 -0.1858887970 -0.9048749804 0.0678005666 -0.4202431440 -0.3948743045 0.2350175381 0.8881672621
-344.9 -158.4 2592.4 -0.8871449232 0.1941537112 0.4186623991 0.1692726761 0.9808645248 -0.0961851031 -0.4293257892 -0.0144620202 -0.9030339122
-422.0 -547.8 2598.1 -0.8878181577 0.0159848873 0.4599167109 0.1454675049 0.9579013586 0.2475159913 -0.4365983307 0.2866521180 -0.8527675271
-319.3 -186.4 2771.8 -0.4532651007 0.1205691323 0.8831838965 0.0194974989 0.9919139147 -0.1254061013 -0.8911625147 -0.0396223366 -0.4519507587
-367.2 -580.3 2787.5 -0.4468024075 -0.2600740194 0.8559959531 -0.0048282789 0.9574998617 0.2883933485 -0.8946196437 0.1247218624 -0.4290689528
-12.2 91.1 2576.3 0 0 0 0 0 0 0 0 0
-211.2 -313.4 2815.8 0 0 0 0 0 0 0 0 0
-427.9 -901.0 2492.5 0 0 0 0 0 0 0 0 0
-284.1 -885.9 2747.7 0 0 0 0 0 0 0 0 0
-255.5 418.4 2775.0 50 0.1197487041 0.1446413696 -0.9822113514 -0.2208631337 0.9684197903 0.1156833470 0.9679254889 0.2030813396 0.1479129642
-284.7 222.9 2734.0 0.1197487041 0.1446413696 -0.9822113514 -0.2208631337 0.9684197903 0.1156833470 0.9679254889 0.2030813396 0.1479129642
-307.3 27.9 2703.0 0.1264920533 0.1140200049 -0.9853929281 -0.1700371504 0.9811614752 0.0917032063 0.9772855639 0.1559536755 0.1434967816
-303.1 247.7 2591.3 -0.2657197714 0.2679992616 -0.9260504246 0.8096541166 0.5834656954 -0.0634660125 0.5233098269 -0.7666447163 -0.3720251024
-237.2 46.7 2461.3 -0.8804215193 0.2679992616 0.3911960721 -0.1747925580 0.5834656954 -0.7931048870 -0.4408010244 -0.7666447163 -0.4668514729
-266.2 198.1 2876.7 0.0182837807 0.9648406506 -0.2621987164 -0.9829457402 0.0653402284 0.1718961298 0.1829845011 0.2545842230 0.9495807290
-261.4 -57.0 2924.2 0.1653276533 0.9648406506 -0.2043263018 -0.9038615227 0.0653402284 -0.4228060544 -0.3945897520 0.2545842230 0.8828849196
-342.7 -154.7 2587.0 -0.8793281317 0.2062347233 0.4292426407 0.1662997901 0.9775977135 -0.1290237755 -0.4462357759 -0.0420712829 -0.8939259648
-424.6 -542.8 2603.7 -0.8795764446 0.0040274723 0.4757404923 0.1476328671 0.9529115558 0.2648851275 -0.4522717893 0.3032216430 -0.8387531638
-315.9 -185.2 2765.8 -0.4371427596 0.1421255320 0.8880915046 0.0097912690 0.9881287813 -0.1533154398 -0.8993388414 -0.0583251975 -0.4333449602
-372.3 -577.6 2789.0 -0.4322880507 -0.2754042149 0.8586498499 -0.0072525810 0.9532502294 0.3020950854 -0.9017063975 0.1243646741 -0.4140760601
-12.9 91.2 2573.6 0 0 0 0 0 0 0 0 0
-214.9 -311.2 2813.2 0 0 0 0 0 0 0 0 0
-426.1 -897.9 2490.7 0 0 0 0 0 0 0 0 0
-281.3 -892.6 2747.9 0 0 0 0 0 0 0 0 0
-256.6 418.8 2775.4 51 0.0996449664 0.1435442269 -0.9846146107 -0.2242249548 0.9673265815 0.1183318421 0.9694297314 0.2089839876 0.1285754293
-285.5 223.9 2733.3 0.0996449664 0.1435442269 -0.9846146107 -0.2242249548 0.9673265815 0.1183318421 0.9694297314 0.2089839876 0.1285754293
-307.4 29.1 2700.7 0.1059849933 0.1101846620 -0.9882441759 -0.1755587310 0.9803030491 0.0904713348 0.9787473083 0.1639062762 0.1232412979
-301.0 249.5 2590.4 -0.2570558190 0.2789236903 -0.9252696037 0.8088618517 0.5860317349 -0.0480557233 0.5288335085 -0.7607682943 -0.3762536049
-237.2 48.8 2459.1 -0.8792339563 0.2789236903 0.3861984611 -0.1627514064 0.5860317349 -0.7937750220 -0.4477272034 -0.7607682943 -0.4698637724
-270.0 198.2 2876.2 0.0150101548 0.9592257142 -0.2822423577 -0.9839615226 0.0643497780 0.1663695872 0.1777482182 0.2752183974 0.9448070526
-266.1 -57.1 2922.3 0.1741295457 0.9592257142 -0.2226319015 -0.9015429020 0.0643497780 -0.4278779626 -0.3961052299 0.2752183974 0.8759883046
-341.6 -151.4 2582.4 -0.8709243536 0.2108284086 0.4438943267 0.1633531302 0.9761320353 -0.1431154758 -0.4634722769 -0.0521312244 -0.8845766187
-425.3 -539.2 2603.1 -0.8710971475 0.0017605782 0.4911075830 0.1461762786 0.9556002021 0.2558529675 -0.4688520432 0.2946610749 -0.8326779604
-318.4 -182.6 2761.6 -0.4219377637 0.1322150677 0.8969323635 -0.0126931127 0.9883509278 -0.1516620368 -0.9065359235 -0.0753768086 -0.4153443575
-370.9 -575.2 2791.6 -0.4289987087 -0.2650328279 0.8635494709 0.0122068189 0.9542004466 0.2989187837 -0.9032226205 0.1387769729 -0.4061155617
-12.5 90.4 2573.6 0 0 0 0 0 0 0 0 0
-217.1 -310.6 2810.9 0 0 0 0 0 0 0 0 0
-426.0 -899.6 2492.0 0 0 0 0 0 0 0 0 0
-283.1 -891.0 2745.6 0 0 0 0 0 0 0 0 0
-258.4 418.4 2776.1 52 0.1138700545 0.1362414360 -0.9841096997 -0.2364745885 0.9658005238 0.1063445210 0.9649421573 0.2206074744 0.1421933919
-285.8 223.7 2731.6 0.1138700545 0.1362414360 -0.9841096997 -0.2364745885 0.9658005238 0.1063445210 0.9649421573 0.2206074744 0.1421933919
-306.3 29.0 2697.5 0.1203598455 0.1031471789 -0.9873571396 -0.1837318540 0.9797194600 0.0799521878 0.9755798578 0.1717859358 0.1368703097
-303.4 250.5 2589.1 -0.2633879781 0.2729460895 -0.9252714515 0.8081617951 0.5861828327 -0.0571332797 0.5267839432 -0.7628172040 -0.3749780953
-238.0 49.8 2458.3 -0.8843917847 0.2729460895 0.3786180317 -0.1591754258 0.5861828327 -0.7943883538 -0.4387645721 -0.7628172040 -0.4749689996
-268.2 196.9 2874.1 0.0264359657 0.9621038437 -0.2713988423 -0.9854062200 0.0707492009 0.1548197865 0.1681539565 0.2633453012 0.9499334097
-261.4 -58.8 2917.7 0.1772868931 0.9621038437 -0.2071848363 -0.8960750103 0.0707492009 -0.4382283986 -0.4069630802 0.2633453012 0.8746601343
-339.0 -149.6 2578.4 -0.8784813881 0.2133174539 0.4275115132 0.1589481235 0.9743114710 -0.1595388204 -0.4505617917 -0.0721997395 -0.8898209333
-423.7 -536.7 2607.1 -0.8785257936 0.0009448082 0.4776939452 0.1503724307 0.9497072697 0.2746711969 -0.4534099102 0.3131377399 -0.8344843984
-319.5 -181.8 2757.9 -0.4336712658 0.1389159560 0.8902986050 -0.0089185638 0.9873345494 -0.1584010720 -0.9010270238 -0.0766341835 -0.4269397259
-374.7 -574.1 2788.3 -0.4343657196 -0.2762910426 0.8573153615 -0.0065286537 0.9527344108 0.3037343919 -0.9007129669 0.1263346821 -0.4156389534
-12.4 90.4 2570.2 0 0 0 0 0 0 0 0 0
-211.5 -310.8 2803.2 0 0 0 0 0 0 0 0 0
-424.1 -899.1 2487.6 0 0 0 0 0 0 0 0 0
-283.7 -887.9 2746.7 0 0 0 0 0 0 0 0 0
-256.5 414.9 2765.4 53 0.1452955753 0.1518896669 -0.9776598215 -0.2421148717 0.9635604620 0.1137171164 0.9593068361 0.2201834023 0.1767758280
-287.2 220.5 2721.0 0.1452955753 0.1518896669 -0.9776598215 -0.2421148717 0.9635604620 0.1137171164 0.9593068361 0.2201834023 0.1767758280
-307.9 26.2 2684.9 0.1513618529 0.1041377485 -0.9829775691 -0.1961159110 0.9778301716 0.0733939111 0.9688282013 0.1816685200 0.1684292555
-309.3 249.1 2579.6 -0.2907889783 0.2788836360 -0.9152407646 0.8138612509 0.5750494003 -0.0833551288 0.5030623078 -0.7691177726 -0.3941906095
-238.4 50.9 2457.0 -0.8860567212 0.2788836360 0.3703071177 -0.1547468007 0.5750494003 -0.8033502698 -0.4369861186 -0.7691177726 -0.4663700461
-265.1 191.9 2862.4 0.0357538313 0.9695031643 -0.2424568236 -0.9874380827 0.0716356486 0.1408345401 0.1539080888 0.2343757302 0.9598855972
-255.8 -64.3 2902.4 0.1682931781 0.9695031643 -0.1781602055 -0.8897986412 0.0716356486 -0.4506957829 -0.4241883457 0.2343757302 0.8747183681
-337.9 -148.8 2573.9 -0.8925659060 0.2145070881 0.3966268301 0.1614309400 0.9733111858 -0.1631115079 -0.4210299253 -0.0815599337 -0.9033724666
-423.1 -535.5 2606.3 -0.8927851915 0.0045184782 0.4504600167 0.1446670294 0.9498605728 0.2771936655 -0.4266217053 0.3126410842 -0.8486751318
-315.8 -182.5 2752.8 -0.4634805322 0.1376709491 0.8753470778 -0.0145006655 0.9865462780 -0.1628377438 -0.8859884739 -0.0881652310 -0.4552486837
-370.5 -574.5 2787.8 -0.4617496431 -0.2663797140 0.8460668325 -0.0207537357 0.9568244219 0.2899245918 -0.8867674470 0.1163135320 -0.4473417401
-12.6 90.4 2568.4 0 0 0 0 0 0 0 0 0
-208.5 -314.5 2783.1 0 0 0 0 0 0 0 0 0
-424.8 -898.7 2486.7 0 0 0 0 0 0 0 0 0
-282.1 -892.1 2749.2 0 0 0 0 0 0 0 0 0
-254.8 420.2 2770.6 54 0.1644805074 0.1577370018 -0.9736863971 -0.2412100136 0.9635927081 0.1153552905 0.9564328790 0.2158892155 0.1965399534
-286.6 226.2 2727.1 0.1644805074 0.1577370018 -0.9736863971 -0.2412100136 0.9635927081 0.1153552905 0.9564328790 0.2158892155 0.1965399534
-307.6 32.1 2690.1 0.1697404832 0.1054841354 -0.9798271656 -0.2024352551 0.9767843485 0.0700876638 0.9644730091 0.1864548475 0.1871535629
-311.4 255.7 2586.3 -0.2931418717 0.2892095745 -0.9112769365 0.8062710166 0.5870168805 -0.0730632767 0.5138043761 -0.7561540604 -0.4052605331
-236.4 49.5 2454.9 -0.8726788163 0.2892095745 0.3934329450 -0.1629717499 0.5870168805 -0.7930014729 -0.4602954090 -0.7561540604 -0.4651442468
-261.8 196.6 2868.0 0.0406863801 0.9735347033 -0.2248882949 -0.9883825183 0.0722015947 0.1337421983 0.1464399695 0.2168341726 0.9651622772
-251.2 -59.8 2905.9 0.1622745097 0.9735347033 -0.1609257907 -0.8864732385 0.0722015947 -0.4571128488 -0.4333961308 0.2168341726 0.8747289181
-342.5 -150.1 2560.0 -0.9042033553 0.2021329105 0.3762426674 0.1452094615 0.9739335775 -0.1742629111 -0.4016596675 -0.1029351205 -0.9099856615
-422.8 -537.0 2600.9 -0.9043813348 0.0091174366 0.4266277850 0.1335883737 0.9555674195 0.2627641857 -0.4052758813 0.2946315408 -0.8654153347
-314.7 -186.0 2737.6 -0.4836813509 0.1271342933 0.8659614325 -0.0385077968 0.9853450060 -0.1661697924 -0.8743966222 -0.1137195006 -0.4716973305
-365.2 -577.5 2782.8 -0.4848271012 -0.2525950670 0.8373400569 -0.0341628566 0.9621255398 0.2704577148 -0.8739425540 0.1025192961 -0.4750939012
-13.6 91.1 2572.4 0 0 0 0 0 0 0 0 0
-205.6 -309.1 2784.1 0 0 0 0 0 0 0 0 0
-426.2 -897.4 2489.8 0 0 0 0 0 0 0 0 0
-283.2 -889.9 2749.5 0 0 0 0 0 0 0 0 0
-256.3 419.4 2772.7 55 0.1488105357 0.1521146595 -0.9770959616 -0.2493100762 0.9619501829 0.1117871404 0.9569221139 0.2269647717 0.1810720414
-286.8 226.5 2727.2 0.1488105357 0.1521146595 -0.9770959616 -0.2493100762 0.9619501829 0.1117871404 0.9569221139 0.2269647717 0.1810720414
-305.8 32.5 2689.0 0.1544161588 0.0956309587 -0.9833668470 -0.2054460943 0.9766567349 0.0627176091 0.9664096236 0.1923442632 0.1704585850
-309.4 256.6 2586.1 -0.2910047472 0.3081132770 -0.9057496786 0.8058717251 0.5891944170 -0.0584862009 0.5156422853 -0.7469378114 -0.4197581708
-235.0 50.7 2454.3 -0.8623515368 0.3081132770 0.4017661810 -0.1586008221 0.5891944170 -0.7922725081 -0.4808280766 -0.7469378114 -0.4592256844
-264.3 196.5 2868.3 0.0449592099 0.9691185355 -0.2424621433 -0.9886882305 0.0779289678 0.1281510144 0.1430883557 0.2339578867 0.9616597295
-252.6 -60.0 2905.4 0.1758633703 0.9691185355 -0.1728620678 -0.8834856153 0.0779289678 -0.4619310498 -0.4341949821 0.2339578867 0.8699071407
-344.1 -143.4 2564.6 -0.8970174193 0.2057245821 0.3911995888 0.1460679322 0.9733257294 -0.1769213080 -0.4171617031 -0.1015597805 -0.9031399488
-425.9 -530.2 2605.0 -0.8971158862 0.0026101959 0.4417875409 0.1344467551 0.9541664720 0.2673768401 -0.4208409786 0.2992649078 -0.8563488722
-313.0 -180.6 2741.4 -0.4685587585 0.1519634277 0.8702642322 -0.0403496996 0.9803850651 -0.1929171383 -0.8825103641 -0.1255079210 -0.4532363415
-373.3 -570.0 2791.3 -0.4753134251 -0.2675560117 0.8381473422 -0.0167574212 0.9552189708 0.2954248786 -0.8796569705 0.1263742149 -0.4585119486
-13.8 91.4 2577.7 0 0 0 0 0 0 0 0 0
-203.2 -308.5 2783.3 0 0 0 0 0 0 0 0 0
-426.9 -898.0 2489.6 0 0 0 0 0 0 0 0 0
-282.8 -893.3 2748.5 0 0 0 0 0 0 0 0 0
-258.2 415.7 2775.2 56 0.1340833008 0.1371005923 -0.9814403057 -0.2657462060 0.9590824842 0.0976713970 0.9546730518 0.2477179319 0.1650309116
-285.8 222.7 2725.4 0.1340833008 0.1371005923 -0.9814403057 -0.2657462060 0.9590824842 0.0976713970 0.9546730518 0.2477179319 0.1650309116
-304.1 29.1 2684.9 0.1400725842 0.0923100263 -0.9858288765 -0.2152612507 0.9746694565 0.0606794618 0.9664586186 0.2037112117 0.1563952416
-306.2 254.2 2584.2 -0.2777031064 0.2928146422 -0.9149538875 0.8113487959 0.5814571381 -0.0601723455 0.5143870711 -0.7590568066 -0.3990472555
-236.7 51.2 2455.5 -0.8756883144 0.2928146422 0.3839654922 -0.1557081342 0.5814571381 -0.7985377908 -0.4570830464 -0.7590568066 -0.4635815918
-265.3 191.3 2866.5 0.0433664992 0.9654710293 -0.2568755746 -0.9900799394 0.0759267583 0.1182237193 0.1336453110 0.2492004037 0.9591861367
-254.0 -65.6 2901.2 0.1828270108 0.9654710293 -0.1855801493 -0.8789239526 0.0759267583 -0.4708798528 -0.4405303597 0.2492004037 0.8624570370
-339.0 -142.7 2562.2 -0.8931687474 0.2053935975 0.4000787735 0.1386751384 0.9720495343 -0.1894437969 -0.4278069139 -0.1137242988 -0.8966872692
-420.6 -529.0 2607.4 -0.8930270076 0.0178706180 0.4496480823 0.1490900815 0.9545275569 0.2581651807 -0.4245879054 0.2975865602 -0.8550832272
-310.7 -180.4 2739.4 -0.4555862248 0.1465321332 0.8780487180 -0.0332091153 0.9828749299 -0.1812568903 -0.8895720243 -0.1117373630 -0.4429180622
-368.9 -570.9 2783.8 -0.4586896896 -0.2570017576 0.8506196737 -0.0217376892 0.9602208734 0.2783942223 -0.8883305788 0.1092060506 -0.4460300505
-12.9 91.0 2572.4 0 0 0 0 0 0 0 0 0
-202.6 -312.8 2777.3 0 0 0 0 0 0 0 0 0
-427.5 -898.7 2492.1 0 0 0 0 0 0 0 0 0
-284.4 -886.6 2747.8 0 0 0 0 0 0 0 0 0
-259.8 414.0 2776.0 57 0.1637201309 0.1253438741 -0.9785114527 -0.2331273109 0.9687169194 0.0850834250 0.9585652947 0.2141878754 0.1878195405
-284.9 219.4 2733.0 0.1637201309 0.1253438741 -0.9785114527 -0.2331273109 0.9687169194 0.0850834250 0.9585652947 0.2141878754 0.1878195405
-305.5 25.0 2697.7 0.1683751047 0.1038078442 -0.9802416563 -0.1935705394 0.9785586596 0.0703801960 0.9665300250 0.1778956354 0.1848590523
-309.5 247.7 2591.9 -0.2908584177 0.2824070752 -0.9141376615 0.7846718431 0.6170949936 -0.0590243861 0.5474408865 -0.7344657779 -0.4010841548
-236.5 50.6 2454.4 -0.8692837954 0.2824070752 0.4056992531 -0.1591752172 0.6170949936 -0.7706211805 -0.4679838419 -0.7344657779 -0.4914785028
-260.3 191.1 2874.0 0.0423632786 0.9730155468 -0.2268172354 -0.9869311452 0.0760821998 0.1420505941 0.1554742008 0.2178352773 0.9635224938
-249.3 -65.0 2914.4 0.1647368073 0.9730155468 -0.1615626514 -0.8900966048 0.0760821998 -0.4493767917 -0.4249585569 0.2178352773 0.8786113858
-335.3 -144.8 2555.8 -0.9024721384 0.2157234848 0.3728370368 0.1460289806 0.9675228000 -0.2063376158 -0.4052401781 -0.1317689270 -0.9046642184
-421.0 -529.3 2608.2 -0.9025288820 0.0121748662 0.4304572046 0.1421717554 0.9519758224 0.2711626887 -0.4064834714 0.3059310317 -0.8609166145
-309.6 -184.3 2733.1 -0.4811604321 0.1452392936 0.8645173311 -0.0405391492 0.9814382792 -0.1874447465 -0.8756946921 -0.1252377927 -0.4663413763
-367.3 -574.3 2782.8 -0.4819274545 -0.2578117549 0.8374240398 -0.0376882777 0.9609478712 0.2741509974 -0.8754001856 0.1005598232 -0.4728236496
-13.8 91.4 2574.3 0 0 0 0 0 0 0 0 0
-203.0 -315.2 2794.9 0 0 0 0 0 0 0 0 0
-425.7 -896.9 2490.0 0 0 0 0 0 0 0 0 0
-282.1 -891.7 2749.6 0 0 0 0 0 0 0 0 0
-258.3 414.3 2766.4 58 0.1711954921 0.1331412047 -0.9761995077 -0.2251963466 0.9698851109 0.0927874595 0.9591552019 0.2039517760 0.1960228682
-285.1 219.0 2725.3 0.1711954921 0.1331412047 -0.9761995077 -0.2251963466 0.9698851109 0.0927874595 0.9591552019 0.2039517760 0.1960228682
-306.3 24.2 2692.8 0.1766725779 0.1067285538 -0.9784660339 -0.1806567758 0.9807314873 0.0743561387 0.9675484300 0.1636298299 0.1925496012
-310.9 245.4 2584.1 -0.2995678186 0.2789140046 -0.9123957753 0.8057183623 0.5861141682 -0.0853706822 0.5109570026 -0.7607083321 -0.4003070593
-237.3 47.4 2458.4 -0.8763374686 0.2789140046 0.3927334845 -0.1686128825 0.5861141682 -0.7924897075 -0.4512231350 -0.7607083321 -0.4666053057
