-248.0 482.1 2365.7 4 0.4086455107 0.1081087217 -0.9062678218 -0.0463815331 0.9941368103 0.0976767093 0.9115139246 0.0021189428 0.4112637937
-269.3 286.1 2365.3 0.4086455107 0.1081087217 -0.9062678218 -0.0463815331 0.9941368103 0.0976767093 0.9115139246 0.0021189428 0.4112637937
-289.9 91.4 2365.6 0.4091106355 0.1051970050 -0.9064006209 -0.0420453474 0.9944505095 0.0964386091 0.9115155935 -0.0013441292 0.4112633169
-327.6 292.1 2235.4 0.1841558516 0.1966133416 -0.9630315900 0.9610141516 0.1695788801 0.2183914334 0.2062484771 -0.9657050371 -0.1577192545
-374.5 47.5 2182.9 -0.2727645934 0.1829774380 -0.9445203543 0.9480664730 0.2180794328 -0.2315411717 0.1636136621 -0.9586243629 -0.2329591215
-211.0 280.2 2495.2 0.3237900436 -0.6266909242 -0.7088148594 0.7223064303 0.6476147175 -0.2426284105 0.6110919714 -0.4334208965 0.6623540521
-149.8 416.7 2610.7 0.6661905646 -0.6266909242 -0.4042878151 0.7337946892 0.6476147175 0.2052815557 0.1331746727 -0.4334208965 0.8912972808
-346.9 -100.7 2287.8 0.2330967635 0.0307507608 -0.9719672203 -0.0935736895 0.9955711365 0.0090567330 0.9679410458 0.0888394639 0.2349418849
-359.0 -490.7 2253.0 0.2308851182 0.1290308237 -0.9643874168 -0.1107968837 0.9882071018 0.1056917831 0.9666520357 0.0824484602 0.2424585223
-272.2 -106.5 2452.2 -0.9991366267 -0.0086301137 0.0406391695 -0.0138743697 0.9913395643 -0.1305887401 -0.0391602181 -0.1310398430 -0.9906033874
-268.9 -494.8 2503.5 -0.9992324710 0.0218195431 0.0325324163 0.0312198382 0.9452117682 0.3249616027 -0.0236595087 0.3257278502 -0.9451674819
-302.0 -204.4 2139.5 0 0 0 0 0 0 0 0 0
12.7 595.6 2643.2 0 0 0 0 0 0 0 0 0
-407.6 -862.8 2221.9 0 0 0 0 0 0 0 0 0
-275.5 -782.0 2404.6 0 0 0 0 0 0 0 0 0
-247.6 482.7 2366.5 5 0.4054048359 0.1109653264 -0.9073773026 -0.0551236346 0.9937663078 0.0969014913 0.9124737382 0.0107336016 0.4089944959
-269.5 286.6 2364.4 0.4054048359 0.1109653264 -0.9073773026 -0.0551236346 0.9937663078 0.0969014913 0.9124737382 0.0107336016 0.4089944959
-290.9 92.0 2363.4 0.4060738385 0.1093070135 -0.9072794318 -0.0490865372 0.9939963222 0.0977846533 0.9125210047 0.0048274146 0.4090014100
-327.4 293.6 2234.4 0.1853511333 0.1991399229 -0.9622828364 0.9609030485 0.1682489067 0.2199036926 0.2056946456 -0.9654198885 -0.1601690203
-374.4 49.7 2182.1 -0.2651048005 0.1842051744 -0.9464607239 0.9490687251 0.2231744379 -0.2223999053 0.1702586263 -0.9572155476 -0.2339879721
-211.7 279.6 2494.4 0.3325384557 -0.6337802410 -0.6983844042 0.7189628482 0.6496105194 -0.2471811920 0.6103364229 -0.4199151993 0.6716849208
-146.9 419.7 2613.3 0.6653817892 -0.6337802410 -0.3944485784 0.7346864343 0.6496105194 0.1955556870 0.1322986335 -0.4199151993 0.8978687525
-347.4 -99.6 2283.5 0.2306739688 0.0404486880 -0.9721900225 -0.0736311153 0.9969964623 0.0240101386 0.9702411890 0.0660449192 0.2329594195
-363.3 -490.0 2257.6 0.2257691026 0.1124299392 -0.9676713347 -0.1189819798 0.9890637994 0.0871555507 0.9668875933 0.0954584256 0.2366771847
-273.5 -107.2 2448.2 -0.9990075231 -0.0102584902 0.0433443412 -0.0164147820 0.9894181490 -0.1441607922 -0.0414068028 -0.1447292119 -0.9886045456
-269.5 -494.7 2504.9 -0.9992333651 0.0197171643 0.0338214934 0.0296622384 0.9451228976 0.3253657818 -0.0255501755 0.3261195719 -0.9449831843
-304.0 -202.5 2136.9 0 0 0 0 0 0 0 0 0
15.4 598.9 2645.6 0 0 0 0 0 0 0 0 0
-405.6 -862.4 2221.7 0 0 0 0 0 0 0 0 0
-275.4 -780.5 2406.3 0 0 0 0 0 0 0 0 0
-247.8 484.2 2374.4 6 0.4109461308 0.1087712944 -0.9051475525 -0.0716260895 0.9936400056 0.0868864357 0.9088415504 0.0291265342 0.4161233902
-269.2 288.4 2368.7 0.4109461308 0.1087712944 -0.9051475525 -0.0716260895 0.9936400056 0.0868864357 0.9088415504 0.0291265342 0.4161233902
-290.1 93.8 2363.8 0.4114682078 0.1066379100 -0.9051642418 -0.0668088123 0.9939889312 0.0867325515 0.9089722037 0.0247852579 0.4161192179
-327.9 297.9 2239.1 0.1808735877 0.1934871823 -0.9642859697 0.9571664333 0.1907594204 0.2178146690 0.2260909826 -0.9623790979 -0.1506960988
-374.4 51.6 2181.0 -0.2531697750 0.1805924624 -0.9504164457 0.9483782649 0.2402985394 -0.2069667578 0.1910070479 -0.9537520409 -0.2321062982
-210.6 278.9 2498.2 0.3439736962 -0.6235997677 -0.7020009756 0.7341388464 0.6447256207 -0.2130001038 0.5854248405 -0.4420997798 0.6795774698
-144.3 420.4 2611.0 0.6594197750 -0.6235997677 -0.4198676646 0.7375657558 0.6447256207 0.2008125484 0.1454727799 -0.4420997798 0.8850906491
-349.0 -98.3 2280.0 0.2374914140 0.0337495208 -0.9708031416 -0.0647622198 0.9977228045 0.0188423321 0.9692283869 0.0583964735 0.2391363084
-362.2 -489.0 2257.2 0.2319291830 0.1207634136 -0.9652072787 -0.1126590818 0.9889210463 0.0966596007 0.9661867023 0.0863211825 0.2429647446
-275.6 -107.1 2445.0 -0.9991360307 -0.0160207171 0.0383477435 -0.0214261543 0.9892015457 -0.1449869871 -0.0356108509 -0.1456833631 -0.9886901379
-269.3 -494.6 2502.0 -0.9994468093 0.0193537809 0.0270474125 0.0269027408 0.9486008883 0.3153293729 -0.0195543841 0.3158825636 -0.9485967755
-307.2 -200.3 2130.2 0 0 0 0 0 0 0 0 0
17.0 600.8 2646.6 0 0 0 0 0 0 0 0 0
-407.7 -861.4 2224.6 0 0 0 0 0 0 0 0 0
-275.2 -783.9 2405.7 0 0 0 0 0 0 0 0 0
-247.3 483.8 2370.3 7 0.4758805931 0.1023668051 -0.8735322952 -0.0738535598 0.9943466783 0.0762909576 0.8764036298 0.0282080844 0.4807504416
-267.5 287.4 2364.8 0.4758805931 0.1023668051 -0.8735322952 -0.0738535598 0.9943466783 0.0762909576 0.8764036298 0.0282080844 0.4807504416
-287.4 92.6 2359.8 0.4761800766 0.1017162055 -0.8734450936 -0.0709351972 0.9944936037 0.0771407187 0.8764820099 0.0252251271 0.4807732999
-335.2 297.4 2240.2 0.1549458504 0.1257806569 -0.9798831344 0.9594050646 0.2174376249 0.1796186417 0.2356560081 -0.9679359794 -0.0869835392
-375.8 45.8 2178.4 -0.2570309639 0.1163546145 -0.9593730569 0.9418658018 0.2524428070 -0.2217237353 0.2163882554 -0.9605905414 -0.1744760573
-199.8 277.3 2489.3 0.2948270440 -0.5951821804 -0.7475528121 0.7337993979 0.6421254277 -0.2218407989 0.6120584011 -0.4831491411 0.6260602474
-141.7 422.0 2610.0 0.6504455209 -0.5951821804 -0.4718885720 0.7380175591 0.6421254277 0.2073764950 0.1795848757 -0.4831491411 0.8569225073
-348.2 -94.8 2276.8 0.3073506355 0.0295736473 -0.9511367083 -0.0583279394 0.9982230663 0.0121895913 0.9498070478 0.0517313667 0.3085294664
-359.8 -485.8 2256.5 0.2998250425 0.1264440268 -0.9455775023 -0.1222614795 0.9880968928 0.0933629498 0.9461274147 0.0876151547 0.3117154241
-273.8 -106.9 2441.1 -0.9994591475 -0.0095969457 -0.0314531811 -0.0045127235 0.9874461889 -0.1578913331 0.0325735956 -0.1576640010 -0.9869554043
-270.1 -493.7 2502.8 -0.9993660450 0.0149804996 -0.0322969034 0.0038171087 0.9470206499 0.3211500645 0.0353968218 0.3208231926 -0.9464774132
-307.3 -205.5 2120.6 0 0 0 0 0 0 0 0 0
18.0 603.2 2654.1 0 0 0 0 0 0 0 0 0
-407.4 -857.9 2223.5 0 0 0 0 0 0 0 0 0
-274.6 -782.5 2405.0 0 0 0 0 0 0 0 0 0
-247.3 481.6 2368.3 8 0.4786721170 0.1065003425 -0.8715105653 -0.0729599968 0.9940077662 0.0813968852 0.8749570251 0.0246229880 0.4835740626
-268.2 285.9 2363.5 0.4786721170 0.1065003425 -0.8715105653 -0.0729599968 0.9940077662 0.0813968852 0.8749570251 0.0246229880 0.4835740626
-289.3 91.2 2359.3 0.4789676070 0.1072954610 -0.8712506890 -0.0702125132 0.9940047860 0.0838136300 0.8750201464 0.0210286826 0.4836295545
-336.4 295.9 2238.9 0.1505551338 0.1244870573 -0.9807324409 0.9597824216 0.2193804234 0.1751855761 0.2369618416 -0.9676648378 -0.0864516422
-376.4 41.2 2176.0 -0.2588426471 0.1111893579 -0.9594985247 0.9374175668 0.2684454024 -0.2217777073 0.2329136431 -0.9568563104 -0.1737159789
-200.1 275.9 2488.0 0.3222320378 -0.5932329297 -0.7377270460 0.7399431467 0.6439089179 -0.1945903599 0.5904664397 -0.4831728339 0.6464467645
-134.3 427.0 2608.5 0.6058754921 -0.5941464901 -0.5290603638 0.7530530691 0.6427749991 0.1405395120 0.2565657198 -0.4835599661 0.8368654847
-350.3 -95.8 2275.8 0.3105494678 0.0216122959 -0.9503114820 -0.0538917556 0.9985337853 0.0050978572 0.9490283132 0.0496308170 0.3112588525
-358.8 -486.9 2256.4 0.3016126752 0.1299769878 -0.9445294142 -0.1286437809 0.9871528149 0.0947631374 0.9447119236 0.0929260701 0.3144585192
-264.4 -108.5 2433.8 -0.9998235703 0.0178787317 0.0057556881 0.0164631139 0.9817133546 -0.1896520704 -0.0090411743 -0.1895238608 -0.9818344712
-271.4 -492.7 2508.0 -0.9998235703 0.0124524180 0.0140610905 0.0164631139 0.9413828254 0.3369381726 -0.0090411743 0.3371102214 -0.9414217472
-307.0 -210.1 2113.6 0 0 0 0 0 0 0 0 0
15.1 612.6 2671.8 0 0 0 0 0 0 0 0 0
-407.7 -858.7 2221.4 0 0 0 0 0 0 0 0 0
-275.3 -785.1 2403.3 0 0 0 0 0 0 0 0 0
-247.1 482.7 2367.3 9 0.4859264493 0.1048924848 -0.8676825762 -0.0685365498 0.9942882061 0.0818152204 0.8713083267 0.0197117925 0.4903399050
-267.7 287.2 2363.4 0.4859264493 0.1048924848 -0.8676825762 -0.0685365498 0.9942882061 0.0818152204 0.8713083267 0.0197117925 0.4903399050
-288.4 92.4 2359.6 0.4858952165 0.1055721566 -0.8676176071 -0.0688314959 0.9942171574 0.0824288875 0.8713024855 0.0196676161 0.4903520644
-336.9 297.0 2239.3 0.1488854736 0.1169351041 -0.9819161296 0.9598496556 0.2216461301 0.1719351262 0.2377431542 -0.9680904746 -0.0792402253
-377.0 38.4 2175.3 -0.2628873587 0.0997025147 -0.9596611857 0.9318299294 0.2841351926 -0.2257435471 0.2501663268 -0.9535861611 -0.1676013470
-198.5 277.4 2487.5 0.3326429129 -0.5972120166 -0.7298537493 0.7403861880 0.6447348595 -0.1901191622 0.5841035843 -0.4771318138 0.6566339731
-131.1 427.5 2606.0 0.5891146660 -0.6069378853 -0.5334513187 0.7645785809 0.6323024631 0.1249525473 0.2614641786 -0.4814768434 0.8365503550
-353.5 -97.1 2276.2 0.3179413378 0.0113496864 -0.9480424523 -0.0582604855 0.9982725978 -0.0075875693 0.9463186860 0.0576458164 0.3180533648
-358.0 -488.1 2253.6 0.3103021681 0.1335387528 -0.9412119985 -0.1193526015 0.9877228737 0.1007891074 0.9431158900 0.0810610205 0.3224307299
-267.0 -109.8 2434.2 -0.9999497533 0.0099319825 -0.0013804524 0.0100189010 0.9838970304 -0.1784551889 -0.0004141908 -0.1784600466 -0.9839470983
-270.9 -495.0 2504.0 -0.9999172091 0.0123392930 0.0036570753 0.0128574371 0.9453113079 0.3259159029 0.0005644968 0.3259359300 -0.9453917146
-306.4 -212.2 2108.0 0 0 0 0 0 0 0 0 0
14.6 616.5 2670.6 0 0 0 0 0 0 0 0 0
-408.3 -860.1 2223.1 0 0 0 0 0 0 0 0 0
-274.7 -782.0 2405.1 0 0 0 0 0 0 0 0 0
-247.2 485.8 2375.3 0 0.4661144018 0.1064114645 -0.8783017397 -0.0851380676 0.9935281277 0.0751890838 0.8806184530 0.0397301987 0.4721574485
-268.1 290.1 2367.5 0.4661144018 0.1064114645 -0.8783017397 -0.0851380676 0.9935281277 0.0751890838 0.8806184530 0.0397301987 0.4721574485
-289.3 95.6 2360.2 0.4662672281 0.1082036644 -0.8780016303 -0.0837231427 0.9934341908 0.0779678002 0.8806732297 0.0371552221 0.4722649455
-334.6 302.1 2242.0 0.1541710496 0.1369671822 -0.9785045981 0.9577140212 0.2227801681 0.1820792109 0.2429302931 -0.9651989341 -0.0968291312
-377.3 36.6 2174.7 -0.2657556236 0.1142409071 -0.9572476149 0.9264934659 0.3046845794 -0.2208555192 0.2664278448 -0.9455772638 -0.1868150979
-201.7 278.2 2492.9 0.3613019288 -0.5901058316 -0.7219668031 0.7524789572 0.6417746544 -0.1479886472 0.5506689548 -0.4897962511 0.6759166718
-131.0 425.5 2600.7 0.5848920345 -0.6045631766 -0.5407445431 0.7701258063 0.6231616139 0.1362933367 0.2545732856 -0.4961582124 0.8300719857
-353.0 -96.1 2277.0 0.2969081402 0.0089245271 -0.9548643231 -0.0573792197 0.9983161688 -0.0085110059 0.9531805515 0.0573163554 0.2969202697
-356.5 -487.1 2254.5 0.2879948914 0.1388488561 -0.9475125074 -0.1258958429 0.9863348603 0.1062720567 0.9493203759 0.0886820704 0.3015398979
-265.2 -108.5 2434.4 -0.9997323751 0.0121845240 0.0196665730 0.0085351532 0.9843556881 -0.1759857535 -0.0215032063 -0.1757707894 -0.9841962457
-270.0 -494.0 2503.2 -0.9995878339 0.0170349889 0.0231074896 0.0235889517 0.9461321235 0.3229203224 -0.0163617935 0.3233323097 -0.9461440444
-305.7 -213.1 2102.9 0 0 0 0 0 0 0 0 0
13.9 616.2 2663.7 0 0 0 0 0 0 0 0 0
-408.8 -858.6 2221.1 0 0 0 0 0 0 0 0 0
-275.2 -784.5 2403.9 0 0 0 0 0 0 0 0 0
-246.7 485.5 2371.3 1 0.4862636328 0.1062469557 -0.8673288226 -0.0838930905 0.9936716557 0.0746895894 0.8697756529 0.0364440642 0.4920997620
-267.5 290.3 2364.1 0.4862636328 0.1062469557 -0.8673288226 -0.0838930905 0.9936716557 0.0746895894 0.8697756529 0.0364440642 0.4920997620
-288.7 95.7 2357.9 0.4865903258 0.1080600843 -0.8669214845 -0.0808634982 0.9936317801 0.0784667805 0.8698798418 0.0319211334 0.4922297001
-336.9 301.8 2240.2 0.1472155750 0.1139143333 -0.9825228453 0.9613354206 0.2172461003 0.1692286283 0.2327268273 -0.9694470763 -0.0775278732
-377.5 36.4 2176.0 -0.2662242055 0.0890497342 -0.9597889185 0.9242280126 0.3063446581 -0.2279375643 0.2737284303 -0.9477463365 -0.1638586223
-198.2 278.8 2488.0 0.3408100903 -0.6038962007 -0.7205260992 0.7512903810 0.6356768012 -0.1774195880 0.5651647449 -0.4808579683 0.6703464985
-132.5 423.7 2597.0 0.5876796246 -0.6170527339 -0.5233341455 0.7732538581 0.6187161207 0.1388119906 0.2381409705 -0.4862471521 0.8407452703
-352.6 -91.4 2273.3 0.3189645708 0.0097741364 -0.9477162361 -0.0505894087 0.9986968637 -0.0067265173 0.9464154840 0.0500899255 0.3190433979
-356.4 -482.6 2253.7 0.3099299669 0.1360988319 -0.9409678578 -0.1223333776 0.9871830344 0.1024898738 0.9428562522 0.0833470896 0.3226070404
-268.3 -106.5 2432.4 -0.9997116327 0.0050122198 -0.0234839320 0.0093600741 0.9819559455 -0.1888779104 0.0221134890 -0.1890432537 -0.9817197323
-270.3 -491.1 2506.5 -0.9997116327 0.0161740649 -0.0177487191 0.0093600741 0.9431434274 0.3322542608 0.0221134890 0.3319923282 -0.9430228472
-305.4 -213.8 2101.9 0 0 0 0 0 0 0 0 0
12.3 614.2 2655.7 0 0 0 0 0 0 0 0 0
-407.7 -854.4 2222.3 0 0 0 0 0 0 0 0 0
-275.3 -784.7 2403.1 0 0 0 0 0 0 0 0 0
-247.2 485.5 2376.8 2 0.4263441265 0.1098153964 -0.8978704214 -0.0969517305 0.9924331307 0.0753445476 0.8993503451 0.0549273826 0.4337648451
-268.8 290.7 2366.0 0.4263441265 0.1098153964 -0.8978704214 -0.0969517305 0.9924331307 0.0753445476 0.8993503451 0.0549273826 0.4337648451
-290.8 96.3 2356.9 0.4270495474 0.1127330735 -0.8971732855 -0.0906598642 0.9925363660 0.0815621912 0.8996718526 0.0465065129 0.4340825677
-329.5 303.6 2238.1 0.1732892245 0.1750641763 -0.9691869617 0.9588662386 0.1946540624 0.2066042423 0.2248251885 -0.9651229382 -0.1341316849
-377.7 37.2 2175.6 -0.2655557096 0.1439129859 -0.9532938600 0.9271007776 0.3094036579 -0.2115503997 0.2645077705 -0.9399778843 -0.2155857533
-208.1 277.8 2493.9 0.3599380255 -0.5746684670 -0.7349835038 0.7738063931 0.6239853501 -0.1089308336 0.5212180614 -0.5295265913 0.6692782044
-139.8 424.7 2592.8 0.6133777499 -0.5773237348 -0.5389480591 0.7585272193 0.6207141876 0.1983691603 0.2200094908 -0.5304819942 0.8186480999
-353.8 -91.6 2273.0 0.2550139725 0.0038865954 -0.9669295549 -0.0490475520 0.9987565875 -0.0089210719 0.9656925797 0.0497005247 0.2548875213
-355.3 -482.8 2253.6 0.2455653846 0.1406505555 -0.9591220021 -0.1200355366 0.9862151742 0.1138907596 0.9619194865 0.0871611014 0.2590633631
-265.8 -106.2 2430.2 -0.9999144673 0.0121366633 -0.0048730951 0.0128535172 0.9807587862 -0.1948000044 0.0024151083 -0.1948459893 -0.9808308482
-270.6 -490.3 2506.5 -0.9999144673 0.0129315145 0.0019548880 0.0128535172 0.9440752268 0.3294795454 0.0024151083 0.3294765055 -0.9441606998
-305.7 -213.9 2104.0 0 0 0 0 0 0 0 0 0
11.5 611.7 2647.1 0 0 0 0 0 0 0 0 0
-408.3 -854.3 2220.7 0 0 0 0 0 0 0 0 0
-274.6 -782.5 2404.5 0 0 0 0 0 0 0 0 0
-246.2 483.9 2371.5 3 0.4368574321 0.1164984852 -0.8919549584 -0.0865664333 0.9924205542 0.0872222260 0.8953557014 0.0391096883 0.4436311424
-269.1 289.4 2363.9 0.4368574321 0.1164984852 -0.8919549584 -0.0865664333 0.9924205542 0.0872222260 0.8953557014 0.0391096883 0.4436311424
-292.0 95.0 2357.2 0.4373852313 0.1171824634 -0.8916066885 -0.0820831433 0.9925370216 0.0901809931 0.8955202699 0.0337420441 0.4437397420
-331.3 301.1 2236.4 0.1685671210 0.1655687839 -0.9716851711 0.9614141583 0.1898171157 0.1991288960 0.2174120098 -0.9677584767 -0.1271832436
-377.8 36.0 2176.5 -0.2786288261 0.1379858255 -0.9504345655 0.9300096631 0.2857422829 -0.2311564982 0.2396830320 -0.9483202100 -0.2079441994
-206.8 277.7 2491.3 0.3422867954 -0.5693829656 -0.7474241257 0.7553850412 0.6398251653 -0.1414822489 0.5587783456 -0.5161654949 0.6491070986
-143.3 417.9 2595.0 0.6148092747 -0.5957799554 -0.5167744160 0.7656154633 0.6081489325 0.2097328007 0.1893211901 -0.5245961547 0.8300339580
-351.2 -89.9 2266.6 0.2663246691 0.0117031485 -0.9638123512 -0.0379530080 0.9992781878 0.0016464602 0.9631358981 0.0361410826 0.2665765882
-355.8 -481.3 2252.4 0.2570961714 0.1380523741 -0.9564743042 -0.1089745536 0.9875723720 0.1132490113 0.9602218866 0.0751154721 0.2689452767
-274.2 -106.2 2428.8 -0.9986912608 -0.0109756850 -0.0499526411 -0.0009752818 0.9806107879 -0.1959630102 0.0511349253 -0.1956578344 -0.9793381691
-269.9 -490.2 2505.5 -0.9986912608 0.0158652402 -0.0486212522 -0.0009752818 0.9445888996 0.3282543123 0.0511349253 0.3278721273 -0.9433372021
-302.1 -216.8 2111.3 0 0 0 0 0 0 0 0 0
11.2 610.2 2642.6 0 0 0 0 0 0 0 0 0
-407.8 -853.2 2224.2 0 0 0 0 0 0 0 0 0
-274.9 -783.7 2403.6 0 0 0 0 0 0 0 0 0
-244.8 485.5 2368.9 4 0.4414747953 0.1199603677 -0.8892185092 -0.0816657394 0.9922813177 0.0933190957 0.8935495019 0.0314206593 0.4478638470
-268.3 290.6 2362.7 0.4414747953 0.1199603677 -0.8892185092 -0.0816657394 0.9922813177 0.0933190957 0.8935495019 0.0314206593 0.4478638470
-291.3 96.1 2357.8 0.4422968030 0.1174307242 -0.8891476393 -0.0747921392 0.9927672148 0.0939113423 0.8937447667 0.0249645691 0.4478806853
-331.3 301.2 2235.4 0.1682099402 0.1605293006 -0.9725922942 0.9631263614 0.1834107786 0.1968453228 0.2099833488 -0.9698406458 -0.1237584874
-377.9 34.8 2177.4 -0.2860678434 0.1327190846 -0.9489735365 0.9299176931 0.2773316503 -0.2415371388 0.2311238348 -0.9515633583 -0.2027534992
-205.3 279.9 2490.0 0.3349190354 -0.5770367980 -0.7448877692 0.7684972286 0.6247054935 -0.1384016573 0.5451983213 -0.5260908604 0.6526769996
-142.8 423.5 2591.9 0.6244255304 -0.5805785060 -0.5225145221 0.7548573017 0.6204451919 0.2126927525 0.2007067651 -0.5272346735 0.8256757259
-354.3 -92.0 2269.8 0.2715626657 0.0029624198 -0.9624162316 -0.0368926860 0.9992923141 -0.0073339916 0.9617133737 0.0374977551 0.2714797854
-355.5 -483.4 2255.1 0.2601869702 0.1405664235 -0.9552716017 -0.1242715791 0.9859930873 0.1112392321 0.9575276971 0.0897701159 0.2740109563
-275.4 -106.8 2431.5 -0.9983801842 -0.0121308006 -0.0555868000 -0.0016619142 0.9828066230 -0.1846303344 0.0568707883 -0.1842388809 -0.9812347889
-270.6 -491.7 2503.6 -0.9984560013 0.0114730122 -0.0543507785 -0.0067330995 0.9462274313 0.3234320283 0.0551389381 0.3232986033 -0.9446892142
-299.9 -218.6 2114.4 0 0 0 0 0 0 0 0 0
10.9 609.3 2641.3 0 0 0 0 0 0 0 0 0
-408.4 -854.7 2221.3 0 0 0 0 0 0 0 0 0
-274.2 -784.3 2403.6 0 0 0 0 0 0 0 0 0
-244.5 485.1 2368.1 5 0.4263409078 0.1210566387 -0.8964255452 -0.0803702846 0.9921545386 0.0957600549 0.9009850621 0.0312195439 0.4327254295
-268.3 289.7 2361.9 0.4263409078 0.1210566387 -0.8964255452 -0.0803702846 0.9921545386 0.0957600549 0.9009850621 0.0312195439 0.4327254295
-291.1 95.3 2357.2 0.4273159504 0.1162786484 -0.8965937495 -0.0722149462 0.9929161668 0.0943530500 0.9012136459 0.0244289078 0.4326859713
-329.2 300.0 2233.6 0.1716204435 0.1737310141 -0.9697236419 0.9658090472 0.1644825637 0.2003955543 0.1943175495 -0.9709598422 -0.1395624131
-376.7 32.9 2179.8 -0.2855446637 0.1424700916 -0.9477164745 0.9320999384 0.2712141573 -0.2400678396 0.2228316367 -0.9519165754 -0.2102401257
-207.5 279.5 2490.3 0.3659580350 -0.5624308586 -0.7414487600 0.7638712525 0.6366225481 -0.1058890894 0.5315782428 -0.5276204348 0.6626018882
-138.6 423.3 2590.4 0.6138187051 -0.5833956003 -0.5318610072 0.7630057335 0.6113177538 0.2100306153 0.2026051432 -0.5347337127 0.8203724623
-354.2 -91.5 2272.2 0.2553656697 0.0079751965 -0.9668116570 -0.0497173965 0.9987513423 -0.0048932778 0.9655653834 0.0493169315 0.2554433048
-357.3 -482.7 2252.9 0.2485099137 0.1355199963 -0.9591022730 -0.1024233773 0.9882897139 0.1131055579 0.9631989598 0.0701266378 0.2594802082
-274.3 -105.1 2433.7 -0.9991420507 -0.0131020090 -0.0392879397 -0.0065305997 0.9866141677 -0.1629413813 0.0408968925 -0.1625450104 -0.9858531952
-269.2 -491.4 2497.3 -0.9990162849 0.0170161705 -0.0409496315 0.0037933465 0.9528542161 0.3034047782 0.0441818163 0.3029510081 -0.9519814253
-299.2 -220.0 2119.3 0 0 0 0 0 0 0 0 0
10.8 609.0 2639.7 0 0 0 0 0 0 0 0 0
-408.4 -854.9 2226.5 0 0 0 0 0 0 0 0 0
-274.4 -782.1 2404.9 0 0 0 0 0 0 0 0 0
-243.7 484.6 2367.7 6 0.4544899166 0.1164208651 -0.8831110597 -0.0754568949 0.9928903580 0.0920595005 0.8875501156 0.0247967001 0.4600434303
-266.6 289.1 2362.8 0.4544899166 0.1164208651 -0.8831110597 -0.0754568949 0.9928903580 0.0920595005 0.8875501156 0.0247967001 0.4600434303
-288.6 94.5 2358.8 0.4551314414 0.1125868559 -0.8832777143 -0.0698925704 0.9934305549 0.0906135365 0.8876769543 0.0204934813 0.4600104690
-331.4 299.0 2236.4 0.1668586731 0.1458161771 -0.9751389027 0.9646751285 0.1803445220 0.1920357943 0.2038628757 -0.9727350473 -0.1105731949
-377.7 31.6 2179.9 -0.2912630439 0.1221449077 -0.9488132000 0.9323490858 0.2583423257 -0.2529514134 0.2142218649 -0.9583005309 -0.1891272515
-201.8 279.1 2489.2 0.3234764636 -0.5942471027 -0.7363649607 0.7829625607 0.6050868034 -0.1443593055 0.5313498378 -0.5298493505 0.6610045433
-140.9 426.4 2589.1 0.6294373274 -0.5807376504 -0.5162870884 0.7523911595 0.6215443611 0.2181515992 0.1942065060 -0.5257626176 0.8281651139
-352.5 -92.7 2270.9 0.2851496935 0.0120605780 -0.9584071040 -0.0473210402 0.9988785982 -0.0015093032 0.9573141336 0.0457831994 0.2854006290
-357.2 -483.9 2253.0 0.2774577439 0.1359942108 -0.9510640502 -0.1070706472 0.9881410599 0.1100597680 0.9547528625 0.0712941065 0.2887283862
-275.2 -105.7 2433.8 -0.9975274801 -0.0153328981 -0.0685840845 -0.0029128427 0.9840911031 -0.1776407361 0.0702167377 -0.1770017445 -0.9817026258
-269.2 -491.1 2503.1 -0.9975432158 0.0188102722 -0.0674810335 -0.0036880588 0.9478389621 0.3187282085 0.0699565187 0.3181940317 -0.9454410076
-298.8 -220.8 2121.9 0 0 0 0 0 0 0 0 0
10.9 607.9 2636.0 0 0 0 0 0 0 0 0 0
-408.4 -856.1 2226.2 0 0 0 0 0 0 0 0 0
-275.0 -783.3 2405.0 0 0 0 0 0 0 0 0 0
-244.7 483.7 2367.0 7 0.4355573356 0.1147999614 -0.8928105831 -0.0724405125 0.9930877090 0.0923537761 0.8972414136 0.0244502872 0.4408628047
-267.3 288.2 2362.2 0.4355573356 0.1147999614 -0.8928105831 -0.0724405125 0.9930877090 0.0923537761 0.8972414136 0.0244502872 0.4408628047
-288.8 93.5 2358.5 0.4363726377 0.1097180471 -0.8930514455 -0.0652256534 0.9937834144 0.0902224481 0.8973987699 0.0188792571 0.4408163428
-329.5 297.5 2234.3 0.1736874729 0.1639546305 -0.9710569382 0.9656491876 0.1651626378 0.2006065100 0.1932726949 -0.9725431800 -0.1296359748
-376.2 37.4 2182.3 -0.2802620530 0.1394554079 -0.9497396350 0.9380004406 0.2500289679 -0.2400847971 0.2039812803 -0.9581428170 -0.2008828670
-205.2 278.9 2490.0 0.3306143880 -0.5836319923 -0.7416655421 0.7879559398 0.6032302380 -0.1234450191 0.5194416046 -0.5435870886 0.6593129039
-142.7 427.8 2588.2 0.6384454370 -0.5646107197 -0.5230699182 0.7442865968 0.6259905100 0.2327517271 0.1960226893 -0.5379132032 0.8198929429
-351.8 -93.7 2274.6 0.2648208737 0.0152429203 -0.9641771317 -0.0492591411 0.9987834692 0.0022605066 0.9630386233 0.0468959063 0.2652495801
-357.7 -485.0 2256.2 0.2556615770 0.1377489865 -0.9569025040 -0.1198185086 0.9866805077 0.1100229770 0.9593126178 0.0865259841 0.2687611580
-269.5 -106.4 2434.9 -0.9988639355 -0.0046604304 -0.0474250689 0.0034987496 0.9853479862 -0.1705199480 0.0475248918 -0.1704921573 -0.9842122793
-267.7 -492.3 2501.7 -0.9986795783 0.0267108679 -0.0438814685 0.0112060914 0.9468957186 0.3213454783 0.0501345918 0.3204294443 -0.9459447861
-300.5 -216.1 2127.2 0 0 0 0 0 0 0 0 0
10.8 606.7 2635.3 0 0 0 0 0 0 0 0 0
-409.6 -856.6 2223.6 0 0 0 0 0 0 0 0 0
-276.0 -785.5 2402.5 0 0 0 0 0 0 0 0 0
-244.0 484.6 2367.1 8 0.4352909029 0.1158055365 -0.8928107023 -0.0697250888 0.9930503368 0.0948129594 0.8975858092 0.0209800880 0.4403403103
-266.9 288.6 2363.0 0.4352909029 0.1158055365 -0.8928107023 -0.0697250888 0.9930503368 0.0948129594 0.8975858092 0.0209800880 0.4403403103
-288.5 94.0 2359.9 0.4360856712 0.1103289723 -0.8931163549 -0.0627420396 0.9937685728 0.0921274871 0.8977152705 0.0158604588 0.4402905107
-329.0 297.5 2235.1 0.1683417708 0.1652008593 -0.9717868567 0.9663181305 0.1670223773 0.1957877129 0.1946544498 -0.9720144868 -0.1315197498
-374.3 37.5 2182.7 -0.2778997719 0.1450427920 -0.9495969415 0.9415021539 0.2373124212 -0.2392833829 0.1906448156 -0.9605443478 -0.2025071681
-204.7 279.7 2490.9 0.3358537853 -0.5696821809 -0.7501096129 0.7612690330 0.6331425905 -0.1399994940 0.5546815991 -0.5240159035 0.6463247538
-143.6 418.1 2591.8 0.6209617853 -0.5921254158 -0.5136087537 0.7631010413 0.6064049006 0.2234946936 0.1791179925 -0.5307170749 0.8284057975
-349.7 -95.2 2273.7 0.2645604610 0.0259114224 -0.9640209079 -0.0448119119 0.9988894463 0.0145507073 0.9633274078 0.0393500812 0.2654277980
-359.9 -486.5 2258.3 0.2542413473 0.1268842965 -0.9587813616 -0.1334763914 0.9864733219 0.0951549113 0.9578859210 0.1037823632 0.2677383721
-270.9 -107.0 2435.8 -0.9988564849 -0.0070425901 -0.0472871028 0.0010402033 0.9856551290 -0.1687686145 0.0477973446 -0.1686248183 -0.9845207334
-268.1 -493.1 2501.9 -0.9986788034 0.0249172226 -0.0449418463 0.0092064627 0.9471814036 0.3205660582 0.0505556948 0.3197287917 -0.9461594224
-299.2 -216.9 2131.2 0 0 0 0 0 0 0 0 0
10.5 607.5 2636.2 0 0 0 0 0 0 0 0 0
-407.6 -857.9 2219.2 0 0 0 0 0 0 0 0 0
-275.7 -783.4 2403.9 0 0 0 0 0 0 0 0 0
-243.9 482.8 2368.2 9 0.4280683696 0.1178589985 -0.8960282803 -0.0770091116 0.9926108718 0.0937726572 0.9004593492 0.0288612396 0.4339815080
-267.1 287.2 2362.5 0.4280683696 0.1178589985 -0.8960282803 -0.0770091116 0.9926108718 0.0937726572 0.9004593492 0.0288612396 0.4339815080
-289.1 92.6 2358.2 0.4290447831 0.1121478379 -0.8962942958 -0.0685780272 0.9934430718 0.0914760381 0.9006761909 0.0222187806 0.4339224398
-328.2 297.0 2234.2 0.1691321284 0.1714266837 -0.9705705643 0.9666918516 0.1630804390 0.1972602457 0.1920967549 -0.9716057181 -0.1381346434
-373.4 38.8 2182.9 -0.2717162967 0.1508377790 -0.9504831433 0.9434129000 0.2368501574 -0.2321079671 0.1901114285 -0.9597655535 -0.2066583633
-206.0 277.4 2490.9 0.3626525998 -0.5659170151 -0.7404195070 0.7656870484 0.6338370442 -0.1094255149 0.5312310457 -0.5272461772 0.6631779671
-138.1 420.7 2590.3 0.6097155809 -0.5913171172 -0.5278171897 0.7689046860 0.6029310226 0.2127435952 0.1924384087 -0.5355541706 0.8222829103
-349.5 -95.0 2275.6 0.2569332719 0.0305316020 -0.9659467340 -0.0548661426 0.9983496666 0.0169618838 0.9648704529 0.0486396998 0.2581844032
-361.4 -486.0 2256.6 0.2495612800 0.1199399084 -0.9609025121 -0.1203670278 0.9884464145 0.0921167582 0.9608490467 0.0926721990 0.2611147761
-270.7 -106.3 2437.9 -0.9991838336 -0.0052731782 -0.0400481038 0.0012969563 0.9867432117 -0.1622841060 0.0403729491 -0.1622035950 -0.9859310389
-268.6 -492.8 2501.4 -0.9990843534 0.0199192744 -0.0378636420 0.0068458947 0.9480319619 0.3181015253 0.0422322936 0.3175510466 -0.9473002553
-300.0 -216.0 2131.5 0 0 0 0 0 0 0 0 0
10.5 608.2 2637.2 0 0 0 0 0 0 0 0 0
-406.6 -858.3 2221.7 0 0 0 0 0 0 0 0 0
-274.7 -784.4 2403.8 0 0 0 0 0 0 0 0 0
-243.6 481.9 2360.2 0 0.4794060588 0.1112946868 -0.8705074787 -0.0585611574 0.9937720895 0.0948032886 0.8756371737 0.0055286535 0.4829379022
-265.5 286.2 2359.2 0.4794060588 0.1112946868 -0.8705074787 -0.0585611574 0.9937720895 0.0948032886 0.8756371737 0.0055286535 0.4829379022
-287.0 91.5 2358.8 0.4798429012 0.1102863550 -0.8703951240 -0.0546424799 0.9938985705 0.0958112553 0.8756511807 0.0015862000 0.4829415083
-333.8 294.0 2234.6 0.1619296223 0.1201564819 -0.9794596434 0.9673101902 0.1769769043 0.1816318929 0.1951659918 -0.9768528938 -0.0875707865
-376.7 37.4 2182.8 -0.2690243423 0.1034419686 -0.9575623274 0.9417326450 0.2366722077 -0.2390102148 0.2019046992 -0.9660673141 -0.1610852629
-197.2 278.4 2483.7 0.3819611371 -0.5872747898 -0.7135923505 0.7545576096 0.6440015435 -0.1261142939 0.5336183310 -0.4902757704 0.6891162395
-118.1 434.6 2594.2 0.5751855373 -0.6161845922 -0.5380317569 0.7823845148 0.6064111590 0.1419155151 0.2388223112 -0.5025754571 0.8308921456
-349.8 -95.7 2272.4 0.3113649786 0.0331039801 -0.9497136474 -0.0486207940 0.9986390471 0.0188689698 0.9490457773 0.0403006934 0.3125507534
-362.8 -486.9 2256.6 0.3035426736 0.1194624305 -0.9452992082 -0.1202295050 0.9889813066 0.0863761678 0.9452019334 0.0874340013 0.3145609498
-272.2 -108.1 2435.2 -0.9953325391 -0.0117145805 -0.0957910419 0.0044753249 0.9859341383 -0.1670745015 0.0964008644 -0.1667233855 -0.9812798500
-267.7 -494.3 2500.5 -0.9956182241 0.0250039622 -0.0901060700 -0.0046319482 0.9492185116 0.3145834208 0.0933961868 0.3136223555 -0.9449434876
-304.4 -215.7 2128.5 0 0 0 0 0 0 0 0 0
25.4 629.8 2653.8 0 0 0 0 0 0 0 0 0
-407.8 -859.4 2223.7 0 0 0 0 0 0 0 0 0
-275.3 -785.2 2404.4 0 0 0 0 0 0 0 0 0
-242.5 482.2 2356.8 1 0.4930054247 0.1115563884 -0.8628446460 -0.0517662913 0.9937496781 0.0989031643 0.8684848547 -0.0040935311 0.4956988394
-264.5 286.4 2357.6 0.4930054247 0.1115563884 -0.8628446460 -0.0517662913 0.9937496781 0.0989031643 0.8684848547 -0.0040935311 0.4956988394
-285.9 91.8 2358.9 0.4933615625 0.1096317396 -0.8628877401 -0.0485656485 0.9939497113 0.0985157192 0.8684674501 -0.0066971681 0.4957009256
-334.7 293.4 2233.9 0.1627308279 0.1064525694 -0.9809110761 0.9671344757 0.1796444505 0.1799410880 0.1953704208 -0.9779548645 -0.0737202540
-378.0 36.4 2182.0 -0.2668602467 0.0889603570 -0.9596205950 0.9402532578 0.2424989045 -0.2389938533 0.2114459574 -0.9660643339 -0.1483585835
-194.2 279.5 2481.2 0.3872313201 -0.5887164474 -0.7095525861 0.7452274561 0.6529847383 -0.1350814998 0.5428516865 -0.4764702618 0.6915837526
-109.6 442.5 2599.9 0.6040853262 -0.6103789806 -0.5123654604 0.7639977336 0.6264559031 0.1544684172 0.2266900986 -0.4847581685 0.8447610140
-351.8 -98.1 2279.5 0.3254335523 0.0250668190 -0.9452325702 -0.0628045276 0.9980140924 0.0048436103 0.9434768558 0.0577886105 0.3263615966
-361.6 -489.0 2256.9 0.3176321387 0.1241270974 -0.9400544167 -0.1312008053 0.9876119494 0.0860756710 0.9390932918 0.0959954932 0.3299828768
-265.1 -108.0 2437.5 -0.9938187599 0.0055461917 -0.1108761132 0.0240379032 0.9858078361 -0.1661479622 0.1083810478 -0.1677861959 -0.9798476100
-267.3 -494.1 2503.2 -0.9951614738 0.0255829468 -0.0948641151 -0.0064836089 0.9463034868 0.3232146204 0.0980390236 0.3222658038 -0.9415588975
-306.4 -215.7 2125.3 0 0 0 0 0 0 0 0 0
43.1 635.5 2657.2 0 0 0 0 0 0 0 0 0
-408.3 -861.0 2220.7 0 0 0 0 0 0 0 0 0
-275.1 -782.2 2405.1 0 0 0 0 0 0 0 0 0
-244.0 483.7 2362.5 2 0.4596966505 0.1062756851 -0.8816940784 -0.0568003543 0.9942995310 0.0902341679 0.8862577081 0.0086001949 0.4631126225
-264.9 288.4 2360.8 0.4596966505 0.1062756851 -0.8816940784 -0.0568003543 0.9942995310 0.0902341679 0.8862577081 0.0086001949 0.4631126225
-285.5 93.7 2359.2 0.4597442746 0.1060042530 -0.8817019463 -0.0563540608 0.9943315387 0.0901607648 0.8862614632 0.0082365889 0.4631120265
-330.3 296.5 2234.7 0.1741069704 0.1412455440 -0.9745442271 0.9638451934 0.1782825291 0.1980348974 0.2017157674 -0.9737890363 -0.1050986052
-376.2 42.2 2181.5 -0.2521576285 0.1245671958 -0.9596350789 0.9455888867 0.2424330711 -0.2169973403 0.2056165338 -0.9621378183 -0.1789207011
-199.4 280.3 2487.0 0.3992608190 -0.5720580816 -0.7164777517 0.7461404204 0.6568605900 -0.1086673960 0.5327900648 -0.4912064075 0.6890943646
-115.9 436.4 2598.4 0.6198046207 -0.6101033092 -0.4935749173 0.7641538978 0.6123831272 0.2026221007 0.1786365211 -0.5027533174 0.8457707167
-351.8 -98.5 2281.7 0.2891075313 0.0203651544 -0.9570800066 -0.0720470995 0.9974010587 -0.0005403227 0.9545816183 0.0691110492 0.2898234129
-359.8 -489.1 2254.7 0.2831296325 0.1357914507 -0.9494199753 -0.1178423837 0.9873507023 0.1060743630 0.9518144727 0.0818491206 0.2955502272
-262.7 -107.3 2438.6 -0.9972475767 0.0147352638 -0.0726644695 0.0273264702 0.9841060638 -0.1754666865 0.0689239949 -0.1769693941 -0.9818000197
-268.5 -492.7 2507.9 -0.9982134700 0.0217208713 -0.0556599908 0.0016190647 0.9410697818 0.3382085264 0.0597261228 0.3375142217 -0.9394237399
-308.7 -211.0 2126.4 0 0 0 0 0 0 0 0 0
39.1 627.5 2643.1 0 0 0 0 0 0 0 0 0
-411.0 -860.9 2223.9 0 0 0 0 0 0 0 0 0
-275.2 -783.3 2403.7 0 0 0 0 0 0 0 0 0
-241.8 484.0 2356.4 3 0.4802581072 0.1067693308 -0.8706046343 -0.0493916124 0.9942807555 0.0946904719 0.8757354617 -0.0024752978 0.4827848971
-262.8 288.0 2356.9 0.4802581072 0.1067693308 -0.8706046343 -0.0493916124 0.9942807555 0.0946904719 0.8757354617 -0.0024752978 0.4827848971
-283.7 93.2 2357.8 0.4804478288 0.1072038338 -0.8704465628 -0.0476284660 0.9942257404 0.0961596370 0.8757290840 -0.0047416543 0.4827795625
-331.2 294.8 2232.2 0.1760457754 0.1192214265 -0.9771356583 0.9655923843 0.1721047461 0.1949647665 0.1914136708 -0.9778375030 -0.0848209932
-377.6 40.3 2181.8 -0.2578240335 0.0972939581 -0.9612807035 0.9402303100 0.2543508112 -0.2264345735 0.2224718332 -0.9622055888 -0.1570564806
-194.4 281.1 2481.6 0.3519040048 -0.5846166611 -0.7310177684 0.7437327504 0.6488326192 -0.1608658880 0.5683530569 -0.4870724976 0.6631253362
-124.6 428.7 2594.3 0.6355915666 -0.6197135448 -0.4604112208 0.7595171332 0.6088473797 0.2289946228 0.1384090930 -0.4952372611 0.8576613665
-347.7 -95.9 2277.6 0.3114886582 0.0365927517 -0.9495450258 -0.0611769594 0.9979575276 0.0183899458 0.9482785463 0.0523620211 0.3130910695
-362.0 -486.7 2257.1 0.3040059507 0.1198258102 -0.9451043010 -0.1290507764 0.9880937338 0.0837652832 0.9438889027 0.0965013057 0.3158499897
-264.7 -106.2 2437.6 -0.9953555465 0.0096955430 -0.0957776681 0.0257635992 0.9854524136 -0.1679874361 0.0927556008 -0.1696747988 -0.9811252952
-268.5 -492.1 2504.1 -0.9966012836 0.0211603828 -0.0796123520 -0.0055694999 0.9469251633 0.3214057684 0.0821880102 0.3207567930 -0.9435890317
-308.4 -211.9 2122.1 0 0 0 0 0 0 0 0 0
33.0 616.9 2628.6 0 0 0 0 0 0 0 0 0
-407.2 -858.8 2220.8 0 0 0 0 0 0 0 0 0
-274.9 -780.5 2406.4 0 0 0 0 0 0 0 0 0
-241.8 484.2 2361.8 4 0.4783210456 0.1031712964 -0.8721035719 -0.0565790497 0.9946321845 0.0866348222 0.8763605356 0.0079035293 0.4815908670
-262.1 288.7 2360.3 0.4783210456 0.1031712964 -0.8721035719 -0.0565790497 0.9946321845 0.0866348222 0.8763605356 0.0079035293 0.4815908670
-282.5 93.9 2359.5 0.4786070287 0.1043714955 -0.8718038201 -0.0538380221 0.9945299625 0.0895078927 0.8763770461 0.0040970845 0.4816081822
-330.3 296.4 2235.4 0.1751101166 0.1232294962 -0.9768065214 0.9611527920 0.1936058849 0.1967283487 0.2133582234 -0.9733094573 -0.0845400244
-377.3 38.2 2178.1 -0.2591495216 0.1031473875 -0.9603135586 0.9369498491 0.2682023048 -0.2240369469 0.2344494909 -0.9578247070 -0.1661484241
-193.9 281.0 2485.1 0.3700114191 -0.5881730318 -0.7191272378 0.7504284382 0.6455454826 -0.1418738365 0.5476757288 -0.4871586263 0.6802409887
-115.0 441.1 2602.0 0.6475515366 -0.5843909383 -0.4890442491 0.7343876362 0.6498572826 0.1958578527 0.2033514231 -0.4859761000 0.8499855399
-348.0 -97.1 2279.7 0.3096970022 0.0319668874 -0.9502977729 -0.0632356480 0.9979144931 0.0129604945 0.9487302303 0.0560788698 0.3110725582
-360.6 -488.0 2257.7 0.3015131652 0.1287014931 -0.9447358251 -0.1318535209 0.9869559407 0.0923720002 0.9443010688 0.0967153609 0.3145499527
-261.2 -105.8 2437.8 -0.9954380989 0.0199802276 -0.0932940543 0.0361370854 0.9839305282 -0.1748565435 0.0883011967 -0.1774302423 -0.9801639915
-269.1 -491.2 2507.3 -0.9972039461 0.0227830485 -0.0711705089 -0.0023934632 0.9421648979 0.3351410627 0.0746898875 0.3343743384 -0.9394760132
-307.7 -213.7 2115.1 0 0 0 0 0 0 0 0 0
47.8 625.7 2653.1 0 0 0 0 0 0 0 0 0
-409.0 -859.6 2221.3 0 0 0 0 0 0 0 0 0
-276.1 -782.0 2404.1 0 0 0 0 0 0 0 0 0
-240.5 483.9 2357.1 5 0.4971109331 0.1082919985 -0.8609027267 -0.0478456244 0.9940927625 0.0974183381 0.8663668633 -0.0072372914 0.4993557036
-261.9 287.8 2358.5 0.4971109331 0.1082919985 -0.8609027267 -0.0478456244 0.9940927625 0.0974183381 0.8663668633 -0.0072372914 0.4993557036
-282.4 93.1 2360.0 0.4973540902 0.1048792824 -0.8611847758 -0.0455775037 0.9944536686 0.0947873518 0.8663495779 -0.0078922231 0.4993757308
-332.8 294.3 2235.1 0.1679903567 0.1045834422 -0.9802252650 0.9627012014 0.1965365559 0.1859562397 0.2120980471 -0.9749029279 -0.0676663667
-377.7 36.6 2178.3 -0.2625795007 0.0802524835 -0.9615672231 0.9303785563 0.2852696478 -0.2302540541 0.2558274865 -0.9550815225 -0.1495711505
-191.0 281.3 2481.9 0.3829492033 -0.5915729403 -0.7095007896 0.7423339486 0.6541984677 -0.1447918266 0.5498092771 -0.4712386131 0.6896694303
-104.9 448.2 2605.5 0.6131258607 -0.5889701247 -0.5264891982 0.7424148321 0.6573625207 0.1292084008 0.2699943483 -0.4700943828 0.8403061032
-346.2 -96.0 2279.5 0.3296566606 0.0383630283 -0.9433211088 -0.0647308603 0.9977412224 0.0179550890 0.9418791533 0.0551429726 0.3313953280
-361.2 -486.8 2257.9 0.3219561577 0.1223311648 -0.9388180375 -0.1334610879 0.9875794053 0.0829160884 0.9373005629 0.0986003354 0.3342837095
-259.7 -105.7 2437.9 -0.9996261597 0.0263655074 0.0072411783 0.0245788656 0.9825389981 -0.1844261289 -0.0119772283 -0.1841792017 -0.9828196764
-270.0 -490.6 2510.0 -0.9996261597 0.0190498158 0.0196132399 0.0245788656 0.9403209090 0.3394002020 -0.0119772283 0.3397553861 -0.9404375553
-307.0 -214.1 2109.4 0 0 0 0 0 0 0 0 0
50.2 636.1 2673.8 0 0 0 0 0 0 0 0 0
-407.3 -858.7 2220.8 0 0 0 0 0 0 0 0 0
-275.9 -783.5 2404.2 0 0 0 0 0 0 0 0 0
-237.8 483.0 2355.2 6 0.4948748350 0.1099465862 -0.8619806767 -0.0397613905 0.9937893748 0.1039313748 0.8680540919 -0.0171594713 0.4961729646
-259.5 286.2 2358.6 0.4948748350 0.1099465862 -0.8619806767 -0.0397613905 0.9937893748 0.1039313748 0.8680540919 -0.0171594713 0.4961729646
-279.8 91.4 2361.8 0.4951271415 0.1036810428 -0.8626119494 -0.0374132097 0.9944773912 0.0980558619 0.8680146337 -0.0162770376 0.4962717891
-330.1 291.5 2234.9 0.1776964068 0.1098456010 -0.9779355526 0.9587770700 0.2045974284 0.1971963942 0.2217442542 -0.9726632833 -0.0689612180
-377.4 36.2 2175.8 -0.2625635862 0.0867176875 -0.9610100985 0.9298232794 0.2888877392 -0.2279747725 0.2578546107 -0.9534274340 -0.1564835310
-189.0 280.9 2482.2 0.3694831133 -0.5939896107 -0.7146037817 0.7511726618 0.6436216831 -0.1465972811 0.5470117331 -0.4826256037 0.6839960814
-104.9 451.9 2606.8 0.6440281272 -0.5635084510 -0.5173837543 0.7177408338 0.6791204810 0.1537643373 0.2647184134 -0.4703760147 0.8418257236
-347.8 -97.6 2283.3 0.3268185258 0.0313997716 -0.9445653558 -0.0688559562 0.9975829124 0.0093381284 0.9425754547 0.0619870797 0.3281906545
-360.1 -488.3 2259.0 0.3179618716 0.1239982620 -0.9399599433 -0.1477454156 0.9857793450 0.0800646022 0.9365209937 0.1134172827 0.3317604363
-257.9 -105.8 2439.9 -0.9994823337 0.0303906724 0.0105594071 0.0280720424 0.9841221571 -0.1752584428 -0.0157179683 -0.1748712808 -0.9844658375
-269.9 -491.3 2508.4 -0.9994772673 0.0213908777 0.0242402963 0.0282949470 0.9414958358 0.3358347714 -0.0156383384 0.3363451064 -0.9416089654
-306.5 -215.0 2106.2 0 0 0 0 0 0 0 0 0
59.0 634.5 2674.1 0 0 0 0 0 0 0 0 0
-406.8 -859.5 2216.3 0 0 0 0 0 0 0 0 0
-276.5 -784.3 2403.7 0 0 0 0 0 0 0 0 0
-237.8 483.6 2353.2 7 0.5060300231 0.1081561074 -0.8557078242 -0.0388453826 0.9939578772 0.1026585028 0.8616406918 -0.0187079869 0.5071738958
-259.2 286.5 2356.9 0.5060300231 0.1081561074 -0.8557078242 -0.0388453826 0.9939578772 0.1026585028 0.8616406918 -0.0187079869 0.5071738958
-279.6 91.7 2360.1 0.5060208440 0.1041129008 -0.8562145829 -0.0389313176 0.9944333434 0.0979115292 0.8616421819 -0.0162117165 0.5072572827
-331.4 292.1 2234.2 0.1721010059 0.0988150388 -0.9801106453 0.9586839080 0.2119791806 0.1897104084 0.2265092880 -0.9722656012 -0.0582505576
-377.4 35.4 2173.5 -0.2660548091 0.0753256008 -0.9610103369 0.9262759686 0.2959946096 -0.2332380861 0.2668851018 -0.9522148967 -0.1485230923
-187.1 281.0 2479.7 0.3642025292 -0.6011143327 -0.7113494873 0.7505792975 0.6416336894 -0.1579144150 0.5513504148 -0.4764113426 0.6848685741
