-169.0 441.8 2492.1 3 0.9449720979 0.0272336900 -0.3260153532 -0.0203369968 0.9994918704 0.0245447271 0.3265181482 -0.0165639091 0.9450457692
-174.4 244.1 2495.3 0.9449720979 0.0272336900 -0.3260153532 -0.0203369968 0.9994918704 0.0245447271 0.3265181482 -0.0165639091 0.9450457692
-178.1 50.0 2498.5 0.9451521039 0.0189186633 -0.3260821104 -0.0125399064 0.9996868968 0.0216528922 0.3263896704 -0.0163762383 0.9450934529
-303.5 245.8 2450.8 0.2702290118 -0.6732416749 -0.6882746220 0.8125640154 0.5429326296 -0.2120469064 0.5164455771 -0.5019659400 0.6937680840
-362.2 69.3 2338.6 -0.7393472791 -0.6732416749 0.0105465613 -0.5039708018 0.5429326296 -0.6717422009 0.4465187788 -0.5019659400 -0.7407099009
-45.3 242.4 2539.9 0.2313489765 0.7221201658 0.6519356370 -0.9728286266 0.1779534370 0.1481114626 -0.0090599125 -0.6684870720 0.7436685562
17.1 -19.9 2537.5 0.1192367375 0.7138725519 0.6900496483 -0.9548948407 0.2728204131 -0.1172386184 -0.2719530761 -0.6449456811 0.7142034173
-265.7 -145.4 2472.7 0.9796304703 -0.0665508062 -0.1894601434 0.0785557106 0.9953035116 0.0565676391 0.1848057359 -0.0702985600 0.9802575707
-239.9 -531.7 2500.0 0.9827373624 0.0034173590 -0.1849746853 -0.0044530495 0.9999766350 -0.0051839463 0.1849526465 0.0059181591 0.9827296138
-97.0 -146.7 2532.7 0.7966180444 0.0451336056 -0.6027957201 -0.0625028163 0.9980137348 -0.0078748334 0.6012429595 0.0439496636 0.7978566885
-114.5 -534.1 2515.6 0.7897958755 -0.1046329588 -0.6043793559 0.0828259662 0.9945108294 -0.0639383197 0.6077519059 0.0004399155 0.7941268682
-155.3 210.3 2213.6 0 0 0 0 0 0 0 0 0
50.2 -285.0 2462.0 0 0 0 0 0 0 0 0 0
-241.0 -848.0 2498.1 0 0 0 0 0 0 0 0 0
-83.5 -828.7 2515.5 0 0 0 0 0 0 0 0 0
-169.3 443.2 2494.0 4 0.9494561553 0.0250707213 -0.3128969073 -0.0195965208 0.9995951653 0.0206283107 0.3132874072 -0.0134539856 0.9495630264
-174.3 244.8 2496.7 0.9494561553 0.0250707213 -0.3128969073 -0.0195965208 0.9995951653 0.0206283107 0.3132874072 -0.0134539856 0.9495630264
-177.7 50.8 2499.2 0.9496012926 0.0177505091 -0.3129573464 -0.0128195118 0.9997592568 0.0178069342 0.3131980896 -0.0128975268 0.9496002197
-304.0 246.5 2453.9 0.2729761899 -0.6844356060 -0.6760413647 0.8317531347 0.5210195780 -0.1916385144 0.4833950102 -0.5099867582 0.7115073800
-364.9 60.9 2346.0 -0.7288852334 -0.6844356060 -0.0165600460 -0.4731054902 0.5210195780 -0.7104293108 0.4948711991 -0.5099867582 -0.7035737038
-44.5 243.1 2539.5 0.2269387841 0.7135062814 0.6628782749 -0.9737792611 0.1773494482 0.1424821615 -0.0158991795 -0.6778318286 0.7350450754
17.1 -21.5 2535.1 0.1130144596 0.7061927915 0.6989416480 -0.9577046037 0.2647778690 -0.1126700193 -0.2646310329 -0.6566463113 0.7062478662
-266.4 -142.9 2472.5 0.9818757176 -0.0695006102 -0.1763228178 0.0810083449 0.9949703217 0.0589207783 0.1713409573 -0.0721364990 0.9825673699
-239.5 -529.1 2500.5 0.9852347970 0.0066693774 -0.1710786372 -0.0085433293 0.9999113083 -0.0102198580 0.1709952950 0.0115305409 0.9852043986
-97.1 -145.1 2530.9 0.8052809834 0.0464502275 -0.5910709500 -0.0565423481 0.9983991981 0.0014268853 0.5901910663 0.0322714970 0.8066182733
-115.2 -532.7 2518.4 0.7978633642 -0.1090701595 -0.5928893089 0.0815348029 0.9939836264 -0.0731339231 0.5972990394 0.0100097619 0.8019561768
-162.4 192.3 2208.5 0 0 0 0 0 0 0 0 0
48.3 -286.0 2462.1 0 0 0 0 0 0 0 0 0
-241.6 -846.7 2496.8 0 0 0 0 0 0 0 0 0
-82.6 -829.2 2515.4 0 0 0 0 0 0 0 0 0
-170.5 444.5 2502.5 5 0.9588762522 0.0218776781 -0.2829801142 -0.0238593742 0.9997090101 -0.0035581121 0.2828199267 0.0101635177 0.9591192007
-174.9 244.9 2500.5 0.9588762522 0.0218776781 -0.2829801142 -0.0238593742 0.9997090101 -0.0035581121 0.2828199267 0.0101635177 0.9591192007
-177.8 50.9 2499.1 0.9590188861 0.0146730151 -0.2829619646 -0.0160548389 0.9998677969 -0.0025650708 0.2828869224 0.0070028598 0.9591277242
-305.8 247.1 2461.8 0.2777661681 -0.6736797094 -0.6848369241 0.8361936808 0.5204839110 -0.1728486121 0.4728911817 -0.5246448517 0.7078995109
-369.6 55.0 2353.2 -0.7366345525 -0.6736797094 -0.0593733452 -0.4158945978 0.5204839110 -0.7457400560 0.5332927704 -0.5246448517 -0.6635861397
-43.9 242.8 2539.1 0.2306488156 0.6945148110 0.6815059185 -0.9727998972 0.1800514460 0.1457459629 -0.0214833822 -0.6965849996 0.7171525955
17.6 -16.7 2533.4 0.0742010698 0.6912764907 0.7187704444 -0.9621421695 0.2391681373 -0.1306944788 -0.2622530162 -0.6818616986 0.6828528047
-266.2 -142.2 2473.6 0.9867331386 -0.0697088912 -0.1466231048 0.0783914924 0.9954432845 0.0542904474 0.1421704590 -0.0650641918 0.9877014756
-239.2 -528.6 2498.9 0.9897847176 0.0045891777 -0.1424962282 -0.0048453999 0.9999871850 -0.0014511512 0.1424877495 0.0021267785 0.9897942543
-96.1 -144.4 2529.7 0.8241204619 0.0499551482 -0.5642073750 -0.0550205223 0.9984529018 0.0080366228 0.5637359619 0.0244198404 0.8255940080
-115.5 -532.1 2520.3 0.8165931106 -0.1111512035 -0.5664107203 0.0822714865 0.9936782718 -0.0763866231 0.5713205338 0.0157773327 0.8205753565
-166.1 169.9 2205.8 0 0 0 0 0 0 0 0 0
38.0 -281.5 2461.2 0 0 0 0 0 0 0 0 0
-240.6 -846.8 2498.2 0 0 0 0 0 0 0 0 0
-81.8 -833.0 2515.5 0 0 0 0 0 0 0 0 0
-168.3 445.2 2498.7 6 0.9547798038 0.0253344961 -0.2962324619 -0.0237739235 0.9996780157 0.0088696470 0.2963617742 -0.0014259527 0.9550746679
-173.4 245.9 2499.0 0.9547798038 0.0253344961 -0.2962324619 -0.0237739235 0.9996780157 0.0088696470 0.2963617742 -0.0014259527 0.9550746679
-177.0 51.8 2499.4 0.9549281001 0.0185078904 -0.2962597311 -0.0170123875 0.9998261929 0.0076252944 0.2963493764 -0.0022415221 0.9550769925
-303.8 248.2 2458.5 0.2877237201 -0.6810215712 -0.6733681560 0.8711615801 0.4781941772 -0.1113902926 0.3978599310 -0.5545628667 0.7308676243
-370.7 45.6 2366.0 -0.7282962203 -0.6810215712 -0.0761200711 -0.3635965586 0.4781941772 -0.7994547486 0.5808460712 -0.5545628667 -0.5958840847
-43.0 243.6 2539.5 0.2290613353 0.7010516524 0.6753202677 -0.9729229808 0.1868754774 0.1360090524 -0.0308514349 -0.6881890297 0.7248752117
17.9 -14.7 2531.3 0.0531549528 0.6994459033 0.7127060890 -0.9620776772 0.2270926982 -0.1511140019 -0.2675464153 -0.6776461601 0.6849924326
-266.6 -141.7 2472.4 0.9847105742 -0.0682945326 -0.1602528095 0.0797851086 0.9945986271 0.0663925111 0.1548529714 -0.0781631917 0.9848406315
-240.1 -527.8 2502.7 0.9880308509 0.0000425343 -0.1542564929 -0.0021700619 0.9999048114 -0.0136237890 0.1542412341 0.0137954699 0.9879369140
-94.8 -144.6 2523.1 0.8161650300 0.0550550446 -0.5751900673 -0.0495926999 0.9984515905 0.0251985732 0.5756867528 0.0079590352 0.8176316023
-116.2 -532.1 2520.0 0.8076161742 -0.1180265769 -0.5777766705 0.0863705054 0.9928750396 -0.0820930153 0.5833491683 0.0163967852 0.8120559454
-169.9 145.8 2205.8 0 0 0 0 0 0 0 0 0
32.5 -279.2 2457.8 0 0 0 0 0 0 0 0 0
-240.1 -845.6 2498.4 0 0 0 0 0 0 0 0 0
-80.0 -836.4 2514.9 0 0 0 0 0 0 0 0 0
-169.1 445.1 2496.8 7 0.9563584924 0.0186584722 -0.2915996015 -0.0153353391 0.9997888207 0.0136778327 0.2917932272 -0.0086091328 0.9564426541
-172.8 245.9 2498.6 0.9563584924 0.0186584722 -0.2915996015 -0.0153353391 0.9997888207 0.0136778327 0.2917932272 -0.0086091328 0.9564426541
-175.3 51.8 2500.0 0.9564424157 0.0127079217 -0.2916442454 -0.0099828448 0.9998915195 0.0108300662 0.2917502522 -0.0074468958 0.9564655423
-303.5 247.2 2458.7 0.2844007611 -0.6863918304 -0.6693149209 0.8854644895 0.4556948245 -0.0910758376 0.3675170541 -0.5667525530 0.7373755574
-369.5 41.7 2373.4 -0.7197821140 -0.6863918304 -0.1038265750 -0.3144334257 0.4556948245 -0.8327507973 0.6189065576 -0.5667525530 -0.5438255072
-42.2 244.5 2538.4 0.2306501716 0.6964835525 0.6794933081 -0.9725160003 0.1878504753 0.1375675350 -0.0318296179 -0.6925480962 0.7206691504
19.4 -15.0 2529.9 0.0368248373 0.6956180930 0.7174673676 -0.9608906507 0.2218374312 -0.1657629162 -0.2744688094 -0.6833034754 0.6765820384
-266.2 -140.7 2473.3 0.9855759144 -0.0677523762 -0.1550796330 0.0778436363 0.9951617718 0.0599449389 0.1502679139 -0.0711522549 0.9860816002
-239.9 -527.0 2500.9 0.9886702895 0.0018450946 -0.1500922292 -0.0031013305 0.9999620914 -0.0081361216 0.1500715315 0.0085094264 0.9886385202
-95.1 -143.7 2526.4 0.8183386326 0.0581800453 -0.5717840195 -0.0585272945 0.9981271625 0.0177968200 0.5717485547 0.0189011451 0.8202111721
-117.7 -531.2 2519.1 0.8089697361 -0.1234749407 -0.5747363567 0.0923359692 0.9922454953 -0.0832041427 0.5805531740 0.0142407985 0.8140977621
-170.5 128.6 2202.3 0 0 0 0 0 0 0 0 0
29.5 -278.9 2454.5 0 0 0 0 0 0 0 0 0
-240.5 -846.7 2498.2 0 0 0 0 0 0 0 0 0
-79.7 -836.7 2514.7 0 0 0 0 0 0 0 0 0
-168.4 445.0 2495.9 8 0.9611390233 0.0210600793 -0.2752602696 -0.0172948278 0.9997208118 0.0160991829 0.2755224705 -0.0107129747 0.9612349272
-172.7 245.0 2498.1 0.9611390233 0.0210600793 -0.2752602696 -0.0172948278 0.9997208118 0.0160991829 0.2755224705 -0.0107129747 0.9612349272
-175.8 50.9 2499.7 0.9612152576 0.0161559023 -0.2753256857 -0.0132002998 0.9998337030 0.0125846816 0.2754832208 -0.0084622055 0.9612686634
-303.9 246.8 2460.4 0.2713289559 -0.7042906880 -0.6560146213 0.9087587595 0.4119971693 -0.0664515719 0.3170773983 -0.5781288147 0.7518171072
-367.4 34.3 2386.3 -0.7007426620 -0.7042906880 -0.1137290746 -0.2729929090 0.4119971693 -0.8693291545 0.6591165066 -0.5781288147 -0.4809703827
-41.4 243.2 2535.7 0.2281694561 0.6869276762 0.6899775863 -0.9733442068 0.1778460741 0.1448163539 -0.0232314412 -0.7046283484 0.7091961503
18.7 -13.0 2529.6 0.0323976837 0.6861640811 0.7267250419 -0.9595393538 0.2248349488 -0.1695095301 -0.2797045410 -0.6918295026 0.6656855941
-263.5 -141.4 2475.3 0.9885740280 -0.0603786819 -0.1381150633 0.0693946183 0.9956967831 0.0614187568 0.1338123530 -0.0703014284 0.9885099530
-240.0 -527.9 2502.6 0.9911301732 0.0010556633 -0.1328903139 -0.0034459492 0.9998363853 -0.0177582055 0.1328498274 0.0180586260 0.9909716249
-92.1 -143.2 2527.6 0.8276301026 0.0599146970 -0.5580668449 -0.0623742118 0.9979454875 0.0146377236 0.5577973127 0.0226943586 0.8296668530
-115.4 -530.6 2518.8 0.8191592693 -0.1183296591 -0.5612273812 0.0891786367 0.9928640127 -0.0791724548 0.5665909052 0.0148053579 0.8238661885
-173.2 110.0 2203.7 0 0 0 0 0 0 0 0 0
27.6 -276.5 2452.7 0 0 0 0 0 0 0 0 0
-240.3 -842.8 2496.9 0 0 0 0 0 0 0 0 0
-78.7 -838.4 2514.2 0 0 0 0 0 0 0 0 0
-169.8 443.3 2495.4 9 0.9626285434 0.0171696674 -0.2702803910 -0.0133538209 0.9997835755 0.0159507785 0.2704957724 -0.0117453989 0.9626495242
-173.2 244.1 2497.8 0.9626285434 0.0171696674 -0.2702803910 -0.0133538209 0.9997835755 0.0159507785 0.2704957724 -0.0117453989 0.9626495242
-175.5 50.0 2499.8 0.9626971483 0.0119708907 -0.2703163326 -0.0086470162 0.9998716712 0.0134838205 0.2704430819 -0.0106434058 0.9626771212
-304.7 245.2 2460.8 0.2607107759 -0.7156709433 -0.6479544640 0.9220666885 0.3834506869 -0.0525218546 0.2860469520 -0.5837642550 0.7598660588
-365.0 32.0 2394.7 -0.6862103343 -0.7156709433 -0.1301171631 -0.2303232849 0.3834506869 -0.8943806291 0.6899757385 -0.5837642550 -0.4279635251
-41.7 242.9 2534.7 0.2296810448 0.6821352243 0.6942176819 -0.9728952646 0.1805998832 0.1444245428 -0.0268585663 -0.7085726857 0.7051264644
18.7 -12.9 2527.7 0.0276316144 0.6815831065 0.7312188148 -0.9590874910 0.2242608368 -0.1727954298 -0.2817581892 -0.6965281963 0.6598945260
-265.0 -142.0 2476.7 0.9890565872 -0.0642077848 -0.1328321397 0.0723970979 0.9957017303 0.0577648841 0.1285522282 -0.0667494014 0.9894537926
-240.1 -528.5 2502.6 0.9918795824 0.0000714002 -0.1271804422 -0.0030554957 0.9997245669 -0.0232685395 0.1271437556 0.0234681889 0.9916066527
-92.8 -144.3 2526.0 0.8308420181 0.0567590110 -0.5536063313 -0.0570876673 0.9982300401 0.0166683681 0.5535725355 0.0177553110 0.8326116800
-114.9 -531.9 2519.1 0.8228815794 -0.1149767786 -0.5564586520 0.0901488438 0.9933271408 -0.0719329789 0.5610161424 0.0090282196 0.8277556300
-175.2 95.6 2203.9 0 0 0 0 0 0 0 0 0
26.3 -276.3 2450.3 0 0 0 0 0 0 0 0 0
-240.1 -843.9 2495.2 0 0 0 0 0 0 0 0 0
-79.7 -836.1 2516.4 0 0 0 0 0 0 0 0 0
-172.3 446.6 2494.7 0 0.9632015228 0.0124177700 -0.2684932649 -0.0082996394 0.9998299479 0.0164675768 0.2686521113 -0.0136331972 0.9631407857
-174.7 247.5 2497.4 0.9632015228 0.0124177700 -0.2684932649 -0.0082996394 0.9998299479 0.0164675768 0.2686521113 -0.0136331972 0.9631407857
-176.5 53.4 2499.7 0.9632319808 0.0089940922 -0.2685205340 -0.0054554483 0.9998881817 0.0139215607 0.2686157227 -0.0119447922 0.9631733298
-306.3 248.2 2460.7 0.2355525196 -0.7340101004 -0.6369804740 0.9404214621 0.3375105560 -0.0411590673 0.2451988161 -0.5893350244 0.7697803378
-361.4 28.4 2403.4 -0.6667584777 -0.7340101004 -0.1290824860 -0.1931954324 0.3375105560 -0.9212828875 0.7197976708 -0.5893350244 -0.3668454289
-43.1 246.7 2534.1 0.2312338948 0.6795920730 0.6961935759 -0.9723950028 0.1844508946 0.1429190338 -0.0312868878 -0.7100228667 0.7034832239
18.5 -12.7 2525.8 0.0094813332 0.6796283126 0.7334953547 -0.9587543011 0.2145672143 -0.1864165515 -0.2840780318 -0.7014743686 0.6536309123
-264.1 -143.4 2477.7 0.9894093275 -0.0623190477 -0.1310935616 0.0704443976 0.9958116412 0.0582813770 0.1269124597 -0.0668989420 0.9896553755
-239.9 -530.0 2503.7 0.9920524359 0.0034416616 -0.1257780939 -0.0060459487 0.9997750521 -0.0203295387 0.1256798357 0.0209284164 0.9918500781
-91.6 -144.9 2526.1 0.8318403959 0.0542316772 -0.5523589849 -0.0579842925 0.9982602596 0.0106880702 0.5519776940 0.0231373776 0.8335378170
-112.6 -532.5 2517.2 0.8251351118 -0.1060142219 -0.5548990965 0.0829815716 0.9943249226 -0.0665735006 0.5588077307 0.0088857338 0.8292496204
-178.9 81.3 2206.4 0 0 0 0 0 0 0 0 0
21.1 -275.9 2447.8 0 0 0 0 0 0 0 0 0
-241.0 -842.6 2497.1 0 0 0 0 0 0 0 0 0
-80.7 -832.2 2514.5 0 0 0 0 0 0 0 0 0
-173.7 448.1 2494.3 1 0.9638407230 0.0000222913 -0.2664790452 0.0036050780 0.9999073744 0.0131230215 0.2664546371 -0.0136091802 0.9637513757
-173.7 249.0 2497.0 0.9638407230 0.0000222913 -0.2664790452 0.0036050780 0.9999073744 0.0131230215 0.2664546371 -0.0136091802 0.9637513757
-173.0 54.9 2499.4 0.9638345242 -0.0037757126 -0.2664747238 0.0069116866 0.9999174476 0.0108315004 0.2664118409 -0.0122815631 0.9637810588
-305.4 248.0 2460.6 0.2304932922 -0.7435358167 -0.6277160048 0.9478895068 0.3173773289 -0.0278776474 0.2199508548 -0.5885797739 0.7779431343
-359.1 27.1 2409.4 -0.6536850929 -0.7435358167 -0.1408911794 -0.1595238894 0.3173773289 -0.9347854257 0.7397620678 -0.5885797739 -0.3260765672
-42.1 249.9 2533.4 0.2281172127 0.6782614589 0.6985155344 -0.9731374979 0.1817337722 0.1413374394 -0.0310801268 -0.7119931579 0.7014982700
18.5 -8.3 2525.2 0.0054169125 0.6785480976 0.7345359921 -0.9562628865 0.2183425575 -0.1946479678 -0.2924584746 -0.7013550997 0.6500530839
-264.5 -140.2 2478.0 0.9896738529 -0.0620629787 -0.1292046309 0.0692296997 0.9962584972 0.0517323129 0.1255105436 -0.0601429157 0.9902676344
-240.4 -527.0 2501.3 0.9922156334 -0.0034103310 -0.1244849712 0.0010587603 0.9998198152 -0.0189516693 0.1245271787 0.0186723433 0.9920405149
-91.9 -141.2 2526.1 0.8334199786 0.0499457642 -0.5503785610 -0.0548467599 0.9984661937 0.0075562024 0.5499117970 0.0238889921 0.8348810077
-111.3 -528.9 2516.8 0.8276941180 -0.0984275267 -0.5524802208 0.0791226104 0.9951320887 -0.0587515533 0.5555735826 0.0049146391 0.8314528465
-181.9 70.4 2208.8 0 0 0 0 0 0 0 0 0
20.0 -270.9 2444.9 0 0 0 0 0 0 0 0 0
-239.4 -844.3 2495.4 0 0 0 0 0 0 0 0 0
-81.1 -834.5 2515.3 0 0 0 0 0 0 0 0 0
-172.9 448.2 2486.2 2 0.9631531239 0.0027429964 -0.2689397335 0.0069601429 0.9993588924 0.0351190977 0.2688636482 -0.0356969275 0.9625165462
-173.5 249.0 2493.3 0.9631531239 0.0027429964 -0.2689397335 0.0069601429 0.9993588924 0.0351190977 0.2688636482 -0.0356969275 0.9625165462
-173.0 55.0 2499.7 0.9631531835 -0.0027047989 -0.2689397931 0.0115864435 0.9994384050 0.0314428732 0.2687036991 -0.0334003605 0.9626436234
-305.1 247.4 2456.6 0.2151748240 -0.7605646849 -0.6125692725 0.9584016204 0.2849108875 -0.0170907211 0.1875262558 -0.5834099054 0.7902320623
-355.1 24.5 2412.9 -0.6363423467 -0.7605646849 -0.1288788617 -0.1487441957 0.2849108875 -0.9469429255 0.7569303513 -0.5834099054 -0.2944304347
-41.9 250.6 2530.0 0.2343318760 0.6774075627 0.6972858906 -0.9719485044 0.1780918837 0.1536209583 -0.0201169476 -0.7137242556 0.7001378536
19.9 -5.8 2524.7 -0.0000652996 0.6779264212 0.7351297140 -0.9560242891 0.2155620605 -0.1988732666 -0.2932875156 -0.7028148770 0.6481000781
-258.6 -139.8 2477.9 0.9902759194 -0.0472830534 -0.1308354884 0.0551170669 0.9968563914 0.0569164380 0.1277330071 -0.0635742471 0.9897689819
-240.2 -526.8 2502.6 0.9919191003 -0.0044108075 -0.1267951876 0.0018632327 0.9997941256 -0.0202036332 0.1268582046 0.0198041219 0.9917231202
-85.9 -138.6 2525.7 0.8305602670 0.0642926544 -0.5532052517 -0.0680570528 0.9975865483 0.0137598095 0.5527547598 0.0262211654 0.8329313397
-110.9 -525.8 2515.5 0.8252938986 -0.0966307595 -0.5563743711 0.0780281126 0.9953132868 -0.0571229644 0.5592866540 0.0037303900 0.8289659023
-184.4 64.4 2209.8 0 0 0 0 0 0 0 0 0
19.9 -268.3 2444.1 0 0 0 0 0 0 0 0 0
-238.8 -844.1 2496.3 0 0 0 0 0 0 0 0 0
-80.9 -834.5 2514.3 0 0 0 0 0 0 0 0 0
-172.3 448.5 2491.1 3 0.9697943330 0.0053822128 -0.2438647151 -0.0000936501 0.9997646809 0.0216928665 0.2439240813 -0.0210147817 0.9695666432
-173.4 249.6 2495.2 0.9697943330 0.0053822128 -0.2438647151 -0.0000936501 0.9997646809 0.0216928665 0.2439240813 -0.0210147817 0.9695666432
-173.8 55.5 2498.7 0.9698042274 0.0017366363 -0.2438786328 0.0026823729 0.9998382330 0.0177864358 0.2438700646 -0.0179035347 0.9696426392
-305.9 249.2 2461.9 0.1888423264 -0.7842071652 -0.5910648704 0.9626724720 0.2666862011 -0.0462621376 0.1939079463 -0.5602656007 0.8052963018
-350.6 21.4 2416.1 -0.6060227156 -0.7842071652 -0.1332500577 -0.1352828592 0.2666862011 -0.9542415738 0.7838590741 -0.5602656007 -0.2677076757
-41.0 250.0 2528.5 0.2325138003 0.6606287360 0.7137975693 -0.9720639586 0.1820534170 0.1481492370 -0.0320776440 -0.7283036709 0.6845033169
19.8 -3.9 2520.2 0.0102630239 0.6608039141 0.7504884005 -0.9571561813 0.2236988991 -0.1838773191 -0.2893902659 -0.7164474726 0.6347883940
-258.7 -140.0 2482.2 0.9932058454 -0.0490949899 -0.1055074111 0.0549510121 0.9970637560 0.0533311553 0.1025793254 -0.0587665550 0.9929873943
-239.7 -527.0 2505.0 0.9948359132 -0.0009397108 -0.1014922485 -0.0013233620 0.9997520447 -0.0222283565 0.1014879644 0.0222478770 0.9945879579
-86.2 -137.9 2530.3 0.8445036411 0.0693150088 -0.5310452580 -0.0757084191 0.9970823526 0.0097482065 0.5301715732 0.0319721997 0.8472873569
-113.1 -525.0 2517.9 0.8385474086 -0.1046303511 -0.5346875191 0.0838924199 0.9944790006 -0.0630366653 0.5383310914 0.0080029992 0.8426954746
-190.5 57.1 2209.1 0 0 0 0 0 0 0 0 0
22.6 -266.8 2440.7 0 0 0 0 0 0 0 0 0
-239.4 -845.3 2497.9 0 0 0 0 0 0 0 0 0
-80.4 -835.8 2515.4 0 0 0 0 0 0 0 0 0
-170.5 446.5 2484.0 4 0.9712668061 0.0088103060 -0.2378300577 -0.0001450241 0.9993363023 0.0364276953 0.2379931509 -0.0353465229 0.9706234336
-172.2 246.2 2491.1 0.9712668061 0.0088103060 -0.2378300577 -0.0001450241 0.9993363023 0.0364276953 0.2379931509 -0.0353465229 0.9706234336
-173.1 52.2 2497.0 0.9712876678 0.0043635559 -0.2378680110 0.0030204330 0.9995250106 0.0306690782 0.2378888577 -0.0305069629 0.9708131552
-304.9 245.7 2458.6 0.1650205404 -0.8056678772 -0.5689178109 0.9716398120 0.2318493426 -0.0464971401 0.1693644673 -0.5451102257 0.8210788965
-343.4 18.9 2419.1 -0.5771787763 -0.8056678772 -0.1332813203 -0.1002004817 0.2318493426 -0.9675772786 0.8104470968 -0.5451102257 -0.2145468295
-39.6 246.6 2523.6 0.2276133299 0.6563795805 0.7192760706 -0.9734382033 0.1721184552 0.1509746760 -0.0247040037 -0.7345346212 0.6781213880
19.5 -6.1 2517.2 0.0076991804 0.6567749381 0.7540473342 -0.9589087367 0.2187173218 -0.1807117909 -0.2836101949 -0.7216712832 0.6314711571
-261.0 -138.8 2480.4 0.9934638143 -0.0558379292 -0.0995581746 0.0631546602 0.9954088926 0.0719206631 0.0950851962 -0.0777381361 0.9924291372
-239.4 -525.1 2510.6 0.9956959486 0.0024994190 -0.0926459804 -0.0062760869 0.9991599917 -0.0404956043 0.0924669430 0.0409027636 0.9948753119
-87.3 -138.2 2524.0 0.8479152322 0.0629372597 -0.5263826251 -0.0657843277 0.9977448583 0.0133283138 0.5260344148 0.0233264472 0.8501433134
-111.7 -525.6 2515.0 0.8429970145 -0.0961210653 -0.5292605758 0.0832455531 0.9953637123 -0.0481797904 0.5314378738 -0.0034431680 0.8470903039
-194.6 44.8 2210.0 0 0 0 0 0 0 0 0 0
21.6 -269.4 2439.3 0 0 0 0 0 0 0 0 0
-240.2 -844.5 2497.5 0 0 0 0 0 0 0 0 0
-81.8 -835.4 2516.1 0 0 0 0 0 0 0 0 0
-169.8 445.5 2481.0 5 0.9719359875 0.0107256733 -0.2350007445 -0.0006641042 0.9990811944 0.0428524241 0.2352444530 -0.0414937511 0.9710500836
-172.0 245.9 2489.3 0.9719359875 0.0107256733 -0.2350007445 -0.0006641042 0.9990811944 0.0428524241 0.2352444530 -0.0414937511 0.9710500836
-173.4 51.9 2496.0 0.9719520211 0.0072836303 -0.2350664437 0.0011115433 0.9993668795 0.0355617963 0.2351766378 -0.0348256454 0.9713285565
-304.8 245.8 2457.2 0.1648815423 -0.8072798252 -0.5666686296 0.9739755392 0.2238540798 -0.0355097912 0.1555174142 -0.5460664630 0.8231802583
-343.6 16.1 2420.5 -0.5739303827 -0.8072798252 -0.1374887526 -0.0822241679 0.2238540798 -0.9711480737 0.8147656322 -0.5460664630 -0.1948545724
-39.2 246.1 2521.4 0.2397348434 0.6510515809 0.7201799154 -0.9704052210 0.1828540862 0.1577279717 -0.0289987978 -0.7366791964 0.6756203175
24.1 -9.9 2513.8 -0.0210482981 0.6517421603 0.7581484914 -0.9571930170 0.2058257908 -0.2035124153 -0.2886841297 -0.7299780250 0.6195107698
-261.0 -142.1 2481.6 0.9941599369 -0.0481992736 -0.0965549424 0.0556597114 0.9955435991 0.0761242956 0.0924555212 -0.0810539424 0.9924123287
-242.3 -528.5 2513.1 0.9959084392 -0.0104819424 -0.0897582695 0.0060817576 0.9987725616 -0.0491565131 0.0901633501 0.0484094955 0.9947497845
-87.0 -141.5 2524.3 0.8488879800 0.0678199232 -0.5242038965 -0.0703941733 0.9974057674 0.0150460918 0.5238643885 0.0241284519 0.8514598608
-113.3 -528.8 2514.9 0.8433501720 -0.1017188728 -0.5276492238 0.0860188678 0.9948130846 -0.0542921983 0.5304349065 0.0003995413 0.8477255702
-197.8 37.0 2213.5 0 0 0 0 0 0 0 0 0
18.3 -272.7 2434.5 0 0 0 0 0 0 0 0 0
-238.9 -847.8 2497.6 0 0 0 0 0 0 0 0 0
-82.1 -834.0 2514.8 0 0 0 0 0 0 0 0 0
-169.7 443.4 2480.0 6 0.9730278850 0.0081759254 -0.2305425406 0.0018203263 0.9990684986 0.0431136824 0.2306802869 -0.0423704758 0.9721066356
-171.3 244.4 2488.4 0.9730278850 0.0081759254 -0.2305425406 0.0018203263 0.9990684986 0.0431136824 0.2306802869 -0.0423704758 0.9721066356
-172.1 50.4 2494.9 0.9730386734 0.0043255948 -0.2306014895 0.0035411883 0.9994260669 0.0336893983 0.2306148708 -0.0335976891 0.9724649191
-304.2 243.9 2456.9 0.1614224166 -0.8129383922 -0.5595301390 0.9761354327 0.2149775475 -0.0307282172 0.1452665627 -0.5412169695 0.8282401562
-342.0 15.5 2422.9 -0.5654492974 -0.8129383922 -0.1392775774 -0.0691193119 0.2149775475 -0.9741699696 0.8218817115 -0.5412169695 -0.1777486503
-38.4 244.9 2519.9 0.2498553544 0.6452479959 0.7219607234 -0.9676769376 0.1927758604 0.1626002938 -0.0342590995 -0.7392513156 0.6725576520
27.9 -11.7 2510.8 -0.0430021174 0.6453828812 0.7626478672 -0.9557797909 0.1957075894 -0.2195074558 -0.2909223139 -0.7383626699 0.6084280610
-261.9 -142.1 2481.7 0.9943979979 -0.0533642210 -0.0912410244 0.0588166341 0.9965736866 0.0581510812 0.0878252164 -0.0631918088 0.9941295385
-241.2 -528.9 2506.3 0.9962658286 -0.0050464538 -0.0861912966 0.0024877358 0.9995537400 -0.0297681522 0.0863030553 0.0294425711 0.9958337545
-87.7 -141.9 2523.9 0.8508279920 0.0720724612 -0.5204779506 -0.0789011791 0.9968413115 0.0090560447 0.5194866061 0.0333611891 0.8538270593
-115.7 -528.9 2510.9 0.8446825147 -0.1106538251 -0.5237051845 0.1010651886 0.9937705994 -0.0469663478 0.5256398320 -0.0132567100 0.8506039381
-200.2 32.8 2216.8 0 0 0 0 0 0 0 0 0
16.1 -274.1 2431.0 0 0 0 0 0 0 0 0 0
-239.5 -851.3 2496.8 0 0 0 0 0 0 0 0 0
-81.7 -834.7 2515.0 0 0 0 0 0 0 0 0 0
-169.5 442.9 2479.0 7 0.9735152721 0.0090419864 -0.2284430414 0.0008793277 0.9990621209 0.0432910770 0.2286202163 -0.0423454009 0.9725943208
-171.3 244.1 2487.4 0.9735152721 0.0090419864 -0.2284430414 0.0008793277 0.9990621209 0.0432910770 0.2286202163 -0.0423454009 0.9725943208
-172.4 50.1 2494.1 0.9735275507 0.0053953733 -0.2285058945 0.0025802872 0.9993982315 0.0345903896 0.2285550088 -0.0342643075 0.9729278088
-304.3 243.8 2456.2 0.1508945078 -0.8200709224 -0.5520095229 0.9785697460 0.2030604482 -0.0341718234 0.1401146203 -0.5350235105 0.8331372738
-339.6 15.4 2423.5 -0.5551198125 -0.8200709224 -0.1390168667 -0.0551583655 0.2030604482 -0.9776113629 0.8299394846 -0.5350235105 -0.1579566449
-38.3 244.5 2518.6 0.2553227544 0.6417975426 0.7231225371 -0.9660626650 0.1996326745 0.1639197022 -0.0391556248 -0.7404341102 0.6709874272
29.9 -13.6 2508.2 -0.0567603894 0.6413875818 0.7651144862 -0.9534745216 0.1924450845 -0.2320586890 -0.2960821092 -0.7426889539 0.6006234884
-260.2 -143.9 2480.8 0.9949436188 -0.0463418551 -0.0891043693 0.0517660603 0.9968816638 0.0595589839 0.0860664397 -0.0638704151 0.9942399859
-242.2 -530.9 2505.6 0.9963800311 -0.0067799068 -0.0847400948 0.0044803806 0.9996173382 -0.0272969995 0.0848927349 0.0268185176 0.9960291386
-85.8 -143.3 2522.1 0.8513572216 0.0826694369 -0.5180314779 -0.0856259018 0.9961602092 0.0182494167 0.5175510049 0.0288201366 0.8551668525
-117.9 -530.0 2510.9 0.8443298340 -0.1189189404 -0.5224609375 0.1090870798 0.9927899241 -0.0496803671 0.5246019363 -0.0150471264 0.8512146473
-201.5 29.1 2217.1 0 0 0 0 0 0 0 0 0
14.3 -275.4 2426.9 0 0 0 0 0 0 0 0 0
-240.0 -849.5 2497.1 0 0 0 0 0 0 0 0 0
-81.5 -833.8 2515.5 0 0 0 0 0 0 0 0 0
-169.8 442.4 2478.0 8 0.9758346081 0.0086753936 -0.2183381766 0.0009113637 0.9990412593 0.0437688753 0.2185085565 -0.0429101698 0.9748911262
-171.5 243.7 2486.5 0.9758346081 0.0086753936 -0.2183381766 0.0009113637 0.9990412593 0.0437688753 0.2185085565 -0.0429101698 0.9748911262
-172.5 49.7 2493.5 0.9758488536 0.0049560536 -0.2183907032 0.0029966463 0.9993448257 0.0360687561 0.2184263766 -0.0358520932 0.9751946330
-304.8 243.2 2456.7 0.1519197673 -0.8150365949 -0.5591383576 0.9782665968 0.2047605813 -0.0326740965 0.1411200911 -0.5420225263 0.8284302354
-340.3 15.0 2423.7 -0.5613935590 -0.8150365949 -0.1433618814 -0.0476121344 0.2047605813 -0.9776533842 0.8261781931 -0.5420225263 -0.1537569016
-38.2 244.1 2516.4 0.2580626607 0.6327516437 0.7300884128 -0.9651144147 0.2034467608 0.1648139358 -0.0442478359 -0.7471511364 0.6631796956
30.8 -13.9 2504.5 -0.0624678135 0.6320852637 0.7723768353 -0.9527710676 0.1926785409 -0.2347387671 -0.2971953750 -0.7505619526 0.5901963115
-260.7 -144.1 2480.2 0.9956778288 -0.0509241559 -0.0776683614 0.0540364496 0.9977961183 0.0385094918 0.0755361244 -0.0425399691 0.9962352514
-240.9 -531.4 2496.7 0.9971475601 -0.0052733608 -0.0752919838 0.0047942647 0.9999670982 -0.0065424987 0.0753240138 0.0061628674 0.9971400499
-86.2 -143.6 2521.2 0.8574219346 0.0743147731 -0.5092198849 -0.0755465999 0.9969744682 0.0182919390 0.5090386271 0.0227859225 0.8604420424
-115.1 -530.7 2512.3 0.8515267372 -0.1083638147 -0.5129907131 0.0982065424 0.9940570593 -0.0469683334 0.5150316954 -0.0103842486 0.8571082354
-201.4 26.8 2219.5 0 0 0 0 0 0 0 0 0
13.7 -275.5 2422.9 0 0 0 0 0 0 0 0 0
-239.2 -848.5 2494.8 0 0 0 0 0 0 0 0 0
-81.7 -836.8 2515.5 0 0 0 0 0 0 0 0 0
-169.9 443.0 2486.5 9 0.9839237928 0.0093623502 -0.1783431619 -0.0063990182 0.9998318553 0.0171838943 0.1784740537 -0.0157664213 0.9838182926
-171.8 244.6 2489.6 0.9839237928 0.0093623502 -0.1783431619 -0.0063990182 0.9998318553 0.0171838943 0.1784740537 -0.0157664213 0.9838182926
-173.5 50.5 2491.7 0.9839233160 0.0085172374 -0.1783881336 -0.0064520007 0.9999053478 0.0121541554 0.1784747541 -0.0108077964 0.9838851094
-306.1 245.4 2465.3 0.1526246369 -0.8073426485 -0.5700031519 0.9733859897 0.2225702703 -0.0546098426 0.1709546149 -0.5464982986 0.8198257089
-342.1 15.7 2424.9 -0.5664786696 -0.8073426485 -0.1652264893 -0.0330123268 0.2225702703 -0.9743575454 0.8234149218 -0.5464982986 -0.1527335644
-37.5 243.7 2513.9 0.2574273646 0.6093941331 0.7499132752 -0.9654294252 0.1950917393 0.1728735566 -0.0409537591 -0.7684907317 0.6385489702
31.4 -14.5 2503.0 -0.0659136176 0.6097754240 0.7898286581 -0.9513097405 0.2004579306 -0.2341502458 -0.3011064827 -0.7668054104 0.5668724179
-260.8 -144.6 2480.9 0.9978805780 -0.0525783449 -0.0383384861 0.0541738942 0.9976545572 0.0418391749 0.0360487327 -0.0438274443 0.9983885288
-240.4 -531.9 2497.9 0.9993502498 -0.0021280549 -0.0359794386 0.0020482710 0.9999953508 -0.0022541981 0.0359840691 0.0021790378 0.9993500113
-86.0 -144.1 2520.0 0.8783277273 0.0717938244 -0.4726373255 -0.0746446103 0.9971287251 0.0127481595 0.4721954763 0.0240827650 0.8811648488
-113.9 -531.2 2510.6 0.8737880588 -0.1028870121 -0.4752985239 0.1005833074 0.9944654107 -0.0303579215 0.4757913649 -0.0212807097 0.8793007135
-202.1 23.9 2221.4 0 0 0 0 0 0 0 0 0
13.3 -275.7 2420.3 0 0 0 0 0 0 0 0 0
-239.8 -848.0 2497.2 0 0 0 0 0 0 0 0 0
-82.2 -837.1 2517.2 0 0 0 0 0 0 0 0 0
-171.3 439.5 2483.2 0 0.9826787710 0.0066822101 -0.1851967275 -0.0021586113 0.9996946454 0.0246167872 0.1853046715 -0.0237906259 0.9823930860
-172.6 240.4 2488.0 0.9826787710 0.0066822101 -0.1851967275 -0.0021586113 0.9996946454 0.0246167872 0.1853046715 -0.0237906259 0.9823930860
-173.6 46.3 2491.3 0.9826813936 0.0049253353 -0.1852377653 -0.0017034902 0.9998445511 0.0175481588 0.1852954030 -0.0169286989 0.9825370312
-306.8 240.5 2462.7 0.1271394342 -0.8157643676 -0.5642375350 0.9793357849 0.1934426874 -0.0590025522 0.1572798193 -0.5450764894 0.8235014677
-335.9 16.3 2426.7 -0.5594170690 -0.8157643676 -0.1469047517 -0.0245232787 0.1934426874 -0.9808050394 0.8285234571 -0.5450764894 -0.1282203645
-38.4 240.2 2513.3 0.2563773096 0.6132174134 0.7471513152 -0.9656978846 0.1954595149 0.1709477454 -0.0412096977 -0.7653495669 0.6422941685
29.6 -16.0 2502.3 -0.0570388213 0.6137428880 0.7874428630 -0.9521212578 0.2038425505 -0.2278448492 -0.3003525138 -0.7627370954 0.5727307200
-263.4 -143.0 2477.9 0.9971730113 -0.0592627041 -0.0461942814 0.0620548874 0.9961726665 0.0615568645 0.0423694514 -0.0642494261 0.9970340133
-240.4 -529.6 2502.8 0.9991263747 -0.0029610260 -0.0416861251 0.0024516224 0.9999217391 -0.0122658014 0.0417191833 0.0121528869 0.9990554452
-87.2 -144.1 2509.8 0.8764631152 0.0654562637 -0.4769988060 -0.0511727110 0.9977683425 0.0428914987 0.4787418246 -0.0131834950 0.8778567314
-112.6 -531.1 2514.9 0.8705607057 -0.1037401035 -0.4810011387 0.0913158581 0.9946038723 -0.0492396168 0.4835137129 -0.0010569585 0.8753361702
-197.1 22.4 2221.0 0 0 0 0 0 0 0 0 0
13.9 -277.5 2419.8 0 0 0 0 0 0 0 0 0
-239.4 -848.0 2498.9 0 0 0 0 0 0 0 0 0
-80.7 -836.9 2515.2 0 0 0 0 0 0 0 0 0
-171.8 440.6 2481.1 1 0.9845724106 0.0035898085 -0.1749407351 0.0023564778 0.9994268417 0.0337707177 0.1749616861 -0.0336619616 0.9839996099
-172.5 241.8 2487.8 0.9845724106 0.0035898085 -0.1749407351 0.0023564778 0.9994268417 0.0337707177 0.1749616861 -0.0336619616 0.9839996099
-173.1 47.8 2493.0 0.9845712781 0.0027339880 -0.1749626845 0.0019917318 0.9996380806 0.0268285796 0.1749727130 -0.0267631281 0.9842094779
-307.0 241.5 2463.9 0.1062444821 -0.8221798539 -0.5592248440 0.9808892608 0.1788541526 -0.0765992627 0.1629980505 -0.5403993726 0.8254696727
-331.5 15.2 2426.3 -0.5531693101 -0.8221798539 -0.1342534274 -0.0271379203 0.1788541526 -0.9835012555 0.8326267004 -0.5403993726 -0.1212488860
-38.1 242.1 2511.7 0.2582572401 0.6029319763 0.7548352480 -0.9651088119 0.1959757358 0.1736621410 -0.0432229377 -0.7733476162 0.6325070858
31.3 -17.3 2500.1 -0.0632447153 0.6034090519 0.7949199080 -0.9518571496 0.2029200941 -0.2297637314 -0.2999467254 -0.7711815238 0.5615255833
-262.6 -147.6 2478.0 0.9973039627 -0.0641908944 -0.0355575755 0.0664475113 0.9955774546 0.0664093867 0.0311374459 -0.0685930550 0.9971587062
-237.7 -534.1 2504.6 0.9995452762 0.0042251335 -0.0298553817 -0.0048295320 0.9997842908 -0.0202011839 0.0297635887 0.0203361847 0.9993500710
-86.6 -147.9 2511.1 0.8808567524 0.0651622117 -0.4688765705 -0.0553336702 0.9978638887 0.0347255059 0.4701377749 -0.0046435357 0.8825808167
-111.9 -535.1 2512.9 0.8754268885 -0.1013460830 -0.4726063013 0.0903751180 0.9948480725 -0.0459307246 0.4748263657 -0.0025028603 0.8800759315
-194.4 21.9 2219.9 0 0 0 0 0 0 0 0 0
14.0 -278.7 2417.7 0 0 0 0 0 0 0 0 0
-239.0 -848.2 2498.2 0 0 0 0 0 0 0 0 0
-81.2 -836.3 2513.7 0 0 0 0 0 0 0 0 0
-172.6 441.8 2479.5 2 0.9852208495 0.0024283193 -0.1712716669 0.0037789538 0.9993479848 0.0359069295 0.1712471843 -0.0360234827 0.9845693111
-173.1 243.1 2486.7 0.9852208495 0.0024283193 -0.1712716669 0.0037789538 0.9993479848 0.0359069295 0.1712471843 -0.0360234827 0.9845693111
-173.3 49.0 2492.2 0.9852207303 0.0011824467 -0.1712855250 0.0037094171 0.9995943904 0.0282368381 0.1712494344 -0.0284548867 0.9848167300
-307.7 242.6 2463.3 0.0978885889 -0.8247503042 -0.5569603443 0.9841965437 0.1632087231 -0.0687029734 0.1475635767 -0.5414331555 0.8276926279
-330.7 11.0 2428.6 -0.5538769364 -0.8247503042 -0.1140495613 -0.0400428660 0.1632087231 -0.9857786298 0.8316350579 -0.5414331555 -0.1234229133
-38.5 243.6 2510.1 0.2619407773 0.5997718573 0.7560824752 -0.9642420411 0.1953634173 0.1790820956 -0.0403024480 -0.7759554386 0.6294988990
31.8 -15.1 2499.3 -0.0672006682 0.5998178720 0.7973095775 -0.9537625313 0.1960144937 -0.2278493792 -0.2929523587 -0.7757556438 0.5589115024
-261.8 -146.5 2482.5 0.9983127117 -0.0483631715 -0.0321366563 0.0505844429 0.9960966110 0.0723379999 0.0285127163 -0.0738415644 0.9968622923
-243.1 -533.1 2511.2 0.9995766878 -0.0120251598 -0.0264919586 0.0109549509 0.9991324544 -0.0401787534 0.0269521307 0.0398715287 0.9988412261
-85.5 -146.1 2513.9 0.8821805716 0.0684705973 -0.4659069180 -0.0611753166 0.9976522326 0.0307833403 0.4669208229 0.0013455373 0.8842980862
-112.0 -533.3 2513.3 0.8777487874 -0.0957513601 -0.4694558084 0.0891384557 0.9953556657 -0.0363516510 0.4707562327 -0.0099389488 0.8822073340
-193.5 20.9 2222.6 0 0 0 0 0 0 0 0 0
13.3 -277.0 2418.8 0 0 0 0 0 0 0 0 0
-239.3 -847.7 2498.6 0 0 0 0 0 0 0 0 0
-83.0 -835.1 2516.3 0 0 0 0 0 0 0 0 0
-176.4 444.2 2487.3 3 0.9904721975 -0.0059239022 -0.1375854611 0.0081207026 0.9998482466 0.0154109811 0.1374732852 -0.0163814388 0.9903699756
-175.2 244.5 2490.5 0.9904721975 -0.0059239022 -0.1375854611 0.0081207026 0.9998482466 0.0154109811 0.1374732852 -0.0163814388 0.9903699756
-173.7 50.4 2492.7 0.9904629588 -0.0079391357 -0.1375504285 0.0094532082 0.9999016523 0.0103576388 0.1374546736 -0.0115591502 0.9904406071
-310.4 243.1 2471.8 0.0710978583 -0.8294301629 -0.5540674329 0.9824493527 0.1542634368 -0.1048621237 0.1724481583 -0.5368877649 0.8258408904
-327.3 9.7 2430.8 -0.5502304435 -0.8294301629 -0.0963955820 -0.0597630069 0.1542634368 -0.9862206578 0.8328714371 -0.5368877649 -0.1344496757
-39.9 245.8 2509.3 0.2666265368 0.5764233470 0.7724288702 -0.9628745914 0.1944202483 0.1872787774 -0.0422239490 -0.7936856151 0.6068609953
31.8 -13.4 2497.9 -0.0750493780 0.5768988132 0.8133605123 -0.9523620605 0.2003170103 -0.2299556136 -0.2955910861 -0.7918717265 0.5343828797
-261.8 -145.3 2482.4 0.9979692698 -0.0636948869 0.0005078696 0.0634897426 0.9953343868 0.0726532117 -0.0051331380 -0.0724734291 0.9973571301
-237.1 -531.7 2510.5 0.9999668002 0.0027900047 0.0076561621 -0.0024850178 0.9992141128 -0.0395598635 -0.0077605173 0.0395395234 0.9991878867
-85.3 -144.6 2513.1 0.8976596594 0.0753515139 -0.4341996014 -0.0689004064 0.9971540570 0.0306033213 0.4352698922 0.0024451634 0.9002966881
-114.5 -531.7 2512.1 0.8926156163 -0.1052170619 -0.4383682609 0.0983736515 0.9944096804 -0.0383672900 0.4399545491 -0.0088766450 0.8979761600
-190.1 24.6 2223.1 0 0 0 0 0 0 0 0 0
11.2 -275.0 2416.8 0 0 0 0 0 0 0 0 0
-238.0 -849.6 2498.0 0 0 0 0 0 0 0 0 0
-83.0 -830.1 2514.8 0 0 0 0 0 0 0 0 0
-173.0 449.2 2482.1 4 0.9945188761 -0.0031089569 -0.1045107543 0.0061447285 0.9995681047 0.0287380442 0.1043762714 -0.0292227175 0.9941084385
-172.4 248.0 2488.0 0.9945188761 -0.0031089569 -0.1045107543 0.0061447285 0.9995681047 0.0287380442 0.1043762714 -0.0292227175 0.9941084385
-171.4 54.0 2491.9 0.9945151210 -0.0049959132 -0.1044732928 0.0070704874 0.9997849464 0.0194965396 0.1043534204 -0.0201282818 0.9943365455
-308.1 247.0 2473.7 0.0684045926 -0.8308988810 -0.5522027612 0.9830481410 0.1505129486 -0.1047007442 0.1701093912 -0.5356798768 0.8271093369
-324.8 7.8 2432.3 -0.5497460365 -0.8308988810 -0.0859439224 -0.0733619630 0.1505129486 -0.9858822823 0.8321041465 -0.5356798768 -0.1437002718
-36.6 249.0 2502.2 0.2541633248 0.5571678877 0.7905472517 -0.9670311213 0.1598123610 0.1982696354 -0.0158697627 -0.8148766756 0.5794171095
31.7 -10.9 2498.0 -0.0698575303 0.5614432693 0.8245612979 -0.9523497224 0.2084779739 -0.2226363868 -0.2969005704 -0.8008235693 0.5201265812
-260.9 -144.5 2482.6 0.9972110391 -0.0663429275 0.0341869593 0.0635318756 0.9949565530 0.0776215717 -0.0391641818 -0.0752331316 0.9963966012
-235.1 -530.8 2511.8 0.9990746379 0.0098659107 0.0418637246 -0.0081174746 0.9990959167 -0.0417313278 -0.0422375947 0.0413528830 0.9982514381
-83.5 -142.8 2507.3 0.9113367796 0.0774807855 -0.4043042958 -0.0693541020 0.9969872832 0.0347323008 0.4057773352 -0.0036126638 0.9139648080
-113.6 -529.8 2508.7 0.9067571163 -0.1050992981 -0.4083449841 0.1028957665 0.9943138957 -0.0274283327 0.4089058042 -0.0171461329 0.9124155045
-187.7 26.1 2224.9 0 0 0 0 0 0 0 0 0
12.5 -272.4 2416.4 0 0 0 0 0 0 0 0 0
-238.3 -849.7 2498.6 0 0 0 0 0 0 0 0 0
-81.3 -835.2 2513.9 0 0 0 0 0 0 0 0 0
-173.2 447.8 2489.0 5 0.9936822057 -0.0096174972 -0.1118174791 0.0104852840 0.9999192953 0.0071752556 0.1117394492 -0.0083023617 0.9937028289
-171.2 247.1 2490.7 0.9936822057 -0.0096174972 -0.1118174791 0.0104852840 0.9999192953 0.0071752556 0.1117394492 -0.0083023617 0.9937028289
-169.2 53.0 2491.5 0.9936813116 -0.0102045313 -0.1117732525 0.0105739469 0.9999403954 0.0027127315 0.1117389053 -0.0038774749 0.9937300086
-306.9 245.7 2475.4 0.0757892430 -0.8283652067 -0.5550379157 0.9809540510 0.1617799103 -0.1075009108 0.1788439900 -0.5363192558 0.8248493671
-325.2 8.8 2432.3 -0.5521503091 -0.8283652067 -0.0945577621 -0.0741913766 0.1617799103 -0.9840340018 0.8304370642 -0.5363192558 -0.1507843733
-35.5 248.5 2506.0 0.2519526482 0.5641219616 0.7863118052 -0.9673882723 0.1687082797 0.1889377534 -0.0260733813 -0.8082721829 0.5882314444
31.5 -8.7 2499.0 -0.0552908145 0.5678099394 0.8213006854 -0.9516375065 0.2189958245 -0.2154689878 -0.3022068441 -0.7934939861 0.5282407999
-259.4 -140.7 2486.5 0.9973137379 -0.0680255443 0.0271636304 0.0665238872 0.9963862896 0.0528108515 -0.0306579545 -0.0508619547 0.9982350469
-233.0 -527.4 2506.2 0.9993944168 0.0107648363 0.0330890082 -0.0095801596 0.9993146658 -0.0357550904 -0.0334512256 0.0354164392 0.9988126159
-81.4 -139.5 2505.1 0.9090335369 0.0793439746 -0.4090996683 -0.0672422051 0.9967701435 0.0439068712 0.4112620652 -0.0124040544 0.9114327431
-112.2 -526.4 2510.0 0.9044620991 -0.1023944989 -0.4140817523 0.0966719463 0.9947072268 -0.0348154232 0.4154550135 -0.0085408594 0.9095736146
-188.0 27.3 2225.9 0 0 0 0 0 0 0 0 0
16.3 -270.0 2416.1 0 0 0 0 0 0 0 0 0
-236.5 -846.3 2494.9 0 0 0 0 0 0 0 0 0
-80.5 -834.4 2512.6 0 0 0 0 0 0 0 0 0
-175.4 444.9 2492.5 6 0.9933218956 -0.0080912309 -0.1150919870 0.0081856465 0.9999664426 0.0003477474 0.1150853112 -0.0012875275 0.9933547974
-173.8 245.3 2492.8 0.9933218956 -0.0080912309 -0.1150919870 0.0081856465 0.9999664426 0.0003477474 0.1150853112 -0.0012875275 0.9933547974
-172.1 51.3 2491.8 0.9933205247 -0.0090038870 -0.1150360852 0.0083468910 0.9999459982 -0.0061916481 0.1150856242 0.0051900973 0.9933420420
-309.5 244.2 2477.0 0.0838695988 -0.8196775317 -0.5666521788 0.9792952538 0.1729427427 -0.1052218154 0.1842463315 -0.5460948348 0.8172109127
-329.7 9.0 2432.8 -0.5637220144 -0.8196775317 -0.1017168015 -0.0742533728 0.1729427427 -0.9821289182 0.8226201534 -0.5460948348 -0.1583554447
-38.1 246.5 2508.5 0.2627196610 0.5645710230 0.7824563384 -0.9641760588 0.1844119877 0.1906743497 -0.0366451107 -0.8045195937 0.5927945375
31.5 -9.3 2498.8 -0.0408306643 0.5674770474 0.8223762512 -0.9494699240 0.2343069613 -0.2088232934 -0.3111909032 -0.7893478870 0.5292354822
