63.3 495.0 2700.7 0 0.9730111361 -0.1099206805 0.2028960884 0.1132678911 0.9935522676 -0.0049235923 -0.2010466754 0.0277723242 0.9791879058
84.9 299.6 2695.3 0.9730111361 -0.1099206805 0.2028960884 0.1132678911 0.9935522676 -0.0049235923 -0.2010466754 0.0277723242 0.9791879058
99.4 101.4 2695.3 0.9768598676 -0.0728928000 0.2010758072 0.0713540390 0.9973397851 0.0148998098 -0.2016269863 -0.0002074549 0.9794623852
-52.6 289.6 2723.6 0.9300667644 -0.2409956902 -0.2773028016 -0.0591792241 0.6466602683 -0.7604790330 0.3625928760 0.7237068415 0.5871753097
-270.2 303.4 2638.8 -0.7089909911 -0.2409956902 -0.6627615094 -0.6265236735 0.6466602683 0.4350845814 0.3237280250 0.7237068415 -0.6094658375
222.3 309.6 2666.9 0.1933666170 0.8025745749 0.5643433332 -0.9706858993 0.2401838452 -0.0089789219 -0.1427524090 -0.5460639000 0.8254913688
274.8 45.9 2628.1 -0.0202163290 0.8029643893 0.5956840515 -0.9451326728 0.1789599806 -0.2733086348 -0.3260607123 -0.5685257316 0.7552899122
19.5 -97.8 2714.7 0.9277924299 0.0297471657 0.3719089627 -0.0527797341 0.9972564578 0.0519027188 -0.3693446517 -0.0677842051 0.9268170595
7.7 -494.0 2741.7 0.9279252291 0.0022038240 0.3727598786 -0.0719051287 0.9822602868 0.1731888652 -0.3657655418 -0.1875096560 0.9116225839
199.0 -88.9 2677.8 0.9137139320 -0.0142565779 0.4061078727 0.0783125684 0.9868279696 -0.1415547282 -0.3987405300 0.1611438692 0.9027948976
204.6 -481.3 2613.7 0.9202044606 -0.0949583054 0.3797455132 0.0251592211 0.9824712873 0.1847083867 -0.3906286657 -0.1604153812 0.9064635634
-85.7 466.5 2554.5 0 0 0 0 0 0 0 0 0
269.2 -218.3 2537.0 0 0 0 0 0 0 0 0 0
7.1 -762.6 2792.9 0 0 0 0 0 0 0 0 0
231.2 -755.8 2658.5 0 0 0 0 0 0 0 0 0
67.0 494.2 2699.8 1 0.9785884023 -0.0867340937 0.1866599917 0.0892646164 0.9959945083 -0.0051786010 -0.1854631603 0.0217298511 0.9824109077
84.1 297.8 2695.5 0.9785884023 -0.0867340937 0.1866599917 0.0892646164 0.9959945083 -0.0051786010 -0.1854631603 0.0217298511 0.9824109077
97.7 99.5 2695.0 0.9802693129 -0.0684436411 0.1854388863 0.0676692203 0.9976524711 0.0105096828 -0.1857228726 0.0022461857 0.9825996161
-53.8 288.2 2721.6 0.9389482141 -0.2289363593 -0.2568353117 -0.0524139069 0.6425960660 -0.7644102573 0.3400426805 0.7312033772 0.5913649797
-274.0 300.5 2641.8 -0.7037295699 -0.2289363593 -0.6725717783 -0.6282423139 0.6425960660 0.4386135340 0.3317774236 0.7312033772 -0.5960413814
222.0 307.3 2669.3 0.1956748068 0.8097333908 0.5532116890 -0.9675947428 0.2512207925 -0.0254657529 -0.1595987529 -0.5303016901 0.8326513767
274.7 46.8 2626.4 -0.0274891071 0.8108580112 0.5845969915 -0.9502072334 0.1604024917 -0.2671652436 -0.3104038835 -0.5628324151 0.7660738230
24.3 -103.2 2713.8 0.9330967665 0.0381196253 0.3575994372 -0.0622741990 0.9964714646 0.0562717095 -0.3541925848 -0.0747761652 0.9321781993
9.1 -499.2 2743.6 0.9330703616 0.0070496225 0.3596247733 -0.0689783767 0.9847583771 0.1596650481 -0.3530179262 -0.1737850606 0.9193351269
203.5 -90.2 2676.9 0.9204000831 -0.0054616588 0.3909396529 0.0665263757 0.9875090718 -0.1428287923 -0.3852763772 0.1574674398 0.9092667699
205.7 -482.8 2614.3 0.9254578352 -0.0926237926 0.3673534691 0.0227321498 0.9814819694 0.1902008355 -0.3781679273 -0.1676721275 0.9104257822
-91.0 464.0 2555.5 0 0 0 0 0 0 0 0 0
267.0 -218.8 2539.6 0 0 0 0 0 0 0 0 0
7.3 -762.7 2790.1 0 0 0 0 0 0 0 0 0
231.6 -757.9 2661.3 0 0 0 0 0 0 0 0 0
66.8 493.0 2698.3 2 0.9744482636 -0.0927174538 0.2045826763 0.0984822735 0.9949731827 -0.0181564819 -0.2018708438 0.0378403179 0.9786809087
85.0 298.2 2690.9 0.9744482636 -0.0927174538 0.2045826763 0.0984822735 0.9949731827 -0.0181564819 -0.2018708438 0.0378403179 0.9786809087
97.6 99.9 2695.8 0.9777078629 -0.0630634055 0.2002755553 0.0567866154 0.9977027774 0.0369381607 -0.2021449357 -0.0247417577 0.9790430665
-52.6 290.2 2719.3 0.9116305709 -0.2406665087 -0.3331807256 -0.1131592542 0.6323422194 -0.7663799524 0.3951262236 0.7363578677 0.5492288470
-258.2 315.7 2630.2 -0.7042434812 -0.2406665087 -0.6679227352 -0.6358320713 0.6323422194 0.4425616860 0.3158459961 0.7363578677 -0.5983464122
222.5 306.1 2662.4 0.1971776932 0.8010253310 0.5652251244 -0.9703977704 0.2414838523 -0.0037045043 -0.1394601315 -0.5477627516 0.8249284029
275.2 47.0 2625.2 -0.0303216893 0.8016299009 0.5970511436 -0.9542958736 0.1544622481 -0.2558531463 -0.2973214090 -0.5775213242 0.7603085637
21.4 -105.0 2711.6 0.9281836152 0.0285645146 0.3710245788 -0.0529530384 0.9970417619 0.0557109416 -0.3683356345 -0.0713568628 0.9269503951
10.1 -501.3 2740.0 0.9281628132 0.0144612752 0.3718933761 -0.0821141079 0.9825773239 0.1667304188 -0.3630028665 -0.1852906793 0.9131792188
201.3 -92.6 2677.5 0.9148101807 -0.0047382303 0.4038562477 0.0686876401 0.9871897697 -0.1440082192 -0.3980003893 0.1594801247 0.9034166932
203.2 -485.1 2614.1 0.9198628068 -0.1031501144 0.3784341812 0.0281969197 0.9796956182 0.1984979659 -0.3912253976 -0.1719202250 0.9040941000
-76.5 479.7 2548.7 0 0 0 0 0 0 0 0 0
266.7 -219.7 2542.1 0 0 0 0 0 0 0 0 0
6.2 -767.4 2790.1 0 0 0 0 0 0 0 0 0
231.7 -756.0 2661.7 0 0 0 0 0 0 0 0 0
66.5 495.0 2697.5 3 0.9688793421 -0.1031878740 0.2250002772 0.1119427085 0.9933620095 -0.0264713541 -0.2207752019 0.0508346856 0.9739990234
87.2 295.7 2687.3 0.9688793421 -0.1031878740 0.2250002772 0.1119427085 0.9933620095 -0.0264713541 -0.2207752019 0.0508346856 0.9739990234
95.3 97.5 2697.7 0.9749321938 -0.0403450131 0.2188138962 0.0279723927 0.9978451729 0.0593513027 -0.2207369059 -0.0517427437 0.9739599228
-50.0 291.9 2718.3 0.8894534111 -0.2454622090 -0.3855138421 -0.1580646485 0.6262522340 -0.7634289265 0.4288218319 0.7399705648 0.5182233453
-248.5 327.1 2622.6 -0.7097181678 -0.2454622090 -0.6603395939 -0.6360539794 0.6262522340 0.4508253336 0.3028785884 0.7399705648 -0.6005898118
224.3 299.6 2656.3 0.1944772303 0.7934442759 0.5767363310 -0.9746615291 0.2225519866 0.0224832129 -0.1105146408 -0.5664951801 0.8166208863
275.2 44.3 2627.4 -0.0316365287 0.7929769754 0.6084296703 -0.9497901201 0.1657329798 -0.2653889060 -0.3112841547 -0.5862765312 0.7479184866
20.5 -103.5 2719.2 0.9213801026 0.0248439424 0.3878678381 -0.0450982973 0.9980478883 0.0432034545 -0.3860373199 -0.0572989844 0.9207019210
10.6 -500.2 2742.0 0.9214128256 0.0176656581 0.3881833255 -0.0846293271 0.9841098189 0.1560953259 -0.3792574704 -0.1766799241 0.9082664847
199.8 -93.1 2682.2 0.9089812636 -0.0130818449 0.4166316986 0.0849750489 0.9843339324 -0.1544861495 -0.4080837369 0.1758283079 0.8958526850
205.0 -484.5 2612.3 0.9169498682 -0.1014440879 0.3858912289 0.0248031728 0.9797616005 0.1986252964 -0.3982307613 -0.1725581139 0.9009084105
-65.5 491.2 2544.5 0 0 0 0 0 0 0 0 0
266.4 -221.1 2540.4 0 0 0 0 0 0 0 0 0
5.8 -767.8 2790.0 0 0 0 0 0 0 0 0 0
232.8 -752.6 2659.5 0 0 0 0 0 0 0 0 0
65.0 501.2 2706.2 4 0.9649540782 -0.1150522828 0.2358530015 0.1336803287 0.9889218807 -0.0645217672 -0.2258168310 0.0937894508 0.9696444273
88.9 295.7 2686.7 0.9649540782 -0.1150522828 0.2358530015 0.1336803287 0.9889218807 -0.0645217672 -0.2258168310 0.0937894508 0.9696444273
94.7 97.5 2700.2 0.9737163782 -0.0289920773 0.2259111255 0.0128579056 0.9972807765 0.0725652128 -0.2274006307 -0.0677531958 0.9714414477
-48.1 293.9 2718.6 0.8778191805 -0.2371292263 -0.4161768556 -0.1830775887 0.6367906332 -0.7489861250 0.4426240325 0.7336670756 0.5155740380
-243.7 334.7 2620.0 -0.7127519846 -0.2371292263 -0.6601169109 -0.6272004247 0.6367906332 0.4484609962 0.3140130639 0.7336670756 -0.6026013494
225.9 297.4 2654.7 0.1867276579 0.7910583615 0.5825456381 -0.9772595763 0.2102180719 0.0277860370 -0.1004812494 -0.5744867325 0.8123229146
276.2 33.8 2627.6 -0.0378781334 0.7901610732 0.6117275953 -0.9454492331 0.1698770672 -0.2779702842 -0.3235598207 -0.5888864398 0.7406225801
14.0 -103.2 2728.2 0.9191653728 0.0121966824 0.3936830163 -0.0233568177 0.9994493127 0.0235692468 -0.3931787610 -0.0308592170 0.9189440608
9.1 -500.4 2740.4 0.9200212955 0.0155772381 0.3915586770 -0.0856827348 0.9830281734 0.1622159779 -0.3823863566 -0.1827919781 0.9057415724
192.8 -98.1 2687.8 0.9064949155 -0.0337608457 0.4208647311 0.1084718630 0.9819626212 -0.1548652202 -0.4080450535 0.1860365123 0.8938062787
206.2 -488.4 2613.8 0.9181759357 -0.0950132161 0.3846107125 0.0234855935 0.9821620584 0.1865638942 -0.3954760730 -0.1622656733 0.9040290713
-59.4 496.8 2538.8 0 0 0 0 0 0 0 0 0
265.6 -230.4 2537.2 0 0 0 0 0 0 0 0 0
4.8 -769.3 2790.4 0 0 0 0 0 0 0 0 0
231.8 -753.4 2657.6 0 0 0 0 0 0 0 0 0
67.8 501.4 2710.5 5 0.9618316889 -0.1121493801 0.2496043593 0.1378859282 0.9865239263 -0.0880794227 -0.2363626212 0.1191345081 0.9643337727
91.1 296.1 2685.7 0.9618316889 -0.1121493801 0.2496043593 0.1378859282 0.9865239263 -0.0880794227 -0.2363626212 0.1191345081 0.9643337727
93.5 97.9 2700.1 0.9708189368 -0.0118021397 0.2395231873 -0.0059527974 0.9972945452 0.0732676387 -0.2397398800 -0.0725554377 0.9681221247
-45.5 296.9 2719.4 0.8667795062 -0.2463925481 -0.4335712194 -0.1904601157 0.6399521828 -0.7444368005 0.4608885348 0.7278405428 0.5077695251
-239.6 339.6 2616.2 -0.7300275564 -0.2463925481 -0.6374562979 -0.6165044308 0.6399521828 0.4586757720 0.2949272394 0.7278405428 -0.6190848351
227.7 295.2 2652.0 0.1784106493 0.7861840129 0.5916792750 -0.9794079065 0.1996422708 0.0300521646 -0.0944976658 -0.5848569870 0.8056131005
275.6 32.2 2626.6 -0.0419084169 0.7851923704 0.6178321838 -0.9468320012 0.1662158668 -0.2754658461 -0.3189871907 -0.5965276361 0.7364794612
11.2 -101.8 2734.5 0.9141257405 0.0024839754 0.4054231942 -0.0044415919 0.9999825954 0.0038878913 -0.4054064751 -0.0053547458 0.9141208529
10.2 -499.1 2736.6 0.9163408279 0.0171164293 0.4000331461 -0.0936234519 0.9805492759 0.1725044250 -0.3892995715 -0.1955253333 0.9001198411
189.8 -99.5 2692.8 0.9022169709 -0.0373709649 0.4296602309 0.1218733117 0.9777265191 -0.1708735973 -0.4137044847 0.2065291852 0.8866759539
204.7 -488.1 2610.7 0.9162321687 -0.1012386233 0.3876458704 0.0274773445 0.9811480641 0.1912942976 -0.3997043669 -0.1646185219 0.9017412066
-50.3 499.4 2539.7 0 0 0 0 0 0 0 0 0
263.9 -232.4 2537.4 0 0 0 0 0 0 0 0 0
5.5 -769.5 2790.5 0 0 0 0 0 0 0 0 0
231.8 -751.2 2654.9 0 0 0 0 0 0 0 0 0
70.6 497.5 2704.6 6 0.9694096446 -0.0840436295 0.2306114882 0.0973333493 0.9941485524 -0.0468494780 -0.2253246754 0.0678625256 0.9719173908
87.7 296.1 2690.9 0.9694096446 -0.0840436295 0.2306114882 0.0973333493 0.9941485524 -0.0468494780 -0.2253246754 0.0678625256 0.9719173908
93.7 97.8 2697.5 0.9737377763 -0.0297899842 0.2257149667 0.0215493552 0.9990112782 0.0388858020 -0.2266502082 -0.0330005623 0.9734169841
-49.3 293.2 2722.7 0.9029240012 -0.2429153323 -0.3545707464 -0.1260229945 0.6390753984 -0.7587495446 0.4109093249 0.7297772169 0.5464235544
-259.6 322.5 2627.0 -0.7300581336 -0.2429153323 -0.6387544870 -0.6158218980 0.6390753984 0.4608102143 0.2962743938 0.7297772169 -0.6161547303
224.6 299.1 2659.1 0.1820748299 0.7924180031 0.5821704268 -0.9747703075 0.2232079953 0.0010427892 -0.1291187704 -0.5676723123 0.8130661249
274.8 30.6 2623.5 -0.0474622920 0.7910711765 0.6098800898 -0.9496025443 0.1536590308 -0.2732103467 -0.3098424375 -0.5921108723 0.7439101934
6.8 -99.7 2736.6 0.9194605947 -0.0058827917 0.3931382000 0.0003604853 0.9999002814 0.0141190886 -0.3931820393 -0.0128402244 0.9193710089
9.1 -497.1 2741.7 0.9215500355 0.0161301326 0.3879243433 -0.0854675323 0.9830561876 0.1621599197 -0.3787357807 -0.1825934201 0.9073140621
184.9 -100.8 2692.6 0.9061784148 -0.0542439744 0.4194023311 0.1337474436 0.9775949121 -0.1625418216 -0.4011886716 0.2033858746 0.8931303620
206.4 -489.4 2611.8 0.9232780933 -0.0922111422 0.3729003072 0.0192889161 0.9806649089 0.1947415918 -0.3836475909 -0.1726077944 0.9072051048
-70.0 482.5 2550.0 0 0 0 0 0 0 0 0 0
261.5 -234.8 2536.9 0 0 0 0 0 0 0 0 0
4.7 -767.7 2791.9 0 0 0 0 0 0 0 0 0
231.3 -753.5 2658.3 0 0 0 0 0 0 0 0 0
74.8 501.8 2710.7 7 0.9810967445 -0.0596259609 0.1841029376 0.0710168481 0.9959071875 -0.0559061095 -0.1800159961 0.0679237172 0.9813157320
86.8 302.4 2697.1 0.9810967445 -0.0596259609 0.1841029376 0.0710168481 0.9959071875 -0.0559061095 -0.1800159961 0.0679237172 0.9813157320
94.0 104.0 2695.0 0.9827294946 -0.0353453867 0.1816410273 0.0367154181 0.9993169904 -0.0041845082 -0.1813690662 0.0107812658 0.9833559990
-51.4 297.4 2722.5 0.9276279807 -0.2457817942 -0.2812430263 -0.0603202395 0.6445171833 -0.7622067332 0.3686024845 0.7240089178 0.5830465555
-268.5 311.5 2636.2 -0.7104467750 -0.2457817942 -0.6594366431 -0.6279116273 0.6445171833 0.4362621009 0.3177929521 0.7240089178 -0.6122244000
224.9 307.4 2671.7 0.1830200702 0.8170467615 0.5467524529 -0.9687939882 0.2444519997 -0.0410057046 -0.1671583056 -0.5221856236 0.8362895846
276.2 35.7 2624.8 -0.0549032539 0.8161797523 0.5751836896 -0.9495816827 0.1354013532 -0.2827739716 -0.3086750507 -0.5617090464 0.7675953507
10.4 -102.6 2724.8 0.9362894297 0.0037438704 0.3512094617 -0.0184379499 0.9990883470 0.0385035165 -0.3507451415 -0.0425260179 0.9355049133
8.9 -499.5 2741.7 0.9371523261 0.0125383511 0.3486951888 -0.0758595318 0.9827711582 0.1685414910 -0.3405743539 -0.1844009012 0.9219573736
188.9 -98.7 2683.3 0.9251690507 -0.0387318134 0.3775739670 0.1042797416 0.9824367762 -0.1547374427 -0.3649492860 0.1825315952 0.9129590392
204.3 -489.1 2610.8 0.9339282513 -0.1065244749 0.3412192762 0.0414605401 0.9804028869 0.1925909072 -0.3550480008 -0.1657189429 0.9200424552
-83.9 474.7 2553.6 0 0 0 0 0 0 0 0 0
260.9 -229.7 2538.5 0 0 0 0 0 0 0 0 0
5.4 -773.6 2793.1 0 0 0 0 0 0 0 0 0
232.5 -748.6 2654.7 0 0 0 0 0 0 0 0 0
71.5 496.4 2703.2 8 0.9738706350 -0.0977897346 0.2049712092 0.1079040170 0.9934064150 -0.0387352109 -0.1998317987 0.0598402992 0.9780012369
90.4 304.5 2691.7 0.9738706350 -0.0977897346 0.2049712092 0.1079040170 0.9934064150 -0.0387352109 -0.1998317987 0.0598402992 0.9780012369
96.7 106.1 2695.9 0.9791687727 -0.0305488501 0.2007368952 0.0256396588 0.9993062615 0.0270109959 -0.2014227808 -0.0213014986 0.9792727232
-47.2 301.0 2719.9 0.9086259604 -0.2570756078 -0.3291063011 -0.0941432416 0.6416901946 -0.7611640692 0.4068610072 0.7225965858 0.5588544607
-255.0 322.5 2626.9 -0.7085928321 -0.2570756078 -0.6571212411 -0.6335982680 0.6416901946 0.4321885407 0.3105631471 0.7225965858 -0.6175796986
228.1 307.9 2663.4 0.1783509403 0.8071388602 0.5627768636 -0.9737947583 0.2268150747 -0.0166923124 -0.1411193013 -0.5450521111 0.8264402747
275.9 47.3 2625.6 -0.0439020433 0.8063382506 0.5898230672 -0.9516205192 0.1459730268 -0.2703891098 -0.3041233420 -0.5731583238 0.7609195113
11.2 -97.6 2709.5 0.9291716814 0.0069747069 0.3695826828 -0.0368292257 0.9965938926 0.0737851784 -0.3678092062 -0.0821705386 0.9262636900
8.5 -493.4 2742.1 0.9294142127 0.0142837279 0.3687616885 -0.0790918022 0.9837415814 0.1612357050 -0.3604631722 -0.1790207773 0.9154331684
191.3 -91.1 2676.4 0.9178441763 -0.0359530672 0.3953093290 0.1025595665 0.9835536480 -0.1486732662 -0.3834626675 0.1770016402 0.9064363241
205.6 -482.0 2606.0 0.9285719991 -0.0969498903 0.3582663536 0.0243339185 0.9791069627 0.2018847615 -0.3703537881 -0.1787465066 0.9115304351
-72.2 486.0 2546.8 0 0 0 0 0 0 0 0 0
263.6 -218.6 2540.7 0 0 0 0 0 0 0 0 0
4.4 -773.8 2793.1 0 0 0 0 0 0 0 0 0
232.2 -750.8 2655.1 0 0 0 0 0 0 0 0 0
75.9 500.1 2711.5 9 0.9713540077 -0.0884956494 0.2205444574 0.1117071733 0.9891823530 -0.0950777605 -0.2097447217 0.1169905663 0.9707318544
93.7 301.7 2688.0 0.9713540077 -0.0884956494 0.2205444574 0.1117071733 0.9891823530 -0.0950777605 -0.2097447217 0.1169905663 0.9707318544
95.3 103.4 2697.4 0.9768791199 -0.0075249965 0.2136598527 -0.0026867709 0.9988693595 0.0474639386 -0.2137754411 -0.0469405875 0.9757543802
-43.7 302.1 2718.0 0.8944988251 -0.2476468235 -0.3722134829 -0.1379114091 0.6391101480 -0.7566496134 0.4252673090 0.7281546593 0.5375300050
-246.0 333.3 2621.8 -0.7275647521 -0.2476468235 -0.6397817135 -0.6189754605 0.6391101480 0.4565168023 0.2958360612 0.7281546593 -0.6182813048
231.0 301.2 2658.1 0.1708711237 0.8023149967 0.5719210505 -0.9774037004 0.2113342434 -0.0044526514 -0.1244389340 -0.5582369566 0.8202965856
276.1 43.5 2625.2 -0.0406153500 0.8013402820 0.5968283415 -0.9508647323 0.1524891257 -0.2694499791 -0.3069309592 -0.5784468651 0.7557728291
13.2 -94.6 2718.6 0.9240455627 0.0070216646 0.3822179139 -0.0295604076 0.9981501102 0.0531280376 -0.3811377883 -0.0603912435 0.9225437045
10.4 -491.2 2742.6 0.9244046807 0.0189197268 0.3809436858 -0.0838450119 0.9844179153 0.1545682549 -0.3720833957 -0.1748238355 0.9115868211
192.7 -90.1 2681.8 0.9146745801 -0.0237683672 0.4034915864 0.0934970751 0.9836363792 -0.1540056020 -0.3932285309 0.1785902977 0.9019294977
202.1 -481.1 2610.8 0.9217437506 -0.1125813946 0.3710982502 0.0427594371 0.9806032777 0.1912820786 -0.3854349852 -0.1604450941 0.9086788297
-57.5 493.7 2545.2 0 0 0 0 0 0 0 0 0
264.8 -222.3 2539.5 0 0 0 0 0 0 0 0 0
5.0 -773.5 2792.8 0 0 0 0 0 0 0 0 0
232.6 -746.1 2654.1 0 0 0 0 0 0 0 0 0
73.3 502.5 2714.1 0 0.9665759206 -0.1147852391 0.2292495370 0.1405653358 0.9850652218 -0.0994380340 -0.2144117206 0.1283389479 0.9682751298
96.9 300.4 2687.8 0.9665759206 -0.1147852391 0.2292495370 0.1405653358 0.9850652218 -0.0994380340 -0.2144117206 0.1283389479 0.9682751298
95.2 102.1 2699.2 0.9752153158 0.0088706287 0.2210800201 -0.0212202333 0.9983397722 0.0535480119 -0.2202379704 -0.0569122098 0.9737845063
-40.3 303.5 2718.8 0.8807305694 -0.2488810122 -0.4029539824 -0.1588968784 0.6462166905 -0.7464286685 0.4461674988 0.7214306593 0.5295963883
-240.4 339.6 2617.4 -0.7577105165 -0.2488810122 -0.6032685637 -0.5938648582 0.6462166905 0.4792999625 0.2705535889 0.7214306593 -0.6374468803
234.0 297.4 2656.9 0.1542863101 0.8014383912 0.5778341293 -0.9807068110 0.1952776760 -0.0089876754 -0.1200411767 -0.5652992129 0.8161047101
275.1 36.0 2624.9 -0.0375233144 0.8005733490 0.5980588198 -0.9503067732 0.1565003246 -0.2691184282 -0.3090454340 -0.5784375072 0.7549178600
7.4 -94.7 2726.3 0.9211351871 -0.0053002979 0.3892067671 -0.0115115605 0.9990989566 0.0408503301 -0.3890725970 -0.0421090536 0.9202441573
9.5 -491.7 2743.1 0.9223157167 0.0134786591 0.3862020075 -0.0779327825 0.9853452444 0.1517275870 -0.3784972429 -0.1700385362 0.9098498225
186.5 -95.3 2687.2 0.9125679731 -0.0379283018 0.4071622491 0.1116285399 0.9809781909 -0.1588108838 -0.3933938444 0.1903766543 0.8994431496
201.6 -485.2 2611.6 0.9218621850 -0.1189066768 0.3688241839 0.0501214191 0.9803518653 0.1907828748 -0.3842628300 -0.1573895216 0.9097090960
-43.8 493.6 2547.2 0 0 0 0 0 0 0 0 0
264.7 -229.6 2538.5 0 0 0 0 0 0 0 0 0
5.6 -771.7 2791.4 0 0 0 0 0 0 0 0 0
233.4 -747.5 2653.7 0 0 0 0 0 0 0 0 0
78.2 507.7 2715.0 1 0.9701916575 -0.0701561868 0.2319617122 0.0890130550 0.9934363365 -0.0718395188 -0.2253992110 0.0903457254 0.9700684547
92.3 308.0 2696.8 0.9701916575 -0.0701561868 0.2319617122 0.0890130550 0.9934363365 -0.0718395188 -0.2253992110 0.0903457254 0.9700684547
93.9 109.5 2698.6 0.9734559059 -0.0080160564 0.2287342697 0.0057764482 0.9999285936 0.0104591511 -0.2288017720 -0.0088602500 0.9734327197
-44.6 307.2 2728.9 0.9017021656 -0.2670278549 -0.3400431871 -0.0799211562 0.6699894667 -0.7380560637 0.4249068797 0.6926833987 0.5827897191
-262.9 326.5 2626.0 -0.7644400001 -0.2670278549 -0.5867943168 -0.5849335194 0.6699894667 0.4571290314 0.2710798383 0.6926833987 -0.6683602929
229.3 308.8 2664.7 0.1631443202 0.7961897254 0.5826370120 -0.9757266641 0.2176496387 -0.0242108405 -0.1460871547 -0.5645446181 0.8123717904
275.9 29.9 2623.0 -0.0511334091 0.7945643663 0.6050230265 -0.9486656189 0.1506906301 -0.2780752182 -0.3121199608 -0.5881834626 0.7460705638
4.0 -94.2 2730.7 0.9181659222 -0.0077842032 0.3961196542 -0.0058787670 0.9994292259 0.0332663208 -0.3961525261 -0.0328726955 0.9175961018
7.1 -491.5 2743.7 0.9199067354 0.0054061934 0.3920998871 -0.0726621523 0.9849390388 0.1568927467 -0.3853462934 -0.1728175282 0.9064449072
182.9 -98.2 2690.3 0.9077593684 -0.0542168505 0.4159728885 0.1339372098 0.9771699309 -0.1649234593 -0.3975345492 0.2054250538 0.8942968249
204.4 -486.6 2608.7 0.9237089157 -0.1052664891 0.3683487475 0.0322815590 0.9794754982 0.1989613920 -0.3817325532 -0.1718915403 0.9081484079
-64.3 478.5 2555.6 0 0 0 0 0 0 0 0 0
261.6 -235.2 2535.7 0 0 0 0 0 0 0 0 0
5.6 -772.9 2793.1 0 0 0 0 0 0 0 0 0
232.6 -748.2 2654.6 0 0 0 0 0 0 0 0 0
77.9 506.3 2715.9 2 0.9724301696 -0.0509692095 0.2275559753 0.0655719042 0.9962142110 -0.0570754111 -0.2237854004 0.0704231337 0.9720908999
88.1 307.8 2701.8 0.9724301696 -0.0509692095 0.2275559753 0.0655719042 0.9962142110 -0.0570754111 -0.2237854004 0.0704231337 0.9720908999
92.0 109.2 2698.9 0.9739523530 -0.0196991377 0.2258954346 0.0225800816 0.9996932149 -0.0101765236 -0.2256256789 0.0150121860 0.9740983844
-49.0 304.6 2733.5 0.8756645918 -0.2786624432 -0.3944093585 -0.1126827896 0.6762708426 -0.7279837728 0.4695892632 0.6819127798 0.5607859492
-251.5 330.6 2624.9 -0.7352852225 -0.2786624432 -0.6178210378 -0.6070007682 0.6762708426 0.4173820913 0.3015056252 0.6819127798 -0.6664002538
225.1 310.9 2670.2 0.1863707155 0.7940848470 0.5785284638 -0.9689158797 0.2460612506 -0.0256097410 -0.1626897454 -0.5557725430 0.8152600527
276.1 45.6 2625.6 -0.0436048023 0.7940891981 0.6062350273 -0.9564637542 0.1420959830 -0.2549230754 -0.2885752320 -0.5909577608 0.7533215284
6.2 -89.5 2721.2 0.9196156263 -0.0062319608 0.3927699327 -0.0129022729 0.9988554716 0.0460573956 -0.3926074207 -0.0474227257 0.9184827209
8.7 -486.5 2740.1 0.9211612940 0.0116929905 0.3890053928 -0.0837707296 0.9820756912 0.1688484401 -0.3800583780 -0.1881239116 0.9056296349
184.8 -88.4 2679.4 0.9094884992 -0.0454774536 0.4132342041 0.1144196168 0.9829924107 -0.1436457187 -0.3996734619 0.1779262275 0.8992237449
202.9 -479.0 2608.7 0.9209045172 -0.1102332473 0.3738763034 0.0380292647 0.9800110459 0.1952744275 -0.3879286349 -0.1656108648 0.9066886902
-62.1 487.0 2547.2 0 0 0 0 0 0 0 0 0
263.9 -221.7 2545.0 0 0 0 0 0 0 0 0 0
5.3 -773.2 2795.0 0 0 0 0 0 0 0 0 0
232.7 -744.8 2653.6 0 0 0 0 0 0 0 0 0
76.3 498.4 2716.8 3 0.9739680290 -0.0454557203 0.2220811695 0.0595097952 0.9965987802 -0.0570040382 -0.2187346518 0.0687361136 0.9733604193
85.3 300.7 2703.2 0.9739680290 -0.0454557203 0.2220811695 0.0595097952 0.9965987802 -0.0570040382 -0.2187346518 0.0687361136 0.9733604193
91.2 102.3 2696.6 0.9748488069 -0.0294946674 0.2209069431 0.0360585898 0.9990181327 -0.0257391818 -0.2199308723 0.0330574028 0.9749552011
-51.9 295.6 2734.1 0.8898907304 -0.2882080078 -0.3535967171 -0.0832955092 0.6594439149 -0.7471249104 0.4485045671 0.6943125725 0.5628265738
-264.7 315.6 2626.8 -0.7259412408 -0.2882080078 -0.6244561672 -0.6233127117 0.6594439149 0.4202558994 0.2906726897 0.6943125725 -0.6583611965
222.5 305.8 2672.3 0.2044377029 0.7928218246 0.5741417408 -0.9617194533 0.2720194757 -0.0331821553 -0.1824852824 -0.5453796387 0.8180832267
276.3 52.4 2624.2 -0.0433400832 0.7945206165 0.6056885719 -0.9574279785 0.1401582509 -0.2523634136 -0.2854001820 -0.5908406377 0.7546218038
6.6 -91.3 2716.5 0.9219302535 -0.0010593599 0.3873544037 -0.0207703970 0.9984224439 0.0521655269 -0.3867985904 -0.0561384819 0.9204538465
7.0 -488.2 2738.8 0.9231389761 0.0056119985 0.3844255209 -0.0774532333 0.9821077585 0.1716548651 -0.3765839636 -0.1882362962 0.9070565701
185.2 -87.2 2675.2 0.9115026593 -0.0418936573 0.4091549814 0.1083558872 0.9841153026 -0.1406276226 -0.3967642486 0.1725168079 0.9015631080
201.9 -478.4 2606.7 0.9225350022 -0.1105160937 0.3697504699 0.0343299732 0.9778208137 0.2066105306 -0.3843834996 -0.1779119074 0.9058679342
-76.9 476.8 2551.6 0 0 0 0 0 0 0 0 0
264.2 -215.1 2544.5 0 0 0 0 0 0 0 0 0
5.4 -769.1 2792.7 0 0 0 0 0 0 0 0 0
232.1 -745.6 2655.3 0 0 0 0 0 0 0 0 0
76.2 499.6 2715.8 4 0.9690343142 -0.0601364784 0.2394913435 0.0823618919 0.9930650592 -0.0838947296 -0.2327853441 0.1010218337 0.9672670364
88.1 302.7 2695.8 0.9690343142 -0.0601364784 0.2394913435 0.0823618919 0.9930650592 -0.0838947296 -0.2327853441 0.1010218337 0.9672670364
93.3 104.2 2695.5 0.9714918733 -0.0257665683 0.2356684953 0.0253529567 0.9996671081 0.0047855354 -0.2357133478 0.0013257845 0.9718217254
-48.6 299.2 2728.9 0.8769966364 -0.2824171782 -0.3887382448 -0.1166369095 0.6597117186 -0.7424124479 0.4661251903 0.6964344382 0.5456247330
-250.8 326.1 2621.4 -0.7266343832 -0.2824171782 -0.6262930632 -0.6210921407 0.6597117186 0.4231134057 0.2936784029 0.6964344382 -0.6547763348
224.8 306.3 2662.7 0.1920734793 0.7883953452 0.5844147205 -0.9717634916 0.2359545529 0.0010686059 -0.1370528340 -0.5681180954 0.8114544749
276.0 47.5 2626.2 -0.0394877084 0.7877893448 0.6146776676 -0.9509259462 0.1593045443 -0.2652582228 -0.3068885505 -0.5949873924 0.7428387403
7.6 -99.5 2710.2 0.9158603549 0.0034915966 0.4014817178 -0.0328310803 0.9972646832 0.0662212968 -0.4001523256 -0.0738305449 0.9134698510
6.2 -495.9 2739.6 0.9166737795 0.0040737414 0.3996155560 -0.0788712800 0.9821248055 0.1709100306 -0.3917761147 -0.1881869435 0.9006093144
186.5 -92.9 2669.9 0.9053838253 -0.0402418375 0.4226827621 0.1000738367 0.9876776338 -0.1203249097 -0.4126322269 0.1512397081 0.8982545137
202.5 -485.5 2609.8 0.9144377708 -0.1144602224 0.3882040977 0.0383011550 0.9793451428 0.1985348463 -0.4029101431 -0.1666790992 0.8999341726
-63.8 486.0 2545.8 0 0 0 0 0 0 0 0 0
264.9 -218.2 2540.4 0 0 0 0 0 0 0 0 0
5.1 -769.3 2791.9 0 0 0 0 0 0 0 0 0
232.7 -743.7 2653.8 0 0 0 0 0 0 0 0 0
66.0 501.2 2714.3 5 0.9654397964 -0.0728793964 0.2502290010 0.0881060660 0.9948462248 -0.0501833148 -0.2452820241 0.0704956651 0.9668852687
80.5 304.1 2700.3 0.9654397964 -0.0728793964 0.2502290010 0.0881060660 0.9948462248 -0.0501833148 -0.2452820241 0.0704956651 0.9668852687
91.0 105.8 2696.8 0.9675021172 -0.0527154990 0.2473069876 0.0553757139 0.9984583259 -0.0038085808 -0.2467249483 0.0173796117 0.9689297080
-55.6 296.3 2735.0 0.8811230063 -0.3067485988 -0.3598993123 -0.0727246553 0.6641148925 -0.7440850139 0.4672615528 0.6818040013 0.5628587604
-266.9 313.8 2622.9 -0.7339157462 -0.3067485988 -0.6060305238 -0.6211517453 0.6641148925 0.4160792232 0.2748421729 0.6818040013 -0.6779417992
216.6 311.9 2665.7 0.2145187855 0.7775950432 0.5910394788 -0.9672362208 0.2532480359 0.0178768486 -0.1357786208 -0.5755096674 0.8064445257
276.5 41.8 2627.8 -0.0370346420 0.7773678303 0.6279551983 -0.9487797618 0.1699454039 -0.2663371861 -0.3137600422 -0.6056548953 0.7312570214
9.4 -96.7 2716.9 0.9116803408 0.0077160639 0.4108276963 -0.0286672600 0.9985818267 0.0448612832 -0.4098989069 -0.0526764542 0.9106086493
6.3 -493.6 2737.8 0.9128492475 0.0022661912 0.4082905054 -0.0809099451 0.9811577201 0.1754512638 -0.4001997709 -0.1931953132 0.8958324194
187.6 -92.1 2673.7 0.8986374140 -0.0379837230 0.4370446503 0.1043778583 0.9861475229 -0.1289119869 -0.4260939360 0.1614629179 0.8901537657
202.7 -484.1 2609.5 0.9099361897 -0.1065770909 0.4008210301 0.0268850867 0.9795444608 0.1994238794 -0.4138760269 -0.1706868857 0.8941882253
-77.1 474.4 2551.8 0 0 0 0 0 0 0 0 0
266.1 -223.3 2540.1 0 0 0 0 0 0 0 0 0
5.7 -767.4 2791.7 0 0 0 0 0 0 0 0 0
231.1 -745.1 2655.0 0 0 0 0 0 0 0 0 0
60.0 502.8 2714.0 6 0.9659241438 -0.0787658170 0.2465491444 0.0904904976 0.9952255487 -0.0365736857 -0.2424912453 0.0576377623 0.9684399366
75.6 305.6 2702.6 0.9659241438 -0.0787658170 0.2465491444 0.0904904976 0.9952255487 -0.0365736857 -0.2424912453 0.0576377623 0.9684399366
89.1 107.4 2697.4 0.9672686458 -0.0679379255 0.2444908321 0.0722288340 0.9973508716 -0.0086168600 -0.2432577312 0.0259941071 0.9696133137
-60.5 295.4 2736.8 0.8856014013 -0.3177888989 -0.3387039006 -0.0472690873 0.6638061404 -0.7464094162 0.4620343745 0.6770315170 0.5728460550
-271.7 306.7 2626.6 -0.7224835157 -0.3177888989 -0.6140258312 -0.6319426298 0.6638061404 0.4000124037 0.2804746330 0.6770315170 -0.6804133654
211.7 315.8 2668.4 0.2355222404 0.7739917040 0.5877636075 -0.9609971642 0.2756771445 0.0220571533 -0.1449609399 -0.5700341463 0.8087319732
276.4 51.8 2628.6 -0.0379825868 0.7751639485 0.6306172609 -0.9537155032 0.1602655649 -0.2544438243 -0.2983019054 -0.6110939384 0.7331985831
12.7 -97.6 2716.0 0.9130560756 0.0179694463 0.4074379504 -0.0400769040 0.9981468916 0.0457893349 -0.4058601260 -0.0581370816 0.9120842218
5.6 -494.4 2739.1 0.9136521816 -0.0015001266 0.4064940810 -0.0740361363 0.9826532602 0.1700329334 -0.3996978104 -0.1854462177 0.8976922631
190.2 -87.5 2670.8 0.8993221521 -0.0271975324 0.4364401698 0.0941924676 0.9866831899 -0.1326047033 -0.4270216525 0.1603637189 0.8899078369
201.0 -479.7 2607.0 0.9094057679 -0.1090248227 0.4013660252 0.0245880317 0.9774363041 0.2097943425 -0.4151825309 -0.1809193939 0.8915669322
-84.4 470.6 2553.9 0 0 0 0 0 0 0 0 0
265.8 -214.7 2545.2 0 0 0 0 0 0 0 0 0
6.0 -765.7 2790.3 0 0 0 0 0 0 0 0 0
230.9 -748.2 2656.7 0 0 0 0 0 0 0 0 0
60.4 496.7 2705.4 7 0.9700822830 -0.0773050115 0.2301398367 0.0836984739 0.9963260889 -0.0181342028 -0.2278924733 0.0368540213 0.9729886055
75.8 299.4 2698.1 0.9700822830 -0.0773050115 0.2301398367 0.0836984739 0.9963260889 -0.0181342028 -0.2278924733 0.0368540213 0.9729886055
89.5 101.2 2695.0 0.9710016251 -0.0694135651 0.2287741452 0.0712050945 0.9974616170 0.0004244646 -0.2282228917 0.0158777293 0.9734794497
-60.9 289.4 2730.2 0.9035425186 -0.2863699496 -0.3187524974 -0.0589061491 0.6538084745 -0.7543636560 0.4244301617 0.7003761530 0.5738748312
-273.5 303.2 2630.3 -0.7206916213 -0.2863699496 -0.6313444972 -0.6286703348 0.6538084745 0.4210796654 0.2921938300 0.7003761530 -0.6512265801
212.4 309.4 2666.0 0.2452169806 0.7805928588 0.5749290586 -0.9594812393 0.2803122103 0.0286494140 -0.1387961060 -0.5586589575 0.8177015185
276.4 58.7 2629.7 -0.0379280187 0.7829474211 0.6209306121 -0.9580060244 0.1482508928 -0.2454508096 -0.2842285931 -0.6041647196 0.7444455028
13.9 -97.3 2714.6 0.9194940925 0.0212931950 0.3925267458 -0.0453651175 0.9976083040 0.0521510653 -0.3904774487 -0.0657596141 0.9182608724
5.5 -493.9 2740.7 0.9197974205 -0.0008695126 0.3923925757 -0.0697363913 0.9837163687 0.1656471491 -0.3861470222 -0.1797258556 0.9047591090
191.4 -84.1 2670.0 0.9060705304 -0.0235112403 0.4224729240 0.0894062221 0.9865494967 -0.1368450820 -0.4135730565 0.1617629975 0.8959855437
200.7 -476.3 2605.7 0.9154192209 -0.1094668135 0.3873301744 0.0243384503 0.9756002426 0.2182013392 -0.4017651975 -0.1903186888 0.8957474828
-86.4 466.4 2554.5 0 0 0 0 0 0 0 0 0
265.8 -209.0 2550.3 0 0 0 0 0 0 0 0 0
5.7 -763.7 2790.0 0 0 0 0 0 0 0 0 0
231.3 -749.4 2658.9 0 0 0 0 0 0 0 0 0
66.0 496.5 2711.1 8 0.9780721068 -0.0647284240 0.1979525834 0.0731131509 0.9966973662 -0.0353381597 -0.1950114369 0.0490362048 0.9795743823
78.8 299.5 2701.4 0.9780721068 -0.0647284240 0.1979525834 0.0731131509 0.9966973662 -0.0353381597 -0.1950114369 0.0490362048 0.9795743823
90.9 101.2 2695.9 0.9785915017 -0.0606050342 0.1966868937 0.0648477599 0.9977794290 -0.0151967639 -0.1953291446 0.0276261270 0.9803485870
-58.8 290.4 2728.9 0.8938750625 -0.2822929323 -0.3482787907 -0.0791406631 0.6653003693 -0.7423692942 0.4412755966 0.6911484003 0.5723545551
-259.4 308.2 2629.8 -0.7087600231 -0.2822929323 -0.6465059519 -0.6301605105 0.6653003693 0.4003412426 0.3171071708 0.6911484003 -0.6494281888
216.4 308.6 2673.9 0.2239338011 0.8011186719 0.5550338030 -0.9597858191 0.2802055478 -0.0172050912 -0.1693068594 -0.5288607478 0.8316498399
276.2 52.4 2628.7 -0.0392126143 0.8038614988 0.5935225487 -0.9553107619 0.1440053135 -0.2581545711 -0.2929909527 -0.5771214366 0.7622907758
14.3 -103.6 2712.7 0.9313932061 0.0181142259 0.3635637462 -0.0474702157 0.9962763190 0.0719726905 -0.3609062433 -0.0842933208 0.9287848473
7.1 -499.7 2746.2 0.9314635992 0.0074999719 0.3637571931 -0.0698912069 0.9848560095 0.1586627513 -0.3570584953 -0.1732120067 0.9178817272
192.4 -90.5 2670.9 0.9199287295 -0.0278755762 0.3910934627 0.0872176439 0.9870266318 -0.1348017305 -0.3822619915 0.1581182331 0.9104253650
203.5 -483.0 2608.0 0.9281931520 -0.0996835902 0.3584977686 0.0247960463 0.9778766036 0.2077076584 -0.3712716103 -0.1839035004 0.9101301432
-75.4 471.8 2547.5 0 0 0 0 0 0 0 0 0
265.2 -214.6 2546.9 0 0 0 0 0 0 0 0 0
5.0 -766.5 2793.2 0 0 0 0 0 0 0 0 0
231.2 -755.1 2659.2 0 0 0 0 0 0 0 0 0
71.4 498.2 2713.9 9 0.9735056162 -0.0634712875 0.2196774185 0.0815356821 0.9939076900 -0.0741580203 -0.2136321664 0.0901047960 0.9727499485
84.1 300.2 2696.0 0.9735056162 -0.0634712875 0.2196774185 0.0815356821 0.9939076900 -0.0741580203 -0.2136321664 0.0901047960 0.9727499485
94.7 101.8 2698.0 0.9753719568 -0.0529618226 0.2141135484 0.0495986305 0.9985473156 0.0210531969 -0.2149175256 -0.0099149588 0.9765818715
-53.1 293.3 2726.2 0.8813148737 -0.2798239887 -0.3807658255 -0.1048820913 0.6698631644 -0.7350395322 0.4607426822 0.6877367496 0.5610118508
-245.9 316.2 2625.4 -0.7289587259 -0.2798239887 -0.6247541308 -0.6144147515 0.6698631644 0.4168666899 0.3018504977 0.6877367496 -0.6602305770
221.2 307.1 2665.8 0.2080307603 0.7942584753 0.5708560944 -0.9682772756 0.2498226017 0.0052688401 -0.1384279281 -0.5538430810 0.8210332394
276.1 52.0 2629.3 -0.0389632732 0.7945839167 0.6059028506 -0.9544420838 0.1499296278 -0.2579949200 -0.2958414257 -0.5883514881 0.7525426149
13.2 -103.0 2708.3 0.9248424768 0.0140361330 0.3800912201 -0.0459361523 0.9961258769 0.0749871284 -0.3775661886 -0.0868112072 0.9219043255
7.7 -499.1 2742.8 0.9249029160 0.0144747971 0.3799276650 -0.0804498866 0.9840992093 0.1583556682 -0.3715943694 -0.1770287603 0.9113607407
192.7 -91.2 2672.4 0.9127922058 -0.0306941718 0.4072692096 0.0951739103 0.9857054949 -0.1390200704 -0.3971804082 0.1656578332 0.9026656151
204.9 -483.1 2606.6 0.9238994122 -0.0957910344 0.3704510927 0.0143790273 0.9761645198 0.2165549994 -0.3823652267 -0.1947482973 0.9032551646
-56.0 476.3 2546.8 0 0 0 0 0 0 0 0 0
265.2 -214.8 2546.6 0 0 0 0 0 0 0 0 0
3.7 -768.9 2791.3 0 0 0 0 0 0 0 0 0
231.5 -754.1 2660.7 0 0 0 0 0 0 0 0 0
70.8 497.9 2716.4 0 0.9695228338 -0.0905811787 0.2276412249 0.1144959033 0.9889550209 -0.0941204056 -0.2166014016 0.1173158735 0.9691856503
88.9 300.9 2693.0 0.9695228338 -0.0905811787 0.2276412249 0.1144959033 0.9889550209 -0.0941204056 -0.2166014016 0.1173158735 0.9691856503
98.2 102.6 2699.3 0.9747629762 -0.0468267016 0.2182759792 0.0387069732 0.9983955026 0.0413304456 -0.2198611349 -0.0318385847 0.9750114679
-48.3 295.5 2723.9 0.8756222129 -0.2755361199 -0.3966932595 -0.1204416901 0.6708099246 -0.7317840457 0.4677386880 0.6885448098 0.5541900396
-237.0 321.5 2623.1 -0.7471455932 -0.2755361199 -0.6048581004 -0.6001306176 0.6708099246 0.4357262552 0.2856864929 0.6885448098 -0.6665502787
226.0 306.3 2662.1 0.1876912564 0.7961689830 0.5752277374 -0.9755851030 0.2191045433 0.0150628164 -0.1140424535 -0.5640107393 0.8178546429
276.0 46.8 2631.8 -0.0397531167 0.7952399850 0.6049901843 -0.9486883283 0.1600496173 -0.2727170885 -0.3137039840 -0.5847884417 0.7480723858
15.8 -101.0 2719.6 0.9233305454 0.0188356321 0.3835439086 -0.0416022129 0.9978241324 0.0511491522 -0.3817459345 -0.0631838515 0.9221051335
8.3 -497.6 2744.7 0.9234131575 0.0138742533 0.3835566342 -0.0762898400 0.9860404730 0.1480002105 -0.3761489689 -0.1659268141 0.9115811586
194.7 -92.0 2680.2 0.9113435745 -0.0227087587 0.4110196829 0.0962576047 0.9825516343 -0.1591437608 -0.4002341330 0.1845984161 0.8976280093
203.7 -482.6 2606.9 0.9227733016 -0.0950795040 0.3734290600 0.0132688284 0.9763471484 0.2158012986 -0.3851146698 -0.1941807121 0.9022086859
-41.1 478.9 2548.1 0 0 0 0 0 0 0 0 0
264.9 -218.3 2544.1 0 0 0 0 0 0 0 0 0
4.5 -767.7 2790.2 0 0 0 0 0 0 0 0 0
230.5 -757.6 2661.5 0 0 0 0 0 0 0 0 0
69.1 495.0 2715.1 1 0.9632741213 -0.1119875237 0.2440527529 0.1392161250 0.9854716659 -0.0972853377 -0.2296123356 0.1276885271 0.9648698568
91.3 299.7 2689.8 0.9632741213 -0.1119875237 0.2440527529 0.1392161250 0.9854716659 -0.0972853377 -0.2296123356 0.1276885271 0.9648698568
93.9 101.4 2700.4 0.9720346928 -0.0131027736 0.2344715446 0.0002707535 0.9985041022 0.0546761118 -0.2348372042 -0.0530835912 0.9705841541
-45.4 299.7 2722.7 0.8741691709 -0.2840431035 -0.3938880563 -0.1058378592 0.6801673174 -0.7253762484 0.4739479125 0.6757898331 0.5645188093
-232.1 322.3 2621.5 -0.7524417043 -0.2840431035 -0.5942650437 -0.5949701071 0.6801673174 0.4282323122 0.2825632393 0.6757898331 -0.6807834506
228.0 299.7 2656.8 0.1817716360 0.7899994254 0.5855425000 -0.9782901406 0.2055563480 0.0263619069 -0.0995360836 -0.5776222944 0.8102129698
275.7 42.9 2630.7 -0.0385318883 0.7890622020 0.6131036878 -0.9496325254 0.1620356441 -0.2682210803 -0.3109877706 -0.5925582647 0.7430755496
18.2 -99.3 2725.8 0.9172402620 0.0223122388 0.3977090716 -0.0325489007 0.9992893934 0.0190057959 -0.3970023990 -0.0303778742 0.9173147082
9.3 -496.4 2737.9 0.9176857471 0.0240670219 0.3965774179 -0.0983796343 0.9808437824 0.1681275815 -0.3849341571 -0.1933034211 0.9024741054
197.0 -92.3 2685.5 0.9078392982 -0.0152717941 0.4190401137 0.0928496048 0.9818506837 -0.1653729379 -0.4089092910 0.1890397668 0.8927806020
203.1 -482.6 2610.4 0.9178200364 -0.0958297551 0.3852570951 0.0182005595 0.9795656800 0.2002992332 -0.3965792656 -0.1768267453 0.9008091688
-33.3 479.5 2546.8 0 0 0 0 0 0 0 0 0
264.9 -222.5 2543.8 0 0 0 0 0 0 0 0 0
2.6 -770.2 2791.8 0 0 0 0 0 0 0 0 0
229.9 -756.4 2659.8 0 0 0 0 0 0 0 0 0
67.7 496.4 2705.9 2 0.9603198171 -0.1430278867 0.2394344360 0.1591820866 0.9860103130 -0.0494446605 -0.2290128469 0.0855963603 0.9696527123
96.3 299.4 2688.8 0.9603198171 -0.1430278867 0.2394344360 0.1591820866 0.9860103130 -0.0494446605 -0.2290128469 0.0855963603 0.9696527123
95.4 101.1 2701.6 0.9727762938 0.0046815113 0.2316989601 -0.0194470156 0.9979186058 0.0614842065 -0.2309288681 -0.0643162355 0.9708425403
-40.5 302.1 2721.3 0.8814185262 -0.2871187329 -0.3750522435 -0.0897146538 0.6778157949 -0.7297376394 0.4637376666 0.6768519878 0.5716806650
-230.4 321.4 2621.4 -0.7544294000 -0.2871187329 -0.5902534723 -0.5954212546 0.6778157949 0.4313227236 0.2762422562 0.6768519878 -0.6823207140
233.1 296.6 2656.4 0.1571757346 0.7956386209 0.5850256681 -0.9825839996 0.1854451895 0.0117789926 -0.0991183743 -0.5766882300 0.8109292388
275.0 34.5 2629.9 -0.0464330688 0.7945233583 0.6054556966 -0.9493546486 0.1534565687 -0.2741840482 -0.3107567728 -0.5875233412 0.7471590042
7.5 -96.9 2732.5 0.9188391566 -0.0096463477 0.3945143223 0.0000661554 0.9997049570 0.0242899042 -0.3946322501 -0.0222924147 0.9185686707
11.3 -494.0 2741.3 0.9206258059 0.0249265190 0.3896495402 -0.0935947075 0.9829522967 0.1582553536 -0.3790621758 -0.1821631044 0.9072642922
185.7 -96.9 2689.5 0.9095065594 -0.0515413545 0.4124818742 0.1261267513 0.9797216058 -0.1556842327 -0.3960932493 0.1936208308 0.8975639939
206.2 -486.1 2612.5 0.9251300693 -0.0913180336 0.3685041666 0.0185785387 0.9803677201 0.1963008493 -0.3791953921 -0.1747575551 0.9086642265
-29.5 480.0 2547.8 0 0 0 0 0 0 0 0 0
262.1 -230.8 2543.1 0 0 0 0 0 0 0 0 0
4.4 -767.7 2792.0 0 0 0 0 0 0 0 0 0
231.6 -759.2 2661.2 0 0 0 0 0 0 0 0 0
67.0 499.1 2711.4 3 0.9565874934 -0.1583378911 0.2446824908 0.1809758842 0.9807861447 -0.0728440583 -0.2284472138 0.1139633432 0.9668630958
99.2 299.3 2688.1 0.9565874934 -0.1583378911 0.2446824908 0.1809758842 0.9807861447 -0.0728440583 -0.2284472138 0.1139633432 0.9668630958
96.1 101.0 2700.4 0.9717689753 0.0159627497 0.2353937775 -0.0300190449 0.9979652166 0.0562517270 -0.2340168804 -0.0617299825 0.9702708721
-37.5 303.5 2721.0 0.8835238218 -0.3009428680 -0.3589136899 -0.0693594366 0.6737671494 -0.7356814146 0.4632223248 0.6748861074 0.5744161010
-229.3 318.6 2620.5 -0.7478912473 -0.3009428680 -0.5916857719 -0.6058354378 0.6737671494 0.4230853915 0.2713339031 0.6748861074 -0.6862264276
235.9 295.0 2655.2 0.1484970599 0.7954612970 0.5875286460 -0.9834852219 0.1809530556 0.0035802701 -0.1034671366 -0.5783573985 0.8091954589
276.1 28.9 2627.2 -0.0640814081 0.7931486368 0.6056474447 -0.9541159868 0.1291884631 -0.2701352835 -0.2925001085 -0.5951685309 0.7484771609
5.3 -95.3 2735.6 0.9174987674 -0.0091663860 0.3976330459 0.0054286383 0.9999299049 0.0105247162 -0.3977016509 -0.0074978075 0.9174841642
8.9 -492.7 2738.6 0.9201339483 0.0189488400 0.3911450505 -0.0920491740 0.9813085794 0.1689984649 -0.3806316555 -0.1915058047 0.9046795368
