-164.9 430.2 2404.4 5 0.9578901529 -0.1289665103 -0.2565426230 0.2075705528 0.9283524752 0.3083441257 0.1983959228 -0.3486104906 0.9160293341
-135.4 217.7 2484.2 0.9578901529 -0.1289665103 -0.2565426230 0.2075705528 0.9283524752 0.3083441257 0.1983959228 -0.3486104906 0.9160293341
-151.4 25.1 2502.5 0.9642453790 0.0825950280 -0.2518112659 -0.0556292757 0.9921050668 0.1123963892 0.2591066062 -0.0943696201 0.9612274170
-267.1 225.3 2448.8 0.5130180120 -0.7744470835 -0.3701947927 0.3915277421 0.5949164629 -0.7019832134 0.7638838291 0.2151885331 0.6084203720
-377.2 141.3 2284.9 -0.6170126200 -0.7744470835 -0.1397395730 -0.7854135036 0.5949164629 0.1708801240 -0.0492042489 0.2151885331 -0.9753321409
-3.6 210.1 2519.6 0.1747785509 0.6650454402 0.7260627151 -0.9794585705 0.1927526593 0.0592222735 -0.1005650163 -0.7214991450 0.6850734949
41.4 -42.0 2493.7 -0.2005476207 0.6462957859 0.7362624407 -0.9397643209 0.0854350179 -0.3309741020 -0.2768097818 -0.7582892776 0.5902319551
-251.0 -161.7 2497.1 0.9918153286 -0.0258990191 -0.1250261664 0.0308498088 0.9988080263 0.0378254130 0.1238975003 -0.0413728580 0.9914321303
-241.0 -549.4 2513.2 0.9924721718 -0.0061219907 -0.1223174408 0.0001579709 0.9988130331 -0.0487088524 0.1224704459 0.0483228564 0.9912950397
-78.6 -170.7 2545.0 0.8267737031 0.0772074983 -0.5572111011 -0.0784418806 0.9966822267 0.0217110850 0.5570386648 0.0257585347 0.8300870061
-108.5 -557.6 2535.0 0.8204870224 -0.1018382162 -0.5625211000 0.0393440984 0.9917309284 -0.1221550256 0.5703096390 0.0780947283 0.8177090883
-205.0 360.4 2298.6 0 0 0 0 0 0 0 0 0
-14.6 -304.4 2416.4 0 0 0 0 0 0 0 0 0
-239.1 -848.8 2498.7 0 0 0 0 0 0 0 0 0
-79.6 -839.4 2512.8 0 0 0 0 0 0 0 0 0
-164.0 430.4 2409.7 6 0.9592087865 -0.1251602173 -0.2534825802 0.1981960535 0.9371154904 0.2872852981 0.2015857548 -0.3258058131 0.9236956835
-135.5 216.8 2484.0 0.9592087865 -0.1251602173 -0.2534825802 0.1981960535 0.9371154904 0.2872852981 0.2015857548 -0.3258058131 0.9236956835
-152.0 24.2 2502.2 0.9645035863 0.0853842050 -0.2498846501 -0.0585846417 0.9918892980 0.1127983704 0.2574891150 -0.0941550359 0.9616829753
-267.2 224.8 2448.8 0.4986166954 -0.7751082778 -0.3880574405 0.3831022084 0.5986356139 -0.7034686804 0.7775693536 0.2020955682 0.5954353809
-374.7 142.2 2281.2 -0.6181216836 -0.7751082778 -0.1308920830 -0.7847197056 0.5986356139 0.1607805640 -0.0462656878 0.2020955682 -0.9782723784
-3.7 208.8 2519.1 0.1743579507 0.6652992368 0.7259312868 -0.9803898931 0.1860525459 0.0649622977 -0.0918419957 -0.7230224013 0.6846923828
41.3 -44.4 2495.4 -0.1996136904 0.6485081911 0.7345689535 -0.9372900724 0.0922301337 -0.3361262679 -0.2857300341 -0.7555996180 0.5894299150
-253.8 -162.5 2497.6 0.9920329452 -0.0261996984 -0.1232240871 0.0308405999 0.9988791347 0.0359066166 0.1221452281 -0.0394208543 0.9917290807
-243.7 -550.3 2512.9 0.9926021695 -0.0161858872 -0.1203284860 0.0095960433 0.9984322786 -0.0551445372 0.1210324094 0.0535819083 0.9912013412
-81.1 -172.5 2544.1 0.8274280429 0.0746709034 -0.5565851927 -0.0814847276 0.9965953827 0.0125657814 0.5556285381 0.0349559151 0.8306955099
-110.0 -559.3 2530.5 0.8211419582 -0.1020539105 -0.5615255237 0.0499977879 0.9929631948 -0.1073513031 0.5685297847 0.0600756258 0.8204662204
-203.7 359.2 2294.0 0 0 0 0 0 0 0 0 0
-14.4 -306.1 2415.6 0 0 0 0 0 0 0 0 0
-238.8 -848.6 2496.9 0 0 0 0 0 0 0 0 0
-81.5 -837.2 2513.7 0 0 0 0 0 0 0 0 0
-165.5 428.2 2410.3 7 0.9567083716 -0.1240533888 -0.2632866502 0.2023666352 0.9336909652 0.2954131067 0.2091813534 -0.3359046280 0.9183742404
-137.9 220.8 2484.9 0.9567083716 -0.1240533888 -0.2632866502 0.2023666352 0.9336909652 0.2954131067 0.2091813534 -0.3359046280 0.9183742404
-151.1 27.9 2501.6 0.9638544917 0.0679404959 -0.2576210499 -0.0431264006 0.9939734340 0.1007816270 0.2629156411 -0.0860285535 0.9609757662
-269.6 226.7 2449.0 0.4774577618 -0.7727010846 -0.4182907045 0.3847346008 0.6118482351 -0.6911013126 0.7899451852 0.1690407842 0.5894165039
-371.2 144.9 2280.9 -0.6275682449 -0.7727010846 -0.0953472927 -0.7763490081 0.6118482351 0.1514066458 -0.0586540103 0.1690407842 -0.9838622212
-6.2 214.9 2520.9 0.1921855509 0.6666177511 0.7201982141 -0.9767299294 0.2011259645 0.0744784325 -0.0952019244 -0.7177528143 0.6897589564
44.4 -42.3 2495.8 -0.2080419660 0.6461989284 0.7342652678 -0.9351435900 0.0886702016 -0.3429927826 -0.2867490053 -0.7580003738 0.5858416557
-255.0 -163.1 2497.4 0.9911735654 -0.0256298315 -0.1300693303 0.0303699430 0.9989399910 0.0345909521 0.1290448904 -0.0382358357 0.9909013510
-245.1 -550.9 2512.3 0.9916145802 -0.0223941505 -0.1272753328 0.0155695016 0.9983997345 -0.0543653555 0.1282891184 0.0519278646 0.9903764129
-82.2 -173.6 2543.6 0.8252254128 0.0684069470 -0.5606455803 -0.0742639676 0.9971620440 0.0123577146 0.5598998666 0.0314378627 0.8279636502
-108.8 -560.7 2531.4 0.8197901249 -0.0945685282 -0.5648016930 0.0415775776 0.9934965968 -0.1059993654 0.5711527467 0.0634141415 0.8183906078
-198.4 358.5 2297.1 0 0 0 0 0 0 0 0 0
-13.7 -303.4 2415.7 0 0 0 0 0 0 0 0 0
-238.4 -847.8 2496.8 0 0 0 0 0 0 0 0 0
-82.6 -835.6 2513.8 0 0 0 0 0 0 0 0 0
-165.3 429.6 2411.6 8 0.9575669169 -0.1182241216 -0.2628471553 0.1973935217 0.9335418940 0.2992245853 0.2100032717 -0.3384118974 0.9172655344
-139.2 223.3 2486.4 0.9575669169 -0.1182241216 -0.2628471553 0.1973935217 0.9335418940 0.2992245853 0.2100032717 -0.3384118974 0.9172655344
-152.3 30.2 2501.3 0.9639286399 0.0676991642 -0.2574069500 -0.0454044715 0.9947604537 0.0915972963 0.2622593343 -0.0766058266 0.9619519711
-270.9 229.5 2450.6 0.4963461161 -0.7550377846 -0.4284372628 0.4052778780 0.6379709840 -0.6547845602 0.7677176595 0.1513636261 0.6226545572
-378.4 141.7 2284.2 -0.6502444744 -0.7550377846 -0.0842621699 -0.7582188845 0.6379709840 0.1345255077 -0.0478150174 0.1513636261 -0.9873210192
-7.5 217.1 2522.3 0.2075776160 0.6655257940 0.7169288397 -0.9735158086 0.2123233378 0.0847691223 -0.0958046764 -0.7155377269 0.6919734478
47.2 -39.1 2497.1 -0.2193799317 0.6417143345 0.7348980308 -0.9312411547 0.0869154111 -0.3538864851 -0.2909680009 -0.7620028853 0.5785233378
-250.6 -161.1 2494.8 0.9914426804 -0.0113274436 -0.1300503761 0.0162462573 0.9991896749 0.0368239544 0.1295278668 -0.0386216715 0.9908233285
-246.2 -549.0 2509.8 0.9913437366 -0.0260816477 -0.1286753714 0.0203569792 0.9987520576 -0.0456057414 0.1297042668 0.0425915234 0.9906375408
-77.9 -168.9 2541.9 0.8250555992 0.0773769766 -0.5597285628 -0.0838266984 0.9963794947 0.0141767673 0.5587990284 0.0352235772 0.8285547495
-108.0 -555.7 2528.2 0.8195611835 -0.0957798362 -0.5649297833 0.0459343232 0.9937394261 -0.1018431112 0.5711475015 0.0575169958 0.8188298345
-199.9 349.8 2297.4 0 0 0 0 0 0 0 0 0
-14.1 -299.1 2415.8 0 0 0 0 0 0 0 0 0
-238.4 -850.2 2496.9 0 0 0 0 0 0 0 0 0
-80.9 -836.2 2512.0 0 0 0 0 0 0 0 0 0
-164.8 430.0 2412.3 9 0.9581992030 -0.1140114069 -0.2624036074 0.1935542375 0.9337477684 0.3010843992 0.2106917202 -0.3392881751 0.9167838097
-139.8 225.1 2486.8 0.9581992030 -0.1140114069 -0.2624036074 0.1935542375 0.9337477684 0.3010843992 0.2106917202 -0.3392881751 0.9167838097
-152.8 31.9 2501.1 0.9639976621 0.0672726333 -0.2572603524 -0.0457268804 0.9949955940 0.0888413936 0.2619495094 -0.0738791823 0.9622496367
-271.5 231.3 2451.0 0.4909241199 -0.7670764327 -0.4130220413 0.4127547145 0.6222880483 -0.6651248932 0.7672203183 0.1560490727 0.6221106648
-379.2 140.8 2282.7 -0.6366165280 -0.7670764327 -0.0794549137 -0.7684349418 0.6222880483 0.1492156237 -0.0650159493 0.1560490727 -0.9856072068
-8.1 218.8 2522.5 0.1926729977 0.6690381169 0.7178196907 -0.9773175120 0.1963725835 0.0792983919 -0.0879064649 -0.7168164253 0.6916983724
42.5 -37.5 2499.5 -0.1974574625 0.6531754732 0.7310077548 -0.9312385321 0.1079953536 -0.3480399847 -0.3062766194 -0.7494657040 0.5869376659
-251.8 -158.8 2492.7 0.9910477400 -0.0299168117 -0.1301130950 0.0361005068 0.9983150363 0.0454291068 0.1285347641 -0.0497195609 0.9904578924
-240.2 -546.2 2512.0 0.9919015765 -0.0022052156 -0.1269899905 -0.0031880578 0.9991019368 -0.0422511622 0.1269691139 0.0423138440 0.9910037518
-79.1 -166.9 2539.7 0.8257400393 0.0743149295 -0.5591338277 -0.0778738484 0.9968099594 0.0174811557 0.5586493015 0.0291070137 0.8288930655
-107.9 -553.9 2528.4 0.8201519847 -0.0963667780 -0.5639718175 0.0498140119 0.9939974546 -0.0974042937 0.5699730515 0.0517926291 0.8200293779
-204.6 351.5 2300.5 0 0 0 0 0 0 0 0 0
-12.7 -297.5 2414.0 0 0 0 0 0 0 0 0 0
-239.5 -850.5 2499.1 0 0 0 0 0 0 0 0 0
-80.4 -838.0 2513.6 0 0 0 0 0 0 0 0 0
-164.0 430.9 2413.1 0 0.9577270150 -0.1061108112 -0.2673938572 0.1879939884 0.9344155192 0.3025325239 0.2177550048 -0.3400119841 0.9148631692
-140.8 226.5 2487.5 0.9577270150 -0.1061108112 -0.2673938572 0.1879939884 0.9344155192 0.3025325239 0.2177550048 -0.3400119841 0.9148631692
-152.3 33.2 2501.1 0.9632338285 0.0591944680 -0.2620621324 -0.0385653563 0.9957882166 0.0831775889 0.2658820450 -0.0700129494 0.9614598155
-272.4 231.7 2451.2 0.4941226840 -0.7749556303 -0.3940640986 0.4202100635 0.6096884012 -0.6720889807 0.7610954642 0.1665046960 0.6269050241
-380.3 140.0 2285.0 -0.6253318787 -0.7749556303 -0.0916722566 -0.7778856754 0.6096884012 0.1522298157 -0.0620798469 0.1665046960 -0.9840844870
-9.2 221.2 2523.8 0.2041768432 0.6711364388 0.7126623988 -0.9754366279 0.2009618878 0.0902092382 -0.0826752782 -0.7135756612 0.6956828237
43.6 -30.9 2502.5 -0.1919718236 0.6558707356 0.7300550938 -0.9312396049 0.1130430177 -0.3464305103 -0.3097412586 -0.7463610768 0.5890716910
-252.3 -157.1 2492.0 0.9903451204 -0.0313900486 -0.1350229532 0.0385526866 0.9979662895 0.0507636294 0.1331548840 -0.0554790124 0.9895412326
-240.1 -544.5 2513.5 0.9913506508 -0.0024474293 -0.1312169880 -0.0040289164 0.9987873435 -0.0490678102 0.1311779469 0.0491720699 0.9901385903
-79.5 -165.3 2538.9 0.8235943913 0.0733244866 -0.5624196529 -0.0787689388 0.9967858791 0.0146068195 0.5616829991 0.0322711021 0.8267229199
-108.0 -552.3 2526.4 0.8186524510 -0.0914771035 -0.5669568777 0.0511959493 0.9949263930 -0.0866049975 0.5720027089 0.0418735035 0.8191822171
-208.9 353.2 2302.0 0 0 0 0 0 0 0 0 0
-10.0 -290.9 2416.0 0 0 0 0 0 0 0 0 0
-239.3 -848.4 2498.5 0 0 0 0 0 0 0 0 0
-81.6 -839.8 2514.3 0 0 0 0 0 0 0 0 0
-165.5 431.3 2415.6 1 0.9577881694 -0.1103384718 -0.2654565871 0.1898083091 0.9362368584 0.2956913114 0.2159041017 -0.3335955143 0.9176597595
-141.3 226.1 2488.6 0.9577881694 -0.1103384718 -0.2654565871 0.1898083091 0.9362368584 0.2956913114 0.2159041017 -0.3335955143 0.9176597595
-152.8 32.7 2499.3 0.9639649987 0.0589594506 -0.2594132423 -0.0425771028 0.9967539310 0.0683281422 0.2625997663 -0.0548208728 0.9633462429
-273.0 232.0 2452.8 0.4734999537 -0.7840451002 -0.4013365507 0.4100122750 0.5994788408 -0.6873973012 0.7795432806 0.1609296799 0.6053213477
-375.6 143.2 2284.0 -0.6130963564 -0.7840451002 -0.0968818814 -0.7884216905 0.5994788408 0.1378998607 -0.0500410758 0.1609296799 -0.9856964946
-9.6 220.3 2524.5 0.2080285251 0.6704185605 0.7122240663 -0.9743378162 0.2060292959 0.0906515196 -0.0859645680 -0.7128049731 0.6960741282
43.6 -29.1 2502.5 -0.1874290705 0.6549093127 0.7320957184 -0.9336339235 0.1128588095 -0.3399861753 -0.3052835464 -0.7472326756 0.5902925134
-250.1 -156.7 2490.9 0.9909849167 -0.0191377215 -0.1325995028 0.0256336350 0.9985443354 0.0474562943 0.1314982772 -0.0504274815 0.9900329709
-242.6 -544.3 2510.5 0.9914510250 -0.0104435273 -0.1300605386 0.0037750832 0.9986703396 -0.0514132194 0.1304245293 0.0504827015 0.9901721478
-77.5 -163.6 2538.5 0.8261197209 0.0754823163 -0.5584161878 -0.0742748007 0.9969274998 0.0248748474 0.5585780740 0.0209266506 0.8291879296
-106.8 -550.6 2530.4 0.8217946291 -0.0852467939 -0.5633707047 0.0428530201 0.9951913953 -0.0880778655 0.5681700706 0.0482397787 0.8214960098
-208.5 358.0 2297.6 0 0 0 0 0 0 0 0 0
-8.7 -289.8 2417.3 0 0 0 0 0 0 0 0 0
-239.4 -850.5 2495.0 0 0 0 0 0 0 0 0 0
-82.1 -839.0 2516.4 0 0 0 0 0 0 0 0 0
-165.9 431.2 2414.3 2 0.9573429227 -0.1143934801 -0.2653462887 0.1949832886 0.9334594607 0.3010564148 0.2132511139 -0.3399523199 0.9159456491
-140.9 227.3 2488.5 0.9573429227 -0.1143934801 -0.2653462887 0.1949832886 0.9334594607 0.3010564148 0.2132511139 -0.3399523199 0.9159456491
-152.9 33.9 2500.1 0.9638753533 0.0616096742 -0.2591302693 -0.0438423790 0.9963089228 0.0737994835 0.2627205551 -0.0597726144 0.9630187750
-272.6 233.3 2452.6 0.4896999300 -0.7686991096 -0.4114555717 0.4201378524 0.6215525866 -0.6611781716 0.7639883161 0.1509108543 0.6273338199
-380.7 140.5 2284.1 -0.6336941123 -0.7686991096 -0.0867955089 -0.7721042037 0.6215525866 0.1323914379 -0.0478212051 0.1509108543 -0.9873900414
-9.3 221.3 2524.4 0.1929240972 0.6715775132 0.7153767943 -0.9772053361 0.1973375380 0.0782790482 -0.0886002332 -0.7141718864 0.6943402886
40.8 -32.4 2501.4 -0.1761384755 0.6586800218 0.7315161228 -0.9369375706 0.1157073975 -0.3297875524 -0.3018662930 -0.7434732318 0.5967615247
-250.6 -157.0 2486.4 0.9910687804 -0.0159749053 -0.1323913038 0.0233104099 0.9982663989 0.0540443957 0.1312984377 -0.0566478074 0.9897230864
-244.4 -544.5 2508.4 0.9913191795 -0.0189650320 -0.1301021129 0.0129382135 0.9988104701 -0.0470136292 0.1308389753 0.0449222215 0.9903853536
-77.9 -164.6 2533.4 0.8258357048 0.0818191320 -0.5579435229 -0.0754614919 0.9965535998 0.0344449729 0.5588389039 0.0136573631 0.8291637897
-109.6 -551.5 2528.1 0.8204504251 -0.0952671617 -0.5637244582 0.0571003519 0.9947431684 -0.0850031450 0.5688591003 0.0375520028 0.8215772510
-208.5 350.3 2297.0 0 0 0 0 0 0 0 0 0
-8.3 -294.0 2417.1 0 0 0 0 0 0 0 0 0
-238.6 -848.5 2494.7 0 0 0 0 0 0 0 0 0
-82.0 -839.5 2517.3 0 0 0 0 0 0 0 0 0
-167.1 430.9 2414.6 3 0.9549252987 -0.1276158988 -0.2680146396 0.2070035487 0.9334024191 0.2931032181 0.2127608657 -0.3353716433 0.9177465439
-139.0 225.7 2488.3 0.9549252987 -0.1276158988 -0.2680146396 0.2070035487 0.9334024191 0.2931032181 0.2127608657 -0.3353716433 0.9177465439
-151.5 32.4 2501.0 0.9632173777 0.0640288964 -0.2609839141 -0.0445758142 0.9958142638 0.0797929987 0.2650005817 -0.0652244315 0.9620397687
-270.6 231.8 2452.1 0.5050655603 -0.7660455704 -0.3975965381 0.4181984663 0.6201915145 -0.6636810303 0.7549959421 0.1689281613 0.6335964203
-381.9 139.7 2285.8 -0.6339018941 -0.7660455704 -0.1065016091 -0.7724458575 0.6201915145 0.1367111206 -0.0386755541 0.1689281613 -0.9848692417
-7.4 219.6 2524.5 0.2000361234 0.6713479757 0.7136367559 -0.9757330418 0.2026976943 0.0828168765 -0.0890535787 -0.7128853798 0.6956033111
44.0 -31.4 2501.6 -0.1848056018 0.6560091376 0.7317779064 -0.9364159107 0.1084545925 -0.3337107003 -0.2982819378 -0.7469201088 0.5942543745
-251.2 -155.6 2488.2 0.9907032251 -0.0227441993 -0.1341261268 0.0293846689 0.9984275103 0.0477390364 0.1328294277 -0.0512364693 0.9898136854
-242.4 -543.2 2508.1 0.9912254214 -0.0140241431 -0.1314364225 0.0081493799 0.9989479780 -0.0451284051 0.1319310367 0.0436612964 0.9902969003
-78.5 -163.4 2535.3 0.8250087500 0.0709375218 -0.5606499910 -0.0674550608 0.9973587394 0.0269315001 0.5610796809 0.0155999577 0.8276147842
-106.0 -550.6 2529.2 0.8209509850 -0.0822024047 -0.5650506616 0.0426251143 0.9956446290 -0.0829151347 0.5694054365 0.0439839140 0.8208793402
-209.9 349.3 2296.3 0 0 0 0 0 0 0 0 0
-7.6 -292.9 2418.3 0 0 0 0 0 0 0 0 0
-238.1 -846.1 2494.9 0 0 0 0 0 0 0 0 0
-82.6 -834.4 2516.7 0 0 0 0 0 0 0 0 0
-164.0 431.9 2416.3 4 0.9549593925 -0.1117434576 -0.2748926580 0.1929880977 0.9375817776 0.2893026471 0.2254066616 -0.3293232918 0.9169176817
-139.3 225.1 2488.9 0.9549593925 -0.1117434576 -0.2748926580 0.1929880977 0.9375817776 0.2893026471 0.2254066616 -0.3293232918 0.9169176817
-151.8 31.9 2502.7 0.9607335329 0.0643542483 -0.2699066699 -0.0425354019 0.9953929186 0.0859281495 0.2741930485 -0.0710734650 0.9590446949
-270.6 230.9 2451.4 0.5075628161 -0.7721645832 -0.3822849989 0.4181425869 0.6086826921 -0.6742864251 0.7533503175 0.1823930889 0.6318196058
-381.7 139.4 2286.6 -0.6249009967 -0.7721645832 -0.1151546761 -0.7794418931 0.6086826921 0.1482422203 -0.0443747379 0.1823930889 -0.9822238088
-8.1 219.3 2526.4 0.2107923329 0.6731528640 0.7088242173 -0.9721110463 0.2206033915 0.0795877799 -0.1027942896 -0.7058323622 0.7008808851
47.1 -35.0 2499.5 -0.1991554350 0.6526845098 0.7309857011 -0.9341177344 0.0990579873 -0.3429454863 -0.2962451875 -0.7511261106 0.5899562240
-250.2 -156.9 2489.9 0.9892759919 -0.0298674218 -0.1429719478 0.0361427069 0.9984846711 0.0414972678 0.1415158957 -0.0462196432 0.9888564348
-238.6 -544.5 2507.9 0.9901475310 0.0011545075 -0.1400234848 -0.0069556562 0.9991371036 -0.0409475192 0.1398553848 0.0415180400 0.9893011451
-77.6 -164.9 2537.4 0.8189918995 0.0757793933 -0.5687791705 -0.0744863153 0.9968943000 0.0255641453 0.5689499974 0.0214294400 0.8220928907
-107.0 -551.9 2529.1 0.8144873381 -0.0863091573 -0.5737256408 0.0421886630 0.9950657487 -0.0898010358 0.5786454082 0.0489370897 0.8141097426
-212.2 350.8 2298.6 0 0 0 0 0 0 0 0 0
-8.5 -295.8 2416.8 0 0 0 0 0 0 0 0 0
-239.0 -848.0 2495.2 0 0 0 0 0 0 0 0 0
-82.5 -834.1 2515.2 0 0 0 0 0 0 0 0 0
-163.1 431.1 2414.1 5 0.9584439397 -0.0926385745 -0.2698209286 0.1769964099 0.9348598719 0.3077487350 0.2237353474 -0.3427172303 0.9124074578
-142.9 227.0 2488.9 0.9584439397 -0.0926385745 -0.2698209286 0.1769964099 0.9348598719 0.3077487350 0.2237353474 -0.3427172303 0.9124074578
-153.8 33.6 2501.3 0.9625053406 0.0559659079 -0.2654265165 -0.0368875526 0.9964000583 0.0763298571 0.2687428594 -0.0636769608 0.9611048698
-274.4 232.0 2452.2 0.4920978546 -0.7797220349 -0.3871346712 0.4254980087 0.6033989191 -0.6744339466 0.7594676614 0.1671624631 0.6287015080
-381.5 139.4 2286.9 -0.6175082922 -0.7797220349 -0.1035232171 -0.7852200866 0.6033989191 0.1390652657 -0.0459664464 0.1671624631 -0.9848572612
-11.4 222.0 2525.7 0.2179523557 0.6700963974 0.7095544934 -0.9712643027 0.2201549113 0.0904290453 -0.0956157222 -0.7088741660 0.6988240480
45.8 -33.1 2500.5 -0.2018280029 0.6494234204 0.7331539392 -0.9330426455 0.1001312137 -0.3455504775 -0.2978201509 -0.7538056374 0.5857304335
-250.4 -157.5 2491.9 0.9898924828 -0.0322045498 -0.1381147802 0.0375840738 0.9986259341 0.0365195833 0.1367489100 -0.0413413756 0.9897426963
-237.9 -545.2 2508.0 0.9908230901 0.0029627595 -0.1351324618 -0.0088023730 0.9990518689 -0.0426370166 0.1348780096 0.0434352271 0.9899097681
-78.2 -165.1 2541.1 0.8215315938 0.0776278451 -0.5648537874 -0.0870709568 0.9961492419 0.0102635035 0.5634754300 0.0407505706 0.8251271844
-108.4 -551.8 2525.2 0.8170241117 -0.0892519802 -0.5696539879 0.0504332259 0.9952227473 -0.0835953653 0.5743936896 0.0395699441 0.8176222444
-214.1 352.3 2299.4 0 0 0 0 0 0 0 0 0
-10.5 -293.7 2417.4 0 0 0 0 0 0 0 0 0
-238.8 -847.7 2494.8 0 0 0 0 0 0 0 0 0
-83.2 -832.7 2514.1 0 0 0 0 0 0 0 0 0
-163.4 429.5 2412.5 6 0.9589799643 -0.0934633017 -0.2676228881 0.1794414222 0.9310032129 0.3178580999 0.2194497138 -0.3528421819 0.9095846415
-143.1 227.3 2489.2 0.9589799643 -0.0934633017 -0.2676228881 0.1794414222 0.9310032129 0.3178580999 0.2194497138 -0.3528421819 0.9095846415
-153.7 33.8 2500.4 0.9633907676 0.0541797876 -0.2625696063 -0.0370216817 0.9968693852 0.0698627234 0.2655327320 -0.0575843342 0.9623805881
-274.8 232.3 2452.9 0.4616225660 -0.7959687710 -0.3915843964 0.4167037010 0.5842720866 -0.6964080334 0.7831108570 0.1583030075 0.6013963223
-374.0 142.8 2284.6 -0.5991464257 -0.7959687710 -0.0863554329 -0.7977179885 0.5842720866 0.1492385119 -0.0683341250 0.1583030075 -0.9850231409
-11.5 222.2 2525.5 0.2031846344 0.6725717187 0.7115920782 -0.9753958583 0.2025322616 0.0870835856 -0.0855503902 -0.7117779851 0.6971751451
40.9 -29.3 2503.4 -0.1829242706 0.6581429243 0.7303332090 -0.9346203804 0.1140467599 -0.3368651569 -0.3049975634 -0.7442050576 0.5942518711
-250.9 -156.5 2489.6 0.9904559851 -0.0255251247 -0.1354452521 0.0314061157 0.9986463785 0.0414617807 0.1342035979 -0.0453198776 0.9899169207
-241.0 -544.2 2507.2 0.9910740256 -0.0066142245 -0.1331484467 0.0021586118 0.9994336963 -0.0335800759 0.1332951486 0.0329929255 0.9905270934
-78.4 -163.1 2537.7 0.8240389228 0.0736339390 -0.5617275834 -0.0809265524 0.9966486692 0.0119284503 0.5607233644 0.0356291682 0.8272362947
-107.0 -550.0 2523.9 0.8200892210 -0.0838675275 -0.5660564899 0.0486800112 0.9958405495 -0.0770183429 0.5701613426 0.0356062762 0.8207607865
-211.6 359.0 2303.1 0 0 0 0 0 0 0 0 0
-10.2 -290.2 2418.3 0 0 0 0 0 0 0 0 0
-239.0 -850.2 2497.1 0 0 0 0 0 0 0 0 0
-83.3 -831.8 2513.8 0 0 0 0 0 0 0 0 0
-164.2 429.6 2407.3 7 0.9610583782 -0.0922897384 -0.2604791224 0.1794081777 0.9253061414 0.3340976834 0.2101891488 -0.3678194582 0.9058307409
-143.8 225.0 2488.6 0.9610583782 -0.0922897384 -0.2604791224 0.1794081777 0.9253061414 0.3340976834 0.2101891488 -0.3678194582 0.9058307409
-154.2 31.5 2500.6 0.9654012918 0.0535044558 -0.2552207112 -0.0357989743 0.9966506958 0.0735241175 0.2582997680 -0.0618436411 0.9640833139
-275.7 229.9 2453.3 0.4405649006 -0.8037754893 -0.3998093307 0.3988810480 0.5742520094 -0.7149325609 0.8042365909 0.1554978341 0.5736060739
-369.5 144.9 2282.0 -0.5896871686 -0.8037754893 -0.0788290873 -0.8036262989 0.5742520094 0.1562671065 -0.0803359076 0.1554978341 -0.9845641255
-11.9 220.1 2523.9 0.2154484987 0.6652811170 0.7148307562 -0.9730098248 0.2082232535 0.0994732082 -0.0826667398 -0.7169687152 0.6921864152
43.5 -30.0 2502.6 -0.2005279958 0.6473673582 0.7353258133 -0.9308945537 0.1080129147 -0.3489534259 -0.3053257465 -0.7544857264 0.5809711218
-250.5 -156.4 2487.7 0.9916346073 -0.0173145663 -0.1279102117 0.0234363489 0.9986428022 0.0465109497 0.1269312948 -0.0491196178 0.9906945825
-243.8 -544.1 2506.8 0.9918524027 -0.0190271828 -0.1259633601 0.0142171746 0.9991390109 -0.0389753170 0.1265964955 0.0368669219 0.9912689924
-77.9 -163.0 2535.3 0.8282908797 0.0749893039 -0.5552573800 -0.0789908692 0.9967340827 0.0167795699 0.5547022820 0.0299618989 0.8315092921
-107.0 -550.0 2523.7 0.8239800930 -0.0875189826 -0.5598189831 0.0543007813 0.9956486821 -0.0757305548 0.5640108585 0.0320018567 0.8251470327
-209.7 362.7 2303.8 0 0 0 0 0 0 0 0 0
-12.5 -289.8 2417.4 0 0 0 0 0 0 0 0 0
-238.0 -849.4 2495.5 0 0 0 0 0 0 0 0 0
-82.1 -832.9 2514.6 0 0 0 0 0 0 0 0 0
-163.7 430.0 2410.6 8 0.9608975053 -0.0867111981 -0.2629774809 0.1710460484 0.9327238798 0.3174420297 0.2177595943 -0.3500105143 0.9110836387
-144.6 224.5 2487.7 0.9608975053 -0.0867111981 -0.2629774809 0.1710460484 0.9327238798 0.3174420297 0.2177595943 -0.3500105143 0.9110836387
-153.9 31.1 2501.5 0.9649046063 0.0478110686 -0.2582115829 -0.0276647154 0.9963217974 0.0811017081 0.2611393929 -0.0711120591 0.9626781940
-276.4 228.3 2452.1 0.4373676777 -0.8062378764 -0.3983591497 0.3945038021 0.5700902343 -0.7206690311 0.8081313372 0.1580431610 0.5674029589
-367.9 145.8 2283.1 -0.5858522654 -0.8062378764 -0.0822049826 -0.8065198064 0.5700902343 0.1565978527 -0.0793908611 0.1580431610 -0.9842354655
-12.8 220.7 2523.4 0.2058064044 0.6669743657 0.7160928249 -0.9751948714 0.2007096559 0.0933303162 -0.0814778060 -0.7175380588 0.6917373538
40.9 -33.5 2502.2 -0.1901093274 0.6516809464 0.7342822552 -0.9336706400 0.1112072393 -0.3404292166 -0.3035087287 -0.7502965331 0.5873138309
-251.1 -158.7 2489.4 0.9913061857 -0.0151463263 -0.1307007074 0.0217280462 0.9985585213 0.0490789451 0.1297689378 -0.0514921322 0.9902063608
-245.2 -546.4 2509.4 0.9914103746 -0.0237917919 -0.1286057383 0.0176938642 0.9986736178 -0.0483520739 0.1295855343 0.0456612147 0.9905163646
-78.1 -165.1 2535.7 0.8268076181 0.0738327280 -0.5576180816 -0.0752190500 0.9969568253 0.0204734392 0.5574327707 0.0250159092 0.8298451304
-106.7 -552.2 2526.0 0.8227886558 -0.0835333243 -0.5621752739 0.0480579510 0.9958231449 -0.0776321590 0.5663120151 0.0368578620 0.8233664036
-209.1 364.4 2304.6 0 0 0 0 0 0 0 0 0
-12.2 -294.2 2417.4 0 0 0 0 0 0 0 0 0
-238.0 -846.3 2495.7 0 0 0 0 0 0 0 0 0
-83.2 -832.4 2515.6 0 0 0 0 0 0 0 0 0
-166.0 432.2 2414.3 9 0.9583804607 -0.1060001925 -0.2650865614 0.1832782179 0.9403579831 0.2865936756 0.2188972980 -0.3232503533 0.9206482172
-142.4 222.3 2486.4 0.9583804607 -0.1060001925 -0.2650865614 0.1832782179 0.9403579831 0.2865936756 0.2188972980 -0.3232503533 0.9206482172
-152.5 29.1 2502.1 0.9643094540 0.0519408546 -0.2596332133 -0.0290281437 0.9953984022 0.0913200900 0.2631817460 -0.0805241615 0.9613798857
-274.1 226.2 2450.5 0.4523748755 -0.7963026762 -0.4015707076 0.3819575012 0.5798842907 -0.7196128964 0.8058941960 0.1721518338 0.5664788485
-368.0 146.9 2283.2 -0.5956143141 -0.7963026762 -0.1055729091 -0.8013277650 0.5798842907 0.1469966918 -0.0558337830 0.1721518338 -0.9834868312
-10.6 218.3 2522.4 0.2119800299 0.6663402319 0.7148812413 -0.9739772677 0.2040824741 0.0985833257 -0.0802046955 -0.7171757817 0.6922615767
43.6 -31.0 2501.9 -0.1996086091 0.6482095122 0.7348338962 -0.9338897467 0.1011923775 -0.3429432213 -0.2966586351 -0.7547082305 0.5851573348
-249.6 -159.8 2492.0 0.9911187291 -0.0149681577 -0.1321348101 0.0212420337 0.9987063408 0.0461996682 0.1312723458 -0.0485961661 0.9901545048
-243.8 -547.5 2510.8 0.9911834002 -0.0236449037 -0.1303700954 0.0186502617 0.9990494251 -0.0394001268 0.1311777830 0.0366213135 0.9906822443
-76.7 -164.8 2538.7 0.8240826130 0.0857590362 -0.5599403381 -0.0902757570 0.9957231283 0.0196406171 0.5592299104 0.0343635492 0.8283001184
-110.0 -551.3 2525.4 0.8193699121 -0.0936010405 -0.5655720830 0.0615285635 0.9952402711 -0.0755710453 0.5699536204 0.0271218065 0.8212291002
-206.7 364.1 2298.3 0 0 0 0 0 0 0 0 0
-12.1 -291.8 2419.0 0 0 0 0 0 0 0 0 0
-236.7 -848.7 2499.8 0 0 0 0 0 0 0 0 0
-83.2 -836.3 2517.6 0 0 0 0 0 0 0 0 0
-166.0 432.6 2414.6 0 0.9560781717 -0.1013671011 -0.2750258446 0.1827086061 0.9398036599 0.2887675166 0.2291987687 -0.3263339102 0.9170464277
-143.5 223.9 2487.1 0.9560781717 -0.1013671011 -0.2750258446 0.1827086061 0.9398036599 0.2887675166 0.2291987687 -0.3263339102 0.9170464277
-153.2 30.7 2502.5 0.9616420865 0.0498684160 -0.2697361708 -0.0263921134 0.9955944419 0.0899729282 0.2730346322 -0.0794028491 0.9587216973
-274.9 227.5 2449.8 0.4477506280 -0.7803343534 -0.4365749657 0.3768990934 0.6074655652 -0.6992371678 0.8108430505 0.1485391855 0.5661004186
-367.6 149.5 2282.0 -0.6208024621 -0.7803343534 -0.0753833130 -0.7811070681 0.6074655652 0.1444207430 -0.0669036955 0.1485391855 -0.9866407514
-12.1 220.3 2524.4 0.2131642848 0.6714465618 0.7097327113 -0.9727365375 0.2137733996 0.0899145007 -0.0913491920 -0.7095494866 0.6987094283
44.3 -36.9 2500.2 -0.2050074041 0.6512054801 0.7306869030 -0.9311564565 0.1002242267 -0.3505749702 -0.3015288711 -0.7522542477 0.5858274698
-248.9 -161.6 2494.1 0.9895265698 -0.0222204793 -0.1426301450 0.0305353608 0.9979426265 0.0563750938 0.1410840303 -0.0601399168 0.9881692529
-240.3 -549.0 2517.5 0.9902921319 -0.0074597830 -0.1388014853 -0.0018910220 0.9977434874 -0.0671146512 0.1389889419 0.0667255893 0.9880434275
-76.1 -166.8 2541.3 0.8173571229 0.0890699551 -0.5692045689 -0.1022717431 0.9947175980 0.0087963399 0.5669813156 0.0510237888 0.8221488595
-110.7 -552.9 2521.5 0.8125658035 -0.0982055441 -0.5745367408 0.0696826801 0.9950018525 -0.0715235993 0.5786891580 0.0180823691 0.8153477311
-199.4 361.1 2300.1 0 0 0 0 0 0 0 0 0
-13.0 -296.9 2416.1 0 0 0 0 0 0 0 0 0
-238.1 -847.3 2497.5 0 0 0 0 0 0 0 0 0
-82.9 -834.3 2516.4 0 0 0 0 0 0 0 0 0
-166.7 431.9 2413.3 1 0.9549661875 -0.1043312922 -0.2777670622 0.1883785278 0.9364573359 0.2959074080 0.2292446047 -0.3349069059 0.9139388800
-143.7 225.0 2487.3 0.9549661875 -0.1043312922 -0.2777670622 0.1883785278 0.9364573359 0.2959074080 0.2292446047 -0.3349069059 0.9139388800
-152.8 31.7 2502.1 0.9612793922 0.0469363183 -0.2715490758 -0.0241784304 0.9959535599 0.0865558684 0.2745128870 -0.0766387433 0.9585244656
-275.0 228.4 2449.8 0.4476564825 -0.7785669565 -0.4398148954 0.3833880126 0.6114600897 -0.6921923161 0.8078473210 0.1412446350 0.5722172856
-367.5 149.1 2282.8 -0.6235103607 -0.7785669565 -0.0711922124 -0.7792265415 0.6114600897 0.1375595033 -0.0635680929 0.1412446350 -0.9879317284
-12.3 221.7 2524.8 0.1984784603 0.6763092875 0.7093743682 -0.9766556621 0.1971468925 0.0853045061 -0.0821587294 -0.7097455859 0.6996507049
39.4 -33.0 2503.3 -0.1837526113 0.6619021893 0.7267190218 -0.9355103970 0.1091944799 -0.3360013068 -0.3017536998 -0.7415943146 0.5991515517
-249.0 -160.2 2493.5 0.9893909693 -0.0148186432 -0.1445194334 0.0236863904 0.9979272485 0.0598339848 0.1433332264 -0.0626223534 0.9876912832
-243.3 -547.6 2517.8 0.9898533225 -0.0134353228 -0.1414561868 0.0038640932 0.9976968169 -0.0677205622 0.1420402527 0.0664868280 0.9876254797
-76.7 -165.0 2542.4 0.8171442747 0.0825105831 -0.5704973340 -0.0967167318 0.9952971935 0.0054181279 0.5682614446 0.0507492460 0.8212815523
-108.7 -551.3 2522.7 0.8128697276 -0.0912572071 -0.5752520561 0.0595702231 0.9954962134 -0.0737474486 0.5793912411 0.0256791767 0.8146449327
-198.6 360.2 2300.0 0 0 0 0 0 0 0 0 0
-11.9 -294.2 2419.1 0 0 0 0 0 0 0 0 0
-239.2 -848.9 2497.7 0 0 0 0 0 0 0 0 0
-82.5 -837.1 2515.3 0 0 0 0 0 0 0 0 0
-166.0 434.1 2413.6 2 0.9562693834 -0.0956116840 -0.2764187157 0.1794449389 0.9380826354 0.2963114977 0.2309727371 -0.3329555690 0.9142166972
-144.7 224.8 2487.9 0.9562693834 -0.0956116840 -0.2764187157 0.1794449389 0.9380826354 0.2963114977 0.2309727371 -0.3329555690 0.9142166972
-152.8 31.4 2502.3 0.9618310332 0.0416412018 -0.2704570591 -0.0199027844 0.9963817000 0.0826283246 0.2729192078 -0.0740916431 0.9591796398
-276.1 227.5 2450.6 0.4431289434 -0.7745789289 -0.4512916803 0.3807868063 0.6183804870 -0.6874641776 0.8115652204 0.1327893585 0.5689717531
-367.5 149.0 2283.2 -0.6293883920 -0.7745789289 -0.0624313094 -0.7743406892 0.6183804870 0.1341719329 -0.0653204545 0.1327893585 -0.9889894724
-13.3 222.1 2525.2 0.2071462721 0.6734906435 0.7095778584 -0.9745493531 0.2055911273 0.0893637687 -0.0856972486 -0.7100300193 0.6989372969
40.8 -32.3 2502.8 -0.1876227707 0.6578335166 0.7294194698 -0.9336156249 0.1113214046 -0.3405427337 -0.3052204251 -0.7448909879 0.5932772160
-248.0 -159.4 2492.4 0.9896439910 -0.0074102888 -0.1433522105 0.0167936198 0.9977855682 0.0643577501 0.1425578594 -0.0660986677 0.9875769615
-245.1 -546.8 2518.1 0.9897948503 -0.0204492249 -0.1410246938 0.0104209026 0.9973871708 -0.0714856237 0.1421180516 0.0692865029 0.9874218106
-75.8 -163.8 2541.6 0.8184559941 0.0757877678 -0.5695489645 -0.0951279849 0.9954560399 -0.0042396332 0.5666396618 0.0576499999 0.8219465017
-105.2 -550.2 2519.2 0.8157442212 -0.0784540921 -0.5730674863 0.0509655625 0.9966543317 -0.0638960451 0.5761630535 0.0229161233 0.8170134425
-197.0 358.8 2300.9 0 0 0 0 0 0 0 0 0
-11.6 -293.0 2417.6 0 0 0 0 0 0 0 0 0
-239.0 -848.3 2497.1 0 0 0 0 0 0 0 0 0
-82.5 -838.0 2512.6 0 0 0 0 0 0 0 0 0
-163.4 430.0 2406.8 3 0.9573737383 -0.0851435661 -0.2760183513 0.1794513166 0.9241101742 0.3373686373 0.2263465971 -0.3725197017 0.8999979496
-144.7 226.2 2489.0 0.9573737383 -0.0851435661 -0.2760183513 0.1794513166 0.9241101742 0.3373686373 0.2263465971 -0.3725197017 0.8999979496
-153.4 32.7 2502.3 0.9616101980 0.0453271903 -0.2706497312 -0.0249139555 0.9966114759 0.0783894509 0.2732858062 -0.0686371401 0.9594810009
-276.0 229.6 2451.6 0.4398503900 -0.7752812505 -0.4532886446 0.3887956142 0.6193702221 -0.6820692420 0.8095490336 0.1237717792 0.5738561749
-367.6 148.6 2283.0 -0.6284117699 -0.7752812505 -0.0635419115 -0.7761070728 0.6193702221 0.1184835434 -0.0525020994 0.1237717792 -0.9909208417
-13.3 222.8 2526.3 0.2084375024 0.6743258238 0.7084055543 -0.9740664959 0.2083173990 0.0883084238 -0.0880245566 -0.7084408998 0.7002593279
40.8 -30.0 2503.4 -0.1903162897 0.6582448483 0.7283498049 -0.9315217137 0.1131275371 -0.3456435204 -0.3099144697 -0.7442552447 0.5916393399
-247.1 -160.2 2492.2 0.9896284938 -0.0030151014 -0.1436188519 0.0113107301 0.9983112216 0.0569800623 0.1432045251 -0.0580135249 0.9879913330
-245.9 -547.8 2514.7 0.9895260334 -0.0245863553 -0.1422451735 0.0158913322 0.9979531765 -0.0619433448 0.1434769928 0.0590340868 0.9878913760
-74.7 -163.8 2541.1 0.8181191683 0.0852630511 -0.5686925650 -0.0974583179 0.9951988459 0.0090051601 0.5667300224 0.0480565280 0.8225008845
-107.8 -550.1 2522.5 0.8143959045 -0.0869083405 -0.5737649798 0.0551731549 0.9958391786 -0.0725278407 0.5776808858 0.0274099577 0.8158023357
-197.3 359.0 2297.2 0 0 0 0 0 0 0 0 0
-12.3 -290.1 2416.9 0 0 0 0 0 0 0 0 0
-238.4 -850.3 2496.8 0 0 0 0 0 0 0 0 0
-83.1 -833.7 2514.7 0 0 0 0 0 0 0 0 0
-163.0 428.7 2411.4 4 0.9587520957 -0.0863534212 -0.2708089054 0.1764406413 0.9277642369 0.3288193941 0.2228521407 -0.3630379736 0.9047322273
-144.2 226.7 2490.4 0.9587520957 -0.0863534212 -0.2708089054 0.1764406413 0.9277642369 0.3288193941 0.2228521407 -0.3630379736 0.9047322273
-151.7 33.0 2501.4 0.9636648893 0.0387714356 -0.2642854154 -0.0223546587 0.9976449013 0.0648455247 0.2661771476 -0.0565813445 0.9622620940
-275.8 229.7 2454.1 0.4310867786 -0.7874635458 -0.4405284524 0.3816533089 0.6015291810 -0.7017858624 0.8176215291 0.1344014704 0.5598493814
-367.1 148.9 2280.9 -0.6128956079 -0.7874635458 -0.0652695373 -0.7872841358 0.6015291810 0.1354485303 -0.0673992485 0.1344014704 -0.9886322021
-12.5 223.6 2526.8 0.2040579915 0.6707862616 0.7130260468 -0.9745581150 0.2081764489 0.0830607265 -0.0927192271 -0.7118344903 0.6962002516
40.4 -29.0 2502.8 -0.1916210204 0.6542260647 0.7316212654 -0.9328044653 0.1104177162 -0.3430505991 -0.3052165806 -0.7481952906 0.5891066790
-248.4 -158.5 2491.1 0.9905132651 -0.0089815333 -0.1371233612 0.0180582218 0.9977157116 0.0650938675 0.1362255067 -0.0669525415 0.9884128571
-244.9 -545.8 2517.1 0.9906839132 -0.0199772734 -0.1347083598 0.0108346893 0.9976084232 -0.0682640970 0.1357499212 0.0661686137 0.9885310531
-76.1 -162.9 2540.1 0.8231433630 0.0854035467 -0.5613744259 -0.0941816196 0.9954655766 0.0133445961 0.5599685907 0.0418866351 0.8274543285
-109.2 -549.4 2523.8 0.8183301687 -0.0941486582 -0.5669847727 0.0573604703 0.9949452877 -0.0824236572 0.5718789101 0.0349272490 0.8195941448
-201.1 362.2 2299.2 0 0 0 0 0 0 0 0 0
-13.1 -289.4 2417.5 0 0 0 0 0 0 0 0 0
-238.8 -849.9 2496.9 0 0 0 0 0 0 0 0 0
-82.3 -834.0 2513.8 0 0 0 0 0 0 0 0 0
-163.5 427.9 2406.2 5 0.9597909451 -0.0864303261 -0.2670789659 0.1808468699 0.9180527925 0.3528079689 0.2146992683 -0.3869222999 0.8967694044
-144.6 227.2 2490.8 0.9597909451 -0.0864303261 -0.2670789659 0.1808468699 0.9180527925 0.3528079689 0.2146992683 -0.3869222999 0.8967694044
-153.5 33.6 2502.2 0.9642534852 0.0456256382 -0.2610239089 -0.0286168754 0.9972339272 0.0685971975 0.2634316981 -0.0586754009 0.9628919959
-276.4 231.1 2454.8 0.4599240422 -0.7825872898 -0.4195557833 0.4040042162 0.6051821709 -0.6859555840 0.7907277942 0.1459851563 0.5945063829
-375.3 144.2 2284.6 -0.6163517237 -0.7825872898 -0.0875654668 -0.7861867547 0.6051821709 0.1251596212 -0.0449552685 0.1459851563 -0.9882647991
-12.9 223.3 2526.8 0.2222136557 0.6658971310 0.7121812701 -0.9704067111 0.2218549699 0.0953479558 -0.0945090204 -0.7122930884 0.6954902411
45.1 -30.1 2502.1 -0.2044745982 0.6452299356 0.7361171246 -0.9306038022 0.1050940454 -0.3506163061 -0.3035896719 -0.7567255497 0.5789643526
-245.6 -158.6 2488.5 0.9910137653 -0.0014130695 -0.1337524056 0.0079301409 0.9988059998 0.0482047200 0.1335245818 -0.0488322154 0.9898416996
-245.0 -546.3 2507.5 0.9909529686 -0.0166969560 -0.1331670880 0.0120828515 0.9993008375 -0.0353822038 0.1336647570 0.0334530585 0.9904618263
-72.9 -162.6 2536.2 0.8245787621 0.0886841938 -0.5587530732 -0.0934493691 0.9954214692 0.0200836211 0.5579759479 0.0356546007 0.8290908337
-107.3 -549.1 2522.4 0.8206378818 -0.0887697786 -0.5645116568 0.0590368025 0.9957448840 -0.0707588792 0.5683908463 0.0247404519 0.8223866224
-208.4 357.2 2296.8 0 0 0 0 0 0 0 0 0
-12.0 -290.0 2417.3 0 0 0 0 0 0 0 0 0
-239.9 -851.6 2497.3 0 0 0 0 0 0 0 0 0
-81.7 -837.0 2515.2 0 0 0 0 0 0 0 0 0
-162.1 426.2 2401.6 6 0.9606392980 -0.0782968998 -0.2665366530 0.1784127355 0.9093193412 0.3759084940 0.2129344791 -0.4086659849 0.8874970675
-145.0 227.5 2490.8 0.9606392980 -0.0782968998 -0.2665366530 0.1784127355 0.9093193412 0.3759084940 0.2129344791 -0.4086659849 0.8874970675
-154.3 34.0 2502.4 0.9639462233 0.0481615439 -0.2617023587 -0.0307882670 0.9970656037 0.0700872019 0.2643099427 -0.0595029294 0.9626004696
-276.7 231.7 2454.7 0.4471289814 -0.7924612164 -0.4148263931 0.4052309096 0.5929105878 -0.6958770752 0.7974105477 0.1430463344 0.5862373114
-371.6 145.7 2285.4 -0.6026847363 -0.7924612164 -0.0936822444 -0.7972401977 0.5929105878 0.1134242788 -0.0343391411 0.1430463344 -0.9891201258
-13.3 223.3 2527.0 0.2269309163 0.6663751602 0.7102439404 -0.9696646929 0.2226201743 0.1009488851 -0.0908448026 -0.7116069198 0.6966798902
45.7 -28.7 2503.4 -0.2014760375 0.6466569304 0.7356916666 -0.9296670556 0.1102596521 -0.3515138328 -0.3084259629 -0.7547699213 0.5789609551
-248.7 -157.4 2489.9 0.9907945395 -0.0151487784 -0.1345241219 0.0223250184 0.9983975887 0.0519981235 0.1335208565 -0.0545227081 0.9895450473
-242.9 -544.9 2511.1 0.9911358953 -0.0116580529 -0.1323392987 0.0053462186 0.9988354445 -0.0479498319 0.1327441782 0.0468172878 0.9900439978
-76.0 -162.5 2537.1 0.8242771029 0.0824963376 -0.5601442456 -0.0901220143 0.9958317280 0.0140445102 0.5589680672 0.0389047638 0.8282760382
-108.0 -549.1 2522.0 0.8197569847 -0.0921460614 -0.5652499795 0.0607086532 0.9953920245 -0.0742239952 0.5694847703 0.0265300721 0.8215736151
-208.3 361.7 2294.7 0 0 0 0 0 0 0 0 0
-10.6 -288.3 2417.2 0 0 0 0 0 0 0 0 0
-239.3 -849.4 2496.8 0 0 0 0 0 0 0 0 0
-81.6 -834.3 2514.4 0 0 0 0 0 0 0 0 0
-163.7 425.7 2399.8 7 0.9551451802 -0.0804596916 -0.2849980295 0.1909606308 0.9029102325 0.3850807548 0.2263441533 -0.4222314358 0.8777750134
-146.0 227.2 2492.6 0.9551451802 -0.0804596916 -0.2849980295 0.1909606308 0.9029102325 0.3850807548 0.2263441533 -0.4222314358 0.8777750134
-156.1 33.5 2499.7 0.9585812688 0.0521432869 -0.2800053358 -0.0397032872 0.9979636669 0.0499214716 0.2820382118 -0.0367366597 0.9586995840
-277.0 232.6 2454.1 0.4653616846 -0.7845483422 -0.4097833037 0.4210355580 0.6034469604 -0.6771859527 0.7785676122 0.1426030546 0.6111438870
-376.8 142.3 2287.2 -0.6127812266 -0.7845483422 -0.0947787911 -0.7896997333 0.6034469604 0.1105717123 -0.0295548812 0.1426030546 -0.9893385768
-15.1 221.7 2531.1 0.2352826595 0.6798303127 0.6946026683 -0.9664902687 0.2391370386 0.0933278650 -0.1026581079 -0.6932851076 0.7133141756
44.7 -23.9 2505.0 -0.1898309290 0.6600828767 0.7268113494 -0.9314746857 0.1129197255 -0.3458381295 -0.3103531897 -0.7426571846 0.5934148431
-250.0 -156.8 2490.3 0.9880046844 -0.0153189087 -0.1536623240 0.0230868347 0.9985370636 0.0488955490 0.1526884884 -0.0518566072 0.9869129062
-244.1 -544.4 2510.4 0.9883700609 -0.0143546322 -0.1513889581 0.0068061044 0.9987128377 -0.0502626225 0.1519155949 0.0486477017 0.9871955514
-77.3 -162.3 2537.6 0.8144610524 0.0799661726 -0.5746812820 -0.0884138197 0.9959952235 0.0132879047 0.5734423995 0.0399872884 0.8182694316
-108.4 -549.0 2522.1 0.8097115755 -0.0922930762 -0.5795249343 0.0593038797 0.9953685999 -0.0756595507 0.5838238001 0.0268943347 0.8114348054
-210.7 356.3 2295.2 0 0 0 0 0 0 0 0 0
-8.3 -284.0 2418.4 0 0 0 0 0 0 0 0 0
-239.7 -849.3 2495.5 0 0 0 0 0 0 0 0 0
-81.9 -834.3 2514.4 0 0 0 0 0 0 0 0 0
-161.1 426.5 2399.9 8 0.9582244158 -0.0683109537 -0.2777400315 0.1759431511 0.9063761234 0.3840915561 0.2254992723 -0.4169123769 0.8805305958
-146.1 227.9 2491.2 0.9582244158 -0.0683109537 -0.2777400315 0.1759431511 0.9063761234 0.3840915561 0.2254992723 -0.4169123769 0.8805305958
-156.3 34.3 2501.3 0.9599979520 0.0523844771 -0.2750632465 -0.0360422879 0.9972899556 0.0641379505 0.2776776254 -0.0516583920 0.9592843652
-277.3 232.8 2453.3 0.4735775590 -0.7824670672 -0.4043136835 0.4272040427 0.6055116057 -0.6714554429 0.7702084184 0.1452617794 0.6210297942
-379.4 140.7 2287.2 -0.6165453196 -0.7824670672 -0.0872764438 -0.7860642672 0.6055116057 0.1243329346 -0.0444395281 0.1452617794 -0.9883947372
-15.0 222.9 2529.2 0.2201304138 0.6784726381 0.7008690834 -0.9711983204 0.2196076363 0.0924459472 -0.0911941528 -0.7010330558 0.7072738409
