-232.4 488.5 2313.7 50 0.9676339030 0.2264199257 -0.1114389002 -0.2034567297 0.9611944556 0.1863078177 0.1492982507 -0.1576047689 0.9761509895
-291.3 238.3 2354.8 0.9676339030 0.2264199257 -0.1114389002 -0.2034567297 0.9611944556 0.1863078177 0.1492982507 -0.1576047689 0.9761509895
-269.6 48.8 2399.0 0.9877210259 -0.1111683771 -0.1097666323 0.1327309012 0.9677085876 0.2142955959 0.0823992193 -0.2262337059 0.9705815911
-432.0 219.3 2343.0 0.1735933572 -0.1897257417 -0.9663692117 0.9825298786 0.1002086103 0.1568225622 0.0670852438 -0.9767099619 0.2038067579
-475.5 -27.2 2326.2 -0.4280760288 -0.1897257417 -0.8836034536 0.8868070245 0.1002086103 -0.4511446655 0.1741384417 -0.9767099619 0.1253532171
-150.7 257.2 2366.5 0.5827547908 0.7835516930 0.2155077606 -0.0994008109 0.3319294453 -0.9380524158 -0.8065459132 0.5252328515 0.2713191509
-35.2 237.5 2206.7 -0.4490588009 0.7835516930 0.4294099510 0.8867661953 0.3319294453 0.3216653168 0.1095076129 0.5252328515 -0.8438829780
-342.8 -154.4 2438.3 0.9683281183 0.2370677888 -0.0783547908 -0.2425030172 0.9676856995 -0.0691138804 0.0594381355 0.0859261900 0.9945269227
-435.6 -533.4 2404.6 0.9883959293 0.0165156759 -0.1509992331 -0.0733427331 0.9224073887 -0.3791905046 0.1330202222 0.3858650327 0.9129149914
-164.6 -132.3 2459.3 -0.8219769597 -0.0006574728 0.5695203543 -0.0138855176 0.9997252226 -0.0188865662 -0.5693514347 -0.0234324075 -0.8217602372
-164.4 -523.9 2468.4 -0.8349151015 -0.0741837174 0.5453563333 0.0904565006 0.9589047432 0.2689225376 -0.5428944826 0.2738585174 -0.7938936353
-360.8 -264.8 2279.5 0 0 0 0 0 0 0 0 0
-150.2 464.5 2234.8 0 0 0 0 0 0 0 0 0
-439.9 -772.0 2304.8 0 0 0 0 0 0 0 0 0
-146.0 -761.5 2400.6 0 0 0 0 0 0 0 0 0
-232.6 487.3 2311.5 51 0.9675398469 0.2335719764 -0.0964923650 -0.2117576301 0.9576919675 0.1948969513 0.1379324198 -0.1681375653 0.9760657549
-293.0 239.4 2355.0 0.9675398469 0.2335719764 -0.0964923650 -0.2117576301 0.9576919675 0.1948969513 0.1379324198 -0.1681375653 0.9760657549
-274.5 48.9 2396.0 0.9908109307 -0.0951639265 -0.0961123109 0.1128953025 0.9732291698 0.2001989782 0.0744875893 -0.2092099637 0.9750296474
-434.2 223.3 2344.4 0.1793919206 -0.2522033751 -0.9509006143 0.9825122952 0.0949393362 0.1601752490 0.0498811342 -0.9630057216 0.2648242712
-479.0 -22.4 2332.0 -0.4283210337 -0.2522033751 -0.8677179813 0.8814261556 0.0949393362 -0.4626818597 0.1990704983 -0.9630057216 0.1816341281
-151.9 255.5 2365.6 0.5911784172 0.7765759826 0.2178022861 -0.0844752714 0.3281779587 -0.9408311248 -0.8021047115 0.5378001332 0.2596132159
-35.7 238.9 2207.9 -0.4451524317 0.7765759826 0.4458352625 0.8898794651 0.3281779587 0.3168813586 0.0997691303 0.5378001332 -0.8371481895
-337.1 -152.7 2435.8 0.9670001864 0.2459986210 -0.0662975609 -0.2504711449 0.9655434489 -0.0706400797 0.0466358140 0.0849145874 0.9952962399
-433.5 -530.9 2402.5 0.9897865653 0.0223059338 -0.1408013254 -0.0738812163 0.9249545932 -0.3728278279 0.1219185665 0.3794225454 0.9171556234
-158.7 -128.7 2450.7 -0.8280389309 0.0128050577 0.5605243444 -0.0123649938 0.9990789294 -0.0410900265 -0.5605342388 -0.0409550220 -0.8271179199
-163.7 -519.9 2466.7 -0.8395509124 -0.0716637820 0.5385336876 0.0850819275 0.9616870880 0.2606127262 -0.5365774035 0.2646171451 -0.8012880087
-364.3 -258.6 2278.6 0 0 0 0 0 0 0 0 0
-149.7 466.8 2233.5 0 0 0 0 0 0 0 0 0
-439.3 -773.0 2303.2 0 0 0 0 0 0 0 0 0
-145.7 -761.5 2400.2 0 0 0 0 0 0 0 0 0
-236.5 492.8 2311.4 52 0.9710177183 0.2217755020 -0.0891078934 -0.2019692361 0.9607370496 0.1902438402 0.1278006732 -0.1667330861 0.9776845574
-294.7 240.3 2355.2 0.9710177183 0.2217755020 -0.0891078934 -0.2019692361 0.9607370496 0.1902438402 0.1278006732 -0.1667330861 0.9776845574
-277.4 49.9 2397.4 0.9921907187 -0.0884945914 -0.0878992155 0.1051462144 0.9725089073 0.2077756971 0.0670957491 -0.2153953910 0.9742191434
-436.1 225.3 2345.7 0.2002373338 -0.2588108480 -0.9449454546 0.9787757993 0.0957854018 0.1811714619 0.0436228365 -0.9611670375 0.2724975944
-485.5 -16.2 2334.9 -0.4359198809 -0.2588108480 -0.8619691133 0.8763932586 0.0957854018 -0.4719746113 0.2047162056 -0.9611670375 0.1850653142
-153.4 255.3 2364.8 0.5999473333 0.7740942240 0.2020922452 -0.0873895437 0.3144992888 -0.9452265501 -0.7952523232 0.5494254231 0.2563307583
-36.5 238.3 2209.9 -0.4290578067 0.7740942240 0.4654970467 0.8987789750 0.3144992888 0.3054285049 0.0900319442 0.5494254231 -0.8306779861
-345.4 -151.8 2430.2 0.9723129869 0.2254545093 -0.0614634603 -0.2294477969 0.9709240198 -0.0682659000 0.0442854948 0.0804784745 0.9957720637
-433.7 -532.1 2398.7 0.9915656447 0.0211727098 -0.1278642714 -0.0667458475 0.9291000962 -0.3637554348 0.1110970154 0.3692218065 0.9226769209
-166.4 -131.4 2443.6 -0.8320506811 -0.0050516911 0.5546765924 -0.0337043628 0.9985713363 -0.0414642729 -0.5536746979 -0.0531953983 -0.8310322165
-164.4 -522.4 2464.5 -0.8458737731 -0.0749859586 0.5280858874 0.0752529725 0.9633875489 0.2573351264 -0.5280479193 0.2574130595 -0.8092613220
-368.7 -251.2 2280.0 0 0 0 0 0 0 0 0 0
-146.4 468.4 2232.9 0 0 0 0 0 0 0 0 0
-439.2 -772.8 2303.0 0 0 0 0 0 0 0 0 0
-145.7 -762.2 2400.4 0 0 0 0 0 0 0 0 0
-239.2 503.3 2311.8 53 0.9739352465 0.2064731866 -0.0939094201 -0.1880455017 0.9664901495 0.1747446209 0.1268426031 -0.1525307000 0.9801251888
-296.3 236.0 2354.0 0.9739352465 0.2064731866 -0.0939094201 -0.1880455017 0.9664901495 0.1747446209 0.1268426031 -0.1525307000 0.9801251888
-276.5 46.2 2398.2 0.9906488061 -0.1010984331 -0.0916193277 0.1189344525 0.9689423442 0.2168070525 0.0668549985 -0.2256763279 0.9719056487
-437.5 219.0 2344.5 0.1992044449 -0.2647947073 -0.9435048103 0.9789500833 0.0974269435 0.1793452054 0.0444331244 -0.9593704939 0.2786286771
-485.4 -16.4 2333.8 -0.4527632892 -0.2647947073 -0.8514042497 0.8658411503 0.0974269435 -0.4907413125 0.2128954232 -0.9593704939 0.1851588190
-155.2 252.9 2363.5 0.6071864367 0.7709567547 0.1922245771 -0.0807105005 0.3005198538 -0.9503544569 -0.7904495001 0.5615278482 0.2446958870
-36.5 237.1 2209.0 -0.4270280004 0.7709567547 0.4725174904 0.8980420232 0.3005198538 0.3212606311 0.1056771651 0.5615278482 -0.8206819296
-349.8 -150.0 2433.5 0.9744350314 0.2143345475 -0.0673576519 -0.2196472436 0.9718669057 -0.0850285590 0.0472381115 0.0976497307 0.9940991402
-433.7 -530.6 2395.3 0.9919096828 0.0228901263 -0.1248649433 -0.0661689490 0.9326493144 -0.3546644747 0.1083368957 0.3600572944 0.9266185164
-170.5 -131.0 2445.6 -0.8310321569 -0.0184959862 0.5559167862 -0.0472425520 0.9981825948 -0.0374115482 -0.5542145371 -0.0573531277 -0.8303956389
-163.2 -521.9 2468.1 -0.8483439684 -0.0655905530 0.5253669024 0.0870390162 0.9615179896 0.2605903149 -0.5222420096 0.2667976618 -0.8099890947
-364.0 -248.5 2276.8 0 0 0 0 0 0 0 0 0
-145.8 467.1 2236.1 0 0 0 0 0 0 0 0 0
-439.6 -770.2 2302.8 0 0 0 0 0 0 0 0 0
-147.0 -759.4 2402.2 0 0 0 0 0 0 0 0 0
-240.2 505.8 2314.1 54 0.9760619402 0.1888898909 -0.1078134999 -0.1697078049 0.9714767337 0.1656268686 0.1360235512 -0.1433652788 0.9802774787
-292.6 236.2 2353.8 0.9760619402 0.1888898909 -0.1078134999 -0.1697078049 0.9714767337 0.1656268686 0.1360235512 -0.1433652788 0.9802774787
-274.8 46.9 2400.7 0.9903274179 -0.0911732167 -0.1045900211 0.1132409796 0.9666836858 0.2295629382 0.0801754743 -0.2391863465 0.9676578641
-433.7 220.1 2342.4 0.2074215710 -0.2787108719 -0.9377081394 0.9776027799 0.0939630046 0.1883180887 0.0356235802 -0.9557673335 0.2919584811
-484.8 -20.8 2333.6 -0.4674592316 -0.2787108719 -0.8389291763 0.8560790420 0.0939630046 -0.5082318783 0.2204780579 -0.9557673335 0.1946746558
-151.5 252.4 2365.3 0.5908601880 0.7768282890 0.2177660316 -0.0757458806 0.3221449256 -0.9436552525 -0.8032103181 0.5410734415 0.2491841614
-35.5 237.5 2207.6 -0.4424492419 0.7768282890 0.4480808973 0.8906291723 0.3221449256 0.3209396899 0.1049680337 0.5410734415 -0.8343987465
-346.3 -154.2 2436.4 0.9713152051 0.2205966711 -0.0887912139 -0.2289782912 0.9683881402 -0.0989613608 0.0641538128 0.1164539307 0.9911219478
-432.7 -533.4 2390.8 0.9896564484 0.0244207103 -0.1413636953 -0.0715806112 0.9380324483 -0.3390743136 0.1243232861 0.3456859887 0.9300779104
-167.2 -132.7 2448.4 -0.8232027888 -0.0082330266 0.5676878095 -0.0276455171 0.9992900491 -0.0255962610 -0.5670740008 -0.0367649347 -0.8228459358
-164.0 -524.0 2462.8 -0.8363484144 -0.0722276196 0.5434192419 0.0796973780 0.9647309184 0.2508836091 -0.5423740745 0.2531352043 -0.8010948300
-359.5 -250.3 2274.5 0 0 0 0 0 0 0 0 0
-148.8 465.6 2234.5 0 0 0 0 0 0 0 0 0
-438.8 -770.9 2303.2 0 0 0 0 0 0 0 0 0
-146.2 -761.1 2400.6 0 0 0 0 0 0 0 0 0
-238.1 501.6 2311.7 55 0.9751667380 0.2008254230 -0.0933752805 -0.1821371615 0.9670714736 0.1777605116 0.1259994060 -0.1563390344 0.9796337485
-292.9 237.9 2354.3 0.9751667380 0.2008254230 -0.0933752805 -0.1821371615 0.9670714736 0.1777605116 0.1259994060 -0.1563390344 0.9796337485
-272.9 47.9 2397.1 0.9904903769 -0.1025234535 -0.0917481855 0.1198762059 0.9703615308 0.2098288387 0.0675165355 -0.2188318819 0.9734238982
-434.0 220.8 2344.7 0.1950952113 -0.2379167080 -0.9514901638 0.9790512919 0.1048883721 0.1745194346 0.0582791604 -0.9656055570 0.2533958852
-482.6 -23.0 2330.2 -0.4645720124 -0.2379167080 -0.8529762626 0.8607686162 0.1048883721 -0.4980721474 0.2079669684 -0.9656055570 0.1560630351
-151.8 255.0 2363.9 0.5924823880 0.7787783742 0.2060798854 -0.0875659809 0.3165579140 -0.9445227981 -0.8008100986 0.5415675044 0.2557494640
-34.9 237.7 2206.0 -0.4401490092 0.7787783742 0.4469598830 0.8908879161 0.3165579140 0.3257450759 0.1121945381 0.5415675044 -0.8331368566
-346.5 -152.6 2440.3 0.9729373455 0.2208920419 -0.0678206235 -0.2267410606 0.9692063332 -0.0960603878 0.0445132032 0.1088384613 0.9930623174
-433.0 -532.2 2397.6 0.9916801453 0.0254348256 -0.1261887550 -0.0696707666 0.9303474426 -0.3599995077 0.1082428545 0.3657960296 0.9243791103
-167.5 -132.1 2454.7 -0.8315193057 -0.0059305993 0.5554642081 -0.0177160893 0.9997174740 -0.0158468299 -0.5552132726 -0.0230176002 -0.8313894272
-165.1 -523.6 2463.8 -0.8429785371 -0.0811035708 0.5317983031 0.0736447275 0.9618633986 0.2634297013 -0.5328824520 0.2612297237 -0.8048573732
-358.1 -253.8 2274.4 0 0 0 0 0 0 0 0 0
-147.6 465.9 2234.7 0 0 0 0 0 0 0 0 0
-439.5 -770.2 2304.0 0 0 0 0 0 0 0 0 0
-145.1 -761.2 2399.2 0 0 0 0 0 0 0 0 0
-236.6 500.6 2310.5 56 0.9754378796 0.1938169152 -0.1046705842 -0.1729706079 0.9681835175 0.1808364540 0.1363894939 -0.1582897902 0.9779275060
-289.4 236.7 2353.6 0.9754378796 0.1938169152 -0.1046705842 -0.1729706079 0.9681835175 0.1808364540 0.1363894939 -0.1582897902 0.9779275060
-274.7 46.1 2395.7 0.9918116331 -0.0754013285 -0.1030741408 0.0955356583 0.9736618400 0.2070158720 0.0847500861 -0.2151679993 0.9728927016
-430.7 223.1 2341.5 0.2112898082 -0.2757516503 -0.9377194047 0.9769622087 0.0890520811 0.1939449012 0.0300252363 -0.9570949674 0.2882147133
-483.7 -22.1 2334.0 -0.4483344257 -0.2757516503 -0.8502689600 0.8688447475 0.0890520811 -0.4870097637 0.2100119591 -0.9570949674 0.1996602565
-148.2 250.3 2365.7 0.5771375299 0.7838176489 0.2292207479 -0.0643430650 0.3234569728 -0.9440527558 -0.8141082525 0.5300995111 0.2371123880
-34.6 237.6 2205.4 -0.4457597435 0.7838176489 0.4323518872 0.8873885274 0.3234569728 0.3285074830 0.1176427230 0.5300995111 -0.8397349119
-342.3 -152.9 2433.8 0.9692291021 0.2322801054 -0.0814914554 -0.2385187894 0.9680314064 -0.0776144713 0.0608579889 0.0946634486 0.9936473966
-433.3 -532.0 2396.8 0.9888993502 0.0245836973 -0.1465390176 -0.0765191987 0.9296461344 -0.3604204059 0.1273689568 0.3676325679 0.9212076068
-163.3 -131.2 2446.1 -0.8226177096 0.0101369275 0.5685044527 -0.0225039329 0.9984772205 -0.0503665805 -0.5681493282 -0.0542260259 -0.8211369514
-167.3 -522.1 2467.3 -0.8359056115 -0.0899217874 0.5414571762 0.0743400753 0.9588503242 0.2740065753 -0.5438155532 0.2692956030 -0.7948235869
-363.6 -255.0 2277.7 0 0 0 0 0 0 0 0 0
-148.7 464.9 2235.6 0 0 0 0 0 0 0 0 0
-439.6 -771.0 2302.3 0 0 0 0 0 0 0 0 0
-144.7 -762.4 2399.8 0 0 0 0 0 0 0 0 0
-234.4 497.0 2309.4 57 0.9776132703 0.1892149895 -0.0920325741 -0.1682443172 0.9656298757 0.1981230825 0.1263572574 -0.1782037914 0.9758469462
-284.5 241.4 2356.5 0.9776132703 0.1892149895 -0.0920325741 -0.1682443172 0.9656298757 0.1981230825 0.1263572574 -0.1782037914 0.9758469462
-273.5 50.2 2397.3 0.9941984415 -0.0561535731 -0.0917402208 0.0738306269 0.9765179157 0.2023902535 0.0782210305 -0.2079893053 0.9749984145
-426.1 230.9 2345.4 0.2567306459 -0.2967812717 -0.9197881818 0.9662979245 0.0974432454 0.2382711172 0.0189127382 -0.9499608874 0.3117958009
-491.2 -14.4 2340.6 -0.4493732750 -0.2967812717 -0.8426058292 0.8635036349 0.0974432454 -0.4948396683 0.2289654016 -0.9499608874 0.2124833316
-142.8 251.9 2367.7 0.5643408895 0.7912009954 0.2356275320 -0.0666963384 0.3281857073 -0.9422556758 -0.8228431940 0.5160379410 0.2379788309
-31.2 238.7 2204.9 -0.4541007876 0.7912009954 0.4096260369 0.8804649115 0.3281857073 0.3421632051 0.1362864524 0.5160379410 -0.8456540704
-349.6 -153.2 2430.1 0.9742079377 0.2134122103 -0.0733087435 -0.2185585648 0.9732174277 -0.0712739378 0.0561346188 0.0854578912 0.9947592020
-433.1 -534.3 2396.7 0.9906741977 0.0243171174 -0.1340644658 -0.0716130733 0.9300063252 -0.3604993522 0.1159145012 0.3667381704 0.9230747223
-170.3 -135.9 2445.4 -0.8272153735 -0.0171922091 0.5616219044 -0.0441609472 0.9984291792 -0.0344812199 -0.5601469278 -0.0533251502 -0.8266751766
-163.6 -526.7 2466.3 -0.8448729515 -0.0779114217 0.5292631984 0.0829593316 0.9582887292 0.2734967172 -0.5284954309 0.2749772966 -0.8031687737
-370.8 -245.9 2279.2 0 0 0 0 0 0 0 0 0
-145.1 459.7 2239.1 0 0 0 0 0 0 0 0 0
-439.3 -772.3 2302.8 0 0 0 0 0 0 0 0 0
-144.5 -761.9 2398.8 0 0 0 0 0 0 0 0 0
-234.3 495.6 2315.3 58 0.9789661169 0.1859099269 -0.0840408355 -0.1681023091 0.9684233665 0.1841136068 0.1156156585 -0.1661135107 0.9793055058
-282.4 245.5 2358.2 0.9789661169 0.1859099269 -0.0840408355 -0.1681023091 0.9684233665 0.1841136068 0.1156156585 -0.1661135107 0.9793055058
-268.3 54.3 2398.3 0.9939424396 -0.0718359277 -0.0831748098 0.0871914625 0.9761382341 0.1988763809 0.0669036359 -0.2049238086 0.9764886498
-424.0 233.0 2348.7 0.3053032458 -0.3431127965 -0.8882924914 0.9522528648 0.1079451218 0.2855912149 -0.0021031525 -0.9330710173 0.3596861362
-498.9 -0.6 2349.2 -0.4666762352 -0.3431127965 -0.8151606917 0.8425031900 0.1079451218 -0.5277653337 0.2690756619 -0.9330710173 0.2386981845
-140.8 257.9 2367.8 0.5567581654 0.8015106320 0.2181766629 -0.1019036919 0.3265689313 -0.9396639466 -0.8244003654 0.5009325743 0.2634968162
-30.0 237.6 2203.8 -0.4521075487 0.8015106320 0.3913815320 0.8792258501 0.3265689313 0.3468640447 0.1502021551 0.5009325743 -0.8523530960
-352.3 -147.6 2430.9 0.9764486551 0.2079153359 -0.0576125234 -0.2112437338 0.9756286144 -0.0593708232 0.0438643210 0.0701428428 0.9965720773
-433.7 -529.7 2403.4 0.9921232462 0.0258535929 -0.1225683987 -0.0705082119 0.9240053892 -0.3758226037 0.1035374925 0.3815044463 0.9185501337
-172.7 -134.3 2445.0 -0.8328922391 -0.0167233609 0.5531825423 -0.0576344058 0.9967294931 -0.0566442013 -0.5504260659 -0.0790608600 -0.8311320543
-166.1 -524.4 2476.0 -0.8559175730 -0.0825870410 0.5104747415 0.0899153501 0.9483578801 0.3041917384 -0.5092350245 0.3062625825 -0.8042902946
-373.9 -226.2 2277.2 0 0 0 0 0 0 0 0 0
-142.5 456.5 2241.2 0 0 0 0 0 0 0 0 0
-440.5 -771.7 2303.5 0 0 0 0 0 0 0 0 0
-145.5 -761.3 2399.5 0 0 0 0 0 0 0 0 0
-233.7 495.8 2318.3 59 0.9766951799 0.2021566629 -0.0721054152 -0.1873143464 0.9668610096 0.1734735519 0.1047847494 -0.1559244096 0.9821953773
-286.3 244.2 2358.9 0.9766951799 0.2021566629 -0.0721054152 -0.1873143464 0.9668610096 0.1734735519 0.1047847494 -0.1559244096 0.9821953773
-270.1 53.6 2400.5 0.9941064119 -0.0827626139 -0.0700196698 0.0956594050 0.9735739231 0.2073718160 0.0510066934 -0.2128476948 0.9757531285
-428.0 230.6 2351.6 0.2841103673 -0.3527105451 -0.8915585279 0.9587453008 0.1136463508 0.2605608106 0.0094198268 -0.9288055897 0.3704476953
-496.2 0.3 2349.3 -0.4766580462 -0.3527105451 -0.8052281737 0.8323410749 0.1136463508 -0.5424876809 0.2828523517 -0.9288055897 0.2394050211
-144.7 257.9 2366.1 0.5632964969 0.8046869636 0.1875525862 -0.1046765968 0.2946623862 -0.9498509765 -0.8195974231 0.5154153705 0.2502141595
-33.0 237.1 2203.6 -0.4247657359 0.8046869636 0.4147926867 0.8922722340 0.2946623862 0.3420882225 0.1530501395 0.5154153705 -0.8431622982
-344.1 -144.7 2432.4 0.9725021124 0.2283769399 -0.0456464514 -0.2310702056 0.9706526399 -0.0666333884 0.0290893186 0.0753486529 0.9967328310
-433.5 -524.7 2402.9 0.9929059744 0.0263251103 -0.1159512028 -0.0679933503 0.9257125258 -0.3720661700 0.0975428000 0.3773106337 0.9209354520
-164.4 -128.9 2444.5 -0.8409934640 0.0036969848 0.5410326123 -0.0355646499 0.9974362254 -0.0620981902 -0.5398750901 -0.0714658126 -0.8387058973
-165.9 -519.4 2472.5 -0.8572818041 -0.0799916834 0.5085954070 0.0820861533 0.9539833069 0.2884054780 -0.5082615614 0.2889933884 -0.8112663031
-368.5 -222.7 2273.6 0 0 0 0 0 0 0 0 0
-140.2 462.3 2242.2 0 0 0 0 0 0 0 0 0
-440.5 -771.9 2302.2 0 0 0 0 0 0 0 0 0
-145.4 -763.4 2398.6 0 0 0 0 0 0 0 0 0
-234.2 495.3 2321.8 60 0.9745442271 0.2114354819 -0.0745556056 -0.1982255131 0.9679756761 0.1540444493 0.1047384739 -0.1353443116 0.9852470756
-289.3 243.2 2357.0 0.9745442271 0.2114354819 -0.0745556056 -0.1982255131 0.9679756761 0.1540444493 0.1047384739 -0.1353443116 0.9852470756
-271.8 52.6 2398.9 0.9934884906 -0.0889656022 -0.0711737648 0.1019948423 0.9728737473 0.2076383531 0.0507704169 -0.2135456800 0.9756129384
-430.8 228.6 2349.8 0.2508121729 -0.3412823081 -0.9058805704 0.9678716660 0.1056408137 0.2281764746 0.0178253707 -0.9340055585 0.3568134606
-491.4 -5.3 2345.5 -0.4805142581 -0.3412823081 -0.8078566790 0.8344046474 0.1056408137 -0.5409333706 0.2699536383 -0.9340055585 0.2340056151
-147.7 257.7 2364.3 0.5727207065 0.8019611835 0.1698505282 -0.1037956476 0.2764735818 -0.9553998113 -0.8131527901 0.5295475125 0.2415822297
-34.3 237.1 2203.3 -0.4126656950 0.8019611835 0.4319319725 0.8973457217 0.2764735818 0.3439956307 0.1564533859 0.5295475125 -0.8337276578
-343.8 -145.7 2437.6 0.9725200534 0.2273051739 -0.0503693596 -0.2310625464 0.9688494802 -0.0891110227 0.0285449307 0.0983007252 0.9947472811
-432.8 -525.0 2399.1 0.9932692647 0.0260247421 -0.1128668413 -0.0653610155 0.9304006100 -0.3606696725 0.0956250504 0.3656191826 0.9258393049
-164.1 -128.4 2446.8 -0.8408252597 0.0041645477 0.5412906408 -0.0232901648 0.9987660646 -0.0438625105 -0.5408053994 -0.0494874530 -0.8396907449
-165.7 -519.4 2466.2 -0.8528403044 -0.0806870237 0.5159001946 0.0712239668 0.9607804418 0.2680076063 -0.5172915459 0.2653121650 -0.8136454225
-362.7 -228.9 2273.2 0 0 0 0 0 0 0 0 0
-139.2 465.3 2243.1 0 0 0 0 0 0 0 0 0
-439.7 -772.3 2301.9 0 0 0 0 0 0 0 0 0
-145.3 -762.7 2399.0 0 0 0 0 0 0 0 0 0
-235.5 497.9 2330.5 61 0.9734076262 0.2114832997 -0.0880478323 -0.2010886222 0.9729408026 0.1137963682 0.1097313613 -0.0930648297 0.9895948768
-291.4 240.6 2355.1 0.9734076262 0.2114832997 -0.0880478323 -0.2010886222 0.9729408026 0.1137963682 0.1097313613 -0.0930648297 0.9895948768
-273.7 50.5 2398.7 0.9925348759 -0.0905286446 -0.0817258805 0.1062747613 0.9707287550 0.2153864354 0.0598350205 -0.2224639505 0.9731030464
-432.8 225.5 2346.6 0.2338825017 -0.3360272646 -0.9123511910 0.9721264243 0.0966566578 0.2136064470 0.0164072234 -0.9368794560 0.3492672741
-489.3 -9.2 2342.7 -0.4739217162 -0.3360272646 -0.8139311075 0.8422667384 0.0966566578 -0.5303246975 0.2568754256 -0.9368794560 0.2372168899
-150.0 255.8 2363.7 0.5872361064 0.7884334922 0.1831022650 -0.0823837072 0.2832610607 -0.9554978013 -0.8052121997 0.5460181832 0.2312951833
-32.3 239.3 2202.4 -0.4240770936 0.7884334922 0.4455684721 0.8932957053 0.2832610607 0.3489783704 0.1489340365 0.5460181832 -0.8244287968
-344.2 -147.1 2436.1 0.9720323682 0.2263169289 -0.0627194867 -0.2314659804 0.9683945775 -0.0929268450 0.0397062935 0.1048453301 0.9936955571
-432.8 -526.4 2395.0 0.9923880100 0.0289013721 -0.1197111085 -0.0686472878 0.9368627667 -0.3428932130 0.1022427976 0.3485009372 0.9317153692
-164.6 -128.7 2445.3 -0.8352748156 -0.0019927926 0.5498290658 -0.0315985046 0.9985147119 -0.0443839803 -0.5489239693 -0.0544465967 -0.8340971470
-163.8 -519.7 2466.6 -0.8493149877 -0.0690380558 0.5233524442 0.0822623521 0.9619901776 0.2603992522 -0.5214374065 0.2642131746 -0.8113534451
-362.2 -234.9 2273.8 0 0 0 0 0 0 0 0 0
-140.5 467.2 2240.4 0 0 0 0 0 0 0 0 0
-440.4 -770.8 2304.1 0 0 0 0 0 0 0 0 0
-146.5 -761.6 2400.1 0 0 0 0 0 0 0 0 0
-237.0 499.5 2333.9 62 0.9739747047 0.2027211934 -0.1013775021 -0.1929938346 0.9762859941 0.0980765224 0.1188556254 -0.0759588182 0.9900017977
-291.1 239.1 2354.2 0.9739747047 0.2027211934 -0.1013775021 -0.1929938346 0.9762859941 0.0980765224 0.1188556254 -0.0759588182 0.9900017977
-273.3 48.9 2397.6 0.9913343787 -0.0909780711 -0.0947580636 0.1094939634 0.9708057046 0.2134183198 0.0725752786 -0.2219443619 0.9723546505
-432.4 223.5 2343.8 0.2123619616 -0.2924986482 -0.9323877692 0.9766945839 0.0939458981 0.1929816455 0.0311471373 -0.9516400099 0.3056323826
-484.7 -17.1 2336.2 -0.4765670002 -0.2924986482 -0.8290527463 0.8484539986 0.0939458981 -0.5208646059 0.2302383035 -0.9516400099 0.2034001350
-149.8 254.7 2364.5 0.5747810006 0.7664388418 0.2867024541 0.0172392707 0.3389412463 -0.9406495690 -0.8181256652 0.5456100702 0.1816041470
-36.2 258.1 2202.7 -0.4494451284 0.7664388418 0.4588797092 0.8898462653 0.3389412463 0.3054381013 0.0785663798 0.5456100702 -0.8343482614
-345.7 -149.2 2436.9 0.9721956253 0.2214114666 -0.0762409195 -0.2284145206 0.9683730602 -0.1004013270 0.0515996478 0.1150242612 0.9920216203
-432.4 -528.5 2391.8 0.9913012385 0.0289575718 -0.1283874363 -0.0709090605 0.9393179417 -0.3356392980 0.1108773202 0.3418234885 0.9332003593
-166.2 -130.0 2447.7 -0.8281900287 -0.0141796665 0.5602680445 -0.0292942040 0.9994086027 -0.0180090331 -0.5596812963 -0.0313275084 -0.8281155825
-160.7 -521.3 2459.9 -0.8401434422 -0.0551628508 0.5395517349 0.0830368996 0.9700034261 0.2284694016 -0.5359700322 0.2367497683 -0.8103614450
-356.9 -244.5 2274.5 0 0 0 0 0 0 0 0 0
-150.7 484.8 2222.7 0 0 0 0 0 0 0 0 0
-439.8 -768.6 2304.4 0 0 0 0 0 0 0 0 0
-147.0 -761.3 2401.4 0 0 0 0 0 0 0 0 0
-237.2 500.2 2329.6 63 0.9718615413 0.2113138288 -0.1040748060 -0.1994399428 0.9732835293 0.1137667000 0.1253347695 -0.0898088142 0.9880412817
-294.0 238.5 2353.7 0.9718615413 0.2113138288 -0.1040748060 -0.1994399428 0.9732835293 0.1137667000 0.1253347695 -0.0898088142 0.9880412817
-275.1 48.4 2396.8 0.9904543161 -0.0965492949 -0.0983795524 0.1155164093 0.9708006382 0.2102429420 0.0752081200 -0.2196004689 0.9726866484
-435.1 222.1 2343.0 0.2126985639 -0.2965407670 -0.9310332537 0.9767559171 0.0904600322 0.1943319291 0.0265939590 -0.9507263303 0.3088886738
-487.2 -17.1 2336.5 -0.4748876095 -0.2965407670 -0.8285803199 0.8497370481 0.0904600322 -0.5193880200 0.2289731354 -0.9507263303 0.2090233266
-152.8 255.0 2364.5 0.5935196877 0.7603782415 0.2637410760 -0.0256321467 0.3453947306 -0.9381073713 -0.8044111729 0.5500249267 0.2244887054
-32.3 249.8 2201.0 -0.4570468366 0.7603782415 0.4614467919 0.8862485290 0.3453947306 0.3086519539 0.0753109306 0.5500249267 -0.8317456245
-345.1 -151.1 2434.5 0.9717186689 0.2239118665 -0.0750087947 -0.2302549630 0.9689067602 -0.0905670226 0.0523975007 0.1052768081 0.9930616021
-432.8 -530.6 2393.3 0.9908372164 0.0273431037 -0.1322649419 -0.0721105188 0.9351325035 -0.3468822539 0.1142004058 0.3532415330 0.9285357594
-165.9 -131.3 2447.7 -0.8267044425 -0.0155701442 0.5624209046 -0.0312522575 0.9993445277 -0.0182717983 -0.5617677569 -0.0326822996 -0.8266491890
-159.8 -522.7 2460.5 -0.8391706347 -0.0531645007 0.5412635207 0.0858831555 0.9697704315 0.2284062505 -0.5370444655 0.2381572425 -0.8092368841
-359.9 -244.9 2275.1 0 0 0 0 0 0 0 0 0
-149.0 476.2 2220.3 0 0 0 0 0 0 0 0 0
-439.7 -767.7 2303.8 0 0 0 0 0 0 0 0 0
-146.8 -758.6 2402.5 0 0 0 0 0 0 0 0 0
-236.4 503.5 2327.4 64 0.9716652632 0.2158215493 -0.0963727683 -0.2032843530 0.9710922241 0.1251212209 0.1205907017 -0.1019848660 0.9874497056
-295.3 238.2 2355.3 0.9716652632 0.2158215493 -0.0963727683 -0.2032843530 0.9710922241 0.1251212209 0.1205907017 -0.1019848660 0.9874497056
-274.0 48.4 2398.3 0.9898293018 -0.1087729558 -0.0916865841 0.1260014027 0.9695320129 0.2100744396 0.0660426617 -0.2194904685 0.9733767509
-436.4 220.3 2345.9 0.1890508085 -0.2335007042 -0.9538014531 0.9800348878 0.1057720035 0.1683563888 0.0615741536 -0.9665866494 0.2488351315
-483.2 -22.4 2330.6 -0.4685552418 -0.2335007042 -0.8520172834 0.8588001728 0.1057720035 -0.5012729168 0.2071671486 -0.9665866494 0.1509704292
-154.3 256.2 2364.7 0.5995789170 0.7674676776 0.2269327790 -0.0633727685 0.3281925619 -0.9424826503 -0.7978025675 0.5507113934 0.2454138994
-33.3 243.4 2203.7 -0.4386777282 0.7674676776 0.4674989283 0.8952695727 0.3281925619 0.3013004959 0.0778087154 0.5507113934 -0.8310612440
-345.7 -152.2 2433.0 0.9725270271 0.2240123004 -0.0633216724 -0.2288251221 0.9699065685 -0.0831880793 0.0427809544 0.0953922421 0.9945200682
-433.4 -532.1 2395.6 0.9918410182 0.0242259819 -0.1251579821 -0.0680392683 0.9308490753 -0.3590134680 0.1078057364 0.3645999432 0.9249026179
-166.6 -131.3 2446.6 -0.8315612674 -0.0113851465 0.5553163290 -0.0337076336 0.9989815354 -0.0299944524 -0.5544092655 -0.0436606258 -0.8310981393
-162.2 -522.5 2463.7 -0.8447284102 -0.0592922866 0.5319006443 0.0826696679 0.9674605727 0.2391355634 -0.5287718177 0.2459766567 -0.8123397231
-357.6 -252.6 2275.1 0 0 0 0 0 0 0 0 0
-145.4 472.3 2223.6 0 0 0 0 0 0 0 0 0
-439.6 -767.6 2303.4 0 0 0 0 0 0 0 0 0
-147.8 -757.4 2403.9 0 0 0 0 0 0 0 0 0
-235.6 499.2 2324.9 65 0.9704704285 0.2148177475 -0.1097289026 -0.1996529847 0.9706072211 0.1343887746 0.1353727579 -0.1085126400 0.9848346114
-293.9 235.7 2354.3 0.9704704285 0.2148177475 -0.1097289026 -0.1996529847 0.9706072211 0.1343887746 0.1353727579 -0.1085126400 0.9848346114
-272.2 45.6 2396.0 0.9881461263 -0.1108986884 -0.1061541438 0.1305651516 0.9708153009 0.2011726350 0.0807462782 -0.2126480043 0.9737868905
-434.7 217.1 2342.8 0.2063776553 -0.2395863682 -0.9486867785 0.9772241712 0.0994272828 0.1874757856 0.0494087003 -0.9657704830 0.2546491623
-484.9 -20.2 2330.8 -0.4636075497 -0.2395863682 -0.8530336618 0.8622876406 0.0994272828 -0.4965624213 0.2037844062 -0.9657704830 0.1604971290
-153.1 254.3 2365.8 0.5947130322 0.7714037299 0.2263906747 -0.0610716380 0.3241378665 -0.9440364838 -0.8016150594 0.5476047397 0.2398799062
-32.4 241.9 2203.1 -0.4385311902 0.7714037299 0.4611146748 0.8943614364 0.3241378665 0.3083055615 0.0883633196 0.5476047397 -0.8320582509
-342.2 -152.9 2435.3 0.9697507024 0.2320214659 -0.0758264214 -0.2383502573 0.9670832753 -0.0891015306 0.0526569933 0.1044795141 0.9931320548
-433.1 -531.7 2394.4 0.9900975823 0.0260795150 -0.1379371583 -0.0742780417 0.9311012626 -0.3571179807 0.1191199943 0.3638273478 0.9238182306
-163.3 -130.1 2447.2 -0.8237398267 0.0015686058 0.5669658184 -0.0252452455 0.9989029169 -0.0394422337 -0.5664056540 -0.0468033291 -0.8227964640
-163.9 -521.4 2465.5 -0.8370077610 -0.0677022487 0.5429865718 0.0857439563 0.9638299942 0.2523484528 -0.5404312611 0.2577754259 -0.8009281158
-360.6 -251.4 2276.2 0 0 0 0 0 0 0 0 0
-144.6 470.8 2225.7 0 0 0 0 0 0 0 0 0
-439.7 -767.9 2302.1 0 0 0 0 0 0 0 0 0
-147.3 -757.7 2402.3 0 0 0 0 0 0 0 0 0
-236.0 498.2 2331.6 66 0.9689295292 0.2219269574 -0.1091971025 -0.2106986046 0.9718370438 0.1055407822 0.1295441389 -0.0792539045 0.9884012938
-295.9 235.7 2353.0 0.9689295292 0.2219269574 -0.1091971025 -0.2106986046 0.9718370438 0.1055407822 0.1295441389 -0.0792539045 0.9884012938
-274.5 45.3 2393.7 0.9885331988 -0.1095506325 -0.1039268896 0.1284004450 0.9720190167 0.1967036277 0.0794699043 -0.2077923268 0.9749394059
-436.8 217.4 2341.7 0.1921588629 -0.2647423446 -0.9449796081 0.9806175828 0.0893447399 0.1743752062 0.0382644571 -0.9601713419 0.2767793536
-483.9 -22.9 2332.3 -0.4546436667 -0.2647423446 -0.8504179120 0.8665266037 0.0893447399 -0.4910693765 0.2059872150 -0.9601713419 0.1887862682
-155.0 254.0 2364.3 0.6024361849 0.7654272914 0.2262557447 -0.0710047781 0.3337395787 -0.9399873614 -0.7950024605 0.5502171516 0.2554058135
-33.1 239.6 2203.3 -0.4478651583 0.7654272914 0.4621015489 0.8902345896 0.3337395787 0.3100003898 0.0830611885 0.5502171516 -0.8308802247
-339.8 -156.3 2430.3 0.9687024355 0.2379422337 -0.0707042962 -0.2432706952 0.9666652679 -0.0798596889 0.0493453965 0.0945605561 0.9942954183
-433.0 -535.0 2393.3 0.9901350141 0.0280812457 -0.1372739822 -0.0762047842 0.9300690293 -0.3593945801 0.1175820306 0.3663100898 0.9230337739
-161.2 -132.7 2444.9 -0.8248857260 0.0011638555 0.5652983189 -0.0297402740 0.9985237122 -0.0454529300 -0.5645166636 -0.0543055981 -0.8236333132
-161.6 -523.8 2466.2 -0.8394786119 -0.0607777983 0.5399830341 0.0937172771 0.9626408815 0.2540465593 -0.5352501273 0.2638723850 -0.8024204969
-362.0 -255.2 2277.0 0 0 0 0 0 0 0 0 0
-147.7 467.5 2224.6 0 0 0 0 0 0 0 0 0
-440.0 -768.0 2301.5 0 0 0 0 0 0 0 0 0
-146.7 -759.3 2401.6 0 0 0 0 0 0 0 0 0
-234.2 496.7 2328.4 67 0.9656525254 0.2459957898 -0.0836736038 -0.2350583225 0.9642728567 0.1221699193 0.1107374653 -0.0983055159 0.9889758825
-299.5 240.8 2354.5 0.9656525254 0.2459957898 -0.0836736038 -0.2350583225 0.9642728567 0.1221699193 0.1107374653 -0.0983055159 0.9889758825
-275.3 51.2 2397.1 0.9892733097 -0.1234045699 -0.0781637877 0.1372942477 0.9682245255 0.2090253085 0.0498854145 -0.2175146043 0.9747814536
-440.4 221.3 2347.4 0.1893371493 -0.2426558882 -0.9514565468 0.9803265929 0.1017587259 0.1691300273 0.0557786115 -0.9647607207 0.2571487129
-487.4 -22.0 2333.6 -0.4604580700 -0.2426558882 -0.8538714647 0.8632411361 0.1017587259 -0.4944288731 0.2068649530 -0.9647607207 0.1626149118
-158.6 260.4 2361.6 0.6231776476 0.7566643357 0.1977591515 -0.1086860895 0.3341982067 -0.9362152219 -0.7744914293 0.5619347095 0.2905037403
-34.2 238.7 2207.0 -0.4391372800 0.7566643357 0.4843733013 0.8965382576 0.3341982067 0.2907417119 0.0581171960 0.5619347095 -0.8251374364
-342.3 -156.7 2427.2 0.9708607197 0.2363699675 -0.0394805782 -0.2383344173 0.9695627093 -0.0560785569 0.0250236113 0.0638540536 0.9976454973
-434.9 -536.3 2402.2 0.9928292632 0.0213644076 -0.1176163629 -0.0651909411 0.9214822650 -0.3829106390 0.1002007350 0.3878324032 0.9162673354
-163.6 -133.5 2441.6 -0.8401757479 -0.0040377891 0.5422991514 -0.0356290936 0.9982228279 -0.0477671549 -0.5411425829 -0.0594544336 -0.8388264775
-162.1 -524.5 2464.8 -0.8542267680 -0.0650276095 0.5158178210 0.0809958354 0.9633876085 0.2555856109 -0.5135526061 0.2601071596 -0.8176845312
-364.0 -253.5 2278.1 0 0 0 0 0 0 0 0 0
-146.6 468.2 2221.9 0 0 0 0 0 0 0 0 0
-440.3 -769.7 2304.0 0 0 0 0 0 0 0 0 0
-146.1 -760.9 2401.0 0 0 0 0 0 0 0 0 0
-233.3 494.4 2319.3 68 0.9647121429 0.2510171235 -0.0795041919 -0.2363887578 0.9586609602 0.1583966613 0.1159778386 -0.1340132803 0.9841694832
-299.6 241.2 2354.7 0.9647121429 0.2510171235 -0.0795041919 -0.2363887578 0.9586609602 0.1583966613 0.1159778386 -0.1340132803 0.9841694832
-275.1 51.4 2396.6 0.9892195463 -0.1249170452 -0.0764225498 0.1382205039 0.9688469172 0.2055012435 0.0483711399 -0.2138490081 0.9756684303
-440.5 221.5 2347.9 0.1859983653 -0.2418677807 -0.9523153901 0.9808664918 0.1024222672 0.1655616462 0.0574942715 -0.9648883939 0.2562903762
-486.4 -20.4 2333.7 -0.4508672953 -0.2418677807 -0.8591965437 0.8686772585 0.1024222672 -0.4846746922 0.2052280456 -0.9648883939 0.1639261842
-158.6 260.8 2361.6 0.6148650050 0.7699131370 0.1708062142 -0.1182480529 0.3041417599 -0.9452593327 -0.7797168493 0.5610094070 0.2780468762
-35.6 237.2 2205.6 -0.4168630242 0.7699131370 0.4831759036 0.9053277373 0.3041417599 0.2964446843 0.0812826678 0.5610094070 -0.8238092065
-340.5 -150.8 2435.1 0.9689592719 0.2440205514 -0.0396468751 -0.2462783456 0.9667601585 -0.0687148944 0.0215611719 0.0763460994 0.9968482256
-436.1 -529.3 2405.2 0.9929409623 0.0135249011 -0.1178359389 -0.0580568276 0.9217482805 -0.3834182620 0.1034293771 0.3875528872 0.9160268307
-161.7 -126.0 2444.1 -0.8412259817 0.0071978238 0.5406357646 -0.0314119682 0.9975718856 -0.0621581301 -0.5397704840 -0.0692714676 -0.8389572501
-164.6 -516.7 2471.3 -0.8555150628 -0.0715828985 0.5128058791 0.0816097409 0.9593759775 0.2700695693 -0.5113060474 0.2728985250 -0.8149187565
-365.5 -253.3 2278.7 0 0 0 0 0 0 0 0 0
-142.3 468.9 2226.4 0 0 0 0 0 0 0 0 0
-439.6 -772.8 2302.9 0 0 0 0 0 0 0 0 0
-146.3 -760.9 2401.8 0 0 0 0 0 0 0 0 0
-234.1 494.5 2315.8 69 0.9667813182 0.2432059199 -0.0786432996 -0.2269490063 0.9583036304 0.1736327410 0.1175926626 -0.1500168741 0.9816653728
-298.4 241.4 2355.4 0.9667813182 0.2432059199 -0.0786432996 -0.2269490063 0.9583036304 0.1736327410 0.1175926626 -0.1500168741 0.9816653728
-275.0 51.3 2396.4 0.9898624420 -0.1194159687 -0.0768909752 0.1326976269 0.9705748558 0.2009371668 0.0506333448 -0.2091033906 0.9765818119
-439.4 222.5 2348.2 0.2023607790 -0.2496451885 -0.9469569325 0.9780450463 0.1006712243 0.1824643314 0.0497799627 -0.9630901217 0.2645361423
-489.2 -18.1 2336.0 -0.4535322189 -0.2496451885 -0.8555616736 0.8665932417 0.1006712243 -0.4887549877 0.2081457675 -0.9630901217 0.1706831902
-157.3 260.3 2362.6 0.6118946671 0.7729012370 0.1679542065 -0.1133289039 0.2958318889 -0.9484935403 -0.7827780843 0.5613440871 0.2686100006
-36.9 238.0 2208.6 -0.4044653177 0.7729012370 0.4889084697 0.9113383293 0.2958318889 0.2862619758 0.0766175166 0.5613440871 -0.8240282536
-340.0 -150.8 2434.1 0.9702209234 0.2379230112 -0.0454313979 -0.2411468625 0.9664234519 -0.0887352899 0.0227938015 0.0970484689 0.9950186014
-433.2 -529.2 2396.1 0.9937807322 0.0235563796 -0.1088345051 -0.0604820065 0.9348198771 -0.3499338925 0.0934974849 0.3543401062 0.9304307103
-161.2 -125.9 2442.8 -0.8405458331 0.0049292343 0.5417180657 -0.0276536457 0.9982645512 -0.0519916862 -0.5410342216 -0.0586818755 -0.8389507532
-163.1 -516.9 2465.8 -0.8526204228 -0.0700193569 0.5178182125 0.0741133466 0.9647578001 0.2524868250 -0.5172480941 0.2536526620 -0.8173828721
-367.6 -250.5 2280.2 0 0 0 0 0 0 0 0 0
-140.4 471.3 2228.2 0 0 0 0 0 0 0 0 0
-439.3 -774.0 2303.3 0 0 0 0 0 0 0 0 0
-145.3 -762.6 2401.2 0 0 0 0 0 0 0 0 0
-233.4 495.1 2319.0 70 0.9664655328 0.2366716415 -0.0996538475 -0.2194999307 0.9627722502 0.1577638388 0.1332821846 -0.1305993050 0.9824355841
-296.2 239.7 2353.7 0.9664655328 0.2366716415 -0.0996538475 -0.2194999307 0.9627722502 0.1577638388 0.1332821846 -0.1305993050 0.9824355841
-276.0 49.8 2396.7 0.9900299311 -0.1030657068 -0.0960116312 0.1213939339 0.9700374603 0.2104539871 0.0714442804 -0.2200109810 0.9728776217
-437.2 222.4 2343.5 0.1989830434 -0.2544966042 -0.9463810921 0.9791142941 0.0927427784 0.1809254438 0.0417250991 -0.9626163840 0.2676354945
-486.3 -19.0 2333.2 -0.4534635842 -0.2544966042 -0.8541675806 0.8677346110 0.0927427784 -0.4882985055 0.2034881860 -0.9626163840 0.1787800342
-155.1 257.0 2363.9 0.6041241288 0.7779022455 0.1729222536 -0.0978148505 0.2877421677 -0.9526996613 -0.7908642888 0.5586345196 0.2499223948
-37.1 237.9 2209.3 -0.3986406326 0.7779022455 0.4857507050 0.9131833315 0.2877421677 0.2886185944 0.0847460851 0.5586345196 -0.8250730634
-341.0 -150.7 2432.7 0.9699473381 0.2331117988 -0.0697212070 -0.2385814637 0.9674418569 -0.0844698623 0.0477602966 0.0985655040 0.9939838052
-432.3 -529.6 2394.1 0.9911075234 0.0276967492 -0.1301487982 -0.0712016597 0.9366763830 -0.3428815007 0.1124105975 0.3490992486 0.9303190708
-162.1 -126.8 2441.9 -0.8287738562 0.0061702020 0.5595496297 -0.0313455127 0.9978572726 -0.0574306920 -0.5587050319 -0.0651364252 -0.8268046379
-164.5 -517.6 2467.4 -0.8427910209 -0.0737185627 0.5331686735 0.0795885026 0.9626185894 0.2589036822 -0.5323240757 0.2606358230 -0.8054191470
-364.7 -251.7 2278.6 0 0 0 0 0 0 0 0 0
-139.1 471.8 2231.0 0 0 0 0 0 0 0 0 0
-439.5 -770.4 2304.4 0 0 0 0 0 0 0 0 0
-145.9 -760.5 2401.6 0 0 0 0 0 0 0 0 0
-234.2 499.5 2314.7 71 0.9681978226 0.2279343307 -0.1031451970 -0.2088528126 0.9633419514 0.1683827341 0.1377443075 -0.1414856315 0.9803103209
-295.9 238.8 2353.0 0.9681978226 0.2279343307 -0.1031451970 -0.2088528126 0.9633419514 0.1683827341 0.1377443075 -0.1414856315 0.9803103209
-277.0 49.0 2397.4 0.9902938008 -0.0967246369 -0.0998125821 0.1165713072 0.9690821767 0.2174647599 0.0756923854 -0.2269892842 0.9709513783
-437.0 222.2 2342.2 0.1925367415 -0.2449129671 -0.9502353668 0.9802755117 0.0920207351 0.1749061197 0.0446045808 -0.9651682973 0.2577995658
-484.7 -20.6 2331.1 -0.4680896699 -0.2449129671 -0.8490639925 0.8605586290 0.0920207351 -0.5009701252 0.2008255720 -0.9651682973 0.1676880121
-154.8 255.4 2363.8 0.6097051501 0.7691394091 0.1915313303 -0.0875940621 0.3055430353 -0.9481406808 -0.7877733707 0.5613092184 0.2536632121
-36.3 238.4 2210.7 -0.4153091908 0.7691394091 0.4857395291 0.9065318108 0.3055430353 0.2912791371 0.0756199360 0.5613092184 -0.8241441250
-345.3 -151.2 2433.3 0.9716917872 0.2236504257 -0.0761282146 -0.2296018600 0.9698857069 -0.0812695175 0.0556597039 0.0964481086 0.9937805533
-432.9 -531.0 2395.5 0.9904574156 0.0261309594 -0.1353189796 -0.0721761882 0.9347964525 -0.3477732241 0.1174080521 0.3542213738 0.9277621508
-166.4 -129.2 2446.2 -0.8260882497 -0.0081868656 0.5634812713 -0.0324023031 0.9989303350 -0.0329896584 -0.5626084805 -0.0455104597 -0.8254698515
-163.2 -520.4 2464.1 -0.8396083117 -0.0694896430 0.5387291312 0.0789275840 0.9656508565 0.2475659549 -0.5374274850 0.2503790259 -0.8052838445
-359.2 -251.4 2277.3 0 0 0 0 0 0 0 0 0
-142.7 470.5 2230.0 0 0 0 0 0 0 0 0 0
-439.5 -769.0 2305.4 0 0 0 0 0 0 0 0 0
-145.9 -760.9 2401.7 0 0 0 0 0 0 0 0 0
-234.1 499.9 2313.0 72 0.9693853855 0.2257950455 -0.0964811966 -0.2068964094 0.9627161622 0.1742742211 0.1322342604 -0.1489772648 0.9799591303
-295.3 238.9 2353.4 0.9693853855 0.2257950455 -0.0964811966 -0.2068964094 0.9627161622 0.1742742211 0.1322342604 -0.1489772648 0.9799591303
-276.8 49.0 2397.7 0.9911152124 -0.0945654586 -0.0935306549 0.1130434051 0.9694435000 0.2177164704 0.0700842291 -0.2263551354 0.9715202451
-436.6 222.7 2343.4 0.1921615154 -0.2430577278 -0.9507874846 0.9801419973 0.0958544835 0.1735901982 0.0489448048 -0.9652641416 0.2566506267
-484.3 -20.8 2331.2 -0.4708014429 -0.2430577278 -0.8480972648 0.8583796024 0.0958544835 -0.5039805770 0.2037902921 -0.9652641416 0.1635073572
-154.1 255.0 2363.4 0.6134425402 0.7668242455 0.1888619959 -0.0845441595 0.3015359342 -0.9496991038 -0.7852009535 0.5666186213 0.2498054802
-35.9 238.7 2212.1 -0.4166325033 0.7668242455 0.4882601500 0.9053658843 0.3015359342 0.2989795208 0.0820367634 0.5666186213 -0.8198861480
-347.5 -151.3 2435.0 0.9736304879 0.2157997489 -0.0739872828 -0.2222967744 0.9703266025 -0.0951334685 0.0512620546 0.1090719774 0.9927111864
-432.1 -531.4 2392.3 0.9914525151 0.0287820082 -0.1272536218 -0.0711812750 0.9367391467 -0.3427141905 0.1093394458 0.3488429189 0.9307811260
-168.5 -130.2 2448.7 -0.8293380141 -0.0159537438 0.5585194230 -0.0330260210 0.9992442727 -0.0204971340 -0.5577703714 -0.0354447253 -0.8292381167
-162.3 -521.6 2462.6 -0.8422217965 -0.0638771355 0.5353336930 0.0784953833 0.9678466916 0.2389795333 -0.5333862901 0.2432949841 -0.8101275563
-358.1 -250.9 2276.6 0 0 0 0 0 0 0 0 0
-142.6 470.5 2233.1 0 0 0 0 0 0 0 0 0
-439.3 -768.5 2303.9 0 0 0 0 0 0 0 0 0
-146.6 -759.5 2402.7 0 0 0 0 0 0 0 0 0
-232.5 497.9 2311.1 73 0.9701154232 0.2102320492 -0.1211548597 -0.1862666607 0.9652273655 0.1834145039 0.1555015892 -0.1553661376 0.9755411744
-289.0 238.3 2352.9 0.9701154232 0.2102320492 -0.1211548597 -0.1862666607 0.9652273655 0.1834145039 0.1555015892 -0.1553661376 0.9755411744
-275.3 48.6 2399.1 0.9905286431 -0.0702093542 -0.1179984435 0.0957397968 0.9691727161 0.2270200998 0.0984219387 -0.2361670583 0.9667151570
-430.1 224.7 2338.9 0.2098142207 -0.2438360155 -0.9468484521 0.9770895243 0.0876433551 0.1939451545 0.0356941596 -0.9658481479 0.2566384375
-482.8 -20.7 2329.9 -0.4690066576 -0.2438360155 -0.8488679528 0.8610491157 0.0876433551 -0.5009122491 0.1965380758 -0.9658481479 0.1688494533
