86.3 499.5 2726.7 8 0.9425992966 -0.0505012162 0.3300851583 0.0275094900 0.9968816638 0.0739606395 -0.3327909410 -0.0606347769 0.9410492182
96.3 300.5 2738.8 0.9425992966 -0.0505012162 0.3300851583 0.0275094900 0.9968816638 0.0739606395 -0.3327909410 -0.0606347769 0.9410492182
107.1 102.4 2751.1 0.9424226880 -0.0543732308 0.3299742341 0.0308660585 0.9966247082 0.0760690570 -0.3329965770 -0.0615042038 0.9409200549
-36.3 296.1 2785.7 0.2013331950 -0.9762848020 -0.0795795918 0.9748720527 0.2076224238 -0.0807307512 0.0953387171 -0.0613261349 0.9935540557
-80.5 81.9 2764.7 -0.1128922254 -0.9762848020 -0.1847249568 -0.2465357780 0.2076224238 -0.9466324449 0.9625359774 -0.0613261349 -0.2641280890
228.9 304.8 2692.0 0.2069158405 0.7242878079 0.6577180028 -0.9762920737 0.1965313107 0.0907152444 -0.0635582432 -0.6608952880 0.7477818727
286.3 34.3 2674.4 -0.0148051204 0.7243813276 0.6892405152 -0.9718810320 0.1515862197 -0.1801911443 -0.2350064665 -0.6725275517 0.7017682195
30.1 -100.4 2792.9 0.8742659688 0.0466805659 0.4831976593 -0.0265311394 0.9984728694 -0.0484563783 -0.4847217202 0.0295439772 0.8741692901
11.5 -497.4 2781.2 0.8740164042 0.0208900329 0.4854471684 -0.0500181392 0.9976359606 0.0471236110 -0.4833151400 -0.0654679760 0.8729950786
204.6 -95.5 2736.4 0.8542395830 -0.0345623270 0.5187293887 0.1417741776 0.9754562378 -0.1684791297 -0.5001747608 0.2174639851 0.8381733894
218.3 -483.3 2649.9 0.8670504093 -0.0561528690 0.4950458705 0.0234839078 0.9971300960 0.0719730929 -0.4976666272 -0.0507786907 0.8658807278
-53.0 142.0 2530.3 0 0 0 0 0 0 0 0 0
282.1 -237.6 2608.6 0 0 0 0 0 0 0 0 0
5.8 -769.6 2799.1 0 0 0 0 0 0 0 0 0
233.2 -748.0 2663.4 0 0 0 0 0 0 0 0 0
85.9 498.4 2731.3 9 0.9438820481 -0.0533775166 0.3259409070 0.0327134654 0.9971106648 0.0685573295 -0.3286585808 -0.0540473759 0.9429010749
96.6 299.5 2742.0 0.9438820481 -0.0533775166 0.3259409070 0.0327134654 0.9971106648 0.0685573295 -0.3286585808 -0.0540473759 0.9429010749
107.4 101.3 2752.9 0.9438436031 -0.0543630905 0.3258893788 0.0334252641 0.9970210195 0.0695110783 -0.3286974132 -0.0547146462 0.9428490400
-36.2 294.7 2788.3 0.2376453727 -0.9661226869 -0.1006560102 0.9675570726 0.2445935309 -0.0633037835 0.0857790262 -0.0823465809 0.9929053187
-86.8 89.0 2770.0 -0.1375496984 -0.9661226869 -0.2183736116 -0.2180205733 0.2445935309 -0.9447968006 0.9662024379 -0.0823465809 -0.2442783862
229.4 304.2 2695.8 0.2104720771 0.7252870798 0.6554846764 -0.9744135737 0.2097325176 0.0808112845 -0.0788650736 -0.6557217240 0.7508723736
286.3 40.5 2674.4 0.0124630090 0.7264057398 0.6871531010 -0.9719898105 0.1700955331 -0.1621828526 -0.2346922308 -0.6658845544 0.7081788778
31.4 -98.6 2793.8 0.8763046265 0.0449428596 0.4796564281 -0.0240680985 0.9984799027 -0.0495845601 -0.4811557829 0.0319067612 0.8760542870
13.6 -495.6 2781.1 0.8758692145 0.0276223551 0.4817573726 -0.0556245968 0.9974845648 0.0439370573 -0.4793318808 -0.0652806759 0.8752024770
204.3 -92.9 2732.7 0.8568601012 -0.0406728834 0.5139421225 0.1325599104 0.9807479382 -0.1433925033 -0.4982154667 0.1909954399 0.8457553387
220.5 -482.7 2656.8 0.8668909669 -0.0489314497 0.4960904419 0.0271705706 0.9983294606 0.0509902723 -0.4977567494 -0.0307239480 0.8667723536
-52.8 142.8 2531.7 0 0 0 0 0 0 0 0 0
289.8 -231.3 2608.8 0 0 0 0 0 0 0 0 0
6.0 -770.6 2799.1 0 0 0 0 0 0 0 0 0
233.6 -749.4 2665.0 0 0 0 0 0 0 0 0 0
86.0 500.6 2734.0 0 0.9419024587 -0.0625213608 0.3300164938 0.0397474095 0.9963670969 0.0753175914 -0.3335265219 -0.0578245185 0.9409656525
98.4 301.5 2745.6 0.9419024587 -0.0625213608 0.3300164938 0.0397474095 0.9963670969 0.0753175914 -0.3335265219 -0.0578245185 0.9409656525
110.6 103.4 2756.7 0.9419444799 -0.0612034611 0.3301436007 0.0390706062 0.9965465069 0.0732704028 -0.3334878385 -0.0561177395 0.9410827160
-34.1 296.0 2792.5 0.2455618083 -0.9633791447 -0.1077032834 0.9629807472 0.2551764250 -0.0869087428 0.1112094074 -0.0823747218 0.9903771281
-86.9 88.9 2768.6 -0.1408793926 -0.9633791447 -0.2281525731 -0.2202847898 0.2551764250 -0.9414667487 0.9652085900 -0.0823747218 -0.2481668741
231.0 307.1 2698.6 0.2092818916 0.7192016244 0.6625331044 -0.9731243253 0.2197474539 0.0688487366 -0.0960738361 -0.6591358781 0.7458617687
288.2 41.2 2672.4 0.0109662944 0.7210077047 0.6928402781 -0.9740561843 0.1643313318 -0.1555948406 -0.2260404378 -0.6731590629 0.7041041255
31.6 -100.0 2793.9 0.8733966351 0.0521717742 0.4842070043 -0.0329155847 0.9982956648 -0.0481911525 -0.4858959615 0.0261520334 0.8736252785
10.8 -496.9 2783.5 0.8733133674 0.0150546860 0.4869261980 -0.0398249291 0.9983831644 0.0405591242 -0.4855283201 -0.0548126251 0.8725008965
204.8 -93.9 2733.6 0.8534311652 -0.0409308188 0.5195959210 0.1380257607 0.9790682197 -0.1495804936 -0.5025973916 0.1993742734 0.8412168026
221.0 -483.1 2654.4 0.8646965623 -0.0443062373 0.5003366470 0.0203855280 0.9983769059 0.0531782508 -0.5018807054 -0.0357834287 0.8641963601
-52.4 142.8 2532.2 0 0 0 0 0 0 0 0 0
291.2 -231.3 2609.2 0 0 0 0 0 0 0 0 0
6.7 -770.3 2798.5 0 0 0 0 0 0 0 0 0
233.1 -754.5 2664.1 0 0 0 0 0 0 0 0 0
86.5 501.0 2734.9 1 0.9449186325 -0.0627216697 0.3212394118 0.0417336412 0.9965444207 0.0718156993 -0.3246337473 -0.0544534996 0.9442710280
99.0 302.1 2745.8 0.9449186325 -0.0627216697 0.3212394118 0.0417336412 0.9965444207 0.0718156993 -0.3246337473 -0.0544534996 0.9442710280
111.7 104.0 2756.4 0.9448465705 -0.0635319054 0.3212921023 0.0428708866 0.9965557456 0.0709842443 -0.3246952295 -0.0532951429 0.9443159699
-33.9 296.1 2791.5 0.2258856446 -0.9691398740 -0.0987095088 0.9656243324 0.2361349463 -0.1086735949 0.1286286712 -0.0707684979 0.9891645312
-84.4 80.5 2762.7 -0.1332543641 -0.9691398740 -0.2073913515 -0.2603050768 0.2361349463 -0.9362059236 0.9562868476 -0.0707684979 -0.2837380469
232.0 308.2 2700.1 0.2183297127 0.7229225039 0.6555266380 -0.9704591036 0.2315117270 0.0679072589 -0.1026704088 -0.6509879827 0.7521126866
291.8 42.6 2672.0 -0.0017468409 0.7244491577 0.6893260479 -0.9699155688 0.1665794253 -0.1775250137 -0.2434353679 -0.6688981652 0.7023634911
36.3 -98.3 2798.5 0.8774111271 0.0670664683 0.4750282764 -0.0372648165 0.9967162013 -0.0718897730 -0.4782897532 0.0453750454 0.8770290613
9.7 -494.4 2780.4 0.8773261905 0.0134833306 0.4797051251 -0.0460863672 0.9973523021 0.0562536158 -0.4776765108 -0.0714606345 0.8756246567
209.2 -91.1 2737.3 0.8580008149 -0.0282297116 0.5128719807 0.1316642165 0.9772153497 -0.1664772034 -0.4964867830 0.2103644758 0.8421684504
220.4 -479.5 2653.7 0.8679870963 -0.0481088422 0.4942508638 0.0260112211 0.9983344674 0.0514947250 -0.4959050417 -0.0318406895 0.8677927852
-52.3 143.1 2532.5 0 0 0 0 0 0 0 0 0
291.3 -228.7 2603.9 0 0 0 0 0 0 0 0 0
6.0 -767.3 2800.0 0 0 0 0 0 0 0 0 0
233.5 -751.2 2662.3 0 0 0 0 0 0 0 0 0
85.3 498.4 2725.3 2 0.9413492680 -0.0669525489 0.3307247758 0.0365258865 0.9945768118 0.0973795578 -0.3354510069 -0.0795881599 0.9386897087
98.7 299.7 2741.2 0.9413492680 -0.0669525489 0.3307247758 0.0365258865 0.9945768118 0.0973795578 -0.3354510069 -0.0795881599 0.9386897087
112.1 102.0 2756.2 0.9412224889 -0.0674585924 0.3309827745 0.0384028032 0.9948726296 0.0935611278 -0.3355971873 -0.0753511712 0.9389870763
-33.8 294.3 2788.5 0.2180728912 -0.9727560878 -0.0786752626 0.9705067873 0.2246434987 -0.0874749199 0.1027656496 -0.0572789647 0.9930550456
-83.3 74.1 2765.1 -0.1235233173 -0.9727560878 -0.1961825043 -0.2931514680 0.2246434987 -0.9292994738 0.9480528235 -0.0572789647 -0.3129135668
231.1 305.1 2694.0 0.2309199274 0.7127198577 0.6623491645 -0.9690344930 0.2296559662 0.0907210261 -0.0874537602 -0.6627884507 0.7436822653
293.9 41.6 2670.2 -0.0165934805 0.7137852311 0.7001680136 -0.9729415774 0.1498745829 -0.1758474261 -0.2304546982 -0.6841405034 0.6919844151
37.6 -98.0 2796.7 0.8728356957 0.0617753342 0.4840884507 -0.0392220654 0.9976268411 -0.0565894693 -0.4864354432 0.0304063596 0.8731872439
13.1 -494.6 2784.7 0.8725430369 0.0271772351 0.4877807796 -0.0530460514 0.9978186488 0.0392943099 -0.4856488407 -0.0601608194 0.8720813394
211.0 -90.2 2737.2 0.8521115780 -0.0216767918 0.5229110718 0.1291220486 0.9769633412 -0.1699121892 -0.5071818233 0.2123034894 0.8352807164
219.6 -478.6 2652.8 0.8623843789 -0.0475138538 0.5040194392 0.0207685437 0.9980682731 0.0585525073 -0.5058279037 -0.0400270186 0.8617053032
-53.2 145.4 2534.7 0 0 0 0 0 0 0 0 0
289.3 -230.6 2605.8 0 0 0 0 0 0 0 0 0
5.6 -767.7 2801.1 0 0 0 0 0 0 0 0 0
232.7 -753.7 2663.8 0 0 0 0 0 0 0 0 0
85.0 498.3 2730.6 3 0.9432436824 -0.0665578842 0.3253635168 0.0390734561 0.9951481223 0.0902964324 -0.3297948241 -0.0724584609 0.9412678480
98.4 299.0 2745.1 0.9432436824 -0.0665578842 0.3253635168 0.0390734561 0.9951481223 0.0902964324 -0.3297948241 -0.0724584609 0.9412678480
112.0 101.2 2759.6 0.9431439042 -0.0683511198 0.3252809346 0.0405450799 0.9949779510 0.0915147737 -0.3299024999 -0.0731230602 0.9411787391
-34.4 293.3 2791.5 0.2103814036 -0.9744395018 -0.0787865743 0.9687631726 0.2186205387 -0.1170595735 0.1312918365 -0.0516983718 0.9899948239
-82.3 72.4 2761.6 -0.1195281371 -0.9744395018 -0.1902122200 -0.3096975982 0.2186205387 -0.9253607392 0.9432923198 -0.0516983718 -0.3279128969
231.1 304.7 2698.7 0.2313812673 0.7137169242 0.6611133814 -0.9669947624 0.2432506084 0.0758302733 -0.1066948771 -0.6568388939 0.7464441657
295.4 36.0 2669.0 -0.0212698281 0.7161987424 0.6975722313 -0.9783096910 0.1288919151 -0.1621634364 -0.2060526758 -0.6858908534 0.6979226470
39.2 -99.3 2802.0 0.8755789399 0.0721214786 0.4776610434 -0.0394643806 0.9961665273 -0.0780696347 -0.4814604223 0.0495055281 0.8750686049
10.5 -495.2 2782.3 0.8755333424 0.0131205413 0.4829795659 -0.0434674397 0.9977166057 0.0516928919 -0.4811984897 -0.0662527308 0.8741044402
211.9 -92.3 2740.4 0.8549288511 -0.0158006139 0.5185045600 0.1316625029 0.9734147787 -0.1874265522 -0.5017585158 0.2285039723 0.8342807293
218.2 -479.2 2649.6 0.8666328788 -0.0509292968 0.4963402450 0.0164588820 0.9971535206 0.0735796019 -0.4986747801 -0.0555972978 0.8650043011
-53.7 146.6 2535.8 0 0 0 0 0 0 0 0 0
289.4 -237.6 2611.4 0 0 0 0 0 0 0 0 0
6.9 -768.7 2800.4 0 0 0 0 0 0 0 0 0
232.3 -756.3 2665.0 0 0 0 0 0 0 0 0 0
84.6 493.8 2732.7 4 0.9392636418 -0.0678390041 0.3364248574 0.0403376929 0.9952963591 0.0880796686 -0.3408176601 -0.0691594258 0.9375821352
98.2 295.2 2746.5 0.9392636418 -0.0678390041 0.3364248574 0.0403376929 0.9952963591 0.0880796686 -0.3408176601 -0.0691594258 0.9375821352
111.8 97.4 2760.1 0.9392063022 -0.0685705096 0.3364366889 0.0411748067 0.9952773452 0.0879067034 -0.3408756554 -0.0687098131 0.9375941157
-34.0 289.4 2794.4 0.2309655994 -0.9690820575 -0.0868033022 0.9649134278 0.2395931780 -0.1074111536 0.1248877048 -0.0589493923 0.9904181361
-83.9 81.1 2767.5 -0.1260384321 -0.9690820575 -0.2121184468 -0.2752966285 0.2395931780 -0.9310246110 0.9530614018 -0.0589493923 -0.2969829738
230.3 301.0 2698.5 0.2313387096 0.7088539004 0.6663396955 -0.9683867693 0.2334823459 0.0878238007 -0.0933243111 -0.6655915976 0.7404582500
293.8 35.2 2672.9 -0.0204943456 0.7101723552 0.7037295103 -0.9753829241 0.1403760314 -0.1700667888 -0.2195634842 -0.6898911595 0.6898130774
39.0 -100.3 2804.4 0.8702239394 0.0700874031 0.4876454175 -0.0324119031 0.9958291650 -0.0852862820 -0.4915890098 0.0584126487 0.8688660264
11.2 -496.2 2781.2 0.8700751662 0.0164427850 0.4926447570 -0.0473893359 0.9976041913 0.0503991805 -0.4906357825 -0.0671971813 0.8687698841
212.1 -92.9 2743.9 0.8488295674 -0.0220134202 0.5282080173 0.1440121084 0.9709759951 -0.1909611970 -0.5086736083 0.2381618768 0.8273633122
220.9 -478.9 2649.2 0.8628793359 -0.0400189646 0.5038231611 0.0047288993 0.9974558949 0.0711294860 -0.5053879023 -0.0589936338 0.8608732820
-53.5 147.4 2537.7 0 0 0 0 0 0 0 0 0
288.1 -237.6 2611.5 0 0 0 0 0 0 0 0 0
6.7 -767.4 2799.5 0 0 0 0 0 0 0 0 0
232.0 -757.8 2665.7 0 0 0 0 0 0 0 0 0
87.7 500.6 2735.7 5 0.9434840083 -0.0609545633 0.3257643580 0.0387276448 0.9964843392 0.0742909759 -0.3291474581 -0.0574762635 0.9425276518
99.9 301.7 2747.2 0.9434840083 -0.0609545633 0.3257643580 0.0387276448 0.9964843392 0.0742909759 -0.3291474581 -0.0574762635 0.9425276518
112.5 103.7 2758.7 0.9433557391 -0.0633439049 0.3256801367 0.0407848321 0.9963006377 0.0756416246 -0.3292667568 -0.0580741465 0.9424493909
-32.9 296.0 2793.5 0.2000243962 -0.9773680568 -0.0688616931 0.9712129831 0.2070625722 -0.1177730039 0.1293662488 -0.0433218963 0.9906500578
-79.2 71.2 2763.6 -0.1101326048 -0.9773680568 -0.1806170046 -0.3231958449 0.2070625722 -0.9234010577 0.9399017096 -0.0433218963 -0.3386856318
232.6 307.4 2700.9 0.2103354782 0.7204031944 0.6608920097 -0.9720885158 0.2259859890 0.0630415753 -0.1039369702 -0.6557053924 0.7478285432
291.6 34.9 2671.7 -0.0197081454 0.7214439511 0.6921923161 -0.9743700027 0.1413117945 -0.1750258803 -0.2240862995 -0.6779008508 0.7001683712
39.3 -104.3 2805.1 0.8760855198 0.0695108324 0.4771189094 -0.0273547582 0.9951252341 -0.0947497040 -0.4813791811 0.0699573681 0.8737162352
11.6 -499.9 2777.2 0.8758754134 0.0209390316 0.4820827842 -0.0607235953 0.9958987236 0.0670697019 -0.4787012637 -0.0880184993 0.8735547066
211.6 -96.7 2742.5 0.8554978371 -0.0208336748 0.5173870325 0.1428338587 0.9699187279 -0.1971195191 -0.4977166653 0.2425357252 0.8327391744
219.9 -482.3 2646.1 0.8706371784 -0.0406619869 0.4902422726 -0.0018981434 0.9962927699 0.0860061273 -0.4919220209 -0.0758106858 0.8673323989
-53.0 148.0 2540.2 0 0 0 0 0 0 0 0 0
286.1 -237.7 2609.0 0 0 0 0 0 0 0 0 0
5.9 -770.8 2801.2 0 0 0 0 0 0 0 0 0
231.0 -755.8 2666.9 0 0 0 0 0 0 0 0 0
84.7 504.7 2736.8 6 0.9444879889 -0.0697015375 0.3210671246 0.0474607795 0.9959321022 0.0765941590 -0.3250997961 -0.0571041703 0.9439540505
98.6 305.8 2748.2 0.9444879889 -0.0697015375 0.3210671246 0.0474607795 0.9959321022 0.0765941590 -0.3250997961 -0.0571041703 0.9439540505
112.5 107.8 2759.1 0.9444223046 -0.0699943751 0.3211966753 0.0483977720 0.9960274100 0.0747466534 -0.3251525462 -0.0550472066 0.9440580606
-34.3 299.0 2793.9 0.1619130820 -0.9858918786 -0.0424422398 0.9814107418 0.1653699428 -0.0973950177 0.1030396298 -0.0258837435 0.9943404198
-72.5 67.5 2769.6 -0.0812383369 -0.9858918786 -0.1463472694 -0.3375367522 0.1653699428 -0.9266723990 0.9378002286 -0.0258837435 -0.3462091088
231.5 312.6 2702.4 0.2090463787 0.7257024050 0.6554812193 -0.9740116000 0.2142739892 0.0734032616 -0.0871836469 -0.6537910104 0.7516357899
289.9 40.5 2678.1 -0.0090143299 0.7261672020 0.6874590516 -0.9680976272 0.1658237278 -0.1878548265 -0.2504110336 -0.6672208905 0.7015059590
38.5 -98.1 2800.5 0.8774941564 0.0741367340 0.4738225043 -0.0309139472 0.9946686625 -0.0983800367 -0.4785899818 0.0716801807 0.8751077652
9.1 -493.6 2772.0 0.8775888681 0.0108958445 0.4792901576 -0.0623954199 0.9938341975 0.0916540027 -0.4753362834 -0.1103400439 0.8728576303
211.6 -90.7 2740.1 0.8566281199 -0.0170915015 0.5156511664 0.1478026211 0.9656912088 -0.2135295570 -0.4943102598 0.2591300309 0.8297644258
218.4 -474.6 2637.0 0.8754566312 -0.0446075238 0.4812337160 -0.0134570338 0.9930953979 0.1165350080 -0.4831093252 -0.1084973216 0.8688116670
-52.7 149.9 2540.8 0 0 0 0 0 0 0 0 0
287.4 -230.2 2608.0 0 0 0 0 0 0 0 0 0
6.0 -771.2 2802.8 0 0 0 0 0 0 0 0 0
231.0 -753.9 2667.6 0 0 0 0 0 0 0 0 0
90.3 506.3 2746.3 7 0.9512683749 -0.0583086461 0.3028011322 0.0467244349 0.9978770614 0.0453676693 -0.3048036397 -0.0290086176 0.9519733191
101.9 307.8 2752.0 0.9512683749 -0.0583086461 0.3028011322 0.0467244349 0.9978770614 0.0453676693 -0.3048036397 -0.0290086176 0.9519733191
113.7 109.5 2757.9 0.9512198567 -0.0594003163 0.3027415276 0.0475479737 0.9977917075 0.0463780575 -0.3048278689 -0.0297209825 0.9519436359
-32.0 301.1 2794.9 0.1711032838 -0.9843182564 -0.0429102369 0.9774031639 0.1750657856 -0.1184696332 0.1241239309 -0.0216700602 0.9920300841
-73.1 66.2 2765.1 -0.0823149756 -0.9843182564 -0.1560187936 -0.3471864462 0.1750657856 -0.9213107824 0.9341765642 -0.0216700602 -0.3561525047
235.7 314.4 2709.1 0.1923208982 0.7427263856 0.6413815022 -0.9757019877 0.2146344930 0.0440193266 -0.1049682796 -0.6342630386 0.7659582496
288.6 46.0 2680.3 0.0073702144 0.7436029911 0.6685807705 -0.9666525722 0.1764541566 -0.1855982244 -0.2559852600 -0.6449174285 0.7201062441
39.8 -94.7 2799.9 0.8859074712 0.0782481357 0.4572146237 -0.0362564698 0.9943346381 -0.0999201611 -0.4624429047 0.0719430223 0.8837255239
8.7 -490.0 2771.3 0.8859766126 0.0064259768 0.4636853635 -0.0578313582 0.9936291575 0.0967298001 -0.4601097107 -0.1125158966 0.8807038069
213.1 -85.8 2740.2 0.8679829836 -0.0115852021 0.4964587688 0.1389761418 0.9654468894 -0.2204493880 -0.4767506421 0.2603422403 0.8396015167
217.7 -469.6 2636.7 0.8851849437 -0.0477575697 0.4627816677 -0.0101409359 0.9925004244 0.1218198985 -0.4651288092 -0.1125261709 0.8780621290
-53.2 150.0 2539.8 0 0 0 0 0 0 0 0 0
290.7 -224.4 2608.7 0 0 0 0 0 0 0 0 0
6.9 -766.2 2802.5 0 0 0 0 0 0 0 0 0
231.5 -756.5 2669.2 0 0 0 0 0 0 0 0 0
91.1 502.1 2741.5 8 0.9567404389 -0.0625111088 0.2841479778 0.0460923426 0.9968776703 0.0641127750 -0.2872685194 -0.0482422411 0.9566344619
103.6 303.1 2751.2 0.9567404389 -0.0625111088 0.2841479778 0.0460923426 0.9968776703 0.0641127750 -0.2872685194 -0.0482422411 0.9566344619
115.9 104.9 2759.4 0.9566779137 -0.0615904965 0.2845592797 0.0470972471 0.9972337484 0.0575037636 -0.2873137891 -0.0416106209 0.9569322467
-31.0 296.4 2791.6 0.1852009147 -0.9822922349 -0.0283307098 0.9817255735 0.1862242222 -0.0391850695 0.0437670536 -0.0205558706 0.9988302588
-71.0 84.5 2782.1 -0.0702305585 -0.9822922349 -0.1736942083 -0.2642755806 0.1862242222 -0.9462975264 0.9618867636 -0.0205558706 -0.2726744711
238.2 309.7 2710.7 0.1909119040 0.7529889941 0.6297302842 -0.9758371115 0.2150439769 0.0387041494 -0.1062759086 -0.6219032407 0.7758490443
290.0 45.1 2681.9 0.0049728393 0.7535108328 0.6574167013 -0.9611007571 0.1851536930 -0.2049474865 -0.2761532962 -0.6308245063 0.7251205444
38.3 -93.1 2791.8 0.8940470219 0.0765486881 0.4413844645 -0.0457595959 0.9957438111 -0.0800020248 -0.4456298947 0.0513279960 0.8937445879
7.9 -489.0 2771.4 0.8940472603 0.0017502982 0.4479692578 -0.0497802757 0.9941871762 0.0954659060 -0.4451982081 -0.1076510623 0.8889374733
212.9 -84.5 2735.8 0.8765324950 -0.0146179497 0.4811206460 0.1319073290 0.9685693979 -0.2108879834 -0.4629159868 0.2483135164 0.8509107828
218.7 -469.5 2637.1 0.8921418786 -0.0416849069 0.4498279691 -0.0129948650 0.9929537177 0.1177882478 -0.4515683353 -0.1109292805 0.8853139281
-53.5 150.2 2542.9 0 0 0 0 0 0 0 0 0
291.4 -223.7 2604.7 0 0 0 0 0 0 0 0 0
7.4 -760.6 2800.8 0 0 0 0 0 0 0 0 0
230.8 -758.0 2669.3 0 0 0 0 0 0 0 0 0
92.7 503.6 2748.7 9 0.9545096159 -0.0576319844 0.2925576568 0.0495281592 0.9981579185 0.0350382812 -0.2940380871 -0.0189545341 0.9556057453
104.2 304.6 2752.4 0.9545096159 -0.0576319844 0.2925576568 0.0495281592 0.9981579185 0.0350382812 -0.2940380871 -0.0189545341 0.9556057453
116.6 106.3 2756.4 0.9542500973 -0.0624279194 0.2924200594 0.0538422614 0.9978516102 0.0373258144 -0.2941220105 -0.0198736060 0.9555612206
-30.1 297.0 2793.8 0.1914852709 -0.9811428189 -0.0263081919 0.9813557267 0.1918415129 -0.0117357057 0.0165614076 -0.0235704798 0.9995849729
-69.5 95.0 2790.4 -0.0638652891 -0.9811428189 -0.1824279428 -0.2066735476 0.1918415129 -0.9594179988 0.9763233662 -0.0235704798 -0.2150282860
238.5 312.2 2711.1 0.1873494089 0.7500352859 0.6343084574 -0.9756963849 0.2168036103 0.0318232924 -0.1136517748 -0.6248545647 0.7724247575
290.9 39.3 2679.3 0.0085387491 0.7505745888 0.6607305408 -0.9605701566 0.1897914708 -0.2031850666 -0.2779065669 -0.6329430938 0.7226001024
40.4 -97.7 2794.0 0.8898320794 0.0767545179 0.4497861862 -0.0425327122 0.9954110384 -0.0857192278 -0.4543015063 0.0571450926 0.8890132904
9.8 -493.4 2771.3 0.8897687197 0.0107730366 0.4562845528 -0.0566043109 0.9946078658 0.0868970826 -0.4528880715 -0.1031459793 0.8855807781
215.9 -89.0 2741.3 0.8727554679 -0.0083977571 0.4880853891 0.1297318190 0.9678871632 -0.2153231204 -0.4706033766 0.2512446344 0.8458182812
219.2 -473.8 2641.4 0.8857160807 -0.0460089855 0.4619418085 0.0036433253 0.9957348704 0.0921886638 -0.4642131031 -0.0799699724 0.8821060061
-53.3 147.3 2543.4 0 0 0 0 0 0 0 0 0
293.3 -229.4 2601.5 0 0 0 0 0 0 0 0 0
6.9 -762.0 2799.2 0 0 0 0 0 0 0 0 0
232.1 -752.2 2663.8 0 0 0 0 0 0 0 0 0
92.0 501.6 2742.2 0 0.9476840496 -0.0660166666 0.3123087585 0.0504931472 0.9970653057 0.0575436279 -0.3151910603 -0.0387637243 0.9482362270
105.3 301.5 2750.0 0.9476840496 -0.0660166666 0.3123087585 0.0504931472 0.9970653057 0.0575436279 -0.3151910603 -0.0387637243 0.9482362270
118.5 103.3 2756.9 0.9475966692 -0.0661337823 0.3125489950 0.0518117175 0.9972002506 0.0539180003 -0.3152397573 -0.0348988138 0.9483701587
-28.0 294.3 2794.3 0.1844867170 -0.9827724695 -0.0110895522 0.9827756286 0.1843398064 0.0130721591 -0.0108027123 -0.0133101819 0.9998530746
-64.9 97.9 2796.5 -0.0480901413 -0.9827724695 -0.1784535348 -0.1855172068 0.1843398064 -0.9651954174 0.9814635515 -0.0133101819 -0.1911861300
238.6 308.8 2705.6 0.1985366940 0.7344278693 0.6489983201 -0.9749225974 0.2159182578 0.0539007746 -0.1005443558 -0.6434243917 0.7588780522
292.8 42.5 2678.2 0.0071952683 0.7349963784 0.6780328751 -0.9635685682 0.1863875389 -0.1918211281 -0.2673647106 -0.6519508958 0.7095605135
41.5 -97.0 2787.3 0.8799638748 0.0761034712 0.4689049423 -0.0492538922 0.9963805079 -0.0692813620 -0.4724802971 0.0378697030 0.8805272579
11.2 -493.1 2772.2 0.8798357248 0.0157761164 0.4750160277 -0.0616311654 0.9947974086 0.0811157152 -0.4712650180 -0.1006442904 0.8762305975
216.6 -87.1 2733.3 0.8620888591 -0.0149062863 0.5065378547 0.1271522641 0.9739533663 -0.1877421886 -0.4905456901 0.2262578756 0.8415297270
222.5 -474.2 2643.4 0.8746639490 -0.0306101125 0.4837623537 -0.0103611117 0.9965955019 0.0817930400 -0.4846190512 -0.0765537396 0.8713690042
-52.6 145.3 2545.9 0 0 0 0 0 0 0 0 0
294.8 -227.1 2603.4 0 0 0 0 0 0 0 0 0
6.9 -763.8 2799.6 0 0 0 0 0 0 0 0 0
231.2 -758.4 2665.2 0 0 0 0 0 0 0 0 0
96.8 501.8 2739.5 1 0.9502318501 -0.0656933710 0.3045387566 0.0495259315 0.9969375134 0.0605212562 -0.3075819612 -0.0424266607 0.9505752325
110.0 302.0 2748.0 0.9502318501 -0.0656933710 0.3045387566 0.0495259315 0.9969375134 0.0605212562 -0.3075819612 -0.0424266607 0.9505752325
123.0 103.8 2756.1 0.9501966834 -0.0657012090 0.3046466410 0.0500589460 0.9970089197 0.0588841140 -0.3076041937 -0.0407011993 0.9506434798
-23.7 295.0 2791.3 0.2040896863 -0.9789512157 0.0013761467 0.9781962037 0.2039871067 0.0390059613 -0.0384656489 -0.0066145724 0.9992380142
-64.5 99.7 2799.0 -0.0424587615 -0.9789512157 -0.1996290237 -0.1718488187 0.2039871067 -0.9637724161 0.9842079282 -0.0066145724 -0.1768926531
243.7 309.0 2704.7 0.1846731603 0.7405802011 0.6460934877 -0.9772000313 0.2084444761 0.0403854325 -0.1047659740 -0.6388207078 0.7621890903
294.5 40.2 2675.9 0.0024785432 0.7409043908 0.6716059446 -0.9628728628 0.1830652654 -0.1984010637 -0.2699439526 -0.6461793780 0.7138504386
44.7 -99.6 2792.8 0.8841870427 0.0775067061 0.4606581926 -0.0476031564 0.9959554076 -0.0762021169 -0.4647012055 0.0454481393 0.8843004704
13.9 -495.5 2774.7 0.8839155436 0.0255150069 0.4669499397 -0.0616241917 0.9961581826 0.0622199439 -0.4635684788 -0.0837725922 0.8820920587
218.5 -90.1 2734.9 0.8661800027 -0.0096983267 0.4996379614 0.1231920421 0.9731000662 -0.1946790516 -0.4843097031 0.2301785201 0.8440746069
222.4 -476.9 2643.4 0.8775969744 -0.0353940055 0.4780908227 -0.0021918418 0.9969641566 0.0778306276 -0.4793941677 -0.0693518221 0.8748551607
-53.4 144.3 2543.5 0 0 0 0 0 0 0 0 0
295.2 -229.2 2600.4 0 0 0 0 0 0 0 0 0
7.0 -765.0 2797.3 0 0 0 0 0 0 0 0 0
232.3 -755.3 2662.8 0 0 0 0 0 0 0 0 0
97.5 500.0 2737.6 2 0.9543605447 -0.0762156770 0.2887681723 0.0589346848 0.9959372282 0.0680860728 -0.2927842140 -0.0479601994 0.9549750090
112.8 300.4 2747.2 0.9543605447 -0.0762156770 0.2887681723 0.0589346848 0.9959372282 0.0680860728 -0.2927842140 -0.0479601994 0.9549750090
127.7 102.4 2756.6 0.9544206858 -0.0750160441 0.2888835967 0.0581427999 0.9960865378 0.0665658414 -0.2927465737 -0.0467353128 0.9550472498
-21.5 292.3 2788.4 0.2012256086 -0.9794157147 0.0159104746 0.9783459306 0.2017562091 0.0461921915 -0.0484513938 0.0062708952 0.9988058805
-62.5 92.9 2798.3 -0.0358137004 -0.9794157147 -0.1986511201 -0.2042617351 0.2017562091 -0.9578995705 0.9782609940 0.0062708952 -0.2072827965
247.1 308.6 2706.1 0.1989684850 0.7456837296 0.6358988285 -0.9731757641 0.2268137187 0.0385281593 -0.1155007482 -0.6265072227 0.7708101273
302.1 39.6 2674.1 -0.0189753212 0.7459341288 0.6657493711 -0.9620032907 0.1677791178 -0.2154061347 -0.2723776400 -0.6445404887 0.7144074440
48.9 -99.0 2792.4 0.8912409544 0.0792826116 0.4465466142 -0.0499083512 0.9957668781 -0.0771848410 -0.4507757425 0.0465038866 0.8914250731
17.4 -494.9 2773.9 0.8903941512 0.0427080095 0.4531823695 -0.0778075606 0.9952161312 0.0590837151 -0.4484910667 -0.0878688097 0.8894576430
223.3 -89.8 2736.0 0.8727643490 -0.0087582422 0.4880632460 0.1132460162 0.9761934280 -0.1849910766 -0.4748239219 0.2167248279 0.8529786468
226.8 -477.8 2649.8 0.8814077377 -0.0175357424 0.4720306396 -0.0080077862 0.9986123443 0.0520507172 -0.4722883701 -0.0496578254 0.8800442219
-53.2 146.2 2543.1 0 0 0 0 0 0 0 0 0
296.8 -229.5 2597.9 0 0 0 0 0 0 0 0 0
5.7 -768.4 2798.1 0 0 0 0 0 0 0 0 0
231.7 -758.0 2663.7 0 0 0 0 0 0 0 0 0
98.6 500.0 2736.2 3 0.9457994699 -0.0734669641 0.3163321316 0.0546370409 0.9961879849 0.0680020154 -0.3201221824 -0.0470328182 0.9462080598
113.3 300.3 2745.6 0.9457994699 -0.0734669641 0.3163321316 0.0546370409 0.9961879849 0.0680020154 -0.3201221824 -0.0470328182 0.9462080598
127.4 102.2 2754.9 0.9459447861 -0.0711197704 0.3164339364 0.0526340753 0.9963905811 0.0665988550 -0.3200283051 -0.0463436358 0.9462738037
-19.8 292.9 2790.7 0.1939224601 -0.9808244705 0.0194289330 0.9809730053 0.1940629929 0.0056113848 -0.0092742201 0.0179710854 0.9997954965
-60.5 86.8 2792.6 -0.0292093009 -0.9808244705 -0.1926920265 -0.2375414819 0.1940629929 -0.9517949224 0.9709381461 0.0179710854 -0.2386549264
246.4 307.7 2700.6 0.2162495404 0.7246270776 0.6543330550 -0.9690613151 0.2409738898 0.0534022488 -0.1189804673 -0.6456370354 0.7543185353
305.9 40.9 2667.9 -0.0153302010 0.7262525558 0.6872570515 -0.9710306525 0.1531100124 -0.1834577471 -0.2384625822 -0.6701601148 0.7028663158
55.1 -100.9 2792.7 0.8781043887 0.0853247195 0.4707997739 -0.0507071167 0.9950249195 -0.0857563838 -0.4757746458 0.0514301546 0.8780623078
21.1 -496.5 2772.3 0.8762264252 0.0614248291 0.4779689312 -0.0956139714 0.9942843318 0.0475046448 -0.4723190367 -0.0873253271 0.8770912290
230.2 -90.2 2739.0 0.8594071269 0.0101132886 0.5111917853 0.1087737679 0.9733006358 -0.2021241784 -0.4995874465 0.2293112278 0.8353614211
226.1 -477.1 2647.9 0.8686607480 -0.0183461122 0.4950676560 -0.0172072668 0.9975937605 0.0671610162 -0.4951085448 -0.0668588951 0.8662548065
-53.0 147.9 2542.5 0 0 0 0 0 0 0 0 0
301.6 -230.6 2601.2 0 0 0 0 0 0 0 0 0
4.3 -769.3 2796.2 0 0 0 0 0 0 0 0 0
231.4 -763.0 2667.0 0 0 0 0 0 0 0 0 0
99.9 502.9 2736.5 4 0.9416818023 -0.0709821880 0.3289330304 0.0527538508 0.9965529442 0.0640257075 -0.3323438764 -0.0429393537 0.9421803355
114.1 302.8 2745.1 0.9416818023 -0.0709821880 0.3289330304 0.0527538508 0.9965529442 0.0640257075 -0.3323438764 -0.0429393537 0.9421803355
127.7 104.7 2753.4 0.9418201447 -0.0683899820 0.3290860057 0.0507747531 0.9967938662 0.0618380234 -0.3322600126 -0.0415310375 0.9422730207
-18.4 295.7 2791.9 0.1786674410 -0.9834669232 0.0295077823 0.9838458896 0.1782345325 -0.0167232789 0.0111874854 0.0320190154 0.9994246364
-58.4 75.6 2789.4 -0.0193859376 -0.9834669232 -0.1800470799 -0.2794228494 0.1782345325 -0.9434804320 0.9599724412 0.0320190154 -0.2782583833
246.6 310.0 2698.4 0.2302577347 0.7156577110 0.6594053507 -0.9666256309 0.2464166433 0.0700980872 -0.1123222262 -0.6535387635 0.7485123873
310.0 43.9 2667.5 -0.0249384660 0.7166599035 0.6969767809 -0.9696824551 0.1521939635 -0.1911881566 -0.2430925518 -0.6806141138 0.6911370754
54.8 -100.7 2793.5 0.8725444674 0.0856130943 0.4809745550 -0.0408779345 0.9938669205 -0.1027501449 -0.4868214428 0.0699928254 0.8706927299
20.8 -495.8 2765.6 0.8701943755 0.0640510172 0.4885276556 -0.1109648645 0.9915185571 0.0676588640 -0.4800506234 -0.1130857691 0.8699212670
228.3 -91.0 2734.8 0.8530159593 0.0092955055 0.5218020082 0.1004361808 0.9782273769 -0.1816144437 -0.5121292472 0.2073278129 0.8335099220
224.6 -479.8 2652.3 0.8599601388 -0.0262281951 0.5096868277 0.0004713756 0.9987189770 0.0505981930 -0.5103610158 -0.0432721749 0.8588708639
-53.3 147.9 2540.9 0 0 0 0 0 0 0 0 0
303.0 -227.3 2599.5 0 0 0 0 0 0 0 0 0
2.9 -772.7 2797.2 0 0 0 0 0 0 0 0 0
231.9 -758.3 2664.4 0 0 0 0 0 0 0 0 0
101.3 504.6 2735.6 5 0.9399463534 -0.0708511248 0.3338876963 0.0535831228 0.9967192411 0.0606593825 -0.3370901048 -0.0391258188 0.9406590462
115.5 303.7 2743.5 0.9399463534 -0.0708511248 0.3338876963 0.0535831228 0.9967192411 0.0606593825 -0.3370901048 -0.0391258188 0.9406590462
129.2 105.5 2750.9 0.9400306940 -0.0687963739 0.3340798616 0.0523787662 0.9969463944 0.0579162613 -0.3370441496 -0.0369443744 0.9407637119
-16.7 296.3 2791.0 0.1932314187 -0.9809224010 0.0212798771 0.9806208014 0.1923667490 -0.0371191055 0.0323174186 0.0280400682 0.9990842342
-60.8 72.9 2783.6 -0.0302021150 -0.9809224010 -0.1920391768 -0.2932913303 0.1923667490 -0.9364695549 0.9555459023 0.0280400682 -0.2935059369
247.8 311.0 2696.1 0.2352883518 0.7125927210 0.6609470844 -0.9658420682 0.2473958433 0.0770998299 -0.1085747853 -0.6565111876 0.7464613914
311.9 47.9 2666.5 -0.0225750692 0.7144443393 0.6993280053 -0.9743002653 0.1410904825 -0.1755916923 -0.2241190225 -0.6853194833 0.6928981543
54.9 -98.2 2792.1 0.8702155352 0.0823746547 0.4857359231 -0.0355112329 0.9938460588 -0.1049238741 -0.4913897812 0.0740573034 0.8677854538
22.1 -493.3 2762.7 0.8680395484 0.0622014292 0.4925832748 -0.1172071770 0.9897524714 0.0815627500 -0.4824621975 -0.1285339892 0.8664348125
227.7 -88.8 2731.2 0.8502584100 0.0034503711 0.5263542533 0.1022513807 0.9798464179 -0.1715972275 -0.5163384080 0.1997224391 0.8327698708
226.3 -478.3 2651.8 0.8577093482 -0.0211897753 0.5136979818 -0.0069029140 0.9985856414 0.0527167693 -0.5140885115 -0.0487616807 0.8563500047
-53.0 148.1 2538.5 0 0 0 0 0 0 0 0 0
305.6 -224.6 2603.8 0 0 0 0 0 0 0 0 0
4.8 -769.2 2798.5 0 0 0 0 0 0 0 0 0
232.3 -760.1 2665.5 0 0 0 0 0 0 0 0 0
103.4 506.0 2735.7 6 0.9401649833 -0.0628739819 0.3348680735 0.0495897122 0.9976116419 0.0480825156 -0.3370914161 -0.0285994895 0.9410374165
116.1 304.8 2741.5 0.9401649833 -0.0628739819 0.3348680735 0.0495897122 0.9976116419 0.0480825156 -0.3370914161 -0.0285994895 0.9410374165
128.2 106.4 2747.4 0.9403003454 -0.0610154197 0.3348318636 0.0474099107 0.9976893067 0.0486658476 -0.3370275199 -0.0298861638 0.9410203099
-16.2 298.1 2788.9 0.2065912932 -0.9783741832 0.0102000479 0.9778548479 0.2061026245 -0.0363541283 0.0334656835 0.0174846128 0.9992868900
-65.0 67.2 2781.0 -0.0543374121 -0.9783741832 -0.1995781809 -0.3376598656 0.2061026245 -0.9184266329 0.9396985173 0.0174846128 -0.3415567577
248.4 311.4 2694.0 0.2352579385 0.7123783231 0.6611889601 -0.9646225572 0.2544151843 0.0691107213 -0.1189835221 -0.6540566087 0.7470293641
312.8 47.4 2661.5 -0.0379951671 0.7135550380 0.6995681524 -0.9747340083 0.1277422160 -0.1832363009 -0.2201135755 -0.6888549924 0.6906727552
56.6 -97.5 2789.1 0.8694965243 0.0840580910 0.4867340028 -0.0417274795 0.9943909049 -0.0971879959 -0.4921733141 0.0641944483 0.8681269884
23.2 -492.9 2763.6 0.8673191667 0.0615020618 0.4939382672 -0.1130805537 0.9907358885 0.0752009600 -0.4847373366 -0.1210780442 0.8662388921
229.1 -87.9 2727.3 0.8508965373 0.0092026331 0.5252526999 0.1026084572 0.9776775241 -0.1833525002 -0.5152150989 0.2099093795 0.8309581876
225.5 -476.6 2643.9 0.8592540026 -0.0252199713 0.5109271407 -0.0102341520 0.9977365732 0.0664607882 -0.5114468336 -0.0623356067 0.8570510149
-50.9 154.9 2536.9 0 0 0 0 0 0 0 0 0
302.3 -223.9 2600.2 0 0 0 0 0 0 0 0 0
6.3 -765.9 2797.0 0 0 0 0 0 0 0 0 0
232.5 -755.2 2661.3 0 0 0 0 0 0 0 0 0
101.3 505.4 2736.7 7 0.9483593106 -0.0678990334 0.3098455966 0.0574228168 0.9974312782 0.0428186134 -0.3119570315 -0.0228152256 0.9498222470
115.0 305.1 2741.3 0.9483593106 -0.0678990334 0.3098455966 0.0574228168 0.9974312782 0.0428186134 -0.3119570315 -0.0228152256 0.9498222470
128.1 106.8 2746.3 0.9485151768 -0.0661242828 0.3097524047 0.0551032051 0.9975016117 0.0442058071 -0.3119015992 -0.0248615313 0.9497891068
-18.5 297.3 2785.2 0.1623685658 -0.9865046144 0.0210981686 0.9853273630 0.1609609276 -0.0567584410 0.0525964834 0.0300043896 0.9981650114
-57.2 62.5 2772.7 -0.0340932086 -0.9865046144 -0.1601447463 -0.3811698258 0.1609609276 -0.9103851914 0.9238761663 0.0300043896 -0.3815134466
248.4 312.8 2697.4 0.2351428568 0.7269473672 0.6451785564 -0.9625731111 0.2662034035 0.0508794487 -0.1347620487 -0.6329954863 0.7623358369
312.7 49.6 2660.6 -0.0291615669 0.7299510837 0.6828770041 -0.9741111398 0.1324652582 -0.1831951588 -0.2241809815 -0.6705403328 0.7071905732
54.1 -96.2 2784.3 0.8815164566 0.0769918188 0.4658336937 -0.0439723469 0.9957144260 -0.0813584700 -0.4701012969 0.0512350276 0.8811241388
23.5 -492.1 2763.9 0.8793339729 0.0620972253 0.4721394479 -0.1099699810 0.9911422729 0.0744550303 -0.4633339345 -0.1173920035 0.8783739209
226.6 -87.5 2722.4 0.8634696007 0.0038111203 0.5043865442 0.0900740847 0.9827328920 -0.1616251320 -0.4962932169 0.1849905401 0.8482167125
225.1 -478.1 2648.9 0.8687997460 -0.0281454865 0.4943630397 0.0072184047 0.9989970922 0.0441900156 -0.4951109588 -0.0348237641 0.8681315780
-48.5 158.8 2539.3 0 0 0 0 0 0 0 0 0
304.6 -220.9 2598.4 0 0 0 0 0 0 0 0 0
6.2 -768.3 2796.6 0 0 0 0 0 0 0 0 0
232.9 -753.7 2658.5 0 0 0 0 0 0 0 0 0
101.6 504.2 2735.8 8 0.9458960891 -0.0663449168 0.3176145256 0.0543808788 0.9974417090 0.0463975333 -0.3198802173 -0.0266150869 0.9470840693
114.9 304.1 2741.1 0.9458960891 -0.0663449168 0.3176145256 0.0543808788 0.9974417090 0.0463975333 -0.3198802173 -0.0266150869 0.9470840693
127.9 105.8 2746.5 0.9459616542 -0.0654535741 0.3176040947 0.0533879846 0.9974880219 0.0465553403 -0.3198534846 -0.0270833243 0.9470798373
-18.2 296.6 2786.1 0.2064979374 -0.9783691764 -0.0123453811 0.9764666557 0.2068659365 -0.0609861799 0.0622208379 0.0005386672 0.9980622530
-66.8 66.9 2771.5 -0.0788061619 -0.9783691764 -0.1912678480 -0.3751175702 0.2068659365 -0.9036001563 0.9236213565 0.0005386672 -0.3833057582
248.0 311.6 2696.1 0.2337638885 0.7207707167 0.6525672674 -0.9620518684 0.2686243653 0.0479282811 -0.1407501698 -0.6390075088 0.7562134862
313.0 44.2 2657.0 -0.0297838487 0.7228679657 0.6903439760 -0.9698464870 0.1462363452 -0.1949685067 -0.2418898642 -0.6753345728 0.6967154741
54.3 -96.6 2779.8 0.8773885369 0.0791588351 0.4732052386 -0.0484277233 0.9958697557 -0.0767995715 -0.4773301482 0.0444668084 0.8775982261
22.8 -492.5 2762.2 0.8752735853 0.0613516159 0.4797208607 -0.1094232723 0.9913207293 0.0728677288 -0.4710867107 -0.1162718311 0.8743901849
228.3 -86.5 2722.6 0.8594406247 0.0051004556 0.5112101436 0.0896491557 0.9829521775 -0.1605242789 -0.5033138394 0.1837906390 0.8443318009
226.3 -477.2 2649.6 0.8647507429 -0.0246273633 0.5015970469 0.0038582308 0.9990931749 0.0424018092 -0.5021864772 -0.0347317196 0.8640615940
-46.9 161.8 2537.9 0 0 0 0 0 0 0 0 0
304.7 -225.0 2589.8 0 0 0 0 0 0 0 0 0
5.7 -768.8 2794.6 0 0 0 0 0 0 0 0 0
233.2 -759.0 2659.4 0 0 0 0 0 0 0 0 0
102.4 505.4 2735.8 9 0.9422287345 -0.0659741163 0.3284088671 0.0533240661 0.9974521995 0.0473877601 -0.3306985199 -0.0271380134 0.9433462024
115.6 305.4 2741.2 0.9422287345 -0.0659741163 0.3284088671 0.0533240661 0.9974521995 0.0473877601 -0.3306985199 -0.0271380134 0.9433462024
128.6 107.1 2746.5 0.9422544241 -0.0653312579 0.3284637630 0.0529342890 0.9975122809 0.0465535820 -0.3306880295 -0.0264783241 0.9433686137
-17.0 298.0 2787.7 0.2057716697 -0.9785800576 0.0062508667 0.9769924879 0.2050634772 -0.0586060993 0.0560689382 0.0181665253 0.9982616305
-65.1 69.4 2774.6 -0.0613594763 -0.9785800576 -0.1965097189 -0.3747657835 0.2050634772 -0.9041568637 0.9250867963 0.0181665253 -0.3793208897
248.2 312.9 2694.7 0.2302821279 0.7152411342 0.6598486304 -0.9638550878 0.2610088885 0.0534581579 -0.1339908987 -0.6483089328 0.7494944930
313.5 39.6 2656.7 -0.0317342058 0.7159127593 0.6974681616 -0.9650920033 0.1595635861 -0.2076941133 -0.2599813938 -0.6797119975 0.6858580709
54.2 -97.4 2781.2 0.8722050190 0.0781537592 0.4828564823 -0.0442328192 0.9957106709 -0.0812631696 -0.4871363640 0.0495200418 0.8719208241
23.1 -493.3 2761.5 0.8701504469 0.0598860607 0.4891338050 -0.1096330211 0.9912380576 0.0736728534 -0.4804360569 -0.1177316830 0.8690917492
227.7 -87.6 2722.5 0.8536862731 0.0077030975 0.5207306147 0.0937499702 0.9812830687 -0.1682097912 -0.5122798681 0.1924168766 0.8369857073
224.7 -477.7 2646.0 0.8602528572 -0.0299804434 0.5089854598 0.0004558483 0.9983145595 0.0580326393 -0.5098674297 -0.0496907234 0.8588166237
-49.3 165.8 2536.7 0 0 0 0 0 0 0 0 0
304.7 -228.5 2584.5 0 0 0 0 0 0 0 0 0
6.6 -765.7 2793.9 0 0 0 0 0 0 0 0 0
233.1 -758.0 2660.0 0 0 0 0 0 0 0 0 0
104.9 506.6 2737.3 0 0.9413548112 -0.0621242635 0.3316498697 0.0506449230 0.9977840185 0.0431531928 -0.3335958123 -0.0238260832 0.9424150586
117.4 306.5 2742.1 0.9413548112 -0.0621242635 0.3316498697 0.0506449230 0.9977840185 0.0431531928 -0.3335958123 -0.0238260832 0.9424150586
129.5 108.1 2747.2 0.9414527416 -0.0610813051 0.3315657079 0.0490593202 0.9978033304 0.0445163622 -0.3335565031 -0.0256436616 0.9423812628
-15.1 299.6 2789.0 0.2128011882 -0.9770877957 0.0038794787 0.9739083052 0.2117849439 -0.0815461650 0.0788561478 0.0211313777 0.9966620207
-66.3 65.4 2770.0 -0.0676870123 -0.9770877957 -0.2017866820 -0.4033314884 0.2117849439 -0.8902083039 0.9125471115 0.0211313777 -0.4084253609
249.9 313.4 2695.1 0.2218770385 0.7168746591 0.6609548330 -0.9672526717 0.2475025505 0.0562562607 -0.1232593209 -0.6517922878 0.7483140826
313.5 36.1 2659.8 -0.0335782506 0.7163357139 0.6969473958 -0.9569708109 0.1780670732 -0.2291266322 -0.2882349789 -0.6746519804 0.6795331836
55.2 -96.1 2782.1 0.8706836104 0.0850391462 0.4844361544 -0.0455318876 0.9946461916 -0.0927676409 -0.4897314310 0.0587139726 0.8698941469
21.4 -491.5 2758.7 0.8688670993 0.0562479533 0.4918394983 -0.1119983718 0.9900986552 0.0846224800 -0.4822098017 -0.1286109090 0.8665638566
228.1 -86.3 2721.4 0.8525845408 0.0081864381 0.5225251913 0.0979927480 0.9796370268 -0.1752390862 -0.5133196115 0.2006098181 0.8344211578
224.8 -475.8 2641.7 0.8606837988 -0.0278393850 0.5083781481 -0.0102610970 0.9973527193 0.0719882399 -0.5090364218 -0.0671756268 0.8581196666
-49.0 168.2 2537.4 0 0 0 0 0 0 0 0 0
304.1 -230.4 2579.5 0 0 0 0 0 0 0 0 0
5.9 -763.8 2794.1 0 0 0 0 0 0 0 0 0
232.7 -758.3 2660.7 0 0 0 0 0 0 0 0 0
102.8 506.3 2737.5 1 0.9375749230 -0.0673235953 0.3412048817 0.0561211593 0.9975143671 0.0426091701 -0.3432253599 -0.0208004788 0.9390227199
116.2 306.7 2741.7 0.9375749230 -0.0673235953 0.3412048817 0.0561211593 0.9975143671 0.0426091701 -0.3432253599 -0.0208004788 0.9390227199
129.3 108.3 2746.1 0.9377085567 -0.0657297745 0.3411484063 0.0541173927 0.9975885153 0.0434559360 -0.3431820869 -0.0222869404 0.9390044212
-15.7 299.0 2790.0 0.1935588419 -0.9808353782 0.0222922470 0.9782934189 0.1912435442 -0.0797992051 0.0740066394 0.0372541994 0.9965616465
-62.0 65.4 2772.3 -0.0442828834 -0.9808353782 -0.1897392869 -0.4050132036 0.1912435442 -0.8940862417 0.9132378101 0.0372541994 -0.4057201147
248.2 314.3 2693.4 0.2265935689 0.7098199725 0.6669414639 -0.9664760232 0.2487508655 0.0636171326 -0.1207455546 -0.6589981914 0.7423893213
313.4 36.2 2658.7 -0.0341751352 0.7092317343 0.7041465640 -0.9575377107 0.1785794944 -0.2263424098 -0.2862753570 -0.6819821596 0.6730131507
55.3 -94.8 2782.9 0.8658505082 0.0795771182 0.4939335883 -0.0389471427 0.9949943423 -0.0920293406 -0.4987845719 0.0604463480 0.8646156192
23.7 -490.4 2758.8 0.8632440567 0.0672443286 0.5002877712 -0.1206492111 0.9898478985 0.0751328766 -0.4901565313 -0.1252173483 0.8625932932
