-167.8 439.3 2398.8 1 0.9416895509 -0.0917458460 -0.3237337172 0.1960997730 0.9314699769 0.3064450920 0.2734331489 -0.3520602584 0.8951468468
-144.7 204.9 2487.4 0.9416895509 -0.0917458460 -0.3237337172 0.1960997730 0.9314699769 0.3064450920 0.2734331489 -0.3520602584 0.8951468468
-152.8 11.6 2502.3 0.9471492171 0.0419318601 -0.3180409968 -0.0151716014 0.9961661100 0.0861565843 0.3204343617 -0.0767779499 0.9441540837
-274.1 207.0 2443.6 0.4362359047 -0.8439505100 -0.3121629655 0.2846359313 0.4585202336 -0.8418679237 0.8536279202 0.2784002125 0.4402416348
-361.7 149.9 2272.2 -0.5121106505 -0.8439505100 -0.1596565098 -0.8431664705 0.4585202336 0.2807658911 -0.1637467891 0.2784002125 -0.9464038610
-15.3 202.9 2531.1 0.2056571841 0.6975170374 0.6864219904 -0.9706071019 0.2349796891 0.0520233735 -0.1250080317 -0.6769450307 0.7253402472
39.1 -54.0 2498.1 -0.1996979415 0.6752929091 0.7100001574 -0.9300621152 0.0974197313 -0.3542511165 -0.3083912730 -0.7310874462 0.6086098552
-243.9 -179.7 2489.7 0.9910232425 0.0056796782 -0.1335689723 -0.0006869421 0.9993003011 0.0373958759 0.1336878985 -0.0369684286 0.9903337359
-246.1 -567.6 2504.0 0.9905114770 -0.0321364254 -0.1336199492 0.0273668859 0.9989263415 -0.0373799391 0.1346777380 0.0333684944 0.9903274179
-73.5 -181.2 2545.1 0.8289594054 0.0826382563 -0.5531702042 -0.1005844176 0.9949263334 -0.0020995745 0.5501900911 0.0573807657 0.8330656290
-105.6 -567.4 2522.9 0.8250348568 -0.0894812047 -0.5579521060 0.0536851250 0.9953286648 -0.0802418441 0.5625258684 0.0362485908 0.8259846568
-232.1 363.2 2313.6 0 0 0 0 0 0 0 0 0
-15.7 -309.4 2413.4 0 0 0 0 0 0 0 0 0
-237.1 -846.0 2494.7 0 0 0 0 0 0 0 0 0
-81.0 -840.4 2512.9 0 0 0 0 0 0 0 0 0
-166.1 441.8 2394.9 2 0.9420957565 -0.0876774788 -0.3236792088 0.1959642768 0.9272007942 0.3192126155 0.2721278667 -0.3641584218 0.8906936049
-143.8 206.0 2487.5 0.9420957565 -0.0876774788 -0.3236792088 0.1959642768 0.9272007942 0.3192126155 0.2721278667 -0.3641584218 0.8906936049
-152.3 12.7 2503.2 0.9469196200 0.0438244715 -0.3184693158 -0.0155604947 0.9957513809 0.0907583237 0.3210936785 -0.0809852928 0.9435784221
-273.2 208.1 2443.6 0.4420555830 -0.8430455923 -0.3063674569 0.2813170552 0.4546212554 -0.8450918198 0.8517320752 0.2873911858 0.4381309748
-361.9 151.6 2272.7 -0.5115442276 -0.8430455923 -0.1661224216 -0.8427985311 0.4546212554 0.2881147563 -0.1673710793 0.2873911858 -0.9430764914
-14.5 203.8 2531.4 0.1940691620 0.6998178363 0.6874533892 -0.9735108018 0.2237470597 0.0470522791 -0.1208876520 -0.6783747077 0.7247026563
37.3 -56.0 2499.1 -0.1964422762 0.6796811223 0.7067135572 -0.9293971062 0.1006110981 -0.3551033437 -0.3124602735 -0.7265748382 0.6119293571
-245.8 -180.4 2488.4 0.9909488559 0.0052344683 -0.1341380030 -0.0000636786 0.9992576838 0.0385236144 0.1342400759 -0.0381663889 0.9902135730
-247.8 -568.4 2503.3 0.9903385043 -0.0350518040 -0.1341679543 0.0308529530 0.9989708066 -0.0332483388 0.1351952851 0.0287876315 0.9904006720
-76.1 -183.2 2545.8 0.8291286230 0.0738665313 -0.5541565418 -0.0909736678 0.9958475828 -0.0033728119 0.5516062975 0.0532101467 0.8324056864
-104.8 -569.7 2525.2 0.8251436353 -0.0853095204 -0.5584445000 0.0429447144 0.9951440096 -0.0885668993 0.5632883310 0.0490981750 0.8248003721
-233.3 363.6 2314.8 0 0 0 0 0 0 0 0 0
-16.6 -311.3 2413.3 0 0 0 0 0 0 0 0 0
-238.1 -846.3 2495.3 0 0 0 0 0 0 0 0 0
-81.6 -840.0 2511.9 0 0 0 0 0 0 0 0 0
-166.1 448.3 2402.9 3 0.9411002398 -0.0884527564 -0.3263533413 0.1878498048 0.9392949939 0.2871190310 0.2811456025 -0.3315131962 0.9005865455
-143.4 207.0 2488.1 0.9411002398 -0.0884527564 -0.3263533413 0.1878498048 0.9392949939 0.2871190310 0.2811456025 -0.3315131962 0.9005865455
-152.9 13.8 2503.6 0.9453580976 0.0488718562 -0.3223500550 -0.0202970952 0.9956055880 0.0914194658 0.3254013658 -0.0798813626 0.9421957731
-272.6 209.8 2443.6 0.4408737719 -0.8456769586 -0.3007670045 0.2806398571 0.4481672049 -0.8487563729 0.8525676131 0.2897872329 0.4349158406
-361.4 153.2 2271.8 -0.5084464550 -0.8456769586 -0.1622118056 -0.8415900469 0.4481672049 0.3014503717 -0.1822316200 0.2897872329 -0.9395823479
-14.3 204.3 2532.5 0.1918598115 0.7043296695 0.6834541559 -0.9745241404 0.2191449255 0.0477306955 -0.1161573678 -0.6752001643 0.7284313440
37.3 -57.6 2501.3 -0.1955312043 0.6848433018 0.7019666433 -0.9288679361 0.1002884954 -0.3565761745 -0.3145979941 -0.7217561007 0.6165195107
-245.7 -179.2 2490.2 0.9903587103 0.0013759159 -0.1385196447 0.0030318971 0.9994958639 0.0316048153 0.1384932995 -0.0317200832 0.9898552895
-246.2 -567.2 2502.5 0.9900882840 -0.0238447152 -0.1384074390 0.0213081613 0.9995772839 -0.0197798181 0.1388205737 0.0166345593 0.9901778102
-76.0 -182.0 2547.7 0.8265451789 0.0744932368 -0.5579191446 -0.0903591290 0.9959088564 -0.0008915892 0.5555702448 0.0511500314 0.8298948407
-104.9 -568.6 2527.8 0.8226994276 -0.0819303468 -0.5625416040 0.0314380936 0.9946026206 -0.0988798589 0.5676066279 0.0636631697 0.8208347559
-233.6 364.9 2317.6 0 0 0 0 0 0 0 0 0
-16.4 -312.7 2414.9 0 0 0 0 0 0 0 0 0
-239.5 -849.1 2497.8 0 0 0 0 0 0 0 0 0
-82.5 -840.3 2510.4 0 0 0 0 0 0 0 0 0
-169.3 452.3 2407.4 4 0.9419869184 -0.1026744843 -0.3195600808 0.1902830154 0.9476475716 0.2564302683 0.2765014768 -0.3023608029 0.9122087955
-142.3 202.7 2487.1 0.9419869184 -0.1026744843 -0.3195600808 0.1902830154 0.9476475716 0.2564302683 0.2765014768 -0.3023608029 0.9122087955
-153.6 9.4 2501.6 0.9470531940 0.0582902394 -0.3157412112 -0.0315214954 0.9955114126 0.0892378539 0.3195256591 -0.0745603591 0.9446396828
-271.7 207.0 2443.4 0.4431529939 -0.8436278701 -0.3031624556 0.2606845200 0.4448429942 -0.8568303585 0.8577056527 0.3006772101 0.4170542061
-361.5 154.1 2269.5 -0.5094822645 -0.8436278701 -0.1694693416 -0.8399643898 0.4448429942 0.3107644320 -0.1867822856 0.3006772101 -0.9352569580
-12.9 198.4 2530.7 0.1947451532 0.7018613219 0.6851751804 -0.9743475318 0.2187538892 0.0528544709 -0.1127882227 -0.6778919101 0.7264581323
37.8 -55.5 2501.4 -0.1956085414 0.6824123859 0.7043086290 -0.9293061495 0.1004200429 -0.3553954661 -0.3132529557 -0.7240367532 0.6145269871
-247.1 -177.7 2489.9 0.9912241697 -0.0016526328 -0.1321811825 0.0067121522 0.9992612600 0.0378407538 0.1320209950 -0.0383958891 0.9905030131
-246.4 -565.6 2504.8 0.9910015464 -0.0235692486 -0.1317588538 0.0197030101 0.9993383884 -0.0305705536 0.1323922127 0.0276994202 0.9908102751
-77.7 -181.3 2548.2 0.8303209543 0.0700234994 -0.5528687239 -0.0839205012 0.9964724183 0.0001728033 0.5509305596 0.0462535396 0.8332683444
-104.9 -568.2 2530.3 0.8262685537 -0.0829338357 -0.5571375489 0.0308688842 0.9942821860 -0.1022254676 0.5624299049 0.0672674701 0.8241041899
-233.5 365.2 2316.5 0 0 0 0 0 0 0 0 0
-15.9 -310.7 2415.3 0 0 0 0 0 0 0 0 0
-239.8 -847.2 2497.0 0 0 0 0 0 0 0 0 0
-82.0 -841.9 2511.8 0 0 0 0 0 0 0 0 0
-169.1 452.1 2410.7 5 0.9354797006 -0.1135066450 -0.3346550167 0.1997006983 0.9510999322 0.2356450111 0.2915430665 -0.2872719765 0.9124020338
-139.1 200.6 2486.7 0.9354797006 -0.1135066450 -0.3346550167 0.1997006983 0.9510999322 0.2356450111 0.2915430665 -0.2872719765 0.9124020338
-153.5 7.8 2503.2 0.9403613210 0.0741074160 -0.3320070505 -0.0412530638 0.9936221838 0.1049435139 0.3376666605 -0.0849885121 0.9374210238
-267.5 206.2 2440.6 0.4642729163 -0.8408290744 -0.2783111334 0.2787710130 0.4369869530 -0.8551778197 0.8406767249 0.3194508255 0.4372799993
-361.9 149.5 2269.6 -0.5065935254 -0.8408290744 -0.1907077283 -0.8431899548 0.4369869530 0.3131662309 -0.1799824983 0.3194508255 -0.9303534031
-10.6 195.0 2532.8 0.1864738166 0.7132563591 0.6756425500 -0.9742230773 0.2231077850 0.0333520211 -0.1269525737 -0.6644458771 0.7364745140
38.0 -59.2 2499.7 -0.2018597424 0.6915528178 0.6935469508 -0.9277790785 0.0918727890 -0.3616426289 -0.3138130605 -0.7164594531 0.6230627894
-249.8 -181.0 2487.4 0.9886122942 -0.0104528712 -0.1501213461 0.0163748842 0.9991334081 0.0382663682 0.1495912522 -0.0402888209 0.9879267812
-245.7 -568.9 2503.1 0.9885559678 -0.0231941361 -0.1490609795 0.0189448148 0.9993743896 -0.0298643950 0.1496604085 0.0266986918 0.9883769155
-80.1 -186.6 2544.7 0.8188058734 0.0697325170 -0.5698195696 -0.0862732008 0.9962694049 -0.0020508773 0.5675508380 0.0508394316 0.8217672706
-107.1 -573.4 2524.9 0.8134805560 -0.0951496363 -0.5737559795 0.0526641570 0.9945247769 -0.0902603269 0.5792027712 0.0432086475 0.8140375614
-234.0 362.5 2315.1 0 0 0 0 0 0 0 0 0
-17.4 -313.9 2413.5 0 0 0 0 0 0 0 0 0
-239.2 -847.2 2495.6 0 0 0 0 0 0 0 0 0
-81.5 -841.1 2513.3 0 0 0 0 0 0 0 0 0
-168.8 461.4 2421.3 6 0.9329557419 -0.1151551902 -0.3410760164 0.1877395809 0.9640504718 0.1880440414 0.3071602583 -0.2394702435 0.9210355878
-137.5 199.3 2486.5 0.9329557419 -0.1151551902 -0.3410760164 0.1877395809 0.9640504718 0.1880440414 0.3071602583 -0.2394702435 0.9210355878
-154.3 6.8 2504.5 0.9364157319 0.0865859166 -0.3400417566 -0.0491430201 0.9918873906 0.1172361374 0.3474341631 -0.0930710882 0.9330741167
-265.4 206.0 2439.0 0.4773476124 -0.8375464082 -0.2658105195 0.2634288371 0.4249850512 -0.8660213351 0.8382985592 0.3433710337 0.4234994948
-362.0 152.6 2269.3 -0.5066847801 -0.8375464082 -0.2044175267 -0.8392945528 0.4249850512 0.3390757740 -0.1971173137 0.3433710337 -0.9182816148
-9.6 192.6 2533.9 0.1753625721 0.7231057286 0.6681063771 -0.9781788588 0.2047754228 0.0351166688 -0.1114187017 -0.6596856713 0.7432366610
35.8 -60.7 2505.1 -0.2003699243 0.7046161294 0.6807113886 -0.9224398136 0.0984105989 -0.3733900785 -0.3300859034 -0.7027314305 0.6302474141
-252.1 -181.4 2489.4 0.9870691895 -0.0165753141 -0.1594356745 0.0241406560 0.9986665845 0.0456314683 0.1584667265 -0.0488903001 0.9861531258
-245.7 -569.1 2508.4 0.9873503447 -0.0202605855 -0.1572540104 0.0131997941 0.9988626838 -0.0458158217 0.1580034196 0.0431605466 0.9864948392
-83.6 -188.8 2549.9 0.8130746484 0.0477991402 -0.5801938176 -0.0750485659 0.9969136119 -0.0230413862 0.5773017406 0.0622770824 0.8141524792
-102.2 -575.7 2525.7 0.8102825880 -0.0698753968 -0.5818586946 0.0336148813 0.9967732430 -0.0728911906 0.5850744843 0.0395033509 0.8100168705
-234.5 363.9 2318.9 0 0 0 0 0 0 0 0 0
-19.2 -314.0 2414.4 0 0 0 0 0 0 0 0 0
-240.0 -847.3 2496.3 0 0 0 0 0 0 0 0 0
-83.7 -839.8 2515.2 0 0 0 0 0 0 0 0 0
-169.1 464.2 2426.7 7 0.9284174442 -0.1219826713 -0.3509434164 0.1878343076 0.9690678716 0.1600804031 0.3205609620 -0.2145406604 0.9226120710
-135.4 196.8 2485.9 0.9284174442 -0.1219826713 -0.3509434164 0.1878343076 0.9690678716 0.1600804031 0.3205609620 -0.2145406604 0.9226120710
-153.9 4.5 2504.9 0.9317174554 0.0952362120 -0.3504748642 -0.0539518073 0.9905937314 0.1257509589 0.3591542542 -0.0982556120 0.9280916452
-262.7 204.1 2436.8 0.4818728566 -0.8234888911 -0.2994403839 0.2118740678 0.4410941005 -0.8720925450 0.8502399325 0.3567940891 0.3870272040
-357.9 162.3 2268.8 -0.5218544602 -0.8234888911 -0.2225622684 -0.8356435895 0.4410941005 0.3273160756 -0.1713702530 0.3567940891 -0.9183301330
-8.2 189.4 2534.9 0.1690511703 0.7294581532 0.6628065705 -0.9768650532 0.2133767903 0.0143190138 -0.1309824139 -0.6498932242 0.7486537695
35.7 -64.1 2500.9 -0.2175294012 0.7054547668 0.6745476723 -0.9205653071 0.0814137012 -0.3820096254 -0.3244079351 -0.7040634751 0.6317073107
-255.0 -181.4 2491.4 0.9850333333 -0.0239023194 -0.1706984788 0.0293980539 0.9991252422 0.0297404677 0.1698382944 -0.0343135558 0.9848743677
-245.7 -569.2 2504.7 0.9854010940 -0.0254946500 -0.1683292985 0.0176610760 0.9986973405 -0.0478716232 0.1693304926 0.0441998728 0.9845677018
-87.2 -190.1 2553.7 0.8053683043 0.0444883890 -0.5911029577 -0.0779862404 0.9964643121 -0.0312577598 0.5876224041 0.0712719038 0.8059902191
-104.5 -576.9 2526.0 0.8011701107 -0.0833049640 -0.5926100612 0.0424615629 0.9956810474 -0.0825605914 0.5969283581 0.0409819260 0.8012471795
-225.3 374.6 2312.3 0 0 0 0 0 0 0 0 0
-24.0 -316.9 2411.9 0 0 0 0 0 0 0 0 0
-238.7 -845.2 2492.5 0 0 0 0 0 0 0 0 0
-82.7 -837.0 2515.3 0 0 0 0 0 0 0 0 0
-166.6 462.6 2428.3 8 0.9288938642 -0.1146300882 -0.3521592617 0.1791125238 0.9713384509 0.1562699676 0.3241525888 -0.2082343549 0.9228020310
-135.3 197.2 2485.2 0.9288938642 -0.1146300882 -0.3521592617 0.1791125238 0.9713384509 0.1562699676 0.3241525888 -0.2082343549 0.9228020310
-154.3 5.0 2505.3 0.9308546782 0.0981721133 -0.3519542217 -0.0545376986 0.9897698164 0.1318385154 0.3612965047 -0.1035277247 0.9266859293
-262.4 204.6 2435.8 0.4934436381 -0.8268796802 -0.2697838843 0.2541647553 0.4337184429 -0.8644585609 0.8318134546 0.3579920232 0.4241792858
-360.4 154.2 2270.8 -0.5121028423 -0.8268796802 -0.2324234396 -0.8437813520 0.4337184429 0.3161034286 -0.1605731696 0.3579920232 -0.9198141098
-8.1 189.7 2534.6 0.1653175503 0.7293364406 0.6638814211 -0.9756146073 0.2194829583 0.0018215613 -0.1443821192 -0.6479935646 0.7478356361
35.5 -67.5 2496.5 -0.2342118770 0.6995844245 0.6750751734 -0.9209091067 0.0628858134 -0.3846709430 -0.3115624487 -0.7117773890 0.6295250654
-255.9 -182.9 2491.8 0.9846882224 -0.0231927000 -0.1727749109 0.0315003917 0.9984676838 0.0454979576 0.1714549363 -0.0502437800 0.9839099646
-246.9 -570.5 2511.3 0.9852471948 -0.0272337403 -0.1689563543 0.0156102385 0.9974426031 -0.0697467029 0.1704237312 0.0660802945 0.9831526279
-89.0 -192.6 2556.1 0.8042511940 0.0380783975 -0.5930683613 -0.0708335564 0.9969732761 -0.0320449099 0.5900530815 0.0677812994 0.8045141697
-103.8 -579.6 2529.8 0.8000791669 -0.0818170831 -0.5942888856 0.0294421930 0.9948174357 -0.0973213091 0.5991714597 0.0603675842 0.7983415723
-229.6 369.6 2311.8 0 0 0 0 0 0 0 0 0
-28.8 -320.4 2411.0 0 0 0 0 0 0 0 0 0
-239.4 -845.8 2493.0 0 0 0 0 0 0 0 0 0
-82.8 -834.5 2514.3 0 0 0 0 0 0 0 0 0
-168.7 463.9 2428.1 9 0.9279530644 -0.1197609529 -0.3529311121 0.1841470599 0.9706311226 0.1548067629 0.3240261078 -0.2086446434 0.9227537513
-135.9 197.6 2485.4 0.9279530644 -0.1197609529 -0.3529311121 0.1841470599 0.9706311226 0.1548067629 0.3240261078 -0.2086446434 0.9227537513
-155.1 5.4 2504.9 0.9304888248 0.0990970656 -0.3526618481 -0.0564462021 0.9900032878 0.1292565912 0.3619453311 -0.1003653929 0.9267806411
-263.0 205.3 2435.9 0.4971496463 -0.8299607038 -0.2529968917 0.2589433491 0.4202166200 -0.8696932197 0.8281247020 0.3668558300 0.4238233566
-361.4 154.0 2272.0 -0.5074787140 -0.8299607038 -0.2315827459 -0.8418274522 0.4202166200 0.3387395740 -0.1838256121 0.3668558300 -0.9119347334
-8.7 189.9 2534.8 0.1537961215 0.7308402658 0.6649957299 -0.9762538075 0.2163008153 -0.0119358478 -0.1525623053 -0.6473689079 0.7467517853
32.2 -69.9 2494.2 -0.2359880507 0.7007392049 0.6732563972 -0.9212645292 0.0590903684 -0.3844216764 -0.3091623187 -0.7109661698 0.6316215396
-256.8 -182.2 2493.0 0.9844917655 -0.0256755799 -0.1735416651 0.0330803692 0.9986554980 0.0399114154 0.1722835749 -0.0450332835 0.9840174913
-246.8 -569.9 2510.5 0.9850465655 -0.0300475527 -0.1696478724 0.0182725564 0.9973409772 -0.0705481097 0.1713165790 0.0663932711 0.9829763770
-90.0 -191.9 2557.7 0.8036727309 0.0346907638 -0.5940595269 -0.0732583627 0.9964732528 -0.0409173258 0.5905449986 0.0764039606 0.8033797741
-103.5 -578.8 2528.1 0.7992054224 -0.0846534520 -0.5950667858 0.0346804745 0.9948775172 -0.0949523672 0.6000565886 0.0552492514 0.7980473638
-232.4 368.0 2318.7 0 0 0 0 0 0 0 0 0
-32.6 -322.9 2409.4 0 0 0 0 0 0 0 0 0
-238.5 -848.1 2492.0 0 0 0 0 0 0 0 0 0
-81.5 -837.3 2513.7 0 0 0 0 0 0 0 0 0
-166.5 464.3 2428.1 0 0.9322266579 -0.1122118831 -0.3440377116 0.1746500582 0.9721685648 0.1561589539 0.3169397414 -0.2056617439 0.9258792996
-135.7 197.3 2484.5 0.9322266579 -0.1122118831 -0.3440377116 0.1746500582 0.9721685648 0.1561589539 0.3169397414 -0.2056617439 0.9258792996
-154.4 5.2 2505.3 0.9340860844 0.0961609334 -0.3438549340 -0.0526151173 0.9896079898 0.1338197440 0.3531498015 -0.1069071963 0.9294385910
-263.3 204.5 2436.3 0.4926814139 -0.8337144852 -0.2493696511 0.2750453651 0.4210625887 -0.8643242121 0.8255998492 0.3572485149 0.4367590249
-362.1 149.4 2270.9 -0.5018213391 -0.8337144852 -0.2304246724 -0.8477012515 0.4210625887 0.3226591051 -0.1719823480 0.3572485149 -0.9180389643
-8.1 190.1 2532.8 0.1571812034 0.7238503098 0.6718145609 -0.9765300155 0.2153519392 -0.0035581400 -0.1472521275 -0.6554877758 0.7407108545
33.6 -68.9 2493.7 -0.2429011166 0.6924771070 0.6793191433 -0.9195204377 0.0587070808 -0.3886330128 -0.3090002835 -0.7190472484 0.6224868298
-257.7 -181.7 2491.9 0.9860240221 -0.0291541163 -0.1640325189 0.0371624604 0.9982514977 0.0459661111 0.1624055952 -0.0514195412 0.9853833914
-246.4 -569.2 2511.9 0.9868442416 -0.0267676115 -0.1594425142 0.0153807243 0.9972695708 -0.0722275674 0.1609405279 0.0688250214 0.9845614433
-91.0 -191.8 2556.8 0.8096198440 0.0335975178 -0.5859922767 -0.0660127923 0.9972383380 -0.0340286605 0.5832306743 0.0662332624 0.8096018434
-104.0 -578.9 2531.1 0.8053391576 -0.0834066942 -0.5869175196 0.0284825936 0.9943534732 -0.1022249088 0.5921297073 0.0656087920 0.8031674623
-234.6 364.7 2314.6 0 0 0 0 0 0 0 0 0
-33.1 -321.4 2408.9 0 0 0 0 0 0 0 0 0
-238.9 -849.4 2492.5 0 0 0 0 0 0 0 0 0
-82.3 -837.7 2514.0 0 0 0 0 0 0 0 0 0
-165.2 457.1 2411.0 1 0.9328588843 -0.1052085683 -0.3445366025 0.1898479611 0.9563899636 0.2219820321 0.3061569333 -0.2724874914 0.9121505022
-136.6 197.3 2485.0 0.9328588843 -0.1052085683 -0.3445366025 0.1898479611 0.9563899636 0.2219820321 0.3061569333 -0.2724874914 0.9121505022
-155.0 5.0 2504.7 0.9341582060 0.0948104486 -0.3440341055 -0.0534088425 0.9903475642 0.1279029995 0.3528398871 -0.1011071727 0.9302049875
-264.3 204.6 2436.8 0.4899264574 -0.8317391276 -0.2611170113 0.2831005752 0.4350896776 -0.8547227979 0.8245157003 0.3448289335 0.4486277699
-361.9 148.2 2272.6 -0.5069573522 -0.8317391276 -0.2262836248 -0.8484066129 0.4350896776 0.3015015125 -0.1523169279 0.3448289335 -0.9262248874
-9.0 190.0 2533.2 0.1584092826 0.7239884734 0.6713771224 -0.9760513902 0.2174987197 -0.0042464561 -0.1490980536 -0.6546258330 0.7411037683
33.3 -70.8 2493.4 -0.2462797612 0.6914567947 0.6791419387 -0.9186274409 0.0568564571 -0.3910127282 -0.3089820147 -0.7201769352 0.6211886406
-256.7 -182.1 2494.4 0.9860848188 -0.0276866257 -0.1639213860 0.0337168500 0.9988488555 0.0341195129 0.1627880335 -0.0391716436 0.9858831763
-246.0 -569.9 2509.6 0.9866923094 -0.0253002755 -0.1606182158 0.0159337856 0.9981107712 -0.0593378097 0.1618160456 0.0559889041 0.9852313399
-89.4 -191.6 2557.7 0.8099034429 0.0289197043 -0.5858498812 -0.0620508157 0.9974036813 -0.0365461372 0.5832719207 0.0659513026 0.8095951676
-100.6 -578.8 2532.1 0.8067892194 -0.0712437034 -0.5865283608 0.0177115444 0.9951736927 -0.0965177193 0.5905738473 0.0674811304 0.8041571975
-233.2 363.6 2311.3 0 0 0 0 0 0 0 0 0
-34.3 -323.1 2408.5 0 0 0 0 0 0 0 0 0
-238.8 -852.4 2493.7 0 0 0 0 0 0 0 0 0
-82.0 -839.2 2514.4 0 0 0 0 0 0 0 0 0
-162.5 457.3 2413.0 2 0.9317566752 -0.0963926464 -0.3500541449 0.1814188957 0.9587359428 0.2188895047 0.3145101368 -0.2674582005 0.9107960463
-136.4 197.4 2485.5 0.9317566752 -0.0963926464 -0.3500541449 0.1814188957 0.9587359428 0.2188895047 0.3145101368 -0.2674582005 0.9107960463
-154.2 5.1 2504.8 0.9323067069 0.0917665735 -0.3498330116 -0.0503551029 0.9907891750 0.1257026196 0.3581460714 -0.0995775238 0.9283403158
-263.8 204.3 2436.6 0.4777236283 -0.8385409713 -0.2619718015 0.2807687223 0.4282929897 -0.8589144349 0.8324356079 0.3367702365 0.4400417507
-361.5 146.9 2266.4 -0.5037223697 -0.8385409713 -0.2076363266 -0.8449856043 0.4282929897 0.3202568293 -0.1796192676 0.3367702365 -0.9242957830
-9.0 190.5 2534.4 0.1503496766 0.7282628417 0.6686016917 -0.9770863056 0.2125180811 -0.0117624775 -0.1506561339 -0.6515130997 0.7435276508
31.3 -71.3 2494.1 -0.2409043461 0.6975333691 0.6748424768 -0.9199348688 0.0575011410 -0.3878316879 -0.3093297482 -0.7142414451 0.6278330088
-257.1 -182.4 2492.7 0.9850708246 -0.0282264091 -0.1698196679 0.0349123478 0.9987230897 0.0365138389 0.1685721725 -0.0418975204 0.9847984910
-246.2 -570.1 2508.9 0.9857932329 -0.0211646315 -0.1666246802 0.0125264674 0.9985305667 -0.0527234338 0.1674957126 0.0498871878 0.9846097827
-89.8 -192.0 2555.9 0.8067502379 0.0342122354 -0.5899012685 -0.0601416007 0.9978922009 -0.0243754815 0.5878239870 0.0551425330 0.8071073890
-103.0 -579.4 2534.5 0.8028051257 -0.0821114033 -0.5905604362 0.0166816935 0.9931773543 -0.1154141650 0.5960081220 0.0828035325 0.7986976504
-233.6 361.3 2311.9 0 0 0 0 0 0 0 0 0
-34.9 -324.0 2409.1 0 0 0 0 0 0 0 0 0
-240.2 -851.5 2494.9 0 0 0 0 0 0 0 0 0
-81.7 -837.8 2512.9 0 0 0 0 0 0 0 0 0
-164.7 452.5 2409.5 3 0.9301980734 -0.1054946482 -0.3515713215 0.1955289245 0.9530146122 0.2313689739 0.3106444180 -0.2839613557 0.9071196318
-136.5 197.5 2485.5 0.9301980734 -0.1054946482 -0.3515713215 0.1955289245 0.9530146122 0.2313689739 0.3106444180 -0.2839613557 0.9071196318
-154.4 5.1 2504.4 0.9318698645 0.0923354775 -0.3508457541 -0.0514318198 0.9909252524 0.1241850406 0.3591285944 -0.0976796672 0.9281623363
-263.8 204.5 2436.4 0.4823843241 -0.8353860378 -0.2635063231 0.2525739074 0.4206917584 -0.8713350892 0.8387560844 0.3537635505 0.4139318168
-360.7 153.8 2268.0 -0.5062921047 -0.8353860378 -0.2140059620 -0.8395016193 0.4206917584 0.3438829482 -0.1972444654 0.3537635505 -0.9143007994
-9.2 190.4 2534.5 0.1455418319 0.7285975814 0.6693004966 -0.9759381413 0.2167521268 -0.0237341151 -0.1623649299 -0.6497415304 0.7426126599
30.1 -73.1 2490.7 -0.2426332235 0.6961721778 0.6756281257 -0.9222213626 0.0506070815 -0.3833362758 -0.3010596335 -0.7160888314 0.6297459006
-255.6 -182.8 2492.1 0.9849218726 -0.0249053221 -0.1711977422 0.0330084935 0.9984572530 0.0446494520 0.1698216200 -0.0496271998 0.9842244387
-245.9 -570.4 2511.3 0.9856705666 -0.0196262915 -0.1675360203 0.0092030670 0.9979858398 -0.0627660081 0.1684304476 0.0603247620 0.9838659167
-88.5 -191.8 2556.3 0.8062946796 0.0394521952 -0.5901969671 -0.0548236668 0.9984627366 -0.0081540262 0.5889679790 0.0389313102 0.8072180748
-103.8 -579.4 2541.1 0.8027207851 -0.0852977708 -0.5902233720 0.0020440044 0.9901058078 -0.1403079778 0.5963515639 0.1114217117 0.7949528098
-234.3 363.4 2317.2 0 0 0 0 0 0 0 0 0
-36.5 -326.3 2408.0 0 0 0 0 0 0 0 0 0
-240.4 -850.6 2494.4 0 0 0 0 0 0 0 0 0
-81.7 -836.6 2512.2 0 0 0 0 0 0 0 0 0
-165.0 445.0 2401.2 4 0.9312278628 -0.0991978869 -0.3506771624 0.2018673420 0.9415408373 0.2697227895 0.3034209311 -0.3219636381 0.8968138695
-138.8 196.1 2486.3 0.9312278628 -0.0991978869 -0.3506771624 0.2018673420 0.9415408373 0.2697227895 0.3034209311 -0.3219636381 0.8968138695
-154.6 3.6 2504.8 0.9334632754 0.0815114230 -0.3492881358 -0.0425316207 0.9921188951 0.1178606227 0.3561423421 -0.0951627716 0.9295733571
-266.3 202.0 2437.7 0.4764903784 -0.8359459639 -0.2723073065 0.2347450554 0.4194530547 -0.8769001365 0.8472612500 0.3539116979 0.3960995376
-361.4 155.1 2268.5 -0.5071240067 -0.8359459639 -0.2098084986 -0.8369070888 0.4194530547 0.3516329229 -0.2059412897 0.3539116979 -0.9123237729
-11.3 190.3 2535.0 0.1420961916 0.7257652879 0.6731073260 -0.9759257436 0.2163885683 -0.0272942856 -0.1654619724 -0.6530243158 0.7390409708
27.4 -75.1 2490.0 -0.2391119748 0.6940221190 0.6790867448 -0.9247714877 0.0504366718 -0.3771655262 -0.2960120738 -0.7181848288 0.6297518611
-255.8 -182.6 2491.2 0.9852999449 -0.0259625837 -0.1688489765 0.0343650021 0.9983020425 0.0470321551 0.1673412025 -0.0521432757 0.9845191836
-245.7 -570.2 2511.5 0.9860765934 -0.0187087134 -0.1652358621 0.0093920892 0.9983307719 -0.0569862090 0.1660261899 0.0546408594 0.9846063852
-88.8 -191.9 2555.6 0.8082224131 0.0438443758 -0.5872429013 -0.0593114980 0.9982142448 -0.0071023409 0.5858828425 0.0405705273 0.8093795776
-105.9 -579.4 2539.8 0.8034038544 -0.0953915492 -0.5877436996 0.0129260104 0.9896452427 -0.1429517418 0.5952941775 0.1072507948 0.7963178754
-234.3 364.9 2320.1 0 0 0 0 0 0 0 0 0
-38.3 -329.1 2408.7 0 0 0 0 0 0 0 0 0
-240.5 -850.7 2496.1 0 0 0 0 0 0 0 0 0
-80.8 -839.8 2511.6 0 0 0 0 0 0 0 0 0
-167.7 436.7 2391.6 5 0.9308354855 -0.1087939516 -0.3488684297 0.2222193033 0.9263841510 0.3040246964 0.2901101112 -0.3605222702 0.8864873648
-139.5 196.0 2485.3 0.9308354855 -0.1087939516 -0.3488684297 0.2222193033 0.9263841510 0.3040246964 0.2901101112 -0.3605222702 0.8864873648
-154.3 3.3 2503.5 0.9352615476 0.0762151331 -0.3456545770 -0.0384951234 0.9926521778 0.1147160009 0.3518578708 -0.0939834416 0.9313233495
-267.2 201.3 2437.2 0.4776521921 -0.8358154297 -0.2706676424 0.2267262787 0.4149203002 -0.8811562657 0.8487894535 0.3595187366 0.3876889050
-361.6 156.5 2269.6 -0.5063115954 -0.8358154297 -0.2122761309 -0.8357464075 0.4149203002 0.3596791625 -0.2125477046 0.3595187366 -0.9086086750
-11.7 190.8 2533.3 0.1423736215 0.7236721516 0.6752987504 -0.9780230522 0.2078404129 -0.0165313967 -0.1523176730 -0.6581041217 0.7373589873
27.2 -76.1 2491.8 -0.2393104732 0.6936233044 0.6794241667 -0.9224840403 0.0558793843 -0.3819695413 -0.3029087782 -0.7181672454 0.6264839172
-254.1 -185.2 2491.3 0.9861695170 -0.0205556937 -0.1644603312 0.0272201207 0.9988927245 0.0383722931 0.1634894609 -0.0423182175 0.9856370091
-246.1 -573.0 2507.8 0.9865129590 -0.0221975558 -0.1621710360 0.0150571149 0.9988677502 -0.0451275669 0.1629891396 0.0420771018 0.9857302308
-86.8 -192.8 2555.2 0.8108329177 0.0495505743 -0.5831764340 -0.0632599965 0.9979920983 -0.0031589197 0.5818489194 0.0394530967 0.8123393655
-106.1 -580.3 2539.8 0.8058269024 -0.0966579318 -0.5842090845 0.0116742281 0.9889892340 -0.1475263685 0.5920361280 0.1120605171 0.7980825305
-234.6 366.1 2322.9 0 0 0 0 0 0 0 0 0
-38.6 -329.5 2408.6 0 0 0 0 0 0 0 0 0
-239.9 -849.9 2496.1 0 0 0 0 0 0 0 0 0
-80.5 -841.4 2510.3 0 0 0 0 0 0 0 0 0
-163.9 438.4 2387.8 6 0.9320129156 -0.0955768302 -0.3495955467 0.2142495066 0.9233036041 0.3187594414 0.2923168242 -0.3719885647 0.8810081482
-138.8 196.5 2485.3 0.9320129156 -0.0955768302 -0.3495955467 0.2142495066 0.9233036041 0.3187594414 0.2923168242 -0.3719885647 0.8810081482
-155.0 3.9 2503.7 0.9336589575 0.0833874941 -0.3483209908 -0.0443869717 0.9919618368 0.1184967905 0.3554022908 -0.0951746777 0.9298553467
-266.4 202.5 2436.7 0.4808951020 -0.8362058401 -0.2636280060 0.2297762930 0.4103649557 -0.8824983835 0.8461340070 0.3638136983 0.3894827664
-361.6 157.1 2269.2 -0.5050686002 -0.8362058401 -0.2136948854 -0.8347498775 0.4103649557 0.3671420515 -0.2193134129 0.3638136983 -0.9052851796
-11.3 190.4 2533.8 0.1449741423 0.7252076268 0.6730946302 -0.9756352305 0.2179994583 -0.0247409418 -0.1646765918 -0.6531080008 0.7391424179
28.2 -75.0 2489.0 -0.2427893877 0.6921070814 0.6797360778 -0.9247111082 0.0466599539 -0.3777991831 -0.2931939363 -0.7202851176 0.6286705732
-252.9 -185.9 2490.2 0.9856206179 -0.0193568487 -0.1678608805 0.0266133435 0.9988010526 0.0410877094 0.1668642908 -0.0449642353 0.9849540591
-245.3 -573.7 2507.7 0.9860507250 -0.0168787260 -0.1655871868 0.0096135456 0.9989596009 -0.0445790663 0.1661673486 0.0423653387 0.9851871133
-85.3 -192.8 2553.3 0.8086626530 0.0491140746 -0.5862187743 -0.0593359545 0.9982364774 0.0017820805 0.5852724910 0.0333427489 0.8101508021
-104.3 -580.3 2540.3 0.8046113849 -0.0867680088 -0.5874281526 0.0084815742 0.9908448458 -0.1347386390 0.5937411785 0.1034299284 0.7979810238
-234.7 366.7 2324.3 0 0 0 0 0 0 0 0 0
-38.5 -328.9 2408.5 0 0 0 0 0 0 0 0 0
-240.7 -850.5 2495.9 0 0 0 0 0 0 0 0 0
-81.4 -842.8 2512.9 0 0 0 0 0 0 0 0 0
-167.1 434.9 2392.9 7 0.9381853342 -0.1122325286 -0.3274326026 0.2147732973 0.9305990934 0.2964080870 0.2714418471 -0.3484095037 0.8971790075
-138.3 196.6 2482.1 0.9381853342 -0.1122325286 -0.3274326026 0.2147732973 0.9305990934 0.2964080870 0.2714418471 -0.3484095037 0.8971790075
-153.4 4.0 2500.8 0.9427822828 0.0777667239 -0.3242126703 -0.0416960083 0.9922839999 0.1167641506 0.3307914138 -0.0965647995 0.9387503862
-267.1 202.3 2436.9 0.4800831079 -0.8358225226 -0.2663097680 0.2513819933 0.4219331145 -0.8710795045 0.8404328227 0.3512450755 0.4126736820
-361.7 152.7 2271.3 -0.5036534667 -0.8358225226 -0.2184807956 -0.8439242840 0.4219331145 0.3313068449 -0.1847294569 0.3512450755 -0.9178790450
-9.6 190.9 2527.3 0.1416468173 0.7106168270 0.6891733408 -0.9803867936 0.1970757246 -0.0017073358 -0.1370325983 -0.6754146218 0.7245944738
29.0 -76.3 2489.9 -0.2433681637 0.6808884740 0.6907697320 -0.9243904352 0.0528488047 -0.3777689040 -0.2937248349 -0.7304778695 0.6165450215
-254.8 -184.7 2490.4 0.9895308614 -0.0231189225 -0.1424575597 0.0310724117 0.9980648756 0.0538611300 0.1409366727 -0.0577237532 0.9883343577
-245.9 -572.1 2512.8 0.9901032448 -0.0208136830 -0.1387886852 0.0121588539 0.9979445934 -0.0629185438 0.1398129761 0.0606083460 0.9883213043
-87.6 -192.6 2554.0 0.8237534761 0.0397175066 -0.5655552745 -0.0605202653 0.9980035424 -0.0180628970 0.5637087226 0.0491069295 0.8245125413
-103.0 -580.0 2535.0 0.8194940090 -0.0855986923 -0.5666589737 0.0209497996 0.9925959110 -0.1196428165 0.5727046728 0.0861751810 0.8152197003
-234.6 365.7 2318.0 0 0 0 0 0 0 0 0 0
-37.8 -330.2 2409.3 0 0 0 0 0 0 0 0 0
-240.1 -849.2 2495.9 0 0 0 0 0 0 0 0 0
-80.5 -841.0 2512.3 0 0 0 0 0 0 0 0 0
-166.3 440.7 2400.4 8 0.9438980222 -0.1039437056 -0.3134521246 0.1915843785 0.9454741478 0.2633895874 0.2689832151 -0.3086654246 0.9123451710
-139.4 196.1 2480.3 0.9438980222 -0.1039437056 -0.3134521246 0.1915843785 0.9454741478 0.2633895874 0.2689832151 -0.3086654246 0.9123451710
-155.4 3.6 2499.1 0.9465293288 0.0826394558 -0.3118540347 -0.0476986840 0.9918597937 0.1180634052 0.3190721571 -0.0968754515 0.9427661896
-268.7 202.6 2436.7 0.4712936282 -0.8386327624 -0.2730886936 0.2721211016 0.4327913821 -0.8594427109 0.8389472365 0.3307366669 0.4321814775
-362.0 148.7 2270.5 -0.5047457814 -0.8386327624 -0.2047603130 -0.8457192183 0.4327913821 0.3121708632 -0.1731781960 0.3307366669 -0.9276974797
-10.1 189.6 2523.9 0.1447803676 0.7034682631 0.6958239675 -0.9812059999 0.1927388906 0.0093036024 -0.1275675595 -0.6840936542 0.7181521058
29.0 -75.7 2489.4 -0.2407304496 0.6757832170 0.6966820359 -0.9241101742 0.0598852821 -0.3774044812 -0.2967646420 -0.7346637249 0.6100819707
-253.0 -184.9 2489.9 0.9913772345 -0.0157951079 -0.1300834864 0.0245085787 0.9975411892 0.0656576604 0.1287265569 -0.0682796761 0.9893267155
-246.8 -572.2 2516.5 0.9916146398 -0.0260937903 -0.1265680939 0.0166223925 0.9970209002 -0.0753194988 0.1281564087 0.0725840554 0.9890942574
-84.1 -192.4 2549.2 0.8304933906 0.0471550785 -0.5550289154 -0.0613681450 0.9980904460 -0.0070281168 0.5536376834 0.0398979001 0.8318013549
-102.4 -579.8 2533.7 0.8264396787 -0.0833661333 -0.5568191409 0.0201616772 0.9927248359 -0.1187050045 0.5626642108 0.0868761092 0.8221079707
-234.3 362.8 2314.4 0 0 0 0 0 0 0 0 0
-37.1 -329.5 2407.9 0 0 0 0 0 0 0 0 0
-239.5 -851.1 2496.1 0 0 0 0 0 0 0 0 0
-80.8 -837.4 2511.2 0 0 0 0 0 0 0 0 0
-166.1 444.4 2403.7 9 0.9413840771 -0.1026711017 -0.3213326335 0.1892050654 0.9493222237 0.2509756982 0.2792802453 -0.2970622778 0.9131026864
-139.2 196.0 2481.4 0.9413840771 -0.1026711017 -0.3213326335 0.1892050654 0.9493222237 0.2509756982 0.2792802453 -0.2970622778 0.9131026864
-155.1 3.7 2502.2 0.9438601136 0.0819603428 -0.3200165331 -0.0427538268 0.9908932447 0.1276818961 0.3275671005 -0.1068319231 0.9387687445
-268.2 201.8 2436.7 0.4746881425 -0.8381124735 -0.2687724233 0.2496623695 0.4210441411 -0.8720037341 0.8440023065 0.3468274772 0.4091098011
-362.1 152.5 2269.7 -0.5043790936 -0.8381124735 -0.2077719569 -0.8403052688 0.4210441411 0.3414804637 -0.1987178773 0.3468274772 -0.9166361690
-10.3 190.2 2526.2 0.1342252642 0.7091006041 0.6922137737 -0.9826483727 0.1854775399 0.0005402859 -0.1280069798 -0.6802752614 0.7216923237
26.2 -77.1 2491.4 -0.2339069247 0.6853509545 0.6896242499 -0.9207568765 0.0716436580 -0.3835022449 -0.3122408390 -0.7246801257 0.6142836213
-256.3 -184.7 2489.3 0.9900751710 -0.0244444739 -0.1383964568 0.0340870582 0.9971206784 0.0677377358 0.1363421530 -0.0717829764 0.9880576730
-246.8 -571.8 2517.2 0.9907007813 -0.0271186344 -0.1333288699 0.0166628733 0.9967416525 -0.0789202824 0.1350346506 0.0759647414 0.9879245758
-86.7 -193.2 2546.5 0.8257712126 0.0451352000 -0.5621963739 -0.0560439341 0.9984259605 -0.0021617215 0.5612138510 0.0332927853 0.8270009756
-104.2 -580.8 2533.5 0.8206152916 -0.0953965336 -0.5634625554 0.0290273372 0.9916541576 -0.1256163120 0.5707433820 0.0867268443 0.8165356517
-234.9 364.3 2319.8 0 0 0 0 0 0 0 0 0
-38.0 -329.9 2405.6 0 0 0 0 0 0 0 0 0
-239.1 -852.7 2495.8 0 0 0 0 0 0 0 0 0
-79.4 -838.9 2511.0 0 0 0 0 0 0 0 0 0
-165.7 442.7 2404.8 0 0.9375540614 -0.0989540666 -0.3334673047 0.1898664087 0.9488521814 0.2522503734 0.2914499640 -0.2998125851 0.9083883166
-140.0 196.8 2482.5 0.9375540614 -0.0989540666 -0.3334673047 0.1898664087 0.9488521814 0.2522503734 0.2914499640 -0.2998125851 0.9083883166
-155.4 4.2 2501.3 0.9399406910 0.0789603814 -0.3320794404 -0.0418323986 0.9921898246 0.1175131872 0.3387647271 -0.0965637490 0.9359027147
-268.4 202.5 2436.3 0.4755283892 -0.8371834755 -0.2701788545 0.2502551973 0.4231755137 -0.8708012700 0.8433534503 0.3464770317 0.4107414782
-362.1 153.3 2270.2 -0.5056665540 -0.8371834755 -0.2083871514 -0.8402761817 0.4231755137 0.3389077187 -0.1955436021 0.3464770317 -0.9174510241
-11.6 191.1 2528.8 0.1346715838 0.7167733312 0.6841779947 -0.9810395837 0.1935654134 -0.0096822325 -0.1393731683 -0.6699017882 0.7292507887
25.2 -77.4 2490.7 -0.2307305634 0.6915616393 0.6844748855 -0.9230738282 0.0669060051 -0.3787589371 -0.3077306151 -0.7192121148 0.6229252219
-255.6 -184.8 2493.6 0.9882853627 -0.0230255444 -0.1508703083 0.0323812924 0.9976819754 0.0598513298 0.1491424739 -0.0640355647 0.9867400527
-246.7 -572.2 2518.4 0.9889305234 -0.0262908097 -0.1460315585 0.0141845467 0.9964208603 -0.0833325237 0.1476997584 0.0803386867 0.9857639074
-86.5 -192.5 2552.2 0.8187620640 0.0453044102 -0.5723427534 -0.0644883960 0.9978302121 -0.0132692158 0.5704997182 0.0477737933 0.8199071288
-104.1 -579.8 2533.7 0.8135919571 -0.0934372991 -0.5738794804 0.0282798670 0.9921941757 -0.1214535013 0.5807481408 0.0825843513 0.8098835945
-234.8 364.8 2319.5 0 0 0 0 0 0 0 0 0
-38.1 -330.9 2406.2 0 0 0 0 0 0 0 0 0
-239.3 -849.5 2496.1 0 0 0 0 0 0 0 0 0
-79.5 -841.4 2511.9 0 0 0 0 0 0 0 0 0
-168.8 444.3 2407.4 1 0.9291285276 -0.1226518825 -0.3488217890 0.2120585144 0.9495737553 0.2309563756 0.3029047847 -0.2885587811 0.9082854986
-136.9 197.4 2482.4 0.9291285276 -0.1226518825 -0.3488217890 0.2120585144 0.9495737553 0.2309563756 0.3029047847 -0.2885587811 0.9082854986
-151.4 4.7 2500.8 0.9352728724 0.0746899992 -0.3459567428 -0.0367617793 0.9926927686 0.1149332225 0.3520131111 -0.0947759449 0.9311843514
-264.6 202.5 2434.3 0.4939999282 -0.8273743987 -0.2672371566 0.2413706034 0.4257786870 -0.8720394373 0.8352869749 0.3662842214 0.4100385010
-361.5 155.1 2270.6 -0.5142185688 -0.8273743987 -0.2259001136 -0.8365522027 0.4257786870 0.3448085785 -0.1891023368 0.3662842214 -0.9110851884
-9.1 192.4 2530.5 0.1296479702 0.7263786197 0.6749559045 -0.9819250703 0.1887152791 -0.0144811701 -0.1378933042 -0.6608786583 0.7377159595
26.3 -76.1 2492.8 -0.2319384515 0.7010864019 0.6743013859 -0.9221707582 0.0621005706 -0.3817650676 -0.3095248044 -0.7103670835 0.6321178675
-254.9 -184.6 2489.7 0.9859890342 -0.0214758143 -0.1654219776 0.0332631022 0.9970745444 0.0688183382 0.1634601057 -0.0733565763 0.9838188887
-246.5 -571.7 2518.2 0.9867665172 -0.0262494683 -0.1600087434 0.0121664610 0.9960137606 -0.0883662701 0.1616904736 0.0852501392 0.9831523895
-86.5 -192.1 2550.4 0.8109230399 0.0494813733 -0.5830569863 -0.0610257797 0.9981361628 -0.0001681824 0.5819619894 0.0357178897 0.8124312162
-105.7 -579.6 2536.5 0.8056489825 -0.0957118943 -0.5846101046 0.0254071914 0.9915362597 -0.1273199618 0.5918481350 0.0877218992 0.8012619019
-231.8 366.1 2318.3 0 0 0 0 0 0 0 0 0
-37.4 -329.3 2407.8 0 0 0 0 0 0 0 0 0
-239.2 -849.5 2494.4 0 0 0 0 0 0 0 0 0
-80.5 -841.1 2513.4 0 0 0 0 0 0 0 0 0
-165.5 441.5 2395.2 2 0.9320963621 -0.1081374213 -0.3456915617 0.2129400223 0.9356442094 0.2814719379 0.2930066586 -0.3359705508 0.8951373696
-137.2 196.6 2483.1 0.9320963621 -0.1081374213 -0.3456915617 0.2129400223 0.9356442094 0.2814719379 0.2930066586 -0.3359705508 0.8951373696
-152.9 4.1 2502.0 0.9356818795 0.0810320452 -0.3434141278 -0.0420402437 0.9919420481 0.1195140034 0.3503313661 -0.0973898694 0.9315487742
-265.0 202.4 2435.2 0.4991354644 -0.8182227612 -0.2852635980 0.2362597287 0.4452363849 -0.8636816144 0.8336936831 0.3636978269 0.4155463576
-362.4 156.3 2272.6 -0.5268368721 -0.8182227612 -0.2301183939 -0.8339241743 0.4452363849 0.3260906041 -0.1643576622 0.3636978269 -0.9169026613
-9.4 190.9 2531.0 0.1438483447 0.7235096097 0.6751603484 -0.9791144133 0.2031085789 -0.0090452898 -0.1436752081 -0.6597580910 0.7376155257
30.3 -79.4 2491.3 -0.2495132387 0.6917222738 0.6776897907 -0.9189786315 0.0515103377 -0.3909283876 -0.3053219020 -0.7203242183 0.6228254437
-249.6 -184.7 2487.7 0.9865902066 -0.0092926538 -0.1629520059 0.0195331909 0.9979248643 0.0613547824 0.1620437056 -0.0637150034 0.9847244620
-246.0 -572.0 2512.4 0.9867516160 -0.0239675418 -0.1604581326 0.0135533065 0.9977483153 -0.0656858385 0.1616711617 0.0626408681 0.9848545790
-82.1 -191.3 2550.8 0.8116652369 0.0582287833 -0.5812133551 -0.0640344098 0.9978919029 0.0105495313 0.5806023479 0.0286549646 0.8136828542
-104.7 -578.6 2539.6 0.8070251346 -0.0910404921 -0.5834569931 0.0131879207 0.9905764461 -0.1363246739 0.5903698206 0.1023228541 0.8006207347
-229.9 366.1 2313.9 0 0 0 0 0 0 0 0 0
-38.2 -331.7 2407.5 0 0 0 0 0 0 0 0 0
-239.3 -852.1 2494.8 0 0 0 0 0 0 0 0 0
-80.5 -841.9 2512.4 0 0 0 0 0 0 0 0 0
-168.4 445.8 2400.6 3 0.9298257828 -0.1256234050 -0.3458941877 0.2214962691 0.9416549206 0.2534273267 0.2938765585 -0.3122575581 0.9034001231
-135.3 197.5 2482.9 0.9298257828 -0.1256234050 -0.3458941877 0.2214962691 0.9416549206 0.2534273267 0.2938765585 -0.3122575581 0.9034001231
-150.3 5.2 2504.4 0.9362130165 0.0772972256 -0.3428269625 -0.0339196622 0.9908319116 0.1307730675 0.3497922719 -0.1108028740 0.9302515984
-263.2 202.2 2435.1 0.5076677203 -0.8126308322 -0.2861898243 0.2394528538 0.4521763921 -0.8591849804 0.8276084661 0.3676515222 0.4241421223
-362.3 155.4 2273.6 -0.5300199389 -0.8126308322 -0.2423014790 -0.8357291818 0.4521763921 0.3115978837 -0.1436510384 0.3676515222 -0.9188017845
-7.4 192.9 2530.7 0.1319448501 0.7229195833 0.6782166958 -0.9815793633 0.1906608790 -0.0122647192 -0.1381757855 -0.6641052365 0.7347596288
29.2 -78.9 2492.4 -0.2488179058 0.6930479407 0.6765900850 -0.9193382263 0.0508435294 -0.3901694715 -0.3048063815 -0.7190963030 0.6244946718
-252.5 -184.7 2489.5 0.9867122173 -0.0157289952 -0.1617144942 0.0237134900 0.9985867143 0.0475629866 0.1607378274 -0.0507657938 0.9856907129
-246.4 -572.3 2509.2 0.9869108200 -0.0247859862 -0.1593510211 0.0166965704 0.9985124469 -0.0519048423 0.1604004800 0.0485648327 0.9858565331
-84.8 -192.2 2552.3 0.8122255802 0.0471016020 -0.5814387798 -0.0592498817 0.9982413650 -0.0019013233 0.5803266764 0.0359944813 0.8135879636
-103.1 -579.7 2538.3 0.8079951406 -0.0874792412 -0.5826587081 0.0131613975 0.9913493991 -0.1305878311 0.5890421271 0.0978457332 0.8021568656
-229.0 365.5 2309.7 0 0 0 0 0 0 0 0 0
-39.1 -331.3 2408.7 0 0 0 0 0 0 0 0 0
-239.4 -851.5 2495.7 0 0 0 0 0 0 0 0 0
-79.9 -842.1 2512.4 0 0 0 0 0 0 0 0 0
-167.9 446.7 2400.3 4 0.9329105020 -0.1188211218 -0.3399405181 0.2134167403 0.9427830577 0.2561511695 0.2900539935 -0.3115151227 0.9048905969
-136.3 196.5 2482.9 0.9329105020 -0.1188211218 -0.3399405181 0.2134167403 0.9427830577 0.2561511695 0.2900539935 -0.3115151227 0.9048905969
-152.5 4.1 2502.3 0.9376521111 0.0831801146 -0.3374753296 -0.0439189486 0.9915135503 0.1223600954 0.3447892666 -0.0999096408 0.9333479404
-264.4 202.5 2435.8 0.4985225797 -0.8140118718 -0.2980937362 0.2416912168 0.4607509077 -0.8539870977 0.8325026035 0.3536852300 0.4264342487
-362.4 155.1 2272.3 -0.5323811769 -0.8140118718 -0.2322819233 -0.8353309631 0.4607509077 0.2998846173 -0.1370855421 0.3536852300 -0.9252644777
-8.2 190.5 2530.0 0.1401161104 0.7203065753 0.6793569326 -0.9801421762 0.1981375068 -0.0079281628 -0.1403167993 -0.6647555232 0.7337651253
