-187.0 399.6 2449.5 50 0.9298048019 -0.1112066433 -0.3508505821 0.1676311344 0.9766042829 0.1346993893 0.3276627064 -0.1840576231 0.9266930223
-164.7 203.2 2486.5 0.9298048019 -0.1112066433 -0.3508505821 0.1676311344 0.9766042829 0.1346993893 0.3276627064 -0.1840576231 0.9266930223
-140.6 14.0 2522.0 0.9284287691 -0.1239307523 -0.3502301872 0.1790535003 0.9752726555 0.1295495033 0.3255147636 -0.1829874218 0.9276614189
-291.4 178.7 2442.1 0.4229418933 -0.7638503909 -0.4874964058 0.2841697633 0.6226488948 -0.7290788293 0.8604462147 0.1698262393 0.4804075062
-357.1 134.5 2308.4 -0.6289702058 -0.7638503909 -0.1446688473 -0.7771623731 0.6226488948 0.0912524164 0.0203747097 0.1698262393 -0.9852633476
-37.9 227.6 2531.0 0.1973954290 0.6080214381 0.7689895630 -0.9763263464 0.1926984787 0.0982556343 -0.0884415880 -0.7701799870 0.6316651702
15.4 -36.1 2507.1 -0.1140555739 0.6053563356 0.7877404690 -0.9486947656 0.1690059900 -0.2672362030 -0.2949059904 -0.7778050303 0.5550222993
-207.3 -189.2 2526.1 0.9905340672 0.0984574407 -0.0956472680 -0.1015021354 0.9944552779 -0.0274947919 0.0924098641 0.0369429290 0.9950354695
-245.4 -574.7 2511.7 0.9947978258 -0.0263068974 -0.0984133855 0.0208758470 0.9982228875 -0.0558145493 0.0997068062 0.0534697324 0.9935791492
-41.8 -160.0 2587.5 0.8208530545 0.1872410327 -0.5395749211 -0.2492840290 0.9674523473 -0.0435134508 0.5138655305 0.1702255607 0.8408123851
-114.4 -535.3 2521.5 0.8298057318 -0.1096611619 -0.5471716523 0.0750269294 0.9935234189 -0.0853354856 0.5529858470 0.0297592655 0.8326590061
-193.5 336.7 2303.1 0 0 0 0 0 0 0 0 0
-15.9 -296.6 2426.1 0 0 0 0 0 0 0 0 0
-238.3 -846.2 2497.2 0 0 0 0 0 0 0 0 0
-81.2 -836.7 2512.5 0 0 0 0 0 0 0 0 0
-193.0 395.8 2449.4 51 0.9291951060 -0.1297554672 -0.3460636139 0.1841695309 0.9743704796 0.1291656494 0.3204342127 -0.1837544590 0.9292772412
-167.2 202.4 2485.8 0.9291951060 -0.1297554672 -0.3460636139 0.1841695309 0.9743704796 0.1291656494 0.3204342127 -0.1837544590 0.9292772412
-140.8 13.5 2521.3 0.9283821583 -0.1363552064 -0.3457077742 0.1901202947 0.9735690355 0.1265608966 0.3193131387 -0.1832229346 0.9297679663
-294.0 176.4 2442.2 0.4490231276 -0.7980275750 -0.4019081891 0.3632162511 0.5739838481 -0.7339049578 0.8163652420 0.1835607290 0.5475885868
-367.5 117.0 2308.6 -0.5877575278 -0.7980275750 -0.1330153048 -0.8085915446 0.5739838481 0.1293146908 -0.0268480554 0.1835607290 -0.9826416373
-40.5 228.4 2529.4 0.2173669040 0.6006776094 0.7693750858 -0.9726659656 0.1992601901 0.1192321628 -0.0816857368 -0.7742621303 0.6275712252
18.3 -34.4 2507.4 -0.1305372864 0.5953277349 0.7928082347 -0.9491637349 0.1559886932 -0.2734149694 -0.2864406109 -0.7881956697 0.5447010994
-199.6 -191.5 2528.3 0.9887902737 0.1197349653 -0.0892037526 -0.1228591129 0.9919590950 -0.0303766187 0.0848493353 0.0409956016 0.9955500960
-246.0 -576.2 2512.4 0.9953367114 -0.0279733371 -0.0923165530 0.0228204112 0.9981468916 -0.0564092435 0.0937234387 0.0540394858 0.9941306114
-33.5 -159.2 2586.6 0.8245753646 0.1989166737 -0.5296297073 -0.2515705526 0.9674243927 -0.0283255316 0.5067422390 0.1565957665 0.8477559090
-110.7 -534.6 2525.8 0.8341103196 -0.1016715914 -0.5421465635 0.0591602921 0.9936860800 -0.0953311175 0.5484159589 0.0474431179 0.8348587155
-226.1 311.6 2315.0 0 0 0 0 0 0 0 0 0
-17.6 -295.0 2428.7 0 0 0 0 0 0 0 0 0
-238.5 -846.1 2497.8 0 0 0 0 0 0 0 0 0
-79.7 -836.8 2511.4 0 0 0 0 0 0 0 0 0
-199.8 394.5 2450.3 52 0.9315979481 -0.1488313824 -0.3316240013 0.2011587024 0.9709846377 0.1293212622 0.3027547598 -0.1871844679 0.9345060587
-170.5 203.2 2487.2 0.9315979481 -0.1488313824 -0.3316240013 0.2011587024 0.9709846377 0.1293212622 0.3027547598 -0.1871844679 0.9345060587
-140.9 14.8 2523.4 0.9311138988 -0.1522189826 -0.3314458132 0.2042804360 0.9704851508 0.1281720400 0.3021530211 -0.1870506555 0.9347275496
-297.6 175.2 2445.9 0.4221771359 -0.8132395744 -0.4005094469 0.3580054045 0.5554728508 -0.7505211830 0.8328256607 0.1734683514 0.5256521106
-368.2 115.4 2306.7 -0.5687671304 -0.8132395744 -0.1230662689 -0.8217505217 0.5554728508 0.1271848828 -0.0350718163 0.1734683514 -0.9842147827
-43.3 231.1 2528.4 0.2424043566 0.5835182071 0.7750784755 -0.9672885537 0.2069456875 0.1467185318 -0.0747862011 -0.7852897644 0.6145950556
22.5 -31.6 2508.1 -0.1428069174 0.5773792863 0.8038901687 -0.9449041486 0.1621860713 -0.2843444943 -0.2945544124 -0.8002055287 0.5224067569
-197.4 -192.5 2528.3 0.9894171953 0.1254392266 -0.0729284585 -0.1281959862 0.9911514521 -0.0344179049 0.0679657981 0.0434028022 0.9967431426
-246.1 -577.2 2511.4 0.9967843294 -0.0275995936 -0.0752283484 0.0236664228 0.9983308315 -0.0526823774 0.0765567869 0.0507325791 0.9957736731
-31.2 -158.4 2585.5 0.8325154781 0.2020812631 -0.5158305764 -0.2563287020 0.9659456611 -0.0352792405 0.4911350012 0.1615926921 0.8559638858
-109.6 -533.3 2522.7 0.8466081023 -0.0920059830 -0.5242037773 0.0600743145 0.9951694608 -0.0776456520 0.5288154483 0.0342442542 0.8480457067
-227.6 318.5 2315.4 0 0 0 0 0 0 0 0 0
-16.7 -291.1 2427.2 0 0 0 0 0 0 0 0 0
-238.8 -841.5 2498.0 0 0 0 0 0 0 0 0 0
-81.5 -837.5 2512.3 0 0 0 0 0 0 0 0 0
-203.3 395.0 2455.4 53 0.9317366481 -0.1596938372 -0.3261359632 0.2030265778 0.9737151861 0.1032421812 0.3010764122 -0.1624087989 0.9396682382
-171.9 203.8 2487.3 0.9317366481 -0.1596938372 -0.3261359632 0.2030265778 0.9737151861 0.1032421812 0.3010764122 -0.1624087989 0.9396682382
-140.6 14.9 2518.8 0.9314743280 -0.1614369303 -0.3260272145 0.2046173662 0.9734518528 0.1025826558 0.3008111715 -0.1622639298 0.9397782087
-299.1 175.8 2446.2 0.4298469126 -0.7949737906 -0.4280751646 0.3524230421 0.5842267275 -0.7310794592 0.8312819004 0.1633886993 0.5312951207
-371.8 116.2 2305.6 -0.5941946507 -0.7949737906 -0.1222679392 -0.8041696548 0.5842267275 0.1095003784 -0.0156177292 0.1633886993 -0.9864381552
-44.7 231.7 2528.4 0.2731981277 0.5799883008 0.7674479485 -0.9598125815 0.2176012993 0.1772273630 -0.0642078817 -0.7850243449 0.6161283255
28.8 -26.4 2511.1 -0.1601516455 0.5712534785 0.8049974442 -0.9401093721 0.1603349149 -0.3008108139 -0.3009084165 -0.8049609661 0.5113628507
-194.7 -191.9 2532.6 0.9890137911 0.1336437911 -0.0631749183 -0.1362482011 0.9899117947 -0.0388728008 0.0573424846 0.0470532067 0.9972451329
-246.6 -576.1 2514.4 0.9973891973 -0.0288712494 -0.0661907867 0.0248138383 0.9978095293 -0.0613220520 0.0678162426 0.0595195070 0.9959208965
-28.0 -155.2 2586.7 0.8345729709 0.2220051885 -0.5041841865 -0.2768437564 0.9602615237 -0.0354300626 0.4762830138 0.1691492200 0.8628690839
-114.1 -527.9 2521.1 0.8515752554 -0.1075502485 -0.5130813718 0.0798484161 0.9939196706 -0.0758152083 0.5181156397 0.0235936195 0.8549851179
-223.1 317.5 2309.5 0 0 0 0 0 0 0 0 0
-15.2 -284.5 2428.5 0 0 0 0 0 0 0 0 0
-238.8 -845.1 2498.3 0 0 0 0 0 0 0 0 0
-80.6 -838.2 2513.7 0 0 0 0 0 0 0 0 0
-204.9 391.9 2449.2 54 0.9259427190 -0.1649936885 -0.3397162557 0.2155653238 0.9694923162 0.1166886836 0.3100993931 -0.1812780797 0.9332612753
-172.6 201.8 2484.8 0.9259427190 -0.1649936885 -0.3397162557 0.2155653238 0.9694923162 0.1166886836 0.3100993931 -0.1812780797 0.9332612753
-140.4 13.7 2519.9 0.9257892370 -0.1659846455 -0.3396519125 0.2164646387 0.9693372250 0.1163118333 0.3099312782 -0.1812028736 0.9333317280
-299.1 172.2 2442.4 0.4517902136 -0.7801552415 -0.4327163100 0.3369075060 0.5983262658 -0.7269793749 0.8260623217 0.1826568097 0.5331581235
-373.0 117.1 2307.2 -0.6088806987 -0.7801552415 -0.1436039358 -0.7932588458 0.5983262658 0.1128984913 -0.0021563533 0.1826568097 -0.9831743836
-46.1 231.4 2527.1 0.2906561792 0.5822125673 0.7593072653 -0.9545003176 0.2317435592 0.1876808107 -0.0666944385 -0.7793095708 0.6230797768
30.8 -21.2 2509.4 -0.1466588676 0.5725662112 0.8066344261 -0.9453508854 0.1589350998 -0.2846952081 -0.2912093699 -0.8043056726 0.5179667473
-192.7 -192.3 2523.3 0.9873197079 0.1391912103 -0.0763254240 -0.1410811543 0.9897974133 -0.0199293438 0.0727727190 0.0304447133 0.9968837500
-246.7 -576.5 2511.5 0.9962404370 -0.0312013905 -0.0808172449 0.0270346794 0.9982733727 -0.0521482006 0.0823047981 0.0497672819 0.9953638315
-25.8 -155.7 2577.2 0.8273330331 0.2248174399 -0.5147593021 -0.2736662924 0.9616196156 -0.0198623221 0.4905372560 0.1573050320 0.8571045995
-113.1 -528.9 2516.1 0.8444054723 -0.1079404503 -0.5247173309 0.0867814198 0.9941145778 -0.0648472384 0.5286288261 0.0092216460 0.8488029838
-219.6 317.0 2307.7 0 0 0 0 0 0 0 0 0
-9.5 -280.7 2429.5 0 0 0 0 0 0 0 0 0
-238.1 -850.3 2497.8 0 0 0 0 0 0 0 0 0
-79.5 -838.2 2513.2 0 0 0 0 0 0 0 0 0
-204.5 392.3 2447.6 55 0.9257244468 -0.1646333933 -0.3404850960 0.2159548700 0.9691832662 0.1185213849 0.3104798794 -0.1832475513 0.9327499866
-172.2 202.4 2483.5 0.9257244468 -0.1646333933 -0.3404850960 0.2159548700 0.9691832662 0.1185213849 0.3104798794 -0.1832475513 0.9327499866
-140.2 14.3 2519.1 0.9256478548 -0.1651291847 -0.3404532075 0.2164050192 0.9691057205 0.1183340251 0.3103947639 -0.1832114160 0.9327854514
-298.7 172.8 2441.1 0.4543233514 -0.7752175331 -0.4388941526 0.3421974480 0.6067465544 -0.7174674273 0.8224908710 0.1757737398 0.5409365892
-372.5 117.2 2307.4 -0.6155122519 -0.7752175331 -0.1420648247 -0.7881057262 0.6067465544 0.1036723852 0.0058286935 0.1757737398 -0.9844133258
-45.8 232.0 2525.9 0.2987259626 0.5840036273 0.7547864318 -0.9528309107 0.2269599736 0.2015005648 -0.0536292493 -0.7793772817 0.6242555380
33.4 -20.4 2511.7 -0.1495780498 0.5753698945 0.8040994406 -0.9416803122 0.1650346369 -0.2932605743 -0.3014375567 -0.8010699153 0.5171289444
-191.2 -193.8 2527.3 0.9866379499 0.1432294846 -0.0776588470 -0.1452204138 0.9891849160 -0.0205968805 0.0738688856 0.0315993167 0.9967672229
-246.8 -577.7 2515.0 0.9960606098 -0.0290748719 -0.0837726966 0.0237990655 0.9977105856 -0.0633021966 0.0854214132 0.0610591099 0.9944722056
-25.3 -154.9 2582.8 0.8265574574 0.2223006189 -0.5170930028 -0.2738155127 0.9614741206 -0.0243437216 0.4917598963 0.1617095619 0.8555829525
-111.6 -528.2 2520.0 0.8430118561 -0.1035878807 -0.5278262496 0.0760518312 0.9943774939 -0.0736849681 0.5324914455 0.0219751503 0.8461501002
-216.8 316.5 2305.9 0 0 0 0 0 0 0 0 0
-7.7 -279.0 2428.9 0 0 0 0 0 0 0 0 0
-238.8 -850.5 2498.4 0 0 0 0 0 0 0 0 0
-79.4 -837.2 2513.2 0 0 0 0 0 0 0 0 0
-193.1 392.5 2451.9 56 0.9355449677 -0.1326559782 -0.3273499012 0.1804738492 0.9762098193 0.1201813072 0.3036194146 -0.1715131253 0.9372291565
-167.2 201.4 2485.5 0.9355449677 -0.1326559782 -0.3273499012 0.1804738492 0.9762098193 0.1201813072 0.3036194146 -0.1715131253 0.9372291565
-141.4 12.0 2518.7 0.9355142117 -0.1329833567 -0.3273050487 0.1807001382 0.9762085080 0.1198516786 0.3035796881 -0.1712670177 0.9372870326
-294.9 176.7 2444.0 0.4509050250 -0.7833446264 -0.4278502464 0.3499652445 0.5961222649 -0.7226082087 0.8211023211 0.1760949492 0.5429379344
-371.9 116.9 2303.7 -0.6069223285 -0.7833446264 -0.1342254132 -0.7947032452 0.5961222649 0.1143895686 -0.0095917052 0.1760949492 -0.9843264818
-39.5 226.1 2526.9 0.2874840498 0.5804786086 0.7618382573 -0.9555695057 0.2279058397 0.1869380027 -0.0651138648 -0.7817310691 0.6202069521
34.6 -20.0 2510.2 -0.1556254774 0.5703580976 0.8065186739 -0.9430702925 0.1571633220 -0.2931180000 -0.2939373851 -0.8062204123 0.5134291649
-191.1 -193.2 2526.8 0.9874991775 0.1432339698 -0.0657979995 -0.1441677958 0.9895062447 -0.0096459044 0.0637259036 0.0190112758 0.9977863431
-246.7 -577.3 2519.4 0.9967641234 -0.0252795313 -0.0763031617 0.0188796856 0.9963322878 -0.0834594443 0.0781331211 0.0817487985 0.9935855865
-25.2 -154.4 2582.4 0.8297041059 0.2243870199 -0.5111179352 -0.2736392915 0.9615794420 -0.0220569596 0.4865311980 0.1581626981 0.8592275381
-112.3 -527.7 2521.0 0.8471596837 -0.1001261175 -0.5218191743 0.0740245357 0.9947475791 -0.0706942379 0.5261566639 0.0212618858 0.8501217961
-218.2 318.3 2306.2 0 0 0 0 0 0 0 0 0
-8.1 -279.0 2429.4 0 0 0 0 0 0 0 0 0
-239.7 -850.7 2497.0 0 0 0 0 0 0 0 0 0
-81.1 -838.1 2514.4 0 0 0 0 0 0 0 0 0
-189.7 392.6 2451.4 57 0.9303314090 -0.1360705495 -0.3405410945 0.1890721023 0.9736524224 0.1274862289 0.3142215312 -0.1829912663 0.9315465689
-163.1 202.0 2487.2 0.9303314090 -0.1360705495 -0.3405410945 0.1890721023 0.9736524224 0.1274862289 0.3142215312 -0.1829912663 0.9315465689
-136.7 13.1 2522.7 0.9303073883 -0.1363086104 -0.3405115008 0.1892438382 0.9736467004 0.1272747368 0.3141892552 -0.1828443408 0.9315863252
-290.1 176.2 2444.3 0.4684324563 -0.7889084220 -0.3977368176 0.3369289637 0.5756763816 -0.7450339794 0.8167312145 0.2149890214 0.5354715586
-371.2 117.9 2303.0 -0.5923800468 -0.7889084220 -0.1634300947 -0.8054810166 0.5756763816 0.1407022178 -0.0169183295 0.2149890214 -0.9764699340
-36.0 227.9 2530.1 0.2477563024 0.5903933048 0.7681487799 -0.9650176764 0.2205862254 0.1417128891 -0.0857767090 -0.7763874531 0.6243916154
31.1 -33.6 2506.9 -0.1524933279 0.5814283490 0.7991788983 -0.9426619411 0.1573341042 -0.2943373024 -0.2968741357 -0.7982400060 0.5240979791
-199.4 -193.5 2524.8 0.9891080260 0.1234209687 -0.0802035406 -0.1244937330 0.9921840429 -0.0084963823 0.0785280392 0.0183886774 0.9967423081
-247.3 -578.6 2517.7 0.9955001473 -0.0333587714 -0.0886938721 0.0264161509 0.9965775013 -0.0783291906 0.0910032839 0.0756337717 0.9929742813
-31.9 -161.1 2579.2 0.8261755705 0.2083127648 -0.5234879851 -0.2570703030 0.9661591649 -0.0212458018 0.5013469458 0.1521259844 0.8517681360
-112.7 -536.2 2520.1 0.8382352591 -0.1079075783 -0.5345255733 0.0792549327 0.9939252734 -0.0763626397 0.5395185947 0.0216460694 0.8416954279
-221.0 322.1 2307.3 0 0 0 0 0 0 0 0 0
-10.8 -292.4 2425.4 0 0 0 0 0 0 0 0 0
-238.1 -852.3 2496.9 0 0 0 0 0 0 0 0 0
-80.0 -837.9 2513.6 0 0 0 0 0 0 0 0 0
-193.6 389.9 2446.8 58 0.9288176298 -0.1428270638 -0.3419039249 0.2018707693 0.9688144326 0.1436900645 0.3107185960 -0.2024822533 0.9286844730
-165.6 200.3 2486.4 0.9288176298 -0.1428270638 -0.3419039249 0.2018707693 0.9688144326 0.1436900645 0.3107185960 -0.2024822533 0.9286844730
-137.9 12.3 2525.7 0.9288064241 -0.1429353952 -0.3418890834 0.2019467652 0.9688134789 0.1435895860 0.3107027113 -0.2024103254 0.9287055135
-292.5 172.7 2444.0 0.4263685644 -0.8104634881 -0.4016948938 0.2900958359 0.5431423187 -0.7879345417 0.8567696810 0.2194204926 0.4666908979
-365.1 123.3 2298.2 -0.5672012568 -0.8104634881 -0.1463955790 -0.8212250471 0.5431423187 0.1748881638 -0.0622268356 0.2194204926 -0.9736438990
-38.8 227.9 2528.8 0.2599584162 0.5838993788 0.7690794468 -0.9615960121 0.2291731834 0.1510389000 -0.0880608708 -0.7788075209 0.6210507751
30.8 -29.4 2505.3 -0.1672439575 0.5707219839 0.8039314747 -0.9444846511 0.1411524266 -0.2966896594 -0.2828041911 -0.8089205027 0.5154312849
-193.5 -192.8 2530.1 0.9868749380 0.1373843849 -0.0848726034 -0.1396839917 0.9899572134 -0.0217498075 0.0810321644 0.0333196819 0.9961544275
-246.9 -577.0 2517.2 0.9951702356 -0.0346365422 -0.0918503851 0.0279779416 0.9969528913 -0.0728160962 0.0940926000 0.0698946267 0.9931069016
-26.9 -158.9 2586.4 0.8209112287 0.2177432626 -0.5279134512 -0.2723321617 0.9618310332 -0.0267625526 0.5019361973 0.1657374948 0.8488764167
-111.4 -532.2 2522.0 0.8358967900 -0.1037483737 -0.5389924049 0.0723802000 0.9942335486 -0.0791249350 0.5440933704 0.0271279067 0.8385859728
-221.4 331.3 2313.9 0 0 0 0 0 0 0 0 0
-15.1 -288.7 2427.6 0 0 0 0 0 0 0 0 0
-237.3 -851.6 2497.9 0 0 0 0 0 0 0 0 0
-79.4 -838.9 2513.7 0 0 0 0 0 0 0 0 0
-192.1 392.5 2449.0 59 0.9323115945 -0.1408226788 -0.3331127465 0.1954750419 0.9711574316 0.1365382969 0.3042772412 -0.1924114525 0.9329486489
-164.5 202.3 2486.7 0.9323115945 -0.1408226788 -0.3331127465 0.1954750419 0.9711574316 0.1365382969 0.3042772412 -0.1924114525 0.9329486489
-137.2 13.9 2524.0 0.9323007464 -0.1409182847 -0.3331026137 0.1955496669 0.9711522460 0.1364684403 0.3042624593 -0.1923677325 0.9329624772
-291.8 175.6 2445.1 0.3966319561 -0.8408915401 -0.3682180047 0.3529300392 0.5099743009 -0.7844530940 0.8474216461 0.1811839640 0.4990479946
-363.1 112.2 2292.9 -0.5311098695 -0.8408915401 -0.1040369198 -0.8419464827 0.5099743009 0.1762167066 -0.0951229855 0.1811839640 -0.9788380861
-37.1 229.1 2528.2 0.2436025143 0.5817058086 0.7760645151 -0.9657462835 0.2192394733 0.1388097703 -0.0893975124 -0.7832958698 0.6151875257
29.4 -34.8 2503.8 -0.1789307445 0.5686782598 0.8028628826 -0.9405154586 0.1406821758 -0.3092558384 -0.2888155878 -0.8104403615 0.5096783638
-193.4 -193.8 2537.2 0.9874379039 0.1382272542 -0.0765479282 -0.1410866231 0.9894379377 -0.0332731269 0.0711401775 0.0436550379 0.9965105653
-247.0 -577.9 2520.2 0.9960258603 -0.0313911140 -0.0833494365 0.0244870745 0.9962819219 -0.0825997069 0.0856324360 0.0802304596 0.9930912256
-27.0 -157.6 2592.8 0.8239250779 0.2107850462 -0.5260391235 -0.2814225852 0.9578920603 -0.0569573790 0.4918829203 0.1949679106 0.8485509157
-108.8 -529.3 2517.2 0.8448405862 -0.0938146114 -0.5267288089 0.0730731115 0.9955138564 -0.0601042062 0.5300044417 0.0122887613 0.8479058146
-239.4 308.3 2315.1 0 0 0 0 0 0 0 0 0
-19.7 -293.1 2424.5 0 0 0 0 0 0 0 0 0
-238.4 -850.9 2498.3 0 0 0 0 0 0 0 0 0
-79.6 -838.6 2513.4 0 0 0 0 0 0 0 0 0
-206.0 390.0 2443.9 60 0.9294739962 -0.1658702791 -0.3294922113 0.2201412767 0.9661312699 0.1346409023 0.2959998250 -0.1976800710 0.9345088005
-173.6 200.9 2482.6 0.9294739962 -0.1658702791 -0.3294922113 0.2201412767 0.9661312699 0.1346409023 0.2959998250 -0.1976800710 0.9345088005
-141.4 13.5 2520.9 0.9294673204 -0.1659046113 -0.3294937313 0.2201800793 0.9661211967 0.1346497089 0.2959918678 -0.1977004558 0.9345070124
-300.5 170.9 2442.2 0.3821603060 -0.8382175565 -0.3890306950 0.3326602578 0.5175484419 -0.7883405089 0.8621430397 0.1718573719 0.4766281545
-366.5 113.4 2293.3 -0.5368578434 -0.8382175565 -0.0957864076 -0.8384920359 0.5175484419 0.1705129892 -0.0933528692 0.1718573719 -0.9806886911
-46.6 231.0 2523.0 0.2815098464 0.4282347858 0.8587008715 -0.9572812915 0.1869487613 0.2205962092 -0.0660660937 -0.8841182590 0.4625690579
30.1 -29.8 2505.0 -0.1870697588 0.4282347858 0.8840926886 -0.9388342500 0.1869487613 -0.2892066240 -0.2891283631 -0.8841182590 0.3670690060
-193.3 -192.1 2534.1 0.9880782962 0.1375644952 -0.0691183060 -0.1401352137 0.9895549417 -0.0338106900 0.0637452081 0.0430935174 0.9970353246
-246.7 -576.3 2517.4 0.9967920780 -0.0286847316 -0.0747181103 0.0231061578 0.9969544411 -0.0744844303 0.0766271204 0.0725190341 0.9944190383
-26.3 -157.1 2588.6 0.8279048204 0.2223701924 -0.5149030685 -0.2869484425 0.9567327499 -0.0481977165 0.4819068611 0.1876537502 0.8558924198
-112.6 -528.4 2515.8 0.8509378433 -0.0989252329 -0.5158668160 0.0839387625 0.9950940609 -0.0523647480 0.5185161829 0.0012579263 0.8550668955
-235.8 317.5 2316.0 0 0 0 0 0 0 0 0 0
-21.3 -287.6 2425.6 0 0 0 0 0 0 0 0 0
-238.9 -849.0 2497.6 0 0 0 0 0 0 0 0 0
-81.8 -838.1 2515.4 0 0 0 0 0 0 0 0 0
-190.9 392.0 2449.3 61 0.9342109561 -0.1265884191 -0.3335045874 0.1777734756 0.9757627249 0.1276074201 0.3092677295 -0.1785005033 0.9340723157
-166.2 201.2 2484.2 0.9342109561 -0.1265884191 -0.3335045874 0.1777734756 0.9757627249 0.1276074201 0.3092677295 -0.1785005033 0.9340723157
-141.6 12.0 2518.8 0.9342091680 -0.1265607178 -0.3335201144 0.1777873039 0.9757445455 0.1277272403 0.3092651963 -0.1786195934 0.9340503812
-293.7 176.9 2442.0 0.4332224429 -0.8153698444 -0.3840447068 0.3097372353 0.5348436236 -0.7861330509 0.8463930488 0.2216175348 0.4842566550
-372.5 120.5 2287.9 -0.5688578486 -0.8153698444 -0.1075768098 -0.8112764359 0.5348436236 0.2361627072 -0.1350231767 0.2216175348 -0.9657403231
-38.7 225.4 2526.4 0.2652422488 0.4415870607 0.8571157455 -0.9605592489 0.1980087012 0.1952394694 -0.0835011527 -0.8750962019 0.4766908288
29.7 -22.3 2504.9 -0.1790623665 0.4392601550 0.8803335428 -0.9407046437 0.1855990291 -0.2839503586 -0.2881171405 -0.8789786696 0.3799802363
-192.4 -193.7 2532.8 0.9866614342 0.1439677626 -0.0759768933 -0.1461659968 0.9889644384 -0.0241828673 0.0716568902 0.0349655412 0.9968162775
-248.3 -577.6 2519.2 0.9955831170 -0.0381013863 -0.0858049840 0.0300808344 0.9952208996 -0.0929004923 0.0889345556 0.0899090767 0.9919712543
-25.9 -154.3 2585.8 0.8212859035 0.2321664393 -0.5211412311 -0.2900801003 0.9564991593 -0.0310313348 0.4912666976 0.1766582876 0.8529061675
-116.0 -525.5 2517.2 0.8406420946 -0.1139113009 -0.5294762850 0.0925095230 0.9934646487 -0.0668574944 0.5336318016 0.0072216224 0.8456860781
-247.1 299.4 2317.7 0 0 0 0 0 0 0 0 0
-19.4 -280.6 2425.8 0 0 0 0 0 0 0 0 0
-237.9 -850.5 2494.6 0 0 0 0 0 0 0 0 0
-80.3 -837.7 2515.0 0 0 0 0 0 0 0 0 0
-187.3 393.7 2451.0 62 0.9298593402 -0.1300414056 -0.3441668451 0.1830373704 0.9749807715 0.1261340231 0.3191534281 -0.1802822948 0.9303974509
-161.8 202.9 2486.2 0.9298593402 -0.1300414056 -0.3441668451 0.1830373704 0.9749807715 0.1261340231 0.3191534281 -0.1802822948 0.9303974509
-136.6 13.8 2521.2 0.9298582673 -0.1300357431 -0.3441718817 0.1830454320 0.9749743938 0.1261717975 0.3191519380 -0.1803209782 0.9303904772
-288.8 177.9 2442.7 0.4343302846 -0.8206068277 -0.3714319170 0.2856230438 0.5165458322 -0.8072173595 0.8542696834 0.2445094287 0.4587357044
-367.0 126.5 2289.0 -0.5558210015 -0.8206068277 -0.1329189837 -0.8208765388 0.5165458322 0.2436024547 -0.1312430948 0.2445094287 -0.9607238770
-34.9 227.9 2529.8 0.2159329802 0.4511074424 0.8659532666 -0.9706916809 0.1950062215 0.1404643804 -0.1055017486 -0.8709045053 0.4799945056
23.9 -36.2 2501.1 -0.1481221467 0.4524824917 0.8793858290 -0.9428896308 0.2036471069 -0.2636039555 -0.2983605564 -0.8682093620 0.3964763880
-200.7 -193.1 2525.8 0.9887013435 0.1234837621 -0.0849789008 -0.1250164062 0.9920703173 -0.0129362596 0.0827076286 0.0234138537 0.9962987900
-248.6 -578.1 2516.7 0.9948775172 -0.0390383266 -0.0932453722 0.0315063111 0.9962220788 -0.0809254050 0.0960522965 0.0775730535 0.9923489094
-33.5 -161.3 2581.1 0.8218608499 0.2099318355 -0.5295973420 -0.2664963901 0.9633142352 -0.0317082852 0.5035120249 0.1671955734 0.8476563096
-115.0 -535.1 2516.2 0.8346181512 -0.1189614236 -0.5378296375 0.0954176635 0.9928634167 -0.0715377703 0.5425016284 0.0083882706 0.8400128484
-235.1 321.2 2320.1 0 0 0 0 0 0 0 0 0
-16.8 -295.0 2419.2 0 0 0 0 0 0 0 0 0
-237.8 -853.9 2495.2 0 0 0 0 0 0 0 0 0
-78.5 -839.6 2513.7 0 0 0 0 0 0 0 0 0
-178.5 392.2 2447.4 63 0.9237195253 -0.1116344407 -0.3664423823 0.1738739461 0.9745630622 0.1414027363 0.3413357735 -0.1943312436 0.9196332097
-156.7 201.5 2485.4 0.9237195253 -0.1116344407 -0.3664423823 0.1738739461 0.9745630622 0.1414027363 0.3413357735 -0.1943312436 0.9196332097
-135.0 12.4 2523.2 0.9236949682 -0.1117849872 -0.3664584160 0.1740882546 0.9745044708 0.1415425837 0.3412930369 -0.1945382804 0.9196053147
-282.8 177.7 2438.8 0.4559658468 -0.8126082420 -0.3629917204 0.2723282874 0.5156825781 -0.8123477101 0.8473089337 0.2715499103 0.4564298391
-364.1 129.1 2287.6 -0.5558698773 -0.8126082420 -0.1751472205 -0.8257988095 0.5156825781 0.2283152193 -0.0952104628 0.2715499103 -0.9577032924
-30.5 225.3 2532.1 0.2186072618 0.4696835279 0.8553410172 -0.9688572884 0.2089424729 0.1328854859 -0.1163029447 -0.8577530980 0.5007326603
27.3 -31.2 2501.3 -0.1618371308 0.4648704827 0.8704620600 -0.9454770684 0.1795944124 -0.2716964185 -0.2826337516 -0.8669725060 0.4104593396
-194.6 -191.8 2527.6 0.9836742878 0.1384261250 -0.1149916053 -0.1426048726 0.9893575311 -0.0289049372 0.1097666100 0.0448314101 0.9929458499
-248.4 -575.7 2510.2 0.9922035336 -0.0372420326 -0.1189332753 0.0305740386 0.9978826642 -0.0574061945 0.1208193749 0.0533223599 0.9912413359
-28.1 -159.0 2584.8 0.8034410477 0.2204959244 -0.5530497432 -0.2774096429 0.9605425596 -0.0200462416 0.5268077254 0.1695273221 0.8329070210
-113.7 -531.8 2519.0 0.8165473342 -0.1140894070 -0.5658922195 0.0828019455 0.9932868481 -0.0807782710 0.5713092089 0.0191023052 0.8205125332
-227.8 331.7 2311.0 0 0 0 0 0 0 0 0 0
-17.1 -290.7 2423.7 0 0 0 0 0 0 0 0 0
-238.1 -850.9 2495.5 0 0 0 0 0 0 0 0 0
-78.7 -836.5 2513.1 0 0 0 0 0 0 0 0 0
-170.6 419.9 2437.7 64 0.9251538515 -0.0493315905 -0.3763732016 0.1221552789 0.9774674773 0.1721493304 0.3594001830 -0.2052405924 0.9103338718
-159.6 201.2 2483.6 0.9251538515 -0.0493315905 -0.3763732016 0.1221552789 0.9774674773 0.1721493304 0.3594001830 -0.2052405924 0.9103338718
-135.6 12.8 2523.1 0.9191607833 -0.1238563806 -0.3739023805 0.1895869821 0.9711953402 0.1443483382 0.3452537954 -0.2035663575 0.9161662459
-285.1 175.3 2436.5 0.4685076177 -0.7882736921 -0.3989049792 0.2321922481 0.5455196500 -0.8052918911 0.8524009585 0.2846627533 0.4386111498
-365.2 135.7 2290.8 -0.5825600028 -0.7882736921 -0.1981121600 -0.8105836511 0.5455196500 0.2129845470 -0.0598160364 0.2846627533 -0.9567596912
-34.1 227.1 2530.8 0.2132636607 0.4736212492 0.8545182943 -0.9708258510 0.2008642405 0.1309607029 -0.1096164063 -0.8575176001 0.5026407838
24.5 -39.7 2500.6 -0.1555146426 0.4716530144 0.8679623604 -0.9437223077 0.1886974722 -0.2716274261 -0.2918961942 -0.8613575101 0.4157642424
-196.0 -192.3 2530.3 0.9838281274 0.1338140219 -0.1190631986 -0.1359927505 0.9906559587 -0.0103291925 0.1165684760 0.0263538826 0.9928329587
-248.0 -576.7 2520.1 0.9909198284 -0.0363637768 -0.1294435114 0.0247799326 0.9956333637 -0.0900011510 0.1321510524 0.0859763175 0.9874938726
-30.6 -161.1 2591.4 0.7985271215 0.2143139243 -0.5625157952 -0.2866550386 0.9571005702 -0.0422776602 0.5293235183 0.1950078458 0.8257048726
-113.8 -532.5 2515.7 0.8148384690 -0.1123572141 -0.5686950684 0.0874681026 0.9936348796 -0.0709864870 0.5730510950 0.0080998400 0.8194795847
-219.9 337.8 2305.8 0 0 0 0 0 0 0 0 0
-18.1 -298.8 2420.5 0 0 0 0 0 0 0 0 0
-238.0 -850.1 2496.5 0 0 0 0 0 0 0 0 0
-79.1 -839.2 2513.2 0 0 0 0 0 0 0 0 0
-163.7 427.5 2425.3 65 0.9378589392 0.0079550920 -0.3469255269 0.0774388462 0.9697288275 0.2315799296 0.3382659256 -0.2440548241 0.9088528156
-165.6 199.6 2482.7 0.9378589392 0.0079550920 -0.3469255269 0.0774388462 0.9697288275 0.2315799296 0.3382659256 -0.2440548241 0.9088528156
-137.2 11.4 2520.4 0.9289432764 -0.1462899148 -0.3400935531 0.2024432570 0.9698338509 0.1357902586 0.3099695146 -0.1949910969 0.9305360913
-292.4 171.9 2440.4 0.3846708834 -0.7862619162 -0.4835499227 0.1431195140 0.5683280826 -0.8102592230 0.9118909240 0.2424777150 0.3311486840
-356.8 147.9 2287.6 -0.5946609974 -0.7862619162 -0.1678408235 -0.8025954962 0.5683280826 0.1812283546 -0.0471042991 0.2424777150 -0.9690127969
-38.8 227.3 2525.0 0.2357957661 0.4425828159 0.8651709557 -0.9679265618 0.1863939762 0.1684501916 -0.0867095068 -0.8771417737 0.4723385572
26.4 -40.2 2501.0 -0.1748283505 0.4419651031 0.8798305988 -0.9426081181 0.1830496341 -0.2792539597 -0.2844731808 -0.8781569600 0.3845976293
-193.9 -192.7 2531.7 0.9868068099 0.1403466612 -0.0807163417 -0.1423382312 0.9896270633 -0.0194444675 0.0771501139 0.0306769535 0.9965474606
-248.4 -576.8 2519.8 0.9952104092 -0.0359343030 -0.0909115598 0.0274557695 0.9953014255 -0.0928506330 0.0938209295 0.0899098665 0.9915210009
-29.3 -158.7 2593.5 0.8217685819 0.2130738944 -0.5284845233 -0.2806130350 0.9585238695 -0.0498833209 0.4959362149 0.1892921925 0.8474761248
-112.0 -530.7 2520.0 0.8385516405 -0.1054458395 -0.5345206857 0.0752588958 0.9941052794 -0.0780433863 0.5395991802 0.0252159741 0.8415443301
-205.1 352.7 2299.6 0 0 0 0 0 0 0 0 0
-21.6 -299.0 2422.9 0 0 0 0 0 0 0 0 0
-238.4 -851.7 2494.9 0 0 0 0 0 0 0 0 0
-79.6 -835.6 2512.3 0 0 0 0 0 0 0 0 0
-162.1 429.9 2421.2 66 0.9367872477 -0.0065357010 -0.3498384058 0.0964061841 0.9659472704 0.2401078343 0.3363561630 -0.2586565316 0.9055171609
-160.5 199.3 2482.9 0.9367872477 -0.0065357010 -0.3498384058 0.0964061841 0.9659472704 0.2401078343 0.3363561630 -0.2586565316 0.9055171609
-140.9 10.2 2520.5 0.9331778288 -0.1016858444 -0.3447305560 0.1611646265 0.9756966233 0.1484658718 0.3212555349 -0.1941034347 0.9268865585
-287.8 177.3 2439.0 0.4221709669 -0.7927638292 -0.4396557212 0.1871600896 0.5507700443 -0.8134024143 0.8869852424 0.2611088753 0.3808928728
-360.6 145.1 2286.1 -0.5852487087 -0.7927638292 -0.1703214347 -0.8075083494 0.5507700443 0.2111459225 -0.0735809207 0.2611088753 -0.9625009298
-33.3 221.4 2526.8 0.2413755357 0.4526796937 0.8583815694 -0.9652020335 0.2036950886 0.1639917940 -0.1006123498 -0.8680952787 0.4860943854
31.5 -37.5 2499.8 -0.1904177219 0.4463779926 0.8743498921 -0.9408279061 0.1713491231 -0.2923735380 -0.2803282142 -0.8782859445 0.3873369694
-192.0 -194.9 2530.4 0.9849033952 0.1465535909 -0.0921270773 -0.1482662410 0.9888747931 -0.0119919460 0.0893446803 0.0254702438 0.9956750274
-248.9 -578.8 2520.6 0.9934189916 -0.0459562838 -0.1049129665 0.0353587754 0.9942855835 -0.1007272154 0.1089425012 0.0963547379 0.9893671274
-25.8 -158.6 2585.9 0.8115429282 0.2262508720 -0.5387101173 -0.2828502953 0.9588789344 -0.0233854335 0.5112668276 0.1713526100 0.8421665430
-113.6 -530.8 2519.4 0.8270011544 -0.1116680056 -0.5509985089 0.0813069567 0.9935279489 -0.0793184340 0.5562897325 0.0207964201 0.8307281137
-209.7 353.3 2305.0 0 0 0 0 0 0 0 0 0
-20.8 -295.8 2422.8 0 0 0 0 0 0 0 0 0
-236.3 -851.1 2494.2 0 0 0 0 0 0 0 0 0
-79.0 -838.0 2513.0 0 0 0 0 0 0 0 0 0
-159.9 432.5 2420.1 67 0.9352874160 -0.0040809060 -0.3538655639 0.0978603810 0.9639242887 0.2475343943 0.3400894403 -0.2661451995 0.9019455910
-158.9 200.9 2484.0 0.9352874160 -0.0040809060 -0.3538655639 0.0978603810 0.9639242887 0.2475343943 0.3400894403 -0.2661451995 0.9019455910
-137.3 11.6 2520.4 0.9310756922 -0.1114021093 -0.3474012613 0.1686043292 0.9758403897 0.1389537603 0.3235284388 -0.1879498214 0.9273641109
-286.0 177.9 2439.8 0.4234213829 -0.8195267916 -0.3861219883 0.2280630469 0.5089151263 -0.8300558329 0.8767562509 0.2634032369 0.4023893178
-360.7 137.7 2285.2 -0.5485926867 -0.8195267916 -0.1655956805 -0.8295973539 0.5089151263 0.2297250777 -0.1039917022 0.2634032369 -0.9590643644
-31.8 224.0 2528.2 0.2053587735 0.4592877924 0.8642236590 -0.9740663171 0.1816224903 0.1349373758 -0.0949873552 -0.8695216775 0.4846745431
24.0 -40.8 2502.4 -0.1634312868 0.4612729847 0.8720765114 -0.9409142137 0.1928760111 -0.2783509493 -0.2965984046 -0.8660404682 0.4024963379
-204.6 -193.5 2529.3 0.9893900752 0.1122869775 -0.0921895728 -0.1137566566 0.9934496284 -0.0108282296 0.0903698280 0.0212005209 0.9956825972
-248.2 -578.9 2521.1 0.9940899611 -0.0386894681 -0.1014312282 0.0289781597 0.9950050712 -0.0955259725 0.1046204269 0.0920221210 0.9902456999
-37.7 -164.6 2586.8 0.8180577755 0.1877249330 -0.5436366796 -0.2572850585 0.9648259878 -0.0539921895 0.5143791437 0.1840383261 0.8375822306
-110.5 -538.8 2515.4 0.8313836455 -0.1050846800 -0.5456724763 0.0832792297 0.9944288135 -0.0646216199 0.5494231582 0.0082821706 0.8355032206
-218.6 352.6 2312.1 0 0 0 0 0 0 0 0 0
-20.8 -299.0 2421.0 0 0 0 0 0 0 0 0 0
-237.5 -855.2 2495.5 0 0 0 0 0 0 0 0 0
-78.9 -838.1 2512.9 0 0 0 0 0 0 0 0 0
-159.8 433.8 2418.5 68 0.9345518947 -0.0087438263 -0.3557194471 0.1048031524 0.9621163607 0.2516910732 0.3400427401 -0.2724988759 0.9000640512
-157.7 200.7 2484.5 0.9345518947 -0.0087438263 -0.3557194471 0.1048031524 0.9621163607 0.2516910732 0.3400427401 -0.2724988759 0.9000640512
-137.9 11.0 2520.3 0.9314814806 -0.1017173305 -0.3492790759 0.1587189287 0.9775470495 0.1386004984 0.3273386657 -0.1845410019 0.9267113805
-284.9 179.0 2439.8 0.4482277036 -0.8104921579 -0.3770866692 0.2059344053 0.5041112900 -0.8387269378 0.8698752522 0.2982855141 0.3928648531
-364.6 142.4 2285.2 -0.5509877801 -0.8104921579 -0.1987835765 -0.8289532661 0.5041112900 0.2422979921 -0.0961715877 0.2982855141 -0.9496192932
-30.5 222.4 2529.3 0.2214260995 0.4607489407 0.8594654799 -0.9699136615 0.1955009848 0.1450754255 -0.1011829898 -0.8657307625 0.4901757240
29.5 -40.2 2501.9 -0.1870052814 0.4582051635 0.8689516783 -0.9369770288 0.1825532317 -0.2979066670 -0.2951323092 -0.8698979020 0.3951892853
-199.0 -192.8 2527.9 0.9876520038 0.1239433438 -0.0958202407 -0.1259131134 0.9919313192 -0.0147678172 0.0932167247 0.0266504902 0.9952890873
-247.1 -577.7 2517.5 0.9941276312 -0.0306170527 -0.1037924439 0.0223165732 0.9965280890 -0.0802103877 0.1058878899 0.0774230659 0.9913593531
-32.3 -162.6 2585.9 0.8149239421 0.1979028285 -0.5447324514 -0.2616871595 0.9642745852 -0.0411623232 0.5171255469 0.1760936528 0.8375990987
-109.1 -536.7 2517.5 0.8310301304 -0.0951361731 -0.5480310321 0.0759635270 0.9954446554 -0.0576150082 0.5510157943 0.0062494404 0.8344714046
-223.6 354.4 2309.8 0 0 0 0 0 0 0 0 0
-21.9 -297.4 2420.9 0 0 0 0 0 0 0 0 0
-238.6 -855.0 2496.0 0 0 0 0 0 0 0 0 0
-80.4 -837.0 2515.6 0 0 0 0 0 0 0 0 0
-158.5 434.8 2417.7 69 0.9337203503 -0.0183336306 -0.3575335145 0.1142233163 0.9617483020 0.2489844710 0.3392924666 -0.2733205259 0.9000980854
-154.1 200.1 2484.4 0.9337203503 -0.0183336306 -0.3575335145 0.1142233163 0.9617483020 0.2489844710 0.3392924666 -0.2733205259 0.9000980854
-134.8 10.2 2519.3 0.9312281013 -0.0995208248 -0.3505850434 0.1552569866 0.9786639214 0.1345814168 0.3297112882 -0.1797567755 0.9268106222
-281.3 178.9 2439.4 0.4661272466 -0.8060848713 -0.3646266460 0.2040580958 0.4989823103 -0.8422451615 0.8608633280 0.3181883991 0.3970773816
-365.0 142.3 2284.8 -0.5543850064 -0.8060848713 -0.2070856094 -0.8248306513 0.4989823103 0.2658402324 -0.1109577417 0.3181883991 -0.9415118098
-26.9 221.3 2529.5 0.2160956562 0.4652176797 0.8584143519 -0.9718177915 0.1873039305 0.1431342661 -0.0941957906 -0.8651530147 0.4925823808
30.9 -38.5 2504.3 -0.1961350590 0.4646023810 0.8635251522 -0.9323666096 0.1843689382 -0.3109672368 -0.3036833405 -0.8661135435 0.3970185220
-201.6 -192.9 2526.8 0.9877561927 0.1213575304 -0.0980306640 -0.1242149994 0.9919753671 -0.0235686805 0.0943837687 0.0354569890 0.9949042797
-248.7 -577.9 2513.0 0.9939890504 -0.0379846357 -0.1026787087 0.0317010656 0.9975631833 -0.0621507987 0.1047892794 0.0585221909 0.9927710295
-34.8 -164.5 2585.5 0.8139076829 0.2040781379 -0.5439727306 -0.2641173303 0.9639065862 -0.0335584469 0.5174903274 0.1709861159 0.8384315372
-114.0 -538.6 2519.1 0.8257305622 -0.1130958796 -0.5526104569 0.0845830068 0.9934423566 -0.0769284442 0.5576869249 0.0167807117 0.8298817277
-223.7 352.4 2313.1 0 0 0 0 0 0 0 0 0
-22.9 -294.4 2420.9 0 0 0 0 0 0 0 0 0
-238.3 -853.0 2496.9 0 0 0 0 0 0 0 0 0
-80.0 -836.9 2514.0 0 0 0 0 0 0 0 0 0
-156.7 431.5 2408.4 70 0.9390400052 -0.0190525912 -0.3432796299 0.1164775491 0.9570472836 0.2655061185 0.3234762549 -0.2893052399 0.9009248614
-152.5 217.7 2473.0 0.9390400052 -0.0190525912 -0.3432796299 0.1164775491 0.9570472836 0.2655061185 0.3234762549 -0.2893052399 0.9009248614
-140.8 29.5 2517.4 0.9383611679 -0.0600008778 -0.3404089212 0.1330390722 0.9716443419 0.1954683810 0.3190281093 -0.2287076116 0.9197357893
-280.6 199.5 2429.3 0.4772609472 -0.8128514290 -0.3339079916 0.3238797784 0.5159341693 -0.7930408716 0.8168989420 0.2703413665 0.5095013976
-365.2 142.2 2284.6 -0.5562997460 -0.8128514290 -0.1726358980 -0.8252079487 0.5159341693 0.2298776060 -0.0977875739 0.2703413665 -0.9577855468
-24.4 235.8 2516.7 0.2047066987 0.4643156230 0.8616879582 -0.9773298502 0.1455694735 0.1537398547 -0.0540516563 -0.8736249208 0.4835885465
34.0 -42.8 2501.3 -0.2066119313 0.4716581106 0.8572340012 -0.9300215840 0.1774819046 -0.3218075037 -0.3039266467 -0.8637353778 0.4019823372
-201.4 -189.9 2526.2 0.9877519011 0.1195982173 -0.1002121419 -0.1213102713 0.9925520420 -0.0111462930 0.0981326923 0.0231665336 0.9949036837
-248.2 -578.6 2517.1 0.9934930205 -0.0363676846 -0.1079308093 0.0281160139 0.9966334701 -0.0770140588 0.1103682891 0.0734783486 0.9911708832
-32.3 -165.4 2583.9 0.8061087132 0.2057757080 -0.5548378825 -0.2653720975 0.9637357593 -0.0281259865 0.5289294720 0.1699110866 0.8314829469
-112.3 -539.9 2517.9 0.8185574412 -0.1083793789 -0.5641077757 0.0802469030 0.9939850569 -0.0745261535 0.5687918067 0.0157360323 0.8223309517
-266.4 288.6 2302.0 0 0 0 0 0 0 0 0 0
-22.7 -298.1 2417.8 0 0 0 0 0 0 0 0 0
-238.3 -850.4 2497.1 0 0 0 0 0 0 0 0 0
-79.8 -838.4 2513.1 0 0 0 0 0 0 0 0 0
-166.1 444.7 2423.7 71 0.9071099162 -0.0408862345 -0.4189031720 0.1381225735 0.9690701962 0.2045120001 0.3975848556 -0.2433748394 0.8847004771
-157.5 240.1 2475.1 0.9071099162 -0.0408862345 -0.4189031720 0.1381225735 0.9690701962 0.2045120001 0.3975848556 -0.2433748394 0.8847004771
-145.1 50.7 2514.2 0.9070024490 -0.0626009405 -0.4164464772 0.1401443779 0.9773940444 0.1583048701 0.3971222937 -0.2019455284 0.8952719569
-281.0 221.2 2420.9 0.5613293052 -0.7766172886 -0.2859632969 0.4978689551 0.5929055810 -0.6329213977 0.6610869169 0.2129050791 0.7194688916
-375.6 137.3 2309.5 -0.5940985084 -0.7766172886 -0.2095532268 -0.8017172217 0.5929055810 0.0755811632 0.0655476376 0.2129050791 -0.9748717546
-34.1 259.0 2529.2 0.2153247893 0.5284999013 0.8211718202 -0.9732487202 0.1851466596 0.1360428929 -0.0801385641 -0.8284977674 0.5542284846
30.7 -33.6 2505.1 -0.1998764127 0.5236602426 0.8281481266 -0.9310284853 0.1618899405 -0.3270742893 -0.3053446710 -0.8364039660 0.4551846683
-214.4 -168.7 2533.8 0.9801073670 0.0920975730 -0.1758056879 -0.0965360031 0.9951869249 -0.0168444160 0.1734081954 0.0334809162 0.9842807651
-250.3 -556.6 2520.8 0.9823510647 -0.0422755443 -0.1822064817 0.0259078890 0.9954870343 -0.0912926570 0.1852436364 0.0849608555 0.9790130258
-45.2 -146.6 2590.4 0.7698552012 0.1794227064 -0.6124789715 -0.2524750531 0.9670034051 -0.0340694897 0.5861564279 0.1808642298 0.7897523642
-114.9 -522.1 2520.2 0.7751283050 -0.1116639674 -0.6218578815 0.0708080307 0.9934104681 -0.0901216194 0.6278234720 0.0258232877 0.7779272795
-279.0 267.7 2298.9 0 0 0 0 0 0 0 0 0
-24.2 -289.3 2421.2 0 0 0 0 0 0 0 0 0
-237.7 -852.8 2495.5 0 0 0 0 0 0 0 0 0
-79.5 -837.0 2512.0 0 0 0 0 0 0 0 0 0
-165.2 450.2 2424.8 72 0.9398726821 -0.0133813564 -0.3412626982 0.0866303220 0.9758923650 0.2003228366 0.3303550780 -0.2178416550 0.9183738232
-162.1 220.1 2476.2 0.9398726821 -0.0133813564 -0.3412626982 0.0866303220 0.9758923650 0.2003228366 0.3303550780 -0.2178416550 0.9183738232
-139.8 30.7 2509.4 0.9345951080 -0.1157464087 -0.3363550901 0.1664860696 0.9779519439 0.1260651052 0.3143475056 -0.1738182753 0.9332592487
-288.9 197.3 2433.4 0.4793807566 -0.8021718264 -0.3559697270 0.3384476602 0.5432196856 -0.7683525085 0.8097205162 0.2478562891 0.5319022536
-369.7 140.3 2297.0 -0.5750280619 -0.8021718264 -0.1608199626 -0.8146291971 0.5432196856 0.2032033801 -0.0756434575 0.2478562891 -0.9658392072
-35.2 242.9 2518.9 0.2426576912 0.4612088203 0.8534656763 -0.9696304798 0.1430206001 0.1983980536 -0.0305602476 -0.8756891489 0.4819071889
26.7 -4.6 2511.1 -0.1703184992 0.4698914587 0.8661372066 -0.9393340945 0.1881570518 -0.2867898643 -0.2977299094 -0.8624377847 0.4093384445
-210.4 -159.6 2519.6 0.9926775694 0.0907775164 -0.0796911195 -0.0915139690 0.9957878590 -0.0056306757 0.0788443163 0.0128822960 0.9968037009
-244.9 -537.8 2514.7 0.9962677956 -0.0183850210 -0.0843353048 0.0135313487 0.9982383847 -0.0577668771 0.0852487832 0.0564101115 0.9947615266
-44.4 -136.1 2582.8 0.8248824477 0.1925027966 -0.5315182209 -0.2606649101 0.9638351798 -0.0554580353 0.5016201138 0.1842945069 0.8452294469
-117.3 -501.2 2512.9 0.8385883570 -0.1122098267 -0.5330840349 0.0926680043 0.9936774373 -0.0633860007 0.5368260741 0.0037549259 0.8436845541
-250.7 308.8 2312.6 0 0 0 0 0 0 0 0 0
-20.0 -262.4 2429.4 0 0 0 0 0 0 0 0 0
-239.1 -854.7 2496.8 0 0 0 0 0 0 0 0 0
-79.4 -837.5 2511.7 0 0 0 0 0 0 0 0 0
-164.5 445.5 2419.9 73 0.9434870481 -0.0325195156 -0.3298100829 0.1162823886 0.9643878341 0.2375594378 0.3103395402 -0.2624853551 0.9136688709
-156.8 217.2 2482.0 0.9434870481 -0.0325195156 -0.3298100829 0.1162823886 0.9643878341 0.2375594378 0.3103395402 -0.2624853551 0.9136688709
-143.3 26.2 2510.6 0.9436178207 -0.0701177046 -0.3235257268 0.1137963384 0.9864583611 0.1181113422 0.3108629584 -0.1482680142 0.9388188124
-285.1 201.6 2439.7 0.4565097392 -0.8077841997 -0.3729390204 0.3321923912 0.5436023474 -0.7708078623 0.8253769279 0.2279937714 0.5164995193
-367.6 141.6 2290.6 -0.5743021965 -0.8077841997 -0.1328971237 -0.8129380345 0.5436023474 0.2088737339 -0.0964817181 0.2279937714 -0.9688705206
-28.4 232.7 2524.3 0.2451322079 0.4541409612 0.8565431833 -0.9671761990 0.1755528450 0.1837155521 -0.0669358298 -0.8734627366 0.4822679758
