-322.1 499.0 2737.8 1 0.9105871320 0.0037352887 -0.4133002162 -0.0463882796 0.9945648313 -0.0932145268 0.4107056856 0.1040522382 0.9058112502
-322.8 298.6 2716.9 0.9105871320 0.0037352887 -0.4133002162 -0.0463882796 0.9945648313 -0.0932145268 0.4107056856 0.1040522382 0.9058112502
-323.1 101.2 2694.5 0.9105831981 0.0015274097 -0.4133229554 -0.0478737801 0.9936525226 -0.1017977521 0.4105438888 0.1124826595 0.9048764110
-455.8 305.6 2656.9 0.3399107754 -0.7343466282 -0.5875335932 0.1807211936 0.6640915275 -0.7254807353 0.9229304194 0.1404189616 0.3584438562
-535.6 263.2 2440.4 -0.6767710447 -0.7343466282 0.0521153659 -0.7004573345 0.6640915275 0.2614230514 -0.2265845090 0.1404189616 -0.9638163447
-189.9 291.6 2776.8 0.1276031733 0.9617682099 -0.2423206866 -0.9849559069 0.1515842676 0.0829703808 0.1165302843 0.2280879170 0.9666419029
-157.6 42.9 2806.3 0.1067337915 0.9738801122 -0.2004130334 -0.9814633131 0.0709257498 -0.1780429184 -0.1591780186 0.2157012373 0.9633978009
-405.2 -86.4 2636.6 0.8377928734 -0.0013534077 -0.5459865332 0.0615215823 0.9938623309 0.0919386148 0.5425110459 -0.1106154695 0.8327340484
-404.7 -481.2 2680.5 0.8365228772 0.0474524274 -0.5458734035 -0.0082749734 0.9972233772 0.0740070269 0.5478695035 -0.0573914833 0.8345928192
-239.0 -94.1 2713.4 0.2986131012 0.2041827589 -0.9322765470 -0.0174240209 0.9778494835 0.2085829079 0.9542151690 -0.0460415855 0.2955563664
-320.1 -482.6 2731.7 0.2975246906 -0.0412580520 -0.9538221955 0.0120802419 0.9991484880 -0.0394504853 0.9546377063 0.0002150905 0.2977697551
-348.2 457.1 2503.1 0 0 0 0 0 0 0 0 0
-127.2 -237.4 2760.8 0 0 0 0 0 0 0 0 0
-417.5 -749.8 2696.0 0 0 0 0 0 0 0 0 0
-308.1 -772.6 2731.6 0 0 0 0 0 0 0 0 0
-314.0 523.0 2746.3 2 0.9033878446 0.0219896846 -0.4282602370 -0.0760442242 0.9910712242 -0.1095223874 0.4220280349 0.1315079182 0.8969938755
-319.1 293.0 2715.8 0.9033878446 0.0219896846 -0.4282602370 -0.0760442242 0.9910712242 -0.1095223874 0.4220280349 0.1315079182 0.8969938755
-321.4 95.5 2694.4 0.9037212729 0.0113372868 -0.4279711843 -0.0561836772 0.9941445589 -0.0923040658 0.4244187474 0.1074621454 0.8990665078
-451.1 301.2 2653.8 0.3639461696 -0.7297898531 -0.5787486434 0.1385602057 0.6568688750 -0.7411642075 0.9210560322 0.1895523369 0.3401847482
-536.1 268.8 2438.6 -0.6830056906 -0.7297898531 0.0301672798 -0.6882621050 0.6568688750 0.3079261780 -0.2445373535 0.1895523369 -0.9509318471
-187.1 284.8 2777.8 0.0998967364 0.9616971612 -0.2552630901 -0.9883618355 0.1254893094 0.0859841555 0.1147235036 0.2437027693 0.9630407691
-161.9 35.6 2806.7 0.1286403239 0.9675348997 -0.2175497413 -0.9776412845 0.0869323462 -0.1914689094 -0.1663407385 0.2373162210 0.9570850134
-406.9 -91.9 2634.5 0.8301860690 -0.0141702099 -0.5573062897 0.0947788879 0.9887112975 0.1160472482 0.5493705869 -0.1491616815 0.8221573830
-401.3 -484.4 2693.7 0.8291201591 0.0675550699 -0.5549739599 -0.0497914627 0.9976506233 0.0470531099 0.5568488240 -0.0113797141 0.8305358887
-240.0 -100.6 2709.8 0.2875084281 0.2054332793 -0.9354870915 0.0000381946 0.9767238498 0.2145006210 0.9577780962 -0.0617064685 0.2808084786
-321.6 -488.7 2734.3 0.2874580324 -0.0478467382 -0.9565973878 0.0010934271 0.9987671971 -0.0496273972 0.9577925801 0.0132198250 0.2871559858
-348.0 458.3 2506.0 0 0 0 0 0 0 0 0 0
-125.2 -243.7 2759.2 0 0 0 0 0 0 0 0 0
-419.2 -749.0 2696.8 0 0 0 0 0 0 0 0 0
-308.1 -769.5 2730.6 0 0 0 0 0 0 0 0 0
-314.9 499.5 2738.2 3 0.8989037871 0.0124637708 -0.4379687905 -0.0613007620 0.9933412075 -0.0975473821 0.4338366389 0.1145335287 0.8936821818
-317.6 285.5 2713.5 0.8989037871 0.0124637708 -0.4379687905 -0.0613007620 0.9933412075 -0.0975473821 0.4338366389 0.1145335287 0.8936821818
-318.8 87.8 2693.4 0.8990113139 0.0063062985 -0.4378800392 -0.0499121733 0.9948562384 -0.0881468505 0.4350717962 0.1011005566 0.8947017193
-448.9 292.8 2650.0 0.3451816440 -0.7407341003 -0.5763355494 0.0319937915 0.6230094433 -0.7815597653 0.9379904270 0.2513409257 0.2387503088
-527.5 285.5 2436.3 -0.6716831923 -0.7407341003 -0.0124382237 -0.6937479973 0.6230094433 0.3613488078 -0.2599142492 0.2513409257 -0.9323477745
-186.3 278.2 2777.1 0.0974671096 0.9589700103 -0.2662268579 -0.9883172512 0.1247554198 0.0875504315 0.1171714738 0.2545832992 0.9599261284
-161.6 28.1 2806.7 0.1374664754 0.9644192457 -0.2258285582 -0.9742031097 0.0904472917 -0.2067549229 -0.1789728403 0.2484247535 0.9519736767
-406.5 -96.9 2634.1 0.8235278726 -0.0000938573 -0.5672757626 0.0950508267 0.9858852625 0.1378244460 0.5592558980 -0.1674223095 0.8119129539
-406.4 -488.4 2700.6 0.8235188723 0.0640877709 -0.5636571646 -0.0599073842 0.9978670478 0.0259310417 0.5641167760 0.0124125248 0.8256016970
-240.8 -107.2 2712.0 0.2747689784 0.2035502493 -0.9397176504 -0.0010811129 0.9773998260 0.2113963813 0.9615096450 -0.0570692271 0.2687792182
-321.7 -495.6 2734.6 0.2741828561 -0.0481922850 -0.9604693055 0.0115203205 0.9988365173 -0.0468287095 0.9616085887 0.0017747151 0.2744190395
-342.2 476.9 2508.0 0 0 0 0 0 0 0 0 0
-122.3 -250.2 2755.6 0 0 0 0 0 0 0 0 0
-423.2 -749.6 2697.4 0 0 0 0 0 0 0 0 0
-308.3 -772.9 2734.1 0 0 0 0 0 0 0 0 0
-305.8 518.6 2746.5 4 0.8914387822 0.0427807197 -0.4511171579 -0.1048962474 0.9879747629 -0.1135898232 0.4408329129 0.1485788673 0.8852065802
-316.0 282.8 2711.0 0.8914387822 0.0427807197 -0.4511171579 -0.1048962474 0.9879747629 -0.1135898232 0.4408329129 0.1485788673 0.8852065802
-317.5 84.9 2693.6 0.8929272890 0.0074606589 -0.4501390755 -0.0461132824 0.9961194992 -0.0749637261 0.4478330016 0.0876945481 0.8898063302
-446.4 289.5 2645.6 0.3720187247 -0.7518146634 -0.5444049835 0.0095588109 0.5895727873 -0.8076586723 0.9281759858 0.2952602804 0.2265185565
-530.4 287.3 2436.1 -0.6560546756 -0.7518146634 -0.0660831407 -0.7137205005 0.5895727873 0.3781626821 -0.2453474253 0.2952602804 -0.9233775139
-185.6 276.1 2776.4 0.0963771641 0.9553056359 -0.2794682980 -0.9856670499 0.1306595206 0.1067169011 0.1384624541 0.2651776373 0.9542059302
-160.7 22.2 2812.1 0.1296277344 0.9642514586 -0.2311184555 -0.9704439640 0.0755228326 -0.2292047441 -0.2035562992 0.2539988160 0.9455418587
-402.5 -105.3 2633.5 0.8160347342 0.0090665352 -0.5779317617 0.0853201672 0.9870342016 0.1359558254 0.5716710687 -0.1602539122 0.8046805859
-406.1 -497.4 2697.1 0.8149234056 0.0624955446 -0.5761893392 -0.0469884239 0.9980208278 0.0417916253 0.5776607394 -0.0069827428 0.8162470460
-237.7 -114.4 2713.2 0.2578555346 0.2028857470 -0.9446416497 -0.0073052873 0.9780856967 0.2080745846 0.9661558867 -0.0467523076 0.2536869645
-318.3 -503.1 2731.8 0.2568907440 -0.0352913663 -0.9657958746 0.0234727263 0.9992660880 -0.0302709285 0.9661553502 -0.0148935402 0.2575305700
-352.6 480.8 2502.6 0 0 0 0 0 0 0 0 0
-123.7 -255.1 2753.9 0 0 0 0 0 0 0 0 0
-422.6 -760.3 2699.0 0 0 0 0 0 0 0 0 0
-308.8 -772.0 2735.8 0 0 0 0 0 0 0 0 0
-302.7 538.5 2761.1 5 0.8765211105 0.0434892103 -0.4793948531 -0.1105400100 0.9874807000 -0.1125291511 0.4684993625 0.1516264975 0.8703549504
-312.3 321.2 2727.8 0.8765211105 0.0434892103 -0.4793948531 -0.1105400100 0.9874807000 -0.1125291511 0.4684993625 0.1516264975 0.8703549504
-316.8 124.1 2704.0 0.8776406050 0.0229868144 -0.4787677526 -0.0771943778 0.9925891161 -0.0938502252 0.4730623662 0.1193249449 0.8729109764
-440.4 332.5 2658.8 0.3681005538 -0.7491694689 -0.5506787896 0.1384847909 0.6298334002 -0.7642851472 0.9194149971 0.2050731629 0.3355906010
-528.8 299.3 2438.0 -0.6622529030 -0.7491694689 0.0128920041 -0.7061993480 0.6298334002 0.3234073818 -0.2504067421 0.2050731629 -0.9461719990
-184.2 309.9 2796.8 0.0762933567 0.9503529072 -0.3016763628 -0.9963440299 0.0843288824 0.0136827808 0.0384435020 0.2995295525 0.9533122182
-161.9 19.3 2808.0 0.1379111707 0.9519370198 -0.2734894454 -0.9697336555 0.0736046135 -0.2328066677 -0.2014871985 0.2973185480 0.9332762361
-401.6 -89.1 2635.6 0.8002524376 0.0209460407 -0.5992973447 0.0846185610 0.9854453802 0.1474349797 0.5936629772 -0.1686968803 0.7868326306
-410.3 -499.6 2705.8 0.8013024926 0.0468017012 -0.5964259505 -0.0511948019 0.9986426830 0.0095831733 0.5960649252 0.0228548869 0.8026109338
-238.5 -103.4 2718.8 0.2362413257 0.1912292093 -0.9526916742 -0.0015835963 0.9805181623 0.1964219958 0.9716930985 -0.0448943116 0.2319417447
-317.1 -506.0 2737.2 0.2360297889 -0.0257514529 -0.9714045525 0.0069632200 0.9996679425 -0.0248087943 0.9717208743 -0.0009084891 0.2361307293
-352.4 487.4 2504.7 0 0 0 0 0 0 0 0 0
-122.5 -257.8 2750.4 0 0 0 0 0 0 0 0 0
-422.4 -757.9 2699.9 0 0 0 0 0 0 0 0 0
-310.0 -779.2 2737.5 0 0 0 0 0 0 0 0 0
-300.0 549.2 2768.4 6 0.8787103891 0.0548282303 -0.4741960764 -0.1212772951 0.9864289165 -0.1106788293 0.4616923928 0.1547638625 0.8734347820
-311.6 341.0 2735.8 0.8787103891 0.0548282303 -0.4741960764 -0.1212772951 0.9864289165 -0.1106788293 0.4616923928 0.1547638625 0.8734347820
-319.4 144.5 2708.3 0.8797246218 0.0394285172 -0.4738459289 -0.1000145599 0.9896050692 -0.1033386812 0.4648458660 0.1383010745 0.8745234013
-440.0 355.7 2668.0 0.3301373124 -0.7563372254 -0.5647684336 0.1997844875 0.6407468319 -0.7413026690 0.9225483537 0.1318997145 0.3626388907
-522.7 305.6 2436.9 -0.6473263502 -0.7563372254 0.0944598168 -0.7039272189 0.6407468319 0.3064799607 -0.2923270166 0.1318997145 -0.9471786618
-183.1 326.4 2803.6 0.1012587398 0.9513484240 -0.2910031378 -0.9947589636 0.0926488042 -0.0432529487 -0.0141875315 0.2938577235 0.9557438493
-152.4 24.2 2799.3 0.0882590488 0.9576037526 -0.2742360830 -0.9828608036 0.0389876142 -0.1801793426 -0.1618486047 0.2854383588 0.9446321726
-402.0 -56.0 2637.2 0.8060755134 -0.0145924995 -0.5916327834 0.0907631814 0.9909174442 0.0992203578 0.5848113894 -0.1336775720 0.8000787497
-396.1 -458.8 2691.5 0.8028962016 0.0819473416 -0.5904594064 -0.0601268634 0.9965874553 0.0565526746 0.5930787921 -0.0099034542 0.8050835133
-241.5 -73.1 2724.4 0.2407930046 0.1928985715 -0.9512144327 -0.0360550545 0.9811522961 0.1898426414 0.9699065685 -0.0114166923 0.2432095706
-319.4 -469.3 2729.0 0.2392798066 -0.0277010370 -0.9705554247 0.0526039302 0.9984946847 -0.0155295422 0.9695246220 -0.0473391227 0.2403768003
-351.7 491.6 2514.1 0 0 0 0 0 0 0 0 0
-127.2 -256.1 2753.1 0 0 0 0 0 0 0 0 0
-421.0 -761.3 2694.5 0 0 0 0 0 0 0 0 0
-310.8 -779.1 2743.7 0 0 0 0 0 0 0 0 0
-307.4 535.0 2772.5 7 0.8951197267 0.0359296091 -0.4443756342 -0.1083841175 0.9843814373 -0.1387302130 0.4324506223 0.1723434180 0.8850334287
-314.7 333.3 2737.2 0.8951197267 0.0359296091 -0.4443756342 -0.1083841175 0.9843814373 -0.1387302130 0.4324506223 0.1723434180 0.8850334287
-320.2 137.5 2704.5 0.8954797387 0.0271973908 -0.4442705810 -0.0971478298 0.9860097766 -0.1354512870 0.4343712330 0.1644538045 0.8855938911
-445.4 347.4 2673.8 0.3010660708 -0.7493983507 -0.5897129178 0.1309787482 0.6450406313 -0.7528393865 0.9445654154 0.1494145393 0.2923550904
-521.6 314.3 2434.8 -0.6530094147 -0.7493983507 0.1094569713 -0.6827186942 0.6450406313 0.3432460129 -0.3278321922 0.1494145393 -0.9328458309
-184.0 319.2 2800.6 0.0950696841 0.9598786831 -0.2638079822 -0.9953730106 0.0879508853 -0.0386933535 -0.0139387790 0.2662659287 0.9637988210
-158.3 49.4 2796.8 0.1157063171 0.9615855217 -0.2489283681 -0.9826576710 0.0742564127 -0.1699115485 -0.1448999643 0.2642711997 0.9535012841
-408.0 -37.9 2638.4 0.8221684098 -0.0302664563 -0.5684391856 0.0978764445 0.9912300706 0.0887868032 0.5607667565 -0.1286345124 0.8179204464
-395.8 -436.3 2690.1 0.8198847175 0.0780339539 -0.5671858191 -0.0553390495 0.9968307018 0.0571505837 0.5698478818 -0.0154693695 0.8216046095
-246.9 -57.7 2723.8 0.2752733231 0.1716827452 -0.9459120631 -0.0385056213 0.9851044416 0.1675904840 0.9605945349 -0.0097102597 0.2777837217
-315.7 -452.3 2727.7 0.2751402557 -0.0120901261 -0.9613280892 0.0364038385 0.9993348718 -0.0021490299 0.9607146382 -0.0344047472 0.2753973901
-351.5 492.1 2520.2 0 0 0 0 0 0 0 0 0
-125.2 -231.0 2755.5 0 0 0 0 0 0 0 0 0
-420.7 -754.2 2695.0 0 0 0 0 0 0 0 0 0
-311.6 -785.3 2739.2 0 0 0 0 0 0 0 0 0
-316.6 528.4 2768.1 8 0.9078645706 0.0152896577 -0.4189846516 -0.0821064860 0.9864682555 -0.1419116557 0.4111452699 0.1632379293 0.8968349695
-319.7 329.3 2735.1 0.9078645706 0.0152896577 -0.4189846516 -0.0821064860 0.9864682555 -0.1419116557 0.4111452699 0.1632379293 0.8968349695
-321.8 133.2 2703.5 0.9079427719 0.0106882006 -0.4189578295 -0.0761643276 0.9872357249 -0.1398734599 0.4121151567 0.1589067429 0.8971676230
-452.2 340.4 2675.0 0.2670982182 -0.7496500015 -0.6055439115 0.0918188393 0.6453115940 -0.7583813071 0.9592850804 0.1469619572 0.2411935627
-519.5 317.2 2433.4 -0.6542493701 -0.7496500015 0.0999131575 -0.6890358329 0.6453115940 0.3298523426 -0.3117489219 0.1469619572 -0.9387304187
-187.2 318.2 2795.3 0.1100142300 0.9645308852 -0.2399521619 -0.9939295650 0.1065256074 -0.0275019724 -0.0009654524 0.2415211499 0.9703950882
-156.8 43.7 2795.0 0.1155223325 0.9682994485 -0.2214741111 -0.9821327329 0.0780004859 -0.1712635458 -0.1485593021 0.2373017371 0.9600093961
-407.8 -46.9 2632.1 0.8350317478 -0.0230898932 -0.5497170687 0.0855106264 0.9924250245 0.0882073790 0.5435162783 -0.1206626147 0.8306807876
-398.6 -443.6 2680.3 0.8332480788 0.0615111180 -0.5494670272 -0.0217642542 0.9966710210 0.0785694569 0.5524707437 -0.0535091087 0.8318129778
-243.8 -65.4 2711.8 0.3035750091 0.1808897704 -0.9354790449 -0.0066851941 0.9821934700 0.1877533048 0.9527840614 -0.0507433563 0.2993786931
-315.9 -456.9 2732.0 0.3032023907 -0.0197570939 -0.9527213573 0.0161895622 0.9997475743 -0.0155799948 0.9527886510 -0.0107002491 0.3034457266
-349.5 496.2 2514.4 0 0 0 0 0 0 0 0 0
-123.8 -236.8 2752.6 0 0 0 0 0 0 0 0 0
-417.4 -748.5 2696.7 0 0 0 0 0 0 0 0 0
-309.5 -780.3 2735.5 0 0 0 0 0 0 0 0 0
-327.4 526.6 2759.8 9 0.9179974794 -0.0122303208 -0.3963976204 -0.0463885702 0.9893516898 -0.1379541010 0.3938638866 0.1450298429 0.9076550007
-325.0 328.4 2730.8 0.9179974794 -0.0122303208 -0.3963976204 -0.0463885702 0.9893516898 -0.1379541010 0.3938638866 0.1450298429 0.9076550007
-322.1 131.9 2702.4 0.9179551601 -0.0145311840 -0.3964179456 -0.0432589278 0.9897019863 -0.1364501715 0.3943184316 0.1424037516 0.9078734517
-458.9 334.7 2673.3 0.2323288023 -0.7403164506 -0.6308366060 0.0160013773 0.6514050364 -0.7585614324 0.9725056887 0.1661414057 0.1631862372
-516.3 330.8 2433.0 -0.6693425179 -0.7403164506 0.0625469610 -0.6912463903 0.6514050364 0.3128096163 -0.2723214924 0.1661414057 -0.9477542043
-191.0 322.1 2788.3 0.1298467964 0.9663397670 -0.2220974267 -0.9909951687 0.1338627189 0.0030586636 0.0326862745 0.2197003216 0.9750196934
-153.7 37.5 2797.7 0.1058125123 0.9756792784 -0.1919731200 -0.9787690639 0.0681105256 -0.1933186352 -0.1755415946 0.2083528787 0.9621716142
-407.2 -54.7 2634.2 0.8442310691 -0.0082979565 -0.5359151363 0.0827531517 0.9899086356 0.1150341928 0.5295524597 -0.1414641142 0.8363983035
-403.9 -449.1 2690.5 0.8439354897 0.0499304831 -0.5341159701 -0.0289601944 0.9984475970 0.0475784987 0.5356624126 -0.0246850811 0.8440713286
-240.9 -68.9 2709.7 0.3193619847 0.1875756532 -0.9288828373 -0.0026825070 0.9803888798 0.1970543414 0.9476289749 -0.0604399294 0.3136021197
-315.5 -459.1 2733.8 0.3192070425 -0.0205537826 -0.9474620819 0.0053554974 0.9997879267 -0.0198846068 0.9476698637 0.0012731762 0.3192494512
-342.4 510.4 2503.8 0 0 0 0 0 0 0 0 0
-123.5 -242.0 2747.5 0 0 0 0 0 0 0 0 0
-419.1 -752.0 2698.0 0 0 0 0 0 0 0 0 0
-309.0 -778.2 2733.4 0 0 0 0 0 0 0 0 0
-339.1 510.6 2717.3 0 0.9170832634 -0.0830765292 -0.3899444044 0.0848964527 0.9963101149 -0.0125989020 0.3895522356 -0.0215506535 0.9207522273
-322.7 314.7 2721.5 0.9170832634 -0.0830765292 -0.3899444044 0.0848964527 0.9963101149 -0.0125989020 0.3895522356 -0.0215506535 0.9207522273
-320.6 117.5 2698.3 0.9227429628 -0.0107542174 -0.3852657676 -0.0351030380 0.9931109548 -0.1117961109 0.3838139474 0.1166830733 0.9160087109
-457.5 319.9 2665.5 0.2442409247 -0.7441771030 -0.6217288971 -0.0827591568 0.6228106618 -0.7779831290 0.9661766291 0.2414690852 0.0905283839
-516.2 339.8 2433.3 -0.6670550108 -0.7441771030 0.0351866297 -0.6738476157 0.6228106618 0.3975376785 -0.3177530468 0.2414690852 -0.9169109464
-188.0 309.6 2777.5 0.1097833291 0.9715877771 -0.2096778452 -0.9926114678 0.1181344986 0.0276893396 0.0516728126 0.2050888091 0.9773783684
-158.2 39.8 2791.6 0.1340115368 0.9739801884 -0.1827663928 -0.9791111946 0.1016768664 -0.1760769784 -0.1529123783 0.2025449723 0.9672607183
-403.3 -60.0 2637.9 0.8510381579 0.0018817177 -0.5251004696 0.0745564029 0.9894295931 0.1243803352 0.5197839737 -0.1450020224 0.8419020176
-404.0 -453.7 2695.6 0.8511306047 0.0468301177 -0.5228610039 -0.0371897481 0.9988894463 0.0289269593 0.5236350298 -0.0051755514 0.8519269824
-235.1 -68.1 2710.2 0.3236551583 0.2031629533 -0.9241061211 -0.0164787453 0.9777377844 0.2091823220 0.9460315704 -0.0524748303 0.3197977543
-315.9 -456.9 2731.1 0.3234398663 -0.0126817394 -0.9461637735 0.0083811749 0.9999093413 -0.0105370600 0.9462116361 -0.0045218584 0.3235168159
-342.6 515.1 2516.0 0 0 0 0 0 0 0 0 0
-119.9 -239.8 2747.9 0 0 0 0 0 0 0 0 0
-418.1 -755.0 2697.2 0 0 0 0 0 0 0 0 0
-311.8 -780.1 2732.5 0 0 0 0 0 0 0 0 0
-337.2 500.0 2706.0 1 0.9150643349 -0.0666885749 -0.3977561295 0.0802234933 0.9966239333 0.0174635388 0.3952486515 -0.0478896499 0.9173249602
-324.2 306.3 2715.3 0.9150643349 -0.0666885749 -0.3977561295 0.0802234933 0.9966239333 0.0174635388 0.3952486515 -0.0478896499 0.9173249602
-319.1 108.8 2694.8 0.9195769429 -0.0258489326 -0.3920587897 -0.0168655887 0.9943170547 -0.1051149517 0.3925478458 0.1032735929 0.9139150977
-458.5 308.7 2658.0 0.2444820553 -0.7457690239 -0.6197234392 -0.1528967172 0.6014734507 -0.7841252089 0.9575234056 0.2864582241 0.0330238342
-516.3 344.9 2431.5 -0.6657536626 -0.7457690239 0.0245086011 -0.6570327878 0.6014734507 0.4544641376 -0.3536665440 0.2864582241 -0.8904278278
-189.9 303.8 2772.6 0.1111921668 0.9690256715 -0.2205121219 -0.9908720255 0.1251180619 0.0501804426 0.0762161836 0.2129196227 0.9740925431
-159.7 34.4 2793.4 0.1356197447 0.9734224081 -0.1845430136 -0.9737562537 0.0965979174 -0.2060766071 -0.1827731133 0.2076479644 0.9609767199
-403.0 -76.1 2639.9 0.8451160192 0.0082444670 -0.5345193744 0.0676564574 0.9901915193 0.1222428158 0.5302844048 -0.1394730508 0.8362689018
-406.2 -469.9 2695.4 0.8444206119 0.0509405136 -0.5332531333 -0.0370251723 0.9986377358 0.0367673412 0.5343996882 -0.0113033084 0.8451563120
-233.8 -82.7 2710.3 0.3120319247 0.2039059848 -0.9279323220 -0.0147704063 0.9776203632 0.2098577619 0.9499567747 -0.0517763793 0.3080605268
-314.9 -471.3 2730.9 0.3120687306 -0.0047188872 -0.9500477910 0.0219003595 0.9997576475 0.0022279650 0.9498071074 -0.0215016659 0.3120964468
-342.8 516.1 2523.7 0 0 0 0 0 0 0 0 0
-121.1 -242.7 2741.3 0 0 0 0 0 0 0 0 0
-420.8 -754.8 2698.6 0 0 0 0 0 0 0 0 0
-313.4 -788.2 2737.7 0 0 0 0 0 0 0 0 0
-322.2 493.0 2721.9 2 0.9120144844 0.0030606452 -0.4101465046 -0.0278066713 0.9981328845 -0.0543833859 0.4092142880 0.0610032491 0.9103967547
-322.7 299.6 2710.1 0.9120144844 0.0030606452 -0.4101465046 -0.0278066713 0.9981328845 -0.0543833859 0.4092142880 0.0610032491 0.9103967547
-317.4 101.7 2693.6 0.9117878675 -0.0272881445 -0.4097539485 -0.0091478806 0.9961925745 -0.0866987929 0.4105596840 0.0827992857 0.9080666304
-455.9 300.9 2650.1 0.2553840280 -0.7623131275 -0.5946912169 -0.2102305889 0.5565869212 -0.8037500381 0.9437065721 0.3302871883 -0.0181181282
-515.5 350.0 2429.8 -0.6464800835 -0.7623131275 -0.0306947660 -0.6790401340 0.5565869212 0.4786601067 -0.3478045762 0.3302871883 -0.8774635792
-189.6 298.3 2770.0 0.1232093424 0.9635984302 -0.2372709662 -0.9888646603 0.1393206269 0.0523105226 0.0834630802 0.2281837314 0.9700340629
-156.4 32.0 2792.5 0.1215667948 0.9727776051 -0.1972949207 -0.9753795862 0.0802292153 -0.2054213285 -0.1840004474 0.2174098492 0.9585806131
-398.2 -87.0 2638.3 0.8344767094 0.0273414757 -0.5503644347 0.0658115372 0.9866746068 0.1488020122 0.5470991135 -0.1603921503 0.8215576410
-409.1 -479.1 2702.1 0.8338622451 0.0541677624 -0.5493083596 -0.0512722097 0.9984716773 0.0206277911 0.5495861769 0.0109635163 0.8353651166
-229.6 -90.1 2710.3 0.2920607328 0.2220129669 -0.9302745461 -0.0025922456 0.9728639722 0.2313632369 0.9563962817 -0.0651606172 0.2847108841
-317.9 -476.8 2736.2 0.2919159830 -0.0123125007 -0.9563646913 0.0115268873 0.9998897910 -0.0093544452 0.9563745260 -0.0082931966 0.2920257449
-346.7 527.2 2520.6 0 0 0 0 0 0 0 0 0
-121.9 -245.3 2740.2 0 0 0 0 0 0 0 0 0
-424.0 -754.1 2699.0 0 0 0 0 0 0 0 0 0
-314.0 -788.1 2738.8 0 0 0 0 0 0 0 0 0
-317.7 492.0 2728.8 3 0.9113270640 0.0035885212 -0.4116674364 -0.0566561110 0.9915406108 -0.1167789325 0.4077659249 0.1297472715 0.9038211107
-318.4 281.4 2701.3 0.9113270640 0.0035885212 -0.4116674364 -0.0566561110 0.9915406108 -0.1167789325 0.4077659249 0.1297472715 0.9038211107
-315.8 83.6 2683.5 0.9111704826 -0.0133510260 -0.4118132293 -0.0247730371 0.9958915710 -0.0870992765 0.4112841785 0.0895641521 0.9070962667
-451.5 285.0 2641.2 0.2677904963 -0.7658097744 -0.5846568942 -0.3053101897 0.5080980062 -0.8053708076 0.9138237834 0.3941723406 -0.0977457166
-513.7 356.0 2428.9 -0.6341622472 -0.7658097744 -0.1066473722 -0.6983538270 0.5080980062 0.5041213632 -0.3318737447 0.3941723406 -0.8570227623
-185.4 277.8 2761.3 0.1196614057 0.9622278810 -0.2445377409 -0.9825044870 0.1501753032 0.1101465672 0.1427096277 0.2270791382 0.9633634090
-154.9 28.1 2797.6 0.1241036952 0.9746100307 -0.1863692999 -0.9666013122 0.0762981549 -0.2446639389 -0.2242323011 0.2105085105 0.9515282512
-395.6 -95.3 2639.6 0.8352869153 0.0134078963 -0.5496507883 0.0682940930 0.9894303083 0.1279200166 0.5455563068 -0.1443878263 0.8255425096
-400.9 -488.4 2696.9 0.8321586251 0.0789609030 -0.5488872528 -0.0642610490 0.9968731999 0.0459814444 0.5508017540 -0.0029917858 0.8346307278
-228.4 -96.9 2714.8 0.2911099494 0.2300676703 -0.9286139607 -0.0130349072 0.9715170860 0.2366108000 0.9566007853 -0.0567753576 0.2858171761
-319.8 -483.0 2737.4 0.2907481492 -0.0176807772 -0.9566362500 0.0130030503 0.9998099208 -0.0145267369 0.9567112923 -0.0082155671 0.2909227908
-348.0 538.5 2515.6 0 0 0 0 0 0 0 0 0
-119.7 -246.3 2733.9 0 0 0 0 0 0 0 0 0
-422.6 -762.3 2697.7 0 0 0 0 0 0 0 0 0
-314.4 -787.9 2739.9 0 0 0 0 0 0 0 0 0
-315.9 492.7 2741.3 4 0.8936761022 0.0032370535 -0.4487009645 -0.0648876950 0.9903954864 -0.1220915914 0.4439961910 0.1382255107 0.8853028417
-316.6 288.7 2712.8 0.8936761022 0.0032370535 -0.4487009645 -0.0648876950 0.9903954864 -0.1220915914 0.4439961910 0.1382255107 0.8853028417
-315.6 91.3 2691.0 0.8936631680 -0.0045451047 -0.4487153888 -0.0452586077 0.9939369559 -0.1002049372 0.4464502633 0.1098576933 0.8880391121
-447.0 295.4 2647.7 0.2926308811 -0.7603539228 -0.5798525810 -0.2481553853 0.5252351761 -0.8139698505 0.9234641790 0.3820862770 -0.0349858999
-516.3 354.2 2428.9 -0.6432266831 -0.7603539228 -0.0901182294 -0.6905457377 0.5252351761 0.4972671568 -0.3307657838 0.3820862770 -0.8629044294
-186.1 282.1 2778.0 0.1205215231 0.9535035491 -0.2762344778 -0.9891512990 0.1388891786 0.0478481464 0.0839893594 0.2674709857 0.9598984718
-154.7 24.2 2799.9 0.1211870164 0.9673026204 -0.2227988690 -0.9603493214 0.0574795380 -0.2728100121 -0.2510834634 0.2470257729 0.9359141588
-396.7 -111.9 2628.0 0.8149323463 0.0267304741 -0.5789393187 0.0896636248 0.9810933471 0.1715117097 0.5725781322 -0.1916802377 0.7971279621
-407.3 -501.3 2704.1 0.8148620725 0.0619610213 -0.5763337612 -0.0607866980 0.9979225993 0.0213409830 0.5764588118 0.0176434685 0.8169357181
-229.6 -116.5 2703.4 0.2669636309 0.2214933038 -0.9379078746 0.0236283876 0.9714326859 0.2361359596 0.9634168744 -0.0852009654 0.2541036904
-317.6 -502.4 2737.2 0.2669854164 -0.0094157206 -0.9636545777 0.0213864893 0.9997639060 -0.0038433033 0.9634632468 -0.0195830818 0.2671237588
-348.5 534.3 2515.2 0 0 0 0 0 0 0 0 0
-120.3 -248.4 2728.6 0 0 0 0 0 0 0 0 0
-423.3 -759.2 2699.5 0 0 0 0 0 0 0 0 0
-314.9 -790.1 2742.9 0 0 0 0 0 0 0 0 0
-315.6 492.3 2748.0 5 0.8854690790 0.0015927471 -0.4646955431 -0.0684026480 0.9895479679 -0.1269483566 0.4596363306 0.1441952437 0.8763231039
-315.9 292.1 2718.9 0.8854690790 0.0015927471 -0.4646955431 -0.0684026480 0.9895479679 -0.1269483566 0.4596363306 0.1441952437 0.8763231039
-315.6 95.0 2694.3 0.8854716420 -0.0011744880 -0.4646919668 -0.0564041063 0.9923313856 -0.1099862382 0.4612576067 0.1236002296 0.8786150813
-445.2 300.4 2651.6 0.3039758503 -0.7567443252 -0.5787371993 -0.2180520743 0.5360916257 -0.8155115247 0.9273898602 0.3740906417 -0.0020507607
-517.7 352.4 2430.2 -0.6481187344 -0.7567443252 -0.0853241533 -0.6899702549 0.5360916257 0.4863607883 -0.3223091960 0.3740906417 -0.8695820570
-186.6 283.8 2786.2 0.1118794531 0.9499533176 -0.2916705310 -0.9917783141 0.1250904202 0.0269840341 0.0621187650 0.2862535417 0.9561381340
-157.7 27.6 2802.2 0.1454802155 0.9583325982 -0.2458335310 -0.9608272314 0.0776085928 -0.2660601139 -0.2358952910 0.2749100327 0.9320825338
-396.5 -101.9 2628.2 0.8062754273 0.0388748124 -0.5902615190 0.1037721932 0.9730688930 0.2058356106 0.5823669434 -0.2272129357 0.7805274129
-411.9 -488.1 2718.4 0.8130923510 0.0360180512 -0.5810194016 -0.0769357458 0.9959778786 -0.0459239073 0.5770283937 0.0820415393 0.8125930429
-232.7 -110.3 2710.0 0.2572511733 0.2164480537 -0.9417919517 0.0395793431 0.9714144468 0.2340671867 0.9655336738 -0.0974895656 0.2413306236
-318.7 -496.2 2748.7 0.2593759894 -0.0205824822 -0.9655570984 -0.0316609330 0.9990542531 -0.0298015550 0.9652572870 0.0383002460 0.2584790289
-349.1 531.9 2514.1 0 0 0 0 0 0 0 0 0
-116.4 -245.1 2735.3 0 0 0 0 0 0 0 0 0
-421.6 -757.2 2696.2 0 0 0 0 0 0 0 0 0
-312.7 -786.3 2737.6 0 0 0 0 0 0 0 0 0
-316.4 492.5 2748.4 6 0.8893261552 -0.0251609385 -0.4565806687 -0.0524425171 0.9862849116 -0.1564988643 0.4542562664 0.1631227732 0.8758094311
-311.2 288.4 2714.7 0.8893261552 -0.0251609385 -0.4565806687 -0.0524425171 0.9862849116 -0.1564988643 0.4542562664 0.1631227732 0.8758094311
-316.4 91.1 2693.0 0.8893122673 0.0264809746 -0.4565330744 -0.0732872486 0.9936714172 -0.0851238668 0.4513897300 0.1091597527 0.8856248856
-441.1 299.2 2648.7 0.3246313035 -0.7512233257 -0.5746981502 -0.2283433676 0.5273873210 -0.8183653951 0.9178637266 0.3968955576 -0.0003304308
-517.9 353.2 2431.5 -0.6516192555 -0.7512233257 -0.1051467285 -0.6883627176 0.5273873210 0.4980154634 -0.3186677992 0.3968955576 -0.8607698679
-181.4 277.7 2780.6 0.1074540317 0.9540734291 -0.2796382904 -0.9903274775 0.1275464445 0.0546205416 0.0877788812 0.2710642815 0.9585504532
-154.1 26.5 2802.8 0.1232954487 0.9659722447 -0.2273673266 -0.9581027627 0.0561830141 -0.2808603942 -0.2585291564 0.2524700761 0.9324277639
-396.5 -96.9 2627.4 0.8160719275 0.0370188504 -0.5767635703 0.0947421417 0.9758780003 0.1966876835 0.5701320171 -0.2151551098 0.7928794026
-411.2 -484.5 2712.9 0.8219513893 0.0346549153 -0.5685023665 -0.0738525912 0.9962053895 -0.0460505262 0.5647492409 0.0798366666 0.8213917613
-234.2 -107.3 2712.0 0.2611725032 0.2173451334 -0.9405052066 0.0086422814 0.9737562537 0.2274291664 0.9652534723 -0.0675263554 0.2524400055
-320.5 -494.1 2738.8 0.2611685693 -0.0288172308 -0.9648629427 0.0087787947 0.9995838404 -0.0274779871 0.9652532935 -0.0012939475 0.2613128722
-349.1 531.5 2514.0 0 0 0 0 0 0 0 0 0
-119.1 -245.3 2729.5 0 0 0 0 0 0 0 0 0
-420.8 -761.7 2690.7 0 0 0 0 0 0 0 0 0
-312.0 -787.9 2739.2 0 0 0 0 0 0 0 0 0
-315.5 490.5 2743.1 7 0.8999721408 -0.0235555246 -0.4353105724 -0.0541373603 0.9847709537 -0.1652128845 0.4325728714 0.1722535491 0.8849911690
-310.4 277.9 2705.9 0.8999721408 -0.0235555246 -0.4353105724 -0.0541373603 0.9847709537 -0.1652128845 0.4325728714 0.1722535491 0.8849911690
-316.9 80.1 2689.9 0.8999187946 0.0333270468 -0.4347820878 -0.0649501458 0.9961972237 -0.0580740236 0.4311932623 0.0805010647 0.8986611962
-441.8 287.5 2642.9 0.3274076283 -0.7538783550 -0.5696241260 -0.3079718947 0.4847884774 -0.8186168075 0.8932846785 0.4434495866 -0.0734499022
-519.1 360.2 2432.1 -0.6393403411 -0.7538783550 -0.1513648480 -0.6967942715 0.4847884774 0.5286377072 -0.3251486123 0.4434495866 -0.8352429867
-179.0 268.4 2768.8 0.1023527682 0.9608768821 -0.2573705018 -0.9862045050 0.1318555176 0.1000742391 0.1300947368 0.2435770631 0.9611168504
-154.2 29.8 2800.3 0.1520000398 0.9669639468 -0.2046379745 -0.9621163607 0.0973424539 -0.2546696067 -0.2263363600 0.2355953157 0.9451279044
-403.2 -99.5 2629.9 0.8303895593 0.0143400095 -0.5569986701 0.1083231494 0.9764401913 0.1866298318 0.5465521812 -0.2153113186 0.8092723489
-408.9 -487.3 2715.5 0.8373547792 0.0432706214 -0.5449445844 -0.0817556083 0.9955636263 -0.0465731621 0.5405117273 0.0835505351 0.8371776342
-240.1 -113.0 2712.7 0.2802941501 0.1951586902 -0.9398660660 0.0119889863 0.9783266187 0.2067202777 0.9598392844 -0.0692105293 0.2718794942
-317.7 -501.6 2740.2 0.2804583609 -0.0112286899 -0.9598005414 -0.0006402333 0.9999291897 -0.0118852332 0.9598659873 0.0039478093 0.2804313004
-354.3 539.8 2515.9 0 0 0 0 0 0 0 0 0
-111.1 -243.1 2736.1 0 0 0 0 0 0 0 0 0
-420.8 -763.2 2692.3 0 0 0 0 0 0 0 0 0
-314.5 -786.6 2739.1 0 0 0 0 0 0 0 0 0
-313.0 492.7 2739.4 8 0.9008022547 -0.0091664735 -0.4341328442 -0.0660956874 0.9852329493 -0.1579476297 0.4291697741 0.1709738821 0.8868941665
-310.9 272.1 2701.1 0.9008022547 -0.0091664735 -0.4341328442 -0.0660956874 0.9852329493 -0.1579476297 0.4291697741 0.1709738821 0.8868941665
-317.8 74.0 2688.6 0.9008965492 0.0350370146 -0.4326174557 -0.0588691942 0.9973896146 -0.0418140776 0.4300231040 0.0631379932 0.9006074071
-442.5 280.7 2638.3 0.3221342266 -0.7476426363 -0.5807409883 -0.3296144307 0.4864815772 -0.8091291785 0.8874592185 0.4520688057 -0.0897214189
-517.8 357.8 2430.9 -0.6463540196 -0.7476426363 -0.1525025666 -0.6893624663 0.4864815772 0.5367635489 -0.3271175921 0.4520688057 -0.8298360705
-179.3 263.4 2763.9 0.0673749149 0.9643464684 -0.2559228837 -0.9860900640 0.1034244746 0.1301145554 0.1519442052 0.2435965389 0.9579006433
-162.5 16.6 2802.0 0.2021554261 0.9567818046 -0.2090497911 -0.9530901909 0.1430980265 -0.2667247653 -0.2252827734 0.2531631589 0.9408273697
-405.9 -111.7 2634.5 0.8318994045 -0.0012084220 -0.5549252033 0.1137805209 0.9791232944 0.1684384644 0.5431366563 -0.2032635361 0.8146696091
-405.5 -500.6 2715.2 0.8385934234 0.0590382218 -0.5415492654 -0.1004164964 0.9938275814 -0.0471513867 0.5354228616 0.0939213187 0.8393456936
-241.0 -123.7 2713.5 0.2803588510 0.1924827695 -0.9403984547 0.0163402427 0.9785896540 0.2051713020 0.9597561955 -0.0728879347 0.2712110579
-317.4 -512.5 2742.5 0.2805801630 -0.0085534118 -0.9597924948 -0.0032427965 0.9999461174 -0.0098592313 0.9598250985 0.0058787162 0.2805373371
-351.1 535.6 2515.3 0 0 0 0 0 0 0 0 0
-105.2 -253.5 2738.1 0 0 0 0 0 0 0 0 0
-420.6 -756.4 2691.0 0 0 0 0 0 0 0 0 0
-315.1 -784.7 2740.9 0 0 0 0 0 0 0 0 0
-314.3 494.9 2748.1 9 0.8894248009 -0.0032127763 -0.4570702314 -0.0740602091 0.9857487679 -0.1510445625 0.4510416985 0.1681935042 0.8765114546
-313.6 286.4 2712.5 0.8894248009 -0.0032127763 -0.4570702314 -0.0740602091 0.9857487679 -0.1510445625 0.4510416985 0.1681935042 0.8765114546
-317.7 89.0 2691.8 0.8894934654 0.0212536696 -0.4564533532 -0.0665254518 0.9942980409 -0.0833414197 0.4520793557 0.1044974104 0.8858355284
-443.5 296.2 2646.5 0.3040458262 -0.7576639652 -0.5774958730 -0.2650211155 0.5149953365 -0.8151954412 0.9150518775 0.4009053707 -0.0442147739
-515.6 359.0 2429.6 -0.6410318613 -0.7576639652 -0.1225703880 -0.7025914192 0.5149953365 0.4910652637 -0.3089392781 0.4009053707 -0.8624566197
-183.7 276.5 2778.5 0.0804719627 0.9556199908 -0.2833984196 -0.9902002811 0.1092009917 0.0870551690 0.1141390577 0.2736156881 0.9550427794
-162.1 11.1 2809.1 0.1909261197 0.9545400143 -0.2289116085 -0.9439998269 0.1146202832 -0.3093970120 -0.2690939307 0.2751644850 0.9229696393
-407.3 -118.7 2636.7 0.8153595924 0.0076187374 -0.5789047480 0.0910990164 0.9857689142 0.1412819177 0.5717427135 -0.1679332107 0.8030620813
-410.4 -510.1 2703.3 0.8174477220 0.0460912585 -0.5741557479 -0.0560541824 0.9984276891 0.0003438554 0.5732688308 0.0319027454 0.8187460303
-242.1 -129.5 2715.5 0.2595824897 0.1918410063 -0.9464744925 0.0099776201 0.9794852734 0.2012684494 0.9656693935 -0.0616893321 0.2523431182
-318.4 -518.7 2740.0 0.2596584857 -0.0130436774 -0.9656124115 0.0044560363 0.9999142885 -0.0123087810 0.9656902552 -0.0011067245 0.2596943676
-349.9 540.6 2509.4 0 0 0 0 0 0 0 0 0
-108.0 -256.4 2732.8 0 0 0 0 0 0 0 0 0
-422.0 -762.7 2695.3 0 0 0 0 0 0 0 0 0
-314.9 -786.9 2740.3 0 0 0 0 0 0 0 0 0
-311.5 492.3 2743.9 0 0.8905977607 -0.0017892714 -0.4547883868 -0.0688668340 0.9879305363 -0.1387465596 0.4495475888 0.1548872143 0.8797254562
-311.2 287.4 2711.8 0.8905977607 -0.0017892714 -0.4547883868 -0.0688668340 0.9879305363 -0.1387465596 0.4495475888 0.1548872143 0.8797254562
-315.9 89.6 2695.3 0.8907040954 0.0243722796 -0.4539296925 -0.0595195219 0.9962180853 -0.0633009449 0.4506701529 0.0834000930 0.8887861371
-441.3 296.1 2646.0 0.3091380298 -0.7676083446 -0.5614366531 -0.2620415688 0.4987492859 -0.8261860609 0.9142034054 0.4025252461 -0.0469629169
-514.5 358.2 2429.3 -0.6301751733 -0.7676083446 -0.1168618053 -0.7018367052 0.4987492859 0.5086004138 -0.3321211636 0.4025252461 -0.8530351520
-181.1 278.7 2777.6 0.0955893621 0.9556744695 -0.2784762681 -0.9882346392 0.1246651262 0.0886055976 0.1193943843 0.2667301595 0.9563472271
-155.6 15.6 2809.4 0.1399295926 0.9657294154 -0.2186011523 -0.9494462013 0.0682070181 -0.3064306676 -0.2810189426 0.2504287362 0.9264522791
-403.3 -102.2 2629.7 0.8172584772 0.0141918771 -0.5760964751 0.0904035568 0.9841612577 0.1524921209 0.5691359639 -0.1767066568 0.8030311465
-409.0 -493.1 2699.9 0.8184291124 0.0454752669 -0.5728051662 -0.0420106351 0.9989311099 0.0192804374 0.5730696917 0.0082842382 0.8194647431
-240.2 -114.5 2712.5 0.2621540725 0.1918240637 -0.9457688928 0.0273144152 0.9781773686 0.2059684396 0.9646394253 -0.0798285902 0.2511936128
-316.4 -503.2 2744.3 0.2624918520 -0.0056021069 -0.9649179578 -0.0063799899 0.9999511838 -0.0075410856 0.9649131298 0.0081356401 0.2624433041
-350.8 540.5 2515.6 0 0 0 0 0 0 0 0 0
-116.0 -253.4 2729.7 0 0 0 0 0 0 0 0 0
-421.2 -761.2 2697.7 0 0 0 0 0 0 0 0 0
-314.8 -788.5 2741.9 0 0 0 0 0 0 0 0 0
-310.8 486.8 2739.8 1 0.8866466284 -0.0012803335 -0.4624457955 -0.0729184374 0.9870995283 -0.1425393075 0.4566625357 0.1601028144 0.8751150966
-310.5 279.1 2706.2 0.8866466284 -0.0012803335 -0.4624457955 -0.0729184374 0.9870995283 -0.1425393075 0.4566625357 0.1601028144 0.8751150966
-314.5 80.9 2693.5 0.8868902922 0.0202307105 -0.4615369737 -0.0473995619 0.9977532029 -0.0473482199 0.4595420957 0.0638693273 0.8858565092
-440.1 286.0 2639.1 0.3015739620 -0.7678815722 -0.5651646256 -0.3283281624 0.4728685021 -0.8176771998 0.8951277733 0.4321495891 -0.1095123142
-510.6 362.8 2429.8 -0.6301428676 -0.7678815722 -0.1152294874 -0.6789333820 0.4728685021 0.5616447926 -0.3767882884 0.4321495891 -0.8193151355
-181.0 272.1 2773.3 0.1198666841 0.9510415792 -0.2848717868 -0.9850359559 0.1497217864 0.0853669941 0.1238390729 0.2703762949 0.9547567964
-150.5 21.5 2804.8 0.1065886319 0.9686241746 -0.2245130241 -0.9628131390 0.0441707112 -0.2665329278 -0.2482533455 0.2445734590 0.9373121858
-402.4 -102.7 2637.4 0.8114505410 0.0231105871 -0.5839639902 0.0802289173 0.9853525162 0.1504782438 0.5788880587 -0.1689564437 0.7977106571
-411.6 -494.2 2704.5 0.8126004338 0.0402137451 -0.5814321637 -0.0417325534 0.9990707040 0.0107742269 0.5813251734 0.0155095095 0.8135235310
-239.0 -113.7 2720.0 0.2461176217 0.1927998662 -0.9498707056 0.0093230447 0.9794997573 0.2012294829 0.9691951275 -0.0583818108 0.2392746806
-315.6 -502.9 2743.2 0.2461512387 -0.0011129823 -0.9692307711 -0.0032876723 0.9999926090 -0.0019832621 0.9692258835 0.0036746955 0.2461457700
-346.1 540.0 2528.1 0 0 0 0 0 0 0 0 0
-120.3 -251.3 2734.4 0 0 0 0 0 0 0 0 0
-422.2 -758.0 2700.5 0 0 0 0 0 0 0 0 0
-315.3 -790.3 2742.2 0 0 0 0 0 0 0 0 0
-330.7 490.7 2707.3 2 0.8821058869 -0.0989072174 -0.4605502784 0.0787952617 0.9949141145 -0.0627475828 0.4644141495 0.0190608352 0.8854129910
-309.5 276.6 2703.2 0.8821058869 -0.0989072174 -0.4605502784 0.0787952617 0.9949141145 -0.0627475828 0.4644141495 0.0190608352 0.8854129910
-312.6 78.3 2693.6 0.8869064450 0.0158178583 -0.4616782069 -0.0363869853 0.9987004995 -0.0356840491 0.4605138004 0.0484474935 0.8863294125
-439.0 282.0 2636.0 0.3065663576 -0.7501505613 -0.5859105587 -0.3522777557 0.4824237823 -0.8019773364 0.8842609525 0.4522625208 -0.1163664460
-509.6 363.1 2432.3 -0.6496447325 -0.7501505613 -0.1234335452 -0.6653140783 0.4824237823 0.5697582960 -0.3678572178 0.4522625208 -0.8124898076
-179.9 271.3 2770.4 0.0681641027 0.9555556178 -0.2868224680 -0.9883652329 0.1038585603 0.1111196280 0.1359699517 0.2759109735 0.9515173435
-162.2 15.1 2805.7 0.1716621220 0.9558069706 -0.2386737913 -0.9554365277 0.1024653986 -0.2768427730 -0.2401524335 0.2755610645 0.9308022857
-399.8 -112.9 2638.7 0.8106003404 0.0074251653 -0.5855526924 0.0733416900 0.9907591939 0.1140928119 0.5809888840 -0.1354290992 0.8025652170
-402.8 -506.3 2692.5 0.8073499203 0.0741171911 -0.5853996277 -0.0366962217 0.9964663386 0.0755528212 0.5889307857 -0.0395156108 0.8072168231
-237.2 -121.6 2722.9 0.2431447357 0.2028973550 -0.9485321641 0.0126760229 0.9771301150 0.2122639865 0.9699071646 -0.0636344850 0.2350121140
-317.8 -509.8 2748.2 0.2439157516 -0.0061669569 -0.9697768092 -0.0454654470 0.9988075495 -0.0177869182 0.9687300920 0.0484298430 0.2433445156
-339.5 537.3 2528.6 0 0 0 0 0 0 0 0 0
-113.6 -255.4 2737.7 0 0 0 0 0 0 0 0 0
-421.5 -757.9 2702.5 0 0 0 0 0 0 0 0 0
-316.1 -788.1 2734.7 0 0 0 0 0 0 0 0 0
-310.7 513.8 2740.0 3 0.8783154488 -0.0368853249 -0.4766565561 -0.0065916660 0.9959902167 -0.0892193392 0.4780361354 0.0815046877 0.8745504022
-303.0 306.4 2723.1 0.8783154488 -0.0368853249 -0.4766565561 -0.0065916660 0.9959902167 -0.0892193392 0.4780361354 0.0815046877 0.8745504022
-306.5 108.9 2704.3 0.8788299561 0.0180527680 -0.4767934978 -0.0609939396 0.9953361154 -0.0747382864 0.4732205272 0.0947637558 0.8758322597
-431.4 315.4 2654.0 0.3283877671 -0.7747936249 -0.5402372479 -0.1462355405 0.5233553648 -0.8394726515 0.9331541061 0.3546744585 0.0585611388
-510.1 350.4 2430.3 -0.6287803054 -0.7747936249 -0.0658037141 -0.6962926388 0.5233553648 0.4911982715 -0.3461385667 0.3546744585 -0.8685586452
-174.7 297.5 2792.1 0.0688269660 0.9518255591 -0.2988158762 -0.9970929623 0.0754457414 0.0106563848 0.0326874033 0.2972137630 0.9542512894
-155.7 22.1 2801.1 0.1337197423 0.9523750544 -0.2740452290 -0.9715983868 0.0715105832 -0.2255722135 -0.1952322125 0.2964253724 0.9348884225
-395.5 -105.8 2641.4 0.8014124632 0.0366326869 -0.5969892144 0.0670285821 0.9863343835 0.1505045891 0.5943443775 -0.1606315970 0.7880052328
-410.5 -508.1 2706.9 0.8022704124 0.0440686792 -0.5953319669 -0.0595096126 0.9982078075 -0.0063042156 0.5939872265 0.0404856615 0.8034551144
-233.8 -118.2 2726.4 0.2366445959 0.1918217540 -0.9524724483 0.0160664730 0.9794104695 0.2012386620 0.9714634418 -0.0629249141 0.2286902964
-311.0 -512.5 2751.7 0.2347601652 0.0315863378 -0.9715399742 -0.0734375343 0.9971918464 0.0146750826 0.9692752957 0.0679023787 0.2364205420
-345.1 533.2 2521.2 0 0 0 0 0 0 0 0 0
-117.8 -252.9 2745.9 0 0 0 0 0 0 0 0 0
-421.1 -749.2 2697.1 0 0 0 0 0 0 0 0 0
-319.8 -788.3 2732.9 0 0 0 0 0 0 0 0 0
-308.6 509.5 2750.5 4 0.8976179361 -0.0094619617 -0.4406727850 -0.0433401391 0.9930301309 -0.1096026376 0.4386384189 0.1174801141 0.8909516335
-306.7 307.6 2726.6 0.8976179361 -0.0094619617 -0.4406727850 -0.0433401391 0.9930301309 -0.1096026376 0.4386384189 0.1174801141 0.8909516335
-310.4 110.7 2701.8 0.8974978924 0.0180409811 -0.4406495988 -0.0711185560 0.9920064807 -0.1042369902 0.4352467060 0.1248908415 0.8916067481
-437.7 317.9 2663.1 0.3045817614 -0.7721816301 -0.5576427579 -0.0828013495 0.5617781878 -0.8231337667 0.9488803148 0.2968851030 0.1071697101
-511.5 338.0 2433.3 -0.6343435049 -0.7721816301 -0.0366582684 -0.7085287571 0.5617781878 0.4270741045 -0.3091849685 0.2968851030 -0.9034732580
