79.3 505.0 2697.1 6 0.9665007591 -0.0534514338 0.2510364056 0.0393686071 0.9973737001 0.0607930459 -0.2536265850 -0.0488735698 0.9660667181
90.0 304.9 2706.9 0.9665007591 -0.0534514338 0.2510364056 0.0393686071 0.9973737001 0.0607930459 -0.2536265850 -0.0488735698 0.9660667181
100.1 106.5 2715.1 0.9665412307 -0.0506801009 0.2514548600 0.0385923311 0.9978604317 0.0527752303 -0.2535915077 -0.0413052067 0.9664291143
-45.9 299.5 2742.5 0.6747443676 -0.6718364358 -0.3055418730 0.6443101168 0.7381145358 -0.2001284510 0.3599784970 -0.0618281588 0.9309096336
-205.6 147.0 2657.3 -0.5337666273 -0.6718364358 -0.5135455728 -0.4245788157 0.7381145358 -0.5243278742 0.7313179970 -0.0618281588 -0.6792284250
226.0 310.3 2671.2 0.1908820570 0.7805506587 0.5952349901 -0.9789623618 0.1959061474 0.0570391119 -0.0720882788 -0.5936003923 0.8015246987
277.2 47.8 2651.9 -0.0302066766 0.7799842358 0.6250697374 -0.9596073031 0.1523723900 -0.2365089953 -0.2797166705 -0.6069656014 0.7438759208
20.1 -93.4 2744.1 0.9050986767 0.0433671139 0.4229843020 -0.0298457332 0.9988111854 -0.0385409743 -0.4241528809 0.0222591050 0.9053170085
2.9 -490.5 2735.3 0.9069221616 -0.0107458895 0.4211611450 -0.0813631490 0.9763875008 0.2001186311 -0.4133669436 -0.2157590240 0.8846331239
198.2 -86.4 2700.8 0.8859509826 0.0117376139 0.4636303186 0.0840594694 0.9790582061 -0.1854157895 -0.4560974240 0.2032418102 0.8664109111
193.5 -475.6 2620.0 0.8887354732 -0.1415142417 0.4360309541 0.0658387244 0.9807013869 0.1840924323 -0.4536678791 -0.1349017620 0.8809012175
-57.1 265.2 2453.8 0 0 0 0 0 0 0 0 0
268.7 -220.7 2573.6 0 0 0 0 0 0 0 0 0
5.8 -761.4 2795.1 0 0 0 0 0 0 0 0 0
232.7 -747.4 2657.4 0 0 0 0 0 0 0 0 0
80.5 502.9 2696.9 7 0.9668515325 -0.0490345918 0.2505868673 0.0361752324 0.9977936149 0.0556706190 -0.2527637780 -0.0447601862 0.9664921165
90.3 302.9 2705.9 0.9668515325 -0.0490345918 0.2505868673 0.0361752324 0.9977936149 0.0556706190 -0.2527637780 -0.0447601862 0.9664921165
99.4 104.5 2713.3 0.9669083953 -0.0457902700 0.2509807944 0.0349772200 0.9982644320 0.0473782457 -0.2527146637 -0.0370318145 0.9668319225
-45.7 298.0 2741.5 0.6924158931 -0.6553205848 -0.3018528819 0.6116376519 0.7550567389 -0.2361963391 0.3827003539 -0.0210784823 0.9236320257
-207.0 155.6 2652.3 -0.5458284616 -0.6553205848 -0.5221362710 -0.4540708065 0.7550567389 -0.4729788899 0.7041953206 -0.0210784823 -0.7096933722
226.4 307.9 2670.3 0.1937069744 0.7822646499 0.5920639038 -0.9790230989 0.1929982454 0.0653103590 -0.0631773099 -0.5922952890 0.8032402396
278.3 45.2 2653.4 -0.0380431227 0.7813686728 0.6229090691 -0.9550419450 0.1549825817 -0.2527356446 -0.2940197885 -0.6045191288 0.7403438687
21.6 -95.4 2746.5 0.9052648544 0.0527178310 0.4215642512 -0.0323650762 0.9979453683 -0.0552953668 -0.4236131608 0.0364129916 0.9051110148
0.6 -492.1 2732.1 0.9071039557 -0.0219364483 0.4203346968 -0.0752261207 0.9741128087 0.2131789029 -0.4141297936 -0.2249955684 0.8819713593
198.9 -88.3 2700.0 0.8866882324 0.0118929539 0.4622147679 0.0813789144 0.9800494313 -0.1813300103 -0.4551498592 0.1983977258 0.8680304885
194.1 -478.0 2621.1 0.8900466561 -0.1348060369 0.4354816675 0.0586852655 0.9812107086 0.1837976426 -0.4520763159 -0.1380321234 0.8812344670
-55.2 281.8 2456.5 0 0 0 0 0 0 0 0 0
267.7 -222.0 2571.1 0 0 0 0 0 0 0 0 0
6.7 -762.7 2794.6 0 0 0 0 0 0 0 0 0
231.3 -748.3 2659.2 0 0 0 0 0 0 0 0 0
79.1 505.9 2705.9 8 0.9662709236 -0.0497311130 0.2526803613 0.0438687988 0.9986225367 0.0287852362 -0.2537637949 -0.0167295523 0.9671215415
89.1 305.9 2709.2 0.9662709236 -0.0497311130 0.2526803613 0.0438687988 0.9986225367 0.0287852362 -0.2537637949 -0.0167295523 0.9671215415
98.1 107.4 2711.9 0.9664350748 -0.0453521237 0.2528764307 0.0404204875 0.9988782406 0.0246660989 -0.2537114322 -0.0136167947 0.9671841264
-46.9 300.2 2744.9 0.6793227792 -0.6606121659 -0.3195499182 0.5988555551 0.7507249713 -0.2788980305 0.4241375029 -0.0019024564 0.9055957794
-204.8 161.0 2646.3 -0.5565750599 -0.6606121659 -0.5038013458 -0.4880631566 0.7507249713 -0.4452037811 0.6723232269 -0.0019024564 -0.7402552366
225.1 311.6 2673.5 0.1916054934 0.7837844491 0.5907362103 -0.9792273045 0.1933464110 0.0610821061 -0.0663415194 -0.5901687145 0.8045493960
277.6 43.4 2655.3 -0.0346588381 0.7830598950 0.6209798455 -0.9530339837 0.1611647755 -0.2564217448 -0.3008736670 -0.6007021666 0.7406969070
19.8 -97.2 2743.8 0.9042395353 0.0448629670 0.4246624708 -0.0266797673 0.9984584451 -0.0486713834 -0.4261913598 0.0326806940 0.9040425420
2.0 -494.1 2730.8 0.9068109393 -0.0163668543 0.4212196767 -0.0845321491 0.9718878269 0.2197461873 -0.4129748344 -0.2348748595 0.8799349666
197.2 -90.8 2697.4 0.8858199120 0.0043427697 0.4640088379 0.0885071531 0.9800170660 -0.1781375259 -0.4555101991 0.1988658756 0.8677343130
195.5 -480.4 2618.4 0.8903098106 -0.1337658465 0.4352644980 0.0586213879 0.9815945029 0.1817575693 -0.4515661895 -0.1363047361 0.8817647099
-49.6 297.1 2458.8 0 0 0 0 0 0 0 0 0
267.9 -223.2 2571.2 0 0 0 0 0 0 0 0 0
6.6 -765.5 2796.4 0 0 0 0 0 0 0 0 0
232.0 -748.2 2655.5 0 0 0 0 0 0 0 0 0
80.0 505.0 2701.3 9 0.9637801051 -0.0480676033 0.2623307407 0.0379379913 0.9983308315 0.0435461216 -0.2639860213 -0.0320165865 0.9639949799
89.7 305.1 2707.7 0.9637801051 -0.0480676033 0.2623307407 0.0379379913 0.9983308315 0.0435461216 -0.2639860213 -0.0320165865 0.9639949799
98.2 106.5 2712.5 0.9639133215 -0.0429000445 0.2627369463 0.0350134447 0.9987867475 0.0346280672 -0.2639037371 -0.0241791289 0.9642459154
-46.0 300.1 2744.9 0.7034392953 -0.6288911104 -0.3311634064 0.5400668979 0.7758454084 -0.3261773586 0.4620616138 0.0505955666 0.8854033947
-210.2 174.1 2637.0 -0.5882368684 -0.6288911104 -0.5084028244 -0.5173512697 0.7758454084 -0.3611254096 0.6215505004 0.0505955666 -0.7817384601
225.3 310.0 2670.6 0.1969684958 0.7773857117 0.5973900557 -0.9789537191 0.1891450584 0.0766406730 -0.0534140132 -0.5999130011 0.7982802391
278.1 47.6 2656.3 -0.0284391139 0.7770162821 0.6288377047 -0.9508038163 0.1731168628 -0.2569099069 -0.3084855974 -0.6052075624 0.7338667512
18.5 -94.8 2737.9 0.9002069831 0.0410031900 0.4335275292 -0.0246082246 0.9987562299 -0.0433644764 -0.4347663820 0.0283686630 0.9000963569
2.2 -491.9 2726.6 0.9035412073 -0.0171220824 0.4281590283 -0.0916356370 0.9683651924 0.2321030200 -0.4185883701 -0.2489492595 0.8733888268
195.8 -87.4 2691.3 0.8813649416 0.0028631284 0.4724273682 0.0785303786 0.9851819873 -0.1524776667 -0.4658634961 0.1714883745 0.8680800200
194.7 -479.0 2623.2 0.8836991787 -0.1360984892 0.4478314221 0.0625336766 0.9825441837 0.1752039194 -0.4638591707 -0.1268230081 0.8767842054
-48.0 316.7 2465.7 0 0 0 0 0 0 0 0 0
270.2 -218.5 2570.0 0 0 0 0 0 0 0 0 0
7.0 -764.8 2796.8 0 0 0 0 0 0 0 0 0
232.2 -749.6 2658.1 0 0 0 0 0 0 0 0 0
80.3 507.1 2698.5 0 0.9645139575 -0.0454199985 0.2600957751 0.0342628770 0.9982942343 0.0472729579 -0.2617992461 -0.0366837978 0.9644249082
89.4 306.7 2705.9 0.9645139575 -0.0454199985 0.2600957751 0.0342628770 0.9982942343 0.0472729579 -0.2617992461 -0.0366837978 0.9644249082
97.6 108.2 2711.7 0.9645875692 -0.0415581129 0.2604682446 0.0325727910 0.9987190366 0.0387209244 -0.2617437541 -0.0288655460 0.9647056460
-46.4 302.1 2742.7 0.6999931931 -0.6204974055 -0.3535428643 0.5102902651 0.7809190750 -0.3602350354 0.4996132553 0.0717525855 0.8632717729
-208.2 184.1 2627.2 -0.6121897101 -0.6204974055 -0.4901089370 -0.5395403504 0.7809190750 -0.3147406280 0.5780311227 0.0717525855 -0.8128539920
225.1 311.3 2669.1 0.1919514090 0.7787495852 0.5972467661 -0.9797869921 0.1869882941 0.0710835680 -0.0563218556 -0.5988191962 0.7989013791
277.1 46.0 2653.8 -0.0244137645 0.7785008550 0.6271685362 -0.9512635469 0.1748229563 -0.2540365458 -0.3074111342 -0.6028046012 0.7362914085
18.3 -95.2 2741.6 0.9015007615 0.0414596237 0.4307870567 -0.0209214482 0.9984118938 -0.0523067750 -0.4322715402 0.0381419063 0.9009364843
1.8 -492.1 2726.4 0.9048773646 -0.0213480573 0.4251366556 -0.0850330964 0.9695460796 0.2296731025 -0.4170926511 -0.2439766824 0.8755050302
195.2 -88.8 2693.1 0.8826022148 0.0023751082 0.4701145887 0.0825172141 0.9836800098 -0.1598891467 -0.4628220797 0.1799110621 0.8680021763
194.2 -479.8 2621.6 0.8861463666 -0.1410665512 0.4414123893 0.0596139506 0.9793275595 0.1932969689 -0.4595550299 -0.1449750662 0.8762370348
-41.4 331.2 2469.6 0 0 0 0 0 0 0 0 0
270.3 -220.1 2567.8 0 0 0 0 0 0 0 0 0
7.8 -761.9 2794.3 0 0 0 0 0 0 0 0 0
233.3 -751.3 2661.8 0 0 0 0 0 0 0 0 0
79.3 506.5 2697.2 1 0.9637205005 -0.0408359319 0.2637711763 0.0284518469 0.9983135462 0.0506023243 -0.2653927207 -0.0412617177 0.9632570744
87.5 306.3 2705.4 0.9637205005 -0.0408359319 0.2637711763 0.0284518469 0.9983135462 0.0506023243 -0.2653927207 -0.0412617177 0.9632570744
94.7 107.7 2712.0 0.9638072848 -0.0362268277 0.2641271353 0.0262027644 0.9987999201 0.0413775742 -0.2653091550 -0.0329591446 0.9635999203
-48.2 302.6 2742.8 0.7102192640 -0.6087180972 -0.3536252975 0.4849515557 0.7871698737 -0.3810322285 0.5103043914 0.0991252959 0.8542619944
-209.4 192.5 2626.9 -0.6178095937 -0.6087180972 -0.4977685511 -0.5486809611 0.7871698737 -0.2816253006 0.5632588267 0.0991252959 -0.8203131557
223.1 309.9 2668.1 0.2007430047 0.7760854959 0.5978240371 -0.9785332084 0.1879024506 0.0846491978 -0.0466375798 -0.6019833684 0.7971454859
277.0 47.4 2655.6 -0.0125750480 0.7760664225 0.6305257678 -0.9505649805 0.1863867193 -0.2483671159 -0.3102709949 -0.6024789810 0.7353577614
17.4 -93.3 2741.4 0.9003074765 0.0362194516 0.4337448180 -0.0159783773 0.9986102581 -0.0502222963 -0.4349610507 0.0382849686 0.8996350169
3.0 -490.4 2726.2 0.9040883183 -0.0156262815 0.4270598590 -0.0897174925 0.9701197147 0.2254295200 -0.4178218246 -0.2421229482 0.8756719828
194.4 -87.4 2693.4 0.8814187050 -0.0007882769 0.4723351002 0.0869586468 0.9831762910 -0.1606316417 -0.4642620683 0.1826573461 0.8666585088
194.7 -478.2 2620.8 0.8858159184 -0.1380068511 0.4430397451 0.0584195256 0.9803214073 0.1885657459 -0.4603447318 -0.1411523670 0.8764466643
-40.4 342.6 2472.8 0 0 0 0 0 0 0 0 0
273.5 -218.6 2568.8 0 0 0 0 0 0 0 0 0
7.3 -757.9 2792.9 0 0 0 0 0 0 0 0 0
232.7 -747.9 2659.6 0 0 0 0 0 0 0 0 0
76.9 504.8 2697.5 2 0.9634864926 -0.0376583859 0.2650954127 0.0237960368 0.9981855154 0.0553117618 -0.2666973770 -0.0469839163 0.9626344442
84.4 305.1 2706.9 0.9634864926 -0.0376583859 0.2650954127 0.0237960368 0.9981855154 0.0553117618 -0.2666973770 -0.0469839163 0.9626344442
90.7 106.5 2714.5 0.9636210799 -0.0312104691 0.2654436529 0.0198942237 0.9987791777 0.0452143885 -0.2665307522 -0.0382887423 0.9630655646
-51.2 302.3 2744.4 0.7217733264 -0.5812383294 -0.3757729530 0.4207199216 0.7995491028 -0.4286209941 0.5495798588 0.1512720287 0.8216317296
-212.7 208.1 2621.4 -0.6366968751 -0.5812383294 -0.5067338347 -0.5626204014 0.7995491028 -0.2101891339 0.5273285508 0.1512720287 -0.8360869288
220.1 307.9 2669.4 0.2126908302 0.7728361487 0.5979021192 -0.9759877920 0.1974717975 0.0919386670 -0.0470152758 -0.6030996442 0.7962790728
277.0 46.7 2656.8 -0.0178044178 0.7726752162 0.6345518231 -0.9495072365 0.1857632399 -0.2528399825 -0.3132396042 -0.6070132256 0.7303532958
13.4 -93.3 2742.9 0.9000254273 0.0309459176 0.4347373843 -0.0142432377 0.9990317225 -0.0416266844 -0.4356046319 0.0312730074 0.8995947242
1.1 -490.5 2730.5 0.9035713673 -0.0202764142 0.4279575944 -0.0814629421 0.9725260735 0.2180751562 -0.4206216931 -0.2319091409 0.8770949244
190.3 -88.4 2694.2 0.8812389374 -0.0123336520 0.4725100994 0.0980273783 0.9826940298 -0.1571719497 -0.4623943865 0.1848249733 0.8671973348
195.2 -479.1 2620.7 0.8871824145 -0.1357327104 0.4410033524 0.0599362142 0.9815573096 0.1815294176 -0.4575095177 -0.1346176416 0.8789557219
-38.0 362.5 2476.7 0 0 0 0 0 0 0 0 0
272.0 -219.0 2569.1 0 0 0 0 0 0 0 0 0
6.8 -761.6 2795.1 0 0 0 0 0 0 0 0 0
232.6 -749.2 2657.8 0 0 0 0 0 0 0 0 0
75.0 504.3 2706.1 3 0.9657170773 -0.0356644168 0.2571353316 0.0281397775 0.9990628958 0.0328851379 -0.2580671906 -0.0245220102 0.9658157229
82.1 304.9 2711.0 0.9657170773 -0.0356644168 0.2571353316 0.0281397775 0.9990628958 0.0328851379 -0.2580671906 -0.0245220102 0.9658157229
88.3 106.3 2715.1 0.9658232927 -0.0312844850 0.2573065758 0.0249697380 0.9993023276 0.0277734995 -0.2579959333 -0.0203994159 0.9659306407
-53.9 301.4 2747.3 0.7305612564 -0.5744451284 -0.3691788912 0.3982743323 0.7976208925 -0.4529663324 0.5546690822 0.1838851869 0.8114976287
-216.9 212.5 2623.5 -0.6308103204 -0.5744451284 -0.5216236115 -0.5745404363 0.7976208925 -0.1835871488 0.5215185881 0.1838851869 -0.8331893682
218.0 308.4 2674.7 0.2220882475 0.7744827271 0.5923287272 -0.9720306993 0.2234531790 0.0722841248 -0.0763749331 -0.5918151736 0.8024473190
277.5 48.1 2654.3 -0.0267542340 0.7742946148 0.6322594881 -0.9558373690 0.1653645933 -0.2429597676 -0.2926757634 -0.6108374596 0.7356755137
8.4 -93.9 2746.6 0.9036397934 0.0184619538 0.4278952181 -0.0072288434 0.9995856285 -0.0278620403 -0.4282322824 0.0220840592 0.9033988118
1.1 -491.3 2737.8 0.9068459272 -0.0175518841 0.4210967124 -0.0727964342 0.9775928259 0.1975169629 -0.4151279330 -0.2097717822 0.8852483034
185.3 -90.2 2697.6 0.8850687742 -0.0265060887 0.4647049904 0.1063172072 0.9834967256 -0.1463926136 -0.4531555772 0.1789736748 0.8732802868
195.8 -481.2 2626.5 0.8903535008 -0.1313900203 0.4358983040 0.0710090920 0.9858101606 0.1521052867 -0.4496980906 -0.1044747233 0.8870494366
-43.3 370.7 2479.9 0 0 0 0 0 0 0 0 0
270.0 -219.3 2572.4 0 0 0 0 0 0 0 0 0
6.0 -761.3 2795.7 0 0 0 0 0 0 0 0 0
231.6 -749.9 2655.0 0 0 0 0 0 0 0 0 0
74.2 504.3 2701.0 4 0.9711351991 -0.0355397351 0.2358672172 0.0256155040 0.9986581802 0.0450080708 -0.2371502966 -0.0376670659 0.9707424641
81.4 304.4 2708.5 0.9711351991 -0.0355397351 0.2358672172 0.0256155040 0.9986581802 0.0450080708 -0.2371502966 -0.0376670659 0.9707424641
87.7 105.9 2714.8 0.9712089300 -0.0318198204 0.2360947430 0.0234292373 0.9989930987 0.0382604785 -0.2370744646 -0.0316273980 0.9709765315
-55.3 301.1 2741.8 0.9097073078 -0.4141903520 -0.0296478961 0.3998801708 0.8930452466 -0.2063152641 0.1119307056 0.1758308858 0.9780362844
-241.9 219.1 2718.9 -0.5096881986 -0.4141903520 -0.7540982962 -0.3876204193 0.8930452466 -0.2285181731 0.7680939436 0.1758308858 -0.6157233119
218.0 307.7 2675.1 0.2338846475 0.7789580822 0.5818266869 -0.9663351178 0.2522292137 0.0507624745 -0.1072118506 -0.5741121173 0.8117271066
278.8 56.4 2647.3 -0.0352249220 0.7808777690 0.6236898899 -0.9676490426 0.1293598562 -0.2166134119 -0.2498290390 -0.6111431122 0.7510589361
5.9 -94.6 2742.8 0.9128857255 0.0139226411 0.4079776704 -0.0047577028 0.9997131824 -0.0234704241 -0.4081874490 0.0194847789 0.9126901627
0.4 -492.1 2735.0 0.9162752628 -0.0234521478 0.3998620212 -0.0674174055 0.9750130177 0.2116706520 -0.3948348165 -0.2209062427 0.8917992711
183.2 -90.0 2695.5 0.8945952654 -0.0298365038 0.4458801448 0.1047303900 0.9839786887 -0.1442827731 -0.4344316721 0.1757718921 0.8833874464
195.0 -481.3 2625.6 0.8998041749 -0.1324657500 0.4156984687 0.0701938570 0.9843357801 0.1617279351 -0.4306102693 -0.1163439974 0.8950077295
-109.8 319.6 2519.8 0 0 0 0 0 0 0 0 0
269.0 -214.0 2577.4 0 0 0 0 0 0 0 0 0
6.9 -764.7 2796.8 0 0 0 0 0 0 0 0 0
231.9 -755.5 2658.0 0 0 0 0 0 0 0 0 0
72.9 504.4 2698.4 5 0.9739056826 -0.0385301486 0.2236586660 0.0278512482 0.9983251095 0.0507073030 -0.2252378166 -0.0431549549 0.9733476043
80.6 304.6 2707.0 0.9739056826 -0.0385301486 0.2236586660 0.0278512482 0.9983251095 0.0507073030 -0.2252378166 -0.0431549549 0.9733476043
87.9 106.0 2714.2 0.9739186764 -0.0365690403 0.2239309698 0.0275045317 0.9986762404 0.0434663072 -0.2252240479 -0.0361735336 0.9736352563
-56.4 300.7 2738.7 0.9328348041 -0.3566604555 0.0511126667 0.3602517545 0.9208441377 -0.1492137164 0.0061518322 0.1576051861 0.9874830246
-252.7 224.9 2737.4 -0.4788319170 -0.3566604555 -0.8021928072 -0.3250390291 0.9208441377 -0.2153966278 0.8155180216 0.1576051861 -0.5568581223
217.7 308.4 2675.3 0.2287322730 0.7889449596 0.5703046322 -0.9697122574 0.2362089157 0.0621573739 -0.0856722966 -0.5672487617 0.8190782070
278.3 51.6 2652.6 -0.0347313918 0.7893707752 0.6129335165 -0.9609640837 0.1420663744 -0.2374134660 -0.2744845152 -0.5972527862 0.7536228299
4.9 -94.9 2742.8 0.9177574515 0.0181341339 0.3967271149 -0.0086954888 0.9996350408 -0.0255771913 -0.3970461488 0.0200239215 0.9175801873
-2.3 -492.3 2734.9 0.9203207493 -0.0296036489 0.3900428116 -0.0567061864 0.9765017033 0.2079153657 -0.3870325089 -0.2134666592 0.8970160484
183.1 -90.6 2699.3 0.8992612362 -0.0359261855 0.4359341562 0.1092230231 0.9834938049 -0.1442576796 -0.4235559106 0.1773393750 0.8883417845
197.4 -481.6 2628.8 0.9048959613 -0.1256094426 0.4066762924 0.0705128461 0.9865003228 0.1478005350 -0.4197514355 -0.1050682068 0.9015372396
-131.4 307.2 2530.8 0 0 0 0 0 0 0 0 0
268.6 -217.0 2575.9 0 0 0 0 0 0 0 0 0
5.9 -763.9 2794.2 0 0 0 0 0 0 0 0 0
232.2 -755.6 2658.0 0 0 0 0 0 0 0 0 0
72.9 505.2 2697.1 6 0.9806439281 -0.0391543210 0.1918447167 0.0290458724 0.9980514646 0.0552236661 -0.1936331540 -0.0485824570 0.9798703790
80.8 305.2 2706.8 0.9806439281 -0.0391543210 0.1918447167 0.0290458724 0.9980514646 0.0552236661 -0.1936331540 -0.0485824570 0.9798703790
88.2 106.7 2715.1 0.9806578755 -0.0374254063 0.1921182871 0.0286821313 0.9984310269 0.0480918661 -0.1936167032 -0.0416513048 0.9801927209
-57.2 301.1 2734.0 0.9355332255 -0.2706989646 0.2269354314 0.2918919623 0.9542361498 -0.0650577322 -0.1989389360 0.1271042973 0.9717344046
-257.4 238.6 2776.6 -0.3927139640 -0.2706989646 -0.8789185286 -0.2300112993 0.9542361498 -0.1911235899 0.8904327750 0.1271042973 -0.4370056689
218.7 309.2 2679.6 0.2230608612 0.8036160469 0.5517654419 -0.9683738947 0.2475839406 0.0308897253 -0.1117847860 -0.5412055254 0.8334270716
277.9 52.5 2649.9 -0.0339787118 0.8055280447 0.5915826559 -0.9637148380 0.1304017603 -0.2329142988 -0.2647624314 -0.5780311227 0.7718684077
5.8 -95.0 2742.1 0.9301724434 0.0141034387 0.3668518960 -0.0087574478 0.9998298883 -0.0162329897 -0.3670184314 0.0118867923 0.9301376939
0.2 -492.5 2737.3 0.9321933985 -0.0167684946 0.3615719378 -0.0580398925 0.9790759087 0.1950428933 -0.3572769463 -0.2028032988 0.9117148519
184.5 -90.0 2700.7 0.9123985767 -0.0297241006 0.4082221985 0.1070291996 0.9799835682 -0.1678599417 -0.3950615525 0.1968468577 0.8973169327
196.3 -479.5 2622.5 0.9174111485 -0.1271233708 0.3770894706 0.0725857541 0.9851618409 0.1555230767 -0.3912647963 -0.1153072789 0.9130257964
-158.4 296.6 2552.1 0 0 0 0 0 0 0 0 0
268.4 -217.0 2575.9 0 0 0 0 0 0 0 0 0
4.8 -763.5 2793.4 0 0 0 0 0 0 0 0 0
232.3 -758.6 2655.1 0 0 0 0 0 0 0 0 0
72.8 506.3 2705.9 7 0.9844684601 -0.0429906249 0.1702165157 0.0394376032 0.9989289045 0.0242015440 -0.1710746437 -0.0171127245 0.9851094484
81.4 306.4 2709.4 0.9844684601 -0.0429906249 0.1702165157 0.0394376032 0.9989289045 0.0242015440 -0.1710746437 -0.0171127245 0.9851094484
89.4 107.8 2712.7 0.9845802784 -0.0402218215 0.1702464074 0.0367521830 0.9990484118 0.0234840550 -0.1710289717 -0.0168650113 0.9851216674
-57.1 301.2 2733.4 0.9360457063 -0.2002695203 0.2893277705 0.2204559743 0.9746329188 -0.0385984592 -0.2742582560 0.0999139547 0.9564515948
-250.0 255.8 2789.9 -0.3357184231 -0.2002695203 -0.9204266667 -0.1640727073 0.9746329188 -0.1522196531 0.9275630713 0.0999139547 -0.3600609601
219.9 311.5 2685.3 0.2137281150 0.8193842769 0.5319113731 -0.9700466394 0.2423625737 0.0164278559 -0.1154546812 -0.5194899440 0.8466406465
277.4 50.5 2654.2 -0.0324907862 0.8208374977 0.5702369213 -0.9579961300 0.1370754987 -0.2519001365 -0.2849345803 -0.5544692278 0.7819054723
5.7 -94.4 2741.1 0.9379438162 0.0091781393 0.3466657996 -0.0101013379 0.9999486208 0.0008562129 -0.3466401100 -0.0043048677 0.9379883409
2.0 -492.0 2742.8 0.9393783212 -0.0042561167 0.3428559601 -0.0601855069 0.9823518395 0.1770946831 -0.3375589252 -0.1869938672 0.9225438833
185.5 -89.1 2705.6 0.9209599495 -0.0240415521 0.3889149427 0.1053179502 0.9763046503 -0.1890432239 -0.3751545548 0.2150609493 0.9016694427
195.1 -477.2 2620.1 0.9261878729 -0.1246426105 0.3558654487 0.0690722093 0.9838983417 0.1648426652 -0.3706818521 -0.1280948669 0.9198840857
-165.0 297.3 2555.1 0 0 0 0 0 0 0 0 0
268.3 -217.4 2574.6 0 0 0 0 0 0 0 0 0
3.2 -769.6 2795.7 0 0 0 0 0 0 0 0 0
231.1 -761.3 2657.1 0 0 0 0 0 0 0 0 0
73.8 505.8 2700.4 8 0.9846028090 -0.0424211398 0.1695812792 0.0361074284 0.9985412359 0.0401446819 -0.1710368842 -0.0334034227 0.9846982360
82.3 305.8 2707.0 0.9846028090 -0.0424211398 0.1695812792 0.0361074284 0.9985412359 0.0401446819 -0.1710368842 -0.0334034227 0.9846982360
90.7 107.3 2712.9 0.9845830798 -0.0422010645 0.1697506458 0.0365730375 0.9986770153 0.0361473709 -0.1710515171 -0.0293817911 0.9848238826
-56.3 300.7 2731.1 0.9289336205 -0.1222528890 0.3494804800 0.1472796351 0.9880316854 -0.0458488278 -0.3396926224 0.0940618739 0.9358211756
-241.8 271.3 2798.9 -0.2954787314 -0.1222528890 -0.9474948645 -0.1267076880 0.9880316854 -0.0879691318 0.9469094276 0.0940618739 -0.3074327111
220.8 311.0 2683.0 0.2111940384 0.8206344247 0.5309954882 -0.9725610614 0.2306609154 0.0303407516 -0.0975812450 -0.5228332877 0.8468312621
277.2 51.3 2656.9 -0.0317380056 0.8211959004 0.5697631240 -0.9549106359 0.1434461176 -0.2599401474 -0.2951920927 -0.5523228645 0.7796159983
7.2 -94.1 2731.8 0.9381008148 0.0076080123 0.3462787569 -0.0151370419 0.9997040629 0.0190433562 -0.3460313976 -0.0231062248 0.9379383326
4.2 -491.5 2740.9 0.9393336773 0.0034430921 0.3429874480 -0.0692205727 0.9812788963 0.1797225475 -0.3359475732 -0.1925612241 0.9219866395
187.8 -87.4 2700.4 0.9210630059 -0.0192497596 0.3889375329 0.0962510258 0.9790415168 -0.1794811040 -0.3773310184 0.2027490437 0.9036117196
195.4 -476.6 2619.8 0.9261534810 -0.1170847714 0.3585120440 0.0590839870 0.9838962555 0.1686928868 -0.3724900186 -0.1350531727 0.9181567430
-166.7 303.5 2558.4 0 0 0 0 0 0 0 0 0
268.3 -215.8 2574.4 0 0 0 0 0 0 0 0 0
3.2 -769.7 2795.5 0 0 0 0 0 0 0 0 0
229.7 -764.9 2659.4 0 0 0 0 0 0 0 0 0
75.2 511.6 2698.1 9 0.9855405092 -0.0404655114 0.1645370871 0.0333597809 0.9983969331 0.0457235873 -0.1661235541 -0.0395735241 0.9853105545
83.4 310.8 2706.0 0.9855405092 -0.0404655114 0.1645370871 0.0333597809 0.9983969331 0.0457235873 -0.1661235541 -0.0395735241 0.9853105545
91.7 112.3 2712.7 0.9854491353 -0.0417143852 0.1647724509 0.0355806611 0.9985657930 0.0400044434 -0.1662048846 -0.0335596316 0.9855200052
-55.3 305.8 2729.4 0.9125273824 -0.1140809804 0.3927839994 0.1313944310 0.9911777973 -0.0173797552 -0.3873360753 0.0674691349 0.9194664955
-244.0 278.6 2809.5 -0.2585855424 -0.1140809804 -0.9592283368 -0.0951966792 0.9911777973 -0.0922179222 0.9612861872 0.0674691349 -0.2671643794
222.1 315.8 2682.6 0.2031175047 0.8240473270 0.5288566351 -0.9740658998 0.2250460386 0.0234491695 -0.0996938571 -0.5199041367 0.8483871818
277.1 51.7 2655.6 -0.0322279856 0.8244008422 0.5650880933 -0.9547919035 0.1417760253 -0.2612889707 -0.2955228090 -0.5479623675 0.7825621367
8.8 -94.5 2734.4 0.9397237897 0.0205245018 0.3413179517 -0.0246771872 0.9996648431 0.0078288233 -0.3410428762 -0.0157796983 0.9399152994
0.6 -491.9 2740.7 0.9405331612 -0.0090065692 0.3395825326 -0.0570861734 0.9812417626 0.1841350943 -0.3348709941 -0.1925706267 0.9223762751
189.4 -87.8 2703.0 0.9229543209 -0.0190930553 0.3844356835 0.0964922756 0.9783532023 -0.1830688864 -0.3726185262 0.2060592920 0.9048176408
197.0 -476.8 2621.1 0.9281951189 -0.1134716645 0.3543697894 0.0574195683 0.9846391678 0.1648901105 -0.3676367402 -0.1327024400 0.9204527736
-178.1 302.9 2564.7 0 0 0 0 0 0 0 0 0
268.1 -215.4 2572.9 0 0 0 0 0 0 0 0 0
3.1 -768.5 2795.0 0 0 0 0 0 0 0 0 0
229.7 -760.5 2659.4 0 0 0 0 0 0 0 0 0
74.8 501.1 2696.9 0 0.9842754006 -0.0427735038 0.1713837981 0.0353226177 0.9983032346 0.0462922677 -0.1730730683 -0.0395106152 0.9841161370
83.3 301.8 2704.8 0.9842754006 -0.0427735038 0.1713837981 0.0353226177 0.9983032346 0.0462922677 -0.1730730683 -0.0395106152 0.9841161370
91.4 103.3 2711.7 0.9843265414 -0.0406492949 0.1716069281 0.0340984948 0.9985791445 0.0409510508 -0.1730277389 -0.0344576687 0.9843140244
-55.2 297.1 2729.2 0.9643687010 -0.1074513271 0.2417585850 0.1409261376 0.9820091128 -0.1256897300 -0.2239035964 0.1552813500 0.9621615410
-251.8 268.3 2774.8 -0.3421226442 -0.1074513271 -0.9334914684 -0.1831687987 0.9820091128 -0.0459050648 0.9216296673 0.1552813500 -0.3556492925
221.9 306.6 2680.5 0.2110548466 0.8189643621 0.5336227417 -0.9723483324 0.2317371964 0.0289236568 -0.0999727994 -0.5249716640 0.8452278972
276.5 54.7 2654.6 -0.0252522863 0.8199002743 0.5719491839 -0.9553475380 0.1486987770 -0.2553423941 -0.2944034338 -0.5528582335 0.7795347571
9.6 -89.5 2734.6 0.9375081062 0.0153939435 0.3476227224 -0.0161778703 0.9998689294 -0.0006473692 -0.3475871384 -0.0050168820 0.9376342893
3.4 -486.9 2736.6 0.9388161898 0.0026100394 0.3444086313 -0.0707992464 0.9800785184 0.1855628192 -0.3370631635 -0.1985932440 0.9202983975
190.4 -82.9 2704.1 0.9205266237 -0.0139760217 0.3904297054 0.0925401226 0.9787198305 -0.1831495911 -0.3795616031 0.2047244906 0.9022310376
195.9 -472.1 2622.7 0.9240878820 -0.1218393147 0.3622386158 0.0664183125 0.9845967293 0.1617338210 -0.3763644993 -0.1253969818 0.9179462790
-169.7 312.3 2553.7 0 0 0 0 0 0 0 0 0
269.5 -212.6 2572.2 0 0 0 0 0 0 0 0 0
2.7 -767.4 2793.4 0 0 0 0 0 0 0 0 0
231.3 -758.1 2659.2 0 0 0 0 0 0 0 0 0
74.5 498.5 2695.4 1 0.9853495359 -0.0418569222 0.1653308719 0.0340005346 0.9981669188 0.0500679947 -0.1671234965 -0.0437131375 0.9849664569
82.9 299.5 2704.1 0.9853495359 -0.0418569222 0.1653308719 0.0340005346 0.9981669188 0.0500679947 -0.1671234965 -0.0437131375 0.9849664569
91.1 101.0 2712.0 0.9853416681 -0.0414275080 0.1654859781 0.0341897011 0.9983400106 0.0463495664 -0.1671314240 -0.0400122441 0.9851223826
-55.8 294.7 2727.6 0.9775819182 -0.2105417848 -0.0023977563 0.1989012659 0.9271492958 -0.3175413609 0.0690788031 0.3099457920 0.9482414126
-253.6 254.4 2713.6 -0.4858119190 -0.2105417848 -0.8483271599 -0.3743623495 0.9271492958 -0.0157179590 0.7898351550 0.3099457920 -0.5292390585
221.6 304.3 2680.5 0.2055824101 0.8215748668 0.5317429900 -0.9726456404 0.2315763235 0.0182448160 -0.1081496105 -0.5209483504 0.8467091918
276.3 45.3 2651.8 -0.0135973645 0.8233233690 0.5674096942 -0.9579281807 0.1519723684 -0.2434708178 -0.2866857946 -0.5468482971 0.7866182327
9.2 -98.3 2734.4 0.9396310449 0.0176182445 0.3417354822 -0.0183550157 0.9998309612 -0.0010778001 -0.3416967094 -0.0052598258 0.9397955537
2.2 -495.8 2736.5 0.9408370852 -0.0010927691 0.3388574123 -0.0669047162 0.9797106385 0.1889202893 -0.3321886361 -0.2004143745 0.9216749668
189.8 -92.1 2702.6 0.9228219390 -0.0139890928 0.3849726319 0.0874512866 0.9808569551 -0.1739881337 -0.3751691580 0.1942264140 0.9063796997
195.4 -482.0 2625.4 0.9244988561 -0.1252039522 0.3600358963 0.0748501867 0.9857569933 0.1506009847 -0.3737637103 -0.1122816801 0.9207026958
-136.3 344.8 2522.8 0 0 0 0 0 0 0 0 0
272.5 -222.7 2571.5 0 0 0 0 0 0 0 0 0
2.5 -766.9 2791.9 0 0 0 0 0 0 0 0 0
230.4 -758.0 2656.9 0 0 0 0 0 0 0 0 0
72.5 498.1 2705.1 2 0.9879418015 -0.0408063158 0.1493513733 0.0383594818 0.9990789890 0.0192284584 -0.1499984562 -0.0132675581 0.9885972142
80.6 299.1 2707.7 0.9879418015 -0.0408063158 0.1493513733 0.0383594818 0.9990789890 0.0192284584 -0.1499984562 -0.0132675581 0.9885972142
89.2 100.6 2710.3 0.9878532290 -0.0428851470 0.1493546516 0.0404736288 0.9989970922 0.0191499367 -0.1500261128 -0.0128724016 0.9885982275
-58.4 293.4 2728.8 0.9434460402 -0.2616507709 -0.2035887986 0.1484825313 0.8825477362 -0.4461641610 0.2964160144 0.3907024562 0.8714867234
-246.3 263.9 2669.8 -0.6165363193 -0.2616507709 -0.7425777912 -0.4642823935 0.8825477362 0.0745075941 0.6358653903 0.3907024562 -0.6656025648
219.6 304.8 2686.6 0.2097948343 0.8298252821 0.5170843005 -0.9693719745 0.2455958277 -0.0008361978 -0.1276876330 -0.5010715723 0.8559340835
276.3 43.0 2652.1 -0.0208368227 0.8326335549 0.5534322262 -0.9587268233 0.1403612196 -0.2472683638 -0.2835643589 -0.5357425809 0.7953433990
8.9 -100.6 2735.3 0.9449955821 0.0172232985 0.3266293705 -0.0134541960 0.9998143315 -0.0137952846 -0.3268063068 0.0086419471 0.9450518489
2.1 -498.1 2731.9 0.9468011856 -0.0056013074 0.3217703104 -0.0681890473 0.9736545682 0.2175937593 -0.3145119250 -0.2279592454 0.9214753509
189.8 -94.3 2704.6 0.9287650585 -0.0145137189 0.3703847528 0.0904566795 0.9778971076 -0.1885068864 -0.3594622314 0.2085823715 0.9095494747
195.5 -483.1 2621.7 0.9312605858 -0.1223929673 0.3431817591 0.0717399716 0.9850476384 0.1566350609 -0.3572213948 -0.1212482080 0.9261164665
-95.7 377.3 2514.4 0 0 0 0 0 0 0 0 0
270.5 -225.2 2572.8 0 0 0 0 0 0 0 0 0
3.6 -766.3 2794.7 0 0 0 0 0 0 0 0 0
230.1 -761.2 2656.0 0 0 0 0 0 0 0 0 0
71.2 503.6 2709.9 3 0.9870769978 -0.0350844264 0.1563587785 0.0381058194 0.9991396666 -0.0163670629 -0.1556500345 0.0221137311 0.9875646830
78.4 298.1 2705.4 0.9870769978 -0.0350844264 0.1563587785 0.0381058194 0.9991396666 -0.0163670629 -0.1556500345 0.0221137311 0.9875646830
89.3 99.8 2711.7 0.9865825772 -0.0547007620 0.1538265347 0.0491031334 0.9979940653 0.0399588905 -0.1557037532 -0.0318693817 0.9872895479
-60.4 291.2 2727.3 0.8937973976 -0.3050278127 -0.3287616074 0.0679026246 0.8166650534 -0.5731033087 0.4433005750 0.4899145067 0.7506452799
-236.2 277.9 2640.1 -0.6969761848 -0.3050278127 -0.6489855647 -0.5419964790 0.8166650534 0.1982371956 0.4695359766 0.4899145067 -0.7345200777
217.3 305.0 2683.5 0.2271270156 0.8224819899 0.5214755535 -0.9669401646 0.2542007565 0.0202170312 -0.1159313321 -0.5088274479 0.8530266881
277.4 48.9 2652.8 -0.0290214103 0.8254122138 0.5637840033 -0.9599581361 0.1342082769 -0.2459035665 -0.2786363065 -0.5483455062 0.7884662747
7.1 -101.7 2726.6 0.9434129596 0.0156391691 0.3312512338 -0.0189389028 0.9997979403 0.0067356662 -0.3310789764 -0.0126280496 0.9435185194
0.9 -499.1 2731.6 0.9449614286 -0.0090793986 0.3270556927 -0.0661692545 0.9736554623 0.2182123810 -0.3204208016 -0.2278433144 0.9194660783
188.4 -94.3 2699.1 0.9259046912 -0.0172432587 0.3773633838 0.0947366208 0.9776325822 -0.1877752841 -0.3656848967 0.2096121460 0.9068281651
195.2 -483.0 2615.7 0.9303758144 -0.1220585555 0.3456914723 0.0627711415 0.9820604324 0.1778120846 -0.3611933887 -0.1437326074 0.9213469625
-61.8 413.5 2522.7 0 0 0 0 0 0 0 0 0
269.3 -219.7 2574.8 0 0 0 0 0 0 0 0 0
3.4 -765.5 2794.0 0 0 0 0 0 0 0 0 0
229.8 -761.0 2656.4 0 0 0 0 0 0 0 0 0
72.3 508.0 2712.9 4 0.9906362891 -0.0364432558 0.1315734982 0.0384414271 0.9991804361 -0.0126779610 -0.1310036331 0.0176171213 0.9912253618
79.7 305.8 2709.3 0.9906362891 -0.0364432558 0.1315734982 0.0384414271 0.9991804361 -0.0126779610 -0.1310036331 0.0176171213 0.9912253618
89.0 107.3 2711.5 0.9903784990 -0.0465097465 0.1303350627 0.0446506888 0.9988554120 0.0171513874 -0.1309835911 -0.0111668147 0.9913216233
-59.7 299.5 2727.7 0.9780937433 -0.2031780630 -0.0452912413 0.1618401706 0.8790520430 -0.4484142065 0.1309212893 0.4312611818 0.8926776648
-258.6 266.6 2701.1 -0.5997710228 -0.2031780630 -0.7739466429 -0.4598791301 0.8790520430 0.1256134063 0.6548174620 0.4312611818 -0.6206672788
219.0 312.0 2690.8 0.2146586478 0.8367277980 0.5037938952 -0.9662892222 0.2570134401 -0.0151410336 -0.1421507299 -0.4835604429 0.8636912107
277.9 47.0 2651.9 -0.0299420487 0.8403917551 0.5411517024 -0.9589473605 0.1285894662 -0.2527542412 -0.2819989920 -0.5265039802 0.8020412326
9.7 -103.0 2732.3 0.9509951472 0.0144259697 0.3088690042 -0.0159828011 0.9998691082 0.0025107239 -0.3087923825 -0.0073242784 0.9511012435
4.0 -500.5 2735.2 0.9521636963 0.0002109394 0.3055883944 -0.0646910965 0.9774749875 0.2008922100 -0.2986626625 -0.2110511065 0.9307298660
190.7 -94.0 2703.7 0.9352666736 -0.0142061701 0.3536586463 0.0847145468 0.9791369438 -0.1847004443 -0.3436563611 0.2027041912 0.9169576168
196.4 -483.3 2623.2 0.9371885657 -0.1183868796 0.3281190395 0.0696423799 0.9852111936 0.1565530449 -0.3418003917 -0.1238687336 0.9315733910
-117.9 374.6 2547.4 0 0 0 0 0 0 0 0 0
269.5 -221.3 2573.0 0 0 0 0 0 0 0 0 0
3.9 -762.5 2791.8 0 0 0 0 0 0 0 0 0
229.2 -756.5 2657.5 0 0 0 0 0 0 0 0 0
72.3 506.5 2715.8 5 0.9902515411 -0.0408917181 0.1331532001 0.0437596962 0.9988673925 -0.0186830051 -0.1322384179 0.0243276171 0.9909193516
80.5 305.9 2710.9 0.9902515411 -0.0408917181 0.1331532001 0.0437596962 0.9988673925 -0.0186830051 -0.1322384179 0.0243276171 0.9909193516
89.9 107.4 2709.7 0.9900874496 -0.0470868163 0.1323240548 0.0474852845 0.9988719225 0.0001444487 -0.1321815848 0.0061404291 0.9912065268
-58.8 299.3 2729.5 0.9735426307 -0.2261508852 -0.0327187255 0.1920454800 0.8873674870 -0.4191628695 0.1238275841 0.4017894268 0.9073213339
-269.0 257.8 2702.8 -0.5752508640 -0.2261508852 -0.7860929966 -0.4545312524 0.8873674870 0.0773325339 0.6800644994 0.4017894268 -0.6132515669
219.8 312.6 2692.3 0.2181346416 0.8363004923 0.5030097365 -0.9646961689 0.2627185881 -0.0184450317 -0.1475756019 -0.4812280834 0.8640838861
277.8 56.3 2653.1 -0.0312016252 0.8407707810 0.5404914021 -0.9609199762 0.1235808656 -0.2477105707 -0.2750622034 -0.5270980000 0.8040575385
7.4 -95.3 2725.7 0.9502818584 0.0127290664 0.3111307025 -0.0174295120 0.9997720718 0.0123317474 -0.3109028041 -0.0171414930 0.9502871037
2.4 -492.7 2732.5 0.9514412880 -0.0027569775 0.3078178763 -0.0629736856 0.9770689011 0.2033979446 -0.3013200164 -0.2129056305 0.9294500947
189.1 -87.1 2701.7 0.9344976544 -0.0148003064 0.3556613922 0.0929814428 0.9745972157 -0.2037516683 -0.3436110318 0.2234753668 0.9121350050
195.0 -474.5 2612.8 0.9382558465 -0.1230761930 0.3233082891 0.0659044981 0.9810492992 0.1822054535 -0.3396065235 -0.1496478617 0.9285865426
-140.5 359.4 2550.8 0 0 0 0 0 0 0 0 0
269.1 -212.5 2576.2 0 0 0 0 0 0 0 0 0
3.1 -764.5 2791.7 0 0 0 0 0 0 0 0 0
230.4 -756.3 2655.8 0 0 0 0 0 0 0 0 0
71.4 504.1 2704.8 6 0.9899346828 -0.0475342609 0.1333035380 0.0469231233 0.9988686442 0.0077241487 -0.1335198730 -0.0013913844 0.9910451770
80.9 304.5 2705.1 0.9899346828 -0.0475342609 0.1333035380 0.0469231233 0.9988686442 0.0077241487 -0.1335198730 -0.0013913844 0.9910451770
90.9 106.0 2706.9 0.9898466468 -0.0504232831 0.1328952163 0.0487185046 0.9986835718 0.0160506666 -0.1335295886 -0.0094132414 0.9910001159
-58.4 297.6 2723.9 0.9554684758 -0.2850320041 -0.0763987079 0.2147191763 0.8491202593 -0.4825872183 0.2024244964 0.4446926117 0.8725094795
-274.0 249.2 2678.2 -0.6162812114 -0.2850320041 -0.7341350317 -0.5176786780 0.8491202593 0.1048978642 0.5934696794 0.4446926117 -0.6708518863
220.2 311.3 2686.3 0.2170789838 0.8368829489 0.5024973750 -0.9681747556 0.2502710819 0.0014383550 -0.1245568395 -0.4868175387 0.8645775318
277.3 56.5 2653.5 -0.0252683535 0.8403198719 0.5415016413 -0.9596894979 0.1312857121 -0.2485158890 -0.2799242735 -0.5259530544 0.8031287789
8.5 -95.4 2720.6 0.9501355886 0.0118696550 0.3116111159 -0.0209517200 0.9994471669 0.0258138478 -0.3111324608 -0.0310554449 0.9498590231
3.8 -492.8 2732.9 0.9511373639 -0.0023419037 0.3087591827 -0.0635068417 0.9771077633 0.2030450404 -0.3021664917 -0.2127320468 0.9292149544
190.1 -86.7 2696.3 0.9341010451 -0.0078553772 0.3569222689 0.0817655250 0.9778911471 -0.1924664378 -0.3475192189 0.2089670449 0.9140914679
193.3 -475.5 2613.3 0.9351765513 -0.1340695471 0.3278264999 0.0741213411 0.9791746736 0.1890053451 -0.3463392556 -0.1524544209 0.9256385565
-126.2 373.3 2535.9 0 0 0 0 0 0 0 0 0
270.2 -212.0 2575.2 0 0 0 0 0 0 0 0 0
4.4 -762.9 2791.7 0 0 0 0 0 0 0 0 0
231.4 -754.2 2656.7 0 0 0 0 0 0 0 0 0
67.6 503.2 2709.8 7 0.9813080430 -0.0894444883 0.1703941673 0.0940167680 0.9953904152 -0.0189397391 -0.1679146737 0.0346056260 0.9851939678
86.0 298.5 2702.7 0.9813080430 -0.0894444883 0.1703941673 0.0940167680 0.9953904152 -0.0189397391 -0.1679146737 0.0346056260 0.9851939678
91.6 100.0 2709.0 0.9855393171 -0.0274468008 0.1672093570 0.0218188688 0.9991348982 0.0354029462 -0.1680364013 -0.0312426761 0.9852855802
-52.5 295.4 2726.3 0.9390552640 -0.2724889517 -0.2095828354 0.1048885435 0.8077078462 -0.5801779032 0.3273737729 0.5228362679 0.7870633006
-259.8 272.3 2654.0 -0.6775284410 -0.2724889517 -0.6831580997 -0.5469059944 0.8077078462 0.2202314138 0.4917815328 0.5228362679 -0.6962708831
224.6 301.5 2679.1 0.2072000057 0.8233408928 0.5283729434 -0.9732425213 0.2283187956 0.0258750133 -0.0993335098 -0.5195962787 0.8486180305
277.2 54.4 2653.9 -0.0292312950 0.8241488338 0.5656183958 -0.9567106962 0.1408578306 -0.2546835542 -0.2895689309 -0.5485779047 0.7843545675
10.1 -97.0 2721.1 0.9387664199 0.0180488620 0.3440812230 -0.0267736986 0.9994288087 0.0206221566 -0.3435124755 -0.0285717156 0.9387133718
3.0 -494.3 2732.4 0.9398576617 -0.0048246491 0.3415322304 -0.0691408813 0.9765132070 0.2040625066 -0.3344952762 -0.2154035568 0.9174498320
191.8 -88.1 2696.6 0.9235162735 -0.0075004743 0.3834858835 0.0860251486 0.9783884883 -0.1880310327 -0.3737878501 0.2066391557 0.9042029381
194.8 -477.0 2614.4 0.9267908335 -0.1270606518 0.3534322083 0.0627927110 0.9802110791 0.1877320558 -0.3702915311 -0.1517953873 0.9164291024
-92.9 407.0 2532.9 0 0 0 0 0 0 0 0 0
269.0 -213.3 2572.8 0 0 0 0 0 0 0 0 0
4.3 -761.4 2791.3 0 0 0 0 0 0 0 0 0
231.0 -756.6 2657.7 0 0 0 0 0 0 0 0 0
68.7 501.0 2714.8 8 0.9761689901 -0.1056810021 0.1895404607 0.1172632724 0.9917935729 -0.0509391390 -0.1826017201 0.0719513446 0.9805506468
90.6 295.2 2699.9 0.9761689901 -0.1056810021 0.1895404607 0.1172632724 0.9917935729 -0.0509391390 -0.1826017201 0.0719513446 0.9805506468
92.9 96.8 2710.1 0.9829602242 -0.0110327611 0.1834870428 0.0014468271 0.9986306429 0.0522951335 -0.1838127375 -0.0511385612 0.9816301465
-47.6 295.0 2725.7 0.8999626040 -0.2888335586 -0.3265616596 0.0058258804 0.7569518089 -0.6534447670 0.4359281957 0.5861732960 0.6829109788
-245.1 293.8 2630.0 -0.7340037823 -0.2888335586 -0.6146654487 -0.5681781769 0.7569518089 0.3227964938 0.3720376492 0.5861732960 -0.7197144032
228.8 295.4 2674.0 0.1854405701 0.8184733391 0.5437951684 -0.9784840345 0.2047381252 0.0255205389 -0.0904477239 -0.5368274450 0.8388298154
276.8 42.5 2650.7 -0.0311327558 0.8181121349 0.5742153525 -0.9545312524 0.1460734010 -0.2598704696 -0.2964808047 -0.5561969876 0.7763659358
6.8 -100.5 2730.6 0.9333780408 0.0134460470 0.3586427569 -0.0164805558 0.9998495579 0.0054052831 -0.3585161269 -0.0109558050 0.9334592223
1.4 -498.0 2735.0 0.9351074100 -0.0123812938 0.3541481197 -0.0644109696 0.9768030047 0.2042232007 -0.3484614789 -0.2137816399 0.9126182199
187.5 -96.6 2699.9 0.9185408950 -0.0225125067 0.3946844935 0.1042088494 0.9768545032 -0.1868040115 -0.3813439012 0.2127167434 0.8996267915
196.4 -484.9 2615.3 0.9254413247 -0.1242780313 0.3579292595 0.0579992160 0.9800086617 0.1903132498 -0.3744255006 -0.1553641260 0.9141485095
-61.0 436.3 2536.7 0 0 0 0 0 0 0 0 0
268.1 -224.6 2567.7 0 0 0 0 0 0 0 0 0
4.8 -764.1 2793.2 0 0 0 0 0 0 0 0 0
230.9 -756.6 2658.4 0 0 0 0 0 0 0 0 0
86.6 496.5 2702.5 9 0.9801611304 -0.0510314740 0.1915200055 0.0501481108 0.9986969829 0.0094598429 -0.1917531937 0.0003321957 0.9814431071
96.9 294.3 2702.4 0.9801611304 -0.0510314740 0.1915200055 0.0501481108 0.9986969829 0.0094598429 -0.1917531937 0.0003321957 0.9814431071
97.4 96.0 2715.0 0.9817588329 -0.0022694357 0.1901169568 -0.0097030206 0.9980277419 0.0620196424 -0.1898827553 -0.0627330393 0.9798005223
-41.2 295.7 2729.1 0.8645056486 -0.3388652205 -0.3712146580 -0.0393730365 0.6906280518 -0.7221375108 0.5010785460 0.6389078498 0.5837097168
-235.1 304.6 2616.8 -0.7607569695 -0.3388652205 -0.5535514951 -0.6006845832 0.6906280518 0.4027541280 0.2458188236 0.6389078498 -0.7289512157
235.0 292.9 2675.8 0.1590660810 0.8188903928 0.5514676571 -0.9836269021 0.1793794483 0.0173529312 -0.0847118124 -0.5451986790 0.8340157866
276.8 34.2 2653.5 -0.0327180326 0.8183081746 0.5738477707 -0.9493659735 0.1540539563 -0.2738095224 -0.3124640882 -0.5537500978 0.7718335390
5.0 -101.7 2737.1 0.9311858416 0.0096912775 0.3644160628 -0.0126390671 0.9999038577 0.0057049487 -0.3643257320 -0.0099182464 0.9312187433
1.2 -499.2 2741.1 0.9328537583 -0.0145738125 0.3599603772 -0.0579566024 0.9800955057 0.1898785681 -0.3555627763 -0.1979910135 0.9134411216
