76.0 507.0 2695.9 6 0.9279658198 -0.0527399778 0.3689144552 0.0568003766 0.9983855486 -0.0001463178 -0.3683111370 0.0210902579 0.9294633269
86.5 308.1 2691.7 0.9279658198 -0.0527399778 0.3689144552 0.0568003766 0.9983855486 -0.0001463178 -0.3683111370 0.0210902579 0.9294633269
96.7 109.6 2687.2 0.9280058146 -0.0511661731 0.3690355420 0.0560324155 0.9984259009 -0.0024734056 -0.3683280945 0.0229732879 0.9294120073
-44.1 300.2 2743.6 0.3174292147 -0.9452446103 -0.0758372694 0.9442899227 0.3224109113 -0.0660885945 0.0869206563 -0.0506339222 0.9949276447
-110.4 103.1 2725.4 -0.0713198036 -0.9452446103 -0.3184746206 -0.0526661053 0.3224109113 -0.9451335669 0.9960621595 -0.0506339222 -0.0727766305
217.1 315.9 2639.9 0.2152840197 0.7040674090 0.6767140031 -0.9699765444 0.2344460040 0.0646575317 -0.1131296307 -0.6703164577 0.7334013581
273.9 60.2 2610.1 -0.0371086560 0.7031138539 0.7101083398 -0.9584000111 0.1762013733 -0.2245496213 -0.2830060124 -0.6889005303 0.6673257351
23.2 -98.1 2717.5 0.8560259342 0.0481718741 0.5146834850 -0.0598455966 0.9981889725 0.0061100656 -0.5134570003 -0.0360319130 0.8573585153
4.0 -494.9 2731.9 0.8573018312 -0.0141468793 0.5146197081 -0.0994561538 0.9762399793 0.1925202012 -0.5051158667 -0.2162300199 0.8355252743
193.5 -87.1 2650.2 0.8488649726 -0.0037942906 0.5285961032 0.0649926886 0.9931364059 -0.0972420573 -0.5245990753 0.1169002652 0.8432853222
195.0 -481.9 2603.7 0.8566412330 -0.1321970969 0.4986879826 0.0158412792 0.9728975892 0.2306932211 -0.5156692863 -0.1897214800 0.8355183601
-92.0 116.6 2469.3 0 0 0 0 0 0 0 0 0
263.6 -203.7 2532.1 0 0 0 0 0 0 0 0 0
7.9 -763.0 2791.2 0 0 0 0 0 0 0 0 0
231.8 -752.7 2656.5 0 0 0 0 0 0 0 0 0
72.9 506.3 2695.9 7 0.9269569516 -0.0588618964 0.3705213666 0.0641518086 0.9979382157 -0.0019578557 -0.3696421981 0.0255844649 0.9288218617
84.6 306.9 2690.8 0.9269569516 -0.0588618964 0.3705213666 0.0641518086 0.9979382157 -0.0019578557 -0.3696421981 0.0255844649 0.9288218617
96.3 108.5 2685.8 0.9269874096 -0.0586030520 0.3704862595 0.0636345968 0.9979723096 -0.0013610211 -0.3696552813 0.0248373915 0.9288369417
-45.8 297.9 2742.8 0.3148048818 -0.9463002682 -0.0735779554 0.9455275536 0.3194297552 -0.0627878234 0.0829191282 -0.0498040728 0.9953110218
-110.4 104.1 2725.8 -0.0683458596 -0.9463002682 -0.3159820735 -0.0470948070 0.3194297552 -0.9464389682 0.9965494871 -0.0498040728 -0.0663975328
215.1 315.9 2638.7 0.2260386646 0.7011708021 0.6762145162 -0.9676896930 0.2412492782 0.0733174756 -0.1117281839 -0.6709383726 0.7330474257
274.3 62.3 2609.4 -0.0356269479 0.7003777027 0.7128826976 -0.9593876600 0.1757717133 -0.2206346691 -0.2798322141 -0.6917914152 0.6656715274
21.7 -94.1 2716.4 0.8552988172 0.0446989983 0.5162034035 -0.0607777946 0.9980491400 0.0142799905 -0.5145580769 -0.0435873605 0.8563469648
3.9 -490.8 2733.7 0.8561957479 -0.0174508654 0.5163567662 -0.0899192169 0.9791430831 0.1821905822 -0.5087665319 -0.2024212033 0.8367689252
192.0 -83.8 2648.8 0.8475880027 0.0003857205 0.5306547284 0.0631882623 0.9928115010 -0.1016490683 -0.5268793106 0.1196876839 0.8414707780
191.8 -478.5 2601.2 0.8530355692 -0.1460720450 0.5009922981 0.0302165244 0.9722409844 0.2320224643 -0.5209771991 -0.1827851683 0.8337699175
-92.8 116.2 2469.5 0 0 0 0 0 0 0 0 0
264.5 -202.0 2532.4 0 0 0 0 0 0 0 0 0
8.7 -761.3 2789.6 0 0 0 0 0 0 0 0 0
232.4 -748.8 2652.1 0 0 0 0 0 0 0 0 0
75.9 505.1 2695.3 8 0.9318456650 -0.0588884391 0.3580444157 0.0643058717 0.9979249835 -0.0032311787 -0.3571111858 0.0260353182 0.9336989522
87.7 305.8 2690.1 0.9318456650 -0.0588884391 0.3580444157 0.0643058717 0.9979249835 -0.0032311787 -0.3571111858 0.0260353182 0.9336989522
100.2 107.4 2685.3 0.9316468239 -0.0629616901 0.3578687906 0.0675629601 0.9977149367 -0.0003548843 -0.3570286930 0.0245093033 0.9337717891
-43.4 296.2 2740.4 0.3263842463 -0.9426959157 -0.0692654252 0.9425528646 0.3301009536 -0.0512581803 0.0711854622 -0.0485564657 0.9962805510
-110.2 103.6 2725.8 -0.0683359504 -0.9426959157 -0.3265801072 -0.0485745743 0.3301009536 -0.9426950216 0.9964791536 -0.0485564657 -0.0683488175
218.8 315.3 2639.9 0.2180660963 0.7092428207 0.6703892946 -0.9680526853 0.2443188727 0.0564120933 -0.1237788945 -0.6612737179 0.7398620248
274.9 66.1 2608.0 -0.0384378731 0.7087126374 0.7044494152 -0.9651969671 0.1561670601 -0.2097775787 -0.2586838007 -0.6879958510 0.6780445576
22.9 -95.7 2714.8 0.8620712161 0.0481685735 0.5044927597 -0.0650912747 0.9977516532 0.0159626491 -0.5025895834 -0.0465990156 0.8632683158
3.7 -492.4 2733.3 0.8628149629 -0.0141555471 0.5053216815 -0.0927483588 0.9782068729 0.1857662648 -0.4969387650 -0.2071496695 0.8426985741
193.0 -84.1 2647.0 0.8543939590 0.0024923971 0.5196198225 0.0622642376 0.9922925234 -0.1071386710 -0.5158818960 0.1238923669 0.8476535678
192.0 -478.6 2597.7 0.8618834615 -0.1461393684 0.4855926335 0.0186019223 0.9660421014 0.2577141523 -0.5067651272 -0.2130866051 0.8353341818
-92.6 116.1 2469.6 0 0 0 0 0 0 0 0 0
264.3 -199.7 2536.8 0 0 0 0 0 0 0 0 0
7.6 -763.6 2790.8 0 0 0 0 0 0 0 0 0
232.9 -749.1 2657.4 0 0 0 0 0 0 0 0 0
75.3 502.7 2695.1 9 0.9323874712 -0.0554911494 0.3571755290 0.0602463484 0.9981811047 -0.0021914134 -0.3564042747 0.0235617682 0.9340347052
86.3 304.0 2690.4 0.9323874712 -0.0554911494 0.3571755290 0.0602463484 0.9981811047 -0.0021914134 -0.3564042747 0.0235617682 0.9340347052
97.8 105.6 2686.0 0.9323071837 -0.0576231517 0.3570474684 0.0616631508 0.9980970025 0.0000686093 -0.3563719690 0.0219527073 0.9340862632
-44.9 295.3 2740.5 0.3198482394 -0.9445992708 -0.0736837089 0.9442981482 0.3241693974 -0.0567030609 0.0774476752 -0.0514430143 0.9956683517
-110.0 103.1 2724.7 -0.0702240169 -0.9445992708 -0.3206255734 -0.0464982800 0.3241693974 -0.9448556304 0.9964469075 -0.0514430143 -0.0666867197
217.5 312.7 2640.2 0.2215792239 0.7093891501 0.6690812111 -0.9673326612 0.2465657592 0.0589311868 -0.1231673732 -0.6602820754 0.7408491373
274.7 63.0 2608.4 -0.0375022441 0.7090379596 0.7041724324 -0.9657350183 0.1553750038 -0.2078809142 -0.2568062544 -0.6878399849 0.6789158583
27.2 -97.1 2713.1 0.8620435596 0.0584098101 0.5034572482 -0.0728242323 0.9973042607 0.0089884670 -0.5015750527 -0.0444123410 0.8639733791
4.0 -493.6 2730.8 0.8626273870 -0.0138000976 0.5056516528 -0.0964128003 0.9768169522 0.1911365092 -0.4965668321 -0.2136308700 0.8412985206
198.2 -84.7 2647.6 0.8550829291 0.0121183284 0.5183496475 0.0481078550 0.9935598969 -0.1025880724 -0.5162546039 0.1126579940 0.8489931226
193.3 -479.7 2602.8 0.8590029478 -0.1425240785 0.4917324483 0.0233335309 0.9703706503 0.2404917926 -0.5114386082 -0.1951093078 0.8368768692
-91.9 115.1 2468.5 0 0 0 0 0 0 0 0 0
264.4 -203.0 2537.7 0 0 0 0 0 0 0 0 0
7.8 -762.5 2789.6 0 0 0 0 0 0 0 0 0
232.9 -748.8 2656.9 0 0 0 0 0 0 0 0 0
74.5 500.6 2694.9 0 0.9316000342 -0.0560468473 0.3591380119 0.0612371974 0.9981184602 -0.0030828889 -0.3582895100 0.0248646252 0.9332793951
85.7 301.5 2690.0 0.9316000342 -0.0560468473 0.3591380119 0.0612371974 0.9981184602 -0.0030828889 -0.3582895100 0.0248646252 0.9332793951
96.6 103.0 2684.9 0.9316379428 -0.0551628210 0.3591765165 0.0605565645 0.9981576204 -0.0037741980 -0.3583065867 0.0252666827 0.9332619905
-45.5 292.9 2740.4 0.3318414092 -0.9398076534 -0.0815034062 0.9401572347 0.3365727663 -0.0531334020 0.0773670077 -0.0589941554 0.9952557683
-113.4 100.3 2724.5 -0.0806000680 -0.9398076534 -0.3320619762 -0.0505747534 0.3365727663 -0.9402983189 0.9954625964 -0.0589941554 -0.0746583268
216.8 310.0 2639.5 0.2231067419 0.7079170942 0.6701318622 -0.9666398764 0.2494027466 0.0583577491 -0.1258202791 -0.6607962251 0.7399443388
274.6 59.3 2606.9 -0.0366162173 0.7074269056 0.7058374286 -0.9621797204 0.1658349186 -0.2161226571 -0.2699434757 -0.6870560050 0.6745995283
23.7 -98.5 2714.3 0.8609695435 0.0480658226 0.5063804388 -0.0686986148 0.9973919392 0.0221314747 -0.5039960146 -0.0538421609 0.8620261550
4.6 -495.0 2735.7 0.8614903688 -0.0122778742 0.5076254606 -0.0915738717 0.9795593619 0.1791023463 -0.4994482994 -0.2007801831 0.8427566290
194.8 -87.2 2648.9 0.8541795611 0.0059613613 0.5199440122 0.0632852614 0.9913089275 -0.1153326631 -0.5161126852 0.1314195991 0.8463785052
192.4 -481.3 2596.7 0.8637658358 -0.1393577754 0.4842396080 0.0071179490 0.9642746449 0.2648088336 -0.5038431883 -0.2252860367 0.8338994384
-92.7 113.3 2468.6 0 0 0 0 0 0 0 0 0
264.5 -205.7 2532.6 0 0 0 0 0 0 0 0 0
7.9 -762.5 2790.6 0 0 0 0 0 0 0 0 0
231.6 -752.2 2660.0 0 0 0 0 0 0 0 0 0
76.0 502.2 2695.3 1 0.9321931601 -0.0595527440 0.3570285141 0.0636693537 0.9979709983 0.0002234487 -0.3563174307 0.0225234777 0.9340934753
87.9 303.0 2690.9 0.9321931601 -0.0595527440 0.3570285141 0.0636693537 0.9979709983 0.0002234487 -0.3563174307 0.0225234777 0.9340934753
98.9 104.6 2686.5 0.9324194193 -0.0555831045 0.3570778370 0.0597470216 0.9982133508 -0.0006314746 -0.3564047515 0.0219231360 0.9340744019
-43.3 294.6 2741.0 0.3448871672 -0.9342771173 -0.0904386938 0.9343924522 0.3508878946 -0.0615507253 0.0892392769 -0.0632771775 0.9939981699
-115.7 98.7 2722.3 -0.0887264609 -0.9342771173 -0.3453316092 -0.0569140837 0.3508878946 -0.9346863031 0.9944286942 -0.0632771775 -0.0843065679
219.1 311.4 2640.7 0.2107197046 0.7109410167 0.6709396839 -0.9694247842 0.2402674705 0.0498716868 -0.1257491410 -0.6609344482 0.7398329377
274.3 57.8 2607.8 -0.0374422297 0.7101115584 0.7030929327 -0.9598988891 0.1700602472 -0.2228759378 -0.2778349221 -0.6832430959 0.6752678156
22.1 -101.0 2712.8 0.8628194928 0.0374656469 0.5041218996 -0.0537756756 0.9983936548 0.0178394057 -0.5026437640 -0.0425016806 0.8634482622
7.2 -497.9 2729.7 0.8643897772 -0.0026224467 0.5028155446 -0.1098124608 0.9748632908 0.1938629150 -0.4906848073 -0.2227885276 0.8423738480
193.1 -89.9 2647.0 0.8553079367 -0.0007135354 0.5181195140 0.0588232465 0.9936671257 -0.0957365483 -0.5147700310 0.1123616993 0.8499333262
193.3 -484.8 2602.4 0.8606885076 -0.1473312527 0.4873487055 0.0265888460 0.9689159393 0.2459571362 -0.5084370971 -0.1987344474 0.8378522396
-92.9 113.3 2466.7 0 0 0 0 0 0 0 0 0
263.9 -206.6 2531.3 0 0 0 0 0 0 0 0 0
7.9 -762.6 2790.2 0 0 0 0 0 0 0 0 0
233.0 -745.3 2655.8 0 0 0 0 0 0 0 0 0
75.8 505.4 2695.6 2 0.9327930808 -0.0562042370 0.3560030758 0.0591735914 0.9982444644 0.0025529356 -0.3555215597 0.0186846200 0.9344813228
87.1 306.0 2691.8 0.9327930808 -0.0562042370 0.3560030758 0.0591735914 0.9982444644 0.0025529356 -0.3555215597 0.0186846200 0.9344813228
97.6 107.5 2687.8 0.9329355359 -0.0528090224 0.3561496139 0.0565646626 0.9983989000 -0.0001311551 -0.3555724621 0.0202678423 0.9344289303
-44.2 298.0 2741.9 0.3380960822 -0.9358226061 -0.0996346846 0.9357539415 0.3455626965 -0.0703634620 0.1002777517 -0.0694439337 0.9925330877
-116.3 98.6 2720.5 -0.0952104032 -0.9358226061 -0.3393685520 -0.0581358224 0.3455626965 -0.9365931153 0.9937581420 -0.0694439337 -0.0873059779
218.4 313.9 2641.8 0.2165709585 0.7097185850 0.6703704596 -0.9673030972 0.2488330901 0.0490598641 -0.1319916546 -0.6590763330 0.7404029965
274.9 61.5 2607.3 -0.0325826369 0.7097115517 0.7037385106 -0.9648760557 0.1613077968 -0.2073500603 -0.2606772482 -0.6857764125 0.6795278192
24.4 -99.4 2714.8 0.8625973463 0.0484546386 0.5035652518 -0.0697093979 0.9972917438 0.0234482661 -0.5010653138 -0.0553296432 0.8636389375
5.2 -495.8 2736.8 0.8631561399 -0.0145501411 0.5047274232 -0.0921146646 0.9782735109 0.1857306510 -0.4964638650 -0.2068073601 0.8430624604
195.5 -88.4 2649.4 0.8559312820 0.0087477490 0.5170155168 0.0468202196 0.9944387078 -0.0943375677 -0.5149654746 0.1049532592 0.8507616520
192.1 -483.7 2607.7 0.8571455479 -0.1506466717 0.4925516248 0.0391543619 0.9725630283 0.2293209434 -0.5135838985 -0.1772758812 0.8395265341
-91.8 113.5 2465.1 0 0 0 0 0 0 0 0 0
265.9 -204.2 2535.6 0 0 0 0 0 0 0 0 0
9.1 -760.5 2792.8 0 0 0 0 0 0 0 0 0
232.9 -747.4 2655.8 0 0 0 0 0 0 0 0 0
75.6 505.5 2696.2 3 0.9327745438 -0.0560649224 0.3560735881 0.0596273243 0.9982202053 0.0009725222 -0.3554944098 0.0203245729 0.9344574213
86.8 306.1 2692.1 0.9327745438 -0.0560649224 0.3560735881 0.0596273243 0.9982202053 0.0009725222 -0.3554944098 0.0203245729 0.9344574213
97.3 107.6 2687.5 0.9328705668 -0.0531330071 0.3562715650 0.0578716286 0.9983205199 -0.0026467594 -0.3555325866 0.0230870992 0.9343786836
-44.5 297.9 2742.1 0.3380910158 -0.9357380867 -0.1004425883 0.9365235567 0.3450483382 -0.0621715859 0.0928338692 -0.0730471984 0.9929984808
-116.6 98.4 2722.4 -0.0969158337 -0.9357380867 -0.3391188085 -0.0524140559 0.3450483382 -0.9371202588 0.9939115047 -0.0730471984 -0.0824864730
218.1 314.2 2642.1 0.2223765701 0.7088639140 0.6693732738 -0.9658233523 0.2539448142 0.0519354045 -0.1331687421 -0.6580455899 0.7411087155
275.3 65.6 2607.8 -0.0383161381 0.7085638642 0.7046056390 -0.9642132521 0.1589048952 -0.2122310549 -0.2623445392 -0.6875219941 0.6771180630
22.5 -96.2 2716.4 0.8630147576 0.0450178534 0.5031688809 -0.0581573471 0.9982528687 0.0104367528 -0.5018199086 -0.0382700376 0.8641250730
4.6 -493.0 2731.6 0.8644670844 -0.0158871412 0.5024383664 -0.0995800942 0.9742811322 0.2021387368 -0.4927276075 -0.2247751355 0.8406519294
193.7 -85.8 2651.1 0.8558862209 -0.0013132570 0.5171625018 0.0590045825 0.9937148690 -0.0951271653 -0.5137871504 0.1119329855 0.8505843282
194.2 -480.9 2606.6 0.8607957363 -0.1380019486 0.4898838699 0.0275494903 0.9737601280 0.2259031683 -0.5082044601 -0.1809604317 0.8420104384
-91.7 111.9 2466.9 0 0 0 0 0 0 0 0 0
264.7 -199.9 2535.5 0 0 0 0 0 0 0 0 0
9.0 -765.5 2794.5 0 0 0 0 0 0 0 0 0
233.0 -754.5 2657.5 0 0 0 0 0 0 0 0 0
76.4 503.7 2696.0 4 0.9321100712 -0.0493815355 0.3587928712 0.0538169816 0.9985479712 -0.0023788575 -0.3581544161 0.0215265062 0.9334141612
86.3 304.4 2691.7 0.9321100712 -0.0493815355 0.3587928712 0.0538169816 0.9985479712 -0.0023788575 -0.3581544161 0.0215265062 0.9334141612
96.0 105.9 2686.8 0.9320867658 -0.0487757064 0.3589362204 0.0542910248 0.9985111356 -0.0052958163 -0.3581435084 0.0244231764 0.9333470464
-44.9 296.7 2742.1 0.3277752697 -0.9398377538 -0.0962721929 0.9397813082 0.3347954154 -0.0687252134 0.0968220383 -0.0679483786 0.9929795861
-113.3 100.5 2721.9 -0.0873415694 -0.9398377538 -0.3302671909 -0.0431961194 0.3347954154 -0.9413002133 0.9952414632 -0.0679483786 -0.0698389038
217.5 312.0 2641.3 0.2233350724 0.7097253799 0.6681401730 -0.9675768614 0.2443756163 0.0638402775 -0.1179681048 -0.6607347727 0.7412915230
274.8 63.5 2611.0 -0.0381499380 0.7089702487 0.7042057514 -0.9611300230 0.1668104529 -0.2200077176 -0.2734478116 -0.6852265596 0.6750487685
22.3 -96.2 2715.6 0.8615639806 0.0435481779 0.5057776570 -0.0558703281 0.9983955622 0.0092086988 -0.5045651197 -0.0361918472 0.8626147509
5.0 -493.1 2729.9 0.8631743193 -0.0136882784 0.5047204494 -0.1020096391 0.9742900729 0.2008804083 -0.4944938421 -0.2248811573 0.8395857811
193.5 -85.5 2650.3 0.8546475768 -0.0047654207 0.5191866755 0.0648797676 0.9931003451 -0.0976850763 -0.5151389837 0.1171710193 0.8490599394
195.4 -480.4 2603.7 0.8616392612 -0.1330336779 0.4897752404 0.0203537270 0.9733155370 0.2285664231 -0.5071128607 -0.1869730651 0.8413546085
-90.9 111.6 2466.0 0 0 0 0 0 0 0 0 0
264.3 -201.2 2535.7 0 0 0 0 0 0 0 0 0
8.8 -763.8 2792.4 0 0 0 0 0 0 0 0 0
232.9 -755.2 2656.5 0 0 0 0 0 0 0 0 0
76.4 501.2 2696.4 5 0.9303917289 -0.0467623137 0.3635718226 0.0540382005 0.9984901547 -0.0098604513 -0.3625618219 0.0288208500 0.9315139651
85.7 302.3 2690.6 0.9303917289 -0.0467623137 0.3635718226 0.0540382005 0.9984901547 -0.0098604513 -0.3625618219 0.0288208500 0.9315139651
94.9 103.8 2685.0 0.9304320216 -0.0459717177 0.3635695875 0.0531707257 0.9985372424 -0.0098118018 -0.3625867069 0.0284604728 0.9315153956
-45.2 294.8 2741.7 0.3337852657 -0.9375650287 -0.0977712497 0.9383416772 0.3403720856 -0.0605121516 0.0900126845 -0.0715447739 0.9933675528
-114.8 99.3 2722.9 -0.0928598046 -0.9375650287 -0.3351848423 -0.0467281379 0.3403720856 -0.9391289949 0.9945821166 -0.0715447739 -0.0754175559
216.7 309.8 2639.6 0.2243207395 0.7088778615 0.6687094569 -0.9686845541 0.2371501923 0.0735528842 -0.1064445674 -0.6642679572 0.7398767471
274.5 60.2 2612.2 -0.0380163416 0.7079246640 0.7052640915 -0.9588027000 0.1729902774 -0.2253258675 -0.2815175653 -0.6847751737 0.6721836329
20.2 -97.6 2714.8 0.8588418365 0.0388872623 0.5107626915 -0.0572480783 0.9981542230 0.0202668682 -0.5090318322 -0.0466462150 0.8594828248
4.7 -494.5 2733.4 0.8599559069 -0.0131938951 0.5101977587 -0.0943133384 0.9783404469 0.1842686236 -0.5015783310 -0.2065813541 0.8400853276
191.2 -87.7 2649.1 0.8522444963 -0.0064273966 0.5231041908 0.0633856580 0.9938263893 -0.0910571292 -0.5192894340 0.1107602417 0.8473904729
193.8 -482.8 2605.1 0.8589327335 -0.1375641972 0.4932653308 0.0217224788 0.9721631408 0.2332957387 -0.5116275549 -0.1896703988 0.8380109668
-90.9 111.3 2467.3 0 0 0 0 0 0 0 0 0
264.0 -203.8 2534.7 0 0 0 0 0 0 0 0 0
8.3 -763.1 2790.1 0 0 0 0 0 0 0 0 0
232.2 -754.6 2658.1 0 0 0 0 0 0 0 0 0
74.2 501.9 2697.1 6 0.9284141064 -0.0498994775 0.3681810796 0.0574110299 0.9983057380 -0.0094689149 -0.3670848012 0.0299287289 0.9297058582
84.1 302.7 2691.1 0.9284141064 -0.0498994775 0.3681810796 0.0574110299 0.9983057380 -0.0094689149 -0.3670848012 0.0299287289 0.9297058582
93.6 104.2 2684.9 0.9284917712 -0.0477749631 0.3682669401 0.0558225438 0.9983776212 -0.0112236999 -0.3671332598 0.0309787095 0.9296523333
-46.5 294.8 2742.8 0.3219817877 -0.9421938658 -0.0927278921 0.9413636327 0.3290408850 -0.0746094957 0.1008078754 -0.0632677749 0.9928922057
-112.9 100.8 2722.0 -0.0822121501 -0.9421938658 -0.3248259425 -0.0439689234 0.3290408850 -0.9432914853 0.9956444502 -0.0632677749 -0.0684784129
214.8 310.6 2639.4 0.2266843766 0.7050607800 0.6719400883 -0.9678826928 0.2400742322 0.0746152252 -0.1087072194 -0.6672732830 0.7368372083
274.0 57.7 2611.0 -0.0369907133 0.7041850686 0.7090522647 -0.9590140581 0.1744546294 -0.2232881486 -0.2809336185 -0.6882506609 0.6688702106
18.6 -99.6 2712.6 0.8563742042 0.0343175270 0.5152140856 -0.0546114109 0.9982123375 0.0242843162 -0.5134596825 -0.0489330292 0.8567174077
5.0 -496.5 2732.0 0.8578520417 -0.0109350821 0.5137804151 -0.1009317115 0.9767157435 0.1893122941 -0.5038875341 -0.2142586708 0.8367738724
189.4 -89.9 2646.1 0.8495304585 -0.0056645074 0.5275091529 0.0613988973 0.9942083359 -0.0882042199 -0.5239543915 0.1073206514 0.8449580669
191.6 -485.2 2603.4 0.8560565114 -0.1446219087 0.4962376058 0.0223329794 0.9695117474 0.2440249324 -0.5163995624 -0.1978166699 0.8331866860
-91.8 112.1 2466.0 0 0 0 0 0 0 0 0 0
263.8 -206.4 2533.7 0 0 0 0 0 0 0 0 0
8.0 -763.1 2790.5 0 0 0 0 0 0 0 0 0
231.8 -754.4 2658.3 0 0 0 0 0 0 0 0 0
72.8 506.1 2697.4 7 0.9334701300 -0.0552231818 0.3543782830 0.0609856509 0.9981256127 -0.0051036160 -0.3534321785 0.0263760611 0.9350882173
83.8 306.4 2692.2 0.9334701300 -0.0552231818 0.3543782830 0.0609856509 0.9981256127 -0.0051036160 -0.3534321785 0.0263760611 0.9350882173
94.3 107.9 2686.8 0.9335888028 -0.0527226888 0.3544463813 0.0587902479 0.9982500672 -0.0063634138 -0.3534906507 0.0267788023 0.9350546598
-47.5 298.1 2741.9 0.3079446256 -0.9477270246 -0.0835679248 0.9469313025 0.3138195574 -0.0695583001 0.0921475291 -0.0577129833 0.9940714240
-111.4 101.7 2722.8 -0.0752289072 -0.9477270246 -0.3100872636 -0.0439840034 0.3138195574 -0.9484633207 0.9961957932 -0.0577129833 -0.0652931333
215.2 314.6 2642.4 0.2277759910 0.7104095221 0.6659102440 -0.9651334882 0.2553062737 0.0577588715 -0.1289786100 -0.6558483243 0.7437926531
274.8 62.0 2608.6 -0.0403269641 0.7099580169 0.7030884027 -0.9633694887 0.1590855271 -0.2158957571 -0.2651281357 -0.6860404015 0.6775364876
17.9 -99.4 2712.5 0.8640180826 0.0335253701 0.5023432970 -0.0566791743 0.9979145527 0.0308880005 -0.5002601743 -0.0551601946 0.8641163707
4.6 -496.2 2734.4 0.8649502993 -0.0094704628 0.5017681122 -0.0927394927 0.9795863032 0.1783536822 -0.4932142794 -0.2008007914 0.8464152217
188.3 -89.2 2645.1 0.8569549918 -0.0107965795 0.5152781606 0.0625235364 0.9945743084 -0.0831431746 -0.5115846992 0.1034669727 0.8529804349
192.6 -484.6 2604.0 0.8631703258 -0.1399487704 0.4851302505 0.0241058096 0.9711464047 0.2372627258 -0.5043371320 -0.1931036860 0.8416383266
-92.1 113.0 2466.6 0 0 0 0 0 0 0 0 0
263.7 -203.3 2535.6 0 0 0 0 0 0 0 0 0
7.2 -762.0 2788.9 0 0 0 0 0 0 0 0 0
231.5 -754.3 2657.6 0 0 0 0 0 0 0 0 0
76.1 505.0 2696.6 8 0.9347813129 -0.0471826009 0.3520762026 0.0536025763 0.9985261559 -0.0085027916 -0.3511560857 0.0268204417 0.9359326959
85.5 305.3 2691.2 0.9347813129 -0.0471826009 0.3520762026 0.0536025763 0.9985261559 -0.0085027916 -0.3511560857 0.0268204417 0.9359326959
94.4 106.7 2685.8 0.9348760247 -0.0448457450 0.3521302342 0.0515481830 0.9986236095 -0.0096757850 -0.3512116671 0.0271973331 0.9359009862
-46.1 298.0 2740.7 0.3226030171 -0.9427327514 -0.0847479254 0.9429006577 0.3279117048 -0.0584143698 0.0828589797 -0.0610642247 0.9946886897
-113.5 100.7 2723.3 -0.0827658251 -0.9427327514 -0.3231172264 -0.0526246727 0.3279117048 -0.9432415366 0.9951785803 -0.0610642247 -0.0767508820
217.1 312.5 2641.8 0.2281621993 0.7129463553 0.6630607247 -0.9652979970 0.2545140982 0.0585008413 -0.1270503402 -0.6533988714 0.7462761998
275.2 66.5 2609.4 -0.0418912657 0.7123693824 0.7005533576 -0.9631361961 0.1576946527 -0.2179474682 -0.2657326162 -0.6838583946 0.6795026660
19.1 -96.0 2714.0 0.8647983670 0.0367319547 0.5007739663 -0.0618757457 0.9975152016 0.0336865783 -0.4982922673 -0.0601178594 0.8649223447
4.5 -492.6 2737.9 0.8652446270 -0.0127909053 0.5011867881 -0.0821059942 0.9825622439 0.1668232977 -0.4945810139 -0.1854933947 0.8491064906
190.4 -85.2 2649.1 0.8586401939 -0.0035197854 0.5125666857 0.0605497099 0.9936714768 -0.0946079865 -0.5089899302 0.1122699827 0.8534194231
191.8 -480.2 2604.4 0.8637853265 -0.1446879804 0.4826389253 0.0290963855 0.9706082344 0.2388997525 -0.5030192137 -0.1923150420 0.8426070213
-92.3 114.3 2467.5 0 0 0 0 0 0 0 0 0
263.7 -198.7 2536.2 0 0 0 0 0 0 0 0 0
8.1 -763.4 2789.0 0 0 0 0 0 0 0 0 0
231.8 -748.1 2657.5 0 0 0 0 0 0 0 0 0
74.3 501.2 2694.7 9 0.9344259501 -0.0605173297 0.3509784043 0.0650742054 0.9978797436 -0.0011909932 -0.3501621485 0.0239525363 0.9363827705
86.4 302.2 2689.9 0.9344259501 -0.0605173297 0.3509784043 0.0650742054 0.9978797436 -0.0011909932 -0.3501621485 0.0239525363 0.9363827705
98.3 103.9 2685.7 0.9345096946 -0.0600490719 0.3508358300 0.0636878386 0.9979692101 0.0011692655 -0.3501935601 0.0212512854 0.9364362359
-45.1 293.3 2739.2 0.3170692921 -0.9449615479 -0.0807139948 0.9445767403 0.3222810030 -0.0625275671 0.0850987285 -0.0564149916 0.9947741032
-110.1 99.7 2721.8 -0.0763762370 -0.9449615479 -0.3181420267 -0.0496216230 0.3222810030 -0.9453426003 0.9958435297 -0.0564149916 -0.0715051368
217.9 311.2 2640.6 0.2205246836 0.7150940895 0.6633319259 -0.9686790109 0.2401539683 0.0631432459 -0.1141484380 -0.6564803720 0.7456565499
274.7 61.9 2611.2 -0.0401323475 0.7140908837 0.6989017129 -0.9589332342 0.1690274328 -0.2277647704 -0.2807783186 -0.6793407798 0.6779820323
17.6 -96.5 2712.7 0.8661310673 0.0339987315 0.4986592531 -0.0606798455 0.9974567890 0.0373891294 -0.4961198866 -0.0626424551 0.8659913540
4.0 -493.1 2737.6 0.8666695356 -0.0171871986 0.4985864758 -0.0809270516 0.9813259244 0.1744998395 -0.4922749996 -0.1915828288 0.8490943909
189.1 -87.1 2648.2 0.8584724069 -0.0091385078 0.5127783418 0.0641750768 0.9938967228 -0.0897264779 -0.5088287592 0.1099352986 0.8538193703
192.7 -482.2 2604.5 0.8649674058 -0.1395835280 0.4820247591 0.0241366271 0.9709977508 0.2378672361 -0.5012472868 -0.1941129565 0.8432504535
-90.4 112.5 2465.5 0 0 0 0 0 0 0 0 0
263.6 -202.2 2533.9 0 0 0 0 0 0 0 0 0
8.8 -765.2 2790.7 0 0 0 0 0 0 0 0 0
231.4 -751.1 2658.3 0 0 0 0 0 0 0 0 0
74.8 505.3 2695.7 0 0.9395313859 -0.0616226792 0.3368729651 0.0669714063 0.9977457523 -0.0042685787 -0.3358505070 0.0265713185 0.9415404201
87.1 306.3 2690.4 0.9395313859 -0.0616226792 0.3368729651 0.0669714063 0.9977457523 -0.0042685787 -0.3358505070 0.0265713185 0.9415404201
99.5 107.9 2685.4 0.9395220876 -0.0622975826 0.3367748559 0.0671218783 0.9977411628 -0.0026891094 -0.3358466327 0.0251314398 0.9415813684
-45.1 296.8 2737.7 0.3170676529 -0.9445455670 -0.0854502916 0.9451503158 0.3221507072 -0.0539430603 0.0784795508 -0.0636597648 0.9948810935
-112.3 96.6 2721.1 -0.0860166922 -0.9445455670 -0.3169144392 -0.0556317903 0.3221507072 -0.9450523853 0.9947392941 -0.0636597648 -0.0802571028
219.3 315.7 2643.2 0.2094068676 0.7271296978 0.6537822485 -0.9712095857 0.2323272675 0.0526871495 -0.1135810465 -0.6459926367 0.7548462749
275.0 57.3 2613.0 -0.0422007963 0.7259219289 0.6864812374 -0.9559081197 0.1705235988 -0.2390843332 -0.2906177938 -0.6663025618 0.6867184639
24.5 -100.4 2713.6 0.8729325533 0.0528317578 0.4849717319 -0.0716537684 0.9972221851 0.0203391388 -0.4825500250 -0.0525047481 0.8742932677
3.5 -496.8 2734.5 0.8732638955 -0.0168288089 0.4869568348 -0.0857024640 0.9785172343 0.1875076890 -0.4796511829 -0.2054770887 0.8530614972
196.0 -88.7 2649.3 0.8659446836 0.0027941372 0.5001320243 0.0527316108 0.9939007759 -0.0968539268 -0.4973522127 0.1102429107 0.8605157137
194.9 -483.8 2605.5 0.8707925081 -0.1350027323 0.4727522135 0.0211846642 0.9709711671 0.2382565737 -0.4911940396 -0.1974569410 0.8483744264
-90.1 110.9 2465.1 0 0 0 0 0 0 0 0 0
263.4 -205.9 2532.9 0 0 0 0 0 0 0 0 0
8.2 -767.4 2791.3 0 0 0 0 0 0 0 0 0
232.5 -754.4 2660.5 0 0 0 0 0 0 0 0 0
72.6 506.3 2695.8 1 0.9396074414 -0.0667015165 0.3356914818 0.0724323019 0.9973629117 -0.0045646476 -0.3345017433 0.0286038816 0.9419609308
85.9 307.2 2690.0 0.9396074414 -0.0667015165 0.3356914818 0.0724323019 0.9973629117 -0.0045646476 -0.3345017433 0.0286038816 0.9419609308
98.9 108.9 2684.3 0.9396975040 -0.0651400015 0.3357459903 0.0710695982 0.9974567890 -0.0053897584 -0.3345410526 0.0289260764 0.9419371486
-46.3 297.2 2737.1 0.3142533004 -0.9452292323 -0.0882414728 0.9465514421 0.3190920651 -0.0471231565 0.0726993382 -0.0687164888 0.9949838519
-113.2 95.9 2721.7 -0.0914878473 -0.9452292323 -0.3133235872 -0.0569131598 0.3190920651 -0.9460132718 0.9941784739 -0.0687164888 -0.0829890296
218.2 317.2 2643.0 0.2165495008 0.7266033292 0.6520382762 -0.9693370461 0.2394889742 0.0550519265 -0.1161550730 -0.6439663172 0.7561847568
275.5 60.8 2612.2 -0.0437292941 0.7254098654 0.6869267225 -0.9579426646 0.1647455096 -0.2349569052 -0.2836081386 -0.6683108807 0.6876968741
25.7 -96.6 2711.3 0.8729506135 0.0596297719 0.4841503501 -0.0802378431 0.9965343475 0.0219364837 -0.4811643660 -0.0579966456 0.8747097850
2.0 -492.7 2734.3 0.8728937507 -0.0246334746 0.4872881174 -0.0778778344 0.9788860679 0.1889897138 -0.4816550314 -0.2029168755 0.8525451422
198.1 -84.2 2649.6 0.8662620187 0.0125629753 0.4994319379 0.0448653065 0.9936882257 -0.1028143913 -0.4975713193 0.1114713699 0.8602307439
193.1 -479.3 2605.3 0.8679011464 -0.1467860490 0.4745540023 0.0343629196 0.9707955122 0.2374347895 -0.4955469966 -0.1897628605 0.8475984931
-89.6 110.5 2465.9 0 0 0 0 0 0 0 0 0
263.4 -203.0 2534.1 0 0 0 0 0 0 0 0 0
8.8 -762.2 2790.2 0 0 0 0 0 0 0 0 0
233.5 -746.8 2657.6 0 0 0 0 0 0 0 0 0
72.7 505.4 2696.3 2 0.9381908774 -0.0686982274 0.3392321765 0.0737955347 0.9972711205 -0.0021328661 -0.3381599188 0.0270348545 0.9407002926
86.4 306.4 2690.9 0.9381908774 -0.0686982274 0.3392321765 0.0737955347 0.9972711205 -0.0021328661 -0.3381599188 0.0270348545 0.9407002926
99.8 108.1 2685.2 0.9382473826 -0.0672515035 0.3393657506 0.0729665533 0.9973260164 -0.0040929378 -0.3381830454 0.0286025386 0.9406455755
-45.7 296.1 2738.5 0.3180365860 -0.9445121884 -0.0821550339 0.9450093508 0.3227814436 -0.0526259355 0.0762239620 -0.0609002970 0.9952291250
-111.9 99.3 2722.6 -0.0815428570 -0.9445121884 -0.3181940913 -0.0508072823 0.3227814436 -0.9451088309 0.9953739643 -0.0609002970 -0.0743086189
218.4 316.6 2643.3 0.2152588218 0.7227084637 0.6567770839 -0.9684062004 0.2446864843 0.0481456742 -0.1259091794 -0.6463907361 0.7525462508
274.6 63.8 2610.4 -0.0395090505 0.7219501138 0.6908162236 -0.9600558877 0.1642315984 -0.2265405953 -0.2770048678 -0.6721726060 0.6866238713
25.6 -95.9 2709.2 0.8714790344 0.0568855889 0.4871225357 -0.0750305727 0.9970223308 0.0178011991 -0.4846594334 -0.0520624556 0.8731521964
3.0 -492.3 2729.9 0.8718253970 -0.0199415945 0.4894106686 -0.0881512612 0.9764691591 0.1968180686 -0.4818192720 -0.2147331536 0.8495527506
198.1 -82.8 2647.9 0.8642876148 0.0116726346 0.5028625131 0.0501847751 0.9927413464 -0.1092982367 -0.5004881620 0.1197011545 0.8574282527
193.4 -477.5 2600.3 0.8695843220 -0.1369821131 0.4744038880 0.0164816715 0.9682674408 0.2493721545 -0.4935093820 -0.2090311348 0.8442478776
-90.9 112.3 2466.6 0 0 0 0 0 0 0 0 0
263.7 -200.6 2534.1 0 0 0 0 0 0 0 0 0
8.6 -766.3 2790.2 0 0 0 0 0 0 0 0 0
232.2 -751.5 2659.4 0 0 0 0 0 0 0 0 0
74.5 504.0 2696.5 3 0.9370741248 -0.0645441040 0.3431124389 0.0706860200 0.9974839687 -0.0054102759 -0.3418999612 0.0293230806 0.9392787814
87.4 304.9 2690.7 0.9370741248 -0.0645441040 0.3431124389 0.0706860200 0.9974839687 -0.0054102759 -0.3418999612 0.0293230806 0.9392787814
99.6 106.5 2684.8 0.9372429848 -0.0616615340 0.3431813419 0.0680164024 0.9976630211 -0.0064993803 -0.3419785798 0.0294334590 0.9392466545
-44.5 295.3 2738.8 0.3330081403 -0.9390343428 -0.0855577141 0.9400112629 0.3377364278 -0.0480928458 0.0740567893 -0.0644099116 0.9951718450
-114.2 98.7 2723.3 -0.0876056701 -0.9390343428 -0.3324752450 -0.0538774356 0.3377364278 -0.9396974444 0.9946971536 -0.0644099116 -0.0801803917
219.3 314.4 2642.5 0.2146406621 0.7219418883 0.6578216553 -0.9695912600 0.2385758013 0.0545373634 -0.1175675243 -0.6495240927 0.7511966228
275.2 61.9 2611.9 -0.0426012985 0.7207542658 0.6918803453 -0.9570966959 0.1692262441 -0.2352200001 -0.2866201401 -0.6722170711 0.6826222539
27.0 -96.9 2710.5 0.8695070744 0.0599570125 0.4902678728 -0.0723135099 0.9973621964 0.0062787142 -0.4885981977 -0.0409123786 0.8715491891
3.2 -493.4 2726.8 0.8702012897 -0.0213136952 0.4922351241 -0.0941060260 0.9734805822 0.2085175365 -0.4836256206 -0.2277745306 0.8451183438
199.2 -83.5 2648.5 0.8622872829 0.0213612672 0.5059687495 0.0350739881 0.9941917658 -0.1017474905 -0.5052034259 0.1054819077 0.8565296531
190.7 -478.7 2606.5 0.8616620898 -0.1534188539 0.4837365746 0.0390750505 0.9704360366 0.2381744385 -0.5059758425 -0.1863238662 0.8421828151
-91.7 112.5 2467.6 0 0 0 0 0 0 0 0 0
263.4 -201.7 2533.0 0 0 0 0 0 0 0 0 0
9.1 -764.3 2790.2 0 0 0 0 0 0 0 0 0
233.0 -746.1 2657.9 0 0 0 0 0 0 0 0 0
73.7 498.4 2697.2 4 0.9318946004 -0.0654989183 0.3567665815 0.0726923421 0.9973313808 -0.0067760670 -0.3553706706 0.0322487801 0.9341689944
86.8 299.9 2690.7 0.9318946004 -0.0654989183 0.3567665815 0.0726923421 0.9973313808 -0.0067760670 -0.3553706706 0.0322487801 0.9341689944
98.9 101.5 2684.8 0.9322177172 -0.0610284172 0.3567151427 0.0675975159 0.9976948500 -0.0059651588 -0.3555288315 0.0296738837 0.9341941476
-44.4 290.3 2740.8 0.3469972610 -0.9331343174 -0.0940914527 0.9337559938 0.3531157672 -0.0583869144 0.0877080113 -0.0675983578 0.9938499928
-115.9 98.0 2722.7 -0.0923817605 -0.9331343174 -0.3474563360 -0.0537885576 0.3531157672 -0.9340321422 0.9942697883 -0.0675983578 -0.0828134120
218.0 309.4 2640.7 0.2211631685 0.7099331617 0.6686417460 -0.9668002725 0.2495931238 0.0547769740 -0.1280003935 -0.6585576534 0.7415643930
274.6 61.7 2607.9 -0.0443738513 0.7088183165 0.7039940357 -0.9604200721 0.1637116671 -0.2253703326 -0.2749986351 -0.6861305237 0.6734988093
25.9 -98.1 2710.4 0.8625013232 0.0556830578 0.5029819608 -0.0700558871 0.9974958897 0.0097014932 -0.5011822581 -0.0436044000 0.8642424345
3.7 -494.6 2727.7 0.8635368347 -0.0202074237 0.5038807988 -0.1001251340 0.9724335074 0.2105897218 -0.4942460358 -0.2323031127 0.8377088308
197.9 -85.6 2647.6 0.8550547361 0.0192756075 0.5181792974 0.0416049734 0.9935367703 -0.1056112275 -0.5168659091 0.1118622199 0.8487263918
190.2 -480.6 2603.1 0.8558856249 -0.1518460065 0.4943709075 0.0363706797 0.9712308049 0.2353463322 -0.5158846378 -0.1834489405 0.8367852569
-92.1 111.8 2467.1 0 0 0 0 0 0 0 0 0
262.4 -202.8 2532.2 0 0 0 0 0 0 0 0 0
9.3 -760.9 2791.3 0 0 0 0 0 0 0 0 0
232.5 -750.7 2654.1 0 0 0 0 0 0 0 0 0
72.5 497.8 2696.5 5 0.9294627309 -0.0613588542 0.3637776077 0.0677558929 0.9976902008 -0.0048365984 -0.3626405895 0.0291435141 0.9314732552
84.7 299.4 2690.7 0.9294627309 -0.0613588542 0.3637776077 0.0677558929 0.9976902008 -0.0048365984 -0.3626405895 0.0291435141 0.9314732552
96.2 101.0 2685.2 0.9296687841 -0.0582124479 0.3637681901 0.0643170327 0.9979185462 -0.0046795122 -0.3627386391 0.0277468879 0.9314777255
-46.2 290.3 2741.7 0.3471540809 -0.9330354333 -0.0944932848 0.9329593778 0.3538344502 -0.0662417933 0.0952409208 -0.0651622862 0.9933192134
-117.9 97.5 2722.0 -0.0928001106 -0.9330354333 -0.3476105332 -0.0616937056 0.3538344502 -0.9332711697 0.9937716126 -0.0651622862 -0.0903982893
215.5 308.4 2639.6 0.2251067013 0.7036810517 0.6739138961 -0.9654256701 0.2544071078 0.0568356551 -0.1314543188 -0.6634079218 0.7366204858
274.5 55.5 2605.2 -0.0399478599 0.7029302120 0.7101361156 -0.9604544640 0.1689822376 -0.2212967426 -0.2755565643 -0.6908937097 0.6683819294
25.5 -103.0 2711.6 0.8585571051 0.0580985136 0.5094155669 -0.0724061504 0.9973407984 0.0082855718 -0.5075795650 -0.0439984575 0.8604807258
2.4 -499.6 2729.1 0.8593686223 -0.0253962222 0.5107256174 -0.0948230773 0.9735296965 0.2079628557 -0.5024880171 -0.2271453142 0.8342127204
196.6 -90.6 2646.3 0.8512456417 0.0106089413 0.5246602297 0.0397850126 0.9956134558 -0.0846818984 -0.5232571363 0.0929587036 0.8470895290
192.3 -486.4 2609.4 0.8507695198 -0.1479795277 0.5042750239 0.0429548025 0.9759083390 0.2139106691 -0.5237806439 -0.1603276432 0.8366295099
-94.1 113.3 2466.6 0 0 0 0 0 0 0 0 0
263.5 -209.1 2529.3 0 0 0 0 0 0 0 0 0
9.2 -759.3 2789.6 0 0 0 0 0 0 0 0 0
232.7 -752.9 2653.1 0 0 0 0 0 0 0 0 0
74.9 498.9 2695.6 6 0.9201858640 -0.0422263406 0.3891977966 0.0506118014 0.9986543059 -0.0113123581 -0.3881964087 0.0301074740 0.9210847616
83.3 300.0 2689.6 0.9201858640 -0.0422263406 0.3891977966 0.0506118014 0.9986543059 -0.0113123581 -0.3881964087 0.0301074740 0.9210847616
91.7 101.5 2683.8 0.9201928377 -0.0422514305 0.3891786039 0.0504470542 0.9986677170 -0.0108584538 -0.3882013261 0.0296247844 0.9210982919
-46.1 292.9 2744.2 0.3290045559 -0.9400774837 -0.0895006359 0.9386832714 0.3359133005 -0.0776914060 0.1031003967 -0.0584519207 0.9929519892
-114.2 98.9 2722.9 -0.0804190859 -0.9400774837 -0.3313414156 -0.0518480167 0.3359133005 -0.9404647946 0.9954117537 -0.0584519207 -0.0757549927
212.7 307.1 2635.0 0.2374261320 0.6862148046 0.6875595450 -0.9635964036 0.2559409142 0.0773060843 -0.1229260266 -0.6808843613 0.7220011353
274.2 57.6 2603.2 -0.0402504168 0.6853541732 0.7270966172 -0.9616791010 0.1709419936 -0.2143646181 -0.2712070346 -0.7078619003 0.6522102952
22.5 -103.3 2712.9 0.8441684842 0.0475307293 0.5339666605 -0.0663890094 0.9976630807 0.0161505472 -0.5319511890 -0.0490832999 0.8453512788
3.6 -500.0 2732.4 0.8453432322 -0.0202255845 0.5338405371 -0.0995908231 0.9757991433 0.1946733892 -0.5248584747 -0.2177314460 0.8228709102
193.1 -91.5 2646.4 0.8373026848 -0.0063857008 0.5467023253 0.0535084344 0.9960885644 -0.0703162029 -0.5441149473 0.0881291330 0.8343693614
195.6 -487.5 2611.3 0.8410557508 -0.1314439327 0.5247358680 0.0277312919 0.9792305231 0.2008445710 -0.5402371287 -0.1543698758 0.8272325993
-93.5 112.2 2467.0 0 0 0 0 0 0 0 0 0
263.1 -207.3 2528.5 0 0 0 0 0 0 0 0 0
9.0 -759.8 2790.4 0 0 0 0 0 0 0 0 0
231.7 -756.2 2653.7 0 0 0 0 0 0 0 0 0
74.8 498.1 2695.7 7 0.9202634692 -0.0384059623 0.3894099593 0.0484737866 0.9986953735 -0.0160571076 -0.3882852495 0.0336529464 0.9209245443
82.4 299.6 2689.0 0.9202634692 -0.0384059623 0.3894099593 0.0484737866 0.9986953735 -0.0160571076 -0.3882852495 0.0336529464 0.9209245443
90.2 101.1 2682.5 0.9202553034 -0.0388625748 0.3893839121 0.0486843139 0.9986957312 -0.0153835565 -0.3882782161 0.0331136882 0.9209470749
-47.1 292.7 2743.7 0.3181801140 -0.9441559315 -0.0856211558 0.9423437119 0.3248563111 -0.0803538561 0.1036811396 -0.0551175624 0.9930822253
-111.9 100.6 2722.5 -0.0734007135 -0.9441559315 -0.3212193847 -0.0442874767 0.3248563111 -0.9447258711 0.9963186979 -0.0551175624 -0.0656589717
211.9 306.4 2634.4 0.2404825389 0.6863423586 0.6863689423 -0.9628360868 0.2582373321 0.0791207850 -0.1229421273 -0.6798879504 0.7229368091
274.0 57.8 2602.6 -0.0405780450 0.6854243279 0.7270123363 -0.9601085186 0.1747249663 -0.2183182687 -0.2766678631 -0.7068696618 0.6509917378
15.7 -101.7 2713.5 0.8442258835 0.0239701960 0.5354512930 -0.0559830777 0.9974787235 0.0436129346 -0.5330558419 -0.0667953789 0.8434392810
6.2 -498.1 2740.1 0.8450267911 -0.0107550407 0.5346157551 -0.0881157592 0.9833288193 0.1590598822 -0.5274137855 -0.1815179288 0.8299915195
184.5 -92.4 2642.3 0.8371637464 -0.0212903041 0.5465378761 0.0665916651 0.9957759976 -0.0632120073 -0.5428834558 0.0893136710 0.8350452781
192.9 -488.2 2606.8 0.8431677222 -0.1414093226 0.5187211633 0.0294242445 0.9754828811 0.2180994600 -0.5368449092 -0.1686314344 0.8266565204
-93.1 112.0 2466.3 0 0 0 0 0 0 0 0 0
262.9 -206.7 2526.4 0 0 0 0 0 0 0 0 0
9.0 -760.0 2788.4 0 0 0 0 0 0 0 0 0
231.5 -754.1 2652.8 0 0 0 0 0 0 0 0 0
73.7 498.5 2695.7 8 0.9154621363 -0.0369263664 0.4007063210 0.0468425564 0.9987900257 -0.0149758020 -0.3996684849 0.0324798897 0.9160841703
81.1 299.5 2689.3 0.9154621363 -0.0369263664 0.4007063210 0.0468425564 0.9987900257 -0.0149758020 -0.3996684849 0.0324798897 0.9160841703
88.4 100.9 2682.8 0.9154680967 -0.0366698205 0.4007161856 0.0466797911 0.9987936020 -0.0152434073 -0.3996737897 0.0326602012 0.9160754085
-47.7 292.9 2745.5 0.3100697696 -0.9467748404 -0.0864532888 0.9438064694 0.3174833953 -0.0918349922 0.1143945456 -0.0531199165 0.9920141697
-110.8 101.1 2722.3 -0.0698609427 -0.9467748404 -0.3142242432 -0.0415722206 0.3174833953 -0.9473521113 0.9966900945 -0.0531199165 -0.0615392216
209.9 306.0 2633.0 0.2444732040 0.6775572300 0.6936491132 -0.9619432092 0.2595166862 0.0855359361 -0.1220580339 -0.6881622672 0.7152163982
273.4 56.3 2601.3 -0.0377056077 0.6769099832 0.7350994349 -0.9623192549 0.1736440957 -0.2092591077 -0.2692952454 -0.7152906060 0.6448561549
13.5 -101.9 2711.5 0.8376019001 0.0127891060 0.5461313725 -0.0508725829 0.9972076416 0.0546710491 -0.5439072251 -0.0735756904 0.8359135985
8.4 -498.3 2740.8 0.8386260271 0.0036817433 0.5446951389 -0.1040713489 0.9826391339 0.1535888761 -0.5346732736 -0.1854907870 0.8244498968
182.3 -93.0 2640.3 0.8304321170 -0.0288513824 0.5563722849 0.0675758868 0.9965009093 -0.0491878390 -0.5530063510 0.0784445107 0.8294759989
193.8 -489.2 2609.1 0.8372613788 -0.1391256899 0.5288075209 0.0252329651 0.9758901596 0.2167987376 -0.5462203622 -0.1681738198 0.8205857277
-92.8 111.8 2465.9 0 0 0 0 0 0 0 0 0
263.0 -208.7 2527.2 0 0 0 0 0 0 0 0 0
7.4 -769.6 2792.0 0 0 0 0 0 0 0 0 0
231.2 -751.9 2654.4 0 0 0 0 0 0 0 0 0
71.6 496.5 2695.3 9 0.9145824909 -0.0466432311 0.4017004669 0.0555917025 0.9983968735 -0.0106416196 -0.4005601406 0.0320638530 0.9157092571
80.9 297.8 2688.9 0.9145824909 -0.0466432311 0.4017004669 0.0555917025 0.9983968735 -0.0106416196 -0.4005601406 0.0320638530 0.9157092571
89.6 99.2 2682.5 0.9146997333 -0.0438984968 0.4017429054 0.0530063845 0.9985270500 -0.0115772719 -0.4006429315 0.0318846665 0.9156793356
-47.8 290.3 2745.3 0.3129096627 -0.9461339712 -0.0831747726 0.9431064129 0.3198816180 -0.0906973630 0.1124179363 -0.0500625782 0.9923990965
-110.4 101.6 2722.8 -0.0668213740 -0.9461339712 -0.3168050051 -0.0416240618 0.3198816180 -0.9465427399 0.9968963265 -0.0500625782 -0.0607568696
209.6 305.2 2632.5 0.2500847280 0.6735422015 0.6955562234 -0.9593751431 0.2692823410 0.0841801614 -0.1306021363 -0.6883515716 0.7135230899
273.8 59.0 2599.0 -0.0405637883 0.6729965806 0.7385324836 -0.9635561705 0.1692515016 -0.2071556449 -0.2644127607 -0.7200205326 0.6416044831
11.7 -101.9 2713.0 0.8373575807 0.0156947542 0.5464301705 -0.0491366759 0.9977024198 0.0466414094 -0.5444427133 -0.0659053028 0.8362048864
5.4 -498.6 2739.2 0.8387819529 -0.0043329587 0.5444502234 -0.1015999392 0.9811584353 0.1643337011 -0.5349039435 -0.1931562573 0.8225377798
