347.7 137.2 1697.1 7 0.7146223783 0.6952317357 -0.0772504807 -0.3008542359 0.4051729143 0.8633201122 0.6315073371 -0.5937067866 0.4987090826
208.9 56.3 1815.5 0.7146223783 0.6952317357 -0.0772504807 -0.3008542359 0.4051729143 0.8633201122 0.6315073371 -0.5937067866 0.4987090826
73.0 -25.8 1934.9 0.7249726057 0.6840996146 -0.0801400319 -0.2947129607 0.4132554531 0.8616055846 0.6225423813 -0.6010221243 0.5012118816
103.0 99.3 1724.6 0.8027567863 -0.5655781627 -0.1889521480 0.3615203202 0.2096092552 0.9084970951 -0.4742199779 -0.7976122499 0.3727332652
-48.6 31.0 1814.2 -0.7187452912 -0.5655781627 -0.4043841660 0.3489586115 0.2096092552 -0.9133957624 0.6013593674 -0.7976122499 0.0467076972
314.8 13.3 1906.5 -0.4736230969 0.8213093877 0.3180126548 0.1285555214 -0.2927437723 0.9475096464 0.8712947965 0.4896447361 0.0330663510
182.7 49.1 2149.5 -0.5695185661 0.8213093877 -0.0331583545 -0.4706301093 -0.2927437723 0.8323511481 0.6739109159 0.4896447361 0.5532559156
-127.8 -88.0 2002.6 0.9569150209 -0.1089318544 0.2691607773 0.1264987886 0.9907680154 -0.0487529747 -0.2613651156 0.0807009637 0.9618604779
-84.5 -481.8 1970.5 0.9640229344 -0.0053943796 0.2657643855 0.0108175036 0.9997619987 -0.0189462025 -0.2655989230 0.0211394802 0.9638518095
6.7 -143.1 2114.4 -0.0775399730 0.0239983164 0.9967003465 0.0254682414 0.9994316697 -0.0220827349 -0.9966638684 0.0236719102 -0.0781071037
-2.8 -540.2 2105.0 -0.0707420781 -0.2641532719 0.9618828297 0.0005666759 0.9642879367 0.2648554444 -0.9974944592 0.0192815010 -0.0680660456
158.5 -69.5 1640.9 0 0 0 0 0 0 0 0 0
34.8 -73.2 2324.6 0 0 0 0 0 0 0 0 0
-82.5 -863.6 1962.4 0 0 0 0 0 0 0 0 0
98.1 -908.5 2097.7 0 0 0 0 0 0 0 0 0
345.0 144.3 1696.9 8 0.7182884812 0.6914755106 -0.0769626945 -0.3128605485 0.4198193550 0.8519800305 0.6214337349 -0.5878888965 0.5178868175
207.5 60.8 1813.8 0.7182884812 0.6914755106 -0.0769626945 -0.3128605485 0.4198193550 0.8519800305 0.6214337349 -0.5878888965 0.5178868175
72.7 -24.3 1932.3 0.7302340865 0.6785302162 -0.0797178447 -0.3054625690 0.4286340475 0.8502737284 0.6111062169 -0.5965480804 0.5202687979
100.8 105.4 1724.5 0.7899327278 -0.5714211464 -0.2224504054 0.3936235607 0.1943699419 0.8984880447 -0.4701774120 -0.7973068357 0.3784640133
-47.5 31.5 1812.8 -0.7250248194 -0.5714211464 -0.3844696581 0.3355921507 0.1943699419 -0.9217365384 0.6014291048 -0.7973068357 0.0508414283
314.2 16.2 1903.0 -0.4681757092 0.8255895376 0.3149816096 0.1079451889 -0.3003557622 0.9476994276 0.8770173192 0.4776906073 0.0515008420
183.6 46.3 2147.6 -0.5633478761 0.8255895376 -0.0322650261 -0.4871403277 -0.3003557622 0.8200492263 0.6673330665 0.4776906073 0.5713827610
-129.4 -80.9 1997.3 0.9553120136 -0.1136194915 0.2728911638 0.1298668087 0.9906342626 -0.0421705060 -0.2655439675 0.0757254958 0.9611201882
-84.2 -474.6 1967.2 0.9634171724 -0.0115486057 0.2677573562 0.0118660955 0.9999294877 0.0004324487 -0.2677434683 0.0027606057 0.9634862542
3.6 -134.9 2111.4 -0.0849556252 0.0163575113 0.9962504506 0.0187969394 0.9997135997 -0.0148114571 -0.9962074161 0.0174681433 -0.0852387622
-2.9 -532.2 2104.5 -0.0766501948 -0.2556976080 0.9637134075 -0.0127650741 0.9667294025 0.2554825544 -0.9969763160 0.0072809136 -0.0773639902
160.3 -64.7 1640.4 0 0 0 0 0 0 0 0 0
37.3 -80.2 2321.0 0 0 0 0 0 0 0 0 0
-79.8 -856.5 1966.1 0 0 0 0 0 0 0 0 0
94.8 -901.5 2101.7 0 0 0 0 0 0 0 0 0
342.8 153.7 1696.8 9 0.7288889885 0.6795788407 -0.0830270126 -0.3074720800 0.4332864583 0.8471857905 0.6117039919 -0.5919758677 0.5247692466
208.0 67.8 1814.2 0.7288889885 0.6795788407 -0.0830270126 -0.3074720800 0.4332864583 0.8471857905 0.6117039919 -0.5919758677 0.5247692466
74.9 -19.5 1933.1 0.7376459241 0.6698573232 -0.0846736506 -0.3018095195 0.4393065572 0.8461210132 0.6039780378 -0.5985824466 0.5262219906
100.3 111.8 1726.0 0.7864537239 -0.5665501952 -0.2459905893 0.4176958203 0.1944643408 0.8875324130 -0.4549952745 -0.8007524610 0.3895828426
-48.6 32.8 1812.1 -0.7379698753 -0.5665501952 -0.3666351140 0.3126251400 0.1944643408 -0.9297575951 0.5980517864 -0.8007524610 0.0336090140
315.8 23.7 1902.4 -0.4629371464 0.8320232630 0.3056574166 0.0976563096 -0.2948595881 0.9505372643 0.8809951544 0.4698883891 0.0552491359
186.6 50.9 2148.2 -0.5535364747 0.8320232630 -0.0365328528 -0.4970652163 -0.2948595881 0.8160784245 0.6682242155 0.4698883891 0.5767853260
-129.1 -81.5 1994.7 0.9526562691 -0.1222726032 0.2783799469 0.1361977309 0.9901912808 -0.0311673358 -0.2718384862 0.0676064789 0.9599652290
-80.5 -475.0 1967.8 0.9610033035 0.0116582252 0.2762911320 -0.0079424186 0.9998623729 -0.0145640969 -0.2764228880 0.0118017253 0.9609636068
4.8 -137.5 2106.8 -0.0922889113 0.0119273765 0.9956608415 0.0186696835 0.9997732043 -0.0102461260 -0.9955572486 0.0176430680 -0.0924906582
0.1 -534.8 2099.8 -0.0795139819 -0.2450916022 0.9662337303 -0.0323394611 0.9694268107 0.2432402521 -0.9963090420 -0.0119064758 -0.0850091130
163.1 -56.9 1640.6 0 0 0 0 0 0 0 0 0
42.8 -78.2 2321.8 0 0 0 0 0 0 0 0 0
-84.9 -856.9 1963.3 0 0 0 0 0 0 0 0 0
93.7 -905.1 2104.3 0 0 0 0 0 0 0 0 0
342.9 165.0 1699.8 0 0.7299823165 0.6752170920 -0.1058664545 -0.2956865132 0.4516495466 0.8417732120 0.6161941886 -0.5831763148 0.5293487906
208.5 75.1 1815.9 0.7299823165 0.6752170920 -0.1058664545 -0.2956865132 0.4516495466 0.8417732120 0.6161941886 -0.5831763148 0.5293487906
76.4 -16.0 1933.0 0.7388736606 0.6650820971 -0.1083121821 -0.2896480560 0.4586015940 0.8401122093 0.6084157228 -0.5893644094 0.5314883590
100.6 117.4 1727.0 0.7758342028 -0.5734801292 -0.2630624175 0.4461817145 0.2038932443 0.8714065552 -0.4460976720 -0.7934406996 0.4140636921
-46.5 32.8 1811.6 -0.7384625673 -0.5734801292 -0.3546739817 0.2906560898 0.2038932443 -0.9348511100 0.6084341407 -0.7934406996 0.0161179546
316.4 32.8 1904.7 -0.4726772308 0.8343495131 0.2836144567 0.0806829333 -0.2795113325 0.9567463994 0.8775343299 0.4751150906 0.0648008734
184.6 55.3 2149.5 -0.5479693413 0.8343495131 -0.0599211641 -0.5142531991 -0.2795113325 0.8108125925 0.6597524285 0.4751150906 0.5822305083
-125.8 -79.1 1996.6 0.9551938176 -0.1161109582 0.2722554505 0.1332245916 0.9900557995 -0.0451744124 -0.2643028200 0.0794214383 0.9611639977
-79.7 -472.6 1965.1 0.9634756446 0.0156004019 0.2673411071 -0.0147663578 0.9998778105 -0.0051300363 -0.2673884630 0.0009950110 0.9635882974
9.5 -134.5 2107.4 -0.0839974657 0.0290715676 0.9960417747 0.0113191102 0.9995376468 -0.0282190479 -0.9964016676 0.0089039784 -0.0842876956
-2.1 -531.6 2103.9 -0.0855123848 -0.2137934715 0.9731289744 0.0182271190 0.9762073755 0.2160714716 -0.9961703420 0.0362141244 -0.0795809850
164.8 -50.4 1637.4 0 0 0 0 0 0 0 0 0
42.2 -78.3 2320.9 0 0 0 0 0 0 0 0 0
-85.6 -854.5 1964.7 0 0 0 0 0 0 0 0 0
79.5 -904.0 2090.1 0 0 0 0 0 0 0 0 0
342.1 176.2 1702.3 1 0.7378225327 0.6651776433 -0.1147024557 -0.2946494520 0.4702766240 0.8318783641 0.6072887778 -0.5799815655 0.5429749489
210.4 83.1 1817.1 0.7378225327 0.6651776433 -0.1147024557 -0.2946494520 0.4702766240 0.8318783641 0.6072887778 -0.5799815655 0.5429749489
79.5 -11.0 1933.1 0.7430717945 0.6591345072 -0.1156978682 -0.2909071445 0.4738476872 0.8311687112 0.6026751399 -0.5839607120 0.5438497663
101.9 125.6 1729.1 0.7739813924 -0.5637927055 -0.2882544696 0.4776206315 0.2209260613 0.8503353596 -0.4157299399 -0.7958199978 0.4402716756
-45.6 34.6 1808.3 -0.7432553768 -0.5637927055 -0.3601516783 0.2844566107 0.2209260613 -0.9328858852 0.6055211425 -0.7958199978 -0.0038299256
319.0 40.6 1905.1 -0.4716399014 0.8381133676 0.2740836143 0.0631687567 -0.2779141366 0.9585267305 0.8795257211 0.4693929553 0.0781328157
187.4 58.2 2150.5 -0.5413771868 0.8381133676 -0.0669087693 -0.5293144584 -0.2779141366 0.8016170859 0.6532510519 0.4693929553 0.5940818787
-123.5 -80.6 1994.2 0.9555054903 -0.1151509210 0.2715685964 0.1280559599 0.9913062453 -0.0302256886 -0.2657271326 0.0636567920 0.9619443417
-77.7 -474.5 1968.9 0.9619324207 0.0254804362 0.2720970511 -0.0166255347 0.9992560148 -0.0347994938 -0.2727813125 0.0289510023 0.9616403580
12.0 -133.7 2105.8 -0.0868045390 0.0356923267 0.9955857992 0.0040514232 0.9993623495 -0.0354744792 -0.9962171316 0.0009541935 -0.0868937969
-2.2 -530.8 2105.5 -0.0949830636 -0.2266065627 0.9693439603 0.0389012806 0.9721576571 0.2310761362 -0.9947184920 0.0596570410 -0.0835232288
167.5 -47.0 1634.7 0 0 0 0 0 0 0 0 0
46.8 -79.3 2320.2 0 0 0 0 0 0 0 0 0
-87.4 -856.1 1957.9 0 0 0 0 0 0 0 0 0
84.3 -901.8 2082.7 0 0 0 0 0 0 0 0 0
340.1 191.0 1703.0 2 0.7413058877 0.6551442146 -0.1457794905 -0.2660844624 0.4862791598 0.8323050141 0.6161693335 -0.5782029629 0.5348052979
210.1 94.5 1817.8 0.7413058877 0.6551442146 -0.1457794905 -0.2660844624 0.4862791598 0.8323050141 0.6161693335 -0.5782029629 0.5348052979
81.7 -2.8 1933.9 0.7484395504 0.6468300223 -0.1464553177 -0.2607351243 0.4900294840 0.8317982554 0.6097994447 -0.5843646526 0.5354087353
100.9 132.5 1728.7 0.7647851110 -0.5616557002 -0.3156684935 0.5013181567 0.2110013813 0.8391415477 -0.4047021568 -0.8000133038 0.4429389238
-45.9 36.3 1806.4 -0.7503843904 -0.5616557002 -0.3485198617 0.2774002850 0.2110013813 -0.9372979999 0.5999769568 -0.8000133038 -0.0025286905
319.4 56.4 1906.8 -0.4789351523 0.8439062834 0.2417504787 0.0554288030 -0.2457683086 0.9677425027 0.8760985732 0.4768858552 0.0709303692
185.8 71.9 2151.2 -0.5276663303 0.8439062834 -0.0969043300 -0.5407962203 -0.2457683086 0.8044484854 0.6550630927 0.4768858552 0.5860649943
-119.6 -78.5 1993.8 0.9570066333 -0.1085953712 0.2689709663 0.1217751950 0.9920169711 -0.0327589959 -0.2632662952 0.0641045719 0.9625909925
-76.4 -472.7 1968.4 0.9624426961 0.0276853181 0.2700695097 -0.0166910421 0.9989390373 -0.0429214425 -0.2709712684 0.0368016884 0.9618836641
16.7 -131.8 2104.4 -0.0800865069 0.0463380367 0.9957102537 0.0133010279 0.9988796115 -0.0454157069 -0.9966991544 0.0096067842 -0.0806131214
-1.7 -528.8 2100.6 -0.0775589123 -0.2262987942 0.9709652066 0.0024030460 0.9738535881 0.2271639258 -0.9969848990 0.0199518614 -0.0749872178
170.0 -43.5 1633.8 0 0 0 0 0 0 0 0 0
48.7 -68.6 2321.4 0 0 0 0 0 0 0 0 0
-87.0 -854.3 1954.3 0 0 0 0 0 0 0 0 0
84.6 -900.4 2093.0 0 0 0 0 0 0 0 0 0
338.0 206.7 1707.9 3 0.7529467940 0.6385161877 -0.1592741162 -0.2704780698 0.5209081173 0.8096272945 0.5999273062 -0.5665261149 0.5649207234
210.6 102.7 1820.9 0.7529467940 0.6385161877 -0.1592741162 -0.2704780698 0.5209081173 0.8096272945 0.5999273062 -0.5665261149 0.5649207234
85.7 -1.4 1934.8 0.7608941793 0.6289421916 -0.1595987976 -0.2639218867 0.5246737599 0.8093594313 0.5927775502 -0.5737152696 0.5652127862
99.5 141.2 1734.4 0.7499551177 -0.5527869463 -0.3633096516 0.5542850494 0.2253947705 0.8012273312 -0.3610199392 -0.8022616506 0.4754375219
-43.4 35.7 1803.1 -0.7612010837 -0.5527869463 -0.3391157687 0.2551997900 0.2253947705 -0.9402500987 0.5961929560 -0.8022616506 -0.0304996222
321.7 64.2 1907.5 -0.4703996480 0.8544312119 0.2206162512 0.0143473642 -0.2425650805 0.9700290561 0.8823368549 0.4594665766 0.1018436924
190.6 68.2 2153.4 -0.5080600977 0.8544312119 -0.1087303013 -0.5751344562 -0.2425650805 0.7812697887 0.6411671042 0.4594665766 0.6146504879
-115.4 -76.3 1994.1 0.9543503523 -0.1056352183 0.2793862224 0.1249743477 0.9907813072 -0.0522857197 -0.2712874115 0.0848150030 0.9587541819
-73.4 -469.9 1960.4 0.9608493447 0.0445241518 0.2734706104 -0.0461960770 0.9989323616 -0.0003259803 -0.2731931508 -0.0123200510 0.9618803263
21.8 -124.1 2106.0 -0.0919990540 0.0482328869 0.9945902228 0.0271670520 0.9985759258 -0.0459132381 -0.9953884482 0.0227961112 -0.0931783840
2.6 -520.9 2096.9 -0.0819585919 -0.2238961756 0.9711607695 -0.0169209037 0.9746112227 0.2232636511 -0.9964920878 0.0018654567 -0.0836662874
175.9 -37.8 1631.4 0 0 0 0 0 0 0 0 0
58.7 -81.1 2319.9 0 0 0 0 0 0 0 0 0
-90.4 -851.1 1965.1 0 0 0 0 0 0 0 0 0
88.1 -893.0 2096.2 0 0 0 0 0 0 0 0 0
334.8 221.6 1717.3 4 0.7566683292 0.6242335439 -0.1943850070 -0.2550479472 0.5555896163 0.7913727164 0.6019997001 -0.5492291451 0.5796065331
210.0 110.5 1827.1 0.7566683292 0.6242335439 -0.1943850070 -0.2550479472 0.5555896163 0.7913727164 0.6019997001 -0.5492291451 0.5796065331
88.0 -0.3 1937.7 0.7645324469 0.6146836877 -0.1940465569 -0.2479771078 0.5583501458 0.7916769981 0.5949769020 -0.5571436286 0.5793042779
98.4 146.7 1740.2 0.7376762629 -0.5414174199 -0.4033619761 0.5966693759 0.2432142645 0.7647433877 -0.3159420192 -0.8048068285 0.5024605989
-40.7 34.2 1799.8 -0.7778638005 -0.5414174199 -0.3190534115 0.2183534652 0.2432142645 -0.9450759888 0.5892789364 -0.8048068285 -0.0709672123
321.6 74.3 1914.1 -0.4783881605 0.8586347699 0.1840953827 -0.0202834774 -0.2203887105 0.9752011895 0.8779141903 0.4627906084 0.1228474453
188.3 68.7 2158.7 -0.4923554957 0.8586347699 -0.1425917298 -0.6057562232 -0.2203887105 0.7645183206 0.6250163913 0.4627906084 0.6286329627
-108.9 -81.4 1994.3 0.9573810101 -0.0956459567 0.2725316286 0.1169085056 0.9911525249 -0.0628413185 -0.2641099095 0.0920243487 0.9600924253
-70.9 -475.3 1957.8 0.9631362557 0.0461167023 0.2650317848 -0.0499867946 0.9987188578 0.0078725452 -0.2643291652 -0.0208304226 0.9642075300
30.6 -129.7 2103.0 -0.0840800554 0.0648766607 0.9943447709 0.0370748490 0.9973910451 -0.0619404279 -0.9957690239 0.0316572301 -0.0862659886
4.8 -526.0 2090.5 -0.0684059635 -0.2025198042 0.9768860340 -0.0398330390 0.9789533615 0.2001590878 -0.9968620539 -0.0252202637 -0.0750332251
184.2 -28.9 1629.4 0 0 0 0 0 0 0 0 0
60.5 -88.6 2320.9 0 0 0 0 0 0 0 0 0
-88.5 -856.6 1965.7 0 0 0 0 0 0 0 0 0
82.1 -899.8 2100.1 0 0 0 0 0 0 0 0 0
329.4 237.8 1722.0 5 0.7565770149 0.6073046327 -0.2424301505 -0.2151306123 0.5812747478 0.7847537398 0.6175031066 -0.5415725112 0.5704289079
207.6 121.2 1830.7 0.7565770149 0.6073046327 -0.2424301505 -0.2151306123 0.5812747478 0.7847537398 0.6175031066 -0.5415725112 0.5704289079
89.3 4.6 1939.3 0.7640242577 0.5967793465 -0.2451966107 -0.2079018056 0.5874910951 0.7820684314 0.6107731462 -0.5465424061 0.5729289651
96.2 151.6 1741.4 0.7225333452 -0.5305762291 -0.4432092905 0.6320500374 0.2472191006 0.7344354987 -0.2801041901 -0.8107845783 0.5139747262
-39.5 32.9 1794.0 -0.7964587808 -0.5305762291 -0.2900730073 0.1819323301 0.2472191006 -0.9517264962 0.5766749978 -0.8107845783 -0.1003708467
319.0 90.9 1919.9 -0.4939455390 0.8594372272 0.1318540275 -0.0429558828 -0.1755799353 0.9835275412 0.8684310913 0.4801451564 0.1236448064
181.4 78.9 2161.9 -0.4732822776 0.8594372272 -0.1933172792 -0.6283814907 -0.1755799353 0.7578313351 0.6173658371 0.4801451564 0.6231533289
-104.0 -88.4 1993.8 0.9620239735 -0.0845426545 0.2595427930 0.1076500639 0.9912702441 -0.0761235729 -0.2508413494 0.1011724994 0.9627267122
-70.4 -482.3 1953.6 0.9680599570 0.0418525562 0.2472009361 -0.0549051128 0.9974247813 0.0461432822 -0.2446331382 -0.0582420565 0.9678649306
36.2 -133.9 2102.9 -0.0655802563 0.0771447718 0.9948607683 0.0388545170 0.9964483380 -0.0747066215 -0.9970905185 0.0337555557 -0.0683447644
5.5 -529.8 2089.5 -0.0500733256 -0.1892013103 0.9806607366 -0.0426212139 0.9814028144 0.1871682107 -0.9978356957 -0.0324248150 -0.0572060943
191.2 -19.8 1627.0 0 0 0 0 0 0 0 0 0
58.5 -84.2 2322.2 0 0 0 0 0 0 0 0 0
-86.4 -863.1 1975.8 0 0 0 0 0 0 0 0 0
77.8 -904.6 2101.9 0 0 0 0 0 0 0 0 0
325.3 254.4 1728.4 6 0.7629318237 0.5939490795 -0.2552636266 -0.2258749455 0.6148703098 0.7555891871 0.6057355404 -0.5188053846 0.6032623053
206.2 131.1 1832.5 0.7629318237 0.5939490795 -0.2552636266 -0.2258749455 0.6148703098 0.7555891871 0.6057355404 -0.5188053846 0.6032623053
90.0 8.7 1936.9 0.7696697712 0.5853340030 -0.2549364269 -0.2188366055 0.6169917583 0.7559310198 0.5997657776 -0.5260277987 0.6029723883
93.8 163.0 1744.9 0.6875174642 -0.5148068666 -0.5121460557 0.6913200617 0.2481587976 0.6785969734 -0.2222528160 -0.8206040859 0.5265098214
-37.0 31.5 1787.2 -0.8214196563 -0.5148068666 -0.2454458624 0.1312623024 0.2481587976 -0.9597851038 0.5550134778 -0.8206040859 -0.1362677664
318.5 99.2 1920.0 -0.4900604784 0.8637468219 0.1173974872 -0.0832378715 -0.1804325581 0.9800589681 0.8677051067 0.4705162346 0.1603193134
182.0 76.0 2161.8 -0.4613748193 0.8637468219 -0.2026689947 -0.6586692333 -0.1804325581 0.7304785252 0.5943804383 0.4705162346 0.6521704793
-99.0 -92.9 1991.8 0.9624299407 -0.0769401193 0.2604012787 0.0958242789 0.9935519099 -0.0605993569 -0.2540596724 0.0832754001 0.9635968804
-68.4 -487.6 1958.7 0.9650029540 0.0586602874 0.2555939257 -0.0596497431 0.9982118011 -0.0038859025 -0.2553648353 -0.0114962049 0.9667764306
40.9 -131.0 2103.9 -0.0729291067 0.1011611968 0.9921934009 0.0431913957 0.9942295551 -0.0981941000 -0.9964014292 0.0356930122 -0.0768775642
0.7 -526.0 2089.7 -0.0537287891 -0.2346588522 0.9705917835 -0.0372103453 0.9717912078 0.2328889966 -0.9978620410 -0.0236032121 -0.0609449036
201.9 -6.7 1625.8 0 0 0 0 0 0 0 0 0
62.3 -95.0 2316.1 0 0 0 0 0 0 0 0 0
-90.8 -868.4 1963.1 0 0 0 0 0 0 0 0 0
90.3 -896.8 2098.7 0 0 0 0 0 0 0 0 0
319.0 270.0 1732.1 7 0.7794566751 0.5739820004 -0.2509821057 -0.2421267480 0.6455307603 0.7243373990 0.5777732730 -0.5038201213 0.6421396732
203.8 140.4 1833.2 0.7794566751 0.5739820004 -0.2509821057 -0.2421267480 0.6455307603 0.7243373990 0.5777732730 -0.5038201213 0.6421396732
92.3 11.7 1935.1 0.7886399031 0.5615982413 -0.2503087223 -0.2316620946 0.6485027075 0.7251047492 0.5695434809 -0.5138595104 0.6415361762
88.7 174.1 1750.1 0.6308211088 -0.4975815713 -0.5953800082 0.7621017694 0.2531114519 0.5959324837 -0.1458275318 -0.8296669126 0.5388758183
-30.8 29.7 1777.7 -0.8475359678 -0.4975815713 -0.1846491694 0.0617421716 0.2531114519 -0.9654648900 0.5271343589 -0.8296669126 -0.1837992817
318.9 106.7 1916.3 -0.4657209516 0.8784245849 0.1071181446 -0.1283974648 -0.1868419051 0.9739631414 0.8755673170 0.4398413301 0.1998036802
189.3 70.9 2160.1 -0.4357078075 0.8784245849 -0.1962880492 -0.6911879778 -0.1868419051 0.6981040835 0.5765569210 0.4398413301 0.6885649562
-96.6 -93.7 1986.3 0.9567269683 -0.0668902993 0.2831946611 0.0846205726 0.9951158166 -0.0508314297 -0.2784113586 0.0725958943 0.9577144384
-70.1 -489.1 1957.4 0.9597345591 0.0325340740 0.2790181041 -0.0352758132 0.9993660450 0.0048096157 -0.2786847353 -0.0144585455 0.9602738023
44.4 -133.8 2096.3 -0.1051830053 0.1019680575 0.9892113209 0.0312744230 0.9945763350 -0.0991956666 -0.9939609766 0.0205033161 -0.1078015193
3.9 -529.0 2088.1 -0.0824366286 -0.2120304406 0.9737799168 -0.0761305168 0.9755903482 0.2059797049 -0.9936842322 -0.0571540929 -0.0965663642
215.9 11.7 1624.3 0 0 0 0 0 0 0 0 0
76.2 -108.4 2309.7 0 0 0 0 0 0 0 0 0
-82.5 -870.6 1963.0 0 0 0 0 0 0 0 0 0
84.8 -901.2 2109.9 0 0 0 0 0 0 0 0 0
310.1 285.3 1737.9 8 0.7812875509 0.5598089099 -0.2760501504 -0.2325280160 0.6714777350 0.7035967112 0.5792412758 -0.4855220020 0.6547884941
197.8 150.5 1835.4 0.7812875509 0.5598089099 -0.2760501504 -0.2325280160 0.6714777350 0.7035967112 0.5792412758 -0.4855220020 0.6547884941
89.4 16.1 1933.1 0.7901962399 0.5462882519 -0.2777751386 -0.2216645628 0.6773271561 0.7014932632 0.5713621974 -0.4927444160 0.6563141346
82.4 182.9 1751.9 0.5593554378 -0.4837071598 -0.6731632948 0.8242681623 0.2385814935 0.5134791732 -0.0877692476 -0.8420844674 0.5321562886
-23.3 27.0 1768.5 -0.8684681058 -0.4837071598 -0.1085841358 -0.0114712752 0.2385814935 -0.9710547328 0.4956122935 -0.8420844674 -0.2127491534
313.2 118.2 1918.8 -0.4691057801 0.8799024224 0.0755746886 -0.1634558886 -0.1706019789 0.9716877937 0.8678836226 0.4434712231 0.2238555998
182.5 72.7 2160.6 -0.4193403125 0.8799024224 -0.2234400362 -0.7177057862 -0.1706019789 0.6751247048 0.5559245348 0.4434712231 0.7030513883
-91.5 -95.9 1984.8 0.9599602222 -0.0541375875 0.2748554647 0.0702955052 0.9963085055 -0.0492737219 -0.2711732686 0.0666219145 0.9602221251
-70.0 -491.7 1958.3 0.9621751308 0.0117683820 0.2721773386 -0.0108331526 0.9999291301 -0.0049385368 -0.2722161710 0.0018031986 0.9622344375
53.1 -138.2 2089.1 -0.1004172266 0.1273578554 0.9867605567 0.0206999015 0.9918262959 -0.1259051561 -0.9947300553 0.0077827992 -0.1022327468
2.5 -532.1 2086.0 -0.0845458880 -0.2214004397 0.9715111256 -0.0502910130 0.9747075438 0.2177523077 -0.9951496124 -0.0304482169 -0.0935419649
229.1 30.4 1624.5 0 0 0 0 0 0 0 0 0
73.7 -113.5 2304.8 0 0 0 0 0 0 0 0 0
-74.5 -873.5 1957.6 0 0 0 0 0 0 0 0 0
87.0 -904.2 2097.7 0 0 0 0 0 0 0 0 0
301.5 301.2 1748.3 9 0.7651106715 0.5409213305 -0.3492989242 -0.1695593446 0.6925846934 0.7011248469 0.6211724877 -0.4772112370 0.6216222048
193.0 162.3 1844.1 0.7651106715 0.5409213305 -0.3492989242 -0.1695593446 0.6925846934 0.7011248469 0.6211724877 -0.4772112370 0.6216222048
88.6 22.9 1939.3 0.7723424435 0.5267941952 -0.3549295366 -0.1601125002 0.7021735907 0.6937695742 0.6146959662 -0.4789990485 0.6266648173
80.6 185.6 1754.5 0.5054875612 -0.4659322798 -0.7262158394 0.8626321554 0.2547000647 0.4370282292 -0.0186583195 -0.8473694324 0.5306758881
-13.4 25.2 1757.9 -0.8840257525 -0.4659322798 -0.0374912098 -0.0934224129 0.2547000647 -0.9624968171 0.4580073357 -0.8473694324 -0.2686899602
305.3 138.9 1933.7 -0.5011838675 0.8653400540 0.0011271930 -0.1790741682 -0.1049896181 0.9782176018 0.8466092348 0.4900650382 0.2075791657
165.7 89.0 2169.5 -0.4004477262 0.8653400540 -0.3013771474 -0.7328249216 -0.1049896181 0.6722684503 0.5500993133 0.4900650382 0.6761856079
-91.5 -98.0 1978.5 0.9716734886 -0.0564099737 0.2294962257 0.0656041950 0.9973121881 -0.0326258279 -0.2270389795 0.0467575677 0.9727625847
-69.0 -494.2 1959.9 0.9735960960 0.0055716727 0.2282095701 -0.0031820033 0.9999362230 -0.0108379815 -0.2282554060 0.0098256525 0.9735516906
53.4 -138.6 2083.2 -0.0507129207 0.1232766956 0.9910756946 -0.0065607023 0.9922900796 -0.1237634569 -0.9986917377 -0.0127785588 -0.0495131463
4.4 -532.7 2088.3 -0.0466920920 -0.2263452262 0.9729273915 -0.0238979347 0.9739640355 0.2254395038 -0.9986234307 -0.0127247116 -0.0508856028
243.0 52.3 1625.1 0 0 0 0 0 0 0 0 0
61.8 -101.2 2312.3 0 0 0 0 0 0 0 0 0
-71.2 -876.2 1956.1 0 0 0 0 0 0 0 0 0
90.9 -904.7 2093.2 0 0 0 0 0 0 0 0 0
290.8 314.9 1754.1 0 0.7615934610 0.5068964958 -0.4037713706 -0.1219203547 0.7239969969 0.6789430976 0.6364831328 -0.4678507149 0.6131923795
189.0 169.5 1848.0 0.7615934610 0.5068964958 -0.4037713706 -0.1219203547 0.7239969969 0.6789430976 0.6364831328 -0.4678507149 0.6131923795
91.0 24.3 1941.1 0.7668337226 0.4945910871 -0.4090790749 -0.1142998785 0.7323886752 0.6712245345 0.6315865517 -0.4679599404 0.6181520224
77.4 186.2 1755.8 0.4361370802 -0.4523788095 -0.7779060602 0.8986445069 0.2642367184 0.3501670957 0.0471431725 -0.8517819047 0.5217711329
-1.6 23.5 1747.3 -0.8903194666 -0.4523788095 0.0518141240 -0.1892979145 0.2642367184 -0.9456983209 0.4141226709 -0.8517819047 -0.3208894432
300.5 152.8 1940.2 -0.5077946782 0.8592931628 -0.0613172650 -0.2084557414 -0.0535001121 0.9765674472 0.8358772397 0.5086777210 0.2062916756
159.1 94.7 2173.1 -0.3680174351 0.8592931628 -0.3552160561 -0.7553423047 -0.0535001121 0.6531429887 0.5422371626 0.5086777210 0.6687494516
-86.4 -101.7 1978.3 0.9759252667 -0.0509754196 0.2120646983 0.0624560192 0.9969028234 -0.0477913767 -0.2089717090 0.0598855279 0.9760863185
-66.1 -497.8 1954.5 0.9781207442 0.0170283616 0.2073399723 -0.0240999274 0.9992091060 0.0316279791 -0.2066374123 -0.0359328613 0.9777575135
54.7 -131.1 2090.9 -0.0261670481 0.1308131516 0.9910616279 0.0131866327 0.9913600087 -0.1305043697 -0.9995706081 0.0096538514 -0.0276659504
2.8 -524.9 2087.0 -0.0198771544 -0.2159537971 0.9762012362 -0.0152952503 0.9763455391 0.2156742960 -0.9996854067 -0.0106442515 -0.0227100383
256.2 78.3 1627.4 0 0 0 0 0 0 0 0 0
63.6 -101.3 2313.8 0 0 0 0 0 0 0 0 0
-72.6 -879.2 1968.2 0 0 0 0 0 0 0 0 0
85.2 -897.9 2091.1 0 0 0 0 0 0 0 0 0
280.1 327.5 1764.9 1 0.7502549291 0.4827901125 -0.4516981542 -0.0873868465 0.7496207952 0.6560733318 0.6553480625 -0.4527497590 0.6045961976
183.2 177.1 1855.8 0.7502549291 0.4827901125 -0.4516981542 -0.0873868465 0.7496207952 0.6560733318 0.6553480625 -0.4527497590 0.6045961976
90.2 26.7 1945.8 0.7551583052 0.4696729779 -0.4573217332 -0.0796245486 0.7581753135 0.6471709013 0.6506887078 -0.4523024559 0.6099398732
73.3 188.8 1760.8 0.3447726369 -0.4442339242 -0.8269147873 0.9289520383 0.2880086303 0.2325923145 0.1348332018 -0.8483556509 0.5119694471
11.7 22.9 1736.7 -0.8850170374 -0.4442339242 0.1392877698 -0.2882896364 0.2880086303 -0.9132032394 0.3655597568 -0.8483556509 -0.3829605579
293.2 165.4 1950.8 -0.5180689692 0.8476160765 -0.1146800369 -0.2372619808 -0.0135952421 0.9713505507 0.8217732906 0.5304358006 0.2081503421
148.8 99.3 2179.8 -0.3439101279 0.8476160765 -0.4040702581 -0.7753462791 -0.0135952421 0.6313899755 0.5296828747 0.5304358006 0.6618715525
-76.9 -110.5 1976.3 0.9810603261 -0.0404569991 0.1894304901 0.0500007868 0.9976950884 -0.0458745547 -0.1871379167 0.0544773787 0.9808219075
-60.9 -506.9 1954.7 0.9813652635 0.0464850366 0.1864439547 -0.0507644378 0.9985440373 0.0182419457 -0.1853245199 -0.0273667332 0.9822962284
63.1 -131.5 2092.0 0.0004252044 0.1521311253 0.9883602262 0.0311720185 0.9878779650 -0.1520703137 -0.9995139241 0.0308738444 -0.0043221842
2.7 -523.8 2079.8 0.0143508902 -0.2008906156 0.9795085788 -0.0366016664 0.9788473845 0.2012912631 -0.9992268682 -0.0387403518 0.0066944002
268.2 106.4 1630.8 0 0 0 0 0 0 0 0 0
59.5 -102.0 2317.2 0 0 0 0 0 0 0 0 0
-78.6 -888.1 1965.1 0 0 0 0 0 0 0 0 0
79.4 -897.6 2094.6 0 0 0 0 0 0 0 0 0
270.4 340.1 1770.8 2 0.7573823929 0.4553803802 -0.4679750204 -0.0757766366 0.7731394172 0.6296930909 0.6485598087 -0.4414568543 0.6200693250
178.9 184.7 1859.6 0.7573823929 0.4553803802 -0.4679750204 -0.0757766366 0.7731394172 0.6296930909 0.6485598087 -0.4414568543 0.6200693250
91.0 29.8 1947.0 0.7613112926 0.4434864223 -0.4729957283 -0.0689846426 0.7807580233 0.6210137010 0.6447063684 -0.4401552677 0.6249936819
67.9 194.8 1765.4 0.2308200598 -0.4336829782 -0.8710001111 0.9454245567 0.3115583062 0.0954137966 0.2299879640 -0.8454883099 0.4819284379
27.2 28.2 1724.8 -0.8729114532 -0.4336829782 0.2234831303 -0.3779909015 0.3115583062 -0.8718109131 0.3084615469 -0.8454883099 -0.4358910024
289.9 174.7 1953.7 -0.5058269501 0.8508093953 -0.1423464566 -0.2683091760 0.0016558386 0.9633314610 0.8198471069 0.5254718661 0.2274423838
148.9 99.9 2182.2 -0.3171079159 0.8508093953 -0.4190059602 -0.7957640886 0.0016558386 0.6056044698 0.5159477592 0.5254718661 0.6765184402
-71.8 -116.3 1976.1 0.9802581668 -0.0263444483 0.1959589571 0.0347271785 0.9986172915 -0.0394653007 -0.1946483105 0.0454912856 0.9798176289
-61.3 -513.1 1958.0 0.9798022509 0.0431623198 0.1952550113 -0.0410212986 0.9990457296 -0.0149976732 -0.1957160234 0.0066851405 0.9806378484
66.2 -131.0 2095.4 -0.0077682855 0.1471165717 0.9890886545 0.0433553867 0.9882379174 -0.1466495246 -0.9990295172 0.0417431071 -0.0140552111
7.8 -523.6 2078.8 0.0102142645 -0.2029007077 0.9791460633 -0.0433156043 0.9781882167 0.2031540871 -0.9990092516 -0.0444873720 0.0012027054
279.5 137.4 1635.7 0 0 0 0 0 0 0 0 0
66.6 -106.6 2316.1 0 0 0 0 0 0 0 0 0
-77.8 -894.5 1955.5 0 0 0 0 0 0 0 0 0
85.3 -897.3 2095.8 0 0 0 0 0 0 0 0 0
259.6 353.5 1777.3 3 0.7320754528 0.4320729673 -0.5266673565 -0.0329772085 0.7946907878 0.6061180830 0.6804249287 -0.4263561070 0.5960221291
172.4 193.1 1863.4 0.7320754528 0.4320729673 -0.5266673565 -0.0329772085 0.7946907878 0.6061180830 0.6804249287 -0.4263561070 0.5960221291
89.5 33.9 1948.0 0.7361739874 0.4185234606 -0.5318702459 -0.0252820365 0.8023266792 0.5963495374 0.6763199568 -0.4255702496 0.6012331247
65.2 196.9 1764.7 0.1349038333 -0.4298246205 -0.8927775621 0.9462578893 0.3231673539 -0.0126027726 0.2939335406 -0.8430976272 0.4503214657
42.3 36.0 1714.7 -0.8474673033 -0.4298246205 0.3115283847 -0.4665638208 0.3231673539 -0.8233353496 0.2532140017 -0.8430976272 -0.4744144082
279.6 189.3 1962.1 -0.5241515636 0.8267031312 -0.2045166194 -0.2933890224 0.0501593091 0.9546763301 0.7994923592 0.5603980422 0.2162545472
133.5 107.6 2184.8 -0.2945500910 0.8267031312 -0.4793768227 -0.8100398779 0.0501593091 0.5842255354 0.5070263147 0.5603980422 0.6548880935
-66.6 -118.7 1975.4 0.9874395728 -0.0163647607 0.1571473628 0.0227843542 0.9989740849 -0.0391365215 -0.1563456804 0.0422254540 0.9867994189
-60.1 -515.7 1958.6 0.9863322973 0.0497543663 0.1570768803 -0.0448014736 0.9983854294 -0.0349185355 -0.1585606188 0.0274040028 0.9869688749
72.7 -131.4 2093.6 0.0326439440 0.1702168584 0.9848657846 0.0454665609 0.9841179252 -0.1715946198 -0.9984323382 0.0503799841 0.0243863165
5.1 -522.3 2073.6 0.0627430528 -0.2318485975 0.9707263112 -0.0787621960 0.9684588909 0.2363978624 -0.9949169755 -0.0912888572 0.0425031632
287.4 170.9 1641.4 0 0 0 0 0 0 0 0 0
57.0 -102.7 2316.5 0 0 0 0 0 0 0 0 0
-79.1 -896.9 1948.1 0 0 0 0 0 0 0 0 0
93.6 -891.8 2108.4 0 0 0 0 0 0 0 0 0
249.6 368.1 1785.5 4 0.7249099016 0.4083008766 -0.5547936559 -0.0169541631 0.8157299757 0.5781843662 0.6886349916 -0.4097255170 0.5982531309
167.3 203.6 1868.2 0.7249099016 0.4083008766 -0.5547936559 -0.0169541631 0.8157299757 0.5781843662 0.6886349916 -0.4097255170 0.5982531309
89.1 40.3 1949.6 0.7287937403 0.3945415020 -0.5596398115 -0.0090277288 0.8227760196 0.5682939887 0.6846737862 -0.4091168344 0.6031958461
61.0 205.0 1768.2 0.0356118418 -0.4317966402 -0.9012677073 0.9362570047 0.3298138082 -0.1210191548 0.3495061994 -0.8395084739 0.4160179198
54.8 42.2 1707.4 -0.8151232004 -0.4317966402 0.3861681819 -0.5411766768 0.3298138082 -0.7735312581 0.2066445947 -0.8395084739 -0.5025171638
273.5 202.2 1968.2 -0.5227720737 0.8178235888 -0.2405701429 -0.3230365515 0.0711085796 0.9437112808 0.7888959050 0.5710588098 0.2270133346
127.8 112.1 2188.0 -0.2713853121 0.8178235888 -0.5074589849 -0.8274033666 0.0711085796 0.5570881963 0.4916845262 0.5710588098 0.6573721766
-60.7 -122.9 1970.8 0.9891839623 -0.0014928579 0.1466726214 0.0062598800 0.9994668365 -0.0320449099 -0.1465465724 0.0326164626 0.9886658788
-60.1 -520.0 1957.8 0.9883117676 0.0415298454 0.1466801614 -0.0355655141 0.9984394908 -0.0430543572 -0.1482393146 0.0373343714 0.9882465601
73.9 -127.6 2094.7 0.0412154198 0.1646179855 0.9854959249 0.0528994389 0.9845911264 -0.1666792184 -0.9977489114 0.0590019338 0.0318721384
8.5 -518.8 2071.2 0.0647464693 -0.1822493523 0.9811182618 -0.0713942945 0.9798157811 0.1867188960 -0.9953445196 -0.0821356401 0.0504280441
290.8 198.8 1647.6 0 0 0 0 0 0 0 0 0
57.4 -102.7 2315.7 0 0 0 0 0 0 0 0 0
-75.9 -901.4 1943.5 0 0 0 0 0 0 0 0 0
78.0 -892.4 2102.6 0 0 0 0 0 0 0 0 0
238.0 376.5 1789.1 5 0.7077041864 0.3839848042 -0.5930517912 0.0153269162 0.8308699131 0.5562555790 0.7063425779 -0.4027540684 0.5821248293
160.5 208.8 1870.5 0.7077041864 0.3839848042 -0.5930517912 0.0153269162 0.8308699131 0.5562555790 0.7063425779 -0.4027540684 0.5821248293
87.0 42.5 1950.3 0.7107531428 0.3707007170 -0.5978385806 0.0220679548 0.8377081156 0.5456721783 0.7030953169 -0.4010312855 0.5872230530
56.9 205.6 1767.8 0.0528241210 -0.4299638271 -0.9012994766 0.9312323928 0.3471070230 -0.1110085323 0.3605770171 -0.8334553242 0.4187318683
47.7 44.4 1705.4 -0.7975875139 -0.4299638271 0.4230665267 -0.5786085129 0.3471070230 -0.7380575538 0.1704886705 -0.8334553242 -0.5256289244
264.1 211.9 1973.1 -0.5291330218 0.7992573380 -0.2849664986 -0.3431155384 0.1056177989 0.9333362579 0.7760733962 0.5916355252 0.2183517516
116.6 116.3 2189.5 -0.2496945709 0.7992573380 -0.5466628671 -0.8370910883 0.1056177989 0.5367712379 0.4867556691 0.5916355252 0.6426790357
-55.8 -122.1 1968.1 0.9924566150 0.0029688058 0.1225604489 0.0005806572 0.9995816946 -0.0289150458 -0.1225950271 0.0287680943 0.9920397401
-56.9 -519.3 1956.7 0.9908538461 0.0565749072 0.1225068271 -0.0516620576 0.9977420568 -0.0429168865 -0.1246582344 0.0361954048 0.9915392995
77.6 -123.9 2093.7 0.0639057010 0.1604252160 0.9849770665 0.0483690277 0.9853366613 -0.1636219919 -0.9967830777 0.0580987595 0.0552090146
13.9 -515.4 2070.6 0.0816982239 -0.1306086779 0.9880621433 -0.0815039203 0.9871801734 0.1372312605 -0.9933189154 -0.0917424858 0.0700057521
276.8 210.6 1656.4 0 0 0 0 0 0 0 0 0
51.7 -101.1 2315.9 0 0 0 0 0 0 0 0 0
-78.6 -900.5 1942.9 0 0 0 0 0 0 0 0 0
63.7 -891.7 2105.6 0 0 0 0 0 0 0 0 0
228.4 384.3 1805.0 6 0.6571798325 0.3672063649 -0.6582356691 0.0492880717 0.8504943848 0.5236697197 0.7521206141 -0.3765883446 0.5408288836
154.3 212.5 1881.0 0.6571798325 0.3672063649 -0.6582356691 0.0492880717 0.8504943848 0.5236697197 0.7521206141 -0.3765883446 0.5408288836
83.7 43.0 1956.7 0.6607024074 0.3563719392 -0.6606598496 0.0575833842 0.8534638286 0.5179610252 0.7484360337 -0.3802611232 0.5433644652
58.2 204.3 1772.0 0.0667520836 -0.4458221197 -0.8926291466 0.9085876942 0.3968614936 -0.1302663237 0.4123257697 -0.8023363352 0.4315598309
46.9 51.2 1702.5 -0.7843781710 -0.4458221197 0.4312695861 -0.6050639153 0.3968614936 -0.6902163029 0.1365594119 -0.8023363352 -0.5810403824
250.3 220.7 1990.1 -0.5620931983 0.7522761822 -0.3437030911 -0.3672446907 0.1453375965 0.9186992645 0.7410685420 0.6426177025 0.1945761591
93.8 118.4 2196.4 -0.2410452217 0.7522761822 -0.6131702662 -0.8470308781 0.1453375965 0.5112882853 0.4737466574 0.6426177025 0.6021682024
-51.5 -125.7 1965.6 0.9982304573 0.0139358686 0.0578076839 -0.0124312500 0.9995766282 -0.0263064783 -0.0581498109 0.0255413055 0.9979810715
-57.0 -522.9 1955.4 0.9974218607 0.0427049547 0.0576711595 -0.0406761505 0.9985269904 -0.0359064564 -0.0591195934 0.0334680453 0.9976897240
78.6 -121.8 2094.5 0.1271339506 0.1457157880 0.9811238050 0.0459779389 0.9872211814 -0.1525791883 -0.9908193350 0.0645080432 0.1188096181
20.7 -514.0 2068.9 0.1425464600 -0.1025824174 0.9844579101 -0.0905018151 0.9890975356 0.1161702573 -0.9856418967 -0.1056548804 0.1317084581
271.5 224.4 1663.4 0 0 0 0 0 0 0 0 0
31.2 -101.6 2319.5 0 0 0 0 0 0 0 0 0
-73.4 -904.4 1942.7 0 0 0 0 0 0 0 0 0
59.8 -891.4 2109.2 0 0 0 0 0 0 0 0 0
218.7 389.9 1816.9 7 0.6092417836 0.3789764941 -0.6965638399 0.0520084649 0.8574204445 0.5119816661 0.7912771702 -0.3481478691 0.5026664138
144.3 221.8 1885.1 0.6092417836 0.3789764941 -0.6965638399 0.0520084649 0.8574204445 0.5119816661 0.7912771702 -0.3481478691 0.5026664138
95.2 49.1 1967.1 0.6498859525 0.2489445060 -0.7181050777 0.1642424911 0.8765100241 0.4524981976 0.7420732379 -0.4120155871 0.5287442803
50.6 198.1 1777.1 0.0017100768 -0.4721271098 -0.8815288544 0.8690209985 0.4368589222 -0.2322860360 0.4947722852 -0.7656698227 0.4110354185
50.3 62.4 1699.9 -0.7599663734 -0.4721271098 0.4467070103 -0.6418452263 0.4368589222 -0.6302292943 0.1024003923 -0.7656698227 -0.6350306273
238.1 245.5 1993.1 -0.5115726590 0.7316609621 -0.4505170286 -0.4032674432 0.2585394382 0.8777999282 0.7587283850 0.6307373047 0.1627933383
95.8 133.3 2204.2 -0.1363278031 0.7316609621 -0.6678974032 -0.8510937691 0.2585394382 0.4569428861 0.5070050955 0.6307373047 0.5874659419
-36.6 -132.8 1969.9 0.9967257380 0.0497430600 0.0637452155 -0.0473243073 0.9981215000 -0.0389089622 -0.0655609220 0.0357648656 0.9972074032
-56.4 -528.7 1955.7 0.9976009727 0.0273415484 0.0635981858 -0.0247067027 0.9988182187 -0.0418534800 -0.0646673664 0.0401817709 0.9970975518
85.3 -117.0 2105.3 0.1231007800 0.1591559052 0.9795486927 0.0698000491 0.9832229614 -0.1685247421 -0.9899364114 0.0891180709 0.1099264175
21.1 -513.8 2069.4 0.1378529668 -0.0972081348 0.9856709242 -0.0678915679 0.9919040203 0.1073179618 -0.9881231189 -0.0817128420 0.1301372945
267.3 245.7 1670.7 0 0 0 0 0 0 0 0 0
60.6 -86.5 2335.1 0 0 0 0 0 0 0 0 0
-66.8 -910.3 1940.3 0 0 0 0 0 0 0 0 0
58.2 -892.4 2100.6 0 0 0 0 0 0 0 0 0
209.1 398.8 1831.3 8 0.5387001634 0.3945586979 -0.7443960905 0.0546815656 0.8653215170 0.4982254505 0.8407211304 -0.3090988994 0.4445737600
129.6 224.4 1893.6 0.5387001634 0.3945586979 -0.7443960905 0.0546815656 0.8653215170 0.4982254505 0.8407211304 -0.3090988994 0.4445737600
92.0 48.0 1974.4 0.5946122408 0.1907767355 -0.7810509205 0.2227648944 0.8943186402 0.3880335093 0.7725360990 -0.4047201872 0.4892744422
43.8 192.4 1781.2 -0.0879674777 -0.4996944368 -0.8617233634 0.8047459126 0.4741832316 -0.3571194708 0.5870653987 -0.7248832583 0.3604143262
56.7 73.9 1694.8 -0.7258151174 -0.4996944368 0.4727556407 -0.6859501600 0.4741832316 -0.5519263148 0.0516217016 -0.7248832583 -0.6869348288
215.4 256.4 2006.0 -0.5102148056 0.6726572514 -0.5359226465 -0.4471719861 0.3248009086 0.8333916068 0.7346550822 0.6648583412 0.1350752711
73.5 132.0 2210.4 -0.0849437714 0.6726572514 -0.7350624204 -0.8586780429 0.3248009086 0.3964548111 0.5054271221 0.6648583412 0.5500062108
-7.5 -139.1 1984.2 0.9928275347 0.1186785847 0.0144515932 -0.1169786751 0.9892678261 -0.0875509530 -0.0246869195 0.0852324665 0.9960551858
-54.5 -530.4 1950.5 0.9991201758 0.0340515114 0.0244821161 -0.0339835286 0.9994173050 -0.0031875512 -0.0245763902 0.0023527578 0.9996951818
110.9 -106.5 2119.1 0.1680438817 0.2154536098 0.9619464874 0.0919293836 0.9681456089 -0.2329013646 -0.9814836979 0.1275687963 0.1428844333
24.8 -493.3 2068.1 0.1785922199 -0.0584681220 0.9821844697 -0.0552499667 0.9960619211 0.0693404227 -0.9823707342 -0.0666493177 0.1746585518
263.5 269.3 1680.0 0 0 0 0 0 0 0 0 0
51.5 -90.1 2341.2 0 0 0 0 0 0 0 0 0
-67.5 -912.0 1949.6 0 0 0 0 0 0 0 0 0
47.1 -873.4 2093.5 0 0 0 0 0 0 0 0 0
200.0 405.7 1844.0 9 0.4742340446 0.3965525925 -0.7860331535 0.0493239351 0.8794454336 0.4734373391 0.8790160418 -0.2632903457 0.3975034058
119.5 227.1 1897.5 0.4742340446 0.3965525925 -0.7860331535 0.0493239351 0.8794454336 0.4734373391 0.8790160418 -0.2632903457 0.3975034058
87.6 48.7 1977.5 0.5399526954 0.1617392004 -0.8260093927 0.2590032816 0.9018186927 0.3458906710 0.8008548021 -0.4007037282 0.4450484216
41.4 189.8 1781.0 -0.1376348138 -0.5299618244 -0.8367778063 0.7620959282 0.4829617441 -0.4312282205 0.6326661706 -0.6970570087 0.3374093771
60.8 82.2 1691.7 -0.6828558445 -0.5299618244 0.5028402805 -0.7304360867 0.4829617441 -0.4829193354 0.0130761741 -0.6970570087 -0.7168964744
197.6 264.5 2014.1 -0.5227161050 0.6169455647 -0.5883417726 -0.4728913903 0.3643857837 0.8022448421 0.7093247771 0.6975679994 0.1012779474
52.1 132.8 2211.5 -0.0632268414 0.6169455647 -0.7844619155 -0.8605433702 0.3643857837 0.3559326828 0.5054378510 0.6975679994 0.5078694820
3.2 -148.9 1986.0 0.9891476631 0.1428808868 -0.0342329554 -0.1455277205 0.9848310947 -0.0944957882 0.0202120356 0.0984521359 0.9949365258
-53.4 -539.3 1947.0 0.9991655350 0.0371856019 -0.0168953389 -0.0367750898 0.9990355372 0.0239909347 0.0177711621 -0.0233495887 0.9995694160
111.3 -107.3 2126.8 0.2174695134 0.1990415901 0.9555571675 0.1163453981 0.9667213559 -0.2278454304 -0.9691082239 0.1607241184 0.1870748550
32.0 -492.3 2062.8 0.2222741246 0.0005398960 0.9749840498 -0.0939465612 0.9953585267 0.0208664946 -0.9704474807 -0.0962344855 0.2212931663
255.2 290.1 1688.0 0 0 0 0 0 0 0 0 0
35.7 -90.2 2342.6 0 0 0 0 0 0 0 0 0
-67.6 -920.7 1955.9 0 0 0 0 0 0 0 0 0
31.8 -871.5 2099.5 0 0 0 0 0 0 0 0 0
193.0 407.6 1853.9 0 0.4702499211 0.4013007879 -0.7860170007 0.0163583048 0.8865207434 0.4623996019 0.8823816776 -0.2303012908 0.4103217125
113.8 232.6 1899.4 0.4702499211 0.4013007879 -0.7860170007 0.0163583048 0.8865207434 0.4623996019 0.8823816776 -0.2303012908 0.4103217125
86.9 53.1 1979.4 0.5463809967 0.1355896443 -0.8264884949 0.2704501748 0.9053816795 0.3273236156 0.7926692367 -0.4023673832 0.4580131173
34.4 193.3 1783.8 -0.2114534378 -0.5395722389 -0.8149535060 0.7022740841 0.4960414767 -0.5106407404 0.6797782779 -0.6802974939 0.2740379274
64.3 93.9 1687.6 -0.6530686617 -0.5395722389 0.5313785672 -0.7565500736 0.4960414767 -0.4261160195 -0.0336654298 -0.6802974939 -0.7321625352
193.2 271.9 2014.9 -0.5023019314 0.6192837954 -0.6034735441 -0.4843806922 0.3766060472 0.7896475196 0.7162877321 0.6889524460 0.1107991859
53.2 136.9 2214.5 -0.0364160314 0.6192837954 -0.7843222618 -0.8627384901 0.3766060472 0.3374168575 0.5043373108 0.6889524460 0.5205655098
8.0 -153.3 1985.0 0.9881104231 0.1527929157 -0.0170918461 -0.1537347138 0.9832555056 -0.0978482664 0.0018551303 0.0993124992 0.9950545430
-52.7 -543.5 1945.6 0.9991900921 0.0401675478 0.0024034597 -0.0402185284 0.9988121390 0.0275104195 -0.0012955787 -0.0275848005 0.9996186495
