5.9 428.7 2179.9 0 0.8021641374 0.1739597619 -0.5712011456 -0.1783160120 0.9827583432 0.0488824248 0.5698562264 0.0626425743 0.8193532825
-28.8 232.6 2167.4 0.8021641374 0.1739597619 -0.5712011456 -0.1783160120 0.9827583432 0.0488824248 0.5698562264 0.0626425743 0.8193532825
-61.8 39.9 2156.5 0.8035429716 0.1688527316 -0.5707954764 -0.1704052985 0.9840424657 0.0512097180 0.5703338981 0.0561173707 0.8194937706
-143.2 256.9 2086.2 0.2505621314 -0.0790759102 -0.9648656249 0.9589563608 0.1569340825 0.2361660004 0.1327452660 -0.9844382405 0.1151520833
-208.0 8.8 2051.9 -0.1293470711 -0.0900240093 -0.9875044227 0.9603278041 0.2367538661 -0.1473706067 0.2470623851 -0.9673899412 0.0558291376
85.6 208.3 2248.6 0.9232472777 0.1694336087 -0.3448285162 -0.3713082671 0.1628820598 -0.9141113758 -0.0987148061 0.9719884992 0.2132925242
203.1 161.1 2236.1 -0.0789587498 0.1694336087 0.9823735356 0.9853212237 0.1628820598 0.0511027984 -0.1513524950 0.9719884992 -0.1798074991
-171.2 -138.4 2096.9 0.7491527200 -0.0533307120 -0.6602469087 -0.0327918604 0.9925456047 -0.1173792258 0.6615850925 0.1095856950 0.7418194413
-150.3 -527.2 2054.0 0.7453689575 0.1629968882 -0.6464186907 -0.0569558330 0.9816738367 0.1818583906 0.6642147303 -0.0987342820 0.7409928441
-22.2 -169.5 2194.5 0.7052398920 -0.0259826872 -0.7084924579 0.0523508266 0.9985085726 0.0154919857 0.7070332766 -0.0480157323 0.7055482864
-12.1 -560.6 2213.3 0.7076984048 0.0459004454 -0.7050220966 0.0924993008 0.9832785726 0.1568667591 0.7004333138 -0.1762284040 0.6916189194
-171.6 -261.4 1982.4 0 0 0 0 0 0 0 0 0
180.8 438.6 2193.4 0 0 0 0 0 0 0 0 0
-211.7 -896.9 2091.2 0 0 0 0 0 0 0 0 0
-29.3 -930.5 2279.6 0 0 0 0 0 0 0 0 0
4.8 429.6 2183.6 1 0.8056530356 0.1700280905 -0.5674624443 -0.1790262014 0.9830157757 0.0403679572 0.5646882057 0.0690680742 0.8224091530
-29.1 233.5 2169.8 0.8056530356 0.1700280905 -0.5674624443 -0.1790262014 0.9830157757 0.0403679572 0.5646882057 0.0690680742 0.8224091530
-61.3 40.8 2157.7 0.8070722222 0.1646596789 -0.5670287609 -0.1706839502 0.9843907356 0.0429170430 0.5652446151 0.0621455610 0.8225791454
-144.1 257.9 2089.3 0.2470176816 -0.0833308697 -0.9654212594 0.9583742023 0.1682229787 0.2306943238 0.1431820840 -0.9822204709 0.1214162037
-207.9 10.1 2052.3 -0.0906769037 -0.0914289579 -0.9916745424 0.9614719152 0.2514535189 -0.1110983714 0.2595176399 -0.9635413289 0.0651053488
85.9 209.2 2250.4 0.9245296717 0.1731326729 -0.3395143747 -0.3662067652 0.1568857282 -0.9172129035 -0.1055345684 0.9723229408 0.2084478587
203.5 162.6 2236.9 -0.0841228217 0.1731326729 0.9812993407 0.9859794974 0.1568857282 0.0568443537 -0.1441102475 0.9723229408 -0.1839029491
-167.4 -137.2 2093.9 0.7522974014 -0.0478473455 -0.6570839286 -0.0300732404 0.9938257337 -0.1067990586 0.6581369638 0.1001052931 0.7462135553
-148.7 -526.5 2054.7 0.7456545234 0.1756810844 -0.6427561045 -0.0707681254 0.9800411463 0.1857720464 0.6625640988 -0.0930351242 0.7432047725
-22.3 -168.2 2197.0 0.7084832191 -0.0277412198 -0.7051821947 0.0487176999 0.9987659454 0.0096552186 0.7040441036 -0.0411954150 0.7089604139
-11.4 -559.4 2213.1 0.7112946510 0.0566470958 -0.7006076574 0.0877839774 0.9817842245 0.1685044318 0.6973907948 -0.1813584268 0.6933650970
-182.4 -260.3 1979.3 0 0 0 0 0 0 0 0 0
179.8 440.4 2196.3 0 0 0 0 0 0 0 0 0
-214.8 -895.6 2089.8 0 0 0 0 0 0 0 0 0
-32.7 -928.9 2281.4 0 0 0 0 0 0 0 0 0
4.2 429.7 2184.9 2 0.8092911839 0.1661196053 -0.5634288192 -0.1767508388 0.9835926294 0.0361201428 0.5601847172 0.0703548044 0.8253746033
-28.9 233.7 2170.9 0.8092911839 0.1661196053 -0.5634288192 -0.1767508388 0.9835926294 0.0361201428 0.5601847172 0.0703548044 0.8253746033
-60.5 40.8 2158.5 0.8105882406 0.1614382714 -0.5629248023 -0.1689561158 0.9848457575 0.0391490087 0.5607143044 0.0633758679 0.8255804181
-144.4 257.8 2091.0 0.2458078116 -0.0871025920 -0.9653971791 0.9574155807 0.1774179637 0.2277680784 0.1514396071 -0.9802734256 0.1270041019
-207.6 11.4 2052.1 -0.0739072338 -0.0935714319 -0.9928656220 0.9613100886 0.2582381666 -0.0958956480 0.2653689086 -0.9615390897 0.0708654895
86.6 209.6 2250.8 0.9253261089 0.1774580479 -0.3350824714 -0.3625693321 0.1554619521 -0.9188988209 -0.1109734178 0.9717717171 0.2081938535
204.4 163.5 2236.7 -0.0883979201 0.1774580479 0.9801502228 0.9859704971 0.1554619521 0.0607761592 -0.1415908486 0.9717717171 -0.1887109131
-166.5 -136.5 2094.4 0.7560390234 -0.0478267483 -0.6527768373 -0.0337774940 0.9931468964 -0.1118852347 0.6536543965 0.1066387743 0.7492423654
-147.8 -525.5 2052.6 0.7491028309 0.1913726181 -0.6342092752 -0.0721232817 0.9752336144 0.2090875357 0.6585158706 -0.1108868122 0.7443526983
-20.6 -167.4 2196.6 0.7120064497 -0.0216283295 -0.7018397450 0.0468914397 0.9987588525 0.0167923272 0.7006054521 -0.0448665209 0.7121369243
-12.2 -558.7 2214.1 0.7142913342 0.0439504385 -0.6984670758 0.0857479647 0.9850105047 0.1496715844 0.6945755482 -0.1668012440 0.6998158097
-186.8 -259.2 1977.4 0 0 0 0 0 0 0 0 0
179.5 441.3 2196.8 0 0 0 0 0 0 0 0 0
-219.8 -892.7 2094.4 0 0 0 0 0 0 0 0 0
-28.7 -929.5 2276.9 0 0 0 0 0 0 0 0 0
4.0 429.5 2185.6 3 0.8085119724 0.1652809829 -0.5647925735 -0.1776180714 0.9835272431 0.0335557200 0.5610349774 0.0731871650 0.8245503902
-29.0 233.5 2171.0 0.8085119724 0.1652809829 -0.5647925735 -0.1776180714 0.9835272431 0.0335557200 0.5610349774 0.0731871650 0.8245503902
-60.2 40.5 2158.5 0.8101683855 0.1596120298 -0.5640489459 -0.1675810963 0.9851232767 0.0380616300 0.5617328286 0.0636876076 0.8248636723
-144.4 257.3 2091.0 0.2457335591 -0.0862604827 -0.9654916525 0.9574688077 0.1769879758 0.2278788686 0.1512234807 -0.9804255962 0.1260836124
-207.6 11.4 2052.1 -0.0624762848 -0.0921197757 -0.9937860370 0.9611615539 0.2626448274 -0.0847713500 0.2688218653 -0.9604851007 0.0721329153
86.5 209.6 2251.1 0.9261298776 0.1758777797 -0.3336921930 -0.3608775139 0.1556764096 -0.9195283055 -0.1097765863 0.9720246196 0.2076469064
204.3 163.6 2237.1 -0.0899625197 0.1758777797 0.9802926779 0.9858263731 0.1556764096 0.0625398979 -0.1416090727 0.9720246196 -0.1873899996
-165.3 -136.7 2095.4 0.7554646730 -0.0458477251 -0.6535832882 -0.0367444865 0.9930139184 -0.1121304557 0.6541581750 0.1087261811 0.7485023141
-147.4 -525.7 2052.8 0.7493774891 0.1899487376 -0.6343129277 -0.0703183562 0.9753820896 0.2090097815 0.6583985686 -0.1120233834 0.7442862391
-18.8 -167.3 2196.8 0.7110629082 -0.0177824534 -0.7029035091 0.0462583601 0.9986974597 0.0215297118 0.7016051412 -0.0478241406 0.7109593153
-11.9 -558.5 2215.5 0.7120541334 0.0483976491 -0.7004545331 0.0641470030 0.9889650345 0.1335414648 0.6991881132 -0.1400208175 0.7010921240
-190.0 -259.2 1976.4 0 0 0 0 0 0 0 0 0
179.0 441.4 2197.2 0 0 0 0 0 0 0 0 0
-218.9 -893.0 2095.0 0 0 0 0 0 0 0 0 0
-30.1 -930.8 2268.2 0 0 0 0 0 0 0 0 0
4.6 429.8 2185.9 4 0.8043717146 0.1663517803 -0.5703623891 -0.1787676811 0.9832802415 0.0346705280 0.5665935278 0.0740743577 0.8206611276
-28.6 233.8 2171.2 0.8043717146 0.1663517803 -0.5703623891 -0.1787676811 0.9832802415 0.0346705280 0.5665935278 0.0740743577 0.8206611276
-60.4 41.0 2158.5 0.8057981133 0.1625822932 -0.5694351792 -0.1702341884 0.9845826030 0.0402175821 0.5671945810 0.0645300746 0.8210518360
-143.4 258.1 2090.3 0.2486508340 -0.0802050531 -0.9652667642 0.9572135210 0.1726602018 0.2322298139 0.1480371505 -0.9817105532 0.1197054610
-207.7 10.6 2052.1 -0.0574380755 -0.0860723183 -0.9946318269 0.9609211087 0.2654693425 -0.0784642324 0.2707978487 -0.9602695107 0.0674606636
86.3 209.5 2252.0 0.9256010056 0.1698595881 -0.3382462263 -0.3640875816 0.1553036422 -0.9183251262 -0.1034554616 0.9731538892 0.2055929750
204.1 163.2 2238.8 -0.0856025591 0.1698595881 0.9817433357 0.9860966206 0.1553036422 0.0591117702 -0.1424276084 0.9731538892 -0.1807923615
-164.7 -137.3 2095.3 0.7508515716 -0.0427906178 -0.6590833068 -0.0374251381 0.9935392141 -0.1071410552 0.6594097614 0.1051133126 0.7443990707
-148.0 -526.4 2054.1 0.7461611629 0.1781349033 -0.6414915919 -0.0648158342 0.9783995748 0.1962988377 0.6626027822 -0.1048917547 0.7415897250
-18.3 -167.6 2196.8 0.7064303160 -0.0173164587 -0.7075707316 0.0481398217 0.9985612035 0.0236243326 0.7061435580 -0.0507512726 0.7062475085
-11.5 -558.7 2216.7 0.7074362040 0.0568503104 -0.7044870853 0.0640304461 0.9875057936 0.1439876705 0.7038708329 -0.1469707191 0.6949571371
-191.5 -260.1 1975.8 0 0 0 0 0 0 0 0 0
180.0 441.0 2198.7 0 0 0 0 0 0 0 0 0
-215.1 -894.9 2093.6 0 0 0 0 0 0 0 0 0
-32.9 -930.5 2272.1 0 0 0 0 0 0 0 0 0
4.1 429.3 2186.6 5 0.7913326621 0.1653469205 -0.5886026025 -0.1767270416 0.9834994674 0.0386826955 0.5852863789 0.0734111145 0.8074965477
-28.8 233.5 2172.0 0.7913326621 0.1653469205 -0.5886026025 -0.1767270416 0.9834994674 0.0386826955 0.5852863789 0.0734111145 0.8074965477
-60.2 40.6 2159.1 0.7927271724 0.1604498327 -0.5880811810 -0.1683017910 0.9848474264 0.0418330170 0.5858823061 0.0658129379 0.8077193499
-141.8 257.4 2088.5 0.2568979859 -0.0605509318 -0.9645397663 0.9563301206 0.1598989069 0.2446734160 0.1394136548 -0.9852745533 0.0989843905
-207.9 11.3 2052.6 -0.0517731011 -0.0667119473 -0.9964281321 0.9609528184 0.2682549357 -0.0678898096 0.2718258202 -0.9610352516 0.0502186418
84.1 209.5 2255.5 0.9279341102 0.1474513561 -0.3423396349 -0.3637572825 0.1577632427 -0.9180366993 -0.0813571438 0.9764060974 0.2000304013
202.2 163.2 2245.1 -0.0828921050 0.1474513561 0.9855896831 0.9856948853 0.1577632427 0.0592984334 -0.1467461884 0.9764060974 -0.1584193856
-165.1 -136.5 2094.6 0.7356436849 -0.0497126244 -0.6755419970 -0.0361304954 0.9930037856 -0.1124193445 0.6764044166 0.1071082503 0.7287008166
-145.6 -525.5 2052.7 0.7302922010 0.1949447840 -0.6547288299 -0.0644273013 0.9738007784 0.2180851400 0.6800900102 -0.1170834675 0.7237188816
-19.4 -167.3 2197.2 0.6900936365 -0.0215614736 -0.7233988643 0.0492473468 0.9986382723 0.0172148012 0.7220425606 -0.0475052968 0.6902157068
-11.0 -558.5 2215.8 0.6914609075 0.0639477968 -0.7195780277 0.0683408901 0.9858170152 0.1532785594 0.7191740870 -0.1551627219 0.6772836447
-193.3 -259.4 1976.1 0 0 0 0 0 0 0 0 0
178.8 440.9 2203.8 0 0 0 0 0 0 0 0 0
-219.0 -892.1 2096.8 0 0 0 0 0 0 0 0 0
-35.0 -929.7 2274.2 0 0 0 0 0 0 0 0 0
3.9 430.3 2186.4 6 0.7818338871 0.1629064232 -0.6018282175 -0.1715048850 0.9842174649 0.0436121374 0.5994345546 0.0691190287 0.7974338531
-28.6 234.4 2172.7 0.7818338871 0.1629064232 -0.6018282175 -0.1715048850 0.9842174649 0.0436121374 0.5994345546 0.0691190287 0.7974338531
-59.4 41.4 2160.2 0.7830907106 0.1573560983 -0.6016709805 -0.1637751162 0.9854899049 0.0445793122 0.5999554992 0.0636290908 0.7974990606
-140.1 257.7 2087.2 0.2628097832 -0.0456504822 -0.9637671113 0.9556577206 0.1498530060 0.2535003722 0.1328509897 -0.9876538515 0.0830090716
-207.9 11.3 2052.9 -0.0460821241 -0.0516943969 -0.9975991845 0.9611434937 0.2698055506 -0.0583791249 0.2721756697 -0.9615262151 0.0372525230
83.0 211.1 2258.2 0.9299061298 0.1306747347 -0.3438004255 -0.3621979654 0.1628750563 -0.9177604914 -0.0639315918 0.9779549241 0.1987886280
201.3 165.0 2250.0 -0.0823482499 0.1306747347 0.9879994392 0.9847877026 0.1628750563 0.0605383813 -0.1530096233 0.9779549241 -0.1420993358
-163.3 -137.1 2093.3 0.7246791720 -0.0431138948 -0.6877363920 -0.0405437462 0.9936440587 -0.1050127298 0.6878926754 0.1039839461 0.7183251381
-146.4 -526.3 2052.5 0.7202335000 0.1918707341 -0.6666703224 -0.0642396137 0.9753085375 0.2112973183 0.6907510161 -0.1093567610 0.7147755623
-20.0 -167.5 2199.2 0.6779578328 -0.0220838189 -0.7347689867 0.0448397882 0.9989297390 0.0113495588 0.7337319255 -0.0406414084 0.6782224774
-11.4 -558.8 2215.1 0.6804381609 0.0571516715 -0.7305734754 0.0801376328 0.9851715565 0.1517067254 0.7284104824 -0.1617734730 0.6657683849
-194.9 -259.5 1976.3 0 0 0 0 0 0 0 0 0
178.1 442.4 2206.9 0 0 0 0 0 0 0 0 0
-218.7 -893.6 2093.7 0 0 0 0 0 0 0 0 0
-32.9 -929.8 2276.0 0 0 0 0 0 0 0 0 0
2.8 429.3 2186.9 7 0.7720660567 0.1594045162 -0.6152269244 -0.1674319059 0.9848533869 0.0450591184 0.6130909324 0.0682199970 0.7870613337
-28.9 233.0 2173.3 0.7720660567 0.1594045162 -0.6152269244 -0.1674319059 0.9848533869 0.0450591184 0.6130909324 0.0682199970 0.7870613337
-58.7 39.8 2161.1 0.7735440135 0.1521675885 -0.6152030230 -0.1580815613 0.9863905311 0.0452104807 0.6137099862 0.0622799508 0.7870713472
-139.1 255.5 2085.8 0.2698410749 -0.0298241526 -0.9624428749 0.9538534284 0.1450053155 0.2629394233 0.1317173839 -0.9889813066 0.0675762594
-207.9 12.6 2052.3 -0.0484749973 -0.0361810289 -0.9981688857 0.9618782401 0.2675966024 -0.0564122610 0.2691476345 -0.9628514647 0.0218300018
81.3 210.5 2260.7 0.9323510528 0.1134996042 -0.3432773948 -0.3585132062 0.1673371196 -0.9184043407 -0.0467954762 0.9793447256 0.1967080534
199.9 164.8 2254.8 -0.0838394314 0.1134996042 0.9899943471 0.9838117361 0.1673371196 0.0641311929 -0.1583839357 0.9793447256 -0.1256916821
-161.0 -136.8 2093.6 0.7136873603 -0.0311556570 -0.6997711658 -0.0481366366 0.9944671392 -0.0933702141 0.6988084316 0.1003217772 0.7082388997
-148.8 -526.3 2054.3 0.7112188339 0.1764804423 -0.6804575324 -0.0622604899 0.9799841046 0.1890892386 0.7002081275 -0.0921182036 0.7079709172
-19.4 -166.4 2202.0 0.6655673385 -0.0210627243 -0.7460405231 0.0394359380 0.9991977811 0.0069720699 0.7452951670 -0.0340611897 0.6658640504
-11.2 -557.8 2215.3 0.6686656475 0.0611484349 -0.7410446405 0.0802053437 0.9848664999 0.1536393315 0.7392248511 -0.1621690840 0.6536419988
-194.2 -258.4 1976.4 0 0 0 0 0 0 0 0 0
176.3 442.0 2210.1 0 0 0 0 0 0 0 0 0
-215.2 -895.3 2088.9 0 0 0 0 0 0 0 0 0
-34.2 -928.8 2276.4 0 0 0 0 0 0 0 0 0
2.0 429.3 2186.6 8 0.7672100067 0.1564747393 -0.6220164895 -0.1637791395 0.9854292870 0.0458859205 0.6201332211 0.0666691810 0.7816584706
-29.2 232.8 2173.3 0.7672100067 0.1564747393 -0.6220164895 -0.1637791395 0.9854292870 0.0458859205 0.6201332211 0.0666691810 0.7816584706
-58.4 39.4 2161.6 0.7687703371 0.1492013484 -0.6218770742 -0.1537105888 0.9870076776 0.0467853509 0.6207779050 0.0596219040 0.7817160487
-138.8 254.7 2084.8 0.2745712996 -0.0223947894 -0.9613059163 0.9530258179 0.1392896324 0.2689613700 0.1278766245 -0.9899984002 0.0595877469
-209.5 9.2 2051.9 -0.0549563318 -0.0300064422 -0.9980377555 0.9608973861 0.2700951099 -0.0610317439 0.2713964880 -0.9623659849 0.0139896749
80.3 210.8 2261.7 0.9336028695 0.1048871726 -0.3426139951 -0.3563336134 0.1715058833 -0.9184835553 -0.0375768319 0.9795837998 0.1974932104
199.1 165.5 2257.0 -0.0849665925 0.1048871726 0.9908478260 0.9829607606 0.1715058833 0.0661353469 -0.1629994661 0.9795837998 -0.1176722422
-158.5 -139.1 2093.4 0.7080137730 -0.0214232523 -0.7058736086 -0.0464909039 0.9959574342 -0.0768591538 0.7046666741 0.0872340426 0.7041555643
-150.1 -529.2 2059.3 0.7025806308 0.1779426336 -0.6889970303 -0.0785720348 0.9817090034 0.1734182835 0.7072530389 -0.0677044317 0.7037110329
-18.6 -167.7 2204.4 0.6593928337 -0.0185028296 -0.7515708804 0.0352265947 0.9993594885 0.0063030450 0.7509728670 -0.0306314640 0.6596222520
-11.4 -559.2 2216.4 0.6621573567 0.0571354814 -0.7471835017 0.0741710067 0.9871959090 0.1412193775 0.7456851006 -0.1489288062 0.6494412422
-194.0 -261.5 1975.4 0 0 0 0 0 0 0 0 0
175.2 442.4 2211.0 0 0 0 0 0 0 0 0 0
-217.1 -898.8 2084.8 0 0 0 0 0 0 0 0 0
-32.9 -930.9 2272.4 0 0 0 0 0 0 0 0 0
1.6 429.5 2186.4 9 0.7510952950 0.1536080092 -0.6420751214 -0.1564386785 0.9862672687 0.0529504903 0.6413913369 0.0606745221 0.7648109794
-29.0 233.0 2174.3 0.7510952950 0.1536080092 -0.6420751214 -0.1564386785 0.9862672687 0.0529504903 0.6413913369 0.0606745221 0.7648109794
-57.8 39.5 2163.6 0.7524145842 0.1473560333 -0.6419957280 -0.1477862149 0.9875727892 0.0534712411 0.6418968439 0.0546455756 0.7648413777
-136.2 254.0 2082.9 0.2863921523 0.0014415918 -0.9581114054 0.9506614804 0.1240433007 0.2843519151 0.1192572191 -0.9922757745 0.0341545604
-210.2 8.3 2052.1 -0.0543094575 -0.0068000928 -0.9985010028 0.9608928561 0.2715818286 -0.0541134663 0.2715426981 -0.9623913169 -0.0082153007
78.2 211.9 2265.8 0.9343514442 0.0793255940 -0.3474115729 -0.3562093675 0.1802433282 -0.9168572426 -0.0101116300 0.9804181457 0.1966671348
197.1 166.6 2264.5 -0.0808403939 0.0793255940 0.9935654402 0.9814411998 0.1802433282 0.0654634163 -0.1738906056 0.9804181457 -0.0924243480
-157.1 -140.0 2093.8 0.6897113919 -0.0133560225 -0.7239611745 -0.0526696071 0.9962558746 -0.0685573295 0.7221662402 0.0854155198 0.6864255667
-151.9 -530.2 2060.4 0.6860706210 0.1690295786 -0.7076270580 -0.0748981610 0.9838781953 0.1624006480 0.7236693501 -0.0584183522 0.6876699328
-18.2 -167.8 2206.0 0.6398357153 -0.0175942406 -0.7683103085 0.0314311273 0.9995005131 0.0032868315 0.7678686976 -0.0262518916 0.6400691271
-11.3 -559.3 2216.3 0.6444637775 0.0607995763 -0.7622137666 0.0888295025 0.9841310382 0.1536080241 0.7594575286 -0.1667018831 0.6288360357
-194.9 -262.4 1975.6 0 0 0 0 0 0 0 0 0
174.3 443.1 2215.5 0 0 0 0 0 0 0 0 0
-215.6 -900.7 2082.4 0 0 0 0 0 0 0 0 0
-34.2 -929.9 2279.1 0 0 0 0 0 0 0 0 0
2.3 427.8 2186.8 0 0.7481706142 0.1547673941 -0.6452037096 -0.1573799551 0.9860587716 0.0540336296 0.6445714235 0.0611157604 0.7620974779
-28.5 231.3 2174.7 0.7481706142 0.1547673941 -0.6452037096 -0.1573799551 0.9860587716 0.0540336296 0.6445714235 0.0611157604 0.7620974779
-57.9 38.0 2164.0 0.7493572235 0.1502070874 -0.6449043155 -0.1497023702 0.9871456027 0.0559706576 0.6450216770 0.0546016842 0.7622110844
-135.3 252.7 2082.8 0.2882888615 0.0043890262 -0.9575334191 0.9506287575 0.1186473742 0.2867538631 0.1148673967 -0.9929267764 0.0300323796
-209.3 8.5 2053.3 -0.0454287380 -0.0026875637 -0.9989639521 0.9615463614 0.2710206211 -0.0444562845 0.2708593309 -0.9625697732 -0.0097279083
78.3 210.0 2266.6 0.9332745075 0.0759439766 -0.3510430157 -0.3591118157 0.1806667149 -0.9156408906 -0.0061156242 0.9806079865 0.1958840191
197.0 164.3 2265.8 -0.0771657750 0.0759439766 0.9941216707 0.9815636277 0.1806667149 0.0623893142 -0.1748666167 0.9806079865 -0.0884851366
-154.7 -140.5 2094.9 0.6866811514 -0.0048048045 -0.7269428968 -0.0613052025 0.9960333109 -0.0644932017 0.7243691683 0.0888516456 0.6836627126
-152.8 -530.7 2060.1 0.6848052740 0.1645146757 -0.7099131346 -0.0728187859 0.9847563505 0.1579632461 0.7250787616 -0.0564790443 0.6863460541
-18.7 -167.2 2210.9 0.6368645430 -0.0186266825 -0.7707507014 0.0278363861 0.9996117949 -0.0011565930 0.7704730034 -0.0207183193 0.6371358037
-11.4 -558.8 2219.1 0.6414255500 0.0560964085 -0.7651316524 0.0875356644 0.9854585528 0.1456328481 0.7621750236 -0.1603889316 0.6271878481
-196.5 -262.4 1976.9 0 0 0 0 0 0 0 0 0
175.3 440.9 2216.5 0 0 0 0 0 0 0 0 0
-214.8 -901.5 2081.4 0 0 0 0 0 0 0 0 0
-32.6 -929.9 2279.5 0 0 0 0 0 0 0 0 0
3.3 426.5 2186.6 1 0.7485805154 0.1573056877 -0.6441134214 -0.1582822502 0.9857594967 0.0567889996 0.6438741088 0.0594405793 0.7628190517
-28.1 229.8 2174.7 0.7485805154 0.1573056877 -0.6441134214 -0.1582822502 0.9857594967 0.0567889996 0.6438741088 0.0594405793 0.7628190517
-57.8 36.4 2164.7 0.7501000166 0.1517311484 -0.6436828971 -0.1485822052 0.9871062040 0.0595374480 0.6444170475 0.0509807877 0.7629728913
-135.0 251.0 2082.9 0.2914195955 0.0059319148 -0.9565769434 0.9489299655 0.1245461404 0.2898623049 0.1208574027 -0.9921960831 0.0306662135
-210.1 6.4 2051.7 -0.0464751609 -0.0006049554 -0.9989192486 0.9638556838 0.2625964880 -0.0450028442 0.2623399198 -0.9649055600 -0.0116211250
78.8 208.6 2266.5 0.9327406287 0.0776768550 -0.3520812690 -0.3604936004 0.1839465201 -0.9144441485 -0.0062670223 0.9798622131 0.1995763928
197.5 162.7 2265.7 -0.0760379210 0.0776768550 0.9940747023 0.9810621738 0.1839465201 0.0606690235 -0.1781439930 0.9798622131 -0.0901927352
-155.1 -141.8 2095.0 0.6876803041 -0.0098484829 -0.7259468436 -0.0611290038 0.9955719113 -0.0714130625 0.7234355807 0.0934857652 0.6840331554
-151.2 -531.8 2058.4 0.6859813929 0.1776766926 -0.7055923343 -0.0706965476 0.9814149141 0.1784005165 0.7241764665 -0.0724964812 0.6857934594
-19.7 -168.9 2211.6 0.6381132007 -0.0178377889 -0.7697358727 0.0261938591 0.9996558428 -0.0014511492 0.7694968581 -0.0192363560 0.6383608580
-12.7 -560.5 2219.1 0.6429706812 0.0591272749 -0.7636050582 0.0869722515 0.9849296212 0.1494971961 0.7609366179 -0.1625347733 0.6281384826
-197.0 -265.1 1977.8 0 0 0 0 0 0 0 0 0
176.1 439.1 2215.5 0 0 0 0 0 0 0 0 0
-218.1 -901.3 2085.7 0 0 0 0 0 0 0 0 0
-34.9 -931.4 2280.3 0 0 0 0 0 0 0 0 0
4.2 426.7 2186.4 2 0.7477986813 0.1604276299 -0.6442515850 -0.1606483608 0.9852542877 0.0588735491 0.6441965699 0.0594724007 0.7625442743
-27.9 229.8 2174.5 0.7477986813 0.1604276299 -0.6442515850 -0.1606483608 0.9852542877 0.0588735491 0.6441965699 0.0594724007 0.7625442743
-58.0 36.5 2164.3 0.7493242025 0.1538654566 -0.6440796852 -0.1510767043 0.9867023826 0.0599521585 0.6447395086 0.0523818359 0.7626054883
-134.7 251.3 2082.6 0.2915569246 0.0055048415 -0.9565376639 0.9492906332 0.1213278547 0.2900462449 0.1176513135 -0.9925972223 0.0301482808
-210.6 4.1 2052.0 -0.0476707555 -0.0011641827 -0.9988624454 0.9648680687 0.2586141229 -0.0463497937 0.2583738863 -0.9659799933 -0.0112050483
78.9 208.2 2266.4 0.9319511652 0.0774074122 -0.3542247415 -0.3625325859 0.1824982762 -0.9139280915 -0.0060994034 0.9801543355 0.1981421858
197.5 162.1 2265.6 -0.0737772062 0.0774074122 0.9942660928 0.9814571738 0.1824982762 0.0586185642 -0.1769143343 0.9801543355 -0.0894362777
-155.3 -143.5 2096.5 0.6870710850 -0.0094287600 -0.7265290618 -0.0669467077 0.9948408604 -0.0762216747 0.7234994769 0.1010084301 0.6828951836
-151.6 -533.1 2056.9 0.6884327531 0.1742128879 -0.7040668726 -0.0593955256 0.9810057878 0.1846614629 0.7228640914 -0.0853085741 0.6857039928
-19.7 -170.3 2213.0 0.6375847459 -0.0201456249 -0.7701168060 0.0266020466 0.9996376038 -0.0041256915 0.7699208260 -0.0178562049 0.6378895640
-11.8 -561.9 2220.0 0.6420362592 0.0591786467 -0.7643868923 0.0832802132 0.9857336879 0.1462653279 0.7621377110 -0.1575659364 0.6279483438
-197.2 -267.7 1979.2 0 0 0 0 0 0 0 0 0
176.7 438.6 2215.8 0 0 0 0 0 0 0 0 0
-217.2 -902.6 2089.0 0 0 0 0 0 0 0 0 0
-34.1 -933.2 2279.3 0 0 0 0 0 0 0 0 0
2.8 426.8 2186.3 3 0.7822770476 0.1677176654 -0.5999278426 -0.1717815995 0.9838118553 0.0510425083 0.5987768173 0.0631271824 0.7984242439
-30.6 230.6 2173.8 0.7822770476 0.1677176654 -0.5999278426 -0.1717815995 0.9838118553 0.0510425083 0.5987768173 0.0631271824 0.7984242439
-62.5 37.7 2163.1 0.7837911844 0.1627548784 -0.5993181467 -0.1627603918 0.9851495624 0.0546750389 0.5993166566 0.0546914451 0.7986416221
-142.2 253.8 2088.5 0.2647450864 -0.0429732390 -0.9633604288 0.9540849328 0.1568271071 0.2552003562 0.1401142478 -0.9866907001 0.0825193226
-210.9 6.1 2052.1 -0.0460808501 -0.0477237143 -0.9977970719 0.9658579230 0.2527922988 -0.0566966422 0.2549411952 -0.9663428664 0.0344454460
80.9 207.5 2259.0 0.9277136922 0.1340905130 -0.3483776450 -0.3679077029 0.1704934984 -0.9140983820 -0.0631757975 0.9761924744 0.2075020820
198.7 160.7 2251.0 -0.0771444663 0.1340905130 0.9879617691 0.9838951826 0.1704934984 0.0536868013 -0.1612421572 0.9761924744 -0.1450836360
-155.9 -143.1 2095.7 0.7266207933 -0.0054040076 -0.6870174408 -0.0652903244 0.9949003458 -0.0768797919 0.6839293838 0.1007180512 0.7225624323
-153.8 -532.8 2056.3 0.7286043763 0.1513004601 -0.6680148244 -0.0527674258 0.9847977757 0.1654959917 0.6828991771 -0.0853316784 0.7255117297
-20.4 -170.4 2212.3 0.6803202629 -0.0211933218 -0.7326084375 0.0216877889 0.9997262359 -0.0087807830 0.7325939536 -0.0099149132 0.6805936694
-12.1 -562.0 2216.2 0.6871945858 0.0473934636 -0.7249258161 0.1086879447 0.9799315929 0.1670958847 0.7182969451 -0.1936180890 0.6682525873
-197.9 -266.0 1980.3 0 0 0 0 0 0 0 0 0
177.0 437.9 2205.6 0 0 0 0 0 0 0 0 0
-210.8 -903.6 2088.4 0 0 0 0 0 0 0 0 0
-30.0 -930.8 2289.1 0 0 0 0 0 0 0 0 0
0.1 426.4 2186.3 4 0.7713831067 0.1707756966 -0.6130283475 -0.1734524816 0.9832682014 0.0556581169 0.6122763157 0.0633975565 0.7880979776
-33.9 230.6 2173.7 0.7713831067 0.1707756966 -0.6130283475 -0.1734524816 0.9832682014 0.0556581169 0.6122763157 0.0633975565 0.7880979776
-67.0 37.8 2162.8 0.7724905014 0.1687288284 -0.6122000813 -0.1670352370 0.9840955734 0.0604575984 0.6126643419 0.0555560663 0.7883881927
-143.9 254.3 2086.5 0.2606601715 -0.0269536674 -0.9650542736 0.9556142092 0.1493887156 0.2539380193 0.1373236626 -0.9884111285 0.0646969974
-210.7 9.3 2051.2 -0.0443554670 -0.0316947401 -0.9985129237 0.9668082595 0.2503826320 -0.0508947298 0.2516233921 -0.9676280022 0.0195368975
76.1 206.8 2260.9 0.9260714054 0.1189284772 -0.3581170440 -0.3744156659 0.1715098172 -0.9112613797 -0.0469543375 0.9779776931 0.2033590227
193.8 159.2 2255.0 -0.0677282736 0.1189284772 0.9905901551 0.9840753078 0.1715098172 0.0466916785 -0.1643429697 0.9779776931 -0.1286506504
-165.1 -140.6 2098.4 0.7142995000 -0.0298125073 -0.6992048621 -0.0491538830 0.9944877625 -0.0926177278 0.6981118321 0.1005254313 0.7088966966
-153.5 -530.0 2059.0 0.7111510038 0.1554049104 -0.6856483221 -0.0701715276 0.9860831499 0.1507181078 0.6995285749 -0.0590703413 0.7121590376
-23.7 -170.0 2206.5 0.6676324010 -0.0300361253 -0.7438849807 0.0396802574 0.9992012382 -0.0047323303 0.7434328794 -0.0263580885 0.6682909131
-11.9 -561.3 2216.8 0.6725775599 0.0494070947 -0.7383755445 0.1069200039 0.9808119535 0.1630214751 0.7322619557 -0.1885916889 0.6543895006
-198.2 -263.1 1980.4 0 0 0 0 0 0 0 0 0
174.7 436.4 2208.7 0 0 0 0 0 0 0 0 0
-212.0 -901.2 2081.2 0 0 0 0 0 0 0 0 0
-30.5 -930.6 2287.9 0 0 0 0 0 0 0 0 0
0.5 425.7 2186.3 5 0.7509477139 0.1691188961 -0.6383387446 -0.1659375578 0.9839601517 0.0654759258 0.6391730905 0.0567553751 0.7669658065
-33.1 230.2 2175.0 0.7509477139 0.1691188961 -0.6383387446 -0.1659375578 0.9839601517 0.0654759258 0.6391730905 0.0567553751 0.7669658065
-65.7 37.4 2165.0 0.7518996000 0.1662693024 -0.6379667521 -0.1603502035 0.9847385287 0.0676595494 0.6394801140 0.0514249094 0.7670857906
-140.2 253.1 2084.0 0.2780017853 0.0029498485 -0.9605760574 0.9523284435 0.1299494207 0.2760139108 0.1256404966 -0.9915162325 0.0333169475
-211.2 9.8 2051.9 -0.0448443815 -0.0026878258 -0.9989903569 0.9664659500 0.2529859543 -0.0440650396 0.2528489828 -0.9674662352 -0.0087473067
73.9 207.4 2266.1 0.9273335934 0.0864038616 -0.3641246855 -0.3740230203 0.1811780185 -0.9095500708 -0.0126172481 0.9796473384 0.2003294975
191.8 159.9 2264.5 -0.0627184734 0.0864038616 0.9942840338 0.9823635221 0.1811780185 0.0462220609 -0.1761486530 0.9796473384 -0.0962432101
-169.8 -139.8 2096.6 0.6907084584 -0.0450574197 -0.7217282057 -0.0380720124 0.9944068789 -0.0985164046 0.7221304178 0.0955237597 0.6851298213
-152.1 -529.3 2059.2 0.6853461266 0.1661654711 -0.7090061307 -0.0723354742 0.9843373895 0.1607715786 0.7246159315 -0.0588978864 0.6866314411
-30.3 -170.0 2207.3 0.6426681280 -0.0469009615 -0.7647078037 0.0474248454 0.9986457229 -0.0213924963 0.7646754980 -0.0225178730 0.6440219879
-11.9 -561.1 2216.1 0.6470026970 0.0498945676 -0.7608535290 0.1084585041 0.9816880822 0.1566054970 0.7547345757 -0.1838452071 0.6297433376
-198.6 -262.5 1980.6 0 0 0 0 0 0 0 0 0
174.1 436.6 2214.8 0 0 0 0 0 0 0 0 0
-214.7 -899.9 2081.4 0 0 0 0 0 0 0 0 0
-30.7 -930.8 2285.3 0 0 0 0 0 0 0 0 0
0.5 424.5 2186.8 6 0.7465551496 0.1691171527 -0.6434708834 -0.1640287489 0.9840860367 0.0683314800 0.6447867751 0.0545345023 0.7624146342
-33.0 229.2 2176.0 0.7465551496 0.1691171527 -0.6434708834 -0.1640287489 0.9840860367 0.0683314800 0.6447867751 0.0545345023 0.7624146342
-65.6 36.3 2166.2 0.7474679947 0.1659945995 -0.6432242393 -0.1586655825 0.9848634005 0.0697805882 0.6450712085 0.0498988032 0.7624914646
-139.5 251.8 2084.1 0.2804273069 0.0090223057 -0.9598328471 0.9520682693 0.1246614531 0.2793305814 0.1221743599 -0.9921582937 0.0263686236
-211.4 7.7 2052.7 -0.0462335087 0.0028733073 -0.9989265203 0.9656957984 0.2559282184 -0.0439593308 0.2555271685 -0.9666914940 -0.0146071995
73.4 206.6 2267.9 0.9273946285 0.0797014460 -0.3654953837 -0.3740479350 0.1839080900 -0.9089917541 -0.0052303905 0.9797068238 0.2003675401
191.4 159.0 2267.2 -0.0615680479 0.0797014460 0.9949156046 0.9818651676 0.1839080900 0.0460278057 -0.1793045551 0.9797068238 -0.0895789340
-166.2 -141.0 2097.2 0.6861549616 -0.0370117985 -0.7265132070 -0.0466311239 0.9944130778 -0.0947005376 0.7259593010 0.0988573804 0.6805955768
-151.7 -530.5 2058.4 0.6814835072 0.1809539944 -0.7091092467 -0.0733504593 0.9809586406 0.1798330098 0.7281482816 -0.0705397427 0.6817801595
-30.4 -170.0 2212.7 0.6375281215 -0.0465239361 -0.7690210938 0.0466056950 0.9986758828 -0.0217807963 0.7690161467 -0.0219548941 0.6388522387
-12.2 -561.1 2221.3 0.6401444077 0.0438314117 -0.7670032382 0.0910507813 0.9870061874 0.1323951781 0.7628400326 -0.1545882821 0.6278356314
-198.4 -264.4 1980.8 0 0 0 0 0 0 0 0 0
174.1 435.7 2216.7 0 0 0 0 0 0 0 0 0
-219.8 -899.8 2085.0 0 0 0 0 0 0 0 0 0
-28.7 -932.7 2279.4 0 0 0 0 0 0 0 0 0
-1.4 424.6 2187.0 7 0.7496436834 0.1615297198 -0.6418274641 -0.1572583616 0.9854595661 0.0643370152 0.6428873539 0.0527029037 0.7641454339
-33.4 229.1 2176.6 0.7496436834 0.1615297198 -0.6418274641 -0.1572583616 0.9854595661 0.0643370152 0.6428873539 0.0527029037 0.7641454339
-64.5 36.0 2167.3 0.7505754232 0.1585616916 -0.6414785981 -0.1515192837 0.9862157702 0.0664860681 0.6431784034 0.0472935699 0.7642544508
-140.4 250.7 2084.9 0.2771044374 0.0068996334 -0.9608150125 0.9525960684 0.1287368834 0.2756584883 0.1255942732 -0.9916548133 0.0291009955
-211.4 6.6 2052.7 -0.0462204292 0.0008543960 -0.9989308715 0.9652933478 0.2573587894 -0.0444439016 0.2570456862 -0.9663155675 -0.0127199767
73.5 207.5 2268.2 0.9302378893 0.0812181160 -0.3578563035 -0.3668861687 0.1866748631 -0.9113435149 -0.0072148223 0.9790588021 0.2034498304
191.9 160.9 2267.3 -0.0697355941 0.0812181160 0.9942537546 0.9809609652 0.1866748631 0.0535542518 -0.1812526137 0.9790588021 -0.0926896855
-165.6 -142.2 2098.2 0.6889678836 -0.0260169767 -0.7243247628 -0.0489816405 0.9953995347 -0.0823443681 0.7231348753 0.0922112465 0.6845239401
-155.4 -532.1 2062.0 0.6847195625 0.1672928333 -0.7093462944 -0.0754607320 0.9843409061 0.1593068540 0.7248895168 -0.0555527359 0.6866215467
-30.5 -170.9 2214.7 0.6398726702 -0.0480486155 -0.7669773698 0.0444875024 0.9986857176 -0.0254494231 0.7671921849 -0.0178365186 0.6411692500
-11.7 -562.1 2221.7 0.6423572898 0.0550818704 -0.7644233704 0.0811441541 0.9869198799 0.1393009871 0.7620975971 -0.1515094936 0.6294856071
-198.4 -265.4 1980.3 0 0 0 0 0 0 0 0 0
172.2 437.2 2216.2 0 0 0 0 0 0 0 0 0
-218.4 -902.7 2083.0 0 0 0 0 0 0 0 0 0
-32.5 -933.7 2278.8 0 0 0 0 0 0 0 0 0
-1.2 425.0 2186.7 8 0.7696337104 0.1622360796 -0.6175300479 -0.1603671759 0.9852933288 0.0589868277 0.6180180311 0.0536332987 0.7843323350
-33.4 229.5 2176.0 0.7696337104 0.1622360796 -0.6175300479 -0.1603671759 0.9852933288 0.0589868277 0.6180180311 0.0536332987 0.7843323350
-64.5 36.3 2166.7 0.7706617713 0.1588836759 -0.6171194315 -0.1540558487 0.9861458540 0.0615075976 0.6183423400 0.0476693064 0.7844618559
-143.1 251.4 2087.9 0.2639391124 -0.0203531645 -0.9643245935 0.9545822740 0.1487970501 0.2581320703 0.1382348537 -0.9886582494 0.0587021299
-211.3 4.9 2052.2 -0.0472424924 -0.0258353502 -0.9985492826 0.9644560218 0.2590098977 -0.0523308329 0.2599861324 -0.9655290842 0.0126807867
76.4 207.5 2264.1 0.9299219251 0.1118520349 -0.3503345549 -0.3657287061 0.1813610643 -0.9128804207 -0.0385704897 0.9770349264 0.2095591426
194.7 161.0 2259.2 -0.0764291137 0.1118520349 0.9907813668 0.9818623662 0.1813610643 0.0552667528 -0.1735074669 0.9770349264 -0.1236845776
-163.4 -143.5 2099.9 0.7114206553 -0.0197037235 -0.7024901509 -0.0486983471 0.9958218336 -0.0772486404 0.7010771036 0.0891663879 0.7074887156
-155.6 -533.5 2065.0 0.7026889324 0.1840370148 -0.6872835159 -0.1006513387 0.9819659591 0.1600380391 0.7043419480 -0.0432809554 0.7085402012
-27.7 -170.9 2216.2 0.6635848880 -0.0419004187 -0.7469266653 0.0438621864 0.9988918304 -0.0170668699 0.7468140125 -0.0214365199 0.6646873355
-11.3 -562.1 2224.6 0.6638204455 0.0672594383 -0.7448614240 0.0472723655 0.9901829958 0.1315405816 0.7463964820 -0.1225306913 0.6541242003
-198.0 -266.8 1979.0 0 0 0 0 0 0 0 0 0
173.1 437.6 2210.3 0 0 0 0 0 0 0 0 0
-224.9 -903.3 2081.3 0 0 0 0 0 0 0 0 0
-36.6 -934.9 2270.7 0 0 0 0 0 0 0 0 0
-4.9 425.5 2186.5 9 0.7606595755 0.1509279311 -0.6313618422 -0.1529091597 0.9868873358 0.0516930893 0.6308849454 0.0572201647 0.7737635970
-35.0 229.0 2175.1 0.7606595755 0.1509279311 -0.6313618422 -0.1529091597 0.9868873358 0.0516930893 0.6308849454 0.0572201647 0.7737635970
-64.7 35.7 2165.4 0.7613105178 0.1515795887 -0.6304204464 -0.1486613452 0.9871953726 0.0578363612 0.6311149597 0.0496877208 0.7740962505
-143.4 250.2 2085.2 0.2621760666 -0.0076038176 -0.9649900794 0.9560115337 0.1383615434 0.2586464584 0.1315508187 -0.9903525710 0.0435444228
-210.9 4.1 2051.3 -0.0465766229 -0.0132908132 -0.9988263249 0.9654362202 0.2561008930 -0.0484273881 0.2564439476 -0.9665586948 0.0009031178
73.5 207.8 2265.0 0.9328280687 0.0944600105 -0.3477199078 -0.3595926762 0.1826881021 -0.9150509238 -0.0229114238 0.9786226749 0.2043837160
192.1 162.1 2262.1 -0.0800643414 0.0944600105 0.9923039079 0.9812279344 0.1826881021 0.0617801212 -0.1754463613 0.9786226749 -0.1073136032
-165.2 -142.9 2101.5 0.7001558542 -0.0245931726 -0.7135663629 -0.0490123071 0.9953936338 -0.0823975876 0.7123057842 0.0926646888 0.6957253218
-155.6 -532.8 2065.2 0.6923144460 0.1788202971 -0.6990879774 -0.0966915414 0.9830601811 0.1557030827 0.7150884271 -0.0401995964 0.6978771687
-26.0 -170.7 2213.2 0.6512158513 -0.0346372500 -0.7581017017 0.0390604883 0.9991636276 -0.0120979436 0.7578867078 -0.0217334516 0.6520240903
-12.4 -562.1 2221.7 0.6548988819 0.0468247607 -0.7542644739 0.0947678760 0.9851112962 0.1434390396 0.7497509718 -0.1654181033 0.6407107711
-197.8 -267.9 1979.0 0 0 0 0 0 0 0 0 0
169.6 438.5 2212.6 0 0 0 0 0 0 0 0 0
-223.0 -903.0 2080.3 0 0 0 0 0 0 0 0 0
-30.0 -932.6 2283.9 0 0 0 0 0 0 0 0 0
-6.8 425.4 2186.4 0 0.7561316490 0.1533639878 -0.6361953020 -0.1513455361 0.9867779016 0.0579995401 0.6366784573 0.0524300300 0.7693449259
-37.3 229.1 2175.9 0.7561316490 0.1533639878 -0.6361953020 -0.1513455361 0.9867779016 0.0579995401 0.6366784573 0.0524300300 0.7693449259
-67.1 35.8 2166.7 0.7568340898 0.1519065052 -0.6357094646 -0.1468029767 0.9872743487 0.0611409731 0.6369073987 0.0470504649 0.7695032358
-145.1 250.1 2085.2 0.2563447356 -0.0002553447 -0.9665853977 0.9575859904 0.1362080425 0.2539220750 0.1315918714 -0.9906802177 0.0351607315
-211.3 2.8 2051.2 -0.0472522676 -0.0058679497 -0.9988657236 0.9665910006 0.2519395053 -0.0472055264 0.2519307435 -0.9677252173 -0.0062328060
70.5 208.2 2266.7 0.9327375889 0.0878271088 -0.3496955633 -0.3602381647 0.1862927079 -0.9140697718 -0.0151343709 0.9785608649 0.2054008991
189.2 162.4 2264.8 -0.0782161728 0.0878271088 0.9930602312 0.9806137085 0.1862927079 0.0607599616 -0.1796635091 0.9785608649 -0.1006955728
-163.2 -144.2 2098.6 0.6952688098 -0.0225397479 -0.7183963060 -0.0502092242 0.9955433011 -0.0798280910 0.7169939280 0.0915720984 0.6910385489
-154.3 -534.2 2062.7 0.6888196468 0.1875228286 -0.7002590299 -0.0864340886 0.9803181291 0.1774979383 0.7197615504 -0.0617378093 0.6914707422
-25.6 -171.1 2212.7 0.6459256411 -0.0362430699 -0.7625395060 0.0434425622 0.9989988208 -0.0106828827 0.7621632218 -0.0262263212 0.6468534470
-11.4 -562.4 2222.9 0.6488474011 0.0649896264 -0.7581381202 0.0807429850 0.9848402143 0.1535264701 0.7566224933 -0.1608295888 0.6337635517
-198.0 -269.5 1980.2 0 0 0 0 0 0 0 0 0
167.2 438.7 2214.2 0 0 0 0 0 0 0 0 0
-224.9 -903.3 2086.0 0 0 0 0 0 0 0 0 0
-35.8 -933.0 2283.5 0 0 0 0 0 0 0 0 0
-7.8 425.8 2186.3 1 0.7442857623 0.1499148756 -0.6508181691 -0.1465603411 0.9873903990 0.0598350503 0.6515817642 0.0508497581 0.7568721771
-37.7 229.5 2176.2 0.7442857623 0.1499148756 -0.6508181691 -0.1465603411 0.9873903990 0.0598350503 0.6515817642 0.0508497581 0.7568721771
-66.7 36.0 2167.3 0.7449444532 0.1484975070 -0.6503892541 -0.1422000080 0.9878517985 0.0626738667 0.6517951488 0.0457968079 0.7570110559
-143.8 249.7 2083.3 0.2596227229 0.0161306635 -0.9655753970 0.9577085972 0.1241441146 0.2595814168 0.1240577251 -0.9921330810 0.0167821571
-211.2 1.2 2051.2 -0.0479084179 0.0097915800 -0.9988037348 0.9656786323 0.2560185194 -0.0438097194 0.2552832961 -0.9666222930 -0.0217209626
68.5 209.2 2269.1 0.9337590337 0.0687211007 -0.3512428403 -0.3578787148 0.1905690581 -0.9141150117 0.0041170283 0.9792654514 0.2025393844
187.3 163.7 2269.6 -0.0772294253 0.0687211007 0.9946421385 0.9796566367 0.1905690581 0.0628992096 -0.1852255166 0.9792654514 -0.0820406154
-165.2 -144.3 2100.0 0.6818604469 -0.0243253224 -0.7310776711 -0.0546709634 0.9949567914 -0.0840958655 0.7294363379 0.0973103642 0.6770917773
-155.7 -534.1 2061.8 0.6798443198 0.1653750986 -0.7144668102 -0.0669913441 0.9841732979 0.1640581191 0.7302902937 -0.0636708885 0.6801633239
-28.4 -170.9 2215.1 0.6313698292 -0.0441769660 -0.7742225528 0.0440117382 0.9988081455 -0.0211006887 0.7742319703 -0.0207525436 0.6325616241
-11.1 -562.1 2223.2 0.6331635714 0.0720916614 -0.7706534266 0.0663649067 0.9869301915 0.1468484700 0.7711676955 -0.1441234350 0.6201038957
-197.7 -270.8 1979.2 0 0 0 0 0 0 0 0 0
165.5 439.7 2217.4 0 0 0 0 0 0 0 0 0
-217.9 -904.6 2085.8 0 0 0 0 0 0 0 0 0
-38.2 -933.6 2277.5 0 0 0 0 0 0 0 0 0
-8.2 427.1 2186.3 2 0.7585338354 0.1497872174 -0.6341846585 -0.1488087028 0.9873237014 0.0552079417 0.6344149709 0.0524951071 0.7712080479
-38.0 230.5 2175.8 0.7585338354 0.1497872174 -0.6341846585 -0.1488087028 0.9873237014 0.0552079417 0.6344149709 0.0524951071 0.7712080479
-67.2 37.0 2166.7 0.7591536641 0.1490796357 -0.6336094737 -0.1447125077 0.9877126217 0.0590092205 0.6346211433 0.0468941443 0.7713993788
-146.2 251.1 2085.4 0.2494762540 -0.0020344832 -0.9683787823 0.9585822225 0.1424158216 0.2466532439 0.1374106556 -0.9898048043 0.0374795832
-211.1 1.7 2049.7 -0.0475200042 -0.0072570802 -0.9988439083 0.9672384262 0.2493236959 -0.0478278287 0.2493825555 -0.9683930278 -0.0048285360
70.1 209.8 2266.3 0.9337587953 0.0901634768 -0.3463597894 -0.3574495018 0.1862348169 -0.9151756167 -0.0180111602 0.9783594012 0.2061272860
188.9 164.4 2264.0 -0.0816471055 0.0901634768 0.9925745726 0.9804360867 0.1862348169 0.0637314171 -0.1791056991 0.9783594012 -0.1036050543
-163.1 -144.6 2099.4 0.6977147460 -0.0191521849 -0.7161196470 -0.0555042177 0.9951923490 -0.0806935281 0.7142222524 0.0960487276 0.6932973862
-155.6 -534.5 2061.8 0.6940016150 0.1728987396 -0.6989046931 -0.0776335597 0.9830477834 0.1661026329 0.7157756090 -0.0610170364 0.6956595182
-28.5 -170.3 2217.2 0.6482285857 -0.0400892980 -0.7603897452 0.0408313088 0.9990063906 -0.0178611632 0.7603502274 -0.0194695927 0.6492214203
-12.8 -561.7 2224.8 0.6499705315 0.0642711669 -0.7572367787 0.0647158623 0.9881169200 0.1394158751 0.7571989298 -0.1396214366 0.6380875111
-197.7 -270.8 1979.4 0 0 0 0 0 0 0 0 0
165.9 440.6 2213.5 0 0 0 0 0 0 0 0 0
-220.8 -904.7 2084.7 0 0 0 0 0 0 0 0 0
-37.0 -933.7 2277.4 0 0 0 0 0 0 0 0 0
-7.3 430.4 2192.8 3 0.7661225200 0.1468698978 -0.6256880760 -0.1615741998 0.9862858653 0.0336750522 0.6220531464 0.0752958283 0.7793461680
-36.6 233.6 2177.8 0.7661225200 0.1468698978 -0.6256880760 -0.1615741998 0.9862858653 0.0336750522 0.6220531464 0.0752958283 0.7793461680
-65.5 40.3 2164.9 0.7669852972 0.1470292062 -0.6245926023 -0.1557813734 0.9869390726 0.0410296991 0.6224674582 0.0658307225 0.7798721790
-145.9 255.8 2089.1 0.2447522730 -0.0153510608 -0.9694641232 0.9579437971 0.1583078951 0.2393371165 0.1497997344 -0.9872704744 0.0534516722
-210.8 2.0 2049.4 -0.0466416255 -0.0197549481 -0.9987163544 0.9672219753 0.2489421070 -0.0500949472 0.2496121675 -0.9683168530 0.0074963542
72.7 211.4 2266.4 0.9344788790 0.1011813283 -0.3413379788 -0.3541457951 0.1659712195 -0.9203446507 -0.0364694186 0.9809260368 0.1909295321
191.5 166.4 2261.8 -0.0862870067 0.1011813283 0.9911190271 0.9837346077 0.1659712195 0.0687004551 -0.1575460285 0.9809260368 -0.1138567328
-165.0 -143.4 2100.1 0.7059258819 -0.0249520876 -0.7078460455 -0.0539453588 0.9945823550 -0.0888587758 0.7062283754 0.1009127200 0.7007554173
