133.3 462.3 2011.1 08 0.4941983819 0.1253570765 -0.8602636456 -0.1932715476 0.9806276560 0.0318671279 0.8475931287 0.1505158097 0.5088525414
108.1 265.5 1980.9 0.4941983819 0.1253570765 -0.8602636456 -0.1932715476 0.9806276560 0.0318671279 0.8475931287 0.1505158097 0.5088525414
86.3 69.8 1954.3 0.4968762994 0.1095046252 -0.8608848453 -0.1708600223 0.9849343300 0.0266685747 0.8508353829 0.1338398159 0.5081005096
35.6 290.4 1856.7 0.3710900545 -0.1906060874 -0.9088242054 0.8872291446 0.3616415262 0.2864259481 0.2740740478 -0.9126251936 0.3033128679
-50.1 85.6 1793.5 -0.9725643992 -0.1906060874 0.1333709657 -0.1958738416 0.3616415262 -0.9115090966 0.1255066991 -0.9126251936 -0.3890544176
180.6 240.5 2105.1 -0.5107484460 0.5686931610 -0.6447667480 -0.7947174907 -0.0262101721 0.6064133644 0.3279636800 0.8221320510 0.4653371871
38.2 18.9 2196.6 -0.0171949882 0.5686931610 -0.8223699927 -0.9996526241 -0.0262101721 0.0027766947 -0.0199753717 0.8221320510 0.5689462423
17.1 -111.0 1853.4 0.8606187701 0.0791012421 0.5030689240 -0.1417467594 0.9860326052 0.0874502808 -0.4891249239 -0.1465697438 0.8598105311
-14.3 -502.8 1911.7 0.8552970290 0.1663174629 0.4907194078 -0.1764729172 0.9839644432 -0.0259083062 -0.4871594608 -0.0644393861 0.8709324002
112.3 -142.0 2007.3 -0.4041956663 0.1897369623 0.8947769403 -0.0550495982 0.9714288116 -0.2308583856 -0.9130144715 -0.1425690651 -0.3822023571
36.9 -527.8 2064.0 -0.4041957259 -0.0001572263 0.9146724939 -0.0547463559 0.9982113242 -0.0240209438 -0.9130326509 -0.0597841479 -0.4034813643
229.8 142.0 1757.3 0 0 0 0 0 0 0 0 0
33.7 -240.9 2191.4 0 0 0 0 0 0 0 0 0
-77.8 -878.7 1936.3 0 0 0 0 0 0 0 0 0
36.9 -908.7 2086.8 0 0 0 0 0 0 0 0 0
132.8 461.3 2011.0 09 0.4728284180 0.1280078143 -0.8718069196 -0.1948060244 0.9800955057 0.0382539481 0.8593508601 0.1517456919 0.4883537292
107.0 264.5 1980.5 0.4728284180 0.1280078143 -0.8718069196 -0.1948060244 0.9800955057 0.0382539481 0.8593508601 0.1517456919 0.4883537292
84.2 68.9 1954.2 0.4757197499 0.1147707030 -0.8720770478 -0.1714086086 0.9845395684 0.0360677317 0.8627339005 0.1323233843 0.4880376160
37.6 289.5 1854.5 0.3740556538 -0.1793709993 -0.9098947048 0.8855374455 0.3605469763 0.2929664254 0.2755101025 -0.9153316021 0.2937043607
-48.7 85.2 1791.0 -0.9773193598 -0.1793709993 0.1125740260 -0.1717740893 0.3605469763 -0.9167876244 0.1238568872 -0.9153316021 -0.3831808269
176.5 239.5 2106.4 -0.5249385238 0.5494133830 -0.6500650048 -0.7889633775 -0.0275433678 0.6138225794 0.3193373382 0.8350965977 0.4479256272
30.1 19.5 2195.5 -0.0252351128 0.5494133830 -0.8351694942 -0.9995476007 -0.0275433678 0.0120825786 -0.0163650513 0.8350965977 0.5498598814
19.0 -110.3 1849.8 0.8701733351 0.0829460248 0.4857141972 -0.1535830945 0.9822813272 0.1074038744 -0.4681992829 -0.1680574864 0.8674941659
-13.9 -500.6 1916.5 0.8684169650 0.1693183929 0.4660292864 -0.1640983075 0.9850667119 -0.0521086678 -0.4678928852 -0.0312225670 0.8832334876
110.4 -141.6 2005.7 -0.3830315769 0.1851710826 0.9049853683 -0.0528835878 0.9736995101 -0.2216136009 -0.9222202301 -0.1327438802 -0.3631651402
36.8 -528.5 2058.5 -0.3835710883 0.0034705212 0.9235048294 -0.0974717289 0.9942554235 -0.0442205817 -0.9183531404 -0.1069773510 -0.3810293376
232.8 134.7 1755.3 0 0 0 0 0 0 0 0 0
23.5 -240.3 2191.2 0 0 0 0 0 0 0 0 0
-78.6 -876.7 1928.5 0 0 0 0 0 0 0 0 0
35.5 -907.8 2099.3 0 0 0 0 0 0 0 0 0
132.7 460.8 2010.9 10 0.4662208855 0.1353748292 -0.8742492199 -0.2002384663 0.9787238240 0.0447689369 0.8617091179 0.1541861147 0.4834087193
105.5 264.3 1979.9 0.4662208855 0.1353748292 -0.8742492199 -0.2002384663 0.9787238240 0.0447689369 0.8617091179 0.1541861147 0.4834087193
81.7 68.8 1953.4 0.4695707560 0.1198557839 -0.8747215867 -0.1744805723 0.9838009477 0.0411368199 0.8654824495 0.1333052665 0.4828766584
36.9 289.7 1853.5 0.3651930094 -0.1533111632 -0.9182209969 0.8865555525 0.3581754267 0.2927961946 0.2839952707 -0.9209810495 0.2667220235
-47.9 83.9 1787.6 -0.9855538011 -0.1533111632 0.0719676837 -0.1232979223 0.3581754267 -0.9254771471 0.1161089242 -0.9209810495 -0.3719041049
174.1 238.8 2106.3 -0.5315815806 0.5442982912 -0.6489687562 -0.7858156562 -0.0309895352 0.6176839471 0.3160930574 0.8383191824 0.4441915452
25.8 19.6 2194.5 -0.0310588330 0.5442982912 -0.8383166194 -0.9993767142 -0.0309895352 0.0169052184 -0.0167775620 0.8383191824 0.5449215174
17.8 -111.0 1848.8 0.8728111386 0.0832907185 0.4808984995 -0.1494276971 0.9836166501 0.1008446068 -0.4646203518 -0.1598778516 0.8709574938
-15.3 -501.9 1912.3 0.8680797815 0.1679500043 0.4671512246 -0.1795982271 0.9835394621 -0.0198647827 -0.4627979398 -0.0666553155 0.8839542866
105.2 -142.5 2007.0 -0.3790884018 0.1778630316 0.9081061482 -0.0567567870 0.9750371575 -0.2146653384 -0.9236182570 -0.1329183280 -0.3595303297
34.5 -529.9 2059.8 -0.3792271614 -0.0041832910 0.9252941608 -0.0968573615 0.9946756363 -0.0351995379 -0.9202203155 -0.1029701680 -0.3776132166
236.7 119.5 1754.0 0 0 0 0 0 0 0 0 0
17.7 -240.1 2190.1 0 0 0 0 0 0 0 0 0
-79.4 -877.4 1937.8 0 0 0 0 0 0 0 0 0
36.1 -909.7 2099.1 0 0 0 0 0 0 0 0 0
131.9 459.4 2010.3 11 0.4689269066 0.1316323280 -0.8733730316 -0.1977354288 0.9793789983 0.0414421707 0.8608183861 0.1532634497 0.4852855504
105.5 263.2 1979.6 0.4689269066 0.1316323280 -0.8733730316 -0.1977354288 0.9793789983 0.0414421707 0.8608183861 0.1532634497 0.4852855504
82.7 67.7 1952.9 0.4719900787 0.1151050851 -0.8740572929 -0.1733582467 0.9842007756 0.0359966643 0.8643912673 0.1345349699 0.4844874144
36.6 288.6 1853.4 0.3578993380 -0.1415496171 -0.9229689837 0.8856570721 0.3646214008 0.2875113487 0.2958371043 -0.9203341603 0.2558621764
-46.6 82.6 1784.6 -0.9886567593 -0.1415496171 0.0502148420 -0.0992291942 0.3646214008 -0.9258535504 0.1127448156 -0.9203341603 -0.3745312393
174.5 237.9 2105.9 -0.5270608068 0.5459465981 -0.6512674093 -0.7889130712 -0.0294109490 0.6138005853 0.3159479499 0.8373035789 0.4462057650
27.4 17.8 2194.0 -0.0260044187 0.5459465981 -0.8374162912 -0.9994969964 -0.0294109490 0.0118633127 -0.0181524735 0.8373035789 0.5464367867
14.8 -110.7 1847.6 0.8726182580 0.0781808421 0.4821049273 -0.1457087994 0.9838256240 0.1041927636 -0.4661612809 -0.1611674428 0.8698958158
-16.3 -501.7 1911.6 0.8694677353 0.1534009278 0.4695678949 -0.1673351824 0.9858244658 -0.0122108832 -0.4647846818 -0.0679582655 0.8828119040
101.0 -142.7 2006.3 -0.3807669282 0.1653285623 0.9097708464 -0.0592189059 0.9775061011 -0.2024227083 -0.9227728248 -0.1309515089 -0.3624114394
35.3 -531.2 2058.3 -0.3819682002 0.0067772921 0.9241506457 -0.1223821715 0.9907956719 -0.0578488037 -0.9160365462 -0.1351959556 -0.3776230216
239.6 111.4 1751.9 0 0 0 0 0 0 0 0 0
20.7 -241.9 2189.3 0 0 0 0 0 0 0 0 0
-74.8 -878.2 1937.6 0 0 0 0 0 0 0 0 0
32.7 -909.4 2109.9 0 0 0 0 0 0 0 0 0
132.4 460.9 2010.5 12 0.4761248529 0.1343559176 -0.8690533042 -0.1988053471 0.9791190624 0.0424534008 0.8566104770 0.1525593251 0.4928936064
105.5 264.9 1980.0 0.4761248529 0.1343559176 -0.8690533042 -0.1988053471 0.9791190624 0.0424534008 0.8566104770 0.1525593251 0.4928936064
83.3 69.3 1952.9 0.4792788327 0.1116686687 -0.8705296516 -0.1736343205 0.9843325019 0.0306707993 0.8603155613 0.1364539564 0.4911592305
35.5 290.3 1854.3 0.3465212584 -0.1321670860 -0.9286844730 0.8870002031 0.3682912886 0.2785536349 0.3052107990 -0.9202681184 0.2448529899
-46.7 79.7 1781.9 -0.9904815555 -0.1321670860 0.0384470373 -0.0850804448 0.3682912886 -0.9258092642 0.1082018092 -0.9202681184 -0.3760305643
175.6 239.6 2105.7 -0.5211060047 0.5523776412 -0.6506362557 -0.7921637893 -0.0292724445 0.6096061468 0.3176870644 0.8330798745 0.4528276026
30.2 18.6 2194.3 -0.0216233581 0.5523776412 -0.8333135247 -0.9995501041 -0.0292724445 0.0065331799 -0.0207843408 0.8330798745 0.5527620912
16.5 -112.0 1846.9 0.8692547083 0.0789963380 0.4880120754 -0.1465455890 0.9839566946 0.1017525569 -0.4721446633 -0.1599649042 0.8668856025
-14.9 -503.1 1910.4 0.8639001250 0.1719925106 0.4733869135 -0.1801237017 0.9832305312 -0.0285166241 -0.4703531265 -0.0606326945 0.8803928494
103.1 -143.8 2005.4 -0.3891150057 0.1719761789 0.9049937725 -0.0681656748 0.9743502140 -0.2144647986 -0.9186636806 -0.1451409757 -0.3674114048
34.8 -531.0 2063.1 -0.3897633255 0.0120061841 0.9208368063 -0.1025714055 0.9931274652 -0.0563642159 -0.9151850343 -0.1164202318 -0.3858532012
240.5 104.4 1750.5 0 0 0 0 0 0 0 0 0
24.6 -241.2 2188.9 0 0 0 0 0 0 0 0 0
-80.6 -878.6 1933.6 0 0 0 0 0 0 0 0 0
30.2 -910.2 2107.5 0 0 0 0 0 0 0 0 0
133.0 461.0 2011.2 13 0.4651237428 0.1373344362 -0.8745279908 -0.2069690973 0.9773839712 0.0434088297 0.8607111573 0.1608097851 0.4830284715
105.4 265.0 1978.9 0.4651237428 0.1373344362 -0.8745279908 -0.2069690973 0.9773839712 0.0434088297 0.8607111573 0.1608097851 0.4830284715
82.6 69.6 1951.1 0.4688480496 0.1148208305 -0.8757840395 -0.1780077368 0.9834538698 0.0336411819 0.8651559353 0.1401237398 0.4815294147
36.9 291.0 1852.5 0.3503921926 -0.1192546710 -0.9289798737 0.8862208128 0.3631414473 0.2876472771 0.3030478060 -0.9240706563 0.2329279035
-46.8 79.3 1780.1 -0.9926586747 -0.1192546710 0.0201762598 -0.0625218451 0.3631414473 -0.9296339750 0.1035363600 -0.9240706563 -0.3679315150
173.9 239.0 2105.3 -0.5283595324 0.5429335237 -0.6527322531 -0.7904338837 -0.0339221656 0.6116073132 0.3099200428 0.8390902877 0.4470761716
26.5 18.5 2191.7 -0.0261161588 0.5429335237 -0.8393694758 -0.9993825555 -0.0339221656 0.0091527682 -0.0235038847 0.8390902877 0.5434842110
17.2 -110.4 1846.9 0.8743320704 0.0730893835 0.4797930717 -0.1422921717 0.9837560058 0.1094398499 -0.4640004337 -0.1639575660 0.8705294728
-11.8 -501.3 1912.0 0.8646899462 0.1994773000 0.4609990418 -0.1963007599 0.9789768457 -0.0554108843 -0.4623606205 -0.0425812304 0.8856689334
105.1 -142.2 2004.7 -0.3825139403 0.1778344512 0.9066741467 -0.0822286680 0.9708563089 -0.2251143008 -0.9202833772 -0.1606639624 -0.3567429781
34.5 -528.0 2068.5 -0.3823663890 0.0144782625 0.9238973260 -0.0701408982 0.9965375066 -0.0446452759 -0.9213447571 -0.0818738416 -0.3800269365
241.3 97.4 1750.1 0 0 0 0 0 0 0 0 0
19.7 -241.2 2185.6 0 0 0 0 0 0 0 0 0
-88.0 -875.1 1928.3 0 0 0 0 0 0 0 0 0
28.9 -908.4 2099.8 0 0 0 0 0 0 0 0 0
133.5 461.4 2011.0 14 0.4306360185 0.1365721822 -0.8921326399 -0.2015345246 0.9780762196 0.0524473302 0.8797366023 0.1572098136 0.4487188458
106.2 265.7 1979.5 0.4306360185 0.1365721822 -0.8921326399 -0.2015345246 0.9780762196 0.0524473302 0.8797366023 0.1572098136 0.4487188458
83.1 70.1 1953.0 0.4345650077 0.1157421842 -0.8931724429 -0.1709770411 0.9842758775 0.0443605222 0.8842624426 0.1334344447 0.4475211203
42.7 290.6 1850.4 0.3759872615 -0.1015251130 -0.9210462570 0.8748532534 0.3664856553 0.3167334795 0.3053938150 -0.9248680472 0.2266135067
-47.3 81.1 1777.3 -0.9948324561 -0.1015251130 0.0010433183 -0.0383757055 0.3664856553 -0.9296319485 0.0939986259 -0.9248680472 -0.3684878945
169.6 240.7 2108.6 -0.5446850061 0.5104743242 -0.6653827429 -0.7838528156 -0.0278183054 0.6203231812 0.2981492579 0.8594428897 0.4152889550
17.7 22.1 2191.7 -0.0318224691 0.5104743242 -0.8593039513 -0.9994030595 -0.0278183054 0.0204851180 -0.0134472521 0.8594428897 0.5110548735
16.8 -109.5 1843.9 0.8905737996 0.0834638253 0.4471153319 -0.1503018588 0.9817994237 0.1161001548 -0.4292874038 -0.1705980152 0.8869096041
-16.4 -499.7 1911.7 0.8879472613 0.1606083810 0.4309925139 -0.1672484428 0.9856527448 -0.0227296203 -0.4284595251 -0.0519001223 0.9020691514
102.8 -142.2 2002.5 -0.3483285904 0.1688013822 0.9220484495 -0.0928245708 0.9726056457 -0.2131239921 -0.9327651262 -0.1598259211 -0.3231174350
35.7 -528.7 2066.1 -0.3483467698 0.0328908525 0.9367884994 -0.0933725014 0.9931961298 -0.0695920959 -0.9327036738 -0.1117124707 -0.3429055512
241.2 92.3 1750.0 0 0 0 0 0 0 0 0 0
9.4 -237.6 2188.2 0 0 0 0 0 0 0 0 0
-77.7 -875.9 1931.5 0 0 0 0 0 0 0 0 0
23.2 -907.8 2108.7 0 0 0 0 0 0 0 0 0
134.2 461.2 2011.9 15 0.4102472961 0.1395672262 -0.9012314677 -0.2045204043 0.9771292806 0.0582217500 0.8887454867 0.1604349017 0.4294089973
106.3 265.8 1979.8 0.4102472961 0.1395672262 -0.9012314677 -0.2045204043 0.9771292806 0.0582217500 0.8887454867 0.1604349017 0.4294089973
82.2 70.5 1952.5 0.4140743315 0.1215138137 -0.9020957947 -0.1757871062 0.9830679893 0.0517322123 0.8931077123 0.1371558309 0.4284237623
45.9 291.5 1849.4 0.3810124695 -0.0850165561 -0.9206528664 0.8726625443 0.3620204628 0.3277213275 0.3054334223 -0.9282851815 0.2121250778
-46.6 79.8 1775.3 -0.9963102341 -0.0850165561 -0.0117500722 -0.0199005902 0.3620204628 -0.9319577217 0.0834855959 -0.9282851815 -0.3623765707
166.8 240.2 2110.2 -0.5578075051 0.4917738438 -0.6685875058 -0.7793198228 -0.0332381725 0.6257442236 0.2855020165 0.8700883389 0.4017896056
11.2 22.8 2189.8 -0.0401963145 0.4917738438 -0.8697946668 -0.9990723729 -0.0332381725 0.0273781437 -0.0154465279 0.8700883389 0.4926537275
20.3 -109.9 1845.4 0.8985874057 0.0914319828 0.4291629791 -0.1533685625 0.9818066955 0.1119540408 -0.4111188948 -0.1664205939 0.8962619305
-16.1 -500.0 1911.6 0.8972262740 0.1557915360 0.4131755233 -0.1622230262 0.9865571260 -0.0197167750 -0.4106929600 -0.0493361726 0.9104379416
99.9 -141.2 2007.5 -0.3285302520 0.1578796059 0.9312045574 -0.0851780921 0.9769600034 -0.1956880987 -0.9406447411 -0.1436076909 -0.3075130284
37.2 -529.3 2064.5 -0.3283720911 0.0486713424 0.9432936311 -0.0819140896 0.9934415817 -0.0797741339 -0.9409898520 -0.1034646407 -0.3222316206
242.6 85.6 1751.1 0 0 0 0 0 0 0 0 0
0.7 -236.8 2185.8 0 0 0 0 0 0 0 0 0
-75.6 -876.8 1930.4 0 0 0 0 0 0 0 0 0
18.6 -908.7 2104.1 0 0 0 0 0 0 0 0 0
133.8 459.1 2011.8 16 0.3967415988 0.1393278688 -0.9072948098 -0.2024607509 0.9773539305 0.0615544580 0.8953244090 0.1592703760 0.4159653783
106.0 264.1 1980.0 0.3967415988 0.1393278688 -0.9072948098 -0.2024607509 0.9773539305 0.0615544580 0.8953244090 0.1592703760 0.4159653783
81.3 68.8 1953.0 0.4004154801 0.1239054203 -0.9079179168 -0.1751019806 0.9829038978 0.0569143705 0.8994480371 0.1361888200 0.4152660072
47.5 289.7 1848.7 0.3857275844 -0.0738968775 -0.9196485877 0.8703681231 0.3598130643 0.3361457288 0.3060614467 -0.9300934672 0.2031073123
-45.5 79.8 1774.9 -0.9971798658 -0.0738968775 -0.0130960988 -0.0144121842 0.3598130643 -0.9329131246 0.0736515149 -0.9300934672 -0.3598633707
164.4 238.5 2111.4 -0.5653594136 0.4790714383 -0.6714605689 -0.7759878039 -0.0329107530 0.6298887134 0.2796634138 0.8771587014 0.3903599977
6.7 22.1 2189.4 -0.0443980806 0.4790714383 -0.8766523600 -0.9989262819 -0.0329107530 0.0326056369 -0.0132308593 0.8771587014 0.4800182283
20.1 -108.8 1843.4 0.9042211771 0.0887046456 0.4177505672 -0.1531089097 0.9804987907 0.1232063621 -0.3986749351 -0.1753671467 0.9001692533
-15.2 -498.4 1913.1 0.9036607146 0.1506560445 0.4008741677 -0.1568256766 0.9874696732 -0.0175892655 -0.3985010087 -0.0469726324 0.9159642458
96.0 -141.0 2007.1 -0.3170492947 0.1526435316 0.9360446930 -0.0967794433 0.9766038656 -0.1920379698 -0.9434582591 -0.1514753997 -0.2948588133
35.3 -529.0 2067.3 -0.3162350953 0.0308722332 0.9481784105 -0.0654904619 0.9963755608 -0.0542837940 -0.9464176297 -0.0792630836 -0.3130671084
243.8 84.0 1753.5 0 0 0 0 0 0 0 0 0
-4.8 -237.5 2185.9 0 0 0 0 0 0 0 0 0
-72.8 -875.6 1931.0 0 0 0 0 0 0 0 0 0
23.5 -909.5 2097.6 0 0 0 0 0 0 0 0 0
132.3 458.7 2012.3 17 0.3855999112 0.1368231922 -0.9124648571 -0.2061118484 0.9767264128 0.0593580380 0.8993501067 0.1651813686 0.4048265219
104.9 263.1 1979.2 0.3855999112 0.1368231922 -0.9124648571 -0.2061118484 0.9767264128 0.0593580380 0.8993501067 0.1651813686 0.4048265219
80.5 67.9 1951.0 0.3891508281 0.1228348389 -0.9129475355 -0.1793227643 0.9822112918 0.0557164140 0.9035513401 0.1420301944 0.4042554200
48.0 289.2 1847.2 0.3839845359 -0.0695163533 -0.9207189083 0.8727093339 0.3529869318 0.3373109102 0.3015531301 -0.9330421686 0.1962091029
-44.5 78.9 1774.5 -0.9975672364 -0.0695163533 -0.0052036736 -0.0197187122 0.3529869318 -0.9354204535 0.0668638423 -0.9330421686 -0.3534989953
161.7 236.9 2111.2 -0.5692808032 0.4681662917 -0.6758251786 -0.7767829895 -0.0370172411 0.6286794543 0.2693093419 0.8828646541 0.3847368360
2.9 20.2 2186.3 -0.0448094942 0.4681662917 -0.8825035095 -0.9988312125 -0.0370172411 0.0310785137 -0.0181179307 0.8828646541 0.4692778289
20.0 -110.5 1843.4 0.9092338085 0.0865931138 0.4071799517 -0.1492386758 0.9809136987 0.1246438548 -0.3886151016 -0.1740974039 0.9048029780
-14.4 -500.3 1912.6 0.9064975381 0.1574486643 0.3917551339 -0.1673551649 0.9858558774 -0.0089714862 -0.3876266479 -0.0574296191 0.9200257659
93.4 -142.6 2008.3 -0.3043335378 0.1464599222 0.9412388802 -0.0853754431 0.9799387455 -0.1800864488 -0.9487318397 -0.1351650357 -0.2857241631
35.2 -532.0 2062.0 -0.3045612276 0.0356369689 0.9518258572 -0.0915604383 0.9935767651 -0.0664972737 -0.9480818510 -0.1074020863 -0.2993420064
245.0 84.6 1755.1 0 0 0 0 0 0 0 0 0
-8.7 -239.4 2181.6 0 0 0 0 0 0 0 0 0
-74.6 -877.0 1934.6 0 0 0 0 0 0 0 0 0
21.6 -911.3 2103.1 0 0 0 0 0 0 0 0 0
132.7 459.7 2012.0 18 0.3803725541 0.1402024180 -0.9141443968 -0.2077427506 0.9761352539 0.0632688627 0.9011990428 0.1658411324 0.4004210830
104.6 264.1 1978.8 0.3803725541 0.1402024180 -0.9141443968 -0.2077427506 0.9761352539 0.0632688627 0.9011990428 0.1658411324 0.4004210830
80.1 68.9 1950.9 0.3844150305 0.1232078522 -0.9149015546 -0.1776856184 0.9823978543 0.0576391034 0.9058989286 0.1404075176 0.3995407820
48.5 290.1 1846.5 0.3808085918 -0.0576266050 -0.9228564501 0.8749315143 0.3453343213 0.3394688368 0.2991315722 -0.9367088079 0.1819256097
-43.6 78.6 1774.2 -0.9983342886 -0.0576266050 0.0027987654 -0.0225638561 0.3453343213 -0.9382084608 0.0530992597 -0.9367088079 -0.3460593820
160.8 238.2 2111.1 -0.5715182424 0.4636944830 -0.6770187020 -0.7755031586 -0.0354948528 0.6303451657 0.2682569027 0.8852838874 0.3798824847
1.3 21.8 2186.0 -0.0458309799 0.4636944830 -0.8848089576 -0.9988204241 -0.0354948528 0.0331350081 -0.0160416439 0.8852838874 0.4647742808
20.4 -110.9 1839.9 0.9104090333 0.0897838473 0.4038492441 -0.1576751769 0.9777911305 0.1380689889 -0.3824838400 -0.1893762648 0.9043465853
-15.3 -499.4 1915.2 0.9098132849 0.1572991014 0.3840531409 -0.1614552587 0.9866431355 -0.0216218568 -0.3823244870 -0.0423355475 0.9230577946
91.7 -143.7 2005.6 -0.3011988103 0.1504265666 0.9416215420 -0.0972570777 0.9774828553 -0.1872653812 -0.9485886097 -0.1479834765 -0.2797866464
32.0 -532.2 2064.4 -0.3013347387 0.0169611480 0.9533675313 -0.1047218516 0.9932047725 -0.0507697463 -0.9477503300 -0.1151371077 -0.2975109220
246.2 85.1 1758.8 0 0 0 0 0 0 0 0 0
-10.6 -237.7 2181.8 0 0 0 0 0 0 0 0 0
-75.4 -876.4 1931.3 0 0 0 0 0 0 0 0 0
25.5 -911.5 2108.4 0 0 0 0 0 0 0 0 0
132.1 459.7 2011.4 19 0.3861073554 0.1418374032 -0.9114841223 -0.2080991417 0.9760293365 0.0637299716 0.8986744881 0.1650724560 0.4063683450
103.7 264.2 1978.3 0.3861073554 0.1418374032 -0.9114841223 -0.2080991417 0.9760293365 0.0637299716 0.8986744881 0.1650724560 0.4063683450
79.3 68.9 1950.5 0.3902686536 0.1226632595 -0.9124933481 -0.1772856414 0.9825502634 0.0562566221 0.9034711719 0.1398167759 0.4052049816
46.7 290.0 1846.4 0.3699292839 -0.0448680371 -0.9279758334 0.8782109022 0.3428009748 0.3335163295 0.3031467795 -0.9383359551 0.1662157029
-42.4 78.6 1773.4 -0.9989645481 -0.0448680371 0.0075278622 -0.0224737879 0.3428009748 -0.9391391873 0.0395567752 -0.9383359551 -0.3434543610
160.7 238.3 2110.3 -0.5687450767 0.4692191780 -0.6755459905 -0.7763528824 -0.0349666253 0.6293278337 0.2716711164 0.8823891878 0.3841667771
2.1 21.7 2186.1 -0.0444925427 0.4692191780 -0.8819601536 -0.9988828301 -0.0349666253 0.0317880847 -0.0159235895 0.8823891878 0.4702507257
20.4 -110.0 1839.9 0.9085398912 0.0888904333 0.4082324207 -0.1530802995 0.9799799323 0.1273017973 -0.3887436688 -0.1781511009 0.9039582610
-14.9 -499.5 1910.7 0.9064019322 0.1592106223 0.3912639916 -0.1668843776 0.9858689904 -0.0145591935 -0.3880530000 -0.0520993620 0.9201633334
90.9 -142.6 2006.1 -0.3090955615 0.1441833228 0.9400378466 -0.1120496169 0.9760352373 -0.1865478605 -0.9444071054 -0.1629919857 -0.2855324745
33.6 -530.4 2070.8 -0.3078861833 0.0299189389 0.9509526491 -0.0549245402 0.9972796440 -0.0491591841 -0.9498364925 -0.0673660710 -0.3054053485
247.6 85.1 1761.9 0 0 0 0 0 0 0 0 0
-9.5 -237.9 2182.0 0 0 0 0 0 0 0 0 0
-75.8 -876.1 1930.6 0 0 0 0 0 0 0 0 0
22.2 -911.0 2096.5 0 0 0 0 0 0 0 0 0
131.7 459.2 2011.1 20 0.3762641251 0.1432105601 -0.9153775573 -0.2065285444 0.9760876298 0.0678154901 0.9032005668 0.1635350585 0.3968438208
102.9 263.0 1978.2 0.3762641251 0.1432105601 -0.9153775573 -0.2065285444 0.9760876298 0.0678154901 0.9032005668 0.1635350585 0.3968438208
78.5 67.7 1951.0 0.3806688786 0.1228756905 -0.9165111780 -0.1740992069 0.9829307795 0.0594691485 0.9081743360 0.1369258165 0.3955637217
47.3 288.5 1845.5 0.3726675808 -0.0378573500 -0.9271923900 0.8777812123 0.3385091126 0.3389863372 0.3010299504 -0.9402012229 0.1593818367
-42.3 77.4 1773.2 -0.9991568923 -0.0378573500 0.0158832073 -0.0277774762 0.3385091126 -0.9405530095 0.0302302334 -0.9402012229 -0.3392753303
158.5 237.6 2110.9 -0.5728175044 0.4600682557 -0.6783931851 -0.7742597461 -0.0320075452 0.6320580244 0.2690761387 0.8873064518 0.3745468259
-1.3 21.6 2185.9 -0.0460284427 0.4600682557 -0.8866896629 -0.9988660216 -0.0320075452 0.0352441147 -0.0121660596 0.8873064518 0.4610198140
19.2 -110.1 1839.9 0.9131916165 0.0821154937 0.3991718292 -0.1453675777 0.9806911349 0.1308171153 -0.3807221651 -0.1774877310 0.9074958563
-13.5 -499.8 1910.4 0.9078558683 0.1707171202 0.3829535246 -0.1793158054 0.9836999178 -0.0134259621 -0.3790034056 -0.0564807802 0.9236700535
90.8 -142.6 2005.6 -0.2985111475 0.1409013271 0.9439480305 -0.1083893478 0.9776386023 -0.1802069545 -0.9482314587 -0.1561076939 -0.2765638232
34.8 -531.1 2067.6 -0.2981689274 0.0373721160 0.9537812471 -0.0989451408 0.9926399589 -0.0698267296 -0.9493709207 -0.1151921749 -0.2922765911
248.0 85.5 1764.4 0 0 0 0 0 0 0 0 0
-13.3 -238.0 2182.8 0 0 0 0 0 0 0 0 0
-78.7 -875.7 1932.0 0 0 0 0 0 0 0 0 0
20.5 -909.7 2111.6 0 0 0 0 0 0 0 0 0
133.0 460.4 2011.4 21 0.3845025003 0.1478877068 -0.9112008810 -0.2077716887 0.9756212234 0.0706690028 0.8994380236 0.1621493250 0.4058556855
103.2 264.2 1978.8 0.3845025003 0.1478877068 -0.9112008810 -0.2077716887 0.9756212234 0.0706690028 0.8994380236 0.1621493250 0.4058556855
79.0 68.8 1951.4 0.3889910281 0.1216884106 -0.9131691456 -0.1751613319 0.9829247594 0.0563689247 0.9044359922 0.1380249262 0.4036639929
46.4 289.7 1846.7 0.3598625362 -0.0342685767 -0.9323757887 0.8827997446 0.3359013796 0.3283822834 0.3019331396 -0.9412735701 0.1511306167
-41.2 74.9 1773.2 -0.9990411401 -0.0342685767 0.0272486340 -0.0371919200 0.3359013796 -0.9411625862 0.0230994485 -0.9412735701 -0.3368538022
160.0 238.6 2110.9 -0.5685787797 0.4678641558 -0.6766249537 -0.7762386203 -0.0328315124 0.6295837760 0.2723450363 0.8831903934 0.3818415105
1.4 22.0 2186.9 -0.0437159277 0.4678641558 -0.8827185631 -0.9989462495 -0.0328315124 0.0320704393 -0.0139763765 0.8831903934 0.4688063860
19.1 -111.6 1840.5 0.9100043774 0.0807129517 0.4066663086 -0.1445594281 0.9810823798 0.1287631989 -0.3885802627 -0.1759625226 0.9044570327
-12.9 -501.6 1910.4 0.9039681554 0.1777356863 0.3889108002 -0.1815974712 0.9829983115 -0.0271412916 -0.3871226609 -0.0460903607 0.9208755493
89.0 -143.6 2007.1 -0.3061749935 0.1380015761 0.9419195652 -0.1047051176 0.9785524011 -0.1774035394 -0.9461995959 -0.1529403329 -0.2851588130
34.1 -532.5 2067.9 -0.3059583306 0.0254146606 0.9517056346 -0.0957502350 0.9937536716 -0.0573197119 -0.9472177029 -0.1086634845 -0.3016137481
248.3 85.7 1766.5 0 0 0 0 0 0 0 0 0
-9.9 -237.6 2183.3 0 0 0 0 0 0 0 0 0
-80.9 -877.1 1928.0 0 0 0 0 0 0 0 0 0
24.4 -911.8 2109.3 0 0 0 0 0 0 0 0 0
130.8 460.1 2011.6 22 0.3979800642 0.1345930845 -0.9074671268 -0.2050032467 0.9772130251 0.0550310910 0.8941954374 0.1641324311 0.4165033102
103.9 264.7 1978.8 0.3979800642 0.1345930845 -0.9074671268 -0.2050032467 0.9772130251 0.0550310910 0.8941954374 0.1641324311 0.4165033102
80.8 69.3 1950.5 0.4014838636 0.1162098944 -0.9084635377 -0.1776190698 0.9829646349 0.0472435430 0.8984777331 0.1423929185 0.4152855277
45.3 290.6 1847.5 0.3467764258 -0.0387619697 -0.9371465445 0.8871203065 0.3379978836 0.3142848313 0.3045712411 -0.9403483272 0.1515962332
-39.3 74.2 1773.2 -0.9981287718 -0.0387619697 0.0472912043 -0.0576337464 0.3379978836 -0.9393805265 0.0204279125 -0.9403483272 -0.3395994306
162.5 238.7 2110.0 -0.5594649315 0.4790391624 -0.6764025688 -0.7820171714 -0.0346317887 0.6222939491 0.2746781409 0.8771100640 0.3939921558
6.5 20.6 2186.6 -0.0366106257 0.4790391624 -0.8770297170 -0.9991402030 -0.0346317887 0.0227918923 -0.0194548983 0.8771100640 0.4798952043
19.2 -110.4 1841.0 0.9054261446 0.0782486275 0.4172297716 -0.1447974443 0.9808480740 0.1302720457 -0.3990454078 -0.1783655137 0.8994156718
-11.9 -500.2 1911.9 0.8980913162 0.1908682734 0.3962338865 -0.1868882328 0.9811567068 -0.0490341336 -0.3981265724 -0.0300143175 0.9168393612
90.5 -142.6 2006.9 -0.3175484240 0.1423915029 0.9374901056 -0.1042461172 0.9774262905 -0.1837676913 -0.9424944520 -0.1560848504 -0.2955364287
33.9 -531.0 2068.9 -0.3173848391 0.0194787960 0.9480967522 -0.0952346697 0.9940797687 -0.0523042791 -0.9435026646 -0.1068922654 -0.3136507869
249.4 90.9 1767.3 0 0 0 0 0 0 0 0 0
-3.0 -239.1 2181.6 0 0 0 0 0 0 0 0 0
-84.8 -875.1 1923.4 0 0 0 0 0 0 0 0 0
26.5 -910.7 2109.7 0 0 0 0 0 0 0 0 0
129.0 457.6 2011.7 23 0.4008674622 0.1291148663 -0.9069920778 -0.2041698992 0.9777111411 0.0489441678 0.8930956721 0.1655603498 0.4182939827
103.3 262.6 1978.7 0.4008674622 0.1291148663 -0.9069920778 -0.2041698992 0.9777111411 0.0489441678 0.8930956721 0.1655603498 0.4182939827
80.1 67.4 1949.9 0.4038873911 0.1164280176 -0.9073695540 -0.1800603718 0.9825826287 0.0459306054 0.8969131708 0.1448305100 0.4178168178
44.3 288.9 1847.6 0.3443407416 -0.0346766226 -0.9382041097 0.8858904243 0.3428733051 0.3124676943 0.3108498156 -0.9387413859 0.1487849355
-38.5 75.9 1772.9 -0.9979974031 -0.0346766226 0.0529026873 -0.0616018958 0.3428733051 -0.9373596311 0.0143655483 -0.9387413859 -0.3443228304
162.3 236.3 2109.7 -0.5586168170 0.4813660979 -0.6754509211 -0.7828587294 -0.0369683132 0.6211002469 0.2740063369 0.8757396936 0.3974927664
6.4 17.9 2186.1 -0.0364828035 0.4813660979 -0.8757600784 -0.9990894198 -0.0369683132 0.0213006847 -0.0221219454 0.8757396936 0.4822764695
20.9 -109.7 1839.8 0.9042606950 0.0806472674 0.4192953408 -0.1451434642 0.9815815091 0.1242218912 -0.4015544057 -0.1731869578 0.8993110061
-11.2 -499.8 1908.6 0.8951314092 0.1931862533 0.4017696381 -0.1983590424 0.9796962142 -0.0291371793 -0.3992410898 -0.0536130369 0.9152771235
94.5 -142.3 2004.6 -0.3201259971 0.1498327404 0.9354515076 -0.1023543626 0.9761644006 -0.1913810372 -0.9418295622 -0.1570135802 -0.2971595526
35.0 -530.2 2067.0 -0.3198572695 0.0329122543 0.9468939304 -0.0938965529 0.9933755398 -0.0662457719 -0.9428015351 -0.1100992709 -0.3146480322
250.8 93.7 1768.7 0 0 0 0 0 0 0 0 0
-3.1 -241.7 2180.4 0 0 0 0 0 0 0 0 0
-85.0 -874.0 1929.1 0 0 0 0 0 0 0 0 0
22.4 -909.7 2109.0 0 0 0 0 0 0 0 0 0
130.6 456.7 2012.7 24 0.4034719765 0.1389226317 -0.9043842554 -0.2064150125 0.9767469168 0.0579505675 0.8914051652 0.1632970572 0.4227657318
102.9 262.0 1980.2 0.4034719765 0.1389226317 -0.9043842554 -0.2064150125 0.9767469168 0.0579505675 0.8914051652 0.1632970572 0.4227657318
79.2 67.0 1950.7 0.4063168466 0.1196540445 -0.9058640003 -0.1848688275 0.9816509485 0.0467434227 0.8948352337 0.1484733820 0.4209816158
43.6 289.1 1849.5 0.3423282802 -0.0333509557 -0.9389883280 0.8839012980 0.3503448367 0.3098015785 0.3186375201 -0.9360268116 0.1494118869
-38.6 76.9 1773.0 -0.9979172349 -0.0333509557 0.0552168787 -0.0634150133 0.3503448367 -0.9344715476 0.0118205724 -0.9360268116 -0.3517300785
162.3 235.0 2110.9 -0.5599116683 0.4841306806 -0.6723960042 -0.7824060321 -0.0418884307 0.6213582754 0.2726529837 0.8739924431 0.4022406042
6.1 16.8 2187.0 -0.0393476859 0.4841306806 -0.8741105199 -0.9988852143 -0.0418884307 0.0217642374 -0.0260783825 0.8739924431 0.4852392077
20.0 -111.4 1838.8 0.9022412300 0.0813651830 0.4234860837 -0.1494699270 0.9801663160 0.1301259547 -0.4044990838 -0.1807034314 0.8965080976
-12.4 -500.9 1910.7 0.8967499137 0.1791113466 0.4046711028 -0.1824569255 0.9827361703 -0.0306445584 -0.4031737149 -0.0463545397 0.9139487147
94.0 -144.4 2003.4 -0.3228746653 0.1483932585 0.9347360134 -0.0935596898 0.9777899981 -0.1875454634 -0.9418060184 -0.1480072886 -0.3018199801
35.1 -533.0 2062.2 -0.3233687580 0.0376453847 0.9455239177 -0.1059199050 0.9914889932 -0.0757000148 -0.9403263330 -0.1246288195 -0.3166291714
251.3 95.3 1769.5 0 0 0 0 0 0 0 0 0
-4.1 -242.8 2180.2 0 0 0 0 0 0 0 0 0
-80.8 -876.3 1928.4 0 0 0 0 0 0 0 0 0
20.7 -911.7 2109.8 0 0 0 0 0 0 0 0 0
131.3 457.3 2011.7 25 0.4100707769 0.1449093521 -0.9004683495 -0.2044894993 0.9767701030 0.0640643910 0.8888340592 0.1578653753 0.4301773012
102.6 263.6 1980.4 0.4100707769 0.1449093521 -0.9004683495 -0.2044894993 0.9767701030 0.0640643910 0.8888340592 0.1578653753 0.4301773012
78.5 68.6 1950.5 0.4123395979 0.1210798696 -0.9029483795 -0.1877891272 0.9811405540 0.0458093509 0.8914658427 0.1506748646 0.4273005724
42.4 291.0 1850.2 0.3357581198 -0.0326866060 -0.9413809180 0.8861019015 0.3499627709 0.3038905859 0.3195151091 -0.9361931682 0.1464664936
-38.5 77.6 1773.2 -0.9979074001 -0.0326866060 0.0557890907 -0.0637125969 0.3499627709 -0.9345944524 0.0110246176 -0.9361931682 -0.3513129652
162.8 236.2 2110.7 -0.5583634377 0.4900694788 -0.6693744659 -0.7830197215 -0.0447707139 0.6203835011 0.2740626335 0.8705328703 0.4087324142
7.0 17.7 2187.1 -0.0399467833 0.4900694788 -0.8707675934 -0.9987844229 -0.0447707139 0.0206225719 -0.0288783927 0.8705328703 0.4912621975
18.1 -111.1 1839.1 0.8998574018 0.0754764900 0.4296044409 -0.1427670270 0.9816285372 0.1265817732 -0.4121580422 -0.1752388924 0.8941012621
-11.9 -501.3 1908.8 0.8906732798 0.1874489486 0.4142028093 -0.1985669732 0.9799485207 -0.0164943580 -0.4089892805 -0.0675559118 0.9100351334
92.6 -145.0 2003.2 -0.3294779062 0.1479414552 0.9325007200 -0.0914538950 0.9780029655 -0.1874735504 -0.9397236109 -0.1470492184 -0.3087005615
33.8 -533.7 2061.7 -0.3308688402 0.0228850357 0.9433991909 -0.1367324740 0.9879936576 -0.0719216093 -0.9337183833 -0.1527899355 -0.3237672150
251.5 96.1 1770.0 0 0 0 0 0 0 0 0 0
-3.3 -241.8 2179.6 0 0 0 0 0 0 0 0 0
-83.5 -875.6 1934.6 0 0 0 0 0 0 0 0 0
25.1 -911.0 2120.0 0 0 0 0 0 0 0 0 0
132.4 457.0 2011.8 26 0.3844508529 0.1537616551 -0.9102498889 -0.2040206790 0.9758008718 0.0786650330 0.9003183246 0.1554669738 0.4065180421
101.8 262.8 1980.8 0.3844508529 0.1537616551 -0.9102498889 -0.2040206790 0.9758008718 0.0786650330 0.9003183246 0.1554669738 0.4065180421
75.8 67.8 1952.3 0.3874193132 0.1304337531 -0.9126299024 -0.1835813522 0.9810297489 0.0622776300 0.9034401774 0.1434142739 0.4040150940
45.2 289.6 1848.9 0.3511070907 -0.0375515781 -0.9355819821 0.8833943605 0.3445063233 0.3176944852 0.3103839755 -0.9380326867 0.1541314572
-38.9 78.0 1774.5 -0.9976355433 -0.0375515781 0.0575600639 -0.0669938549 0.3445063233 -0.9363905191 0.0153331375 -0.9380326867 -0.3462074697
158.3 236.0 2112.8 -0.5754588246 0.4675331414 -0.6710140705 -0.7726981640 -0.0420258120 0.6333808899 0.2679266632 0.8829759955 0.3854461312
-2.2 20.5 2187.5 -0.0527175888 0.4675331414 -0.8824021816 -0.9984169602 -0.0420258120 0.0373816788 -0.0196064953 0.8829759955 0.4690085351
16.6 -109.1 1838.8 0.9093030691 0.0735304132 0.4095866084 -0.1420660317 0.9799832106 0.1394638121 -0.3911331594 -0.1850032210 0.9015479088
-12.6 -498.6 1912.3 0.9027066827 0.1797468662 0.3909114003 -0.1824136376 0.9827442169 -0.0306442529 -0.3896741271 -0.0436448008 0.9199180603
92.3 -143.6 2002.3 -0.3113353550 0.1461284608 0.9389977455 -0.1235684752 0.9734923244 -0.1924670935 -0.9422320127 -0.1759523302 -0.2850257158
34.2 -530.3 2072.2 -0.3105569184 0.0222428590 0.9502944946 -0.0628759488 0.9970560074 -0.0438852757 -0.9484729767 -0.0733795464 -0.3082441092
251.0 97.4 1770.1 0 0 0 0 0 0 0 0 0
-15.9 -239.0 2182.4 0 0 0 0 0 0 0 0 0
-81.2 -873.9 1929.0 0 0 0 0 0 0 0 0 0
25.8 -910.0 2100.2 0 0 0 0 0 0 0 0 0
133.6 456.3 2011.8 27 0.3931671381 0.1611080617 -0.9052423835 -0.2186482102 0.9726697206 0.0781444237 0.8930915594 0.1672058105 0.4176477790
101.4 262.0 1978.4 0.3931671381 0.1611080617 -0.9052423835 -0.2186482102 0.9726697206 0.0781444237 0.8930915594 0.1672058105 0.4176477790
75.2 67.3 1948.7 0.3974562287 0.1317476183 -0.9081140161 -0.1900499165 0.9800001979 0.0589971766 0.8977246881 0.1491381973 0.4145458043
43.4 289.8 1847.2 0.3519462347 -0.0419445485 -0.9350799322 0.8872369528 0.3332501054 0.3189905584 0.2982355654 -0.9419050217 0.1545008719
-40.6 78.1 1776.1 -0.9979234934 -0.0419445485 0.0488815382 -0.0600964949 0.3332501054 -0.9409212470 0.0231767409 -0.9419050217 -0.3350788355
159.5 234.3 2109.5 -0.5722532868 0.4773065448 -0.6668618321 -0.7748048902 -0.0482357666 0.6303575635 0.2687071860 0.8774119616 0.3974225223
-0.2 18.1 2184.4 -0.0526316427 0.4773065448 -0.8771592975 -0.9982689619 -0.0482357666 0.0336509980 -0.0262486096 0.8774119616 0.4790190160
14.4 -110.3 1840.9 0.9052291512 0.0692751035 0.4192387164 -0.1350032836 0.9823893309 0.1291717142 -0.4029072523 -0.1735285968 0.8986398578
-13.2 -500.7 1909.9 0.8976895809 0.1719324589 0.4057001472 -0.1848857850 0.9827322960 -0.0073787123 -0.3999632597 -0.0683843940 0.9139764309
85.4 -143.9 2006.6 -0.3214730322 0.1242355332 0.9387335181 -0.1149587706 0.9789027572 -0.1689197719 -0.9399146438 -0.1622188091 -0.3004088700
36.1 -532.7 2071.0 -0.3196769655 0.0400627442 0.9466792345 -0.0567664206 0.9965013862 -0.0613402016 -0.9458246231 -0.0733486414 -0.3162842989
249.4 95.5 1769.3 0 0 0 0 0 0 0 0 0
-13.8 -241.3 2177.6 0 0 0 0 0 0 0 0 0
-78.8 -876.0 1936.0 0 0 0 0 0 0 0 0 0
20.8 -912.8 2099.0 0 0 0 0 0 0 0 0 0
134.3 455.2 2011.8 28 0.4061695337 0.1526871175 -0.9009511471 -0.2156586200 0.9741079211 0.0678613633 0.8879851699 0.1667346656 0.4285812378
103.8 260.7 1978.5 0.4061695337 0.1526871175 -0.9009511471 -0.2156586200 0.9741079211 0.0678613633 0.8879851699 0.1667346656 0.4285812378
77.3 66.0 1949.3 0.4100141823 0.1336731911 -0.9022305012 -0.1894213855 0.9801138043 0.0591306724 0.8921927810 0.1466573328 0.4271811247
44.0 288.4 1848.2 0.3558582664 -0.0580957085 -0.9327324033 0.8865315914 0.3367644250 0.3172560632 0.2956798673 -0.9397950172 0.1713440716
-40.7 77.4 1777.8 -0.9970914721 -0.0580957085 0.0493303910 -0.0660911798 0.3367644250 -0.9392665625 0.0379546359 -0.9397950172 -0.3396245241
163.7 233.1 2108.8 -0.5682868958 0.4895626009 -0.6613459587 -0.7747199535 -0.0475421622 0.6305146813 0.2772345841 0.8706711531 0.4062914848
5.2 16.9 2186.1 -0.0527795479 0.4895626009 -0.8703693151 -0.9982973337 -0.0475421622 0.0337957889 -0.0248340890 0.8706711531 0.4912382960
12.6 -110.0 1836.8 0.8995151520 0.0657556280 0.4319127798 -0.1352076381 0.9819731712 0.1320893168 -0.4154411554 -0.1772142500 0.8921904564
-13.5 -500.3 1907.2 0.8922373056 0.1658628285 0.4200024605 -0.1853986382 0.9826462865 0.0057977764 -0.4117522240 -0.0830408707 0.9075044394
85.5 -144.9 2001.4 -0.3349016309 0.1269819289 0.9336575866 -0.1181118414 0.9774047732 -0.1752982885 -0.9348211288 -0.1689836979 -0.3123363853
35.0 -533.2 2068.5 -0.3334964216 0.0375357457 0.9420038462 -0.0709714293 0.9953720570 -0.0647882149 -0.9400761724 -0.0884619951 -0.3292890489
249.1 96.6 1766.8 0 0 0 0 0 0 0 0 0
-8.5 -242.5 2179.7 0 0 0 0 0 0 0 0 0
-76.9 -875.6 1938.9 0 0 0 0 0 0 0 0 0
20.7 -913.2 2102.3 0 0 0 0 0 0 0 0 0
135.5 451.8 2013.3 29 0.4066616595 0.1629496664 -0.8989291787 -0.2207323313 0.9723374844 0.0764005557 0.8865119815 0.1673535556 0.4313806593
102.9 257.4 1979.8 0.4066616595 0.1629496664 -0.8989291787 -0.2207323313 0.9723374844 0.0764005557 0.8865119815 0.1673535556 0.4313806593
74.6 62.8 1950.9 0.4111233354 0.1425498575 -0.9003649950 -0.1922335178 0.9790436625 0.0672292337 0.8910802007 0.1454408318 0.4299105406
42.8 285.4 1849.6 0.3565641940 -0.0730822235 -0.9314080477 0.8855268359 0.3442458212 0.3119888306 0.2978325188 -0.9360308647 0.1874620020
-41.3 76.4 1779.3 -0.9959818721 -0.0730822235 0.0517596602 -0.0739005059 0.3442458212 -0.9359666109 0.0505844764 -0.9360308647 -0.3482634425
163.0 229.3 2110.0 -0.5740824938 0.4918395579 -0.6546167731 -0.7695520520 -0.0510226898 0.6365424991 0.2796764672 0.8691895604 0.4077873826
2.8 14.6 2188.0 -0.0614174716 0.4918395579 -0.8685169816 -0.9978278875 -0.0510226898 0.0416676812 -0.0238202568 0.8691895604 0.4939049184
13.1 -111.4 1838.4 0.8970585465 0.0692298785 0.4364553094 -0.1429035813 0.9800316691 0.1382624954 -0.4181681275 -0.1864005625 0.8890389800
-14.4 -500.9 1912.4 0.8925094604 0.1641099900 0.4201128781 -0.1727240831 0.9848101735 -0.0177554861 -0.4166452885 -0.0567166731 0.9072981477
88.3 -146.2 2002.0 -0.3380777538 0.1345062554 0.9314566851 -0.1108001471 0.9771620631 -0.1813218892 -0.9345730543 -0.1645064354 -0.3154534400
34.9 -534.4 2067.4 -0.3370711207 0.0305908285 0.9409821033 -0.0678457394 0.9960842133 -0.0566853285 -0.9390314221 -0.0829486102 -0.3336757421
248.4 97.9 1764.6 0 0 0 0 0 0 0 0 0
-13.2 -244.7 2181.8 0 0 0 0 0 0 0 0 0
-77.1 -877.0 1934.1 0 0 0 0 0 0 0 0 0
23.2 -914.9 2099.0 0 0 0 0 0 0 0 0 0
140.3 451.7 2008.0 30 0.4281080663 0.1871477962 -0.8841375113 -0.2186802626 0.9707018137 0.0995839611 0.8768708110 0.1507107317 0.4564908147
102.8 257.4 1977.9 0.4281080663 0.1871477962 -0.8841375113 -0.2186802626 0.9707018137 0.0995839611 0.8768708110 0.1507107317 0.4564908147
72.4 63.1 1950.1 0.4325093925 0.1532675177 -0.8885070086 -0.1934816390 0.9782660604 0.0745675489 0.8806250691 0.1396586299 0.4527637064
39.7 285.7 1849.3 0.3531054854 -0.0948746204 -0.9307606220 0.8908205628 0.3381341696 0.3034864962 0.2859288156 -0.9363034368 0.2039133012
-43.7 75.4 1781.8 -0.9939647317 -0.0948746204 0.0550723970 -0.0842091963 0.3381341696 -0.9373228550 0.0703062937 -0.9363034368 -0.3440827429
166.0 229.2 2106.5 -0.5720809102 0.5136556029 -0.6394383311 -0.7649273872 -0.0527841821 0.6419500709 0.2959890068 0.8563712835 0.4231060445
6.4 15.8 2189.0 -0.0691139102 0.5136556029 -0.8552082777 -0.9974078536 -0.0527841821 0.0489025526 -0.0200224034 0.8563712835 0.5159721971
8.5 -114.1 1840.3 0.8857743144 0.0593417548 0.4603069425 -0.1379973590 0.9806115627 0.1391317397 -0.4431259930 -0.1867604554 0.8767895103
-15.0 -503.8 1914.5 0.8816757798 0.1617883742 0.4432520270 -0.1650449038 0.9857822061 -0.0315215923 -0.4420498013 -0.0453646667 0.8958426118
83.9 -149.3 2003.7 -0.3624193072 0.1233624965 0.9238148928 -0.1074220687 0.9790668488 -0.1728830785 -0.9258038402 -0.1618942767 -0.3415808678
34.9 -538.4 2068.0 -0.3620676994 0.0281376634 0.9317270517 -0.0938175097 0.9933689237 -0.0664565563 -0.9274185896 -0.1114740819 -0.3570269942
245.3 99.9 1761.3 0 0 0 0 0 0 0 0 0
-11.6 -243.4 2183.8 0 0 0 0 0 0 0 0 0
-76.8 -880.4 1931.8 0 0 0 0 0 0 0 0 0
24.2 -917.8 2110.6 0 0 0 0 0 0 0 0 0
146.6 453.3 2009.4 31 0.4831863344 0.1888081431 -0.8549166322 -0.2294748276 0.9696440101 0.0844498649 0.8449096084 0.1553768367 0.5118454695
108.8 259.2 1978.3 0.4831863344 0.1888081431 -0.8549166322 -0.2294748276 0.9696440101 0.0844498649 0.8449096084 0.1553768367 0.5118454695
77.9 65.0 1949.5 0.4877490401 0.1556740403 -0.8589915633 -0.2036897838 0.9771068692 0.0614216514 0.8488882780 0.1450094581 0.5082921386
37.7 288.9 1854.5 0.3657334149 -0.1226214543 -0.9226066470 0.8846680522 0.3537549675 0.3036772907 0.2891393304 -0.9272655249 0.2378592938
-50.6 75.2 1784.7 -0.9913708568 -0.1226214543 0.0463445820 -0.0872898623 0.3537549675 -0.9312561154 0.0977973565 -0.9272655249 -0.3614059687
179.9 229.5 2102.0 -0.5474910140 0.5663160086 -0.6160680056 -0.7738379836 -0.0624437891 0.6302980185 0.3184782267 0.8218193054 0.4724242091
27.3 13.7 2190.8 -0.0644906759 0.5663160086 -0.8216612339 -0.9974258542 -0.0624437891 0.0352478065 -0.0313462429 0.8218193054 0.5688852668
2.3 -113.6 1841.7 0.8570376635 0.0399281941 0.5137044191 -0.1302255243 0.9814101458 0.1409803778 -0.4985256195 -0.1877229214 0.8463050723
