-15.4 449.1 2142.7 0.8629720211 0.1747182161 -0.4740810096 -0.1310871840 0.9836006761 0.1238783747 0.4879502058 -0.0447576307 0.8717231750
-51.2 247.9 2151.8 0.8629720211 0.1747182161 -0.4740810096 -0.1310871840 0.9836006761 0.1238783747 0.4879502058 -0.0447576307 0.8717231750
-84.1 55.1 2160.7 0.8639772534 0.1684107184 -0.4745325446 -0.1253210008 0.9846744537 0.1212882996 0.4876863360 -0.0453214347 0.8718417287
-174.3 265.8 2082.3 0.2255009264 -0.2057265639 -0.9522740841 0.9647057056 0.1835857034 0.1887834370 0.1359861344 -0.9612350464 0.2398643494
-234.4 8.5 2046.1 -0.2171910256 -0.2079029530 -0.9537318349 0.9467507601 0.1930372566 -0.2576812208 0.2376784682 -0.9589123726 0.1549063176
71.9 230.0 2221.3 0.0212649610 0.9431688786 -0.3316327929 -0.9664729238 0.1042915136 0.2346345037 0.2558864355 0.3155246377 0.9137649536
76.3 31.8 2273.8 0.1924102604 0.9431688786 0.2709442675 0.6027504802 0.1042915136 -0.7910847664 -0.7743837237 0.3155246377 -0.5484287143
-195.7 -126.9 2130.3 0.8758524656 -0.0738843828 -0.4768894911 -0.0314820260 0.9773570895 -0.2092414200 0.4815509915 0.1982780546 0.8536946177
-166.7 -509.8 2052.7 0.8722142577 0.1214003190 -0.4738187790 -0.0653044358 0.9889394641 0.1331692785 0.4847448766 -0.0852096826 0.8704950809
-37.5 -148.6 2215.1 0.8626257181 -0.0368138701 -0.5045013428 0.0096407235 0.9983635545 -0.0563671254 0.5057508349 0.0437599719 0.8615689874
-23.1 -539.7 2197.9 0.8656954765 0.0254319794 -0.4999245107 0.0685590059 0.9832731485 0.1687410772 0.4958537817 -0.1803527176 0.8494715691
-174.9 -251.0 1980.9 0 0 0 0 0 0 0 0 0
130.7 202.4 2054.7 0 0 0 0 0 0 0 0 0
-212.5 -882.3 2084.8 0 0 0 0 0 0 0 0 0
-32.7 -909.7 2265.8 0 0 0 0 0 0 0 0 0
-15.0 447.7 2139.5 0.8732469678 0.1762228161 -0.4542963803 -0.1314620525 0.9829455614 0.1285913885 0.4692093730 -0.0525693037 0.8815208673
-50.9 247.9 2150.2 0.8732469678 0.1762228161 -0.4542963803 -0.1314620525 0.9829455614 0.1285913885 0.4692093730 -0.0525693037 0.8815208673
-83.9 55.1 2160.0 0.8742593527 0.1686071455 -0.4552386105 -0.1256862432 0.9843885899 0.1232157424 0.4689067602 -0.0505052842 0.8818024993
-175.4 265.8 2083.4 0.2201003283 -0.2247080654 -0.9492429495 0.9653869271 0.1897795945 0.1789183468 0.1399425417 -0.9557666779 0.2587007880
-233.7 10.4 2046.3 -0.2186271697 -0.2245991677 -0.9496090412 0.9461504817 0.1893082261 -0.2626056075 0.2387498170 -0.9558857679 0.1711166799
73.7 230.0 2217.0 0.0119056366 0.9422245622 -0.3347702622 -0.9665895700 0.0965754464 0.2374401242 0.2560524940 0.3207585514 0.9118942022
76.0 36.6 2268.2 0.2002591640 0.9422245622 0.2685314417 0.6051981449 0.0965754464 -0.7901951075 -0.7704747915 0.3207585514 -0.5508924723
-195.2 -126.4 2125.5 0.8855749369 -0.0707742721 -0.4590730071 -0.0242761075 0.9799211025 -0.1979021132 0.4638617337 0.1864016503 0.8660754561
-167.4 -510.3 2052.5 0.8817015290 0.1190320030 -0.4565455317 -0.0617310926 0.9884379506 0.1384907812 0.4677517712 -0.0939244777 0.8788552284
-39.0 -149.1 2213.6 0.8732577562 -0.0357184298 -0.4859476089 0.0153452372 0.9988308549 -0.0458409972 0.4870168567 0.0325740241 0.8727849126
-25.0 -540.4 2200.9 0.8748477101 0.0160123166 -0.4841333628 0.0595774092 0.9883083701 0.1403461695 0.4807203412 -0.1516249329 0.8636653423
-173.7 -249.0 1980.9 0 0 0 0 0 0 0 0 0
132.6 207.5 2050.6 0 0 0 0 0 0 0 0 0
-212.3 -882.6 2087.9 0 0 0 0 0 0 0 0 0
-31.1 -912.3 2257.9 0 0 0 0 0 0 0 0 0
-13.6 446.5 2143.9 0.8586649299 0.1776735187 -0.4807563424 -0.1353413463 0.9833001494 0.1216697916 0.4943452775 -0.0394073762 0.8683719039
-49.8 246.4 2151.9 0.8586649299 0.1776735187 -0.4807563424 -0.1353413463 0.9833001494 0.1216697916 0.4943452775 -0.0394073762 0.8683719039
-83.0 53.6 2159.2 0.8596673012 0.1701445878 -0.4816876352 -0.1296698749 0.9847013354 0.1164004132 0.4941233397 -0.0376052521 0.8685781360
-172.2 264.9 2081.5 0.2292255461 -0.1996475756 -0.9526785612 0.9642568827 0.1802157909 0.1942445934 0.1329072714 -0.9631527066 0.2338216156
-232.9 9.8 2046.4 -0.2160891891 -0.2037930638 -0.9548684955 0.9460242391 0.1982389838 -0.2563969195 0.2415440828 -0.9587333798 0.1499558687
72.7 227.9 2222.3 0.0241665076 0.9468812943 -0.3206739724 -0.9771056771 0.0901948586 0.1926897615 0.2113774866 0.3086757362 0.9273828268
77.3 41.6 2262.6 0.1912168860 0.9468812943 0.2585573792 0.6138300300 0.0901948586 -0.7842688560 -0.7659300566 0.3086757362 -0.5639773607
-195.9 -126.4 2127.6 0.8711804152 -0.0743818581 -0.4852958322 -0.0287615638 0.9790273905 -0.2016880959 0.4901198447 0.1896645874 0.8507701755
-166.7 -509.8 2053.3 0.8669085503 0.1218320653 -0.4833492339 -0.0694644526 0.9897367358 0.1248834878 0.4936033189 -0.0746869743 0.8664742708
-37.9 -149.1 2212.3 0.8579159975 -0.0375592075 -0.5124152899 0.0170037653 0.9988536835 -0.0447456390 0.5135085583 0.0296750087 0.8575711846
-23.2 -540.4 2200.7 0.8594548106 0.0215937775 -0.5107554793 0.0563823469 0.9890081882 0.1366886944 0.5080929995 -0.1462753415 0.8487903476
-173.6 -249.5 1980.1 0 0 0 0 0 0 0 0 0
131.2 214.7 2046.6 0 0 0 0 0 0 0 0 0
-212.6 -882.6 2081.4 0 0 0 0 0 0 0 0 0
-31.3 -912.7 2255.7 0 0 0 0 0 0 0 0 0
-14.7 442.3 2146.1 0.8629489541 0.1721082330 -0.4750766754 -0.1345210522 0.9845245481 0.1123186499 0.4870556295 -0.0330174454 0.8727466464
-49.8 242.1 2152.8 0.8629489541 0.1721082330 -0.4750766754 -0.1345210522 0.9845245481 0.1123186499 0.4870556295 -0.0330174454 0.8727466464
-82.6 49.1 2159.1 0.8635112643 0.1678156555 -0.4755904078 -0.1312626451 0.9852991700 0.1093417108 0.4869481027 -0.0319905430 0.8728448749
-172.8 260.8 2083.4 0.2352808863 -0.2057517469 -0.9498995543 0.9615391493 0.1917869151 0.1966221482 0.1417229474 -0.9596270323 0.2429621518
-233.8 11.3 2046.6 -0.2017828375 -0.2070981562 -0.9572847486 0.9495773911 0.1981058419 -0.2430162728 0.2399719059 -0.9580523968 0.1566813588
73.3 223.4 2222.2 0.0704604909 0.9510781169 -0.3008084595 -0.9797568917 0.1226315722 0.1582337618 0.1873812824 0.2835699320 0.9404660463
86.4 40.8 2257.1 0.1428288519 0.9510781169 0.2739531696 0.6393522620 0.1226315722 -0.7590719461 -0.7555320263 0.2835699320 -0.5905585885
-194.0 -127.6 2122.0 0.8742148876 -0.0714991540 -0.4802459478 -0.0226840880 0.9820038080 -0.1874939501 0.4850089848 0.1748039424 0.8568604589
-166.0 -512.2 2053.5 0.8686279058 0.1276995391 -0.4787257910 -0.0756967738 0.9890759587 0.1264862120 0.4896484017 -0.0736314580 0.8688054085
-38.7 -151.0 2211.2 0.8613488078 -0.0426097549 -0.5062239170 0.0212827548 0.9986280799 -0.0478433035 0.5075680017 0.0304359328 0.8610739708
-22.0 -542.2 2199.3 0.8630858064 0.0274341647 -0.5043116808 0.0599470176 0.9859004617 0.1562263519 0.5014870763 -0.1650687307 0.8492720723
-178.5 -249.0 1980.9 0 0 0 0 0 0 0 0 0
126.6 220.7 2044.4 0 0 0 0 0 0 0 0 0
-214.1 -884.7 2081.2 0 0 0 0 0 0 0 0 0
-32.3 -913.4 2261.5 0 0 0 0 0 0 0 0 0
-15.3 437.9 2149.2 0.8480720520 0.1757664979 -0.4998799562 -0.1386169195 0.9841212630 0.1108634323 0.5114285350 -0.0247283541 0.8589699268
-51.1 237.5 2154.2 0.8480720520 0.1757664979 -0.4998799562 -0.1386169195 0.9841212630 0.1108634323 0.5114285350 -0.0247283541 0.8589699268
-85.3 44.7 2158.8 0.8481572866 0.1745091379 -0.5001757145 -0.1381377429 0.9843744636 0.1092012227 0.5114167929 -0.0235266723 0.8590106964
-171.9 257.2 2081.4 0.2407781035 -0.1799684018 -0.9537490606 0.9609079957 0.1825831383 0.2081327438 0.1366811842 -0.9665789008 0.2168950886
-234.3 8.1 2045.9 -0.1948477328 -0.1858274341 -0.9630693197 0.9494069815 0.2108262181 -0.2327631861 0.2462940514 -0.9596981406 0.1353468448
69.7 217.8 2227.1 0.1132880300 0.9467155337 -0.3014887869 -0.9793888330 0.1574776918 0.1264841408 0.1672222614 0.2809456289 0.9450430274
90.3 39.5 2257.5 0.1147045717 0.9467155337 0.3009527028 0.6502521038 0.1574776918 -0.7432180047 -0.7510093451 0.2809456289 -0.5975403786
-193.5 -132.0 2121.3 0.8596735597 -0.0668821186 -0.5064465404 -0.0313008949 0.9826331139 -0.1829001158 0.5098838806 0.1730866283 0.8426502347
-167.3 -516.9 2053.5 0.8549492359 0.1283415705 -0.5025836229 -0.0738642663 0.9891559482 0.1269433200 0.5134256482 -0.0714071244 0.8551579714
-37.4 -155.7 2209.3 0.8462372422 -0.0376831032 -0.5314720273 0.0159633923 0.9988411665 -0.0454033650 0.5325670838 0.0299379211 0.8458581567
-22.7 -547.0 2197.6 0.8501234055 0.0248367060 -0.5259974599 0.0854364187 0.9791464806 0.1843170077 0.5196064115 -0.2016315460 0.8302733898
-180.9 -252.1 1978.4 0 0 0 0 0 0 0 0 0
123.1 225.4 2042.9 0 0 0 0 0 0 0 0 0
-215.6 -889.4 2080.4 0 0 0 0 0 0 0 0 0
-32.0 -915.5 2273.5 0 0 0 0 0 0 0 0 0
-15.2 435.9 2155.2 0.8407979608 0.1774646491 -0.5114343762 -0.1464995146 0.9840795398 0.1006245390 0.5211493969 -0.0096800253 0.8534106016
-51.3 235.8 2157.2 0.8407979608 0.1774646491 -0.5114343762 -0.1464995146 0.9840795398 0.1006245390 0.5211493969 -0.0096800253 0.8534106016
-86.2 43.1 2159.3 0.8407515287 0.1785099208 -0.5111468434 -0.1467561722 0.9838774800 0.1022140980 0.5211520791 -0.0109227067 0.8533939123
-171.1 256.7 2083.0 0.2422876805 -0.1680940688 -0.9555318356 0.9596151710 0.1866341084 0.2104909867 0.1429525465 -0.9679421782 0.2065247595
-234.7 4.7 2045.4 -0.1949916929 -0.1747297943 -0.9651154280 0.9480642676 0.2185427994 -0.2311128825 0.2513013184 -0.9600565434 0.1230410486
68.5 214.8 2231.4 0.1387233138 0.9434528351 -0.3010856211 -0.9768823385 0.1802961230 0.1148661301 0.1626553535 0.2781906128 0.9466537237
93.6 38.2 2260.8 0.0951143503 0.9434528351 0.3175688386 0.6566678286 0.1802961230 -0.7323118448 -0.7481581569 0.2781906128 -0.6023864150
-196.0 -135.6 2117.2 0.8522128463 -0.0667978004 -0.5189135671 -0.0328832194 0.9830170274 -0.1805442870 0.5221608281 0.1709257066 0.8355432153
-169.9 -520.6 2050.2 0.8503763080 0.1109733731 -0.5143393874 -0.0504750647 0.9902030230 0.1301929504 0.5237483978 -0.0847516954 0.8476465940
-42.8 -160.6 2209.6 0.8379886746 -0.0587541834 -0.5425153375 0.0316065066 0.9977436066 -0.0592346676 0.5447714925 0.0324909650 0.8379548788
-19.8 -551.3 2196.9 0.8418031335 0.0384025313 -0.5384168625 0.0901078060 0.9734723568 0.2103144377 0.5322105289 -0.2255589217 0.8160117269
-181.2 -255.2 1976.5 0 0 0 0 0 0 0 0 0
121.1 228.2 2044.4 0 0 0 0 0 0 0 0 0
-211.7 -893.5 2082.1 0 0 0 0 0 0 0 0 0
-34.2 -917.7 2281.7 0 0 0 0 0 0 0 0 0
-14.8 435.7 2164.3 0.8102118373 0.1808888018 -0.5575267076 -0.1532413512 0.9834761620 0.0963933468 0.5657507181 0.0073371120 0.8245437145
-51.3 237.3 2162.8 0.8102118373 0.1808888018 -0.5575267076 -0.1532413512 0.9834761620 0.0963933468 0.5657507181 0.0073371120 0.8245437145
-86.3 44.6 2161.5 0.8105164170 0.1794668585 -0.5575435162 -0.1515786201 0.9837428331 0.0963014886 0.5657623410 0.0064577381 0.8245430589
-166.6 258.9 2082.3 0.2592149377 -0.1189650074 -0.9584648609 0.9556274414 0.1753831357 0.2366789430 0.1399420649 -0.9772861004 0.1591481566
-235.2 5.8 2045.2 -0.1926206648 -0.1295825094 -0.9726796150 0.9491115808 0.2270960957 -0.2182077020 0.2491676509 -0.9652128220 0.0792448521
64.1 215.6 2243.3 0.1717315018 0.9423070550 -0.2873424292 -0.9805107117 0.1917462945 0.0428036451 0.0954310223 0.2743915915 0.9568710327
95.3 37.6 2260.6 0.0812235847 0.9423070550 0.3247462511 0.6642296910 0.1917462945 -0.7225179672 -0.7431026697 0.2743915915 -0.6103340387
-197.1 -136.3 2114.4 0.8214800954 -0.0719178841 -0.5656839013 -0.0311038028 0.9848871231 -0.1703816354 0.5693882704 0.1575600505 0.8068282604
-168.9 -522.1 2052.6 0.8190648556 0.1098643020 -0.5630831718 -0.0550872833 0.9920182824 0.1134243608 0.5710501075 -0.0618831813 0.8185794353
-45.2 -162.9 2208.5 0.8054575920 -0.0661812052 -0.5889465809 0.0441165753 0.9976837635 -0.0517769903 0.5910090804 0.0157218631 0.8065116405
-19.2 -553.6 2202.4 0.8064086437 0.0431986637 -0.5897787809 0.0625933111 0.9854905605 0.1577670574 0.5880367160 -0.1641409248 0.7920041680
-182.4 -254.4 1976.9 0 0 0 0 0 0 0 0 0
118.8 230.2 2045.2 0 0 0 0 0 0 0 0 0
-210.3 -895.6 2075.9 0 0 0 0 0 0 0 0 0
-35.5 -923.9 2264.1 0 0 0 0 0 0 0 0 0
-14.9 435.8 2168.3 0.8195680380 0.1837934852 -0.5427045226 -0.1661929190 0.9826925993 0.0818237141 0.5483503938 0.0231335461 0.8359286189
-51.9 238.1 2163.6 0.8195680380 0.1837934852 -0.5427045226 -0.1661929190 0.9826925993 0.0818237141 0.5483503938 0.0231335461 0.8359286189
-87.6 45.6 2159.5 0.8199746609 0.1825054437 -0.5425249338 -0.1640108824 0.9829784632 0.0827872604 0.5483995080 0.0210965406 0.8359503150
-168.6 261.5 2085.5 0.2534219921 -0.1363700926 -0.9576954246 0.9552783370 0.1912315637 0.2255521715 0.1523830146 -0.9720255733 0.1787336767
-235.2 10.5 2045.5 -0.1811427176 -0.1417814791 -0.9731830955 0.9528956413 0.2194683999 -0.2093405426 0.2432635427 -0.9652624726 0.0953478515
64.9 214.7 2241.7 0.1747097820 0.9426414371 -0.2844356894 -0.9795107245 0.1957839578 0.0471951030 0.1001760066 0.2703623772 0.9575327635
96.5 37.1 2259.8 0.0711435005 0.9426414371 0.3261376619 0.6734939814 0.1957839578 -0.7127934694 -0.7357611656 0.2703623772 -0.6209345460
-194.5 -134.3 2109.2 0.8303168416 -0.0652668700 -0.5534565449 -0.0279838927 0.9869826436 -0.1583733410 0.5565885901 0.1469879150 0.8176819086
-168.9 -520.9 2051.6 0.8278822899 0.1074553579 -0.5505127907 -0.0528815575 0.9920589924 0.1141160652 0.5584035516 -0.0653626919 0.8269904852
-48.2 -161.8 2211.3 0.8151184916 -0.0752763227 -0.5743826032 0.0432399102 0.9966614246 -0.0692558512 0.5776782632 0.0316154771 0.8156520724
-18.7 -552.1 2198.9 0.8170030713 0.0462854356 -0.5747727156 0.0744337216 0.9799688458 0.1847179830 0.5718091130 -0.1936976314 0.7971923351
-185.6 -250.8 1978.8 0 0 0 0 0 0 0 0 0
117.1 232.0 2047.0 0 0 0 0 0 0 0 0 0
-209.4 -894.5 2076.2 0 0 0 0 0 0 0 0 0
-36.1 -920.6 2271.7 0 0 0 0 0 0 0 0 0
-15.8 433.5 2170.8 0.8050882816 0.1820053905 -0.5645412803 -0.1657011360 0.9828792214 0.0805703178 0.5695401430 0.0286789089 0.8214630485
-52.3 236.2 2165.0 0.8050882816 0.1820053905 -0.5645412803 -0.1657011360 0.9828792214 0.0805703178 0.5695401430 0.0286789089 0.8214630485
-87.1 43.5 2159.6 0.8058589101 0.1775759012 -0.5648523569 -0.1614864916 0.9837183356 0.0788690001 0.5696608424 0.0276587363 0.8214143515
-167.1 259.2 2083.9 0.2638219297 -0.1135773659 -0.9578612447 0.9529681206 0.1842575669 0.2406260669 0.1491635144 -0.9762936831 0.1568467915
-235.2 13.3 2045.4 -0.1491165161 -0.1219956428 -0.9812651873 0.9555758238 0.2373737246 -0.1747241169 0.2542421520 -0.9637275338 0.0811797455
62.4 213.1 2246.1 0.1949472129 0.9376683235 -0.2877041101 -0.9777702093 0.2088838071 0.0182484761 0.0772077516 0.2777510285 0.9575454593
96.7 41.2 2259.7 0.0687404275 0.9376683235 0.3406652808 0.6719462276 0.2088838071 -0.7105320692 -0.7374029160 0.2777510285 -0.6157039404
-197.4 -132.0 2105.8 0.8154500723 -0.0718072057 -0.5743560791 -0.0263204295 0.9866487384 -0.1607217193 0.5782286525 0.1461778432 0.8026728034
-169.2 -518.5 2048.6 0.8151445985 0.1064504907 -0.5693922639 -0.0291913766 0.9892692566 0.1431579143 0.5785214901 -0.1000730544 0.8095049262
-49.3 -161.7 2204.9 0.7985461354 -0.0754759982 -0.5971829295 0.0555895939 0.9971148968 -0.0516883247 0.5993612409 0.0080783563 0.8004379272
-19.7 -552.1 2201.7 0.7990761995 0.0362163223 -0.6001380086 0.0682411268 0.9862701893 0.1503803134 0.5973444581 -0.1611194164 0.7856335640
-194.3 -248.5 1975.7 0 0 0 0 0 0 0 0 0
116.3 233.0 2049.2 0 0 0 0 0 0 0 0 0
-209.3 -890.9 2086.2 0 0 0 0 0 0 0 0 0
-33.3 -923.1 2262.3 0 0 0 0 0 0 0 0 0
-13.4 431.3 2172.5  0.8017205596 0.1863915622 -0.5678929090 -0.1711441875 0.9819374084 0.0806754977 0.5726725459 0.0325123705 0.8191392422
-50.7 234.8 2166.0 0.8017205596 0.1863915622 -0.5678929090 -0.1711441875 0.9819374084 0.0806754977 0.5726725459 0.0325123705 0.8191392422
-86.2 42.3 2160.0 0.8026683331 0.1814227104 -0.5681631565 -0.1660811007 0.9829238653 0.0792319402 0.5728356242 0.0307641961 0.8190927505
-165.0 258.4 2084.4 0.2708721459 -0.1069553792 -0.9566550255 0.9496130943 0.1924803853 0.2473586649 0.1576810032 -0.9754546881 0.1537037939
-235.4 11.8 2043.5 -0.1100892052 -0.1144312024 -0.9873124361 0.9570427537 0.2558755875 -0.1363704354 0.2682341635 -0.9599131346 0.0813464150
63.7 211.1 2247.6 0.2037487775 0.9357646108 -0.2878037095 -0.9765070677 0.2153079957 0.0087402482 0.0701452568 0.2792615592 0.9576495290
99.3 40.1 2259.9 0.0567340814 0.9357646108 0.3480313122 0.6897054911 0.2153079957 -0.6913384199 -0.7218639255 0.2792615592 -0.6331866980
-194.6 -134.5 2102.8 0.8125767708 -0.0647252351 -0.5792492032 -0.0281517077 0.9882966876 -0.1499236524 0.5821739435 0.1381313354 0.8012447953
-169.3 -521.6 2048.7 0.8123262525 0.1063682139 -0.5734211802 -0.0305037126 0.9896303415 0.1403614730 0.5824049711 -0.0965278372 0.8071473241
-49.0 -163.7 2205.7 0.7960302234 -0.0740552098 -0.6007093787 0.0519184023 0.9971830845 -0.0541326515 0.6030260324 0.0119033549 0.7976326942
-20.0 -554.3 2201.0 0.7971726060 0.0341112241 -0.6027870774 0.0772879273 0.9844227433 0.1579192579 0.5987840891 -0.1724770665 0.7821184397
-205.2 -250.3 1970.0 0 0 0 0 0 0 0 0 0
115.8 239.7 2051.1 0 0 0 0 0 0 0 0 0
-209.3 -894.3 2085.0 0 0 0 0 0 0 0 0 0
-32.9 -924.8 2265.9 0 0 0 0 0 0 0 0 0
-14.0 428.6 2174.4  0.7879267335 0.1876069605 -0.5864939094 -0.1708744317 0.9816668034 0.0844527110 0.5915855169 0.0336742662 0.8055387139
-51.5 232.3 2167.7 0.7879267335 0.1876069605 -0.5864939094 -0.1708744317 0.9816668034 0.0844527110 0.5915855169 0.0336742662 0.8055387139
-86.6 39.7 2161.3 0.7893182635 0.1791962385 -0.5872524381 -0.1634201556 0.9832758307 0.0803893358 0.5918366313 0.0325161181 0.8054018617
-164.0 255.6 2083.4 0.2777027786 -0.0844505578 -0.9569479227 0.9472731948 0.1898313165 0.2581426203 0.1598583907 -0.9781779647 0.1327144355
-235.2 12.5 2042.3 -0.0834299698 -0.0914871469 -0.9923051596 0.9576421976 0.2680454254 -0.1052284911 0.2756099105 -0.9590525031 0.0652489290
60.9 209.0 2252.0 0.2578278780 0.9234265089 -0.2842680216 -0.9660165310 0.2519602776 -0.0576892048 0.0183525104 0.2894814909 0.9570076466
104.2 46.8 2255.1 0.0313317329 0.9234265089 0.3824942410 0.7022859454 0.2519602776 -0.6658156514 -0.7112051249 0.2894814909 -0.6406151056
-194.2 -135.2 2102.2 0.7989918590 -0.0627594665 -0.5980578661 -0.0283062570 0.9895113707 -0.1416546404 0.6006752253 0.1301096827 0.7888350487
-169.7 -522.8 2051.3 0.7976852059 0.1008080021 -0.5945889950 -0.0419168659 0.9928136468 0.1120893508 0.6016155481 -0.0644887090 0.7961783409
-49.2 -165.3 2205.7 0.7819551229 -0.0776297897 -0.6184818745 0.0507229231 0.9968486428 -0.0609914400 0.6212675571 0.0163213611 0.7834284902
-18.8 -555.7 2199.3 0.7839316130 0.0416767634 -0.6194467545 0.0856404230 0.9809471965 0.1743796915 0.6149121523 -0.1897514313 0.7654262781
-212.4 -249.8 1966.9 0 0 0 0 0 0 0 0 0
113.1 247.2 2052.1 0 0 0 0 0 0 0 0 0
-207.6 -896.5 2075.5 0 0 0 0 0 0 0 0 0
-34.5 -925.0 2270.8 0 0 0 0 0 0 0 0 0
-14.3 426.5 2173.8  0.8126320243 0.1869324297 -0.5519831777 -0.1769760996 0.9815871716 0.0718754306 0.5552554727 0.0392795578 0.8307517767
-51.6 230.4 2166.0 0.8126320243 0.1869324297 -0.5519831777 -0.1769760996 0.9815871716 0.0718754306 0.5552554727 0.0392795578 0.8307517767
-86.1 37.7 2158.7 0.8145232797 0.1760883033 -0.5527610779 -0.1667377353 0.9836767912 0.0676643550 0.5556531549 0.0370519347 0.8305882215
-167.6 254.1 2086.9 0.2635350823 -0.1223850623 -0.9568548203 0.9478848577 0.2169785649 0.2333122790 0.1790630519 -0.9684741497 0.1731884032
-235.3 10.4 2040.9 -0.0723424330 -0.1265707612 -0.9893161058 0.9571055770 0.2702157199 -0.1045578420 0.2805627584 -0.9544439912 0.1015935242
64.3 206.6 2245.1 0.3005039692 0.9030469656 -0.3069260120 -0.9527376890 0.2992528379 -0.0523321405 0.0445901006 0.3081459999 0.9502935410
113.7 50.0 2252.4 0.0003619838 0.9030469656 0.4295417070 0.7168524861 0.2992528379 -0.6297382116 -0.6972247362 0.3081459999 -0.6472431421
-193.0 -138.1 2101.5 0.8235087395 -0.0599853955 -0.5641233325 -0.0241937172 0.9897758365 -0.1405647099 0.5667874813 0.1294045001 0.8136377931
-169.5 -525.8 2050.8 0.8217582703 0.1055950001 -0.5599669814 -0.0418551341 0.9912111759 0.1254933625 0.5682969689 -0.0796877220 0.8189556599
-50.4 -167.7 2208.4 0.8070600629 -0.0821476802 -0.5847271085 0.0520854779 0.9963192344 -0.0680816770 0.5881676078 0.0244902130 0.8083681464
-18.2 -557.9 2198.8 0.8087176085 0.0454520956 -0.5864383578 0.0805026367 0.9790750742 0.1868993044 0.5826621056 -0.1983585954 0.7881362438
-215.5 -251.9 1964.0 0 0 0 0 0 0 0 0 0
113.8 253.1 2054.8 0 0 0 0 0 0 0 0 0
-209.3 -899.0 2080.8 0 0 0 0 0 0 0 0 0
-35.3 -926.6 2273.5 0 0 0 0 0 0 0 0 0
-13.5 423.9 2168.1  0.8229513168 0.1957854927 -0.5333096385 -0.1802933663 0.9802188873 0.0816410780 0.5387443304 0.0289655663 0.8419712186
-52.6 228.3 2162.3 0.8229513168 0.1957854927 -0.5333096385 -0.1802933663 0.9802188873 0.0816410780 0.5387443304 0.0289655663 0.8419712186
-89.0 35.9 2156.8 0.8246886730 0.1857130080 -0.5342277288 -0.1713563502 0.9822018743 0.0769185573 0.5390042663 0.0281094499 0.8418338895
-170.1 252.7 2085.5 0.2548539340 -0.1395061314 -0.9568633437 0.9503361583 0.2189378738 0.2211953551 0.1786355227 -0.9657143950 0.1883749068
-235.5 8.8 2039.7 -0.0712571293 -0.1435583830 -0.9870731831 0.9564731121 0.2709200382 -0.1084502935 0.2829868495 -0.9518368244 0.1180047542
64.8 203.9 2239.0 0.3267892599 0.8807471991 -0.3427727222 -0.9414655566 0.3351330459 -0.0364478678 0.0827731118 0.3346194923 0.9387110472
117.2 53.1 2252.3 -0.0175603479 0.8807471991 0.4732610285 0.7291886210 0.3351330459 -0.5966320634 -0.6840873957 0.3346194923 -0.6481158733
-194.2 -139.9 2101.3 0.8345417976 -0.0657641441 -0.5470055342 -0.0174739752 0.9891913533 -0.1455855072 0.5506674647 0.1310555637 0.8243723512
-168.4 -527.4 2050.0 0.8318392038 0.1122496501 -0.5435471535 -0.0439341739 0.9895790219 0.1371246725 0.5532750487 -0.0901853815 0.8281022310
-47.1 -170.0 2201.6 0.8189228177 -0.0738245398 -0.5691356063 0.0609764531 0.9972710609 -0.0416211374 0.5706551075 -0.0006193689 0.8211895823
-18.2 -560.5 2201.9 0.8188176155 0.0457863063 -0.5722248554 0.0586647280 0.9849211574 0.1627535224 0.5710482597 -0.1668348759 0.8037847877
-215.9 -253.3 1962.1 0 0 0 0 0 0 0 0 0
112.1 262.3 2056.0 0 0 0 0 0 0 0 0 0
-210.7 -900.0 2083.9 0 0 0 0 0 0 0 0 0
-35.4 -931.2 2264.7 0 0 0 0 0 0 0 0 0
-12.0 424.1 2164.7  0.8268427253 0.2027208209 -0.5246287584 -0.1835138500 0.9789748192 0.0890562758 0.5316519141 0.0226411056 0.8466602564
-52.5 228.3 2160.1 0.8268427253 0.2027208209 -0.5246287584 -0.1835138500 0.9789748192 0.0890562758 0.5316519141 0.0226411056 0.8466602564
-90.0 36.1 2155.7 0.8287438750 0.1914969683 -0.5258445144 -0.1740605980 0.9812299013 0.0830110237 0.5318707228 0.0227339417 0.8465203643
-170.6 253.1 2084.4 0.2496570349 -0.1467968374 -0.9571426511 0.9519525170 0.2182533443 0.2148297876 0.1773632467 -0.9647881389 0.1942321062
-236.7 1.0 2037.4 -0.0807718486 -0.1505230069 -0.9853013158 0.9580623507 0.2609539330 -0.1184044257 0.2749408782 -0.9535438418 0.1231326833
65.6 203.5 2235.9 0.3581417799 0.8548606038 -0.3754301667 -0.9266334176 0.3747065663 -0.0307494551 0.1143896505 0.3588987887 0.9263404608
121.5 58.8 2253.8 -0.0373606645 0.8548606038 0.5175108910 0.7343673110 0.3747065663 -0.5659502745 -0.6777232885 0.3588987887 -0.6417809725
-199.8 -140.9 2102.6 0.8385872841 -0.0819900557 -0.5385619998 -0.0063732918 0.9870650768 -0.1601933986 0.5447300076 0.1377685517 0.8272176385
-167.7 -527.5 2048.7 0.8345316648 0.1153431386 -0.5387512445 -0.0473176166 0.9892324209 0.1384927183 0.5489243865 -0.0900841355 0.8310035467
-50.9 -171.9 2200.0 0.8234650493 -0.0834646747 -0.5611942410 0.0731313601 0.9964835048 -0.0408950299 0.5626341105 -0.0073652752 0.8266732097
-18.2 -562.2 2202.9 0.8226612210 0.0458110943 -0.5666831732 0.0516140498 0.9866142869 0.1546874195 0.5661841631 -0.1565041542 0.8092848659
-214.5 -261.4 1962.1 0 0 0 0 0 0 0 0 0
110.6 272.7 2056.4 0 0 0 0 0 0 0 0 0
-211.2 -900.1 2082.6 0 0 0 0 0 0 0 0 0
-35.4 -933.6 2261.8 0 0 0 0 0 0 0 0 0
-11.1 424.2 2163.0  0.8063762188 0.2100814432 -0.5528319478 -0.1807375848 0.9775983095 0.1078678071 0.5631086230 0.0129354866 0.8262816668
-53.1 228.8 2160.4 0.8063762188 0.2100814432 -0.5528319478 -0.1807375848 0.9775983095 0.1078678071 0.5631086230 0.0129354866 0.8262816668
-91.8 36.9 2157.5 0.8083017468 0.1976763606 -0.5545920134 -0.1714925319 0.9801563621 0.0994172916 0.5632393360 0.0147492159 0.8261621594
-168.2 253.2 2080.2 0.2725504637 -0.1125456318 -0.9555363655 0.9481868744 0.1999508142 0.2469034046 0.1632723808 -0.9733206630 0.1612109840
-239.1 6.6 2037.7 -0.0893393978 -0.1184634939 -0.9889311790 0.9580165744 0.2613700032 -0.1178559512 0.2724385560 -0.9579415917 0.0901393443
62.0 204.5 2240.6 0.3943273723 0.8388562202 -0.3752681911 -0.9159981012 0.3916015923 -0.0871529132 0.0738468543 0.3781117201 0.9228098989
123.7 61.3 2252.1 -0.0484347083 0.8388562202 0.5421940088 0.7455466390 0.3916015923 -0.5392665267 -0.6646910906 0.3781117201 -0.6443735361
-202.4 -140.3 2103.2 0.8191673160 -0.0856564716 -0.5671224594 -0.0068821828 0.9872462749 -0.1590515375 0.5735133290 0.1341928542 0.8081303835
-168.8 -527.0 2050.6 0.8154060245 0.1066561714 -0.5689793229 -0.0486074239 0.9920243025 0.1162972376 0.5768451691 -0.0671728477 0.8140868545
-52.6 -171.8 2199.3 0.8040509820 -0.0885468051 -0.5879298449 0.0723529235 0.9960709214 -0.0510663912 0.5901415944 -0.0014784638 0.8072984219
-17.9 -561.9 2199.9 0.8043615222 0.0476382039 -0.5922272205 0.0784232467 0.9795461893 0.1853080243 0.5889416933 -0.1954990327 0.7841733694
-214.6 -255.8 1963.1 0 0 0 0 0 0 0 0 0
109.5 279.3 2057.8 0 0 0 0 0 0 0 0 0
-209.0 -900.5 2075.9 0 0 0 0 0 0 0 0 0
-35.8 -930.5 2273.5 0 0 0 0 0 0 0 0 0
-9.8 423.6 2162.6  0.7824132442 0.2116382569 -0.5856950879 -0.1729433388 0.9773312211 0.1221241280 0.5982642174 0.0057405238 0.8012783527
-52.2 228.0 2161.5 0.7824132442 0.2116382569 -0.5856950879 -0.1729433388 0.9773312211 0.1221241280 0.5982642174 0.0057405238 0.8012783527
-90.9 36.0 2159.7 0.7843381763 0.1978497207 -0.5879363418 -0.1637416184 0.9801920652 0.1114098951 0.5983330011 0.0088866204 0.8011983037
-163.8 251.3 2076.3 0.2874848545 -0.0736543536 -0.9549489617 0.9454254508 0.1814810634 0.2706203759 0.1533727944 -0.9806322455 0.1218077615
-236.9 10.7 2037.3 -0.0797011331 -0.0811028183 -0.9935140014 0.9582844377 0.2682079673 -0.0987693965 0.2744788527 -0.9599410295 0.0563430898
59.5 204.7 2246.6 0.4335789979 0.8274320960 -0.3568828404 -0.9011080265 0.3965047300 -0.1754658967 -0.0036803787 0.3976683319 0.9175218344
127.6 63.2 2246.1 -0.0624872111 0.8274320960 0.5580783486 0.7687529325 0.3965047300 -0.5017996430 -0.6364858747 0.3976683319 -0.6608673334
-203.5 -139.6 2103.7 0.7958742976 -0.0928439498 -0.5983009934 -0.0091814017 0.9862085581 -0.1652525067 0.6053922772 0.1370134652 0.7840455770
-167.2 -525.9 2050.0 0.7924594879 0.1153117642 -0.5989249945 -0.0423327014 0.9899962544 0.1345932484 0.6084536910 -0.0813055858 0.7894133925
-57.5 -170.5 2205.4 0.7800998092 -0.1017477587 -0.6173262596 0.0712285936 0.9947157502 -0.0739393234 0.6215873361 0.0137087684 0.7832248807
-17.7 -560.1 2200.1 0.7808603644 0.0489302166 -0.6227864027 0.0849324614 0.9793560505 0.1834344864 0.6189051270 -0.1961314976 0.7605845928
-215.1 -251.7 1962.1 0 0 0 0 0 0 0 0 0
109.3 288.5 2059.5 0 0 0 0 0 0 0 0 0
-210.6 -898.7 2080.7 0 0 0 0 0 0 0 0 0
-36.1 -928.8 2273.9 0 0 0 0 0 0 0 0 0
-8.5 422.8 2162.0  0.7451632023 0.2530904710 -0.6169902682 -0.2270802110 0.9661939740 0.1220808402 0.6270297766 0.0491361246 0.7774440646
-65.5 205.3 2150.9 0.7451632023 0.2530904710 -0.6169902682 -0.2270802110 0.9661939740 0.1220808402 0.6270297766 0.0491361246 0.7774440646
-92.7 12.0 2158.3 0.7736867666 0.1380263269 -0.6183506846 -0.0844371915 0.9897380471 0.1152775735 0.6279165149 -0.0369769372 0.7774018049
-175.3 217.2 2061.8 0.2743238807 -0.0523137860 -0.9602133632 0.9549636245 0.1322539896 0.2656187117 0.1130965352 -0.9898344278 0.0862381905
-237.3 1.4 2036.2 -0.0916358531 -0.0662474632 -0.9935864806 0.9560440779 0.2732407749 -0.1063917652 0.2785365283 -0.9596617818 0.0382968448
44.3 193.3 2240.0 0.5824052095 0.6808855534 -0.4440709949 -0.8127669096 0.4975771308 -0.3030295670 0.0146311196 0.5374122262 0.8431927562
132.0 70.8 2242.2 -0.0848574489 0.6808855534 0.7274572849 0.7824339271 0.4975771308 -0.3744518459 -0.6169249415 0.5374122262 -0.5749710798
-198.1 -149.2 2105.3 0.7867072225 -0.0921024308 -0.6104170084 -0.0168808103 0.9852283597 -0.1704116762 0.6170954704 0.1443684250 0.7735314965
-162.8 -527.3 2049.9 0.7811107635 0.1410740763 -0.6082467437 -0.0617186539 0.9868156314 0.1496185660 0.6213346720 -0.0793285072 0.7795192003
-58.9 -170.7 2212.0 0.7664618492 -0.1050459668 -0.6336414814 0.0624671802 0.9940499067 -0.0892337635 0.6392449141 0.0288124811 0.7684632540
-17.8 -560.0 2200.7 0.7677044868 0.0476856530 -0.6390273571 0.0841883197 0.9810779691 0.1743510664 0.6352497339 -0.1876487285 0.7491633892
-212.1 -261.7 1959.6 0 0 0 0 0 0 0 0 0
107.2 299.8 2061.7 0 0 0 0 0 0 0 0 0
-215.9 -898.8 2079.7 0 0 0 0 0 0 0 0 0
-35.7 -929.4 2271.4 0 0 0 0 0 0 0 0 0
-6.9 421.2 2161.6  0.7250020504 0.2688724399 -0.6340974569 -0.2599768043 0.9593801498 0.1095527932 0.6377962232 0.0854246318 0.7654531598
-71.8 189.8 2141.0 0.7250020504 0.2688724399 -0.6340974569 -0.2599768043 0.9593801498 0.1095527932 0.6377962232 0.0854246318 0.7654531598
-89.7 -2.7 2164.4 0.7739703059 0.0909963548 -0.6266494989 0.0051023355 0.9886924028 0.1498707980 0.6332013011 -0.1191929281 0.7647542953
-181.6 189.0 2051.5 0.2505314946 -0.0338454247 -0.9675166607 0.9611281753 0.1284905523 0.2443824112 0.1160455272 -0.9911330342 0.0647207201
-237.1 -24.1 2025.7 -0.1133563817 -0.0496580452 -0.9923126698 0.9576480389 0.2606128454 -0.1224382669 0.2646894753 -0.9641654491 0.0180128012
38.0 190.6 2230.5 0.6620538831 0.5657867789 -0.4914976358 -0.7468670011 0.5525434613 -0.3699803054 0.0622438192 0.6120302677 0.7883810401
136.5 79.4 2239.8 -0.1057145894 0.5657867789 0.8177467585 0.7847418189 0.5525434613 -0.2808487117 -0.6107410789 0.6120302677 -0.5024085045
-188.2 -177.7 2109.9 0.7955186367 -0.0540806875 -0.6035108566 -0.0474008657 0.9874023199 -0.1509627700 0.6040722132 0.1487006396 0.7829335332
-167.3 -560.2 2052.3 0.7912534475 0.1374492943 -0.5958403349 -0.0815327093 0.9894239306 0.1199693680 0.6060283780 -0.0463457033 0.7940917015
-50.2 -188.8 2222.3 0.7738706470 -0.0804659575 -0.6282113194 0.0314132385 0.9955521226 -0.0888208598 0.6325641870 0.0490017012 0.7729562521
-18.7 -578.6 2203.1 0.7780895233 0.0483350828 -0.6262909770 0.0894139931 0.9783600569 0.1865925044 0.6217570305 -0.2011848539 0.7569298744
-205.9 -288.2 1952.7 0 0 0 0 0 0 0 0 0
105.9 306.8 2062.8 0 0 0 0 0 0 0 0 0
-219.0 -932.6 2069.7 0 0 0 0 0 0 0 0 0
-36.9 -947.0 2278.9 0 0 0 0 0 0 0 0 0
-6.0 418.0 2155.4  0.6954579949 0.2961286604 -0.6547106504 -0.2722467780 0.9517946243 0.1413104832 0.6649961472 0.0799673647 0.7425532341
-79.3 182.7 2135.7 0.6954579949 0.2961286604 -0.6547106504 -0.2722467780 0.9517946243 0.1413104832 0.6649961472 0.0799673647 0.7425532341
-88.3 -8.7 2170.3 0.7578055263 0.0452129319 -0.6509121060 0.0812075436 0.9833040833 0.1628447026 0.6474072337 -0.1762635857 0.7414816022
-186.7 171.2 2044.1 0.2047316730 -0.0052854037 -0.9788038731 0.9713543057 0.1243535355 0.2025019974 0.1206474155 -0.9922239184 0.0305931084
-233.8 -52.4 2016.3 -0.1825550199 -0.0238967538 -0.9829052091 0.9575602412 0.2224755138 -0.1832566112 0.2230515778 -0.9746453762 -0.0177314375
28.2 194.3 2227.2 0.7040276527 0.4964695275 -0.5078022480 -0.7040710449 0.5814745426 -0.4076411426 0.0928926766 0.6445194483 0.7589239478
137.7 84.8 2241.7 -0.1124304384 0.4964695275 0.8607423306 0.7793073654 0.5814745426 -0.2335966527 -0.6164733768 0.6445194483 -0.4522778094
-176.7 -197.6 2131.4 0.7905470729 -0.0182920713 -0.6121280193 -0.0985146016 0.9827373028 -0.1565958858 0.6044254899 0.1840999722 0.7750980854
-169.6 -580.0 2059.7 0.7882578373 0.1306749135 -0.6013098955 -0.1169287413 0.9911954999 0.0621217005 0.6041334271 0.0213424917 0.7965973020
-38.0 -194.6 2244.6 0.7690576315 -0.0597283766 -0.6363826394 -0.0244215224 0.9921516180 -0.1226324588 0.6387127042 0.1098528579 0.7615631223
-14.7 -582.4 2201.7 0.7813535929 0.0763685182 -0.6193984151 0.0778931156 0.9727905989 0.2181998342 0.6192085743 -0.2187380940 0.7541448474
-183.6 -316.0 1954.9 0 0 0 0 0 0 0 0 0
105.1 310.5 2063.1 0 0 0 0 0 0 0 0 0
-218.6 -952.3 2051.7 0 0 0 0 0 0 0 0 0
-43.4 -948.5 2284.0 0 0 0 0 0 0 0 0 0
-5.7 418.5 2158.4  0.7030563354 0.2958719134 -0.6466619372 -0.2906464636 0.9494734406 0.1184261665 0.6490272880 0.1046897471 0.7535274625
-80.7 177.8 2131.8 0.7030563354 0.2958719134 -0.6466619372 -0.2906464636 0.9494734406 0.1184261665 0.6490272880 0.1046897471 0.7535274625
-86.8 -14.2 2167.1 0.7677474022 0.0307676159 -0.6400134563 0.0921146572 0.9831712246 0.1577632725 0.6340968609 -0.1800769717 0.7519930005
-189.8 164.7 2041.8 0.1491447687 -0.0227696728 -0.9885531664 0.9813471437 0.1260476857 0.1451542825 0.1212997213 -0.9917628169 0.0411443077
-226.8 -78.7 2011.7 -0.2904054224 -0.0263693389 -0.9565402865 0.9466841221 0.1377861053 -0.2912114859 0.1394770145 -0.9901109338 -0.0150503963
28.5 190.9 2221.8 0.7200249434 0.4467246830 -0.5310378075 -0.6827488542 0.5929572582 -0.4269141257 0.1241696477 0.6699542999 0.7319447994
138.0 87.0 2240.7 -0.1144800037 0.4467246830 0.8873169422 0.7805563807 0.5929572582 -0.1978217065 -0.6145128608 0.6699542999 -0.4165755510
-165.2 -208.5 2147.0 0.8021701574 0.0149973938 -0.5969070792 -0.1436906904 0.9751545787 -0.1686017960 0.5795481205 0.2210173309 0.7843949199
-171.1 -588.7 2060.8 0.8072336912 0.1155204773 -0.5788167119 -0.1054160818 0.9931098223 0.0511890985 0.5807419419 0.0196950212 0.8138494492
-29.2 -192.8 2263.0 0.7829785943 -0.0449435599 -0.6204229593 -0.0636245459 0.9863694310 -0.1517474651 0.6187862754 0.1582891345 0.7694466114
-11.7 -578.2 2201.1 0.7997009754 0.0948726982 -0.5928553939 0.0512455143 0.9730475545 0.2248385251 0.5982075334 -0.2101847678 0.7732852697
-147.4 -337.5 1973.6 0 0 0 0 0 0 0 0 0
104.9 312.8 2063.0 0 0 0 0 0 0 0 0 0
-214.5 -962.3 2053.4 0 0 0 0 0 0 0 0 0
-47.4 -944.6 2280.2 0 0 0 0 0 0 0 0 0
-5.2 418.2 2153.3  0.6959996819 0.2924799621 -0.6557742357 -0.2797022462 0.9515763521 0.1275505275 0.6613252163 0.0946464017 0.7441041470
-80.6 173.0 2128.9 0.6959996819 0.2924799621 -0.6557742357 -0.2797022462 0.9515763521 0.1275505275 0.6613252163 0.0946464017 0.7441041470
-89.5 -18.7 2166.4 0.7606861591 0.0453913361 -0.6475308537 0.0901962593 0.9804837704 0.1746889800 0.6428228617 -0.1912883520 0.7417463064
-188.8 160.1 2037.5 0.1264599562 -0.0087795528 -0.9919328690 0.9857786298 0.1126759052 0.1246780679 0.1106723174 -0.9935929775 0.0229036864
-220.9 -89.9 2009.4 -0.3426481783 -0.0007380919 -0.9394634962 0.9355648160 0.0907439813 -0.3412975371 0.0855025649 -0.9958739877 -0.0304027293
27.7 185.9 2220.4 0.7500467300 0.3756403625 -0.5443567634 -0.6421177983 0.6108013988 -0.4632562697 0.1584761143 0.6970049739 0.6993349791
138.5 91.0 2243.8 -0.1098107696 0.3756403625 0.9202368855 0.7761197686 0.6108013988 -0.1567154825 -0.6209506392 0.6970049739 -0.3586144745
-162.0 -215.0 2145.4 0.7927016616 0.0268469471 -0.6090183258 -0.1520180106 0.9761744142 -0.1548354477 0.5903512239 0.2153200656 0.7778963447
-172.5 -596.5 2061.2 0.8001042604 0.1048849225 -0.5906202793 -0.0946866795 0.9943343401 0.0483076200 0.5923407674 0.0172727406 0.8055023551
-23.7 -197.8 2259.5 0.7742574215 -0.0252332911 -0.6323675513 -0.0692100078 0.9898359776 -0.1242365837 0.6290750504 0.1399572641 0.7646414638
-13.8 -585.0 2204.7 0.7919938564 0.0838595331 -0.6047422886 0.0586953908 0.9754752517 0.2121387720 0.6077010036 -0.2035081983 0.7676482797
-127.0 -346.4 1986.0 0 0 0 0 0 0 0 0 0
106.7 315.4 2064.3 0 0 0 0 0 0 0 0 0
-211.9 -970.7 2054.7 0 0 0 0 0 0 0 0 0
-45.4 -952.2 2281.4 0 0 0 0 0 0 0 0 0
-2.4 421.2 2150.8  0.7075428963 0.2866576910 -0.6459183097 -0.2644374669 0.9550239444 0.1341719329 0.6553288698 0.0758725926 0.7515234351
-76.9 173.0 2131.1 0.7075428963 0.2866576910 -0.6459183097 -0.2644374669 0.9550239444 0.1341719329 0.6553288698 0.0758725926 0.7515234351
-84.4 -20.0 2162.4 0.7642118931 0.0380578823 -0.6438414454 0.0743772015 0.9863973260 0.1465891004 0.6406623125 -0.1599122584 0.7509859204
-185.7 162.4 2039.9 0.1139007658 -0.0194077622 -0.9933025241 0.9871917963 0.1146307141 0.1109603271 0.1117094904 -0.9932186007 0.0322157107
-215.5 -95.9 2010.7 -0.3701296151 -0.0043189861 -0.9289700985 0.9261025190 0.0769320279 -0.3693447709 0.0730627477 -0.9970269799 -0.0244749989
32.0 183.6 2222.3 0.7644898891 0.3546096087 -0.5383374691 -0.6236111522 0.6183642745 -0.4782622755 0.1632922292 0.7013399005 0.6938717365
140.6 95.0 2245.5 -0.1169523001 0.3546096087 0.9276713729 0.7735275626 0.6183642745 -0.1388552934 -0.6228782535 0.7013399005 -0.3466194272
-167.1 -218.8 2145.9 0.7978138924 0.0096668312 -0.6028262973 -0.1404258758 0.9753513336 -0.1702068448 0.5863220692 0.2204457968 0.7795063257
-170.8 -600.4 2059.7 0.8025771379 0.1250006855 -0.5833050013 -0.1064363196 0.9921159744 0.0661605969 0.5869763494 0.0089858565 0.8095542192
-29.8 -202.3 2261.8 0.7778521180 -0.0438289866 -0.6269171238 -0.0622569285 0.9872839451 -0.1462686807 0.6253560185 0.1528053433 0.7652322650
-12.7 -588.6 2202.0 0.7976525426 0.0930887610 -0.5958899856 0.0686622411 0.9675771594 0.2430636138 0.5991960168 -0.2347954512 0.7653987408
-113.6 -350.8 1990.6 0 0 0 0 0 0 0 0 0
107.0 317.4 2066.4 0 0 0 0 0 0 0 0 0
-217.9 -973.9 2056.3 0 0 0 0 0 0 0 0 0
-47.7 -952.8 2290.4 0 0 0 0 0 0 0 0 0
-4.8 419.4 2156.0  0.7319050431 0.2442654073 -0.6361206174 -0.2116645724 0.9688583016 0.1284979582 0.6476983428 0.0405958854 0.7608146071
-61.0 196.5 2146.7 0.7319050431 0.2442654073 -0.6361206174 -0.2116645724 0.9688583016 0.1284979582 0.6476983428 0.0405958854 0.7608146071
-81.9 3.6 2163.1 0.7648103833 0.1068237647 -0.6353375316 -0.0280041732 0.9907379150 0.1328687072 0.6436465383 -0.0838272646 0.7607181668
-169.5 200.4 2055.6 0.1450423896 -0.0146664456 -0.9893167615 0.9789568782 0.1471938789 0.1413414180 0.1435483843 -0.9889988899 0.0357071683
-212.6 -90.7 2012.9 -0.3548357785 0.0092393598 -0.9348829985 0.9318436384 0.0846612602 -0.3528454900 0.0758883059 -0.9963669777 -0.0386504829
47.5 192.5 2237.8 0.6497652531 0.5692383647 -0.5037587285 -0.7572944760 0.5420072079 -0.3643258512 0.0656526014 0.6182199717 0.7832584381
140.7 83.8 2247.2 -0.1024463624 0.5692383647 0.8157649636 0.7928338647 0.5420072079 -0.2786443830 -0.6007655263 0.6182199717 -0.5068380833
-165.4 -208.8 2132.9 0.7891935110 0.0173841808 -0.6138985157 -0.1264170706 0.9827913642 -0.1346843243 0.6009927988 0.1838992536 0.7778102160
-172.4 -603.2 2059.0 0.7937287688 0.1170965806 -0.5968945026 -0.0920523033 0.9931172729 0.0724182874 0.6012662053 -0.0025349623 0.7990447879
-22.8 -206.2 2251.5 0.7688578367 -0.0271667987 -0.6388423443 -0.0560396574 0.9923896790 -0.1096461117 0.6369593143 0.1201027781 0.7614842057
-12.2 -594.4 2204.5 0.7843312621 0.1036395878 -0.6116234660 0.0477203727 0.9729436040 0.2260607481 0.6185039878 -0.2064934224 0.7581644058
-114.7 -347.7 1992.0 0 0 0 0 0 0 0 0 0
111.6 309.3 2076.3 0 0 0 0 0 0 0 0 0
-216.5 -977.1 2060.0 0 0 0 0 0 0 0 0 0
-51.2 -960.6 2282.2 0 0 0 0 0 0 0 0 0
-6.1 418.8 2158.7  0.7398741245 0.2338468432 -0.6307946444 -0.1932170093 0.9720025063 0.1337098181 0.6444016099 0.0229518265 0.7643427253
-56.3 209.9 2153.7 0.7398741245 0.2338468432 -0.6307946444 -0.1932170093 0.9720025063 0.1337098181 0.6444016099 0.0229518265 0.7643427253
-87.3 17.7 2161.4 0.7592740059 0.1582326293 -0.6312412024 -0.0963050872 0.9866299033 0.1314792037 0.6436057091 -0.0390369967 0.7643610239
-164.0 223.6 2062.5 0.2235708237 0.0882384926 -0.9706853628 0.9633244276 0.1316233724 0.2338404208 0.1483986080 -0.9873648286 -0.0555751510
-225.0 -39.3 2022.0 -0.3394156396 0.0882384926 -0.9364886284 0.9358848333 0.1316233724 -0.3267948925 0.0944278985 -0.9873648286 -0.1272560954
51.4 196.3 2244.9 0.5981096625 0.6305422187 -0.4946526885 -0.7997286320 0.5096065402 -0.3173883259 0.0519515052 0.5854209065 0.8090632558
140.6 77.0 2252.7 -0.0890227258 0.6305422187 0.7710326910 0.7967647314 0.5096065402 -0.3247570097 -0.5976963043 0.5854209065 -0.5477603674
-173.9 -181.3 2120.2 0.7814496160 -0.0203577019 -0.6236361861 -0.0808391869 0.9877409935 -0.1335392147 0.6187095642 0.1547684073 0.7702241540
