2.1 425.4 2186.4 80 0.7427096367 0.1756797731 -0.6461570859 -0.3081285059 0.9464011192 -0.0968595296 0.5945075154 0.2710379362 0.7570331693
-48.7 151.7 2108.0 0.7427096367 0.1756797731 -0.6461570859 -0.3081285059 0.9464011192 -0.0968595296 0.5945075154 0.2710379362 0.7570331693
-56.9 -40.8 2142.1 0.7859223485 0.0418719947 -0.6169058084 0.0752721131 0.9838051796 0.1626697779 0.6137264371 -0.1742816120 0.7700427175
-160.6 141.0 2020.6 0.0936229229 -0.4961801469 -0.8631569743 0.9956016541 0.0496855006 0.0794272423 0.0034761680 -0.8667967319 0.4986494780
-184.0 -107.7 2019.7 -0.3342004418 -0.4641604125 -0.8202835917 0.9340748787 -0.0469900891 -0.3539718390 0.1257545203 -0.8845038414 0.4492646754
63.3 162.5 2195.4 0.9752157331 -0.2181998789 -0.0366488397 0.0441215634 0.3540981412 -0.9341669083 0.2168124020 0.9093972445 0.3549493849
225.7 169.8 2231.5 -0.2530286312 -0.2181998789 0.9425313473 0.8794573545 0.3540981412 0.3180711865 -0.4031516910 0.9093972445 0.1023005173
-136.5 -239.9 2121.8 0.8480221629 0.1184473261 -0.5165545940 -0.2091070712 0.9704062939 -0.1207721159 0.4869627059 0.2104326487 0.8476941586
-182.9 -619.9 2039.4 0.8700689673 0.0773969367 -0.4868158698 -0.0574562922 0.9967882037 0.0557858050 0.4895699620 -0.0205668639 0.8717214465
9.6 -217.7 2233.2 0.7887374759 0.0554010533 -0.6122286916 -0.0758996382 0.9970868230 -0.0075547379 0.6100265980 0.0524266399 0.7906446457
-12.0 -607.7 2212.7 0.8088564873 0.0569419079 -0.5852425694 0.0840695426 0.9738758206 0.2109459341 0.5819652081 -0.2198260576 0.7829386592
-90.2 -369.7 1984.4 0 0 0 0 0 0 0 0 0
155.7 413.1 2119.9 0 0 0 0 0 0 0 0 0
-212.0 -995.1 2047.2 0 0 0 0 0 0 0 0 0
-33.4 -972.2 2294.9 0 0 0 0 0 0 0 0 0
2.5 425.3 2186.3 81 0.7484902143 0.1772101521 -0.6390296817 -0.3067821264 0.9468486309 -0.0967595577 0.5879176259 0.2684664726 0.7630718350
-49.2 149.5 2108.1 0.7484902143 0.1772101521 -0.6390296817 -0.3067821264 0.9468486309 -0.0967595577 0.5879176259 0.2684664726 0.7630718350
-58.5 -42.7 2144.3 0.7930347323 0.0475158878 -0.6073204875 0.0754707158 0.9816093445 0.1753488332 0.6044833660 -0.1848926246 0.7748642564
-162.2 138.7 2022.0 0.0809850767 -0.5045093298 -0.8595997691 0.9966490865 0.0509297699 0.0640055612 0.0114878146 -0.8619028330 0.5069433451
-182.7 -114.3 2019.1 -0.3386387527 -0.4682623446 -0.8161213994 0.9334529638 -0.0581609756 -0.3539531529 0.1182765141 -0.8816732168 0.4567964375
63.8 160.2 2194.2 0.9712669253 -0.2367360890 -0.0244259723 0.0608137660 0.3461009562 -0.9362242222 0.2300919145 0.9078381658 0.3505532146
224.8 170.3 2232.4 -0.2483077049 -0.2367360890 0.9393078685 0.8818150163 0.3461009562 0.3203380406 -0.4009309113 0.9078381658 0.1228179038
-139.7 -241.6 2126.4 0.8511116505 0.1305227876 -0.5085005164 -0.2142609805 0.9706213474 -0.1094823182 0.4792715311 0.2021334916 0.8540731072
-190.9 -622.4 2047.1 0.8750004172 0.0811567828 -0.4772711992 -0.0572326891 0.9962762594 0.0644831434 0.4807272255 -0.0291072633 0.8763869405
5.9 -226.7 2231.7 0.7954540849 0.0481557623 -0.6040974855 -0.0614564121 0.9981088638 -0.0013591556 0.6028895974 0.0382068083 0.7969092727
-12.9 -617.3 2216.7 0.8086419702 0.0503002740 -0.5861468315 0.0654612333 0.9824575782 0.1746193618 0.5846477747 -0.1795744300 0.7911636829
-87.6 -376.4 1985.9 0 0 0 0 0 0 0 0 0
156.1 414.2 2121.4 0 0 0 0 0 0 0 0 0
-221.4 -997.5 2058.1 0 0 0 0 0 0 0 0 0
-31.8 -985.8 2284.1 0 0 0 0 0 0 0 0 0
1.8 426.0 2186.8 82 0.7453994751 0.1752447486 -0.6431709528 -0.3050610423 0.9475452900 -0.0953712463 0.5927202702 0.2672960758 0.7597601414
-49.6 148.2 2108.4 0.7453994751 0.1752447486 -0.6431709528 -0.3050610423 0.9475452900 -0.0953712463 0.5927202702 0.2672960758 0.7597601414
-59.5 -43.6 2146.7 0.7905619740 0.0506307110 -0.6102854013 0.0802253932 0.9794245958 0.1851791143 0.6071043015 -0.1953559518 0.7702339888
-162.3 136.8 2021.9 0.0734717920 -0.5003152490 -0.8627204299 0.9972345829 0.0465561710 0.0579282120 0.0111825904 -0.8645907640 0.5023522377
-181.0 -117.1 2019.1 -0.3347379565 -0.4628210664 -0.8208210468 0.9367129207 -0.0686212406 -0.3433074951 0.1025641784 -0.8837916851 0.4565005898
63.0 159.6 2194.9 0.9703561068 -0.2406489402 -0.0222958848 0.0630501062 0.3411290944 -0.9378995895 0.2333103120 0.9086908102 0.3461896479
223.0 170.0 2233.4 -0.2437870502 -0.2406489402 0.9394977093 0.8849489689 0.3411290944 0.3170113564 -0.3967784643 0.9086908102 0.1297991872
-141.0 -242.6 2130.4 0.8482519388 0.1331276447 -0.5125872493 -0.2128354162 0.9719810486 -0.0997693613 0.4849430621 0.1937262714 0.8528190851
-193.3 -624.3 2054.3 0.8728411198 0.0818510428 -0.4810912609 -0.0530790091 0.9959082603 0.0731391236 0.4851092696 -0.0383029878 0.8736142516
3.9 -228.1 2235.2 0.7913757563 0.0452432632 -0.6096535921 -0.0836458802 0.9958921671 -0.0346719995 0.6055805683 0.0784335881 0.7919093370
-13.8 -617.8 2204.5 0.8220067620 0.0452650040 -0.5676759481 0.1318669170 0.9546138644 0.2670645118 0.5540000200 -0.2943865061 0.7787300944
-87.0 -380.2 1990.3 0 0 0 0 0 0 0 0 0
155.5 414.8 2123.6 0 0 0 0 0 0 0 0 0
-224.1 -999.4 2068.7 0 0 0 0 0 0 0 0 0
-30.7 -974.1 2314.4 0 0 0 0 0 0 0 0 0
0.6 425.2 2186.5 83 0.7365315557 0.1790262014 -0.6522812843 -0.3105140328 0.9462104440 -0.0909223109 0.6009178758 0.2695096433 0.7525039911
-51.4 150.4 2108.3 0.7365315557 0.1790262014 -0.6522812843 -0.3105140328 0.9462104440 -0.0909223109 0.6009178758 0.2695096433 0.7525039911
-61.4 -41.0 2148.4 0.7841363549 0.0507606864 -0.6185091138 0.0880152807 0.9774783850 0.1918055117 0.6143154502 -0.2048399299 0.7620086074
-163.2 137.9 2020.7 0.0574905276 -0.4914835691 -0.8689872026 0.9982955456 0.0370583050 0.0450858064 0.0100442590 -0.8700980544 0.4927763641
-178.0 -119.8 2018.1 -0.3345670998 -0.4549043179 -0.8253041506 0.9378538132 -0.0750737041 -0.3388128877 0.0921688005 -0.8873702884 0.4517509341
60.3 163.0 2195.8 0.9722003937 -0.2310827225 -0.0377773121 0.0456292741 0.3452172279 -0.9374129772 0.2296613157 0.9096295238 0.3461644650
221.3 170.5 2233.8 -0.2388688177 -0.2310827225 0.9431555867 0.8861884475 0.3452172279 0.3090227544 -0.3970033824 0.9096295238 0.1223212183
-142.3 -240.4 2133.1 0.8435134292 0.1298843175 -0.5211670995 -0.2070873529 0.9739446640 -0.0924479589 0.4955803752 0.1859082133 0.8484327793
-193.3 -623.1 2060.1 0.8679586649 0.0794663653 -0.4902375042 -0.0459117480 0.9957274199 0.0801189989 0.4945096970 -0.0470323190 0.8678987026
2.0 -228.1 2239.8 0.7854211926 0.0352432691 -0.6179574728 -0.0722133443 0.9967771769 -0.0349347703 0.6147347093 0.0720632821 0.7854349613
-11.8 -618.3 2211.6 0.8076965213 0.0766151845 -0.5845993757 0.0817777663 0.9673800468 0.2397669554 0.5838995576 -0.2414661646 0.7750840783
-84.0 -383.3 1992.3 0 0 0 0 0 0 0 0 0
155.2 415.7 2124.0 0 0 0 0 0 0 0 0 0
-223.2 -998.1 2077.8 0 0 0 0 0 0 0 0 0
-40.5 -980.4 2302.0 0 0 0 0 0 0 0 0 0
-7.9 426.9 2186.9 84 0.7338337302 0.1613330245 -0.6598936915 -0.2533870339 0.9662926197 -0.0455361716 0.6303039193 0.2006244808 0.7499778271
-47.2 191.6 2138.0 0.7338337302 0.1613330245 -0.6598936915 -0.2533870339 0.9662926197 -0.0455361716 0.6303039193 0.2006244808 0.7499778271
-65.5 -0.8 2149.7 0.7626241446 0.0958334729 -0.6397033930 -0.0339799635 0.9935339689 0.1083312556 0.6459487677 -0.0608789325 0.7609493732
-155.4 196.6 2047.3 0.0677573532 -0.4615433216 -0.8845262527 0.9936408401 0.1111268550 0.0181301683 0.0899267644 -0.8801298738 0.4661379755
-177.0 -119.6 2018.7 -0.3297675848 -0.4105159044 -0.8501353264 0.9393472672 -0.0527931899 -0.3388799429 0.0942342579 -0.9103238583 0.4030264616
61.1 186.6 2228.8 0.9945494533 0.0117388396 -0.1036029607 -0.0989808291 0.4186339080 -0.9027449489 0.0327745341 0.9080792069 0.4175140560
221.3 170.6 2234.1 -0.2461585701 0.0117388396 0.9691584706 0.8814038038 0.4186339080 0.2187989205 -0.4031541646 0.9080792069 -0.1133969799
-148.4 -210.9 2117.0 0.8366397619 0.0769064054 -0.5423277020 -0.1380424351 0.9877408147 -0.0728861615 0.5300738215 0.1358436942 0.8369995356
-180.4 -622.5 2060.4 0.8497799039 0.0606424361 -0.5236378908 -0.0203188471 0.9963907003 0.0824176669 0.5267459750 -0.0593971573 0.8479449749
-5.5 -214.6 2233.8 0.7641376853 0.0157162603 -0.6448616982 -0.0470563322 0.9983977079 -0.0314275771 0.6433345079 0.0543598197 0.7636528611
-11.8 -614.6 2212.0 0.7804775834 0.0654995963 -0.6217432022 0.0871607661 0.9733842611 0.2119577676 0.6190781593 -0.2196199000 0.7539955378
-84.4 -383.5 1992.2 0 0 0 0 0 0 0 0 0
153.2 414.5 2122.5 0 0 0 0 0 0 0 0 0
-203.3 -997.6 2082.7 0 0 0 0 0 0 0 0 0
-36.4 -979.9 2294.5 0 0 0 0 0 0 0 0 0
-12.6 428.0 2186.6 85 0.7398761511 0.1484475136 -0.6561605334 -0.2122397125 0.9770467281 -0.0182744041 0.6383867264 0.1527841240 0.7544000149
-45.3 212.6 2152.9 0.7398761511 0.1484475136 -0.6561605334 -0.2122397125 0.9770467281 -0.0182744041 0.6383867264 0.1527841240 0.7544000149
-67.6 19.7 2150.8 0.7556706667 0.1151948199 -0.6447418332 -0.0941990167 0.9932920337 0.0670635253 0.6481422782 0.0100561092 0.7614528537
-152.7 226.1 2061.5 0.1269755661 -0.4525979757 -0.8826280236 0.9844131470 0.1666652560 0.0561550967 0.1216877475 -0.8760010004 0.4667058289
-187.9 -47.0 2027.7 -0.3007533550 -0.3981732428 -0.8666056991 0.9489154816 -0.0340111516 -0.3136919141 0.0954294652 -0.9166795015 0.3880617321
62.1 199.1 2244.3 0.9822935462 0.1284039319 -0.1364252716 -0.1801006347 0.4466108978 -0.8764145374 -0.0516060591 0.8854666352 0.4618286192
223.0 169.6 2235.9 -0.2559596300 0.1284039319 0.9581216574 0.8775315285 0.4466108978 0.1745770425 -0.4054912031 0.8854666352 -0.2269928604
-155.9 -175.2 2097.3 0.8366641998 0.0395425707 -0.5462869406 -0.0755351856 0.9961904883 -0.0435771979 0.5424826741 0.0777233690 0.8364637494
-173.7 -622.1 2062.4 0.8422259688 0.0487887003 -0.5369125605 -0.0050462214 0.9965665936 0.0826412588 0.5391010642 -0.0668932348 0.8395804167
-17.6 -191.4 2213.9 0.7574162483 -0.0269568246 -0.6523756385 0.0198875759 0.9996362329 -0.0182162654 0.6526293755 0.0008231251 0.7576768398
-6.9 -586.5 2213.6 0.7595566511 0.0902929157 -0.6441435218 0.0412191302 0.9816455841 0.1862068027 0.6491338015 -0.1679856479 0.7418935895
-103.5 -313.5 2000.9 0 0 0 0 0 0 0 0 0
152.2 412.3 2123.7 0 0 0 0 0 0 0 0 0
-192.0 -997.3 2087.6 0 0 0 0 0 0 0 0 0
-40.8 -955.0 2276.6 0 0 0 0 0 0 0 0 0
-14.8 428.2 2186.4 86 0.7465999722 0.1388625354 -0.6506194472 -0.1854505986 0.9826487303 -0.0030806335 0.6389026046 0.1229577735 0.7593976855
-43.9 222.3 2160.7 0.7465999722 0.1388625354 -0.6506194472 -0.1854505986 0.9826487303 -0.0030806335 0.6389026046 0.1229577735 0.7593976855
-67.4 28.9 2152.1 0.7552097440 0.1204555705 -0.6443203688 -0.1198968962 0.9917714000 0.0448799916 0.6444245577 0.0433582067 0.7634376287
-151.4 239.4 2069.4 0.1754299700 -0.4504635632 -0.8753895760 0.9743589163 0.2066901326 0.0889037177 0.1408865005 -0.8685400486 0.4751728177
-196.4 -10.8 2033.2 -0.3104862571 -0.3920550346 -0.8659625649 0.9411948919 0.0008892743 -0.3378630280 0.1332309693 -0.9199413657 0.3687240779
63.6 205.1 2252.0 0.9712727666 0.1944826394 -0.1371341050 -0.2135446519 0.4580081701 -0.8629178405 -0.1050139964 0.8674128056 0.4863815904
222.6 170.2 2234.8 -0.2577662468 0.1944826394 0.9464317560 0.8770817518 0.4580081701 0.1447620988 -0.4053197801 0.8674128056 -0.2886362374
-159.7 -157.3 2087.5 0.8376955986 0.0220110565 -0.5456936955 -0.0563639551 0.9973363280 -0.0462959558 0.5432211161 0.0695393682 0.8367049098
-168.9 -576.2 2058.3 0.8413504362 0.0551139489 -0.5376726985 -0.0081553366 0.9959686995 0.0893299505 0.5404284596 -0.0707728937 0.8384081721
-22.9 -179.3 2204.2 0.7563250661 -0.0326124281 -0.6533825397 0.0394327641 0.9992132783 -0.0042284294 0.6530064344 -0.0225666128 0.7570160627
-10.1 -572.4 2213.1 0.7582435012 0.0544774681 -0.6496914029 0.0682623461 0.9843922257 0.1622103453 0.6483880281 -0.1673444062 0.7426902652
-109.3 -275.0 1995.8 0 0 0 0 0 0 0 0 0
151.3 412.8 2122.6 0 0 0 0 0 0 0 0 0
-189.7 -951.3 2084.9 0 0 0 0 0 0 0 0 0
-30.6 -942.3 2275.9 0 0 0 0 0 0 0 0 0
-14.5 428.5 2186.4 87 0.7455215454 0.1343104839 -0.6528080702 -0.1715034395 0.9851598740 0.0068286401 0.6440374255 0.1068679243 0.7574926019
-42.0 227.2 2164.5 0.7455215454 0.1343104839 -0.6528080702 -0.1715034395 0.9851598740 0.0068286401 0.6440374255 0.1068679243 0.7574926019
-66.3 33.7 2152.7 0.7504382133 0.1249264926 -0.6490268111 -0.1340360790 0.9903352261 0.0356430784 0.6472069025 0.0602450818 0.7599300742
-148.8 246.3 2072.6 0.2041825652 -0.0351247825 -0.9783024788 0.9678993821 0.1568626761 0.1963793635 0.1465613693 -0.9869956374 0.0660258830
-199.5 5.9 2036.2 -0.3473279476 -0.0351247825 -0.9370856881 0.9241259098 0.1568626761 -0.3484041393 0.1592313945 -0.9869956374 -0.0220230706
64.9 208.1 2256.5 0.9634399414 0.2312310487 -0.1353354454 -0.2308242023 0.4598960876 -0.8574472666 -0.1360281855 0.8573375940 0.4964559972
222.6 170.3 2234.2 -0.2592664063 0.2312310487 0.9377169609 0.8784815073 0.4598960876 0.1294830739 -0.4013118744 0.8573375940 -0.3223677874
-159.8 -149.8 2084.0 0.8342240453 -0.0080118850 -0.5513674617 -0.0319984183 0.9975062013 -0.0629086047 0.5504964590 0.0701227561 0.8318873048
-156.6 -554.5 2055.6 0.8313910961 0.1257602125 -0.5412700176 -0.0562365726 0.9880951047 0.1431974173 0.5528348088 -0.0886138827 0.8285657763
-23.3 -174.0 2200.2 0.7515115738 -0.0328441225 -0.6589018106 0.0499053374 0.9987284541 0.0071362322 0.6578296423 -0.0382456779 0.7521950603
-10.4 -566.0 2215.2 0.7516248822 0.0553572439 -0.6572637558 0.0519013703 0.9884185195 0.1426010281 0.6575456262 -0.1412953734 0.7400468588
-102.1 -253.3 1991.5 0 0 0 0 0 0 0 0 0
150.8 413.3 2123.2 0 0 0 0 0 0 0 0 0
-203.8 -925.7 2088.9 0 0 0 0 0 0 0 0 0
-31.2 -937.7 2268.4 0 0 0 0 0 0 0 0 0
-11.3 425.6 2186.8 88 0.7168424726 0.1395348608 -0.6831302047 -0.2089229673 0.9777371883 -0.0195225216 0.6651977897 0.1567161679 0.7300356030
-41.6 213.2 2152.8 0.7168424726 0.1395348608 -0.6831302047 -0.2089229673 0.9777371883 -0.0195225216 0.6651977897 0.1567161679 0.7300356030
-68.8 19.8 2141.6 0.7264981270 0.1393828094 -0.6728839874 -0.1408505887 0.9886265397 0.0527131855 0.6725782752 0.0564800762 0.7378674746
-145.0 233.2 2057.1 0.2524026632 -0.1380565017 -0.9577229619 0.9640806913 0.1204856634 0.2367101014 0.0827125236 -0.9830684662 0.1635085046
-202.1 15.1 2038.4 -0.3849017322 -0.1380565017 -0.9125738740 0.9080268145 0.1204856634 -0.4012112916 0.1653418988 -0.9830684662 0.0789838657
61.9 193.2 2248.4 0.9859958291 0.1466244906 -0.0794574469 -0.1376771778 0.4467884004 -0.8839825392 -0.0941128209 0.8825425506 0.4607183635
222.8 170.7 2233.1 -0.2635678947 0.1466244906 0.9534323215 0.8775777817 0.4467884004 0.1738888025 -0.4004861712 0.8825425506 -0.2464334816
-158.9 -145.8 2081.7 0.8150209188 -0.0205404200 -0.5790673494 -0.0304282606 0.9964752793 -0.0781734437 0.5786320567 0.0813330039 0.8115231991
-150.7 -543.0 2049.3 0.8131465912 0.1467336118 -0.5632600188 -0.0434315875 0.9803007245 0.1926762462 0.5804362893 -0.1322107613 0.8035011292
-23.2 -171.3 2198.6 0.7300528884 -0.0293703657 -0.6827592254 0.0538267642 0.9984434843 0.0146050556 0.6812674999 -0.0474131815 0.7304974794
-11.7 -562.7 2217.1 0.7296650410 0.0430109315 -0.6824507117 0.0440592058 0.9929888844 0.1096897423 0.6823838353 -0.1101050079 0.7226542830
-94.1 -239.6 1992.0 0 0 0 0 0 0 0 0 0
149.9 413.5 2122.3 0 0 0 0 0 0 0 0 0
-205.9 -911.3 2099.0 0 0 0 0 0 0 0 0 0
-27.9 -936.3 2258.6 0 0 0 0 0 0 0 0 0
-15.8 427.2 2193.0 89 0.7454089522 0.1288686544 -0.6540324092 -0.1934645772 0.9807286263 -0.0272540711 0.6379161477 0.1468475312 0.7559754252
-42.6 223.2 2162.5 0.7454089522 0.1288686544 -0.6540324092 -0.1934645772 0.9807286263 -0.0272540711 0.6379161477 0.1468475312 0.7559754252
-67.4 29.9 2145.4 0.7507429123 0.1260752380 -0.6484520435 -0.1522697955 0.9882119894 0.0158432424 0.6428055167 0.0868454576 0.7610906363
-149.5 244.8 2071.1 0.2335074991 -0.0666292459 -0.9700694680 0.9633867741 0.1510387808 0.2215247750 0.1317580789 -0.9862797856 0.0994584188
-206.2 10.9 2039.1 -0.4500921965 -0.0666292459 -0.8904928565 0.8776418567 0.1510387808 -0.4548979104 0.1648084670 -0.9862797856 -0.0095047625
64.3 201.6 2253.9 0.9736747146 0.2024822980 -0.1046829596 -0.1893823892 0.4630247056 -0.8658766747 -0.1268539131 0.8629073501 0.4891819954
222.8 170.8 2233.3 -0.2695925236 0.2024822980 0.9414461255 0.8734675646 0.4630247056 0.1505407542 -0.4054309726 0.8629073501 -0.3016897142
-161.9 -159.9 2069.4 0.8332223296 -0.0279449597 -0.5522314310 0.0000563219 0.9987263680 -0.0504542775 0.5529380441 0.0420085303 0.8321627378
-150.9 -554.3 2052.8 0.8239760995 0.1549330950 -0.5450313091 -0.0733095631 0.9829562306 0.1685905457 0.5618621707 -0.0989585668 0.8212904930
-30.7 -185.9 2190.9 0.7497865558 -0.0453271456 -0.6601253748 0.0818050504 0.9963471293 0.0245025568 0.6566033959 -0.0723732784 0.7507556677
-12.9 -576.2 2219.2 0.7489357591 0.0365016125 -0.6616364717 0.0434848033 0.9936221242 0.1040392071 0.6612142324 -0.1066898182 0.7425718904
-80.1 -234.9 1992.9 0 0 0 0 0 0 0 0 0
148.2 412.4 2121.1 0 0 0 0 0 0 0 0 0
-209.1 -923.8 2090.1 0 0 0 0 0 0 0 0 0
-26.6 -950.2 2259.4 0 0 0 0 0 0 0 0 0
-18.0 427.9 2196.2 90 0.7558691502 0.1253002733 -0.6426209211 -0.1840299517 0.9826059341 -0.0248696525 0.6283269525 0.1370597035 0.7657805681
-43.4 228.3 2168.3 0.7558691502 0.1253002733 -0.6426209211 -0.1840299517 0.9826059341 -0.0248696525 0.6283269525 0.1370597035 0.7657805681
-67.4 35.0 2149.0 0.7592790127 0.1220846027 -0.6392109990 -0.1568730772 0.9876161218 0.0022876328 0.6315743923 0.0985380486 0.7690280080
-151.6 250.6 2078.4 0.2240161002 -0.0078321584 -0.9745539427 0.9617078304 0.1637965739 0.2197468430 0.1579075158 -0.9864630699 0.0442253202
-205.6 18.6 2040.3 -0.4731428027 -0.0078321584 -0.8809509277 0.8684718013 0.1637965739 -0.4678967595 0.1479613930 -0.9864630699 -0.0706971660
64.7 206.0 2258.2 0.9675750136 0.2224271446 -0.1196858734 -0.2152738422 0.4783376455 -0.8513814211 -0.1321200728 0.8495406508 0.5107102990
224.1 170.5 2236.5 -0.2759607136 0.2224271446 0.9350785017 0.8666232824 0.4783376455 0.1419760138 -0.4157039225 0.8495406508 -0.3247629404
-160.1 -149.3 2070.1 0.8396762609 -0.0264310688 -0.5424436927 0.0039988915 0.9990888238 -0.0424914360 0.5430725217 0.0335098766 0.8390168548
-149.7 -542.2 2057.0 0.8284268975 0.1520685256 -0.5390584469 -0.0980644748 0.9869511724 0.1277133524 0.5514456034 -0.0529386848 0.8325294256
-24.4 -176.9 2186.2 0.7577279210 -0.0337610319 -0.6516967416 0.0668987781 0.9974180460 0.0261121616 0.6491324902 -0.0633836314 0.7580300570
-11.2 -567.6 2211.0 0.7586556673 0.0429305248 -0.6500757933 0.0851584151 0.9827308059 0.1642809510 0.6459021568 -0.1799920946 0.7418984175
-72.9 -224.9 1998.8 0 0 0 0 0 0 0 0 0
147.8 410.2 2121.5 0 0 0 0 0 0 0 0 0
-206.8 -913.2 2076.9 0 0 0 0 0 0 0 0 0
-27.3 -936.6 2278.6 0 0 0 0 0 0 0 0 0
-20.3 427.2 2191.2 91 0.7577800751 0.1173627377 -0.6418685913 -0.1629464775 0.9865621328 -0.0119837103 0.6318368316 0.1136712506 0.7667210102
-43.9 229.2 2168.4 0.7577800751 0.1173627377 -0.6418685913 -0.1629464775 0.9865621328 -0.0119837103 0.6318368316 0.1136712506 0.7667210102
-66.4 35.5 2151.6 0.7600641847 0.1151644811 -0.6395620108 -0.1435347050 0.9896159768 0.0076193120 0.6337982416 0.0860081762 0.7687017322
-152.2 249.6 2078.1 0.2252787948 -0.0016995636 -0.9742928743 0.9612716436 0.1633411348 0.2219830602 0.1587648243 -0.9865682125 0.0384310335
-205.1 23.5 2040.8 -0.4867809117 -0.0016995636 -0.8735224605 0.8616567850 0.1633411348 -0.4804864526 0.1434987634 -0.9865682125 -0.0780469030
64.4 208.8 2258.7 0.9625659585 0.2405278683 -0.1249523088 -0.2301337272 0.4816976190 -0.8455802202 -0.1431963742 0.8426824808 0.5190193057
224.0 170.7 2234.9 -0.2778221965 0.2405278683 0.9300329089 0.8660134077 0.4816976190 0.1341200173 -0.4157350361 0.8426824808 -0.3421266377
-160.0 -143.9 2072.5 0.8399852514 -0.0261876583 -0.5419768691 -0.0035258436 0.9985501766 -0.0537132658 0.5425977111 0.0470292754 0.8386751413
-149.7 -535.8 2054.0 0.8317877650 0.1444120556 -0.5359796882 -0.0742131546 0.9858288169 0.1504459381 0.5501103997 -0.0853623524 0.8307176232
-22.8 -172.4 2186.6 0.7575194836 -0.0266834404 -0.6522669792 0.0635106415 0.9974368811 0.0329550616 0.6497158408 -0.0663899928 0.7572725415
-12.4 -563.1 2212.6 0.7581681609 0.0299884155 -0.6513690948 0.0809709951 0.9868802428 0.1396820992 0.6470121741 -0.1586445272 0.7457929850
-68.5 -218.3 2000.5 0 0 0 0 0 0 0 0 0
147.2 410.2 2119.9 0 0 0 0 0 0 0 0 0
-204.0 -906.6 2086.2 0 0 0 0 0 0 0 0 0
-23.6 -934.1 2272.2 0 0 0 0 0 0 0 0 0
-22.5 429.6 2195.2 92 0.7437071800 0.1127324253 -0.6589317322 -0.1591497064 0.9871961474 -0.0107321702 0.6492849588 0.1128503829 0.7521261573
-45.0 232.5 2172.7 0.7437071800 0.1127324253 -0.6589317322 -0.1591497064 0.9871961474 -0.0107321702 0.6492849588 0.1128503829 0.7521261573
-66.7 38.7 2155.0 0.7455192804 0.1109387800 -0.6571860909 -0.1431335956 0.9896922112 0.0046963738 0.6509329677 0.0905641690 0.7537137270
-151.2 252.9 2080.0 0.2233333141 0.0121831130 -0.9746659994 0.9602925181 0.1687835604 0.2221495509 0.1672140658 -0.9855778217 0.0259956382
-205.0 21.5 2039.7 -0.4979206324 0.0121831130 -0.8671370149 0.8557819128 0.1687835604 -0.4890290201 0.1404005736 -0.9855778217 -0.0944669023
61.2 212.2 2265.4 0.9511790276 0.2880485356 -0.1108445749 -0.2447846234 0.4853131473 -0.8393757343 -0.1879866272 0.8255296350 0.5321295261
223.6 170.4 2233.4 -0.2772993147 0.2880485356 0.9165877700 0.8674054146 0.4853131473 0.1099045500 -0.4131742418 0.8255296350 -0.3844318688
-157.7 -145.2 2077.4 0.8275746107 -0.0194733460 -0.5610178709 -0.0173804313 0.9980301261 -0.0602807701 0.5610865951 0.0596375689 0.8256059289
-150.1 -536.5 2054.0 0.8198481202 0.1536544412 -0.5515789986 -0.0764131024 0.9840645790 0.1605549902 0.5674593449 -0.0894828439 0.8185247183
-20.4 -171.2 2191.9 0.7423599362 -0.0212752763 -0.6696634293 0.0550850295 0.9980500340 0.0293567330 0.6677330136 -0.0586816929 0.7420842648
-12.0 -562.1 2214.9 0.7425982356 0.0414214358 -0.6684550643 0.0605132543 0.9898534417 0.1285623908 0.6669977903 -0.1359205991 0.7325568795
-65.2 -218.8 2000.3 0 0 0 0 0 0 0 0 0
146.9 410.3 2119.1 0 0 0 0 0 0 0 0 0
-207.9 -906.8 2087.7 0 0 0 0 0 0 0 0 0
-27.6 -934.5 2266.0 0 0 0 0 0 0 0 0 0
-24.9 430.0 2197.3 93 0.7396733165 0.1051246598 -0.6647046208 -0.1513137817 0.9884122014 -0.0120598869 0.6557343602 0.1094993427 0.7470089197
-45.8 233.5 2175.5 0.7396733165 0.1051246598 -0.6647046208 -0.1513137817 0.9884122014 -0.0120598869 0.6557343602 0.1094993427 0.7470089197
-66.6 39.6 2157.8 0.7409526706 0.1058793813 -0.6631581187 -0.1393166631 0.9902448654 0.0024420475 0.6569474936 0.0905795321 0.7484753728
-151.4 253.4 2081.9 0.2244343460 0.0211843904 -0.9742588997 0.9587551355 0.1741303951 0.2246491313 0.1744071543 -0.9844946861 0.0187701993
-204.9 25.0 2040.3 -0.4873130620 0.0211843904 -0.8729703426 0.8616189957 0.1741303951 -0.4767508209 0.1419110000 -0.9844946861 -0.1031088904
59.7 213.7 2269.1 0.9542671442 0.2951866090 -0.0473192558 -0.2006752193 0.5151588917 -0.8332711458 -0.2215935290 0.8046590686 0.5508358479
223.0 179.3 2231.2 -0.2875072360 0.2951866090 0.9111555815 0.8510462642 0.5151588917 0.1016445011 -0.4393858016 0.8046590686 -0.3993293643
-155.8 -142.1 2078.4 0.8234622478 -0.0151597233 -0.5671685338 -0.0282381438 0.9973090887 -0.0676553324 0.5666679144 0.0717273951 0.8208182454
-149.9 -532.9 2050.3 0.8198557496 0.1452530175 -0.5538394451 -0.0546603054 0.9827241898 0.1768203527 0.5699551105 -0.1146941483 0.8136315942
-21.1 -168.0 2196.0 0.7369570732 -0.0269099493 -0.6754037142 0.0525618345 0.9984630942 0.0175705627 0.6738928556 -0.0484492071 0.7372388244
-10.5 -559.0 2215.0 0.7376392484 0.0570924133 -0.6727769375 0.0635572746 0.9861230850 0.1533680409 0.6721969843 -0.1558901519 0.7237744331
-68.0 -217.0 2000.5 0 0 0 0 0 0 0 0 0
142.1 418.7 2107.6 0 0 0 0 0 0 0 0 0
-204.5 -902.7 2093.5 0 0 0 0 0 0 0 0 0
-32.0 -930.1 2273.7 0 0 0 0 0 0 0 0 0
-26.6 429.0 2198.3 94 0.7362024188 0.0996266901 -0.6693881750 -0.1481208652 0.9888440967 -0.0157332830 0.6603531241 0.1107332408 0.7427462339
-46.4 233.1 2176.3 0.7362024188 0.0996266901 -0.6693881750 -0.1481208652 0.9888440967 -0.0157332830 0.6603531241 0.1107332408 0.7427462339
-65.8 39.0 2158.2 0.7374210358 0.0995182917 -0.6680616736 -0.1360077560 0.9907044768 -0.0025473102 0.6615982056 0.0927400067 0.7441015840
-151.4 252.5 2082.0 0.2251541167 0.0256331321 -0.9739859104 0.9582360387 0.1750799865 0.2261209637 0.1763216257 -0.9842204452 0.0148573881
-204.7 25.7 2040.3 -0.4860561192 0.0256331321 -0.8735516071 0.8625154495 0.1750799865 -0.4747779667 0.1407713592 -0.9842204452 -0.1072076634
58.7 213.7 2270.6 0.9511141777 0.2988037467 -0.0780907199 -0.2287597954 0.5117318630 -0.8281300664 -0.2074868679 0.8055102825 0.5550697446
223.6 174.0 2234.7 -0.2906766832 0.2988037467 0.9089683294 0.8527681828 0.5117318630 0.1044837609 -0.4339279234 0.8055102825 -0.4035588801
-154.3 -141.7 2080.6 0.8199398518 -0.0128874974 -0.5723045468 -0.0281523895 0.9976290464 -0.0627990961 0.5717570186 0.0676032230 0.8176330328
-149.2 -532.6 2054.2 0.8142811060 0.1540767699 -0.5596486926 -0.0687257573 0.9829376936 0.1706173569 0.5763879418 -0.1004682109 0.8109766245
-20.4 -166.9 2199.4 0.7324028015 -0.0258798618 -0.6803795695 0.0487906337 0.9987033010 0.0145332022 0.6791211963 -0.0438403077 0.7327157855
-10.2 -558.1 2216.6 0.7315387726 0.0708543658 -0.6781081557 0.0358575284 0.9892106652 0.1420438141 0.6808562279 -0.1282258481 0.7211053371
-68.2 -216.6 2000.8 0 0 0 0 0 0 0 0 0
141.7 414.1 2112.5 0 0 0 0 0 0 0 0 0
-207.2 -902.6 2092.0 0 0 0 0 0 0 0 0 0
-36.9 -930.4 2264.8 0 0 0 0 0 0 0 0 0
-27.5 430.3 2198.8 95 0.7347894907 0.0950759128 -0.6715988517 -0.1433507055 0.9895301461 -0.0167542193 0.6629743576 0.1085849926 0.7407255173
-46.4 234.1 2177.2 0.7347894907 0.0950759128 -0.6715988517 -0.1433507055 0.9895301461 -0.0167542193 0.6629743576 0.1085849926 0.7407255173
-65.0 40.0 2159.4 0.7359172106 0.0948763043 -0.6703912020 -0.1315905154 0.9912954569 -0.0041606673 0.6641609669 0.0912790224 0.7419961691
-151.3 252.9 2082.6 0.2269665450 0.0276059881 -0.9735112190 0.9579793215 0.1736897081 0.2282707393 0.1753905118 -0.9844134450 0.0129757849
-205.3 24.8 2040.8 -0.4854999781 0.0276059881 -0.8738006949 0.8631668687 0.1736897081 -0.4741042256 0.1386820674 -0.9844134450 -0.1081549227
58.5 215.4 2271.9 0.9462531209 0.3068207800 -0.1023037955 -0.2515856028 0.4994962513 -0.8289802074 -0.2032479942 0.8101632595 0.5498415828
223.8 171.4 2236.4 -0.3223488033 0.3068207800 0.8955178857 0.8554485440 0.4994962513 0.1367889941 -0.4053381085 0.8101632595 -0.4234814048
-152.0 -142.7 2080.2 0.8183305264 -0.0112355519 -0.5746381283 -0.0294504277 0.9976757765 -0.0614467114 0.5739929080 0.0672070533 0.8160976171
-147.6 -533.5 2053.9 0.8127852082 0.1649539471 -0.5587220788 -0.0657043755 0.9789121151 0.1934269071 0.5788463354 -0.1205040440 0.8064835072
-18.7 -167.3 2199.8 0.7302051783 -0.0171119496 -0.6830135584 0.0459246114 0.9986546636 0.0240777954 0.6816827059 -0.0489488654 0.7300087214
-12.0 -558.4 2219.0 0.7302210331 0.0483140536 -0.6815005541 0.0462483466 0.9917129278 0.1198607758 0.6816438437 -0.1190431342 0.7219351530
-68.9 -217.7 2001.9 0 0 0 0 0 0 0 0 0
163.6 331.1 2160.7 0 0 0 0 0 0 0 0 0
-209.7 -902.0 2099.2 0 0 0 0 0 0 0 0 0
-30.2 -931.7 2263.8 0 0 0 0 0 0 0 0 0
-28.2 429.4 2199.5 96 0.7346467972 0.0939599574 -0.6719118953 -0.1424432248 0.9896509051 -0.0173503477 0.6633279920 0.1084556729 0.7404278517
-46.8 233.4 2178.0 0.7346467972 0.0939599574 -0.6719118953 -0.1424432248 0.9896509051 -0.0173503477 0.6633279920 0.1084556729 0.7404278517
-65.2 39.2 2160.1 0.7357362509 0.0938782245 -0.6707302332 -0.1309532672 0.9913765192 -0.0048878142 0.6644873023 0.0914304554 0.7416853309
-151.6 252.1 2083.3 0.2245786488 0.0332481340 -0.9738885760 0.9579615593 0.1755736619 0.2268998921 0.1785331815 -0.9839047194 0.0075796624
-205.0 24.3 2040.9 -0.4849601686 0.0332481340 -0.8739039898 0.8636238575 0.1755736619 -0.4725756049 0.1377222687 -0.9839047194 -0.1138601154
58.1 214.7 2272.7 0.9021615982 -0.0106762890 -0.4312661290 -0.2704006732 0.7649466395 -0.5845854282 0.3361367583 0.6440051794 0.6872186065
226.3 164.3 2335.4 -0.2710139453 -0.0106762890 0.9625161886 0.6177225113 0.7649466395 0.1824158430 -0.7382210493 0.6440051794 -0.2007162124
-150.1 -142.3 2081.5 0.8181298375 -0.0025901641 -0.5750277042 -0.0337176472 0.9980531931 -0.0524679720 0.5740441680 0.0623141937 0.8164498210
-149.0 -533.2 2057.1 0.8123962283 0.1504581124 -0.5633602142 -0.0762856752 0.9852576256 0.1531272680 0.5780941844 -0.0814236924 0.8118973374
-17.0 -166.1 2201.5 0.7298718691 -0.0107805077 -0.6834989190 0.0446917936 0.9984889627 0.0319752730 0.6821214557 -0.0538846478 0.7292508483
-12.8 -557.2 2222.6 0.7295541167 0.0373286232 -0.6829035878 0.0353689417 0.9951140285 0.0921796188 0.6830078959 -0.0914036036 0.7246692777
-68.8 -218.3 2002.2 0 0 0 0 0 0 0 0 0
170.4 291.8 2183.1 0 0 0 0 0 0 0 0 0
-205.7 -903.9 2087.7 0 0 0 0 0 0 0 0 0
-26.8 -931.7 2257.0 0 0 0 0 0 0 0 0 0
-27.0 429.3 2199.9 97 0.7174199224 0.0988788158 -0.6895880103 -0.1462881267 0.9891878366 -0.0103544304 0.6811082363 0.1083070114 0.7241278291
-46.6 233.0 2178.4 0.7174199224 0.0988788158 -0.6895880103 -0.1462881267 0.9891878366 -0.0103544304 0.6811082363 0.1083070114 0.7241278291
-65.6 38.9 2160.5 0.7187023163 0.0971943662 -0.6884912848 -0.1333365738 0.9910705686 0.0007221171 0.6824136376 0.0912820846 0.7252442241
-149.0 252.0 2081.2 0.2363670766 0.0332580507 -0.9710944891 0.9560214877 0.1706469506 0.2385425717 0.1736477762 -0.9847707748 0.0085399095
-205.6 23.2 2039.6 -0.4931795001 0.0332580507 -0.8692916036 0.8598030210 0.1706469506 -0.4812675416 0.1323359311 -0.9847707748 -0.1127549484
55.8 214.0 2275.6 0.8084188104 -0.1587266475 -0.5668023229 -0.1211435869 0.8974707723 -0.4241113365 0.5760062933 0.4115240574 0.7063035369
220.1 189.4 2392.7 -0.1972824037 -0.1587266475 0.9674117565 0.3795728683 0.8974707723 0.2246567458 -0.9038828015 0.4115240574 -0.1168068647
-150.1 -143.1 2082.2 0.8038074374 0.0006275060 -0.5948892236 -0.0327856764 0.9985263348 -0.0432463549 0.5939854383 0.0542655885 0.8026434779
-150.3 -534.2 2060.9 0.7969127297 0.1590968370 -0.5827678442 -0.0815735683 0.9842015505 0.1571403444 0.5985615253 -0.0776886940 0.7973008156
-17.1 -166.8 2202.3 0.7134315968 -0.0102584986 -0.7006497979 0.0375900790 0.9990133643 0.0236488655 0.6997159123 -0.0432093292 0.7131133080
-13.0 -558.1 2219.2 0.7145221233 0.0329810679 -0.6988350153 0.0632323995 0.9917554855 0.1114570647 0.6967494488 -0.1238275543 0.7065457702
-67.0 -218.4 2002.4 0 0 0 0 0 0 0 0 0
176.5 273.1 2193.3 0 0 0 0 0 0 0 0 0
-210.2 -904.7 2090.2 0 0 0 0 0 0 0 0 0
-25.4 -931.3 2265.8 0 0 0 0 0 0 0 0 0
-26.4 430.7 2199.6 98 0.7006768584 0.1003154889 -0.7063913941 -0.1431547105 0.9896992445 -0.0014482442 0.6989697218 0.1021380052 0.7078199983
-46.3 234.2 2179.3 0.7006768584 0.1003154889 -0.7063913941 -0.1431547105 0.9896992445 -0.0014482442 0.6989697218 0.1021380052 0.7078199983
-65.7 40.0 2162.3 0.7018721700 0.0988290533 -0.7054135799 -0.1312641650 0.9913128614 0.0082786093 0.7001037002 0.0867850035 0.7087476254
-146.3 252.9 2079.6 0.2456930876 0.0263449792 -0.9689896107 0.9557725191 0.1601260006 0.2466953248 0.1616596133 -0.9867449403 0.0141620440
-205.4 23.1 2040.7 -0.4840193391 0.0263449792 -0.8746606112 0.8657096624 0.1601260006 -0.4742430449 0.1275619864 -0.9867449403 -0.1003111824
53.7 215.5 2279.0 0.9213327169 0.0366321020 -0.3870453537 -0.3005660772 0.6985647082 -0.6493592262 0.2465888113 0.7146086097 0.6546208858
211.8 163.9 2321.4 -0.1803666204 0.0366321020 0.9829170704 0.7079665661 0.6985647082 0.1038781852 -0.6828259230 0.7146086097 -0.1519320458
-149.6 -143.2 2081.0 0.7894244194 0.0040593538 -0.6138343215 -0.0326063074 0.9988437295 -0.0353280269 0.6129811406 0.0479036756 0.7886440158
-151.2 -534.5 2062.2 0.7827626467 0.1545296907 -0.6028293371 -0.0812631324 0.9857668281 0.1471734792 0.6169918180 -0.0662141144 0.7841790318
-19.7 -167.3 2204.3 0.6968773603 -0.0200980119 -0.7169086933 0.0378774963 0.9992436171 0.0088060852 0.7161893845 -0.0332914665 0.6971114874
-11.8 -558.7 2217.3 0.6985934973 0.0512913205 -0.7136780024 0.0656701997 0.9886214137 0.1353334039 0.7124987841 -0.1414104253 0.6872761846
-69.4 -220.1 2004.9 0 0 0 0 0 0 0 0 0
171.7 321.3 2169.5 0 0 0 0 0 0 0 0 0
-209.4 -905.6 2087.1 0 0 0 0 0 0 0 0 0
-31.2 -930.7 2270.6 0 0 0 0 0 0 0 0 0
-24.8 431.1 2199.4 99 0.7072985172 0.1121887490 -0.6979559064 -0.1521604955 0.9883447886 0.0046683066 0.6903448105 0.1028994322 0.7161254883
-47.0 235.2 2179.0 0.7072985172 0.1121887490 -0.6979559064 -0.1521604955 0.9883447886 0.0046683066 0.6903448105 0.1028994322 0.7161254883
-68.9 41.4 2161.7 0.7084645033 0.1118114665 -0.6968330145 -0.1418636739 0.9897787571 0.0145848924 0.6913412213 0.0885224119 0.7170851231
-148.0 255.4 2080.5 0.2435583025 0.0205893740 -0.9696676731 0.9556077123 0.1658261865 0.2435478270 0.1658107936 -0.9859400392 0.0207129791
-206.6 25.3 2040.6 -0.4635294080 0.0205893740 -0.8858423233 0.8753410578 0.1658261865 -0.4541802406 0.1375445575 -0.9859400392 -0.0948880389
53.9 215.0 2277.5 0.9152808189 0.1073262766 -0.3882552087 -0.3593282104 0.6531587243 -0.6665335298 0.1820557117 0.7495763898 0.6363889575
211.4 153.2 2308.9 -0.1644376218 0.1073262766 0.9805311561 0.7552094460 0.6531587243 0.0551576093 -0.6345226169 0.7495763898 -0.1884576827
-148.5 -142.3 2082.0 0.7962796688 0.0041745245 -0.6049142480 -0.0330702439 0.9987812042 -0.0366394483 0.6040240526 0.0491799116 0.7954472303
-150.1 -533.5 2062.8 0.7879664898 0.1568282396 -0.5954105258 -0.0953891650 0.9864360690 0.1335844249 0.6082842350 -0.0484643355 0.7922382951
-21.6 -166.0 2208.6 0.7056527734 -0.0231897458 -0.7081782222 0.0304541625 0.9995332956 -0.0023847939 0.7079030275 -0.0198841374 0.7060297132
-12.5 -557.5 2216.3 0.7087344527 0.0396741219 -0.7043588758 0.0826543719 0.9868714809 0.1387549341 0.7006166577 -0.1565587521 0.6961506009
-76.4 -220.6 2002.0 0 0 0 0 0 0 0 0 0
176.7 312.2 2175.3 0 0 0 0 0 0 0 0 0
-209.2 -904.9 2081.0 0 0 0 0 0 0 0 0 0
-27.5 -929.0 2275.3 0 0 0 0 0 0 0 0 0
-23.9 430.9 2199.4 00 0.7130832672 0.1168248951 -0.6912772059 -0.1551885456 0.9878610373 0.0068632420 0.6836876273 0.1023842394 0.7225570679
-47.0 235.5 2179.1 0.7130832672 0.1168248951 -0.6912772059 -0.1551885456 0.9878610373 0.0068632420 0.6836876273 0.1023842394 0.7225570679
-70.0 41.8 2161.4 0.7140036225 0.1173225567 -0.6902421713 -0.1474186480 0.9889511466 0.0156015102 0.6844462156 0.0906150341 0.7234101892
-148.7 256.5 2081.6 0.2431167215 0.0327228829 -0.9694449306 0.9546040893 0.1692715883 0.2451085746 0.1721201390 -0.9850260615 0.0099153584
-206.9 27.9 2040.4 -0.4486694634 0.0327228829 -0.8930985332 0.8831561804 0.1692715883 -0.4374726117 0.1368608326 -0.9850260615 -0.1048464030
54.7 214.4 2276.6 0.8711133599 -0.0439007096 -0.4891157746 -0.2840113044 0.7674935460 -0.5747096539 0.4006233811 0.6395516992 0.6561055779
215.3 162.1 2350.5 -0.1769586802 -0.0439007096 0.9832386971 0.6240723729 0.7674935460 0.1465854943 -0.7610645890 0.6395516992 -0.1084174290
-154.9 -139.7 2081.9 0.8015095592 -0.0137558151 -0.5978237391 -0.0235301200 0.9982355833 -0.0545163378 0.5975188613 0.0577622280 0.7997716665
-149.5 -530.6 2059.3 0.7926672697 0.1681940854 -0.5859943628 -0.0840825513 0.9821659327 0.1681671888 0.6038284302 -0.0840287209 0.7926729918
-26.8 -165.3 2206.9 0.7114759088 -0.0372745916 -0.7017211914 0.0494263582 0.9987734556 -0.0029402128 0.7009701133 -0.0325916335 0.7124456167
-12.2 -556.5 2219.6 0.7126843333 0.0468805432 -0.6999166608 0.0712462589 0.9877673984 0.1387067586 0.6978574395 -0.1487205625 0.7006262541
-80.9 -220.2 2001.9 0 0 0 0 0 0 0 0 0
176.5 298.9 2183.6 0 0 0 0 0 0 0 0 0
-212.8 -900.2 2090.9 0 0 0 0 0 0 0 0 0
-29.9 -928.4 2275.6 0 0 0 0 0 0 0 0 0
-21.7 431.2 2199.8 01 0.6919359565 0.1225667447 -0.7114787698 -0.1601811051 0.9869848490 0.0142470226 0.7039649487 0.1041074246 0.7025631666
-46.0 235.5 2179.2 0.6919359565 0.1225667447 -0.7114787698 -0.1601811051 0.9869848490 0.0142470226 0.7039649487 0.1041074246 0.7025631666
-70.2 41.9 2161.4 0.6930451393 0.1234857291 -0.7102391720 -0.1512769312 0.9881951809 0.0241978541 0.7048430443 0.0906725973 0.7035444379
-144.7 257.0 2078.8 0.2596121728 0.0173493344 -0.9655570984 0.9523684382 0.1610411406 0.2589597404 0.1599871963 -0.9867951870 0.0252852850
-206.9 28.7 2040.4 -0.4457561672 0.0173493344 -0.8949862719 0.8846798539 0.1610411406 -0.4375011623 0.1365392655 -0.9867951870 -0.0871336907
52.7 213.9 2279.6 0.9222279787 0.1606446654 -0.3516942859 -0.3710915148 0.6231608391 -0.6884487271 0.1085664853 0.7654174566 0.6343101859
208.5 151.3 2297.9 -0.1760383993 0.1606446654 0.9711867571 0.7811448574 0.6231608391 0.0385137312 -0.5990185142 0.7654174566 -0.2351869941
-157.5 -138.6 2081.8 0.7840157151 -0.0128771123 -0.6206074357 -0.0230979919 0.9984872341 -0.0498976000 0.6203110814 0.0534552857 0.7825322151
-152.4 -529.7 2060.8 0.7781442404 0.1514033377 -0.6095642447 -0.0661875606 0.9848743081 0.1601304412 0.6245884299 -0.0842590109 0.7763953209
-28.4 -165.2 2205.5 0.6913360953 -0.0402300656 -0.7214124799 0.0592738241 0.9982411265 0.0011350323 0.7200979590 -0.0435455665 0.6925047040
-12.7 -556.2 2222.5 0.6910621524 0.0433867313 -0.7214919925 0.0526571535 0.9925222993 0.1101213396 0.7208747268 -0.1140924022 0.6836099625
-81.7 -219.8 2002.1 0 0 0 0 0 0 0 0 0
167.5 332.9 2158.6 0 0 0 0 0 0 0 0 0
-209.4 -900.4 2092.5 0 0 0 0 0 0 0 0 0
-29.0 -929.8 2265.5 0 0 0 0 0 0 0 0 0
-21.3 431.6 2199.5 02 0.6896157265 0.1237023473 -0.7135319710 -0.1559688896 0.9875499010 0.0204667002 0.7071802020 0.0971746370 0.7003236413
-45.8 235.5 2180.3 0.6896157265 0.1237023473 -0.7135319710 -0.1559688896 0.9875499010 0.0204667002 0.7071802020 0.0971746370 0.7003236413
-70.0 41.9 2163.9 0.6908631921 0.1232206374 -0.7124077082 -0.1459840089 0.9888480306 0.0294655897 0.7080937624 0.0836434439 0.7011469603
-144.3 256.3 2079.4 0.2632262409 0.0329107344 -0.9641726017 0.9506085515 0.1615502238 0.2650374472 0.1644848734 -0.9863155484 0.0112390304
-207.0 29.6 2040.1 -0.4492489398 0.0329107344 -0.8928002119 0.8839287162 0.1615502238 -0.4388297498 0.1297898591 -0.9863155484 -0.1016670093
52.6 214.8 2281.2 0.9423966408 0.2794608772 -0.1838210672 -0.3154206574 0.5595033765 -0.7664631605 -0.1113479584 0.7802932858 0.6154218316
203.8 164.1 2263.3 -0.1978896409 0.2794608772 0.9395431280 0.8287881017 0.5595033765 0.0081414878 -0.5234023333 0.7802932858 -0.3423337638
-157.0 -138.0 2079.9 0.7820173502 -0.0178006347 -0.6230024099 -0.0133258067 0.9988859892 -0.0452675894 0.6231141686 0.0437020510 0.7809090018
-150.0 -529.2 2062.8 0.7709233761 0.1754707098 -0.6122803688 -0.0880670473 0.9814351201 0.1703797728 0.6308100820 -0.0774280205 0.7720644474
-31.7 -165.3 2207.3 0.6890676022 -0.0495170429 -0.7230033875 0.0656262115 0.9978274703 -0.0057932897 0.7217195034 -0.0434560068 0.6908201575
-12.4 -556.1 2224.3 0.6879435778 0.0511243530 -0.7239612341 0.0389860719 0.9934725165 0.1072030514 0.7247163057 -0.1019740552 0.6814599037
-80.8 -218.7 2003.7 0 0 0 0 0 0 0 0 0
154.8 369.3 2133.8 0 0 0 0 0 0 0 0 0
-216.1 -898.7 2092.0 0 0 0 0 0 0 0 0 0
-31.6 -930.1 2262.7 0 0 0 0 0 0 0 0 0
-20.1 431.6 2199.4 03 0.6766812205 0.1279708296 -0.7250696421 -0.1559844166 0.9873428941 0.0286860298 0.7195633650 0.0936882719 0.6880778074
-45.6 235.1 2180.8 0.6766812205 0.1279708296 -0.7250696421 -0.1559844166 0.9873428941 0.0286860298 0.7195633650 0.0936882719 0.6880778074
-70.0 41.4 2164.8 0.6781100035 0.1243479773 -0.7243648171 -0.1447936743 0.9888704419 0.0342065170 0.7205564380 0.0816876590 0.6885677576
-142.2 255.7 2078.1 0.2714516521 0.0412576981 -0.9615673423 0.9486831427 0.1569206417 0.2745473683 0.1622169614 -0.9867490530 0.0034558862
-207.1 29.2 2039.4 -0.4562481046 0.0412576981 -0.8888956308 0.8815714121 0.1569206417 -0.4452053308 0.1211179271 -0.9867490530 -0.1079663560
51.0 214.4 2283.4 0.9256561995 0.3553605974 -0.1299211234 -0.3138101399 0.5292082429 -0.7883285284 -0.2113855630 0.7704917192 0.6013806462
198.4 164.5 2249.8 -0.1852241158 0.3553605974 0.9161936641 0.8478160501 0.5292082429 -0.0338615961 -0.4968903363 0.7704917192 -0.3993025422
-156.5 -138.6 2083.5 0.7711363435 -0.0221872404 -0.6362832785 -0.0161927100 0.9983858466 -0.0544383489 0.6364640594 0.0522825420 0.7695323229
