-39.1 480.8 1990.4 99 0.4094995558 0.0552599505 -0.9106351733 -0.0910213515 0.9956582189 0.0194883980 0.9077583551 0.0749067515 0.4127514362
-50.0 285.2 1975.7 0.4094995558 0.0552599505 -0.9106351733 -0.0910213515 0.9956582189 0.0194883980 0.9077583551 0.0749067515 0.4127514362
-51.9 86.9 1975.9 0.4123692811 0.0078683272 -0.9109827876 -0.0003030356 0.9999638200 0.0084996996 0.9110167027 -0.0032289550 0.4123567641
-107.7 284.8 1848.0 -0.2494576573 -0.6258670688 -0.7389596105 0.6260556579 0.4779406488 -0.6161388159 0.7387998104 -0.6163303852 0.2726016641
-57.5 158.8 1699.3 -0.5327254534 -0.6258670688 0.5696437359 -0.8391411304 0.4779406488 -0.2596438825 -0.1097533628 -0.6163303852 -0.7798019052
7.6 285.5 2103.4 0.0500769839 -0.4360511899 -0.8985275030 -0.9977595806 -0.0618044734 -0.0256139915 -0.0443640091 0.8977970481 -0.4381692111
20.7 25.7 2091.8 0.7283275723 -0.4360511899 -0.5285813808 -0.6102135777 -0.0618044734 -0.7898225188 0.3117343485 0.8977970481 -0.3110982478
-93.3 -110.4 1902.8 0.9956452847 0.0680369437 -0.0637291297 -0.0713523030 0.9961323142 -0.0512762032 0.0599939711 0.0556001328 0.9966490865
-120.2 -503.6 1880.8 0.9981895089 0.0000000000 -0.0601472780 0.0000000000 1.0000000000 0.0000000000 0.0601472780 0.0000000000 0.9981895089
-27.1 -106.2 2071.1 0.7615243793 -0.1091993898 -0.6388709545 -0.0298996940 0.9787364006 -0.2029310763 0.6474462152 0.1736390144 0.7420666218
15.9 -491.6 2002.7 0.7615243793 0.3546273410 -0.5425127149 -0.0298996940 0.8553655148 0.5171613693 0.6474462152 -0.3776100278 0.6619849205
94.0 397.4 1730.5 0 0 0 0 0 0 0 0 0
208.6 -131.8 2172.2 0 0 0 0 0 0 0 0 0
-120.2 -885.9 1880.8 0 0 0 0 0 0 0 0 0
-119.6 -818.4 2147.0 0 0 0 0 0 0 0 0 0
-37.6 479.3 1990.6 00 0.4227224588 0.0421629474 -0.9052778482 -0.0720475912 0.9973189831 0.0128068682 0.9033907652 0.0598093346 0.4246268570
-45.9 281.9 1978.7 0.4227224588 0.0421629474 -0.9052778482 -0.0720475912 0.9973189831 0.0128068682 0.9033907652 0.0598093346 0.4246268570
-49.7 83.4 1976.4 0.4243666530 0.0179127771 -0.9053132534 -0.0173897091 0.9997811317 0.0116304979 0.9053234458 0.0108075384 0.4245852828
-105.4 284.1 1851.6 -0.1368176788 -0.6249457002 -0.7685856223 0.7020739317 0.4861871898 -0.5203021169 0.6988369823 -0.6107904315 0.3722390532
-76.9 137.9 1706.1 -0.6118056774 -0.6249457002 0.4849089682 -0.7909996510 0.4861871898 -0.3714048266 -0.0036486783 -0.6107904315 -0.7917839289
13.6 279.6 2105.9 0.0394168459 -0.4247317612 -0.9044607282 -0.9974714518 -0.0702941716 -0.0104603870 -0.0591354594 0.9025861025 -0.4264285862
23.8 19.8 2090.5 0.7261964083 -0.4247317612 -0.5405938625 -0.6217815280 -0.0702941716 -0.7800297737 0.2933028340 0.9025861025 -0.3151377439
-91.8 -111.0 1893.0 0.9960761070 0.0750813112 -0.0468523204 -0.0756546259 0.9970779419 -0.0105832582 0.0459208079 0.0140863257 0.9988457561
-121.5 -505.7 1887.4 0.9989389777 0.0000000000 -0.0460527912 0.0000000000 1.0000000000 0.0000000000 0.0460527912 0.0000000000 0.9989389777
-16.3 -111.8 2058.6 0.7588752508 -0.0775669515 -0.6466001272 -0.0273576844 0.9882078171 -0.1506546885 0.6506611109 0.1320175976 0.7478044033
14.3 -502.3 2006.4 0.7588752508 0.3755595684 -0.5320370197 -0.0273576844 0.8346282244 0.5501338243 0.6506611109 -0.4029276371 0.6436531544
97.1 362.9 1707.1 0 0 0 0 0 0 0 0 0
211.2 -140.6 2166.1 0 0 0 0 0 0 0 0 0
-121.5 -888.0 1887.4 0 0 0 0 0 0 0 0 0
-129.1 -821.0 2160.3 0 0 0 0 0 0 0 0 0
-36.1 480.1 1996.2 01 0.4324624240 0.0371821634 -0.9008849859 -0.0785802230 0.9969019294 0.0034232752 0.8982212543 0.0693113059 0.4340443909
-43.5 281.7 1982.4 0.4324624240 0.0371821634 -0.9008849859 -0.0785802230 0.9969019294 0.0034232752 0.8982212543 0.0693113059 0.4340443909
-48.1 83.2 1976.2 0.4336881042 0.0227059666 -0.9007769227 -0.0377264470 0.9992634058 0.0070247483 0.9002729058 0.0309365634 0.4342252612
-104.4 286.9 1855.9 -0.0609178357 -0.6080848575 -0.7915313244 0.7585815191 0.4871931970 -0.4326625466 0.6487241983 -0.6267979145 0.4316031933
-91.0 120.8 1713.8 -0.6838259101 -0.6080848575 0.4032554030 -0.7225049734 0.4871931970 -0.4905398190 0.1018265635 -0.6267979145 -0.7724996805
17.4 276.4 2108.9 0.0341273099 -0.4156312048 -0.9088927507 -0.9962259531 -0.0867682844 0.0022720983 -0.0798074156 0.9053849578 -0.4170237482
26.3 17.0 2088.1 0.7262926102 -0.4156312048 -0.5474940538 -0.6308675408 -0.0867682844 -0.7710236311 0.2729563415 0.9053849578 -0.3252274096
-92.4 -113.3 1891.3 0.9969806075 0.0694269761 -0.0347786322 -0.0697381869 0.9975346923 -0.0078152437 0.0341503024 0.0102170454 0.9993644953
-119.9 -509.0 1887.2 0.9994138479 0.0000000000 -0.0342336521 0.0000000000 1.0000000000 0.0000000000 0.0342336521 0.0000000000 0.9994138479
-14.7 -116.8 2056.5 0.7684553266 -0.0695588440 -0.6361116171 -0.0233113971 0.9903714657 -0.1364585459 0.6394786835 0.1196909398 0.7594347000
12.9 -509.4 2009.1 0.7684553266 0.3753517866 -0.5182542801 -0.0233113971 0.8257777095 0.5635136962 0.6394786835 -0.4209538698 0.6433232427
102.1 324.9 1685.1 0 0 0 0 0 0 0 0 0
213.7 -145.8 2158.5 0 0 0 0 0 0 0 0 0
-119.9 -891.4 1887.2 0 0 0 0 0 0 0 0 0
-130.5 -824.9 2169.9 0 0 0 0 0 0 0 0 0
-36.4 482.3 1999.0 02 0.4580718875 0.0303710736 -0.8883961439 -0.0778658763 0.9969453812 -0.0060669631 0.8854981661 0.0719548464 0.4590375423
-42.5 283.8 1984.7 0.4580718875 0.0303710736 -0.8883961439 -0.0778658763 0.9969453812 -0.0060669631 0.8854981661 0.0719548464 0.4590375423
-47.5 85.4 1976.3 0.4588844478 0.0251425561 -0.8881401420 -0.0486538745 0.9988107681 0.0031370600 0.8871628046 0.0417719111 0.4595620334
-106.9 290.6 1859.9 -0.0082945721 -0.5840560198 -0.8116710186 0.8040797710 0.4786463976 -0.3526377082 0.5944635868 -0.6555731893 0.4656574428
-105.0 105.4 1723.0 -0.7467767596 -0.5840560198 0.3181242347 -0.6333789825 0.4786463976 -0.6080531478 0.2028680742 -0.6555731893 -0.7273708582
22.0 277.0 2109.4 0.0302923359 -0.3900276423 -0.9203047156 -0.9952804446 -0.0966919288 0.0082180994 -0.0921913236 0.9157123566 -0.3911159039
29.9 17.7 2085.4 0.7327195406 -0.3900276423 -0.5576741695 -0.6348809004 -0.0966919288 -0.7665356398 0.2450475097 0.9157123566 -0.3184691668
-92.5 -111.7 1887.5 0.9978461266 0.0654020533 -0.0050646900 -0.0653907657 0.9978569150 0.0023624559 0.0052083451 -0.0020261835 0.9999843836
-118.5 -508.0 1888.3 0.9999863505 0.0000000000 -0.0052195163 0.0000000000 1.0000000000 0.0000000000 0.0052195163 0.0000000000 0.9999863505
-13.0 -118.8 2052.2 0.7616797686 -0.0640505403 -0.6447801590 -0.0205082819 0.9922206402 -0.1227907091 0.6476290226 0.1067505330 0.7544408441
12.4 -512.7 2009.8 0.7616797686 0.3816476762 -0.5236306190 -0.0205082819 0.8219244480 0.5692272186 0.6476290226 -0.4228301048 0.6338701248
105.0 283.5 1665.9 0 0 0 0 0 0 0 0 0
218.9 -146.1 2148.6 0 0 0 0 0 0 0 0 0
-118.5 -890.3 1888.3 0 0 0 0 0 0 0 0 0
-133.5 -826.8 2171.4 0 0 0 0 0 0 0 0 0
-34.7 482.6 1999.9 03 0.4670054317 0.0376631431 -0.8834519982 -0.0833933428 0.9965154529 -0.0015996839 0.8803132772 0.0744210780 0.4685189724
-42.2 284.5 1985.1 0.4670054317 0.0376631431 -0.8834519982 -0.0833933428 0.9965154529 -0.0015996839 0.8803132772 0.0744210780 0.4685189724
-48.5 86.1 1975.2 0.4678622782 0.0316918008 -0.8832330108 -0.0587494485 0.9982616901 0.0046987161 0.8818466067 0.0496910997 0.4689108729
-107.9 292.8 1861.1 0.0390303433 -0.5816016197 -0.8125368953 0.8439329267 0.4545789957 -0.2848423421 0.5350269675 -0.6746091247 0.5085751414
-117.2 92.2 1734.0 -0.7809472084 -0.5816016197 0.2277301550 -0.5441698432 0.4545789957 -0.7051504254 0.3065952957 -0.6746091247 -0.6714922786
23.6 276.2 2109.1 0.0232315306 -0.3809815943 -0.9242907166 -0.9946494699 -0.1018989682 0.0170015804 -0.1006615534 0.9189502597 -0.3813104331
29.6 17.1 2082.9 0.7313513756 -0.3809815943 -0.5656661391 -0.6412930489 -0.1018989682 -0.7604997158 0.2320956141 0.9189502597 -0.3188447952
-94.7 -108.6 1886.7 0.9985417128 0.0536739156 0.0057966495 -0.0536734462 0.9985585213 -0.0002362232 -0.0058009727 -0.0000752474 0.9999831915
-116.0 -505.4 1886.7 0.9999831319 0.0000000000 0.0058093467 0.0000000000 1.0000000000 0.0000000000 -0.0058093467 0.0000000000 0.9999831319
-10.6 -117.6 2049.2 0.7414078712 -0.0603276864 -0.6683374047 -0.0176469237 0.9938536286 -0.1092868000 0.6708225608 0.0928201973 0.7357863188
13.4 -512.4 2012.3 0.7414078712 0.3963490725 -0.5414995551 -0.0176469237 0.8181746602 0.5746988654 0.6708225608 -0.4165304899 0.6135954857
102.2 245.2 1647.8 0 0 0 0 0 0 0 0 0
218.3 -148.3 2142.8 0 0 0 0 0 0 0 0 0
-116.0 -887.7 1886.7 0 0 0 0 0 0 0 0 0
-138.1 -825.1 2171.5 0 0 0 0 0 0 0 0 0
-34.1 481.8 2000.3 04 0.4800555110 0.0400928371 -0.8763214350 -0.0853864998 0.9963471889 -0.0011911963 0.8730726838 0.0753978565 0.4817253351
-42.0 284.5 1985.4 0.4800555110 0.0400928371 -0.8763214350 -0.0853864998 0.9963471889 -0.0011911963 0.8730726838 0.0753978565 0.4817253351
-48.9 86.2 1974.5 0.4808131754 0.0349971429 -0.8761243820 -0.0652648360 0.9978597760 0.0040428620 0.8743907809 0.0552362502 0.4820682108
-109.6 293.7 1862.4 0.0733669475 -0.5829070210 -0.8092198372 0.8701347113 0.4338985980 -0.2336613685 0.4873222113 -0.6869872212 0.5390414000
-127.3 83.8 1744.8 -0.8045178652 -0.5829070210 0.1138876453 -0.4267067015 0.4338985980 -0.7935070395 0.4131251276 -0.6869872212 -0.5978094935
25.6 275.3 2108.4 0.0191687942 -0.3674909174 -0.9298295379 -0.9940744042 -0.1065321267 0.0216108207 -0.1069984958 0.9239054918 -0.3673554063
30.6 16.4 2080.5 0.7330805659 -0.3674909174 -0.5723140240 -0.6445038319 -0.1065321267 -0.7571431398 0.2172733992 0.9239054918 -0.3149459362
-97.8 -106.9 1884.5 0.9990559816 0.0380517542 0.0209575761 -0.0380360000 0.9992756844 -0.0011498888 -0.0209861510 0.0003516609 0.9997797012
-112.9 -504.0 1884.3 0.9997794628 0.0000000000 0.0210013483 0.0000000000 1.0000000000 0.0000000000 -0.0210013483 0.0000000000 0.9997794628
-12.0 -117.7 2046.1 0.7518009543 -0.0560132191 -0.6570067406 -0.0093383072 0.9953811169 -0.0955470428 0.6593239903 0.0779676884 0.7478054166
10.3 -513.2 2015.2 0.7518009543 0.3619636297 -0.5511602759 -0.0093383072 0.8416244388 0.5399824977 0.6593239903 -0.4008124471 0.6361141801
97.6 203.1 1629.4 0 0 0 0 0 0 0 0 0
219.7 -149.9 2136.6 0 0 0 0 0 0 0 0 0
-112.9 -886.4 1884.3 0 0 0 0 0 0 0 0 0
-127.9 -834.6 2168.2 0 0 0 0 0 0 0 0 0
-34.1 477.5 2000.6 05 0.4743113518 0.0295991134 -0.8798594475 -0.0796134323 0.9967816472 -0.0093852542 0.8767499328 0.0745001659 0.4751413465
-40.0 280.3 1985.8 0.4743113518 0.0295991134 -0.8798594475 -0.0796134323 0.9967816472 -0.0093852542 0.8767499328 0.0745001659 0.4751413465
-45.4 81.9 1975.1 0.4748483598 0.0274789892 -0.8796384931 -0.0608445629 0.9981458783 -0.0016642099 0.8779618144 0.0543114692 0.4756398797
-106.7 288.9 1862.3 0.1021223813 -0.5888672471 -0.8017520905 0.8906014562 0.4131796062 -0.1900307983 0.4431705177 -0.6946351528 0.5666408539
-131.7 71.0 1753.9 -0.8082201481 -0.5888672471 0.0039516767 -0.3052365780 0.4131796062 -0.8579704165 0.5035979152 -0.6946351528 -0.5136839151
26.8 271.7 2109.3 0.0270362943 -0.3734799623 -0.9272441864 -0.9940325618 -0.1081078649 0.0145605290 -0.1056804508 0.9213172197 -0.3741740882
33.9 12.8 2081.8 0.7360441089 -0.3734799623 -0.5645810366 -0.6390107274 -0.1081078649 -0.7615628839 0.2233928293 0.9213172197 -0.3182298541
-100.0 -106.1 1883.3 0.9995442629 0.0269459691 0.0136077479 -0.0269343928 0.9996366501 -0.0010332861 -0.0136306463 0.0006662988 0.9999068975
-110.8 -503.5 1883.0 0.9999070168 0.0000000000 0.0136355935 0.0000000000 1.0000000000 0.0000000000 -0.0136355935 0.0000000000 0.9999070168
-11.8 -118.1 2043.6 0.7214887142 -0.0601687208 -0.6898069978 -0.0078159329 0.9954462647 -0.0950031430 0.6923820376 0.0739351809 0.7177330256
12.1 -513.8 2014.3 0.7214887142 0.3870812654 -0.5741272569 -0.0078159329 0.8336528540 0.5522335172 0.6923820376 -0.3939428926 0.6044965386
93.6 156.1 1613.5 0 0 0 0 0 0 0 0 0
223.8 -152.1 2139.4 0 0 0 0 0 0 0 0 0
-110.8 -885.8 1883.0 0 0 0 0 0 0 0 0 0
-135.8 -832.2 2164.7 0 0 0 0 0 0 0 0 0
-35.2 475.9 2001.2 06 0.4465641379 0.0197495818 -0.8945336342 -0.0714107156 0.9973538518 -0.0136296060 0.8918973804 0.0699657798 0.4467928112
-39.1 278.8 1987.3 0.4465641379 0.0197495818 -0.8945336342 -0.0714107156 0.9973538518 -0.0136296060 0.8918973804 0.0699657798 0.4467928112
-43.2 80.4 1976.8 0.4468578696 0.0205847062 -0.8943681121 -0.0568767078 0.9983664155 -0.0054392884 0.8927950859 0.0532993004 0.4472986758
-101.9 286.9 1861.8 0.1352819055 -0.6088007689 -0.7817035317 0.9088201523 0.3904921114 -0.1468395293 0.3946450949 -0.6905632019 0.6061168909
-135.4 62.0 1764.1 -0.7851209641 -0.6088007689 -0.1137837768 -0.1717190892 0.3904921114 -0.9044492841 0.5950610638 -0.6905632019 -0.4111262560
23.7 270.8 2112.9 0.0355223082 -0.4021677971 -0.9148766398 -0.9940564036 -0.1084861383 0.0090924324 -0.1029081196 0.9091159701 -0.4036311209
33.0 11.9 2086.1 0.7318133712 -0.4021677971 -0.5501911640 -0.6347858906 -0.1084861383 -0.7650343776 0.2479840815 0.9091159701 -0.3346820474
-94.4 -110.9 1883.7 0.9985987544 0.0496944226 -0.0181942098 -0.0496114269 0.9987561703 0.0049852128 0.0184193160 -0.0040755863 0.9998220205
-114.2 -507.9 1885.4 0.9998299479 0.0000000000 -0.0184420254 0.0000000000 1.0000000000 0.0000000000 0.0184420254 0.0000000000 0.9998299479
-7.3 -122.1 2044.8 0.7366932034 -0.0456636399 -0.6746835709 -0.0189360045 0.9959331751 -0.0880827084 0.6759619117 0.0776657462 0.7328324914
10.8 -518.0 2013.9 0.7366932034 0.3929773271 -0.5503198504 -0.0189360045 0.8254783154 0.5641160607 0.6759619117 -0.4051596224 0.6155657172
81.7 109.5 1599.6 0 0 0 0 0 0 0 0 0
221.8 -151.9 2150.1 0 0 0 0 0 0 0 0 0
-114.2 -890.2 1885.4 0 0 0 0 0 0 0 0 0
-139.3 -833.4 2168.7 0 0 0 0 0 0 0 0 0
-35.8 476.3 2001.5 07 0.4864488840 0.0119829392 -0.8736268878 -0.0731329620 0.9969553947 -0.0270470046 0.8706429005 0.0770478994 0.4858441651
-38.2 279.3 1986.3 0.4864488840 0.0119829392 -0.8736268878 -0.0731329620 0.9969553947 -0.0270470046 0.8706429005 0.0770478994 0.4858441651
-41.1 81.0 1974.6 0.4866484702 0.0145775033 -0.8734762669 -0.0581409112 0.9981843829 -0.0157338548 0.8716610074 0.0584415607 0.4866124392
-106.5 287.5 1863.7 0.1095144600 -0.6461629272 -0.7553012967 0.9270860553 0.3404588699 -0.1568414718 0.3584941626 -0.6830528975 0.6363337636
-134.6 50.2 1771.9 -0.7415543795 -0.6461629272 -0.1804733276 -0.0684376508 0.3404588699 -0.9377654791 0.6673929691 -0.6830528975 -0.2966906428
30.2 271.1 2108.8 0.0392256938 -0.3603452146 -0.9319939017 -0.9931049943 -0.1171755791 0.0035069156 -0.1104706302 0.9254302979 -0.3624569178
40.5 12.4 2080.0 0.7474244833 -0.3603452146 -0.5581290126 -0.6298542023 -0.1171755791 -0.7678239346 0.2112825811 0.9254302979 -0.3145448267
-88.3 -112.8 1884.3 0.9968835711 0.0744470954 0.0260914918 -0.0743430182 0.9972205162 -0.0049378178 -0.0263865776 0.0029827093 0.9996473789
-117.8 -509.1 1883.2 0.9996498823 0.0000000000 0.0264597982 0.0000000000 1.0000000000 0.0000000000 -0.0264597982 0.0000000000 0.9996498823
-6.3 -123.3 2048.1 0.7696744204 -0.0389538631 -0.6372470856 -0.0251117218 0.9955173135 -0.0911845565 0.6379424930 0.0861847997 0.7652460337
9.2 -519.1 2013.8 0.7696744204 0.3642908037 -0.5243028402 -0.0251117218 0.8378679752 0.5452950597 0.6379424930 -0.4065335095 0.6540335417
69.5 69.0 1588.3 0 0 0 0 0 0 0 0 0
233.3 -150.1 2134.5 0 0 0 0 0 0 0 0 0
-117.8 -891.5 1883.2 0 0 0 0 0 0 0 0 0
-130.0 -839.1 2169.1 0 0 0 0 0 0 0 0 0
-36.5 475.6 2005.6 08 0.5261728764 0.0031434717 -0.8503718376 -0.0854674429 0.9951252341 -0.0492049493 0.8460717797 0.0985694155 0.5238765478
-37.1 279.1 1986.2 0.5261728764 0.0031434717 -0.8503718376 -0.0854674429 0.9951252341 -0.0492049493 0.8460717797 0.0985694155 0.5238765478
-38.9 81.0 1970.9 0.5262661576 0.0085134124 -0.8502773046 -0.0695306733 0.9970321059 -0.0330521502 0.8474723697 0.0765145794 0.5252961516
-111.0 288.9 1867.1 0.0854199603 -0.6806610227 -0.7276015878 0.9380333424 0.3011030257 -0.1715531051 0.3358525336 -0.6678604484 0.6642029285
-133.8 39.0 1777.6 -0.6918924451 -0.6806610227 -0.2408016175 0.0354371741 0.3011030257 -0.9529329538 0.7211303711 -0.6678604484 -0.1842101961
36.8 269.3 2105.3 0.0428221524 -0.3168596923 -0.9475052357 -0.9904805422 -0.1376468241 0.0012667145 -0.1308224499 0.9384312630 -0.3197377026
47.9 11.4 2071.2 0.7617228627 -0.3168596923 -0.5651355982 -0.6264598370 -0.1376468241 -0.7672036290 0.1653067917 0.9384312630 -0.3033486009
-88.6 -112.2 1883.1 0.9946821928 0.0725167021 0.0731346756 -0.0726846159 0.9973549247 -0.0003663868 -0.0729677975 -0.0049513271 0.9973220229
-117.4 -508.6 1885.1 0.9973201156 0.0000000000 0.0731613040 0.0000000000 1.0000000000 0.0000000000 -0.0731613040 0.0000000000 0.9973201156
0.6 -122.8 2042.8 0.7762708068 -0.0266358759 -0.6298366189 -0.0308593363 0.9963035583 -0.0801678076 0.6296437979 0.0816682726 0.7725794315
11.2 -518.9 2010.4 0.7762708068 0.3762885034 -0.5057772398 -0.0308593363 0.8240326643 0.5657012463 0.6296437979 -0.4235294163 0.6512845159
56.1 29.2 1579.6 0 0 0 0 0 0 0 0 0
244.5 -150.3 2113.8 0 0 0 0 0 0 0 0 0
-117.4 -890.9 1885.1 0 0 0 0 0 0 0 0 0
-132.6 -833.7 2172.2 0 0 0 0 0 0 0 0 0
-37.1 474.5 2008.2 09 0.5213077664 -0.0009591326 -0.8533682227 -0.0878635123 0.9946244359 -0.0547921844 0.8488334417 0.1035435125 0.5184211731
-36.9 278.0 1987.7 0.5213077664 -0.0009591326 -0.8533682227 -0.0878635123 0.9946244359 -0.0547921844 0.8488334417 0.1035435125 0.5184211731
-37.9 80.0 1971.4 0.5213366151 0.0047017420 -0.8533381224 -0.0725023597 0.9966131449 -0.0388032794 0.8502655625 0.0820985958 0.5199118257
-110.2 288.2 1868.2 0.0936971307 -0.7081543803 -0.6998129487 0.9452975988 0.2838805020 -0.1606994271 0.3124632537 -0.6464744210 0.6960154772
-136.2 26.3 1781.6 -0.6387709975 -0.7081543803 -0.3008138239 0.1325039864 0.2838805020 -0.9496602416 0.7579012513 -0.6464744210 -0.0875013396
36.3 267.8 2107.3 0.0469406322 -0.3220930099 -0.9455435872 -0.9895885587 -0.1439252049 -0.0001000578 -0.1360553354 0.9357038140 -0.3254954815
48.6 10.0 2071.9 0.7628026009 -0.3220930099 -0.5607033968 -0.6248368025 -0.1439252049 -0.7673751116 0.1664667875 0.9357038140 -0.3110420704
-88.9 -110.8 1878.0 0.9955260754 0.0654765293 0.0681222305 -0.0662976503 0.9977511764 0.0098610232 -0.0673233718 -0.0143332491 0.9976282716
-114.9 -507.5 1883.7 0.9977211952 0.0000000000 0.0674718171 0.0000000000 1.0000000000 0.0000000000 -0.0674718171 0.0000000000 0.9977211952
7.5 -123.5 2033.3 0.7433857918 -0.0104220249 -0.6687816978 -0.0290933568 0.9984284639 -0.0478978939 0.6682298183 0.0550637208 0.7419143319
11.7 -520.3 2011.4 0.7433857918 0.3981878757 -0.5374234319 -0.0290933568 0.8219773769 0.5687765479 0.6682298183 -0.4071849585 0.6226309538
38.6 -9.9 1574.2 0 0 0 0 0 0 0 0 0
245.4 -151.2 2114.8 0 0 0 0 0 0 0 0 0
-114.9 -889.8 1883.7 0 0 0 0 0 0 0 0 0
-140.5 -834.3 2166.9 0 0 0 0 0 0 0 0 0
-36.3 474.7 2010.0 10 0.5185636282 0.0045607653 -0.8550269008 -0.0945284814 0.9941617250 -0.0520274825 0.8497976661 0.1078039557 0.5159672499
-37.2 279.5 1988.8 0.5185636282 0.0045607653 -0.8550269008 -0.0945284814 0.9941617250 -0.0520274825 0.8497976661 0.1078039557 0.5159672499
-39.5 81.6 1970.5 0.5186402798 0.0115566291 -0.8549144268 -0.0850681588 0.9956445694 -0.0381482355 0.8507500887 0.0925112069 0.5173644423
-110.1 291.5 1869.2 0.0912871137 -0.7307324409 -0.6765329242 0.9499371052 0.2677516043 -0.1610236019 0.2988079488 -0.6279643178 0.7185921073
-136.6 16.4 1782.7 -0.5891975760 -0.7307324409 -0.3447844982 0.2172242403 0.2677516043 -0.9386813641 0.7782415152 -0.6279643178 0.0009741992
35.7 267.5 2108.5 0.0402716286 -0.3254895508 -0.9446876645 -0.9884256124 -0.1513752490 0.0100197690 -0.1462636590 0.9333499074 -0.3278183043
46.2 10.0 2070.4 0.7579275370 -0.3254895508 -0.5653339028 -0.6319491267 -0.1513752490 -0.7600827813 0.1618214250 0.9333499074 -0.3204242885
-86.7 -111.5 1877.1 0.9953651428 0.0698676333 0.0660811514 -0.0703539997 0.9975092411 0.0050590634 -0.0655630976 -0.0096846884 0.9978014231
-114.4 -508.1 1881.0 0.9978377223 0.0000000000 0.0657259598 0.0000000000 1.0000000000 0.0000000000 -0.0657259598 0.0000000000 0.9978377223
8.9 -124.8 2033.0 0.7468612194 -0.0100045362 -0.6649047136 -0.0345681533 0.9979507923 -0.0538447835 0.6640808582 0.0631991029 0.7449848652
12.9 -521.5 2007.9 0.7468612194 0.4067614377 -0.5260641575 -0.0345681533 0.8137767911 0.5801486373 0.6640808582 -0.4151054323 0.6218392849
23.9 -42.7 1570.8 0 0 0 0 0 0 0 0 0
241.7 -153.0 2112.1 0 0 0 0 0 0 0 0 0
-114.4 -890.4 1881.0 0 0 0 0 0 0 0 0 0
-142.5 -832.4 2166.5 0 0 0 0 0 0 0 0 0
-35.0 474.5 2010.4 11 0.4846496582 0.0122731645 -0.8746222258 -0.0942648724 0.9948111176 -0.0382747613 0.8696141839 0.1009960100 0.4832918048
-37.4 278.7 1990.5 0.4846496582 0.0122731645 -0.8746222258 -0.0942648724 0.9948111176 -0.0382747613 0.8696141839 0.1009960100 0.4832918048
-40.2 80.7 1973.9 0.4848395884 0.0140084988 -0.8744909167 -0.0798750445 0.9964023829 -0.0283233151 0.8709480762 0.0835822672 0.4842142463
-105.6 290.0 1868.1 0.1238083988 -0.7234691381 -0.6791640520 0.9498537779 0.2844551802 -0.1298576742 0.2871397436 -0.6290290952 0.7224078774
-142.4 7.5 1782.7 -0.5573750734 -0.7234691381 -0.4073394239 0.2969489694 0.2844551802 -0.9115407467 0.7753414512 -0.6290290952 0.0562852025
30.7 267.4 2112.9 0.0399017595 -0.3622388542 -0.9312308431 -0.9899936318 -0.1405781358 0.0122637441 -0.1353531033 0.9214232564 -0.3642234802
41.1 9.6 2077.7 0.7472597361 -0.3622388542 -0.5571228862 -0.6346793175 -0.1405781358 -0.7598815560 0.1969393343 0.9214232564 -0.3349538743
-89.4 -108.5 1874.0 0.9977251887 0.0612720028 0.0281099994 -0.0619320124 0.9978097081 0.0232419278 -0.0266243517 -0.0249299649 0.9993345737
-113.7 -505.2 1884.0 0.9996441603 0.0000000000 0.0266755577 0.0000000000 1.0000000000 0.0000000000 -0.0266755577 0.0000000000 0.9996441603
5.8 -124.1 2030.1 0.7348285913 -0.0170648471 -0.6780381203 -0.0267330464 0.9981779456 -0.0540942438 0.6777257919 0.0578760207 0.7330334783
12.5 -520.9 2007.1 0.7348285913 0.4104381204 -0.5399698615 -0.0267330464 0.8130269051 0.5816121101 0.6777257919 -0.4129501581 0.6084076762
9.2 -73.2 1571.9 0 0 0 0 0 0 0 0 0
233.9 -154.1 2128.5 0 0 0 0 0 0 0 0 0
-113.7 -887.5 1884.0 0 0 0 0 0 0 0 0 0
-144.3 -831.7 2164.9 0 0 0 0 0 0 0 0 0
-34.3 473.1 2010.6 12 0.4797647297 0.0126519287 -0.8773059249 -0.0952733979 0.9947348833 -0.0377559289 0.8722091317 0.1016978845 0.4784440994
-36.8 277.2 1990.6 0.4797647297 0.0126519287 -0.8773059249 -0.0952733979 0.9947348833 -0.0377559289 0.8722091317 0.1016978845 0.4784440994
-39.7 79.3 1973.3 0.4799304903 0.0144730294 -0.8771871328 -0.0831083283 0.9961174130 -0.0290352926 0.8733611703 0.0868364796 0.4792699516
-104.3 289.0 1867.7 0.1420864761 -0.7214391232 -0.6777440906 0.9491905570 0.2935351431 -0.1134655327 0.2808001935 -0.6271863580 0.7264905572
-147.1 2.9 1783.1 -0.5200198889 -0.7214391232 -0.4572798908 0.3684396744 0.2935351431 -0.8820937276 0.7706046104 -0.6271863580 0.1131626740
30.7 265.5 2113.4 0.0397292748 -0.3674708605 -0.9291860461 -0.9895949960 -0.1431679577 0.0143073173 -0.1382871866 0.9189494848 -0.3693352938
41.0 7.7 2077.4 0.7455653548 -0.3674708605 -0.5559653640 -0.6360121369 -0.1431679577 -0.7582819462 0.1990500987 0.9189494848 -0.3404569924
-87.5 -110.1 1877.4 0.9975001216 0.0671434551 0.0220283326 -0.0674046576 0.9976612926 0.0113365203 -0.0212156419 -0.0127929924 0.9996930957
-114.2 -506.7 1882.5 0.9997739196 0.0000000000 0.0212640036 0.0000000000 1.0000000000 0.0000000000 -0.0212640036 0.0000000000 0.9997739196
1.4 -124.7 2037.1 0.7432951927 -0.0263728183 -0.6684435606 -0.0313466936 0.9967519045 -0.0741827786 0.6682287455 0.0760931969 0.7400541306
11.9 -520.9 2006.8 0.7432951927 0.4057868123 -0.5318358541 -0.0313466936 0.8152686954 0.5782337785 0.6682287455 -0.4131270647 0.6187053919
-5.9 -97.2 1573.8 0 0 0 0 0 0 0 0 0
233.4 -156.4 2128.7 0 0 0 0 0 0 0 0 0
-114.2 -889.0 1882.5 0 0 0 0 0 0 0 0 0
-143.3 -832.5 2164.8 0 0 0 0 0 0 0 0 0
-35.4 471.8 2011.7 13 0.4683819115 0.0190167241 -0.8833214045 -0.1076131687 0.9935526848 -0.0356721170 0.8769479990 0.1117651910 0.4674085379
-39.2 276.7 1989.7 0.4683819115 0.0190167241 -0.8833214045 -0.1076131687 0.9935526848 -0.0356721170 0.8769479990 0.1117651910 0.4674085379
-43.7 78.9 1971.0 0.4686642885 0.0229123682 -0.8830791712 -0.0942193493 0.9952577353 -0.0241807681 0.8783373237 0.0945358053 0.4686005712
-105.1 290.0 1866.2 0.1421865225 -0.7371223569 -0.6606311798 0.9530856013 0.2821349204 -0.1096709520 0.2672280371 -0.6140443683 0.7426565289
-148.6 -1.7 1784.4 -0.4713717699 -0.7371223569 -0.4842099249 0.4364302754 0.2821349204 -0.8543585539 0.7663793564 -0.6140443683 0.1887120754
26.7 263.4 2113.3 0.0319595113 -0.3797536790 -0.9245353937 -0.9888728857 -0.1464764178 0.0259817690 -0.1452893168 0.9134176373 -0.3802094460
35.1 5.9 2075.4 0.7370527387 -0.3797536790 -0.5590531230 -0.6446083188 -0.1464764178 -0.7503497601 0.2030600011 0.9134176373 -0.3527532220
-86.6 -111.2 1876.0 0.9976606965 0.0675057173 0.0107760588 -0.0676292628 0.9976437092 0.0115442490 -0.0099713653 -0.0122460211 0.9998753071
-113.4 -507.8 1880.8 0.9999500513 0.0000000000 0.0099942470 0.0000000000 1.0000000000 0.0000000000 -0.0099942470 0.0000000000 0.9999500513
1.5 -126.4 2036.1 0.7349290848 -0.0231812745 -0.6777476668 -0.0281443838 0.9975118637 -0.0646372139 0.6775597334 0.0665785596 0.7324480414
10.7 -522.9 2009.7 0.7349290848 0.4052062631 -0.5437712073 -0.0281443838 0.8193863630 0.5725502968 0.6775597334 -0.4054797292 0.6135951281
-20.0 -120.7 1575.4 0 0 0 0 0 0 0 0 0
225.2 -160.4 2127.8 0 0 0 0 0 0 0 0 0
-113.4 -890.1 1880.8 0 0 0 0 0 0 0 0 0
-144.2 -836.2 2164.7 0 0 0 0 0 0 0 0 0
-33.1 472.7 2006.2 14 0.5170402527 0.0279074032 -0.8555060029 -0.1033125222 0.9941961765 -0.0300071500 0.8497034311 0.1038993895 0.5169226527
-38.6 276.8 1985.8 0.5170402527 0.0279074032 -0.8555060029 -0.1033125222 0.9941961765 -0.0300071500 0.8497034311 0.1038993895 0.5169226527
-44.3 78.9 1968.3 0.5174294114 0.0286128111 -0.8552474380 -0.0896118209 0.9957574010 -0.0209019892 0.8510208726 0.0874555856 0.5177981853
-111.4 289.5 1866.1 0.1363391727 -0.7365236878 -0.6625288725 0.9542018771 0.2773993611 -0.1120194197 0.2662900388 -0.6169136763 0.7406126857
-153.4 -4.8 1784.0 -0.4449840486 -0.7365236878 -0.5094330907 0.4881857038 0.2773993611 -0.8274806738 0.7507755160 -0.6169136763 0.2361220568
34.1 264.1 2105.4 0.0233111121 -0.3276796341 -0.9445012808 -0.9896981716 -0.1410557777 0.0245104395 -0.1412589252 0.9341998100 -0.3275921047
40.2 6.4 2068.6 0.7470726371 -0.3276796341 -0.5783671737 -0.6439886093 -0.1410557777 -0.7519188523 0.1648064703 0.9341998100 -0.3164008558
-91.2 -110.3 1871.6 0.9961883426 0.0549061745 0.0677800328 -0.0568539612 0.9980133176 0.0271489732 -0.0661547333 -0.0308990534 0.9973308444
-113.1 -507.0 1883.9 0.9978022575 0.0000000000 0.0662619099 0.0000000000 1.0000000000 0.0000000000 -0.0662619099 0.0000000000 0.9978022575
-5.3 -127.6 2032.7 0.7177013755 -0.0431858674 -0.6950105429 -0.0081795296 0.9974833727 -0.0704271942 0.6963029504 0.0562305562 0.7155419588
11.9 -524.0 2010.4 0.7177013755 0.4069404006 -0.5650700927 -0.0081795296 0.8163437247 0.5775085092 0.6963029504 -0.4098566473 0.5892195702
-31.3 -138.8 1577.9 0 0 0 0 0 0 0 0 0
232.9 -159.8 2111.1 0 0 0 0 0 0 0 0 0
-113.1 -889.3 1883.9 0 0 0 0 0 0 0 0 0
-143.7 -836.1 2167.1 0 0 0 0 0 0 0 0 0
-35.8 471.9 2008.5 15 0.4891305566 0.0109998193 -0.8721412420 -0.0988905132 0.9941721559 -0.0429227054 0.8665863872 0.1072413027 0.4873677790
-37.9 276.5 1987.4 0.4891305566 0.0109998193 -0.8721412420 -0.0988905132 0.9941721559 -0.0429227054 0.8665863872 0.1072413027 0.4873677790
-41.9 78.6 1969.5 0.4892967939 0.0197663363 -0.8718932867 -0.0881381407 0.9957453012 -0.0268880092 0.8676521778 0.0900032744 0.4889571667
-106.7 289.0 1865.4 0.1569082439 -0.7363194227 -0.6581895947 0.9530661106 0.2876183689 -0.0945549086 0.2589300275 -0.6124617457 0.7468907833
-155.5 -7.5 1784.9 -0.4080887437 -0.7363194227 -0.5397196412 0.5332351327 0.2876183689 -0.7955726981 0.7410289049 -0.6124617457 0.2752575576
30.8 264.0 2109.4 0.0338853188 -0.3577947915 -0.9331852198 -0.9892814159 -0.1447053850 0.0195595846 -0.1420352459 0.9225200415 -0.3588631451
39.7 6.4 2072.4 0.7449758053 -0.3577947915 -0.5630221367 -0.6398866177 -0.1447053850 -0.7547221184 0.1885633022 0.9225200415 -0.3367501199
-97.4 -110.8 1873.0 0.9988849759 0.0325061232 0.0342369191 -0.0333154760 0.9991723299 0.0233405977 -0.0334498696 -0.0244551916 0.9991411567
-110.3 -507.9 1882.8 0.9994397759 0.0000000000 0.0334684476 0.0000000000 1.0000000000 0.0000000000 -0.0334684476 0.0000000000 0.9994397759
-2.6 -127.3 2028.9 0.7346349359 -0.0369369127 -0.6774563789 -0.0069406326 0.9980555177 -0.0619433597 0.6784271002 0.0502077304 0.7329500914
12.1 -524.0 2009.0 0.7346349359 0.4003491998 -0.5477517843 -0.0069406326 0.8117349744 0.5839846730 0.6784271002 -0.4252138138 0.5991075635
-42.7 -154.9 1580.0 0 0 0 0 0 0 0 0 0
231.9 -158.7 2121.1 0 0 0 0 0 0 0 0 0
-110.3 -890.3 1882.8 0 0 0 0 0 0 0 0 0
-140.9 -834.3 2171.5 0 0 0 0 0 0 0 0 0
-35.8 471.6 2010.1 16 0.4947777390 0.0082562268 -0.8689803481 -0.0981098190 0.9940925241 -0.0464165881 0.8634636402 0.1082213968 0.4926648736
-37.4 275.3 1988.8 0.4947777390 0.0082562268 -0.8689803481 -0.0981098190 0.9940925241 -0.0464165881 0.8634636402 0.1082213968 0.4926648736
-40.2 77.3 1971.2 0.4949370325 0.0140378131 -0.8688154221 -0.0838910565 0.9959706664 -0.0316978022 0.8648697138 0.0885742679 0.4941203892
-107.0 287.1 1867.2 0.1597790420 -0.7382045984 -0.6553812623 0.9511863589 0.2927092314 -0.0978051126 0.2640363276 -0.6077625155 0.7489389181
-156.6 -8.2 1785.2 -0.3731215894 -0.7382045984 -0.5619913340 0.5734120011 0.2927092314 -0.7651927471 0.7293688655 -0.6077625155 0.3140792549
32.2 263.4 2110.4 0.0392651260 -0.3514449298 -0.9353848100 -0.9892406464 -0.1456993669 0.0132166389 -0.1409298927 0.9248017073 -0.3533844948
42.4 5.8 2073.7 0.7500786185 -0.3514449298 -0.5602397323 -0.6349426508 -0.1456993669 -0.7586959600 0.1850132644 0.9248017073 -0.3324333429
-90.6 -111.2 1872.2 0.9977825284 0.0532911681 0.0398753174 -0.0542205349 0.9982731938 0.0225994661 -0.0386021100 -0.0247114133 0.9989490509
-111.8 -508.0 1882.0 0.9992524385 0.0000000000 0.0386589803 0.0000000000 1.0000000000 0.0000000000 -0.0386589803 0.0000000000 0.9992524385
-0.9 -127.4 2031.2 0.7221199870 -0.0316866152 -0.6910417080 -0.0104441904 0.9983371496 -0.0566910505 0.6916889548 0.0481551141 0.7205882668
11.7 -524.4 2012.0 0.7221199870 0.4060885906 -0.5600309968 -0.0104441904 0.8158728480 0.5781370401 0.6916889548 -0.4116352797 0.5933993459
-52.6 -168.0 1581.9 0 0 0 0 0 0 0 0 0
235.9 -158.0 2121.4 0 0 0 0 0 0 0 0 0
-111.8 -890.3 1882.0 0 0 0 0 0 0 0 0 0
-143.6 -836.2 2169.4 0 0 0 0 0 0 0 0 0
-34.7 469.2 2005.5 17 0.4936757684 0.0092961546 -0.8695963621 -0.0860292614 0.9955601096 -0.0381966680 0.8653804064 0.0936674997 0.4922836423
-36.5 272.9 1987.0 0.4936757684 0.0092961546 -0.8695963621 -0.0860292614 0.9955601096 -0.0381966680 0.8653804064 0.0936674997 0.4922836423
-39.2 74.8 1971.4 0.4938040972 0.0139149996 -0.8694618344 -0.0750151798 0.9968261719 -0.0266509317 0.8663315177 0.0783831775 0.4932806790
-105.9 283.5 1865.1 0.1695546061 -0.7456833124 -0.6443660855 0.9513542652 0.2945119739 -0.0904861093 0.2572475076 -0.5976780653 0.7593448758
-157.8 -7.8 1786.4 -0.3437053561 -0.7456833124 -0.5708090663 0.5984327197 0.2945119739 -0.7450778484 0.7237022519 -0.5976780653 0.3450159431
33.0 262.3 2108.8 0.0394564420 -0.3526552320 -0.9349210858 -0.9906318784 -0.1362232864 0.0095762573 -0.1307351440 0.9257848263 -0.3547264040
43.2 4.3 2074.8 0.7498399019 -0.3526552320 -0.5597985387 -0.6329985261 -0.1362232864 -0.7620735765 0.1924916357 0.9257848263 -0.3253758848
-88.3 -113.0 1874.3 0.9973914623 0.0615310818 0.0377381146 -0.0622595325 0.9978896379 0.0184402633 -0.0365238227 -0.0207417198 0.9991174936
-112.8 -509.6 1882.5 0.9993301630 0.0000000000 0.0365948156 0.0000000000 1.0000000000 0.0000000000 -0.0365948156 0.0000000000 0.9993301630
2.4 -128.4 2032.9 0.7343201637 -0.0243093446 -0.6783678532 -0.0214504693 0.9980284572 -0.0589841120 0.6784642935 0.0578645319 0.7323509455
12.1 -525.1 2009.9 0.7343201637 0.4101888835 -0.5408502817 -0.0214504693 0.8103945851 0.5854917169 0.6784642935 -0.4183368385 0.6038877964
-61.5 -175.5 1583.6 0 0 0 0 0 0 0 0 0
236.7 -159.1 2124.4 0 0 0 0 0 0 0 0 0
-112.8 -892.0 1882.5 0 0 0 0 0 0 0 0 0
-144.7 -834.9 2169.8 0 0 0 0 0 0 0 0 0
-35.2 466.9 2003.6 18 0.4820322096 -0.0014471344 -0.8761522770 -0.0795027018 0.9958009720 -0.0453847125 0.8725389838 0.0915333703 0.4798930883
-34.9 270.4 1985.6 0.4820322096 -0.0014471344 -0.8761522770 -0.0795027018 0.9958009720 -0.0453847125 0.8725389838 0.0915333703 0.4798930883
-36.2 72.2 1970.8 0.4820612967 0.0065855877 -0.8761127591 -0.0682213753 0.9972178340 -0.0300413612 0.8734773993 0.0742513910 0.4811694026
-102.7 280.0 1862.7 0.1765710562 -0.7520158291 -0.6350550056 0.9520922303 0.2941581309 -0.0836142302 0.2496858239 -0.5898670554 0.7679282427
-156.7 -11.2 1786.3 -0.3157101870 -0.7520158291 -0.5786184072 0.6248252988 0.2941581309 -0.7232319117 0.7140871286 -0.5898670554 0.3770097792
32.8 260.7 2108.4 0.0474752709 -0.3647497892 -0.9298944473 -0.9909091592 -0.1345149428 0.0021729537 -0.1258772910 0.9213377833 -0.3678200543
45.2 2.6 2075.6 0.7510061264 -0.3647497892 -0.5504065752 -0.6274331808 -0.1345149428 -0.7669636607 0.2057119310 0.9213377833 -0.3298776746
-87.3 -116.5 1876.4 0.9976726770 0.0643025413 0.0226802994 -0.0644885004 0.9978897572 0.0075643351 -0.0221460313 -0.0090093492 0.9997141361
-112.8 -513.2 1880.0 0.9997537136 0.0000000000 0.0221922267 0.0000000000 1.0000000000 0.0000000000 -0.0221922267 0.0000000000 0.9997537136
3.3 -130.3 2035.3 0.7299612761 -0.0213239193 -0.6831557751 -0.0255756080 0.9979610443 -0.0584780909 0.6830098033 0.0601588674 0.7279275656
11.8 -527.1 2011.4 0.7299612761 0.4147582948 -0.5432605743 -0.0255756080 0.8108535409 0.5846900344 0.6830098033 -0.4129068553 0.6024994254
-68.0 -187.0 1585.5 0 0 0 0 0 0 0 0 0
239.0 -159.3 2128.7 0 0 0 0 0 0 0 0 0
-112.8 -895.5 1880.0 0 0 0 0 0 0 0 0 0
-146.8 -837.0 2169.3 0 0 0 0 0 0 0 0 0
-35.6 465.6 2002.2 19 0.4832937419 -0.0082632015 -0.8754192591 -0.0704745352 0.9963429570 -0.0483115725 0.8726170659 0.0850434452 0.4809439778
-33.9 268.9 1985.4 0.4832937419 -0.0082632015 -0.8754192591 -0.0704745352 0.9963429570 -0.0483115725 0.8726170659 0.0850434452 0.4809439778
-33.4 70.6 1971.9 0.4832293987 -0.0023804533 -0.8754905462 -0.0584226251 0.9976796508 -0.0349592119 0.8735423088 0.0680417717 0.4819690585
-101.9 277.1 1862.5 0.1776988506 -0.7723234892 -0.6098684669 0.9525479674 0.2906252146 -0.0904949307 0.2471345216 -0.5648481250 0.7873189449
-155.9 -12.6 1787.4 -0.2792205811 -0.7723234892 -0.5705718994 0.6433779001 0.2906252146 -0.7082385421 0.7128118873 -0.5648481250 0.4157473147
34.0 260.6 2108.3 0.0563483052 -0.3629163504 -0.9301164150 -0.9912043810 -0.1320653111 -0.0085193897 -0.1197442934 0.9224155545 -0.3671659529
48.7 2.4 2077.1 0.7567814589 -0.3629163504 -0.5436667800 -0.6193289757 -0.1320653111 -0.7739446759 0.2090776712 0.9224155545 -0.3247092068
-81.8 -119.8 1876.0 0.9965757728 0.0796014071 0.0223692730 -0.0796379820 0.9968235493 0.0007474194 -0.0222387239 -0.0025263038 0.9997494817
-113.4 -516.1 1877.0 0.9997510910 0.0000000000 0.0223095808 0.0000000000 1.0000000000 0.0000000000 -0.0223095808 0.0000000000 0.9997510910
6.7 -132.3 2036.2 0.7473847270 -0.0102474615 -0.6643124819 -0.0361302905 0.9977746010 -0.0560397133 0.6634083986 0.0658850297 0.7453511953
10.8 -529.0 2010.0 0.7473847270 0.4137098491 -0.5198656321 -0.0361302905 0.8066192269 0.5899661183 0.6634083986 -0.4221487343 0.6178023219
-77.3 -193.8 1586.7 0 0 0 0 0 0 0 0 0
244.0 -157.4 2131.0 0 0 0 0 0 0 0 0 0
-113.4 -898.4 1877.0 0 0 0 0 0 0 0 0 0
-147.4 -837.4 2171.4 0 0 0 0 0 0 0 0 0
-35.1 470.3 2002.0 20 0.4653421342 -0.0063386601 -0.8851081729 -0.0662260428 0.9969220757 -0.0419574864 0.8826498985 0.0781418011 0.4634900689
-33.8 272.9 1986.5 0.4653421342 -0.0063386601 -0.8851081729 -0.0662260428 0.9969220757 -0.0419574864 0.8826498985 0.0781418011 0.4634900689
-33.3 74.6 1974.3 0.4652833343 -0.0027113473 -0.8851576447 -0.0532659106 0.9980973005 -0.0310565345 0.8835576773 0.0615988187 0.4642536342
-99.2 280.5 1862.2 0.1839452684 -0.7808509469 -0.5970225930 0.9531261921 0.2901463509 -0.0858225301 0.2402385324 -0.5532512069 0.7976205349
-155.8 -12.6 1788.4 -0.2517131567 -0.7808509469 -0.5717624426 0.6644084454 0.2901463509 -0.6887499690 0.7037058473 -0.5532512069 0.4457702935
31.6 265.4 2110.8 0.0577274039 -0.3817593455 -0.9224572182 -0.9920037985 -0.1258101612 -0.0100130383 -0.1122319177 0.9156591296 -0.3859694302
46.6 7.0 2081.6 0.7517135143 -0.3817593455 -0.5377607346 -0.6186755896 -0.1258101612 -0.7755077481 0.2284015864 0.9156591296 -0.3307583928
-77.3 -122.4 1878.3 0.9957426190 0.0921751335 0.0005738493 -0.0921656564 0.9956989288 -0.0094380286 -0.0014413327 0.0093449587 0.9999552965
-113.9 -518.2 1874.6 0.9999989271 0.0000000000 0.0014474937 0.0000000000 1.0000000000 0.0000000000 -0.0014474937 0.0000000000 0.9999989271
11.4 -133.1 2038.6 0.7647270560 0.0022216993 -0.6443505287 -0.0486424379 0.9973396659 -0.0542909466 0.6425157189 0.0728605315 0.7628006935
10.5 -529.6 2009.6 0.7647270560 0.4119151533 -0.4954981506 -0.0486424379 0.8036942482 0.5930509567 0.6425157189 -0.4294199049 0.6346433163
-85.0 -199.4 1590.5 0 0 0 0 0 0 0 0 0
240.6 -152.6 2140.5 0 0 0 0 0 0 0 0 0
-113.9 -900.5 1874.6 0 0 0 0 0 0 0 0 0
-147.0 -836.9 2173.8 0 0 0 0 0 0 0 0 0
-35.7 471.3 2006.9 21 0.3975589275 -0.0009724087 -0.9175761342 -0.0785885528 0.9962888360 -0.0351059474 0.9142049551 0.0860676616 0.3960070908
-35.5 274.4 1989.9 0.3975589275 -0.0009724087 -0.9175761342 -0.0785885528 0.9962888360 -0.0351059474 0.9142049551 0.0860676616 0.3960070908
-36.0 76.2 1976.3 0.3975703418 0.0024343114 -0.9175684452 -0.0630116835 0.9977082014 -0.0246552099 0.9154055715 0.0676197112 0.3968125880
-91.4 283.3 1861.3 0.2066975683 -0.7709994316 -0.6023586988 0.9497965574 0.3059070110 -0.0656311512 0.2348673344 -0.5585523844 0.7955228090
-155.7 -12.3 1788.2 -0.2314520031 -0.7709994316 -0.5932873487 0.6824963689 0.3059070110 -0.6637918353 0.6932739019 -0.5585523844 0.4554015398
20.3 265.5 2118.4 0.0562605150 -0.4501750469 -0.8911662102 -0.9918895364 -0.1270932257 0.0015821797 -0.1139734462 0.8838493824 -0.4536742568
35.0 7.2 2088.8 0.7265245914 -0.4501750469 -0.5191381574 -0.6275941730 -0.1270932257 -0.7680968642 0.2797991335 0.8838493824 -0.3748636246
-75.4 -119.0 1881.0 0.9926821589 0.0954248309 -0.0740019381 -0.0967386290 0.9952061176 -0.0143689830 0.0722760260 0.0214226786 0.9971545935
-113.3 -514.6 1872.5 0.9973599315 0.0000000000 -0.0726166070 0.0000000000 1.0000000000 0.0000000000 0.0726166070 0.0000000000 0.9973599315
10.0 -128.7 2043.1 0.7624695301 -0.0093212295 -0.6469569802 -0.0534699075 0.9955683351 -0.0773607790 0.6448109746 0.0935779661 0.7585920691
13.7 -524.4 2005.9 0.7624695301 0.4190107286 -0.4930215478 -0.0534699075 0.8001821041 0.5973688364 0.6448109746 -0.4291137457 0.6325189471
-90.5 -204.5 1592.9 0 0 0 0 0 0 0 0 0
222.4 -154.7 2160.9 0 0 0 0 0 0 0 0 0
-113.3 -896.9 1872.5 0 0 0 0 0 0 0 0 0
-146.5 -830.3 2170.0 0 0 0 0 0 0 0 0 0
-35.7 469.2 2004.3 22 0.3995303810 0.0029304596 -0.9167152643 -0.0772532970 0.9965453744 -0.0304835159 0.9134590030 0.0829983726 0.3983765244
-36.3 272.7 1988.0 0.3995303810 0.0029304596 -0.9167152643 -0.0772532970 0.9965453744 -0.0304835159 0.9134590030 0.0829983726 0.3983765244
-37.1 74.4 1974.5 0.3995793760 0.0041330266 -0.9166892767 -0.0634213611 0.9977183938 -0.0231466349 0.9145020843 0.0673865974 0.3989298046
-92.5 281.7 1859.4 0.2022888362 -0.7803093791 -0.5917740464 0.9515065551 0.2996051908 -0.0697995797 0.2317638248 -0.5489572287 0.8030762672
-155.1 -12.8 1787.7 -0.2136627436 -0.7803093791 -0.5877631307 0.6972479820 0.2996051908 -0.6512157917 0.6842466593 -0.5489572287 0.4800546765
19.9 263.7 2116.5 0.0544638298 -0.4483345449 -0.8922050595 -0.9920008779 -0.1261983812 0.0028591242 -0.1138766780 0.8849124908 -0.4516215026
34.0 5.3 2086.8 0.7261955142 -0.4483345449 -0.5211873055 -0.6286546588 -0.1261983812 -0.7673768997 0.2782685757 0.8849124908 -0.3734923005
