128.7 470.6 1903.4 4 0.9408977032 0.1505087614 -0.3034116626 -0.1106593311 0.9832828045 0.1446007788 0.3201031685 -0.1024792045 0.9418237209
98.2 270.9 1924.2 0.9408977032 0.1505087614 -0.3034116626 -0.1106593311 0.9832828045 0.1446007788 0.3201031685 -0.1024792045 0.9418237209
71.6 74.9 1942.9 0.9428132176 0.1337034851 -0.3053303957 -0.0973832831 0.9865475893 0.1313023716 0.3187785447 -0.0940595269 0.9431505799
-39.5 285.2 1877.6 0.2456613332 -0.6049596667 -0.7574129105 0.9582044482 0.2697266936 0.0953509137 0.1466110051 -0.7491804361 0.6459364891
-91.0 84.0 1846.9 -0.7659524083 -0.6049596667 0.2175791562 -0.4542248845 0.2697266936 -0.8490743637 0.4549688697 -0.7491804361 -0.4813855588
235.8 256.7 1970.7 -0.0913941413 0.9953151941 -0.0315400437 -0.7405987382 -0.0467635989 0.6703183055 0.6657030582 0.0846216828 0.7414031029
211.2 57.3 2150.0 -0.0436066836 0.9953151941 -0.0862909108 -0.9982959032 -0.0467635989 -0.0349069238 -0.0387786664 0.0846216828 0.9956582785
-33.9 -110.4 1936.6 0.9020901322 0.0090235751 0.4314533174 0.0111517953 0.9989600778 -0.0442089923 -0.4314035475 0.0446919762 0.9010514021
-37.5 -507.4 1918.8 0.8975523710 0.0975324586 0.4299850762 -0.1370206773 0.9886406064 0.0617665425 -0.4190764427 -0.1143555492 0.9007206559
138.6 -125.2 1996.4 0.9377683997 0.2615984976 0.2283782214 -0.2847310007 0.9557134509 0.0744315907 -0.1987929493 -0.1348259598 0.9707230926
34.7 -505.0 2050.0 0.9695014358 -0.0467118733 0.2405929118 0.0180660039 0.9926190972 0.1199207380 -0.2444188446 -0.1119167805 0.9631895423
130.1 215.2 1715.5 0 0 0 0 0 0 0 0 0
199.9 -202.1 2139.9 0 0 0 0 0 0 0 0 0
-74.8 -885.1 1962.5 0 0 0 0 0 0 0 0 0
52.5 -883.8 2092.7 0 0 0 0 0 0 0 0 0
130.3 469.8 1902.6 5 0.9344959259 0.1626739204 -0.3166299760 -0.1207344234 0.9815936685 0.1479766965 0.3348739147 -0.1000554785 0.9369356036
97.3 271.0 1922.8 0.9344959259 0.1626739204 -0.3166299760 -0.1207344234 0.9815936685 0.1479766965 0.3348739147 -0.1000554785 0.9369356036
68.0 75.4 1941.6 0.9364307523 0.1477882564 -0.3182076514 -0.1084818617 0.9844753146 0.1379858106 0.3336602449 -0.0946943983 0.9379252791
-39.4 286.8 1874.1 0.2549374700 -0.6026892662 -0.7561563849 0.9591324329 0.2568968832 0.1186127514 0.1227675900 -0.7554929852 0.6435514688
-93.4 83.5 1848.1 -0.7692246437 -0.6026892662 0.2122711241 -0.4388861656 0.2568968832 -0.8610359430 0.4644053578 -0.7554929852 -0.4621234238
234.1 255.1 1971.6 -0.1112319604 0.9931997657 -0.0343757011 -0.7373593450 -0.0592899173 0.6728937030 0.6662797332 0.1001945287 0.7389400601
204.1 56.6 2151.0 -0.0558462553 0.9931997657 -0.1021539718 -0.9977596998 -0.0592899173 -0.0309884045 -0.0368343778 0.1001945287 0.9942858219
-41.3 -112.1 1932.4 0.9088761210 -0.0079062693 0.4169911742 0.0190135520 0.9995662570 -0.0224899836 -0.4166325033 0.0283690933 0.9086322188
-38.2 -509.3 1921.1 0.9045382738 0.0960113108 0.4154422879 -0.1266631782 0.9908415079 0.0467927903 -0.4071448147 -0.0949471071 0.9084151983
131.5 -130.0 1990.8 0.9474638700 0.2319645286 0.2202376425 -0.2578952014 0.9612924457 0.0969890207 -0.1892147809 -0.1486918181 0.9706124663
39.4 -511.8 2049.8 0.9749192595 -0.0094881253 0.2223565131 -0.0144549357 0.9942818880 0.1058042571 -0.2220889479 -0.1063647568 0.9692074060
129.0 210.4 1713.8 0 0 0 0 0 0 0 0 0
189.6 -202.6 2141.4 0 0 0 0 0 0 0 0 0
-74.9 -887.8 1957.4 0 0 0 0 0 0 0 0 0
43.0 -891.2 2090.4 0 0 0 0 0 0 0 0 0
132.0 468.0 1902.2 6 0.9335184097 0.1571084857 -0.3222737014 -0.1136550903 0.9821928144 0.1495986581 0.3400381207 -0.1030250639 0.9347512722
100.1 268.5 1923.1 0.9335184097 0.1571084857 -0.3222737014 -0.1136550903 0.9821928144 0.1495986581 0.3400381207 -0.1030250639 0.9347512722
71.8 72.9 1943.0 0.9354525208 0.1426309943 -0.3233959377 -0.1009633690 0.9846704006 0.1422345191 0.3387254477 -0.1004024968 0.9355129004
-36.5 283.3 1873.6 0.2775381505 -0.6072769165 -0.7444375753 0.9532153010 0.2706952095 0.1345534474 0.1198044941 -0.7469530106 0.6539939046
-94.6 83.7 1848.5 -0.7706943154 -0.6072769165 0.1929895878 -0.4290873706 0.2706952095 -0.8617471457 0.4710777998 -0.7469530106 -0.4691981375
236.7 253.8 1972.6 -0.1102031246 0.9930347800 -0.0416792780 -0.7336089015 -0.0529771224 0.6775037646 0.6705768108 0.1052393243 0.7343374491
207.0 56.2 2153.2 -0.0500179753 0.9930347800 -0.1066775173 -0.9982805848 -0.0529771224 -0.0250863731 -0.0305631086 0.1052393243 0.9939771295
-47.2 -110.3 1929.8 0.9106754661 -0.0178940166 0.4127347767 0.0232661460 0.9996973276 -0.0079937726 -0.4124668241 0.0168824811 0.9108161926
-40.1 -507.5 1923.1 0.9075927138 0.0830565542 0.4115545154 -0.1071662083 0.9935959578 0.0358120464 -0.4059444666 -0.0766074881 0.9106812477
124.5 -130.2 1991.0 0.9518299103 0.2172421366 0.2163924128 -0.2448796183 0.9632857442 0.1100661978 -0.1845367104 -0.1577543914 0.9700823426
38.2 -512.8 2053.7 0.9767279029 -0.0264206231 0.2128487378 0.0063429642 0.9955080748 0.0944642276 -0.2143884301 -0.0909157544 0.9725080729
128.3 207.8 1712.3 0 0 0 0 0 0 0 0 0
194.0 -203.2 2145.2 0 0 0 0 0 0 0 0 0
-71.8 -887.0 1952.4 0 0 0 0 0 0 0 0 0
48.3 -892.9 2088.4 0 0 0 0 0 0 0 0 0
135.1 466.8 1896.5 7 0.9394986033 0.1580792367 -0.3038969636 -0.1127975807 0.9804405570 0.1612853706 0.3234488070 -0.1172485277 0.9389535189
103.0 267.8 1920.3 0.9394986033 0.1580792367 -0.3038969636 -0.1127975807 0.9804405570 0.1612853706 0.3234488070 -0.1172485277 0.9389535189
75.2 72.4 1942.6 0.9418295026 0.1401593983 -0.3054709733 -0.0974462926 0.9837315083 0.1509191394 0.3216541409 -0.1123730838 0.9401653409
-34.5 282.1 1873.3 0.2922954261 -0.6140260100 -0.7331681252 0.9502583146 0.2727210820 0.1504406631 0.1075759307 -0.7406721711 0.6631984115
-95.5 83.8 1850.8 -0.7681722045 -0.6140260100 0.1813382208 -0.4220873415 0.2727210820 -0.8645608425 0.4814080894 -0.7406721711 -0.4686693847
240.6 253.6 1967.2 -0.0968597904 0.9949035048 -0.0280212108 -0.7273498774 -0.0515378974 0.6843288541 0.6793970466 0.0866651759 0.7286348939
214.5 57.7 2150.2 -0.0499666482 0.9949035048 -0.0875804871 -0.9985464811 -0.0515378974 -0.0157707836 -0.0202041231 0.0866651759 0.9960325956
-42.3 -113.5 1931.9 0.9026091695 -0.0083258823 0.4303804636 0.0179159679 0.9996731877 -0.0182349253 -0.4300879836 0.0241696928 0.9024633765
-39.0 -510.8 1922.3 0.8986750245 0.0896783397 0.4293495417 -0.1154419705 0.9927224517 0.0342823491 -0.4231505394 -0.0803736523 0.9024875164
129.2 -132.0 1994.0 0.9459408522 0.2297798097 0.2289042473 -0.2562717199 0.9620952010 0.0932610035 -0.1987981796 -0.1468810886 0.9689711928
37.9 -514.3 2052.4 0.9720771313 -0.0281522106 0.2329668552 0.0023232722 0.9938835502 0.1104089171 -0.2346501797 -0.1067847386 0.9661968350
127.6 206.4 1711.0 0 0 0 0 0 0 0 0 0
201.5 -201.8 2145.0 0 0 0 0 0 0 0 0 0
-73.3 -890.0 1953.0 0 0 0 0 0 0 0 0 0
48.7 -893.9 2093.2 0 0 0 0 0 0 0 0 0
136.8 465.1 1893.6 8 0.9457920790 0.1764449775 -0.2726619244 -0.1336683184 0.9766250849 0.1683335602 0.2959901094 -0.1227622926 0.9472693801
101.0 266.5 1918.6 0.9457920790 0.1764449775 -0.2726619244 -0.1336683184 0.9766250849 0.1683335602 0.2959901094 -0.1227622926 0.9472693801
68.9 71.8 1941.3 0.9478747249 0.1612056047 -0.2748567462 -0.1215977594 0.9803053737 0.1556129456 0.2945292294 -0.1140796095 0.9488089085
-37.4 284.3 1875.6 0.2787722051 -0.6168004274 -0.7361000776 0.9535844326 0.2686517239 0.1360254735 0.1138539687 -0.7398536801 0.6630639434
-96.0 84.0 1851.7 -0.7665907741 -0.6168004274 0.1785939485 -0.4183002114 0.2686517239 -0.8676699996 0.4871996343 -0.7398536801 -0.4639536738
239.3 248.7 1961.6 -0.0955218971 0.9953806996 0.0096321087 -0.7267327309 -0.0763470531 0.6826643944 0.6802463531 0.0582094267 0.7306686044
213.6 53.0 2144.8 -0.0752579719 0.9953806996 -0.0596108064 -0.9969496131 -0.0763470531 -0.0162048452 -0.0206811000 0.0582094267 0.9980901480
-39.0 -114.2 1935.4 0.8903789520 -0.0017016896 0.4552169144 0.0182397831 0.9993233085 -0.0319403373 -0.4548545182 0.0367420614 0.8898075223
-38.3 -511.2 1920.8 0.8858147264 0.0939382166 0.4544313848 -0.1171786711 0.9928403497 0.0231782887 -0.4490004778 -0.0737813339 0.8904801607
133.7 -132.0 1994.4 0.9378635287 0.2326959521 0.2574190795 -0.2607366145 0.9620659947 0.0802834556 -0.2289725244 -0.1424134970 0.9629589915
41.3 -514.3 2051.0 0.9638383985 0.0022122217 0.2664783299 -0.0350451097 0.9923332334 0.1185183078 -0.2641731203 -0.1235712543 0.9565263987
127.0 205.6 1710.0 0 0 0 0 0 0 0 0 0
194.0 -206.0 2139.4 0 0 0 0 0 0 0 0 0
-74.2 -890.6 1949.0 0 0 0 0 0 0 0 0 0
40.4 -893.2 2098.2 0 0 0 0 0 0 0 0 0
140.0 464.2 1891.7 9 0.9480251074 0.1933583170 -0.2527072430 -0.1525141448 0.9731407166 0.1724430472 0.2792630196 -0.1249389052 0.9520516992
100.7 266.1 1917.1 0.9480251074 0.1933583170 -0.2527072430 -0.1525141448 0.9731407166 0.1724430472 0.2792630196 -0.1249389052 0.9520516992
64.9 72.1 1940.4 0.9500519633 0.1801145822 -0.2548724413 -0.1419323087 0.9766725898 0.1611391306 0.2779504359 -0.1169159189 0.9534538388
-38.0 286.8 1876.5 0.2688802481 -0.6222184300 -0.7352194190 0.9556763768 0.2674028873 0.1232006401 0.1199420840 -0.7357580662 0.6665388346
-95.0 84.0 1851.1 -0.7631374598 -0.6222184300 0.1745434850 -0.4167370200 0.2674028873 -0.8688071966 0.4939144254 -0.7357580662 -0.4633666277
239.4 245.3 1957.7 -0.0991453528 0.9943844080 0.0370118059 -0.7246882319 -0.0976444259 0.6821235418 0.6819069982 0.0408073626 0.7302996516
212.7 50.1 2141.4 -0.0969225615 0.9943844080 -0.0424934328 -0.9951045513 -0.0976444259 -0.0152497636 -0.0193133745 0.0408073626 0.9989803433
-49.9 -111.8 1937.0 0.8824073076 -0.0245664008 0.4698444903 0.0403600857 0.9989071488 -0.0235705283 -0.4687519670 0.0397617705 0.8824344873
-40.2 -508.7 1921.2 0.8797066212 0.0820305198 0.4683879912 -0.1026592404 0.9945420623 0.0186324269 -0.4643031359 -0.0644754246 0.8833264112
123.8 -134.1 1991.0 0.9382766485 0.2033424973 0.2798012495 -0.2368324101 0.9672564864 0.0912432671 -0.2520859241 -0.1518774331 0.9557122588
43.0 -518.3 2051.4 0.9594557881 0.0228264853 0.2809332609 -0.0519462600 0.9939622283 0.0966474265 -0.2770309448 -0.1073223650 0.9548485875
126.4 205.0 1707.7 0 0 0 0 0 0 0 0 0
187.5 -208.4 2136.4 0 0 0 0 0 0 0 0 0
-71.5 -888.7 1945.9 0 0 0 0 0 0 0 0 0
34.3 -897.9 2092.3 0 0 0 0 0 0 0 0 0
143.0 463.2 1886.7 0 0.9492549300 0.2052325010 -0.2383162677 -0.1627431065 0.9689406157 0.1861954927 0.2691276670 -0.1379626542 0.9531718493
101.1 265.5 1914.9 0.9492549300 0.2052325010 -0.2383162677 -0.1627431065 0.9689406157 0.1861954927 0.2691276670 -0.1379626542 0.9531718493
63.3 72.1 1940.1 0.9516225457 0.1902354807 -0.2412985563 -0.1511139870 0.9735174179 0.1715471148 0.2675426900 -0.1267845184 0.9551683664
-37.9 287.5 1875.8 0.2735854089 -0.6304373741 -0.7264294624 0.9559018016 0.2620579898 0.1325794607 0.1067836136 -0.7306670547 0.6743314266
-95.9 84.6 1853.1 -0.7593095899 -0.6304373741 0.1612380743 -0.4037146568 0.2620579898 -0.8765500784 0.5103561878 -0.7306670547 -0.4534999430
240.0 243.4 1954.0 -0.0993558690 0.9935853481 0.0540048853 -0.7181568742 -0.1091690361 0.6872647405 0.6887518167 0.0294998046 0.7243967652
213.3 49.9 2139.5 -0.1089054644 0.9935853481 -0.0304584224 -0.9939976931 -0.1091690361 -0.0071235895 -0.0104030110 0.0294998046 0.9995106459
-57.9 -108.9 1938.2 0.8758512139 -0.0474403873 0.4802437127 0.0660112053 0.9975797534 -0.0218439624 -0.4780451357 0.0508335270 0.8768630624
-39.1 -505.2 1918.0 0.8747971654 0.0877352580 0.4764791727 -0.1205856428 0.9919466972 0.0387410074 -0.4692429900 -0.0913470760 0.8783317804
116.2 -135.0 1989.2 0.9364236593 0.1924841702 0.2933607996 -0.2301302999 0.9680696130 0.0994045064 -0.2648598850 -0.1605959386 0.9508197308
39.8 -519.6 2053.0 0.9563820362 0.0120335063 0.2918708324 -0.0405806564 0.9949362278 0.0919517651 -0.2892863750 -0.0997853279 0.9520274401
123.8 201.5 1705.4 0 0 0 0 0 0 0 0 0
185.0 -208.3 2136.8 0 0 0 0 0 0 0 0 0
-72.6 -884.1 1952.9 0 0 0 0 0 0 0 0 0
35.2 -899.6 2091.1 0 0 0 0 0 0 0 0 0
147.5 464.5 1884.2 1 0.9386331439 0.2161419243 -0.2687944770 -0.1640243083 0.9652578235 0.2034045607 0.3034202158 -0.1468334347 0.9414755106
103.5 268.3 1914.1 0.9386331439 0.2161419243 -0.2687944770 -0.1640243083 0.9652578235 0.2034045607 0.3034202158 -0.1468334347 0.9414755106
63.8 75.5 1941.3 0.9413816333 0.1997018754 -0.2718818188 -0.1512315869 0.9702550769 0.1890347600 0.3015453219 -0.1368367374 0.9435815215
-33.9 290.3 1870.1 0.2887463868 -0.6364825368 -0.7152031660 0.9540786147 0.2535142303 0.1595761478 0.0797467604 -0.7284370661 0.6804556847
-96.2 84.5 1852.9 -0.7552467585 -0.6364825368 0.1565002203 -0.3964853883 0.2535142303 -0.8823434114 0.5219210982 -0.7284370661 -0.4438218176
241.0 246.2 1958.1 -0.1263051778 0.9914125800 0.0338838175 -0.7059762478 -0.1138317063 0.6990278363 0.6968820095 0.0643696710 0.7142912149
206.9 56.1 2145.8 -0.1142330617 0.9914125800 -0.0636546910 -0.9934506416 -0.1138317063 0.0099084508 0.0025774399 0.0643696710 0.9979227781
-61.7 -107.5 1940.8 0.8897602558 -0.0615492165 0.4522591531 0.0877941921 0.9954418540 -0.0372510180 -0.4479049444 0.0728502050 0.8911083341
-37.3 -502.9 1911.9 0.8910748363 0.0976711586 0.4432223141 -0.1421399117 0.9874975085 0.0681537688 -0.4310242534 -0.1237296909 0.8938171268
112.8 -135.2 1989.9 0.9473001361 0.1864225864 0.2605168819 -0.2199181020 0.9697732329 0.1057160199 -0.2329344600 -0.1574371755 0.9596640468
38.7 -520.6 2052.5 0.9655269980 0.0031644250 0.2602836192 -0.0314295292 0.9940277934 0.1045034453 -0.2583984435 -0.1090814918 0.9598601460
122.1 199.1 1702.1 0 0 0 0 0 0 0 0 0
177.3 -202.0 2146.4 0 0 0 0 0 0 0 0 0
-74.6 -879.9 1959.1 0 0 0 0 0 0 0 0 0
37.5 -900.3 2094.1 0 0 0 0 0 0 0 0 0
153.1 462.6 1883.0 2 0.9396153688 0.2269837707 -0.2561275959 -0.1747368127 0.9616899490 0.2112331390 0.2942618430 -0.1537229866 0.9432811141
107.1 267.7 1914.1 0.9396153688 0.2269837707 -0.2561275959 -0.1747368127 0.9616899490 0.2112331390 0.2942618430 -0.1537229866 0.9432811141
65.5 75.6 1943.0 0.9428598285 0.2094731778 -0.2591068745 -0.1603998691 0.9669751525 0.1980679780 0.2920398414 -0.1451896280 0.9453215003
-30.6 291.1 1871.5 0.3022464514 -0.6460763216 -0.7008798122 0.9497362971 0.2669965029 0.1634436101 0.0815354064 -0.7150512338 0.6943008900
-95.9 86.1 1853.9 -0.7515721321 -0.6460763216 0.1331342459 -0.3859418333 0.2669965029 -0.8830412030 0.5349656343 -0.7150512338 -0.4500150084
244.7 244.3 1956.8 -0.1266305447 0.9906916022 0.0499486327 -0.7000093460 -0.1249254048 0.7031219602 0.7028169036 0.0540722124 0.7093127966
210.6 55.8 2146.1 -0.1256490201 0.9906916022 -0.0523687489 -0.9920225143 -0.1249254048 0.0168822110 0.0101828771 0.0540722124 0.9984850883
-62.1 -103.4 1940.8 0.8848868012 -0.0658221319 0.4611320198 0.0881181061 0.9957451224 -0.0269607920 -0.4573953450 0.0644913316 0.8869218230
-36.0 -499.0 1915.2 0.8839425445 0.1037882566 0.4559314847 -0.1354722679 0.9900800586 0.0372666195 -0.4475408196 -0.0947076231 0.8892343044
110.4 -131.1 1996.1 0.9469638467 0.1768657565 0.2682870924 -0.2066736668 0.9745308161 0.0870386958 -0.2460598648 -0.1378703713 0.9593989253
40.1 -518.3 2050.9 0.9622417688 0.0140390666 0.2718339562 -0.0446827747 0.9932684302 0.1068706363 -0.2685037255 -0.1149816886 0.9563916326
121.1 197.5 1699.5 0 0 0 0 0 0 0 0 0
178.0 -202.0 2148.7 0 0 0 0 0 0 0 0 0
-75.6 -877.1 1951.4 0 0 0 0 0 0 0 0 0
34.8 -897.8 2094.8 0 0 0 0 0 0 0 0 0
159.4 460.4 1881.9 3 0.9137701392 0.2323860824 -0.3331979811 -0.1582280993 0.9590429664 0.2349478006 0.3741497695 -0.1619669944 0.9131147861
112.4 266.4 1914.6 0.9137701392 0.2323860824 -0.3331979811 -0.1582280993 0.9590429664 0.2349478006 0.3741497695 -0.1619669944 0.9131147861
69.2 74.9 1945.5 0.9165338874 0.2170953900 -0.3359096050 -0.1464057267 0.9636809230 0.2233483791 0.3721975684 -0.1555272639 0.9150301814
-21.0 287.6 1860.5 0.3483943641 -0.6491448283 -0.6761896014 0.9369925857 0.2610480785 0.2321611196 0.0258118138 -0.7144682407 0.6991915703
-96.0 86.0 1854.9 -0.7528227568 -0.6491448283 0.1089445651 -0.3550041318 0.2610480785 -0.8976780772 0.5542833209 -0.7144682407 -0.4269720316
245.8 245.1 1968.8 -0.1814537346 0.9833446145 -0.0103853708 -0.6816203594 -0.1181510910 0.7221038938 0.7088499665 0.1381073296 0.6917066574
197.0 61.9 2159.4 -0.1232077628 0.9833446145 -0.1336157173 -0.9919679165 -0.1181510910 0.0451661535 0.0286270510 0.1381073296 0.9900034666
-62.6 -101.8 1945.1 0.9183431268 -0.0649940446 0.3904121220 0.0876696706 0.9953250289 -0.0405229330 -0.3859532177 0.0714412630 0.9197479486
-36.8 -497.3 1916.7 0.9180361032 0.0984517559 0.3840793371 -0.1222597659 0.9917701483 0.0380061232 -0.3771766722 -0.0818484426 0.9225175381
110.3 -131.2 1998.6 0.9666957259 0.1750575751 0.1866928935 -0.1965478957 0.9750192165 0.1034721211 -0.1639155746 -0.1367201507 0.9769541025
40.7 -518.7 2053.0 0.9826465845 0.0226729233 0.1840966493 -0.0396584570 0.9952316284 0.0891131833 -0.1811983585 -0.0948677585 0.9788601995
120.1 187.9 1695.8 0 0 0 0 0 0 0 0 0
165.0 -195.8 2166.8 0 0 0 0 0 0 0 0 0
-74.4 -876.1 1947.9 0 0 0 0 0 0 0 0 0
32.0 -898.9 2089.2 0 0 0 0 0 0 0 0 0
167.6 455.8 1872.8 4 0.9068776369 0.2498223782 -0.3393549621 -0.1595027596 0.9488997459 0.2723016143 0.3900408745 -0.1928161979 0.9003832936
117.2 264.5 1911.7 0.9068776369 0.2498223782 -0.3393549621 -0.1595027596 0.9488997459 0.2723016143 0.3900408745 -0.1928161979 0.9003832936
71.2 74.8 1948.3 0.9103803635 0.2312764078 -0.3431017697 -0.1456391513 0.9552472830 0.2574720979 0.3872942328 -0.1844284832 0.9033212662
-15.5 285.7 1855.2 0.3754899502 -0.6481704116 -0.6624819636 0.9268225431 0.2605184913 0.2704257369 -0.0026931451 -0.7155453563 0.6985610723
-95.7 87.8 1855.8 -0.7565454841 -0.6481704116 0.0866833255 -0.3272712231 0.2605184913 -0.9083081484 0.5661558509 -0.7155453563 -0.4092216194
249.9 243.4 1968.2 -0.1979289353 0.9801793694 -0.0085187675 -0.6549929380 -0.1257879883 0.7450916767 0.7292519212 0.1530549377 0.6669076681
196.7 67.2 2164.3 -0.1361902654 0.9801793694 -0.1438771933 -0.9888971448 -0.1257879883 0.0791186541 0.0594524480 0.1530549377 0.9864276648
-57.8 -103.2 1942.3 0.9230523109 -0.0543798730 0.3808113337 0.0739618614 0.9965757132 -0.0369658321 -0.3774971366 0.0622869134 0.9239135385
-36.2 -499.2 1917.6 0.9214125276 0.0994666815 0.3756399155 -0.1226002276 0.9917235374 0.0381267890 -0.3687385917 -0.0811840370 0.9259811044
109.7 -129.9 2010.3 0.9693197012 0.1798207313 0.1675822586 -0.1955501437 0.9772167802 0.0825073123 -0.1489276737 -0.1127466932 0.9823994637
38.2 -518.1 2055.1 0.9858528972 0.0045580165 0.1675510108 -0.0186006296 0.9964309335 0.0823375210 -0.1665777117 -0.0842892379 0.9824190736
122.0 181.9 1692.9 0 0 0 0 0 0 0 0 0
161.3 -189.6 2179.7 0 0 0 0 0 0 0 0 0
-74.2 -878.1 1948.6 0 0 0 0 0 0 0 0 0
36.5 -898.7 2087.3 0 0 0 0 0 0 0 0 0
178.1 451.8 1864.3 5 0.8828603029 0.2606682181 -0.3906529546 -0.1388752013 0.9395256042 0.3130580783 0.4486327469 -0.2221345305 0.8656702042
125.3 261.5 1909.3 0.8828603029 0.2606682181 -0.3906529546 -0.1388752013 0.9395256042 0.3130580783 0.4486327469 -0.2221345305 0.8656702042
77.1 73.6 1951.5 0.8862985969 0.2416597903 -0.3950636685 -0.1259645671 0.9466905594 0.2964960635 0.4456542134 -0.2130200267 0.8694911003
-3.8 279.7 1844.4 0.4249944687 -0.6530236006 -0.6268491745 0.9037765265 0.2673518658 0.3342318535 -0.0506720133 -0.7085782886 0.7038104534
-93.4 89.0 1855.1 -0.7546455264 -0.6530236006 0.0637990162 -0.3085255325 0.2673518658 -0.9128718376 0.5790700912 -0.7085782886 -0.4032303393
254.4 243.3 1974.2 -0.2407356054 0.9694538116 -0.0469640829 -0.6227402687 -0.1171628982 0.7736067772 0.7444736362 0.2154811174 0.6319231987
189.7 76.0 2174.2 -0.1402897090 0.9694538116 -0.2011915892 -0.9855117798 -0.1171628982 0.1226350367 0.0953168198 0.2154811174 0.9718449712
-58.2 -101.6 1949.4 0.9425897002 -0.0533994064 0.3296560645 0.0749640837 0.9957743883 -0.0530450158 -0.3254304826 0.0747120529 0.9426097274
-36.9 -497.3 1919.7 0.9412456751 0.0957471430 0.3238657415 -0.1122108251 0.9931527376 0.0325024202 -0.3185361326 -0.0669340044 0.9455446005
108.5 -128.2 2020.3 0.9790112376 0.1804305613 0.0947723612 -0.1852391660 0.9816812873 0.0445901975 -0.0849908218 -0.0612098537 0.9944998026
36.9 -517.7 2044.6 0.9932925105 -0.0048655858 0.1155265048 -0.0138727231 0.9868828058 0.1608413160 -0.1147937030 -0.1613651365 0.9801957607
124.9 178.3 1687.5 0 0 0 0 0 0 0 0 0
153.3 -179.9 2199.0 0 0 0 0 0 0 0 0 0
-73.5 -876.7 1945.3 0 0 0 0 0 0 0 0 0
38.8 -893.6 2106.0 0 0 0 0 0 0 0 0 0
190.1 439.1 1851.0 6 0.8945037127 0.2767030895 -0.3511388898 -0.1483344138 0.9246425033 0.3507608175 0.4217345417 -0.2616708577 0.8681407571
134.4 252.7 1903.8 0.8945037127 0.2767030895 -0.3511388898 -0.1483344138 0.9246425033 0.3507608175 0.4217345417 -0.2616708577 0.8681407571
83.5 67.4 1953.4 0.8984207511 0.2562087476 -0.3566471636 -0.1346745044 0.9337752461 0.3315518200 0.4179747701 -0.2498417646 0.8734278083
3.4 272.3 1842.8 0.4625429809 -0.6620390415 -0.5897103548 0.8849409223 0.3041113615 0.3526979685 -0.0541622229 -0.6849967837 0.7265300155
-92.1 89.7 1854.0 -0.7494013309 -0.6620390415 0.0100967390 -0.2809234262 0.3041113615 -0.9102737308 0.5995662212 -0.6849967837 -0.4138837159
265.3 233.1 1964.7 -0.2274632007 0.9737641811 -0.0066170208 -0.5942377448 -0.1334193200 0.7931461334 0.7714544535 0.1843436360 0.6089954376
204.2 73.3 2172.1 -0.1587546468 0.9737641811 -0.1630345136 -0.9786866307 -0.1334193200 0.1561147273 0.1302669793 0.1843436360 0.9741908908
-52.1 -103.0 1952.9 0.9314311147 -0.0299051516 0.3626869023 0.0576850660 0.9961503744 -0.0660063475 -0.3593167663 0.0824019834 0.9295705557
-40.3 -498.7 1920.2 0.9296938181 0.0839757249 0.3586328328 -0.0984133556 0.9948988557 0.0221589692 -0.3549425900 -0.0558953173 0.9332156777
110.0 -125.8 2034.4 0.9752284884 0.1863239259 0.1192172691 -0.1889099628 0.9819364548 0.0106706358 -0.1150755882 -0.0329276361 0.9928108454
36.0 -515.6 2047.5 0.9895889163 0.0001511559 0.1439226419 -0.0215078872 0.9889255166 0.1468461454 -0.1423065662 -0.1484127939 0.9786329865
124.7 171.0 1680.6 0 0 0 0 0 0 0 0 0
163.0 -180.7 2205.9 0 0 0 0 0 0 0 0 0
-72.3 -878.8 1941.5 0 0 0 0 0 0 0 0 0
35.9 -892.8 2104.1 0 0 0 0 0 0 0 0 0
203.5 426.1 1838.9 7 0.8747874498 0.3038292527 -0.3774051964 -0.1412694603 0.9050492048 0.4011594653 0.4634542167 -0.2976134419 0.8346474767
142.2 243.6 1898.9 0.8747874498 0.3038292527 -0.3774051964 -0.1412694603 0.9050492048 0.4011594653 0.4634542167 -0.2976134419 0.8346474767
86.7 61.8 1955.7 0.8800728917 0.2791417539 -0.3841244578 -0.1247549951 0.9164665341 0.3801647723 0.4581570923 -0.2866512537 0.8413816690
13.9 261.6 1832.1 0.5021973848 -0.6685142517 -0.5485312343 0.8592584729 0.3143741190 0.4035390615 -0.0973276049 -0.6739863753 0.7323043942
-88.2 86.9 1851.9 -0.7433319092 -0.6685142517 -0.0233739540 -0.2539693415 0.3143741190 -0.9146958590 0.6188353896 -0.6739863753 -0.4034664333
270.6 225.5 1965.7 -0.2655398548 0.9639504552 -0.0169723723 -0.5510641932 -0.1373096853 0.8230882883 0.7910858393 0.2279155999 0.5676597953
199.2 77.5 2178.2 -0.1788132340 0.9639504552 -0.1970413476 -0.9686014652 -0.1373096853 0.2072612047 0.1727338433 0.2279155999 0.9582366347
-49.6 -105.6 1964.7 0.9444358945 -0.0220277216 0.3279567957 0.0536651090 0.9946975112 -0.0877320915 -0.3242852688 0.1004571766 0.9406101108
-40.8 -500.8 1924.8 0.9427028894 0.0784350038 0.3242825866 -0.0859866440 0.9962556362 0.0090000173 -0.3223624229 -0.0363683142 0.9459174275
114.9 -130.3 2041.2 0.9777042270 0.1968564540 0.0730891228 -0.1984558403 0.9799914360 0.0152344173 -0.0686277226 -0.0293997172 0.9972090721
36.7 -519.5 2052.9 0.9952335954 0.0221620575 0.0949680060 -0.0341385454 0.9913909435 0.1264064163 -0.0913489982 -0.1290459782 0.9874221683
126.6 160.3 1673.1 0 0 0 0 0 0 0 0 0
152.9 -173.7 2223.0 0 0 0 0 0 0 0 0 0
-70.8 -881.4 1938.7 0 0 0 0 0 0 0 0 0
28.2 -897.9 2102.1 0 0 0 0 0 0 0 0 0
217.6 407.7 1819.8 8 0.8848932385 0.3294884562 -0.3292436004 -0.1558281481 0.8755219579 0.4573608041 0.4389550984 -0.3534100652 0.8260869980
151.5 231.9 1890.8 0.8848932385 0.3294884562 -0.3292436004 -0.1558281481 0.8755219579 0.4573608041 0.4389550984 -0.3534100652 0.8260869980
90.8 55.8 1958.5 0.8903293610 0.3065753877 -0.3366379440 -0.1407522112 0.8884521127 0.4368542731 0.4330154657 -0.3415616751 0.8341661692
21.6 252.4 1827.6 0.5394653678 -0.6673979759 -0.5133780241 0.8355650902 0.3490431309 0.4242638946 -0.1039617956 -0.6578364968 0.7459511757
-85.8 86.0 1848.3 -0.7414982915 -0.6673979759 -0.0689945072 -0.2296250165 0.3490431309 -0.9085379839 0.6304384470 -0.6578364968 -0.4120661616
281.3 211.3 1954.0 -0.2576031089 0.9655057192 0.0379381105 -0.4999420643 -0.1667812616 0.8498482108 0.8268606663 0.1999566853 0.5256603360
212.1 77.0 2176.0 -0.2113545686 0.9655057192 -0.1520786434 -0.9505084157 -0.1667812616 0.2621407807 0.2277345657 0.1999566853 0.9529712796
-49.4 -108.7 1970.5 0.9335225821 -0.0151074519 0.3582001030 0.0537048280 0.9937312603 -0.0980511308 -0.3544733226 0.1107700244 0.9284819365
-43.4 -503.5 1926.5 0.9330512285 0.0629304275 0.3541964293 -0.0729183480 0.9972264767 0.0149088474 -0.3522758484 -0.0397381373 0.9350522161
111.7 -131.3 2054.3 0.9763247371 0.1944651753 0.0947276354 -0.1943873316 0.9808724523 -0.0101383412 -0.0948872790 -0.0085155386 0.9954516292
34.5 -521.0 2057.7 0.9933590889 -0.0079178540 0.1147823408 -0.0028981261 0.9955907464 0.0937585160 -0.1150185987 -0.0934685320 0.9889562130
128.5 152.4 1666.0 0 0 0 0 0 0 0 0 0
157.4 -169.2 2235.0 0 0 0 0 0 0 0 0 0
-67.5 -884.5 1941.7 0 0 0 0 0 0 0 0 0
37.5 -900.8 2093.4 0 0 0 0 0 0 0 0 0
235.6 386.7 1801.8 9 0.8623141050 0.3724195659 -0.3431006670 -0.1484838575 0.8337462544 0.5318080187 0.4841145873 -0.4076406360 0.7742494345
160.8 219.2 1883.7 0.8623141050 0.3724195659 -0.3431006670 -0.1484838575 0.8337462544 0.5318080187 0.4841145873 -0.4076406360 0.7742494345
92.8 50.5 1961.8 0.8705230951 0.3421011865 -0.3537743390 -0.1291114241 0.8524477482 0.5066192746 0.4748891890 -0.3953475058 0.7862446308
33.8 237.8 1814.5 0.5974665284 -0.6674726605 -0.4444254935 0.7870463729 0.3819492459 0.4844303429 -0.1535960138 -0.6392143965 0.7535338402
-82.5 84.6 1844.4 -0.7332631350 -0.6674726605 -0.1296356618 -0.1876958162 0.3819492459 -0.9049226642 0.6535253525 -0.6392143965 -0.4053511322
287.7 200.6 1952.9 -0.3008513451 0.9526690245 0.0437057018 -0.4295114577 -0.1762719601 0.8856907487 0.8514742255 0.2476891428 0.4622139335
207.1 85.5 2181.1 -0.2463186234 0.9526690245 -0.1781820655 -0.9250830412 -0.1762719601 0.3363770247 0.2890474796 0.2476891428 0.9247170687
-51.3 -107.2 1986.6 0.9463798404 -0.0109546976 0.3228703141 0.0563906841 0.9896830320 -0.1317102462 -0.3180963993 0.1428547949 0.9372338057
-47.0 -500.3 1929.8 0.9469588399 0.0550187826 0.3166099191 -0.0692352504 0.9970269203 0.0338199362 -0.3138078749 -0.0539466590 0.9479527473
111.7 -133.1 2065.9 0.9786079526 0.2017332911 0.0403749086 -0.2008185834 0.9792939425 -0.0255981870 -0.0447029099 0.0169425569 0.9988566637
31.6 -522.1 2059.2 0.9979540110 -0.0172865335 0.0615545511 0.0124272890 0.9968392253 0.0784674957 -0.0627164245 -0.0775419995 0.9950144887
127.9 138.5 1656.9 0 0 0 0 0 0 0 0 0
143.4 -153.9 2255.9 0 0 0 0 0 0 0 0 0
-68.0 -881.2 1950.4 0 0 0 0 0 0 0 0 0
38.2 -902.6 2088.8 0 0 0 0 0 0 0 0 0
251.6 362.3 1780.8 0 0.8624316454 0.4140961468 -0.2910945714 -0.1717187464 0.7803400159 0.6013169885 0.4761557877 -0.4686084092 0.7440980077
168.8 206.3 1874.5 0.8624316454 0.4140961468 -0.2910945714 -0.1717187464 0.7803400159 0.6013169885 0.4761557877 -0.4686084092 0.7440980077
93.5 47.5 1964.7 0.8729394674 0.3814741671 -0.3040626943 -0.1507957429 0.8037822843 0.5754951835 0.4639367461 -0.4565210938 0.7591779828
41.5 228.2 1806.7 0.6412552595 -0.6601621509 -0.3911235332 0.7432972789 0.4078556895 0.5302479267 -0.1905276626 -0.6307453513 0.7522363663
-82.7 84.3 1843.6 -0.7241528034 -0.6601621509 -0.1994710267 -0.1225896254 0.4078556895 -0.9047792554 0.6786563993 -0.6307453513 -0.3762788475
296.1 184.3 1942.3 -0.3026603162 0.9471206665 0.1065792963 -0.3559001088 -0.2160438895 0.9092085361 0.8841559887 0.2372497618 0.4024682641
215.1 89.0 2179.1 -0.2914068401 0.9471206665 -0.1343296617 -0.8886470795 -0.2160438895 0.4045138061 0.3541022837 0.2372497618 0.9046127200
-54.8 -106.4 1996.4 0.9416068792 -0.0079631330 0.3366201222 0.0581146367 0.9885610938 -0.1391749680 -0.3316612840 0.1506106704 0.9312986732
-51.6 -499.2 1936.6 0.9415275455 0.0567688122 0.3321192265 -0.0608441457 0.9981455207 0.0018755350 -0.3313968480 -0.0219733771 0.9432355762
104.6 -129.8 2083.3 0.9787006974 0.2018601298 0.0373822860 -0.1987004131 0.9772108793 -0.0746793672 -0.0516051650 0.0656608716 0.9965066910
24.5 -517.6 2057.3 0.9937214851 -0.0795227364 0.0787001401 0.0687718540 0.9889975190 0.1309746355 -0.0882496983 -0.1247399524 0.9882569909
125.0 119.5 1648.9 0 0 0 0 0 0 0 0 0
139.8 -140.6 2270.5 0 0 0 0 0 0 0 0 0
-73.3 -880.4 1944.9 0 0 0 0 0 0 0 0 0
54.8 -894.2 2104.8 0 0 0 0 0 0 0 0 0
267.9 335.0 1761.8 1 0.8615238667 0.4455128312 -0.2435054630 -0.1898022592 0.7274433970 0.6593945622 0.4709051847 -0.5218663216 0.7112691998
179.2 190.1 1865.7 0.8615238667 0.4455128312 -0.2435054630 -0.1898022592 0.7274433970 0.6593945622 0.4709051847 -0.5218663216 0.7112691998
97.2 41.2 1966.3 0.8722621202 0.4153018296 -0.2582309246 -0.1713210940 0.7540744543 0.6340510845 0.4580479264 -0.5088183284 0.7289005518
51.9 215.1 1798.7 0.6928637028 -0.6474345922 -0.3174403608 0.6866588593 0.4580504894 0.5645257831 -0.2200897634 -0.6091126800 0.7619332671
-81.6 82.8 1841.1 -0.7152189016 -0.6474345922 -0.2632307708 -0.0891252682 0.4580504894 -0.8844469786 0.6931945086 -0.6091126800 -0.3853091598
306.4 165.1 1932.7 -0.3039049208 0.9386828542 0.1628382355 -0.2870511711 -0.2531991899 0.9238461852 0.9084290862 0.2340185046 0.3463985026
225.0 88.2 2176.1 -0.3314758241 0.9386828542 -0.0948592499 -0.8494834900 -0.2531991899 0.4628908932 0.4104894698 0.2340185046 0.8813250065
-61.8 -97.5 2012.4 0.9380908608 -0.0235742275 0.3455861807 0.0851428211 0.9827657342 -0.1640799493 -0.3357622027 0.1833460778 0.9239307046
-52.4 -487.7 1939.6 0.9392083287 0.0663618743 0.3368736804 -0.0709777176 0.9974769354 0.0013904939 -0.3359314501 -0.0252164882 0.9415488243
98.0 -125.0 2097.5 0.9776405096 0.2075409889 0.0338488221 -0.2034981996 0.9743183255 -0.0963963047 -0.0529857129 0.0873527601 0.9947673082
15.6 -511.9 2062.8 0.9882331491 -0.1327506155 0.0759767145 0.1242970228 0.9864720106 0.1068792716 -0.0891371965 -0.0961779580 0.9913648963
124.4 108.5 1641.5 0 0 0 0 0 0 0 0 0
139.4 -131.2 2282.1 0 0 0 0 0 0 0 0 0
-77.8 -868.8 1949.2 0 0 0 0 0 0 0 0 0
66.2 -887.5 2099.4 0 0 0 0 0 0 0 0 0
283.1 306.7 1744.3 2 0.8621209264 0.4729924500 -0.1817295849 -0.2249425501 0.6786357164 0.6991811991 0.4540356398 -0.5619000793 0.6914622188
189.0 171.8 1856.0 0.8621209264 0.4729924500 -0.1817295849 -0.2249425501 0.6786357164 0.6991811991 0.4540356398 -0.5619000793 0.6914622188
101.9 30.9 1964.0 0.8743408322 0.4419097304 -0.2006088793 -0.2063596994 0.7126596570 0.6704714298 0.4392536879 -0.5448229313 0.7142997980
61.6 202.0 1791.7 0.7288128138 -0.6299951077 -0.2682127059 0.6399086714 0.4873222709 0.5941665173 -0.2436159998 -0.6046677828 0.7583060861
-78.1 79.3 1838.4 -0.7060892582 -0.6299951077 -0.3233328164 -0.0352640711 0.4873222709 -0.8725098372 0.7072442174 -0.6046677828 -0.3663091958
316.5 141.6 1920.3 -0.2925203741 0.9296147227 0.2241613418 -0.2405626923 -0.2984139323 0.9236226082 0.9255060554 0.2162535787 0.3109227717
238.0 77.0 2168.6 -0.3660463095 0.9296147227 -0.0427385457 -0.8157129288 -0.2984139323 0.4955416620 0.4479090273 0.2162535787 0.8675320745
-64.6 -92.0 2024.9 0.9319775701 -0.0133141186 0.3622713387 0.0920569599 0.9752596617 -0.2009827793 -0.3506327271 0.2206610441 0.9101458192
-59.3 -479.1 1937.3 0.9373559952 0.0487868115 0.3449399173 -0.0783648416 0.9942979217 0.0723231211 -0.3394446075 -0.0948236734 0.9358342886
95.2 -123.4 2109.0 0.9761578441 0.2121311128 0.0460023358 -0.2058464587 0.9719348550 -0.1138851345 -0.0688698590 0.1017004475 0.9924283028
10.9 -509.4 2068.6 0.9842685461 -0.1491269469 0.0947449282 0.1375732869 0.9833649397 0.1186043322 -0.1108559445 -0.1037041396 0.9884110689
124.0 89.4 1635.9 0 0 0 0 0 0 0 0 0
143.3 -133.9 2284.4 0 0 0 0 0 0 0 0 0
-77.9 -858.0 1973.4 0 0 0 0 0 0 0 0 0
67.8 -884.5 2108.2 0 0 0 0 0 0 0 0 0
296.8 279.0 1732.0 3 0.8573009372 0.4974626303 -0.1325368881 -0.2560459673 0.6353565454 0.7285345197 0.4466268718 -0.5906377435 0.6720650792
197.5 152.3 1849.8 0.8573009372 0.4974626303 -0.1325368881 -0.2560459673 0.6353565454 0.7285345197 0.4466268718 -0.5906377435 0.6720650792
105.4 19.8 1964.3 0.8714002967 0.4667744040 -0.1509411335 -0.2369601578 0.6699007750 0.7036212683 0.4295479655 -0.5773687363 0.6943586469
70.5 186.9 1786.9 0.7557766438 -0.6166545749 -0.2203153372 0.6029239893 0.5240237117 0.6015661359 -0.2555080354 -0.5874830484 0.7678406835
-73.6 72.0 1835.6 -0.6862159967 -0.6166545749 -0.3858040273 0.0079201059 0.5240237117 -0.8516668677 0.7273547053 -0.5874830484 -0.3547094762
324.6 117.6 1912.7 -0.2854765058 0.9172327518 0.2778260112 -0.1936761588 -0.3391220272 0.9205899239 0.9386121035 0.2089985162 0.2744574845
247.9 65.6 2164.7 -0.3983511925 0.9172327518 0.0006708825 -0.7799674273 -0.3391220272 0.5259725451 0.4826667309 0.2089985162 0.8505012989
-65.3 -91.1 2031.5 0.9290457368 -0.0069589368 0.3698994517 0.0875105411 0.9755839705 -0.2014392614 -0.3594661653 0.2195163816 0.9069711566
-62.6 -478.5 1944.3 0.9323997498 0.0603958108 0.3563468158 -0.0833967254 0.9952850342 0.0495249033 -0.3516755402 -0.0758951679 0.9330403209
94.7 -129.0 2112.3 0.9744131565 0.2173623741 0.0572068617 -0.2113283575 0.9726728201 -0.0961658657 -0.0765464008 0.0816158503 0.9937200546
8.3 -515.3 2079.9 0.9767110944 -0.1933933496 0.0929214731 0.1874855161 0.9798646569 0.0686615184 -0.1043291539 -0.0496410392 0.9933031797
120.7 69.8 1629.7 0 0 0 0 0 0 0 0 0
144.8 -136.2 2289.6 0 0 0 0 0 0 0 0 0
-85.6 -858.3 1973.3 0 0 0 0 0 0 0 0 0
82.0 -888.5 2098.8 0 0 0 0 0 0 0 0 0
304.7 251.7 1719.4 4 0.8517376184 0.5151172280 -0.0959025100 -0.2805666924 0.6029512882 0.7468146086 0.4425216317 -0.6091830730 0.6580809951
201.8 131.2 1841.2 0.8517376184 0.5151172280 -0.0959025100 -0.2805666924 0.6029512882 0.7468146086 0.4425216317 -0.6091830730 0.6580809951
104.7 6.1 1960.1 0.8639977574 0.4910647869 -0.1111901999 -0.2655188441 0.6320139766 0.7280508876 0.4277938902 -0.5995112062 0.6764456034
75.8 170.0 1778.5 0.7767524123 -0.6080939174 -0.1639436185 0.5606008172 0.5489335656 0.6199989319 -0.2870233953 -0.5734925866 0.7672834396
-69.3 65.2 1832.1 -0.6672202945 -0.6080939174 -0.4301614761 0.0380408429 0.5489335656 -0.8349998593 0.7438884377 -0.5734925866 -0.3431272209
327.8 92.4 1903.8 -0.2846525609 0.9026758075 0.3227216899 -0.1550404578 -0.3755665720 0.9137353301 0.9460102320 0.2100621760 0.2468572557
251.3 50.7 2158.0 -0.4290254712 0.9026758075 0.0333693400 -0.7475920320 -0.3755665720 0.5477735996 0.5069944263 0.2100621760 0.8359608650
-66.5 -91.0 2039.3 0.9292679429 -0.0054728803 0.3693658412 0.0893204212 0.9735499024 -0.2102914751 -0.3584451675 0.2284090370 0.9051775336
-64.3 -477.8 1948.5 0.9309821129 0.0681298077 0.3586511910 -0.0784514993 0.9968155622 0.0142871086 -0.3565357029 -0.0414377674 0.9333623052
93.0 -134.5 2118.3 0.9748602509 0.2138819993 0.0624657497 -0.2091361284 0.9750326276 -0.0746556967 -0.0768736526 0.0597150251 0.9952509999
8.0 -521.8 2094.5 0.9732148647 -0.2166878283 0.0768064335 0.2179577649 0.9759215713 -0.0084551284 -0.0731249303 0.0249692164 0.9970101714
118.8 54.5 1622.4 0 0 0 0 0 0 0 0 0
140.2 -142.9 2289.3 0 0 0 0 0 0 0 0 0
-90.3 -858.2 1964.3 0 0 0 0 0 0 0 0 0
90.4 -893.0 2085.0 0 0 0 0 0 0 0 0 0
314.4 227.3 1708.1 5 0.8394362926 0.5373377800 -0.0813310817 -0.2775522768 0.5525505543 0.7859088182 0.4672380388 -0.6371467710 0.6129702926
207.2 117.1 1835.2 0.8394362926 0.5373377800 -0.0813310817 -0.2775522768 0.5525505543 0.7859088182 0.4672380388 -0.6371467710 0.6129702926
105.0 1.9 1959.6 0.8507692218 0.5164596438 -0.0972685367 -0.2653519809 0.5819015503 0.7687515616 0.4536298215 -0.6282197833 0.6321074963
83.1 155.7 1768.8 0.7892661691 -0.6043747663 -0.1085823253 0.5201423764 0.5640431046 0.6413323879 -0.3263599873 -0.5626602173 0.7595410943
-66.3 57.3 1830.6 -0.6475925446 -0.6043747663 -0.4640636444 0.0635703877 0.5640431046 -0.8232946992 0.7593303919 -0.5626602173 -0.3268497884
331.4 78.5 1901.5 -0.3990741372 0.9165014029 0.0276581235 -0.2393682599 -0.1332520097 0.9617415071 0.8851229548 0.3771857023 0.2725587785
218.7 10.9 2151.3 -0.2345053852 0.9165014029 -0.3240869939 -0.9428524375 -0.1332520097 0.3054066598 0.2367203981 0.3771857023 0.8953738809
-71.5 -94.7 2039.7 0.9358025193 -0.0111442376 0.3523485065 0.0906712487 0.9734827280 -0.2100240439 -0.3406646252 0.2284889072 0.9119980335
-67.1 -481.6 1948.9 0.9377557635 0.0702358261 0.3401191533 -0.0825600252 0.9963458776 0.0218804628 -0.3373395205 -0.0485987775 0.9401277900
86.7 -143.4 2118.3 0.9800821543 0.1955693364 0.0345202349 -0.1922220588 0.9778749943 -0.0825301409 -0.0498968400 0.0742507651 0.9959905148
9.0 -531.9 2088.8 0.9709017873 -0.2319205403 0.0596874356 0.2294484228 0.9722576141 0.0454809144 -0.0685795248 -0.0304623134 0.9971804619
116.5 39.4 1616.3 0 0 0 0 0 0 0 0 0
162.4 -215.5 2208.2 0 0 0 0 0 0 0 0 0
-93.9 -862.0 1967.5 0 0 0 0 0 0 0 0 0
97.3 -901.9 2100.4 0 0 0 0 0 0 0 0 0
320.0 204.1 1702.4 6 0.8291558623 0.5549938679 -0.0669505820 -0.2869359255 0.5253151059 0.8010692000 0.4797586501 -0.6450006366 0.5948157907
209.2 99.1 1831.3 0.8291558623 0.5549938679 -0.0669505820 -0.2869359255 0.5253151059 0.8010692000 0.4797586501 -0.6450006366 0.5948157907
102.7 -9.8 1958.0 0.8395823240 0.5372907519 -0.0801261440 -0.2766727507 0.5498642325 0.7880999446 0.4674973190 -0.6395060420 0.6103099585
86.6 139.4 1762.9 0.8031890988 -0.5931280255 -0.0555560775 0.4798389077 0.5888586640 0.6503846049 -0.3530466557 -0.5490397811 0.7575707436
-61.8 50.8 1828.2 -0.6297639608 -0.5931280255 -0.5015939474 0.0855266154 0.5888586640 -0.8036981225 0.7720637918 -0.5490397811 -0.3201137185
331.7 58.8 1899.6 -0.4257600307 0.9043144584 -0.0307213571 -0.2502413988 -0.0850521252 0.9644404650 0.8695445061 0.4183079600 0.2625086904
211.3 -12.0 2145.6 -0.1448650807 0.9043144584 -0.4015339613 -0.9829409122 -0.0850521252 0.1630744934 0.1133193001 0.4183079600 0.9012087584
-75.2 -89.0 2042.4 0.9402258992 -0.0248648357 0.3396424651 0.1004584432 0.9732014537 -0.2068502605 -0.3253972530 0.2286059260 0.9175270796
-65.4 -475.7 1951.5 0.9414505959 0.0852498338 0.3261951804 -0.0932171792 0.9956065416 0.0088415649 -0.3240083158 -0.0387308933 0.9452611208
80.6 -137.5 2125.6 0.9810692668 0.1928384602 0.0177887976 -0.1905282736 0.9775828719 -0.0896142647 -0.0346711017 0.0845285356 0.9958176613
4.0 -525.9 2092.0 0.9686313272 -0.2449601889 0.0418081172 0.2436744273 0.9692760706 0.0335668176 -0.0487461388 -0.0223262999 0.9985616207
116.1 26.6 1610.1 0 0 0 0 0 0 0 0 0
175.5 -254.9 2173.6 0 0 0 0 0 0 0 0 0
-97.9 -856.0 1966.3 0 0 0 0 0 0 0 0 0
97.4 -895.5 2100.6 0 0 0 0 0 0 0 0 0
324.8 185.7 1699.6 7 0.8103468418 0.5816673040 -0.0707191080 -0.2870376408 0.4992784858 0.8175147772 0.5108301044 -0.6421714425 0.5715491176
208.7 86.1 1827.7 0.8103468418 0.5816673040 -0.0707191080 -0.2870376408 0.4992784858 0.8175147772 0.5108301044 -0.6421714425 0.5715491176
96.7 -16.6 1955.0 0.8212382197 0.5649563074 -0.0799507648 -0.2773773372 0.5177376270 0.8093265891 0.4986276925 -0.6424733996 0.5818920135
88.9 126.4 1754.9 0.8026454449 -0.5963087082 -0.0132736806 0.4466046095 0.5860915780 0.6760480404 -0.3953537345 -0.5485549569 0.7367379665
-55.9 45.9 1826.2 -0.6131510735 -0.5963087082 -0.5181328654 0.1085219458 0.5860915780 -0.8029443622 0.7824760675 -0.5485549569 -0.2946501076
328.6 45.7 1900.5 -0.4362014830 0.8974959850 -0.0650325343 -0.2663688660 -0.0597529858 0.9620172381 0.8595207334 0.4369559884 0.2651293278
208.5 -27.6 2137.2 -0.1255976111 0.8974959850 -0.4227602184 -0.9843816161 -0.0597529858 0.1655972302 0.1233616546 0.4369559884 0.8909833431
-80.8 -93.5 2041.9 0.9499421716 -0.0262657721 0.3113196790 0.0885914415 0.9782053232 -0.1877922565 -0.2996020615 0.2059720457 0.9315654039
-70.3 -482.1 1960.1 0.9509277344 0.0591632165 0.3037039936 -0.0503284857 0.9980529547 -0.0368426740 -0.3052923977 0.0197497588 0.9520538449
