-24.6 474.1 2001.3 51 0.5423722863 0.0764610693 -0.8366516232 -0.1065815985 0.9940659404 0.0217539053 0.8333502412 0.0773729533 0.5473031998
-39.8 276.6 1985.9 0.5423722863 0.0764610693 -0.8366516232 -0.1065815985 0.9940659404 0.0217539053 0.8333502412 0.0773729533 0.5473031998
-54.3 78.8 1972.5 0.5430880189 0.0735482275 -0.8364484906 -0.0970918015 0.9949751496 0.0244477298 0.8340435028 0.0679350197 0.5475000143
-116.1 290.3 1868.6 0.1784245521 -0.8467301130 -0.5012112856 0.9604458213 0.2605532408 -0.0982642844 0.2137955576 -0.4638535082 0.8597275019
-171.8 -9.2 1801.9 -0.1198504344 -0.8467301130 -0.5183473229 0.7560412884 0.2605532408 -0.6004278064 0.6434574127 -0.4638535082 0.6089355350
36.6 262.8 2103.2 -0.0233582053 -0.2999507785 -0.9536686540 -0.9920555353 -0.1109958217 0.0592091605 -0.1236130744 0.9474753141 -0.2949751616
30.5 4.5 2071.0 0.7247096896 -0.2999507785 -0.6203429699 -0.6723821163 -0.1109958217 -0.7318348289 0.1506589502 0.9474753141 -0.2821213007
-123.0 -108.3 1884.7 0.9670264125 -0.0321786217 0.2526350617 0.0327649862 0.9994612932 0.0018868325 -0.2525596917 0.0064529669 0.9675598145
-110.3 -505.2 1882.2 0.9675469995 -0.0006096180 0.2526904345 0.0005897029 0.9999998212 0.0001545475 -0.2526904941 -0.0000005197 0.9675471783
-20.0 -126.6 2035.5 0.6882839203 -0.0709527433 -0.7219632864 0.0335881412 0.9972550273 -0.0659864619 0.7246634364 0.0211680159 0.6887777448
8.2 -523.1 2027.1 0.6882839203 0.3515438139 -0.6345724463 0.0335881412 0.8583588004 0.5119492412 0.7246634364 -0.3736805320 0.5789868236
-136.9 -229.2 1614.7 0 0 0 0 0 0 0 0 0
217.5 -169.0 2109.9 0 0 0 0 0 0 0 0 0
-110.0 -887.5 1882.2 0 0 0 0 0 0 0 0 0
-126.2 -851.2 2169.9 0 0 0 0 0 0 0 0 0
-26.1 474.5 2002.5 52 0.5531039238 0.0635719746 -0.8306832314 -0.1044384539 0.9945096374 0.0065700449 0.8265401721 0.0831213519 0.5567065477
-38.7 276.9 1986.0 0.5531039238 0.0635719746 -0.8306832314 -0.1044384539 0.9945096374 0.0065700449 0.8265401721 0.0831213519 0.5567065477
-51.6 79.1 1971.9 0.5536798239 0.0651032776 -0.8301808238 -0.0955325514 0.9953230023 0.0143394535 0.8272316456 0.0713698268 0.5573098063
-116.6 290.4 1869.7 0.1798274219 -0.8404700160 -0.5111479759 0.9599347711 0.2634558082 -0.0954794213 0.2149124891 -0.4734989107 0.8541729450
-172.9 -9.8 1802.5 -0.1257997304 -0.8404700160 -0.5270527601 0.7550947070 0.2634558082 -0.6003524661 0.6434333324 -0.4734989107 0.6014917493
39.1 263.4 2102.4 -0.0155969104 -0.2878098190 -0.9575605989 -0.9917010069 -0.1177768186 0.0515526608 -0.1276157945 0.9504178762 -0.2835843265
35.1 5.1 2069.1 0.7326285839 -0.2878098190 -0.6167826653 -0.6662214994 -0.1177768186 -0.7363949418 0.1392989904 0.9504178762 -0.2780317664
-119.5 -109.9 1882.9 0.9643548727 -0.0218503065 0.2637085319 0.0209334400 0.9997611046 0.0062865666 -0.2637828887 -0.0005421547 0.9645819068
-110.8 -507.1 1883.1 0.9645666480 -0.0003048087 0.2638390958 0.0002939397 0.9999999404 0.0000806711 -0.2638390958 -0.0000002599 0.9645667076
-19.1 -127.9 2035.5 0.7045363784 -0.0683367401 -0.7063699961 0.0331407227 0.9974352121 -0.0634407178 0.7088936567 0.0212866813 0.7049940825
8.0 -524.5 2027.0 0.7045363784 0.3424657583 -0.6215671301 0.0331407227 0.8590236902 0.5108619928 0.7088936567 -0.3805200458 0.5938638449
-136.2 -229.5 1615.2 0 0 0 0 0 0 0 0 0
224.1 -166.8 2105.1 0 0 0 0 0 0 0 0 0
-110.7 -889.4 1883.1 0 0 0 0 0 0 0 0 0
-122.9 -852.8 2172.4 0 0 0 0 0 0 0 0 0
-27.0 475.4 2002.2 53 0.5480593443 0.0574493110 -0.8344641924 -0.0898077562 0.9959130287 0.0095804445 0.8316041827 0.0696907043 0.5509788394
-38.4 277.9 1988.3 0.5480593443 0.0574493110 -0.8344641924 -0.0898077562 0.9959130287 0.0095804445 0.8316041827 0.0696907043 0.5509788394
-50.0 79.8 1977.3 0.5486978889 0.0585283637 -0.8339694142 -0.0788366497 0.9967235327 0.0180811100 0.8322952390 0.0558262914 0.5515143275
-115.6 289.0 1871.3 0.1851823777 -0.8339095712 -0.5199060440 0.9580315351 0.2710046768 -0.0934454277 0.2188220173 -0.4807819724 0.8490969539
-173.4 -9.9 1803.0 -0.1261347085 -0.8339095712 -0.5372940302 0.7544962764 0.2710046768 -0.5977389812 0.6440694332 -0.4807819724 0.5949985385
38.8 266.8 2105.4 -0.0086692600 -0.2934464514 -0.9559361935 -0.9936934710 -0.1043488085 0.0410439260 -0.1117950007 0.9502633810 -0.2906911969
36.5 8.0 2076.3 0.7357438207 -0.2934464514 -0.6103852987 -0.6593314409 -0.1043488085 -0.7445759773 0.1548002064 0.9502633810 -0.2702524662
-115.8 -109.9 1882.0 0.9662252069 -0.0107920235 0.2574729919 0.0087701380 0.9999210238 0.0089999456 -0.2575497925 -0.0064379005 0.9662435651
-111.5 -507.4 1884.6 0.9662624598 -0.0001524042 0.2575593591 0.0001472290 1.0000000000 0.0000393787 -0.2575593591 -0.0000001299 0.9662624598
-13.8 -127.6 2033.6 0.7133799791 -0.0533063971 -0.6987470388 0.0274449028 0.9984629154 -0.0481516421 0.7002397776 0.0151733747 0.7137464285
7.4 -524.5 2027.5 0.7133799791 0.3331512511 -0.6165218949 0.0274449028 0.8658115268 0.4996170402 0.7002397776 -0.3733371794 0.6085093021
-136.6 -229.8 1615.3 0 0 0 0 0 0 0 0 0
226.3 -162.1 2116.2 0 0 0 0 0 0 0 0 0
-111.4 -889.7 1884.6 0 0 0 0 0 0 0 0 0
-119.9 -855.5 2170.2 0 0 0 0 0 0 0 0 0
-26.6 477.3 2002.0 54 0.5441201329 0.0550598875 -0.8371987343 -0.0842892826 0.9963833690 0.0107468609 0.8347625732 0.0647192970 0.5467932224
-37.5 279.4 1989.1 0.5441201329 0.0550598875 -0.8371987343 -0.0842892826 0.9963833690 0.0107468609 0.8347625732 0.0647192970 0.5467932224
-48.4 81.2 1979.0 0.5447598696 0.0549427196 -0.8367903233 -0.0726959631 0.9971889853 0.0181484353 0.8354352117 0.0509447381 0.5472226739
-114.1 289.7 1871.6 0.1870083958 -0.8339927793 -0.5191184282 0.9574396610 0.2730052471 -0.0936879739 0.2198571414 -0.4795041084 0.8495520353
-172.7 -10.0 1802.8 -0.1226205602 -0.8339927793 -0.5379779339 0.7555896044 0.2730052471 -0.5954430699 0.6434659958 -0.4795041084 0.5966802239
39.1 269.1 2106.6 -0.0048128427 -0.2978784740 -0.9545916915 -0.9942820072 -0.1004104391 0.0363458358 -0.1066776067 0.9493082762 -0.2956919372
37.8 10.2 2078.8 0.7371366024 -0.2978784740 -0.6065460443 -0.6560602188 -0.1004104391 -0.7479991317 0.1619092822 0.9493082762 -0.2694424391
-112.2 -111.0 1890.0 0.9675002098 -0.0012885388 0.2528668940 0.0073825065 0.9997047186 -0.0231521744 -0.2527623773 0.0242665242 0.9672240019
-111.7 -508.2 1880.3 0.9675266147 -0.0000762021 0.2527691424 0.0000737111 1.0000000000 0.0000193244 -0.2527691424 -0.0000000650 0.9675266147
-11.3 -125.5 2042.5 0.7324707508 -0.0474241376 -0.6791447401 0.0092569133 0.9981724024 -0.0597178265 0.6807355881 0.0374547765 0.7315710783
7.5 -522.3 2027.6 0.7324707508 0.3312091827 -0.5948000550 0.0092569133 0.8687539101 0.4951575100 0.6807355881 -0.3681944013 0.6332708597
-136.9 -230.2 1615.3 0 0 0 0 0 0 0 0 0
228.0 -159.1 2120.6 0 0 0 0 0 0 0 0 0
-111.6 -890.5 1880.3 0 0 0 0 0 0 0 0 0
-119.1 -854.4 2168.4 0 0 0 0 0 0 0 0 0
-27.4 478.1 2001.9 55 0.5533533692 0.0516586713 -0.8313431740 -0.0787989274 0.9968453050 0.0094931368 0.8292109370 0.0602558888 0.5556783676
-37.7 279.8 1989.9 0.5533533692 0.0516586713 -0.8313431740 -0.0787989274 0.9968453050 0.0094931368 0.8292109370 0.0602558888 0.5556783676
-48.4 81.5 1981.0 0.5539421439 0.0542557165 -0.8307853937 -0.0677118301 0.9975045323 0.0199953970 0.8297970891 0.0451777093 0.5562335849
-115.6 289.4 1873.2 0.1813486964 -0.8350276947 -0.5194626451 0.9569906592 0.2714810371 -0.1023079604 0.2264542431 -0.4785674810 0.8483464122
-172.3 -9.9 1802.4 -0.1228999048 -0.8350276947 -0.5363062620 0.7557855844 0.2714810371 -0.5958911180 0.6431825757 -0.4785674810 0.5977368355
40.2 270.2 2106.6 -0.0047412119 -0.2873670161 -0.9578087926 -0.9948273897 -0.0958350226 0.0336774029 -0.1014694050 0.9530140758 -0.2854261994
39.0 11.1 2080.2 0.7396763563 -0.2873670161 -0.6085220575 -0.6543355584 -0.0958350226 -0.7501070499 0.1572383046 0.9530140758 -0.2589213550
-109.4 -110.3 1892.3 0.9646477103 0.0086242761 0.2634016275 -0.0003720694 0.9995079637 -0.0313631967 -0.2635425329 0.0301564299 0.9641762972
-112.8 -507.5 1880.3 0.9646477699 -0.0000381010 0.2635425329 0.0000367455 1.0000000000 0.0000100726 -0.2635425329 -0.0000000325 0.9646477699
-9.4 -123.7 2045.6 0.7578819394 -0.0421807766 -0.6510266662 -0.0017707110 0.9977709651 -0.0667080879 0.6523893476 0.0517096333 0.7561178803
7.4 -520.3 2025.0 0.7578819394 0.3258274496 -0.5652003288 -0.0017707110 0.8673753738 0.4976513386 0.6523893476 -0.3761601448 0.6579450369
-136.5 -230.0 1615.0 0 0 0 0 0 0 0 0 0
229.9 -157.7 2120.7 0 0 0 0 0 0 0 0 0
-112.8 -889.9 1880.3 0 0 0 0 0 0 0 0 0
-117.1 -851.9 2168.8 0 0 0 0 0 0 0 0 0
-26.7 477.9 2001.3 56 0.5597293377 0.0547646657 -0.8268638849 -0.0803809986 0.9966967106 0.0116006490 0.8247678280 0.0599709228 0.5622824430
-37.6 280.0 1989.4 0.5597293377 0.0547646657 -0.8268638849 -0.0803809986 0.9966967106 0.0116006490 0.8247678280 0.0599709228 0.5622824430
-48.6 81.7 1980.7 0.5604348779 0.0557726771 -0.8263184428 -0.0676520839 0.9974785447 0.0214414410 0.8254307508 0.0438856333 0.5627949238
-116.4 289.6 1873.3 0.1802793741 -0.8393524289 -0.5128224492 0.9576270580 0.2688284516 -0.1033523753 0.2246103436 -0.4724603295 0.8522508144
-172.9 -10.6 1802.9 -0.1223919764 -0.8393524289 -0.5296297669 0.7533730268 0.2688284516 -0.6001335979 0.6461031437 -0.4724603295 0.5994430184
41.2 270.4 2105.5 -0.0067036590 -0.2799014449 -0.9600053430 -0.9949073195 -0.0946861207 0.0345542878 -0.1005709767 0.9553479552 -0.2778412402
39.5 11.3 2079.3 0.7401401997 -0.2799014449 -0.6114308238 -0.6550659537 -0.0946861207 -0.7496153116 0.1519244015 0.9553479552 -0.2534349263
-110.1 -110.6 1895.9 0.9625754356 0.0064116260 0.2709380984 0.0045936378 0.9991905093 -0.0399654321 -0.2709750235 0.0397143364 0.9617667794
-112.6 -507.7 1880.1 0.9625855684 -0.0000190505 0.2709778547 0.0000183334 1.0000000000 0.0000051779 -0.2709778547 -0.0000000162 0.9625855684
-8.4 -123.0 2048.1 0.7609072328 -0.0462684073 -0.6472089887 -0.0103185801 0.9964654446 -0.0833677426 0.6487786770 0.0701133907 0.7577403188
10.0 -519.1 2020.2 0.7609072328 0.3460358679 -0.5488892198 -0.0103185801 0.8522738218 0.5229941010 0.6487786770 -0.3922862411 0.6520718932
-137.3 -230.0 1614.8 0 0 0 0 0 0 0 0 0
230.4 -157.7 2118.5 0 0 0 0 0 0 0 0 0
-112.6 -890.1 1880.1 0 0 0 0 0 0 0 0 0
-122.2 -844.8 2170.1 0 0 0 0 0 0 0 0 0
-27.6 475.9 2002.6 57 0.5547026992 0.0487706959 -0.8306180239 -0.0841037109 0.9964542389 0.0023418861 0.8277871013 0.0685590059 0.5568376780
-37.2 278.4 1989.0 0.5547026992 0.0487706959 -0.8306180239 -0.0841037109 0.9964542389 0.0023418861 0.8277871013 0.0685590059 0.5568376780
-47.7 80.3 1978.3 0.5552057028 0.0531461351 -0.8300133348 -0.0742643550 0.9971379042 0.0141708963 0.8283908367 0.0537726395 0.5575635433
-115.3 288.9 1872.4 0.1840946972 -0.8399391174 -0.5105011463 0.9575232863 0.2705304027 -0.0998118892 0.2219419926 -0.4704419374 0.8540644646
-173.1 -11.6 1802.8 -0.1218743995 -0.8399391174 -0.5288184285 0.7507070899 0.2705304027 -0.6027041078 0.6492961645 -0.4704419374 0.5975775123
40.9 267.9 2105.5 -0.0037152409 -0.2858929932 -0.9582543373 -0.9939125776 -0.1044582278 0.0350183658 -0.1101090536 0.9525511265 -0.2837645710
39.9 9.1 2076.8 0.7406696677 -0.2858929932 -0.6080079079 -0.6547976732 -0.1044582278 -0.7485509515 0.1504940540 0.9525511265 -0.2645711005
-111.2 -110.4 1896.3 0.9643077254 0.0008574775 0.2647827268 0.0101477774 0.9991404414 -0.0401926562 -0.2645895779 0.0414450429 0.9634701014
-111.5 -507.6 1879.8 0.9643573761 -0.0000095253 0.2646031976 0.0000091836 1.0000000000 0.0000025282 -0.2646031976 -0.0000000081 0.9643573761
-8.3 -122.8 2047.8 0.7587713599 -0.0431207567 -0.6499282122 -0.0114937313 0.9967645407 -0.0795508772 0.6512556672 0.0678310245 0.7558207512
8.8 -519.0 2020.8 0.7587713599 0.3434000611 -0.5534821153 -0.0114937313 0.8566634059 0.5157477260 0.6512556672 -0.3849730492 0.6539585590
-137.7 -229.7 1614.1 0 0 0 0 0 0 0 0 0
231.0 -159.9 2115.6 0 0 0 0 0 0 0 0 0
-111.5 -889.9 1879.8 0 0 0 0 0 0 0 0 0
-122.4 -846.5 2167.9 0 0 0 0 0 0 0 0 0
-27.8 474.5 2001.7 58 0.5477052927 0.0451181494 -0.8354539275 -0.0766290203 0.9970531464 0.0036088987 0.8331547976 0.0620434061 0.5495486259
-36.7 277.4 1989.4 0.5477052927 0.0451181494 -0.8354539275 -0.0766290203 0.9970531464 0.0036088987 0.8331547976 0.0620434061 0.5495486259
-46.2 79.1 1980.0 0.5481868982 0.0480187982 -0.8349762559 -0.0663146898 0.9977027774 0.0138394907 0.8337226510 0.0477845632 0.5501119494
-113.8 286.7 1872.1 0.1882461905 -0.8345406055 -0.5177888870 0.9559912086 0.2765084505 -0.0981014222 0.2250426263 -0.4765344262 0.8498651385
-172.2 -10.0 1802.3 -0.1188018098 -0.8345406055 -0.5379852057 0.7542747855 0.2765084505 -0.5954935551 0.6457210183 -0.4765344262 0.5966232419
40.4 268.0 2106.7 0.0018935670 -0.2938286662 -0.9558562040 -0.9946066141 -0.0996780917 0.0286705513 -0.1037021577 0.9506466389 -0.2924326658
40.9 8.9 2079.7 0.7423521280 -0.2938286662 -0.6021445394 -0.6503139138 -0.0996780917 -0.7530976534 0.1612610519 0.9506466389 -0.2650771141
-109.3 -111.2 1891.6 0.9665399194 0.0068592923 0.2564244270 0.0013531821 0.9994921684 -0.0318367220 -0.2565125823 0.0311184544 0.9660398364
-112.0 -508.5 1879.3 0.9665408134 -0.0000047626 0.2565128207 0.0000046022 1.0000000000 0.0000012256 -0.2565128207 -0.0000000041 0.9665408134
-7.4 -124.8 2043.6 0.7623235583 -0.0383916944 -0.6460563540 -0.0042520110 0.9979203939 -0.0643183216 0.6471821070 0.0517784134 0.7605749965
7.9 -521.5 2023.1 0.7623235583 0.3386862874 -0.5515019298 -0.0042520110 0.8547429442 0.5190340877 0.6471821070 -0.3933269382 0.6530308127
-137.6 -230.0 1614.0 0 0 0 0 0 0 0 0 0
232.4 -158.9 2121.3 0 0 0 0 0 0 0 0 0
-112.0 -890.8 1879.3 0 0 0 0 0 0 0 0 0
-121.6 -848.2 2173.4 0 0 0 0 0 0 0 0 0
-28.1 472.7 2001.2 59 0.5269569755 0.0477783084 -0.8485479355 -0.0796749368 0.9967987537 0.0066467579 0.8461490870 0.0641054437 0.5290768147
-37.5 275.4 1988.5 0.5269569755 0.0477783084 -0.8485479355 -0.0796749368 0.9967987537 0.0066467579 0.8461490870 0.0641054437 0.5290768147
-47.4 77.1 1978.7 0.5275090337 0.0498491451 -0.8480856419 -0.0683979020 0.9975283742 0.0160896778 0.8467915654 0.0495198332 0.5296148062
-111.7 285.1 1869.4 0.1996612996 -0.8195864558 -0.5370413661 0.9541702271 0.2873124182 -0.0837300047 0.2229226232 -0.4957112372 0.8393901587
-173.4 -9.7 1800.6 -0.1223583892 -0.8195864558 -0.5597378612 0.7574545741 0.2873124182 -0.5862713456 0.6413196921 -0.4957112372 0.5856444240
36.6 265.7 2107.6 0.0014198800 -0.3172020912 -0.9483569264 -0.9945550561 -0.0992698222 0.0317142680 -0.1042030528 0.9431480765 -0.3156158626
37.0 6.7 2080.5 0.7362381220 -0.3172020912 -0.5977760553 -0.6526414156 -0.0992698222 -0.7511355877 0.1789206564 0.9431480765 -0.2801054418
-106.0 -113.2 1894.0 0.9724096656 0.0171775836 0.2326465696 -0.0084919361 0.9992308021 -0.0382843800 -0.2331252545 0.0352524817 0.9718075395
-112.9 -510.4 1880.0 0.9724447131 -0.0000023813 0.2331336588 0.0000023152 1.0000000000 0.0000005571 -0.2331336588 -0.0000000020 0.9724447131
-5.4 -125.4 2047.0 0.7319024801 -0.0442441702 -0.6799715161 -0.0113515016 0.9969596267 -0.0770882964 0.6813148260 0.0641398132 0.7291749716
12.1 -521.7 2021.5 0.7319024801 0.3830584884 -0.5635467768 -0.0113515016 0.8337705135 0.5519944429 0.6813148260 -0.3976089954 0.6145870090
-137.8 -230.3 1613.8 0 0 0 0 0 0 0 0 0
227.0 -161.7 2126.7 0 0 0 0 0 0 0 0 0
-112.9 -892.8 1880.0 0 0 0 0 0 0 0 0 0
-134.1 -840.0 2173.3 0 0 0 0 0 0 0 0 0
-28.7 474.6 2001.5 60 0.5189195275 0.0494503602 -0.8533915877 -0.0786399618 0.9968534708 0.0099449670 0.8511981368 0.0619500428 0.5211755633
-38.5 277.3 1989.2 0.5189195275 0.0494503602 -0.8533915877 -0.0786399618 0.9968534708 0.0099449670 0.8511981368 0.0619500428 0.5211755633
-48.6 79.0 1979.5 0.5194330215 0.0510688536 -0.8529837728 -0.0684530884 0.9974913001 0.0180354491 0.8517649770 0.0490211658 0.5216256976
-111.5 287.0 1869.4 0.1963560134 -0.8254173398 -0.5292735696 0.9551719427 0.2829892337 -0.0869691074 0.2215645313 -0.4884704053 0.8439821005
-172.6 -9.9 1800.6 -0.1200210229 -0.8254173398 -0.5516169071 0.7575272322 0.2829892337 -0.5882768035 0.6416754723 -0.4884704053 0.5913114548
34.6 267.6 2109.0 0.0007153851 -0.3261950612 -0.9453021884 -0.9946578741 -0.0978102535 0.0329986103 -0.1032242328 0.9402286410 -0.3245224655
34.8 8.5 2082.2 0.7334246635 -0.3261950612 -0.5963933468 -0.6537021995 -0.0978102535 -0.7504042983 0.1864448041 0.9402286410 -0.2849708796
-105.7 -114.9 1891.2 0.9744646549 0.0205201060 0.2236014009 -0.0140141770 0.9994320869 -0.0306444094 -0.2241032422 0.0267283041 0.9741988182
-113.9 -512.3 1880.6 0.9745603204 -0.0000011907 0.2241252512 0.0000011601 1.0000000000 0.0000002678 -0.2241252512 -0.0000000010 0.9745603204
-8.9 -127.5 2046.6 0.7252894640 -0.0487075672 -0.6867188215 -0.0033008624 0.9972365499 -0.0742182210 0.6884360909 0.0560964569 0.7231243849
10.4 -523.9 2024.3 0.7252894640 0.3793033361 -0.5745294690 -0.0033008624 0.8364397287 0.5480489731 0.6884360909 -0.3955977261 0.6079129577
-137.6 -230.4 1613.8 0 0 0 0 0 0 0 0 0
224.0 -160.1 2130.3 0 0 0 0 0 0 0 0 0
-113.9 -894.6 1880.6 0 0 0 0 0 0 0 0 0
-134.5 -843.5 2175.4 0 0 0 0 0 0 0 0 0
-29.2 477.9 2001.6 61 0.5186601877 0.0502388701 -0.8535031676 -0.0790614113 0.9968130589 0.0106300181 0.8513171673 0.0619658008 0.5209792256
-39.1 280.5 1989.4 0.5186601877 0.0502388701 -0.8535031676 -0.0790614113 0.9968130589 0.0106300181 0.8513171673 0.0619658008 0.5209792256
-49.6 82.2 1979.8 0.5191970468 0.0529105552 -0.8530151844 -0.0686815307 0.9974368215 0.0200649276 0.8518903852 0.0481687374 0.5215002298
-112.1 290.2 1869.5 0.1894631833 -0.8389477730 -0.5101669431 0.9568022490 0.2744415998 -0.0959752053 0.2205292135 -0.4699451029 0.8547037244
-171.7 -10.5 1800.2 -0.1176108941 -0.8389477730 -0.5313513875 0.7516951561 0.2744415998 -0.5996968150 0.6489391923 -0.4699451029 0.5983556509
33.9 270.8 2109.2 -0.0011142696 -0.3264951706 -0.9451982379 -0.9947460294 -0.0963958651 0.0344702303 -0.1023675576 0.9402705431 -0.3246723711
33.6 11.7 2082.5 0.7321886420 -0.3264951706 -0.5977463126 -0.6548989415 -0.0963958651 -0.7495433092 0.1871020049 0.9402705431 -0.2844012976
-106.4 -113.0 1891.7 0.9745133519 0.0195532832 0.2234756351 -0.0137283728 0.9995250702 -0.0275892038 -0.2239089608 0.0238180924 0.9743189812
-114.2 -510.4 1882.2 0.9746052027 -0.0000005953 0.2239300609 0.0000005801 1.0000000000 0.0000001338 -0.2239300609 -0.0000000005 0.9746052027
-11.1 -125.6 2047.9 0.7582691312 -0.0585647561 -0.6493058801 0.0002523722 0.9959833026 -0.0895389244 0.6519415975 0.0677307397 0.7552381754
12.2 -521.5 2021.0 0.7582691312 0.3623507619 -0.5419685245 0.0002523722 0.8311512470 0.5560463667 0.6519415975 -0.4217695892 0.6301448345
-137.5 -229.2 1611.5 0 0 0 0 0 0 0 0 0
222.5 -157.3 2130.8 0 0 0 0 0 0 0 0 0
-114.2 -892.7 1882.2 0 0 0 0 0 0 0 0 0
-126.2 -839.0 2182.1 0 0 0 0 0 0 0 0 0
-28.8 477.3 2001.7 62 0.5140852928 0.0523150526 -0.8561421633 -0.0794596151 0.9967507720 0.0131941242 0.8540506363 0.0612458214 0.5165718794
-39.1 280.6 1989.6 0.5140852928 0.0523150526 -0.8561421633 -0.0794596151 0.9967507720 0.0131941242 0.8540506363 0.0612458214 0.5165718794
-49.7 82.4 1980.2 0.5146744251 0.0535356775 -0.8557126522 -0.0683613941 0.9974335432 0.0212856736 0.8546560407 0.0475425199 0.5170132518
-111.5 290.3 1869.4 0.1901018471 -0.8311173320 -0.5225947499 0.9555122852 0.2789006531 -0.0959721208 0.2255161107 -0.4811012149 0.8471623659
-171.5 -11.3 1798.2 -0.1219680831 -0.8311173320 -0.5425567031 0.7526503801 0.2789006531 -0.5964326262 0.6470248699 -0.4811012149 0.5915237665
33.3 270.9 2109.9 -0.0014543218 -0.3314925134 -0.9434567094 -0.9948373437 -0.0952551290 0.0350023210 -0.1014721021 0.9386368990 -0.3296425939
32.9 11.8 2083.4 0.7306236029 -0.3314925134 -0.5969102979 -0.6553691626 -0.0952551290 -0.7492781281 0.1915213168 0.9386368990 -0.2868456244
-107.7 -109.7 1892.1 0.9758241177 0.0109041836 0.2182851881 -0.0041793892 0.9995030165 -0.0312454328 -0.2185174078 0.0295777470 0.9753847122
-112.1 -507.1 1880.4 0.9758326411 -0.0000002977 0.2185193151 0.0000002904 1.0000000000 0.0000000653 -0.2185193151 -0.0000000003 0.9758326411
-12.5 -122.4 2048.4 0.7414705753 -0.0605693720 -0.6682459712 -0.0008641795 0.9958303571 -0.0912202746 0.6709848046 0.0682146400 0.7383266091
11.6 -518.3 2021.3 0.7414705753 0.3603875041 -0.5659878254 -0.0008641795 0.8440296054 0.5362958908 0.6709848046 -0.3971585333 0.6261345744
-136.0 -230.3 1609.9 0 0 0 0 0 0 0 0 0
221.4 -157.3 2132.8 0 0 0 0 0 0 0 0 0
-112.1 -889.5 1880.4 0 0 0 0 0 0 0 0 0
-126.1 -840.7 2173.0 0 0 0 0 0 0 0 0 0
-28.4 477.6 2001.2 63 0.5159022212 0.0532688051 -0.8549896479 -0.0811125711 0.9966182113 0.0131492885 0.8527987003 0.0625666603 0.5184783340
-39.0 280.7 1988.9 0.5159022212 0.0532688051 -0.8549896479 -0.0811125711 0.9966182113 0.0131492885 0.8527987003 0.0625666603 0.5184783340
-49.9 82.5 1979.7 0.5165781379 0.0554304086 -0.8544439673 -0.0687136725 0.9973675609 0.0231595188 0.8534784317 0.0467482805 0.5190271139
-111.6 290.4 1868.8 0.1865809113 -0.8317655325 -0.5228323340 0.9561975598 0.2759254277 -0.0977312326 0.2255521864 -0.4816961884 0.8468146324
-170.4 -10.9 1797.7 -0.1232154891 -0.8317655325 -0.5412799716 0.7543137670 0.2759254277 -0.5957146287 0.6448478103 -0.4816961884 0.5934138894
33.7 271.0 2108.9 -0.0034726209 -0.3294337988 -0.9441722631 -0.9949003458 -0.0940383375 0.0364703797 -0.1008029729 0.9394840002 -0.3274272680
32.8 11.8 2082.7 0.7299038768 -0.3294337988 -0.5989270806 -0.6565473080 -0.0940383375 -0.7483999133 0.1902261376 0.9394840002 -0.2849278152
-107.6 -109.7 1892.4 0.9753180146 0.0120480945 0.2204759568 -0.0041181352 0.9993290901 -0.0363918133 -0.2207664996 0.0345856398 0.9747132659
-112.3 -507.0 1878.6 0.9753262401 -0.0000001488 0.2207683772 0.0000001451 1.0000000000 0.0000000330 -0.2207683772 -0.0000000001 0.9753262401
-13.1 -122.2 2049.2 0.7614777088 -0.0596079417 -0.6454444528 -0.0028326171 0.9954471588 -0.0952731520 0.6481848955 0.0743766800 0.7578419447
10.6 -518.0 2019.6 0.7614777088 0.3379543722 -0.5531170964 -0.0028326171 0.8550509810 0.5185362101 0.6481848955 -0.3932870328 0.6520595551
-134.5 -231.0 1609.6 0 0 0 0 0 0 0 0 0
221.1 -157.5 2131.8 0 0 0 0 0 0 0 0 0
-112.3 -889.3 1878.6 0 0 0 0 0 0 0 0 0
-118.5 -844.7 2169.9 0 0 0 0 0 0 0 0 0
-28.1 476.9 2001.5 64 0.5002945662 0.0592765510 -0.8638238311 -0.0835383907 0.9963041544 0.0199851692 0.8618159294 0.0621639825 0.5033974051
-39.8 279.9 1989.2 0.5002945662 0.0592765510 -0.8638238311 -0.0835383907 0.9963041544 0.0199851692 0.8618159294 0.0621639825 0.5033974051
-51.8 81.8 1979.5 0.5009266138 0.0605569817 -0.8633686304 -0.0730255842 0.9969493151 0.0275569241 0.8624035120 0.0492439978 0.5038206577
-110.3 290.3 1867.9 0.1849641651 -0.8381813169 -0.5130695701 0.9570830464 0.2721646428 -0.0995912626 0.2231149226 -0.4726293683 0.8525498509
-168.5 -11.1 1797.7 -0.1204832867 -0.8381813169 -0.5319172144 0.7527754307 0.2721646428 -0.5993793607 0.6471576095 -0.4726293683 0.5981709957
30.6 269.6 2110.5 -0.0076340423 -0.3466150463 -0.9379764199 -0.9947176576 -0.0933888555 0.0426062942 -0.1023645252 0.9333469272 -0.3440711796
28.6 10.5 2083.9 0.7224717736 -0.3466150463 -0.5982411504 -0.6611896157 -0.0933888555 -0.7443835139 0.2021454722 0.9333469272 -0.2966490984
-109.4 -109.8 1890.7 0.9790884256 0.0147479940 0.2028999925 -0.0067197862 0.9991690516 -0.0401994847 -0.2033242583 0.0379954018 0.9783739448
-115.3 -507.1 1875.6 0.9791014791 0.0050624181 0.2033091486 -0.0045750504 0.9999853969 -0.0028670896 -0.2033206969 0.0018770221 0.9791104198
-13.6 -122.1 2048.7 0.7555094957 -0.0577773452 -0.6525850296 -0.0012496893 0.9959746599 -0.0896265134 0.6551365256 0.0685292110 0.7523961067
9.4 -518.1 2021.4 0.7555094957 0.3318170011 -0.5648919344 -0.0012496893 0.8629775047 0.5052407980 0.6551365256 -0.3810082674 0.6524023414
-133.2 -231.6 1608.1 0 0 0 0 0 0 0 0 0
215.1 -160.0 2136.0 0 0 0 0 0 0 0 0 0
-117.2 -889.4 1874.9 0 0 0 0 0 0 0 0 0
-117.4 -847.9 2167.0 0 0 0 0 0 0 0 0 0
-27.4 475.6 2001.6 65 0.5050479770 0.0551827103 -0.8613253832 -0.0834037811 0.9964039326 0.0149320522 0.8590520024 0.0642963946 0.5078342557
-38.4 278.2 1988.9 0.5050479770 0.0551827103 -0.8613253832 -0.0834037811 0.9964039326 0.0149320522 0.8590520024 0.0642963946 0.5078342557
-49.3 80.0 1979.1 0.5057350993 0.0554677360 -0.8609037995 -0.0710243359 0.9972201586 0.0225275401 0.8597601652 0.0497521535 0.5082687736
-109.5 288.2 1868.0 0.1871937662 -0.8323875666 -0.5216218829 0.9557912350 0.2769175172 -0.0988925919 0.2267632037 -0.4800495803 0.8474259973
-168.1 -11.3 1796.9 -0.1218004227 -0.8323875666 -0.5406436324 0.7536213994 0.2769175172 -0.5961303711 0.6459252238 -0.4800495803 0.5935764313
32.8 268.1 2109.8 -0.0028311452 -0.3413096368 -0.9399466515 -0.9946626425 -0.0959874392 0.0378505215 -0.1031418219 0.9350369573 -0.3392161727
32.0 9.1 2083.0 0.7270324826 -0.3413096368 -0.5957612991 -0.6574673057 -0.0959874392 -0.7473440766 0.1978901178 0.9350369573 -0.2941859066
-110.3 -109.8 1889.9 0.9780648351 0.0054826792 0.2082285732 0.0002947641 0.9996160865 -0.0277045202 -0.2083005309 0.0271581952 0.9776877165
-112.5 -507.3 1879.1 0.9780615568 0.0025311997 0.2083007395 -0.0022801829 0.9999963641 -0.0014451763 -0.2083036453 0.0009385076 0.9780637622
-17.9 -123.1 2048.8 0.7460944653 -0.0721280873 -0.6619219184 0.0070616961 0.9949166179 -0.1004540548 0.6658026576 0.0702739209 0.7428111434
10.8 -518.6 2020.9 0.7460944653 0.3434401453 -0.5704313517 0.0070616961 0.8525795341 0.5225497484 0.6658026576 -0.3938996792 0.6336796284
-132.3 -232.7 1607.1 0 0 0 0 0 0 0 0 0
219.6 -160.6 2134.0 0 0 0 0 0 0 0 0 0
-113.5 -889.6 1878.7 0 0 0 0 0 0 0 0 0
-120.5 -844.5 2171.4 0 0 0 0 0 0 0 0 0
-27.6 472.5 2001.2 66 0.5005535483 0.0576030761 -0.8637869954 -0.0873216391 0.9960545301 0.0158217736 0.8612903357 0.0675076544 0.5036086440
-39.0 275.3 1987.8 0.5005535483 0.0576030761 -0.8637869954 -0.0873216391 0.9960545301 0.0158217736 0.8612903357 0.0675076544 0.5036086440
-51.0 77.2 1977.4 0.5012038946 0.0607581958 -0.8631935716 -0.0763726979 0.9967451096 0.0258136112 0.8619523644 0.0529865399 0.5042127967
-109.5 286.1 1866.6 0.1841359437 -0.8340528011 -0.5200480223 0.9559733272 0.2749678493 -0.1025071889 0.2284928858 -0.4782767594 0.8479636312
-166.6 -10.3 1795.8 -0.1180425584 -0.8340528011 -0.5389080644 0.7579138279 0.2749678493 -0.5915735960 0.6415860057 -0.4782767594 0.5996822119
31.5 264.5 2109.1 -0.0078527611 -0.3463175595 -0.9380844831 -0.9943227172 -0.0968477726 0.0440773331 -0.1061161458 0.9331048727 -0.3435909152
29.4 5.5 2081.5 0.7224174738 -0.3463175595 -0.5984790325 -0.6620808244 -0.0968477726 -0.7431483269 0.1994039714 0.9331048727 -0.2992547452
-107.0 -111.8 1890.0 0.9789654016 0.0151134385 0.2034658939 -0.0102062328 0.9996317029 -0.0251458548 -0.2037709951 0.0225403011 0.9787590504
-113.0 -509.3 1881.0 0.9790170789 0.0012655942 0.2037743777 -0.0011434174 0.9999991059 -0.0007173020 -0.2037751079 0.0004692517 0.9790176153
-14.0 -124.8 2048.1 0.7509554625 -0.0570020899 -0.6578880548 0.0002786885 0.9962946773 -0.0860048980 0.6603528261 0.0644025058 0.7481887937
8.7 -520.9 2022.4 0.7509554625 0.3447494507 -0.5632172823 0.0002786885 0.8527380228 0.5223388076 0.6603528261 -0.3924101293 0.6402722001
-131.9 -233.1 1607.1 0 0 0 0 0 0 0 0 0
215.8 -165.3 2132.9 0 0 0 0 0 0 0 0 0
-113.5 -891.6 1880.8 0 0 0 0 0 0 0 0 0
-123.1 -846.8 2172.4 0 0 0 0 0 0 0 0 0
-27.0 473.6 2002.0 67 0.4976332784 0.0605447665 -0.8652719259 -0.0872657523 0.9959941506 0.0195035692 0.8629865646 0.0658029765 0.5009232759
-39.0 276.4 1989.0 0.4976332784 0.0605447665 -0.8652719259 -0.0872657523 0.9959941506 0.0195035692 0.8629865646 0.0658029765 0.5009232759
-51.5 78.3 1978.9 0.4983513355 0.0630421415 -0.8646800518 -0.0756876171 0.9967084527 0.0290461294 0.8636650443 0.0509703979 0.5014824867
-109.1 287.1 1867.5 0.1820662767 -0.8349514008 -0.5193341970 0.9555333853 0.2748344839 -0.1068734601 0.2319650948 -0.4767830968 0.8478620648
-165.8 -10.3 1795.3 -0.1154371649 -0.8349514008 -0.5380802751 0.7596274018 0.2748344839 -0.5894337893 0.6400315762 -0.4767830968 0.6025258899
31.1 265.7 2110.5 -0.0099671436 -0.3494334519 -0.9369081855 -0.9945334792 -0.0939290226 0.0456123687 -0.1039413512 0.9322411418 -0.3465870619
28.5 6.7 2083.4 0.7201701999 -0.3494334519 -0.5993756652 -0.6634041667 -0.0939290226 -0.7423424125 0.2031005025 0.9322411418 -0.2994605005
-109.2 -114.0 1887.6 0.9796605110 0.0096225403 0.2004313767 -0.0057796156 0.9997882247 -0.0197496079 -0.2005789727 0.0181894954 0.9795086384
-113.1 -511.5 1880.3 0.9796770811 0.0006327952 0.2005802840 -0.0005728739 0.9999997616 -0.0003567832 -0.2005804777 0.0002346251 0.9796772003
-17.1 -128.0 2045.9 0.7415167689 -0.0587754175 -0.6683549285 0.0077123577 0.9968364239 -0.0791056231 0.6708899736 0.0535035543 0.7396242023
6.2 -524.3 2024.6 0.7415167689 0.3374899328 -0.5798736215 0.0077123577 0.8599331379 0.5103484392 0.6708899736 -0.3829041421 0.6350519657
-131.9 -233.4 1607.3 0 0 0 0 0 0 0 0 0
214.3 -164.5 2135.8 0 0 0 0 0 0 0 0 0
-113.3 -893.9 1880.3 0 0 0 0 0 0 0 0 0
-122.8 -853.0 2171.0 0 0 0 0 0 0 0 0 0
-28.2 475.9 2002.9 68 0.4937877059 0.0520000719 -0.8680263162 -0.0836368799 0.9964226484 0.0121139036 0.8655509949 0.0666173175 0.4963704050
-38.5 278.4 1989.7 0.4937877059 0.0520000719 -0.8680263162 -0.0836368799 0.9964226484 0.0121139036 0.8655509949 0.0666173175 0.4963704050
-49.5 80.2 1979.5 0.4943832755 0.0559223853 -0.8674432635 -0.0726355314 0.9970960021 0.0228835642 0.8662039042 0.0516939536 0.4970095456
-108.0 288.7 1867.8 0.1873311549 -0.8344300389 -0.5182986856 0.9553146362 0.2775800526 -0.1016034633 0.2286503613 -0.4761048257 0.8491426110
-166.6 -10.4 1796.3 -0.1165156886 -0.8344300389 -0.5386562943 0.7555131316 0.2775800526 -0.5934215784 0.6446890235 -0.4761048257 0.5980804563
31.1 268.1 2111.5 -0.0025901506 -0.3535996079 -0.9353932738 -0.9945332408 -0.0967340618 0.0393215530 -0.1043884754 0.9303815365 -0.3514159918
30.4 9.1 2084.3 0.7236540318 -0.3535996079 -0.5926989913 -0.6585261822 -0.0967340618 -0.7463147640 0.2065624297 0.9303815365 -0.3028565943
-109.8 -112.9 1889.4 0.9807004929 0.0042475904 0.1954698265 0.0005899878 0.9996951222 -0.0246835891 -0.1955150813 0.0243225340 0.9803990126
-111.5 -510.4 1879.8 0.9807006121 0.0003163971 0.1955152154 -0.0002873545 0.9999999404 -0.0001769088 -0.1955152601 0.0001173124 0.9807006717
-18.3 -126.8 2048.0 0.7522991896 -0.0713620856 -0.6549453139 0.0096051265 0.9951986670 -0.0974028260 0.6587516069 0.0669852346 0.7493726015
10.0 -522.4 2021.4 0.7522991896 0.3564688265 -0.5540540814 0.0096051265 0.8349535465 0.5502365828 0.6587516069 -0.4192643166 0.6247109175
-132.3 -232.8 1606.4 0 0 0 0 0 0 0 0 0
217.1 -160.8 2137.6 0 0 0 0 0 0 0 0 0
-111.7 -892.7 1879.7 0 0 0 0 0 0 0 0 0
-126.1 -841.2 2181.5 0 0 0 0 0 0 0 0 0
-28.8 477.4 2001.8 69 0.4955031574 0.0497453026 -0.8671805263 -0.0786802545 0.9968249202 0.0122247292 0.8650352955 0.0621725880 0.4978438616
-38.6 279.5 1989.5 0.4955031574 0.0497453026 -0.8671805263 -0.0786802545 0.9968249202 0.0122247292 0.8650352955 0.0621725880 0.4978438616
-48.9 81.3 1980.1 0.4961043000 0.0518461131 -0.8667136431 -0.0668791085 0.9975317717 0.0213901475 0.8656833768 0.0473532937 0.4983472228
-108.4 289.0 1867.7 0.1819705963 -0.8411667943 -0.5092397332 0.9553666711 0.2738158107 -0.1109028533 0.2327256948 -0.4663296342 0.8534491658
-165.4 -10.0 1794.9 -0.1139043421 -0.8411667943 -0.5286437273 0.7532774210 0.2738158107 -0.5979950428 0.6477646232 -0.4663296342 0.6024430990
31.1 270.1 2111.3 0.0013883343 -0.3516640961 -0.9361252189 -0.9949716926 -0.0942358375 0.0339249596 -0.1001467407 0.9313710332 -0.3500266671
31.5 10.9 2085.2 0.7267339826 -0.3516640961 -0.5900763869 -0.6546186805 -0.0942358375 -0.7500626445 0.2081637681 0.9313710332 -0.2986902595
-106.1 -111.4 1889.7 0.9802075624 0.0182976369 0.1971251965 -0.0134745175 0.9995768070 -0.0257809162 -0.1975135058 0.0226144828 0.9800392985
-113.3 -508.8 1880.7 0.9802967906 0.0001581984 0.1975302547 -0.0001434950 1.0000000000 -0.0000887494 -0.1975302696 0.0000586561 0.9802967906
-15.3 -124.7 2048.7 0.7418260574 -0.0641381219 -0.6675180793 0.0051277825 0.9959290624 -0.0899947137 0.6705726981 0.0633375421 0.7391350269
10.2 -520.6 2023.5 0.7418260574 0.3484189808 -0.5729731917 0.0051277825 0.8514562845 0.5244005322 0.6705726981 -0.3919520676 0.6298458576
-131.9 -231.4 1604.5 0 0 0 0 0 0 0 0 0
219.0 -158.0 2138.9 0 0 0 0 0 0 0 0 0
-113.4 -891.1 1880.7 0 0 0 0 0 0 0 0 0
-122.9 -845.8 2173.2 0 0 0 0 0 0 0 0 0
-28.9 477.6 2001.3 70 0.4935673773 0.0527782030 -0.8681046963 -0.0777547583 0.9968376756 0.0163967405 0.8662248254 0.0594063736 0.4961102903
-39.4 280.0 1989.5 0.4935673773 0.0527782030 -0.8681046963 -0.0777547583 0.9968376756 0.0163967405 0.8662248254 0.0594063736 0.4961102903
-50.1 81.8 1980.1 0.4940763712 0.0544072017 -0.8677144647 -0.0682847425 0.9973853827 0.0236564819 0.8667327762 0.0475635491 0.4964997172
-108.8 289.7 1867.6 0.1828565449 -0.8399580121 -0.5109149218 0.9559423327 0.2732929289 -0.1071690321 0.2296469212 -0.4688086510 0.8529248238
-166.2 -10.3 1795.5 -0.1188118681 -0.8399580121 -0.5294849873 0.7503409386 0.2732929289 -0.6019131541 0.6502862573 -0.4688086510 0.5977844000
30.1 270.3 2111.5 -0.0010536226 -0.3539002240 -0.9352825880 -0.9949623942 -0.0933847129 0.0364565589 -0.1002430841 0.9306094646 -0.3520190120
29.9 11.2 2085.3 0.7245385051 -0.3539002240 -0.5914376974 -0.6565757394 -0.0933847129 -0.7484567761 0.2096477747 0.9306094646 -0.3000231385
-104.7 -110.9 1891.3 0.9804803729 0.0250949170 0.1950087994 -0.0207111761 0.9994856119 -0.0244866218 -0.1955229789 0.0199697912 0.9804957509
-114.7 -508.3 1883.3 0.9806909561 0.0000790992 0.1955640316 -0.0000718363 1.0000000000 -0.0000442307 -0.1955640316 0.0000293281 0.9806909561
-13.7 -123.2 2050.2 0.7454360723 -0.0599833615 -0.6638727784 -0.0013606619 0.9958039522 -0.0915023983 0.6665757298 0.0691124946 0.7422265410
10.2 -519.1 2022.7 0.7454360723 0.3449566066 -0.5703771114 -0.0013606619 0.8564662337 0.5162013173 0.6665757298 -0.3840189576 0.6389101744
-131.2 -231.5 1603.9 0 0 0 0 0 0 0 0 0
216.8 -158.2 2139.4 0 0 0 0 0 0 0 0 0
-114.8 -890.6 1883.3 0 0 0 0 0 0 0 0 0
-121.6 -846.3 2169.4 0 0 0 0 0 0 0 0 0
-28.9 476.6 2001.5 71 0.4804418683 0.0546984673 -0.8753191829 -0.0751998350 0.9969468117 0.0210235473 0.8737966418 0.0557232648 0.4830883145
-39.7 279.3 1990.5 0.4804418683 0.0546984673 -0.8753191829 -0.0751998350 0.9969468117 0.0210235473 0.8737966418 0.0557232648 0.4830883145
-50.2 81.0 1982.1 0.4811024070 0.0531280227 -0.8750531077 -0.0629810840 0.9976773858 0.0259461682 0.8743991256 0.0426290296 0.4833310544
-107.4 288.2 1867.5 0.1894990504 -0.8322204351 -0.5210559368 0.9542776942 0.2810443342 -0.1018242314 0.2311800271 -0.4779364467 0.8474270105
-166.8 -11.3 1795.0 -0.1223858967 -0.8322204351 -0.5407687426 0.7476295233 0.2810443342 -0.6017177105 0.6527417898 -0.4779364467 0.5877966881
28.0 270.4 2113.5 0.0010057497 -0.3677200377 -0.9299359918 -0.9955226183 -0.0882642642 0.0338252261 -0.0945183337 0.9257382751 -0.3661623895
28.2 11.1 2088.9 0.7216933370 -0.3677200377 -0.5864645839 -0.6548892260 -0.0882642642 -0.7505528331 0.2242294550 0.9257382751 -0.3045156300
-106.3 -110.3 1891.1 0.9833611846 0.0213756859 0.1803990155 -0.0187466424 0.9996919632 -0.0162660610 -0.1806911379 0.0126135368 0.9834589958
-114.8 -507.7 1886.1 0.9835340977 0.0000395496 0.1807224900 -0.0000362482 1.0000000000 -0.0000215701 -0.1807224900 0.0000146640 0.9835340977
-15.6 -122.8 2050.2 0.7141866684 -0.0757002980 -0.6958497763 0.0073426506 0.9948900938 -0.1006962433 0.6999167800 0.0668065324 0.7110930681
14.5 -518.3 2023.7 0.7141866684 0.3646259010 -0.5974825621 0.0073426506 0.8496512771 0.5272938609 0.6999167800 -0.3809733391 0.6041322351
-130.8 -231.2 1603.0 0 0 0 0 0 0 0 0 0
214.4 -157.9 2146.7 0 0 0 0 0 0 0 0 0
-114.8 -890.0 1886.1 0 0 0 0 0 0 0 0 0
-124.8 -843.0 2169.2 0 0 0 0 0 0 0 0 0
-29.7 476.5 2001.7 72 0.4893913865 0.0543766990 -0.8703672886 -0.0767095685 0.9968696237 0.0191476345 0.8686838746 0.0573948137 0.4920306206
-40.5 279.2 1990.3 0.4893913865 0.0543766990 -0.8703672886 -0.0767095685 0.9968696237 0.0191476345 0.8686838746 0.0573948137 0.4920306206
-50.9 80.9 1981.5 0.4900369644 0.0523459725 -0.8701285720 -0.0646449104 0.9976289868 0.0236096922 0.8693013191 0.0446797609 0.4922589660
-109.4 288.3 1868.0 0.1858380735 -0.8331317306 -0.5209181905 0.9554296732 0.2769845724 -0.1021454558 0.2293869108 -0.4787181616 0.8474730253
-168.1 -13.4 1795.6 -0.1298472434 -0.8331317306 -0.5376162529 0.7434089780 0.2769845724 -0.6087878346 0.6561118960 -0.4787181616 0.5833919048
28.4 270.0 2112.6 0.0012551910 -0.3581887782 -0.9336483479 -0.9952728152 -0.0911145732 0.0336175412 -0.0971103981 0.9291926026 -0.3566099107
28.7 10.8 2087.3 0.7247293591 -0.3581887782 -0.5886154771 -0.6545704603 -0.0911145732 -0.7504902482 0.2151857466 0.9291926026 -0.3004931808
-104.9 -111.6 1893.4 0.9815277457 0.0208953880 0.1901755035 -0.0155596770 0.9994434714 -0.0295069795 -0.1906862259 0.0260028485 0.9813066125
-113.2 -508.9 1883.1 0.9816465974 0.0000197748 0.1907091439 -0.0000180136 1.0000000000 -0.0000109687 -0.1907091439 0.0000073320 0.9816465974
-16.7 -123.1 2053.8 0.7320774198 -0.0802100077 -0.6764828563 -0.0007327327 0.9929506183 -0.1185262799 0.6812210679 0.0872660875 0.7268579602
15.2 -517.8 2019.2 0.7320774198 0.3608169556 -0.5778181553 -0.0007327327 0.8486255407 0.5289935470 0.6812210679 -0.3868408501 0.6215239763
-130.0 -231.7 1602.9 0 0 0 0 0 0 0 0 0
215.7 -158.1 2142.8 0 0 0 0 0 0 0 0 0
-113.3 -891.2 1883.1 0 0 0 0 0 0 0 0 0
-122.7 -842.2 2167.0 0 0 0 0 0 0 0 0 0
-29.1 475.5 2001.2 73 0.5064444542 0.0559206828 -0.8604573607 -0.0798607841 0.9966476560 0.0177674871 0.8585664034 0.0597185567 0.5092125535
-40.2 278.0 1989.4 0.5064444542 0.0559206828 -0.8604573607 -0.0798607841 0.9966476560 0.0177674871 0.8585664034 0.0597185567 0.5092125535
-51.1 79.7 1980.3 0.5071254969 0.0551749393 -0.8601043224 -0.0676364303 0.9974188209 0.0241044741 0.8592141867 0.0459503941 0.5095483661
-111.5 287.5 1868.5 0.1806752384 -0.8328472376 -0.5231844187 0.9551853538 0.2753936052 -0.1085323989 0.2344725579 -0.4801290035 0.8452802896
-168.4 -13.5 1794.6 -0.1276535094 -0.8328472376 -0.5385815501 0.7484847903 0.2753936052 -0.6032652259 0.6507496834 -0.4801290035 0.5882185102
31.1 268.4 2110.2 -0.0026241140 -0.3397892714 -0.9404979348 -0.9950408340 -0.0926297233 0.0362421721 -0.0994327664 0.9359289408 -0.3378611207
30.5 9.2 2084.3 0.7275906801 -0.3397892714 -0.5959488750 -0.6564590335 -0.0926297233 -0.7486529350 0.1991816610 0.9359289408 -0.2904542685
-106.2 -111.5 1892.8 0.9776751995 0.0133363046 0.2096982896 -0.0076040807 0.9995756745 -0.0281181335 -0.2099843025 0.0258958396 0.9773617387
-111.5 -508.9 1882.5 0.9777034521 0.0000098874 0.2099903226 -0.0000088971 1.0000000000 -0.0000056605 -0.2099903226 0.0000036660 0.9777034521
-16.3 -123.4 2052.3 0.7084375024 -0.0760874897 -0.7016602159 0.0023723785 0.9944229126 -0.1054391637 0.7057695985 0.0730324537 0.7046669722
13.9 -518.7 2023.3 0.7084375024 0.3604151905 -0.6068090796 0.0023723785 0.8585577607 0.5127114058 0.7057695985 -0.3646635711 0.6073794365
-131.2 -232.1 1604.6 0 0 0 0 0 0 0 0 0
218.2 -160.1 2135.7 0 0 0 0 0 0 0 0 0
-111.6 -891.3 1882.5 0 0 0 0 0 0 0 0 0
-123.8 -846.8 2162.7 0 0 0 0 0 0 0 0 0
-29.4 476.9 2001.5 74 0.5293560624 0.0541200228 -0.8466718197 -0.0838547274 0.9964143038 0.0112640541 0.8442455530 0.0650347397 0.5319961905
-40.2 279.4 1988.6 0.5293560624 0.0541200228 -0.8466718197 -0.0838547274 0.9964143038 0.0112640541 0.8442455530 0.0650347397 0.5319961905
-50.7 81.2 1978.3 0.5299826860 0.0530609563 -0.8463467956 -0.0721988007 0.9972400665 0.0173101574 0.8449293971 0.0519311354 0.5323508978
-114.7 289.6 1869.8 0.1650052518 -0.8494657874 -0.5011798143 0.9572468400 0.2603401244 -0.1261009872 0.2375956923 -0.4589454532 0.8561059237
-166.8 -13.0 1794.7 -0.1210809723 -0.8494657874 -0.5135633349 0.7504115105 0.2603401244 -0.6075406075 0.6497860551 -0.4589454532 0.6059266329
34.4 269.2 2107.4 -0.0019569257 -0.3145088255 -0.9492525458 -0.9942818880 -0.1007395610 0.0354270488 -0.1067694053 0.9438939095 -0.3125132918
33.9 10.2 2079.6 0.7348001599 -0.3145088255 -0.6009599566 -0.6553477645 -0.1007395610 -0.7485792041 0.1748943329 0.9438939095 -0.2801361084
