401.7 276.3 1882.7 19 0.7701358199 0.5831607580 -0.2584847212 -0.3136641681 0.6990610957 0.6425949931 0.5554327965 -0.4138080478 0.7212886214
287.1 138.9 1964.0 0.7701358199 0.5831607580 -0.2584847212 -0.3136641681 0.6990610957 0.6425949931 0.5554327965 -0.4138080478 0.7212886214
178.0 -0.4 2043.7 0.7818227410 0.5621348619 -0.2697361410 -0.2992060781 0.7178040147 0.6286756992 0.5470182300 -0.4108062685 0.7293896675
180.3 179.7 1889.3 0.8776753545 -0.2895582914 -0.3818925917 0.4467394948 0.7828088999 0.4331674874 0.1735216677 -0.5507869124 0.8164092302
5.8 90.9 1854.8 -0.8573103547 -0.2895582914 -0.4256465137 0.0437862501 0.7828088999 -0.6207197309 0.5129344463 -0.5507869124 -0.6584314704
393.9 98.0 2038.7 0.0905108377 0.7313593030 0.6759595871 -0.4427043796 -0.5784488320 0.6851348281 0.8920878172 -0.3612624109 0.2714200616
414.2 -1.0 2238.3 -0.6818383932 0.7313593030 -0.0144921662 -0.6089242101 -0.5784488320 -0.5427782536 -0.4053488672 -0.3612624109 0.8397510052
-6.5 -110.0 2075.5 0.8426988125 -0.0316865556 -0.5374520421 0.0168566294 0.9993299842 -0.0324871130 0.5381213427 0.0183172226 0.8426682949
5.8 -497.9 2068.4 0.8248677850 0.1852208376 -0.5341220498 -0.1220131516 0.9808652997 0.1517105848 0.5520017147 -0.0599712580 0.8316835761
134.4 -166.2 2170.8 0.9203262329 0.0525877103 0.3876004815 -0.0287134927 0.9973306656 -0.0671349913 -0.3900963068 0.0506567284 0.9193795323
114.0 -553.3 2151.1 0.9156938195 -0.0922874808 0.3911366463 0.0676740333 0.9947868586 0.0762845352 -0.3961377144 -0.0433834791 0.9171656370
249.4 78.4 1709.1 0 0 0 0 0 0 0 0 0
241.1 -155.5 2135.4 0 0 0 0 0 0 0 0 0
-63.3 -863.9 2090.8 0 0 0 0 0 0 0 0 0
148.4 -924.3 2167.3 0 0 0 0 0 0 0 0 0
403.6 270.3 1882.3 20 0.7723351121 0.5900287032 -0.2352967858 -0.3383418620 0.6956160069 0.6337532401 0.5376088023 -0.4098591506 0.7368800640
287.4 133.4 1963.0 0.7723351121 0.5900287032 -0.2352967858 -0.3383418620 0.6956160069 0.6337532401 0.5376088023 -0.4098591506 0.7368800640
176.9 -5.1 2042.4 0.7846887112 0.5693561435 -0.2451473922 -0.3233290911 0.7133337855 0.6217822433 0.5288874507 -0.4086422324 0.7438343763
180.3 177.5 1890.8 0.8800218701 -0.2765606046 -0.3861032128 0.4357140362 0.7936236858 0.4246347547 0.1889834255 -0.5419184566 0.8189075589
9.2 92.8 1854.1 -0.8545334935 -0.2765606046 -0.4396439195 0.0548923239 0.7936236858 -0.6059275866 0.5164875388 -0.5419184566 -0.6629969478
394.6 89.2 2035.2 0.0962764993 0.7137053609 0.6937978268 -0.4590151906 -0.5866572261 0.6671868563 0.8831964135 -0.3826981783 0.2711203098
416.1 -13.5 2232.8 -0.7003546357 0.7137053609 -0.0113154138 -0.5888583064 -0.5866572261 -0.5559488535 -0.4034219682 -0.3826981783 0.8311395049
-1.2 -112.9 2074.5 0.8515948653 -0.0097816521 -0.5241091847 -0.0032145223 0.9997096658 -0.0238810591 0.5241906047 0.0220217481 0.8513161540
2.6 -500.9 2065.9 0.8383619189 0.1701646149 -0.5178738236 -0.1070121080 0.9829182625 0.1497334540 0.5345069766 -0.0701120570 0.8422508836
138.9 -166.5 2172.4 0.9131970406 0.0600384176 0.4030713737 -0.0373453945 0.9972551465 -0.0639338717 -0.4058034718 0.0433313623 0.9129325747
115.6 -553.6 2155.6 0.9101525545 -0.0757207945 0.4072943628 0.0602787063 0.9968965054 0.0506340824 -0.4098643661 -0.0215335637 0.9118922353
252.3 77.2 1707.1 0 0 0 0 0 0 0 0 0
238.4 -162.9 2130.4 0 0 0 0 0 0 0 0 0
-60.9 -867.7 2092.1 0 0 0 0 0 0 0 0 0
143.8 -925.5 2163.7 0 0 0 0 0 0 0 0 0
413.3 270.6 1876.6 21 0.7752941847 0.5990986228 -0.1999994367 -0.3629487455 0.6817465425 0.6352085471 0.5169014931 -0.4198839366 0.7459962368
295.4 136.3 1959.3 0.7752941847 0.5990986228 -0.1999994367 -0.3629487455 0.6817465425 0.6352085471 0.5169014931 -0.4198839366 0.7459962368
182.8 0.4 2040.0 0.7865319848 0.5802977085 -0.2112390697 -0.3497778773 0.7005192041 0.6220355630 0.5089428425 -0.4153641164 0.7539561391
188.0 184.1 1889.8 0.8654955029 -0.2906205356 -0.4079916775 0.4646704793 0.7699978352 0.4372467399 0.1870798171 -0.5680167675 0.8014724255
13.4 90.3 1852.1 -0.8518313766 -0.2906205356 -0.4358015358 0.0621733218 0.7699978352 -0.6350101233 0.5201132298 -0.5680167675 -0.6378394961
402.7 88.5 2028.8 0.1023364291 0.6883731484 0.7181014419 -0.4691562355 -0.6031606793 0.6450501084 0.8771657348 -0.4029138684 0.2612292469
425.6 -16.4 2225.1 -0.7253013849 0.6883731484 -0.0089590885 -0.5655030608 -0.6031606793 -0.5624975562 -0.3926119804 -0.4029138684 0.8267503977
-3.9 -114.6 2074.3 0.8623557687 -0.0186464842 -0.5059593320 -0.0005776040 0.9992846847 -0.0378118269 0.5063024759 0.0328994915 0.8617281318
3.4 -502.4 2061.6 0.8496673703 0.1769364476 -0.4967482984 -0.0909928530 0.9770908356 0.1923898309 0.5194089413 -0.1182668135 0.8463021517
136.7 -172.5 2169.0 0.9047213197 0.0554084852 0.4223851562 -0.0322590768 0.9975693226 -0.0617643148 -0.4247807264 0.0422537401 0.9043096304
115.2 -559.7 2152.6 0.9017144442 -0.0737027451 0.4260034263 0.0483804755 0.9963747263 0.0699763820 -0.4296165109 -0.0424884669 0.9020112753
256.3 72.6 1703.8 0 0 0 0 0 0 0 0 0
241.6 -159.8 2125.5 0 0 0 0 0 0 0 0 0
-62.6 -866.7 2105.6 0 0 0 0 0 0 0 0 0
142.6 -931.4 2168.5 0 0 0 0 0 0 0 0 0
418.5 268.2 1874.8 22 0.7784391046 0.5976619720 -0.1919185072 -0.3656377494 0.6802342534 0.6352876425 0.5102367997 -0.4243600667 0.7480487227
300.7 134.1 1958.5 0.7784391046 0.5976619720 -0.1919185072 -0.3656377494 0.6802342534 0.6352876425 0.5102367997 -0.4243600667 0.7480487227
187.8 -1.2 2039.9 0.7879893184 0.5814806819 -0.2023687363 -0.3544813991 0.6972190738 0.6230798364 0.5034042597 -0.4192442894 0.7555252314
193.1 182.5 1889.7 0.8686046600 -0.2824189961 -0.4071430862 0.4563541412 0.7760722637 0.4352616966 0.1930462867 -0.5638717413 0.8029830456
17.2 90.1 1850.6 -0.8519072533 -0.2824189961 -0.4410142899 0.0673265755 0.7760722637 -0.6270398498 0.5193468928 -0.5638717413 -0.6421272755
408.3 85.7 2027.2 0.1058350727 0.6820620894 0.7235953808 -0.4698964953 -0.6070047617 0.6408919692 0.8763539195 -0.4078437686 0.2562561929
432.0 -19.5 2223.3 -0.7312650681 0.6820620894 -0.0065330886 -0.5611351132 -0.6070047617 -0.5627367496 -0.3877869844 -0.4078437686 0.8266103864
-0.2 -104.3 2075.1 0.8658817410 -0.0071288864 -0.5001980066 -0.0109983450 0.9993854761 -0.0332823656 0.5001278520 0.0343199410 0.8652712107
2.5 -492.2 2061.8 0.8556071520 0.1643884033 -0.4908287823 -0.0883618370 0.9806979299 0.1744240522 0.5100280643 -0.1058679298 0.8536177874
140.6 -166.9 2166.2 0.9013848305 0.0656828582 0.4280083477 -0.0400058515 0.9968333244 -0.0687234104 -0.4311669469 0.0448234007 0.9011580944
115.1 -553.9 2148.8 0.8984943628 -0.0753406212 0.4324715734 0.0189661421 0.9909048080 0.1332212687 -0.4385751486 -0.1114962399 0.8917513490
258.9 71.0 1703.2 0 0 0 0 0 0 0 0 0
246.4 -161.8 2124.9 0 0 0 0 0 0 0 0 0
-58.8 -858.0 2101.3 0 0 0 0 0 0 0 0 0
143.1 -922.8 2190.4 0 0 0 0 0 0 0 0 0
417.5 260.6 1879.9 23 0.7643519640 0.6091028452 -0.2115650624 -0.3663011491 0.6802033782 0.6349384785 0.5306500793 -0.4078199565 0.7430298328
297.7 126.8 1960.1 0.7643519640 0.6091028452 -0.2115650624 -0.3663011491 0.6802033782 0.6349384785 0.5306500793 -0.4078199565 0.7430298328
182.8 -8.1 2039.3 0.7755890489 0.5919449329 -0.2192324549 -0.3534347713 0.6949880123 0.6261593699 0.5230157971 -0.4081579745 0.7482389808
191.8 175.1 1888.7 0.8819459677 -0.2617123127 -0.3920178115 0.4287091494 0.7910662889 0.4363744259 0.1959075034 -0.5529202819 0.8098761439
19.0 91.0 1850.3 -0.8520434499 -0.2617123127 -0.4533526003 0.0797286630 0.7910662889 -0.6065126061 0.5173637867 -0.5529202819 -0.6531568766
403.6 78.5 2031.5 0.0848257691 0.6907827258 0.7180694938 -0.4667364657 -0.6091644764 0.6411518455 0.8803190589 -0.3895354271 0.2707406580
422.6 -25.9 2228.5 -0.7225795388 0.6907827258 -0.0264204890 -0.5618959069 -0.6091644764 -0.5596352816 -0.4026808143 -0.3895354271 0.8283177614
4.4 -104.8 2076.2 0.8539239764 -0.0052964715 -0.5203707814 -0.0068271821 0.9997481108 -0.0213790480 0.5203529596 0.0218087472 0.8536727428
6.5 -492.9 2067.7 0.8371796608 0.1925781518 -0.5119022131 -0.1217041388 0.9780871868 0.1689189523 0.5332151055 -0.0791148916 0.8422722220
145.5 -168.3 2166.4 0.9103928804 0.0768046975 0.4065536559 -0.0534493849 0.9962174296 -0.0685130656 -0.4102779627 0.0406437591 0.9110543728
115.7 -555.0 2150.6 0.9074532390 -0.0731140077 0.4137426615 0.0278789252 0.9930505157 0.1143393889 -0.4192271531 -0.0922229514 0.9031851888
260.2 68.5 1703.8 0 0 0 0 0 0 0 0 0
239.2 -168.5 2126.3 0 0 0 0 0 0 0 0 0
-65.3 -857.6 2097.2 0 0 0 0 0 0 0 0 0
143.0 -925.2 2184.9 0 0 0 0 0 0 0 0 0
418.4 255.4 1884.4 24 0.7384567857 0.6122698784 -0.2825016975 -0.3166296780 0.6847501397 0.6564014554 0.5953379273 -0.3952757120 0.6995211840
298.1 120.9 1962.1 0.7384567857 0.6122698784 -0.2825016975 -0.3166296780 0.6847501397 0.6564014554 0.5953379273 -0.3952757120 0.6995211840
182.8 -14.7 2039.5 0.7501437664 0.5946846008 -0.2891963422 -0.3032405078 0.6979916096 0.6487317681 0.5876474380 -0.3989460766 0.7039265037
196.1 162.2 1882.1 0.9114346504 -0.2430246919 -0.3320028484 0.3766404390 0.8176148534 0.4354858696 0.1656166464 -0.5219625831 0.8367354274
20.2 89.5 1850.1 -0.8546634912 -0.2430246919 -0.4587911665 0.0740214735 0.8176148534 -0.5709875226 0.5138785243 -0.5219625831 -0.6807965040
400.2 79.6 2042.0 0.0398952849 0.7348501086 0.6770551801 -0.4272145629 -0.5999937057 0.6763839722 0.9032696486 -0.3162323534 0.2900017202
409.1 -15.8 2243.7 -0.6753746271 0.7348501086 -0.0621646680 -0.6046101451 -0.5999937057 -0.5238837004 -0.4222743809 -0.3162323534 0.8495183587
-1.5 -111.4 2071.7 0.8181129694 -0.0074486095 -0.5750092864 -0.0003604743 0.9999092817 -0.0134655954 0.5750573874 0.0112236543 0.8180360794
1.4 -499.5 2067.3 0.8070569038 0.1648382396 -0.5669987202 -0.0838226005 0.9825022817 0.1663219780 0.5844937563 -0.0867039934 0.8067524433
137.4 -174.7 2165.4 0.9368713498 0.0582537316 0.3447877467 -0.0410473533 0.9975298643 -0.0570024587 -0.3472566903 0.0392513461 0.9369482994
114.8 -561.9 2150.1 0.9314904809 -0.1006342694 0.3495685756 0.0564608350 0.9893231392 0.1343572587 -0.3593572378 -0.1054155752 0.9272270203
263.2 68.5 1704.0 0 0 0 0 0 0 0 0 0
238.1 -168.9 2136.8 0 0 0 0 0 0 0 0 0
-60.1 -865.9 2099.7 0 0 0 0 0 0 0 0 0
152.3 -930.8 2189.4 0 0 0 0 0 0 0 0 0
418.7 252.6 1877.7 25 0.7612489462 0.6063300967 -0.2299213558 -0.3434263170 0.6777255535 0.6501895785 0.5500530601 -0.4159950614 0.7241475582
299.5 119.3 1959.5 0.7612489462 0.6063300967 -0.2299213558 -0.3434263170 0.6777255535 0.6501895785 0.5500530601 -0.4159950614 0.7241475582
185.5 -15.5 2040.2 0.7730959058 0.5876596570 -0.2387023717 -0.3298168778 0.6938948035 0.6401022077 0.5417965651 -0.4161323309 0.7302673459
194.3 164.3 1885.7 0.9074022770 -0.2338668853 -0.3491810560 0.3799647689 0.8115547895 0.4438531399 0.1795770079 -0.5354298353 0.8252677917
21.2 91.8 1851.5 -0.8529936075 -0.2338668853 -0.4665921330 0.0930204019 0.8115547895 -0.5768241286 0.5135651231 -0.5354298353 -0.6704966426
404.7 74.3 2033.3 0.0780533031 0.7048618197 0.7050372362 -0.4460743964 -0.6077623367 0.6569951177 0.8915858269 -0.3657796979 0.2669829428
422.1 -25.3 2232.4 -0.7087594867 0.7048618197 -0.0288066026 -0.5824822783 -0.6077623367 -0.5397586226 -0.3979628086 -0.3657796979 0.8413268328
0.5 -123.1 2064.5 0.8469229937 0.0082496284 -0.5316516161 -0.0022845117 0.9999268651 0.0118766110 0.5317106843 -0.0088440105 0.8468798399
-2.7 -511.2 2067.9 0.8386468291 0.1474603117 -0.5243347883 -0.0714726895 0.9841245413 0.1624514908 0.5399658680 -0.0987638161 0.8358723521
134.4 -177.3 2169.4 0.9181509018 0.0440213121 0.3937779665 -0.0271615554 0.9984639883 -0.0482893772 -0.3952988684 0.0336413123 0.9179363251
117.3 -564.8 2156.3 0.9163863659 -0.0570413098 0.3962099850 0.0393371247 0.9978367090 0.0526738539 -0.3983574212 -0.0326838382 0.9166477919
264.6 65.3 1704.9 0 0 0 0 0 0 0 0 0
242.6 -172.8 2131.6 0 0 0 0 0 0 0 0 0
-57.7 -878.3 2104.7 0 0 0 0 0 0 0 0 0
138.5 -935.8 2168.5 0 0 0 0 0 0 0 0 0
422.8 250.0 1881.3 26 0.7477805018 0.6176688075 -0.2435356528 -0.3403471410 0.6715462208 0.6581713557 0.5700773597 -0.4092810154 0.7123909593
301.5 118.1 1961.7 0.7477805018 0.6176688075 -0.2435356528 -0.3403471410 0.6715462208 0.6581713557 0.5700773597 -0.4092810154 0.7123909593
185.5 -15.6 2041.3 0.7605593204 0.5980123878 -0.2528452277 -0.3260502517 0.6885518432 0.6477558017 0.5614630580 -0.4102164805 0.7186666131
197.9 162.6 1885.1 0.9113687277 -0.2203315347 -0.3476508260 0.3668034673 0.8179515004 0.4431822598 0.1867145002 -0.5314219594 0.8262737989
23.0 92.2 1849.3 -0.8526309133 -0.2203315347 -0.4737873971 0.1031257808 0.8179515004 -0.5659685135 0.5122358203 -0.5314219594 -0.6746889353
405.2 73.7 2038.3 0.0584008321 0.7111927867 0.7005670667 -0.4368066192 -0.6128170490 0.6585250497 0.8976576924 -0.3444707394 0.2748646736
418.3 -24.0 2238.9 -0.7013081312 0.7111927867 -0.0487005487 -0.5845267773 -0.6128170490 -0.5317741036 -0.4080384374 -0.3444707394 0.8454847932
2.6 -120.7 2072.6 0.8352504969 0.0172493402 -0.5495989919 -0.0042870040 0.9996817708 0.0248601753 0.5498529077 -0.0184083413 0.8350586295
-4.1 -508.7 2079.7 0.8269190192 0.1287951469 -0.5473725796 -0.0957013890 0.9914494753 0.0887084529 0.5541174412 -0.0209703930 0.8321743011
140.6 -179.7 2169.4 0.9258025885 0.0621336028 0.3728658855 -0.0430290550 0.9973093271 -0.0593511276 -0.3755503297 0.0389033630 0.9259851575
116.5 -566.8 2154.3 0.9231838584 -0.0697976723 0.3779679835 0.0379637480 0.9951234460 0.0910388827 -0.3824791014 -0.0696965456 0.9213317037
265.1 63.0 1703.8 0 0 0 0 0 0 0 0 0
240.5 -172.2 2135.4 0 0 0 0 0 0 0 0 0
-52.0 -877.5 2087.5 0 0 0 0 0 0 0 0 0
142.4 -937.2 2180.2 0 0 0 0 0 0 0 0 0
421.5 248.4 1876.7 27 0.7528795004 0.6170571446 -0.2289387286 -0.3464216292 0.6672945619 0.6593254209 0.5596110225 -0.4170832634 0.7161543369
300.5 117.6 1958.4 0.7528795004 0.6170571446 -0.2289387286 -0.3464216292 0.6672945619 0.6593254209 0.5596110225 -0.4170832634 0.7161543369
184.4 -15.5 2039.1 0.7648224235 0.5981163979 -0.2393813580 -0.3331290781 0.6852052808 0.6477026939 0.5514269471 -0.4156326354 0.7233103514
196.1 163.1 1883.2 0.9120025039 -0.2177003771 -0.3476463556 0.3681955338 0.8080302477 0.4599121213 0.1807857305 -0.5474428535 0.8170819283
24.5 93.8 1849.1 -0.8496038318 -0.2177003771 -0.4803955257 0.1191851571 0.8080302477 -0.5769593120 0.5137783885 -0.5474428535 -0.6605589390
404.9 72.1 2033.7 0.0662530437 0.7023881078 0.7087041140 -0.4392805398 -0.6171976328 0.6527631283 0.8959035277 -0.3545674682 0.2676542103
419.7 -26.1 2234.0 -0.7105052471 0.7023881078 -0.0428165570 -0.5779745579 -0.6171976328 -0.5338656306 -0.4014071524 -0.3545674682 0.8444845676
1.5 -120.1 2070.7 0.8418409824 0.0124949366 -0.5395809412 -0.0068866052 0.9998992682 0.0124100968 0.5396816730 -0.0067314473 0.8418422341
-3.3 -508.2 2073.3 0.8346679807 0.1317031980 -0.5347743630 -0.0763401538 0.9892800450 0.1244874075 0.5454369783 -0.0630808994 0.8357746601
137.5 -178.4 2171.1 0.9220005870 0.0542335361 0.3833713531 -0.0307913553 0.9972759485 -0.0670267865 -0.3859621286 0.0499942191 0.9211589694
116.5 -565.5 2151.7 0.9200330377 -0.0613287017 0.3870116174 0.0227853432 0.9943778515 0.1034093797 -0.3911777437 -0.0863218531 0.9162578583
265.2 60.0 1703.5 0 0 0 0 0 0 0 0 0
239.4 -172.8 2132.2 0 0 0 0 0 0 0 0 0
-52.3 -876.5 2096.8 0 0 0 0 0 0 0 0 0
139.3 -936.1 2183.8 0 0 0 0 0 0 0 0 0
421.5 244.4 1869.3 28 0.7599424124 0.6195591092 -0.1965554059 -0.3620470166 0.6546171308 0.6636251211 0.5398235321 -0.4331546128 0.7217808962
300.0 116.0 1954.3 0.7599424124 0.6195591092 -0.1965554059 -0.3620470166 0.6546171308 0.6636251211 0.5398235321 -0.4331546128 0.7217808962
183.5 -15.1 2037.6 0.7720813155 0.6002336144 -0.2088302821 -0.3488160968 0.6749129295 0.6502459645 0.5312417746 -0.4291993976 0.7304587960
194.6 163.6 1881.8 0.9091841578 -0.2289862782 -0.3477778435 0.3806889355 0.7954961658 0.4714465141 0.1687011570 -0.5610268712 0.8104250431
23.8 92.1 1850.1 -0.8489670753 -0.2289862782 -0.4762564003 0.1187746674 0.7954961658 -0.5942040682 0.5149247050 -0.5610268712 -0.6481522918
405.3 68.3 2026.8 0.0806597099 0.6814724207 0.7273852825 -0.4427006543 -0.6293403506 0.6387071609 0.8930342197 -0.3735318780 0.2509258687
423.4 -30.7 2226.6 -0.7311613560 0.6814724207 -0.0315975547 -0.5634410381 -0.6293403506 -0.5352241993 -0.3846261203 -0.3735318780 0.8441188931
-0.1 -118.7 2070.4 0.8553287387 0.0019865755 -0.5180819035 0.0014940557 0.9999790192 0.0063010170 0.5180835128 -0.0061634840 0.8553078175
-0.8 -506.8 2072.8 0.8453188539 0.1450850964 -0.5141850710 -0.0935411006 0.9877466559 0.1249263287 0.5260095596 -0.0575051494 0.8485323191
136.8 -178.3 2169.1 0.9125090241 0.0510321669 0.4058608711 -0.0267579816 0.9975091815 -0.0652641356 -0.4081805348 0.0486940891 0.9116016626
117.0 -565.5 2150.2 0.9101458788 -0.0684459880 0.4085946381 0.0266926065 0.9938968420 0.1070353836 -0.4134270549 -0.0865113586 0.9064181447
265.3 58.3 1703.6 0 0 0 0 0 0 0 0 0
237.9 -173.6 2129.0 0 0 0 0 0 0 0 0 0
-54.9 -875.0 2094.2 0 0 0 0 0 0 0 0 0
142.5 -936.3 2182.5 0 0 0 0 0 0 0 0 0
420.7 242.1 1866.1 29 0.7640292048 0.6175205708 -0.1868896335 -0.3664993346 0.6537991762 0.6619855762 0.5309779644 -0.4372813702 0.7258425355
299.8 114.1 1951.8 0.7640292048 0.6175205708 -0.1868896335 -0.3664993346 0.6537991762 0.6619855762 0.5309779644 -0.4372813702 0.7258425355
183.7 -16.6 2036.0 0.7761110067 0.5985740423 -0.1983956993 -0.3533141315 0.6733583808 0.6494286656 0.5223225355 -0.4339327216 0.7340855002
193.8 162.4 1880.4 0.9073192477 -0.2360369116 -0.3479344249 0.3873357475 0.7911367416 0.4733641744 0.1635322869 -0.5642598867 0.8092391491
24.2 90.0 1849.9 -0.8470899463 -0.2360369116 -0.4761567414 0.1170118302 0.7911367416 -0.6003422737 0.5184080601 -0.5642598867 -0.6425448656
405.8 65.8 2023.1 0.0882242024 0.6748179197 0.7326917648 -0.4449467063 -0.6313999891 0.6351034641 0.8912008405 -0.3820402920 0.2445532531
425.5 -33.7 2222.5 -0.7375538349 0.6748179197 -0.0252017938 -0.5593412519 -0.6313999891 -0.5370953083 -0.3783539534 -0.3820402920 0.8431450129
-2.0 -114.8 2073.3 0.8607060313 -0.0068335095 -0.5090563893 0.0007158589 0.9999251962 -0.0122125056 0.5091017485 0.0101469643 0.8606465459
0.6 -503.0 2069.4 0.8516896367 0.1434320360 -0.5040357113 -0.0821353570 0.9864635468 0.1419277191 0.5175698400 -0.0794792175 0.8519415855
136.2 -177.3 2168.5 0.9077962637 0.0518137105 0.4161986113 -0.0345843062 0.9982078671 -0.0488357022 -0.4179830849 0.0299389288 0.9079613686
116.1 -564.8 2156.9 0.9041203260 -0.0831434950 0.4191104770 0.0744646564 0.9965349436 0.0370555893 -0.4207391739 -0.0022937946 0.9071787596
265.7 56.6 1702.1 0 0 0 0 0 0 0 0 0
238.4 -175.6 2126.5 0 0 0 0 0 0 0 0 0
-52.9 -870.9 2099.1 0 0 0 0 0 0 0 0 0
147.0 -935.3 2157.7 0 0 0 0 0 0 0 0 0
422.9 242.8 1868.1 30 0.7642341256 0.6231536865 -0.1662098020 -0.4004285038 0.6604921818 0.6351433396 0.5055721998 -0.4188430607 0.7542991638
301.2 113.8 1949.9 0.7642341256 0.6231536865 -0.1662098020 -0.4004285038 0.6604921818 0.6351433396 0.5055721998 -0.4188430607 0.7542991638
184.1 -18.0 2031.0 0.7780825496 0.6030663252 -0.1757797897 -0.3852985501 0.6791982055 0.6246877909 0.4961175025 -0.4183309674 0.7608328462
195.0 166.4 1882.2 0.8953928947 -0.2470410019 -0.3704622388 0.4099394083 0.7821605802 0.4692275822 0.1738425195 -0.5720100999 0.8016128540
25.7 88.9 1849.3 -0.8469937444 -0.2470410019 -0.4707146883 0.1124556661 0.7821605802 -0.6128446460 0.5195722580 -0.5720100999 -0.6347039342
407.4 61.2 2017.5 0.0943047181 0.6576339006 0.7474117279 -0.4793206751 -0.6280191541 0.6130608916 0.8725584745 -0.4160644114 0.2559923530
428.5 -46.0 2212.6 -0.7530412674 0.6576339006 -0.0211291574 -0.5325297117 -0.6280191541 -0.5674540401 -0.3864465356 -0.4160644114 0.8231339455
-2.0 -115.7 2073.5 0.8685343862 -0.0056814412 -0.4955963492 -0.0055755125 0.9997590184 -0.0212321915 0.4955975413 0.0212040916 0.8682934046
0.2 -503.8 2065.2 0.8620130420 0.1362440586 -0.4882326424 -0.0636031032 0.9846600294 0.1624786556 0.5028799176 -0.1090056077 0.8574553132
137.0 -179.0 2167.0 0.9010303020 0.0410089530 0.4318132401 -0.0226047263 0.9986073375 -0.0476694480 -0.4331667423 0.0331905968 0.9007024765
121.1 -566.6 2154.1 0.9000871181 -0.0417385325 0.4337062538 0.0310031455 0.9990133047 0.0317999050 -0.4346055984 -0.0151764276 0.9004930258
268.1 56.7 1700.6 0 0 0 0 0 0 0 0 0
237.4 -181.0 2114.6 0 0 0 0 0 0 0 0 0
-50.6 -871.0 2105.9 0 0 0 0 0 0 0 0 0
136.6 -938.5 2159.8 0 0 0 0 0 0 0 0 0
425.0 243.4 1869.0 31 0.7615063787 0.6249412894 -0.1719198078 -0.3973515034 0.6596730947 0.6379209757 0.5120740533 -0.4174682796 0.7506666183
302.9 114.6 1950.5 0.7615063787 0.6249412894 -0.1719198078 -0.3973515034 0.6596730947 0.6379209757 0.5120740533 -0.4174682796 0.7506666183
185.1 -16.6 2031.7 0.7741745114 0.6068975329 -0.1798032373 -0.3836174607 0.6758148670 0.6293742061 0.5034793615 -0.4182698131 0.7560151219
197.2 166.9 1881.8 0.8958292007 -0.2394384891 -0.3743784726 0.4055297971 0.7850038409 0.4683102965 0.1817570478 -0.5713476539 0.8003288507
27.9 90.3 1847.4 -0.8482844234 -0.2394384891 -0.4723163247 0.1171282157 0.7850038409 -0.6083172560 0.5164247155 -0.5713476539 -0.6378615499
408.6 62.2 2019.3 0.0879827589 0.6594910622 0.7465457320 -0.4742970467 -0.6313086748 0.6135891676 0.8759573698 -0.4080697000 0.2572503984
428.3 -43.9 2215.2 -0.7512065768 0.6594910622 -0.0275712050 -0.5335752964 -0.6313086748 -0.5628026128 -0.3885692358 -0.4080697000 0.8261314034
-2.6 -115.3 2067.9 0.8651924133 -0.0100941639 -0.5013383627 0.0016425331 0.9998490214 -0.0172967669 0.5014373064 0.0141415671 0.8650783896
1.3 -503.5 2062.4 0.8576397896 0.1492749006 -0.4921087325 -0.0586383231 0.9790886045 0.1948000342 0.5108968019 -0.1382118315 0.8484585881
136.7 -184.3 2156.6 0.9034332037 0.0414530262 0.4267201722 -0.0360661596 0.9991349578 -0.0207016300 -0.4272091985 0.0033123815 0.9041467309
120.6 -572.0 2155.3 0.9012233615 -0.0631514862 0.4287288189 0.0339817628 0.9965769649 0.0753627047 -0.4320205450 -0.0533496663 0.9002844691
269.7 56.9 1700.2 0 0 0 0 0 0 0 0 0
237.7 -179.3 2116.6 0 0 0 0 0 0 0 0 0
-54.4 -868.6 2113.9 0 0 0 0 0 0 0 0 0
144.1 -943.1 2175.2 0 0 0 0 0 0 0 0 0
425.6 243.1 1871.5 32 0.7607189417 0.6246364117 -0.1764541119 -0.3968685865 0.6627259851 0.6350508928 0.5136166215 -0.4130661190 0.7520467639
304.0 114.1 1951.9 0.7607189417 0.6246364117 -0.1764541119 -0.3968685865 0.6627259851 0.6350508928 0.5136166215 -0.4130661190 0.7520467639
186.0 -17.1 2032.8 0.7730247974 0.6078001857 -0.1816910505 -0.3835025430 0.6758908033 0.6293627620 0.5053300858 -0.4168339968 0.7555732131
198.4 166.5 1882.9 0.8978614807 -0.2324326336 -0.3739249110 0.3982421756 0.7909027934 0.4646244943 0.1877443790 -0.5660811067 0.8026856184
29.1 91.4 1847.5 -0.8470696807 -0.2324326336 -0.4779624045 0.1214062646 0.7909027934 -0.5997776985 0.5174297094 -0.5660811067 -0.6417310238
409.5 61.7 2020.9 0.0860684812 0.6606073976 0.7457814813 -0.4742255509 -0.6311556697 0.6138017774 0.8761862516 -0.4064976275 0.2589543164
428.8 -44.4 2217.0 -0.7501509190 0.6606073976 -0.0295206103 -0.5336650014 -0.6311556697 -0.5628890991 -0.3904808164 -0.4064976275 0.8260051012
-2.1 -113.4 2067.8 0.8639364243 -0.0082180873 -0.5035338402 0.0080537051 0.9999644160 -0.0025021276 0.5035364628 -0.0018936340 0.8639718890
1.1 -501.6 2068.6 0.8550056815 0.1405217648 -0.4992182851 -0.0772615671 0.9863633513 0.1453201026 0.5128312707 -0.0856791288 0.8542032242
136.6 -182.1 2158.0 0.9043985009 0.0445858464 0.4243529737 -0.0372374766 0.9989784956 -0.0255984608 -0.4250608087 0.0073493761 0.9051349759
119.3 -569.9 2155.1 0.9028428793 -0.0536209717 0.4266140163 0.0307792425 0.9977078438 0.0602634810 -0.4288675487 -0.0412775986 0.9024238586
270.4 56.8 1700.1 0 0 0 0 0 0 0 0 0
238.4 -179.8 2117.9 0 0 0 0 0 0 0 0 0
-51.2 -869.1 2100.5 0 0 0 0 0 0 0 0 0
139.3 -941.8 2170.5 0 0 0 0 0 0 0 0 0
428.5 245.4 1870.7 33 0.7583152056 0.6263839006 -0.1805580407 -0.3962015212 0.6628038883 0.6353859901 0.5176701546 -0.4102855027 0.7507885695
306.1 115.9 1950.9 0.7583152056 0.6263839006 -0.1805580407 -0.3962015212 0.6628038883 0.6353859901 0.5176701546 -0.4102855027 0.7507885695
187.8 -15.5 2031.2 0.7710062265 0.6089256406 -0.1864374727 -0.3824388385 0.6768211722 0.6290100813 0.5092052221 -0.4136697352 0.7547101378
200.7 168.1 1881.3 0.8983455896 -0.2341223359 -0.3717013299 0.3999042809 0.7860326767 0.4714119136 0.1818013489 -0.5721358061 0.7997555137
29.5 91.9 1846.7 -0.8475050926 -0.2341223359 -0.4763631523 0.1233406067 0.7860326767 -0.6057555079 0.5162578821 -0.5721358061 -0.6372898817
411.4 63.6 2020.5 0.0823631063 0.6636091471 0.7435315847 -0.4741852283 -0.6301100850 0.6149061918 0.8765641451 -0.4032172859 0.2627758384
429.8 -42.5 2216.6 -0.7473548651 0.6636091471 -0.0329181105 -0.5347009897 -0.6301100850 -0.5630773902 -0.3944053352 -0.4032172859 0.8257483244
-1.3 -113.9 2068.5 0.8614096642 -0.0064021684 -0.5078704953 0.0026946242 0.9999640584 -0.0080350470 0.5079036951 0.0055529471 0.8613959551
1.2 -502.1 2066.3 0.8539623022 0.1361022890 -0.5022196174 -0.0666731000 0.9858503938 0.1537976116 0.5160455704 -0.0978528336 0.8509534597
137.2 -182.6 2159.0 0.9063928127 0.0499630570 0.4194708169 -0.0402660854 0.9986782074 -0.0319453143 -0.4205124676 0.0120645566 0.9072065353
117.8 -570.3 2154.3 0.9035792947 -0.0716747791 0.4223827124 0.0460421182 0.9964420795 0.0705925226 -0.4259396195 -0.0443385467 0.9036645293
270.7 56.8 1699.8 0 0 0 0 0 0 0 0 0
240.1 -178.2 2116.5 0 0 0 0 0 0 0 0 0
-49.5 -869.8 2102.8 0 0 0 0 0 0 0 0 0
144.6 -942.0 2170.9 0 0 0 0 0 0 0 0 0
428.7 244.2 1868.3 34 0.7581629753 0.6307067871 -0.1655230224 -0.4102682769 0.6587007046 0.6307085752 0.5068223476 -0.4102710187 0.7581614852
305.4 115.3 1948.6 0.7581629753 0.6307067871 -0.1655230224 -0.4102682769 0.6587007046 0.6307085752 0.5068223476 -0.4102710187 0.7581614852
186.4 -15.6 2028.6 0.7712661624 0.6126232743 -0.1727460176 -0.3962180912 0.6744831800 0.6229636073 0.4981562793 -0.4120256603 0.7629384995
200.0 169.4 1880.6 0.8958334327 -0.2385610491 -0.3749281466 0.4070006311 0.7791801095 0.4766853154 0.1784179956 -0.5796266198 0.7951100469
30.0 92.2 1846.7 -0.8474167585 -0.2385610491 -0.4743136466 0.1244901791 0.7791801095 -0.6143131256 0.5161269307 -0.5796266198 -0.6305917501
410.7 61.2 2016.7 0.0849170163 0.6529911757 0.7525899410 -0.4843366742 -0.6330265403 0.6039001346 0.8707509041 -0.4157882929 0.2625128329
429.7 -47.2 2211.5 -0.7567002177 0.6529911757 -0.0317378081 -0.5223023891 -0.6330265403 -0.5713821650 -0.3931984007 -0.4157882929 0.8200702071
0.6 -112.6 2065.9 0.8659101725 -0.0023118975 -0.5001941323 0.0040221736 0.9999891520 0.0023410288 0.5001833439 -0.0040389881 0.8659101129
1.5 -500.8 2067.5 0.8577872515 0.1370989829 -0.4953836203 -0.0737662762 0.9866306186 0.1453222930 0.5086841583 -0.0881129950 0.8564324379
138.7 -181.1 2157.1 0.9018942714 0.0563654006 0.4282634854 -0.0492010005 0.9984022379 -0.0277895313 -0.4291456044 0.0039922269 0.9032264948
116.8 -568.7 2155.6 0.8978781104 -0.0868375674 0.4315948188 0.0665216297 0.9958581924 0.0619784743 -0.4351893067 -0.0269387271 0.8999359012
271.0 56.8 1699.9 0 0 0 0 0 0 0 0 0
237.7 -179.8 2111.7 0 0 0 0 0 0 0 0 0
-49.7 -868.9 2100.3 0 0 0 0 0 0 0 0 0
149.2 -940.2 2165.6 0 0 0 0 0 0 0 0 0
427.8 242.1 1866.7 35 0.7615900636 0.6293352246 -0.1546534896 -0.4144855142 0.6564735770 0.6302731037 0.4981790185 -0.4159080982 0.7608141303
304.7 113.7 1948.0 0.7615900636 0.6293352246 -0.1546534896 -0.4144855142 0.6564735770 0.6302731037 0.4981790185 -0.4159080982 0.7608141303
186.2 -16.5 2029.6 0.7753408551 0.6109704375 -0.1598802060 -0.3997706771 0.6707894206 0.6246799231 0.4889069200 -0.4204244316 0.7643384933
198.8 168.3 1881.2 0.8931927681 -0.2399084121 -0.3803296387 0.4098587632 0.7822923660 0.4690782726 0.1849931329 -0.5748587847 0.7970664501
30.7 91.2 1846.4 -0.8465988040 -0.2399084121 -0.4750941396 0.1211993843 0.7822923660 -0.6110068560 0.5182482004 -0.5748587847 -0.6332110167
410.7 59.1 2014.8 0.0933099315 0.6444020867 0.7589724660 -0.4838789105 -0.6368668675 0.6002181172 0.8701462150 -0.4232570827 0.2523865700
431.5 -49.2 2209.5 -0.7642955184 0.6444020867 -0.0244608819 -0.5187079310 -0.6368668675 -0.5703881979 -0.3831376731 -0.4232570827 0.8210109472
-1.6 -111.1 2064.0 0.8720054626 -0.0156451352 -0.4892460406 0.0175041985 0.9998465180 -0.0007746138 0.4891830683 -0.0078883925 0.8721454740
4.5 -499.2 2067.0 0.8595641851 0.1581814438 -0.4859300554 -0.0954834595 0.9838552475 0.1513663977 0.5020281672 -0.0837108493 0.8607904315
136.6 -182.0 2153.2 0.8965598941 0.0509940684 0.4399772882 -0.0476173349 0.9986902475 -0.0187179800 -0.4403555393 -0.0041687572 0.8978137970
116.8 -569.7 2154.8 0.8926275373 -0.0852914974 0.4426526725 0.0646093488 0.9960059524 0.0616256297 -0.4461408556 -0.0264092330 0.8945730329
271.0 56.7 1699.2 0 0 0 0 0 0 0 0 0
237.5 -180.8 2112.2 0 0 0 0 0 0 0 0 0
-54.5 -866.3 2098.3 0 0 0 0 0 0 0 0 0
148.6 -941.4 2164.7 0 0 0 0 0 0 0 0 0
428.2 242.1 1864.3 36 0.7639858723 0.6253523827 -0.1589339375 -0.4040508270 0.6557191014 0.6377894878 0.5030592084 -0.4230447412 0.7536342740
305.7 113.7 1947.1 0.7639858723 0.6253523827 -0.1589339375 -0.4040508270 0.6557191014 0.6377894878 0.5030592084 -0.4230447412 0.7536342740
188.0 -16.6 2029.7 0.7773552537 0.6068273783 -0.1657690704 -0.3896516860 0.6713659763 0.6304278970 0.4938526154 -0.4254742265 0.7583411336
199.6 167.0 1879.7 0.8977776170 -0.2371201515 -0.3711730242 0.4019749761 0.7855646014 0.4704299867 0.1800319701 -0.5715437531 0.8005786538
30.6 91.3 1845.8 -0.8466901183 -0.2371201515 -0.4763295949 0.1213505790 0.7855646014 -0.6067637801 0.5180636048 -0.5715437531 -0.6363551021
411.9 60.5 2014.6 0.0952721760 0.6497494578 0.7541543841 -0.4752172530 -0.6360108256 0.6079957485 0.8746952415 -0.4163122773 0.2481780201
433.3 -45.8 2210.3 -0.7598355412 0.6497494578 -0.0218081437 -0.5277046561 -0.6360108256 -0.5630435944 -0.3797074556 -0.4163122773 0.8261393905
-1.9 -110.9 2067.4 0.8714251518 -0.0187905226 -0.4901685119 0.0072373170 0.9996497631 -0.0254548416 0.4904751480 0.0186344832 0.8712559342
5.4 -498.8 2060.2 0.8621627688 0.1557024270 -0.4821121693 -0.0664501339 0.9781359434 0.1970647424 0.5022546649 -0.1378654689 0.8536587954
137.0 -182.5 2155.0 0.8975494504 0.0557218939 0.4373785853 -0.0473548025 0.9984268546 -0.0300219506 -0.4383634329 0.0062342095 0.8987761736
115.4 -570.1 2152.6 0.8922747374 -0.0994347185 0.4404072762 0.0391528867 0.9888132215 0.1439286768 -0.4497920573 -0.1111807004 0.8861861825
271.1 56.9 1698.7 0 0 0 0 0 0 0 0 0
240.4 -179.8 2113.9 0 0 0 0 0 0 0 0 0
-52.6 -863.4 2111.6 0 0 0 0 0 0 0 0 0
152.4 -937.8 2193.9 0 0 0 0 0 0 0 0 0
427.6 241.2 1864.1 37 0.7655416727 0.6244244576 -0.1550487131 -0.4061371684 0.6559112072 0.6362649798 0.4989975989 -0.4241162837 0.7557293177
305.3 112.7 1947.2 0.7655416727 0.6244244576 -0.1550487131 -0.4061371684 0.6559112072 0.6362649798 0.4989975989 -0.4241162837 0.7557293177
187.7 -17.5 2030.2 0.7789890170 0.6059760451 -0.1611496061 -0.3916360140 0.6709074378 0.6296859980 0.4896910787 -0.4274064898 0.7599515319
198.9 166.2 1880.3 0.8993365169 -0.2366926372 -0.3676552474 0.3991358280 0.7877443433 0.4692008495 0.1785619557 -0.5687138438 0.8029198050
30.9 91.7 1846.9 -0.8446817398 -0.2366926372 -0.4800930321 0.1223990917 0.7877443433 -0.6037195921 0.5210865736 -0.5687138438 -0.6364222765
411.8 59.2 2014.1 0.0985731035 0.6467232704 0.7563282251 -0.4765501916 -0.6365361810 0.6064004898 0.8736035824 -0.4202031195 0.2454507649
433.8 -47.4 2209.6 -0.7624901533 0.6467232704 -0.0189139042 -0.5258988738 -0.6365361810 -0.5641383529 -0.3768807650 -0.4202031195 0.8254636526
0.5 -112.0 2068.1 0.8736587167 -0.0160454195 -0.4862746596 0.0087022129 0.9998115301 -0.0173556898 0.4864614606 0.0109312832 0.8736336231
6.8 -500.1 2063.8 0.8618345857 0.1675465405 -0.4787163138 -0.0823110417 0.9775522351 0.1939499229 0.5004658103 -0.1277491152 0.8562792540
139.8 -181.8 2156.6 0.8954024911 0.0561043024 0.4417088330 -0.0484119095 0.9984156489 -0.0286778770 -0.4426179528 0.0042942744 0.8967000246
118.0 -569.4 2154.9 0.8918513060 -0.0797151402 0.4452491403 0.0433920473 0.9948864579 0.0912034512 -0.4502426386 -0.0620196424 0.8907497525
271.2 56.8 1698.7 0 0 0 0 0 0 0 0 0
240.3 -180.9 2113.9 0 0 0 0 0 0 0 0 0
-55.7 -864.6 2111.5 0 0 0 0 0 0 0 0 0
147.7 -939.6 2178.0 0 0 0 0 0 0 0 0 0
426.4 239.0 1860.1 38 0.7722368240 0.6190076470 -0.1431075931 -0.4018765688 0.6503799558 0.6445937753 0.4920828044 -0.4402675033 0.7510120273
305.3 111.7 1946.2 0.7722368240 0.6190076470 -0.1431075931 -0.4018765688 0.6503799558 0.6445937753 0.4920828044 -0.4402675033 0.7510120273
189.2 -18.0 2032.0 0.7869841456 0.5981472731 -0.1512473971 -0.3858968914 0.6684873104 0.6357737780 0.4813933372 -0.4419779778 0.7569121122
197.8 164.5 1880.4 0.9027625918 -0.2332888395 -0.3613807559 0.3920118511 0.7920324206 0.4679864645 0.1770492494 -0.5641462207 0.8064692616
30.8 92.0 1847.7 -0.8443799019 -0.2332888395 -0.4822850823 0.1227412745 0.7920324206 -0.5980126858 0.5214951038 -0.5641462207 -0.6401420832
412.8 59.0 2011.9 0.1125427634 0.6418221593 0.7585502267 -0.4689596593 -0.6387209892 0.6100100875 0.8760199547 -0.4243816733 0.2291052788
438.0 -45.9 2207.9 -0.7668340206 0.6418221593 -0.0054654437 -0.5306231976 -0.6387209892 -0.5572023988 -0.3611157537 -0.4243816733 0.8303587437
0.3 -112.7 2069.3 0.8809200525 -0.0118644442 -0.4731163383 0.0022432080 0.9997791648 -0.0208949391 0.4732597470 0.0173454732 0.8807521462
4.9 -500.8 2062.5 0.8694614768 0.1691305190 -0.4641460776 -0.0834486187 0.9763479233 0.1994519979 0.4869014919 -0.1346834749 0.8630105853
139.9 -182.8 2157.0 0.8893193007 0.0493410267 0.4546169937 -0.0415069871 0.9987677932 -0.0272036996 -0.4553990662 0.0053229947 0.8902714849
120.7 -570.6 2154.9 0.8875172734 -0.0567541532 0.4572659135 0.0270686336 0.9970934391 0.0712174550 -0.4599787295 -0.0508291572 0.8864738941
271.3 57.0 1699.2 0 0 0 0 0 0 0 0 0
243.3 -180.6 2116.3 0 0 0 0 0 0 0 0 0
-58.2 -865.1 2112.8 0 0 0 0 0 0 0 0 0
141.9 -942.1 2173.9 0 0 0 0 0 0 0 0 0
425.3 240.1 1861.5 39 0.7712817788 0.6157718897 -0.1610881984 -0.3892766237 0.6565898657 0.6460289955 0.5035753846 -0.4355624914 0.7461214066
305.1 111.9 1946.5 0.7712817788 0.6157718897 -0.1610881984 -0.3892766237 0.6565898657 0.6460289955 0.5035753846 -0.4355624914 0.7461214066
189.5 -18.9 2031.3 0.7852240205 0.5956294537 -0.1692596376 -0.3739623129 0.6740291119 0.6370533705 0.4935336709 -0.4369328618 0.7520067692
197.8 163.0 1879.1 0.9057393670 -0.2349919081 -0.3527251184 0.3884090781 0.7932841778 0.4688694477 0.1696307361 -0.5616751313 0.8097817302
30.8 91.4 1847.8 -0.8435497284 -0.2349919081 -0.4829106331 0.1206507534 0.7932841778 -0.5967776775 0.5233232975 -0.5616751313 -0.6408227086
412.3 60.8 2013.9 0.1065975279 0.6553417444 0.7477728128 -0.4637986720 -0.6324560046 0.6203951836 0.8795042634 -0.4129486382 0.2365283966
436.2 -43.0 2210.7 -0.7552713752 0.6553417444 -0.0096071316 -0.5417336226 -0.6324560046 -0.5536462069 -0.3689035475 -0.4129486382 0.8326965570
2.6 -113.2 2074.6 0.8747776151 -0.0073840646 -0.4844684005 -0.0072015398 0.9995752573 -0.0282385275 0.4844711423 0.0281913504 0.8743528724
5.5 -501.2 2063.7 0.8643822670 0.1682125628 -0.4738647342 -0.0827756748 0.9771301150 0.1958696693 0.4959752560 -0.1300817877 0.8585378528
143.6 -182.3 2160.9 0.8948968053 0.0648266301 0.4415396452 -0.0495846868 0.9977106452 -0.0459869131 -0.4435099959 0.0192599371 0.8960624933
118.4 -569.6 2153.4 0.8919151425 -0.0732825100 0.4462252855 0.0393461213 0.9956154823 0.0848625079 -0.4504877627 -0.0581329279 0.8908879757
271.2 57.0 1698.7 0 0 0 0 0 0 0 0 0
244.5 -180.5 2117.1 0 0 0 0 0 0 0 0 0
-57.3 -865.9 2112.2 0 0 0 0 0 0 0 0 0
145.8 -940.9 2175.1 0 0 0 0 0 0 0 0 0
425.8 240.9 1861.2 40 0.7684830427 0.6159654856 -0.1732638776 -0.3753485382 0.6532499790 0.6575545073 0.5182154775 -0.4402851164 0.7332133055
305.4 113.2 1947.3 0.7684830427 0.6159654856 -0.1732638776 -0.3753485382 0.6532499790 0.6575545073 0.5182154775 -0.4402851164 0.7332133055
189.6 -16.9 2032.8 0.7815899849 0.5966609716 -0.1819690317 -0.3610395789 0.6705820560 0.6480510235 0.5086919069 -0.4408121705 0.7395384908
198.7 162.5 1877.8 0.9100947976 -0.2311914861 -0.3439156115 0.3807607591 0.7940601110 0.4738035500 0.1635503173 -0.5621557236 0.8106986284
30.3 92.1 1847.5 -0.8445648551 -0.2311914861 -0.4829707146 0.1230357885 0.7940601110 -0.5952568650 0.5211260915 -0.5621557236 -0.6421903968
412.2 63.9 2016.8 0.0989553928 0.6639418006 0.7412078381 -0.4488561451 -0.6350005865 0.6287307739 0.8881080747 -0.3949120045 0.2351776361
434.3 -36.5 2215.5 -0.7476115227 0.6639418006 -0.0160719156 -0.5523228645 -0.6350005865 -0.5401052237 -0.3688041270 -0.3949120045 0.8414440155
3.5 -116.3 2072.0 0.8691543341 -0.0055115321 -0.4945102036 -0.0071774540 0.9996920228 -0.0237571429 0.4944888353 0.0241979472 0.8688470721
5.7 -504.4 2062.6 0.8602381349 0.1617460698 -0.4835582674 -0.0729588270 0.9776405692 0.1972204149 0.5046458244 -0.1343766749 0.8528044820
144.2 -183.3 2160.4 0.8997467160 0.0715701655 0.4305037856 -0.0604449697 0.9973902702 -0.0394844934 -0.4322062135 0.0095042568 0.9017246962
116.4 -570.4 2156.7 0.8941903114 -0.1021231413 0.4358836710 0.0766265243 0.9941796064 0.0757313371 -0.4410806000 -0.0343179740 0.8968111277
271.3 57.0 1698.9 0 0 0 0 0 0 0 0 0
244.6 -176.7 2121.8 0 0 0 0 0 0 0 0 0
-54.7 -869.3 2112.7 0 0 0 0 0 0 0 0 0
154.5 -941.1 2169.5 0 0 0 0 0 0 0 0 0
428.1 244.6 1861.1 41 0.7714420557 0.6135985851 -0.1684457362 -0.3833155334 0.6594482660 0.6466817260 0.5078842044 -0.4343096018 0.7439279556
308.0 115.6 1946.1 0.7714420557 0.6135985851 -0.1684457362 -0.3833155334 0.6594482660 0.6466817260 0.5078842044 -0.4343096018 0.7439279556
192.5 -15.4 2030.7 0.7841597199 0.5952064991 -0.1755641699 -0.3692766726 0.6749362350 0.6388237476 0.4987266958 -0.4361080825 0.7490536571
200.9 166.0 1878.0 0.9043011069 -0.2430462390 -0.3509529829 0.3962863684 0.7836220860 0.4784282446 0.1587343067 -0.5717210770 0.8049462438
30.1 91.2 1848.0 -0.8455564380 -0.2430462390 -0.4753555357 0.1176807135 0.7836220860 -0.6099899411 0.5207548738 -0.5717210770 -0.6339948177
415.1 65.1 2014.2 0.1039084420 0.6598476768 0.7441801429 -0.4604943395 -0.6312821507 0.6240414977 0.8815599680 -0.4075339139 0.2382605821
438.4 -37.9 2211.5 -0.7513085604 0.6598476768 -0.0116843162 -0.5458648205 -0.6312821507 -0.5509214401 -0.3709003329 -0.4075339139 0.8344752789
3.8 -114.8 2072.8 0.8724240661 0.0010612102 -0.4887484908 -0.0172632262 0.9994405508 -0.0286450777 0.4884446561 0.0334280320 0.8719543219
3.4 -502.7 2059.9 0.8666982055 0.1522226185 -0.4750394523 -0.0591729954 0.9769513607 0.2050965875 0.4953107834 -0.1496473402 0.8557294607
143.8 -179.4 2164.0 0.8966441751 0.0705409423 0.4370963275 -0.0575543828 0.9974200726 -0.0429039262 -0.4389951229 0.0133127468 0.8983908296
116.4 -566.6 2158.8 0.8923776746 -0.0926341861 0.4416797161 0.0799390525 0.9956762195 0.0473144352 -0.4441529214 -0.0069148885 0.8959243298
271.0 57.6 1699.6 0 0 0 0 0 0 0 0 0
247.7 -176.5 2117.3 0 0 0 0 0 0 0 0 0
-53.4 -867.4 2115.7 0 0 0 0 0 0 0 0 0
151.0 -937.9 2161.4 0 0 0 0 0 0 0 0 0
428.1 245.2 1864.5 42 0.7679734826 0.6160743833 -0.1751260161 -0.3843598962 0.6620266438 0.6434191465 0.5123321414 -0.4268174171 0.7452132106
307.5 115.6 1948.1 0.7679734826 0.6160743833 -0.1751260161 -0.3843598962 0.6620266438 0.6434191465 0.5123321414 -0.4268174171 0.7452132106
191.8 -15.8 2031.9 0.7821828127 0.5962632895 -0.1807213128 -0.3686684966 0.6767632365 0.6372402310 0.5022684932 -0.4318120778 0.7491760254
200.7 166.0 1879.5 0.9063377380 -0.2392766029 -0.3482795060 0.3909206390 0.7877060175 0.4761305153 0.1604149789 -0.5676847100 0.8074658513
29.0 91.9 1849.1 -0.8431817293 -0.2392766029 -0.4814471006 0.1213343665 0.7877060175 -0.6039844155 0.5237581134 -0.5676847100 -0.6351468563
414.4 65.2 2016.7 0.1001179665 0.6631919742 0.7417228222 -0.4617667794 -0.6293530464 0.6250489354 0.8813329935 -0.4050816000 0.2432304919
436.8 -38.1 2213.9 -0.7482966185 0.6631919742 -0.0151176853 -0.5466163754 -0.6293530464 -0.5523814559 -0.3758493066 -0.4050816000 0.8334543705
6.7 -113.4 2070.7 0.8698276281 0.0078692995 -0.4932929277 -0.0225770343 0.9994602203 -0.0238663014 0.4928388596 0.0318966620 0.8695358038
