93.6 425.4 1965.9 95 0.7330792546 -0.2449305952 -0.6345106959 0.5066760778 0.8190197349 0.2692322135 0.4537335932 -0.5188599229 0.7245068550
158.3 209.1 2103.0 0.7330792546 -0.2449305952 -0.6345106959 0.5066760778 0.8190197349 0.2692322135 0.4537335932 -0.5188599229 0.7245068550
119.7 19.9 2083.2 0.7517457008 0.1987598240 -0.6287869215 -0.2185124159 0.9747082591 0.0468633734 0.6221983433 0.1021684036 0.7761641741
55.6 238.9 2018.0 0.5298271775 -0.7913951278 -0.3049210906 0.3090907931 0.5149876475 -0.7995315194 0.7897759080 0.3293652534 0.5174673796
-78.9 160.5 1817.5 -0.5921265483 -0.7913951278 -0.1519206613 -0.7796858549 0.5149876475 0.3561989367 -0.2036568522 0.3293652534 -0.9219774604
261.0 179.2 2188.0 0.1749509722 0.9585179687 0.2250233293 -0.7520039082 -0.0174335390 0.6589280367 0.6355172992 -0.2844985127 0.7177592516
300.1 10.9 2330.2 -0.2492899299 0.9585179687 0.1381950378 -0.5352070928 -0.0174335390 -0.8445409536 -0.8070984483 -0.2844985127 0.5173515677
24.2 -153.0 2004.5 0.7252938151 0.0832044706 -0.6833929420 0.0050950488 0.9919936657 0.1261846721 0.6884206533 -0.0950028822 0.7190629244
-8.2 -538.9 2041.5 0.7301199436 0.0890605077 -0.6774902940 0.0499641560 0.9818578959 0.1829171479 0.6814898849 -0.1674016863 0.7124242187
154.6 -190.2 2116.8 0.9611104131 0.0942049026 0.2596001625 -0.0917548835 0.9955480099 -0.0215675086 -0.2604762018 -0.0030908277 0.9654753208
118.1 -576.6 2118.0 0.9618650675 -0.0453962572 0.2697308362 0.0162037890 0.9938563704 0.1094850674 -0.2730439305 -0.1009392068 0.9566913247
62.8 347.0 1866.2 0 0 0 0 0 0 0 0 0
236.9 -124.9 2125.4 0 0 0 0 0 0 0 0 0
-41.3 -904.7 2103.8 0 0 0 0 0 0 0 0 0
135.0 -947.5 2155.7 0 0 0 0 0 0 0 0 0
95.1 428.2 1971.4 96 0.7445740700 -0.2400907576 -0.6228691339 0.4861059189 0.8345074058 0.2594194114 0.4575046897 -0.4959372878 0.7380620837
157.7 210.3 2100.9 0.7445740700 -0.2400907576 -0.6228691339 0.4861059189 0.8345074058 0.2594194114 0.4575046897 -0.4959372878 0.7380620837
118.2 21.3 2081.3 0.7587677836 0.2038623989 -0.6186369061 -0.2223516405 0.9737755656 0.0481752194 0.6122346520 0.1010011286 0.7841986418
54.1 240.7 2017.3 0.5307676792 -0.7857307196 -0.3176678717 0.3281629384 0.5361163616 -0.7777456641 0.7814056277 0.3085554540 0.5424009562
-80.9 157.3 1818.6 -0.6034139991 -0.7857307196 -0.1360837370 -0.7740519643 0.5361163616 0.3367829919 -0.1916640252 0.3085554540 -0.9316965342
261.4 180.0 2184.6 0.1800927222 0.9547241926 0.2367875129 -0.7536636591 -0.0207641143 0.6569321752 0.6321057677 -0.2967668474 0.7158014774
301.7 11.3 2326.0 -0.2616824806 0.9547241926 0.1415061504 -0.5331188440 -0.0207641143 -0.8457855582 -0.8045536876 -0.2967668474 0.5144150257
15.6 -149.9 2007.9 0.7344857454 0.0686628520 -0.6751415730 0.0069988472 0.9940488338 0.1087102145 0.6785880327 -0.0845713168 0.7296341658
-11.1 -536.2 2040.8 0.7394709587 0.0852559730 -0.6677680016 0.0544852763 0.9811140895 0.1855975688 0.6709799170 -0.1736275405 0.7208601832
148.5 -188.8 2119.1 0.9588239789 0.0808594227 0.2722467184 -0.0785906538 0.9967211485 -0.0192461126 -0.2729102969 -0.0029424150 0.9620350003
117.1 -575.7 2120.2 0.9576445818 -0.0651427805 0.2804875970 0.0349406786 0.9931650162 0.1113659963 -0.2858251631 -0.0968486145 0.9533752203
64.3 343.5 1864.7 0 0 0 0 0 0 0 0 0
235.3 -124.0 2121.8 0 0 0 0 0 0 0 0 0
-42.9 -902.1 2105.6 0 0 0 0 0 0 0 0 0
141.4 -946.3 2156.4 0 0 0 0 0 0 0 0 0
99.2 428.1 1966.7 97 0.7583113909 -0.2103884667 -0.6170093417 0.4740951657 0.8276195526 0.3004656732 0.4474345148 -0.5203676820 0.7273374796
153.6 213.9 2101.4 0.7583113909 -0.2103884667 -0.6170093417 0.4740951657 0.8276195526 0.3004656732 0.4474345148 -0.5203676820 0.7273374796
119.7 24.0 2081.0 0.7716374993 0.1747920960 -0.6115744114 -0.2022537589 0.9790235758 0.0246233027 0.6030496955 0.1046929657 0.7908036709
48.3 241.5 2019.0 0.5157446861 -0.7719135880 -0.3716945648 0.3280223012 0.5787004232 -0.7466640472 0.7914599180 0.2631638944 0.5516665578
-81.3 159.1 1820.2 -0.6290356517 -0.7719135880 -0.0919974372 -0.7551783323 0.5787004232 0.3079148531 -0.1844447106 0.2631638944 -0.9469556212
259.0 186.3 2183.7 0.2098934501 0.9517611265 0.2238202393 -0.7511666417 0.0104405042 0.6600300670 0.6258541942 -0.3066622913 0.7171225548
305.9 18.3 2323.7 -0.2535072565 0.9517611265 0.1728722751 -0.5363136530 0.0104405042 -0.8439542055 -0.8050476313 -0.3066622913 0.5077957511
11.5 -147.9 2007.0 0.7402927876 0.0615915395 -0.6694573164 0.0117324200 0.9944592118 0.1044662595 0.6721822619 -0.0851899683 0.7354683876
-12.4 -534.1 2040.1 0.7430758476 0.0851821378 -0.6637637615 0.0402984358 0.9843700528 0.1714398265 0.6679927707 -0.1541414261 0.7280288935
146.6 -187.6 2116.6 0.9561277032 0.0741732642 0.2834045887 -0.0755151436 0.9971253872 -0.0062028645 -0.2830499709 -0.0154706072 0.9589803815
117.8 -574.6 2122.6 0.9562149048 -0.0449162126 0.2891981006 0.0198098999 0.9958199859 0.0891635865 -0.2919941247 -0.0795305669 0.9531077147
70.0 340.8 1864.5 0 0 0 0 0 0 0 0 0
241.6 -117.8 2119.4 0 0 0 0 0 0 0 0 0
-44.2 -901.3 2097.6 0 0 0 0 0 0 0 0 0
134.5 -946.2 2152.3 0 0 0 0 0 0 0 0 0
98.2 429.1 1977.3 98 0.7636678815 -0.2039897740 -0.6125353575 0.4543398321 0.8438698053 0.2854103446 0.4586792886 -0.4962579310 0.7371169329
149.2 217.9 2101.5 0.7636678815 -0.2039897740 -0.6125353575 0.4543398321 0.8438698053 0.2854103446 0.4586792886 -0.4962579310 0.7371169329
121.0 27.0 2081.7 0.7839617133 0.1452641040 -0.6035746336 -0.1773607135 0.9841245413 0.0064846338 0.5949346423 0.1019667313 0.7972801328
42.2 242.1 2020.3 0.5005418658 -0.7739273310 -0.3879360259 0.3478835821 0.5901548266 -0.7284876704 0.7927388549 0.2296819985 0.5646337867
-82.9 155.1 1822.1 -0.6287212968 -0.7739273310 -0.0758028850 -0.7594589591 0.5901548266 0.2737506032 -0.1671276242 0.2296819985 -0.9588088989
256.2 193.7 2182.8 0.2398803979 0.9476799965 0.2106182277 -0.7434566021 0.0398155265 0.6675979495 0.6242833138 -0.3167291880 0.7141098976
309.9 27.4 2322.4 -0.2451067865 0.9476799965 0.2045123875 -0.5448982716 0.0398155265 -0.8375563025 -0.8018781543 -0.3167291880 0.5066301227
17.1 -147.9 2006.7 0.7447676659 0.0805092156 -0.6624495387 0.0008426057 0.9925814867 0.1215783209 0.6673233509 -0.0911057889 0.7391747236
-14.1 -533.3 2042.1 0.7488550544 0.0686408505 -0.6591695547 0.0475805812 0.9864868522 0.1567794681 0.6610236168 -0.1487687677 0.7354696989
154.9 -184.1 2114.7 0.9513762593 0.0971432328 0.2923122644 -0.0968242139 0.9951792955 -0.0155952284 -0.2924180925 -0.0134659763 0.9561957717
117.2 -570.3 2119.9 0.9524620771 -0.0375553519 0.3023334742 0.0037035220 0.9937270284 0.1117716208 -0.3046345711 -0.1053385362 0.9466264248
72.5 342.8 1863.4 0 0 0 0 0 0 0 0 0
247.7 -110.9 2118.9 0 0 0 0 0 0 0 0 0
-39.7 -901.4 2097.6 0 0 0 0 0 0 0 0 0
131.2 -941.0 2159.2 0 0 0 0 0 0 0 0 0
97.9 428.8 1979.2 99 0.7714569569 -0.1980820745 -0.6046632528 0.4449433088 0.8472625017 0.2901236117 0.4548402429 -0.4928587377 0.7417618632
146.6 220.6 2100.3 0.7714569569 -0.1980820745 -0.6046632528 0.4449433088 0.8472625017 0.2901236117 0.4548402429 -0.4928587377 0.7417618632
120.2 29.2 2082.3 0.7919582725 0.1364233345 -0.5951392651 -0.1647164673 0.9863168001 0.0069026761 0.5879375339 0.0925626010 0.8035929203
38.5 243.0 2020.0 0.4888402522 -0.7837910056 -0.3830233514 0.3687632382 0.5835596919 -0.7235134840 0.7906002998 0.2124375701 0.5743007660
-83.0 151.4 1823.6 -0.6160833240 -0.7837910056 -0.0781859085 -0.7737131715 0.5835596919 0.2466291636 -0.1476795673 0.2124375701 -0.9659508467
254.8 198.1 2180.6 0.2539651692 0.9438061714 0.2114985287 -0.7360578179 0.0467334725 0.6753035188 0.6274715662 -0.3271787167 0.7065646052
311.6 33.4 2321.0 -0.2480902672 0.9438061714 0.2183601409 -0.5538792014 0.0467334725 -0.8312844038 -0.7947760820 -0.3271787167 0.5111604929
22.9 -148.1 2008.6 0.7488040924 0.0974497870 -0.6555882692 -0.0212379750 0.9921520352 0.1232205108 0.6624510288 -0.0783446580 0.7449971437
-14.9 -533.2 2039.0 0.7571188211 0.0727339685 -0.6492155790 0.0580490418 0.9823612571 0.1777546108 0.6506929994 -0.1722677052 0.7395420671
163.0 -179.8 2115.2 0.9466249943 0.1174952090 0.3001598716 -0.1142962649 0.9930446744 -0.0282592475 -0.3013924956 -0.0075562405 0.9534702301
117.4 -565.2 2118.1 0.9484837651 -0.0379536599 0.3145441711 -0.0011430429 0.9923824668 0.1231900305 -0.3168236315 -0.1172032803 0.9412152767
71.3 345.2 1860.6 0 0 0 0 0 0 0 0 0
248.6 -107.1 2119.2 0 0 0 0 0 0 0 0 0
-42.1 -899.7 2103.3 0 0 0 0 0 0 0 0 0
131.6 -935.5 2161.8 0 0 0 0 0 0 0 0 0
98.4 429.8 1984.1 00 0.7855789661 -0.1827088296 -0.5911710262 0.4212826788 0.8577001691 0.2947394848 0.4531959593 -0.4805912375 0.7507632971
142.2 224.4 2099.2 0.7855789661 -0.1827088296 -0.5911710262 0.4212826788 0.8577001691 0.2947394848 0.4531959593 -0.4805912375 0.7507632971
119.7 32.4 2082.0 0.8060022593 0.1161702499 -0.5804005265 -0.1456429064 0.9893281460 -0.0042350385 0.5737146139 0.0879446790 0.8143201470
32.2 244.2 2020.8 0.4669948518 -0.7873139381 -0.4025575817 0.3841013908 0.5906679630 -0.7096319795 0.7964809537 0.1767715514 0.5782472491
-82.9 149.6 1824.5 -0.6143960357 -0.7873139381 -0.0515199080 -0.7755804062 0.5906679630 0.2226800025 -0.1448879093 0.1767715514 -0.9735292792
252.2 204.5 2177.5 0.2816290855 0.9364212751 0.2092850804 -0.7286933064 0.0668271929 0.6815718412 0.6242524385 -0.3444550931 0.7011844516
315.2 41.5 2317.1 -0.2501285076 0.9364212751 0.2460709661 -0.5613260269 0.0668271929 -0.8248922825 -0.7888908982 -0.3444550931 0.5089222193
22.9 -147.5 2011.7 0.7591269612 0.0959425420 -0.6438332200 -0.0253389720 0.9926841855 0.1180509850 0.6504492164 -0.0733016133 0.7560044527
-14.4 -532.8 2040.1 0.7660387158 0.0786632076 -0.6379630566 0.0401173867 0.9846981764 0.1695881784 0.6415413618 -0.1555045098 0.7511610985
164.6 -176.9 2117.0 0.9405401349 0.1268494427 0.3151087165 -0.1185610890 0.9919075370 -0.0454175435 -0.3183199167 0.0053573884 0.9479681849
115.4 -561.9 2114.9 0.9391656518 -0.0785465613 0.3343624771 0.0263275374 0.9870985746 0.1579342484 -0.3424539268 -0.1395234764 0.9291170835
72.0 345.1 1861.1 0 0 0 0 0 0 0 0 0
251.7 -100.9 2116.9 0 0 0 0 0 0 0 0 0
-43.7 -900.3 2098.2 0 0 0 0 0 0 0 0 0
144.7 -929.9 2166.9 0 0 0 0 0 0 0 0 0
100.3 426.3 1975.0 01 0.7945643663 -0.1635651588 -0.5847340822 0.4222068191 0.8409340978 0.3384837508 0.4363586605 -0.5158258080 0.7372345924
139.0 227.0 2097.2 0.7945643663 -0.1635651588 -0.5847340822 0.4222068191 0.8409340978 0.3384837508 0.4363586605 -0.5158258080 0.7372345924
118.1 34.7 2081.7 0.8115593791 0.1075988561 -0.5742768645 -0.1340764463 0.9909636974 -0.0038038117 0.5686782002 0.0800840184 0.8186523318
28.2 245.3 2019.6 0.4578706622 -0.7823901772 -0.4221612215 0.3984062672 0.6050891876 -0.6893036962 0.7947496176 0.1474202573 0.5887616873
-82.8 148.7 1826.9 -0.6221178174 -0.7823901772 -0.0288975332 -0.7703195810 0.6050891876 0.2011836469 -0.1399185210 0.1474202573 -0.9791272283
249.8 208.7 2174.9 0.2930322587 0.9331621528 0.2081839144 -0.7216061950 0.0730110183 0.6884430647 0.6272292733 -0.3519628346 0.6947701573
315.4 47.3 2315.2 -0.2507866621 0.9331621528 0.2575159967 -0.5692328215 0.0730110183 -0.8189282417 -0.7829942703 -0.3519628346 0.5128762722
25.0 -146.5 2013.5 0.7623913884 0.1042768508 -0.6386592984 -0.0318535343 0.9917823076 0.1239081249 0.6463317275 -0.0741229355 0.7594478726
-15.4 -531.5 2042.3 0.7684335113 0.0670458674 -0.6364077330 0.0330020264 0.9890210629 0.1440422982 0.6390780807 -0.1316896826 0.7577843070
169.3 -172.6 2116.3 0.9375528097 0.1361889839 0.3200739324 -0.1251058280 0.9906154275 -0.0550422631 -0.3245663047 0.0115619143 0.9457922578
116.5 -557.1 2111.8 0.9357148409 -0.0821789205 0.3430515826 0.0210606977 0.9837656021 0.1782180816 -0.3521281183 -0.1595363915 0.9222548008
74.6 343.6 1862.3 0 0 0 0 0 0 0 0 0
251.7 -97.2 2116.5 0 0 0 0 0 0 0 0 0
-40.5 -900.6 2091.5 0 0 0 0 0 0 0 0 0
147.1 -924.0 2171.3 0 0 0 0 0 0 0 0 0
99.2 424.5 1973.0 02 0.7957884073 -0.1613403708 -0.5836865902 0.4240161777 0.8366054296 0.3468452394 0.4323552549 -0.5235080123 0.7341718674
137.1 227.8 2096.1 0.7957884073 -0.1613403708 -0.5836865902 0.4240161777 0.8366054296 0.3468452394 0.4323552549 -0.5235080123 0.7341718674
117.4 35.3 2080.7 0.8138343692 0.1016327888 -0.5721402168 -0.1285617203 0.9916787744 -0.0067131547 0.5666970611 0.0790187269 0.8201283813
25.9 245.3 2018.7 0.4461159706 -0.7934653163 -0.4139968157 0.4218853414 0.5944030881 -0.6846150160 0.7892992496 0.1307585239 0.5999240875
-81.8 143.4 1828.0 -0.6081997752 -0.7934653163 -0.0224920716 -0.7823467851 0.5944030881 0.1860604584 -0.1342631727 0.1307585239 -0.9822807908
248.3 210.2 2173.5 0.2991190553 0.9317722321 0.2057383358 -0.7192639112 0.0784810334 0.6902899146 0.6270464063 -0.3544590175 0.6936653256
315.2 49.3 2313.8 -0.2493102551 0.9317722321 0.2639031410 -0.5714067221 0.0784810334 -0.8169057965 -0.7818815708 -0.3544590175 0.5128548145
24.6 -145.6 2015.2 0.7633476853 0.0995848402 -0.6382657886 -0.0354570039 0.9930156469 0.1125288084 0.6450140476 -0.0632676110 0.7615471482
-14.0 -531.1 2039.7 0.7701136470 0.0863907486 -0.6320297718 0.0251876321 0.9858964086 0.1654505283 0.6374092698 -0.1433350444 0.7570762634
170.0 -169.6 2117.0 0.9364007115 0.1396055818 0.3219688833 -0.1274472028 0.9901098609 -0.0586491674 -0.3269723058 0.0138850883 0.9449319243
115.8 -554.0 2111.6 0.9351611733 -0.0755119994 0.3460802734 0.0124376714 0.9834110737 0.1809640974 -0.3540041447 -0.1649261713 0.9205870032
72.3 341.6 1862.0 0 0 0 0 0 0 0 0 0
251.9 -95.8 2115.3 0 0 0 0 0 0 0 0 0
-46.3 -899.0 2093.2 0 0 0 0 0 0 0 0 0
143.9 -920.9 2173.2 0 0 0 0 0 0 0 0 0
98.7 420.5 1976.0 03 0.7975337505 -0.1612884402 -0.5813139677 0.4211931527 0.8387316465 0.3451457322 0.4318983853 -0.5201108456 0.7368503809
135.5 228.6 2095.0 0.7975337505 -0.1612884402 -0.5813139677 0.4211931527 0.8387316465 0.3451457322 0.4318983853 -0.5201108456 0.7368503809
115.8 36.0 2080.7 0.8153017163 0.1017627567 -0.5700240731 -0.1253004521 0.9921166301 -0.0021001832 0.5653166175 0.0731365606 0.8216252923
24.2 245.7 2017.7 0.4601140916 -0.7784044743 -0.4270614088 0.4219553769 0.6149207950 -0.6662027240 0.7811841369 0.1263284087 0.6113857031
-84.5 146.1 1833.3 -0.6270088553 -0.7784044743 -0.0307628363 -0.7714258432 0.6149207950 0.1636295319 -0.1084532589 0.1263284087 -0.9860420823
246.9 211.5 2172.2 0.3007916808 0.9308395982 0.2075139433 -0.7156878114 0.0765041783 0.6942175627 0.6303294897 -0.3573300540 0.6892023683
314.2 51.3 2313.2 -0.2513215244 0.9308395982 0.2652831674 -0.5758395195 0.0765041783 -0.8139753938 -0.7779757977 -0.3573300540 0.5167871118
24.8 -145.7 2014.6 0.7645894885 0.1058215722 -0.6357709169 -0.0358254015 0.9918820262 0.1220105886 0.6435211301 -0.0705112666 0.7621737123
-16.3 -530.7 2042.0 0.7707932591 0.0711134374 -0.6331040263 0.0281201173 0.9889845252 0.1453234851 0.6364644766 -0.1298173219 0.7603028417
170.6 -168.7 2116.1 0.9367911220 0.1343138963 0.3230822980 -0.1203690767 0.9907370210 -0.0628603622 -0.3285326064 0.0199979153 0.9442809224
118.4 -553.3 2108.4 0.9373868108 -0.0430664383 0.3456172347 -0.0181901194 0.9849179387 0.1720634103 -0.3478147686 -0.1675767899 0.9224656820
73.9 340.9 1860.7 0 0 0 0 0 0 0 0 0
250.4 -94.8 2115.7 0 0 0 0 0 0 0 0 0
-42.8 -899.7 2090.4 0 0 0 0 0 0 0 0 0
134.5 -920.7 2170.9 0 0 0 0 0 0 0 0 0
96.4 416.9 1972.5 04 0.7848117352 -0.1805342138 -0.5928556919 0.4475772977 0.8267901540 0.3407237232 0.4286549687 -0.5327527523 0.7296776175
138.1 225.9 2095.6 0.7848117352 -0.1805342138 -0.5928556919 0.4475772977 0.8267901540 0.3407237232 0.4286549687 -0.5327527523 0.7296776175
117.5 33.4 2081.9 0.8082659245 0.1063708812 -0.5791298747 -0.1275590807 0.9918223023 0.0041430462 0.5748346448 0.0705245957 0.8152247667
27.7 243.3 2017.0 0.4870250523 -0.7745223045 -0.4036356807 0.4447711408 0.6176764369 -0.6485787630 0.7516549826 0.1363486201 0.6453090906
-89.5 136.3 1836.2 -0.6304716468 -0.7745223045 -0.0511927120 -0.7712787986 0.6176764369 0.1536385864 -0.0873759836 0.1363486201 -0.9868001342
248.5 208.5 2174.1 0.2898265123 0.9351566434 0.2036728710 -0.7149084806 0.0700460821 0.6957007051 0.6363226175 -0.3472399712 0.6888526082
313.4 48.5 2316.5 -0.2458261251 0.9351566434 0.2550520897 -0.5774663687 0.0700460821 -0.8134040236 -0.7785255909 -0.3472399712 0.5228023529
23.0 -145.3 2015.9 0.7578465343 0.0926282555 -0.6458240151 -0.0310218930 0.9938667417 0.1061439440 0.6516949534 -0.0604061335 0.7560719848
-12.9 -531.1 2039.3 0.7666540146 0.0920440704 -0.6354286075 0.0409583263 0.9806441665 0.1914665848 0.6407527328 -0.1728147119 0.7480447888
169.1 -167.8 2117.2 0.9404976368 0.1315397620 0.3133073449 -0.1209864989 0.9912391901 -0.0529826432 -0.3175318539 0.0119240899 0.9481726289
118.0 -552.6 2112.6 0.9426434040 -0.0246800203 0.3328878284 -0.0237119831 0.9897927046 0.1405279636 -0.3329581916 -0.1403611898 0.9324363470
70.1 331.6 1858.3 0 0 0 0 0 0 0 0 0
251.0 -98.1 2118.9 0 0 0 0 0 0 0 0 0
-47.2 -896.7 2103.8 0 0 0 0 0 0 0 0 0
127.2 -921.7 2164.9 0 0 0 0 0 0 0 0 0
94.7 413.1 1969.7 05 0.7927435040 -0.1848052740 -0.5808655024 0.4479589462 0.8228892088 0.3495512903 0.4133890271 -0.5373083949 0.7351253033
137.0 224.7 2092.7 0.7927435040 -0.1848052740 -0.5808655024 0.4479589462 0.8228892088 0.3495512903 0.4133890271 -0.5373083949 0.7351253033
117.1 32.0 2080.3 0.8185423017 0.1024280563 -0.5652406812 -0.1206387430 0.9926829338 0.0051848278 0.5616358519 0.0639459267 0.8249097466
25.2 241.2 2016.0 0.4971235693 -0.7695851922 -0.4007577598 0.4459950328 0.6228252649 -0.6427885294 0.7442826033 0.1408093721 0.6528522968
-91.6 136.4 1841.2 -0.6343348622 -0.7695851922 -0.0731978714 -0.7709706426 0.6228252649 0.1330148727 -0.0567767881 0.1408093721 -0.9884073734
248.8 208.2 2169.4 0.3042709827 0.9287604690 0.2117147148 -0.7103511095 0.0731417015 0.7000368834 0.6346814036 -0.3633926809 0.6820009351
316.9 49.3 2311.4 -0.2559601367 0.9287604690 0.2681200504 -0.5825538635 0.0731417015 -0.8094944954 -0.7714372277 -0.3633926809 0.5223316550
24.4 -147.7 2016.7 0.7677287459 0.0964299962 -0.6334775686 -0.0370966531 0.9936422110 0.1062969640 0.6397002339 -0.0581073388 0.7664248943
-13.0 -533.4 2039.2 0.7754474282 0.0993975624 -0.6235394478 0.0242679771 0.9821101427 0.1867370158 0.6309456229 -0.1599367708 0.7591626048
169.2 -170.6 2119.7 0.9348681569 0.1374179572 0.3273191750 -0.1231902987 0.9903225303 -0.0639174581 -0.3329349756 0.0194318462 0.9427495599
115.9 -555.0 2112.1 0.9335355759 -0.0756754503 0.3504061997 0.0160960592 0.9853274822 0.1699138284 -0.3581231534 -0.1529804468 0.9210563302
68.3 330.8 1855.5 0 0 0 0 0 0 0 0 0
251.9 -98.6 2115.6 0 0 0 0 0 0 0 0 0
-50.1 -899.8 2098.9 0 0 0 0 0 0 0 0 0
144.1 -922.2 2169.1 0 0 0 0 0 0 0 0 0
99.7 423.7 1967.8 06 0.8110801578 -0.1509027332 -0.5651348233 0.4068512619 0.8396971226 0.3596954048 0.4202630520 -0.5216675997 0.7424566746
135.4 224.9 2091.3 0.8110801578 -0.1509027332 -0.5651348233 0.4068512619 0.8396971226 0.3596954048 0.4202630520 -0.5216675997 0.7424566746
114.1 32.3 2080.4 0.8229970336 0.1096383482 -0.5573646426 -0.1222430244 0.9923911691 0.0147093767 0.5547364354 0.0560281649 0.8301374912
23.0 241.7 2015.5 0.5072597861 -0.7602818608 -0.4057820439 0.4790042043 0.6401602626 -0.6006245017 0.7164094448 0.1103013530 0.6889057159
-97.8 127.6 1845.0 -0.6460267901 -0.7602818608 -0.0679774508 -0.7628966570 0.6401602626 0.0904631093 -0.0252609961 0.1103013530 -0.9935771227
247.8 208.2 2167.1 0.3055394590 0.9257408381 0.2228217125 -0.7079347968 0.0643622726 0.7033390999 0.6367684007 -0.3726410568 0.6750293374
316.2 49.8 2309.6 -0.2671554089 0.9257408381 0.2676413059 -0.5861119628 0.0643622726 -0.8076696396 -0.7649188042 -0.3726410568 0.5253930688
23.9 -149.9 2017.6 0.7731325626 0.0999165773 -0.6263247728 -0.0412485339 0.9933436513 0.1075495034 0.6329017282 -0.0573150441 0.7721077800
-14.9 -535.5 2039.8 0.7825165391 0.0732925013 -0.6183009744 0.0447977707 0.9838463068 0.1733193845 0.6210161448 -0.1633237898 0.7665926218
170.6 -171.5 2118.2 0.9313347936 0.1383760422 0.3368494213 -0.1282837391 0.9903652668 -0.0521530174 -0.3408206999 0.0053596217 0.9401130676
116.8 -555.9 2116.1 0.9325042367 -0.0529699810 0.3572535217 0.0024543772 0.9900925756 0.1403946131 -0.3611507714 -0.1300417334 0.9233955145
65.6 320.5 1851.4 0 0 0 0 0 0 0 0 0
248.4 -98.9 2115.4 0 0 0 0 0 0 0 0 0
-42.2 -902.5 2100.7 0 0 0 0 0 0 0 0 0
136.6 -925.0 2164.6 0 0 0 0 0 0 0 0 0
126.3 421.7 2033.4 07 0.8359564543 -0.0388057865 -0.5474219918 0.1827561110 0.9602467418 0.2110127360 0.5174717307 -0.2764421999 0.8098164797
134.3 225.1 2090.0 0.8359564543 -0.0388057865 -0.5474219918 0.1827561110 0.9602467418 0.2110127360 0.5174717307 -0.2764421999 0.8098164797
113.8 32.4 2079.5 0.8257043958 0.1054361239 -0.5541619658 -0.1177724600 0.9929496646 0.0134392604 0.5516719222 0.0541681573 0.8323003650
21.5 241.2 2014.6 0.5251879096 -0.7342182398 -0.4302340150 0.4967526793 0.6750001907 -0.5455378294 0.6909518242 0.0727899522 0.7192267776
-102.9 123.6 1851.1 -0.6762122512 -0.7342182398 -0.0605028979 -0.7366362810 0.6750001907 0.0417344123 0.0101973005 0.0727899522 -0.9972951412
247.1 209.0 2165.4 0.3111752868 0.9239799976 0.2223306149 -0.7056264877 0.0679225251 0.7053210735 0.6366013288 -0.3763608634 0.6731205583
316.7 51.1 2307.8 -0.2675468326 0.9239799976 0.2732757926 -0.5883957148 0.0679225251 -0.8057152033 -0.7630262971 -0.3763608634 0.5254934430
19.1 -149.4 2019.9 0.7763357759 0.0883204415 -0.6241011620 -0.0309428535 0.9942808151 0.1022162437 0.6295595765 -0.0600426607 0.7746286988
-15.1 -535.3 2043.2 0.7835435271 0.0830362514 -0.6157633662 0.0341983177 0.9837641120 0.1761779785 0.6203950644 -0.1591011882 0.7679822445
166.6 -171.3 2119.2 0.9312189221 0.1290694773 0.3408406377 -0.1196094230 0.9916248918 -0.0487205647 -0.3442743719 0.0046017617 0.9388577938
116.5 -556.2 2117.5 0.9305839539 -0.0640413240 0.3604333103 0.0050827325 0.9867447019 0.1622006744 -0.3660432100 -0.1491093487 0.9185743332
68.2 310.0 1848.5 0 0 0 0 0 0 0 0 0
248.8 -98.2 2114.1 0 0 0 0 0 0 0 0 0
-46.1 -902.4 2102.5 0 0 0 0 0 0 0 0 0
140.4 -924.2 2173.1 0 0 0 0 0 0 0 0 0
138.9 420.5 2066.3 08 0.8359302878 0.0271648057 -0.5481629968 0.0420864783 0.9926607013 0.1133728474 0.5472195745 -0.1178420484 0.8286519051
133.6 224.9 2089.5 0.8359302878 0.0271648057 -0.5481629968 0.0420864783 0.9926607013 0.1133728474 0.5472195745 -0.1178420484 0.8286519051
114.1 32.0 2079.2 0.8259798884 0.1003522724 -0.5546951294 -0.1129005551 0.9935382605 0.0116284415 0.5522777438 0.0530205257 0.8319724202
20.7 240.3 2014.0 0.4960872829 -0.7237706184 -0.4796389639 0.4670415819 0.6881185174 -0.5553063154 0.7319628000 0.0514690317 0.6793978214
-88.5 137.4 1852.8 -0.6870182157 -0.7237706184 -0.0645141304 -0.7255666256 0.6881185174 0.0067825457 0.0394843593 0.0514690317 -0.9978937507
246.4 209.4 2164.9 0.3143902421 0.9238393903 0.2183565348 -0.7032513022 0.0721535012 0.7072703838 0.6376490593 -0.3759184480 0.6723756194
316.8 52.1 2307.6 -0.2641233206 0.9238393903 0.2770553827 -0.5906617045 0.0721535012 -0.8036868572 -0.7624680996 -0.3759184480 0.5266191363
19.4 -149.8 2019.6 0.7756111622 0.0840807781 -0.6255859733 -0.0323491767 0.9950808883 0.0936350822 0.6303815246 -0.0523872264 0.7745157480
-13.3 -536.1 2039.9 0.7836840153 0.1000440568 -0.6130501628 0.0308138523 0.9794681072 0.1992304921 0.6203948855 -0.1750241965 0.7645107508
167.3 -170.9 2118.4 0.9305769801 0.1346336007 0.3404412866 -0.1262783110 0.9908953309 -0.0466926694 -0.3436280787 0.0004607723 0.9391056895
115.1 -555.6 2118.2 0.9302974939 -0.0687777549 0.3603002131 0.0151735535 0.9886387587 0.1495431662 -0.3664920032 -0.1336525977 0.9207717180
87.0 322.8 1842.7 0 0 0 0 0 0 0 0 0
249.7 -97.9 2114.1 0 0 0 0 0 0 0 0 0
-50.6 -901.6 2105.2 0 0 0 0 0 0 0 0 0
140.7 -924.5 2168.1 0 0 0 0 0 0 0 0 0
143.3 420.9 2080.5 09 0.8353915811 0.0612065829 -0.5462368131 -0.0307709705 0.9974299669 0.0647035688 0.5487932563 -0.0372445807 0.8351280093
131.3 225.7 2087.8 0.8353915811 0.0612065829 -0.5462368131 -0.0307709705 0.9974299669 0.0647035688 0.5487932563 -0.0372445807 0.8351280093
112.3 32.7 2078.4 0.8292063475 0.0976866037 -0.5503399968 -0.1082922369 0.9940304160 0.0132769607 0.5483517051 0.0485882089 0.8348350525
18.0 240.5 2012.9 0.4405300021 -0.7342097163 -0.5165939927 0.4293844998 0.6776732206 -0.5969823599 0.7883921862 0.0411712043 0.6137936711
-70.5 154.2 1854.5 -0.6761937141 -0.7342097163 -0.0608119480 -0.7353444695 0.6776732206 -0.0052448367 0.0450614393 0.0411712043 -0.9981354475
244.6 210.9 2162.7 0.3198274672 0.9216294289 0.2197944671 -0.6998064518 0.0733938292 0.7105520964 0.6387341619 -0.3810676634 0.6684355736
316.2 54.3 2305.7 -0.2663781345 0.9216294289 0.2822089791 -0.5944412351 0.0733938292 -0.8007827401 -0.7587373257 -0.3810676634 0.5283040404
20.6 -150.7 2019.4 0.7781040072 0.0904502273 -0.6215890646 -0.0381177589 0.9945535660 0.0970062464 0.6269778609 -0.0517873652 0.7773138881
-14.5 -536.8 2039.5 0.7879263759 0.0960594341 -0.6082307100 0.0378663689 0.9783291817 0.2035636306 0.6146040559 -0.1834246516 0.7672139406
168.6 -171.0 2118.4 0.9290859699 0.1338892728 0.3447794914 -0.1251873225 0.9909958243 -0.0474909954 -0.3480335772 0.0009611964 0.9374815822
116.6 -555.7 2118.0 0.9309001565 -0.0402400196 0.3630504012 -0.0074024238 0.9916310310 0.1288916618 -0.3651986420 -0.1226727292 0.9228116274
106.4 346.6 1842.7 0 0 0 0 0 0 0 0 0
248.5 -96.6 2113.1 0 0 0 0 0 0 0 0 0
-50.3 -902.0 2108.0 0 0 0 0 0 0 0 0 0
131.7 -925.6 2163.8 0 0 0 0 0 0 0 0 0
147.7 418.9 2089.6 10 0.8309497833 0.0779504776 -0.5508595109 -0.0692557544 0.9969272017 0.0366026163 0.5520200133 0.0077352538 0.8337949514
132.5 223.9 2088.1 0.8309497833 0.0779504776 -0.5508595109 -0.0692557544 0.9969272017 0.0366026163 0.5520200133 0.0077352538 0.8337949514
113.9 31.0 2078.3 0.8275576830 0.0960990563 -0.5530942678 -0.1080589294 0.9940832257 0.0110387299 0.5508825183 0.0506315865 0.8330455422
19.4 238.7 2012.8 0.4279164672 -0.7396368980 -0.5194465518 0.4058832228 0.6707719564 -0.6207445264 0.8075557351 0.0547921620 0.5872405767
-62.6 160.9 1858.0 -0.6676166654 -0.7396368980 -0.0850013345 -0.7415608764 0.6707719564 -0.0123446612 0.0661470816 0.0547921620 -0.9963043332
245.6 209.2 2163.4 0.3187329471 0.9227674603 0.2165861130 -0.7004551291 0.0753664300 0.7097059488 0.6385701895 -0.3779155314 0.6703789234
316.9 52.4 2306.3 -0.2630420327 0.9227674603 0.2816187739 -0.5934985280 0.0753664300 -0.8012986183 -0.7606368661 -0.3779155314 0.5278365612
19.1 -150.5 2019.8 0.7764878869 0.0926643759 -0.6232815385 -0.0338192619 0.9938310385 0.1056223959 0.6292240024 -0.0609355867 0.7748315930
-16.9 -536.4 2043.5 0.7824782729 0.0659375936 -0.6191768646 0.0309538618 0.9890290499 0.1444416344 0.6219080687 -0.1321883500 0.7718527317
167.7 -169.9 2118.1 0.9314490557 0.1232025549 0.3423796594 -0.1151263043 0.9923804402 -0.0438972414 -0.3451791406 0.0014711365 0.9385356903
119.8 -555.2 2117.5 0.9337788820 -0.0142436652 0.3575669825 -0.0284169056 0.9931005836 0.1137702912 -0.3567204773 -0.1163972393 0.9269316196
117.7 361.2 1840.2 0 0 0 0 0 0 0 0 0
250.1 -98.2 2113.2 0 0 0 0 0 0 0 0 0
-41.4 -904.8 2092.7 0 0 0 0 0 0 0 0 0
125.2 -925.7 2160.9 0 0 0 0 0 0 0 0 0
149.4 417.9 2092.9 11 0.8283939362 0.0869169608 -0.5533614755 -0.0872001201 0.9958546162 0.0258792918 0.5533168912 0.0268149376 0.8325390816
132.4 223.0 2087.6 0.8283939362 0.0869169608 -0.5533614755 -0.0872001201 0.9958546162 0.0258792918 0.5533168912 0.0268149376 0.8325390816
113.7 30.0 2078.3 0.8266112208 0.0959633440 -0.5545312762 -0.1065997109 0.9942150712 0.0131492801 0.5525852442 0.0482435338 0.8320589662
19.4 237.6 2012.1 0.4502324164 -0.7321957350 -0.5110579133 0.4356660247 0.6797350645 -0.5900468826 0.7794138193 0.0430076718 0.6250315905
-65.9 155.0 1864.4 -0.6739851236 -0.7321957350 -0.0981504545 -0.7322068214 0.6797350645 -0.0428180955 0.0980675295 0.0430076718 -0.9942499995
245.3 208.5 2163.1 0.3176620603 0.9234141707 0.2153998166 -0.6987935305 0.0744370148 0.7114398479 0.6409199238 -0.3765174747 0.6689217091
316.4 52.1 2306.6 -0.2617067993 0.9234141707 0.2807415724 -0.5954626203 0.0744370148 -0.7999271154 -0.7595615983 -0.3765174747 0.5303779244
21.1 -152.3 2019.1 0.7751580477 0.0916233435 -0.6250880957 -0.0347994119 0.9941178560 0.1025605202 0.6308081746 -0.0577479191 0.7737869024
-14.5 -538.3 2041.5 0.7829263210 0.0947267637 -0.6148603559 0.0287744999 0.9817678928 0.1878930926 0.6214486361 -0.1647987366 0.7659261823
169.3 -171.7 2117.8 0.9312075377 0.1323730350 0.3396025598 -0.1224938333 0.9911852479 -0.0504678860 -0.3432896435 0.0053968541 0.9392140508
118.0 -556.5 2115.7 0.9332780242 -0.0328787044 0.3576467037 -0.0131204436 0.9920151830 0.1254343837 -0.3589150906 -0.1217576340 0.9253945351
122.8 360.1 1836.9 0 0 0 0 0 0 0 0 0
249.9 -99.1 2113.7 0 0 0 0 0 0 0 0 0
-49.8 -904.0 2102.9 0 0 0 0 0 0 0 0 0
130.2 -926.6 2161.1 0 0 0 0 0 0 0 0 0
150.7 417.1 2093.2 12 0.8242204189 0.0944271758 -0.5583406091 -0.0966375247 0.9949899316 0.0256178211 0.5579622984 0.0328419246 0.8292161822
132.2 222.4 2086.8 0.8242204189 0.0944271758 -0.5583406091 -0.0966375247 0.9949899316 0.0256178211 0.5579622984 0.0328419246 0.8292161822
113.0 29.4 2078.3 0.8232763410 0.0989298970 -0.5589534044 -0.1063491479 0.9941412807 0.0193138756 0.5575893521 0.0435435623 0.8289741278
19.7 236.9 2010.6 0.4584533870 -0.7343837023 -0.5005007982 0.4692789018 0.6782979965 -0.5654106140 0.7547170520 0.0243399534 0.6555987597
-65.8 149.4 1869.8 -0.6701076031 -0.7343837023 -0.1078720167 -0.7302824855 0.6782979965 -0.0812363401 0.1328280121 0.0243399534 -0.9908401966
244.7 207.9 2162.9 0.3119386137 0.9256600142 0.2141209841 -0.6964274049 0.0694695786 0.7142568827 0.6462841630 -0.3719240129 0.6663252711
314.5 52.0 2307.6 -0.2595626116 0.9256600142 0.2752830088 -0.5986101031 0.0694695786 -0.7980225086 -0.7578213215 -0.3719240129 0.5360777974
21.0 -153.4 2019.4 0.7717874646 0.0857150555 -0.6300770044 -0.0323140360 0.9948797226 0.0957606807 0.6350589395 -0.0535465665 0.7706055641
-12.2 -539.6 2040.2 0.7790575624 0.1067411080 -0.6177990437 0.0230504517 0.9798574448 0.1983633637 0.6265285015 -0.1687770337 0.7609049082
169.2 -172.5 2118.4 0.9332564473 0.1353481114 0.3327360153 -0.1227724031 0.9907009602 -0.0586391613 -0.3375785947 0.0138745746 0.9411950707
116.6 -557.1 2113.0 0.9318742752 -0.0734138563 0.3552755713 0.0101498235 0.9842030406 0.1767523140 -0.3626393676 -0.1611049473 0.9178985953
125.4 357.7 1831.9 0 0 0 0 0 0 0 0 0
248.6 -99.9 2115.2 0 0 0 0 0 0 0 0 0
-52.0 -905.1 2103.1 0 0 0 0 0 0 0 0 0
144.0 -923.8 2173.1 0 0 0 0 0 0 0 0 0
146.6 416.1 2094.0 13 0.8252540827 0.0873316452 -0.5579684973 -0.0944974571 0.9953960180 0.0160316601 0.5567997098 0.0394964106 0.8297072649
129.5 221.3 2086.3 0.8252540827 0.0873316452 -0.5579684973 -0.0944974571 0.9953960180 0.0160316601 0.5567997098 0.0394964106 0.8297072649
112.1 28.1 2077.6 0.8248230219 0.0895837545 -0.5582488179 -0.0993472189 0.9949694872 0.0128781786 0.5565941930 0.0448382460 0.8295736313
16.8 234.8 2010.2 0.4586871862 -0.7337690592 -0.5011876225 0.4982034266 0.6793940663 -0.5387179852 0.7357984781 -0.0025903571 0.6771956086
-67.8 142.9 1874.5 -0.6708289981 -0.7337690592 -0.1075705811 -0.7239043117 0.6793940663 -0.1199428812 0.1610931903 -0.0025903571 -0.9869357944
242.2 207.7 2162.3 0.3191707432 0.9245808125 0.2080392241 -0.6943356991 0.0787325799 0.7153314352 0.6450023055 -0.3727619350 0.6670986414
313.6 52.3 2306.7 -0.2546784580 0.9245808125 0.2833534181 -0.5999585390 0.0787325799 -0.7961475849 -0.7584119439 -0.3727619350 0.5346586704
20.0 -154.0 2019.9 0.7718734145 0.0871110111 -0.6297802329 -0.0362009145 0.9949837327 0.0932571664 0.6347448230 -0.0491841063 0.7711549401
-13.8 -540.3 2039.0 0.7834609747 0.1045633480 -0.6125808954 0.0459214374 0.9733065367 0.2248679996 0.6197419763 -0.2043059021 0.7577459812
167.6 -173.1 2119.8 0.9343085885 0.1230663955 0.3345475793 -0.1112046912 0.9923041463 -0.0544609874 -0.3386752903 0.0136801051 0.9408038855
119.8 -558.3 2114.5 0.9352309704 -0.0314095542 0.3526420593 -0.0231994670 0.9884789586 0.1495696306 -0.3532771766 -0.1480632722 0.9237275124
125.2 351.2 1828.1 0 0 0 0 0 0 0 0 0
249.0 -100.0 2114.1 0 0 0 0 0 0 0 0 0
-52.8 -903.2 2115.2 0 0 0 0 0 0 0 0 0
131.5 -926.6 2169.7 0 0 0 0 0 0 0 0 0
134.9 430.3 2074.0 14 0.8299985528 0.0322742276 -0.5568310022 0.0067897160 0.9976658821 0.0679458380 0.5577242374 -0.0601756722 0.8278421164
128.0 219.7 2086.7 0.8299985528 0.0322742276 -0.5568310022 0.0067897160 0.9976658821 0.0679458380 0.5577242374 -0.0601756722 0.8278421164
112.8 26.3 2078.8 0.8247612715 0.0783022717 -0.5600335598 -0.0876413360 0.9960998297 0.0102024265 0.5586482286 0.0406675227 0.8284071088
15.4 231.7 2010.4 0.4677201509 -0.7252262831 -0.5052571297 0.5169926882 0.6881234050 -0.5091215372 0.7169075608 -0.0230878219 0.6967858672
-70.0 137.4 1879.6 -0.6776337028 -0.7252262831 -0.1218994185 -0.7074308991 0.6881234050 -0.1613308787 0.2008832395 -0.0230878219 -0.9793430567
240.7 207.7 2163.0 0.3256283402 0.9244018197 0.1986137182 -0.6878871322 0.0875048712 0.7205235958 0.6486736536 -0.3712467253 0.6643781662
313.6 53.8 2308.2 -0.2463649660 0.9244018197 0.2911795378 -0.6060649157 0.0875048712 -0.7905872464 -0.7562999129 -0.3712467253 0.5386894345
23.4 -158.1 2021.3 0.7704498172 0.0852655321 -0.6317728162 -0.0308955237 0.9948446751 0.0965893343 0.6367515326 -0.0548982807 0.7691122293
-9.6 -542.8 2042.5 0.7839651108 0.0977545083 -0.6130601764 0.0652867034 0.9690665007 0.2380078286 0.6173624396 -0.2266145051 0.7533322573
168.6 -173.9 2118.7 0.9345517755 0.1253664941 0.3330107629 -0.1158038601 0.9920874834 -0.0484963879 -0.3364556432 0.0067584570 0.9416750669
120.0 -559.0 2116.1 0.9357540607 -0.0343037359 0.3509808779 -0.0179236233 0.9893451333 0.1444817632 -0.3521974981 -0.1414902508 0.9251688719
125.4 341.3 1821.7 0 0 0 0 0 0 0 0 0
251.1 -100.0 2116.2 0 0 0 0 0 0 0 0 0
-46.1 -904.3 2127.1 0 0 0 0 0 0 0 0 0
132.8 -928.0 2168.9 0 0 0 0 0 0 0 0 0
136.6 430.7 2058.5 15 0.8665951490 0.0570801273 -0.4957365096 -0.0166202392 0.9961867332 0.0856492221 0.4987350106 -0.0659839436 0.8642392755
125.0 227.8 2071.9 0.8665951490 0.0570801273 -0.4957365096 -0.0166202392 0.9961867332 0.0856492221 0.4987350106 -0.0659839436 0.8642392755
110.1 34.5 2073.0 0.8632837534 0.0785459206 -0.4985696375 -0.0652825311 0.9968956113 0.0440153740 0.5004791021 -0.0054498678 0.8657314777
7.3 236.9 2003.8 0.4659502804 -0.7083838582 -0.5301722884 0.5967646837 0.6939937472 -0.4027960002 0.6532704234 -0.1287051886 0.7461050749
-76.6 129.3 1886.0 -0.7012004852 -0.7083838582 -0.0806855857 -0.6710968614 0.6939937472 -0.2607713938 0.2407215387 -0.1287051886 -0.9620229006
242.6 218.7 2140.1 0.3740400672 0.8946498632 0.2443269789 -0.6621552110 0.0731647462 0.7457864285 0.6493415833 -0.4407363832 0.6197636127
326.2 70.8 2285.1 -0.2981107533 0.8946498632 0.3327635825 -0.6370069385 0.0731647462 -0.7673780322 -0.7108812332 -0.4407363832 0.5480870008
25.0 -160.2 2022.0 0.8107960820 0.0953393579 -0.5775120258 -0.0491921864 0.9942539930 0.0950745568 0.5832579732 -0.0486770011 0.8108271956
-11.9 -545.4 2040.9 0.8233183026 0.1019098833 -0.5583559871 0.0384469368 0.9714753628 0.2340030670 0.5662763119 -0.2141260803 0.7959153056
171.5 -174.9 2121.0 0.9099399447 0.1308486313 0.3935579956 -0.1146629006 0.9913098216 -0.0644763634 -0.3985745609 0.0135431197 0.9170359373
120.7 -559.7 2115.7 0.9106037021 -0.0294439700 0.4122304022 -0.0334323645 0.9889417291 0.1444871724 -0.4119261205 -0.1453523934 0.8995496035
124.9 322.2 1816.8 0 0 0 0 0 0 0 0 0
250.7 -90.5 2105.2 0 0 0 0 0 0 0 0 0
-50.0 -907.8 2120.8 0 0 0 0 0 0 0 0 0
131.7 -928.7 2169.9 0 0 0 0 0 0 0 0 0
136.5 427.2 2050.7 16 0.8700827360 0.0797085539 -0.4864180982 -0.0396025926 0.9949524999 0.0922019407 0.4913121760 -0.0609599054 0.8688476682
120.5 227.5 2063.0 0.8700827360 0.0797085539 -0.4864180982 -0.0396025926 0.9949524999 0.0922019407 0.4913121760 -0.0609599054 0.8688476682
104.1 34.3 2068.1 0.8682616949 0.0855432153 -0.4886757135 -0.0615422986 0.9959855676 0.0650021732 0.4922744632 -0.0263646729 0.8700406551
2.0 236.0 1995.8 0.4678528309 -0.6956185102 -0.5451867580 0.6513147354 0.6883381605 -0.3193425536 0.5974134803 -0.2056828588 0.7751075625
-79.7 122.2 1891.4 -0.7163770795 -0.6956185102 -0.0540258661 -0.6430816650 0.6883381605 -0.3356136382 0.2706471086 -0.2056828588 -0.9404491782
239.0 219.0 2130.1 0.3763581812 0.8902615905 0.2564932108 -0.6511900425 0.0572630912 0.7567512393 0.6590189934 -0.4518353641 0.6012809277
323.1 73.4 2277.4 -0.3109338880 0.8902615905 0.3327977657 -0.6484881639 0.0572630912 -0.7590678334 -0.6948260069 -0.4518353641 0.5595191121
13.5 -157.0 2025.5 0.8154142499 0.0876789615 -0.5721992850 -0.0579993315 0.9958633184 0.0699455291 0.5759649873 -0.0238474067 0.8171264529
-21.1 -550.0 2034.9 0.8273097873 0.1160684079 -0.5496240854 0.0195907280 0.9718644619 0.2347247303 0.5614042282 -0.2049575895 0.8017591238
172.3 -164.8 2118.7 0.9064185023 0.1337882429 0.4006322324 -0.1164381802 0.9909037948 -0.0674672574 -0.4060143232 0.0145046785 0.9137516022
120.3 -549.5 2113.1 0.9066292048 -0.0315939933 0.4207437932 -0.0419318937 0.9855089784 0.1643585563 -0.4198395312 -0.1666548550 0.8921664357
126.8 307.5 1813.4 0 0 0 0 0 0 0 0 0
244.3 -90.9 2101.4 0 0 0 0 0 0 0 0 0
-64.4 -912.7 2111.4 0 0 0 0 0 0 0 0 0
132.1 -917.2 2175.3 0 0 0 0 0 0 0 0 0
139.9 427.5 2046.8 17 0.8536701202 0.1037986651 -0.5103657842 -0.0537895299 0.9922696948 0.1118369624 0.5180290341 -0.0680195391 0.8526542783
119.2 229.2 2060.4 0.8536701202 0.1037986651 -0.5103657842 -0.0537895299 0.9922696948 0.1118369624 0.5180290341 -0.0680195391 0.8526542783
101.0 36.3 2068.9 0.8532982469 0.0937394574 -0.5129278898 -0.0575297587 0.9946270585 0.0860662013 0.5182397366 -0.0439315215 0.8541063070
2.7 237.1 1989.7 0.4893763065 -0.6847711802 -0.5399993062 0.7035350800 0.6759033203 -0.2195293754 0.5153146982 -0.2724759579 0.8125315905
-83.4 113.3 1899.0 -0.7276073098 -0.6847711802 -0.0409389921 -0.6130998731 0.6759033203 -0.4089783430 0.3077273965 -0.2724759579 -0.9116253257
235.6 221.4 2131.1 0.3521121144 0.9032964110 0.2450971901 -0.6400776505 0.0413388126 0.7671973109 0.6828745604 -0.4270206988 0.5927357674
314.3 78.3 2283.8 -0.2960779369 0.9032964110 0.3104729056 -0.6602486968 0.0413388126 -0.7499085069 -0.6902242899 -0.4270206988 0.5841607451
7.7 -155.4 2027.3 0.7987522483 0.0720407143 -0.5973315835 -0.0441817082 0.9971483946 0.0611804947 0.6000357270 -0.0224769246 0.7996574044
-20.5 -545.7 2036.1 0.8113526702 0.0627759099 -0.5811764002 0.0686307922 0.9771110415 0.2013550699 0.5805140734 -0.2032565624 0.7884733081
165.3 -164.5 2117.2 0.9206178188 0.1133291051 0.3736567199 -0.1010743529 0.9935032725 -0.0522993058 -0.3771561980 0.0103805624 0.9260914922
121.4 -550.1 2113.2 0.9207487702 -0.0309317969 0.3889279664 -0.0309123192 0.9879348874 0.1517532468 -0.3889295161 -0.1517492682 0.9086836576
126.9 290.5 1810.1 0 0 0 0 0 0 0 0 0
239.3 -89.1 2108.8 0 0 0 0 0 0 0 0 0
-43.9 -909.8 2111.8 0 0 0 0 0 0 0 0 0
132.9 -918.8 2169.8 0 0 0 0 0 0 0 0 0
142.6 426.9 2045.4 18 0.8092491031 0.1129681468 -0.5765015483 -0.0515482686 0.9912063479 0.1218719110 0.5851996541 -0.0689070821 0.8079561591
120.1 229.6 2059.1 0.8092491031 0.1129681468 -0.5765015483 -0.0515482686 0.9912063479 0.1218719110 0.5851996541 -0.0689070821 0.8079561591
101.0 36.8 2069.5 0.8096053004 0.0980696231 -0.5787241459 -0.0481982343 0.9937215447 0.1009675339 0.5849924684 -0.0538503714 0.8092489839
9.9 236.1 1979.5 0.5422279239 -0.6773036718 -0.4972410202 0.7247710824 0.6764174104 -0.1310206950 0.4250832796 -0.2893428206 0.8576624990
-85.6 108.6 1904.7 -0.7334822416 -0.6773036718 -0.0571279116 -0.5903043151 0.6764174104 -0.4404546916 0.3369638920 -0.2893428206 -0.8959553838
230.3 223.1 2138.7 0.2955086529 0.9343316555 0.1992460787 -0.6288476586 0.0332344547 0.7768179178 0.7191837430 -0.3548518419 0.5973733664
296.2 82.8 2299.2 -0.2414375246 0.9343316555 0.2621684372 -0.6733655930 0.0332344547 -0.7385622859 -0.6987751722 -0.3548518419 0.6211227179
5.4 -152.6 2030.1 0.7499845624 0.0451199040 -0.6599146724 -0.0133924009 0.9985020757 0.0530496202 0.6613197327 -0.0309485551 0.7494654059
-12.2 -541.6 2042.2 0.7545255423 0.1123077199 -0.6465896964 0.0219771694 0.9803717732 0.1959289759 0.6559026241 -0.1620436311 0.7372473478
