-9.2 462.9 1966.9 26 -0.4249542654 0.2659001350 -0.8652808666 -0.2203810960 0.8967334628 0.3837984204 0.8779783845 0.3537883162 -0.3224713504
-71.5 252.8 1884.0 -0.4249542654 0.2659001350 -0.8652808666 -0.2203810960 0.8967334628 0.3837984204 0.8779783845 0.3537883162 -0.3224713504
-63.6 73.3 1968.7 -0.3485120237 -0.0398901068 -0.9364550710 0.3883818388 0.9031424522 -0.1830116510 0.8530526757 -0.4274839163 -0.2992634177
-22.4 198.4 1764.3 -0.4938349426 -0.8533118367 -0.1672900468 -0.3305997550 0.3621844947 -0.8715080023 0.8042579293 -0.3750750422 -0.4609640539
19.5 226.5 1696.0 -0.2011642605 -0.8533118367 0.4810320735 -0.8923533559 0.3621844947 0.2693099678 -0.4040277302 -0.3750750422 -0.8343142867
-120.6 307.3 2003.7 0.1143546999 -0.9378606677 -0.3276284337 -0.8949116468 0.0459425896 -0.4438720345 0.4313422143 0.3439573646 -0.8340486884
-90.8 74.2 2116.1 0.3262518644 -0.9378606677 -0.1182248965 -0.2209553421 0.0459425896 -0.9742012024 0.9190965295 0.3439573646 -0.1922364682
-23.9 -140.5 1982.5 -0.2133222967 0.3664808273 -0.9056409001 -0.2446863055 0.8773934245 0.4126855731 0.9458447099 0.3096329570 -0.0974947363
-169.0 -487.8 1859.9 -0.2200101018 0.0000000013 -0.9754976034 0.0000000011 1.0000000000 0.0000000011 0.9754976034 -0.0000000008 -0.2200101018
-85.8 -70.5 2138.1 0.7749468088 -0.2513512671 -0.5798965096 -0.0054115443 0.9148469567 -0.4037644863 0.6320032477 0.3160341382 0.7075975537
14.0 -433.6 2012.7 0.7749468088 0.2618033886 -0.5752533078 -0.0054115443 0.9128880501 0.4081741273 0.6320032477 -0.3132002354 0.7088564634
71.0 454.7 1799.3 0 0 0 0 0 0 0 0 0
-6.6 17.2 2353.2 0 0 0 0 0 0 0 0 0
-169.0 -870.1 1859.9 0 0 0 0 0 0 0 0 0
-86.1 -782.5 2132.4 0 0 0 0 0 0 0 0 0
-11.4 462.6 1964.8 27 -0.3644948006 0.2697001696 -0.8912941813 -0.2349012792 0.8995573521 0.3682634234 0.9010909796 0.3435962498 -0.2645310760
-71.6 261.7 1888.1 -0.3644948006 0.2697001696 -0.8912941813 -0.2349012792 0.8995573521 0.3682634234 0.9010909796 0.3435962498 -0.2645310760
-67.6 80.9 1970.6 -0.2777410448 -0.0205295961 -0.9604365826 0.3947871625 0.9090078473 -0.1335956752 0.8757870793 -0.4162730575 -0.2443639785
-32.6 206.3 1765.1 -0.5711814165 -0.7822678685 -0.2486136556 -0.1667920947 0.4071767926 -0.8979908228 0.8036990762 -0.4714488685 -0.3630478978
18.4 221.2 1693.5 -0.2202392220 -0.7822678685 0.5827106237 -0.8887075186 0.4071767926 0.2107273489 -0.4021114707 -0.4714488685 -0.7848836184
-110.7 317.0 2011.1 0.0954073071 -0.9124118090 -0.3979976475 -0.9044626355 0.0875285193 -0.4174758196 0.4157460332 0.3998042643 -0.8168915510
-85.9 81.5 2119.3 0.3688499928 -0.9124118090 -0.1773537993 -0.2474538833 0.0875285193 -0.9649379849 0.8959443569 0.3998042643 -0.1934949607
-24.1 -141.5 1975.9 -0.1700242162 0.3628003299 -0.9162247181 -0.2480809242 0.8840591311 0.3961001039 0.9537020326 0.2946444750 -0.0603076145
-168.0 -492.2 1859.0 -0.1755107939 0.0000000007 -0.9844775200 0.0000000005 1.0000000000 0.0000000006 0.9844775200 -0.0000000004 -0.1755107939
-87.8 -70.7 2131.6 0.7672243118 -0.2595440149 -0.5865183473 0.0003862614 0.9146515131 -0.4042430818 0.6413787603 0.3099185526 0.7018431425
15.3 -434.0 2008.5 0.7672243118 0.2675768435 -0.5828974843 0.0003862614 0.9086263776 0.4176098108 0.6413787603 -0.3206255734 0.6970168948
74.6 447.9 1796.0 0 0 0 0 0 0 0 0 0
9.3 17.6 2350.5 0 0 0 0 0 0 0 0 0
-168.0 -874.5 1859.0 0 0 0 0 0 0 0 0 0
-87.0 -781.4 2131.0 0 0 0 0 0 0 0 0 0
-9.8 463.3 1965.3 28 -0.2004428506 0.2637664378 -0.9435305595 -0.2136022300 0.9281409383 0.3048416972 0.9561363459 0.2626435757 -0.1296981126
-65.8 266.4 1909.6 -0.2004428506 0.2637664378 -0.9435305595 -0.2136022300 0.9281409383 0.3048416972 0.9561363459 0.2626435757 -0.1296981126
-63.4 79.3 1975.9 -0.1274405718 -0.0147559121 -0.9917364120 0.3342979550 0.9407448769 -0.0569553263 0.9338114262 -0.3387939036 -0.1149562001
-47.3 219.6 1779.3 -0.5912998915 -0.7167389393 -0.3696616292 0.0470867418 0.4269144535 -0.9030652642 0.8050759435 -0.5513885617 -0.2186855674
18.1 214.4 1690.3 -0.2273792922 -0.7167389393 0.6592298150 -0.8905609846 0.4269144535 0.1569878757 -0.3939540386 -0.5513885617 -0.7353712320
-84.3 313.2 2039.9 0.0889903605 -0.8409010768 -0.5338221192 -0.9404813051 0.1055444703 -0.3230406344 0.3279871941 0.5307972431 -0.7814593315
-61.1 68.2 2125.3 0.4701139927 -0.8409010768 -0.2681010664 -0.3434228897 0.1055444703 -0.9332315326 0.8130519986 0.5307972431 -0.2391667664
-38.3 -135.5 1973.6 -0.0439200886 0.3012059331 -0.9525471330 -0.2936916053 0.9074435830 0.3004852533 0.9548907280 0.2929524481 0.0486066565
-157.7 -495.2 1857.5 -0.0459463075 0.0000000003 -0.9989439249 0.0000000002 1.0000000000 0.0000000003 0.9989439249 -0.0000000002 -0.0459463075
-89.1 -63.7 2133.5 0.7725223303 -0.2714756727 -0.5740298033 0.0022693125 0.9051761627 -0.4250305891 0.6349835396 0.3270429671 0.6998848319
18.8 -423.3 2003.5 0.7725223303 0.2670910656 -0.5760830045 0.0022693125 0.9060679674 0.4231261015 0.6349835396 -0.3281816840 0.6993516088
76.9 444.7 1792.2 0 0 0 0 0 0 0 0 0
60.2 -20.4 2335.1 0 0 0 0 0 0 0 0 0
-157.7 -877.5 1857.5 0 0 0 0 0 0 0 0 0
-83.3 -769.7 2129.0 0 0 0 0 0 0 0 0 0
-9.4 462.9 1962.5 29 -0.1461630911 0.2871046364 -0.9466822743 -0.2055685073 0.9272555113 0.3129517734 0.9676662087 0.2403500527 -0.0765108541
-68.1 273.4 1913.4 -0.1461630911 0.2871046364 -0.9466822743 -0.2055685073 0.9272555113 0.3129517734 0.9676662087 0.2403500527 -0.0765108541
-65.1 87.2 1982.3 -0.0656847730 -0.0162393246 -0.9977082610 0.3482223153 0.9366345406 -0.0381706916 0.9351078868 -0.3499315083 -0.0558677316
-58.6 224.6 1782.5 -0.6128225923 -0.6691046357 -0.4204134643 0.1208458394 0.4464094639 -0.8866311908 0.7809255719 -0.5941528678 -0.1927112937
16.8 209.7 1686.4 -0.2427514493 -0.6691046357 0.7024035454 -0.8869174123 0.4464094639 0.1187268049 -0.3930002451 -0.5941528678 -0.7018070817
-77.6 322.2 2044.3 0.0896999240 -0.8059728146 -0.5851169229 -0.9380134344 0.1291161925 -0.3216517270 0.3347906172 0.5776996613 -0.7444315553
-54.3 77.9 2131.5 0.5103352666 -0.8059728146 -0.2999429703 -0.3429413736 0.1291161925 -0.9304409027 0.7886375189 0.5776996613 -0.2105088681
-50.3 -136.9 1959.0 0.0126419617 0.2606252730 -0.9653572440 -0.2624580860 0.9324489236 0.2483036965 0.9648605585 0.2502267659 0.0801911950
-153.6 -506.3 1859.9 0.0131012471 0.0000000002 -0.9999141693 0.0000000001 1.0000000000 0.0000000002 0.9999141693 -0.0000000001 0.0131012471
-73.4 -77.0 2127.5 0.7870601416 -0.2111283988 -0.5796215534 -0.0110419448 0.9346351624 -0.3554365635 0.6167774796 0.2861500978 0.7332828045
10.3 -447.4 2014.1 0.7870601416 0.2648674846 -0.5571190119 -0.0110419448 0.9090335369 0.4165765941 0.6167774796 -0.3217191398 0.7183887362
80.6 443.0 1789.7 0 0 0 0 0 0 0 0 0
77.4 -10.6 2335.0 0 0 0 0 0 0 0 0 0
-153.6 -888.6 1859.9 0 0 0 0 0 0 0 0 0
-91.0 -794.9 2137.1 0 0 0 0 0 0 0 0 0
-11.3 465.9 1966.2 30 -0.1162594184 0.2811387479 -0.9525989294 -0.2374613583 0.9234202504 0.3015081286 0.9644147754 0.2612586021 -0.0405967161
-69.2 275.5 1912.3 -0.1162594184 0.2811387479 -0.9525989294 -0.2374613583 0.9234202504 0.3015081286 0.9644147754 0.2612586021 -0.0405967161
-66.3 89.4 1981.9 -0.0321093835 -0.0153197562 -0.9993669391 0.3511619270 0.9359638691 -0.0256305560 0.9357640147 -0.3517625928 -0.0246735085
-64.6 226.2 1781.0 -0.6282760501 -0.6349229813 -0.4496020675 0.1666876227 0.4546250701 -0.8749464750 0.7599239945 -0.6246510148 -0.1797962189
15.1 205.1 1684.7 -0.2545124292 -0.6349229813 0.7294492722 -0.8864815235 0.4546250701 0.0864094719 -0.3864892721 -0.6246510148 -0.6785551906
-73.9 324.8 2043.6 0.0882495195 -0.7858826518 -0.6120461822 -0.9383097291 0.1406549811 -0.3158972263 0.3343454897 0.6021666527 -0.7249885798
-50.9 80.4 2130.7 0.5302999020 -0.7858826518 -0.3180731535 -0.3475904465 0.1406549811 -0.9270367026 0.7732806206 0.6021666527 -0.1985759735
-56.6 -130.1 1967.0 0.0337898247 0.2330019325 -0.9718890786 -0.2807742953 0.9354940653 0.2145148367 0.9591788650 0.2656330466 0.0970311314
-149.0 -501.2 1861.6 0.0352060273 0.0000000001 -0.9993800521 0.0000000000 1.0000000000 0.0000000001 0.9993800521 -0.0000000001 0.0352060273
-68.5 -67.1 2136.8 0.8057225943 -0.2211477011 -0.5494586229 -0.0246539563 0.9143540859 -0.4041642845 0.5917797685 0.3391906321 0.7312635779
19.2 -429.4 2002.4 0.8057225943 0.2727867365 -0.5257361531 -0.0246539563 0.9023053050 0.4303920865 0.5917797685 -0.3338151574 0.7337330580
83.1 441.9 1787.9 0 0 0 0 0 0 0 0 0
85.9 -9.3 2330.2 0 0 0 0 0 0 0 0 0
-149.0 -883.6 1861.6 0 0 0 0 0 0 0 0 0
-85.1 -774.4 2130.0 0 0 0 0 0 0 0 0 0
-9.8 467.8 1967.5 31 -0.0630862862 0.2989381850 -0.9521849155 -0.1926290244 0.9324975610 0.3055198491 0.9792416096 0.2026925534 -0.0012436387
-70.9 277.1 1926.0 -0.0630862862 0.2989381850 -0.9521849155 -0.1926290244 0.9324975610 0.3055198491 0.9792416096 0.2026925534 -0.0012436387
-65.8 86.8 1981.9 0.0055523771 -0.0263412837 -0.9996376038 0.2835566103 0.9586629272 -0.0236865822 0.9589394331 -0.2833223343 0.0127921039
-71.5 237.2 1791.6 -0.5989902020 -0.6182726026 -0.5088710785 0.2501571476 0.4592006505 -0.8523826599 0.7606787682 -0.6378665566 -0.1203913465
14.0 201.5 1683.0 -0.2601384819 -0.6182726026 0.7416650057 -0.8853893280 0.4592006505 0.0722527653 -0.3852449358 -0.6378665566 -0.6668677330
-70.3 317.1 2060.4 0.0985265821 -0.7613068223 -0.6408622265 -0.9597697258 0.0974595249 -0.2633318603 0.2629344761 0.6410253644 -0.7210769057
-44.6 67.2 2128.9 0.5591332912 -0.7613068223 -0.3283014894 -0.4019006193 0.0974595249 -0.9104820490 0.7251523137 0.6410253644 -0.2514768243
-60.6 -128.4 1966.5 0.0869163722 0.2230625004 -0.9709215760 -0.2834506035 0.9398645163 0.1905530095 0.9550399184 0.2586461306 0.1449168175
-149.2 -501.7 1863.7 0.0906335413 0.0000000000 -0.9958842993 0.0000000000 1.0000000000 0.0000000000 0.9958842993 -0.0000000000 0.0906335413
-66.4 -64.4 2137.2 0.7963392735 -0.2131707370 -0.5660406351 -0.0340577066 0.9185481071 -0.3938393295 0.6038905978 0.3329077661 0.7242158055
18.2 -429.0 2005.1 0.7963392735 0.2820325196 -0.5350714326 -0.0340577066 0.9041393399 0.4258781075 0.6038905978 -0.3209201694 0.7296069860
84.5 441.5 1787.5 0 0 0 0 0 0 0 0 0
99.6 -36.5 2316.0 0 0 0 0 0 0 0 0 0
-149.2 -884.0 1863.7 0 0 0 0 0 0 0 0 0
-89.6 -774.6 2127.7 0 0 0 0 0 0 0 0 0
-7.3 466.3 1965.1 32 0.0052822432 0.2917561233 -0.9564781785 -0.2013827860 0.9372053146 0.2847651541 0.9794983864 0.1911140382 0.0637052059
-65.1 280.6 1927.3 0.0052822432 0.2917561233 -0.9564781785 -0.2013827860 0.9372053146 0.2847651541 0.9794983864 0.1911140382 0.0637052059
-61.9 90.0 1982.9 0.0753213465 -0.0168968998 -0.9970161319 0.2819133401 0.9594266415 0.0050377864 0.9564787149 -0.2814515829 0.0770287663
-75.6 241.0 1793.1 -0.5859444141 -0.6035768986 -0.5407069921 0.2909854650 0.4660315216 -0.8355489969 0.7563045621 -0.6469231248 -0.0974364653
10.9 198.0 1681.4 -0.2681484520 -0.6035768986 0.7508603930 -0.8827745914 0.4660315216 0.0593602024 -0.3857530355 -0.6469231248 -0.6577879786
-54.7 320.2 2061.4 0.0875610337 -0.7154193521 -0.6931869984 -0.9625788331 0.1183882579 -0.2437749952 0.2564665377 0.6885922551 -0.6782813668
-31.9 69.5 2128.2 0.5927804708 -0.7154193521 -0.3698465228 -0.4188385904 0.1183882579 -0.9003102183 0.6878848672 0.6885922551 -0.2294670045
-61.6 -129.0 1950.6 0.1510753036 0.2208437324 -0.9635373950 -0.2439904362 0.9528981447 0.1801493764 0.9579378366 0.2078777850 0.1978431344
-149.2 -507.2 1868.1 0.1557834446 0.0000000000 -0.9877912402 0.0000000000 1.0000000000 0.0000000000 0.9877912402 -0.0000000000 0.1557834446
-60.5 -77.4 2125.5 0.7932757735 -0.1822294146 -0.5809526443 -0.0285678636 0.9419698715 -0.3344796300 0.6081919074 0.2819311619 0.7420359850
11.8 -450.8 2013.7 0.7932757735 0.2775362134 -0.5419291258 -0.0285678636 0.9060540795 0.4221965373 0.6081919074 -0.3194365203 0.7266793251
84.9 441.4 1787.7 0 0 0 0 0 0 0 0 0
121.1 -38.5 2305.7 0 0 0 0 0 0 0 0 0
-149.2 -889.5 1868.1 0 0 0 0 0 0 0 0 0
-94.3 -797.2 2135.8 0 0 0 0 0 0 0 0 0
-7.4 464.5 1963.0 33 -0.0172341242 0.2834459841 -0.9588333368 -0.2524308264 0.9266763926 0.2784771025 0.9674614668 0.2468383908 0.0555800460
-66.5 271.2 1911.5 -0.0172341242 0.2834459841 -0.9588333368 -0.2524308264 0.9266763926 0.2784771025 0.9674614668 0.2468383908 0.0555800460
-60.1 85.5 1980.9 0.0642452165 -0.0326751694 -0.9973990321 0.3526867926 0.9357077479 -0.0079366136 0.9335333705 -0.3512595892 0.0716388449
-75.4 221.5 1780.6 -0.6311334968 -0.6169261932 -0.4701835811 0.1790250540 0.4739420414 -0.8621652722 0.7547320724 -0.6283160448 -0.1886754483
8.7 197.6 1680.0 -0.2758944631 -0.6169261932 0.7370782495 -0.8779209852 0.4739420414 0.0680710673 -0.3913271725 -0.6283160448 -0.6723704338
-57.6 321.0 2042.4 0.1035382077 -0.7217058539 -0.6844125390 -0.9393649101 0.1552153677 -0.3057805002 0.3269149065 0.6745730639 -0.6618744731
-30.6 76.3 2127.5 0.5960662961 -0.7217058539 -0.3519170880 -0.3561011553 0.1552153677 -0.9214662910 0.7196505666 0.6745730639 -0.1644816548
-65.7 -126.1 1951.5 0.1369229406 0.2067136914 -0.9687732458 -0.2298611850 0.9579200149 0.1719101071 0.9635434151 0.1991449147 0.1786766797
-147.8 -506.6 1872.4 0.1406901479 0.0000000000 -0.9900536537 0.0000000000 1.0000000000 0.0000000000 0.9900536537 -0.0000000000 0.1406901479
-51.8 -74.8 2126.1 0.8190427423 -0.1711576134 -0.5476076007 -0.0357603580 0.9373796582 -0.3464687467 0.5726169944 0.3033553362 0.7616333365
16.1 -446.8 2005.7 0.8190427423 0.2819706798 -0.4996614158 -0.0357603580 0.8942923546 0.4460519850 0.5726169944 -0.3474675715 0.7425470352
85.5 441.8 1788.9 0 0 0 0 0 0 0 0 0
123.2 -15.5 2313.2 0 0 0 0 0 0 0 0 0
-147.8 -888.9 1872.4 0 0 0 0 0 0 0 0 0
-91.6 -788.6 2138.5 0 0 0 0 0 0 0 0 0
-6.9 464.4 1965.4 34 -0.0035489912 0.3249083161 -0.9457388520 -0.1450561583 0.9355747104 0.3219607472 0.9894170761 0.1383278817 0.0438096076
-73.3 273.4 1937.1 -0.0035489912 0.3249083161 -0.9457388520 -0.1450561583 0.9355747104 0.3219607472 0.9894170761 0.1383278817 0.0438096076
-62.3 81.4 1983.7 0.0512170419 -0.0545299053 -0.9971977472 0.2408648431 0.9697067738 -0.0406555645 0.9692063332 -0.2381076068 0.0627998486
-80.6 238.9 1801.6 -0.5859724879 -0.6237084270 -0.5173239112 0.2441119552 0.4728836119 -0.8466347456 0.7726872563 -0.6223896742 -0.1248421222
10.9 200.8 1681.0 -0.2723796368 -0.6237084270 0.7326644063 -0.8778224587 0.4728836119 0.0762156993 -0.3940013647 -0.6223896742 -0.6763091087
-66.0 307.9 2072.6 0.1255704463 -0.7283759117 -0.6735730171 -0.9687231779 0.0564510226 -0.2416376024 0.2140268832 0.6828483343 -0.6985059977
-33.3 55.6 2128.4 0.6015746593 -0.7283759117 -0.3279885948 -0.4243759811 0.0564510226 -0.9037246704 0.6767665744 0.6828483343 -0.2751457393
-59.6 -131.4 1960.4 0.1485906839 0.2344518453 -0.9607045054 -0.2930609882 0.9382890463 0.1836542487 0.9444766045 0.2542556822 0.2081297040
-152.3 -502.6 1859.9 0.1554143429 0.0000000000 -0.9878493547 0.0000000000 1.0000000000 0.0000000000 0.9878493547 -0.0000000000 0.1554143429
-48.1 -73.0 2130.8 0.8433146477 -0.1647301465 -0.5115509629 -0.0399134569 0.9300374389 -0.3652907014 0.5359358788 0.3284727633 0.7777392268
16.2 -436.2 2002.5 0.8433146477 0.2618124187 -0.4693342447 -0.0399134569 0.9014099836 0.4311228693 0.5359358788 -0.3448394835 0.7706221342
85.9 442.4 1789.5 0 0 0 0 0 0 0 0 0
121.9 -53.9 2303.0 0 0 0 0 0 0 0 0 0
-152.3 -884.9 1859.9 0 0 0 0 0 0 0 0 0
-83.8 -780.6 2134.3 0 0 0 0 0 0 0 0 0
-7.6 465.2 1963.1 35 0.0215769373 0.3270754516 -0.9447518587 -0.1704403907 0.9323419333 0.3188864589 0.9851317406 0.1541432887 0.0758639574
-71.9 281.7 1932.7 0.0215769373 0.3270754516 -0.9447518587 -0.1704403907 0.9323419333 0.3188864589 0.9851317406 0.1541432887 0.0758639574
-61.2 91.5 1987.6 0.0871412382 -0.0531101264 -0.9947792292 0.2821866572 0.9589939713 -0.0264804456 0.9553936720 -0.2784058750 0.0985548943
-84.3 241.7 1798.9 -0.6043031216 -0.6030208468 -0.5207529068 0.2453369647 0.4810040891 -0.8416916728 0.7580418587 -0.6363968253 -0.1427289844
9.7 203.5 1680.9 -0.2805936038 -0.6030208468 0.7467483282 -0.8746792078 0.4810040891 0.0597605594 -0.3952258825 -0.6363968253 -0.6624164581
-59.5 321.8 2066.6 0.1232803613 -0.7036941051 -0.6997260451 -0.9598709941 0.0944201052 -0.2640692294 0.2518921793 0.7042012811 -0.6638154387
-27.4 71.8 2132.2 0.6204071045 -0.7036941051 -0.3462796509 -0.4013927877 0.0944201052 -0.9110261798 0.6737795472 0.7042012811 -0.2238788456
-56.3 -131.0 1940.9 0.1838927865 0.2461532801 -0.9516260028 -0.2320764214 0.9516379833 0.2013098001 0.9551565051 0.1838305295 0.2321257442
-153.8 -507.7 1868.2 0.1890544444 0.0000000000 -0.9819666147 0.0000000000 1.0000000000 0.0000000000 0.9819666147 -0.0000000000 0.1890544444
-45.9 -84.6 2120.7 0.8429716825 -0.1324344277 -0.5214018226 -0.0346673615 0.9538362622 -0.2983195782 0.5368397236 0.2695505619 0.7994658351
7.0 -465.8 2013.0 0.8429716825 0.2642337978 -0.4685928226 -0.0346673615 0.8959303498 0.4428396225 0.5368397236 -0.3570563793 0.7644042373
87.0 444.5 1789.8 0 0 0 0 0 0 0 0 0
132.6 -31.8 2306.0 0 0 0 0 0 0 0 0 0
-153.8 -890.0 1868.2 0 0 0 0 0 0 0 0 0
-94.0 -808.2 2149.5 0 0 0 0 0 0 0 0 0
-7.4 464.7 1960.9 36 -0.0442718938 0.3303909600 -0.9428052902 -0.1779097170 0.9260379076 0.3328692913 0.9830504060 0.1824709773 0.0177823082
-73.6 278.9 1924.3 -0.0442718938 0.3303909600 -0.9428052902 -0.1779097170 0.9260379076 0.3328692913 0.9830504060 0.1824709773 0.0177823082
-63.3 91.4 1988.3 0.0306202713 -0.0523272008 -0.9981604218 0.3259106874 0.9445741773 -0.0395201482 0.9449045658 -0.3241010308 0.0459771119
-77.9 232.9 1791.9 -0.6068760157 -0.6207420826 -0.4963675737 0.2020600587 0.4835044146 -0.8517013788 0.7686827779 -0.6171731949 -0.1680000424
10.1 203.6 1680.5 -0.2847806215 -0.6207420826 0.7304651141 -0.8724796176 0.4835044146 0.0707306340 -0.3970885575 -0.6171731949 -0.6792774796
-69.4 324.9 2056.8 0.1238445267 -0.7424073219 -0.6584025025 -0.9453988075 0.1133029759 -0.3055872619 0.3014692068 0.6602982283 -0.6878390312
-37.2 78.7 2135.3 0.5887217522 -0.7424073219 -0.3197468221 -0.3600612879 0.1133029759 -0.9260228276 0.7237144113 0.6602982283 -0.2006082237
-58.6 -123.5 1954.8 0.1185329854 0.2254287153 -0.9670221210 -0.2565027475 0.9477841854 0.1895031482 0.9592477679 0.2255814672 0.1701667756
-147.9 -499.1 1865.4 0.1226359531 0.0000000000 -0.9924517274 0.0000000000 1.0000000000 0.0000000000 0.9924517274 -0.0000000000 0.1226359531
-42.1 -70.7 2130.8 0.8400852680 -0.1727283299 -0.5142194033 -0.0497270599 0.9194363952 -0.3900819123 0.5401702523 0.3532726765 0.7638157606
26.4 -435.4 1990.7 0.8400852680 0.2993791401 -0.4523591697 -0.0497270599 0.8729029298 0.4853531420 0.5401702523 -0.3852435648 0.7482001781
88.6 444.3 1790.1 0 0 0 0 0 0 0 0 0
114.7 -14.2 2322.0 0 0 0 0 0 0 0 0 0
-147.9 -881.4 1865.4 0 0 0 0 0 0 0 0 0
-87.9 -768.7 2137.8 0 0 0 0 0 0 0 0 0
-7.4 463.6 1960.4 37 -0.0700391605 0.3275621831 -0.9422301054 -0.1829768270 0.9243052006 0.3349319696 0.9806191921 0.1958646178 -0.0048012687
-73.7 276.8 1920.8 -0.0700391605 0.3275621831 -0.9422301054 -0.1829768270 0.9243052006 0.3349319696 0.9806191921 0.1958646178 -0.0048012687
-64.3 90.3 1988.3 0.0088553047 -0.0472815819 -0.9988423586 0.3415042162 0.9389671087 -0.0414196774 0.9398385286 -0.3407421112 0.0244616996
-74.9 228.7 1788.8 -0.6162288189 -0.6271551847 -0.4763805568 0.1684074849 0.4859546721 -0.8576053977 0.7693510056 -0.6087071896 -0.1938416511
11.6 205.0 1680.8 -0.2840672135 -0.6271551847 0.7252463102 -0.8703776002 0.4859546721 0.0793154538 -0.4021799266 -0.6087071896 -0.6839056015
-72.5 324.9 2052.7 0.1192861050 -0.7571625710 -0.6422426701 -0.9399734735 0.1221786439 -0.3186254799 0.3197196424 0.6416986585 -0.6971385479
-41.4 80.1 2136.0 0.5733130574 -0.7571625710 -0.3130766153 -0.3465256691 0.1221786439 -0.9300496578 0.7424500585 0.6416986585 -0.1923296601
-55.9 -125.3 1965.9 0.0852665603 0.2459476441 -0.9655254483 -0.2911239564 0.9329158068 0.2119315416 0.9528779984 0.2630169094 0.1511477679
-153.5 -495.2 1861.6 0.0891270712 0.0000000000 -0.9960202575 0.0000000000 1.0000000000 0.0000000000 0.9960202575 -0.0000000000 0.0891270712
-50.1 -65.1 2139.2 0.8396636248 -0.1776424348 -0.5132330060 -0.0457977876 0.9184695482 -0.3928311169 0.5411723852 0.3533509374 0.7630698085
20.5 -429.9 1998.9 0.8396636248 0.2744650543 -0.4686511457 -0.0457977876 0.8956166506 0.4424628615 0.5411723852 -0.3500567973 0.7645866275
89.8 444.5 1791.5 0 0 0 0 0 0 0 0 0
106.5 -9.4 2327.5 0 0 0 0 0 0 0 0 0
-153.5 -877.5 1861.6 0 0 0 0 0 0 0 0 0
-84.3 -771.6 2132.5 0 0 0 0 0 0 0 0 0
-9.8 464.8 1965.1 38 -0.0944745541 0.2932150066 -0.9513671994 -0.2516725957 0.9175655842 0.3077893257 0.9631902575 0.2685112953 -0.0128924232
-69.6 277.8 1910.3 -0.0944745541 0.2932150066 -0.9513671994 -0.2516725957 0.9175655842 0.3077893257 0.9631902575 0.2685112953 -0.0128924232
-64.8 93.0 1982.6 -0.0047980016 -0.0240540784 -0.9996991158 0.3642159104 0.9310013652 -0.0241491534 0.9313021898 -0.3642221987 0.0042939316
-68.9 226.6 1779.5 -0.6379651427 -0.6196835637 -0.4571573138 0.1481611431 0.4837940037 -0.8625494838 0.7556777000 -0.6180094481 -0.2168306708
14.3 207.2 1681.0 -0.2747723758 -0.6196835637 0.7351819277 -0.8713191748 0.4837940037 0.0821357816 -0.4065747857 -0.6180094481 -0.6728753448
-70.3 329.1 2041.2 0.0964517295 -0.7681145668 -0.6330063939 -0.9337224960 0.1504591256 -0.3248450756 0.3447598219 0.6223841906 -0.7026938200
-45.2 85.9 2131.0 0.5517317057 -0.7681145668 -0.3249494135 -0.3377556503 0.1504591256 -0.9291303158 0.7625701427 0.6223841906 -0.1764219701
-55.9 -127.2 1969.7 0.0521644428 0.2435133159 -0.9684937596 -0.2999560535 0.9288529754 0.2173901796 0.9525257349 0.2791655064 0.1214963943
-152.6 -496.0 1858.9 0.0546824001 0.0000000000 -0.9985038042 0.0000000000 1.0000000000 0.0000000000 0.9985038042 -0.0000000000 0.0546824001
-54.1 -64.3 2142.1 0.8316951394 -0.1847607195 -0.5235901475 -0.0471096151 0.9161281586 -0.3981078267 0.5532304049 0.3557704687 0.7532353401
19.3 -428.4 2000.7 0.8316951394 0.2761535943 -0.4816870093 -0.0471096151 0.8995100856 0.4343527853 0.5532304049 -0.3385570049 0.7611276507
89.6 446.0 1792.4 0 0 0 0 0 0 0 0 0
97.2 -1.2 2327.7 0 0 0 0 0 0 0 0 0
-152.6 -878.3 1858.9 0 0 0 0 0 0 0 0 0
-86.2 -771.9 2130.0 0 0 0 0 0 0 0 0 0
-8.6 463.4 1968.9 39 -0.0825817063 0.2928586900 -0.9525828362 -0.2948263586 0.9058832526 0.3040607572 0.9519756436 0.3059563935 0.0115330731
-68.9 276.8 1905.9 -0.0825817063 0.2928586900 -0.9525828362 -0.2948263586 0.9058832526 0.3040607572 0.9519756436 0.3059563935 0.0115330731
-64.9 92.3 1979.4 0.0163278468 -0.0200608540 -0.9996654391 0.3703811467 0.9287945628 -0.0125890970 0.9287363291 -0.3700516820 0.0225953758
-71.2 224.7 1775.4 -0.6666198373 -0.5987148285 -0.4440253377 0.1426851600 0.4821789563 -0.8643751144 0.7316139340 -0.6395654678 -0.2360023409
15.2 206.3 1680.6 -0.2708083987 -0.5987148285 0.7537926435 -0.8733334541 0.4821789563 0.0692255050 -0.4049092829 -0.6395654678 -0.6534557939
-66.6 328.9 2036.5 0.0920561105 -0.7548801303 -0.6493702531 -0.9324787259 0.1634092778 -0.3221502602 0.3492979407 0.6351798177 -0.6888668537
-42.6 86.1 2127.5 0.5616441965 -0.7548801303 -0.3386912942 -0.3390597701 0.1634092778 -0.9264642000 0.7547146678 0.6351798177 -0.1641715914
-59.8 -125.2 1969.5 0.0662748367 0.2264015377 -0.9717767239 -0.2935199738 0.9352497458 0.1978736371 0.9536527991 0.2721218169 0.1284368932
-149.7 -496.7 1861.4 0.0693285540 0.0000000000 -0.9975938797 0.0000000000 1.0000000000 0.0000000000 0.9975938797 -0.0000000000 0.0693285540
-60.5 -58.3 2140.3 0.8271840811 -0.2099117488 -0.5212519169 -0.0376385413 0.9048282504 -0.4241098762 0.5606690645 0.3704361022 0.7405587435
22.9 -417.8 1993.1 0.8271840811 0.2771099508 -0.4888522923 -0.0376385413 0.8953195214 0.4438313246 0.5606690645 -0.3487305343 0.7510241270
88.9 444.0 1790.9 0 0 0 0 0 0 0 0 0
102.3 -1.4 2322.2 0 0 0 0 0 0 0 0 0
-149.7 -879.0 1861.4 0 0 0 0 0 0 0 0 0
-83.0 -759.9 2126.4 0 0 0 0 0 0 0 0 0
-8.3 463.3 1969.4 40 -0.0959009901 0.3073936701 -0.9467376471 -0.2545337081 0.9119263291 0.3218742013 0.9622970223 0.2718446851 -0.0092125861
-69.7 281.0 1915.0 -0.0959009901 0.3073936701 -0.9467376471 -0.2545337081 0.9119263291 0.3218742013 0.9622970223 0.2718446851 -0.0092125861
-65.6 93.1 1979.1 -0.0066770888 -0.0202817526 -0.9997720122 0.3229015172 0.9461916685 -0.0213513356 0.9464089870 -0.3229704797 0.0002312029
-68.8 235.6 1782.1 -0.6390824914 -0.5994330049 -0.4819269776 0.1974784136 0.4776939750 -0.8560436368 0.7433544397 -0.6422526836 -0.1869107634
17.8 208.8 1681.3 -0.2637932003 -0.5994330049 0.7557070851 -0.8754618168 0.4776939750 0.0733150095 -0.4049441516 -0.6422526836 -0.6507931352
-70.6 326.5 2048.0 0.0927318633 -0.7696265578 -0.6317244768 -0.9482684731 0.1252066642 -0.2917364836 0.3036242425 0.6260976791 -0.7182019353
-46.5 79.5 2127.0 0.5483886600 -0.7696265578 -0.3270242214 -0.3726131618 0.1252066642 -0.9195013642 0.7486182451 0.6260976791 -0.2181110680
-62.4 -126.1 1967.8 0.0592414849 0.2125696689 -0.9753484130 -0.2940906882 0.9374170899 0.1864401102 0.9539397955 0.2757959068 0.1180487424
-146.9 -498.6 1858.2 0.0619825050 0.0000000000 -0.9980772138 0.0000000000 1.0000000000 0.0000000000 0.9980772138 -0.0000000000 0.0619825050
-59.4 -58.1 2138.1 0.8298696280 -0.1957422942 -0.5224953294 -0.0325345472 0.9178736806 -0.3955368102 0.5570079684 0.3452431262 0.7553471327
18.4 -422.8 2001.0 0.8298696280 0.2597210705 -0.4938232303 -0.0325345472 0.9060743451 0.4218658507 0.5570079684 -0.3340273499 0.7603734732
89.0 445.1 1790.6 0 0 0 0 0 0 0 0 0
95.0 -16.6 2320.2 0 0 0 0 0 0 0 0 0
-146.9 -881.0 1858.2 0 0 0 0 0 0 0 0 0
-80.9 -769.0 2128.6 0 0 0 0 0 0 0 0 0
-7.3 465.4 1970.1 41 -0.1002431661 0.2925581634 -0.9509789944 -0.2811875641 0.9084999561 0.3091300726 0.9544028640 0.2983916402 -0.0088072009
-68.0 277.1 1908.2 -0.1002431661 0.2925581634 -0.9509789944 -0.2811875641 0.9084999561 0.3091300726 0.9544028640 0.2983916402 -0.0088072009
-64.2 91.7 1979.4 -0.0050996244 -0.0187021513 -0.9998120666 0.3586803973 0.9332611561 -0.0192867499 0.9334465265 -0.3587113321 0.0019488131
-67.3 226.6 1777.1 -0.6555714011 -0.6151280403 -0.4379996359 0.1340699792 0.4760010839 -0.8691652417 0.7431361675 -0.6285224557 -0.2295824885
16.9 209.4 1681.7 -0.2678557932 -0.6151280403 0.7415327430 -0.8759382963 0.4760010839 0.0784543306 -0.4012298286 -0.6285224557 -0.6663138270
-68.7 327.6 2039.4 0.0911289081 -0.7687582970 -0.6330135465 -0.9362201691 0.1505019665 -0.3175545931 0.3393925130 0.6215785146 -0.7060119510
-44.9 83.7 2127.8 0.5483759642 -0.7687582970 -0.3290812075 -0.3449858427 0.1505019665 -0.9264631271 0.7617536187 0.6215785146 -0.1826790571
-60.9 -124.2 1956.5 0.0595300458 0.2160729915 -0.9745607376 -0.2579721510 0.9464574456 0.1940841526 0.9643166065 0.2398557067 0.1120834723
-146.7 -500.2 1861.2 0.0616155900 0.0000000000 -0.9980999827 0.0000000000 1.0000000000 0.0000000000 0.9980999827 -0.0000000000 0.0616155900
-62.1 -65.0 2129.9 0.8213832974 -0.1965079159 -0.5354568958 -0.0228576865 0.9266831279 -0.3751478195 0.5699183941 0.3203794658 0.7566703558
16.0 -433.2 2002.6 0.8213832974 0.2610122263 -0.5071509480 -0.0228576865 0.9034999013 0.4279783070 0.5699183941 -0.3399419487 0.7480858564
89.2 445.9 1790.0 0 0 0 0 0 0 0 0 0
96.5 -5.3 2324.3 0 0 0 0 0 0 0 0 0
-146.7 -882.5 1861.2 0 0 0 0 0 0 0 0 0
-83.8 -778.5 2132.5 0 0 0 0 0 0 0 0 0
-8.5 465.8 1970.4 42 -0.0904614851 0.2964164019 -0.9507649541 -0.2377790958 0.9206405282 0.3096483350 0.9670976400 0.2540832758 -0.0128008900
-69.3 276.9 1918.3 -0.0904614851 0.2964164019 -0.9507649541 -0.2377790958 0.9206405282 0.3096483350 0.9670976400 0.2540832758 -0.0128008900
-65.5 89.1 1983.0 -0.0066864872 -0.0192123856 -0.9997930527 0.3260811865 0.9451228976 -0.0203426126 0.9453181028 -0.3261497319 -0.0000547543
-68.4 231.0 1785.4 -0.6227831841 -0.6311615109 -0.4623594880 0.1616444439 0.4744071662 -0.8653374314 0.7655143142 -0.6136554480 -0.1934290528
16.8 208.8 1680.7 -0.2607155740 -0.6311615109 0.7305220962 -0.8748728633 0.4744071662 0.0976487249 -0.4081970453 -0.6136554480 -0.6758714318
-70.3 322.8 2051.1 0.0916672200 -0.7697215676 -0.6317640543 -0.9473375678 0.1280820668 -0.2935072482 0.3068364859 0.6253988743 -0.7174451947
-46.4 76.0 2131.1 0.5477470756 -0.7697215676 -0.3278747499 -0.3706522882 0.1280820668 -0.9198977351 0.7500600219 0.6253988743 -0.2151424736
-60.0 -126.4 1965.1 0.0579776540 0.2198112458 -0.9738180637 -0.2936647832 0.9360561371 0.1938038319 0.9541485906 0.2747397721 0.1188211590
-147.3 -498.1 1856.0 0.0606518872 0.0000000000 -0.9981589913 0.0000000000 1.0000000000 0.0000000000 0.9981589913 -0.0000000000 0.0606518872
-60.9 -60.6 2136.1 0.8313034177 -0.2071054727 -0.5157925487 -0.0297285430 0.9100908637 -0.4133410752 0.5550232530 0.3589456081 0.7504047155
21.3 -422.0 1993.6 0.8313034177 0.2670483589 -0.4874626100 -0.0297285430 0.8971243501 0.4407766461 0.5550232530 -0.3519275784 0.7537215352
86.6 443.2 1790.1 0 0 0 0 0 0 0 0 0
94.9 -19.6 2324.6 0 0 0 0 0 0 0 0 0
-147.3 -880.5 1856.0 0 0 0 0 0 0 0 0 0
-80.7 -764.9 2128.1 0 0 0 0 0 0 0 0 0
-7.3 465.9 1967.6 43 -0.0754028112 0.2890784740 -0.9543312192 -0.2682149708 0.9159042239 0.2986304462 0.9604036212 0.2784834802 0.0084734177
-68.4 272.3 1908.8 -0.0754028112 0.2890784740 -0.9543312192 -0.2682149708 0.9159042239 0.2986304462 0.9604036212 0.2784834802 0.0084734177
-63.5 88.9 1984.4 0.0182228833 -0.0242902227 -0.9995388389 0.3823165894 0.9239016771 -0.0154820066 0.9238516688 -0.3818581402 0.0261227079
-71.0 218.4 1779.1 -0.6629879475 -0.6406254172 -0.3873578012 0.0597212501 0.4705142081 -0.8803691268 0.7462441921 -0.6068075895 -0.2736862898
16.2 210.6 1680.8 -0.2576654255 -0.6406254172 0.7233309150 -0.8761700988 0.4705142081 0.1046058014 -0.4073505998 -0.6068075895 -0.6825320721
-65.8 326.2 2038.4 0.0962275267 -0.7532856464 -0.6506158710 -0.9276225567 0.1691401452 -0.3330285549 0.3609108925 0.6355724931 -0.6824887991
-40.7 84.6 2132.4 0.5652442575 -0.7532856464 -0.3362434506 -0.3275582194 0.1691401452 -0.9295682907 0.7571027279 0.6355724931 -0.1511394083
-61.0 -128.4 1961.2 0.0694009736 0.2188519090 -0.9732868671 -0.2850626409 0.9393094182 0.1908851713 0.9559931159 0.2642001212 0.1275754869
-148.0 -501.6 1856.2 0.0724051446 0.0000000000 -0.9973753095 0.0000000000 1.0000000000 0.0000000000 0.9973753095 -0.0000000000 0.0724051446
-62.2 -68.6 2134.4 0.8290738463 -0.1966116726 -0.5234314203 -0.0270508509 0.9209377766 -0.3887696862 0.5584844351 0.3364780545 0.7582069039
15.8 -434.4 2000.7 0.8290738463 0.2610012591 -0.4944845140 -0.0270508509 0.9020550251 0.4307725430 0.5584844351 -0.3437660038 0.7549304962
85.1 444.7 1789.7 0 0 0 0 0 0 0 0 0
105.1 0.1 2327.8 0 0 0 0 0 0 0 0 0
-148.0 -884.0 1856.2 0 0 0 0 0 0 0 0 0
-83.9 -779.2 2132.2 0 0 0 0 0 0 0 0 0
-6.5 464.7 1966.7 44 -0.0843719020 0.2852118015 -0.9547437429 -0.2882451117 0.9102085829 0.2973803580 0.9538323283 0.3002907634 0.0054148743
-68.0 268.5 1901.9 -0.0843719020 0.2852118015 -0.9547437429 -0.2882451117 0.9102085829 0.2973803580 0.9538323283 0.3002907634 0.0054148743
-65.1 86.7 1981.8 0.0181596950 -0.0143030332 -0.9997327924 0.4026703835 0.9153267741 -0.0057811234 0.9151648879 -0.4024578035 0.0223814640
-70.6 211.8 1773.4 -0.6908202171 -0.6426723003 -0.3312698901 -0.0154145239 0.4711580873 -0.8819140792 0.7228622437 -0.6041377187 -0.3353919983
17.5 213.8 1681.2 -0.2618523538 -0.6426723003 0.7200039029 -0.8761409521 0.4711580873 0.1019170806 -0.4047349393 -0.6041377187 -0.6864454150
-65.4 325.2 2030.5 0.0862837136 -0.7541551590 -0.6510031819 -0.9201702476 0.1901522130 -0.3422409892 0.3818925023 0.6285635829 -0.6775440574
-42.9 85.5 2130.0 0.5592651963 -0.7541551590 -0.3441983163 -0.3157089949 0.1901522130 -0.9296074510 0.7665182948 0.6285635829 -0.1317480505
-60.2 -129.3 1975.6 0.0485913157 0.2270094454 -0.9726796150 -0.3238836527 0.9247908592 0.1996529102 0.9448482990 0.3053336143 0.1184614524
-150.3 -496.6 1854.4 0.0513597690 0.0000000000 -0.9986802340 0.0000000000 1.0000000000 0.0000000000 0.9986802340 -0.0000000000 0.0513597690
-56.9 -59.3 2144.7 0.8389061689 -0.2074654698 -0.5031843781 -0.0426735170 0.8965847492 -0.4408114851 0.5426005721 0.3912721276 0.7432972193
25.4 -415.0 1989.5 0.8389061689 0.2750411928 -0.4696688056 -0.0426735170 0.8935052156 0.4470206499 0.5426005721 -0.3549659550 0.7613040209
86.6 445.0 1788.0 0 0 0 0 0 0 0 0 0
101.4 4.1 2327.8 0 0 0 0 0 0 0 0 0
-150.3 -878.9 1854.4 0 0 0 0 0 0 0 0 0
-79.7 -756.5 2125.1 0 0 0 0 0 0 0 0 0
-8.2 463.7 1964.2 45 -0.0656944513 0.2993712127 -0.9518724084 -0.3139055371 0.8993008733 0.3045015931 0.9471787214 0.3188020885 0.0348952003
-72.9 269.3 1895.3 -0.0656944513 0.2993712127 -0.9518724084 -0.3139055371 0.8993008733 0.3045015931 0.9471787214 0.3188020885 0.0348952003
-64.6 87.6 1975.1 0.0361109599 -0.0419018120 -0.9984689355 0.4033746123 0.9147253633 -0.0237988438 0.9143221378 -0.4018976390 0.0499337390
-78.0 212.5 1766.8 -0.7562437057 -0.5854794383 -0.2920774817 -0.0338121466 0.4807780087 -0.8761901855 0.6534157395 -0.6527375579 -0.3833816946
20.5 217.0 1681.7 -0.2570172548 -0.5854794383 0.7688666582 -0.8737108111 0.4807780087 0.0740399882 -0.4130030870 -0.6527375579 -0.6351079345
-67.8 326.1 2023.8 0.1133639365 -0.7398505807 -0.6631513834 -0.9182798266 0.1768243760 -0.3542531133 0.3793556988 0.6491180658 -0.6593443751
-38.3 86.9 2122.6 0.5857855678 -0.7398505807 -0.3308721781 -0.3052012324 0.1768243760 -0.9357271791 0.7508045435 0.6491180658 -0.1222221330
-63.8 -131.9 1977.9 0.0764248371 0.2145973742 -0.9737079740 -0.3397192359 0.9237370491 0.1769201458 0.9374167323 0.3172662258 0.1434993148
-149.1 -498.9 1851.8 0.0812574700 0.0000000000 -0.9966931343 0.0000000000 1.0000000000 0.0000000000 0.9966931343 -0.0000000000 0.0812574700
-60.5 -58.1 2145.5 0.8418588638 -0.2064321935 -0.4986576140 -0.0368329212 0.8998267651 -0.4346897006 0.5384393930 0.3843143880 0.7499236465
21.5 -415.5 1992.9 0.8418588638 0.2618423998 -0.4719239473 -0.0368329212 0.9002588391 0.4337941110 0.5384393930 -0.3478110731 0.7675353289
87.2 443.7 1788.9 0 0 0 0 0 0 0 0 0
112.8 8.2 2316.4 0 0 0 0 0 0 0 0 0
-149.1 -881.2 1851.8 0 0 0 0 0 0 0 0 0
-78.6 -759.6 2125.9 0 0 0 0 0 0 0 0 0
-8.1 464.1 1967.0 46 -0.1025521606 0.3310994208 -0.9380065203 -0.2013448328 0.9165496826 0.3455385864 0.9741371870 0.2242984921 -0.0273289904
-78.9 268.0 1919.0 -0.1025521606 0.3310994208 -0.9380065203 -0.2013448328 0.9165496826 0.3455385864 0.9741371870 0.2242984921 -0.0273289904
-69.2 79.6 1979.5 -0.0252613220 -0.0470381789 -0.9985736012 0.3066315353 0.9503779411 -0.0525248870 0.9514930248 -0.3075210154 -0.0095844148
-75.7 224.6 1785.8 -0.6948682666 -0.6243221164 -0.3569033742 0.0282785911 0.4721884131 -0.8810439706 0.7185808420 -0.6223021746 -0.3104537725
23.6 220.5 1683.1 -0.2438212633 -0.6243221164 0.7421408892 -0.8746225238 0.4721884131 0.1098795310 -0.4190305471 -0.6223021746 -0.6611757874
-82.2 311.5 2052.2 0.1196879670 -0.7787433267 -0.6158194542 -0.9498695135 0.0906316489 -0.2992220223 0.2888298929 0.6207613945 -0.7288570404
-51.0 64.1 2127.4 0.5530786514 -0.7787433267 -0.2960790396 -0.3678200245 0.0906316489 -0.9254698157 0.7475375533 0.6207613945 -0.2363109589
-59.5 -131.0 1971.1 0.0628404021 0.2317736149 -0.9707378745 -0.3103072345 0.9289883375 0.2017178386 0.9485570788 0.2885509729 0.1302990317
-151.6 -500.1 1856.5 0.0661035180 0.0000000000 -0.9978127480 0.0000000000 1.0000000000 0.0000000000 0.9978127480 -0.0000000000 0.0661035180
-54.3 -59.7 2137.8 0.8514335155 -0.1838497221 -0.4911824763 -0.0360291339 0.9138278961 -0.4045002162 0.5232235193 0.3621019423 0.7714397907
18.3 -420.3 1994.9 0.8514335155 0.2549114525 -0.4583460391 -0.0360291339 0.9002993703 0.4337775111 0.5232235193 -0.3528189063 0.7757292986
86.3 445.2 1790.7 0 0 0 0 0 0 0 0 0
91.7 -30.8 2320.3 0 0 0 0 0 0 0 0 0
-151.6 -882.4 1856.5 0 0 0 0 0 0 0 0 0
-79.2 -764.4 2129.8 0 0 0 0 0 0 0 0 0
-8.1 463.2 1968.4 47 -0.0868278518 0.3007544875 -0.9497408271 -0.2675551474 0.9112758636 0.3130343854 0.9596223831 0.2812881470 0.0013442810
-73.3 265.7 1907.4 -0.0868278518 0.3007544875 -0.9497408271 -0.2675551474 0.9112758636 0.3130343854 0.9596223831 0.2812881470 0.0013442810
-64.6 83.4 1984.4 0.0062729060 -0.0421747975 -0.9990905523 0.3915824890 0.9194245934 -0.0363532454 0.9201216102 -0.3909983337 0.0222823750
-74.5 210.2 1778.7 -0.6940034628 -0.6513325572 -0.3067981303 -0.0626620501 0.4791517258 -0.8754925132 0.7172396183 -0.5883702040 -0.3733467758
20.0 218.7 1681.0 -0.2578593791 -0.6513325572 0.7136346698 -0.8690267801 0.4791517258 0.1233129799 -0.4222570360 -0.5883702040 -0.6895792484
-72.1 321.1 2036.1 0.1142619178 -0.7593487501 -0.6405729651 -0.9218274355 0.1593512595 -0.3533289135 0.3703759611 0.6308697462 -0.6817807555
-42.4 81.0 2132.5 0.5688456297 -0.7593487501 -0.3159178793 -0.3081580997 0.1593512595 -0.9378943443 0.7625308037 0.6308697462 -0.1433532089
-57.1 -134.9 1961.9 0.0710464343 0.2406270206 -0.9680139422 -0.2793008089 0.9364443421 0.2122804970 0.9575716257 0.2552852929 0.1337383538
-153.4 -509.5 1859.8 0.0739910081 0.0000000000 -0.9972589016 -0.0000000000 1.0000000000 0.0000000000 0.9972589016 0.0000000000 0.0739910081
-58.2 -70.7 2135.5 0.8416396379 -0.1703568101 -0.5124658346 -0.0315773152 0.9317935705 -0.3616125882 0.5391155481 0.3205297887 0.7788549662
11.2 -450.7 2004.8 0.8416396379 0.2619158030 -0.4722740948 -0.0315773152 0.8968891501 0.4411267042 0.5391155481 -0.3563565612 0.7631280422
86.8 443.8 1790.3 0 0 0 0 0 0 0 0 0
104.4 1.5 2329.3 0 0 0 0 0 0 0 0 0
-153.4 -891.8 1859.8 0 0 0 0 0 0 0 0 0
-88.9 -793.6 2141.0 0 0 0 0 0 0 0 0 0
-7.8 461.8 1968.6 48 -0.1886577010 0.3293719590 -0.9251607060 -0.1431984007 0.9227818847 0.3577258885 0.9715464711 0.1999692917 -0.1269243658
-78.1 264.7 1925.9 -0.1886577010 0.3293719590 -0.9251607060 -0.1431984007 0.9227818847 0.3577258885 0.9715464711 0.1999692917 -0.1269243658
-65.3 74.7 1979.5 -0.1295117289 -0.0588484183 -0.9898300767 0.2682135999 0.9589462876 -0.0921059921 0.9546141624 -0.2774147093 -0.1084108502
-61.0 226.3 1793.2 -0.5938912630 -0.7024471760 -0.3922514021 0.0229785144 0.4725357592 -0.8810119033 0.8042171001 -0.5322386026 -0.2644936442
21.1 223.2 1682.0 -0.2610147297 -0.7024471760 0.6621474624 -0.8667334914 0.4725357592 0.1596339345 -0.4250227809 -0.5322386026 -0.7321732640
-95.2 303.0 2058.6 0.1328611076 -0.8377565742 -0.5296337008 -0.9548005462 0.0351772681 -0.2951584160 0.2659019828 0.5449095964 -0.7952167392
-60.6 54.3 2127.8 0.4945702255 -0.8377565742 -0.2314394116 -0.3740847707 0.0351772681 -0.9267271161 0.7845131159 0.5449095964 -0.2959943414
-49.3 -135.4 1963.8 -0.0013647169 0.2600080073 -0.9656054974 -0.2967445254 0.9220070839 0.2486876845 0.9549559355 0.2868775427 0.0758976713
-151.2 -496.5 1851.4 -0.0014290874 0.0000000000 -0.9999989867 0.0000000000 1.0000000000 0.0000000000 0.9999989867 0.0000000000 -0.0014290874
-59.3 -76.2 2131.9 0.8364558220 -0.2495906800 -0.4878997803 -0.0285254270 0.8692369461 -0.4935720563 0.5472915173 0.4267687798 0.7199586034
34.5 -402.6 1971.7 0.8364558220 0.2838174403 -0.4688169956 -0.0285254270 0.8768396378 0.4799359441 0.5472915173 -0.3880719841 0.7415336370
88.0 445.3 1790.9 0 0 0 0 0 0 0 0 0
67.0 -42.2 2330.2 0 0 0 0 0 0 0 0 0
-151.2 -878.8 1851.4 0 0 0 0 0 0 0 0 0
-73.9 -737.5 2119.9 0 0 0 0 0 0 0 0 0
-5.6 462.6 1967.7 49 -0.2399028540 0.3113327026 -0.9195208549 -0.1833948493 0.9155924320 0.3578503132 0.9533168077 0.2544846833 -0.1625564098
-72.4 266.0 1913.0 -0.2399028540 0.3113327026 -0.9195208549 -0.1833948493 0.9155924320 0.3578503132 0.9533168077 0.2544846833 -0.1625564098
-67.5 81.3 1983.4 -0.1559451967 -0.0218688753 -0.9875236154 0.3526726663 0.9326271415 -0.0763456374 0.9226608872 -0.3601783216 -0.1377261728
-51.1 215.8 1784.5 -0.5516705513 -0.7476168871 -0.3697682619 -0.0404964201 0.4668205976 -0.8834243417 0.8330783844 -0.4723849297 -0.2878069878
17.5 220.9 1680.9 -0.2734156549 -0.7476168871 0.6052378416 -0.8645543456 0.4668205976 0.1860760450 -0.4216510952 -0.4723849297 -0.7739914656
-93.8 316.2 2041.6 0.0963331386 -0.8553746939 -0.5089734793 -0.9313402772 0.1029518172 -0.3492938578 0.3511768878 0.5076761246 -0.7867272496
-68.7 73.6 2133.0 0.4554836154 -0.8553746939 -0.2467159629 -0.3172940910 0.1029518172 -0.9427223206 0.8317806721 0.5076761246 -0.2245124727
