47.2 453.2 2119.0 19 0.9567348361 0.0459559746 0.2873091400 -0.0237282198 0.9964821935 -0.0803757757 -0.2899921834 0.0700809658 0.9544596076
37.3 240.1 2104.0 0.9567348361 0.0459559746 0.2873091400 -0.0237282198 0.9964821935 -0.0803757757 -0.2899921834 0.0700809658 0.9544596076
43.0 46.7 2100.4 0.9571997523 -0.0299774520 0.2878715098 0.0343447514 0.9993587136 -0.0101314625 -0.2873831689 0.0195847079 0.9576154351
-93.2 235.3 2143.4 0.4052688181 -0.9019190073 -0.1493296176 0.9103371501 0.3831419051 0.1564880908 -0.0839251429 -0.1993600428 0.9763258100
-186.3 26.2 2162.7 -0.1358125210 -0.9019190073 -0.4099964797 0.1865805537 0.3831419051 -0.9046490788 0.9730070233 -0.1993600428 0.1162450686
167.8 244.9 2064.6 0.0689342991 0.8162343502 0.5735935569 -0.5887945294 0.4974298179 -0.6370907426 -0.8053379059 -0.2938113213 0.5148842931
180.9 133.0 1911.6 -0.5304285288 0.8162343502 -0.2289259434 0.8467880487 0.4974298179 -0.1884506196 -0.0399452709 -0.2938113213 -0.9550284147
-32.9 -160.8 2125.8 0.9718003869 0.0212738607 0.2348433584 -0.0186440870 0.9997361898 -0.0134128481 -0.2350667566 0.0086561712 0.9719406962
-41.2 -551.2 2122.4 0.9714988470 0.0242093932 0.2358047664 -0.0431673676 0.9962057471 0.0755689144 -0.2330805957 -0.0835941881 0.9688578248
139.8 -152.8 2078.7 0.9615750909 0.0424517989 0.2712401450 -0.0611061640 0.9962838888 0.0606994331 -0.2676553726 -0.0749415085 0.9605958462
123.3 -539.3 2107.8 0.9570484161 -0.0961443037 0.2735226154 0.0624677837 0.9896374345 0.1292884499 -0.2831185758 -0.1066489592 0.9531368613
-153.9 -18.3 1930.7 0 0 0 0 0 0 0 0 0
39.7 358.5 1901.0 0 0 0 0 0 0 0 0 0
-50.2 -922.8 2153.6 0 0 0 0 0 0 0 0 0
159.2 -908.3 2147.6 0 0 0 0 0 0 0 0 0
47.5 454.2 2121.5 20 0.9602465630 0.0274584517 0.2777994275 -0.0101144770 0.9979194403 -0.0636751801 -0.2789698839 0.0583340824 0.9585264325
41.9 248.8 2109.5 0.9602465630 0.0274584517 0.2777994275 -0.0101144770 0.9979194403 -0.0636751801 -0.2789698839 0.0583340824 0.9585264325
44.1 55.1 2102.9 0.9604883194 -0.0119036520 0.2780655921 0.0209253505 0.9993457794 -0.0294991229 -0.2775325179 0.0341521837 0.9601089954
-89.2 245.9 2147.5 0.4263828397 -0.8831195235 -0.1956977993 0.9031165838 0.4277724624 0.0372984000 0.0507751852 -0.1926413327 0.9799547195
-186.0 40.9 2135.9 -0.1965105087 -0.8831195235 -0.4260088801 0.0355761796 0.4277724624 -0.9031860828 0.9798560739 -0.1926413327 -0.0526437685
172.9 251.6 2071.5 0.0459200591 0.8059239388 0.5902355313 -0.5975868702 0.4956372082 -0.6302648187 -0.8004881740 -0.3237752020 0.5043692589
182.1 132.4 1911.7 -0.5359794497 0.8059239388 -0.2514212728 0.8431099653 0.4956372082 -0.2085890025 -0.0434931405 -0.3237752020 -0.9451338649
-37.3 -148.5 2122.1 0.9743210077 0.0011084680 0.2251607180 0.0026765314 0.9998602271 -0.0165042728 -0.2251475304 0.0166831091 0.9741818309
-37.7 -537.8 2115.6 0.9739903212 0.0363709144 0.2236515582 -0.0609907471 0.9926868677 0.1041775346 -0.2182269245 -0.1151085868 0.9690856338
134.3 -143.5 2070.9 0.9635700583 0.0413633399 0.2642381191 -0.0622977316 0.9955046773 0.0713403299 -0.2600994110 -0.0852028430 0.9618153572
118.2 -529.9 2104.0 0.9563812613 -0.1186871454 0.2669236362 0.0766771510 0.9836971760 0.1626668274 -0.2818785012 -0.1351045668 0.9498901367
-139.6 32.5 1904.9 0 0 0 0 0 0 0 0 0
40.9 354.5 1900.3 0 0 0 0 0 0 0 0 0
-51.3 -908.0 2158.6 0 0 0 0 0 0 0 0 0
162.5 -896.7 2154.3 0 0 0 0 0 0 0 0 0
48.1 451.7 2124.2 21 0.9533827901 0.0183943436 0.3012024164 0.0015508815 0.9978286028 -0.0658460334 -0.3017596006 0.0632436052 0.9512840509
44.4 250.7 2111.5 0.9533827901 0.0183943436 0.3012024164 0.0015508815 0.9978286028 -0.0658460334 -0.3017596006 0.0632436052 0.9512840509
44.4 57.0 2102.2 0.9535030723 -0.0005166261 0.3013827801 0.0149875246 0.9988425374 -0.0457047485 -0.3010103106 0.0480966009 0.9524072409
-85.8 248.6 2152.6 0.4939496815 -0.8442086577 -0.2081476748 0.8641476035 0.5031380653 0.0100503704 0.0962423980 -0.1848346889 0.9780457616
-195.3 57.0 2131.3 -0.2970556617 -0.8442086577 -0.4461722374 -0.1521250755 0.5031380653 -0.8507115245 0.9426642656 -0.1848346889 -0.2778853178
174.5 252.7 2070.3 0.0385718122 0.8019577265 0.5961342454 -0.6010065675 0.4952293336 -0.6273269057 -0.7983127832 -0.3340834677 0.5010837317
182.2 133.0 1911.3 -0.5393053293 0.8019577265 -0.2569310963 0.8407216072 0.4952293336 -0.2189407945 -0.0483414382 -0.3340834677 -0.9413030148
-39.8 -139.8 2121.0 0.9684348106 -0.0119114239 0.2489823103 0.0190034918 0.9994786978 -0.0260999613 -0.2485416234 0.0300076436 0.9681562781
-35.1 -528.3 2109.4 0.9685980082 0.0474798158 0.2440565526 -0.0813220143 0.9881054163 0.1305159628 -0.2349567264 -0.1462646723 0.9609380960
132.3 -136.6 2071.4 0.9563214183 0.0438209549 0.2890138924 -0.0645694211 0.9959448576 0.0626470372 -0.2850966454 -0.0785721615 0.9552729130
115.3 -523.2 2101.9 0.9474639297 -0.1306467801 0.2919649184 0.0852682739 0.9829142690 0.1631222516 -0.3082878888 -0.1296571046 0.9424158335
-123.9 93.5 1904.9 0 0 0 0 0 0 0 0 0
41.7 352.1 1898.7 0 0 0 0 0 0 0 0 0
-52.8 -896.8 2163.9 0 0 0 0 0 0 0 0 0
164.0 -889.9 2150.3 0 0 0 0 0 0 0 0 0
48.6 447.1 2125.6 22 0.9619210362 0.0397085175 0.2704276145 -0.0158289894 0.9958233237 -0.0899184346 -0.2728686631 0.0822138414 0.9585319757
40.2 237.2 2108.3 0.9619210362 0.0397085175 0.2704276145 -0.0158289894 0.9958233237 -0.0899184346 -0.2728686631 0.0822138414 0.9585319757
47.1 43.6 2099.9 0.9620403647 -0.0358828306 0.2705378830 0.0463632941 0.9983975291 -0.0324465819 -0.2689400911 0.0437579490 0.9621623755
-91.0 230.8 2145.0 0.5524874926 -0.8111469150 -0.1918286234 0.8136803508 0.5747740865 -0.0869423598 0.1807811558 -0.1080526188 0.9775698185
-199.8 70.6 2109.4 -0.3704408407 -0.8111469150 -0.4525640607 -0.3619701862 0.5747740865 -0.7339020967 0.8554245830 -0.1080526188 -0.5065308213
171.4 243.6 2071.5 0.0431823246 0.7909866571 0.6103076339 -0.5346175432 0.5343508124 -0.6547161937 -0.8439901471 -0.2980090082 0.4459498227
179.8 140.3 1908.5 -0.5633985996 0.7909866571 -0.2385836989 0.8260630965 0.5343508124 -0.1791339517 -0.0142051661 -0.2980090082 -0.9544573426
-41.0 -137.8 2119.8 0.9756510854 -0.0266323555 0.2177055031 0.0347791202 0.9988275170 -0.0336746499 -0.2165534198 0.0404263139 0.9754334092
-30.6 -525.7 2104.1 0.9749213457 0.0774364844 0.2086432725 -0.1115905046 0.9812343121 0.1572474539 -0.1925512552 -0.1765864938 0.9652674198
129.8 -135.4 2065.9 0.9663355350 0.0397110470 0.2542020380 -0.0585403219 0.9960383177 0.0669383705 -0.2505367696 -0.0795659944 0.9648318887
114.4 -522.0 2096.8 0.9563549757 -0.1387217790 0.2571796775 0.0901493430 0.9772650003 0.1919015199 -0.2779535949 -0.1603413969 0.9471179843
-110.8 157.6 1903.7 0 0 0 0 0 0 0 0 0
34.2 353.8 1904.8 0 0 0 0 0 0 0 0 0
-59.5 -891.5 2169.9 0 0 0 0 0 0 0 0 0
166.1 -886.5 2156.6 0 0 0 0 0 0 0 0 0
48.8 448.7 2130.8 23 0.9610087872 0.0208226312 0.2757327259 0.0047262618 0.9957781434 -0.0916710272 -0.2764774263 0.0893998444 0.9568530917
44.5 245.4 2112.5 0.9610087872 0.0208226312 0.2757327259 0.0047262618 0.9957781434 -0.0916710272 -0.2764774263 0.0893998444 0.9568530917
47.9 52.0 2099.6 0.9610610604 -0.0173988398 0.2757877707 0.0351667926 0.9976019859 -0.0596122146 -0.2740892470 0.0669895485 0.9593682885
-86.7 240.6 2150.0 0.5232635736 -0.8283545971 -0.2000597715 0.7996188998 0.5584393144 -0.2208056897 0.2946266532 -0.0444319881 0.9545789361
-197.2 71.7 2087.8 -0.4140417278 -0.8283545971 -0.3773567975 -0.5568742156 0.5584393144 -0.6148468256 0.7200420499 -0.0444319881 -0.6925064921
175.7 250.2 2075.1 0.0047388640 0.7690241337 0.6392021775 -0.5252439380 0.5458481312 -0.6528158784 -0.8509384990 -0.3326434791 0.4065119624
176.6 145.6 1905.5 -0.5741381645 0.7690241337 -0.2810111344 0.8186029792 0.5458481312 -0.1787147224 0.0159534737 -0.3326434791 -0.9429177046
-32.1 -154.0 2115.6 0.9748570323 -0.0015110602 0.2228262424 0.0059703090 0.9997951388 -0.0193399433 -0.2227513641 0.0201840214 0.9746662974
-31.5 -542.0 2107.8 0.9727828503 0.0774188489 0.2184028178 -0.1166121811 0.9780464172 0.1727042943 -0.2002375275 -0.1934722066 0.9604548216
140.1 -145.8 2067.5 0.9628048539 0.0641109198 0.2624815404 -0.0824887678 0.9948085546 0.0595946610 -0.2572982311 -0.0790298134 0.9630949497
115.2 -531.9 2098.1 0.9529466033 -0.1402298659 0.2687532604 0.0890394971 0.9769457579 0.1940333098 -0.2897666395 -0.1609737277 0.9434631467
-96.9 206.6 1913.4 0 0 0 0 0 0 0 0 0
29.0 356.1 1909.7 0 0 0 0 0 0 0 0 0
-60.4 -906.8 2179.9 0 0 0 0 0 0 0 0 0
167.5 -896.4 2158.2 0 0 0 0 0 0 0 0 0
46.2 451.5 2135.4 24 0.9629836082 0.0046485998 0.2695198357 0.0208249073 0.9955801368 -0.0915780440 -0.2687543035 0.0938008875 0.9586305618
45.3 251.8 2116.6 0.9629836082 0.0046485998 0.2695198357 0.0208249073 0.9955801368 -0.0915780440 -0.2687543035 0.0938008875 0.9586305618
47.8 58.4 2101.1 0.9629290700 -0.0129277250 0.2694447935 0.0339546427 0.9967152476 -0.0735239685 -0.2676092386 0.0799472705 0.9602050185
-86.2 247.1 2153.1 0.4700213671 -0.8490498066 -0.2412349731 0.7688342929 0.5280711055 -0.3606032729 0.4335593879 -0.0159784760 0.9009833336
-186.9 82.5 2060.3 -0.4480424523 -0.8490498066 -0.2799506485 -0.7036918402 0.5280711055 -0.4753510952 0.5514306426 -0.0159784760 -0.8340677023
176.8 256.4 2080.0 -0.0052706623 0.7577636242 0.6525078416 -0.5254509449 0.5530753732 -0.6465361118 -0.8508075476 -0.3462685347 0.3952525556
175.7 150.1 1907.8 -0.5846625566 0.7577636242 -0.2897653282 0.8111169338 0.5530753732 -0.1902549714 0.0160937700 -0.3462685347 -0.9379974008
-34.9 -144.6 2111.2 0.9762021899 0.0074540731 0.2167342007 -0.0063993325 0.9999639988 -0.0055679381 -0.2167679071 0.0040484793 0.9762147665
-37.7 -532.7 2109.7 0.9758360982 0.0404838510 0.2147206217 -0.0778746381 0.9825940132 0.1686549634 -0.2041554004 -0.1813008934 0.9620034099
137.2 -138.3 2062.1 0.9638448954 0.0609799586 0.2593924999 -0.0861295313 0.9925031662 0.0867130160 -0.2521601319 -0.1059192494 0.9618712664
113.6 -523.5 2103.2 0.9542354345 -0.1426877379 0.2628211081 0.1052837744 0.9828583002 0.1513437033 -0.2799107730 -0.1167467311 0.9529008865
-78.2 253.1 1926.5 0 0 0 0 0 0 0 0 0
26.0 357.8 1911.9 0 0 0 0 0 0 0 0 0
-52.8 -899.1 2177.3 0 0 0 0 0 0 0 0 0
166.8 -889.9 2146.8 0 0 0 0 0 0 0 0 0
44.0 448.9 2135.7 25 0.9690263271 -0.0052154213 0.2469023019 0.0277950913 0.9957277179 -0.0880552158 -0.2453882247 0.0921904966 0.9650313854
45.0 251.1 2117.4 0.9690263271 -0.0052154213 0.2469023019 0.0277950913 0.9957277179 -0.0880552158 -0.2453882247 0.0921904966 0.9650313854
47.3 57.7 2101.4 0.9689937234 -0.0117318900 0.2468065470 0.0316262171 0.9965449572 -0.0767980069 -0.2450528294 0.0822223499 0.9660168886
-87.3 246.8 2150.8 0.4431326985 -0.8526204824 -0.2768966556 0.7530592680 0.5216211677 -0.4010150135 0.4863487780 -0.0308167245 0.8732211590
-185.1 80.6 2043.5 -0.4883447886 -0.8526204824 -0.1858970821 -0.7744703889 0.5216211677 -0.3579202890 0.4021380246 -0.0308167245 -0.9150602818
177.3 255.5 2083.9 -0.0023982180 0.7553951144 0.6552652121 -0.5081472397 0.5634409189 -0.6513990760 -0.8612668514 -0.3345333934 0.3825006783
176.9 153.4 1910.9 -0.5972706079 0.7553951144 -0.2695292830 0.8020368218 0.5634409189 -0.1981697679 0.0021673525 -0.3345333934 -0.9423813820
-36.0 -138.0 2109.6 0.9809955955 -0.0055716191 0.1939498931 0.0070934650 0.9999492764 -0.0071529890 -0.1939001977 0.0083928276 0.9809853435
-33.8 -526.1 2106.3 0.9800549150 0.0594417751 0.1896285862 -0.0935963839 0.9798237085 0.1765933037 -0.1753055602 -0.1908196807 0.9658446312
136.5 -131.9 2061.6 0.9695819616 0.0604914948 0.2371741235 -0.0822458342 0.9931564927 0.0829203278 -0.2305350602 -0.0999046415 0.9679217935
113.0 -517.4 2100.4 0.9603385925 -0.1398800164 0.2412122637 0.1025034860 0.9815950990 0.1611339301 -0.2593121827 -0.1300180405 0.9570018053
-65.3 270.6 1944.9 0 0 0 0 0 0 0 0 0
24.2 358.4 1911.4 0 0 0 0 0 0 0 0 0
-56.0 -891.6 2177.5 0 0 0 0 0 0 0 0 0
165.2 -883.6 2148.9 0 0 0 0 0 0 0 0 0
41.8 444.3 2134.3 26 0.9754030704 -0.0148734767 0.2199263275 0.0330921635 0.9962942600 -0.0793894902 -0.2179305404 0.0847145915 0.9722806811
44.7 247.3 2117.6 0.9754030704 -0.0148734767 0.2199263275 0.0330921635 0.9962942600 -0.0793894902 -0.2179305404 0.0847145915 0.9722806811
47.7 53.9 2102.3 0.9754162431 -0.0152812880 0.2198400199 0.0322229117 0.9967608452 -0.0736852288 -0.2180019170 0.0789576545 0.9727491140
-88.5 242.9 2147.3 0.4261958301 -0.8343386054 -0.3496229351 0.6983197927 0.5491180420 -0.4591501057 0.5750709176 -0.0484607592 0.8166670203
-181.1 91.1 2022.3 -0.5394473672 -0.8343386054 -0.1134707555 -0.7952148318 0.5491180420 -0.2571045756 0.2768211067 -0.0484607592 -0.9596987367
177.9 251.7 2087.8 0.0962653458 0.7493553162 0.6551333070 -0.5513417721 0.5881358981 -0.5917080641 -0.8287069798 -0.3042413890 0.4697679877
197.7 138.5 1917.6 -0.6177169681 0.7493553162 -0.2385212332 0.7863994837 0.5881358981 -0.1888703108 -0.0012480734 -0.3042413890 -0.9525941610
-37.2 -138.5 2107.4 0.9859594703 -0.0132300369 0.1664600372 0.0134694586 0.9999092221 -0.0003094068 -0.1664408296 0.0025471891 0.9860481620
-32.1 -526.6 2106.4 0.9843852520 0.0703290105 0.1613675803 -0.0993498862 0.9787283540 0.1795005202 -0.1453109384 -0.1927295178 0.9704329371
136.3 -132.8 2063.5 0.9761571288 0.0580769293 0.2091513872 -0.0747478306 0.9945489168 0.0726998821 -0.2037891001 -0.0866001248 0.9751771092
113.8 -518.9 2097.1 0.9681706429 -0.1299739480 0.2138980329 0.0937793255 0.9807187319 0.1714532077 -0.2320582569 -0.1459367424 0.9616919756
-47.5 288.1 1953.7 0 0 0 0 0 0 0 0 0
39.9 339.3 1917.2 0 0 0 0 0 0 0 0 0
-58.3 -891.8 2178.3 0 0 0 0 0 0 0 0 0
162.3 -884.8 2151.6 0 0 0 0 0 0 0 0 0
40.5 441.9 2129.1 27 0.9776723385 -0.0190306045 0.2092715502 0.0334103145 0.9973000288 -0.0653940737 -0.2074620426 0.0709258094 0.9756684899
44.2 245.0 2115.1 0.9776723385 -0.0190306045 0.2092715502 0.0334103145 0.9973000288 -0.0653940737 -0.2074620426 0.0709258094 0.9756684899
47.3 51.4 2101.7 0.9777343273 -0.0157247167 0.2092567086 0.0298555233 0.9974682927 -0.0645420775 -0.2077120245 0.0693524703 0.9757283926
-89.3 241.0 2143.5 0.4167880118 -0.8290814161 -0.3727086484 0.6588549614 0.5580132604 -0.5045109391 0.6262570620 -0.0352868289 0.7788176537
-180.0 97.6 2007.3 -0.5524043441 -0.8290814161 -0.0864491314 -0.8077210188 0.5580132604 -0.1902838200 0.2060005516 -0.0352868289 -0.9779154658
177.8 249.1 2086.8 0.1215868145 0.7687783241 0.6278507113 -0.5479101539 0.5794239640 -0.6033757925 -0.8276539445 -0.2706432641 0.4916717708
202.0 140.1 1922.0 -0.6129958630 0.7687783241 -0.1822525114 0.7882625461 0.5794239640 -0.2071472853 -0.0536488704 -0.2706432641 -0.9611836672
-36.7 -142.5 2106.5 0.9877291322 -0.0104620233 0.1558259577 0.0099869398 0.9999427795 0.0038314110 -0.1558571160 -0.0022281718 0.9877771139
-32.6 -530.7 2107.3 0.9862819314 0.0656922162 0.1514348090 -0.0932561159 0.9787166715 0.1828030944 -0.1362030357 -0.1944176108 0.9714167714
138.0 -136.7 2067.4 0.9782709479 0.0622080863 0.1977779567 -0.0770756006 0.9946776628 0.0683788210 -0.1924715936 -0.0821368694 0.9778590202
113.8 -522.8 2099.3 0.9696761370 -0.1362359673 0.2028988600 0.1032866761 0.9808727503 0.1649862975 -0.2214950323 -0.1390265226 0.9652003050
-41.5 300.1 1955.6 0 0 0 0 0 0 0 0 0
44.6 342.4 1908.2 0 0 0 0 0 0 0 0 0
-57.2 -895.9 2179.9 0 0 0 0 0 0 0 0 0
164.7 -888.9 2151.2 0 0 0 0 0 0 0 0 0
38.9 448.4 2132.6 28 0.9764632583 -0.0268808492 0.2140020430 0.0430129766 0.9965423346 -0.0710866675 -0.2113512158 0.0786183849 0.9742432237
44.2 251.1 2117.0 0.9764632583 -0.0268808492 0.2140020430 0.0430129766 0.9965423346 -0.0710866675 -0.2113512158 0.0786183849 0.9742432237
47.7 57.6 2102.4 0.9766753316 -0.0179280397 0.2139716744 0.0335789509 0.9970002174 -0.0697357506 -0.2120795697 0.0752941296 0.9743474722
-89.2 246.5 2146.0 0.3915264010 -0.8086622953 -0.4390584528 0.6046389937 0.5857743025 -0.5397037268 0.6936272383 -0.0541635975 0.7182949185
-176.4 111.8 1991.5 -0.5859813690 -0.8086622953 -0.0518756658 -0.7939712405 0.5857743025 -0.1627208441 0.1619736552 -0.0541635975 -0.9853075147
177.6 255.7 2088.0 0.0921876505 0.7577041984 0.6460539699 -0.5203137398 0.5898472071 -0.6175385118 -0.8489847183 -0.2792213559 0.4486205578
195.7 153.8 1921.7 -0.6228169203 0.7577041984 -0.1948932260 0.7813712358 0.5898472071 -0.2038117200 -0.0394717716 -0.2792213559 -0.9594151378
-37.3 -144.9 2106.8 0.9870081544 -0.0108759580 0.1603015363 0.0095987385 0.9999157190 0.0087398319 -0.1603830904 -0.0070875925 0.9870293736
-33.0 -533.0 2109.6 0.9856598973 0.0628575459 0.1565997452 -0.0889736190 0.9821389318 0.1657913178 -0.1433814764 -0.1773470938 0.9736476541
137.9 -139.5 2069.6 0.9774438143 0.0601364188 0.2024531066 -0.0752751157 0.9948469996 0.0679202080 -0.1973253787 -0.0816278607 0.9769337773
114.5 -525.7 2101.3 0.9688880444 -0.1351656169 0.2073310912 0.1017680764 0.9811823964 0.1640865654 -0.2256084830 -0.1378818303 0.9644114375
-28.5 312.2 1950.6 0 0 0 0 0 0 0 0 0
34.2 356.3 1911.5 0 0 0 0 0 0 0 0 0
-56.5 -899.6 2175.8 0 0 0 0 0 0 0 0 0
165.0 -891.9 2152.8 0 0 0 0 0 0 0 0 0
37.1 450.6 2132.3 29 0.9797286987 -0.0556781590 0.1924360693 0.0669138357 0.9963826537 -0.0523844101 -0.1888232976 0.0641991422 0.9799103141
48.2 251.3 2119.4 0.9797286987 -0.0556781590 0.1924360693 0.0669138357 0.9963826537 -0.0523844101 -0.1888232976 0.0641991422 0.9799103141
45.2 57.9 2104.2 0.9810773730 0.0156439040 0.1929831654 -0.0002327483 0.9968250394 -0.0796229616 -0.1936160624 0.0780713707 0.9779660702
-85.7 251.4 2145.9 0.3779544234 -0.7989924550 -0.4677194953 0.5668275952 0.5991402268 -0.5654533505 0.7320225239 -0.0514007024 0.6793386340
-173.7 119.4 1975.4 -0.6003206372 -0.7989924550 -0.0350172147 -0.7897399068 0.5991402268 -0.1316882819 0.1261981726 -0.0514007024 -0.9906724691
182.1 251.3 2093.0 0.0749591887 0.7664317489 0.6379369497 -0.4814713001 0.5880439878 -0.6499150991 -0.8732505441 -0.2584312260 0.4130941927
196.4 159.8 1927.0 -0.6177539229 0.7664317489 -0.1759616137 0.7850381136 0.5880439878 -0.1947290450 -0.0457733497 -0.2584312260 -0.9649446011
-36.4 -138.9 2106.8 0.9897725582 -0.0144646466 0.1419190168 0.0130846649 0.9998576641 0.0106521687 -0.1420528889 -0.0086862622 0.9898209572
-30.7 -527.1 2110.1 0.9881221652 0.0659754127 0.1387870014 -0.0857834592 0.9861474633 0.1419661045 -0.1274981797 -0.1521854848 0.9800937772
138.6 -132.9 2068.8 0.9806582332 0.0576669909 0.1870398074 -0.0715743974 0.9950823784 0.0684700236 -0.1821715683 -0.0805329606 0.9799632430
116.2 -519.2 2100.0 0.9735445380 -0.1241576821 0.1918224990 0.0924011171 0.9817097783 0.1664570719 -0.2089809477 -0.1443287581 0.9672105312
-21.6 319.5 1943.4 0 0 0 0 0 0 0 0 0
33.2 367.2 1915.0 0 0 0 0 0 0 0 0 0
-55.4 -895.1 2166.9 0 0 0 0 0 0 0 0 0
162.6 -885.7 2153.9 0 0 0 0 0 0 0 0 0
37.0 451.1 2134.1 30 0.9854141474 -0.0510816462 0.1623256952 0.0659746304 0.9939579368 -0.0877207294 -0.1568640023 0.0971506312 0.9828303456
47.9 239.3 2113.4 0.9854141474 -0.0510816462 0.1623256952 0.0659746304 0.9939579368 -0.0877207294 -0.1568640023 0.0971506312 0.9828303456
43.1 45.7 2102.7 0.9865082502 0.0241086911 0.1619267017 -0.0148326699 0.9981917143 -0.0582519397 -0.1630382687 0.0550642125 0.9850819707
-86.8 241.3 2135.7 0.3923221529 -0.7957016826 -0.4614565670 0.5194503069 0.6056801677 -0.6027627587 0.7591143847 -0.0032266027 0.6509492397
-174.6 125.1 1965.8 -0.6022322178 -0.7957016826 -0.0646157414 -0.7905812860 0.6056801677 -0.0901821479 0.1108945608 -0.0032266027 -0.9938269258
182.5 237.4 2091.2 0.1017434075 0.7702593803 0.6295623779 -0.4229900837 0.6062859297 -0.6734216809 -0.9004041553 -0.1977824420 0.3874976635
200.7 161.9 1930.6 -0.6237500906 0.7702593803 -0.1328018308 0.7808092833 0.6062859297 -0.1508449167 -0.0356738232 -0.1977824420 -0.9795966148
-45.7 -135.4 2106.3 0.9928944707 -0.0399563685 0.1120895222 0.0395323522 0.9992002249 0.0060037533 -0.1122397631 -0.0015299312 0.9936800003
-30.2 -523.2 2106.9 0.9920635819 0.0696217045 0.1047025248 -0.0857117027 0.9837108254 0.1580079794 -0.0919962227 -0.1657281965 0.9818711281
130.0 -135.5 2071.6 0.9871440530 0.0353965089 0.1558645219 -0.0450039245 0.9972696900 0.0585475676 -0.1533665806 -0.0648093969 0.9860417843
116.2 -522.5 2096.8 0.9791355729 -0.1264518052 0.1590704769 0.0966222510 0.9783549905 0.1829910129 -0.1787669361 -0.1638032645 0.9701602459
-21.5 326.0 1937.6 0 0 0 0 0 0 0 0 0
32.3 372.7 1920.9 0 0 0 0 0 0 0 0 0
-56.1 -890.3 2168.8 0 0 0 0 0 0 0 0 0
163.4 -887.6 2157.9 0 0 0 0 0 0 0 0 0
35.7 454.7 2135.0 31 0.9880727530 -0.0578477606 0.1427091062 0.0733275339 0.9916896224 -0.1057109609 -0.1354079992 0.1149146259 0.9841033220
48.6 232.8 2109.3 0.9880727530 -0.0578477606 0.1427091062 0.0733275339 0.9916896224 -0.1057109609 -0.1354079992 0.1149146259 0.9841033220
44.6 38.9 2104.5 0.9897733927 0.0200798307 0.1412283629 -0.0163323488 0.9994844198 -0.0276442561 -0.1417106390 0.0250549577 0.9895910025
-86.5 235.0 2128.7 0.3778219521 -0.7707536221 -0.5130198598 0.4137926996 0.6362398863 -0.6511331797 0.8282669783 0.0337285325 0.5593176484
-165.8 148.2 1954.9 -0.6335062981 -0.7707536221 -0.0678867027 -0.7709319592 0.6362398863 -0.0293722413 0.0658309907 0.0337285325 -0.9972605705
183.8 230.7 2090.0 0.2884865105 0.7363035679 0.6120723486 -0.5216782689 0.6569072008 -0.5443571210 -0.8028868437 -0.1622651517 0.5736224651
234.5 138.9 1948.8 -0.6756016612 0.7363035679 0.0376752615 0.7003577352 0.6569072008 -0.2792345285 -0.2303505242 -0.1622651517 -0.9594835043
-49.9 -146.7 2106.5 0.9945928454 -0.0467445627 0.0927362666 0.0470634364 0.9988911152 -0.0012533542 -0.0925748423 0.0056110644 0.9956899285
-31.8 -534.4 2104.3 0.9939754605 0.0729559511 0.0817938149 -0.0876981840 0.9770190716 0.1942748576 -0.0657406151 -0.2002776116 0.9775310755
126.7 -149.3 2077.3 0.9907391667 0.0226948597 0.1338685751 -0.0304087438 0.9979752898 0.0558624491 -0.1323297322 -0.0594158918 0.9894233346
117.9 -536.6 2100.4 0.9823727012 -0.1286318153 0.1356383562 0.1036592498 0.9786722660 0.1773567349 -0.1555592120 -0.1601702422 0.9747547507
-3.9 345.2 1938.1 0 0 0 0 0 0 0 0 0
53.1 327.0 1887.0 0 0 0 0 0 0 0 0 0
-59.0 -898.8 2179.0 0 0 0 0 0 0 0 0 0
165.9 -901.9 2160.2 0 0 0 0 0 0 0 0 0
35.0 453.4 2136.0 32 0.9923286438 -0.0541741140 0.1111259162 0.0672935471 0.9907393456 -0.1179282665 -0.1037081629 0.1245016530 0.9867846370
47.2 229.4 2107.9 0.9923286438 -0.0541741140 0.1111259162 0.0672935471 0.9907393456 -0.1179282665 -0.1037081629 0.1245016530 0.9867846370
45.3 35.4 2105.6 0.9940263033 0.0092644002 0.1087466031 -0.0079554217 0.9998906851 -0.0124646546 -0.1088501886 0.0115250694 0.9939913750
-88.5 230.4 2122.7 0.3801830411 -0.7489155531 -0.5427581072 0.3469721973 0.6594484448 -0.6668868065 0.8573629260 0.0652170926 0.5105639696
-165.8 159.8 1948.3 -0.6587182283 -0.7489155531 -0.0722209141 -0.7515663505 0.6594484448 0.0166054033 0.0351899229 0.0652170926 -0.9972504377
182.9 228.4 2093.0 0.3965699673 0.6996011734 0.5943824053 -0.5740800500 0.6942442060 -0.4341164231 -0.7163549066 -0.1690655351 0.6769434810
254.9 124.2 1963.0 -0.6974930763 0.6996011734 0.1551180482 0.6121596694 0.6942442060 -0.3785307109 -0.3725103438 -0.1690655351 -0.9124981761
-48.0 -153.5 2112.3 0.9971913099 -0.0434578769 0.0609996244 0.0441480055 0.9989748597 -0.0100112632 -0.0605020188 0.0126761561 0.9980875850
-31.1 -541.3 2107.3 0.9954569340 0.0799338967 0.0517311618 -0.0879565626 0.9800609946 0.1781687140 -0.0364579745 -0.1819093674 0.9826391935
129.3 -156.3 2086.9 0.9946906567 0.0242003873 0.1000242680 -0.0286494885 0.9986518621 0.0432856530 -0.0988418907 -0.0459214784 0.9940429926
119.9 -544.0 2104.7 0.9880697131 -0.1153477728 0.1020448804 0.0993089005 0.9836409688 0.1502935141 -0.1177115515 -0.1383665055 0.9833609462
3.0 352.5 1939.3 0 0 0 0 0 0 0 0 0
65.1 290.7 1861.6 0 0 0 0 0 0 0 0 0
-60.9 -906.9 2175.2 0 0 0 0 0 0 0 0 0
162.9 -911.0 2156.3 0 0 0 0 0 0 0 0 0
32.4 450.2 2136.0 33 0.9929447174 -0.0888637602 0.0785116479 0.0986669511 0.9864099026 -0.1313783973 -0.0657698885 0.1381979883 0.9882184267
52.8 223.2 2104.2 0.9929447174 -0.0888637602 0.0785116479 0.0986669511 0.9864099026 -0.1313783973 -0.0657698885 0.1381979883 0.9882184267
49.5 29.2 2103.3 0.9971156716 0.0170183424 0.0739643574 -0.0166448690 0.9998454452 -0.0056628995 -0.0740492940 0.0044154390 0.9972448349
-83.3 225.4 2114.3 0.4112164974 -0.7387979627 -0.5339275002 0.2687477469 0.6579708457 -0.7034550309 0.8710198998 0.1457805037 0.4691187441
-165.5 171.7 1940.0 -0.6646838188 -0.7387979627 -0.1112339944 -0.7471164465 0.6579708457 0.0942940935 0.0035244464 0.1457805037 -0.9893106818
188.9 221.0 2094.1 0.4661385417 0.6384995580 0.6123995185 -0.6024409533 0.7360026836 -0.3088122010 -0.6479041576 -0.2249852568 0.7277374864
273.3 112.0 1976.8 -0.7256886363 0.6384995580 0.2563090026 0.4783956110 0.7360026836 -0.4789965451 -0.4944832027 -0.2249852568 -0.8395641446
-45.5 -157.9 2113.2 0.9992002845 -0.0302699059 0.0261254944 0.0303534288 0.9995352626 -0.0028063005 -0.0260284077 0.0035970544 0.9996547103
-33.8 -545.9 2111.8 0.9975619316 0.0665275976 0.0210768152 -0.0689806566 0.9857612252 0.1533509195 -0.0105746388 -0.1544309407 0.9879469872
132.4 -159.3 2093.7 0.9971855879 0.0370636545 0.0651708394 -0.0394199006 0.9986008406 0.0352482758 -0.0637732223 -0.0377181023 0.9972513914
118.0 -546.9 2108.3 0.9893344045 -0.1286378354 0.0683353916 0.1191820949 0.9845911860 0.1279678792 -0.0837439373 -0.1184586659 0.9894213080
5.5 363.9 1939.1 0 0 0 0 0 0 0 0 0
76.5 241.7 1842.7 0 0 0 0 0 0 0 0 0
-58.6 -913.6 2169.4 0 0 0 0 0 0 0 0 0
166.0 -914.3 2152.5 0 0 0 0 0 0 0 0 0
30.9 449.0 2136.0 34 0.9852697849 -0.1602228731 0.0597667992 0.1674819887 0.9747039676 -0.1479931474 -0.0345430486 0.1558230370 0.9871808290
68.9 218.1 2099.1 0.9852697849 -0.1602228731 0.0597667992 0.1674819887 0.9747039676 -0.1479931474 -0.0345430486 0.1558230370 0.9871808290
54.2 25.0 2102.5 0.9957609773 0.0753335953 0.0527725071 -0.0761928186 0.9969882369 0.0144607555 -0.0515241846 -0.0184203424 0.9985018373
-66.8 228.4 2106.0 0.4896510541 -0.7200454473 -0.4917076528 0.2348453104 0.6520091295 -0.7209242582 0.8396961093 0.2375260592 0.4883562624
-167.1 180.3 1933.9 -0.6755061746 -0.7200454473 -0.1588268578 -0.7369348407 0.6520091295 0.1783566475 -0.0248683300 0.2375260592 -0.9710627794
204.6 207.7 2092.1 0.4912796021 0.5912233591 0.6396086812 -0.6535092592 0.7356752753 -0.1780660599 -0.5758211017 -0.3305099905 0.7477921844
287.6 97.4 1994.9 -0.7199987173 0.5912233591 0.3633961976 0.2968018055 0.7356752753 -0.6088436842 -0.6273041964 -0.3305099905 -0.7051613927
-43.2 -163.4 2109.1 0.9996793866 -0.0247966852 0.0051256688 0.0247447249 0.9996441603 0.0099636158 -0.0053709093 -0.0098335873 0.9999372363
-33.5 -551.4 2112.9 0.9977679253 0.0667606741 0.0014701348 -0.0661809519 0.9856896996 0.1550350785 0.0089011500 -0.1547863185 0.9879078865
135.3 -166.3 2095.8 0.9982057810 0.0397186428 0.0448067933 -0.0411997028 0.9986180067 0.0326296985 -0.0434488617 -0.0344171822 0.9984626174
119.9 -554.0 2109.2 0.9901393652 -0.1315888911 0.0480462052 0.1251855493 0.9850789905 0.1181014106 -0.0628701374 -0.1109221652 0.9918385148
7.8 371.2 1940.4 0 0 0 0 0 0 0 0 0
92.8 177.7 1825.1 0 0 0 0 0 0 0 0 0
-58.4 -919.2 2170.6 0 0 0 0 0 0 0 0 0
169.0 -921.6 2150.6 0 0 0 0 0 0 0 0 0
30.5 448.9 2130.0 35 0.9799801707 -0.1961150169 0.0343188830 0.1989421546 0.9713260531 -0.1301835477 -0.0078038778 0.1344047636 0.9908958077
77.5 216.3 2097.8 0.9799801707 -0.1961150169 0.0343188830 0.1989421546 0.9713260531 -0.1301835477 -0.0078038778 0.1344047636 0.9908958077
58.9 23.3 2102.3 0.9950606823 0.0956475958 0.0265661981 -0.0962294489 0.9951256514 0.0215600058 -0.0243745409 -0.0240099635 0.9994145036
-58.2 229.4 2101.1 0.5442571640 -0.6955194473 -0.4690808654 0.2054496557 0.6526271105 -0.7292930484 0.8133723736 0.3005504310 0.4980911911
-172.0 186.4 1930.9 -0.6907211542 -0.6955194473 -0.1978812814 -0.7225180268 0.6526271105 0.2281349599 -0.0295296144 0.3005504310 -0.9533087015
213.2 203.2 2094.5 0.5206804276 0.5569885373 0.6470360756 -0.7184495926 0.6952806711 -0.0203709919 -0.4612180889 -0.4542559981 0.7621872425
298.0 86.1 2019.4 -0.6904301643 0.5569885373 0.4615949988 0.0836460665 0.6952806711 -0.7138543725 -0.7185468078 -0.4542559981 -0.5266326666
-49.4 -161.4 2110.5 0.9991769791 -0.0346026905 -0.0211670883 0.0349702835 0.9992394447 0.0172497891 0.0205541011 -0.0179758109 0.9996271133
-36.0 -549.3 2117.5 0.9985044599 0.0487952679 -0.0246558283 -0.0454636253 0.9915831685 0.1212263405 0.0303635765 -0.1199240908 0.9923186302
128.5 -174.9 2101.4 0.9997213483 0.0141173927 0.0189181697 -0.0148387635 0.9991465211 0.0385494754 -0.0183578059 -0.0388194583 0.9990776181
123.1 -562.7 2116.4 0.9943098426 -0.1047543585 0.0193499662 0.1031763703 0.9922149181 0.0697441325 -0.0265053250 -0.0673508197 0.9973772168
8.9 375.6 1938.7 0 0 0 0 0 0 0 0 0
113.1 108.5 1826.9 0 0 0 0 0 0 0 0 0
-54.2 -919.1 2162.2 0 0 0 0 0 0 0 0 0
162.1 -932.6 2141.6 0 0 0 0 0 0 0 0 0
27.5 447.2 2118.0 36 0.9756587744 -0.2175716758 0.0274314880 0.2191351205 0.9720563293 -0.0841801688 -0.0083497297 0.0881423280 0.9960728884
79.5 214.5 2096.9 0.9756587744 -0.2175716758 0.0274314880 0.2191351205 0.9720563293 -0.0841801688 -0.0083497297 0.0881423280 0.9960728884
60.7 21.5 2103.4 0.9950774908 0.0970004573 0.0202889591 -0.0976226479 0.9946982861 0.0323285758 -0.0170455053 -0.0341501012 0.9992713332
-56.3 227.8 2099.2 0.5640780926 -0.6831082106 -0.4638740122 0.1686545610 0.6452517509 -0.7451213598 0.8083140254 0.3420721292 0.4791816771
-175.0 192.3 1929.1 -0.6969980001 -0.6831082106 -0.2180756032 -0.7158688903 0.6452517509 0.2667993009 -0.0415391289 0.3420721292 -0.9387550950
215.4 201.2 2094.6 0.5688267350 0.5346472263 0.6249707937 -0.7695652843 0.6140957475 0.1750876904 -0.2901817560 -0.5805503726 0.7607600093
308.4 75.3 2047.1 -0.6543111205 0.5346472263 0.5348170996 -0.1339515746 0.6140957475 -0.7777810693 -0.7442674041 -0.5805503726 -0.3301928341
-48.7 -161.0 2109.0 0.9990867376 -0.0330268107 -0.0271085612 0.0335158557 0.9992798567 0.0177885257 0.0265015401 -0.0186808463 0.9994742274
-35.9 -548.9 2116.3 0.9983109236 0.0492542349 -0.0308111310 -0.0446544662 0.9897835255 0.1354052275 0.0371656306 -0.1338006705 0.9903110862
129.3 -178.2 2104.7 0.9997812510 0.0168992113 0.0123258466 -0.0172452200 0.9994442463 0.0285276826 -0.0118369004 -0.0287340041 0.9995170236
122.7 -566.1 2115.9 0.9934528470 -0.1134934723 0.0130660515 0.1122525558 0.9909946918 0.0729991272 -0.0212333128 -0.0710544884 0.9972463846
8.8 381.0 1940.0 0 0 0 0 0 0 0 0 0
136.6 40.1 1851.7 0 0 0 0 0 0 0 0 0
-54.2 -918.2 2166.2 0 0 0 0 0 0 0 0 0
165.1 -935.8 2142.4 0 0 0 0 0 0 0 0 0
25.2 449.3 2116.0 37 0.9752526283 -0.2190004587 0.0303493440 0.2207686454 0.9720389843 -0.0800089836 -0.0119787417 0.0847291574 0.9963319898
78.3 213.9 2095.4 0.9752526283 -0.2190004587 0.0303493440 0.2207686454 0.9720389843 -0.0800089836 -0.0119787417 0.0847291574 0.9963319898
61.0 20.8 2102.8 0.9957759380 0.0889749900 0.0226653405 -0.0897579640 0.9953035712 0.0362533666 -0.0193332527 -0.0381346270 0.9990855455
-57.7 226.2 2098.1 0.5679939985 -0.6775196195 -0.4672792852 0.1427119672 0.6402285695 -0.7548117042 0.8105652928 0.3620421886 0.4603361487
-176.7 196.2 1928.2 -0.7012900710 -0.6775196195 -0.2217191607 -0.7107057571 0.6402285695 0.2915557027 -0.0555837788 0.3620421886 -0.9305030107
214.3 201.7 2092.8 0.6141265631 0.5128260851 0.5998816490 -0.7798142433 0.5112339258 0.3612888157 -0.1214015260 -0.6896733046 0.7138714194
318.7 69.0 2072.2 -0.6014277935 0.5128260851 0.6126124263 -0.3593219519 0.5112339258 -0.7807224989 -0.7135631442 -0.6896733046 -0.1232006326
-47.2 -162.7 2111.5 0.9994146228 -0.0240911078 -0.0242897253 0.0243732333 0.9996380806 0.0113865798 0.0240066200 -0.0119719338 0.9996401072
-37.9 -550.8 2116.2 0.9987827539 0.0412728712 -0.0270092953 -0.0373805389 0.9906168580 0.1314570159 0.0321814716 -0.1302873790 0.9909538627
130.9 -180.2 2108.5 0.9996634722 0.0214614645 0.0145708583 -0.0217743795 0.9995281100 0.0216675941 -0.0140989637 -0.0219775736 0.9996590614
122.6 -568.2 2117.0 0.9931145310 -0.1161179543 0.0154971471 0.1148755550 0.9912222028 0.0654385984 -0.0229597110 -0.0632077754 0.9977362752
9.1 384.5 1943.0 0 0 0 0 0 0 0 0 0
165.2 -22.7 1890.0 0 0 0 0 0 0 0 0 0
-53.3 -920.5 2164.8 0 0 0 0 0 0 0 0 0
165.9 -938.0 2140.6 0 0 0 0 0 0 0 0 0
24.1 452.5 2120.5 38 0.9758319855 -0.2162222713 0.0316200294 0.2183526754 0.9705100060 -0.1021395251 -0.0086027142 0.1065753326 0.9942674041
77.4 213.3 2094.2 0.9758319855 -0.2162222713 0.0316200294 0.2183526754 0.9705100060 -0.1021395251 -0.0086027142 0.1065753326 0.9942674041
61.8 20.0 2102.7 0.9965420365 0.0802286267 0.0216193218 -0.0810901746 0.9958019853 0.0424592160 -0.0181221198 -0.0440655053 0.9988642931
-58.7 224.4 2096.7 0.5671354532 -0.6775819063 -0.4682308435 0.1256329864 0.6330171227 -0.7638754249 0.8139863014 0.3743956089 0.4441331029
-177.4 198.1 1926.3 -0.7020035386 -0.6775819063 -0.2192572802 -0.7084585428 0.6330171227 0.3120510280 -0.0726465136 0.3743956089 -0.9244189858
213.5 202.2 2091.7 0.6628741622 0.4392198920 0.6063692570 -0.7485793829 0.4050631821 0.5249311924 -0.0150576429 -0.8018788695 0.5972968936
335.6 64.4 2089.0 -0.5789179206 0.4392198920 0.6869788170 -0.5549316406 0.4050631821 -0.7266187072 -0.5974152088 -0.8018788695 0.0092386827
-45.5 -164.3 2111.9 0.9994621873 -0.0212086122 -0.0250107720 0.0215466637 0.9996790290 0.0133250551 0.0247201398 -0.0138567872 0.9995983839
-37.2 -552.4 2117.3 0.9984874725 0.0476493314 -0.0274283309 -0.0434925854 0.9897373319 0.1361190528 0.0336328261 -0.1347202510 0.9903126955
132.9 -180.4 2108.5 0.9995406866 0.0270714983 0.0136207379 -0.0274210945 0.9992813468 0.0261702035 -0.0129024833 -0.0265316796 0.9995647073
122.4 -568.3 2118.8 0.9934351444 -0.1134836152 0.0144259613 0.1125123501 0.9920650125 0.0561072230 -0.0206787419 -0.0541157871 0.9983205199
9.2 386.4 1945.6 0 0 0 0 0 0 0 0 0
191.3 -73.9 1940.1 0 0 0 0 0 0 0 0 0
-55.0 -921.8 2167.6 0 0 0 0 0 0 0 0 0
164.7 -938.6 2139.0 0 0 0 0 0 0 0 0 0
25.5 451.3 2116.2 39 0.9781610370 -0.2058828920 0.0285177510 0.2076537609 0.9739411473 -0.0912060440 -0.0089968471 0.0951360166 0.9954236150
75.9 213.1 2093.0 0.9781610370 -0.2058828920 0.0285177510 0.2076537609 0.9739411473 -0.0912060440 -0.0089968471 0.0951360166 0.9954236150
61.3 19.8 2102.4 0.9969809651 0.0752022341 0.0193284862 -0.0760441348 0.9959811568 0.0473158993 -0.0156925470 -0.0486428700 0.9986929297
-60.3 223.4 2095.1 0.5632952452 -0.6825619340 -0.4656261206 0.1142868400 0.6224850416 -0.7742421627 0.8183134794 0.3829119802 0.4286507070
-177.4 199.7 1925.0 -0.7003562450 -0.6825619340 -0.2088308334 -0.7068487406 0.6224850416 0.3359721005 -0.0993276983 0.3829119802 -0.9184293151
212.1 202.7 2090.8 0.7560939193 0.4086788297 0.5111786723 -0.6384258270 0.2887227237 0.7134785652 0.1439946890 -0.8658064604 0.4792126119
344.9 90.5 2116.1 -0.5096086264 0.4086788297 0.7571530342 -0.7148017883 0.2887227237 -0.6369439363 -0.4789127707 -0.8658064604 0.1449887902
-43.0 -166.0 2112.9 0.9995119572 -0.0157234278 -0.0269935038 0.0160084069 0.9998180270 0.0103739118 0.0268254783 -0.0108009716 0.9995817542
-36.9 -554.1 2117.1 0.9982678294 0.0513067506 -0.0287910290 -0.0468369611 0.9892074466 0.1388343573 0.0356034376 -0.1372453868 0.9898970127
135.5 -180.5 2109.7 0.9994511604 0.0312563628 0.0109710749 -0.0314132236 0.9994023442 0.0144292070 -0.0105135133 -0.0147659248 0.9998357296
123.4 -568.5 2115.4 0.9929924011 -0.1174423471 0.0131674148 0.1159040481 0.9895729423 0.0855084509 -0.0230724290 -0.0833830833 0.9962504506
9.8 388.6 1951.6 0 0 0 0 0 0 0 0 0
218.9 -86.3 1997.6 0 0 0 0 0 0 0 0 0
-56.1 -923.4 2168.3 0 0 0 0 0 0 0 0 0
167.2 -937.7 2146.5 0 0 0 0 0 0 0 0 0
26.9 447.8 2114.6 40 0.9804714322 -0.1949054897 0.0262220595 0.1965507567 0.9756435752 -0.0974035487 -0.0065988954 0.1006553695 0.9948994517
73.2 215.8 2090.7 0.9804714322 -0.1949054897 0.0262220595 0.1965507567 0.9756435752 -0.0974035487 -0.0065988954 0.1006553695 0.9948994517
60.2 22.6 2103.0 0.9976126552 0.0672163889 0.0158415139 -0.0680854842 0.9956973791 0.0628575310 -0.0115482975 -0.0637860447 0.9978967905
-63.0 225.1 2092.2 0.5930762291 -0.6860221028 -0.4214668274 0.2008223981 0.6329625249 -0.7476822734 0.7796992660 0.3587926030 0.5131636262
-189.1 182.4 1926.5 -0.6889927387 -0.6860221028 -0.2338004857 -0.7236185670 0.6329625249 0.2751991749 -0.0408057719 0.3587926030 -0.9325249195
209.5 206.5 2089.1 0.7949746847 0.4366862178 0.4210942984 -0.5349444151 0.1772639602 0.8260822892 0.2860938907 -0.8819765449 0.3745231926
353.1 109.9 2140.7 -0.4657458365 0.4366862178 0.7696661353 -0.7942303419 0.1772639602 -0.5811846852 -0.3902294040 -0.8819765449 0.2642694712
-42.6 -166.8 2113.2 0.9993963838 -0.0177963916 -0.0298362765 0.0180741996 0.9997955561 0.0090674013 0.0296688080 -0.0096011953 0.9995136857
-35.7 -554.9 2117.0 0.9979702830 0.0551009513 -0.0319244824 -0.0500820130 0.9887459278 0.1409726292 0.0393329300 -0.1390876472 0.9894986153
136.0 -180.4 2110.4 0.9992941022 0.0368522033 0.0072920369 -0.0369562358 0.9992089272 0.0146869337 -0.0067450227 -0.0149460528 0.9998655319
121.7 -568.3 2116.2 0.9914306402 -0.1302854717 0.0095360018 0.1291984022 0.9887117743 0.0758734867 -0.0193135701 -0.0739912614 0.9970718622
-4.8 376.0 1937.4 0 0 0 0 0 0 0 0 0
236.7 -88.7 2043.2 0 0 0 0 0 0 0 0 0
-56.3 -924.0 2168.9 0 0 0 0 0 0 0 0 0
170.3 -937.2 2143.8 0 0 0 0 0 0 0 0 0
27.3 448.3 2107.3 41 0.9828506112 -0.1835888177 0.0173142869 0.1843744367 0.9800205231 -0.0746045336 -0.0032717991 0.0765174180 0.9970628619
70.5 217.6 2089.3 0.9828506112 -0.1835888177 0.0173142869 0.1843744367 0.9800205231 -0.0746045336 -0.0032717991 0.0765174180 0.9970628619
59.3 24.4 2103.7 0.9983316064 0.0572085455 0.0078244247 -0.0576305985 0.9956105351 0.0737450942 -0.0035712305 -0.0740729868 0.9972464442
-65.9 225.5 2089.8 0.5963094831 -0.6890842319 -0.4117984176 0.2167731225 0.6321485639 -0.7439069748 0.7729323506 0.3543319404 0.5263311267
-191.4 179.9 1927.2 -0.6772942543 -0.6890842319 -0.2577506900 -0.7356976271 0.6321485639 0.2431814224 -0.0046357536 0.3543319404 -0.9351082444
206.8 209.7 2088.8 0.8220002651 0.4376926720 0.3643359840 -0.4378313422 0.0766059458 0.8957874775 0.3641693294 -0.8958552480 0.2546056807
362.6 126.8 2157.8 -0.4716239870 0.4376926720 0.7655037045 -0.8287311196 0.0766059458 -0.5543791652 -0.3012898564 -0.8958552480 0.3266003430
-42.2 -164.6 2116.5 0.9991076589 -0.0208475497 -0.0367328860 0.0207354538 0.9997791052 -0.0034300159 0.0367962793 0.0026652822 0.9993192554
-34.1 -552.7 2115.4 0.9968650937 0.0684397072 -0.0396981798 -0.0610872842 0.9846413136 0.1635536849 0.0502820350 -0.1606159061 0.9857353568
136.5 -176.8 2114.4 0.9991253018 0.0418038182 -0.0010103352 -0.0418009311 0.9991222620 0.0027274601 0.0011234665 -0.0026828414 0.9999957681
120.3 -564.6 2115.4 0.9905312657 -0.1372706592 0.0021381469 0.1366888285 0.9875462651 0.0779008195 -0.0128050158 -0.0768709332 0.9969587922
-10.9 375.8 1928.4 0 0 0 0 0 0 0 0 0
243.7 -82.1 2081.8 0 0 0 0 0 0 0 0 0
-59.7 -920.2 2175.4 0 0 0 0 0 0 0 0 0
171.5 -933.2 2144.1 0 0 0 0 0 0 0 0 0
27.5 445.7 2104.1 42 0.9867676497 -0.1609595418 0.0195349380 0.1618774831 0.9848513007 -0.0621574968 -0.0092341676 0.0644972771 0.9978751540
64.0 222.4 2089.5 0.9867676497 -0.1609595418 0.0195349380 0.1618774831 0.9848513007 -0.0621574968 -0.0092341676 0.0644972771 0.9978751540
59.5 29.0 2104.2 0.9996827841 0.0231322404 0.0099604893 -0.0238192566 0.9968608022 0.0755060986 -0.0081825955 -0.0757194012 0.9970955849
-72.5 225.6 2090.6 0.5759068131 -0.6905305982 -0.4376057684 0.2127873152 0.6434532404 -0.7353159189 0.7893369794 0.3303565085 0.5175052881
-192.0 181.5 1926.8 -0.6756950617 -0.6905305982 -0.2580768466 -0.7368290424 0.6434532404 0.2074870616 0.0227842182 0.3303565085 -0.9435811639
200.5 219.2 2088.4 0.8097471595 0.4673445821 0.3548219502 -0.4061373174 0.0099437088 0.9137579799 0.4235115945 -0.8840193152 0.1978579611
362.1 138.1 2172.9 -0.4547376931 0.4673445821 0.7581574321 -0.8548130989 0.0099437088 -0.5188406706 -0.2500162721 -0.8840193152 0.3949705064
-41.2 -163.7 2118.4 0.9993664622 -0.0153251980 -0.0321211442 0.0153904576 0.9998799562 0.0017854045 0.0320899263 -0.0022786325 0.9994823933
