-84.8 447.3 1834.5 9 0.9977481961 -0.0652909875 0.0153514454 0.0636819452 0.9940190315 0.0887172446 -0.0210520662 -0.0875398591 0.9959385395
-71.0 237.0 1853.1 0.9977481961 -0.0652909875 0.0153514454 0.0636819452 0.9940190315 0.0887172446 -0.0210520662 -0.0875398591 0.9959385395
-58.6 42.7 1873.3 0.9978374243 -0.0641466379 0.0143425670 0.0623123311 0.9926022291 0.1042016149 -0.0209206473 -0.1030825526 0.9944527745
-213.1 228.0 1856.1 0.0757221356 -0.9254601002 -0.3712003827 0.9969380498 0.0629813001 0.0463458374 -0.0195125416 -0.3735731840 0.9273954630
-234.3 -51.9 1861.6 -0.1405173540 -0.9192122817 -0.3678364456 0.9226686954 0.0131653724 -0.3853689134 0.3590785563 -0.3935421705 0.8462784290
71.1 245.9 1850.0 0.7074756026 0.5028448105 0.4966139197 -0.2074871808 0.8195012212 -0.5341973901 -0.6755940914 0.2748905718 0.6841109395
236.1 197.5 1692.5 -0.8387667537 0.5028448105 0.2088478059 0.5394532681 0.8195012212 0.1934112757 -0.0738951713 0.2748905718 -0.9586316943
-135.2 -163.3 1896.2 0.9974123836 0.0713989437 -0.0084089134 -0.0715511516 0.9744811654 -0.2127601206 -0.0069965189 0.2128112465 0.9770683050
-163.5 -549.7 1811.8 0.9999753833 0.0000000000 0.0070144976 0.0000000000 1.0000000000 0.0000000000 -0.0070144976 0.0000000000 0.9999753833
45.3 -152.8 1894.5 0.9623937607 0.0037877723 -0.2716318965 -0.0390635766 0.9914406538 -0.1245773807 0.2688350379 0.1305034161 0.9543042183
43.8 -544.4 1842.9 0.9631289244 0.0000000000 -0.2690403759 0.0000000000 1.0000000000 0.0000000000 0.2690403759 0.0000000000 0.9631289244
-194.8 -311.8 1760.4 0 0 0 0 0 0 0 0 0
23.2 334.4 1673.7 0 0 0 0 0 0 0 0 0
-163.5 -926.4 1811.8 0 0 0 0 0 0 0 0 0
43.8 -921.1 1842.9 0 0 0 0 0 0 0 0 0
-84.8 443.6 1830.9 0 0.9979059100 -0.0630314201 0.0145189799 0.0611105114 0.9923031926 0.1077027842 -0.0211958885 -0.1065899804 0.9940770864
-71.8 239.9 1852.8 0.9979059100 -0.0630314201 0.0145189799 0.0611105114 0.9923031926 0.1077027842 -0.0211958885 -0.1065899804 0.9940770864
-60.0 45.6 1873.7 0.9980375171 -0.0609108172 0.0145272566 0.0590037368 0.9924450517 0.1075702384 -0.0209696963 -0.1065019667 0.9940913320
-214.0 231.5 1855.8 0.0748432279 -0.9258771539 -0.3703376353 0.9965258241 0.0558374524 0.0617938526 -0.0365348086 -0.3736758530 0.9268395305
-234.4 -40.0 1865.8 -0.1373121440 -0.9210940003 -0.3643229306 0.9189282656 0.0188405495 -0.3939744830 0.3697515726 -0.3888841271 0.8438322544
70.3 248.4 1849.8 0.7125465870 0.5081569552 0.4837911129 -0.2270210385 0.8194183111 -0.5263222456 -0.6638815999 0.2651983500 0.6992360353
236.5 195.4 1695.0 -0.8347131014 0.5081569552 0.2122039944 0.5444293618 0.8194183111 0.1793050468 -0.0827687234 0.2651983500 -0.9606347680
-137.1 -154.2 1894.8 0.9983173609 0.0571871996 -0.0095924307 -0.0579130054 0.9750164151 -0.2144505978 -0.0029110515 0.2146452814 0.9766877294
-159.6 -538.5 1810.2 0.9999957681 0.0000000000 0.0029159456 0.0000000000 1.0000000000 0.0000000000 -0.0029159456 0.0000000000 0.9999957681
43.3 -143.7 1890.5 0.9622156620 -0.0076538231 -0.2721808553 -0.0267806873 0.9920980334 -0.1225734279 0.2709682584 0.1252312660 0.9544073343
46.3 -534.0 1841.3 0.9625608921 0.0000000000 -0.2710654736 0.0000000000 1.0000000000 0.0000000000 0.2710654736 0.0000000000 0.9625608921
-195.7 -298.9 1761.6 0 0 0 0 0 0 0 0 0
24.8 333.5 1674.0 0 0 0 0 0 0 0 0 0
-159.6 -915.1 1810.2 0 0 0 0 0 0 0 0 0
46.3 -910.6 1841.3 0 0 0 0 0 0 0 0 0
-84.5 442.0 1828.6 1 0.9976829290 -0.0547885373 -0.0403357595 0.0579690710 0.9949089289 0.0824367851 0.0356138162 -0.0845839977 0.9957796931
-71.9 212.1 1848.1 0.9976829290 -0.0547885373 -0.0403357595 0.0579690710 0.9949089289 0.0824367851 0.0356138162 -0.0845839977 0.9957796931
-54.0 18.8 1872.6 0.9948146939 -0.0920997113 -0.0431439467 0.0966892019 0.9880121946 0.1203459799 0.0315429121 -0.1238934994 0.9917940497
-213.3 198.3 1843.7 0.0921607390 -0.9080906510 -0.4085067511 0.9905255437 0.0416605696 0.1308570504 -0.1018114462 -0.4166962504 0.9033264518
-235.0 -35.2 1867.7 -0.1298010051 -0.9080906510 -0.3981495500 0.9180338383 0.0416605696 -0.3943073452 0.3746539354 -0.4166962504 0.8282503486
69.6 226.0 1852.6 0.7187309265 0.5029615164 0.4800579250 -0.1292219907 0.7750440836 -0.6185534596 -0.6831746101 0.3825394511 0.6220418215
234.9 196.3 1695.4 -0.8233735561 0.5029615164 0.2628417015 0.5642514229 0.7750440836 0.2844767570 -0.0606330410 0.3825394511 -0.9219474792
-135.2 -160.6 1895.4 0.9966212511 0.0610006005 -0.0549999699 -0.0718324557 0.9720454812 -0.2235346287 0.0398267247 0.2267301381 0.9731429815
-158.7 -534.9 1808.1 0.9992024899 0.0000000000 -0.0399298742 0.0000000000 1.0000000000 0.0000000000 0.0399298742 0.0000000000 0.9992024899
42.9 -144.5 1892.7 0.9480227828 -0.0140378959 -0.3178926110 -0.0320754871 0.9897220135 -0.1393612325 0.3165816367 0.1423141956 0.9378287196
48.4 -530.8 1837.2 0.9485108852 0.0000000000 -0.3167446256 0.0000000000 1.0000000000 0.0000000000 0.3167446256 0.0000000000 0.9485108852
-198.5 -293.8 1762.2 0 0 0 0 0 0 0 0 0
25.8 339.6 1680.0 0 0 0 0 0 0 0 0 0
-158.7 -911.6 1808.1 0 0 0 0 0 0 0 0 0
48.4 -907.5 1837.2 0 0 0 0 0 0 0 0 0
-84.2 440.6 1827.9 2 0.9968848228 -0.0511908196 -0.0600014701 0.0553301200 0.9960473180 0.0694862381 0.0562072471 -0.0725896657 0.9957768321
-71.8 198.8 1845.6 0.9968848228 -0.0511908196 -0.0600014701 0.0553301200 0.9960473180 0.0694862381 0.0562072471 -0.0725896657 0.9957768321
-51.3 6.1 1873.6 0.9923300147 -0.1049745008 -0.0652797669 0.1130859703 0.9841758609 0.1364165545 0.0499265045 -0.1427524686 0.9884983897
-213.0 182.6 1838.5 0.0740413219 -0.8985404968 -0.4326000512 0.9951019287 0.0380775444 0.0912261829 -0.0654980689 -0.4372356534 0.8969587088
-231.5 -66.4 1854.9 -0.1335584521 -0.8996761441 -0.4156259596 0.9180311561 0.0456734933 -0.3938689530 0.3733375967 -0.4341621101 0.8198306561
69.5 214.9 1852.6 0.7125020027 0.4945393801 0.4977666736 -0.0393764637 0.7364659309 -0.6753276587 -0.7005643249 0.4615720212 0.5442066789
232.4 205.9 1692.4 -0.8260298371 0.4945393801 0.2703801990 0.5634526014 0.7364659309 0.3743516207 -0.0139941797 0.4615720212 -0.8869923353
-124.2 -186.6 1893.7 0.9911522269 0.1107032523 -0.0732257664 -0.1248618439 0.9647882581 -0.2315018326 0.0450193547 0.2385966629 0.9700746536
-167.2 -560.8 1801.1 0.9989700317 0.0000000000 -0.0453744493 0.0000000000 1.0000000000 0.0000000000 0.0453744493 0.0000000000 0.9989700317
54.1 -166.3 1899.9 0.9415162802 0.0376469232 -0.3348578513 -0.0958650187 0.9826016426 -0.1590721458 0.3230432868 0.1818701625 0.9287444353
39.4 -549.7 1828.9 0.9458726645 0.0000000000 -0.3245379925 0.0000000000 1.0000000000 0.0000000000 0.3245379925 0.0000000000 0.9458726645
-193.9 -325.0 1749.7 0 0 0 0 0 0 0 0 0
22.6 349.0 1688.8 0 0 0 0 0 0 0 0 0
-167.2 -937.5 1801.1 0 0 0 0 0 0 0 0 0
39.4 -926.4 1828.9 0 0 0 0 0 0 0 0 0
-84.0 441.3 1831.6 3 0.9978296757 -0.0389196686 -0.0531144068 0.0410844088 0.9983429313 0.0402916409 0.0514582545 -0.0423863679 0.9977752566
-74.2 189.2 1842.3 0.9978296757 -0.0389196686 -0.0531144068 0.0410844088 0.9983429313 0.0402916409 0.0514582545 -0.0423863679 0.9977752566
-56.5 -2.9 1875.0 0.9940080643 -0.0906662270 -0.0610537753 0.0994816571 0.9818274975 0.1616111994 0.0452915952 -0.1667165756 0.9849640727
-215.7 175.1 1835.9 0.0566211604 -0.8994849324 -0.4332676530 0.9974352717 0.0319319963 0.0640564561 -0.0437827148 -0.4357834160 0.8989860415
-230.5 -84.7 1847.3 -0.1551669389 -0.8973110914 -0.4132263362 0.9221767187 0.0184438657 -0.3863287866 0.3542785943 -0.4410131872 0.8246175051
67.4 203.4 1848.8 0.7138790488 0.4887969494 0.5014521480 0.0312733948 0.6931170821 -0.7201462984 -0.6995703578 0.5297794342 0.4795153737
228.3 210.5 1691.1 -0.8215950131 0.4887969494 0.2933583856 0.5699371099 0.6931170821 0.4413167536 0.0123825828 0.5297794342 -0.8480450511
-119.7 -198.4 1896.9 0.9885962009 0.1291360557 -0.0774689168 -0.1437055171 0.9627642632 -0.2289839834 0.0450142138 0.2375054061 0.9703426957
-170.0 -573.6 1804.4 0.9989649653 0.0000000000 -0.0454863384 0.0000000000 1.0000000000 0.0000000000 0.0454863384 0.0000000000 0.9989649653
58.9 -176.5 1906.2 0.9401455522 0.0520885624 -0.3367685974 -0.1123940945 0.9803467989 -0.1621349454 0.3217046261 0.1902812421 0.9275231361
38.6 -559.8 1831.8 0.9461405873 0.0000000000 -0.3237560391 0.0000000000 1.0000000000 0.0000000000 0.3237560391 0.0000000000 0.9461405873
-186.8 -344.4 1747.5 0 0 0 0 0 0 0 0 0
19.6 355.2 1694.2 0 0 0 0 0 0 0 0 0
-170.0 -950.3 1804.4 0 0 0 0 0 0 0 0 0
38.6 -936.4 1831.8 0 0 0 0 0 0 0 0 0
-83.2 440.5 1834.9 4 0.9978015423 -0.0354572237 -0.0559900776 0.0365972929 0.9991404414 0.0194692910 0.0552516207 -0.0214755740 0.9982414842
-74.2 184.7 1840.4 0.9978015423 -0.0354572237 -0.0559900776 0.0365972929 0.9991404414 0.0194692910 0.0552516207 -0.0214755740 0.9982414842
-55.2 -7.1 1874.9 0.9930993319 -0.0969146937 -0.0660400838 0.1068904921 0.9796806574 0.1697063893 0.0482511520 -0.1755943447 0.9832794070
-215.6 169.5 1833.6 0.0563660264 -0.8973364234 -0.4377330542 0.9976768494 0.0338219665 0.0591351204 -0.0382591039 -0.4400493503 0.8971582055
-230.6 -95.2 1843.7 -0.1871151030 -0.8892977834 -0.4172977805 0.9208952188 -0.0109190429 -0.3896572888 0.3419648707 -0.4571982622 0.8209931850
67.3 200.0 1847.3 0.7088218927 0.4948605001 0.5026773810 0.0589347668 0.6685876846 -0.7412942648 -0.7029211521 0.5550708175 0.4447451234
225.7 213.1 1690.2 -0.8174853325 0.4948605001 0.2946707308 0.5747938752 0.6685876846 0.4718076885 0.0364657640 0.5550708175 -0.8310034275
-128.2 -204.9 1903.5 0.9917358160 0.0980255306 -0.0827714801 -0.1157960147 0.9616827965 -0.2485105544 0.0552395284 0.2560414076 0.9650862217
-166.4 -580.4 1803.5 0.9984523654 0.0000000000 -0.0556136407 0.0000000000 1.0000000000 0.0000000000 0.0556136407 0.0000000000 0.9984523654
51.1 -186.2 1911.8 0.9399804473 0.0240566880 -0.3403792381 -0.0934259817 0.9775394201 -0.1889134943 0.3281894922 0.2093752623 0.9211154580
41.7 -568.5 1829.9 0.9441097975 0.0000000000 -0.3296312392 0.0000000000 1.0000000000 0.0000000000 0.3296312392 0.0000000000 0.9441097975
-177.9 -354.5 1747.5 0 0 0 0 0 0 0 0 0
17.6 359.5 1699.5 0 0 0 0 0 0 0 0 0
-166.4 -957.1 1803.5 0 0 0 0 0 0 0 0 0
41.7 -945.2 1829.9 0 0 0 0 0 0 0 0 0
-83.1 440.6 1835.1 5 0.9975399375 -0.0380177088 -0.0588954575 0.0389239676 0.9991396070 0.0143171269 0.0583004802 -0.0165743511 0.9981614947
-73.3 183.3 1839.4 0.9975399375 -0.0380177088 -0.0588954575 0.0389239676 0.9991396070 0.0143171269 0.0583004802 -0.0165743511 0.9981614947
-54.2 -8.4 1874.6 0.9927730560 -0.0976202264 -0.0697997510 0.1084404066 0.9788746834 0.1733349562 0.0514042117 -0.1796513796 0.9823863506
-214.8 167.8 1832.1 0.0634502694 -0.8952289820 -0.4410659373 0.9972971082 0.0404711887 0.0613236874 -0.0370482802 -0.4437647760 0.8953771591
-232.0 -101.9 1842.1 -0.2180584669 -0.8809500337 -0.4199732542 0.9117910862 -0.0304614902 -0.4095230103 0.3479762971 -0.4722278416 0.8098847866
68.1 198.7 1846.7 0.7251710892 0.4856715798 0.4881085753 0.0446811989 0.6741896868 -0.7372054458 -0.6871175170 0.5564093590 0.4672024846
228.7 208.6 1694.5 -0.8159677386 0.4856715798 0.3135598898 0.5779747367 0.6741896868 0.4597971737 0.0119115803 0.5564093590 -0.8308229446
-125.8 -208.9 1904.8 0.9907652140 0.1045771614 -0.0863012224 -0.1230799481 0.9606852531 -0.2488677502 0.0568824299 0.2571914494 0.9646849036
-166.7 -584.7 1804.3 0.9983559847 0.0000000000 -0.0573182330 0.0000000000 1.0000000000 0.0000000000 0.0573182330 0.0000000000 0.9983559847
53.5 -189.3 1913.6 0.9387075305 0.0310558341 -0.3433129191 -0.0988476276 0.9783595800 -0.1817736328 0.3302383423 0.2045679539 0.9214633107
41.4 -572.2 1833.6 0.9433273673 0.0000000000 -0.3318636417 0.0000000000 1.0000000000 0.0000000000 0.3318636417 0.0000000000 0.9433273673
-170.6 -358.6 1744.1 0 0 0 0 0 0 0 0 0
19.5 356.8 1697.6 0 0 0 0 0 0 0 0 0
-166.7 -961.3 1804.3 0 0 0 0 0 0 0 0 0
41.4 -948.9 1833.6 0 0 0 0 0 0 0 0 0
-84.0 440.5 1835.7 6 0.9990238547 -0.0439902954 0.0040172990 0.0437284671 0.9977388382 0.0510399751 -0.0062534786 -0.0508144833 0.9986885190
-74.0 213.1 1847.3 0.9990238547 -0.0439902954 0.0040172990 0.0437284671 0.9977388382 0.0510399751 -0.0062534786 -0.0508144833 0.9986885190
-60.0 19.8 1873.3 0.9973389506 -0.0729001611 -0.0007655946 0.0723602548 0.9885629416 0.1323149502 -0.0088889431 -0.1320182532 0.9912074208
-215.7 202.6 1848.7 0.0484807119 -0.9221087098 -0.3838817179 0.9984400272 0.0553976595 -0.0069750226 0.0276978798 -0.3829447329 0.9233559370
-230.6 -103.8 1840.2 -0.2232323587 -0.9013791084 -0.3710565865 0.9114975333 -0.0581215471 -0.4071782827 0.3454556167 -0.4291125536 0.8345794082
67.8 223.6 1845.9 0.7404872775 0.4921783507 0.4576451480 -0.0917320848 0.7485924363 -0.6566540599 -0.6657806039 0.4442632198 0.5994717479
233.1 203.1 1697.2 -0.8241485357 0.4921783507 0.2802492976 0.5650262237 0.7485924363 0.3469217122 -0.0390451476 0.4442632198 -0.8950450420
-127.6 -202.8 1903.9 0.9946716428 0.0990263596 -0.0286715478 -0.1030522361 0.9629192948 -0.2493325472 0.0029178911 0.2509586811 0.9679933786
-167.0 -585.9 1804.0 0.9999957085 0.0000000000 -0.0029335094 0.0000000000 1.0000000000 0.0000000000 0.0029335094 0.0000000000 0.9999957085
52.4 -185.6 1911.2 0.9570418000 0.0290010292 -0.2884959280 -0.0826665983 0.9809808731 -0.1756209731 0.2779158056 0.1919255853 0.9412371516
40.9 -573.5 1835.3 0.9603287578 0.0000000000 -0.2788703144 0.0000000000 1.0000000000 0.0000000000 0.2788703144 0.0000000000 0.9603287578
-167.7 -360.5 1742.9 0 0 0 0 0 0 0 0 0
21.5 348.2 1687.2 0 0 0 0 0 0 0 0 0
-167.0 -962.5 1804.0 0 0 0 0 0 0 0 0 0
40.9 -950.2 1835.3 0 0 0 0 0 0 0 0 0
-85.4 441.3 1836.0 7 0.9983001947 -0.0477797873 0.0333745405 0.0452206619 0.9962600470 0.0736279115 -0.0367676467 -0.0719935372 0.9967271686
-75.2 228.3 1851.4 0.9983001947 -0.0477797873 0.0333745405 0.0452206619 0.9962600470 0.0736279115 -0.0367676467 -0.0719935372 0.9967271686
-63.6 34.2 1872.7 0.9976775050 -0.0604552366 0.0313802697 0.0566602238 0.9922856092 0.1102676168 -0.0378044434 -0.1082335114 0.9934064150
-217.1 220.1 1856.8 0.0600339398 -0.9334207773 -0.3537252247 0.9981533289 0.0594260208 0.0125905350 0.0092682149 -0.3538278639 0.9352646470
-234.4 -67.1 1854.2 -0.1986337006 -0.9164923429 -0.3472556472 0.9162988067 -0.0479364060 -0.3976161778 0.3477659822 -0.3971699178 0.8493025899
66.7 236.5 1845.9 0.7448043227 0.4994033873 0.4425638318 -0.1650409102 0.7804949880 -0.6029834747 -0.6465508342 0.3760635555 0.6637380719
235.8 199.0 1699.1 -0.8256242871 0.4994033873 0.2625658512 0.5602943301 0.7804949880 0.2773046196 -0.0664444715 0.3760635555 -0.9242084622
-137.4 -176.6 1899.5 0.9981008172 0.0615914613 0.0011196701 -0.0598143749 0.9733290672 -0.2214786708 -0.0147310020 0.2209910601 0.9751645923
-161.6 -560.4 1812.4 0.9998911023 0.0000000000 0.0147574255 0.0000000000 1.0000000000 0.0000000000 -0.0147574255 0.0000000000 0.9998911023
42.7 -164.5 1896.8 0.9651548862 -0.0101830950 -0.2614810765 -0.0243867747 0.9913936853 -0.1286229491 0.2605404854 0.1305177510 0.9566001296
46.7 -553.7 1845.5 0.9654420018 0.0000000000 -0.2606180012 0.0000000000 1.0000000000 0.0000000000 0.2606180012 0.0000000000 0.9654420018
-178.4 -325.1 1756.3 0 0 0 0 0 0 0 0 0
23.9 342.9 1682.1 0 0 0 0 0 0 0 0 0
-161.6 -937.1 1812.4 0 0 0 0 0 0 0 0 0
46.7 -930.3 1845.5 0 0 0 0 0 0 0 0 0
-86.1 440.1 1832.1 8 0.9980607629 -0.0526339523 0.0332323685 0.0492820181 0.9942862391 0.0946898088 -0.0380263850 -0.0928684175 0.9949519634
-75.2 234.8 1851.3 0.9980607629 -0.0526339523 0.0332323685 0.0492820181 0.9942862391 0.0946898088 -0.0380263850 -0.0928684175 0.9949519634
-64.3 40.5 1871.9 0.9978850484 -0.0562616661 0.0325579979 0.0524881296 0.9928730130 0.1069958955 -0.0383457243 -0.1050606966 0.9937262535
-217.3 227.3 1856.8 0.0674941391 -0.9339749217 -0.3509065509 0.9975099564 0.0559574999 0.0429264456 -0.0204563718 -0.3529300392 0.9354260564
-235.9 -47.6 1862.4 -0.1695471406 -0.9230837822 -0.3452102244 0.9178416133 -0.0203309506 -0.3964258432 0.3589158058 -0.3840611577 0.8506917357
66.9 242.4 1845.8 0.7526022792 0.4989138544 0.4297380149 -0.1996659636 0.7948080301 -0.5730739236 -0.6274737120 0.3454927206 0.6977904439
237.9 197.0 1703.2 -0.8253206015 0.4989138544 0.2644444704 0.5573761463 0.7948080301 0.2400251180 -0.0904307216 0.3454927206 -0.9340540767
-142.7 -163.4 1897.1 0.9993166924 0.0369433947 0.0011530624 -0.0357946418 0.9750771523 -0.2189595997 -0.0092134355 0.2187687159 0.9757332206
-157.2 -546.5 1811.2 0.9999575019 0.0000000000 0.0092193438 0.0000000000 1.0000000000 0.0000000000 -0.0092193438 0.0000000000 0.9999575019
37.5 -153.6 1889.7 0.9645853043 -0.0332425386 -0.2616678774 0.0031476002 0.9934067130 -0.1146003529 0.2637522221 0.1097181886 0.9583301544
50.5 -542.9 1846.7 0.9645901322 0.0000000000 -0.2637535334 0.0000000000 1.0000000000 0.0000000000 0.2637535334 0.0000000000 0.9645901322
-188.1 -306.0 1761.4 0 0 0 0 0 0 0 0 0
26.6 339.7 1680.1 0 0 0 0 0 0 0 0 0
-157.2 -923.2 1811.2 0 0 0 0 0 0 0 0 0
50.5 -919.6 1846.7 0 0 0 0 0 0 0 0 0
-85.0 439.0 1830.2 9 0.9975292683 -0.0681356117 -0.0171130728 0.0693895221 0.9936546683 0.0885180384 0.0109732552 -0.0894868001 0.9959275723
-69.5 213.5 1850.5 0.9975292683 -0.0681356117 -0.0171130728 0.0693895221 0.9936546683 0.0885180384 0.0109732552 -0.0894868001 0.9959275723
-56.1 19.6 1873.6 0.9974241257 -0.0691511035 -0.0190573689 0.0709091127 0.9906420112 0.1166202500 0.0108146118 -0.1176711917 0.9929937124
-211.4 203.4 1849.0 0.1023715958 -0.9137336612 -0.3932058513 0.9922025800 0.0655441806 0.1060092151 -0.0710918382 -0.4009922147 0.9133188128
-236.3 -38.2 1866.3 -0.1517595351 -0.9070464373 -0.3927286267 0.9182829261 0.0176163446 -0.3955327272 0.3656850159 -0.4206618667 0.8302518129
72.4 223.7 1852.0 0.7412463427 0.4847854376 0.4642595649 -0.0977235511 0.7622231841 -0.6398952007 -0.6640813351 0.4289509058 0.6123701334
239.1 201.7 1702.7 -0.8223512769 0.4847854376 0.2978615165 0.5642462969 0.7622231841 0.3172411323 -0.0732430890 0.4289509058 -0.9003536105
-142.6 -160.4 1895.9 0.9984267354 0.0350460783 -0.0437707193 -0.0438676327 0.9744109511 -0.2204517722 0.0349246934 0.2220250666 0.9744153023
-156.3 -540.2 1809.4 0.9993887544 0.0000000000 -0.0349583477 0.0000000000 1.0000000000 0.0000000000 0.0349583477 0.0000000000 0.9993887544
36.9 -149.4 1889.1 0.9511036873 -0.0377948321 -0.3065507412 0.0004656487 0.9926596284 -0.1209408939 0.3088714778 0.1148845851 0.9441397786
51.7 -537.5 1844.2 0.9511037469 0.0000000000 -0.3088715374 0.0000000000 1.0000000000 0.0000000000 0.3088715374 0.0000000000 0.9511037469
-193.6 -296.8 1763.3 0 0 0 0 0 0 0 0 0
29.0 345.8 1684.0 0 0 0 0 0 0 0 0 0
-156.3 -916.9 1809.4 0 0 0 0 0 0 0 0 0
51.7 -914.1 1844.2 0 0 0 0 0 0 0 0 0
-85.0 439.1 1828.7 0 0.9940921068 -0.0790278465 -0.0744005442 0.0833913982 0.9948571324 0.0574904010 0.0694745705 -0.0633551255 0.9955698848
-65.7 196.2 1844.2 0.9940921068 -0.0790278465 -0.0744005442 0.0833913982 0.9948571324 0.0574904010 0.0694745705 -0.0633551255 0.9955698848
-50.4 3.3 1873.5 0.9935242534 -0.0794449449 -0.0812287852 0.0904885828 0.9856029153 0.1428240538 0.0687126815 -0.1492494345 0.9864092469
-206.9 183.2 1834.5 0.1131298691 -0.8789644837 -0.4632743001 0.9889790416 0.0547954589 0.1375422925 -0.0955094621 -0.4737287164 0.8754764795
-234.9 -61.2 1858.1 -0.1415498108 -0.8789644837 -0.4553955495 0.9186312556 0.0547954589 -0.3912979364 0.3688905835 -0.4737287164 0.7996879816
75.5 209.3 1853.9 0.7348437309 0.4751982987 0.4839331508 -0.0218468364 0.7297308445 -0.6833853722 -0.6778845191 0.4916090369 0.5466197133
239.9 204.4 1702.2 -0.8132447600 0.4751982987 0.3358862698 0.5775494576 0.7297308445 0.3659637570 -0.0712012351 0.4916090369 -0.8679003119
-132.2 -181.7 1895.8 0.9917117953 0.0802502856 -0.1003376022 -0.1016441509 0.9677146077 -0.2306446582 0.0785888657 0.2389317453 0.9678509235
-163.6 -559.4 1802.5 0.9968747497 0.0000000000 -0.0789980069 0.0000000000 1.0000000000 0.0000000000 0.0789980069 0.0000000000 0.9968747497
47.4 -168.1 1897.7 0.9330769777 0.0055853166 -0.3596334457 -0.0631584153 0.9868876338 -0.1485389620 0.3540881574 0.1613121629 0.9211948514
45.2 -553.5 1834.7 0.9349435568 0.0000000000 -0.3547964990 0.0000000000 1.0000000000 0.0000000000 0.3547964990 0.0000000000 0.9349435568
-195.0 -320.0 1754.2 0 0 0 0 0 0 0 0 0
33.5 351.0 1684.2 0 0 0 0 0 0 0 0 0
-163.6 -936.0 1802.5 0 0 0 0 0 0 0 0 0
45.2 -930.1 1834.7 0 0 0 0 0 0 0 0 0
-83.6 439.1 1827.5 1 0.9946423173 -0.0715132207 -0.0746491253 0.0752124712 0.9960126877 0.0479768664 0.0709204972 -0.0533343665 0.9960550666
-65.6 188.2 1840.9 0.9946423173 -0.0715132207 -0.0746491253 0.0752124712 0.9960126877 0.0479768664 0.0709204972 -0.0533343665 0.9960550666
-49.6 -3.7 1875.5 0.9930398464 -0.0824638382 -0.0840928406 0.0957870856 0.9809116125 0.1692255139 0.0685326606 -0.1761026829 0.9819832444
-206.9 174.5 1831.2 0.0981801078 -0.8767230511 -0.4708687365 0.9924088717 0.0510414466 0.1118901968 -0.0740628913 -0.4782797098 0.8750789762
-232.0 -79.0 1850.1 -0.1462612599 -0.8760320544 -0.4595382810 0.9227520227 0.0466192998 -0.3825641572 0.3565618396 -0.4799942076 0.8015418053
75.8 202.0 1850.7 0.7535146475 0.4482351840 0.4809374809 0.0312375370 0.7063039541 -0.7072191834 -0.6566885710 0.5479233265 0.5182086229
245.0 209.0 1703.1 -0.8187772632 0.4482351840 0.3587325513 0.5703707337 0.7063039541 0.4192993641 -0.0654294789 0.5479233265 -0.8339658380
-124.5 -198.3 1896.7 0.9878775477 0.1156666875 -0.1035332680 -0.1362644732 0.9656136036 -0.2214099318 0.0743633807 0.2328338176 0.9696692824
-169.7 -575.6 1805.7 0.9971787333 0.0000000000 -0.0750635341 0.0000000000 1.0000000000 0.0000000000 0.0750635341 0.0000000000 0.9971787333
54.5 -181.4 1909.0 0.9316398501 0.0300873611 -0.3621352911 -0.0992563888 0.9797395468 -0.1739499867 0.3495645523 0.1980029643 0.9157507420
42.7 -564.2 1831.6 0.9362632036 0.0000000000 -0.3512993157 0.0000000000 1.0000000000 0.0000000000 0.3512993157 0.0000000000 0.9362632036
-190.8 -338.9 1749.7 0 0 0 0 0 0 0 0 0
37.8 353.4 1686.6 0 0 0 0 0 0 0 0 0
-169.7 -952.2 1805.7 0 0 0 0 0 0 0 0 0
42.7 -940.9 1831.6 0 0 0 0 0 0 0 0 0
-83.2 439.9 1826.9 2 0.9955085516 -0.0678552166 -0.0660182759 0.0702565089 0.9969233274 0.0347556882 0.0634568036 -0.0392377973 0.9972129464
-65.7 182.6 1837.0 0.9955085516 -0.0678552166 -0.0660182759 0.0702565089 0.9969233274 0.0347556882 0.0634568036 -0.0392377973 0.9972129464
-52.1 -8.6 1876.4 0.9946095943 -0.0692421123 -0.0771833956 0.0832005441 0.9771632552 0.1955240369 0.0618822798 -0.2008917779 0.9776569605
-207.3 170.8 1828.2 0.0874000117 -0.8784766793 -0.4697232544 0.9942223430 0.0474265255 0.0962948874 -0.0623154752 -0.4754255116 0.8775461912
-230.3 -91.2 1844.6 -0.1707867235 -0.8734808564 -0.4559200108 0.9244879484 0.0179944783 -0.3807862997 0.3408136070 -0.4865258038 0.8044493198
76.0 194.5 1845.8 0.7725840211 0.4265283942 0.4703057110 0.0759209841 0.6733638048 -0.7354027629 -0.6303569674 0.6038664579 0.4878476560
248.3 211.4 1705.2 -0.8176085949 0.4265283942 0.3867683411 0.5725411773 0.6733638048 0.4677368701 -0.0609327406 0.6038664579 -0.7947530746
-123.1 -204.6 1903.8 0.9867418408 0.1218608394 -0.1071936339 -0.1440648735 0.9618104100 -0.2327359766 0.0747385547 0.2450931668 0.9666144252
-170.7 -580.9 1807.9 0.9971438050 0.0000000000 -0.0755264238 0.0000000000 1.0000000000 0.0000000000 0.0755264238 0.0000000000 0.9971438050
56.1 -187.1 1916.1 0.9313574433 0.0363126770 -0.3622908890 -0.1122228503 0.9752025604 -0.1907510608 0.3463803232 0.2183147371 0.9123373032
41.9 -568.5 1830.8 0.9372781515 0.0000000000 -0.3485822976 0.0000000000 1.0000000000 0.0000000000 0.3485822976 0.0000000000 0.9372781515
-182.2 -351.5 1748.7 0 0 0 0 0 0 0 0 0
41.5 356.3 1689.8 0 0 0 0 0 0 0 0 0
-170.7 -957.6 1807.9 0 0 0 0 0 0 0 0 0
41.9 -945.2 1830.8 0 0 0 0 0 0 0 0 0
-83.6 438.8 1828.6 3 0.9969891310 -0.0586667582 -0.0507037751 0.0597280450 0.9980207682 0.0196744390 0.0494491868 -0.0226436388 0.9985198975
-68.3 178.8 1834.5 0.9969891310 -0.0586667582 -0.0507037751 0.0597280450 0.9980207682 0.0196744390 0.0494491868 -0.0226436388 0.9985198975
-55.8 -12.4 1874.3 0.9960134625 -0.0642466918 -0.0618837662 0.0754062310 0.9770286083 0.1993214339 0.0476564653 -0.2031932473 0.9779782295
-210.2 168.1 1827.7 0.0723315179 -0.8856064677 -0.4587693810 0.9961847067 0.0416298695 0.0767005607 -0.0488280021 -0.4625669122 0.8852387667
-229.5 -97.6 1840.7 -0.1948847026 -0.8756395578 -0.4418996871 0.9240657687 -0.0128742764 -0.3820166886 0.3288197815 -0.4827935696 0.8116575480
73.5 189.6 1841.3 0.7941861153 0.4098382890 0.4486658573 0.1094780490 0.6297531128 -0.7690420151 -0.5977315307 0.6598815322 0.4552728534
249.8 213.9 1708.6 -0.8034428358 0.4098382890 0.4318705797 0.5917431116 0.6297531128 0.5032406449 -0.0657245740 0.6598815322 -0.7484896183
-128.4 -207.5 1910.1 0.9900294542 0.1009435579 -0.0982449576 -0.1228451282 0.9600190520 -0.2515402734 0.0689256638 0.2611011863 0.9628475904
-167.9 -583.2 1808.0 0.9975852966 0.0000000000 -0.0694516972 0.0000000000 1.0000000000 0.0000000000 0.0694516972 0.0000000000 0.9975852966
51.2 -192.3 1921.3 0.9358260632 0.0223357659 -0.3517536819 -0.1011008769 0.9730633497 -0.2071868330 0.3376509249 0.2294534445 0.9128761888
42.5 -573.2 1831.5 0.9406458139 0.0000000000 -0.3393898904 0.0000000000 1.0000000000 0.0000000000 0.3393898904 0.0000000000 0.9406458139
-174.6 -357.8 1748.1 0 0 0 0 0 0 0 0 0
46.1 363.9 1692.0 0 0 0 0 0 0 0 0 0
-167.9 -959.8 1808.0 0 0 0 0 0 0 0 0 0
42.5 -949.8 1831.5 0 0 0 0 0 0 0 0 0
-83.9 438.9 1827.4 4 0.9981645942 -0.0560264662 0.0229890198 0.0543987677 0.9963233471 0.0661859736 -0.0266126636 -0.0648139194 0.9975424409
-71.1 209.9 1842.3 0.9981645942 -0.0560264662 0.0229890198 0.0543987677 0.9963233471 0.0661859736 -0.0266126636 -0.0648139194 0.9975424409
-60.2 17.0 1872.7 0.9981747866 -0.0576962270 0.0178391859 0.0542208925 0.9862731099 0.1559661627 -0.0265929680 -0.1547142267 0.9876012802
-212.8 201.9 1846.2 0.0530947745 -0.9188927412 -0.3909181654 0.9983314872 0.0577430353 -0.0001367975 0.0226985049 -0.3902586699 0.9204254150
-229.0 -101.5 1839.3 -0.2018079609 -0.9021154642 -0.3813938498 0.9226929545 -0.0445052236 -0.3829582930 0.3284985721 -0.4291934371 0.8413570523
70.7 217.9 1838.5 0.8226769567 0.4437584281 0.3553605378 -0.0227243062 0.6502428651 -0.7593864799 -0.5680547953 0.6166543961 0.5450239182
252.7 212.8 1712.9 -0.7868789434 0.4437584281 0.4288356304 0.6120172739 0.6502428651 0.4501322508 -0.0790973380 0.6166543961 -0.7832502723
-133.9 -204.1 1908.9 0.9962396026 0.0829110295 -0.0251483526 -0.0865847543 0.9631953239 -0.2544756234 0.0031239404 0.2556961477 0.9667521715
-166.9 -586.9 1807.3 0.9999951124 0.0000000000 -0.0031357168 0.0000000000 1.0000000000 0.0000000000 0.0031357168 0.0000000000 0.9999951124
45.8 -190.1 1914.5 0.9588710666 0.0042553325 -0.2838101685 -0.0635310635 0.9777373075 -0.1999840289 0.2766407728 0.2097896487 0.9377943277
44.2 -578.5 1831.1 0.9608120322 0.0000000000 -0.2772007585 0.0000000000 1.0000000000 0.0000000000 0.2772007585 0.0000000000 0.9608120322
-172.1 -361.4 1746.8 0 0 0 0 0 0 0 0 0
52.7 368.3 1692.8 0 0 0 0 0 0 0 0 0
-166.9 -963.6 1807.3 0 0 0 0 0 0 0 0 0
44.2 -955.2 1831.1 0 0 0 0 0 0 0 0 0
-83.4 438.6 1826.9 5 0.9969872832 -0.0507198945 0.0586846620 0.0450215302 0.9944918752 0.0946521387 -0.0631621629 -0.0917249098 0.9937791824
-72.5 225.6 1846.5 0.9969872832 -0.0507198945 0.0586846620 0.0450215302 0.9944918752 0.0946521387 -0.0631621629 -0.0917249098 0.9937791824
-63.7 31.9 1872.5 0.9972962737 -0.0467337593 0.0567110851 0.0387291647 0.9901098013 0.1348431408 -0.0624519289 -0.1322821826 0.9892427325
-214.3 219.9 1855.4 0.0631965771 -0.9327928424 -0.3548291624 0.9979788661 0.0614407286 0.0162257757 0.0066656754 -0.3551374078 0.9347903132
-232.5 -66.6 1853.5 -0.1903124601 -0.9170341492 -0.3504704535 0.9220644236 -0.0444167852 -0.3844793141 0.3370139003 -0.3963275254 0.8540176153
69.2 231.3 1837.6 0.8417831659 0.4576528966 0.2862777710 -0.0988926962 0.6520900726 -0.7516639829 -0.5306801200 0.6044272780 0.5941769481
256.4 209.3 1719.6 -0.7665099502 0.4576528966 0.4505733848 0.6338456273 0.6520900726 0.4159545898 -0.1034516096 0.6044272780 -0.7899147868
-139.5 -177.7 1905.0 0.9981434345 0.0600110516 0.0104074031 -0.0561414026 0.9727751613 -0.2248480171 -0.0236174278 0.2238462865 0.9743382931
-163.2 -561.3 1816.7 0.9997202158 0.0000000000 0.0236547366 0.0000000000 1.0000000000 0.0000000000 -0.0236547366 0.0000000000 0.9997202158
40.2 -167.4 1898.6 0.9676383734 -0.0144304642 -0.2519281209 -0.0199188329 0.9908803105 -0.1332645565 0.2515536845 0.1339700073 0.9585263729
45.9 -557.1 1845.9 0.9678303599 0.0000000000 -0.2516036034 0.0000000000 1.0000000000 0.0000000000 0.2516036034 0.0000000000 0.9678303599
-178.9 -326.4 1758.6 0 0 0 0 0 0 0 0 0
62.1 370.0 1693.3 0 0 0 0 0 0 0 0 0
-163.2 -937.9 1816.7 0 0 0 0 0 0 0 0 0
45.9 -933.8 1845.9 0 0 0 0 0 0 0 0 0
-83.2 439.5 1831.1 6 0.9965274334 -0.0513358228 0.0655573532 0.0449762717 0.9944561124 0.0950485542 -0.0700733066 -0.0917699635 0.9933116436
-72.6 233.9 1850.0 0.9965274334 -0.0513358228 0.0655573532 0.0449762717 0.9944561124 0.0950485542 -0.0700733066 -0.0917699635 0.9933116436
-63.7 39.5 1871.1 0.9968158603 -0.0464492925 0.0648116693 0.0391125455 0.9931389689 0.1102054119 -0.0694859624 -0.1073195562 0.9917934537
-214.5 228.2 1860.0 0.0767609552 -0.9355897903 -0.3446440697 0.9970377684 0.0703503042 0.0310887396 -0.0048404918 -0.3460095525 0.9382184744
-235.8 -48.4 1861.3 -0.1835891902 -0.9206615686 -0.3444957733 0.9172790051 -0.0344569497 -0.3967517912 0.3534038365 -0.3888380826 0.8508294225
69.3 239.5 1840.1 0.8473113179 0.4664869010 0.2538768649 -0.1421854049 0.6598209739 -0.7378479838 -0.5117096901 0.5890893340 0.6254014373
259.8 207.6 1725.1 -0.7624615431 0.4664869010 0.4483774900 0.6375572681 0.6598209739 0.3976896107 -0.1103318781 0.5890893340 -0.8005002141
-144.9 -163.9 1903.9 0.9994451404 0.0280020405 0.0180352181 -0.0227065962 0.9689692259 -0.2461361587 -0.0243678857 0.2455900759 0.9690674543
-155.9 -544.4 1807.4 0.9997029305 0.0000000000 0.0243741702 0.0000000000 1.0000000000 0.0000000000 -0.0243741702 0.0000000000 0.9997029305
34.9 -156.5 1891.8 0.9688331485 -0.0360067971 -0.2450832278 0.0040550916 0.9915521145 -0.1296453923 0.2476809174 0.1246109158 0.9607946277
49.0 -545.6 1842.9 0.9688411355 0.0000000000 -0.2476829439 0.0000000000 1.0000000000 0.0000000000 0.2476829439 0.0000000000 0.9688411355
-184.1 -306.7 1761.8 0 0 0 0 0 0 0 0 0
66.5 369.2 1697.1 0 0 0 0 0 0 0 0 0
-155.9 -921.0 1807.4 0 0 0 0 0 0 0 0 0
49.0 -922.3 1842.9 0 0 0 0 0 0 0 0 0
-83.0 438.4 1834.7 7 0.9965959787 -0.0512009338 0.0646134391 0.0451145135 0.9947016835 0.0923756510 -0.0690008178 -0.0891461968 0.9936255813
-72.6 236.3 1852.8 0.9965959787 -0.0512009338 0.0646134391 0.0451145135 0.9947016835 0.0923756510 -0.0690008178 -0.0891461968 0.9936255813
-63.7 41.5 1870.8 0.9968640804 -0.0458637625 0.0644862130 0.0396193564 0.9946901202 0.0949833319 -0.0685000867 -0.0921305716 0.9933879972
-214.6 230.6 1862.6 0.0788870528 -0.9358955622 -0.3433312178 0.9968156815 0.0700376555 0.0381204076 -0.0116306096 -0.3452451527 0.9384404421
-235.9 -38.3 1865.7 -0.1548913717 -0.9261620641 -0.3438494503 0.9187784195 -0.0071156342 -0.3947094381 0.3631182015 -0.3770585358 0.8520399332
69.4 242.0 1843.0 0.8484791517 0.4743743539 0.2346318066 -0.1549323201 0.6465703845 -0.7469556332 -0.5060425997 0.5974242687 0.6220973730
261.3 206.9 1728.6 -0.7542536259 0.4743743539 0.4539498091 0.6484680176 0.6465703845 0.4017910063 -0.1029111519 0.5974242687 -0.7952946424
-144.8 -157.7 1898.3 0.9992874265 0.0327727720 0.0187253654 -0.0277822483 0.9744545817 -0.2228596658 -0.0255507473 0.2221806198 0.9746707082
-157.7 -539.7 1811.2 0.9996732473 0.0000000000 0.0255606137 0.0000000000 1.0000000000 0.0000000000 -0.0255606137 0.0000000000 0.9996732473
35.2 -150.4 1885.3 0.9683477879 -0.0357079543 -0.2470374554 0.0106241275 0.9947137237 -0.1021357030 0.2493786067 0.0962783247 0.9636082053
49.2 -540.2 1847.6 0.9684024453 0.0000000000 -0.2493926883 0.0000000000 1.0000000000 0.0000000000 0.2493926883 0.0000000000 0.9684024453
-192.2 -297.0 1763.5 0 0 0 0 0 0 0 0 0
70.1 371.3 1702.5 0 0 0 0 0 0 0 0 0
-157.7 -916.4 1811.2 0 0 0 0 0 0 0 0 0
49.2 -916.9 1847.6 0 0 0 0 0 0 0 0 0
-81.5 439.4 1835.0 8 0.9971120358 -0.0462222882 0.0602581091 0.0403892249 0.9946896434 0.0946635827 -0.0643136874 -0.0919564217 0.9936839342
-72.2 239.4 1853.5 0.9971120358 -0.0462222882 0.0602581091 0.0403892249 0.9946896434 0.0946635827 -0.0643136874 -0.0919564217 0.9936839342
-64.2 44.5 1870.7 0.9973257184 -0.0410847515 0.0604439080 0.0355195180 0.9952692986 0.0904287025 -0.0638732091 -0.0880399346 0.9940670133
-214.3 234.3 1862.6 0.0805621892 -0.9345102906 -0.3466990888 0.9966093898 0.0696879625 0.0437408611 -0.0167155322 -0.3490474522 0.9369559884
-236.1 -35.6 1867.1 -0.1353698224 -0.9277679920 -0.3477377892 0.9215888381 0.0109632593 -0.3880127072 0.3637980819 -0.3729964793 0.8535364866
69.9 244.4 1844.4 0.8508807421 0.4826188684 0.2075596899 -0.1770378053 0.6353800893 -0.7516313791 -0.4946307838 0.6028027534 0.6260744929
260.6 204.8 1733.5 -0.7485759258 0.4826188684 0.4546571672 0.6565382481 0.6353800893 0.4065091014 -0.0926911458 0.6028027534 -0.7924879789
-144.9 -156.4 1895.0 0.9995145202 0.0280243587 0.0136164753 -0.0243508182 0.9752567410 -0.2197301388 -0.0194373559 0.2192918807 0.9754656553
-155.9 -538.6 1809.1 0.9998109937 0.0000000000 0.0194431208 0.0000000000 1.0000000000 0.0000000000 -0.0194431208 0.0000000000 0.9998109937
35.2 -149.1 1882.4 0.9670590758 -0.0354279540 -0.2520746291 0.0111225434 0.9952026606 -0.0972007290 0.2543089688 0.0911951363 0.9628137946
49.1 -539.1 1846.7 0.9671189189 0.0000000000 -0.2543247044 0.0000000000 1.0000000000 0.0000000000 0.2543247044 0.0000000000 0.9671189189
-198.0 -295.1 1764.7 0 0 0 0 0 0 0 0 0
69.9 372.0 1709.9 0 0 0 0 0 0 0 0 0
-155.9 -915.3 1809.1 0 0 0 0 0 0 0 0 0
49.1 -915.7 1846.7 0 0 0 0 0 0 0 0 0
-80.5 436.7 1835.1 9 0.9978234768 -0.0450862944 0.0481203273 0.0404844098 0.9948742986 0.0926615149 -0.0520514399 -0.0905117095 0.9945341945
-71.5 237.3 1853.3 0.9978234768 -0.0450862944 0.0481203273 0.0404844098 0.9948742986 0.0926615149 -0.0520514399 -0.0905117095 0.9945341945
-63.5 42.3 1869.6 0.9979956150 -0.0407281034 0.0484349579 0.0364907868 0.9956814647 0.0853633583 -0.0517024733 -0.0834248289 0.9951719046
-213.7 232.1 1860.6 0.0873836428 -0.9301891923 -0.3565278947 0.9958323240 0.0721844509 0.0557439029 -0.0261166077 -0.3599131107 0.9326202273
-236.9 -32.5 1867.6 -0.1194169670 -0.9253447652 -0.3598286808 0.9273898602 0.0254527368 -0.3732293844 0.3545244932 -0.3782714009 0.8551158905
70.7 242.5 1845.9 0.8503927588 0.4869551957 0.1992654800 -0.1895197183 0.6367984414 -0.7473754287 -0.4908303022 0.5977979302 0.6338164210
258.6 200.7 1737.5 -0.7442393899 0.4869551957 0.4571458995 0.6607426405 0.6367984414 0.3973750174 -0.0976059586 0.5977979302 -0.7956825495
-146.3 -153.4 1893.7 0.9998043776 0.0196680892 0.0020879433 -0.0187058728 0.9745882154 -0.2232217491 -0.0064252303 0.2231390327 0.9747654796
-154.0 -535.3 1806.3 0.9999793768 0.0000000000 0.0064263544 0.0000000000 1.0000000000 0.0000000000 -0.0064263544 0.0000000000 0.9999793768
33.9 -147.0 1882.1 0.9637156725 -0.0414053313 -0.2636999190 0.0157744046 0.9950037599 -0.0985833332 0.2664642930 0.0908465981 0.9595538974
50.1 -536.8 1846.5 0.9638355970 0.0000000000 -0.2664974630 0.0000000000 1.0000000000 0.0000000000 0.2664974630 0.0000000000 0.9638355970
-203.3 -293.7 1767.7 0 0 0 0 0 0 0 0 0
69.3 368.7 1712.6 0 0 0 0 0 0 0 0 0
-154.0 -911.9 1806.3 0 0 0 0 0 0 0 0 0
50.1 -913.4 1846.5 0 0 0 0 0 0 0 0 0
-78.7 436.7 1835.2 0 0.9982205033 -0.0409304909 0.0433646105 0.0367780067 0.9950264692 0.0925723761 -0.0469379686 -0.0908127800 0.9947612286
-70.5 237.6 1853.4 0.9982205033 -0.0409304909 0.0433646105 0.0367780067 0.9950264692 0.0925723761 -0.0469379686 -0.0908127800 0.9947612286
-63.2 42.6 1869.4 0.9983463287 -0.0373222716 0.0437220186 0.0335765406 0.9959437251 0.0834789276 -0.0466602929 -0.0818728432 0.9955499172
-212.8 232.8 1860.0 0.0957919508 -0.9278905988 -0.3603372276 0.9949611425 0.0784903318 0.0623827428 -0.0296013709 -0.3644973040 0.9307338595
-238.3 -32.0 1867.9 -0.1036368459 -0.9243102074 -0.3673009872 0.9319558740 0.0387584940 -0.3604941368 0.3474444449 -0.3796687722 0.8573995233
71.7 242.4 1846.7 0.8505942822 0.4910764396 0.1879715025 -0.2149434835 0.6509757638 -0.7280315161 -0.4798839986 0.5788561702 0.6592699289
257.9 195.4 1741.7 -0.7366108894 0.4910764396 0.4650250673 0.6650400162 0.6509757638 0.3659950197 -0.1229885146 0.5788561702 -0.8061013222
-145.8 -155.8 1890.6 0.9998004436 0.0197133329 -0.0032275005 -0.0199467931 0.9765291214 -0.2144598812 -0.0010759709 0.2144814730 0.9767274857
-153.5 -538.4 1806.6 0.9999994040 0.0000000000 0.0010761850 0.0000000000 1.0000000000 0.0000000000 -0.0010761850 0.0000000000 0.9999994040
34.6 -149.2 1881.2 0.9623681903 -0.0400756337 -0.2687775195 0.0136219086 0.9949368238 -0.0995746627 0.2714071870 0.0921662226 0.9580414891
50.3 -539.0 1845.1 0.9624575377 0.0000000000 -0.2714323699 0.0000000000 1.0000000000 0.0000000000 0.2714323699 0.0000000000 0.9624575377
-209.1 -294.5 1770.0 0 0 0 0 0 0 0 0 0
69.6 365.3 1710.3 0 0 0 0 0 0 0 0 0
-153.5 -915.1 1806.6 0 0 0 0 0 0 0 0 0
50.3 -915.7 1845.1 0 0 0 0 0 0 0 0 0
-78.5 437.5 1835.2 1 0.9989808798 -0.0451211296 0.0011518083 0.0448225588 0.9947256446 0.0922595933 -0.0053085904 -0.0921139419 0.9957343340
-69.4 238.1 1853.7 0.9989808798 -0.0451211296 0.0011518083 0.0448225588 0.9947256446 0.0922595933 -0.0053085904 -0.0921139419 0.9957343340
-61.4 43.1 1870.0 0.9991523027 -0.0411380045 0.0015454785 0.0408670679 0.9956966043 0.0831756890 -0.0049605095 -0.0830420181 0.9965336919
-211.7 232.3 1854.4 0.1029127687 -0.9121992588 -0.3966125548 0.9934443235 0.0743081719 0.0868713036 -0.0497723855 -0.4029526711 0.9138664603
-238.9 -30.1 1867.6 -0.0831802115 -0.9113637209 -0.4031094909 0.9385721087 0.0642988011 -0.3390399516 0.3349081576 -0.4065487385 0.8500321507
72.8 243.9 1853.0 0.8292586803 0.5234576464 0.1957604587 -0.2525049150 0.6634261608 -0.7043486238 -0.4985692799 0.5346567035 0.6823275089
254.1 188.8 1744.0 -0.7190241814 0.5234576464 0.4571611583 0.6806186438 0.6634261608 0.3108439445 -0.1405790299 0.5346567035 -0.8332945108
-146.2 -155.5 1889.7 0.9987763166 0.0259885062 -0.0420766994 -0.0336647257 0.9805258512 -0.1934830993 0.0362289548 0.1946628392 0.9802009463
-156.4 -539.5 1813.4 0.9993427992 0.0000000000 -0.0362495035 0.0000000000 1.0000000000 0.0000000000 0.0362495035 0.0000000000 0.9993427992
34.3 -149.4 1881.2 0.9504975677 -0.0426288396 -0.3077940941 0.0116821183 0.9947470427 -0.1016948968 0.3105123937 0.0930650607 0.9460026026
51.0 -539.1 1844.7 0.9505624175 0.0000000000 -0.3105335832 0.0000000000 1.0000000000 0.0000000000 0.3105335832 0.0000000000 0.9505624175
-215.5 -294.4 1773.2 0 0 0 0 0 0 0 0 0
69.5 363.4 1708.0 0 0 0 0 0 0 0 0 0
-156.4 -916.2 1813.4 0 0 0 0 0 0 0 0 0
51.0 -915.7 1844.7 0 0 0 0 0 0 0 0 0
-77.2 433.9 1836.3 2 0.9986855984 -0.0460830033 -0.0224375129 0.0479027033 0.9948996305 0.0887698308 0.0182322934 -0.0897279680 0.9957994223
-68.0 235.1 1854.2 0.9986855984 -0.0460830033 -0.0224375129 0.0479027033 0.9948996305 0.0887698308 0.0182322934 -0.0897279680 0.9957994223
-59.4 40.1 1870.0 0.9987931252 -0.0438996442 -0.0220252350 0.0455237441 0.9957829118 0.0796489865 0.0184357893 -0.0805555284 0.9965795875
-210.2 228.6 1851.6 0.1082349718 -0.9025039673 -0.4168593884 0.9926777482 0.0754958987 0.0942934304 -0.0536290258 -0.4240128696 0.9040669203
-238.7 -32.4 1865.7 -0.0687403232 -0.9029926658 -0.4241215289 0.9414777160 0.0819041207 -0.3269730508 0.3299915493 -0.4217771888 0.8445173502
74.3 241.6 1856.8 0.8207958937 0.5314640403 0.2093803138 -0.2589700520 0.6729320288 -0.6928903461 -0.5091450214 0.5144982934 0.6899730563
251.7 185.6 1746.7 -0.7137144208 0.5314640403 0.4562430084 0.6828669906 0.6729320288 0.2843504250 -0.1558984816 0.5144982934 -0.8432005644
-143.6 -155.6 1886.7 0.9972243309 0.0390333273 -0.0634034649 -0.0497855023 0.9827679992 -0.1780125499 0.0553624704 0.1806750149 0.9819834828
