-30.5 457.4 1853.9 31 0.9946425557 0.0900475606 0.0507705994 -0.0818419904 0.9859827757 -0.1453956217 -0.0631514564 0.1404615045 0.9880700707
-56.0 178.3 1814.1 0.9946425557 0.0900475606 0.0507705994 -0.0818419904 0.9859827757 -0.1453956217 -0.0631514564 0.1404615045 0.9880700707
-49.5 -10.6 1865.1 0.9974760413 -0.0335972458 0.0625523329 0.0160859358 0.9649903178 0.2617916763 -0.0691578761 -0.2601247132 0.9630951881
-198.1 176.0 1824.0 0.0905930027 -0.8167496324 -0.5698359013 0.9951040149 0.0515395515 0.0843305066 -0.0395078287 -0.5746857524 0.8174200058
-222.7 -94.9 1834.7 -0.2383722067 -0.8041679859 -0.5445113182 0.9172480106 -0.0021908593 -0.3983106017 0.3191156685 -0.5943980813 0.7381436825
86.1 180.6 1804.2 0.6215533018 0.5888074636 0.5166984797 0.1020969674 0.5930692554 -0.7986520529 -0.7766902447 0.5491581559 0.3085086644
206.1 200.3 1654.2 -0.7124768496 0.5888074636 0.3816837966 0.7016687393 0.5930692554 0.3948795795 0.0061431243 0.5491581559 -0.8356958628
-142.1 -206.0 1917.6 0.9830966592 0.0318300240 -0.1802993119 -0.0865835622 0.9485200644 -0.3046522439 0.1613204181 0.3151135743 0.9352428317
-154.6 -577.4 1794.2 0.9868025184 0.0000000000 -0.1619285345 0.0000000000 1.0000000000 0.0000000000 0.1619285345 0.0000000000 0.9868025184
38.1 -206.5 1905.5 0.9236143231 -0.0469870195 -0.3804323375 -0.0320132710 0.9795365334 -0.1987039894 0.3819838762 0.1957047433 0.9032098055
56.5 -589.9 1829.0 0.9240880013 0.0000000000 -0.3821797669 0.0000000000 1.0000000000 0.0000000000 0.3821797669 0.0000000000 0.9240880013
-155.6 -353.2 1744.8 0 0 0 0 0 0 0 0 0
25.6 378.1 1655.8 0 0 0 0 0 0 0 0 0
-154.6 -954.0 1794.2 0 0 0 0 0 0 0 0 0
56.5 -966.6 1829.0 0 0 0 0 0 0 0 0 0
-31.2 456.7 1854.6 32 0.9942132235 0.0942939669 0.0514659286 -0.0855432674 0.9847241640 -0.1516596228 -0.0649803355 0.1463794410 0.9870920181
-57.7 180.0 1813.4 0.9942132235 0.0942939669 0.0514659286 -0.0855432674 0.9847241640 -0.1516596228 -0.0649803355 0.1463794410 0.9870920181
-47.2 -8.5 1865.5 0.9967511296 -0.0533960536 0.0602997728 0.0352920219 0.9625106454 0.2689381242 -0.0723994076 -0.2659362555 0.9612680078
-199.7 174.9 1823.8 0.0873693824 -0.7532746792 -0.6518771648 0.9948123693 0.0317480378 0.0966457427 -0.0521049723 -0.6569393277 0.7521408200
-223.1 -92.1 1837.8 -0.2509084940 -0.7532746792 -0.6079655886 0.9094238281 0.0317480378 -0.4146569669 0.3316523135 -0.6569393277 0.6770800948
84.3 185.0 1803.1 0.6277685761 0.5936773419 0.5034419298 0.0808335394 0.5935477018 -0.8007290363 -0.7741915584 0.5433675647 0.3246215880
206.4 200.7 1652.5 -0.7118002176 0.5936773419 0.3753499985 0.7023028135 0.5935477018 0.3930290937 0.0105443345 0.5433675647 -0.8394286633
-133.0 -201.0 1922.3 0.9830011129 0.0651012883 -0.1716702580 -0.1163549200 0.9441770911 -0.3082063794 0.1420224905 0.3229418993 0.9357019663
-158.5 -570.6 1795.9 0.9897235632 0.0000000000 -0.1429937482 0.0000000000 1.0000000000 0.0000000000 0.1429937482 0.0000000000 0.9897235632
47.2 -198.1 1909.8 0.9272656441 -0.0092396690 -0.3742901385 -0.0649856925 0.9805495143 -0.1852011234 0.3687212169 0.1960541457 0.9086294174
50.8 -581.8 1833.1 0.9292298555 0.0000000000 -0.3695022762 0.0000000000 1.0000000000 0.0000000000 0.3695022762 0.0000000000 0.9292298555
-152.4 -348.3 1744.3 0 0 0 0 0 0 0 0 0
26.1 378.6 1655.2 0 0 0 0 0 0 0 0 0
-158.5 -947.2 1795.9 0 0 0 0 0 0 0 0 0
50.8 -958.4 1833.1 0 0 0 0 0 0 0 0 0
-32.8 457.1 1854.9 33 0.9934269190 0.0998664051 0.0559428185 -0.0906819776 0.9848527312 -0.1477898955 -0.0698546842 0.1417454630 0.9874353409
-61.3 175.5 1814.4 0.9934269190 0.0998664051 0.0559428185 -0.0906819776 0.9848527312 -0.1477898955 -0.0698546842 0.1417454630 0.9874353409
-51.4 -13.2 1865.7 0.9964987636 -0.0509239808 0.0663097203 0.0316189565 0.9637413621 0.2649580836 -0.0773981437 -0.2619337440 0.9619772434
-203.3 171.0 1825.4 0.0756775066 -0.7583999634 -0.6473811865 0.9959021211 0.0252471752 0.0868420824 -0.0495164841 -0.6513003111 0.7572027445
-223.4 -93.3 1838.6 -0.2606529891 -0.7583999634 -0.5974023342 0.9041214585 0.0252471752 -0.4265289903 0.3385622799 -0.6513003111 0.6791049242
80.6 180.0 1803.4 0.6367618442 0.5808022618 0.5071519017 0.1071410924 0.5847046375 -0.8041400909 -0.7635805011 0.5663825274 0.3100898266
206.1 201.2 1652.9 -0.7223258615 0.5808022618 0.3753851950 0.6910117865 0.5847046375 0.4249978065 0.0273502227 0.5663825274 -0.8236885071
-126.8 -200.1 1924.2 0.9820002317 0.0853122920 -0.1685152203 -0.1358474940 0.9388756156 -0.3163194656 0.1312288940 0.3335181773 0.9335655570
-160.2 -567.6 1793.6 0.9911887646 0.0000000000 -0.1324567944 0.0000000000 1.0000000000 0.0000000000 0.1324567944 0.0000000000 0.9911887646
53.3 -193.7 1911.1 0.9288365841 0.0100684250 -0.3703529239 -0.0853899196 0.9785357714 -0.1875534356 0.3605152071 0.2058309019 0.9097595215
49.3 -576.7 1830.5 0.9322414398 0.0000000000 -0.3618367612 0.0000000000 1.0000000000 0.0000000000 0.3618367612 0.0000000000 0.9322414398
-150.0 -348.0 1743.2 0 0 0 0 0 0 0 0 0
22.8 376.5 1659.8 0 0 0 0 0 0 0 0 0
-160.2 -944.3 1793.6 0 0 0 0 0 0 0 0 0
49.3 -953.4 1830.5 0 0 0 0 0 0 0 0 0
-31.6 453.4 1853.6 34 0.9926550984 0.1078609750 0.0547895245 -0.0989348367 0.9844028950 -0.1454746127 -0.0696259961 0.1389855146 0.9878437519
-62.3 173.7 1814.1 0.9926550984 0.1078609750 0.0547895245 -0.0989348367 0.9844028950 -0.1454746127 -0.0696259961 0.1389855146 0.9878437519
-53.5 -15.1 1865.6 0.9966671467 -0.0449612923 0.0680666268 0.0253260657 0.9637117982 0.2657406926 -0.0775446519 -0.2631311715 0.9616386294
-204.3 170.0 1825.2 0.0699784234 -0.7534855008 -0.6537297368 0.9965428710 0.0233853925 0.0797209367 -0.0447808430 -0.6570484638 0.7525171041
-223.1 -97.7 1837.2 -0.2664255202 -0.7534855008 -0.6010632515 0.9027749300 0.0233853925 -0.4294770360 0.3376608193 -0.6570484638 0.6739974022
79.7 177.3 1803.0 0.6524331570 0.5708398819 0.4984705150 0.1106750146 0.5789252520 -0.8078345060 -0.7497212887 0.5822262168 0.3145323396
207.9 199.0 1655.8 -0.7270514965 0.5708398819 0.3814943433 0.6858903170 0.5789252520 0.4409081638 0.0308312289 0.5822262168 -0.8124420047
-131.5 -204.8 1924.0 0.9826322198 0.0697786063 -0.1719442606 -0.1245538294 0.9348733425 -0.3324126601 0.1375508010 0.3480557203 0.9273278713
-158.8 -570.8 1787.7 0.9903442264 0.0000000000 -0.1386303455 0.0000000000 1.0000000000 0.0000000000 0.1386303455 0.0000000000 0.9903442264
48.6 -199.0 1910.0 0.9283984900 -0.0097431978 -0.3714584410 -0.0696652904 0.9773666859 -0.1997527033 0.3649973273 0.2113278657 0.9067069292
52.5 -581.7 1827.3 0.9306595922 0.0000000000 -0.3658862710 0.0000000000 1.0000000000 0.0000000000 0.3658862710 0.0000000000 0.9306595922
-148.1 -352.0 1742.1 0 0 0 0 0 0 0 0 0
23.4 373.1 1663.6 0 0 0 0 0 0 0 0 0
-158.8 -947.4 1787.7 0 0 0 0 0 0 0 0 0
52.5 -958.3 1827.3 0 0 0 0 0 0 0 0 0
-32.1 455.2 1853.4 35 0.9928571582 0.1041607112 0.0581825972 -0.0950617418 0.9853229523 -0.1417813897 -0.0720966980 0.1352377385 0.9881866574
-61.9 173.9 1814.8 0.9928571582 0.1041607112 0.0581825972 -0.0950617418 0.9853229523 -0.1417813897 -0.0720966980 0.1352377385 0.9881866574
-52.7 -14.8 1866.6 0.9964331985 -0.0468016416 0.0702174157 0.0264257714 0.9633139968 0.2670727670 -0.0801408589 -0.2642646134 0.9611148238
-203.9 170.1 1826.2 0.0738501400 -0.7474611998 -0.6601878405 0.9964005947 0.0276775062 0.0801233575 -0.0416167453 -0.6637286544 0.7468147874
-223.9 -99.9 1837.5 -0.2686348557 -0.7474611998 -0.6075665355 0.9012015462 0.0276775062 -0.4325155914 0.3401045501 -0.6637286544 0.6661779881
80.1 177.7 1803.4 0.6624935865 0.5654069781 0.4913421869 0.0970417559 0.5856279731 -0.8047501445 -0.7427550554 0.5808225274 0.3331066966
209.7 196.6 1658.2 -0.7300179005 0.5654069781 0.3839124441 0.6830765605 0.5856279731 0.4364015460 0.0219146237 0.5808225274 -0.8137351871
-134.8 -206.1 1924.2 0.9837927222 0.0598133504 -0.1690391153 -0.1136307940 0.9372259378 -0.3296900988 0.1387079805 0.3435547650 0.9288327098
-158.2 -573.1 1789.7 0.9902062416 0.0000000000 -0.1396122426 0.0000000000 1.0000000000 0.0000000000 0.1396122426 0.0000000000 0.9902062416
45.4 -201.5 1910.2 0.9292455316 -0.0217333641 -0.3688230813 -0.0576213300 0.9775278568 -0.2027783394 0.3649418950 0.2096829414 0.9071110487
53.9 -584.3 1828.1 0.9307920337 0.0000000000 -0.3655492365 0.0000000000 1.0000000000 0.0000000000 0.3655492365 0.0000000000 0.9307920337
-148.2 -353.8 1741.7 0 0 0 0 0 0 0 0 0
24.6 369.8 1663.7 0 0 0 0 0 0 0 0 0
-158.2 -949.8 1789.7 0 0 0 0 0 0 0 0 0
53.9 -961.0 1828.1 0 0 0 0 0 0 0 0 0
-32.6 453.8 1854.9 36 0.9925778508 0.1048573181 0.0615968928 -0.0946992859 0.9842219353 -0.1494629979 -0.0762973055 0.1425204724 0.9868468046
-62.5 172.8 1814.2 0.9925778508 0.1048573181 0.0615968928 -0.0946992859 0.9842219353 -0.1494629979 -0.0762973055 0.1425204724 0.9868468046
-53.3 -15.7 1866.5 0.9961497188 -0.0468682982 0.0740885213 0.0252140388 0.9625581503 0.2699001729 -0.0839642733 -0.2669928968 0.9600337744
-204.5 169.2 1826.1 0.0754334331 -0.7501541376 -0.6569463611 0.9960712194 0.0260376800 0.0846413076 -0.0463886708 -0.6607501507 0.7491710782
-224.9 -100.0 1838.7 -0.2743420005 -0.7501541376 -0.6016687155 0.8969178796 0.0260376800 -0.4414298534 0.3468064964 -0.6607501507 0.6656834483
79.5 176.4 1802.2 0.6723535061 0.5577391982 0.4866905510 0.0978415459 0.5847561955 -0.8052870035 -0.7337355018 0.5890561342 0.3385928273
209.9 195.4 1659.8 -0.7248836160 0.5577391982 0.4043151438 0.6888667941 0.5847561955 0.4283954799 0.0025071655 0.5890561342 -0.8080882430
-133.6 -205.8 1925.6 0.9841035604 0.0628494248 -0.1661027074 -0.1155826822 0.9367576838 -0.3303416967 0.1348362118 0.3442890346 0.9291309118
-158.2 -572.7 1790.7 0.9907436967 0.0000000000 -0.1357459873 0.0000000000 1.0000000000 0.0000000000 0.1357459873 0.0000000000 0.9907436967
46.5 -201.0 1911.1 0.9306714535 -0.0165026039 -0.3654837012 -0.0636292174 0.9764566422 -0.2061158121 0.3602804244 0.2150815427 0.9077102542
53.0 -583.5 1826.9 0.9325611591 0.0000000000 -0.3610119820 0.0000000000 1.0000000000 0.0000000000 0.3610119820 0.0000000000 0.9325611591
-147.6 -352.6 1741.0 0 0 0 0 0 0 0 0 0
26.3 369.9 1660.4 0 0 0 0 0 0 0 0 0
-158.2 -949.4 1790.7 0 0 0 0 0 0 0 0 0
53.0 -960.1 1826.9 0 0 0 0 0 0 0 0 0
-31.8 452.3 1854.1 37 0.9919404387 0.1099871248 0.0629042611 -0.0996402204 0.9838120937 -0.1489484161 -0.0782683790 0.1414801627 0.9868421555
-63.0 172.7 1813.9 0.9919404387 0.1099871248 0.0629042611 -0.0996402204 0.9838120937 -0.1489484161 -0.0782683790 0.1414801627 0.9868421555
-54.4 -15.8 1866.3 0.9960442185 -0.0442035645 0.0770843178 0.0217723660 0.9624510407 0.2705807090 -0.0861505121 -0.2678320408 0.9596062303
-205.0 169.6 1826.1 0.0711104423 -0.7501437664 -0.6574401855 0.9966140389 0.0261575952 0.0779503733 -0.0412769318 -0.6607572436 0.7494638562
-224.4 -102.5 1837.4 -0.2728105783 -0.7501437664 -0.6023775339 0.8979791999 0.0261575952 -0.4392597377 0.3452647030 -0.6607572436 0.6664774418
78.9 175.8 1801.6 0.6670098901 0.5624732971 0.4885914624 0.0972101763 0.5844768882 -0.8055662513 -0.7386798859 0.5848166943 0.3351737261
206.8 194.4 1660.0 -0.7072766423 0.5624732971 0.4282330871 0.7064658999 0.5844768882 0.3991149068 -0.0258008540 0.5848166943 -0.8107550144
-134.2 -206.5 1926.3 0.9841260910 0.0645012483 -0.1653343737 -0.1169582829 0.9364041090 -0.3308595717 0.1334789395 0.3449447453 0.9290837049
-159.5 -573.3 1791.2 0.9909269810 0.0000000000 -0.1344013512 0.0000000000 1.0000000000 0.0000000000 0.1344013512 0.0000000000 0.9909269810
45.9 -202.0 1911.2 0.9312033653 -0.0182991512 -0.3640403748 -0.0645865127 0.9746515751 -0.2142028064 0.3587322831 0.2229784727 0.9064170122
53.1 -583.7 1823.8 0.9331517220 0.0000000000 -0.3594828248 0.0000000000 1.0000000000 0.0000000000 0.3594828248 0.0000000000 0.9331517220
-147.5 -355.5 1740.1 0 0 0 0 0 0 0 0 0
27.9 373.1 1653.5 0 0 0 0 0 0 0 0 0
-159.5 -950.0 1791.2 0 0 0 0 0 0 0 0 0
53.1 -960.4 1823.8 0 0 0 0 0 0 0 0 0
-30.5 450.8 1852.7 38 0.9920783043 0.1033077613 0.0714715123 -0.0918498337 0.9846637249 -0.1483273506 -0.0856987685 0.1405876875 0.9863522649
-59.7 172.6 1813.0 0.9920783043 0.1033077613 0.0714715123 -0.0918498337 0.9846637249 -0.1483273506 -0.0856987685 0.1405876875 0.9863522649
-53.8 -15.8 1866.1 0.9957282543 -0.0298958141 0.0873582661 0.0049373480 0.9620168805 0.2729452252 -0.0922000483 -0.2713479400 0.9580550194
-201.6 171.9 1826.1 0.0831580162 -0.7392013073 -0.6683308482 0.9956637621 0.0335707217 0.0867562890 -0.0416940115 -0.6726472974 0.7387876511
-224.4 -101.2 1837.5 -0.2678101361 -0.7392013073 -0.6179475188 0.9017453194 0.0335707217 -0.4309622347 0.3393127918 -0.6726472974 0.6575807333
82.2 173.3 1799.8 0.6496812105 0.5736051798 0.4988901913 0.1084108651 0.5796412230 -0.8076280951 -0.7524369955 0.5787858963 0.3143970072
204.5 193.8 1658.2 -0.6960329413 0.5736051798 0.4318741262 0.7174363136 0.5796412230 0.3863951564 -0.0286937989 0.5787858963 -0.8149745464
-135.7 -206.3 1926.6 0.9844263792 0.0588854477 -0.1656417847 -0.1117347851 0.9370115995 -0.3309450448 0.1357204169 0.3442989886 0.9289984703
-158.8 -573.3 1791.7 0.9906296730 0.0000000000 -0.1365756392 0.0000000000 1.0000000000 0.0000000000 0.1365756392 0.0000000000 0.9906296730
44.3 -202.4 1911.0 0.9319404364 -0.0215649344 -0.3619696200 -0.0592984296 0.9757284522 -0.2108025700 0.3577300012 0.2179196626 0.9080420136
52.8 -584.5 1825.6 0.9335832596 0.0000000000 -0.3583605886 0.0000000000 1.0000000000 0.0000000000 0.3583605886 0.0000000000 0.9335832596
-148.9 -355.3 1741.9 0 0 0 0 0 0 0 0 0
28.6 375.1 1650.9 0 0 0 0 0 0 0 0 0
-158.8 -950.0 1791.7 0 0 0 0 0 0 0 0 0
52.8 -961.2 1825.6 0 0 0 0 0 0 0 0 0
-30.6 451.4 1853.5 39 0.9917440414 0.1057690382 0.0725028962 -0.0941241011 0.9844096303 -0.1485877782 -0.0870885327 0.1405367851 0.9862378240
-60.5 172.5 1813.7 0.9917440414 0.1057690382 0.0725028962 -0.0941241011 0.9844096303 -0.1485877782 -0.0870885327 0.1405367851 0.9862378240
-57.0 -16.5 1864.6 0.9956957698 -0.0180670172 0.0909037367 -0.0062658698 0.9654497504 0.2605140209 -0.0924696997 -0.2599622905 0.9611810446
-202.4 173.4 1826.9 0.0818182305 -0.7401844263 -0.6674075127 0.9957322478 0.0320201218 0.0865561962 -0.0426970758 -0.6716411114 0.7396453023
-224.8 -98.3 1838.5 -0.2689714730 -0.7401844263 -0.6162640452 0.9013692737 0.0320201218 -0.4318658710 0.3393932283 -0.6716411114 0.6585670114
81.4 171.6 1800.5 0.6355087757 0.5824334621 0.5068529248 0.1229655221 0.5717362761 -0.8111702204 -0.7622388601 0.5778312087 0.2917241752
202.3 195.0 1655.4 -0.6924867034 0.5824334621 0.4257152081 0.7212608457 0.5717362761 0.3910248280 -0.0156508852 0.5778312087 -0.8160062432
-137.9 -204.6 1927.6 0.9844062328 0.0481651090 -0.1691879034 -0.1032901853 0.9367908835 -0.3342961669 0.1423922777 0.3465586603 0.9271577597
-156.8 -571.5 1791.9 0.9896998405 0.0000000000 -0.1431579888 0.0000000000 1.0000000000 0.0000000000 0.1431579888 0.0000000000 0.9896998405
42.0 -203.7 1910.9 0.9306827188 -0.0314805843 -0.3644703627 -0.0501522347 0.9759042859 -0.2123570740 0.3623733222 0.2159160674 0.9066784382
54.4 -586.0 1826.4 0.9318553805 0.0000000000 -0.3628298938 0.0000000000 1.0000000000 0.0000000000 0.3628298938 0.0000000000 0.9318553805
-149.0 -352.3 1742.9 0 0 0 0 0 0 0 0 0
27.8 376.8 1651.5 0 0 0 0 0 0 0 0 0
-156.8 -948.2 1791.9 0 0 0 0 0 0 0 0 0
54.4 -962.6 1826.4 0 0 0 0 0 0 0 0 0
-31.0 451.5 1853.9 40 0.9920185208 0.1071642786 0.0664459169 -0.0963139012 0.9841014743 -0.1492243856 -0.0813810453 0.1416336894 0.9865683317
-61.4 172.8 1813.8 0.9920185208 0.1071642786 0.0664459169 -0.0963139012 0.9841014743 -0.1492243856 -0.0813810453 0.1416336894 0.9865683317
-58.7 -16.8 1862.8 0.9962363839 -0.0139835086 0.0855424032 -0.0079513062 0.9679961801 0.2508389056 -0.0863123238 -0.2505750358 0.9642418623
-203.4 173.9 1826.1 0.0853091106 -0.7439681292 -0.6627471447 0.9950208664 0.0292096231 0.0952902213 -0.0515342914 -0.6675763726 0.7427557111
-226.5 -96.4 1840.1 -0.2702134848 -0.7439681292 -0.6111432910 0.9005655050 0.0292096231 -0.4337378442 0.3405384123 -0.6675763726 0.6620992422
80.6 171.7 1801.5 0.6330076456 0.5823205709 0.5101020336 0.1356829256 0.5652682781 -0.8136718869 -0.7621623278 0.5842726827 0.2788081765
202.4 197.8 1654.8 -0.7078694701 0.5823205709 0.3997793794 0.7059853673 0.5652682781 0.4266807437 0.0224823803 0.5842726827 -0.8112459779
-143.5 -205.0 1923.9 0.9840531349 0.0330273993 -0.1747815162 -0.0882414207 0.9438173771 -0.3184685409 0.1544436514 0.3288129270 0.9316808581
-156.4 -574.6 1795.1 0.9879068732 0.0000000000 -0.1550484747 0.0000000000 1.0000000000 0.0000000000 0.1550484747 0.0000000000 0.9879068732
36.5 -206.2 1907.1 0.9269993901 -0.0517287888 -0.3714784980 -0.0260416921 0.9791758657 -0.2013365775 0.3741576970 0.1963128150 0.9063483477
56.8 -589.6 1830.3 0.9273138642 0.0000000000 -0.3742846251 0.0000000000 1.0000000000 0.0000000000 0.3742846251 0.0000000000 0.9273138642
-150.4 -350.1 1744.1 0 0 0 0 0 0 0 0 0
23.3 376.4 1660.5 0 0 0 0 0 0 0 0 0
-156.4 -951.3 1795.1 0 0 0 0 0 0 0 0 0
56.8 -966.2 1830.3 0 0 0 0 0 0 0 0 0
-31.1 451.7 1853.6 41 0.9919183850 0.1104939729 0.0623620264 -0.1006454676 0.9845148325 -0.1435307711 -0.0772556216 0.1360943466 0.9876790643
-62.4 173.5 1815.1 0.9919183850 0.1104939729 0.0623620264 -0.1006454676 0.9845148325 -0.1435307711 -0.0772556216 0.1360943466 0.9876790643
-58.6 -15.9 1864.8 0.9965303540 -0.0193698406 0.0809444562 -0.0018703596 0.9670847058 0.2544479072 -0.0832087621 -0.2537164390 0.9636930227
-204.4 173.8 1827.0 0.0853915736 -0.7432760000 -0.6635126472 0.9950093031 0.0291132797 0.0954408422 -0.0516218618 -0.6683511138 0.7420525551
-227.5 -95.8 1841.0 -0.2712238431 -0.7432760000 -0.6115377545 0.9001477957 0.0291132797 -0.4346105456 0.3408394754 -0.6683511138 0.6611620784
79.7 173.2 1803.3 0.6214458942 0.6127951145 0.4881466627 0.1246656850 0.5377833843 -0.8338149786 -0.7734749317 0.5790260434 0.2578087747
198.6 197.1 1655.2 -0.6898337007 0.6127951145 0.3855017722 0.7214793563 0.5377833843 0.4361841083 0.0599750243 0.5790260434 -0.8131000996
-146.0 -205.6 1919.7 0.9841578603 0.0259979218 -0.1753780693 -0.0797385946 0.9484042525 -0.3068731725 0.1583512425 0.3159960210 0.9354525208
-156.1 -577.0 1796.0 0.9873015881 0.0000000000 -0.1588570774 0.0000000000 1.0000000000 0.0000000000 0.1588570774 0.0000000000 0.9873015881
34.1 -207.1 1904.1 0.9254629612 -0.0602046549 -0.3740236461 -0.0104170851 0.9828740954 -0.1839836240 0.3786948323 0.1741662621 0.9089864492
57.7 -591.9 1835.9 0.9255132079 0.0000000000 -0.3787153661 0.0000000000 1.0000000000 0.0000000000 0.3787153661 0.0000000000 0.9255132079
-151.1 -349.4 1744.9 0 0 0 0 0 0 0 0 0
22.7 381.1 1670.5 0 0 0 0 0 0 0 0 0
-156.1 -953.7 1796.0 0 0 0 0 0 0 0 0 0
57.7 -968.5 1835.9 0 0 0 0 0 0 0 0 0
-31.8 454.7 1853.4 42 0.9924989939 0.1080799848 0.0571350046 -0.0993277580 0.9853634834 -0.1385379732 -0.0712719336 0.1318237185 0.9887076616
-62.7 173.5 1815.8 0.9924989939 0.1080799848 0.0571350046 -0.0993277580 0.9853634834 -0.1385379732 -0.0712719336 0.1318237185 0.9887076616
-54.2 -15.6 1866.1 0.9965862036 -0.0431945659 0.0703570321 0.0235648453 0.9655853510 0.2590166330 -0.0791238323 -0.2564744651 0.9633069634
-204.7 170.1 1827.1 0.0870853066 -0.7514051795 -0.6540691257 0.9947392344 0.0300361700 0.0979374200 -0.0539449528 -0.6591570973 0.7500678897
-228.0 -95.9 1841.5 -0.2700699866 -0.7514051795 -0.6020402312 0.8974564672 0.0300361700 -0.4400792122 0.3487607837 -0.6591570973 0.6662415862
79.3 176.8 1804.5 0.6376628876 0.6089712977 0.4717414677 0.0813861266 0.5557127595 -0.8273811936 -0.7660041451 0.5659834743 0.3047955632
200.6 192.3 1658.8 -0.6953095198 0.6089712977 0.3817048669 0.7173768878 0.5557127595 0.4201829731 0.0437611155 0.5659834743 -0.8232542872
-144.8 -205.1 1922.0 0.9849281311 0.0231129266 -0.1714127660 -0.0772980452 0.9453784227 -0.3166774511 0.1547305882 0.3251544237 0.9329164028
-153.9 -575.4 1794.7 0.9878838658 0.0000000000 -0.1551949233 0.0000000000 1.0000000000 0.0000000000 0.1551949233 0.0000000000 0.9878838658
35.3 -205.5 1907.0 0.9264026284 -0.0545402616 -0.3725635111 -0.0212951023 0.9802812338 -0.1964567900 0.3759317994 0.1899318546 0.9069736600
56.7 -589.3 1832.6 0.9266127348 0.0000000000 -0.3760170639 0.0000000000 1.0000000000 0.0000000000 0.3760170639 0.0000000000 0.9266127348
-151.9 -348.7 1743.3 0 0 0 0 0 0 0 0 0
22.6 376.0 1670.0 0 0 0 0 0 0 0 0 0
-153.9 -952.1 1794.7 0 0 0 0 0 0 0 0 0
56.7 -966.0 1832.6 0 0 0 0 0 0 0 0 0
-32.3 455.2 1853.9 43 0.9938309193 0.0989343002 0.0501212068 -0.0911660045 0.9861148000 -0.1388032287 -0.0631576627 0.1333775818 0.9890508056
-60.6 173.6 1815.8 0.9938309193 0.0989343002 0.0501212068 -0.0911660045 0.9861148000 -0.1388032287 -0.0631576627 0.1333775818 0.9890508056
-57.6 -15.9 1864.4 0.9976561069 -0.0150273675 0.0667570680 -0.0020551565 0.9685673118 0.2487430423 -0.0683966652 -0.2482972145 0.9662662148
-202.7 173.9 1825.5 0.0866668299 -0.7410110831 -0.6658764482 0.9950023890 0.0311137773 0.0948795378 -0.0495888554 -0.6707715988 0.7400043607
-226.6 -100.2 1839.2 -0.2777321041 -0.7410110831 -0.6113652587 0.8952779174 0.0311137773 -0.4444202185 0.3483421803 -0.6707715988 0.6547695994
81.5 173.3 1806.0 0.6528749466 0.5813868642 0.4855343699 0.0840028152 0.5814716220 -0.8092182875 -0.7527933717 0.5691046119 0.3307901025
206.6 189.4 1661.8 -0.7150912881 0.5813868642 0.3881156743 0.6988362670 0.5814716220 0.4165556133 0.0165017154 0.5691046119 -0.8220995069
-135.8 -206.8 1923.5 0.9801576734 0.0573112704 -0.1897535175 -0.1170364246 0.9399382472 -0.3206532896 0.1599795520 0.3364988565 0.9279952049
-158.3 -574.7 1791.7 0.9869402647 0.0000000000 -0.1610866040 0.0000000000 1.0000000000 0.0000000000 0.1610866040 0.0000000000 0.9869402647
44.3 -202.5 1909.1 0.9216126204 -0.0218014754 -0.3874982595 -0.0562493801 0.9803763628 -0.1889396608 0.3840132952 0.1959257126 0.9023008943
52.8 -586.2 1832.4 0.9230740666 0.0000000000 -0.3846222460 0.0000000000 1.0000000000 0.0000000000 0.3846222460 0.0000000000 0.9230740666
-148.3 -352.4 1741.1 0 0 0 0 0 0 0 0 0
24.2 367.7 1666.0 0 0 0 0 0 0 0 0 0
-158.3 -951.3 1791.7 0 0 0 0 0 0 0 0 0
52.8 -962.9 1832.4 0 0 0 0 0 0 0 0 0
-32.2 456.9 1853.6 44 0.9944385290 0.0960322618 0.0432408974 -0.0891854167 0.9862342477 -0.1392405927 -0.0560172424 0.1346097589 0.9893140197
-59.8 173.9 1814.9 0.9944385290 0.0960322618 0.0432408974 -0.0891854167 0.9862342477 -0.1392405927 -0.0560172424 0.1346097589 0.9893140197
-60.0 -15.7 1863.4 0.9980474114 0.0011559378 0.0624498278 -0.0165881123 0.9688297510 0.2471714616 -0.0602175370 -0.2477247715 0.9669572115
-202.0 176.3 1823.5 0.0950152278 -0.7604530454 -0.6424043179 0.9929543138 0.0264968369 0.1154976338 -0.0708088428 -0.6488521695 0.7576127052
-227.9 -95.1 1842.9 -0.2700232565 -0.7604530454 -0.5905917883 0.8957928419 0.0264968369 -0.4436812699 0.3530475795 -0.6488521695 0.6740536094
82.4 171.6 1806.3 0.6570208669 0.5714447498 0.4917056859 0.0973842070 0.5824401975 -0.8070190549 -0.7475559711 0.5781127214 0.3270256519
208.1 190.2 1663.3 -0.7103391290 0.5714447498 0.4109369516 0.7038252950 0.5824401975 0.4066858888 -0.0069476822 0.5781127214 -0.8159273267
-144.8 -205.4 1919.2 0.9791411161 0.0281695835 -0.2012192905 -0.0894894004 0.9489014745 -0.3026180565 0.1824126542 0.3143127859 0.9316293001
-155.9 -576.7 1796.2 0.9830854535 0.0000000000 -0.1831474751 0.0000000000 1.0000000000 0.0000000000 0.1831474751 0.0000000000 0.9830854535
35.4 -205.7 1906.8 0.9159455299 -0.0583410226 -0.3970391452 -0.0244520027 0.9794241190 -0.2003261149 0.4005569220 0.1931962073 0.8956725597
58.3 -589.0 1831.2 0.9162194729 0.0000000000 -0.4006767273 0.0000000000 1.0000000000 0.0000000000 0.4006767273 0.0000000000 0.9162194729
-151.8 -347.4 1743.4 0 0 0 0 0 0 0 0 0
26.7 370.0 1661.5 0 0 0 0 0 0 0 0 0
-155.9 -953.3 1796.2 0 0 0 0 0 0 0 0 0
58.3 -965.7 1831.2 0 0 0 0 0 0 0 0 0
-31.8 457.7 1853.4 45 0.9922644496 0.0860942975 0.0894373432 -0.0790530667 0.9936955571 -0.0794966966 -0.0957177058 0.0718114525 0.9928147793
-52.7 217.5 1836.1 0.9922644496 0.0860942975 0.0894373432 -0.0790530667 0.9936955571 -0.0794966966 -0.0957177058 0.0718114525 0.9928147793
-59.6 25.0 1862.5 0.9942141771 0.0333066322 0.1021216586 -0.0466566607 0.9902489781 0.1312635839 -0.0967539176 -0.1352687776 0.9860735536
-194.2 223.8 1850.1 0.1088656932 -0.6794568896 -0.7255939841 0.9939209819 0.0864538178 0.0681679472 0.0164131857 -0.7286041975 0.6847382784
-228.8 -92.8 1844.8 -0.2705863416 -0.6794568896 -0.6819980741 0.8935123682 0.0864538178 -0.4406374395 0.3583554924 -0.7286041975 0.5837099552
88.8 211.1 1822.0 0.6084585786 0.6387742758 0.4708986580 -0.1059617773 0.6534620523 -0.7495061159 -0.7864796519 0.4061461687 0.4652902782
210.6 189.9 1664.7 -0.6999805570 0.6387742758 0.3193660080 0.7126938105 0.6534620523 0.2550585270 -0.0457687341 0.4061461687 -0.9126611948
-151.7 -186.8 1909.3 0.9837492108 0.0080136713 -0.1793691367 -0.0589227267 0.9580855966 -0.2803570628 0.1696043015 0.2863699496 0.9429881573
-155.0 -575.2 1793.3 0.9854614139 0.0000000000 -0.1698994935 0.0000000000 1.0000000000 0.0000000000 0.1698994935 0.0000000000 0.9854614139
28.2 -191.1 1894.9 0.9204574823 -0.0800307095 -0.3825612366 0.0119259516 0.9841066003 -0.1771779507 0.3906607032 0.1585223675 0.9067826867
60.6 -589.7 1830.7 0.9205229282 0.0000000000 -0.3906884789 0.0000000000 1.0000000000 0.0000000000 0.3906884789 0.0000000000 0.9205229282
-152.6 -344.5 1743.9 0 0 0 0 0 0 0 0 0
33.6 370.2 1653.1 0 0 0 0 0 0 0 0 0
-155.0 -951.8 1793.3 0 0 0 0 0 0 0 0 0
60.6 -966.4 1830.7 0 0 0 0 0 0 0 0 0
-30.4 457.6 1853.3 46 0.9929842949 0.1098081619 0.0438678265 -0.1063347980 0.9915040731 -0.0749171823 -0.0517216474 0.0697269067 0.9962244034
-57.8 210.1 1835.9 0.9929842949 0.1098081619 0.0438678265 -0.1063347980 0.9915040731 -0.0749171823 -0.0517216474 0.0697269067 0.9962244034
-67.1 16.3 1856.1 0.9972220063 0.0470498428 0.0577454269 -0.0527064651 0.9935194850 0.1007025614 -0.0526331700 -0.1034663767 0.9932394028
-199.7 217.5 1843.6 0.1235976145 -0.7592214942 -0.6389884949 0.9906338453 0.0567416176 0.1241971105 -0.0580358766 -0.6483541131 0.7591236830
-232.0 -41.8 1858.8 -0.2244341373 -0.7592214942 -0.6109108329 0.9122611880 0.0567416176 -0.4056598842 0.3426497877 -0.6483541131 0.6798735261
84.1 202.6 1828.3 0.5996634960 0.6495544910 0.4674212635 -0.0751546845 0.6272223592 -0.7752056718 -0.7967154384 0.4297336638 0.4249394238
205.9 187.4 1666.5 -0.6796935201 0.6495544910 0.3407281637 0.7323217392 0.6272223592 0.2651357055 -0.0414922312 0.4297336638 -0.9020018578
-158.3 -160.7 1892.4 0.9742800593 -0.0113434140 -0.2250548303 -0.0378678665 0.9762874246 -0.2131406665 0.2221359462 0.2161810547 0.9507477880
-153.9 -543.0 1807.8 0.9749793410 0.0000000000 -0.2222953886 0.0000000000 1.0000000000 0.0000000000 0.2222953886 0.0000000000 0.9749793410
21.4 -167.8 1874.9 0.8963003755 -0.0960768983 -0.4329144359 0.0515312776 0.9921995997 -0.1135096326 0.4404432178 0.0794300884 0.8942598104
59.2 -557.7 1843.7 0.8974927664 0.0000000000 -0.4410291612 0.0000000000 1.0000000000 0.0000000000 0.4410291612 0.0000000000 0.8974927664
-168.9 -298.4 1762.4 0 0 0 0 0 0 0 0 0
33.2 373.4 1656.0 0 0 0 0 0 0 0 0 0
-153.9 -919.6 1807.8 0 0 0 0 0 0 0 0 0
59.2 -934.4 1843.7 0 0 0 0 0 0 0 0 0
-30.7 458.3 1854.3 47 0.9942190647 0.1064890996 0.0137319686 -0.1049878821 0.9909653068 -0.0834584981 -0.0224953238 0.0815343335 0.9964166284
-58.6 197.9 1832.9 0.9942190647 0.1064890996 0.0137319686 -0.1049878821 0.9909653068 -0.0834584981 -0.0224953238 0.0815343335 0.9964166284
-68.6 4.2 1857.1 0.9982836246 0.0502759665 0.0300348420 -0.0535994992 0.9910006523 0.1226571873 -0.0235978384 -0.1240565181 0.9919945002
-200.7 205.4 1836.3 0.1510836333 -0.7864352465 -0.5989101529 0.9822189212 0.0511270314 0.1806432903 -0.1114437506 -0.6155531406 0.7801760435
-237.8 -35.2 1863.6 -0.2397121638 -0.7864352465 -0.5692606568 0.8931960464 0.0511270314 -0.4467514753 0.3804457188 -0.6155531406 0.6901850700
83.5 190.3 1829.5 0.5892030001 0.6475893855 0.4831850827 0.0007246580 0.5975885987 -0.8018025756 -0.8079847097 0.4727745950 0.3516317010
200.9 190.5 1668.4 -0.6783611774 0.6475893855 0.3470649123 0.7347283959 0.5975885987 0.3210327029 0.0004953414 0.4727745950 -0.8811832666
-167.4 -171.3 1878.4 0.9664863348 -0.0496450067 -0.2518720925 0.0026542437 0.9830032587 -0.1835690141 0.2567043602 0.1767484099 0.9501909614
-148.0 -555.7 1809.3 0.9664897323 0.0000000000 -0.2567052841 0.0000000000 1.0000000000 0.0000000000 0.2567052841 0.0000000000 0.9664897323
12.7 -180.3 1868.9 0.8779043555 -0.1547045410 -0.4531561434 0.1067144424 0.9857808948 -0.1298000813 0.4667933285 0.0655937493 0.8819305301
73.3 -566.4 1843.2 0.8829461932 0.0000000000 -0.4694741666 0.0000000000 1.0000000000 0.0000000000 0.4694741666 0.0000000000 0.8829461932
-170.3 -286.4 1756.6 0 0 0 0 0 0 0 0 0
27.7 378.1 1668.6 0 0 0 0 0 0 0 0 0
-148.0 -932.4 1809.3 0 0 0 0 0 0 0 0 0
73.3 -943.0 1843.2 0 0 0 0 0 0 0 0 0
-29.8 456.1 1854.8 48 0.9943817258 0.1055212244 -0.0083809402 -0.1058448702 0.9901663661 -0.0914738700 -0.0013539102 0.0918470249 0.9957721829
-58.0 191.5 1830.2 0.9943817258 0.1055212244 -0.0083809402 -0.1058448702 0.9901663661 -0.0914738700 -0.0013539102 0.0918470249 0.9957721829
-64.0 -1.9 1858.6 0.9995066524 0.0304171890 0.0078256959 -0.0312291309 0.9890140891 0.1444848776 -0.0033449000 -0.1446579844 0.9894760847
-200.3 195.9 1830.8 0.1483273953 -0.7790278196 -0.6091917753 0.9811885357 0.0389606655 0.1890795380 -0.1235637069 -0.6257777214 0.7701520920
-237.5 -50.5 1861.8 -0.2901120484 -0.7790278196 -0.5558332801 0.8623995185 0.0389606655 -0.5047267675 0.4148518145 -0.6257777214 0.6605302691
84.3 187.1 1829.7 0.5767852664 0.6565894485 0.4860134125 0.0274245609 0.5790523887 -0.8148289323 -0.8164353371 0.4833100140 0.3159821928
197.5 192.5 1669.5 -0.6794950962 0.6565894485 0.3273784816 0.7322486639 0.5790523887 0.3584831953 0.0458069928 0.4833100140 -0.8742500544
-169.2 -183.9 1882.2 0.9628984928 -0.0573413633 -0.2637014389 0.0016324163 0.9783846140 -0.2067870945 0.2698588967 0.1986845136 0.9421786666
-146.7 -566.7 1804.4 0.9628998041 0.0000000000 -0.2698592544 0.0000000000 1.0000000000 0.0000000000 0.2698592544 0.0000000000 0.9628998041
11.2 -193.3 1877.9 0.8729530573 -0.1603658199 -0.4606905878 0.0961666182 0.9824591279 -0.1597686708 0.4782311022 0.0951674879 0.8730624914
73.9 -577.9 1840.7 0.8770177960 0.0000000000 -0.4804579020 0.0000000000 1.0000000000 0.0000000000 0.4804579020 0.0000000000 0.8770177960
-156.0 -292.7 1745.3 0 0 0 0 0 0 0 0 0
22.6 380.9 1681.3 0 0 0 0 0 0 0 0 0
-146.7 -943.4 1804.4 0 0 0 0 0 0 0 0 0
73.9 -954.6 1840.7 0 0 0 0 0 0 0 0 0
-29.4 455.9 1854.0 49 0.9941737652 0.1074239537 -0.0088644708 -0.1077843830 0.9899960160 -0.0910518691 -0.0010053611 0.0914768353 0.9958066940
-58.4 188.7 1829.3 0.9941737652 0.1074239537 -0.0088644708 -0.1077843830 0.9899960160 -0.0910518691 -0.0010053611 0.0914768353 0.9958066940
-59.8 -4.8 1858.5 0.9999631047 0.0069837891 0.0050035361 -0.0076506957 0.9888356924 0.1488134563 -0.0039083930 -0.1488462538 0.9888526201
-200.8 189.7 1829.9 0.1241667718 -0.7453640699 -0.6549924016 0.9877275825 0.0298154522 0.1533141285 -0.0947459489 -0.6659905910 0.7399187684
-232.8 -64.5 1854.3 -0.3267376423 -0.7453640699 -0.5810980201 0.8544484973 0.0298154522 -0.5186799169 0.4039310515 -0.6659905910 0.6271333694
84.0 187.6 1828.8 0.6041989326 0.6410034299 0.4733478725 -0.0102684312 0.6002501845 -0.7997463942 -0.7967673540 0.4783453643 0.3692526221
202.1 185.6 1673.1 -0.6920002103 0.6410034299 0.3320395052 0.7215663791 0.6002501845 0.3450241983 0.0218549240 0.4783453643 -0.8778998256
-160.6 -192.2 1886.6 0.9660537839 -0.0155796073 -0.2578708529 -0.0417635776 0.9756320715 -0.2154017389 0.2549429238 0.2188592702 0.9418623447
-154.5 -573.7 1801.0 0.9668973684 0.0000000000 -0.2551655769 0.0000000000 1.0000000000 0.0000000000 0.2551655769 0.0000000000 0.9668973684
20.0 -197.6 1885.9 0.8810481429 -0.1193823665 -0.4577138424 0.0517790541 0.9861537218 -0.1575428098 0.4701840580 0.1151028126 0.8750304580
66.7 -583.4 1840.9 0.8822316527 0.0000000000 -0.4708156288 0.0000000000 1.0000000000 0.0000000000 0.4708156288 0.0000000000 0.8822316527
-140.9 -304.7 1740.8 0 0 0 0 0 0 0 0 0
22.6 372.7 1678.7 0 0 0 0 0 0 0 0 0
-154.5 -950.4 1801.0 0 0 0 0 0 0 0 0 0
66.7 -960.1 1840.9 0 0 0 0 0 0 0 0 0
-30.5 463.0 1853.7 50 0.9944779277 0.1048406586 -0.0047040270 -0.1048352048 0.9903678298 -0.0904496461 -0.0048240833 0.0904433280 0.9958899021
-59.6 188.5 1828.6 0.9944779277 0.1048406586 -0.0047040270 -0.1048352048 0.9903678298 -0.0904496461 -0.0048240833 0.0904433280 0.9958899021
-57.8 -4.5 1861.3 0.9999278784 -0.0091667389 0.0077565275 0.0077434722 0.9859359860 0.1669438183 -0.0091777705 -0.1668717265 0.9859359264
-202.0 187.4 1829.9 0.1046758667 -0.7210610509 -0.6849189401 0.9918322563 0.0252193641 0.1250311434 -0.0728818700 -0.6924124360 0.7178114653
-229.8 -75.8 1849.3 -0.3479357064 -0.7210610509 -0.5991758704 0.8510193825 0.0252193641 -0.5245283246 0.3933277726 -0.6924124360 0.6048622131
82.8 189.6 1827.2 0.6327250600 0.6314920187 0.4481928647 -0.0513586849 0.6117256284 -0.7894010544 -0.7726715207 0.4764552414 0.4194867611
206.1 179.6 1676.7 -0.6952118874 0.6314920187 0.3433632255 0.7188034058 0.6117256284 0.3303231597 -0.0014476759 0.4764552414 -0.8791975379
-151.7 -197.4 1887.7 0.9681850076 0.0174517818 -0.2496261597 -0.0709358305 0.9757852554 -0.2069086730 0.2399705946 0.2180333138 0.9459786415
-158.5 -579.1 1802.4 0.9706301689 0.0000000000 -0.2405766398 0.0000000000 1.0000000000 0.0000000000 0.2405766398 0.0000000000 0.9706301689
29.0 -198.7 1887.0 0.8883245587 -0.0808117315 -0.4520497322 0.0207468495 0.9904516339 -0.1362906992 0.4587472975 0.1116917655 0.8815190792
60.6 -586.1 1843.3 0.8885157704 0.0000000000 -0.4588460624 0.0000000000 1.0000000000 0.0000000000 0.4588460624 0.0000000000 0.8885157704
-131.9 -315.3 1738.6 0 0 0 0 0 0 0 0 0
25.1 366.7 1676.3 0 0 0 0 0 0 0 0 0
-158.5 -955.8 1802.4 0 0 0 0 0 0 0 0 0
60.6 -962.8 1843.3 0 0 0 0 0 0 0 0 0
-32.8 463.1 1854.5 51 0.9955157638 0.0821378604 0.0469227992 -0.0797637105 0.9955383539 -0.0504095778 -0.0508539826 0.0464407951 0.9976257682
-52.4 226.3 1843.4 0.9955157638 0.0821378604 0.0469227992 -0.0797637105 0.9955383539 -0.0504095778 -0.0508539826 0.0464407951 0.9976257682
-56.6 32.1 1861.2 0.9983389378 0.0198646765 0.0540815294 -0.0246517211 0.9956961274 0.0893389955 -0.0520740785 -0.0905238017 0.9945319295
-194.4 229.6 1851.0 0.1091761291 -0.6548036933 -0.7478721142 0.9939541221 0.0807320550 0.0744143575 0.0116504570 -0.7514748573 0.6596588492
-228.4 -80.2 1847.4 -0.3412356377 -0.6548036933 -0.6743814945 0.8555922508 0.0807320550 -0.5113162398 0.3892559409 -0.7514748573 0.5326963067
89.7 223.1 1835.8 0.5978507996 0.6762114763 0.4304794073 -0.2449867129 0.6654583812 -0.7050862312 -0.7632535100 0.3160746396 0.5635076165
210.8 173.4 1681.2 -0.6904413700 0.6762114763 0.2569606006 0.7220994830 0.6654583812 0.1890435666 -0.0431631729 0.3160746396 -0.9477519393
-149.3 -182.9 1888.9 0.9761052728 0.0317632630 -0.2149641961 -0.0771353915 0.9754824042 -0.2061169147 0.2031468451 0.2177731544 0.9546235800
-162.1 -577.6 1800.8 0.9790221453 0.0000000000 -0.2037539035 0.0000000000 1.0000000000 0.0000000000 0.2037539035 0.0000000000 0.9790221453
31.5 -185.4 1885.1 0.9033161998 -0.0686879829 -0.4234404564 0.0130262198 0.9910343289 -0.1329711229 0.4287775457 0.1145991310 0.8961120844
59.1 -583.3 1839.1 0.9033928514 0.0000000000 -0.4288139045 0.0000000000 1.0000000000 0.0000000000 0.4288139045 0.0000000000 0.9033928514
-132.4 -321.0 1737.8 0 0 0 0 0 0 0 0 0
32.2 360.3 1670.0 0 0 0 0 0 0 0 0 0
-162.1 -954.2 1800.8 0 0 0 0 0 0 0 0 0
59.1 -960.0 1839.1 0 0 0 0 0 0 0 0 0
-32.3 465.6 1853.9 52 0.9968146682 0.0678818151 0.0418635681 -0.0672658160 0.9976075292 -0.0159532093 -0.0428463444 0.0130864065 0.9989959598
-47.2 247.7 1851.0 0.9968146682 0.0678818151 0.0418635681 -0.0672658160 0.9976075292 -0.0159532093 -0.0428463444 0.0130864065 0.9989959598
-54.4 52.8 1862.4 0.9983035326 0.0361632891 0.0456316508 -0.0387138277 0.9976626635 0.0563071631 -0.0434887409 -0.0579782166 0.9973701835
-189.3 253.1 1857.3 0.1434793770 -0.6650357246 -0.7328991294 0.9896386266 0.0923827440 0.1099126786 -0.0053886240 -0.7410755157 0.6714000702
-231.3 -36.3 1858.9 -0.2872392237 -0.6650357246 -0.6893628240 0.8843432665 0.0923827440 -0.4576050341 0.3680089414 -0.7410755157 0.5615839362
95.0 242.3 1844.7 0.5522331595 0.7091915607 0.4382759929 -0.3469415307 0.6735162735 -0.6526924372 -0.7580699921 0.2083822638 0.6179860234
211.4 169.2 1684.9 -0.6756195426 0.7091915607 0.2014586627 0.7337157726 0.6735162735 0.0896493793 -0.0721071064 0.2083822638 -0.9753857851
-152.4 -152.5 1880.9 0.9739981890 0.0266975481 -0.2249772847 -0.0646782592 0.9844726920 -0.1631875932 0.2171272933 0.1734955609 0.9606013894
-163.0 -544.1 1811.9 0.9760418534 0.0000000000 -0.2175828815 0.0000000000 1.0000000000 0.0000000000 0.2175828815 0.0000000000 0.9760418534
27.9 -158.6 1870.2 0.8952738047 -0.0776894018 -0.4386903644 0.0427726172 0.9951182008 -0.0889395848 0.4434584081 0.0608613417 0.8942261934
58.6 -552.7 1846.1 0.8960938454 0.0000000000 -0.4438646436 0.0000000000 1.0000000000 0.0000000000 0.4438646436 0.0000000000 0.8960938454
-150.5 -284.8 1755.5 0 0 0 0 0 0 0 0 0
38.4 357.1 1666.5 0 0 0 0 0 0 0 0 0
-163.0 -920.7 1811.9 0 0 0 0 0 0 0 0 0
58.6 -929.4 1846.1 0 0 0 0 0 0 0 0 0
-32.3 465.4 1854.1 53 0.9975785017 0.0483290553 -0.0500142649 -0.0500219651 0.9981971979 -0.0331687368 0.0483210832 0.0355902314 0.9981975555
-43.6 232.0 1845.8 0.9975785017 0.0483290553 -0.0500142649 -0.0500219651 0.9981971979 -0.0331687368 0.0483210832 0.0355902314 0.9981975555
-46.9 36.8 1856.3 0.9987459779 0.0167550631 -0.0471781977 -0.0142070055 0.9984487295 0.0538359247 0.0480070338 -0.0530981496 0.9974346757
-185.2 234.0 1839.0 0.1876144707 -0.7535796762 -0.6300146580 0.9761869311 0.0719371587 0.2046561986 -0.1089032888 -0.6534085274 0.7491310835
-232.3 -10.9 1866.3 -0.2407217175 -0.7535796762 -0.6116949320 0.8947495818 0.0719371587 -0.4407360554 0.3761333525 -0.6534085274 0.6569482684
98.0 230.0 1852.5 0.5288732648 0.7133207917 0.4598549008 -0.2817733884 0.6586796641 -0.6976710558 -0.8005602956 0.2394046783 0.5493528843
209.3 170.7 1684.0 -0.6686096787 0.7133207917 0.2100823224 0.7419799566 0.6586796641 0.1249276176 -0.0492634885 0.2394046783 -0.9696692824
-149.3 -142.6 1873.1 0.9507229924 0.0393086262 -0.3075396121 -0.0897561610 0.9843499064 -0.1516546309 0.2967652380 0.1717851162 0.9393723011
-164.5 -523.2 1806.7 0.9545758963 0.0000000000 -0.2979679108 0.0000000000 1.0000000000 0.0000000000 0.2979679108 0.0000000000 0.9545758963
28.5 -144.0 1868.0 0.8521020412 -0.0780093297 -0.5175293684 0.0365827568 0.9952885509 -0.0897911340 0.5220956206 0.0575785600 0.8509411812
59.1 -534.7 1845.4 0.8526728153 0.0000000000 -0.5224453211 0.0000000000 1.0000000000 0.0000000000 0.5224453211 0.0000000000 0.8526728153
-164.7 -262.4 1760.6 0 0 0 0 0 0 0 0 0
38.1 360.8 1671.4 0 0 0 0 0 0 0 0 0
-164.5 -899.9 1806.7 0 0 0 0 0 0 0 0 0
59.1 -911.3 1845.4 0 0 0 0 0 0 0 0 0
-30.5 464.8 1854.2 54 0.9924246073 0.0818977654 -0.0915756598 -0.0872313827 0.9946220517 -0.0558364131 0.0865102857 0.0634016991 0.9942314625
-51.7 208.1 1837.8 0.9924246073 0.0818977654 -0.0915756598 -0.0872313827 0.9946220517 -0.0558364131 0.0865102857 0.0634016991 0.9942314625
-54.4 13.9 1859.6 0.9964159727 0.0128041226 -0.0836141035 -0.0034281812 0.9937778711 0.1113276258 0.0845192969 -0.1106419712 0.9902600050
-193.2 208.4 1825.9 0.1585333198 -0.8265228868 -0.5401176810 0.9737976789 0.0405510515 0.2237716019 -0.1630500108 -0.5614405870 0.8112947345
-231.1 -24.4 1864.8 -0.2331645340 -0.8265228868 -0.5123419166 0.8831495643 0.0405510515 -0.4673354626 0.4070394635 -0.5614405870 0.7204882503
89.9 207.8 1849.8 0.5728902817 0.6779924035 0.4605681002 -0.1670681983 0.6467178464 -0.7442071438 -0.8024243712 0.3494027555 0.4837693572
208.4 173.2 1683.8 -0.6806650758 0.6779924035 0.2775271535 0.7318167686 0.6467178464 0.2149423212 -0.0337524973 0.3494027555 -0.9363644719
-139.5 -159.9 1861.2 0.9362196922 0.0856028572 -0.3408296108 -0.1284766793 0.9861128926 -0.1052382588 0.3270877898 0.1423147768 0.9342163205
