64.8 494.5 2313.2 3 0.9954735041 -0.0783349127 -0.0538162552 0.0816130713 0.9947533011 0.0616864040 0.0487016998 -0.0657992885 0.9966436625
80.7 292.9 2326.5 0.9954735041 -0.0783349127 -0.0538162552 0.0816130713 0.9947533011 0.0616864040 0.0487016998 -0.0657992885 0.9966436625
89.2 94.3 2325.0 0.9978640079 -0.0426358357 -0.0494934395 0.0422128215 0.9990628958 -0.0095614232 0.0498547181 0.0074517424 0.9987286925
-59.6 286.9 2319.5 0.1324278265 -0.8572758436 -0.4975349009 0.6678511500 0.4480813742 -0.5943045616 0.7324190736 -0.2535768151 0.6318711042
-90.9 129.2 2146.6 -0.4549375772 -0.8572758436 0.2410599589 -0.8898587823 0.4480813742 -0.0858743712 -0.0343964510 -0.2535768151 -0.9667035341
221.1 298.8 2333.5 0.2090243995 0.5809854269 0.7866160274 -0.9779103398 0.1245723441 0.1678486019 -0.0004730161 -0.8043243885 0.5941902995
275.7 43.3 2333.4 -0.0279257130 0.5857766271 0.8099913001 -0.9598298669 0.2106042504 -0.1853982657 -0.2791895866 -0.7826312184 0.5563645959
3.6 -109.3 2317.7 0.9939422607 0.0869307518 -0.0672449097 -0.0838990510 0.9953806996 0.0466709398 0.0709914267 -0.0407464318 0.9966443181
-31.0 -505.1 2333.9 0.9974177480 0.0365709476 -0.0618089885 -0.0297824703 0.9937709570 0.1073886156 0.0653512776 -0.1052704901 0.9922939539
186.3 -100.7 2330.9 0.9693996906 0.0224630628 0.2444579452 0.0031209528 0.9945965409 -0.1037689149 -0.2454679906 0.1013564914 0.9640914798
177.4 -496.1 2290.6 0.9712353349 -0.0141579080 0.2377003282 -0.0440855846 0.9702827334 0.2379241586 -0.2340050340 -0.2415595055 0.9417487383
26.9 359.6 2155.5 0 0 0 0 0 0 0 0 0
268.0 -220.7 2256.6 0 0 0 0 0 0 0 0 0
-41.9 -801.9 2365.3 0 0 0 0 0 0 0 0 0
182.8 -867.1 2382.9 0 0 0 0 0 0 0 0 0
65.5 493.8 2318.0 4 0.9840553403 -0.1567050070 -0.0841346607 0.1611885130 0.9856864214 0.0494019352 0.0751888603 -0.0621757805 0.9952290058
97.3 293.7 2330.6 0.9840553403 -0.1567050070 -0.0841346607 0.1611885130 0.9856864214 0.0494019352 0.0751888603 -0.0621757805 0.9952290058
95.9 95.1 2327.8 0.9968166351 0.0067888512 -0.0794387609 -0.0078292843 0.9998875260 -0.0127931600 0.0793429762 0.0133743836 0.9967576265
-42.7 294.7 2319.5 0.1950561255 -0.8619442582 -0.4679799676 0.6688627005 0.4658799767 -0.5792914629 0.7173393965 -0.2000199854 0.6673950553
-90.0 132.6 2145.6 -0.4633509815 -0.8619442582 0.2058106661 -0.8839865923 0.4658799767 -0.0390333235 -0.0622385181 -0.2000199854 -0.9778130651
237.3 292.6 2341.7 0.1529935896 0.6075069904 0.7794409394 -0.9878509045 0.1157790124 0.1036618501 -0.0272676088 -0.7858310938 0.6178398132
276.0 42.8 2334.8 -0.0294969585 0.6137053370 0.7889839411 -0.9555844069 0.2142478526 -0.2023765892 -0.2932377160 -0.7599102855 0.5801275969
6.1 -108.2 2319.0 0.9913527369 0.0912425369 -0.0943109542 -0.0873867124 0.9951914549 0.0442444161 0.0978944302 -0.0356202982 0.9945591092
-30.2 -503.9 2333.2 0.9953349233 0.0394027829 -0.0880671814 -0.0295974687 0.9934914112 0.1099948063 0.0918280855 -0.1068751067 0.9900228977
189.1 -100.4 2328.1 0.9768605828 0.0307760090 0.2116510868 -0.0106026772 0.9953444600 -0.0957963094 -0.2136139721 0.0913355798 0.9726391435
176.9 -496.1 2291.8 0.9774476290 -0.0174778029 0.2104533911 -0.0311713647 0.9737119079 0.2256400883 -0.2088646591 -0.2271115035 0.9512076378
30.7 362.9 2161.8 0 0 0 0 0 0 0 0 0
267.9 -220.0 2254.2 0 0 0 0 0 0 0 0 0
-41.9 -798.2 2364.8 0 0 0 0 0 0 0 0 0
183.5 -868.3 2378.6 0 0 0 0 0 0 0 0 0
65.8 496.3 2313.4 5 0.9773037434 -0.1886034459 -0.0964679942 0.1950502694 0.9788081050 0.0623707362 0.0826603174 -0.0797712654 0.9933800101
105.3 291.0 2330.1 0.9773037434 -0.1886034459 -0.0964679942 0.1950502694 0.9788081050 0.0623707362 0.0826603174 -0.0797712654 0.9933800101
98.7 92.5 2327.1 0.9953148961 0.0335287489 -0.0906864107 -0.0347009189 0.9993329644 -0.0113794021 0.0902443826 0.0144729912 0.9958145022
-34.6 295.9 2317.4 0.2327239811 -0.8625522852 -0.4492695034 0.6713359952 0.4767171443 -0.5674933791 0.7036672235 -0.1695414782 0.6900058985
-90.2 135.3 2149.1 -0.4722579420 -0.8625522852 0.1815929115 -0.8788038492 0.4767171443 -0.0210836548 -0.0683826953 -0.1695414782 -0.9831477404
245.2 286.1 2342.8 0.1226419061 0.6176930070 0.7767974734 -0.9915141463 0.1102605835 0.0688647926 -0.0431128405 -0.7786513567 0.6259738803
277.0 28.8 2331.6 -0.0369296744 0.6252887845 0.7795191407 -0.9525088072 0.2139168233 -0.2167177498 -0.3022634387 -0.7505021691 0.5876932144
3.3 -102.7 2317.7 0.9911279082 0.0813958868 -0.1050720289 -0.0780791491 0.9963216782 0.0353097022 0.1075596064 -0.0267924964 0.9938375354
-29.1 -498.8 2328.4 0.9941619635 0.0461627357 -0.0975240469 -0.0340294838 0.9918722510 0.1226027310 0.1023910716 -0.1185682788 0.9876525998
185.9 -104.1 2332.3 0.9799420238 0.0196075961 0.1983159035 0.0007566561 0.9947745800 -0.1020927578 -0.1992814243 0.1001950428 0.9748066068
178.1 -499.6 2292.4 0.9811211228 -0.0117544364 0.1930366307 -0.0365564711 0.9688846469 0.2447981983 -0.1899076998 -0.2472334206 0.9501634836
33.1 364.7 2167.0 0 0 0 0 0 0 0 0 0
266.9 -233.1 2248.5 0 0 0 0 0 0 0 0 0
-42.9 -797.1 2364.1 0 0 0 0 0 0 0 0 0
182.6 -869.9 2386.9 0 0 0 0 0 0 0 0 0
64.6 497.3 2311.6 6 0.9711146951 -0.2127991319 -0.1079478487 0.2191105336 0.9744027853 0.0502964109 0.0944816545 -0.0724960938 0.9928834438
109.7 290.6 2327.0 0.9711146951 -0.2127991319 -0.1079478487 0.2191105336 0.9744027853 0.0502964109 0.0944816545 -0.0724960938 0.9928834438
100.3 92.2 2325.2 0.9935148954 0.0472148657 -0.1034353822 -0.0478305034 0.9988493919 -0.0034782612 0.1031521410 0.0084030703 0.9946300983
-30.0 297.3 2312.4 0.2522093356 -0.8783861399 -0.4059904218 0.6846277118 0.4584778845 -0.5666418076 0.6838679314 -0.1350399554 0.7169998884
-89.6 135.5 2150.8 -0.4537088871 -0.8783861399 0.1502864510 -0.8886998296 0.4584778845 -0.0032629177 -0.0660369098 -0.1350399554 -0.9886370897
249.4 283.9 2341.5 0.1057762131 0.6290149689 0.7701633573 -0.9936795831 0.0961332619 0.0579596497 -0.0375808291 -0.7714263201 0.6352078915
277.6 19.4 2331.5 -0.0437073857 0.6391639113 0.7678275704 -0.9489163756 0.2138345540 -0.2320182323 -0.3124857545 -0.7387450337 0.5971669555
0.8 -102.8 2315.9 0.9902127385 0.0754599199 -0.1174075603 -0.0711679086 0.9966484904 0.0403350815 0.1200577468 -0.0315846615 0.9922643304
-29.2 -499.0 2328.5 0.9929379821 0.0433814526 -0.1104184464 -0.0292358175 0.9915170074 0.1266463548 0.1149758697 -0.1225237995 0.9857831597
183.2 -109.1 2332.4 0.9827262163 0.0139225181 0.1845409572 0.0042105634 0.9952260256 -0.0975061730 -0.1850174963 0.0965988934 0.9779760838
177.7 -504.8 2294.0 0.9837523103 -0.0194691326 0.1784724146 -0.0248769373 0.9697300792 0.2429089546 -0.1777992845 -0.2434020787 0.9534898400
28.3 366.4 2167.9 0 0 0 0 0 0 0 0 0
265.6 -241.6 2245.5 0 0 0 0 0 0 0 0 0
-42.2 -796.4 2365.2 0 0 0 0 0 0 0 0 0
185.1 -875.5 2387.1 0 0 0 0 0 0 0 0 0
63.5 493.8 2310.7 7 0.9853333235 -0.1396000534 -0.0981329605 0.1444973648 0.9884962440 0.0446735546 0.0907676294 -0.0581982955 0.9941701293
92.3 290.3 2322.7 0.9853333235 -0.1396000534 -0.0981329605 0.1444973648 0.9884962440 0.0446735546 0.0907676294 -0.0581982955 0.9941701293
93.4 91.9 2324.2 0.9954193830 -0.0057951380 -0.0954287648 0.0065587913 0.9999489188 0.0076906160 0.0953793228 -0.0082812859 0.9954065681
-47.6 289.4 2309.3 0.1945485175 -0.8718163967 -0.4495409727 0.6978625655 0.4450807571 -0.5611514449 0.6893030405 -0.2045466453 0.6949978471
-92.5 128.1 2150.1 -0.4533442259 -0.8718163967 0.1855133921 -0.8913065195 0.4450807571 -0.0864626616 -0.0071888743 -0.2045466453 -0.9788303971
232.1 291.2 2336.0 0.1623422056 0.6161391735 0.7707253098 -0.9863881469 0.1220293567 0.1102148220 -0.0261434466 -0.7781268358 0.6275628805
277.5 15.2 2328.7 -0.0452996157 0.6229419708 0.7809553146 -0.9518216252 0.2104265839 -0.2230610400 -0.3032878339 -0.7534347773 0.5833973885
-0.2 -101.9 2314.0 0.9911255836 0.0719707087 -0.1117600873 -0.0667362213 0.9965222478 0.0498965159 0.1149625033 -0.0419952683 0.9924817681
-28.8 -498.1 2330.7 0.9934543371 0.0417179018 -0.1063396037 -0.0287286025 0.9922515750 0.1208778322 0.1105584130 -0.1170316190 0.9869551063
182.0 -110.7 2332.9 0.9802625179 0.0128218131 0.1972841322 0.0058919322 0.9955567718 -0.0939785838 -0.1976125389 0.0932860672 0.9758314490
176.9 -506.5 2295.9 0.9814768434 -0.0200525299 0.1905284673 -0.0264904872 0.9707491994 0.2386298478 -0.1897404939 -0.2392568588 0.9522367120
22.4 354.0 2151.9 0 0 0 0 0 0 0 0 0
265.1 -246.6 2245.3 0 0 0 0 0 0 0 0 0
-41.4 -799.1 2366.2 0 0 0 0 0 0 0 0 0
184.6 -877.6 2387.3 0 0 0 0 0 0 0 0 0
66.0 491.3 2310.7 8 0.9917657971 -0.0957721174 -0.0850195587 0.0993385613 0.9942989349 0.0387496650 0.0808237121 -0.0468763150 0.9956254959
85.4 289.4 2320.2 0.9917657971 -0.0957721174 -0.0850195587 0.0993385613 0.9942989349 0.0387496650 0.0808237121 -0.0468763150 0.9956254959
90.8 90.9 2323.8 0.9961255789 -0.0272640362 -0.0836094543 0.0286898632 0.9994618893 0.0158994030 0.0831309780 -0.0182365440 0.9963717461
-54.6 285.4 2308.6 0.1769245863 -0.8709784150 -0.4583603740 0.7146994472 0.4338803887 -0.5485913754 0.6766848564 -0.2305306196 0.6992519498
-95.4 120.6 2152.6 -0.4555463195 -0.8709784150 0.1840491593 -0.8889113665 0.4338803887 -0.1469164193 0.0481057130 -0.2305306196 -0.9718752503
225.4 293.4 2331.9 0.1890641898 0.6053094268 0.7732109427 -0.9819542766 0.1201726124 0.1460284144 -0.0045264042 -0.7868666053 0.6171065569
276.4 28.8 2330.7 -0.0383655578 0.6113550663 0.7904258966 -0.9558378458 0.2082013339 -0.2074276507 -0.2913796604 -0.7634770274 0.5763685107
3.4 -107.2 2317.1 0.9916953444 0.0794500932 -0.1011338979 -0.0743012205 0.9957886934 0.0537043512 0.1049748138 -0.0457439795 0.9934222698
-28.2 -503.1 2335.3 0.9941233993 0.0481645577 -0.0969473422 -0.0379626378 0.9938048124 0.1044548526 0.1013777554 -0.1001606360 0.9897931218
185.8 -106.0 2334.5 0.9772505164 0.0238280483 0.2107453346 -0.0016414931 0.9944887161 -0.1048306748 -0.2120817751 0.1020998955 0.9719037414
176.3 -501.3 2293.9 0.9782462120 -0.0204807781 0.2064337134 -0.0296230391 0.9711250067 0.2367250025 -0.2053212523 -0.2376905382 0.9493926167
19.4 344.6 2140.5 0 0 0 0 0 0 0 0 0
265.8 -234.0 2250.5 0 0 0 0 0 0 0 0 0
-42.5 -798.8 2365.1 0 0 0 0 0 0 0 0 0
184.1 -872.6 2384.8 0 0 0 0 0 0 0 0 0
66.5 492.4 2317.3 9 0.9948133826 -0.0741565600 -0.0696212500 0.0755254254 0.9969949126 0.0172360949 0.0681338608 -0.0224048737 0.9974246025
81.4 291.4 2321.8 0.9948133826 -0.0741565600 -0.0696212500 0.0755254254 0.9969949126 0.0172360949 0.0681338608 -0.0224048737 0.9974246025
89.1 92.9 2323.9 0.9968510270 -0.0388834625 -0.0691097602 0.0395432152 0.9991841912 0.0082036806 0.0687343925 -0.0109106693 0.9975753427
-58.8 285.8 2312.1 0.1643783003 -0.8734710217 -0.4582883418 0.7229018807 0.4227809012 -0.5465063453 0.6711130142 -0.2414636910 0.7009298205
-97.3 116.3 2154.7 -0.4576132298 -0.8734710217 0.1662484407 -0.8822396994 0.4227809012 -0.2071459293 0.1106492877 -0.2414636910 -0.9640809298
221.6 296.9 2331.4 0.2037715465 0.5944021940 0.7779223323 -0.9790162444 0.1220180169 0.1632140577 0.0020942588 -0.7948569655 0.6067932248
276.1 34.9 2332.0 -0.0342668109 0.6006722450 0.7987606525 -0.9546530843 0.2168318927 -0.2040133178 -0.2957419157 -0.7695302367 0.5660035014
5.0 -110.2 2319.8 0.9927897453 0.0816447064 -0.0877647027 -0.0786561072 0.9962151647 0.0369935147 0.0904528573 -0.0298235528 0.9954540730
-27.5 -506.2 2331.6 0.9956955314 0.0456864834 -0.0806418061 -0.0358006619 0.9921236038 0.1200379506 0.0854907483 -0.1166342199 0.9894886613
187.6 -104.9 2335.0 0.9736540914 0.0270698909 0.2264176011 -0.0047094300 0.9951040745 -0.0987202600 -0.2279814184 0.0950530842 0.9690146446
176.8 -500.6 2297.2 0.9745071530 -0.0191289205 0.2235395461 -0.0306595322 0.9756570458 0.2171481401 -0.2222517431 -0.2184660435 0.9501982927
17.7 338.1 2126.9 0 0 0 0 0 0 0 0 0
266.7 -227.7 2250.6 0 0 0 0 0 0 0 0 0
-41.1 -802.7 2366.5 0 0 0 0 0 0 0 0 0
184.1 -873.5 2380.7 0 0 0 0 0 0 0 0 0
67.3 496.0 2320.5 0 0.9960767031 -0.0644511133 -0.0606400259 0.0653716698 0.9977720976 0.0133192670 0.0596464835 -0.0172311515 0.9980708361
80.3 295.5 2324.0 0.9960767031 -0.0644511133 -0.0606400259 0.0653716698 0.9977720976 0.0133192670 0.0596464835 -0.0172311515 0.9980708361
89.2 97.0 2325.4 0.9971711040 -0.0450536534 -0.0601661913 0.0454166830 0.9989571571 0.0046793120 0.0598926283 -0.0073986235 0.9981774092
-60.0 289.1 2315.6 0.1609166414 -0.8736684918 -0.4591396153 0.7265719175 0.4197119176 -0.5439991951 0.6679813266 -0.2460594326 0.7023216486
-98.8 113.9 2154.4 -0.4596736431 -0.8736684918 0.1593847126 -0.8777883053 0.4197119176 -0.2309321016 0.1348624378 -0.2460594326 -0.9598264694
220.6 301.9 2332.4 0.2097116262 0.5876117945 0.7814943194 -0.9777550697 0.1227598339 0.1700735092 0.0040010875 -0.7997764349 0.6002845764
276.5 41.3 2333.5 -0.0336039141 0.5940637589 0.8037157655 -0.9540722966 0.2204577774 -0.2028410137 -0.2976858914 -0.7736191750 0.5593714714
5.5 -109.3 2319.7 0.9932287335 0.0853354633 -0.0788320079 -0.0827407241 0.9959343076 0.0356206149 0.0815512016 -0.0288568009 0.9962513447
-28.5 -505.3 2331.2 0.9964215755 0.0451816954 -0.0714325085 -0.0364879072 0.9922663569 0.1186426058 0.0762405545 -0.1156116351 0.9903642535
188.3 -102.0 2332.3 0.9713416100 0.0286558662 0.2359540462 -0.0070832591 0.9957548380 -0.0917719081 -0.2375821918 0.0874705464 0.9674211144
176.9 -497.9 2297.5 0.9721217752 -0.0192702468 0.2336832583 -0.0313953012 0.9769458175 0.2111663669 -0.2323651016 -0.2126159817 0.9491053224
16.9 334.8 2120.5 0 0 0 0 0 0 0 0 0
267.2 -221.1 2251.6 0 0 0 0 0 0 0 0 0
-41.8 -798.0 2365.3 0 0 0 0 0 0 0 0 0
184.2 -871.4 2378.8 0 0 0 0 0 0 0 0 0
67.6 492.0 2321.6 1 0.9940913916 -0.0592868365 -0.0909248516 0.0598520078 0.9982011318 0.0034993852 0.0905538201 -0.0089207441 0.9958516359
79.5 292.3 2323.4 0.9940913916 -0.0592868365 -0.0909248516 0.0598520078 0.9982011318 0.0034993852 0.0905538201 -0.0089207441 0.9958516359
89.0 93.7 2323.9 0.9947410226 -0.0476924777 -0.0906408802 0.0477257296 0.9988588691 -0.0018017362 0.0906233713 -0.0025336412 0.9958820343
-60.4 285.6 2310.7 0.1667384803 -0.8746246696 -0.4552251399 0.7340565920 0.4183559418 -0.5349197984 0.6583002210 -0.2449692935 0.7117800713
-99.5 113.7 2156.6 -0.4613666236 -0.8746246696 0.1489042640 -0.8734698892 0.4183559418 -0.2490555197 0.1555351317 -0.2449692935 -0.9569737911
219.4 299.0 2336.2 0.2172563523 0.6083167791 0.7633808851 -0.9760624766 0.1434682459 0.1634591967 -0.0100859338 -0.7806199789 0.6249246001
275.8 45.4 2333.6 -0.0283193942 0.6124420762 0.7900080681 -0.9540880919 0.2191962004 -0.2041297853 -0.2981844246 -0.7595180869 0.5781161785
6.7 -105.7 2321.4 0.9901974201 0.0885869786 -0.1079881713 -0.0841894671 0.9954497218 0.0446316749 0.1114505753 -0.0351027027 0.9931498170
-28.5 -501.5 2335.3 0.9937420487 0.0447183922 -0.1023569852 -0.0338514186 0.9938381910 0.1055449918 0.1064460874 -0.1014195755 0.9891325831
189.7 -97.4 2332.4 0.9779068828 0.0303192027 0.2068305910 -0.0124627203 0.9961218834 -0.0870966017 -0.2086691856 0.0825946927 0.9744923115
177.6 -493.4 2299.5 0.9782444835 -0.0151129216 0.2069040388 -0.0271858834 0.9794035554 0.2000738680 -0.2056662589 -0.2013460249 0.9576852918
16.5 333.2 2117.5 0 0 0 0 0 0 0 0 0
268.0 -217.0 2251.5 0 0 0 0 0 0 0 0 0
-41.8 -798.7 2365.7 0 0 0 0 0 0 0 0 0
183.4 -867.8 2376.5 0 0 0 0 0 0 0 0 0
68.7 491.4 2315.2 2 0.9922567606 -0.0561250038 -0.1107993945 0.0592703670 0.9979213476 0.0252987016 0.1091491878 -0.0316699296 0.9935207367
80.0 291.3 2321.6 0.9922567606 -0.0561250038 -0.1107993945 0.0592703670 0.9979213476 0.0252987016 0.1091491878 -0.0316699296 0.9935207367
89.5 92.7 2324.8 0.9927665591 -0.0479865856 -0.1100540608 0.0494940057 0.9987137914 0.0110048363 0.1093844250 -0.0163722485 0.9938646555
-59.7 284.3 2306.2 0.1618795544 -0.8718782067 -0.4621941149 0.7294417024 0.4211696088 -0.5390092134 0.6646124721 -0.2498891056 0.7041630745
-96.8 117.1 2153.8 -0.4534538984 -0.8718782067 0.1849539578 -0.8870097995 0.4211696088 -0.1892874539 0.0871386230 -0.2498891056 -0.9643455148
219.6 298.2 2337.0 0.2129411101 0.6201213598 0.7550534010 -0.9769182205 0.1485247612 0.1535291225 -0.0169374421 -0.7703180909 0.6374348402
275.4 42.1 2332.5 -0.0275176167 0.6236299276 0.7812352180 -0.9541833997 0.2165618837 -0.2064823955 -0.2979543805 -0.7511236072 0.5890980363
7.3 -109.2 2316.1 0.9880214930 0.0882021412 -0.1266250610 -0.0803747401 0.9945999384 0.0656573921 0.1317324042 -0.0546934605 0.9897753000
-27.8 -504.6 2337.9 0.9910146594 0.0508496165 -0.1237103194 -0.0388242491 0.9944537878 0.0977460369 0.1279945523 -0.0920647979 0.9874925017
189.7 -100.5 2332.7 0.9817546010 0.0319498330 0.1874490827 -0.0159500781 0.9961457849 -0.0862507820 -0.1894823015 0.0816872716 0.9784802794
177.0 -496.5 2300.3 0.9818484783 -0.0154852467 0.1890337616 -0.0210597552 0.9815977216 0.1897955686 -0.1884941459 -0.1903314888 0.9634541273
18.4 342.5 2131.7 0 0 0 0 0 0 0 0 0
267.9 -220.3 2250.6 0 0 0 0 0 0 0 0 0
-42.9 -800.3 2365.2 0 0 0 0 0 0 0 0 0
182.9 -871.8 2373.0 0 0 0 0 0 0 0 0 0
69.3 491.1 2312.0 3 0.9899038076 -0.1219224781 -0.0722866058 0.1264836490 0.9900116920 0.0622795075 0.0639713109 -0.0707937926 0.9954375625
94.2 288.3 2326.5 0.9899038076 -0.1219224781 -0.0722866058 0.1264836490 0.9900116920 0.0622795075 0.0639713109 -0.0707937926 0.9954375625
95.1 89.8 2325.1 0.9976875782 -0.0047433353 -0.0678014532 0.0041979537 0.9999576807 -0.0081840223 0.0678374022 0.0078804698 0.9976652861
-45.9 287.6 2317.0 0.1995727867 -0.8844554424 -0.4217929542 0.6958670616 0.4309836626 -0.5744754672 0.6898838282 -0.1788621545 0.7014760375
-93.5 121.7 2152.5 -0.4441573024 -0.8844554424 0.1430484951 -0.8950753212 0.4309836626 -0.1144256219 0.0395527929 -0.1788621545 -0.9830787778
234.3 289.0 2336.0 0.1659378111 0.5982245207 0.7839592099 -0.9860498309 0.1111767814 0.1238766909 -0.0130519904 -0.7935786843 0.6083276272
275.8 42.7 2332.7 -0.0336807705 0.6056702733 0.7950025797 -0.9538318515 0.2180556208 -0.2065346688 -0.2984466851 -0.7652550340 0.5703633428
8.0 -110.3 2318.0 0.9924232960 0.0924712941 -0.0809016526 -0.0879256502 0.9944335818 0.0580593534 0.0858201459 -0.0505061261 0.9950296879
-28.8 -505.7 2338.1 0.9958820343 0.0472317003 -0.0773827657 -0.0397724323 0.9946584702 0.0952506214 0.0814682767 -0.0917806849 0.9924410582
190.0 -101.2 2338.1 0.9737077355 0.0344281644 0.2251842767 -0.0117652956 0.9947945476 -0.1012192890 -0.2274968922 0.0959086493 0.9690442085
176.4 -496.7 2300.0 0.9741549492 -0.0155750494 0.2253432870 -0.0296788104 0.9801455140 0.1960456520 -0.2239226401 -0.1976667643 0.9543513656
20.0 350.3 2142.4 0 0 0 0 0 0 0 0 0
266.5 -219.7 2250.6 0 0 0 0 0 0 0 0 0
-42.9 -802.7 2365.5 0 0 0 0 0 0 0 0 0
182.3 -871.4 2375.5 0 0 0 0 0 0 0 0 0
68.5 487.6 2307.9 4 0.9894503355 -0.1358635873 -0.0502898991 0.1400634199 0.9858174324 0.0924460590 0.0370166041 -0.0985145643 0.9944469333
96.3 285.9 2328.0 0.9894503355 -0.1358635873 -0.0502898991 0.1400634199 0.9858174324 0.0924460590 0.0370166041 -0.0985145643 0.9944469333
96.4 87.3 2326.9 0.9990530014 -0.0008804803 -0.0435009077 0.0006137888 0.9999809265 -0.0061436873 0.0435054898 0.0061111688 0.9990345240
-44.2 285.8 2322.0 0.1972751021 -0.8876370192 -0.4161526561 0.6708893180 0.4317623973 -0.6029002666 0.7148356438 -0.1602551639 0.6806821823
-91.1 126.3 2152.0 -0.4384590089 -0.8876370192 0.1409048885 -0.8987221122 0.4317623973 -0.0766795352 0.0072261663 -0.1602551639 -0.9870491624
236.7 286.1 2334.1 0.1521743983 0.5798632503 0.8003758788 -0.9882152677 0.1028193980 0.1133965477 -0.0165396705 -0.8081997037 0.5886762142
276.7 26.3 2329.8 -0.0474055782 0.5900307298 0.8059878349 -0.9509461522 0.2202889621 -0.2171960920 -0.3057025969 -0.7767473459 0.5506445765
4.5 -109.2 2317.6 0.9947574735 0.0845176503 -0.0575699881 -0.0818409324 0.9955190420 0.0473692566 0.0613155589 -0.0424093418 0.9972170591
-29.1 -505.0 2334.4 0.9977068901 0.0428396650 -0.0523999818 -0.0370445102 0.9935728312 0.1069612429 0.0566453822 -0.1047748327 0.9928814173
187.2 -108.4 2329.9 0.9681845307 0.0262653120 0.2488549799 -0.0050662719 0.9963298440 -0.0854466707 -0.2501859367 0.0814673752 0.9647642374
176.8 -504.4 2297.5 0.9692972898 -0.0133304885 0.2455302775 -0.0403334238 0.9763853550 0.2122376561 -0.2425613999 -0.2156244516 0.9458699822
21.0 355.9 2150.1 0 0 0 0 0 0 0 0 0
263.6 -235.2 2245.7 0 0 0 0 0 0 0 0 0
-41.9 -802.2 2365.8 0 0 0 0 0 0 0 0 0
181.9 -877.7 2379.9 0 0 0 0 0 0 0 0 0
69.3 489.0 2308.3 5 0.9892309308 -0.1408825666 -0.0396765582 0.1438860297 0.9857369065 0.0872900486 0.0268130004 -0.0920589194 0.9953925014
98.8 282.6 2327.6 0.9892309308 -0.1408825666 -0.0396765582 0.1438860297 0.9857369065 0.0872900486 0.0268130004 -0.0920589194 0.9953925014
96.7 83.9 2326.1 0.9993891120 0.0101774456 -0.0334335640 -0.0104354862 0.9999170303 -0.0075526177 0.0333539248 0.0078968992 0.9994124174
-41.8 284.1 2322.9 0.2072484195 -0.8897697330 -0.4066422880 0.6576088667 0.4344536066 -0.6154678464 0.7242918611 -0.1398568302 0.6751602888
-90.7 128.9 2152.1 -0.4389197528 -0.8897697330 0.1251372248 -0.8985254765 0.4344536066 -0.0624666698 0.0012146353 -0.1398568302 -0.9901710153
239.3 281.1 2332.3 0.1443249881 0.5731564760 0.8066362143 -0.9894326329 0.0950448066 0.1094970703 -0.0139076309 -0.8139153123 0.5808170438
277.4 20.2 2328.6 -0.0636302382 0.5847948194 0.8086817861 -0.9514053464 0.2090965509 -0.2260675728 -0.3012957275 -0.7837688923 0.5430720448
5.0 -111.5 2321.9 0.9951169491 0.0861626416 -0.0481488109 -0.0846441537 0.9958733320 0.0327370688 0.0507708266 -0.0285016969 0.9983035326
-29.3 -507.4 2333.2 0.9983425736 0.0407468230 -0.0406423919 -0.0357284881 0.9924466014 0.1173595563 0.0451174341 -0.1157129481 0.9922574759
188.1 -111.3 2329.8 0.9657706618 0.0289774816 0.2577738464 -0.0066926056 0.9961935282 -0.0869120657 -0.2593111098 0.0822119415 0.9622883797
176.5 -507.4 2297.1 0.9669333696 -0.0160364304 0.2545245588 -0.0410267860 0.9752410650 0.2173053771 -0.2517075837 -0.2205621302 0.9423351884
21.9 359.3 2151.7 0 0 0 0 0 0 0 0 0
259.9 -241.4 2245.8 0 0 0 0 0 0 0 0 0
-41.4 -802.3 2367.6 0 0 0 0 0 0 0 0 0
182.7 -880.2 2381.4 0 0 0 0 0 0 0 0 0
69.2 488.6 2313.6 6 0.9859821796 -0.1639022231 -0.0312287938 0.1655497104 0.9843336344 0.0606682487 0.0207958911 -0.0649877265 0.9976693392
104.3 278.2 2327.5 0.9859821796 -0.1639022231 -0.0312287938 0.1655497104 0.9843336344 0.0606682487 0.0207958911 -0.0649877265 0.9976693392
99.1 79.5 2324.8 0.9993256927 0.0258271396 -0.0260982886 -0.0261742827 0.9995722175 -0.0130484523 0.0257501211 0.0137227578 0.9995742440
-36.3 281.8 2323.8 0.2331642210 -0.8932653069 -0.3843325675 0.6465945840 0.4376130402 -0.6248282194 0.7263263464 -0.1028197482 0.6796162128
-91.0 130.0 2153.4 -0.4412139952 -0.8932653069 0.0860656202 -0.8972902894 0.4376130402 -0.0580079183 0.0141530251 -0.1028197482 -0.9945992827
244.8 274.5 2331.1 0.1235687062 0.5691999793 0.8128604889 -0.9921794534 0.0854171738 0.0910154730 -0.0176262408 -0.8177501559 0.5753034353
277.3 14.1 2326.4 -0.0709754676 0.5829495192 0.8094024658 -0.9500029683 0.2078532875 -0.2330050617 -0.3040671647 -0.7854723930 0.5390512943
3.0 -113.9 2321.5 0.9959665537 0.0806348398 -0.0393535309 -0.0792051777 0.9961851239 0.0366300903 0.0421570614 -0.0333653390 0.9985536933
-29.0 -509.9 2334.8 0.9984313846 0.0448625498 -0.0334985778 -0.0410228260 0.9933442473 0.1076307371 0.0381042063 -0.1060876921 0.9936264157
186.3 -115.8 2327.6 0.9641952515 0.0238081682 0.2641225755 -0.0026442725 0.9967755079 -0.0801968724 -0.2651802599 0.0766270310 0.9611491561
176.8 -512.1 2297.2 0.9657049775 -0.0183131658 0.2589951456 -0.0416973457 0.9736233354 0.2243187129 -0.2562717199 -0.2274251133 0.9394693375
22.4 360.7 2149.7 0 0 0 0 0 0 0 0 0
257.7 -247.2 2242.8 0 0 0 0 0 0 0 0 0
-42.0 -797.6 2365.5 0 0 0 0 0 0 0 0 0
183.8 -884.3 2384.1 0 0 0 0 0 0 0 0 0
68.6 491.3 2318.7 7 0.9899390340 -0.1175975129 -0.0786866024 0.1200118959 0.9924139977 0.0266759880 0.0749526545 -0.0358509272 0.9965424538
92.9 286.2 2326.1 0.9899390340 -0.1175975129 -0.0786866024 0.1200118959 0.9924139977 0.0266759880 0.0749526545 -0.0358509272 0.9965424538
97.1 87.7 2325.1 0.9968655705 -0.0209966358 -0.0762770623 0.0204485804 0.9997591972 -0.0079590864 0.0764258131 0.0063743819 0.9970548749
-47.0 283.3 2315.4 0.2096364647 -0.8860927224 -0.4133912027 0.6931993961 0.4328581393 -0.5762884617 0.6895847321 -0.1657514572 0.7049818039
-95.1 124.4 2157.2 -0.4530529976 -0.8860927224 0.0978913084 -0.8843579292 0.4328581393 -0.1747709662 0.1124902293 -0.1657514572 -0.9797307849
232.9 289.1 2336.8 0.1536928862 0.6030433178 0.7827625871 -0.9875031710 0.1216948926 0.1001388282 -0.0348701589 -0.7883712053 0.6142108440
276.5 9.1 2326.9 -0.0717337728 0.6119390130 0.7876451612 -0.9464786649 0.2073871940 -0.2473230511 -0.3146941364 -0.7632307410 0.5643105507
2.3 -116.8 2319.7 0.9926946759 0.0786613598 -0.0914861038 -0.0747501254 0.9961671233 0.0454255864 0.0947086886 -0.0382551402 0.9947697520
-29.0 -512.8 2334.9 0.9953485131 0.0434348211 -0.0859927833 -0.0336374566 0.9931081533 0.1122708619 0.0902765989 -0.1088560596 0.9899497628
185.6 -121.6 2324.4 0.9756238461 0.0222745370 0.2183161825 -0.0080337403 0.9977937341 -0.0659020543 -0.2193024606 0.0625417158 0.9736503363
176.7 -518.2 2299.6 0.9764065742 -0.0192772783 0.2150782198 -0.0322413445 0.9718286991 0.2334726006 -0.2135199159 -0.2348985821 0.9482783675
19.9 348.7 2128.7 0 0 0 0 0 0 0 0 0
256.7 -251.2 2240.3 0 0 0 0 0 0 0 0 0
-41.5 -800.4 2366.5 0 0 0 0 0 0 0 0 0
184.1 -889.8 2389.4 0 0 0 0 0 0 0 0 0
70.3 489.9 2322.2 8 0.9937406182 -0.0839033648 -0.0737554058 0.0848543197 0.9963446856 0.0098502887 0.0726593360 -0.0160470959 0.9972277284
87.3 287.4 2325.5 0.9937406182 -0.0839033648 -0.0737554058 0.0848543197 0.9963446856 0.0098502887 0.0726593360 -0.0160470959 0.9972277284
94.0 88.9 2324.1 0.9967883825 -0.0338012949 -0.0725973248 0.0331772044 0.9994015694 -0.0097856950 0.0728846490 0.0073456913 0.9973133206
-52.8 282.8 2315.3 0.1910268813 -0.8836874962 -0.4273232222 0.7108922601 0.4247421920 -0.5605589151 0.6768611073 -0.1966989487 0.7093437910
-97.0 118.2 2158.6 -0.4546047151 -0.8836874962 0.1114941239 -0.8788908720 0.4247421920 -0.2171288133 0.1445177495 -0.1966989487 -0.9697546959
227.4 292.1 2335.7 0.1878491491 0.5985003710 0.7787874937 -0.9819920063 0.1306754649 0.1364390701 -0.0201095883 -0.7903930545 0.6122698784
277.1 32.5 2330.4 -0.0674702227 0.6049728394 0.7933824062 -0.9515476227 0.2000921816 -0.2334958017 -0.3000082374 -0.7706951499 0.5621601939
9.9 -112.7 2317.1 0.9917432070 0.0937526897 -0.0874978006 -0.0890777111 0.9944550991 0.0558943488 0.0922528803 -0.0476387367 0.9945953488
-27.3 -508.0 2336.0 0.9951946139 0.0527881533 -0.0824685991 -0.0437418334 0.9932000637 0.1078902707 0.0876031443 -0.1037644893 0.9907364249
192.4 -108.9 2331.0 0.9743130207 0.0381244421 0.2219474912 -0.0179172717 0.9955647588 -0.0923566222 -0.2244841456 0.0860075653 0.9706748128
177.2 -504.6 2296.8 0.9747439623 -0.0167534817 0.2226961255 -0.0346301086 0.9737814665 0.2248342484 -0.2206241190 -0.2268678248 0.9486073852
18.2 340.9 2122.0 0 0 0 0 0 0 0 0 0
258.5 -229.2 2247.9 0 0 0 0 0 0 0 0 0
-42.8 -799.5 2366.5 0 0 0 0 0 0 0 0 0
183.7 -876.9 2383.6 0 0 0 0 0 0 0 0 0
69.8 489.1 2323.5 9 0.9959982038 -0.0718463808 -0.0531569421 0.0723326728 0.9973539710 0.0072790310 0.0524933152 -0.0110948849 0.9985596538
84.3 288.0 2325.7 0.9959982038 -0.0718463808 -0.0531569421 0.0723326728 0.9973539710 0.0072790310 0.0524933152 -0.0110948849 0.9985596538
92.9 89.4 2324.9 0.9976745844 -0.0436392538 -0.0523543805 0.0433528163 0.9990380406 -0.0065948246 0.0525918119 0.0043097790 0.9986068010
-56.0 281.9 2318.4 0.1601018012 -0.8835685849 -0.4400840700 0.6950453520 0.4174836874 -0.5853369236 0.7009132504 -0.2121648937 0.6809601188
-93.1 120.7 2155.9 -0.4445994198 -0.8835685849 0.1470983773 -0.8901280165 0.4174836874 -0.1827004254 0.1000171825 -0.2121648937 -0.9721021652
224.5 294.1 2333.1 0.1982647330 0.5829784274 0.7879259586 -0.9801190495 0.1241521016 0.1547671407 -0.0075967619 -0.8029460907 0.5960032344
276.6 36.6 2331.1 -0.0488943793 0.5897279382 0.8061205149 -0.9543651938 0.2104776055 -0.2118636370 -0.2946122289 -0.7796923518 0.5525246859
9.4 -112.7 2316.1 0.9933822155 0.0927117020 -0.0677957013 -0.0886379778 0.9942055345 0.0608164519 0.0730412602 -0.0544047095 0.9958438873
-27.5 -508.0 2337.8 0.9965384603 0.0525685474 -0.0644024909 -0.0461986996 0.9942417741 0.0966898352 0.0691144913 -0.0933798254 0.9932287931
192.1 -106.6 2329.5 0.9694206715 0.0391566940 0.2422609031 -0.0176117886 0.9957436323 -0.0904677510 -0.2447721660 0.0834346637 0.9659841061
176.5 -502.4 2296.3 0.9700490832 -0.0200453699 0.2420805395 -0.0378746614 0.9719188809 0.2322481275 -0.2399381399 -0.2344608009 0.9420498013
19.4 346.0 2130.6 0 0 0 0 0 0 0 0 0
263.2 -225.9 2250.1 0 0 0 0 0 0 0 0 0
-42.9 -799.0 2365.1 0 0 0 0 0 0 0 0 0
184.2 -874.0 2385.9 0 0 0 0 0 0 0 0 0
69.6 487.8 2323.6 0 0.9974443316 -0.0635409802 -0.0326694325 0.0637028143 0.9979611635 0.0039359787 0.0323527269 -0.0060070548 0.9994584322
82.3 287.5 2324.8 0.9974443316 -0.0635409802 -0.0326694325 0.0637028143 0.9979611635 0.0039359787 0.0323527269 -0.0060070548 0.9994584322
91.8 89.0 2324.4 0.9983516932 -0.0474896282 -0.0322279036 0.0473849438 0.9988687038 -0.0040046596 0.0323816240 0.0024709410 0.9994724989
-58.1 280.9 2320.3 0.1427871138 -0.8827551007 -0.4476106167 0.6810727715 0.4157789052 -0.6027169824 0.7181585431 -0.2187951803 0.6605883241
-91.0 123.9 2154.8 -0.4390956461 -0.8827551007 0.1671479791 -0.8957587481 0.4157789052 -0.1573026627 0.0693631321 -0.2187951803 -0.9733023047
222.7 294.2 2329.4 0.2065066695 0.5689923167 0.7959916592 -0.9783821702 0.1108493134 0.1745872945 0.0111036999 -0.8148375154 0.5795830488
276.5 39.3 2332.3 -0.0394811369 0.5764657259 0.8161669970 -0.9567252994 0.2138612419 -0.1973325163 -0.2883019149 -0.7886384726 0.5430758595
10.1 -113.1 2319.3 0.9941548705 0.0957212970 -0.0499356054 -0.0936544165 0.9947094917 0.0422120988 0.0537120178 -0.0372886732 0.9978600144
-27.9 -508.5 2334.1 0.9977427125 0.0511499792 -0.0435101762 -0.0462128036 0.9931022525 0.1077603027 0.0487219915 -0.1055063307 0.9932243228
193.0 -105.1 2328.9 0.9642003179 0.0408013240 0.2620172799 -0.0186745971 0.9960863590 -0.0863896832 -0.2645166516 0.0784038901 0.9611887336
176.8 -501.1 2297.8 0.9648679495 -0.0196080208 0.2620025277 -0.0401887260 0.9744614363 0.2209294438 -0.2596433461 -0.2236972898 0.9394385815
20.4 351.1 2137.2 0 0 0 0 0 0 0 0 0
265.7 -223.8 2253.0 0 0 0 0 0 0 0 0 0
-43.0 -801.7 2365.3 0 0 0 0 0 0 0 0 0
184.3 -873.7 2383.3 0 0 0 0 0 0 0 0 0
68.3 486.7 2323.7 1 0.9981527328 -0.0596125573 -0.0117266485 0.0596693978 0.9982078075 0.0045581660 0.0114339087 -0.0052494677 0.9999208450
80.2 286.9 2324.8 0.9981527328 -0.0596125573 -0.0117266485 0.0596693978 0.9982078075 0.0045581660 0.0114339087 -0.0052494677 0.9999208450
90.3 88.4 2324.4 0.9986519814 -0.0506523401 -0.0113404924 0.0506278649 0.9987146258 -0.0024352146 0.0114492653 0.0018577869 0.9999327064
-60.3 279.8 2323.2 0.1276541501 -0.8836576939 -0.4503925741 0.6674172878 0.4124428928 -0.6200363040 0.7336610556 -0.2214495987 0.6424185038
-89.8 125.2 2153.2 -0.4354390800 -0.8836576939 0.1718774736 -0.8978437185 0.4124428928 -0.1541673541 0.0653415397 -0.2214495987 -0.9729802608
220.7 294.0 2326.4 0.2142387927 0.5536055565 0.8047500849 -0.9764989018 0.1015775353 0.1900839359 0.0234869923 -0.8265609145 0.5623570085
276.4 40.1 2332.5 -0.0354182832 0.5623512864 0.8261395693 -0.9559522271 0.2219567001 -0.1920690238 -0.2913774848 -0.7965527177 0.5297196507
9.6 -113.9 2320.9 0.9949538708 0.0960316360 -0.0290644597 -0.0946575776 0.9944720268 0.0454456247 0.0332680121 -0.0424651280 0.9985439181
-28.5 -509.3 2337.8 0.9986912012 0.0449016318 -0.0244888123 -0.0424604863 0.9948123693 0.0924416333 0.0285125542 -0.0912808403 0.9954169393
192.7 -105.2 2326.9 0.9585774541 0.0372780226 0.2823821008 -0.0146118663 0.9965291023 -0.0819528922 -0.2844570279 0.0744320601 0.9557949901
177.9 -501.4 2297.3 0.9595480561 -0.0119405231 0.2812916040 -0.0480895229 0.9774672389 0.2055364549 -0.2774075270 -0.2107492834 0.9373525381
20.9 353.5 2136.6 0 0 0 0 0 0 0 0 0
266.7 -222.9 2252.3 0 0 0 0 0 0 0 0 0
-41.5 -796.8 2364.2 0 0 0 0 0 0 0 0 0
182.5 -875.1 2377.8 0 0 0 0 0 0 0 0 0
68.1 484.6 2324.2 2 0.9984255433 -0.0554983392 -0.0081444355 0.0555059277 0.9984580874 0.0007085127 0.0080925561 -0.0011594617 0.9999665618
79.2 285.2 2324.5 0.9984255433 -0.0554983392 -0.0081444355 0.0555059277 0.9984580874 0.0007085127 0.0080925561 -0.0011594617 0.9999665618
89.2 86.6 2324.0 0.9987133145 -0.0500833578 -0.0079633947 0.0500631556 0.9987423420 -0.0027160789 0.0080894101 0.0023139114 0.9999645948
-61.3 278.2 2323.3 0.1185268536 -0.8844481111 -0.4513345659 0.6566217542 0.4107809961 -0.6325399876 0.7448484898 -0.2213831246 0.6294364333
-88.7 126.4 2151.2 -0.4329466820 -0.8844481111 0.1740938425 -0.8993611336 0.4107809961 -0.1496948302 0.0608828664 -0.2213831246 -0.9732845426
219.7 292.2 2325.6 0.2192550749 0.5510005951 0.8051866889 -0.9752927423 0.1009008884 0.1965276301 0.0270427838 -0.8283823729 0.5595098734
276.4 40.3 2332.6 -0.0333753228 0.5597462654 0.8279916644 -0.9559406638 0.2238799930 -0.1898821294 -0.2916565835 -0.7978482842 0.5276121497
8.8 -114.8 2323.0 0.9950076938 0.0961106718 -0.0268773325 -0.0952203125 0.9949206114 0.0326501802 0.0298788436 -0.0299279112 0.9991053939
-29.4 -510.3 2334.9 0.9990049601 0.0400152206 -0.0196948461 -0.0377074257 0.9936348796 0.1061504334 0.0238171201 -0.1053021699 0.9941549897
191.9 -105.5 2325.1 0.9576935768 0.0365182459 0.2854635417 -0.0126365125 0.9962958097 -0.0850583911 -0.2875123024 0.0778526142 0.9546076059
177.4 -501.6 2294.1 0.9589300156 -0.0150447218 0.2832434773 -0.0491780229 0.9746500254 0.2182631791 -0.2793469727 -0.2232284695 0.9338813424
21.3 354.9 2135.7 0 0 0 0 0 0 0 0 0
267.2 -222.6 2252.4 0 0 0 0 0 0 0 0 0
-41.0 -798.5 2365.4 0 0 0 0 0 0 0 0 0
183.2 -874.2 2379.4 0 0 0 0 0 0 0 0 0
69.4 483.4 2324.0 3 0.9984792471 -0.0550206900 -0.0034482635 0.0550338924 0.9984770417 0.0038587253 0.0032307021 -0.0040426287 0.9999865890
80.4 284.0 2324.8 0.9984792471 -0.0550206900 -0.0034482635 0.0550338924 0.9984770417 0.0038587253 0.0032307021 -0.0040426287 0.9999865890
90.2 85.5 2324.3 0.9987880588 -0.0491202511 -0.0031100886 0.0491121598 0.9987897873 -0.0026269618 0.0032353618 0.0024710346 0.9999917150
-60.2 277.1 2324.4 0.1231770441 -0.8893145323 -0.4403942227 0.6466900706 0.4085419774 -0.6441159844 0.7527412772 -0.2054582536 0.6254338622
-89.0 125.8 2148.2 -0.4340657294 -0.8893145323 0.1438979059 -0.8955197334 0.4085419774 -0.1764591038 0.0981393009 -0.2054582536 -0.9737328291
220.9 290.9 2325.3 0.2149824053 0.5487248302 0.8078883886 -0.9760632515 0.0928452909 0.1966731101 0.0329107903 -0.8308314085 0.5555502772
276.5 38.7 2333.8 -0.0324641503 0.5585739613 0.8288191557 -0.9550874829 0.2270407677 -0.1904217005 -0.2945403457 -0.7977766991 0.5261162519
7.5 -116.5 2322.8 0.9955328703 0.0918507800 -0.0218562800 -0.0910741463 0.9952562451 0.0342121683 0.0248950124 -0.0320687965 0.9991755486
-29.0 -512.2 2335.6 0.9989665747 0.0427772775 -0.0153593011 -0.0409553088 0.9937396646 0.1039430127 0.0197095461 -0.1032065451 0.9944646358
190.8 -107.3 2324.3 0.9562255740 0.0342952274 0.2906139195 -0.0149011249 0.9975269437 -0.0686876103 -0.2922508717 0.0613503791 0.9543718100
177.1 -503.9 2299.9 0.9570962787 -0.0155263860 0.2893538475 -0.0437249988 0.9793912768 0.1971822530 -0.2864521444 -0.2013743967 0.9366928339
21.3 353.3 2123.3 0 0 0 0 0 0 0 0 0
267.6 -224.0 2252.8 0 0 0 0 0 0 0 0 0
-41.3 -797.9 2365.2 0 0 0 0 0 0 0 0 0
183.1 -878.2 2376.9 0 0 0 0 0 0 0 0 0
67.6 484.4 2325.4 4 0.9980210662 -0.0623618960 0.0080598388 0.0623551607 0.9980534315 0.0010843702 -0.0081117731 -0.0005796517 0.9999669194
80.0 285.0 2325.5 0.9980210662 -0.0623618960 0.0080598388 0.0623551607 0.9980534315 0.0010843702 -0.0081117731 -0.0005796517 0.9999669194
91.2 86.5 2324.7 0.9983803630 -0.0562758856 0.0083486680 0.0563089252 0.9984062314 -0.0037761102 -0.0081228586 0.0042400989 0.9999580383
-60.5 277.1 2326.7 0.1232725605 -0.8903945684 -0.4381797016 0.6437288523 0.4077927470 -0.6475478411 0.7552595735 -0.2022440284 0.6234422922
-89.4 125.9 2149.2 -0.4358194470 -0.8903945684 0.1313734502 -0.8919698000 0.4077927470 -0.1951791793 0.1202133447 -0.2022440284 -0.9719290733
220.5 293.0 2324.4 0.2132068425 0.5405716300 0.8138335943 -0.9763972759 0.0884659588 0.1970333755 0.0345140845 -0.8366337419 0.5466742516
276.4 37.1 2333.4 -0.0319052003 0.5511251688 0.8338124156 -0.9546664357 0.2302252352 -0.1887015998 -0.2959628403 -0.8020333052 0.5187953115
8.3 -117.6 2323.5 0.9955826402 0.0932492763 -0.0109424060 -0.0928877145 0.9952282310 0.0298762228 0.0136761274 -0.0287278332 0.9994937181
-28.8 -513.3 2335.0 0.9987598062 0.0496142358 -0.0041557490 -0.0489332341 0.9935880899 0.1019230187 0.0091859354 -0.1015932560 0.9947835803
191.5 -108.6 2324.1 0.9526238441 0.0359286554 0.3020213544 -0.0163906086 0.9976197481 -0.0669788793 -0.3037089407 0.0588553622 0.9509452581
177.3 -505.2 2300.7 0.9535143375 -0.0167109109 0.3008840382 -0.0449185967 0.9794250727 0.1967455894 -0.2979811728 -0.2011150271 0.9331452250
21.2 352.3 2118.7 0 0 0 0 0 0 0 0 0
267.6 -225.5 2252.0 0 0 0 0 0 0 0 0 0
-43.1 -800.1 2364.3 0 0 0 0 0 0 0 0 0
183.7 -879.6 2377.6 0 0 0 0 0 0 0 0 0
67.7 485.3 2324.1 5 0.9981129766 -0.0612601787 0.0042060423 0.0612416305 0.9981132746 0.0044051297 -0.0044679651 -0.0041392320 0.9999814630
80.0 285.9 2324.9 0.9981129766 -0.0612601787 0.0042060423 0.0612416305 0.9981132746 0.0044051297 -0.0044679651 -0.0041392320 0.9999814630
91.2 87.4 2324.8 0.9984037280 -0.0563028529 0.0044741398 0.0563040748 0.9984136820 -0.0001478667 -0.0044587166 0.0003995430 0.9999899864
-60.5 277.9 2325.5 0.1210673898 -0.8908632994 -0.4378415942 0.6493930817 0.4046827853 -0.6438326836 0.7507538199 -0.2063841522 0.6275143623
-88.9 125.6 2149.4 -0.4340151846 -0.8908632994 0.1341394931 -0.8923814297 0.4046827853 -0.1997178048 0.1236373261 -0.2063841522 -0.9706283212
220.5 293.8 2324.3 0.2161339670 0.5438817143 0.8108506799 -0.9754873514 0.0851096213 0.2029305696 0.0413590334 -0.8348347545 0.5489448309
276.7 40.0 2335.0 -0.0268298257 0.5555369258 0.8310589194 -0.9509503841 0.2421143055 -0.1925462335 -0.3081777692 -0.7954617739 0.5217921734
10.8 -117.1 2324.6 0.9949487448 0.0992651209 -0.0149470745 -0.0987468064 0.9945933819 0.0321414545 0.0180567876 -0.0305031240 0.9993715882
-28.7 -512.6 2336.7 0.9988642931 0.0469372869 -0.0081879459 -0.0458927676 0.9939839840 0.0994470865 0.0128064631 -0.0989583731 0.9950091839
194.0 -106.8 2323.1 0.9536002874 0.0440132581 0.2978411913 -0.0223088376 0.9968670011 -0.0758849010 -0.3002479970 0.0657193735 0.9515945315
176.5 -503.1 2296.9 0.9544892907 -0.0194871444 0.2976078987 -0.0489470884 0.9740977287 0.2207664847 -0.2942012846 -0.2252862900 0.9288119674
21.2 352.0 2118.0 0 0 0 0 0 0 0 0 0
269.3 -221.6 2250.3 0 0 0 0 0 0 0 0 0
-42.2 -799.7 2365.3 0 0 0 0 0 0 0 0 0
183.9 -875.4 2383.0 0 0 0 0 0 0 0 0 0
67.9 487.4 2323.4 6 0.9976234436 -0.0617987700 -0.0304697789 0.0619347952 0.9980739355 0.0035400605 0.0301923212 -0.0054187868 0.9995294213
80.2 288.0 2324.5 0.9976234436 -0.0617987700 -0.0304697789 0.0619347952 0.9980739355 0.0035400605 0.0301923212 -0.0054187868 0.9995294213
91.6 89.5 2324.7 0.9979011416 -0.0572796799 -0.0302053969 0.0572788790 0.9983578324 -0.0008924805 0.0302069169 -0.0008395240 0.9995433092
-60.1 279.9 2320.3 0.1209950745 -0.8866296411 -0.4463721216 0.6618925929 0.4071797431 -0.6293670535 0.7397691607 -0.2193000764 0.6361203194
-88.2 126.6 2148.9 -0.4339564145 -0.8866296411 0.1599052846 -0.8964190483 0.4071797431 -0.1750358641 0.0900817961 -0.2193000764 -0.9714899659
220.6 296.1 2328.8 0.2139334232 0.5678589940 0.7948387861 -0.9766262770 0.1069898084 0.1864250749 0.0208235048 -0.8161429763 0.5774747133
276.6 40.6 2334.2 -0.0286716390 0.5759821534 0.8169592619 -0.9540000558 0.2282399684 -0.1943975687 -0.2984322906 -0.7849528790 0.5429430008
10.8 -116.3 2325.2 0.9937093258 0.0999173298 -0.0505799390 -0.0989205465 0.9948554635 0.0218472164 0.0525026433 -0.0167063866 0.9984810352
