-34.0 463.3 1856.1 50 0.9939091802 0.1093167737 0.0139425378 -0.1087167114 0.9933354855 -0.0382784009 -0.0180340894 0.0365294665 0.9991698265
-59.8 229.0 1847.5 0.9939091802 0.1093167737 0.0139425378 -0.1087167114 0.9933354855 -0.0382784009 -0.0180340894 0.0365294665 0.9991698265
-51.1 36.0 1867.1 0.9987509251 -0.0464816876 0.0183312148 0.0444129370 0.9939430952 0.1005218402 -0.0228926092 -0.0995821357 0.9947659373
-201.5 222.5 1851.3 0.0674913004 -0.8285264969 -0.5558675528 0.9964329600 0.0842621401 -0.0046105529 0.0506585538 -0.5535735488 0.8312580585
-223.4 -100.6 1834.9 -0.2298354805 -0.8120812774 -0.5363764167 0.9150561094 0.0073716319 -0.4032592177 0.3314332366 -0.5834977627 0.7414056659
81.8 235.4 1843.6 0.5585353374 0.6218832135 0.5489076376 -0.2247710824 0.7504611611 -0.6215190887 -0.7984461188 0.2237618268 0.5589404702
198.9 188.3 1676.3 -0.7641960979 0.6218832135 0.1710720807 0.6439817548 0.7504611611 0.1486458033 -0.0359426215 0.2237618268 -0.9739809036
-122.1 -182.8 1896.4 0.9919751883 0.1059321612 -0.0690190941 -0.1191537529 0.9658327699 -0.2301509976 0.0422805101 0.2365279645 0.9707043171
-165.3 -576.6 1799.9 0.9990928769 0.0000000000 -0.0425838828 0.0000000000 1.0000000000 0.0000000000 0.0425838828 0.0000000000 0.9990928769
60.4 -170.0 1897.2 0.9425352812 0.0525632575 -0.3299460113 -0.1058481112 0.9836554527 -0.1456645727 0.3168965876 0.1722181588 0.9326936603
39.5 -561.4 1828.7 0.9478600621 0.0000000000 -0.3186868727 0.0000000000 1.0000000000 0.0000000000 0.3186868727 0.0000000000 0.9478600621
-158.6 -358.4 1741.5 0 0 0 0 0 0 0 0 0
4.2 352.3 1667.1 0 0 0 0 0 0 0 0 0
-165.3 -953.3 1799.9 0 0 0 0 0 0 0 0 0
39.5 -938.1 1828.7 0 0 0 0 0 0 0 0 0
-34.4 465.4 1859.2 51 0.9963636398 0.0819312632 0.0233840458 -0.0815119818 0.9965033531 -0.0183544736 -0.0248060860 0.0163816493 0.9995580316
-52.2 249.0 1855.6 0.9963636398 0.0819312632 0.0233840458 -0.0815119818 0.9965033531 -0.0183544736 -0.0248060860 0.0163816493 0.9995580316
-52.6 54.7 1866.4 0.9996507764 0.0008045079 0.0264139287 -0.0022490588 0.9985000491 0.0547049344 -0.0263302978 -0.0547452345 0.9981531501
-194.2 249.2 1859.8 0.1160054505 -0.8298553228 -0.5457864404 0.9929638505 0.1100501940 0.0437231064 0.0237800553 -0.5470183492 0.8367827535
-228.5 -44.8 1852.8 -0.1933175772 -0.8165561557 -0.5439341068 0.9251718521 0.0328485928 -0.3781242967 0.3266271949 -0.5763306022 0.7491046190
89.7 248.7 1851.4 0.5046897531 0.6364110708 0.5833259225 -0.2781760097 0.7595365644 -0.5879815817 -0.8172553778 0.1344809979 0.5603646040
197.8 189.1 1676.4 -0.7634866238 0.6364110708 0.1098594218 0.6451068521 0.7595365644 0.0833150521 -0.0304196253 0.1344809979 -0.9904491305
-137.2 -150.7 1884.3 0.9963328838 0.0531211570 -0.0670736656 -0.0644188374 0.9816571474 -0.1794421375 0.0563111678 0.1831049174 0.9814792871
-158.4 -541.9 1811.3 0.9984066486 0.0000000000 -0.0564283729 0.0000000000 1.0000000000 0.0000000000 0.0564283729 0.0000000000 0.9984066486
44.2 -148.8 1880.5 0.9438273311 -0.0103890290 -0.3302756250 -0.0247721672 0.9944684505 -0.1020729542 0.3295091093 0.1045208946 0.9383491278
48.3 -539.7 1839.4 0.9441170692 0.0000000000 -0.3296102583 0.0000000000 1.0000000000 0.0000000000 0.3296102583 0.0000000000 0.9441170692
-174.1 -305.2 1760.8 0 0 0 0 0 0 0 0 0
3.9 352.9 1668.7 0 0 0 0 0 0 0 0 0
-158.4 -918.6 1811.3 0 0 0 0 0 0 0 0 0
48.3 -916.4 1839.4 0 0 0 0 0 0 0 0 0
-34.2 463.4 1857.2 52 0.9955936074 0.0736674294 -0.0580211654 -0.0752889737 0.9968155622 -0.0262727793 0.0559009537 0.0305253658 0.9979695678
-51.5 230.1 1850.1 0.9955936074 0.0736674294 -0.0580211654 -0.0752889737 0.9968155622 -0.0262727793 0.0559009537 0.0305253658 0.9979695678
-55.4 35.3 1862.9 0.9983767867 0.0190328378 -0.0536796525 -0.0154088810 0.9976249337 0.0671346411 0.0548299216 -0.0661985278 0.9962988496
-193.1 232.2 1842.5 0.1544297636 -0.7864910960 -0.5979826450 0.9852082729 0.0770871043 0.1530431807 -0.0742703453 -0.6127718687 0.7867620587
-231.7 -14.6 1861.1 -0.1245229021 -0.7895758748 -0.6008859873 0.9406108260 0.0988259912 -0.3247841001 0.3158248365 -0.6056429148 0.7303774953
90.1 228.0 1857.7 0.5012120605 0.6314818263 0.5916225314 -0.1808321029 0.7450409532 -0.6420387626 -0.8462188244 0.2148132026 0.4876156747
197.3 189.3 1676.6 -0.7611498237 0.6314818263 0.1479245722 0.6484727859 0.7450409532 0.1561954618 -0.0115752658 0.2148132026 -0.9765865803
-145.6 -138.9 1876.8 0.9886966944 0.0180381704 -0.1488403976 -0.0433832854 0.9846873879 -0.1688449830 0.1435156018 0.1733936518 0.9743397236
-152.7 -523.1 1809.1 0.9896284342 0.0000000000 -0.1436508596 0.0000000000 1.0000000000 0.0000000000 0.1436508596 0.0000000000 0.9896284342
35.2 -142.0 1874.3 0.9124406576 -0.0487415493 -0.4062957764 0.0117095727 0.9955842495 -0.0931391120 0.4090414345 0.0802263692 0.9089823365
54.1 -528.2 1843.2 0.9125032425 0.0000000000 -0.4090694785 0.0000000000 1.0000000000 0.0000000000 0.4090694785 0.0000000000 0.9125032425
-196.8 -278.8 1772.4 0 0 0 0 0 0 0 0 0
3.6 354.3 1673.7 0 0 0 0 0 0 0 0 0
-152.7 -899.8 1809.1 0 0 0 0 0 0 0 0 0
54.1 -904.8 1843.2 0 0 0 0 0 0 0 0 0
-33.8 462.3 1855.3 53 0.9933759570 0.0708335787 -0.0904809982 -0.0735767633 0.9969145656 -0.0273467395 0.0882647559 0.0338228941 0.9955226779
-51.1 219.3 1847.0 0.9933759570 0.0708335787 -0.0904809982 -0.0735767633 0.9969145656 -0.0273467395 0.0882647559 0.0338228941 0.9955226779
-54.2 24.6 1863.7 0.9962158203 0.0152839283 -0.0855597481 -0.0078504179 0.9962163568 0.0865522549 0.0865588859 -0.0855530426 0.9925664663
-192.6 220.3 1834.8 0.1644338965 -0.7672627568 -0.6198946238 0.9805904627 0.0591159351 0.1869428456 -0.1067886353 -0.6386024952 0.7620912194
-234.4 -28.9 1862.0 -0.0780467391 -0.7770295143 -0.6246069670 0.9449381828 0.1420636922 -0.2948046327 0.3178058863 -0.6132234931 0.7231572270
90.5 218.3 1859.2 0.5044784546 0.6336097121 0.5865494013 -0.1341693401 0.7286040783 -0.6716656089 -0.8529361486 0.2601439059 0.4525760710
198.3 189.6 1677.0 -0.7482621670 0.6336097121 0.1965767741 0.6625702381 0.7286040783 0.1735995412 -0.0332322828 0.2601439059 -0.9649978280
-145.4 -160.0 1875.6 0.9838578105 -0.0115110958 -0.1785812676 -0.0169344414 0.9874618053 -0.1569473147 0.1781488061 0.1574380100 0.9713270664
-141.2 -516.5 1818.7 0.9839591980 -0.0123349596 -0.1779665947 0.0146555118 0.9998238087 0.0117305135 0.1777905524 -0.0141505385 0.9839665890
29.5 -161.8 1880.5 0.8993071318 -0.0753674358 -0.4307742417 0.0205432177 0.9912306070 -0.1305367053 0.4368348420 0.1085430980 0.8929690719
58.9 -547.9 1838.2 0.8994969726 0.0000000000 -0.4369270504 0.0000000000 1.0000000000 0.0000000000 0.4369270504 0.0000000000 0.8994969726
-212.5 -294.4 1772.6 0 0 0 0 0 0 0 0 0
8.1 358.1 1668.5 0 0 0 0 0 0 0 0 0
-136.6 -893.0 1824.1 0 0 0 0 0 0 0 0 0
58.9 -924.6 1838.2 0 0 0 0 0 0 0 0 0
-33.7 460.6 1850.3 54 0.9927612543 0.0768063441 -0.0923354104 -0.0784190297 0.9968227148 -0.0139606874 0.0909697637 0.0211004838 0.9956300855
-52.7 215.0 1845.1 0.9927612543 0.0768063441 -0.0923354104 -0.0784190297 0.9968227148 -0.0139606874 0.0909697637 0.0211004838 0.9956300855
-53.6 20.5 1866.0 0.9961634874 0.0040917494 -0.0874160752 0.0053156782 0.9942325950 0.1071134210 0.0873501971 -0.1071671546 0.9903964400
-194.4 214.2 1832.7 0.1568492204 -0.7654793859 -0.6240509748 0.9810764194 0.0481329188 0.1875428557 -0.1135227978 -0.6416576505 0.7585433722
-234.8 -38.7 1862.0 -0.0494933240 -0.7762225270 -0.6285132766 0.9499604106 0.1577397883 -0.2696170211 0.3084243536 -0.6104069948 0.7295736670
89.1 215.8 1857.4 0.5138265491 0.6354207993 0.5763876438 -0.1240666136 0.7198388577 -0.6829637289 -0.8488755822 0.2794144750 0.4487068355
198.6 189.3 1676.4 -0.7402929068 0.6354207993 0.2195605338 0.6708011627 0.7198388577 0.1784874350 -0.0446335822 0.2794144750 -0.9591326118
-145.3 -170.5 1875.0 0.9841454625 0.0027320548 -0.1773420125 -0.0331838802 0.9850614071 -0.1689759046 0.1742311120 0.1721817702 0.9695343971
-146.3 -541.2 1810.2 0.9847031236 -0.0061672078 -0.1741314232 0.0073048519 0.9999559522 0.0058930996 0.1740874201 -0.0070749577 0.9847047925
31.9 -171.4 1888.1 0.9015953541 -0.0642481819 -0.4277826846 0.0012500812 0.9892917871 -0.1459459066 0.4325786531 0.1310493797 0.8920211792
57.0 -557.7 1836.9 0.9015960097 0.0000000000 -0.4325789809 0.0000000000 1.0000000000 0.0000000000 0.4325789809 0.0000000000 0.9015960097
-220.9 -305.9 1775.2 0 0 0 0 0 0 0 0 0
10.5 359.8 1665.1 0 0 0 0 0 0 0 0 0
-144.0 -917.8 1812.9 0 0 0 0 0 0 0 0 0
57.0 -934.4 1836.9 0 0 0 0 0 0 0 0 0
-33.7 461.0 1852.3 55 0.9912791252 0.0894077197 -0.0968086198 -0.0932788998 0.9949809909 -0.0362203829 0.0930843502 0.0449347124 0.9946437478
-56.6 205.1 1840.7 0.9912791252 0.0894077197 -0.0968086198 -0.0932788998 0.9949809909 -0.0362203829 0.0930843502 0.0449347124 0.9946437478
-49.2 10.9 1862.5 0.9949194193 -0.0382615067 -0.0931204185 0.0482184142 0.9930739999 0.1071400940 0.0883761197 -0.1110858843 0.9898735285
-198.2 198.2 1828.2 0.1413374096 -0.7639777064 -0.6295727491 0.9822168946 0.0288275015 0.1855233163 -0.1235866621 -0.6445983648 0.7544662356
-233.5 -46.8 1859.0 -0.0377818830 -0.7759628892 -0.6296460032 0.9548918009 0.1576865315 -0.2516279221 0.2945406437 -0.6107507944 0.7350029349
84.9 212.0 1853.3 0.5054149032 0.6869316101 0.5221884251 -0.1668393314 0.6715486646 -0.7219328284 -0.8465934396 0.2777540386 0.4540179074
189.4 177.5 1678.2 -0.6930136085 0.6869316101 0.2187626511 0.7203881741 0.6715486646 0.1733876616 -0.0278042965 0.2777540386 -0.9602497816
-143.4 -175.0 1880.3 0.9851943851 0.0116717303 -0.1710430980 -0.0428279899 0.9828032255 -0.1796207130 0.1660052240 0.1842867583 0.9687520862
-147.9 -552.4 1809.5 0.9861156940 -0.0030834342 -0.1660311222 0.0036279231 0.9999889731 0.0029762592 0.1660201252 -0.0035372840 0.9861159921
35.2 -173.8 1894.8 0.9049702883 -0.0527331159 -0.4221943021 -0.0177168362 0.9867587090 -0.1612245142 0.4251057804 0.1533833444 0.8920530081
55.9 -559.6 1834.8 0.9051123261 0.0000000000 -0.4251725078 0.0000000000 1.0000000000 0.0000000000 0.4251725078 0.0000000000 0.9051123261
-222.8 -315.6 1776.1 0 0 0 0 0 0 0 0 0
14.5 359.4 1671.1 0 0 0 0 0 0 0 0 0
-146.7 -929.0 1810.9 0 0 0 0 0 0 0 0 0
55.9 -936.2 1834.8 0 0 0 0 0 0 0 0 0
-34.4 461.0 1853.3 56 0.9914100170 0.0949216262 -0.0899784267 -0.0996188670 0.9938072562 -0.0492267571 0.0847485214 0.0577674471 0.9947264194
-59.4 199.6 1838.1 0.9914100170 0.0949216262 -0.0899784267 -0.0996188670 0.9938072562 -0.0492267571 0.0847485214 0.0577674471 0.9947264194
-45.6 5.9 1861.8 0.9936298132 -0.0704551414 -0.0879538134 0.0803804398 0.9901146293 0.1149436384 0.0789859816 -0.1212811917 0.9894706011
-200.8 188.1 1826.9 0.1229096726 -0.7666369677 -0.6302071214 0.9867153168 0.0264237598 0.1602955908 -0.1062360853 -0.6415368915 0.7597001195
-232.0 -62.8 1853.9 -0.0456758291 -0.7792924643 -0.6249935627 0.9535978436 0.1523719281 -0.2596805394 0.2975985706 -0.6078536510 0.7361719012
82.0 211.0 1849.3 0.5157240033 0.7023921013 0.4905854464 -0.2035498768 0.6566647887 -0.7261947393 -0.8322236538 0.2746574581 0.4816296101
186.4 169.8 1680.9 -0.6750164628 0.7023921013 0.2258277535 0.7369400263 0.6566647887 0.1603456587 -0.0356676169 0.2746574581 -0.9608803988
-131.1 -187.9 1876.8 0.9857729077 0.0607342683 -0.1567263156 -0.0863674805 0.9829509854 -0.1623206288 0.1441958547 0.1735473275 0.9742119312
-154.6 -568.7 1809.6 0.9894881845 -0.0015416619 -0.1446055323 0.0017812025 0.9999972582 0.0015270591 0.1446027756 -0.0017685787 0.9894881845
47.9 -179.1 1892.2 0.9117592573 -0.0075207762 -0.4106561840 -0.0520297736 0.9896627069 -0.1336438209 0.4074161947 0.1432173401 0.9019427896
50.8 -566.0 1836.2 0.9129958749 0.0000000000 -0.4079687893 0.0000000000 1.0000000000 0.0000000000 0.4079687893 0.0000000000 0.9129958749
-219.2 -331.3 1770.1 0 0 0 0 0 0 0 0 0
16.3 355.5 1672.0 0 0 0 0 0 0 0 0 0
-154.0 -945.3 1810.3 0 0 0 0 0 0 0 0 0
50.8 -942.6 1836.2 0 0 0 0 0 0 0 0 0
-34.9 457.7 1853.3 57 0.9908595085 0.1012431905 -0.0891472995 -0.1066561192 0.9925913215 -0.0581971146 0.0825947747 0.0671732724 0.9943167567
-61.3 198.8 1835.8 0.9908595085 0.1012431905 -0.0891472995 -0.1066561192 0.9925913215 -0.0581971146 0.0825947747 0.0671732724 0.9943167567
-46.3 6.2 1866.3 0.9933008552 -0.0765629560 -0.0865535662 0.0889392793 0.9847372174 0.1496075541 0.0737781152 -0.1563033164 0.9849497676
-202.7 186.1 1825.3 0.1095838696 -0.7653870583 -0.6341719031 0.9894146323 0.0229316205 0.1432928741 -0.0951319188 -0.6431615353 0.7597981095
-231.4 -72.7 1850.2 -0.0566348806 -0.7788213491 -0.6246837378 0.9528253078 0.1447100937 -0.2668013275 0.2981886268 -0.6103247404 0.7338850498
80.2 211.5 1846.2 0.5237191319 0.7046326995 0.4787598848 -0.2299184799 0.6580554247 -0.7170080543 -0.8202778697 0.2654350996 0.5066443086
185.8 165.1 1680.9 -0.6766033769 0.7046326995 0.2137770504 0.7358127236 0.6580554247 0.1598206908 -0.0280622635 0.2654350996 -0.9637202621
-121.3 -195.2 1878.7 0.9827718139 0.0991052315 -0.1560053974 -0.1238132715 0.9797112346 -0.1575951278 0.1372217387 0.1741955876 0.9751031399
-159.9 -576.5 1810.9 0.9904053211 -0.0007708156 -0.1381906718 0.0008856180 0.9999992847 0.0007692684 0.1381899863 -0.0008842717 0.9904053211
57.8 -180.6 1892.6 0.9125323892 0.0277779680 -0.4080600142 -0.0823735371 0.9897292852 -0.1168354005 0.4006235003 0.1402294338 0.9054482579
46.9 -567.7 1837.8 0.9156442285 0.0000000000 -0.4019896686 0.0000000000 1.0000000000 0.0000000000 0.4019896686 0.0000000000 0.9156442285
-215.4 -341.0 1766.2 0 0 0 0 0 0 0 0 0
15.4 350.4 1673.8 0 0 0 0 0 0 0 0 0
-159.6 -953.2 1811.2 0 0 0 0 0 0 0 0 0
46.9 -944.3 1837.8 0 0 0 0 0 0 0 0 0
-33.8 456.5 1857.8 58 0.9906333685 0.1045690477 -0.0878115073 -0.1110886261 0.9911287427 -0.0729598328 0.0794031695 0.0820313022 0.9934616089
-61.9 190.8 1835.8 0.9906333685 0.1045690477 -0.0878115073 -0.1110886261 0.9911287427 -0.0729598328 0.0794031695 0.0820313022 0.9934616089
-45.2 -1.8 1866.6 0.9926645756 -0.0853391364 -0.0856406093 0.0975236818 0.9838642478 0.1500010192 0.0714577734 -0.1572526842 0.9849697351
-203.3 176.9 1825.6 0.1084441394 -0.7663419843 -0.6332138777 0.9894577265 0.0217048917 0.1431862414 -0.0959857926 -0.6420660615 0.7606167793
-230.9 -75.2 1850.1 -0.0946687162 -0.7820042968 -0.6160414815 0.9425144792 0.1288046688 -0.3083435893 0.3204750419 -0.6098185182 0.7248566151
79.5 204.7 1845.9 0.5259575248 0.7069997787 0.4727789760 -0.2137470692 0.6479135752 -0.7311088443 -0.8232137561 0.2834770977 0.4918941557
185.2 161.7 1680.5 -0.6737903357 0.7069997787 0.2148437202 0.7388757467 0.6479135752 0.1851232797 -0.0083180424 0.2834770977 -0.9589429498
-120.9 -194.5 1890.4 0.9828508496 0.0984608606 -0.1559154838 -0.1280967295 0.9727641940 -0.1931866556 0.1326476783 0.2098459303 0.9686946273
-159.3 -574.1 1808.5 0.9910217524 -0.0003854037 -0.1337000579 0.0004410565 0.9999998212 0.0003866332 0.1336998791 -0.0004421312 0.9910217524
58.4 -178.4 1903.5 0.9133141041 0.0308210794 -0.4060879052 -0.1045429111 0.9814622402 -0.1606321931 0.3936090767 0.1891612560 0.8996053934
46.4 -562.1 1829.6 0.9183462858 0.0000000000 -0.3957777917 0.0000000000 1.0000000000 0.0000000000 0.3957777917 0.0000000000 0.9183462858
-204.3 -340.5 1759.9 0 0 0 0 0 0 0 0 0
15.0 348.4 1678.4 0 0 0 0 0 0 0 0 0
-159.2 -950.8 1808.7 0 0 0 0 0 0 0 0 0
46.4 -938.8 1829.6 0 0 0 0 0 0 0 0 0
-33.9 462.3 1856.0 59 0.9907433391 0.1069635823 -0.0835848153 -0.1127493903 0.9913032651 -0.0678635463 0.0755989701 0.0766594931 0.9941871762
-63.4 188.9 1834.9 0.9907433391 0.1069635823 -0.0835848153 -0.1127493903 0.9913032651 -0.0678635463 0.0755989701 0.0766594931 0.9941871762
-45.3 -3.2 1868.1 0.9923316240 -0.0925703943 -0.0819065794 0.1049116552 0.9811771512 0.1621261686 0.0653567836 -0.1694758683 0.9833648205
-204.8 174.0 1825.6 0.0946573019 -0.7680477500 -0.6333582401 0.9925103188 0.0234577414 0.1198874190 -0.0772221088 -0.6399627924 0.7645157576
-229.6 -85.8 1845.8 -0.1490314007 -0.7810307145 -0.6064492464 0.9331005216 0.0919097438 -0.3476723135 0.3272813559 -0.6176921725 0.7150827050
78.0 203.8 1844.2 0.5301433802 0.7123872638 0.4598395228 -0.2141400874 0.6372312307 -0.7403244972 -0.8204218745 0.2940080762 0.4903745949
184.6 160.8 1679.2 -0.6683957577 0.7123872638 0.2138960063 0.7437680364 0.6372312307 0.2018550485 0.0074977446 0.2940080762 -0.9557735324
-118.1 -203.2 1891.0 0.9813760519 0.1186184362 -0.1510985196 -0.1468246430 0.9703839421 -0.1918269098 0.1238693669 0.2104393244 0.9697276354
-164.5 -582.5 1808.7 0.9921317697 -0.0001927008 -0.1251977533 0.0002188614 0.9999999404 0.0001951993 0.1251977086 -0.0002210644 0.9921317697
61.2 -185.6 1903.8 0.9150853157 0.0417326614 -0.4010950923 -0.1161566898 0.9797533751 -0.1630674750 0.3861690164 0.1958105266 0.9014053941
44.9 -568.9 1827.2 0.9213218093 0.0000000000 -0.3888008595 0.0000000000 1.0000000000 0.0000000000 0.3888008595 0.0000000000 0.9213218093
-187.7 -348.1 1753.8 0 0 0 0 0 0 0 0 0
15.4 349.1 1681.1 0 0 0 0 0 0 0 0 0
-164.4 -959.2 1808.8 0 0 0 0 0 0 0 0 0
44.9 -945.6 1827.2 0 0 0 0 0 0 0 0 0
-34.4 466.7 1854.7 60 0.9907343984 0.1116954237 -0.0772625953 -0.1168944016 0.9909225702 -0.0663942099 0.0691453218 0.0748105943 0.9947976470
-65.7 188.7 1833.7 0.9907343984 0.1116954237 -0.0772625953 -0.1168944016 0.9909225702 -0.0663942099 0.0691453218 0.0748105943 0.9947976470
-45.0 -2.5 1870.0 0.9914102554 -0.1060398147 -0.0765592009 0.1182529107 0.9768375158 0.1783387959 0.0558748879 -0.1858602613 0.9809862375
-207.0 171.9 1825.7 0.0774737597 -0.7716258764 -0.6313409209 0.9950675368 0.0204943046 0.0970595926 -0.0619548000 -0.6357464194 0.7694076300
-227.4 -90.8 1842.1 -0.1838534623 -0.7805175781 -0.5974866152 0.9284997582 0.0616052374 -0.3661870658 0.3226237297 -0.6220909357 0.7133840322
75.5 205.6 1841.6 0.5368359685 0.7169502974 0.4447352588 -0.2265573591 0.6302748322 -0.7425802350 -0.8126985431 0.2978857160 0.5007845759
183.5 160.0 1678.2 -0.6641858220 0.7169502974 0.2117533982 0.7473683357 0.6302748322 0.2102241963 0.0172574520 0.2978857160 -0.9544455409
-116.8 -204.8 1895.4 0.9822916985 0.1180836484 -0.1454621106 -0.1474251598 0.9662733078 -0.2111439407 0.1156235039 0.2288497239 0.9665707350
-163.0 -582.8 1805.8 0.9931452870 -0.0000963502 -0.1168862730 0.0001086094 1.0000000000 0.0000985122 0.1168862581 -0.0001105319 0.9931452870
62.5 -185.8 1907.1 0.9184012413 0.0473417230 -0.3928078115 -0.1211828366 0.9787582159 -0.1653693318 0.3766350150 0.1994769573 0.9046297669
44.0 -569.0 1829.0 0.9252198935 0.0000000000 -0.3794313371 0.0000000000 1.0000000000 0.0000000000 0.3794313371 0.0000000000 0.9252198935
-175.7 -351.9 1751.3 0 0 0 0 0 0 0 0 0
15.5 349.1 1682.6 0 0 0 0 0 0 0 0 0
-163.0 -959.5 1805.9 0 0 0 0 0 0 0 0 0
44.0 -945.7 1829.0 0 0 0 0 0 0 0 0 0
-34.5 471.6 1858.5 61 0.9961789250 0.0871553868 -0.0056081456 -0.0872950852 0.9956180453 -0.0335310474 0.0026611593 0.0338924862 0.9994219542
-55.4 233.1 1850.3 0.9961789250 0.0871553868 -0.0056081456 -0.0872950852 0.9956180453 -0.0335310474 0.0026611593 0.0338924862 0.9994219542
-50.0 39.7 1870.6 0.9995324016 -0.0305254869 -0.0017661229 0.0305470936 0.9943686724 0.1014784351 -0.0013415014 -0.1014849395 0.9948361516
-197.1 228.4 1851.1 0.0858090967 -0.8091635108 -0.5812841058 0.9956091046 0.0915471762 0.0195355136 0.0374074914 -0.5804080367 0.8134661317
-224.9 -94.7 1838.9 -0.2008640021 -0.7984754443 -0.5675302744 0.9252722263 0.0356428511 -0.3776253462 0.3217529655 -0.6009713411 0.7316477895
86.2 237.7 1849.6 0.4612564445 0.7464892864 0.4795792699 -0.3660744429 0.6524763107 -0.6635240316 -0.8082277179 0.1304930001 0.5742295384
182.9 161.0 1680.2 -0.6591253281 0.7464892864 0.0911459848 0.7519570589 0.6524763107 0.0939959884 0.0106963953 0.1304930001 -0.9913915396
-125.7 -178.9 1894.4 0.9911596775 0.0922990218 -0.0953070000 -0.1110996604 0.9700628519 -0.2159511149 0.0725217089 0.2246306092 0.9717415571
-163.8 -579.5 1801.6 0.9973343015 -0.0000481750 -0.0729677081 0.0000520792 1.0000000000 0.0000516033 0.0729677081 -0.0000552659 0.9973343015
56.0 -169.6 1901.3 0.9373532534 0.0301664174 -0.3470718563 -0.0920945555 0.9822605252 -0.1633490324 0.3359872997 0.1850791723 0.9235032201
43.8 -564.8 1826.9 0.9413537383 0.0000000000 -0.3374212682 0.0000000000 1.0000000000 0.0000000000 0.3374212682 0.0000000000 0.9413537383
-168.4 -355.2 1748.4 0 0 0 0 0 0 0 0 0
15.6 352.0 1682.9 0 0 0 0 0 0 0 0 0
-163.8 -956.2 1801.6 0 0 0 0 0 0 0 0 0
43.8 -941.4 1826.9 0 0 0 0 0 0 0 0 0
-37.2 474.0 1863.4 62 0.9971171021 0.0715809017 0.0251737423 -0.0711957291 0.9973359704 -0.0158789698 -0.0262433086 0.0140409302 0.9995569587
-52.9 255.8 1860.3 0.9971171021 0.0715809017 0.0251737423 -0.0711957291 0.9973359704 -0.0158789698 -0.0262433086 0.0140409302 0.9995569587
-55.3 61.3 1871.3 0.9995563626 0.0100303767 0.0280447118 -0.0115436893 0.9984562993 0.0543302074 -0.0274564680 -0.0546298437 0.9981291294
-194.8 257.1 1864.6 0.1142545640 -0.8234049678 -0.5558328629 0.9926514626 0.1170714945 0.0306166019 0.0398623198 -0.5552463531 0.8307300806
-228.5 -36.3 1852.8 -0.1747536659 -0.8118229508 -0.5571397543 0.9349267483 0.0406636186 -0.3525031805 0.3088254929 -0.5824860334 0.7518888116
89.0 254.4 1856.0 0.4330517650 0.7435838580 0.5094597340 -0.4226903617 0.6667344570 -0.6138387918 -0.7961149216 0.0504802316 0.6030362844
183.6 162.0 1682.1 -0.6679013968 0.7435838580 0.0314771980 0.7441937327 0.6667344570 0.0405076258 0.0091338838 0.0504802316 -0.9986832738
-140.5 -143.9 1887.8 0.9964247942 0.0432684273 -0.0725637302 -0.0558674075 0.9817560315 -0.1817523539 0.0633757412 0.1851565093 0.9806633592
-157.8 -538.1 1813.5 0.9979835153 -0.0000240875 -0.0634734258 0.0000257929 1.0000000000 0.0000260483 0.0634734258 -0.0000276329 0.9979835153
40.5 -144.0 1885.4 0.9442527890 -0.0251958650 -0.3282557428 -0.0158485081 0.9924323559 -0.1217653900 0.3288396299 0.1201796755 0.9367077351
50.4 -536.6 1837.8 0.9443714023 0.0000000000 -0.3288809359 0.0000000000 1.0000000000 0.0000000000 0.3288809359 0.0000000000 0.9443714023
-179.3 -299.5 1765.9 0 0 0 0 0 0 0 0 0
14.7 350.2 1684.4 0 0 0 0 0 0 0 0 0
-157.8 -914.8 1813.5 0 0 0 0 0 0 0 0 0
50.4 -913.2 1837.8 0 0 0 0 0 0 0 0 0
-37.9 475.9 1858.3 63 0.9979542494 0.0627700537 0.0121354982 -0.0629696101 0.9978735447 0.0168273598 -0.0110534383 -0.0175571013 0.9997847676
-51.0 266.9 1862.0 0.9979542494 0.0627700537 0.0121354982 -0.0629696101 0.9978735447 0.0168273598 -0.0110534383 -0.0175571013 0.9997847676
-57.3 72.0 1871.9 0.9994203448 0.0311733969 0.0136837317 -0.0318178944 0.9982560277 0.0497245453 -0.0121097844 -0.0501311049 0.9986692071
-193.1 271.4 1863.9 0.1378330737 -0.8149036169 -0.5629690289 0.9904446602 0.1160556078 0.0745012462 0.0046243714 -0.5678583980 0.8231132627
-231.8 -6.9 1862.6 -0.1406302005 -0.8095433712 -0.5699672103 0.9380217195 0.0752419829 -0.3383103907 0.3167623878 -0.5822182894 0.7487879992
91.1 262.5 1860.1 0.4163866639 0.7452572584 0.5207818747 -0.4438472986 0.6665273309 -0.5989498496 -0.7934870720 0.0182471145 0.6083135009
183.9 163.6 1683.2 -0.6665839553 0.7452572584 0.0160445608 0.7454209328 0.6665273309 0.0094319144 -0.0036649355 0.0182471145 -0.9998267889
-150.2 -125.9 1884.5 0.9959273338 0.0067397556 -0.0899072140 -0.0193132665 0.9900020361 -0.1397244781 0.0880666152 0.1408918202 0.9861002564
-152.9 -518.3 1828.7 0.9961481094 -0.0000553281 -0.0876866356 0.0017906788 0.9998040795 0.0197118297 0.0876683667 -0.0197929200 0.9959530830
30.0 -130.7 1877.0 0.9360014796 -0.0678233877 -0.3454000652 0.0307811610 0.9932733774 -0.1116269231 0.3506475985 0.0938511491 0.9317930341
56.6 -521.2 1840.1 0.9364452362 0.0000000000 -0.3508138359 0.0000000000 1.0000000000 0.0000000000 0.3508138359 0.0000000000 0.9364452362
-192.3 -270.9 1773.5 0 0 0 0 0 0 0 0 0
15.2 352.2 1682.3 0 0 0 0 0 0 0 0 0
-152.8 -894.8 1836.1 0 0 0 0 0 0 0 0 0
56.6 -897.9 1840.1 0 0 0 0 0 0 0 0 0
-38.2 476.1 1851.8 64 0.9952118993 0.0409600772 -0.0887444168 -0.0380211547 0.9986791611 0.0345584750 0.0900427178 -0.0310188420 0.9954547286
-47.9 240.0 1859.1 0.9952118993 0.0409600772 -0.0887444168 -0.0380211547 0.9986791611 0.0345584750 0.0900427178 -0.0310188420 0.9954547286
-53.4 44.7 1866.3 0.9956699014 0.0281242002 -0.0886031613 -0.0247779489 0.9989458323 0.0386430472 0.0895965621 -0.0362803154 0.9953171611
-188.9 243.6 1846.5 0.1855663359 -0.7587767243 -0.6243580580 0.9785355330 0.0847386941 0.1878497452 -0.0896287337 -0.6458151340 0.7582146525
-233.7 7.3 1868.2 -0.1079192683 -0.7641107440 -0.6359938383 0.9423077106 0.1252846420 -0.3104189038 0.3168746829 -0.6328021288 0.7065068483
93.1 236.5 1871.7 0.3977886438 0.7534754872 0.5234872699 -0.3336594105 0.6503090262 -0.6824731231 -0.8546552658 0.0968135968 0.5100897551
180.5 163.2 1684.1 -0.6535195708 0.7534754872 0.0720200986 0.7569071651 0.6503090262 0.0647280812 0.0019356981 0.0968135968 -0.9953006506
-151.9 -129.4 1876.8 0.9819821715 0.0062672766 -0.1888697445 -0.0346943922 0.9884405732 -0.1475855261 0.1857615560 0.1514790803 0.9708484411
-154.3 -505.7 1819.2 0.9826380014 -0.0000276627 -0.1855331510 0.0018632128 0.9999510050 0.0097190300 0.1855238080 -0.0098959766 0.9825899601
26.9 -131.1 1879.5 0.8957024813 -0.0823285505 -0.4369657040 0.0261583179 0.9907641411 -0.1330495775 0.4438837469 0.1077425554 0.8895834684
58.6 -512.8 1837.9 0.8960090876 0.0000000000 -0.4440356791 0.0000000000 1.0000000000 0.0000000000 0.4440356791 0.0000000000 0.8960090876
-203.3 -257.9 1779.0 0 0 0 0 0 0 0 0 0
14.9 354.9 1684.6 0 0 0 0 0 0 0 0 0
-154.3 -882.3 1822.9 0 0 0 0 0 0 0 0 0
58.6 -889.5 1837.9 0 0 0 0 0 0 0 0 0
-37.4 476.1 1848.5 65 0.9886265397 0.0333845802 -0.1466392130 -0.0295085311 0.9991573095 0.0285294112 0.1474680901 -0.0238778256 0.9887785316
-45.7 227.5 1854.5 0.9886265397 0.0333845802 -0.1466392130 -0.0295085311 0.9991573095 0.0285294112 0.1474680901 -0.0238778256 0.9887785316
-49.4 32.7 1870.0 0.9892290235 0.0175692774 -0.1453178674 -0.0059086569 0.9967542291 0.0802876949 0.1462568045 -0.0785642862 0.9861220121
-186.0 228.2 1833.8 0.1899105012 -0.8700284362 -0.4549554884 0.9723924994 0.1026782095 0.2095470577 -0.1355978847 -0.4821904898 0.8655088544
-234.0 -17.4 1868.1 -0.0684454218 -0.8700284362 -0.4882271290 0.9434419870 0.1026782095 -0.3152370155 0.3243954480 -0.4821904898 0.8137935400
94.5 226.9 1875.1 0.3892365992 0.7481299639 0.5373978019 -0.2926599085 0.6536174417 -0.6979501247 -0.8734099865 0.1143929362 0.4733594954
180.1 162.5 1683.1 -0.6588730216 0.7481299639 0.0786627308 0.7521694303 0.6536174417 0.0838177279 0.0112912217 0.1143929362 -0.9933714271
-147.4 -153.1 1862.4 0.9698636532 0.0303727183 -0.2417478114 -0.0599550828 0.9914415479 -0.1159699410 0.2361565083 0.1269690394 0.9633841515
-159.1 -535.7 1813.4 0.9716804028 -0.0000138305 -0.2362989932 0.0011825718 0.9999877810 0.0048043006 0.2362960279 -0.0049476856 0.9716685414
30.8 -155.6 1880.9 0.8734375238 -0.0745405927 -0.4811970294 0.0054389113 0.9896454811 -0.1434302628 0.4869058430 0.1226601824 0.8647989035
59.7 -540.0 1833.3 0.8734504580 0.0000000000 -0.4869130254 0.0000000000 1.0000000000 0.0000000000 0.4869130254 0.0000000000 0.8734504580
-214.8 -282.9 1776.8 0 0 0 0 0 0 0 0 0
13.8 352.4 1686.0 0 0 0 0 0 0 0 0 0
-159.1 -912.4 1815.3 0 0 0 0 0 0 0 0 0
59.7 -916.7 1833.3 0 0 0 0 0 0 0 0 0
-37.9 477.1 1850.9 66 0.9939758778 0.0276899487 -0.1060437560 -0.0239280928 0.9990440607 0.0365842693 0.1069554016 -0.0338264555 0.9936882257
-44.1 253.0 1858.5 0.9939758778 0.0276899487 -0.1060437560 -0.0239280928 0.9990440607 0.0365842693 0.1069554016 -0.0338264555 0.9936882257
-48.0 57.7 1870.2 0.9942387938 0.0191128161 -0.1054697409 -0.0127069438 0.9980521202 0.0610777028 0.1064316705 -0.0593856238 0.9925450087
-185.3 254.7 1843.4 0.1598589718 -0.8890535831 -0.4289858639 0.9842429161 0.1102830693 0.1382155269 -0.0755711272 -0.4443213046 0.8926743865
-231.9 -31.9 1865.4 -0.0292421449 -0.8891932964 -0.4565962553 0.9519476295 0.1145441607 -0.2840340734 0.3048616350 -0.4429614842 0.8431159258
97.2 251.3 1873.6 0.3686981499 0.7476342916 0.5523627996 -0.3978102803 0.6639690995 -0.6331602931 -0.8401241899 0.0137094362 0.5422207713
181.1 160.8 1682.3 -0.6640411615 0.7476342916 0.0096054981 0.7476953864 0.6639690995 0.0098298881 0.0009714074 0.0137094362 -0.9999055266
-142.2 -156.9 1870.0 0.9783635736 0.0375920497 -0.2034492195 -0.0648685992 0.9895061851 -0.1291108727 0.1964607090 0.1395148486 0.9705353379
-157.1 -548.5 1814.8 0.9804596305 -0.0000069150 -0.1967202872 0.0004934155 0.9999969602 0.0024240462 0.1967196763 -0.0024737443 0.9804566503
35.8 -157.0 1894.5 0.8932630420 -0.0503965393 -0.4467004240 -0.0261253770 0.9861965179 -0.1635049433 0.4487744868 0.1577231437 0.8796163201
55.7 -547.4 1832.1 0.8935680985 0.0000000000 -0.4489277303 0.0000000000 1.0000000000 0.0000000000 0.4489277303 0.0000000000 0.8935680985
-223.6 -299.6 1779.7 0 0 0 0 0 0 0 0 0
14.2 348.7 1682.5 0 0 0 0 0 0 0 0 0
-157.1 -925.2 1815.7 0 0 0 0 0 0 0 0 0
55.7 -924.0 1832.1 0 0 0 0 0 0 0 0 0
-38.3 478.5 1852.1 67 0.9964956045 0.0280682258 -0.0787955672 -0.0247382075 0.9987720251 0.0429242961 0.0799036175 -0.0408246107 0.9959662557
-44.3 266.6 1860.8 0.9964956045 0.0280682258 -0.0787955672 -0.0247382075 0.9987720251 0.0429242961 0.0799036175 -0.0408246107 0.9959662557
-49.0 71.1 1871.0 0.9966381788 0.0233829357 -0.0785208791 -0.0192018989 0.9983785748 0.0535867028 0.0796465799 -0.0518988073 0.9954712391
-186.0 269.2 1849.5 0.1476384997 -0.9020438194 -0.4056104124 0.9866324663 0.1057185903 0.1240158752 -0.0689871907 -0.4184979200 0.9055938721
-227.5 -8.0 1868.8 -0.0044006221 -0.9021841288 -0.4313287139 0.9588805437 0.1185960844 -0.2578431964 0.2837759256 -0.4147273898 0.8645648956
97.5 263.9 1872.0 0.3490827084 0.7529983521 0.5577945709 -0.4548653960 0.6565706134 -0.6016747355 -0.8192915916 -0.0436872020 0.5717103481
178.2 158.7 1682.6 -0.6574675441 0.7529983521 -0.0270178597 0.7534293532 0.6565706134 -0.0354864001 -0.0089820661 -0.0436872020 -0.9990049005
-141.6 -134.0 1871.1 0.9836402535 0.0295057762 -0.1777111143 -0.0521272682 0.9909116030 -0.1240038499 0.1724371761 0.1312387735 0.9762386084
-153.2 -524.2 1819.5 0.9849904180 -0.0000034574 -0.1726091951 0.0002168963 0.9999992251 0.0012176834 0.1726090610 -0.0012368447 0.9849896431
37.6 -135.8 1889.4 0.9040054083 -0.0395800844 -0.4256848693 -0.0157037769 0.9919590354 -0.1255814433 0.4272324741 0.1202111691 0.8961147666
53.1 -526.1 1842.1 0.9041169286 0.0000000000 -0.4272851348 0.0000000000 1.0000000000 0.0000000000 0.4272851348 0.0000000000 0.9041169286
-226.3 -277.8 1789.0 0 0 0 0 0 0 0 0 0
14.5 346.3 1680.3 0 0 0 0 0 0 0 0 0
-153.2 -900.8 1819.9 0 0 0 0 0 0 0 0 0
53.1 -902.7 1842.1 0 0 0 0 0 0 0 0 0
-39.2 474.9 1853.2 68 0.9971899390 0.0254516229 -0.0704587847 -0.0221167598 0.9986162186 0.0477128960 0.0715756565 -0.0460205004 0.9963729382
-44.5 269.3 1862.7 0.9971899390 0.0254516229 -0.0704587847 -0.0221167598 0.9986162186 0.0477128960 0.0715756565 -0.0460205004 0.9963729382
-49.0 73.8 1872.2 0.9972640276 0.0225236341 -0.0704067945 -0.0190318748 0.9985740185 0.0498774648 0.0714298114 -0.0484010279 0.9962705970
-186.5 272.0 1852.5 0.1535462439 -0.9045402408 -0.3977819681 0.9858800769 0.1130148247 0.1235644668 -0.0668137744 -0.4111381769 0.9091211557
-228.2 3.9 1870.7 0.0053420980 -0.9045296907 -0.4263771772 0.9613866210 0.1219664440 -0.2466981262 0.2751494944 -0.4085954130 0.8702542782
97.5 266.6 1872.8 0.3542261720 0.7485905290 0.5604783893 -0.4643013775 0.6610348821 -0.5894548893 -0.8117561340 -0.0514305495 0.5817275047
179.6 159.0 1684.6 -0.6626114249 0.7485905290 -0.0236283708 0.7486252785 0.6610348821 -0.0509223789 -0.0225008335 -0.0514305495 -0.9984230399
-142.5 -125.8 1873.8 0.9853841066 0.0155186839 -0.1696388572 -0.0373344459 0.9913045764 -0.1261799783 0.1662056297 0.1306691170 0.9773951173
-148.6 -516.4 1822.3 0.9860683680 -0.0033185896 -0.1663073897 0.0034303993 0.9999940395 0.0003850611 0.1663051248 -0.0009501973 0.9860739112
36.2 -124.6 1887.3 0.9071696997 -0.0471548885 -0.4181142747 -0.0098764291 0.9910402298 -0.1331980079 0.4206490219 0.1249626726 0.8985759616
54.7 -513.6 1838.2 0.9072139263 0.0000000000 -0.4206695259 0.0000000000 1.0000000000 0.0000000000 0.4206695259 0.0000000000 0.9072139263
-229.7 -266.8 1793.2 0 0 0 0 0 0 0 0 0
14.8 345.2 1679.0 0 0 0 0 0 0 0 0 0
-147.4 -893.0 1822.7 0 0 0 0 0 0 0 0 0
54.7 -890.3 1838.2 0 0 0 0 0 0 0 0 0
-39.1 474.3 1858.2 69 0.9884456992 0.0335814916 -0.1478086710 -0.0338904858 0.9994254708 0.0004282188 0.1477381289 0.0045860363 0.9890158772
-47.0 239.4 1857.2 0.9884456992 0.0335814916 -0.1478086710 -0.0338904858 0.9994254708 0.0004282188 0.1477381289 0.0045860363 0.9890158772
-41.3 44.3 1868.8 0.9885869622 -0.0296458416 -0.1477057785 0.0377902798 0.9978981614 0.0526414365 0.1458347291 -0.0576224774 0.9876294136
-187.2 234.0 1836.5 0.1810499281 -0.8720495701 -0.4546981752 0.9713749290 0.0862641484 0.2213352621 -0.1537911892 -0.4817551076 0.8627052307
-229.8 5.7 1872.6 0.0042643910 -0.8732253313 -0.4872980118 0.9593071342 0.1411549002 -0.2445509285 0.2823325694 -0.4664255679 0.8382931948
93.2 244.8 1877.8 0.3692019880 0.7472752333 0.5525121093 -0.3723228276 0.6636532545 -0.6487989426 -0.8515078425 0.0338249952 0.5232496858
176.7 160.6 1685.3 -0.6637699008 0.7472752333 0.0314530395 0.7478793263 0.6636532545 0.0155203138 -0.0092759645 0.0338249952 -0.9993847013
-124.1 -157.1 1866.7 0.9701327085 0.0596770830 -0.2351194024 -0.0852930546 0.9912921786 -0.1003241614 0.2270849645 0.1173818037 0.9667750001
-147.5 -546.2 1820.6 0.9716536403 0.0504682325 -0.2309591472 -0.0609718375 0.9973942041 -0.0385643430 0.2284110337 0.0515531860 0.9721989036
39.7 -127.4 1888.6 0.8780773878 -0.0435841419 -0.4765297174 -0.0312512964 0.9884943366 -0.1479944140 0.4774971008 0.1448427141 0.8666124344
56.6 -510.5 1832.5 0.8785064816 0.0000000000 -0.4777304530 0.0000000000 1.0000000000 0.0000000000 0.4777304530 0.0000000000 0.8785064816
-231.0 -264.4 1793.1 0 0 0 0 0 0 0 0 0
10.1 348.3 1682.9 0 0 0 0 0 0 0 0 0
-166.4 -920.8 1801.2 0 0 0 0 0 0 0 0 0
56.6 -887.1 1832.5 0 0 0 0 0 0 0 0 0
-37.7 472.1 1855.8 70 0.9785914421 0.0318846889 -0.2033276260 -0.0340617374 0.9993937016 -0.0072157858 0.2029742748 0.0139869992 0.9790841937
-45.7 220.7 1852.2 0.9785914421 0.0318846889 -0.2033276260 -0.0340617374 0.9993937016 -0.0072157858 0.2029742748 0.0139869992 0.9790841937
-38.7 26.2 1871.0 0.9783385992 -0.0374956392 -0.2035870850 0.0558146350 0.9948166609 0.0849971473 0.1993447989 -0.0945191309 0.9753603339
-184.6 212.6 1824.0 0.1869755983 -0.8427314758 -0.5048205256 0.9669823647 0.0673046038 0.2457950711 -0.1731625050 -0.5341102481 0.8274908066
-230.9 -26.8 1866.9 -0.0031313701 -0.8464003205 -0.5325379968 0.9561672211 0.1533967853 -0.2494267076 0.2928044498 -0.5099763870 0.8088198900
93.1 228.8 1880.5 0.3673649430 0.7433091402 0.5590478182 -0.2947297096 0.6631358862 -0.6880299449 -0.8821436167 0.0879900753 0.4626881778
174.5 163.5 1685.0 -0.6662372947 0.7433091402 0.0601613373 0.7456945181 0.6631358862 0.0647338405 0.0082221115 0.0879900753 -0.9960874319
-114.9 -172.8 1863.1 0.9511574507 0.1107092947 -0.2881716788 -0.1368864626 0.9879470468 -0.0722682327 0.2766976058 0.1081852764 0.9548478127
-158.2 -559.7 1820.8 0.9591944218 0.0252147038 -0.2816208005 -0.0314437188 0.9993501902 -0.0176205765 0.2809935212 0.0257567652 0.9593639970
54.8 -149.4 1893.9 0.8520656228 0.0271838121 -0.5227286220 -0.1108376905 0.9853749871 -0.1294261217 0.5115653872 0.1682175845 0.8426171541
44.2 -532.3 1828.5 0.8573481441 0.0000000000 -0.5147369504 0.0000000000 1.0000000000 0.0000000000 0.5147369504 0.0000000000 0.8573481441
-230.0 -296.1 1784.4 0 0 0 0 0 0 0 0 0
6.0 352.1 1687.1 0 0 0 0 0 0 0 0 0
-167.7 -935.3 1811.1 0 0 0 0 0 0 0 0 0
44.2 -909.0 1828.5 0 0 0 0 0 0 0 0 0
-37.6 465.2 1854.5 71 0.9715210199 0.0376755707 -0.2339390069 -0.0431943238 0.9988952279 -0.0185101572 0.2329831719 0.0280878432 0.9720750451
-47.2 211.1 1847.4 0.9715210199 0.0376755707 -0.2339390069 -0.0431943238 0.9988952279 -0.0185101572 0.2329831719 0.0280878432 0.9720750451
-40.4 17.3 1872.7 0.9716147184 -0.0359493233 -0.2338215411 0.0647989661 0.9910279512 0.1168961897 0.2275213450 -0.1287294477 0.9652267694
-185.3 201.8 1815.1 0.1793794036 -0.9256410003 -0.3331842422 0.9653131366 0.1002971157 0.2410623133 -0.1897197366 -0.3648687303 0.9115246534
-230.9 -43.8 1863.3 -0.0118251890 -0.9256410003 -0.3782180250 0.9560955763 0.1002971157 -0.2753573954 0.2928162813 -0.3648687303 0.8838152885
91.0 220.5 1879.7 0.3703118861 0.7425500751 0.5581115484 -0.2457901984 0.6577383280 -0.7120164633 -0.8957992196 0.1264898330 0.4260798395
171.6 167.0 1684.6 -0.6654621959 0.7425500751 0.0760227963 0.7459113002 0.6577383280 0.1048648059 0.0278642625 0.1264898330 -0.9915764928
-114.8 -182.8 1869.6 0.9393061399 0.1151029393 -0.3231954873 -0.1522393376 0.9840530157 -0.0919937119 0.3074527383 0.1356133223 0.9418502450
-159.9 -568.0 1816.5 0.9499061108 0.0125963418 -0.3122815490 -0.0159841068 0.9998378754 -0.0082909185 0.3121264875 0.0128671359 0.9499534369
57.3 -164.3 1907.8 0.8344547749 0.0350112431 -0.5499631166 -0.1451517493 0.9767026901 -0.1580596715 0.5316165686 0.2117217630 0.8200961351
43.6 -544.9 1825.2 0.8433867097 0.0000000000 -0.5373070240 0.0000000000 1.0000000000 0.0000000000 0.5373070240 0.0000000000 0.8433867097
-227.6 -313.1 1780.8 0 0 0 0 0 0 0 0 0
3.7 355.2 1691.6 0 0 0 0 0 0 0 0 0
-164.6 -944.2 1811.7 0 0 0 0 0 0 0 0 0
43.6 -921.6 1825.2 0 0 0 0 0 0 0 0 0
-36.5 460.1 1851.9 72 0.9640104175 0.0440026186 -0.2621977925 -0.0520306863 0.9983630180 -0.0237512998 0.2607234418 0.0365388319 0.9647217989
-47.8 202.5 1842.5 0.9640104175 0.0440026186 -0.2621977925 -0.0520306863 0.9983630180 -0.0237512998 0.2607234418 0.0365388319 0.9647217989
-46.4 9.7 1875.4 0.9658598304 -0.0087082004 -0.2589189112 0.0519295149 0.9856582284 0.1605650187 0.2538073361 -0.1685288399 0.9524599314
-185.3 194.9 1806.3 0.1777318567 -0.9226978421 -0.3421111405 0.9612372518 0.0883104354 0.2611976862 -0.2107945532 -0.3752731383 0.9026271105
-231.1 -53.0 1860.7 -0.0298971850 -0.9226978421 -0.3843628764 0.9540886879 0.0883104354 -0.2862097919 0.2980284095 -0.3752731383 0.8776953816
89.6 210.0 1878.6 0.3664379418 0.7481423616 0.5531783104 -0.2007139027 0.6440944672 -0.7381438017 -0.9085357189 0.1594533324 0.3861832321
168.1 167.0 1684.0 -0.6566327214 0.7481423616 0.0954803303 0.7532407641 0.6440944672 0.1333068758 0.0382341668 0.1594533324 -0.9864647985
-118.7 -187.1 1876.4 0.9268798232 0.1050000638 -0.3603731096 -0.1546443105 0.9816318154 -0.1117322221 0.3420218229 0.1592919976 0.9260923862
-159.9 -571.4 1814.1 0.9379369020 0.0062946547 -0.3467488885 -0.0081336591 0.9999595284 -0.0038484880 0.3467106223 0.0064299759 0.9379500747
54.4 -171.1 1918.5 0.8142055273 0.0221668817 -0.5801534057 -0.1632522643 0.9676938057 -0.1921390593 0.5571517348 0.2511520386 0.7915204167
45.8 -548.9 1820.5 0.8252771497 0.0000000000 -0.5647279024 0.0000000000 1.0000000000 0.0000000000 0.5647279024 0.0000000000 0.8252771497
-222.7 -321.7 1776.8 0 0 0 0 0 0 0 0 0
2.4 357.0 1693.6 0 0 0 0 0 0 0 0 0
-162.2 -947.8 1811.6 0 0 0 0 0 0 0 0 0
45.8 -925.6 1820.5 0 0 0 0 0 0 0 0 0
-36.2 458.8 1852.6 73 0.9635889530 0.0428414643 -0.2639335692 -0.0536480956 0.9979853034 -0.0338705033 0.2619507611 0.0467967764 0.9639459848
-47.4 197.7 1840.3 0.9635889530 0.0428414643 -0.2639335692 -0.0536480956 0.9979853034 -0.0338705033 0.2619507611 0.0467967764 0.9639459848
-47.6 5.5 1876.9 0.9658177495 0.0006574246 -0.2592211664 0.0478221625 0.9823805690 0.1806693971 0.2547726333 -0.1868902296 0.9487691522
-184.9 190.8 1804.0 0.1797642559 -0.9073812366 -0.3799264729 0.9608812332 0.0792463496 0.2653814554 -0.2106943727 -0.4127703011 0.8861312270
-231.7 -59.1 1858.9 -0.0529823303 -0.9073812366 -0.4169558585 0.9526653886 0.0792463496 -0.2935108840 0.2993685007 -0.4127703011 0.8602320552
90.1 204.6 1876.6 0.3766543865 0.7477299571 0.5468376279 -0.1978594214 0.6416262388 -0.7410582900 -0.9049768448 0.1709259003 0.3896167576
170.4 162.4 1683.7 -0.6528943777 0.7477299571 0.1209496632 0.7573331594 0.6416262388 0.1215000674 0.0132447658 0.1709259003 -0.9851948619
-130.8 -190.1 1884.9 0.9274045229 0.0660027340 -0.3681908548 -0.1279897541 0.9808887839 -0.1465460956 0.3514818549 0.1830321699 0.9181283712
