85.7 483.4 2294.6 7 0.9977276325 -0.0525020771 0.0422265343 0.0507563502 0.9978525043 0.0414031409 -0.0443096012 -0.0391657948 0.9982498288
96.1 285.5 2302.4 0.9977276325 -0.0525020771 0.0422265343 0.0507563502 0.9978525043 0.0414031409 -0.0443096012 -0.0391657948 0.9982498288
104.6 87.0 2308.6 0.9981752634 -0.0427694619 0.0426251218 0.0413761660 0.9985968471 0.0330505818 -0.0439788699 -0.0312266089 0.9985443354
-44.3 279.7 2308.6 0.2095530033 -0.8558251262 -0.4729174674 0.5743846893 0.4991534054 -0.6487897038 0.7913088799 -0.1356807053 0.5961719155
-90.6 152.8 2133.8 -0.5135735273 -0.8558251262 0.0616894923 -0.8512470722 0.4991534054 -0.1619392335 0.1077991426 -0.1356807053 -0.9848706126
236.6 291.3 2296.2 0.2095792443 0.4919485748 0.8450225592 -0.9775694609 0.1238425002 0.1703553647 -0.0208436307 -0.8617712259 0.5068687201
294.6 20.9 2290.4 -0.0380636528 0.4999745190 0.8652032614 -0.9543380737 0.2385379821 -0.1798288524 -0.2962936759 -0.8325413465 0.4680651128
21.9 -115.9 2316.9 0.9941979051 0.1027338356 0.0318792798 -0.1038333103 0.9939789176 0.0349944271 -0.0280922204 -0.0381015167 0.9988788962
-19.0 -511.1 2332.1 0.9964815378 0.0733865723 0.0404838212 -0.0777398795 0.9898182154 0.1192325130 -0.0313215591 -0.1219602078 0.9920406342
205.0 -107.6 2308.6 0.9449068308 0.0384631045 0.3250718415 -0.0161435958 0.9973398447 -0.0710815042 -0.3269411027 0.0619175658 0.9430141449
189.7 -504.1 2284.0 0.9469603896 0.0067062788 0.3212803602 -0.0872669294 0.9675776958 0.2370187789 -0.3092741966 -0.2524845600 0.9168429971
42.2 372.9 2106.0 0 0 0 0 0 0 0 0 0
284.0 -243.8 2208.2 0 0 0 0 0 0 0 0 0
-40.1 -795.7 2367.2 0 0 0 0 0 0 0 0 0
187.1 -873.9 2380.5 0 0 0 0 0 0 0 0 0
85.6 480.1 2292.2 8 0.9962896705 -0.0732342079 0.0452072099 0.0706159472 0.9958721995 0.0570258424 -0.0491968468 -0.0536219068 0.9973486662
100.2 281.8 2302.9 0.9962896705 -0.0732342079 0.0452072099 0.0706159472 0.9958721995 0.0570258424 -0.0491968468 -0.0536219068 0.9973486662
105.8 83.2 2308.9 0.9985069036 -0.0286423024 0.0465145297 0.0271964353 0.9991360307 0.0314251669 -0.0473744310 -0.0301132184 0.9984231591
-40.4 278.0 2309.5 0.2258278877 -0.8512889147 -0.4736126959 0.5845108628 0.5073412657 -0.6332075596 0.7793258429 -0.1338358372 0.6121594310
-90.4 148.4 2136.8 -0.5202381611 -0.8512889147 0.0682605058 -0.8493182063 0.5073412657 -0.1458196491 0.0895032734 -0.1338358372 -0.9869534373
240.7 285.6 2296.2 0.2021711767 0.4902891517 0.8477873206 -0.9791250229 0.1197523773 0.1642364264 -0.0210012142 -0.8632936478 0.5042648315
295.2 21.5 2290.5 -0.0263906512 0.4976218939 0.8669924736 -0.9554374218 0.2425275743 -0.1682847738 -0.2940117717 -0.8327981830 0.4690460861
21.6 -115.4 2318.8 0.9942988753 0.1007581353 0.0348929241 -0.1016643569 0.9944983125 0.0252476055 -0.0321570523 -0.0286510345 0.9990720749
-18.5 -510.8 2330.2 0.9959720373 0.0776734501 0.0447948910 -0.0827138573 0.9887557030 0.1245816648 -0.0346145183 -0.1277850121 0.9911976457
204.7 -107.8 2310.8 0.9442192912 0.0378182195 0.3271386623 -0.0124631301 0.9967762232 -0.0792580545 -0.3290814459 0.0707598180 0.9416466951
189.7 -504.1 2282.6 0.9470424652 0.0114266872 0.3209049404 -0.0994357392 0.9606796503 0.2592433691 -0.3053245544 -0.2774239182 0.9109406471
43.9 367.6 2113.7 0 0 0 0 0 0 0 0 0
287.9 -243.6 2209.0 0 0 0 0 0 0 0 0 0
-40.9 -796.3 2367.1 0 0 0 0 0 0 0 0 0
185.3 -871.2 2388.6 0 0 0 0 0 0 0 0 0
86.8 479.9 2293.0 9 0.9958263636 -0.0751236677 0.0518299341 0.0724132359 0.9960010052 0.0523295328 -0.0555538535 -0.0483579524 0.9972839355
102.0 279.4 2302.7 0.9958263636 -0.0751236677 0.0518299341 0.0724132359 0.9960010052 0.0523295328 -0.0555538535 -0.0483579524 0.9972839355
106.5 80.7 2309.0 0.9983500838 -0.0225911941 0.0527895577 0.0208805464 0.9992459416 0.0327349454 -0.0534892716 -0.0315786600 0.9980689883
-38.5 276.4 2310.2 0.2516473234 -0.8406720757 -0.4795249104 0.5821217895 0.5273008347 -0.6189411283 0.7731803656 -0.1233870238 0.6220673323
-93.8 148.6 2140.5 -0.5377802253 -0.8406720757 0.0637410954 -0.8396884203 0.5273008347 -0.1299124807 0.0756030604 -0.1233870238 -0.9894745350
242.5 282.3 2295.2 0.1959817708 0.4863697886 0.8514901996 -0.9804600477 0.1122501642 0.1615487784 -0.0170074683 -0.8665127158 0.4988651276
295.8 15.3 2290.6 -0.0325840861 0.4956002831 0.8679392934 -0.9530912042 0.2460540682 -0.1762796938 -0.3009242713 -0.8329692483 0.4643348157
19.9 -117.9 2319.2 0.9943901300 0.0975054502 0.0409994833 -0.0985903293 0.9948058128 0.0253236350 -0.0383173339 -0.0292237252 0.9988381863
-18.8 -513.5 2330.8 0.9958491921 0.0758054703 0.0503773466 -0.0815064013 0.9890661836 0.1229017004 -0.0405099094 -0.1264976412 0.9911394119
203.1 -112.9 2310.5 0.9424455166 0.0316592604 0.3328575492 -0.0098765790 0.9977086782 -0.0669312775 -0.3342138827 0.0597915836 0.9405987859
190.6 -509.6 2286.7 0.9448687434 0.0136854416 0.3271632195 -0.0948688313 0.9677160382 0.2335072160 -0.3134054244 -0.2516712546 0.9156629443
44.5 364.6 2121.1 0 0 0 0 0 0 0 0 0
286.8 -249.1 2207.1 0 0 0 0 0 0 0 0 0
-40.4 -795.3 2366.9 0 0 0 0 0 0 0 0 0
185.3 -879.3 2382.9 0 0 0 0 0 0 0 0 0
88.3 483.8 2293.4 0 0.9962597489 -0.0711948350 0.0489672795 0.0688769221 0.9964937568 0.0474991016 -0.0521772765 -0.0439487286 0.9976702929
103.0 278.6 2302.4 0.9962597489 -0.0711948350 0.0489672795 0.0688769221 0.9964937568 0.0474991016 -0.0521772765 -0.0439487286 0.9976702929
106.9 80.0 2309.2 0.9985741973 -0.0199057944 0.0495308526 0.0181749519 0.9992166758 0.0351531021 -0.0501918010 -0.0342027619 0.9981537461
-37.6 276.1 2309.5 0.2786892653 -0.8330836892 -0.4778115451 0.5791197419 0.5426678061 -0.6083847284 0.7661283016 -0.1071598232 0.6336908937
-98.3 150.0 2142.6 -0.5504796505 -0.8330836892 0.0542560592 -0.8323621154 0.5426678061 -0.1126274690 0.0643850937 -0.1071598232 -0.9921548963
243.5 281.2 2295.4 0.2046172619 0.4872008860 0.8489800096 -0.9786179662 0.1203792989 0.1667803973 -0.0209440570 -0.8649532199 0.5014152527
299.3 14.3 2289.7 -0.0480184071 0.4966326356 0.8666315675 -0.9529582858 0.2371811718 -0.1887208521 -0.2992736101 -0.8349258304 0.4618811309
19.4 -119.8 2320.2 0.9945299625 0.0972958431 0.0379954949 -0.0984769836 0.9946700335 0.0305575728 -0.0348198563 -0.0341321044 0.9988105893
-19.3 -515.3 2333.8 0.9961915612 0.0740746260 0.0459920615 -0.0788863525 0.9903945327 0.1135590747 -0.0371384360 -0.1167547405 0.9924661517
202.5 -116.0 2310.4 0.9435719848 0.0335577987 0.3294629455 -0.0119455643 0.9976541400 -0.0674053878 -0.3309520483 0.0596662126 0.9417593479
189.2 -512.7 2286.7 0.9460831881 0.0039631915 0.3238994777 -0.0867313296 0.9665149450 0.2415087819 -0.3120965362 -0.2565796375 0.9147472978
44.2 365.4 2126.0 0 0 0 0 0 0 0 0 0
286.0 -248.9 2207.0 0 0 0 0 0 0 0 0 0
-40.4 -797.4 2367.0 0 0 0 0 0 0 0 0 0
187.7 -882.0 2384.7 0 0 0 0 0 0 0 0 0
87.3 485.8 2295.6 1 0.9973353744 -0.0580899157 0.0441328883 0.0563141145 0.9975925684 0.0404689237 -0.0463774763 -0.0378757864 0.9982056618
99.1 283.1 2303.3 0.9973353744 -0.0580899157 0.0441328883 0.0563141145 0.9975925684 0.0404689237 -0.0463774763 -0.0378757864 0.9982056618
105.2 84.5 2309.5 0.9985321164 -0.0309021380 0.0444823168 0.0294640921 0.9990331531 0.0326290876 -0.0454476178 -0.0312705599 0.9984771609
-41.5 278.9 2309.7 0.2869632542 -0.8311174512 -0.4763358533 0.6002025008 0.5435392857 -0.5867896080 0.7465983629 -0.1175108999 0.6548145413
-104.1 147.9 2146.7 -0.5536395311 -0.8311174512 0.0522211976 -0.8286033869 0.5435392857 -0.1340949088 0.0830643475 -0.1175108999 -0.9895915985
239.6 287.2 2296.9 0.2177576274 0.4889461100 0.8446971774 -0.9756429791 0.1325507909 0.1747886837 -0.0265030209 -0.8621844053 0.5059008002
300.2 15.7 2289.5 -0.0444114655 0.4963306785 0.8669968247 -0.9549234509 0.2338853776 -0.1828081012 -0.2935111523 -0.8360343575 0.4635706246
19.3 -120.3 2320.6 0.9941229224 0.1031355336 0.0329038948 -0.1040359512 0.9942087531 0.0269352756 -0.0299353562 -0.0302001629 0.9990954995
-21.7 -515.6 2332.6 0.9968287945 0.0676145628 0.0419603996 -0.0720563680 0.9907030463 0.1153923273 -0.0337680951 -0.1180499047 0.9924333692
202.5 -117.0 2311.4 0.9443254471 0.0443292707 0.3260128796 -0.0260258988 0.9978412986 -0.0602941178 -0.3279818892 0.0484524928 0.9434406161
184.9 -513.7 2292.2 0.9452760220 -0.0272357259 0.3251329362 -0.0498650596 0.9727432132 0.2264600247 -0.3224386573 -0.2302800119 0.9181527495
38.8 361.8 2125.2 0 0 0 0 0 0 0 0 0
288.0 -247.5 2208.6 0 0 0 0 0 0 0 0 0
-41.1 -799.3 2366.5 0 0 0 0 0 0 0 0 0
195.3 -885.2 2380.1 0 0 0 0 0 0 0 0 0
88.2 488.0 2295.2 2 0.9979570508 -0.0472586416 0.0429923087 0.0454016477 0.9980347157 0.0431907475 -0.0449489541 -0.0411505885 0.9981414080
97.7 286.6 2303.5 0.9979570508 -0.0472586416 0.0429923087 0.0454016477 0.9980347157 0.0431907475 -0.0449489541 -0.0411505885 0.9981414080
104.1 88.0 2310.3 0.9985441566 -0.0321641676 0.0433017574 0.0306401681 0.9989030361 0.0354102254 -0.0443932004 -0.0340319015 0.9984343052
-42.8 282.3 2309.7 0.3292613029 -0.8147732615 -0.4772122204 0.6040505171 0.5702039003 -0.5567678809 0.7257478833 -0.1049381718 0.6799103022
-115.7 148.6 2149.2 -0.5784137249 -0.8147732615 0.0397755094 -0.8118454814 0.5702039003 -0.1255962700 0.0796523318 -0.1049381718 -0.9912837744
238.2 290.9 2297.2 0.2262904197 0.4893347323 0.8422257304 -0.9738240242 0.1326789707 0.1845617145 -0.0214331858 -0.8619441986 0.5065498948
300.5 23.0 2291.3 -0.0409479290 0.4966083467 0.8670083284 -0.9546682239 0.2366139442 -0.1806166619 -0.2948420048 -0.8351011872 0.4644073546
19.7 -116.8 2319.9 0.9939718246 0.1049197018 0.0318101645 -0.1058885157 0.9939109683 0.0304733198 -0.0284192190 -0.0336579531 0.9990292788
-22.0 -512.0 2333.3 0.9968726635 0.0677316934 0.0407107435 -0.0720381811 0.9906577468 0.1157915369 -0.0324876569 -0.1183621436 0.9924389124
203.0 -111.4 2311.6 0.9451429844 0.0360062830 0.3246664703 -0.0152987065 0.9976950288 -0.0661103874 -0.3262985349 0.0575167872 0.9435153008
188.6 -508.0 2288.7 0.9471759796 0.0067859930 0.3206424713 -0.0862378851 0.9683433175 0.2342524678 -0.3089023530 -0.2495298386 0.9177767634
34.5 359.4 2128.5 0 0 0 0 0 0 0 0 0
289.2 -239.9 2210.2 0 0 0 0 0 0 0 0 0
-41.4 -796.1 2367.2 0 0 0 0 0 0 0 0 0
186.1 -877.8 2384.0 0 0 0 0 0 0 0 0 0
89.7 489.3 2294.5 3 0.9981971979 -0.0398238190 0.0449051596 0.0377845988 0.9982548952 0.0453810282 -0.0466340408 -0.0436024927 0.9979599714
97.7 288.5 2303.3 0.9981971979 -0.0398238190 0.0449051596 0.0377845988 0.9982548952 0.0453810282 -0.0466340408 -0.0436024927 0.9979599714
103.8 89.9 2310.5 0.9985079765 -0.0306713320 0.0451783910 0.0289794132 0.9988710880 0.0376403779 -0.0462818667 -0.0362749770 0.9982695580
-42.8 284.4 2309.8 0.3956799805 -0.8266377449 -0.4001342654 0.6170719862 0.5619884133 -0.5508095622 0.6801907420 -0.0289673395 0.7324625850
-130.4 147.8 2159.2 -0.5577559471 -0.8266377449 -0.0746884346 -0.8114061356 0.5619884133 -0.1605899334 0.1747237295 -0.0289673395 -0.9841912985
238.2 292.6 2296.7 0.2290738970 0.4887661934 0.8418032527 -0.9733231068 0.1265021861 0.1914139986 -0.0129332598 -0.8631945252 0.5047057867
300.7 27.0 2293.2 -0.0448089279 0.4966063201 0.8668184876 -0.9554781914 0.2320026308 -0.1823079735 -0.2916394770 -0.8363952041 0.4641007185
18.9 -113.4 2321.1 0.9945675135 0.0991011336 0.0318505205 -0.0996164531 0.9949125648 0.0150176147 -0.0302002188 -0.0181088671 0.9993798137
-20.5 -508.9 2328.3 0.9965597987 0.0705575421 0.0434759296 -0.0758000985 0.9880893230 0.1339173466 -0.0335092209 -0.1367521286 0.9900383949
202.1 -107.8 2312.9 0.9447367787 0.0353080779 0.3259229660 -0.0116288923 0.9971668124 -0.0743175596 -0.3276235759 0.0664204061 0.9424707294
188.1 -504.2 2286.5 0.9472708106 0.0104663679 0.3202631772 -0.0939015076 0.9646556377 0.2462153584 -0.3063667119 -0.2633058131 0.9147729278
13.6 357.3 2114.1 0 0 0 0 0 0 0 0 0
288.4 -235.9 2213.0 0 0 0 0 0 0 0 0 0
-41.2 -798.3 2368.3 0 0 0 0 0 0 0 0 0
184.1 -872.8 2387.1 0 0 0 0 0 0 0 0 0
88.5 492.7 2295.1 4 0.9980027080 -0.0434144102 0.0458884127 0.0414049290 0.9981788993 0.0438697971 -0.0477094278 -0.0418821722 0.9979828000
97.3 292.0 2303.6 0.9980027080 -0.0434144102 0.0458884127 0.0414049290 0.9981788993 0.0438697971 -0.0477094278 -0.0418821722 0.9979828000
104.8 93.4 2310.5 0.9982181191 -0.0377807394 0.0461862646 0.0361073278 0.9986795187 0.0365446322 -0.0475059599 -0.0348118506 0.9982641339
-43.2 286.9 2310.2 0.4449009299 -0.8162184954 -0.3685790598 0.6109465957 0.5775293112 -0.5414832830 0.6548339128 0.0157242902 0.7556092739
-141.8 151.5 2165.1 -0.5633493066 -0.8162184954 -0.1281595528 -0.8016257286 0.5775293112 -0.1544542611 0.2000843138 0.0157242902 -0.9796525240
237.8 297.1 2296.9 0.2293674648 0.4903679192 0.8407912254 -0.9733397365 0.1160822660 0.1978248954 -0.0005939624 -0.8637501001 0.5039200783
301.1 28.4 2296.7 -0.0506965369 0.4989433289 0.8651505113 -0.9573417902 0.2224706262 -0.1844004542 -0.2844759524 -0.8375931978 0.4663808048
18.3 -111.3 2321.9 0.9949762821 0.0945361480 0.0329407193 -0.0950053632 0.9953921437 0.0129790613 -0.0315619409 -0.0160434041 0.9993730187
-19.3 -507.1 2328.3 0.9962990284 0.0738886222 0.0439166762 -0.0790609196 0.9882377982 0.1309021711 -0.0337279402 -0.1338897943 0.9904221296
201.5 -106.0 2313.4 0.9442558289 0.0325559676 0.3275989890 -0.0084212832 0.9971613288 -0.0748222992 -0.3291049302 0.0678925812 0.9418495297
188.6 -502.5 2286.4 0.9470053911 0.0084669273 0.3211060166 -0.0913788825 0.9654510021 0.2440374643 -0.3079458773 -0.2604471147 0.9150609970
3.4 358.2 2113.5 0 0 0 0 0 0 0 0 0
287.1 -235.0 2218.4 0 0 0 0 0 0 0 0 0
-40.9 -795.8 2367.4 0 0 0 0 0 0 0 0 0
185.3 -871.5 2386.0 0 0 0 0 0 0 0 0 0
87.3 493.0 2294.0 5 0.9973428845 -0.0468011461 0.0558281057 0.0441853702 0.9979075789 0.0472029857 -0.0579204410 -0.0446107760 0.9973239899
96.7 293.0 2302.9 0.9973428845 -0.0468011461 0.0558281057 0.0441853702 0.9979075789 0.0472029857 -0.0579204410 -0.0446107760 0.9973239899
105.1 94.6 2310.1 0.9975189567 -0.0423938595 0.0562021174 0.0402449258 0.9984349608 0.0388319343 -0.0577603951 -0.0364737399 0.9976639748
-43.7 287.4 2311.0 0.4723540843 -0.8082637787 -0.3515555263 0.5911013484 0.5863553882 -0.5538831949 0.6538201571 0.0538240373 0.7547331452
-147.9 156.9 2166.7 -0.5703986287 -0.8082637787 -0.1461338103 -0.8023843765 0.5863553882 -0.1112054735 0.1755696982 0.0538240373 -0.9829945564
237.1 298.7 2294.8 0.2261027694 0.4868227243 0.8437305093 -0.9738143086 0.0918626115 0.2079589516 0.0237318557 -0.8686569333 0.4948453307
298.9 32.5 2301.3 -0.0442258529 0.4980510175 0.8660191894 -0.9564813375 0.2291594446 -0.1806360632 -0.2884224653 -0.8363199830 0.4662417471
20.7 -108.4 2321.8 0.9942026138 0.0987705216 0.0424911939 -0.0992416963 0.9950215816 0.0091208005 -0.0413787887 -0.0132848220 0.9990552068
-18.6 -504.0 2327.0 0.9957129955 0.0748967975 0.0542778485 -0.0814607739 0.9880273342 0.1310196817 -0.0438150428 -0.1348795146 0.9898927808
203.9 -101.8 2313.0 0.9407747984 0.0366448201 0.3370458186 -0.0082898289 0.9963306189 -0.0851857215 -0.3389306664 0.0773465335 0.9376265407
189.3 -497.9 2282.3 0.9440772533 0.0018752335 0.3297190964 -0.0909975171 0.9626294971 0.2550762892 -0.3169189990 -0.2708153427 0.9089671969
0.2 365.3 2121.2 0 0 0 0 0 0 0 0 0
286.7 -230.6 2221.9 0 0 0 0 0 0 0 0 0
-40.7 -795.7 2366.8 0 0 0 0 0 0 0 0 0
188.6 -865.8 2385.8 0 0 0 0 0 0 0 0 0
84.5 488.7 2293.4 6 0.9953700304 -0.0468975045 0.0838993937 0.0429000407 0.9978852868 0.0488312915 -0.0860120431 -0.0450059175 0.9952770472
93.9 289.7 2302.3 0.9953700304 -0.0468975045 0.0838993937 0.0429000407 0.9978852868 0.0488312915 -0.0860120431 -0.0450059175 0.9952770472
102.5 91.2 2310.0 0.9955018163 -0.0434095077 0.0842123926 0.0399869233 0.9983207583 0.0419125818 -0.0858903900 -0.0383566581 0.9955659509
-46.2 284.0 2314.4 0.4882246554 -0.7937994003 -0.3626557887 0.5540059805 0.6029832959 -0.5740109682 0.6743249297 0.0793328211 0.7341609001
-151.6 164.4 2168.8 -0.5845651627 -0.7937994003 -0.1678275913 -0.7924544215 0.6029832959 -0.0917996690 0.1740677506 0.0793328211 -0.9815328717
233.9 295.3 2290.3 0.2383277416 0.4667834938 0.8516530991 -0.9699429870 0.0700705647 0.2330250889 0.0490964539 -0.8815913200 0.4694531560
298.4 32.8 2303.5 -0.0382675789 0.4796493053 0.8766254187 -0.9582468271 0.2311592400 -0.1683103740 -0.2833700180 -0.8464643955 0.4507765472
22.0 -107.6 2322.7 0.9921287894 0.1036200225 0.0703091025 -0.1045640260 0.9944691658 0.0098715518 -0.0688973442 -0.0171456523 0.9974763989
-19.2 -503.0 2329.5 0.9939365983 0.0740893036 0.0812454596 -0.0834650919 0.9893993139 0.1188386679 -0.0715795308 -0.1248992607 0.9895840287
205.1 -100.3 2312.1 0.9309917688 0.0373487957 0.3631244898 -0.0064879763 0.9962880015 -0.0858380646 -0.3649825156 0.0775585920 0.9277782440
190.2 -496.4 2281.3 0.9350725412 0.0078872992 0.3543686867 -0.1051425189 0.9609279633 0.2560518384 -0.3385032117 -0.2766862810 0.8993666172
-0.4 369.4 2123.8 0 0 0 0 0 0 0 0 0
287.9 -230.8 2225.6 0 0 0 0 0 0 0 0 0
-41.0 -794.6 2366.3 0 0 0 0 0 0 0 0 0
187.2 -863.7 2387.0 0 0 0 0 0 0 0 0 0
82.6 485.2 2293.1 7 0.9940011501 -0.0671939030 0.0862940326 0.0611575581 0.9956148267 0.0707877278 -0.0906721205 -0.0650855526 0.9937517047
95.8 289.7 2305.9 0.9940011501 -0.0671939030 0.0862940326 0.0611575581 0.9956148267 0.0707877278 -0.0906721205 -0.0650855526 0.9937517047
100.6 91.1 2311.5 0.9958079457 -0.0244399197 0.0881435052 0.0218237061 0.9992957711 0.0305239577 -0.0888274312 -0.0284723807 0.9956399798
-44.3 286.6 2318.4 0.4973976612 -0.7830154896 -0.3734732866 0.5227929950 0.6140998006 -0.5912435055 0.6923027039 0.0988339037 0.7148068547
-153.3 172.1 2166.7 -0.5998506546 -0.7830154896 -0.1645172983 -0.7875635028 0.6140998006 -0.0512359440 0.1411485821 0.0988339037 -0.9850426316
235.9 292.8 2293.3 0.2279191166 0.4654256999 0.8552378416 -0.9726799726 0.0690343902 0.2216482460 0.0441199727 -0.8823906183 0.4684445262
297.1 31.7 2305.2 -0.0251592230 0.4760852158 0.8790391684 -0.9610394239 0.2306025028 -0.1523998529 -0.2752639651 -0.8486255407 0.4517348707
19.8 -110.9 2325.5 0.9923596978 0.0984131247 0.0744112805 -0.0991088375 0.9950602651 0.0057064621 -0.0734821185 -0.0130376788 0.9972113371
-19.3 -506.6 2330.6 0.9938910007 0.0702912062 0.0850869194 -0.0801375955 0.9897196889 0.1184606329 -0.0758854523 -0.1245556250 0.9893064499
202.4 -103.6 2309.7 0.9302542806 0.0336051919 0.3653734028 -0.0049015484 0.9968462586 -0.0792053416 -0.3668828309 0.0718902126 0.9274852276
189.1 -500.0 2281.1 0.9348433018 0.0020477702 0.3550546467 -0.1024469808 0.9590094090 0.2642073631 -0.3399597108 -0.2833667696 0.8967333436
1.7 375.6 2130.2 0 0 0 0 0 0 0 0 0
290.1 -232.6 2229.5 0 0 0 0 0 0 0 0 0
-39.9 -797.2 2367.2 0 0 0 0 0 0 0 0 0
188.3 -866.6 2389.4 0 0 0 0 0 0 0 0 0
80.1 483.6 2294.4 8 0.9923460484 -0.0847409889 0.0898233876 0.0783766136 0.9943085909 0.0721634552 -0.0954273716 -0.0645710677 0.9933398962
96.5 291.0 2306.9 0.9923460484 -0.0847409889 0.0898233876 0.0783766136 0.9943085909 0.0721634552 -0.0954273716 -0.0645710677 0.9933398962
101.1 92.4 2312.4 0.9954790473 -0.0230771210 0.0921355188 0.0204450563 0.9993582964 0.0294098258 -0.0927550942 -0.0273931492 0.9953120947
-43.6 288.2 2320.0 0.4976763427 -0.7772726417 -0.3849227726 0.4948840439 0.6189222336 -0.6099385619 0.7123258114 0.1130598709 0.6926828027
-152.0 180.3 2164.7 -0.6105846167 -0.7772726417 -0.1517687142 -0.7853879333 0.6189222336 -0.0100517571 0.1017459854 0.1130598709 -0.9883649349
236.6 293.9 2293.9 0.2234865576 0.4628314972 0.8578116298 -0.9736857414 0.0657323897 0.2182095051 0.0446082205 -0.8840057850 0.4653427303
297.2 29.9 2306.0 -0.0135256406 0.4713803232 0.8818263412 -0.9645148516 0.2264136821 -0.1358233839 -0.2636820078 -0.8523716331 0.4515909255
14.2 -109.5 2325.3 0.9934200048 0.0834299028 0.0784612596 -0.0841234401 0.9964397550 0.0055700275 -0.0777172148 -0.0121338079 0.9969016314
-19.0 -505.7 2330.2 0.9936769605 0.0699369535 0.0878345221 -0.0805802271 0.9889871478 0.1241421402 -0.0781850889 -0.1304349154 0.9883692861
196.8 -105.5 2309.0 0.9289178848 0.0258849002 0.3693798482 -0.0015473943 0.9978162646 -0.0660322234 -0.3702824712 0.0607669353 0.9269294739
186.5 -502.2 2284.9 0.9331112504 -0.0057927528 0.3595411777 -0.0876012594 0.9660839438 0.2429151684 -0.3487541080 -0.2581631243 0.9009563327
6.3 384.0 2138.3 0 0 0 0 0 0 0 0 0
293.5 -235.3 2233.5 0 0 0 0 0 0 0 0 0
-39.7 -798.8 2368.8 0 0 0 0 0 0 0 0 0
188.8 -871.4 2383.5 0 0 0 0 0 0 0 0 0
78.3 479.9 2294.6 9 0.9911493063 -0.0987180993 0.0887568593 0.0913374797 0.9922965765 0.0836954936 -0.0963353887 -0.0748479068 0.9925307631
97.1 290.5 2308.9 0.9911493063 -0.0987180993 0.0887568593 0.0913374797 0.9922965765 0.0836954936 -0.0963353887 -0.0748479068 0.9925307631
101.0 91.7 2312.5 0.9955184460 -0.0194952004 0.0925365388 0.0177163091 0.9996428490 0.0200064220 -0.0928935185 -0.0182773564 0.9955082536
-43.0 288.0 2322.0 0.4958547652 -0.7754911184 -0.3908216953 0.4736853242 0.6187306046 -0.6267333031 0.7278394699 0.1256421804 0.6741392612
-151.4 184.4 2162.9 -0.6156448126 -0.7754911184 -0.1399822384 -0.7851876020 0.6187306046 0.0255502313 0.0667973161 0.1256421804 -0.9898242950
237.2 292.9 2295.8 0.2137844563 0.4627483487 0.8603256345 -0.9763565660 0.0723649114 0.2036939263 0.0320016444 -0.8835311532 0.4672778845
295.0 29.0 2304.5 -0.0013228307 0.4681708217 0.8836370111 -0.9685913920 0.2191206664 -0.1175450832 -0.2486542910 -0.8560386896 0.4531763792
14.4 -108.1 2326.3 0.9928244948 0.0890329108 0.0798290893 -0.0899615809 0.9959122539 0.0081059625 -0.0787810758 -0.0152293490 0.9967756271
-21.0 -504.1 2332.4 0.9940832257 0.0623622946 0.0889355466 -0.0724475905 0.9907090664 0.1150950491 -0.0809316635 -0.1208572239 0.9893652201
197.0 -104.4 2309.3 0.9289864302 0.0207061414 0.3695341945 0.0060511860 0.9974506497 -0.0711025521 -0.3700643778 0.0682894215 0.9264928102
188.8 -501.0 2282.2 0.9337348938 0.0116191702 0.3577766120 -0.1044727787 0.9648050070 0.2413227856 -0.3423807025 -0.2627094388 0.9020860195
9.1 389.1 2145.5 0 0 0 0 0 0 0 0 0
294.6 -237.4 2236.1 0 0 0 0 0 0 0 0 0
-39.4 -796.6 2368.1 0 0 0 0 0 0 0 0 0
184.3 -869.7 2382.6 0 0 0 0 0 0 0 0 0
77.7 480.7 2294.7 0 0.9905977845 -0.1021906137 0.0909563079 0.0940645635 0.9915306568 0.0895481482 -0.0993369445 -0.0801504329 0.9918205738
97.4 289.5 2310.2 0.9905977845 -0.1021906137 0.0909563079 0.0940645635 0.9915306568 0.0895481482 -0.0993369445 -0.0801504329 0.9918205738
101.0 90.8 2313.0 0.9952778220 -0.0179438163 0.0953942686 0.0164918415 0.9997361898 0.0159875192 -0.0956559777 -0.0143387960 0.9953112006
-42.7 287.2 2323.6 0.4973933697 -0.7782528996 -0.3833043873 0.4605633616 0.6113190055 -0.6435607076 0.7351742983 0.1435668766 0.6625007987
-150.9 187.0 2163.7 -0.6110852957 -0.7782528996 -0.1445585489 -0.7899227738 0.6113190055 0.0480731465 0.0509583242 0.1435668766 -0.9883278012
237.5 291.8 2296.7 0.2076794952 0.4591479599 0.8637432456 -0.9780201316 0.0806752518 0.1922710687 0.0185981710 -0.8846890330 0.4658105373
293.6 27.4 2301.7 0.0070253070 0.4619439840 0.8868812919 -0.9737377167 0.2049927264 -0.0990598798 -0.2275643200 -0.8628938198 0.4512524307
13.5 -108.6 2324.7 0.9925252795 0.0897892565 0.0826524943 -0.0904184580 0.9958962798 0.0038936720 -0.0819636956 -0.0113378791 0.9965708256
-22.2 -504.6 2329.2 0.9938825369 0.0602409169 0.0925664529 -0.0712029859 0.9902060628 0.1200918853 -0.0844254196 -0.1259482354 0.9884378314
196.2 -105.4 2307.6 0.9278185368 0.0216105208 0.3724054098 0.0004879265 0.9982493520 -0.0591435991 -0.3730315864 0.0550562330 0.9261837006
187.6 -502.2 2285.7 0.9318750501 -0.0059658848 0.3627303243 -0.0841818824 0.9690169692 0.2322056741 -0.3528771698 -0.2469219863 0.9025005698
9.6 394.4 2150.3 0 0 0 0 0 0 0 0 0
295.6 -240.3 2239.1 0 0 0 0 0 0 0 0 0
-39.9 -795.7 2366.2 0 0 0 0 0 0 0 0 0
189.9 -872.5 2380.1 0 0 0 0 0 0 0 0 0
77.1 481.1 2294.2 1 0.9902423620 -0.1065886244 0.0897716731 0.0988697857 0.9913384318 0.0864455327 -0.0982082188 -0.0767263249 0.9922037125
97.8 288.3 2309.2 0.9902423620 -0.1065886244 0.0897716731 0.0988697857 0.9913384318 0.0864455327 -0.0982082188 -0.0767263249 0.9922037125
98.8 89.6 2311.7 0.9955697060 -0.0051757945 0.0938840136 0.0039556026 0.9999053478 0.0131782442 -0.0939433351 -0.0127484929 0.9954959154
-42.3 287.8 2322.4 0.5051193833 -0.7897946835 -0.3479637206 0.4755154550 0.5911468267 -0.6514832973 0.7202357054 0.1636147201 0.6741592884
-152.4 184.1 2165.4 -0.5880298018 -0.7897946835 -0.1744856834 -0.8056111336 0.5911468267 0.0391937681 0.0721916258 0.1636147201 -0.9838793874
237.9 288.9 2295.9 0.2048667222 0.4601886272 0.8638611436 -0.9786853194 0.0834111571 0.1876634806 0.0143049387 -0.8838942051 0.4674680233
292.9 26.2 2299.8 0.0108158477 0.4621532857 0.8867340684 -0.9753889441 0.2001806796 -0.0924341381 -0.2202257663 -0.8639109135 0.4529443383
13.2 -109.5 2324.6 0.9928138256 0.0879571885 0.0811431557 -0.0884812176 0.9960736632 0.0028781388 -0.0805714056 -0.0100371018 0.9966983199
-21.7 -505.6 2328.6 0.9940607548 0.0592435226 0.0912876129 -0.0704288706 0.9897004366 0.1246306524 -0.0829638317 -0.1303197294 0.9879948497
195.9 -106.5 2307.1 0.9287270308 0.0190520473 0.3702743948 0.0019772081 0.9984101653 -0.0563313141 -0.3707589507 0.0530485250 0.9272128344
188.3 -503.4 2286.0 0.9329118729 0.0036867738 0.3600858748 -0.0939342007 0.9678195715 0.2334559709 -0.3476374447 -0.2516182363 0.9032366872
2.3 396.1 2146.4 0 0 0 0 0 0 0 0 0
295.9 -242.1 2239.2 0 0 0 0 0 0 0 0 0
-39.1 -795.1 2366.8 0 0 0 0 0 0 0 0 0
186.9 -873.3 2382.2 0 0 0 0 0 0 0 0 0
75.2 486.7 2294.5 2 0.9877761602 -0.1214627624 0.0976987854 0.1132984608 0.9899022579 0.0851877853 -0.1070593968 -0.0730773434 0.9915633798
99.6 287.4 2309.2 0.9877761602 -0.1214627624 0.0976987854 0.1132984608 0.9899022579 0.0851877853 -0.1070593968 -0.0730773434 0.9915633798
100.6 88.6 2311.6 0.9947410822 -0.0046983082 0.1023136228 0.0034471217 0.9999171495 0.0124023082 -0.1023634151 -0.0119843977 0.9946748614
-40.4 286.9 2323.6 0.4450861514 -0.8230323195 -0.3528683484 0.5010636449 0.5554845929 -0.6636053920 0.7421816587 0.1185520589 0.6596300602
-137.9 177.1 2161.0 -0.5529808998 -0.8230323195 -0.1297299564 -0.8313013315 0.5554845929 0.0193630084 0.0561266094 0.1185520589 -0.9913603067
239.6 287.9 2294.8 0.1865856051 0.4549718201 0.8707390428 -0.9823194742 0.0725916326 0.1725655049 0.0153040728 -0.8875421882 0.4604722261
290.0 22.7 2298.9 0.0131456368 0.4596110284 0.8880230188 -0.9636837840 0.2427198887 -0.1113580316 -0.2667222321 -0.8543094993 0.4461103976
8.5 -109.6 2322.8 0.9930477738 0.0762527436 0.0896752179 -0.0768563822 0.9970367551 0.0032926798 -0.0891584083 -0.0101619009 0.9959656000
-21.8 -506.0 2326.9 0.9932500124 0.0606556088 0.0988698825 -0.0736464337 0.9883030653 0.1335411817 -0.0896133929 -0.1399212033 0.9860991240
191.2 -108.8 2305.6 0.9257627726 0.0041711978 0.3780819178 0.0186530277 0.9982177615 -0.0566862375 -0.3776445389 0.0595303811 0.9240350127
189.5 -505.7 2281.9 0.9322652221 0.0126347430 0.3615548909 -0.1094530448 0.9624043703 0.2485916764 -0.3448211253 -0.2713266611 0.8985990286
6.9 394.9 2146.3 0 0 0 0 0 0 0 0 0
293.6 -242.0 2225.7 0 0 0 0 0 0 0 0 0
-39.4 -793.0 2367.5 0 0 0 0 0 0 0 0 0
184.7 -873.5 2385.6 0 0 0 0 0 0 0 0 0
74.7 487.8 2294.1 3 0.9861952662 -0.1333157122 0.0982133895 0.1245015711 0.9880370498 0.0910060927 -0.1091710106 -0.0775220543 0.9909954667
101.9 286.2 2310.0 0.9861952662 -0.1333157122 0.0982133895 0.1245015711 0.9880370498 0.0910060927 -0.1091710106 -0.0775220543 0.9909954667
102.8 87.4 2312.2 0.9945953488 -0.0044780318 0.1037307605 0.0033124327 0.9999294877 0.0114063164 -0.1037745252 -0.0110010682 0.9945400357
-38.1 285.7 2324.6 0.4198274016 -0.8488356471 -0.3212832808 0.5273550749 0.5162456036 -0.6748237014 0.7386755347 0.1138791218 0.6643718481
-132.0 167.8 2159.3 -0.5114896894 -0.8488356471 -0.1336274147 -0.8564398885 0.5162456036 -0.0011040894 0.0699217618 0.1138791218 -0.9910310507
241.9 286.7 2295.4 0.1831685007 0.4508042037 0.8736274242 -0.9830665588 0.0888944343 0.1602431983 -0.0054223058 -0.8881854415 0.4594531953
291.6 19.5 2293.9 -0.0065144598 0.4592339396 0.8882914782 -0.9544071555 0.2622548044 -0.1425813138 -0.2984368801 -0.8487205505 0.4365877211
10.2 -110.5 2323.4 0.9922681451 0.0839467868 0.0914162099 -0.0848767832 0.9963713884 0.0063265604 -0.0905533955 -0.0140367579 0.9957926869
-23.2 -506.6 2329.0 0.9933008552 0.0565611869 0.1007682011 -0.0690412149 0.9897500873 0.1250122041 -0.0926644951 -0.1311318874 0.9870246649
192.8 -109.8 2304.6 0.9251394868 0.0120946532 0.3794347048 0.0079959072 0.9986498356 -0.0513280779 -0.3795431852 0.0505195558 0.9237936735
187.9 -506.9 2284.5 0.9303336740 0.0019978015 0.3667087555 -0.0965856984 0.9660123587 0.2397734523 -0.3537661731 -0.2584881186 0.8989067674
1.1 390.7 2141.1 0 0 0 0 0 0 0 0 0
289.9 -242.7 2211.9 0 0 0 0 0 0 0 0 0
-39.5 -793.4 2367.0 0 0 0 0 0 0 0 0 0
187.2 -876.1 2383.3 0 0 0 0 0 0 0 0 0
76.6 489.5 2295.0 4 0.9871297479 -0.0886683911 0.1330893636 0.0792370066 0.9940626621 0.0745718777 -0.1389113367 -0.0630665123 0.9882946014
94.6 288.7 2307.7 0.9871297479 -0.0886683911 0.1330893636 0.0792370066 0.9940626621 0.0745718777 -0.1389113367 -0.0630665123 0.9882946014
99.1 90.0 2312.6 0.9904878736 -0.0227738693 0.1357024163 0.0191666540 0.9994289279 0.0278294701 -0.1362586915 -0.0249637924 0.9903587103
-44.8 286.0 2326.9 0.3775386810 -0.8673387766 -0.3243270516 0.5423488617 0.4910025299 -0.6817435622 0.7505480051 0.0814861506 0.6557726264
-129.3 164.5 2158.8 -0.4827778935 -0.8673387766 -0.1210330203 -0.8697640300 0.4910025299 -0.0492649302 0.1021568999 0.0814861506 -0.9914252162
233.9 291.3 2288.5 0.2112556100 0.4202509820 0.8824738860 -0.9773939252 0.0829823166 0.1944607794 0.0084926048 -0.9036055803 0.4282812476
293.4 16.0 2290.9 -0.0340110883 0.4354490340 0.8995706439 -0.9466558099 0.2745618820 -0.1686965972 -0.3204466105 -0.8573213220 0.4028822184
12.4 -111.7 2323.9 0.9887520671 0.0866699740 0.1218921542 -0.0874593109 0.9961674809 0.0011302045 -0.1213270426 -0.0117780957 0.9925426841
-22.1 -507.7 2328.5 0.9893968105 0.0620358661 0.1313223392 -0.0779113099 0.9897814989 0.1194255799 -0.1225717515 -0.1283907741 0.9841198921
194.9 -111.1 2304.8 0.9119246006 0.0178416595 0.4099697471 -0.0003628027 0.9990890622 -0.0426728018 -0.4103576243 0.0387656391 0.9111003280
187.8 -508.3 2289.4 0.9163017273 0.0092539852 0.4003816545 -0.1058997586 0.9697470069 0.2199454159 -0.3862335384 -0.2439366877 0.8895608783
-4.3 389.7 2132.3 0 0 0 0 0 0 0 0 0
284.0 -244.0 2202.9 0 0 0 0 0 0 0 0 0
-40.1 -795.1 2365.8 0 0 0 0 0 0 0 0 0
184.3 -878.9 2382.6 0 0 0 0 0 0 0 0 0
74.2 487.5 2294.9 5 0.9845803976 -0.1189446598 0.1282714605 0.1085734516 0.9904440045 0.0850441232 -0.1371612400 -0.0698059052 0.9880859852
98.5 285.0 2309.1 0.9845803976 -0.1189446598 0.1282714605 0.1085734516 0.9904440045 0.0850441232 -0.1371612400 -0.0698059052 0.9880859852
99.4 86.3 2312.9 0.9911943674 -0.0047241105 0.1323308945 0.0021331992 0.9998033643 0.0197139643 -0.1323980093 -0.0192580819 0.9910095334
-41.0 284.7 2327.8 0.3760392368 -0.8730854988 -0.3103484809 0.5358560681 0.4781484604 -0.6958680153 0.7559449673 0.0953715518 0.6476507783
-126.1 163.4 2156.6 -0.4689336717 -0.8730854988 -0.1335024238 -0.8770570755 0.4781484604 -0.0463129319 0.1042691246 0.0953715518 -0.9899657369
237.9 285.3 2290.5 0.1888368428 0.4269542694 0.8843362927 -0.9819403291 0.0714866444 0.1751652360 0.0115693100 -0.9014431238 0.4327429235
288.2 24.0 2293.6 -0.0231568757 0.4440015554 0.8957267404 -0.9404605627 0.2942409217 -0.1701652408 -0.3391131163 -0.8463361859 0.4107522666
12.9 -110.3 2330.0 0.9898392558 0.0817060471 0.1163717881 -0.0793766752 0.9965430498 -0.0245200805 -0.1179729402 0.0150337312 0.9929029942
-19.6 -506.4 2324.0 0.9893549085 0.0695671365 0.1278175563 -0.0866319314 0.9872943759 0.1332092434 -0.1169265807 -0.1428642869 0.9828112721
194.5 -106.9 2305.0 0.9138461351 0.0154767726 0.4057655334 0.0046376027 0.9988104105 -0.0485413745 -0.4060340822 0.0462411270 0.9126873016
188.4 -504.0 2286.6 0.9187839031 0.0168799106 0.3943997622 -0.1155377179 0.9668350220 0.2277742475 -0.3774746656 -0.2548433542 0.8902627230
-4.8 390.3 2129.7 0 0 0 0 0 0 0 0 0
281.8 -234.5 2200.4 0 0 0 0 0 0 0 0 0
-40.0 -796.2 2366.0 0 0 0 0 0 0 0 0 0
181.9 -873.5 2384.0 0 0 0 0 0 0 0 0 0
73.6 484.2 2295.3 6 0.9834886193 -0.1352881789 0.1201964766 0.1251262873 0.9881910682 0.0884409398 -0.1307421029 -0.0719409212 0.9888027906
101.1 283.1 2310.0 0.9834886193 -0.1352881789 0.1201964766 0.1251262873 0.9881910682 0.0884409398 -0.1307421029 -0.0719409212 0.9888027906
99.8 84.4 2313.1 0.9921427965 0.0064928913 0.1249419004 -0.0084565012 0.9998488426 0.0151922405 -0.1248243675 -0.0161294434 0.9920477271
-38.5 284.3 2327.5 0.3768273592 -0.8710067868 -0.3151955903 0.5329719782 0.4821911454 -0.6952931881 0.7575896382 0.0940150768 0.6459250450
-124.5 162.6 2154.6 -0.4741185904 -0.8710067868 -0.1286805272 -0.8751868010 0.4821911454 -0.0392400287 0.0962269455 0.0940150768 -0.9909094572
240.7 281.9 2292.4 0.1634771079 0.4354183674 0.8852604628 -0.9865148067 0.0648880526 0.1502598971 0.0079830894 -0.8978866339 0.4401543736
284.7 16.1 2294.5 -0.0202286504 0.4567773044 0.8893510699 -0.9289965034 0.3201936483 -0.1855842322 -0.3695352376 -0.8299581409 0.4178674221
9.5 -112.6 2328.9 0.9911609888 0.0749912560 0.1094360128 -0.0735112876 0.9971408248 -0.0175017584 -0.1104355901 0.0093022762 0.9938397408
-20.3 -509.0 2325.2 0.9904151559 0.0697823912 0.1191981882 -0.0850294679 0.9881182909 0.1280322820 -0.1088475063 -0.1369404644 0.9845808744
191.3 -112.2 2304.6 0.9172011614 0.0067511806 0.3983672559 0.0124030886 0.9988880157 -0.0454851650 -0.3982313573 0.0466600321 0.9160975218
188.6 -509.4 2286.0 0.9231345057 0.0186690520 0.3840235770 -0.1188216731 0.9637777209 0.2387759089 -0.3656556308 -0.2660526037 0.8919147849
-2.1 388.5 2129.8 0 0 0 0 0 0 0 0 0
279.2 -239.1 2193.0 0 0 0 0 0 0 0 0 0
-40.5 -793.9 2364.7 0 0 0 0 0 0 0 0 0
181.5 -877.8 2387.7 0 0 0 0 0 0 0 0 0
71.7 478.5 2294.6 7 0.9809983373 -0.1578263193 0.1128408462 0.1468349248 0.9841035604 0.0998984277 -0.1268136799 -0.0814312175 0.9885783792
103.2 282.0 2310.8 0.9809983373 -0.1578263193 0.1128408462 0.1468349248 0.9841035604 0.0998984277 -0.1268136799 -0.0814312175 0.9885783792
100.2 83.2 2313.5 0.9927569032 0.0150968097 0.1191883385 -0.0166049153 0.9997940063 0.0116701387 -0.1189876124 -0.0135647226 0.9928030968
-36.5 284.3 2327.6 0.3654644191 -0.8675649166 -0.3372934461 0.5244625807 0.4912885129 -0.6953952909 0.7690089345 0.0772444308 0.6345537901
-120.3 164.0 2151.2 -0.4872542024 -0.8675649166 -0.0995713696 -0.8707804680 0.4912885129 -0.0194156840 0.0657626316 0.0772444308 -0.9948409796
242.9 279.6 2294.1 0.1465628594 0.4403889179 0.8857634664 -0.9891920090 0.0691436157 0.1292994469 -0.0043028467 -0.8951406479 0.4457630813
282.6 11.2 2292.9 -0.0197294578 0.4624909163 0.8864044547 -0.9248754978 0.3283076882 -0.1918837428 -0.3797578812 -0.8235995770 0.4212691784
7.6 -113.6 2327.8 0.9921850562 0.0685459375 0.1042607501 -0.0679220259 0.9976451397 -0.0095270760 -0.1046682745 0.0023710208 0.9945043921
-19.7 -510.2 2326.8 0.9910143614 0.0725257397 0.1123858914 -0.0862029791 0.9887732267 0.1220515743 -0.1022722796 -0.1306428611 0.9861403704
189.6 -115.2 2304.9 0.9197280407 -0.0010783765 0.3925547302 0.0216374155 0.9986152649 -0.0479516648 -0.3919594586 0.0525963604 0.9184777737
190.0 -512.2 2284.0 0.9268073440 0.0191748887 0.3750473261 -0.1196234077 0.9617472887 0.2464394271 -0.3559753001 -0.2732663155 0.8936482072
5.8 389.4 2134.2 0 0 0 0 0 0 0 0 0
277.2 -243.0 2188.5 0 0 0 0 0 0 0 0 0
-40.5 -793.5 2364.3 0 0 0 0 0 0 0 0 0
182.7 -879.9 2388.4 0 0 0 0 0 0 0 0 0
71.1 478.6 2294.7 8 0.9802642465 -0.1685632020 0.1032881513 0.1580830216 0.9820963144 0.1024528816 -0.1187086999 -0.0841027945 0.9893608689
105.1 280.5 2311.6 0.9802642465 -0.1685632020 0.1032881513 0.1580830216 0.9820963144 0.1024528816 -0.1187086999 -0.0841027945 0.9893608689
100.0 81.8 2314.0 0.9935936332 0.0258924346 0.1100056395 -0.0270615071 0.9995918870 0.0091474783 -0.1097238958 -0.0120657953 0.9938888550
-34.7 284.3 2327.1 0.3586273193 -0.8652927279 -0.3502213359 0.5105018020 0.4959026575 -0.7024731040 0.7815205455 0.0731374025 0.6195777059
-117.2 166.8 2147.2 -0.4945033789 -0.8652927279 -0.0820666477 -0.8683698177 0.4959026575 0.0037880368 0.0374193117 0.0731374025 -0.9966196418
244.9 276.7 2296.2 0.1354545355 0.4481607974 0.8836311102 -0.9906648993 0.0750660449 0.1137899980 -0.0153344786 -0.8907957077 0.4541451931
281.6 8.2 2292.0 -0.0350950882 0.4705652893 0.8816669583 -0.9295204878 0.3086865842 -0.2017528117 -0.3670966327 -0.8266080618 0.4265666902
6.1 -114.0 2327.1 0.9933826923 0.0635948852 0.0956375599 -0.0638196170 0.9979612231 -0.0007102125 -0.0954877436 -0.0053980397 0.9954159856
-19.2 -510.7 2329.2 0.9919494987 0.0744139478 0.1024632230 -0.0862927809 0.9893928766 0.1168560684 -0.0926806629 -0.1247571558 0.9878491759
188.3 -117.0 2305.2 0.9235621095 -0.0049414556 0.3834169805 0.0248829108 0.9985817671 -0.0470674671 -0.3826406300 0.0530102588 0.9223752022
190.2 -514.1 2284.2 0.9305861592 0.0198181514 0.3655360341 -0.1164643317 0.9626796246 0.2443030328 -0.3470524848 -0.2699169219 0.8981644511
10.4 390.9 2137.5 0 0 0 0 0 0 0 0 0
272.0 -247.4 2191.1 0 0 0 0 0 0 0 0 0
-40.5 -794.2 2365.0 0 0 0 0 0 0 0 0 0
182.7 -882.1 2387.4 0 0 0 0 0 0 0 0 0
70.7 480.4 2294.2 9 0.9795900583 -0.1764118373 0.0963441059 0.1660364121 0.9803165793 0.1068236679 -0.1132926866 -0.0886467695 0.9895991683
106.9 279.1 2312.4 0.9795900583 -0.1764118373 0.0963441059 0.1660364121 0.9803165793 0.1068236679 -0.1132926866 -0.0886467695 0.9895991683
100.1 80.5 2314.6 0.9940339327 0.0345430151 0.1034567431 -0.0355155952 0.9993404150 0.0075729773 -0.1031269133 -0.0112021249 0.9946051240
-33.0 284.1 2326.9 0.3266139030 -0.8718060255 -0.3650720716 0.5096725821 0.4877406061 -0.7087615728 0.7959631085 0.0454241820 0.6036384702
-108.0 167.0 2144.0 -0.4878928363 -0.8718060255 -0.0437587798 -0.8728628755 0.4877406061 0.0148162981 0.0084259957 0.0454241820 -0.9989322424
246.8 274.1 2297.9 0.1383318454 0.4573767781 0.8784479499 -0.9902953506 0.0518820733 0.1289316267 0.0133946324 -0.8877582550 0.4601150453
284.4 5.2 2301.5 -0.0404791944 0.4781196117 0.8773614168 -0.9449064136 0.2671418488 -0.1891749501 -0.3248282075 -0.8366820812 0.4409645796
3.7 -114.4 2326.5 0.9941662550 0.0612898953 0.0887526944 -0.0610174760 0.9981199503 -0.0057818103 -0.0889402032 0.0003326152 0.9960368872
-20.7 -511.3 2326.3 0.9930927753 0.0669228435 0.0963747203 -0.0794187859 0.9880251884 0.1322833449 -0.0863678679 -0.1390236020 0.9865155816
186.0 -119.4 2306.3 0.9262658954 -0.0045292522 0.3768434823 0.0237741154 0.9986384511 -0.0464332476 -0.3761200607 0.0519686528 0.9251124263
187.8 -516.5 2285.7 0.9333043098 0.0120471427 0.3588843048 -0.1081685573 0.9624460340 0.2489923686 -0.3424071372 -0.2712056339 0.8995581269
18.0 392.5 2141.9 0 0 0 0 0 0 0 0 0
273.2 -254.4 2212.3 0 0 0 0 0 0 0 0 0
-40.0 -797.3 2366.6 0 0 0 0 0 0 0 0 0
183.2 -884.4 2389.3 0 0 0 0 0 0 0 0 0
74.2 482.2 2301.5 0 0.9821177125 -0.1621036381 0.0957454070 0.1558968276 0.9853506088 0.0691404045 -0.1055507064 -0.0529776067 0.9930016994
107.7 278.3 2312.5 0.9821177125 -0.1621036381 0.0957454070 0.1558968276 0.9853506088 0.0691404045 -0.1055507064 -0.0529776067 0.9930016994
99.9 79.7 2314.9 0.9942529798 0.0394826010 0.0995094851 -0.0404998586 0.9991456866 0.0082226861 -0.0990998223 -0.0122055504 0.9950026274
-32.2 284.0 2326.4 0.3044356108 -0.8778190613 -0.3698008060 0.5132390261 0.4782214761 -0.7126639485 0.8024367094 0.0271640737 0.5961186290
-101.7 166.8 2143.2 -0.4785907865 -0.8778190613 -0.0196095444 -0.8779932857 0.4782214761 0.0207839850 -0.0088668736 0.0271640737 -0.9995916486
247.6 272.6 2298.5 0.1389268935 0.4627533853 0.8755333424 -0.9898148775 0.0371409990 0.1374302655 0.0310781375 -0.8857086897 0.4632000625
285.6 2.1 2307.0 -0.0288354624 0.4799106419 0.8768433928 -0.9548726082 0.2461967617 -0.1661489904 -0.2956126630 -0.8420646787 0.4511543214
2.0 -114.9 2326.3 0.9946771860 0.0590981655 0.0844077691 -0.0584386252 0.9982382059 -0.0102654351 -0.0848657265 0.0052781203 0.9963784218
-21.5 -511.8 2324.2 0.9937706590 0.0623509549 0.0923702717 -0.0750193372 0.9872020483 0.1407273710 -0.0824136361 -0.1467802823 0.9857299328
