-56.1 462.0 1846.4 5 0.9999269247 0.0081671095 0.0089139994 -0.0074015544 0.9965409040 -0.0827737600 -0.0095591871 0.0827017352 0.9965285063
-58.4 177.7 1822.8 0.9999269247 0.0081671095 0.0089139994 -0.0074015544 0.9965409040 -0.0827737600 -0.0095591871 0.0827017352 0.9965285063
-51.2 -12.6 1868.4 0.9993212819 -0.0365797319 0.0043517123 0.0345562138 0.9717937708 0.2332867533 -0.0127625344 -0.2329780459 0.9723982215
-200.8 172.8 1824.6 0.0916795433 -0.7327412367 -0.6743034720 0.9946538806 0.0350672081 0.0971287042 -0.0475242622 -0.6796032786 0.7320388556
-225.8 -98.6 1837.6 -0.2648207247 -0.7327412367 -0.6268654466 0.9052557945 0.0350672081 -0.4234173298 0.3322377503 -0.6796032786 0.6540316939
84.0 182.6 1821.0 0.6144006848 0.5851976871 0.5292026401 0.1689059734 0.5576254725 -0.8127266765 -0.7707026601 0.5887253284 0.2437620759
220.6 220.2 1649.6 -0.7078998685 0.5851976871 0.3955014646 0.7054199576 0.5576254725 0.4375346005 0.0355025642 0.5887253284 -0.8075531125
-131.8 -207.8 1911.9 0.9968025684 0.0737652481 0.0307143647 -0.0616656169 0.9546198845 -0.2913729250 -0.0508137420 0.2885472476 0.9561163187
-160.7 -581.6 1798.9 0.9987032413 0.0000000000 0.0509106331 0.0000000000 1.0000000000 0.0000000000 -0.0509106331 0.0000000000 0.9987032413
48.8 -199.8 1911.4 0.9792460799 -0.0044581271 -0.2026257664 -0.0370438583 0.9789799452 -0.2005641758 0.1992607117 0.2039077282 0.9584971666
50.5 -583.2 1831.6 0.9799186587 0.0000000000 -0.1993975639 0.0000000000 1.0000000000 0.0000000000 0.1993975639 0.0000000000 0.9799186587
-151.3 -353.4 1744.1 0 0 0 0 0 0 0 0 0
43.6 396.5 1658.5 0 0 0 0 0 0 0 0 0
-160.7 -958.3 1798.9 0 0 0 0 0 0 0 0 0
50.5 -959.8 1831.6 0 0 0 0 0 0 0 0 0
-56.2 462.4 1845.3 6 0.9997720718 0.0034068408 0.0210750438 -0.0017185478 0.9968243241 -0.0796138644 -0.0212793481 0.0795594975 0.9966029525
-57.2 178.7 1822.7 0.9997720718 0.0034068408 0.0210750438 -0.0017185478 0.9968243241 -0.0796138644 -0.0212793481 0.0795594975 0.9966029525
-52.6 -11.7 1868.0 0.9995613098 -0.0236109495 0.0178790540 0.0188248158 0.9725544453 0.2319125384 -0.0228640288 -0.2314742357 0.9725723267
-199.6 176.0 1825.9 0.0924483687 -0.7266125083 -0.6807992458 0.9947136641 0.0367015935 0.0959046558 -0.0446991064 -0.6860665083 0.7261644006
-225.0 -96.7 1838.2 -0.2723452747 -0.7266125083 -0.6307632923 0.9013809562 0.0367015935 -0.4314688146 0.3366606534 -0.6860665083 0.6449591517
85.2 181.4 1819.4 0.6188530326 0.5695120692 0.5409962535 0.1886249036 0.5608276725 -0.8061593771 -0.7625231743 0.6009395719 0.2396457493
223.2 223.4 1649.5 -0.7223550081 0.5695120692 0.3922489882 0.6903464794 0.5608276725 0.4570492804 0.0403109789 0.6009395719 -0.7982773185
-134.4 -206.0 1915.2 0.9972099662 0.0656520277 0.0355254970 -0.0522240736 0.9536352754 -0.2963989675 -0.0533375591 0.2937167287 0.9544032812
-160.1 -579.5 1800.2 0.9985726476 0.0000000000 0.0534104444 0.0000000000 1.0000000000 0.0000000000 -0.0534104444 0.0000000000 0.9985726476
46.3 -199.8 1912.9 0.9805100560 -0.0129106911 -0.1960443258 -0.0294862352 0.9768666029 -0.2118070573 0.1942437291 0.2134595513 0.9574468136
51.3 -582.4 1829.3 0.9809365869 0.0000000000 -0.1943282187 0.0000000000 1.0000000000 0.0000000000 0.1943282187 0.0000000000 0.9809365869
-148.3 -350.5 1743.4 0 0 0 0 0 0 0 0 0
42.7 395.9 1659.6 0 0 0 0 0 0 0 0 0
-160.1 -956.2 1800.2 0 0 0 0 0 0 0 0 0
51.3 -959.0 1829.3 0 0 0 0 0 0 0 0 0
-57.1 459.3 1845.8 7 0.9991211295 -0.0106311264 0.0405450016 0.0137525154 0.9968973994 -0.0775012150 -0.0395952798 0.0779907033 0.9961674809
-54.2 180.8 1824.0 0.9991211295 -0.0106311264 0.0405450016 0.0137525154 0.9968973994 -0.0775012150 -0.0395952798 0.0779907033 0.9961674809
-55.3 -9.7 1869.0 0.9991932511 0.0056186439 0.0397646017 -0.0145956492 0.9732615352 0.2292356789 -0.0374133624 -0.2296311259 0.9725583792
-196.5 182.9 1829.3 0.1017435193 -0.7054308057 -0.7014382482 0.9941649437 0.0466997065 0.0972379670 -0.0358376950 -0.7072386742 0.7060659528
-224.9 -94.8 1839.4 -0.2797507942 -0.7054308057 -0.6512348652 0.8984710574 0.0466997065 -0.4365420043 0.3383626640 -0.7072386742 0.6207448840
88.1 178.7 1818.7 0.6152351499 0.5455463529 0.5690912604 0.2337027341 0.5632195473 -0.7925696969 -0.7529068589 0.6206149459 0.2190167755
225.7 231.0 1650.3 -0.7320616841 0.5455463529 0.4080010056 0.6807527542 0.5632195473 0.4683582187 0.0257169846 0.6206149459 -0.7836936712
-138.3 -203.9 1915.5 0.9979279041 0.0508396812 0.0394367017 -0.0367424674 0.9534319639 -0.2993618250 -0.0528196692 0.2972925007 0.9533243179
-158.2 -577.3 1799.0 0.9986021519 0.0000000000 0.0528553575 0.0000000000 1.0000000000 0.0000000000 -0.0528553575 0.0000000000 0.9986021519
42.4 -200.5 1911.3 0.9814752936 -0.0308265463 -0.1890923828 -0.0094750896 0.9779530764 -0.2086095810 0.1913541853 0.2065368295 0.9595447183
54.5 -583.5 1830.5 0.9815194011 0.0000000000 -0.1913627833 0.0000000000 1.0000000000 0.0000000000 0.1913627833 0.0000000000 0.9815194011
-146.1 -347.9 1744.1 0 0 0 0 0 0 0 0 0
43.8 400.1 1656.7 0 0 0 0 0 0 0 0 0
-158.2 -954.0 1799.0 0 0 0 0 0 0 0 0 0
54.5 -960.1 1830.5 0 0 0 0 0 0 0 0 0
-58.0 458.2 1845.0 8 0.9977900982 -0.0206287540 0.0631618723 0.0253053904 0.9969251752 -0.0741609409 -0.0614378117 0.0755953863 0.9952440858
-52.1 171.5 1823.3 0.9977900982 -0.0206287540 0.0631618723 0.0253053904 0.9969251752 -0.0741609409 -0.0614378117 0.0755953863 0.9952440858
-51.5 -19.1 1868.0 0.9982228875 -0.0032278926 0.0595036224 -0.0104430309 0.9736037850 0.2280056179 -0.0586689338 -0.2282218188 0.9718399048
-194.3 173.0 1831.7 0.1183542237 -0.7108446360 -0.6933196783 0.9920525551 0.0546176247 0.1133517027 -0.0427079722 -0.7012252212 0.7116594315
-225.4 -88.0 1842.9 -0.2731310427 -0.7108446360 -0.6481507421 0.8973023891 0.0546176247 -0.4380243123 0.3467676938 -0.7012252212 0.6229248047
90.1 170.0 1814.9 0.6113597155 0.5203738213 0.5961965919 0.2895704508 0.5540347099 -0.7805091143 -0.7364701629 0.6498127580 0.1880296022
227.1 234.9 1649.9 -0.7430794835 0.5203738213 0.4207659364 0.6687401533 0.5540347099 0.4958146214 0.0248900168 0.6498127580 -0.7596867085
-146.6 -198.9 1917.4 0.9978626966 0.0239566229 0.0607953332 -0.0043771728 0.9527879357 -0.3036049306 -0.0651984066 0.3026899397 0.9508564472
-156.0 -572.0 1798.9 0.9978722930 0.0000000000 0.0651990324 0.0000000000 1.0000000000 0.0000000000 -0.0651990324 0.0000000000 0.9978722930
33.9 -201.6 1910.7 0.9837195873 -0.0632984936 -0.1681936681 0.0283799507 0.9788892865 -0.2024113238 0.1774553210 0.1943426579 0.9647489786
58.7 -584.7 1834.6 0.9841159582 0.0000000000 -0.1775268167 0.0000000000 1.0000000000 0.0000000000 0.1775268167 0.0000000000 0.9841159582
-148.5 -340.8 1745.2 0 0 0 0 0 0 0 0 0
43.0 400.7 1656.0 0 0 0 0 0 0 0 0 0
-156.0 -948.6 1798.9 0 0 0 0 0 0 0 0 0
58.7 -961.4 1834.6 0 0 0 0 0 0 0 0 0
-59.2 456.0 1848.2 9 0.9938998222 -0.0157984626 0.1091492623 0.0191863384 0.9993639588 -0.0300586876 -0.1086049601 0.0319694988 0.9935708046
-55.4 213.4 1840.4 0.9938998222 -0.0157984626 0.1091492623 0.0191863384 0.9993639588 -0.0300586876 -0.1086049601 0.0319694988 0.9935708046
-54.9 20.2 1865.8 0.9941946268 -0.0048346054 0.1074879691 -0.0092590293 0.9914401770 0.1302331686 -0.1071975157 -0.1304723471 0.9856396914
-196.9 214.4 1855.6 0.0899092481 -0.7456848621 -0.6602048278 0.9948027134 0.0990475267 0.0236043744 0.0477902256 -0.6588957906 0.7507146001
-224.8 -94.6 1840.8 -0.2777622640 -0.7301528454 -0.6242795587 0.8921635747 0.0449064150 -0.4494747818 0.3562194109 -0.6818066239 0.6389424205
86.1 212.4 1825.2 0.6236844063 0.5630332232 0.5422281623 0.1075915396 0.6252378225 -0.7729823589 -0.7742362618 0.5404362082 0.3293734491
227.8 236.9 1649.3 -0.7500302196 0.5630332232 0.3470565379 0.6611991525 0.6252378225 0.4146002531 0.0164408442 0.5404362082 -0.8412243724
-143.7 -190.3 1910.2 0.9938011765 0.0298932884 0.1070774049 0.0027162314 0.9563536048 -0.2921993434 -0.1111386567 0.2906789184 0.9503441453
-155.8 -579.2 1792.0 0.9938048720 0.0000000000 0.1111390665 0.0000000000 1.0000000000 0.0000000000 -0.1111390665 0.0000000000 0.9938048720
36.1 -190.5 1895.7 0.9900947213 -0.0498959757 -0.1312356293 0.0292556901 0.9875218868 -0.1547404826 0.1373189837 0.1493683457 0.9792000055
56.5 -595.0 1834.5 0.9905187488 0.0000000000 -0.1373777837 0.0000000000 1.0000000000 0.0000000000 0.1373777837 0.0000000000 0.9905187488
-146.5 -345.9 1740.4 0 0 0 0 0 0 0 0 0
42.4 400.3 1653.4 0 0 0 0 0 0 0 0 0
-155.8 -955.9 1792.0 0 0 0 0 0 0 0 0 0
56.5 -971.6 1834.5 0 0 0 0 0 0 0 0 0
-60.4 460.3 1846.7 0 0.9980412126 -0.0410647206 0.0471958704 0.0422793888 0.9987921715 -0.0250328816 -0.0461108983 0.0269792601 0.9985719323
-49.9 207.0 1839.9 0.9980412126 -0.0410647206 0.0471958704 0.0422793888 0.9987921715 -0.0250328816 -0.0461108983 0.0269792601 0.9985719323
-47.0 12.9 1862.2 0.9989423752 -0.0156706776 0.0432264097 0.0106353611 0.9933837652 0.1143487021 -0.0447323322 -0.1137680411 0.9924998283
-191.9 205.3 1846.2 0.1490260512 -0.7107961178 -0.6874300838 0.9882010221 0.0821991339 0.1292362362 -0.0353544652 -0.6985786557 0.7146592736
-231.3 -55.7 1855.5 -0.2436438948 -0.7107961178 -0.6598533988 0.9028946757 0.0821991339 -0.4219294786 0.3541452289 -0.6985786557 0.6217467189
92.0 208.6 1833.6 0.5852007866 0.5801449418 0.5665438175 0.1317911744 0.6213345528 -0.7723823190 -0.8001069427 0.5266641974 0.2871474624
226.0 238.7 1650.5 -0.7401352525 0.5801449418 0.3400464952 0.6720849276 0.6213345528 0.4027967453 0.0223978646 0.5266641974 -0.8497782946
-143.4 -168.2 1896.3 0.9982188344 0.0256582368 0.0538594276 -0.0124970749 0.9726915359 -0.2317650616 -0.0583352931 0.2306791693 0.9712796211
-153.5 -550.8 1805.6 0.9982967973 0.0000000000 0.0583398491 0.0000000000 1.0000000000 0.0000000000 -0.0583398491 0.0000000000 0.9982967973
35.9 -167.9 1877.8 0.9794925451 -0.0503633060 -0.1950843930 0.0347045660 0.9959558249 -0.0828706324 0.1984690875 0.0744008496 0.9772791266
55.8 -561.2 1848.4 0.9800829291 0.0000000000 -0.1985887140 0.0000000000 1.0000000000 0.0000000000 0.1985887140 0.0000000000 0.9800829291
-162.7 -309.9 1755.8 0 0 0 0 0 0 0 0 0
41.5 406.2 1656.0 0 0 0 0 0 0 0 0 0
-153.5 -927.4 1805.6 0 0 0 0 0 0 0 0 0
55.8 -937.9 1848.4 0 0 0 0 0 0 0 0 0
-60.6 459.8 1847.0 1 0.9962470531 -0.0384554006 0.0775431469 0.0380270891 0.9992522597 0.0069931252 -0.0777540803 -0.0040181400 0.9969644547
-52.0 233.8 1847.9 0.9962470531 -0.0384554006 0.0775431469 0.0380270891 0.9992522597 0.0069931252 -0.0777540803 -0.0040181400 0.9969644547
-47.4 39.0 1863.0 0.9968735576 -0.0239338111 0.0753016472 0.0179853626 0.9967357516 0.0787041709 -0.0769395381 -0.0771037713 0.9940499663
-193.8 231.1 1858.8 0.1261373460 -0.7343532443 -0.6669442654 0.9919809699 0.0987579077 0.0788711309 0.0079467474 -0.6715446115 0.7409214973
-230.9 -60.6 1856.5 -0.2012177259 -0.7378610373 -0.6442611814 0.9036306143 0.1140533686 -0.4128481448 0.3781047463 -0.6652464867 0.6438042521
89.8 236.5 1837.0 0.5923428535 0.5990193486 0.5388002396 0.0088056941 0.6638939381 -0.7477748990 -0.8056378961 0.4476836324 0.3879780471
227.0 238.6 1650.5 -0.7425297499 0.5990193486 0.2997088134 0.6698130369 0.6638939381 0.3325587511 0.0002342591 0.4476836324 -0.8941919804
-134.3 -175.2 1886.6 0.9939836860 0.0633481145 0.0893501714 -0.0430743434 0.9761287570 -0.2128784209 -0.1007027179 0.2077489793 0.9729847312
-159.5 -562.6 1804.2 0.9949070811 0.0000000000 0.1007962748 0.0000000000 1.0000000000 0.0000000000 -0.1007962748 0.0000000000 0.9949070811
45.5 -171.7 1876.9 0.9864940643 -0.0091554290 -0.1635407805 -0.0048272996 0.9963778853 -0.0848985240 0.1637257040 0.0845413506 0.9828767180
49.1 -568.5 1843.2 0.9865055680 0.0000000000 -0.1637276113 0.0000000000 1.0000000000 0.0000000000 0.1637276113 0.0000000000 0.9865055680
-174.3 -314.8 1750.1 0 0 0 0 0 0 0 0 0
42.6 404.9 1650.5 0 0 0 0 0 0 0 0 0
-159.5 -939.3 1804.2 0 0 0 0 0 0 0 0 0
49.1 -945.2 1843.2 0 0 0 0 0 0 0 0 0
-61.1 455.7 1846.1 2 0.9978113174 -0.0549604334 0.0367679261 0.0553894714 0.9984069467 -0.0107530197 -0.0361183621 0.0127660409 0.9992659688
-48.0 216.7 1843.1 0.9978113174 -0.0549604334 0.0367679261 0.0553894714 0.9984069467 -0.0107530197 -0.0361183621 0.0127660409 0.9992659688
-46.5 21.7 1858.7 0.9993919730 -0.0082650743 0.0338728763 0.0055111540 0.9967310429 0.0806029364 -0.0344283357 -0.0803672448 0.9961705804
-190.1 215.9 1848.0 0.1522554010 -0.8258534074 -0.5429405570 0.9858685732 0.0880716890 0.1425008923 -0.0698671564 -0.5569645762 0.8275923133
-229.2 -36.7 1865.9 -0.1572356522 -0.8258534074 -0.5415192842 0.9125833511 0.0880716890 -0.3992931545 0.3774501085 -0.5569645762 0.7398120165
94.2 217.6 1838.2 0.5738925338 0.5898408890 0.5680977702 0.0982886478 0.6390817165 -0.7628328204 -0.8130108714 0.4936216176 0.3087895513
226.2 240.2 1651.1 -0.7390480638 0.5898408890 0.3254161477 0.6735618711 0.6390817165 0.3713340461 0.0110604903 0.4936216176 -0.8696064353
-133.4 -158.3 1883.2 0.9970438480 0.0606105812 0.0472219959 -0.0511987470 0.9823570251 -0.1798702925 -0.0572909042 0.1769208610 0.9825562239
-157.0 -541.2 1814.2 0.9983531833 0.0000000000 0.0573661402 0.0000000000 1.0000000000 0.0000000000 -0.0573661402 0.0000000000 0.9983531833
46.2 -156.9 1870.4 0.9784082770 -0.0109476503 -0.2063912600 -0.0018834571 0.9980824590 -0.0618700981 0.2066728175 0.0609229468 0.9765115380
50.5 -544.1 1846.8 0.9784100056 0.0000000000 -0.2066731900 0.0000000000 1.0000000000 0.0000000000 0.2066731900 0.0000000000 0.9784100056
-184.9 -293.4 1759.7 0 0 0 0 0 0 0 0 0
41.7 408.4 1653.9 0 0 0 0 0 0 0 0 0
-157.0 -917.8 1814.2 0 0 0 0 0 0 0 0 0
50.5 -920.7 1846.8 0 0 0 0 0 0 0 0 0
-60.0 452.6 1845.7 3 0.9992766976 -0.0376914665 0.0050416249 0.0378693789 0.9984106421 -0.0417383946 -0.0034604308 0.0418991297 0.9991158247
-50.2 193.2 1834.8 0.9992766976 -0.0376914665 0.0050416249 0.0378693789 0.9984106421 -0.0417383946 -0.0034604308 0.0418991297 0.9991158247
-47.2 -1.5 1854.2 0.9998788238 -0.0155153349 0.0012847454 0.0153119182 0.9949684143 0.0990121216 -0.0028144873 -0.0989804491 0.9950854182
-192.5 191.0 1835.2 0.1519732773 -0.8687981963 -0.4712683260 0.9812089205 0.0752654746 0.1776631624 -0.1188831925 -0.4894127250 0.8639108539
-229.5 -47.9 1864.2 -0.1380960494 -0.8687981963 -0.4755199254 0.9123356938 0.0752654746 -0.4024657011 0.3854517043 -0.4894127250 0.7822417617
92.1 195.5 1834.4 0.5808296800 0.5605982542 0.5902258158 0.1949412227 0.6081805825 -0.7694896460 -0.7903383970 0.5620017648 0.2439656109
227.1 240.8 1650.8 -0.7426399589 0.5605982542 0.3663543761 0.6694929600 0.6081805825 0.4264920950 0.0162811112 0.5620017648 -0.8269758224
-135.4 -174.2 1876.6 0.9983960390 0.0539577082 0.0171445478 -0.0502405204 0.9839751720 -0.1710812300 -0.0261009596 0.1699454784 0.9851077199
-156.5 -558.7 1810.2 0.9996584654 0.0000000000 0.0261339638 0.0000000000 1.0000000000 0.0000000000 -0.0261339638 0.0000000000 0.9996584654
44.8 -174.1 1871.0 0.9714577794 -0.0179599375 -0.2365317494 0.0037971251 0.9981793165 -0.0601969548 0.2371822298 0.0575806573 0.9697571993
51.8 -563.2 1848.5 0.9714647532 0.0000000000 -0.2371839434 0.0000000000 1.0000000000 0.0000000000 0.2371839434 0.0000000000 0.9714647532
-190.6 -304.7 1755.7 0 0 0 0 0 0 0 0 0
42.1 407.5 1654.8 0 0 0 0 0 0 0 0 0
-156.5 -935.3 1810.2 0 0 0 0 0 0 0 0 0
51.8 -939.9 1848.5 0 0 0 0 0 0 0 0 0
-58.8 448.8 1847.0 4 0.9997342825 -0.0164967049 0.0161021892 0.0175433382 0.9975864291 -0.0671825781 -0.0149550354 0.0674472079 0.9976107478
-54.4 183.2 1829.0 0.9997342825 -0.0164967049 0.0161021892 0.0175433382 0.9975864291 -0.0671825781 -0.0149550354 0.0674472079 0.9976107478
-52.6 -9.0 1863.1 0.9998734593 -0.0092078904 0.0129710846 0.0068070386 0.9846728444 0.1742786169 -0.0143770128 -0.1741682738 0.9846109748
-196.8 182.3 1831.0 0.1284689307 -0.8881708980 -0.4411895275 0.9862116575 0.0676211268 0.1510426849 -0.1043179855 -0.4545105696 0.8846117258
-229.6 -69.6 1857.7 -0.1255923063 -0.8881708980 -0.4420170188 0.9157289863 0.0676211268 -0.3960653543 0.3816634119 -0.4545105696 0.8048311472
88.0 184.2 1827.0 0.6083173156 0.5248627067 0.5953732133 0.2403764427 0.5930680633 -0.7684330940 -0.7564187050 0.6105648279 0.2346089482
228.8 239.8 1652.0 -0.7571991086 0.5248627067 0.3888041675 0.6529718041 0.5930680633 0.4710606039 0.0166547894 0.6105648279 -0.7917911410
-135.5 -196.9 1876.4 0.9979203939 0.0604667515 0.0223318692 -0.0559405796 0.9845353365 -0.1660143733 -0.0320248641 0.1644198596 0.9858704209
-159.2 -583.4 1811.9 0.9994854331 0.0000000000 0.0320750922 0.0000000000 1.0000000000 0.0000000000 -0.0320750922 0.0000000000 0.9994854331
45.7 -195.5 1873.1 0.9741878510 -0.0147872344 -0.2252541184 -0.0005657225 0.9976891279 -0.0679418594 0.2257382572 0.0663155615 0.9719282389
51.5 -585.3 1847.2 0.9741879702 0.0000000000 -0.2257382870 0.0000000000 1.0000000000 0.0000000000 0.2257382870 0.0000000000 0.9741879702
-194.3 -327.4 1750.2 0 0 0 0 0 0 0 0 0
41.7 401.2 1656.1 0 0 0 0 0 0 0 0 0
-159.2 -960.0 1811.9 0 0 0 0 0 0 0 0 0
51.5 -962.0 1847.2 0 0 0 0 0 0 0 0 0
-58.8 446.1 1847.1 5 0.9995831251 -0.0127211930 0.0259169787 0.0148414588 0.9964112639 -0.0833327398 -0.0247638766 0.0836826488 0.9961847067
-55.3 174.2 1824.3 0.9995831251 -0.0127211930 0.0259169787 0.0148414588 0.9964112639 -0.0833327398 -0.0247638766 0.0836826488 0.9961847067
-52.5 -16.6 1866.4 0.9996605515 -0.0142204212 0.0218307264 0.0091747567 0.9763765335 0.2158811837 -0.0243849307 -0.2156075984 0.9761755466
-197.7 172.9 1827.8 0.1280770153 -0.8632247448 -0.4883024991 0.9862424135 0.0589735322 0.1544280052 -0.1045091450 -0.5013633370 0.8589020371
-230.6 -80.4 1854.6 -0.1594826132 -0.8632247448 -0.4789659083 0.9104313254 0.0589735322 -0.4094349146 0.3816806674 -0.5013633370 0.7765015960
87.1 175.5 1820.8 0.6195383072 0.5049036741 0.6010362506 0.2774164379 0.5754390359 -0.7693569064 -0.7343108654 0.6433833838 0.2164379209
229.9 239.4 1651.7 -0.7647650838 0.5049036741 0.4002581537 0.6438506842 0.5754390359 0.5043076873 0.0243026521 0.6433833838 -0.7651582956
-141.5 -201.4 1899.7 0.9988184571 0.0407184735 0.0265271664 -0.0332129933 0.9704409242 -0.2390425056 -0.0354764946 0.2378790230 0.9706466794
-157.4 -580.8 1806.7 0.9993698001 0.0000000000 0.0354960784 0.0000000000 1.0000000000 0.0000000000 -0.0354960784 0.0000000000 0.9993698001
39.5 -201.0 1895.7 0.9764394164 -0.0386804529 -0.2122965902 0.0071930289 0.9890912175 -0.1471287757 0.2156716883 0.1421352923 0.9660658836
54.5 -586.7 1840.3 0.9764646888 0.0000000000 -0.2156772763 0.0000000000 1.0000000000 0.0000000000 0.2156772763 0.0000000000 0.9764646888
-185.7 -336.7 1747.2 0 0 0 0 0 0 0 0 0
41.7 397.8 1657.6 0 0 0 0 0 0 0 0 0
-157.4 -957.5 1806.7 0 0 0 0 0 0 0 0 0
54.5 -963.4 1840.3 0 0 0 0 0 0 0 0 0
-59.8 446.5 1846.2 6 0.9986675978 -0.0155384503 0.0492094718 0.0200034268 0.9955965281 -0.0915829092 -0.0475697219 0.0924452394 0.9945808053
-55.5 170.8 1820.6 0.9986675978 -0.0155384503 0.0492094718 0.0200034268 0.9955965281 -0.0915829092 -0.0475697219 0.0924452394 0.9945808053
-52.4 -18.2 1870.6 0.9989259243 -0.0152437631 0.0437569246 0.0035377529 0.9666705132 0.2559993267 -0.0462009199 -0.2555695474 0.9656861424
-197.8 170.3 1827.2 0.1160725504 -0.8059689403 -0.5804663897 0.9901972413 0.0481834710 0.1311020702 -0.0776953101 -0.5899935365 0.8036609888
-228.7 -93.0 1847.8 -0.2151860297 -0.8059689403 -0.5514608026 0.9046489596 0.0481834710 -0.4234248400 0.3678385615 -0.5899935365 0.7187505960
86.8 171.2 1814.1 0.6392947435 0.4742500186 0.6053008437 0.3084918559 0.5628671646 -0.7668202519 -0.7043685317 0.6769545674 0.2135357708
232.3 241.4 1653.7 -0.7704713345 0.4742500186 0.4259822071 0.6373995543 0.5628671646 0.5262151361 0.0097861439 0.6769545674 -0.7359597683
-140.2 -207.9 1911.4 0.9980740547 0.0454952121 0.0421700478 -0.0313573889 0.9565645456 -0.2898292243 -0.0535242148 0.2879486978 0.9561489224
-158.0 -581.8 1798.9 0.9985651374 0.0000000000 0.0535505489 0.0000000000 1.0000000000 0.0000000000 -0.0535505489 0.0000000000 0.9985651374
40.7 -206.7 1906.3 0.9813473225 -0.0331597142 -0.1893616617 -0.0020415334 0.9831584096 -0.1827439815 0.1922322512 0.1797219068 0.9647521973
53.6 -590.7 1836.1 0.9813494086 0.0000000000 -0.1922326535 0.0000000000 1.0000000000 0.0000000000 0.1922326535 0.0000000000 0.9813494086
-168.2 -347.4 1744.4 0 0 0 0 0 0 0 0 0
43.6 397.5 1656.1 0 0 0 0 0 0 0 0 0
-158.0 -958.4 1798.9 0 0 0 0 0 0 0 0 0
53.6 -967.3 1836.1 0 0 0 0 0 0 0 0 0
-64.9 445.5 1845.2 7 0.9921233058 -0.0210859943 0.1234775484 0.0250099711 0.9992274642 -0.0303154048 -0.1227429211 0.0331647918 0.9918842316
-59.9 207.8 1837.4 0.9921233058 -0.0210859943 0.1234775484 0.0250099711 0.9992274642 -0.0303154048 -0.1227429211 0.0331647918 0.9918842316
-56.2 15.6 1867.0 0.9925884604 -0.0224676281 0.1194292381 0.0037865338 0.9880015254 0.1543975472 -0.1214652210 -0.1528009921 0.9807640314
-200.9 206.8 1854.6 0.0874846801 -0.8496360183 -0.5200625658 0.9956414104 0.0915154219 0.0179758556 0.0323208123 -0.5193684101 0.8539389968
-227.7 -98.5 1844.7 -0.2594401240 -0.8254045844 -0.5013961792 0.8952485323 -0.0108110690 -0.4454359710 0.3622442484 -0.5644381642 0.7417470217
81.2 208.9 1820.1 0.6799685359 0.4969132245 0.5391845703 0.1470227391 0.6280127764 -0.7641885877 -0.7183502316 0.5988966227 0.3539714217
236.4 242.4 1656.2 -0.7788962126 0.4969132245 0.3826198280 0.6270514727 0.6280127764 0.4608756304 -0.0112749580 0.5988966227 -0.8007469773
-140.6 -197.0 1916.7 0.9922369123 0.0451750420 0.1158667281 -0.0077953357 0.9524507523 -0.3045929074 -0.1241173446 0.3013251126 0.9454089403
-158.6 -576.1 1796.8 0.9922670722 0.0000000000 0.1241211221 0.0000000000 1.0000000000 0.0000000000 -0.1241211221 0.0000000000 0.9922670722
39.0 -192.3 1899.6 0.9919241667 -0.0378734991 -0.1210458800 0.0166481845 0.9849970937 -0.1717658639 0.1257352233 0.1683635116 0.9776729345
54.2 -588.3 1831.9 0.9920616150 0.0000000000 -0.1257526428 0.0000000000 1.0000000000 0.0000000000 0.1257526428 0.0000000000 0.9920616150
-154.8 -350.2 1742.8 0 0 0 0 0 0 0 0 0
44.6 396.8 1653.4 0 0 0 0 0 0 0 0 0
-158.6 -952.8 1796.8 0 0 0 0 0 0 0 0 0
54.2 -965.0 1831.9 0 0 0 0 0 0 0 0 0
-67.2 445.9 1844.8 8 0.9877467752 -0.0264206734 0.1538125575 0.0254202336 0.9996410012 0.0084676743 -0.1539810598 -0.0044539669 0.9880637527
-61.4 227.6 1845.7 0.9877467752 -0.0264206734 0.1538125575 0.0254202336 0.9996410012 0.0084676743 -0.1539810598 -0.0044539669 0.9880637527
-57.2 33.7 1865.2 0.9881708622 -0.0243220199 0.1514158547 0.0087510981 0.9946776032 0.1026642025 -0.1531069577 -0.1001247168 0.9831242561
-202.0 226.0 1867.5 0.0920169204 -0.8680562973 -0.4878638685 0.9953908920 0.0934791788 0.0214150101 0.0270156804 -0.4875857830 0.8726570010
-228.8 -64.0 1859.6 -0.2210946083 -0.8507729769 -0.4767625332 0.9023754001 0.0069631906 -0.4308946431 0.3699133098 -0.5254872441 0.7661770582
79.1 229.2 1824.0 0.7016587257 0.5008885860 0.5067402720 0.0633618608 0.6645194292 -0.7445799112 -0.7096903324 0.5545489788 0.4345285892
241.2 243.9 1660.1 -0.7855904698 0.5008885860 0.3632605970 0.6179724336 0.6645194292 0.4201475680 -0.0309466049 0.5545489788 -0.8315754533
-142.5 -172.2 1903.7 0.9880101085 0.0346264951 0.1504559070 0.0037480812 0.9688577652 -0.2475894392 -0.1543435305 0.2451847941 0.9571115375
-156.1 -554.1 1807.0 0.9880170822 0.0000000000 0.1543446183 0.0000000000 1.0000000000 0.0000000000 -0.1543446183 0.0000000000 0.9880170822
36.0 -168.7 1877.4 0.9943726659 -0.0460303277 -0.0954157636 0.0382224470 0.9958907366 -0.0821019113 0.0988028571 0.0779928789 0.9920459390
54.1 -562.3 1846.6 0.9950998425 0.0000000000 -0.0988751054 0.0000000000 1.0000000000 0.0000000000 0.0988751054 0.0000000000 0.9950998425
-166.6 -317.7 1755.6 0 0 0 0 0 0 0 0 0
46.8 396.8 1652.4 0 0 0 0 0 0 0 0 0
-156.1 -930.7 1807.0 0 0 0 0 0 0 0 0 0
54.1 -939.0 1846.6 0 0 0 0 0 0 0 0 0
-68.8 447.3 1844.5 9 0.9858865738 -0.0306422971 0.1645866334 0.0260253996 0.9992069602 0.0301355254 -0.1653795242 -0.0254267752 0.9859021902
-62.4 239.0 1849.8 0.9858865738 -0.0306422971 0.1645866334 0.0260253996 0.9992069602 0.0301355254 -0.1653795242 -0.0254267752 0.9859021902
-57.6 44.3 1864.1 0.9862434268 -0.0258262847 0.1632694006 0.0134096192 0.9969640374 0.0766997933 -0.1647545844 -0.0734552890 0.9835955501
-202.8 236.9 1873.2 0.1020661145 -0.8748275638 -0.4735602140 0.9946771264 0.0965154171 0.0360851325 0.0141375978 -0.4747225940 0.8800219297
-231.5 -43.1 1869.3 -0.1883808374 -0.8639435172 -0.4670270681 0.9029391408 0.0346810333 -0.4283668101 0.3862816989 -0.5023931265 0.7735551596
78.0 241.2 1826.4 0.7032662034 0.5165422559 0.4884676933 0.0141017148 0.6768152118 -0.7360178232 -0.7107867002 0.5245047212 0.4686971605
241.5 244.4 1661.2 -0.7863748670 0.5165422559 0.3388194740 0.6173510551 0.6768152118 0.4009972513 -0.0221861377 0.5245047212 -0.8511184454
-142.4 -158.7 1896.5 0.9860543609 0.0303015728 0.1636418849 0.0080147069 0.9734976292 -0.2285566777 -0.1662306041 0.2266808450 0.9596787095
-154.3 -541.1 1807.4 0.9860860109 0.0000000000 0.1662359387 0.0000000000 1.0000000000 0.0000000000 -0.1662359387 0.0000000000 0.9860860109
35.7 -155.6 1866.7 0.9949688911 -0.0512924902 -0.0860581920 0.0468151942 0.9974825382 -0.0532628074 0.0885735303 0.0489660054 0.9948653579
55.9 -547.9 1847.4 0.9960609674 0.0000000000 -0.0886707455 0.0000000000 1.0000000000 0.0000000000 0.0886707455 0.0000000000 0.9960609674
-178.5 -297.1 1760.6 0 0 0 0 0 0 0 0 0
46.9 397.1 1655.7 0 0 0 0 0 0 0 0 0
-154.3 -917.8 1807.4 0 0 0 0 0 0 0 0 0
55.9 -924.5 1847.4 0 0 0 0 0 0 0 0 0
-69.8 447.0 1846.4 0 0.9835705757 -0.0337812565 0.1773351580 0.0274144895 0.9988927841 0.0382313766 -0.1784303188 -0.0327417031 0.9834076762
-62.9 243.9 1853.1 0.9835705757 -0.0337812565 0.1773351580 0.0274144895 0.9988927841 0.0382313766 -0.1784303188 -0.0327417031 0.9834076762
-57.8 48.7 1863.9 0.9838986397 -0.0268878303 0.1766933203 0.0166160315 0.9980984330 0.0593582764 -0.1779533476 -0.0554665849 0.9824744463
-203.1 241.4 1878.4 0.1088870093 -0.8815915585 -0.4592820108 0.9940015674 0.1013138890 0.0411868654 0.0102216545 -0.4610117674 0.8873351812
-232.9 -31.1 1875.6 -0.1513256431 -0.8757316470 -0.4584698975 0.9072757363 0.0610534474 -0.4160807729 0.3923662603 -0.4789223075 0.7852911353
77.2 246.4 1827.7 0.7071143389 0.5201103091 0.4790350795 -0.0050708787 0.6811776757 -0.7321006060 -0.7070810795 0.5152496696 0.4843079150
241.5 245.2 1663.4 -0.7872337103 0.5201103091 0.3312828541 0.6163256764 0.6811776757 0.3951450884 -0.0201434419 0.5152496696 -0.8568033576
-142.0 -150.5 1892.3 0.9836972952 0.0279490743 0.1776469499 0.0114897313 0.9760625958 -0.2171861827 -0.1794646829 0.2156865895 0.9598290324
-153.0 -533.4 1807.7 0.9837622643 0.0000000000 0.1794765294 0.0000000000 1.0000000000 0.0000000000 -0.1794765294 0.0000000000 0.9837622643
36.0 -147.3 1861.5 0.9959065914 -0.0515772514 -0.0742286220 0.0489989258 0.9981445074 -0.0361477062 0.0759552866 0.0323626138 0.9965859056
56.2 -539.0 1848.8 0.9971042871 0.0000000000 -0.0760466307 0.0000000000 1.0000000000 0.0000000000 0.0760466307 0.0000000000 0.9971042871
-190.3 -286.3 1765.2 0 0 0 0 0 0 0 0 0
46.8 397.7 1658.4 0 0 0 0 0 0 0 0 0
-153.0 -910.1 1807.7 0 0 0 0 0 0 0 0 0
56.2 -915.7 1848.8 0 0 0 0 0 0 0 0 0
-70.6 446.9 1845.3 1 0.9825829268 -0.0351453424 0.1824709177 0.0271338131 0.9985627532 0.0462189205 -0.1838330477 -0.0404627882 0.9821243286
-63.6 246.3 1853.5 0.9825829268 -0.0351453424 0.1824709177 0.0271338131 0.9985627532 0.0462189205 -0.1838330477 -0.0404627882 0.9821243286
-58.0 51.0 1863.3 0.9828317165 -0.0290975440 0.1821954697 0.0194006097 0.9983099103 0.0547809005 -0.1834815294 -0.0503057018 0.9817351103
-203.6 243.5 1879.6 0.1071813628 -0.8847360611 -0.4536014795 0.9942107797 0.0988390669 0.0421391577 0.0075515155 -0.4554920197 0.8902078271
-232.6 -25.6 1877.6 -0.1163951308 -0.8827712536 -0.4551561177 0.9155643582 0.0822566971 -0.3936695158 0.3849597871 -0.4625459611 0.7986596227
76.4 249.2 1827.3 0.7165507674 0.5152651668 0.4701667428 -0.0166949555 0.6865160465 -0.7269229889 -0.6973351240 0.5130278468 0.5005259514
243.1 245.3 1665.2 -0.7898092866 0.5152651668 0.3327207267 0.6127696037 0.6865160465 0.3914194107 -0.0267333165 0.5130278468 -0.8579555750
-141.7 -147.4 1890.3 0.9825028181 0.0293282401 0.1839239448 0.0098479977 0.9779618382 -0.2085513473 -0.1859870404 0.2067135721 0.9605614543
-153.2 -530.8 1809.2 0.9825505018 0.0000000000 0.1859960556 0.0000000000 1.0000000000 0.0000000000 -0.1859960556 0.0000000000 0.9825505018
36.0 -144.0 1857.6 0.9962888956 -0.0514828078 -0.0689776465 0.0494108237 0.9982843399 -0.0314163454 0.0704767033 0.0278915167 0.9971234202
56.2 -535.4 1846.6 0.9975073338 0.0000000000 -0.0705628917 0.0000000000 1.0000000000 0.0000000000 0.0705628917 0.0000000000 0.9975073338
-199.9 -283.2 1769.2 0 0 0 0 0 0 0 0 0
46.6 397.7 1658.5 0 0 0 0 0 0 0 0 0
-153.2 -907.4 1809.2 0 0 0 0 0 0 0 0 0
56.2 -912.1 1846.6 0 0 0 0 0 0 0 0 0
-70.8 448.4 1843.8 2 0.9825906754 -0.0379633233 0.1818634868 0.0290054586 0.9982430935 0.0516658612 -0.1835053861 -0.0454913601 0.9819655418
-63.2 248.6 1852.9 0.9825906754 -0.0379633233 0.1818634868 0.0290054586 0.9982430935 0.0516658612 -0.1835053861 -0.0454913601 0.9819655418
-56.7 53.2 1862.1 0.9827567935 -0.0335313939 0.1818369776 0.0243661124 0.9983285666 0.0524062105 -0.1832903028 -0.0470719002 0.9819312096
-203.2 245.1 1879.0 0.1066874564 -0.8849323392 -0.4533349276 0.9942687154 0.0981095582 0.0424756296 0.0068884329 -0.4552683830 0.8903276324
-232.1 -23.7 1877.2 -0.0907652304 -0.8848829269 -0.4568849802 0.9229292870 0.0976058245 -0.3723904788 0.3741165996 -0.4554726481 0.8078251481
76.8 252.1 1826.8 0.7195746899 0.5096417665 0.4716752470 -0.0208355393 0.6947808266 -0.7189196944 -0.6941024065 0.5074887872 0.5105653405
244.5 247.3 1665.1 -0.7961637974 0.5096417665 0.3261724114 0.6044346690 0.6947808266 0.3897927403 -0.0279636644 0.5074887872 -0.8612045050
-141.2 -145.9 1889.4 0.9821490645 0.0345472917 0.1849046350 0.0042451001 0.9786686301 -0.2054013908 -0.1880564243 0.2025197148 0.9610517621
-154.8 -529.4 1810.1 0.9821578860 0.0000000000 0.1880581230 0.0000000000 1.0000000000 0.0000000000 -0.1880581230 0.0000000000 0.9821578860
36.4 -142.2 1856.0 0.9961534142 -0.0534705967 -0.0694206953 0.0517462902 0.9983111024 -0.0264049135 0.0707153380 0.0227110814 0.9972379804
57.3 -533.4 1847.1 0.9974898100 0.0000000000 -0.0708102062 0.0000000000 1.0000000000 0.0000000000 0.0708102062 0.0000000000 0.9974898100
-206.5 -283.5 1771.9 0 0 0 0 0 0 0 0 0
46.6 397.5 1658.1 0 0 0 0 0 0 0 0 0
-154.8 -906.1 1810.1 0 0 0 0 0 0 0 0 0
57.3 -910.1 1847.1 0 0 0 0 0 0 0 0 0
-71.9 447.5 1848.0 3 0.9834238887 -0.0476229154 0.1749555916 0.0402070843 0.9981461167 0.0456917211 -0.1768072098 -0.0378998779 0.9835155606
-62.4 248.6 1855.6 0.9834238887 -0.0476229154 0.1749555916 0.0402070843 0.9981461167 0.0456917211 -0.1768072098 -0.0378998779 0.9835155606
-54.5 53.1 1863.0 0.9837406278 -0.0402585380 0.1750245988 0.0330113471 0.9984804988 0.0441238731 -0.1765350103 -0.0376286507 0.9835748672
-202.6 243.9 1880.7 0.1059188917 -0.8821709752 -0.4588633478 0.9942749739 0.1004959717 0.0363024697 0.0140889315 -0.4600814581 0.8877649307
-231.0 -22.6 1877.0 -0.0703086779 -0.8832219839 -0.4636546373 0.9274414182 0.1132677197 -0.3564026058 0.3672997355 -0.4550707042 0.8111729622
77.8 253.4 1830.4 0.7165153623 0.5113593340 0.4744653404 -0.0269099567 0.6999234557 -0.7137107253 -0.6970520616 0.4986168742 0.5152665973
245.9 247.0 1666.9 -0.7950606942 0.5113593340 0.3261750638 0.6055401564 0.6999234557 0.3787192404 -0.0346359797 0.4986168742 -0.8661302328
-139.0 -144.3 1887.8 0.9828373194 0.0382103287 0.1804738343 -0.0012759876 0.9796980023 -0.2004750073 -0.1844700724 0.1968040317 0.9629324675
-154.0 -528.2 1810.7 0.9828380942 0.0000000000 0.1844702214 0.0000000000 1.0000000000 0.0000000000 -0.1844702214 0.0000000000 0.9828380942
38.6 -139.8 1854.5 0.9961987138 -0.0413168482 -0.0766876936 0.0400067866 0.9990273714 -0.0185421202 0.0773792043 0.0154036088 0.9968827367
54.8 -531.2 1848.5 0.9969969392 0.0000000000 -0.0774412081 0.0000000000 1.0000000000 0.0000000000 0.0774412081 0.0000000000 0.9969969392
-211.2 -283.7 1773.6 0 0 0 0 0 0 0 0 0
47.7 398.0 1658.2 0 0 0 0 0 0 0 0 0
-154.0 -904.8 1810.7 0 0 0 0 0 0 0 0 0
54.8 -907.9 1848.5 0 0 0 0 0 0 0 0 0
-72.1 445.6 1846.7 4 0.9861098528 -0.0576262325 0.1557772309 0.0504533425 0.9974931479 0.0496172309 -0.1582459658 -0.0410685576 0.9865452647
-60.6 246.5 1854.9 0.9861098528 -0.0576262325 0.1557772309 0.0504533425 0.9974931479 0.0496172309 -0.1582459658 -0.0410685576 0.9865452647
-51.0 51.0 1862.4 0.9865494370 -0.0488926694 0.1559798270 0.0422182679 0.9980571270 0.0458217412 -0.1579171121 -0.0386202149 0.9866968393
-201.1 240.5 1877.4 0.1014825925 -0.8742153645 -0.4748144448 0.9948168993 0.0922354311 0.0428019129 0.0063766241 -0.4766970575 0.8790445328
-228.2 -24.4 1875.7 -0.0461247601 -0.8773456216 -0.4776371121 0.9306179285 0.1360474527 -0.3397666514 0.3630740941 -0.4601693153 0.8101983666
80.0 252.5 1832.4 0.7133880854 0.5088696480 0.4817978144 -0.0229576733 0.7041291595 -0.7097006440 -0.7003930211 0.4952310622 0.5139998198
246.0 247.2 1669.4 -0.7957559824 0.5088696480 0.3283657730 0.6042010784 0.7041291595 0.3730190098 -0.0413938873 0.4952310622 -0.8677746058
-135.6 -145.3 1886.2 0.9851825237 0.0500570759 0.1640418023 -0.0163897723 0.9795607924 -0.2004795820 -0.1707243323 0.1948203593 0.9658665657
-155.2 -529.0 1809.9 0.9853148460 0.0000000000 0.1707472801 0.0000000000 1.0000000000 0.0000000000 -0.1707472801 0.0000000000 0.9853148460
42.2 -139.3 1854.2 0.9950289726 -0.0284764655 -0.0954275727 0.0269719213 0.9994912744 -0.0170195699 0.0958636850 0.0143610993 0.9952908754
53.4 -530.8 1848.6 0.9953911304 0.0000000000 -0.0958985761 0.0000000000 1.0000000000 0.0000000000 0.0958985761 0.0000000000 0.9953911304
-215.2 -286.4 1773.4 0 0 0 0 0 0 0 0 0
47.1 398.2 1659.1 0 0 0 0 0 0 0 0 0
-155.2 -905.7 1809.9 0 0 0 0 0 0 0 0 0
53.4 -907.5 1848.6 0 0 0 0 0 0 0 0 0
-71.2 445.0 1846.0 5 0.9934595823 -0.0888245702 0.0717509836 0.0883068815 0.9960394502 0.0103616249 -0.0723871738 -0.0039577507 0.9973687530
-51.4 223.8 1846.8 0.9934595823 -0.0888245702 0.0717509836 0.0883068815 0.9960394502 0.0103616249 -0.0723871738 -0.0039577507 0.9973687530
-45.1 28.5 1858.9 0.9971020818 -0.0332268849 0.0684353188 0.0288119987 0.9975004792 0.0645182878 -0.0704080090 -0.0623595640 0.9955672026
-193.0 219.6 1856.8 0.1421783715 -0.8286470175 -0.5414143205 0.9875054955 0.0811918452 0.1350583881 -0.0679572970 -0.5538520217 0.8298372030
-228.4 -26.3 1873.7 -0.0401736796 -0.8354723454 -0.5480620265 0.9333943129 0.1643738747 -0.3189925551 0.3565965295 -0.5243731141 0.7732216716
90.1 228.1 1836.9 0.6822195053 0.4873396456 0.5450473428 0.0870948881 0.6859930754 -0.7223765850 -0.7259414792 0.5402902365 0.4255530834
246.7 248.1 1670.2 -0.8029950261 0.4873396456 0.3430729210 0.5951600075 0.6859930754 0.4185667038 -0.0313615091 0.5402902365 -0.8408941031
-130.6 -148.2 1884.3 0.9948076010 0.0692492798 0.0745812878 -0.0535260513 0.9792802334 -0.1953080297 -0.0865609199 0.1903018653 0.9779020548
-157.7 -531.7 1809.7 0.9962357283 0.0000000000 0.0866851881 0.0000000000 1.0000000000 0.0000000000 -0.0866851881 0.0000000000 0.9962357283
47.7 -140.5 1855.7 0.9830530286 -0.0032142808 -0.1832933128 0.0006768075 0.9999030828 -0.0139046628 0.1833202392 0.0135449665 0.9829599261
49.0 -532.1 1850.4 0.9830532670 0.0000000000 -0.1833202839 0.0000000000 1.0000000000 0.0000000000 0.1833202839 0.0000000000 0.9830532670
-217.1 -289.2 1773.3 0 0 0 0 0 0 0 0 0
45.8 397.0 1662.4 0 0 0 0 0 0 0 0 0
-157.7 -908.4 1809.7 0 0 0 0 0 0 0 0 0
49.0 -908.8 1850.4 0 0 0 0 0 0 0 0 0
-71.4 446.0 1845.1 6 0.9953543544 -0.0927074999 0.0259823501 0.0934104621 0.9952536225 -0.0272889156 -0.0233291406 0.0295891631 0.9992898703
-49.1 206.3 1838.0 0.9953543544 -0.0927074999 0.0259823501 0.0934104621 0.9952536225 -0.0272889156 -0.0233291406 0.0295891631 0.9992898703
-44.5 12.4 1862.0 0.9995267987 -0.0256443992 0.0169865023 0.0233489294 0.9920369983 0.1237637177 -0.0200250838 -0.1233085319 0.9921663404
-191.1 202.7 1840.8 0.1522903740 -0.7969858646 -0.5844836831 0.9826035500 0.0584926382 0.1762637049 -0.1062916815 -0.6011590362 0.7920289636
-229.0 -41.8 1867.2 -0.0452886932 -0.8085476756 -0.5866852403 0.9342070222 0.1737430543 -0.3115615547 0.3538448811 -0.5621956587 0.7474823594
92.9 209.9 1835.2 0.6668734550 0.4615561068 0.5850176811 0.1813240796 0.6609708667 -0.7281751633 -0.7227733731 0.5916785002 0.3570927083
245.9 251.5 1669.4 -0.8115905523 0.4615561068 0.3581713438 0.5839114189 0.6609708667 0.4713438153 -0.0191892013 0.5916785002 -0.8059455752
-128.6 -169.4 1877.3 0.9965962768 0.0800146163 0.0198370963 -0.0751983672 0.9809775352 -0.1789643168 -0.0337795056 0.1768634468 0.9836555719
-159.9 -553.6 1808.0 0.9994260669 0.0000000000 0.0338754207 0.0000000000 1.0000000000 0.0000000000 -0.0338754207 0.0000000000 0.9994260669
50.9 -164.0 1864.6 0.9720304012 0.0108492086 -0.2346042991 -0.0225124322 0.9986367822 -0.0470935516 0.2337735593 0.0510578752 0.9709495306
46.7 -554.9 1844.7 0.9722768068 0.0000000000 -0.2338328212 0.0000000000 1.0000000000 0.0000000000 0.2338328212 0.0000000000 0.9722768068
-216.2 -304.9 1767.6 0 0 0 0 0 0 0 0 0
44.2 396.6 1664.6 0 0 0 0 0 0 0 0 0
-159.9 -930.3 1808.0 0 0 0 0 0 0 0 0 0
46.7 -931.5 1844.7 0 0 0 0 0 0 0 0 0
-71.5 445.2 1846.2 7 0.9952349067 -0.0930046961 0.0292854626 0.0942467377 0.9945604801 -0.0443512425 -0.0250012893 0.0468999632 0.9985866547
-48.5 198.5 1834.6 0.9952349067 -0.0930046961 0.0292854626 0.0942467377 0.9945604801 -0.0443512425 -0.0250012893 0.0468999632 0.9985866547
-46.5 5.0 1862.8 0.9997510910 -0.0111037809 0.0193512961 0.0081829699 0.9894034863 0.1449611634 -0.0207558572 -0.1447667331 0.9892480969
-190.7 197.2 1837.5 0.1509188712 -0.7945972085 -0.5880806446 0.9846598506 0.0681340694 0.1606321037 -0.0875694826 -0.6033018231 0.7926906943
-229.6 -56.7 1860.0 -0.0612567216 -0.8047811389 -0.5904023051 0.9339215755 0.1625031382 -0.3184073567 0.3521904647 -0.5708940625 0.7416480780
93.8 199.8 1831.7 0.6714707017 0.4431940615 0.5938906670 0.2246116996 0.6420106292 -0.7330565453 -0.7061704397 0.6256207824 0.3315447569
247.2 251.1 1670.3 -0.8152033091 0.4431940615 0.3728573024 0.5789366961 0.6420106292 0.5026476383 -0.0166079085 0.6256207824 -0.7799504995
-129.9 -183.8 1887.8 0.9966406822 0.0808576494 0.0130133107 -0.0763172507 0.9745783806 -0.2106482834 -0.0297150165 0.2089475095 0.9774752855
-161.6 -565.3 1806.0 0.9995558262 0.0000000000 0.0298019312 0.0000000000 1.0000000000 0.0000000000 -0.0298019312 0.0000000000 0.9995558262
50.2 -179.2 1884.2 0.9717127085 0.0052371835 -0.2361079752 -0.0323450528 0.9932844043 -0.1110851318 0.2339405864 0.1155797616 0.9653564692
48.1 -567.3 1839.0 0.9722214341 0.0000000000 -0.2340630591 0.0000000000 1.0000000000 0.0000000000 0.2340630591 0.0000000000 0.9722214341
-212.4 -319.7 1760.8 0 0 0 0 0 0 0 0 0
44.1 395.4 1666.1 0 0 0 0 0 0 0 0 0
-161.6 -941.9 1806.0 0 0 0 0 0 0 0 0 0
48.1 -943.9 1839.0 0 0 0 0 0 0 0 0 0
-73.2 444.9 1846.2 8 0.9955688715 -0.0925951749 0.0163938943 0.0934631750 0.9935597777 -0.0640594065 -0.0103567215 0.0653077736 0.9978114367
-48.8 183.6 1829.1 0.9955688715 -0.0925951749 0.0163938943 0.0934631750 0.9935597777 -0.0640594065 -0.0103567215 0.0653077736 0.9978114367
-43.6 -9.3 1861.1 0.9996173382 -0.0275431033 0.0025662500 0.0267509967 0.9861310124 0.1637985110 -0.0070421784 -0.1636671871 0.9864904881
-191.1 179.7 1830.1 0.1570201218 -0.8726711869 -0.4623739123 0.9818609357 0.0875628367 0.1681720316 -0.1062721089 -0.4803932905 0.8705909252
-230.1 -63.9 1856.4 -0.1025091559 -0.8726711869 -0.4774273038 0.9290184975 0.0875628367 -0.3595237732 0.3555509448 -0.4803932905 0.8017517328
93.5 187.5 1828.1 0.6736191511 0.4220679700 0.6067090034 0.2776387334 0.6162668467 -0.7369748354 -0.6849481463 0.6648862958 0.2979467511
247.7 251.1 1671.2 -0.8153926134 0.4220679700 0.3962241113 0.5786066651 0.6162668467 0.5342559814 -0.0186874401 0.6648862958 -0.7467107773
-134.7 -189.4 1892.9 0.9979463816 0.0640490055 0.0008765118 -0.0621898696 0.9720757604 -0.2262766361 -0.0153448302 0.2257574350 0.9740626812
-159.8 -569.9 1804.6 0.9998818040 0.0000000000 0.0153745906 0.0000000000 1.0000000000 0.0000000000 -0.0153745906 0.0000000000 0.9998818040
