143.4 494.2 2200.5 01 0.9967516065 0.0669657215 -0.0447418876 -0.0681449547 0.9973527789 -0.0253709350 0.0429244637 0.0283374544 0.9986763597
127.4 255.8 2193.8 0.9967516065 0.0669657215 -0.0447418876 -0.0681449547 0.9973527789 -0.0253709350 0.0429244637 0.0283374544 0.9986763597
127.7 57.2 2189.7 0.9990046024 -0.0015974779 -0.0445783734 0.0006895409 0.9997921586 -0.0203751586 0.0446016565 0.0203241389 0.9987980723
-18.6 255.7 2187.3 0.6043471694 -0.3415059745 -0.7198181748 -0.2770130634 0.7570385933 -0.5917400718 0.7470129132 0.5570154786 0.3629125059
-151.5 316.6 2023.0 -0.9030881524 -0.3415059745 -0.2603948116 -0.4284961224 0.7570385933 0.4932378829 0.0286852513 0.5570154786 -0.8300065994
273.3 255.9 2200.3 0.5428096056 0.3608826399 0.7583675981 -0.8367634416 0.1549685299 0.5251777768 0.0720044225 -0.9196458459 0.3860917985
401.9 57.6 2217.3 -0.5116153955 0.3608826399 0.7797521353 -0.7915753126 0.1549685299 -0.5910949707 -0.3341529667 -0.9196458459 0.2063815147
35.4 -138.8 2181.2 0.9989799857 0.0450243130 0.0034426716 -0.0448114723 0.9790820479 0.1984698772 0.0055653122 -0.1984217018 0.9801009297
17.5 -527.9 2260.1 0.9997230172 0.0235308912 -0.0003965490 -0.0233306307 0.9931450486 0.1145363450 0.0030889730 -0.1144953668 0.9934189916
218.5 -138.3 2191.4 0.9766334295 0.0924828649 -0.1939950883 -0.0759022310 0.9929319024 0.0912421644 0.2010622472 -0.0743854940 0.9767501354
181.7 -532.7 2221.0 0.9784339070 -0.0624258295 -0.1969013363 0.0753601268 0.9954159856 0.0588885583 0.1923225671 -0.0724570751 0.9786531329
78.8 425.9 2015.7 0 0 0 0 0 0 0 0 0
269.0 -148.0 2130.5 0 0 0 0 0 0 0 0 0
8.5 -907.1 2303.8 0 0 0 0 0 0 0 0 0
205.6 -912.4 2248.6 0 0 0 0 0 0 0 0 0
143.4 494.6 2200.2 02 0.9976978302 0.0558546893 -0.0384608246 -0.0567808002 0.9981119037 -0.0234226417 0.0370799415 0.0255525559 0.9989855289
130.0 255.8 2194.0 0.9976978302 0.0558546893 -0.0384608246 -0.0567808002 0.9981119037 -0.0234226417 0.0370799415 0.0255525559 0.9989855289
129.2 57.1 2190.2 0.9992567897 0.0039829719 -0.0383410752 -0.0047304421 0.9998001456 -0.0194243435 0.0382560454 0.0195912756 0.9990758896
-15.9 256.5 2188.5 0.6202811599 -0.3344799578 -0.7094888687 -0.2641997933 0.7625762224 -0.5904879570 0.7385457158 0.5537153482 0.3846420944
-153.9 315.3 2024.1 -0.8970364928 -0.3344799578 -0.2888748944 -0.4377302527 0.7625762224 0.4763084650 0.0609734841 0.5537153482 -0.8304706812
276.0 255.1 2199.6 0.5426751375 0.3609502912 0.7584316730 -0.8367347717 0.1534730941 0.5256623626 0.0733391419 -0.9198700190 0.3853056729
403.0 59.3 2216.8 -0.5141537786 0.3609502912 0.7780493498 -0.7901694179 0.1534730941 -0.5933618546 -0.3335837722 -0.9198700190 0.2063031197
36.3 -141.6 2181.6 0.9988178611 0.0473289452 0.0110833542 -0.0485971384 0.9773762822 0.2058493644 -0.0010899740 -0.2061446309 0.9785209298
17.5 -530.0 2263.5 0.9997227192 0.0228893682 0.0055304035 -0.0232990235 0.9955478907 0.0913317949 -0.0034152544 -0.0914353207 0.9958051443
219.6 -141.4 2189.8 0.9780621529 0.0912140012 -0.1872817576 -0.0747824982 0.9928523302 0.0930154771 0.1944274306 -0.0769695193 0.9778924584
183.3 -535.9 2220.4 0.9807931781 -0.0478492826 -0.1890905797 0.0626131967 0.9953726530 0.0728895515 0.1847278774 -0.0833291411 0.9792506695
72.2 425.6 2008.8 0 0 0 0 0 0 0 0 0
269.4 -146.0 2130.1 0 0 0 0 0 0 0 0 0
8.8 -910.2 2298.5 0 0 0 0 0 0 0 0 0
201.6 -915.9 2252.2 0 0 0 0 0 0 0 0 0
143.9 500.6 2206.5 03 0.9986125231 0.0390626751 -0.0353152156 -0.0400319397 0.9988289475 -0.0271686092 0.0342125818 0.0285446495 0.9990068674
135.3 280.0 2200.2 0.9986125231 0.0390626751 -0.0353152156 -0.0400319397 0.9988289475 -0.0271686092 0.0342125818 0.0285446495 0.9990068674
133.3 81.4 2194.2 0.9993267655 0.0097133666 -0.0353789814 -0.0107693719 0.9994984269 -0.0297811665 0.0350719616 0.0301421266 0.9989301562
-10.7 281.6 2195.0 0.6331765652 -0.3555728793 -0.6874993443 -0.1565659642 0.8110334873 -0.5636593103 0.7580069304 0.4645348489 0.4578567743
-153.7 317.0 2023.8 -0.8973240852 -0.3555728793 -0.2614907622 -0.4352760911 0.8110334873 0.3908444941 0.0731040612 0.4645348489 -0.8825322390
281.3 278.5 2205.3 0.4837703705 0.3661174178 0.7949366570 -0.8739104867 0.1528854966 0.4614178538 0.0473988317 -0.9179238081 0.3939153254
402.8 58.9 2217.2 -0.5144851804 0.3661174178 0.7754115462 -0.7886881828 0.1528854966 -0.5954804420 -0.3365649283 -0.9179238081 0.2100951523
36.8 -141.1 2182.8 0.9988003969 0.0465344265 0.0152433254 -0.0486164242 0.9795761704 0.1951075643 -0.0058527798 -0.1956145763 0.9806633592
18.3 -530.4 2260.5 0.9994409680 0.0313914977 0.0115021439 -0.0325211622 0.9926286936 0.1167502850 -0.0077523920 -0.1170590818 0.9930946827
220.1 -142.0 2189.8 0.9786688089 0.0948573723 -0.1822346300 -0.0776489675 0.9920169115 0.0993636400 0.1902052164 -0.0830937624 0.9782215357
182.4 -536.2 2222.8 0.9810335040 -0.0493808314 -0.1874427795 0.0581368171 0.9974455237 0.0415031947 0.1849144995 -0.0516133532 0.9813983440
75.3 428.0 2005.2 0 0 0 0 0 0 0 0 0
269.1 -146.0 2129.7 0 0 0 0 0 0 0 0 0
6.3 -909.5 2305.2 0 0 0 0 0 0 0 0 0
201.2 -917.0 2242.5 0 0 0 0 0 0 0 0 0
143.8 499.7 2209.1 04 0.9984980822 0.0542342328 -0.0077620037 -0.0544874854 0.9978158474 -0.0373456739 0.0057196361 0.0377125144 0.9992722869
131.4 272.5 2200.5 0.9984980822 0.0542342328 -0.0077620037 -0.0544874854 0.9978158474 -0.0373456739 0.0057196361 0.0377125144 0.9992722869
132.2 74.1 2191.8 0.9999603629 -0.0040535531 -0.0079275789 0.0037014643 0.9990275502 -0.0439344347 0.0080979606 0.0439033508 0.9990029335
-14.6 272.0 2199.3 0.6224390864 -0.3591028154 -0.6954241395 -0.1791062653 0.7995979786 -0.5732050538 0.7618992925 0.4813400507 0.4333834648
-154.7 312.3 2027.8 -0.8879034519 -0.3591028154 -0.2875284255 -0.4515835643 0.7995979786 0.3958729208 0.0877480656 0.4813400507 -0.8721307516
277.4 273.1 2201.7 0.5055476427 0.3903438151 0.7694500089 -0.8594281673 0.1490730941 0.4890403748 0.0761895925 -0.9085201621 0.4108360112
399.1 66.2 2220.1 -0.4796163142 0.3903438151 0.7858752608 -0.8094019294 0.1490730941 -0.5680190921 -0.3388755918 -0.9085201621 0.2444471568
39.8 -116.2 2185.0 0.9980251789 0.0489906147 0.0393149555 -0.0556812212 0.9796745777 0.1927103698 -0.0290748645 -0.1945189089 0.9804677963
20.3 -505.5 2262.3 0.9985854626 0.0407506153 0.0341538452 -0.0437593870 0.9947459102 0.0925511345 -0.0302028805 -0.0939147696 0.9951220155
223.0 -118.2 2191.4 0.9824642539 0.1006350890 -0.1569603086 -0.0880046934 0.9924474955 0.0854583755 0.1643749774 -0.0701465532 0.9839005470
183.1 -512.5 2219.3 0.9862382412 -0.0456160940 -0.1589129269 0.0566936210 0.9962153435 0.0658849105 0.1553060710 -0.0739875659 0.9850918055
72.6 427.9 2005.4 0 0 0 0 0 0 0 0 0
274.6 -143.9 2132.1 0 0 0 0 0 0 0 0 0
4.7 -885.4 2298.1 0 0 0 0 0 0 0 0 0
200.5 -892.9 2247.5 0 0 0 0 0 0 0 0 0
144.8 498.5 2211.9 05 0.9987550974 0.0401191451 -0.0296438877 -0.0412922055 0.9983428717 -0.0400803126 0.0279867761 0.0412544794 0.9987566471
136.2 284.0 2203.1 0.9987550974 0.0401191451 -0.0296438877 -0.0412922055 0.9983428717 -0.0400803126 0.0279867761 0.0412544794 0.9987566471
134.4 85.6 2193.9 0.9995163083 0.0089572342 -0.0297812242 -0.0103124930 0.9989033937 -0.0456695072 0.0293394942 0.0459545329 0.9985125661
-9.7 285.5 2198.8 0.6364761591 -0.3881038725 -0.6665384173 -0.1050692126 0.8124957681 -0.5734204650 0.7641063929 0.4350011349 0.4763564169
-152.3 309.1 2027.6 -0.8798555732 -0.3881038725 -0.2742800713 -0.4671190381 0.8124957681 0.3487841785 0.0874869153 0.4350011349 -0.8961696625
282.2 282.6 2207.4 0.4775728583 0.3850531578 0.7897203565 -0.8768028021 0.1515390128 0.4563471675 0.0560444705 -0.9103680253 0.4099866152
400.8 64.7 2221.3 -0.4602646232 0.3850531578 0.7999315858 -0.8234676719 0.1515390128 -0.5467512608 -0.3317491412 -0.9103680253 0.2473307848
41.3 -124.8 2182.3 0.9982725978 0.0548358336 0.0210916437 -0.0578455031 0.9801756144 0.1894984990 -0.0102822063 -0.1903912127 0.9816544652
19.5 -514.3 2257.9 0.9992755651 0.0338829346 0.0173279978 -0.0357565358 0.9918050170 0.1226551980 -0.0130300764 -0.1231859326 0.9922980666
224.6 -124.1 2183.8 0.9791592360 0.1060272232 -0.1732207388 -0.0865616053 0.9894324541 0.1163208261 0.1837233901 -0.0989023447 0.9779897928
182.5 -517.1 2223.0 0.9823982120 -0.0449598767 -0.1813072860 0.0521456078 0.9980238676 0.0350604989 0.1793726832 -0.0438977517 0.9828013182
70.7 427.4 2005.5 0 0 0 0 0 0 0 0 0
281.3 -149.1 2135.1 0 0 0 0 0 0 0 0 0
6.6 -893.0 2305.0 0 0 0 0 0 0 0 0 0
199.7 -898.2 2239.8 0 0 0 0 0 0 0 0 0
144.7 498.0 2212.4 06 0.9972756505 0.0581158474 -0.0454299264 -0.0597487614 0.9975837469 -0.0354515165 0.0432598628 0.0380693153 0.9983382821
132.1 282.0 2204.1 0.9972756505 0.0581158474 -0.0454299264 -0.0597487614 0.9975837469 -0.0354515165 0.0432598628 0.0380693153 0.9983382821
132.1 83.6 2193.9 0.9989464283 0.0002224718 -0.0458907485 -0.0025754257 0.9986840487 -0.0512201972 0.0458189622 0.0512844212 0.9976324439
-13.7 282.4 2197.4 0.6293854117 -0.3871858120 -0.6737663746 -0.1138407737 0.8117402792 -0.5728158355 0.7687094808 0.4372240007 0.4668199718
-151.3 307.2 2029.4 -0.8797684312 -0.3871858120 -0.2758525312 -0.4671469033 0.8117402792 0.3505017161 0.0882113203 0.4372240007 -0.8950161338
278.0 281.6 2210.8 0.4915218651 0.3877737522 0.7797677517 -0.8692146540 0.1633450091 0.4666737020 0.0535926297 -0.9071658850 0.4173462689
398.9 67.9 2224.0 -0.4312637150 0.3877737522 0.8146429658 -0.8376568556 0.1633450091 -0.5212000012 -0.3351755440 -0.9071658850 0.2543765604
41.0 -111.9 2182.0 0.9987609982 0.0495866127 0.0041953721 -0.0494198576 0.9784330726 0.2005651742 0.0058404570 -0.2005240172 0.9796713591
21.3 -500.8 2261.7 0.9987159967 0.0506196730 -0.0020156931 -0.0503139384 0.9957536459 0.0770918503 0.0059094978 -0.0768914446 0.9970219731
224.3 -113.8 2187.4 0.9751372933 0.1131151915 -0.1905576289 -0.0939129442 0.9898163080 0.1069768295 0.2007177472 -0.0864212662 0.9758297801
179.3 -507.1 2221.8 0.9782227874 -0.0593892448 -0.1988794804 0.0663746670 0.9973837137 0.0286371876 0.1966584176 -0.0412141085 0.9796054363
71.1 425.3 2007.1 0 0 0 0 0 0 0 0 0
286.9 -149.6 2137.0 0 0 0 0 0 0 0 0 0
2.0 -880.7 2291.1 0 0 0 0 0 0 0 0 0
202.0 -888.0 2237.5 0 0 0 0 0 0 0 0 0
144.0 497.3 2212.6 07 0.9966905117 0.0535068400 -0.0611971729 -0.0564218797 0.9973029494 -0.0469404384 0.0585204847 0.0502379499 0.9970213175
132.0 273.6 2201.3 0.9966905117 0.0535068400 -0.0611971729 -0.0564218797 0.9973029494 -0.0469404384 0.0585204847 0.0502379499 0.9970213175
131.3 75.0 2192.8 0.9981271029 0.0036965783 -0.0610626601 -0.0062846253 0.9990874529 -0.0422459394 0.0608507730 0.0425505713 0.9972395301
-13.7 274.5 2192.4 0.6393051147 -0.3728095293 -0.6725340486 -0.1505865008 0.7969760299 -0.5849384069 0.7540640831 0.4752286375 0.4533707798
-151.0 306.8 2030.5 -0.8806300759 -0.3728095293 -0.2924101055 -0.4652829766 0.7969760299 0.3851505816 0.0894560367 0.4752286375 -0.8753030300
277.8 272.6 2210.2 0.5005212426 0.3659750223 0.7845640779 -0.8645277023 0.1636655927 0.4751899242 0.0455014966 -0.9161199927 0.3983136415
397.4 66.1 2221.1 -0.4223324955 0.3659750223 0.8292753100 -0.8479979634 0.1636655927 -0.5040962696 -0.3202104867 -0.9161199927 0.2412247658
40.5 -114.6 2179.5 0.9985299706 0.0530928448 -0.0109122908 -0.0501308739 0.9811655283 0.1865504235 0.0206112564 -0.1857291460 0.9823848009
19.4 -504.5 2253.3 0.9991701245 0.0383423045 -0.0137463855 -0.0361664593 0.9903730154 0.1336161792 0.0187372025 -0.1330081373 0.9909378290
223.6 -115.1 2187.9 0.9728134871 0.1059893966 -0.2059130669 -0.0855503902 0.9907036424 0.1057704315 0.2152093798 -0.0852789581 0.9728373289
181.5 -508.8 2221.8 0.9756576419 -0.0524409041 -0.2129367590 0.0612466857 0.9975100160 0.0349656306 0.2105729282 -0.0471561588 0.9764401317
71.3 424.3 2007.9 0 0 0 0 0 0 0 0 0
287.7 -154.1 2137.9 0 0 0 0 0 0 0 0 0
4.8 -882.1 2304.0 0 0 0 0 0 0 0 0 0
201.6 -889.9 2239.8 0 0 0 0 0 0 0 0 0
144.2 496.6 2213.2 08 0.9967547059 0.0560851321 -0.0577453747 -0.0589459315 0.9970533848 -0.0490907617 0.0548219606 0.0523353033 0.9971236587
131.4 268.0 2201.2 0.9967547059 0.0560851321 -0.0577453747 -0.0589459315 0.9970533848 -0.0490907617 0.0548219606 0.0523353033 0.9971236587
131.0 69.4 2193.0 0.9983437061 0.0017457287 -0.0575046353 -0.0040961346 0.9991596937 -0.0407808572 0.0573851205 0.0409488603 0.9975119829
-14.5 268.6 2192.8 0.6415954828 -0.3650824130 -0.6745887995 -0.1749215275 0.7866532803 -0.5920971632 0.7468317747 0.4978870153 0.4408524334
-153.8 306.6 2030.6 -0.8790996075 -0.3650824130 -0.3064290285 -0.4673261642 0.7866532803 0.4034636319 0.0937559232 0.4978870153 -0.8621591330
277.2 267.4 2209.5 0.5018288493 0.3412097096 0.7948231101 -0.8643591404 0.1633782238 0.4755952656 0.0324209444 -0.9256800413 0.3769156337
397.6 60.0 2217.3 -0.4347844124 0.3412097096 0.8333897591 -0.8456711173 0.1633782238 -0.5080826283 -0.3095204532 -0.9256800413 0.2175168842
39.0 -122.9 2178.8 0.9986675978 0.0510243736 -0.0077178534 -0.0486077368 0.9803141356 0.1913672686 0.0173303168 -0.1907371432 0.9814881682
18.8 -512.5 2254.6 0.9991663694 0.0393214636 -0.0109729441 -0.0375947058 0.9910446405 0.1281296909 0.0159129240 -0.1276103556 0.9916967154
222.1 -124.0 2189.9 0.9737488627 0.1003934294 -0.2042898238 -0.0830211863 0.9922993183 0.0919211209 0.2119449228 -0.0725477040 0.9745851159
182.2 -518.3 2218.8 0.9775942564 -0.0445294790 -0.2057343423 0.0616191477 0.9950926900 0.0774181113 0.2012773603 -0.0883606747 0.9755407572
69.9 425.5 2006.7 0 0 0 0 0 0 0 0 0
284.7 -159.7 2136.9 0 0 0 0 0 0 0 0 0
3.7 -890.7 2303.3 0 0 0 0 0 0 0 0 0
199.2 -898.2 2252.5 0 0 0 0 0 0 0 0 0
144.6 498.4 2219.5 09 0.9974268675 0.0384801738 -0.0604885630 -0.0420548394 0.9973729849 -0.0589787588 0.0580601469 0.0613708384 0.9964249134
136.3 283.3 2206.2 0.9974268675 0.0384801738 -0.0604885630 -0.0420548394 0.9973729849 -0.0589787588 0.0580601469 0.0613708384 0.9964249134
134.4 84.9 2195.1 0.9981287718 0.0095134927 -0.0604019314 -0.0128670139 0.9983826280 -0.0553762391 0.0597774200 0.0560498089 0.9966368675
-9.5 285.2 2197.5 0.6546889544 -0.3704777658 -0.6588844061 -0.0950081572 0.8244145513 -0.5579553246 0.7499039173 0.4278865457 0.5045366287
-155.2 306.3 2030.7 -0.8773651719 -0.3704777658 -0.3049205542 -0.4618306458 0.8244145513 0.3271897435 0.1301643997 0.4278865457 -0.8944106102
282.1 281.4 2215.0 0.4540660679 0.3547880054 0.8172817826 -0.8908885717 0.1685447991 0.4217940569 0.0118988920 -0.9196293354 0.3926070631
397.2 55.5 2218.0 -0.4419388473 0.3547880054 0.8239026070 -0.8365596533 0.1685447991 -0.5213066339 -0.3238178492 -0.9196293354 0.2223148495
39.1 -128.7 2179.6 0.9986178875 0.0520084053 -0.0075776856 -0.0494963974 0.9791152477 0.1971888840 0.0176749080 -0.1965412796 0.9803362489
18.4 -517.8 2257.7 0.9993458390 0.0342426598 -0.0116352793 -0.0326058790 0.9922682047 0.1197523773 0.0156459585 -0.1192946583 0.9927356243
222.2 -129.5 2190.1 0.9740888476 0.0963275954 -0.2046263218 -0.0786432698 0.9925665259 0.0928815752 0.2120522857 -0.0743824244 0.9744234681
183.9 -523.9 2219.7 0.9778360724 -0.0343379416 -0.2065368891 0.0503431521 0.9960793257 0.0727426261 0.2032292932 -0.0815280825 0.9757310152
68.9 424.2 1997.5 0 0 0 0 0 0 0 0 0
282.4 -161.8 2133.9 0 0 0 0 0 0 0 0 0
5.4 -896.8 2303.3 0 0 0 0 0 0 0 0 0
197.0 -904.3 2250.8 0 0 0 0 0 0 0 0 0
144.8 499.3 2222.6 10 0.9975617528 0.0292674787 -0.0633557662 -0.0331894234 0.9975388646 -0.0617631450 0.0613921918 0.0637152940 0.9960780144
138.7 291.2 2209.3 0.9975617528 0.0292674787 -0.0633557662 -0.0331894234 0.9975388646 -0.0617631450 0.0613921918 0.0637152940 0.9960780144
136.1 92.9 2196.9 0.9979052544 0.0131055377 -0.0633512810 -0.0170138106 0.9979588985 -0.0615517460 0.0624153018 0.0625006557 0.9960913658
-7.0 293.6 2200.2 0.6613625288 -0.3695814908 -0.6526937485 -0.0521741360 0.8454059362 -0.5315699577 0.7482495904 0.3856141865 0.5398372412
-156.1 305.4 2031.6 -0.8726676702 -0.3695814908 -0.3191561103 -0.4583375454 0.8454059362 0.2742544413 0.1684571058 0.3856141865 -0.9071515203
284.5 288.7 2218.4 0.4469821453 0.3700836003 0.8143985868 -0.8944820166 0.1742881238 0.4117348790 0.0104363225 -0.9125030041 0.4089367986
396.8 63.9 2221.1 -0.4277849793 0.3700836003 0.8246442676 -0.8399370909 0.1742881238 -0.5139351487 -0.3339246511 -0.9125030041 0.2362890989
41.0 -112.3 2178.5 0.9983394146 0.0567877628 -0.0096718427 -0.0539511815 0.9805828333 0.1885381043 0.0201907009 -0.1877032220 0.9820182323
18.4 -502.0 2253.1 0.9995358586 0.0275638737 -0.0129717533 -0.0256306306 0.9910575747 0.1309500784 0.0164652448 -0.1305568218 0.9913040996
224.0 -114.6 2189.4 0.9723960757 0.1053139344 -0.2082181722 -0.0914386287 0.9929670095 0.0752032921 0.2146737278 -0.0540882014 0.9751870036
182.2 -509.1 2210.9 0.9775443673 -0.0438420139 -0.2061185688 0.0645029396 0.9934225678 0.0946098343 0.2006149441 -0.1057805642 0.9739425778
66.8 422.4 1988.6 0 0 0 0 0 0 0 0 0
285.7 -154.3 2134.3 0 0 0 0 0 0 0 0 0
7.9 -880.5 2302.9 0 0 0 0 0 0 0 0 0
198.9 -888.5 2251.3 0 0 0 0 0 0 0 0 0
145.3 499.4 2224.7 11 0.9976827502 0.0250439551 -0.0632608756 -0.0290530175 0.9975734949 -0.0632698983 0.0615228415 0.0649612024 0.9959894419
140.2 294.7 2211.4 0.9976827502 0.0250439551 -0.0632608756 -0.0290530175 0.9975734949 -0.0632698983 0.0615228415 0.0649612024 0.9959894419
136.8 96.4 2197.9 0.9978516698 0.0167605896 -0.0633334517 -0.0209910925 0.9975500107 -0.0667336211 0.0620597862 0.0679196939 0.9957587719
-5.6 297.7 2202.3 0.6643162370 -0.3738424778 -0.6472447515 -0.0302134920 0.8517968655 -0.5230002403 0.7468407154 0.3669930995 0.5545673966
-157.3 304.6 2031.8 -0.8708270192 -0.3738424778 -0.3192210495 -0.4585410953 0.8517968655 0.2533420622 0.1772014648 0.3669930995 -0.9131898284
285.9 291.6 2220.4 0.4420818388 0.4060040712 0.7998276949 -0.8967528343 0.1802205890 0.4041718543 0.0199499875 -0.8959248066 0.4437575340
396.0 68.3 2225.4 -0.4139508307 0.4060040712 0.8147425652 -0.8377538919 0.1802205890 -0.5154502392 -0.3561082780 -0.8959248066 0.2655290365
42.0 -103.9 2178.8 0.9985420704 0.0532735549 -0.0086973058 -0.0507665537 0.9816018939 0.1840663999 0.0183431637 -0.1833565086 0.9828753471
20.8 -494.0 2251.6 0.9989303350 0.0447167419 -0.0117752012 -0.0428675860 0.9910050035 0.1267734021 0.0173381753 -0.1261330247 0.9918618202
225.1 -107.0 2190.2 0.9726032615 0.1076657623 -0.2060364783 -0.0916123092 0.9920778871 0.0859575495 0.2136589140 -0.0647271127 0.9747616649
182.3 -501.2 2215.9 0.9775416851 -0.0417785235 -0.2065594047 0.0596612468 0.9949175119 0.0811155215 0.2021206766 -0.0916173980 0.9750658870
65.6 422.0 1986.4 0 0 0 0 0 0 0 0 0
288.5 -149.3 2132.9 0 0 0 0 0 0 0 0 0
3.8 -872.5 2299.8 0 0 0 0 0 0 0 0 0
198.2 -881.2 2250.9 0 0 0 0 0 0 0 0 0
145.4 497.5 2219.2 12 0.9989125729 0.0222122576 -0.0409914963 -0.0241806824 0.9985466003 -0.0481664017 0.0398620367 0.0491052270 0.9979978204
140.9 294.1 2209.2 0.9989125729 0.0222122576 -0.0409914963 -0.0241806824 0.9985466003 -0.0481664017 0.0398620367 0.0491052270 0.9979978204
137.5 95.7 2198.0 0.9990047216 0.0172301568 -0.0411422066 -0.0195150301 0.9982514381 -0.0557961687 0.0401088893 0.0565435290 0.9975941777
-5.0 296.9 2203.4 0.6540352702 -0.3877067864 -0.6495546699 -0.0303680804 0.8445231318 -0.5346572995 0.7558542490 0.3694104552 0.5405740142
-154.3 303.9 2030.8 -0.8687500358 -0.3877067864 -0.3081506193 -0.4687470496 0.8445231318 0.2589533925 0.1598423421 0.3694104552 -0.9154159427
286.8 291.2 2215.1 0.4456449747 0.4137556553 0.7938556671 -0.8944423199 0.1690829247 0.4139854312 0.0370613858 -0.8945485950 0.4454315007
396.8 70.5 2224.2 -0.4086601138 0.4137556553 0.8135128617 -0.8435474038 0.1690829247 -0.5097438097 -0.3484605253 -0.8945485950 0.2799250484
42.0 -99.9 2178.7 0.9986563325 0.0504283905 0.0119398190 -0.0517408550 0.9831917286 0.1750910133 -0.0029095735 -0.1754735112 0.9844798446
22.0 -490.6 2248.4 0.9985908866 0.0521712340 0.0097190039 -0.0529979244 0.9898521900 0.1318476647 -0.0027417229 -0.1321769506 0.9912223220
225.0 -103.7 2190.1 0.9759781957 0.1126547232 -0.1864817590 -0.0996163785 0.9919718504 0.0778998211 0.1937604398 -0.0574518889 0.9793651700
180.3 -497.9 2212.9 0.9816820025 -0.0468890890 -0.1846667528 0.0650717989 0.9934750199 0.0936642811 0.1790699810 -0.1039651334 0.9783277512
66.6 423.0 1990.2 0 0 0 0 0 0 0 0 0
290.6 -148.6 2133.7 0 0 0 0 0 0 0 0 0
2.0 -868.8 2298.9 0 0 0 0 0 0 0 0 0
198.2 -877.4 2252.6 0 0 0 0 0 0 0 0 0
148.4 501.0 2223.0 13 0.9986307621 0.0275573414 -0.0444659479 -0.0299459398 0.9980930090 -0.0539771914 0.0428936854 0.0552348569 0.9975516200
142.8 298.4 2211.8 0.9986307621 0.0275573414 -0.0444659479 -0.0299459398 0.9980930090 -0.0539771914 0.0428936854 0.0552348569 0.9975516200
138.1 100.1 2199.6 0.9987230897 0.0236844420 -0.0446230769 -0.0263487790 0.9978446960 -0.0600975677 0.0431035198 0.0611965917 0.9971945882
-3.1 302.2 2205.5 0.6529216766 -0.3960145712 -0.6456514597 -0.0071841865 0.8491527438 -0.5280985236 0.7573913932 0.3494454324 0.5515851378
-152.6 303.9 2032.1 -0.8725715876 -0.3960145712 -0.2859918177 -0.4665286839 0.8491527438 0.2475694269 0.1448096335 0.3494454324 -0.9256986976
288.7 294.5 2218.1 0.4405530095 0.4085413218 0.7993791699 -0.8973191977 0.1735741645 0.4058205187 0.0270428807 -0.8960837126 0.4430606067
398.2 71.4 2224.8 -0.3942497671 0.4085413218 0.8232017756 -0.8518853188 0.1735741645 -0.4941289425 -0.3447586596 -0.8960837126 0.2795987725
42.5 -100.8 2183.1 0.9986652136 0.0507513396 0.0095946314 -0.0516362526 0.9853513241 0.1625314355 -0.0012053950 -0.1628099233 0.9866567254
22.3 -492.4 2247.8 0.9983501434 0.0568324625 0.0081871124 -0.0574176498 0.9891514778 0.1352131516 -0.0004137980 -0.1354601532 0.9907826781
225.7 -104.4 2190.4 0.9754745364 0.1140090823 -0.1882851869 -0.1002990529 0.9916682243 0.0808348879 0.1959323436 -0.0599675514 0.9787821174
180.4 -498.5 2214.3 0.9806486964 -0.0495891757 -0.1893912703 0.0640730411 0.9954069257 0.0711317882 0.1849940121 -0.0818901733 0.9793218374
68.7 422.2 1995.3 0 0 0 0 0 0 0 0 0
295.8 -149.9 2135.2 0 0 0 0 0 0 0 0 0
0.6 -870.4 2299.5 0 0 0 0 0 0 0 0 0
199.3 -878.8 2245.5 0 0 0 0 0 0 0 0 0
148.8 503.9 2224.9 14 0.9984345436 0.0299836006 -0.0472164787 -0.0326701701 0.9978283644 -0.0571948513 0.0453990325 0.0586478896 0.9972459078
142.7 301.9 2213.0 0.9984345436 0.0299836006 -0.0472164787 -0.0326701701 0.9978283644 -0.0571948513 0.0453990325 0.0586478896 0.9972459078
137.5 103.7 2200.5 0.9985323548 0.0262986030 -0.0473443419 -0.0292025562 0.9976657033 -0.0617282353 0.0456104577 0.0630202219 0.9969694614
-3.2 306.2 2206.3 0.6544556022 -0.4023120105 -0.6401819587 0.0089275520 0.8507416844 -0.5255082250 0.7560477257 0.3382065296 0.5603643060
-153.8 304.1 2032.3 -0.8773938417 -0.4023120105 -0.2613908052 -0.4637670219 0.8507416844 0.2473029792 0.1228830814 0.3382065296 -0.9330145121
288.6 297.7 2219.7 0.4612561762 0.4243898690 0.7791892886 -0.8863571882 0.1806377918 0.4263108969 0.0401709899 -0.8872785568 0.4594812989
399.8 83.9 2229.4 -0.3850765228 0.4243898690 0.8195177317 -0.8508671522 0.1806377918 -0.4933508933 -0.3574090004 -0.8872785568 0.2915400267
41.8 -95.8 2183.5 0.9983626008 0.0566363372 0.0080303298 -0.0571768880 0.9838028550 0.1698902696 0.0017217008 -0.1700712293 0.9854302406
19.3 -486.7 2251.1 0.9994488358 0.0328529626 0.0047677336 -0.0331815481 0.9930217266 0.1131671816 -0.0010165856 -0.1132630110 0.9935645461
225.0 -100.6 2191.4 0.9751527309 0.1135967597 -0.1901917905 -0.0993510261 0.9915962815 0.0828621462 0.1980063617 -0.0619074963 0.9782438278
179.9 -494.7 2216.0 0.9797436595 -0.0541019142 -0.1928089857 0.0667155087 0.9959942698 0.0595350824 0.1888156831 -0.0711924732 0.9794285297
70.0 422.5 2001.0 0 0 0 0 0 0 0 0 0
302.2 -131.8 2138.8 0 0 0 0 0 0 0 0 0
6.8 -866.0 2294.4 0 0 0 0 0 0 0 0 0
200.5 -875.2 2243.2 0 0 0 0 0 0 0 0 0
150.2 502.9 2225.8 15 0.9976675510 0.0332918391 -0.0595915876 -0.0367935225 0.9975996017 -0.0586622618 0.0574955679 0.0607180148 0.9964976311
143.5 301.5 2213.6 0.9976675510 0.0332918391 -0.0595915876 -0.0367935225 0.9975996017 -0.0586622618 0.0574955679 0.0607180148 0.9964976311
137.6 103.3 2200.6 0.9977664351 0.0298837461 -0.0597419329 -0.0336700715 0.9974194169 -0.0634100437 0.0576928370 0.0652799308 0.9961978197
-2.2 306.4 2205.1 0.6634278297 -0.4039001763 -0.6298635602 0.0101020569 0.8465514779 -0.5322110057 0.7481720448 0.3467206657 0.5657060742
-155.7 304.1 2032.1 -0.8794878125 -0.4039001763 -0.2517256439 -0.4636293054 0.8465514779 0.2615309358 0.1074663103 0.3467206657 -0.9317917228
289.3 296.6 2222.0 0.4524941742 0.3989864886 0.7975329161 -0.8914280534 0.1777053922 0.4168654978 0.0245977845 -0.8995724320 0.4360783994
398.6 81.1 2227.9 -0.3733377159 0.3989864886 0.8375134468 -0.8645636439 0.1777053922 -0.4700537026 -0.3363757432 -0.8995724320 0.2786050737
40.7 -91.9 2183.8 0.9987123013 0.0505931675 -0.0037524267 -0.0493568592 0.9860825539 0.1587611139 0.0117324302 -0.1583714634 0.9873098731
20.6 -483.7 2246.7 0.9990631938 0.0429766998 -0.0050680689 -0.0419215597 0.9902236462 0.1330401003 0.0107361460 -0.1327030063 0.9910976887
223.8 -97.2 2192.1 0.9733207226 0.1107489839 -0.2009512335 -0.0945606232 0.9915800095 0.0884725153 0.2090574652 -0.0671100616 0.9755978584
179.8 -491.3 2218.8 0.9770957232 -0.0479125455 -0.2073363811 0.0548386127 0.9981086254 0.0277840607 0.2056130171 -0.0385177247 0.9778750539
69.0 422.6 2004.6 0 0 0 0 0 0 0 0 0
302.8 -140.7 2141.6 0 0 0 0 0 0 0 0 0
4.2 -861.9 2297.4 0 0 0 0 0 0 0 0 0
198.1 -872.5 2233.5 0 0 0 0 0 0 0 0 0
152.3 502.2 2232.3 16 0.9971646070 0.0366819277 -0.0657055825 -0.0416727662 0.9962158203 -0.0762718916 0.0626591444 0.0787937641 0.9949197769
144.9 301.2 2216.4 0.9971646070 0.0366819277 -0.0657055825 -0.0416727662 0.9962158203 -0.0762718916 0.0626591444 0.0787937641 0.9949197769
138.2 103.3 2200.6 0.9972593188 0.0339599103 -0.0657308549 -0.0390003659 0.9962692261 -0.0769846663 0.0628712326 0.0793372020 0.9948632121
-0.8 307.0 2207.2 0.6668391824 -0.4066366255 -0.6244775057 0.0147762494 0.8450483680 -0.5344856381 0.7450551391 0.3471885324 0.5695199370
-156.8 303.5 2032.9 -0.8794453740 -0.4066366255 -0.2474318594 -0.4649958313 0.8450483680 0.2639546990 0.1017582417 0.3471885324 -0.9322582483
290.6 295.5 2225.6 0.4314360321 0.4086839259 0.8042638898 -0.9020451903 0.1822632253 0.3912730217 0.0133192558 -0.8942916393 0.4472862780
396.4 74.3 2228.8 -0.3683180809 0.4086839259 0.8350564241 -0.8635872602 0.1822632253 -0.4701033831 -0.3443237841 -0.8942916393 0.2858033776
40.1 -91.8 2182.3 0.9985493422 0.0533257164 -0.0074546495 -0.0513263457 0.9845299721 0.1675300300 0.0162729844 -0.1669043899 0.9858387709
18.9 -483.0 2248.6 0.9995387793 0.0287298840 -0.0098422142 -0.0273010414 0.9920135140 0.1231414825 0.0133014508 -0.1228159815 0.9923403263
223.1 -98.0 2192.9 0.9723444581 0.1116186008 -0.2051525712 -0.0960356295 0.9917900562 0.0844371840 0.2128930390 -0.0624000691 0.9750809073
178.8 -492.1 2217.7 0.9760224223 -0.0572404861 -0.2100090235 0.0669297129 0.9969826937 0.0393179655 0.2071247846 -0.0524310581 0.9769085646
68.2 422.5 2006.8 0 0 0 0 0 0 0 0 0
301.3 -148.7 2139.9 0 0 0 0 0 0 0 0 0
8.0 -862.0 2295.6 0 0 0 0 0 0 0 0 0
200.6 -873.0 2237.7 0 0 0 0 0 0 0 0 0
154.3 501.0 2236.0 17 0.9966552854 0.0392016992 -0.0717043653 -0.0453735925 0.9952114820 -0.0865756050 0.0679670945 0.0895395204 0.9936614633
146.4 300.8 2218.0 0.9966552854 0.0392016992 -0.0717043653 -0.0453735925 0.9952114820 -0.0865756050 0.0679670945 0.0895395204 0.9936614633
139.1 103.0 2200.7 0.9967510700 0.0368524939 -0.0716183558 -0.0428656824 0.9955159426 -0.0843243375 0.0681896508 0.0871203467 0.9938612580
0.8 307.1 2208.1 0.6686791778 -0.4191845357 -0.6141273975 0.0210474655 0.8362783790 -0.5479009151 0.7432530522 0.3534441292 0.5680247545
-156.5 302.2 2033.2 -0.8769837022 -0.4191845357 -0.2349126190 -0.4736951590 0.8362783790 0.2761364579 0.0807002187 0.3534441292 -0.9319682121
292.0 294.6 2228.0 0.4213108718 0.3901517689 0.8187054992 -0.9069109559 0.1843383163 0.3788560331 -0.0031074339 -0.9021092057 0.4314966500
396.2 70.2 2227.2 -0.3744147718 0.3901517689 0.8411867619 -0.8633289933 0.1843383163 -0.4697684944 -0.3383439779 -0.9021092057 0.2678103447
40.0 -91.1 2179.1 0.9985817075 0.0520061255 -0.0113975341 -0.0491245314 0.9825578332 0.1793514043 0.0205261074 -0.1785371453 0.9837190509
19.3 -481.5 2250.0 0.9995429516 0.0265175272 -0.0145138241 -0.0245917290 0.9924986959 0.1197562739 0.0175805911 -0.1193446219 0.9926972389
222.9 -98.2 2190.6 0.9712014198 0.1158867851 -0.2081778795 -0.0974811241 0.9905352592 0.0966295823 0.2174056172 -0.0735533759 0.9733060598
176.8 -491.9 2219.9 0.9734461308 -0.0756589845 -0.2160516232 0.0828403160 0.9962649345 0.0243654493 0.2134011835 -0.0416162387 0.9760778546
67.9 423.4 2012.6 0 0 0 0 0 0 0 0 0
299.2 -153.4 2139.6 0 0 0 0 0 0 0 0 0
9.2 -860.7 2295.6 0 0 0 0 0 0 0 0 0
205.7 -872.4 2235.7 0 0 0 0 0 0 0 0 0
154.0 498.5 2238.4 18 0.9977357388 0.0391956195 -0.0546548292 -0.0441619866 0.9947013855 -0.0928381607 0.0507263839 0.0950416178 0.9941800237
146.1 298.1 2219.2 0.9977357388 0.0391956195 -0.0546548292 -0.0441619866 0.9947013855 -0.0928381607 0.0507263839 0.0950416178 0.9941800237
139.0 100.4 2200.6 0.9978559017 0.0360665061 -0.0546148755 -0.0409843735 0.9949353337 -0.0917818919 0.0510280170 0.0938234627 0.9942802787
0.4 304.0 2211.8 0.6515421867 -0.4318259954 -0.6237139702 0.0125551522 0.8282028437 -0.5602877736 0.7585085034 0.3572202921 0.5450307131
-152.7 301.1 2033.6 -0.8726551533 -0.4318259954 -0.2280335873 -0.4837633371 0.8282028437 0.2829365134 0.0666787177 0.3572202921 -0.9316370487
291.9 292.1 2226.7 0.4279533625 0.4186514914 0.8009911776 -0.9036914706 0.1844250560 0.3864312172 0.0140571781 -0.8892234564 0.4572571218
397.2 69.8 2230.2 -0.3755601346 0.4186514914 0.8268527985 -0.8563519716 0.1844250560 -0.4823367298 -0.3544233739 -0.8892234564 0.2892503440
40.4 -90.8 2177.1 0.9985548854 0.0535169095 0.0049042315 -0.0535551794 0.9833619595 0.1735830307 0.0044669928 -0.1735948324 0.9848070145
19.1 -481.6 2246.1 0.9995700121 0.0291241147 0.0034067933 -0.0293093547 0.9888451099 0.1460353285 0.0008843588 -0.1460723728 0.9892734885
223.2 -98.7 2189.6 0.9745052457 0.1145124361 -0.1929415613 -0.1006953716 0.9916965365 0.0799900964 0.2004993409 -0.0585224442 0.9779443145
177.7 -492.8 2212.9 0.9784609675 -0.0640263036 -0.1962518543 0.0753054693 0.9958782792 0.0505527072 0.1922062486 -0.0642426908 0.9792495370
69.6 424.3 2016.6 0 0 0 0 0 0 0 0 0
299.8 -152.4 2138.2 0 0 0 0 0 0 0 0 0
8.0 -859.3 2301.9 0 0 0 0 0 0 0 0 0
202.1 -873.2 2237.4 0 0 0 0 0 0 0 0 0
154.0 494.7 2240.1 19 0.9976568222 0.0524935946 -0.0438774750 -0.0566651635 0.9933753014 -0.0999725685 0.0383388847 0.1022246405 0.9940222502
143.1 289.0 2218.9 0.9976568222 0.0524935946 -0.0438774750 -0.0566651635 0.9933753014 -0.0999725685 0.0383388847 0.1022246405 0.9940222502
137.3 91.4 2199.2 0.9986205101 0.0289810710 -0.0437853187 -0.0331509523 0.9946612716 -0.0977238789 0.0407194197 0.0990405977 0.9942499399
-2.8 293.8 2213.0 0.6335657239 -0.4438940585 -0.6336817145 -0.0289513748 0.8048636913 -0.5927531123 0.7731469870 0.3938939869 0.4970827103
-149.5 300.6 2033.9 -0.8681450486 -0.4438940585 -0.2219960392 -0.4951799810 0.8048636913 0.3270951211 0.0334809758 0.3938939869 -0.9185459018
289.0 284.2 2224.9 0.4511099160 0.4161242247 0.7895191312 -0.8920677900 0.1837370396 0.4128629267 0.0267383549 -0.8905511498 0.4540966153
397.8 69.0 2231.3 -0.3684758246 0.4161242247 0.8313038945 -0.8612855673 0.1837370396 -0.4737381339 -0.3498752415 -0.8905511498 0.2906991541
40.3 -93.6 2177.3 0.9986290336 0.0505542457 0.0135765523 -0.0521279722 0.9840692282 0.1699718833 -0.0047674673 -0.1704465747 0.9853553772
20.2 -484.7 2245.0 0.9990416169 0.0416925140 0.0133247823 -0.0433219373 0.9853295684 0.1650721878 -0.0062470273 -0.1654912382 0.9861914515
223.3 -101.1 2186.6 0.9763646126 0.1177916452 -0.1812104285 -0.1019016281 0.9902803898 0.0946612880 0.1905994415 -0.0739582926 0.9788779616
176.5 -494.6 2216.0 0.9804820418 -0.0628979355 -0.1862762719 0.0734825879 0.9960187674 0.0504671410 0.1823603809 -0.0631701872 0.9812003970
70.9 426.3 2025.4 0 0 0 0 0 0 0 0 0
302.1 -154.6 2140.5 0 0 0 0 0 0 0 0 0
4.3 -861.0 2308.2 0 0 0 0 0 0 0 0 0
200.5 -875.1 2240.2 0 0 0 0 0 0 0 0 0
152.0 493.2 2240.4 20 0.9979711771 0.0474071279 -0.0424988456 -0.0519695356 0.9921649694 -0.1136125401 0.0367798246 0.1155906841 0.9926157594
142.0 283.0 2215.9 0.9979711771 0.0474071279 -0.0424988456 -0.0519695356 0.9921649694 -0.1136125401 0.0367798246 0.1155906841 0.9926157594
136.6 85.2 2197.5 0.9987609982 0.0271946844 -0.0416766629 -0.0309274476 0.9953054786 -0.0917086527 0.0389870219 0.0928839743 0.9949133396
-3.9 287.5 2210.2 0.6264894009 -0.4559003413 -0.6321913004 -0.0632177740 0.7787008882 -0.6242022514 0.7768619657 0.4310218692 0.4590268433
-147.5 302.0 2032.2 -0.8658449054 -0.4559003413 -0.2060763091 -0.5001635551 0.7787008882 0.3787629604 -0.0122063719 0.4310218692 -0.9022589326
287.9 278.4 2221.6 0.5090419054 0.4103924334 0.7566071153 -0.8590777516 0.1876051426 0.4762244821 0.0534955487 -0.8924025893 0.4480578899
404.0 82.4 2233.8 -0.3895196319 0.4103924334 0.8245316744 -0.8487771153 0.1876051426 -0.4943498075 -0.3575637937 -0.8924025893 0.2752558291
40.0 -103.2 2175.8 0.9986879826 0.0488375239 0.0154016027 -0.0508237556 0.9820916057 0.1814194173 -0.0062657092 -0.1819641590 0.9832851887
20.6 -493.5 2248.1 0.9989109039 0.0447609536 0.0131715424 -0.0461434759 0.9895363450 0.1367062628 -0.0069146175 -0.1371651590 0.9905240536
223.1 -109.3 2183.3 0.9772970676 0.1124381348 -0.1795775294 -0.0956178531 0.9904077649 0.0997482836 0.1890704930 -0.0803128853 0.9786736965
178.5 -502.9 2215.2 0.9814967513 -0.0540678017 -0.1836866736 0.0665280446 0.9958339930 0.0623589121 0.1795498282 -0.0734253898 0.9810048938
72.0 428.7 2035.3 0 0 0 0 0 0 0 0 0
304.5 -134.4 2142.5 0 0 0 0 0 0 0 0 0
3.5 -871.4 2300.5 0 0 0 0 0 0 0 0 0
199.1 -883.4 2243.2 0 0 0 0 0 0 0 0 0
151.4 491.0 2240.6 21 0.9979280829 0.0504171550 -0.0399699397 -0.0550120287 0.9907907844 -0.1237228736 0.0333640911 0.1256653666 0.9915115237
140.4 275.6 2213.3 0.9979280829 0.0504171550 -0.0399699397 -0.0550120287 0.9907907844 -0.1237228736 0.0333640911 0.1256653666 0.9915115237
134.5 77.8 2195.1 0.9988059998 0.0299144574 -0.0386227518 -0.0333070979 0.9953470826 -0.0904146582 0.0357383378 0.0915931165 0.9951549768
-5.5 280.5 2208.1 0.6182317138 -0.4646995664 -0.6339115500 -0.1004120931 0.7532042861 -0.6500774622 0.7795556188 0.4655508995 0.4189933240
-146.3 303.4 2030.5 -0.8634427786 -0.4646995664 -0.1962674111 -0.5019923449 0.7532042861 0.4250729680 -0.0497017652 0.4655508995 -0.8836243749
286.3 270.8 2218.5 0.5297182202 0.3798984587 0.7583374977 -0.8464474082 0.1797644496 0.5012100339 0.0540867895 -0.9073929191 0.4167885780
405.7 80.1 2230.7 -0.4086593688 0.3798984587 0.8298642635 -0.8474045396 0.1797644496 -0.4995901585 -0.3389736116 -0.9073929191 0.2484652400
39.6 -109.8 2175.4 0.9986305237 0.0487066694 0.0190978870 -0.0513832718 0.9817824960 0.1829286218 -0.0098401289 -0.1836594194 0.9829406738
20.2 -499.9 2248.4 0.9987649322 0.0468346514 0.0165857505 -0.0486240499 0.9899822474 0.1325549334 -0.0102114351 -0.1331976801 0.9910368919
222.8 -115.4 2182.6 0.9780619740 0.1113128215 -0.1760801226 -0.0944123417 0.9903318286 0.1016327590 0.1856907755 -0.0827789977 0.9791151881
178.5 -509.0 2215.5 0.9823360443 -0.0550108254 -0.1788566113 0.0696087033 0.9946452379 0.0763901547 0.1736965925 -0.0874907747 0.9809051156
72.8 430.7 2043.1 0 0 0 0 0 0 0 0 0
300.4 -138.2 2143.4 0 0 0 0 0 0 0 0 0
2.3 -878.1 2299.3 0 0 0 0 0 0 0 0 0
199.5 -889.0 2248.9 0 0 0 0 0 0 0 0 0
150.6 490.7 2239.7 22 0.9974772930 0.0515287779 -0.0488243252 -0.0571465977 0.9909216762 -0.1216903552 0.0421105251 0.1241735145 0.9913665652
139.3 273.3 2212.4 0.9974772930 0.0515287779 -0.0488243252 -0.0571465977 0.9909216762 -0.1216903552 0.0421105251 0.1241735145 0.9913665652
134.4 75.3 2195.9 0.9985727072 0.0248044878 -0.0472998805 -0.0286304466 0.9962205887 -0.0820052922 0.0450870134 0.0832424685 0.9955088496
-6.5 277.4 2205.8 0.6170847416 -0.4649293125 -0.6348599792 -0.1186310723 0.7426022887 -0.6591422558 0.7779030204 0.4820607305 0.4030934870
-145.5 304.2 2030.7 -0.8626272082 -0.4649293125 -0.1992863417 -0.5025213361 0.7426022887 0.4427348077 -0.0578499027 0.4820607305 -0.8742258549
285.2 269.1 2219.0 0.4951059222 0.3981305361 0.7722449303 -0.8674873710 0.1770819128 0.4648737907 0.0483298525 -0.9000744820 0.4330475330
401.5 65.3 2230.4 -0.4166607857 0.3981305361 0.8172428608 -0.8392285109 0.1770819128 -0.5141376257 -0.3494128287 -0.9000744820 0.2603394091
36.9 -116.9 2173.6 0.9990570545 0.0423428006 0.0095978612 -0.0434038639 0.9794741869 0.1968410313 -0.0010660568 -0.1970719993 0.9803884625
20.1 -506.1 2251.9 0.9988228679 0.0479790755 0.0071342890 -0.0485053807 0.9889774323 0.1398957372 -0.0003435824 -0.1400771141 0.9901405573
220.1 -123.0 2180.1 0.9768927097 0.1044161543 -0.1864882410 -0.0869736224 0.9912389517 0.0994028375 0.1952336729 -0.0808863491 0.9774155617
178.6 -516.9 2212.3 0.9799355865 -0.0686721429 -0.1871105582 0.0873481482 0.9917838573 0.0934615135 0.1791550219 -0.1079300269 0.9778826833
73.4 431.7 2045.3 0 0 0 0 0 0 0 0 0
293.7 -151.8 2140.0 0 0 0 0 0 0 0 0 0
1.8 -884.0 2305.4 0 0 0 0 0 0 0 0 0
204.9 -895.8 2253.5 0 0 0 0 0 0 0 0 0
150.7 489.7 2239.7 23 0.9964284301 0.0559170581 -0.0632749647 -0.0633018315 0.9905751348 -0.1214650422 0.0558866411 0.1250366420 0.9905768633
138.6 274.1 2212.5 0.9964284301 0.0559170581 -0.0632749647 -0.0633018315 0.9905751348 -0.1214650422 0.0558866411 0.1250366420 0.9905768633
134.9 76.0 2197.0 0.9979326129 0.0183072612 -0.0616066344 -0.0230270494 0.9967809319 -0.0767955258 0.0600024015 0.0780553743 0.9951417446
-7.2 277.4 2203.7 0.6164816618 -0.4662098289 -0.6345067024 -0.1163960844 0.7430411577 -0.6590461135 0.7787183523 0.4801439643 0.4038062692
-146.3 303.7 2028.0 -0.8626480103 -0.4662098289 -0.1961804181 -0.5021762252 0.7430411577 0.4423899353 -0.0604764223 0.4801439643 -0.8751025200
284.3 270.7 2221.3 0.4810927510 0.3658715189 0.7966729403 -0.8764593601 0.1808261722 0.4462296367 0.0192033984 -0.9129292965 0.4076656699
400.4 59.4 2225.9 -0.4307738543 0.3658715189 0.8249678016 -0.8366307020 0.1808261722 -0.5170599222 -0.3383532763 -0.9129292965 0.2282041609
37.9 -120.0 2175.2 0.9988335967 0.0478445888 -0.0065102517 -0.0457367897 0.9806976914 0.1901057810 0.0154801216 -0.1895862818 0.9817420244
18.9 -509.7 2250.6 0.9988269210 0.0476436168 -0.0086525017 -0.0458750091 0.9882398248 0.1458683759 0.0155004440 -0.1453003287 0.9892661572
221.0 -125.3 2183.5 0.9741539955 0.0999774486 -0.2025548220 -0.0824966133 0.9922426343 0.0929994136 0.2102813572 -0.0738856643 0.9748449326
181.3 -519.6 2212.9 0.9773101807 -0.0531507134 -0.2050361335 0.0683337599 0.9953634739 0.0676904991 0.2004876882 -0.0801655054 0.9764108658
72.3 430.9 2043.3 0 0 0 0 0 0 0 0 0
288.7 -157.5 2138.2 0 0 0 0 0 0 0 0 0
0.7 -887.4 2306.1 0 0 0 0 0 0 0 0 0
201.6 -899.7 2243.5 0 0 0 0 0 0 0 0 0
150.5 488.8 2239.7 24 0.9950291514 0.0650339350 -0.0754158646 -0.0737056956 0.9902059436 -0.1185735464 0.0669659302 0.1235427111 0.9900771379
136.5 275.4 2213.1 0.9950291514 0.0650339350 -0.0754158646 -0.0737056956 0.9902059436 -0.1185735464 0.0669659302 0.1235427111 0.9900771379
134.9 77.3 2197.5 0.9972323179 0.0078467578 -0.0739331543 -0.0136375148 0.9968484640 -0.0781481788 0.0730869398 0.0789401606 0.9941965342
-9.2 277.4 2202.5 0.5853793025 -0.4733269513 -0.6582496762 -0.1395618767 0.7409458756 -0.6569031477 0.7986573577 0.4764040709 0.3676759601
-140.2 308.6 2023.7 -0.8623098135 -0.4733269513 -0.1799538732 -0.5002195239 0.7409458756 0.4480844736 -0.0787543803 0.4764040709 -0.8756922483
282.2 273.4 2223.8 0.4824565947 0.3853465617 0.7866026163 -0.8756747246 0.1909452230 0.4435466826 0.0207211785 -0.9028000832 0.4295610189
399.9 59.7 2228.9 -0.4267502427 0.3853465617 0.8181639314 -0.8305713534 0.1909452230 -0.5231550336 -0.3578204811 -0.9028000832 0.2385718822
39.8 -119.9 2176.0 0.9983009100 0.0543942414 -0.0208930448 -0.0492777489 0.9794734120 0.1954571307 0.0310959257 -0.1940954775 0.9804896712
18.1 -509.2 2253.1 0.9991946220 0.0320086814 -0.0241974369 -0.0284624435 0.9904538989 0.1348738819 0.0282835811 -0.1340765506 0.9905672669
