-90.4 438.1 1795.3 9 0.9955930114 -0.0782995522 -0.0516108982 0.0854373574 0.9842223525 0.1549414843 0.0386647508 -0.1586681604 0.9865745902
-72.3 211.5 1831.8 0.9955930114 -0.0782995522 -0.0516108982 0.0854373574 0.9842223525 0.1549414843 0.0386647508 -0.1586681604 0.9865745902
-58.0 18.8 1863.6 0.9959168434 -0.0738892481 -0.0518655702 0.0812496394 0.9840528965 0.1582351774 0.0393465869 -0.1618031412 0.9860383272
-213.7 199.9 1826.2 0.0966858044 -0.9114978313 -0.3997794092 0.9801017642 0.0172320791 0.1977463663 -0.1733563542 -0.4109437764 0.8950266838
-238.6 -52.7 1870.9 -0.1542849392 -0.9114978313 -0.3812713921 0.9118412137 0.0172320791 -0.4101812243 0.3804493845 -0.4109437764 0.8284826279
69.0 223.1 1837.4 0.6891492009 0.5868700743 0.4250375628 -0.2759460807 0.7549186349 -0.5949382782 -0.6700202823 0.2927137911 0.6821960807
207.9 167.5 1702.3 -0.7587959766 0.5868700743 0.2825104892 0.6389285326 0.7549186349 0.1478786916 -0.1264868528 0.2927137911 -0.9477972984
-141.9 -165.2 1895.8 0.9985057116 0.0541328564 -0.0074788569 -0.0544227399 0.9726633430 -0.2257526070 -0.0049462235 0.2258222848 0.9741559625
-163.1 -545.5 1807.5 0.9999877214 0.0000000000 0.0049535651 0.0000000000 1.0000000000 0.0000000000 -0.0049535651 0.0000000000 0.9999877214
37.4 -152.7 1889.4 0.9723343849 -0.0198497064 -0.2327483296 -0.0116429590 0.9910263419 -0.1331585646 0.2333028913 0.1321845353 0.9633778930
45.2 -541.5 1837.6 0.9724003077 0.0000000000 -0.2333187014 0.0000000000 1.0000000000 0.0000000000 0.2333187014 0.0000000000 0.9724003077
-195.2 -309.4 1763.8 0 0 0 0 0 0 0 0 0
13.7 331.0 1669.9 0 0 0 0 0 0 0 0 0
-163.1 -922.2 1807.5 0 0 0 0 0 0 0 0 0
45.2 -918.2 1837.6 0 0 0 0 0 0 0 0 0
-88.5 436.2 1793.8 0 0.9935353994 -0.0760022476 -0.0843271837 0.0883606225 0.9840940237 0.1541145593 0.0712728277 -0.1605694741 0.9844478965
-70.4 202.8 1831.9 0.9935353994 -0.0760022476 -0.0843271837 0.0883606225 0.9840940237 0.1541145593 0.0712728277 -0.1605694741 0.9844478965
-55.8 10.3 1864.9 0.9935398698 -0.0752484649 -0.0849484727 0.0883027688 0.9827999473 0.1621939689 0.0712825060 -0.1686473489 0.9830955863
-211.7 190.2 1821.7 0.1050596982 -0.9085103869 -0.4044395983 0.9783639312 0.0215365160 0.2057673782 -0.1782315671 -0.4173069596 0.8911163807
-239.0 -64.0 1868.0 -0.1625376791 -0.9085103869 -0.3849551082 0.9018107653 0.0215365160 -0.4315941632 0.4003983736 -0.4173069596 0.8158039451
70.8 215.4 1842.0 0.6810746193 0.5835867524 0.4422260225 -0.2389810383 0.7480524182 -0.6191168427 -0.6921166182 0.3159811199 0.6489456892
208.9 166.9 1701.6 -0.7568895221 0.5835867524 0.2941848040 0.6420421600 0.7480524182 0.1679268330 -0.1220657676 0.3159811199 -0.9408803582
-133.0 -181.5 1891.5 0.9952246547 0.0895780474 -0.0387768522 -0.0962823182 0.9662121534 -0.2390894443 0.0160495006 0.2416812479 0.9702229500
-168.0 -559.3 1797.0 0.9998700023 0.0000000000 -0.0161244143 0.0000000000 1.0000000000 0.0000000000 0.0161244143 0.0000000000 0.9998700023
46.0 -166.0 1898.5 0.9647413492 0.0167386495 -0.2626670599 -0.0661578923 0.9813563824 -0.1804515421 0.2547494769 0.1914665550 0.9478624463
39.5 -549.8 1823.7 0.9668595791 0.0000000000 -0.2553088069 0.0000000000 1.0000000000 0.0000000000 0.2553088069 0.0000000000 0.9668595791
-193.2 -317.9 1755.3 0 0 0 0 0 0 0 0 0
15.5 331.0 1670.4 0 0 0 0 0 0 0 0 0
-168.0 -935.9 1797.0 0 0 0 0 0 0 0 0 0
39.5 -926.4 1823.7 0 0 0 0 0 0 0 0 0
-88.0 436.0 1793.0 1 0.9938964248 -0.0624397248 -0.0909462571 0.0753226206 0.9864249229 0.1459188908 0.0806005225 -0.1518785655 0.9851073027
-72.9 196.9 1829.8 0.9938964248 -0.0624397248 -0.0909462571 0.0753226206 0.9864249229 0.1459188908 0.0806005225 -0.1518785655 0.9851073027
-58.2 5.3 1867.8 0.9927501678 -0.0751665905 -0.0937927514 0.0916871578 0.9781562686 0.1865577996 0.0777210519 -0.1938048750 0.9779565930
-214.2 183.8 1818.8 0.0946954787 -0.9011783004 -0.4229780436 0.9805808663 0.0111388415 0.1957985461 -0.1717379242 -0.4333054125 0.8847330213
-239.3 -75.8 1864.2 -0.1803008914 -0.9011783004 -0.3941690624 0.8994454741 0.0111388415 -0.4368909895 0.3981072605 -0.4333054125 0.8085524440
68.4 209.9 1840.9 0.6960713863 0.5719015598 0.4340659380 -0.2160925120 0.7434167862 -0.6329577565 -0.6846814156 0.3467853665 0.6410548091
209.7 166.1 1701.9 -0.7606518269 0.5719015598 0.3071439266 0.6388681531 0.7434167862 0.1979366690 -0.1151356697 0.3467853665 -0.9308510423
-130.6 -190.3 1891.4 0.9940618873 0.0976187438 -0.0480781719 -0.1060455143 0.9681321979 -0.2268796265 0.0243983231 0.2306308746 0.9727354050
-168.8 -569.2 1801.2 0.9996989369 0.0000000000 -0.0245366786 0.0000000000 1.0000000000 0.0000000000 0.0245366786 0.0000000000 0.9996989369
48.4 -173.9 1904.3 0.9622131586 0.0230690204 -0.2713183165 -0.0769893005 0.9787967205 -0.1898148209 0.2611866593 0.2035309225 0.9435871243
39.4 -557.0 1824.6 0.9650775790 0.0000000000 -0.2619641721 0.0000000000 1.0000000000 0.0000000000 0.2619641721 0.0000000000 0.9650775790
-188.5 -329.1 1752.1 0 0 0 0 0 0 0 0 0
16.2 328.6 1672.7 0 0 0 0 0 0 0 0 0
-168.8 -945.8 1801.2 0 0 0 0 0 0 0 0 0
39.4 -933.6 1824.6 0 0 0 0 0 0 0 0 0
-87.3 437.5 1797.2 2 0.9931406379 -0.0511932969 -0.1051234826 0.0630662143 0.9916008711 0.1129176915 0.0984599069 -0.1187728867 0.9880276322
-74.4 187.6 1827.1 0.9931406379 -0.0511932969 -0.1051234826 0.0630662143 0.9916008711 0.1129176915 0.0984599069 -0.1187728867 0.9880276322
-57.2 -3.2 1867.3 0.9898718596 -0.0885650590 -0.1109500453 0.1090562716 0.9747423530 0.1948951334 0.0908868089 -0.2050210088 0.9745286107
-215.4 172.1 1814.1 0.0888681784 -0.8892404437 -0.4487246871 0.9811632633 0.0005732552 0.1931795329 -0.1715258211 -0.4574396908 0.8725410104
-238.6 -84.0 1858.9 -0.1991538256 -0.8892404437 -0.4118120372 0.8997676969 0.0005732552 -0.4363688529 0.3882729113 -0.4574396908 0.7999956608
66.5 203.2 1840.0 0.7082512379 0.5604313612 0.4292981029 -0.1829667091 0.7330470681 -0.6551069617 -0.6818382144 0.3854330480 0.6217218041
210.1 166.1 1701.8 -0.7591834068 0.5604313612 0.3309943378 0.6406986117 0.7330470681 0.2283578068 -0.1146555543 0.3854330480 -0.9155847430
-133.1 -194.5 1898.7 0.9941831231 0.0892290995 -0.0603165179 -0.1012458280 0.9652687311 -0.2408433706 0.0367314145 0.2455492169 0.9686879516
-168.1 -572.4 1802.6 0.9993181825 0.0000000000 -0.0369211361 0.0000000000 1.0000000000 0.0000000000 0.0369211361 0.0000000000 0.9993181825
46.0 -177.7 1912.7 0.9593124390 0.0134486733 -0.2820262611 -0.0786901489 0.9720228910 -0.2213127911 0.2711596191 0.2345007956 0.9335319400
40.8 -558.1 1820.9 0.9622963667 0.0000000000 -0.2720030546 0.0000000000 1.0000000000 0.0000000000 0.2720030546 0.0000000000 0.9622963667
-182.5 -337.4 1749.6 0 0 0 0 0 0 0 0 0
17.3 328.8 1672.6 0 0 0 0 0 0 0 0 0
-168.1 -949.1 1802.6 0 0 0 0 0 0 0 0 0
40.8 -934.8 1820.9 0 0 0 0 0 0 0 0 0
-87.3 439.5 1799.2 3 0.9982987046 -0.0576867610 -0.0084835254 0.0583047159 0.9889828563 0.1360642165 0.0005409577 -0.1363273561 0.9906637073
-74.3 216.4 1830.0 0.9982987046 -0.0576867610 -0.0084835254 0.0583047159 0.9889828563 0.1360642165 0.0005409577 -0.1363273561 0.9906637073
-59.9 24.2 1864.2 0.9971312881 -0.0748828277 -0.0110321604 0.0756593123 0.9818431735 0.1739531159 -0.0021942498 -0.1742887795 0.9846921563
-215.6 205.4 1830.4 0.0714510083 -0.8428661227 -0.5333586335 0.9945281744 0.0193437487 0.1026623473 -0.0762134641 -0.5377754569 0.8396362662
-237.2 -95.6 1853.4 -0.2219064236 -0.8428661227 -0.4902389050 0.8979331255 0.0193437487 -0.4397066534 0.3800969124 -0.5377754569 0.7525449395
67.1 227.3 1829.6 0.7104749084 0.5868026614 0.3884430528 -0.3029432595 0.7532530427 -0.5838109851 -0.6351777315 0.2971068323 0.7129353285
210.3 166.3 1701.6 -0.7587254047 0.5868026614 0.2828397751 0.6396560073 0.7532530427 0.1531340033 -0.1231904775 0.2971068323 -0.9468641281
-131.5 -194.5 1899.0 0.9952194095 0.0940860584 0.0261950362 -0.0847876668 0.9654583335 -0.2463762462 -0.0484707840 0.2429773957 0.9688202143
-169.1 -581.1 1801.7 0.9988160729 0.0000000000 0.0486459583 0.0000000000 1.0000000000 0.0000000000 -0.0486459583 0.0000000000 0.9988160729
47.8 -177.6 1911.0 0.9798075557 0.0248199180 -0.1983963400 -0.0692775026 0.9729419947 -0.2204187959 0.1875573546 0.2297124118 0.9550154209
37.9 -563.5 1819.9 0.9821673036 0.0000000000 -0.1880090684 0.0000000000 1.0000000000 0.0000000000 0.1880090684 0.0000000000 0.9821673036
-174.8 -348.5 1746.4 0 0 0 0 0 0 0 0 0
17.7 328.6 1670.3 0 0 0 0 0 0 0 0 0
-169.1 -957.7 1801.7 0 0 0 0 0 0 0 0 0
37.9 -940.2 1819.9 0 0 0 0 0 0 0 0 0
-88.1 441.5 1799.7 4 0.9974339604 -0.0590126552 0.0405334495 0.0521943010 0.9869264364 0.1524859518 -0.0490021333 -0.1499790549 0.9874740839
-75.5 231.4 1831.7 0.9974339604 -0.0590126552 0.0405334495 0.0521943010 0.9869264364 0.1524859518 -0.0490021333 -0.1499790549 0.9874740839
-62.9 38.7 1863.5 0.9970548153 -0.0655743554 0.0397699066 0.0581941232 0.9846473932 0.1645688862 -0.0499508381 -0.1617698371 0.9855635166
-217.0 223.0 1838.8 0.0701342374 -0.8593125343 -0.5066193342 0.9940903783 0.0180220231 0.1070492566 -0.0828584656 -0.5111331940 0.8554983139
-237.5 -67.4 1863.0 -0.2045940310 -0.8593125343 -0.4687464535 0.9038215876 0.0180220231 -0.4275297821 0.3758294582 -0.5111331940 0.7729780674
66.0 239.8 1824.5 0.7081995606 0.6034217477 0.3665182889 -0.3678920865 0.7584952712 -0.5379036665 -0.6025851369 0.2461039573 0.7591600418
210.2 164.9 1701.9 -0.7495195866 0.6034217477 0.2722179592 0.6448417902 0.7584952712 0.0941489041 -0.1496645361 0.2461039573 -0.9576185942
-136.3 -170.1 1898.7 0.9947966933 0.0728177726 0.0712538809 -0.0546284132 0.9715992212 -0.2302404940 -0.0859958157 0.2251499891 0.9705216289
-165.2 -554.8 1809.5 0.9962843657 0.0000000000 0.0861244202 0.0000000000 1.0000000000 0.0000000000 -0.0861244202 0.0000000000 0.9962843657
43.2 -157.7 1895.9 0.9880763292 0.0033903765 -0.1539274603 -0.0281985495 0.9868316650 -0.1592736542 0.1513604969 0.1617150605 0.9751605988
41.8 -545.6 1832.4 0.9884694219 0.0000000000 -0.1514206976 0.0000000000 1.0000000000 0.0000000000 0.1514206976 0.0000000000 0.9884694219
-179.9 -321.9 1757.2 0 0 0 0 0 0 0 0 0
19.7 328.8 1663.8 0 0 0 0 0 0 0 0 0
-165.2 -931.5 1809.5 0 0 0 0 0 0 0 0 0
41.8 -922.3 1832.4 0 0 0 0 0 0 0 0 0
-86.8 441.6 1801.0 5 0.9970962405 -0.0522874817 0.0553631186 0.0428732820 0.9862913489 0.1593461633 -0.0629359782 -0.1565098614 0.9856691957
-76.1 238.2 1833.3 0.9970962405 -0.0522874817 0.0553631186 0.0428732820 0.9862913489 0.1593461633 -0.0629359782 -0.1565098614 0.9856691957
-65.8 45.0 1863.4 0.9970550537 -0.0528819002 0.0555399805 0.0436459556 0.9867878556 0.1560280621 -0.0630572364 -0.1531444788 0.9861899018
-217.8 231.9 1842.3 0.0719055086 -0.8960715532 -0.4380472600 0.9913319349 0.0157891549 0.1304288805 -0.1099572107 -0.4436287880 0.8894396424
-238.1 -47.4 1873.3 -0.1805335432 -0.8960715532 -0.4055409431 0.9000263214 0.0157891549 -0.4355494976 0.3966866434 -0.4436287880 0.8036375046
65.7 244.5 1824.3 0.7025905252 0.6136819124 0.3602235615 -0.3936838508 0.7569107413 -0.5216313004 -0.5927727818 0.2246790081 0.7733950019
210.7 163.3 1702.0 -0.7377976179 0.6136819124 0.2811568677 0.6510786414 0.7569107413 0.0564162433 -0.1781890243 0.2246790081 -0.9580020905
-140.6 -157.1 1899.8 0.9945991039 0.0649781600 0.0809346661 -0.0440125689 0.9702449441 -0.2380916476 -0.0939972103 0.2332435995 0.9678646326
-166.2 -539.1 1807.9 0.9955638647 0.0000000000 0.0940883830 0.0000000000 1.0000000000 0.0000000000 -0.0940883830 0.0000000000 0.9955638647
39.0 -147.1 1889.6 0.9896064401 -0.0143435095 -0.1430852413 -0.0066639557 0.9893698692 -0.1452681571 0.1436478794 0.1447118223 0.9789912105
44.7 -535.3 1832.8 0.9896283746 0.0000000000 -0.1436510682 0.0000000000 1.0000000000 0.0000000000 0.1436510682 0.0000000000 0.9896283746
-187.3 -300.8 1761.6 0 0 0 0 0 0 0 0 0
23.4 328.5 1656.8 0 0 0 0 0 0 0 0 0
-166.2 -915.8 1807.9 0 0 0 0 0 0 0 0 0
44.7 -911.9 1832.8 0 0 0 0 0 0 0 0 0
-85.0 442.0 1801.1 6 0.9985217452 -0.0473719127 0.0266491175 0.0424581766 0.9859231710 0.1617184281 -0.0339348949 -0.1603478938 0.9864770770
-75.4 241.9 1833.7 0.9985217452 -0.0473719127 0.0266491175 0.0424581766 0.9859231710 0.1617184281 -0.0339348949 -0.1603478938 0.9864770770
-66.5 48.5 1863.1 0.9985766411 -0.0459156781 0.0271367431 0.0412969515 0.9876091480 0.1514025480 -0.0337522477 -0.1500663906 0.9880996346
-217.5 236.0 1838.5 0.0765259936 -0.9196751714 -0.3851510882 0.9866808653 0.0142392153 0.1620436311 -0.1435432434 -0.3924217522 0.9085155725
-238.6 -36.1 1878.1 -0.1591536254 -0.9196751714 -0.3589814901 0.9000656605 0.0142392153 -0.4355215430 0.4056499600 -0.3924217522 0.8255018592
66.7 247.8 1828.9 0.6838217378 0.6204617620 0.3839466870 -0.4031811953 0.7598909140 -0.5099124908 -0.6081387997 0.1938891560 0.7697884440
210.1 163.2 1701.3 -0.7425997257 0.6204617620 0.2521365881 0.6487678885 0.7598909140 0.0408174619 -0.1662706286 0.1938891560 -0.9668304324
-145.8 -151.0 1899.1 0.9972695112 0.0525134765 0.0519221351 -0.0382460393 0.9687262774 -0.2451666296 -0.0631728917 0.2425113767 0.9680895805
-166.4 -531.4 1803.9 0.9979996681 0.0000000000 0.0632191449 0.0000000000 1.0000000000 0.0000000000 -0.0632191449 0.0000000000 0.9979996681
34.1 -143.4 1887.1 0.9844584465 -0.0357153751 -0.1719475985 0.0097768493 0.9887294173 -0.1493940055 0.1753453016 0.1453910917 0.9737122059
48.1 -530.9 1830.1 0.9845054746 0.0000000000 -0.1753536910 0.0000000000 1.0000000000 0.0000000000 0.1753536910 0.0000000000 0.9845054746
-193.8 -289.5 1763.9 0 0 0 0 0 0 0 0 0
21.6 327.9 1659.1 0 0 0 0 0 0 0 0 0
-166.4 -908.1 1803.9 0 0 0 0 0 0 0 0 0
48.1 -907.5 1830.1 0 0 0 0 0 0 0 0 0
-83.2 442.8 1800.7 7 0.9949859977 -0.0691578910 -0.0722501725 0.0789906159 0.9864861369 0.1435464919 0.0613464229 -0.1485338360 0.9870026708
-67.6 220.2 1834.2 0.9949859977 -0.0691578910 -0.0722501725 0.0789906159 0.9864861369 0.1435464919 0.0613464229 -0.1485338360 0.9870026708
-56.9 26.9 1863.6 0.9958604574 -0.0549882613 -0.0723753795 0.0650876611 0.9872094989 0.1455370486 0.0634468347 -0.1496453434 0.9867019653
-208.7 211.0 1825.2 0.1223202646 -0.9249629974 -0.3598349094 0.9674953818 0.0302719120 0.2510703802 -0.2213379443 -0.3788495958 0.8986002803
-239.4 -31.7 1880.8 -0.1390310973 -0.9249629974 -0.3537142277 0.9007788897 0.0302719120 -0.4332216680 0.4114216566 -0.3788495958 0.8289784193
73.5 229.5 1843.2 0.6537466049 0.6136286259 0.4428038895 -0.3190866411 0.7541415691 -0.5739810467 -0.6861479878 0.2339453697 0.6888181567
209.1 163.3 1701.0 -0.7442865968 0.6136286259 0.2636235356 0.6513677835 0.7541415691 0.0836095810 -0.1475042254 0.2339453697 -0.9609953761
-145.9 -151.8 1894.6 0.9987144470 0.0359097905 -0.0357767344 -0.0432016701 0.9721890688 -0.2301782221 0.0265160985 0.2314279228 0.9724906087
-159.8 -529.3 1804.7 0.9996477365 0.0000000000 -0.0265408792 0.0000000000 1.0000000000 0.0000000000 0.0265408792 0.0000000000 0.9996477365
32.7 -141.1 1889.3 0.9642312527 -0.0407970250 -0.2619040608 -0.0011813879 0.9874128699 -0.1581595987 0.2650598586 0.1528118253 0.9520460963
48.6 -527.6 1829.5 0.9642319083 0.0000000000 -0.2650600672 0.0000000000 1.0000000000 0.0000000000 0.2650600672 0.0000000000 0.9642319083
-200.2 -285.4 1764.9 0 0 0 0 0 0 0 0 0
20.3 328.5 1663.5 0 0 0 0 0 0 0 0 0
-159.8 -905.9 1804.7 0 0 0 0 0 0 0 0 0
48.6 -904.3 1829.5 0 0 0 0 0 0 0 0 0
-82.5 442.9 1801.5 8 0.9943667054 -0.0483469553 -0.0943258628 0.0597900189 0.9906622171 0.1225295290 0.0875211433 -0.1274790317 0.9879722595
-70.6 199.7 1832.8 0.9943667054 -0.0483469553 -0.0943258628 0.0597900189 0.9906622171 0.1225295290 0.0875211433 -0.1274790317 0.9879722595
-55.3 7.2 1865.0 0.9922361970 -0.0784797445 -0.0964794233 0.0929515064 0.9833660126 0.1560491771 0.0826278850 -0.1638055444 0.9830261469
-211.5 186.4 1821.1 0.1094488055 -0.9369445443 -0.3318974376 0.9714277983 0.0300828796 0.2354209870 -0.2105919719 -0.3481809497 0.9134665132
-238.1 -49.0 1872.1 -0.1182099059 -0.9369445443 -0.3288789690 0.9102842808 0.0300828796 -0.4128893018 0.3967479765 -0.3481809497 0.8493297696
70.3 212.9 1844.5 0.6667441726 0.5992012620 0.4431816936 -0.2498906851 0.7399599552 -0.6245108843 -0.7021444440 0.3056420386 0.6430988312
206.5 161.9 1701.1 -0.7442935109 0.5992012620 0.2949321568 0.6555067897 0.7399599552 0.1508974582 -0.1278200448 0.3056420386 -0.9435279369
-134.7 -173.8 1886.8 0.9955463409 0.0803090110 -0.0493758805 -0.0891498327 0.9723011851 -0.2160617858 0.0306565184 0.2195013762 0.9751304388
-166.0 -552.6 1801.3 0.9995262027 0.0000000000 -0.0307790749 0.0000000000 1.0000000000 0.0000000000 0.0307790749 0.0000000000 0.9995262027
43.4 -160.5 1898.7 0.9612859488 0.0030364797 -0.2755361199 -0.0592839457 0.9788017273 -0.1960422099 0.2690999508 0.2047874928 0.9410883784
42.2 -542.9 1818.6 0.9629796743 0.0000000000 -0.2695741057 0.0000000000 1.0000000000 0.0000000000 0.2695741057 0.0000000000 0.9629796743
-204.8 -305.3 1760.4 0 0 0 0 0 0 0 0 0
18.9 327.1 1668.9 0 0 0 0 0 0 0 0 0
-166.0 -929.3 1801.3 0 0 0 0 0 0 0 0 0
42.2 -919.6 1818.6 0 0 0 0 0 0 0 0 0
-81.5 444.8 1800.9 9 0.9975966215 -0.0533793345 -0.0441766717 0.0591974892 0.9879435897 0.1430493742 0.0360081792 -0.1453207135 0.9887291193
-69.6 224.5 1833.3 0.9975966215 -0.0533793345 -0.0441766717 0.0591974892 0.9879435897 0.1430493742 0.0360081792 -0.1453207135 0.9887291193
-56.9 31.5 1864.0 0.9968507886 -0.0654363036 -0.0447944142 0.0715856999 0.9855818152 0.1533100307 0.0341165178 -0.1560338736 0.9871623516
-211.3 214.3 1828.5 0.0919256061 -0.9097322226 -0.4048913121 0.9892615080 0.0370355546 0.1413861513 -0.1136281639 -0.4135403931 0.9033675790
-238.2 -75.5 1861.8 -0.1337653995 -0.9097322226 -0.3930573761 0.9167625904 0.0370355546 -0.3977117836 0.3763683140 -0.4135403931 0.8290544152
72.0 234.7 1838.1 0.6512257457 0.6289432049 0.4246592522 -0.3601194918 0.7486823797 -0.5565865636 -0.6679962873 0.2095354199 0.7140559554
205.4 160.9 1701.3 -0.7440254688 0.6289432049 0.2255138606 0.6578075886 0.7486823797 0.0822427422 -0.1171122491 0.2095354199 -0.9707623720
-131.5 -182.4 1889.7 0.9952295423 0.0973583236 -0.0062859748 -0.0963261202 0.9703711867 -0.2215875685 -0.0154736647 0.2211359888 0.9751202464
-170.6 -572.5 1800.8 0.9998791814 0.0000000000 0.0155459559 0.0000000000 1.0000000000 0.0000000000 -0.0155459559 0.0000000000 0.9998791814
47.9 -170.0 1902.3 0.9722189307 0.0220569838 -0.2330317944 -0.0678272992 0.9793844819 -0.1902775615 0.2240307629 0.2007973641 0.9536721706
39.1 -559.2 1822.5 0.9744630456 0.0000000000 -0.2245478928 0.0000000000 1.0000000000 0.0000000000 0.2245478928 0.0000000000 0.9744630456
-200.5 -333.6 1755.8 0 0 0 0 0 0 0 0 0
18.3 326.3 1671.9 0 0 0 0 0 0 0 0 0
-170.6 -949.2 1800.8 0 0 0 0 0 0 0 0 0
39.1 -935.8 1822.5 0 0 0 0 0 0 0 0 0
-80.1 446.6 1800.6 0 0.9985247850 -0.0505548157 -0.0198112112 0.0530248173 0.9864371419 0.1553387642 0.0116893938 -0.1561600864 0.9876626134
-69.4 238.1 1833.6 0.9985247850 -0.0505548157 -0.0198112112 0.0530248173 0.9864371419 0.1553387642 0.0116893938 -0.1561600864 0.9876626134
-58.9 44.8 1863.6 0.9983786345 -0.0534321666 -0.0196243934 0.0557981133 0.9868359566 0.1517936736 0.0112553937 -0.1526425630 0.9882173538
-211.4 230.1 1832.0 0.0930815861 -0.9009808302 -0.4237562120 0.9877669811 0.0300838761 0.1530075967 -0.1251086891 -0.4328145981 0.8927593827
-238.2 -54.1 1868.0 -0.1444133967 -0.9009808302 -0.4091189206 0.9199122190 0.0300838761 -0.3909685910 0.3645630777 -0.4328145981 0.8244788051
72.7 246.0 1835.2 0.6383225918 0.6475277543 0.4162355959 -0.4201564789 0.7461585402 -0.5164455175 -0.6449905634 0.1547747552 0.7483528256
204.0 159.5 1702.4 -0.7353823185 0.6475277543 0.1998014748 0.6651027203 0.7461585402 0.0297617130 -0.1298120469 0.1547747552 -0.9793843031
-135.0 -162.3 1891.6 0.9970065951 0.0759783238 0.0143248169 -0.0713825077 0.9757297635 -0.2070168853 -0.0297059454 0.2053746581 0.9782325029
-165.2 -549.4 1810.1 0.9995564222 0.0000000000 0.0297819190 0.0000000000 1.0000000000 0.0000000000 -0.0297819190 0.0000000000 0.9995564222
44.9 -151.5 1896.5 0.9770272970 0.0062991702 -0.2130211294 -0.0389579460 0.9879990816 -0.1494659334 0.2095231712 0.1543311626 0.9655475020
42.4 -540.8 1835.7 0.9777695537 0.0000000000 -0.2096823454 0.0000000000 1.0000000000 0.0000000000 0.2096823454 0.0000000000 0.9777695537
-197.5 -313.2 1765.4 0 0 0 0 0 0 0 0 0
19.1 326.8 1669.8 0 0 0 0 0 0 0 0 0
-165.2 -926.0 1810.1 0 0 0 0 0 0 0 0 0
42.4 -917.5 1835.7 0 0 0 0 0 0 0 0 0
-77.3 445.0 1800.4 1 0.9919558167 -0.0817228705 -0.0966699570 0.0962561816 0.9829356074 0.1567555964 0.0822098330 -0.1647997051 0.9828950167
-58.7 221.3 1837.9 0.9919558167 -0.0817228705 -0.0966699570 0.0962561816 0.9829356074 0.1567555964 0.0822098330 -0.1647997051 0.9828950167
-55.3 27.3 1863.0 0.9953212142 -0.0165026803 -0.0952016562 0.0286092125 0.9914590716 0.1272417456 0.0922887102 -0.1293700486 0.9872923493
-199.9 217.3 1824.9 0.1407694966 -0.9021166563 -0.4078841507 0.9728653431 0.0496317521 0.2259860784 -0.1836218089 -0.4286282957 0.8846246600
-237.0 -39.2 1873.3 -0.1276751459 -0.9021166563 -0.4121705592 0.9181782007 0.0496317521 -0.3930464089 0.3750304580 -0.4286282957 0.8219671249
82.6 225.2 1851.0 0.5862162113 0.6541109681 0.4780055881 -0.3345161974 0.7328028083 -0.5925360322 -0.7378681898 0.1874536276 0.6483916044
201.3 157.5 1701.5 -0.7192304730 0.6541109681 0.2341928631 0.6792970300 0.7328028083 0.0394409224 -0.1458184421 0.1874536276 -0.9713897705
-139.2 -152.0 1891.8 0.9962114096 0.0539623573 -0.0681976676 -0.0674367398 0.9745013118 -0.2140082568 0.0549103245 0.2177965045 0.9744483232
-160.3 -534.6 1806.3 0.9984843731 0.0000000000 -0.0550356098 0.0000000000 1.0000000000 0.0000000000 0.0550356098 0.0000000000 0.9984843731
41.0 -143.6 1894.2 0.9558949471 -0.0112230172 -0.2934942842 -0.0341788307 0.9882300496 -0.1491078287 0.2917133272 0.1525627077 0.9442605376
45.4 -529.9 1834.6 0.9564537406 0.0000000000 -0.2918838561 0.0000000000 1.0000000000 0.0000000000 0.2918838561 0.0000000000 0.9564537406
-201.0 -297.8 1767.7 0 0 0 0 0 0 0 0 0
20.7 328.1 1664.9 0 0 0 0 0 0 0 0 0
-160.3 -911.2 1806.3 0 0 0 0 0 0 0 0 0
45.4 -906.6 1834.6 0 0 0 0 0 0 0 0 0
-75.6 446.4 1801.4 2 0.9914637804 -0.0630837232 -0.1141053662 0.0788909346 0.9870321155 0.1397992373 0.1038066000 -0.1476077586 0.9835833311
-60.5 210.1 1836.7 0.9914637804 -0.0630837232 -0.1141053662 0.0788909346 0.9870321155 0.1397992373 0.1038066000 -0.1476077586 0.9835833311
-54.4 16.6 1865.3 0.9929797053 -0.0307734348 -0.1142115816 0.0469789952 0.9887461662 0.1420352906 0.1085553467 -0.1464037001 0.9832505584
-201.6 203.4 1821.3 0.1347015351 -0.9309623241 -0.3393591642 0.9702686667 0.0544219576 0.2358324081 -0.2010824978 -0.3610365689 0.9106143117
-235.8 -42.7 1872.3 -0.0904912725 -0.9309623241 -0.3537237346 0.9235861301 0.0544219576 -0.3795087934 0.3725587428 -0.3610365689 0.8548991680
80.7 216.7 1852.1 0.5751909018 0.6679193377 0.4722703099 -0.2895785272 0.7062042952 -0.6460803151 -0.7650488615 0.2348601669 0.5996173620
195.8 158.8 1699.0 -0.6948896646 0.6679193377 0.2664810419 0.7047625184 0.7062042952 0.0677148104 -0.1429620236 0.2348601669 -0.9614585638
-141.7 -168.5 1879.4 0.9954021573 0.0516649932 -0.0806551278 -0.0657907426 0.9807782173 -0.1836999804 0.0696139336 0.1881617159 0.9796678424
-162.0 -552.9 1805.7 0.9975634217 0.0000000000 -0.0697650835 0.0000000000 1.0000000000 0.0000000000 0.0697650835 0.0000000000 0.9975634217
37.4 -164.3 1896.2 0.9517151713 -0.0254385248 -0.3059266210 -0.0316916779 0.9830941558 -0.1803370863 0.3053421974 0.1813248694 0.9348194599
47.4 -548.9 1825.3 0.9521934986 0.0000000000 -0.3054956496 0.0000000000 1.0000000000 0.0000000000 0.3054956496 0.0000000000 0.9521934986
-210.3 -302.7 1767.4 0 0 0 0 0 0 0 0 0
20.7 336.4 1663.0 0 0 0 0 0 0 0 0 0
-162.0 -929.6 1805.7 0 0 0 0 0 0 0 0 0
47.4 -925.5 1825.3 0 0 0 0 0 0 0 0 0
-74.2 448.1 1804.8 3 0.9910106063 -0.0573647134 -0.1208604351 0.0718439296 0.9902832508 0.1190694198 0.1128556803 -0.1266821474 0.9855025411
-59.9 201.8 1836.3 0.9910106063 -0.0573647134 -0.1208604351 0.0718439296 0.9902832508 0.1190694198 0.1128556803 -0.1266821474 0.9855025411
-54.0 8.3 1865.8 0.9920638800 -0.0301707517 -0.1220614836 0.0480396412 0.9880858660 0.1462139934 0.1161958352 -0.1509174109 0.9816936851
-201.1 194.9 1819.8 0.1365064830 -0.9432365298 -0.3027719557 0.9724373221 0.0692672580 0.2226381451 -0.1890282482 -0.3248183131 0.9266937971
-236.2 -55.0 1868.4 -0.0554940291 -0.9432365298 -0.3274527192 0.9313904643 0.0692672580 -0.3573707044 0.3597668409 -0.3248183131 0.8746775985
81.3 208.6 1852.9 0.5625048280 0.6848422885 0.4632270932 -0.2629820406 0.6793718934 -0.6850505471 -0.7838550806 0.2635238171 0.5622512102
191.8 156.9 1698.8 -0.6780632734 0.6848422885 0.2668729722 0.7265751958 0.6793718934 0.1026755795 -0.1109894142 0.2635238171 -0.9582465887
-138.0 -180.8 1883.9 0.9937457442 0.0672458932 -0.0891483501 -0.0835326090 0.9774735570 -0.1938240081 0.0741062909 0.2000585645 0.9769774079
-164.3 -563.8 1805.5 0.9972310066 0.0000000000 -0.0743661970 0.0000000000 1.0000000000 0.0000000000 0.0743661970 0.0000000000 0.9972310066
41.1 -172.8 1903.5 0.9496864676 -0.0103784259 -0.3130302429 -0.0504642576 0.9813218117 -0.1856363714 0.3091100156 0.1920931786 0.9314242601
45.2 -556.8 1828.3 0.9508979917 0.0000000000 -0.3095043898 0.0000000000 1.0000000000 0.0000000000 0.3095043898 0.0000000000 0.9508979917
-220.6 -317.1 1767.1 0 0 0 0 0 0 0 0 0
18.9 342.2 1670.5 0 0 0 0 0 0 0 0 0
-164.3 -940.4 1805.5 0 0 0 0 0 0 0 0 0
45.2 -933.5 1828.3 0 0 0 0 0 0 0 0 0
-73.3 449.7 1806.5 4 0.9910293221 -0.0509099439 -0.1235680506 0.0637206808 0.9927374125 0.1020397693 0.1174757853 -0.1089982390 0.9870758653
-60.4 199.3 1834.0 0.9910293221 -0.0509099439 -0.1235680506 0.0637206808 0.9927374125 0.1020397693 0.1174757853 -0.1089982390 0.9870758653
-55.5 6.3 1866.3 0.9917299151 -0.0252759866 -0.1258286983 0.0455245189 0.9859442711 0.1607527733 0.1199968979 -0.1651516408 0.9789410830
-201.7 192.8 1816.9 0.1369045526 -0.9385675192 -0.3167777956 0.9723908305 0.0663252100 0.2237342894 -0.1889793873 -0.3386620581 0.9217346907
-237.7 -62.8 1866.6 -0.0650656670 -0.9385675192 -0.3389062881 0.9297453165 0.0663252100 -0.3621802926 0.3624086976 -0.3386620581 0.8683132529
80.8 205.8 1851.1 0.5657102466 0.6817830205 0.4638359845 -0.2632095814 0.6823676229 -0.6819788218 -0.7814682722 0.2637163401 0.5654742122
189.8 155.1 1700.6 -0.6884478927 0.6817830205 0.2474093288 0.7203857303 0.6823676229 0.1241723076 -0.0841655433 0.2637163401 -0.9609213471
-137.7 -189.3 1884.8 0.9932017922 0.0671837926 -0.0950606018 -0.0843183473 0.9782338738 -0.1896018982 0.0802533254 0.1963282973 0.9772484899
-164.0 -572.5 1807.9 0.9967513680 0.0000000000 -0.0805401355 0.0000000000 1.0000000000 0.0000000000 0.0805401355 0.0000000000 0.9967513680
41.4 -180.8 1905.8 0.9481166601 -0.0054050046 -0.3178766668 -0.0574996807 0.9804512858 -0.1881728172 0.3126796782 0.1966875941 0.9292714596
43.5 -564.7 1828.8 0.9496878982 0.0000000000 -0.3131978512 0.0000000000 1.0000000000 0.0000000000 0.3131978512 0.0000000000 0.9496878982
-219.4 -324.6 1764.6 0 0 0 0 0 0 0 0 0
12.4 340.7 1678.9 0 0 0 0 0 0 0 0 0
-164.0 -949.2 1807.9 0 0 0 0 0 0 0 0 0
43.5 -941.4 1828.8 0 0 0 0 0 0 0 0 0
-72.0 450.0 1807.9 5 0.9923418760 -0.0361438915 -0.1181152612 0.0472722910 0.9945604801 0.0928160250 0.1141180322 -0.0976888090 0.9886525869
-62.8 196.9 1832.8 0.9923418760 -0.0361438915 -0.1181152612 0.0472722910 0.9945604801 0.0928160250 0.1141180322 -0.0976888090 0.9886525869
-56.7 3.9 1865.7 0.9922257662 -0.0310834497 -0.1205066442 0.0506918654 0.9852828383 0.1632423401 0.1136589944 -0.1680819541 0.9791986942
-204.2 189.6 1816.6 0.1337537766 -0.9140816927 -0.3828375340 0.9740066528 0.0499901846 0.2209343314 -0.1828139126 -0.4024371207 0.8970080614
-239.5 -67.7 1864.9 -0.1102704629 -0.9140816927 -0.3902500272 0.9243415594 0.0499901846 -0.3782772124 0.3652849495 -0.4024371207 0.8394112587
78.6 204.1 1849.0 0.5859196782 0.6729397774 0.4514977336 -0.2656031549 0.6858460903 -0.6775471568 -0.7656063437 0.2770689726 0.5805856586
189.9 153.6 1703.5 -0.6976506710 0.6729397774 0.2458365113 0.7129691839 0.6858460903 0.1459113061 -0.0704164878 0.2770689726 -0.9582663178
-140.2 -190.8 1887.8 0.9940619469 0.0635326877 -0.0883427709 -0.0795374513 0.9782755375 -0.1914438754 0.0742606297 0.1973336339 0.9775196910
-165.0 -574.0 1810.5 0.9972212911 0.0000000000 -0.0744966418 0.0000000000 1.0000000000 0.0000000000 0.0744966418 0.0000000000 0.9972212911
39.0 -182.7 1909.5 0.9502608180 -0.0174609423 -0.3109653890 -0.0480264612 0.9782708287 -0.2016918808 0.3077301085 0.2065944523 0.9287738800
45.9 -565.8 1828.6 0.9513586164 0.0000000000 -0.3080856204 0.0000000000 1.0000000000 0.0000000000 0.3080856204 0.0000000000 0.9513586164
-208.5 -327.7 1762.1 0 0 0 0 0 0 0 0 0
8.6 338.9 1685.2 0 0 0 0 0 0 0 0 0
-165.0 -950.7 1810.5 0 0 0 0 0 0 0 0 0
45.9 -942.4 1828.6 0 0 0 0 0 0 0 0 0
-69.9 450.2 1808.6 6 0.9941407442 -0.0274448730 -0.1045514867 0.0370959714 0.9951126575 0.0915135369 0.1015289277 -0.0948557705 0.9903000593
-62.9 196.7 1832.8 0.9941407442 -0.0274448730 -0.1045514867 0.0370959714 0.9951126575 0.0915135369 0.1015289277 -0.0948557705 0.9903000593
-56.5 3.8 1865.6 0.9937514067 -0.0326281115 -0.1067406833 0.0499303639 0.9852487445 0.1636823416 0.0998254791 -0.1679891497 0.9807214141
-204.5 189.6 1818.5 0.1293889582 -0.8782448769 -0.4603742361 0.9788811803 0.0390241668 0.2006707340 -0.1582723260 -0.4766162336 0.8647466898
-239.2 -73.3 1861.0 -0.1545994431 -0.8782448769 -0.4525316954 0.9199753404 0.0390241668 -0.3900288939 0.3602005541 -0.4766162336 0.8019304872
78.7 203.8 1847.0 0.6003443003 0.6745532751 0.4296098351 -0.2881624699 0.6835569739 -0.6706058979 -0.7460222244 0.2787970006 0.6047504544
192.7 149.1 1705.3 -0.6868384480 0.6745532751 0.2706120014 0.7195594311 0.6835569739 0.1224095374 -0.1024069637 0.2787970006 -0.9548743367
-140.3 -193.6 1888.3 0.9953528047 0.0603829958 -0.0750115290 -0.0738955215 0.9784265161 -0.1929275692 0.0617437214 0.1975740045 0.9783415794
-163.9 -576.9 1810.9 0.9980815649 0.0000000000 -0.0619129948 0.0000000000 1.0000000000 0.0000000000 0.0619129948 0.0000000000 0.9980815649
39.0 -184.5 1908.8 0.9543248415 -0.0185312051 -0.2981956601 -0.0434509329 0.9788548946 -0.1998877823 0.2955944240 0.2037147582 0.9333403707
46.3 -567.8 1829.0 0.9552270174 0.0000000000 -0.2958738804 0.0000000000 1.0000000000 0.0000000000 0.2958738804 0.0000000000 0.9552270174
-195.8 -332.1 1759.7 0 0 0 0 0 0 0 0 0
14.4 335.9 1678.7 0 0 0 0 0 0 0 0 0
-163.9 -953.5 1810.9 0 0 0 0 0 0 0 0 0
46.3 -944.5 1829.0 0 0 0 0 0 0 0 0 0
-67.2 451.1 1808.4 7 0.9952065945 -0.0070802071 -0.0975380167 0.0160164740 0.9957090616 0.0911426693 0.0964741707 -0.0922680050 0.9910496473
-65.3 195.2 1832.1 0.9952065945 -0.0070802071 -0.0975380167 0.0160164740 0.9957090616 0.0911426693 0.0964741707 -0.0922680050 0.9910496473
-57.2 2.6 1866.4 0.9941759706 -0.0414608829 -0.0994744226 0.0580449551 0.9837146997 0.1701062173 0.0908017009 -0.1748894900 0.9803920984
-207.0 187.0 1819.2 0.1200830564 -0.8644496799 -0.4881667793 0.9808816314 0.0274602380 0.1926580667 -0.1531380266 -0.5019688010 0.8512203097
-239.1 -75.1 1860.1 -0.1835818291 -0.8644496799 -0.4680005014 0.9123046398 0.0274602380 -0.4085904956 0.3660573065 -0.5019688010 0.7836002707
76.3 203.5 1845.1 0.6154497266 0.6760902405 0.4051217139 -0.2988525629 0.6757912040 -0.6737903357 -0.7293207645 0.2936124206 0.6179668307
193.8 146.5 1705.9 -0.6728212833 0.6760902405 0.3003556430 0.7286718488 0.6757912040 0.1111018956 -0.1278627962 0.2936124206 -0.9473345876
-139.9 -193.7 1889.5 0.9957401156 0.0646573305 -0.0657347292 -0.0764586031 0.9774712324 -0.1967334896 0.0515335426 0.2009214163 0.9782509208
-165.2 -576.6 1810.8 0.9986634254 0.0000000000 -0.0516848341 0.0000000000 1.0000000000 0.0000000000 0.0516848341 0.0000000000 0.9986634254
39.7 -184.7 1907.6 0.9573366642 -0.0131390644 -0.2886760235 -0.0442484953 0.9805201292 -0.1913696378 0.2855670750 0.1959786564 0.9381065369
44.8 -568.7 1830.8 0.9582752585 0.0000000000 -0.2858470380 0.0000000000 1.0000000000 0.0000000000 0.2858470380 0.0000000000 0.9582752585
-187.4 -331.8 1757.1 0 0 0 0 0 0 0 0 0
20.3 334.3 1672.9 0 0 0 0 0 0 0 0 0
-165.2 -953.2 1810.8 0 0 0 0 0 0 0 0 0
44.8 -945.4 1830.8 0 0 0 0 0 0 0 0 0
-63.8 453.0 1808.4 8 0.9946622252 0.0123614408 -0.1024415046 -0.0034474661 0.9962250590 0.0867393836 0.1031270176 -0.0859232247 0.9909500480
-67.0 192.7 1830.8 0.9946622252 0.0123614408 -0.1024415046 -0.0034474661 0.9962250590 0.0867393836 0.1031270176 -0.0859232247 0.9909500480
-57.8 0.3 1865.8 0.9934751391 -0.0469239019 -0.1039486974 0.0645250827 0.9827988744 0.1730402410 0.0940409377 -0.1786184609 0.9794139862
-208.6 183.5 1817.4 0.1116794571 -0.8589062095 -0.4998077452 0.9817265272 0.0173755046 0.1895023733 -0.1540803611 -0.5118380189 0.8451514840
-238.6 -79.9 1858.8 -0.2075242102 -0.8589062095 -0.4682027102 0.9018865824 0.0173755046 -0.4316233397 0.3788592219 -0.5118380189 0.7710301876
74.6 201.9 1844.2 0.6198636889 0.6765181422 0.3976080716 -0.2837795615 0.6656597853 -0.6901928782 -0.7315997481 0.3149924576 0.6046003699
192.8 147.8 1704.6 -0.6636077166 0.6765181422 0.3192929924 0.7364943027 0.6656597853 0.1203045025 -0.1311523169 0.3149924576 -0.9399887323
-138.9 -195.3 1892.4 0.9951905608 0.0693839714 -0.0691492558 -0.0826309696 0.9737302065 -0.2121830136 0.0526106171 0.2168764025 0.9747803807
-166.1 -576.7 1807.5 0.9986055493 0.0000000000 -0.0527911521 0.0000000000 1.0000000000 0.0000000000 0.0527911521 0.0000000000 0.9986055493
40.8 -184.8 1908.8 0.9567483068 -0.0113360230 -0.2906960845 -0.0473655015 0.9798374176 -0.1941007227 0.2870352268 0.1994744986 0.9369208813
45.2 -568.6 1830.7 0.9578233361 0.0000000000 -0.2873577774 0.0000000000 1.0000000000 0.0000000000 0.2873577774 0.0000000000 0.9578233361
-180.2 -333.7 1752.1 0 0 0 0 0 0 0 0 0
22.0 337.4 1670.9 0 0 0 0 0 0 0 0 0
-166.1 -953.3 1807.5 0 0 0 0 0 0 0 0 0
45.2 -945.3 1830.7 0 0 0 0 0 0 0 0 0
-62.1 451.4 1805.3 9 0.9934992790 0.0271552168 -0.1105522662 -0.0165975261 0.9953080416 0.0953230113 0.1126220748 -0.0928684473 0.9892885089
-69.2 191.3 1829.6 0.9934992790 0.0271552168 -0.1105522662 -0.0165975261 0.9953080416 0.0953230113 0.1126220748 -0.0928684473 0.9892885089
-60.6 -0.5 1867.9 0.9927992821 -0.0441331416 -0.1113633737 0.0648273155 0.9797040224 0.1896772683 0.1007320881 -0.1955308467 0.9755104780
-210.7 182.1 1815.2 0.1036247760 -0.8568543196 -0.5050372481 0.9819293022 0.0072892611 0.1891075820 -0.1583562940 -0.5155071020 0.8421257138
-238.7 -83.4 1858.0 -0.2227063924 -0.8568543196 -0.4649758935 0.8965641260 0.0072892611 -0.4428539574 0.3828506470 -0.5155071020 0.7666014433
72.2 200.6 1843.9 0.6190702319 0.6866592169 0.3811182976 -0.2787731290 0.6458311677 -0.7107655406 -0.7341917753 0.3337682784 0.5912370086
189.5 147.8 1704.9 -0.6448082924 0.6866592169 0.3357401192 0.7530946732 0.6458311677 0.1255011410 -0.1306549311 0.3337682784 -0.9335566759
-138.4 -198.0 1892.3 0.9943468571 0.0720472857 -0.0779966265 -0.0869304314 0.9741795659 -0.2083680630 0.0609703660 0.2139704227 0.9749355316
-166.7 -579.6 1808.4 0.9981253743 0.0000000000 -0.0612020567 0.0000000000 1.0000000000 0.0000000000 0.0612020567 0.0000000000 0.9981253743
41.2 -186.4 1909.3 0.9544634223 -0.0139838168 -0.2980000973 -0.0482232049 0.9785323739 -0.2003720850 0.2944047153 0.2056183368 0.9332989454
46.6 -569.7 1828.7 0.9555751085 0.0000000000 -0.2947476208 0.0000000000 1.0000000000 0.0000000000 0.2947476208 0.0000000000 0.9555751085
-176.0 -335.8 1750.3 0 0 0 0 0 0 0 0 0
23.3 341.9 1671.2 0 0 0 0 0 0 0 0 0
-166.7 -956.3 1808.4 0 0 0 0 0 0 0 0 0
46.6 -946.3 1828.7 0 0 0 0 0 0 0 0 0
-60.1 450.5 1802.8 0 0.9930942059 0.0264880881 -0.1142902821 -0.0146612674 0.9945622683 0.1031061709 0.1163998917 -0.1007185057 0.9880824089
-66.9 192.2 1829.0 0.9930942059 0.0264880881 -0.1142902821 -0.0146612674 0.9945622683 0.1031061709 0.1163998917 -0.1007185057 0.9880824089
-58.4 0.1 1866.2 0.9924096465 -0.0435893349 -0.1149913892 0.0644100308 0.9807965755 0.1840908676 0.1047587618 -0.1901001632 0.9761595726
-208.4 183.0 1814.0 0.1101370752 -0.8383675218 -0.5338630080 0.9820504189 0.0090406006 0.1884019226 -0.1531236172 -0.5450304151 0.8243148923
-238.4 -85.1 1855.8 -0.2394869179 -0.8383675218 -0.4896793664 0.8920882344 0.0090406006 -0.4517707527 0.3831769228 -0.5450304151 0.7457327247
74.5 201.4 1843.9 0.6148470640 0.6922028065 0.3779132366 -0.3013491333 0.6490378976 -0.6985259652 -0.7288016081 0.3156028092 0.6076537371
189.9 144.8 1707.1 -0.6491245031 0.6922028065 0.3154246509 0.7510307431 0.6490378976 0.1212543994 -0.1207899153 0.3156028092 -0.9411719441
-141.7 -198.2 1897.1 0.9947332144 0.0611909181 -0.0822286755 -0.0782682523 0.9714635015 -0.2239034623 0.0661813021 0.2291601002 0.9711362720
-165.7 -578.7 1807.3 0.9977940917 0.0000000000 -0.0663849488 0.0000000000 1.0000000000 0.0000000000 0.0663849488 0.0000000000 0.9977940917
37.8 -186.5 1915.3 0.9532921910 -0.0249439683 -0.3010179400 -0.0454127528 0.9734199047 -0.2244802266 0.2986162901 0.2276653051 0.9268208146
47.5 -567.7 1826.1 0.9542766809 0.0000000000 -0.2989246845 0.0000000000 1.0000000000 0.0000000000 0.2989246845 0.0000000000 0.9542766809
-171.0 -336.3 1747.9 0 0 0 0 0 0 0 0 0
22.4 338.6 1676.0 0 0 0 0 0 0 0 0 0
-165.7 -955.4 1807.3 0 0 0 0 0 0 0 0 0
47.5 -944.4 1826.1 0 0 0 0 0 0 0 0 0
-59.3 450.2 1801.5 1 0.9899697900 0.0068664136 -0.1411123723 0.0080581559 0.9944479465 0.1049207896 0.1410493404 -0.1050055176 0.9844180942
-61.1 192.2 1828.8 0.9899697900 0.0068664136 -0.1411123723 0.0080581559 0.9944479465 0.1049207896 0.1410493404 -0.1050055176 0.9844180942
-56.5 -0.0 1865.8 0.9896177649 -0.0235428941 -0.1417830884 0.0497703031 0.9815912843 0.1843948960 0.1348318458 -0.1895370483 0.9725719094
-202.0 185.1 1809.6 0.1312098056 -0.8267396688 -0.5470699072 0.9775140882 0.0160045028 0.2102617621 -0.1650761515 -0.5623569489 0.8102496862
-238.2 -84.1 1855.0 -0.2407499403 -0.8267396688 -0.5084692240 0.8933787942 0.0160045028 -0.4490191936 0.3793597817 -0.5623569489 0.7347385883
79.9 199.3 1848.0 0.5932508707 0.7028043270 0.3925805688 -0.3066675663 0.6481970549 -0.6969903708 -0.7443174124 0.2930984199 0.6000707746
190.6 142.1 1709.1 -0.6481487155 0.7028043270 0.2932053208 0.7532728314 0.6481970549 0.1114479229 -0.1117287427 0.2930984199 -0.9495314360
-139.6 -197.8 1893.9 0.9912405610 0.0664425939 -0.1141382381 -0.0898565799 0.9726572633 -0.2141579390 0.0967881829 0.2225381136 0.9701076150
-165.6 -578.8 1806.8 0.9952666759 0.0000000000 -0.0971813053 0.0000000000 1.0000000000 0.0000000000 0.0971813053 0.0000000000 0.9952666759
39.8 -186.2 1912.9 0.9430688620 -0.0124766361 -0.3323633671 -0.0603754818 0.9762718678 -0.2079616189 0.3270716667 0.2161887288 0.9199383259
44.7 -568.5 1828.2 0.9447924495 0.0000000000 -0.3276694417 0.0000000000 1.0000000000 0.0000000000 0.3276694417 0.0000000000 0.9447924495
-170.4 -335.7 1748.2 0 0 0 0 0 0 0 0 0
23.7 336.0 1680.3 0 0 0 0 0 0 0 0 0
-165.6 -955.4 1806.8 0 0 0 0 0 0 0 0 0
44.7 -945.1 1828.2 0 0 0 0 0 0 0 0 0
-59.0 449.4 1801.4 2 0.9923818111 0.0226466153 -0.1211010590 -0.0105180489 0.9949450493 0.0998687819 0.1227505878 -0.0978342220 0.9876035452
-65.0 187.6 1827.2 0.9923818111 0.0226466153 -0.1211010590 -0.0105180489 0.9949450493 0.0998687819 0.1227505878 -0.0978342220 0.9876035452
-55.9 -4.7 1863.1 0.9914456010 -0.0463181064 -0.1220257059 0.0676660985 0.9818664789 0.1770861149 0.1116106585 -0.1838282496 0.9766013622
-206.2 177.9 1811.3 0.1270103455 -0.8306591511 -0.5421012640 0.9771785736 0.0109703522 0.2121359408 -0.1702656150 -0.5566732287 0.8130956888
-239.8 -80.6 1856.3 -0.2440268546 -0.8306591511 -0.5004560947 0.8914901614 0.0109703522 -0.4529072046 0.3817016780 -0.5566732287 0.7378473878
76.2 197.2 1843.1 0.6280478835 0.6953234076 0.3494012356 -0.3196415305 0.6398835778 -0.6988406777 -0.7094963789 0.3272222877 0.6241317391
191.4 138.6 1713.0 -0.6382330656 0.6953234076 0.3304299712 0.7590924501 0.6398835778 0.1196982488 -0.1282077134 0.3272222877 -0.9362095594
-141.3 -196.8 1890.7 0.9943352938 0.0621846542 -0.0861996263 -0.0789216757 0.9751764536 -0.2068871409 0.0711946338 0.2125182152 0.9745600820
