148.7 496.2 2206.8 1 0.9992148280 0.0364832617 -0.0154509274 -0.0367792472 0.9991365075 -0.0193263590 0.0147324968 0.0198794585 0.9996938109
141.2 288.8 2202.7 0.9992148280 0.0364832617 -0.0154509274 -0.0367792472 0.9991365075 -0.0193263590 0.0147324968 0.0198794585 0.9996938109
136.8 90.3 2195.0 0.9996352196 0.0217562784 -0.0160019286 -0.0223548543 0.9990188479 -0.0382308438 0.0151544679 0.0385746174 0.9991407990
-4.8 292.0 2200.5 0.8150295019 0.5637711287 0.1337496787 -0.2818327248 0.5874155760 -0.7586258650 -0.5062580109 0.5806074739 0.6376501918
-87.4 320.6 2251.7 -0.5319560170 0.5637711287 -0.6318107843 -0.2795043588 0.5874155760 0.7594867945 0.7993122935 0.5806074739 -0.1549027711
287.2 285.5 2204.9 0.4648570120 0.4309647083 0.7734192610 -0.8793255091 0.1226912811 0.4601450264 0.1034144610 -0.8939889669 0.4359921813
402.5 67.3 2230.6 -0.4730243385 0.4309647083 0.7684512734 -0.8129686713 0.1226912811 -0.5692352653 -0.3396025896 -0.8939889669 0.2923248410
39.8 -115.0 2187.8 0.9983122945 0.0395256616 0.0425474979 -0.0455786139 0.9872882962 0.1522643715 -0.0359882973 -0.1539466381 0.9874235392
24.1 -507.3 2249.0 0.9971123338 0.0629249141 0.0425138399 -0.0686849281 0.9860796928 0.1514239758 -0.0323936939 -0.1539067775 0.9875542521
223.2 -117.9 2188.2 0.9841263890 0.1034395993 -0.1442062706 -0.0895314515 0.9909689426 0.0998234451 0.1532296240 -0.0853278935 0.9844998121
182.1 -511.6 2222.1 0.9876264930 -0.0429705828 -0.1508226097 0.0484884679 0.9982751608 0.0330986604 0.1491401941 -0.0400022715 0.9880065918
58.1 397.0 2033.2 0 0 0 0 0 0 0 0 0
279.6 -143.8 2142.4 0 0 0 0 0 0 0 0 0
0.0 -884.0 2307.8 0 0 0 0 0 0 0 0 0
198.5 -892.9 2237.4 0 0 0 0 0 0 0 0 0
150.1 496.9 2209.8 2 0.9992691278 0.0340309441 -0.0174088273 -0.0345466137 0.9989457130 -0.0302315429 0.0163616668 0.0308108628 0.9993913174
143.1 292.3 2203.5 0.9992691278 0.0340309441 -0.0174088273 -0.0345466137 0.9989457130 -0.0302315429 0.0163616668 0.0308108628 0.9993913174
137.8 93.9 2195.1 0.9994864464 0.0266778301 -0.0177534632 -0.0273968671 0.9987598062 -0.0415722504 0.0166223887 0.0420372896 0.9989777803
-2.9 296.3 2201.1 0.8327382207 0.5244120955 0.1775921136 -0.2387759089 0.6295480132 -0.7393614650 -0.4995328784 0.5732898712 0.6494656801
-87.4 320.6 2251.7 -0.5387783647 0.5244120955 -0.6593252420 -0.2760179639 0.6295480132 0.7262805104 0.7959471941 0.5732898712 -0.1944396794
289.1 288.3 2205.9 0.4611309767 0.4221149385 0.7804980278 -0.8821919560 0.1235551164 0.4543913603 0.0953708440 -0.8980830312 0.4293614924
403.2 70.1 2229.5 -0.4763756990 0.4221149385 0.7712879777 -0.8126309514 0.1235551164 -0.5695305467 -0.3357039392 -0.8980830312 0.2841649950
40.9 -106.2 2186.0 0.9982386827 0.0421801247 0.0417184159 -0.0479126908 0.9878795743 0.1476425976 -0.0349851847 -0.1493813843 0.9881605506
24.1 -498.8 2245.3 0.9973375797 0.0595043264 0.0421550199 -0.0654595867 0.9852809310 0.1579129994 -0.0321380310 -0.1602520049 0.9865528345
224.2 -110.3 2188.7 0.9840322137 0.1033544019 -0.1449084431 -0.0893075466 0.9909394979 0.1003147960 0.1539634764 -0.0857715756 0.9843467474
183.1 -504.1 2222.8 0.9879158139 -0.0364971682 -0.1506331563 0.0434224531 0.9981334209 0.0429432765 0.1487846822 -0.0489652008 0.9876565933
58.0 395.0 2037.0 0 0 0 0 0 0 0 0 0
279.4 -141.0 2142.3 0 0 0 0 0 0 0 0 0
1.4 -875.2 2306.6 0 0 0 0 0 0 0 0 0
197.1 -885.4 2241.5 0 0 0 0 0 0 0 0 0
150.5 494.8 2205.3 3 0.9993031621 0.0330828838 -0.0172828566 -0.0334379598 0.9992268682 -0.0206766855 0.0165854506 0.0212401804 0.9996368289
143.7 291.0 2201.0 0.9993031621 0.0330828838 -0.0172828566 -0.0334379598 0.9992268682 -0.0206766855 0.0165854506 0.0212401804 0.9996368289
138.3 92.5 2194.5 0.9994660616 0.0275119301 -0.0176258478 -0.0280658081 0.9990941286 -0.0319879465 0.0167298298 0.0324655510 0.9993328452
-2.3 295.1 2198.5 0.8217027187 0.5402979851 0.1813359410 -0.2457760870 0.6230152249 -0.7425941825 -0.5141971707 0.5656236410 0.6447256207
-87.4 320.6 2251.7 -0.5284557939 0.5402979851 -0.6548377872 -0.2718713880 0.6230152249 0.7334425449 0.8042514920 0.5656236410 -0.1823444366
289.7 286.9 2203.4 0.4517887235 0.4440607727 0.7737551332 -0.8856275082 0.1187564954 0.4489552677 0.1074749753 -0.8880917430 0.4469252825
401.5 67.8 2230.0 -0.4727878273 0.4440607727 0.7611055970 -0.8109005094 0.1187564954 -0.5730072260 -0.3448362648 -0.8880917430 0.3039424717
40.9 -102.1 2185.2 0.9983705282 0.0389116071 0.0417395532 -0.0447931141 0.9875546098 0.1507631391 -0.0353536494 -0.1523871273 0.9876883626
25.4 -494.5 2245.8 0.9971977472 0.0620851070 0.0417389050 -0.0677132308 0.9862506390 0.1507467031 -0.0318058953 -0.1531505436 0.9876908660
224.2 -107.1 2188.3 0.9837306142 0.1060120240 -0.1450364441 -0.0910222307 0.9901522994 0.1063642800 0.1548840553 -0.0914322510 0.9836925864
182.1 -500.6 2224.6 0.9873040915 -0.0401084796 -0.1536943167 0.0436877646 0.9988453984 0.0199808199 0.1527154595 -0.0264417063 0.9879164100
54.4 393.5 2036.0 0 0 0 0 0 0 0 0 0
278.7 -142.8 2140.4 0 0 0 0 0 0 0 0 0
1.7 -871.4 2304.3 0 0 0 0 0 0 0 0 0
197.4 -882.1 2234.7 0 0 0 0 0 0 0 0 0
150.7 495.5 2209.0 4 0.9993757606 0.0317179449 -0.0155585203 -0.0322024859 0.9989705682 -0.0319496356 0.0145291267 0.0324307121 0.9993683696
144.2 292.9 2202.4 0.9993757606 0.0317179449 -0.0155585203 -0.0322024859 0.9989705682 -0.0319496356 0.0145291267 0.0324307121 0.9993683696
138.5 94.4 2194.5 0.9994624257 0.0287310313 -0.0157927983 -0.0293386336 0.9987811446 -0.0396921597 0.0146331517 0.0401341617 0.9990871549
-1.8 297.1 2200.3 0.8344684243 0.5112565756 0.2056188583 -0.2283369154 0.6603953838 -0.7153601646 -0.5015223622 0.5499951243 0.6678178906
-87.4 320.6 2251.7 -0.5215858221 0.5112565756 -0.6830555797 -0.2701988816 0.6603953838 0.7006214857 0.8092840910 0.5499951243 -0.2063119262
290.3 288.6 2204.6 0.4391644299 0.4447903931 0.7805742025 -0.8930094242 0.1210245416 0.4334596395 0.0983300433 -0.8874201775 0.4503516853
400.2 65.0 2229.2 -0.4737407565 0.4447903931 0.7600862980 -0.8090817332 0.1210245416 -0.5750998259 -0.3477879763 -0.8874201775 0.3025375307
41.1 -103.5 2186.5 0.9981654286 0.0418282263 0.0437741317 -0.0477108620 0.9885205030 0.1433557570 -0.0372753106 -0.1451812536 0.9887026548
24.5 -496.3 2244.2 0.9972075224 0.0602473244 0.0441294573 -0.0662985072 0.9861874580 0.1517855525 -0.0343752429 -0.1542874128 0.9874278307
224.5 -108.6 2189.6 0.9842365980 0.1062960550 -0.1413487196 -0.0903345570 0.9892588854 0.1149195731 0.1520459801 -0.1003393754 0.9832670093
182.2 -501.8 2229.5 0.9873148203 -0.0400076546 -0.1536517292 0.0387683511 0.9991870522 -0.0110546406 0.1539690942 0.0049575861 0.9880632162
51.5 392.5 2036.3 0 0 0 0 0 0 0 0 0
277.1 -145.2 2138.8 0 0 0 0 0 0 0 0 0
1.5 -873.2 2303.2 0 0 0 0 0 0 0 0 0
197.5 -883.3 2227.6 0 0 0 0 0 0 0 0 0
152.0 496.6 2210.9 5 0.9994363189 0.0335703269 -0.0003407428 -0.0335609801 0.9987944961 -0.0358213522 -0.0008622024 0.0358125940 0.9993581772
145.2 294.8 2203.7 0.9994363189 0.0335703269 -0.0003407428 -0.0335609801 0.9987944961 -0.0358213522 -0.0008622024 0.0358125940 0.9993581772
138.5 96.4 2194.9 0.9994382858 0.0335062034 -0.0006271069 -0.0335010402 0.9984542727 -0.0443480350 -0.0008597968 0.0443441346 0.9990159273
-0.8 299.7 2203.8 0.8558431864 0.4687203765 0.2187091410 -0.2063354105 0.6971299052 -0.6866116524 -0.4742975533 0.5425044298 0.6933475137
-87.4 320.6 2251.7 -0.5284100175 0.4687203765 -0.7078729272 -0.2708716393 0.6971299052 0.6638060212 0.8046187758 0.5425044298 -0.2414073944
291.2 289.9 2203.5 0.4370886087 0.4416679144 0.7835068703 -0.8935698271 0.1140582189 0.4341931641 0.1024037972 -0.8898989558 0.4445146620
399.9 67.6 2229.0 -0.4757086337 0.4416679144 0.7606778145 -0.8112042546 0.1140582189 -0.5735315084 -0.3400720358 -0.8898989558 0.3040243983
41.2 -101.4 2185.2 0.9973176718 0.0422062352 0.0598002076 -0.0504898801 0.9882037044 0.1445830315 -0.0529924780 -0.1472145319 0.9876840115
24.4 -494.1 2243.7 0.9967017174 0.0543797463 0.0602370799 -0.0631515011 0.9859127998 0.1548801214 -0.0509661660 -0.1581733376 0.9860951304
224.5 -106.8 2187.8 0.9864791632 0.1047675684 -0.1260262132 -0.0912784934 0.9899041653 0.1084339544 0.1361142397 -0.0954643562 0.9860829115
182.9 -500.2 2225.8 0.9901647568 -0.0372995883 -0.1348426640 0.0403534584 0.9989855886 0.0199849308 0.1339604557 -0.0252297409 0.9906654358
52.1 392.0 2039.5 0 0 0 0 0 0 0 0 0
276.3 -143.2 2140.7 0 0 0 0 0 0 0 0 0
3.6 -870.9 2304.1 0 0 0 0 0 0 0 0 0
197.1 -881.6 2235.4 0 0 0 0 0 0 0 0 0
149.9 493.3 2205.8 6 0.9996550083 0.0261356048 -0.0026165005 -0.0261633322 0.9995950460 -0.0111918971 0.0023229339 0.0112564918 0.9999339581
144.5 286.9 2203.5 0.9996550083 0.0261356048 -0.0026165005 -0.0261633322 0.9995950460 -0.0111918971 0.0023229339 0.0112564918 0.9999339581
137.1 88.6 2193.1 0.9992988110 0.0372356288 -0.0039224830 -0.0373900719 0.9979282022 -0.0523577444 0.0019647828 0.0524676926 0.9986206889
-1.4 292.4 2203.2 0.8371716142 0.5273319483 0.1451369673 -0.2747725844 0.6349450350 -0.7220420837 -0.4729098678 0.5645934939 0.6764543056
-87.4 320.6 2251.7 -0.5319575667 0.5273319483 -0.6625271440 -0.2714214921 0.6349450350 0.7233085036 0.8020920157 0.5645934939 -0.1946346015
290.5 281.4 2203.8 0.4500172436 0.4352703094 0.7797591090 -0.8873311281 0.1195464730 0.4453673959 0.1006377563 -0.8923274875 0.4400268793
399.5 66.6 2228.2 -0.4636659920 0.4352703094 0.7717211843 -0.8198255301 0.1195464730 -0.5599952936 -0.3360058963 -0.8923274875 0.3014160991
40.2 -98.9 2186.1 0.9975980520 0.0385293067 0.0575642101 -0.0464464873 0.9885990620 0.1432294548 -0.0513893925 -0.1455590725 0.9880139828
24.9 -491.8 2244.0 0.9963849783 0.0621605143 0.0579051189 -0.0703397393 0.9858698249 0.1520294696 -0.0476366803 -0.1555529088 0.9866783023
223.5 -105.1 2186.0 0.9867717624 0.0991422758 -0.1282663196 -0.0858908743 0.9907537699 0.1050227657 0.1374925375 -0.0926165953 0.9861632586
184.1 -498.8 2222.8 0.9904156923 -0.0321997367 -0.1343127340 0.0381266810 0.9983986616 0.0417912006 0.1327519864 -0.0465115607 0.9900573492
52.4 391.8 2041.1 0 0 0 0 0 0 0 0 0
279.0 -146.5 2140.9 0 0 0 0 0 0 0 0 0
1.1 -868.6 2303.4 0 0 0 0 0 0 0 0 0
196.4 -880.1 2240.5 0 0 0 0 0 0 0 0 0
150.2 493.8 2202.8 7 0.9995135069 0.0303170774 -0.0073219812 -0.0303060003 0.9995393753 0.0016191837 0.0073676975 -0.0013964961 0.9999718666
143.8 283.0 2203.1 0.9995135069 0.0303170774 -0.0073219812 -0.0303060003 0.9995393753 0.0016191837 0.0073676975 -0.0013964961 0.9999718666
136.5 84.7 2192.2 0.9992758036 0.0369184352 -0.0092107970 -0.0373667330 0.9978148341 -0.0544915572 0.0071789268 0.0547962748 0.9984717369
-2.1 288.5 2202.0 0.8214409351 0.5609754920 0.1026706696 -0.3092519641 0.5894263387 -0.7462840080 -0.4791638255 0.5812771320 0.6576616764
-87.4 320.6 2251.7 -0.5397439599 0.5609754920 -0.6276805997 -0.2719776332 0.5894263387 0.7606607676 0.7966834903 0.5812771320 -0.1655665487
289.8 277.6 2204.1 0.4400933087 0.4349568486 0.7855764627 -0.8929798603 0.1200570241 0.4337894917 0.0943657383 -0.8924118280 0.4412440062
397.4 59.2 2227.2 -0.4729610980 0.4349568486 0.7662377954 -0.8128904700 0.1200570241 -0.5699082017 -0.3398776948 -0.8924118280 0.2967900038
38.1 -106.3 2182.5 0.9981511831 0.0299167987 0.0529078133 -0.0379392952 0.9867415428 0.1578028649 -0.0474853814 -0.1595183909 0.9860522151
26.2 -498.4 2245.9 0.9964973927 0.0649764463 0.0526400730 -0.0721773952 0.9861942530 0.1490346193 -0.0422295965 -0.1523120403 0.9874298573
221.4 -113.1 2182.8 0.9858872294 0.1005694196 -0.1338361055 -0.0875993446 0.9911726713 0.0995141342 0.1426627785 -0.0863857642 0.9859943390
181.4 -507.0 2217.2 0.9890598655 -0.0529411323 -0.1376876086 0.0617428869 0.9962593317 0.0604579560 0.1339718550 -0.0682977661 0.9886288047
54.0 391.8 2043.1 0 0 0 0 0 0 0 0 0
274.5 -152.0 2138.9 0 0 0 0 0 0 0 0 0
1.4 -875.2 2304.1 0 0 0 0 0 0 0 0 0
201.6 -887.5 2243.2 0 0 0 0 0 0 0 0 0
151.2 493.3 2201.8 8 0.9992741942 0.0374545231 0.0069457367 -0.0374040343 0.9992738366 -0.0072618732 -0.0072126826 0.0069968039 0.9999495149
143.0 276.0 2200.3 0.9992741942 0.0374545231 0.0069457367 -0.0374040343 0.9992738366 -0.0072618732 -0.0072126826 0.0069968039 0.9999495149
135.8 77.7 2190.0 0.9993156195 0.0366098061 0.0052909013 -0.0362866521 0.9979934692 -0.0518872440 -0.0071798670 0.0516597442 0.9986389279
-2.9 281.3 2201.3 0.7972351909 0.6032969952 0.0211840980 -0.3707041740 0.5169651508 -0.7715733647 -0.4764393270 0.6072724462 0.6357874870
-87.4 320.6 2251.7 -0.5479502678 0.6032969952 -0.5794680715 -0.2845739126 0.5169651508 0.8073194623 0.7866181731 0.6072724462 -0.1115885973
289.0 270.7 2199.2 0.4536818266 0.4414695501 0.7741301060 -0.8837762475 0.1112648919 0.4544883966 0.1145092770 -0.8903509378 0.4406391382
398.8 56.8 2226.9 -0.4976122081 0.4414695501 0.7466503382 -0.7953476310 0.1112648919 -0.5958542228 -0.3461274505 -0.8903509378 0.2957549989
37.5 -110.1 2180.7 0.9972077608 0.0326805674 0.0671469346 -0.0434431806 0.9852240086 0.1656694412 -0.0607406013 -0.1681239307 0.9838927388
24.5 -501.6 2247.5 0.9958330393 0.0624886975 0.0664212257 -0.0715515465 0.9869539738 0.1442298591 -0.0565419570 -0.1483813971 0.9873124957
220.8 -117.0 2182.0 0.9880822301 0.0969477892 -0.1195599213 -0.0847662687 0.9910543561 0.1030820683 0.1284839660 -0.0917189121 0.9874611497
182.3 -510.8 2218.4 0.9913739562 -0.0470789336 -0.1223163083 0.0564544573 0.9956330061 0.0743493438 0.1182818636 -0.0806133002 0.9897024035
55.3 394.7 2046.9 0 0 0 0 0 0 0 0 0
269.6 -149.8 2137.0 0 0 0 0 0 0 0 0 0
0.7 -878.8 2304.2 0 0 0 0 0 0 0 0 0
200.3 -891.1 2249.2 0 0 0 0 0 0 0 0 0
152.1 492.0 2201.8 9 0.9981664419 0.0581445657 0.0168217756 -0.0579380989 0.9982417822 -0.0125115076 -0.0175196752 0.0115139456 0.9997802377
139.4 274.2 2199.3 0.9981664419 0.0581445657 0.0168217756 -0.0579380989 0.9982417822 -0.0125115076 -0.0175196752 0.0115139456 0.9997802377
133.5 75.8 2188.9 0.9994528294 0.0294447690 0.0150694642 -0.0286173876 0.9982132912 -0.0524525717 -0.0165869929 0.0519926213 0.9985097051
-6.6 278.3 2201.7 0.7766032219 0.6296114922 -0.0218356494 -0.4061574042 0.4738833308 -0.7813262939 -0.4815844297 0.6156492233 0.6237406731
-87.4 320.6 2251.7 -0.5493975878 0.6296114922 -0.5493193269 -0.2887201905 0.4738833308 0.8319106102 0.7840937376 0.6156492233 -0.0785688236
285.4 270.0 2196.8 0.4689356387 0.4364365339 0.7678688169 -0.8750926852 0.1118245497 0.4708588421 0.1196334139 -0.8927589059 0.4343609214
400.8 54.5 2226.3 -0.5017203689 0.4364365339 0.7468600273 -0.7934050560 0.1118245497 -0.5983340740 -0.3446521163 -0.8927589059 0.2901663184
36.8 -117.3 2180.4 0.9964995980 0.0367988423 0.0750627294 -0.0487278029 0.9852786660 0.1638645828 -0.0679276735 -0.1669486314 0.9836229086
22.2 -508.9 2246.7 0.9953130484 0.0618526600 0.0743384212 -0.0721412450 0.9868252873 0.1448155195 -0.0644018129 -0.1494996399 0.9866622090
220.1 -124.0 2179.1 0.9899068475 0.0907806158 -0.1088267192 -0.0768148452 0.9890146852 0.1262908876 0.1190959960 -0.1166567057 0.9860057831
184.1 -516.9 2225.4 0.9922721982 -0.0422987007 -0.1166480109 0.0467418842 0.9982717037 0.0356206223 0.1149397045 -0.0407976992 0.9925343394
55.7 395.7 2047.6 0 0 0 0 0 0 0 0 0
270.5 -151.6 2136.8 0 0 0 0 0 0 0 0 0
-1.4 -886.0 2303.9 0 0 0 0 0 0 0 0 0
200.2 -898.0 2241.0 0 0 0 0 0 0 0 0 0
152.4 490.8 2200.8 0 0.9964529276 0.0824716017 0.0167332850 -0.0822607875 0.9965270758 -0.0129193645 -0.0177406538 0.0114970449 0.9997765422
134.4 273.5 2198.3 0.9964529276 0.0824716017 0.0167332850 -0.0822607875 0.9965270758 -0.0129193645 -0.0177406538 0.0114970449 0.9997765422
130.7 75.1 2188.1 0.9997211099 0.0184089746 0.0147932377 -0.0176281054 0.9985283613 -0.0512865447 -0.0157156009 0.0510114618 0.9985744357
-11.7 276.0 2200.6 0.7446585894 0.6645834446 -0.0617447495 -0.4379683435 0.4167318344 -0.7965665460 -0.5036539435 0.6202123761 0.6013894677
-87.4 320.6 2251.7 -0.5498020649 0.6645834446 -0.5060104132 -0.2893716395 0.4167318344 0.8617416024 0.7835698724 0.6202123761 -0.0368084088
280.4 270.9 2196.0 0.4832640290 0.4301348031 0.7625221014 -0.8670191765 0.1143829823 0.4849683642 0.1213822216 -0.8954890370 0.4282123148
400.5 55.4 2226.1 -0.5004459620 0.4301348031 0.7513573766 -0.7953655720 0.1143829823 -0.5952395797 -0.3419757485 -0.8954890370 0.2848719060
36.0 -119.9 2180.1 0.9968500733 0.0311789718 0.0729233176 -0.0441161357 0.9820930362 0.1831584722 -0.0659067854 -0.1857986301 0.9803749919
23.6 -510.2 2253.9 0.9950686097 0.0699403957 0.0703339130 -0.0772823095 0.9911698699 0.1077487022 -0.0621768720 -0.1126529202 0.9916871190
219.3 -125.2 2177.1 0.9897742271 0.0887560993 -0.1116664186 -0.0753698722 0.9900454879 0.1188667715 0.1211049855 -0.1092349812 0.9866110086
184.1 -518.6 2220.5 0.9924298525 -0.0374981090 -0.1169479489 0.0444409214 0.9973654151 0.0573347770 0.1144898906 -0.0620980226 0.9914816618
54.6 395.3 2049.4 0 0 0 0 0 0 0 0 0
270.5 -151.2 2137.3 0 0 0 0 0 0 0 0 0
-3.1 -888.7 2297.0 0 0 0 0 0 0 0 0 0
198.4 -899.4 2244.2 0 0 0 0 0 0 0 0 0
152.6 490.0 2200.3 1 0.9980844855 0.0618156120 0.0024980688 -0.0617788695 0.9980079532 -0.0127868466 -0.0032835193 0.0126080243 0.9999151230
139.6 280.9 2197.6 0.9980844855 0.0618156120 0.0024980688 -0.0617788695 0.9980079532 -0.0127868466 -0.0032835193 0.0126080243 0.9999151230
134.0 82.5 2189.8 0.9996038675 0.0281138103 0.0013111110 -0.0280409884 0.9988400936 -0.0391427837 -0.0024100430 0.0390905142 0.9992327690
-6.4 285.0 2198.0 0.7823146582 0.6180844307 0.0771713629 -0.3434371352 0.5313789248 -0.7743948698 -0.5196486115 0.5793169737 0.6279786229
-87.4 320.6 2251.7 -0.5264714360 0.6180844307 -0.5837803483 -0.2674575150 0.5313789248 0.8038052917 0.8070280552 0.5793169737 -0.1144444719
285.6 276.8 2197.3 0.4599269629 0.4467669129 0.7673764229 -0.8795819879 0.1108134389 0.4626617432 0.1216663271 -0.8877610564 0.4439342320
399.9 58.3 2227.5 -0.4949117601 0.4467669129 0.7452930212 -0.7960278392 0.1108134389 -0.5950294733 -0.3484279513 -0.8877610564 0.3007960320
35.4 -121.7 2179.4 0.9976418614 0.0300335344 0.0617146604 -0.0409538075 0.9820505381 0.1841180772 -0.0550771989 -0.1862113625 0.9809647202
23.4 -512.0 2253.4 0.9964544177 0.0593570322 0.0596264899 -0.0661729947 0.9905980825 0.1197355390 -0.0519587398 -0.1232566684 0.9910136461
218.7 -125.0 2176.5 0.9880759120 0.0915432349 -0.1237973943 -0.0758433193 0.9891169667 0.1260770112 0.1339915991 -0.1151844487 0.9842656255
182.4 -518.0 2222.3 0.9902912974 -0.0471435077 -0.1307695061 0.0535595641 0.9975051880 0.0459868610 0.1282752901 -0.0525443442 0.9903456569
46.8 388.7 2046.0 0 0 0 0 0 0 0 0 0
271.3 -148.5 2137.0 0 0 0 0 0 0 0 0 0
0.8 -890.4 2300.5 0 0 0 0 0 0 0 0 0
200.4 -899.1 2242.4 0 0 0 0 0 0 0 0 0
153.5 492.5 2200.5 2 0.9986362457 0.0518754534 -0.0058832755 -0.0519465804 0.9985696077 -0.0126610911 0.0052180602 0.0129494406 0.9999025464
142.9 287.3 2197.9 0.9986362457 0.0518754534 -0.0058832755 -0.0519465804 0.9985696077 -0.0126610911 0.0052180602 0.0129494406 0.9999025464
136.1 88.8 2191.3 0.9994061589 0.0337923318 -0.0067364872 -0.0339943692 0.9988916516 -0.0325548910 0.0056289155 0.0327645615 0.9994472265
-3.1 292.2 2197.0 0.8070498705 0.5625317693 0.1795230657 -0.2716119587 0.6236104965 -0.7330327034 -0.5243065953 0.5428333282 0.6560751200
-87.4 320.6 2251.7 -0.5115740299 0.5625317693 -0.6494998336 -0.2532478869 0.6236104965 0.7395778894 0.8210709691 0.5428333282 -0.1765629649
288.9 282.3 2198.7 0.4533547759 0.4632701576 0.7614789605 -0.8827905655 0.1153990179 0.4553722441 0.1230864525 -0.8786716461 0.4612872005
401.9 62.2 2229.4 -0.4996628761 0.4632701576 0.7319274545 -0.7848567963 0.1153990179 -0.6088373065 -0.3665198386 -0.8786716461 0.3059401214
36.8 -113.4 2182.3 0.9979801774 0.0324261896 0.0546272732 -0.0415729620 0.9835739732 0.1756528020 -0.0480342135 -0.1775690317 0.9829353690
23.9 -504.3 2252.8 0.9966023564 0.0633462593 0.0526400730 -0.0691931173 0.9906113148 0.1179045662 -0.0446770377 -0.1211462989 0.9916287065
220.1 -118.5 2181.8 0.9869529009 0.0914122537 -0.1325434893 -0.0763742626 0.9904925227 0.1144179925 0.1417425424 -0.1028022543 0.9845510125
183.8 -512.2 2222.7 0.9899134636 -0.0332887135 -0.1377069205 0.0413046591 0.9975890517 0.0557675846 0.1355184913 -0.0608930215 0.9889017940
43.8 385.5 2041.3 0 0 0 0 0 0 0 0 0
272.1 -141.7 2134.2 0 0 0 0 0 0 0 0 0
-0.3 -882.8 2299.1 0 0 0 0 0 0 0 0 0
196.5 -893.2 2246.0 0 0 0 0 0 0 0 0 0
154.0 491.9 2201.6 3 0.9988687634 0.0472456031 -0.0053873472 -0.0473478809 0.9986624122 -0.0207728185 0.0043987171 0.0210043993 0.9997696877
144.4 288.8 2197.4 0.9988687634 0.0472456031 -0.0053873472 -0.0473478809 0.9986624122 -0.0207728185 0.0043987171 0.0210043993 0.9997696877
136.7 90.3 2190.7 0.9992417693 0.0384803079 -0.0059282808 -0.0386572666 0.9986949563 -0.0333762132 0.0046362169 0.0335800759 0.9994252920
-1.6 294.4 2196.7 0.8150730729 0.5391702652 0.2120172679 -0.2484185547 0.6558501124 -0.7128456235 -0.5233966708 0.5283522606 0.6685056686
-87.4 320.6 2251.7 -0.4981996417 0.5391702652 -0.6790379882 -0.2574391663 0.6558501124 0.7096377611 0.8279626966 0.5283522606 -0.1879407614
290.3 283.1 2198.0 0.4580775797 0.4576887786 0.7620275021 -0.8796258569 0.1098042727 0.4628188908 0.1281531304 -0.8823060989 0.4528937638
403.4 66.1 2229.7 -0.4937102795 0.4576887786 0.7394397855 -0.7939070463 0.1098042727 -0.5980423093 -0.3549108803 -0.8823060989 0.3091508448
37.8 -106.6 2184.3 0.9979118109 0.0320096910 0.0561017357 -0.0409532711 0.9852200747 0.1663256884 -0.0499485247 -0.1682759225 0.9844736457
25.0 -498.1 2251.2 0.9964932799 0.0629681125 0.0551009960 -0.0699778721 0.9882002473 0.1362476647 -0.0458715558 -0.1396257430 0.9891412854
221.1 -112.8 2185.3 0.9871412516 0.0921755806 -0.1305978894 -0.0766794160 0.9899181128 0.1190897003 0.1402583718 -0.1075441837 0.9842569828
184.4 -506.2 2228.1 0.9896880388 -0.0274093542 -0.1405926645 0.0278331023 0.9996120334 0.0010481848 0.1405093819 -0.0049505057 0.9900669456
43.1 388.0 2034.9 0 0 0 0 0 0 0 0 0
275.1 -140.1 2137.5 0 0 0 0 0 0 0 0 0
1.0 -875.6 2304.5 0 0 0 0 0 0 0 0 0
194.9 -887.5 2230.0 0 0 0 0 0 0 0 0 0
154.0 494.5 2201.7 4 0.9990321994 0.0435835682 -0.0059255739 -0.0436990634 0.9988239408 -0.0210041963 0.0050031669 0.0212428104 0.9997618198
145.2 291.9 2197.4 0.9990321994 0.0435835682 -0.0059255739 -0.0436990634 0.9988239408 -0.0210041963 0.0050031669 0.0212428104 0.9997618198
137.6 93.5 2191.3 0.9992491007 0.0382295735 -0.0063031185 -0.0384032317 0.9988051653 -0.0302226972 0.0051401868 0.0304420628 0.9995233417
-0.8 297.6 2196.6 0.8230215311 0.5100480318 0.2499731779 -0.2188202888 0.6908249259 -0.6891143322 -0.5241691470 0.5124567151 0.6801726222
-87.4 320.6 2251.7 -0.4856351018 0.5100480318 -0.7099362612 -0.2604527175 0.6908249259 0.6744815111 0.8344596624 0.5124567151 -0.2026454508
291.1 286.3 2198.1 0.4515716732 0.4550969601 0.7674436569 -0.8835979700 0.1087107658 0.4554521441 0.1238454878 -0.8837809563 0.4512134194
403.1 67.2 2228.9 -0.4788664877 0.4550969601 0.7507154346 -0.8068952560 0.1087107658 -0.5806048512 -0.3458423615 -0.8837809563 0.3151576221
37.4 -104.6 2183.6 0.9978091121 0.0365983956 0.0551136285 -0.0446598455 0.9872194529 0.1529812664 -0.0488103777 -0.1551074684 0.9866910577
22.9 -496.9 2245.2 0.9971894622 0.0502932705 0.0555315465 -0.0588126928 0.9846484065 0.1643427908 -0.0464137122 -0.1671468616 0.9848389030
220.7 -111.7 2184.4 0.9867626429 0.0939481258 -0.1321862638 -0.0796537846 0.9907830358 0.1095638126 0.1412612200 -0.0975843444 0.9851510525
183.4 -505.4 2223.2 0.9900220633 -0.0273730904 -0.1382279992 0.0335306823 0.9985372424 0.0424159057 0.1368647516 -0.0466275625 0.9894917607
43.0 390.5 2027.8 0 0 0 0 0 0 0 0 0
278.7 -142.4 2139.0 0 0 0 0 0 0 0 0 0
3.7 -872.9 2309.1 0 0 0 0 0 0 0 0 0
193.8 -886.3 2241.0 0 0 0 0 0 0 0 0 0
152.7 494.0 2199.2 5 0.9993237257 0.0362486541 0.0061763949 -0.0361564606 0.9992418885 -0.0144358575 -0.0066949925 0.0142027782 0.9998767376
145.3 291.3 2196.4 0.9993237257 0.0362486541 0.0061763949 -0.0361564606 0.9992418885 -0.0144358575 -0.0066949925 0.0142027782 0.9998767376
138.3 92.8 2191.0 0.9993572235 0.0353897810 0.0057188319 -0.0352218151 0.9990093112 -0.0271989182 -0.0066757305 0.0269800071 0.9996137023
-0.6 296.5 2197.3 0.8245242834 0.5130975842 0.2385175675 -0.2288848907 0.6879602671 -0.6887106299 -0.5174663663 0.5132655501 0.6846802235
-87.4 320.6 2251.7 -0.4897013307 0.5130975842 -0.7049279809 -0.2564779520 0.6879602671 0.6789180636 0.8333136439 0.5132655501 -0.2052968591
291.3 286.2 2195.4 0.4491056800 0.4644234776 0.7632921934 -0.8828551173 0.0993194729 0.4590233862 0.1373714507 -0.8800264001 0.4546235800
402.2 68.3 2229.3 -0.4653342068 0.4644234776 0.7535083890 -0.8180980086 0.0993194729 -0.5664373636 -0.3379048407 -0.8800264001 0.3337271810
38.3 -101.5 2184.8 0.9969367981 0.0414656810 0.0663146153 -0.0512913130 0.9867231250 0.1540995091 -0.0590443239 -0.1570288390 0.9858274460
21.8 -493.6 2247.2 0.9968555570 0.0435475744 0.0662008449 -0.0531731211 0.9870417118 0.1513975561 -0.0587499999 -0.1544416100 0.9862536192
221.6 -108.5 2185.8 0.9875328541 0.1006637365 -0.1210195348 -0.0874976218 0.9901185036 0.1095877439 0.1308551878 -0.0976325721 0.9865823984
181.6 -502.0 2224.6 0.9907523990 -0.0411353894 -0.1292966455 0.0445042141 0.9987380505 0.0232734494 0.1281761080 -0.0288124699 0.9913328290
44.6 389.7 2027.2 0 0 0 0 0 0 0 0 0
281.3 -144.2 2141.5 0 0 0 0 0 0 0 0 0
5.2 -870.7 2306.2 0 0 0 0 0 0 0 0 0
197.3 -883.2 2235.6 0 0 0 0 0 0 0 0 0
153.0 493.9 2200.0 6 0.9992920756 0.0367096551 -0.0082311891 -0.0368800871 0.9990860224 -0.0216095317 0.0074303872 0.0218978021 0.9997326136
145.6 291.9 2195.6 0.9992920756 0.0367096551 -0.0082311891 -0.0368800871 0.9990860224 -0.0216095317 0.0074303872 0.0218978021 0.9997326136
138.4 93.4 2189.7 0.9993088245 0.0361865871 -0.0085123936 -0.0364217460 0.9989063740 -0.0293169823 0.0074422024 0.0296067540 0.9995338917
-0.4 297.2 2194.5 0.8150370121 0.5268051028 0.2412282228 -0.2187703550 0.6653160453 -0.7137885690 -0.5365204215 0.5289905071 0.6575065255
-87.4 320.6 2251.7 -0.5027545094 0.5268051028 -0.6853570342 -0.2579129040 0.6653160453 0.7005965114 0.8250568509 0.5289905071 -0.1986208111
291.6 286.6 2196.7 0.4472543895 0.4685145617 0.7618777156 -0.8843761086 0.1044407040 0.4549406469 0.1335752755 -0.8772606254 0.4610546529
401.7 68.7 2229.6 -0.4581429660 0.4685145617 0.7553800941 -0.8203103542 0.1044407040 -0.5623015761 -0.3423388898 -0.8772606254 0.3364785910
39.6 -102.5 2186.2 0.9977934361 0.0409704447 0.0522468127 -0.0482356958 0.9880502820 0.1463897973 -0.0456248224 -0.1485869288 0.9878463149
23.4 -495.1 2245.3 0.9971181154 0.0542811491 0.0530003197 -0.0623440221 0.9843623638 0.1647544056 -0.0432284586 -0.1675838530 0.9849095941
222.9 -108.9 2185.0 0.9856786132 0.1022443026 -0.1341036558 -0.0869652703 0.9895241261 0.1152347401 0.1444808990 -0.1019220501 0.9842444658
182.3 -502.2 2225.5 0.9887683988 -0.0455467105 -0.1423467249 0.0503457114 0.9982722998 0.0302938297 0.1407210082 -0.0371201262 0.9893531799
47.8 389.9 2030.0 0 0 0 0 0 0 0 0 0
282.7 -144.4 2140.6 0 0 0 0 0 0 0 0 0
2.6 -871.2 2309.3 0 0 0 0 0 0 0 0 0
199.7 -883.4 2239.7 0 0 0 0 0 0 0 0 0
151.7 491.9 2198.4 7 0.9993668199 0.0323650129 0.0147794988 -0.0323150083 0.9994711876 -0.0036097879 -0.0148885138 0.0031299028 0.9998842478
144.9 281.2 2197.7 0.9993668199 0.0323650129 0.0147794988 -0.0323150083 0.9994711876 -0.0036097879 -0.0148885138 0.0031299028 0.9998842478
137.4 82.9 2187.7 0.9992145896 0.0373877250 0.0131273242 -0.0366743542 0.9980289936 -0.0509229004 -0.0150053408 0.0504014716 0.9986163378
-1.0 286.5 2199.9 0.8121062517 0.5720437765 0.1151059717 -0.3202755749 0.6018826365 -0.7315468788 -0.4877571464 0.5572281480 0.6720042825
-87.4 320.6 2251.7 -0.5173352957 0.5720437765 -0.6364982724 -0.2624309063 0.6018826365 0.7542329431 0.8145515323 0.5572281480 -0.1612531543
290.8 275.9 2195.5 0.4670861065 0.4681916833 0.7500847578 -0.8724044561 0.1058505848 0.4771856070 0.1440174282 -0.8772640228 0.4578938484
401.8 68.6 2229.7 -0.4636177123 0.4681916833 0.7522334456 -0.8157454729 0.1058505848 -0.5686431527 -0.3458583355 -0.8772640228 0.3328510225
39.6 -101.8 2183.1 0.9962216616 0.0445140861 0.0745711476 -0.0550200678 0.9878491163 0.1453509033 -0.0671948791 -0.1489046216 0.9865658879
21.9 -494.4 2242.3 0.9962182045 0.0422338098 0.0759316236 -0.0551012754 0.9827955365 0.1762861460 -0.0671800226 -0.1798034012 0.9814059138
222.9 -108.5 2184.5 0.9877983928 0.1085265353 -0.1116973311 -0.0970789120 0.9899032116 0.1032824442 0.1217784360 -0.0911787748 0.9883604646
179.8 -501.8 2220.7 0.9911700487 -0.0617124289 -0.1173606366 0.0679614916 0.9964338541 0.0500086397 0.1138559505 -0.0575430691 0.9918294549
50.6 390.5 2034.6 0 0 0 0 0 0 0 0 0
281.3 -143.3 2139.9 0 0 0 0 0 0 0 0 0
5.8 -869.8 2311.0 0 0 0 0 0 0 0 0 0
203.3 -882.4 2242.7 0 0 0 0 0 0 0 0 0
152.2 492.4 2199.1 8 0.9994458556 0.0331257172 -0.0032675925 -0.0331521630 0.9994149804 -0.0084023736 0.0029873461 0.0085060457 0.9999593496
145.3 285.4 2197.3 0.9994458556 0.0331257172 -0.0032675925 -0.0331521630 0.9994149804 -0.0084023736 0.0029873461 0.0085060457 0.9999593496
138.0 87.0 2189.7 0.9993217587 0.0365724228 -0.0043009496 -0.0367097482 0.9986022711 -0.0380253345 0.0029042594 0.0381574333 0.9992675185
-0.6 290.8 2196.9 0.8115873337 0.5610941648 0.1627863646 -0.2788764834 0.6169009805 -0.7359762788 -0.5133750439 0.5519117713 0.6571449637
-87.4 320.6 2251.7 -0.5151848197 0.5610941648 -0.6478872895 -0.2616137862 0.6169009805 0.7422879934 0.8161757588 0.5519117713 -0.1710280478
291.3 280.1 2197.7 0.4570036232 0.4534229934 0.7652158141 -0.8807951212 0.1108712107 0.4603341818 0.1238856986 -0.8843727708 0.4500412941
403.3 64.1 2228.1 -0.4687837958 0.4534229934 0.7580562830 -0.8142392635 0.1108712107 -0.5698438287 -0.3424269259 -0.8843727708 0.3172201812
38.3 -112.0 2179.1 0.9976567030 0.0369051397 0.0576114394 -0.0459239408 0.9853841066 0.1640401483 -0.0507154688 -0.1663015038 0.9847698808
23.7 -503.6 2245.2 0.9967814684 0.0555066094 0.0578418635 -0.0646326169 0.9832842350 0.1702196300 -0.0474266782 -0.1734102368 0.9837070704
221.6 -118.7 2176.3 0.9868794084 0.0992435291 -0.1273568422 -0.0824820921 0.9879795313 0.1307405680 0.1388011128 -0.1185205132 0.9832025170
182.1 -511.2 2223.4 0.9898253083 -0.0441952161 -0.1352503002 0.0509921014 0.9975826740 0.0472079702 0.1328369975 -0.0536243394 0.9896861911
49.1 389.8 2035.7 0 0 0 0 0 0 0 0 0
281.5 -147.5 2139.1 0 0 0 0 0 0 0 0 0
2.5 -879.2 2311.4 0 0 0 0 0 0 0 0 0
199.0 -892.2 2243.9 0 0 0 0 0 0 0 0 0
151.8 490.8 2200.9 9 0.9965028763 0.0813145041 0.0192352533 -0.0808604509 0.9964528084 -0.0233110264 -0.0210625473 0.0216741320 0.9995431900
134.2 275.4 2196.2 0.9965028763 0.0813145041 0.0192352533 -0.0808604509 0.9964528084 -0.0233110264 -0.0210625473 0.0216741320 0.9995431900
133.3 77.0 2187.6 0.9998212457 0.0043961657 0.0183895696 -0.0036019583 0.9990685582 -0.0430002883 -0.0185614787 0.0429263636 0.9989057779
-11.7 275.9 2198.9 0.7377568483 0.6746949553 -0.0223964658 -0.4360251725 0.4509266615 -0.7788113952 -0.5153609514 0.5843388438 0.6268581748
-87.4 320.6 2251.7 -0.5231722593 0.6746949553 -0.5206511021 -0.2662836909 0.4509266615 0.8519144058 0.8095577955 0.5843388438 -0.0562520660
280.1 274.9 2193.5 0.5003435612 0.4336500466 0.7494024038 -0.8555588722 0.1147219390 0.5048345327 0.1329486370 -0.8937485814 0.4284135401
403.3 64.2 2226.3 -0.4728165567 0.4336500466 0.7670672536 -0.8153764606 0.1147219390 -0.5674505234 -0.3340743780 -0.8937485814 0.2993456125
39.1 -108.0 2181.9 0.9963651299 0.0432646759 0.0733808801 -0.0549745485 0.9846038222 0.1659308821 -0.0650721490 -0.1693618149 0.9834033847
21.9 -499.3 2249.2 0.9962437749 0.0471463948 0.0726329908 -0.0575880706 0.9871393442 0.1491291523 -0.0646679848 -0.1527517885 0.9861465096
222.3 -114.7 2182.4 0.9890640974 0.0965939537 -0.1114534736 -0.0843550265 0.9903736711 0.1097460613 0.1209813952 -0.0991442204 0.9876912236
184.0 -508.2 2221.8 0.9925677180 -0.0348536856 -0.1165953949 0.0415072069 0.9976159930 0.0551318787 0.1143958792 -0.0595616736 0.9916481376
50.0 390.5 2039.2 0 0 0 0 0 0 0 0 0
280.5 -147.7 2139.5 0 0 0 0 0 0 0 0 0
3.9 -876.4 2307.5 0 0 0 0 0 0 0 0 0
197.3 -889.3 2244.6 0 0 0 0 0 0 0 0 0
152.6 494.0 2206.3 0 0.9982153177 0.0583510883 -0.0127002150 -0.0587451570 0.9977189898 -0.0332535207 0.0107308663 0.0339402519 0.9993662238
140.4 286.2 2199.3 0.9982153177 0.0583510883 -0.0127002150 -0.0587451570 0.9977189898 -0.0332535207 0.0107308663 0.0339402519 0.9993662238
136.9 87.8 2189.7 0.9997531772 0.0178428590 -0.0132374102 -0.0184508916 0.9987089038 -0.0473290682 0.0123758335 0.0475616269 0.9987916350
-5.5 288.9 2197.5 0.7932727933 0.5991403461 0.1083934605 -0.3069977760 0.5473272800 -0.7785789967 -0.5258047581 0.5843489766 0.6181145906
-87.4 320.6 2251.7 -0.5318509340 0.5991403461 -0.5984691978 -0.2734769881 0.5473272800 0.7909761071 0.8014642000 0.5843489766 -0.1272454113
286.4 283.5 2201.1 0.4817546904 0.4158786833 0.7713347673 -0.8704886436 0.1258586198 0.4758246243 0.1008062065 -0.9006689191 0.4226506650
405.8 67.7 2226.1 -0.4758814573 0.4158786833 0.7749720812 -0.8138430119 0.1258586198 -0.5672910213 -0.3334611654 -0.9006689191 0.2785662115
40.8 -121.1 2180.7 0.9980496764 0.0426867232 0.0455488153 -0.0496828891 0.9849441648 0.1655795574 -0.0377949886 -0.1675196290 0.9851440191
23.8 -512.6 2247.3 0.9964614511 0.0701994076 0.0462238379 -0.0774749368 0.9803773165 0.1812675595 -0.0325919278 -0.1842073202 0.9823468924
224.0 -121.8 2177.3 0.9852718711 0.1014758050 -0.1376300007 -0.0831806362 0.9876556993 0.1327299029 0.1493999362 -0.1193268821 0.9815501571
183.7 -514.1 2224.8 0.9887417555 -0.0330387093 -0.1459388286 0.0401823185 0.9981202483 0.0462750830 0.1441356391 -0.0516182669 0.9882107377
51.5 392.0 2042.5 0 0 0 0 0 0 0 0 0
282.1 -143.8 2139.4 0 0 0 0 0 0 0 0 0
-3.0 -886.8 2317.6 0 0 0 0 0 0 0 0 0
196.3 -895.5 2244.5 0 0 0 0 0 0 0 0 0
152.5 495.4 2204.1 1 0.9998491406 0.0032521670 -0.0170637798 -0.0039722756 0.9990954399 -0.0423382893 0.0169106536 0.0423996821 0.9989576340
151.8 274.2 2194.7 0.9998491406 0.0032521670 -0.0170637798 -0.0039722756 0.9990954399 -0.0423382893 0.0169106536 0.0423996821 0.9989576340
138.2 76.5 2184.6 0.9974962473 0.0685676411 -0.0173133425 -0.0693457872 0.9963751435 -0.0492722541 0.0138721019 0.0503494926 0.9986352921
6.3 284.3 2192.6 0.8038862348 0.5876050591 0.0921260864 -0.3108911216 0.5471644402 -0.7771471739 -0.5070637465 0.5960967541 0.6225391626
-87.4 320.6 2251.7 -0.5407951474 0.5876050591 -0.6018811464 -0.2824179530 0.5471644402 0.7879410982 0.7923261523 0.5960967541 -0.1299536675
297.3 264.1 2196.7 0.4772742987 0.4531695247 0.7528921962 -0.8677725792 0.1080248132 0.4850787520 0.1384918690 -0.8848547935 0.4448055625
404.2 69.6 2227.7 -0.4642639160 0.4531695247 0.7609838247 -0.8187795281 0.1080248132 -0.5638534427 -0.3377263248 -0.8848547935 0.3208939135
41.8 -108.9 2179.1 0.9973310232 0.0503821857 0.0528434925 -0.0586329587 0.9839621782 0.1684654951 -0.0435083359 -0.1711142361 0.9842900634
21.7 -499.9 2247.1 0.9975160956 0.0464309007 0.0529698059 -0.0548672415 0.9837533832 0.1709351391 -0.0441725552 -0.1734168679 0.9838573933
225.0 -112.3 2181.4 0.9848704338 0.1087263003 -0.1349401474 -0.0930720046 0.9887190461 0.1173549965 0.1461774707 -0.1030203179 0.9838795662
181.8 -505.1 2222.3 0.9889105558 -0.0412997790 -0.1426541954 0.0479476638 0.9979029894 0.0434812047 0.1405592859 -0.0498389602 0.9888170362
53.5 394.1 2045.3 0 0 0 0 0 0 0 0 0
283.6 -143.1 2140.0 0 0 0 0 0 0 0 0 0
4.0 -875.6 2313.3 0 0 0 0 0 0 0 0 0
197.5 -886.4 2241.3 0 0 0 0 0 0 0 0 0
152.6 497.5 2201.9 2 0.9996927381 0.0228745025 -0.0095507028 -0.0231758356 0.9991953969 -0.0327322744 0.0087942844 0.0329435617 0.9994184971
147.4 267.8 2194.3 0.9996927381 0.0228745025 -0.0095507028 -0.0231758356 0.9991953969 -0.0327322744 0.0087942844 0.0329435617 0.9994184971
135.8 69.8 2184.1 0.9982383847 0.0584325753 -0.0102837048 -0.0588812307 0.9969752431 -0.0507282056 0.0072884196 0.0512443595 0.9986595511
1.7 276.4 2193.3 0.8155214190 0.5664081573 0.1187713370 -0.2814795077 0.5675261617 -0.7737463117 -0.5056620836 0.5975750089 0.6222620010
-98.8 311.0 2255.6 -0.5285181999 0.5664081573 -0.6323372126 -0.3062154651 0.5675261617 0.7642945647 0.7917705774 0.5975750089 -0.1265049428
293.1 259.2 2195.4 0.4589145184 0.4425566792 0.7704161406 -0.8806505203 0.1117081940 0.4604084492 0.1176950485 -0.8897554874 0.4410022795
401.1 51.8 2223.1 -0.4991094768 0.4425566792 0.7450056076 -0.7936371565 0.1117081940 -0.5980479121 -0.3478933275 -0.8897554874 0.2954748273
33.3 -114.8 2173.3 0.9979309440 0.0273299702 0.0581968948 -0.0378822908 0.9812924266 0.1887595356 -0.0519493781 -0.1905736178 0.9802973866
22.4 -504.7 2249.0 0.9972077012 0.0481262282 0.0571020432 -0.0562696569 0.9869529009 0.1508565098 -0.0490968712 -0.1536483914 0.9869050980
215.9 -127.5 2175.8 0.9879309535 0.0852782577 -0.1293060184 -0.0698563308 0.9903804660 0.1194429025 0.1382480413 -0.1089684963 0.9843847752
182.0 -521.0 2219.1 0.9904847145 -0.0319969542 -0.1338514537 0.0408787541 0.9971031547 0.0641421303 0.1314113587 -0.0690034851 0.9889234304
38.7 390.7 2049.6 0 0 0 0 0 0 0 0 0
271.6 -154.2 2132.8 0 0 0 0 0 0 0 0 0
4.0 -881.6 2307.7 0 0 0 0 0 0 0 0 0
194.3 -901.9 2245.5 0 0 0 0 0 0 0 0 0
153.2 494.9 2200.8 3 0.9995035529 0.0313094929 -0.0035140582 -0.0313922577 0.9991508722 -0.0266834293 0.0026756297 0.0267804973 0.9996377826
146.4 279.5 2195.1 0.9995035529 0.0313094929 -0.0035140582 -0.0313922577 0.9991508722 -0.0266834293 0.0026756297 0.0267804973 0.9996377826
136.4 81.3 2186.9 0.9987179041 0.0504564308 -0.0040931245 -0.0505816825 0.9978851080 -0.0408264399 0.0020245116 0.0409811325 0.9991578460
0.6 286.9 2194.8 0.8516536951 -0.3636668622 -0.3774022162 0.1056084707 0.8243958354 -0.5560740829 0.5133545399 0.4337256551 0.7405060530
-109.1 273.3 2128.7 -0.7373398542 -0.3636668622 -0.5692771077 -0.5392918587 0.8243958354 0.1718599349 0.4068098962 0.4337256551 -0.8039824367
292.2 272.1 2195.3 0.4343225956 0.4333900809 0.7896435261 -0.8948120475 0.1070351675 0.4334222972 0.1033212915 -0.8948276639 0.4342904687
400.8 48.3 2221.2 -0.5223932266 0.4333900809 0.7343557477 -0.7792539597 0.1070351675 -0.6175004244 -0.3462204337 -0.8948276639 0.2818064988
32.7 -122.7 2173.2 0.9978042245 0.0230703708 0.0620842539 -0.0344587006 0.9813439250 0.1891473383 -0.0565623045 -0.1908713579 0.9799841046
23.5 -512.7 2249.1 0.9967854619 0.0513927303 0.0614618100 -0.0608494207 0.9846643806 0.1635035574 -0.0521163605 -0.1667178869 0.9846263528
215.6 -133.5 2174.6 0.9885933399 0.0823577419 -0.1260968000 -0.0686329901 0.9916067719 0.1095696464 0.1340623498 -0.0996654183 0.9859483242
182.9 -527.5 2214.2 0.9911411405 -0.0335420407 -0.1285076290 0.0440490469 0.9958361983 0.0798119456 0.1252954900 -0.0847655386 0.9884917140
37.6 380.5 2047.8 0 0 0 0 0 0 0 0 0
265.2 -154.0 2131.3 0 0 0 0 0 0 0 0 0
3.9 -888.8 2312.8 0 0 0 0 0 0 0 0 0
195.7 -908.0 2246.6 0 0 0 0 0 0 0 0 0
151.9 493.9 2201.3 4 0.9994081855 0.0312081072 -0.0144667635 -0.0315697826 0.9991765618 -0.0254851617 0.0136595070 0.0259267930 0.9995704889
145.3 285.6 2195.9 0.9994081855 0.0312081072 -0.0144667635 -0.0315697826 0.9991765618 -0.0254851617 0.0136595070 0.0259267930 0.9995704889
137.3 87.2 2188.8 0.9990769029 0.0403212905 -0.0148181878 -0.0408232920 0.9985426068 -0.0352999717 0.0133732520 0.0358723141 0.9992669225
-0.6 291.6 2193.9 0.6636723876 -0.6035106182 -0.4419432878 0.2719533145 0.7450568676 -0.6090415716 0.6968359947 0.2840161622 0.6586003900
-119.0 243.0 2069.6 -0.7534454465 -0.6035106182 -0.2609499395 -0.6494445801 0.7450568676 0.1520264596 0.1026729569 0.2840161622 -0.9533063769
291.2 279.6 2197.8 0.4409095943 0.4380876124 0.7833760381 -0.8914885521 0.1124752834 0.4388592839 0.1041483730 -0.8918679953 0.4401414990
402.2 55.3 2224.1 -0.5187493563 0.4380876124 0.7341514826 -0.7786431313 0.1124752834 -0.6173039675 -0.3530071080 -0.8918679953 0.2827674150
34.8 -112.3 2178.6 0.9982482195 0.0330381952 0.0490813293 -0.0415890999 0.9818696380 0.1849388331 -0.0420814194 -0.1866561025 0.9815236330
21.7 -502.5 2252.7 0.9979075789 0.0439743623 0.0473999158 -0.0500821471 0.9893726110 0.1365049332 -0.0408934616 -0.1385931969 0.9895047545
