91.0 449.2 2101.2 5 0.9929226041 -0.0480975322 -0.1085876822 0.0410205126 0.9969433546 -0.0664929897 0.1114539132 0.0615680739 0.9918605685
102.7 207.4 2086.2 0.9929226041 -0.0480975322 -0.1085876822 0.0410205126 0.9969433546 -0.0664929897 0.1114539132 0.0615680739 0.9918605685
79.5 16.1 2109.2 0.9876477122 0.1193743050 -0.1014974192 -0.1057113409 0.9857651591 0.1307369918 0.1156592593 -0.1183926612 0.9862079620
-32.2 221.9 2070.4 0.6788248420 -0.6543876529 -0.3331270516 0.1210371479 0.5471763611 -0.8282198310 0.7242560387 0.5218954086 0.4506421387
-172.3 196.9 1921.0 -0.6548632383 -0.6543876529 -0.3780620992 -0.7551771402 0.5471763611 0.3609785438 -0.0293532498 0.5218954086 -0.8525042534
237.6 193.0 2102.0 0.7665668130 0.4777224958 0.4291346669 -0.4576332569 -0.0624080449 0.8869481683 0.4504965246 -0.8762913346 0.1707817763
371.9 112.8 2180.9 -0.6056935787 0.4777224958 0.6363304853 -0.7458963990 -0.0624080449 -0.6631317735 -0.2770808339 -0.8762913346 0.3941316605
-29.9 -165.8 2121.2 0.9716458321 0.0124112098 -0.2361150980 -0.0088737272 0.9998319745 0.0160388071 0.2362744957 -0.0134888180 0.9715927243
-34.7 -554.0 2126.4 0.9713481665 0.0396746509 -0.2343259752 -0.0171913095 0.9951140881 0.0972237810 0.2370384037 -0.0904097706 0.9672842622
147.3 -183.5 2141.0 0.9940807223 0.0528111234 -0.0949445069 -0.0557990931 0.9980180264 -0.0290943682 0.0932198167 0.0342199691 0.9950572848
126.8 -571.0 2127.7 0.9899556041 -0.1054425463 -0.0941792876 0.1045080572 0.9944136739 -0.0148140546 0.0952152088 0.0048227627 0.9954450130
1.4 397.2 1928.7 0 0 0 0 0 0 0 0 0
202.9 -95.2 2103.6 0 0 0 0 0 0 0 0 0
-49.5 -925.2 2160.1 0 0 0 0 0 0 0 0 0
166.1 -941.7 2125.9 0 0 0 0 0 0 0 0 0
91.7 451.1 2102.1 6 0.9944803119 -0.0323143452 -0.0998231545 0.0259901341 0.9976102710 -0.0640176684 0.1016532928 0.0610698909 0.9929436445
99.4 211.6 2087.4 0.9944803119 -0.0323143452 -0.0998231545 0.0259901341 0.9976102710 -0.0640176684 0.1016532928 0.0610698909 0.9929436445
80.9 19.6 2108.5 0.9909601212 0.0957025662 -0.0940162614 -0.0843578950 0.9894226193 0.1180111915 0.1043157876 -0.1090133712 0.9885516167
-35.9 223.1 2073.1 0.6480980515 -0.6790020466 -0.3448552489 0.1279814541 0.5434969664 -0.8295973539 0.7507261038 0.4935253859 0.4391390085
-169.9 196.7 1918.0 -0.6432409286 -0.6790020466 -0.3538323641 -0.7644479871 0.5434969664 0.3467424810 -0.0431320332 0.4935253859 -0.8686612248
234.8 200.1 2101.7 0.7620739937 0.4711073339 0.4441858530 -0.4791608155 -0.0510660298 0.8762403727 0.4354860783 -0.8805964589 0.1868200898
372.0 113.9 2180.1 -0.6044271588 0.4711073339 0.6424372792 -0.7457916737 -0.0510660298 -0.6642191410 -0.2801117897 -0.8805964589 0.3822136223
-32.1 -165.8 2121.8 0.9740835428 0.0001624327 -0.2261884212 0.0020459909 0.9999524951 0.0095291846 0.2261792123 -0.0097450009 0.9740369320
-32.1 -553.9 2125.6 0.9732936621 0.0448766239 -0.2251344472 -0.0215091128 0.9942191839 0.1051927730 0.2285536975 -0.0975410193 0.9686325192
144.9 -184.7 2142.5 0.9955291748 0.0441698804 -0.0834904537 -0.0472242348 0.9982720613 -0.0349686481 0.0818016306 0.0387550816 0.9958948493
127.7 -572.3 2127.5 0.9916578531 -0.0993979946 -0.0820652619 0.0994332135 0.9950374961 -0.0036677883 0.0820225850 -0.0045228214 0.9966202378
0.7 399.4 1929.4 0 0 0 0 0 0 0 0 0
203.4 -94.2 2101.9 0 0 0 0 0 0 0 0 0
-48.9 -924.9 2162.0 0 0 0 0 0 0 0 0 0
164.8 -943.4 2129.2 0 0 0 0 0 0 0 0 0
91.1 449.2 2102.5 7 0.9942334890 -0.0249888636 -0.1042850539 0.0186532699 0.9979455471 -0.0612918101 0.1056024209 0.0589931123 0.9926570058
97.0 212.6 2088.5 0.9942334890 -0.0249888636 -0.1042850539 0.0186532699 0.9979455471 -0.0612918101 0.1056024209 0.0589931123 0.9926570058
78.7 20.6 2109.7 0.9907274842 0.0940521955 -0.0980472863 -0.0822431967 0.9895756841 0.1182202324 0.1081440821 -0.1090603098 0.9881349802
-38.3 223.9 2073.7 0.6297005415 -0.6970988512 -0.3428272009 0.1408647001 0.5364586711 -0.8320872784 0.7639597058 0.4756735265 0.4360049367
-167.6 195.0 1916.9 -0.6252985001 -0.6970988512 -0.3507920206 -0.7794952393 0.5364586711 0.3234180510 -0.0372689143 0.4756735265 -0.8788320422
232.3 201.4 2103.3 0.7691258788 0.4606530964 0.4429944754 -0.4785551131 -0.0443066023 0.8769389391 0.4235922098 -0.8864737153 0.1863705367
371.5 114.8 2179.9 -0.5982131362 0.4606530964 0.6556979418 -0.7533250451 -0.0443066023 -0.6561542153 -0.2732077241 -0.8864737153 0.3735263050
-26.4 -164.8 2120.3 0.9730952382 0.0155272828 -0.2298793644 -0.0117578711 0.9997732043 0.0177581515 0.2301029563 -0.0145774810 0.9730570912
-32.5 -552.9 2126.0 0.9726669192 0.0461899862 -0.2275643498 -0.0221119579 0.9939869046 0.1072429493 0.2311495394 -0.0992797762 0.9678395391
151.1 -179.9 2139.0 0.9944421053 0.0594228730 -0.0869123861 -0.0621041954 0.9976633191 -0.0284770224 0.0850171149 0.0337163769 0.9958088398
128.0 -567.2 2125.9 0.9923793674 -0.0904134363 -0.0837170556 0.0926523581 0.9954270720 0.0232486539 0.0812322348 -0.0308280680 0.9962183237
-2.8 400.4 1926.7 0 0 0 0 0 0 0 0 0
204.6 -95.3 2103.7 0 0 0 0 0 0 0 0 0
-49.7 -923.9 2163.0 0 0 0 0 0 0 0 0 0
161.7 -938.5 2137.4 0 0 0 0 0 0 0 0 0
89.6 446.4 2102.7 8 0.9955604076 -0.0225922260 -0.0913730115 0.0164174065 0.9975656271 -0.0677739233 0.0926817358 0.0659729242 0.9935077429
94.9 211.0 2087.2 0.9955604076 -0.0225922260 -0.0913730115 0.0164174065 0.9975656271 -0.0677739233 0.0926817358 0.0659729242 0.9935077429
78.0 19.1 2110.2 0.9925762415 0.0868881792 -0.0851051211 -0.0757927746 0.9891433716 0.1259002984 0.0951204151 -0.1185152829 0.9883856773
-40.7 221.4 2074.2 0.6182065606 -0.7013714314 -0.3548222184 0.1290162206 0.5358410478 -0.8344035149 0.7753551006 0.4700558782 0.4217487276
-166.6 195.1 1916.3 -0.6254984736 -0.7013714314 -0.3418036997 -0.7789036632 0.5358410478 0.3258580565 -0.0453950688 0.4700558782 -0.8814685345
230.5 200.7 2100.2 0.7613776326 0.4788491130 0.4370442331 -0.4714380503 -0.0538130701 0.8802558184 0.4450284243 -0.8762463331 0.1847756356
371.4 113.4 2182.6 -0.6006572843 0.4788491130 0.6402455568 -0.7480058670 -0.0538130701 -0.6615068913 -0.2823084295 -0.8762463331 0.3905051649
-28.3 -164.1 2121.2 0.9762148857 0.0094244424 -0.2166002840 -0.0052210358 0.9997869134 0.0199703388 0.2167423517 -0.0183644649 0.9760560989
-31.9 -552.2 2128.3 0.9754933119 0.0453584939 -0.2153029293 -0.0254990216 0.9952325821 0.0941377208 0.2185464352 -0.0863407105 0.9719993472
149.2 -178.8 2140.5 0.9956924915 0.0568351299 -0.0732546896 -0.0587849692 0.9979640245 -0.0247402303 0.0716994330 0.0289399363 0.9970063567
127.2 -566.3 2129.3 0.9925237298 -0.0985392258 -0.0720187724 0.0985560194 0.9951259494 -0.0033290402 0.0719957873 -0.0037937320 0.9973977208
-2.0 400.1 1928.3 0 0 0 0 0 0 0 0 0
203.9 -95.2 2103.8 0 0 0 0 0 0 0 0 0
-48.8 -923.7 2160.5 0 0 0 0 0 0 0 0 0
163.9 -937.5 2130.7 0 0 0 0 0 0 0 0 0
88.0 446.8 2101.9 9 0.9967241287 -0.0169283003 -0.0790846944 0.0117176389 0.9977579117 -0.0658925325 0.0800228342 0.0647499934 0.9946877956
92.0 212.3 2086.6 0.9967241287 -0.0169283003 -0.0790846944 0.0117176389 0.9977579117 -0.0658925325 0.0800228342 0.0647499934 0.9946877956
76.5 20.1 2109.1 0.9941373467 0.0796140358 -0.0731613860 -0.0703123659 0.9900439382 0.1219392568 0.0821410641 -0.1160802171 0.9898374677
-43.8 221.9 2075.4 0.5963042974 -0.7104972601 -0.3736506999 0.1263881028 0.5427467227 -0.8303324580 0.7927466631 0.4479058087 0.4134405851
-164.2 196.4 1915.4 -0.6317771673 -0.7104972601 -0.3099213243 -0.7723070383 0.5427467227 0.3301027417 -0.0663283169 0.4479058087 -0.8916170597
227.8 202.7 2097.9 0.7622648478 0.4851514697 0.4284628034 -0.4633604884 -0.0531854108 0.8845724463 0.4519395828 -0.8728111982 0.1842586547
373.1 114.4 2184.0 -0.6063898206 0.4851514697 0.6300154328 -0.7396160960 -0.0531854108 -0.6709242463 -0.2919922769 -0.8728111982 0.3910769224
-27.7 -166.1 2124.6 0.9788658023 0.0105926953 -0.2042290419 -0.0089134807 0.9999185205 0.0091403732 0.2043092251 -0.0071268072 0.9788804650
-31.8 -554.3 2127.4 0.9784396291 0.0411778055 -0.2023864836 -0.0209357440 0.9946500063 0.1011586413 0.2054692060 -0.0947405100 0.9740670323
150.1 -179.7 2141.7 0.9965335727 0.0568686016 -0.0607190877 -0.0591169223 0.9976054430 -0.0358959585 0.0585323423 0.0393610522 0.9975092411
128.0 -567.0 2126.4 0.9939411283 -0.0938387066 -0.0572300218 0.0953072608 0.9951707125 0.0234889761 0.0547494665 -0.0288010966 0.9980846643
1.4 398.7 1932.8 0 0 0 0 0 0 0 0 0
203.9 -91.9 2102.5 0 0 0 0 0 0 0 0 0
-47.2 -925.6 2162.8 0 0 0 0 0 0 0 0 0
163.0 -938.2 2137.1 0 0 0 0 0 0 0 0 0
87.6 447.7 2100.9 0 0.9968482852 -0.0091691259 -0.0787998885 0.0044711232 0.9982129335 -0.0595902912 0.0792054608 0.0590501539 0.9951078296
89.7 213.3 2087.0 0.9968482852 -0.0091691259 -0.0787998885 0.0044711232 0.9982129335 -0.0595902912 0.0792054608 0.0590501539 0.9951078296
75.2 20.9 2107.8 0.9945173264 0.0747406632 -0.0731379911 -0.0662595779 0.9914726019 0.1122128665 0.0809011757 -0.1067515463 0.9909889698
-46.1 222.4 2076.0 0.5816884041 -0.7152808309 -0.3873136640 0.1317763627 0.5527367592 -0.8228712082 0.8026665449 0.4276158810 0.4157777131
-162.6 196.0 1915.3 -0.6343290806 -0.7152808309 -0.2932573855 -0.7702943087 0.5527367592 0.3180074692 -0.0653705150 0.4276158810 -0.9015938044
225.6 204.3 2098.1 0.7639965415 0.4708938599 0.4410988986 -0.4704455137 -0.0613271296 0.8802953959 0.4415770173 -0.8800556660 0.1746761948
372.2 114.0 2182.8 -0.6037063599 0.4708938599 0.6432710290 -0.7498127222 -0.0613271296 -0.6588018537 -0.2707757652 -0.8800556660 0.3901057839
-28.0 -165.8 2124.3 0.9789903164 0.0124144964 -0.2035285234 -0.0098089408 0.9998565912 0.0138057228 0.2036707252 -0.0115192691 0.9789716601
-32.8 -553.9 2128.8 0.9783413410 0.0458881669 -0.2018477321 -0.0270807277 0.9951116443 0.0949708745 0.2052190751 -0.0874477476 0.9748015404
150.1 -178.4 2139.0 0.9966087341 0.0571499839 -0.0592027158 -0.0591394901 0.9977232814 -0.0324150585 0.0572154075 0.0358063504 0.9977195263
128.0 -565.7 2125.1 0.9944666624 -0.0891435221 -0.0555834584 0.0908456370 0.9954460859 0.0288824160 0.0527556539 -0.0337721147 0.9980362058
3.2 397.4 1932.4 0 0 0 0 0 0 0 0 0
203.8 -95.1 2107.3 0 0 0 0 0 0 0 0 0
-49.9 -925.4 2161.4 0 0 0 0 0 0 0 0 0
161.2 -937.2 2137.7 0 0 0 0 0 0 0 0 0
87.9 449.2 2100.9 1 0.9967574477 -0.0049029919 -0.0803154930 0.0003528615 0.9983986020 -0.0565696955 0.0804642364 0.0563579239 0.9951629639
89.1 215.6 2087.8 0.9967574477 -0.0049029919 -0.0803154930 0.0003528615 0.9983986020 -0.0565696955 0.0804642364 0.0563579239 0.9951629639
76.5 23.0 2108.6 0.9950642586 0.0646860674 -0.0752520636 -0.0560233817 0.9921253324 0.1120211110 0.0819056854 -0.1072523221 0.9908523560
-46.9 223.2 2076.6 0.5723403096 -0.7189002633 -0.3944730759 0.1340347379 0.5566009283 -0.8198964000 0.8089877963 0.4163866639 0.4149227440
-161.4 196.4 1914.7 -0.6349660754 -0.7189002633 -0.2828435302 -0.7695809007 0.5566009283 0.3129547834 -0.0675523132 0.4163866639 -0.9066746235
225.0 207.9 2098.9 0.7625344396 0.4469064474 0.4677775204 -0.4834783971 -0.0867868811 0.8710434437 0.4298718870 -0.8903609514 0.1498916298
372.5 114.4 2182.1 -0.6117668748 0.4469064474 0.6526989341 -0.7558223605 -0.0867868811 -0.6489996910 -0.2333964556 -0.8903609514 0.3908752203
-28.4 -165.6 2121.2 0.9788349271 0.0040154466 -0.2046119720 -0.0012619551 0.9999068975 0.0135858469 0.2046474814 -0.0130400900 0.9787488580
-29.9 -553.8 2126.3 0.9770832658 0.0640844181 -0.2029813975 -0.0398083739 0.9917927384 0.1215006262 0.2091017812 -0.1106358692 0.9716152549
149.8 -177.5 2135.7 0.9967358112 0.0549032837 -0.0591892712 -0.0561515614 0.9982291460 -0.0196355935 0.0580063984 0.0228950679 0.9980536699
128.5 -565.0 2126.8 0.9946503043 -0.0855189189 -0.0579423755 0.0858226269 0.9963065982 0.0027689731 0.0574915707 -0.0077269268 0.9983161092
4.2 397.1 1932.3 0 0 0 0 0 0 0 0 0
202.0 -96.2 2117.1 0 0 0 0 0 0 0 0 0
-53.9 -923.9 2167.6 0 0 0 0 0 0 0 0 0
160.4 -936.7 2129.7 0 0 0 0 0 0 0 0 0
90.3 452.0 2101.5 2 0.9947459102 -0.0256926324 -0.0990980193 0.0202497896 0.9982509017 -0.0555439591 0.1003517509 0.0532454140 0.9935262799
96.5 214.1 2088.8 0.9947459102 -0.0256926324 -0.0990980193 0.0202497896 0.9982509017 -0.0555439591 0.1003517509 0.0532454140 0.9935262799
80.1 21.6 2107.8 0.9919674993 0.0842701420 -0.0943345204 -0.0741305500 0.9915704131 0.1062674075 0.1024944931 -0.0984207392 0.9898526073
-39.0 224.2 2074.8 0.5943862200 -0.7182468176 -0.3616995513 0.1325743943 0.5311381817 -0.8368490338 0.7931765914 0.4494594038 0.4109223485
-159.6 197.3 1913.8 -0.6224213243 -0.7182468176 -0.3109875321 -0.7791901231 0.5311381817 0.3327987194 -0.0738542601 0.4494594038 -0.8902425170
231.9 203.9 2102.8 0.7689234018 0.4152455330 0.4861357808 -0.4869190753 -0.1124133170 0.8661830425 0.4143267572 -0.9027372003 0.1157537326
369.1 117.1 2176.6 -0.5952156186 0.4152455330 0.6879603863 -0.7840190530 -0.1124133170 -0.6104730368 -0.1761602908 -0.9027372003 0.3924705684
-25.2 -164.5 2122.0 0.9742937684 0.0093138907 -0.2250885963 -0.0069197211 0.9999108315 0.0114231398 0.2251749039 -0.0095719434 0.9742713571
-28.8 -552.7 2125.8 0.9723253846 0.0703343004 -0.2227922827 -0.0445848666 0.9919441342 0.1185709685 0.2293370962 -0.1053563952 0.9676283002
153.1 -174.6 2136.7 0.9946900606 0.0639325455 -0.0806489885 -0.0661006868 0.9975120425 -0.0245038699 0.0788817406 0.0297047105 0.9964413047
128.3 -561.8 2125.2 0.9931495786 -0.0869123563 -0.0781033859 0.0882843509 0.9959928989 0.0142819686 0.0765491426 -0.0210794378 0.9968429804
2.4 400.2 1933.1 0 0 0 0 0 0 0 0 0
203.5 -101.0 2127.6 0 0 0 0 0 0 0 0 0
-55.0 -922.9 2165.1 0 0 0 0 0 0 0 0 0
160.7 -933.5 2133.1 0 0 0 0 0 0 0 0 0
90.6 452.3 2099.7 3 0.9891346693 -0.0591822676 -0.1345737576 0.0536652915 0.9975774884 -0.0442634188 0.1368673593 0.0365605429 0.9899144769
104.8 212.6 2090.9 0.9891346693 -0.0591822676 -0.1345737576 0.0536652915 0.9975774884 -0.0442634188 0.1368673593 0.0365605429 0.9899144769
83.1 20.7 2109.1 0.9851009250 0.1120055914 -0.1305027157 -0.0980518535 0.9892098308 0.1088564545 0.1412870884 -0.0944385603 0.9854538441
-29.6 226.0 2071.7 0.6191773415 -0.7115826011 -0.3320687413 0.1399705112 0.5161236525 -0.8449997902 0.7726756930 0.4767248631 0.4191726148
-158.3 196.9 1911.1 -0.6151226759 -0.7115826011 -0.3395206928 -0.7855172157 0.5161236525 0.3414368331 -0.0677258596 0.4767248631 -0.8764397502
239.2 199.2 2110.2 0.7757684588 0.4099854231 0.4796824455 -0.4845467210 -0.0999230146 0.8690395951 0.4042249024 -0.9066020846 0.1211399734
369.5 117.8 2178.1 -0.5950555205 0.4099854231 0.6912458539 -0.7826099396 -0.0999230146 -0.6144404411 -0.1828402430 -0.9066020846 0.3803184032
-25.0 -164.1 2117.7 0.9648230672 0.0058860555 -0.2628341317 -0.0019017840 0.9998794198 0.0154107111 0.2628931403 -0.0143687557 0.9647179246
-27.3 -552.3 2123.3 0.9623965621 0.0768734217 -0.2605442107 -0.0448650382 0.9909321070 0.1266517490 0.2679177821 -0.1101998910 0.9571186304
152.6 -177.4 2136.1 0.9907389879 0.0622713193 -0.1206589416 -0.0660611838 0.9974319935 -0.0276645906 0.1186263785 0.0353792608 0.9923084378
128.5 -564.7 2122.3 0.9891852736 -0.0885953829 -0.1168904528 0.0926331133 0.9952613115 0.0295640342 0.1137173027 -0.0400722325 0.9927046895
1.7 401.2 1928.8 0 0 0 0 0 0 0 0 0
203.8 -100.2 2127.2 0 0 0 0 0 0 0 0 0
-56.0 -922.2 2164.4 0 0 0 0 0 0 0 0 0
161.5 -936.1 2137.3 0 0 0 0 0 0 0 0 0
89.1 450.9 2100.8 4 0.9875103831 -0.0653991103 -0.1433394998 0.0594774596 0.9972048998 -0.0452192612 0.1458961517 0.0361290202 0.9886399508
104.7 213.7 2092.2 0.9875103831 -0.0653991103 -0.1433394998 0.0594774596 0.9972048998 -0.0452192612 0.1458961517 0.0361290202 0.9886399508
84.0 21.5 2108.7 0.9843555689 0.1065276563 -0.1403423101 -0.0930040628 0.9906670451 0.0996446833 0.1496474147 -0.0850333944 0.9850761294
-29.7 226.4 2071.8 0.6172816753 -0.7168792486 -0.3241102993 0.1472823918 0.5099786520 -0.8474842906 0.7728332281 0.4754008055 0.4203841984
-158.8 195.6 1910.2 -0.6055254936 -0.7168792486 -0.3455763757 -0.7934083343 0.5099786520 0.3323024511 -0.0619841516 0.4754008055 -0.8775830865
239.1 201.0 2112.7 0.7727739215 0.4129936099 0.4819302559 -0.4991820157 -0.0734478012 0.8633786440 0.3919665813 -0.9077674150 0.1494004428
371.2 115.7 2179.7 -0.5986822248 0.4129936099 0.6863059998 -0.7730145454 -0.0734478012 -0.6301221251 -0.2098287493 -0.9077674150 0.3632219732
-26.8 -162.5 2114.7 0.9623308778 0.0061186119 -0.2718122005 0.0012267417 0.9996388555 0.0268454980 0.2718782723 -0.0261676945 0.9619758129
-29.2 -550.5 2124.9 0.9598505497 0.0751156211 -0.2702675164 -0.0458267331 0.9925261736 0.1131005585 0.2767432034 -0.0961741582 0.9561191201
149.5 -180.0 2140.0 0.9901497364 0.0533446558 -0.1294521391 -0.0580135472 0.9977844954 -0.0325651430 0.1274281740 0.0397543460 0.9910507798
128.8 -567.4 2124.5 0.9879345894 -0.0882003009 -0.1273026913 0.0896724686 0.9959540367 0.0058686305 0.1262700111 -0.0172133707 0.9918465614
-1.7 401.4 1926.3 0 0 0 0 0 0 0 0 0
204.3 -99.7 2121.2 0 0 0 0 0 0 0 0 0
-57.2 -921.0 2160.8 0 0 0 0 0 0 0 0 0
161.7 -939.0 2131.0 0 0 0 0 0 0 0 0 0
89.1 449.8 2100.9 5 0.9874558449 -0.0620795749 -0.1451795846 0.0562936887 0.9974604249 -0.0436314195 0.1475195140 0.0349114053 0.9884428382
103.8 214.3 2092.7 0.9874558449 -0.0620795749 -0.1451795846 0.0562936887 0.9974604249 -0.0436314195 0.1475195140 0.0349114053 0.9884428382
83.6 22.0 2108.4 0.9843616486 0.1039141417 -0.1422463506 -0.0907966048 0.9912502170 0.0958071873 0.1509574503 -0.0813934356 0.9851837158
-30.7 226.8 2072.0 0.6081365943 -0.7251110673 -0.3230848014 0.1557434052 0.5080667734 -0.8471199274 0.7784046531 0.4648463130 0.4219052792
-158.0 194.1 1909.1 -0.5955741405 -0.7251110673 -0.3456954658 -0.8015531301 0.5080667734 0.3152470887 -0.0529527552 0.4648463130 -0.8838064671
238.2 201.9 2113.3 0.7720178962 0.4114815295 0.4844288230 -0.5024688244 -0.0716426149 0.8616219759 0.3892472684 -0.9085980058 0.1514472514
371.3 115.3 2180.4 -0.6113647819 0.4114815295 0.6759557128 -0.7610542178 -0.0716426149 -0.6447199583 -0.2168631107 -0.9085980058 0.3569595218
-24.8 -162.4 2111.7 0.9618423581 0.0100433808 -0.2734198868 -0.0016422337 0.9995199442 0.0309377257 0.2735993564 -0.0293081962 0.9613971114
-28.7 -550.5 2123.1 0.9594278932 0.0777505934 -0.2710220218 -0.0431578085 0.9903969765 0.1313441098 0.2786314487 -0.1143184826 0.9535700083
151.5 -179.1 2138.5 0.9897119999 0.0585457571 -0.1305472702 -0.0627252012 0.9976342320 -0.0281325746 0.1285913885 0.0360317491 0.9910428524
128.8 -566.4 2124.6 0.9878679514 -0.0882053822 -0.1278151870 0.0910088494 0.9957174659 0.0162507240 0.1258344203 -0.0276858844 0.9916648865
-4.3 401.1 1922.7 0 0 0 0 0 0 0 0 0
200.8 -96.8 2119.9 0 0 0 0 0 0 0 0 0
-57.7 -920.1 2165.8 0 0 0 0 0 0 0 0 0
161.7 -938.0 2134.9 0 0 0 0 0 0 0 0 0
87.7 448.7 2095.4 6 0.9871433377 -0.0780780017 -0.1394697875 0.0756177753 0.9968748093 -0.0228608996 0.1408188343 0.0120205907 0.9899623990
105.9 216.2 2092.6 0.9871433377 -0.0780780017 -0.1394697875 0.0756177753 0.9968748093 -0.0228608996 0.1408188343 0.0120205907 0.9899623990
83.2 24.1 2107.7 0.9836071134 0.1170357764 -0.1371847391 -0.1047396660 0.9900773764 0.0936823860 0.1467877030 -0.0777779818 0.9861054420
-28.4 230.5 2072.6 0.6019288301 -0.7337473631 -0.3151135147 0.1715711206 0.5042232871 -0.8463582397 0.7799006701 0.4553830028 0.4293963909
-154.1 194.7 1909.8 -0.5908123851 -0.7337473631 -0.3354930282 -0.8044849038 0.5042232871 0.3139472902 -0.0611945875 0.4553830028 -0.8881900311
240.3 201.9 2112.7 0.7707380056 0.4059376121 0.4910983741 -0.5040504336 -0.0830049589 0.8596763015 0.3897385299 -0.9101235271 0.1406379342
371.0 116.4 2178.8 -0.6190871596 0.4059376121 0.6722691059 -0.7575393319 -0.0830049589 -0.6474907994 -0.2070391923 -0.9101235271 0.3589009941
-24.7 -162.3 2110.7 0.9630554914 0.0064863143 -0.2692249715 0.0035359203 0.9993191957 0.0367246233 0.2692798972 -0.0363198072 0.9623768330
-27.2 -550.3 2124.8 0.9602943063 0.0798053518 -0.2673310637 -0.0451581068 0.9900411963 0.1333384514 0.2753098905 -0.1159719899 0.9543347955
151.6 -178.6 2137.7 0.9901512861 0.0588332042 -0.1270397007 -0.0629737228 0.9975988865 -0.0288222805 0.1250389665 0.0365385823 0.9914788008
128.8 -565.9 2123.5 0.9884395003 -0.0881195962 -0.1233784929 0.0924259573 0.9952790737 0.0296152420 0.1201863512 -0.0406762511 0.9919176698
-2.1 401.7 1925.5 0 0 0 0 0 0 0 0 0
198.4 -94.8 2121.1 0 0 0 0 0 0 0 0 0
-57.0 -919.8 2168.1 0 0 0 0 0 0 0 0 0
161.6 -937.3 2138.7 0 0 0 0 0 0 0 0 0
87.8 451.7 2097.7 7 0.9911354184 -0.0650343001 -0.1158497036 0.0618200377 0.9976017475 -0.0311291367 0.1175963283 0.0236913580 0.9927788377
103.1 217.2 2092.1 0.9911354184 -0.0650343001 -0.1158497036 0.0618200377 0.9976017475 -0.0311291367 0.1175963283 0.0236913580 0.9927788377
80.2 25.1 2108.1 0.9865915179 0.1182877421 -0.1124505922 -0.1077350080 0.9895619750 0.0957095549 0.1225980893 -0.0823113769 0.9890371561
-31.6 231.9 2075.4 0.5648775101 -0.7541183233 -0.3349909484 0.1934745610 0.5156863928 -0.8346467614 0.8021726608 0.4066609740 0.4372023642
-149.6 191.5 1907.8 -0.5872412324 -0.7541183233 -0.2940293849 -0.8067172766 0.5156863928 0.2885736823 -0.0659917369 0.4066609740 -0.9111925960
237.9 202.5 2108.9 0.7671869993 0.4234491289 0.4817830920 -0.5006822944 -0.0741453692 0.8624498248 0.4009256065 -0.9028805494 0.1551301181
371.5 115.3 2178.7 -0.6171522141 0.4234491289 0.6631847024 -0.7532107830 -0.0741453692 -0.6535870433 -0.2275887877 -0.9028805494 0.3647054136
-27.6 -158.7 2109.7 0.9694650173 0.0062056924 -0.2451510578 0.0058684517 0.9988064170 0.0484906882 0.2451593727 -0.0484486818 0.9682714343
-30.0 -546.5 2128.5 0.9670518637 0.0715003014 -0.2443326563 -0.0459973700 0.9930273294 0.1085401922 0.2503896654 -0.0937253311 0.9635977149
148.6 -177.5 2136.0 0.9934166670 0.0509817079 -0.1025877446 -0.0540215671 0.9981727004 -0.0270731412 0.1010200530 0.0324368589 0.9943554401
128.8 -565.0 2123.4 0.9913505912 -0.0861656964 -0.0989922285 0.0903884470 0.9951431751 0.0389873162 0.0951520652 -0.0475978553 0.9943241477
1.2 398.6 1924.7 0 0 0 0 0 0 0 0 0
199.4 -94.8 2115.3 0 0 0 0 0 0 0 0 0
-56.7 -917.0 2163.4 0 0 0 0 0 0 0 0 0
161.0 -936.4 2141.1 0 0 0 0 0 0 0 0 0
85.5 454.3 2100.3 8 0.9906316400 -0.0681945682 -0.1183152646 0.0640935078 0.9972150922 -0.0381320119 0.1205861643 0.0301915370 0.9922436476
101.7 217.8 2093.2 0.9906316400 -0.0681945682 -0.1183152646 0.0640935078 0.9972150922 -0.0381320119 0.1205861643 0.0301915370 0.9922436476
80.3 25.5 2108.2 0.9871758819 0.1100831553 -0.1156092137 -0.0999218598 0.9908890724 0.0903020427 0.1244966388 -0.0775921121 0.9891815186
-33.2 231.5 2076.2 0.5502547622 -0.7550125718 -0.3566169441 0.1893445998 0.5287863016 -0.8273655176 0.8132455349 0.3877383471 0.4339247644
-148.6 191.8 1905.6 -0.5939294696 -0.7550125718 -0.2778556943 -0.8020725846 0.5287863016 0.2776052058 -0.0626691356 0.3877383471 -0.9196366668
236.5 204.2 2110.2 0.7707272172 0.4224553406 0.4769811928 -0.5034041405 -0.0551722236 0.8622878194 0.3905942142 -0.9047030210 0.1701430380
371.1 116.3 2178.4 -0.6087884903 0.4224553406 0.6714968681 -0.7567509413 -0.0551722236 -0.6513708830 -0.2381271124 -0.9047030210 0.3532817066
-31.1 -157.3 2113.1 0.9687823057 -0.0086747101 -0.2477612048 0.0152987540 0.9995747805 0.0248228535 0.2474405169 -0.0278383791 0.9685030580
-27.8 -545.3 2123.9 0.9657137394 0.0802689493 -0.2468884289 -0.0437003374 0.9876916409 0.1501850486 0.2559048235 -0.1342466474 0.9573351145
145.6 -176.6 2135.1 0.9935635924 0.0438185632 -0.1044573560 -0.0468130037 0.9985550642 -0.0263882615 0.1031501293 0.0311083794 0.9941792488
128.6 -564.3 2123.0 0.9909191728 -0.0879898071 -0.1016709134 0.0917545259 0.9952361584 0.0329561457 0.0982867628 -0.0419856459 0.9942720532
3.0 396.6 1921.6 0 0 0 0 0 0 0 0 0
201.3 -94.8 2112.0 0 0 0 0 0 0 0 0 0
-57.7 -913.6 2174.0 0 0 0 0 0 0 0 0 0
161.4 -935.8 2138.7 0 0 0 0 0 0 0 0 0
85.7 453.9 2101.2 9 0.9929026961 -0.0561248772 -0.1048534662 0.0520402193 0.9977908134 -0.0412958637 0.1069395468 0.0355461799 0.9936299324
99.1 215.9 2092.7 0.9929026961 -0.0561248772 -0.1048534662 0.0520402193 0.9977908134 -0.0412958637 0.1069395468 0.0355461799 0.9936299324
79.7 23.4 2108.1 0.9897347093 0.1001486555 -0.1019579098 -0.0911313593 0.9918029904 0.0895650312 0.1100919768 -0.0793540627 0.9907485247
-36.1 228.4 2077.6 0.5292105675 -0.7632311583 -0.3706944883 0.1655783057 0.5213829875 -0.8371042609 0.8321778774 0.3816254437 0.4022958875
-146.5 193.8 1904.0 -0.5852674246 -0.7632311583 -0.2737522423 -0.8081131577 0.5213829875 0.2740673125 -0.0664469600 0.3816254437 -0.9219256043
234.3 203.5 2107.7 0.7663009763 0.4442307651 0.4641571939 -0.4960534275 -0.0500370748 0.8668490648 0.4083060920 -0.8945140243 0.1820187271
372.3 114.2 2181.2 -0.6104488969 0.4442307651 0.6557523608 -0.7477006912 -0.0500370748 -0.6621479988 -0.2613345683 -0.8945140243 0.3626967371
-29.5 -157.9 2112.1 0.9722426534 0.0035250892 -0.2339481711 0.0064396365 0.9991045594 0.0418161936 0.2338860929 -0.0421620272 0.9713494182
-30.9 -545.6 2128.5 0.9703747034 0.0628695711 -0.2332815975 -0.0394919701 0.9938381910 0.1035665721 0.2383553386 -0.0912856311 0.9668782949
147.4 -175.8 2134.5 0.9946839213 0.0516973585 -0.0890576765 -0.0529970750 0.9985190034 -0.0122902533 0.0882904083 0.0169447139 0.9959506392
127.3 -563.4 2127.9 0.9912902713 -0.0977755934 -0.0882245377 0.0984737575 0.9951331615 0.0035856403 0.0874445811 -0.0122422129 0.9960941672
2.1 399.0 1920.9 0 0 0 0 0 0 0 0 0
202.1 -94.3 2108.4 0 0 0 0 0 0 0 0 0
-54.3 -916.0 2162.5 0 0 0 0 0 0 0 0 0
163.8 -934.7 2132.4 0 0 0 0 0 0 0 0 0
85.8 451.3 2095.1 0 0.9931727648 -0.0611284189 -0.0993536338 0.0593222156 0.9980171919 -0.0210360419 0.1004425362 0.0149985459 0.9948298335
100.3 214.2 2091.5 0.9931727648 -0.0611284189 -0.0993536338 0.0593222156 0.9980171919 -0.0210360419 0.1004425362 0.0149985459 0.9948298335
79.6 21.9 2107.0 0.9895642996 0.1067312285 -0.0968038812 -0.0980735123 0.9910849333 0.0901788920 0.1055657715 -0.0797439069 0.9912097454
-34.9 227.6 2077.1 0.5396661162 -0.7545644641 -0.3733536601 0.1527239531 0.5238646865 -0.8379983306 0.8279105425 0.3952192664 0.3979521096
-148.0 195.6 1903.6 -0.5896789432 -0.7545644641 -0.2879431248 -0.8055468798 0.5238646865 0.2768753767 -0.0580770820 0.3952192664 -0.9167490602
235.5 200.8 2105.9 0.7675635219 0.4505157769 0.4559405744 -0.4839856327 -0.0590095371 0.8730840683 0.4202429950 -0.8908161521 0.1727495939
371.9 114.8 2180.6 -0.6089820862 0.4505157769 0.6528218389 -0.7499462962 -0.0590095371 -0.6588614583 -0.2583047748 -0.8908161521 0.3737983704
-28.4 -160.9 2113.6 0.9733313322 0.0076777069 -0.2292752117 0.0006940989 0.9993366599 0.0364112705 0.2294026762 -0.0355993733 0.9726803899
-31.4 -548.8 2127.4 0.9720895886 0.0551808402 -0.2280283421 -0.0300456714 0.9932238460 0.1122660488 0.2326781154 -0.1022813916 0.9671604633
148.9 -177.3 2133.3 0.9950256348 0.0530433916 -0.0843233764 -0.0538176112 0.9985266924 -0.0069335341 0.0838313699 0.0114371264 0.9964143038
128.3 -564.9 2128.9 0.9923924804 -0.0891217664 -0.0849379003 0.0878493488 0.9959599376 -0.0186098237 0.0862532854 0.0110065108 0.9962124228
1.4 399.7 1918.3 0 0 0 0 0 0 0 0 0
202.1 -94.3 2108.6 0 0 0 0 0 0 0 0 0
-52.0 -919.3 2165.6 0 0 0 0 0 0 0 0 0
161.6 -936.5 2124.8 0 0 0 0 0 0 0 0 0
83.9 449.0 2089.5 1 0.9905380011 -0.0818965062 -0.1101244017 0.0830888152 0.9965223670 0.0062740440 0.1092276052 -0.0153647847 0.9938980341
103.1 215.6 2093.1 0.9905380011 -0.0818965062 -0.1101244017 0.0830888152 0.9965223670 0.0062740440 0.1092276052 -0.0153647847 0.9938980341
80.6 23.3 2107.6 0.9873072505 0.1157571375 -0.1087414101 -0.1064975336 0.9904616475 0.0874296725 0.1178248078 -0.0747392625 0.9902178049
-31.8 230.2 2077.0 0.5560654402 -0.7480228543 -0.3622886240 0.1699657142 0.5290250182 -0.8314109445 0.8135741353 0.4007422626 0.4213107824
-150.4 193.9 1903.5 -0.5847115517 -0.7480228543 -0.3139654100 -0.8109735250 0.5290250182 0.2499089241 -0.0208420120 0.4007422626 -0.9159537554
237.9 201.0 2109.2 0.7643241882 0.4413838089 0.4700945914 -0.4919476807 -0.0721808821 0.8676274419 0.4168885350 -0.8944105506 0.1619681418
371.9 114.8 2182.3 -0.6155408025 0.4413838089 0.6529087424 -0.7496200204 -0.0721808821 -0.6579207778 -0.2432680428 -0.8944105506 0.3753004074
-29.8 -161.7 2113.0 0.9703765512 0.0085693151 -0.2414453775 -0.0011656028 0.9995251894 0.0307902843 0.2415945977 -0.0295967422 0.9699258208
-33.1 -549.8 2124.5 0.9700995088 0.0414302908 -0.2391452193 -0.0084092589 0.9904689193 0.1374796331 0.2425617129 -0.1313578933 0.9612017870
147.5 -179.3 2131.9 0.9941522479 0.0481522307 -0.0966573805 -0.0485176817 0.9988213181 -0.0014327683 0.0964744613 0.0061139818 0.9953166842
128.8 -567.1 2129.5 0.9913721681 -0.0878601372 -0.0972721800 0.0868722498 0.9961160421 -0.0143531365 0.0981554464 0.0057790461 0.9951543212
-2.9 398.6 1908.7 0 0 0 0 0 0 0 0 0
200.3 -94.3 2114.5 0 0 0 0 0 0 0 0 0
-48.6 -919.2 2173.5 0 0 0 0 0 0 0 0 0
161.6 -938.8 2127.4 0 0 0 0 0 0 0 0 0
84.0 448.9 2089.7 2 0.9883522391 -0.0899566337 -0.1227505580 0.0915390626 0.9957746863 0.0073017436 0.1215750575 -0.0184531659 0.9924107194
105.0 217.0 2094.0 0.9883522391 -0.0899566337 -0.1227505580 0.0915390626 0.9957746863 0.0073017436 0.1215750575 -0.0184531659 0.9924107194
79.3 25.2 2108.9 0.9838323593 0.1320982724 -0.1209292635 -0.1212543547 0.9882506728 0.0930481553 0.1317999214 -0.0768805891 0.9882905483
-29.4 233.6 2076.0 0.5543478727 -0.7534438968 -0.3535827994 0.1871953011 0.5268200040 -0.8291071057 0.8109601736 0.3934246898 0.4330826998
-148.2 193.5 1902.2 -0.5818913579 -0.7534438968 -0.3061449826 -0.8128535748 0.5268200040 0.2484547198 -0.0259133708 0.3934246898 -0.9189915657
239.3 200.5 2112.0 0.7669107318 0.4247932732 0.4810391068 -0.5042906404 -0.0646913275 0.8611074090 0.3969117105 -0.9029760361 0.1646068096
369.6 114.8 2179.5 -0.6160222292 0.4247932732 0.6633756757 -0.7515592575 -0.0646913275 -0.6564858556 -0.2359561324 -0.9029760361 0.3591086268
-30.3 -159.4 2111.6 0.9671798944 0.0044460958 -0.2540536225 0.0082254708 0.9987750053 0.0487934798 0.2539593577 -0.0492817834 0.9659585953
-32.0 -547.0 2130.7 0.9661875963 0.0464597195 -0.2536199093 -0.0236697923 0.9954607487 0.0921827033 0.2567514479 -0.0830626488 0.9629014730
146.6 -178.5 2132.7 0.9927604198 0.0458441786 -0.1110183150 -0.0471529365 0.9988453984 -0.0091905817 0.1104687974 0.0143588847 0.9937758446
128.8 -566.2 2127.1 0.9899948239 -0.0881153271 -0.1102085486 0.0895461366 0.9959498048 0.0080916956 0.1090491861 -0.0178794861 0.9938755631
-1.5 398.5 1908.7 0 0 0 0 0 0 0 0 0
197.8 -94.8 2113.7 0 0 0 0 0 0 0 0 0
-49.3 -918.0 2161.6 0 0 0 0 0 0 0 0 0
161.7 -937.9 2133.8 0 0 0 0 0 0 0 0 0
82.9 446.4 2091.4 3 0.9867006540 -0.1035366207 -0.1253075749 0.1042428464 0.9945514202 -0.0009258233 0.1247206777 -0.0121489074 0.9921175241
106.7 217.6 2094.2 0.9867006540 -0.1035366207 -0.1253075749 0.1042428464 0.9945514202 -0.0009258233 0.1247206777 -0.0121489074 0.9921175241
79.8 26.0 2109.7 0.9826039672 0.1386439651 -0.1235610098 -0.1269956231 0.9870840311 0.0976588875 0.1355049163 -0.0802683011 0.9875198603
-27.5 234.9 2075.6 0.5492076278 -0.7598182559 -0.3479184508 0.1934088320 0.5205911398 -0.8316116333 0.8129969239 0.3894369304 0.4328681529
-145.7 193.3 1900.7 -0.5775628090 -0.7598182559 -0.2984919250 -0.8155211806 0.5205911398 0.2528044283 -0.0366931707 0.3894369304 -0.9203219414
240.9 200.2 2112.7 0.7602415085 0.4403712153 0.4776045382 -0.5113639235 -0.0477807745 0.8580349088 0.4006741941 -0.8965435028 0.1888650209
368.0 114.7 2179.7 -0.6131085753 0.4403712153 0.6558743119 -0.7454910874 -0.0477807745 -0.6648007035 -0.2614209056 -0.8965435028 0.3575876057
-34.4 -155.7 2112.0 0.9663900733 -0.0096882554 -0.2568975985 0.0216979478 0.9987978339 0.0439555384 0.2561629117 -0.0480523445 0.9654385448
-30.7 -543.4 2130.7 0.9639954567 0.0681757107 -0.2570307851 -0.0433397926 0.9939330220 0.1010880023 0.2623631358 -0.0863087103 0.9611016512
141.8 -177.4 2135.6 0.9925233126 0.0394320749 -0.1155101955 -0.0432317480 0.9985970855 -0.0305753406 0.1141424924 0.0353404433 0.9928355813
126.5 -565.0 2121.9 0.9883040190 -0.1032740846 -0.1122035086 0.1088670865 0.9930416346 0.0449033789 0.1067854017 -0.0565934591 0.9926701784
-0.8 398.0 1909.9 0 0 0 0 0 0 0 0 0
197.1 -93.2 2106.8 0 0 0 0 0 0 0 0 0
-56.1 -914.1 2162.9 0 0 0 0 0 0 0 0 0
165.0 -935.3 2143.0 0 0 0 0 0 0 0 0 0
82.6 444.6 2089.7 4 0.9874051213 -0.1035895944 -0.1195838153 0.1051701903 0.9944298267 0.0069658537 0.1181961223 -0.0194547735 0.9927996993
106.1 218.2 2094.1 0.9874051213 -0.1035895944 -0.1195838153 0.1051701903 0.9944298267 0.0069658537 0.1181961223 -0.0194547735 0.9927996993
79.6 26.6 2110.0 0.9835376143 0.1368171573 -0.1180458590 -0.1254788190 0.9871758819 0.0986857638 0.1300339252 -0.0822489038 0.9880922437
-28.2 235.3 2076.3 0.5399399400 -0.7612457871 -0.3591235280 0.1953462213 0.5283461809 -0.8262506723 0.8187213540 0.3759723306 0.4339816868
-144.4 193.3 1900.1 -0.5844390392 -0.7612457871 -0.2809553146 -0.8102012277 0.5283461809 0.2538194656 -0.0447773263 0.3759723306 -0.9255483747
240.5 201.0 2111.9 0.7624794841 0.4483495653 0.4664844573 -0.5094062686 -0.0285259876 0.8600531816 0.3989114165 -0.8934029937 0.2066415995
369.3 115.0 2179.2 -0.6147804856 0.4483495653 0.6488664150 -0.7353876829 -0.0285259876 -0.6770460010 -0.2850437164 -0.8934029937 0.3472479582
-35.2 -154.2 2113.1 0.9678324461 -0.0119722532 -0.2513106763 0.0212830342 0.9991827607 0.0343636088 0.2506938875 -0.0386068709 0.9672963023
-30.5 -542.1 2128.1 0.9652320743 0.0710250735 -0.2515600324 -0.0474344566 0.9939923286 0.0986369550 0.2570544183 -0.0832749456 0.9628022909
140.9 -177.0 2137.4 0.9933608770 0.0342085809 -0.1098357514 -0.0378087424 0.9988082647 -0.0308634695 0.1086490601 0.0348113142 0.9934704304
127.6 -564.7 2123.9 0.9895805717 -0.0950459391 -0.1081503704 0.0972202048 0.9951498508 0.0150001757 0.1062001213 -0.0253582839 0.9940213561
1.7 395.8 1911.3 0 0 0 0 0 0 0 0 0
197.9 -90.0 2099.8 0 0 0 0 0 0 0 0 0
-57.0 -913.0 2159.2 0 0 0 0 0 0 0 0 0
163.0 -935.8 2133.4 0 0 0 0 0 0 0 0 0
81.8 444.0 2089.3 5 0.9890886545 -0.1052978113 -0.1030339375 0.1071008742 0.9941744208 0.0121112559 0.1011584178 -0.0230141319 0.9946041107
105.5 220.4 2094.5 0.9890886545 -0.1052978113 -0.1030339375 0.1071008742 0.9941744208 0.0121112559 0.1011584178 -0.0230141319 0.9946041107
79.4 28.7 2110.1 0.9856894612 0.1343406588 -0.1018276140 -0.1248556152 0.9876710773 0.0944293514 0.1132578924 -0.0803642645 0.9903101921
-29.1 237.5 2079.0 0.5242094398 -0.7663890123 -0.3712847233 0.2054440230 0.5369244814 -0.8182327747 0.8264364600 0.3526470959 0.4389109015
-143.8 192.5 1898.2 -0.5876395702 -0.7663890123 -0.2594756782 -0.8077417612 0.5369244814 0.2434447706 -0.0472545661 0.3526470959 -0.9345625043
240.2 203.4 2110.0 0.7570431232 0.4502332807 0.4734719396 -0.5175685287 -0.0290239360 0.8551493883 0.3987587392 -0.8924391270 0.2110542059
370.3 114.4 2178.5 -0.6213781238 0.4502332807 0.6412325501 -0.7279420495 -0.0290239360 -0.6850240827 -0.2898095548 -0.8924391270 0.3457785845
-35.1 -153.8 2114.4 0.9718675613 -0.0111195762 -0.2352654636 0.0171421692 0.9995751977 0.0235693995 0.2349034399 -0.0269392934 0.9716453552
-30.8 -541.8 2124.8 0.9694082737 0.0701865628 -0.2352050990 -0.0419815630 0.9915367365 0.1228514314 0.2418370098 -0.1092189178 0.9641504288
141.1 -176.3 2137.7 0.9948974252 0.0381468087 -0.0934020802 -0.0416263826 0.9984990954 -0.0355926231 0.0919041485 0.0392990001 0.9949920774
126.3 -563.9 2122.4 0.9907019138 -0.1017337963 -0.0903323814 0.1055219993 0.9936833978 0.0381884947 0.0858767256 -0.0473654680 0.9951792359
2.9 394.2 1910.0 0 0 0 0 0 0 0 0 0
197.0 -88.6 2097.7 0 0 0 0 0 0 0 0 0
-56.9 -911.8 2165.6 0 0 0 0 0 0 0 0 0
164.3 -934.6 2140.1 0 0 0 0 0 0 0 0 0
83.4 443.2 2089.1 6 0.9902572632 -0.0962918699 -0.1005901173 0.0985339433 0.9949789047 0.0175521951 0.0983949080 -0.0272927284 0.9947730899
104.9 221.8 2095.2 0.9902572632 -0.0962918699 -0.1005901173 0.0985339433 0.9949789047 0.0175521951 0.0983949080 -0.0272927284 0.9947730899
78.1 30.2 2110.7 0.9854990244 0.1378122717 -0.0989919454 -0.1286288947 0.9872419834 0.0938500911 0.1106627062 -0.0797559544 0.9906526804
-29.8 239.4 2080.1 0.5095652342 -0.7734450102 -0.3769961596 0.2124412805 0.5376756191 -0.8159494996 0.8337937593 0.3356899321 0.4382924438
-142.2 192.5 1896.1 -0.5851606131 -0.7734450102 -0.2436593622 -0.8092440963 0.5376756191 0.2367043346 -0.0520680845 0.3356899321 -0.9405323863
239.5 204.3 2110.3 0.7586452365 0.4448169172 0.4760203362 -0.5149325132 -0.0382231772 0.8563781381 0.3991264999 -0.8948054910 0.2000528723
370.0 115.7 2179.0 -0.6125781536 0.4448169172 0.6533650756 -0.7418299317 -0.0382231772 -0.6694978476 -0.2728302777 -0.8948054910 0.3533931971
-34.9 -151.9 2115.5 0.9724869728 -0.0117266597 -0.2326619029 0.0157605801 0.9997558594 0.0154866902 0.2324234992 -0.0187274907 0.9724343419
-30.4 -540.0 2122.8 0.9710044265 0.0553262569 -0.2325714231 -0.0270440299 0.9920279384 0.1230818480 0.2375270128 -0.1132233441 0.9647597671
141.7 -174.2 2135.8 0.9952068925 0.0365922824 -0.0906873420 -0.0392123051 0.9988584518 -0.0272788387 0.0895856246 0.0307041481 0.9955057502
127.5 -562.0 2123.9 0.9917683005 -0.0919384807 -0.0891232416 0.0934903547 0.9955301881 0.0133886514 0.0874939412 -0.0216106027 0.9959306121
3.8 394.5 1909.1 0 0 0 0 0 0 0 0 0
199.1 -91.1 2102.9 0 0 0 0 0 0 0 0 0
-51.0 -910.1 2165.0 0 0 0 0 0 0 0 0 0
161.7 -933.3 2132.0 0 0 0 0 0 0 0 0 0
83.1 442.1 2087.6 7 0.9895523190 -0.1025357246 -0.1013539061 0.1053040773 0.9941891432 0.0223374460 0.0984745696 -0.0327770524 0.9945996404
106.1 219.6 2094.9 0.9895523190 -0.1025357246 -0.1013539061 0.1053040773 0.9941891432 0.0223374460 0.0984745696 -0.0327770524 0.9945996404
78.7 27.9 2109.6 0.9849448800 0.1409811825 -0.1000391543 -0.1321429014 0.9871277809 0.0900943354 0.1114530340 -0.0755184963 0.9908961654
-28.5 237.6 2079.7 0.5144459605 -0.7740622759 -0.3690162003 0.2053781301 0.5290226936 -0.8233801126 0.8325654268 0.3477967083 0.4311290383
-142.8 192.0 1894.7 -0.5774839520 -0.7740622759 -0.2594992220 -0.8151401281 0.5290226936 0.2359692752 -0.0453739315 0.3477967083 -0.9364714026
240.6 201.5 2110.1 0.7602197528 0.4513779879 0.4672513604 -0.5066850781 -0.0382036492 0.8612843752 0.4066155255 -0.8915146589 0.1996633112
370.4 115.0 2179.5 -0.6081967354 0.4513779879 0.6529583931 -0.7442436814 -0.0382036492 -0.6668146849 -0.2760401070 -0.8915146589 0.3591705561
-36.9 -149.9 2116.3 0.9720973969 -0.0172114316 -0.2339454144 0.0209887680 0.9996863008 0.0136659890 0.2336368114 -0.0181948990 0.9721536636
-30.3 -538.0 2123.3 0.9700388312 0.0639704168 -0.2343766689 -0.0344057828 0.9911607504 0.1281271726 0.2405012995 -0.1162244231 0.9636654258
139.6 -173.0 2136.1 0.9952791929 0.0306121632 -0.0920989886 -0.0335546248 0.9989691973 -0.0305715669 0.0910681933 0.0335175917 0.9952804446
127.8 -560.8 2123.1 0.9917777181 -0.0905482396 -0.0904320180 0.0927124247 0.9954917431 0.0200161058 0.0882119015 -0.0282357000 0.9957014918
1.7 395.9 1906.0 0 0 0 0 0 0 0 0 0
200.8 -92.5 2102.5 0 0 0 0 0 0 0 0 0
-54.1 -907.9 2166.7 0 0 0 0 0 0 0 0 0
161.5 -932.3 2133.6 0 0 0 0 0 0 0 0 0
86.4 442.9 2087.8 8 0.9910936356 -0.0874276310 -0.1004478484 0.0899540260 0.9957267046 0.0208947733 0.0981918275 -0.0297443662 0.9947229028
106.0 219.9 2094.4 0.9910936356 -0.0874276310 -0.1004478484 0.0899540260 0.9957267046 0.0208947733 0.0981918275 -0.0297443662 0.9947229028
78.4 28.4 2110.6 0.9849659204 0.1420331448 -0.0983297601 -0.1324718744 0.9863522649 0.0977774486 0.1108754203 -0.0832815319 0.9903387427
-28.6 238.0 2079.3 0.5165357590 -0.7743942142 -0.3653825223 0.2092574686 0.5279409885 -0.8230975866 0.8303024173 0.3487003148 0.4347481728
-143.5 191.5 1894.6 -0.5738319755 -0.7743942142 -0.2665154338 -0.8181992769 0.5279409885 0.2276582569 -0.0355928279 0.3487003148 -0.9365581870
240.5 201.8 2109.6 0.7576490045 0.4548847079 0.4680254757 -0.5056012273 -0.0443934873 0.8616244197 0.4127170444 -0.8894431591 0.1963555813
370.5 115.1 2180.4 -0.6044026017 0.4548847079 0.6540468931 -0.7489066124 -0.0443934873 -0.6611868739 -0.2717283666 -0.8894431591 0.3674977124
-36.9 -151.8 2114.2 0.9724252820 -0.0213209093 -0.2322378904 0.0254980084 0.9995623231 0.0149989789 0.2318164557 -0.0205069911 0.9725433588
