77.9 446.3 2065.3 40 0.9987049699 0.0353466570 -0.0365915522 -0.0330564454 0.9975652695 0.0614065528 0.0386729762 -0.0601174459 0.9974418879
69.7 214.5 2079.3 0.9987049699 0.0353466570 -0.0365915522 -0.0330564454 0.9975652695 0.0614065528 0.0386729762 -0.0601174459 0.9974418879
69.4 21.3 2097.1 0.9993494153 0.0016886389 -0.0360258669 0.0016286528 0.9957712293 0.0918532088 0.0360286273 -0.0918521211 0.9951206446
-66.8 214.3 2074.3 0.8450097442 -0.4278475642 -0.3207881153 0.0611573942 0.6732680798 -0.7368649244 0.5312422514 0.6030394435 0.5950840712
-239.1 201.9 1966.0 -0.7459011674 -0.4278475642 -0.5104683042 -0.6398141980 0.6732680798 0.3706048429 0.1851196438 0.6030394435 -0.7759343386
206.2 214.8 2084.2 0.7980133295 0.4744044542 0.3716384470 -0.3655227423 -0.1092698127 0.9243664145 0.4791324139 -0.8734990358 0.0862068459
378.8 135.7 2187.8 -0.6459077597 0.4744044542 0.5981166959 -0.7173931599 -0.1092698127 -0.6880458593 -0.2610559464 -0.8734990358 0.4109127522
-21.0 -169.6 2115.9 0.9965943098 0.0430966131 -0.0703026205 -0.0416651145 0.9988958836 0.0217035189 0.0711603463 -0.0187004376 0.9972895980
-37.7 -557.4 2123.2 0.9972183108 0.0302245803 -0.0681329668 -0.0254382752 0.9972187877 0.0700542703 0.0700608343 -0.0681262165 0.9952136874
158.1 -169.6 2122.9 0.9958536029 0.0821977407 -0.0389763899 -0.0830662996 0.9963182211 -0.0212118290 0.0370893255 0.0243615005 0.9990149736
126.2 -556.3 2113.5 0.9942157269 -0.1024298221 -0.0322983637 0.1041827500 0.9928482175 0.0582958758 0.0260961372 -0.0613236092 0.9977767467
-40.4 372.4 1916.7 0 0 0 0 0 0 0 0 0
213.2 -48.2 2120.9 0 0 0 0 0 0 0 0 0
-49.0 -928.9 2148.6 0 0 0 0 0 0 0 0 0
164.3 -926.4 2136.3 0 0 0 0 0 0 0 0 0
77.9 446.3 2060.1 41 0.9985072613 0.0355271250 -0.0414851196 -0.0322367027 0.9964744449 0.0774564967 0.0440906659 -0.0760035366 0.9961322546
69.6 212.0 2078.0 0.9985072613 0.0355271250 -0.0414851196 -0.0322367027 0.9964744449 0.0774564967 0.0440906659 -0.0760035366 0.9961322546
69.8 18.6 2094.9 0.9991452694 -0.0011845052 -0.0413196683 0.0047812299 0.9961919188 0.0870565698 0.0410591997 -0.0871797204 0.9953460693
-66.9 211.3 2072.4 0.8513578773 -0.4092833102 -0.3281415701 0.0273435805 0.6592979431 -0.7513844371 0.5238721967 0.6307244897 0.5724897981
-238.2 205.8 1967.0 -0.7567202449 -0.4092833102 -0.5097662807 -0.6314994693 0.6592979431 0.4080865681 0.1690648347 0.6307244897 -0.7573662996
206.1 212.6 2083.6 0.8002293110 0.4669820070 0.3762457073 -0.3679461181 -0.1130930707 0.9229440093 0.4735490084 -0.8770049810 0.0813238323
376.9 134.1 2184.7 -0.6409155130 0.4669820070 0.6092250347 -0.7265909910 -0.1130930707 -0.6776986718 -0.2475739717 -0.8770049810 0.4117880166
-20.5 -172.1 2111.7 0.9965854287 0.0338606015 -0.0753056854 -0.0325489603 0.9992974997 0.0185775217 0.0758818239 -0.0160629656 0.9969874024
-33.6 -560.0 2117.9 0.9953979254 0.0641534030 -0.0711850896 -0.0547529496 0.9903977513 0.1269425005 0.0786453485 -0.1224607006 0.9893524647
158.6 -171.8 2118.1 0.9958926439 0.0803444833 -0.0417449437 -0.0803684369 0.9967646003 0.0011067893 0.0416988060 0.0022527324 0.9991276860
127.4 -558.7 2117.3 0.9950103760 -0.0916141644 -0.0395124517 0.0927745923 0.9952761531 0.0286058430 0.0367050990 -0.0321288630 0.9988095164
-36.6 374.1 1922.0 0 0 0 0 0 0 0 0 0
212.6 -52.2 2121.2 0 0 0 0 0 0 0 0 0
-57.5 -928.6 2163.5 0 0 0 0 0 0 0 0 0
161.5 -929.7 2129.2 0 0 0 0 0 0 0 0 0
78.0 446.1 2059.0 42 0.9975900650 0.0203755628 -0.0663238093 -0.0148366503 0.9964424968 0.0829593614 0.0677782074 -0.0817754194 0.9943434596
73.1 210.1 2078.4 0.9975900650 0.0203755628 -0.0663238093 -0.0148366503 0.9964424968 0.0829593614 0.0677782074 -0.0817754194 0.9943434596
70.0 16.8 2095.8 0.9976763725 0.0161815844 -0.0661815107 -0.0101339770 0.9958254099 0.0907142162 0.0673731267 -0.0898327455 0.9936754704
-63.1 211.5 2069.2 0.8618873358 -0.3942298293 -0.3189562261 0.0156167317 0.6493177414 -0.7603569031 0.5068593025 0.6503608823 0.5657953024
-238.6 208.3 1966.0 -0.7780340910 -0.3942298293 -0.4891275465 -0.6124573350 0.6493177414 0.4508686066 0.1398533285 0.6503608823 -0.7466403246
209.4 208.7 2087.6 0.8071938753 0.4631312788 0.3659883738 -0.3567665815 -0.1111864820 0.9275533557 0.4702719152 -0.8792877793 0.0754807144
377.5 134.5 2185.5 -0.6390007734 0.4631312788 0.6141558886 -0.7293667197 -0.1111864820 -0.6750272512 -0.2443403900 -0.8792877793 0.4088407755
-19.5 -175.1 2108.2 0.9941999316 0.0371122733 -0.1009415910 -0.0343010873 0.9989777207 0.0294446982 0.1019311622 -0.0258115102 0.9944565296
-33.9 -563.0 2118.2 0.9937739372 0.0547196120 -0.0970519185 -0.0426612198 0.9915834665 0.1222382560 0.1029239148 -0.1173368394 0.9877442718
159.5 -174.3 2115.5 0.9943851233 0.0811767280 -0.0678865388 -0.0809461027 0.9966995120 0.0061456286 0.0681613609 -0.0006159709 0.9976741076
128.0 -561.2 2115.8 0.9941018820 -0.0867329091 -0.0651063919 0.0894351825 0.9951970577 0.0398016758 0.0613415763 -0.0453897230 0.9970842600
-30.6 372.1 1928.6 0 0 0 0 0 0 0 0 0
213.6 -52.6 2122.9 0 0 0 0 0 0 0 0 0
-54.3 -932.5 2161.9 0 0 0 0 0 0 0 0 0
160.4 -932.4 2132.7 0 0 0 0 0 0 0 0 0
77.8 443.5 2057.5 43 0.9963715672 0.0116419746 -0.0843102112 -0.0034219569 0.9952791929 0.0969927013 0.0850413889 -0.0963522568 0.9917077422
75.1 214.4 2079.7 0.9963715672 0.0116419746 -0.0843102112 -0.0034219569 0.9952791929 0.0969927013 0.0850413889 -0.0963522568 0.9917077422
71.0 21.1 2097.5 0.9962106347 0.0211265106 -0.0843681619 -0.0131960940 0.9955344200 0.0934722126 0.0859661475 -0.0920046866 0.9920408130
-61.0 216.2 2067.9 0.8690589070 -0.3904971778 -0.3037244380 0.0405686870 0.6681330800 -0.7429349422 0.4930423498 0.6333325505 0.5964890122
-240.0 207.8 1966.3 -0.7941071987 -0.3904971778 -0.4657313824 -0.5924974084 0.6681330800 0.4500499368 0.1354273111 0.6333325505 -0.7619378567
211.1 212.6 2091.4 0.8046239614 0.4617166817 0.3733604252 -0.3728949428 -0.0964137167 0.9228509068 0.4620926976 -0.8817721605 0.0945950225
378.2 135.2 2187.4 -0.6355299950 0.4617166817 0.6188048124 -0.7294395566 -0.0964137167 -0.6772165895 -0.2530209422 -0.8817721605 0.3980682194
-22.5 -175.5 2107.2 0.9923000336 0.0326444432 -0.1194778234 -0.0294360518 0.9991596937 0.0285209119 0.1203084737 -0.0247843470 0.9924271107
-35.2 -563.4 2116.8 0.9923431873 0.0439377502 -0.1154317409 -0.0284740478 0.9907941818 0.1323486865 0.1201841980 -0.1280485094 0.9844589233
156.2 -177.3 2119.2 0.9935597777 0.0719747469 -0.0875136331 -0.0726847053 0.9973427057 -0.0049490468 0.0869248807 0.0112780761 0.9961510301
128.3 -564.5 2114.9 0.9925904274 -0.0884130746 -0.0833510086 0.0928419605 0.9943819642 0.0508412831 0.0783877075 -0.0582030416 0.9952224493
-26.9 366.9 1930.0 0 0 0 0 0 0 0 0 0
215.2 -51.9 2122.5 0 0 0 0 0 0 0 0 0
-51.6 -933.0 2164.5 0 0 0 0 0 0 0 0 0
161.3 -935.5 2136.6 0 0 0 0 0 0 0 0 0
77.6 441.9 2055.7 44 0.9972175956 0.0051253489 -0.0743691847 0.0025470320 0.9947084785 0.1027061567 0.0745020658 -0.1026098058 0.9919277430
76.5 212.8 2079.4 0.9972175956 0.0051253489 -0.0743691847 0.0025470320 0.9947084785 0.1027061567 0.0745020658 -0.1026098058 0.9919277430
71.7 19.4 2095.7 0.9969138503 0.0243850127 -0.0746201649 -0.0179460961 0.9961529374 0.0857742876 0.0764247030 -0.0841704383 0.9935162663
-59.7 215.2 2068.9 0.8787272573 -0.3763784170 -0.2935602963 0.0439371094 0.6761812568 -0.7354239821 0.4752976894 0.6333389282 0.6107159257
-242.8 206.1 1969.9 -0.7834296823 -0.3763784170 -0.4945474565 -0.5971986055 0.6761812568 0.4314309955 0.1720224172 0.6333389282 -0.7545131445
212.6 210.3 2089.8 0.8001462817 0.4733365178 0.3683998883 -0.3585799038 -0.1148676500 0.9264048338 0.4808184505 -0.8733601570 0.0778180435
379.8 135.4 2190.2 -0.6452072263 0.4733365178 0.5997167230 -0.7202106714 -0.1148676500 -0.6841797829 -0.2549592257 -0.8733601570 0.4150154591
-22.3 -170.9 2107.6 0.9934318662 0.0330013521 -0.1095626876 -0.0295090619 0.9990081787 0.0333450809 0.1105544493 -0.0298929755 0.9934204221
-35.2 -558.7 2119.2 0.9930976033 0.0480006337 -0.1070192829 -0.0370204411 0.9940619469 0.1023244858 0.1112954393 -0.0976562947 0.9889775515
156.1 -173.3 2123.0 0.9942902327 0.0727023408 -0.0781106129 -0.0738838539 0.9971904755 -0.0123402961 0.0769939944 0.0180409495 0.9968683124
127.9 -560.4 2116.0 0.9932280183 -0.0890537426 -0.0746161342 0.0918150619 0.9951808453 0.0344257280 0.0711908042 -0.0410434827 0.9966179132
-31.4 367.2 1923.5 0 0 0 0 0 0 0 0 0
214.3 -49.2 2124.9 0 0 0 0 0 0 0 0 0
-53.1 -929.5 2155.7 0 0 0 0 0 0 0 0 0
161.1 -931.7 2131.4 0 0 0 0 0 0 0 0 0
77.4 440.8 2055.4 45 0.9976824522 0.0072790193 -0.0676518679 -0.0000786367 0.9943841100 0.1058313176 0.0680422857 -0.1055807322 0.9920800924
75.7 212.0 2079.6 0.9976824522 0.0072790193 -0.0676518679 -0.0000786367 0.9943841100 0.1058313176 0.0680422857 -0.1055807322 0.9920800924
71.0 18.6 2095.9 0.9973865151 0.0244686268 -0.0679807961 -0.0186315812 0.9961889982 0.0852077231 0.0698066354 -0.0837184414 0.9940413833
-60.5 214.5 2070.1 0.8744983077 -0.3871237636 -0.2922121584 0.0593526624 0.6833471060 -0.7276771069 0.4813834429 0.6190087795 0.6205627322
-242.5 202.1 1970.0 -0.7689473629 -0.3871237636 -0.5087780356 -0.6097328663 0.6833471060 0.4015750587 0.1922127753 0.6190087795 -0.7615000606
212.0 209.4 2089.2 0.8038168550 0.4699371159 0.3647432029 -0.3560221791 -0.1111783087 0.9278402925 0.4765781164 -0.8756703138 0.0779410452
379.1 135.4 2188.2 -0.6402083635 0.4699371159 0.6076943278 -0.7258962989 -0.1111783087 -0.6787591577 -0.2514116764 -0.8756703138 0.4123028815
-22.3 -172.3 2105.2 0.9941564798 0.0329613872 -0.1027933806 -0.0292169992 0.9988610744 0.0377220549 0.1039196774 -0.0344983116 0.9939872026
-35.1 -560.1 2118.6 0.9936923385 0.0501728989 -0.1002906710 -0.0394541733 0.9935681224 0.1061403081 0.1049709767 -0.1015139297 0.9892805815
156.3 -175.5 2118.9 0.9948258996 0.0731561035 -0.0704952031 -0.0732731819 0.9973114729 0.0009271543 0.0703734979 0.0042430502 0.9975116849
127.9 -562.7 2117.2 0.9939613938 -0.0857976601 -0.0684067607 0.0879449472 0.9957026243 0.0290164407 0.0656232536 -0.0348572508 0.9972354770
-35.0 366.7 1918.1 0 0 0 0 0 0 0 0 0
214.9 -50.7 2123.8 0 0 0 0 0 0 0 0 0
-53.8 -930.9 2156.5 0 0 0 0 0 0 0 0 0
159.9 -934.3 2130.2 0 0 0 0 0 0 0 0 0
77.4 443.3 2056.2 46 0.9970397949 0.0147870136 -0.0754517838 -0.0065873661 0.9941522479 0.1077864021 0.0766043961 -0.1069703028 0.9913067818
74.3 230.3 2079.1 0.9970397949 0.0147870136 -0.0754517838 -0.0065873661 0.9941522479 0.1077864021 0.0766043961 -0.1069703028 0.9913067818
69.7 37.0 2096.3 0.9968450069 0.0235713087 -0.0757921040 -0.0166935157 0.9957900047 0.0901310965 0.0775975287 -0.0885814950 0.9930417538
-61.9 232.6 2068.5 0.8757260442 -0.4177433848 -0.2420628071 0.1551056504 0.7182075977 -0.6783215404 0.4572156668 0.5564785004 0.6937474608
-246.8 199.9 1972.0 -0.7586907148 -0.4177433848 -0.4998788536 -0.6127255559 0.7182075977 0.3297653794 0.2212594897 0.5564785004 -0.8008595109
210.4 228.0 2089.7 0.7797784209 0.4633886218 0.4209709764 -0.4207318425 -0.1100589558 0.9004841447 0.4636057615 -0.8792940378 0.1091407463
380.2 136.4 2190.6 -0.6453136206 0.4633886218 0.6073231101 -0.7219502926 -0.1100589558 -0.6831359863 -0.2497161180 -0.8792940378 0.4055660963
-23.1 -173.1 2105.9 0.9931603670 0.0381625332 -0.1103451699 -0.0330422893 0.9983071685 0.0478646718 0.1119850129 -0.0438912362 0.9927400947
-37.9 -560.7 2122.9 0.9933643937 0.0374128558 -0.1087539271 -0.0279570725 0.9957978725 0.0872067660 0.1115595847 -0.0835876614 0.9902361035
155.6 -176.5 2118.4 0.9943689704 0.0707391128 -0.0789073706 -0.0712766200 0.9974485040 -0.0040127872 0.0784221813 0.0096144415 0.9968738556
128.1 -563.7 2114.7 0.9928812981 -0.0927090719 -0.0747779012 0.0967559069 0.9939258099 0.0524378940 0.0694622174 -0.0592998080 0.9958205223
-42.4 364.9 1912.4 0 0 0 0 0 0 0 0 0
214.8 -48.7 2126.6 0 0 0 0 0 0 0 0 0
-51.9 -932.3 2154.1 0 0 0 0 0 0 0 0 0
162.7 -934.6 2136.8 0 0 0 0 0 0 0 0 0
77.7 443.5 2060.6 47 0.9970864058 0.0188734699 -0.0739088580 -0.0114086317 0.9949069619 0.1001497880 0.0754226074 -0.0990147889 0.9922235012
73.9 238.5 2081.0 0.9970864058 0.0188734699 -0.0739088580 -0.0114086317 0.9949069619 0.1001497880 0.0754226074 -0.0990147889 0.9922235012
69.3 45.1 2096.7 0.9969630837 0.0233915169 -0.0742793754 -0.0172178540 0.9964263439 0.0826926455 0.0759482309 -0.0811625794 0.9938030243
-62.4 240.8 2070.6 0.8631333113 -0.4544561803 -0.2201601863 0.2116865218 0.7214522958 -0.6593143344 0.4584645629 0.5224711895 0.7189117670
-245.7 195.9 1973.2 -0.7412094474 -0.4544561803 -0.4940426648 -0.6315834522 0.7214522958 0.2839170992 0.2274003476 0.5224711895 -0.8217742443
210.1 236.1 2091.3 0.7665349841 0.4884067774 0.4169927239 -0.4367066324 -0.0796548948 0.8960705400 0.4708624482 -0.8689728975 0.1522322148
383.0 137.6 2197.6 -0.6395461559 0.4884067774 0.5936661959 -0.7101641297 -0.0796548948 -0.6995155811 -0.2943597436 -0.8689728975 0.3977919519
-24.2 -154.8 2106.5 0.9936010838 0.0293430630 -0.1090683714 -0.0258403979 0.9991082549 0.0333905369 0.1099508926 -0.0303585045 0.9934732914
-35.6 -542.6 2118.3 0.9930527806 0.0497648716 -0.1066282764 -0.0383640528 0.9935804009 0.1064246073 0.1112399697 -0.1015945598 0.9885869622
154.4 -157.8 2120.4 0.9947355986 0.0673592538 -0.0772255734 -0.0682675838 0.9976248145 -0.0091800503 0.0764237866 0.0144037269 0.9969713688
128.2 -545.1 2114.8 0.9946793914 -0.0717874765 -0.0738880485 0.0748063028 0.9964378476 0.0389309414 0.0708300918 -0.0442510955 0.9965063930
-46.8 365.4 1912.2 0 0 0 0 0 0 0 0 0
219.2 -44.3 2122.2 0 0 0 0 0 0 0 0 0
-54.2 -913.4 2156.2 0 0 0 0 0 0 0 0 0
155.0 -916.9 2131.3 0 0 0 0 0 0 0 0 0
78.6 446.0 2058.8 48 0.9962765574 0.0207735095 -0.0836745650 -0.0105154309 0.9925701618 0.1212183088 0.0855710059 -0.1198870838 0.9890928864
74.2 235.0 2084.3 0.9962765574 0.0207735095 -0.0836745650 -0.0105154309 0.9925701618 0.1212183088 0.0855710059 -0.1198870838 0.9890928864
70.7 41.3 2097.0 0.9962388277 0.0181194171 -0.0847342461 -0.0124476096 0.9976758957 0.0669919550 0.0857511684 -0.0656852499 0.9941489697
-61.9 236.7 2072.5 0.8501335979 -0.4676261544 -0.2420715392 0.1891396493 0.7002185583 -0.6884185672 0.4914255142 0.5394624472 0.6837260127
-240.2 197.0 1969.5 -0.7336494327 -0.4676261544 -0.4930358529 -0.6478742361 0.7002185583 0.2999214828 0.2049817294 0.5394624472 -0.8166778684
210.3 233.2 2096.0 0.7785481215 0.4618358016 0.4249359071 -0.4443361163 -0.0725289509 0.8929193616 0.4432022870 -0.8839950562 0.1487430334
382.9 134.7 2194.2 -0.6578581929 0.4618358016 0.5949203968 -0.6965008974 -0.0725289509 -0.7138810158 -0.2865468264 -0.8839950562 0.3693827987
-24.6 -146.8 2105.7 0.9925828576 0.0231974386 -0.1193363890 -0.0218763798 0.9996841550 0.0123683382 0.1195856184 -0.0096659521 0.9927768111
-33.6 -534.8 2109.4 0.9919370413 0.0525149405 -0.1153390110 -0.0359307006 0.9892966151 0.1414253861 0.1215314418 -0.1361408681 0.9832068682
154.1 -149.9 2119.3 0.9935280681 0.0732274577 -0.0868318677 -0.0752454624 0.9969605207 -0.0201952439 0.0850890949 0.0265982449 0.9960182905
125.7 -536.9 2109.0 0.9926230907 -0.0910330564 -0.0800773576 0.0965011790 0.9930557013 0.0672899932 0.0733956620 -0.0745211542 0.9945148230
-44.3 370.0 1914.7 0 0 0 0 0 0 0 0 0
214.4 -43.7 2120.8 0 0 0 0 0 0 0 0 0
-53.1 -903.8 2160.2 0 0 0 0 0 0 0 0 0
159.6 -907.3 2136.7 0 0 0 0 0 0 0 0 0
79.9 446.4 2062.9 49 0.9964860678 0.0300064106 -0.0781990811 -0.0218548328 0.9944322109 0.1030869409 0.0808569565 -0.1010156721 0.9915936589
73.4 230.8 2084.8 0.9964860678 0.0300064106 -0.0781990811 -0.0218548328 0.9944322109 0.1030869409 0.0808569565 -0.1010156721 0.9915936589
70.1 37.1 2097.2 0.9967180490 0.0172345210 -0.0790951550 -0.0120713478 0.9977927804 0.0652979389 0.0800459608 -0.0641288534 0.9947261810
-62.7 232.5 2073.8 0.8358647227 -0.4823864400 -0.2619798481 0.1728867143 0.6843025088 -0.7084068656 0.5209993124 0.5468394756 0.6553825736
-234.9 196.9 1966.5 -0.7401964068 -0.4823864400 -0.4684149921 -0.6522653103 0.6843025088 0.3260062039 0.1632765830 0.5468394756 -0.8211621642
209.6 229.2 2095.7 0.7895749807 0.4532524645 0.4136829078 -0.4331981838 -0.0657802373 0.8988950253 0.4346385300 -0.8889517188 0.1444097161
381.0 135.1 2190.1 -0.6435663700 0.4532524645 0.6167532206 -0.7141691446 -0.0657802373 -0.6968754530 -0.2752903402 -0.8889517188 0.3660328686
-22.0 -151.2 2102.1 0.9932749271 0.0211199224 -0.1138370782 -0.0208768714 0.9997765422 0.0033269436 0.1138819009 -0.0009280077 0.9934938550
-30.2 -539.3 2102.4 0.9914575219 0.0742105097 -0.1072603017 -0.0510566644 0.9775544405 0.2044027448 0.1200216189 -0.1971802860 0.9729926586
156.5 -153.4 2117.5 0.9931413531 0.0844705850 -0.0808392987 -0.0861979350 0.9961133003 -0.0181155950 0.0789948627 0.0249595251 0.9965624809
123.7 -540.1 2107.8 0.9918156266 -0.1055796146 -0.0717961490 0.1114668176 0.9902420044 0.0836418420 0.0622646883 -0.0909601748 0.9939060807
-37.2 371.1 1922.9 0 0 0 0 0 0 0 0 0
216.1 -47.9 2119.5 0 0 0 0 0 0 0 0 0
-57.9 -903.3 2175.9 0 0 0 0 0 0 0 0 0
163.1 -909.5 2141.7 0 0 0 0 0 0 0 0 0
78.4 445.7 2060.4 50 0.9980667830 0.0176494587 -0.0595915876 -0.0114899082 0.9947009683 0.1021660790 0.0610789880 -0.1012838706 0.9929808378
74.4 221.1 2083.3 0.9980667830 0.0176494587 -0.0595915876 -0.0114899082 0.9947009683 0.1021660790 0.0610789880 -0.1012838706 0.9929808378
70.1 27.5 2096.8 0.9979333282 0.0224062838 -0.0602249913 -0.0181281827 0.9973353148 0.0706659928 0.0616478696 -0.0694281831 0.9956803322
-61.9 223.6 2074.9 0.8379849195 -0.4677641690 -0.2810302377 0.1342220753 0.6758559942 -0.7247089744 0.5289288759 0.5695747137 0.6291413903
-233.3 196.2 1966.7 -0.7574183345 -0.4677641690 -0.4555372000 -0.6386530399 0.6758559942 0.3678871989 0.1357930899 0.5695747137 -0.8106447458
210.7 218.7 2091.7 0.7978649139 0.4672812521 0.3808671534 -0.3821834624 -0.0965127349 0.9190326929 0.4662052691 -0.8788250685 0.1015830338
381.4 136.9 2191.5 -0.6455996037 0.4672812521 0.6040276289 -0.7163711786 -0.0965127349 -0.6910120249 -0.2646005750 -0.8788250685 0.3970554173
-22.5 -155.5 2102.5 0.9949366450 0.0322671533 -0.0951834396 -0.0309351981 0.9994021654 0.0154365124 0.0956246257 -0.0124138342 0.9953400493
-35.1 -543.4 2107.3 0.9950649738 0.0426300988 -0.0896013230 -0.0280621126 0.9870452881 0.1579688042 0.0951747894 -0.1546748132 0.9833704829
156.0 -157.6 2116.8 0.9945221543 0.0832757428 -0.0631729439 -0.0847352967 0.9961867332 -0.0207833052 0.0612013042 0.0260224342 0.9977861643
123.7 -544.4 2106.7 0.9928283095 -0.1073656455 -0.0525792688 0.1122290194 0.9885879755 0.1004913524 0.0411899127 -0.1056715846 0.9935476184
-30.6 367.0 1930.4 0 0 0 0 0 0 0 0 0
215.9 -46.8 2123.6 0 0 0 0 0 0 0 0 0
-50.9 -910.8 2164.9 0 0 0 0 0 0 0 0 0
163.8 -913.2 2146.2 0 0 0 0 0 0 0 0 0
77.3 442.5 2058.7 51 0.9978419542 0.0091755586 -0.0650168508 -0.0024846178 0.9947553277 0.1022531837 0.0656140894 -0.1018709764 0.9926313758
75.2 216.6 2081.8 0.9978419542 0.0091755586 -0.0650168508 -0.0024846178 0.9947553277 0.1022531837 0.0656140894 -0.1018709764 0.9926313758
71.3 23.2 2097.6 0.9976643324 0.0200199112 -0.0653073937 -0.0145999724 0.9964892864 0.0824371725 0.0667285025 -0.0812911391 0.9944541454
-61.1 218.6 2072.7 0.8453181982 -0.4510212541 -0.2863861024 0.1136487946 0.6755709648 -0.7284832597 0.5220355392 0.5832526684 0.6223304272
-233.2 195.5 1966.5 -0.7664406896 -0.4510212541 -0.4573275149 -0.6280218959 0.6755709648 0.3862542808 0.1347482949 0.5832526684 -0.8010362983
211.5 214.6 2090.9 0.7996627688 0.4781098664 0.3632498384 -0.3684169054 -0.0870239884 0.9255786538 0.4741397500 -0.8739781380 0.1065539122
381.8 136.1 2191.9 -0.6519601941 0.4781098664 0.5885226130 -0.7019371390 -0.0870239884 -0.7069024444 -0.2867614627 -0.8739781380 0.3923392594
-23.7 -164.4 2104.7 0.9946638346 0.0228465497 -0.1006078795 -0.0221301746 0.9997212291 0.0082309274 0.1007678807 -0.0059605357 0.9948921204
-32.5 -552.5 2107.0 0.9935202003 0.0621163473 -0.0951795056 -0.0441892520 0.9826651812 0.1800456643 0.1047133654 -0.1746730953 0.9790425897
155.1 -167.7 2115.8 0.9945888519 0.0783461183 -0.0682272464 -0.0793176964 0.9967813492 -0.0116456114 0.0670952648 0.0169942230 0.9976018071
124.7 -554.6 2109.2 0.9923185110 -0.1086679548 -0.0591208450 0.1141469181 0.9885254502 0.0989340395 0.0476915017 -0.1049225330 0.9933362007
-27.4 364.1 1930.3 0 0 0 0 0 0 0 0 0
214.7 -43.8 2118.4 0 0 0 0 0 0 0 0 0
-55.7 -918.7 2172.1 0 0 0 0 0 0 0 0 0
165.3 -923.6 2148.3 0 0 0 0 0 0 0 0 0
77.0 443.1 2057.3 52 0.9973178506 0.0090698553 -0.0726278871 -0.0012750198 0.9942947030 0.1066602618 0.0731809139 -0.1062815785 0.9916394353
74.9 214.3 2081.8 0.9973178506 0.0090698553 -0.0726278871 -0.0012750198 0.9942947030 0.1066602618 0.0731809139 -0.1062815785 0.9916394353
71.4 20.8 2097.1 0.9971755743 0.0177170690 -0.0729857609 -0.0118491882 0.9967196584 0.0800598338 0.0741647705 -0.0789688900 0.9941144586
-61.4 215.9 2071.7 0.8514481187 -0.4381455183 -0.2882092893 0.1038720682 0.6795620918 -0.7262271643 0.5140492916 0.5884078741 0.6241229773
-234.2 194.9 1967.3 -0.7714649439 -0.4381455183 -0.4613786936 -0.6202508211 0.6795620918 0.3917706907 0.1418828964 0.5884078741 -0.7960184813
211.1 212.7 2091.9 0.8019421101 0.4765925407 0.3602060378 -0.3600743413 -0.0955117717 0.9280215502 0.4766920507 -0.8739205003 0.0950138345
382.5 135.8 2193.8 -0.6494505405 0.4765925407 0.5925145745 -0.7082448006 -0.0955117717 -0.6994760633 -0.2767729759 -0.8739205003 0.3995743692
-22.0 -168.9 2107.4 0.9938059449 0.0261636153 -0.1080057696 -0.0253819004 0.9996407628 0.0086063305 0.1081921458 -0.0058116307 0.9941130280
-32.1 -557.0 2109.7 0.9932452440 0.0533958785 -0.1030182615 -0.0370285660 0.9872664213 0.1547056884 0.1099671200 -0.1498460770 0.9825748801
156.8 -171.5 2119.4 0.9939370751 0.0795515478 -0.0758992657 -0.0810742304 0.9965597987 -0.0171912443 0.0742705613 0.0232404880 0.9969672561
125.9 -558.4 2110.4 0.9934700727 -0.0925621763 -0.0667043850 0.0985177830 0.9908410311 0.0923487097 0.0575454421 -0.0983172506 0.9934899211
-25.9 362.4 1929.0 0 0 0 0 0 0 0 0 0
216.0 -45.8 2122.8 0 0 0 0 0 0 0 0 0
-52.0 -925.1 2165.5 0 0 0 0 0 0 0 0 0
160.4 -928.2 2147.0 0 0 0 0 0 0 0 0 0
76.8 442.1 2056.2 53 0.9968350530 0.0188831575 -0.0772225037 -0.0105622187 0.9942272305 0.1067740470 0.0787929520 -0.1056204736 0.9912799597
72.4 213.0 2080.5 0.9968350530 0.0188831575 -0.0772225037 -0.0105622187 0.9942272305 0.1067740470 0.0787929520 -0.1056204736 0.9912799597
69.2 19.8 2099.1 0.9968608618 0.0166530479 -0.0774023086 -0.0091175176 0.9952710867 0.0967077091 0.0786467567 -0.0956984088 0.9922986031
-63.8 214.2 2069.7 0.8580346107 -0.4298281670 -0.2811126411 0.1060259193 0.6837995648 -0.7219256163 0.5025286674 0.5896319747 0.6322966814
-236.0 192.9 1968.9 -0.7616697550 -0.4298281670 -0.4848783016 -0.6252908111 0.6837995648 0.3760711849 0.1699135900 0.5896319747 -0.7895970345
208.6 211.7 2091.2 0.8067875504 0.4669386744 0.3620250523 -0.3627479076 -0.0921980292 0.9273151755 0.4663773179 -0.8794701695 0.0949968100
380.2 134.6 2190.4 -0.6366064548 0.4669386744 0.6137593389 -0.7253355980 -0.0921980292 -0.6821933389 -0.2619550526 -0.8794701695 0.3973810971
-21.3 -171.6 2105.8 0.9928530455 0.0409072712 -0.1121132001 -0.0375907011 0.9987953901 0.0315391235 0.1132683307 -0.0270993002 0.9931948185
-37.2 -559.2 2116.3 0.9937219024 0.0256340969 -0.1089022383 -0.0143846450 0.9945923686 0.1028549969 0.1109499261 -0.1006427407 0.9887169003
157.3 -173.7 2119.1 0.9936711788 0.0780274421 -0.0808038712 -0.0789527372 0.9968436956 -0.0083152140 0.0799000114 0.0146422759 0.9966953397
127.0 -560.7 2113.4 0.9924983978 -0.0963885039 -0.0752076209 0.1010411978 0.9930273890 0.0607226379 0.0688302666 -0.0678661913 0.9953173399
-29.8 362.2 1922.9 0 0 0 0 0 0 0 0 0
217.0 -51.3 2123.3 0 0 0 0 0 0 0 0 0
-46.8 -929.7 2153.8 0 0 0 0 0 0 0 0 0
163.0 -931.2 2138.7 0 0 0 0 0 0 0 0 0
76.2 441.2 2055.6 54 0.9978165030 0.0100388490 -0.0652793348 -0.0029363960 0.9941466451 0.1079990044 0.0659814253 -0.1075715050 0.9920054674
73.9 212.4 2080.3 0.9978165030 0.0100388490 -0.0652793348 -0.0029363960 0.9941466451 0.1079990044 0.0659814253 -0.1075715050 0.9920054674
70.9 19.5 2101.3 0.9977480769 0.0154607147 -0.0652665347 -0.0082728136 0.9940075874 0.1089974269 0.0665606111 -0.1082120389 0.9918971062
-62.4 213.5 2071.2 0.8619875312 -0.4258469343 -0.2750124335 0.1050738618 0.6808153987 -0.7248792052 0.4959203005 0.5959402323 0.6315997839
-236.8 192.3 1970.9 -0.7482837439 -0.4258469343 -0.5086509585 -0.6352746487 0.6808153987 0.3645771742 0.1910433471 0.5959402323 -0.7799728513
210.2 211.3 2089.4 0.8032293320 0.4762468934 0.3577869534 -0.3577066064 -0.0946418270 0.9290257692 0.4763072729 -0.8742035031 0.0943375602
379.1 136.0 2189.6 -0.6228587031 0.4762468934 0.6206737757 -0.7380722165 -0.0946418270 -0.6680511236 -0.2594155967 -0.8742035031 0.4104530811
-23.4 -172.5 2110.6 0.9945701361 0.0259736888 -0.1007750258 -0.0241324250 0.9995195866 0.0194474850 0.1012317315 -0.0169099420 0.9947191477
-33.5 -560.5 2117.2 0.9936796427 0.0555430539 -0.0975486636 -0.0433748253 0.9914945960 0.1227075383 0.1035345271 -0.1177008301 0.9876371622
155.2 -174.2 2124.7 0.9950478077 0.0704873130 -0.0700816438 -0.0717510507 0.9972993135 -0.0156784486 0.0687872469 0.0206292365 0.9974180460
127.9 -561.3 2116.7 0.9938498735 -0.0883689672 -0.0667335391 0.0905658752 0.9954190254 0.0306403209 0.0637201816 -0.0364956595 0.9973002672
-33.9 364.5 1919.1 0 0 0 0 0 0 0 0 0
219.4 -53.2 2123.1 0 0 0 0 0 0 0 0 0
-54.2 -930.0 2161.0 0 0 0 0 0 0 0 0 0
160.8 -932.6 2130.3 0 0 0 0 0 0 0 0 0
78.1 440.1 2056.8 55 0.9979728460 0.0143289790 -0.0620071106 -0.0076265349 0.9942289591 0.1070072651 0.0631825700 -0.1063174456 0.9923228025
75.0 226.6 2079.6 0.9979728460 0.0143289790 -0.0620071106 -0.0076265349 0.9942289591 0.1070072651 0.0631825700 -0.1063174456 0.9923228025
71.6 33.5 2098.7 0.9979107976 0.0177078806 -0.0621325262 -0.0114785256 0.9949993491 0.0992199108 0.0635787994 -0.0982994288 0.9931238294
-61.3 228.2 2070.9 0.8618724942 -0.4507350922 -0.2324084044 0.1863050759 0.7076622248 -0.6815457344 0.4716632366 0.5441066623 0.6938888431
-241.3 189.2 1972.4 -0.7430741787 -0.4507350922 -0.4946500063 -0.6352099776 0.7076622248 0.3093904555 0.2105919868 0.5441066623 -0.8121569753
211.4 225.0 2088.3 0.7797799110 0.4768088758 0.4057050943 -0.4073799551 -0.1056205183 0.9071305990 0.4753786922 -0.8726382852 0.1118816137
380.4 136.7 2191.3 -0.6307722330 0.4768088758 0.6121925712 -0.7325263023 -0.1056205183 -0.6724950075 -0.2559914887 -0.8726382852 0.4158975184
-21.5 -172.7 2116.4 0.9944963455 0.0371521376 -0.0979630724 -0.0366723761 0.9993049502 0.0066940752 0.0981436744 -0.0030646948 0.9951675534
-35.9 -560.6 2117.6 0.9948441982 0.0404871181 -0.0929830372 -0.0288988017 0.9920162559 0.1227543801 0.0972106531 -0.1194343790 0.9880716205
157.3 -174.2 2128.3 0.9948450923 0.0757686645 -0.0673968643 -0.0777597725 0.9965949059 -0.0274236258 0.0650895238 0.0325230248 0.9973492622
127.9 -561.1 2115.7 0.9936186075 -0.0943570286 -0.0617962629 0.0971598551 0.9942941666 0.0440350063 0.0572886504 -0.0497581214 0.9971169233
-40.8 360.6 1915.6 0 0 0 0 0 0 0 0 0
218.7 -51.1 2125.7 0 0 0 0 0 0 0 0 0
-51.0 -930.5 2162.1 0 0 0 0 0 0 0 0 0
163.1 -932.1 2134.2 0 0 0 0 0 0 0 0 0
76.6 440.1 2058.4 56 0.9987772703 0.0125954840 -0.0478047878 -0.0075411047 0.9944991469 0.1044730842 0.0488577113 -0.1039848402 0.9933781028
74.0 234.5 2079.9 0.9987772703 0.0125954840 -0.0478047878 -0.0075411047 0.9944991469 0.1044730842 0.0488577113 -0.1039848402 0.9933781028
70.8 41.3 2097.9 0.9987129569 0.0164965242 -0.0479614288 -0.0119412644 0.9955233932 0.0937582850 0.0492934100 -0.0930648893 0.9944390655
-62.4 236.1 2073.1 0.8510965705 -0.4770135283 -0.2193006724 0.2318559289 0.7162706852 -0.6581786275 0.4710387588 0.5093274117 0.7202138901
-243.0 186.9 1973.2 -0.7384526730 -0.4770135283 -0.4765980840 -0.6408790350 0.7162706852 0.2760985196 0.2096705139 0.5093274117 -0.8346399665
210.5 232.9 2086.6 0.7672582269 0.4665229023 0.4400808811 -0.4416317940 -0.1132528186 0.8900197744 0.4650549889 -0.8772286773 0.1191371828
379.2 135.8 2188.9 -0.6339982748 0.4665229023 0.6167678237 -0.7343760133 -0.1132528186 -0.6692276597 -0.2423593253 -0.8772286773 0.4144053161
-21.3 -158.6 2112.1 0.9957531095 0.0389517173 -0.0834179521 -0.0381960571 0.9992136359 0.0106361657 0.0837666541 -0.0074047581 0.9964578748
-36.4 -546.5 2114.9 0.9959826469 0.0439531729 -0.0780172050 -0.0332974233 0.9905595183 0.1329780817 0.0831254870 -0.1298460960 0.9880436063
157.6 -160.7 2123.4 0.9955133796 0.0792834014 -0.0516454652 -0.0800600275 0.9967033863 -0.0131432861 0.0504331663 0.0172190554 0.9985789657
126.8 -547.6 2116.8 0.9946535826 -0.0917413980 -0.0474102758 0.0936275572 0.9948344231 0.0392210968 0.0435671769 -0.0434503146 0.9981051683
-45.2 358.6 1917.0 0 0 0 0 0 0 0 0 0
216.6 -52.5 2126.7 0 0 0 0 0 0 0 0 0
-52.8 -916.1 2163.4 0 0 0 0 0 0 0 0 0
161.0 -918.9 2133.0 0 0 0 0 0 0 0 0 0
75.0 444.6 2056.7 57 0.9997251630 0.0104318401 -0.0209948700 -0.0078099826 0.9925853014 0.1212989092 0.0221045688 -0.1211016029 0.9923939705
72.8 229.1 2083.0 0.9997251630 0.0104318401 -0.0209948700 -0.0078099826 0.9925853014 0.1212989092 0.0221045688 -0.1211016029 0.9923939705
71.8 35.6 2096.9 0.9997609854 0.0046298224 -0.0213672630 -0.0030779617 0.9973928332 0.0720974728 0.0216453541 -0.0720144734 0.9971686602
-63.8 229.5 2080.0 0.8410626650 -0.4770914912 -0.2549457550 0.2004134357 0.7125920653 -0.6723444462 0.5024421215 0.5143892169 0.6949501038
-240.9 187.3 1974.2 -0.7391152978 -0.4770914912 -0.4754915833 -0.6419943571 0.7125920653 0.2829413712 0.2038425952 0.5143892169 -0.8329777718
209.3 228.8 2085.9 0.7744243741 0.4772753417 0.4153012335 -0.4175223708 -0.1076396778 0.9022686481 0.4753334820 -0.8721364141 0.1159143448
380.4 136.5 2190.9 -0.6351537108 0.4772753417 0.6072791815 -0.7281203270 -0.1076396778 -0.6769449711 -0.2577218115 -0.8721364141 0.4158816338
-21.9 -150.9 2111.6 0.9981852174 0.0222295541 -0.0559655651 -0.0228763856 0.9996783733 -0.0109435981 0.0557042956 0.0122040268 0.9983727336
-30.5 -538.9 2106.8 0.9961376190 0.0715531334 -0.0508919470 -0.0617040098 0.9828041792 0.1740360260 0.0624696426 -0.1702235937 0.9834233522
157.1 -153.0 2120.4 0.9960070252 0.0863056704 -0.0228340831 -0.0867841616 0.9960086346 -0.0208653025 0.0209421497 0.0227636248 0.9995214939
123.6 -539.7 2111.6 0.9942943454 -0.1057264581 -0.0141665600 0.1065135747 0.9912497401 0.0779669732 0.0057994272 -0.0790310502 0.9968552589
-45.7 356.9 1920.4 0 0 0 0 0 0 0 0 0
217.5 -50.2 2124.9 0 0 0 0 0 0 0 0 0
-57.2 -905.2 2170.3 0 0 0 0 0 0 0 0 0
163.0 -909.4 2141.0 0 0 0 0 0 0 0 0 0
74.7 443.7 2061.3 58 0.9997783899 0.0108142840 -0.0180630628 -0.0088820048 0.9945560694 0.1038238034 0.0190875083 -0.1036403552 0.9944316745
72.3 225.2 2084.1 0.9997783899 0.0108142840 -0.0180630628 -0.0088820048 0.9945560694 0.1038238034 0.0190875083 -0.1036403552 0.9944316745
71.4 31.5 2096.4 0.9998208880 0.0045428197 -0.0183724239 -0.0033641215 0.9979643822 0.0636852831 0.0186243355 -0.0636120662 0.9978008866
-64.3 225.6 2081.5 0.8323503137 -0.4782041013 -0.2802031338 0.1745263636 0.7059714794 -0.6863998771 0.5260546803 0.5224223137 0.6710748076
-238.5 189.1 1971.4 -0.7522383332 -0.4782041013 -0.4532751441 -0.6362534761 0.7059714794 0.3111041486 0.1712280512 0.5224223137 -0.8353178501
208.9 224.7 2086.6 0.7821236253 0.4718086123 0.4070371687 -0.4118316770 -0.0988235474 0.9058855176 0.4676294327 -0.8761453032 0.1170134917
379.6 134.8 2188.7 -0.6463963985 0.4718086123 0.5996401906 -0.7145781517 -0.0988235474 -0.6925402284 -0.2674878836 -0.8761453032 0.4010232985
-18.7 -157.7 2108.9 0.9981240630 0.0309994705 -0.0527956635 -0.0317032598 0.9994186163 -0.0125453388 0.0523760691 0.0141955987 0.9985265136
-30.7 -545.6 2103.4 0.9970450401 0.0623222925 -0.0449124686 -0.0520190299 0.9779538512 0.2022380680 0.0565262623 -0.1993041635 0.9783059955
160.4 -158.2 2112.8 0.9951855540 0.0963213295 -0.0181100108 -0.0965195447 0.9952766895 -0.0104077617 0.0170219820 0.0121056242 0.9997818470
123.0 -544.6 2108.1 0.9935770631 -0.1129808649 -0.0063170521 0.1129869819 0.9874722362 0.1101479009 -0.0062066922 -0.1101541743 0.9938951135
-41.1 356.1 1926.5 0 0 0 0 0 0 0 0 0
213.9 -48.4 2120.2 0 0 0 0 0 0 0 0 0
-54.0 -910.3 2177.7 0 0 0 0 0 0 0 0 0
165.1 -912.8 2149.2 0 0 0 0 0 0 0 0 0
75.1 443.7 2063.1 59 0.9992418289 0.0213216394 -0.0325758569 -0.0176675059 0.9939274788 0.1086096317 0.0346937738 -0.1079517528 0.9935505986
70.4 226.2 2086.8 0.9992418289 0.0213216394 -0.0325758569 -0.0176675059 0.9939274788 0.1086096317 0.0346937738 -0.1079517528 0.9935505986
70.1 32.6 2101.3 0.9994554520 0.0014661287 -0.0329642743 0.0009999812 0.9972077012 0.0746708885 0.0329817049 -0.0746631920 0.9966632128
-66.1 226.0 2082.3 0.8158453703 -0.4870963693 -0.3116624951 0.1619172245 0.7098196745 -0.6855208874 0.5551388860 0.5088154674 0.6579723358
-233.9 192.7 1968.1 -0.7620778680 -0.4870963693 -0.4265846312 -0.6300227046 0.7098196745 0.3150038719 0.1493609250 0.5088154674 -0.8478196263
206.9 226.3 2091.3 0.7896791697 0.4835711420 0.3775788248 -0.3970150352 -0.0664287508 0.9154049754 0.4677455127 -0.8727807403 0.1395276040
383.1 137.7 2195.6 -0.6483293772 0.4835711420 0.5880713463 -0.6970924735 -0.0664287508 -0.7138972282 -0.3061552644 -0.8727807403 0.3801615238
-19.1 -161.9 2107.1 0.9973440766 0.0290991105 -0.0667686313 -0.0285086185 0.9995456934 0.0097798705 0.0670228824 -0.0078504141 0.9977205396
-30.4 -549.8 2110.1 0.9952961206 0.0751471221 -0.0611431561 -0.0636322349 0.9829852581 0.1723103821 0.0730514526 -0.1676091850 0.9831432700
160.0 -162.5 2110.4 0.9955440760 0.0885349512 -0.0324593745 -0.0885710269 0.9960697889 0.0003274340 0.0323607922 0.0025489854 0.9994729757
125.6 -549.2 2109.4 0.9949447513 -0.0973469913 -0.0246679895 0.0991374999 0.9912972450 0.0866110921 0.0160219818 -0.0886187702 0.9959367514
-34.2 357.8 1928.9 0 0 0 0 0 0 0 0 0
217.0 -40.9 2117.2 0 0 0 0 0 0 0 0 0
-58.4 -916.4 2172.6 0 0 0 0 0 0 0 0 0
162.0 -918.9 2142.5 0 0 0 0 0 0 0 0 0
74.9 448.4 2070.6 60 0.9993156791 0.0242998824 -0.0278864391 -0.0223011672 0.9973065257 0.0698735565 0.0295092482 -0.0692038462 0.9971659780
69.4 224.0 2086.1 0.9993156791 0.0242998824 -0.0278864391 -0.0223011672 0.9973065257 0.0698735565 0.0295092482 -0.0692038462 0.9971659780
69.3 30.4 2100.0 0.9996114969 0.0005766156 -0.0278651062 0.0014201152 0.9974335432 0.0715841278 0.0278348699 -0.0715958923 0.9970452785
-67.1 223.8 2082.3 0.8029744625 -0.4884662628 -0.3415153325 0.1483418494 0.7187582850 -0.6792504787 0.5772579312 0.4947597980 0.6496045589
-230.3 193.7 1965.0 -0.7667141557 -0.4884662628 -0.4165934324 -0.6242425442 0.7187582850 0.3061172664 0.1499020457 0.4947597980 -0.8560035825
206.0 224.2 2089.9 0.7901008725 0.4823687971 0.3782339692 -0.3894680738 -0.0814417228 0.9174321890 0.4733446836 -0.8721740842 0.1235200763
382.4 137.3 2195.6 -0.6418224573 0.4823687971 0.5961411595 -0.7104631662 -0.0814417228 -0.6990059614 -0.2886279225 -0.8721740842 0.3949763775
-19.7 -161.1 2112.8 0.9977641702 0.0252983496 -0.0618600920 -0.0254610460 0.9996741414 -0.0018430725 0.0617933050 0.0034139743 0.9980831146
-29.6 -549.1 2111.5 0.9940416813 0.0931984186 -0.0565263890 -0.0822708756 0.9816902876 0.1718013138 0.0715030134 -0.1661271900 0.9835085273
159.3 -160.8 2118.7 0.9955192804 0.0898767933 -0.0293848161 -0.0906468183 0.9955433011 -0.0260141790 0.0269157849 0.0285612568 0.9992296100
124.4 -547.2 2107.6 0.9943765402 -0.1043333113 -0.0181634128 0.1056031063 0.9897605777 0.0960309505 0.0079582036 -0.0974090397 0.9952126145
-29.8 356.9 1925.8 0 0 0 0 0 0 0 0 0
217.9 -44.8 2121.6 0 0 0 0 0 0 0 0 0
-64.3 -915.3 2173.4 0 0 0 0 0 0 0 0 0
163.4 -916.5 2144.0 0 0 0 0 0 0 0 0 0
75.9 449.6 2074.3 61 0.9990597963 0.0340138264 -0.0268819537 -0.0325749293 0.9981018901 0.0522641465 0.0286086313 -0.0513393283 0.9982714057
68.2 223.1 2085.9 0.9990597963 0.0340138264 -0.0268819537 -0.0325749293 0.9981018901 0.0522641465 0.0286086313 -0.0513393283 0.9982714057
69.0 29.5 2099.4 0.9996374846 -0.0040075537 -0.0266234726 0.0058490671 0.9975678921 0.0694552511 0.0262803771 -0.0695858002 0.9972297549
-68.4 222.3 2082.3 0.7949798703 -0.4846350253 -0.3648779690 0.1374312490 0.7297195196 -0.6697925925 0.5908635259 0.4823259711 0.6467162967
-228.3 194.6 1963.4 -0.7691530585 -0.4846350253 -0.4165722728 -0.6181086302 0.7297195196 0.2923203111 0.1623122543 0.4823259711 -0.8608230948
204.8 223.9 2089.5 0.7924836278 0.4775906801 0.3793109357 -0.3862845600 -0.0882345960 0.9181497097 0.4719681144 -0.8741406202 0.1145614386
382.7 137.2 2195.5 -0.6425395608 0.4775906801 0.5992078185 -0.7136461139 -0.0882345960 -0.6949272752 -0.2790199220 -0.8741406202 0.3975249529
-20.4 -163.3 2111.4 0.9976435900 0.0330778621 -0.0601093546 -0.0329888836 0.9994526505 0.0024723236 0.0601582341 -0.0004835573 0.9981887341
-33.2 -551.3 2111.6 0.9959269762 0.0720476285 -0.0542086810 -0.0626589283 0.9853743911 0.1584648639 0.0648328662 -0.1544227749 0.9858754277
158.7 -163.1 2116.4 0.9958317876 0.0873643309 -0.0262025762 -0.0876729712 0.9960899949 -0.0108686201 0.0251505952 0.0131205749 0.9995975494
124.8 -549.7 2111.3 0.9950364232 -0.0976115242 -0.0193510149 0.0986930579 0.9929012656 0.0663835481 0.0127338478 -0.0679638609 0.9976065159
-27.7 355.9 1921.1 0 0 0 0 0 0 0 0 0
218.0 -45.8 2124.0 0 0 0 0 0 0 0 0 0
-60.1 -918.9 2169.2 0 0 0 0 0 0 0 0 0
161.2 -920.1 2136.7 0 0 0 0 0 0 0 0 0
75.8 449.1 2076.1 62 0.9990537167 0.0354649276 -0.0251773559 -0.0343514234 0.9984687567 0.0433604978 0.0266765803 -0.0424545892 0.9987421632
67.8 222.3 2085.8 0.9990537167 0.0354649276 -0.0251773559 -0.0343514234 0.9984687567 0.0433604978 0.0266765803 -0.0424545892 0.9987421632
68.3 28.6 2098.6 0.9996886849 -0.0027036837 -0.0248034038 0.0043397560 0.9978004694 0.0661468878 0.0245700069 -0.0662339404 0.9975015521
-68.8 221.7 2082.4 0.7853641510 -0.4878263474 -0.3810887039 0.1338651478 0.7348883748 -0.6648452282 0.6043866873 0.4711311460 0.6424579620
-226.8 194.8 1960.8 -0.7695853710 -0.4878263474 -0.4120241106 -0.6167931557 0.7348883748 0.2819667459 0.1652409136 0.4711311460 -0.8664472699
204.3 222.9 2089.1 0.7939029932 0.4796772599 0.3736679852 -0.3797888756 -0.0887283832 0.9208081961 0.4748456776 -0.8729473352 0.1117343605
382.1 137.9 2195.4 -0.6361213326 0.4796772599 0.6043669581 -0.7204149365 -0.0887283832 -0.6878442168 -0.2763186991 -0.8729473352 0.4020086527
-19.8 -164.7 2110.6 0.9974030256 0.0427518375 -0.0579612106 -0.0422343872 0.9990564585 0.0101238927 0.0583393350 -0.0076496452 0.9982675314
-36.4 -552.5 2113.5 0.9974563718 0.0486274585 -0.0521166772 -0.0411601774 0.9898751378 0.1358419359 0.0581946522 -0.1333512813 0.9893587828
159.3 -163.7 2115.3 0.9956917763 0.0896221250 -0.0237850938 -0.0897945687 0.9959405065 -0.0062816273 0.0231255647 0.0083903372 0.9996973872
124.5 -550.3 2112.0 0.9945442080 -0.1029636189 -0.0167411026 0.1039025486 0.9920346737 0.0712139159 0.0092753116 -0.0725648329 0.9973205924
-26.8 355.1 1917.9 0 0 0 0 0 0 0 0 0
219.0 -46.8 2124.6 0 0 0 0 0 0 0 0 0
-54.5 -921.7 2163.3 0 0 0 0 0 0 0 0 0
162.9 -920.5 2139.1 0 0 0 0 0 0 0 0 0
75.4 451.2 2077.5 63 0.9990957975 0.0208856948 -0.0370316133 -0.0189086366 0.9984177351 0.0529576838 0.0380790792 -0.0522095822 0.9979099035
70.9 238.7 2088.7 0.9990957975 0.0208856948 -0.0370316133 -0.0189086366 0.9984177351 0.0529576838 0.0380790792 -0.0522095822 0.9979099035
70.5 44.9 2100.2 0.9993146062 0.0020980581 -0.0369583890 0.0000980304 0.9982391000 0.0593187846 0.0370177627 -0.0592817515 0.9975547194
-65.6 238.7 2083.6 0.7722536325 -0.5185919404 -0.3669969141 0.2102550268 0.7537298799 -0.6226428747 0.5995140672 0.4036752582 0.6911072135
-225.8 195.1 1959.2 -0.7699181437 -0.5185919404 -0.3718715608 -0.6169918776 0.7537298799 0.2263013422 0.1629326493 0.4036752582 -0.9002773166
207.5 238.7 2093.7 0.7567092776 0.4600731730 0.4644607008 -0.4822759926 -0.0867945701 0.8717089891 0.4413625896 -0.8836285472 0.1562039852
373.1 133.1 2190.3 -0.6154828668 0.4600731730 0.6399324536 -0.7484656572 -0.0867945701 -0.6574692726 -0.2469413131 -0.8836285472 0.3977695405
-20.8 -165.5 2109.3 0.9970224500 0.0326691680 -0.0698491931 -0.0316308364 0.9993728399 0.0159203466 0.0703254864 -0.0136635555 0.9974305034
