65.4 449.0 2089.8 61 0.9930029511 -0.0168247800 -0.1168848202 0.0209417883 0.9991995096 0.0340843648 0.1162177920 -0.0362936519 0.9925604463
68.8 246.8 2097.1 0.9930029511 -0.0168247800 -0.1168848202 0.0209417883 0.9991995096 0.0340843648 0.1162177920 -0.0362936519 0.9925604463
69.5 52.8 2104.6 0.9931358099 -0.0032488257 -0.1169216856 0.0077137384 0.9992572665 0.0377549902 0.1167121828 -0.0383977368 0.9924232364
-66.8 245.8 2081.2 0.1860052049 -0.8096747398 -0.5566227436 0.5155102611 0.5626937747 -0.6462390423 0.8364515901 -0.1667409092 0.5220596194
-105.2 139.5 1908.7 -0.5833877921 -0.8096747398 0.0639179870 -0.8026337624 0.5626937747 -0.1978755593 0.1242485866 -0.1667409092 -0.9781409502
204.4 247.8 2113.1 0.7394115925 0.4237830639 0.5231428146 -0.5581837296 -0.0485823825 0.8282938004 0.3764324188 -0.9044598937 0.2006264478
376.5 117.9 2200.7 -0.6835311651 0.4237830639 0.5943005085 -0.6723408699 -0.0485823825 -0.7386457324 -0.2841530144 -0.9044598937 0.3181342483
-19.8 -146.9 2104.2 0.9886164069 0.0302044693 -0.1473948658 -0.0283212028 0.9994884133 0.0148594836 0.1477682739 -0.0105159292 0.9889661074
-31.5 -534.9 2108.3 0.9879676700 0.0649346188 -0.1403686553 -0.0390308201 0.9828965664 0.1799748093 0.1496544629 -0.1723305881 0.9736045003
158.5 -146.5 2121.0 0.9891114831 0.0907450914 -0.1158610880 -0.0938293636 0.9953574538 -0.0214386377 0.1133777499 0.0320763774 0.9930340052
123.3 -532.9 2108.6 0.9894863367 -0.1011519879 -0.1033686325 0.1120234951 0.9880972505 0.1054257974 0.0914742351 -0.1158971041 0.9890400767
40.4 339.7 1877.7 0 0 0 0 0 0 0 0 0
201.2 -54.4 2127.8 0 0 0 0 0 0 0 0 0
-55.7 -901.8 2172.6 0 0 0 0 0 0 0 0 0
161.0 -901.6 2151.8 0 0 0 0 0 0 0 0 0
66.2 450.9 2094.9 62 0.9904450774 -0.0135815758 -0.1372371614 0.0170303546 0.9995672107 0.0239871889 0.1368519813 -0.0260951910 0.9902477264
68.9 251.4 2100.1 0.9904450774 -0.0135815758 -0.1372371614 0.0170303546 0.9995672107 0.0239871889 0.1368519813 -0.0260951910 0.9902477264
70.0 57.3 2105.3 0.9905192852 -0.0057351766 -0.1372539848 0.0093530724 0.9996252060 0.0257287361 0.1370549798 -0.0267685559 0.9902017117
-66.4 250.1 2081.4 0.1939118952 -0.8043135405 -0.5616741776 0.5246112347 0.5688177347 -0.6334267259 0.8289639354 -0.1718315929 0.5322524309
-107.1 140.0 1907.3 -0.5912726521 -0.8043135405 0.0589606799 -0.7948436141 0.5688177347 -0.2113527060 0.1364559531 -0.1718315929 -0.9756298661
204.1 252.6 2118.8 0.7356205583 0.4238571227 0.5284008980 -0.5720290542 -0.0291195177 0.8197163343 0.3628293872 -0.9052608609 0.2210376710
377.8 117.6 2204.4 -0.6824188828 0.4238571227 0.5955246687 -0.6674360633 -0.0291195177 -0.7440975308 -0.2980496585 -0.9052608609 0.3027692437
-18.8 -141.8 2101.6 0.9852581620 0.0362399258 -0.1671914607 -0.0342302695 0.9993031025 0.0148872249 0.1676144600 -0.0089447517 0.9858120680
-32.9 -529.7 2105.1 0.9858859777 0.0567465425 -0.1575078219 -0.0242766477 0.9793167710 0.2008715123 0.1656488180 -0.1942126453 0.9668722153
159.1 -140.4 2122.5 0.9857301116 0.0989433527 -0.1361849308 -0.1046403274 0.9938830137 -0.0353123248 0.1318579763 0.0490588620 0.9900538921
120.6 -526.2 2103.5 0.9865385294 -0.1128344536 -0.1183643118 0.1276477873 0.9837701321 0.1261046827 0.1022143140 -0.1395160705 0.9849302173
40.2 338.0 1873.3 0 0 0 0 0 0 0 0 0
202.8 -53.6 2128.0 0 0 0 0 0 0 0 0 0
-54.0 -895.2 2177.6 0 0 0 0 0 0 0 0 0
162.7 -893.2 2155.5 0 0 0 0 0 0 0 0 0
66.7 451.8 2097.9 63 0.9894665480 -0.0128690545 -0.1441883594 0.0153020574 0.9997584224 0.0157774761 0.1439504921 -0.0178176630 0.9894244671
69.3 253.5 2101.5 0.9894665480 -0.0128690545 -0.1441883594 0.0153020574 0.9997584224 0.0157774761 0.1439504921 -0.0178176630 0.9894244671
70.7 59.5 2105.3 0.9895204306 -0.0071144081 -0.1442176402 0.0099146124 0.9997758269 0.0187071301 0.1440522224 -0.0199409481 0.9893691540
-65.9 252.2 2081.8 0.1863576174 -0.8182755709 -0.5437793136 0.5121634007 0.5532332659 -0.6569791436 0.8384267688 -0.1560708135 0.5221900344
-105.4 143.5 1903.9 -0.5700401664 -0.8182755709 0.0740223750 -0.8159438372 0.5532332659 -0.1678350270 0.0963836685 -0.1560708135 -0.9830321074
204.5 254.9 2121.1 0.7334471345 0.4260304272 0.5296729207 -0.5790244341 -0.0166053735 0.8151410818 0.3560703099 -0.9045564532 0.2345028520
376.9 118.8 2204.8 -0.6720187664 0.4260304272 0.6057134867 -0.6752076745 -0.0166053735 -0.7374407649 -0.3041141033 -0.9045564532 0.2988181114
-17.5 -137.5 2098.2 0.9841909409 0.0332443677 -0.1739626974 -0.0316232033 0.9994268417 0.0120832799 0.1742646843 -0.0063909967 0.9846780896
-30.4 -525.5 2100.7 0.9841790199 0.0677557662 -0.1637096107 -0.0317953080 0.9765305519 0.2130192369 0.1743007153 -0.2044438571 0.9632351398
159.9 -135.9 2122.8 0.9845919609 0.1000616774 -0.1434097886 -0.1076203361 0.9931302071 -0.0459371917 0.1378280520 0.0606632009 0.9885966778
121.0 -521.4 2099.2 0.9876155853 -0.0983277485 -0.1222584397 0.1152281538 0.9834408164 0.1398806870 0.1064797863 -0.1522359550 0.9825916290
36.7 346.9 1879.8 0 0 0 0 0 0 0 0 0
204.5 -54.4 2126.9 0 0 0 0 0 0 0 0 0
-55.7 -890.0 2177.0 0 0 0 0 0 0 0 0 0
157.7 -888.3 2156.0 0 0 0 0 0 0 0 0 0
67.3 452.5 2098.9 64 0.9943424463 -0.0105187232 -0.1056995764 0.0107011665 0.9999420643 0.0011590456 0.1056812629 -0.0022835971 0.9943974614
69.5 245.1 2099.4 0.9943424463 -0.0105187232 -0.1056995764 0.0107011665 0.9999420643 0.0011590456 0.1056812629 -0.0022835971 0.9943974614
70.1 51.2 2106.6 0.9943689704 -0.0028426563 -0.1059352532 0.0067371582 0.9993137121 0.0364233367 0.1057590172 -0.0369319394 0.9937057495
-66.3 244.3 2085.0 0.1780343354 -0.8274371624 -0.5325894356 0.4624591172 0.5480962396 -0.6969376206 0.8685823679 -0.1222219914 0.4802358150
-103.9 146.5 1901.4 -0.5560808182 -0.8274371624 0.0782423615 -0.8300489187 0.5480962396 -0.1030012295 0.0423427038 -0.1222219914 -0.9915991426
205.2 246.0 2113.9 0.7426727414 0.4568869472 0.4895830154 -0.5366653800 -0.0312077887 0.8432178497 0.4005340338 -0.8889771700 0.2220182270
375.7 122.8 2205.8 -0.6585561037 0.4568869472 0.5979616642 -0.6836793423 -0.0312077887 -0.7291149497 -0.3144620359 -0.8889771700 0.3329162598
-16.5 -135.5 2096.3 0.9902175069 0.0284863748 -0.1365935951 -0.0276254434 0.9995847344 0.0081947371 0.1367703080 -0.0043411134 0.9905932546
-27.6 -523.5 2098.0 0.9893061519 0.0704201609 -0.1277277172 -0.0416780859 0.9756984711 0.2151173651 0.1397723407 -0.2074934840 0.9681994319
160.7 -133.7 2122.1 0.9884093404 0.1067723781 -0.1079197004 -0.1127447262 0.9923231602 -0.0508269779 0.1016643047 0.0624052361 0.9928594828
119.3 -518.9 2097.9 0.9902296066 -0.1116430685 -0.0835529715 0.1235936284 0.9801334143 0.1551228315 0.0645746738 -0.1639338434 0.9843555093
35.0 353.8 1890.8 0 0 0 0 0 0 0 0 0
206.8 -52.5 2125.2 0 0 0 0 0 0 0 0 0
-53.9 -887.7 2175.4 0 0 0 0 0 0 0 0 0
160.9 -884.7 2159.1 0 0 0 0 0 0 0 0 0
67.4 451.2 2099.0 65 0.9937642813 -0.0090802154 -0.1111307740 0.0099367220 0.9999250174 0.0071557635 0.1110574678 -0.0082154181 0.9937800169
69.2 248.8 2100.6 0.9937642813 -0.0090802154 -0.1111307740 0.0099367220 0.9999250174 0.0071557635 0.1110574678 -0.0082154181 0.9937800169
70.0 54.7 2105.6 0.9937850237 -0.0039461670 -0.1112462059 0.0067540240 0.9996677637 0.0248744860 0.1111110821 -0.0254712515 0.9934815168
-66.5 247.9 2085.4 0.2026557773 -0.8308691978 -0.5182538033 0.4676131010 0.5471058488 -0.6942716837 0.8603886366 -0.1016440988 0.4993995130
-109.6 148.5 1902.7 -0.5537565947 -0.8308691978 0.0548632480 -0.8309196830 0.5471058488 -0.1012306660 0.0540934429 -0.1016440988 -0.9933490753
204.9 249.6 2115.8 0.7377879024 0.4575956166 0.4962612689 -0.5463930964 -0.0268729143 0.8370976448 0.3963882029 -0.8887542486 0.2302005738
378.0 121.5 2208.8 -0.6763469577 0.4575956166 0.5772010684 -0.6593761444 -0.0268729143 -0.7513328195 -0.3282955289 -0.8887542486 0.3199030459
-18.3 -143.3 2104.3 0.9892983437 0.0353655331 -0.1415558606 -0.0348570868 0.9993738532 0.0060706190 0.1416819096 -0.0010714288 0.9899116755
-32.0 -531.3 2104.7 0.9900164008 0.0485216193 -0.1323373318 -0.0220528822 0.9806397557 0.1945748329 0.1392163336 -0.1897138506 0.9719194770
159.7 -142.2 2123.3 0.9883713722 0.1031841487 -0.1116920635 -0.1091670617 0.9928233027 -0.0488303937 0.1058519632 0.0604556575 0.9925424457
119.7 -527.6 2099.8 0.9889532924 -0.1186308190 -0.0888711959 0.1310421973 0.9799413681 0.1501427889 0.0692770034 -0.1601300836 0.9846618772
29.4 357.0 1889.1 0 0 0 0 0 0 0 0 0
204.7 -47.5 2124.6 0 0 0 0 0 0 0 0 0
-50.1 -897.2 2175.5 0 0 0 0 0 0 0 0 0
163.9 -893.4 2159.6 0 0 0 0 0 0 0 0 0
69.1 451.4 2094.5 66 0.9938430786 -0.0043946421 -0.1107097715 0.0070402203 0.9996986389 0.0235169549 0.1105730608 -0.0241515823 0.9935745001
70.0 251.4 2099.3 0.9938430786 -0.0043946421 -0.1107097715 0.0070402203 0.9996986389 0.0235169549 0.1105730608 -0.0241515823 0.9935745001
70.1 57.4 2105.2 0.9938510656 -0.0001313648 -0.1107249185 0.0034973151 0.9995375872 0.0302055459 0.1106697470 -0.0304070543 0.9933919907
-65.7 251.0 2084.2 0.2338503897 -0.8328611851 -0.5016535521 0.4750564098 0.5480545759 -0.6884457469 0.8483132720 -0.0773204267 0.5238187909
-115.2 150.5 1904.7 -0.5531654954 -0.8328611851 0.0187130310 -0.8289458752 0.5480545759 -0.1117357016 0.0828045607 -0.0773204267 -0.9935617447
205.8 251.9 2114.4 0.7286882997 0.4686902165 0.4993424118 -0.5507569909 -0.0323059484 0.8340402246 0.4070382118 -0.8827716708 0.2345934361
379.3 120.7 2211.4 -0.6876028776 0.4686902165 0.5545554757 -0.6407001019 -0.0323059484 -0.7671113014 -0.3416221142 -0.8827716708 0.3225035071
-18.2 -139.9 2100.6 0.9890931845 0.0440691635 -0.1405439228 -0.0409466885 0.9988476634 0.0250334088 0.1414851695 -0.0190055650 0.9897578955
-35.3 -527.6 2108.0 0.9907264113 0.0293458272 -0.1326649487 -0.0064721988 0.9854818583 0.1696574837 0.1357176453 -0.1672255099 0.9765328169
159.8 -138.7 2120.5 0.9888662696 0.0995184481 -0.1106326133 -0.1040125489 0.9939383864 -0.0356069915 0.1064184532 0.0467177331 0.9932233095
121.2 -524.6 2102.3 0.9896402955 -0.1091565341 -0.0932572708 0.1203341559 0.9849445224 0.1241125986 0.0783055425 -0.1340488642 0.9878760576
23.9 358.9 1883.8 0 0 0 0 0 0 0 0 0
203.1 -43.5 2123.8 0 0 0 0 0 0 0 0 0
-46.2 -895.2 2170.3 0 0 0 0 0 0 0 0 0
161.9 -892.1 2152.4 0 0 0 0 0 0 0 0 0
72.7 453.4 2097.2 67 0.9923502803 0.0025810783 -0.1234270260 -0.0002207178 0.9998168945 0.0191333815 0.1234538183 -0.0189597737 0.9921692014
72.2 254.6 2101.0 0.9923502803 0.0025810783 -0.1234270260 -0.0002207178 0.9998168945 0.0191333815 0.1234538183 -0.0189597737 0.9921692014
71.2 60.5 2105.2 0.9923403859 0.0054267845 -0.1234145164 -0.0026992338 0.9997486472 0.0222572014 0.1235042810 -0.0217535961 0.9921056032
-63.3 254.9 2084.1 0.2640071511 -0.8339473605 -0.4845947325 0.4744427502 0.5497177839 -0.6875423193 0.8397644162 -0.0483963490 0.5407896638
-119.6 153.9 1905.2 -0.5517613292 -0.8339473605 -0.0095529510 -0.8290914893 0.5497177839 -0.1020669863 0.0903699249 -0.0483963490 -0.9947316647
207.8 254.2 2117.9 0.7266060710 0.4637977481 0.5068877935 -0.5626646876 -0.0216836929 0.8264007568 0.3942740262 -0.8856757283 0.2452071309
376.7 123.4 2209.5 -0.6625069976 0.4637977481 0.5881974101 -0.6722136140 -0.0216836929 -0.7400396466 -0.3304744363 -0.8856757283 0.3261367679
-18.9 -136.9 2101.2 0.9876266718 0.0320373774 -0.1535160542 -0.0309016872 0.9994745851 0.0097788805 0.1537486762 -0.0049139778 0.9880977869
-31.3 -524.8 2103.1 0.9878168106 0.0574759766 -0.1446184367 -0.0277489964 0.9794583321 0.1997283250 0.1531273127 -0.1932819784 0.9691202641
159.1 -136.3 2121.0 0.9875647426 0.0978634357 -0.1230393201 -0.1031619906 0.9939596057 -0.0374419838 0.1186319143 0.0496693626 0.9916952252
121.2 -522.2 2101.7 0.9889916778 -0.1037809998 -0.1054751575 0.1167023107 0.9852954149 0.1247940883 0.0909729302 -0.1357295066 0.9865604043
19.4 362.6 1882.4 0 0 0 0 0 0 0 0 0
207.0 -48.8 2124.9 0 0 0 0 0 0 0 0 0
-52.8 -890.1 2175.2 0 0 0 0 0 0 0 0 0
159.9 -889.9 2152.4 0 0 0 0 0 0 0 0 0
71.9 451.7 2092.6 68 0.9948799014 -0.0239498410 -0.0981854275 0.0271727089 0.9991305470 0.0316193923 0.0973427817 -0.0341254622 0.9946656823
76.9 244.9 2099.7 0.9948799014 -0.0239498410 -0.0981854275 0.0271727089 0.9991305470 0.0316193923 0.0973427817 -0.0341254622 0.9946656823
72.2 51.0 2106.1 0.9948801994 0.0239365958 -0.0981854498 -0.0205923021 0.9991774559 0.0349342301 0.0989408940 -0.0327335075 0.9945547581
-59.0 247.8 2086.1 0.2934289575 -0.8334270716 -0.4682934582 0.4216394126 0.5524637103 -0.7190299034 0.8579741716 0.0135332234 0.5135145187
-121.6 157.8 1903.0 -0.5501194000 -0.8334270716 -0.0526114777 -0.8317241669 0.5524637103 -0.0549426489 0.0748566240 0.0135332234 -0.9971024990
212.7 242.1 2113.2 0.7308518887 0.4765353203 0.4886406064 -0.5305761695 -0.0536909960 0.8459351063 0.4293535650 -0.8775143027 0.2135981172
376.6 123.1 2209.4 -0.6637604237 0.4765353203 0.5764861107 -0.6764756441 -0.0536909960 -0.7345052958 -0.3190656006 -0.8775143027 0.3580024838
-18.7 -133.3 2098.4 0.9913638830 0.0227474906 -0.1291517019 -0.0218569096 0.9997265935 0.0083089862 0.1293054074 -0.0054143718 0.9915900230
-27.6 -521.4 2100.5 0.9903809428 0.0646887124 -0.1223150194 -0.0390436761 0.9787147641 0.2014771551 0.1327448189 -0.1947635114 0.9718261361
159.0 -133.8 2120.5 0.9897040129 0.1018768549 -0.1005340293 -0.1062362567 0.9935761094 -0.0389921106 0.0959158167 0.0492710099 0.9941692352
119.5 -519.5 2101.4 0.9901084304 -0.1136870310 -0.0822229162 0.1235205382 0.9842432737 0.1265222579 0.0665434152 -0.1354269683 0.9885501862
16.6 366.8 1884.2 0 0 0 0 0 0 0 0 0
206.4 -50.2 2127.7 0 0 0 0 0 0 0 0 0
-51.7 -886.5 2173.1 0 0 0 0 0 0 0 0 0
161.9 -886.9 2151.9 0 0 0 0 0 0 0 0 0
70.4 445.6 2080.3 69 0.9955632091 -0.0477060750 -0.0811053365 0.0540359430 0.9955089688 0.0777306929 0.0770328641 -0.0817684233 0.9936698675
80.3 237.8 2097.4 0.9955632091 -0.0477060750 -0.0811053365 0.0540359430 0.9955089688 0.0777306929 0.0770328641 -0.0817684233 0.9936698675
72.2 44.1 2106.7 0.9958132505 0.0423024260 -0.0810340121 -0.0382089354 0.9979460239 0.0514176190 0.0830426589 -0.0481061228 0.9953842163
-55.6 243.0 2086.0 0.3056321442 -0.8400189281 -0.4482825100 0.3580615520 0.5376514196 -0.7633628845 0.8822590113 0.0727954954 0.4651020169
-119.8 167.9 1900.8 -0.5388988853 -0.8400189281 -0.0628982261 -0.8423653245 0.5376514196 0.0367642492 0.0029346521 0.0727954954 -0.9973425865
216.3 232.5 2108.7 0.7381966710 0.4818815589 0.4720760584 -0.5048202276 -0.0695717707 0.8604163527 0.4474619627 -0.8734700680 0.1919059008
376.1 123.2 2205.6 -0.6734447479 0.4818815589 0.5605910420 -0.6671574712 -0.0695717707 -0.7416607738 -0.3183913231 -0.8734700680 0.3683436215
-21.4 -141.0 2103.6 0.9932838082 0.0224339478 -0.1135075763 -0.0231220815 0.9997213483 -0.0047493991 0.1133693978 0.0073420326 0.9935258031
-30.2 -529.1 2100.7 0.9920676947 0.0685241148 -0.1053854004 -0.0434948839 0.9736937881 0.2236708105 0.1179399565 -0.2173128724 0.9689506292
156.7 -144.8 2121.3 0.9920425415 0.0909554809 -0.0870557725 -0.0950136706 0.9945181608 -0.0436585285 0.0826075673 0.0515826084 0.9952462912
121.4 -530.8 2101.3 0.9914644957 -0.1111903489 -0.0680795312 0.1202065274 0.9817889929 0.1471079886 0.0504827425 -0.1540359557 0.9867747426
15.9 379.9 1900.1 0 0 0 0 0 0 0 0 0
203.5 -47.8 2124.0 0 0 0 0 0 0 0 0 0
-55.7 -892.4 2181.8 0 0 0 0 0 0 0 0 0
162.9 -897.3 2158.8 0 0 0 0 0 0 0 0 0
70.3 443.3 2078.6 70 0.9965913892 -0.0596455671 -0.0569908060 0.0633570850 0.9958257079 0.0657042488 0.0528339408 -0.0690910667 0.9962103367
83.0 231.7 2093.3 0.9965913892 -0.0596455671 -0.0569908060 0.0633570850 0.9958257079 0.0657042488 0.0528339408 -0.0690910667 0.9962103367
73.5 38.3 2106.7 0.9971589446 0.0492206626 -0.0570203364 -0.0451048501 0.9964311123 0.0713480860 0.0603286400 -0.0685734898 0.9958203435
-53.2 237.9 2085.0 0.3265340626 -0.8367776275 -0.4395209849 0.3360736966 0.5374100208 -0.7734629512 0.8834195137 0.1048505679 0.4567016363
-121.1 168.0 1901.5 -0.5417771935 -0.8367776275 -0.0792507306 -0.8403604031 0.5374100208 0.0706035420 -0.0164893307 0.1048505679 -0.9943512678
219.1 225.5 2101.6 0.7360026836 0.4900493324 0.4670670927 -0.4827515483 -0.1037643775 0.8695883751 0.4746061265 -0.8654967546 0.1602012068
373.0 124.5 2200.8 -0.6680644155 0.4900493324 0.5599478483 -0.6825067401 -0.1037643775 -0.7234759331 -0.2964362800 -0.8654967546 0.4037832916
-25.2 -146.1 2108.7 0.9957449436 0.0177920107 -0.0904180780 -0.0180965904 0.9998329878 -0.0025498094 0.0903576091 0.0041752188 0.9959006310
-32.1 -534.2 2107.0 0.9951183200 0.0499753319 -0.0850999206 -0.0324949212 0.9801426530 0.1956131160 0.0931858867 -0.1918928772 0.9769818187
153.2 -152.9 2123.6 0.9947002530 0.0789935291 -0.0658131763 -0.0820979625 0.9955676794 -0.0458793081 0.0618973002 0.0510392860 0.9967766404
122.5 -539.4 2103.8 0.9926049113 -0.1108086854 -0.0495676026 0.1169058383 0.9825701714 0.1445298493 0.0326884836 -0.1492557824 0.9882581234
15.7 380.1 1905.6 0 0 0 0 0 0 0 0 0
201.8 -50.4 2124.8 0 0 0 0 0 0 0 0 0
-50.7 -899.8 2178.6 0 0 0 0 0 0 0 0 0
163.9 -906.2 2159.5 0 0 0 0 0 0 0 0 0
71.1 443.9 2078.3 71 0.9963174462 -0.0599349402 -0.0613136925 0.0636986494 0.9960790873 0.0613913946 0.0573937967 -0.0650709197 0.9962287545
84.0 229.6 2092.3 0.9963174462 -0.0599349402 -0.0613136925 0.0636986494 0.9960790873 0.0613913946 0.0573937967 -0.0650709197 0.9962287545
73.6 36.4 2107.7 0.9966774583 0.0535381883 -0.0613814816 -0.0483897887 0.9954158664 0.0824963823 0.0655168071 -0.0792520493 0.9946992993
-52.2 236.2 2083.3 0.3412573636 -0.8327494860 -0.4359721243 0.3331286311 0.5408570766 -0.7723334432 0.8789588809 0.1183296815 0.4619841576
-122.6 167.4 1901.8 -0.5466174483 -0.8327494860 -0.0879639983 -0.8371312022 0.5408570766 0.0817615166 -0.0205109082 0.1183296815 -0.9927625060
220.1 223.0 2101.3 0.7435230613 0.4723282456 0.4733703434 -0.4785566628 -0.1186017096 0.8700098395 0.4670727551 -0.8734069467 0.1378527284
368.9 127.2 2194.7 -0.6585577726 0.4723282456 0.5858393312 -0.7060928941 -0.1186017096 -0.6981163621 -0.2602585256 -0.8734069467 0.4116136730
-25.3 -151.0 2114.6 0.9953902364 0.0091273384 -0.0954720601 -0.0107902046 0.9997987151 -0.0169155635 0.0952984467 0.0178677496 0.9952883720
-28.8 -539.1 2107.6 0.9931073189 0.0735302269 -0.0912754163 -0.0542134047 0.9786026478 0.1984887719 0.1039172858 -0.1921722889 0.9758437276
153.3 -159.1 2125.4 0.9945989251 0.0763819665 -0.0702765808 -0.0786449909 0.9964507222 -0.0300150998 0.0677345321 0.0353798866 0.9970758557
123.6 -545.9 2111.7 0.9929046035 -0.1028613374 -0.0596653111 0.1085098535 0.9889743328 0.1007740572 0.0486417077 -0.1065332964 0.9931186438
15.3 378.7 1907.0 0 0 0 0 0 0 0 0 0
200.2 -53.7 2128.1 0 0 0 0 0 0 0 0 0
-56.3 -904.1 2179.3 0 0 0 0 0 0 0 0 0
162.0 -914.7 2151.4 0 0 0 0 0 0 0 0 0
71.3 445.2 2083.1 72 0.9957142472 -0.0619510710 -0.0686670169 0.0643433332 0.9973757267 0.0331902951 0.0664306358 -0.0374663137 0.9970873594
84.8 228.8 2091.3 0.9957142472 -0.0619510710 -0.0686670169 0.0643433332 0.9973757267 0.0331902951 0.0664306358 -0.0374663137 0.9970873594
73.1 35.8 2107.9 0.9958290458 0.0600150861 -0.0687219054 -0.0537483096 0.9945204258 0.0896672010 0.0737267286 -0.0855995193 0.9935980439
-51.3 236.2 2081.2 0.3462643921 -0.8252290487 -0.4462040067 0.3370441794 0.5533019900 -0.7617467642 0.8755010962 0.1133753136 0.4697273970
-122.4 166.9 1901.3 -0.5580817461 -0.8252290487 -0.0868433714 -0.8296833038 0.5533019900 0.0740443841 -0.0130529692 0.1133753136 -0.9934664965
220.8 221.5 2101.3 0.7447286844 0.4714375734 0.4723619223 -0.4779237211 -0.1172701716 0.8705381155 0.4657983482 -0.8740677238 0.1379767358
369.5 126.0 2194.3 -0.6639716029 0.4714375734 0.5804208517 -0.6995018125 -0.1172701716 -0.7049432397 -0.2642706633 -0.8740677238 0.4076354802
-26.0 -152.4 2117.2 0.9945886135 0.0095566912 -0.1034512520 -0.0110332891 0.9998451471 -0.0137105398 0.1033041999 0.0147777535 0.9945400357
-29.7 -540.6 2111.5 0.9925715923 0.0685140565 -0.1005358249 -0.0531246439 0.9874885082 0.1484728158 0.1094504520 -0.1420289725 0.9837928414
152.5 -161.1 2129.0 0.9941639304 0.0733159706 -0.0791379064 -0.0761620626 0.9965304732 -0.0335613377 0.0764027536 0.0393927805 0.9962985516
124.0 -548.0 2113.7 0.9920688868 -0.1042029932 -0.0702929422 0.1097259000 0.9907444715 0.0799100175 0.0613154806 -0.0869891942 0.9943205118
18.3 376.1 1904.6 0 0 0 0 0 0 0 0 0
199.3 -53.2 2126.6 0 0 0 0 0 0 0 0 0
-55.3 -908.6 2164.4 0 0 0 0 0 0 0 0 0
162.9 -917.6 2146.1 0 0 0 0 0 0 0 0 0
71.5 443.1 2081.1 73 0.9951217771 -0.0590248033 -0.0790486112 0.0626309663 0.9970688820 0.0439431444 0.0762231797 -0.0486796722 0.9959017634
84.2 228.3 2091.5 0.9951217771 -0.0590248033 -0.0790486112 0.0626309663 0.9970688820 0.0439431444 0.0762231797 -0.0486796722 0.9959017634
71.8 35.4 2109.0 0.9948190451 0.0640846416 -0.0789194405 -0.0565068647 0.9938941002 0.0947706476 0.0845109075 -0.0898201540 0.9923659563
-51.7 236.0 2080.0 0.3256617188 -0.8342463970 -0.4449464679 0.3233645260 0.5404968858 -0.7767229080 0.8884705305 0.1090690196 0.4457848370
-119.1 169.1 1896.0 -0.5460269451 -0.8342463970 -0.0767299160 -0.8373321891 0.5404968858 0.0820849389 -0.0270067863 0.1090690196 -0.9936672449
220.1 220.6 2103.1 0.7504662871 0.4654408693 0.4692175686 -0.4766537845 -0.1106325015 0.8721018434 0.4578225613 -0.8781373501 0.1388281882
367.4 127.1 2192.9 -0.6524321437 0.4654408693 0.5980778337 -0.7133204341 -0.1106325015 -0.6920508742 -0.2559418976 -0.8781373501 0.4041886926
-27.7 -152.4 2117.9 0.9934656024 0.0049721468 -0.1140234694 -0.0064675179 0.9998978376 -0.0127484091 0.1139484346 0.0134025551 0.9933962822
-29.7 -540.6 2112.7 0.9913138151 0.0698893890 -0.1114107147 -0.0512998514 0.9854962826 0.1617571712 0.1210999563 -0.1546367705 0.9805214405
150.7 -162.1 2131.1 0.9935289621 0.0684673339 -0.0906224996 -0.0723574385 0.9965619445 -0.0403571688 0.0875477865 0.0466532260 0.9950672388
124.1 -548.9 2113.0 0.9910149574 -0.1061723828 -0.0813433379 0.1130101234 0.9899809361 0.0846545920 0.0715403780 -0.0930865854 0.9930844903
18.9 380.7 1902.9 0 0 0 0 0 0 0 0 0
200.1 -55.8 2127.3 0 0 0 0 0 0 0 0 0
-55.7 -908.2 2170.4 0 0 0 0 0 0 0 0 0
163.7 -918.4 2147.7 0 0 0 0 0 0 0 0 0
71.3 444.8 2079.5 74 0.9946003556 -0.0599296056 -0.0847264007 0.0640885830 0.9968250990 0.0472484678 0.0816258192 -0.0524233393 0.9952833652
84.4 227.0 2091.0 0.9946003556 -0.0599296056 -0.0847264007 0.0640885830 0.9968250990 0.0472484678 0.0816258192 -0.0524233393 0.9952833652
71.9 34.2 2108.9 0.9943261147 0.0644704103 -0.0846116543 -0.0561256744 0.9936470389 0.0975469947 0.0903630182 -0.0922446400 0.9916276932
-51.5 234.7 2078.6 0.3228950799 -0.8460670114 -0.4241572917 0.3136380315 0.5184957385 -0.7954831123 0.8929557204 0.1238257289 0.4327785075
-117.4 170.7 1896.3 -0.5215402842 -0.8460670114 -0.1103013083 -0.8531793952 0.5184957385 0.0569829866 0.0089793373 0.1238257289 -0.9922633767
220.2 219.4 2103.3 0.7521185279 0.4665424824 0.4654630423 -0.4690246284 -0.1172254905 0.8753708005 0.4629618227 -0.8766962290 0.1306524575
367.7 127.4 2194.1 -0.6494049430 0.4665424824 0.6005092263 -0.7183346748 -0.1172254905 -0.6857503057 -0.2495366633 -0.8766962290 0.4112604558
-29.8 -152.5 2118.8 0.9927809238 0.0070534400 -0.1197344288 -0.0088615539 0.9998545051 -0.0145753194 0.1196141988 0.0155311320 0.9926989675
-32.5 -540.7 2112.8 0.9911037683 0.0647314489 -0.1162891611 -0.0439483412 0.9839180708 0.1731294245 0.1256259233 -0.1664784998 0.9780097604
148.5 -162.6 2134.0 0.9936520457 0.0569921248 -0.0969924554 -0.0619043000 0.9969073534 -0.0484106466 0.0939334631 0.0541075878 0.9941070676
126.3 -549.6 2113.0 0.9919585586 -0.0915052220 -0.0874360800 0.1001654789 0.9898908138 0.1004142240 0.0773637444 -0.1083648205 0.9910963178
14.3 386.2 1894.1 0 0 0 0 0 0 0 0 0
201.2 -56.8 2130.1 0 0 0 0 0 0 0 0 0
-56.7 -907.8 2174.9 0 0 0 0 0 0 0 0 0
160.5 -919.0 2153.4 0 0 0 0 0 0 0 0 0
69.1 445.6 2080.2 75 0.9934279919 -0.0719424561 -0.0890229419 0.0757738352 0.9963050485 0.0404302329 0.0857853591 -0.0469101369 0.9952086806
84.8 227.3 2090.5 0.9934279919 -0.0719424561 -0.0890229419 0.0757738352 0.9963050485 0.0404302329 0.0857853591 -0.0469101369 0.9952086806
72.4 34.4 2108.5 0.9939520359 0.0639778152 -0.0892535374 -0.0551545583 0.9936525822 0.0980435759 0.0949596241 -0.0925278738 0.9911716580
-51.0 234.8 2077.5 0.3213108480 -0.8541356325 -0.4089152217 0.3087735176 0.5027098060 -0.8074291348 0.8952196836 0.1331735402 0.4252605438
-116.1 172.2 1896.1 -0.5065817237 -0.8541356325 -0.1175895408 -0.8621743321 0.5027098060 0.0627556369 0.0055115884 0.1331735402 -0.9910774231
220.6 219.7 2103.5 0.7508689761 0.4512966275 0.4822106659 -0.4786694348 -0.1311940104 0.8681380749 0.4550509155 -0.8826774359 0.1175123826
368.3 125.6 2193.0 -0.6621195674 0.4512966275 0.5982716680 -0.7123709321 -0.1311940104 -0.6894314885 -0.2326484472 -0.8826774359 0.4083567262
-29.7 -153.7 2118.7 0.9922438860 0.0031247518 -0.1242670268 -0.0046293987 0.9999194145 -0.0118212560 0.1242200732 0.0123048509 0.9921783805
-31.0 -541.9 2113.9 0.9905519485 0.0635094494 -0.1215459406 -0.0418244563 0.9839821458 0.1732913852 0.1306046695 -0.1665705293 0.9773416519
148.4 -163.8 2134.9 0.9930585027 0.0595906675 -0.1014091074 -0.0645319745 0.9968473911 -0.0461617559 0.0983385965 0.0523854531 0.9937732816
125.3 -550.7 2114.5 0.9899872541 -0.1062328219 -0.0929506496 0.1139242500 0.9901187420 0.0817685947 0.0833456740 -0.0915391967 0.9923074245
11.9 390.1 1894.7 0 0 0 0 0 0 0 0 0
198.5 -57.0 2133.3 0 0 0 0 0 0 0 0 0
-54.7 -909.1 2176.1 0 0 0 0 0 0 0 0 0
164.9 -920.2 2148.7 0 0 0 0 0 0 0 0 0
69.8 443.9 2080.1 76 0.9920300245 -0.0774377286 -0.0993971229 0.0816973075 0.9958733916 0.0395183563 0.0959267467 -0.0473238751 0.9942628145
86.7 226.5 2090.4 0.9920300245 -0.0774377286 -0.0993971229 0.0816973075 0.9958733916 0.0395183563 0.0959267467 -0.0473238751 0.9942628145
73.4 33.7 2108.6 0.9926720858 0.0683170930 -0.0996742025 -0.0583234727 0.9932820201 0.0999461859 0.1058326215 -0.0934004486 0.9899877906
-49.0 234.5 2076.0 0.3191222548 -0.8502516747 -0.4186085165 0.2949266136 0.5088681579 -0.8087468743 0.9006549120 0.1346303374 0.4131529927
-112.5 175.8 1896.7 -0.5172852874 -0.8502516747 -0.0974065438 -0.8551045656 0.5088681579 0.0992441848 -0.0348154455 0.1346303374 -0.9902840853
222.3 218.6 2104.9 0.7487753630 0.4692292213 0.4681445956 -0.4703321755 -0.1215260103 0.8740818501 0.4670364857 -0.8746744394 0.1296979189
370.2 125.7 2197.1 -0.6635880470 0.4692292213 0.5826447010 -0.7020361423 -0.1215260103 -0.7016955614 -0.2584495842 -0.8746744394 0.4100590944
-29.0 -153.6 2117.9 0.9908183813 0.0080730710 -0.1349582523 -0.0074555958 0.9999592900 0.0050800992 0.1349937767 -0.0040272614 0.9908382893
-32.2 -541.7 2119.5 0.9890252948 0.0650355443 -0.1326623559 -0.0464150198 0.9892162085 0.1389134228 0.1402660608 -0.1312313676 0.9813784957
149.1 -163.4 2134.9 0.9916794300 0.0628318638 -0.1123570725 -0.0681856424 0.9966816902 -0.0444558412 0.1091909930 0.0517470799 0.9926729202
124.7 -550.4 2114.9 0.9886147976 -0.1084247604 -0.1043305993 0.1161634624 0.9906756282 0.0711885691 0.0956391841 -0.0824974775 0.9919915795
18.8 392.8 1905.5 0 0 0 0 0 0 0 0 0
200.1 -54.3 2130.9 0 0 0 0 0 0 0 0 0
-56.4 -910.7 2168.4 0 0 0 0 0 0 0 0 0
165.1 -920.1 2145.6 0 0 0 0 0 0 0 0 0
71.5 442.9 2080.5 77 0.9926647544 -0.0651059747 -0.1018716767 0.0692570433 0.9968842268 0.0377524607 0.0990963578 -0.0445308723 0.9940809608
85.6 226.7 2090.2 0.9926647544 -0.0651059747 -0.1018716767 0.0692570433 0.9968842268 0.0377524607 0.0990963578 -0.0445308723 0.9940809608
73.2 33.8 2108.4 0.9927251935 0.0641292632 -0.1019023359 -0.0538908541 0.9935035706 0.1002316773 0.1076681241 -0.0940109119 0.9897320271
-50.0 234.0 2075.5 0.3139261007 -0.8393613100 -0.4437600076 0.2982681394 0.5309104323 -0.7932025194 0.9013803601 0.1166475117 0.4170213938
-111.9 175.3 1897.8 -0.5395493507 -0.8393613100 -0.0660228357 -0.8398021460 0.5309104323 0.1134305671 -0.0601570196 0.1166475117 -0.9913498163
221.2 219.3 2104.9 0.7516993880 0.4642125070 0.4684600532 -0.4680838883 -0.1248554289 0.8748191595 0.4645917714 -0.8768796325 0.1234366447
368.4 127.7 2195.9 -0.6583462358 0.4642125070 0.5925258994 -0.7109324336 -0.1248554289 -0.6920883060 -0.2472959608 -0.8768796325 0.4122218192
-28.8 -153.9 2117.2 0.9904568791 0.0161380116 -0.1368746758 -0.0170082878 0.9998418689 -0.0051909932 0.1367692649 0.0074694590 0.9905747771
-35.1 -542.0 2114.3 0.9898945689 0.0507915206 -0.1323969066 -0.0294703729 0.9869537354 0.1582840383 0.1387091130 -0.1527827233 0.9784770012
149.1 -164.3 2136.2 0.9916806817 0.0581657030 -0.1148311347 -0.0652781576 0.9961107373 -0.0591791645 0.1109423265 0.0661827996 0.9916207194
126.5 -551.0 2110.5 0.9907168150 -0.0875940695 -0.1039588898 0.0982357115 0.9899126887 0.1020912305 0.0939676389 -0.1113559753 0.9893280268
25.6 389.3 1913.2 0 0 0 0 0 0 0 0 0
199.7 -54.6 2132.5 0 0 0 0 0 0 0 0 0
-54.0 -910.2 2171.3 0 0 0 0 0 0 0 0 0
159.2 -920.3 2152.0 0 0 0 0 0 0 0 0 0
69.7 441.8 2080.3 78 0.9936482906 -0.0610735640 -0.0945148617 0.0647641793 0.9972334504 0.0364833288 0.0920252129 -0.0423727781 0.9948546886
82.9 226.0 2089.4 0.9936482906 -0.0610735640 -0.0945148617 0.0647641793 0.9972334504 0.0364833288 0.0920252129 -0.0423727781 0.9948546886
72.5 33.0 2107.3 0.9940568209 0.0536204875 -0.0947412476 -0.0443906970 0.9942961335 0.0969775096 0.0994008407 -0.0921955258 0.9907671213
-52.9 232.1 2075.8 0.2955770791 -0.8369257450 -0.4606402814 0.2964853346 0.5387398005 -0.7885783911 0.9081467986 0.0965126082 0.4073753655
-110.6 174.2 1898.5 -0.5458405614 -0.8369257450 -0.0401666053 -0.8345305324 0.5387398005 0.1154043004 -0.0749454796 0.0965126082 -0.9925061464
218.7 220.0 2103.0 0.7530529499 0.4521253705 0.4780103266 -0.4732852578 -0.1324575096 0.8708938360 0.4570692480 -0.8820644021 0.1142367497
368.6 125.8 2194.0 -0.6709570885 0.4521253705 0.5877067447 -0.7020981312 -0.1324575096 -0.6996521950 -0.2384843528 -0.8820644021 0.4063096642
-28.2 -154.2 2117.0 0.9914353490 0.0232043620 -0.1285205334 -0.0232179146 0.9997294545 0.0013929611 0.1285180897 0.0016029478 0.9917058945
-37.2 -542.3 2116.4 0.9915766120 0.0379598401 -0.1238340810 -0.0197001752 0.9891662598 0.1454717517 0.1280145794 -0.1418068260 0.9815819263
149.7 -163.9 2136.3 0.9928014278 0.0554800965 -0.1061472073 -0.0624605864 0.9960184693 -0.0636075437 0.1021956280 0.0697796792 0.9923138618
128.1 -550.5 2109.2 0.9934837222 -0.0640096366 -0.0943019167 0.0750316083 0.9901275635 0.1183960959 0.0857924372 -0.1247002184 0.9884783626
28.7 387.2 1917.6 0 0 0 0 0 0 0 0 0
196.5 -54.2 2132.8 0 0 0 0 0 0 0 0 0
-51.4 -911.4 2169.3 0 0 0 0 0 0 0 0 0
152.0 -919.9 2155.8 0 0 0 0 0 0 0 0 0
70.4 443.1 2079.6 79 0.9972879291 0.0003826284 -0.0735981688 0.0025146981 0.9992254376 0.0392701328 0.0735561922 -0.0393487066 0.9965144992
70.3 225.0 2088.2 0.9972879291 0.0003826284 -0.0735981688 0.0025146981 0.9992254376 0.0392701328 0.0735561922 -0.0393487066 0.9965144992
67.5 32.5 2110.7 0.9972209930 0.0148716783 -0.0730004609 -0.0062205209 0.9930730462 0.1173338965 0.0742397457 -0.1165537313 0.9904057980
-65.8 225.9 2078.1 0.2272781581 -0.8384750485 -0.4952819347 0.2734290659 0.5430775285 -0.7939164639 0.9346556664 0.0450153872 0.3526931107
-109.5 173.3 1898.2 -0.5448647738 -0.8384750485 0.0090525476 -0.8341218233 0.5430775285 0.0964758918 -0.0858088657 0.0450153872 -0.9952941537
206.4 224.1 2098.3 0.7625156641 0.4504713118 0.4643764198 -0.4631350636 -0.1211218014 0.8779723048 0.4517474473 -0.8845366836 0.1162717938
365.7 127.4 2192.6 -0.6579475999 0.4504713118 0.6034737229 -0.7147296071 -0.1211218014 -0.6888331771 -0.2372057587 -0.8845366836 0.4016569853
-27.0 -156.0 2116.3 0.9944059253 0.0220161378 -0.1033059135 -0.0218569804 0.9997575283 0.0026725258 0.1033397019 -0.0003996202 0.9946460128
-35.5 -544.1 2116.4 0.9940131307 0.0466390587 -0.0988066345 -0.0310988706 0.9876825809 0.1533490419 0.1047416478 -0.1493581831 0.9832198620
151.1 -163.9 2134.1 0.9951108098 0.0590821020 -0.0791439638 -0.0639110804 0.9961540103 -0.0599380694 0.0752983093 0.0647031963 0.9950596094
128.2 -550.7 2109.0 0.9947470427 -0.0772130042 -0.0672049299 0.0849141032 0.9890741110 0.1205070093 0.0571659505 -0.1255806386 0.9904350638
29.5 386.1 1920.1 0 0 0 0 0 0 0 0 0
197.0 -55.8 2131.8 0 0 0 0 0 0 0 0 0
-53.0 -912.7 2172.2 0 0 0 0 0 0 0 0 0
157.0 -919.7 2155.8 0 0 0 0 0 0 0 0 0
71.4 449.1 2078.3 80 0.9975441098 0.0189176109 -0.0674383417 -0.0162918586 0.9990956187 0.0392751917 0.0681203380 -0.0380800366 0.9969500899
67.1 223.0 2086.9 0.9975441098 0.0189176109 -0.0674383417 -0.0162918586 0.9990956187 0.0392751917 0.0681203380 -0.0380800366 0.9969500899
68.0 30.2 2108.8 0.9977496862 -0.0044131572 -0.0669038296 0.0119521767 0.9935563207 0.1127074510 0.0659753233 -0.1132534668 0.9913732409
-69.1 221.3 2077.9 0.2371683121 -0.8491081595 -0.4719814956 0.2798907161 0.5249663591 -0.8037857413 0.9302754402 0.0585292801 0.3621628582
-114.4 168.0 1900.5 -0.5273560882 -0.8491081595 -0.0301806182 -0.8488319516 0.5249663591 0.0624075606 -0.0371469595 0.0585292801 -0.9975942969
203.3 224.6 2095.9 0.7633397579 0.4656734169 0.4477283657 -0.4518260062 -0.1104840487 0.8852381110 0.4616987109 -0.8780327439 0.1260664910
367.0 127.7 2194.9 -0.6593420506 0.4656734169 0.5902680159 -0.7050995231 -0.1104840487 -0.7004483342 -0.2609649897 -0.8780327439 0.4011929035
-24.6 -159.5 2126.6 0.9950320721 0.0284293424 -0.0954092517 -0.0309201721 0.9992158413 -0.0247304440 0.0946313664 0.0275576562 0.9951308966
-35.6 -547.3 2115.9 0.9945824742 0.0547674298 -0.0883530676 -0.0397285447 0.9856960773 0.1637829244 0.0960592479 -0.1593854874 0.9825319052
153.9 -160.7 2139.8 0.9952979088 0.0664797127 -0.0704454780 -0.0719197541 0.9943770170 -0.0777293146 0.0648819432 0.0824302435 0.9944825768
128.1 -546.7 2107.8 0.9959502816 -0.0702716336 -0.0560801663 0.0765142217 0.9900271893 0.1182865575 0.0472087003 -0.1220984533 0.9913946390
19.2 382.9 1909.9 0 0 0 0 0 0 0 0 0
197.9 -53.0 2128.0 0 0 0 0 0 0 0 0 0
-56.1 -915.2 2175.4 0 0 0 0 0 0 0 0 0
154.3 -916.2 2153.4 0 0 0 0 0 0 0 0 0
73.0 451.4 2083.6 81 0.9956402779 0.0295543093 -0.0884705111 -0.0274077635 0.9993020892 0.0253803320 0.0891588628 -0.0228449013 0.9957553744
66.3 224.7 2088.8 0.9956402779 0.0295543093 -0.0884705111 -0.0274077635 0.9993020892 0.0253803320 0.0891588628 -0.0228449013 0.9957553744
68.9 31.6 2107.1 0.9960445762 -0.0129436888 -0.0879069045 0.0211491529 0.9954355955 0.0930631235 0.0863010734 -0.0945541784 0.9917719364
-69.7 221.9 2077.0 0.2159339488 -0.8674412966 -0.4482388794 0.2633292973 0.4937957823 -0.8287481070 0.9402288198 0.0609204210 0.3350499570
-111.2 171.2 1896.2 -0.4961347878 -0.8674412966 -0.0373609476 -0.8676780462 0.4937957823 0.0574504100 -0.0313861817 0.0609204210 -0.9976490140
202.3 227.6 2100.6 0.7651379704 0.4604927301 0.4500114322 -0.4648403525 -0.0885428041 0.8809561133 0.4455191493 -0.8832364678 0.1463081241
366.1 128.1 2195.9 -0.6441239119 0.4604927301 0.6107788682 -0.7179741859 -0.0885428041 -0.6904152632 -0.2638511360 -0.8832364678 0.3876544237
-20.5 -163.6 2124.8 0.9928159714 0.0355507173 -0.1142477468 -0.0376897678 0.9991512895 -0.0166170374 0.1135600433 0.0208036304 0.9933133125
-34.3 -551.4 2116.8 0.9923485518 0.0620433018 -0.1067475230 -0.0456452109 0.9876737595 0.1497232318 0.1147210523 -0.1437051147 0.9829486012
158.2 -161.5 2136.6 0.9928151369 0.0823908970 -0.0867746025 -0.0876440033 0.9944285154 -0.0585705638 0.0814654529 0.0657550171 0.9945047498
126.2 -547.4 2111.1 0.9943729043 -0.0768622905 -0.0729018077 0.0837603137 0.9917699695 0.0968327001 0.0648590401 -0.1023940966 0.9926272035
13.7 389.7 1904.1 0 0 0 0 0 0 0 0 0
201.0 -56.0 2128.3 0 0 0 0 0 0 0 0 0
-57.4 -920.0 2170.4 0 0 0 0 0 0 0 0 0
154.9 -917.5 2149.3 0 0 0 0 0 0 0 0 0
70.5 448.8 2084.3 82 0.9940140843 -0.0223365426 -0.1069442853 0.0254291706 0.9992944002 0.0276421737 0.1062513962 -0.0301962141 0.9938806891
75.5 227.8 2091.0 0.9940140843 -0.0223365426 -0.1069442853 0.0254291706 0.9992944002 0.0276421737 0.1062513962 -0.0301962141 0.9938806891
71.5 34.6 2107.5 0.9940401316 0.0209308024 -0.1069863141 -0.0115792546 0.9961153269 0.0872938707 0.1083978340 -0.0855347961 0.9904209971
-60.2 229.4 2076.2 0.2415524572 -0.8780202866 -0.4131982327 0.2829616070 0.4710336924 -0.8354998231 0.9282160997 0.0848978087 0.3622253835
-107.9 173.4 1892.7 -0.4752100706 -0.8780202866 -0.0570593141 -0.8790811300 0.4710336924 0.0731003955 -0.0373067707 0.0848978087 -0.9956910014
211.2 226.2 2105.8 0.7574229836 0.4520115256 0.4711645842 -0.4865979850 -0.0903793722 0.8689384460 0.4353537261 -0.8874216080 0.1514924765
366.1 126.6 2194.8 -0.6518486738 0.4520115256 0.6089161634 -0.7125867605 -0.0903793722 -0.6957381964 -0.2594482303 -0.8874216080 0.3810110986
-17.7 -163.4 2117.8 0.9897277355 0.0484045893 -0.1345212013 -0.0463118181 0.9987530112 0.0186449308 0.1352559626 -0.0122234840 0.9907352924
-36.5 -550.9 2122.5 0.9906142354 0.0429401509 -0.1297673434 -0.0291977301 0.9939367175 0.1060059220 0.1335324347 -0.1012220606 0.9858616590
160.6 -159.7 2133.2 0.9897966385 0.0922471955 -0.1085957140 -0.0974290371 0.9942953587 -0.0434085093 0.1039719060 0.0535459742 0.9931377769
124.8 -545.6 2112.4 0.9910450578 -0.0925165713 -0.0962826610 0.1004026383 0.9916799068 0.0805618688 0.0880282745 -0.0895074755 0.9920884371
11.6 394.6 1902.1 0 0 0 0 0 0 0 0 0
199.0 -56.1 2128.3 0 0 0 0 0 0 0 0 0
-52.5 -921.5 2160.2 0 0 0 0 0 0 0 0 0
159.4 -915.6 2145.8 0 0 0 0 0 0 0 0 0
70.5 447.1 2086.6 83 0.9926413298 -0.0491108410 -0.1106857806 0.0508737862 0.9986184239 0.0131582636 0.1098866463 -0.0186924413 0.9937683344
81.3 228.1 2090.7 0.9926413298 -0.0491108410 -0.1106857806 0.0508737862 0.9986184239 0.0131582636 0.1098866463 -0.0186924413 0.9937683344
72.0 35.2 2108.3 0.9926888943 0.0480377339 -0.1107300818 -0.0374891870 0.9947278500 0.0954516903 0.1147315875 -0.0906026512 0.9892562032
-54.2 233.3 2075.1 0.2728183568 -0.8679614067 -0.4149856865 0.2922030687 0.4857282639 -0.8238236308 0.9166174531 0.1034941375 0.3861365616
-107.9 175.9 1895.0 -0.4910532832 -0.8679614067 -0.0742270872 -0.8705168962 0.4857282639 0.0791730881 -0.0326649882 0.1034941375 -0.9940935373
216.8 223.0 2106.4 0.7543215752 0.4618939757 0.4665329158 -0.4778350294 -0.1010296121 0.8726205826 0.4501918256 -0.8811622858 0.1445003003
369.3 126.4 2197.4 -0.6700661778 0.4618939757 0.5810897350 -0.6906505227 -0.1010296121 -0.7160969377 -0.2720535994 -0.8811622858 0.3867038488
-21.5 -157.6 2114.3 0.9894027114 0.0387364738 -0.1399348825 -0.0348294526 0.9989349842 0.0302630942 0.1409581304 -0.0250685308 0.9896981120
-36.5 -545.2 2124.1 0.9898685813 0.0367387533 -0.1371512711 -0.0238445811 0.9952391982 0.0945003927 0.1399701536 -0.0902726501 0.9860320687
156.4 -159.7 2133.7 0.9901322722 0.0773380920 -0.1168628857 -0.0831260458 0.9955003858 -0.0454864167 0.1128192097 0.0547519177 0.9921058416
126.4 -546.1 2112.5 0.9905449152 -0.0867579803 -0.1062722057 0.0954253897 0.9922662973 0.0793821961 0.0985632911 -0.0887726992 0.9911633134
16.3 395.9 1903.2 0 0 0 0 0 0 0 0 0
197.6 -50.6 2127.7 0 0 0 0 0 0 0 0 0
-50.3 -916.5 2157.7 0 0 0 0 0 0 0 0 0
158.8 -916.4 2145.6 0 0 0 0 0 0 0 0 0
70.0 444.3 2082.3 84 0.9922861457 -0.0429275148 -0.1162990183 0.0474378206 0.9982146025 0.0362945311 0.1145333424 -0.0415315330 0.9925508499
79.1 230.8 2091.2 0.9922861457 -0.0429275148 -0.1162990183 0.0474378206 0.9982146025 0.0362945311 0.1145333424 -0.0415315330 0.9925508499
71.8 37.6 2106.7 0.9924709201 0.0380634069 -0.1164157614 -0.0283290297 0.9960496426 0.0841579065 0.1191592142 -0.0802263319 0.9896286130
-56.4 234.7 2074.9 0.2687304318 -0.8513138890 -0.4506091475 0.3104169071 0.5194011927 -0.7961555719 0.9118252397 0.0740745366 0.4038411379
-108.5 174.5 1898.1 -0.5232419968 -0.8513138890 -0.0385023355 -0.8508749008 0.5194011927 0.0789574683 -0.0472194292 0.0740745366 -0.9961341619
214.7 226.9 2107.5 0.7540061474 0.4538127184 0.4748986661 -0.4919332266 -0.0889729634 0.8660748005 0.4352888763 -0.8866441250 0.1561593860
369.3 126.0 2196.7 -0.6687061787 0.4538127184 0.5889703631 -0.6916500330 -0.0889729634 -0.7167314887 -0.2728594244 -0.8866441250 0.3733763695
-26.2 -154.4 2115.5 0.9891831875 0.0222566575 -0.1449870318 -0.0200333409 0.9996585250 0.0167767778 0.1453109086 -0.0136907334 0.9892913103
