-8.7 512.7 2136.3 7 0.9778506160 -0.1697953343 0.1223836094 0.1588614434 0.9827946424 0.0942217410 -0.1362763643 -0.0726927519 0.9880002737
37.5 245.4 2156.1 0.9778506160 -0.1697953343 0.1223836094 0.1588614434 0.9827946424 0.0942217410 -0.1362763643 -0.0726927519 0.9880002737
14.5 51.0 2164.1 0.9853181243 0.1171430424 0.1242001876 -0.1212578118 0.9922783971 0.0260789804 -0.1201861948 -0.0407563373 0.9919143915
-103.0 262.6 2173.2 0.6104686260 0.0852347761 -0.7874408364 -0.7656481862 0.3180141449 -0.5591509938 0.2027582377 0.9442468286 0.2593975067
-273.0 475.9 2116.7 -0.9129402637 0.0852347761 -0.3990929127 -0.3546728790 0.3180141449 0.8792463541 0.2018595636 0.9442468286 -0.2600974441
177.9 228.1 2139.0 0.2117643505 0.9117935896 0.3518356085 -0.2575549185 0.3993392885 -0.8798826933 -0.9427732229 0.0957107991 0.3194027543
221.3 175.3 1945.9 -0.4091665149 0.9117935896 -0.0348595791 0.8636964560 0.3993392885 0.3075004518 0.2942977548 0.0957107991 -0.9509091973
-96.7 -131.8 2183.5 0.8009469509 0.0124417897 0.5986059904 -0.0317431055 0.9992603660 0.0217036884 -0.5978932381 -0.0363851190 0.8007495403
-101.6 -523.3 2197.8 0.8001281619 0.1128402501 0.5891197324 -0.0391221903 0.9898719788 -0.1364657134 -0.5985519290 0.0861424059 0.7964389920
81.5 -153.5 2161.9 0.9820570946 -0.0201862473 0.1875003427 0.0259633884 0.9992592335 -0.0284065381 -0.1867880225 0.0327649862 0.9818537235
89.4 -544.9 2149.1 0.9800224900 -0.0641523898 0.1882562190 0.0797751844 0.9938644171 -0.0766120329 -0.1821863055 0.0900996923 0.9791272879
-36.9 567.7 2064.5 0 0 0 0 0 0 0 0 0
108.0 414.4 2027.4 0 0 0 0 0 0 0 0 0
-144.1 -896.0 2165.3 0 0 0 0 0 0 0 0 0
113.5 -919.0 2115.2 0 0 0 0 0 0 0 0 0
28.1 476.2 2143.6 8 0.9913088083 -0.0436206348 0.1241133437 0.0363812000 0.9975345135 0.0600103736 -0.1264250427 -0.0549734198 0.9904517531
38.2 244.9 2156.3 0.9913088083 -0.0436206348 0.1241133437 0.0363812000 0.9975345135 0.0600103736 -0.1264250427 -0.0549734198 0.9904517531
13.8 50.7 2163.2 0.9846345186 0.1244845688 0.1224680692 -0.1277964264 0.9916079640 0.0195387919 -0.1190080270 -0.0348895490 0.9922801256
-102.1 263.1 2173.3 0.6300009489 0.0889109075 -0.7714879513 -0.7504501343 0.3252955973 -0.5753324032 0.1998082995 0.9414231777 0.2716597319
-276.6 471.0 2117.9 -0.8967666626 0.0889109075 -0.4334793687 -0.3851959705 0.3252955973 0.8636010885 0.2177924812 0.9414231777 -0.2574661374
178.5 226.7 2139.4 0.2030718923 0.9263436198 0.3172527850 -0.2401161492 0.3612227738 -0.9010340571 -0.9492660761 0.1067971736 0.2957842648
219.8 177.9 1946.5 -0.3765551746 0.9263436198 -0.0096813207 0.8807511330 0.3612227738 0.3062605858 0.2871996462 0.1067971736 -0.9518985152
-97.5 -132.4 2182.9 0.8018714786 0.0108883707 0.5973973870 -0.0327345170 0.9991328716 0.0257281773 -0.5965992212 -0.0401862040 0.8015325665
-101.8 -523.8 2198.7 0.8014641404 0.1078760698 0.5882329345 -0.0365289971 0.9905905724 -0.1318938881 -0.5969261527 0.0842206702 0.7978634238
80.7 -154.3 2161.2 0.9824687243 -0.0204930939 0.1852975786 0.0265022591 0.9991981387 -0.0300110690 -0.1845339686 0.0343957432 0.9822241068
88.7 -545.7 2147.7 0.9804199338 -0.0655928776 0.1856724918 0.0761153400 0.9958387613 -0.0501154661 -0.1816126555 0.0632667318 0.9813328385
-44.9 570.6 2061.6 0 0 0 0 0 0 0 0 0
116.3 419.9 2025.4 0 0 0 0 0 0 0 0 0
-142.4 -896.8 2167.0 0 0 0 0 0 0 0 0 0
113.4 -920.5 2123.9 0 0 0 0 0 0 0 0 0
46.4 458.2 2146.9 9 0.9917258620 0.0358314924 0.1232716367 -0.0408475362 0.9984269738 0.0384064689 -0.1217015684 -0.0431240313 0.9916294813
38.8 244.9 2156.1 0.9917258620 0.0358314924 0.1232716367 -0.0408475362 0.9984269738 0.0384064689 -0.1217015684 -0.0431240313 0.9916294813
13.9 50.7 2162.3 0.9844669104 0.1267672181 0.1214699671 -0.1296810061 0.9914208055 0.0163580477 -0.1183541939 -0.0318563059 0.9924603105
-101.5 263.4 2173.0 0.6385738254 0.0923206657 -0.7640028596 -0.7424630523 0.3350372910 -0.5800850391 0.2024156004 0.9376710057 0.2824907303
-278.6 469.2 2116.8 -0.8974673748 0.0923206657 -0.4313110411 -0.3799063861 0.3350372910 0.8622187376 0.2241058946 0.9376710057 -0.2656118274
179.1 226.4 2139.2 0.2105560303 0.9298310280 0.3017953932 -0.2170044035 0.3454704881 -0.9129946232 -0.9531921148 0.1267455965 0.2745183110
221.4 182.8 1947.8 -0.3678337634 0.9298310280 0.0106123099 0.8825064898 0.3454704881 0.3191120028 0.2930539846 0.1267455965 -0.9476575851
-99.6 -132.0 2180.8 0.8024429679 0.0008959354 0.5967281461 -0.0297336169 0.9988167286 0.0384842865 -0.5959875584 -0.0486243293 0.8015201092
-99.9 -523.2 2199.8 0.8015329838 0.1220748350 0.5853568316 -0.0372835696 0.9872368574 -0.1548333466 -0.5967870951 0.1022798344 0.7958542705
78.5 -155.1 2159.2 0.9825091958 -0.0291993842 0.1839105934 0.0336680077 0.9992077351 -0.0212215967 -0.1831452250 0.0270423163 0.9827138782
89.9 -546.5 2148.6 0.9812651873 -0.0529609174 0.1852397919 0.0680799261 0.9947633147 -0.0762303099 -0.1802325249 0.0874132589 0.9797322154
-46.5 567.5 2058.9 0 0 0 0 0 0 0 0 0
120.6 424.6 2028.1 0 0 0 0 0 0 0 0 0
-145.9 -894.9 2161.3 0 0 0 0 0 0 0 0 0
109.8 -920.9 2115.7 0 0 0 0 0 0 0 0 0
49.7 449.1 2147.2 0 0.9895011187 0.0691547319 0.1269060075 -0.0735001788 0.9968475103 0.0298787002 -0.1244396865 -0.0388926230 0.9914646149
35.5 244.6 2155.2 0.9895011187 0.0691547319 0.1269060075 -0.0735001788 0.9968475103 0.0298787002 -0.1244396865 -0.0388926230 0.9914646149
12.8 50.2 2161.7 0.9852470160 0.1159929112 0.1258330941 -0.1192137823 0.9926990271 0.0183494538 -0.1227859780 -0.0330797844 0.9918817282
-104.9 261.6 2172.7 0.6281552315 0.0879665688 -0.7730995417 -0.7497885227 0.3339617848 -0.5712150931 0.2079378814 0.9384729266 0.2757361829
-278.6 468.9 2115.2 -0.8983526826 0.0879665688 -0.4303769171 -0.3804497123 0.3339617848 0.8623963594 0.2195914984 0.9384729266 -0.2665486336
175.9 227.6 2137.7 0.2433822155 0.9340652823 0.2613181770 -0.2621352971 0.3227382600 -0.9094641805 -0.9338362813 0.1528466940 0.3234002292
226.1 173.6 1945.4 -0.3551993072 0.9340652823 0.0368176810 0.8838103414 0.3227382600 0.3387023509 0.3044876456 0.1528466940 -0.9401729703
-99.9 -131.7 2179.3 0.8000332713 0.0037920724 0.5999436378 -0.0396713056 0.9981258512 0.0465933718 -0.5986425877 -0.0610767975 0.7986843586
-101.4 -522.7 2203.2 0.8014734983 0.1063554436 0.5884970427 -0.0268962998 0.9894737005 -0.1421914399 -0.5974251628 0.0981342718 0.7958974838
78.1 -155.2 2157.9 0.9816224575 -0.0302220695 0.1884250343 0.0332235135 0.9993661046 -0.0127904126 -0.1879190505 0.0188154988 0.9820042849
89.9 -546.6 2150.5 0.9804098606 -0.0509922765 0.1902533621 0.0698305964 0.9931520820 -0.0936620235 -0.1841744781 0.1051126719 0.9772568941
-46.3 567.3 2058.4 0 0 0 0 0 0 0 0 0
129.9 412.9 2027.8 0 0 0 0 0 0 0 0 0
-141.4 -895.3 2166.2 0 0 0 0 0 0 0 0 0
109.1 -920.5 2110.9 0 0 0 0 0 0 0 0 0
50.6 444.7 2148.4 1 0.9880748391 0.0851582214 0.1282818764 -0.0889354646 0.9957482219 0.0239998586 -0.1256926656 -0.0351224653 0.9914473295
33.5 244.5 2155.5 0.9880748391 0.0851582214 0.1282818764 -0.0889354646 0.9957482219 0.0239998586 -0.1256926656 -0.0351224653 0.9914473295
12.2 49.9 2161.8 0.9858156443 0.1088992357 0.1277045757 -0.1120941117 0.9935330749 0.0180818643 -0.1249096170 -0.0321403146 0.9916474223
-107.0 260.4 2173.3 0.6036757827 0.0917876214 -0.7919284105 -0.7665418386 0.3397823870 -0.5449418426 0.2190643996 0.9360144138 0.2754774392
-267.3 464.0 2115.1 -0.8744205832 0.0917876214 -0.4764070511 -0.4222096801 0.3397823870 0.8404088020 0.2390138507 0.9360144138 -0.2583590746
174.0 228.5 2137.7 0.2644448578 0.9387503266 0.2209450603 -0.2831591368 0.2945821285 -0.9127115011 -0.9218946695 0.1787992567 0.3437164724
229.0 169.5 1945.8 -0.3375514448 0.9387503266 0.0693312287 0.8904799223 0.2945821285 0.3467950821 0.3051302731 0.1787992567 -0.9353749752
-99.0 -133.5 2179.2 0.7990871668 0.0013990541 0.6012135744 -0.0380931757 0.9981058240 0.0483078919 -0.6000072360 -0.0615043491 0.7976268530
-99.5 -524.4 2203.3 0.7997840643 0.1214394197 0.5878757238 -0.0325344838 0.9866529107 -0.1595541239 -0.5994054675 0.1084826067 0.7930602431
79.2 -155.0 2157.0 0.9812761545 -0.0271009058 0.1906900704 0.0312248487 0.9993382692 -0.0186544880 -0.1900583357 0.0242594723 0.9814730287
89.8 -546.5 2147.5 0.9786840081 -0.0741186291 0.1915309131 0.0859229416 0.9948335886 -0.0540680289 -0.1865339428 0.0693724081 0.9799962044
-41.3 573.1 2053.4 0 0 0 0 0 0 0 0 0
139.1 406.9 2027.1 0 0 0 0 0 0 0 0 0
-145.2 -895.9 2162.5 0 0 0 0 0 0 0 0 0
117.7 -920.8 2121.4 0 0 0 0 0 0 0 0 0
51.4 441.9 2148.7 2 0.9877392054 0.0938574821 0.1247477233 -0.0973399654 0.9950056672 0.0221068114 -0.1220498011 -0.0339787044 0.9919421673
32.7 243.8 2155.4 0.9877392054 0.0938574821 0.1247477233 -0.0973399654 0.9950056672 0.0221068114 -0.1220498011 -0.0339787044 0.9919421673
12.0 49.2 2161.8 0.9865673780 0.1058139056 0.1244518757 -0.1090125740 0.9938557148 0.0191599540 -0.1216598153 -0.0324694030 0.9920406342
-107.9 259.4 2172.8 0.6598412395 0.0970149189 -0.7451158762 -0.7276708484 0.3297643960 -0.6014569998 0.1873623729 0.9390652776 0.2881870568
-285.7 455.4 2122.3 -0.8723800182 0.0970149189 -0.4791046381 -0.4260108471 0.3297643960 0.8424786329 0.2397246361 0.9390652776 -0.2463504523
173.3 228.3 2138.1 0.2796790600 0.9362406731 0.2126805186 -0.2864709496 0.2928067148 -0.9122492075 -0.9163591266 0.1942102164 0.3500976562
232.1 168.1 1945.4 -0.3404808939 0.9362406731 0.0867533013 0.8925392032 0.2928067148 0.3429839611 0.2957136035 0.1942102164 -0.9353265762
-98.3 -134.6 2179.4 0.8011325598 0.0020533470 0.5984833837 -0.0390816480 0.9980392456 0.0488906801 -0.5972095132 -0.0625576302 0.7996420264
-99.1 -525.5 2203.9 0.8026199937 0.1185691059 0.5845874548 -0.0271955673 0.9862994552 -0.1627078056 -0.5958703756 0.1146943569 0.7948482037
79.9 -154.8 2156.8 0.9819428921 -0.0248136763 0.1875430942 0.0282702446 0.9994757771 -0.0157782324 -0.1870532632 0.0207952131 0.9821296334
89.7 -546.3 2148.7 0.9787144065 -0.0808224604 0.1886419803 0.0958579406 0.9927892685 -0.0719769821 -0.1814643741 0.0885277390 0.9794046879
-60.0 565.6 2060.3 0 0 0 0 0 0 0 0 0
142.8 402.2 2023.0 0 0 0 0 0 0 0 0 0
-143.7 -896.9 2160.7 0 0 0 0 0 0 0 0 0
120.1 -920.0 2115.3 0 0 0 0 0 0 0 0 0
29.3 443.1 2148.5 3 0.9921210408 -0.0169132259 0.1241359785 0.0125159360 0.9992691278 0.0361179896 -0.1246561259 -0.0342797376 0.9916076660
32.7 243.8 2155.3 0.9921210408 -0.0169132259 0.1241359785 0.0125159360 0.9992691278 0.0361179896 -0.1246561259 -0.0342797376 0.9916076660
12.1 49.1 2161.9 0.9868026972 0.1047975942 0.1234418824 -0.1081034839 0.9939308167 0.0203759875 -0.1205573305 -0.0334515758 0.9921426177
-108.0 259.2 2172.5 0.6474338770 0.0870163143 -0.7571377754 -0.7351689935 0.3331741393 -0.5903571844 0.2008880079 0.9388414025 0.2796798944
-277.6 451.8 2119.9 -0.8455517888 0.0870163143 -0.5267544985 -0.4736111462 0.3331741393 0.8152837157 0.2464439571 0.9388414025 -0.2405041009
173.3 228.4 2138.1 0.3188785613 0.9226248860 0.2169786990 -0.2878430784 0.3123878837 -0.9052956104 -0.9030297995 0.2262235433 0.3651849926
240.4 167.8 1948.0 -0.3672662079 0.9226248860 0.1178083941 0.8906992078 0.3123878837 0.3302555382 0.2679000497 0.2262235433 -0.9365108013
-97.9 -135.6 2179.2 0.8017677069 -0.0019917125 0.5976324677 -0.0367339626 0.9979394078 0.0526071079 -0.5965057611 -0.0641320869 0.8000424504
-97.1 -526.5 2204.3 0.8024677634 0.1340568811 0.5814415216 -0.0316808932 0.9826336503 -0.1828316450 -0.5958538055 0.1282959282 0.7927789092
80.4 -155.3 2157.2 0.9821722507 -0.0233450681 0.1865278333 0.0261132084 0.9995821118 -0.0123968394 -0.1861604750 0.0170466714 0.9823714495
89.6 -546.9 2150.5 0.9789280891 -0.0806385800 0.1876093596 0.0959041938 0.9926543236 -0.0737546831 -0.1802837700 0.0901930481 0.9794707894
-60.7 573.3 2056.6 0 0 0 0 0 0 0 0 0
145.1 399.0 2017.6 0 0 0 0 0 0 0 0 0
-147.6 -896.5 2156.0 0 0 0 0 0 0 0 0 0
119.9 -920.6 2116.5 0 0 0 0 0 0 0 0 0
20.4 446.3 2147.9 4 0.9912441373 -0.0695902184 0.1122151762 0.0652751625 0.9969962835 0.0416839235 -0.1147789136 -0.0339940786 0.9928092360
34.7 242.8 2154.8 0.9912441373 -0.0695902184 0.1122151762 0.0652751625 0.9969962835 0.0416839235 -0.1147789136 -0.0339940786 0.9928092360
13.8 48.1 2161.8 0.9880025387 0.1064601466 0.1118801609 -0.1097438335 0.9936798215 0.0235957019 -0.1086610556 -0.0355907716 0.9934415221
-106.2 258.4 2170.3 0.6341830492 0.0902527496 -0.7678973079 -0.7467855215 0.3287980556 -0.5781030655 0.2003077418 0.9400777817 0.2759175897
-270.4 451.8 2118.4 -0.8300228119 0.0902527496 -0.5503785610 -0.4968146086 0.3287980556 0.8031606674 0.2534508407 0.9400777817 -0.2280710042
175.5 227.1 2139.3 0.3318022192 0.9175367951 0.2191654444 -0.2630051672 0.3130901754 -0.9125803113 -0.9059445858 0.2451545298 0.3452009559
244.5 172.4 1950.8 -0.3727209568 0.9175367951 0.1385831833 0.8919869065 0.3130901754 0.3260888457 0.2558094859 0.2451545298 -0.9351260662
-97.6 -135.8 2179.3 0.8086268902 0.0008109197 0.5883212686 -0.0402305573 0.9977344871 0.0539202467 -0.5869446993 -0.0672698542 0.8068275452
-97.9 -526.6 2205.7 0.8098928332 0.1348151118 0.5708751678 -0.0312590562 0.9817666411 -0.1875024438 -0.5857443810 0.1340118647 0.7993399501
80.8 -155.4 2157.5 0.9843887687 -0.0161297321 0.1752673388 0.0201996118 0.9995656013 -0.0214617569 -0.1748450249 0.0246670432 0.9842869043
87.1 -546.9 2147.9 0.9795608521 -0.0980488807 0.1756330878 0.1079875380 0.9929961562 -0.0479306094 -0.1697034389 0.0659171343 0.9832881689
-58.0 578.8 2053.6 0 0 0 0 0 0 0 0 0
147.5 404.5 2017.4 0 0 0 0 0 0 0 0 0
-148.7 -896.4 2155.2 0 0 0 0 0 0 0 0 0
124.0 -920.7 2123.0 0 0 0 0 0 0 0 0 0
16.8 448.4 2148.1 5 0.9904848337 -0.0910891891 0.1031629294 0.0874462426 0.9953933358 0.0393105410 -0.1062684581 -0.0299152825 0.9938873649
35.7 242.4 2154.3 0.9904848337 -0.0910891891 0.1031629294 0.0874462426 0.9953933358 0.0393105410 -0.1062684581 -0.0299152825 0.9938873649
14.2 47.8 2161.6 0.9886354208 0.1094663590 0.1030392274 -0.1126839146 0.9932926297 0.0259239748 -0.0995103046 -0.0372402258 0.9943394065
-105.2 258.5 2168.5 0.6277551055 0.0883438364 -0.7733814716 -0.7530918121 0.3202666640 -0.5747016668 0.1969169527 0.9431991577 0.2675800622
-266.7 452.2 2117.8 -0.8197360039 0.0883438364 -0.5658871531 -0.5145670176 0.3202666640 0.7953929901 0.2515028715 0.9431991577 -0.2170752883
176.6 226.3 2140.1 0.3462633193 0.9106252789 0.2255289108 -0.2490456253 0.3210012317 -0.9137474895 -0.9044766426 0.2602302730 0.3379381895
248.2 174.8 1952.9 -0.3825873137 0.9106252789 0.1561682969 0.8929088116 0.3210012317 0.3157089055 0.2373622954 0.2602302730 -0.9359163046
-96.4 -136.6 2178.6 0.8137500286 -0.0000307146 0.5812149644 -0.0394106135 0.9976955056 0.0552309118 -0.5798772573 -0.0678501949 0.8118735552
-96.3 -527.4 2205.2 0.8132361770 0.1442764252 0.5637651682 -0.0429406166 0.9810155630 -0.1891151667 -0.5803472996 0.1295868754 0.8039926887
82.3 -156.4 2158.9 0.9859889746 -0.0134327821 0.1662688851 0.0154521680 0.9998216629 -0.0108575998 -0.1660933793 0.0132746883 0.9860206842
87.5 -548.0 2153.7 0.9824512005 -0.0834538490 0.1668083817 0.1004976407 0.9902482033 -0.0964819789 -0.1571299136 0.1115526855 0.9812574387
-57.0 583.8 2053.5 0 0 0 0 0 0 0 0 0
148.4 407.7 2014.8 0 0 0 0 0 0 0 0 0
-150.7 -896.9 2156.4 0 0 0 0 0 0 0 0 0
118.9 -920.5 2111.8 0 0 0 0 0 0 0 0 0
16.4 451.4 2143.2 6 0.9950990081 -0.0508355722 0.0848159790 0.0468126312 0.9977126122 0.0487654768 -0.0871009976 -0.0445560142 0.9952026010
26.8 247.7 2152.3 0.9950990081 -0.0508355722 0.0848159790 0.0468126312 0.9977126122 0.0487654768 -0.0871009976 -0.0445560142 0.9952026010
16.1 52.7 2161.1 0.9949046969 0.0545311607 0.0847998857 -0.0580895171 0.9975066781 0.0400747508 -0.0824031308 -0.0447965413 0.9955917597
-114.8 256.0 2164.0 0.6259903312 0.0990378857 -0.7735164165 -0.7647678852 0.2719779611 -0.5840873718 0.1525326371 0.9571935534 0.2459965646
-270.7 446.4 2126.1 -0.7892406583 0.0990378857 -0.6060451269 -0.5643790960 0.2719779611 0.7794255614 0.2420235723 0.9571935534 -0.1587611586
168.3 239.5 2140.5 0.4464389086 0.8857035041 0.1273642182 -0.3041485548 0.2840616405 -0.9092868567 -0.8415378332 0.3672033846 0.3962016106
262.3 175.4 1963.3 -0.3779651523 0.8857035041 0.2695768476 0.9004966021 0.2840616405 0.3292640746 0.2150539011 0.3672033846 -0.9049383998
-96.6 -136.5 2177.8 0.8255550265 0.0066855755 0.5642820597 -0.0527201593 0.9964704514 0.0653244480 -0.5618536472 -0.0836779624 0.8229936361
-99.2 -526.8 2210.6 0.8309587240 0.1299903989 0.5409344435 -0.0164069571 0.9776225090 -0.2097260505 -0.5560920835 0.1653985977 0.8144966960
82.2 -156.9 2159.9 0.9884915948 -0.0140513107 0.1506216377 0.0150346030 0.9998724461 -0.0053913938 -0.1505266577 0.0075938837 0.9885767698
87.7 -548.5 2156.9 0.9843817353 -0.0901096165 0.1512379348 0.1088280678 0.9867385030 -0.1204310134 -0.1383802891 0.1350090206 0.9811337590
-68.0 591.4 2063.9 0 0 0 0 0 0 0 0 0
162.8 412.5 2019.9 0 0 0 0 0 0 0 0 0
-148.1 -894.7 2148.4 0 0 0 0 0 0 0 0 0
121.6 -919.8 2106.1 0 0 0 0 0 0 0 0 0
15.9 453.2 2140.2 7 0.9963278174 -0.0212490130 0.0829421803 0.0168095995 0.9984070063 0.0538603067 -0.0839545280 -0.0522682965 0.9950978160
20.2 251.5 2150.8 0.9963278174 -0.0212490130 0.0829421803 0.0168095995 0.9984070063 0.0538603067 -0.0839545280 -0.0522682965 0.9950978160
13.8 56.2 2160.4 0.9960218072 0.0326916799 0.0828962922 -0.0365819521 0.9982781410 0.0458528474 -0.0812545493 -0.0487029478 0.9955027699
-121.6 256.7 2162.4 0.6273055673 0.1284787953 -0.7681021690 -0.7706941962 0.2441161722 -0.5885896683 0.1118848771 0.9611974359 0.2521532774
-274.8 445.0 2135.1 -0.7794899344 0.1284787953 -0.6130976081 -0.5743406415 0.2441161722 0.7813706994 0.2500565946 0.9611974359 -0.1164955124
162.0 246.3 2139.2 0.5049254298 0.8619980812 0.0448282771 -0.3261383176 0.2386090308 -0.9147127867 -0.7991771698 0.4472415447 0.4016103745
269.0 177.2 1969.9 -0.3604416847 0.8619980812 0.3564281762 0.9088807702 0.2386090308 0.3420548141 0.2098036259 0.4472415447 -0.8694581389
-84.4 -137.2 2177.5 0.8266301155 0.0389059372 0.5613991618 -0.0743545666 0.9964119792 0.0404300243 -0.5578118563 -0.0751632601 0.8265569806
-99.6 -527.3 2206.9 0.8334360719 0.1250612140 0.5382786989 -0.0281704348 0.9824042916 -0.1846300215 -0.5518973470 0.1387137771 0.8222942352
95.2 -147.6 2162.5 0.9885457754 0.0176067017 0.1498906910 -0.0150362151 0.9997200966 -0.0182652194 -0.1501703262 0.0158022158 0.9885338545
88.3 -539.0 2156.3 0.9853175879 -0.0857454464 0.1476379484 0.1025263220 0.9886212349 -0.1100748032 -0.1365195811 0.1235954165 0.9828970432
-73.4 593.4 2070.4 0 0 0 0 0 0 0 0 0
172.9 419.7 2025.8 0 0 0 0 0 0 0 0 0
-146.7 -897.0 2154.7 0 0 0 0 0 0 0 0 0
120.6 -911.2 2109.8 0 0 0 0 0 0 0 0 0
16.6 454.8 2138.8 8 0.9961710572 -0.0016613754 0.0874097869 -0.0032410119 0.9984303713 0.0559133030 -0.0873654783 -0.0559825115 0.9946020246
17.0 254.5 2150.0 0.9961710572 -0.0016613754 0.0874097869 -0.0032410119 0.9984303713 0.0559133030 -0.0873654783 -0.0559825115 0.9946020246
12.0 59.0 2159.8 0.9958563447 0.0254229978 0.0873141736 -0.0296860896 0.9984119534 0.0478783250 -0.0859583020 -0.0502719507 0.9950295687
-124.9 258.7 2162.2 0.6648170352 0.1054761410 -0.7395222187 -0.7423543334 0.2035969347 -0.6383246183 0.0832364261 0.9733566046 0.2136553824
-284.8 437.2 2142.2 -0.7616293430 0.1054761410 -0.6393712163 -0.6127979755 0.2035969347 0.7635620236 0.2107115835 0.9733566046 -0.0904298276
158.8 250.2 2137.7 0.5470362902 0.8370403051 0.0107135018 -0.3454400003 0.2373783588 -0.9079222083 -0.7625106573 0.4929655492 0.4190017879
275.5 176.5 1975.0 -0.3705879152 0.8370403051 0.4025271535 0.9088150859 0.2373783588 0.3430840075 0.1916239113 0.4929655492 -0.8486844301
-82.5 -135.9 2177.3 0.8240809441 0.0464817919 0.5645618439 -0.0791783556 0.9962958097 0.0335477106 -0.5609112382 -0.0723471120 0.8247087002
-100.7 -526.0 2205.6 0.8325207829 0.1141605601 0.5421037674 -0.0196335595 0.9840028286 -0.1770675182 -0.5536457896 0.1367689669 0.8214442134
97.4 -142.5 2162.6 0.9876583219 0.0263147671 0.1543973833 -0.0213870499 0.9992101789 -0.0334907547 -0.1551567465 0.0297753196 0.9874410629
87.1 -533.7 2150.9 0.9826655984 -0.1038416177 0.1535749733 0.1145037785 0.9914692640 -0.0622702204 -0.1457986385 0.0787757188 0.9861729741
-87.8 595.8 2087.7 0 0 0 0 0 0 0 0 0
176.1 420.3 2026.4 0 0 0 0 0 0 0 0 0
-143.7 -896.5 2154.2 0 0 0 0 0 0 0 0 0
126.1 -906.6 2121.3 0 0 0 0 0 0 0 0 0
16.4 454.7 2140.0 9 0.9954893589 0.0100022620 0.0943448022 -0.0150070582 0.9985087514 0.0524885319 -0.0936791077 -0.0536676124 0.9941549301
14.4 255.4 2150.7 0.9954893589 0.0100022620 0.0943448022 -0.0150070582 0.9985087514 0.0524885319 -0.0936791077 -0.0536676124 0.9941549301
10.2 59.9 2159.9 0.9953215122 0.0213985238 0.0942191333 -0.0256827772 0.9986793995 0.0444957949 -0.0931425616 -0.0467074290 0.9945566058
-127.4 259.1 2164.0 0.6840268373 0.0652177334 -0.7265355587 -0.7250146270 0.1705350280 -0.6672867537 0.0803808346 0.9831909537 0.1639343500
-291.0 432.5 2144.8 -0.7550081015 0.0652177334 -0.6524640918 -0.6358039975 0.1705350280 0.7527756095 0.1603623033 0.9831909537 -0.0872896314
156.2 251.8 2137.4 0.5756431818 0.8174505234 -0.0202378370 -0.3383612037 0.2155943960 -0.9159862399 -0.7444102168 0.5341289639 0.4006989896
278.7 179.7 1979.0 -0.3610243797 0.8174505234 0.4488162994 0.9143310785 0.2155943960 0.3428085446 0.1834667325 0.5341289639 -0.8252552748
-83.0 -133.7 2177.5 0.8203462362 0.0430021510 0.5702481270 -0.0741786957 0.9967458248 0.0315476656 -0.5670357943 -0.0681802705 0.8208665252
-99.8 -524.1 2204.2 0.8267821074 0.1155073494 0.5505355597 -0.0272833519 0.9857733846 -0.1658506542 -0.5618603230 0.1221018881 0.8181712031
97.0 -139.1 2161.9 0.9865520000 0.0243138745 0.1616289914 -0.0192152299 0.9992694855 -0.0330342278 -0.1623141170 0.0294842441 0.9862985611
87.5 -530.5 2150.4 0.9825187325 -0.0928699523 0.1613448262 0.1012167186 0.9938780665 -0.0442897156 -0.1562438905 0.0598462671 0.9859037995
-95.8 596.9 2103.3 0 0 0 0 0 0 0 0 0
181.3 426.5 2028.5 0 0 0 0 0 0 0 0 0
-143.3 -895.3 2158.2 0 0 0 0 0 0 0 0 0
122.4 -904.5 2127.9 0 0 0 0 0 0 0 0 0
17.6 455.8 2138.1 0 0.9957970977 0.0193506815 0.0895191431 -0.0246783085 0.9979649782 0.0587950833 -0.0881992429 -0.0607571527 0.9942482114
13.7 256.8 2150.3 0.9957970977 0.0193506815 0.0895191431 -0.0246783085 0.9979649782 0.0587950833 -0.0881992429 -0.0607571527 0.9942482114
9.4 61.3 2160.5 0.9957559109 0.0221195146 0.0893360898 -0.0266624261 0.9983941317 0.0499828719 -0.0880870298 -0.0521526560 0.9947465658
-128.2 260.6 2162.8 0.7031888962 0.0766037926 -0.7068643570 -0.7096151710 0.1377026737 -0.6910023689 0.0444037132 0.9875068665 0.1511902064
-296.0 429.9 2152.2 -0.7434891462 0.0766037926 -0.6643460989 -0.6520298123 0.1377026737 0.7455837131 0.1485967785 0.9875068665 -0.0524324887
155.6 253.0 2137.7 0.5903820395 0.8064267635 -0.0335393846 -0.3479887247 0.2168277204 -0.9120798111 -0.7282533050 0.5501468778 0.4086386263
281.4 178.8 1982.6 -0.3509623706 0.8064267635 0.4759214520 0.9242688417 0.2168277204 0.3141860962 0.1501751095 0.5501468778 -0.8214535117
-83.9 -133.4 2177.5 0.8235576153 0.0328449197 0.5662809014 -0.0656977296 0.9971266985 0.0377115346 -0.5634151697 -0.0682609901 0.8233491182
-96.8 -523.9 2204.2 0.8252651095 0.1354317516 0.5482661724 -0.0537237599 0.9852437973 -0.1625067443 -0.5621843934 0.1046562195 0.8203632236
96.0 -138.0 2160.6 0.9874399900 0.0201267079 0.1567071378 -0.0157000795 0.9994434118 -0.0294346530 -0.1572123319 0.0266046394 0.9872063994
88.1 -529.5 2150.2 0.9837566018 -0.0880172998 0.1564476192 0.0956187770 0.9945428967 -0.0417304188 -0.1519208699 0.0560119078 0.9868043065
-103.8 598.5 2113.8 0 0 0 0 0 0 0 0 0
186.2 429.5 2023.3 0 0 0 0 0 0 0 0 0
-147.8 -894.8 2164.8 0 0 0 0 0 0 0 0 0
121.2 -903.9 2129.1 0 0 0 0 0 0 0 0 0
20.7 455.8 2137.2 1 0.9958905578 0.0304722693 0.0852842182 -0.0358928964 0.9973827004 0.0627652258 -0.0831484050 -0.0655683950 0.9943777323
14.7 257.7 2150.2 0.9958905578 0.0304722693 0.0852842182 -0.0358928964 0.9973827004 0.0627652258 -0.0831484050 -0.0655683950 0.9943777323
9.1 62.2 2161.0 0.9959772229 0.0284098070 0.0849836767 -0.0329561010 0.9980727434 0.0525803566 -0.0833260939 -0.0551695712 0.9949939847
-127.3 262.4 2162.1 0.7414811850 0.0718984231 -0.6671103835 -0.6708937883 0.0947789252 -0.7354716063 0.0103487605 0.9928985834 0.1185130030
-300.3 418.9 2159.7 -0.7175228596 0.0718984231 -0.6928142309 -0.6865537763 0.0947789252 0.7208750844 0.1174939647 0.9928985834 -0.0186439175
156.6 253.0 2138.4 0.6086395979 0.7902578712 -0.0710655004 -0.3813480437 0.2128074169 -0.8996036053 -0.6957955956 0.5746350884 0.4308862984
291.5 168.5 1984.2 -0.3499123156 0.7902578712 0.5030446053 0.9265505672 0.2128074169 0.3101886809 0.1380774230 0.5746350884 -0.8066778183
-84.9 -131.9 2178.7 0.8262110353 0.0277433544 0.5626772046 -0.0593340993 0.9975169301 0.0379400812 -0.5602274537 -0.0647324622 0.8258056045
-95.8 -522.6 2204.0 0.8268415928 0.1373786926 0.5453990102 -0.0548751280 0.9847888350 -0.1648627371 -0.5597514510 0.1063865274 0.8218030334
95.1 -136.7 2162.7 0.9882004857 0.0190134477 0.1519813836 -0.0155465286 0.9995918274 -0.0239674095 -0.1523750573 0.0213218220 0.9880927205
87.6 -528.2 2154.4 0.9849826097 -0.0837812498 0.1509633809 0.0950817764 0.9930578470 -0.0692503750 -0.1441134810 0.0825642794 0.9861107469
-114.8 596.5 2129.3 0 0 0 0 0 0 0 0 0
197.0 418.7 2021.5 0 0 0 0 0 0 0 0 0
-147.5 -893.4 2164.0 0 0 0 0 0 0 0 0 0
119.1 -902.0 2123.3 0 0 0 0 0 0 0 0 0
22.2 458.2 2137.2 2 0.9951814413 0.0328481421 0.0923847184 -0.0385912582 0.9973864555 0.0610816292 -0.0901368484 -0.0643525422 0.9938481450
15.6 259.4 2150.1 0.9951814413 0.0328481421 0.0923847184 -0.0385912582 0.9973864555 0.0610816292 -0.0901368484 -0.0643525422 0.9938481450
9.9 63.9 2160.5 0.9953261614 0.0291750021 0.0920581818 -0.0339353420 0.9981435537 0.0505755506 -0.0904117301 -0.0534631945 0.9944683909
-126.2 264.3 2163.0 0.7658092380 0.0977668613 -0.6355925202 -0.6428238153 0.0891580209 -0.7608076930 -0.0177136064 0.9912075996 0.1311248988
-302.2 412.0 2167.0 -0.6843869090 0.0977668613 -0.7225345969 -0.7170701623 0.0891580209 0.6912750602 0.1320035458 0.9912075996 0.0090871165
157.5 254.6 2137.2 0.6266108155 0.7745435834 -0.0862620026 -0.4007048309 0.2252657861 -0.8880827427 -0.6684269309 0.5910478234 0.4515173137
295.8 166.2 1989.6 -0.3521986604 0.7745435834 0.5253934860 0.9297680259 0.2252657861 0.2911815643 0.1071796492 0.5910478234 -0.7994841933
-86.5 -130.3 2179.4 0.8222212195 0.0230612829 0.5687006712 -0.0572605729 0.9974610806 0.0423388369 -0.5662803650 -0.0673760176 0.8214541674
-95.5 -521.0 2205.8 0.8245609403 0.1325306892 0.5500316620 -0.0407635309 0.9835668802 -0.1758822054 -0.5643026829 0.1226043627 0.8164132833
93.6 -136.2 2164.3 0.9872195721 0.0126355048 0.1588642001 -0.0080887889 0.9995398521 -0.0292342771 -0.1591604948 0.0275756326 0.9868675470
88.6 -527.8 2153.5 0.9847779274 -0.0716992244 0.1583403647 0.0825952366 0.9945687056 -0.0633329153 -0.1529394537 0.0754470155 0.9853513241
-125.1 597.5 2132.9 0 0 0 0 0 0 0 0 0
200.6 417.5 2018.6 0 0 0 0 0 0 0 0 0
-145.4 -891.4 2159.6 0 0 0 0 0 0 0 0 0
115.6 -902.2 2125.1 0 0 0 0 0 0 0 0 0
22.3 460.3 2131.8 3 0.9948497415 0.0317943357 0.0962448418 -0.0393528007 0.9962011576 0.0776828080 -0.0934093446 -0.0810702220 0.9923216701
16.0 261.5 2147.9 0.9948497415 0.0317943357 0.0962448418 -0.0393528007 0.9962011576 0.0776828080 -0.0934093446 -0.0810702220 0.9923216701
10.5 66.2 2161.2 0.9950050116 0.0278756469 0.0958539620 -0.0341661908 0.9973246455 0.0646239370 -0.0937960818 -0.0675761104 0.9932954311
-125.8 266.4 2161.3 0.7985671163 0.1215199679 -0.5895112157 -0.5990190506 0.0646447912 -0.7981210351 -0.0588788204 0.9904816747 0.1244159788
-309.9 404.5 2174.9 -0.6535600424 0.1215199679 -0.7470556498 -0.7458244562 0.0646447912 0.6629984379 0.1288608015 0.9904816747 0.0483833179
157.8 256.6 2134.6 0.6480597854 0.7530854344 -0.1134940088 -0.4274351299 0.2363173962 -0.8726128936 -0.6303314567 0.6140166521 0.4750429690
300.8 162.3 1995.5 -0.3564398885 0.7530854344 0.5530036092 0.9309841990 0.2363173962 0.2782490551 0.0788609385 0.6140166521 -0.7853435874
-85.8 -128.5 2179.2 0.8202202320 0.0224968661 0.5716053247 -0.0581964739 0.9973236918 0.0442565270 -0.5690798759 -0.0695655122 0.8193343282
-94.6 -519.1 2206.4 0.8231731653 0.1345948726 0.5516068935 -0.0379315652 0.9823630452 -0.1830955893 -0.5665219426 0.1297960728 0.8137603402
94.2 -134.6 2162.8 0.9866325855 0.0119738700 0.1625198722 -0.0068707531 0.9994665980 -0.0319257863 -0.1628154665 0.0303823873 0.9861886501
89.5 -526.1 2150.9 0.9845191836 -0.0659729391 0.1623871177 0.0737410486 0.9963808656 -0.0422773622 -0.1590102613 0.0535974689 0.9858210087
-140.4 597.8 2141.5 0 0 0 0 0 0 0 0 0
203.7 415.9 2017.0 0 0 0 0 0 0 0 0 0
-145.3 -889.1 2157.6 0 0 0 0 0 0 0 0 0
114.3 -901.2 2130.8 0 0 0 0 0 0 0 0 0
23.0 460.2 2128.0 4 0.9943534136 0.0312394314 0.1014170498 -0.0403615646 0.9951975346 0.0891788378 -0.0981440991 -0.0927686319 0.9908388853
16.8 261.9 2146.5 0.9943534136 0.0312394314 0.1014170498 -0.0403615646 0.9951975346 0.0891788378 -0.0981440991 -0.0927686319 0.9908388853
11.3 66.7 2161.8 0.9945002198 0.0277248695 0.1009983048 -0.0354023054 0.9965523481 0.0750341117 -0.0985697880 -0.0781970099 0.9920530319
-125.0 267.0 2160.6 0.8086404800 0.1230515540 -0.5752902627 -0.5812348127 0.0159762073 -0.8135790229 -0.0909212083 0.9922716618 0.0844408572
-312.6 401.9 2181.7 -0.6284340024 0.1230515540 -0.7680683732 -0.7725954652 0.0159762073 0.6346976161 0.0903713480 0.9922716618 0.0850290731
158.5 256.9 2132.5 0.6793003082 0.7097066045 -0.1867287308 -0.4657748938 0.2203275412 -0.8570353389 -0.5671021342 0.6691579223 0.4802320898
309.6 153.2 2006.3 -0.3296493590 0.7097066045 0.6226136684 0.9432961345 0.2203275412 0.2482904941 0.0390344672 0.6691579223 -0.7420943379
-84.9 -126.0 2182.9 0.8175061941 0.0246336553 0.5753927231 -0.0538000800 0.9979825020 0.0337125249 -0.5734013915 -0.0585163720 0.8171821237
-94.5 -516.9 2205.8 0.8200153112 0.1299939603 0.5573835969 -0.0358540677 0.9836198688 -0.1766534746 -0.5712174773 0.1248740852 0.8112441301
95.0 -132.2 2165.9 0.9858297706 0.0081289737 0.1675518751 -0.0036497933 0.9996281266 -0.0270237252 -0.1677092463 0.0260292627 0.9854928255
91.8 -523.8 2155.7 0.9849749207 -0.0443682857 0.1669008583 0.0582246743 0.9951676726 -0.0790646747 -0.1625863612 0.0875944644 0.9827985168
-150.2 601.5 2158.3 0 0 0 0 0 0 0 0 0
219.6 410.9 2016.9 0 0 0 0 0 0 0 0 0
-143.5 -887.4 2158.8 0 0 0 0 0 0 0 0 0
108.5 -898.2 2122.8 0 0 0 0 0 0 0 0 0
24.4 460.0 2126.6 5 0.9944386482 0.0315378867 0.1004842520 -0.0407917090 0.9949774146 0.0914110243 -0.0970966518 -0.0950015858 0.9907305241
18.1 261.8 2145.6 0.9944386482 0.0315378867 0.1004842520 -0.0407917090 0.9949774146 0.0914110243 -0.0970966518 -0.0950015858 0.9907305241
12.6 66.6 2161.5 0.9945824742 0.0280728731 0.1000882760 -0.0359889530 0.9962891340 0.0781838000 -0.0975220203 -0.0813623145 0.9919020534
-123.6 266.9 2159.5 0.8470661044 0.1263386160 -0.5162534118 -0.5150319934 -0.0447121263 -0.8560039997 -0.1312291622 0.9909790158 0.0271943044
-319.9 386.2 2189.9 -0.6015066504 0.1263386160 -0.7888144851 -0.7978309393 -0.0447121263 0.6012209058 0.0406878479 0.9909790158 0.1276915073
159.9 256.6 2131.7 0.7068618536 0.6658496857 -0.2387267947 -0.4999597669 0.2315542102 -0.8345195651 -0.5003864169 0.7092438340 0.4965748787
317.5 145.2 2020.1 -0.3199321032 0.6658496857 0.6740086079 0.9473981857 0.2315542102 0.2209508866 -0.0089494428 0.7092438340 -0.7049064636
-84.0 -125.2 2186.0 0.8180696368 0.0295460075 0.5743597746 -0.0543684140 0.9981800318 0.0260897633 -0.5725436211 -0.0525702722 0.8181871176
-95.5 -516.2 2206.6 0.8211994171 0.1226702034 0.5573002100 -0.0310939569 0.9847891331 -0.1709490418 -0.5697935224 0.1230545938 0.8125225306
95.8 -131.6 2168.2 0.9858810306 0.0161789786 0.1666639745 -0.0129708070 0.9997093678 -0.0203199554 -0.1669442952 0.0178712904 0.9858043790
89.5 -523.2 2161.2 0.9842519760 -0.0642693043 0.1646739244 0.0823778361 0.9909902215 -0.1056044325 -0.1564031243 0.1175068542 0.9806784391
-165.1 591.5 2179.4 0 0 0 0 0 0 0 0 0
230.5 402.6 2017.7 0 0 0 0 0 0 0 0 0
-141.8 -887.1 2160.3 0 0 0 0 0 0 0 0 0
113.7 -896.0 2117.0 0 0 0 0 0 0 0 0 0
27.3 460.8 2126.5 6 0.9941585660 0.0379757360 0.1010277942 -0.0469645150 0.9950006008 0.0881370902 -0.0971756428 -0.0923669636 0.9909718633
19.8 262.6 2144.9 0.9941585660 0.0379757360 0.1010277942 -0.0469645150 0.9950006008 0.0881370902 -0.0971756428 -0.0923669636 0.9909718633
12.9 67.5 2160.5 0.9943190813 0.0348166600 0.1005851999 -0.0425735898 0.9961962104 0.0760301352 -0.0975554734 -0.0798804834 0.9920191765
-122.0 268.6 2158.8 0.8699651957 0.1464382112 -0.4708677530 -0.4638581276 -0.0809842646 -0.8822001815 -0.1673206985 0.9858992696 -0.0025269366
-319.7 374.0 2196.8 -0.5365780592 0.1464382112 -0.8310474157 -0.8437867165 -0.0809842646 0.5305331945 0.0103885662 0.9858992696 0.1670169979
161.5 256.5 2131.0 0.7328521013 0.6226369739 -0.2743192017 -0.5188413858 0.2505926490 -0.8173169494 -0.4401493669 0.7413005829 0.5066971779
324.9 140.8 2032.8 -0.2992119789 0.6226369739 0.7230459452 0.9515887499 0.2505926490 0.1779949069 -0.0703637823 0.7413005829 -0.6674746275
-82.8 -125.2 2186.3 0.8176341057 0.0377118774 0.5745017529 -0.0608337708 0.9979254603 0.0210723914 -0.5725151896 -0.0521786138 0.8182320595
-97.5 -516.1 2206.7 0.8224430680 0.1132212877 0.5574659705 -0.0239796825 0.9860215783 -0.1648830771 -0.5683417320 0.1222390905 0.8136616349
97.0 -131.7 2168.6 0.9858486652 0.0181364473 0.1666536033 -0.0158406608 0.9997605681 -0.0150948530 -0.1668874770 0.0122413384 0.9858999848
89.9 -523.4 2163.8 0.9842732549 -0.0655534118 0.1640392840 0.0849238038 0.9898443818 -0.1140004620 -0.1549002379 0.1261384487 0.9798443913
-182.3 590.0 2194.1 0 0 0 0 0 0 0 0 0
243.7 399.0 2013.7 0 0 0 0 0 0 0 0 0
-140.2 -887.5 2160.7 0 0 0 0 0 0 0 0 0
114.6 -896.0 2116.3 0 0 0 0 0 0 0 0 0
26.7 460.4 2127.4 7 0.9940951467 0.0340518691 0.1030304134 -0.0427353382 0.9956092238 0.0832825601 -0.0997421071 -0.0871938318 0.9911855459
19.9 261.9 2144.8 0.9940951467 0.0340518691 0.1030304134 -0.0427353382 0.9956092238 0.0832825601 -0.0997421071 -0.0871938318 0.9911855459
13.3 66.7 2159.5 0.9941436648 0.0338351242 0.1026331261 -0.0413121879 0.9965757728 0.0716238916 -0.0998582840 -0.0754444376 0.9921373129
-121.8 267.8 2159.0 0.8862603903 0.1929041594 -0.4211063087 -0.4112606943 -0.0905317143 -0.9070108533 -0.2130896449 0.9770322442 -0.0009007776
-323.5 361.4 2207.5 -0.4698362947 0.1929041594 -0.8614184856 -0.8826853633 -0.0905317143 0.4611622095 0.0109744119 0.9770322442 0.2128087580
161.6 256.0 2130.5 0.7577826381 0.5685151219 -0.3202436268 -0.5364267826 0.2633568048 -0.8018038869 -0.3714993000 0.7793803811 0.5045339465
334.1 133.9 2045.9 -0.2788032889 0.5685151219 0.7739892006 0.9529906511 0.2633568048 0.1498400569 -0.1186489835 0.7793803811 -0.6152143478
-83.8 -123.8 2185.0 0.8166136742 0.0342262536 0.5761689544 -0.0533540584 0.9984424710 0.0163089428 -0.5747133493 -0.0440590568 0.8171678782
-97.2 -514.9 2202.2 0.8181658983 0.1127970219 0.5638097525 -0.0403612182 0.9894167781 -0.1393751949 -0.5735638738 0.0912759900 0.8140596747
96.0 -131.5 2167.3 0.9855299592 0.0155582959 0.1687856466 -0.0126972683 0.9997570515 -0.0180168021 -0.1690249443 0.0156129813 0.9854881167
89.9 -523.1 2161.2 0.9838761091 -0.0642192066 0.1669243574 0.0817746148 0.9915693402 -0.1005143300 -0.1590621322 0.1125438213 0.9808328748
-202.3 588.9 2204.6 0 0 0 0 0 0 0 0 0
259.9 387.6 2014.4 0 0 0 0 0 0 0 0 0
-139.6 -887.4 2167.9 0 0 0 0 0 0 0 0 0
114.1 -896.5 2118.9 0 0 0 0 0 0 0 0 0
27.2 460.6 2126.8 8 0.9945093989 0.0353979766 0.0984788015 -0.0433066860 0.9959043860 0.0793663859 -0.0952660590 -0.0831954032 0.9919692278
20.2 261.9 2143.4 0.9945093989 0.0353979766 0.0984788015 -0.0433066860 0.9959043860 0.0793663859 -0.0952660590 -0.0831954032 0.9919692278
13.1 66.6 2157.7 0.9945254326 0.0359458886 0.0981174484 -0.0428580493 0.9966766238 0.0692740455 -0.0953012481 -0.0730999261 0.9927608371
-121.6 268.0 2157.0 0.9084364176 0.2666413188 -0.3219405115 -0.3122775853 -0.0791097805 -0.9466912746 -0.2778956592 0.9605436325 0.0113999005
-328.6 339.1 2220.3 -0.3887715042 0.2666413188 -0.8819065094 -0.9207753539 -0.0791097805 0.3819874823 0.0320862122 0.9605436325 0.2762723863
161.9 255.7 2129.8 0.7790520787 0.5053350925 -0.3710987270 -0.5518176556 0.2716918886 -0.7884674072 -0.2976157367 0.8190360069 0.4905149639
338.1 131.0 2062.5 -0.2400640845 0.5053350925 0.8288580775 0.9559353590 0.2716918886 0.1112256572 -0.1689877808 0.8190360069 -0.5482911468
-83.2 -124.7 2183.3 0.8193259239 0.0267288182 0.5727046728 -0.0494745858 0.9984826446 0.0241792146 -0.5711894035 -0.0481449813 0.8194051385
-93.7 -515.8 2202.2 0.8191453218 0.1324402988 0.5580864549 -0.0508245826 0.9859099984 -0.1593686491 -0.5713298321 0.1021815762 0.8143348098
96.5 -132.2 2165.3 0.9862993956 0.0136928437 0.1643957943 -0.0132029047 0.9999045730 -0.0040726047 -0.1644358784 0.0018463054 0.9863860607
91.1 -523.8 2164.6 0.9855065942 -0.0508716665 0.1618297547 0.0701879188 0.9907688498 -0.1159774065 -0.1544359177 0.1256549954 0.9799797535
-227.7 578.2 2212.0 0 0 0 0 0 0 0 0 0
274.7 383.3 2017.9 0 0 0 0 0 0 0 0 0
-143.6 -887.0 2163.7 0 0 0 0 0 0 0 0 0
110.3 -896.9 2117.2 0 0 0 0 0 0 0 0 0
27.8 461.1 2125.6 9 0.9945744276 0.0362717509 0.0974989235 -0.0443094075 0.9956814051 0.0815792903 -0.0941188484 -0.0854567960 0.9918864965
20.5 262.0 2142.6 0.9945744276 0.0362717509 0.0974989235 -0.0443094075 0.9956814051 0.0815792903 -0.0941188484 -0.0854567960 0.9918864965
13.3 66.9 2157.6 0.9945915341 0.0366847441 0.0971694663 -0.0438426249 0.9963982701 0.0725834072 -0.0941567868 -0.0764510110 0.9926176071
-121.2 268.3 2156.1 0.9174022675 0.3228415847 -0.2326936871 -0.2230948806 -0.0669837296 -0.9724925756 -0.3295477629 0.9440796971 0.0105732810
-334.1 320.0 2232.5 -0.3074029386 0.3228415847 -0.8951406479 -0.9508340359 -0.0669837296 0.3023704290 0.0376578905 0.9440796971 0.3275597692
162.3 255.8 2129.2 0.7985619307 0.4407302141 -0.4099459648 -0.5619613528 0.3019164801 -0.7700946927 -0.2156345695 0.8453420997 0.4887723625
342.1 129.2 2080.7 -0.1782717705 0.4407302141 0.8797590733 0.9524199367 0.3019164801 0.0417453758 -0.2472153157 0.8453420997 -0.4735834301
-83.8 -124.7 2180.7 0.8196974993 0.0304616913 0.5719860792 -0.0577104017 0.9978956580 0.0295592546 -0.5698820353 -0.0572391935 0.8197305202
-95.8 -515.6 2203.1 0.8216650486 0.1225699559 0.5566354990 -0.0426415391 0.9870862365 -0.1544099450 -0.5683733225 0.1031374559 0.8162809014
96.0 -132.4 2163.4 0.9865038991 0.0102755278 0.1634150743 -0.0104115093 0.9999458194 -0.0000243298 -0.1634064615 -0.0016773961 0.9865574241
92.0 -524.1 2164.1 0.9857437611 -0.0493234396 0.1608615071 0.0698582903 0.9897435904 -0.1246091500 -0.1530655026 0.1340702027 0.9790792465
-253.7 568.6 2222.7 0 0 0 0 0 0 0 0 0
295.1 380.4 2015.4 0 0 0 0 0 0 0 0 0
-141.9 -887.2 2164.3 0 0 0 0 0 0 0 0 0
110.5 -896.8 2113.6 0 0 0 0 0 0 0 0 0
27.8 461.8 2124.9 0 0.9943437576 0.0359030887 0.0999570489 -0.0440096445 0.9958137274 0.0801136941 -0.0966622755 -0.0840596333 0.9917612672
20.6 262.4 2141.7 0.9943437576 0.0359030887 0.0999570489 -0.0440096445 0.9958137274 0.0801136941 -0.0966622755 -0.0840596333 0.9917612672
13.4 67.3 2156.6 0.9943476319 0.0366233140 0.0996572599 -0.0439045615 0.9964466095 0.0718785524 -0.0966707096 -0.0758476779 0.9924222231
-121.1 268.7 2155.5 0.9140282273 0.3840523064 -0.1305993497 -0.1286419183 -0.0309045408 -0.9912094474 -0.3847123981 0.9227939844 0.0211576037
-328.3 297.9 2242.7 -0.1806608140 0.3840523064 -0.9054642320 -0.9826363325 -0.0309045408 0.1829502434 0.0422795080 0.9227939844 0.3829669654
162.3 256.2 2128.0 0.8079704046 0.3895744681 -0.4420582652 -0.5753030181 0.3594708741 -0.7347157001 -0.1273194253 0.8479459882 0.5145651698
343.4 127.3 2099.4 -0.1294141114 0.3895744681 0.9118573070 0.9329160452 0.3594708741 -0.0211745575 -0.3360351920 0.8479459882 -0.4099608958
-83.8 -124.3 2181.1 0.8183351755 0.0251759328 0.5741896033 -0.0548774824 0.9978983402 0.0344575271 -0.5721153617 -0.0597078875 0.8179969192
-93.6 -515.2 2204.5 0.8194961548 0.1360239834 0.5567077398 -0.0466856249 0.9840400815 -0.1717137247 -0.5711798668 0.1147284880 0.8127674460
