39.7 491.0 2055.6 3 0.9448778629 0.1485963017 -0.2917618454 -0.1424423754 0.9888967276 0.0423487425 0.2948151827 0.0015448602 0.9555530548
-0.8 221.2 2055.2 0.9448778629 0.1485963017 -0.2917618454 -0.1424423754 0.9888967276 0.0423487425 0.2948151827 0.0015448602 0.9555530548
20.3 34.5 2103.0 0.9511804581 -0.1096611321 -0.2884963453 0.1735252738 0.9630313516 0.2060571909 0.2552345693 -0.2460589707 0.9350455999
-130.6 197.5 2020.5 0.3517946899 -0.9020596147 -0.2500578165 0.6639679670 0.4287649989 -0.6126231551 0.6598386765 0.0494872108 0.7497759461
-173.1 117.3 1940.8 -0.4315485954 -0.9020596147 0.0073631657 -0.8940242529 0.4287649989 0.1299275607 -0.1203594804 0.0494872108 -0.9914961457
129.0 245.0 2090.0 0.5178800225 0.1008284912 0.8494904041 0.7404222488 0.4445299804 -0.5041507483 -0.4284566939 0.8900711536 0.1555575430
272.0 449.5 1971.7 -0.8885088563 0.1008284912 0.4476445913 0.4427609146 0.4445299804 0.7786885500 -0.1204774529 0.8900711536 -0.4396117330
-43.9 -172.9 2136.0 0.8558040261 0.0599170886 -0.5138185024 -0.1067579463 0.9923442006 -0.0620949008 0.5061642528 0.1079952717 0.8556487560
-67.2 -558.1 2094.1 0.8746172190 0.0565880425 -0.4815002382 0.0429861993 0.9802016020 0.1932795793 0.4829046130 -0.1897435188 0.8548687100
125.6 -140.0 2182.1 0.8372669816 0.1065260023 -0.5363172293 -0.2298087776 0.9585611820 -0.1683697701 0.4961571395 0.2642208636 0.8270522356
84.3 -511.9 2079.6 0.8615989089 -0.1324048638 -0.4900165796 0.1996223181 0.9759777784 0.0872830972 0.4666886032 -0.1730212718 0.8673323393
-52.6 366.8 1974.4 0 0 0 0 0 0 0 0 0
46.5 561.9 1941.1 0 0 0 0 0 0 0 0 0
-88.3 -923.7 2164.8 0 0 0 0 0 0 0 0 0
133.7 -876.0 2144.2 0 0 0 0 0 0 0 0 0
42.7 491.3 2054.8 4 0.9408476353 0.1684385836 -0.2939969003 -0.1590991914 0.9856966734 0.0555830933 0.2991541028 -0.0055205529 0.9541888237
-2.5 226.8 2056.3 0.9408476353 0.1684385836 -0.2939969003 -0.1590991914 0.9856966734 0.0555830933 0.2991541028 -0.0055205529 0.9541888237
17.5 39.6 2103.5 0.9517271519 -0.1033568904 -0.2890202999 0.1669083089 0.9644875526 0.2047079057 0.2575985193 -0.2430659682 0.9351801872
-132.4 203.9 2021.1 0.3784980178 -0.8963425159 -0.2308881432 0.6536016464 0.4354494512 -0.6190223694 0.6553961635 0.0833898857 0.7506676912
-176.6 127.5 1944.6 -0.4428936839 -0.8963425159 -0.0203783754 -0.8880598545 0.4354494512 0.1474228948 -0.1232676506 0.0833898857 -0.9888635874
127.5 249.6 2091.4 0.5203053951 0.1102209240 0.8468374014 0.7315509319 0.4540777206 -0.5085731745 -0.4405854046 0.8841180801 0.1556268781
270.2 450.2 1970.6 -0.8889201880 0.1102209240 0.4446034133 0.4429526627 0.4540777206 0.7730500698 -0.1166782230 0.8841180801 -0.4524615109
-43.7 -167.9 2127.9 0.8551374078 0.0610401966 -0.5147951841 -0.0985831693 0.9940701723 -0.0458899476 0.5089414120 0.0899923518 0.8560841084
-67.4 -553.7 2093.0 0.8729032874 0.0500177741 -0.4853226244 0.0510648526 0.9799015522 0.1928349733 0.4852135777 -0.1931092143 0.8528051376
126.6 -136.7 2173.5 0.8363543153 0.1161281765 -0.5357478261 -0.2243870497 0.9642030597 -0.1412902474 0.5001618862 0.2383835763 0.8324730396
81.5 -510.8 2081.0 0.8520939350 -0.1572736800 -0.4992002547 0.2179667503 0.9737716317 0.0652633905 0.4758428335 -0.1644196063 0.8640253544
-53.0 375.5 1979.0 0 0 0 0 0 0 0 0 0
44.5 562.7 1941.0 0 0 0 0 0 0 0 0 0
-86.0 -919.4 2165.0 0 0 0 0 0 0 0 0 0
140.2 -874.1 2142.4 0 0 0 0 0 0 0 0 0
36.8 493.1 2054.4 5 0.9529002905 0.1398230791 -0.2691292167 -0.1351730227 0.9901739955 0.0358294807 0.2714945376 0.0022370869 0.9624373913
-1.7 220.1 2053.8 0.9529002905 0.1398230791 -0.2691292167 -0.1351730227 0.9901739955 0.0358294807 0.2714945376 0.0022370869 0.9624373913
19.5 34.1 2104.5 0.9577165246 -0.1092645377 -0.2661584616 0.1720262319 0.9589781761 0.2253170907 0.2306209952 -0.2615761459 0.9372256398
-132.5 196.7 2022.3 0.4064640403 -0.8916432261 -0.1993974745 0.6640250683 0.4381891489 -0.6058555841 0.6275808215 0.1138535887 0.7701815963
-179.2 120.4 1950.2 -0.4486482441 -0.8916432261 -0.0607216395 -0.8889198303 0.4381891489 0.1334607154 -0.0923917815 0.1138535887 -0.9891921282
129.0 243.6 2085.2 0.5099136829 0.0918741524 0.8553053141 0.7542249560 0.4303995669 -0.4958839715 -0.4136819541 0.8979506493 0.1501728445
269.3 451.1 1971.5 -0.8911523819 0.0918741524 0.4443045855 0.4378983080 0.4303995669 0.7893043160 -0.1187118366 0.8979506493 -0.4237831235
-47.7 -162.5 2127.6 0.8671810031 0.0488819778 -0.4955881834 -0.0896439850 0.9942370653 -0.0587933548 0.4898581803 0.0954109803 0.8665654659
-66.7 -548.4 2090.6 0.8836541772 0.0598276220 -0.4643016160 0.0442794412 0.9766720533 0.2101213485 0.4660415053 -0.2062336206 0.8603911996
122.7 -132.6 2173.7 0.8483806849 0.1018279716 -0.5195009708 -0.2130426168 0.9640262723 -0.1589533240 0.4846267104 0.2455287725 0.8395549655
83.2 -506.6 2078.4 0.8701251149 -0.1382198036 -0.4730513096 0.2118810713 0.9715453982 0.1058579162 0.4449591637 -0.1923402548 0.8746522665
-54.0 368.5 1976.0 0 0 0 0 0 0 0 0 0
43.1 562.2 1941.3 0 0 0 0 0 0 0 0 0
-89.0 -912.9 2167.5 0 0 0 0 0 0 0 0 0
134.8 -869.0 2150.1 0 0 0 0 0 0 0 0 0
35.6 494.0 2055.7 6 0.9432711005 0.1367449164 -0.3025565445 -0.1345023662 0.9905079007 0.0283409152 0.3035601377 0.0139614046 0.9527099729
-2.7 216.5 2051.8 0.9432711005 0.1367449164 -0.3025565445 -0.1345023662 0.9905079007 0.0283409152 0.3035601377 0.0139614046 0.9527099729
23.9 32.8 2107.9 0.9430420995 -0.1380154043 -0.3026935458 0.2148112655 0.9473952651 0.2372727245 0.2540231347 -0.2887801528 0.9230808616
-131.4 187.2 2017.2 0.3687344790 -0.9095544815 -0.1916912943 0.6925351024 0.4063707590 -0.5960351825 0.6200242043 0.0870257914 0.7797412872
-173.4 108.4 1946.6 -0.4130816162 -0.9095544815 -0.0455439724 -0.9069804549 0.4063707590 0.1106761768 -0.0821582749 0.0870257914 -0.9928124547
125.9 245.9 2086.3 0.5195725560 0.0952585489 0.8490995765 0.7451630831 0.4357212484 -0.5048553944 -0.4180625081 0.8950266838 0.1554056555
269.0 451.1 1971.2 -0.8918546438 0.0952585489 0.4421776831 0.4367413819 0.4357212484 0.7870222330 -0.1176956147 0.8950266838 -0.4302033782
-45.1 -167.4 2134.6 0.8528853655 0.0540088899 -0.5192971826 -0.1066955924 0.9916743636 -0.0720972195 0.5110797882 0.1168973893 0.8515470624
-66.0 -552.3 2089.3 0.8744915128 0.0609989651 -0.4811898470 0.0526591130 0.9742569923 0.2192037553 0.4821738005 -0.2170308530 0.8487673402
126.4 -136.6 2175.9 0.8365269303 0.1053397134 -0.5377046466 -0.2206059843 0.9630424380 -0.1545387954 0.5015532970 0.2478967309 0.8288494945
85.6 -510.4 2079.7 0.8615914583 -0.1302835941 -0.4905979633 0.2074455321 0.9724796414 0.1060647666 0.4632780254 -0.1931568533 0.8649068475
-58.1 361.4 1969.5 0 0 0 0 0 0 0 0 0
42.6 561.9 1941.4 0 0 0 0 0 0 0 0 0
-88.8 -915.9 2170.3 0 0 0 0 0 0 0 0 0
134.2 -873.3 2151.7 0 0 0 0 0 0 0 0 0
33.0 494.0 2055.8 7 0.9388248324 0.1241876632 -0.3212247789 -0.1233681142 0.9920946360 0.0229897276 0.3215404451 0.0180455688 0.9467238784
-2.1 213.6 2050.7 0.9388248324 0.1241876632 -0.3212247789 -0.1233681142 0.9920946360 0.0229897276 0.3215404451 0.0180455688 0.9467238784
24.2 30.3 2108.6 0.9368033409 -0.1355867535 -0.3225146234 0.2201349437 0.9449311495 0.2421688884 0.2719192207 -0.2978613675 0.9150620699
-130.0 183.5 2013.6 0.3565506041 -0.9122222662 -0.2017974257 0.6973248124 0.4035882950 -0.5923298001 0.6217795014 0.0704772025 0.7800148726
-170.4 104.4 1943.1 -0.4086091816 -0.9122222662 -0.0298174508 -0.9087603092 0.4035882950 0.1061657146 -0.0848127529 0.0704772025 -0.9939013124
125.8 243.7 2087.8 0.5155416727 0.0924381986 0.8518638015 0.7480064034 0.4363984168 -0.5000427961 -0.4179750681 0.8949925303 0.1558372080
268.7 451.0 1971.9 -0.8897641301 0.0924381986 0.4469619095 0.4396775365 0.4363984168 0.7850096226 -0.1224886030 0.8949925303 -0.4289346635
-33.8 -170.1 2141.3 0.8395947218 0.0854927227 -0.5364435315 -0.1443132758 0.9871551991 -0.0685441643 0.5236930251 0.1349652410 0.8411480188
-66.9 -553.0 2088.9 0.8691385388 0.0513597801 -0.4918946624 0.0594824329 0.9765180945 0.2070610523 0.4909786284 -0.2092238367 0.8456745148
135.0 -131.6 2186.6 0.8840039968 0.1346864402 0.4476566911 0.0176961292 0.9472691417 -0.3199500144 -0.4671443105 0.2907588780 0.8350062966
82.7 -498.8 2073.9 0.8840039968 -0.1305929273 0.4488679767 0.0176961292 0.9688477516 0.2470241189 -0.4671443105 -0.2104270756 0.8587762713
-56.4 358.1 1966.8 0 0 0 0 0 0 0 0 0
42.8 562.6 1940.9 0 0 0 0 0 0 0 0 0
-86.1 -917.5 2167.0 0 0 0 0 0 0 0 0 0
131.5 -860.3 2152.5 0 0 0 0 0 0 0 0 0
33.3 494.9 2054.9 8 0.9332372546 0.1320502311 -0.3341122568 -0.1278632283 0.9911881089 0.0345988572 0.3357369006 0.0104317274 0.9418980479
-3.9 215.6 2052.0 0.9332372546 0.1320502311 -0.3341122568 -0.1278632283 0.9911881089 0.0345988572 0.3357369006 0.0104317274 0.9418980479
26.8 32.1 2107.0 0.9281969070 -0.1585438997 -0.3366219103 0.2406401187 0.9457974434 0.2180814445 0.2838006616 -0.2834272683 0.9160383344
-130.6 182.7 2013.2 0.3340563774 -0.9231238961 -0.1903906614 0.6956780553 0.3777661622 -0.6110030413 0.6359546781 0.0716588572 0.7683922648
-168.4 104.0 1941.2 -0.3835792243 -0.9231238961 -0.0266315490 -0.9176810384 0.3777661622 0.1231025755 -0.1035784334 0.0716588572 -0.9920365214
122.8 248.4 2090.7 0.5247964263 0.1101213619 0.8440746069 0.7333775759 0.4449098110 -0.5140161514 -0.4321412444 0.8887792230 0.1527265608
269.1 452.9 1970.2 -0.8945035934 0.1101213619 0.4332858324 0.4341860712 0.4449098110 0.7832864523 -0.1065165475 0.8887792230 -0.4457865953
-33.5 -172.8 2142.1 0.8374157548 0.0875543207 -0.5395082235 -0.1485886127 0.9863784313 -0.0705619380 0.5259813070 0.1392544657 0.8390184045
-67.4 -555.5 2088.0 0.8710629940 0.0471273959 -0.4889051616 0.0746344700 0.9711279273 0.2265839279 0.4854677618 -0.2338580489 0.8423962593
134.2 -133.3 2190.7 0.8803929687 0.1326477081 0.4553162158 0.0251236930 0.9456930757 -0.3240884840 -0.4735789895 0.2967644632 0.8292489648
82.8 -500.2 2075.6 0.8803929687 -0.1313465536 0.4556932449 0.0251236930 0.9724497199 0.2317550182 -0.4735789895 -0.1925867796 0.8594377637
-61.4 360.0 1970.1 0 0 0 0 0 0 0 0 0
42.0 563.1 1943.2 0 0 0 0 0 0 0 0 0
-85.0 -917.9 2175.3 0 0 0 0 0 0 0 0 0
131.8 -863.1 2147.4 0 0 0 0 0 0 0 0 0
31.9 494.5 2055.4 9 0.9397587180 0.1258923560 -0.3178122640 -0.1219254285 0.9920094013 0.0324276946 0.3193551302 0.0082751857 0.9475989938
-3.7 214.0 2053.1 0.9397587180 0.1258923560 -0.3178122640 -0.1219254285 0.9920094013 0.0324276946 0.3193551302 0.0082751857 0.9475989938
25.8 30.2 2108.0 0.9350039363 -0.1520492136 -0.3203883171 0.2305605114 0.9470664859 0.2233984619 0.2694614828 -0.2827473283 0.9205674529
-131.4 182.5 2016.3 0.3520936966 -0.9175032973 -0.1849804521 0.6928105354 0.3883683383 -0.6076048017 0.6293199062 0.0857774168 0.7723979950
-171.2 104.2 1945.1 -0.3956087232 -0.9175032973 -0.0410057381 -0.9133724570 0.3883683383 0.1221507564 -0.0961483866 0.0857774168 -0.9916641116
124.0 245.5 2089.9 0.5131384730 0.1297437251 0.8484429717 0.7390184999 0.4359400868 -0.5136223435 -0.4365095794 0.8905744553 0.1278146058
268.0 453.0 1967.3 -0.8959332108 0.1297437251 0.4248178899 0.4363516569 0.4359400868 0.7871171832 -0.0830716267 0.8905744553 -0.4471870959
-25.5 -172.9 2136.6 0.8433948159 0.1085440591 -0.5262160301 -0.1577862054 0.9862338901 -0.0494592339 0.5136036277 0.1247432977 0.8489113450
-67.6 -555.6 2088.2 0.8769876957 0.0448920615 -0.4784111977 0.0671670362 0.9743987918 0.2145590037 0.4757952988 -0.2202990651 0.8515204787
140.7 -129.8 2187.5 0.8394768834 0.1606041342 0.5191193223 0.0267437808 0.9419563413 -0.3346684873 -0.5427368879 0.2948296666 0.7864554524
78.4 -495.2 2073.1 0.8394768834 -0.1568871886 0.5202547312 0.0267437808 0.9681829214 0.2488102615 -0.5427368879 -0.1949568838 0.8169629574
-60.8 359.1 1971.9 0 0 0 0 0 0 0 0 0
40.7 563.7 1946.3 0 0 0 0 0 0 0 0 0
-84.4 -919.2 2170.4 0 0 0 0 0 0 0 0 0
136.9 -856.5 2145.8 0 0 0 0 0 0 0 0 0
30.7 493.2 2054.7 0 0.9440242648 0.1229937524 -0.3060894012 -0.1181125119 0.9924009442 0.0344933197 0.3080058694 0.0035904578 0.9513776898
-4.1 212.8 2053.7 0.9440242648 0.1229937524 -0.3060894012 -0.1181125119 0.9924009442 0.0344933197 0.3080058694 0.0035904578 0.9513776898
25.7 29.2 2109.1 0.9386023283 -0.1532131881 -0.3091138601 0.2296841294 0.9460614324 0.2285014540 0.2574312687 -0.2854705453 0.9231661558
-132.3 181.4 2018.5 0.3613214791 -0.9155049324 -0.1769109219 0.6949357986 0.3908973634 -0.6035424471 0.6217001081 0.0951311067 0.7774567604
-173.1 102.8 1948.2 -0.3988337517 -0.9155049324 -0.0527477637 -0.9128659368 0.3908973634 0.1177921146 -0.0872202963 0.0951311067 -0.9916363955
124.1 244.2 2088.8 0.4983559549 0.1221052110 0.8583307266 0.7501856685 0.4355350733 -0.4975245297 -0.4345834851 0.8918517232 0.1254499257
263.0 453.2 1967.8 -0.8918736577 0.1221052110 0.4354902208 0.4424198866 0.4355350733 0.7839475870 -0.0939471871 0.8918517232 -0.4424640238
-28.4 -174.2 2138.8 0.8503434658 0.0941553414 -0.5177362561 -0.1442281902 0.9878882766 -0.0572270788 0.5060773492 0.1233348250 0.8536241651
-65.0 -557.6 2090.9 0.8783416152 0.0605567880 -0.4741823077 0.0443712398 0.9773335457 0.2070032656 0.4759697318 -0.2028596401 0.8557457328
139.0 -132.9 2187.0 0.8843934536 0.1494508088 0.4421681762 0.0087376945 0.9418826103 -0.3358285129 -0.4666603804 0.3008680642 0.8316889405
81.0 -498.4 2070.3 0.8843934536 -0.1340439022 0.4470799565 0.0087376945 0.9624604583 0.2712812424 -0.4666603804 -0.2360128909 0.8523649573
-61.8 357.7 1972.6 0 0 0 0 0 0 0 0 0
36.6 565.5 1943.9 0 0 0 0 0 0 0 0 0
-87.6 -922.3 2166.6 0 0 0 0 0 0 0 0 0
131.0 -857.2 2158.3 0 0 0 0 0 0 0 0 0
30.0 491.5 2054.3 1 0.9371641874 0.1208794713 -0.3272787929 -0.1176343411 0.9926106334 0.0297714006 0.3284591436 0.0105985329 0.9444587231
-4.3 210.2 2051.3 0.9371641874 0.1208794713 -0.3272787929 -0.1176343411 0.9926106334 0.0297714006 0.3284591436 0.0105985329 0.9444587231
27.6 27.3 2108.1 0.9289498329 -0.1644063741 -0.3316967487 0.2474884093 0.9421288967 0.2261472642 0.2753210664 -0.2921705842 0.9158791900
-131.1 176.4 2013.7 0.3363862038 -0.9240823388 -0.1814281940 0.7035287619 0.3746623993 -0.6038835645 0.6260124445 0.0754981413 0.7761497498
-169.1 96.9 1943.0 -0.3805704117 -0.9240823388 -0.0351856947 -0.9202122092 0.3746623993 0.1133031771 -0.0915187001 0.0754981413 -0.9929372668
122.6 244.0 2088.9 0.5100277066 0.0972730443 0.8546401262 0.7483885884 0.4396015704 -0.4966538250 -0.4240121543 0.8929100633 0.1514109373
266.4 455.0 1969.4 -0.9030541182 0.0972730443 0.4183672667 0.4161175191 0.4396015704 0.7959878445 -0.1064867526 0.8929100633 -0.4374610484
-28.7 -175.0 2141.5 0.8400682211 0.0968081281 -0.5337729454 -0.1544577926 0.9859060645 -0.0642808080 0.5200271010 0.1364456564 0.8431811333
-66.2 -557.7 2088.5 0.8735453486 0.0547580197 -0.4836528897 0.0612956546 0.9733659625 0.2209107429 0.4828678966 -0.2226213664 0.8469228745
139.5 -133.9 2187.6 0.8728818297 0.1496865600 0.4644041657 0.0153847821 0.9428646564 -0.3328205943 -0.4876890182 0.2976578176 0.8207065463
81.4 -499.8 2072.1 0.8728818297 -0.1358814389 0.4686293900 0.0153847821 0.9676277637 0.2519124150 -0.4876890182 -0.2126799971 0.8467152119
-62.9 353.7 1968.5 0 0 0 0 0 0 0 0 0
37.3 560.6 1942.4 0 0 0 0 0 0 0 0 0
-86.7 -920.9 2171.6 0 0 0 0 0 0 0 0 0
132.0 -860.7 2151.4 0 0 0 0 0 0 0 0 0
23.7 495.0 2053.7 2 0.9462321997 0.1095925495 -0.3043585718 -0.1062960178 0.9939560294 0.0274329856 0.3055255115 0.0063941302 0.9521624446
-7.5 211.5 2051.8 0.9462321997 0.1095925495 -0.3043585718 -0.1062960178 0.9939560294 0.0274329856 0.3055255115 0.0063941302 0.9521624446
25.8 27.7 2104.2 0.9350060225 -0.1719370186 -0.3101635575 0.2432692051 0.9473524690 0.2081908584 0.2580384910 -0.2701129615 0.9276071787
-135.2 178.3 2016.6 0.3507730961 -0.9222400188 -0.1625778377 0.6918669343 0.3722168207 -0.6186879277 0.6310930252 0.1045368612 0.7686310410
-174.9 100.1 1945.3 -0.3821306527 -0.9222400188 -0.0587322675 -0.9186584353 0.3722168207 0.1323682517 -0.1002141610 0.1045368612 -0.9894590378
120.2 244.8 2087.1 0.5197389722 0.0774706751 0.8508053422 0.7495275736 0.4365561306 -0.4976214767 -0.4099753499 0.8963353038 0.1688288450
268.4 458.5 1970.2 -0.9123688340 0.0774706751 0.4019718766 0.3935199976 0.4365561306 0.8090493083 -0.1128057018 0.8963353038 -0.4287864864
-23.7 -177.7 2140.2 0.8525487781 0.1061258763 -0.5117595792 -0.1601778865 0.9851038456 -0.0625575855 0.4974973798 0.1353059560 0.8568481207
-64.9 -560.1 2087.6 0.8871057630 0.0692474768 -0.4563421905 0.0455686860 0.9707123637 0.2358835489 0.4593113363 -0.2300485671 0.8579689860
142.7 -133.3 2189.5 0.8457980752 0.1601110101 0.5089106560 0.0238751937 0.9415885806 -0.3359180987 -0.5329686403 0.2962692380 0.7925711274
80.6 -498.8 2074.5 0.8457980752 -0.1496407688 0.5120871067 0.0238751937 0.9695128202 0.2438746393 -0.5329686403 -0.1940425187 0.8235847950
-68.2 356.5 1973.3 0 0 0 0 0 0 0 0 0
36.9 558.3 1941.5 0 0 0 0 0 0 0 0 0
-90.7 -922.3 2173.5 0 0 0 0 0 0 0 0 0
136.4 -860.5 2146.8 0 0 0 0 0 0 0 0 0
23.1 495.0 2054.8 3 0.9672680497 0.1042023003 -0.2313749939 -0.1009233147 0.9945545197 0.0259966254 0.2328239530 -0.0017945736 0.9725172520
-6.7 209.9 2055.3 0.9672680497 0.1042023003 -0.2313749939 -0.1009233147 0.9945545197 0.0259966254 0.2328239530 -0.0017945736 0.9725172520
23.5 24.5 2103.8 0.9589465857 -0.1567928344 -0.2362995744 0.2076679170 0.9556947947 0.2086179554 0.1931204796 -0.2491253018 0.9490211010
-137.3 181.6 2029.1 0.4187829196 -0.8988962770 -0.1288657188 0.6729080081 0.4024748504 -0.6206519008 0.6097669005 0.1732036620 0.7734240890
-184.5 105.7 1960.3 -0.4200711846 -0.8988962770 -0.1246021688 -0.9040068984 0.4024748504 0.1441718340 -0.0794462860 0.1732036620 -0.9816765189
123.9 238.3 2081.6 0.5103201270 0.0562187582 0.8581449986 0.7693145275 0.4161327779 -0.4847562909 -0.3843546510 0.9075642824 0.1691110432
270.3 459.0 1971.3 -0.9160353541 0.0562187582 0.3971381485 0.3830692768 0.4161327779 0.8246765733 -0.1188999116 0.9075642824 -0.4027280211
-24.6 -178.0 2133.6 0.8857614994 0.1073770523 -0.4515493214 -0.1460556388 0.9879309535 -0.0515765212 0.4405614138 0.1116358191 0.8907542229
-66.3 -561.4 2090.2 0.9132796526 0.0597331747 -0.4029296041 0.0374890938 0.9726647735 0.2291675359 0.4056043327 -0.2243995070 0.8860756159
142.8 -134.4 2179.8 0.8558157682 0.1536097676 0.4939467907 0.0085008657 0.9505856633 -0.3103460371 -0.5172109008 0.2697979808 0.8122203350
83.2 -503.2 2075.1 0.8558157682 -0.1330742687 0.4998705983 0.0085008657 0.9698305726 0.2436316907 -0.5172109008 -0.2042545080 0.8311275244
-67.4 357.8 1982.5 0 0 0 0 0 0 0 0 0
37.8 556.2 1941.1 0 0 0 0 0 0 0 0 0
-88.6 -924.4 2174.0 0 0 0 0 0 0 0 0 0
132.9 -865.1 2151.3 0 0 0 0 0 0 0 0 0
23.2 493.0 2054.9 4 0.9763747454 0.1098285690 -0.1860915124 -0.1052417159 0.9938521385 0.0343809687 0.1887234747 -0.0139841167 0.9819306731
-8.2 209.0 2058.9 0.9763747454 0.1098285690 -0.1860915124 -0.1052417159 0.9938521385 0.0343809687 0.1887234747 -0.0139841167 0.9819306731
23.9 22.9 2103.3 0.9674323797 -0.1663634330 -0.1907821149 0.2036707252 0.9591343999 0.1964164823 0.1503091604 -0.2288763970 0.9617810249
-140.1 181.1 2038.4 0.4485631585 -0.8888388276 -0.0935768485 0.6641553044 0.4015624821 -0.6305912733 0.5980709195 0.2207104564 0.7704531550
-190.7 106.2 1971.0 -0.4254230857 -0.8888388276 -0.1702372730 -0.9021337628 0.4015624821 0.1578044444 -0.0719018057 0.2207104564 -0.9726854563
123.6 236.9 2079.3 0.4931230843 0.0683039874 0.8672739863 0.7809002995 0.4046391547 -0.4758801162 -0.3834375441 0.9119219780 0.1461983174
265.5 461.6 1969.0 -0.9191726446 0.0683039874 0.3878868818 0.3809041679 0.4046391547 0.8313718438 -0.1001682058 0.9119219780 -0.3979505301
-31.9 -179.5 2135.0 0.9084025025 0.0842289925 -0.4095246196 -0.1220087633 0.9902673960 -0.0669650510 0.3998984993 0.1107968166 0.9098380208
-64.6 -563.8 2092.0 0.9268648624 0.0685917735 -0.3690753877 0.0135045312 0.9764363766 0.2153825015 0.3751521111 -0.2046146691 0.9040982723
139.4 -142.3 2169.5 0.8297571540 0.1428891867 0.5395236015 0.0097772982 0.9628026485 -0.2700287402 -0.5580388904 0.2293333709 0.7974953055
84.0 -515.7 2080.5 0.8289287090 -0.1341709793 0.5430243015 0.0159242824 0.9760727286 0.2168605328 -0.5591275692 -0.1711146384 0.8112312555
-71.9 358.0 1991.0 0 0 0 0 0 0 0 0 0
32.3 558.3 1943.5 0 0 0 0 0 0 0 0 0
-90.2 -928.2 2168.4 0 0 0 0 0 0 0 0 0
134.0 -879.7 2144.3 0 0 0 0 0 0 0 0 0
22.2 491.3 2054.4 5 0.9841579199 0.1125251129 -0.1370083243 -0.1064837873 0.9930222034 0.0506763309 0.1417546719 -0.0352843441 0.9892727733
-9.6 210.5 2064.4 0.9841579199 0.1125251129 -0.1370083243 -0.1064837873 0.9930222034 0.0506763309 0.1417546719 -0.0352843441 0.9892727733
23.8 23.0 2101.2 0.9747287035 -0.1735794693 -0.1406206638 0.1961178929 0.9663235545 0.1666028351 0.1069662347 -0.1899707913 0.9759453535
-142.5 183.5 2049.9 0.4817080200 -0.8744710088 -0.0570776127 0.6437922120 0.3973219097 -0.6539624333 0.5945493579 0.2782728076 0.7543708086
-196.8 110.9 1982.8 -0.4329549968 -0.8744710088 -0.2187474072 -0.8980014324 0.3973219097 0.1890204102 -0.0783797354 0.2782728076 -0.9572987556
123.2 237.4 2078.9 0.4818311632 0.0906599984 0.8715615273 0.7825573087 0.4030007720 -0.4745465815 -0.3942623734 0.9106981754 0.1232316941
260.8 460.7 1966.4 -0.9167835712 0.0906599984 0.3889584541 0.3909325600 0.4030007720 0.8275035620 -0.0817290917 0.9106981754 -0.4049064219
-30.5 -181.5 2134.3 0.9278808236 0.0984927565 -0.3596336246 -0.1287127584 0.9898033738 -0.0610110834 0.3499574065 0.1029004455 0.9310968518
-68.7 -565.6 2094.4 0.9449992776 0.0369741060 -0.3249757290 0.0237911232 0.9831870794 0.1810444742 0.3262059093 -0.1788184345 0.9282314777
142.4 -144.9 2161.2 0.7974165678 0.1476445347 0.5850879550 0.0071673067 0.9672191143 -0.2538420856 -0.6033866405 0.2066113949 0.7702183723
85.1 -520.1 2081.0 0.7975711226 -0.1368918717 0.5874869227 0.0060693743 0.9756820798 0.2191064656 -0.6031943560 -0.1711873263 0.7790067196
-76.0 361.6 2004.7 0 0 0 0 0 0 0 0 0
28.1 559.9 1945.7 0 0 0 0 0 0 0 0 0
-82.5 -932.3 2161.1 0 0 0 0 0 0 0 0 0
136.2 -884.2 2144.9 0 0 0 0 0 0 0 0 0
21.8 490.7 2054.2 6 0.9882034063 0.1128863618 -0.1034924909 -0.1080773026 0.9928349257 0.0509714521 0.1085049361 -0.0391849764 0.9933233261
-9.5 215.4 2065.1 0.9882034063 0.1128863618 -0.1034924909 -0.1080773026 0.9928349257 0.0509714521 0.1085049361 -0.0391849764 0.9933233261
22.7 27.2 2099.3 0.9802423716 -0.1666919589 -0.1064831316 0.1823586076 0.9701138139 0.1600767523 0.0766172484 -0.1763321310 0.9813444018
-143.1 190.4 2054.7 0.5093570352 -0.8595571518 -0.0414361693 0.6320108771 0.4063285887 -0.6598933935 0.5840528011 0.3099332154 0.7502158284
-200.6 119.1 1988.7 -0.4472476244 -0.8595571518 -0.2472470403 -0.8915438652 0.4063285887 0.2001165450 -0.0715480596 0.3099332154 -0.9480623603
124.2 240.4 2075.5 0.4785503447 0.0920978636 0.8732168078 0.7850705385 0.4005253315 -0.4724866748 -0.3932604790 0.9116454720 0.1193682104
258.2 460.2 1965.4 -0.9118709564 0.0920978636 0.4000116885 0.4017128348 0.4005253315 0.8235327601 -0.0843691975 0.9116454720 -0.4022243321
-29.9 -182.1 2128.5 0.9380600452 0.1091453284 -0.3288322985 -0.1344088465 0.9893968105 -0.0550296865 0.3193393946 0.0958191231 0.9427836537
-72.3 -566.1 2091.3 0.9564521313 -0.0169178192 -0.2913985550 0.0759661645 0.9783437848 0.1925423145 0.2818305790 -0.2062939405 0.9370241761
144.3 -146.8 2147.6 0.7749285102 0.1480634660 0.6144616008 -0.0130344527 0.9757110476 -0.2186733633 -0.6319144964 0.1614470482 0.7580361962
86.9 -525.0 2085.0 0.7729141712 -0.1269983351 0.6216712594 0.0033521494 0.9805685282 0.1961481422 -0.6345017552 -0.1495217383 0.7583210468
-75.8 367.9 2008.7 0 0 0 0 0 0 0 0 0
26.8 562.2 1944.0 0 0 0 0 0 0 0 0 0
-66.0 -930.5 2168.2 0 0 0 0 0 0 0 0 0
134.3 -890.9 2140.8 0 0 0 0 0 0 0 0 0
20.9 488.9 2054.1 7 0.9915050268 0.1065640822 -0.0745780766 -0.1037708521 0.9937809110 0.0403875411 0.0784181282 -0.0323054194 0.9963969588
-8.5 214.6 2063.0 0.9915050268 0.1065640822 -0.0745780766 -0.1037708521 0.9937809110 0.0403875411 0.0784181282 -0.0323054194 0.9963969588
23.3 26.3 2097.6 0.9833279848 -0.1641224474 -0.0782936588 0.1752463430 0.9702281356 0.1671706885 0.0485262498 -0.1781042814 0.9828143716
-142.7 190.6 2056.4 0.5298663378 -0.8476852775 -0.0259105377 0.6315628290 0.4147957563 -0.6550365090 0.5660123825 0.3307176828 0.7551528215
-202.5 119.3 1992.5 -0.4556810856 -0.8476852775 -0.2716329396 -0.8885298371 0.4147957563 0.1961102188 -0.0535675623 0.3307176828 -0.9422082305
125.7 238.5 2069.6 0.4719674885 0.0834860057 0.8776541352 0.7956117392 0.3885310590 -0.4648070037 -0.3798007667 0.9176457524 0.1169515699
257.1 460.0 1963.9 -0.9115601182 0.0834860057 0.4026018083 0.4018146396 0.3885310590 0.8292096257 -0.0871959031 0.9176457524 -0.3877153099
-32.8 -177.4 2126.7 0.9478226304 0.0957905874 -0.3040664196 -0.1175606251 0.9915925264 -0.0540717319 0.2963304222 0.0869966522 0.9511150718
-70.0 -562.3 2092.9 0.9617165923 0.0159024633 -0.2735841870 0.0341534615 0.9835767150 0.1772297025 0.2719094455 -0.1797885895 0.9453789592
142.5 -144.7 2140.3 0.7585321665 0.1400947869 0.6363979578 -0.0142073575 0.9799396992 -0.1987871081 -0.6514806747 0.1417448819 0.7453061938
88.2 -524.7 2085.4 0.7586067915 -0.1085871160 0.6424364448 -0.0148811592 0.9828696251 0.1837005466 -0.6513787508 -0.1489166766 0.7439956665
-75.3 367.3 2007.4 0 0 0 0 0 0 0 0 0
25.7 562.0 1941.7 0 0 0 0 0 0 0 0 0
-75.9 -928.7 2159.9 0 0 0 0 0 0 0 0 0
128.7 -891.5 2140.9 0 0 0 0 0 0 0 0 0
20.7 489.4 2053.0 8 0.9913141727 0.1086534187 -0.0740990713 -0.1064583287 0.9937704802 0.0329681858 0.0772195756 -0.0247933641 0.9967057705
-9.3 214.6 2059.9 0.9913141727 0.1086534187 -0.0740990713 -0.1064583287 0.9937704802 0.0329681858 0.0772195756 -0.0247933641 0.9967057705
21.9 25.9 2092.8 0.9839113951 -0.1609945744 -0.0774540901 0.1716025621 0.9722526670 0.1589884311 0.0497086719 -0.1697218418 0.9842375517
-143.6 191.2 2053.1 0.5321007371 -0.8462143540 -0.0281083770 0.6247345209 0.4148081839 -0.6615443826 0.5714679360 0.3344480097 0.7493790388
-203.8 120.6 1988.5 -0.4587349296 -0.8462143540 -0.2710784972 -0.8864613771 0.4148081839 0.2052326351 -0.0612252206 0.3344480097 -0.9404233098
125.0 238.1 2066.7 0.4731073976 0.0795667619 0.8774043918 0.7982719541 0.3826347291 -0.4651371241 -0.3727348447 0.9204671383 0.1175114065
256.5 459.9 1963.1 -0.9113658071 0.0795667619 0.4038335085 0.4020070732 0.3826347291 0.8318539262 -0.0883327946 0.9204671383 -0.3807066083
-32.9 -177.7 2127.8 0.9481455684 0.0930384696 -0.3039140999 -0.1167485490 0.9913012385 -0.0607588664 0.2956175208 0.0930897817 0.9507600069
-69.1 -562.5 2091.7 0.9621066451 0.0292819627 -0.2710966468 0.0232190918 0.9818080068 0.1884512752 0.2716830671 -0.1876048446 0.9439241290
143.0 -146.3 2136.5 0.7575742006 0.1413356066 0.6372640729 -0.0160144363 0.9800078869 -0.1983131915 -0.6525525451 0.1400315315 0.7446920872
88.2 -526.6 2082.1 0.7608038783 -0.1132850721 0.6390179396 -0.0415538698 0.9741230011 0.2221658081 -0.6476501226 -0.1955782920 0.7364091277
-75.7 368.1 2005.6 0 0 0 0 0 0 0 0 0
25.2 562.0 1940.7 0 0 0 0 0 0 0 0 0
-80.0 -928.6 2161.7 0 0 0 0 0 0 0 0 0
130.4 -889.8 2155.1 0 0 0 0 0 0 0 0 0
19.7 488.6 2053.0 9 0.9929100871 0.0977162942 -0.0676835552 -0.0949437767 0.9945516586 0.0430424772 0.0715207458 -0.0363111794 0.9967779517
-6.4 222.4 2062.7 0.9929100871 0.0977162942 -0.0676835552 -0.0949437767 0.9945516586 0.0430424772 0.0715207458 -0.0363111794 0.9967779517
19.1 32.9 2095.6 0.9888545275 -0.1315570027 -0.0697098300 0.1413051039 0.9767734408 0.1610791385 0.0468996242 -0.1691341996 0.9844765067
-141.4 203.1 2056.3 0.5525879860 -0.8321514726 -0.0465876572 0.6077817678 0.4405833483 -0.6606721282 0.5703050494 0.3367643654 0.7492275834
-203.9 134.5 1991.9 -0.4859589040 -0.8321514726 -0.2671476305 -0.8719124198 0.4405833483 0.2136703581 -0.0601053163 0.3367643654 -0.9396685958
128.6 241.7 2069.1 0.4650005102 0.0840480402 0.8813117743 0.7957356572 0.3966572583 -0.4576765597 -0.3880455196 0.9141110182 0.1175657958
255.9 459.7 1962.8 -0.9144535661 0.0840480402 0.3958668411 0.3951438665 0.3966572583 0.8285676241 -0.0873839632 0.9141110182 -0.3959357142
-35.0 -178.1 2121.3 0.9491933584 0.0865803510 -0.3025489151 -0.1059747860 0.9931973219 -0.0482539833 0.2963129282 0.0778649151 0.9519116282
-68.6 -563.7 2091.1 0.9620755911 0.0365897380 -0.2703178227 0.0211120863 0.9780029655 0.2075197846 0.2719647288 -0.2053567022 0.9401403069
141.2 -147.4 2130.2 0.7575415373 0.1320360452 0.6392943859 -0.0217565149 0.9838935137 -0.1774267703 -0.6524243355 0.1204993278 0.7482128143
90.0 -529.2 2083.5 0.7590605021 -0.1031819806 0.6427912712 -0.0354710594 0.9793385863 0.1990922689 -0.6500530243 -0.1739235669 0.7397172451
-68.2 377.8 2008.7 0 0 0 0 0 0 0 0 0
23.8 560.0 1940.7 0 0 0 0 0 0 0 0 0
-82.2 -928.5 2167.7 0 0 0 0 0 0 0 0 0
128.4 -894.4 2148.3 0 0 0 0 0 0 0 0 0
13.0 489.9 2053.0 0 0.9959141016 0.0676598027 -0.0598099977 -0.0657236055 0.9972662926 0.0337698162 0.0619313531 -0.0297009069 0.9976384044
-5.2 221.2 2061.0 0.9959141016 0.0676598027 -0.0598099977 -0.0657236055 0.9972662926 0.0337698162 0.0619313531 -0.0297009069 0.9976384044
19.6 31.9 2095.8 0.9897193909 -0.1278870553 -0.0640348718 0.1371843368 0.9754707217 0.1721550971 0.0404477343 -0.1791698188 0.9829863310
-140.4 202.4 2055.5 0.5582881570 -0.8283799887 -0.0458358787 0.6113668680 0.4481214881 -0.6522405148 0.5608430505 0.3361155987 0.7566249967
-203.4 133.3 1992.1 -0.4903084338 -0.8283799887 -0.2708951831 -0.8702153563 0.4481214881 0.2047251016 -0.0481962189 0.3361155987 -0.9405867457
130.0 239.9 2066.5 0.4563057721 0.1111522689 0.8828534484 0.7978453040 0.3881974220 -0.4612435400 -0.3939897120 0.9148485661 0.0884544030
254.1 456.9 1959.4 -0.9101560712 0.1111522689 0.3990753293 0.4094242156 0.3881974220 0.8256358504 -0.0631487146 0.9148485661 -0.3988286555
-43.9 -169.2 2124.2 0.9515483379 0.0619547367 -0.3011932373 -0.0892669559 0.9929671288 -0.0777667016 0.2942569852 0.1008853763 0.9503867626
-68.0 -554.5 2085.1 0.9631600380 0.0393812880 -0.2660297453 0.0268844068 0.9701646566 0.2409517020 0.2675816715 -0.2392271012 0.9333651066
133.1 -143.9 2132.6 0.7582453489 0.1127722710 0.6421419978 -0.0002140993 0.9849697948 -0.1727264971 -0.6519692540 0.1308315843 0.7468729019
89.3 -526.2 2081.8 0.7636919022 -0.1012902185 0.6375852227 -0.0450445898 0.9768474698 0.2091411054 -0.6440075040 -0.1884391457 0.7414479256
-66.6 376.3 2005.5 0 0 0 0 0 0 0 0 0
23.1 560.8 1943.3 0 0 0 0 0 0 0 0 0
-82.7 -916.3 2174.3 0 0 0 0 0 0 0 0 0
127.1 -890.6 2152.1 0 0 0 0 0 0 0 0 0
13.0 489.6 2052.0 1 0.9951602817 0.0690024570 -0.0699620396 -0.0665507540 0.9971045256 0.0367913060 0.0722981542 -0.0319572203 0.9968709350
-5.8 218.3 2060.7 0.9951602817 0.0690024570 -0.0699620396 -0.0665507540 0.9971045256 0.0367913060 0.0722981542 -0.0319572203 0.9968709350
20.6 30.2 2100.2 0.9878234267 -0.1361080557 -0.0753619596 0.1484623551 0.9694935679 0.1950414777 0.0465162173 -0.2038549483 0.9778953791
-140.7 198.1 2054.3 0.5466282368 -0.8360787630 -0.0465817116 0.6304933429 0.4475492537 -0.6341749430 0.5510677695 0.3172884583 0.7717851400
-202.5 126.8 1992.1 -0.4810373783 -0.8360787630 -0.2637713850 -0.8761247396 0.4475492537 0.1791791022 -0.0317571536 0.3172884583 -0.9477971792
129.2 238.6 2067.0 0.4570673406 0.1123283207 0.8823105097 0.7958819866 0.3911991119 -0.4620985687 -0.3970658481 0.9134252071 0.0894042477
254.3 456.5 1958.3 -0.9091583490 0.1123283207 0.4010154605 0.4114399552 0.3911991119 0.8232134581 -0.0644067079 0.9134252071 -0.4018783271
-44.2 -169.7 2126.9 0.9487496018 0.0578053333 -0.3106972277 -0.0859743804 0.9932600260 -0.0777362362 0.3041095436 0.1004642248 0.9473248124
-66.6 -555.2 2087.9 0.9594432712 0.0512513667 -0.2772036493 0.0161979552 0.9716870189 0.2357159108 0.2814359367 -0.2306461781 0.9314484000
133.1 -145.1 2134.2 0.7652207017 0.1155966073 0.6333045959 -0.0015820952 0.9840812683 -0.1777119786 -0.6437661052 0.1349869370 0.7532222271
88.2 -527.1 2081.8 0.7670629621 -0.1189276874 0.6304527521 -0.0160557777 0.9788028002 0.2041747719 -0.6413708925 -0.1667373031 0.7488938570
-68.2 371.4 2000.9 0 0 0 0 0 0 0 0 0
23.6 560.9 1942.0 0 0 0 0 0 0 0 0 0
-85.8 -917.7 2174.0 0 0 0 0 0 0 0 0 0
132.6 -892.3 2144.0 0 0 0 0 0 0 0 0 0
13.4 490.0 2053.0 2 0.9959180951 0.0684493408 -0.0588378608 -0.0670708790 0.9974325895 0.0250943750 0.0604044944 -0.0210456345 0.9979521036
-5.4 216.5 2058.7 0.9959180951 0.0684493408 -0.0588378608 -0.0670708790 0.9974325895 0.0250943750 0.0604044944 -0.0210456345 0.9979521036
20.2 28.1 2097.7 0.9891428947 -0.1321441531 -0.0642983392 0.1422746629 0.9706662297 0.1938169748 0.0368004441 -0.2008607090 0.9789283276
-140.5 197.0 2053.7 0.5559946299 -0.8300893903 -0.0426798761 0.6261661649 0.4520689547 -0.6352555156 0.5466130972 0.3264739513 0.7711217999
-203.4 126.3 1992.0 -0.4866745472 -0.8300893903 -0.2722121775 -0.8731215596 0.4520689547 0.1824620366 -0.0284011364 0.3264739513 -0.9447793961
129.7 235.9 2063.8 0.4532988667 0.1152156591 0.8838809133 0.8000985384 0.3844849169 -0.4604494274 -0.3928898871 0.9159130454 0.0821027011
253.9 455.1 1956.1 -0.9088851213 0.1152156591 0.4008156657 0.4128552079 0.3844849169 0.8256645203 -0.0589780957 0.9159130454 -0.3970200121
-41.5 -171.2 2135.7 0.9507286549 0.0665423200 -0.3027988672 -0.0996728092 0.9904464483 -0.0952949077 0.2935649455 0.1207804084 0.9482783079
-67.3 -555.5 2088.8 0.9626790285 0.0464796312 -0.2666247785 0.0139272250 0.9753301740 0.2203112245 0.2702871859 -0.2158023268 0.9382825494
135.5 -144.6 2144.0 0.7606040835 0.1271351576 0.6366459727 0.0099370917 0.9782434106 -0.2072224170 -0.6491400003 0.1639406085 0.7427925467
86.2 -524.1 2080.4 0.7654421329 -0.1232243404 0.6315965056 -0.0245747659 0.9751812220 0.2200402021 -0.6430353522 -0.1839493811 0.7434165478
-67.5 370.0 1999.9 0 0 0 0 0 0 0 0 0
23.2 559.9 1941.2 0 0 0 0 0 0 0 0 0
-84.6 -919.5 2169.3 0 0 0 0 0 0 0 0 0
132.1 -888.0 2149.0 0 0 0 0 0 0 0 0 0
12.8 491.3 2053.5 3 0.9954782724 0.0677290410 -0.0666013062 -0.0663951859 0.9975498915 0.0220434628 0.0679311082 -0.0175217818 0.9975361228
-5.8 216.6 2058.3 0.9954782724 0.0677290410 -0.0666013062 -0.0663951859 0.9975498915 0.0220434628 0.0679311082 -0.0175217818 0.9975361228
20.1 28.4 2098.0 0.9883912802 -0.1335522681 -0.0724324659 0.1454132348 0.9696979523 0.1963182986 0.0440188572 -0.2045719326 0.9778612852
-140.8 196.7 2052.3 0.5498235822 -0.8339762688 -0.0466653444 0.6293818355 0.4503739178 -0.6332786083 0.5491561890 0.3188211918 0.7725157142
-203.0 125.6 1990.2 -0.4837431908 -0.8339762688 -0.2654734254 -0.8747040629 0.4503739178 0.1790423393 -0.0297547560 0.3188211918 -0.9473477006
129.2 236.5 2064.3 0.4567895830 0.1172455028 0.8818144798 0.7958590388 0.3890060484 -0.4639857113 -0.3974314034 0.9137438536 0.0843830109
252.9 451.9 1956.7 -0.9001933336 0.1172455028 0.4194108844 0.4302050173 0.3890060484 0.8146151900 -0.0676433966 0.9137438536 -0.4006202519
-42.7 -173.0 2133.4 0.9490157366 0.0588729493 -0.3096822798 -0.0913977921 0.9915947318 -0.0915771946 0.3016878664 0.1152124703 0.9464198351
-65.6 -557.9 2088.7 0.9594745636 0.0599844903 -0.2753369212 0.0038512740 0.9741989374 0.2256581634 0.2817689180 -0.2175736725 0.9344880581
134.5 -147.5 2140.0 0.7638544440 0.1266848743 0.6328327656 -0.0028422836 0.9811962247 -0.1929919571 -0.6453822851 0.1456190795 0.7498511672
85.3 -528.3 2083.5 0.7620975375 -0.1421158910 0.6316727400 0.0096790884 0.9780048728 0.2083573043 -0.6473898888 -0.1526745707 0.7467106581
-67.9 369.8 1998.5 0 0 0 0 0 0 0 0 0
24.4 561.1 1939.6 0 0 0 0 0 0 0 0 0
-88.0 -921.5 2169.9 0 0 0 0 0 0 0 0 0
138.3 -893.1 2140.5 0 0 0 0 0 0 0 0 0
6.9 488.8 2048.2 4 0.9928963184 0.0387937427 -0.1124810055 -0.0357271358 0.9989362955 0.0291527994 0.1134923026 -0.0249270815 0.9932261109
-3.7 216.0 2055.0 0.9928963184 0.0387937427 -0.1124810055 -0.0357271358 0.9989362955 0.0291527994 0.1134923026 -0.0249270815 0.9932261109
20.1 29.3 2101.8 0.9849131703 -0.1236827821 -0.1210312322 0.1487330347 0.9625372291 0.2267170399 0.0884560645 -0.2412979454 0.9664112926
-138.1 195.6 2043.0 0.5216893554 -0.8489569426 -0.0843348205 0.6478416920 0.4585325420 -0.6083165407 0.5551047921 0.2627166212 0.7892012596
-197.1 122.4 1980.3 -0.4813288152 -0.8489569426 -0.2181620598 -0.8761482835 0.4585325420 0.1487015039 -0.0262067653 0.2627166212 -0.9645170569
130.7 236.4 2067.1 0.4494934976 0.1224315464 0.8848537207 0.7918733358 0.4037970901 -0.4581315815 -0.4133911133 0.9066192508 0.0845538899
252.2 450.4 1955.4 -0.9004436135 0.1224315464 0.4173868299 0.4293625355 0.4037970901 0.8078339696 -0.0696352273 0.9066192508 -0.4161640406
-42.5 -172.8 2133.8 0.9317346811 0.0624734759 -0.3577255011 -0.0999779701 0.9911517501 -0.0873078704 0.3491058350 0.1171124429 0.9297364354
-66.8 -557.6 2088.3 0.9466216564 0.0510189123 -0.3182837665 0.0276980344 0.9708696008 0.2380022854 0.3211546540 -0.2341139466 0.9176329970
134.5 -146.8 2141.7 0.7963882685 0.1248405799 0.5917605162 -0.0101777790 0.9810911417 -0.1932783872 -0.6047000289 0.1479018331 0.7826001048
86.1 -527.6 2084.3 0.7928928733 -0.1361898184 0.5939471722 0.0171892792 0.9793157578 0.2016064525 -0.6091185212 -0.1496427953 0.7788335085
-62.7 367.0 1987.6 0 0 0 0 0 0 0 0 0
23.6 559.4 1937.7 0 0 0 0 0 0 0 0 0
-85.8 -919.9 2175.7 0 0 0 0 0 0 0 0 0
136.9 -893.0 2140.1 0 0 0 0 0 0 0 0 0
5.9 489.9 2051.1 5 0.9925159812 0.0366248935 -0.1164928824 -0.0346894562 0.9992250800 0.0185991619 0.1170837954 -0.0144188916 0.9930173755
-4.2 214.2 2055.1 0.9925159812 0.0366248935 -0.1164928824 -0.0346894562 0.9992250800 0.0185991619 0.1170837954 -0.0144188916 0.9930173755
20.6 28.3 2104.6 0.9835960269 -0.1282557845 -0.1268437952 0.1558648795 0.9582482576 0.2397215664 0.0908021703 -0.2555596828 0.9625197053
-138.5 192.9 2042.7 0.5152221322 -0.8528713584 -0.0845969170 0.6585655808 0.4571339190 -0.5977624655 0.5484865904 0.2522678077 0.7971972227
-196.7 118.5 1980.7 -0.4760069549 -0.8528713584 -0.2145409733 -0.8792974353 0.4571339190 0.1336587518 -0.0159197599 0.2522678077 -0.9675264955
130.1 235.6 2067.5 0.4507612586 0.1160981730 0.8850624561 0.7907308340 0.4081366956 -0.4562556446 -0.4141969085 0.9055085182 0.0921698138
252.0 449.3 1955.5 -0.8961157203 0.1160981730 0.4283664823 0.4362308383 0.4081366956 0.8019520640 -0.0817269161 0.9055085182 -0.4163833261
-44.2 -170.8 2140.7 0.9295781255 0.0658561960 -0.3626947701 -0.1073971242 0.9896124005 -0.0955677032 0.3526335061 0.1277900189 0.9269948006
-69.8 -555.0 2091.0 0.9456487298 0.0291406121 -0.3238816559 0.0449187569 0.9747241139 0.2188497484 0.3220726848 -0.2215033472 0.9204376340
132.1 -144.1 2156.5 0.8027070761 0.1156010404 0.5850621462 0.0151522458 0.9767631888 -0.2137852311 -0.5961809754 0.1804719269 0.7823030949
87.2 -523.0 2086.4 0.8030285835 -0.1194051057 0.5838557482 0.0125295352 0.9828878045 0.1837786883 -0.5958088040 -0.1402640939 0.7907830477
-63.8 364.0 1985.2 0 0 0 0 0 0 0 0 0
24.5 560.0 1934.8 0 0 0 0 0 0 0 0 0
-80.6 -918.7 2173.7 0 0 0 0 0 0 0 0 0
131.8 -889.8 2138.8 0 0 0 0 0 0 0 0 0
7.1 491.2 2052.0 6 0.9914252758 0.0433308259 -0.1232815459 -0.0414331071 0.9989806414 0.0179169346 0.1239322349 -0.0126553643 0.9922099710
-4.9 214.9 2055.5 0.9914252758 0.0433308259 -0.1232815459 -0.0414331071 0.9989806414 0.0179169346 0.1239322349 -0.0126553643 0.9922099710
20.8 28.6 2103.7 0.9822450280 -0.1323454976 -0.1329637319 0.1605615020 0.9596246481 0.2309557647 0.0970293209 -0.2482040226 0.9638361335
-139.0 192.9 2042.3 0.5087509751 -0.8566809297 -0.0852657184 0.6566742063 0.4501965940 -0.6050636172 0.5567328334 0.2518349290 0.7915982008
-196.5 118.7 1979.4 -0.4709410369 -0.8566809297 -0.2105049938 -0.8817908764 0.4501965940 0.1405983716 -0.0256793015 0.2518349290 -0.9674294591
129.3 236.8 2068.8 0.4543771446 0.1130958870 0.8836010098 0.7872272730 0.4132469893 -0.4577118158 -0.4169107974 0.9035686255 0.0987378284
251.9 449.3 1956.2 -0.8969447017 0.1130958870 0.4274336100 0.4336827695 0.4132469893 0.8007160425 -0.0860779658 0.9035686255 -0.4197074473
-42.7 -171.6 2146.1 0.9278892279 0.0678672493 -0.3666273057 -0.1131129488 0.9881925583 -0.1033485085 0.3552843928 0.1373662651 0.9246098995
-69.0 -555.2 2092.8 0.9427694678 0.0332141332 -0.3317869306 0.0302350577 0.9824125767 0.1842588335 0.3320716321 -0.1837452054 0.9251843691
