134.5 60.4 2637.5 90 0.9998122454 0.0179356709 0.0073362961 -0.0186814610 0.9927216768 0.1189732999 -0.0051490348 -0.1190880090 0.9928703308
130.9 -137.2 2661.2 0.9998122454 0.0179356709 0.0073362961 -0.0186814610 0.9927216768 0.1189732999 -0.0051490348 -0.1190880090 0.9928703308
128.4 -328.5 2684.6 0.9998552799 0.0153427999 0.0073460196 -0.0161113255 0.9926970601 0.1195533872 -0.0054580881 -0.1196544468 0.9928005934
-5.2 -133.7 2662.1 0.3658713102 -0.9125198126 -0.1828819513 0.9297017455 0.3673065305 0.0272126775 0.0423416309 -0.1799820065 0.9827581644
-103.7 -383.9 2650.7 0.0718675926 -0.9125198126 -0.4026694298 0.5771490932 0.3673065305 -0.7293729186 0.8134703636 -0.1799820065 0.5530573726
267.0 -140.7 2660.3 0.2750050724 0.9575319886 0.0866298974 -0.7857275009 0.2757574022 -0.5537058115 -0.5540798903 0.0842044130 0.8281939030
321.3 -295.9 2550.9 -0.2723022699 0.9575319886 0.0947839469 0.9608958364 0.2757574022 -0.0252406504 -0.0503061041 0.0842044130 -0.9951778054
40.7 -518.9 2710.6 0.9853307605 0.1626596600 -0.0516248569 -0.0385810733 -0.0823548064 -0.9958559871 -0.1662371606 0.9832392931 -0.0748711377
-21.4 -487.4 2335.2 0.9853307605 0.0410192013 0.1656523943 -0.0385810733 0.9990949631 -0.0179107506 -0.1662371606 0.0112569649 0.9860215187
219.7 -520.8 2709.4 0.9929164052 -0.1178846359 0.0148416106 0.0023986623 -0.1049997434 -0.9944693446 0.1187910214 0.9874604940 -0.1039731950
263.5 -481.8 2342.6 0.9929164052 0.0009011970 -0.1188118234 0.0023986623 0.9996153712 0.0276279021 0.1187910214 -0.0277171861 0.9925323129
-122.7 -536.5 2435.7 0 0 0 0 0 0 0 0 0
247.9 -37.0 2537.3 0 0 0 0 0 0 0 0 0
-36.7 -860.4 2331.0 0 0 0 0 0 0 0 0 0
263.2 -854.9 2352.9 0 0 0 0 0 0 0 0 0
134.1 61.1 2637.7 91 0.9996455908 0.0240694936 0.0113714049 -0.0252026170 0.9932610393 0.1131255180 -0.0085718995 -0.1133720204 0.9935156107
129.3 -137.1 2660.4 0.9996455908 0.0240694936 0.0113714049 -0.0252026170 0.9932610393 0.1131255180 -0.0085718995 -0.1133720204 0.9935156107
125.4 -328.6 2682.0 0.9996757507 0.0228116345 0.0113138249 -0.0239249300 0.9935674667 0.1106852815 -0.0087161371 -0.1109200716 0.9937911034
-6.7 -132.6 2661.7 0.3733239770 -0.9101368785 -0.1796666533 0.9263837934 0.3760527074 0.0199360885 0.0494195633 -0.1738828868 0.9835255146
-107.2 -381.9 2648.4 0.0788978860 -0.9101368785 -0.4067259729 0.5693312883 0.3760527074 -0.7310582995 0.8183134794 -0.1738828868 0.5478391647
265.4 -141.7 2659.0 0.2671065927 0.9599304199 0.0847803280 -0.7829226851 0.2674612105 -0.5616908073 -0.5618594885 0.0836548731 0.8229919672
318.1 -296.3 2548.1 -0.2648628354 0.9599304199 0.0915495157 0.9634158015 0.2674612105 -0.0171612650 -0.0409595668 0.0836548731 -0.9956526160
36.0 -519.8 2708.3 0.9866627455 0.1532475054 -0.0548798889 -0.0423649028 -0.0837708265 -0.9955840707 -0.1571681201 0.9846307039 -0.0761612430
-22.3 -488.0 2334.2 0.9866627455 0.0425832234 0.1571090966 -0.0423649028 0.9990909696 -0.0047396505 -0.1571681201 -0.0019794749 0.9875698686
215.0 -522.7 2707.3 0.9912373424 -0.1313092113 0.0143654263 0.0006254968 -0.1040854603 -0.9945681691 0.1320911944 0.9858621359 -0.1030912697
263.9 -484.0 2340.6 0.9912373424 0.0019209502 -0.1320787072 0.0006254968 0.9998148084 0.0192355793 0.1320911944 -0.0191496406 0.9910525680
-128.1 -532.4 2432.1 0 0 0 0 0 0 0 0 0
246.8 -36.7 2537.0 0 0 0 0 0 0 0 0 0
-38.2 -860.9 2334.9 0 0 0 0 0 0 0 0 0
263.1 -857.2 2347.8 0 0 0 0 0 0 0 0 0
134.1 62.1 2637.4 92 0.9996456504 0.0181535110 -0.0194686875 -0.0157861300 0.9931789637 0.1155264676 0.0214331020 -0.1151781976 0.9931135774
130.4 -137.0 2660.4 0.9996456504 0.0181535110 -0.0194686875 -0.0157861300 0.9931789637 0.1155264676 0.0214331020 -0.1151781976 0.9931135774
127.8 -328.5 2682.2 0.9996796250 0.0160896014 -0.0195396114 -0.0138153825 0.9936783314 0.1114112809 0.0212086532 -0.1111056358 0.9935822487
-5.6 -133.8 2657.7 0.3623085916 -0.9082770348 -0.2092017531 0.9301438332 0.3667175472 0.0187282227 0.0597075336 -0.2013731003 0.9776931405
-103.1 -384.2 2641.7 0.0486308672 -0.9082770348 -0.4155333042 0.5706084967 0.3667175472 -0.7347953320 0.8197810650 -0.2013731003 0.5361043811
266.5 -140.2 2663.2 0.2916849256 0.9542494416 0.0657868460 -0.7805291414 0.2772110701 -0.5602930784 -0.5528962016 0.1120804995 0.8256777525
324.1 -294.3 2554.0 -0.2732300460 0.9542494416 0.1214633361 0.9606612325 0.2772110701 -0.0168525577 -0.0497525223 0.1120804995 -0.9924528599
31.5 -519.3 2704.4 0.9885644913 0.1407263428 -0.0541882142 -0.0424605720 -0.0850433633 -0.9954721332 -0.1446974874 0.9863892198 -0.0780955255
-21.4 -487.4 2333.9 0.9885644913 0.0443524793 0.1441288441 -0.0424605720 0.9989671707 -0.0161775816 -0.1446974874 0.0098727895 0.9894266725
210.5 -523.6 2702.8 0.9893673062 -0.1449676752 0.0116901752 -0.0041975644 -0.1088076830 -0.9940539598 0.1453776807 0.9834354520 -0.1082592830
263.7 -483.7 2342.0 0.9893673062 0.0060493266 -0.1453123987 -0.0041975644 0.9999060631 0.0130465478 0.1453776807 -0.0122978697 0.9892997742
-116.0 -535.0 2424.9 0 0 0 0 0 0 0 0 0
250.5 -35.5 2540.6 0 0 0 0 0 0 0 0 0
-37.9 -860.3 2330.2 0 0 0 0 0 0 0 0 0
261.5 -857.0 2346.6 0 0 0 0 0 0 0 0 0
134.0 63.9 2637.2 93 0.9999626279 0.0085614827 0.0011848828 -0.0086400751 0.9937947989 0.1108930185 -0.0002281217 -0.1108991131 0.9938316345
132.3 -135.5 2659.4 0.9999626279 0.0085614827 0.0011848828 -0.0086400751 0.9937947989 0.1108930185 -0.0002281217 -0.1108991131 0.9938316345
131.6 -327.1 2680.4 0.9999811649 0.0060295691 0.0011578569 -0.0061189532 0.9942175150 0.1072107702 -0.0005047268 -0.1072158366 0.9942356348
-3.8 -133.3 2659.7 0.3563504517 -0.9152257442 -0.1880854964 0.9326853752 0.3604523540 0.0131194945 0.0557885580 -0.1800997257 0.9820650220
-99.7 -384.3 2644.6 0.0620073751 -0.9152257442 -0.3981418014 0.5676283836 0.3604523540 -0.7401838303 0.8209464550 -0.1800997257 0.5418588519
268.4 -137.6 2659.2 0.2856219709 0.9542945623 0.0879886225 -0.7759779096 0.2841727138 -0.5631200075 -0.5623863339 0.0925622210 0.8216774464
324.8 -290.8 2548.1 -0.2816287279 0.9542945623 0.1000357717 0.9586996436 0.2841727138 -0.0118668443 -0.0397519022 0.0925622210 -0.9949131012
35.2 -520.2 2701.9 0.9869764447 0.1422725618 -0.0750735030 -0.0620156489 -0.0940960273 -0.9936296940 -0.1484303623 0.9853448272 -0.0840474367
-17.8 -485.1 2334.7 0.9869764447 0.0651753396 0.1470703483 -0.0620156489 0.9977371693 -0.0259731058 -0.1484303623 0.0165141802 0.9887849689
214.2 -522.7 2705.6 0.9909886718 -0.1333518028 0.0125980033 -0.0019141650 -0.1081426218 -0.9941335320 0.1339318901 0.9851509929 -0.1074233726
263.4 -482.8 2342.2 0.9909886718 0.0026114343 -0.1339201033 -0.0019141650 0.9999839067 0.0053350949 0.1339318901 -0.0050306735 0.9909777641
-116.1 -534.4 2427.6 0 0 0 0 0 0 0 0 0
249.0 -32.5 2537.4 0 0 0 0 0 0 0 0 0
-42.1 -857.5 2328.5 0 0 0 0 0 0 0 0 0
262.4 -856.1 2344.1 0 0 0 0 0 0 0 0 0
134.6 63.1 2637.6 94 0.9998975396 0.0142932422 0.0007464326 -0.0142825786 0.9930514693 0.1168111116 0.0009283635 -0.1168098077 0.9931538701
131.7 -135.1 2660.9 0.9998975396 0.0142932422 0.0007464326 -0.0142825786 0.9930514693 0.1168111116 0.0009283635 -0.1168098077 0.9931538701
130.1 -326.5 2683.6 0.9999397993 0.0109449597 0.0007429431 -0.0109569626 0.9931259751 0.1165364981 0.0005376512 -0.1165376306 0.9931861162
-4.4 -132.3 2661.0 0.3608104587 -0.9132998586 -0.1889423281 0.9314347506 0.3631647825 0.0232509207 0.0473821387 -0.1843766421 0.9817128778
-101.5 -383.0 2648.2 0.0639842078 -0.9132998586 -0.4022305608 0.5750068426 0.3631647825 -0.7331292033 0.8156427741 -0.1843766421 0.5483905077
267.8 -137.9 2660.8 0.2823889852 0.9555721283 0.0844885334 -0.7825968266 0.2804133892 -0.5557971597 -0.5547960401 0.0908305496 0.8270134330
323.6 -292.4 2551.2 -0.2769452333 0.9555721283 0.1009118184 0.9596341848 0.2804133892 -0.0216933955 -0.0490266308 0.0908305496 -0.9946588278
40.9 -519.5 2701.2 0.9844375253 0.1586977839 -0.0754832774 -0.0613209456 -0.0923238471 -0.9938390255 -0.1646889597 0.9830011725 -0.0811555684
-18.3 -485.1 2334.3 0.9844375253 0.0638026372 0.1637435108 -0.0613209456 0.9979142547 -0.0201713126 -0.1646889597 0.0098164901 0.9862967134
220.0 -520.6 2701.1 0.9932170510 -0.1153208762 0.0148669034 0.0026738807 -0.1051730961 -0.9944503307 0.1162444800 0.9877447486 -0.1041513532
261.7 -482.6 2343.8 0.9932170510 -0.0020553342 -0.1162570640 0.0026738807 0.9999830723 0.0051647979 0.1162444800 -0.0054406226 0.9932057261
-118.4 -535.0 2432.6 0 0 0 0 0 0 0 0 0
249.0 -33.9 2538.0 0 0 0 0 0 0 0 0 0
-42.1 -857.5 2330.6 0 0 0 0 0 0 0 0 0
262.5 -855.9 2345.8 0 0 0 0 0 0 0 0 0
134.2 60.8 2638.3 95 0.9996416569 0.0266633686 0.0023644450 -0.0267555322 0.9925748110 0.1186566576 0.0008168976 -0.1186774075 0.9929325581
128.9 -136.4 2661.8 0.9996416569 0.0266633686 0.0023644450 -0.0267555322 0.9925748110 0.1186566576 0.0008168976 -0.1186774075 0.9929325581
124.9 -327.6 2685.7 0.9997274280 0.0232164282 0.0024569454 -0.0233426038 0.9922140241 0.1223373860 0.0004024213 -0.1223613918 0.9924855232
-7.2 -131.9 2661.9 0.3723353744 -0.9087805748 -0.1883726269 0.9271543622 0.3733663261 0.0313436314 0.0418475121 -0.1863208413 0.9815973639
-107.4 -381.4 2650.7 0.0713251159 -0.9087805748 -0.4111333191 0.5789405107 0.3733663261 -0.7248623967 0.8122441769 -0.1863208413 0.5527603030
264.9 -140.9 2661.7 0.2725206017 0.9589976072 0.0778212175 -0.7892739177 0.2690793276 -0.5519447327 -0.5502537489 0.0889940485 0.8302414417
318.8 -296.7 2553.1 -0.2650482357 0.9589976072 0.1003646404 0.9626881480 0.2690793276 -0.0287713800 -0.0545977354 0.0889940485 -0.9945346117
38.4 -518.3 2706.2 0.9858528972 0.1492879987 -0.0762046054 -0.0636067167 -0.0874221250 -0.9941385984 -0.1550749242 0.9849215746 -0.0766896382
-18.1 -485.2 2333.3 0.9858528972 0.0655111447 0.1542800665 -0.0636067167 0.9978258610 -0.0172533765 -0.1550749242 0.0071960441 0.9878764749
217.5 -520.3 2706.3 0.9923745394 -0.1230057850 0.0078986427 -0.0040656044 -0.0967121422 -0.9953041077 0.1231920570 0.9876822829 -0.0964747593
262.8 -484.6 2342.3 0.9923745394 0.0061047296 -0.1231078580 -0.0040656044 0.9998504519 0.0168081447 0.1231920570 -0.0161794666 0.9922509193
-126.3 -534.5 2435.9 0 0 0 0 0 0 0 0 0
247.3 -37.3 2538.4 0 0 0 0 0 0 0 0 0
-42.6 -857.7 2330.6 0 0 0 0 0 0 0 0 0
260.6 -857.8 2348.3 0 0 0 0 0 0 0 0 0
134.7 59.4 2637.6 96 0.9995598793 0.0293631162 0.0042242622 -0.0296599343 0.9919288158 0.1232783049 -0.0005703320 -0.1233493388 0.9923631549
128.9 -137.6 2662.1 0.9995598793 0.0293631162 0.0042242622 -0.0296599343 0.9919288158 0.1232783049 -0.0005703320 -0.1233493388 0.9923631549
124.6 -328.7 2686.9 0.9996844530 0.0247434452 0.0043296069 -0.0250931755 0.9915673137 0.1271401495 -0.0011472115 -0.1272086650 0.9918752909
-7.2 -132.9 2662.4 0.3740223348 -0.9084377885 -0.1866764128 0.9266919494 0.3740520179 0.0364294313 0.0367328115 -0.1866169423 0.9817457795
-107.9 -382.3 2652.5 0.0736931413 -0.9084377885 -0.4114730954 0.5827431679 0.3740520179 -0.7214537263 0.8093081713 -0.1866169423 0.5569509864
264.9 -142.4 2661.8 0.2702224851 0.9596131444 0.0782456622 -0.7924073339 0.2678255141 -0.5480512381 -0.5468733907 0.0860933289 0.8327769637
318.3 -298.8 2553.8 -0.2634586096 0.9596131444 0.0986515433 0.9628756046 0.2678255141 -0.0337655917 -0.0588233098 0.0860933289 -0.9945490360
30.8 -518.1 2709.4 0.9886875153 0.1299884915 -0.0748332292 -0.0636908785 -0.0878610313 -0.9940944910 -0.1357957721 0.9876150489 -0.0785880238
-18.5 -484.7 2334.4 0.9886875153 0.0654817149 0.1349413395 -0.0636908785 0.9978153110 -0.0175504331 -0.1357957721 0.0087573603 0.9906981587
209.9 -522.3 2709.5 0.9890780449 -0.1468529701 0.0126024587 -0.0019819087 -0.0987457335 -0.9951107502 0.1473793983 0.9842171669 -0.0979582891
264.9 -485.3 2341.3 0.9890780449 0.0054288325 -0.1472927183 -0.0019819087 0.9997209907 0.0235385392 0.1473793983 -0.0229895320 0.9888128042
-127.3 -536.4 2438.6 0 0 0 0 0 0 0 0 0
247.3 -39.4 2538.0 0 0 0 0 0 0 0 0 0
-43.0 -857.2 2331.2 0 0 0 0 0 0 0 0 0
262.8 -858.5 2349.9 0 0 0 0 0 0 0 0 0
134.6 60.3 2637.3 97 0.9996275306 0.0265015196 0.0065146564 -0.0271131825 0.9915887117 0.1265570819 -0.0031059044 -0.1266865879 0.9919379354
129.3 -137.0 2662.5 0.9996275306 0.0265015196 0.0065146564 -0.0271131825 0.9915887117 0.1265570819 -0.0031059044 -0.1266865879 0.9919379354
125.4 -328.0 2688.2 0.9997197986 0.0227206405 0.0066387141 -0.0233968049 0.9910328388 0.1315540075 -0.0035901924 -0.1316724718 0.9912867546
-6.7 -132.5 2663.1 0.3725266755 -0.9095497131 -0.1842368096 0.9274811745 0.3716725409 0.0404742658 0.0316624083 -0.1859539300 0.9820481539
-107.0 -382.1 2654.6 0.0747563317 -0.9095497131 -0.4088163674 0.5864585638 0.3716725409 -0.7196706533 0.8065220714 -0.1859539300 0.5611981153
265.4 -141.5 2661.9 0.2701854110 0.9593691826 0.0813057348 -0.7943688035 0.2698380947 -0.5442109704 -0.5440385938 0.0824511275 0.8349992633
318.8 -298.3 2554.4 -0.2652567029 0.9593691826 0.0961751863 0.9621549249 0.2698380947 -0.0380171463 -0.0624242090 0.0824511275 -0.9946381450
30.2 -519.0 2711.7 0.9891631007 0.1154633090 -0.0906892642 -0.0799932107 -0.0941281840 -0.9923411608 -0.1231154054 0.9888418317 -0.0838718489
-13.7 -483.2 2336.1 0.9891631007 0.0822942555 0.1215893626 -0.0799932107 0.9965137243 -0.0236946698 -0.1231154054 0.0137115689 0.9922976494
209.3 -523.5 2711.5 0.9890688062 -0.1469609290 0.0120581854 -0.0033591655 -0.1042107493 -0.9945495725 0.1474165320 0.9836374521 -0.1035652682
264.7 -484.2 2340.7 0.9890688062 0.0069348407 -0.1472916305 -0.0033591655 0.9996939301 0.0245110486 0.1474165320 -0.0237483364 0.9887893796
-126.7 -537.1 2441.4 0 0 0 0 0 0 0 0 0
247.3 -39.1 2537.6 0 0 0 0 0 0 0 0 0
-44.4 -855.2 2331.0 0 0 0 0 0 0 0 0 0
262.1 -857.4 2349.5 0 0 0 0 0 0 0 0 0
135.3 60.5 2637.1 98 0.9998154640 0.0188863948 -0.0035155471 -0.0183116030 0.9922555089 0.1228563711 0.0058086351 -0.1227693260 0.9924182296
131.5 -136.8 2661.5 0.9998154640 0.0188863948 -0.0035155471 -0.0183116030 0.9922555089 0.1228563711 0.0058086351 -0.1227693260 0.9924182296
129.4 -328.0 2686.3 0.9999020100 0.0135667697 -0.0034512489 -0.0130198263 0.9918444753 0.1267873794 0.0051431973 -0.1267300248 0.9919239283
-4.6 -133.7 2661.0 0.3625645638 -0.9116960168 -0.1932802498 0.9311259389 0.3631298840 0.0337809585 0.0393878669 -0.1922160238 0.9805618525
-102.1 -384.3 2650.4 0.0615529306 -0.9116960168 -0.4062284529 0.5832675695 0.3631298840 -0.7265917659 0.8099445701 -0.1922160238 0.5541144609
267.6 -139.9 2662.1 0.2832106054 0.9557475448 0.0796140358 -0.7888683677 0.2793588340 -0.5473986864 -0.5454158783 0.0922241285 0.8330763578
323.6 -295.7 2554.4 -0.2746925950 0.9557475448 0.1053119823 0.9596475363 0.2793588340 -0.0321750939 -0.0601711012 0.0922241285 -0.9939185977
31.5 -518.3 2714.0 0.9894191027 0.1173724458 -0.0852849483 -0.0749945641 -0.0894652978 -0.9931625128 -0.1241999567 0.9890499115 -0.0797163844
-13.6 -483.9 2334.1 0.9894191027 0.0763552412 0.1233681142 -0.0749945641 0.9970612526 -0.0156425852 -0.1241999567 0.0062251342 0.9922376871
210.6 -522.5 2713.4 0.9896912575 -0.1427538842 0.0115138367 -0.0030415289 -0.1013261378 -0.9948486090 0.1431851536 0.9845579267 -0.1007157788
264.6 -484.1 2340.7 0.9896912575 0.0064151157 -0.1430737078 -0.0030415289 0.9997124672 0.0237856191 0.1431851536 -0.0231052563 0.9894261956
-118.4 -538.5 2436.3 0 0 0 0 0 0 0 0 0
249.6 -37.1 2538.2 0 0 0 0 0 0 0 0 0
-42.1 -856.1 2331.8 0 0 0 0 0 0 0 0 0
262.2 -857.3 2349.4 0 0 0 0 0 0 0 0 0
138.3 57.6 2639.6 99 0.9998835921 0.0152538661 -0.0003851362 -0.0151058733 0.9931156039 0.1161600575 0.0021543747 -0.1161407158 0.9932304621
135.3 -139.9 2662.6 0.9998835921 0.0152538661 -0.0003851362 -0.0151058733 0.9931156039 0.1161600575 0.0021543747 -0.1161407158 0.9932304621
133.5 -331.2 2687.0 0.9999337196 0.0115123140 -0.0002689513 -0.0113887861 0.9921193719 0.1247774363 0.0017033089 -0.1247660965 0.9921846986
-0.8 -137.1 2662.6 0.3611745238 -0.9129399061 -0.1899833828 0.9316383600 0.3620203733 0.0314826630 0.0400360748 -0.1883665472 0.9812824130
-98.0 -387.8 2651.8 0.0633667409 -0.9129399061 -0.4031443596 0.5817304254 0.3620203733 -0.7283755541 0.8109096289 -0.1883665472 0.5540249348
271.4 -142.8 2662.7 0.2826343477 0.9555991888 0.0833549798 -0.7872989774 0.2807404697 -0.5489491224 -0.5479764342 0.0895265788 0.8316891193
327.2 -298.3 2554.5 -0.2764649391 0.9555991888 0.1019674838 0.9593149424 0.2807404697 -0.0299942251 -0.0572888553 0.0895265788 -0.9943354726
37.2 -519.3 2710.4 0.9866133332 0.1408018470 -0.0822738111 -0.0698784515 -0.0908281654 -0.9934118986 -0.1473470181 0.9858626127 -0.0797732621
-16.5 -484.7 2334.4 0.9866133332 0.0713412613 0.1466443539 -0.0698784515 0.9974410534 -0.0151093025 -0.1473470181 0.0046597579 0.9890738726
216.3 -521.7 2711.3 0.9922274351 -0.1234605759 0.0155617269 0.0025985145 -0.1044722125 -0.9945244193 0.1244103238 0.9868348837 -0.1033393815
262.4 -482.7 2343.2 0.9922274351 -0.0020728395 -0.1244201884 0.0025985145 0.9999883771 0.0040628626 0.1244103238 -0.0043545915 0.9922212958
-114.8 -541.6 2437.4 0 0 0 0 0 0 0 0 0
252.7 -39.8 2539.1 0 0 0 0 0 0 0 0 0
-43.1 -857.0 2332.6 0 0 0 0 0 0 0 0 0
263.2 -855.9 2344.8 0 0 0 0 0 0 0 0 0
138.4 58.2 2637.8 00 0.9998564124 0.0122403596 -0.0117190806 -0.0106708705 0.9920095205 0.1257108003 0.0131641850 -0.1255676895 0.9919977188
136.0 -138.9 2662.7 0.9998564124 0.0122403596 -0.0117190806 -0.0106708705 0.9920095205 0.1257108003 0.0131641850 -0.1255676895 0.9919977188
135.3 -329.9 2688.8 0.9999136925 0.0060852570 -0.0116456896 -0.0044745109 0.9910181761 0.1336524934 0.0123543991 -0.1335888505 0.9909598231
-0.1 -137.0 2661.2 0.3543824852 -0.9133317471 -0.2005946189 0.9344290495 0.3540123105 0.0389572643 0.0354320593 -0.2012472153 0.9788994193
-95.5 -388.5 2651.6 0.0507994741 -0.9133317471 -0.4040353596 0.5893920064 0.3540123105 -0.7261490226 0.8062484264 -0.2012472153 0.5562940240
272.1 -140.9 2664.3 0.2937828004 0.9526632428 0.0782583579 -0.7902058959 0.2881166637 -0.5408913493 -0.5378348231 0.0970643535 0.8374438286
330.1 -296.9 2558.1 -0.2823618948 0.9526632428 0.1127140969 0.9568333626 0.2881166637 -0.0381930098 -0.0688598901 0.0970643535 -0.9928931594
41.7 -522.7 2711.1 0.9850391746 0.1569297761 -0.0712101758 -0.0564479865 -0.0966010764 -0.9937211871 -0.1628234237 0.9828739762 -0.0862974748
-18.7 -485.5 2332.6 0.9850391746 0.0573707297 0.1625005901 -0.0564479865 0.9983524680 -0.0102936970 -0.1628234237 0.0009668639 0.9866547585
220.9 -524.8 2711.4 0.9936243296 -0.1122213379 0.0108193737 -0.0018735782 -0.1123889610 -0.9936625361 0.1127261147 0.9873070121 -0.1118826568
262.7 -482.9 2343.7 0.9936243296 0.0022620396 -0.1127189845 -0.0018735782 0.9999919534 0.0035520932 0.1127261147 -0.0033182583 0.9936205745
-108.9 -544.3 2438.5 0 0 0 0 0 0 0 0 0
254.1 -39.1 2539.5 0 0 0 0 0 0 0 0 0
-40.1 -858.2 2332.2 0 0 0 0 0 0 0 0 0
261.8 -856.2 2345.0 0 0 0 0 0 0 0 0 0
138.3 58.1 2637.4 01 0.9999000430 0.0112497425 -0.0085639302 -0.0100953989 0.9921551943 0.1246040165 0.0098985108 -0.1245051026 0.9921696186
136.1 -139.2 2662.1 0.9999000430 0.0112497425 -0.0085639302 -0.0100953989 0.9921551943 0.1246040165 0.0098985108 -0.1245051026 0.9921696186
135.6 -330.3 2687.4 0.9999522567 0.0047752568 -0.0085237268 -0.0036306265 0.9915622473 0.1295807511 0.0090705873 -0.1295436174 0.9915322065
-0.1 -137.4 2661.0 0.3536729217 -0.9142963290 -0.1974275708 0.9345926642 0.3540167212 0.0347667448 0.0381055549 -0.1968104094 0.9797008038
-95.3 -388.9 2650.8 0.0529156402 -0.9142963290 -0.4015745521 0.5861288905 0.3540167212 -0.7287833095 0.8084880114 -0.1968104094 0.5546285510
272.2 -141.0 2663.2 0.2927191257 0.9527212381 0.0814723000 -0.7877325416 0.2885686457 -0.5442477465 -0.5420267582 0.0951333269 0.8349590898
330.0 -296.5 2556.2 -0.2834285200 0.9527212381 0.1095011160 0.9568544626 0.2885686457 -0.0340237729 -0.0640137643 0.0951333269 -0.9934042096
44.5 -521.9 2713.6 0.9841696024 0.1602444202 -0.0757096782 -0.0610758029 -0.0943617225 -0.9936627150 -0.1663729995 0.9825566411 -0.0830808803
-17.7 -485.2 2331.8 0.9841696024 0.0619927496 0.1660335213 -0.0610758029 0.9980765581 -0.0106277494 -0.1663729995 0.0003188769 0.9860628247
223.7 -522.7 2715.8 0.9944788218 -0.1045934558 0.0084898528 -0.0026790046 -0.1061829329 -0.9943429828 0.1049032435 0.9888303280 -0.1058768854
263.0 -482.7 2343.8 0.9944788218 0.0033499892 -0.1048839614 -0.0026790046 0.9999750257 0.0065376284 0.1049032435 -0.0062205479 0.9944629669
-109.2 -543.9 2437.0 0 0 0 0 0 0 0 0 0
253.6 -38.7 2538.9 0 0 0 0 0 0 0 0 0
-40.9 -857.8 2331.6 0 0 0 0 0 0 0 0 0
261.8 -856.0 2346.2 0 0 0 0 0 0 0 0 0
138.1 60.6 2636.7 02 0.9999209046 0.0107280109 -0.0065658195 -0.0098223491 0.9920914173 0.1251322776 0.0078563141 -0.1250578910 0.9921183586
136.0 -136.6 2661.5 0.9999209046 0.0107280109 -0.0065658195 -0.0098223491 0.9920914173 0.1251322776 0.0078563141 -0.1250578910 0.9921183586
135.3 -327.7 2686.9 0.9999610186 0.0059490330 -0.0065247896 -0.0050503565 0.9914994836 0.1300124079 0.0072427737 -0.1299743950 0.9914909005
-0.2 -134.6 2660.7 0.3550715148 -0.9141503572 -0.1955846846 0.9341042638 0.3552346826 0.0354624353 0.0370604619 -0.1952881813 0.9800454378
-95.7 -386.0 2650.7 0.0552290417 -0.9141503572 -0.4015954435 0.5863950849 0.3552346826 -0.7279760242 0.8081401587 -0.1952881813 0.5556725860
272.1 -138.6 2662.4 0.2906055748 0.9533033967 0.0822256953 -0.7883778214 0.2872522771 -0.5440097451 -0.5422258377 0.0932673365 0.8350403309
329.5 -294.3 2555.3 -0.2821834087 0.9533033967 0.1076344475 0.9572298527 0.2872522771 -0.0346000865 -0.0639026240 0.0932673365 -0.9935882688
45.1 -522.4 2711.7 0.9837399721 0.1576784551 -0.0859837830 -0.0709729195 -0.0984851494 -0.9926044345 -0.1649804562 0.9825671315 -0.0856928751
-15.7 -484.5 2332.6 0.9837399721 0.0737218857 0.1637705415 -0.0709729195 0.9972226024 -0.0225818288 -0.1649804562 0.0105913738 0.9862399697
224.3 -523.1 2713.3 0.9944535494 -0.1049750894 0.0065114843 -0.0052068988 -0.1109710634 -0.9938099980 0.1050478816 0.9882639647 -0.1109021604
263.5 -481.6 2343.6 0.9944535494 0.0058326093 -0.1050149947 -0.0052068988 0.9999670386 0.0062314714 0.1050478816 -0.0056501064 0.9944511056
-110.3 -541.0 2437.1 0 0 0 0 0 0 0 0 0
253.4 -36.4 2538.1 0 0 0 0 0 0 0 0 0
-43.3 -856.7 2328.7 0 0 0 0 0 0 0 0 0
261.4 -854.9 2345.7 0 0 0 0 0 0 0 0 0
137.8 58.7 2637.8 03 0.9999196529 0.0106337499 -0.0069017797 -0.0097120106 0.9924741387 0.1220687255 0.0081478860 -0.1219918877 0.9924976826
135.6 -138.4 2662.0 0.9999196529 0.0106337499 -0.0069017797 -0.0097120106 0.9924741387 0.1220687255 0.0081478860 -0.1219918877 0.9924976826
134.9 -329.5 2687.0 0.9999562502 0.0063697561 -0.0068513784 -0.0054409071 0.9917656779 0.1279503554 0.0076099741 -0.1279074848 0.9917569160
-0.5 -136.3 2661.2 0.3554074466 -0.9139431715 -0.1959423423 0.9338916540 0.3559837043 0.0334954150 0.0391393751 -0.1948934346 0.9800431728
-96.1 -387.7 2650.6 0.0551428609 -0.9139431715 -0.4020785093 0.5846905708 0.3559837043 -0.7289804816 0.8093801141 -0.1948934346 0.5540038943
271.8 -140.4 2662.9 0.2905153632 0.9533755779 0.0817057565 -0.7873562574 0.2866994739 -0.5457778573 -0.5437563062 0.0942253098 0.8339368701
329.1 -295.9 2555.6 -0.2818005085 0.9533755779 0.1079975665 0.9574667215 0.2866994739 -0.0325718522 -0.0620160550 0.0942253098 -0.9936174154
44.5 -519.7 2711.5 0.9840053320 0.1633230299 -0.0711276308 -0.0569397323 -0.0899707898 -0.9943153858 -0.1687940061 0.9824616313 -0.0792321637
-18.5 -485.0 2331.9 0.9840053320 0.0593692623 0.1679548770 -0.0569397323 0.9981920123 -0.0192487687 -0.1687940061 0.0093775848 0.9856067300
223.7 -520.6 2712.8 0.9940500259 -0.1083474383 0.0111991800 -0.0001520349 -0.1041958183 -0.9945567846 0.1089245901 0.9886375070 -0.1035923287
264.2 -481.7 2343.8 0.9940500259 0.0006936218 -0.1089224890 -0.0001520349 0.9999876022 0.0049804486 0.1089245901 -0.0049342546 0.9940377474
-110.7 -542.2 2436.6 0 0 0 0 0 0 0 0 0
253.2 -38.0 2538.9 0 0 0 0 0 0 0 0 0
-40.7 -857.5 2328.4 0 0 0 0 0 0 0 0 0
263.9 -855.0 2345.6 0 0 0 0 0 0 0 0 0
138.2 61.5 2638.9 04 0.9995570779 0.0099600125 -0.0280443188 -0.0064672516 0.9925106764 0.1219866127 0.0290492736 -0.1217512116 0.9921354651
136.2 -136.4 2663.2 0.9995570779 0.0099600125 -0.0280443188 -0.0064672516 0.9925106764 0.1219866127 0.0290492736 -0.1217512116 0.9921354651
136.0 -327.5 2687.9 0.9996018410 0.0033963018 -0.0280105546 0.0001887045 0.9919022918 0.1270031631 0.0282150749 -0.1269578785 0.9915067554
0.1 -135.1 2659.5 0.3492391706 -0.9117311835 -0.2162828743 0.9358440042 0.3510043919 0.0314946063 0.0472016260 -0.2134061754 0.9758226275
-93.9 -386.9 2646.8 0.0351452157 -0.9117311835 -0.4092811942 0.5842520595 0.3510043919 -0.7317413688 0.8108109236 -0.2134061754 0.5450169444
272.3 -137.7 2666.8 0.3061062694 0.9495950937 0.0675880834 -0.7852088809 0.2919825912 -0.5460706353 -0.5382805467 0.1140848920 0.8350082040
332.7 -292.7 2560.6 -0.2858720720 0.9495950937 0.1286326796 0.9559193254 0.2919825912 -0.0310543701 -0.0670475811 0.1140848920 -0.9912059903
44.1 -521.6 2711.1 0.9842119813 0.1579414755 -0.0798828676 -0.0654815510 -0.0943789855 -0.9933804870 -0.1644352376 0.9829277992 -0.0825466737
-17.0 -485.1 2331.2 0.9842119813 0.0670789778 0.1637900919 -0.0654815510 0.9977389574 -0.0151387779 -0.1644352376 0.0041745380 0.9863790274
223.2 -522.6 2712.5 0.9935299158 -0.1135194823 0.0034192607 -0.0086962124 -0.1060592607 -0.9943217635 0.1132375374 0.9878586531 -0.1063602343
265.7 -482.9 2343.3 0.9935299158 0.0092962543 -0.1131898612 -0.0086962124 0.9999454021 0.0057938034 0.1132375374 -0.0047719935 0.9935564995
-103.1 -541.4 2432.4 0 0 0 0 0 0 0 0 0
255.7 -35.2 2542.5 0 0 0 0 0 0 0 0 0
-42.0 -857.5 2329.7 0 0 0 0 0 0 0 0 0
262.2 -856.2 2345.1 0 0 0 0 0 0 0 0 0
136.9 64.3 2638.4 05 0.9999216795 0.0074309036 -0.0100713475 -0.0061266301 0.9922813177 0.1238559559 0.0109139709 -0.1237845495 0.9922490716
135.5 -133.4 2663.1 0.9999216795 0.0074309036 -0.0100713475 -0.0061266301 0.9922813177 0.1238559559 0.0109139709 -0.1237845495 0.9922490716
135.6 -324.5 2688.3 0.9999479651 0.0017845788 -0.0100465296 -0.0004716471 0.9916186333 0.1291987300 0.0101928907 -0.1291872710 0.9915678501
-0.7 -132.0 2661.9 0.3506722748 -0.9151899219 -0.1986361444 0.9356927276 0.3511939645 0.0337920561 0.0388336629 -0.1977123469 0.9794905782
-95.0 -383.8 2651.4 0.0501540154 -0.9151899219 -0.3998899162 0.5860042572 0.3511939645 -0.7302477360 0.8087543249 -0.1977123469 0.5539190173
271.6 -134.7 2664.3 0.2958173156 0.9516964555 0.0822559074 -0.7866091132 0.2915460169 -0.5442857742 -0.5419762135 0.0963059068 0.8348574638
330.0 -290.1 2557.3 -0.2863813639 0.9516964555 0.1107232347 0.9559762478 0.2915460169 -0.0333222449 -0.0639935806 0.0963059068 -0.9932925105
45.8 -520.1 2710.1 0.9834364653 0.1599598527 -0.0852383748 -0.0706633851 -0.0947006866 -0.9929947257 -0.1669114232 0.9825704098 -0.0818288028
-15.4 -483.9 2333.8 0.9834364653 0.0726482272 0.1660571247 -0.0706633851 0.9973407388 -0.0178377852 -0.1669114232 0.0058081704 0.9859547615
224.9 -520.1 2715.1 0.9938678741 -0.1105372161 -0.0028558432 -0.0131803080 -0.0927851349 -0.9955989122 0.1097857580 0.9895313978 -0.0936730802
266.7 -485.0 2340.8 0.9938678741 0.0139416475 -0.1096916720 -0.0131803080 0.9998837709 0.0076627694 0.1097857580 -0.0061700107 0.9939361215
-108.3 -538.7 2437.6 0 0 0 0 0 0 0 0 0
252.8 -32.5 2540.1 0 0 0 0 0 0 0 0 0
-42.5 -856.1 2331.6 0 0 0 0 0 0 0 0 0
261.5 -858.2 2343.1 0 0 0 0 0 0 0 0 0
135.3 63.4 2638.7 06 0.9999696612 0.0075607253 0.0018695885 -0.0077355960 0.9920622110 0.1255097985 -0.0009058031 -0.1255204529 0.9920906425
133.8 -134.1 2663.7 0.9999696612 0.0075607253 0.0018695885 -0.0077355960 0.9920622110 0.1255097985 -0.0009058031 -0.1255204529 0.9920906425
133.7 -325.3 2688.8 0.9999947548 0.0026288698 0.0018872687 -0.0028502920 0.9916467667 0.1289517730 -0.0015325064 -0.1289564818 0.9916490912
-2.4 -132.4 2664.1 0.3533285260 -0.9166070223 -0.1870574355 0.9348462820 0.3534213603 0.0339967459 0.0349484347 -0.1868819594 0.9817605019
-97.4 -384.0 2654.6 0.0610268451 -0.9166070223 -0.3951041102 0.5856628418 0.3534213603 -0.7294466496 0.8082541227 -0.1868819594 0.5583908558
269.9 -135.8 2663.3 0.2875703275 0.9534510374 0.0907434970 -0.7871618867 0.2892577052 -0.5447073579 -0.5456000566 0.0852118582 0.8337022662
326.7 -291.3 2555.6 -0.2848368585 0.9534510374 0.0989900976 0.9566713572 0.2892577052 -0.0333142914 -0.0603971966 0.0852118582 -0.9945306182
45.7 -516.9 2712.4 0.9839768410 0.1602746099 -0.0781132132 -0.0646867454 -0.0873509794 -0.9940751791 -0.1661482751 0.9831997752 -0.0755836964
-15.7 -483.5 2335.7 0.9839768410 0.0687870830 0.1644930542 -0.0646867454 0.9974496961 -0.0301617272 -0.1661482751 0.0190379210 0.9859169722
224.8 -517.0 2714.3 0.9943704009 -0.1058330908 0.0051852106 -0.0042784926 -0.0889985636 -0.9960225821 0.1058736295 0.9903931618 -0.0889503360
264.5 -483.6 2342.7 0.9943704009 0.0049666162 -0.1058435813 -0.0042784926 0.9999682307 0.0067274002 0.1058736295 -0.0062366771 0.9943600297
-113.6 -538.8 2441.0 0 0 0 0 0 0 0 0 0
249.9 -33.5 2539.3 0 0 0 0 0 0 0 0 0
-41.4 -855.8 2328.6 0 0 0 0 0 0 0 0 0
262.7 -856.9 2345.0 0 0 0 0 0 0 0 0 0
135.5 60.3 2639.3 07 0.9998412728 0.0167630594 0.0060369889 -0.0173963029 0.9916815162 0.1275346875 -0.0038488992 -0.1276194602 0.9918157458
132.1 -137.0 2664.7 0.9998412728 0.0167630594 0.0060369889 -0.0173963029 0.9916815162 0.1275346875 -0.0038488992 -0.1276194602 0.9918157458
130.3 -328.0 2690.5 0.9999102354 0.0119272247 0.0061032651 -0.0126291821 0.9911538959 0.1321151257 -0.0044735083 -0.1321803480 0.9912155867
-4.0 -134.0 2665.5 0.3625426888 -0.9136655331 -0.1837882698 0.9314556718 0.3617607951 0.0389801152 0.0308726057 -0.1853225827 0.9821926355
-101.5 -384.6 2657.2 0.0691525042 -0.9136655331 -0.4005412161 0.5876342654 0.3617607951 -0.7237507105 0.8061661720 -0.1853225827 0.5619178414
268.3 -140.0 2664.0 0.2782421410 0.9564799070 0.0879058912 -0.7916853428 0.2801972032 -0.5428847075 -0.5438893437 0.0814596042 0.8351938128
323.2 -296.3 2556.6 -0.2756606042 0.9564799070 0.0956941098 0.9592105746 0.2801972032 -0.0374779738 -0.0626601502 0.0814596042 -0.9947050214
43.7 -517.5 2714.0 0.9846782684 0.1560032219 -0.0779212043 -0.0643581599 -0.0901864693 -0.9938432574 -0.1620701849 0.9836307168 -0.0787645727
-16.2 -482.9 2336.6 0.9846782684 0.0687713176 0.1602473855 -0.0643581599 0.9973950386 -0.0325751789 -0.1620701849 0.0217628442 0.9865392447
222.8 -518.0 2713.7 0.9936714768 -0.1121969447 0.0053692670 -0.0043338817 -0.0860607177 -0.9962804914 0.1122417077 0.9899522066 -0.0860023350
265.2 -485.5 2339.3 0.9936714768 0.0066765230 -0.1121267527 -0.0043338817 0.9997674823 0.0211235583 0.1122417077 -0.0205039345 0.9934693575
-119.8 -540.0 2444.0 0 0 0 0 0 0 0 0 0
248.9 -37.9 2539.7 0 0 0 0 0 0 0 0 0
-41.9 -855.2 2328.5 0 0 0 0 0 0 0 0 0
262.7 -858.6 2347.0 0 0 0 0 0 0 0 0 0
134.9 63.4 2638.7 08 0.9997552037 0.0213468559 -0.0058207815 -0.0203976668 0.9911231995 0.1313723773 0.0085734986 -0.1312214732 0.9913160205
130.6 -134.7 2664.9 0.9997552037 0.0213468559 -0.0058207815 -0.0203976668 0.9911231995 0.1313723773 0.0085734986 -0.1312214732 0.9913160205
127.8 -325.7 2690.7 0.9998336434 0.0172955245 -0.0057957433 -0.0163742080 0.9910267591 0.1326567084 0.0080381045 -0.1325397342 0.9911450744
-5.5 -131.2 2663.9 0.3656184971 -0.9099139571 -0.1959075034 0.9301096201 0.3650722802 0.0402279571 0.0349164195 -0.1969235539 0.9797968864
-103.9 -381.5 2654.5 0.0612700060 -0.9099139571 -0.4102470279 0.5878310800 0.3650722802 -0.7219257951 0.8066601753 -0.1969235539 0.5572436452
266.7 -138.2 2665.8 0.2820504606 0.9564305544 0.0754196942 -0.7930313349 0.2766616344 -0.5427334905 -0.5399526358 0.0932680517 0.8365119696
322.4 -294.8 2559.2 -0.2712568641 0.9564305544 0.1079829410 0.9601997137 0.2766616344 -0.0384032354 -0.0666047707 0.0932680517 -0.9934107065
38.4 -519.3 2716.6 0.9870335460 0.1454200000 -0.0679545328 -0.0546898693 -0.0933497101 -0.9941301942 -0.1509099603 0.9849562645 -0.0841862932
-17.9 -483.1 2334.7 0.9870335460 0.0568023100 0.1501275897 -0.0546898693 0.9983381033 -0.0181657150 -0.1509099603 0.0097197117 0.9884997010
217.6 -521.5 2715.8 0.9923173785 -0.1232826486 0.0103734396 -0.0022310952 -0.1016657203 -0.9948161244 0.1236981899 0.9871501923 -0.1011597216
264.3 -483.0 2341.8 0.9923173785 0.0038986665 -0.1236568689 -0.0022310952 0.9999047518 0.0136210835 0.1236981899 -0.0132405469 0.9922315478
-120.1 -536.9 2441.3 0 0 0 0 0 0 0 0 0
249.3 -36.1 2541.3 0 0 0 0 0 0 0 0 0
-39.1 -855.7 2331.1 0 0 0 0 0 0 0 0 0
262.8 -856.3 2346.8 0 0 0 0 0 0 0 0 0
134.5 63.0 2638.3 09 0.9997011423 0.0211469866 -0.0122637078 -0.0193699058 0.9912799597 0.1303412914 0.0149130933 -0.1300647855 0.9913933277
130.3 -135.3 2664.3 0.9997011423 0.0211469866 -0.0122637078 -0.0193699058 0.9912799597 0.1303412914 0.0149130933 -0.1300647855 0.9913933277
127.0 -326.3 2690.3 0.9997373819 0.0193971526 -0.0122035304 -0.0175991543 0.9909216762 0.1332833469 0.0146780601 -0.1330335736 0.9910028577
-5.8 -131.6 2662.5 0.3665267229 -0.9081369638 -0.2023498118 0.9296808243 0.3660681844 0.0410814583 0.0367662385 -0.2031781971 0.9784512520
-104.4 -381.8 2652.6 0.0566457212 -0.9081369638 -0.4148235023 0.5882593989 0.3660681844 -0.7210720778 0.8066858649 -0.2031781971 0.5549563169
266.4 -139.0 2666.2 0.2846452892 0.9561318755 0.0692016929 -0.7937151194 0.2755430937 -0.5423027873 -0.5375810266 0.0994375050 0.8373283744
322.6 -295.7 2560.0 -0.2696238756 0.9561318755 0.1145197675 0.9604908824 0.2755430937 -0.0391570851 -0.0689944699 0.0994375050 -0.9926489592
34.8 -516.6 2715.7 0.9886298180 0.1338278502 -0.0685649589 -0.0566799976 -0.0906853378 -0.9942653179 -0.1392782331 0.9868466258 -0.0820688680
-16.6 -481.7 2336.2 0.9886298180 0.0594097041 0.1381359398 -0.0566799976 0.9981130958 -0.0236148834 -0.1392782331 0.0155168334 0.9901317358
214.0 -519.6 2717.2 0.9909202456 -0.1341912448 0.0083552916 -0.0048125423 -0.0975043327 -0.9952234626 0.1343649477 0.9861468673 -0.0972648188
264.8 -482.6 2343.3 0.9909202456 0.0062569282 -0.1343054473 -0.0048125423 0.9999270439 0.0110764392 0.1343649477 -0.0103295175 0.9908781052
-119.4 -537.3 2439.3 0 0 0 0 0 0 0 0 0
249.9 -36.9 2541.4 0 0 0 0 0 0 0 0 0
-38.8 -854.3 2330.5 0 0 0 0 0 0 0 0 0
262.5 -855.9 2347.2 0 0 0 0 0 0 0 0 0
133.2 64.6 2638.6 10 0.9997646809 0.0215431079 -0.0025535745 -0.0210215934 0.9911229610 0.1312758178 0.0053589954 -0.1311912537 0.9913426042
128.9 -133.3 2664.8 0.9997646809 0.0215431079 -0.0025535745 -0.0210215934 0.9911229610 0.1312758178 0.0053589954 -0.1311912537 0.9913426042
125.6 -324.2 2691.2 0.9998074174 0.0194705781 -0.0024663638 -0.0189569890 0.9905973673 0.1354897171 0.0050812368 -0.1354168653 0.9907757044
-7.2 -129.4 2664.3 0.3681368530 -0.9095514417 -0.1928508878 0.9292491674 0.3668808937 0.0435248502 0.0311652198 -0.1952296346 0.9802622795
-106.2 -379.5 2655.9 0.0652256683 -0.9095514417 -0.4104410112 0.5899612308 0.3668808937 -0.7192664146 0.8047927618 -0.1952296346 0.5605301261
265.0 -137.2 2665.4 0.2783622146 0.9574224949 0.0765283480 -0.7952961922 0.2744322121 -0.5405468941 -0.5385336280 0.0896051228 0.8378260136
320.0 -294.2 2559.1 -0.2689610422 0.9574224949 0.1048907712 0.9607101083 0.2744322121 -0.0415097140 -0.0685277432 0.0896051228 -0.9936170578
33.7 -517.1 2714.8 0.9887598753 0.1329221427 -0.0684511885 -0.0568848662 -0.0889476538 -0.9944105744 -0.1382677555 0.9871271253 -0.0803866163
-17.2 -483.0 2336.5 0.9887598753 0.0580020584 0.1378028393 -0.0568848662 0.9983081818 -0.0120349880 -0.1382677555 0.0040608179 0.9903865457
212.8 -520.2 2717.4 0.9898096919 -0.1423780471 0.0022861916 -0.0129107749 -0.1057213470 -0.9943119884 0.1418098956 0.9841501117 -0.1064822227
266.7 -480.2 2344.7 0.9898096919 0.0130945267 -0.1417930424 -0.0129107749 0.9999141693 0.0022158525 0.1418098956 -0.0003626141 0.9898938537
-123.5 -535.5 2443.1 0 0 0 0 0 0 0 0 0
247.5 -35.4 2540.6 0 0 0 0 0 0 0 0 0
-38.9 -855.6 2335.0 0 0 0 0 0 0 0 0 0
261.9 -853.4 2344.9 0 0 0 0 0 0 0 0 0
131.8 67.3 2638.3 11 0.9997916818 0.0202683322 0.0024049541 -0.0204084981 0.9910728931 0.1317498237 0.0002868645 -0.1317714602 0.9912800789
127.7 -130.5 2664.6 0.9997916818 0.0202683322 0.0024049541 -0.0204084981 0.9910728931 0.1317498237 0.0002868645 -0.1317714602 0.9912800789
124.7 -321.4 2690.9 0.9998338819 0.0180591773 0.0024642958 -0.0182265360 0.9907026887 0.1348181814 -0.0000066792 -0.1348406971 0.9908673167
-8.4 -126.7 2664.7 0.3676113188 -0.9107985497 -0.1879039109 0.9294978380 0.3663450480 0.0427207127 0.0299277045 -0.1903609037 0.9812579155
-107.3 -376.8 2656.7 0.0688792840 -0.9107985497 -0.4070646167 0.5894648433 0.3663450480 -0.7199462056 0.8048520684 -0.1903609037 0.5621172786
263.8 -134.3 2664.5 0.2762057483 0.9576643109 0.0811754316 -0.7947274446 0.2750742733 -0.5410567522 -0.5404800177 0.0849306360 0.8370592594
318.4 -291.2 2557.7 -0.2700072527 0.9576643109 0.0998756811 0.9605585337 0.2750742733 -0.0407611169 -0.0665086955 0.0849306360 -0.9941646457
32.3 -514.8 2717.1 0.9889621139 0.1319407672 -0.0674210265 -0.0572252870 -0.0796009675 -0.9951828718 -0.1366719753 0.9880563617 -0.0711719915
-18.7 -484.0 2335.1 0.9889621139 0.0571409315 0.1367072612 -0.0572252870 0.9983558059 -0.0033161389 -0.1366719753 -0.0045435764 0.9906059504
211.4 -518.2 2718.0 0.9890614152 -0.1474991739 0.0012119834 -0.0138061354 -0.1007518619 -0.9948157668 0.1468566209 0.9839171767 -0.1016861722
267.6 -479.8 2343.0 0.9890614152 0.0157964136 -0.1466558874 -0.0138061354 0.9997984171 0.0145791154 0.1468566209 -0.0123948893 0.9890801311
-125.5 -532.7 2443.9 0 0 0 0 0 0 0 0 0
245.6 -32.4 2539.8 0 0 0 0 0 0 0 0 0
-40.0 -856.7 2336.8 0 0 0 0 0 0 0 0 0
261.7 -853.0 2347.7 0 0 0 0 0 0 0 0 0
133.4 67.4 2638.6 12 0.9997410774 0.0215770863 0.0072265710 -0.0223473385 0.9908498526 0.1331060678 -0.0042884056 -0.1332330853 0.9910754561
129.1 -130.1 2665.2 0.9997410774 0.0215770863 0.0072265710 -0.0223473385 0.9908498526 0.1331060678 -0.0042884056 -0.1332330853 0.9910754561
126.1 -321.0 2691.8 0.9998075366 0.0182126015 0.0072955722 -0.0190385114 0.9904513359 0.1365419328 -0.0047391253 -0.1366545558 0.9906074405
-7.0 -126.2 2666.0 0.3684968352 -0.9114007950 -0.1831902415 0.9292497039 0.3667524755 0.0445825085 0.0265529417 -0.1866579950 0.9820660353
-106.2 -376.2 2658.8 0.0731886029 -0.9114007950 -0.4049592614 0.5908097625 0.3667524755 -0.7186351418 0.8034844398 -0.1866579950 0.5653066039
265.2 -134.0 2664.4 0.2729875147 0.9582790732 0.0847293809 -0.7958917618 0.2744439542 -0.5396635532 -0.5404017568 0.0798860043 0.8376061916
319.1 -291.1 2557.7 -0.2695489824 0.9582790732 0.0951030925 0.9606601596 0.2744439542 -0.0425739065 -0.0668981522 0.0798860043 -0.9945566058
31.6 -512.1 2717.1 0.9895830154 0.1310453862 -0.0596029125 -0.0509172007 -0.0686628670 -0.9963397384 -0.1346582323 0.9889957309 -0.0612751432
-19.3 -485.4 2332.3 0.9895830154 0.0505035035 0.1348139346 -0.0509172007 0.9987028241 -0.0003797082 -0.1346582323 -0.0064885956 0.9908708334
210.8 -515.4 2717.1 0.9889330864 -0.1483279914 0.0031819164 -0.0106328949 -0.0922508836 -0.9956790209 0.1479806006 0.9846261144 -0.0928071141
267.1 -480.4 2343.2 0.9889330864 0.0119176097 -0.1478826851 -0.0106328949 0.9998985529 0.0094749378 0.1479806006 -0.0077976589 0.9889595509
-125.5 -532.4 2446.4 0 0 0 0 0 0 0 0 0
246.5 -32.3 2539.7 0 0 0 0 0 0 0 0 0
-38.2 -858.2 2334.7 0 0 0 0 0 0 0 0 0
262.7 -853.6 2346.1 0 0 0 0 0 0 0 0 0
133.7 66.6 2638.3 13 0.9997203350 0.0236483123 0.0000488943 -0.0234383009 0.9905629754 0.1350394040 0.0031450212 -0.1350027919 0.9908402562
129.0 -130.9 2665.2 0.9997203350 0.0236483123 0.0000488943 -0.0234383009 0.9905629754 0.1350394040 0.0031450212 -0.1350027919 0.9908402562
125.8 -321.8 2692.2 0.9998247623 0.0187187623 0.0001213959 -0.0185553469 0.9901984930 0.1384290308 0.0024710139 -0.1384070218 0.9903723598
-7.1 -127.1 2665.0 0.3678520322 -0.9102132916 -0.1902541965 0.9294797778 0.3659481704 0.0463597700 0.0274259001 -0.1938909590 0.9806396365
-106.1 -377.2 2657.6 0.0671381205 -0.9102132916 -0.4086615443 0.5923725963 0.3659481704 -0.7177580595 0.8028618693 -0.1938909590 0.5637544990
265.1 -134.8 2665.4 0.2772392929 0.9575496912 0.0789747611 -0.7967835069 0.2750670314 -0.5380280018 -0.5369119048 0.0862367228 0.8392192125
