128.8 108.1 2338.3 2 0.9711038470 -0.0260776151 0.2372282147 -0.0592008792 0.9366229773 0.3453008235 -0.2311980128 -0.3493670821 0.9080143571
134.0 -80.4 2408.7 0.9711038470 -0.0260776151 0.2372282147 -0.0592008792 0.9366229773 0.3453008235 -0.2311980128 -0.3493670821 0.9080143571
138.8 -267.0 2476.8 0.9711146951 -0.0239742044 0.2374056429 -0.0596072562 0.9390218854 0.3386515379 -0.2310480028 -0.3430205882 0.9104689360
-2.6 -72.0 2441.2 -0.2918867171 -0.7846612930 0.5469084382 0.9290559888 -0.3684799373 -0.0328260809 0.2272821367 0.4985270500 0.8365486264
91.4 -371.3 2367.9 0.3139497340 -0.7846612930 0.5345486403 0.4572235346 -0.3684799373 -0.8094251752 0.8320950866 0.4985270500 0.2430814356
270.7 -88.8 2376.1 0.0441260450 0.6894603372 0.7229781151 -0.9791067243 0.1736380309 -0.1058295220 -0.1985017508 -0.7032029033 0.6827172041
280.8 -312.4 2330.8 -0.5480135083 0.6894603372 0.4736302793 -0.5097774267 0.1736380309 -0.8426012397 -0.6631803513 -0.7032029033 0.2563152909
53.8 -448.9 2565.7 0.8525790572 0.5213960409 0.0354274623 0.0916515142 -0.0824381188 -0.9923728704 -0.5144987106 0.8493233323 -0.1180717498
-164.0 -414.5 2210.9 0.8525790572 -0.1010959297 0.5127266049 0.0916515142 0.9948294759 0.0437524617 -0.5144987106 0.0096897362 0.8574364185
240.3 -456.1 2524.7 0.9820764661 -0.0836102143 0.1689236015 0.1534435600 -0.1658072174 -0.9741473198 0.1094574183 0.9826074243 -0.1500059217
276.9 -383.6 2095.1 0.9820764661 -0.1566960514 -0.1047482565 0.1534435600 0.9874082804 -0.0384701788 0.1094574183 0.0217077099 0.9937544465
7.9 -492.8 2146.8 0 0 0 0 0 0 0 0 0
138.3 -444.9 2158.4 0 0 0 0 0 0 0 0 0
-125.4 -794.8 2207.2 0 0 0 0 0 0 0 0 0
336.7 -761.0 2086.8 0 0 0 0 0 0 0 0 0
129.0 107.8 2338.1 3 0.9697989225 -0.0205968842 0.2430345863 -0.0662844107 0.9366707206 0.3438813090 -0.2347262502 -0.3496051431 0.9070169926
133.1 -80.6 2408.4 0.9697989225 -0.0205968842 0.2430345863 -0.0662844107 0.9366707206 0.3438813090 -0.2347262502 -0.3496051431 0.9070169926
136.8 -267.0 2477.6 0.9698283076 -0.0186438039 0.2430750579 -0.0676869154 0.9372778535 0.3419483304 -0.2342040837 -0.3480841815 0.9077366590
-3.4 -71.1 2441.4 -0.2840845585 -0.8018437028 0.5256830454 0.9317948222 -0.3600952327 -0.0457149036 0.2259521633 0.4768418670 0.8494513035
88.8 -373.3 2368.1 0.2981041670 -0.8018437028 0.5178616047 0.4505389631 -0.3600952327 -0.8169125319 0.8415156007 0.4768418670 0.2539159358
269.6 -90.2 2375.4 0.0469267145 0.6904361844 0.7218696475 -0.9773454666 0.1810457557 -0.1096277386 -0.2063823938 -0.7003715634 0.6832905412
280.4 -314.5 2328.1 -0.5475939512 0.6904361844 0.4726930559 -0.5018388629 0.1810457557 -0.8458014727 -0.6695510149 -0.7003715634 0.2473481596
50.6 -448.9 2565.3 0.8630506992 0.5038821101 0.0353028737 0.0882495567 -0.0816002414 -0.9927504063 -0.4973484278 0.8599094152 -0.1148925126
-158.5 -415.0 2208.5 0.8630506992 -0.1012555212 0.4948644042 0.0882495567 0.9948601127 0.0496524684 -0.4973484278 0.0008189634 0.8675504923
233.0 -458.9 2523.9 0.9802117348 -0.0967570245 0.1726935655 0.1544241458 -0.1720478833 -0.9729093909 0.1238473803 0.9803252816 -0.1537017226
274.8 -384.7 2100.9 0.9802117348 -0.1614409536 -0.1145504713 0.1544241458 0.9856791496 -0.0677484497 0.1238473803 0.0487184674 0.9911046028
9.5 -493.1 2144.4 0 0 0 0 0 0 0 0 0
138.0 -445.0 2154.0 0 0 0 0 0 0 0 0 0
-119.8 -795.4 2208.2 0 0 0 0 0 0 0 0 0
336.5 -761.4 2082.3 0 0 0 0 0 0 0 0 0
128.2 108.8 2338.9 4 0.9692673087 -0.0213922672 0.2450779378 -0.0652781576 0.9381359220 0.3400585055 -0.2371910363 -0.3456058502 0.9079080224
132.5 -79.8 2408.4 0.9692673087 -0.0213922672 0.2450779378 -0.0652781576 0.9381359220 0.3400585055 -0.2371910363 -0.3456058502 0.9079080224
136.1 -266.2 2477.4 0.9693388343 -0.0181081370 0.2450597286 -0.0686744303 0.9375793338 0.3409234583 -0.2359364331 -0.3472996652 0.9075885415
-4.0 -70.1 2441.6 -0.2792389393 -0.8050945401 0.5233052969 0.9326514006 -0.3570607901 -0.0516621806 0.2284447402 0.4736353159 0.8505777717
87.1 -374.3 2367.1 0.2916121483 -0.8050945401 0.5165125132 0.4570752084 -0.3570607901 -0.8146102428 0.8402646184 0.4736353159 0.2638654709
268.9 -89.5 2375.2 0.0481119230 0.6799905896 0.7316406965 -0.9748836160 0.1914369315 -0.1138151437 -0.2174562663 -0.7077886462 0.6721220613
280.1 -316.8 2324.5 -0.5566545725 0.6799905896 0.4772300124 -0.4935062528 0.1914369315 -0.8484123349 -0.6682718396 -0.7077886462 0.2290153503
50.3 -447.2 2566.6 0.8688457608 0.4934766591 0.0398479328 0.0904569179 -0.0790998116 -0.9927541018 -0.4867490530 0.8661547303 -0.1133639142
-155.1 -414.3 2206.2 0.8688457608 -0.1036057025 0.4841207862 0.0904569179 0.9946184158 0.0505143180 -0.4867490530 -0.0000970728 0.8735418320
229.7 -459.4 2525.4 0.9802041650 -0.1055239365 0.1675247699 0.1479789317 -0.1716733426 -0.9739766121 0.1315373778 0.9794860482 -0.1526595950
275.2 -385.4 2103.1 0.9802041650 -0.1556077302 -0.1224176660 0.1479789317 0.9865683913 -0.0691738278 0.1315373778 0.0496892333 0.9900650978
9.6 -495.8 2143.7 0 0 0 0 0 0 0 0 0
135.4 -445.1 2150.8 0 0 0 0 0 0 0 0 0
-115.5 -794.5 2206.2 0 0 0 0 0 0 0 0 0
334.7 -762.5 2084.1 0 0 0 0 0 0 0 0 0
128.2 109.2 2338.8 5 0.9699848294 -0.0210382286 0.2422535568 -0.0639603585 0.9390953183 0.3376523554 -0.2346027792 -0.3430123031 0.9095625877
132.5 -79.8 2407.9 0.9699848294 -0.0210382286 0.2422535568 -0.0639603585 0.9390953183 0.3376523554 -0.2346027792 -0.3430123031 0.9095625877
135.9 -266.4 2476.6 0.9700627327 -0.0175334867 0.2422207743 -0.0677503198 0.9382540584 0.3392480612 -0.2332128137 -0.3455024362 0.9089773893
-4.1 -70.3 2440.7 -0.2853960097 -0.7947131395 0.5357053280 0.9314016104 -0.3617402315 -0.0404352918 0.2259206176 0.4874167144 0.8434363008
88.9 -373.8 2367.1 0.3072141111 -0.7947131395 0.5234983563 0.4528501034 -0.3617402315 -0.8149054050 0.8369864225 0.4874167144 0.2487542182
269.0 -89.4 2375.1 0.0485860556 0.6704146266 0.7403942347 -0.9745257497 0.1943108439 -0.1119950265 -0.2189497352 -0.7160918713 0.6627771258
280.4 -317.5 2323.8 -0.5669439435 0.6704146266 0.4786635637 -0.4884474874 0.1943108439 -0.8506834507 -0.6633201241 -0.7160918713 0.2172989845
50.2 -447.1 2565.9 0.8734106421 0.4850279689 0.0436082333 0.0932639688 -0.0787077397 -0.9925255179 -0.4779703319 0.8709494472 -0.1139798164
-152.0 -414.3 2202.9 0.8734106421 -0.1058546081 0.4753405154 0.0932639688 0.9943814278 0.0500738211 -0.4779703319 0.0005971343 0.8783757687
229.0 -459.4 2524.2 0.9796566963 -0.1123028770 0.1663153023 0.1456917822 -0.1719360799 -0.9742750525 0.1380094886 0.9786858559 -0.1520767361
277.2 -385.5 2103.9 0.9796566963 -0.1539525539 -0.1287296563 0.1456917822 0.9867535830 -0.0713534430 0.1380094886 0.0511470288 0.9891093969
7.3 -494.1 2144.7 0 0 0 0 0 0 0 0 0
133.0 -444.5 2151.4 0 0 0 0 0 0 0 0 0
-111.5 -794.5 2202.7 0 0 0 0 0 0 0 0 0
336.1 -762.7 2084.3 0 0 0 0 0 0 0 0 0
129.5 111.5 2339.3 6 0.9706266522 -0.0208781902 0.2396830767 -0.0630743727 0.9393005967 0.3372476995 -0.2321755737 -0.3424594700 0.9103933573
133.7 -77.5 2408.2 0.9706266522 -0.0208781902 0.2396830767 -0.0630743727 0.9393005967 0.3372476995 -0.2321755737 -0.3424594700 0.9103933573
137.4 -264.0 2476.8 0.9706771970 -0.0189582910 0.2396379411 -0.0654565766 0.9383709431 0.3393749595 -0.2313032597 -0.3451094329 0.9096143842
-2.9 -68.2 2440.7 -0.2877882421 -0.7875327468 0.5449496508 0.9317740798 -0.3617386818 -0.0306954011 0.2213030159 0.4989362061 0.8379067183
91.4 -373.6 2368.2 0.3151980340 -0.7875327468 0.5295681357 0.4592689574 -0.3617386818 -0.8113058209 0.8304951787 0.4989362061 0.2476700097
270.3 -86.7 2375.6 0.0405901559 0.6687304378 0.7423961759 -0.9745068550 0.1905797273 -0.1183883697 -0.2206555605 -0.7186647058 0.6594180465
279.9 -316.5 2323.6 -0.5693275928 0.6687304378 0.4781900346 -0.4904119372 0.1905797273 -0.8503972888 -0.6598198414 -0.7186647058 0.2194510698
52.0 -444.8 2566.3 0.8757101297 0.4804901779 0.0475498997 0.0961793140 -0.0770835206 -0.9923747778 -0.4731610119 0.8736059070 -0.1137160361
-148.4 -412.6 2201.9 0.8757101297 -0.1089823991 0.4703771472 0.0961793140 0.9940435886 0.0512526184 -0.4731610119 0.0003581152 0.8809759021
228.6 -459.4 2523.6 0.9787340760 -0.1066854373 0.1752079129 0.1554367840 -0.1716620326 -0.9728162885 0.1338618696 0.9793622494 -0.1514286399
274.0 -386.4 2107.4 0.9787340760 -0.1649852693 -0.1218993515 0.1554367840 0.9842560887 -0.0841390043 0.1338618696 0.0634020716 0.9889697433
7.6 -495.7 2147.5 0 0 0 0 0 0 0 0 0
131.9 -444.0 2152.1 0 0 0 0 0 0 0 0 0
-106.7 -792.7 2201.7 0 0 0 0 0 0 0 0 0
337.0 -762.6 2083.2 0 0 0 0 0 0 0 0 0
129.7 110.4 2339.5 7 0.9720275998 -0.0219011270 0.2338434011 -0.0589014478 0.9410929680 0.3329785168 -0.2273609787 -0.3374380171 0.9134782553
134.1 -78.7 2407.3 0.9720275998 -0.0219011270 0.2338434011 -0.0589014478 0.9410929680 0.3329785168 -0.2273609787 -0.3374380171 0.9134782553
138.2 -265.8 2474.3 0.9720587134 -0.0202340633 0.2338641435 -0.0602927059 0.9413322210 0.3320518732 -0.2268626094 -0.3368742168 0.9138101935
-2.7 -70.2 2439.3 -0.2922762334 -0.7903474569 0.5384473205 0.9322344661 -0.3610615432 -0.0239468366 0.2133389413 0.4949600399 0.8423188329
91.6 -371.0 2370.4 0.3062515259 -0.7903474569 0.5306231380 0.4668806195 -0.3610615432 -0.8072527647 0.8295977712 0.4949600399 0.2584222853
270.9 -87.2 2375.4 0.0406952910 0.6749414802 0.7367482185 -0.9762642980 0.1838442534 -0.1144960448 -0.2127250433 -0.7146015167 0.6664028764
280.5 -315.2 2325.7 -0.5671672821 0.6749414802 0.4719907641 -0.4902321398 0.1838442534 -0.8519822359 -0.6618109345 -0.7146015167 0.2266075611
53.0 -443.6 2566.4 0.8693934679 0.4922843874 0.0425568707 0.0939045995 -0.0800521225 -0.9923576117 -0.4851153791 0.8667454720 -0.1158245578
-151.8 -410.3 2205.9 0.8693934679 -0.1047883406 0.4828813672 0.0939045995 0.9944834113 0.0467407182 -0.4851153791 0.0047087087 0.8744374514
230.4 -456.7 2524.0 0.9794991612 -0.1015612483 0.1739732027 0.1548556983 -0.1727564633 -0.9727152586 0.1288451701 0.9797145128 -0.1534874737
273.7 -383.0 2105.9 0.9794991612 -0.1623283625 -0.1192931980 0.1548556983 0.9854889512 -0.0695075244 0.1288451701 0.0496093296 0.9904230833
10.3 -495.1 2149.9 0 0 0 0 0 0 0 0 0
133.0 -442.6 2153.7 0 0 0 0 0 0 0 0 0
-111.8 -790.5 2204.1 0 0 0 0 0 0 0 0 0
335.8 -759.7 2087.0 0 0 0 0 0 0 0 0 0
128.5 112.3 2339.2 8 0.9735518098 -0.0293687545 0.2265709341 -0.0497712269 0.9406217933 0.3357878029 -0.2229792327 -0.3381835520 0.9142823219
134.4 -76.9 2407.2 0.9735518098 -0.0293687545 0.2265709341 -0.0497712269 0.9406217933 0.3357878029 -0.2229792327 -0.3381835520 0.9142823219
139.6 -264.0 2474.1 0.9736303687 -0.0261129644 0.2266320288 -0.0524354875 0.9412142634 0.3337157667 -0.2220236063 -0.3367993534 0.9150255322
-2.6 -69.5 2438.4 -0.2806133628 -0.8029640913 0.5258372426 0.9340690374 -0.3545090258 -0.0428759009 0.2208418399 0.4791367352 0.8495038748
89.8 -377.3 2365.7 0.3071717918 -0.8029640913 0.5107779503 0.4427703619 -0.3545090258 -0.8235762119 0.8423775434 0.4791367352 0.2466335297
271.4 -84.3 2375.9 0.0370790064 0.6915166378 0.7214082479 -0.9765675664 0.1782182753 -0.1206400767 -0.2119927555 -0.7000306845 0.6819208860
280.2 -315.5 2325.7 -0.5577889085 0.6915166378 0.4589948058 -0.4840279222 0.1782182753 -0.8567118645 -0.6742317677 -0.7000306845 0.2353051901
55.4 -444.4 2563.6 0.8645243645 0.5009292960 0.0408349037 0.0960439593 -0.0849109292 -0.9917488098 -0.4933287203 0.8613129258 -0.1215187982
-150.9 -409.5 2208.8 0.8645243645 -0.1090611666 0.4906152487 0.0960439593 0.9940321445 0.0517268144 -0.4933287203 0.0024015419 0.8698396683
233.6 -455.1 2522.5 0.9783359170 -0.1005361527 0.1809733957 0.1611927152 -0.1786111295 -0.9706260562 0.1299068779 0.9787698984 -0.1585359871
276.3 -379.3 2107.1 0.9783359170 -0.1673781574 -0.1218336523 0.1611927152 0.9851554632 -0.0590386949 0.1299068779 0.0381209776 0.9907931089
8.2 -495.0 2141.8 0 0 0 0 0 0 0 0 0
135.2 -441.3 2150.5 0 0 0 0 0 0 0 0 0
-109.2 -789.5 2207.9 0 0 0 0 0 0 0 0 0
340.3 -755.8 2092.5 0 0 0 0 0 0 0 0 0
128.0 110.8 2339.0 9 0.9704167247 -0.0308495909 0.2394571453 -0.0531955399 0.9401102066 0.3366943002 -0.2355029881 -0.3394718170 0.9106575847
134.2 -78.4 2407.3 0.9704167247 -0.0308495909 0.2394571453 -0.0531955399 0.9401102066 0.3366943002 -0.2355029881 -0.3394718170 0.9106575847
139.6 -265.4 2474.5 0.9705106616 -0.0271216780 0.2395275235 -0.0562446378 0.9407474399 0.3344111443 -0.2344046831 -0.3380217254 0.9114800096
-2.4 -70.5 2440.3 -0.2836548090 -0.8014091849 0.5265769362 0.9319784045 -0.3596661091 -0.0453486815 0.2257347256 0.4778949916 0.8489170671
90.6 -375.9 2366.3 0.3050782084 -0.8014091849 0.5144614577 0.4414418936 -0.3596661091 -0.8220518827 0.8438342810 0.4778949916 0.2440493107
270.8 -86.3 2374.3 0.0475654863 0.6916141510 0.7206992507 -0.9777958989 0.1796605438 -0.1078764051 -0.2040900588 -0.6995655298 0.6848031282
281.8 -313.2 2327.0 -0.5553149581 0.6916141510 0.4618389010 -0.4870618582 0.1796605438 -0.8546887636 -0.6740890741 -0.6995655298 0.2370906919
56.0 -446.4 2564.3 0.8550674915 0.5176206827 0.0304692015 0.0896978006 -0.0897855461 -0.9919137359 -0.5106993914 0.8508862257 -0.1232021451
-156.2 -409.6 2215.5 0.8550674915 -0.1036948711 0.5080422759 0.0896978006 0.9946085811 0.0520392358 -0.5106993914 0.0010732145 0.8597586751
233.8 -457.2 2521.1 0.9808063507 -0.0864351988 0.1747794896 0.1572723091 -0.1791669577 -0.9711666107 0.1152576879 0.9800143838 -0.1621342301
270.4 -381.3 2106.3 0.9808063507 -0.1620333791 -0.1084624305 0.1572723091 0.9862294793 -0.0511551499 0.1152576879 0.0331151597 0.9927834868
9.5 -493.2 2142.1 0 0 0 0 0 0 0 0 0
137.5 -439.8 2151.7 0 0 0 0 0 0 0 0 0
-116.6 -789.8 2215.1 0 0 0 0 0 0 0 0 0
332.3 -758.4 2093.6 0 0 0 0 0 0 0 0 0
128.1 110.7 2338.9 0 0.9710714817 -0.0316395015 0.2366836369 -0.0528783351 0.9380826354 0.3423519433 -0.2328606546 -0.3449636698 0.9092722535
134.5 -78.0 2408.3 0.9710714817 -0.0316395015 0.2366836369 -0.0528783351 0.9380826354 0.3423519433 -0.2328606546 -0.3449636698 0.9092722535
140.3 -264.6 2476.6 0.9711306691 -0.0293283891 0.2367382944 -0.0547014587 0.9385902882 0.3406699002 -0.2321915627 -0.3437848985 0.9098895788
-2.2 -70.3 2441.0 -0.2816231549 -0.8029336929 0.5253435373 0.9321312308 -0.3588259518 -0.0487370901 0.2276395410 0.4759636521 0.8494932652
89.3 -373.2 2367.0 0.2925443351 -0.8029336929 0.5193411708 0.4584934711 -0.3588259518 -0.8130360842 0.8391671777 0.4759636521 0.2631673515
271.2 -85.7 2375.6 0.0411382280 0.6944548488 0.7183592916 -0.9764777422 0.1802478135 -0.1183299348 -0.2116574943 -0.6965939999 0.6855347753
280.8 -314.5 2326.0 -0.5531622171 0.6944548488 0.4601565003 -0.4853872657 0.1802478135 -0.8555173278 -0.6770603657 -0.6965939999 0.2373732775
57.0 -445.7 2566.8 0.8540109992 0.5193269849 0.0310588554 0.0879420191 -0.0852612555 -0.9924700260 -0.5127683282 0.8503116965 -0.1184847131
-155.3 -410.9 2219.1 0.8540109992 -0.1057884842 0.5093858838 0.0879420191 0.9943726063 0.0590705760 -0.5127683282 -0.0056505040 0.8585084081
235.1 -456.0 2524.1 0.9802807570 -0.0866674706 0.1775905043 0.1605453938 -0.1746916920 -0.9714463353 0.1152163818 0.9808014631 -0.1573328376
271.8 -382.2 2109.5 0.9802807570 -0.1643335223 -0.1097457707 0.1605453938 0.9861102104 -0.0425656214 0.1152163818 0.0241070818 0.9930478334
11.6 -495.1 2144.0 0 0 0 0 0 0 0 0 0
137.0 -440.7 2150.0 0 0 0 0 0 0 0 0 0
-114.9 -791.0 2221.3 0 0 0 0 0 0 0 0 0
334.6 -759.1 2100.3 0 0 0 0 0 0 0 0 0
128.1 112.1 2338.8 1 0.9679508209 -0.0249755029 0.2498949170 -0.0634346604 0.9384632707 0.3395035863 -0.2429964840 -0.3444747627 0.9068019986
133.2 -76.9 2408.2 0.9679508209 -0.0249755029 0.2498949170 -0.0634346604 0.9384632707 0.3395035863 -0.2429964840 -0.3444747627 0.9068019986
137.4 -263.6 2476.3 0.9680267572 -0.0210345462 0.2499634027 -0.0665353462 0.9392552376 0.3367085159 -0.2418619543 -0.3425742388 0.9078246951
-3.1 -67.5 2442.2 -0.2838322818 -0.7931495905 0.5388441086 0.9311622381 -0.3621158600 -0.0425320342 0.2288582623 0.4896793365 0.8413311243
88.9 -369.1 2368.1 0.2960258126 -0.7931495905 0.5322428346 0.4734420180 -0.3621158600 -0.8029475808 0.8295910954 0.4896793365 0.2683146894
269.4 -86.3 2374.2 0.0494454540 0.6916593313 0.7205293179 -0.9777243137 0.1808577627 -0.1065160632 -0.2039861530 -0.6992122531 0.6851947308
280.9 -314.3 2326.6 -0.5578036904 0.6916593313 0.4587617815 -0.4811954796 0.1808577627 -0.8577536941 -0.6762439609 -0.6992122531 0.2319402099
52.7 -444.0 2566.9 0.8490410447 0.5280807018 0.0161264557 0.0772065744 -0.0938200876 -0.9925910234 -0.5226551890 0.8439955711 -0.1204284057
-162.9 -405.7 2222.2 0.8490410447 -0.0929729715 0.5200820565 0.0772065744 0.9956607819 0.0519494787 -0.5226551890 -0.0039534862 0.8525350094
230.3 -456.3 2522.5 0.9833785295 -0.0785732716 0.1636852771 0.1480017751 -0.1753335744 -0.9733209014 0.1051765308 0.9813686013 -0.1607902944
263.5 -382.3 2107.9 0.9833785295 -0.1514218450 -0.1001900807 0.1480017751 0.9881462455 -0.0407740474 0.1051765308 0.0252680145 0.9941325188
10.2 -494.9 2147.7 0 0 0 0 0 0 0 0 0
135.9 -439.4 2150.8 0 0 0 0 0 0 0 0 0
-127.4 -786.3 2223.7 0 0 0 0 0 0 0 0 0
321.4 -760.0 2098.3 0 0 0 0 0 0 0 0 0
127.7 112.1 2330.8 2 0.9682475328 -0.0254348479 0.2486961335 -0.0678228363 0.9307746291 0.3592472672 -0.2406174541 -0.3647075593 0.8994951844
132.8 -75.6 2404.3 0.9682475328 -0.0254348479 0.2486961335 -0.0678228363 0.9307746291 0.3592472672 -0.2406174541 -0.3647075593 0.8994951844
137.0 -260.6 2476.7 0.9683366418 -0.0213188939 0.2487361282 -0.0713708997 0.9311227202 0.3576543629 -0.2392286658 -0.3640823662 0.9001187086
-3.5 -65.5 2438.0 -0.2773357034 -0.7935931087 0.5415670276 0.9366642237 -0.3488117754 -0.0314720012 0.2138809264 0.4985381663 0.8400682211
87.1 -371.6 2368.1 0.3089166582 -0.7935931087 0.5241950154 0.4749158919 -0.3488117754 -0.8079512715 0.8240299821 0.4985381663 0.2691362202
269.1 -85.6 2370.7 0.0477351397 0.6946745515 0.7177385688 -0.9791715145 0.1745085120 -0.1037783623 -0.1973436773 -0.6978352666 0.6885356903
280.2 -314.2 2324.6 -0.5554397106 0.6946745515 0.4570711255 -0.4863026440 0.1745085120 -0.8561871648 -0.6745342612 -0.6978352666 0.2408931106
52.4 -439.0 2571.2 0.8490225673 0.5281051397 0.0162985642 0.0654900223 -0.0745768473 -0.9950624704 -0.5242820978 0.8458979130 -0.0979030430
-163.1 -408.6 2226.0 0.8490225673 -0.0934516340 0.5200264454 0.0654900223 0.9952572584 0.0719307885 -0.5242820978 -0.0270143189 0.8511160016
230.1 -452.2 2527.2 0.9831953049 -0.0792642161 0.1644510180 0.1510075927 -0.1530843675 -0.9766073227 0.1025848910 0.9850291014 -0.1385423392
263.5 -387.5 2111.4 0.9831953049 -0.1519868672 -0.1011283696 0.1510075927 0.9883809686 -0.0173142496 0.1025848910 0.0017521378 0.9947227240
5.0 -497.8 2149.1 0 0 0 0 0 0 0 0 0
135.8 -440.6 2149.3 0 0 0 0 0 0 0 0 0
-127.4 -789.0 2236.3 0 0 0 0 0 0 0 0 0
321.6 -765.3 2110.7 0 0 0 0 0 0 0 0 0
127.1 110.6 2334.8 3 0.9644381404 -0.0249606203 0.2631273270 -0.0689096004 0.9373549819 0.3414925337 -0.2551675737 -0.3474804163 0.9023008943
132.1 -78.9 2405.1 0.9644381404 -0.0249606203 0.2631273270 -0.0689096004 0.9373549819 0.3414925337 -0.2551675737 -0.3474804163 0.9023008943
136.5 -265.2 2474.2 0.9645002484 -0.0222807284 0.2631402910 -0.0713739097 0.9373577237 0.3409784436 -0.2542538047 -0.3476551473 0.9024915099
-3.6 -68.9 2440.8 -0.2763004601 -0.7744143605 0.5691576600 0.9339718819 -0.3560006022 -0.0309846066 0.2266153991 0.5230162144 0.8216444254
86.3 -372.8 2367.1 0.3308727741 -0.7744143605 0.5392639637 0.4767254591 -0.3560006022 -0.8037390113 0.8144053221 0.5230162144 0.2513921559
267.9 -88.9 2369.3 0.0525683202 0.6942304969 0.7178304791 -0.9808239937 0.1709839702 -0.0935346410 -0.1876721084 -0.6991484165 0.6899062395
280.0 -315.0 2326.0 -0.5577097535 0.6942304969 0.4549767673 -0.4862422049 0.1709839702 -0.8569323421 -0.6727022529 -0.6991484165 0.2422047108
52.5 -444.9 2566.6 0.8415262699 0.5401237011 0.0099975551 0.0706381872 -0.0916706771 -0.9932807684 -0.5355780125 0.8365780711 -0.1152966395
-167.9 -407.5 2225.4 0.8415262699 -0.0890813246 0.5328208804 0.0706381872 0.9959871769 0.0549527481 -0.5355780125 -0.0086066825 0.8444418907
229.4 -458.0 2520.0 0.9852635264 -0.0658383369 0.1578641236 0.1448254883 -0.1699281782 -0.9747563601 0.0910019055 0.9832546711 -0.1578889638
257.2 -386.3 2105.0 0.9852635264 -0.1472598016 -0.0870075822 0.1448254883 0.9888834357 -0.0336925052 0.0910019055 0.0205950812 0.9956377149
-1.6 -499.5 2150.7 0 0 0 0 0 0 0 0 0
135.0 -441.4 2151.2 0 0 0 0 0 0 0 0 0
-133.8 -788.2 2228.7 0 0 0 0 0 0 0 0 0
313.5 -764.2 2097.1 0 0 0 0 0 0 0 0 0
130.2 109.5 2337.3 4 0.9663605094 -0.0198829174 0.2564215660 -0.0689234212 0.9405193329 0.3326753974 -0.2477840036 -0.3391578197 0.9075103402
134.2 -80.1 2405.7 0.9663605094 -0.0198829174 0.2564215660 -0.0689234212 0.9405193329 0.3326753974 -0.2477840036 -0.3391578197 0.9075103402
137.3 -267.1 2472.9 0.9664282799 -0.0156740248 0.2564579546 -0.0725093037 0.9409291148 0.3307489157 -0.2464929372 -0.3382406831 0.9082039595
-1.8 -69.9 2440.3 -0.2662228048 -0.7662374377 0.5848124623 0.9364925027 -0.3492855728 -0.0313263126 0.2282699496 0.5393326879 0.8105634451
85.7 -377.8 2365.3 0.3550998271 -0.7662374377 0.5355224609 0.4693550169 -0.3492855728 -0.8109903932 0.8084614873 0.5393326879 0.2356061339
270.2 -90.3 2371.0 0.0393720381 0.6842558384 0.7281783819 -0.9787505269 0.1731746793 -0.1098088026 -0.2012393773 -0.7083815336 0.6765339971
279.3 -316.6 2324.4 -0.5672621727 0.6842558384 0.4582657814 -0.4840387404 0.1731746793 -0.8577395082 -0.6662732959 -0.7083815336 0.2329708934
51.7 -447.4 2562.8 0.8463705182 0.5325461626 0.0071787275 0.0728687048 -0.1024364680 -0.9920669794 -0.5275861025 0.8401793838 -0.1255051643
-165.5 -405.7 2220.1 0.8463705182 -0.0852832049 0.5257220864 0.0728687048 0.9963564277 0.0443172269 -0.5275861025 0.0007998944 0.8495011926
229.1 -460.8 2517.5 0.9849627614 -0.0750505403 0.1556142718 0.1401397139 -0.1797076315 -0.9736868143 0.1010407880 0.9808529615 -0.1664877534
260.7 -384.9 2103.5 0.9849627614 -0.1437432170 -0.0958450288 0.1401397139 0.9891818762 -0.0433594175 0.1010407880 0.0292757154 0.9944514632
-8.6 -502.5 2150.5 0 0 0 0 0 0 0 0 0
131.8 -442.4 2151.2 0 0 0 0 0 0 0 0 0
-132.9 -786.5 2219.8 0 0 0 0 0 0 0 0 0
315.7 -763.0 2092.3 0 0 0 0 0 0 0 0 0
129.7 109.0 2339.0 5 0.9668958783 -0.0169043560 0.2546107769 -0.0700790361 0.9418447018 0.3286601305 -0.2453595996 -0.3356229961 0.9094811082
133.1 -80.6 2406.6 0.9668958783 -0.0169043560 0.2546107769 -0.0700790361 0.9418447018 0.3286601305 -0.2453595996 -0.3356229961 0.9094811082
135.5 -267.9 2473.1 0.9669609666 -0.0120099112 0.2546413839 -0.0743222237 0.9422132373 0.3266656101 -0.2438497096 -0.3347983956 0.9101908207
-3.0 -70.2 2440.9 -0.2510781884 -0.8208661675 0.5129702687 0.9386970401 -0.3358192444 -0.0779310316 0.2362362444 0.4619569182 0.8548614979
80.6 -382.7 2362.3 0.3060951829 -0.8208661675 0.4821664691 0.4241880476 -0.3358192444 -0.8410053253 0.8522735834 0.4619569182 0.2454089522
269.2 -91.1 2372.3 0.0427278876 0.6706677079 0.7405262589 -0.9757848978 0.1871604621 -0.1132022738 -0.2145183384 -0.7177574635 0.6624244452
279.1 -318.0 2322.4 -0.5732993484 0.6706677079 0.4706725180 -0.4832141697 0.1871604621 -0.8552631140 -0.6616886854 -0.7177574635 0.2167771757
49.1 -448.4 2562.1 0.8481173515 0.5297875404 0.0047044083 0.0724081770 -0.1071103141 -0.9916070104 -0.5248371363 0.8413397670 -0.1292030662
-167.0 -404.7 2218.9 0.8481173515 -0.0824694335 0.5233504772 0.0724081770 0.9965846539 0.0397002287 -0.5248371363 0.0042244024 0.8511921763
226.6 -462.0 2517.3 0.9850495458 -0.0784580037 0.1533681303 0.1369822025 -0.1831427664 -0.9734960794 0.1044668257 0.9799505472 -0.1696573496
259.7 -384.7 2103.7 0.9850495458 -0.1410364062 -0.0989250764 0.1369822025 0.9894731641 -0.0466766879 0.1044668257 0.0324278735 0.9939995408
-0.5 -495.1 2136.5 0 0 0 0 0 0 0 0 0
130.1 -443.6 2150.4 0 0 0 0 0 0 0 0 0
-135.5 -785.7 2217.3 0 0 0 0 0 0 0 0 0
313.6 -763.0 2091.3 0 0 0 0 0 0 0 0 0
130.7 108.1 2339.4 6 0.9668499231 -0.0123063708 0.2550485432 -0.0749475583 0.9411666989 0.3295270503 -0.2440984696 -0.3377184570 0.9090446234
133.2 -81.0 2407.2 0.9668499231 -0.0123063708 0.2550485432 -0.0749475583 0.9411666989 0.3295270503 -0.2440984696 -0.3377184570 0.9090446234
134.8 -268.1 2474.3 0.9668900371 -0.0081056440 0.2550645769 -0.0786469132 0.9413815141 0.3280479908 -0.2427721173 -0.3372463584 0.9095749259
-2.9 -69.9 2441.4 -0.2436786890 -0.8338295221 0.4953272045 0.9391182661 -0.3304216862 -0.0942250490 0.2422344685 0.4422101974 0.8635812402
78.6 -384.1 2360.3 0.2925665081 -0.8338295221 0.4681166410 0.4147936702 -0.3304216862 -0.8478016853 0.8615979552 0.4422101974 0.2491968721
269.3 -92.0 2373.1 0.0426269323 0.6578631401 0.7519302368 -0.9720363617 0.2012667358 -0.1209833547 -0.2309290320 -0.7257463932 0.6480463147
279.2 -318.2 2319.3 -0.5786505938 0.6578631401 0.4820576310 -0.4817119539 0.2012667358 -0.8529040217 -0.6581162810 -0.7257463932 0.2004374266
47.7 -448.0 2563.6 0.8488398790 0.5286490917 0.0009925136 0.0677883849 -0.1069839373 -0.9919471741 -0.5242857933 0.8420715928 -0.1266485006
-168.0 -404.4 2220.1 0.8488398790 -0.0786482468 0.5227670074 0.0677883849 0.9969012141 0.0399088860 -0.5242857933 0.0015612738 0.8515409231
225.1 -462.5 2519.0 0.9854761958 -0.0800049305 0.1497859806 0.1334804744 -0.1803149283 -0.9745098948 0.1049742475 0.9803497791 -0.1670169830
258.9 -386.3 2105.2 0.9854761958 -0.1372683197 -0.0999701843 0.1334804744 0.9900887012 -0.0436728075 0.1049742475 0.0296944454 0.9940314889
1.0 -494.2 2131.7 0 0 0 0 0 0 0 0 0
128.8 -443.4 2148.2 0 0 0 0 0 0 0 0 0
-137.9 -785.5 2219.5 0 0 0 0 0 0 0 0 0
311.4 -764.9 2093.9 0 0 0 0 0 0 0 0 0
131.7 110.3 2339.1 7 0.9675490856 -0.0104738129 0.2524659336 -0.0766261742 0.9399300814 0.3326556981 -0.2407845110 -0.3412062228 0.9086259604
133.8 -78.6 2407.7 0.9675490856 -0.0104738129 0.2524659336 -0.0766261742 0.9399300814 0.3326556981 -0.2407845110 -0.3412062228 0.9086259604
135.0 -265.7 2474.8 0.9675764441 -0.0061341855 0.2525039613 -0.0797207355 0.9411863685 0.3283485472 -0.2396674454 -0.3378321230 0.9101807475
-2.4 -67.4 2441.4 -0.2442712039 -0.8463647366 0.4732846320 0.9410640597 -0.3246517181 -0.0948665962 0.2339444160 0.4222179949 0.8757864833
78.9 -380.5 2363.5 0.2718093097 -0.8463647366 0.4580245316 0.4184491932 -0.3246517181 -0.8482343554 0.8666141033 0.4222179949 0.2659172714
269.9 -89.8 2373.9 0.0388316773 0.6569393277 0.7529428005 -0.9709608555 0.2028192580 -0.1268833578 -0.2360659540 -0.7261508703 0.6457381845
279.1 -318.7 2318.3 -0.5765875578 0.6569393277 0.4857752025 -0.4854093492 0.2028192580 -0.8504364491 -0.6572096944 -0.7261508703 0.2019414306
47.0 -447.8 2564.4 0.8622934222 0.5059599876 0.0213204697 0.0753965974 -0.0866364911 -0.9933828712 -0.5007648468 0.8581949472 -0.1128537357
-160.3 -412.3 2212.8 0.8622934222 -0.0912252963 0.4981245100 0.0753965974 0.9958046079 0.0518516451 -0.5007648468 -0.0071544368 0.8655537963
225.0 -460.1 2520.0 0.9852696657 -0.0832615942 0.1493691206 0.1325923651 -0.1796585470 -0.9747523069 0.1079948694 0.9801990986 -0.1659722626
260.1 -384.3 2106.2 0.9852696657 -0.1364012361 -0.1031422913 0.1325923651 0.9902393818 -0.0429564267 0.1079948694 0.0286477860 0.9937385917
6.7 -491.6 2133.4 0 0 0 0 0 0 0 0 0
129.2 -444.9 2147.4 0 0 0 0 0 0 0 0 0
-125.4 -793.0 2215.6 0 0 0 0 0 0 0 0 0
312.3 -762.8 2095.3 0 0 0 0 0 0 0 0 0
129.5 109.8 2340.4 8 0.9686921239 -0.0254292600 0.2469594032 -0.0593224056 0.9422165751 0.3297101259 -0.2410735339 -0.3340378106 0.9112092257
134.6 -79.3 2407.5 0.9686921239 -0.0254292600 0.2469594032 -0.0593224056 0.9422165751 0.3297101259 -0.2410735339 -0.3340378106 0.9112092257
139.1 -266.7 2473.8 0.9687576890 -0.0224317629 0.2469926924 -0.0619041882 0.9425081611 0.3283995092 -0.2401591986 -0.3334294260 0.9116733670
-1.7 -70.6 2441.3 -0.2458306998 -0.8589931726 0.4491080344 0.9407612085 -0.3230606019 -0.1029571071 0.2335285693 0.3971934021 0.8875256777
78.8 -378.4 2364.9 0.2432838827 -0.8589931726 0.4504927397 0.4250542819 -0.3230606019 -0.8455534577 0.8718611002 0.3971934021 0.2865232825
271.0 -88.1 2373.7 0.0399638191 0.6760031581 0.7358142734 -0.9737626910 0.1914566457 -0.1230066195 -0.2240293920 -0.7115926743 0.6659179926
280.4 -317.7 2320.9 -0.5673711896 0.6760031581 0.4702230096 -0.4809678793 0.1914566457 -0.8555783033 -0.6684009433 -0.7115926743 0.2165088207
54.5 -449.5 2562.3 0.8654673696 0.4983279705 0.0513364822 0.0971693993 -0.0664570853 -0.9930465817 -0.4914512038 0.8644378185 -0.1059386730
-150.0 -422.3 2207.6 0.8654673696 -0.1151553765 0.4875504375 0.0971693993 0.9933269024 0.0621268824 -0.4914512038 -0.0063938089 0.8708816171
232.4 -459.7 2518.0 0.9828655720 -0.0798920095 0.1661100835 0.1490587443 -0.1856214553 -0.9712498188 0.1084286943 0.9793681502 -0.1705323309
266.2 -381.4 2104.6 0.9828655720 -0.1534476280 -0.1021230593 0.1490587443 0.9875962138 -0.0493481085 0.1084286943 0.0332802236 0.9935470223
14.1 -491.3 2133.4 0 0 0 0 0 0 0 0 0
132.9 -442.7 2147.1 0 0 0 0 0 0 0 0 0
-106.0 -801.9 2210.0 0 0 0 0 0 0 0 0 0
324.8 -758.9 2091.9 0 0 0 0 0 0 0 0 0
130.5 109.6 2340.6 9 0.9656335711 -0.0250343177 0.2586987913 -0.0637895539 0.9420787692 0.3292695582 -0.2519576848 -0.3344560266 0.9081059694
135.5 -79.6 2407.8 0.9656335711 -0.0250343177 0.2586987913 -0.0637895539 0.9420787692 0.3292695582 -0.2519576848 -0.3344560266 0.9081059694
139.6 -266.9 2474.2 0.9657338262 -0.0202972647 0.2587397099 -0.0679557770 0.9423804879 0.3275683522 -0.2504799962 -0.3339267075 0.9087094069
-0.4 -70.0 2443.0 -0.2421688437 -0.8579941392 0.4529904127 0.9401037693 -0.3229532242 -0.1091151386 0.2399148494 0.3994337022 0.8848127127
79.0 -378.2 2364.4 0.2419898063 -0.8579941392 0.4530860782 0.4317836761 -0.3229532242 -0.8421781659 0.8689095378 0.3994337022 0.2923164666
271.4 -89.2 2372.5 0.0379438922 0.6882614493 0.7244697213 -0.9767013192 0.1787883639 -0.1186982542 -0.2112222016 -0.7030866742 0.6790097952
280.2 -316.2 2323.4 -0.5602511168 0.6882614493 0.4608848691 -0.4847106338 0.1787883639 -0.8562069535 -0.6716951132 -0.7030866742 0.2334412783
58.2 -450.4 2561.3 0.8585862517 0.5109311342 0.0421787538 0.0941271558 -0.0762295872 -0.9926374555 -0.5039541125 0.8562350273 -0.1135421693
-153.2 -418.8 2206.9 0.8585862517 -0.1113509461 0.5004304647 0.0941271558 0.9937726855 0.0596311577 -0.5039541125 -0.0040943907 0.8637207150
232.2 -460.5 2517.6 0.9848546982 -0.0705233812 0.1583908945 0.1431717575 -0.1844623089 -0.9723556638 0.0977909565 0.9803061485 -0.1715716124
262.0 -382.6 2103.8 0.9848546982 -0.1470917761 -0.0917890668 0.1431717575 0.9885352254 -0.0479580164 0.0977909565 0.0340900756 0.9946229458
14.7 -492.9 2133.5 0 0 0 0 0 0 0 0 0
134.6 -442.2 2148.8 0 0 0 0 0 0 0 0 0
-110.6 -798.7 2208.5 0 0 0 0 0 0 0 0 0
318.2 -760.5 2090.7 0 0 0 0 0 0 0 0 0
131.2 111.0 2339.7 0 0.9667954445 -0.0218804479 0.2546130419 -0.0665206164 0.9404343963 0.3334038258 -0.2467418760 -0.3392703235 0.9077522159
135.6 -78.1 2407.9 0.9667954445 -0.0218804479 0.2546130419 -0.0665206164 0.9404343963 0.3334038258 -0.2467418760 -0.3392703235 0.9077522159
139.1 -265.0 2475.5 0.9668800831 -0.0176309273 0.2546212971 -0.0705500096 0.9402803183 0.3330098987 -0.2452866733 -0.3399441838 0.9078944921
-0.5 -68.2 2442.4 -0.2428914458 -0.8605481386 0.4477282465 0.9411563873 -0.3208697736 -0.1061471105 0.2350071669 0.3956000805 0.8878469467
78.9 -375.6 2365.7 0.2326628417 -0.8605481386 0.4531278610 0.4432862103 -0.3208697736 -0.8369826078 0.8656588793 0.3956000805 0.3068146706
271.7 -88.1 2373.4 0.0393286869 0.6876721382 0.7249553800 -0.9753680229 0.1840149462 -0.1216378435 -0.2170495838 -0.7023143768 0.6779704690
281.0 -318.9 2322.0 -0.5658991933 0.6876721382 0.4548242986 -0.4701505899 0.1840149462 -0.8631899953 -0.6772861481 -0.7023143768 0.2191755474
55.5 -446.7 2564.4 0.8648018837 0.5001379848 0.0444936380 0.0919488966 -0.0706285462 -0.9932557344 -0.4936223924 0.8630605936 -0.1070668399
-152.4 -417.3 2205.6 0.8648018837 -0.1113435552 0.4896124005 0.0919488966 0.9937320352 0.0635769814 -0.4936223924 -0.0099621778 0.8696192503
231.3 -458.4 2520.6 0.9845174551 -0.0755601153 0.1581647247 0.1427319646 -0.1782024354 -0.9735869169 0.1017496809 0.9810884595 -0.1646585613
263.2 -383.2 2106.4 0.9845174551 -0.1461724192 -0.0967421010 0.1427319646 0.9888861775 -0.0416135527 0.1017496809 0.0271610767 0.9944391847
17.0 -493.4 2135.6 0 0 0 0 0 0 0 0 0
133.9 -441.1 2146.0 0 0 0 0 0 0 0 0 0
-109.8 -797.2 2209.4 0 0 0 0 0 0 0 0 0
319.1 -761.3 2096.0 0 0 0 0 0 0 0 0 0
131.2 113.2 2338.7 1 0.9653231502 -0.0117550045 0.2607930303 -0.0783067122 0.9399461150 0.3322188258 -0.2490366250 -0.3411203921 0.9064312577
133.6 -76.2 2407.4 0.9653231502 -0.0117550045 0.2607930303 -0.0783067122 0.9399461150 0.3322188258 -0.2490366250 -0.3411203921 0.9064312577
135.0 -263.3 2474.5 0.9653567672 -0.0069081774 0.2608419955 -0.0816957727 0.9413885474 0.3272818327 -0.2478145957 -0.3372534215 0.9082114697
-2.3 -64.7 2442.3 -0.2545005083 -0.8374065161 0.4837145805 0.9385480285 -0.3344632387 -0.0852170363 0.2331460416 0.4323016107 0.8710672855
81.4 -373.1 2365.7 0.2513560951 -0.8374065161 0.4853560030 0.4666770995 -0.3344632387 -0.8187471032 0.8479579091 0.4323016107 0.3067290783
269.4 -87.7 2372.6 0.0520495661 0.6851238608 0.7265645862 -0.9757990837 0.1896219105 -0.1089023352 -0.2123841643 -0.7033127546 0.6784129739
281.6 -315.8 2322.9 -0.5595979691 0.6851238608 0.4663211405 -0.4810915291 0.1896219105 -0.8559173346 -0.6748340726 -0.7033127546 0.2234952599
48.6 -443.5 2563.7 0.8665091395 0.4980395138 0.0334445015 0.0836629644 -0.0788531378 -0.9933693409 -0.4921000004 0.8635616899 -0.1099944338
-159.0 -410.7 2203.9 0.8665091395 -0.0997252762 0.4890979230 0.0836629644 0.9949941635 0.0546543859 -0.4921000004 -0.0064391429 0.8705148697
224.9 -457.9 2518.8 0.9864301682 -0.0754256919 0.1458304673 0.1303707659 -0.1800470799 -0.9749802351 0.0997949094 0.9807619452 -0.1677705646
256.7 -381.9 2104.8 0.9864301682 -0.1339760870 -0.0948997736 0.1303707659 0.9905214906 -0.0432513431 0.0997949094 0.0302922707 0.9945468307
14.6 -497.1 2140.5 0 0 0 0 0 0 0 0 0
136.2 -440.9 2147.5 0 0 0 0 0 0 0 0 0
-120.9 -791.0 2206.3 0 0 0 0 0 0 0 0 0
308.0 -760.6 2093.2 0 0 0 0 0 0 0 0 0
131.4 115.4 2338.8 2 0.9640192986 -0.0099453153 0.2656461596 -0.0819184184 0.9395551085 0.3324539363 -0.2528955638 -0.3422532976 0.9049345255
133.4 -73.8 2407.7 0.9640192986 -0.0099453153 0.2656461596 -0.0819184184 0.9395551085 0.3324539363 -0.2528955638 -0.3422532976 0.9049345255
134.5 -260.8 2475.1 0.9640453458 -0.0055729346 0.2656793892 -0.0850733891 0.9406893253 0.3284297287 -0.2517520785 -0.3392233849 0.9063930511
-2.3 -61.8 2443.1 -0.2492377758 -0.8372648358 0.4866909683 0.9389624000 -0.3319712281 -0.0902481452 0.2371290028 0.4344912469 0.8689000010
81.4 -377.3 2363.4 0.2642448545 -0.8372648358 0.4787088931 0.4500138462 -0.3319712281 -0.8290250897 0.8530311584 0.4344912469 0.2890590727
269.1 -85.8 2372.2 0.0361987166 0.6877374053 0.7250564694 -0.9737664461 0.1873731613 -0.1291133016 -0.2246521711 -0.7013618946 0.6764782667
277.9 -323.1 2317.5 -0.5622084737 0.6877374053 0.4592808485 -0.4737490416 0.1873731613 -0.8604958653 -0.6778520942 -0.7013618946 0.2204721719
47.5 -440.3 2565.4 0.8655344248 0.4999052882 0.0307380110 0.0805248544 -0.0783219859 -0.9936707020 -0.4943337739 0.8625313640 -0.1080451757
-161.0 -407.6 2205.5 0.8655344248 -0.0971010625 0.4913466275 0.0805248544 0.9952431917 0.0548332669 -0.4943337739 -0.0078944676 0.8692363501
224.0 -455.6 2519.5 0.9872264266 -0.0717622563 0.1422466785 0.1276733577 -0.1777514666 -0.9757581353 0.0953071564 0.9814553261 -0.1663188338
254.3 -380.6 2105.1 0.9872264266 -0.1309341341 -0.0907755047 0.1276733577 0.9909739494 -0.0408678800 0.0953071564 0.0287562385 0.9950324893
11.2 -496.8 2136.8 0 0 0 0 0 0 0 0 0
133.2 -445.0 2143.1 0 0 0 0 0 0 0 0 0
-123.9 -788.1 2208.5 0 0 0 0 0 0 0 0 0
304.4 -759.4 2094.2 0 0 0 0 0 0 0 0 0
130.6 111.6 2338.8 3 0.9656910896 -0.0152981095 0.2592426240 -0.0757979006 0.9381917715 0.3377142251 -0.2483856678 -0.3457776606 0.9048438668
133.7 -77.2 2408.4 0.9656910896 -0.0152981095 0.2592426240 -0.0757979006 0.9381917715 0.3377142251 -0.2483856678 -0.3457776606 0.9048438668
136.0 -263.9 2476.6 0.9657291174 -0.0116597442 0.2592899501 -0.0784496218 0.9391537905 0.3344185948 -0.2474123687 -0.3432989717 0.9060534835
-2.2 -66.2 2443.2 -0.2400834411 -0.8481454253 0.4722385406 0.9412158728 -0.3224652112 -0.1006420478 0.2376396060 0.4203159213 0.8757065535
78.2 -381.5 2363.6 0.2566055655 -0.8481454253 0.4634683132 0.4440494478 -0.3224652112 -0.8359642625 0.8584716916 0.4203159213 0.2938721478
269.6 -88.3 2373.5 0.0449867919 0.6890771389 0.7232902646 -0.9745540023 0.1894227117 -0.1198478788 -0.2195920497 -0.6994938850 0.6800644398
280.3 -318.9 2321.6 -0.5586136580 0.6890771389 0.4616529346 -0.4760516584 0.1894227117 -0.8587746024 -0.6792095304 -0.6994938850 0.2222222090
49.9 -443.6 2567.4 0.8673625588 0.4961120188 0.0394348726 0.0855433494 -0.0705595240 -0.9938328266 -0.4902698994 0.8653867245 -0.1036397740
-157.2 -414.1 2206.2 0.8673625588 -0.1051249057 0.4864473045 0.0855433494 0.9943807125 0.0623645782 -0.4902698994 -0.0124803632 0.8714812994
226.9 -457.8 2522.2 0.9857730269 -0.0744335204 0.1507024914 0.1359529495 -0.1741217077 -0.9752939939 0.0988351405 0.9819069505 -0.1615250260
258.4 -384.3 2107.7 0.9857730269 -0.1389373243 -0.0945939198 0.1359529495 0.9900118709 -0.0373264626 0.0988351405 0.0239350982 0.9948159456
10.0 -499.5 2135.5 0 0 0 0 0 0 0 0 0
135.8 -442.1 2145.9 0 0 0 0 0 0 0 0 0
-117.0 -794.3 2210.9 0 0 0 0 0 0 0 0 0
311.5 -762.8 2098.5 0 0 0 0 0 0 0 0 0
130.9 111.0 2338.8 4 0.9676502347 -0.0151661970 0.2518393397 -0.0735939369 0.9378134012 0.3392490447 -0.2413234264 -0.3468082547 0.9063591957
134.0 -77.7 2408.5 0.9676502347 -0.0151661970 0.2518393397 -0.0735939369 0.9378134012 0.3392490447 -0.2413234264 -0.3468082547 0.9063591957
136.3 -264.3 2477.1 0.9676886201 -0.0115646292 0.2518828213 -0.0762915462 0.9386966825 0.3361965716 -0.2403295636 -0.3445501328 0.9074838161
-2.2 -66.9 2442.4 -0.2445681393 -0.8458371162 0.4740737975 0.9397898316 -0.3271421492 -0.0988586918 0.2387078702 0.4213520586 0.8749176860
78.5 -377.0 2363.6 0.2474033386 -0.8458371162 0.4726003706 0.4592094123 -0.3271421492 -0.8258963227 0.8531813025 0.4213520586 0.3074803352
270.2 -88.4 2374.7 0.0417708047 0.6947488189 0.7180384994 -0.9755921364 0.1834275126 -0.1207244098 -0.2155811489 -0.6954699755 0.6854533553
280.0 -318.2 2323.9 -0.5564828515 0.6947488189 0.4556873143 -0.4755256176 0.1834275126 -0.8603660464 -0.6813238859 -0.6954699755 0.2282965928
49.9 -444.0 2567.5 0.8708776236 0.4896261096 0.0428770036 0.0872680023 -0.0681877509 -0.9938484430 -0.4836904705 0.8692621589 -0.1021118835
-154.6 -415.5 2204.5 0.8708776236 -0.1076262742 0.4795714319 0.0872680023 0.9940867424 0.0646204203 -0.4836904705 -0.0144252405 0.8751202226
227.4 -457.9 2523.5 0.9846851230 -0.0810808912 0.1543408781 0.1385855377 -0.1731037498 -0.9751046896 0.1057793424 0.9815604687 -0.1592160463
261.6 -384.8 2109.1 0.9846851230 -0.1416192353 -0.1016819179 0.1385855377 0.9896835089 -0.0363399014 0.1057793424 0.0216917191 0.9941530228
12.7 -499.0 2136.9 0 0 0 0 0 0 0 0 0
135.7 -441.5 2147.3 0 0 0 0 0 0 0 0 0
-113.4 -795.5 2210.1 0 0 0 0 0 0 0 0 0
315.7 -763.2 2100.9 0 0 0 0 0 0 0 0 0
130.9 109.2 2338.3 5 0.9680454731 -0.0162894987 0.2502451837 -0.0716564581 0.9383155704 0.3382738233 -0.2403192669 -0.3453961313 0.9071649313
134.2 -79.6 2407.8 0.9680454731 -0.0162894987 0.2502451837 -0.0716564581 0.9383155704 0.3382738233 -0.2403192669 -0.3453961313 0.9071649313
136.7 -266.2 2476.3 0.9680894017 -0.0129441814 0.2502706647 -0.0744762868 0.9386848211 0.3366363645 -0.2392827719 -0.3445333242 0.9077668190
-2.1 -69.1 2441.4 -0.2576657832 -0.8285933137 0.4970327020 0.9374197721 -0.3390579820 -0.0792708322 0.2342061847 0.4455028772 0.8641033769
81.6 -373.6 2365.4 0.2607103288 -0.8285933137 0.4954425097 0.4705207646 -0.3390579820 -0.8146470785 0.8429948688 0.4455028772 0.3014744222
270.4 -90.1 2374.1 0.0483021699 0.6945744753 0.7177974582 -0.9766246080 0.1835394651 -0.1118821725 -0.2094546556 -0.6956145167 0.6872038841
281.6 -316.0 2325.6 -0.5539867878 0.6945744753 0.4589825273 -0.4804247618 0.1835394651 -0.8576160669 -0.6799196601 -0.6956145167 0.2320123464
