-19.5 75.7 2564.4 04 0.9984359145 0.0401852317 -0.0388705097 -0.0240826141 0.9365687370 0.3496555090 0.0504558943 -0.3481725156 0.9360716343
-27.4 -108.0 2632.7 0.9984359145 0.0401852317 -0.0388705097 -0.0240826141 0.9365687370 0.3496555090 0.0504558943 -0.3481725156 0.9360716343
-35.5 -284.8 2714.4 0.9985374808 0.0405503698 -0.0357578769 -0.0217636339 0.9069254994 0.4207285047 0.0494904257 -0.4193349481 0.9064816236
-169.4 -104.8 2625.9 0.0885321051 -0.9855338931 -0.1445164829 0.9291328192 0.0294186361 0.3685739934 -0.3589906991 -0.1669056267 0.9182963371
-195.0 -373.2 2729.6 -0.1676302552 -0.9855338931 0.0249608513 -0.3142512441 0.0294186361 -0.9488839507 0.9344229698 -0.1669056267 -0.3146367073
114.6 -111.1 2639.5 -0.1486262083 0.8238519430 0.5469718575 -0.8343482614 0.1924335659 -0.5165581703 -0.5308231711 -0.5331391096 0.6587787271
72.6 -347.1 2489.4 -0.4443992972 0.8238519430 0.3518199027 -0.3645409346 0.1924335659 -0.9110868573 -0.8183026314 -0.5331391096 0.2148104012
-126.1 -460.5 2792.1 0.9845082164 0.1522523165 0.0869641006 0.0916143507 -0.0237855818 -0.9955104589 -0.1495002806 0.9880554080 -0.0373655967
-187.0 -451.0 2397.2 0.9845082164 -0.0303358529 0.1726941317 0.0916143507 0.9287798405 -0.3591306508 -0.1495002806 0.3693883419 0.9171705842
53.6 -463.8 2796.2 0.9979415536 -0.0573736802 -0.0286523327 -0.0236033145 0.0868236497 -0.9959440231 0.0596286766 0.9945701957 0.0852907225
76.2 -498.1 2403.7 0.9979415536 -0.0033172257 -0.0640444458 -0.0236033145 0.9095614552 -0.4148985445 0.0596286766 0.4155561626 0.9076108932
-157.5 -302.8 2520.3 0 0 0 0 0 0 0 0 0
-54.1 -451.0 2256.1 0 0 0 0 0 0 0 0 0
-176.0 -786.3 2263.8 0 0 0 0 0 0 0 0 0
77.3 -796.9 2267.2 0 0 0 0 0 0 0 0 0
-18.1 76.6 2563.8 05 0.9977096319 0.0493846983 -0.0462242849 -0.0291275959 0.9304185510 0.3653394580 0.0610501133 -0.3631562889 0.9297260046
-27.8 -105.5 2634.9 0.9977096319 0.0493846983 -0.0462242849 -0.0291275959 0.9304185510 0.3653394580 0.0610501133 -0.3631562889 0.9297260046
-37.9 -282.4 2717.2 0.9977368712 0.0516751222 -0.0430208631 -0.0286321733 0.9054282308 0.4235326350 0.0608384050 -0.4213423431 0.9048587084
-169.8 -101.4 2626.4 0.0986870453 -0.9835301638 -0.1514243037 0.9275261760 0.0357882194 0.3720408380 -0.3604941964 -0.1771656126 0.9157817960
-198.4 -369.9 2730.7 -0.1794559807 -0.9835301638 0.0215407331 -0.3101741970 0.0357882194 -0.9500058889 0.9335885048 -0.1771656126 -0.3114880919
114.3 -109.6 2643.5 -0.1415672898 0.8234441280 0.5494529009 -0.8365375996 0.1972639710 -0.5111671090 -0.5293048024 -0.5320025086 0.6609158516
72.8 -354.6 2488.4 -0.4524569809 0.8234441280 0.3423776329 -0.3374871314 0.1972639710 -0.9204288721 -0.8254605532 -0.5320025086 0.1886483431
-134.8 -460.2 2790.3 0.9865188599 0.1390042156 0.0863616318 0.0917277709 -0.0326601639 -0.9952483773 -0.1355231404 0.9897530675 -0.0449704155
-189.8 -447.3 2398.7 0.9865188599 -0.0353962556 0.1597736180 0.0917277709 0.9281405210 -0.3607509136 -0.1355231404 0.3705432713 0.9188749194
45.2 -465.5 2797.5 0.9936278462 -0.0900473222 -0.0677878782 -0.0596186742 0.0905059949 -0.9941098094 0.0956521332 0.9918165803 0.0845607743
80.6 -501.1 2407.7 0.9936278462 0.0126434257 -0.1119993776 -0.0596186742 0.9022524953 -0.4270667732 0.0956521332 0.4310226738 0.8972569704
-158.1 -300.3 2521.2 0 0 0 0 0 0 0 0 0
-57.2 -451.6 2251.2 0 0 0 0 0 0 0 0 0
-176.9 -786.2 2263.4 0 0 0 0 0 0 0 0 0
76.5 -797.7 2266.0 0 0 0 0 0 0 0 0 0
-16.6 79.0 2555.1 06 0.9974198341 0.0450759754 -0.0558733195 -0.0195559748 0.9194670320 0.3926804066 0.0690741241 -0.3905745745 0.9179762006
-25.4 -101.1 2631.6 0.9974198341 0.0450759754 -0.0558733195 -0.0195559748 0.9194670320 0.3926804066 0.0690741241 -0.3905745745 0.9179762006
-34.9 -277.1 2716.5 0.9974010587 0.0481096357 -0.0536336787 -0.0199223161 0.8995328546 0.4363985956 0.0692402348 -0.4341959059 0.8981534839
-167.5 -98.3 2621.8 0.0942762718 -0.9823836684 -0.1613514870 0.9228811860 0.0254561529 0.3842424452 -0.3733661175 -0.1851332039 0.9090233445
-194.8 -365.7 2730.0 -0.1842387170 -0.9823836684 0.0312796310 -0.2977547348 0.0254561529 -0.9543029070 0.9366953373 -0.1851332039 -0.2971993983
116.7 -104.0 2641.4 -0.1454044580 0.8348289132 0.5309597254 -0.8514326215 0.1677461565 -0.4969142079 -0.5039048195 -0.5243299603 0.6864095330
73.4 -357.2 2491.5 -0.4525285959 0.8348289132 0.3134941161 -0.3332750201 0.1677461565 -0.9277871251 -0.8271309733 -0.5243299603 0.2023176849
-138.8 -457.0 2793.3 0.9905990362 0.1212045476 0.0634271950 0.0713739097 -0.0623850785 -0.9954968095 -0.1167018265 0.9906651974 -0.0704494417
-186.5 -432.5 2403.6 0.9905990362 -0.0233231969 0.1347945929 0.0713739097 0.9287276268 -0.3638278842 -0.1167018265 0.3700283766 0.9216613770
41.3 -462.9 2803.5 0.9926454425 -0.0993971378 -0.0691033900 -0.0649897158 0.0440489724 -0.9969132543 0.1021342576 0.9940723777 0.0372652188
80.3 -480.1 2413.9 0.9926454425 0.0152402911 -0.1200949773 -0.0649897158 0.9040549994 -0.4224463403 0.1021342576 0.4271443486 0.8983964920
-153.4 -298.9 2519.6 0 0 0 0 0 0 0 0 0
-58.4 -454.3 2250.6 0 0 0 0 0 0 0 0 0
-177.6 -785.6 2262.9 0 0 0 0 0 0 0 0 0
74.9 -797.9 2263.7 0 0 0 0 0 0 0 0 0
-16.9 76.1 2559.2 07 0.9976341724 0.0386069231 -0.0568817519 -0.0136345653 0.9220982194 0.3867156804 0.0673804581 -0.3850252032 0.9204430580
-24.4 -102.5 2633.7 0.9976341724 0.0386069231 -0.0568817519 -0.0136345653 0.9220982194 0.3867156804 0.0673804581 -0.3850252032 0.9204430580
-32.6 -279.1 2717.7 0.9976057410 0.0419979692 -0.0549453273 -0.0142788440 0.9024546742 0.4305481017 0.0676678121 -0.4287326932 0.9008936286
-166.5 -100.4 2624.1 0.0879438370 -0.9828515053 -0.1620764136 0.9257301688 0.0205606651 0.3776254356 -0.3678173125 -0.1832488477 0.9116634727
-192.0 -368.9 2730.8 -0.1807340980 -0.9828515053 0.0365796089 -0.3045465350 0.0205606651 -0.9522755146 0.9351933599 -0.1832488477 -0.3030400574
117.8 -104.5 2643.3 -0.1819320023 0.8602889180 0.4762391448 -0.8295393586 0.1257742494 -0.5441004634 -0.5279822350 -0.4940483868 0.6907611489
63.1 -354.1 2484.5 -0.4267412722 0.8602889180 0.2789173424 -0.3525327742 0.1257742494 -0.9273087382 -0.8328340650 -0.4940483868 0.2496069819
-134.8 -451.4 2794.8 0.9868466258 0.1415348202 0.0781126916 0.0889282972 -0.0717675090 -0.9934491515 -0.1350017041 0.9873283505 -0.0834099725
-190.3 -423.2 2407.3 0.9868466258 -0.0331968628 0.1582140028 0.0889282972 0.9287803769 -0.3598037660 -0.1350017041 0.3691408634 0.9195159674
45.4 -455.3 2806.9 0.9957174659 -0.0809159577 -0.0447137952 -0.0420273952 0.0346046761 -0.9985170364 0.0823432654 0.9961200356 0.0310557932
77.1 -468.9 2416.7 0.9957174659 0.0037238945 -0.0923734158 -0.0420273952 0.9082043171 -0.4164115489 0.0823432654 0.4185104668 0.9044714570
-151.4 -300.4 2520.6 0 0 0 0 0 0 0 0 0
-59.6 -455.4 2245.1 0 0 0 0 0 0 0 0 0
-177.3 -786.1 2263.1 0 0 0 0 0 0 0 0 0
75.8 -798.1 2265.0 0 0 0 0 0 0 0 0 0
-17.1 72.9 2561.7 08 0.9952582717 0.0326896645 -0.0916100293 0.0041743401 0.9266112447 0.3759976327 0.0971781164 -0.3745971620 0.9220809937
-23.4 -106.4 2634.2 0.9952582717 0.0326896645 -0.0916100293 0.0041743401 0.9266112447 0.3759976327 0.0971781164 -0.3745971620 0.9220809937
-30.3 -283.9 2716.6 0.9953324199 0.0351035222 -0.0898947790 0.0061803292 0.9064000249 0.4223751128 0.0963074863 -0.4209592342 0.9019524455
-165.2 -107.3 2620.5 0.0785266012 -0.9774556160 -0.1959951520 0.9301314354 0.0010902823 0.3672251999 -0.3587326407 -0.2111381888 0.9092478156
-188.0 -377.1 2724.5 -0.2006778419 -0.9774556160 0.0656424314 -0.3156868815 0.0010902823 -0.9488627911 0.9273996949 -0.2111381888 -0.3087887168
118.3 -105.6 2647.9 -0.1922269464 0.8721883893 0.4498179257 -0.8236691356 0.1057903245 -0.5571154356 -0.5334959626 -0.4775937200 0.6980589032
60.5 -353.2 2487.5 -0.4207344353 0.8721883893 0.2495393902 -0.3358207345 0.1057903245 -0.9359662533 -0.8427377939 -0.4775937200 0.2483893335
-131.2 -454.5 2795.3 0.9869661331 0.1453213990 0.0691343546 0.0842388794 -0.1004911214 -0.9913653731 -0.1371192187 0.9842678905 -0.1114230454
-188.1 -415.1 2409.5 0.9869661331 -0.0287928227 0.1583314389 0.0842388794 0.9307385087 -0.3558505774 -0.1371192187 0.3645501137 0.9210328460
49.1 -457.3 2807.3 0.9968824387 -0.0697243139 -0.0369317532 -0.0351304412 0.0268870089 -0.9990209937 0.0706490353 0.9972038865 0.0243537407
76.5 -467.8 2416.7 0.9968824387 0.0027278627 -0.0788542554 -0.0351304412 0.9102191329 -0.4126342535 0.0706490353 0.4141180217 0.9074772596
-142.9 -306.1 2516.1 0 0 0 0 0 0 0 0 0
-59.8 -449.2 2246.5 0 0 0 0 0 0 0 0 0
-176.6 -786.7 2264.0 0 0 0 0 0 0 0 0 0
75.5 -798.3 2266.3 0 0 0 0 0 0 0 0 0
-16.9 75.0 2561.5 09 0.9928773046 0.0315980464 -0.1148746088 0.0132202245 0.9290155768 0.3698044419 0.1184053943 -0.3686890900 0.9219807386
-23.1 -105.4 2633.1 0.9928773046 0.0315980464 -0.1148746088 0.0132202245 0.9290155768 0.3698044419 0.1184053943 -0.3686890900 0.9219807386
-30.2 -283.7 2713.7 0.9928876758 0.0366587862 -0.1132704318 0.0134992013 0.9106130600 0.4130394757 0.1182870567 -0.4116308689 0.9036416411
-164.5 -107.3 2616.3 0.0784168765 -0.9725630879 -0.2190246731 0.9341464639 -0.0050454573 0.3568542004 -0.3481683135 -0.2325845063 0.9081207514
-187.2 -378.3 2717.3 -0.2182736546 -0.9725630879 0.0804836974 -0.3260875344 -0.0050454573 -0.9453260899 0.9197953939 -0.2325845063 -0.3160394132
118.4 -103.5 2650.0 -0.1645721942 0.8422479033 0.5133560896 -0.8354740143 0.1576202661 -0.5264399052 -0.5243082643 -0.5155330300 0.6777363420
70.3 -347.3 2496.9 -0.4479818642 0.8422479033 0.2998845279 -0.3273308575 0.1576202661 -0.9316707253 -0.8319655657 -0.5155330300 0.2050827146
-127.1 -461.9 2790.3 0.9865844846 0.1486985385 0.0673781559 0.0804324299 -0.0835927650 -0.9932486415 -0.1420622915 0.9853430986 -0.0944315121
-185.4 -429.2 2404.3 0.9865844846 -0.0233165547 0.1615778655 0.0804324299 0.9307082295 -0.3568092287 -0.1420622915 0.3650185466 0.9200977087
52.7 -460.9 2807.6 0.9975686669 -0.0602744371 -0.0349818505 -0.0337672904 0.0210529342 -0.9992079735 0.0609631687 0.9979597926 0.0189664438
76.3 -469.1 2416.7 0.9975686669 0.0052614203 -0.0694914013 -0.0337672904 0.9087680578 -0.4159331620 0.0609631687 0.4172684252 0.9067361951
-138.2 -305.0 2510.5 0 0 0 0 0 0 0 0 0
-59.2 -442.0 2256.4 0 0 0 0 0 0 0 0 0
-176.4 -787.2 2263.8 0 0 0 0 0 0 0 0 0
74.4 -797.3 2266.0 0 0 0 0 0 0 0 0 0
-18.1 76.9 2562.9 10 0.9920180440 0.0373032279 -0.1204520166 0.0102499276 0.9282237291 0.3718813062 0.1256787926 -0.3701475859 0.9204322696
-25.3 -103.5 2634.8 0.9920180440 0.0373032279 -0.1204520166 0.0102499276 0.9282237291 0.3718813062 0.1256787926 -0.3701475859 0.9204322696
-33.6 -281.9 2715.1 0.9920179844 0.0425277315 -0.1187083423 0.0102492375 0.9111008644 0.4120559990 0.1256790757 -0.4099836349 0.9033926129
-166.7 -105.0 2616.9 0.0839669034 -0.9708170891 -0.2246414572 0.9344245791 -0.0015935189 0.3561575711 -0.3461218178 -0.2398159504 0.9070215225
-191.0 -376.1 2717.3 -0.2261577398 -0.9708170891 0.0797928795 -0.3266276419 -0.0015935189 -0.9451517463 0.9176965952 -0.2398159504 -0.3167352974
116.0 -102.1 2652.7 -0.1636848152 0.8477411866 0.5045217276 -0.8390923142 0.1493008733 -0.5230997205 -0.5187787414 -0.5089637637 0.6868948340
68.3 -346.7 2501.5 -0.4466075301 0.8477411866 0.2861408293 -0.3167359531 0.1493008733 -0.9366896749 -0.8367915154 -0.5089637637 0.2018312365
-127.1 -463.2 2783.6 0.9861251712 0.1484363973 0.0743223205 0.0818378702 -0.0451742075 -0.9956213236 -0.1444289982 0.9878896475 -0.0566951409
-185.2 -445.6 2396.9 0.9861251712 -0.0241838675 0.1642324924 0.0818378702 0.9315770864 -0.3542127907 -0.1444289982 0.3627385795 0.9206307530
52.3 -460.9 2804.9 0.9977691770 -0.0606846549 -0.0278221872 -0.0258430485 0.0331581868 -0.9991159439 0.0615535416 0.9976060987 0.0315159373
76.1 -473.9 2414.2 0.9977691770 -0.0016876975 -0.0667371973 -0.0258430485 0.9119732976 -0.4094348252 0.0615535416 0.4102461338 0.9098951817
-140.2 -302.6 2511.0 0 0 0 0 0 0 0 0 0
-60.6 -438.1 2260.1 0 0 0 0 0 0 0 0 0
-176.3 -788.1 2263.5 0 0 0 0 0 0 0 0 0
76.7 -796.8 2268.9 0 0 0 0 0 0 0 0 0
-17.7 75.7 2563.1 11 0.9947900772 0.0435019210 -0.0921966881 -0.0055091651 0.9260014892 0.3774797320 0.1017953604 -0.3750051558 0.9214167595
-26.1 -102.9 2635.4 0.9947900772 0.0435019210 -0.0921966881 -0.0055091651 0.9260014892 0.3774797320 0.1017953604 -0.3750051558 0.9214167595
-35.1 -281.1 2716.2 0.9948369861 0.0461848751 -0.0903675631 -0.0045492090 0.9098460674 0.4149210453 0.1013836488 -0.4123677015 0.9053586125
-167.8 -102.2 2620.9 0.0895116329 -0.9763150811 -0.1969682872 0.9325985312 0.0127354283 0.3606906831 -0.3496392965 -0.2159783393 0.9116500020
-193.7 -372.8 2722.4 -0.2084843963 -0.9763150811 0.0578194894 -0.3221615851 0.0127354283 -0.9465990067 0.9234425426 -0.2159783393 -0.3171863556
115.6 -103.5 2649.8 -0.1698097438 0.8569841385 0.4865622818 -0.8448998332 0.1275358945 -0.5194987059 -0.5072562695 -0.4993123114 0.7024089098
66.8 -346.5 2504.0 -0.4442063570 0.8569841385 0.2612640560 -0.3083923161 0.1275358945 -0.9426710606 -0.8411747217 -0.4993123114 0.2076350600
-131.6 -461.3 2784.0 0.9835658073 0.1548504233 0.0928418487 0.0993622392 -0.0348964557 -0.9944392443 -0.1507494897 0.9873214364 -0.0497092456
-192.3 -447.6 2397.4 0.9835658073 -0.0383505858 0.1764298677 0.0993622392 0.9308682084 -0.3515842557 -0.1507494897 0.3633367121 0.9193807840
47.7 -459.5 2806.7 0.9968909621 -0.0724472553 -0.0309801381 -0.0297129359 0.0185044166 -0.9993872046 0.0729761273 0.9972005486 0.0162942652
76.0 -466.7 2416.2 0.9968909621 -0.0028196196 -0.0787427649 -0.0297129359 0.9121267200 -0.4088300169 0.0729761273 0.4098986387 0.9092071056
-146.9 -300.4 2514.8 0 0 0 0 0 0 0 0 0
-61.2 -435.4 2261.6 0 0 0 0 0 0 0 0 0
-178.3 -786.8 2265.0 0 0 0 0 0 0 0 0 0
77.1 -796.8 2267.9 0 0 0 0 0 0 0 0 0
-17.5 75.4 2563.2 12 0.9951886535 0.0436743759 -0.0877046064 -0.0072903861 0.9256798625 0.3782376051 0.0977056772 -0.3757783771 0.9215444922
-25.9 -102.8 2635.5 0.9951886535 0.0436743759 -0.0877046064 -0.0072903861 0.9256798625 0.3782376051 0.0977056772 -0.3757783771 0.9215444922
-35.6 -281.1 2716.0 0.9950693250 0.0495947488 -0.0858916193 -0.0096389474 0.9102599621 0.4139250517 0.0987122133 -0.4110562205 0.9062498212
-167.7 -101.4 2621.4 0.0932543799 -0.9768077135 -0.1927440614 0.9327058196 0.0179711878 0.3601901233 -0.3483726382 -0.2133628130 0.9127501249
-194.8 -372.1 2722.5 -0.2076565325 -0.9768077135 0.0522055216 -0.3224663138 0.0179711878 -0.9464102983 0.9235227108 -0.2133628130 -0.3187194467
115.8 -104.2 2649.6 -0.1770333052 0.8666284680 0.4664914608 -0.8451375961 0.1090448424 -0.5233083367 -0.5043824315 -0.4868924916 0.7131157517
64.9 -347.3 2504.5 -0.4380147457 0.8666284680 0.2389521897 -0.3010624945 0.1090448424 -0.9473492503 -0.8470563293 -0.4868924916 0.2131460756
-134.0 -458.8 2787.8 0.9863382578 0.1434985101 0.0809015036 0.0898541361 -0.0570357628 -0.9943204522 -0.1380692273 0.9880056381 -0.0691504925
-190.2 -436.5 2400.9 0.9863382578 -0.0341959111 0.1611443907 0.0898541361 0.9315643907 -0.3522981703 -0.1380692273 0.3619646430 0.9219102263
45.7 -459.7 2806.1 0.9968054295 -0.0741957352 -0.0295624118 -0.0303113256 -0.0089878589 -0.9995000958 0.0738929436 0.9972031713 -0.0112081179
74.8 -456.2 2415.6 0.9968054295 -0.0016368133 -0.0798515156 -0.0303113256 0.9172377586 -0.3971852064 0.0738929436 0.3983367980 0.9142579436
-148.1 -299.6 2514.9 0 0 0 0 0 0 0 0 0
-61.2 -433.9 2260.7 0 0 0 0 0 0 0 0 0
-177.4 -786.0 2265.1 0 0 0 0 0 0 0 0 0
75.4 -797.0 2267.6 0 0 0 0 0 0 0 0 0
-18.6 74.8 2563.2 13 0.9944573641 0.0435209461 -0.0957105309 -0.0042179851 0.9260895848 0.3772801757 0.1050561145 -0.3747853637 0.9211401343
-26.9 -102.9 2635.2 0.9944573641 0.0435209461 -0.0957105309 -0.0042179851 0.9260895848 0.3772801757 0.1050561145 -0.3747853637 0.9211401343
-36.8 -281.1 2715.8 0.9943082929 0.0505437367 -0.0937887058 -0.0071270419 0.9098888636 0.4147909284 0.1063023806 -0.4117616415 0.9050702453
-168.6 -101.9 2620.0 0.0936954245 -0.9751902819 -0.2005618364 0.9325217605 0.0153951636 0.3607855439 -0.3487468660 -0.2208322138 0.9108285904
-195.8 -372.5 2721.2 -0.2139387131 -0.9751902819 0.0568692088 -0.3218206763 0.0153951636 -0.9466754794 0.9223132133 -0.2208322138 -0.3171300292
114.8 -103.9 2650.3 -0.1596134901 0.8521937132 0.4982864559 -0.8406277299 0.1473024189 -0.5211976171 -0.5175601244 -0.5020636320 0.6928662658
68.1 -349.5 2499.1 -0.4449848831 0.8521937132 0.2752350271 -0.3007184267 0.1473024189 -0.9422687888 -0.8435382843 -0.5020636320 0.1907230020
-135.3 -458.5 2787.6 0.9883878827 0.1344691962 0.0707634687 0.0785713345 -0.0536668971 -0.9954628944 -0.1300614327 0.9894634485 -0.0636091307
-187.9 -437.5 2400.1 0.9883878827 -0.0265393611 0.1496164948 0.0785713345 0.9320434928 -0.3537251353 -0.1300614327 0.3613732159 0.9233056903
44.6 -460.3 2805.4 0.9958738089 -0.0809215978 -0.0410730578 -0.0401269309 0.0132843386 -0.9991062880 0.0813949034 0.9966319203 0.0099823894
76.3 -465.5 2415.2 0.9958738089 0.0039468147 -0.0906626955 -0.0401269309 0.9152308106 -0.4009269476 0.0813949034 0.4029106498 0.9116128087
-147.7 -300.1 2513.8 0 0 0 0 0 0 0 0 0
-60.1 -436.2 2256.0 0 0 0 0 0 0 0 0 0
-178.1 -784.7 2265.5 0 0 0 0 0 0 0 0 0
74.8 -796.1 2269.7 0 0 0 0 0 0 0 0 0
-17.7 74.5 2563.3 14 0.9958428741 0.0397546403 -0.0819544122 -0.0056339651 0.9248915315 0.3801892698 0.0909132287 -0.3781470358 0.9212706685
-25.4 -103.0 2635.9 0.9958428741 0.0397546403 -0.0819544122 -0.0056339651 0.9248915315 0.3801892698 0.0909132287 -0.3781470358 0.9212706685
-34.0 -280.7 2717.8 0.9957959652 0.0444503762 -0.0800908357 -0.0066545145 0.9071591496 0.4207350910 0.0913569629 -0.4184333384 0.9036412239
-167.3 -102.1 2622.8 0.0885082483 -0.9784034491 -0.1867965013 0.9302150607 0.0141306296 0.3667427003 -0.3561827838 -0.2062206715 0.9113763571
-192.9 -372.0 2726.2 -0.2000569999 -0.9784034491 0.0519984551 -0.3157055080 0.0141306296 -0.9487519860 0.9275274873 -0.2062206715 -0.3117142916
116.5 -104.0 2648.9 -0.1727464348 0.8664271235 0.4684684277 -0.8401873112 0.1186011508 -0.5291682482 -0.5140466094 -0.4850131571 0.7074731588
66.1 -349.1 2498.9 -0.4320899844 0.8664271235 0.2502043843 -0.3086640239 0.1186011508 -0.9437479973 -0.8473634124 -0.4850131571 0.2161885351
-136.6 -458.7 2786.8 0.9882279038 0.1322570443 0.0769004822 0.0821948498 -0.0350405090 -0.9960001111 -0.1290333867 0.9905958772 -0.0454988554
-188.4 -445.0 2398.9 0.9882279038 -0.0289892983 0.1502172798 0.0821948498 0.9287416935 -0.3615008593 -0.1290333867 0.3695923090 0.9201912284
43.2 -460.0 2806.1 0.9961882830 -0.0809678957 -0.0324516110 -0.0316909328 0.0106626078 -0.9994408488 0.0812686384 0.9966596961 0.0080560166
74.9 -464.2 2415.7 0.9961882830 -0.0038122670 -0.0871457011 -0.0316909328 0.9149617553 -0.4022942483 0.0812686384 0.4035225511 0.9113533497
-148.0 -301.0 2517.6 0 0 0 0 0 0 0 0 0
-57.5 -437.5 2256.4 0 0 0 0 0 0 0 0 0
-177.8 -784.6 2263.8 0 0 0 0 0 0 0 0 0
76.3 -796.4 2269.2 0 0 0 0 0 0 0 0 0
-18.7 75.2 2563.8 15 0.9940122366 0.0404062010 -0.1015236378 0.0001285438 0.9286836386 0.3708727956 0.1092689037 -0.3686651587 0.9231176972
-26.5 -104.0 2634.9 0.9940122366 0.0404062010 -0.1015236378 0.0001285438 0.9286836386 0.3708727956 0.1092689037 -0.3686651587 0.9231176972
-35.4 -282.2 2715.5 0.9939949512 0.0455360152 -0.0995012745 -0.0002408647 0.9102109075 0.4141450226 0.1094256565 -0.4116340876 0.9047560096
-168.1 -103.9 2619.3 0.0882440731 -0.9745783806 -0.2059368938 0.9331619740 0.0085593071 0.3593542576 -0.3484562039 -0.2238833606 0.9101947546
-193.7 -374.7 2720.4 -0.2145629674 -0.9745783806 0.0644961447 -0.3233147264 0.0085593071 -0.9462527633 0.9216454625 -0.2238833606 -0.3169320524
115.2 -104.0 2650.5 -0.1691365391 0.8743987083 0.4547744095 -0.8405742645 0.1129496545 -0.5297898054 -0.5146141648 -0.4718784988 0.7158931494
65.8 -349.4 2500.3 -0.4217869341 0.8743987083 0.2398389131 -0.3037794828 0.1129496545 -0.9460234642 -0.8542913795 -0.4718784988 0.2179836780
-132.7 -457.8 2791.5 0.9839231968 0.1546254158 0.0893649235 0.1022985950 -0.0778021291 -0.9917065501 -0.1463902593 0.9849049449 -0.0923692808
-193.2 -427.3 2406.2 0.9839231968 -0.0416661985 0.1736635715 0.1022985950 0.9285600185 -0.3568071127 -0.1463902593 0.3688363433 0.9178941250
47.3 -459.0 2808.0 0.9975679517 -0.0673106536 -0.0180973727 -0.0188163593 -0.0100629767 -0.9997723103 0.0671132207 0.9976813197 -0.0113050444
73.6 -455.1 2417.4 0.9975679517 -0.0096258270 -0.0690331981 -0.0188163593 0.9164549708 -0.3996951282 0.0671132207 0.4000220001 0.9140449762
-145.5 -302.0 2513.2 0 0 0 0 0 0 0 0 0
-54.8 -436.2 2256.0 0 0 0 0 0 0 0 0 0
-177.2 -785.1 2264.1 0 0 0 0 0 0 0 0 0
77.2 -796.6 2268.3 0 0 0 0 0 0 0 0 0
-18.6 75.3 2554.5 16 0.9945985079 0.0493280925 -0.0913267210 -0.0074463957 0.9115005732 0.4112313688 0.1035296172 -0.4083300531 0.9069444537
-28.2 -101.4 2633.7 0.9945985079 0.0493280925 -0.0913267210 -0.0074463957 0.9115005732 0.4112313688 0.1035296172 -0.4083300531 0.9069444537
-39.0 -276.9 2719.8 0.9944570065 0.0552037172 -0.0894861147 -0.0098931454 0.8964346051 0.4430655837 0.1046773195 -0.4397243857 0.8920118213
-169.9 -100.0 2618.8 0.0984829664 -0.9755414128 -0.1965199411 0.9207475185 0.0144086471 0.3898928165 -0.3775250018 -0.2193430513 0.8996463418
-198.5 -367.0 2728.2 -0.2139138728 -0.9755414128 0.0505948626 -0.2919029593 0.0144086471 -0.9563394189 0.9322196841 -0.2193430513 -0.2878456414
113.5 -102.9 2648.6 -0.1706908941 0.8836727738 0.4358750284 -0.8403751850 0.1003925428 -0.5326263905 -0.5144260526 -0.4572130144 0.7254806161
63.4 -349.6 2497.6 -0.4047923684 0.8836727738 0.2350862473 -0.3266378641 0.1003925428 -0.9398026466 -0.8540789485 -0.4572130144 0.2480028719
-134.1 -460.5 2786.2 0.9870682359 0.1385860592 0.0805615336 0.0865523070 -0.0377488360 -0.9955318570 -0.1349257380 0.9896306992 -0.0492556207
-188.3 -445.7 2399.2 0.9870682359 -0.0308218319 0.1573094726 0.0865523070 0.9284737706 -0.3611719906 -0.1349257380 0.3701168895 0.9191346765
45.6 -460.5 2806.0 0.9970960021 -0.0730687231 -0.0214591548 -0.0223675072 -0.0116358781 -0.9996821284 0.0727958009 0.9972590208 -0.0132364528
74.2 -456.0 2415.4 0.9970960021 -0.0083046164 -0.0757005066 -0.0223675072 0.9182574153 -0.3953517377 0.0727958009 0.3958968818 0.9154050946
-150.4 -301.4 2518.7 0 0 0 0 0 0 0 0 0
-52.3 -442.9 2253.5 0 0 0 0 0 0 0 0 0
-177.0 -785.3 2263.8 0 0 0 0 0 0 0 0 0
77.3 -796.8 2268.5 0 0 0 0 0 0 0 0 0
-18.0 75.5 2559.4 17 0.9965711832 0.0440125912 -0.0700626671 -0.0127012124 0.9181227684 0.3960925341 0.0817591846 -0.3938445151 0.9155336618
-26.5 -101.6 2635.4 0.9965711832 0.0440125912 -0.0700626671 -0.0127012124 0.9181227684 0.3960925341 0.0817591846 -0.3938445151 0.9155336618
-36.0 -278.3 2719.0 0.9964897633 0.0483393557 -0.0683481470 -0.0143065806 0.9027643800 0.4298973978 0.0824832395 -0.4274105132 0.9002870321
-168.5 -99.6 2623.6 0.0932832807 -0.9800754189 -0.1753579974 0.9260265231 0.0207046159 0.3768901527 -0.3657500446 -0.1975437105 0.9095072150
-195.5 -368.2 2729.7 -0.1943454742 -0.9800754189 0.0410126634 -0.3053180277 0.0207046159 -0.9520252943 0.9322074652 -0.1975437105 -0.3032585382
115.5 -103.6 2647.1 -0.1576092094 0.8682781458 0.4703747034 -0.8462697268 0.1267140508 -0.5174660683 -0.5089075565 -0.4796212614 0.7148262262
70.0 -347.9 2500.2 -0.4206635058 0.8682781458 0.2629358172 -0.3243770599 0.1267140508 -0.9374023080 -0.8472436070 -0.4796212614 0.2283455431
-139.6 -451.5 2796.4 0.9835124016 0.1458432078 0.1069258451 0.1145752370 -0.0450749584 -0.9923914075 -0.1399138719 0.9882803559 -0.0610417984
-196.7 -433.9 2409.6 0.9835124016 -0.0529784113 0.1729065180 0.1145752370 0.9222887158 -0.3691287935 -0.1399138719 0.3828535676 0.9131523967
40.1 -453.3 2815.3 0.9956831932 -0.0874333307 -0.0311516784 -0.0340242721 -0.0315586664 -0.9989226460 0.0863560289 0.9956703782 -0.0343972892
74.4 -440.9 2425.5 0.9956831932 -0.0042139823 -0.0927213952 -0.0340242721 0.9128589034 -0.4068550467 0.0863560289 0.4082534909 0.9087748528
-151.9 -299.5 2520.2 0 0 0 0 0 0 0 0 0
-51.2 -441.3 2256.3 0 0 0 0 0 0 0 0 0
-176.5 -785.3 2263.7 0 0 0 0 0 0 0 0 0
76.0 -795.6 2266.9 0 0 0 0 0 0 0 0 0
-17.0 77.4 2552.3 18 0.9975147247 0.0465098023 -0.0529260337 -0.0197217986 0.9054552317 0.4239833653 0.0676415339 -0.4218858778 0.9041221738
-26.1 -98.5 2634.3 0.9975147247 0.0465098023 -0.0529260337 -0.0197217986 0.9054552317 0.4239833653 0.0676415339 -0.4218858778 0.9041221738
-35.7 -272.6 2723.2 0.9974699020 0.0493308045 -0.0511891022 -0.0205622390 0.8894789815 0.4565131962 0.0680517927 -0.4543055892 0.8882428408
-168.2 -95.5 2624.6 0.0951392800 -0.9827566743 -0.1585493386 0.9141405225 0.0232005585 0.4047330916 -0.3940757215 -0.1834423840 0.9005849361
-195.8 -360.6 2738.9 -0.1826480329 -0.9827566743 0.0287935939 -0.2762973309 0.0232005585 -0.9607921243 0.9435568452 -0.1834423840 -0.2757705748
116.0 -101.5 2644.0 -0.1678364277 0.8803169131 0.4437037706 -0.8555150628 0.0935695916 -0.5092530251 -0.4898212552 -0.4650664926 0.7374200225
67.8 -347.4 2503.2 -0.4153741598 0.8803169131 0.2291428000 -0.3215038180 0.0935695916 -0.9422738552 -0.8509404063 -0.4650664926 0.2441588640
-135.5 -453.8 2795.2 0.9864454269 0.1409248412 0.0840573832 0.0925214887 -0.0546146072 -0.9942117333 -0.1355183721 0.9885127544 -0.0669129044
-190.7 -432.4 2408.2 0.9864454269 -0.0353272110 0.1602418274 0.0925214887 0.9262586236 -0.3653557003 -0.1355183721 0.3752292693 0.9169720411
44.6 -456.4 2810.1 0.9965656400 -0.0774802789 -0.0292185619 -0.0301315561 -0.0106405690 -0.9994893074 0.0771298036 0.9969370961 -0.0129386261
74.9 -452.2 2419.8 0.9965656400 -0.0039891340 -0.0827103630 -0.0301315561 0.9128953815 -0.4070799947 0.0771298036 0.4081741571 0.9096399546
-154.7 -298.5 2526.8 0 0 0 0 0 0 0 0 0
-51.6 -439.8 2258.7 0 0 0 0 0 0 0 0 0
-177.2 -786.1 2264.9 0 0 0 0 0 0 0 0 0
76.4 -796.7 2265.8 0 0 0 0 0 0 0 0 0
-17.7 75.2 2558.3 19 0.9961175919 0.0424423777 -0.0771260634 -0.0076668826 0.9146018028 0.4042830169 0.0876983702 -0.4021221101 0.9113762975
-26.0 -102.7 2636.5 0.9961175919 0.0424423777 -0.0771260634 -0.0076668826 0.9146018028 0.4042830169 0.0876983702 -0.4021221101 0.9113762975
-35.0 -278.3 2722.7 0.9960930347 0.0461939983 -0.0752644911 -0.0081679355 0.8968166113 0.4423270524 0.0879313052 -0.4399841726 0.8936901093
-167.9 -101.5 2624.0 0.0903422609 -0.9791183472 -0.1821141094 0.9211704731 0.0126508502 0.3889536262 -0.3785277307 -0.2028970867 0.9030778408
-194.1 -368.7 2733.7 -0.1976357847 -0.9791183472 0.0476168916 -0.2930118144 0.0126508502 -0.9560251236 0.9354593158 -0.2028970867 -0.2893935144
115.9 -103.9 2649.1 -0.1738185287 0.8864714503 0.4289003015 -0.8418456316 0.0922225267 -0.5317809582 -0.5109629035 -0.4535012245 0.7302421331
65.5 -348.3 2500.7 -0.4060494900 0.8864714503 0.2220183611 -0.3151258528 0.0922225267 -0.9445585012 -0.8577992320 -0.4535012245 0.2419031560
-135.4 -444.8 2806.0 0.9895159602 0.1312175542 0.0603334345 0.0756685808 -0.1152112186 -0.9904547930 -0.1230139658 0.9846361279 -0.1239323914
-186.7 -399.8 2421.1 0.9895159602 -0.0241256487 0.1423942596 0.0756685808 0.9263945818 -0.3688730299 -0.1230139658 0.3757805228 0.9185078144
44.8 -448.6 2818.3 0.9976041913 -0.0683189183 -0.0108818449 -0.0171870198 -0.0923925191 -0.9955742955 0.0670111626 0.9933761358 -0.0933453664
71.5 -412.5 2430.6 0.9976041913 -0.0105906297 -0.0683646724 -0.0171870198 0.9192879796 -0.3932101429 0.0670111626 0.3934430778 0.9169034958
-149.7 -302.8 2523.5 0 0 0 0 0 0 0 0 0
-50.6 -438.3 2255.6 0 0 0 0 0 0 0 0 0
-176.7 -786.2 2264.4 0 0 0 0 0 0 0 0 0
75.9 -797.5 2265.8 0 0 0 0 0 0 0 0 0
-18.5 72.2 2561.3 20 0.9940060377 0.0420325696 -0.1009220779 0.0006246620 0.9209375978 0.3897095025 0.1093234345 -0.3874366581 0.9153913260
-26.7 -107.3 2636.8 0.9940060377 0.0420325696 -0.1009220779 0.0006246620 0.9209375978 0.3897095025 0.1093234345 -0.3874366581 0.9153913260
-35.8 -284.4 2719.9 0.9939731956 0.0468196534 -0.0991220698 -0.0000497396 0.9043988585 0.4266880453 0.1096232757 -0.4241115451 0.8989505768
-168.3 -107.3 2621.2 0.0893070325 -0.9745424390 -0.2056485415 0.9281657934 0.0065342779 0.3721096218 -0.3612928391 -0.2241079509 0.9051204920
-194.2 -376.5 2726.0 -0.2150182873 -0.9745424390 0.0635153577 -0.3104123473 0.0065342779 -0.9505795240 0.9259650707 -0.2241079509 -0.3039149940
114.9 -107.4 2652.5 -0.1716611385 0.8894768357 0.4235132039 -0.8321960568 0.0991479605 -0.5455450416 -0.5272401571 -0.4460949004 0.7231992483
64.8 -350.5 2498.4 -0.4009519219 0.8894768357 0.2192453891 -0.2990187109 0.0991479605 -0.9490824342 -0.8659245968 -0.4460949004 0.2262166589
-134.0 -453.1 2800.8 0.9910784364 0.1266678572 0.0414583683 0.0596997812 -0.1437964439 -0.9878048897 -0.1191615611 0.9814671874 -0.1500755847
-183.5 -396.8 2416.9 0.9910784364 -0.0128012048 0.1326637566 0.0596997812 0.9325747490 -0.3560059667 -0.1191615611 0.3607498407 0.9250189662
46.0 -454.6 2816.8 0.9976897240 -0.0669105276 -0.0117548173 -0.0159627870 -0.0627065077 -0.9979043603 0.0660331994 0.9957865477 -0.0636297166
72.2 -430.1 2427.6 0.9976897240 -0.0119049242 -0.0668839812 -0.0159627870 0.9158805609 -0.4011333883 0.0660331994 0.4012743235 0.9135745764
-145.8 -306.7 2517.9 0 0 0 0 0 0 0 0 0
-48.5 -435.0 2253.7 0 0 0 0 0 0 0 0 0
-178.2 -786.6 2266.2 0 0 0 0 0 0 0 0 0
76.9 -795.6 2267.4 0 0 0 0 0 0 0 0 0
-18.7 73.7 2562.8 21 0.9937790632 0.0425486378 -0.1029212847 0.0000792391 0.9238716364 0.3827024400 0.1113695279 -0.3803298175 0.9181209207
-27.1 -106.7 2637.0 0.9937790632 0.0425486378 -0.1029212847 0.0000792391 0.9238716364 0.3827024400 0.1113695279 -0.3803298175 0.9181209207
-36.2 -283.9 2719.7 0.9937944412 0.0469120368 -0.1008556783 0.0003937143 0.9052235484 0.4249354303 0.1112315208 -0.4223381877 0.8995876908
-168.7 -106.7 2621.2 0.0894549042 -0.9741707444 -0.2073382586 0.9288920164 0.0064853844 0.3702938259 -0.3593847454 -0.2257194519 0.9054796100
-194.6 -376.2 2725.4 -0.2164146602 -0.9741707444 0.0644672662 -0.3121863306 0.0064853844 -0.9499987364 0.9250429273 -0.2257194519 -0.3055263162
114.6 -106.6 2652.9 -0.1833044887 0.9081026912 0.3764956594 -0.8358297944 0.0576348156 -0.5459549427 -0.5174824595 -0.4147622585 0.7484545112
60.9 -351.1 2501.5 -0.3826707304 0.9081026912 0.1700371206 -0.2879770398 0.0576348156 -0.9559013844 -0.8778566718 -0.4147622585 0.2394575775
-134.7 -461.4 2793.0 0.9915445447 0.1223504469 0.0432414897 0.0581908077 -0.1213794276 -0.9908990264 -0.1159883067 0.9850367308 -0.1274727732
-182.6 -413.9 2407.5 0.9915445447 -0.0128336456 0.1291307658 0.0581908077 0.9334115982 -0.3540574014 -0.1159883067 0.3585779071 0.9262659550
44.9 -461.5 2812.8 0.9972035885 -0.0726919770 -0.0173456036 -0.0197865162 -0.0329943299 -0.9992596507 0.0720658526 0.9968085289 -0.0343403853
73.4 -448.6 2423.0 0.9972035885 -0.0112175504 -0.0738861263 -0.0197865162 0.9137578011 -0.4057772458 0.0720658526 0.4061044753 0.9109806418
-146.0 -306.0 2517.5 0 0 0 0 0 0 0 0 0
-47.2 -432.6 2253.4 0 0 0 0 0 0 0 0 0
-177.4 -785.8 2264.6 0 0 0 0 0 0 0 0 0
77.7 -796.8 2268.2 0 0 0 0 0 0 0 0 0
-19.4 72.9 2564.0 22 0.9935878515 0.0424647219 -0.1047853157 0.0010955102 0.9231286049 0.3844897747 0.1130575761 -0.3821391761 0.9171628356
-27.7 -106.8 2638.4 0.9935878515 0.0424647219 -0.1047853157 0.0010955102 0.9231286049 0.3844897747 0.1130575761 -0.3821391761 0.9171628356
-36.9 -283.7 2721.9 0.9936037660 0.0471383780 -0.1026134565 0.0014203533 0.9034159780 0.4287627935 0.1129138172 -0.4261660576 0.8975706100
-169.3 -107.0 2622.3 0.0896538347 -0.9737827182 -0.2090680450 0.9273747802 0.0050632074 0.3740994334 -0.3632330000 -0.2274238765 0.9035154581
-195.3 -376.0 2727.7 -0.2178716958 -0.9737827182 0.0654154643 -0.3082530200 0.0050632074 -0.9512909651 0.9260194302 -0.2274238765 -0.3012745678
113.9 -106.6 2654.5 -0.1838383079 0.9066537619 0.3797136247 -0.8282303214 0.0651658028 -0.5565859675 -0.5293750763 -0.4168121517 0.7389381528
60.2 -348.6 2499.8 -0.3793595135 0.9066537619 0.1845679134 -0.3063088059 0.0651658028 -0.9496991038 -0.8730757236 -0.4168121517 0.2529947758
-135.2 -461.2 2792.4 0.9884349704 0.1351428777 0.0687948018 0.0802107975 -0.0809245706 -0.9934875369 -0.1286955774 0.9875158668 -0.0908285975
-188.0 -429.6 2406.1 0.9884349704 -0.0274726860 0.1491360962 0.0802107975 0.9293345213 -0.3604213893 -0.1286955774 0.3682154417 0.9207903147
44.5 -461.2 2812.5 0.9973242879 -0.0716121048 -0.0146961510 -0.0162491947 -0.0211527757 -0.9996442199 0.0712757632 0.9972082376 -0.0222598165
72.5 -452.9 2422.2 0.9973242879 -0.0147368778 -0.0716037378 -0.0162491947 0.9102812409 -0.4136714339 0.0712757632 0.4137280583 0.9076061249
-146.3 -306.7 2519.5 0 0 0 0 0 0 0 0 0
-47.4 -435.5 2252.1 0 0 0 0 0 0 0 0 0
-177.5 -785.4 2265.1 0 0 0 0 0 0 0 0 0
78.0 -795.6 2266.4 0 0 0 0 0 0 0 0 0
-18.7 73.9 2554.7 23 0.9946827292 0.0439013317 -0.0931606218 -0.0010267037 0.9087724090 0.4172908366 0.1029814258 -0.4149763584 0.9039853215
-27.3 -103.3 2635.6 0.9946827292 0.0439013317 -0.0931606218 -0.0010267037 0.9087724090 0.4172908366 0.1029814258 -0.4149763584 0.9039853215
-36.1 -277.9 2723.8 0.9947854280 0.0452697761 -0.0913925245 0.0010463601 0.8915163875 0.4529872537 0.1019845605 -0.4507207572 0.8868201375
-169.0 -103.5 2621.1 0.0884679407 -0.9761955142 -0.1980296373 0.9170154929 0.0021954989 0.3988455534 -0.3889164627 -0.2168812901 0.8953806162
-194.7 -369.4 2733.9 -0.2086482197 -0.9761955142 0.0592303276 -0.2825782001 0.0021954989 -0.9592417479 0.9362774491 -0.2168812901 -0.2763096690
114.5 -103.2 2650.1 -0.1612528265 0.8962436914 0.4132128060 -0.8378620744 0.0969304144 -0.5372072458 -0.5215214491 -0.4328415394 0.7352982759
70.4 -332.2 2507.6 -0.3684916496 0.8962436914 0.2469031960 -0.3804773092 0.0969304144 -0.9196964502 -0.8482044935 -0.4328415394 0.3052823246
-135.9 -460.8 2795.1 0.9924272895 0.1181166917 0.0337127112 0.0535094477 -0.1686771065 -0.9842178226 -0.1105659902 0.9785686135 -0.1737201214
-182.0 -395.0 2413.6 0.9924272895 -0.0109428652 0.1223452240 0.0535094477 0.9350636601 -0.3504179120 -0.1105659902 0.3543109298 0.9285681844
43.7 -460.5 2815.5 0.9973786473 -0.0716070607 -0.0104041081 -0.0137060462 -0.0457761362 -0.9988576770 0.0710490048 0.9963819385 -0.0466375910
71.7 -442.6 2425.5 0.9973786473 -0.0165853612 -0.0704325438 -0.0137060462 0.9124532342 -0.4089513719 0.0710490048 0.4088447392 0.9098340869
-147.8 -305.9 2523.4 0 0 0 0 0 0 0 0 0
-33.4 -439.5 2268.5 0 0 0 0 0 0 0 0 0
-177.4 -785.0 2265.8 0 0 0 0 0 0 0 0 0
78.2 -795.8 2267.3 0 0 0 0 0 0 0 0 0
-18.3 72.5 2559.5 24 0.9924586415 0.0402152836 -0.1157956347 0.0111403950 0.9111516476 0.4119205773 0.1220728830 -0.4101041257 0.9038323164
-26.2 -105.4 2639.5 0.9924586415 0.0402152836 -0.1157956347 0.0111403950 0.9111516476 0.4119205773 0.1220728830 -0.4101041257 0.9038323164
-34.7 -280.3 2727.1 0.9925264716 0.0433652736 -0.1140642613 0.0126053728 0.8932921886 0.4492996037 0.1213767156 -0.4473795593 0.8860695362
-167.6 -107.2 2622.2 0.0850729272 -0.9717510939 -0.2201417834 0.9191098809 -0.0087710442 0.3939036131 -0.3847071528 -0.2358450145 0.8923999071
-192.3 -373.8 2733.8 -0.2234166116 -0.9717510939 0.0760580301 -0.2878585756 -0.0087710442 -0.9576327801 0.9312477708 -0.2358450145 -0.2777673006
115.2 -103.6 2656.8 -0.1392307431 0.8688028455 0.4751803875 -0.8283407688 0.1607726067 -0.5366597772 -0.5426475406 -0.4683308303 0.6972803473
78.4 -322.8 2513.3 -0.3670155108 0.8688028455 0.3323871493 -0.4258171916 0.1607726067 -0.8904110789 -0.8270304203 -0.4683308303 0.3109451532
-134.9 -452.5 2802.9 0.9957114458 0.0921408236 0.0082920343 0.0176825933 -0.1015718505 -0.9946710467 -0.0908075720 0.9905520082 -0.1027655452
-172.1 -411.5 2402.8 0.9957114458 0.0147860162 0.0913239494 0.0176825933 0.9385282993 -0.3447491527 -0.0908075720 0.3448855281 0.9342418909
45.0 -452.4 2821.3 0.9982357025 -0.0589984208 0.0066853873 0.0017671704 -0.0830233023 -0.9965460300 0.0593496859 0.9947996140 -0.0827725604
68.1 -419.9 2432.1 0.9982357025 -0.0255778339 -0.0535843484 0.0017671704 0.9148567915 -0.4037746489 0.0593496859 0.4029675722 0.9132878780
-142.1 -309.1 2524.5 0 0 0 0 0 0 0 0 0
-24.9 -442.6 2280.5 0 0 0 0 0 0 0 0 0
-177.9 -783.8 2266.0 0 0 0 0 0 0 0 0 0
78.6 -795.5 2266.6 0 0 0 0 0 0 0 0 0
-16.1 80.1 2561.4 25 0.9916118383 0.0384622999 -0.1233962178 0.0142662907 0.9162946343 0.4002507031 0.1284618527 -0.3986537457 0.9080598950
-23.6 -98.1 2638.9 0.9916118383 0.0384622999 -0.1233962178 0.0142662907 0.9162946343 0.4002507031 0.1284618527 -0.3986537457 0.9080598950
-31.7 -274.1 2724.5 0.9917067885 0.0412822142 -0.1217102334 0.0164278019 0.8985223770 0.4386201501 0.1274665892 -0.4369820058 0.8903926015
-164.9 -100.5 2620.7 0.0825074166 -0.9702744484 -0.2275081724 0.9238485098 -0.0111507913 0.3825958669 -0.3737598956 -0.2417500764 0.8954666257
-188.8 -368.5 2729.2 -0.2274240702 -0.9702744484 0.0827389583 -0.2995106876 -0.0111507913 -0.9540277719 0.9265913963 -0.2417500764 -0.2880716026
117.7 -95.8 2657.1 -0.1412296891 0.8663822412 0.4789948165 -0.8311648965 0.1590714306 -0.5327861905 -0.5377908945 -0.4733689129 0.6976408958
81.5 -308.8 2519.3 -0.3629849255 0.8663822412 0.3429632783 -0.4504047930 0.1590714306 -0.8785395622 -0.8157067299 -0.4733689129 0.3324821591
-132.8 -456.4 2803.8 0.9963067770 0.0855518505 -0.0073303720 0.0006436664 -0.0928094611 -0.9956836700 -0.0858629048 0.9920016527 -0.0925217569
-168.0 -418.2 2395.8 0.9963067770 0.0282688774 0.0810785070 0.0006436664 0.9417666793 -0.3362663984 -0.0858629048 0.3350766599 0.9382703304
46.6 -454.1 2825.7 0.9979029894 -0.0646740943 -0.0026133934 -0.0082774153 -0.0874657854 -0.9961331487 0.0641954243 0.9940658808 -0.0878177062
71.9 -419.9 2436.6 0.9979029894 -0.0189193618 -0.0619001277 -0.0082774153 0.9111750722 -0.4119363129 0.0641954243 0.4115848541 0.9091077447
-137.7 -301.1 2520.9 0 0 0 0 0 0 0 0 0
-20.6 -435.6 2289.7 0 0 0 0 0 0 0 0 0
-178.9 -782.3 2266.3 0 0 0 0 0 0 0 0 0
79.7 -794.8 2267.2 0 0 0 0 0 0 0 0 0
-16.8 79.8 2561.8 26 0.9910335541 0.0229863748 -0.1316209882 0.0314149000 0.9173888564 0.3967502713 0.1298674792 -0.3973276913 0.9084410667
-21.2 -97.8 2638.7 0.9910335541 0.0229863748 -0.1316209882 0.0314149000 0.9173888564 0.3967502713 0.1298674792 -0.3973276913 0.9084410667
-26.1 -274.3 2723.4 0.9911072254 0.0250015650 -0.1306957453 0.0342064984 0.9013127685 0.4318161607 0.1285938323 -0.4324467480 0.8924424052
-162.5 -102.7 2620.4 0.0657194182 -0.9696847200 -0.2353560776 0.9270632267 -0.0279113762 0.3738645315 -0.3690998554 -0.2427601367 0.8971247673
-181.5 -371.6 2727.5 -0.2226699442 -0.9696847200 0.1006460339 -0.3082525432 -0.0279113762 -0.9508950114 0.9248775244 -0.2427601367 -0.2926927507
120.0 -93.0 2657.1 -0.1465695500 0.8608332276 0.4873228073 -0.8313543200 0.1597763002 -0.5322796106 -0.5360665917 -0.4831538796 0.6922390461
83.6 -299.3 2524.0 -0.3575661182 0.8632223606 0.3563616872 -0.4708520770 0.1629009545 -0.8670418859 -0.8065015674 -0.4778184295 0.3482021689
-129.3 -451.5 2798.5 0.9963201284 0.0834097192 -0.0197225139 -0.0134183038 -0.0754773915 -0.9970571995 -0.0846528634 0.9936528206 -0.0740804300
-163.9 -420.2 2386.8 0.9963201284 0.0396156870 0.0760049745 -0.0134183038 0.9479318857 -0.3181903064 -0.0846528634 0.3159995377 0.9449752569
49.9 -448.6 2821.6 0.9983340502 -0.0574434735 -0.0054213461 -0.0084795123 -0.0531286001 -0.9985516667 0.0570722483 0.9969341159 -0.0535271838
72.4 -427.8 2431.4 0.9983340502 -0.0155161852 -0.0555732995 -0.0084795123 0.9132506847 -0.4073098600 0.0570722483 0.4071025252 0.9115976691
-131.5 -302.3 2519.5 0 0 0 0 0 0 0 0 0
-17.1 -431.8 2297.0 0 0 0 0 0 0 0 0 0
-179.0 -781.9 2266.2 0 0 0 0 0 0 0 0 0
78.7 -796.4 2267.1 0 0 0 0 0 0 0 0 0
-17.9 77.2 2564.1 27 0.9852070212 0.0211649183 -0.1700563878 0.0483035073 0.9178097248 0.3940711915 0.1644198895 -0.3964560330 0.9032102227
-22.0 -101.1 2641.0 0.9852070212 0.0211649183 -0.1700563878 0.0483035073 0.9178097248 0.3940711915 0.1644198895 -0.3964560330 0.9032102227
-26.7 -277.9 2725.0 0.9852728844 0.0242879484 -0.1692557037 0.0509412140 0.9032171965 0.4261498153 0.1632249653 -0.4284959435 0.8886781335
-162.3 -108.3 2617.8 0.0622384585 -0.9599953890 -0.2730115056 0.9294297099 -0.0439357348 0.3663741946 -0.3637124896 -0.2765475810 0.8895137310
-180.3 -377.9 2723.3 -0.2492661774 -0.9599953890 0.1275745928 -0.3158680797 -0.0439357348 -0.9477853179 0.9154745936 -0.2765475810 -0.2922801971
