123.0 109.7 2347.3 2 0.9698286653 -0.0569074862 0.2370526195 -0.0278913435 0.9400880337 0.3397890031 -0.2421868742 -0.3361487985 0.9101370573
134.5 -79.8 2415.0 0.9698286653 -0.0569074862 0.2370526195 -0.0278913435 0.9400880337 0.3397890031 -0.2421868742 -0.3361487985 0.9101370573
145.0 -267.0 2481.1 0.9699730277 -0.0531607941 0.2373314202 -0.0303603224 0.9417209029 0.3350223303 -0.2413100153 -0.3321681023 0.9118299484
-2.0 -75.5 2449.0 -0.2958404124 -0.8047305942 0.5146718025 0.9231383801 -0.3793514967 -0.0625138506 0.2455483228 0.4566192031 0.8551052213
92.3 -369.9 2370.7 0.2896822989 -0.8047305942 0.5181629062 0.4204498529 -0.3793514967 -0.8242052794 0.8598291278 0.4566192031 0.2284574509
271.0 -84.0 2381.1 0.0499036834 0.6768023968 0.7344713211 -0.9732539654 0.1980671883 -0.1163876504 -0.2242461145 -0.7090189457 0.6685849428
282.8 -313.7 2328.2 -0.5592876673 0.6768023968 0.4786812961 -0.4879156649 0.1980671883 -0.8501221538 -0.6701757908 -0.7090189457 0.2194459736
64.7 -450.1 2568.7 0.8537744880 0.5188819170 0.0427860394 0.1131338030 -0.1046789289 -0.9880501628 -0.5082025528 0.8484125733 -0.1480752826
-154.6 -405.8 2210.2 0.8537744880 -0.1229482740 0.5059177876 0.1131338030 0.9923092723 0.0502294265 -0.5082025528 0.0143517992 0.8611179590
244.6 -456.9 2524.9 0.9853181839 -0.0559745543 0.1612913013 0.1487599313 -0.1821020842 -0.9719615579 0.0837766007 0.9816851020 -0.1711017191
268.5 -379.1 2105.4 0.9853181839 -0.1543001086 -0.0730719715 0.1487599313 0.9859461188 -0.0760308504 0.0837766007 0.0640444010 0.9944243431
17.1 -479.0 2147.6 0 0 0 0 0 0 0 0 0
137.4 -440.5 2154.0 0 0 0 0 0 0 0 0 0
-107.6 -785.0 2204.7 0 0 0 0 0 0 0 0 0
327.5 -756.0 2080.9 0 0 0 0 0 0 0 0 0
125.1 108.3 2343.5 3 0.9734020233 -0.0539807677 0.2226535529 -0.0278517567 0.9367561340 0.3488728106 -0.2274045050 -0.3457947969 0.9103368521
136.0 -80.8 2413.3 0.9734020233 -0.0539807677 0.2226535529 -0.0278517567 0.9367561340 0.3488728106 -0.2274045050 -0.3457947969 0.9103368521
146.8 -267.8 2479.9 0.9732556343 -0.0541154407 0.2232598364 -0.0253097694 0.9406825304 0.3383426368 -0.2283262014 -0.3349445462 0.9141549468
-0.9 -77.3 2445.5 -0.2952397466 -0.8119112849 0.5036203861 0.9268374443 -0.3713613451 -0.0553457104 0.2319609672 0.4504339695 0.8621504307
90.9 -365.5 2373.3 0.2743056417 -0.8119112849 0.5153216720 0.4384149611 -0.3713613451 -0.8184638619 0.8558906317 0.4504339695 0.2540875673
273.0 -84.4 2381.2 0.0414200351 0.6918718219 0.7208313346 -0.9752072096 0.1849605441 -0.1214928776 -0.2173828483 -0.6979276538 0.6823794246
282.7 -312.7 2330.3 -0.5526524186 0.6918718219 0.4646382928 -0.4863898158 0.1849605441 -0.8539406061 -0.6767571568 -0.6979276538 0.2343005091
67.3 -451.8 2567.2 0.8565531373 0.5134088993 0.0522302091 0.1264987737 -0.1107621714 -0.9857635498 -0.5003146529 0.8509659171 -0.1598192900
-150.7 -404.8 2205.9 0.8565531373 -0.1361957043 0.4977624416 0.1264987737 0.9905313253 0.0533451140 -0.5003146529 0.0172734130 0.8656713367
246.8 -457.1 2525.6 0.9832546711 -0.0679309666 0.1691024601 0.1545974016 -0.1803730577 -0.9713728428 0.0964878201 0.9812496901 -0.1668507010
275.8 -380.1 2106.2 0.9832546711 -0.1607687324 -0.0858118236 0.1545974016 0.9851784706 -0.0743170604 0.0964878201 0.0598063134 0.9935357571
19.7 -479.3 2151.1 0 0 0 0 0 0 0 0 0
139.0 -439.2 2154.4 0 0 0 0 0 0 0 0 0
-98.6 -783.4 2199.3 0 0 0 0 0 0 0 0 0
337.3 -756.7 2083.4 0 0 0 0 0 0 0 0 0
126.1 108.8 2349.2 4 0.9737421870 -0.0528721474 0.2214288116 -0.0237047095 0.9438211918 0.3296053708 -0.2264161557 -0.3261995614 0.9177851677
136.7 -81.5 2414.9 0.9737421870 -0.0528721474 0.2214288116 -0.0237047095 0.9438211918 0.3296053708 -0.2264161557 -0.3261995614 0.9177851677
147.0 -269.5 2478.5 0.9737347960 -0.0514592268 0.2217938304 -0.0235710237 0.9461077452 0.3229931891 -0.2264618427 -0.3197376132 0.9200450778
-0.3 -78.1 2446.8 -0.2899453342 -0.8126240373 0.5055431128 0.9266683459 -0.3704044521 -0.0639241189 0.2392016947 0.4499363303 0.8604300618
92.0 -373.1 2370.7 0.2861529291 -0.8126240373 0.5076993704 0.4189718068 -0.3704044521 -0.8290133476 0.8617303371 0.4499363303 0.2344742417
273.8 -84.8 2383.1 0.0328420363 0.7045723200 0.7088717818 -0.9752413034 0.1777824759 -0.1315212399 -0.2186912000 -0.6870016456 0.6929667592
281.4 -312.1 2332.1 -0.5420421958 0.7045723200 0.4580045044 -0.4900003076 0.1777824759 -0.8534008861 -0.6827078462 -0.6870016456 0.2488750517
67.4 -455.1 2562.7 0.8563230634 0.5138606429 0.0515559316 0.1377321333 -0.1310226470 -0.9817652106 -0.4977355301 0.8478091359 -0.1829728335
-151.3 -399.3 2201.9 0.8563230634 -0.1379547864 0.4976738393 0.1377321333 0.9897641540 0.0373728871 -0.4977355301 0.0365424119 0.8665587306
246.5 -459.7 2521.3 0.9833236337 -0.0705696568 0.1676144004 0.1510745585 -0.1961357445 -0.9688690305 0.1012479290 0.9780340791 -0.1822036207
276.7 -375.9 2103.3 0.9833236337 -0.1590107828 -0.0882622972 0.1510745585 0.9843864441 -0.0903317407 0.1012479290 0.0754911453 0.9919928908
17.7 -481.9 2146.8 0 0 0 0 0 0 0 0 0
140.5 -439.5 2154.6 0 0 0 0 0 0 0 0 0
-98.5 -777.6 2188.0 0 0 0 0 0 0 0 0 0
337.5 -752.2 2074.5 0 0 0 0 0 0 0 0 0
125.7 108.9 2344.0 5 0.9712725282 -0.0540267713 0.2317557633 -0.0292842388 0.9393494725 0.3417088687 -0.2361610830 -0.3386792243 0.9107822776
136.6 -81.1 2412.5 0.9712725282 -0.0540267713 0.2317557633 -0.0292842388 0.9393494725 0.3417088687 -0.2361610830 -0.3386792243 0.9107822776
147.1 -268.8 2477.0 0.9711458683 -0.0528705530 0.2325518578 -0.0270521250 0.9444014430 0.3276799619 -0.2369469255 -0.3245160580 0.9157212973
-0.1 -77.3 2445.8 -0.2925558090 -0.8003454208 0.5233147740 0.9269406796 -0.3718037009 -0.0504275672 0.2349298447 0.4703288674 0.8506460786
93.0 -372.2 2371.1 0.2933140695 -0.8003454208 0.5228901505 0.4413678646 -0.3718037009 -0.8166739941 0.8480337858 0.4703288674 0.2441914678
273.3 -84.9 2379.1 0.0375214517 0.6976841092 0.7154222727 -0.9763141870 0.1782506108 -0.1226267368 -0.2130791843 -0.6938757896 0.6878471375
282.0 -311.2 2329.7 -0.5479819775 0.6976841092 0.4614678919 -0.4911044538 0.1782506108 -0.8526682258 -0.6771500111 -0.6938757896 0.2449576557
68.3 -453.9 2563.2 0.8503498435 0.5240440369 0.0477803648 0.1353782862 -0.1301196665 -0.9822126031 -0.5085054636 0.8416928053 -0.1815914214
-155.0 -398.5 2204.6 0.8503498435 -0.1371447444 0.5080319047 0.1353782862 0.9899599552 0.0406448953 -0.5085054636 0.0342141092 0.8603787422
246.7 -459.1 2519.8 0.9847027659 -0.0602598861 0.1634906530 0.1494359821 -0.1904645711 -0.9702536464 0.0896065533 0.9798428416 -0.1785459965
272.5 -377.7 2101.1 0.9847027659 -0.1560236514 -0.0775697380 0.1494359821 0.9851515889 -0.0845294967 0.0896065533 0.0716447234 0.9933970571
16.8 -486.9 2150.8 0 0 0 0 0 0 0 0 0
139.5 -438.9 2153.7 0 0 0 0 0 0 0 0 0
-102.5 -776.9 2191.5 0 0 0 0 0 0 0 0 0
332.1 -754.3 2073.7 0 0 0 0 0 0 0 0 0
124.2 110.2 2341.4 6 0.9719288945 -0.0558439717 0.2285511643 -0.0287816972 0.9359051585 0.3510742486 -0.2335076034 -0.3477973044 0.9080260396
135.5 -78.9 2411.7 0.9719288945 -0.0558439717 0.2285511643 -0.0287816972 0.9359051585 0.3510742486 -0.2335076034 -0.3477973044 0.9080260396
146.2 -265.7 2478.6 0.9718883634 -0.0538720340 0.2291960716 -0.0280881058 0.9399886131 0.3400477171 -0.2337607741 -0.3369261026 0.9120508432
-1.3 -74.9 2444.5 -0.2924589515 -0.8047465682 0.5165759921 0.9273345470 -0.3705646396 -0.0522736870 0.2334918529 0.4637508094 0.8546442389
92.2 -371.1 2370.0 0.2900715172 -0.8047465682 0.5179203749 0.4361265898 -0.3705646396 -0.8200460076 0.8518521786 0.4637508094 0.2434811443
272.3 -82.8 2378.8 0.0415276773 0.6879577637 0.7245616317 -0.9750191569 0.1862792820 -0.1209862605 -0.2182042599 -0.7014371753 0.6785077453
282.1 -313.6 2327.1 -0.5548579097 0.6879577637 0.4678106308 -0.4879942834 0.1862792820 -0.8527377248 -0.6737909913 -0.7014371753 0.2323609143
67.6 -449.9 2567.0 0.8511519432 0.5224797726 0.0505501106 0.1317236871 -0.1193766966 -0.9840722084 -0.5081232786 0.8442535996 -0.1704306602
-155.1 -399.1 2207.1 0.8511519432 -0.1401702166 0.5058584213 0.1317236871 0.9898870587 0.0526546873 -0.5081232786 0.0218163915 0.8610079885
246.1 -455.2 2524.2 0.9841282964 -0.0627446547 0.1659959406 0.1526384503 -0.1778242290 -0.9721522927 0.0905154571 0.9820598960 -0.1654246002
272.9 -379.2 2104.5 0.9841282964 -0.1582481712 -0.0803060457 0.1526384503 0.9856714606 -0.0717864931 0.0905154571 0.0583893247 0.9941818714
16.8 -484.5 2148.6 0 0 0 0 0 0 0 0 0
137.9 -440.4 2152.0 0 0 0 0 0 0 0 0 0
-101.5 -777.5 2198.8 0 0 0 0 0 0 0 0 0
333.4 -756.0 2082.2 0 0 0 0 0 0 0 0 0
124.9 109.2 2341.1 7 0.9716433883 -0.0507465862 0.2309413254 -0.0348977372 0.9352248311 0.3523302972 -0.2338616252 -0.3503987193 0.9069340825
135.1 -79.5 2411.8 0.9716433883 -0.0507465862 0.2309413254 -0.0348977372 0.9352248311 0.3523302972 -0.2338616252 -0.3503987193 0.9069340825
144.6 -266.1 2479.8 0.9716829658 -0.0477594174 0.2314115018 -0.0356501266 0.9385172129 0.3433867991 -0.2335836291 -0.3419129550 0.9102385640
-1.6 -74.5 2444.7 -0.2945625186 -0.8017010093 0.5201042295 0.9265697598 -0.3728010356 -0.0498789474 0.2338833958 0.4672203660 0.8526450992
91.7 -368.1 2370.5 0.2866275907 -0.8017010093 0.5245189667 0.4461546838 -0.3728010356 -0.8136125803 0.8478152156 0.4672203660 0.2508276105
271.9 -84.5 2378.9 0.0479826033 0.6791756749 0.7324056625 -0.9738041759 0.1949742585 -0.1170063466 -0.2222681046 -0.7076054215 0.6707394719
283.2 -313.0 2326.8 -0.5546797514 0.6791756749 0.4806774557 -0.4950217307 0.1949742585 -0.8467222452 -0.6687928438 -0.7076054215 0.2280584425
67.3 -448.0 2568.9 0.8515422344 0.5226252675 0.0416967049 0.1115083396 -0.1028266698 -0.9884293675 -0.5122905970 0.8463388681 -0.1458383352
-155.0 -404.2 2208.9 0.8515422344 -0.1257024854 0.5089938045 0.1115083396 0.9920433760 0.0584452301 -0.5122905970 0.0069884695 0.8587837219
243.3 -455.9 2526.3 0.9851047397 -0.0638588071 0.1596581489 0.1467092931 -0.1721849740 -0.9740784168 0.0896942168 0.9829925895 -0.1602515578
270.6 -382.4 2106.2 0.9851047397 -0.1518283188 -0.0807269067 0.1467092931 0.9869762659 -0.0659868941 0.0896942168 0.0531606153 0.9945495725
17.2 -484.1 2150.2 0 0 0 0 0 0 0 0 0
139.0 -441.7 2152.9 0 0 0 0 0 0 0 0 0
-106.9 -783.4 2206.3 0 0 0 0 0 0 0 0 0
328.6 -759.7 2085.9 0 0 0 0 0 0 0 0 0
124.5 109.2 2339.9 8 0.9699901342 -0.0504124761 0.2378607690 -0.0389138386 0.9334728122 0.3565308750 -0.2400101572 -0.3550875187 0.9034976363
134.7 -79.7 2411.8 0.9699901342 -0.0504124761 0.2378607690 -0.0389138386 0.9334728122 0.3565308750 -0.2400101572 -0.3550875187 0.9034976363
143.7 -265.8 2481.0 0.9701504111 -0.0451505743 0.2382638454 -0.0420495495 0.9363113046 0.3486444950 -0.2388306260 -0.3482564986 0.9064642191
-1.9 -73.8 2445.4 -0.2929749489 -0.7959340811 0.5297685266 0.9258204699 -0.3745447695 -0.0507216603 0.2387931049 0.4756103456 0.8466242552
91.4 -368.3 2369.4 0.2902025580 -0.7959340811 0.5312922597 0.4534241557 -0.3745447695 -0.8087785840 0.8427271247 0.4756103456 0.2522018850
271.2 -85.6 2378.2 0.0508430786 0.6807132959 0.7307834029 -0.9736523032 0.1966573298 -0.1154429242 -0.2222974449 -0.7056595087 0.6727767587
283.1 -314.0 2326.0 -0.5573267937 0.6807132959 0.4754116833 -0.4861286879 0.1966573298 -0.8514721394 -0.6731016040 -0.7056595087 0.2213118672
64.8 -448.4 2570.1 0.8537380695 0.5194125772 0.0366316587 0.1004975066 -0.0953385830 -0.9903589487 -0.5109124780 0.8491885066 -0.1335938424
-158.9 -407.3 2204.5 0.8537380695 -0.1324892342 0.5035651922 0.1004975066 0.9908303618 0.0903076828 -0.5109124780 -0.0264920611 0.8592244387
241.7 -455.8 2528.3 0.9862996936 -0.0590680875 0.1540256590 0.1425296813 -0.1649612337 -0.9759472609 0.0830556005 0.9845297337 -0.1542822570
266.9 -385.3 2107.6 0.9862996936 -0.1467444301 -0.0753592402 0.1425296813 0.9880554080 -0.0585814044 0.0830556005 0.0470378920 0.9954341650
15.9 -486.2 2150.4 0 0 0 0 0 0 0 0 0
138.3 -440.4 2151.1 0 0 0 0 0 0 0 0 0
-108.3 -785.9 2214.6 0 0 0 0 0 0 0 0 0
323.0 -763.1 2089.6 0 0 0 0 0 0 0 0 0
125.5 109.6 2345.9 9 0.9685848951 -0.0459251404 0.2444058657 -0.0417536348 0.9388160110 0.3418788314 -0.2451529801 -0.3413435221 0.9074054360
134.8 -79.8 2414.7 0.9685848951 -0.0459251404 0.2444058657 -0.0417536348 0.9388160110 0.3418788314 -0.2451529801 -0.3413435221 0.9074054360
143.4 -266.8 2481.8 0.9686602950 -0.0430812389 0.2446247786 -0.0433456451 0.9404141903 0.3372569978 -0.2445780635 -0.3372908533 0.9090744853
-1.5 -73.7 2449.2 -0.2844248414 -0.8071881533 0.5172521472 0.9243407845 -0.3740388155 -0.0754259229 0.2543552816 0.4566642642 0.8525028825
89.7 -370.0 2367.6 0.2814674377 -0.8071881533 0.5188673735 0.4361279905 -0.3740388155 -0.8184664249 0.8547329903 0.4566642642 0.2467576116
271.1 -85.9 2380.3 0.0500918776 0.6794435382 0.7320158482 -0.9718161225 0.2022074759 -0.1211838201 -0.2303566486 -0.7053145170 0.6704231501
282.9 -314.8 2326.0 -0.5575682521 0.6794435382 0.4769424200 -0.4825630188 0.2022074759 -0.8522001505 -0.6754631996 -0.7053145170 0.2151298672
63.6 -449.8 2570.2 0.8547044992 0.5180243254 0.0336305611 0.1013148502 -0.1029223427 -0.9895161986 -0.5091320872 0.8491512537 -0.1404517442
-161.6 -405.1 2201.0 0.8547044992 -0.1341372430 0.5014851689 0.1013148502 0.9905653000 0.0922807604 -0.5091320872 -0.0280648824 0.8602306843
240.8 -457.7 2526.4 0.9873282313 -0.0544866696 0.1490443051 0.1374348104 -0.1759739667 -0.9747537374 0.0793390051 0.9828857183 -0.1662556976
264.1 -382.5 2106.4 0.9873282313 -0.1422872096 -0.0702663139 0.1374348104 0.9880582690 -0.0696604773 0.0793390051 0.0591207184 0.9950929880
16.5 -483.4 2145.5 0 0 0 0 0 0 0 0 0
138.0 -440.3 2150.5 0 0 0 0 0 0 0 0 0
-110.4 -783.7 2211.8 0 0 0 0 0 0 0 0 0
318.5 -760.2 2083.8 0 0 0 0 0 0 0 0 0
126.7 109.3 2343.3 0 0.9708028436 -0.0432136990 0.2359543294 -0.0426013470 0.9369438887 0.3468735814 -0.2360656559 -0.3467978239 0.9077467918
135.4 -79.6 2413.2 0.9708028436 -0.0432136990 0.2359543294 -0.0426013470 0.9369438887 0.3468735814 -0.2360656559 -0.3467978239 0.9077467918
143.4 -266.2 2481.5 0.9708706737 -0.0406261049 0.2361348271 -0.0441188030 0.9383587241 0.3428359628 -0.2355072647 -0.3432673514 0.9092325568
-1.3 -73.4 2446.4 -0.2879628241 -0.8079768419 0.5140533447 0.9263444543 -0.3711293936 -0.0644119754 0.2428236902 0.4576421976 0.8553363681
90.0 -367.2 2369.4 0.2780858576 -0.8079768419 0.5194628835 0.4445622861 -0.3711293936 -0.8152468204 0.8514884710 0.4576421976 0.2559901774
272.0 -85.8 2380.1 0.0470575280 0.6791865230 0.7324556112 -0.9720829129 0.1998811364 -0.1228917465 -0.2298704833 -0.7062246203 0.6696314812
283.1 -315.1 2325.9 -0.5599363446 0.6791865230 0.4745281637 -0.4809832871 0.1998811364 -0.8536407948 -0.6746305227 -0.7062246203 0.2147566527
62.7 -448.7 2570.8 0.8608735800 0.5075093508 0.0364816040 0.0981115177 -0.0952151418 -0.9906100035 -0.4992702305 0.8563692570 -0.1317607164
-159.0 -407.1 2196.7 0.8608735800 -0.1371763349 0.4899788797 0.0981115177 0.9896536469 0.1046890914 -0.4992702305 -0.0420515053 0.8654252887
240.6 -456.8 2528.1 0.9864807725 -0.0632987395 0.1511585414 0.1385766417 -0.1701576412 -0.9756243825 0.0874765739 0.9833817482 -0.1590855271
267.6 -384.1 2107.9 0.9864807725 -0.1434373707 -0.0792549998 0.1385766417 0.9882954955 -0.0637854412 0.0874765739 0.0519402213 0.9948115945
17.8 -482.7 2148.1 0 0 0 0 0 0 0 0 0
137.5 -440.1 2150.5 0 0 0 0 0 0 0 0 0
-106.6 -785.4 2212.7 0 0 0 0 0 0 0 0 0
322.5 -761.9 2088.0 0 0 0 0 0 0 0 0 0
126.0 107.5 2342.0 1 0.9698382616 -0.0344568305 0.2413016558 -0.0538243875 0.9352470040 0.3498798907 -0.2377324104 -0.3523148298 0.9051837325
133.0 -81.0 2413.1 0.9698382616 -0.0344568305 0.2413016558 -0.0538243875 0.9352470040 0.3498798907 -0.2377324104 -0.3523148298 0.9051837325
139.3 -267.2 2482.3 0.9698969126 -0.0315452218 0.2414639592 -0.0554887652 0.9368591905 0.3452764452 -0.2371095568 -0.3482811153 0.9069064856
-3.5 -73.2 2446.4 -0.2939608097 -0.8073280454 0.5116721988 0.9255819917 -0.3740184903 -0.0583787858 0.2385057062 0.4564335346 0.8571951389
89.5 -366.0 2371.0 0.2723167837 -0.8073280454 0.5235121250 0.4500611126 -0.3740184903 -0.8108977675 0.8504637480 0.4564335346 0.2614954412
269.5 -88.8 2379.7 0.0566459745 0.6744489074 0.7361453176 -0.9713974595 0.2075359821 -0.1153938696 -0.2306039184 -0.7085531354 0.6669140458
282.7 -315.6 2325.9 -0.5598575473 0.6744489074 0.4813296199 -0.4818821847 0.2075359821 -0.8513039351 -0.6740542054 -0.7085531354 0.2088142931
62.3 -448.2 2571.1 0.8590907454 0.5101503730 0.0413481332 0.0981400162 -0.0849017724 -0.9915443659 -0.5023261905 0.8558844924 -0.1230044961
-158.0 -411.5 2201.6 0.8590907454 -0.1273610741 0.4957239628 0.0981400162 0.9915637374 0.0846750438 -0.5023261905 -0.0240931883 0.8643424511
234.5 -458.6 2529.8 0.9880369306 -0.0630978346 0.1407183260 0.1288039088 -0.1641566902 -0.9779888391 0.0848088339 0.9844141603 -0.1540656388
261.5 -388.4 2109.1 0.9880369306 -0.1330800653 -0.0779274032 0.1288039088 0.9899978638 -0.0575659201 0.0848088339 0.0468399003 0.9952957034
18.7 -483.0 2149.9 0 0 0 0 0 0 0 0 0
137.2 -440.9 2150.6 0 0 0 0 0 0 0 0 0
-109.3 -790.5 2210.8 0 0 0 0 0 0 0 0 0
312.4 -766.9 2091.2 0 0 0 0 0 0 0 0 0
124.8 107.3 2340.9 2 0.9697146416 -0.0318380557 0.2421566993 -0.0561135374 0.9359043241 0.3477562070 -0.2377073765 -0.3508125544 0.9057735801
131.2 -81.2 2411.6 0.9697146416 -0.0318380557 0.2421566993 -0.0561135374 0.9359043241 0.3477562070 -0.2377073765 -0.3508125544 0.9057735801
137.0 -267.3 2481.3 0.9697948694 -0.0290114842 0.2421904355 -0.0585825481 0.9361381531 0.3467181325 -0.2367825210 -0.3504335880 0.9061624408
-5.3 -73.0 2444.9 -0.2999689579 -0.8012102246 0.5177652240 0.9243583083 -0.3782606125 -0.0498053432 0.2357547283 0.4636605084 0.8540717959
90.1 -366.9 2370.0 0.2793346941 -0.8012102246 0.5291826725 0.4488164485 -0.3782606125 -0.8096188903 0.8488438725 0.4636605084 0.2539350092
267.7 -89.5 2378.3 0.0721931085 0.6711332202 0.7378132343 -0.9725191593 0.2115350962 -0.0972590968 -0.2213472128 -0.7105160952 0.6679612994
284.5 -315.9 2326.7 -0.5636421442 0.6711332202 0.4815472364 -0.4769600034 0.2115350962 -0.8530896902 -0.6744009852 -0.7105160952 0.2008735985
56.6 -448.0 2571.6 0.8652417064 0.4989849329 0.0486915074 0.1016607881 -0.0795152038 -0.9916362166 -0.4909398258 0.8629550338 -0.1195270717
-157.0 -413.9 2202.2 0.8652417064 -0.1249788254 0.4855276644 0.1016607881 0.9920484424 0.0741953626 -0.4909398258 -0.0148377912 0.8710671067
231.7 -458.8 2529.2 0.9883541465 -0.0637335926 0.1381814629 0.1264037639 -0.1617267430 -0.9787065983 0.0847241208 0.9847753644 -0.1517871320
259.0 -389.7 2108.4 0.9883541465 -0.1304907352 -0.0782831758 0.1264037639 0.9904479980 -0.0550898015 0.0847241208 0.0445529446 0.9954078794
17.5 -483.6 2149.3 0 0 0 0 0 0 0 0 0
138.0 -439.9 2151.4 0 0 0 0 0 0 0 0 0
-109.2 -793.1 2207.8 0 0 0 0 0 0 0 0 0
308.8 -768.4 2091.3 0 0 0 0 0 0 0 0 0
123.9 110.6 2340.8 3 0.9729995131 -0.0323133431 0.2285340428 -0.0492860414 0.9382248521 0.3424981236 -0.2254835814 -0.3445140421 0.9112997651
130.5 -79.0 2410.5 0.9729995131 -0.0323133431 0.2285340428 -0.0492860414 0.9382248521 0.3424981236 -0.2254835814 -0.3445140421 0.9112997651
136.0 -265.5 2479.0 0.9731292725 -0.0279295892 0.2285594046 -0.0533273891 0.9382920265 0.3417078853 -0.2239992321 -0.3447144330 0.9115899801
-6.5 -71.5 2442.0 -0.3020269871 -0.8063555956 0.5084980726 0.9260312915 -0.3748302162 -0.0443659872 0.2263752222 0.4574854076 0.8599193692
90.9 -370.0 2369.0 0.2849282920 -0.8063555956 0.5182725787 0.4316399097 -0.3748302162 -0.8204811215 0.8558638096 0.4574854076 0.2412555367
267.4 -86.5 2379.0 0.0633396804 0.6659896970 0.7432669401 -0.9709751010 0.2132429034 -0.1083276123 -0.2306414843 -0.7148322463 0.6601661444
282.5 -316.9 2324.2 -0.5656167865 0.6659896970 0.4863489568 -0.4804145992 0.2132429034 -0.8507227898 -0.6702830791 -0.7148322463 0.1993374228
53.8 -447.9 2571.8 0.8649513125 0.4990135431 0.0533361509 0.1054554060 -0.0768186152 -0.9914525151 -0.4906510115 0.8631827235 -0.1190680340
-157.9 -415.3 2205.6 0.8649513125 -0.1257864237 0.4858364165 0.1054554060 0.9920206666 0.0690951645 -0.4906510115 -0.0085298801 0.8713144064
230.9 -457.0 2527.0 0.9866117835 -0.0763976872 0.1440854967 0.1296603978 -0.1684381068 -0.9771472812 0.0989212841 0.9827471972 -0.1562772691
263.5 -385.0 2107.0 0.9866117835 -0.1349873096 -0.0915186629 0.1296603978 0.9896261692 -0.0618726388 0.0989212841 0.0491779260 0.9938793182
16.8 -482.2 2146.6 0 0 0 0 0 0 0 0 0
135.4 -441.8 2150.0 0 0 0 0 0 0 0 0 0
-109.8 -794.5 2208.9 0 0 0 0 0 0 0 0 0
315.1 -763.3 2088.2 0 0 0 0 0 0 0 0 0
125.4 109.2 2343.8 4 0.9713585973 -0.0296033528 0.2357671708 -0.0524981469 0.9409537911 0.3344397545 -0.2317465395 -0.3372382522 0.9124494195
131.4 -80.3 2411.8 0.9713585973 -0.0296033528 0.2357671708 -0.0524981469 0.9409537911 0.3344397545 -0.2317465395 -0.3372382522 0.9124494195
136.6 -267.3 2479.0 0.9714564681 -0.0262715593 0.2357587367 -0.0557938665 0.9406631589 0.3347235322 -0.2305632681 -0.3383232355 0.9123474956
-5.4 -72.5 2444.2 -0.3009667695 -0.8028451204 0.5146442652 0.9247573018 -0.3775048852 -0.0481045470 0.2329012305 0.4614431858 0.8560532928
91.9 -371.3 2369.0 0.2921047509 -0.8028451204 0.5197254419 0.4256509244 -0.3775048852 -0.8223814964 0.8564438820 0.4614431858 0.2314607799
268.1 -88.2 2379.3 0.0646792725 0.6623504758 0.7463969588 -0.9703828096 0.2162018865 -0.1077680811 -0.2327526659 -0.7173204422 0.6567173004
283.2 -315.2 2324.9 -0.5643874407 0.6623504758 0.4927054346 -0.4856770635 0.2162018865 -0.8469796777 -0.6675212383 -0.7173204422 0.1996667981
52.3 -447.1 2567.7 0.8698109984 0.4920811653 0.0358457416 0.0827853084 -0.0739376545 -0.9938208461 -0.4863901734 0.8674038053 -0.1050488800
-153.9 -416.1 2204.0 0.8698109984 -0.1100970209 0.4809443355 0.0827853084 0.9935324192 0.0777166560 -0.4863901734 -0.0277836807 0.8732998967
230.9 -459.5 2525.1 0.9877477884 -0.0708606169 0.1390432417 0.1249557734 -0.1746364683 -0.9766719937 0.0934896022 0.9820798635 -0.1636423469
261.2 -384.8 2105.4 0.9877477884 -0.1305737793 -0.0854677632 0.1249557734 0.9898226261 -0.0680969432 0.0934896022 0.0565829203 0.9940111041
16.0 -481.9 2146.3 0 0 0 0 0 0 0 0 0
136.5 -441.4 2151.3 0 0 0 0 0 0 0 0 0
-111.9 -795.8 2214.7 0 0 0 0 0 0 0 0 0
311.1 -763.3 2083.8 0 0 0 0 0 0 0 0 0
125.2 109.0 2341.3 5 0.9703412056 -0.0351627693 0.2391684949 -0.0518944152 0.9359996319 0.3481546640 -0.2361037135 -0.3502403200 0.9064142108
132.3 -79.8 2411.9 0.9703412056 -0.0351627693 0.2391684949 -0.0518944152 0.9359996319 0.3481546640 -0.2361037135 -0.3502403200 0.9064142108
138.4 -266.1 2480.9 0.9704520106 -0.0308467560 0.2393144369 -0.0550393164 0.9373504519 0.3440128267 -0.2349331826 -0.3470196128 0.9079558253
-4.3 -72.0 2445.0 -0.2966881096 -0.8079133630 0.5091680884 0.9259482622 -0.3738248646 -0.0536174215 0.2336579114 0.4555556178 0.8589953780
92.0 -372.4 2369.2 0.2919487655 -0.8079133630 0.5119002461 0.4176080227 -0.3738248646 -0.8281657696 0.8604472280 0.4555556178 0.2282534093
268.9 -87.5 2378.9 0.0562696531 0.6851233840 0.7262504101 -0.9732634425 0.1998844445 -0.1131570041 -0.2226926684 -0.7004656196 0.6780529618
282.1 -315.8 2326.6 -0.5562503338 0.6851233840 0.4703099728 -0.4773033559 0.1998844445 -0.8557030559 -0.6802698374 -0.7004656196 0.2158259153
55.4 -446.3 2571.6 0.8709085584 0.4905740023 0.0292480029 0.0698148608 -0.0645915791 -0.9954666495 -0.4864608645 0.8690023422 -0.0905027092
-150.1 -419.3 2207.6 0.8709085584 -0.1074434966 0.4795562625 0.0698148608 0.9929606915 0.0956818014 -0.4864608645 -0.0498499461 0.8722791076
233.6 -457.5 2528.3 0.9878138304 -0.0654025078 0.1412314773 0.1288305372 -0.1655629724 -0.9777482152 0.0873298869 0.9840281606 -0.1551195532
261.6 -386.7 2107.8 0.9878138304 -0.1333431005 -0.0802710056 0.1288305372 0.9899092317 -0.0590122826 0.0873298869 0.0479517914 0.9950246811
16.1 -480.9 2145.5 0 0 0 0 0 0 0 0 0
137.5 -439.8 2149.8 0 0 0 0 0 0 0 0 0
-109.0 -798.7 2226.7 0 0 0 0 0 0 0 0 0
312.5 -765.2 2089.5 0 0 0 0 0 0 0 0 0
124.4 109.6 2340.0 6 0.9696151018 -0.0329612792 0.2424049526 -0.0561217666 0.9344840646 0.3515534699 -0.2381112278 -0.3544757366 0.9042400122
131.0 -78.9 2411.5 0.9696151018 -0.0329612792 0.2424049526 -0.0561217666 0.9344840646 0.3515534699 -0.2381112278 -0.3544757366 0.9042400122
137.1 -264.9 2481.5 0.9696700573 -0.0304895639 0.2425085902 -0.0577414297 0.9355289340 0.3484990001 -0.2374993861 -0.3519318402 0.9053938389
-5.5 -70.8 2445.0 -0.2928104997 -0.8115278482 0.5056526661 0.9262539148 -0.3719897866 -0.0606408305 0.2373093516 0.4506064951 0.8606033325
91.3 -377.0 2366.5 0.2981616259 -0.8115278482 0.5025159121 0.3995865583 -0.3719897866 -0.8378270864 0.8668507338 0.4506064951 0.2133625299
267.5 -87.0 2378.1 0.0632551387 0.6794370413 0.7310020924 -0.9729365706 0.2050974965 -0.1064396277 -0.2222457230 -0.7044858932 0.6740226150
282.3 -315.6 2325.9 -0.5594187975 0.6794370413 0.4747798741 -0.4764798582 0.2050974965 -0.8549280167 -0.6782459617 -0.7044858932 0.2090026736
56.9 -445.9 2573.5 0.8702420592 0.4919082522 0.0265530739 0.0729175434 -0.0753171816 -0.9944899678 -0.4871979356 0.8673831820 -0.1014129221
-152.3 -413.9 2204.7 0.8702420592 -0.1072904542 0.4807988703 0.0729175434 0.9932982922 0.0896747336 -0.4871979356 -0.0429800488 0.8722332716
232.1 -456.2 2529.7 0.9882586598 -0.0627222136 0.1393223554 0.1278173029 -0.1602052450 -0.9787732363 0.0837109983 0.9850889444 -0.1503072381
258.9 -387.7 2108.7 0.9882586598 -0.1317346394 -0.0774001256 0.1278173029 0.9903495908 -0.0535759963 0.0837109983 0.0430538654 0.9955595732
13.8 -480.9 2141.2 0 0 0 0 0 0 0 0 0
136.9 -439.4 2149.6 0 0 0 0 0 0 0 0 0
-111.3 -793.6 2221.1 0 0 0 0 0 0 0 0 0
309.3 -766.3 2092.2 0 0 0 0 0 0 0 0 0
125.2 111.2 2339.9 7 0.9675130248 -0.0362941101 0.2502025366 -0.0555280969 0.9349718690 0.3503486812 -0.2466479391 -0.3528601825 0.9025821090
132.5 -77.2 2411.0 0.9675130248 -0.0362941101 0.2502025366 -0.0555280969 0.9349718690 0.3503486812 -0.2466479391 -0.3528601825 0.9025821090
138.9 -263.2 2481.0 0.9676486850 -0.0318604559 0.2502817512 -0.0592514388 0.9355552197 0.3481747806 -0.2452454120 -0.3517404199 0.9034010172
-3.7 -68.9 2445.5 -0.2912894785 -0.8097398877 0.5093836784 0.9270737171 -0.3702889383 -0.0584841929 0.2359761298 0.4552004039 0.8585498333
92.5 -375.0 2367.6 0.3017577529 -0.8097398877 0.5032529831 0.4025385678 -0.3702889383 -0.8371671438 0.8642366529 0.4552004039 0.2142139822
268.7 -85.6 2376.5 0.0558497943 0.6912705898 0.7204344273 -0.9762290716 0.1891543865 -0.1058176458 -0.2094219625 -0.6973991394 0.6854026914
281.8 -314.9 2327.3 -0.5542738438 0.6912705898 0.4636005163 -0.4804019928 0.1891543865 -0.8564079404 -0.6797016859 -0.6973991394 0.2272444516
57.8 -443.9 2573.5 0.8693873882 0.4934679270 0.0255927946 0.0754613057 -0.0814044103 -0.9938203692 -0.4883351028 0.8659461737 -0.1080096960
-152.9 -409.2 2203.9 0.8693873882 -0.1066104323 0.4824933112 0.0754613057 0.9936397076 0.0835809559 -0.4883351028 -0.0362546518 0.8719027638
234.0 -454.6 2528.4 0.9890948534 -0.0550843664 0.1365909576 0.1262823194 -0.1600605845 -0.9789960980 0.0757902116 0.9855690598 -0.1513589174
257.5 -386.2 2107.2 0.9890948534 -0.1298430711 -0.0695136935 0.1262823194 0.9905562997 -0.0533950813 0.0757902116 0.0440344475 0.9961509705
14.1 -479.7 2143.0 0 0 0 0 0 0 0 0 0
137.7 -439.8 2150.6 0 0 0 0 0 0 0 0 0
-112.1 -789.0 2217.7 0 0 0 0 0 0 0 0 0
307.2 -764.9 2090.3 0 0 0 0 0 0 0 0 0
125.5 109.5 2339.3 8 0.9699383378 -0.0339751020 0.2409675270 -0.0544354729 0.9348227382 0.3509176373 -0.2371843904 -0.3534856439 0.9048709869
132.3 -79.1 2410.6 0.9699383378 -0.0339751020 0.2409675270 -0.0544354729 0.9348227382 0.3509176373 -0.2371843904 -0.3534856439 0.9048709869
138.0 -265.3 2480.1 0.9700617194 -0.0288288258 0.2411414683 -0.0581116490 0.9365311265 0.3457347155 -0.2358036190 -0.3493971229 0.9068176746
-4.2 -70.9 2443.8 -0.2980035543 -0.8036403060 0.5151273608 0.9262911081 -0.3738241196 -0.0473321490 0.2306050509 0.4630527496 0.8558057547
93.0 -373.2 2368.6 0.3031640351 -0.8036403060 0.5121072531 0.4123987854 -0.3738241196 -0.8307723999 0.8590801954 0.4630527496 0.2180902362
268.8 -87.2 2377.5 0.0580548942 0.6791775227 0.7316744924 -0.9735965729 0.2005963624 -0.1089534909 -0.2207700014 -0.7060304880 0.6728904843
282.4 -314.8 2325.8 -0.5580767393 0.6791775227 0.4767266214 -0.4836498499 0.2005963624 -0.8519647121 -0.6742649078 -0.7060304880 0.2165359259
55.5 -446.2 2571.3 0.8755921721 0.4822418392 0.0279484335 0.0792446509 -0.0863262266 -0.9931102991 -0.4765066803 0.8717743754 -0.1138016507
-150.8 -409.3 2198.5 0.8755921721 -0.1071053743 0.4710273445 0.0792446509 0.9937471151 0.0786571354 -0.4765066803 -0.0315451771 0.8786047697
232.8 -456.8 2527.9 0.9882324338 -0.0647728741 0.1385680586 0.1265279800 -0.1628739834 -0.9785002470 0.0859494060 0.9845184088 -0.1527617723
260.5 -387.2 2107.2 0.9882324338 -0.1307621300 -0.0793592930 0.1265279800 0.9903672338 -0.0562438592 0.0859494060 0.0455408357 0.9952581525
14.2 -480.4 2145.3 0 0 0 0 0 0 0 0 0
137.3 -440.6 2150.6 0 0 0 0 0 0 0 0 0
-109.8 -789.2 2210.5 0 0 0 0 0 0 0 0 0
310.5 -765.8 2089.8 0 0 0 0 0 0 0 0 0
125.6 110.4 2338.6 9 0.9701899290 -0.0342226289 0.2399172187 -0.0537591055 0.9349230528 0.3507546186 -0.2363078892 -0.3531963229 0.9052131772
132.5 -78.2 2409.8 0.9701899290 -0.0342226289 0.2399172187 -0.0537591055 0.9349230528 0.3507546186 -0.2363078892 -0.3531963229 0.9052131772
138.4 -264.1 2480.0 0.9703357816 -0.0294272397 0.2399636358 -0.0580431111 0.9351776838 0.3493904471 -0.2346902341 -0.3529542983 0.9057282805
-4.0 -70.0 2442.8 -0.3007993698 -0.8053588867 0.5108001828 0.9275221825 -0.3716470301 -0.0397633761 0.2218611538 0.4618176818 0.8587793708
94.2 -372.8 2370.4 0.2969304025 -0.8053588867 0.5130589008 0.4213627875 -0.3716470301 -0.8272435665 0.8569047451 0.4618176818 0.2289949656
269.1 -86.4 2376.8 0.0546631515 0.6813842058 0.7298818231 -0.9737799764 0.1980392933 -0.1119509563 -0.2208268940 -0.7046247125 0.6743437648
282.0 -316.1 2324.7 -0.5598349571 0.6813842058 0.4714873731 -0.4791293740 0.1980392933 -0.8551113605 -0.6760324240 -0.7046247125 0.2156018764
55.5 -444.8 2571.7 0.8766638041 0.4802032411 0.0294183698 0.0792775750 -0.0838769823 -0.9933175445 -0.4745267928 0.8731377125 -0.1116012633
-150.0 -408.9 2198.0 0.8766638041 -0.1082023978 0.4687780440 0.0792775750 0.9935504198 0.0810719579 -0.4745267928 -0.0339092650 0.8795877099
233.3 -455.4 2528.6 0.9880284667 -0.0655255392 0.1396645904 0.1278199852 -0.1592155397 -0.9789343476 0.0863819718 0.9850668907 -0.1489340067
261.3 -387.3 2107.6 0.9880284667 -0.1317719668 -0.0802243277 0.1278199852 0.9904030561 -0.0525722727 0.0863819718 0.0416886285 0.9953894615
17.0 -482.4 2147.7 0 0 0 0 0 0 0 0 0
136.5 -440.7 2148.9 0 0 0 0 0 0 0 0 0
-108.6 -788.7 2210.9 0 0 0 0 0 0 0 0 0
311.7 -766.0 2091.7 0 0 0 0 0 0 0 0 0
127.1 108.6 2341.7 0 0.9723966122 -0.0301402267 0.2313793600 -0.0523946360 0.9380946755 0.3423933387 -0.2273755670 -0.3450651467 0.9106208682
133.1 -80.1 2411.1 0.9723966122 -0.0301402267 0.2313793600 -0.0523946360 0.9380946755 0.3423933387 -0.2273755670 -0.3450651467 0.9106208682
138.2 -266.6 2479.6 0.9725161791 -0.0256349128 0.2314197123 -0.0564184040 0.9383556247 0.3410361111 -0.2258964181 -0.3447194695 0.9111198187
-3.8 -72.1 2442.9 -0.3046259582 -0.7994470596 0.5177716613 0.9259299040 -0.3759965897 -0.0357823260 0.2232864499 0.4685200155 0.8547702432
94.1 -369.5 2371.2 0.2899549007 -0.7994470596 0.5261279345 0.4415377676 -0.3759965897 -0.8146600127 0.8490998745 0.4685200155 0.2439640015
270.0 -88.0 2379.3 0.0490572415 0.6821863055 0.7295308113 -0.9721870422 0.2000870854 -0.1217273548 -0.2290104330 -0.7032687664 0.6730284095
281.4 -315.2 2325.8 -0.5555050969 0.6821863055 0.4754323363 -0.4835794568 0.2000870854 -0.8521244526 -0.6764355302 -0.7032687664 0.2187418789
54.3 -448.0 2568.9 0.8815463185 0.4711254537 0.0302793067 0.0836404487 -0.0927368030 -0.9921714664 -0.4646292329 0.8771776557 -0.1211569309
-147.5 -408.3 2193.3 0.8815463185 -0.1075713187 0.4596786499 0.0836404487 0.9938783646 0.0721805915 -0.4646292329 -0.0251828097 0.8851471543
232.6 -458.4 2527.4 0.9872050285 -0.0750346705 0.1406985670 0.1265538931 -0.1681073010 -0.9776114225 0.0970072076 0.9829087853 -0.1564604342
264.6 -386.5 2107.4 0.9872050285 -0.1317737103 -0.0897885039 0.1265538931 0.9900475740 -0.0615625083 0.0970072076 0.0494117327 0.9940564036
18.7 -484.3 2150.5 0 0 0 0 0 0 0 0 0
137.0 -440.9 2149.9 0 0 0 0 0 0 0 0 0
-106.4 -788.3 2202.9 0 0 0 0 0 0 0 0 0
315.0 -765.0 2088.5 0 0 0 0 0 0 0 0 0
127.1 108.9 2340.2 1 0.9712617993 -0.0286782384 0.2362795621 -0.0560653806 0.9372140765 0.3442185521 -0.2313161194 -0.3475734591 0.9086723924
132.8 -80.0 2410.3 0.9712617993 -0.0286782384 0.2362795621 -0.0560653806 0.9372140765 0.3442185521 -0.2313161194 -0.3475734591 0.9086723924
137.7 -266.3 2479.5 0.9713770151 -0.0243864451 0.2362879664 -0.0601340644 0.9370706677 0.3439221680 -0.2298055589 -0.3482870460 0.9087824225
-3.9 -71.5 2442.6 -0.2972019613 -0.8037948012 0.5153492689 0.9277572632 -0.3706844151 -0.0431220494 0.2256932259 0.4653030932 0.8558946252
93.8 -376.4 2368.5 0.3009586334 -0.8037948012 0.5131644607 0.4213034213 -0.3706844151 -0.8277055621 0.8555275202 0.4653030932 0.2270808369
269.5 -88.5 2377.9 0.0503786393 0.6920219660 0.7201163769 -0.9742676020 0.1926588714 -0.1169837117 -0.2196920961 -0.6956925988 0.6839204431
281.3 -315.3 2326.8 -0.5527157187 0.6920219660 0.4643392861 -0.4784961641 0.1926588714 -0.8566936255 -0.6823098660 -0.6956925988 0.2246442586
53.5 -447.1 2569.9 0.8799741864 0.4742549956 0.0269742534 0.0794721767 -0.0909991488 -0.9926748276 -0.4683263898 0.8756719232 -0.1177669764
-149.6 -408.1 2194.8 0.8799741864 -0.1048196927 0.4633122683 0.0794721767 0.9940895438 0.0739602670 -0.4683263898 -0.0282626953 0.8831034303
231.7 -458.1 2527.7 0.9879742861 -0.0713243708 0.1371845603 0.1240433007 -0.1640443206 -0.9786228538 0.0923040062 0.9838711023 -0.1532242596
262.2 -388.0 2107.2 0.9879742861 -0.1286799759 -0.0857218280 0.1240433007 0.9906150103 -0.0574034639 0.0923040062 0.0460799299 0.9946640730
15.6 -485.8 2146.1 0 0 0 0 0 0 0 0 0
137.6 -439.7 2149.4 0 0 0 0 0 0 0 0 0
-109.6 -788.1 2205.6 0 0 0 0 0 0 0 0 0
311.3 -766.7 2089.6 0 0 0 0 0 0 0 0 0
126.2 109.6 2340.0 2 0.9722812176 -0.0394836850 0.2304565907 -0.0438229628 0.9373990297 0.3454889953 -0.2296709567 -0.3460117579 0.9096851945
134.2 -79.5 2409.8 0.9722812176 -0.0394836850 0.2304565907 -0.0438229628 0.9373990297 0.3454889953 -0.2296709567 -0.3460117579 0.9096851945
141.2 -266.0 2478.1 0.9724050164 -0.0354744196 0.2305863649 -0.0469203144 0.9384399056 0.3422412276 -0.2285322547 -0.3436162770 0.9108791947
-2.7 -72.9 2441.9 -0.3001118004 -0.8018372059 0.5167108178 0.9279251099 -0.3709553778 -0.0367024280 0.2211060226 0.4684540927 0.8553729653
94.5 -373.2 2370.4 0.2982359231 -0.8018372059 0.5177958012 0.4308961034 -0.3709553778 -0.8226303458 0.8516947031 0.4684540927 0.2348762900
271.0 -86.1 2377.6 0.0430451110 0.6993127465 0.7135186195 -0.9758003950 0.1826792657 -0.1201741621 -0.2143843770 -0.6910788417 0.6902531385
281.2 -316.6 2327.0 -0.5545417666 0.6993127465 0.4510489106 -0.4714006782 0.1826792657 -0.8627917767 -0.6857585907 -0.6910788417 0.2283532321
53.1 -446.6 2570.3 0.8778084517 0.4781219959 0.0291828439 0.0777959377 -0.0821852162 -0.9935760498 -0.4726521671 0.8744397759 -0.1093388274
-149.8 -411.7 2199.2 0.8778084517 -0.1002662703 0.4684004188 0.0777959377 0.9947063923 0.0671339408 -0.4726521671 -0.0224910900 0.8809620142
237.5 -456.9 2525.4 0.9862179756 -0.0707815811 0.1495461762 0.1358148754 -0.1698670387 -0.9760632515 0.0944902748 0.9829217196 -0.1579127312
267.8 -384.3 2105.4 0.9862179756 -0.1410275698 -0.0865177289 0.1358148754 0.9886994362 -0.0634645149 0.0944902748 0.0508394465 0.9942268133
17.0 -485.2 2149.0 0 0 0 0 0 0 0 0 0
137.0 -439.1 2148.7 0 0 0 0 0 0 0 0 0
-111.5 -792.0 2207.8 0 0 0 0 0 0 0 0 0
321.7 -762.3 2085.9 0 0 0 0 0 0 0 0 0
126.3 109.5 2338.9 3 0.9716988802 -0.0433235615 0.2322161496 -0.0423726253 0.9351272583 0.3517691493 -0.2323915511 -0.3516533077 0.9068263769
135.1 -79.1 2409.8 0.9716988802 -0.0433235615 0.2322161496 -0.0423726253 0.9351272583 0.3517691493 -0.2323915511 -0.3516533077 0.9068263769
142.7 -265.3 2478.9 0.9718525410 -0.0384149626 0.2324369550 -0.0458914489 0.9368482828 0.3467121124 -0.2310770899 -0.3476199210 0.9087154269
-1.7 -72.6 2442.3 -0.3068099618 -0.8216056228 0.4804496169 0.9315831661 -0.3626496792 -0.0252597500 0.1949884444 0.4398288131 0.8766584992
95.8 -368.6 2380.4 0.2901595533 -0.8216056228 0.4906848371 0.3980833590 -0.3626496792 -0.8426237702 0.8702511191 0.4398288131 0.2218412757
271.8 -85.6 2377.3 0.0417656302 0.7056031823 0.7073752880 -0.9787047505 0.1713089049 -0.1130939797 -0.2009791583 -0.6875880957 0.6977320313
281.6 -315.5 2330.1 -0.5519064665 0.7056031823 0.4444360435 -0.4757321775 0.1713089049 -0.8627468348 -0.6848927736 -0.6875880957 0.2411316484
58.9 -448.0 2567.6 0.8696115017 0.4932078421 0.0228450447 0.0715611055 -0.0801234692 -0.9942128658 -0.4885231555 0.8662137389 -0.1049707904
-149.9 -414.1 2200.8 0.8696115017 -0.0994225740 0.4836228192 0.0715611055 0.9945530891 0.0757835731 -0.4885231555 -0.0312936828 0.8719896078
239.5 -455.8 2526.8 0.9861919284 -0.0676739141 0.1511481404 0.1382819414 -0.1656995118 -0.9764332175 0.0911242291 0.9838515520 -0.1540534347
268.4 -385.0 2106.4 0.9861919284 -0.1429572254 -0.0835987329 0.1382819414 0.9886161089 -0.0592986532 0.0911242291 0.0469196551 0.9947335720
21.1 -471.0 2156.6 0 0 0 0 0 0 0 0 0
138.2 -439.2 2152.0 0 0 0 0 0 0 0 0 0
-111.9 -794.3 2212.8 0 0 0 0 0 0 0 0 0
323.1 -762.9 2088.4 0 0 0 0 0 0 0 0 0
126.4 110.9 2338.8 4 0.9712417126 -0.0444553941 0.2339087278 -0.0429675095 0.9335594177 0.3558379114 -0.2341866046 -0.3556550741 0.9048016667
135.3 -77.5 2410.6 0.9712417126 -0.0444553941 0.2339087278 -0.0429675095 0.9335594177 0.3558379114 -0.2341866046 -0.3556550741 0.9048016667
143.3 -263.5 2480.4 0.9713646770 -0.0402418077 0.2341606915 -0.0456818454 0.9355313182 0.3502774239 -0.2331604660 -0.3509440124 0.9069038033
-1.4 -71.1 2443.4 -0.3144112825 -0.7972915769 0.5152394772 0.9263044596 -0.3763843179 -0.0171715375 0.2076187730 0.4718696773 0.8568742275
99.9 -369.5 2376.5 0.3126775622 -0.7972915769 0.5162934065 0.4111492038 -0.3763843179 -0.8302356005 0.8562645912 0.4718696773 0.2101188600
272.0 -83.9 2377.8 0.0408800207 0.6992014050 0.7137550116 -0.9772642255 0.1767232418 -0.1171474084 -0.2080467343 -0.6927382946 0.6905289292
281.7 -314.1 2328.8 -0.5511317253 0.6992014050 0.4553802907 -0.4839566946 0.1767232418 -0.8570617437 -0.6797350049 -0.6927382946 0.2409853935
61.1 -445.6 2570.7 0.8673535585 0.4971866310 0.0224322546 0.0680466592 -0.0738185570 -0.9949474931 -0.4930186868 0.8644977212 -0.0978586823
-150.3 -414.2 2203.2 0.8673535585 -0.0990759060 0.4877312183 0.0680466592 0.9943897128 0.0809862912 -0.4930186868 -0.0370552726 0.8692292571
240.5 -453.7 2528.8 0.9862484336 -0.0652255714 0.1518540233 0.1396772563 -0.1621811837 -0.9768252373 0.0883418471 0.9846029282 -0.1508404166
268.3 -384.4 2108.0 0.9862484336 -0.1439237148 -0.0812402889 0.1396772563 0.9886257052 -0.0557629615 0.0883418471 0.0436487123 0.9951334000
19.1 -475.7 2155.2 0 0 0 0 0 0 0 0 0
138.4 -439.9 2152.1 0 0 0 0 0 0 0 0 0
-112.4 -794.4 2217.4 0 0 0 0 0 0 0 0 0
323.4 -762.3 2091.3 0 0 0 0 0 0 0 0 0
126.3 109.3 2338.3 5 0.9734587073 -0.0453749225 0.2243196517 -0.0376059785 0.9351132512 0.3523478806 -0.2257520258 -0.3514318764 0.9085877538
135.5 -79.3 2409.2 0.9734587073 -0.0453749225 0.2243196517 -0.0376059785 0.9351132512 0.3523478806 -0.2257520258 -0.3514318764 0.9085877538
143.8 -265.4 2478.6 0.9735788107 -0.0419758409 0.2244600207 -0.0401796401 0.9361338615 0.3493408263 -0.2247885019 -0.3491295576 0.9097135067
-1.5 -73.6 2440.8 -0.3224312365 -0.7824212909 0.5327804685 0.9245073795 -0.3811641037 -0.0002643929 0.2032836378 0.4924741983 0.8462534547
101.1 -367.8 2376.2 0.3182738125 -0.7824212909 0.5352743864 0.4349726439 -0.3811641037 -0.8157896399 0.8423185945 0.4924741983 0.2190173268
272.5 -84.9 2377.6 0.0442708023 0.7010875344 0.7116996646 -0.9773404002 0.1779995561 -0.1145506054 -0.2069922239 -0.6905015707 0.6930813789
