-48.1 102.5 2511.4 2 0.9987997413 -0.0438473634 -0.0218288489 0.0489003621 0.8671790361 0.4955897927 -0.0028007845 -0.4960623980 0.8682823777
-39.3 -72.2 2611.3 0.9987997413 -0.0438473634 -0.0218288489 0.0489003621 0.8671790361 0.4955897927 -0.0028007845 -0.4960623980 0.8682823777
-30.9 -240.7 2710.7 0.9988476038 -0.0424486995 -0.0223962236 0.0479421131 0.8606413007 0.5069497824 -0.0022442429 -0.5074393153 0.8616845608
-181.6 -79.0 2611.6 0.0497356541 -0.9932290912 -0.1049874499 0.8721943498 -0.0080238786 0.4890937209 -0.4866245091 -0.1158948541 0.8658896685
-195.7 -325.3 2749.0 -0.1139607131 -0.9932290912 0.0225600675 -0.1264359951 -0.0080238786 -0.9919422865 0.9854069948 -0.1158948541 -0.1246654987
103.1 -65.3 2611.0 -0.1415642947 0.8793058991 0.4547314048 -0.9027548432 0.0738148242 -0.4237747192 -0.4061935544 -0.4705023468 0.7833481431
59.5 -343.5 2485.9 -0.4197911322 0.8793058991 0.2249366492 -0.3464683592 0.0738148242 -0.9351529479 -0.8388891816 -0.4705023468 0.2736648917
-114.1 -409.2 2810.3 0.9852674007 0.1653285176 0.0437561013 0.0682912096 -0.1457681507 -0.9869589210 -0.1567942053 0.9754066467 -0.1549111009
-178.8 -352.3 2429.0 0.9852674007 -0.0075290506 0.1708549857 0.0682912096 0.9332453609 -0.3526888788 -0.1567942053 0.3591607511 0.9200103879
66.5 -401.6 2808.6 0.9997101426 -0.0015608335 0.0240245573 0.0240373854 0.1206236482 -0.9924072623 -0.0013489472 0.9926970601 0.1206262037
67.1 -448.8 2420.1 0.9997101426 -0.0214205217 0.0109898504 0.0240373854 0.9136552811 -0.4057785273 -0.0013489472 0.4059250653 0.9139053822
-166.8 -293.2 2499.5 0 0 0 0 0 0 0 0 0
-56.6 -439.3 2253.9 0 0 0 0 0 0 0 0 0
-175.2 -790.3 2260.4 0 0 0 0 0 0 0 0 0
75.2 -793.8 2266.8 0 0 0 0 0 0 0 0 0
-49.2 101.1 2513.4 3 0.9989408851 -0.0435991772 -0.0147050126 0.0451555960 0.8675485849 0.4952982664 -0.0088372836 -0.4954377115 0.8685985208
-40.4 -74.1 2613.4 0.9989408851 -0.0435991772 -0.0147050126 0.0451555960 0.8675485849 0.4952982664 -0.0088372836 -0.4954377115 0.8685985208
-32.1 -242.5 2713.0 0.9989663959 -0.0427753516 -0.0153736928 0.0446446612 0.8598027825 0.5086708069 -0.0085402289 -0.5088313818 0.8608238101
-182.8 -80.5 2614.6 0.0495824479 -0.9939529300 -0.0979752019 0.8710935116 -0.0049538659 0.4910922050 -0.4886078835 -0.1096951142 0.8655803204
-196.8 -326.4 2752.6 -0.1082360595 -0.9939529300 0.0185071509 -0.1241710335 -0.0049538659 -0.9922484756 0.9863399863 -0.1096951142 -0.1228839755
101.9 -67.7 2612.2 -0.1462903172 0.8801922798 0.4515092969 -0.9000188708 0.0710046738 -0.4300283790 -0.4105669558 -0.4692758620 0.7818023562
57.0 -344.0 2486.2 -0.4186438620 0.8801922798 0.2236041576 -0.3496724069 0.0710046738 -0.9341774583 -0.8381327391 -0.4692758620 0.2780532837
-112.9 -413.5 2810.3 0.9859010577 0.1641011536 0.0327092744 0.0626061857 -0.1804776043 -0.9815846086 -0.1551758647 0.9697930813 -0.1882068217
-177.1 -343.0 2431.0 0.9859010577 -0.0025525552 0.1673098058 0.0626061857 0.9328874946 -0.3546848893 -0.1551758647 0.3601588309 0.9198945761
67.7 -404.9 2809.9 0.9998936653 -0.0050353124 0.0136846183 0.0141865220 0.1189468876 -0.9927992821 0.0033713118 0.9928878546 0.1190056726
69.6 -451.5 2421.1 0.9998936653 -0.0143205775 0.0027466740 0.0141865220 0.9118371606 -0.4103068709 0.0033713118 0.4103021920 0.9119433761
-169.4 -295.0 2502.8 0 0 0 0 0 0 0 0 0
-57.9 -440.0 2256.0 0 0 0 0 0 0 0 0 0
-175.9 -786.8 2259.6 0 0 0 0 0 0 0 0 0
75.0 -793.6 2267.1 0 0 0 0 0 0 0 0 0
-48.7 102.0 2513.3 4 0.9989785552 -0.0437912419 -0.0111410301 0.0435757637 0.8683947325 0.4939551651 -0.0119560976 -0.4939360917 0.8694159985
-39.9 -73.6 2613.2 0.9989785552 -0.0437912419 -0.0111410301 0.0435757637 0.8683947325 0.4939551651 -0.0119560976 -0.4939360917 0.8694159985
-31.6 -241.6 2713.6 0.9990344048 -0.0422430374 -0.0120757120 0.0424562842 0.8575141430 0.5127055645 -0.0113031464 -0.5127231479 0.8584796190
-182.2 -79.7 2614.8 0.0501950681 -0.9942403436 -0.0946919248 0.8687003851 -0.0033180786 0.4953267574 -0.4927880466 -0.1071218774 0.8635304570
-196.4 -325.0 2754.0 -0.1059632823 -0.9942403436 0.0160589218 -0.1193348318 -0.0033180786 -0.9928485155 0.9871833324 -0.1071218774 -0.1182959080
102.5 -67.6 2611.6 -0.1391664743 0.8757154942 0.4623365402 -0.9043102264 0.0778774396 -0.4197119176 -0.4035538137 -0.4765055180 0.7810805440
59.6 -346.6 2487.1 -0.4262847602 0.8757154942 0.2267238200 -0.3387198150 0.0778774396 -0.9376587868 -0.8387789726 -0.4765055180 0.2634242177
-114.0 -414.9 2813.5 0.9900536537 0.1378710568 0.0280227903 0.0373399146 -0.0654627755 -0.9971561432 -0.1356445104 0.9882844687 -0.0699597523
-170.4 -388.1 2409.1 0.9900536537 0.0129271941 0.1400949359 0.0373399146 0.9359143376 -0.3502429426 -0.1356445104 0.3519904613 0.9261227250
66.6 -406.8 2811.9 0.9999178052 -0.0111840172 0.0062706810 0.0076552429 0.1283996105 -0.9916929603 0.0102859577 0.9916594625 0.1284746677
71.0 -457.1 2423.6 0.9999178052 -0.0112672243 -0.0061199120 0.0076552429 0.9074943662 -0.4199944735 0.0102859577 0.4199131131 0.9075060487
-169.6 -294.8 2504.0 0 0 0 0 0 0 0 0 0
-58.4 -440.3 2255.0 0 0 0 0 0 0 0 0 0
-175.9 -786.9 2259.1 0 0 0 0 0 0 0 0 0
75.2 -793.0 2268.2 0 0 0 0 0 0 0 0 0
-48.0 104.7 2513.8 5 0.9992413521 -0.0366203301 -0.0132526197 0.0384255163 0.8717083931 0.4885160625 -0.0063371998 -0.4886547029 0.8724542260
-40.6 -71.9 2612.8 0.9992413521 -0.0366203301 -0.0132526197 0.0384255163 0.8717083931 0.4885160625 -0.0063371998 -0.4886547029 0.8724542260
-33.7 -240.3 2712.6 0.9992839098 -0.0351026691 -0.0141251711 0.0373993069 0.8596109748 0.5095785856 -0.0057454170 -0.5097419024 0.8603081703
-183.0 -77.2 2613.6 0.0572877079 -0.9936476946 -0.0968624577 0.8702555299 0.0021545931 0.4925958216 -0.4892579913 -0.1125147715 0.8648508787
-199.2 -323.0 2751.8 -0.1119307578 -0.9936476946 0.0116499988 -0.1224260703 0.0021545931 -0.9924752712 0.9861457348 -0.1125147715 -0.1218895540
101.8 -66.6 2612.0 -0.1396567672 0.8841754794 0.4457910955 -0.9044389129 0.0693683922 -0.4209254980 -0.4030958116 -0.4619759023 0.7899949551
58.6 -346.4 2487.3 -0.4155120850 0.8841754794 0.2135027796 -0.3351828158 0.0693683922 -0.9395959377 -0.8455780149 -0.4619759023 0.2675370276
-113.6 -413.4 2815.1 0.9870847464 0.1497453898 0.0569211952 0.0578685813 -0.0019733498 -0.9983222485 -0.1493818313 0.9887226224 -0.0106134173
-176.3 -412.5 2400.9 0.9870847464 -0.0015399501 0.1601915509 0.0578685813 0.9358614087 -0.3475839496 -0.1493818313 0.3523648977 0.9238636494
67.0 -405.7 2813.0 0.9999038577 -0.0054882723 0.0127348471 0.0133223990 0.1253243536 -0.9920263886 0.0038485245 0.9921006560 0.1253854185
69.2 -454.8 2424.5 0.9999038577 -0.0137031227 0.0021264749 0.0133223990 0.9067052603 -0.4215543270 0.0038485245 0.4215421081 0.9068006873
-170.8 -292.0 2502.0 0 0 0 0 0 0 0 0 0
-56.4 -439.1 2253.3 0 0 0 0 0 0 0 0 0
-175.7 -788.1 2259.5 0 0 0 0 0 0 0 0 0
74.3 -793.3 2267.1 0 0 0 0 0 0 0 0 0
-47.6 106.3 2513.0 6 0.9995858669 -0.0275588296 -0.0082843779 0.0280753858 0.8707428575 0.4909364581 -0.0063160718 -0.4909657240 0.8711559772
-42.0 -70.0 2612.5 0.9995858669 -0.0275588296 -0.0082843779 0.0280753858 0.8707428575 0.4909364581 -0.0063160718 -0.4909657240 0.8711559772
-37.0 -238.5 2712.2 0.9996407032 -0.0253029000 -0.0088447733 0.0262794122 0.8601957560 0.5092864037 -0.0052781869 -0.5093358755 0.8605516553
-184.5 -73.8 2613.2 0.0671981946 -0.9935117364 -0.0917540938 0.8697873950 0.0132767688 0.4932479858 -0.4888294637 -0.1129519269 0.8650361896
-203.4 -319.4 2751.3 -0.1137277037 -0.9935117364 0.0006487499 -0.1216458231 0.0132767688 -0.9924847484 0.9860366583 -0.1129519269 -0.1223664954
100.5 -66.3 2611.7 -0.1430650204 0.8918094039 0.4291951060 -0.9043021202 0.0584443584 -0.4228734672 -0.4022065699 -0.4486204386 0.7981037498
56.2 -346.4 2487.1 -0.4041778147 0.8918094039 0.2032641917 -0.3426010609 0.0584443584 -0.9376613498 -0.8480948210 -0.4486204386 0.2819129229
-117.2 -412.0 2813.0 0.9859263897 0.1587263942 0.0524890497 0.0708668157 -0.1124327630 -0.9911290407 -0.1514168382 0.9808999896 -0.1220988557
-181.1 -366.7 2418.0 0.9859263897 -0.0133863799 0.1666432470 0.0708668157 0.9362673759 -0.3440657556 -0.1514168382 0.3510329723 0.9240393639
63.5 -405.2 2811.9 0.9998394847 -0.0148431035 0.0100350203 0.0117082093 0.1173133254 -0.9930259585 0.0135623449 0.9929839969 0.1174682826
69.3 -451.2 2423.0 0.9998394847 -0.0162682943 -0.0075074602 0.0117082093 0.9104148149 -0.4135308862 0.0135623449 0.4133765996 0.9104591608
-174.6 -288.6 2501.5 0 0 0 0 0 0 0 0 0
-54.9 -440.5 2254.2 0 0 0 0 0 0 0 0 0
-175.0 -790.1 2259.3 0 0 0 0 0 0 0 0 0
75.4 -794.0 2267.4 0 0 0 0 0 0 0 0 0
-46.7 106.2 2520.7 7 0.9996142983 -0.0255457889 -0.0108945444 0.0276607201 0.8807404041 0.4727909267 -0.0024825525 -0.4729099274 0.8811072707
-41.6 -71.6 2616.1 0.9996142983 -0.0255457889 -0.0108945444 0.0276607201 0.8807404041 0.4727909267 -0.0024825525 -0.4729099274 0.8811072707
-36.9 -241.8 2712.7 0.9996500611 -0.0238363966 -0.0114700804 0.0263924170 0.8695213199 0.4931897819 -0.0017823875 -0.4933198988 0.8698461056
-184.0 -75.3 2616.4 0.0685918927 -0.9931667447 -0.0944191217 0.8787383437 0.0153357862 0.4770573378 -0.4723494947 -0.1156919673 0.8737856150
-203.4 -323.5 2749.7 -0.1166986525 -0.9931667447 0.0011149005 -0.1399740726 0.0153357862 -0.9900364280 0.9832541347 -0.1156919673 -0.1408072561
100.9 -67.8 2615.9 -0.1198363230 0.8652258515 0.4868506193 -0.9042243958 0.1073463634 -0.4133460522 -0.4098993242 -0.4897560775 0.7694943547
66.9 -324.2 2499.6 -0.4189015925 0.8652258515 0.2755098939 -0.3819871247 0.1073463634 -0.9179120660 -0.8237762451 -0.4897560775 0.2855375707
-122.4 -409.3 2812.5 0.9879715443 0.1456370354 0.0519814491 0.0664640591 -0.0964093655 -0.9931201935 -0.1396235824 0.9846293926 -0.1049293429
-180.3 -371.0 2421.5 0.9879715443 -0.0117319580 0.1541900635 0.0664640591 0.9325335622 -0.3549136221 -0.1396235824 0.3608926833 0.9220963717
58.3 -404.6 2811.5 0.9996050596 -0.0280792173 0.0011177557 0.0045361966 0.1219765991 -0.9925225973 0.0277329180 0.9921357036 0.1220557988
69.3 -452.3 2422.9 0.9996050596 -0.0156422183 -0.0233455095 0.0045361966 0.9096804857 -0.4152839780 0.0277329180 0.4150140882 0.9093922377
-173.9 -288.0 2500.7 0 0 0 0 0 0 0 0 0
-47.6 -428.6 2274.5 0 0 0 0 0 0 0 0 0
-175.0 -790.7 2259.0 0 0 0 0 0 0 0 0 0
75.1 -793.4 2267.3 0 0 0 0 0 0 0 0 0
-45.6 109.0 2524.5 8 0.9997131228 -0.0234193616 0.0050250087 0.0184026454 0.8852729201 0.4647076726 -0.0153316613 -0.4644818902 0.8854498863
-40.9 -68.9 2617.8 0.9997131228 -0.0234193616 0.0050250087 0.0184026454 0.8852729201 0.4647076726 -0.0153316613 -0.4644818902 0.8854498863
-36.8 -240.1 2712.7 0.9997712374 -0.0209040660 0.0045208456 0.0160933118 0.8745186925 0.4847247005 -0.0140862809 -0.4845410585 0.8746550679
-183.4 -71.2 2619.8 0.0719488934 -0.9943116903 -0.0785338804 0.8825600147 0.0267849229 0.4694362879 -0.4646624923 -0.1030862853 0.8794668913
-203.7 -320.4 2751.0 -0.1059365794 -0.9943116903 -0.0110297045 -0.1484766901 0.0267849229 -0.9885531068 0.9832253456 -0.1030862853 -0.1504696161
101.6 -66.6 2615.8 -0.0964116380 0.8298208714 0.5496381521 -0.9048603177 0.1569724083 -0.3957113326 -0.4146475494 -0.5354968905 0.7357380390
73.3 -332.4 2494.0 -0.4560044706 0.8298208714 0.3216476440 -0.3623751700 0.1569724083 -0.9187186360 -0.8128616810 -0.5354968905 0.2291263789
-122.6 -414.5 2809.5 0.9875786304 0.1483239084 0.0518499501 0.0689403266 -0.1125064492 -0.9912565351 -0.1411935985 0.9825183749 -0.1213344634
-181.1 -370.1 2422.0 0.9875786304 -0.0134071875 0.1565523744 0.0689403266 0.9323005080 -0.3550534844 -0.1411935985 0.3614360392 0.9216443896
58.1 -409.7 2809.2 0.9995597005 -0.0186230950 0.0230994225 0.0246577263 0.0883184448 -0.9957870245 0.0165045317 0.9959182143 0.0887387618
65.4 -444.3 2419.3 0.9995597005 -0.0291851349 -0.0053507905 0.0246577263 0.9173462987 -0.3973257244 0.0165045317 0.3970188200 0.9176620841
-176.9 -282.8 2502.0 0 0 0 0 0 0 0 0 0
-53.4 -433.1 2268.1 0 0 0 0 0 0 0 0 0
-175.0 -790.8 2258.9 0 0 0 0 0 0 0 0 0
76.5 -793.9 2268.0 0 0 0 0 0 0 0 0 0
-44.0 107.1 2526.4 9 0.9995611906 -0.0269278772 0.0123409713 0.0183505751 0.8899832964 0.4556237459 -0.0232522376 -0.4551973343 0.8900868893
-38.6 -72.0 2618.0 0.9995611906 -0.0269278772 0.0123409713 0.0183505751 0.8899832964 0.4556237459 -0.0232522376 -0.4551973343 0.8900868893
-33.6 -244.2 2711.2 0.9996007085 -0.0257108491 0.0117189754 0.0170221087 0.8789952993 0.4765265584 -0.0225528255 -0.4761368036 0.8790819645
-181.0 -74.4 2621.2 0.0673075765 -0.9951850772 -0.0712481439 0.8869403601 0.0269754846 0.4610956013 -0.4569535255 -0.0942280814 0.8844854832
-200.0 -324.9 2750.3 -0.0973189548 -0.9951850772 -0.0116460156 -0.1577251852 0.0269754846 -0.9871145487 0.9826758504 -0.0942280814 -0.1595909894
103.9 -69.6 2614.8 -0.1217518747 0.8430032730 0.5239484906 -0.9005306959 0.1281668991 -0.4154729247 -0.4173978865 -0.5224162936 0.7435457110
68.0 -335.3 2491.6 -0.4506679475 0.8430032730 0.2936731577 -0.3619450033 0.1281668991 -0.9233466387 -0.8160234094 -0.5224162936 0.2473600805
-123.1 -412.9 2808.9 0.9894977212 0.1372186095 0.0454451256 0.0574977212 -0.0851881206 -0.9947044849 -0.1326205730 0.9868708253 -0.0921832100
-177.0 -379.4 2421.2 0.9894977212 -0.0049990485 0.1444618106 0.0574977212 0.9305462241 -0.3616320491 -0.1326205730 0.3661403060 0.9210608006
57.6 -409.9 2806.3 0.9995105863 -0.0310732033 0.0036078575 0.0073452774 0.1210187450 -0.9926230311 0.0304073598 0.9921637774 0.1211877614
69.8 -457.3 2418.0 0.9995105863 -0.0191129521 -0.0247639995 0.0073452774 0.9129011035 -0.4081147313 0.0304073598 0.4077330828 0.9125947356
-175.4 -285.0 2501.4 0 0 0 0 0 0 0 0 0
-57.6 -436.1 2264.3 0 0 0 0 0 0 0 0 0
-174.8 -791.3 2259.1 0 0 0 0 0 0 0 0 0
76.8 -791.4 2268.8 0 0 0 0 0 0 0 0 0
-42.8 107.5 2535.8 0 0.9997532964 -0.0209109280 0.0074849566 0.0156896226 0.9034602642 0.4283846021 -0.0157202799 -0.4281615019 0.9035654664
-38.6 -73.8 2621.7 0.9997532964 -0.0209109280 0.0074849566 0.0156896226 0.9034602642 0.4283846021 -0.0157202799 -0.4281615019 0.9035654664
-34.9 -248.3 2710.3 0.9997957945 -0.0189740527 0.0069525130 0.0137776611 0.8917343020 0.4523495138 -0.0147826979 -0.4521613419 0.8918136358
-181.1 -75.7 2623.9 0.0738546774 -0.9943514466 -0.0762275755 0.8988043070 0.0332506187 0.4370872378 -0.4320837259 -0.1007946059 0.8961830735
-202.0 -329.5 2745.8 -0.1052172035 -0.9943514466 -0.0139461858 -0.1840254217 0.0332506187 -0.9823589325 0.9772737622 -0.1007946059 -0.1864844859
103.9 -71.8 2619.6 -0.1340453476 0.8666756749 0.4805258811 -0.8908947110 0.1069617718 -0.4414360523 -0.4339797795 -0.4872704148 0.7577790618
63.4 -340.8 2488.6 -0.4262921214 0.8666756749 0.2591299117 -0.3485651910 0.1069617718 -0.9311613441 -0.8347318769 -0.4872704148 0.2564960122
-118.9 -417.8 2806.5 0.9880676270 0.1474708766 0.0444374606 0.0584128946 -0.0918309689 -0.9940598607 -0.1425141394 0.9847940803 -0.0993494093
-176.7 -381.8 2420.2 0.9880676270 -0.0018845818 0.1540090740 0.0584128946 0.9298085570 -0.3633785248 -0.1425141394 0.3680386543 0.9188238382
61.8 -414.7 2802.5 0.9997256398 -0.0234203786 -0.0003133443 0.0025907713 0.1238660887 -0.9922955632 0.0232787505 0.9920225143 0.1238927767
71.0 -463.2 2414.0 0.9997256398 -0.0118540330 -0.0202013422 0.0025907713 0.9131487608 -0.4076182246 0.0232787505 0.4074540734 0.9129289389
-175.3 -282.9 2498.4 0 0 0 0 0 0 0 0 0
-54.7 -437.4 2257.3 0 0 0 0 0 0 0 0 0
-175.9 -788.7 2259.2 0 0 0 0 0 0 0 0 0
75.3 -791.9 2267.4 0 0 0 0 0 0 0 0 0
-44.7 107.0 2532.6 1 0.9997221828 -0.0234310608 0.0025524308 0.0198988561 0.8970969319 0.4413854778 -0.0126319081 -0.4412120581 0.8973139524
-40.0 -73.8 2621.5 0.9997221828 -0.0234310608 0.0025524308 0.0198988561 0.8970969319 0.4413854778 -0.0126319081 -0.4412120581 0.8973139524
-35.6 -247.2 2712.3 0.9997435808 -0.0225588903 0.0019738947 0.0190704130 0.8857280016 0.4638127387 -0.0122114345 -0.4636561573 0.8859310746
-182.5 -76.5 2623.2 0.0702120811 -0.9942294955 -0.0811044276 0.8935532570 0.0265426729 0.4481718838 -0.4434329867 -0.1039382070 0.8902606368
-202.3 -328.8 2748.4 -0.1069665402 -0.9942294955 -0.0081131821 -0.1720179468 0.0265426729 -0.9847361445 0.9792690873 -0.1039382070 -0.1738644987
102.5 -71.0 2619.7 -0.1223079786 0.8523896337 0.5084020495 -0.8907306194 0.1316688806 -0.4350427985 -0.4377667010 -0.5060585141 0.7431454062
65.1 -343.4 2485.8 -0.4401470423 0.8523896337 0.2823163271 -0.3418382108 0.1316688806 -0.9304890633 -0.8303115368 -0.5060585141 0.2334256768
-121.5 -424.2 2800.1 0.9891434312 0.1412672997 0.0404816344 0.0559227951 -0.1071062908 -0.9926735759 -0.1358964890 0.9841604233 -0.1138435453
-176.9 -382.2 2414.4 0.9891434312 -0.0039402065 0.1469002664 0.0559227951 0.9345211983 -0.3514865041 -0.1358964890 0.3558856547 0.9245958924
59.2 -421.7 2797.4 0.9995537996 -0.0296511278 -0.0036061250 0.0002969216 0.1305864155 -0.9914368987 0.0298681334 0.9909934402 0.1305369437
70.8 -472.8 2409.4 0.9995537996 -0.0124294665 -0.0271606687 0.0002969216 0.9133975506 -0.4070685804 0.0298681334 0.4068788886 0.9129936695
-175.2 -285.2 2500.5 0 0 0 0 0 0 0 0 0
-56.7 -438.1 2256.0 0 0 0 0 0 0 0 0 0
-175.2 -790.5 2258.9 0 0 0 0 0 0 0 0 0
75.2 -792.9 2266.8 0 0 0 0 0 0 0 0 0
-43.5 105.4 2531.4 2 0.9998334050 -0.0175636616 0.0049662166 0.0134820007 0.8940739036 0.4477165043 -0.0123037063 -0.4475749731 0.8941617608
-40.0 -74.8 2621.6 0.9998334050 -0.0175636616 0.0049662166 0.0134820007 0.8940739036 0.4477165043 -0.0123037063 -0.4475749731 0.8941617608
-36.7 -247.8 2713.4 0.9998456240 -0.0169670284 0.0045608939 0.0128522879 0.8833277225 0.4685797095 -0.0119791692 -0.4684487581 0.8834094405
-182.5 -76.6 2623.3 0.0758235231 -0.9940221310 -0.0785541087 0.8906913400 0.0321050771 0.4534734190 -0.4482406378 -0.1043514237 0.8878012896
-203.9 -328.2 2749.9 -0.1082589477 -0.9940221310 -0.0141405733 -0.1660489291 0.0321050771 -0.9855947495 0.9801570177 -0.1043514237 -0.1685319841
102.5 -73.0 2619.9 -0.1299597323 0.8709955812 0.4737901688 -0.8937357068 0.1040157899 -0.4363681376 -0.4293563962 -0.4801535010 0.7649220228
62.9 -345.7 2488.9 -0.4236576557 0.8709955812 0.2487586439 -0.3358379900 0.1040157899 -0.9361589551 -0.8412651420 -0.4801535010 0.2484463304
-121.5 -422.3 2804.1 0.9880027175 0.1428473443 0.0586963743 0.0639681295 -0.0325926654 -0.9974195957 -0.1405656636 0.9892079234 -0.0413393192
-179.6 -409.1 2401.9 0.9880027175 -0.0105098700 0.1540784538 0.0639681295 0.9359238744 -0.3463446498 -0.1405656636 0.3520455658 0.9253675938
59.2 -418.9 2801.9 0.9994901419 -0.0311288759 -0.0070996797 -0.0032703553 0.1213811263 -0.9926005602 0.0317603089 0.9921177626 0.1212174445
71.4 -466.4 2413.4 0.9994901419 -0.0100370068 -0.0303095840 -0.0032703553 0.9121273160 -0.4098939598 0.0317603089 0.4097841084 0.9116294384
-176.5 -286.1 2501.7 0 0 0 0 0 0 0 0 0
-55.5 -439.5 2254.0 0 0 0 0 0 0 0 0 0
-175.3 -789.8 2258.7 0 0 0 0 0 0 0 0 0
75.0 -793.8 2266.3 0 0 0 0 0 0 0 0 0
-42.5 107.4 2538.8 3 0.9998467565 -0.0041487515 0.0170088857 -0.0034970762 0.9046121240 0.4262213707 -0.0171547309 -0.4262155294 0.9044589996
-41.6 -73.5 2624.1 0.9998467565 -0.0041487515 0.0170088857 -0.0034970762 0.9046121240 0.4262213707 -0.0171547309 -0.4262155294 0.9044589996
-41.2 -248.5 2711.9 0.9998545051 -0.0020761369 0.0169321448 -0.0057373950 0.8938182592 0.4483926594 -0.0160651859 -0.4484245479 0.8936762810
-184.1 -72.7 2626.4 0.0910599977 -0.9936172962 -0.0665788874 0.8989194632 0.0532424934 0.4348667264 -0.4285462797 -0.0994480252 0.8980301619
-209.8 -326.5 2747.4 -0.1077149585 -0.9936172962 -0.0334986597 -0.1860191375 0.0532424934 -0.9811025262 0.9766239524 -0.0994480252 -0.1905668378
100.9 -74.3 2621.8 -0.1018345207 0.8445496559 0.5257048607 -0.8965136409 0.1511224657 -0.4164436758 -0.4311531782 -0.5137099028 0.7417607903
69.9 -346.7 2490.8 -0.4477859735 0.8445496559 0.2936385274 -0.3267603219 0.1511224657 -0.9329468012 -0.8322952390 -0.5137099028 0.2082948089
-123.7 -421.9 2806.2 0.9871833920 0.1489816159 0.0572140217 0.0735445172 -0.1065180972 -0.9915871620 -0.1416339278 0.9830861688 -0.1161096767
-183.0 -379.5 2414.9 0.9871833920 -0.0187413711 0.1584857404 0.0735445172 0.9347696304 -0.3475584984 -0.1416339278 0.3547597229 0.9241673946
57.0 -419.6 2804.0 0.9992662668 -0.0369960517 -0.0099135237 -0.0064783464 0.0918428302 -0.9957524538 0.0377493948 0.9950860143 0.0915357694
71.5 -455.6 2414.4 0.9992662668 -0.0092496611 -0.0371675864 -0.0064783464 0.9156022072 -0.4020331800 0.0377493948 0.4019789696 0.9148704410
-182.5 -279.4 2500.1 0 0 0 0 0 0 0 0 0
-57.3 -439.5 2254.3 0 0 0 0 0 0 0 0 0
-174.8 -789.8 2259.2 0 0 0 0 0 0 0 0 0
74.9 -793.1 2266.2 0 0 0 0 0 0 0 0 0
-42.1 106.8 2542.6 4 0.9995063543 0.0043666493 0.0311119463 -0.0170034915 0.9079058170 0.4188291728 -0.0264178384 -0.4191514254 0.9075319171
-43.0 -74.6 2626.3 0.9995063543 0.0043666493 0.0311119463 -0.0170034915 0.9079058170 0.4188291728 -0.0264178384 -0.4191514254 0.9075319171
-44.6 -250.1 2713.2 0.9994800687 0.0078311535 0.0312766917 -0.0208906736 0.8961817026 0.4431951046 -0.0245588701 -0.4436180890 0.8958793879
-185.4 -71.7 2629.8 0.1011530608 -0.9934944510 -0.0523145460 0.8997507691 0.0689170882 0.4309280515 -0.4245192707 -0.0906597450 0.9008685946
-214.0 -325.7 2749.7 -0.1022699997 -0.9934944510 -0.0500959270 -0.1897340268 0.0689170882 -0.9794138074 0.9764946699 -0.0906597450 -0.1955478489
99.4 -77.6 2622.8 -0.1076036915 0.8535515070 0.5097756982 -0.8970578909 0.1377000213 -0.4199117422 -0.4286124408 -0.5024823546 0.7508680820
67.2 -346.3 2494.4 -0.4391673207 0.8535515070 0.2803246081 -0.3287570775 0.1377000213 -0.9343219399 -0.8360925913 -0.5024823546 0.2201377600
-131.2 -422.9 2801.2 0.9906579852 0.1261751354 0.0517362989 0.0610111468 -0.0707847401 -0.9956240058 -0.1219608560 0.9894793630 -0.0778215528
-181.0 -395.0 2410.8 0.9906579852 -0.0132686635 0.1357230693 0.0610111468 0.9332178831 -0.3540932536 -0.1219608560 0.3590659201 0.9253092408
49.5 -424.0 2798.2 0.9985809922 -0.0518657602 -0.0120783802 -0.0069672531 0.0976180062 -0.9951995611 0.0527958497 0.9938715696 0.0971181244
69.8 -462.2 2409.1 0.9985809922 -0.0146887647 -0.0511877388 -0.0069672531 0.9169097543 -0.3990338147 0.0527958497 0.3988242149 0.9155063033
-188.1 -277.7 2502.4 0 0 0 0 0 0 0 0 0
-58.0 -440.0 2256.0 0 0 0 0 0 0 0 0 0
-175.4 -789.9 2258.9 0 0 0 0 0 0 0 0 0
75.1 -790.7 2266.2 0 0 0 0 0 0 0 0 0
-42.0 104.2 2543.9 5 0.9998986721 0.0083666872 0.0115192374 -0.0123524023 0.9121276140 0.4097201824 -0.0070790136 -0.4098209739 0.9121385217
-43.7 -78.6 2626.1 0.9998986721 0.0083666872 0.0115192374 -0.0123524023 0.9121276140 0.4097201824 -0.0070790136 -0.4098209739 0.9121385217
-45.9 -254.7 2711.7 0.9998661280 0.0113203004 0.0118150059 -0.0153454961 0.8993620276 0.4369352460 -0.0056797299 -0.4370580614 0.8994153738
-186.2 -76.4 2626.9 0.1041009575 -0.9919742346 -0.0717644244 0.9033472538 0.0641193315 0.4240901768 -0.4160850346 -0.1089763865 0.9027720690
-215.6 -331.5 2744.4 -0.1196470633 -0.9919742346 -0.0408866815 -0.1973107904 0.0641193315 -0.9782418609 0.9730123281 -0.1089763865 -0.2033988982
98.8 -80.8 2625.2 -0.1258300841 0.8670946956 0.4819891751 -0.8824315071 0.1241729185 -0.4537573159 -0.4533005655 -0.4824187458 0.7495269775
60.9 -346.4 2488.8 -0.4215574563 0.8670946956 0.2653979361 -0.3330447972 0.1241729185 -0.9346989989 -0.8434278369 -0.4824187458 0.2364353538
-136.4 -423.7 2802.3 0.9934670329 0.1075986326 0.0380232856 0.0479667448 -0.0913873985 -0.9946594834 -0.1035491526 0.9899852872 -0.0959515274
-178.7 -387.8 2413.3 0.9934670329 -0.0078124809 0.1138516590 0.0479667448 0.9338335395 -0.3544772565 -0.1035491526 0.3576225638 0.9281075597
44.2 -427.5 2797.8 0.9971677661 -0.0686184540 -0.0307882298 -0.0223244634 0.1208648011 -0.9924179316 0.0718193948 0.9902945161 0.1189906150
71.1 -474.8 2410.2 0.9971677661 -0.0091728456 -0.0746476129 -0.0223244634 0.9117001891 -0.4102491736 0.0718193948 0.4107537270 0.9089132547
-185.3 -281.5 2498.0 0 0 0 0 0 0 0 0 0
-56.6 -439.2 2253.8 0 0 0 0 0 0 0 0 0
-175.4 -791.0 2258.9 0 0 0 0 0 0 0 0 0
74.3 -792.2 2267.1 0 0 0 0 0 0 0 0 0
-41.2 106.2 2546.1 6 0.9982719421 0.0158356354 0.0565899275 -0.0378273651 0.9101213813 0.4126113951 -0.0449697375 -0.4140390158 0.9091476202
-44.3 -75.6 2628.8 0.9982719421 0.0158356354 0.0565899275 -0.0378273651 0.9101213813 0.4126113951 -0.0449697375 -0.4140390158 0.9091476202
-47.7 -251.4 2714.9 0.9982160330 0.0175656471 0.0570629649 -0.0408517793 0.8979400992 0.4382176995 -0.0435415469 -0.4397670627 0.8970558047
-186.4 -69.7 2635.0 0.1109999865 -0.9934658408 -0.0265440773 0.8995536566 0.0890814587 0.4276303053 -0.4224715233 -0.0713447779 0.9035639167
-217.8 -323.8 2754.3 -0.0874731317 -0.9934658408 -0.0733078197 -0.1927889585 0.0890814587 -0.9771882892 0.9773335457 -0.0713447779 -0.1993214786
97.8 -81.4 2622.6 -0.1320842654 0.8680109382 0.4786551297 -0.8800829649 0.1194869354 -0.4595397711 -0.4560785890 -0.4819542170 0.7481393218
57.8 -347.8 2484.5 -0.4204463065 0.8680109382 0.2641626298 -0.3395048976 0.1194869354 -0.9329841137 -0.8414043784 -0.4819542170 0.2444561124
-138.5 -429.4 2797.8 0.9938604236 0.1034157351 0.0393276848 0.0472882241 -0.0756861195 -0.9960097671 -0.1000265256 0.9917544127 -0.0801117867
-179.1 -399.8 2408.7 0.9938604236 -0.0082485769 0.1103333235 0.0472882241 0.9332142472 -0.3561952412 -0.1000265256 0.3592258096 0.9278747439
42.2 -432.2 2796.7 0.9956093431 -0.0800826252 -0.0484639555 -0.0380957127 0.1262711734 -0.9912639856 0.0855026245 0.9887579679 0.1226659492
73.6 -481.7 2409.6 0.9956093431 -0.0010411509 -0.0935996696 -0.0380957127 0.9088729024 -0.4153297246 0.0855026245 0.4170719087 0.9048427343
-195.6 -275.0 2506.9 0 0 0 0 0 0 0 0 0
-57.0 -440.5 2254.8 0 0 0 0 0 0 0 0 0
-175.6 -790.6 2258.3 0 0 0 0 0 0 0 0 0
73.9 -793.3 2266.6 0 0 0 0 0 0 0 0 0
-40.0 107.5 2545.7 7 0.9990647435 0.0112468442 0.0417505763 -0.0271045305 0.9152156711 0.4020518064 -0.0336889662 -0.4028074145 0.9146645665
-42.2 -76.1 2626.5 0.9990647435 0.0112468442 0.0417505763 -0.0271045305 0.9152156711 0.4020518064 -0.0336889662 -0.4028074145 0.9146645665
-45.0 -253.2 2710.1 0.9990122914 0.0142589556 0.0420854017 -0.0308495108 0.9042269588 0.4259364903 -0.0319813453 -0.4268140793 0.9037737250
-184.5 -71.7 2631.0 0.1074420437 -0.9933456779 -0.0414794087 0.9065006971 0.0807440355 0.4144114852 -0.4083046615 -0.0821263269 0.9091438651
-214.8 -327.7 2746.3 -0.0973269269 -0.9933456779 -0.0615776107 -0.2072575241 0.0807440355 -0.9749485850 0.9734330177 -0.0821263269 -0.2137369365
100.1 -80.5 2622.0 -0.1431735754 0.8725868464 0.4670048654 -0.8815217018 0.1020737365 -0.4609776735 -0.4499119818 -0.4776747525 0.7545899749
56.3 -350.0 2484.4 -0.4233491123 0.8725868464 0.2436549515 -0.3297713399 0.1020737365 -0.9385263920 -0.8438165784 -0.4776747525 0.2445413172
-141.3 -423.6 2805.0 0.9933414459 0.1050400734 0.0473212078 0.0566059165 -0.0872467980 -0.9945771694 -0.1003418341 0.9906334281 -0.0926117525
-182.5 -389.4 2416.7 0.9933414459 -0.0159659330 0.1140955836 0.0566059165 0.9302023053 -0.3626560867 -0.1003418341 0.3666998148 0.9249122739
39.0 -430.9 2797.2 0.9946511388 -0.0880111083 -0.0540656820 -0.0422081500 0.1314131916 -0.9904287457 0.0942736715 0.9874131083 0.1269955039
73.4 -482.4 2410.5 0.9946511388 -0.0007895574 -0.1032880917 -0.0422081500 0.9095652699 -0.4134120345 0.0942736715 0.4155603647 0.9046668410
-190.2 -275.2 2499.9 0 0 0 0 0 0 0 0 0
-59.1 -439.9 2254.4 0 0 0 0 0 0 0 0 0
-175.6 -791.1 2258.3 0 0 0 0 0 0 0 0 0
73.7 -794.2 2268.0 0 0 0 0 0 0 0 0 0
-39.1 108.6 2545.5 8 0.9987665415 0.0202620421 0.0453308038 -0.0368888564 0.9138944745 0.4042722583 -0.0332361907 -0.4054457843 0.9135146737
-43.1 -73.6 2626.3 0.9987665415 0.0202620421 0.0453308038 -0.0368888564 0.9138944745 0.4042722583 -0.0332361907 -0.4054457843 0.9135146737
-48.0 -250.5 2710.1 0.9986318946 0.0250870939 0.0458801575 -0.0422847159 0.9035981297 0.4262891710 -0.0307628680 -0.4276459813 0.9034227133
-185.4 -67.6 2630.7 0.0977489203 -0.9939863682 -0.0493584052 0.9155645370 0.0703744069 0.3959659636 -0.3901112080 -0.0838960484 0.9169376493
-213.4 -329.6 2742.4 -0.0991252884 -0.9939863682 -0.0465325862 -0.2526900172 0.0703744069 -0.9649845362 0.9624561667 -0.0838960484 -0.2581463158
99.1 -79.6 2622.0 -0.1087527275 0.8445429206 0.5243282318 -0.8924170136 0.1494101733 -0.4257563651 -0.4379094839 -0.5142216086 0.7374356985
68.1 -334.0 2497.2 -0.4394019544 0.8445429206 0.3060607612 -0.3554972708 0.1494101733 -0.9226582646 -0.8249530792 -0.5142216086 0.2345815897
-138.0 -427.4 2796.6 0.9936847091 0.1030215770 0.0444663540 0.0480931364 -0.0329906158 -0.9982978702 -0.1013792455 0.9941318631 -0.0377369002
-178.3 -414.5 2407.6 0.9936847091 -0.0076138671 0.1119496822 0.0480931364 0.9303084612 -0.3636113107 -0.1013792455 0.3666990101 0.9247995019
42.5 -433.0 2790.8 0.9964050055 -0.0748340562 -0.0397100523 -0.0295133702 0.1327457428 -0.9907106161 0.0794102326 0.9883210063 0.1300599128
71.8 -485.0 2403.7 0.9964050055 -0.0051247953 -0.0845621675 -0.0295133702 0.9146403074 -0.4031899273 0.0794102326 0.4042361677 0.9112009406
-189.7 -269.3 2512.6 0 0 0 0 0 0 0 0 0
-51.4 -430.7 2272.6 0 0 0 0 0 0 0 0 0
-175.2 -791.7 2258.9 0 0 0 0 0 0 0 0 0
73.5 -794.7 2266.9 0 0 0 0 0 0 0 0 0
-39.1 108.8 2546.4 9 0.9987505078 0.0107729165 0.0487998053 -0.0293337833 0.9169463515 0.3979307711 -0.0404599272 -0.3988650441 0.9161166549
-41.2 -73.0 2625.5 0.9987505078 0.0107729165 0.0487998053 -0.0293337833 0.9169463515 0.3979307711 -0.0404599272 -0.3988650441 0.9161166549
-43.8 -250.7 2707.7 0.9987060428 0.0133323446 0.0490761474 -0.0326963291 0.9074684978 0.4188458323 -0.0389508605 -0.4199084640 0.9067302346
-183.5 -68.3 2631.0 0.0758893043 -0.9957840443 -0.0515256673 0.9246262908 0.0509353988 0.3774544001 -0.3732385933 -0.0762867406 0.9245935678
-205.4 -334.7 2738.5 -0.0877623260 -0.9957840443 -0.0266806167 -0.2871360183 0.0509353988 -0.9565346241 0.9538609385 -0.0762867406 -0.2903956771
101.1 -77.6 2619.9 -0.1312930584 0.8677240014 0.4793924987 -0.8952406645 0.1039258614 -0.4332939088 -0.4258008003 -0.4860601127 0.7631770968
62.4 -341.2 2494.5 -0.4303189516 0.8677240014 0.2487581670 -0.3323377669 0.1039258614 -0.9374172091 -0.8392718434 -0.4860601127 0.2436561882
-143.2 -423.7 2796.6 0.9939787388 0.0974979848 0.0500046611 0.0534876399 -0.0334417708 -0.9980083704 -0.0956315622 0.9946737289 -0.0384553447
-181.3 -410.6 2407.2 0.9939787388 -0.0151770087 0.1085171998 0.0534876399 0.9315560460 -0.3596419990 -0.0956315622 0.3632808030 0.9267587066
37.3 -431.3 2791.1 0.9950233102 -0.0882280841 -0.0463084541 -0.0337355509 0.1390098035 -0.9897162318 0.0937580913 0.9863529205 0.1353415698
71.9 -485.8 2404.8 0.9950233102 -0.0074993493 -0.0993600860 -0.0337355509 0.9129197598 -0.4067424238 0.0937580913 0.4080701470 0.9081234336
-185.0 -268.1 2517.6 0 0 0 0 0 0 0 0 0
-55.3 -432.1 2265.0 0 0 0 0 0 0 0 0 0
-175.1 -791.3 2258.8 0 0 0 0 0 0 0 0 0
74.4 -793.0 2267.5 0 0 0 0 0 0 0 0 0
-37.9 111.1 2547.3 00 0.9982132316 0.0233636778 0.0549955703 -0.0436159335 0.9139958024 0.4033724964 -0.0408414565 -0.4050504267 0.9133816957
-42.6 -70.8 2627.9 0.9982132316 0.0233636778 0.0549955703 -0.0436159335 0.9139958024 0.4033724964 -0.0408414565 -0.4050504267 0.9133816957
-47.6 -248.1 2711.0 0.9981246591 0.0258141272 0.0555048361 -0.0468918569 0.9052833915 0.4222121537 -0.0393485688 -0.4240230918 0.9047961831
-184.8 -64.1 2633.5 0.0836470425 -0.9953123331 -0.0485438406 0.9241212010 0.0592535809 0.3774771094 -0.3728312552 -0.0764352381 0.9247456789
-209.0 -331.3 2741.3 -0.0906111449 -0.9953123331 -0.0338075794 -0.2950580716 0.0592535809 -0.9536402822 0.9511731267 -0.0764352381 -0.2990439832
99.7 -77.5 2622.3 -0.1105956733 0.8472488523 0.5195555687 -0.8923456669 0.1455192417 -0.4272508621 -0.4375931323 -0.5108752847 0.7399450541
66.3 -346.5 2490.4 -0.4472546577 0.8472488523 0.2865879834 -0.3234519362 0.1455192417 -0.9349882007 -0.8338717818 -0.5108752847 0.2089601308
-136.7 -425.4 2793.4 0.9920847416 0.1129305586 0.0549050421 0.0576877221 -0.0215197448 -0.9981027246 -0.1115347520 0.9933698177 -0.0278641153
-180.9 -417.0 2404.5 0.9920847416 -0.0132853324 0.1248654276 0.0576877221 0.9314615130 -0.3592374027 -0.1115347520 0.3635971546 0.9248551726
43.8 -431.3 2786.4 0.9958522916 -0.0753092617 -0.0510559790 -0.0370978415 0.1762948185 -0.9836381078 0.0830779597 0.9814523458 0.1727697849
73.3 -500.3 2402.3 0.9958522916 -0.0012136685 -0.0909765065 -0.0370978415 0.9076015353 -0.4181903899 0.0830779597 0.4198308885 0.9037920237
-188.3 -263.9 2524.2 0 0 0 0 0 0 0 0 0
-57.8 -436.3 2259.0 0 0 0 0 0 0 0 0 0
-175.6 -790.4 2258.7 0 0 0 0 0 0 0 0 0
73.7 -793.6 2266.7 0 0 0 0 0 0 0 0 0
-36.0 109.0 2546.8 01 0.9976460338 0.0394168571 0.0561132245 -0.0591199882 0.9090047479 0.4125714302 -0.0347449183 -0.4149176776 0.9091953039
-43.8 -71.5 2629.2 0.9976460338 0.0394168571 0.0561132245 -0.0591199882 0.9090047479 0.4125714302 -0.0347449183 -0.4149176776 0.9091953039
-52.2 -247.1 2715.3 0.9974517226 0.0426097065 0.0572228022 -0.0633985475 0.8972222805 0.4370043278 -0.0327209458 -0.4395185709 0.8976373076
-186.0 -62.5 2633.8 0.0979504064 -0.9939889312 -0.0489054173 0.9172621965 0.0711083487 0.3918847740 -0.3860515654 -0.0832443684 0.9187135696
-214.3 -328.1 2745.6 -0.1001711339 -0.9939889312 -0.0441787913 -0.2838766575 0.0711083487 -0.9562205076 0.9536140561 -0.0832443684 -0.2892932594
98.3 -80.5 2624.6 -0.1119002923 0.8632664084 0.4921884239 -0.8957786560 0.1267875135 -0.4260345995 -0.4301847219 -0.4885652959 0.7591080666
64.5 -350.8 2494.7 -0.4343780279 0.8632664084 0.2570736408 -0.3063690066 0.1267875135 -0.9434314966 -0.8470264077 -0.4885652959 0.2094043642
-142.9 -421.1 2797.6 0.9945803881 0.0937849507 0.0448796935 0.0469359905 -0.0198350046 -0.9987009764 -0.0927729309 0.9953948855 -0.0241293963
-179.6 -413.3 2407.8 0.9945803881 -0.0096617583 0.1035203040 0.0469359905 0.9301657081 -0.3641273975 -0.0927729309 0.3670127988 0.9255780578
37.5 -429.6 2790.5 0.9953247309 -0.0860356987 -0.0438918509 -0.0321127325 0.1338018924 -0.9904876947 0.0910901129 0.9872663617 0.1304134876
71.2 -481.9 2404.3 0.9953247309 -0.0075732637 -0.0962874964 -0.0321127325 0.9142577052 -0.4038583934 0.0910901129 0.4050623178 0.9097401500
-191.6 -263.8 2529.6 0 0 0 0 0 0 0 0 0
-58.2 -437.4 2255.5 0 0 0 0 0 0 0 0 0
-175.7 -789.6 2259.4 0 0 0 0 0 0 0 0 0
73.8 -793.4 2266.3 0 0 0 0 0 0 0 0 0
-36.5 107.3 2549.0 02 0.9973614216 0.0442972109 0.0575153083 -0.0638897792 0.9117900133 0.4056562781 -0.0344724432 -0.4082605541 0.9122143388
-45.3 -74.1 2630.3 0.9973614216 0.0442972109 0.0575153083 -0.0638897792 0.9117900133 0.4056562781 -0.0344724432 -0.4082605541 0.9122143388
-54.6 -250.4 2715.1 0.9971417785 0.0474658571 0.0587812886 -0.0682254657 0.8999360204 0.4306512177 -0.0324581712 -0.4334307015 0.9006021619
-187.4 -64.4 2634.9 0.1016015783 -0.9936459064 -0.0484239720 0.9199571609 0.0753182247 0.3847154677 -0.3786237538 -0.0836356804 0.9217641354
-216.8 -331.1 2744.6 -0.1022328958 -0.9936459064 -0.0470764935 -0.2931693196 0.0753182247 -0.9530891180 0.9505788684 -0.0836356804 -0.2990065217
96.8 -83.9 2625.6 -0.1303713918 0.8825162053 0.4518500566 -0.8931437731 0.0933300331 -0.4399815202 -0.4304620028 -0.4609280527 0.7760462761
58.0 -350.2 2497.3 -0.4130763113 0.8825162053 0.2247957140 -0.3146585226 0.0933300331 -0.9446054697 -0.8546098471 -0.4609280527 0.2391388267
-150.7 -417.1 2804.3 0.9975489378 0.0662977397 0.0223773196 0.0277583171 -0.0813881308 -0.9962958694 -0.0642309189 0.9944750071 -0.0830289572
-176.6 -385.3 2415.7 0.9975489378 -0.0027767841 0.0699172691 0.0277583171 0.9329277277 -0.3589920402 -0.0642309189 0.3600528836 0.9307181835
29.6 -428.5 2798.4 0.9922088981 -0.1104818806 -0.0575786717 -0.0467827059 0.0979373604 -0.9940924048 0.1154682934 0.9890409708 0.0920056701
72.8 -466.8 2411.6 0.9922088981 -0.0041658804 -0.1245158389 -0.0467827059 0.9138430357 -0.4033637643 0.1154682934 0.4060463011 0.9065282345
-193.7 -264.9 2530.1 0 0 0 0 0 0 0 0 0
-58.3 -438.7 2256.8 0 0 0 0 0 0 0 0 0
-175.4 -791.1 2259.0 0 0 0 0 0 0 0 0 0
74.3 -792.6 2266.8 0 0 0 0 0 0 0 0 0
-35.3 104.2 2546.7 03 0.9980207086 0.0418525822 0.0469370410 -0.0575794429 0.9082510471 0.4144450426 -0.0252850223 -0.4163273275 0.9088631272
-43.6 -76.8 2629.6 0.9980207086 0.0418525822 0.0469370410 -0.0575794429 0.9082510471 0.4144450426 -0.0252850223 -0.4163273275 0.9088631272
-52.4 -252.2 2716.2 0.9978272915 0.0449559242 0.0481626987 -0.0615985245 0.8959227204 0.4399183095 -0.0233731195 -0.4419292510 0.8967453241
-185.8 -68.0 2633.0 0.0978725702 -0.9934322834 -0.0592723116 0.9171553254 0.0669174343 0.3928716183 -0.3863250017 -0.0928132758 0.9176811576
-214.2 -334.0 2745.0 -0.1082264408 -0.9934322834 -0.0371387340 -0.2862536311 0.0669174343 -0.9558142424 0.9520220160 -0.0928132758 -0.2916158438
98.6 -85.6 2626.3 -0.1454942524 0.8864967823 0.4392662942 -0.8844696283 0.0824070126 -0.4592631161 -0.4433338940 -0.4553378224 0.7720897198
55.2 -349.3 2494.1 -0.4089507163 0.8864967823 0.2165242881 -0.3209195137 0.0824070126 -0.9435145855 -0.8542657495 -0.4553378224 0.2507937253
-154.0 -420.4 2802.9 0.9984713197 0.0537125804 0.0130392332 0.0174122117 -0.0817686990 -0.9964992404 -0.0524583459 0.9952028990 -0.0825789496
-175.0 -388.4 2413.6 0.9984713197 0.0024251512 0.0552193969 0.0174122117 0.9343687296 -0.3558818102 -0.0524583459 0.3562992811 0.9328981638
26.3 -432.8 2797.1 0.9913472533 -0.1144333631 -0.0643087849 -0.0503529459 0.1209215447 -0.9913841486 0.1212237403 0.9860441089 0.1141131893
71.0 -480.1 2411.3 0.9913472533 -0.0055202283 -0.1311493069 -0.0503529459 0.9066917300 -0.4187776446 0.1212237403 0.4217578173 0.8985683918
-189.8 -269.5 2530.5 0 0 0 0 0 0 0 0 0
-58.7 -438.7 2256.1 0 0 0 0 0 0 0 0 0
-176.0 -791.0 2260.1 0 0 0 0 0 0 0 0 0
73.0 -793.0 2265.7 0 0 0 0 0 0 0 0 0
-36.0 102.9 2546.0 04 0.9982105494 0.0446365811 0.0397903994 -0.0571253300 0.9085218906 0.4139138758 -0.0176747479 -0.4154462218 0.9094460011
-44.9 -77.9 2628.6 0.9982105494 0.0446365811 0.0397903994 -0.0571253300 0.9085218906 0.4139138758 -0.0176747479 -0.4154462218 0.9094460011
-54.6 -253.7 2714.4 0.9979476929 0.0492252149 0.0409549922 -0.0621837042 0.8976383805 0.4363238811 -0.0152846370 -0.4379751384 0.8988571763
-187.1 -69.0 2630.8 0.1013220996 -0.9926025271 -0.0668883175 0.9187821150 0.0675774291 0.3889379203 -0.3815406263 -0.1008637995 0.9188325405
-216.5 -335.5 2741.5 -0.1163012087 -0.9926025271 -0.0348460041 -0.2908028662 0.0675774291 -0.9543935061 0.9496881962 -0.1008637995 -0.2965109944
97.3 -86.7 2626.5 -0.1459255666 0.8892890811 0.4334405065 -0.8742379546 0.0891524404 -0.4772418737 -0.4630482793 -0.4485719502 0.7644406557
53.1 -351.8 2486.1 -0.4012223184 0.8892890811 0.2195121944 -0.3186824024 0.0891524404 -0.9436595440 -0.8587561846 -0.4485719502 0.2476308346
-151.4 -422.1 2804.9 0.9985184669 0.0538085587 0.0080957161 0.0131952614 -0.0951037928 -0.9953799248 -0.0527900234 0.9940119982 -0.0956729129
-172.5 -384.9 2415.8 0.9985184669 0.0066370363 0.0540078841 0.0131952614 0.9333744049 -0.3586615622 -0.0527900234 0.3588428497 0.9319039583
29.0 -433.3 2800.6 0.9926800132 -0.1072524935 -0.0555275679 -0.0445135385 0.1024884135 -0.9937376976 0.1122717783 0.9889352918 0.0969640091
70.9 -473.4 2413.5 0.9926800132 -0.0065270537 -0.1205977052 -0.0445135385 0.9084692597 -0.4155744910 0.1122717783 0.4179007113 0.9015287161
-190.4 -270.1 2527.7 0 0 0 0 0 0 0 0 0
-57.6 -439.6 2249.3 0 0 0 0 0 0 0 0 0
-175.4 -791.0 2259.6 0 0 0 0 0 0 0 0 0
73.3 -794.3 2265.9 0 0 0 0 0 0 0 0 0
-35.7 102.3 2545.6 05 0.9983846545 0.0407112092 0.0396321341 -0.0535489619 0.9073835015 0.4168784916 -0.0189899169 -0.4183273315 0.9080978036
-43.8 -77.9 2628.7 0.9983846545 0.0407112092 0.0396321341 -0.0535489619 0.9073835015 0.4168784916 -0.0189899169 -0.4183273315 0.9080978036
-52.5 -253.2 2715.5 0.9981777668 0.0444595292 0.0407983512 -0.0579278059 0.8953583837 0.4415628910 -0.0168974660 -0.4431216121 0.8963022232
-186.1 -69.6 2631.1 0.0964078009 -0.9930902123 -0.0669133514 0.9171233177 0.0625078529 0.3936719298 -0.3867691457 -0.0993208364 0.9168124199
-214.0 -335.7 2743.3 -0.1131770611 -0.9930902123 -0.0310292374 -0.2863608301 0.0625078529 -0.9560806751 0.9514139295 -0.0993208364 -0.2914566100
