132.2 110.0 2350.1 02 0.9703603983 -0.0280492697 0.2400291115 -0.0460885130 0.9535311460 0.2977485359 -0.2372268587 -0.2999859750 0.9239761233
137.8 -81.4 2410.3 0.9703603983 -0.0280492697 0.2400291115 -0.0460885130 0.9535311460 0.2977485359 -0.2372268587 -0.2999859750 0.9239761233
143.3 -270.7 2470.7 0.9704015255 -0.0275416151 0.2399214655 -0.0474997088 0.9523015618 0.3014391065 -0.2367797047 -0.3039131761 0.9228066802
1.3 -74.7 2443.7 -0.2856912911 -0.7380104661 0.6113272905 0.9218910336 -0.3858651817 -0.0349997394 0.2617200911 0.5535780191 0.7906035185
97.1 -383.9 2355.9 0.3786849380 -0.7380104661 0.5585143566 0.4421793818 -0.3858651817 -0.8096823096 0.8130652308 0.5535780191 0.1802116781
274.4 -88.1 2377.0 0.0033940186 0.6952733397 0.7187374234 -0.9670689106 0.1851971895 -0.1745845079 -0.2544921041 -0.6944760680 0.6730057597
275.2 -323.5 2315.1 -0.5191489458 0.6952733397 0.4970707893 -0.5388298035 0.1851971895 -0.8218055964 -0.6634356380 -0.6944760680 0.2784890532
59.7 -456.1 2552.4 0.8339207172 0.5518018007 -0.0095420200 0.0910307094 -0.1545837969 -0.9837770462 -0.5443249941 0.8195233941 -0.1791415364
-166.4 -392.8 2216.7 0.8339207172 -0.1038371250 0.5420277715 0.0910307094 0.9945679307 0.0504783653 -0.5443249941 0.0072462237 0.8388431072
237.8 -464.3 2509.4 0.9828336239 -0.0932453498 0.1591961533 0.1370253861 -0.2088677287 -0.9682965875 0.1235400960 0.9734883308 -0.1925052404
276.3 -378.1 2107.2 0.9828336239 -0.1541586667 -0.1013568789 0.1370253861 0.9778060913 -0.1584907621 0.1235400960 0.1418815851 0.9821442962
-1.2 -498.6 2144.9 0 0 0 0 0 0 0 0 0
140.1 -463.7 2142.5 0 0 0 0 0 0 0 0 0
-126.7 -772.9 2213.9 0 0 0 0 0 0 0 0 0
335.3 -751.8 2053.0 0 0 0 0 0 0 0 0 0
131.5 111.0 2351.5 03 0.9689655304 -0.0248999689 0.2459384948 -0.0499361977 0.9546850324 0.2933988869 -0.2420994192 -0.2965746522 0.9238134623
136.5 -80.3 2410.9 0.9689655304 -0.0248999689 0.2459384948 -0.0499361977 0.9546850324 0.2933988869 -0.2420994192 -0.2965746522 0.9238134623
141.3 -269.9 2470.5 0.9690070748 -0.0240761507 0.2458569109 -0.0515541323 0.9536161423 0.2965779006 -0.2415935695 -0.3000610173 0.9228195548
0.1 -73.1 2444.9 -0.2850375175 -0.7192131281 0.6336293221 0.9211834669 -0.3882396817 -0.0262854379 0.2649048865 0.5761964917 0.7731901407
97.0 -386.2 2354.8 0.3979429603 -0.7192131281 0.5695382953 0.4496269524 -0.3882396817 -0.8044286966 0.7996730804 0.5761964917 0.1688803434
272.9 -87.6 2376.9 0.0088513065 0.6991121173 0.7149572968 -0.9681332111 0.1849444509 -0.1688599735 -0.2502794266 -0.6906792521 0.6784706116
275.0 -324.2 2315.7 -0.5251143575 0.6991121173 0.4852804542 -0.5228000283 0.1849444509 -0.8321512341 -0.6715169549 -0.6906792521 0.2683788538
57.1 -455.0 2552.1 0.8313438296 0.5554075837 -0.0197443590 0.0871967152 -0.1654396951 -0.9823576212 -0.5488753915 0.8149552941 -0.1859669834
-170.7 -387.1 2217.8 0.8313438296 -0.0962326899 0.5473634005 0.0871967152 0.9952821732 0.0425461978 -0.5488753915 0.0123577733 0.8358128667
235.0 -464.2 2508.0 0.9841066599 -0.0896968544 0.1532596648 0.1314627677 -0.2122073472 -0.9683416486 0.1193800271 0.9730994105 -0.1970428675
272.1 -376.5 2105.9 0.9841066599 -0.1484132409 -0.0975067094 0.1314627677 0.9780246615 -0.1618188322 0.1193800271 0.1464284956 0.9819914103
-6.3 -502.9 2147.2 0 0 0 0 0 0 0 0 0
138.4 -460.2 2141.0 0 0 0 0 0 0 0 0 0
-133.9 -767.5 2213.1 0 0 0 0 0 0 0 0 0
328.8 -750.4 2049.9 0 0 0 0 0 0 0 0 0
131.5 111.9 2352.1 04 0.9672024250 -0.0227021445 0.2529901564 -0.0532773174 0.9557108879 0.2894445956 -0.2483564764 -0.2934301794 0.9231564403
136.0 -80.0 2411.1 0.9672024250 -0.0227021445 0.2529901564 -0.0532773174 0.9557108879 0.2894445956 -0.2483564764 -0.2934301794 0.9231564403
140.1 -269.8 2470.0 0.9672685862 -0.0204175021 0.2529321015 -0.0562066361 0.9547598362 0.2920179963 -0.2474516779 -0.2966763079 0.9223615527
-0.1 -72.1 2445.9 -0.3060675859 -0.7381056547 0.6012675166 0.9170770645 -0.3981088400 -0.0218851548 0.2555234730 0.5447103381 0.7987480164
103.7 -383.0 2359.3 0.3846901953 -0.7381056547 0.5542684197 0.4149294794 -0.3981088400 -0.8181337714 0.8245283365 0.5447103381 0.1531132460
272.2 -87.9 2376.2 0.0254528187 0.6889595389 0.7243527174 -0.9684699178 0.1966245770 -0.1529863626 -0.2478269637 -0.6976199150 0.6722412109
278.3 -321.9 2316.3 -0.5326111913 0.6889595389 0.4915893376 -0.5154648423 0.1966245770 -0.8340471983 -0.6712833643 -0.6976199150 0.2504099905
55.4 -454.6 2551.6 0.8283686638 0.5594552755 -0.0285520032 0.0835344791 -0.1737648249 -0.9812378883 -0.5539200306 0.8104416132 -0.1906751394
-174.3 -383.3 2218.9 0.8283686638 -0.0892846435 0.5530222654 0.0835344791 0.9958667755 0.0356554762 -0.5539200306 0.0166605487 0.8324031830
232.9 -464.8 2506.3 0.9855206013 -0.0852065533 0.1465910822 0.1254696548 -0.2150353491 -0.9685128331 0.1140459031 0.9728821516 -0.2012309283
268.1 -375.9 2104.3 0.9855206013 -0.1419848502 -0.0926790386 0.1254696548 0.9783438444 -0.1646227390 0.1140459031 0.1506107002 0.9819928408
3.9 -490.6 2145.4 0 0 0 0 0 0 0 0 0
139.7 -456.1 2141.7 0 0 0 0 0 0 0 0 0
-140.1 -764.0 2212.5 0 0 0 0 0 0 0 0 0
322.4 -750.0 2046.7 0 0 0 0 0 0 0 0 0
130.2 111.7 2345.4 05 0.9702148438 -0.0269559734 0.2407415658 -0.0503666401 0.9496254921 0.3093132079 -0.2369521558 -0.3122256100 0.9199830890
135.6 -79.1 2408.2 0.9702148438 -0.0269559734 0.2407415658 -0.0503666401 0.9496254921 0.3093132079 -0.2369521558 -0.3122256100 0.9199830890
140.6 -267.8 2470.5 0.9702646732 -0.0253049228 0.2407200485 -0.0521762334 0.9492728114 0.3100947738 -0.2363559157 -0.3134338558 0.9197255373
-1.0 -71.8 2441.5 -0.3046668172 -0.7814325094 0.5445561409 0.9258741140 -0.3771216869 -0.0231601708 0.2234620303 0.4971342683 0.8384045959
100.4 -379.8 2367.1 0.3515349329 -0.7814325094 0.5155447721 0.3921771049 -0.3771216869 -0.8390330076 0.8500707746 0.4971342683 0.1738885045
272.1 -86.5 2374.9 0.0183960069 0.6918261647 0.7218297124 -0.9686499238 0.1912242621 -0.1585895717 -0.2477477640 -0.6962828636 0.6736551523
276.6 -321.0 2314.9 -0.5300365090 0.6918261647 0.4903445840 -0.5203492641 0.1912242621 -0.8322679400 -0.6695505381 -0.6962828636 0.2586354315
54.5 -454.4 2551.3 0.8334143162 0.5525475740 -0.0105717396 0.1083724722 -0.1821575463 -0.9772788882 -0.5419187546 0.8133325577 -0.2116936594
-168.7 -380.8 2222.7 0.8334143162 -0.1060336381 0.5423812270 0.1083724722 0.9937230945 0.0277459882 -0.5419187546 0.0356552899 0.8396741748
234.6 -461.3 2511.1 0.9831721783 -0.0937507972 0.1567905247 0.1358102411 -0.1989265531 -0.9705585241 0.1221804321 0.9755198956 -0.1828467399
273.3 -379.1 2108.1 0.9831721783 -0.1517233700 -0.1017472222 0.1358102411 0.9795604348 -0.1483810693 0.1221804321 0.1320658326 0.9836821556
9.4 -481.4 2147.0 0 0 0 0 0 0 0 0 0
138.6 -456.4 2140.7 0 0 0 0 0 0 0 0 0
-128.2 -760.6 2209.1 0 0 0 0 0 0 0 0 0
331.3 -753.5 2057.6 0 0 0 0 0 0 0 0 0
130.8 112.3 2342.1 06 0.9682967067 -0.0247271489 0.2485760599 -0.0579319634 0.9457314610 0.3197434545 -0.2429925501 -0.3240070343 0.9143161774
135.8 -77.9 2407.3 0.9682967067 -0.0247271489 0.2485760599 -0.0579319634 0.9457314610 0.3197434545 -0.2429925501 -0.3240070343 0.9143161774
140.1 -266.1 2471.1 0.9683483839 -0.0216200911 0.2486644536 -0.0600414388 0.9468128085 0.3161336780 -0.2422735393 -0.3210577071 0.9155465364
-0.5 -69.5 2441.4 -0.2975036800 -0.8062075973 0.5113911629 0.9307544827 -0.3641828299 -0.0326639786 0.2125738114 0.4662619531 0.8587270379
98.8 -380.3 2370.4 0.3330348134 -0.8062075973 0.4889960885 0.3720229268 -0.3641828299 -0.8537973166 0.8664218187 0.4662619531 0.1786421388
272.1 -86.4 2373.2 0.0272296444 0.7027578950 0.7109077573 -0.9734963775 0.1801921427 -0.1408389360 -0.2270756811 -0.6882311106 0.6890388727
278.6 -320.6 2318.5 -0.5299137235 0.7027578950 0.4746817648 -0.5128847361 0.1801921427 -0.8393330574 -0.6753818989 -0.6882311106 0.2649475336
54.5 -450.2 2555.6 0.8302004337 0.5573751330 -0.0100131966 0.1121631116 -0.1846057624 -0.9763913751 -0.5460647345 0.8094774485 -0.2157767117
-170.7 -375.6 2228.6 0.8302004337 -0.1033645272 0.5477983952 0.1121631116 0.9935359359 0.0174854826 -0.5460647345 0.0469263121 0.8364276290
233.2 -459.9 2512.7 0.9847627282 -0.0884272382 0.1497432292 0.1308558732 -0.1903455555 -0.9729570150 0.1145388559 0.9777265191 -0.1758739799
269.8 -381.2 2108.7 0.9847627282 -0.1449618638 -0.0960649103 0.1308558732 0.9815104008 -0.1396929473 0.1145388559 0.1249937490 0.9855239391
12.3 -476.9 2145.4 0 0 0 0 0 0 0 0 0
140.7 -454.1 2142.8 0 0 0 0 0 0 0 0 0
-131.2 -755.4 2210.6 0 0 0 0 0 0 0 0 0
325.2 -756.4 2060.9 0 0 0 0 0 0 0 0 0
130.4 110.7 2342.4 07 0.9653859735 -0.0223067850 0.2598697841 -0.0647015348 0.9447130561 0.3214512765 -0.2526729107 -0.3271385133 0.9105694890
134.9 -79.6 2408.4 0.9653859735 -0.0223067850 0.2598697841 -0.0647015348 0.9447130561 0.3214512765 -0.2526729107 -0.3271385133 0.9105694890
138.8 -267.6 2473.0 0.9654256701 -0.0197520070 0.2599290311 -0.0664857998 0.9454910755 0.3187887371 -0.2520572841 -0.3250484169 0.9114881754
-0.9 -70.3 2443.8 -0.2853589356 -0.7910240293 0.5411573648 0.9295858145 -0.3658914268 -0.0446511582 0.2333249748 0.4903105497 0.8397350907
94.4 -380.9 2365.9 0.3371441364 -0.7910240293 0.5105044842 0.4080530107 -0.3658914268 -0.8364306688 0.8484259248 0.4903105497 0.1994215846
270.8 -89.0 2372.9 0.0350094102 0.7079425454 0.7054018378 -0.9749794602 0.1792346090 -0.1314914972 -0.2195208520 -0.6831488609 0.6965042949
279.1 -320.9 2320.7 -0.5290654898 0.7079425454 0.4678750932 -0.5061900020 0.1792346090 -0.8435915112 -0.6810737252 -0.6831488609 0.2635265589
54.5 -448.1 2557.7 0.8438251615 0.5366125107 -0.0024596211 0.1076036915 -0.1736941040 -0.9789033532 -0.5257190466 0.8257586360 -0.2043089420
-160.5 -378.5 2226.9 0.8438251615 -0.0908955038 0.5288639665 0.1076036915 0.9941935539 -0.0008149192 -0.5257190466 0.0575953610 0.8487062454
231.4 -461.7 2514.5 0.9866082072 -0.0792489126 0.1425616294 0.1259138435 -0.1855398417 -0.9745361209 0.1036817878 0.9794358611 -0.1730765998
264.1 -385.0 2109.8 0.9866082072 -0.1382634491 -0.0865299329 0.1259138435 0.9828414321 -0.1347904354 0.1036817878 0.1220900342 0.9870886803
6.7 -487.0 2145.2 0 0 0 0 0 0 0 0 0
141.4 -452.7 2143.4 0 0 0 0 0 0 0 0 0
-125.7 -758.5 2204.9 0 0 0 0 0 0 0 0 0
317.0 -760.7 2063.1 0 0 0 0 0 0 0 0 0
130.1 111.5 2341.1 08 0.9676510096 -0.0151264137 0.2518386841 -0.0694307014 0.9436916709 0.3234584630 -0.2425508499 -0.3304802477 0.9121139646
133.2 -78.8 2407.8 0.9676510096 -0.0151264137 0.2518386841 -0.0694307014 0.9436916709 0.3234584630 -0.2425508499 -0.3304802477 0.9121139646
135.5 -266.7 2472.5 0.9676749706 -0.0120319473 0.2519134283 -0.0710981116 0.9453334808 0.3182604015 -0.2419714928 -0.3258831799 0.9139201045
-3.0 -68.8 2441.8 -0.3019281030 -0.7970711589 0.5229885578 0.9273421764 -0.3727768064 -0.0327712111 0.2210789919 0.4750947952 0.8517094851
98.0 -378.9 2367.9 0.3292021751 -0.7970711589 0.5062642694 0.3913259506 -0.3727768064 -0.8413687944 0.8593543768 0.4750947952 0.1891956776
269.3 -88.8 2373.7 0.0513842776 0.6971526146 0.7150789499 -0.9739978909 0.1931855977 -0.1183529049 -0.2206529826 -0.6904038787 0.6889519095
281.5 -318.5 2321.7 -0.5329549909 0.6971526146 0.4795176387 -0.5044621825 0.1931855977 -0.8415445685 -0.6793209314 -0.6904038787 0.2487278879
49.3 -447.4 2558.0 0.8612715602 0.5081438422 0.0010755920 0.1042785347 -0.1746730357 -0.9790890217 -0.4973301888 0.8433736563 -0.2034294158
-154.3 -377.4 2220.0 0.8612715602 -0.0839307979 0.5011655688 0.1042785347 0.9944675565 -0.0126618417 -0.4973301888 0.0631660968 0.8652587533
226.7 -461.2 2515.1 0.9860500097 -0.0902676806 0.1398468763 0.1214423180 -0.1844159216 -0.9753166437 0.1138295606 0.9786943197 -0.1708810031
264.0 -385.0 2110.7 0.9860500097 -0.1349897832 -0.0973815322 0.1214423180 0.9835510254 -0.1337127239 0.1138295606 0.1200211868 0.9862239957
11.5 -481.7 2142.2 0 0 0 0 0 0 0 0 0
142.7 -449.8 2144.9 0 0 0 0 0 0 0 0 0
-122.2 -757.6 2195.9 0 0 0 0 0 0 0 0 0
315.6 -761.0 2064.8 0 0 0 0 0 0 0 0 0
130.9 113.5 2341.4 09 0.9666653872 -0.0157231744 0.2555598021 -0.0700214878 0.9438297749 0.3229277432 -0.2462824136 -0.3300577402 0.9112666249
134.1 -76.7 2408.0 0.9666653872 -0.0157231744 0.2555598021 -0.0700214878 0.9438297749 0.3229277432 -0.2462824136 -0.3300577402 0.9112666249
136.4 -264.6 2472.8 0.9667003751 -0.0120051512 0.2556291819 -0.0724047199 0.9452541471 0.3182014823 -0.2454545945 -0.3261142671 0.9129082561
-2.0 -66.5 2442.5 -0.3115271628 -0.7972597480 0.5170374513 0.9263013005 -0.3761471510 -0.0218920298 0.2119358033 0.4721124768 0.8556827903
101.7 -374.8 2372.0 0.3304929137 -0.7972597480 0.5051250458 0.3824757040 -0.3761471510 -0.8439345956 0.8628364801 0.4721124768 0.1806185246
270.1 -86.9 2373.4 0.0373347439 0.7054001093 0.7078254223 -0.9748610854 0.1814100295 -0.1293687075 -0.2196633369 -0.6852015257 0.6944400072
279.0 -318.8 2321.2 -0.5312095284 0.7054001093 0.4692836702 -0.5047200918 0.1814100295 -0.8440071344 -0.6804955006 -0.6852015257 0.2596628666
50.2 -445.5 2559.4 0.8652255535 0.5013796091 0.0018070323 0.1032466814 -0.1746425629 -0.9792038202 -0.4906372130 0.8474187255 -0.2028709799
-150.8 -375.5 2219.6 0.8652255535 -0.0808435082 0.4948222637 0.1032466814 0.9944919348 -0.0180538520 -0.4906372130 0.0667094141 0.8688066602
227.5 -459.2 2515.1 0.9866098762 -0.0869578049 0.1379830390 0.1202167943 -0.1840144843 -0.9755442739 0.1102220640 0.9790694714 -0.1710967124
263.5 -383.1 2110.5 0.9866098762 -0.1333003342 -0.0939787254 0.1202167943 0.9837566614 -0.1333070099 0.1102220640 0.1202241927 0.9866089821
13.5 -476.8 2141.8 0 0 0 0 0 0 0 0 0
140.7 -450.2 2144.0 0 0 0 0 0 0 0 0 0
-119.9 -755.7 2194.1 0 0 0 0 0 0 0 0 0
314.4 -759.2 2064.6 0 0 0 0 0 0 0 0 0
131.7 111.6 2340.6 10 0.9680516124 -0.0165255796 0.2502058744 -0.0675316602 0.9437755346 0.3236157894 -0.2414861172 -0.3301736116 0.9125074744
135.0 -78.4 2407.1 0.9680516124 -0.0165255796 0.2502058744 -0.0675316602 0.9437755346 0.3236157894 -0.2414861172 -0.3301736116 0.9125074744
137.3 -266.2 2472.3 0.9681100249 -0.0115811331 0.2502577007 -0.0714541525 0.9446738958 0.3201335371 -0.2401194274 -0.3278064132 0.9137207270
-1.2 -68.4 2440.9 -0.3090285361 -0.8116201162 0.4957561791 0.9302247167 -0.3664416969 -0.0200611912 0.1979478002 0.4549651742 0.8682299852
99.2 -370.6 2376.6 0.3130117357 -0.8116201162 0.4932509363 0.3847910464 -0.3664416969 -0.8471459746 0.8683084249 0.4549651742 0.1976035833
271.3 -88.5 2373.3 0.0374464989 0.7105978727 0.7026011348 -0.9772781134 0.1728287190 -0.1227098480 -0.2086270154 -0.6820417047 0.7009236217
280.0 -317.6 2324.4 -0.5305637717 0.7105978727 0.4621176124 -0.5050473809 0.1728287190 -0.8456106186 -0.6807563305 -0.6820417047 0.2671889663
50.8 -447.3 2559.1 0.8704565763 0.4922132790 0.0056109736 0.1037301198 -0.1722753495 -0.9795719981 -0.4811916947 0.8532568812 -0.2010155469
-146.6 -378.2 2216.8 0.8704565763 -0.0818359554 0.4853949547 0.1037301198 0.9944360256 -0.0183601826 -0.4811916947 0.0663318187 0.8741021752
228.4 -460.6 2515.4 0.9858313799 -0.0919753760 0.1402749866 0.1218023747 -0.1824549884 -0.9756404757 0.1153287739 0.9789028168 -0.1686670333
266.5 -385.2 2110.9 0.9858313799 -0.1353294849 -0.0991083905 0.1218023747 0.9837723374 -0.1317427456 0.1153287739 0.1178044975 0.9863170981
14.6 -474.5 2142.1 0 0 0 0 0 0 0 0 0
141.9 -449.0 2147.2 0 0 0 0 0 0 0 0 0
-115.3 -758.4 2191.5 0 0 0 0 0 0 0 0 0
318.2 -761.3 2065.8 0 0 0 0 0 0 0 0 0
131.9 111.5 2339.7 11 0.9704757333 -0.0186927132 0.2404733151 -0.0626859665 0.9431862235 0.3262978196 -0.2329104990 -0.3317384124 0.9141675830
135.6 -78.5 2406.5 0.9704757333 -0.0186927132 0.2404733151 -0.0626859665 0.9431862235 0.3262978196 -0.2329104990 -0.3317384124 0.9141675830
138.7 -266.1 2472.3 0.9705256224 -0.0154670840 0.2405009866 -0.0654424652 0.9435266852 0.3247687221 -0.2319423258 -0.3309353590 0.9147046208
-1.0 -69.3 2439.2 -0.3140788972 -0.8130699396 0.4901751280 0.9309729934 -0.3649798930 -0.0088849766 0.1861281693 0.4535492361 0.8715786934
100.5 -370.1 2379.0 0.3133339584 -0.8130699396 0.4906516671 0.3822512031 -0.3649798930 -0.8489249945 0.8693134189 0.4535492361 0.1964363903
272.2 -87.7 2373.9 0.0232150517 0.7137845755 0.6999804378 -0.9765080810 0.1662251800 -0.1371171027 -0.2142264545 -0.6803534031 0.7008754015
277.7 -319.6 2323.0 -0.5318598747 0.7137845755 0.4556716084 -0.5033787489 0.1662251800 -0.8479263186 -0.6809808016 -0.6803534031 0.2708955109
52.7 -447.5 2559.2 0.8749900460 0.4839172065 0.0147155775 0.1083259806 -0.1660629511 -0.9801472425 -0.4718663990 0.8592131734 -0.1977242380
-141.4 -380.9 2214.5 0.8749900460 -0.0889163837 0.4759057462 0.1083259806 0.9940245152 -0.0134461289 -0.4718663990 0.0633181855 0.8793935180
230.8 -459.6 2516.8 0.9839771390 -0.0987564623 0.1484457254 0.1290487349 -0.1800148934 -0.9751620889 0.1230259985 0.9786939025 -0.1643861383
271.6 -385.2 2112.4 0.9839771390 -0.1431337148 -0.1063095182 0.1290487349 0.9831742048 -0.1292862892 0.1230259985 0.1134956405 0.9858921766
15.1 -474.3 2142.1 0 0 0 0 0 0 0 0 0
139.3 -450.7 2145.7 0 0 0 0 0 0 0 0 0
-107.4 -760.9 2190.3 0 0 0 0 0 0 0 0 0
326.3 -761.1 2069.0 0 0 0 0 0 0 0 0 0
130.1 112.5 2340.7 12 0.9702246785 -0.0205038805 0.2413373590 -0.0614727326 0.9429381490 0.3272442222 -0.2342759669 -0.3323360682 0.9136013985
134.3 -77.3 2407.6 0.9702246785 -0.0205038805 0.2413373590 -0.0614727326 0.9429381490 0.3272442222 -0.2342759669 -0.3323360682 0.9136013985
137.7 -264.7 2473.9 0.9702882767 -0.0172961131 0.2413328141 -0.0646461099 0.9426471591 0.3274709880 -0.2331556529 -0.3333424926 0.9135213494
-2.3 -68.2 2440.4 -0.3034758270 -0.8030380011 0.5128667951 0.9307478070 -0.3650658727 -0.0208676271 0.2039876580 0.4710168242 0.8582145572
98.0 -375.7 2373.0 0.3147495091 -0.8030380011 0.5060263872 0.4113266468 -0.3650658727 -0.8351869583 0.8554198742 0.4710168242 0.2154066563
270.8 -86.4 2374.8 0.0227873251 0.7015233636 0.7122820020 -0.9744133353 0.1749378592 -0.1411220878 -0.2236055285 -0.6908413172 0.6875600815
276.3 -320.7 2321.0 -0.5331082344 0.7015233636 0.4729276001 -0.5144936442 0.1749378592 -0.8394599557 -0.6716337204 -0.6908413172 0.2676684856
52.1 -446.1 2561.4 0.8748236895 0.4841708243 0.0161890462 0.1084059253 -0.1630839109 -0.9806384444 -0.4721563756 0.8596407771 -0.1951566637
-142.1 -380.7 2216.6 0.8748236895 -0.0900716707 0.4759943187 0.1084059253 0.9940443039 -0.0111363567 -0.4721563756 0.0613429509 0.8793778419
230.2 -458.0 2518.8 0.9839634299 -0.0971024558 0.1496232599 0.1307887137 -0.1776143759 -0.9753704071 0.1212861091 0.9792978168 -0.1620661318
270.3 -384.6 2114.1 0.9839634299 -0.1443990767 -0.1047134846 0.1307887137 0.9832534194 -0.1269136816 0.1212861091 0.1111830696 0.9863710999
11.8 -488.3 2138.9 0 0 0 0 0 0 0 0 0
137.5 -454.6 2146.2 0 0 0 0 0 0 0 0 0
-107.7 -760.7 2193.1 0 0 0 0 0 0 0 0 0
325.5 -760.5 2071.5 0 0 0 0 0 0 0 0 0
130.4 112.5 2339.8 13 0.9719542861 -0.0200828575 0.2343107164 -0.0606211908 0.9412790537 0.3321427405 -0.2272221446 -0.3370317519 0.9136627913
134.4 -76.7 2407.5 0.9719542861 -0.0200828575 0.2343107164 -0.0606211908 0.9412790537 0.3321427405 -0.2272221446 -0.3370317519 0.9136627913
137.9 -263.9 2474.5 0.9719992876 -0.0176315755 0.2343213260 -0.0628674850 0.9413183928 0.3316133618 -0.2264178246 -0.3370591402 0.9138523340
-2.4 -67.9 2439.4 -0.3088492155 -0.8097401857 0.4989318550 0.9323310256 -0.3614803553 -0.0095312623 0.1880719066 0.4622259140 0.8665888309
98.6 -372.7 2377.9 0.3100596666 -0.8097401857 0.4981805086 0.4051915109 -0.3614803553 -0.8397331834 0.8600481749 0.4622259140 0.2160193622
271.2 -85.6 2375.6 0.0203494020 0.6949605942 0.7187598348 -0.9730617404 0.1788946092 -0.1454219669 -0.2296447903 -0.6964384317 0.6798799634
276.1 -320.2 2320.3 -0.5335791707 0.6949605942 0.4819990396 -0.5209479332 0.1788946092 -0.8346316218 -0.6662631035 -0.6964384317 0.2665838599
52.2 -445.2 2562.3 0.8779945374 0.4782391787 0.0203188341 0.1090154350 -0.1584467888 -0.9813308716 -0.4660913944 0.8638182282 -0.1912508756
-139.6 -381.6 2215.7 0.8779945374 -0.0930816606 0.4695331156 0.1090154350 0.9940168262 -0.0067944624 -0.4660913944 0.0571518615 0.8828887343
230.6 -456.8 2520.7 0.9827709198 -0.1031738222 0.1533509642 0.1339440793 -0.1741504222 -0.9755668044 0.1273590922 0.9792991281 -0.1573304534
273.2 -384.8 2116.1 0.9827709198 -0.1478068084 -0.1109707281 0.1339440793 0.9832713008 -0.1234365404 0.1273590922 0.1064459682 0.9861282706
13.1 -484.4 2140.8 0 0 0 0 0 0 0 0 0
137.3 -455.8 2146.8 0 0 0 0 0 0 0 0 0
-104.0 -761.7 2193.8 0 0 0 0 0 0 0 0 0
329.8 -760.7 2075.4 0 0 0 0 0 0 0 0 0
130.4 112.2 2338.8 14 0.9710541964 -0.0217236076 0.2378694862 -0.0605087243 0.9410002828 0.3329522014 -0.2310681641 -0.3377078176 0.9124477506
134.8 -76.9 2406.6 0.9710541964 -0.0217236076 0.2378694862 -0.0605087243 0.9410002828 0.3329522014 -0.2310681641 -0.3377078176 0.9124477506
138.4 -264.0 2473.8 0.9711228609 -0.0182552543 0.2378804833 -0.0637427121 0.9409698248 0.3324343562 -0.2299070358 -0.3379977643 0.9126337171
-1.9 -67.9 2439.0 -0.3103377223 -0.8173964620 0.4853385985 0.9343577623 -0.3563263416 -0.0026649826 0.1751172841 0.4526528418 0.8743222356
98.0 -368.8 2382.6 0.3048423231 -0.8173964620 0.4888089895 0.3991780281 -0.3563263416 -0.8448008299 0.8647127151 0.4526528418 0.2176633477
271.4 -85.9 2374.3 0.0210461114 0.6999043822 0.7139264345 -0.9742419720 0.1747195721 -0.1425679028 -0.2245208174 -0.6925365925 0.6855534315
276.5 -319.5 2320.4 -0.5303173661 0.6999043822 0.4784321785 -0.5223743916 0.1747195721 -0.8346245289 -0.6677488089 -0.6925365925 0.2729552984
52.9 -445.2 2562.1 0.8765153289 0.4809958935 0.0190732181 0.1079639718 -0.1578200459 -0.9815480709 -0.4691104591 0.8624011874 -0.1902619153
-140.1 -381.9 2216.1 0.8765153289 -0.0921874270 0.4724640846 0.1079639718 0.9941347241 -0.0063186954 -0.4691104591 0.0565475300 0.8813272715
231.1 -456.9 2519.9 0.9833167195 -0.0996944234 0.1521487087 0.1334480196 -0.1730308831 -0.9758339524 0.1236116290 0.9798578024 -0.1568401456
272.3 -385.4 2115.0 0.9833167195 -0.1467878371 -0.1074315533 0.1334480196 0.9834783077 -0.1223195791 0.1236116290 0.1059423611 0.9866592288
13.6 -479.3 2143.2 0 0 0 0 0 0 0 0 0
138.4 -455.4 2146.6 0 0 0 0 0 0 0 0 0
-104.8 -761.9 2194.4 0 0 0 0 0 0 0 0 0
328.4 -761.4 2074.5 0 0 0 0 0 0 0 0 0
130.5 110.0 2338.8 15 0.9672744274 -0.0169827882 0.2531635761 -0.0695447624 0.9418035746 0.3288913965 -0.2440158576 -0.3357344270 0.9098014235
133.9 -79.6 2406.4 0.9672744274 -0.0169827882 0.2531635761 -0.0695447624 0.9418035746 0.3288913965 -0.2440158576 -0.3357344270 0.9098014235
136.6 -267.1 2472.4 0.9673108459 -0.0134927817 0.2532343268 -0.0717998892 0.9431512356 0.3245158494 -0.2432168722 -0.3320899010 0.9113516808
-2.2 -69.5 2440.6 -0.3157614172 -0.8125823736 0.4899027050 0.9334741831 -0.3585782349 0.0069009149 0.1700608879 0.4594905376 0.8717498183
97.8 -365.1 2386.7 0.3272436857 -0.8125823736 0.4823084772 0.3716870546 -0.3585782349 -0.8563120961 0.8687694073 0.4594905376 0.1846838593
270.1 -89.6 2372.1 0.0213251002 0.6990719438 0.7147332430 -0.9748378396 0.1732055843 -0.1403245926 -0.2218927890 -0.6937565804 0.6851754189
275.1 -320.8 2319.5 -0.5263547897 0.6990719438 0.4839927852 -0.5320581794 0.1732055843 -0.8288027048 -0.6632229686 -0.6937565804 0.2807793319
50.5 -448.0 2560.7 0.8713324666 0.4906449914 0.0068679266 0.1022172496 -0.1678019017 -0.9805070758 -0.4799284637 0.8550497293 -0.1963636279
-146.3 -380.6 2217.7 0.8713324666 -0.0815880224 0.4838626683 0.1022172496 0.9946275949 -0.0163590163 -0.4799284637 0.0637132525 0.8749910593
228.0 -461.1 2516.1 0.9861367345 -0.0883980542 0.1404285431 0.1230609789 -0.1780994087 -0.9762871265 0.1113121212 0.9800338745 -0.1647520065
264.6 -387.5 2111.1 0.9861367345 -0.1356561631 -0.0955604464 0.1230609789 0.9842084646 -0.1272387654 0.1113121212 0.1137150526 0.9872580767
8.0 -467.1 2148.3 0 0 0 0 0 0 0 0 0
138.1 -459.3 2146.9 0 0 0 0 0 0 0 0 0
-115.1 -760.9 2193.3 0 0 0 0 0 0 0 0 0
316.4 -763.8 2067.6 0 0 0 0 0 0 0 0 0
131.7 112.0 2340.3 16 0.9690997601 -0.0113815339 0.2464063019 -0.0709669739 0.9438356161 0.3227043152 -0.2362399101 -0.3302193880 0.9138631821
134.0 -78.1 2406.8 0.9690997601 -0.0113815339 0.2464063019 -0.0709669739 0.9438356161 0.3227043152 -0.2362399101 -0.3302193880 0.9138631821
135.8 -265.9 2472.2 0.9691166282 -0.0093329074 0.2464261502 -0.0725025013 0.9443358183 0.3208944201 -0.2357039303 -0.3288506269 0.9144948721
-2.4 -67.9 2440.0 -0.3118213415 -0.8177572489 0.4837774038 0.9361702800 -0.3514215648 0.0093851918 0.1623350084 0.4558245242 0.8751407862
97.7 -368.6 2387.8 0.3427594602 -0.8177572489 0.4623732865 0.3388735950 -0.3514215648 -0.8727356791 0.8761738539 0.4558245242 0.1566632688
270.4 -88.3 2373.6 0.0276128687 0.6932542324 0.7201639414 -0.9734090567 0.1825406402 -0.1383969039 -0.2274034321 -0.6971925497 0.6798604727
277.0 -322.0 2319.0 -0.5329887867 0.6932542324 0.4850994945 -0.5212944746 0.1825406402 -0.8336251974 -0.6664646268 -0.6971925497 0.2640974820
48.8 -446.9 2559.2 0.8753464818 0.4834460616 0.0069590439 0.1025532037 -0.1715827286 -0.9798174500 -0.4724948108 0.8583934307 -0.1997732818
-145.2 -378.1 2214.8 0.8753464818 -0.0805445686 0.4767400622 0.1025532037 0.9945208430 -0.0202759020 -0.4724948108 0.0666396618 0.8788104653
226.6 -460.3 2515.9 0.9854033589 -0.0965269208 0.1402240992 0.1211096272 -0.1813687235 -0.9759292006 0.1196357086 0.9786664248 -0.1670310050
266.5 -385.3 2111.5 0.9854033589 -0.1350385398 -0.1036573052 0.1211096272 0.9840103984 -0.1305985749 0.1196357086 0.1161383763 0.9860016108
5.5 -459.7 2152.0 0 0 0 0 0 0 0 0 0
138.3 -457.6 2145.6 0 0 0 0 0 0 0 0 0
-114.4 -758.3 2189.3 0 0 0 0 0 0 0 0 0
318.1 -761.5 2067.1 0 0 0 0 0 0 0 0 0
131.5 110.3 2340.5 17 0.9699480534 -0.0105108451 0.2430849075 -0.0710006729 0.9433566332 0.3240943253 -0.2327222824 -0.3316138387 0.9142606854
133.6 -79.3 2407.2 0.9699480534 -0.0105108451 0.2430849075 -0.0710006729 0.9433566332 0.3240943253 -0.2327222824 -0.3316138387 0.9142606854
134.9 -267.1 2472.6 0.9699748755 -0.0065421415 0.2431172431 -0.0739654303 0.9443512559 0.3205148578 -0.2316849381 -0.3288736343 0.9155130982
-2.9 -68.9 2439.8 -0.3116711974 -0.8173342943 0.4845881760 0.9347483516 -0.3553051949 0.0019212799 0.1706063598 0.4535668194 0.8747403026
98.1 -371.7 2384.5 0.3339078724 -0.8173342943 0.4695425034 0.3494378924 -0.3553051949 -0.8669782877 0.8754420280 0.4535668194 0.1669683754
270.2 -89.7 2374.6 0.0272664111 0.6993218660 0.7142866850 -0.9731813669 0.1818474084 -0.1408883929 -0.2284175158 -0.6912889481 0.6855253577
276.6 -321.2 2320.3 -0.5334359407 0.6993218660 0.4758098722 -0.5109809041 0.1818474084 -0.8401368856 -0.6740509272 -0.6912889481 0.2603361905
47.2 -448.0 2559.2 0.8774678111 0.4795937240 0.0063343020 0.1012467891 -0.1723005772 -0.9798273444 -0.4688276350 0.8604082465 -0.1997455209
-145.2 -378.9 2214.0 0.8774678111 -0.0793159828 0.4730319679 0.1012467891 0.9946389198 -0.0210345816 -0.4688276350 0.0663501322 0.8807941079
225.2 -461.6 2516.7 0.9850815535 -0.1008489728 0.1394411623 0.1196240932 -0.1812102795 -0.9761418700 0.1237110719 0.9782598615 -0.1664429456
266.9 -386.7 2112.4 0.9850815535 -0.1340368539 -0.1079280972 0.1196240932 0.9842097163 -0.1304655224 0.1237110719 0.1156083792 0.9855608940
9.0 -464.9 2151.0 0 0 0 0 0 0 0 0 0
137.8 -454.2 2144.8 0 0 0 0 0 0 0 0 0
-114.9 -759.2 2188.6 0 0 0 0 0 0 0 0 0
318.2 -763.0 2068.2 0 0 0 0 0 0 0 0 0
132.1 110.3 2339.7 18 0.9682567716 -0.0100155873 0.2497569770 -0.0749990791 0.9415172935 0.3285121918 -0.2384407669 -0.3368157148 0.9108793736
134.1 -79.2 2407.5 0.9682567716 -0.0100155873 0.2497569770 -0.0749990791 0.9415172935 0.3285121918 -0.2384407669 -0.3368157148 0.9108793736
135.0 -266.7 2473.5 0.9682870507 -0.0043230108 0.2498029321 -0.0789813772 0.9432781935 0.3224720061 -0.2370277047 -0.3319752514 0.9130226374
-2.2 -68.1 2440.8 -0.3031069636 -0.8357110620 0.4579445422 0.9334108233 -0.3571917117 -0.0340340696 0.1920166463 0.4171344340 0.8883290291
97.5 -375.1 2377.7 0.2879697084 -0.8357110620 0.4676114917 0.3617373109 -0.3571917117 -0.8611388803 0.8866902590 0.4171344340 0.1994474828
270.4 -90.3 2374.1 0.0228618719 0.7051959038 0.7086437941 -0.9738143086 0.1760818660 -0.1438084841 -0.2261924744 -0.6867997646 0.6907554269
275.8 -321.5 2320.4 -0.5373131037 0.7051959038 0.4625941515 -0.4992855191 0.1760818660 -0.8483567238 -0.6797121763 -0.6867997646 0.2574830353
47.0 -447.0 2561.2 0.8751831055 0.4837909341 0.0009097006 0.0958560407 -0.1715609431 -0.9804990888 -0.4742004871 0.8582034707 -0.1965215355
-147.1 -378.2 2216.9 0.8751831055 -0.0745984837 0.4780058265 0.0958560407 0.9951903820 -0.0201920141 -0.4742004871 0.0634914562 0.8781245351
224.6 -462.3 2517.1 0.9822115302 -0.1127881408 0.1501310021 0.1281819493 -0.1815358549 -0.9749944210 0.1372219622 0.9768948555 -0.1638492048
271.9 -386.0 2106.7 0.9822115302 -0.1395648718 -0.1256269515 0.1281819493 0.9872310758 -0.0945735127 0.1372219622 0.0767880902 0.9875594974
20.8 -471.4 2141.6 0 0 0 0 0 0 0 0 0
136.0 -451.4 2143.5 0 0 0 0 0 0 0 0 0
-118.6 -758.6 2192.6 0 0 0 0 0 0 0 0 0
325.3 -763.2 2077.3 0 0 0 0 0 0 0 0 0
131.0 111.4 2339.7 19 0.9694677591 -0.0163533054 0.2446729541 -0.0673210248 0.9416872859 0.3296860754 -0.2357968688 -0.3360916376 0.9118345380
134.3 -78.1 2407.3 0.9694677591 -0.0163533054 0.2446729541 -0.0673210248 0.9416872859 0.3296860754 -0.2357968688 -0.3360916376 0.9118345380
136.8 -265.5 2473.6 0.9695093632 -0.0126697076 0.2447266430 -0.0700210184 0.9427039027 0.3261999488 -0.2348376215 -0.3333899081 0.9130730629
-2.1 -68.2 2440.4 -0.3073690832 -0.8347886205 0.4567846656 0.9342097044 -0.3560421467 -0.0220514145 0.1810428649 0.4199547172 0.8893039227
97.6 -371.4 2381.6 0.2757567763 -0.8347886205 0.4765356183 0.3898121417 -0.3560421467 -0.8492823243 0.8786379695 0.4199547172 0.2272297144
270.7 -87.9 2374.3 0.0189865362 0.7035254240 0.7104163766 -0.9736012220 0.1746625006 -0.1469479054 -0.2274646908 -0.6888722181 0.6882694960
275.3 -321.7 2319.7 -0.5413719416 0.7035254240 0.4604001939 -0.4962526858 0.1746625006 -0.8504271507 -0.6787117720 -0.6888722181 0.2545689940
46.8 -446.5 2562.2 0.8657637835 0.4980417192 0.0490658954 0.1119822711 -0.0972346067 -0.9889415503 -0.4877632558 0.8616843224 -0.1399540454
-156.0 -406.9 2211.3 0.8657637835 -0.1134603545 0.4874215722 0.1119822711 0.9931855798 0.0322862081 -0.4877632558 0.0266303401 0.8725696802
224.3 -461.8 2517.9 0.9804180861 -0.1170893013 0.1583366692 0.1360604614 -0.1785033494 -0.9744865894 0.1423655748 0.9769476056 -0.1590766907
274.5 -385.4 2099.3 0.9804180861 -0.1430506557 -0.1353400052 0.1360604614 0.9889056087 -0.0596088693 0.1423655748 0.0400271900 0.9890044928
23.8 -475.7 2146.6 0 0 0 0 0 0 0 0 0
134.4 -450.9 2143.0 0 0 0 0 0 0 0 0 0
-112.7 -786.1 2201.1 0 0 0 0 0 0 0 0 0
329.1 -763.0 2084.0 0 0 0 0 0 0 0 0 0
130.3 111.2 2338.7 20 0.9702463150 -0.0200919267 0.2412849218 -0.0640658662 0.9397267103 0.3358709514 -0.2334901690 -0.3413356841 0.9104791284
134.4 -77.7 2407.4 0.9702463150 -0.0200919267 0.2412849218 -0.0640658662 0.9397267103 0.3358709514 -0.2334901690 -0.3413356841 0.9104791284
137.4 -264.7 2474.7 0.9703148603 -0.0154654523 0.2413501889 -0.0676905364 0.9406993985 0.3324193656 -0.2321789861 -0.3388885558 0.9117277265
-2.2 -68.2 2440.0 -0.2988473177 -0.8104037642 0.5039206147 0.9326767921 -0.3598089814 -0.0255250223 0.2020007223 0.4623669684 0.8633727431
94.6 -370.4 2374.6 0.2909956872 -0.8104037642 0.5084950328 0.4377613962 -0.3598089814 -0.8239553571 0.8506976366 0.4623669684 0.2500606179
270.9 -87.2 2374.7 0.0222169887 0.7002258301 0.7135756612 -0.9734581113 0.1777731776 -0.1441389769 -0.2277844548 -0.6914336681 0.6855900884
276.2 -319.9 2320.3 -0.5360119939 0.7002258301 0.4715664685 -0.5088123679 0.1777731776 -0.8423221707 -0.6736476421 -0.6914336681 0.2609950006
50.3 -446.2 2562.0 0.8549088836 0.5125516653 0.0801349357 0.1257641166 -0.0549017936 -0.9905398488 -0.5033032894 0.8568993807 -0.1113966331
-162.9 -423.4 2205.4 0.8549088836 -0.1488785297 0.4969567657 0.1257641166 0.9888384938 0.0798861757 -0.5033032894 -0.0057960725 0.8640903831
227.6 -459.2 2520.6 0.9807605743 -0.1117520779 0.1600629091 0.1402117312 -0.1672476828 -0.9758939147 0.1358283162 0.9795609713 -0.1483609825
275.8 -387.0 2097.5 0.9807605743 -0.1437346041 -0.1320947558 0.1402117312 0.9894797802 -0.0356436819 0.1358283162 0.0164366849 0.9905960560
16.7 -487.7 2146.7 0 0 0 0 0 0 0 0 0
136.7 -452.3 2144.9 0 0 0 0 0 0 0 0 0
-106.1 -800.7 2207.6 0 0 0 0 0 0 0 0 0
330.7 -765.0 2091.2 0 0 0 0 0 0 0 0 0
130.1 110.7 2338.8 21 0.9679605365 -0.0234927647 0.2500010729 -0.0643314645 0.9391836524 0.3373359144 -0.2427218556 -0.3426107764 0.9075813890
134.9 -78.4 2407.8 0.9679605365 -0.0234927647 0.2500010729 -0.0643314645 0.9391836524 0.3373359144 -0.2427218556 -0.3426107764 0.9075813890
138.6 -265.2 2475.6 0.9680526853 -0.0186061487 0.2500556409 -0.0684447214 0.9397646785 0.3348994553 -0.2412246615 -0.3413152993 0.9084682465
-1.4 -68.8 2441.7 -0.2972521186 -0.8186591268 0.4913638234 0.9351261854 -0.3535457850 -0.0233335085 0.1928218007 0.4525512457 0.8706417680
94.2 -369.5 2379.7 0.2940652668 -0.8186591268 0.4932776690 0.4188060760 -0.3535457850 -0.8364250660 0.8591432571 0.4525512457 0.2388938665
271.1 -88.0 2373.8 0.0215833746 0.7075447440 0.7063388824 -0.9756700397 0.1690868735 -0.1395623088 -0.2181792110 -0.6861414313 0.6939796805
276.2 -320.5 2321.8 -0.5360897779 0.7075447440 0.4604217708 -0.5041818023 0.1690868735 -0.8468827009 -0.6770586967 -0.6861414313 0.2660854459
51.4 -445.4 2563.7 0.8557979465 0.5106582642 0.0826922581 0.1217002198 -0.0433785580 -0.9916185737 -0.5027911067 0.8586888313 -0.0992705002
-161.4 -427.3 2205.8 0.8557979465 -0.1425012499 0.4972959161 0.1217002198 0.9897901416 0.0741923153 -0.5027911067 -0.0029726089 0.8644028306
230.1 -459.0 2521.2 0.9825631976 -0.0988889486 0.1574502736 0.1402657777 -0.1616227776 -0.9768334627 0.1220455840 0.9818854332 -0.1449338496
273.0 -388.9 2095.4 0.9825631976 -0.1420858502 -0.1199217439 0.1402657777 0.9898343086 -0.0235275440 0.1220455840 0.0062963828 0.9925045371
15.1 -482.2 2148.5 0 0 0 0 0 0 0 0 0
136.7 -451.7 2145.6 0 0 0 0 0 0 0 0 0
-106.9 -805.4 2207.0 0 0 0 0 0 0 0 0 0
327.3 -767.1 2093.0 0 0 0 0 0 0 0 0 0
131.1 110.4 2338.8 22 0.9680526257 -0.0155548677 0.2502640784 -0.0725744367 0.9379736781 0.3390256166 -0.2400145978 -0.3463574350 0.9068790078
134.2 -78.2 2408.4 0.9680526257 -0.0155548677 0.2502640784 -0.0725744367 0.9379736781 0.3390256166 -0.2400145978 -0.3463574350 0.9068790078
136.3 -264.8 2476.9 0.9681065679 -0.0107901637 0.2503063977 -0.0764130205 0.9387539029 0.3360091746 -0.2386017144 -0.3444193304 0.9079892635
-2.1 -67.5 2442.0 -0.2872302830 -0.8028174639 0.5224776268 0.9338296652 -0.3561154306 -0.0338226222 0.2132157385 0.4781902134 0.8519819379
92.5 -375.1 2371.8 0.3133406937 -0.8028174639 0.5072491169 0.4303393960 -0.3561154306 -0.8294515014 0.8465374112 0.4781902134 0.2338985354
270.4 -89.0 2374.8 0.0228124466 0.7010283470 0.7127684355 -0.9742553234 0.1755388081 -0.1414660364 -0.2242902219 -0.6911913157 0.6869850755
275.9 -321.0 2321.4 -0.5419909358 0.7010283470 0.4634706974 -0.4987634122 0.1755388081 -0.8487762809 -0.6763733029 -0.6911913157 0.2545068562
53.4 -445.7 2565.7 0.8596883416 0.5068894029 0.0632377565 0.1073554084 -0.0582531802 -0.9925126433 -0.4994103611 0.8600404859 -0.1044969037
-158.5 -421.4 2206.2 0.8596883416 -0.1248433739 0.4953282177 0.1073554084 0.9921751618 0.0637441948 -0.4994103611 -0.0016239816 0.8663640618
231.4 -458.8 2521.5 0.9821177125 -0.1014535725 0.1585938632 0.1404485852 -0.1661621779 -0.9760452509 0.1253755689 0.9808655977 -0.1489418000
275.2 -387.1 2098.1 0.9821177125 -0.1442739218 -0.1209540367 0.1404485852 0.9892948866 -0.0396216437 0.1253755689 0.0219252948 0.9918670654
8.0 -491.1 2143.4 0 0 0 0 0 0 0 0 0
134.8 -450.8 2145.4 0 0 0 0 0 0 0 0 0
-110.8 -800.4 2206.8 0 0 0 0 0 0 0 0 0
330.3 -765.2 2089.7 0 0 0 0 0 0 0 0 0
130.5 114.3 2338.3 23 0.9682924151 -0.0152676599 0.2493525147 -0.0724490136 0.9380744100 0.3387735486 -0.2390834838 -0.3460972011 0.9072242379
133.5 -74.9 2408.1 0.9682924151 -0.0152676599 0.2493525147 -0.0724490136 0.9380744100 0.3387735486 -0.2390834838 -0.3460972011 0.9072242379
135.8 -261.6 2476.3 0.9683331251 -0.0113704186 0.2494027317 -0.0753151104 0.9391196370 0.3352340758 -0.2380307615 -0.3434020579 0.9085242748
-2.8 -64.3 2441.6 -0.2960895002 -0.8113534451 0.5040203929 0.9354133010 -0.3530548513 -0.0188210588 0.1932173818 0.4658946693 0.8634866476
95.7 -375.3 2377.3 0.3157224059 -0.8113534451 0.4919602871 0.4060872793 -0.3530548513 -0.8428792357 0.8575619459 0.4658946693 0.2180129886
269.8 -85.5 2374.6 0.0250087325 0.7047702074 0.7089947462 -0.9753059745 0.1728782356 -0.1374456882 -0.2194373906 -0.6880494952 0.6916900873
275.9 -321.0 2321.6 -0.5420765877 0.7047702074 0.4576591849 -0.4944295287 0.1728782356 -0.8518524170 -0.6794795394 -0.6880494952 0.2547459602
51.1 -442.0 2565.7 0.8657554984 0.4967206717 0.0611228868 0.1060306653 -0.0626895726 -0.9923847914 -0.4891062677 0.8656434417 -0.1069414616
-155.9 -415.9 2204.9 0.8657554984 -0.1205519810 0.4857310653 0.1060306653 0.9927053452 0.0573897138 -0.4891062677 0.0018169280 0.8722223043
228.9 -455.4 2521.8 0.9800802469 -0.1113729402 0.1644346714 0.1441392750 -0.1706919372 -0.9747246504 0.1366256177 0.9790098667 -0.1512385905
277.2 -381.5 2097.8 0.9800802469 -0.1498612016 -0.1303238720 0.1441392750 0.9881724715 -0.0523361973 0.1366256177 0.0325088836 0.9900891781
10.7 -484.5 2146.6 0 0 0 0 0 0 0 0 0
134.8 -449.7 2144.7 0 0 0 0 0 0 0 0 0
-109.9 -795.3 2204.2 0 0 0 0 0 0 0 0 0
334.4 -759.2 2085.4 0 0 0 0 0 0 0 0 0
129.5 113.1 2339.0 24 0.9690616727 -0.0156003088 0.2463251650 -0.0708710849 0.9383866191 0.3382422626 -0.2364249229 -0.3452349305 0.9082489014
132.7 -75.8 2408.5 0.9690616727 -0.0156003088 0.2463251650 -0.0708710849 0.9383866191 0.3382422626 -0.2364249229 -0.3452349305 0.9082489014
135.1 -262.4 2476.9 0.9691013098 -0.0123751806 0.2463524193 -0.0735298619 0.9388394952 0.3364131451 -0.2354485393 -0.3441326916 0.9089205861
-3.7 -65.4 2441.6 -0.3044214845 -0.8150358200 0.4929951131 0.9347171783 -0.3552482128 -0.0101259211 0.1833886206 0.4577284455 0.8699731231
96.9 -374.4 2381.0 0.3188127875 -0.8150358200 0.4838130176 0.3846873045 -0.3552482128 -0.8519474268 0.8662413359 0.4577284455 0.2002762556
269.1 -86.1 2375.4 0.0356116220 0.6875271797 0.7252848744 -0.9730725288 0.1892349869 -0.1316055357 -0.2277316600 -0.7010681033 0.6757527590
277.6 -319.4 2320.8 -0.5451983213 0.6875271797 0.4796511233 -0.5031903982 0.1892349869 -0.8432019353 -0.6704910398 -0.7010681033 0.2427864969
49.6 -442.6 2566.6 0.8696848154 0.4897149801 0.0618676133 0.1060813516 -0.0630213395 -0.9923583269 -0.4820737541 0.8696019650 -0.1067583263
-154.2 -416.4 2204.7 0.8696848154 -0.1199937463 0.4788004458 0.1060813516 0.9927726388 0.0561176836 -0.4820737541 0.0019871036 0.8761283755
227.5 -455.9 2523.3 0.9784653783 -0.1182514429 0.1691805422 0.1476357281 -0.1718734801 -0.9739934206 0.1442537755 0.9779959917 -0.1507141143
278.8 -381.3 2099.0 0.9784653783 -0.1543099284 -0.1370908618 0.1476357281 0.9873602986 -0.0576482713 0.1442537755 0.0361673273 0.9888795614
11.2 -477.9 2148.0 0 0 0 0 0 0 0 0 0
135.7 -450.3 2146.3 0 0 0 0 0 0 0 0 0
-108.3 -795.9 2203.9 0 0 0 0 0 0 0 0 0
337.8 -758.8 2085.2 0 0 0 0 0 0 0 0 0
129.6 112.0 2338.9 25 0.9716651440 -0.0215522107 0.2353771180 -0.0599067844 0.9408617616 0.3334520757 -0.2286439538 -0.3381044269 0.9129114747
134.0 -77.4 2407.0 0.9716651440 -0.0215522107 0.2353771180 -0.0599067844 0.9408617616 0.3334520757 -0.2286439538 -0.3381044269 0.9129114747
137.3 -264.6 2473.9 0.9717511535 -0.0165264066 0.2354284674 -0.0641595945 0.9414775372 0.3309132457 -0.2271194309 -0.3366703391 0.9138215780
-2.8 -68.4 2438.9 -0.3195231259 -0.8012253642 0.5059080124 0.9306941628 -0.3656961024 0.0086445026 0.1780823916 0.4736077487 0.8625441194
99.6 -366.6 2381.9 0.3249312341 -0.8012253642 0.5024515986 0.3987245262 -0.3656961024 -0.8410024643 0.8575770855 0.4736077487 0.2006421089
270.7 -86.5 2375.0 0.0348327048 0.6901905537 0.7227888107 -0.9744596481 0.1839972138 -0.1287375689 -0.2218445837 -0.6998443007 0.6789720058
